{
  "Z_true": {},
  "V_true": [
    [874, 56, 124, 1029, 18],
    [78, 162, 1886, 462, 79],
    [66, 188, 5588, 349, 62],
    [329, 171, 403, 17369, 159],
    [105, 1666, 1090, 944, 51],
    [53, 109, 336, 334, 165]
  ],
  "p_true": [
    [0.416, 0.0267, 0.059, 0.4898, 0.0086],
    [0.0292, 0.0607, 0.7072, 0.1732, 0.0296],
    [0.0106, 0.0301, 0.8937, 0.0558, 0.0099],
    [0.0179, 0.0093, 0.0219, 0.9424, 0.0086],
    [0.0272, 0.4321, 0.2827, 0.2448, 0.0132],
    [0.0532, 0.1093, 0.337, 0.335, 0.1655]
  ],
  "Z_est": {},
  "V_est": [
    [802.9318, 66.6178, 341.4167, 812.9397, 77.0939],
    [42.3263, 0, 1844.115, 633.7556, 146.8031],
    [0, 0, 6253, 0, 0],
    [0, 0, 0, 18431, 0],
    [659.7419, 2285.3822, 770.6966, 128.6796, 11.4997],
    [0, 0, 217.7718, 480.625, 298.6032]
  ],
  "p_est": [
    [0.3822, 0.0317, 0.1625, 0.3869, 0.0367],
    [0.0159, 0, 0.6915, 0.2376, 0.055],
    [0, 0, 1, 0, 0],
    [0, 0, 0, 1, 0],
    [0.1711, 0.5927, 0.1999, 0.0334, 0.003],
    [0, 0, 0.2184, 0.4821, 0.2995]
  ],
  "EI_Z": {},
  "EI_V": 10.809,
  "MAE_Z": {},
  "MAE_V": 247.2026,
  "MAE_p": 0.0651,
  "runtime": 0.0515
}
