{
  "Z_true": {},
  "V_true": [
    [43, 2947, 148, 3368, 92],
    [972, 217, 684, 176, 69],
    [540, 1036, 6187, 1010, 438],
    [81, 1809, 113, 7207, 195],
    [79, 506, 275, 884, 229],
    [24, 421, 223, 752, 421],
    [92, 123, 314, 166, 342]
  ],
  "p_true": [
    [0.0065, 0.4467, 0.0224, 0.5105, 0.0139],
    [0.4589, 0.1025, 0.3229, 0.0831, 0.0326],
    [0.0586, 0.1125, 0.6717, 0.1097, 0.0476],
    [0.0086, 0.1923, 0.012, 0.7663, 0.0207],
    [0.04, 0.2565, 0.1394, 0.448, 0.1161],
    [0.013, 0.2287, 0.1211, 0.4085, 0.2287],
    [0.0887, 0.1186, 0.3028, 0.1601, 0.3298]
  ],
  "Z_est": [
    [
      [0.0031, 0.0023, 0.7877, 0.0288, 0.0204, 0.026, 0.0236, 0.0235, 0, 0, 0.0207, 0.0143, 0.0092, 0.0074, 0.0229, 0.0165, 0, 0.0295, 0, 0.0161, 0.0342, 0.0175, 0, 0.0399, 0.0203, 0, 0.0728, 0, 0.0041, 0, 0.0096, 0.0818, 0.0182],
      [17.6547, 13.4175, 8.4742, 165.2476, 117.2269, 149.0053, 135.5878, 201.2631, 146.1805, 18.3608, 118.6393, 81.9176, 52.964, 42.3712, 131.3506, 94.629, 5.6505, 169.4847, 395.4643, 92.5104, 194.0579, 100.2784, 351.8601, 230.4119, 117.2246, 147.9443, 173.7218, 230.2167, 23.3041, 262.6128, 55.0825, 469.6138, 104.5156],
      [0.124, 3.1192, 0.0595, 1.161, 0.8236, 1.0469, 0.9526, 1.414, 1.027, 0.129, 0.8335, 0.5755, 0.3721, 0.2977, 0.9228, 0.6648, 0.0397, 1.1908, 2.7784, 0.65, 0, 0.7045, 0, 0, 0, 0, 0, 0, 0.1637, 11.6855, 0.387, 3.2994, 0.7343],
      [7.1904, 2.4398, 0.467, 67.3022, 47.7443, 60.687, 55.2223, 81.9822, 59.562, 5.5613, 48.3195, 33.3635, 21.5712, 17.257, 53.4966, 38.5406, 2.3009, 69.0279, 161.0651, 37.6777, 83.5984, 40.8415, 144.1399, 93.1876, 47.5715, 59.8242, 72.2054, 95.4204, 9.4913, 159.7017, 22.4341, 191.2648, 42.5672],
      [0.0278, 0.0211, 2.2115, 0.2605, 0.1848, 0.2349, 0.2137, 0.3172, 0.2304, 1.9489, 0.187, 0.1291, 0.0835, 0.0668, 0.207, 0.1492, 0.0089, 0.2671, 0.6922, 0.1458, 0.3094, 0.1581, 0, 0.3606, 0.1837, 0.2315, 0, 0.3629, 0.0367, 0, 0.0868, 0.7402, 0.1647]
    ],
    [
      [29.1294, 7.2824, 8.7388, 54.6177, 37.8683, 45.8789, 34.9553, 50.9765, 49, 14.883, 28.4012, 40.053, 39.3247, 56.0742, 118.7025, 94.6707, 2, 70.6389, 98, 17.4777, 22.5753, 28.4012, 48.7918, 37.14, 19.6624, 21.1188, 14.5647, 53, 5.8259, 42, 18.2059, 251.9697, 56.0742],
      [0.2065, 0.0516, 0.0619, 0.3871, 0.2684, 0.3252, 0.2478, 0.3613, 0.3562, 0.1239, 0.2013, 0.2839, 0.2787, 0.3975, 0.8414, 0.671, 0.9336, 0.5007, 2.4755, 0.1239, 0.16, 0.2013, 0.3458, 0.2632, 0.1394, 0.1497, 0.1032, 0.4181, 0.0413, 0.382, 0.129, 1.786, 0.3975],
      [10.5043, 2.4504, 2.9405, 18.3782, 12.7422, 15.4377, 11.7621, 17.153, 16.908, 8.4207, 9.5567, 13.4774, 13.2323, 18.8683, 39.942, 31.8556, 0.9802, 23.7692, 33.5709, 5.881, 7.5963, 9.5567, 16.4179, 12.4972, 6.6162, 7.1062, 4.9009, 19.8485, 1.9603, 30.0226, 6.1261, 84.7849, 18.8683],
      [0, 0.1756, 0, 1.3174, 0.9134, 1.1066, 0.8431, 1.2295, 2.4603, 0.4216, 0.685, 0.9661, 0.9485, 1.3525, 2.863, 2.2834, 0.0703, 1.7038, 2.4064, 0.4216, 0.5445, 0.685, 1.1768, 0.8958, 0.4742, 0.5094, 0.3513, 7.4099, 0.1405, 1.2998, 0.4391, 6.0774, 1.3525],
      [0.1598, 0.0399, 0.2587, 0.2996, 0.2077, 0.2517, 0.1917, 0.2796, 0.2756, 0.1509, 0.1558, 0.2197, 0.2157, 0.3076, 0.6511, 0.5193, 0.016, 0.3875, 0.5472, 0.0959, 0.1238, 0.1558, 0.2676, 0.2037, 0.1079, 0.1158, 0.0799, 0.3236, 0.032, 0.2956, 0.0999, 1.3821, 0.3076]
    ],
    [
      [0.5945, 1.5905, 0.4423, 3.3535, 7.8167, 1.0952, 7.3219, 0, 0, 0, 10.8307, 8.4194, 7.2861, 17.2482, 11.4258, 9.1883, 0, 8.6828, 0, 1.5062, 4.7721, 0.0211, 5.2082, 16.1147, 3.0262, 0.8812, 3.4918, 0, 5.1701, 0, 7.7921, 62.1414, 1.246],
      [12.1289, 2.987, 3.3211, 31.1215, 35.4552, 39.4792, 32.4905, 49.2637, 30.3565, 0.6934, 32.3413, 26.5181, 30.9124, 32.653, 52.4959, 23.8119, 2.2839, 50.8805, 60.3573, 16.205, 22.2954, 50.592, 35.4552, 42.1524, 16.243, 21.8984, 16.3137, 26.537, 7.3214, 33.9326, 0, 117.3414, 53.2261],
      [106.1563, 22.3458, 13.023, 202.1326, 239.77, 262.4009, 284.2418, 300.9049, 277.8535, 24.4336, 174.4252, 186.5022, 266.7832, 225.8258, 486.1309, 282.1921, 16.3133, 287.5106, 369.4658, 112.2837, 147.7585, 136.4158, 218.9381, 220.9166, 94.1491, 77.8949, 98.335, 165.8, 174.5399, 231.0087, 90.9882, 842.3954, 159.0167],
      [0, 0, 0, 16.1449, 0, 25.185, 9.3536, 19.8145, 48.8791, 0, 2.6941, 0, 0, 0, 0, 0, 0, 0, 17.5794, 4.7045, 10.4987, 0, 37.6362, 10.1036, 4.1046, 7.8083, 17.6916, 28.2446, 7.3883, 17.1139, 16.9641, 0, 12.8153],
      [8.1204, 3.0768, 2.2136, 20.2476, 42.9581, 34.8397, 34.5921, 31.0168, 37.9109, 7.873, 31.7087, 21.5603, 8.0183, 29.273, 36.9473, 35.8077, 2.4028, 25.9261, 51.5974, 14.3006, 19.6753, 16.9711, 28.7623, 30.7127, 12.477, 11.5172, 14.168, 23.4184, 39.5804, 29.9448, 7.2555, 164.1218, 2.6959]
    ],
    [
      [0.273, 0.1248, 0.0312, 0, 4.2946, 0, 2.6991, 0, 0, 0.117, 1.7474, 1.5134, 2.3799, 6.6702, 1.8488, 7.1246, 0, 9.6487, 0, 0, 0.6184, 1.5602, 0, 3.7054, 0.2911, 0, 2.8707, 0, 0, 0, 3.9924, 51.807, 1.6616],
      [2.9111, 1.3308, 0.3327, 24.7861, 44.0364, 33.9006, 28.7785, 33.2699, 27.614, 1.2476, 18.6312, 29.9411, 11.3118, 6.4876, 19.7124, 13.0584, 5.0039, 27.9952, 59.697, 29.2676, 0, 40.1859, 58.3887, 49.674, 21.1264, 31.9633, 15.0569, 36.6074, 0, 34.268, 4.6503, 84.5056, 17.7162],
      [10.2165, 0.1436, 0.0359, 8.2137, 2.4317, 0, 3.1047, 3.5893, 2.9791, 0.1346, 2.01, 1.7408, 3.1441, 16.0116, 3.8908, 1.4088, 0.7258, 2.4138, 4.0703, 2.1275, 0, 1.7946, 0, 0, 0, 0, 0, 0, 2.1625, 3.6969, 0.8524, 9.1167, 1.9113],
      [21.0308, 14.1409, 3.5352, 265.0003, 215.835, 381.408, 305.7971, 356.643, 294.3132, 13.2571, 197.9727, 157.6533, 116.955, 43.5334, 207.698, 132.8578, 8.0429, 224.5725, 563.8687, 180.3532, 357.0198, 153.2104, 643.6113, 415.7092, 228.8153, 257.1878, 350.0724, 433.7886, 207.866, 368.6203, 83.9616, 854.0663, 188.2508],
      [0.5686, 0.2599, 0.065, 0, 4.4022, 8.6914, 5.6206, 6.4978, 7.0936, 0.2437, 3.6388, 3.1514, 2.2092, 5.2972, 3.8499, 2.5504, 0.2274, 4.3698, 10.364, 3.2517, 4.3618, 3.2489, 0, 5.9114, 3.7672, 1.8489, 0, 2.604, 30.9714, 5.4148, 1.5432, 16.5044, 3.4601]
    ],
    [
      [0, 0, 0, 0, 0, 0, 0, 0, 0, 0, 0, 0, 0, 0, 0, 0, 0, 0, 0, 0, 0, 0, 0, 0, 0, 0, 0, 0, 0, 0, 0, 0, 0],
      [3.3173, 0.8654, 0.2885, 6.6347, 8.3655, 10.8174, 14.4233, 10.2405, 16.5867, 1.0096, 8.3655, 7.2116, 6.0578, 4.6154, 9.952, 7.3559, 0.4327, 9.6636, 15.1444, 6.6347, 9.6636, 7.7886, 18.1733, 9.8078, 7.3559, 8.2213, 7.0674, 10.0963, 8.9424, 12.1155, 4.1827, 30.2888, 2.8847],
      [0, 0, 0, 0, 0, 0, 0, 0, 0, 0, 0, 0, 0, 0, 0, 0, 0, 0, 0, 0, 0, 0, 0, 0, 0, 0, 0, 0, 0, 0, 0, 0, 0],
      [17.6369, 4.6009, 1.5336, 35.2738, 44.4756, 57.5116, 76.6821, 54.4443, 88.1844, 5.3677, 44.4756, 38.341, 32.2065, 24.5383, 52.9106, 39.1079, 2.3005, 51.377, 80.5162, 35.2738, 51.377, 41.4083, 96.6194, 52.1438, 39.1079, 43.7088, 37.5742, 53.6774, 47.5429, 64.4129, 22.2378, 161.0323, 15.3364],
      [2.0458, 0.5337, 0.1779, 4.0915, 5.1589, 6.671, 8.8947, 6.3152, 10.2289, 0.6226, 5.1589, 4.4473, 3.7358, 2.8463, 6.1373, 4.5363, 0.2668, 5.9594, 9.3394, 4.0915, 5.9594, 4.8031, 11.2073, 6.0484, 4.5363, 5.07, 4.3584, 6.2263, 5.5147, 7.4715, 2.5795, 18.6788, 1.7789]
    ],
    [
      [0, 0, 0, 0, 0, 0, 0, 0, 0, 0, 0, 0, 0, 0, 0, 0, 0, 0, 0, 0, 0, 0, 0, 0, 0, 0, 0, 0, 0, 0, 0, 0, 0],
      [2.7815, 0.3477, 0.5215, 7.823, 11.6476, 15.4722, 15.4722, 18.6014, 17.9061, 1.5646, 11.8215, 7.1277, 7.4753, 7.4753, 11.6476, 11.4738, 0.6954, 7.4753, 20.8614, 6.2584, 7.823, 6.9538, 14.7768, 12.6907, 5.9107, 7.823, 5.7369, 15.1245, 1.3908, 16.6891, 2.9554, 35.4644, 2.26],
      [0, 0, 0, 0, 0, 0, 0, 0, 0, 0, 0, 0, 0, 0, 0, 0, 0, 0, 0, 0, 0, 0, 0, 0, 0, 0, 0, 0, 0, 0, 0, 0, 0],
      [13.1419, 1.6427, 2.4641, 36.9616, 55.0317, 73.1018, 73.1018, 87.8865, 84.601, 7.3923, 55.8531, 33.6761, 35.3189, 35.3189, 55.0317, 54.2103, 3.2855, 35.3189, 98.5643, 29.5693, 36.9616, 32.8548, 69.8163, 59.9599, 27.9265, 36.9616, 27.1052, 71.4591, 6.571, 78.8514, 13.9633, 167.5592, 10.6778],
      [0.0766, 0.0096, 0.0144, 0.2154, 0.3207, 0.426, 0.426, 0.5121, 0.493, 0.0431, 0.3254, 0.1962, 0.2058, 0.2058, 0.3207, 0.3159, 0.0191, 0.2058, 0.5743, 0.1723, 0.2154, 0.1914, 0.4068, 0.3494, 0.1627, 0.2154, 0.1579, 0.4164, 0.0383, 0.4595, 0.0814, 0.9763, 0.0622]
    ],
    [
      [0, 0, 0, 0, 0, 0, 0, 0, 0, 0, 0, 0, 0, 0, 0, 0, 0, 0, 0, 0, 0, 0, 0, 0, 0, 0, 0, 0, 0, 0, 0, 0, 0],
      [0, 0, 0, 0, 0, 0, 0, 0, 0, 0, 0, 0, 0, 0, 0, 0, 0, 0, 0, 0, 0, 0, 0, 0, 0, 0, 0, 0, 0, 0, 0, 0, 0],
      [7.9989, 0.941, 0.941, 22.1145, 20.2324, 22.1145, 16.9388, 16.9388, 20.2324, 1.8821, 13.1746, 12.7041, 16.4683, 23.9966, 30.1134, 25.8787, 0.941, 14.1157, 22.1145, 7.0578, 13.6451, 7.5283, 21.644, 14.5862, 4.2347, 7.9989, 3.7642, 10.3515, 21.1735, 14.5862, 5.6463, 57.4036, 8.4694],
      [0, 0, 0, 0, 0, 0, 0, 0, 0, 0, 0, 0, 0, 0, 0, 0, 0, 0, 0, 0, 0, 0, 0, 0, 0, 0, 0, 0, 0, 0, 0, 0, 0],
      [9.0011, 1.059, 1.059, 24.8855, 22.7676, 24.8855, 19.0612, 19.0612, 22.7676, 2.1179, 14.8254, 14.2959, 18.5317, 27.0034, 33.8866, 29.1213, 1.059, 15.8843, 24.8855, 7.9422, 15.3549, 8.4717, 24.356, 16.4138, 4.7653, 9.0011, 4.2358, 11.6485, 23.8265, 16.4138, 6.3537, 64.5964, 9.5306]
    ]
  ],
  "V_est": [
    [1.3503, 4618.2446, 35.1568, 1933.0263, 10.222],
    [1518.0032, 13.6139, 534.1327, 43.5241, 8.7261],
    [206.667, 1009.0649, 6798.8525, 314.7243, 881.6913],
    [104.9796, 813.4568, 87.9269, 8246.6482, 151.9885],
    [0, 284.5709, 0, 1512.9372, 175.4919],
    [0, 320.049, 0, 1512.1399, 8.8111],
    [0, 0, 487.931, 0, 549.069]
  ],
  "p_est": [
    [0.0002, 0.6999, 0.0053, 0.293, 0.0015],
    [0.7167, 0.0064, 0.2522, 0.0205, 0.0041],
    [0.0224, 0.1095, 0.7381, 0.0342, 0.0957],
    [0.0112, 0.0865, 0.0093, 0.8768, 0.0162],
    [0, 0.1442, 0, 0.7668, 0.0889],
    [0, 0.1738, 0, 0.8214, 0.0048],
    [0, 0, 0.4705, 0, 0.5295]
  ],
  "EI_Z": {},
  "EI_V": 18.9743,
  "MAE_Z": {},
  "MAE_V": 348.9427,
  "MAE_p": 0.105,
  "runtime": 0.4919
}
