{
  "Z_true": {},
  "V_true": [
    [35, 34, 64, 41, 137, 8],
    [18, 63, 45, 48, 338, 23],
    [34, 694, 34, 31, 271, 11],
    [18, 15, 1118, 18, 132, 6],
    [48, 91, 125, 1265, 403, 19],
    [45, 73, 47, 43, 2503, 11],
    [72, 164, 199, 191, 329, 74]
  ],
  "p_true": [
    [0.1097, 0.1066, 0.2006, 0.1285, 0.4295, 0.0251],
    [0.0336, 0.1178, 0.0841, 0.0897, 0.6318, 0.043],
    [0.0316, 0.6456, 0.0316, 0.0288, 0.2521, 0.0102],
    [0.0138, 0.0115, 0.8554, 0.0138, 0.101, 0.0046],
    [0.0246, 0.0466, 0.0641, 0.6484, 0.2066, 0.0097],
    [0.0165, 0.0268, 0.0173, 0.0158, 0.9195, 0.004],
    [0.07, 0.1594, 0.1934, 0.1856, 0.3197, 0.0719]
  ],
  "Z_est": [
    [
      [2.7775, 3.6992, 1.5119, 1.5209, 1.3809, 0.7829, 0.1528, 2.5332, 2.465, 2.1118, 4.2382, 3.3816, 2.9913, 1.1191, 3.3727, 1.8155, 3.1694, 1.4098, 1.6633, 0.4201, 2.5815, 1.6978],
      [2.8301, 3.5824, 2.317, 2.9229, 2.7165, 1.5998, 1.1131, 2.1516, 2.1894, 2.1478, 3.0539, 3.5569, 0.6009, 1.4188, 3.9014, 1.647, 3.32, 1.4769, 2.0075, 0.7862, 9.7669, 3.6328],
      [0.1514, 0.1904, 0.097, 0.1586, 0.1391, 0.0793, 0.074, 0.1086, 0.0874, 0.1228, 0.2198, 0.2039, 0.2024, 0.0881, 0.2483, 0.1431, 0.2262, 0.0839, 0.1201, 0.0973, 0.2078, 0.2016],
      [0.2898, 0.4861, 0.2149, 0.4127, 0.3138, 0.1785, 0.1709, 0.2706, 0.2299, 0.2763, 0.3931, 0.3386, 0.3114, 0.2083, 0.5833, 0.2472, 0.42, 0.1406, 0.4057, 0.1517, 0.4036, 0.4561],
      [9.9439, 13.0317, 6.8548, 8.9753, 9.4448, 5.3587, 5.487, 7.9323, 6.0263, 5.3314, 13.0884, 12.5149, 10.8827, 5.1601, 16.8826, 9.1451, 11.8561, 3.8835, 12.7859, 4.5418, 11.0326, 12.9984],
      [0.0074, 0.0102, 0.0044, 0.0096, 0.0048, 0.0007, 0.0023, 0.0038, 0.0021, 0.0099, 0.0065, 0.0041, 0.0112, 0.0056, 0.0116, 0.0021, 0.0083, 0.0054, 0.0175, 0.0029, 0.0074, 0.0134]
    ],
    [
      [0.3742, 0.2249, 0.3537, 0.1254, 0.1294, 0.1518, 0.0376, 0.6868, 0.629, 0.339, 0.4268, 0.491, 0.2367, 0.2061, 0.2051, 0.1583, 0.449, 0.4197, 0.0827, 0.0463, 0.1198, 0.5286],
      [0.3359, 0.1915, 0.4783, 0.2126, 0.2243, 0.2741, 0.2421, 0.5143, 0.4921, 0.3052, 0.2707, 0.4545, 0.042, 0.2305, 0.209, 0.1264, 0.4135, 0.391, 0.0887, 0.0772, 0.4015, 0.9933],
      [10.2432, 5.817, 11.4354, 6.5925, 6.5804, 7.7716, 9.2561, 14.8119, 11.2304, 10.02, 11.116, 14.8681, 8.1086, 8.2051, 7.5942, 6.3063, 16.081, 12.7425, 3.0711, 5.508, 4.9137, 31.3173],
      [2.3856, 1.8037, 3.0791, 2.0845, 1.8009, 2.1238, 2.5935, 4.4885, 3.5858, 2.7325, 2.4177, 3.0053, 1.5169, 2.3553, 2.1693, 1.3231, 3.6305, 2.5967, 1.2518, 1.041, 1.1542, 8.6377],
      [9.4994, 5.6109, 11.3901, 5.2581, 6.2842, 7.3925, 9.6382, 15.2627, 10.9038, 6.1046, 9.341, 12.8857, 6.1412, 6.7593, 7.2825, 5.6699, 11.8906, 8.3004, 4.5618, 3.6038, 3.6512, 28.5947],
      [2.1616, 1.352, 2.2633, 1.7269, 0.9807, 0.2861, 1.2325, 2.2359, 1.1588, 3.4986, 1.4278, 1.2955, 1.9546, 2.2437, 1.5399, 0.416, 2.5355, 3.5498, 1.9439, 0.7239, 0.7596, 8.9283]
    ],
    [
      [0.5631, 0.3696, 0.3974, 0.2079, 0.1565, 0.2219, 0.0164, 0.5798, 0.6322, 0.3054, 0.5716, 0.266, 0.2768, 0.1954, 0.2946, 0.1253, 0.3663, 0.181, 0.0999, 0.0519, 0, 0.4333],
      [47.4127, 29.594, 50.4667, 33.1677, 25.594, 37.6754, 10.0775, 40.7842, 46.4691, 26.0245, 34.0476, 23.1977, 4.667, 20.6973, 28.2315, 9.5315, 31.7155, 16.0669, 10.1997, 8.2924, 40.9768, 76.101],
      [0.0152, 0.0094, 0.0127, 0.0108, 0.0078, 0.0112, 0.004, 0.0124, 0.0111, 0.0089, 0.0147, 0.008, 0.0094, 0.0077, 0.0108, 0.0049, 0.013, 0.0054, 0.0036, 0.0061, 0, 0.0254],
      [3.7077, 3.0616, 3.5733, 3.5698, 2.2505, 3.2062, 1.1678, 3.9138, 3.7225, 2.5419, 3.3447, 1.6818, 1.8315, 2.3064, 3.2177, 1.0814, 3.059, 1.1565, 1.5597, 1.2059, 0, 7.3142],
      [26.3013, 16.9654, 23.5498, 16.0438, 13.9912, 19.8853, 7.7344, 23.7099, 20.165, 10.1193, 23.0213, 12.8465, 13.2154, 11.7933, 19.2454, 8.2569, 17.8463, 6.5902, 10.1371, 7.4437, 7.0232, 43.126],
      [3.0744e-07, 2.0939e-07, 2.3974e-07, 2.6996e-07, 1.1158e-07, 3.9341e-08, 5.0406e-08, 1.7849e-07, 0, 2.9601e-07, 1.8075e-07, 6.6344e-08, 2.1482e-07, 1.9974e-07, 2.0824e-07, 3.051e-08, 1.9573e-07, 1.4375e-07, 2.1845e-07, 7.57e-08, 0, 6.9578e-07]
    ],
    [
      [0, 0, 0, 7.3295e-06, 5.0148e-06, 6.0989e-06, 8.5953e-07, 0, 0, 7.2695e-06, 0, 0, 0, 8.1242e-06, 0, 8.9169e-06, 0, 0, 2.7001e-06, 0, 4.3715e-06, 0],
      [0.0029, 0.0017, 0.0023, 0.0019, 0.0014, 0.0017, 0.0009, 0.0021, 0.0017, 0.001, 0.0017, 0.0027, 0, 0.0014, 0.002, 0.0011, 0.0017, 0.0019, 0.0005, 0.0006, 0.0023, 0.0055],
      [64.0839, 36.8909, 39.3179, 43.2837, 28.6826, 35.092, 23.8627, 43.7169, 27.8643, 24.2031, 50.0519, 62.6222, 49.0934, 36.3727, 53.0153, 39.9384, 47.9607, 45.4503, 11.3407, 28.5864, 20.2369, 124.2464],
      [0.0065, 0.005, 0.0046, 0.006, 0.0034, 0.0042, 0.0029, 0.0058, 0.0039, 0.0029, 0.0048, 0.0055, 0, 0.0045, 0.0066, 0.0037, 0.0047, 0.004, 0.002, 0, 0.0021, 0.015],
      [26.5155, 15.8553, 17.4509, 15.3816, 12.1899, 14.865, 11.0426, 20.0844, 12.0473, 6.551, 18.7558, 24.2118, 16.5623, 13.3361, 22.6665, 15.9822, 15.8139, 13.1806, 7.4539, 8.304, 6.6695, 50.701],
      [0.3912, 0.247, 0.2243, 0.3267, 0.1227, 0.0371, 0.0909, 0.1908, 0.0828, 0.242, 0.1859, 0.1578, 0.3443, 0.2852, 0.3096, 0.0746, 0.2189, 0.3631, 0.203, 0.109, 0.0893, 1.032]
    ],
    [
      [14.5154, 14.653, 9.3842, 5.1489, 6.0641, 5.5101, 0.7612, 13.1371, 17.5508, 7.6113, 16.1318, 13.2254, 7.0859, 7.0297, 8.2882, 7.7946, 14.9105, 5.5112, 1.9902, 1.3975, 3.0294, 12.247],
      [3.7384, 3.5833, 3.6674, 2.5016, 3.0138, 2.8481, 1.4676, 2.8207, 3.9396, 0.358, 2.937, 3.605, 0, 0.5226, 2.4221, 1.8704, 1.6016, 1.4611, 0.6078, 0.6999, 11.6313, 6.6203],
      [12.5476, 11.9619, 9.6378, 8.5243, 9.7038, 8.8709, 6.1511, 8.9354, 9.7553, 6.6091, 13.2663, 12.9765, 8.8842, 8.8697, 9.681, 10.24, 21.1638, 5.2285, 2.2952, 5.9995, 0, 23.0108],
      [64.6707, 83.1422, 57.1726, 60.5342, 59.7152, 54.4974, 37.5916, 60.7128, 70.9849, 44.7987, 64.6497, 55.6211, 32.6837, 57.6182, 62.0469, 45.751, 85.5073, 24.1113, 21.3875, 23.0528, 20.8621, 141.5037],
      [16.2428, 15.3608, 13.9496, 9.0509, 12.3477, 11.2544, 9.9407, 12.3196, 12.7693, 0, 14.8317, 18.4962, 7.9492, 6.5924, 12.3511, 15.2726, 13.5749, 4.5319, 4.5641, 4.7719, 4.4772, 27.9088],
      [0.2851, 0.2989, 0.1884, 0.2401, 0.1553, 0.0192, 0.0878, 0.0745, 0, 0.623, 0.1836, 0.0759, 0.3969, 0.3674, 0.2107, 0.0715, 0.242, 0.156, 0.1553, 0.0785, 0, 0.7094]
    ],
    [
      [0.0735, 1.5094, 0, 0.6995, 0.0302, 0.0964, 0, 1.3331, 2.0024, 0.2811, 0.8003, 0, 0, 0.2082, 0.5089, 0, 0.4109, 0.2009, 0.0468, 0, 0, 0.3134],
      [16.0033, 13.0975, 18.9705, 13.8031, 12.0219, 16.0289, 3.8818, 10.8846, 17.3247, 6.7792, 10.0548, 13.8906, 0, 6.2375, 8.636, 3.9138, 10.119, 7.833, 2.7513, 1.6354, 23.1801, 31.9995],
      [5.8701, 4.1675, 0.664, 6.8019, 3.7422, 4.0358, 2.3044, 0.7352, 0, 4.6444, 11.146, 8.1496, 13.6706, 3.3819, 5.2611, 6.5728, 6.0132, 7.9188, 0.3387, 10.5576, 0, 14.5611],
      [0, 7.787, 0, 9.9742, 0.2206, 0.3222, 0, 4.6944, 6.3745, 1.3821, 1.4607, 0, 0, 1.4516, 3.785, 0, 2.0269, 0.9743, 1.2146, 0, 0, 4.9493],
      [142.8116, 133.1545, 106.3655, 112.0479, 105.9116, 128.5168, 62.7775, 105.3527, 94.2985, 43.6208, 150.4311, 125.9597, 84.0085, 60.4926, 124.5295, 80.4891, 96.1947, 53.6009, 75.0174, 60.6644, 33.8199, 311.216],
      [0.2415, 0.284, 0, 0.6734, 0.0736, 0, 0.0363, 0, 0, 0.2922, 0.1071, 0, 0.3209, 0.2282, 0.2795, 0.0242, 0.2353, 0.4721, 0.6312, 0.1426, 0, 1.9607]
    ],
    [
      [0.6963, 0.5439, 0.3528, 0.2974, 0.2388, 0.2369, 0.0321, 0.7301, 0.7206, 0.3513, 0.8313, 0.6359, 0.4093, 0.2416, 0.3305, 0.1063, 0.6939, 0.2775, 0.117, 0.0843, 0.2692, 0.7799],
      [6.6767, 4.9496, 5.0977, 5.3902, 4.4281, 4.572, 2.217, 5.8426, 5.5834, 3.3842, 5.6343, 6.2926, 0.69, 2.8919, 3.598, 0.9097, 6.8288, 2.7691, 1.3445, 1.5084, 10.0412, 15.6475],
      [8.0887, 5.9628, 4.8353, 6.6281, 5.1439, 5.1392, 3.3477, 6.6797, 5.0515, 4.3918, 9.1853, 8.1718, 6.0314, 4.0748, 5.1893, 1.7946, 10.5422, 3.5707, 1.8306, 4.2451, 4.6416, 19.6373],
      [12.9397, 12.7144, 8.9554, 14.4187, 9.6956, 9.6677, 6.4732, 13.914, 11.0985, 8.2656, 13.7293, 11.3477, 7.6565, 8.0556, 10.1912, 2.5936, 16.3517, 5.0166, 5.1788, 5.5486, 7.578, 37.124],
      [28.6856, 22.0214, 18.4392, 20.2424, 18.8307, 18.7273, 13.3797, 26.3385, 18.7898, 10.2728, 29.5307, 27.0853, 17.2407, 12.8662, 19.0424, 6.1842, 29.8235, 8.9125, 10.4799, 10.6705, 13.3263, 68.4551],
      [5.9131, 4.8078, 3.3196, 6.0232, 2.6629, 0.6569, 1.5503, 3.495, 1.7563, 5.3342, 4.0891, 2.4667, 4.9721, 3.8699, 3.6486, 0.4115, 5.76, 3.4537, 4.0492, 1.9431, 2.1437, 19.3562]
    ]
  ],
  "V_est": [
    [46.7964, 58.7397, 3.251, 6.9032, 203.1582, 0.1513],
    [6.422, 6.9688, 223.5901, 57.7776, 196.0266, 44.2149],
    [6.3123, 650.9908, 0.2125, 58.4738, 359.0107, 3.9322e-06],
    [0.0002, 0.0391, 935.9131, 0.0981, 365.621, 5.3285],
    [192.9771, 61.9176, 214.3126, 1228.6155, 248.5576, 4.6195],
    [8.5149, 249.0466, 120.537, 46.6173, 2291.2813, 6.0028],
    [8.977, 106.2974, 134.1836, 238.5145, 449.3445, 91.683]
  ],
  "p_est": [
    [0.1465, 0.1841, 0.0103, 0.0218, 0.6368, 0.0005],
    [0.012, 0.0132, 0.4179, 0.1079, 0.3665, 0.0825],
    [0.0059, 0.6058, 0.0002, 0.0551, 0.333, 3.8898e-09],
    [1.8354e-07, 0, 0.7151, 0.0001, 0.2807, 0.0041],
    [0.0989, 0.0314, 0.1098, 0.6298, 0.1278, 0.0024],
    [0.0031, 0.0916, 0.0446, 0.0172, 0.8413, 0.0022],
    [0.0088, 0.1034, 0.1307, 0.2309, 0.437, 0.0891]
  ],
  "EI_Z": {},
  "EI_V": 14.9297,
  "MAE_Z": {},
  "MAE_V": 63.5436,
  "MAE_p": 0.0664,
  "runtime": 0.4951
}
