{
  "X": [
    [16, 35, 49],
    [17, 31, 52],
    [14, 26, 60],
    [6, 18, 76],
    [12, 37, 51],
    [14, 27, 59],
    [15, 30, 55],
    [6, 30, 64],
    [14, 29, 57],
    [18, 31, 51],
    [19, 29, 52],
    [14, 36, 50],
    [19, 31, 50],
    [41, 17, 42],
    [33, 34, 33],
    [34, 25, 41],
    [30, 27, 43],
    [26, 29, 45],
    [35, 22, 43],
    [36, 26, 38],
    [35, 21, 44],
    [32, 31, 37],
    [34, 22, 44],
    [36, 20, 44],
    [35, 21, 44],
    [19, 21, 60],
    [22, 13, 65],
    [16, 17, 67],
    [20, 15, 65],
    [31, 11, 58],
    [16, 22, 62],
    [27, 16, 57],
    [30, 7, 63],
    [25, 26, 49],
    [21, 12, 67],
    [26, 10, 64],
    [21, 16, 63],
    [30, 34, 36],
    [32, 37, 31],
    [35, 40, 25],
    [34, 28, 38],
    [36, 37, 27],
    [40, 24, 36],
    [43, 28, 29],
    [35, 33, 32],
    [30, 37, 33],
    [33, 40, 27],
    [31, 44, 25],
    [25, 44, 31],
    [36, 37, 27]
  ],
  "W": [
    [64, 13, 7, 16],
    [64, 10, 10, 16],
    [65, 10, 12, 13],
    [74, 5, 13, 8],
    [68, 10, 8, 14],
    [62, 14, 12, 12],
    [64, 10, 8, 18],
    [64, 9, 14, 13],
    [57, 16, 15, 12],
    [60, 17, 10, 13],
    [59, 16, 10, 15],
    [63, 15, 8, 14],
    [42, 35, 8, 15],
    [4, 62, 24, 10],
    [8, 69, 11, 12],
    [12, 55, 18, 15],
    [15, 69, 7, 9],
    [15, 63, 9, 13],
    [10, 68, 14, 8],
    [13, 57, 12, 18],
    [9, 60, 14, 17],
    [12, 63, 14, 11],
    [9, 63, 12, 16],
    [11, 75, 8, 6],
    [9, 64, 13, 14],
    [13, 10, 66, 11],
    [17, 14, 61, 8],
    [11, 12, 65, 12],
    [12, 8, 69, 11],
    [12, 12, 63, 13],
    [13, 12, 64, 11],
    [15, 11, 56, 18],
    [9, 9, 71, 11],
    [17, 7, 56, 20],
    [10, 14, 61, 15],
    [13, 13, 60, 14],
    [10, 9, 66, 15],
    [16, 17, 27, 40],
    [12, 15, 16, 57],
    [7, 11, 15, 67],
    [16, 5, 14, 65],
    [12, 14, 14, 60],
    [10, 14, 16, 60],
    [11, 14, 10, 65],
    [11, 9, 15, 65],
    [15, 14, 16, 55],
    [15, 17, 12, 56],
    [10, 15, 14, 61],
    [17, 15, 14, 54],
    [13, 11, 18, 58]
  ],
  "method": "mvn_pdf",
  "cond_prob": [
    [
      [0.022787084601, 0.37034146878, 0.60687144662],
      [0.43974798061, 0.25621374018, 0.3040382792],
      [0.23050456305, 0.065481151468, 0.70401428548],
      [0.4435835979, 0.47132803563, 0.085088366464]
    ],
    [
      [0.026516937179, 0.33571771757, 0.63776534525],
      [0.48247707173, 0.21791212692, 0.29961080135],
      [0.25185903322, 0.055643165074, 0.6924978017],
      [0.50146771562, 0.41224874386, 0.086283540515]
    ],
    [
      [0.020168575936, 0.27639624624, 0.70343517783],
      [0.41741217825, 0.20497629379, 0.37761152796],
      [0.1907458149, 0.045832796603, 0.7634213885],
      [0.46690675584, 0.41649484678, 0.11659839737]
    ],
    [
      [0.010138312912, 0.19152384034, 0.79833784674],
      [0.26754154577, 0.18236105552, 0.55009739871],
      [0.095654262451, 0.032036438854, 0.8723092987],
      [0.35809757103, 0.44055973021, 0.20134269876]
    ],
    [
      [0.017821747708, 0.3864603118, 0.59571794049],
      [0.37766715162, 0.29391211879, 0.32842072959],
      [0.19160061441, 0.072648978534, 0.73575040705],
      [0.37552585181, 0.53382671916, 0.090647429025]
    ],
    [
      [0.018110712065, 0.28749656109, 0.69439272684],
      [0.38864343648, 0.22236501886, 0.38899154465],
      [0.17566522437, 0.048995944551, 0.77533883108],
      [0.43147493521, 0.44920226361, 0.11932280118]
    ],
    [
      [0.019677379616, 0.30076077486, 0.67956184553],
      [0.40848557285, 0.22459342897, 0.36692099817],
      [0.19086681462, 0.051232800904, 0.75790038447],
      [0.44489757491, 0.44472112661, 0.11038129849]
    ],
    [
      [0.0082964754074, 0.28872872622, 0.70297479837],
      [0.2208540562, 0.28187737648, 0.49726856732],
      [0.086992902446, 0.053730827352, 0.8592762702],
      [0.25321499974, 0.58958426974, 0.15720073052]
    ],
    [
      [0.016440302676, 0.31667716833, 0.66688252899],
      [0.36183882259, 0.25258478052, 0.38557639688],
      [0.16605621441, 0.056251489789, 0.7776922958],
      [0.38933182682, 0.49584691163, 0.11482126155]
    ],
    [
      [0.024869599546, 0.34505566748, 0.63007473297],
      [0.46375335554, 0.23082425598, 0.30542238848],
      [0.24109706457, 0.058481967924, 0.7004209675],
      [0.47850657635, 0.43409791543, 0.087395508224]
    ],
    [
      [0.025755086709, 0.31901419392, 0.65523071937],
      [0.47493834974, 0.21114040058, 0.31392124968],
      [0.24187815805, 0.052448141458, 0.7056737005],
      [0.50195601551, 0.40616275716, 0.091881227328]
    ],
    [
      [0.018241931316, 0.38051072462, 0.60124734407],
      [0.38263351632, 0.28775415121, 0.32961233247],
      [0.19380234814, 0.070828407209, 0.73536924465],
      [0.38275119396, 0.52575112181, 0.091497684226]
    ],
    [
      [0.014888528723, 0.31880705056, 0.66630442071],
      [0.33637907519, 0.26400376605, 0.39961715876],
      [0.1520876736, 0.057566973161, 0.79034535324],
      [0.36205082435, 0.51895615122, 0.11899302443]
    ],
    [
      [0.027008609737, 0.27577253505, 0.69721885521],
      [0.48518373558, 0.18189749376, 0.33291877067],
      [0.23961514692, 0.043187320552, 0.71719753253],
      [0.53323857328, 0.36543574724, 0.10132567947]
    ],
    [
      [0.018280128044, 0.45062696786, 0.53109290409],
      [0.37256152204, 0.33805723378, 0.28938124417],
      [0.20751394141, 0.090022424819, 0.70246363377],
      [0.34717176226, 0.5779497072, 0.074878530543]
    ],
    [
      [0.021622056286, 0.32927423022, 0.6491037135],
      [0.42395400703, 0.23727285262, 0.33877314035],
      [0.21025779366, 0.056502658478, 0.73323954786],
      [0.44537101753, 0.45604484286, 0.098584139608]
    ],
    [
      [0.01684090117, 0.31505731188, 0.66810178695],
      [0.36380216069, 0.25084008751, 0.3853577518],
      [0.16816225663, 0.055649681211, 0.77618806216],
      [0.39141020718, 0.49379630095, 0.11479349188]
    ],
    [
      [0.013989087444, 0.31288005909, 0.67313085347],
      [0.32123059221, 0.26535853062, 0.41341087717],
      [0.14276709778, 0.056548068366, 0.80068483385],
      [0.34862779974, 0.52727200425, 0.12410019601]
    ],
    [
      [0.020874179305, 0.29514903195, 0.68397678875],
      [0.41782026123, 0.21735407431, 0.36482566446],
      [0.19779152021, 0.049422239891, 0.7527862399],
      [0.45594454027, 0.43380925763, 0.11024620211]
    ],
    [
      [0.022703363509, 0.3236039623, 0.65369267419],
      [0.43675757106, 0.22879121892, 0.33445121003],
      [0.21760861124, 0.054787038883, 0.72760434988],
      [0.46094388623, 0.44130482586, 0.097751287911]
    ],
    [
      [0.019399559748, 0.24904527818, 0.73155516207],
      [0.40364389169, 0.1910149298, 0.40534117851],
      [0.17827703241, 0.04056725904, 0.78115570855],
      [0.46688006392, 0.40358970414, 0.12953023194]
    ],
    [
      [0.019170643487, 0.41366022315, 0.56716913336],
      [0.3871368284, 0.30714016703, 0.30572300457],
      [0.2073670707, 0.078771164927, 0.71386176437],
      [0.37399731068, 0.54402428386, 0.081978405466]
    ],
    [
      [0.018260680882, 0.25348731118, 0.72825200794],
      [0.38833687773, 0.19885025856, 0.41281286371],
      [0.16998670522, 0.041834915704, 0.78817837907],
      [0.44856318747, 0.41969278714, 0.13174402539]
    ],
    [
      [0.020591117912, 0.25925807019, 0.7201508119],
      [0.4174806724, 0.19350993899, 0.38900938861],
      [0.18926600543, 0.042195493271, 0.7685385013],
      [0.47515975746, 0.40232404098, 0.12251620156]
    ],
    [
      [0.019482817159, 0.25560223437, 0.72491494848],
      [0.40407414437, 0.19537918939, 0.40054666624],
      [0.17999168799, 0.041838728262, 0.77816958374],
      [0.46350585858, 0.40949118857, 0.12700295285]
    ],
    [
      [0.01536707858, 0.43625460059, 0.54837832083],
      [0.33439050993, 0.34722562381, 0.31838386626],
      [0.17723889663, 0.087372090166, 0.73538901321],
      [0.31348589178, 0.60355110323, 0.082963004994]
    ],
    [
      [0.020834024331, 0.26188608813, 0.71727988754],
      [0.42179039264, 0.19337816545, 0.38483144191],
      [0.19213136384, 0.042344132452, 0.76552450371],
      [0.47735854853, 0.40204978449, 0.12059166698]
    ],
    [
      [0.012988003851, 0.30913153168, 0.67788046447],
      [0.30571084125, 0.26791172499, 0.42637743376],
      [0.13340387784, 0.055690630279, 0.81090549188],
      [0.33260213287, 0.53902236843, 0.1283754987]
    ],
    [
      [0.017766074889, 0.31412786706, 0.66810605805],
      [0.37778239283, 0.24430981369, 0.37790779348],
      [0.17627369876, 0.054439385886, 0.76928691535],
      [0.40459738654, 0.48324492266, 0.1121576908]
    ],
    [
      [0.032212914925, 0.25096862827, 0.71681845681],
      [0.534837338, 0.15131775904, 0.31384490296],
      [0.26997768197, 0.036841833216, 0.69318048482],
      [0.59510298956, 0.30820668123, 0.096690329208]
    ],
    [
      [0.012577386361, 0.42850223336, 0.55892038028],
      [0.29068053553, 0.36369656592, 0.34562289855],
      [0.14768971339, 0.087611833977, 0.76469845264],
      [0.27382422168, 0.63575419817, 0.090421580148]
    ],
    [
      [0.024451818663, 0.28183475389, 0.69371342745],
      [0.46054319044, 0.19374992833, 0.34570688123],
      [0.22290537513, 0.045103138169, 0.7319914867],
      [0.50535328818, 0.38966473132, 0.1049819805]
    ],
    [
      [0.031712711915, 0.20121283207, 0.76707445602],
      [0.53533897051, 0.12333874358, 0.34132228592],
      [0.25635924514, 0.028545726842, 0.71509502802],
      [0.62580993444, 0.2638686831, 0.11032138246]
    ],
    [
      [0.021873774839, 0.47271718757, 0.50540903759],
      [0.41665068446, 0.32793848362, 0.25541083192],
      [0.24653566041, 0.092673002571, 0.66079133701],
      [0.381530494, 0.55341481346, 0.065054692537]
    ],
    [
      [0.016023943601, 0.20510258791, 0.77887346849],
      [0.36181178238, 0.17042702536, 0.46776119226],
      [0.14553580707, 0.032921155782, 0.82154303715],
      [0.45012073445, 0.38937437502, 0.16050489052]
    ],
    [
      [0.022882038214, 0.19961961422, 0.77749834756],
      [0.45091193259, 0.14380270462, 0.4052853628],
      [0.19668685152, 0.030260971618, 0.77305217686],
      [0.54591729116, 0.31861425889, 0.13546844995]
    ],
    [
      [0.017370524217, 0.30337566763, 0.67925380815],
      [0.37295391025, 0.23886067263, 0.38818541713],
      [0.17095458945, 0.052312516814, 0.77673289373],
      [0.40498889788, 0.47834877631, 0.11666232581]
    ],
    [
      [0.021553388317, 0.40849394815, 0.56995266353],
      [0.41715115491, 0.29022818721, 0.29262065788],
      [0.22667695129, 0.075695909756, 0.69762713895],
      [0.4052618191, 0.51603713926, 0.078701041635]
    ],
    [
      [0.018526132743, 0.33714134699, 0.64433252027],
      [0.38558761565, 0.25878243513, 0.35562994922],
      [0.1858743312, 0.059946968488, 0.75417870031],
      [0.40331505378, 0.49424323263, 0.10244171359]
    ],
    [
      [0.020008882117, 0.36533701534, 0.61465410254],
      [0.40206877272, 0.27085803541, 0.32707319188],
      [0.2035884181, 0.065861593016, 0.73054998889],
      [0.40748339547, 0.50127212199, 0.091244482534]
    ],
    [
      [0.015049266582, 0.18372824157, 0.80122249184],
      [0.35012987461, 0.15790989405, 0.49196023134],
      [0.13495097152, 0.029374527415, 0.83567450106],
      [0.45375641833, 0.37213630999, 0.17410727168]
    ],
    [
      [0.022657230121, 0.35938739521, 0.61795537467],
      [0.43383353533, 0.2532968258, 0.31286963887],
      [0.22433245344, 0.062990281425, 0.71267726513],
      [0.44161950537, 0.47055054768, 0.08782994695]
    ],
    [
      [0.019499838445, 0.19112191456, 0.78937824699],
      [0.41161941593, 0.14889131578, 0.43948926829],
      [0.17028156827, 0.029712517015, 0.80000591471],
      [0.51261265476, 0.33743199584, 0.1499553494]
    ],
    [
      [0.023708769499, 0.23769062586, 0.73860060464],
      [0.45677783821, 0.16868819872, 0.37453396307],
      [0.20865386027, 0.037170657926, 0.7541754818],
      [0.52711043969, 0.35422812564, 0.11866143467]
    ],
    [
      [0.017858553098, 0.25614077654, 0.72600067037],
      [0.38399098292, 0.20335179292, 0.41265722416],
      [0.16691832244, 0.042558708866, 0.79052296869],
      [0.44252190513, 0.42708200496, 0.1303960899]
    ],
    [
      [0.01758507912, 0.33158198102, 0.65083293986],
      [0.37355156236, 0.25971992438, 0.36672851326],
      [0.17693784989, 0.059139434403, 0.76392271571],
      [0.39374643338, 0.49980987218, 0.10644369444]
    ],
    [
      [0.021150123652, 0.39348337667, 0.58536649967],
      [0.41361772806, 0.28315731128, 0.30322496066],
      [0.21951990387, 0.072237733507, 0.70824236263],
      [0.40772872565, 0.50972900405, 0.082542270302]
    ],
    [
      [0.018483344336, 0.42543077859, 0.55608587707],
      [0.37768277756, 0.32056287676, 0.30175434567],
      [0.20300252616, 0.082651464161, 0.71434600968],
      [0.36072106216, 0.55974891668, 0.079530021152]
    ],
    [
      [0.015008273312, 0.40120369213, 0.58378803456],
      [0.33094464299, 0.32644484785, 0.34261050917],
      [0.16599816397, 0.078575635265, 0.75542620077],
      [0.32371300255, 0.58386302401, 0.092423973442]
    ],
    [
      [0.025095183676, 0.39601417285, 0.57889064347],
      [0.45679581435, 0.26484010733, 0.27836407832],
      [0.25228111741, 0.070329547164, 0.67738933543],
      [0.44902935772, 0.47536459981, 0.075606042469]
    ]
  ],
  "expected_outcome": [
    [
      [1.4583734145, 1.6970839794, 1.3109574358, 0.75023515548, 1.2118788442, 1.122864148, 1.2593522954, 0.53097442608, 0.93709725255, 1.4921759727, 1.5195501158, 1.1492416729, 0.62531820637, 0.10803443895, 0.14624102435, 0.25946467543, 0.25261351755, 0.20983631167, 0.20874179305, 0.29514372562, 0.17459603773, 0.23004772185, 0.16434612794, 0.22650229703, 0.17534535443, 0.19977202154, 0.35417841363, 0.14286804237, 0.21319289866, 0.3865549791, 0.1635060227, 0.36677727995, 0.28541440723, 0.37185417226, 0.16023943601, 0.29746649678, 0.17370524217, 0.34485421308, 0.22231359292, 0.14006217482, 0.24078826531, 0.27188676145, 0.19499838445, 0.26079646449, 0.19644408408, 0.26377618681, 0.31725185479, 0.18483344336, 0.2551406463, 0.32623738779],
      [23.7018540018, 21.4859339246, 17.9657560054, 14.1727641855, 26.2793012027, 17.8247867877, 19.2486895909, 18.4786384783, 18.050598595, 20.7033400489, 18.8218374412, 23.9721756508, 13.3898961237, 1.1030901402, 3.6050157429, 3.9512907626, 4.7258596783, 4.6932008863, 2.9514903195, 4.2068515099, 2.2414075036, 4.9639226778, 2.2813858006, 2.8518387721, 2.3004201093, 5.6713098077, 4.4520634982, 3.4004468484, 3.7695344047, 3.0116235392, 5.5705290337, 4.2275213083, 1.8109154886, 8.0361921886, 2.0510258791, 2.5950549849, 3.0337566763, 6.5359031704, 4.0456961639, 2.5573591074, 2.9396518652, 4.3126487425, 1.9112191456, 2.6145968845, 2.8175485419, 4.9737297153, 5.9022506501, 4.2543077859, 6.8204627663, 5.1481842471],
      [38.8397725838, 40.8169820959, 45.7232865588, 59.077000659, 40.5088199531, 43.0523490642, 43.4919581137, 44.9903870956, 38.0123041525, 37.8044839783, 38.6586124429, 37.8785826763, 27.98478567, 2.7888754208, 4.2487432327, 7.789244562, 10.0215268042, 10.096962802, 6.8397678875, 8.4980047645, 6.5839964587, 6.8060296004, 6.5542680714, 7.9216589309, 6.5242345363, 7.1289181708, 12.1937580882, 7.4566851092, 8.0172726966, 8.6018214817, 7.2659649436, 10.4057014117, 6.9036701041, 8.5919536391, 7.7887346849, 10.1074785183, 6.7925380815, 9.1192426165, 7.7319902432, 4.3025787178, 12.8195598695, 7.415464496, 7.8937824699, 8.124606651, 7.986007374, 9.7624940979, 8.7804974951, 5.5608587707, 9.9243965874, 7.5255783651]
    ],
    [
      [5.7167237479, 4.8247707173, 4.1741217825, 1.3377077288, 3.7766715162, 5.4410081108, 4.0848557285, 1.9876865058, 5.7894211615, 7.8838070442, 7.5990135958, 5.7395027448, 11.7732676316, 30.0813916057, 25.706745021, 23.3174703864, 25.1023490878, 20.2375273093, 28.4117777637, 24.8951815504, 24.2186335016, 24.3896201894, 24.4652232969, 31.3110504301, 25.8607452398, 3.3439050993, 5.905065497, 3.668530095, 3.0222591427, 6.418048056, 3.4881664263, 5.0659750948, 4.8180507346, 2.9165547912, 5.0653649533, 5.8618551236, 3.3565851922, 7.0915696334, 5.7838142347, 4.4227564999, 1.750649373, 6.0736694946, 5.762671823, 6.3948897349, 3.4559188463, 5.2297218731, 7.031501377, 5.6652416634, 4.9641696448, 5.0247539578],
      [3.3307786224, 2.1791212692, 2.0497629379, 0.91180527759, 2.9391211879, 3.1131102641, 2.2459342897, 2.5368963884, 4.0413564884, 3.9240123516, 3.3782464093, 4.3163122681, 9.2401318117, 11.2776446129, 23.325949131, 13.0500068941, 17.3079660383, 16.7175874292, 14.7800770532, 13.0410994782, 11.460895788, 19.3498305228, 12.5275662895, 14.5132454242, 12.5042681212, 3.4722562381, 2.7072943163, 3.2149406999, 1.9544785095, 1.8158131085, 4.364358791, 2.1312492116, 1.1100486922, 2.2955693854, 2.385978355, 1.86943516, 2.1497460536, 4.9338791826, 3.8817365269, 2.9794383895, 0.78954947024, 3.5461555613, 2.0844784209, 2.3616347821, 1.8301661363, 3.6360789413, 4.8136742918, 4.8084431514, 4.8966727177, 2.9132411807],
      [3.9524976297, 2.9961080135, 3.7761152796, 2.7504869936, 3.2842072959, 5.4458816252, 3.6692099817, 4.4754171058, 6.1692223501, 5.1921806042, 5.0227399949, 4.9441849871, 13.9866005567, 20.6409637814, 19.967305848, 18.6325227195, 26.5896848739, 26.0448852615, 24.8081451831, 19.0637189714, 24.3204707104, 19.2605492878, 26.0072104137, 29.1757041457, 25.6349866391, 3.1838386626, 5.3876401868, 5.1165292052, 3.0232623478, 3.7661388355, 4.1474747826, 3.8027756936, 3.0719005733, 1.7878758234, 6.5486566917, 5.2687097163, 3.4936687541, 4.974551184, 5.3344492384, 3.5978051107, 2.4598011567, 4.3801749441, 6.152849756, 5.2434754829, 3.7139150174, 5.1341991856, 5.1548243312, 4.5263151851, 5.1391576375, 3.0620048615]
    ],
    [
      [1.6135319414, 2.5185903322, 2.2889497788, 1.2435054119, 1.5328049153, 2.1079826924, 1.526934517, 1.2179006342, 2.4908432161, 2.4109706457, 2.4187815805, 1.5504187851, 1.2167013888, 5.7507635261, 2.2826533555, 3.7846402859, 1.1771357964, 1.28490388, 2.769081283, 2.6113033348, 2.4958784537, 2.9031389898, 2.0398404627, 1.5141280434, 2.3398919439, 11.6977671773, 11.7200131941, 8.6712520597, 12.1628852146, 17.0085939639, 9.4521416567, 12.4827010071, 18.2015064048, 13.8059969832, 8.8776842314, 11.8012110911, 11.2830029039, 6.1202776848, 2.9739892992, 3.0538262714, 1.8893136013, 3.1406543482, 2.7245050924, 2.0865386027, 2.5037748366, 2.8310055982, 2.6342388464, 2.8420353663, 2.3239742956, 4.5410601133],
      [0.45836806028, 0.55643165074, 0.54999355923, 0.4164737051, 0.58119182827, 0.58795133461, 0.40986240723, 0.75223158293, 0.84377234683, 0.58481967924, 0.52448141458, 0.56662725767, 0.46053578529, 1.0364956932, 0.990246673, 1.0170478526, 0.38954776848, 0.50893261529, 0.69191135848, 0.6574444666, 0.56794162656, 1.102796309, 0.50201898845, 0.33756394617, 0.54390346741, 5.7665579509, 2.5829920795, 3.6198909681, 3.7563176261, 2.3210354926, 5.6071573745, 2.5257757375, 2.0267466058, 5.189688144, 2.0081905027, 1.8156582971, 3.4526261097, 2.0437895634, 0.95915149581, 0.98792389524, 0.41124338381, 0.88186393995, 0.47540027223, 0.37170657926, 0.63838063299, 0.94623095045, 0.86685280208, 1.1571204983, 1.1000588937, 1.2659318489],
      [4.9280999984, 6.924978017, 9.161056662, 11.340020883, 5.8860032564, 9.304065973, 6.0632030758, 12.0298677828, 11.665384437, 7.004209675, 7.056737005, 5.8829539572, 6.3227628259, 17.2127407807, 7.7270999715, 13.1983118615, 5.4333164351, 7.2061635047, 10.5390073585, 8.7312521986, 10.9361799197, 9.9940647012, 9.4581405489, 6.1483080104, 10.1162045887, 48.5356748717, 46.6969947263, 52.7088569722, 53.0807971592, 43.6703705435, 48.9407009688, 40.9915232554, 50.7717469894, 37.0043148728, 50.114125266, 46.3831306118, 51.2643709863, 18.8359327517, 12.066859205, 10.9582498333, 11.6994430149, 9.9774817119, 12.8000946354, 7.541754818, 11.8578445304, 12.2227634513, 8.4989083515, 10.0008441355, 10.5759668107, 12.1930080378]
    ],
    [
      [7.0973375664, 8.02348345, 6.069787826, 2.8647805682, 5.2573619254, 5.1776992225, 8.0081563483, 3.2917949966, 4.6719819219, 6.2205854925, 7.5293402327, 5.3585167154, 5.4307623653, 5.3323857328, 4.1660611471, 6.680565263, 3.5226918646, 4.5321613967, 3.6475563221, 8.2969899522, 7.9369610866, 4.1139704174, 7.1770109995, 2.8509585448, 6.4890820201, 3.4483448096, 3.8188683882, 3.9912255944, 4.450571252, 7.7363388643, 3.0120664385, 9.0963591872, 6.8839092789, 7.63060988, 6.7518110168, 7.6428420763, 6.0748334683, 16.2104727641, 22.9889580652, 27.3013874967, 29.4941671916, 26.4971703223, 30.7567592855, 34.2621785796, 28.7639238337, 21.6560538357, 22.8328086366, 22.003984792, 17.4805021377, 26.0437027479],
      [7.5412485702, 6.5959799018, 5.4144330082, 3.5244778417, 7.4735740683, 5.3904271633, 8.0049802789, 7.6645955067, 5.9501629395, 5.6432729006, 6.0924413574, 7.3605157054, 7.7843422683, 3.6543574724, 6.9353964864, 6.8406726429, 4.4441667085, 6.8545360552, 3.470474061, 7.9434868654, 6.8610249704, 5.9842671224, 6.7150845943, 2.4139442459, 5.73287664, 6.6390621355, 3.2163982759, 6.4682684212, 5.3156941492, 4.006686856, 6.9932961799, 7.0139651637, 2.9025555141, 11.0682962693, 5.8406156254, 4.4605996244, 7.1752316446, 20.6414855705, 28.1718642601, 33.5852321735, 24.1888601493, 28.2330328608, 20.2459197504, 23.0248281666, 27.7603303225, 27.4895429699, 28.5448242265, 34.1446839177, 31.5286032964, 27.5711467889],
      [1.3614138634, 1.3805366482, 1.5157791658, 1.6107415901, 1.2690640064, 1.4318736141, 1.9868633727, 2.0436094968, 1.3778551386, 1.1361416069, 1.3782184099, 1.2809675792, 1.7848953664, 1.0132567947, 0.89854236652, 1.4787620941, 1.0331414269, 1.6133025481, 0.88196961684, 1.7595231824, 2.2020139431, 0.90176246013, 2.1079044062, 0.73509720937, 1.7780413399, 0.91259305493, 0.96473333582, 1.5405059844, 1.2337345988, 1.2569742797, 0.99463738163, 1.889675649, 1.213535207, 1.3010938507, 2.4075733578, 1.8965582993, 1.7499348871, 3.1480416654, 5.8391776747, 6.1133803298, 11.3169726591, 5.269796817, 8.9973209641, 7.7129932538, 8.4757458438, 5.8544031944, 4.6223671369, 4.8513312903, 4.9908945658, 4.3851504632]
    ]
  ],
  "prob": [
    [0.019900067644, 0.31673852028, 0.66336141207],
    [0.39962911308, 0.23769763137, 0.36267325555],
    [0.19338526502, 0.055268683147, 0.75134605184],
    [0.4287312868, 0.4626122359, 0.1086564773]
  ],
  "iterations": 21,
  "time": 0.002521,
  "message": "Converged",
  "status": 0,
  "miniter": 0,
  "maxiter": 1000,
  "maxtime": 3600,
  "param_threshold": 0.001,
  "ll_threshold": "-Inf",
  "initial_prob": "group_proportional",
  "ballotbox_id": ["1", "2", "3", "4", "5", "6", "7", "8", "9", "10", "11", "12", "13", "14", "15", "16", "17", "18", "19", "20", "21", "22", "23", "24", "25", "26", "27", "28", "29", "30", "31", "32", "33", "34", "35", "36", "37", "38", "39", "40", "41", "42", "43", "44", "45", "46", "47", "48", "49", "50"],
  "candidates_id": ["1", "2", "3"],
  "group_id": ["1", "2", "3", "4"]
}
