{
  "Z_true": {},
  "V_true": [
    [11, 366, 18, 44, 947, 47],
    [183, 622, 208, 154, 14896, 324],
    [184, 131, 582, 9131, 1250, 453],
    [642, 24, 68, 376, 529, 83],
    [10, 7, 746, 386, 393, 64],
    [64, 93, 155, 313, 666, 311]
  ],
  "p_true": [
    [0.0077, 0.2554, 0.0126, 0.0307, 0.6609, 0.0328],
    [0.0112, 0.038, 0.0127, 0.0094, 0.909, 0.0198],
    [0.0157, 0.0112, 0.0496, 0.7784, 0.1066, 0.0386],
    [0.3728, 0.0139, 0.0395, 0.2184, 0.3072, 0.0482],
    [0.0062, 0.0044, 0.4645, 0.2403, 0.2447, 0.0399],
    [0.04, 0.0581, 0.0968, 0.1954, 0.4157, 0.1941]
  ],
  "Z_est": {},
  "V_est": [
    [0, 694.9926, 93.9761, 0, 644.0313, 0],
    [269.8991, 487.6507, 320.1028, 0, 15197.6074, 111.74],
    [85.7705, 28.8263, 329.456, 10262.5286, 624.4211, 399.9976],
    [589.3519, 31.5304, 0, 141.4714, 959.6463, 0],
    [36.7462, 0, 1033.4651, 0, 184.8977, 350.891],
    [112.2323, 0, 0, 0, 1070.3962, 419.3715]
  ],
  "p_est": [
    [0, 0.485, 0.0656, 0, 0.4494, 0],
    [0.0165, 0.0298, 0.0195, 0, 0.9274, 0.0068],
    [0.0073, 0.0025, 0.0281, 0.8748, 0.0532, 0.0341],
    [0.3422, 0.0183, 0, 0.0822, 0.5573, 0],
    [0.0229, 0, 0.6435, 0, 0.1151, 0.2185],
    [0.0701, 0, 0, 0, 0.6682, 0.2618]
  ],
  "EI_Z": {},
  "EI_V": 10.549,
  "MAE_Z": {},
  "MAE_V": 202.077,
  "MAE_p": 0.0771,
  "runtime": 0.0227
}
