{
  "Z_true": {},
  "V_true": [
    [622, 24, 392, 172, 13],
    [39, 1260, 138, 1840, 21],
    [51, 434, 107, 11040, 137],
    [340, 400, 10510, 1553, 172],
    [181, 272, 481, 1298, 133],
    [36, 189, 349, 631, 182]
  ],
  "p_true": [
    [0.5086, 0.0196, 0.3205, 0.1406, 0.0106],
    [0.0118, 0.382, 0.0418, 0.5579, 0.0064],
    [0.0043, 0.0369, 0.0091, 0.9381, 0.0116],
    [0.0262, 0.0308, 0.81, 0.1197, 0.0133],
    [0.0765, 0.115, 0.2034, 0.5488, 0.0562],
    [0.026, 0.1363, 0.2516, 0.4549, 0.1312]
  ],
  "Z_est": {},
  "V_est": [
    [733.5329, 0, 309.298, 0, 180.169],
    [141.1279, 2146.3121, 148.6655, 861.8945, 0],
    [0, 0, 0, 11769, 0],
    [235.8521, 432.6879, 10050.1245, 2250.4302, 5.9053],
    [158.4871, 0, 1468.912, 472.2554, 265.3455],
    [0, 0, 0, 1180.4199, 206.5801]
  ],
  "p_est": [
    [0.5998, 0, 0.2529, 0, 0.1473],
    [0.0428, 0.6508, 0.0451, 0.2613, 0],
    [0, 0, 0, 1, 0],
    [0.0182, 0.0333, 0.7746, 0.1734, 0.0005],
    [0.067, 0, 0.6211, 0.1997, 0.1122],
    [0, 0, 0, 0.8511, 0.1489]
  ],
  "EI_Z": {},
  "EI_V": 13.4209,
  "MAE_Z": {},
  "MAE_V": 295.4122,
  "MAE_p": 0.1024,
  "runtime": 0.0144
}
