{
  "X": [
    [39, 20, 4, 37],
    [44, 17, 8, 31],
    [44, 17, 12, 27],
    [43, 10, 13, 34],
    [38, 21, 13, 28],
    [42, 12, 7, 39],
    [42, 21, 15, 22],
    [43, 26, 5, 26],
    [44, 17, 11, 28],
    [44, 14, 9, 33],
    [32, 15, 12, 41],
    [36, 17, 14, 33],
    [44, 16, 14, 26],
    [43, 15, 11, 31],
    [41, 24, 11, 24],
    [48, 15, 8, 29],
    [49, 19, 10, 22],
    [48, 31, 5, 16],
    [48, 25, 11, 16],
    [43, 30, 11, 16],
    [62, 23, 13, 2],
    [52, 23, 11, 14],
    [51, 26, 15, 8],
    [52, 29, 6, 13],
    [45, 36, 11, 8],
    [59, 26, 9, 6],
    [48, 37, 7, 8],
    [53, 30, 3, 14],
    [51, 33, 8, 8],
    [49, 24, 14, 13],
    [50, 36, 5, 9],
    [46, 31, 14, 9],
    [59, 26, 7, 8],
    [52, 19, 23, 6],
    [41, 20, 26, 13],
    [39, 25, 23, 13],
    [40, 20, 21, 19],
    [46, 25, 21, 8],
    [40, 17, 32, 11],
    [44, 16, 17, 23],
    [41, 22, 24, 13],
    [38, 22, 24, 16],
    [40, 23, 30, 7],
    [47, 18, 24, 11],
    [43, 21, 23, 13],
    [42, 23, 23, 12],
    [42, 24, 25, 9],
    [43, 22, 22, 13],
    [42, 21, 29, 8],
    [42, 20, 29, 9]
  ],
  "W": [
    [75, 13, 12],
    [68, 17, 15],
    [63, 20, 17],
    [74, 17, 9],
    [65, 16, 19],
    [68, 13, 19],
    [61, 12, 27],
    [66, 23, 11],
    [68, 13, 19],
    [69, 14, 17],
    [74, 12, 14],
    [69, 11, 20],
    [58, 21, 21],
    [64, 19, 17],
    [60, 15, 25],
    [68, 17, 15],
    [47, 34, 19],
    [13, 71, 16],
    [18, 65, 17],
    [18, 68, 14],
    [10, 68, 22],
    [21, 66, 13],
    [14, 63, 23],
    [14, 74, 12],
    [18, 63, 19],
    [17, 68, 15],
    [16, 64, 20],
    [13, 77, 10],
    [14, 71, 15],
    [22, 56, 22],
    [16, 70, 14],
    [13, 70, 17],
    [18, 61, 21],
    [18, 32, 50],
    [12, 16, 72],
    [20, 14, 66],
    [20, 16, 64],
    [21, 16, 63],
    [14, 20, 66],
    [25, 17, 58],
    [20, 16, 64],
    [17, 23, 60],
    [8, 27, 65],
    [22, 8, 70],
    [15, 13, 72],
    [18, 16, 66],
    [16, 19, 65],
    [14, 17, 69],
    [16, 18, 66],
    [19, 17, 64]
  ],
  "method": "mvn_pdf",
  "cond_prob": [
    [
      [0.3558486537, 0.14837004131, 0.026845143787, 0.4689361612],
      [0.51392100552, 0.41510585037, 0.019261280821, 0.051711863286],
      [0.43183741405, 0.27773296123, 0.21020366214, 0.080225962574]
    ],
    [
      [0.40704444813, 0.11980553982, 0.042606943626, 0.43054306843],
      [0.5881214866, 0.3338659019, 0.030544139493, 0.047468472003],
      [0.43776244021, 0.198433445, 0.29848147217, 0.065322642614]
    ],
    [
      [0.41334158063, 0.11888235717, 0.066064228723, 0.40171183347],
      [0.58557788643, 0.3245871688, 0.046407103997, 0.043427840771],
      [0.38017905755, 0.16832175406, 0.39933772892, 0.052161459468]
    ],
    [
      [0.38703618242, 0.078235669183, 0.10266403963, 0.43206410876],
      [0.62323200099, 0.24197164374, 0.081722804307, 0.053073550966],
      [0.30703630879, 0.095374438178, 0.54909983093, 0.048489422101]
    ],
    [
      [0.36797280135, 0.15822628836, 0.068922631061, 0.40487827923],
      [0.49767006913, 0.41421727652, 0.046275406901, 0.041837247448],
      [0.32813097537, 0.21747624416, 0.40340471218, 0.050988068294]
    ],
    [
      [0.3543734194, 0.08050823966, 0.029828829251, 0.53528951169],
      [0.6275633874, 0.2742671611, 0.026211650662, 0.071957800836],
      [0.47478515184, 0.16600944873, 0.25853870786, 0.10066669157]
    ],
    [
      [0.42312281702, 0.16841994678, 0.067918143268, 0.34053909293],
      [0.52312368647, 0.4029003147, 0.041729737108, 0.032246261721],
      [0.36060001668, 0.22128320737, 0.37705456932, 0.041062206631]
    ],
    [
      [0.40164793866, 0.196074824, 0.034046389655, 0.36823084769],
      [0.4858434935, 0.45961000838, 0.020452418815, 0.034094079309],
      [0.41126322673, 0.30966371947, 0.22578270143, 0.05329035236]
    ],
    [
      [0.4256082774, 0.1286543193, 0.054871013777, 0.39086638952],
      [0.58222284077, 0.33963746962, 0.037255748383, 0.040883941229],
      [0.41036560409, 0.19107769245, 0.3452869393, 0.05326976416]
    ],
    [
      [0.40454491255, 0.10063575291, 0.043804520858, 0.45101481368],
      [0.618148202, 0.2961146544, 0.033203156557, 0.052533987048],
      [0.44531614498, 0.17052820426, 0.31416571079, 0.069989939966]
    ],
    [
      [0.29608659935, 0.10673516849, 0.065595657338, 0.53158257482],
      [0.51459836523, 0.35855910349, 0.056521625131, 0.070320906145],
      [0.30538044988, 0.16954287034, 0.44785969332, 0.077216986459]
    ],
    [
      [0.34788714228, 0.12882585982, 0.070047487683, 0.45323951021],
      [0.52209520728, 0.37383357937, 0.05217539009, 0.051895823259],
      [0.32496099917, 0.18541204095, 0.4299031068, 0.059723853081]
    ],
    [
      [0.40880235928, 0.10884995805, 0.070346582974, 0.4120010997],
      [0.59712246692, 0.30609421065, 0.050951786861, 0.045831535569],
      [0.37298130468, 0.15282981801, 0.42121974849, 0.052969128827]
    ],
    [
      [0.38952735341, 0.10205726614, 0.055865252197, 0.45255012825],
      [0.60094640148, 0.30316952454, 0.042731994993, 0.053152078994],
      [0.39886096066, 0.1608260982, 0.37504045179, 0.065272489352]
    ],
    [
      [0.39678960518, 0.18633585777, 0.047982104397, 0.36889243265],
      [0.48991579124, 0.44579705153, 0.029456728347, 0.034830428881],
      [0.3789276241, 0.27446876145, 0.29686206996, 0.049741544491]
    ],
    [
      [0.4486826957, 0.10721811121, 0.042899595526, 0.40119959756],
      [0.63464977625, 0.29191625987, 0.030095953962, 0.043338009917],
      [0.47242746682, 0.17377082826, 0.29414249784, 0.059659207074]
    ],
    [
      [0.42870838202, 0.11105094835, 0.049456199843, 0.41078446979],
      [0.61422000572, 0.30598906921, 0.035134237656, 0.044656687413],
      [0.43757970594, 0.17437793458, 0.3291807207, 0.058861638779]
    ],
    [
      [0.25333521609, 0.090275628169, 0.021178600771, 0.63521055497],
      [0.52441758645, 0.35895010609, 0.021727182809, 0.094905124655],
      [0.41272756475, 0.22589850929, 0.22288095722, 0.13849296875]
    ],
    [
      [0.30414226909, 0.089528625631, 0.051805139472, 0.55452396581],
      [0.56077059386, 0.31685606845, 0.047276681773, 0.075096655914],
      [0.35431647255, 0.16022714576, 0.39749511517, 0.087961266526]
    ],
    [
      [0.27545278043, 0.10622396525, 0.060082604403, 0.55824064992],
      [0.50045885091, 0.37105826563, 0.054019395612, 0.07446348785],
      [0.30147201461, 0.17867996031, 0.43669807103, 0.083149954051]
    ],
    [
      [0.59561712427, 0.12452211783, 0.080387964717, 0.19947279319],
      [0.66971792729, 0.26846812426, 0.044770354294, 0.017043594152],
      [0.44357228525, 0.1425324066, 0.39300145227, 0.020893855886]
    ],
    [
      [0.37795456892, 0.096693921047, 0.071658646966, 0.45369286307],
      [0.59741211422, 0.29322520613, 0.056023819872, 0.053338859781],
      [0.35452417398, 0.13935585719, 0.4474439793, 0.058675989528]
    ],
    [
      [0.43791625524, 0.12697676614, 0.086056740123, 0.34905023851],
      [0.58353485793, 0.32494150605, 0.056785383117, 0.034738252901],
      [0.3509595868, 0.1564140708, 0.45393218483, 0.038694157576]
    ],
    [
      [0.34083565802, 0.10505310219, 0.034143018019, 0.51996822177],
      [0.57043628598, 0.3375305114, 0.028302577866, 0.063730624749],
      [0.42823608709, 0.20276964778, 0.28031382678, 0.088680438357]
    ],
    [
      [0.41544643452, 0.19867319962, 0.067413226641, 0.31846713922],
      [0.48542031294, 0.44752584003, 0.039049537644, 0.028004309387],
      [0.34402745319, 0.2531940103, 0.36605863922, 0.036719897289]
    ],
    [
      [0.53653839301, 0.13430020008, 0.061411559822, 0.26774984709],
      [0.63496085429, 0.3050960734, 0.035990471434, 0.023952600869],
      [0.4532420246, 0.17440872491, 0.34069693934, 0.031652311145]
    ],
    [
      [0.43066730196, 0.19934092552, 0.040016741993, 0.32997503052],
      [0.50107343677, 0.44702741666, 0.02310169088, 0.028797455697],
      [0.41329489741, 0.29437473465, 0.2483917557, 0.04393861224]
    ],
    [
      [0.31239335218, 0.096894732512, 0.020792531222, 0.56991938408],
      [0.56790100792, 0.3380891345, 0.018737133301, 0.075272724286],
      [0.46460093774, 0.22132452655, 0.19990731446, 0.11416722126]
    ],
    [
      [0.43559161338, 0.15961006897, 0.051753408862, 0.35304490879],
      [0.54821558779, 0.38634898672, 0.032270410217, 0.033165015273],
      [0.40763613405, 0.22967855115, 0.31702871692, 0.045656597884]
    ],
    [
      [0.39732926561, 0.1142718307, 0.072990863639, 0.41540804004],
      [0.58083768966, 0.32090828537, 0.052849027953, 0.045404997014],
      [0.3578811416, 0.15821995786, 0.432084496, 0.051814404539]
    ],
    [
      [0.42503472728, 0.17810558296, 0.034916628199, 0.36194306155],
      [0.52323460923, 0.42216417625, 0.021315277342, 0.03328593717],
      [0.43582811585, 0.28091969834, 0.23194299116, 0.051309194654]
    ],
    [
      [0.36954039239, 0.13821469099, 0.097576075804, 0.39466884082],
      [0.51841755414, 0.3727867852, 0.067731349206, 0.041064311451],
      [0.2873312405, 0.16520756857, 0.5052989578, 0.042162233129]
    ],
    [
      [0.52322621089, 0.1322227669, 0.038015982202, 0.30653504001],
      [0.63882427159, 0.30997807348, 0.023017435995, 0.028180218933],
      [0.51562389103, 0.20032010047, 0.24196090097, 0.042095107539]
    ],
    [
      [0.53958616352, 0.12327565799, 0.077809257934, 0.25932892056],
      [0.64652512373, 0.28363829799, 0.046277895277, 0.023558683006],
      [0.42543850561, 0.14947629752, 0.39640464407, 0.028680552802]
    ],
    [
      [0.33555246709, 0.10319301482, 0.046331911437, 0.51492260665],
      [0.56410830332, 0.33367910043, 0.038634858542, 0.063577737712],
      [0.3898859054, 0.18436003273, 0.34437518736, 0.081378874517]
    ],
    [
      [0.37156095736, 0.15980436661, 0.050605706019, 0.41802897002],
      [0.50438273567, 0.41898622148, 0.034152191039, 0.04247885182],
      [0.37163839895, 0.24618887851, 0.32431140753, 0.057861315004]
    ],
    [
      [0.29005002756, 0.092776499022, 0.035431483996, 0.58174198942],
      [0.54819013471, 0.33750970571, 0.033232216506, 0.081067943078],
      [0.39259679936, 0.19315226737, 0.30678679446, 0.10746413882]
    ],
    [
      [0.48460226869, 0.1773949231, 0.054303431022, 0.28369937719],
      [0.55353115513, 0.39102985858, 0.030854656335, 0.02458432995],
      [0.42296384259, 0.23850906772, 0.30381523469, 0.034711854995]
    ],
    [
      [0.38083942168, 0.10378774046, 0.078848478391, 0.43652435947],
      [0.58431426959, 0.30600123049, 0.060002526863, 0.04968197306],
      [0.34365610043, 0.14398490208, 0.45825607279, 0.054102924702]
    ],
    [
      [0.28954133324, 0.069265817973, 0.027960560689, 0.61323228809],
      [0.60106584008, 0.27611248991, 0.028791959385, 0.09402971063],
      [0.43961697646, 0.16166454868, 0.27139469252, 0.12732378233]
    ],
    [
      [0.38839003358, 0.13581983388, 0.054631882381, 0.42115825015],
      [0.54792965095, 0.36933148017, 0.038290451903, 0.044448416977],
      [0.38598765912, 0.20777040508, 0.34833244738, 0.057909488418]
    ],
    [
      [0.29674860383, 0.10631213574, 0.048414211664, 0.54852504876],
      [0.52439018207, 0.36175545609, 0.042447214075, 0.071407147764],
      [0.35078425346, 0.19328839632, 0.36750017487, 0.088427175343]
    ],
    [
      [0.40332278694, 0.1398425673, 0.080221852415, 0.37661279335],
      [0.54488526419, 0.36362894819, 0.053774702795, 0.037711084826],
      [0.33995424494, 0.18128377183, 0.43520336756, 0.043558615676]
    ],
    [
      [0.48082090563, 0.12312772727, 0.052899793768, 0.34315157333],
      [0.62454261864, 0.3076885349, 0.034144752896, 0.033624093567],
      [0.45490580149, 0.17928643665, 0.32051812881, 0.045289633055]
    ],
    [
      [0.37309110782, 0.1172103957, 0.0427244606, 0.46697403589],
      [0.56998874548, 0.34473021757, 0.032406837556, 0.052874199392],
      [0.41898233157, 0.20250398816, 0.3065839244, 0.071929755866]
    ],
    [
      [0.39725103817, 0.14157204758, 0.050815630551, 0.4103612837],
      [0.54710757164, 0.3758721464, 0.034772385551, 0.042247896414],
      [0.39826555765, 0.21848235998, 0.32637259115, 0.056879491216]
    ],
    [
      [0.42969790341, 0.15831421653, 0.062330051555, 0.3496578285],
      [0.54242841196, 0.38533768267, 0.039100080506, 0.033133824866],
      [0.38295370318, 0.21720974201, 0.35657802166, 0.043258533145]
    ],
    [
      [0.35988764073, 0.11670193946, 0.041440416043, 0.48197000377],
      [0.56169075296, 0.35062005069, 0.032103833514, 0.055585362834],
      [0.41358438233, 0.20629862451, 0.30435670754, 0.075760285627]
    ],
    [
      [0.45114553836, 0.14471440627, 0.077545010597, 0.32659504477],
      [0.56893941529, 0.351490155, 0.048581696913, 0.030988732802],
      [0.37032661531, 0.18282423278, 0.40954236416, 0.037306787759]
    ],
    [
      [0.45027640049, 0.13951567037, 0.079753960103, 0.33045396904],
      [0.57471542161, 0.34292169022, 0.05057083512, 0.031792053052],
      [0.36766208593, 0.17532933667, 0.41939533, 0.037613247402]
    ]
  ],
  "expected_outcome": [
    [
      [26.6886490278, 27.6790224728, 26.0405195799, 28.640677499, 23.9182320877, 24.0973925189, 25.810491838, 26.5087639514, 28.9413628635, 27.9135989656, 21.9104083517, 24.0042128175, 23.710536838, 24.9297506185, 23.8073763108, 30.5104233078, 20.1492939547, 3.2933578092, 5.4745608436, 4.9581500478, 5.9561712427, 7.9370459473, 6.1308275733, 4.7716992123, 7.4780358213, 9.1211526812, 6.8906768314, 4.0611135784, 6.0982825873, 8.7412438435, 6.8005556365, 4.8040251011, 9.418071796, 9.7125509433, 4.026629605, 7.4312191472, 5.8010005513, 10.1766476425, 5.3317519035, 7.2385333311, 7.7678006717, 5.0447262652, 3.2265822955, 10.5780599239, 5.5963666172, 7.150518687, 6.8751664545, 5.0384269702, 7.2183286138, 8.5552516092],
      [11.1277530982, 8.1467767075, 7.4895885018, 5.7894395196, 10.2847087432, 5.4745602969, 10.2736167538, 12.9409383839, 8.7484937126, 6.9438669511, 7.8984024683, 8.8889843275, 6.3132975671, 6.5316650331, 11.1801514663, 7.2908315625, 5.2193945725, 1.1735831662, 1.6115152614, 1.9120313745, 1.2452211783, 2.030572342, 1.7776747259, 1.4707434306, 3.5761175932, 2.2831034014, 3.1894548084, 1.2596315227, 2.2345409655, 2.5139802755, 2.8496893274, 1.7967909829, 2.3800098042, 2.2189618438, 1.2383161779, 3.1960873322, 1.8555299804, 3.7252933851, 1.4530283665, 1.7316454493, 2.7163966777, 1.8073063076, 1.1187405384, 2.7088099999, 1.7581559355, 2.5482968564, 2.5330274645, 1.6338271524, 2.3154305002, 2.650797737],
      [2.013385784, 2.8972721666, 4.1620464095, 7.597138933, 4.479971019, 2.0283603891, 4.1430067394, 2.2470617172, 3.7312289368, 3.0225119392, 4.854078643, 4.8332766501, 4.0801018125, 3.5753761406, 2.8789262638, 2.9171724958, 2.3244413926, 0.27532181003, 0.9324925105, 1.0814868793, 0.80387964717, 1.5048315863, 1.2047943617, 0.47800225226, 1.2134380795, 1.043996517, 0.64026787189, 0.27030290589, 0.72454772407, 1.6057990001, 0.55866605119, 1.2684889854, 0.68428767964, 1.4005666428, 0.55598293725, 1.0121141204, 0.70862967991, 1.1403720515, 1.1038786975, 0.69901401723, 1.0926376476, 0.82304159829, 0.64177481932, 1.1637954629, 0.64086690901, 0.91468134992, 0.99728082488, 0.5801658246, 1.2407201695, 1.515325242],
      [35.17021209, 29.2769286531, 25.3078455088, 31.9727440484, 26.3170881502, 36.3996867952, 20.7728846688, 24.3032359474, 26.5789144871, 31.120022144, 39.3371105369, 31.2735262048, 23.8960637824, 28.9632082078, 22.133545959, 27.2815726339, 19.3068700802, 8.2577372145, 9.9814313845, 10.0483316985, 1.9947279319, 9.5275501245, 4.8867033391, 7.2795551048, 5.7324085059, 4.5517474005, 5.2796004884, 7.4089519931, 4.9426287231, 9.1389768809, 5.7910889849, 5.1306949306, 5.5176307201, 4.66792057, 6.1790712799, 8.3605794003, 11.6348397884, 5.957686921, 6.1113410325, 15.3308072024, 8.4231650031, 9.3249258289, 3.0129023468, 7.5493346133, 7.0046105383, 7.3865031066, 5.5945252561, 6.7475800528, 5.2255207164, 6.2786254118]
    ],
    [
      [6.6809730718, 9.9980652722, 11.7115577286, 10.5949440168, 7.962721106, 8.1583240362, 6.2774842377, 11.1744003505, 7.56889693, 8.654074828, 6.1751803828, 5.74304728, 12.5395718053, 11.4179816281, 7.3487368686, 10.7890461963, 20.8834801945, 37.2336486377, 36.4500886009, 34.0312018617, 45.540819056, 39.4291995386, 36.7626960495, 42.2122851625, 30.5814797151, 43.177338092, 32.068699953, 43.7283776095, 38.9233067334, 32.5269106209, 36.6264226463, 36.2892287897, 38.968280567, 20.6888039593, 9.0257328531, 7.0613582993, 8.7710421553, 8.8564984821, 11.6862853917, 10.2181192813, 8.7668744152, 12.0609741876, 14.7119021331, 4.9963409491, 7.4098536913, 8.7537211462, 10.3061398272, 9.5487428004, 10.2409094752, 9.7701621674],
      [5.3963760548, 5.6757203324, 6.491743376, 4.1135179436, 6.6274764244, 3.5654730943, 4.8348037764, 10.5710301927, 4.4152871051, 4.1456051616, 4.3027092419, 4.1121693731, 6.4279784237, 5.7602209662, 6.686955773, 4.9625764177, 10.4036283531, 25.4854575324, 20.5956444494, 25.2319620629, 18.2558324496, 19.3528636044, 20.4713148813, 24.9772578439, 28.1941279219, 20.7465329913, 28.6097546661, 26.0328633563, 27.4307780568, 17.9708639809, 29.5514923378, 26.0950749643, 18.9086624824, 9.0764255356, 5.3388656068, 5.8658071007, 5.4001552913, 6.2564777373, 6.1200246098, 4.6939123284, 5.9093036828, 8.3203754901, 9.8179816011, 2.4615082792, 4.4814928284, 6.0139543423, 7.3214159708, 5.9605408617, 6.32682279, 5.8296687337],
      [0.25039665067, 0.51925037138, 0.92814207994, 1.3892876732, 0.74040651042, 0.34075145861, 0.50075684529, 0.47040563274, 0.48432472898, 0.46484419179, 0.67825950158, 0.57392929099, 1.0699875241, 0.81190790487, 0.44185092521, 0.51163121736, 1.1945640803, 1.5426299794, 3.0729843153, 3.6733189016, 3.044384092, 3.6975721116, 3.5774791364, 2.0943907621, 2.4601208715, 2.4473520575, 1.4785082163, 1.4427592642, 2.2911991254, 2.9595455654, 1.492069414, 4.7411944444, 1.4040635957, 1.4808926489, 0.61815773668, 0.47813067454, 0.5317154641, 0.49367450135, 1.2000505373, 0.48946330955, 0.61264723045, 0.97628592373, 1.4519169755, 0.27315802317, 0.42128888823, 0.55635816881, 0.74290152962, 0.54576516974, 0.87447054443, 0.85970419704],
      [0.67225422272, 0.80696402405, 0.86855681542, 0.90225036643, 0.66939595917, 0.93545141087, 0.38695514066, 0.7841638241, 0.53149123597, 0.73547581868, 0.84385087374, 0.57085405584, 0.96246224695, 1.0098895009, 0.52245643321, 0.73674616858, 1.518327372, 6.7382638505, 4.8812826344, 5.0635171738, 1.1589644024, 3.5203647455, 2.1885099328, 4.7160662314, 1.7642714914, 1.6287768591, 1.8430371646, 5.7959997701, 2.3547160844, 2.5426798328, 2.3300156019, 2.8745018016, 1.7189933549, 0.75387785619, 1.0172438034, 0.59470392548, 1.2970870892, 0.3933492792, 0.99363946119, 1.5985050807, 0.71117467164, 1.6423643986, 1.0181992903, 0.26899274854, 0.6873645921, 0.67596634262, 0.62954267246, 0.94495116818, 0.55779719044, 0.54046490188]
    ],
    [
      [5.1820489687, 6.5664366031, 6.4630439784, 2.7633267791, 6.234488532, 9.020917885, 9.7362004504, 4.5238954941, 7.7969464777, 7.5703744647, 4.2753262983, 6.4992199834, 7.8326073982, 6.7806363312, 9.4731906024, 7.0864120024, 8.3140144129, 6.603641036, 6.0233800333, 4.2206082045, 9.7585902755, 4.6088142618, 8.0720704964, 5.138833045, 6.5365216106, 6.7986303691, 8.2658979481, 4.6460093774, 6.1145420108, 7.8733851151, 6.101593622, 4.8846310885, 10.8281017115, 21.2719252806, 28.0717851885, 24.528134331, 25.1261951588, 26.6467220833, 22.6813026282, 25.4977846349, 24.7032101837, 21.0470552078, 22.097025921, 31.843406104, 30.1667278732, 26.2855268051, 24.8919907068, 28.5373223806, 24.4415566103, 23.5303734992],
      [3.3327955347, 2.9765016751, 2.861469819, 0.8583699436, 4.132048639, 3.1541795258, 5.9746465989, 3.4063009142, 3.6304761565, 2.8989794724, 2.3736001848, 3.708240819, 3.2094261782, 2.7340436695, 6.8617190363, 2.6065624239, 3.313180757, 3.6143761486, 2.723861478, 2.5015194443, 3.1357129451, 1.8116261434, 3.5975236283, 2.4332357734, 4.8106861958, 2.6161308737, 5.8874946931, 2.2132452655, 3.4451782672, 3.4808390729, 3.9328757767, 2.8085286657, 4.2067221098, 7.4738148758, 13.2739223563, 16.2484659818, 12.3617451116, 15.0260712663, 9.5030035373, 9.3765438236, 13.297305925, 11.5973037794, 11.7834451689, 12.5500505657, 14.5802871476, 14.4198357586, 14.1186332309, 14.2346050911, 12.0663993633, 11.2210775468],
      [2.5224439457, 4.4772220826, 6.7887413917, 4.9418984784, 7.6646895314, 4.9122354494, 10.1804733717, 2.4836097157, 6.5604518468, 5.3408170834, 6.2700357065, 8.598062136, 8.8456147182, 6.3756876804, 7.421551749, 4.4121374676, 6.2544336933, 3.5660953155, 6.7574169578, 6.1137729944, 8.6460319498, 5.8167717309, 10.4404402511, 3.3637659213, 6.9551141451, 5.1104540901, 4.967835114, 1.9990731446, 4.7554307538, 9.5058589121, 3.2472018762, 8.5900822826, 5.0811789203, 19.8202322035, 24.7950134899, 21.404552897, 19.6343548453, 19.1403597857, 30.2449008041, 15.7408921662, 22.2932766326, 22.0500104922, 28.2882188911, 22.4362690165, 22.0740425569, 21.5405910161, 23.1775714078, 21.00061282, 27.0297960343, 26.8413011202],
      [0.96271155089, 0.97983963921, 0.88674481096, 0.43640479891, 0.96877329759, 1.9126671398, 1.108679579, 0.58619387596, 1.012125519, 1.1898289794, 1.0810378104, 1.1944770616, 1.1123517054, 1.109632319, 1.2435386123, 0.8948881061, 1.1183711368, 2.2158874999, 1.4953415309, 1.1640993567, 0.4596648295, 0.76278786386, 0.88996562424, 1.0641652603, 0.6976780485, 0.47478466718, 0.87877224479, 1.1416722126, 0.68484896826, 1.1399168999, 0.71832872515, 0.7167579632, 0.88399725833, 1.4340276401, 5.8592789653, 3.8188467903, 6.8777048843, 2.1868468647, 3.5707930303, 7.3847793754, 3.7062072588, 5.3056305206, 2.831310019, 3.1702743138, 5.1789424223, 3.7540464203, 2.8118046544, 5.2274597083, 2.4622479921, 2.4072478338]
    ]
  ],
  "prob": [
    [0.39237733428, 0.12688313364, 0.05551795635, 0.42522157573],
    [0.56407642235, 0.34860066465, 0.039771408672, 0.047551504332],
    [0.39293948226, 0.19472584804, 0.35132757568, 0.061007094027]
  ],
  "iterations": 14,
  "time": 0.001429,
  "message": "Converged",
  "status": 0,
  "miniter": 0,
  "maxiter": 1000,
  "maxtime": 3600,
  "param_threshold": 0.001,
  "ll_threshold": "-Inf",
  "initial_prob": "group_proportional",
  "ballotbox_id": ["1", "2", "3", "4", "5", "6", "7", "8", "9", "10", "11", "12", "13", "14", "15", "16", "17", "18", "19", "20", "21", "22", "23", "24", "25", "26", "27", "28", "29", "30", "31", "32", "33", "34", "35", "36", "37", "38", "39", "40", "41", "42", "43", "44", "45", "46", "47", "48", "49", "50"],
  "candidates_id": ["1", "2", "3", "4"],
  "group_id": ["1", "2", "3"]
}
