{
  "X": [
    [15, 16, 46, 23],
    [27, 9, 46, 18],
    [30, 10, 43, 17],
    [27, 9, 40, 24],
    [28, 9, 45, 18],
    [20, 15, 47, 18],
    [22, 13, 39, 26],
    [17, 16, 44, 23],
    [22, 15, 43, 20],
    [16, 14, 43, 27],
    [26, 8, 40, 26],
    [19, 18, 43, 20],
    [25, 17, 34, 24],
    [22, 6, 45, 27],
    [26, 11, 45, 18],
    [22, 7, 44, 27],
    [24, 21, 37, 18],
    [34, 28, 31, 7],
    [33, 28, 31, 8],
    [34, 28, 24, 14],
    [37, 32, 21, 10],
    [37, 27, 30, 6],
    [29, 26, 27, 18],
    [32, 27, 32, 9],
    [38, 31, 20, 11],
    [38, 28, 29, 5],
    [28, 33, 27, 12],
    [36, 26, 29, 9],
    [33, 28, 22, 17],
    [28, 29, 35, 8],
    [33, 33, 27, 7],
    [35, 18, 37, 10],
    [34, 40, 19, 7],
    [29, 23, 29, 19],
    [29, 24, 28, 19],
    [21, 28, 25, 26],
    [29, 28, 28, 15],
    [27, 18, 32, 23],
    [28, 24, 29, 19],
    [28, 25, 32, 15],
    [22, 28, 30, 20],
    [29, 30, 23, 18],
    [29, 24, 23, 24],
    [28, 32, 26, 14],
    [27, 25, 25, 23],
    [25, 24, 35, 16],
    [28, 36, 22, 14],
    [23, 26, 36, 15],
    [26, 20, 26, 28],
    [22, 28, 29, 21]
  ],
  "W": [
    [64, 19, 17],
    [70, 16, 14],
    [60, 16, 24],
    [67, 14, 19],
    [67, 19, 14],
    [67, 18, 15],
    [68, 18, 14],
    [63, 20, 17],
    [58, 19, 23],
    [67, 12, 21],
    [65, 14, 21],
    [70, 16, 14],
    [58, 21, 21],
    [62, 16, 22],
    [74, 11, 15],
    [70, 17, 13],
    [52, 34, 14],
    [16, 66, 18],
    [19, 67, 14],
    [15, 67, 18],
    [17, 74, 9],
    [14, 74, 12],
    [22, 61, 17],
    [18, 65, 17],
    [14, 60, 26],
    [13, 73, 14],
    [19, 59, 22],
    [15, 64, 21],
    [15, 56, 29],
    [18, 56, 26],
    [20, 67, 13],
    [19, 68, 13],
    [15, 71, 14],
    [13, 36, 51],
    [15, 19, 66],
    [18, 9, 73],
    [13, 24, 63],
    [23, 13, 64],
    [18, 16, 66],
    [19, 14, 67],
    [13, 16, 71],
    [16, 20, 64],
    [18, 18, 64],
    [14, 28, 58],
    [16, 16, 68],
    [18, 22, 60],
    [16, 22, 62],
    [24, 18, 58],
    [17, 13, 70],
    [25, 15, 60]
  ],
  "method": "mvn_pdf",
  "cond_prob": [
    [
      [0.11411504568, 0.032134434075, 0.57341556724, 0.28033495301],
      [0.29210517758, 0.42581088279, 0.25327713011, 0.028806809519],
      [0.17299198353, 0.33214999506, 0.25094025303, 0.24391776838]
    ],
    [
      [0.21012475088, 0.021859399229, 0.55343744264, 0.21457840725],
      [0.49395816361, 0.26204874217, 0.22374594538, 0.02024714884],
      [0.32796975505, 0.23085971115, 0.2491121327, 0.1920584011]
    ],
    [
      [0.22620095271, 0.020177066829, 0.54910383585, 0.20451814461],
      [0.52489775385, 0.23698454293, 0.219051864, 0.019065839219],
      [0.35476632088, 0.212893862, 0.24827884021, 0.18406097691]
    ],
    [
      [0.20889604609, 0.020733433419, 0.49134751309, 0.27902300741],
      [0.50943003354, 0.2571584921, 0.20617437771, 0.027237096648],
      [0.32102884298, 0.21496175441, 0.21803675709, 0.24597264552]
    ],
    [
      [0.2089204721, 0.020281862483, 0.55104928035, 0.21974838506],
      [0.50272898283, 0.24808512143, 0.22798259613, 0.021203299605],
      [0.3312713164, 0.21695015808, 0.25196846671, 0.19981005882]
    ],
    [
      [0.15414450861, 0.035349733306, 0.58809468332, 0.22241107477],
      [0.34449422368, 0.40893714308, 0.22656718672, 0.020001446513],
      [0.22247602678, 0.34866595327, 0.24478219242, 0.18407582753]
    ],
    [
      [0.1659151344, 0.029921144627, 0.48170321069, 0.32246051028],
      [0.39871812825, 0.37075536616, 0.19953294251, 0.030993563088],
      [0.23921528877, 0.293649071, 0.20064708751, 0.26648855272]
    ],
    [
      [0.1257300816, 0.032015817829, 0.55595772242, 0.28629637815],
      [0.31552188771, 0.41498943804, 0.2406705689, 0.028818105345],
      [0.18808049563, 0.32610710367, 0.24009018159, 0.24572221911]
    ],
    [
      [0.15663390488, 0.027714982019, 0.56762483905, 0.24802627405],
      [0.38557510109, 0.34913118003, 0.24076713242, 0.024526586461],
      [0.24083438481, 0.28847959014, 0.25178896697, 0.21889705808]
    ],
    [
      [0.12720654796, 0.031615189037, 0.52681711966, 0.31436114335],
      [0.32239399717, 0.41510601251, 0.23051059407, 0.031989396254],
      [0.18823198418, 0.31933575275, 0.22528122253, 0.26715104053]
    ],
    [
      [0.19004598226, 0.017527936023, 0.49050349325, 0.30192258847],
      [0.50632746053, 0.23666604908, 0.22484668992, 0.032159800464],
      [0.30512760034, 0.18917865323, 0.22747142011, 0.27822232632]
    ],
    [
      [0.16178614825, 0.056851678441, 0.53658283685, 0.24477933646],
      [0.28741560684, 0.53047120562, 0.16460118134, 0.017512006204],
      [0.19032862866, 0.46253253214, 0.18217228386, 0.16496655534]
    ],
    [
      [0.18735708631, 0.034683048929, 0.46295285696, 0.3150070078],
      [0.40929965428, 0.38879778083, 0.17436368286, 0.027538882025],
      [0.25423692171, 0.31936920592, 0.18144833046, 0.24494554191]
    ],
    [
      [0.13801551526, 0.012340118683, 0.53961905506, 0.310025311],
      [0.45177548709, 0.20378991721, 0.30389690779, 0.040537687911],
      [0.248863776, 0.14877519036, 0.28104267674, 0.3213183569]
    ],
    [
      [0.22469161587, 0.03221004224, 0.53346712042, 0.20963122147],
      [0.45731114101, 0.33852526496, 0.18699212489, 0.01717146913],
      [0.3124156252, 0.30648127862, 0.21399272533, 0.16711037085]
    ],
    [
      [0.15050534991, 0.015600447148, 0.51304628837, 0.32084791457],
      [0.4548025597, 0.23972701611, 0.26677269644, 0.03869772775],
      [0.25602498447, 0.17851433225, 0.25214063219, 0.31332005109]
    ],
    [
      [0.16445283307, 0.03757909834, 0.52788903709, 0.2700790315],
      [0.35825910155, 0.42004928608, 0.19816136999, 0.023530242376],
      [0.22650235961, 0.35089850687, 0.20968839415, 0.21291073936]
    ],
    [
      [0.17147390097, 0.028425740577, 0.61432212061, 0.18577823784],
      [0.40016013535, 0.33563284186, 0.24685894045, 0.017348082343],
      [0.26564232154, 0.29521394242, 0.27390818466, 0.16523555138]
    ],
    [
      [0.16669501088, 0.029102383709, 0.59404335805, 0.21015924736],
      [0.39242442547, 0.34698297526, 0.2408789177, 0.019713681571],
      [0.25508819582, 0.29872104146, 0.26178878688, 0.18440197584]
    ],
    [
      [0.15122368909, 0.024973156018, 0.43884799383, 0.38495516105],
      [0.4105052085, 0.34279247758, 0.20577576933, 0.040926544588],
      [0.2271863422, 0.2512442635, 0.19053060513, 0.33103878917]
    ],
    [
      [0.19480166752, 0.035073349003, 0.44584768249, 0.32427730099],
      [0.42146179028, 0.38470535308, 0.1664042693, 0.027428587337],
      [0.26195036264, 0.31658636465, 0.17305655405, 0.24840671866]
    ],
    [
      [0.17835783227, 0.02642503914, 0.60677957137, 0.18843755721],
      [0.42077195507, 0.31503707347, 0.24648226136, 0.017708710097],
      [0.27949042539, 0.27731554843, 0.273711578, 0.16948244818]
    ],
    [
      [0.1213884078, 0.022214313803, 0.42270731025, 0.43368996815],
      [0.37477338188, 0.34734135912, 0.22542237097, 0.052462888026],
      [0.18940120473, 0.23223779996, 0.19072907312, 0.38763192219]
    ],
    [
      [0.15412098859, 0.026381655395, 0.59942718329, 0.22007017272],
      [0.38561452752, 0.33403711822, 0.25840580022, 0.021942554048],
      [0.24465242727, 0.28068819202, 0.27409432855, 0.20056505216]
    ],
    [
      [0.22604582618, 0.036050970122, 0.45975365118, 0.27814955251],
      [0.45313680295, 0.36574654782, 0.15897280687, 0.022143842364],
      [0.29755735282, 0.31840332281, 0.17459470577, 0.2094446186]
    ],
    [
      [0.19307531213, 0.028554108899, 0.61171306794, 0.16665751103],
      [0.42967862381, 0.32117867351, 0.23430379329, 0.014838909393],
      [0.29431742016, 0.29162322254, 0.26826174845, 0.14579760885]
    ],
    [
      [0.15372206092, 0.036991034599, 0.52914713805, 0.28013976643],
      [0.34612860131, 0.42321148082, 0.20557835591, 0.025081561964],
      [0.21485911736, 0.34760313811, 0.21327244875, 0.22426529578]
    ],
    [
      [0.18019017238, 0.025949575677, 0.57194755041, 0.22191270154],
      [0.43040146213, 0.31309667077, 0.23537033041, 0.021131536694],
      [0.27887762909, 0.2689221943, 0.25502556452, 0.19717461209]
    ],
    [
      [0.16168839491, 0.026875626213, 0.42044593932, 0.39099003955],
      [0.41923703074, 0.35238671069, 0.1883665417, 0.040009716869],
      [0.23525063649, 0.26199386352, 0.17681716221, 0.32593833778]
    ],
    [
      [0.14109538077, 0.028779309365, 0.65762508718, 0.17250022269],
      [0.34653400462, 0.35826907202, 0.27814971947, 0.017047203881],
      [0.22661334388, 0.31022714818, 0.30384214462, 0.15931736331]
    ],
    [
      [0.19381923849, 0.041207181913, 0.56331286954, 0.20166071006],
      [0.38134972993, 0.41192279891, 0.19090159505, 0.015825876109],
      [0.25896973958, 0.37036088714, 0.21666993191, 0.15399944137]
    ],
    [
      [0.13607531373, 0.01548000211, 0.61441635157, 0.2340283326],
      [0.4134336562, 0.23683738025, 0.32152195117, 0.028207012384],
      [0.24681652854, 0.18739862952, 0.32126059659, 0.24452424535]
    ],
    [
      [0.21958120258, 0.055845959704, 0.48826977493, 0.23630306278],
      [0.3676040625, 0.47576580919, 0.14094721262, 0.015682915684],
      [0.25212064745, 0.43190591121, 0.16151568408, 0.15445775725]
    ],
    [
      [0.14774926184, 0.021733071337, 0.53585061796, 0.29466704886],
      [0.40859339183, 0.30310595373, 0.25566774691, 0.032632907531],
      [0.23935734428, 0.23547467708, 0.25042867476, 0.27473930388]
    ],
    [
      [0.18057287746, 0.0262168691, 0.54037015289, 0.25284010055],
      [0.43385875486, 0.31790182976, 0.22377028577, 0.02446912961],
      [0.27466420605, 0.26708362185, 0.23694080705, 0.22131136505]
    ],
    [
      [0.14740742961, 0.034043242814, 0.48400548411, 0.33454384347],
      [0.35324057115, 0.41404981942, 0.20042734073, 0.032282268698],
      [0.20801707506, 0.32300686756, 0.19725432434, 0.27172173304]
    ],
    [
      [0.18095633559, 0.030718248042, 0.56895672295, 0.21936869341],
      [0.40832324193, 0.35047992862, 0.22121792342, 0.019978906037],
      [0.26726264445, 0.30425609625, 0.24203528351, 0.18644597579]
    ],
    [
      [0.16588437049, 0.020615953586, 0.54206446448, 0.27143521145],
      [0.44344201776, 0.27768328878, 0.24968814303, 0.029186550434],
      [0.26913702388, 0.22375372302, 0.25365835161, 0.25345090148]
    ],
    [
      [0.18070197501, 0.027416024955, 0.54566692378, 0.24621507625],
      [0.42702174379, 0.32729232172, 0.22223129683, 0.023454637665],
      [0.27236704925, 0.27700407566, 0.23708404548, 0.21354482962]
    ],
    [
      [0.18247494615, 0.028719333815, 0.59369161518, 0.19511410486],
      [0.41681040526, 0.33167075251, 0.23349312585, 0.018025716383],
      [0.27715847491, 0.29263614887, 0.25962311338, 0.17058226284]
    ],
    [
      [0.1356644141, 0.029178758709, 0.58153124188, 0.25362558531],
      [0.34432410098, 0.37504511636, 0.25464636566, 0.02598441699],
      [0.21028286716, 0.30346869835, 0.25978263348, 0.22646580101]
    ],
    [
      [0.2044139822, 0.038049343367, 0.48938577502, 0.26815089941],
      [0.4150962438, 0.39152844691, 0.1714425768, 0.021932732491],
      [0.2706038867, 0.33848576593, 0.18687258714, 0.20403776022]
    ],
    [
      [0.18992296357, 0.028141028663, 0.44785033457, 0.3340856732],
      [0.44922591644, 0.33624040706, 0.18283301953, 0.031700656973],
      [0.27133404719, 0.26950933798, 0.18479480487, 0.27436180996]
    ],
    [
      [0.18358378439, 0.038325213294, 0.55129581722, 0.2267951851],
      [0.38077521146, 0.40308673184, 0.19715975583, 0.018978300872],
      [0.25135394091, 0.35263491418, 0.21746349485, 0.17854765006]
    ],
    [
      [0.17504983153, 0.02845618836, 0.48780545486, 0.30868852524],
      [0.42134501207, 0.34616091537, 0.20262265067, 0.029871421893],
      [0.25584591412, 0.27883959298, 0.20578248367, 0.25953200923]
    ],
    [
      [0.1417061562, 0.024412695223, 0.62897115662, 0.20490999195],
      [0.37120023287, 0.32329235471, 0.28382819756, 0.021679214853],
      [0.23443942144, 0.27068910606, 0.29960192921, 0.19526954329]
    ],
    [
      [0.2121312745, 0.052069471193, 0.5017964979, 0.23400275641],
      [0.37018803417, 0.4622413959, 0.15107783572, 0.016492734217],
      [0.25188546362, 0.41672293853, 0.17175381821, 0.15963777964]
    ],
    [
      [0.14471636321, 0.030296031995, 0.62956289196, 0.19542471283],
      [0.34882846198, 0.37060853715, 0.26150738247, 0.0190556184],
      [0.22534915435, 0.31718114646, 0.28227613358, 0.17519356561]
    ],
    [
      [0.15723905067, 0.021635374074, 0.46693229405, 0.35419328121],
      [0.43545564502, 0.30199761508, 0.22320401945, 0.039342720453],
      [0.24543310182, 0.22591431479, 0.21052160863, 0.31813097476]
    ],
    [
      [0.15506739268, 0.037338700558, 0.52782188396, 0.2797720228],
      [0.34657250255, 0.42454932463, 0.20367202667, 0.025206146148],
      [0.21542521411, 0.34943221296, 0.21157919369, 0.22356337924]
    ]
  ],
  "expected_outcome": [
    [
      [7.3033629233, 14.7087325614, 13.5720571626, 13.9960350877, 13.9976716309, 10.3276820766, 11.2822291392, 7.9209951408, 9.0847664832, 8.5228387131, 12.3529888468, 11.3250303776, 10.8667110058, 8.556961946, 16.6271795742, 10.5353744939, 8.5515473194, 2.7435824155, 3.1672052067, 2.2683553364, 3.3116283478, 2.4970096518, 2.6705449716, 2.7741777947, 3.1646415666, 2.5099790577, 2.9207191574, 2.7028525857, 2.4253259236, 2.5397168538, 3.8763847697, 2.5854309608, 3.2937180387, 1.920740404, 2.7085931618, 2.653333733, 2.3524323627, 3.8153405212, 3.2526355502, 3.4670239768, 1.7636373833, 3.2706237152, 3.4186133442, 2.5701729814, 2.8007973045, 2.5507108117, 3.3941003921, 3.4731927171, 2.6730638614, 3.8766848169],
      [2.0566037808, 1.530157946, 1.2106240098, 1.389140039, 1.3588847864, 2.3684321315, 2.0346378346, 2.0169965232, 1.6074689571, 2.1182176655, 1.1393158415, 3.9796174909, 2.0116168379, 0.76508735836, 2.3835431257, 1.0920313004, 1.9541131137, 0.45481184923, 0.55294529047, 0.37459734027, 0.59624693305, 0.36995054796, 0.48871490366, 0.47486979711, 0.50471358171, 0.37120341569, 0.70282965739, 0.38924363515, 0.4031343932, 0.51802756857, 0.82414363826, 0.29412004008, 0.83768939556, 0.28252992738, 0.39325303651, 0.61277837065, 0.39933722455, 0.47416693249, 0.4934884492, 0.54566734248, 0.37932386322, 0.60878949387, 0.50653851593, 0.53655298612, 0.45529901376, 0.43942851401, 0.83311153908, 0.72710476787, 0.36780135925, 0.93346751395],
      [36.6985963032, 38.7406209851, 32.946230151, 32.9202833771, 36.9203017834, 39.4023437822, 32.7558183272, 35.0253365127, 32.922240665, 35.296747017, 31.8827270613, 37.5607985794, 26.8512657038, 33.4563814134, 39.4765669111, 35.913240186, 27.4502299289, 9.8291539298, 11.286823803, 6.5827199075, 7.5794106024, 8.4949139992, 9.2995608255, 10.7896892992, 6.4365511166, 7.9522698832, 10.053795623, 8.5792132561, 6.3066890898, 11.8372515693, 11.2662573908, 11.6739106798, 7.324046624, 6.9660580335, 8.1055522934, 8.7120987139, 7.3964373983, 12.467482683, 9.822004628, 11.2801406885, 7.5599061444, 7.8301724004, 8.0613060222, 7.7181414411, 7.8048872778, 11.3214808192, 8.0287439664, 15.1095094072, 7.9378489988, 13.1955470991],
      [17.9414369927, 15.0204885075, 12.2710886767, 18.6945414962, 14.7231417992, 14.9015420097, 21.9273146989, 18.0366718233, 14.3855238947, 21.0621966044, 19.6249682504, 17.1345535521, 18.2704064525, 19.2215692822, 15.512710389, 22.4593540198, 14.0441096379, 2.9724518055, 3.9930256999, 5.7743274158, 5.5127141168, 2.638125801, 9.5411792992, 3.9612631089, 3.8940937352, 2.1665476434, 5.3226555622, 3.3286905231, 5.8648505933, 3.1050040084, 4.0332142012, 4.4465383193, 3.5445459418, 3.8306716351, 3.7926015083, 6.0217891825, 2.8517930144, 6.2430098633, 4.4318713726, 3.7071679923, 3.2971326091, 4.2904143906, 6.0135421176, 3.1751325914, 4.9390164039, 3.6883798551, 3.7440441025, 4.6901931078, 6.0212857805, 6.9943005701]
    ],
    [
      [5.5499983741, 7.9033306178, 8.3983640616, 7.1320204696, 9.5518506738, 6.2008960263, 7.1769263085, 6.3104377542, 7.3259269207, 3.868727966, 7.0885844474, 4.5986497094, 8.5952927399, 7.2284077934, 5.0304225511, 7.7316435149, 12.1808094527, 26.4105689331, 26.2924365062, 27.5038489693, 31.1881724808, 31.1371246755, 22.8611762947, 25.0649442887, 27.188208177, 31.3665395379, 20.4215874771, 27.545693576, 23.4772737215, 19.405904259, 25.5504319055, 28.1134886216, 26.0998884374, 14.7093621059, 8.2433163422, 3.1791651404, 9.7997578063, 5.7647462309, 6.8323479006, 5.8353456737, 5.5091856157, 8.3019248759, 8.0860664959, 10.661705921, 6.7415201931, 8.1664051232, 8.1441367517, 6.2789123156, 5.6609233853, 5.1985875383],
      [8.090406773, 4.1927798748, 3.7917526869, 3.6002188894, 4.7136173072, 7.3608685755, 6.6735965908, 8.2997887608, 6.6334924206, 4.9812721501, 3.3133246872, 8.4875392899, 8.1647533975, 3.2606386753, 3.7237779146, 4.0753592739, 14.2816757268, 22.1517675628, 23.2478593427, 22.967095998, 28.4681961279, 23.3127434367, 21.1878229064, 21.7124126842, 21.9447928691, 23.4460431665, 24.9694773684, 20.0381869293, 19.7336557988, 20.0630680332, 27.5988275266, 16.1049418569, 33.7793724528, 10.9118143342, 6.0401347655, 3.7264483747, 8.4115182868, 3.6098827541, 5.2366771475, 4.6433905351, 6.0007218618, 7.8305689382, 6.052327327, 11.2864284915, 5.538574646, 7.1124318036, 10.1693107097, 6.6709536688, 3.925968996, 6.3682398694],
      [4.8122654721, 3.579935126, 3.5048298241, 2.886441288, 4.3316693264, 4.078209361, 3.5915929651, 4.8134113781, 4.574575516, 2.7661271288, 3.1478536589, 2.6336189015, 3.66163734, 4.8623505247, 2.0569133738, 4.5351358395, 6.7374865797, 16.2926900695, 16.1388874859, 13.7869765453, 12.3139159284, 18.2396873406, 13.7507646293, 16.796377014, 9.5383684121, 17.1041769099, 12.1291229986, 15.0637011462, 10.548526335, 15.5763842905, 12.7904068685, 21.8634926794, 10.0072520963, 9.2040388888, 4.2516354297, 1.8038460666, 5.309230162, 3.2459458593, 3.5557007492, 3.2689037619, 4.0743418506, 3.4288515361, 3.2909943515, 5.5204731631, 3.2419624107, 6.2442203464, 3.3237123859, 4.7071328845, 2.9016522528, 3.0550804001],
      [0.54732938085, 0.32395438143, 0.3050534275, 0.38131935307, 0.40286269249, 0.36002603723, 0.55788413559, 0.5763621069, 0.46600514276, 0.38387275505, 0.45023720649, 0.28019209926, 0.57831652253, 0.64860300657, 0.18888616043, 0.65786137176, 0.80002824079, 1.1449734346, 1.3208166653, 2.7420784874, 2.0297154629, 1.3104445471, 3.2002361696, 1.4262660131, 1.3286305418, 1.0832403857, 1.4798121559, 1.3524183484, 2.2405441447, 0.95464341736, 1.0603336993, 1.9180768421, 1.1134870136, 1.1747846711, 0.46491346259, 0.29054041828, 0.47949374488, 0.37942515564, 0.37527420264, 0.25236002936, 0.41575067185, 0.43865464982, 0.57061182552, 0.53139242443, 0.47794275028, 0.47694272676, 0.36284015276, 0.34300113119, 0.51145536589, 0.37809219222]
    ],
    [
      [2.9408637201, 4.5915765707, 8.5143917012, 6.0995480167, 4.6377984295, 3.3371404017, 3.3490140427, 3.1973684256, 5.5391908507, 3.9528716679, 6.4076796071, 2.6646008013, 5.338975356, 5.4750030719, 4.686234378, 3.3283247981, 3.1710330345, 4.7815617877, 3.5712347415, 4.0893541595, 2.3575532638, 3.3538851047, 3.2198204805, 4.1590912636, 7.7364911732, 4.1204438822, 4.7269005819, 5.856430211, 6.8222684583, 5.891946941, 3.3666066146, 3.208614871, 3.5296890644, 12.2072245584, 18.1278375993, 15.1852464791, 16.8375466001, 17.2247695286, 17.9762252503, 18.5696178187, 14.9300835683, 17.318648749, 17.3653790199, 14.578528573, 17.39752216, 14.0663652866, 15.6168987443, 13.0702509524, 17.1803171276, 12.9255128467],
      [5.6465499161, 3.232035956, 5.1094526881, 4.0842733337, 3.0373022131, 5.2299892991, 4.111086994, 5.5438207624, 6.6350305733, 6.7060508078, 3.9727517178, 6.4754554499, 6.7067533243, 3.2730541879, 4.5972191793, 2.3206863192, 4.9125790962, 5.3138509636, 4.1820945804, 4.522396743, 2.8492772819, 3.3277865812, 3.9480425993, 4.7716992644, 8.2784863931, 4.0827251155, 7.6472690385, 5.6473660802, 7.5978220421, 8.0659058527, 4.8146915328, 2.4361821837, 6.046682757, 12.0092085313, 17.627519042, 23.5795013322, 19.168134064, 14.3202382734, 18.2822689934, 19.6066219746, 21.5462775829, 21.6630890196, 17.248597631, 20.4528250225, 18.9610923226, 16.2413463634, 25.836822189, 18.3965064945, 15.814002035, 20.9659327773],
      [4.2659843015, 3.4875698578, 5.9586921649, 4.1426983847, 3.5275585339, 3.6717328863, 2.8090592252, 4.0815330871, 5.7911462403, 4.7309056731, 4.7768998224, 2.550411974, 3.8104149396, 6.1829388883, 3.20989088, 3.2778282185, 2.9356375182, 4.9303473239, 3.6650430164, 3.4295508923, 1.5575089864, 3.284538936, 3.242394243, 4.6596035853, 4.5394623501, 3.7556644784, 4.6919938724, 5.355536855, 5.1276977041, 7.8998957602, 2.8167091148, 4.1763877557, 2.2612195771, 12.7718624126, 15.6380932655, 14.3995656766, 15.2482228614, 16.2341345031, 15.6475470016, 17.3947485962, 18.4445669769, 11.9598455769, 11.8268675118, 12.612882701, 13.9932088894, 17.9761157528, 10.6487367291, 16.3720157478, 14.7365126043, 12.6947516215],
      [4.1466020624, 2.6888176154, 4.4174634458, 4.6734802649, 2.7973408235, 2.7611374129, 3.7308397381, 4.1772777249, 5.0346323357, 5.6101718512, 5.8426688527, 2.3095317748, 5.1438563801, 7.0690038518, 2.5066555627, 4.0731606642, 2.9807503511, 2.9742399249, 2.5816276617, 5.9586982051, 2.235660468, 2.0337893781, 6.5897426772, 3.4096058867, 5.4455600836, 2.0411665239, 4.9338365072, 4.1406668538, 9.4522117955, 4.1422514461, 2.0019927378, 3.1788151895, 2.1624086016, 14.0117044977, 14.6065500933, 19.8356865122, 11.7460964745, 16.2208576949, 14.0939587547, 11.4290116105, 16.0790718719, 13.0584166544, 17.5591558373, 10.3557637035, 17.648176628, 11.7161725971, 9.8975423377, 10.1612268052, 22.2691682332, 13.4138027545]
    ]
  ],
  "prob": [
    [0.17079184655, 0.02977552468, 0.53412458087, 0.2653080479],
    [0.40099570591, 0.3521143625, 0.22121001826, 0.025679913342],
    [0.25149166773, 0.29190510111, 0.23038428031, 0.22621895085]
  ],
  "iterations": 18,
  "time": 0.001883,
  "message": "Converged",
  "status": 0,
  "miniter": 0,
  "maxiter": 1000,
  "maxtime": 3600,
  "param_threshold": 0.001,
  "ll_threshold": "-Inf",
  "initial_prob": "group_proportional",
  "ballotbox_id": ["1", "2", "3", "4", "5", "6", "7", "8", "9", "10", "11", "12", "13", "14", "15", "16", "17", "18", "19", "20", "21", "22", "23", "24", "25", "26", "27", "28", "29", "30", "31", "32", "33", "34", "35", "36", "37", "38", "39", "40", "41", "42", "43", "44", "45", "46", "47", "48", "49", "50"],
  "candidates_id": ["1", "2", "3", "4"],
  "group_id": ["1", "2", "3"]
}
