{
  "X": [
    [16, 31, 40, 13],
    [17, 30, 39, 14],
    [14, 30, 37, 19],
    [10, 30, 42, 18],
    [14, 22, 45, 19],
    [15, 30, 35, 20],
    [15, 28, 42, 15],
    [9, 30, 43, 18],
    [14, 27, 42, 17],
    [12, 24, 39, 25],
    [20, 27, 39, 14],
    [14, 23, 46, 17],
    [9, 31, 35, 25],
    [18, 28, 38, 16],
    [13, 23, 51, 13],
    [21, 27, 33, 19],
    [16, 31, 32, 21],
    [25, 23, 26, 26],
    [24, 22, 24, 30],
    [14, 28, 30, 28],
    [17, 28, 27, 28],
    [10, 29, 35, 26],
    [21, 25, 34, 20],
    [22, 21, 27, 30],
    [13, 26, 35, 26],
    [22, 21, 23, 34],
    [18, 30, 29, 23],
    [17, 33, 26, 24],
    [23, 22, 30, 25],
    [17, 23, 38, 22],
    [24, 21, 32, 23],
    [17, 25, 35, 23],
    [18, 18, 39, 25],
    [30, 22, 31, 17],
    [47, 23, 16, 14],
    [52, 21, 18, 9],
    [36, 32, 18, 14],
    [48, 20, 21, 11],
    [50, 23, 8, 19],
    [47, 20, 15, 18],
    [43, 20, 22, 15],
    [39, 32, 15, 14],
    [52, 25, 11, 12],
    [50, 16, 21, 13],
    [40, 27, 12, 21],
    [46, 22, 17, 15],
    [52, 22, 15, 11],
    [48, 23, 18, 11],
    [47, 18, 19, 16],
    [57, 23, 8, 12]
  ],
  "W": [
    [68, 14, 18],
    [64, 16, 20],
    [64, 19, 17],
    [67, 20, 13],
    [65, 19, 16],
    [59, 19, 22],
    [76, 6, 18],
    [68, 16, 16],
    [73, 14, 13],
    [67, 18, 15],
    [64, 14, 22],
    [67, 20, 13],
    [69, 15, 16],
    [65, 12, 23],
    [72, 21, 7],
    [56, 24, 20],
    [48, 42, 10],
    [14, 73, 13],
    [13, 65, 22],
    [22, 62, 16],
    [16, 70, 14],
    [15, 66, 19],
    [25, 60, 15],
    [17, 67, 16],
    [21, 63, 16],
    [16, 62, 22],
    [17, 74, 9],
    [22, 66, 12],
    [13, 68, 19],
    [24, 58, 18],
    [17, 63, 20],
    [21, 59, 20],
    [17, 66, 17],
    [16, 39, 45],
    [14, 26, 60],
    [16, 16, 68],
    [17, 23, 60],
    [17, 19, 64],
    [14, 18, 68],
    [17, 18, 65],
    [22, 19, 59],
    [13, 19, 68],
    [11, 14, 75],
    [17, 12, 71],
    [17, 22, 61],
    [15, 10, 75],
    [16, 10, 74],
    [17, 19, 64],
    [16, 17, 67],
    [10, 15, 75]
  ],
  "method": "mvn_pdf",
  "cond_prob": [
    [
      [0.028968987988, 0.3386678848, 0.51082219058, 0.12154093663],
      [0.12956577973, 0.28657179205, 0.31735096605, 0.26651146217],
      [0.67366249486, 0.21973687815, 0.043856123267, 0.062744503722]
    ],
    [
      [0.027424653285, 0.32911797229, 0.51591813483, 0.1275392396],
      [0.12232745953, 0.27817430095, 0.32006317186, 0.27943506765],
      [0.66165254271, 0.22327505411, 0.046262905935, 0.068809497247]
    ],
    [
      [0.023804282574, 0.32719861373, 0.48346382531, 0.16553327839],
      [0.10137603323, 0.26435648141, 0.28692865801, 0.34733882736],
      [0.61788905315, 0.23916552422, 0.046790211704, 0.096155210922]
    ],
    [
      [0.017932678654, 0.31431374897, 0.52000757089, 0.14774600148],
      [0.080351506592, 0.26772540209, 0.32535093096, 0.32657216036],
      [0.56014264489, 0.27617981289, 0.060465157849, 0.10321238437]
    ],
    [
      [0.023351375793, 0.23791383951, 0.57743131252, 0.16130347218],
      [0.10229475469, 0.19774269267, 0.35197777508, 0.34798477756],
      [0.65351852881, 0.18643755453, 0.059692211302, 0.10035170536]
    ],
    [
      [0.019295271759, 0.32347859898, 0.48197674598, 0.17524938328],
      [0.082146133356, 0.262060573, 0.2867389467, 0.36905434694],
      [0.56191461418, 0.2692734541, 0.05301083455, 0.11580109717]
    ],
    [
      [0.028038015958, 0.30074491667, 0.52086213386, 0.15035493352],
      [0.12133436371, 0.24613869617, 0.31295449267, 0.31957244745],
      [0.67424318223, 0.20034780901, 0.0458796357, 0.079529373061]
    ],
    [
      [0.012818402268, 0.30249007509, 0.53447784125, 0.15021368139],
      [0.058285894738, 0.26249999003, 0.34062557073, 0.3385885445],
      [0.47740151846, 0.3210876835, 0.074901221508, 0.12660957653]
    ],
    [
      [0.034703431428, 0.29461195718, 0.51460770414, 0.15607690726],
      [0.14592544208, 0.2335177378, 0.299528468, 0.32102835212],
      [0.72277204024, 0.1677336887, 0.038836349686, 0.070657921379]
    ],
    [
      [0.021026765667, 0.256061259, 0.49014070035, 0.23277127498],
      [0.083059841804, 0.19212144343, 0.27007079303, 0.45474792174],
      [0.59697601854, 0.20416115477, 0.051698780268, 0.14716404642]
    ],
    [
      [0.034139443717, 0.30372018996, 0.52807519502, 0.1340651713],
      [0.14801600216, 0.24913070931, 0.31773678596, 0.28511650256],
      [0.71741229396, 0.17880279928, 0.041054670013, 0.062730236748]
    ],
    [
      [0.029867825151, 0.25069548331, 0.57604823449, 0.14338845705],
      [0.13135096705, 0.20839385062, 0.35126990513, 0.3089852772],
      [0.7105837964, 0.16457662043, 0.049990328318, 0.074849254847]
    ],
    [
      [0.013870096913, 0.31636029493, 0.43476849994, 0.23500110821],
      [0.055025380764, 0.23939984252, 0.24193388935, 0.46364088737],
      [0.46480806977, 0.30220280673, 0.055011012299, 0.1779781112]
    ],
    [
      [0.026162750086, 0.30704518954, 0.51409380415, 0.15269825622],
      [0.11316642463, 0.25193031135, 0.30953643406, 0.32536682996],
      [0.65117276831, 0.21587092781, 0.047715212252, 0.085241091623]
    ],
    [
      [0.046133408458, 0.24631466815, 0.59624843205, 0.11130349134],
      [0.20229848481, 0.20221523803, 0.35915170104, 0.23633457612],
      [0.80766705966, 0.11437787049, 0.036728969915, 0.041226099932]
    ],
    [
      [0.04162857201, 0.31930677743, 0.47006213747, 0.16900251309],
      [0.16646176894, 0.24131445522, 0.26077750581, 0.33144627003],
      [0.74220889926, 0.15953686062, 0.031112881332, 0.06714135879]
    ],
    [
      [0.040280947684, 0.36341711714, 0.44405732978, 0.15224460539],
      [0.16442899678, 0.2800604347, 0.25154011689, 0.30397045162],
      [0.7266342362, 0.18262712556, 0.029702084469, 0.061036553767]
    ],
    [
      [0.053414029494, 0.30833095235, 0.47652637591, 0.16172864225],
      [0.2076851879, 0.22699399346, 0.25739325751, 0.30792756113],
      [0.78998968475, 0.12937084533, 0.0265388226, 0.054100647324]
    ],
    [
      [0.03250250377, 0.29013013836, 0.47587231194, 0.20149504593],
      [0.12829016432, 0.21782954439, 0.26192374611, 0.39195654517],
      [0.68694731121, 0.17704946006, 0.038351327177, 0.097651901557]
    ],
    [
      [0.01871751343, 0.32274603985, 0.48876801095, 0.16976843577],
      [0.080496382686, 0.2646862285, 0.29420747929, 0.36060990953],
      [0.55294964587, 0.27628248064, 0.055290769295, 0.11547710419]
    ],
    [
      [0.026036835979, 0.34359081233, 0.46459601718, 0.16577633451],
      [0.10941975603, 0.27473141382, 0.27275217427, 0.34309665587],
      [0.62721256612, 0.23849206563, 0.04272594196, 0.091569426289]
    ],
    [
      [0.010543753264, 0.29296591087, 0.56250069916, 0.1339896367],
      [0.049731179369, 0.26469243881, 0.37250503987, 0.31307134195],
      [0.43125117824, 0.35221164156, 0.088799570423, 0.12773760978]
    ],
    [
      [0.035435748158, 0.29649864102, 0.54205210049, 0.12601351033],
      [0.15479974483, 0.24579567308, 0.3294572401, 0.26994734199],
      [0.72647956179, 0.17309801012, 0.041831235292, 0.058591192794]
    ],
    [
      [0.037011881828, 0.27606899534, 0.49136486108, 0.19555426175],
      [0.14569891566, 0.20637047732, 0.2693534844, 0.37857712262],
      [0.72253945319, 0.15425144682, 0.036324401515, 0.086884698475]
    ],
    [
      [0.015957046853, 0.28186386904, 0.55516581847, 0.14701326564],
      [0.072484984098, 0.24451013081, 0.35306926439, 0.32993562071],
      [0.53801107446, 0.27605929336, 0.071604662007, 0.11432497017]
    ],
    [
      [0.028849136987, 0.27460705517, 0.45170833428, 0.24483547356],
      [0.10884373538, 0.19716268435, 0.23783482533, 0.45615875494],
      [0.65372791576, 0.17990554921, 0.03909727561, 0.12726925941]
    ],
    [
      [0.034981292685, 0.36740284323, 0.46676226222, 0.13085360186],
      [0.14958558288, 0.29800554083, 0.27808893679, 0.27431993951],
      [0.69700896069, 0.2085283423, 0.035200426906, 0.059262270102]
    ],
    [
      [0.029612642095, 0.40821110391, 0.41961536133, 0.14256089266],
      [0.12562709476, 0.32878878793, 0.24844606129, 0.29713805602],
      [0.64173440681, 0.25316058976, 0.034601637952, 0.070503365486]
    ],
    [
      [0.031660505743, 0.27286904498, 0.5448974198, 0.15057302947],
      [0.13555475743, 0.22225762679, 0.32511166441, 0.31707595137],
      [0.7030394312, 0.17450099855, 0.045931769404, 0.076527800845]
    ],
    [
      [0.019997172917, 0.24852433242, 0.60324451662, 0.12823397804],
      [0.093088371173, 0.22059339991, 0.39210793778, 0.29421029114],
      [0.61711758067, 0.22147188477, 0.070657989726, 0.090752544837]
    ],
    [
      [0.033071837699, 0.25826907195, 0.56631419752, 0.14234489283],
      [0.14316782401, 0.21260689007, 0.34133850308, 0.30288678283],
      [0.72074391822, 0.16172628634, 0.046695157535, 0.070834637909]
    ],
    [
      [0.01861881141, 0.27186948343, 0.57504554881, 0.13446615635],
      [0.08571148665, 0.23881505837, 0.37003794568, 0.3054355093],
      [0.58554394493, 0.24806604496, 0.068980813156, 0.09740919696]
    ],
    [
      [0.020910017036, 0.201764442, 0.64191032762, 0.13541521334],
      [0.096951655171, 0.17843184304, 0.41520895245, 0.30940754934],
      [0.64790530362, 0.18059079031, 0.075346947665, 0.096156958412]
    ],
    [
      [0.016519950686, 0.21592259554, 0.65571186659, 0.11184558718],
      [0.080766590844, 0.20188739974, 0.44689593992, 0.2704500695],
      [0.59059479727, 0.22708706251, 0.089278215648, 0.093039924569]
    ],
    [
      [0.037255884273, 0.33491877852, 0.4797270044, 0.1480983328],
      [0.15463142194, 0.26484355181, 0.2766343356, 0.30389069065],
      [0.71175855554, 0.18756280344, 0.03497617126, 0.065702469758]
    ],
    [
      [0.034123804163, 0.28753476359, 0.56766267096, 0.11067876129],
      [0.15349212681, 0.24669428647, 0.35372039417, 0.24609319255],
      [0.72145776998, 0.17866430275, 0.045391127371, 0.054486799898]
    ],
    [
      [0.020126026708, 0.38696725376, 0.46592131477, 0.12698540476],
      [0.090672300528, 0.33286995731, 0.29288030274, 0.28357743942],
      [0.55420559731, 0.31458262778, 0.049351280865, 0.081860494049]
    ],
    [
      [0.029430046673, 0.25218269074, 0.60289922594, 0.11548803666],
      [0.13484549918, 0.2205037359, 0.38296436326, 0.26168640166],
      [0.70390707127, 0.17729203708, 0.054537991079, 0.064262900574]
    ],
    [
      [0.039480022912, 0.36636794849, 0.33340649527, 0.26074553332],
      [0.13842067719, 0.24438831135, 0.16236164535, 0.45482936611],
      [0.68554341595, 0.18694834048, 0.022313006013, 0.10519523756]
    ],
    [
      [0.032349287211, 0.28206027116, 0.46817374654, 0.21741669509],
      [0.12484289959, 0.20744611767, 0.2507082054, 0.41700277734],
      [0.68126001085, 0.17470822917, 0.037649510308, 0.10638224967]
    ],
    [
      [0.028206761751, 0.25167063789, 0.56650480949, 0.15361779087],
      [0.12211763687, 0.20779405666, 0.34056681193, 0.32952149455],
      [0.68285097038, 0.17875590951, 0.052094284303, 0.086298835806]
    ],
    [
      [0.019368135624, 0.38973993609, 0.45552315487, 0.13536877341],
      [0.086263371668, 0.33156831138, 0.2827284944, 0.29943982256],
      [0.5403099531, 0.32215689058, 0.048862086301, 0.088671070011]
    ],
    [
      [0.032507814964, 0.36976811845, 0.44258219229, 0.1551418743],
      [0.13465499682, 0.29208318153, 0.25417571624, 0.31908610542],
      [0.66690902751, 0.22399122549, 0.034676630463, 0.074423116539]
    ],
    [
      [0.023459506344, 0.18667817364, 0.65503645985, 0.13482586017],
      [0.10830593084, 0.16466064242, 0.41786333715, 0.30917008959],
      [0.67841826168, 0.15945590552, 0.071193000067, 0.090932832735]
    ],
    [
      [0.027405846203, 0.36575506014, 0.36821875558, 0.23862033808],
      [0.10260746615, 0.26090267002, 0.19209478334, 0.44439508049],
      [0.60695229578, 0.23848115814, 0.031488194266, 0.12307835181]
    ],
    [
      [0.019793408571, 0.2398338476, 0.57415013115, 0.16622261268],
      [0.086830870939, 0.20106591209, 0.34859765329, 0.36350556368],
      [0.60015554004, 0.21577814626, 0.065960221124, 0.11810609257]
    ],
    [
      [0.030592265102, 0.29928711305, 0.5280097572, 0.14211086465],
      [0.13224565426, 0.24681891217, 0.31595841877, 0.3049770148],
      [0.68373334674, 0.19734247152, 0.04474546596, 0.074178715782]
    ],
    [
      [0.033084252143, 0.31293291, 0.52993306774, 0.12404977012],
      [0.14533146023, 0.26210005246, 0.32310866468, 0.26945982262],
      [0.70132409668, 0.19479264786, 0.042700796193, 0.061182459259]
    ],
    [
      [0.025853511901, 0.22469530233, 0.57884809638, 0.17060308938],
      [0.11062741335, 0.18354862615, 0.34314566959, 0.36267829091],
      [0.66893557119, 0.17150328547, 0.05676220353, 0.10279893982]
    ],
    [
      [0.044373997579, 0.39906666493, 0.38218574314, 0.17437359435],
      [0.17077574444, 0.2924326338, 0.20381460898, 0.33297701278],
      [0.71984402503, 0.1904922744, 0.023738091788, 0.065925608777]
    ]
  ],
  "expected_outcome": [
    [
      [1.9698911832, 1.7551778102, 1.5234740848, 1.2014894698, 1.5178394265, 1.1384210338, 2.1308892128, 0.8716513542, 2.5333504942, 1.4087932997, 2.1849243979, 2.0011442851, 0.957036687, 1.7005787556, 3.321605409, 2.3312000326, 1.9334854888, 0.74779641292, 0.42253254901, 0.41178529545, 0.41658937566, 0.15815629897, 0.88589370396, 0.62920199107, 0.33509798392, 0.46158619179, 0.59468197565, 0.65147812608, 0.41158657466, 0.47993215, 0.56222124088, 0.3909950396, 0.35547028961, 0.26431921098, 0.52158237982, 0.5459808666, 0.34214245403, 0.50031079344, 0.55272032077, 0.54993788259, 0.62054875852, 0.25178576312, 0.35758596461, 0.39881160784, 0.46589938546, 0.29690112856, 0.48947624163, 0.56243228644, 0.41365619041, 0.44373997579],
      [23.0294161666, 21.0635502263, 20.9407112784, 21.0590211812, 15.4643995679, 19.0852373396, 22.8566136666, 20.5693251061, 21.5066728741, 17.1561043531, 19.4380921574, 16.7965973815, 21.8288603504, 19.95793732, 17.7346561069, 17.8811795362, 17.444021623, 4.3166333329, 3.7716917986, 7.1004128768, 5.4974529973, 4.3944886631, 7.4124660255, 4.6931729208, 5.9191412499, 4.3937128828, 6.2458483349, 8.9806442861, 3.5472975848, 5.9645839781, 4.3905742231, 5.709259152, 3.429995514, 3.4547615287, 4.6888628993, 4.6005562174, 6.5784433139, 4.2871057425, 5.1291512789, 4.7950246098, 5.5367540336, 5.0666191692, 4.0674493029, 3.1735289519, 6.2178360224, 3.5975077141, 4.7885938088, 5.3198594699, 3.5951248374, 3.9906666493],
      [34.7359089597, 33.0187606292, 30.9416848198, 34.8405072497, 37.5330353137, 28.436628013, 39.5855221733, 36.344493205, 37.566362402, 32.8394269233, 33.7968124813, 38.5952317109, 29.9990264958, 33.4160972701, 42.9298871075, 26.3234796982, 21.3147518296, 6.6713692627, 6.1863400552, 10.7528962409, 7.4335362749, 8.4375104874, 13.5513025123, 8.3532026384, 11.6584821878, 7.2273333484, 7.9349584578, 9.2315379493, 7.0836664574, 14.4778683989, 9.6273413578, 12.075956525, 10.9124755696, 10.4913898654, 6.7161780616, 9.0826027354, 7.9206623511, 10.2492868409, 4.6676909338, 7.9589536911, 12.4631058088, 5.9218010133, 4.8684041152, 11.1356198174, 6.2597188448, 8.6122519672, 8.4481561151, 9.0088621517, 9.2615695421, 3.8218574314],
      [8.2647836905, 8.1625113343, 10.594129817, 9.8989820992, 10.4847256919, 10.3397136136, 11.4269749473, 10.2145303348, 11.3936142297, 15.5956754239, 8.5801709634, 9.6070266225, 16.2150764668, 9.9253866544, 8.0138513766, 9.4641407331, 7.3077410587, 2.2642009915, 2.6194355971, 3.7349055868, 2.6524213521, 2.0098445506, 3.1503377582, 3.3244224497, 3.0872785784, 3.917367577, 2.2245112317, 3.1363396385, 1.9574493831, 3.077615473, 2.4198631782, 2.8237892834, 2.3020586268, 1.7895293949, 2.0733766593, 1.7708601806, 2.1587518809, 1.9632966231, 3.6504374665, 3.6960838165, 3.379591399, 1.7597940543, 1.7065606173, 2.2920396229, 4.0565457473, 2.4933391902, 2.2737738345, 2.108846092, 2.7296494301, 1.7437359435]
    ],
    [
      [1.8139209162, 1.9572393525, 1.9261446313, 1.6070301318, 1.9436003392, 1.5607765338, 0.72800618226, 0.93257431581, 2.0429561891, 1.4950771525, 2.0722240303, 2.627019341, 0.82538071145, 1.3579970956, 4.248268181, 3.9950824546, 6.9060178649, 15.1610187165, 8.338860681, 4.9907757266, 7.6593829223, 3.2822578383, 9.2879846897, 9.7618273489, 4.5665539982, 6.7483115936, 11.0693331332, 8.291388254, 9.2177235051, 5.3991255281, 9.0195729128, 5.0569777123, 6.3988092413, 3.1498970429, 4.0204169704, 2.455874029, 2.0854629121, 2.5620644843, 2.4915721895, 2.2471721926, 2.3202351005, 1.6390040617, 1.8851699554, 1.29967117, 2.2573642554, 0.86830870939, 1.3224565426, 2.7612977444, 1.880666027, 2.5616361665],
      [4.0120050887, 4.4507888152, 5.0227731468, 5.3545080418, 3.7571111606, 4.9791508871, 1.476832177, 4.1999998404, 3.2692483292, 3.4581859817, 3.4878299304, 4.1678770124, 3.5909976378, 3.0231637362, 4.2465199986, 5.7915469253, 11.7625382575, 16.5705615229, 14.1589203856, 16.4105461668, 19.2311989676, 17.4697009613, 14.7477403849, 13.8268219807, 15.404138241, 12.2240864296, 22.0524100211, 21.7000600036, 15.1135186217, 12.7944171945, 13.3942340747, 14.0900884436, 11.776501641, 7.8736085899, 6.8859323472, 3.9471085836, 7.6560090182, 4.1895709822, 4.3989896044, 3.7340301181, 3.9480870765, 6.2997979161, 4.0891645414, 1.975927709, 5.7398587404, 2.0106591209, 2.4681891217, 4.9799009967, 3.1203266445, 4.3864895071],
      [4.4429135247, 5.1210107498, 5.4516445022, 6.5070186192, 6.6875777266, 5.4480399873, 1.877726956, 5.4500091317, 4.1933985521, 4.8612742745, 4.4483150035, 7.0253981025, 3.6290083403, 3.7144372087, 7.5421857219, 6.2586601395, 10.5646849094, 18.7897077984, 17.0250434973, 18.2408637159, 19.0926521988, 24.5853326317, 19.7674344059, 18.0466834551, 22.2433636563, 14.7457591703, 20.5785813221, 16.3974400452, 22.10759318, 22.7422603913, 21.504325694, 21.8322387952, 27.4037908616, 17.4289416568, 7.1924927255, 5.6595263067, 6.7362469631, 7.276322902, 2.9225096162, 4.5127476972, 6.4707694266, 5.3718413936, 3.5584600273, 5.0143600458, 4.2260852335, 3.4859765329, 3.1595841877, 6.139064629, 5.833476383, 3.0572191347],
      [3.7311604704, 4.4709610824, 6.5994377198, 6.5314432072, 6.6117107736, 7.0120325918, 1.9174346847, 5.4174167121, 4.4943969297, 8.1854625914, 3.9916310358, 6.1797055441, 6.9546133105, 3.9044019595, 4.9630260985, 7.9547104807, 12.7667589681, 22.4787119622, 25.4771754361, 22.3578143908, 24.0167659112, 20.6627085687, 16.1968405194, 25.3646672153, 20.7859441045, 28.2818428064, 20.2996755235, 19.6111116972, 21.5611646932, 17.0641968861, 19.0818673185, 18.0206950489, 20.4208982561, 10.5475527104, 7.9011579569, 3.9374910808, 6.5222811066, 4.9720416315, 8.1869285899, 7.5060499921, 6.2609083964, 5.6893566286, 4.4672054758, 3.7100410751, 9.7766917708, 3.6350556368, 3.049770148, 5.1197366298, 6.1655309455, 4.9946551917]
    ],
    [
      [12.1259249075, 13.2330508541, 10.5041139036, 7.2818543836, 10.456296461, 12.3621215119, 12.1363772801, 7.6384242954, 9.3960365231, 8.9546402781, 15.7830704672, 9.2375893532, 7.4369291164, 14.9769736712, 5.6536694176, 14.8441779851, 7.266342362, 10.2698659017, 15.1128408465, 8.847194334, 8.7809759257, 8.1937723865, 10.8971934268, 11.5606312511, 8.6081771914, 14.3820141468, 6.2730806462, 7.7008128817, 13.3577491928, 11.108116452, 14.4148783644, 11.7108788985, 11.0143901615, 26.5767658771, 42.7055133326, 49.059128359, 33.2523358384, 45.0500525611, 46.6169522845, 44.2819007053, 40.2882072525, 36.741076811, 50.018177063, 48.1676965794, 37.0240900428, 45.0116655033, 50.5962676587, 44.8847421877, 44.8186832694, 53.9883018775],
      [3.9552638067, 4.4655010822, 4.0658139118, 3.5903375675, 2.9830008725, 5.9240159903, 3.6062605621, 5.137402936, 2.1805379531, 3.0624173216, 3.9336615841, 2.1394960656, 4.8352449077, 4.9650313397, 0.80064509346, 3.1907372124, 1.8262712556, 1.6818209893, 3.8950881213, 4.4205196903, 3.3388889188, 6.6920211897, 2.5964701519, 2.4680231491, 4.4169486937, 3.9579220827, 1.8767550807, 3.0379270771, 3.3155189725, 3.9864939259, 3.2345257267, 4.9613208992, 3.0700434352, 10.2189178131, 11.2537682063, 12.1491725867, 18.8749576668, 11.3466903731, 12.7124871524, 11.3560348958, 10.5465986611, 21.9066685598, 16.7993419119, 11.3213692916, 14.5473506463, 16.1833609696, 14.6033428924, 12.4667294633, 11.4907201262, 14.28692058],
      [0.78941021881, 0.9252581187, 0.79543359897, 0.78604705203, 0.95507538083, 1.1662383601, 0.8258334426, 1.1984195441, 0.50487254592, 0.77548170402, 0.90320274028, 0.64987426813, 0.88017619678, 1.0974498818, 0.25710278941, 0.62225762665, 0.29702084469, 0.34500469379, 0.8437291979, 0.88465230872, 0.59816318744, 1.687191838, 0.62746852938, 0.58119042425, 1.1456745921, 0.86014006341, 0.31680384215, 0.41521965542, 0.87270361868, 1.2718438151, 0.93390315071, 1.3796162631, 1.2808981103, 4.0175197042, 2.0985702756, 3.0865966612, 2.9610768519, 3.4904314291, 1.5172844089, 2.44721817, 3.0735627739, 3.3226218685, 2.6007472847, 5.0547030047, 1.9207798502, 4.9470165843, 3.311164481, 2.7328509564, 3.8030676365, 1.7803568841],
      [1.129401067, 1.3761899449, 1.6346385857, 1.3417609968, 1.6056272857, 2.5476241377, 1.4315287151, 2.0257532245, 0.91855297793, 2.2074606963, 1.3800652085, 0.97304031301, 2.8476497792, 1.9605451073, 0.28858269953, 1.3428271758, 0.61036553767, 0.70330841521, 2.1483418342, 1.847633667, 1.2819719681, 2.4270145858, 0.87886789191, 1.3901551756, 1.8291995228, 2.7999237071, 0.53336043092, 0.84604038584, 1.4540282161, 1.6335458071, 1.4166927582, 1.9481839392, 1.634668293, 4.1867966056, 3.9421481855, 3.7051023931, 4.9116296429, 4.1128256367, 7.1532761542, 6.9148462288, 5.0916313126, 6.0296327607, 5.5817337404, 6.4562311242, 7.5077794607, 8.8579569428, 5.4892249678, 3.9156773926, 6.8875289678, 4.9444206583]
    ]
  ],
  "prob": [
    [0.028270374563, 0.29887261948, 0.51586250866, 0.1569944973],
    [0.11977481878, 0.24318781868, 0.30947760612, 0.32755975643],
    [0.65417209381, 0.20963521355, 0.048562049965, 0.087630642682]
  ],
  "iterations": 18,
  "time": 0.00188,
  "message": "Converged",
  "status": 0,
  "miniter": 0,
  "maxiter": 1000,
  "maxtime": 3600,
  "param_threshold": 0.001,
  "ll_threshold": "-Inf",
  "initial_prob": "group_proportional",
  "ballotbox_id": ["1", "2", "3", "4", "5", "6", "7", "8", "9", "10", "11", "12", "13", "14", "15", "16", "17", "18", "19", "20", "21", "22", "23", "24", "25", "26", "27", "28", "29", "30", "31", "32", "33", "34", "35", "36", "37", "38", "39", "40", "41", "42", "43", "44", "45", "46", "47", "48", "49", "50"],
  "candidates_id": ["1", "2", "3", "4"],
  "group_id": ["1", "2", "3"]
}
