{
  "X": [
    [3, 11, 5, 0],
    [40, 81, 159, 5],
    [103, 276, 545, 27],
    [20, 138, 173, 3],
    [1, 4, 3, 1],
    [8, 10, 15, 2],
    [27, 77, 128, 3],
    [2, 13, 33, 0],
    [19, 73, 140, 9],
    [4, 20, 25, 0],
    [1, 19, 17, 2],
    [27, 113, 281, 9],
    [1, 2, 4, 0],
    [1, 4, 5, 0],
    [41, 204, 387, 17],
    [43, 84, 163, 7],
    [9, 49, 35, 0],
    [18, 132, 169, 3],
    [35, 196, 457, 19],
    [0, 6, 6, 0],
    [24, 70, 141, 5],
    [3, 11, 13, 1],
    [12, 24, 61, 5],
    [22, 57, 100, 4],
    [35, 104, 154, 12],
    [0, 4, 2, 1],
    [0, 8, 5, 2],
    [34, 211, 441, 26],
    [0, 3, 4, 0],
    [0, 1, 6, 0],
    [36, 189, 329, 17],
    [7, 51, 70, 2],
    [19, 68, 133, 1],
    [0, 3, 10, 0],
    [1, 3, 8, 0],
    [1, 14, 25, 0],
    [1, 4, 3, 0],
    [4, 24, 30, 3],
    [15, 72, 98, 6],
    [2, 25, 22, 2],
    [1, 8, 11, 3],
    [5, 11, 17, 0],
    [20, 147, 82, 6],
    [8, 78, 44, 4],
    [1, 5, 5, 1],
    [9, 23, 24, 10],
    [15, 52, 109, 8],
    [1, 4, 19, 0],
    [9, 36, 29, 0],
    [8, 17, 38, 2],
    [18, 63, 116, 8],
    [23, 56, 107, 3],
    [12, 16, 30, 2],
    [13, 29, 45, 2],
    [6, 18, 21, 3],
    [39, 105, 223, 3],
    [43, 137, 235, 17],
    [2, 14, 20, 2],
    [1, 6, 5, 1],
    [16, 55, 65, 6],
    [5, 3, 10, 2],
    [16, 51, 102, 7],
    [7, 30, 33, 2],
    [11, 32, 66, 4],
    [4, 10, 14, 1],
    [2, 50, 34, 2],
    [3, 20, 64, 1],
    [3, 20, 37, 2],
    [15, 124, 94, 3],
    [6, 65, 38, 3],
    [10, 31, 81, 8],
    [2, 38, 62, 5],
    [3, 51, 70, 2],
    [10, 53, 149, 7],
    [2, 8, 16, 0],
    [2, 13, 31, 3],
    [2, 12, 5, 0],
    [0, 7, 3, 0],
    [2, 9, 8, 0],
    [1, 3, 4, 1],
    [2, 15, 13, 0],
    [1, 11, 9, 0],
    [1, 3, 3, 0],
    [4, 21, 38, 2],
    [5, 19, 21, 1],
    [0, 10, 14, 0],
    [5, 22, 41, 2],
    [6, 50, 50, 4],
    [6, 37, 34, 0],
    [7, 26, 58, 0],
    [3, 7, 13, 2],
    [4, 20, 23, 4],
    [1, 2, 9, 1],
    [1, 12, 35, 0],
    [1, 10, 7, 1],
    [3, 13, 21, 0],
    [3, 8, 19, 1],
    [0, 10, 11, 1],
    [6, 29, 60, 2],
    [11, 32, 101, 5],
    [7, 24, 48, 5],
    [5, 6, 16, 0],
    [3, 24, 48, 2],
    [1, 3, 7, 0],
    [2, 10, 10, 1],
    [0, 13, 33, 1],
    [2, 9, 28, 1],
    [2, 13, 18, 2],
    [1, 2, 4, 0],
    [1, 7, 13, 0],
    [2, 31, 36, 0],
    [0, 13, 26, 0],
    [2, 20, 19, 0],
    [4, 23, 52, 2],
    [4, 16, 29, 1],
    [3, 4, 9, 1],
    [0, 4, 1, 1],
    [4, 20, 31, 3],
    [9, 24, 44, 2],
    [4, 16, 13, 0],
    [4, 17, 15, 1],
    [2, 13, 18, 0],
    [0, 4, 5, 0],
    [4, 12, 18, 0],
    [1, 3, 4, 0],
    [0, 5, 5, 0],
    [1, 4, 6, 0],
    [1, 29, 36, 0],
    [8, 21, 49, 1],
    [18, 55, 127, 6],
    [4, 5, 15, 0],
    [1, 6, 7, 0],
    [1, 11, 14, 0],
    [2, 3, 11, 0],
    [4, 10, 14, 0],
    [3, 11, 8, 1],
    [1, 13, 23, 3],
    [7, 6, 20, 3],
    [3, 13, 16, 0],
    [6, 16, 31, 0],
    [3, 3, 9, 1],
    [1, 14, 16, 2],
    [2, 1, 3, 1],
    [3, 13, 9, 0],
    [1, 8, 8, 0],
    [0, 16, 25, 4],
    [1, 11, 11, 1],
    [5, 28, 23, 3],
    [3, 16, 14, 0],
    [3, 12, 15, 1],
    [10, 17, 24, 2],
    [4, 9, 6, 0],
    [3, 5, 16, 0],
    [1, 10, 23, 1],
    [2, 7, 11, 1],
    [4, 14, 36, 1],
    [5, 12, 18, 1],
    [4, 7, 29, 0],
    [2, 7, 4, 0],
    [2, 9, 7, 1],
    [1, 5, 9, 1],
    [1, 8, 9, 2],
    [1, 5, 11, 0],
    [6, 30, 69, 2],
    [4, 16, 18, 1],
    [1, 48, 39, 1],
    [5, 57, 88, 4],
    [5, 16, 20, 1],
    [7, 29, 41, 3],
    [17, 92, 120, 9],
    [9, 27, 79, 3],
    [8, 28, 43, 1],
    [9, 54, 100, 4],
    [4, 28, 60, 4],
    [7, 24, 38, 0],
    [4, 7, 20, 1],
    [2, 3, 2, 0],
    [5, 3, 6, 0],
    [2, 7, 4, 1],
    [5, 15, 36, 1],
    [3, 7, 3, 2],
    [5, 19, 19, 2],
    [7, 32, 59, 3],
    [4, 19, 31, 2],
    [6, 25, 58, 1],
    [9, 53, 76, 2],
    [4, 32, 43, 1],
    [5, 22, 33, 1],
    [6, 6, 16, 1],
    [2, 3, 5, 0],
    [2, 4, 6, 0],
    [3, 4, 15, 0],
    [1, 11, 20, 3],
    [1, 11, 7, 0],
    [1, 6, 9, 0],
    [5, 19, 40, 1],
    [9, 36, 57, 2],
    [0, 1, 12, 0],
    [0, 5, 3, 1],
    [0, 0, 9, 0],
    [0, 6, 3, 0],
    [1, 22, 15, 0],
    [1, 5, 5, 0],
    [2, 7, 11, 0],
    [3, 21, 13, 3],
    [1, 16, 22, 2],
    [6, 16, 25, 2],
    [2, 6, 1, 0],
    [9, 22, 28, 1],
    [0, 10, 7, 1],
    [4, 20, 24, 1],
    [0, 4, 4, 0],
    [5, 15, 6, 0],
    [0, 3, 5, 1],
    [3, 15, 10, 1],
    [5, 35, 10, 4],
    [2, 4, 5, 0],
    [0, 10, 4, 0],
    [4, 40, 28, 2],
    [8, 39, 21, 0],
    [6, 29, 13, 1],
    [0, 22, 10, 2],
    [2, 65, 23, 2],
    [1, 15, 14, 1],
    [1, 4, 7, 0],
    [3, 11, 15, 2],
    [3, 12, 4, 0],
    [0, 4, 3, 0],
    [3, 25, 23, 1],
    [6, 18, 22, 3],
    [1, 6, 0, 0],
    [6, 12, 17, 0],
    [4, 20, 20, 3],
    [4, 17, 23, 1],
    [4, 10, 19, 0],
    [2, 9, 21, 0],
    [1, 3, 2, 0],
    [2, 13, 25, 2],
    [21, 81, 112, 1],
    [231, 822, 1135, 43],
    [155, 600, 772, 48],
    [5, 50, 29, 3]
  ],
  "W": [
    [0, 12, 2, 3, 1, 1],
    [22, 193, 33, 10, 15, 12],
    [59, 616, 102, 39, 77, 58],
    [13, 222, 67, 5, 17, 10],
    [2, 3, 1, 1, 1, 1],
    [5, 21, 3, 3, 1, 2],
    [14, 160, 31, 0, 18, 12],
    [2, 35, 3, 1, 7, 0],
    [12, 156, 29, 20, 11, 13],
    [4, 35, 4, 1, 2, 3],
    [1, 30, 2, 0, 4, 2],
    [17, 308, 45, 5, 36, 19],
    [0, 4, 2, 1, 0, 0],
    [0, 5, 1, 2, 2, 0],
    [23, 466, 94, 22, 31, 13],
    [25, 200, 26, 15, 17, 14],
    [5, 57, 22, 1, 5, 3],
    [14, 194, 55, 25, 25, 9],
    [29, 517, 89, 6, 40, 26],
    [0, 7, 3, 1, 0, 1],
    [8, 175, 25, 4, 16, 12],
    [4, 14, 2, 0, 4, 4],
    [4, 72, 7, 3, 6, 10],
    [12, 130, 21, 5, 7, 8],
    [14, 194, 25, 18, 32, 22],
    [0, 2, 1, 2, 1, 1],
    [0, 5, 6, 1, 1, 2],
    [14, 536, 80, 12, 35, 35],
    [0, 3, 2, 2, 0, 0],
    [0, 3, 2, 0, 0, 2],
    [30, 384, 79, 31, 27, 20],
    [6, 72, 24, 10, 9, 9],
    [8, 147, 32, 9, 17, 8],
    [0, 8, 4, 1, 0, 0],
    [0, 9, 1, 1, 1, 0],
    [2, 25, 5, 3, 3, 2],
    [1, 4, 1, 1, 0, 1],
    [2, 30, 8, 4, 12, 5],
    [9, 117, 23, 11, 23, 8],
    [3, 32, 5, 3, 4, 4],
    [3, 10, 6, 2, 1, 1],
    [2, 22, 3, 1, 2, 3],
    [11, 124, 69, 17, 22, 12],
    [6, 73, 28, 8, 9, 10],
    [0, 8, 1, 1, 2, 0],
    [2, 36, 2, 8, 9, 9],
    [12, 120, 16, 14, 16, 6],
    [1, 15, 1, 0, 7, 0],
    [8, 46, 6, 6, 2, 6],
    [6, 35, 7, 2, 9, 6],
    [12, 138, 20, 8, 13, 14],
    [18, 125, 19, 6, 13, 8],
    [3, 38, 3, 10, 2, 4],
    [6, 59, 8, 4, 4, 8],
    [5, 32, 5, 3, 0, 3],
    [16, 264, 34, 11, 25, 20],
    [17, 307, 39, 17, 33, 19],
    [0, 25, 2, 7, 2, 2],
    [0, 3, 0, 5, 3, 2],
    [6, 87, 19, 8, 10, 12],
    [1, 12, 0, 5, 0, 2],
    [5, 130, 20, 4, 7, 10],
    [4, 39, 11, 10, 4, 4],
    [1, 79, 13, 6, 13, 1],
    [1, 18, 3, 3, 4, 0],
    [3, 51, 24, 3, 3, 4],
    [6, 60, 12, 1, 4, 5],
    [2, 49, 4, 1, 3, 3],
    [18, 126, 51, 15, 18, 8],
    [5, 53, 34, 4, 7, 9],
    [9, 85, 9, 4, 14, 9],
    [5, 66, 17, 2, 12, 5],
    [6, 76, 24, 7, 9, 4],
    [6, 155, 20, 6, 20, 12],
    [0, 24, 1, 0, 0, 1],
    [0, 36, 7, 0, 3, 3],
    [1, 10, 1, 5, 2, 0],
    [2, 3, 4, 1, 0, 0],
    [2, 9, 2, 4, 1, 1],
    [1, 3, 0, 0, 2, 3],
    [2, 17, 0, 3, 6, 2],
    [2, 12, 3, 1, 1, 2],
    [2, 1, 1, 0, 2, 1],
    [0, 47, 8, 2, 3, 5],
    [5, 22, 4, 3, 8, 4],
    [0, 16, 2, 2, 3, 1],
    [1, 45, 10, 4, 6, 4],
    [3, 68, 16, 8, 7, 8],
    [2, 48, 17, 2, 3, 5],
    [5, 61, 12, 3, 9, 1],
    [2, 12, 4, 2, 2, 3],
    [0, 22, 7, 10, 7, 5],
    [1, 8, 0, 0, 2, 2],
    [5, 32, 8, 2, 0, 1],
    [0, 9, 4, 4, 1, 1],
    [1, 24, 5, 4, 2, 1],
    [0, 26, 1, 1, 2, 1],
    [0, 15, 6, 1, 0, 0],
    [3, 65, 12, 5, 4, 8],
    [6, 108, 17, 0, 7, 11],
    [2, 63, 10, 3, 2, 4],
    [2, 18, 2, 2, 0, 3],
    [4, 52, 10, 1, 6, 4],
    [0, 5, 2, 1, 1, 2],
    [1, 12, 1, 6, 1, 2],
    [0, 40, 2, 0, 0, 5],
    [1, 28, 4, 2, 2, 3],
    [2, 20, 5, 3, 3, 2],
    [0, 5, 0, 0, 1, 1],
    [1, 16, 0, 2, 0, 2],
    [2, 38, 18, 6, 2, 3],
    [2, 27, 4, 2, 4, 0],
    [0, 29, 6, 2, 1, 3],
    [3, 53, 11, 3, 6, 5],
    [1, 36, 5, 2, 4, 2],
    [2, 11, 0, 3, 1, 0],
    [0, 2, 2, 0, 2, 0],
    [4, 40, 5, 5, 2, 2],
    [2, 57, 6, 6, 4, 4],
    [1, 18, 8, 1, 3, 2],
    [0, 21, 8, 2, 5, 1],
    [4, 23, 4, 0, 1, 1],
    [0, 7, 0, 0, 1, 1],
    [1, 19, 3, 2, 5, 4],
    [0, 1, 0, 0, 7, 0],
    [0, 8, 1, 0, 0, 1],
    [0, 6, 2, 1, 2, 0],
    [2, 37, 17, 4, 6, 0],
    [4, 59, 7, 4, 3, 2],
    [7, 150, 25, 6, 8, 10],
    [0, 12, 2, 4, 4, 2],
    [0, 8, 1, 1, 4, 0],
    [2, 17, 3, 3, 1, 0],
    [1, 11, 0, 2, 2, 0],
    [0, 15, 2, 4, 3, 4],
    [4, 12, 1, 1, 1, 4],
    [2, 27, 4, 3, 2, 2],
    [3, 23, 2, 4, 0, 4],
    [1, 23, 4, 1, 1, 2],
    [3, 41, 2, 1, 3, 3],
    [0, 7, 2, 2, 4, 1],
    [0, 20, 6, 2, 2, 3],
    [0, 3, 0, 3, 1, 0],
    [4, 9, 4, 3, 3, 2],
    [1, 8, 1, 1, 4, 2],
    [0, 32, 4, 0, 3, 6],
    [0, 16, 1, 4, 2, 1],
    [4, 20, 14, 6, 11, 4],
    [1, 19, 3, 4, 3, 3],
    [0, 20, 2, 3, 2, 4],
    [2, 34, 6, 2, 6, 3],
    [1, 12, 4, 0, 1, 1],
    [1, 16, 1, 3, 0, 3],
    [1, 21, 4, 3, 5, 1],
    [0, 8, 4, 3, 2, 4],
    [2, 35, 4, 3, 6, 5],
    [0, 21, 4, 4, 4, 3],
    [2, 34, 3, 1, 0, 0],
    [1, 5, 2, 2, 1, 2],
    [2, 12, 2, 1, 1, 1],
    [2, 8, 2, 0, 2, 2],
    [0, 11, 3, 4, 0, 2],
    [1, 11, 1, 2, 1, 1],
    [6, 75, 16, 2, 6, 2],
    [2, 22, 3, 3, 6, 3],
    [1, 57, 11, 0, 7, 13],
    [2, 115, 19, 3, 8, 7],
    [2, 28, 7, 0, 3, 2],
    [2, 44, 14, 8, 8, 4],
    [7, 145, 43, 2, 29, 12],
    [4, 92, 11, 0, 7, 4],
    [7, 51, 8, 1, 8, 5],
    [8, 116, 17, 5, 13, 8],
    [1, 64, 13, 6, 7, 5],
    [5, 37, 7, 6, 7, 7],
    [3, 18, 1, 3, 4, 3],
    [1, 3, 1, 1, 1, 0],
    [2, 7, 1, 3, 1, 0],
    [1, 5, 0, 6, 2, 0],
    [2, 39, 7, 3, 2, 4],
    [2, 7, 3, 1, 0, 2],
    [3, 25, 3, 2, 4, 8],
    [4, 68, 13, 6, 7, 3],
    [4, 30, 11, 4, 4, 3],
    [1, 65, 4, 3, 12, 5],
    [7, 94, 21, 5, 8, 5],
    [0, 44, 7, 10, 15, 4],
    [5, 38, 9, 3, 6, 0],
    [1, 23, 0, 0, 2, 3],
    [0, 7, 1, 1, 0, 1],
    [1, 10, 1, 0, 0, 0],
    [0, 18, 1, 1, 1, 1],
    [1, 25, 3, 0, 0, 6],
    [0, 10, 6, 0, 3, 0],
    [0, 9, 4, 1, 2, 0],
    [0, 50, 5, 2, 4, 4],
    [7, 65, 9, 3, 15, 5],
    [1, 10, 0, 0, 1, 1],
    [0, 4, 0, 3, 2, 0],
    [1, 8, 0, 0, 0, 0],
    [1, 3, 3, 0, 2, 0],
    [1, 19, 13, 0, 2, 3],
    [0, 8, 1, 1, 0, 1],
    [3, 9, 1, 2, 4, 1],
    [5, 22, 5, 3, 2, 3],
    [4, 21, 8, 5, 2, 1],
    [2, 41, 0, 4, 1, 1],
    [0, 2, 4, 2, 1, 0],
    [2, 38, 5, 5, 7, 3],
    [0, 7, 5, 2, 3, 1],
    [1, 31, 6, 3, 5, 3],
    [1, 1, 3, 2, 1, 0],
    [1, 12, 2, 7, 3, 1],
    [0, 4, 3, 1, 0, 1],
    [1, 20, 4, 3, 1, 0],
    [1, 28, 5, 5, 9, 6],
    [0, 7, 1, 3, 0, 0],
    [0, 8, 3, 0, 2, 1],
    [4, 44, 11, 3, 7, 5],
    [3, 34, 15, 9, 4, 3],
    [3, 26, 6, 5, 5, 4],
    [0, 17, 5, 0, 10, 2],
    [1, 41, 42, 2, 2, 4],
    [2, 19, 3, 1, 4, 2],
    [2, 6, 1, 1, 1, 1],
    [0, 11, 3, 4, 10, 3],
    [2, 4, 4, 5, 4, 0],
    [0, 3, 1, 1, 1, 1],
    [2, 33, 8, 3, 3, 3],
    [3, 33, 5, 2, 3, 3],
    [0, 2, 0, 0, 3, 2],
    [4, 15, 6, 4, 6, 0],
    [3, 25, 5, 6, 5, 3],
    [3, 25, 4, 4, 7, 2],
    [3, 21, 2, 3, 4, 0],
    [1, 23, 2, 2, 4, 0],
    [0, 2, 0, 2, 2, 0],
    [1, 27, 1, 5, 7, 1],
    [20, 137, 31, 9, 6, 12],
    [135, 1444, 339, 76, 117, 120],
    [86, 1005, 193, 75, 109, 107],
    [5, 31, 12, 23, 9, 7]
  ],
  "method": "mult",
  "cond_prob": [
    [
      [0.72476657557, 0.21234900647, 0.062884417953, 0],
      [0.15023450002, 0.4559829119, 0.39378258808, 0],
      [8.0454511676e-05, 0.98371594404, 0.016203601452, 0],
      [0.29619454446, 0.7002715199, 0.0035339356357, 0],
      [0.08618468786, 0.72241416178, 0.19140115036, 0],
      [0.22225676943, 0.73754444765, 0.040198782922, 0]
    ],
    [
      [0.62015944329, 0.1887956461, 0.19096501353, 7.9897071316e-05],
      [0.10061105009, 0.1376780479, 0.75172130966, 0.009989592348],
      [0.00011807278978, 0.94047633748, 0.059308235097, 9.7354632416e-05],
      [0.32944468793, 0.60874272824, 0.011389937141, 0.050422646687],
      [0.077869944059, 0.46699807143, 0.42922838325, 0.025903601254],
      [0.20601392815, 0.51220958758, 0.10058833821, 0.18118814606]
    ],
    [
      [0.56112194101, 0.21098863935, 0.22776879666, 0.00012062297784],
      [0.07237921246, 0.12867348252, 0.78579768278, 0.013149622248],
      [9.6926800165e-05, 0.93636709807, 0.063404338264, 0.00013163686613],
      [0.28128675221, 0.63519955145, 0.012739416867, 0.070774279473],
      [0.062380879064, 0.45585371211, 0.44766895906, 0.034096449761],
      [0.16422091461, 0.49837659839, 0.10475308272, 0.23264940428]
    ],
    [
      [0.46449539733, 0.30425650078, 0.23118463235, 6.3469540063e-05],
      [0.049671997361, 0.22596934173, 0.71795306826, 0.0064055926514],
      [5.5614845813e-05, 0.95458337187, 0.045312212576, 4.8800704089e-05],
      [0.19240783427, 0.76551034406, 0.010774310232, 0.031307511441],
      [0.043059017825, 0.5569487661, 0.38475044088, 0.015241775196],
      [0.12366077515, 0.66267049664, 0.097847133742, 0.11582159447]
    ],
    [
      [0.40495695659, 0.36398571751, 0.23069966609, 0.00035765981188],
      [0, 0.26598620385, 0.69886652401, 0.035147272132],
      [3.2105855722e-05, 0.96457284349, 0.03516873835, 0.00022631230824],
      [0.12485823141, 0.69548518133, 0.0080592594942, 0.17159732777],
      [0.027631571932, 0.52763303405, 0.36142716731, 0.083308226709],
      [0.037564177629, 0.28637889455, 0.037345930623, 0.6387109972]
    ],
    [
      [0.68712163343, 0.1678969477, 0.1447906095, 0.00019080938237],
      [0.15005272871, 0.16668384522, 0.64873191637, 0.034531509706],
      [0.00012837094251, 0.95161475586, 0.04800638314, 0.00025049005339],
      [0.33181960734, 0.53733236825, 0.0081898142863, 0.12265821011],
      [0.088607208033, 0.47317228968, 0.36705517512, 0.071165327171],
      [0.1644166935, 0.36007042499, 0.058516470716, 0.4169964108]
    ],
    [
      [0.60130310305, 0.21528130158, 0.18335858965, 5.7005713557e-05],
      [0.093247654073, 0.17731492717, 0.72237402409, 0.0070633946721],
      [0.00010039736943, 0.94950444475, 0.050333748366, 6.1409517661e-05],
      [0.30005035272, 0.6556199838, 0.010316856693, 0.034012806782],
      [0.072177372467, 0.51305824288, 0.39695044501, 0.017813939648],
      [0.19665224023, 0.57883227267, 0.095640140116, 0.12887534698]
    ],
    [
      [0.38432146661, 0.30249572002, 0.31318281337, 0],
      [0.025026827267, 0.14909217218, 0.82588100056, 0],
      [3.8451781298e-05, 0.94206089988, 0.05790064834, 0],
      [0.15645360869, 0.82821313767, 0.015333253632, 0],
      [0.028407021198, 0.50319809949, 0.46839487931, 0],
      [0.10373785732, 0.74901804936, 0.14724409332, 0]
    ],
    [
      [0.479227655, 0.24388627038, 0.27670272616, 0.00018334846299],
      [0.044444161335, 0.11804786351, 0.82067408073, 0.016833894434],
      [6.977526297e-05, 0.93377093538, 0.065987690433, 0.00017159892842],
      [0.21653106986, 0.67077480967, 0.014066811839, 0.098627308636],
      [0.044566434817, 0.4486674918, 0.4625733907, 0.044192682685],
      [0.1148541007, 0.47905402457, 0.10547108737, 0.30062078736]
    ],
    [
      [0.44791004888, 0.35493056905, 0.19715938207, 0],
      [0.04665681877, 0.2910710566, 0.66227212463, 0],
      [4.0840637134e-05, 0.96797691902, 0.031982240341, 0],
      [0.15981583533, 0.83191191015, 0.0082722545225, 0],
      [0.037275908377, 0.64184241297, 0.32088167865, 0],
      [0.11361337763, 0.80176211024, 0.084624512127, 0]
    ],
    [
      [0.25874114762, 0.55434576425, 0.18661807932, 0.00029500881164],
      [0.020867892608, 0.41319844391, 0.52771741918, 0.038216244296],
      [1.3696402475e-05, 0.98061342905, 0.019252720527, 0.00012015402389],
      [0.056400241271, 0.84838340779, 0.005047086389, 0.090169264548],
      [0.014101893254, 0.71882267037, 0.21660152286, 0.05047391352],
      [0.029393554162, 0.60659168942, 0.038473906325, 0.32554085009]
    ],
    [
      [0.47160629425, 0.24423331436, 0.28403475696, 0.00012563442347],
      [0.045106817233, 0.12071716719, 0.8235440497, 0.010631965883],
      [6.9154133778e-05, 0.93204970241, 0.06776359585, 0.00011754760756],
      [0.2214470462, 0.69387994421, 0.014956853594, 0.069716155991],
      [0.044252182104, 0.44985722837, 0.47558713698, 0.030303452544],
      [0.12559829301, 0.5295078743, 0.11971362169, 0.225180211]
    ],
    [
      [1, 0, 0, 0],
      [0.092061193998, 0, 0.907938806, 0],
      [0.00017705178102, 0.82065711434, 0.17916583388, 0],
      [0.63140112045, 0.35868577131, 0.0099131082397, 0],
      [0.11248850145, 0.33323461319, 0.55427688536, 0],
      [0.43164306062, 0.43255121938, 0.13580572, 0]
    ],
    [
      [0.73750309045, 0.13123331697, 0.13126359258, 0],
      [0.052322414217, 0.13889315042, 0.80878443536, 0],
      [7.0023641321e-05, 0.952234556, 0.047695420355, 0],
      [0.31094787145, 0.67834032667, 0.010711801882, 0],
      [0.058211081191, 0.49830951928, 0.44347939953, 0],
      [0.20845332744, 0.6734994695, 0.11804720306, 0]
    ],
    [
      [0.4735116988, 0.26700382787, 0.25928999098, 0.00019448234513],
      [0.049088013329, 0.15599467851, 0.77450683697, 0.020410471198],
      [6.4670625887e-05, 0.94242783463, 0.057338868741, 0.00016862600737],
      [0.2023215077, 0.6874640236, 0.012392705501, 0.0978217632],
      [0.043886614961, 0.48322552247, 0.42678748021, 0.046100382353],
      [0.10896764955, 0.49792120029, 0.094095316321, 0.29901583384]
    ],
    [
      [0.60760311336, 0.19908337841, 0.19321281875, 0.0001006894854],
      [0.096250069685, 0.15057299577, 0.74031350046, 0.012863434086],
      [0.0001102086958, 0.94272432986, 0.057048823535, 0.00011663790979],
      [0.31072089359, 0.61717629456, 0.011081105034, 0.061021706816],
      [0.073800352132, 0.47543132195, 0.41926989009, 0.031498435827],
      [0.18868738664, 0.50410763701, 0.094993237163, 0.21221173919]
    ],
    [
      [0.58092717456, 0.28034930273, 0.13872352271, 0],
      [0.087464018701, 0.35137751701, 0.56115846429, 0],
      [7.1666524983e-05, 0.97040507756, 0.029523255912, 0],
      [0.24523207543, 0.74799235574, 0.0067755688243, 0],
      [0.064167257002, 0.64583725829, 0.28999548471, 0],
      [0.18075667909, 0.74788155438, 0.071361766528, 0]
    ],
    [
      [0.40095622901, 0.32005154183, 0.27893098895, 6.1240208322e-05],
      [0.033546565067, 0.18641740004, 0.77513182636, 0.0049042085303],
      [4.5476860711e-05, 0.94828312677, 0.051626926213, 4.4470153461e-05],
      [0.16395171877, 0.79351265665, 0.012808799148, 0.029726825438],
      [0.033818300146, 0.53158555311, 0.42126100322, 0.013335143527],
      [0.10353638563, 0.67458617658, 0.11424064894, 0.10763678885]
    ],
    [
      [0.41290125759, 0.27948545485, 0.30741550743, 0.00019778013014],
      [0.035159882774, 0.13305305862, 0.81430543247, 0.017481626135],
      [5.3524110853e-05, 0.93531919161, 0.064464677876, 0.00016260640582],
      [0.17474541573, 0.71233005517, 0.014546172151, 0.098378356951],
      [0.034917418221, 0.46110133202, 0.4612637827, 0.042717467053],
      [0.092241202566, 0.50557880141, 0.10822527023, 0.2939547258]
    ],
    [
      [0, 0.54038185218, 0.45961814782, 0],
      [2.5277399221e-17, 0.1820605873, 0.8179394127, 0],
      [0, 0.95715326773, 0.042846732265, 0],
      [0, 0.98630047461, 0.013699525395, 0],
      [0, 0.56748584607, 0.43251415393, 0],
      [0, 0.86781561107, 0.13218438893, 0]
    ],
    [
      [0.59476961314, 0.20957385954, 0.19556533672, 9.1190602344e-05],
      [0.084292603868, 0.15990632942, 0.74426840068, 0.011532666032],
      [0.000101275133, 0.94493118068, 0.054867153446, 0.00010039074597],
      [0.29638798874, 0.63825598144, 0.011002758375, 0.05435327145],
      [0.069684475675, 0.4884754162, 0.41398489034, 0.027855217789],
      [0.1823001645, 0.52899094772, 0.095754922739, 0.19295396504]
    ],
    [
      [0.47929632326, 0.29912444516, 0.22147583331, 0.00010339827978],
      [0.03603648144, 0.22886227961, 0.72865438435, 0.0064468545966],
      [4.8043246402e-05, 0.95900939312, 0.040866780445, 7.5783183357e-05],
      [0.17813583527, 0.76039777721, 0.009831534207, 0.051634853309],
      [0.039528089203, 0.5615531221, 0.37351470414, 0.025404084554],
      [0.10502388088, 0.60879975754, 0.08428572709, 0.20189063449]
    ],
    [
      [0.6261792165, 0.17063722463, 0.20303565838, 0.00014790050114],
      [0.08685304301, 0.11683522871, 0.77767660406, 0.018635124217],
      [0.00012347209616, 0.93171740124, 0.067964506283, 0.00019462038603],
      [0.32930981908, 0.5630345399, 0.012246825667, 0.095408815355],
      [0.075301436828, 0.42204024359, 0.45477280851, 0.047885511064],
      [0.18012616544, 0.41619477443, 0.095401300203, 0.30827775992]
    ],
    [
      [0.59236863962, 0.22021174148, 0.18731642358, 0.00010319531413],
      [0.089327605417, 0.17992233215, 0.71696720838, 0.013782854047],
      [9.5971076135e-05, 0.94968883276, 0.050106828719, 0.0001083674492],
      [0.28372789925, 0.64664949511, 0.010138310454, 0.059484295177],
      [0.068470380731, 0.5080254655, 0.39226305971, 0.031241094053],
      [0.17238000828, 0.52933308758, 0.087211181718, 0.21107572242]
    ],
    [
      [0.57821151143, 0.23235457059, 0.18929774202, 0.00013617596536],
      [0.085483235316, 0.19334655479, 0.70095577949, 0.020214430404],
      [9.055534361e-05, 0.95141034359, 0.048362608086, 0.00013649297621],
      [0.26641479656, 0.64950365145, 0.0097933381794, 0.074288213816],
      [0.065013148378, 0.51452854158, 0.38098836239, 0.039469947651],
      [0.15650637359, 0.51348030616, 0.081247159331, 0.24876616092]
    ],
    [
      [4.2067044292e-17, 0.5437088975, 0.45572981019, 0.00056129230055],
      [2.7755575616e-17, 0.25790778823, 0.74209221177, 0],
      [0, 0.96259550805, 0.037207345036, 0.00019714690975],
      [0, 0.82012420664, 0.0099826800077, 0.16989311335],
      [0, 0.52071077561, 0.40836716588, 0.070922058505],
      [0, 0.36062972661, 0.050275705519, 0.58909456788]
    ],
    [
      [2.363560736e-17, 0.48207727559, 0.51709251122, 0.00083021319362],
      [0, 0.14051282179, 0.81793710261, 0.041550075597],
      [0, 0.91893420508, 0.055552119302, 0.025513675615],
      [0, 0.72720279023, 0.013129427982, 0.25966778179],
      [0, 0.45072368546, 0.44513889038, 0.10413742416],
      [0, 0.30295209243, 0.059366726382, 0.63768118119]
    ],
    [
      [0.42320965275, 0.29502575735, 0.28153961565, 0.00022497425845],
      [0.040410454649, 0.16437186492, 0.77284141135, 0.022376269084],
      [5.2371163097e-05, 0.94336261391, 0.056408292664, 0.00017672225877],
      [0.1695078565, 0.7119884726, 0.012613888765, 0.10588978213],
      [0.035995017666, 0.48992172659, 0.42519044431, 0.048892811438],
      [0.08905575943, 0.50303395961, 0.093421521959, 0.314488759]
    ],
    [
      [0, 0.33798185215, 0.66201814785, 0],
      [0, 0, 1, 0],
      [0, 0.52818405752, 0.47181594248, 0],
      [0, 0.97181594248, 0.028184057523, 0],
      [0, 0.35604750459, 0.64395249541, 0],
      [1.1102230246e-16, 0.75218663828, 0.24781336172, -0]
    ],
    [
      [1.1102230246e-16, 0.11747758225, 0.88252241775, 0],
      [0, 0, 1, 0],
      [0, 0.057362617703, 0.9426373823, 0],
      [0, 0.90039655225, 0.099603447754, 0],
      [0, 0.127439412, 0.872560588, 0],
      [0, 0.4426373823, 0.5573626177, 0]
    ],
    [
      [0.42998693457, 0.28870111814, 0.28111788845, 0.00019405884391],
      [0.038272411159, 0.15662668247, 0.7864445139, 0.018656392466],
      [5.4307232731e-05, 0.94232544131, 0.057464702005, 0.00015554945743],
      [0.17698879206, 0.71609056719, 0.012939620459, 0.093981020291],
      [0.037215372768, 0.48783340091, 0.43201463792, 0.042936588405],
      [0.095401409392, 0.51901505576, 0.098326754613, 0.28725678024]
    ],
    [
      [0.38944676279, 0.29603741468, 0.31443969569, 7.6126837142e-05],
      [0.02534826147, 0.12308070101, 0.84866365132, 0.0029073861916],
      [4.5647771589e-05, 0.93821557764, 0.06168008001, 5.8694578834e-05],
      [0.16579962961, 0.77960385424, 0.015230693261, 0.039365822882],
      [0.031505176953, 0.48454844875, 0.46759334333, 0.016353030964],
      [0.099511795801, 0.6319796216, 0.12984555418, 0.13866302842]
    ],
    [
      [0.54946506002, 0.21371215726, 0.23679911054, 2.3672174593e-05],
      [0.064317362716, 0.11810346574, 0.81561561692, 0.0019635546247],
      [9.0695927677e-05, 0.9353810218, 0.064502974492, 2.5307784258e-05],
      [0.28742195115, 0.68372636117, 0.013995309244, 0.014856378432],
      [0.06001510527, 0.46505942425, 0.46816676535, 0.006758705136],
      [0.19245882262, 0.61716913977, 0.1326529313, 0.057719106309]
    ],
    [
      [0, 0.26448635211, 0.73551364789, 0],
      [0, 0, 1, 0],
      [0, 0.51100846988, 0.48899153012, 0],
      [0, 0.95596612047, 0.044033879529, 0],
      [0, 0.28616361349, 0.71383638651, 0],
      [0, 0.66552227598, 0.33447772402, -0]
    ],
    [
      [0.77188019129, 0.10464132299, 0.12347848572, 0],
      [0.064409054139, 0.10667129858, 0.82891964728, 0],
      [8.2466991194e-05, 0.94490921476, 0.055008318249, 0],
      [0.35473710306, 0.63345728526, 0.011805611684, 0],
      [0.065498942695, 0.46159181275, 0.47290924455, 0],
      [0.23822158363, 0.63124477294, 0.13053364344, 0]
    ],
    [
      [0.2326021714, 0.36843270124, 0.39896512736, 0],
      [0.0052887451027, 0.1121521678, 0.8825590871, 0],
      [1.9029004975e-05, 0.93960546623, 0.060375504767, 0],
      [0.084261207351, 0.89837451603, 0.017364276616, 0],
      [0.013956544535, 0.49880600681, 0.48723744866, 0],
      [0.05391431448, 0.78488075142, 0.1612049341, 0]
    ],
    [
      [0.59327661591, 0.2523246499, 0.15439873419, 0],
      [0.023756730617, 0.29378794005, 0.68245532933, 0],
      [3.7130838563e-05, 0.97284593215, 0.027116937013, 0],
      [0.18365751725, 0.80901911703, 0.0073233657198, 0],
      [0.039369435352, 0.62370244141, 0.33692812324, 0],
      [0.12800181353, 0.79065854072, 0.081339645749, 0]
    ],
    [
      [0.47633800465, 0.26686921096, 0.25660779555, 0.00018498884175],
      [0.042753711098, 0.15841821839, 0.78076440965, 0.018063660868],
      [5.7771658572e-05, 0.94458924399, 0.055196060728, 0.00015692362157],
      [0.19293145874, 0.69926268956, 0.012200180225, 0.095605671471],
      [0.040568190706, 0.4887717135, 0.4261314717, 0.044528624096],
      [0.10114127221, 0.49893795085, 0.091981050484, 0.30793972646]
    ],
    [
      [0.49026329257, 0.28052199189, 0.22905599754, 0.00015871800075],
      [0.054590046725, 0.19986969259, 0.72703486922, 0.018505391467],
      [6.2577461535e-05, 0.95152337345, 0.048282701649, 0.00013134744363],
      [0.2021953421, 0.7085264681, 0.01067566568, 0.078602524113],
      [0.046020928, 0.52532858532, 0.38966399084, 0.038986495842],
      [0.11456568892, 0.54114522987, 0.085651259268, 0.25863782195]
    ],
    [
      [0.29051646565, 0.47177469924, 0.23751790615, 0.00019092896883],
      [0.019833374328, 0.34343615606, 0.61512977285, 0.021600696761],
      [2.0162784634e-05, 0.97056915314, 0.029317703319, 9.2980760321e-05],
      [0.079668306885, 0.84508737523, 0.0076561537597, 0.067588164129],
      [0.018503580993, 0.65090045082, 0.2959643408, 0.034631627383],
      [0.045165641504, 0.65075230342, 0.062469802319, 0.24161225275]
    ],
    [
      [0.26717892341, 0.28039512175, 0.4045625686, 0.047863386244],
      [0, 0.0087809981492, 0.87974731712, 0.11147168473],
      [0, 0.92254161818, 0.076692218201, 0.00076616362151],
      [0.081641879533, 0.51194766205, 0.012851356052, 0.39355910236],
      [0.016529961753, 0.35138288768, 0.4597812003, 0.17230595027],
      [0.018649508958, 0.16047673241, 0.043201901408, 0.77767185723]
    ],
    [
      [0.66667549587, 0.18617725512, 0.14714724901, 0],
      [0.1100654668, 0.18488495733, 0.70504957587, 0],
      [0.00010462305488, 0.95594159448, 0.043953782468, 0],
      [0.33752233086, 0.65338044103, 0.0090972281071, 0],
      [0.08237350365, 0.5368393945, 0.38078710185, 0],
      [0.24754184375, 0.65509747169, 0.09736068456, 0]
    ],
    [
      [0.51716457571, 0.31330275561, 0.16941364498, 0.0001190236971],
      [0.066888135182, 0.34959919857, 0.56712197823, 0.016390688013],
      [6.0662414765e-05, 0.96720412674, 0.032645179863, 9.0030981379e-05],
      [0.19998472875, 0.7376943261, 0.007382098292, 0.054938846865],
      [0.051244567088, 0.6153813846, 0.30270601726, 0.030668031046],
      [0.12381286112, 0.61559085958, 0.064648261948, 0.19594801735]
    ],
    [
      [0.42289468632, 0.39672168576, 0.18024595101, 0.00013767691776],
      [0.043840913549, 0.40287526196, 0.53503857371, 0.018245250776],
      [3.8325207223e-05, 0.97251066405, 0.027368846383, 8.2164362885e-05],
      [0.13796951983, 0.80076600982, 0.0066951903344, 0.054569280015],
      [0.034840375764, 0.66178718309, 0.2732295461, 0.030142895049],
      [0.084385254669, 0.66172644426, 0.05817532766, 0.19571297341]
    ],
    [
      [0.76759586433, 0.15384950566, 0.078322015665, 0.00023261434396],
      [0.084351489906, 0.28884284418, 0.55777959146, 0.069026074457],
      [5.7656804438e-05, 0.97468465532, 0.024959304977, 0.00029838289906],
      [0.21688969698, 0.57385915019, 0.0046632318977, 0.20458792094],
      [0.054120363488, 0.57035672054, 0.25407036572, 0.12145255025],
      [0.022039427226, 0.087091828148, 0.0078228475627, 0.88304589706]
    ],
    [
      [0.63455225613, 0.21661897005, 0.14850007089, 0.00032870293737],
      [0.10851152131, 0.23003891363, 0.56353866107, 0.097910903989],
      [9.8897620279e-05, 0.95960157733, 0.039951010034, 0.00034851501416],
      [0.26003370625, 0.56557933992, 0.0070350748051, 0.16735187902],
      [0.071281173065, 0.51050815398, 0.31696491707, 0.10124575588],
      [0.12249807974, 0.36077221217, 0.047415687495, 0.4693140206]
    ],
    [
      [0.4762903889, 0.24713783337, 0.27632173651, 0.00025004121815],
      [0.042589628388, 0.12686824879, 0.80549132818, 0.025050794646],
      [6.7920427873e-05, 0.93483257136, 0.064869054908, 0.00023045330864],
      [0.20532856831, 0.65185994544, 0.013437869556, 0.12937361669],
      [0.043136950307, 0.4454768092, 0.45225872574, 0.059127514748],
      [0.10131367309, 0.43319446998, 0.093834186068, 0.37165767087]
    ],
    [
      [0.46942576905, 0.16947902929, 0.36109520166, 0],
      [0.01958644598, 0.040168808556, 0.94024474546, 0],
      [6.2437549566e-05, 0.89302223459, 0.10691532786, 0],
      [0.25504061316, 0.71860284289, 0.026356543956, 0],
      [0.033816443387, 0.33356665825, 0.63261689836, 0],
      [0.15436587119, 0.60634045137, 0.23929367744, 0]
    ],
    [
      [0.48423517372, 0.35415503226, 0.16160979401, 0],
      [0.06950266659, 0.35385717921, 0.5766401542, 0],
      [4.7881941403e-05, 0.9729478743, 0.02700424376, 0],
      [0.17738969737, 0.8158452383, 0.006765064331, 0],
      [0.044952420548, 0.67588944743, 0.27915813202, 0],
      [0.12907760502, 0.80079865466, 0.070123740324, 0]
    ],
    [
      [0.5786051301, 0.17203724467, 0.24925448699, 0.00010313823382],
      [0.064677012578, 0.059575725107, 0.87204896789, 0.0036982944225],
      [0.00010899275849, 0.91892824676, 0.080830945921, 0.00013181455783],
      [0.31596933568, 0.59776834884, 0.015711577574, 0.070550737911],
      [0.062978268915, 0.39193742505, 0.51423333433, 0.030850971706],
      [0.17752795638, 0.45452581713, 0.12623656937, 0.24170965712]
    ],
    [
      [0.50814385871, 0.25211099826, 0.23957293517, 0.00017220785681],
      [0.056262466106, 0.16207583253, 0.76206268346, 0.019599017907],
      [7.1873398769e-05, 0.94402990573, 0.055740949843, 0.00015727102578],
      [0.22270849103, 0.67525502036, 0.011841164362, 0.090195324249],
      [0.049369398129, 0.48689201223, 0.42017280296, 0.043565786674],
      [0.12236755721, 0.49971204965, 0.092048550764, 0.28587184237]
    ],
    [
      [0.5573707827, 0.22494374736, 0.21760505622, 8.0413726953e-05],
      [0.073605736441, 0.15365738479, 0.76423453243, 0.0085023463412],
      [8.8310986442e-05, 0.9432052159, 0.05662432794, 8.2145174219e-05],
      [0.27151462328, 0.66957409768, 0.011942514329, 0.046968764712],
      [0.060863567443, 0.48781774077, 0.42843802581, 0.022880665968],
      [0.16807710388, 0.55798314134, 0.10457259777, 0.16936715701]
    ],
    [
      [0.6933659657, 0.14526395695, 0.16128638632, 8.3691024361e-05],
      [0.12576008782, 0.12663939609, 0.73624405051, 0.01135646558],
      [0.00015666951671, 0.93686962214, 0.062845152492, 0.00012855584825],
      [0.39731913567, 0.53178482002, 0.010676437492, 0.060219606824],
      [0.09851312791, 0.43346959057, 0.43526017117, 0.03275711035],
      [0.2425827862, 0.43912870746, 0.09326168674, 0.2250268196]
    ],
    [
      [0.62383878542, 0.20714237193, 0.16895232426, 6.6518394851e-05],
      [0.10395317119, 0.18687182964, 0.70056831238, 0.0086066867956],
      [0.00010346094307, 0.95232032888, 0.047502642514, 7.3567662504e-05],
      [0.30796829623, 0.64205709896, 0.0095547697598, 0.040419835052],
      [0.075982008041, 0.51889498831, 0.38328344226, 0.021839561392],
      [0.19838766035, 0.55866710494, 0.087672704509, 0.1552725302]
    ],
    [
      [0.54699190142, 0.27995646508, 0.17278876812, 0.00026286538213],
      [0.073901247287, 0.26358438863, 0.61808876406, 0.04442560002],
      [6.411585597e-05, 0.96422606865, 0.035496689276, 0.00021312621381],
      [0.20056931338, 0.66729761418, 0.0073824339573, 0.12475063848],
      [0.051481196958, 0.56446738965, 0.31414295379, 0.069908459607],
      [0.099390686769, 0.44749801754, 0.052528320372, 0.40058297532]
    ],
    [
      [0.57964454853, 0.21014034626, 0.21018064658, 3.445863224e-05],
      [0.078201613447, 0.14498735399, 0.77348062388, 0.0033304086816],
      [9.9541500576e-05, 0.94107723679, 0.058785420138, 3.7801566537e-05],
      [0.30237710551, 0.66405857957, 0.012301926787, 0.021262388129],
      [0.067764153848, 0.48289188126, 0.4389765203, 0.010367444593],
      [0.20284124279, 0.59937627739, 0.11648932321, 0.081293156621]
    ],
    [
      [0.56627382873, 0.2388476374, 0.19469787495, 0.00018065892536],
      [0.079409078489, 0.19192029134, 0.7026462675, 0.026024362673],
      [8.6759372752e-05, 0.95125894148, 0.048477888504, 0.00017641064313],
      [0.25217512931, 0.64313183161, 0.0097171044739, 0.094975934612],
      [0.061655131553, 0.50995234968, 0.37789154641, 0.050500972351],
      [0.1405146137, 0.48206806995, 0.076393818107, 0.30102349824]
    ],
    [
      [0.40105454608, 0.32529065086, 0.27343133916, 0.00022346390115],
      [0.034044963468, 0.19051389154, 0.75466750951, 0.020773635484],
      [3.7217552953e-05, 0.95251750134, 0.047292425931, 0.0001528551776],
      [0.13641793665, 0.7502692373, 0.01122157603, 0.10209125002],
      [0.028478771745, 0.52576358351, 0.39825251017, 0.047505134579],
      [0.068459189084, 0.51435294036, 0.081835678942, 0.33535219161]
    ],
    [
      [0.41835055192, 0.24735968217, 0.33414848967, 0.00014127624175],
      [0.024260371008, 0.11181323309, 0.85301056194, 0.010915833955],
      [3.8989973857e-05, 0.93255184947, 0.067291899477, 0.00011726107968],
      [0.13894096655, 0.6786137802, 0.12547886452, 0.056966388732],
      [0.025697609211, 0.42002473756, 0.52299693797, 0.031280715265],
      [0.077710613306, 0.50570859352, 0.12229158884, 0.29428920434]
    ],
    [
      [0.58942524971, 0.234585126, 0.17585252904, 0.00013709524664],
      [0.089825181811, 0.21528244748, 0.67260399948, 0.022288371229],
      [8.9067109061e-05, 0.95543776824, 0.044337367306, 0.00013579734159],
      [0.26507040714, 0.65141189746, 0.0089851092796, 0.074532586119],
      [0.066192368144, 0.5313995148, 0.36170908924, 0.040699027816],
      [0.15537320587, 0.51535903239, 0.07474626048, 0.25452150125]
    ],
    [
      [0.76520553739, 0.074454583191, 0.16016688102, 0.00017299839648],
      [0.11359837716, 0.065747496682, 0.80097057869, 0.019683547471],
      [0.00026075410985, 0.89280476986, 0.1064749771, 0.00045949892596],
      [0.48735204739, 0.34367679054, 0.012570732816, 0.15640042925],
      [0.11549312809, 0.27413342798, 0.52725469872, 0.083118745212],
      [0.21742684989, 0.20909575195, 0.082666255315, 0.49081114284]
    ],
    [
      [0.58065060573, 0.21572786438, 0.20344740479, 0.00017412510315],
      [0.077589098263, 0.1587958897, 0.73955518932, 0.02405982272],
      [9.4620371606e-05, 0.94450042927, 0.055219413648, 0.00018553670841],
      [0.27086670893, 0.62024384756, 0.010777375535, 0.098112067968],
      [0.063835400434, 0.47720832231, 0.40845176317, 0.050504514085],
      [0.14779571509, 0.45664527854, 0.083392824742, 0.31216618162]
    ],
    [
      [0.50743037104, 0.2625044663, 0.22995294855, 0.00011221411209],
      [0.053681762528, 0.18175597384, 0.75367283389, 0.010889429737],
      [6.5444900052e-05, 0.94905418335, 0.050782717988, 9.7653758062e-05],
      [0.21752584916, 0.71105411139, 0.011344097729, 0.060075941722],
      [0.047841966566, 0.51436690406, 0.40885826526, 0.028932864113],
      [0.12733588136, 0.56347360198, 0.094865936961, 0.2143245797]
    ],
    [
      [0.63979334502, 0.17534783734, 0.18467388184, 0.00018493580042],
      [0.091926238265, 0.1289425764, 0.75205352525, 0.027077660089],
      [0.00012285321429, 0.93875994201, 0.060877630729, 0.00023957404791],
      [0.32046792613, 0.55308872924, 0.010680111894, 0.11576323274],
      [0.077501332124, 0.44055843757, 0.42066357922, 0.061276651089],
      [0.16611186591, 0.38851731708, 0.078981223073, 0.36638959394]
    ],
    [
      [0.68796658558, 0.17111744275, 0.14077178525, 0.0001441864211],
      [0.11241646323, 0.18183198291, 0.6795800938, 0.026171460063],
      [0.00011142443002, 0.95418818462, 0.045515541564, 0.0001848493846],
      [0.32064922588, 0.57023514186, 0.0082384679903, 0.10087716426],
      [0.081563781333, 0.49565922136, 0.36638112443, 0.056395872875],
      [0.15579726325, 0.38181895986, 0.058948973316, 0.40343480358]
    ],
    [
      [0.25916577089, 0.47728998787, 0.26335853701, 0.00018570422615],
      [0.015488924556, 0.35829037789, 0.61107222211, 0.015148475444],
      [1.8499910124e-05, 0.9670787034, 0.032811731385, 9.1065304893e-05],
      [0.072755431098, 0.85251129085, 0.0086091131415, 0.066124164909],
      [0.01631852453, 0.63361646511, 0.31748255069, 0.032582459674],
      [0.041225417561, 0.65676215358, 0.069871129208, 0.23214129966]
    ],
    [
      [0.3022914477, 0.26111917005, 0.43650431647, 8.5065784502e-05],
      [0.009477385908, 0.039575295922, 0.95010382232, 0.00084349584612],
      [3.7581956843e-05, 0.90713261033, 0.092758704265, 7.110344761e-05],
      [0.14356193189, 0.7821759753, 0.023860415208, 0.050401677604],
      [0.02138689668, 0.38275020466, 0.57944974584, 0.016413152825],
      [0.077609531451, 0.57199982129, 0.18399618241, 0.16639446485]
    ],
    [
      [0.40193277482, 0.350614801, 0.24726605128, 0.00018637289444],
      [0.035730451716, 0.23010290727, 0.71468043421, 0.019486206799],
      [3.6919619727e-05, 0.95923393741, 0.040608632171, 0.00012051079917],
      [0.13533592686, 0.7733683767, 0.0098297283527, 0.081465968086],
      [0.029998470683, 0.56882792945, 0.3613724042, 0.039801195666],
      [0.073287766294, 0.56898000895, 0.076581717168, 0.28115050759]
    ],
    [
      [0.40078968801, 0.37249317452, 0.22663261883, 8.4518632776e-05],
      [0.034160825615, 0.31309615079, 0.64430683172, 0.0084361918729],
      [3.9456771432e-05, 0.96336448271, 0.036542565201, 5.3495320401e-05],
      [0.1434880649, 0.81124418345, 0.009127447165, 0.036140304481],
      [0.033225592439, 0.61071370966, 0.33787018298, 0.018190514917],
      [0.091140956929, 0.69398871445, 0.081963279672, 0.13290704895]
    ],
    [
      [0.43911920959, 0.34953384727, 0.21121564484, 0.00013129830005],
      [0.039252363143, 0.33008276121, 0.6170979511, 0.013566924554],
      [4.3986524261e-05, 0.96384759951, 0.036020320479, 8.8093483689e-05],
      [0.15629856585, 0.77749366951, 0.008632245941, 0.057575518698],
      [0.036798516407, 0.60240079312, 0.3310458322, 0.029754858275],
      [0.093305476158, 0.62892731183, 0.073465518014, 0.204301694]
    ],
    [
      [0.47999834832, 0.22656346773, 0.29314243952, 0.00029574442773],
      [0.03954022644, 0.10597179512, 0.82438107325, 0.030106905185],
      [7.2573875093e-05, 0.92576179774, 0.07387282896, 0.00029279942683],
      [0.21116428534, 0.61653498091, 0.014643216467, 0.15765751728],
