{
  "Z_true": {},
  "V_true": [
    [25, 16, 880, 324, 176, 422],
    [633, 7, 70, 1101, 311, 32],
    [299, 159, 304, 3458, 8069, 343],
    [43, 91, 2701, 685, 87, 195],
    [53, 901, 685, 636, 484, 131],
    [22, 32, 484, 397, 251, 661],
    [79, 43, 171, 822, 378, 470]
  ],
  "p_true": [
    [0.0136, 0.0087, 0.4775, 0.1758, 0.0955, 0.229],
    [0.2939, 0.0032, 0.0325, 0.5111, 0.1444, 0.0149],
    [0.0237, 0.0126, 0.0241, 0.2737, 0.6388, 0.0272],
    [0.0113, 0.0239, 0.7104, 0.1802, 0.0229, 0.0513],
    [0.0183, 0.3118, 0.237, 0.2201, 0.1675, 0.0453],
    [0.0119, 0.0173, 0.262, 0.2149, 0.1359, 0.3579],
    [0.0402, 0.0219, 0.0871, 0.4187, 0.1926, 0.2394]
  ],
  "Z_est": [
    [
      [0.4237, 2.3495, 1.8454, 2.5421, 1.2325, 0.4306, 1.5378, 0.6548, 0.0615, 0.593, 3.6938, 0.7318, 0.7318, 2.399, 1.4636, 0.3852, 0.1926, 2.5194, 0.246, 0.3852, 8.1185, 0.6766, 0.8859, 0.6766, 0.6933, 0.1155, 3.3619, 1.4753, 0.3466, 2.522, 0.1928, 0.0385, 4.2107, 3.9368, 2.0799, 1.6177, 1.0457, 1.7223, 2.2339, 0, 0, 2.3375, 0.7997, 11.3182, 0.9818],
      [0.0011, 0.006, 0.0047, 0.0065, 0.0032, 0.0019, 0.0022, 0.0017, 0.0006, 0.0001, 0.0054, 0.0019, 0.0013, 0.0111, 0.0038, 0.001, 0.0005, 0.0042, 0.0012, 0.0007, 0.0021, 0.0032, 0.0028, 0.0052, 0.0031, 0.0003, 0.0126, 0.0015, 0.0009, 0.0121, 0.0003, 0.0001, 0.0152, 0.0099, 0.0053, 0.0041, 0.0007, 0.002, 0.0057, 0, 0, 0.006, 0.0028, 0.0165, 0.0009],
      [9.4366, 52.3302, 41.1778, 56.6195, 27.4519, 15.2814, 32.8454, 14.5838, 4.5087, 1.1944, 90.0765, 15.8641, 14.8348, 140.8913, 32.2482, 8.0737, 4.2894, 52.3302, 3.2792, 8.579, 10.4508, 23.7233, 20.6195, 26.2127, 15.4417, 2.5736, 111.3757, 23.1625, 7.7208, 45.7965, 4.2894, 0.8579, 128.6807, 145.8382, 44.5096, 36.0306, 17.7798, 39.1159, 49.7566, 0, 0, 58.272, 12.8681, 106.8968, 9.4366],
      [0.8022, 4.3375, 3.4131, 4.6931, 2.2754, 1.6595, 2.506, 1.2088, 1.2348, 2.0164, 7.4662, 1.351, 2.7531, 9.5875, 3.053, 0.9357, 0.3555, 4.3375, 0.2844, 0.7111, 1.4932, 1.991, 0.8651, 2.1332, 1.2799, 0.2133, 9.1017, 1.9199, 0.64, 3.9109, 0.3555, 0.0711, 12.2324, 15.9653, 5.6553, 2.9865, 1.4932, 2.0818, 4.1242, 0, 0, 3.372, 0.8434, 9.3861, 0.3178],
      [0.1415, 0.8958, 0.7049, 0.9693, 0.4699, 0.2643, 0.5581, 0.2497, 0.0881, 0.1028, 1.8974, 0.4716, 0.3423, 1.6479, 0.5581, 0.4272, 0.0734, 0.8958, 0.0587, 0.1469, 0.5633, 0.7477, 0.2192, 0.4406, 0.2643, 0.0441, 1.8798, 0.2525, 0.1322, 1.7839, 0.0734, 0.0147, 2.2029, 2.4966, 0.793, 0.7216, 0.3084, 0.6462, 0.8518, 0, 0, 0.9693, 0.2203, 1.9385, 0.1615],
      [0.1949, 1.081, 0.854, 1.1696, 0.5671, 0.3622, 0.5506, 0.3013, 0.1063, 3.0934, 1.8607, 0.5796, 0.3367, 2.4632, 0.6734, 0.1772, 0.0886, 0.9128, 0.1304, 0.1772, 0.3721, 0.8581, 0.4076, 0.5316, 0.3177, 0.0532, 2.2682, 0.1884, 0.1595, 0.9746, 0.0886, 0.0177, 2.6581, 1.7532, 0.9569, 0.6394, 0.3721, 0.4318, 1.0278, 0, 0, 1.0432, 0.2658, 2.4438, 0.1014]
    ],
    [
      [25.6957, 33.0083, 23.3484, 44.1273, 27.3872, 5.8281, 20.8148, 20.3212, 0.8326, 1.403, 6.6909, 8.0291, 4.422, 31.3903, 14.7896, 3.4539, 5.8281, 35.6683, 3.3304, 6.8177, 3.5685, 9.2354, 3.1224, 9.1585, 7.8934, 3.5034, 45.357, 44.1273, 24.1452, 34.1362, 4.9339, 0.4461, 51.6207, 53.2893, 22.1086, 20.0726, 14.1541, 24.7142, 21.6474, 0, 0.8921, 31.4404, 10.8237, 153.1968, 23.8341],
      [0.0011, 0.0059, 0.004, 0.0119, 0.0046, 0.0018, 0.002, 0.0027, 0.0003, 0.0001, 0.0012, 0.0014, 0.0007, 0.0054, 0.0023, 0, 0.0015, 0.0068, 0.0011, 0.0007, 0.0006, 0.003, 0.0006, 0.0049, 0.0013, 0.0333, 0.0103, 0.0072, 0.003, 0.0113, 0.0003, 0.0001, 0.0142, 0.0093, 0.0038, 0.0036, 0.0007, 0.006, 0.0035, 0, 0.0002, 0.0051, 0.0026, 0.0236, 0.0008],
      [1.1008, 3.4867, 2.403, 4.5618, 2.7328, 0.9444, 1.7433, 2.3088, 0.1885, 0.0767, 0.7068, 0.8481, 0.0166, 3.204, 0, 0, 0.345, 5.301, 0.1533, 0.8481, 0.3769, 1.0366, 0.3298, 6.1275, 0, 0.3769, 18.7559, 4.2877, 0.805, 3.7694, 0, 0.0471, 7.633, 9.3407, 2.2894, 2.1203, 0.8242, 8.9294, 2.5876, 0, 0.0942, 4.3244, 1.1308, 6.8619, 1.3193],
      [46.0032, 36.2551, 24.3871, 51.5842, 26.901, 15.788, 13.8179, 24.7473, 2.9226, 1.4698, 7.349, 8.8188, 4.4094, 33.3155, 14.2081, 3.4295, 12.5058, 43.5781, 3.4293, 10.0309, 3.9195, 10.7785, 3.4295, 15.1879, 7.8389, 3.9195, 63.6913, 41.0605, 12.408, 39.7063, 4.8993, 0.4899, 100.0087, 76.9778, 24.0067, 22.047, 12.5504, 37.2349, 19.0193, 0, 0.9799, 27.1542, 11.6195, 134.8334, 2.3785],
      [0.1875, 1.2323, 0.8493, 1.6985, 0.9658, 0.4338, 0.6161, 1.6122, 0.0551, 0.05, 0.2498, 0.2997, 0.1499, 0.0741, 0, 0.1166, 0.3164, 1.4321, 0.0846, 0.2997, 0.1332, 0.941, 0.1166, 0.5162, 0.2664, 0.1332, 2.1648, 1.5153, 0.6328, 2.364, 0.1665, 0.0167, 2.6976, 2.3646, 0.5836, 0.7527, 0.4663, 5.1033, 0.7327, 0, 0.0333, 1.0657, 0.4191, 3.0368, 0.4663],
      [0.0116, 0.0118, 0.0081, 0.0162, 0.0085, 0.0038, 0.0058, 0.0078, 0.0009, 0.0005, 0.0024, 0.0029, 0.0014, 0.0108, 0, 0, 0.0032, 0.0137, 0.0014, 0.0029, 0.0013, 0.0055, 0.0011, 0.0049, 0, 0.0337, 0.0207, 0.002, 0.0061, 0.0127, 0, 0.0002, 0.0258, 0.0184, 0.0078, 0.0038, 0.0045, 0.0121, 0.0096, 0, 0.0003, 0.0102, 0.0043, 0.0475, 0.0011]
    ],
    [
      [0.5474, 2.693, 3.4873, 3.9585, 3.0506, 0.4713, 1.6831, 1.31, 0.0673, 0.8848, 0.8079, 0.7942, 0.4039, 2.6256, 4.4324, 0.3366, 0.6678, 1.4699, 0.2693, 0.5386, 0.8752, 0.6704, 1.5607, 0.7406, 0.7406, 0.2693, 3.1982, 5.4181, 3.3277, 2.7603, 0.4039, 0.4554, 3.7948, 4.3087, 1.8178, 1.4622, 1.1445, 0.8365, 1.1855, 0, 2.9264, 2.5583, 0.8752, 12.3876, 3.8752],
      [0.1218, 0.6851, 0.7155, 1.3954, 0.5176, 0.2348, 0.2284, 0.3045, 0.0609, 0.0152, 0.5633, 0.3417, 0.1066, 1.157, 0.5024, 0.1675, 0.2408, 0.3598, 0.1218, 0.0761, 0.1218, 0.3349, 0.2913, 0.5481, 0.3197, 1.8922, 0.7827, 0.2162, 0.6322, 1.2636, 0.0304, 0.0575, 1.5833, 1.0352, 0.4263, 0.2588, 0.0692, 0.1675, 0.3197, 0, 0.5124, 0.6242, 1.0339, 1.7203, 0.0963],
      [1.5119, 0, 18.7348, 16.6317, 40.0723, 1.8677, 4.8915, 1.5809, 0.5033, 0.1779, 0, 3.7101, 0, 21.3892, 5.896, 0.4094, 1.4114, 4.4549, 0.3557, 4.4188, 1.5564, 0, 4.2425, 18.7829, 0, 0.4002, 16.5866, 7.1522, 1.8677, 6.8036, 0.843, 0.533, 0, 20.989, 4.6786, 2.8529, 0, 2.535, 3.8078, 0, 1.9683, 10.4945, 2.5695, 15.9196, 3.5024],
      [40.3913, 132.3358, 131.9698, 256.9614, 107.611, 45.8741, 55.2538, 61.0749, 11.8996, 7.9564, 114.9826, 55.4164, 34.986, 212.9035, 199.545, 24.7451, 56.6756, 65.5721, 8.5052, 35.7066, 21.4769, 25.2873, 22.8776, 65.3645, 29.8809, 10.6743, 145.1764, 52.5385, 110.0378, 224.2699, 21.8462, 7.2723, 184.8362, 208.3934, 94.7988, 35.3763, 7.7636, 32.9569, 29.4639, 0, 6.5364, 76.8713, 25.212, 324.9548, 8.404],
      [45.2769, 361.3872, 401.927, 635.6031, 340.4526, 105.6216, 157.0282, 146.0447, 13.3167, 19.2752, 265.3489, 156.476, 78.1648, 527.3026, 373.4077, 130.3442, 98.8143, 163.8718, 20.419, 63.0326, 59.9652, 79.9457, 67.8799, 171.342, 80.678, 27.6737, 345.2807, 81.6778, 300.5291, 578.1546, 63.0326, 18.0653, 418.3401, 456.9915, 145.5963, 104.132, 35.9487, 97.6425, 111.3903, 1, 53.2144, 324.9284, 101.2761, 755.7481, 47.585],
      [1.1507, 6.8989, 10.1656, 12.4498, 4.2959, 1.9305, 2.9151, 2.6849, 1.1521, 0.6904, 5.2974, 10.2616, 0.3387, 10.6221, 5.2164, 0.9973, 2.1901, 3.2715, 1.329, 1.2274, 3.0045, 2.7616, 2.1479, 3.2219, 1.3808, 2.0903, 8.9754, 0.9973, 3.6055, 7.748, 0.8438, 3.6165, 8.4456, 9.2822, 3.6822, 1.9178, 1.074, 1.8616, 4.8329, 0, 4.8422, 5.5233, 3.0333, 31.2696, 0.537]
    ],
    [
      [0.1008, 0.4312, 0.3319, 0.5575, 0.3651, 0.0775, 0.2766, 0.1646, 0.0111, 0.0332, 0.1328, 0.0974, 0.131, 1.2729, 0.3056, 0.0772, 0.0705, 0.4537, 0.0369, 0.0885, 0.1438, 0.1217, 2.0694, 0.1217, 0.1217, 0.0443, 0.5975, 0.5864, 0.3209, 0.4537, 0.2894, 0, 0.686, 0.7082, 0.2988, 0.2656, 0.1881, 0.3098, 0.3258, 0, 0.047, 0.4205, 0.1438, 2.036, 0.0437],
      [0.0438, 0.2284, 0.2338, 0.2986, 0.1799, 0.0463, 0.0821, 0.0881, 0.0144, 0.0055, 0.2026, 0.0657, 0.0383, 0.4211, 0.1637, 0.0602, 0.0602, 0.2356, 0.0438, 0.0274, 0.0438, 0.1205, 0.104, 0.1971, 0.115, 1.6002, 0.3614, 0.0548, 0.1369, 0.4545, 0.011, 0, 0.5695, 0.3723, 0.1533, 0.1151, 0.0274, 0.0606, 0.1745, 0, 0.0602, 0.2245, 0.104, 0.6187, 0.0329],
      [14.4218, 75.0187, 76.7956, 98.0621, 59.937, 14.1776, 46.6586, 25.8743, 4.4739, 1.6967, 99.7387, 17.1313, 17.3909, 229.5659, 45.8103, 9.3317, 7.635, 77.9472, 2.5029, 18.3128, 14.8459, 28.4193, 34.6517, 48.8696, 16.4483, 3.8175, 154.5952, 20.0504, 20.8662, 64.8979, 14.7684, 0, 150.6375, 195.411, 47.8272, 43.2653, 18.3236, 55.5662, 57.3013, 0, 8.2703, 92.2688, 20.3601, 153.9869, 8.6919],
      [10.8893, 27.871, 22.1296, 36.4298, 21.9457, 5.267, 13.629, 13.0177, 1.7557, 0.8778, 48.6098, 6.3507, 14.5431, 83.1742, 27.9172, 6.6115, 8.3177, 29.3097, 1.3167, 7.5719, 6.1049, 12.7285, 5.8224, 12.3956, 6.1448, 2.3605, 42.3838, 7.0226, 16.8134, 46.4229, 5.9477, 0, 57.8881, 65.8371, 20.6823, 12.0542, 7.4615, 17.2232, 16.9062, 0, 1.5737, 20.3187, 4.0055, 67.1755, 2.0233],
      [0.4673, 2.9857, 3.0562, 3.9026, 2.351, 0.5642, 1.7162, 1.152, 0.1142, 0.094, 19.0035, 0.6818, 0.9169, 6.8403, 2.1394, 3.2131, 0.4937, 3.2931, 0, 0.6505, 0.77, 2.0107, 0.9731, 0, 0.6583, 0.2749, 3.5823, 0.7523, 3.0876, 5.8911, 0.9937, 0, 5.263, 4.7825, 1.5025, 1.5046, 2.5206, 1.9513, 2.2804, 0, 0.3291, 3.1973, 0.7758, 6.8413, 0.3056],
      [4.0771, 20.4649, 27.4527, 26.7494, 15.2213, 3.8674, 10.6374, 8.7033, 1.6309, 1.2928, 31.3127, 4.6731, 5.9798, 57.7256, 14.6638, 3.7062, 4.4228, 19.7607, 2.0996, 4.3489, 6.0915, 14.5992, 8.3793, 11.416, 4.5119, 1.9027, 32.4798, 3.5335, 12.775, 25.88, 2.9899, 0, 39.9559, 32.8889, 13.5358, 6.7952, 5.4788, 7.8889, 20.0118, 0, 3.7197, 19.5703, 7.6107, 60.3416, 1.9027]
    ],
    [
      [0.1099, 0.6547, 0.3754, 0.8114, 0.4697, 0.0876, 0.3129, 0.2878, 0.0125, 0.0375, 0.4947, 0.1149, 0.1249, 0.4881, 0.3848, 0.1349, 0.08, 0.3598, 0.06, 0.075, 0.1627, 0.1377, 0.1999, 0.1377, 0.1377, 0.035, 0.6758, 0.6633, 0.3629, 0.5131, 0.0751, 0.03, 0.7759, 0.801, 0.3379, 0.3004, 0.4001, 0.1949, 0.2299, 0, 0.0501, 0.6347, 0.1627, 2.3028, 0.055],
      [7.5922, 42.7222, 44.6036, 82.5642, 32.2748, 12.1829, 14.2352, 18.9803, 3.848, 0.949, 35.1174, 10.9955, 6.6431, 72.125, 31.3174, 10.4492, 10.151, 27.5214, 7.5921, 4.7451, 7.7092, 20.8783, 18.0313, 34.1645, 19.9293, 3.4158, 63.0373, 9.4901, 23.003, 78.7681, 1.898, 2.847, 98.6974, 64.5329, 26.5724, 16.2137, 4.8231, 10.4391, 19.8574, 0, 10.0972, 39.1272, 16.5525, 107.2304, 5.6479],
      [4.9813, 32.5922, 28.71, 43.1278, 27.4681, 5.7982, 15.779, 12.4494, 1.6641, 0.5547, 25.153, 5.8436, 5.6855, 54.7282, 14.9765, 3.0508, 2.4961, 20.3021, 1.1094, 5.2182, 4.8535, 9.291, 10.2617, 18.5819, 4.9425, 1.1645, 51.7243, 6.1644, 5.8242, 16.1847, 3.4668, 1.2546, 54.7499, 65.4528, 15.1245, 12.6265, 4.0651, 15.7085, 11.6872, 0, 1.9414, 52.257, 6.6562, 47.5099, 2.7948],
      [6.2268, 17.9074, 13.7309, 26.246, 12.8496, 3.6908, 7.245, 6.9719, 4.3834, 0.5774, 18.5806, 1.5819, 7.3649, 25.1201, 15.3763, 3.6908, 2.1872, 9.8422, 1.181, 2.0505, 3.2807, 5.0775, 5.1388, 9.1357, 3.7378, 0.9569, 22.145, 3.2807, 6.6982, 19.4111, 3.7206, 0.6056, 37.6357, 26.246, 8.2019, 5.056, 2.1872, 5.3312, 5.3753, 0, 0, 10.1651, 0, 28.8432, 0.4382],
      [2.4032, 32.9926, 21.0451, 33.3686, 18.179, 4.2949, 13.5719, 8.5946, 0.7068, 0.4772, 15.748, 3.6586, 4.1938, 27.9899, 12.2484, 8.7288, 0.5255, 11.4531, 1.0838, 2.3861, 3.8177, 6.9991, 4.9676, 9.0944, 4.4445, 1.1135, 18.7444, 3.8177, 11.3957, 22.588, 3.3456, 0.9484, 37.5406, 29.5344, 7.6081, 6.681, 2.6512, 6.2037, 7.2393, 0, 2.3861, 21.5832, 4.613, 17.7246, 1.7498],
      [0.6866, 4.1309, 4.535, 5.882, 2.7588, 0.9455, 1.856, 1.716, 0.3852, 0.4041, 3.9064, 0.8055, 0.9878, 6.5487, 2.6965, 0.9455, 0.5603, 2.5214, 0.9737, 0.5253, 4.1762, 1.6164, 1.4008, 1.8858, 0.8082, 0.3143, 5.6732, 0.5837, 1.716, 4.535, 0.4939, 0.3143, 6.6004, 5.433, 2.1552, 1.1225, 1.8733, 1.1225, 1.6109, 0, 0.5253, 3.2329, 1.0156, 7.3891, 0.3143]
    ],
    [
      [0.0672, 0.5947, 0.2483, 0.4387, 0.2731, 0.0579, 0.2069, 0.0879, 0.0083, 0.0248, 0.0993, 0.1655, 0.1034, 0.3228, 0.2844, 0.0259, 0.0465, 0.3394, 0.0258, 0.0414, 0.1076, 0.091, 0.0827, 0.091, 1.3395, 0.0207, 0.447, 0.4387, 0.24, 0.3394, 0.0497, 0.0103, 0.5132, 0.5297, 0.1758, 0.1986, 0.0517, 0.1551, 0.2275, 0, 0.0331, 0.4034, 0.0844, 1.523, 0],
      [0.0083, 0.0806, 0.0477, 0.0877, 0.035, 0.0161, 0.0155, 0.0119, 0.0021, 0.001, 0.0383, 0.0224, 0.0073, 0.0788, 0.0342, 0.0035, 0.0114, 0.0321, 0.0083, 0.0052, 0.0119, 0.0228, 0.0197, 0.0373, 0.0234, 0.0028, 0.0631, 0.0091, 0.0259, 0.086, 0.0021, 0.0031, 0.1233, 0.0705, 0.0278, 0.0176, 0.0052, 0.0114, 0.0308, 0, 0.0114, 0.0547, 0.0091, 0.1171, 0],
      [2.2798, 22.1061, 13.0714, 15.9585, 10.9987, 3.5999, 7.3758, 3.2679, 0.5767, 0.2682, 13.0714, 6.0169, 2.7491, 27.4324, 7.2417, 0.9611, 1.2069, 11.6001, 0.5364, 1.5382, 2.789, 4.4925, 3.3119, 9.6211, 3.8445, 0.6035, 17.3004, 2.9279, 4.5852, 14.3426, 1.335, 0.2012, 33.8319, 31.2503, 5.7208, 4.6582, 1.9223, 8.7839, 9.0521, 0, 0.9387, 16.7272, 2.4989, 24.0048, 0],
      [6.2661, 50.7733, 28.3429, 46.1965, 22.0753, 11.037, 15.4527, 7.5056, 1.3245, 0.883, 30.0225, 13.9939, 9.8691, 60.928, 27.618, 2.2075, 4.2326, 25.6074, 1.3245, 3.5321, 7.5056, 9.8496, 5.383, 17.6603, 8.8301, 1.766, 39.7356, 5.7396, 12.3622, 38.8847, 3.0905, 0.883, 85.0437, 53.4223, 15.0112, 9.7132, 4.0647, 12.8844, 16.2326, 0, 1.538, 34.4375, 5.7225, 65.343, 0],
      [0.1876, 6.7948, 1.3213, 1.9042, 0.9715, 0.4469, 0.6801, 0.3303, 0.0552, 0.0389, 1.3213, 0.6254, 0.4518, 2.1851, 1.0687, 0.0972, 0.1749, 1.127, 0.0583, 0.1554, 0.3847, 0.4858, 0.2906, 0.7772, 0.6068, 0.0777, 1.4383, 0.2526, 1.2397, 2.3653, 0.136, 0.0389, 3.4198, 1.9202, 0.4043, 0.4275, 0.1943, 0.5829, 0.8549, 0, 0.0777, 2.4184, 0.2526, 2.8757, 0],
      [4.1909, 34.6505, 24.9684, 33.4144, 15.6462, 7.8422, 11.269, 5.7964, 1.0332, 0.784, 23.4472, 11.1759, 6.8193, 47.053, 18.753, 1.7048, 3.3277, 19.2941, 1.0467, 2.7277, 6.2012, 10.0583, 6.9121, 11.813, 5.3556, 1.5293, 31.0156, 3.6322, 9.547, 28.9819, 2.3867, 0.8635, 53.0681, 33.807, 12.6601, 6.9849, 3.7618, 7.5823, 17.602, 0, 1.401, 23.9589, 4.4325, 54.1364, 0]
    ],
    [
      [0.0553, 0.2686, 0.3632, 0.5645, 0.2216, 0.047, 0.1679, 0.1737, 0.0067, 0.0237, 0.0806, 0.0672, 0.0829, 0.5014, 0.3395, 0.5863, 0.1145, 0.1895, 0.0316, 0.0537, 0.0237, 0.0671, 0.079, 0.0739, 0.0739, 0.0118, 0.3626, 0.2908, 0.2566, 0.2753, 0.0553, 0.0197, 0.3987, 0.4264, 0.1813, 0.0829, 0.0158, 0.0671, 0.15, 0, 0.0513, 0.2053, 0.1105, 1.2356, 0.2103],
      [0.2317, 1.2718, 1.3906, 2.6358, 0.9849, 0.5161, 0.4345, 0.6108, 0.0737, 0.029, 1.0718, 0.5714, 0.2028, 2.2016, 0.9762, 0.3187, 0.5345, 0.8401, 0.2317, 0.1448, 0.1106, 0.6373, 0.5504, 1.0429, 0.6083, 0.0553, 1.7326, 0.2212, 1.1981, 2.4044, 0.0579, 0.0922, 2.9972, 1.9699, 0.8111, 0.3871, 0.0737, 0.3133, 0.6083, 0, 0.3187, 0.9585, 1.2951, 3.2735, 0.2212],
      [0.2678, 1.4661, 2.1074, 3.0385, 1.3392, 0.3309, 0.7064, 0.9349, 0.085, 0.0315, 1.2537, 0.5858, 0.323, 3.789, 1.8274, 0.1733, 0.6162, 1.0646, 0.063, 1.085, 0.1275, 0.0373, 0.5829, 5.8043, 0.323, 0.0637, 2.6618, 0.255, 0.3309, 1.2052, 0.2975, 0.1062, 1.467, 3.7181, 0.8499, 0.4462, 0.085, 0.3612, 0.8074, 0, 0.7871, 1.6561, 1.9163, 2.8201, 0.255],
      [6.421, 25.5198, 34.0265, 52.889, 20.3419, 10.6835, 11.0956, 16.4737, 1.4794, 2.2191, 21.9893, 9.4873, 8.0744, 46.9713, 37.2823, 11.3798, 10.7257, 17.7529, 2.9588, 7.3971, 2.2191, 6.2875, 5.4837, 18.1228, 6.2875, 1.1096, 34.7662, 4.4382, 24.0404, 40.3943, 6.1402, 1.678, 37.3551, 40.1582, 15.6437, 7.7669, 1.4794, 6.2875, 9.8785, 0, 3.372, 18.6811, 6.5971, 65.464, 4.4382],
      [2.3361, 15.7115, 21.0962, 32.5537, 14.6102, 6.3741, 6.8294, 10.0165, 0.6638, 0.9619, 13.4312, 7.7868, 4.7806, 27.9601, 19.5777, 11.073, 6.6018, 10.9271, 1.2956, 4.3288, 1.3659, 3.87, 4.553, 10.8296, 4.0816, 0.6829, 17.9097, 2.7318, 19.983, 29.853, 3.2522, 0.9161, 22.536, 23.9102, 7.512, 4.7806, 0.9106, 3.87, 8.6506, 0, 2.9594, 11.8377, 6.443, 37.8349, 2.7318],
      [4.6881, 24.7621, 33.0161, 51.3185, 17.5022, 10.0484, 10.7661, 15.7903, 1.6913, 2.7348, 21.1734, 12.5016, 7.5363, 45.5766, 25.9968, 5.4689, 10.4073, 17.2258, 3.4192, 6.9906, 2.1532, 6.1008, 8.7511, 13.1266, 5.6257, 1.0766, 36.5671, 4.063, 19.191, 32.8677, 4.197, 2.1878, 36.246, 37.8172, 15.0019, 7.5363, 1.4355, 6.1008, 17.9051, 0, 5.5115, 18.6613, 11.6379, 66.372, 4.1436]
    ]
  ],
  "V_est": [
    [75.8068, 0.1723, 1567.3053, 137.4149, 28.6895, 33.6111],
    [940.6082, 0.2046, 114.3378, 1061.09, 37.4123, 0.3471],
    [88.0927, 22.254, 256.1031, 3432.6364, 8631.1333, 201.7805],
    [15.3597, 8.2518, 2216.6238, 844.8314, 103.8835, 613.0497],
    [14.8527, 1179.5726, 735.9759, 399.4732, 460.4413, 99.6843],
    [10.6157, 1.3334, 356.6007, 824.2962, 41.5179, 612.6361],
    [8.6642, 37.2113, 48.0535, 723.2579, 452.9221, 692.8911]
  ],
  "p_est": [
    [0.0411, 0.0001, 0.8504, 0.0746, 0.0156, 0.0182],
    [0.4367, 0.0001, 0.0531, 0.4926, 0.0174, 0.0002],
    [0.007, 0.0018, 0.0203, 0.2717, 0.6833, 0.016],
    [0.004, 0.0022, 0.583, 0.2222, 0.0273, 0.1612],
    [0.0051, 0.4082, 0.2547, 0.1382, 0.1593, 0.0345],
    [0.0057, 0.0007, 0.1931, 0.4463, 0.0225, 0.3317],
    [0.0044, 0.019, 0.0245, 0.3684, 0.2307, 0.353]
  ],
  "EI_Z": {},
  "EI_V": 12.1692,
  "MAE_Z": {},
  "MAE_V": 157.2197,
  "MAE_p": 0.0601,
  "runtime": 10.396
}
