{
  "Z_true": {},
  "V_true": [
    [27, 186, 41, 173, 187, 13],
    [9, 505, 22, 27, 112, 5],
    [563, 19, 45, 20, 66, 10],
    [26, 8, 42, 64, 615, 11],
    [21, 79, 114, 252, 312, 27],
    [39, 69, 359, 3906, 342, 46],
    [30, 62, 592, 77, 7427, 29],
    [352, 180, 465, 410, 963, 365]
  ],
  "p_true": [
    [0.0431, 0.2967, 0.0654, 0.2759, 0.2982, 0.0207],
    [0.0132, 0.7426, 0.0324, 0.0397, 0.1647, 0.0074],
    [0.7787, 0.0263, 0.0622, 0.0277, 0.0913, 0.0138],
    [0.0339, 0.0104, 0.0548, 0.0836, 0.8029, 0.0144],
    [0.0261, 0.0981, 0.1416, 0.313, 0.3876, 0.0335],
    [0.0082, 0.0145, 0.0754, 0.8204, 0.0718, 0.0097],
    [0.0037, 0.0075, 0.072, 0.0094, 0.9039, 0.0035],
    [0.1287, 0.0658, 0.17, 0.1499, 0.3521, 0.1335]
  ],
  "Z_est": [
    [
      [0.06, 0.1528, 0.0318, 0.2551, 0.2666, 0.1778, 0.0255, 0.4768, 0.0447, 0.104, 0.0965, 0.0818, 0.3154, 0.0933, 0.2992, 0.3752, 0.0168, 0.057, 0.3674, 0.0566, 0.0158, 0.0245, 0.3432, 0.6573, 0.5921, 0.0922, 0.2307, 0.0882, 0.3605, 0.3588, 0.2298, 0.0902, 0.0333, 0.0816, 0.0519, 0.1587, 0.0689, 0.0361, 0.06, 0.1076, 0.1314, 0.0682, 0.1824, 0.2899, 0.0545, 0.0299, 0.1003, 0.0516, 0.0636, 0.1004, 0.8135],
      [6.5466, 5.1054, 2.1953, 10.1274, 8.186, 10.0041, 4.2391, 5.6843, 4.9867, 4.7873, 3.5649, 4.7968, 3.4092, 5.25, 13.9238, 16.0062, 1.3379, 4.5586, 6.8537, 4.5679, 2.4595, 2.9168, 16.9114, 20.7162, 36.385, 15.9726, 6.768, 6.2792, 28.3921, 31.8077, 24.5845, 7.2654, 3.3804, 3.2241, 3.0574, 6.3671, 4.1032, 3.0523, 2.268, 3.8515, 5.4905, 6.4056, 6.3974, 5.222, 2.6495, 4.3625, 4.3884, 2.8079, 3.6432, 3.1797, 47.7867],
      [0.0078, 0.0268, 0.0068, 0.0109, 0.0193, 0.0083, 0.0035, 0.0607, 0.0055, 0.0302, 0.0201, 0.0064, 0.0223, 0.011, 0.0307, 0.036, 0.0014, 0.0059, 0.0311, 0.0134, 0.0048, 0.0068, 0.0494, 0.0595, 0.0623, 0.0187, 0.0396, 0, 0.0647, 0.0651, 0.0246, 0.0055, 0.0027, 0.0103, 0.0068, 0.0112, 0.01, 0.0067, 0.0062, 0.0123, 0, 0, 0.0192, 0.0296, 0.0039, 0.0037, 0.0083, 0.0048, 0.0052, 0.0085, 0.0689],
      [1.3669, 2.6485, 0.7569, 4.5368, 6.4026, 3.7404, 0.7239, 4.6777, 0.9488, 3.0137, 2.2852, 1.1018, 3.1952, 2.5959, 3.6945, 4.4852, 0.576, 1.325, 4.5947, 2.3335, 0.5116, 1.0408, 7.6202, 7.4671, 10.857, 2.8864, 5.8983, 1.5888, 11.0014, 7.6233, 9.9812, 1.6223, 0.5746, 1.6673, 0.866, 1.4424, 1.783, 0.8868, 1.6543, 1.9959, 1.3576, 1.5115, 2.3551, 3.4236, 1.2814, 0.5971, 2.473, 1.1214, 1.2661, 1.6939, 15.1016],
      [0.0005, 0.0034, 0.0007, 0.0066, 0.0091, 0.0056, 0.0002, 0.0083, 0.0008, 0.0162, 0.0025, 0.001, 0.0027, 0.0022, 0, 0.0054, 0.0034, 0.0047, 0.0077, 0.0022, 0.0004, 0.0008, 0.0144, 0.0108, 0.0114, 0, 0.003, 0.0178, 0, 0.0009, 0.0162, 0.0068, 0.0049, 0.0008, 0.0002, 0.0028, 0.001, 0.0005, 0.0018, 0.0015, 0.0049, 0.0031, 0.0014, 0.004, 0.0004, 0.0003, 0.0041, 0.0009, 0.0011, 0.0014, 0.0162],
      [0.0182, 0.0632, 0.0085, 0.0631, 0.1164, 0.0637, 0.0078, 0.0923, 0.0135, 0.0487, 0.0307, 0.0122, 0.0553, 0.0476, 0.0519, 0.092, 0.0645, 0.0488, 0.1455, 0.0265, 0.0078, 0.0103, 0.0614, 0.0892, 0.0921, 0.0301, 0.0604, 0.026, 0.1814, 0.1442, 0.1638, 0.0097, 0.0041, 0.0159, 0.0177, 0.0177, 0.0339, 0.0177, 0.0097, 0.0311, 0.0157, 0.0116, 0.0445, 0.031, 0.0104, 0.0065, 0.0259, 0.0134, 0.0209, 0.0161, 0.213]
    ],
    [
      [0.1236, 0.6918, 0.355, 0.9051, 0.7711, 0.6365, 0.0975, 2.5974, 0.4084, 0.1452, 0.1835, 0.1862, 0.6296, 0.5986, 0.8764, 0.4499, 0.0919, 0.1046, 0.5899, 0.118, 0.0147, 0.0351, 1.002, 1.8341, 1.8013, 0.3537, 0.4638, 0.2704, 0.9435, 0.8594, 0.5875, 0.1897, 0.0221, 0.3219, 0.1778, 0.2758, 0.2594, 0.1998, 0.087, 0.7026, 0.3613, 0.3954, 0.8938, 1.2543, 0.1548, 0.0971, 0.3258, 0.2163, 0.1059, 0.226, 2.538],
      [5.0758, 8.673, 9.2064, 13.4952, 8.9624, 13.4308, 6.1284, 11.5699, 17.0635, 2.55, 2.5622, 4.0927, 2.5432, 12.6531, 13.489, 7.0273, 2.7608, 3.1363, 4.1328, 3.5261, 0.846, 1.5523, 18.6368, 21.2843, 41.7603, 20.8822, 5.1712, 7.253, 27.1098, 28.7749, 21.7823, 5.8335, 0.862, 4.7982, 3.9338, 4.0307, 5.809, 6.3576, 1.2457, 9.416, 5.5738, 13.3394, 11.7248, 8.4519, 2.8555, 5.3453, 5.3603, 4.442, 2.2859, 2.6928, 55.8882],
      [0.0207, 0.1677, 0.099, 0.075, 0.0865, 0.0674, 0.0174, 0.4502, 0.0655, 0.0964, 0.055, 0.0194, 0.0562, 0.0936, 0.0741, 0.0469, 0.0119, 0.017, 0.0653, 0.0348, 0.0055, 0.0117, 0.2229, 0.2044, 0.2443, 0.0676, 0.1122, 0.0837, 0.1891, 0.1649, 0.1125, 0.0382, 0.0086, 0.0517, 0.0297, 0.0223, 0.048, 0.0477, 0.0125, 0.1063, 0.0122, 0, 0.1234, 0.1657, 0.0153, 0.0153, 0.0427, 0.0277, 0.0124, 0.0255, 0.3114],
      [0.7089, 3.0061, 2.1185, 4.048, 4.6784, 3.3633, 0.6987, 6.3828, 2.1759, 1.0674, 1.0891, 0.6293, 1.5876, 4.1796, 2.4056, 1.3194, 0.7879, 0.6075, 1.8529, 1.1966, 0.1166, 0.3653, 5.6268, 5.1465, 8.3636, 2.5242, 3.001, 1.2321, 7.0377, 4.6245, 5.9242, 0.871, 0.0975, 1.6484, 0.7436, 0.6118, 1.6805, 1.2312, 0.6012, 3.2567, 0.9232, 2.1116, 2.8895, 3.7071, 0.9134, 0.4893, 2.0112, 1.18, 0.5295, 0.9561, 11.8627],
      [0.0443, 0.2556, 0.1528, 0.3167, 0.2495, 0.3406, 0.0364, 0.6386, 0.1966, 0.0931, 0.0688, 0.0523, 0.1052, 0.2555, 0.0697, 0.0744, 0.095, 0.0675, 0.1867, 0.0859, 0.0122, 0.0252, 0.3742, 0.3578, 0.613, 0.1016, 0.1661, 0.1056, 0.4193, 0.32, 0.3261, 0.0505, 0.0076, 0.1343, 0.0718, 0.0386, 0.1112, 0.0933, 0.043, 0.372, 0.0995, 0.1073, 0.2121, 0.3239, 0.0399, 0.0378, 0.1994, 0.0937, 0.0414, 0.0735, 0.9223],
      [0.0267, 0.2057, 0.0684, 0.1598, 0.252, 0.1613, 0.0215, 0.3611, 0.09, 0.0479, 0.0415, 0.0202, 0.0783, 0.2196, 0.0851, 0.0821, 0.2525, 0.067, 0.1724, 0.0386, 0.005, 0.0103, 0.1373, 0.1729, 0.2174, 0.0707, 0.0856, 0.0551, 0.3006, 0.2562, 0.2674, 0.017, 0.0022, 0.0454, 0.0433, 0.0208, 0.0919, 0.0704, 0.0106, 0.1463, 0.03, 0.0462, 0.1565, 0.0971, 0.0211, 0.0151, 0.0607, 0.0403, 0.0249, 0.0262, 0.4774]
    ],
    [
      [13.1416, 10.7316, 7.8487, 24.5043, 12.2574, 15.2412, 3.4441, 15.8573, 14.9614, 13.7222, 3.7326, 22.7536, 19.9035, 13.6682, 13.2428, 13.6328, 0.7015, 1.4677, 11.806, 1.9955, 1.2577, 0.6523, 15.7424, 19.652, 20.2475, 9.7505, 4.6234, 4.0954, 13.8616, 8.1001, 11.8251, 10.5145, 6.2146, 4.7431, 6.9975, 11.3913, 9.0717, 7.1999, 10.859, 3.1122, 9.5334, 0.8108, 4.162, 12.6969, 0.8322, 6.4594, 4.5509, 3.9208, 11.8381, 11.5538, 80.7649],
      [1.9659, 0.4852, 0.7246, 1.4028, 0.539, 1.1962, 0.748, 0.2694, 2.3482, 0.8778, 0.1721, 1.8183, 0, 1.0909, 0.7262, 0.7894, 0.0601, 0.1346, 0.2999, 0.2074, 0.1893, 0.0846, 1.1413, 0.87, 1.8786, 2.1332, 0.1839, 0.3848, 1.5204, 1.0581, 1.6304, 1.1414, 0.7114, 0.2331, 0.5023, 0.5711, 0.7107, 0.7754, 0.5269, 0.1435, 0.4751, 0.0903, 0.1956, 0.315, 0.0473, 1.1693, 0.2618, 0.2661, 0.8866, 0.4916, 7.3479],
      [1.3054, 1.577, 1.3548, 1.3806, 0.8474, 1.1424, 0.3564, 1.6996, 1.4544, 5.5641, 0.6489, 1.4143, 1.0226, 1.2965, 0.5422, 0.8131, 0.0607, 0.1382, 0.771, 0.339, 0.261, 0.1201, 2.2004, 1.2573, 1.6355, 0.9362, 0.6447, 1.091, 1.5428, 0.8504, 1.4008, 1.4245, 1.4122, 0.4265, 0.6645, 0.5203, 0.9641, 0.9781, 0.909, 0.274, 0.2699, 0.0317, 0.3324, 0.982, 0.0462, 0.5839, 0.3709, 0.2959, 0.8223, 0.7674, 6.2865],
      [0.4095, 0.2479, 0.252, 0.6002, 0.3974, 0.4347, 0.1322, 0.2169, 0.4336, 0.6041, 0.1141, 0.4197, 0.2643, 0.5165, 0.203, 0.2162, 0.0298, 0.0428, 0.2013, 0.1067, 0.0497, 0.034, 0.4837, 0.295, 0.5172, 0.3655, 0.1534, 0.1035, 0.5439, 0.2352, 0.618, 0.2669, 0.1531, 0.1241, 0.1508, 0.1342, 0.3085, 0.2312, 0.4001, 0.0739, 0.1265, 0.0213, 0.0705, 0.2028, 0.0246, 0.1718, 0.1481, 0.1111, 0.317, 0.2629, 2.1296],
      [1.1761, 0.9572, 0.8196, 2.1051, 0.9587, 1.9789, 0.319, 0.954, 1.7991, 2.2142, 0.3319, 1.5942, 0.8027, 1.428, 0.2776, 0.5485, 0.148, 0.2167, 0.9218, 0.3514, 0.2422, 0.1089, 1.4321, 0.9235, 1.7212, 0.8117, 0.3939, 0.3237, 1.5242, 0.7562, 1.523, 0.6527, 0.5087, 0.4732, 0.6832, 0.3807, 0.945, 0.8143, 1.3051, 0.3961, 0.5938, 0.0459, 0.2392, 0.8032, 0.0497, 0.6155, 0.6684, 0.4059, 1.1343, 0.9243, 7.4664],
      [0.0016, 0.001, 0.0004, 0.0071, 0, 0.0065, 0.0002, 0.0028, 0.0032, 0.0178, 0.0004, 0, 0.0069, 0, 0.0081, 0, 0, 0, 0, 0.0001, 0.0001, 0, 0, 0.0021, 0, 0.0029, 0.0006, 0.0015, 0.0071, 0, 0.0027, 0, 0, 0, 0.0017, 0.0024, 0, 0.001, 0, 0.0003, 0.0013, 0, 0.0002, 0, 0, 0.0001, 0, 0.0002, 0.0016, 0, 0.0046]
    ],
    [
      [0.0029, 0.0024, 0.0042, 0.005, 0.0022, 0.0007, 0.0007, 0.0002, 0.0013, 0.0063, 0.003, 0.0042, 0, 0.002, 0, 0.001, 0, 0.0001, 0.0063, 0, 0, 0, 0.0096, 0, 0.0059, 0.001, 0.0048, 0.0239, 0.0004, 0.0016, 0, 0.0081, 0.0031, 0.0004, 0.0076, 0, 0.0028, 0.0006, 0.0032, 0.0013, 0.0006, 0.003, 0.004, 0.0015, 0.0025, 0.0025, 0.0012, 0.0045, 0.0036, 0.0142, 0.0138],
      [0, 0, 0.0015, 0.0001, 0.0004, 0, 0, 0, 0, 0.0005, 0, 0.002, 0, 0.0005, 0.0006, 0.0002, 0.0013, 0.0013, 0, 0, 0, 0, 0.0003, 0, 0, 0.0002, 0.0005, 0.0056, 0, 0.0004, 0, 0.0009, 0.0011, 0, 0.0035, 0, 0.0016, 0.0015, 0, 0, 0, 0, 0, 0, 0.0003, 0, 0, 0.0007, 0.001, 0, 0.0002],
      [8.4018, 5.9842, 13.6126, 5.5291, 2.7122, 1.481, 5.7773, 14.1554, 4.041, 9.2439, 7.6155, 8.5855, 4.7666, 5.5033, 5.7035, 4.1005, 1.9691, 4.6758, 6.3607, 5.7305, 5.6957, 3.1065, 15.2787, 7.9275, 9.3345, 2.253, 6.5011, 15.5744, 2.096, 4.0039, 2.7749, 9.3032, 4.7852, 0.7882, 9.0267, 3.9819, 9.6806, 8.32, 5.0444, 2.6623, 0.5226, 2.3236, 10.4828, 9.8643, 3.2027, 5.6823, 2.8632, 5.5047, 5.4855, 14.2254, 25.6448],
      [0.0691, 0.0257, 0.0717, 0.0637, 0.0334, 0.0149, 0.057, 0.0571, 0.0318, 0.046, 0.0369, 0.0675, 0.0329, 0.0584, 0.0601, 0.0292, 0.046, 0.0468, 0.0463, 0.048, 0.0285, 0.0226, 0.0943, 0.0497, 0.0782, 0.0228, 0.0375, 0.1061, 0.0194, 0.0284, 0.0326, 0.055, 0.0196, 0.006, 0.0483, 0.0275, 0.0797, 0.0487, 0.0627, 0.0193, 0.0059, 0.0433, 0.0582, 0.0564, 0.0451, 0.0433, 0.032, 0.055, 0.0561, 0.1321, 0.2319],
      [10.3875, 4.8996, 11.1964, 11.2746, 4.1562, 3.4678, 7.0743, 10.6477, 6.8583, 4.6432, 5.272, 13.2295, 5.1154, 8.2763, 4.148, 3.7762, 6.5968, 10.0683, 10.3843, 8.1397, 7.2074, 3.8362, 13.5081, 7.9375, 13.4699, 2.6926, 5.3938, 6.188, 2.8436, 4.8794, 4.1184, 5.5909, 2.1779, 1.1966, 12.7395, 3.9428, 13.0006, 9.4714, 9.8446, 5.272, 1.461, 4.5852, 10.2874, 11.0097, 4.6948, 8.2001, 7.0561, 10.3358, 10.3156, 23.4527, 41.6284],
      [0.1387, 0.0881, 0.1136, 0.1275, 0.0957, 0.0356, 0.0908, 0.1395, 0.0676, 0.0601, 0.0726, 0.1113, 0.0851, 0.1595, 0.0878, 0.093, 0.3868, 0.2076, 0.2025, 0.0818, 0.0684, 0.0347, 0.109, 0.0853, 0.1114, 0.0305, 0.0624, 0.1021, 0.0406, 0.0864, 0.0742, 0.0419, 0.0132, 0.0088, 0.1743, 0.0478, 0.2347, 0.1579, 0.045, 0.045, 0.0098, 0.0449, 0.1677, 0.0681, 0.0546, 0.0719, 0.0476, 0.0994, 0.1383, 0.1756, 0.4809]
    ],
    [
      [0.1298, 0.0333, 0.0533, 0.0694, 0.0833, 0.0247, 0.0786, 0.1695, 0.1632, 0.0392, 0.0995, 0.1158, 0.2381, 0.0732, 0.2345, 0.1788, 0.0221, 0.0582, 0.2405, 0.0639, 0.0297, 0.0327, 0.2154, 0.1834, 0.1775, 0.0494, 0.1018, 0.0829, 0.0814, 0.1799, 0.055, 0.0797, 0.0807, 0.0198, 0.0655, 0.2275, 0.0507, 0.0302, 0.1125, 0.0617, 0.116, 0.0572, 0.1538, 0.1952, 0.0775, 0.0585, 0.0553, 0.0697, 0.1075, 0.1731, 0.534],
      [0.8074, 0.0653, 0.2096, 0.1682, 0.1535, 0.0838, 0.7126, 0.1231, 1.0728, 0.0995, 0.1972, 0.3905, 0.0476, 0.249, 0.7107, 0.4628, 0.1019, 0.2467, 0.2572, 0.3681, 0.2326, 0.2316, 0.6391, 0.3588, 0.687, 0.4681, 0.1699, 0.3102, 0.3974, 0.9931, 0.3651, 0.3601, 0.3767, 0.0434, 0.2057, 0.5535, 0.1733, 0.1425, 0.2343, 0.1257, 0.2649, 0.289, 0.318, 0.2112, 0.1992, 0.4504, 0.139, 0.2064, 0.3425, 0.3123, 1.9883],
      [2.2026, 0.8697, 1.6057, 0.6878, 0.9735, 0.331, 1.4031, 3.1847, 2.7264, 2.6451, 3.0197, 1.2474, 1.657, 1.206, 2.1413, 1.9339, 0.4055, 1.0263, 2.6635, 2.4541, 1.3279, 1.3487, 5.0009, 2.1044, 2.427, 0.8366, 2.4038, 3.5521, 1.6407, 3.2342, 1.2734, 1.8584, 3.1156, 0.3229, 1.1171, 2.0497, 0.9619, 0.7398, 1.6352, 0.9775, 0.6487, 0.408, 2.199, 2.6502, 0.7883, 0.9285, 0.8001, 0.9365, 1.3047, 1.9897, 6.9242],
      [15.9556, 3.1277, 6.8836, 6.6907, 10.5717, 2.8249, 12.0081, 9.0025, 18.7339, 5.8441, 12.3963, 8.5494, 9.9205, 11.072, 16.8104, 11.6842, 4.7791, 7.4363, 15.9024, 17.8504, 5.8979, 8.8873, 25.1803, 11.3127, 17.6313, 7.6525, 13.3325, 7.481, 13.4102, 20.6743, 12.9076, 7.6964, 7.2025, 2.2022, 5.9366, 12.0917, 7.17, 4.0739, 16.5783, 6.1405, 6.4743, 6.481, 10.7703, 12.5298, 9.7705, 6.3674, 7.3984, 8.1704, 11.6088, 15.7196, 53.348],
      [1.4714, 0.3884, 0.7192, 0.7603, 0.8163, 0.419, 0.9291, 1.3061, 2.5009, 0.7457, 1.1555, 1.0403, 0.9661, 0.9853, 0.8251, 0.9677, 0.8206, 1.2085, 2.3632, 1.8883, 0.9102, 0.9034, 2.4226, 1.1443, 1.8945, 0.5403, 1.089, 0.8067, 1.2031, 2.1271, 1.0293, 0.6201, 0.8284, 0.2658, 0.8521, 1.108, 0.6997, 0.4572, 1.7512, 1.0452, 0.9978, 0.4459, 1.1709, 1.6052, 0.6276, 0.7256, 1.0718, 0.9531, 1.3323, 1.7767, 6.0849],
      [1.4332, 0.5155, 0.5286, 0.6237, 1.4017, 0.3167, 0.8686, 1.214, 1.8028, 0.6264, 1.1317, 0.6565, 1.1706, 1.4146, 1.2781, 1.7726, 3.8707, 2.0239, 3.5731, 1.3752, 0.6015, 0.5964, 1.5417, 0.8964, 1.1827, 0.4532, 0.903, 0.7671, 1.2673, 2.7913, 1.3696, 0.3853, 0.3961, 0.146, 0.8229, 0.9695, 0.9442, 0.5565, 0.6885, 0.6494, 0.4983, 0.319, 1.3881, 0.8082, 0.5369, 0.4697, 0.5354, 0.6638, 1.3042, 1.0286, 5.1206]
    ],
    [
      [1.1547, 0.8421, 0.5907, 1.5803, 0.794, 0.8242, 1.1394, 2.3345, 1.0301, 0.6256, 0.4709, 1.0182, 1.3758, 0.7437, 0.579, 1.4892, 0.1446, 0.3151, 1.5759, 0.161, 0.0958, 0.0802, 0.8989, 1.5442, 1.4547, 0.5681, 0.8446, 0.8017, 0.5528, 0.9214, 0.2865, 0.9229, 0.6971, 0.606, 0.7068, 1.1221, 0.5456, 0.6062, 0.6547, 0.5385, 1.0848, 0.7318, 1.1681, 1.7485, 0.8408, 0.784, 0.5516, 0.7469, 0.9034, 1.2415, 3.7868],
      [1.9707, 0.4122, 0.7962, 1.2372, 0.5006, 0.9295, 2.0843, 0.1007, 2.1188, 0.4268, 0.2657, 1.2118, 0, 0.8981, 1.7219, 1.5427, 0.5036, 0.4825, 0.0896, 0.6327, 0.6828, 0.6468, 0.8842, 1.15, 1.867, 1.7201, 0.4335, 0.8879, 0.9755, 1.7648, 1.0745, 1.2595, 0.9932, 0.3821, 0.7577, 1.325, 0.6614, 1.0749, 0.4295, 0.2184, 0.8427, 1.1024, 0.8264, 0.4135, 0.7169, 1.3791, 0.473, 0.7301, 0.9936, 0.7443, 4.8095],
      [7.3289, 7.8704, 7.2773, 5.5795, 3.4027, 4.1735, 6.2783, 15.6079, 6.9542, 11.1621, 5.432, 4.7254, 5.4691, 5.1892, 6.6256, 8.0464, 1.1811, 2.3767, 5.8198, 5.205, 4.5306, 4.4779, 8.4345, 8.516, 8.2582, 3.8578, 7.0484, 9.9394, 5.3422, 7.0693, 4.5354, 7.2523, 8.1007, 3.7931, 4.98, 6.0821, 4.5098, 6.8176, 3.6777, 2.9693, 1.9267, 1.4424, 7.1664, 10.5686, 3.2447, 4.0767, 3.1212, 3.8766, 4.3836, 5.8531, 20.5452],
      [92.7268, 51.4503, 56.4586, 107.5764, 67.4646, 69.4941, 93.5904, 81.5872, 84.3916, 53.76, 40.4754, 57.0848, 56.7247, 85.1056, 87.2883, 84.0271, 34.7995, 31.3135, 61.1282, 65.817, 34.975, 50.6069, 76.0859, 80.0828, 105.1718, 60.5769, 70.0484, 45.0018, 75.928, 78.2246, 83.0991, 58.3508, 39.268, 44.7216, 46.0436, 61.8761, 58.4958, 65.1794, 68.9264, 33.1099, 43.5629, 55.3268, 61.8452, 85.8786, 73.8474, 48.7769, 55.5259, 61.9331, 71.5578, 82.2263, 282.4285],
      [17.6765, 13.3151, 12.3021, 25.5787, 10.908, 21.4269, 14.9241, 24.8364, 23.359, 15.0735, 7.8368, 14.4226, 11.4907, 15.7818, 8.5432, 14.4448, 12.3713, 10.6109, 18.882, 14.4748, 11.1836, 10.6972, 15.2098, 16.8436, 23.4566, 8.7324, 11.8827, 10.5949, 14.0947, 16.6957, 13.7794, 10.0068, 9.7845, 11.1388, 13.6034, 11.8595, 11.813, 15.105, 15.261, 11.6714, 14.1129, 7.9935, 13.9176, 22.9394, 9.7624, 11.5161, 16.8262, 15.006, 17.0655, 19.3175, 66.864],
      [1.1425, 1.11, 0.575, 1.4478, 0.9301, 1.1519, 0.9834, 1.5333, 1.1461, 0.9519, 0.5191, 0.5373, 0.9397, 1.2816, 1.242, 1.4499, 0, 0.9013, 1.5045, 0.7095, 0.532, 0.4911, 0.4868, 0.8635, 0.7917, 0.5447, 0.7424, 0.7744, 1.1068, 1.3242, 1.2252, 0.2077, 0.1566, 0.3586, 0.9084, 0.7353, 0.9743, 1.2169, 0.0506, 0.4925, 0.47, 0.4031, 1.0764, 0.4515, 0.5878, 0.4672, 0.502, 0.7073, 1.0961, 0.6173, 3.566]
    ],
    [
      [3.2373, 1.8647, 1.9744, 2.7761, 2.2087, 1.2532, 1.8499, 4.0642, 1.5327, 1.2364, 2.1927, 2.8915, 2.7734, 1.8014, 3.2347, 3.3709, 0, 0.7224, 2.8948, 0.0909, 0, 0.1566, 2.1877, 3.446, 3.1461, 1.091, 0.9543, 2.1406, 0.6734, 1.3677, 0.5921, 2.0094, 1.6371, 1.1574, 1.2236, 2.6359, 1.2186, 0.9176, 1.4056, 1.0739, 1.6139, 1.7932, 3.2928, 3.5575, 2.9483, 1.9296, 1.344, 1.8054, 2.7341, 3.3833, 12.091],
      [0, 0, 0.1177, 0.0415, 0.1733, 0.0036, 0, 0, 0, 0.0464, 0, 0.1875, 0, 0.0985, 0.1138, 0.1054, 0, 0.0902, 0, 0.0948, 0.1733, 0.1149, 0.0418, 0.0149, 0.0499, 0.0875, 0.0247, 0.1969, 0, 0.1031, 0.0274, 0.0842, 0.2434, 0, 0.0972, 0.1476, 0.0648, 0.0731, 0, 0, 0.0898, 0.0115, 0.0032, 0, 0.144, 0, 0.0054, 0.0881, 0.2243, 0.0258, 0.2443],
      [14.4474, 10.6965, 13.8377, 5.3967, 5.6801, 3.3307, 9.5768, 18.9527, 6.6939, 9.7239, 13.9712, 8.1989, 9.8661, 7.5954, 8.9906, 10.8882, 0, 3.1574, 8.3784, 9.1883, 5.3287, 5.3988, 12.1967, 11.9719, 10.8623, 4.704, 5.5335, 11.6107, 3.7608, 6.5041, 4.1757, 9.6935, 8.8407, 4.4967, 5.2257, 9.0722, 6.2267, 6.3146, 4.5157, 4.0172, 1.0335, 2.1014, 12.3364, 12.9884, 6.861, 7.8756, 3.4808, 5.1786, 7.1319, 9.2954, 38.1226],
      [5.7332, 2.5892, 3.9387, 4.0059, 3.7209, 2.4426, 4.6727, 4.6837, 2.6271, 3.718, 3.9716, 3.2295, 3.3301, 4.1712, 4.7824, 3.9471, 3.6326, 1.9912, 3.2038, 3.7185, 1.2866, 1.8418, 3.8325, 3.732, 4.4884, 2.2792, 1.6499, 4.2482, 1.6972, 2.1557, 2.5791, 3.1315, 3.122, 1.6101, 1.3893, 3.1267, 2.5037, 1.8166, 3.2927, 1.5877, 1.5827, 3.1938, 3.4114, 3.7744, 5.3114, 2.8668, 3.251, 2.8872, 4.2462, 4.4235, 18.2053],
      [229.5553, 125.9992, 163.0484, 180.0357, 122.3199, 131.022, 151.3232, 219.4361, 150.1627, 106.3023, 146.066, 166.8987, 134.0154, 153.9517, 82.449, 128.1322, 114.3674, 105.2772, 179.3217, 165.6591, 86.0327, 84.4651, 147.4839, 155.6876, 203.64, 72.7433, 61.9131, 99.6184, 66.6115, 101.7008, 83.7133, 88.4644, 82.817, 87.0031, 94.3463, 114.1153, 107.6227, 92.9127, 129.7232, 108.96, 82.9215, 81.8376, 159.5871, 189.8835, 141.5225, 145.745, 164.6395, 142.1958, 203.037, 207.2046, 849.0018],
      [4.0268, 2.8503, 2.0831, 2.7441, 2.8972, 1.9479, 2.5774, 3.8633, 1.9836, 1.973, 2.7984, 1.5939, 3.0151, 3.3819, 2.4294, 3.5561, 0, 1.7615, 3.2013, 2.2484, 1.1788, 1.0228, 1.2573, 2.1476, 1.8133, 1.095, 0.9245, 2.1851, 1.257, 2.1684, 1.9124, 0.6169, 0.3397, 0.7327, 1.718, 1.9023, 2.3634, 1.9654, 0.0628, 1.3611, 0.7586, 1.0625, 3.3692, 0.7962, 2.2127, 1.583, 1.2793, 1.845, 3.6265, 1.6672, 12.335]
    ],
    [
      [7.1502, 3.6812, 5.1417, 5.9047, 6.6166, 2.8417, 6.3643, 10.5001, 5.8582, 2.1212, 3.2213, 11.9486, 9.7644, 6.0197, 14.5334, 11.5023, 1.0232, 2.2748, 10.5192, 3.5142, 1.5862, 2.0186, 6.6007, 8.683, 9.5751, 2.094, 3.7766, 4.4969, 3.5264, 7.2111, 2.4242, 6.1855, 2.3121, 4.07, 3.7692, 12.1887, 3.7822, 3.0096, 3.818, 3.4022, 3.1587, 4.1404, 7.1433, 10.2561, 4.0894, 4.6389, 4.071, 4.1847, 5.2438, 8.3078, 28.458],
      [1.6337, 0.2589, 0.7488, 0.5275, 0.4848, 0.352, 2.0876, 0.2525, 1.4099, 0.2118, 0.2379, 1.5005, 0, 0.76, 1.314, 1.0661, 0.2345, 0.3498, 0.3668, 0.6031, 0.4165, 0.4529, 0.7451, 0.6058, 1.3722, 0.7362, 0.2482, 0.6824, 0.605, 1.4979, 0.5358, 1.0549, 0.4318, 0.3192, 0.4423, 1.005, 0.4759, 0.5227, 0.2956, 0.2449, 0.2632, 0.7619, 0.5346, 0.3864, 0.3872, 1.2933, 0.3722, 0.4588, 0.6228, 0.5535, 3.9349],
      [11.2853, 8.8077, 14.2061, 5.3405, 7.2782, 3.4657, 10.5871, 17.8887, 9.0589, 13.5342, 9.2376, 11.8027, 8.1401, 9.1051, 9.892, 11.135, 1.3704, 3.6027, 10.9103, 10.0349, 5.8457, 6.5295, 14.6164, 8.9589, 12.1758, 3.3261, 8.7168, 18.1487, 6.3637, 12.108, 4.7028, 13.4244, 8.7344, 6.1106, 5.9495, 9.2604, 6.5988, 6.7754, 5.1992, 4.9809, 1.5863, 2.6928, 9.3404, 12.7512, 3.8378, 6.8341, 5.3127, 5.1752, 5.8544, 8.8349, 34.0963],
      [10.03, 3.9046, 7.52, 6.4783, 9.731, 3.6852, 11.1169, 6.3922, 7.6574, 3.9467, 4.6313, 9.9182, 5.9447, 10.3007, 9.7557, 8.2915, 2.3491, 3.2368, 8.0704, 8.9294, 3.1341, 5.2013, 9.0763, 5.9142, 10.8924, 3.6925, 5.879, 5.2385, 6.3622, 9.4339, 5.8583, 7.006, 2.5627, 5.0202, 3.8219, 6.6896, 5.9788, 4.5323, 6.4843, 3.816, 1.9669, 5.3106, 5.5999, 7.4274, 5.8063, 5.6875, 6.1604, 5.5418, 6.4186, 8.5856, 32.6924],
      [32.6885, 17.1814, 27.7608, 25.9222, 26.5824, 19.3392, 30.3937, 32.1727, 36.1226, 16.9118, 15.2664, 42.7614, 20.5018, 32.3192, 16.6874, 24.0509, 12.5974, 18.5461, 41.9326, 33.3985, 17.4111, 18.9633, 30.5548, 21.0949, 41.1934, 9.3782, 17.1585, 18.3449, 20.3034, 34.5199, 16.4943, 19.6077, 9.8712, 21.7875, 19.7034, 21.5522, 20.8068, 18.1457, 24.07, 23.2818, 10.8086, 12.9816, 21.5844, 33.4311, 13.3028, 23.1596, 31.5346, 23.0088, 26.0728, 34.2494, 130.016],
      [7.2123, 5.1662, 4.6225, 4.8269, 10.3069, 3.3164, 6.4504, 6.7937, 5.893, 3.2743, 3.4055, 6.0687, 5.649, 10.4952, 5.8176, 9.9542, 13.4255, 6.9899, 14.2007, 5.5199, 2.6064, 2.8344, 4.4066, 3.743, 5.7912, 1.773, 3.221, 4.0886, 4.8392, 10.2293, 4.9848, 2.7215, 1.088, 2.6925, 4.3137, 4.3041, 6.3575, 5.0143, 2.1328, 3.2742, 1.2163, 2.1127, 5.7974, 3.7478, 2.5765, 3.3866, 3.5492, 3.6307, 5.7876, 4.4689, 24.8025]
    ]
  ],
  "V_est": [
    [8.9212, 448.227, 0.9776, 166.1539, 0.2168, 2.5035],
    [27.5306, 507.3783, 4.1558, 126.182, 9.2795, 5.4738],
    [561.6489, 43.7929, 54.0309, 14.6713, 48.7693, 0.0866],
    [0.1682, 0.0262, 339.89, 2.5885, 417.9497, 5.3774],
    [5.684, 18.3172, 91.8904, 570.1417, 60.7671, 58.1997],
    [46.8257, 50.1461, 312.1029, 3520.9461, 786.994, 43.9853],
    [107.4981, 3.4536, 425.427, 178.6349, 7392.494, 109.4923],
    [308.7233, 36.6587, 451.5254, 349.6816, 1307.5296, 280.8814]
  ],
  "p_est": [
    [0.0142, 0.7149, 0.0016, 0.265, 0.0003, 0.004],
    [0.0405, 0.7461, 0.0061, 0.1856, 0.0136, 0.008],
    [0.7768, 0.0606, 0.0747, 0.0203, 0.0675, 0.0001],
    [0.0002, 0, 0.4437, 0.0034, 0.5456, 0.007],
    [0.0071, 0.0228, 0.1141, 0.7083, 0.0755, 0.0723],
    [0.0098, 0.0105, 0.0656, 0.7395, 0.1653, 0.0092],
    [0.0131, 0.0004, 0.0518, 0.0217, 0.8997, 0.0133],
    [0.1129, 0.0134, 0.1651, 0.1279, 0.4781, 0.1027]
  ],
  "EI_Z": {},
  "EI_V": 10.9807,
  "MAE_Z": {},
  "MAE_V": 88.3676,
  "MAE_p": 0.0716,
  "runtime": 0.063
}
