{
  "X": [
    [50, 468, 696, 51],
    [47, 360, 775, 49],
    [41, 447, 609, 40],
    [24, 144, 160, 9],
    [4, 39, 26, 6],
    [5, 19, 28, 3],
    [10, 50, 139, 9],
    [6, 60, 167, 16],
    [44, 597, 993, 98],
    [12, 79, 150, 9],
    [52, 532, 757, 69],
    [28, 279, 263, 28],
    [1, 12, 36, 6],
    [3, 54, 102, 16],
    [7, 148, 33, 19],
    [8, 234, 43, 17],
    [26, 378, 281, 26],
    [37, 588, 267, 59],
    [11, 130, 266, 24],
    [32, 267, 264, 29],
    [34, 282, 209, 27],
    [39, 538, 431, 44],
    [14, 255, 159, 33],
    [5, 33, 90, 6],
    [6, 180, 106, 26],
    [19, 269, 198, 27],
    [32, 437, 436, 33],
    [11, 187, 117, 27],
    [7, 21, 102, 7],
    [33, 377, 403, 33],
    [29, 84, 218, 15],
    [24, 84, 340, 21],
    [2, 5, 18, 6],
    [1, 4, 24, 1],
    [19, 216, 203, 23],
    [30, 295, 340, 31],
    [45, 569, 528, 58],
    [34, 287, 376, 36],
    [39, 373, 471, 40],
    [67, 768, 1519, 125],
    [19, 294, 359, 38],
    [27, 256, 259, 34],
    [5, 14, 69, 3],
    [7, 19, 13, 1],
    [3, 28, 115, 4],
    [16, 207, 203, 23],
    [30, 276, 263, 56],
    [22, 252, 354, 21],
    [96, 1263, 2138, 163],
    [1, 20, 32, 2],
    [23, 147, 217, 10],
    [130, 661, 866, 79],
    [17, 50, 106, 3]
  ],
  "W": [
    [33, 144, 272, 688, 80, 48],
    [37, 111, 241, 740, 59, 43],
    [21, 158, 260, 612, 39, 47],
    [6, 64, 97, 149, 13, 8],
    [1, 8, 27, 28, 8, 3],
    [4, 10, 16, 20, 2, 3],
    [4, 17, 34, 134, 7, 12],
    [21, 17, 39, 138, 18, 16],
    [72, 121, 437, 957, 94, 51],
    [7, 23, 64, 141, 7, 8],
    [51, 122, 377, 731, 79, 50],
    [32, 53, 203, 253, 32, 25],
    [1, 2, 9, 34, 4, 5],
    [4, 11, 45, 93, 13, 9],
    [5, 13, 118, 30, 20, 21],
    [1, 16, 222, 38, 15, 10],
    [17, 66, 277, 287, 41, 23],
    [38, 99, 454, 259, 69, 32],
    [22, 30, 83, 257, 21, 18],
    [28, 88, 173, 248, 34, 21],
    [16, 61, 216, 200, 30, 29],
    [25, 152, 364, 415, 56, 40],
    [22, 66, 171, 156, 25, 21],
    [5, 8, 26, 76, 9, 10],
    [12, 21, 137, 102, 32, 14],
    [10, 49, 202, 194, 25, 33],
    [13, 79, 320, 437, 49, 40],
    [21, 38, 128, 115, 27, 13],
    [1, 10, 15, 102, 2, 7],
    [34, 67, 280, 368, 61, 36],
    [14, 52, 57, 203, 10, 10],
    [20, 37, 51, 307, 21, 33],
    [0, 0, 4, 15, 11, 1],
    [0, 2, 3, 19, 2, 4],
    [15, 45, 159, 186, 35, 21],
    [22, 74, 230, 321, 25, 24],
    [51, 91, 434, 496, 89, 39],
    [34, 71, 203, 381, 26, 18],
    [40, 84, 275, 448, 43, 33],
    [106, 224, 521, 1463, 97, 68],
    [25, 63, 213, 336, 54, 19],
    [15, 54, 194, 257, 30, 26],
    [4, 2, 14, 61, 3, 7],
    [0, 5, 20, 13, 0, 2],
    [7, 7, 22, 102, 3, 9],
    [16, 38, 146, 180, 43, 26],
    [27, 44, 203, 246, 61, 44],
    [16, 63, 164, 337, 38, 31],
    [99, 302, 913, 1974, 209, 163],
    [2, 2, 12, 31, 5, 3],
    [4, 48, 110, 190, 24, 21],
    [49, 225, 502, 804, 77, 79],
    [1, 33, 40, 91, 1, 10]
  ],
  "method": "mvn_pdf",
  "cond_prob": [
    [
      [0.015273613732, 0.3644925598, 0.35114323146, 0.269090595],
      [0.25172856756, 0.63387981644, 0.1000443658, 0.014347250203],
      [0.00078593881478, 0.98391631045, 0.01430894957, 0.00098880116722],
      [0.0017983357287, 0.052210308347, 0.92918175642, 0.016809599508],
      [0.01970954563, 0.5768460809, 0.1305853607, 0.27285901277],
      [0.2129013131, 0.31248826881, 0.34145777361, 0.13315264448]
    ],
    [
      [0.015803715776, 0.25322941112, 0.44619099201, 0.28477588109],
      [0.30965088702, 0.52215970056, 0.1501933665, 0.017996045923],
      [0.00097314576441, 0.97257087079, 0.02492050025, 0.0015354832002],
      [0.0014406430727, 0.029810069654, 0.95436041168, 0.014388875594],
      [0.023253085287, 0.45761511566, 0.18920212039, 0.32992967866],
      [0.21794134935, 0.2144758558, 0.42846510019, 0.13911769466]
    ],
    [
      [0.011769376466, 0.3780246789, 0.32046568903, 0.2897402556],
      [0.20240745396, 0.68572623485, 0.095535841905, 0.016330469279],
      [0, 0.9853194357, 0.013202753778, 0.0014778105221],
      [0, 0.058262154165, 0.92105993596, 0.020677909875],
      [0.014752644783, 0.58298787376, 0.11610093655, 0.28615854491],
      [0.17440664301, 0.34341953039, 0.33034519562, 0.15182863097]
    ],
    [
      [0.019103159575, 0.29128449547, 0.43622416662, 0.25338817833],
      [0.33163633424, 0.52742476739, 0.12729176407, 0.013647134307],
      [0.00091349077453, 0.97707711067, 0.020957696217, 0.0010517023338],
      [0.0013288756006, 0.034942164831, 0.95111106874, 0.012617890832],
      [0.027227858737, 0.51074191486, 0.17784187419, 0.28418835222],
      [0.25251030229, 0.23432509075, 0.39694899507, 0.11621561189]
    ],
    [
      [0.017610312276, 0.33498093793, 0.18341509557, 0.46399365423],
      [0.32866372014, 0.59971845369, 0.049447022303, 0.022170803861],
      [0.0049783207978, 0.99175851698, 0.0011828694915, 0.0020802927323],
      [0.006800081423, 0.080241066978, 0.86967444826, 0.04328440334],
      [0.021947819446, 0.4917635343, 0.05975246163, 0.42653618462],
      [0.28422680988, 0.30297777477, 0.18672233514, 0.22607308021]
    ],
    [
      [0.014668892842, 0.10548209951, 0.62540510397, 0.25444390368],
      [0.39433049829, 0.31332085728, 0.26692608634, 0.025422558087],
      [0.014986070612, 0.91634102634, 0.056898009958, 0.011774893092],
      [0.007297426091, 0, 0.9729853918, 0.019717182114],
      [0.024999610332, 0.25480542922, 0.32577729809, 0.39441766237],
      [0.18743152449, 0.091265249773, 0.6024960431, 0.11880718264]
    ],
    [
      [0.018261210565, 0.21929371003, 0.42701913703, 0.33542594238],
      [0.37767914968, 0.45920495684, 0.14234106011, 0.020774833369],
      [0.001175736569, 0.97020856935, 0.026061719376, 0.0025539747049],
      [0.0015299029992, 0.02484738856, 0.95440532225, 0.019217386186],
      [0.027062404491, 0.40057980194, 0.18034806204, 0.39200973153],
      [0.25599922804, 0.18297007126, 0.4027731129, 0.1582575878]
    ],
    [
      [0.0076627232132, 0.17084974913, 0.57069957802, 0.25078794964],
      [0.21271544935, 0.49850909869, 0.26633927237, 0.022436179589],
      [0.0007245668515, 0.95192165309, 0.044209700026, 0.0031440800353],
      [0.00090337608617, 0.012632636885, 0.97225298767, 0.014210999357],
      [0.013156879637, 0.36404076991, 0.28133380582, 0.34146854463],
      [0.11457327081, 0.15728239822, 0.59552763293, 0.13261669803]
    ],
    [
      [0.011760882154, 0.24526993539, 0.38124328252, 0.36172589994],
      [0.25945749821, 0.56992266913, 0.14481677331, 0.025803059352],
      [0.00064600209498, 0.97524193692, 0.022131141634, 0.0019809193503],
      [0.00089691710475, 0.034058570911, 0.94387764548, 0.021166866507],
      [0.016616011263, 0.42552704459, 0.15539619817, 0.40246074598],
      [0.17757454035, 0.22756079804, 0.40114109501, 0.1937235666]
    ],
    [
      [0.01926783624, 0.1954659782, 0.47329347133, 0.31197271423],
      [0.40489242377, 0.41492867835, 0.16042808637, 0.019750811508],
      [0.0012673630851, 0.96256619914, 0.033152458122, 0.0030139796512],
      [0.0011226154363, 0.018326448783, 0.96400759408, 0.016543341696],
      [0.030054428653, 0.37545877783, 0.21039323545, 0.38409355806],
      [0.26285229813, 0.15898763528, 0.43468987253, 0.14347019405]
    ],
    [
      [0.016213442965, 0.28710078255, 0.37512855708, 0.32155721741],
      [0.30058509267, 0.56050578992, 0.11959044248, 0.019318674929],
      [0.00086413098589, 0.97902223178, 0.018400656199, 0.0017129810312],
      [0.0014538171602, 0.04019084453, 0.9389006618, 0.019454676506],
      [0.022207750776, 0.48292776912, 0.14812222422, 0.34674225589],
      [0.22717606132, 0.24707942451, 0.36606645455, 0.15967805962]
    ],
    [
      [0.022997506452, 0.35326351781, 0.33339414961, 0.29034482613],
      [0.34682858839, 0.55415103265, 0.084991793227, 0.014028585734],
      [0.00056493646719, 0.98451921038, 0.013174728816, 0.0017411243335],
      [0.0015933014528, 0.054424876431, 0.92423777871, 0.019744043405],
      [0.02944400308, 0.55574418414, 0.12268466335, 0.29212714943],
      [0.29688676559, 0.2765942145, 0.29577139921, 0.1307476207]
    ],
    [
      [0.0043708504872, 0.11752297915, 0.29403037754, 0.58407579282],
      [0.19488565221, 0.54008106197, 0.2009865548, 0.064046731022],
      [0.0014300736744, 0.96485009506, 0.032053302477, 0.001666528786],
      [0.0041611879269, 0.017158204938, 0.95652064141, 0.022159965723],
      [0.0064801261158, 0.20697338171, 0.11826025499, 0.66828623719],
      [0.08511725761, 0.14147830933, 0.40415479252, 0.36924964054]
    ],
    [
      [0.0046969812874, 0.11812399778, 0.36364277098, 0.51353624995],
      [0.19365843525, 0.50046540678, 0.24450682174, 0.061369336224],
      [0, 0.95198361697, 0.045286322287, 0.0027300607413],
      [0, 0.012165400336, 0.96363945649, 0.02419514317],
      [0.0058738104395, 0.22061723734, 0.15779509831, 0.61571385391],
      [0.086067750153, 0.13152393933, 0.46090707133, 0.3215012392]
    ],
    [
      [0.0099023431387, 0.32859683082, 0.18133519142, 0.48016563462],
      [0.20104368953, 0.70701504259, 0.061955363296, 0.029985904591],
      [0.0015608429145, 0.99843915709, 0, 0],
      [0.013172080569, 0.085997012524, 0.85459949513, 0.046231411781],
      [0.012197425746, 0.4812002894, 0.060234573928, 0.44636771093],
      [0.16731571069, 0.34028969488, 0.21167752323, 0.2807170712]
    ],
    [
      [0.0096899513879, 0.15691305297, 0.17583762126, 0.65755937438],
      [0.3189453546, 0.52494471436, 0.095025516619, 0.06108441442],
      [0, 0.98023675498, 0.019763245016, 0],
      [0.02269136518, 0.06057664034, 0.88604616164, 0.030685832845],
      [0.012712493044, 0.25009799751, 0.065589106741, 0.6716004027],
      [0.18342251024, 0.17780296152, 0.22627229761, 0.41250223063]
    ],
    [
      [0.018312518764, 0.42585199855, 0.28003028146, 0.27580520123],
      [0.26629351313, 0.65076574774, 0.069859017529, 0.013081721607],
      [0.0019754017548, 0.98602454767, 0.010127558978, 0.0018724916012],
      [0.0032765493122, 0.073024598477, 0.90175105482, 0.021947797387],
      [0.021925868252, 0.62363739407, 0.096126679312, 0.25831005836],
      [0.2489912512, 0.35452104567, 0.26433520153, 0.13215250159]
    ],
    [
      [0.015199082573, 0.34223982609, 0.25136624068, 0.39119485065],
      [0.26658910205, 0.63554363911, 0.075649851163, 0.022217407671],
      [0.0020264972797, 0.98841219774, 0.0078615745748, 0.0016997304048],
      [0.0025038105168, 0.068740702025, 0.89567681119, 0.033078676271],
      [0.018703581613, 0.51545876816, 0.088500160933, 0.37733748929],
      [0.22409531059, 0.3114509917, 0.25946211032, 0.20499158739]
    ],
    [
      [0.011219012888, 0.27784465069, 0.37960322885, 0.33133310758],
      [0.23527198943, 0.60833766752, 0.13439390368, 0.021996439364],
      [0.0005926544177, 0.97872280023, 0.018782953458, 0.0019015918938],
      [0.0010022767573, 0.038334006828, 0.94060516212, 0.020058554298],
      [0.015516722579, 0.47293145816, 0.15079297302, 0.36075884624],
      [0.17013307867, 0.25666082577, 0.39754153448, 0.17566456108]
    ],
    [
      [0.016686102048, 0.32790400729, 0.35157940796, 0.3038304827],
      [0.28657611364, 0.59318584609, 0.10327370043, 0.016964339846],
      [0.0011515449993, 0.98223398047, 0.014860205189, 0.0017542693363],
      [0.0020348780925, 0.047519174156, 0.93079783861, 0.019648109141],
      [0.021953208115, 0.5304375329, 0.13304564834, 0.31456361064],
      [0.2316102388, 0.27962968612, 0.33978378203, 0.14897629305]
    ],
    [
      [0.024538569575, 0.31556547884, 0.3157414801, 0.34415447148],
      [0.38444437394, 0.51493601714, 0.08333128192, 0.017288326999],
      [0, 0.98437076478, 0.013100593496, 0.0025286417287],
      [0, 0.053501847423, 0.92195737715, 0.02454077543],
      [0.031631293066, 0.5013035264, 0.11720794824, 0.3498572323],
      [0.31749438912, 0.24745844225, 0.28025813963, 0.154789029]
    ],
    [
      [0.011437245245, 0.35737752721, 0.32299475314, 0.30819047441],
      [0.20414321746, 0.67766995421, 0.10003338839, 0.018153439944],
      [0, 0.98433218538, 0.013709891275, 0.0019579233405],
      [0, 0.056281009169, 0.92199823377, 0.021720757057],
      [0.01448214294, 0.55845365514, 0.11851453091, 0.30854967101],
      [0.17183249526, 0.32831974517, 0.33658937413, 0.16325838543]
    ],
    [
      [0.0079383711575, 0.32822540588, 0.228898888, 0.43493733497],
      [0.16170468735, 0.72846765584, 0.081979567545, 0.027848089258],
      [0, 0.98836083512, 0.011639164881, 0],
      [0, 0.072341078622, 0.89061547088, 0.037043450502],
      [0.0097180972102, 0.49244530123, 0.080584407403, 0.41725219415],
      [0.13856638281, 0.33781581827, 0.26726915093, 0.25634864798]
    ],
    [
      [0.011794397459, 0.14813043494, 0.62268145028, 0.21739371733],
      [0.31260133971, 0.40388819265, 0.26588023829, 0.017630229343],
      [0.0030902819014, 0.9410513313, 0.053152639966, 0.0027057468303],
      [0.006734889804, 0.0034593042657, 0.97951354823, 0.010292257697],
      [0.02167899501, 0.33752857618, 0.32299560223, 0.31779682658],
      [0.16529073854, 0.12602433604, 0.60275921173, 0.10592571369]
    ],
    [
      [0.0081623445078, 0.3112960958, 0.2557848287, 0.424756731],
      [0.17756583242, 0.7009324957, 0.093094048315, 0.028407623562],
      [0, 0.98775513872, 0.011882135766, 0.00036272551314],
      [0, 0.062066442477, 0.9044711758, 0.033462381726],
      [0.0073522049382, 0.48268873903, 0.091992476852, 0.41796657918],
      [0.13842134479, 0.31754240388, 0.29628108933, 0.247755162]
    ],
    [
      [0.012513894932, 0.33103011836, 0.27605547877, 0.38040050793],
      [0.23483653755, 0.65397370845, 0.08853092625, 0.022658827752],
      [0.0012840022226, 0.9854131034, 0.011782434689, 0.0015204596923],
      [0.00202315046, 0.059787086416, 0.90899905106, 0.029190712064],
      [0.015724395633, 0.5100352262, 0.099489159048, 0.37475121912],
      [0.19160306611, 0.31036256959, 0.29358585264, 0.20444851166]
    ],
    [
      [0.01613550863, 0.37735711709, 0.32444308925, 0.28206428503],
      [0.25895417907, 0.63696481343, 0.089431012165, 0.014649995336],
      [0.0011612070473, 0.98463439301, 0.01279741991, 0.0014069800299],
      [0.0022207631995, 0.057750408331, 0.92057561802, 0.019453210445],
      [0.020348467936, 0.58303176653, 0.11759095996, 0.27902880558],
      [0.22484308847, 0.32214116131, 0.31421283482, 0.13880291539]
    ],
    [
      [0.010893667694, 0.34834740311, 0.23694872632, 0.40381020288],
      [0.20538668614, 0.69425564479, 0.076152912722, 0.024204756347],
      [0.0011335293886, 0.98862543476, 0.008484091705, 0.0017569441456],
      [0.0018974059543, 0.072267729729, 0.89053428089, 0.035300583426],
      [0.013219203393, 0.51971266344, 0.082386572327, 0.38468156084],
      [0.17279438207, 0.3396848886, 0.26218635156, 0.22533437777]
    ],
    [
      [0.017704999364, 0.13419307042, 0.33037330653, 0.51772862369],
      [0.48056948977, 0.34935613145, 0.13435514666, 0.035719232125],
      [0.0016536007478, 0.96181800208, 0.032247462386, 0.0042809347855],
      [0.0012846873794, 0.015738823396, 0.95283654137, 0.030139947857],
      [0.025707377341, 0.23977483747, 0.13637411737, 0.59814366781],
      [0.28133474633, 0.12286656037, 0.34004111955, 0.25575757375]
    ],
    [
      [0.018608119326, 0.30886409592, 0.43199598921, 0.24053179555],
      [0.31458969347, 0.54772341725, 0.12497233475, 0.012714554529],
      [0.00057425762332, 0.97889922613, 0.020526516245, 0],
      [0.0019431632674, 0.038656800953, 0.9492521859, 0.01014784988],
      [0.026150008538, 0.53320478591, 0.17479993813, 0.26584526742],
      [0.24496632618, 0.24883816041, 0.39455457649, 0.11164093692]
    ],
    [
      [0.026615134037, 0.18567213853, 0.45883842377, 0.32887430367],
      [0.47839903258, 0.36190993239, 0.14053580882, 0.019155226205],
      [0, 0.96143604053, 0.035425302761, 0.0031386567086],
      [0, 0.014061633767, 0.96718364033, 0.018754725907],
      [0.041496083586, 0.35359000448, 0.20349600439, 0.40141790755],
      [0.33356775933, 0.13890075667, 0.3875918721, 0.1399396119]
    ],
    [
      [0.018220916715, 0.18561252015, 0.53182918534, 0.2643373778],
      [0.38407861897, 0.40819876589, 0.18998072524, 0.0177418899],
      [0.0015428979437, 0.95650017778, 0.03991009291, 0.0020468313663],
      [0.0024989134904, 0.011645158069, 0.97379365139, 0.012062277052],
      [0.029912406016, 0.37591055794, 0.25136120616, 0.34281582989],
      [0.24092903033, 0.14950608934, 0.48683267925, 0.12273220108]
    ],
    [
      [0.14364606803, 0.081566548355, 0.45839847313, 0.31638891048],
      [0.99815287887, 0.00086723168761, 0.00086448996668, 0.00011539947109],
      [0, 0.91323820824, 0.068307998059, 0.018453793706],
      [0, 0, 0.93349304578, 0.06650695422],
      [0.094165353217, 0.12229884524, 0.33647258982, 0.44706321172],
      [0.96418111461, 0.0017598694461, 0.023173833024, 0.010885182918]
    ],
    [
      [0.0045535967519, 0.08571816858, 0.78434416618, 0.12538406849],
      [0.19644829156, 0.35648449668, 0.43261867177, 0.014448539988],
      [0.0029539600994, 0.91468085398, 0.079815997163, 0.0025491887576],
      [0.0015753053771, 0, 0.98791094337, 0.010513751253],
      [0.012320230352, 0.25671251781, 0.47659964775, 0.25436760409],
      [0.13591756843, 0.0073908522674, 0.79295186136, 0.063739717946]
    ],
    [
      [0.015524269711, 0.29615465715, 0.39223251505, 0.29608855809],
      [0.2869323139, 0.57273453038, 0.12285747296, 0.017475682765],
      [0.0012215909879, 0.97883778952, 0.018204761382, 0.0017358581083],
      [0.0017595478966, 0.038919245902, 0.94220051438, 0.017120691823],
      [0.021445080499, 0.50208203819, 0.15516755456, 0.32130532675],
      [0.21824262551, 0.25416984129, 0.3815813737, 0.14600615951]
    ],
    [
      [0.015160443204, 0.24414685004, 0.38525671163, 0.35543599512],
      [0.31280017414, 0.52833815808, 0.13545457944, 0.023407088341],
      [0.001090551162, 0.97464595452, 0.022024209577, 0.0022392847454],
      [0.0015103189166, 0.0329076343, 0.94472601735, 0.020856029437],
      [0.021468737948, 0.42500173365, 0.15699356932, 0.39653595908],
      [0.21862082395, 0.21561592128, 0.38555226924, 0.18021098552]
    ],
    [
      [0.020018794933, 0.3130956956, 0.37675809888, 0.29012741058],
      [0.33240257471, 0.54500189461, 0.10708617696, 0.015509353716],
      [0.00070850197729, 0.98083226997, 0.017157299846, 0.0013019282113],
      [0.0013791780066, 0.043774611853, 0.93764571402, 0.017200496117],
      [0.02698712008, 0.51861012605, 0.14643066794, 0.30797208594],
      [0.26505105956, 0.25351880135, 0.34588777227, 0.13554236682]
    ],
    [
      [0.023220580945, 0.31950017199, 0.30059956827, 0.35667967879],
      [0.37051925946, 0.53027111275, 0.08113685682, 0.018072770971],
      [0.00051803335734, 0.98446281394, 0.013228549533, 0.0017906031738],
      [0.0013238434738, 0.055101828811, 0.91744426538, 0.026130062332],
      [0.029708030345, 0.5014609272, 0.11054485604, 0.35828618641],
      [0.306759939, 0.25611183522, 0.27294838452, 0.16417984126]
    ],
    [
      [0.019038634298, 0.29322532119, 0.39004572256, 0.29769032195],
      [0.331836751, 0.53544444513, 0.11605030333, 0.01666850054],
      [0.00079617866901, 0.97894702791, 0.01870751608, 0.0015492773364],
      [0.0012961524033, 0.039734920187, 0.9416890166, 0.017279910811],
      [0.026230913058, 0.4962626766, 0.15472828586, 0.32277812448],
      [0.25565493552, 0.24068732568, 0.36289039296, 0.14076734585]
    ],
    [
      [0.010396497494, 0.24194730248, 0.3962785426, 0.35137765742],
      [0.2373299212, 0.5809752671, 0.15571533697, 0.02597947472],
      [0.00037329599451, 0.97424440929, 0.023314081586, 0.0020682131335],
      [0.00017756748667, 0.03275595809, 0.94693031537, 0.020136159053],
      [0.014905564879, 0.42523065417, 0.16373259895, 0.396131182],
      [0.15935236289, 0.22741836363, 0.42244836783, 0.19078090565]
    ],
    [
      [0.010825923162, 0.26721419325, 0.40578499794, 0.31617488564],
      [0.23167249968, 0.59878964983, 0.14782569817, 0.021712152329],
      [0.00031461665551, 0.97655832428, 0.021137230208, 0.0019898288549],
      [0.00041748735504, 0.035001008766, 0.94658790377, 0.017993600112],
      [0.01533654699, 0.46586184425, 0.16556696027, 0.35323464849],
      [0.163080095, 0.24589976962, 0.42347234273, 0.16754779265]
    ],
    [
      [0.018063502746, 0.27210512694, 0.28742536012, 0.42240601019],
      [0.34299119137, 0.53946610999, 0.092621752319, 0.024920946327],
      [0.0010509079038, 0.98306428162, 0.015128715627, 0.00075609484876],
      [0.0019966979304, 0.049697729383, 0.91854326774, 0.029762304946],
      [0.023540812142, 0.43573757885, 0.10777756817, 0.43294404084],
      [0.26093350997, 0.23955148867, 0.28665874181, 0.21285625955]
    ],
    [
      [0.043043601991, 0.11314111794, 0.62940705111, 0.21440822897],
      [0.72461837558, 0.14309829819, 0.12433852537, 0.0079448008609],
      [0, 0.85997720057, 0.13710265425, 0.0029201451759],
      [0, 0, 0.98925080466, 0.01074919534],
      [0.081582690583, 0.26636086577, 0.32977169189, 0.32228475175],
      [0.44769153845, 0.060353646654, 0.42580620362, 0.066148611278]
    ],
    [
      [0.20834382645, 0.094971081616, 0.21201477062, 0.48467032131],
      [0.96301269347, 0.020215949917, 0.009875310226, 0.0068960463836],
      [0.0083627369653, 0.93705598758, 0.031236133225, 0.023345142232],
      [0.013358274018, 0.009799193529, 0.94242603131, 0.034416501138],
      [0.25906825881, 0.14120364245, 0.073324534284, 0.52640356446],
      [0.92201211555, 0.015205491489, 0.037181188638, 0.025601204328]
    ],
    [
      [0.0077466151276, 0.15637124677, 0.63461872127, 0.20126341683],
      [0.22211310965, 0.46567736848, 0.29486299185, 0.017346530033],
      [0.0011806451697, 0.9448385055, 0.052574207948, 0.0014066413778],
      [0.002984653454, 0.0051157840136, 0.98572817899, 0.0061713835451],
      [0.014067404214, 0.35911072749, 0.33140620245, 0.29541566585],
      [0.11315231866, 0.14000782448, 0.64427806326, 0.10256179361]
    ],
    [
      [0.013485026855, 0.3059494535, 0.41932755278, 0.26123796686],
      [0.25183222295, 0.59947735097, 0.1332266523, 0.015463773785],
      [0.0010553645725, 0.97893307835, 0.019322073392, 0.00068948368907],
      [0.0015134832258, 0.038277612386, 0.94691910533, 0.013289799055],
      [0.018898119786, 0.52574770282, 0.16817894003, 0.28717523736],
      [0.19136483613, 0.26551225069, 0.41269193351, 0.13043097967]
    ],
    [
      [0.01848930591, 0.2577107869, 0.29935984778, 0.42444005941],
      [0.35686236824, 0.51914014138, 0.098332817947, 0.025664672436],
      [0.00099139342361, 0.98192166618, 0.016774402707, 0.00031253769276],
      [0.0018034895786, 0.04624959981, 0.92344799131, 0.028498919302],
      [0.024471631169, 0.41931661222, 0.11419571304, 0.44201604357],
      [0.26502644853, 0.22531430456, 0.29662027302, 0.21303897389]
    ],
    [
      [0.013401460186, 0.34331480705, 0.41134705062, 0.23193668214],
      [0.23398067798, 0.63035235869, 0.12304967631, 0.01261728703],
      [0.00057402158583, 0.98168965446, 0.017736323951, 0],
      [0.0012491331572, 0.044075918986, 0.94422431757, 0.010450630287],
      [0.018211516222, 0.5733052321, 0.16079833305, 0.24768491863],
      [0.18831157722, 0.29543476258, 0.40140737993, 0.11484628027]
    ],
    [
      [0.0098888677028, 0.2360077539, 0.46420669633, 0.28989668206],
      [0.22461658531, 0.57058743869, 0.18319299474, 0.021602981265],
      [0, 0.97032232292, 0.027798851893, 0.0018788251868],
      [0, 0.027699561595, 0.95764230299, 0.014658135411],
      [0.014908524883, 0.43771186737, 0.20244782948, 0.34493177827],
      [0.1476743045, 0.21627503181, 0.48246256689, 0.1535880968]
    ],
    [
      [0.0084731650976, 0.41574642959, 0.38182470859, 0.19395569672],
      [0.14177611973, 0.7464849332, 0.10196815211, 0.0097707949584],
      [0.0027709185589, 0.98574152731, 0.010650321009, 0.00083723312617],
      [0.0070875816061, 0.044807487603, 0.93741253005, 0.010692400744],
      [0.011212272963, 0.66534705925, 0.13280706283, 0.19063360496],
      [0.13015800434, 0.37695717827, 0.3935955603, 0.099289257083]
    ],
    [
      [0.017515632173, 0.22010229374, 0.56550263124, 0.19687944285],
      [0.34656165336, 0.45362838206, 0.1884822311, 0.011327733481],
      [0.0011750944823, 0.96274859596, 0.036076309562, 0],
      [0.0035690648668, 0.021263867092, 0.97175741622, 0.0034096518224],
      [0.029111353537, 0.44733470851, 0.26746545308, 0.25608848488],
      [0.22804394798, 0.17461500854, 0.50806516072, 0.089275882766]
    ],
    [
      [0.026871088593, 0.23012218584, 0.40682789538, 0.33617883019],
      [0.4418293276, 0.42106414136, 0.11851300557, 0.01859352547],
      [0, 0.97050828798, 0.026755956692, 0.0027357553246],
      [0, 0.028150545734, 0.952021391, 0.01982806327],
      [0.038810778624, 0.40849536235, 0.16986056484, 0.38283329418],
      [0.33269984803, 0.17344606139, 0.34764626278, 0.1462078278]
    ],
    [
      [0.018023636326, 0.139093948, 0.61563730773, 0.22724510794],
      [0.4212118707, 0.32946102133, 0.23343627912, 0.015890828857],
      [0.0037941275149, 0.93534382951, 0.058500442341, 0.0023616006357],
      [0.0057318666559, 0.0018063828109, 0.98355105135, 0.0089106991833],
      [0.032997568151, 0.31431770048, 0.31939047942, 0.33329425195],
      [0.23756220961, 0.10962406316, 0.55184116355, 0.10097256367]
    ]
  ],
  "expected_outcome": [
    [
      [0.50402925316, 0.58473748371, 0.24715690579, 0.11461895745, 0.017610312276, 0.05867557137, 0.073044842259, 0.16091718748, 0.84678351508, 0.13487485368, 0.8268855912, 0.73592020646, 0.0043708504872, 0.01878792515, 0.049511715694, 0.0096899513879, 0.31131281899, 0.57756513778, 0.24681828353, 0.46721085733, 0.3926171132, 0.28593113111, 0.17464416547, 0.058971987297, 0.097948134093, 0.12513894932, 0.2097616122, 0.22876702157, 0.017704999364, 0.63267605708, 0.37261187652, 0.3644183343, 0, 0, 0.23286404566, 0.3335297505, 1.0209585416, 0.78949975213, 0.76154537194, 1.1020287344, 0.27064807904, 0.27095254119, 0.17217440796, 0, 0.054226305893, 0.21576042967, 0.49921125956, 0.21442336297, 0.97899790257, 0.016946330195, 0.07006252869, 1.3166833411, 0.018023636326],
      [12.0282544735, 9.3694882114, 7.9385182569, 1.7477069728, 0.33498093793, 0.42192839803, 0.87717484012, 3.5878447317, 17.6594353478, 1.3682618474, 14.64213991, 11.3044325699, 0.11752297915, 0.47249599111, 1.6429841541, 0.15691305297, 7.2394839754, 13.0051133914, 6.1125823152, 9.1813122042, 5.0490476614, 8.9344381802, 7.2209589293, 0.74065217468, 3.7355531496, 3.3103011836, 4.9056425222, 7.3152954653, 0.13419307042, 10.5013792611, 2.5994099394, 3.712250403, 0, 0, 4.4423198573, 5.371230701, 15.9678804757, 10.8630058477, 11.7290128477, 25.6464140634, 6.6803548313, 4.0815769041, 0.45256447175, 0, 1.0945987274, 4.895191256, 6.9581912464, 5.4930369128, 23.3647676361, 0.83149285919, 0.88040917496, 11.2759871061, 0.139093948],
      [11.5877266383, 16.5090667044, 6.7297794696, 2.6173449997, 0.18341509557, 2.5016204159, 1.7080765481, 11.9846911383, 27.4495163413, 3.3130542993, 19.1315564109, 10.6686127877, 0.29403037754, 1.4545710839, 0.90667595708, 0.17583762126, 4.7605147847, 9.551917146, 8.3512710346, 9.844223423, 5.0518636817, 8.0748688285, 5.035775536, 3.1134072514, 3.0694179444, 2.7605547877, 4.2177601603, 4.9759232527, 0.33037330653, 14.6878636331, 6.4237379328, 10.6365837067, 0, 0, 5.8834877257, 8.4756476559, 19.2146630429, 10.2203853212, 15.6018289024, 42.0055255152, 10.1446249486, 4.3113804018, 2.5176282044, 0, 4.4423310489, 6.7092408445, 8.0827158901, 6.5815528099, 45.956462937, 0.76364941718, 2.262010525, 19.9345668738, 0.61563730773],
      [8.879989635, 10.5367076004, 6.0845453677, 1.52032907, 0.46399365423, 1.0177756147, 1.3417037695, 5.2665469425, 26.0442647959, 2.1838089996, 16.3994180879, 9.291034436, 0.58407579282, 2.0541449998, 2.4008281731, 0.65755937438, 4.6886884209, 14.8654043248, 7.2893283667, 8.5072535155, 5.5064715437, 7.7047618601, 9.5686213692, 1.0869685866, 5.097080772, 3.8040050793, 3.6668357053, 8.4800142604, 0.51772862369, 8.1780810487, 4.6042402513, 5.2867475559, 0, 0, 4.4413283713, 7.8195918926, 14.7964979398, 12.1271090789, 11.907612878, 37.246031687, 7.9043721411, 6.3360901529, 0.85763291586, 0, 1.4088439178, 4.1798074698, 11.459881604, 3.7109869143, 28.6997715243, 0.38791139344, 0.78751777139, 16.4727626791, 0.22724510794]
    ],
    [
      [36.2489137289, 34.3712484592, 31.9803777261, 21.2247253911, 2.6293097611, 3.9433049829, 6.4205455446, 3.6161626389, 31.3943572833, 9.3125257467, 36.6713813058, 18.3819151848, 0.38977130441, 2.1302427878, 2.6135679638, 5.1031256737, 17.5753718664, 26.3923211032, 7.058159683, 25.2186980001, 23.4511068104, 31.0297690539, 10.6725093653, 2.5008107177, 3.7288824808, 11.50699034, 20.4573801466, 7.8046940735, 4.8056948977, 21.0775094627, 24.8767496943, 14.2109089017, 0, 0.39289658313, 12.9119541254, 23.1472128864, 30.248634299, 26.3068674218, 27.8742870839, 53.1619023495, 14.5953674796, 18.5215243339, 1.4492367512, 4.8150634674, 1.5547917675, 9.569624472, 15.7019442027, 14.7407827127, 67.8342087635, 0.28355223946, 16.6349593612, 99.4115987106, 13.8999917331],
      [91.2786935668, 57.959726762, 108.3447451068, 33.7551851128, 4.7977476295, 3.1332085728, 7.8064842663, 8.4746546778, 68.9606429647, 9.5433596021, 68.3817063703, 29.3700047303, 1.0801621239, 5.5051194746, 9.1911955536, 8.3991154297, 42.9505393507, 62.9188202723, 18.2501300257, 52.2003544557, 31.4110970455, 103.0058330397, 48.0788652858, 3.2311055412, 14.7195824098, 32.0447117139, 50.3202202607, 26.3817145019, 3.4935613145, 36.6974689558, 18.8193164842, 15.103354338, 0, 0.71296899336, 25.7730538672, 39.0970236979, 49.5951724096, 37.649249005, 44.9773333908, 130.1384598313, 37.7237479392, 29.1311699393, 0.28619659638, 0.10107974958, 3.2597415793, 22.7801393369, 22.8421662205, 39.7121985972, 172.3174064834, 1.4929698664, 21.774162339, 94.7394318052, 10.8722137037],
      [14.406388675, 16.6714636813, 15.0946630209, 8.1466729005, 0.39557617842, 2.6692608634, 2.4197980219, 4.5277676303, 17.5228295703, 3.6898459865, 14.5900339825, 4.504565041, 0.40197310961, 2.6895750392, 0.80541972285, 1.5204082659, 4.6106951569, 7.4893352651, 4.0318171105, 9.0880856377, 5.0832081971, 15.2050750348, 5.410651458, 2.1270419063, 1.9549750146, 4.3380153862, 7.0650499611, 2.8938106835, 1.3435514666, 8.373146428, 7.3078620588, 7.0292868339, 0, 0.86523734354, 5.528586283, 10.0236388784, 9.7448421032, 5.7607168342, 9.7482254799, 34.8802354818, 9.3130189845, 5.0015746252, 0.24867705074, 0.04937655113, 2.0640409429, 5.0626127874, 4.3266439897, 7.7521296072, 55.324284411, 0.20393630422, 9.0471470927, 26.6654262535, 7.7033972109],
      [2.0660040293, 1.9975610975, 2.5802141461, 0.87341659568, 0.17736643089, 0.25422558087, 0.35317216727, 0.38141505301, 3.1221701816, 0.45426866469, 2.3568783414, 0.7435150439, 0.12809346204, 0.67506269846, 0.38981675968, 0.97735063073, 0.86339362604, 2.1995233594, 0.65989318091, 1.4928619064, 1.0545879469, 2.7593228715, 1.837973891, 0.14104183475, 0.59656009481, 1.1102825598, 1.1573496316, 0.91978074118, 0.35719232125, 0.85187515342, 0.99607176263, 0.65644992629, 0, 0.028897079976, 0.78640572443, 1.7321245372, 1.4113511882, 1.2831667389, 1.4001540454, 5.8194023374, 1.3678655967, 1.3457311017, 0.015889601722, 0.034480231918, 0.12142571023, 0.58762340381, 1.1292455872, 0.79488908291, 6.5241003421, 0.019541589917, 0.5437312071, 4.1835432307, 0.52439735229]
    ],
    [
      [0.21377535762, 0.23452812922, 0, 0.08860860513, 0.13441466154, 0.2397771298, 0.039975043347, 0.028258107208, 0.2823029155, 0.081111237449, 0.32577738168, 0.11468210284, 0.01287066307, 0, 0.18417946391, 0, 0.54718628607, 0.92002976499, 0.049190316669, 0.19921728487, 0, 0, 0, 0.080347329437, 0, 0.25936844896, 0.37158625515, 0.14509176175, 0.024804011218, 0.16079213453, 0, 0.078687795129, 0, 0.0088618802982, 0.19423296708, 0.25082676726, 0.30748985815, 0.10516077154, 0.21894913398, 0.19448721314, 0.067013347624, 0.20387613335, 0, 0.16725473931, 0.025974193734, 0.15408322759, 0.20125286499, 0.094139540076, 0, 0.033251022707, 0.12926039306, 0, 0.1517651006],
      [267.6252364418, 234.3895798593, 256.183053282, 94.7764797355, 26.7774799584, 14.6614564214, 32.9870913579, 37.1249444704, 426.1807264344, 61.604236745, 369.0913813826, 199.8573997078, 8.6836508556, 42.8392627637, 117.8158205361, 217.6125596065, 273.1287997035, 448.7391377743, 81.2339924191, 169.9264786222, 212.6240851914, 358.2969154799, 169.0097028054, 24.4673346138, 135.3224540048, 199.0534468861, 315.083005764, 126.5440556494, 14.4272700312, 274.0917833169, 54.8018543102, 48.7815090668, 3.6529528329, 2.7440425619, 155.635208534, 224.1685695386, 425.6812051652, 199.8459512291, 269.2104326765, 507.5813372381, 208.0069230719, 190.7144706344, 12.039680808, 18.7411197516, 20.7864471211, 142.9242294386, 199.3300982338, 160.997103332, 885.9042808264, 11.8288983277, 105.9023455551, 487.1951605675, 37.4137531804],
      [3.8920342831, 6.0058405602, 3.4327159822, 2.032896533, 0.031937476271, 0.91036815933, 0.88609845879, 1.724178301, 9.671308894, 2.1217573198, 6.9370473869, 2.6744699496, 0.28847972229, 2.0378845029, 0, 4.3874403935, 2.8053338369, 3.569154857, 1.558985137, 2.5708154978, 2.8297281952, 4.9904004242, 1.9902971946, 1.3819686391, 1.6278525999, 2.3800518071, 4.0951743712, 1.0859637382, 0.48371193578, 5.7474245485, 2.0192422574, 2.0354147384, 0.27323199224, 0.23944799149, 2.8945570597, 5.0655682027, 7.446268133, 2.6853955551, 5.144566922, 12.1466365062, 4.5022300344, 2.9349708316, 1.9194371596, 0.6247226645, 1.1566325749, 2.8210227152, 3.4052037496, 2.9087571279, 25.3803517781, 0.12780385211, 3.9683940518, 13.4314902595, 2.3400176936],
      [0.26895391748, 0.37005145125, 0.38423073576, 0.10201512638, 0.056167903771, 0.18839828947, 0.086835139968, 0.12261912138, 0.86566175607, 0.19289469768, 0.64579384876, 0.3534482397, 0.014998759074, 0.12285273336, 0, 0, 0.51868017353, 0.77167760378, 0.15783212719, 0.30348859518, 0.54618661341, 0.71268409593, 0, 0.070349417589, 0.0496933953, 0.30713285784, 0.45023360957, 0.22488885064, 0.064214021783, 0, 0.17890343239, 0.10438839968, 0.073815174823, 0.0076475662728, 0.27600143921, 0.51503549145, 0.56503684369, 0.36349244428, 0.42605126752, 1.0775390425, 0.42383354608, 0.14668240066, 0.040882032462, 0.46690284463, 0.030946110312, 0.1006646186, 0.063445151631, 0, 1.7153673956, 0.010046797514, 0, 1.373349173, 0.09446402543]
    ],
    [
      [1.2372549814, 1.0660758738, 0, 0.19800246449, 0.19040227984, 0.14594852182, 0.20500700189, 0.12466589989, 0.85834966924, 0.15828877651, 1.0627403441, 0.40310526755, 0.14148038952, 0, 0.39516241707, 0.86227187684, 0.9403696526, 0.64848692386, 0.25758512664, 0.50464976693, 0, 0, 0, 0.5118516251, 0, 0.39249118924, 0.9704735182, 0.21820168474, 0.1310381127, 0.71508408239, 0, 0.76716644155, 0, 0.029930802165, 0.32727590877, 0.48481237224, 0.68407229129, 0.50438436352, 0.58067627668, 0.25978123301, 0.14027575129, 0.51315136812, 0, 0.17365756224, 0.30443465231, 0.27242698064, 0.44365843633, 0.42095787398, 0, 0.21971502979, 0.6781223247, 0, 0.52159986569],
      [35.920692143, 22.059451544, 35.6564383492, 5.2063825598, 2.2467498754, 0, 3.329550067, 1.7433038901, 32.5940523619, 2.5840292784, 29.3795073514, 13.769493737, 0.58337896789, 1.1313822312, 2.5799103757, 2.3019123329, 20.9580597629, 17.8038418244, 9.8518397548, 11.7847551907, 10.7003694846, 23.3566188053, 11.285208265, 0.2629071242, 6.3307771327, 11.5986947647, 25.2369284407, 8.3107889188, 1.6053599864, 14.2257027506, 2.8545116547, 3.5750635271, 0, 0, 7.2389797378, 10.5633506104, 21.7122074789, 20.993796777, 17.8012442437, 47.9219666857, 11.7603389454, 12.7723164515, 0, 0.12738951588, 0.52180996939, 6.8899702295, 11.3774015531, 14.8535846981, 54.6789345892, 1.3890321157, 4.0401347474, 22.63303877, 0.16438083579],
      [639.2770484143, 706.2267046426, 563.6886808076, 141.7155492418, 24.3508845513, 19.4597078359, 127.8903131821, 134.1709122988, 903.2909067213, 135.925070766, 686.3363837787, 233.8321580141, 32.521701808, 89.618469454, 25.6379848538, 33.6697541421, 258.8025527344, 231.9802940974, 241.7355266639, 230.8378639755, 184.3914754294, 382.6292670161, 138.9360134567, 74.4430296657, 92.2560599313, 176.3458159056, 402.2915450768, 102.4114423025, 97.1893272195, 349.324804411, 196.3382789861, 298.9546509765, 14.0023956867, 18.770307924, 175.2492956744, 303.2570515682, 465.0722741558, 349.546265111, 421.8766794361, 1385.3590513862, 318.0535356658, 236.0656198092, 60.3442990843, 12.2515384071, 100.5442742567, 170.4454389601, 227.1682058623, 318.2035950212, 1890.3859061099, 29.0597884315, 184.6339090816, 765.4251983609, 89.5031456728],
      [11.5650044613, 10.6477679396, 12.6548808432, 1.880065734, 1.2119632935, 0.39434364227, 2.5751297489, 1.9611179112, 20.2566912476, 2.3326111791, 14.2213685257, 4.9952429814, 0.75343883459, 2.2501483148, 1.3869423534, 1.1660616481, 6.2990178501, 8.5673771543, 5.1550484547, 4.8727310669, 4.908155086, 9.0141141787, 5.7787782783, 0.78221158496, 3.4131629361, 5.6629981405, 8.5010529643, 4.059567094, 3.0742746814, 3.734408756, 3.8072093592, 3.7031190548, 0.9976043133, 0.1997612738, 3.184448679, 6.6947854492, 8.531446074, 9.9555537485, 7.7414000435, 29.4592006951, 6.0458496375, 7.6489123711, 0.65570091574, 0.44741451479, 0.6294811216, 2.3921638298, 7.0107341482, 3.5218624067, 28.9351593009, 0.33146442306, 0.64783384626, 15.9417628692, 0.81087362568]
    ],
    [
      [1.5767636504, 1.3719320319, 0.57535314655, 0.35396216358, 0.17558255557, 0.049999220664, 0.18943683144, 0.23682383347, 1.5619050587, 0.21038100057, 1.7544123113, 0.94220809856, 0.025920504463, 0.076359535714, 0.24394851491, 0.19068739566, 0.89896059833, 1.2905471313, 0.32585117416, 0.7464090759, 0.94893879198, 0.81100000463, 0.24295243026, 0.19511095509, 0.23527055802, 0.39310989083, 0.99707492887, 0.35691849162, 0.051414754682, 1.5951505208, 0.41496083586, 0.62816052633, 1.0358188854, 0.024640460704, 0.75057781745, 0.5367184487, 2.4018536871, 0.77240878896, 1.1279292615, 1.4458397933, 0.82817353747, 0.70622436426, 0.24474807175, 0, 0.042202212642, 0.81261915081, 1.4927695013, 0.69203761645, 3.1158817006, 0.056061364816, 0.69867248488, 2.988429954, 0.032997568151],
      [46.1476864718, 26.999291824, 22.7365270766, 6.6396448932, 3.9341082744, 0.50961085843, 2.8040586135, 6.5527338584, 39.9995421912, 2.6282114448, 38.1512937601, 17.7838138925, 0.82789352683, 2.8680240854, 9.624005788, 3.7514699627, 25.5691331571, 35.566655003, 9.9315606214, 18.0348761187, 15.0391057919, 31.2734046879, 12.3111325308, 3.0377571856, 15.4460396489, 12.7508806551, 28.5685565598, 14.0322419128, 0.47954967495, 32.5254919408, 3.5359000448, 7.8941217168, 1.3452872976, 0.51342503563, 17.5728713366, 10.6250433413, 46.156301218, 13.0379841072, 21.339295094, 41.2473734546, 25.1565395895, 13.0721273654, 0.79908259731, 0, 1.0773321825, 22.6071512212, 25.5783133455, 21.7855988199, 91.4817802806, 3.3267352962, 10.7360330042, 31.4541429013, 0.31431770048],
      [10.4468288559, 11.1629251031, 4.5279365254, 2.3119443644, 0.47801969304, 0.65155459617, 1.2624364343, 5.0640085047, 14.6072426278, 1.4727526482, 11.7016557135, 3.9259092274, 0.47304101994, 2.0513362781, 1.2046914786, 0.98383660112, 3.9411938518, 6.1065111044, 3.1666524334, 4.5235520435, 3.5162384473, 6.636813731, 2.0146101851, 2.9069604201, 2.9437592593, 2.4872289762, 5.7619570379, 2.2244374528, 0.27274823475, 10.6627962257, 2.0349600439, 5.2785853293, 3.701198488, 0.9531992955, 5.4308644095, 3.9248392329, 13.0323294464, 2.8741662571, 6.6533162919, 15.8820620981, 8.9406158548, 3.2333270451, 0.98931507568, 0, 0.99421860734, 7.2316944214, 6.9659384953, 6.1103366558, 42.3115963604, 0.66403531413, 6.4191708738, 13.079263493, 0.31939047942],
