{
  "X": [
    [26, 217, 315, 21],
    [3, 38, 22, 13],
    [2, 16, 25, 3],
    [8, 93, 27, 14],
    [1, 63, 14, 4],
    [3, 55, 33, 9],
    [5, 7, 6, 0],
    [5, 41, 50, 8],
    [3, 18, 19, 2],
    [2, 9, 15, 3],
    [1, 3, 20, 2],
    [11, 20, 129, 12],
    [9, 66, 136, 20],
    [289, 1625, 3457, 386],
    [2, 40, 45, 8],
    [0, 9, 4, 0],
    [191, 1202, 1807, 198],
    [16, 56, 126, 16],
    [2, 6, 9, 1],
    [11, 32, 80, 9],
    [14, 88, 119, 13],
    [4, 24, 44, 9],
    [2, 14, 34, 6],
    [1, 51, 48, 13],
    [6, 44, 34, 10],
    [19, 85, 200, 22],
    [124, 1404, 2197, 265],
    [10, 69, 87, 17],
    [23, 98, 162, 17],
    [18, 143, 160, 24],
    [190, 2653, 3184, 448],
    [8, 154, 177, 28],
    [1, 7, 11, 0],
    [0, 12, 3, 3],
    [0, 1, 6, 1],
    [16, 196, 529, 73],
    [12, 130, 218, 27],
    [12, 175, 187, 22],
    [29, 258, 206, 37],
    [21, 409, 269, 43],
    [39, 205, 209, 27],
    [2, 7, 9, 1],
    [6, 122, 52, 10],
    [1, 45, 24, 8],
    [0, 6, 4, 2],
    [1, 32, 16, 7],
    [0, 3, 5, 1],
    [10, 99, 101, 21],
    [15, 276, 212, 28],
    [9, 77, 109, 16],
    [0, 19, 9, 2],
    [3, 11, 24, 3],
    [0, 27, 8, 7],
    [1, 9, 34, 4],
    [7, 11, 34, 10],
    [2, 8, 41, 6],
    [8, 65, 104, 16],
    [8, 78, 133, 23],
    [29, 107, 220, 29],
    [3, 52, 16, 12],
    [8, 157, 75, 30],
    [1, 6, 7, 0],
    [1, 32, 11, 6],
    [20, 95, 131, 17],
    [12, 97, 139, 11],
    [7, 37, 52, 6],
    [11, 99, 128, 23],
    [3, 44, 19, 7],
    [6, 48, 81, 13],
    [10, 129, 108, 22],
    [11, 28, 71, 14],
    [4, 14, 18, 3],
    [8, 105, 54, 6],
    [3, 79, 10, 8],
    [0, 31, 9, 7],
    [10, 106, 181, 41],
    [4, 71, 44, 5],
    [6, 137, 110, 12],
    [2, 33, 4, 4],
    [0, 28, 6, 2],
    [12, 77, 143, 19],
    [15, 161, 219, 30],
    [16, 271, 243, 27],
    [15, 94, 128, 19],
    [15, 125, 133, 21],
    [6, 70, 51, 10],
    [25, 222, 225, 36],
    [8, 123, 142, 27],
    [0, 19, 2, 4],
    [1, 46, 21, 11],
    [1, 20, 8, 1],
    [2, 11, 11, 4],
    [1, 65, 18, 18],
    [0, 36, 10, 4],
    [0, 4, 9, 2],
    [1, 35, 56, 8],
    [2, 19, 46, 6],
    [10, 59, 113, 8],
    [16, 154, 104, 13],
    [77, 139, 395, 40],
    [230, 885, 1564, 258],
    [132, 559, 843, 161],
    [2, 9, 5, 1]
  ],
  "W": [
    [61, 76, 259, 150, 33],
    [9, 4, 24, 25, 14],
    [6, 4, 15, 15, 6],
    [23, 7, 32, 66, 14],
    [13, 2, 11, 50, 6],
    [10, 8, 25, 49, 8],
    [0, 7, 6, 3, 2],
    [13, 7, 40, 36, 8],
    [5, 2, 18, 15, 2],
    [2, 2, 17, 6, 2],
    [2, 1, 21, 1, 1],
    [2, 10, 129, 10, 21],
    [7, 14, 137, 52, 21],
    [388, 335, 3416, 1218, 400],
    [13, 3, 46, 28, 5],
    [3, 1, 4, 5, 0],
    [285, 339, 1688, 865, 221],
    [19, 21, 127, 36, 11],
    [1, 2, 8, 5, 2],
    [7, 9, 92, 18, 6],
    [16, 15, 127, 64, 12],
    [5, 5, 45, 15, 11],
    [3, 3, 30, 13, 7],
    [19, 9, 46, 38, 1],
    [9, 5, 33, 38, 9],
    [16, 24, 194, 65, 27],
    [333, 152, 2157, 1091, 257],
    [15, 6, 88, 55, 19],
    [17, 37, 153, 76, 17],
    [28, 7, 167, 110, 33],
    [513, 298, 3186, 2117, 361],
    [31, 16, 185, 117, 18],
    [0, 2, 10, 7, 0],
    [4, 0, 4, 10, 0],
    [0, 1, 7, 0, 0],
    [42, 33, 475, 169, 95],
    [24, 21, 200, 120, 22],
    [46, 27, 166, 136, 21],
    [48, 42, 198, 200, 42],
    [90, 35, 278, 300, 39],
    [58, 50, 197, 139, 36],
    [1, 0, 11, 5, 2],
    [26, 7, 53, 94, 10],
    [8, 1, 22, 38, 9],
    [1, 0, 4, 4, 3],
    [12, 2, 15, 24, 3],
    [3, 0, 5, 1, 0],
    [17, 9, 106, 73, 26],
    [51, 11, 228, 209, 32],
    [21, 9, 106, 55, 20],
    [9, 2, 5, 10, 4],
    [5, 1, 24, 6, 5],
    [5, 1, 6, 22, 8],
    [2, 3, 31, 6, 6],
    [4, 3, 37, 10, 8],
    [1, 3, 39, 7, 7],
    [24, 9, 110, 32, 18],
    [18, 12, 133, 46, 33],
    [26, 21, 237, 66, 35],
    [16, 1, 14, 40, 12],
    [25, 12, 89, 126, 18],
    [1, 0, 4, 7, 2],
    [14, 0, 12, 21, 3],
    [14, 28, 123, 70, 28],
    [21, 13, 134, 68, 23],
    [10, 10, 48, 25, 9],
    [24, 18, 132, 72, 15],
    [5, 6, 21, 33, 8],
    [10, 5, 84, 34, 15],
    [18, 10, 111, 97, 33],
    [2, 5, 73, 21, 23],
    [6, 2, 20, 9, 2],
    [18, 2, 65, 79, 9],
    [19, 2, 13, 63, 3],
    [9, 0, 9, 24, 5],
    [43, 24, 171, 69, 31],
    [11, 7, 44, 47, 15],
    [52, 11, 68, 126, 8],
    [5, 1, 7, 26, 4],
    [4, 0, 6, 23, 3],
    [16, 15, 133, 60, 27],
    [33, 11, 232, 109, 40],
    [38, 22, 272, 191, 34],
    [36, 19, 124, 55, 22],
    [28, 15, 148, 86, 17],
    [9, 6, 57, 54, 11],
    [36, 24, 241, 166, 41],
    [20, 14, 146, 87, 33],
    [2, 0, 4, 16, 3],
    [16, 0, 26, 33, 4],
    [3, 1, 9, 15, 2],
    [6, 1, 10, 8, 3],
    [23, 2, 17, 49, 11],
    [6, 2, 7, 30, 5],
    [2, 0, 9, 3, 1],
    [6, 3, 47, 31, 13],
    [3, 2, 43, 17, 8],
    [4, 6, 112, 53, 15],
    [19, 17, 113, 114, 24],
    [31, 92, 387, 93, 48],
    [185, 201, 1588, 694, 269],
    [130, 82, 882, 404, 197],
    [2, 4, 3, 4, 4]
  ],
  "method": "mcmc",
  "mcmc_stepsize": 3000,
  "mcmc_samples": 1000,
  "burn_in": 10000,
  "cond_prob": [
    [
      [0.065574202244, 0.36065530589, 0.54098360659, 0.032786885279],
      [0.052630885908, 0.38157964044, 0.53947229806, 0.026317175584],
      [0.042471245834, 0.37837949689, 0.5444004259, 0.034748831375],
      [0.039999648851, 0.37333157762, 0.55333579134, 0.033332982193],
      [0.030303828343, 0.36363476756, 0.51515231324, 0.090909090862]
    ],
    [
      [0.059876172673, 0.53326460073, 0.2477337074, 0.15912551919],
      [0.12539326119, 0.47863947769, 0.26167807388, 0.13428918723],
      [0.039901788317, 0.46971673652, 0.31718711453, 0.17319436063],
      [0.023445750182, 0.51935773574, 0.29520153825, 0.16199497583],
      [0.029696766217, 0.50206540091, 0.26651108092, 0.20172675196]
    ],
    [
      [0.093168922757, 0.33034328964, 0.51418182613, 0.06230596147],
      [0.050606506134, 0.36767898672, 0.51737189011, 0.06434261703],
      [0.032981847948, 0.33932044534, 0.55710160686, 0.070596099848],
      [0.033043895095, 0.36965772795, 0.53387818673, 0.06342019023],
      [0.041362382213, 0.31875861932, 0.58012076315, 0.059758235317]
    ],
    [
      [0.083901340551, 0.65879103013, 0.17621581957, 0.081091809746],
      [0.25569039112, 0.58922054816, 0.1484711748, 0.0066178859223],
      [0.036493422958, 0.68113000278, 0.19057297702, 0.091803597245],
      [0.044843497019, 0.65182616394, 0.20983600508, 0.093494333964],
      [0.010926863685, 0.63618396863, 0.14001616619, 0.21287300149]
    ],
    [
      [0.034016816052, 0.77142236033, 0.14319582645, 0.051364997165],
      [0.0082463660764, 0.81523383086, 0.15513171858, 0.021388084487],
      [0.013146927074, 0.74485996921, 0.20773655755, 0.034256546165],
      [0.0064063441384, 0.77746005045, 0.16740624096, 0.048727364454],
      [0.012725875739, 0.71242991169, 0.19546277301, 0.079381439562]
    ],
    [
      [0.098990767996, 0.49550594427, 0.34122255998, 0.064280727746],
      [0.032047793002, 0.62642785142, 0.28736064436, 0.054163711216],
      [0.010935624376, 0.53951712075, 0.36126152297, 0.0882857319],
      [0.02551631999, 0.56210869552, 0.32414713357, 0.088227850916],
      [0.028752460886, 0.50028295582, 0.29676770324, 0.17419688006]
    ],
    [
      [0, 0, 0, 0],
      [0.31202920348, 0.37349756711, 0.31447322941, 0],
      [0.26740255201, 0.37847912371, 0.35411832429, 0],
      [0.23666489657, 0.42987703922, 0.3334580642, 0],
      [0.25069278693, 0.41250558515, 0.33680162791, 0]
    ],
    [
      [0.078447117842, 0.40519144227, 0.42229167438, 0.094069765509],
      [0.12748320257, 0.41143290407, 0.40143142178, 0.059652471585],
      [0.040983080747, 0.37845680471, 0.50846820676, 0.072091907778],
      [0.034124674162, 0.40563459532, 0.487242923, 0.072997807524],
      [0.027499193792, 0.38892041277, 0.47758934778, 0.10599104566]
    ],
    [
      [0.088435767304, 0.46985872745, 0.40767343259, 0.034032072657],
      [0.10381673104, 0.3674761439, 0.505668662, 0.023038463058],
      [0.069958495515, 0.4072944779, 0.46943569393, 0.053311332663],
      [0.066617645219, 0.45027688303, 0.43491765401, 0.048187817734],
      [0.045835051925, 0.41515011367, 0.48834410608, 0.050670728332]
    ],
    [
      [0.1027075771, 0.2766918289, 0.5327912419, 0.087809352097],
      [0.08108815162, 0.31465230081, 0.51503792, 0.089221627571],
      [0.069307695326, 0.30940846946, 0.52193890103, 0.099344934184],
      [0.055692741942, 0.33352218172, 0.50089638077, 0.10988869557],
      [0.060010635182, 0.27811733471, 0.51300103705, 0.14887099306]
    ],
    [
      [0.057881577544, 0.13952098628, 0.73432070193, 0.068276734251],
      [0.032369985633, 0.12466626341, 0.76689578779, 0.076067963174],
      [0.03703075444, 0.11058209254, 0.77727689955, 0.075110253468],
      [0.034190596278, 0.15488221268, 0.72341691075, 0.087510280289],
      [0.040030419753, 0.11918560801, 0.71823100704, 0.1225529652]
    ],
    [
      [0.49647615615, 0.0020815124482, 0.50094676313, 0.00049556827028],
      [0.10085161442, 0.20025858091, 0.69239577191, 0.0064940327517],
      [0.06174843123, 0.11584611747, 0.7529788791, 0.069426572202],
      [0.0009563991559, 0.10698611708, 0.89144100314, 0.00061648062588],
      [0.048734282057, 0.094249563888, 0.71549825331, 0.14151790074]
    ],
    [
      [0.14163341673, 0.28681724537, 0.57022300961, 0.0013263282909],
      [0.072205482405, 0.28648772056, 0.57006008588, 0.071246711154],
      [0.036436153, 0.29147988185, 0.59168122761, 0.080402737538],
      [0.038372248883, 0.27003278884, 0.59572301899, 0.095871943291],
      [0.00050378220431, 0.28604773151, 0.57093678857, 0.14251169771]
    ],
    [
      [0.054123711341, 0.28092783505, 0.59793814433, 0.067010309278],
      [0.047761194029, 0.28656716418, 0.6, 0.065671641791],
      [0.050058548009, 0.2824941452, 0.60040983607, 0.067037470726],
      [0.050082101806, 0.2816091954, 0.60180623974, 0.066502463054],
      [0.05, 0.28, 0.6, 0.07]
    ],
    [
      [0.053002982818, 0.42989405421, 0.4489083905, 0.068194572472],
      [0.04468998892, 0.43959503542, 0.47061750107, 0.045097474596],
      [0.01770309719, 0.41110947664, 0.491996315, 0.079191111164],
      [0.010278822806, 0.44327126486, 0.45764231181, 0.088807600524],
      [0.01494834946, 0.35399216945, 0.46130463992, 0.16975484117]
    ],
    [
      [0, 0.707010518, 0.292989482, 0],
      [0, 0.71010916525, 0.28989083475, 0],
      [0, 0.66416199033, 0.33583800967, 0],
      [0, 0.70244226389, 0.29755773611, 0],
      [0, 0, 0, 0]
    ],
    [
      [0.063157894737, 0.35087719298, 0.5298245614, 0.056140350877],
      [0.05604719764, 0.35693215339, 0.53097345133, 0.05604719764],
      [0.055687203791, 0.35426540284, 0.53199052133, 0.058056872038],
      [0.05549132948, 0.35260115607, 0.53294797688, 0.058959537572],
      [0.054298642534, 0.35294117647, 0.52941176471, 0.06334841629]
    ],
    [
      [0.15786899619, 0.21061359954, 0.57885253475, 0.05266486952],
      [0.095264668015, 0.28560182276, 0.57142290357, 0.04771060566],
      [0.070847791925, 0.2755922753, 0.58270623454, 0.070853698241],
      [0.05558036056, 0.2499621356, 0.63887776881, 0.055579735037],
      [0.00012440811896, 0.18198613516, 0.5453299456, 0.27255951112]
    ],
    [
      [0.15288755475, 0.33851571344, 0.47697775986, 0.031618971948],
      [0.15041554813, 0.33135561846, 0.48145649014, 0.036772343272],
      [0.10857081972, 0.31607303023, 0.51853038547, 0.056825764575],
      [0.096001225622, 0.37007696426, 0.47942389333, 0.054497916785],
      [0.098854331565, 0.30990199324, 0.5073733547, 0.083870320489]
    ],
    [
      [0.27154801083, 0.15700555814, 0.56137263848, 0.010073792555],
      [0.11285421899, 0.32444063677, 0.55160214742, 0.01110299683],
      [0.076241194266, 0.24784313483, 0.61158744789, 0.064328223012],
      [0.057939871674, 0.22936192588, 0.65582966319, 0.056868539248],
      [0.0043947317824, 0.17515204858, 0.50583217679, 0.31462104284]
    ],
    [
      [0.12464698997, 0.3744834328, 0.49965140052, 0.0012181767124],
      [0.13204437525, 0.40053209042, 0.46610373001, 0.0013198043176],
      [0.0554821033, 0.37780168646, 0.51136332429, 0.055352885953],
      [0.046238362788, 0.37598877546, 0.51579133699, 0.061981524764],
      [0.0016250161733, 0.32968232579, 0.50501949079, 0.16367316725]
    ],
    [
      [0.11556841747, 0.36098143979, 0.49416722697, 0.029282915762],
      [0.028213449487, 0.28553366901, 0.53878619762, 0.14746668388],
      [0.04412181119, 0.27691288045, 0.57571766606, 0.1032476423],
      [0.056877151373, 0.38162295918, 0.48402146861, 0.077478420842],
      [0.040222899187, 0.23472731345, 0.51523780684, 0.20981198052]
    ],
    [
      [0.047518454394, 0.28702593045, 0.60770871049, 0.057746904666],
      [0.047118668495, 0.25295353481, 0.62715942463, 0.072768372063],
      [0.038118366737, 0.22274964699, 0.6403921511, 0.098739835176],
      [0.030506115057, 0.2758992821, 0.57588542958, 0.11770917326],
      [0.025136876214, 0.30155450389, 0.51387435387, 0.15943426602]
    ],
    [
      [0.015738082775, 0.41572661764, 0.44220633409, 0.1263289655],
      [0.0053075629673, 0.50973791164, 0.38577891885, 0.099175606538],
      [0.0041871318083, 0.45742581571, 0.42770247709, 0.11068457539],
      [0.011741826723, 0.45758120736, 0.41822111868, 0.11245584723],
      [0.014410881906, 0.083879657544, 0.5593529264, 0.34235653415]
    ],
    [
      [0.19463674742, 0.44910446935, 0.32910819066, 0.027150592571],
      [0.018895036437, 0.7369771526, 0.22698766829, 0.017140142677],
      [0.062073989992, 0.45065228638, 0.39794797956, 0.089325744067],
      [0.052795084906, 0.46019865853, 0.36188915148, 0.12511710508],
      [0.011015466096, 0.43489994871, 0.33544631786, 0.21863826734]
    ],
    [
      [0.12499977211, 0.25000046053, 0.5624996363, 0.062500131071],
      [0.083333406336, 0.29166634498, 0.58333352559, 0.041666723087],
      [0.056701025777, 0.26288666274, 0.61340202532, 0.067010286163],
      [0.046153770772, 0.24615379143, 0.64615389729, 0.061538540506],
      [0.037037325682, 0.25925893845, 0.5925927766, 0.11111095927]
    ],
    [
      [0.033033033033, 0.35135135135, 0.54954954955, 0.066066066066],
      [0.039473684211, 0.34868421053, 0.54605263158, 0.065789473684],
      [0.031061659713, 0.35234121465, 0.55030134446, 0.066295781178],
      [0.030247479377, 0.35197066911, 0.55178735105, 0.065994500458],
      [0.027237354086, 0.35019455253, 0.55252918288, 0.070038910506]
    ],
    [
      [0.13411502646, 0.33193491907, 0.46706996009, 0.066880094375],
      [0.00033022947416, 0.65937707269, 0.3398715509, 0.00042114693431],
      [0.044896994621, 0.37552176649, 0.48827236684, 0.091308872058],
      [0.055160012354, 0.36399842782, 0.47230568623, 0.1085358736],
      [0.052713527376, 0.36836235774, 0.47420738258, 0.10471673231]
    ],
    [
      [0.17275346302, 0.29531905243, 0.53188588591, 4.1598642422e-05],
      [0.082229355727, 0.35076139689, 0.51237801196, 0.05463123542],
      [0.071894776159, 0.3331901586, 0.54291181753, 0.052003247711],
      [0.06550555242, 0.31607414475, 0.5520664674, 0.066353835437],
      [0.061316601792, 0.29421618572, 0.5280819937, 0.11638521879]
    ],
    [
      [0.142850531, 0.39303205627, 0.4285817857, 0.035535627026],
      [2.2315045592e-05, 0.57138693704, 0.42782807431, 0.00076267360503],
      [0.047841714284, 0.41929080563, 0.46709332181, 0.065774158282],
      [0.04559660419, 0.40890259056, 0.47263286999, 0.072867935254],
      [0.030146550917, 0.39377407162, 0.4548700921, 0.12120928536]
    ],
    [
      [0.031189083821, 0.40935672515, 0.49122807018, 0.068226120858],
      [0.030201342282, 0.41275167785, 0.48993288591, 0.06711409396],
      [0.029190207156, 0.40991839297, 0.49183929692, 0.06905210295],
      [0.0292867265, 0.40954180444, 0.49220595182, 0.068965517241],
      [0.027700831025, 0.40720221607, 0.49030470914, 0.074792243767]
    ],
    [
      [0.064514458016, 0.41935508327, 0.45161333072, 0.064517127999],
      [7.885192436e-07, 0.49999305717, 0.43750477625, 0.06250137806],
      [0.021621544183, 0.41621535368, 0.48648731686, 0.075675785275],
      [0.017094362672, 0.41880548501, 0.49572443049, 0.068375721822],
      [7.2659898396e-07, 0.38889007369, 0.44444435227, 0.16666484745]
    ],
    [
      [0, 0, 0, 0],
      [0.0614313109, 0.36456013073, 0.57400855837, 0],
      [0.059730167502, 0.3492602426, 0.5910095899, 0],
      [0.039976529026, 0.39689675893, 0.56312671204, 0],
      [0, 0, 0, 0]
    ],
    [
      [0, 0.68418771891, 0.16579765273, 0.15001462836],
      [0, 0, 0, 0],
      [0, 0.65988737302, 0.18446398689, 0.1556486401],
      [0, 0.66236996323, 0.15989534415, 0.17773469262],
      [0, 0, 0, 0]
    ],
    [
      [0, 0, 0, 0],
      [0, 0.12611533398, 0.76784022465, 0.10604444137],
      [0, 0.12484066657, 0.74745139648, 0.12770793695],
      [0, 0, 0, 0],
      [0, 0, 0, 0]
    ],
    [
      [0.047618980207, 0.2380952381, 0.64285707545, 0.071428706252],
      [0.030302987405, 0.27272714403, 0.63636376506, 0.060606103504],
      [0.018947374382, 0.24210520057, 0.65052640818, 0.088421016868],
      [0.017751462537, 0.23668656644, 0.65680454107, 0.088757429956],
      [0.010526360494, 0.23157899207, 0.64210512904, 0.11578951839]
    ],
    [
      [0.083322428638, 0.33337709429, 0.54164453019, 0.041655946879],
      [0.047619057157, 0.38097762224, 0.52378421475, 0.04761910586],
      [0.030002575961, 0.33499727143, 0.57000149026, 0.064998662348],
      [0.024993488914, 0.33332465841, 0.56667089234, 0.075010960333],
      [2.3984115744e-05, 0.31818210793, 0.54546625604, 0.13632765192]
    ],
    [
      [0.065217387501, 0.43478262709, 0.45652173026, 0.043478255148],
      [1.0667219241e-07, 0.48148144768, 0.48148133698, 0.037037108665],
      [0.030120460398, 0.4397590068, 0.47590367815, 0.054216854653],
      [0.029411768233, 0.441176503, 0.47794113096, 0.051470597807],
      [1.8529157033e-08, 0.42857145384, 0.42857142501, 0.14285710262]
    ],
    [
      [0.083333349177, 0.47916654177, 0.37500012621, 0.062499982847],
      [0.071428630245, 0.49999997589, 0.38095236535, 0.047619028512],
      [0.0505050344, 0.48989896005, 0.39393939704, 0.065656608517],
      [0.050000008129, 0.4850000723, 0.38999994089, 0.074999978679],
      [0.047619007908, 0.47619043948, 0.38095251919, 0.095238033422]
    ],
    [
      [0.044444958145, 0.54444495916, 0.35555452745, 0.055555555244],
      [0.028570988779, 0.57142680866, 0.34285714282, 0.057145059746],
      [0.025179745409, 0.553956779, 0.36330946336, 0.057554012224],
      [0.026666717865, 0.55000010292, 0.36666692367, 0.056666255546],
      [0.025640630172, 0.5384615368, 0.35897396444, 0.076923868586]
    ],
    [
      [0.1034482776, 0.41379310587, 0.43103447868, 0.051724137849],
      [0.079999999001, 0.46000000216, 0.41999999815, 0.040000000683],
      [0.081218273795, 0.42639593838, 0.43654822436, 0.05583756347],
      [0.079136690325, 0.42446043148, 0.44604316665, 0.050359711539],
      [0.05555555712, 0.41666666431, 0.41666666571, 0.11111111287]
    ],
    [
      [0.15599674789, 0.34855008499, 0.44624456598, 0.049208601134],
      [0, 0, 0, 0],
      [0.11083451104, 0.36481922946, 0.47675497079, 0.047591288711],
      [0.086850833825, 0.38254662823, 0.47414817712, 0.056454360824],
      [0.095284730782, 0.3628526249, 0.46935493485, 0.072507709462]
    ],
    [
      [0.075417196872, 0.61809160941, 0.26838137086, 0.038109822854],
      [0.13992280613, 0.69478664852, 0.15942399996, 0.0058665453915],
      [0.018502860421, 0.65931919749, 0.28530275691, 0.036875185182],
      [0.021938006822, 0.63873619367, 0.28509244103, 0.054233358478],
      [0.00168689948, 0.60809919434, 0.19863807853, 0.19157582765]
    ],
    [
      [0.041986329536, 0.61350360264, 0.2567802844, 0.087729783423],
      [0.004415828486, 0.6225809606, 0.29806834879, 0.074934862125],
      [0.0090364962698, 0.53934564137, 0.34784740404, 0.10377045833],
      [0.01068217435, 0.59336136761, 0.29991899856, 0.096037459473],
      [0.006107554664, 0.56178379322, 0.28868050464, 0.14342814748]
    ],
    [
      [0, 0.53780805372, 0.34478448996, 0.11740745632],
      [0, 0, 0, 0],
      [0, 0.48560501335, 0.34605829109, 0.16833669556],
      [0, 0.53407565457, 0.32928870902, 0.13663563641],
      [0, 0.46115642487, 0.3179425032, 0.22090107193]
    ],
    [
      [0.033984563179, 0.60399954764, 0.25381194327, 0.10820394591],
      [0.017861219703, 0.62716174713, 0.25790815942, 0.09706887374],
      [0.015262668688, 0.53054207015, 0.33158258316, 0.12261267801],
      [0.012425073352, 0.58274483388, 0.28047601218, 0.12435408059],
      [0.0097736705574, 0.5178916229, 0.24442577408, 0.22790893247]
    ],
    [
      [0, 0.3680497976, 0.53269453001, 0.099255672396],
      [0, 0, 0, 0],
      [0, 0.30694734163, 0.57560661745, 0.11744604092],
      [0, 0.36111389906, 0.52388332271, 0.11500277822],
      [0, 0, 0, 0]
    ],
    [
      [0.11767214707, 0.41697229527, 0.40782459332, 0.057530964333],
      [6.0046767951e-05, 0.5552464878, 0.44427489608, 0.00041856935347],
      [0.037519129497, 0.4247913232, 0.45322880948, 0.084460737825],
      [0.041375568714, 0.42370949721, 0.42470232162, 0.11021261246],
      [0.038522647541, 0.42136842443, 0.42396094483, 0.1161479832]
    ],
    [
      [0.058823531447, 0.50980621879, 0.39215418148, 0.039216068284],
      [0.090909076141, 0.54544736087, 0.36364174798, 1.8150097243e-06],
      [0.02631552946, 0.5219284483, 0.39912419019, 0.052631832045],
      [0.023923444972, 0.52153270363, 0.40191255071, 0.052631300687],
      [1.8544606854e-06, 0.49999814374, 0.40625122047, 0.093748781328]
    ],
    [
      [0.14294310074, 0.33307887028, 0.47596689054, 0.048011138447],
      [0.00021528774902, 0.55416766058, 0.4451949308, 0.000422120869],
      [0.037712450549, 0.35852850329, 0.5283408172, 0.075418228965],
      [0.036293361942, 0.36393900341, 0.52712186543, 0.072645769209],
      [0.00013013148887, 0.34985841213, 0.50010558498, 0.1499058714]
    ],
    [
      [0, 0.66205019863, 0.28630524465, 0.051644556722],
      [0, 0.65393629014, 0.29625034215, 0.049813367705],
      [0, 0.61029396566, 0.32218926871, 0.067516765628],
      [0, 0.63940544845, 0.30219480908, 0.05839974247],
      [0, 0.57203782982, 0.29946441987, 0.12849775031]
    ],
    [
      [0.10721531525, 0.30352375008, 0.54067096795, 0.048589966718],
      [0.056800039123, 0.26374089927, 0.61120885448, 0.068250207119],
      [0.075771780453, 0.26221266959, 0.59272241873, 0.069293131228],
      [0.039227826633, 0.26969025206, 0.6044267811, 0.086655140206],
      [0.07064673879, 0.26147895354, 0.56670751396, 0.10116679371]
    ],
    [
      [0, 0.66658565733, 0.19026568929, 0.14314865338],
      [0, 0.60937546176, 0.25889722529, 0.13172731295],
      [0, 0.64500796727, 0.2111503269, 0.14384170583],
      [0, 0.65945694801, 0.18459817526, 0.15594487672],
      [0, 0.58494944896, 0.18271406389, 0.23233648715]
    ],
    [
      [0.048469484744, 0.25301488199, 0.63002973558, 0.068485897686],
      [0.019549380719, 0.15315011221, 0.75585073929, 0.071449767779],
      [0.023585269869, 0.17385729697, 0.71642496929, 0.086132463876],
      [0.009227137236, 0.24070973493, 0.6849942149, 0.065068912931],
      [0.0096511164996, 0.20011421397, 0.69220816227, 0.098026507261]
    ],
    [
      [0.21057946328, 0.16953082136, 0.47044785768, 0.14944185768],
      [0.15469849691, 0.22961106733, 0.47731511179, 0.13837532397],
      [0.11155822046, 0.16907401087, 0.57575468781, 0.14361308086],
      [0.098360115854, 0.21001382734, 0.52057845868, 0.17104759813],
      [0.072791417554, 0.15964585462, 0.52219439977, 0.24536832805]
    ],
    [
      [0.071441265091, 0.15870908359, 0.65224635628, 0.11760329503],
      [0.05220623486, 0.19942259115, 0.65672804688, 0.091643127103],
      [0.032208803163, 0.13414372427, 0.7307223537, 0.10292511887],
      [0.02768554343, 0.1554864576, 0.73114327985, 0.085684719123],
      [0.045999700423, 0.13185895616, 0.68019925, 0.14194209342]
    ],
    [
      [0.1245053177, 0.33348600226, 0.49990186999, 0.042106810057],
      [0.00078080313628, 0.44260064885, 0.55496987529, 0.0016486727226],
      [0.036414719546, 0.33649572137, 0.54545389712, 0.081635661965],
      [0.031053170494, 0.3126412065, 0.5627467272, 0.093558895804],
      [0.00030691895556, 0.33299345262, 0.49998901607, 0.16671061235]
    ],
    [
      [0.11118701304, 0.33332648188, 0.49989475416, 0.05559175092],
      [2.8888314372e-05, 0.41674105311, 0.49998522255, 0.083244836029],
      [0.030084088694, 0.32327393491, 0.55646227086, 0.090179705537],
      [0.021694863378, 0.30427306422, 0.5651897843, 0.1088422881],
      [0.030276957392, 0.30324958763, 0.54526847431, 0.12120498067]
    ],
    [
      [0.15384615213, 0.26923075512, 0.53846153569, 0.038461557055],
      [0.095238096996, 0.28571430039, 0.57142854113, 0.047619061482],
      [0.071729955816, 0.28270042058, 0.57383966715, 0.071729956455],
      [0.060606067852, 0.27272727277, 0.57575757727, 0.09090908211],
      [0.057142857172, 0.25714286793, 0.571428557, 0.1142857179]
    ],
    [
      [0.078118681566, 0.60888498229, 0.20954420528, 0.10345213086],
      [0.23092463555, 0.53867302965, 0.18703268754, 0.04336964726],
      [0.019828122376, 0.65123020055, 0.21838317342, 0.11055850365],
      [0.026997553327, 0.6502840047, 0.17512498546, 0.14759345651],
      [0.013473384421, 0.54921535482, 0.19982468179, 0.23748657897]
    ],
    [
      [0.11974959567, 0.5598798727, 0.24013392905, 0.080236602591],
      [0.00039277703288, 0.66639255783, 0.24986992541, 0.083344739733],
      [0.02246297445, 0.58434717152, 0.29205668085, 0.10113317318],
      [0.023819623249, 0.57937235652, 0.27783582123, 0.118972199],
      [5.9418252977e-05, 0.55547096122, 0.27765858877, 0.16681103176]
    ],
    [
      [0.10916072355, 0.44770745361, 0.44313182283, 0],
      [0, 0, 0, 0],
      [0.074218468867, 0.39974948942, 0.52603204171, 0],
      [0.068749664369, 0.44523752635, 0.48601280928, 0],
      [0.056358875197, 0.41831595213, 0.52532517267, 0]
    ],
    [
      [0.031771498523, 0.64679674075, 0.20903162933, 0.1124001314],
      [0, 0, 0, 0],
      [0.017760955479, 0.62827992321, 0.2395810581, 0.1143780632],
      [0.014710748452, 0.64676685679, 0.21558654669, 0.12293584807],
      [0.011047279148, 0.60779418614, 0.22375567051, 0.1574028642]
    ],
    [
      [0.14284909458, 0.42863059121, 0.42850154321, 1.8771002496e-05],
      [0.071423764823, 0.3571395201, 0.53571344784, 0.035723267236],
      [0.073176515079, 0.35771428074, 0.5121936814, 0.05691552278],
      [0.071420479193, 0.35715421078, 0.48572404921, 0.085701260818],
      [0.071432227239, 0.35712906692, 0.46430341426, 0.10713529158]
    ],
    [
      [0.095060368469, 0.38071430759, 0.52391353581, 0.00031178813508],
      [0.00054037342834, 0.46128314003, 0.53812816665, 4.8319894116e-05],
      [0.04478276415, 0.37303098278, 0.54485704075, 0.037329212322],
      [0.044098608023, 0.36813455326, 0.52899496471, 0.058771874012],
      [0.043352681128, 0.34734858287, 0.52259341398, 0.086705322023]
    ],
    [
      [0.16730899035, 0.3633285769, 0.46097399221, 0.0083884405427],
      [0.070901515177, 0.36034967668, 0.53389477747, 0.034854030677],
      [0.062582799803, 0.37550098138, 0.51344318851, 0.04847303031],
      [0.052565119773, 0.36315967091, 0.52162185551, 0.062653353802],
      [0.033310284435, 0.29557539836, 0.48505476299, 0.18605955421]
    ],
    [
      [0.083316558047, 0.37516206186, 0.45818046875, 0.083340911343],
      [0.055493076523, 0.44437860391, 0.44456980418, 0.055558515385],
      [0.037864485698, 0.37870239723, 0.50006604282, 0.083367074249],
      [0.041695156367, 0.37511694318, 0.49989042751, 0.083297472936],
      [9.092393122e-05, 0.33334395342, 0.46670558941, 0.19985953324]
    ],
    [
      [0.081357809652, 0.61990872802, 0.22954545183, 0.069188010491],
      [0.074635490789, 0.57933294283, 0.30364866954, 0.042382896842],
      [0.032967826614, 0.60130754045, 0.27350653271, 0.092218100228],
      [0.036574970112, 0.62390955753, 0.2495480518, 0.089967420556],
      [0.030762454302, 0.52599811936, 0.25645722842, 0.18678219792]
    ],
    [
      [0.17860208493, 0.31107728794, 0.49491620979, 0.015404417339],
      [0.0042974312317, 0.56386028689, 0.41480008739, 0.017042194489],
      [0.036305226767, 0.32237656694, 0.55901745057, 0.082300755726],
      [0.030227999376, 0.32226171958, 0.55745148898, 0.090058792062],
      [0.0076733978202, 0.26889303987, 0.53773473278, 0.18569882954]
    ],
    [
      [0.11035885524, 0.44340810716, 0.38802032951, 0.058212708084],
      [0.00022384540548, 0.59700625496, 0.40236871108, 0.00040118855341],
      [0.035950388016, 0.4865241551, 0.39660002344, 0.080925433439],
      [0.03103553331, 0.47479687778, 0.41195297592, 0.082214612993],
      [0.030617040933, 0.45421555032, 0.39423956642, 0.12092784233]
    ],
    [
      [0.30634047801, 0.14533999782, 0.51068763455, 0.037631889627],
      [0.10628264245, 0.31346256328, 0.50127735034, 0.078977443938],
      [0.096095935901, 0.21347992205, 0.57446361336, 0.11596052869],
      [0.067254209106, 0.23343579335, 0.60620662848, 0.093103369068],
      [0.062111483469, 0.24590527035, 0.55678500025, 0.13519824593]
    ],
    [
      [0.13558391089, 0.38774759966, 0.41252885731, 0.064139632139],
      [0.11269895464, 0.39111396962, 0.46457901069, 0.031608065051],
      [0.10115962428, 0.33631142098, 0.4792741317, 0.083254823037],
      [0.084092675213, 0.37799355202, 0.4532138184, 0.084699954377],
      [0.090536031423, 0.38155803754, 0.46563091756, 0.062275013469]
    ],
    [
      [0.11503240817, 0.59209770922, 0.27933570062, 0.01353418198],
      [0.0092338204113, 0.87908026137, 0.10164244454, 0.010043473682],
      [0.042367651006, 0.60684358947, 0.31568895148, 0.035099808046],
      [0.039325490506, 0.60839440353, 0.32618005089, 0.026100055079],
      [0.005593105184, 0.56400994634, 0.27562962595, 0.15476732252]
    ],
    [
      [0.072294163195, 0.77368673575, 0.095391602462, 0.05862749859],
      [0.020266284147, 0.82581651898, 0.10562822934, 0.048288967532],
      [0.0073260628515, 0.83726170048, 0.090328035368, 0.065084201298],
      [0.022983008499, 0.78878142655, 0.10348007987, 0.084755485083],
      [0.014236659492, 0.69022900135, 0.094264534282, 0.20126980487]
    ],
    [
      [0, 0.67589401808, 0.19295390529, 0.13115207663],
      [0, 0, 0, 0],
      [0, 0.62684942845, 0.2265854632, 0.14656510836],
      [0, 0.66880309369, 0.18674123933, 0.14445566698],
      [0, 0.64480694652, 0.14847118795, 0.20672186553]
    ],
    [
      [0.046511702944, 0.30232633873, 0.53488315978, 0.11627879855],
      [0.041666530102, 0.37499889026, 0.50000074847, 0.083333831161],
      [0.029239763939, 0.31578942765, 0.53801172303, 0.11695908538],
      [0.028985502661, 0.30434820385, 0.5507244858, 0.11594180768],
      [2.3670323939e-08, 0.29032180243, 0.51612941958, 0.19354875433]
    ],
    [
      [0.077876827404, 0.58889241844, 0.31606660455, 0.017164149606],
      [0.037591505376, 0.57505568764, 0.36422794709, 0.023124859894],
      [0.02825562999, 0.56225796652, 0.37469600205, 0.034790401439],
      [0.026507150335, 0.58462058934, 0.3427430897, 0.046129170632],
      [0.026075371708, 0.5520183572, 0.35854149429, 0.063364776805]
    ],
    [
      [0.056736690416, 0.49995460189, 0.40468395202, 0.038624755674],
      [0.00095288134769, 0.63126997641, 0.36252396586, 0.0052531763822],
      [0.015012503475, 0.51543362462, 0.42582745174, 0.043726420164],
      [0.016012191115, 0.51556029014, 0.42090311715, 0.047524401603],
      [0.00010301084447, 0.50603849125, 0.37232642396, 0.12153207395]
    ],
    [
      [0.07716515534, 0.79438035742, 0.077305884889, 0.05114860235],
      [0.034373448428, 0.83499591489, 0.07938219608, 0.051248440603],
      [0.042059657064, 0.74704583669, 0.10181975251, 0.10907475373],
      [0.044448764791, 0.76848025871, 0.092747331316, 0.094323645185],
      [0.032428822714, 0.74582367869, 0.10247987442, 0.11926762417]
    ],
    [
      [0, 0.79015426935, 0.16227458631, 0.047571144346],
      [0, 0, 0, 0],
      [0, 0.7345141075, 0.20902815476, 0.056457737739],
      [0, 0.78883720328, 0.15764394158, 0.053518855133],
      [0, 0.76301420069, 0.15697402327, 0.080011776039]
    ],
    [
      [0.12500169755, 0.24999483351, 0.5625001587, 0.062503310242],
      [0.066671956544, 0.33333398499, 0.5333171801, 0.066676878364],
      [0.045112486664, 0.31579085488, 0.56390965875, 0.075186999708],
      [0.033331630946, 0.29999666182, 0.60000495919, 0.066666748046],
      [0.037038329927, 0.2962996104, 0.55555398498, 0.11110807469]
    ],
    [
      [0.060605427217, 0.36363383562, 0.5151535828, 0.060607154366],
      [0.090908634493, 0.45454320752, 0.45454743793, 7.2005421009e-07],
      [0.034482934272, 0.37931052348, 0.51724143044, 0.06896511181],
      [0.027522778435, 0.37614830187, 0.52293461173, 0.07339430797],
      [0.025000058047, 0.37499754478, 0.50000063526, 0.10000176192]
    ],
    [
      [0.078947150915, 0.47368423625, 0.42105288633, 0.026315726499],
      [0.045454552514, 0.49999898063, 0.40909181249, 0.045454654368],
      [0.025735276275, 0.49264711242, 0.43382346529, 0.047794146013],
      [0.026178061428, 0.48167547012, 0.44502608297, 0.047120385484],
      [9.501285277e-08, 0.47058800225, 0.44117664821, 0.088235254528]
    ],
    [
      [0.083332264781, 0.36107298534, 0.50001195758, 0.055582792302],
      [0.052723805017, 0.42103400277, 0.47359658887, 0.052645603342],
      [0.056426670346, 0.36289455244, 0.50810792759, 0.072570849624],
      [0.054553302486, 0.36368857795, 0.49084577029, 0.090912349273],
      [0.04549760968, 0.36363319025, 0.49996972506, 0.090899475011]
    ],
    [
      [0.10716138721, 0.39292115988, 0.42855145199, 0.071366000922],
      [0.066643439389, 0.46673964071, 0.39994162688, 0.066675293025],
      [0.047293983781, 0.43238568692, 0.45275959642, 0.067560732874],
      [0.046503526616, 0.41863384996, 0.46507677129, 0.06978585213],
      [5.9804633846e-05, 0.41185412657, 0.47037719642, 0.11770887237]
    ],
    [
      [0.19095809988, 0.49439741836, 0.30682946238, 0.0078150193769],
      [0.0040815585754, 0.59050115448, 0.37082409703, 0.034593189917],
      [0.035188716663, 0.51011639626, 0.38546751489, 0.069227372183],
      [0.037198099027, 0.51650767296, 0.36831131861, 0.077982909404],
      [0.022039413852, 0.45812430739, 0.3775573366, 0.14227894217]
    ],
    [
      [0.083333322489, 0.44444494908, 0.41666730435, 0.055554424082],
      [0.041668362105, 0.49999995605, 0.41666418635, 0.041667495495],
      [0.045643161279, 0.4356828796, 0.44813421686, 0.07053974226],
      [0.04819263752, 0.43373753327, 0.44578063689, 0.072289192323],
      [0.048780000078, 0.41463361904, 0.4390269411, 0.097559439781]
    ],
    [
      [0.099006005614, 0.39842832446, 0.45243317448, 0.050132495451],
      [0.071441287028, 0.42642420827, 0.43080006857, 0.071334436133],
      [0.020615415286, 0.41733742476, 0.4730986356, 0.088948524354],
      [0.023083661046, 0.40313643755, 0.49318755015, 0.080592351251],
      [4.765837967e-05, 0.39567759129, 0.45273993607, 0.15153481426]
    ],
    [
      [0, 0.79902725479, 0.08410902518, 0.11686372003],
      [0, 0, 0, 0],
      [0, 0.76083236058, 0.087133194781, 0.15203444464],
      [0, 0.76365030846, 0.076194829408, 0.16015486213],
      [0, 0.71340370425, 0.088043966663, 0.19855232909]
    ],
    [
      [0.026024734617, 0.60998490157, 0.25419521561, 0.10979514821],
      [0, 0, 0, 0],
      [0.010604927702, 0.56745601976, 0.28324912616, 0.13868992638],
      [0.0082870485336, 0.58093490952, 0.26244164002, 0.14833640193],
      [0.0086008810665, 0.57888326176, 0.22695628733, 0.18555956984]
    ],
    [
      [0.061311495853, 0.65660624937, 0.2490504799, 0.033031774878],
      [0.046988347931, 0.68374513703, 0.24380495812, 0.025461556916],
      [0.036170778906, 0.62584786312, 0.30808920973, 0.029892148243],
      [0.024191279213, 0.69359138767, 0.24859439492, 0.033622938203],
      [0.040335483084, 0.65496726587, 0.25366239543, 0.051034855611]
    ],
    [
      [0.10846933256, 0.39273752096, 0.37536537677, 0.12342776971],
      [0.10488714176, 0.4059735129, 0.36491557046, 0.12422377488],
      [0.060179703793, 0.36992009734, 0.42946786244, 0.14043233643],
      [0.052655340744, 0.43458523156, 0.37397579486, 0.13878363283],
      [0.073752366338, 0.35390617848, 0.36546906189, 0.20687239329]
    ],
    [
      [0.019450371572, 0.66233062856, 0.15646463507, 0.1617543648],
      [0.0059580833011, 0.88802858616, 0.062995861737, 0.043017468798],
      [0.0033389258984, 0.62791505361, 0.19802771961, 0.17071830088],
      [0.0074690898162, 0.62966978295, 0.18887412852, 0.17398699872],
      [0.010725285998, 0.58745119044, 0.15036528539, 0.25145823817]
    ],
    [
      [0, 0.73721887284, 0.20418681158, 0.058594315575],
      [0, 0.74695151555, 0.192667673, 0.060380811455],
      [0, 0.69136665311, 0.2250387519, 0.083594594985],
      [0, 0.7322546737, 0.19155492022, 0.076190406076],
      [0, 0.6551153898, 0.2135249829, 0.13135962729]
    ],
    [
      [0, 0.29199386263, 0.60579147862, 0.10221465875],
      [0, 0, 0, 0],
      [0, 0.25607744008, 0.60624473832, 0.1376778216],
      [0, 0.2962649281, 0.57354298553, 0.13019208637],
      [0, 0.2225205297, 0.61158544132, 0.16589402898]
    ],
    [
      [0.073266086315, 0.39438555613, 0.48494169339, 0.047406664158],
      [0.014015702595, 0.46463140682, 0.43441302108, 0.086939869508],
      [0.0035909900356, 0.33938434678, 0.5903104681, 0.066714195085],
      [0.0055765295417, 0.35714190385, 0.55016988023, 0.087111686382],
      [0.013592878989, 0.32440993268, 0.53748096067, 0.12451622767]
    ],
    [
      [0.053742955129, 0.33279168684, 0.56579392182, 0.047671436205],
      [0.028234437157, 0.26418464486, 0.6372470803, 0.070333837684],
      [0.028541548649, 0.25420484637, 0.63421721411, 0.083036390864],
      [0.024214459561, 0.28056736229, 0.6187305071, 0.076487671042],
      [0.017921231982, 0.22160026209, 0.65479565579, 0.10568285014]
    ],
    [
      [0.10807007251, 0.46527000123, 0.41264527243, 0.014014653823],
      [0.1967262427, 0.27502973568, 0.52359560984, 0.0046484117791],
      [0.051722760594, 0.28631462921, 0.62713512554, 0.034827484658],
      [0.040716408973, 0.36599684842, 0.54925672457, 0.044030018038],
      [0.029096226109, 0.26824467623, 0.59054031925, 0.11211877842]
    ],
    [
      [0.15779478327, 0.52636702422, 0.31578377852, 5.4413991533e-05],
      [0.00025874313475, 0.64688451721, 0.35285338517, 3.3544856012e-06],
      [0.053095562116, 0.53092900792, 0.37171990006, 0.044255529901],
      [0.052594077568, 0.53515650486, 0.36839860776, 0.043850809806],
      [0.041749046776, 0.4999654291, 0.33332544449, 0.12496007963]
    ],
    [
      [0.193548391, 0.19354836607, 0.5806451714, 0.032258071526],
      [0.10869566267, 0.23913042184, 0.59782609405, 0.054347821449],
      [0.11627907434, 0.2118862915, 0.61240310676, 0.059431527397],
      [0.11827954619, 0.20430113774, 0.60215049662, 0.075268819453],
      [0.10416665309, 0.20833335881, 0.60416667774, 0.083333310367]
    ],
    [
      [0.086486486486, 0.2972972973, 0.52972972973, 0.086486486486],
      [0.074626865672, 0.30845771144, 0.53233830846, 0.084577114428],
      [0.078085642317, 0.30100755668, 0.53337531486, 0.087531486146],
      [0.077809798271, 0.30115273775, 0.53170028818, 0.089337175793],
      [0.078066914498, 0.30111524164, 0.53159851301, 0.089219330855]
    ],
    [
      [0.092307692308, 0.32307692308, 0.49230769231, 0.092307692308],
      [0.073170731707, 0.35365853659, 0.48780487805, 0.085365853659],
      [0.077097505669, 0.32993197279, 0.49886621315, 0.09410430839],
      [0.076732673267, 0.32920792079, 0.5, 0.094059405941],
      [0.07614213198, 0.32487309645, 0.4923857868, 0.10659898477]
    ],
    [
      [0.15270810359, 0.53984776599, 0.25947346713, 0.047970663279],
      [0.14266300372, 0.52090048649, 0.29806633803, 0.03837017175],
      [0.12005638572, 0.50356725356, 0.32066344751, 0.055712913211],
      [0.097310549595, 0.56168461169, 0.28939307676, 0.05161176195],
