{
  "Z_true": {},
  "V_true": [
    [1553, 898, 643, 154],
    [552, 5197, 287, 419],
    [456, 168, 22341, 1102],
    [181, 572, 381, 279],
    [119, 216, 1185, 755]
  ],
  "p_true": [
    [0.4781, 0.2765, 0.198, 0.0474],
    [0.0855, 0.8051, 0.0445, 0.0649],
    [0.0189, 0.007, 0.9283, 0.0458],
    [0.1281, 0.4048, 0.2696, 0.1975],
    [0.0523, 0.0949, 0.5209, 0.3319]
  ],
  "Z_est": [
    [
      [5.2787, 2.6591, 0.9426, 32.44, 48.0652, 9.2064, 4.0501, 9.6669, 16.7067, 9.9178, 16.6211, 42.735, 17.7988, 48.36, 56.1718, 64.5211, 53.7575, 33.2376, 110.9217, 54.0034, 122.0776, 98.7993, 0.8724, 46.3504, 10.5263, 6.7256, 65.3643, 47.3351, 4.7123, 2.1375, 4.7416, 0.4342, 5.8173, 40.9624, 41.8577, 9.7854, 27.6832, 3.4988, 43.9192, 13.82, 105.779, 32.8123, 48.1333, 9.7661, 18.5547, 6.5522, 184.973, 40.4858, 197.7418, 46.9314],
      [0.5596, 0.183, 0.0478, 3.9319, 11.0537, 0.2936, 1.5532, 0.1842, 2.4544, 1.1849, 6.8484, 6.8334, 5.0659, 9.2792, 18.2931, 14.1889, 4.1523, 4.1782, 12.8166, 3.5495, 17.6294, 24.5625, 0.5204, 5.9553, 1.1742, 2.3814, 13.8112, 6.6922, 0.6708, 0.1202, 0.2847, 1.5421, 0.6746, 4.1954, 4.1447, 0.975, 1.8105, 1.3691, 5.2171, 2.9872, 15.8857, 3.3041, 5.7018, 5.4817, 8.156, 0.6378, 37.5012, 5.9895, 36.8415, 10.0514],
      [0.92, 0.078, 0.0096, 12.6763, 15.3073, 2.303, 5.3009, 0.9658, 2.6231, 1.8132, 4.5063, 22.2519, 4.1574, 25.0097, 21.8752, 29.3285, 26.5912, 13.2264, 35.0134, 16.8222, 47.0972, 43.1105, 0.4799, 21.1693, 6.0893, 6.5154, 23.8472, 24.9303, 0.4589, 1.7035, 1.5533, 0.0056, 0.2858, 15.3795, 22.7555, 3.4375, 11.1283, 5.8443, 21.7579, 8.4638, 56.9603, 24.4848, 23.8743, 4.5752, 9.8499, 1.4771, 101.0222, 11.6106, 59.9952, 18.3921],
      [0.2416, 0.0798, 0, 2.9519, 3.5738, 0.197, 1.0957, 0.1831, 1.2158, 1.0841, 2.0242, 2.1797, 2.9779, 5.3511, 4.66, 4.9615, 3.499, 2.3577, 9.2482, 2.6249, 10.1959, 9.5276, 0.1273, 6.525, 1.2102, 1.3775, 7.9773, 5.0424, 0.158, 0.0389, 0.4204, 0.0181, 0.2222, 3.4626, 3.2421, 0.8022, 3.378, 1.2878, 3.1058, 1.729, 6.375, 4.3988, 5.2906, 1.177, 2.4394, 0.3329, 16.5036, 2.9142, 16.4215, 3.625]
    ],
    [
      [0.2226, 0.3227, 0.2755, 5.7166, 4.3262, 2.0478, 0.5346, 8.5706, 9.0849, 6.3653, 4.2926, 6.7493, 7.8431, 2.9334, 5.6053, 5.6368, 13.9842, 4.1894, 15.5963, 15.2559, 13.4355, 9.2237, 0.0024, 6.872, 3.9803, 1.2096, 9.2174, 4.3993, 1.3627, 2.5986, 0.2636, 0.0151, 4.6324, 6.4143, 7.0127, 2.9021, 6.1193, 0.1709, 6.0933, 1.8945, 10.279, 7.9191, 9.5056, 0.1587, 0.6326, 0.7952, 22.599, 6.7908, 25.9236, 3.9174],
      [5.6465, 6.5761, 9.7031, 80.3676, 116.2464, 11.4957, 33.8759, 18.8307, 322.1437, 242.6019, 277.0639, 125.2647, 443.6601, 66.4049, 213.7043, 142.931, 116.6214, 61.9418, 206.6949, 113.0736, 222.2002, 262.5487, 0.9934, 102.8272, 52.3414, 57.5126, 223.0431, 72.0951, 31.1845, 6.8164, 3.5208, 1.9686, 206.3235, 77.5188, 78.0089, 33.2694, 46.4055, 8.3692, 84.58, 49.1897, 176.5944, 80.1016, 130.5262, 12.0444, 34.0004, 9.8685, 519.8539, 118.3348, 549.4616, 86.1442],
      [0, 0, 0.0214, 0, 0, 0.211, 0.1667, 0.1175, 0.2499, 0.1513, 0.1815, 0.5313, 0.7434, 0.2367, 0.1908, 0.2191, 0.0326, 0.6408, 0.0544, 0.0707, 0.0324, 0.6083, 0, 0.1263, 0.2504, 0.1433, 0.5509, 0, 0, 0.1463, 0.0078, 0.0037, 0.4055, 0, 0.0977, 0, 0.0651, 0.0004, 0.1134, 0.1293, 0.565, 0.09, 0.2051, 0.6724, 0.7306, 0, 0.6731, 0.1732, 0.7189, 0.7055],
      [0.1309, 0.1011, 0, 3.9158, 2.4274, 0.2455, 1.4229, 1.4812, 5.5214, 5.8815, 5.462, 2.4546, 10.7534, 2.4249, 3.4995, 3.2132, 6.3618, 2.2279, 9.6544, 5.5998, 8.3318, 6.6193, 0.0042, 7.1745, 3.4279, 2.1345, 8.1886, 3.5056, 0.4528, 0.4387, 0.2078, 0.0127, 4.6386, 4.0669, 3.8807, 1.8284, 5.4101, 0.4596, 3.2133, 1.7865, 4.5616, 6.8894, 7.7631, 0.1245, 0.6364, 0.3363, 14.8741, 3.7012, 15.8959, 2.2329]
    ],
    [
      [0.2616, 0.8686, 0.4233, 7.4437, 10.2115, 0.3935, 0.2536, 1.7562, 5.078, 1.5352, 3.241, 6.0487, 4.2831, 8.3814, 8.5519, 16.5367, 15.5068, 10.1886, 34.7771, 9.9625, 26.6736, 18.6064, 0.112, 13.7079, 1.3642, 0.483, 17.8479, 8.9291, 2.0038, 0.0863, 0.5027, 0.5507, 2.1816, 9.7612, 7.8414, 2.5959, 5.4303, 0.1625, 12.0873, 4.8085, 25.1457, 6.2319, 13.545, 0.918, 4.2666, 1.9531, 53.7908, 8.739, 40.9969, 8.71],
      [0.0121, 0.0006, 0.0076, 0.1463, 0.4607, 0, 0.0937, 1.6713, 0.8438, 0.0784, 0.5611, 0.9158, 0.8446, 0.5872, 0.5134, 1.0706, 0.0831, 0.3555, 1.3466, 0.5919, 1.1892, 1.1318, 0.0833, 0.4132, 0.04, 0.2898, 1.4474, 0.085, 0.0176, 0, 0.0007, 0.4894, 0.2767, 0.1197, 0.0359, 0.0094, 0.0247, 0.0085, 0.1864, 0.3868, 1.5121, 0.041, 0.0851, 0.0732, 0.1107, 0.0395, 3.8624, 0.3914, 2.3769, 0.5683],
      [9.3352, 10.5501, 5.5691, 342.8546, 382.0411, 18.4328, 99.414, 72.1509, 106.4962, 25.1934, 106.1827, 355.4161, 130.8219, 528.5989, 403.7701, 872.012, 970.6299, 473.9111, 1317.7088, 412.7201, 1197.6625, 957.441, 19.2264, 714.9597, 100.6183, 100.9978, 742.9702, 552.2858, 34.1731, 24.8688, 25.0902, 6.9908, 28.7621, 432.008, 513.0065, 119.1211, 262.5575, 95.7731, 691.8834, 378.1621, 1541.273, 647.5036, 781.7663, 85.3678, 294.6755, 64.301, 3462.5784, 296.2282, 1443.376, 437.5553],
      [0.3912, 0.5808, 0, 15.5554, 17.2866, 0.1737, 4.2388, 2.4215, 8.582, 3.193, 9.0153, 5.6194, 17.0505, 21.4324, 16.1647, 28.3807, 23.7802, 16.5449, 66.1675, 12.7255, 50.4747, 40.8207, 0.5783, 40.9192, 3.9775, 4.2294, 46.7346, 21.7001, 1.8055, 0.045, 1.4063, 0.9692, 4.7796, 19.1111, 14.1162, 5.2737, 14.9874, 4.0559, 18.8429, 14.6426, 30.0692, 23.2235, 33.6036, 2.6409, 13.9472, 2.7064, 107.7685, 14.6414, 76.2502, 15.1663]
    ],
    [
      [0.1436, 0, 0, 0.97, 1.3303, 0, 0.0614, 0.3873, 1.4177, 0.5337, 1.3853, 2.3458, 1.0194, 0.4761, 1.1806, 1.9534, 2.4517, 2.3462, 4.7322, 2.4747, 4.186, 3.0423, 0.0132, 1.0931, 0.6669, 0.3316, 1.3436, 1.3517, 0.1473, 0.0826, 0.2596, 0, 0.5122, 1.0122, 0.8996, 0.6261, 0.728, 0.0496, 2.1819, 0.7109, 3.998, 1.3836, 1.2517, 0, 0.3289, 0.2698, 7.2079, 0.8354, 4.1871, 0.0934],
      [0.6086, 0, 0, 4.1923, 11.0907, 0, 0.903, 0.1968, 15.4827, 5.534, 22.3927, 13.563, 15.5232, 3.3856, 14.094, 15.4758, 6.8444, 10.7624, 19.6278, 5.6541, 21.6825, 27.2051, 0.4029, 5.067, 2.7052, 4.4592, 10.1882, 6.8445, 0.9631, 0.0464, 0.8934, 0, 6.4568, 3.7652, 3.2413, 2.1816, 1.737, 0.6328, 9.3803, 5.6384, 21.5324, 5.0532, 5.3467, 0, 5.4369, 0.8864, 52.1989, 4.4878, 27.9393, 0.6319],
      [0.2924, 0, 0, 2.8814, 3.2992, 0, 0.5956, 0.3038, 1.8607, 0.6484, 2.7798, 7.3624, 1.8497, 0.8772, 3.6448, 6.5057, 9.3664, 5.2426, 11.1341, 5.6596, 11.6694, 9.7533, 0.2937, 3.1168, 2.6407, 2.2459, 2.3052, 5.4869, 0.1232, 0.5394, 0.3877, 0, 0.4461, 2.6472, 3.4383, 1.8444, 2.3089, 0.816, 7.671, 3.5208, 15.1768, 7.6267, 3.9418, 0, 1.2929, 0.7148, 28.514, 1.4489, 8.5361, 0.2738],
      [0.9554, 0, 0, 11.9563, 13.2798, 0, 2.4399, 1.1121, 14.2389, 8.2839, 23.4421, 16.7289, 23.6077, 7.2611, 13.0805, 20.0651, 21.3375, 22.6488, 52.5058, 16.2116, 46.4621, 38.9993, 0.2902, 20.7231, 10.9873, 9.9634, 22.163, 19.3169, 0.7664, 0.3316, 4.4593, 0, 7.5849, 11.5755, 9.4208, 7.348, 12.2262, 2.5016, 20.7669, 12.1299, 32.2929, 24.9364, 18.4597, 0, 5.9413, 2.1291, 85.0791, 8.2279, 46.3375, 3.0009]
    ],
    [
      [0.0935, 0.1496, 0.3586, 2.4297, 2.0668, 0.3523, 0.1003, 0.6189, 2.7127, 0.6479, 1.46, 3.1211, 2.0556, 1.849, 2.4905, 4.352, 6.2998, 3.0382, 8.9726, 3.3035, 6.6274, 6.3283, 0, 2.9767, 0.4625, 0.2502, 5.2268, 2.9848, 0.7739, 0.0951, 0.2325, 0, 0.8565, 2.8499, 2.3886, 1.0905, 1.0392, 0.1182, 3.7183, 1.7661, 7.7984, 1.6531, 3.5645, 0.1572, 1.2173, 0.4297, 14.4293, 2.1491, 9.1506, 2.3478],
      [0.1731, 0.2403, 1.2415, 4.362, 7.1485, 0.2106, 0.5742, 0.117, 12.0754, 1.6008, 10.1339, 7.4232, 12.9063, 5.343, 12.3951, 14.3338, 7.2989, 5.7621, 15.5141, 3.1309, 14.2987, 23.5518, 0, 5.7373, 0.7393, 1.357, 16.5101, 6.2831, 2.164, 0.017, 0.3004, 0, 4.2685, 4.4009, 3.5693, 1.5647, 1.0224, 0.6204, 6.6363, 5.7978, 17.4754, 2.5001, 6.3402, 1.4007, 8.296, 0.5678, 43.5837, 4.7965, 25.3807, 6.6042],
      [0.4525, 0.3719, 0.3999, 19.5878, 13.3524, 2.0533, 2.5228, 1.462, 9.7701, 2.1938, 8.3496, 32.4382, 10.4276, 20.2774, 20.5191, 39.9346, 63.3798, 24.979, 58.0892, 20.7275, 51.5384, 56.087, 0, 27.6279, 5.4012, 5.0976, 38.3265, 32.297, 2.2447, 1.7421, 1.961, 0, 2.1004, 21.9654, 26.702, 8.5971, 7.9402, 4.5663, 37.5743, 22.7241, 84.0248, 24.2949, 36.2124, 2.3846, 13.451, 2.5072, 159.2124, 12.539, 55.3738, 21.0733],
      [0.281, 0.2383, 0, 13.6205, 9.4324, 0.3837, 1.8027, 0.8021, 12.4419, 4.5575, 11.0565, 10.0175, 21.6104, 12.5306, 12.5953, 20.3796, 25.0215, 13.2207, 45.4241, 9.8381, 33.5355, 37.033, 0, 25.6581, 3.3971, 3.2953, 38.9366, 19.4351, 1.8174, 0.1458, 1.5062, 0, 5.7746, 14.7838, 11.3402, 5.7477, 7.9982, 2.6951, 16.0712, 13.712, 28.7014, 13.5519, 23.883, 1.0576, 10.0357, 1.4953, 77.7747, 9.5154, 46.0949, 10.9748]
    ]
  ],
  "V_est": [
    [1926.212, 332.9205, 819.0343, 169.8332],
    [295.8939, 5952.4952, 11.0337, 195.5771],
    [445.736, 25.4803, 22696.9925, 898.7912],
    [64.0034, 402.3354, 193.0846, 753.5766],
    [129.1547, 337.7686, 1116.8549, 691.2218]
  ],
  "p_est": [
    [0.593, 0.1025, 0.2522, 0.0523],
    [0.0458, 0.9222, 0.0017, 0.0303],
    [0.0185, 0.0011, 0.9431, 0.0373],
    [0.0453, 0.2847, 0.1366, 0.5333],
    [0.0568, 0.1485, 0.4909, 0.3038]
  ],
  "EI_Z": {},
  "EI_V": 6.095,
  "MAE_Z": {},
  "MAE_V": 228.3067,
  "MAE_p": 0.07,
  "runtime": 0.176
}
