{
  "X": [
    [15, 16, 46, 23],
    [27, 9, 46, 18],
    [30, 10, 43, 17],
    [27, 9, 40, 24],
    [28, 9, 45, 18],
    [20, 15, 47, 18],
    [22, 13, 39, 26],
    [17, 16, 44, 23],
    [22, 15, 43, 20],
    [16, 14, 43, 27],
    [26, 8, 40, 26],
    [19, 18, 43, 20],
    [25, 17, 34, 24],
    [22, 6, 45, 27],
    [26, 11, 45, 18],
    [22, 7, 44, 27],
    [24, 21, 37, 18],
    [34, 28, 31, 7],
    [33, 28, 31, 8],
    [34, 28, 24, 14],
    [37, 32, 21, 10],
    [37, 27, 30, 6],
    [29, 26, 27, 18],
    [32, 27, 32, 9],
    [38, 31, 20, 11],
    [38, 28, 29, 5],
    [28, 33, 27, 12],
    [36, 26, 29, 9],
    [33, 28, 22, 17],
    [28, 29, 35, 8],
    [33, 33, 27, 7],
    [35, 18, 37, 10],
    [34, 40, 19, 7],
    [29, 23, 29, 19],
    [29, 24, 28, 19],
    [21, 28, 25, 26],
    [29, 28, 28, 15],
    [27, 18, 32, 23],
    [28, 24, 29, 19],
    [28, 25, 32, 15],
    [22, 28, 30, 20],
    [29, 30, 23, 18],
    [29, 24, 23, 24],
    [28, 32, 26, 14],
    [27, 25, 25, 23],
    [25, 24, 35, 16],
    [28, 36, 22, 14],
    [23, 26, 36, 15],
    [26, 20, 26, 28],
    [22, 28, 29, 21]
  ],
  "W": [
    [64, 19, 17],
    [70, 16, 14],
    [60, 16, 24],
    [67, 14, 19],
    [67, 19, 14],
    [67, 18, 15],
    [68, 18, 14],
    [63, 20, 17],
    [58, 19, 23],
    [67, 12, 21],
    [65, 14, 21],
    [70, 16, 14],
    [58, 21, 21],
    [62, 16, 22],
    [74, 11, 15],
    [70, 17, 13],
    [52, 34, 14],
    [16, 66, 18],
    [19, 67, 14],
    [15, 67, 18],
    [17, 74, 9],
    [14, 74, 12],
    [22, 61, 17],
    [18, 65, 17],
    [14, 60, 26],
    [13, 73, 14],
    [19, 59, 22],
    [15, 64, 21],
    [15, 56, 29],
    [18, 56, 26],
    [20, 67, 13],
    [19, 68, 13],
    [15, 71, 14],
    [13, 36, 51],
    [15, 19, 66],
    [18, 9, 73],
    [13, 24, 63],
    [23, 13, 64],
    [18, 16, 66],
    [19, 14, 67],
    [13, 16, 71],
    [16, 20, 64],
    [18, 18, 64],
    [14, 28, 58],
    [16, 16, 68],
    [18, 22, 60],
    [16, 22, 62],
    [24, 18, 58],
    [17, 13, 70],
    [25, 15, 60]
  ],
  "method": "exact",
  "cond_prob": [
    [
      [0.10674480269, 0.030878957817, 0.57674546455, 0.28563077494],
      [0.28231552105, 0.43621059569, 0.25362225973, 0.027851623531],
      [0.16496104281, 0.33739678715, 0.2511451373, 0.24649703274]
    ],
    [
      [0.20735298809, 0.02088864123, 0.55691726023, 0.21484111046],
      [0.49364993079, 0.2661801172, 0.22122815236, 0.018941799653],
      [0.32763513867, 0.23420808848, 0.24829581045, 0.1898609624]
    ],
    [
      [0.219586196, 0.018715041533, 0.55679189511, 0.20490686737],
      [0.52326962098, 0.23710363446, 0.22151849567, 0.018108248887],
      [0.35218809603, 0.21180997319, 0.25200793179, 0.183993999]
    ],
    [
      [0.20525658534, 0.019425440603, 0.49265110572, 0.28266686834],
      [0.51103383968, 0.25833415315, 0.20457213034, 0.026059876831],
      [0.32070184352, 0.21483249134, 0.21728242591, 0.24718323923]
    ],
    [
      [0.20545474376, 0.018898395227, 0.55443276748, 0.22121409353],
      [0.50477179787, 0.24789938625, 0.2272182222, 0.020110593684],
      [0.33170485774, 0.21597994151, 0.25256131124, 0.19975388952]
    ],
    [
      [0.15457892253, 0.034166552748, 0.58816993441, 0.22308459031],
      [0.34831314789, 0.41225591085, 0.22084053689, 0.018590404376],
      [0.22490503524, 0.35268230471, 0.24116564868, 0.18124701136]
    ],
    [
      [0.16733633342, 0.029336847641, 0.48201704293, 0.32130977601],
      [0.40163266306, 0.37723833348, 0.19264487928, 0.028484124175],
      [0.2422672423, 0.30105745412, 0.19680237529, 0.25987292829]
    ],
    [
      [0.12119632741, 0.030759868238, 0.55811437982, 0.28992942453],
      [0.31161983624, 0.42218612549, 0.23869912121, 0.027494917054],
      [0.18424909695, 0.33049445831, 0.23910656748, 0.24614987726]
    ],
    [
      [0.15607756617, 0.02673594739, 0.56625116534, 0.2509353211],
      [0.38834785718, 0.35379017726, 0.23476976696, 0.023092198598],
      [0.24212573372, 0.29249137754, 0.24768725383, 0.21769563492]
    ],
    [
      [0.12365285968, 0.030724802163, 0.53072615965, 0.31489617851],
      [0.31856883282, 0.42392809084, 0.22752242555, 0.029980650796],
      [0.18535392418, 0.32639529357, 0.224337057, 0.26391372525]
    ],
    [
      [0.18846942313, 0.015570456394, 0.49286328073, 0.30309683974],
      [0.51660838234, 0.2274997095, 0.22516039432, 0.030731513843],
      [0.3103319116, 0.18109163816, 0.22912577296, 0.27945067728]
    ],
    [
      [0.16238250853, 0.050998257922, 0.53873321361, 0.24788601993],
      [0.30297040519, 0.5121789542, 0.16770975344, 0.017140887167],
      [0.19897842282, 0.44537561987, 0.18609421372, 0.16955174358]
    ],
    [
      [0.18839075982, 0.03362193373, 0.46100559863, 0.31698170781],
      [0.41308137482, 0.39277140434, 0.16844237628, 0.025704844551],
      [0.257077479, 0.32389182631, 0.17735168464, 0.24167901006]
    ],
    [
      [0.13861869121, 0.0092713033039, 0.54275794533, 0.30935206015],
      [0.47863737475, 0.16999374446, 0.31196570562, 0.039403175179],
      [0.26124741585, 0.12296724018, 0.2889798227, 0.32680552127]
    ],
    [
      [0.22177887649, 0.03205067154, 0.53809087922, 0.20807957276],
      [0.45087477573, 0.35058862519, 0.18282499358, 0.015711605501],
      [0.30858270713, 0.31811836193, 0.21134666723, 0.16195226371]
    ],
    [
      [0.15110999144, 0.013636203107, 0.51637463129, 0.31887917416],
      [0.46979394602, 0.22664941346, 0.26702379253, 0.036532847998],
      [0.26429257822, 0.1686481349, 0.25495164128, 0.3121076456]
    ],
    [
      [0.16294840246, 0.035459285273, 0.52770082796, 0.27389148431],
      [0.3626864712, 0.41939053655, 0.19547100261, 0.022451989638],
      [0.22823878938, 0.34977420878, 0.2081102041, 0.21387679773]
    ],
    [
      [0.16893103062, 0.026938007757, 0.61787847618, 0.18625248544],
      [0.40167394896, 0.33694679479, 0.24516993016, 0.016209326086],
      [0.26592349325, 0.29613907888, 0.27404049947, 0.1638969284]
    ],
    [
      [0.16273988286, 0.027347713161, 0.59428032289, 0.21563208108],
      [0.39338984417, 0.34794263151, 0.23962848717, 0.019039037147],
      [0.25363019044, 0.29773122418, 0.26096894463, 0.18766964075]
    ],
    [
      [0.15006259732, 0.023837441125, 0.44868962263, 0.37741033893],
      [0.41221442929, 0.34425227723, 0.20574201321, 0.037791280274],
      [0.22948301542, 0.25430754494, 0.19360782087, 0.32260161877]
    ],
    [
      [0.19121044598, 0.033066087643, 0.43965123452, 0.33607223186],
      [0.42432190668, 0.38647612767, 0.16225168719, 0.026950278469],
      [0.26106681379, 0.31540478476, 0.16881157349, 0.25471682797]
    ],
    [
      [0.17436095371, 0.024783754876, 0.6086858032, 0.19216948822],
      [0.4218680126, 0.31537854609, 0.2458319968, 0.016921444515],
      [0.27839280964, 0.27625125178, 0.27390258268, 0.1714533559]
    ],
    [
      [0.12326803188, 0.021846371193, 0.4447181036, 0.41016749333],
      [0.37649375232, 0.35100523491, 0.22673626753, 0.045764745241],
      [0.19541084749, 0.24165061788, 0.19913467068, 0.36380386395]
    ],
    [
      [0.15056179781, 0.024803287168, 0.59658878211, 0.22804613291],
      [0.38705669725, 0.33541183798, 0.25607364835, 0.021457816432],
      [0.24301190108, 0.2795159625, 0.27156557527, 0.20590656115]
    ],
    [
      [0.22165297578, 0.03435604068, 0.45286231613, 0.2911286674],
      [0.45375798626, 0.37017842993, 0.15425360587, 0.02180997794],
      [0.29505304474, 0.31955037057, 0.16941197008, 0.21598461461]
    ],
    [
      [0.19033114994, 0.027125611012, 0.62195808616, 0.16058515289],
      [0.4300200941, 0.32236799254, 0.23439533603, 0.013216577333],
      [0.29530201295, 0.29389311441, 0.2716918107, 0.13911306193]
    ],
    [
      [0.14818028049, 0.034085158957, 0.52996404265, 0.2877705179],
      [0.34747951424, 0.4207745995, 0.20703890886, 0.024706977403],
      [0.21287651501, 0.34212184588, 0.21433579851, 0.23066584059]
    ],
    [
      [0.17485678633, 0.024165106151, 0.57222215424, 0.22875595328],
      [0.4308565337, 0.31311719872, 0.235374444, 0.020651823577],
      [0.27630143086, 0.26657250904, 0.25489063192, 0.20223542818]
    ],
    [
      [0.16198632598, 0.025907098347, 0.42802271095, 0.38408386472],
      [0.42221371831, 0.35500998953, 0.18607573318, 0.036700558975],
      [0.23883575465, 0.26658048659, 0.17791097509, 0.31667278368]
    ],
    [
      [0.14083569867, 0.027838954744, 0.65997717296, 0.17134817363],
      [0.34879682582, 0.36265887628, 0.27292381235, 0.015620485542],
      [0.22816673761, 0.31500006703, 0.30141066904, 0.15542252632]
    ],
    [
      [0.19104051183, 0.038566626304, 0.5691401688, 0.20125269307],
      [0.38491113404, 0.40957038759, 0.19074300478, 0.014775473582],
      [0.26078029097, 0.36826550041, 0.21826271565, 0.15269149297]
    ],
    [
      [0.13651414053, 0.0137622082, 0.60150427774, 0.24821937352],
      [0.42842061879, 0.22700769684, 0.31605046479, 0.028521219574],
      [0.2518176348, 0.17707651221, 0.31384516283, 0.25726069015]
    ],
    [
      [0.22277264144, 0.052025850811, 0.47886931558, 0.24633219218],
      [0.3805530013, 0.46862642316, 0.13559053185, 0.015230043695],
      [0.25993909187, 0.42479544239, 0.15643089324, 0.1588345725]
    ],
    [
      [0.14534847743, 0.02021127542, 0.53819896118, 0.29624128597],
      [0.41247489523, 0.30118125792, 0.25522125217, 0.031122594683],
      [0.24041908951, 0.23322996342, 0.25128330248, 0.27506764458]
    ],
    [
      [0.17678148855, 0.024617018641, 0.54227218735, 0.25632930545],
      [0.43524018258, 0.31847012558, 0.22283952346, 0.023450168377],
      [0.27391991216, 0.26636079294, 0.23684797339, 0.2228713215]
    ],
    [
      [0.14488536554, 0.03228916072, 0.4880656013, 0.33475987244],
      [0.35471261679, 0.41570956174, 0.19912840795, 0.03044941353],
      [0.20821438177, 0.3243480692, 0.19757073295, 0.26986681609]
    ],
    [
      [0.17801546037, 0.029034655223, 0.57282025197, 0.22012963243],
      [0.40983528961, 0.3512965804, 0.2200444905, 0.018823639498],
      [0.26745638198, 0.30462589766, 0.2424169675, 0.18550075286]
    ],
    [
      [0.16379295046, 0.018901627181, 0.54317695873, 0.27412846363],
      [0.44993166663, 0.27295985506, 0.24912791056, 0.027980567758],
      [0.27161953865, 0.21901225717, 0.25419167363, 0.25517653056]
    ],
    [
      [0.17738716663, 0.025855592983, 0.54745056964, 0.24930667075],
      [0.42852480616, 0.32838298889, 0.2207056991, 0.022386505851],
      [0.27197930458, 0.27697684097, 0.23658482668, 0.21445902777]
    ],
    [
      [0.18138217313, 0.027498275569, 0.59885045709, 0.19226909421],
      [0.4187881564, 0.33389082731, 0.23080363326, 0.016517383031],
      [0.27896573912, 0.29556807734, 0.25956105149, 0.16590513205]
    ],
    [
      [0.13197231613, 0.027617454196, 0.58209571624, 0.25831451343],
      [0.34388107703, 0.37793767547, 0.25316506785, 0.025016179647],
      [0.2082008825, 0.30414042659, 0.25890302258, 0.22875566832]
    ],
    [
      [0.2021058718, 0.035901050631, 0.48821439911, 0.27377867846],
      [0.41885621821, 0.39150224277, 0.16857501418, 0.021066524835],
      [0.27170596386, 0.33743028648, 0.18464170829, 0.20622204137]
    ],
    [
      [0.1887306159, 0.026922360329, 0.44867175076, 0.33567527301],
      [0.45196558088, 0.33905367791, 0.1791461086, 0.029834632601],
      [0.27292919465, 0.27206923924, 0.18280122705, 0.27220033905]
    ],
    [
      [0.18103259904, 0.035792001744, 0.55614324284, 0.22703215638],
      [0.38485622978, 0.40019171934, 0.19705133854, 0.017900712336],
      [0.25326843413, 0.34988868679, 0.21890615726, 0.17793672181]
    ],
    [
      [0.17276250012, 0.026937776907, 0.49005138195, 0.31024834103],
      [0.42384706498, 0.34736613547, 0.2005167215, 0.028270078045],
      [0.25668010233, 0.27957555003, 0.20516044625, 0.25858390139]
    ],
    [
      [0.14171864262, 0.023452881663, 0.62524624745, 0.20958222827],
      [0.37572326536, 0.32673098009, 0.27690426202, 0.020641492526],
      [0.23638587658, 0.27316277613, 0.29422789636, 0.19622345093]
    ],
    [
      [0.21415810693, 0.047941957739, 0.50320085388, 0.23469908145],
      [0.38301210649, 0.45166956802, 0.14974090451, 0.015577420978],
      [0.26043877333, 0.40800319645, 0.17184655546, 0.15971147476]
    ],
    [
      [0.14453566202, 0.029114128306, 0.63106354732, 0.19528666235],
      [0.35224032294, 0.37340320499, 0.25667488921, 0.017681582852],
      [0.2274279017, 0.32034488329, 0.27990218721, 0.1723250278]
    ],
    [
      [0.157514334, 0.020248457489, 0.47650930231, 0.3457279062],
      [0.44217981717, 0.29857233523, 0.22320938372, 0.036038463881],
      [0.25105598141, 0.22534765521, 0.21425171246, 0.30934465092]
    ],
    [
      [0.15197200962, 0.034852133664, 0.52956912772, 0.283606729],
      [0.3498769913, 0.42267375759, 0.20320997168, 0.024239279432],
      [0.21587574817, 0.34647650491, 0.2118770372, 0.22577070972]
    ]
  ],
  "expected_outcome": [
    [
      [6.8316673723, 14.5147091661, 13.1751717597, 13.7521912176, 13.7654678321, 10.3567878093, 11.3788706726, 7.6353686271, 9.0524988381, 8.2847415983, 12.2505125037, 11.3667755974, 10.9266640697, 8.5943588553, 16.41163686, 10.5776994009, 8.473316928, 2.7028964899, 3.0920577744, 2.2509389597, 3.2505775817, 2.4410533519, 2.7118967014, 2.7101123606, 3.103141661, 2.4743049492, 2.8154253294, 2.6228517949, 2.4297948898, 2.5350425761, 3.8208102366, 2.5937686701, 3.3415896215, 1.8895302066, 2.6517223283, 2.6079365798, 2.3142009849, 3.7672378606, 3.1929689993, 3.4462612894, 1.7156401097, 3.2336939488, 3.3971510862, 2.5344563865, 2.7642000019, 2.5509355671, 3.4265297109, 3.4688558885, 2.677743678, 3.7993002404],
      [1.9762533003, 1.4622048861, 1.122902492, 1.3015045204, 1.2661924802, 2.2891590341, 1.9949056396, 1.937871699, 1.5506849486, 2.0585617449, 1.0120796656, 3.5698780546, 1.9500721564, 0.57482080484, 2.3717496939, 0.95453421752, 1.8438828342, 0.43100812411, 0.51960655005, 0.35756161687, 0.56212348993, 0.34697256827, 0.48062016625, 0.44645916903, 0.48098456952, 0.35263294315, 0.64761802019, 0.36247659226, 0.3886064752, 0.50110118539, 0.77133252609, 0.2614819558, 0.78038776216, 0.26274658047, 0.36925527962, 0.58120489295, 0.3774505179, 0.43473742516, 0.46540067369, 0.5224672358, 0.35902690455, 0.57441681009, 0.48460248592, 0.50108802442, 0.43100443051, 0.42215186993, 0.76707132382, 0.69873907935, 0.34422377731, 0.87130334159],
      [36.911709731, 38.9842082159, 33.4075137064, 33.007624083, 37.1469954209, 39.4073856058, 32.777158919, 35.1612059285, 32.8425675898, 35.5586526965, 32.0361132474, 37.7113249528, 26.7383247207, 33.6509926107, 39.8187250622, 36.1462241903, 27.4404430537, 9.8860556189, 11.291326135, 6.7303443395, 7.4740709868, 8.5216012448, 9.7837982791, 10.7385980779, 6.3400724259, 8.0854551201, 10.0693168103, 8.5833323136, 6.4203406643, 11.8795891132, 11.3828033759, 11.4285812771, 7.1830397337, 6.9965864953, 8.1340828103, 8.7851808234, 7.4466632757, 12.4930700507, 9.8541102535, 11.3781586847, 7.5672443111, 7.8114303857, 8.0760915137, 7.7860053997, 7.8408221112, 11.2544324541, 8.0512136621, 15.1455251357, 8.1006581394, 13.2392281929],
      [18.2803695964, 15.0388777319, 12.2944120419, 18.938680179, 14.8213442667, 14.9466675509, 21.8490647688, 18.2655537455, 14.5542486235, 21.0980439602, 19.7012945833, 17.3520213952, 18.3849390532, 19.1798277292, 15.3978883839, 22.3215421913, 14.242357184, 2.9800397671, 4.0970095406, 5.6611550839, 5.7132279416, 2.6903728351, 9.0236848532, 4.1048303924, 4.0758013436, 2.0876069876, 5.4676398401, 3.4313392992, 5.7612579708, 3.0842671253, 4.0250538614, 4.7161680969, 3.6949828826, 3.8511367176, 3.8449395818, 6.0256777039, 2.8616852216, 6.3049546636, 4.4875200735, 3.6531127901, 3.3580886747, 4.3804588554, 6.0421549142, 3.1784501894, 4.9639734564, 3.7724801088, 3.7551853032, 4.6868798964, 5.8773744054, 7.090168225]
    ],
    [
      [5.3639949, 7.8983988926, 8.3723139357, 7.1544737555, 9.5906641596, 6.2696366621, 7.2293879352, 6.2323967248, 7.3786092864, 3.8228259938, 7.2325173527, 4.847526483, 8.6747088713, 7.658197996, 4.9596225331, 7.9864970823, 12.3313400206, 26.5104806316, 26.3571195595, 27.6183667628, 31.3998210942, 31.2182329324, 22.9661188912, 25.1586853209, 27.2254791758, 31.3914668694, 20.5012913404, 27.5748181571, 23.6439682255, 19.532622246, 25.7890459808, 29.1326020775, 27.0192630923, 14.8490962283, 8.2695634691, 3.1924135511, 9.8360469505, 5.8491116661, 6.8563968985, 5.8630341896, 5.5020972325, 8.3771243642, 8.1353804559, 10.7759744338, 6.7815530397, 8.2659118379, 8.4262663428, 6.3403258129, 5.7483376233, 5.2481548695],
      [8.2880013181, 4.2588818751, 3.7936581514, 3.6166781441, 4.7100883387, 7.4206063952, 6.7902900027, 8.4437225098, 6.722013368, 5.08713709, 3.184995933, 8.1948632672, 8.2481994912, 2.7198999113, 3.8564748771, 3.8530400287, 14.2592782428, 22.2384884561, 23.3121563115, 23.0649025741, 28.5992334472, 23.3380124104, 21.4113193298, 21.8017694685, 22.2107057957, 23.5328634551, 24.8257013704, 20.0395007178, 19.8805594138, 20.3088970719, 27.4412159686, 15.4365233854, 33.2724760443, 10.8425252852, 6.0509323861, 3.7413860556, 8.4311179296, 3.5484781157, 5.2541278222, 4.6744715824, 6.0470028075, 7.8300448554, 6.1029662024, 11.2053681416, 5.5578581676, 7.188081562, 9.9367304965, 6.7212576899, 3.8814403579, 6.3401063639],
      [4.8188229349, 3.5396504378, 3.5442959307, 2.8640098248, 4.3171462218, 3.9751296639, 3.467607827, 4.7739824243, 4.4606255722, 2.7302691066, 3.1522455204, 2.6833560551, 3.5372899019, 4.9914512899, 2.0110749293, 4.539404473, 6.6460140888, 16.1812153906, 16.0551086402, 13.7847148848, 12.0066248518, 18.191567763, 13.8309123193, 16.6447871425, 9.255216352, 17.1108595301, 12.2152956225, 15.0639644161, 10.4202410581, 15.2837334917, 12.7797813206, 21.491431606, 9.626927761, 9.187965078, 4.2339509457, 1.7921556715, 5.2810677719, 3.2386628373, 3.5312911857, 3.2312508656, 4.0506410856, 3.3715002837, 3.2246299549, 5.5174374792, 3.208267544, 6.0918937645, 3.2942998992, 4.6201480058, 2.9017219883, 3.0481495752],
      [0.5291808471, 0.30306879445, 0.2897319822, 0.36483827564, 0.38210127999, 0.33462727876, 0.51271423515, 0.54989834109, 0.43875177337, 0.35976780956, 0.43024119381, 0.27425419468, 0.53980173558, 0.63045080286, 0.17282766051, 0.62105841596, 0.7633676477, 1.0698155217, 1.2756154888, 2.5320157783, 1.9943206067, 1.2521868941, 2.7916494597, 1.3947580681, 1.3085986764, 0.96481014534, 1.4577116668, 1.321716709, 2.0552313026, 0.87474719034, 0.98995673001, 1.9394429311, 1.0813331024, 1.1204134086, 0.44555319916, 0.27404472177, 0.45176734796, 0.36374738085, 0.35818409361, 0.23124336244, 0.40025887436, 0.4213304967, 0.53702338681, 0.50121994541, 0.45232124872, 0.45411283557, 0.34270326152, 0.31826849133, 0.46850003045, 0.36358919147]
    ],
    [
      [2.8043377277, 4.5868919413, 8.4525143046, 6.0933350269, 4.6438680083, 3.3735755287, 3.3917413922, 3.1322346482, 5.5688918756, 3.8924324079, 6.5169701436, 2.7856979195, 5.398627059, 5.7474431487, 4.628740607, 3.4358035168, 3.1953430513, 4.7866228785, 3.5508226661, 4.1306942775, 2.3496013241, 3.3407137157, 3.3219844073, 4.1312023184, 7.6713791632, 4.1342281814, 4.6832833303, 5.802330048, 6.9262368848, 5.9323351778, 3.3901437826, 3.2736292524, 3.6391472862, 12.2613735652, 18.0787142026, 15.1996498691, 16.8497520646, 17.3836504733, 17.9506341022, 18.690704521, 14.7822626577, 17.389181687, 17.4674684579, 14.6895691797, 17.4542469584, 14.183152595, 16.1472039463, 13.1908182985, 17.5739186988, 12.9525448901],
      [5.7357453816, 3.2789132387, 5.0834393566, 4.0818173355, 3.0237191811, 5.2902345707, 4.2148043577, 5.6184057912, 6.7273016833, 6.854301165, 3.8029244013, 6.2352586782, 6.8017283524, 2.7052792839, 4.771775429, 2.1924257537, 4.896838923, 5.3305034198, 4.1682371385, 4.577535809, 2.8386430628, 3.3150150213, 4.108060504, 4.7517713625, 8.3083096347, 4.1145036017, 7.5266806094, 5.5980226899, 7.730834111, 8.1900017427, 4.7874515053, 2.3019946588, 5.9471361935, 11.8947281344, 17.5798123343, 23.6774090514, 19.1914315525, 14.0167844591, 18.2804715041, 19.8030611818, 21.593970288, 21.5955383345, 17.4124313117, 20.293543834, 19.0111374019, 16.3897665681, 25.2961981797, 18.5800032308, 15.7743358647, 20.7885902945],
      [4.2694673342, 3.4761413463, 6.0481903628, 4.1283660923, 3.5358583573, 3.6174847303, 2.755233254, 4.0648116472, 5.696806838, 4.7110781969, 4.8116412322, 2.6053189921, 3.7243853774, 6.3575560994, 3.1702000085, 3.3143713367, 2.9135428574, 4.9327289905, 3.6535652248, 3.4849407757, 1.5193041614, 3.2868309922, 3.3852894016, 4.6166147796, 4.4047112221, 3.8036853499, 4.7153875673, 5.3527032703, 5.1594182776, 7.8366773951, 2.8374153035, 4.0799871168, 2.1900325053, 12.8154484267, 15.631966244, 14.4226635051, 15.2722689524, 16.268267112, 15.6145985609, 17.3905904497, 18.3821146033, 11.8170693306, 11.6992785315, 12.6965571211, 13.9509103448, 17.6536737814, 10.6544864387, 16.2343268584, 14.9976198723, 12.7126222319],
      [4.1904495565, 2.6580534737, 4.4158559759, 4.6964815453, 2.7965544533, 2.7187051704, 3.638220996, 4.1845479134, 5.0069996031, 5.5421882302, 5.8684642229, 2.3737244101, 5.0752592112, 7.189721468, 2.4292839556, 4.0573993927, 2.9942751683, 2.9501447112, 2.6273749706, 5.8068291378, 2.2924514517, 2.0574402708, 6.1846656871, 3.5004115395, 5.6155999799, 1.9475828671, 5.0746484931, 4.2469439919, 9.1835107266, 4.0409856844, 1.9849894086, 3.344388972, 2.223684015, 14.0284498738, 14.7095072191, 19.7002775744, 11.6865474305, 16.3312979556, 14.1542958328, 11.1156438475, 16.241652451, 13.1982106479, 17.420821699, 10.3203298652, 17.5837052948, 11.7734070556, 9.9021114353, 9.9948516123, 21.6541255642, 13.5462425835]
    ]
  ],
  "prob": [
    [0.16897604494, 0.027231627198, 0.53659628011, 0.26719604774],
    [0.40453466341, 0.35243914216, 0.21944798578, 0.023578208648],
    [0.25267565977, 0.29177000449, 0.22969640382, 0.22585793193]
  ],
  "iterations": 18,
  "time": 106.748832,
  "message": "Converged",
  "status": 0,
  "miniter": 0,
  "maxiter": 1000,
  "maxtime": 3600,
  "param_threshold": 0.001,
  "ll_threshold": "-Inf",
  "initial_prob": "group_proportional",
  "adjust_prob_cond_method": "project_lp",
  "adjust_prob_cond_every": false
}
