{
  "X": [
    [13, 26, 37, 24],
    [25, 16, 30, 29],
    [14, 16, 40, 30],
    [11, 14, 49, 26],
    [14, 20, 32, 34],
    [18, 19, 40, 23],
    [17, 21, 34, 28],
    [16, 9, 46, 29],
    [15, 15, 37, 33],
    [18, 15, 38, 29],
    [16, 13, 41, 30],
    [16, 12, 42, 30],
    [14, 22, 33, 31],
    [17, 14, 35, 34],
    [13, 12, 47, 28],
    [17, 14, 45, 24],
    [19, 15, 42, 24],
    [19, 22, 41, 18],
    [17, 13, 50, 20],
    [27, 16, 38, 19],
    [17, 16, 50, 17],
    [17, 16, 51, 16],
    [23, 13, 45, 19],
    [16, 13, 47, 24],
    [19, 14, 45, 22],
    [18, 14, 52, 16],
    [16, 11, 53, 20],
    [24, 13, 42, 21],
    [19, 24, 42, 15],
    [26, 16, 36, 22],
    [27, 15, 40, 18],
    [28, 16, 46, 10],
    [14, 15, 58, 13],
    [51, 7, 28, 14],
    [57, 12, 23, 8],
    [56, 12, 24, 8],
    [62, 8, 25, 5],
    [55, 13, 21, 11],
    [54, 9, 26, 11],
    [58, 16, 17, 9],
    [54, 14, 26, 6],
    [56, 13, 21, 10],
    [52, 16, 25, 7],
    [47, 11, 27, 15],
    [57, 11, 20, 12],
    [56, 5, 28, 11],
    [47, 18, 25, 10],
    [53, 11, 26, 10],
    [52, 6, 22, 20],
    [57, 6, 27, 10]
  ],
  "W": [
    [71, 12, 17],
    [65, 12, 23],
    [66, 16, 18],
    [75, 14, 11],
    [71, 13, 16],
    [66, 18, 16],
    [69, 10, 21],
    [67, 13, 20],
    [62, 20, 18],
    [63, 21, 16],
    [66, 14, 20],
    [69, 13, 18],
    [73, 8, 19],
    [58, 24, 18],
    [67, 19, 14],
    [58, 22, 20],
    [56, 28, 16],
    [20, 63, 17],
    [13, 75, 12],
    [17, 59, 24],
    [14, 67, 19],
    [16, 71, 13],
    [11, 70, 19],
    [20, 70, 10],
    [15, 65, 20],
    [18, 69, 13],
    [21, 64, 15],
    [15, 69, 16],
    [13, 71, 16],
    [16, 63, 21],
    [18, 67, 15],
    [18, 60, 22],
    [12, 77, 11],
    [21, 23, 56],
    [17, 16, 67],
    [17, 18, 65],
    [13, 11, 76],
    [21, 17, 62],
    [19, 18, 63],
    [11, 18, 71],
    [16, 15, 69],
    [18, 16, 66],
    [15, 21, 64],
    [13, 20, 67],
    [13, 20, 67],
    [17, 22, 61],
    [23, 18, 59],
    [16, 17, 67],
    [23, 20, 57],
    [15, 20, 65]
  ],
  "method": "exact",
  "cond_prob": [
    [
      [0.0069295411972, 0.28322245064, 0.40014017923, 0.30970782893],
      [0.061793715639, 0.25896465046, 0.53805993732, 0.14118169658],
      [0.69214576396, 0.16374295288, 0.12548988393, 0.018621399229]
    ],
    [
      [0.024780920611, 0.2002934208, 0.36376754974, 0.41115810885],
      [0.20803581141, 0.16874853072, 0.45074605669, 0.17246960118],
      [0.90838306189, 0.041562838245, 0.041137242894, 0.0089168569737]
    ],
    [
      [0.0061309995507, 0.17155248862, 0.42142815564, 0.40088835619],
      [0.056845150786, 0.16325869849, 0.58982309515, 0.19007305558],
      [0.70476842317, 0.11474425417, 0.15269845585, 0.027788866809]
    ],
    [
      [0.010765746294, 0.15333109074, 0.51645539588, 0.31944776709],
      [0.090034070044, 0.13016169562, 0.64452587937, 0.13527835497],
      [0.81200836794, 0.061627677813, 0.11295299981, 0.013410954437]
    ],
    [
      [0.0084554876578, 0.21742749967, 0.33947633514, 0.43464067754],
      [0.081484877995, 0.21398414543, 0.49141496667, 0.21311600991],
      [0.77127231015, 0.11130335208, 0.094299102398, 0.023125235378]
    ],
    [
      [0.01918672489, 0.22396764458, 0.4450410594, 0.31180457113],
      [0.15513005002, 0.18303734368, 0.53481173501, 0.12702087129],
      [0.87133345356, 0.057716454465, 0.062542428091, 0.0084076638837]
    ],
    [
      [0.0082246631933, 0.23475129835, 0.38283182544, 0.37419221302],
      [0.075430212606, 0.22051638181, 0.52894116857, 0.17511223701],
      [0.74658076731, 0.12366650457, 0.10929487424, 0.020457853867]
    ],
    [
      [0.0067444915803, 0.098337174538, 0.50409453881, 0.39082379508],
      [0.059775079512, 0.089392879456, 0.67382938348, 0.17700265755],
      [0.73855215152, 0.062465093651, 0.17329419574, 0.025688559084]
    ],
    [
      [0.0067495898969, 0.16097975983, 0.38039718837, 0.4518734619],
      [0.065082017665, 0.15918467796, 0.55323228258, 0.2225010218],
      [0.73777139295, 0.10197562951, 0.1305960372, 0.029656940346]
    ],
    [
      [0.01668657699, 0.17411353395, 0.41011162295, 0.39908826612],
      [0.14440977899, 0.15262281104, 0.52869524632, 0.17427216366],
      [0.86975876818, 0.0516105206, 0.066272973857, 0.012357737363]
    ],
    [
      [0.0068162631685, 0.14181082884, 0.44511035112, 0.40626255687],
      [0.062381021803, 0.13312656767, 0.61451734876, 0.18997506177],
      [0.73383961628, 0.088835667466, 0.15097369716, 0.026351019088]
    ],
    [
      [0.0092276928636, 0.13401677266, 0.4609587678, 0.39579676668],
      [0.082198210142, 0.12189811158, 0.61653169778, 0.1793719805],
      [0.79415069225, 0.064898179766, 0.1210518306, 0.019899297379]
    ],
    [
      [0.0061038530432, 0.23577940317, 0.36163034982, 0.39648639396],
      [0.058025982254, 0.23007428693, 0.51909362897, 0.19280610185],
      [0.68895846683, 0.155132067, 0.12885449638, 0.027054969789]
    ],
    [
      [0.0090443298291, 0.15386157049, 0.35699695322, 0.48009714646],
      [0.087899145542, 0.1528951268, 0.52175328539, 0.23745244227],
      [0.79810274316, 0.078141437126, 0.098449881338, 0.025305938375]
    ],
    [
      [0.0087761493473, 0.13207087856, 0.49145653746, 0.36769643464],
      [0.076489219166, 0.11750966234, 0.64293438657, 0.16306673192],
      [0.78276448783, 0.065611967999, 0.13261847468, 0.019005069494]
    ],
    [
      [0.0080336600279, 0.15818349245, 0.48536501724, 0.34841783028],
      [0.069734430583, 0.14076148054, 0.63510160215, 0.15440248673],
      [0.74999451228, 0.0864302433, 0.14382968763, 0.019745556791]
    ],
    [
      [0.017756057922, 0.17853442641, 0.45162348338, 0.3520860323],
      [0.14660285204, 0.14965539879, 0.55674435161, 0.14699739756],
      [0.86879880619, 0.050732559705, 0.070015192855, 0.010453441245]
    ],
    [
      [0.010068402659, 0.25531962333, 0.37283984839, 0.36177212562],
      [0.090689900472, 0.23616360789, 0.50698647528, 0.16616001636],
      [0.76971577747, 0.11854707272, 0.094297358219, 0.017439791586]
    ],
    [
      [0.010650666376, 0.14808635201, 0.42431988671, 0.41694309491],
      [0.095845131009, 0.13679890995, 0.57613875995, 0.19121719909],
      [0.80609637595, 0.067913264818, 0.10611953972, 0.01987081951]
    ],
    [
      [0.012952188475, 0.19688417941, 0.3696469589, 0.42051667322],
      [0.11739641563, 0.18313389279, 0.50553284607, 0.1939368455],
      [0.8272260114, 0.077002886475, 0.078731824184, 0.017039277937]
    ],
    [
      [0.0062704458132, 0.17996753489, 0.44538247689, 0.36837954241],
      [0.056469656372, 0.16690460775, 0.60712068573, 0.16950505014],
      [0.69098667272, 0.12093925223, 0.16250312523, 0.025570949822]
    ],
    [
      [0.010830457752, 0.19067472874, 0.46139030728, 0.33710450622],
      [0.092440739688, 0.16698499644, 0.5940178118, 0.14655645208],
      [0.78949385832, 0.084097661018, 0.11096080351, 0.01544767716]
    ],
    [
      [0.011541729095, 0.1539971455, 0.40433704083, 0.43012408457],
      [0.10463049943, 0.14338773988, 0.55339157594, 0.19859018474],
      [0.81836347471, 0.066783663574, 0.09552011762, 0.019332744091]
    ],
    [
      [0.011652886181, 0.14396760288, 0.39370274338, 0.45067676756],
      [0.10719416085, 0.135778926, 0.54580417636, 0.2112227368],
      [0.82633510167, 0.061612312282, 0.091965278746, 0.020087307301]
    ],
    [
      [0.0068051141148, 0.15149786179, 0.38588077005, 0.45581625404],
      [0.065374477373, 0.1498608422, 0.56099286716, 0.22377181327],
      [0.73242911295, 0.099328866516, 0.1373626042, 0.030879416334]
    ],
    [
      [0.012467321875, 0.17027526424, 0.48298462724, 0.33427278665],
      [0.10413573755, 0.14578707376, 0.60798547442, 0.14209171428],
      [0.8146324858, 0.067364396504, 0.10425222884, 0.013750888857]
    ],
    [
      [0.0078849012488, 0.12484550959, 0.47465463563, 0.39261495353],
      [0.070136099529, 0.11408529836, 0.63758878216, 0.17818981995],
      [0.75638044693, 0.071785680227, 0.14843803958, 0.023395833265]
    ],
    [
      [0.016115816681, 0.15596413589, 0.37968036119, 0.44823968624],
      [0.14375447151, 0.14258518915, 0.51031783521, 0.20334250413],
      [0.86495026348, 0.051384994383, 0.068303997032, 0.015360745105]
    ],
    [
      [0.010524746105, 0.28416099995, 0.37682069473, 0.32849355922],
      [0.092843242035, 0.2574998163, 0.50195576603, 0.14770117563],
      [0.76695675726, 0.12646375271, 0.091404473774, 0.015175016258]
    ],
    [
      [0.013670746778, 0.18904225807, 0.32857165821, 0.46871533694],
      [0.12838145015, 0.18215167742, 0.46542559071, 0.22404128173],
      [0.84253508059, 0.071417533027, 0.067668631144, 0.018378755242]
    ],
    [
      [0.024000542921, 0.19386966374, 0.39169120726, 0.39043858608],
      [0.19587098423, 0.16176857059, 0.48070225227, 0.1616581929],
      [0.89630895225, 0.044790121531, 0.049500491154, 0.0094004350655]
    ],
    [
      [0.019408751728, 0.22719237367, 0.51332431742, 0.24007455718],
      [0.14696742849, 0.17597922255, 0.58488136251, 0.092171986445],
      [0.85602712542, 0.061444723669, 0.075785478913, 0.0067426720001]
    ],
    [
      [0.0088793962875, 0.18076697148, 0.52167029289, 0.28868333934],
      [0.073450361785, 0.1535337014, 0.65134532717, 0.12167060964],
      [0.7488881261, 0.0917001213, 0.14421511755, 0.015196635056]
    ],
    [
      [0.014388136996, 0.11299276953, 0.45034987897, 0.4222692145],
      [0.12480066982, 0.10051421451, 0.58975098659, 0.18493412909],
      [0.85406131638, 0.041345087609, 0.088899640179, 0.015693955831]
    ],
    [
      [0.01413277385, 0.21892239359, 0.46008892602, 0.30685590655],
      [0.11611824963, 0.18476235972, 0.57218155381, 0.12693783684],
      [0.81943060971, 0.079434650052, 0.089904229803, 0.011230510436]
    ],
    [
      [0.014692475931, 0.21890032008, 0.46656858649, 0.2998386175],
      [0.11960070229, 0.18295579678, 0.57452037269, 0.12292312824],
      [0.82457561951, 0.076699849485, 0.088107189558, 0.010617341451]
    ],
    [
      [0.012477741004, 0.15216754131, 0.58927033354, 0.24608438415],
      [0.096166021044, 0.12059075781, 0.68830140235, 0.094941818796],
      [0.79973635705, 0.06178057404, 0.12852855577, 0.0099545131484]
    ],
    [
      [0.016039428866, 0.23176797224, 0.39003093711, 0.36216166179],
      [0.13713048069, 0.20315627399, 0.50366979482, 0.1560434505],
      [0.84406377132, 0.075471224599, 0.068499416271, 0.011965587805]
    ],
    [
      [0.012632609626, 0.14894767953, 0.46366802818, 0.37475168267],
      [0.10793698085, 0.13078516401, 0.59963553723, 0.1616423179],
      [0.82249388511, 0.060569224393, 0.10153758404, 0.015399306462]
    ],
    [
      [0.011354628725, 0.26934667614, 0.31977333689, 0.39952535825],
      [0.10532807675, 0.25747404001, 0.45070309558, 0.18649478765],
      [0.78843934792, 0.11834723721, 0.075631515124, 0.01758189974]
    ],
    [
      [0.01086820772, 0.23742941702, 0.51301348161, 0.23868889366],
      [0.086822727246, 0.19527197309, 0.62167602673, 0.096229272941],
      [0.76121402562, 0.10539202509, 0.12270498396, 0.010688965324]
    ],
    [
      [0.013304230112, 0.2255266507, 0.39842365414, 0.36274546504],
      [0.11556886371, 0.20135226671, 0.52420186188, 0.1588770077],
      [0.81683972786, 0.08664975788, 0.082441582353, 0.01406893191]
    ],
    [
      [0.011929055952, 0.27096722495, 0.4517112078, 0.2653925113],
      [0.098025631943, 0.22912969418, 0.56270662709, 0.11013804679],
      [0.77753946703, 0.11130887575, 0.10011707366, 0.011034583562]
    ],
    [
      [0.0051184787592, 0.12002825044, 0.36003312178, 0.51482014902],
      [0.051944098899, 0.12597065261, 0.55642313165, 0.26566211684],
      [0.68499369848, 0.10328686108, 0.16703144453, 0.04468799591]
    ],
    [
      [0.011395221044, 0.17532816761, 0.3445511355, 0.46872547584],
      [0.10814148623, 0.17136192829, 0.49620442277, 0.22429216272],
      [0.81625421495, 0.079007391869, 0.083533534077, 0.021204859101]
    ],
    [
      [0.015974713746, 0.0891880714, 0.50491422536, 0.3899229895],
      [0.13212566905, 0.075594536944, 0.63012661104, 0.16215318297],
      [0.86592893684, 0.029847917597, 0.09104381518, 0.013179330381]
    ],
    [
      [0.01080690181, 0.27680493347, 0.41360886049, 0.29877930423],
      [0.092240712623, 0.24317232495, 0.53515681398, 0.12943014845],
      [0.7642560751, 0.12298957087, 0.099223280629, 0.013531073399]
    ],
    [
      [0.0094028183869, 0.16659317533, 0.45391384875, 0.37009015753],
      [0.082347800851, 0.15034765111, 0.60346722456, 0.16383732348],
      [0.76790510883, 0.086247748146, 0.12654381496, 0.019303328066]
    ],
    [
      [0.012651472897, 0.089155073721, 0.33397934486, 0.56421410852],
      [0.12550604883, 0.090804582456, 0.50083617137, 0.28285319735],
      [0.86313851135, 0.037427046584, 0.075469327032, 0.023965115037]
    ],
    [
      [0.013384231269, 0.10390740194, 0.49850978576, 0.38419858103],
      [0.11265176813, 0.08984165462, 0.6348080716, 0.16269850565],
      [0.83917232567, 0.040685475054, 0.1050183351, 0.015123864178]
    ]
  ],
  "expected_outcome": [
    [
      [0.491997425, 1.6107598397, 0.40464597035, 0.80743097207, 0.60033962371, 1.2663238428, 0.56750176034, 0.45188093588, 0.41847457361, 1.0512543504, 0.44987336912, 0.63671080759, 0.44558127215, 0.52457113009, 0.58800200627, 0.46595228162, 0.99433924366, 0.20136805319, 0.13845866289, 0.22018720407, 0.087786241385, 0.17328732403, 0.12695902004, 0.23305772362, 0.10207671172, 0.22441179375, 0.16558292623, 0.24173725021, 0.13682169937, 0.21873194846, 0.43200977258, 0.3493575311, 0.10655275545, 0.30215087691, 0.24025715545, 0.24977209083, 0.16221063305, 0.33682800619, 0.2400195829, 0.12490091598, 0.17389132352, 0.23947614202, 0.17893583928, 0.066540223869, 0.14813787357, 0.27157013368, 0.24855874164, 0.15044509419, 0.29098387664, 0.20076346904],
      [20.1087939955, 13.0190723517, 11.322464249, 11.4998318054, 15.4373524762, 14.7818645423, 16.1978395858, 6.588590694, 9.9807451096, 10.9691526386, 9.3595147032, 9.2471573137, 17.2118964316, 8.9239710886, 8.8487488636, 9.1746425621, 9.9979278787, 5.1063924666, 1.9251225761, 3.3470310499, 2.5195454885, 3.0507956599, 1.6939686005, 2.8793520575, 2.2724679269, 3.0649547562, 2.6217557014, 2.3394620383, 3.6940929993, 3.0246761291, 3.4896539472, 4.089462726, 2.1692036578, 2.3728481602, 3.721680691, 3.7213054414, 1.978178037, 4.867127417, 2.830005911, 2.9628134375, 3.7988706722, 4.0594797126, 4.0645083742, 1.5603672557, 2.279266179, 1.5161972138, 6.3665134697, 2.6654908054, 2.0505666956, 1.5586110291],
      [28.4099527253, 23.6448907331, 27.8142582724, 38.7341546909, 24.102819795, 29.3727099203, 26.4153959552, 33.7743341, 23.584625679, 25.8370322456, 29.3772831741, 31.806154978, 26.399015537, 20.7058232866, 32.9275880096, 28.1511710001, 25.2909150691, 7.4567969679, 5.5161585272, 6.2839983013, 6.2353546764, 7.3822449165, 4.4477074491, 7.8740548677, 5.7882115507, 8.6937232902, 9.9677473482, 5.6952054178, 4.8986690315, 5.2571465313, 7.0504417307, 9.2398377135, 6.2600435147, 9.4573474584, 7.8215117423, 7.9316659704, 7.660514336, 8.1906496793, 8.8096925355, 3.5175067058, 8.2082157057, 7.1716257746, 6.775668117, 4.6804305832, 4.4791647615, 8.5835418311, 9.5130037913, 7.26262158, 7.6815249319, 7.4776467864],
      [21.9892558542, 26.7252770754, 26.4586315082, 23.9585825316, 30.8594881051, 20.5791016946, 25.8192626987, 26.1851942701, 28.0161546378, 25.1425607654, 26.8133287535, 27.3099769007, 28.9435067592, 27.8456344947, 24.6356611206, 20.2082341562, 19.7168178085, 7.2354425124, 5.4202602338, 7.1487834448, 5.1573135937, 5.3936720996, 4.7313649303, 9.0135353512, 6.8372438107, 6.0169101598, 8.2449140241, 6.7235952936, 4.2704162698, 7.4994453911, 7.0278945495, 4.3213420293, 3.4642000721, 8.8676535045, 5.2165504113, 5.0972564974, 3.199096994, 7.6053948976, 7.1202819706, 4.3947789407, 3.8190222986, 6.5294183708, 3.9808876695, 6.6926619373, 6.0934311859, 6.6286908215, 6.8719239973, 5.9214425204, 12.9769244959, 5.7629787155]
    ],
    [
      [0.74152458767, 2.4964297369, 0.90952241258, 1.2604769806, 1.0593034139, 2.7923409003, 0.75430212606, 0.77707603366, 1.3016403533, 3.0326053587, 0.87333430525, 1.0685767319, 0.46420785803, 2.109579493, 1.4532951642, 1.5341574728, 4.1048798572, 5.7134637297, 7.1883848257, 6.9263885222, 3.7834669769, 6.5632925179, 7.3241349604, 7.5035912597, 4.2493410293, 7.1853658908, 4.4887103699, 9.9190585341, 6.5918701845, 8.0880313592, 13.1233559437, 8.8180457097, 5.6556778575, 2.8704154058, 1.8578919941, 2.1528126413, 1.0578262315, 2.3312181717, 1.9428656553, 1.8959053816, 1.3023409087, 1.8491018194, 2.0585382708, 1.038881978, 2.1628297245, 2.906764719, 1.6603328272, 1.3999126145, 2.5101209766, 2.2530353627],
      [3.1075758055, 2.0249823686, 2.6121391759, 1.8222637386, 2.7817938905, 3.2946721862, 2.2051638181, 1.1621074329, 3.1836935592, 3.2050790318, 1.8637719474, 1.5846754505, 1.8405942954, 3.6694830431, 2.2326835845, 3.0967525719, 4.190351166, 14.8783072972, 10.2599182461, 10.8048996747, 11.1826087192, 11.8559347469, 10.0371417916, 9.5045248197, 9.7409547428, 10.0593080892, 7.3014590952, 9.8383780515, 18.2824869574, 11.4755556773, 10.8384942298, 10.5587533532, 11.8220950079, 2.3118269337, 2.9561977555, 3.2932043421, 1.3264983359, 3.4536566579, 2.3541329523, 4.6345327202, 2.9290795963, 3.2216362674, 4.8117235777, 2.5194130522, 3.4272385658, 1.6630798128, 4.3771018491, 2.5559100689, 1.8160916491, 1.7968330924],
      [6.4567192479, 5.4089526803, 9.4371695223, 9.0233623112, 6.3883945667, 9.6266112302, 5.2894116857, 8.7597819852, 11.0646456515, 11.1026001727, 8.6032428826, 8.0149120712, 4.1527490317, 12.5220788494, 12.2157533449, 13.9722352473, 15.5888418452, 31.9401479424, 43.2104069961, 29.8264379183, 40.6770859442, 42.1752646379, 38.7374103161, 38.2062923449, 36.4645363653, 41.9509977349, 40.805682058, 35.2119306297, 35.6388593881, 29.3218122146, 32.207050902, 35.0928817504, 50.1535901923, 13.5642726915, 9.1549048609, 10.3413667084, 7.5713154258, 8.5623865119, 10.7934396701, 8.1126557204, 9.3251404009, 8.3872297901, 11.8168391689, 11.1284626331, 9.9240884553, 13.862785443, 9.6328226516, 10.2589428175, 10.0167234273, 12.6961614319],
      [1.6941803589, 2.0696352142, 3.0411688892, 1.8938969696, 2.7705081289, 2.2863756833, 1.7511223701, 2.3010345482, 4.450020436, 3.6597154368, 2.6596508647, 2.3318357465, 1.5424488148, 5.6988586145, 3.0982679065, 3.396854708, 4.1159271316, 10.4680810307, 14.3412899321, 11.4422738847, 11.3568383596, 10.4055080973, 13.901312932, 14.7855915758, 14.5451678626, 9.8043282851, 11.4041484769, 14.0306327847, 10.48678347, 14.1146007488, 10.8310989245, 5.5303191867, 9.3686369423, 4.253484969, 2.0310053895, 2.2126163083, 1.0443600068, 2.6527386585, 2.9095617223, 3.3569061778, 1.4434390941, 2.5420321231, 2.3128989826, 5.3132423368, 4.4858432543, 3.5673700253, 2.3297426721, 2.7852344991, 5.657063947, 3.253970113]
    ],
    [
      [11.7664779873, 20.8928104234, 12.6858316171, 8.9320920473, 12.3403569624, 13.941335257, 15.6781961136, 14.7710430305, 13.2798850731, 13.9161402909, 14.6767923256, 14.2947124606, 13.0902108698, 14.3658493769, 10.9587028296, 14.9998902456, 13.9007808991, 13.0851682171, 9.6731565114, 19.8534242737, 13.1287467817, 10.2634201581, 15.5489060196, 8.2633510167, 14.648582259, 10.5902223154, 11.3457067039, 13.8392042157, 12.2713081162, 17.6932366923, 13.4446342837, 18.8325967592, 8.2377693871, 47.8274337173, 54.9018508505, 53.5974152679, 60.7799631355, 52.3319538221, 51.8171147618, 55.9791937024, 52.5237677678, 53.9114220385, 49.7625258899, 45.8945777982, 54.6890324019, 52.8216651473, 45.0911084312, 51.4496422913, 49.1988951468, 54.5462011683],
      [2.783630199, 0.95594527964, 2.0653965751, 0.67790445594, 1.7808536332, 0.92346327145, 2.5969965961, 1.249301873, 1.8355613312, 0.82576832959, 1.7767133493, 1.1681672358, 2.947509273, 1.4065458683, 0.91856755199, 1.728604866, 0.81172095528, 2.0153002362, 0.81495917781, 1.8480692754, 2.2978457923, 1.0932695932, 1.2688896079, 0.61612312282, 1.9865773303, 0.87573715456, 1.0767852034, 0.82215991013, 2.0234200433, 1.4997681936, 0.67185182297, 1.3517839207, 1.0087013343, 2.3153249061, 5.3221215535, 4.9854902165, 4.6953236271, 4.6792159251, 3.8158611368, 8.4026538423, 7.2720497315, 5.71888402, 7.123768048, 6.9202196922, 5.2934952552, 1.8207229734, 7.2563846812, 5.7785991258, 2.1333416553, 2.6445558785],
      [2.1333280268, 0.94615658657, 2.7485722053, 1.2424829979, 1.5087856384, 1.0006788495, 2.2951923591, 3.4658839148, 2.3507286695, 1.0603675817, 3.0194739433, 2.1789329508, 2.4482354312, 1.7720978641, 1.8566586455, 2.8765937526, 1.1202430857, 1.6030550897, 1.2734344767, 1.8895637804, 3.0875593794, 1.4424904456, 1.8148822348, 0.91965278746, 2.747252084, 1.3552789749, 2.2265705937, 1.0928639525, 1.4624715804, 1.421041254, 0.74250736732, 1.6672805361, 1.586366293, 4.97837985, 6.0235833968, 5.7269673213, 9.7681702382, 4.2469638088, 6.3968677944, 5.3698375738, 8.4666438934, 5.4411444353, 6.4074927141, 11.1911067837, 5.5967467831, 5.553672726, 5.8541735571, 8.4784356025, 4.3017516408, 6.8261917817],
      [0.31656378689, 0.20508771039, 0.50019960256, 0.14752049881, 0.37000376604, 0.13452262214, 0.42961493121, 0.51377118167, 0.53382492622, 0.19772379781, 0.52702038175, 0.35818735282, 0.51404442599, 0.45550689074, 0.26607097292, 0.39491113581, 0.16725505992, 0.29647645696, 0.23844983412, 0.4089426705, 0.48584804661, 0.20081980308, 0.36732213774, 0.20087307301, 0.61758832669, 0.17876155514, 0.35093749897, 0.24577192168, 0.24280026013, 0.38595386008, 0.14100652598, 0.148338784, 0.16716298562, 0.87886152655, 0.75244419923, 0.69012719429, 0.75654299928, 0.74186644393, 0.97015630708, 1.2483148815, 0.73753860733, 0.92854950608, 0.70621334794, 2.9940957259, 1.4207255598, 0.80393915327, 0.79833333056, 1.2933229804, 1.3660115571, 0.98305117156]
    ]
  ],
  "prob": [
    [0.01113345411, 0.18136252824, 0.42568554247, 0.38181847518],
    [0.10384296769, 0.16302745099, 0.56052632722, 0.17260325411],
    [0.7997204711, 0.080373292096, 0.10263194072, 0.017274296084]
  ],
  "iterations": 19,
  "time": 77.611106,
  "message": "Converged",
  "status": 0,
  "miniter": 0,
  "maxiter": 1000,
  "maxtime": 3600,
  "param_threshold": 0.001,
  "ll_threshold": "-Inf",
  "initial_prob": "group_proportional",
  "adjust_prob_cond_method": "project_lp",
  "adjust_prob_cond_every": false
}
