{
  "X": [
    [28, 50, 7, 15],
    [16, 58, 14, 12],
    [25, 57, 7, 11],
    [17, 56, 13, 14],
    [19, 53, 11, 17],
    [24, 56, 6, 14],
    [17, 51, 17, 15],
    [21, 51, 17, 11],
    [25, 49, 18, 8],
    [26, 57, 11, 6],
    [20, 56, 11, 13],
    [17, 61, 12, 10],
    [21, 55, 15, 9],
    [24, 47, 17, 12],
    [18, 56, 11, 15],
    [18, 60, 10, 12],
    [28, 50, 13, 9],
    [40, 42, 11, 7],
    [33, 46, 15, 6],
    [31, 53, 9, 7],
    [31, 57, 8, 4],
    [38, 42, 15, 5],
    [33, 48, 10, 9],
    [30, 48, 14, 8],
    [29, 53, 13, 5],
    [23, 52, 14, 11],
    [41, 36, 14, 9],
    [31, 49, 12, 8],
    [37, 49, 12, 2],
    [34, 49, 10, 7],
    [33, 50, 12, 5],
    [34, 45, 9, 12],
    [35, 52, 11, 2],
    [20, 61, 13, 6],
    [18, 70, 7, 5],
    [6, 78, 8, 8],
    [12, 71, 9, 8],
    [11, 64, 19, 6],
    [16, 73, 4, 7],
    [13, 64, 15, 8],
    [17, 67, 11, 5],
    [17, 69, 9, 5],
    [19, 60, 14, 7],
    [13, 73, 10, 4],
    [23, 64, 10, 3],
    [19, 66, 9, 6],
    [10, 81, 6, 3],
    [12, 72, 8, 8],
    [16, 63, 9, 12],
    [16, 64, 13, 7]
  ],
  "W": [
    [63, 16, 21],
    [59, 23, 18],
    [64, 15, 21],
    [59, 16, 25],
    [70, 11, 19],
    [68, 11, 21],
    [65, 21, 14],
    [75, 17, 8],
    [67, 19, 14],
    [63, 20, 17],
    [71, 14, 15],
    [75, 16, 9],
    [63, 13, 24],
    [62, 24, 14],
    [62, 16, 22],
    [78, 12, 10],
    [57, 32, 11],
    [21, 58, 21],
    [16, 67, 17],
    [14, 67, 19],
    [10, 68, 22],
    [21, 61, 18],
    [16, 70, 14],
    [18, 67, 15],
    [15, 69, 16],
    [20, 62, 18],
    [13, 74, 13],
    [17, 67, 16],
    [13, 70, 17],
    [23, 65, 12],
    [13, 73, 14],
    [27, 53, 20],
    [12, 72, 16],
    [16, 35, 49],
    [10, 19, 71],
    [19, 14, 67],
    [14, 14, 72],
    [19, 22, 59],
    [15, 12, 73],
    [16, 14, 70],
    [17, 16, 67],
    [19, 21, 60],
    [15, 20, 65],
    [13, 12, 75],
    [19, 26, 55],
    [9, 23, 68],
    [24, 10, 66],
    [13, 16, 71],
    [20, 19, 61],
    [19, 15, 66]
  ],
  "method": "exact",
  "cond_prob": [
    [
      [0.26615138412, 0.45477865495, 0.076122989686, 0.20294697124],
      [0.562331449, 0.31649495162, 0.068590875379, 0.052582724004],
      [0.10643617221, 0.77547740534, 0.0527046497, 0.065381772745]
    ],
    [
      [0.12968583075, 0.5536868404, 0.14797253133, 0.16865479752],
      [0.32767793516, 0.46065547866, 0.15948908538, 0.052177500794],
      [0.045107970944, 0.81874446705, 0.08896509377, 0.047182468236]
    ],
    [
      [0.24118011342, 0.53319122979, 0.077080123868, 0.14854853292],
      [0.51551925278, 0.37529792518, 0.070251072965, 0.03893174908],
      [0.087223045212, 0.8212520198, 0.048243141807, 0.043281793179]
    ],
    [
      [0.15823010792, 0.50343738782, 0.1417924285, 0.19654007576],
      [0.38764415346, 0.40552724364, 0.14794603741, 0.058882565502],
      [0.058484687109, 0.79235032881, 0.090684404792, 0.058480579293]
    ],
    [
      [0.18358434348, 0.48400577406, 0.11736842099, 0.21504146146],
      [0.43807048667, 0.37981360373, 0.11927970404, 0.062836205564],
      [0.070016873859, 0.78640243023, 0.077480725575, 0.066099970332]
    ],
    [
      [0.24056684242, 0.51278167613, 0.065398752393, 0.18125272906],
      [0.5236131052, 0.36735942808, 0.060662801551, 0.048364665165],
      [0.089605264687, 0.81380439592, 0.04217114382, 0.05441919557]
    ],
    [
      [0.13824110952, 0.48745052895, 0.17608554198, 0.19822281955],
      [0.34719828013, 0.40315110298, 0.18865264136, 0.060997975537],
      [0.051654571332, 0.77496731827, 0.11376673591, 0.059611374487]
    ],
    [
      [0.18017515288, 0.50966101297, 0.17614964794, 0.13401418621],
      [0.40969748132, 0.38193461649, 0.17095111968, 0.037416782515],
      [0.065250793917, 0.78531694342, 0.11032592123, 0.039106341442]
    ],
    [
      [0.22296884301, 0.47851463912, 0.19340205484, 0.10511446303],
      [0.46822685487, 0.33129127955, 0.17337645674, 0.027105408838],
      [0.083198376833, 0.76035606199, 0.12485068912, 0.031594872062]
    ],
    [
      [0.23565268646, 0.56085911558, 0.12108552987, 0.082402668088],
      [0.48857886542, 0.38329851587, 0.10715391594, 0.020968702769],
      [0.081311967336, 0.82352384712, 0.072266664663, 0.022897520886]
    ],
    [
      [0.18359903832, 0.53567430174, 0.11682047711, 0.16390618283],
      [0.42714449546, 0.41024035551, 0.11586597891, 0.046749170123],
      [0.065629689511, 0.81491730663, 0.072241494714, 0.047211509148]
    ],
    [
      [0.1457948603, 0.60820981749, 0.1242272066, 0.12176811561],
      [0.35213773501, 0.48379693143, 0.12798745408, 0.036077879474],
      [0.047909079716, 0.84927919836, 0.070573359959, 0.032238361969]
    ],
    [
      [0.21001961785, 0.50134178959, 0.16624704253, 0.12239155003],
      [0.45568258932, 0.35804597873, 0.15372865581, 0.032542776142],
      [0.076870433937, 0.78170289718, 0.10533182478, 0.036094844097]
    ],
    [
      [0.19795546955, 0.45734500324, 0.18021386137, 0.16448566584],
      [0.44402360653, 0.33814854972, 0.17256962048, 0.045258223277],
      [0.07644245223, 0.75207461471, 0.1203621217, 0.051120811363]
    ],
    [
      [0.16475871221, 0.51198059024, 0.11866450211, 0.20459619544],
      [0.40310444514, 0.41196660013, 0.12368145963, 0.061247495095],
      [0.060694941847, 0.80298808195, 0.075631705229, 0.060685270972]
    ],
    [
      [0.16368826736, 0.58969224227, 0.10414368979, 0.14247580058],
      [0.39003648161, 0.46253174954, 0.10579346656, 0.041638302284],
      [0.055187736681, 0.84536241085, 0.060727059738, 0.038722792727]
    ],
    [
      [0.21446825657, 0.51577258829, 0.13884643643, 0.13091271872],
      [0.46620887789, 0.36989358037, 0.12897503336, 0.034922508389],
      [0.077875025755, 0.79676071782, 0.087141096004, 0.038223160421]
    ],
    [
      [0.27016499775, 0.43663995249, 0.12740061426, 0.16579443551],
      [0.55246014981, 0.29474888295, 0.11143622702, 0.041354740223],
      [0.10875458849, 0.74929170414, 0.088632663494, 0.053321043874]
    ],
    [
      [0.18973118299, 0.49507948558, 0.16335042285, 0.15183890858],
      [0.42938512338, 0.37034847818, 0.15835265182, 0.041913746618],
      [0.070323400347, 0.78031648191, 0.10451562131, 0.044844496428]
    ],
    [
      [0.17082830352, 0.55414484792, 0.095284336181, 0.17974251238],
      [0.40988541433, 0.4395708663, 0.097953392925, 0.052590326443],
      [0.06032005212, 0.83109074143, 0.058060103551, 0.050529102894]
    ],
    [
      [0.17854022576, 0.61701455772, 0.089417940919, 0.1150272756],
      [0.41064693233, 0.46905878821, 0.088099551792, 0.032194727669],
      [0.058663924728, 0.86062985566, 0.050684139499, 0.030022080116]
    ],
    [
      [0.24887290322, 0.45773914798, 0.1736684202, 0.1197195286],
      [0.50896516888, 0.30916573749, 0.15199059641, 0.029878497226],
      [0.09593298503, 0.75157599477, 0.11564093306, 0.036850087145]
    ],
    [
      [0.17189626041, 0.50684357925, 0.10181981531, 0.21944034503],
      [0.41929194995, 0.40890941168, 0.10645176115, 0.065346877227],
      [0.064230238348, 0.80477456534, 0.065661405342, 0.065333790971]
    ],
    [
      [0.16164904523, 0.50450347595, 0.14432040668, 0.18952707214],
      [0.39095731283, 0.40349002494, 0.14957148915, 0.055981173083],
      [0.059745148416, 0.79234038412, 0.092062860461, 0.055851606998]
    ],
    [
      [0.15813604006, 0.57635056718, 0.13799173615, 0.12752165661],
      [0.37345828255, 0.45013684973, 0.1396585837, 0.036746284015],
      [0.053708618924, 0.83095617883, 0.080855105137, 0.034480097114]
    ],
    [
      [0.11941064957, 0.50317100972, 0.13636038412, 0.24105795659],
      [0.31953194006, 0.44525773064, 0.15636079143, 0.078849537865],
      [0.044489262483, 0.79614447256, 0.087690180485, 0.071676084476]
    ],
    [
      [0.22111283159, 0.39183598793, 0.1487583167, 0.23829286378],
      [0.49859463146, 0.29216002036, 0.14374870399, 0.065496644193],
      [0.094579266266, 0.71433005001, 0.10990290675, 0.08118777697]
    ],
    [
      [0.16822603267, 0.51388422294, 0.12460470492, 0.19328503948],
      [0.40523798382, 0.40930898954, 0.12861369501, 0.056839331625],
      [0.061825783035, 0.80251661941, 0.079037653177, 0.056619944376]
    ],
    [
      [0.22650998422, 0.57517549326, 0.14144818932, 0.056866333195],
      [0.46792296725, 0.39263839287, 0.12513752432, 0.014301115555],
      [0.076515441018, 0.82576653452, 0.082443931541, 0.015274092918]
    ],
    [
      [0.19344487397, 0.54304534507, 0.10640735639, 0.15710242457],
      [0.44191678657, 0.41009180738, 0.10412844518, 0.043862960873],
      [0.068848064288, 0.82116579866, 0.065356822203, 0.044629314846]
    ],
    [
      [0.17740581268, 0.56036493495, 0.12841081598, 0.13381843638],
      [0.40866915933, 0.42695416771, 0.12678965036, 0.037587022599],
      [0.06149112887, 0.8248286859, 0.076786779717, 0.036893405518]
    ],
    [
      [0.21560720388, 0.4406276456, 0.096265182191, 0.24749996833],
      [0.49854990934, 0.33632040177, 0.095217200444, 0.06991248844],
      [0.087773015009, 0.76390361374, 0.067716422865, 0.080606948386]
    ],
    [
      [0.20456920687, 0.61154784031, 0.12654641539, 0.057336537428],
      [0.43718479065, 0.43203511016, 0.11586135967, 0.014918739515],
      [0.066741536901, 0.84718112404, 0.071214069947, 0.014863269111]
    ],
    [
      [0.17377717301, 0.51638482357, 0.15990659671, 0.1499314067],
      [0.40413775554, 0.39501957964, 0.15851063819, 0.042332026632],
      [0.062749873223, 0.79412566399, 0.099869839102, 0.043254623686]
    ],
    [
      [0.23542743191, 0.52609965508, 0.097453467087, 0.14101944592],
      [0.50530861763, 0.36956975885, 0.088643455321, 0.036478168197],
      [0.085138900648, 0.81291800044, 0.061144220817, 0.040798878099]
    ],
    [
      [0.073888945568, 0.62400461907, 0.1083974531, 0.19370898226],
      [0.21333588259, 0.58709819576, 0.13228143689, 0.067284484759],
      [0.024021010119, 0.86454533578, 0.061022511562, 0.050411142543]
    ],
    [
      [0.15998031126, 0.51527668811, 0.12104768949, 0.20369531114],
      [0.39618416808, 0.41635953353, 0.12673545603, 0.060720842364],
      [0.058523573463, 0.80495962357, 0.076819943926, 0.059696859041]
    ],
    [
      [0.11555821126, 0.50314037614, 0.24047145534, 0.14082995726],
      [0.2890665164, 0.41268349289, 0.25557521482, 0.042674775893],
      [0.041439502122, 0.76883552559, 0.14929470547, 0.040430266819]
    ],
    [
      [0.23530567498, 0.53210464894, 0.055325247876, 0.17726442821],
      [0.51843784071, 0.38294021969, 0.051546161092, 0.04707577851],
      [0.085604942286, 0.82771435109, 0.03495297738, 0.051727729243]
    ],
    [
      [0.16968995686, 0.44592097781, 0.19357178679, 0.19081727854],
      [0.40358634821, 0.34670791586, 0.19491431139, 0.054791424538],
      [0.066210740219, 0.74301933619, 0.13105787217, 0.059712051425]
    ],
    [
      [0.22450408914, 0.50427653642, 0.14862057997, 0.12259879447],
      [0.48021185875, 0.35328473126, 0.13478707138, 0.031716338602],
      [0.082090160366, 0.78768273404, 0.094281447736, 0.035945657856]
    ],
    [
      [0.19595798945, 0.56257338627, 0.12029780584, 0.12117081844],
      [0.43924071856, 0.4133719086, 0.11449991055, 0.032887462287],
      [0.06754571851, 0.827171593, 0.071830726125, 0.033451962362]
    ],
    [
      [0.22501241741, 0.42685146676, 0.1780259433, 0.17011017253],
      [0.48789658189, 0.30354220336, 0.16389809163, 0.044663123118],
      [0.090259724633, 0.73117513741, 0.12387152335, 0.054693614611]
    ],
    [
      [0.19825249497, 0.54958242492, 0.14415080526, 0.10801427485],
      [0.43903163253, 0.39728119794, 0.13490621292, 0.02878095661],
      [0.068724506334, 0.81450738801, 0.086762199687, 0.030005905969]
    ],
    [
      [0.2536073691, 0.53917940681, 0.13375375939, 0.073459464694],
      [0.510700961, 0.3567549487, 0.11458867231, 0.017955417987],
      [0.089149727289, 0.8087265928, 0.081443147121, 0.020680532784]
    ],
    [
      [0.22279423658, 0.48862904905, 0.12008019506, 0.16849651931],
      [0.49053819234, 0.35250073665, 0.11220001337, 0.044761057636],
      [0.084006962456, 0.78668855317, 0.07850996966, 0.050794514715]
    ],
    [
      [0.14770590126, 0.69468064556, 0.087561941147, 0.070051512025],
      [0.35194962424, 0.53977625266, 0.088148553974, 0.020125569126],
      [0.04447821405, 0.89287730273, 0.045712543526, 0.016931939699]
    ],
    [
      [0.15196039673, 0.53188697946, 0.10746993717, 0.20868268663],
      [0.3835878819, 0.43824142865, 0.11476569773, 0.063404991722],
      [0.054748010311, 0.81793811843, 0.067135769762, 0.060178101496]
    ],
    [
      [0.17427362018, 0.45150132292, 0.1092532635, 0.2649717934],
      [0.43508076712, 0.36910058431, 0.11573156244, 0.080087086133],
      [0.069639229856, 0.76978790885, 0.075672705632, 0.084900155664]
    ],
    [
      [0.20589255233, 0.46387084145, 0.16872046851, 0.16151613771],
      [0.45868872316, 0.33840635827, 0.15935668165, 0.043548236913],
      [0.078904706944, 0.75924785816, 0.11218122536, 0.049666209542]
    ]
  ],
  "expected_outcome": [
    [
      [16.7675371996, 7.6514640143, 15.4355272589, 9.335576367, 12.8509040434, 16.3585452844, 8.9856721187, 13.5131364662, 14.9389124818, 14.8461192469, 13.0355317209, 10.9346145223, 13.2312359244, 12.2732391121, 10.2150401571, 12.7676848539, 12.2246906244, 5.6734649526, 3.0356989279, 2.3915962493, 1.7854022576, 5.2263309676, 2.7503401665, 2.9096828141, 2.3720406009, 2.3882129915, 2.8744668107, 2.8598425553, 2.9446297949, 4.4492321014, 2.3062755649, 5.8213945047, 2.4548304825, 2.7804347681, 2.3542743191, 1.4038899658, 2.2397243576, 2.1956060139, 3.5295851247, 2.7150393097, 3.8165695154, 3.7232017996, 3.3751862611, 2.5772824346, 4.818540013, 2.0051481292, 3.5449416304, 1.9754851576, 3.4854724036, 3.9119584942],
      [28.6510552619, 32.6675235839, 34.1242387065, 29.7028058816, 33.8804041845, 34.8691539767, 31.6842843816, 38.2245759724, 32.0604808208, 35.3341242816, 38.0328754234, 45.6157363119, 31.5845327441, 28.3553902008, 31.742796595, 45.9959948969, 29.3990375323, 9.1694390022, 7.9212717692, 7.7580278709, 6.1701455772, 9.6125221076, 8.109497268, 9.0810625671, 8.6452585077, 10.0634201943, 5.0938678431, 8.7360317899, 7.4772814124, 12.4900429365, 7.2847441544, 11.8969464312, 7.3385740837, 8.2621571772, 5.2609965508, 11.8560877624, 7.2138736336, 9.5596671466, 7.981569734, 7.1347356449, 8.5727011191, 10.6888943391, 6.4027720014, 7.1445715239, 10.2444087295, 4.3976614415, 16.6723354935, 6.914530733, 9.0300264584, 8.8135459876],
      [4.7957483502, 8.7303793484, 4.9331279276, 8.3657532817, 8.2157894696, 4.4471151627, 11.4455602288, 13.2112235957, 12.9579376742, 7.6283883819, 8.2942538746, 9.317040495, 10.4735636796, 11.1732594048, 7.3571991308, 8.1232078039, 7.9142468764, 2.6754128994, 2.6136067656, 1.3339807065, 0.89417940919, 3.6470368242, 1.629117045, 2.5977673203, 2.0698760422, 2.7272076824, 1.9338581171, 2.1182799837, 1.8388264612, 2.4473691969, 1.6693406077, 2.5991599191, 1.5185569847, 2.5585055474, 0.97453467087, 2.0595516089, 1.6946676528, 4.5689576514, 0.82987871813, 3.0971485886, 2.5265498596, 2.285658311, 2.6703891495, 1.8739604684, 2.5413214283, 1.0807217555, 2.1014865875, 1.3971091833, 2.1850652701, 3.2056889017],
      [12.7856591883, 9.9506330535, 9.507106107, 11.5958644697, 15.0529023025, 12.3251855762, 12.8844832709, 10.0510639657, 7.0426690232, 5.1913680896, 11.6373389811, 9.1326086707, 7.7106676518, 10.1981112823, 12.6849641171, 11.1131124453, 7.4620249669, 3.4816831457, 2.4294225373, 2.5163951733, 1.150272756, 2.5141101006, 3.5110455205, 3.4114872985, 1.9128248492, 4.8211591318, 3.0978072291, 3.2858456711, 0.73926233153, 3.6133557651, 1.739639673, 6.6824991449, 0.68803844914, 2.3989025073, 1.4101944592, 3.680470663, 2.851734356, 2.675769188, 2.6589664232, 3.0530764567, 2.084179506, 2.3022455503, 2.551652588, 1.404185573, 1.3957298292, 1.5164686738, 1.6812362886, 2.7128749262, 5.299435868, 3.0688066165]
    ],
    [
      [8.9973031839, 7.5365925087, 7.7327887917, 6.2023064553, 4.8187753533, 5.7597441572, 7.2911638827, 6.9648571825, 8.8963102426, 9.7715773084, 5.9800229364, 5.6342037602, 5.9238736611, 10.6565665566, 6.4496711223, 4.6804377793, 14.9186840923, 32.042688689, 28.7688032662, 27.4623227604, 27.9239913983, 31.0468753019, 29.3504364966, 26.1941399597, 25.7686214963, 19.8109802839, 36.8960027278, 27.1509449161, 32.7546077078, 28.7245911271, 29.8328486309, 26.4231451951, 31.4773049271, 14.1448214439, 9.6008637349, 2.9867023562, 5.5465783531, 6.3594633609, 6.2212540885, 5.6502088749, 7.6833897401, 9.2240550898, 9.7579316378, 5.2683795903, 13.2782249861, 11.2823784237, 3.5194962424, 6.1374061104, 8.2665345752, 6.8803308474],
      [5.0639192259, 10.5950760092, 5.6294688776, 6.4884358982, 4.177949641, 4.0409537089, 8.4661731626, 6.4928884803, 6.2945343114, 7.6659703174, 5.7433649772, 7.7407509029, 4.6545977235, 8.1155651933, 6.5914656021, 5.5503809945, 11.8365945717, 17.0954352109, 24.8133480383, 29.4512480419, 31.8959975984, 18.8591099866, 28.6236588173, 27.033831671, 31.0594426311, 27.6059792997, 21.6198415068, 27.4237022995, 27.4846875007, 26.6559674795, 31.1676542431, 17.824981294, 31.1065279316, 13.8256852874, 7.0218254182, 8.2193747407, 5.8290334694, 9.0790368435, 4.5952826363, 4.8539108221, 5.6525557002, 8.6808100806, 6.0708440672, 4.7673743753, 9.2756286663, 8.107516943, 5.3977625266, 7.0118628585, 7.0129111019, 5.0760953741],
      [1.0974540061, 3.6682489637, 1.0537660945, 2.3671365985, 1.3120767444, 0.66729081706, 3.9617054685, 2.9061690345, 3.2941526781, 2.1430783188, 1.6221237047, 2.0477992653, 1.9984725256, 4.1416708914, 1.9789033542, 1.2695215988, 4.1272010675, 6.4633011672, 10.6096276721, 6.562877326, 5.9907695218, 9.2714263808, 7.4516232802, 10.0212897728, 9.6364422756, 9.6943690688, 10.6374040951, 8.6171175655, 8.7596267026, 6.7683489366, 9.2556444763, 5.0465116236, 8.3420178962, 5.5478723366, 1.6842256511, 1.8519401165, 1.7742963845, 5.622654726, 0.61855393311, 2.7288003595, 2.1565931421, 2.4044981216, 3.2779618326, 1.618874555, 2.97930548, 2.5806003076, 0.88148553974, 1.8362511636, 2.1988996864, 2.3903502248],
      [0.84132358406, 1.2000825183, 0.5839762362, 0.94212104803, 0.6911982612, 0.53201131682, 1.2809574863, 0.63608530275, 0.51500276791, 0.41937405537, 0.65448838173, 0.57724607158, 0.42305608984, 1.0861973586, 0.97995992152, 0.49965962741, 1.1175202684, 2.3985749329, 2.8082210234, 3.5235518717, 2.1892414815, 1.8225883308, 4.5742814059, 3.7507385965, 2.535493597, 4.8886713476, 4.8467516703, 3.8082352189, 1.0010780889, 2.8510924567, 2.7438526498, 3.7053618873, 1.0741492451, 1.4816209321, 0.69308519575, 0.94198278662, 0.85009179309, 0.93884506965, 0.56490934212, 0.76707994354, 0.50746141764, 0.69063670803, 0.89326246236, 0.34537147932, 0.46684086766, 1.0295043256, 0.20125569126, 1.0144798676, 1.5216546365, 0.65322355369]
    ],
    [
      [2.2351596165, 0.81194347699, 1.8316839495, 1.4621171777, 1.3303206033, 1.8817105584, 0.72316399865, 0.52200635134, 1.1647772757, 1.3823034447, 0.98444534266, 0.43118171744, 1.8448904145, 1.0701943312, 1.3352887206, 0.55187736681, 0.8566252833, 2.2838463584, 1.1954978059, 1.1460809903, 1.290606344, 1.7267937305, 0.89922333687, 0.89617722624, 0.85933790279, 0.80080672469, 1.2295304615, 0.98921252857, 1.3007624973, 0.82617677146, 0.86087580418, 1.7554603002, 1.0678645904, 3.0747437879, 6.044861946, 1.609407678, 4.2136972893, 2.4449306252, 6.2491607868, 4.6347518153, 5.5000407445, 4.0527431106, 5.8668821011, 5.154337975, 4.9032350009, 5.712473447, 2.9355621273, 3.8871087321, 4.2479930212, 5.2077106583],
      [16.2850255121, 14.7374004069, 17.2462924158, 19.8087582202, 14.9416461744, 17.0898923144, 10.8495424558, 6.2825355473, 10.6449848679, 13.999905401, 12.2237595994, 7.6435127852, 18.7608695324, 10.5290446059, 17.6657378029, 8.4536241085, 8.764367896, 15.7351257869, 13.2653801925, 15.7907240873, 18.9338568245, 13.5283679058, 11.2668439147, 11.8851057619, 13.2952988612, 14.330600506, 9.2862906501, 12.8402659106, 14.0380310869, 9.853989584, 11.5476016025, 15.2780722748, 13.5548979847, 38.9121575355, 57.7171780309, 57.924537497, 57.957092897, 45.3612960099, 60.4231476297, 52.011353533, 52.7747431808, 49.6302955802, 47.5263839314, 61.0880541008, 44.4799626043, 53.4948216155, 58.9299019799, 58.0736064086, 46.9570624398, 50.1103586384],
      [1.1067976437, 1.6013716879, 1.0131059779, 2.2671101198, 1.4721337859, 0.88559402023, 1.5927343027, 0.8826073698, 1.7479096476, 1.2285332993, 1.0836224207, 0.63516023963, 2.5279637948, 1.6850697038, 1.663897515, 0.60727059738, 0.95855205604, 1.8612859334, 1.7767655623, 1.1031419675, 1.115051069, 2.0815367951, 0.91925967479, 1.3809429069, 1.2936816822, 1.5784232487, 1.4287377878, 1.2646024508, 1.4015468362, 0.78428186644, 1.075014916, 1.3543284573, 1.1394251191, 4.893622116, 4.341239678, 4.0885082746, 5.5310359627, 8.8083876226, 2.5515673488, 9.1740510519, 6.3168569983, 4.3098435675, 8.0516490178, 6.5071649765, 4.4793730917, 5.3386779369, 3.0170278727, 4.7666396531, 4.6160350435, 7.4039608735],
      [1.3730172277, 0.84928442825, 0.90891765676, 1.4620144823, 1.2558994363, 1.142803107, 0.83455924282, 0.31285073154, 0.44232820886, 0.38925785506, 0.70817263722, 0.29014525772, 0.86627625832, 0.71569135908, 1.3350759614, 0.38722792727, 0.42045476463, 1.1197419214, 0.76235643928, 0.96005295498, 0.66048576256, 0.66330156862, 0.91467307359, 0.83777410497, 0.55168155382, 1.2901695206, 1.0554411006, 0.90591911002, 0.2596595796, 0.53555177815, 0.51650767726, 1.6121389677, 0.23781230578, 2.1194765606, 2.896720345, 3.3775465504, 4.2981738509, 2.3853857423, 3.7761242347, 4.1798435998, 2.4083590764, 2.0071177417, 3.5550849497, 2.2504429477, 1.1374293031, 3.4540270006, 1.1175080201, 4.2726452062, 5.1789094955, 3.2779698298]
    ]
  ],
  "prob": [
    [0.19079856799, 0.51885043776, 0.13158282304, 0.15876817121],
    [0.43290414116, 0.39312958252, 0.12893721203, 0.045029064291],
    [0.069200230402, 0.80055780684, 0.083261165391, 0.046980797368]
  ],
  "iterations": 15,
  "time": 29.118498,
  "message": "Converged",
  "status": 0,
  "miniter": 0,
  "maxiter": 1000,
  "maxtime": 3600,
  "param_threshold": 0.001,
  "ll_threshold": "-Inf",
  "initial_prob": "group_proportional",
  "adjust_prob_cond_method": "project_lp",
  "adjust_prob_cond_every": false
}
