{
  "X": [
    [30, 4, 50, 16],
    [38, 3, 46, 13],
    [28, 5, 47, 20],
    [38, 4, 46, 12],
    [35, 9, 44, 12],
    [27, 7, 54, 12],
    [26, 6, 54, 14],
    [33, 7, 49, 11],
    [30, 4, 50, 16],
    [23, 6, 52, 19],
    [37, 6, 44, 13],
    [32, 7, 39, 22],
    [25, 4, 47, 24],
    [25, 6, 58, 11],
    [34, 3, 52, 11],
    [39, 8, 42, 11],
    [21, 9, 42, 28],
    [11, 18, 30, 41],
    [13, 14, 22, 51],
    [12, 14, 28, 46],
    [18, 15, 30, 37],
    [16, 13, 30, 41],
    [10, 14, 38, 38],
    [11, 11, 41, 37],
    [13, 11, 38, 38],
    [12, 15, 35, 38],
    [15, 17, 28, 40],
    [15, 13, 34, 38],
    [22, 15, 19, 44],
    [14, 12, 39, 35],
    [13, 13, 33, 41],
    [16, 13, 35, 36],
    [11, 10, 34, 45],
    [21, 8, 39, 32],
    [22, 10, 43, 25],
    [20, 12, 40, 28],
    [22, 8, 41, 29],
    [20, 9, 49, 22],
    [19, 10, 36, 35],
    [31, 8, 34, 27],
    [28, 6, 34, 32],
    [28, 16, 28, 28],
    [22, 8, 42, 28],
    [16, 11, 46, 27],
    [22, 5, 54, 19],
    [21, 7, 47, 25],
    [14, 13, 39, 34],
    [9, 4, 44, 43],
    [23, 7, 51, 19],
    [25, 6, 44, 25]
  ],
  "W": [
    [70, 16, 14],
    [68, 16, 16],
    [69, 17, 14],
    [68, 14, 18],
    [68, 14, 18],
    [64, 22, 14],
    [64, 17, 19],
    [71, 10, 19],
    [63, 21, 16],
    [63, 15, 22],
    [63, 19, 18],
    [60, 23, 17],
    [59, 21, 20],
    [63, 16, 21],
    [77, 11, 12],
    [74, 9, 17],
    [46, 32, 22],
    [14, 71, 15],
    [17, 72, 11],
    [14, 70, 16],
    [23, 61, 16],
    [15, 67, 18],
    [14, 70, 16],
    [19, 68, 13],
    [18, 67, 15],
    [23, 58, 19],
    [13, 64, 23],
    [22, 64, 14],
    [21, 59, 20],
    [22, 67, 11],
    [16, 62, 22],
    [17, 64, 19],
    [19, 71, 10],
    [19, 34, 47],
    [16, 12, 72],
    [15, 21, 64],
    [19, 13, 68],
    [13, 18, 69],
    [11, 23, 66],
    [15, 21, 64],
    [18, 18, 64],
    [17, 25, 58],
    [17, 14, 69],
    [21, 18, 61],
    [14, 15, 71],
    [14, 17, 69],
    [15, 21, 64],
    [13, 23, 64],
    [17, 13, 70],
    [16, 13, 71]
  ],
  "method": "exact",
  "cond_prob": [
    [
      [0.37951774926, 0.015389265513, 0.57207354172, 0.033019443505],
      [0.041171256201, 0.13219660004, 0.22774502747, 0.59888711629],
      [0.19821553233, 0.057686129533, 0.45078083141, 0.29331750672]
    ],
    [
      [0.47261932736, 0.0088257642056, 0.49881424411, 0.019740664321],
      [0.074943366148, 0.11112387873, 0.29085549987, 0.52307725525],
      [0.29142449258, 0.038866623397, 0.46418396264, 0.20552492138]
    ],
    [
      [0.36520911728, 0.022526994895, 0.56278202734, 0.049481860484],
      [0.029347073465, 0.14259130148, 0.16576582104, 0.66229580402],
      [0.16440504705, 0.072970373364, 0.38214436828, 0.3804802113]
    ],
    [
      [0.46887832143, 0.012742686651, 0.49857877089, 0.019800221025],
      [0.070816142649, 0.15273883713, 0.27671592628, 0.49972909394],
      [0.28471378586, 0.05528631044, 0.45681225619, 0.20318764751]
    ],
    [
      [0.44187481021, 0.034812949391, 0.49871392238, 0.024598318015],
      [0.048495471718, 0.30145578293, 0.20080433588, 0.44924440947],
      [0.23742090565, 0.13401880446, 0.40423292087, 0.22432736902]
    ],
    [
      [0.3569383886, 0.018300871456, 0.60873038416, 0.016030355784],
      [0.053378214112, 0.21542798031, 0.33481574735, 0.39637805822],
      [0.21297302996, 0.077809189993, 0.54823635513, 0.16098142492]
    ],
    [
      [0.33951977612, 0.019723907055, 0.61698113902, 0.023775177805],
      [0.04193533622, 0.19181729698, 0.27985190308, 0.48639546372],
      [0.18725440068, 0.07772504736, 0.51345919737, 0.22156135459]
    ],
    [
      [0.40129546864, 0.03037461833, 0.54255268998, 0.025777223055],
      [0.044153811771, 0.26383880715, 0.21884290858, 0.4731644725],
      [0.2140254531, 0.11605336985, 0.436333154, 0.23358802306]
    ],
    [
      [0.39838660021, 0.011001671864, 0.56814020196, 0.022471525964],
      [0.056277265721, 0.12255444263, 0.29517856347, 0.52598972817],
      [0.23248885041, 0.045828211077, 0.50052609022, 0.22115684829]
    ],
    [
      [0.30843201165, 0.025125646539, 0.62447342095, 0.041968920858],
      [0.026827840485, 0.17124059919, 0.19916142764, 0.60277013268],
      [0.14392571176, 0.084021603642, 0.43957968479, 0.33247299981]
    ],
    [
      [0.48040497171, 0.016026862392, 0.48594717131, 0.017620994591],
      [0.074399749627, 0.19601345526, 0.27686568329, 0.45272111182],
      [0.29560508552, 0.070336223295, 0.45138223473, 0.18267645646]
    ],
    [
      [0.4533854039, 0.024036749624, 0.48345978818, 0.039118058296],
      [0.042735338617, 0.17850239683, 0.16742275839, 0.61133950616],
      [0.22435076341, 0.085425876209, 0.36127583918, 0.3289475212]
    ],
    [
      [0.35516467068, 0.014492824495, 0.5853520622, 0.044990442622],
      [0.032061398576, 0.10275196301, 0.19401635302, 0.6711702854],
      [0.16859975299, 0.049356606577, 0.41949424583, 0.3625493946]
    ],
    [
      [0.32192253773, 0.017963940961, 0.64333031766, 0.01678320364],
      [0.046839334581, 0.20562816747, 0.34387775446, 0.40365474349],
      [0.18902146521, 0.075153382851, 0.56991171028, 0.16591344166]
    ],
    [
      [0.39913753836, 0.012578618962, 0.56280549884, 0.025478343841],
      [0.051269613917, 0.12909535903, 0.26521123672, 0.55442379033],
      [0.22520364943, 0.050949782549, 0.4788877488, 0.24495881922]
    ],
    [
      [0.46659002595, 0.038824434046, 0.46484904333, 0.029736496674],
      [0.045717622759, 0.30018773332, 0.16685951778, 0.48723512614],
      [0.23887526321, 0.14266484004, 0.35879030198, 0.25966959476]
    ],
    [
      [0.35379473161, 0.026014192588, 0.57990405611, 0.040287019694],
      [0.031769074688, 0.18279204851, 0.19166257797, 0.59377629884],
      [0.16858327072, 0.088818254031, 0.41778231474, 0.32481616052]
    ],
    [
      [0.37867215335, 0.027836897138, 0.56315405656, 0.03033689295],
      [0.039247691459, 0.22639747856, 0.21841792337, 0.51593690661],
      [0.19413358396, 0.10240416415, 0.44054470991, 0.26291754198]
    ],
    [
      [0.46247128195, 0.026392922004, 0.46481722862, 0.046318567434],
      [0.038573366, 0.17466743844, 0.14539104096, 0.6413681546],
      [0.21460962317, 0.088660432592, 0.32999565129, 0.36673429295]
    ],
    [
      [0.41170252302, 0.022354689013, 0.53082142144, 0.035121366532],
      [0.041483692618, 0.17696249096, 0.20015860925, 0.58139520717],
      [0.20826913716, 0.081228749148, 0.40983734077, 0.30066477292]
    ],
    [
      [0.4655805688, 0.023750960693, 0.48247476871, 0.028193701802],
      [0.053308663296, 0.2127841726, 0.20556402607, 0.52834313803],
      [0.25248865354, 0.092118335956, 0.39772967059, 0.25766333992]
    ],
    [
      [0.47491844688, 0.017281682465, 0.48177745584, 0.026022414824],
      [0.060357557817, 0.17142580988, 0.22855032215, 0.53966631015],
      [0.26845927351, 0.069735861176, 0.41447036546, 0.24733449986]
    ],
    [
      [0.31879173927, 0.018685620777, 0.63828277365, 0.024239866299],
      [0.039316870585, 0.17961628288, 0.29392152169, 0.48714532484],
      [0.17404591933, 0.072828844201, 0.53059591566, 0.22252932081]
    ],
    [
      [0.31303793131, 0.014425524293, 0.64922773975, 0.023308804652],
      [0.040943282598, 0.14677926758, 0.31636662039, 0.49591082943],
      [0.17447200681, 0.057301910982, 0.55013405831, 0.2180920239]
    ],
    [
      [0.36780062732, 0.014303100556, 0.59421060708, 0.023685665051],
      [0.048716833214, 0.14744837396, 0.29330480903, 0.51052998379],
      [0.20770405887, 0.05756687565, 0.51018579116, 0.22454327433]
    ],
    [
      [0.3195974366, 0.029437038913, 0.61506375817, 0.035901766319],
      [0.029636384191, 0.21358029139, 0.21177022279, 0.54501310163],
      [0.15422887764, 0.10185743181, 0.45109792843, 0.29281576212]
    ],
    [
      [0.46338386721, 0.025968540278, 0.4816146008, 0.029032991712],
      [0.051286950883, 0.22467948055, 0.1988752836, 0.52515828497],
      [0.24754977695, 0.099257487885, 0.39178226257, 0.2614104726]
    ],
    [
      [0.40322875175, 0.019433648081, 0.54998944632, 0.027348153842],
      [0.047791862751, 0.17992491854, 0.24270694302, 0.52957627569],
      [0.21930630324, 0.075518925401, 0.45478484484, 0.25038992652]
    ],
    [
      [0.59980394913, 0.028149657872, 0.3324477689, 0.039598624102],
      [0.056693873331, 0.20954737865, 0.11704449943, 0.61671424859],
      [0.30295892709, 0.1022780922, 0.25564856934, 0.33911441136]
    ],
    [
      [0.372647394, 0.015265444265, 0.59063763728, 0.021449524455],
      [0.051403758379, 0.16382595072, 0.30340341096, 0.48136687995],
      [0.21433686551, 0.062529229831, 0.51617667689, 0.20695722777]
    ],
    [
      [0.38111676752, 0.020986791312, 0.56634482475, 0.03155161642],
      [0.041062046114, 0.17658281717, 0.22724394495, 0.55511119177],
      [0.19801294821, 0.078003485201, 0.44769810079, 0.2762854658]
    ],
    [
      [0.43468761674, 0.016689733231, 0.52654598278, 0.022076667248],
      [0.059678643389, 0.17822519058, 0.26922557053, 0.4928705955],
      [0.25215143887, 0.068940123037, 0.46412009364, 0.21478834446]
    ],
    [
      [0.34427698184, 0.015042369303, 0.60806046067, 0.032620188186],
      [0.037667036626, 0.1289511686, 0.24850975642, 0.58487203836],
      [0.17843777446, 0.055866201292, 0.48026585416, 0.28543017009]
    ],
    [
      [0.42740792581, 0.01518130098, 0.52908804624, 0.028322726974],
      [0.052499171608, 0.14440548262, 0.23998303577, 0.56311231],
      [0.23604845904, 0.059612103664, 0.44229582778, 0.26204360952]
    ],
    [
      [0.39707310733, 0.025732997477, 0.5483511908, 0.028842704393],
      [0.043912638909, 0.21936024797, 0.22307032439, 0.51365678873],
      [0.20999831411, 0.096610403677, 0.43818801465, 0.25520326757]
    ],
    [
      [0.3965827756, 0.02840255274, 0.5448916448, 0.030123026851],
      [0.041946682042, 0.23187061304, 0.2123171625, 0.51386554242],
      [0.20578715692, 0.1047606068, 0.4276244518, 0.26182778448]
    ],
    [
      [0.40186402871, 0.021894785906, 0.5403656156, 0.035875569787],
      [0.040744320897, 0.17125766468, 0.20152144013, 0.5864765743],
      [0.20345451887, 0.078788962162, 0.41343050856, 0.30432601041]
    ],
    [
      [0.36301917034, 0.018601223148, 0.59784660675, 0.020532999761],
      [0.049686752331, 0.19633165185, 0.3013634682, 0.45261812762],
      [0.20849839483, 0.075713251679, 0.51889060412, 0.19689774936]
    ],
    [
      [0.41369462906, 0.024086103347, 0.52407842459, 0.038140843011],
      [0.039944201183, 0.17951419353, 0.18657003558, 0.5939715697],
      [0.20500973414, 0.084942824423, 0.39309131078, 0.31695613066]
    ],
    [
      [0.55304522753, 0.015600113455, 0.40739653749, 0.023958121519],
      [0.077639447003, 0.1691178727, 0.21074951311, 0.54249316718],
      [0.32927958125, 0.065851921428, 0.36661425254, 0.23825424479]
    ],
    [
      [0.51341150286, 0.014253093387, 0.43775928009, 0.034576123665],
      [0.05829421167, 0.12500848758, 0.18301358242, 0.63368371833],
      [0.27670776779, 0.054582680353, 0.35665763242, 0.31205191944]
    ],
    [
      [0.55377993203, 0.036261560069, 0.38086132166, 0.029097186241],
      [0.058517876176, 0.29627041749, 0.14835883353, 0.4968528728],
      [0.29522059054, 0.13753091451, 0.30717908092, 0.26006941403]
    ],
    [
      [0.40281828811, 0.020469078402, 0.54440460422, 0.032308029267],
      [0.043823249216, 0.17176883773, 0.21792088267, 0.56648703038],
      [0.21070382048, 0.076047274478, 0.4303511503, 0.28289775474]
    ],
    [
      [0.30363707743, 0.029867911613, 0.63291037172, 0.033584639236],
      [0.029305160579, 0.22260604516, 0.22478289708, 0.52330589718],
      [0.14911686039, 0.10435844333, 0.46988180404, 0.27664289224]
    ],
    [
      [0.36639790871, 0.0097286007557, 0.60721238491, 0.01666110562],
      [0.060687857975, 0.12435881996, 0.37029107042, 0.44466225164],
      [0.22479030153, 0.042231229436, 0.56260085289, 0.17037761615]
    ],
    [
      [0.38063827762, 0.01514331465, 0.57980604028, 0.024412367454],
      [0.049974688389, 0.15335801114, 0.28030054436, 0.51636675611],
      [0.21480426682, 0.060592860949, 0.49445806061, 0.23014481162]
    ],
    [
      [0.31026082573, 0.037560885319, 0.60752315434, 0.044655134609],
      [0.024509097612, 0.22914142299, 0.17680279332, 0.56954668608],
      [0.13799057132, 0.11913463808, 0.40897334414, 0.33390144646]
    ],
    [
      [0.21303909089, 0.011516627028, 0.71917613287, 0.056268149216],
      [0.016583252041, 0.069288475898, 0.2063995396, 0.70772873246],
      [0.091391828461, 0.035260139109, 0.46724251347, 0.40610551896]
    ],
    [
      [0.37987474492, 0.015169105746, 0.58640326096, 0.018552888376],
      [0.056700464504, 0.17479440436, 0.32206592758, 0.44643920356],
      [0.22578604711, 0.063854256367, 0.52634696436, 0.18401273216]
    ],
    [
      [0.43102288887, 0.013849358111, 0.52919219293, 0.025935560088],
      [0.056520083112, 0.1401155655, 0.25533515242, 0.54802919897],
      [0.24463200983, 0.055731097448, 0.45371222439, 0.24592466834]
    ]
  ],
  "expected_outcome": [
    [
      [26.5662424481, 32.1381142604, 25.1994290924, 31.8837258574, 30.0474870943, 22.8440568701, 21.7292656714, 28.4919782734, 25.0983558133, 19.431216734, 30.2655132177, 27.2031242339, 20.9547155701, 20.2811198772, 30.7335904538, 34.5276619205, 16.2745576542, 5.3014101469, 7.8620117931, 5.7638353222, 10.7083530823, 7.1237767031, 4.4630843498, 5.9477206948, 6.6204112917, 7.3507410418, 6.0239902737, 8.8710325385, 12.5958829316, 8.198242668, 6.0978682803, 7.3896894846, 6.541262655, 8.1207505903, 6.3531697173, 5.9487416341, 7.6354165454, 4.7192492145, 4.5506409196, 8.295678413, 9.2414070514, 9.4142588445, 6.8479108979, 6.376378626, 5.129570722, 5.3289358866, 4.653912386, 2.7695081816, 6.4578706636, 6.8963662219],
      [1.0772485859, 0.60015196598, 1.5543626477, 0.86650269224, 2.3672805586, 1.1712557732, 1.2623300515, 2.1565979014, 0.69310532743, 1.582915732, 1.0096923307, 1.4422049774, 0.8550766452, 1.1317282806, 0.96855366005, 2.8730081194, 1.196652859, 0.38971655993, 0.44867967407, 0.31296564618, 0.54627209594, 0.25922523697, 0.26159869088, 0.27408496156, 0.25745581, 0.67705189501, 0.33759102361, 0.42754025778, 0.59114281532, 0.33583977383, 0.33578866099, 0.28372546492, 0.28580501675, 0.28844471862, 0.41172795963, 0.42603829111, 0.41600093221, 0.24181590092, 0.26494713681, 0.23400170183, 0.25655568097, 0.61644652117, 0.34797433284, 0.62722614386, 0.13620041058, 0.2120064051, 0.56341327978, 0.14971615136, 0.25787479768, 0.22158972977],
      [40.0451479206, 33.9193685998, 38.8319598865, 33.9033564207, 33.9125467221, 38.9587445865, 39.4867928976, 38.5212409883, 35.7928327236, 39.34182552, 30.6146717923, 29.0075872909, 34.5357716701, 40.5298100129, 43.3360234104, 34.3988292063, 26.6755865808, 7.8841567918, 7.9018928865, 7.4314999002, 11.0969196803, 7.2266618375, 8.9359588311, 12.3353270552, 10.6957909274, 14.1464664379, 6.2609898105, 12.0997678191, 6.9814031469, 12.9940280202, 9.061517196, 8.9512817073, 11.5531487527, 10.0526728785, 8.7736190528, 8.1733746721, 10.2669466964, 7.7720058877, 5.7648626704, 6.1109480624, 7.8796670416, 6.4746424682, 9.2548782718, 13.2911178062, 8.5009733888, 8.1172845639, 9.1128473151, 9.3492897273, 9.9688554364, 8.4670750869],
      [2.3113610453, 1.3423651738, 3.4142483734, 1.3464150297, 1.672685625, 1.0259427702, 1.5216113795, 1.8301828369, 1.4157061357, 2.6440420141, 1.1101226593, 2.3470834978, 2.6544361147, 1.0573418293, 1.9618324758, 2.2005007539, 1.8532029059, 0.42471650131, 0.78741564637, 0.49169913144, 0.64845514144, 0.39033622236, 0.33935812819, 0.44286728838, 0.42634197091, 0.82574062534, 0.37742889226, 0.60165938453, 0.83157110615, 0.47188953802, 0.50482586271, 0.37530334321, 0.61978357553, 0.53813181252, 0.4614832703, 0.45184540276, 0.68163582595, 0.26692899689, 0.41954927312, 0.35937182279, 0.62237022597, 0.4946521661, 0.54923649753, 0.70527742396, 0.23325547868, 0.34177314436, 0.66982701914, 0.7314859398, 0.31539910238, 0.41496896141]
    ],
    [
      [0.65874009921, 1.1990938584, 0.4989002489, 0.99142599709, 0.67893660405, 1.1743207105, 0.71290071574, 0.44153811771, 1.1818225801, 0.40241760727, 1.4135952429, 0.9829127882, 0.6732893701, 0.7494293533, 0.56396575309, 0.41145860484, 1.01661039, 2.7865860936, 2.777282352, 2.9038584833, 3.2518284611, 4.0439563737, 2.7521809409, 2.7841432166, 3.2640278253, 1.7189102831, 3.2823648565, 3.058679216, 3.3449385265, 3.4440518114, 2.5458468591, 3.8194331769, 2.6743596005, 1.7849718347, 0.52695166691, 0.88088032287, 0.52967617167, 0.89436154195, 0.9187166272, 1.6304283871, 1.0492958101, 1.4629469044, 0.61352548902, 0.52749289043, 0.91031786962, 0.84956970261, 0.51469104985, 0.38141479695, 0.73710603856, 0.73476108046],
      [2.1151456006, 1.7779820597, 2.4240521252, 2.1383437198, 4.220380961, 4.7394155669, 3.2608940487, 2.6383880715, 2.5736432953, 2.5686089879, 3.72425565, 4.105555127, 2.1577912233, 3.2900506796, 1.4200489494, 2.7016895999, 5.8493455523, 16.0742209779, 12.5760555674, 12.3873743674, 12.9798345288, 11.4855292619, 12.5731398019, 9.9809901957, 9.8790410552, 12.3876569005, 14.379486755, 11.5151947866, 12.3632953406, 10.976338698, 10.9481346646, 11.4064121974, 9.1555329703, 4.9097864092, 2.6323229756, 4.8692828738, 2.2263496408, 3.5339697332, 4.1288264513, 3.5514753268, 2.2501527764, 7.4067604373, 2.4047637282, 4.006908813, 1.8653822995, 2.6070861894, 4.8119698828, 1.5936349457, 2.2723272566, 1.8215023515],
      [3.6439204396, 4.6536879979, 2.8180189576, 3.8740229679, 2.8112607023, 7.3659464417, 4.7574823523, 2.1884290858, 6.1987498329, 2.9874214147, 5.2604479826, 3.850723443, 4.0743434133, 5.5020440713, 2.917323604, 1.50173566, 6.133202495, 15.5076725595, 10.4681549494, 14.0111026475, 12.5394055903, 15.3128715842, 20.5745065183, 21.5129301868, 19.6514222053, 12.2826729221, 12.7280181504, 15.5332443531, 6.9056254663, 20.328028534, 14.0891245866, 17.2304365136, 17.6441927057, 8.159423216, 2.6768438927, 4.4586604125, 2.6197787217, 5.4245424277, 4.2911108184, 4.4257397753, 3.2942444835, 3.7089708382, 3.0508923574, 4.0460921474, 5.5543660563, 4.7651092542, 3.7128586597, 4.7471894107, 4.1868570585, 3.3193569815],
      [9.5821938606, 8.3692360841, 11.2590286683, 6.9962073151, 6.2894217326, 8.7203172809, 8.2687228833, 4.731644725, 11.0457842916, 9.0415519902, 8.6017011245, 14.0608086418, 14.0945759933, 6.4584758958, 6.0986616936, 4.3851161352, 19.0008415627, 36.631520369, 46.1785071312, 40.6976645018, 32.2289314199, 36.1576427802, 34.1001727389, 33.7219364009, 34.2055089142, 31.6107598943, 33.610130238, 33.8928816442, 36.3861406666, 32.2515809566, 34.4168938897, 31.5437181121, 41.5259147235, 19.1458185401, 6.1638814648, 10.7911763908, 7.6241954658, 8.1471262971, 13.6613461031, 11.3923565109, 11.40630693, 12.4213218201, 7.9308184254, 9.4195061492, 6.6699337746, 8.7782348538, 11.9604804076, 16.2777608466, 5.8037096463, 7.1243795866]
    ],
    [
      [2.7750174527, 4.6627918813, 2.3016706587, 5.1248481455, 4.2735763017, 2.9816224194, 3.5578336129, 4.0664836089, 3.7198216066, 3.1663656587, 5.3208915394, 3.8139629779, 3.3719950598, 3.9694507695, 2.7024437931, 4.0608794746, 3.7088319558, 2.9120037595, 2.3607058549, 3.3323061945, 4.0398184566, 4.8322669231, 2.7847347093, 2.2681360886, 3.115560883, 2.9303486751, 5.6936448698, 3.0702882454, 6.0591785418, 2.3577055206, 4.3562848607, 4.7908773385, 1.7843777446, 11.094277575, 15.1198786158, 13.1703780431, 13.8349072829, 14.3863892436, 13.5306424532, 21.0738931999, 17.7092971385, 17.1227942511, 14.5385636131, 9.0961284836, 15.9601114084, 14.8214944107, 8.8313965642, 5.8490770215, 15.8050232979, 17.3688726977],
      [0.80760581346, 0.62186597435, 1.0215852271, 0.99515358791, 2.4123384804, 1.0893286599, 1.4767758998, 2.2050140271, 0.73325137724, 1.8484752801, 1.2660520193, 1.4522398955, 0.98713213155, 1.5782210399, 0.61139739059, 2.4253022807, 1.9540015887, 1.5360624622, 0.97526475851, 1.2996599864, 1.4738933753, 1.2552455012, 1.1652615072, 0.74492484277, 0.86350313476, 1.9352912045, 2.2829222214, 1.0572649556, 2.0455618441, 0.68782152814, 1.7160766744, 1.3098623377, 0.55866201292, 2.8017688722, 6.9559490648, 6.7046788351, 5.357649427, 5.2242143658, 5.6062264119, 4.2145229714, 3.4932915426, 7.9767930415, 5.247261939, 6.3658650432, 2.9984172899, 4.1809074055, 7.6246168374, 2.256648903, 4.4697979457, 3.9569079188],
      [6.3109316398, 7.4269434023, 5.3500211559, 8.2226206114, 7.2761925756, 7.6753089718, 9.7557247501, 8.2903299259, 8.0084174435, 9.6707530654, 8.1248802251, 6.1416892661, 8.3898849166, 11.9681459158, 5.7466529857, 6.0994351337, 9.1912109242, 6.6081706486, 3.6299521642, 6.5573974523, 6.3636747294, 7.4604665783, 8.4895346506, 7.151742758, 7.6527868673, 8.5708606401, 9.0109920391, 6.3669878277, 5.1129713869, 5.6779434458, 9.8493582174, 8.8182817791, 4.8026585416, 20.7879039054, 31.5495370546, 27.3679649154, 28.1132745819, 35.8034516846, 25.9440265112, 23.4633121623, 22.8260884749, 17.8163866936, 29.6942293708, 28.6627900464, 39.9446605549, 34.1176061819, 26.1742940252, 29.903520862, 36.8442875051, 32.2135679316],
      [4.1064450941, 3.2883987421, 5.3267229583, 3.6573776552, 4.0378926424, 2.2537399489, 4.2096657372, 4.438172438, 3.5385095727, 7.3144059958, 3.2881762162, 5.5921078605, 7.250987892, 3.4841822749, 2.9395058306, 4.4143831109, 7.1459555313, 3.9437631297, 4.0340772224, 4.8106363668, 4.1226134386, 4.4520209974, 3.560469133, 2.8351963107, 3.3681491149, 5.5634994803, 6.0124408697, 3.5054589712, 6.7822882272, 2.2765295054, 6.0782802476, 4.0809785447, 2.8543017009, 12.3160496473, 18.3746352649, 16.7569782064, 20.6941687082, 13.585944706, 20.9191046237, 15.2482716663, 19.971322844, 15.0840260138, 19.5199450771, 16.8752164268, 12.0968107467, 15.8799920018, 21.3696925732, 25.9907532136, 12.8808912513, 17.460651452]
    ]
  ],
  "prob": [
    [0.40148124464, 0.020698939284, 0.54871023879, 0.02910957729],
    [0.046281292323, 0.17976384606, 0.23353341742, 0.54042144419],
    [0.21583424423, 0.077928293419, 0.4423768458, 0.26386061656]
  ],
  "iterations": 19,
  "time": 69.566174,
  "message": "Converged",
  "status": 0,
  "miniter": 0,
  "maxiter": 1000,
  "maxtime": 3600,
  "param_threshold": 0.001,
  "ll_threshold": "-Inf",
  "initial_prob": "group_proportional",
  "adjust_prob_cond_method": "project_lp",
  "adjust_prob_cond_every": false
}
