{
  "X": [
    [5, 5, 31, 52, 113, 15],
    [32, 63, 45, 322, 649, 87],
    [61, 72, 70, 414, 594, 66],
    [27, 64, 39, 263, 595, 49],
    [57, 103, 81, 447, 1086, 108],
    [0, 8, 14, 76, 151, 31],
    [12, 25, 35, 205, 221, 17],
    [17, 26, 30, 159, 354, 46],
    [2, 3, 7, 22, 42, 7],
    [3, 2, 4, 14, 48, 6],
    [85, 44, 37, 729, 669, 75],
    [19, 16, 15, 66, 183, 29],
    [9, 8, 10, 81, 183, 27],
    [80, 81, 68, 1050, 888, 122],
    [36, 53, 22, 200, 737, 77],
    [5, 8, 10, 57, 212, 23],
    [8, 9, 17, 32, 205, 23],
    [22, 47, 62, 323, 285, 27],
    [7, 5, 6, 55, 143, 18],
    [8, 7, 9, 64, 90, 20],
    [9, 22, 10, 146, 117, 34],
    [14, 20, 18, 122, 151, 18],
    [16, 38, 28, 194, 291, 43],
    [6, 5, 13, 68, 96, 16],
    [7, 6, 7, 27, 51, 6],
    [37, 76, 91, 619, 576, 58],
    [1, 10, 56, 115, 219, 14],
    [24, 18, 25, 120, 425, 53],
    [64, 76, 59, 323, 1121, 130],
    [10, 4, 13, 51, 127, 21],
    [0, 7, 5, 18, 52, 8],
    [74, 99, 111, 745, 664, 102],
    [57, 51, 105, 797, 724, 65],
    [14, 20, 45, 170, 235, 29],
    [8, 14, 38, 169, 144, 14],
    [7, 7, 25, 75, 75, 3],
    [10, 7, 45, 180, 170, 23],
    [17, 38, 38, 242, 194, 32],
    [2, 15, 1, 43, 81, 17],
    [75, 66, 70, 721, 817, 83],
    [5, 12, 18, 94, 163, 20],
    [78, 84, 260, 635, 1255, 189],
    [5, 10, 16, 78, 129, 10]
  ],
  "W": [
    [57, 82, 54, 6, 22],
    [44, 610, 358, 85, 101],
    [74, 544, 438, 89, 132],
    [48, 571, 282, 65, 71],
    [71, 1074, 482, 122, 133],
    [12, 147, 72, 13, 36],
    [47, 198, 200, 45, 25],
    [33, 348, 163, 34, 54],
    [3, 44, 23, 4, 9],
    [4, 50, 14, 1, 8],
    [22, 679, 756, 62, 120],
    [11, 186, 74, 20, 37],
    [12, 184, 93, 4, 25],
    [62, 838, 1081, 125, 183],
    [26, 744, 207, 69, 79],
    [14, 208, 49, 20, 24],
    [16, 203, 35, 11, 29],
    [68, 261, 343, 47, 47],
    [8, 136, 55, 15, 20],
    [3, 98, 63, 13, 21],
    [18, 108, 153, 28, 31],
    [17, 139, 136, 26, 25],
    [31, 283, 211, 38, 47],
    [9, 93, 69, 13, 20],
    [2, 51, 32, 7, 12],
    [136, 495, 646, 95, 85],
    [100, 161, 120, 19, 15],
    [14, 436, 123, 33, 59],
    [75, 1093, 346, 107, 152],
    [10, 128, 57, 9, 22],
    [5, 53, 21, 4, 7],
    [113, 610, 762, 142, 168],
    [122, 651, 811, 83, 132],
    [48, 220, 188, 24, 33],
    [54, 120, 171, 23, 19],
    [30, 58, 87, 7, 10],
    [73, 129, 198, 10, 25],
    [38, 179, 270, 27, 47],
    [2, 87, 40, 19, 11],
    [104, 769, 714, 87, 158],
    [23, 142, 97, 22, 28],
    [173, 1329, 690, 92, 217],
    [33, 111, 72, 13, 19]
  ],
  "method": "mvn_pdf",
  "cond_prob": [
    [
      [4.9471267483e-08, 0.0017100509427, 0.46004783466, 0.03304812462, 0.50410059039, 0.0010933499189],
      [0.0060199074062, 0.0062901007782, 0.0028505299211, 0.0061341226061, 0.8895239055, 0.089181433786],
      [0.018118167822, 0.012863429657, 0.00085977936791, 0.88342449006, 0.081954622204, 0.0027795108903],
      [0.0081659428986, 0.42579429186, 0.031278242039, 0.11660873423, 0.30788947788, 0.11026331109],
      [0.15813582059, 0.0516976309, 0.1958832924, 0.054940180656, 0.22965543774, 0.3096876377]
    ],
    [
      [5.8110554742e-08, 0.0024994286298, 0.47461700799, 0.028079707776, 0.49380817107, 0.000995626429],
      [0.0065061259802, 0.0062166855899, 0.0013754984756, 0.0071567961341, 0.89565448158, 0.083090412243],
      [0.025415353614, 0.022369022993, 0.0010853929584, 0.84995417677, 0.098106796997, 0.0030692566691],
      [0.008535731311, 0.51310320119, 0.029248781601, 0.087705326928, 0.27219099819, 0.089215960785],
      [0.18026759247, 0.074019451465, 0.20201069766, 0.046141575686, 0.22440335188, 0.27315733084]
    ],
    [
      [1.02017424e-07, 0.0028741451405, 0.52694392562, 0.040470634583, 0.42900768751, 0.00070350512197],
      [0.012651182843, 0.0071124374594, 0.0008725282393, 0.0086368179815, 0.90373485541, 0.066992178066],
      [0.03229728862, 0.018613693475, 0.00087479457741, 0.88493631619, 0.061707696549, 0.0015702105923],
      [0.0140989183, 0.55473609522, 0.030620408453, 0.11889925215, 0.22237784674, 0.059267479127],
      [0.29330858212, 0.078741189885, 0.20775089215, 0.061534879755, 0.18031871463, 0.17834574145]
    ],
    [
      [6.8128091659e-08, 0.0044623673887, 0.47607279027, 0.038419713396, 0.48036224152, 0.00068281928947],
      [0.0094958979819, 0.0060661274902, 0.00073782811359, 0.0083104014124, 0.91827670083, 0.057113044168],
      [0.02232502494, 0.029929683736, 0.00081296676811, 0.873940626, 0.071416203062, 0.0015754954944],
      [0.0071028609523, 0.655725684, 0.020762724219, 0.085246068559, 0.1877733413, 0.043389320964],
      [0.2087393801, 0.1304184126, 0.19927285227, 0.062230472711, 0.21495746173, 0.18438142059]
    ],
    [
      [6.9197170145e-08, 0.0028829746304, 0.57594722417, 0.030273806705, 0.39023712132, 0.00065880397753],
      [0.011111096105, 0.0068665301637, 0.00086247217002, 0.0068169487039, 0.90481306423, 0.069529888629],
      [0.028811164151, 0.024557844486, 0.0012573572965, 0.86952026896, 0.073917767695, 0.00193559741],
      [0.010117941678, 0.58747436927, 0.035397471047, 0.094076967263, 0.21420110416, 0.058732146581],
      [0.22515269071, 0.089563167756, 0.25757078412, 0.052202986245, 0.18618823059, 0.18932214057]
    ],
    [
      [0, 0.0016826580559, 0.45966903439, 0.055170261013, 0.48210872292, 0.0013693236123],
      [0, 0.0034495846214, 0.00038957152813, 0.00932292213, 0.88051208463, 0.10632583709],
      [0, 0.0080282450054, 0.00054034554116, 0.93279846465, 0.056410208599, 0.0022227362078],
      [0, 0.37573588273, 0.029016745003, 0.18325930361, 0.28264788184, 0.12934018682],
      [0, 0.055836640225, 0.22251616691, 0.12287852537, 0.22342948336, 0.37533918414]
    ],
    [
      [6.9804731182e-08, 0.0019407984766, 0.56206243283, 0.059776326373, 0.37570482703, 0.0005155454857],
      [0.011345096815, 0.0057423682009, 0.0016218139976, 0.01417040249, 0.91255298636, 0.054567332133],
      [0.016462718209, 0.0088814935308, 0.00064392288861, 0.93609213255, 0.037919732823, 0],
      [0.011564924306, 0.45420468347, 0.038377719335, 0.21121693299, 0.23260594475, 0.052029795143],
      [0.23762809257, 0.062251364213, 0.2562465815, 0.10646337893, 0.18420671004, 0.15320387274]
    ],
    [
      [6.3207029548e-08, 0.0024681383824, 0.51296207974, 0.041862108117, 0.44179706862, 0.00091054193326],
      [0.0085191950983, 0.0062080139761, 0.00073083115148, 0.007590915831, 0.89222687442, 0.084724169525],
      [0.019367536506, 0.015499666529, 0.00081171576697, 0.90106084873, 0.061298931135, 0.001961301337],
      [0.0091794865794, 0.50893132251, 0.030934795193, 0.12974763012, 0.24051911076, 0.080687654839],
      [0.19567235233, 0.072741702965, 0.21544128558, 0.068380999193, 0.19919201662, 0.24857164331]
    ],
    [
      [2.1676618208e-08, 0.00076633448814, 0.83472866903, 0.013881612318, 0.15023152214, 0.0003918403466],
      [0.0077298351032, 0.0047889777143, 0, 0.0028404365559, 0.87420773962, 0.11043301101],
      [0.016500551821, 0.012382683508, 0, 0.91428251144, 0.05231713453, 0.0045171186991],
      [0.0078605259231, 0.47905903792, 0.097779663933, 0.11457392159, 0.2114393784, 0.089287472234],
      [0.13877026609, 0.06510534497, 0.45607725969, 0.038509167229, 0.11501258697, 0.18652537506]
    ],
    [
      [7.3521922736e-08, 0.0023804179772, 0.56214247177, 0.039466236321, 0.39523968963, 0.00077111077785],
      [0.015003061494, 0.01192324919, 6.1117961153e-05, 0.005395200552, 0.88412137, 0.083496000797],
      [0.018413887181, 0.012562676973, 0.00060236073477, 0.92384308924, 0.043264187969, 0.0013137979012],
      [0.0089825897821, 0.62420318303, 0.024185994942, 0.10771608079, 0.17770846655, 0.0572036849],
      [0.24788370261, 0.07427940099, 0.2144693962, 0.066356962118, 0.17869570539, 0.21831483269]
    ],
    [
      [1.6437033769e-07, 0.0021461909176, 0.53578162618, 0.062807674934, 0.39853299074, 0.00073135285353],
      [0.024409653872, 0.0054370097128, 0.00057458495188, 0.013142146, 0.88233054995, 0.074106055516],
      [0.025436197993, 0.0085596046353, 0.0020178349818, 0.92146872427, 0.040089468542, 0.0024281695778],
      [0.024686673049, 0.44945834168, 0.033658306718, 0.20056999301, 0.22467373966, 0.066952945876],
      [0.39721251661, 0.049363132635, 0.17675302316, 0.080241824186, 0.14077017261, 0.1556593308]
    ],
    [
      [1.2495613355e-07, 0.0023754669954, 0.57661449845, 0.024920973791, 0.39510878615, 0.00098014965826],
      [0.01123966821, 0.0073671716708, 0.0022367593108, 0.0064729438567, 0.87305193614, 0.099631520809],
      [0.057880568131, 0.02261242793, 0.0013409980462, 0.83233130121, 0.082653114339, 0.0031815903414],
      [0.019420233214, 0.53739212929, 0.036366083953, 0.083059708301, 0.23054942507, 0.093212420175],
      [0.33075280088, 0.058984153504, 0.20039588516, 0.034275439872, 0.14969795317, 0.22589376742]
    ],
    [
      [6.6382443473e-08, 0.0029729177198, 0.45434910376, 0.027369963895, 0.51400920939, 0.0012987388488],
      [0.0091818553409, 0.0070852702138, 0.000958519596, 0.0056702476089, 0.87802119172, 0.099082915516],
      [0.028332662464, 0.026130087609, 0.0009665634555, 0.84232442479, 0.098385678071, 0.0038605836123],
      [0.0081944941364, 0.56203110177, 0.022643872549, 0.072415612329, 0.23690706147, 0.097807857743],
      [0.1857128894, 0.07929650853, 0.16763909031, 0.040096036745, 0.20713975614, 0.32011571888]
    ],
    [
      [9.0455708145e-08, 0.0022289985243, 0.48214735633, 0.060281575202, 0.45443134921, 0.00091063028126],
      [0.011899646325, 0.0050009498328, 0.000461736447, 0.011167515216, 0.88980338284, 0.081666769341],
      [0.0204121381, 0.0092063361929, 4.2486931472e-05, 0.92269456655, 0.045561203786, 0.0020832684352],
      [0.013056790166, 0.44653948564, 0.029327521189, 0.18479316508, 0.24615753879, 0.080125499141],
      [0.25317197112, 0.05957115302, 0.18583639477, 0.089465532826, 0.18660474256, 0.2253502057]
    ],
    [
      [9.7627344996e-08, 0.0032587150117, 0.39607124231, 0.043230555552, 0.55647757367, 0.00096181582005],
      [0.010648876559, 0.0060638623655, 0, 0.0066384216554, 0.90449914883, 0.072149690594],
      [0.02841664686, 0.019420767464, 0, 0.87629313778, 0.073542117498, 0.002327330396],
      [0.011581164358, 0.54234711343, 0.019674882224, 0.10917474294, 0.24764993756, 0.069572159492],
      [0.27083401343, 0.088122912886, 0.13094406109, 0.063433962792, 0.21864749804, 0.22801755177]
    ],
    [
      [4.9416045846e-08, 0.0014660221413, 0.38194892769, 0.070914745332, 0.54475859749, 0.0009116579388],
      [0.0028274414591, 0.00056138470308, 0.0009869821552, 0.011067651701, 0.91244961305, 0.072106926929],
      [0.0088946191743, 0.0054347733853, 0.00034935976184, 0.94003758899, 0.044134432571, 0.0011492261145],
      [0.0076833019432, 0.32621747665, 0.024303347297, 0.23811124448, 0.31708328863, 0.086601340997],
      [0.15926621276, 0.044668926789, 0.16434321458, 0.12004396921, 0.25331696465, 0.258360712]
    ],
    [
      [5.1712974226e-08, 0.0017898821995, 0.54513268854, 0.020159699647, 0.43216252743, 0.00075515046844],
      [0.0075673709456, 0.0055550801482, 0.00139994849, 0.0019683379199, 0.90915691831, 0.074352344184],
      [0.028834645348, 0.02058997174, 0.0015282357313, 0.83745194617, 0.10864484019, 0.0029503608199],
      [0.0094935605128, 0.48794186986, 0.040616258122, 0.079531508032, 0.29760541678, 0.084811386693],
      [0.18448900406, 0.06054038053, 0.25839380517, 0.037662327715, 0.22242469491, 0.23648978761]
    ],
    [
      [6.2048089408e-08, 0.0034076087201, 0.66033555767, 0.036151735507, 0.29960547366, 0.00049956239938],
      [0.012438932796, 0.011657803023, 0.00095116356103, 0.010209238148, 0.89631288465, 0.068429977826],
      [0.024271293862, 0.022257163634, 0.001786321352, 0.90345431515, 0.048061815147, 0.00016909085185],
      [0.0084234127475, 0.65632607929, 0.037216770561, 0.10447485617, 0.15224065454, 0.041318226695],
      [0.21345702398, 0.11157581203, 0.30823472232, 0.065572818965, 0.14997130935, 0.15118831335]
    ],
    [
      [7.1671741216e-08, 0.0011821868994, 0.35437299155, 0.045274426795, 0.59809411595, 0.0010762071314],
      [0.0072318706639, 0, 0, 0.0086923096415, 0.90683486729, 0.077240952406],
      [0.025891844595, 0, 0, 0.90011910527, 0.071971814177, 0.0020172359578],
      [0.01239096911, 0.29345761683, 0.024814500243, 0.1688567625, 0.38660483539, 0.11387531593],
      [0.22032745135, 0.029433912621, 0.1396399282, 0.07081241235, 0.25640914053, 0.28337715496]
    ],
    [
      [6.9237842322e-08, 0.0012997044084, 0.69812215907, 0.040885695228, 0.25872146211, 0.00097090994442],
      [0.018686025496, 0.0039091558935, 0.0022525515299, 0.013281880885, 0.83439630878, 0.12747407742],
      [0.021159781512, 0.008212883247, 0.00099336172288, 0.93163551861, 0.035920894869, 0.002077560035],
      [0.014645579054, 0.40611533913, 0.056136454757, 0.18872849179, 0.20762813431, 0.12674600096],
      [0.22120526337, 0.038861550281, 0.28059656059, 0.06805764389, 0.11861024909, 0.27266873278]
    ],
    [
      [7.8183742301e-08, 0.0041327116357, 0.39930184751, 0.058418352643, 0.53533401475, 0.0028129952802],
      [0.0076766765328, 0.010878632988, 0, 0.012330763779, 0.83092961496, 0.13818431174],
      [0.017552343859, 0.023050362661, 0, 0.90649482341, 0.052902470066, 0],
      [0.0070059071798, 0.53312676454, 0.014705696481, 0.11176028169, 0.17891886225, 0.15448248785],
      [0.17062075857, 0.074079481727, 0.077445394948, 0.057862944984, 0.14579945987, 0.4741919599]
    ],
    [
      [8.3304452194e-08, 0.00230146732, 0.60251262751, 0.02667391583, 0.36782138855, 0.00069051748211],
      [0.012680899599, 0.0067331838646, 0.0011837199209, 0.0059162451131, 0.8941792243, 0.079306727205],
      [0.038046593984, 0.021500994409, 0.0013669298982, 0.86134750918, 0.075536937646, 0.0022010348827],
      [0.013826808831, 0.5523769868, 0.040291340261, 0.094759641206, 0.22869674715, 0.070048475751],
      [0.26814078913, 0.069561024078, 0.25437083802, 0.044686937614, 0.16947941086, 0.19376100031]
    ],
    [
      [6.2416309343e-08, 0.004154069706, 0.53630721672, 0.035507189139, 0.42300561385, 0.0010258481678],
      [0.0091889324538, 0.0056319989371, 0.0013434522338, 0.0078480301324, 0.87875202367, 0.097235562574],
      [0.022049834984, 0.030055572479, 0.00097378374618, 0.87676755153, 0.067608208285, 0.0025450489732],
      [0.0067941392479, 0.64598340472, 0.024152432311, 0.082414828469, 0.17251036491, 0.068144830345],
      [0.18061356825, 0.1146441057, 0.21002167024, 0.054224845826, 0.1782824991, 0.26221331089]
    ],
    [
      [4.7402438695e-08, 0.00088330650091, 0.65117697386, 0.032450920661, 0.31471859152, 0.00077016005879],
      [0.0087040468384, 0, 0, 0.0084531742427, 0.88328042167, 0.099562357244],
      [0.022099105122, 0.0022369303358, 0.00084879924004, 0.91811698948, 0.054638203573, 0.0020599722516],
      [0.012010108952, 0.32493826373, 0.064513081924, 0.17818206441, 0.30032869181, 0.12002778916],
      [0.17547767738, 0.030675230989, 0.31210850114, 0.062767869907, 0.16740722103, 0.25156349956]
    ],
    [
      [7.1449649366e-08, 0.0011743637746, 0.81701215273, 0.0095820236488, 0.17190882285, 0.00032256553977],
      [0.013720656758, 0.0088590358999, 0, 0.007298732594, 0.88981574797, 0.080305826776],
      [0.075434163991, 0.029425955105, 0, 0.809803582, 0.082968291715, 0.0023680071891],
      [0.021217604084, 0.57631277811, 0.081949943341, 0.0633720116, 0.19749300213, 0.059654660736],
      [0.31148582385, 0.047501702618, 0.3993605076, 0.020940157101, 0.10317857149, 0.11753323735]
    ],
    [
      [7.2287417567e-08, 0.0031330097063, 0.51094178026, 0.049923435198, 0.43526349766, 0.00073820488361],
      [0.010066992143, 0.0074405991399, 0.0005177281012, 0.0097866430044, 0.90207899086, 0.070109046755],
      [0.019161962093, 0.016855379836, 0.00067706380305, 0.90959378389, 0.05246657852, 0.0012452318611],
      [0.0092662864771, 0.56051517786, 0.027551339607, 0.1359318335, 0.20907084728, 0.057664515277],
      [0.22068122742, 0.091215256885, 0.21412802347, 0.080646070028, 0.19435204268, 0.19897737951]
    ],
    [
      [0, 0.0012732410874, 0.50217834851, 0.029566464319, 0.46638274581, 0.00059920028122],
      [0, 0.0029134666243, 0.00048703154921, 0.0057474346197, 0.93524428663, 0.055607780572],
      [0, 0.011083335605, 0.0012443265866, 0.89704042388, 0.088854491831, 0.001777422093],
      [0, 0.38141615708, 0.048351019172, 0.13149622066, 0.36251379368, 0.076222809406],
      [0.066666666667, 0.055113367171, 0.30905096769, 0.064982502375, 0.28247294477, 0.22171355133]
    ],
    [
      [7.57419511e-08, 0.001382904515, 0.57441219549, 0.031513189767, 0.39190290837, 0.00078872611855],
      [0.012262548412, 0.0021279898715, 0.0010031844488, 0.0069856570243, 0.89450459205, 0.083116028194],
      [0.030080606503, 0.011267108699, 0.0011692977749, 0.88458592205, 0.070690891633, 0.0022061733447],
      [0.015473960464, 0.39895913005, 0.048395494083, 0.1376573892, 0.30104676654, 0.098467259666],
      [0.24479614469, 0.042395425277, 0.25050789682, 0.05366621399, 0.1844039692, 0.22423035002]
    ],
    [
      [9.20347261e-08, 0.0025231129588, 0.42551607551, 0.033557364499, 0.53742261756, 0.00098073742864],
      [0.010396757916, 0.0053100275955, 0, 0.0062275196302, 0.90189297598, 0.076172718882],
      [0.033888893722, 0.019833080528, 0, 0.85375178206, 0.089978382833, 0.0025478608533],
      [0.012941132679, 0.49395333112, 0.025227833806, 0.1002608332, 0.28354586482, 0.084071004376],
      [0.26003998862, 0.067708250482, 0.16044023763, 0.049674295793, 0.22008126938, 0.2420559581]
    ],
    [
      [7.7051176254e-08, 0.00088173891291, 0.629299884, 0.019881185751, 0.34898656444, 0.00095054983808],
      [0.013011279237, 0, 0.002202256697, 0.0054515498986, 0.87358275936, 0.1057521548],
      [0.046856327335, 0.0080994309676, 0.0017576237405, 0.84897655221, 0.090487807651, 0.003822258096],
      [0.019542439768, 0.32743469719, 0.062936107208, 0.10887776008, 0.33302256781, 0.14818642794],
      [0.24944831233, 0.026481944135, 0.26175012658, 0.033264838129, 0.16075150048, 0.26830327836]
    ],
    [
      [0, 0.0089346743234, 0.59103336778, 0.01847071621, 0.38059061586, 0.00097062583311],
      [0, 0, 0.00052716796668, 0.0038588281437, 0.88313545271, 0.11247855118],
      [0, 0.072936133835, 0.0040271533761, 0.82979031426, 0.08983864922, 0.00340774931],
      [0, 0.88050023066, 0.010281657573, 0.018374145699, 0.063879119385, 0.026964846686],
      [0, 0.27166669932, 0.27017091538, 0.029147906444, 0.16410568799, 0.26490879087]
    ],
    [
      [9.1705298901e-08, 0.0024592658296, 0.58174519405, 0.049453277766, 0.36552279472, 0.00081937592674],
      [0.014773355822, 0.0067571966391, 0.00068229003177, 0.011217968932, 0.876567006, 0.090002182579],
      [0.024523060022, 0.013856935516, 0.0012171458895, 0.91542267001, 0.04318998525, 0.0017902033095],
      [0.013737402347, 0.51192075498, 0.03671420374, 0.15736189948, 0.20543397443, 0.074831765027],
      [0.26399380783, 0.067550481794, 0.23039115508, 0.075424727902, 0.15421224649, 0.2084275809]
    ],
    [
      [7.5647274114e-08, 0.0017280067427, 0.55102820249, 0.054509538528, 0.39216630351, 0.00056787308341],
      [0.011800316774, 0.0045969013395, 0.0006255142791, 0.011972250715, 0.91242482115, 0.05858019574],
      [0.018998839475, 0.0068608954196, 0.0013748888664, 0.92864419701, 0.044121179226, 0],
      [0.013304385325, 0.42269506305, 0.040800017337, 0.20365790412, 0.2586816551, 0.060860975068],
      [0.24852774057, 0.054156999904, 0.24898419084, 0.094862509584, 0.18874468694, 0.16472387217]
    ],
    [
      [4.974190264e-08, 0.0017721989776, 0.67308891504, 0.022556428211, 0.30193724031, 0.0006451677169],
      [0.011369025411, 0.0065955865995, 0, 0.0045235639593, 0.88838417879, 0.089127645238],
      [0.027485698554, 0.020653959788, 0.0012792965907, 0.87287963107, 0.075206096399, 0.0024953176004],
      [0.010204723479, 0.52173347467, 0.056779585104, 0.098708362904, 0.23180442547, 0.080769428369],
      [0.18444204031, 0.062404774692, 0.33601558413, 0.043992000741, 0.1624375999, 0.21070800023]
    ],
    [
      [5.7984528113e-08, 0.0017983884427, 0.58601055787, 0.049284087283, 0.36229433755, 0.00061257086993],
      [0.0096704854258, 0.0051177891339, 0.00069710776978, 0.011564811567, 0.90291544911, 0.070034356991],
      [0.015961292621, 0.0096911123283, 0.0004346062643, 0.92955604274, 0.041673755628, 0.0026831904227],
      [0.01025903916, 0.45651133267, 0.042542754989, 0.18600658065, 0.23863416024, 0.066046132279],
      [0.20390524626, 0.059569024652, 0.27468294247, 0.090455117675, 0.18270810424, 0.1886795647]
    ],
    [
      [5.6602089098e-08, 0.0015065683269, 0.6871255342, 0.016554757075, 0.29453554335, 0.00027754043853],
      [0.012128064166, 0.010474221422, 0.0010008294383, 0.0049332615407, 0.94217488704, 0.029288736389],
      [0.043015275173, 0.021875581052, 0.0011981569952, 0.84222087498, 0.091690111801, 0],
      [0.01319657636, 0.5486986484, 0.063091161992, 0.082677895346, 0.25313513387, 0.039200584034],
      [0.24618656057, 0.06032320174, 0.3782308074, 0.03652667278, 0.17688045871, 0.1018522988]
    ],
    [
      [5.3974802706e-08, 0.0012817299169, 0.52590477069, 0.030293715448, 0.44137827802, 0.0011414519553],
      [0.0072078148755, 0.0029187002104, 0.00050537246985, 0.0056925060707, 0.87908946039, 0.10458614598],
      [0.023832336816, 0.0099187363442, 0.0027431682227, 0.88151874263, 0.081532769559, 0.00045424642349],
      [0.010584481596, 0.36119076818, 0.04270244444, 0.12644724726, 0.32230526218, 0.13676979635],
      [0.16982161741, 0.03816415644, 0.22294347755, 0.049961678997, 0.20041217279, 0.31869689682]
    ],
    [
      [5.7737760246e-08, 0.0053890371926, 0.63630678322, 0.02981439431, 0.32761835204, 0.00087137550345],
      [0.010137550274, 0.016162643773, 0.00079692403588, 0.0073838772218, 0.8607103978, 0.1048086069],
      [0.025762661636, 0.028362291812, 0.0035896474616, 0.8729995688, 0.065401750894, 0.0038840793935],
      [0.0054933148186, 0.74191655726, 0.024950354535, 0.060471015607, 0.11660355967, 0.050565198111],
      [0.1719391099, 0.15345824502, 0.25606017975, 0.046866765856, 0.14205473541, 0.22962096407]
    ],
    [
      [5.9007830805e-08, 0.0062413474869, 0.31010637389, 0.092871845039, 0.58868842864, 0.002091945935],
      [0.0028746756894, 0.010007384317, 0, 0.013229700916, 0.84750300492, 0.12638523416],
      [0.0078609011758, 0.017170046108, 0, 0.93815443805, 0.034880321518, 0.0019342931526],
      [0.0038970711407, 0.62455065146, 0, 0.14161040832, 0.1450111586, 0.084930710479],
      [0.12376569985, 0.1421464225, 0.034526113838, 0.13149973184, 0.17631244004, 0.39174959193]
    ],
    [
      [1.1862622084e-07, 0.0028913836361, 0.43065049317, 0.081193477076, 0.48449904183, 0.00076548566347],
      [0.014544954477, 0.0061500737338, 0, 0.014255645864, 0.90025714739, 0.064792178538],
      [0.019787530419, 0.0098625395433, 0, 0.93249778077, 0.03695161321, 0.00090053606024],
      [0.014235065468, 0.48301786409, 0.021793907161, 0.20698844496, 0.21799994056, 0.055964777759],
      [0.30663398896, 0.07535115184, 0.14757138473, 0.11254352237, 0.18332219398, 0.17457775812]
    ],
    [
      [3.8599046918e-08, 0.0015945573797, 0.46039661086, 0.036524108313, 0.50064139968, 0.00084328516406],
      [0, 0.003318614439, 0.0017030537246, 0.0094378357478, 0.91246790047, 0.073072595618],
      [0.010552386448, 0.011707845121, 0.0029750062981, 0.89570346157, 0.077041868886, 0.0020194316785],
      [0.0067879948577, 0.40238937377, 0.033228222292, 0.13763984557, 0.3292849409, 0.090669622615],
      [0.13668149071, 0.053709097507, 0.21962313643, 0.068159302073, 0.25705271281, 0.26477426047]
    ],
    [
      [3.5973342967e-08, 0.0011472204326, 0.82525599261, 0.014622625492, 0.15854569687, 0.00042842862219],
      [0.013736691669, 0.0095099410744, 0, 0.0073545657538, 0.86130234228, 0.10809645922],
      [0.03518365943, 0.020486669301, 0, 0.87867087568, 0.063018242244, 0.0026405533439],
      [0.01143075951, 0.50724190616, 0.11043042103, 0.098705076484, 0.18918231318, 0.083009523631],
      [0.15859712289, 0.047745446972, 0.4934152744, 0.033789385467, 0.1014443391, 0.16500843117]
    ],
    [
      [6.1653499212e-08, 0.0030679202389, 0.3856773062, 0.089522667231, 0.52105986502, 0.00067217965037],
      [0.0054927411297, 0.0086985599573, 2.7698546003e-05, 0.012004793563, 0.92084353376, 0.052932673039],
      [0.0089847737769, 0.0091730659504, 0.00028565849632, 0.94708546561, 0.033790720819, 0.00068031534449],
      [0.0068118833223, 0.50445166016, 0.017479470587, 0.2127253781, 0.2134143597, 0.045117248135],
      [0.19236028973, 0.090257165596, 0.15904072775, 0.14513876087, 0.23074071744, 0.18246233861]
    ]
  ],
  "expected_outcome": [
    [
      [2.8198622465e-06, 2.5568644086e-06, 7.5492893757e-06, 3.2701483996e-06, 4.9129990803e-06, 0, 3.2808223656e-06, 2.0858319751e-06, 6.5029854625e-08, 2.9408769094e-07, 3.6161474292e-06, 1.3745174691e-06, 7.9658932167e-07, 5.608253905e-06, 2.5383109699e-06, 6.9182464185e-07, 8.2740758761e-07, 4.2192700797e-06, 5.7337392972e-07, 2.0771352697e-07, 1.4073073614e-06, 1.4161756873e-06, 1.9349055896e-06, 4.2662194826e-07, 1.4289929873e-07, 9.8310887891e-06, 0, 1.0603873154e-06, 6.9026044575e-06, 7.7051176254e-07, 0, 1.0362698776e-05, 9.2289674419e-06, 2.3876113267e-06, 3.1311645181e-06, 1.6980626729e-06, 3.9401605975e-06, 2.1940348894e-06, 1.1801566161e-07, 1.2337126967e-05, 8.8777807911e-07, 6.2233883333e-06, 2.034565474e-06],
      [0.097472903734, 0.10997485971, 0.2126867404, 0.21419363466, 0.20469119876, 0.020191896671, 0.091217528398, 0.081448566619, 0.0022990034644, 0.0095216719086, 0.047216200187, 0.026130136949, 0.035675012637, 0.1381979085, 0.084726590305, 0.020524309978, 0.028638115192, 0.23171739296, 0.0094574951956, 0.0038991132252, 0.074388809442, 0.03912494444, 0.12877616088, 0.0079497585082, 0.0023487275492, 0.42608932006, 0.12732410874, 0.01936066321, 0.18923347191, 0.0088173891291, 0.044673371617, 0.27789703875, 0.21081682261, 0.085065550925, 0.097112975904, 0.045197049808, 0.093566283934, 0.20478341332, 0.012482694974, 0.30070389815, 0.036674819734, 0.19846913484, 0.10124136788],
      [26.2227265755, 20.8831483514, 38.9938504962, 22.8514939331, 40.8922529162, 5.5160284127, 26.4169343431, 16.9277486315, 2.5041860071, 2.2485698871, 11.787195776, 6.342759483, 5.4521892451, 29.8931360923, 10.2978523002, 5.3472849876, 8.7221230167, 44.9028179212, 2.8349839324, 2.0943664772, 7.1874332551, 10.2427146677, 16.6255237183, 5.8605927647, 1.6340243055, 69.4880821154, 50.2178348505, 8.0417707368, 31.9137056635, 6.29299884, 2.9551668389, 65.7372069276, 67.2254407041, 32.3082679221, 31.6445701248, 20.6137660261, 38.3910482603, 24.1796577624, 0.62021274778, 44.7876512899, 10.5891220499, 142.7692867215, 12.7273511047],
      [1.8837431033, 1.2355071422, 2.9948269591, 1.844146243, 2.149440276, 0.66204313216, 2.8094873395, 1.3814495679, 0.041644836954, 0.15786494529, 1.3817688485, 0.2741307117, 0.32843956674, 3.7374576625, 1.1239944444, 0.99280643465, 0.32255519435, 2.4583180145, 0.36219541436, 0.12265708568, 1.0515303476, 0.45345656911, 1.1007228633, 0.29205828595, 0.019164047298, 6.7895871869, 2.9566464319, 0.44118465673, 2.5168023374, 0.19881185751, 0.092353581048, 5.5882203875, 6.6501637004, 1.0827085541, 2.6613407133, 0.49664271225, 2.2114412277, 1.1329469838, 0.18574369008, 8.4441216159, 0.8400544912, 2.5297142102, 2.9542480186],
      [28.7337336522, 21.727559527, 31.7465688759, 23.0573875932, 27.7068356137, 5.7853046751, 17.6581268703, 14.5793032644, 0.45069456642, 1.5809587585, 8.7677257963, 4.3461966476, 6.1681105127, 28.174743651, 14.4684169155, 7.6266203648, 6.9146004389, 20.3731722089, 4.7847529276, 0.77616438632, 9.6360122655, 6.2529636054, 13.1131740294, 2.8324673237, 0.34381764571, 59.1958356824, 46.6382745807, 5.4866407172, 40.3066963174, 3.4898656444, 1.9029530793, 41.3040758038, 47.8442890278, 14.4929875348, 19.5638942279, 8.8360663006, 32.2206142952, 12.4494973773, 1.1773768573, 50.3879003499, 11.5147521927, 27.4284055584, 17.1949755458],
      [0.062320945378, 0.043807562876, 0.052059379026, 0.032775325894, 0.046775082404, 0.016431883348, 0.024230637828, 0.030047883797, 0.0011755210398, 0.0030844431114, 0.016089762778, 0.010781646241, 0.015584866186, 0.056459077438, 0.025007211321, 0.012763211143, 0.012082407495, 0.033970243158, 0.0086096570511, 0.0029127298333, 0.050633915043, 0.011738797196, 0.031801293202, 0.0069314405291, 0.00064513107954, 0.10039586417, 0.059920028122, 0.01104216566, 0.073555307148, 0.0095054983808, 0.0048531291656, 0.092589479722, 0.069280516176, 0.030968050411, 0.033078826976, 0.008326213156, 0.083325992735, 0.033112269131, 0.0041838918699, 0.079610509001, 0.019395558773, 0.074118151639, 0.022181928462]
    ],
    [
      [0.49363240731, 3.9687368479, 6.8822434666, 5.4221577477, 11.9333172163, 0, 2.2463291693, 2.9646798942, 0.34011274454, 0.75015307472, 16.5741549789, 2.090578287, 1.6894613827, 9.9719036207, 7.9227641603, 0.5881078235, 1.536176302, 3.2465614598, 0.98353441029, 1.8312304986, 0.82908106554, 1.7626450442, 2.6004678844, 0.80947635597, 0.69975349465, 4.9831611107, 0, 5.3464711078, 11.3636564025, 1.6654437423, 0, 9.0117470516, 7.6820062197, 2.5011855904, 1.1604582511, 0.70342772164, 0.92980811894, 1.814621499, 0.25009678498, 11.185069993, 0, 18.2560632282, 0.60969426539],
      [0.51578826381, 3.7921782099, 3.8691659779, 3.4637587969, 7.3746533958, 0.50708893934, 1.1369889038, 2.1603888637, 0.21071501943, 0.59616245952, 3.691729595, 1.3702939308, 1.3036897193, 4.1907959599, 4.5115135999, 0.11676801824, 1.1276812701, 3.042686589, 0, 0.38309727757, 1.1748923627, 0.93591255718, 1.5938556992, 0, 0.4518108309, 3.6830965742, 0.46906812652, 0.92780358398, 5.8038601619, 0, 0, 4.1218899499, 2.992582772, 1.4510290519, 0.61413469607, 0.60750484245, 0.37651232714, 2.8931132354, 0.87064243555, 4.7294067013, 0.47124325034, 12.6387116879, 0.96554015526],
      [0.23374345353, 0.83905407012, 0.47465536218, 0.42129985286, 0.9262951106, 0.057267014636, 0.32111917152, 0.25432924072, 0, 0.0030558980576, 0.39014318233, 0.41603723181, 0.17636760566, 0.38693514259, 0, 0.20529228828, 0.28418954347, 0.24825368943, 0, 0.22075004993, 0, 0.16453706901, 0.38019698215, 0, 0, 0.2562754101, 0.078412079423, 0.43738841969, 0, 0.28188885722, 0.027939902234, 0.41619691938, 0.40720979569, 0, 0.083652932373, 0.05804810742, 0.065193048611, 0.14264940242, 0, 0, 0.24183362889, 0, 0.0030745386063],
      [0.5029980537, 4.3656456418, 4.698428982, 4.7452392065, 7.321402908, 1.3704695531, 2.805739693, 2.6416387092, 0.12497920846, 0.2697600276, 8.9235171343, 1.2039675573, 1.04332556, 9.3583777512, 4.9389857116, 2.3020715539, 0.39957259774, 2.6646111566, 1.1821541112, 1.3016243267, 1.3317224882, 0.82235807072, 2.2209925275, 0.78614520457, 0.37223536229, 4.8443882872, 0.92533697377, 3.0457464626, 6.8066789558, 0.69779838702, 0.20451789161, 6.8429610483, 7.7939352152, 0.99518407105, 1.387777388, 0.28612916936, 0.73433328312, 1.3217140227, 1.1509839797, 10.9625916695, 1.3401726762, 9.7742178868, 1.3325320855],
      [72.9409602512, 546.3492337621, 491.6317613436, 524.3359961759, 971.7692309814, 129.435276441, 180.6854913, 310.4949522974, 38.4651405431, 44.2060685002, 599.1024434138, 162.3876601227, 161.5558992773, 745.6552348175, 672.9473667261, 189.7895195149, 184.5588544174, 233.9376628925, 123.3295419512, 81.77083826, 89.7403984153, 124.2909121774, 248.6868226984, 82.1450792157, 45.3806031466, 446.5291004743, 150.5743301482, 390.0040021334, 985.7690227414, 111.8185931986, 46.8061789937, 534.7058736575, 593.9885585704, 195.4445193343, 108.3498538935, 54.6461434485, 113.4025403906, 154.0671612061, 73.7327614281, 692.2977463408, 129.5704418669, 1144.6708128949, 102.2136322479],
      [7.3128775705, 50.6851514682, 36.4437448677, 32.6115482202, 74.6751003878, 15.6298980519, 10.8043317623, 29.4840109948, 4.8590524844, 4.1748000399, 50.3180116957, 18.5314628704, 18.2312564549, 68.4367527081, 53.679369802, 14.9982408012, 15.0935258694, 17.8602242126, 10.5047695273, 12.4924595872, 14.9239056683, 11.0236350815, 27.5176642083, 9.2592992237, 4.0955971656, 34.7039781436, 8.9528526721, 36.2385882925, 83.2567817385, 13.5362758149, 5.9613632125, 54.9013313733, 38.135707427, 19.6080819523, 8.404122839, 1.6987467106, 13.4916128316, 18.7607406343, 10.9955153717, 49.8251852954, 10.3763085777, 143.6601943023, 5.8755267073]
    ],
    [
      [0.97838106237, 9.0986965938, 14.1462124157, 6.2956570332, 13.886981121, 0, 3.2925436418, 3.1569084505, 0.37951269189, 0.25779442053, 19.2297656829, 4.2831620417, 2.6349376091, 22.0655212862, 5.8822459001, 0.43583633954, 1.0092125872, 8.3250537946, 1.4240514528, 1.3330662353, 2.6855086104, 5.1743367818, 4.6525151816, 1.5248382534, 2.4138932477, 12.378627512, 0, 3.6999145998, 11.7255572276, 2.6708106581, 0, 18.6865717364, 15.4080588146, 5.1673113282, 2.7293810382, 3.7423289401, 4.7188026896, 6.9559186417, 0.31443604703, 14.1282967189, 1.0235814855, 24.276725007, 0.64690371194],
      [0.69462520149, 8.0081102317, 8.152797742, 8.4401708135, 11.8368810424, 0.57803364039, 1.7762987062, 2.5264456442, 0.28480172069, 0.17587747762, 6.4710611043, 1.6733196668, 2.4300981477, 9.9520494246, 4.0200988649, 0.26630389588, 0.7206490109, 7.6342071263, 0, 0.51741164456, 3.5267054871, 2.9241352396, 6.341725793, 0.15434819317, 0.94163056336, 10.8885753743, 1.3300002727, 1.38585437, 6.8622458627, 0.46166756515, 1.5316588105, 10.5589848635, 5.5641861853, 3.8829444402, 1.6571802081, 1.9031755515, 1.9639097962, 7.6578187892, 0.68680184432, 7.0418532339, 1.1356609768, 14.1358018174, 0.66046074843],
      [0.046428085867, 0.38857067911, 0.3831600249, 0.22925662861, 0.60604621692, 0.038904878963, 0.12878457772, 0.13230967002, 0, 0.0084330502868, 1.5254832463, 0.099233855416, 0.089890401361, 0.045928372921, 0, 0.01711862833, 0.053488250595, 0.61270822375, 0, 0.062581788542, 0, 0.18590246616, 0.20546837044, 0.058567147563, 0, 0.43738321677, 0.14931919039, 0.14382362631, 0, 0.10018455321, 0.084570220898, 0.92746516784, 1.1150348706, 0.24050775905, 0.074317671195, 0.10423965858, 0.5431473081, 0.96920481464, 0, 0, 0.28857561092, 0, 0.020567411735],
      [47.7049224632, 304.2835952829, 387.6021064897, 246.4512565317, 419.1087696393, 67.1614894545, 187.2184265097, 146.8729183423, 21.0284977632, 12.9338032494, 696.6303555479, 61.5925162897, 78.3361715053, 997.4328264447, 181.3926795208, 46.0618418607, 29.3108181158, 309.8848300977, 49.5065507898, 58.6930376727, 138.6937079824, 117.1432612485, 184.9979533736, 63.3500722739, 25.913714624, 587.5975843909, 107.6448508661, 108.8040684116, 295.3981165942, 48.3916634759, 17.4255965994, 697.5520745498, 753.1304437772, 164.1013706407, 158.9540833078, 73.2732161232, 174.5407110416, 235.7098835769, 37.5261775218, 665.8034154684, 86.883235772, 606.2829042202, 68.1901535241],
      [4.425549599, 35.122233325, 27.0279710884, 20.1393692636, 35.6283640288, 4.0615350191, 7.5839465647, 9.991725775, 1.2032940942, 0.60569863157, 30.3076382178, 6.1163304611, 9.1498680606, 49.2516612932, 15.2232183222, 2.162587196, 3.8025694068, 16.4852025954, 3.9584497797, 2.2630163768, 8.0940779201, 10.2730235199, 14.2653319481, 3.7700360465, 2.6549853349, 33.8934097238, 10.6625390197, 8.6949796708, 31.1325204603, 5.1578050361, 1.8866116336, 32.9107687606, 35.7822763522, 14.138746123, 7.1262122124, 7.9770397267, 16.1434883727, 17.6584727413, 1.3952128607, 26.3834518318, 7.473061282, 43.4825871481, 2.432931899],
      [0.15009358808, 1.0987938875, 0.68775223941, 0.44428972943, 0.9329579516, 0.16003700696, 0, 0.31969211792, 0.10389373008, 0.018393170616, 1.8356962008, 0.23543768526, 0.35903427595, 2.2520131784, 0.48175739198, 0.056312079613, 0.1032626287, 0.057998162183, 0.11094797768, 0.1308862822, 0, 0.29934074405, 0.53700533335, 0.14213808536, 0.075776230051, 0.80441978224, 0.21329065116, 0.2713593214, 0.88155985524, 0.21786871147, 0.071562735511, 1.3641349218, 0, 0.46911970888, 0.45882556228, 0, 0.08994079185, 1.0487014363, 0.077371726103, 0.64298274701, 0.19588487282, 1.8219818073, 0.048982704803]
    ],
    [
      [0.048995657391, 0.72553716143, 1.2548037287, 0.4616859619, 1.2343888847, 0, 0.52042159376, 0.3121025437, 0.031442103692, 0.0089825897821, 1.530573729, 0.38840466429, 0.032777976545, 1.6320987708, 0.79910034068, 0.15366603886, 0.10442916564, 0.39590039913, 0.18586453665, 0.1903925277, 0.19616540103, 0.35949702961, 0.25817729142, 0.15613141637, 0.14852322859, 0.88029721532, 0, 0.51064069532, 1.3847011966, 0.17588195791, 0, 1.9507111332, 1.104263982, 0.24491336349, 0.23595790069, 0.092376034521, 0.10584481596, 0.1483195001, 0.074044351673, 1.2384506957, 0.14933588687, 1.0516298749, 0.08855448319],
      [2.5547657512, 43.6137721008, 49.3715124748, 42.6221694602, 71.6718730515, 4.8845664755, 20.4392107563, 17.3036649653, 1.9162361517, 0.62420318303, 27.8664171844, 10.7478425858, 2.2481244071, 55.8174357044, 37.4219508268, 6.524349533, 5.3673605685, 30.8473257265, 4.4018642524, 5.2794994087, 14.9275494072, 14.3618016569, 24.5473693792, 4.2241974285, 4.0341894468, 53.2489418962, 7.2469069845, 13.1656512915, 52.8530064303, 2.9469122747, 3.5220009226, 72.6927472066, 35.0836902328, 12.5216033922, 10.4997606515, 3.8408905388, 3.6119076818, 20.031747046, 11.8664623777, 42.0225541758, 8.852566223, 46.6662553669, 6.5578715821],
      [0.18766945223, 2.4861464361, 2.7252163523, 1.3495770743, 4.3184914677, 0.37721768503, 1.7269973701, 1.0517830366, 0.39111865573, 0.024185994942, 2.0868150165, 0.72732167906, 0.090575490196, 3.6659401486, 1.3575668735, 0.48606694594, 0.44677883934, 1.7491882164, 0.37221750364, 0.72977391184, 0.41175950147, 1.0475748468, 0.91779242781, 0.83867006502, 0.57364960339, 2.6173772626, 0.91866936426, 1.5970513047, 2.6993782173, 0.56642496487, 0.041126630291, 5.2134169311, 3.386401439, 1.3627100425, 0.97848336475, 0.44163813395, 0.4270244444, 0.67365957246, 0, 1.896069923, 0.73102089042, 10.1595987348, 0.22723311763],
      [0.69965240535, 7.4549527889, 10.5820334416, 5.5409944563, 11.477390006, 2.3823709469, 9.5047619845, 4.4114194242, 0.45829568637, 0.10771608079, 12.4353395669, 1.661194166, 0.28966244932, 23.0991456345, 7.5330572626, 4.7622248896, 0.87484658835, 4.9103182398, 2.5328514376, 2.4534703932, 3.1292878874, 2.4637506714, 3.1317634818, 2.3163668374, 0.4436040812, 12.9135241826, 2.4984281926, 4.5426938436, 10.7279091521, 0.97989984068, 0.073496582795, 22.3453897269, 16.903606042, 2.3690007097, 4.278151355, 0.57874526742, 1.2644724726, 1.6327174214, 2.6905977581, 18.0079947117, 3.0280766025, 9.0808670365, 2.7654299153],
      [1.8473368673, 23.1362348461, 19.7916283603, 12.2052671846, 26.1325347072, 3.674422464, 10.4672675139, 8.1776497657, 0.84575751358, 0.17770846655, 13.9297718589, 4.6109885013, 0.94762824589, 30.7696923491, 17.0878456914, 6.3416657726, 3.2736595846, 7.1553107636, 5.7990725308, 2.699165746, 5.009728143, 5.9461154259, 6.5553938666, 3.9042729935, 1.3824510149, 19.8617304919, 6.8877620799, 9.9345432959, 30.3394075354, 2.9972031103, 0.25551647754, 29.1716243685, 21.4705773736, 5.5633062113, 5.4885856856, 1.7719459371, 3.2230526218, 3.1482961111, 2.7552120134, 18.9659948287, 7.2442686997, 17.4047728129, 2.7743866761],
      [0.66157986657, 7.5833566667, 5.2748056423, 2.8203058627, 7.1653218828, 1.6814224286, 2.3413407815, 2.7433802645, 0.35714988893, 0.0572036849, 4.1510826443, 1.8642484035, 0.39123143097, 10.0156873926, 4.800479005, 1.7320268199, 0.93292525363, 1.9419566546, 1.7081297389, 1.6476980125, 4.3255096599, 1.8212603695, 2.5895035531, 1.5603612591, 0.41758262515, 5.4781289513, 1.4482333787, 3.249419569, 8.9955974683, 1.3336778515, 0.10785938674, 10.6261106338, 5.0514609306, 1.9384662809, 1.5190610424, 0.27440408824, 1.3676979635, 1.365260349, 1.6136834991, 4.868935665, 1.9947316975, 7.6368761741, 0.58652422576]
    ],
    [
