{
  "X": [
    [46, 246, 367, 85],
    [37, 121, 200, 37],
    [32, 101, 276, 50],
    [13, 39, 96, 15],
    [36, 251, 232, 56],
    [42, 215, 220, 50],
    [45, 194, 142, 35],
    [77, 497, 444, 73],
    [46, 369, 195, 49],
    [34, 336, 173, 46],
    [35, 205, 144, 33],
    [67, 380, 318, 51],
    [86, 507, 663, 95],
    [123, 1183, 851, 148],
    [29, 170, 106, 35],
    [45, 389, 333, 52],
    [37, 217, 164, 29],
    [29, 343, 283, 50],
    [38, 246, 347, 37],
    [9, 31, 112, 7],
    [18, 52, 54, 14],
    [28, 96, 228, 37],
    [9, 9, 27, 0],
    [11, 92, 280, 33],
    [3, 13, 91, 6],
    [22, 98, 196, 24],
    [9, 9, 20, 7],
    [9, 34, 109, 15],
    [17, 99, 159, 18],
    [13, 127, 225, 45],
    [11, 20, 59, 6],
    [29, 189, 148, 27],
    [17, 58, 226, 18],
    [9, 85, 106, 28],
    [28, 154, 153, 25],
    [44, 240, 249, 47],
    [11, 27, 74, 12],
    [3, 6, 23, 2],
    [12, 36, 54, 8],
    [32, 142, 121, 35],
    [41, 136, 117, 15],
    [39, 99, 240, 62],
    [3, 7, 36, 3],
    [3, 9, 53, 2],
    [6, 17, 58, 12],
    [3, 10, 28, 3],
    [12, 34, 107, 14],
    [12, 23, 31, 4],
    [11, 36, 65, 9],
    [3, 16, 82, 2],
    [0, 14, 73, 1],
    [70, 321, 275, 64],
    [33, 178, 194, 26],
    [48, 341, 188, 38],
    [23, 88, 124, 25],
    [6, 17, 18, 3],
    [1, 14, 18, 18],
    [16, 47, 166, 10],
    [10, 78, 54, 5],
    [104, 459, 703, 105],
    [10, 61, 78, 14],
    [6, 30, 119, 4],
    [10, 17, 76, 3],
    [22, 163, 208, 28],
    [24, 101, 188, 46],
    [4, 7, 51, 2],
    [28, 141, 125, 26],
    [22, 71, 93, 12],
    [15, 67, 141, 15],
    [5, 13, 63, 11],
    [26, 55, 173, 16],
    [24, 142, 143, 14],
    [23, 59, 135, 30],
    [0, 7, 0, 1],
    [15, 62, 124, 27],
    [8, 28, 48, 2],
    [7, 33, 103, 24],
    [12, 29, 166, 17],
    [7, 145, 147, 21],
    [97, 633, 924, 121],
    [14, 119, 159, 25],
    [224, 483, 902, 233],
    [25, 60, 101, 17]
  ],
  "W": [
    [46, 51, 242, 214, 102, 42, 47],
    [34, 31, 121, 114, 50, 23, 22],
    [44, 29, 118, 156, 50, 33, 29],
    [18, 6, 44, 61, 13, 14, 7],
    [22, 38, 267, 117, 52, 46, 33],
    [18, 46, 235, 113, 37, 33, 45],
    [14, 34, 193, 83, 27, 30, 35],
    [41, 68, 518, 254, 63, 66, 81],
    [20, 36, 358, 95, 54, 45, 51],
    [18, 42, 315, 94, 41, 19, 60],
    [13, 30, 230, 68, 27, 24, 25],
    [27, 67, 391, 177, 46, 43, 65],
    [77, 90, 547, 397, 91, 73, 76],
    [58, 119, 1224, 433, 189, 112, 170],
    [10, 28, 157, 53, 30, 29, 33],
    [22, 38, 408, 169, 72, 50, 60],
    [18, 37, 212, 92, 30, 25, 33],
    [22, 21, 350, 152, 59, 50, 51],
    [31, 44, 269, 180, 57, 47, 40],
    [24, 13, 23, 67, 18, 5, 9],
    [3, 14, 54, 24, 15, 11, 17],
    [40, 28, 101, 140, 46, 10, 24],
    [5, 7, 12, 16, 1, 4, 0],
    [41, 8, 102, 186, 30, 27, 22],
    [20, 3, 16, 56, 7, 5, 6],
    [48, 17, 108, 115, 19, 17, 16],
    [0, 11, 14, 6, 2, 3, 9],
    [25, 3, 41, 65, 21, 8, 4],
    [14, 17, 95, 105, 23, 18, 21],
    [16, 21, 147, 134, 28, 28, 36],
    [4, 11, 22, 47, 9, 0, 3],
    [16, 25, 183, 76, 36, 32, 25],
    [33, 14, 71, 137, 28, 21, 15],
    [9, 11, 101, 59, 12, 21, 15],
    [11, 26, 165, 86, 41, 11, 20],
    [27, 40, 260, 127, 56, 30, 40],
    [8, 9, 27, 52, 11, 6, 11],
    [1, 3, 6, 22, 1, 0, 1],
    [4, 7, 46, 23, 14, 11, 5],
    [9, 29, 133, 63, 46, 20, 30],
    [13, 50, 125, 70, 27, 9, 15],
    [49, 50, 103, 122, 46, 47, 23],
    [5, 2, 10, 21, 8, 1, 2],
    [3, 5, 10, 41, 4, 1, 3],
    [11, 7, 20, 38, 6, 7, 4],
    [3, 1, 14, 17, 6, 2, 1],
    [8, 8, 41, 73, 10, 16, 11],
    [1, 10, 27, 17, 6, 3, 6],
    [12, 6, 39, 38, 11, 7, 8],
    [27, 7, 12, 44, 4, 6, 3],
    [10, 0, 17, 49, 9, 1, 2],
    [29, 69, 337, 131, 88, 21, 55],
    [10, 30, 198, 108, 43, 26, 16],
    [17, 40, 326, 105, 51, 26, 50],
    [6, 11, 89, 85, 19, 16, 34],
    [4, 7, 14, 8, 5, 4, 2],
    [3, 3, 12, 9, 6, 7, 11],
    [23, 16, 48, 107, 16, 14, 15],
    [5, 11, 82, 26, 12, 5, 6],
    [88, 82, 481, 376, 129, 83, 132],
    [8, 16, 60, 39, 10, 16, 14],
    [11, 5, 40, 73, 14, 9, 7],
    [17, 9, 19, 40, 9, 4, 8],
    [20, 26, 153, 118, 46, 15, 43],
    [33, 14, 99, 113, 58, 24, 18],
    [10, 2, 12, 24, 11, 4, 1],
    [9, 28, 135, 57, 32, 20, 39],
    [17, 25, 59, 39, 23, 15, 20],
    [23, 8, 72, 84, 27, 14, 10],
    [14, 8, 13, 43, 6, 1, 7],
    [24, 23, 65, 103, 28, 18, 9],
    [18, 24, 125, 80, 54, 7, 15],
    [28, 12, 62, 75, 22, 24, 24],
    [0, 1, 5, 0, 1, 0, 1],
    [23, 15, 59, 69, 12, 23, 27],
    [11, 9, 26, 23, 8, 4, 5],
    [17, 9, 43, 52, 19, 10, 17],
    [14, 11, 44, 109, 16, 10, 20],
    [3, 6, 170, 107, 19, 1, 14],
    [131, 100, 641, 509, 167, 100, 127],
    [20, 26, 108, 90, 26, 15, 32],
    [155, 206, 558, 487, 142, 121, 173],
    [24, 28, 77, 62, 3, 4, 5]
  ],
  "method": "mult",
  "cond_prob": [
    [
      [0.012703570811, 0.0016844638951, 0.87857422276, 0.10703774253],
      [0.63762078491, 0.066154971366, 0.12357247057, 0.17265177315],
      [0.0088152584457, 0.87609967502, 0.087133208318, 0.027951858215],
      [0.00021464242958, 0.0090832829597, 0.95924515009, 0.031456924523],
      [0.055789641548, 0.1458904541, 0.5923344257, 0.20598547865],
      [0.065955540117, 0.055708083164, 0.47988494537, 0.39845143135],
      [0.048022841821, 0.2418744979, 0.28394493819, 0.42615772209]
    ],
    [
      [0.022107454225, 0.00071655683572, 0.88733444231, 0.089841546629],
      [0.73438532469, 0.05191410196, 0.09760070557, 0.11609986778],
      [0.028889896343, 0.86751684497, 0.081643317208, 0.021949941477],
      [0.015399174419, 0.0038113807415, 0.95572808505, 0.025061359793],
      [0.086136279973, 0.14303343159, 0.59812956974, 0.1727007187],
      [0.099481295604, 0.056099000146, 0.49900824686, 0.34541145739],
      [0.074378834186, 0.25092343991, 0.29952253848, 0.37517518742]
    ],
    [
      [0.0040482185642, 0, 0.90182946991, 0.094122311521],
      [0.69071657925, 0.039305918895, 0.12698940979, 0.14298809206],
      [0.03344952575, 0.74495576849, 0.19143916988, 0.030155535874],
      [0, 0, 0.96941063266, 0.030589367339],
      [0.068612233096, 0.10118744581, 0.64276240827, 0.18743791282],
      [0.079581507949, 0.035001529287, 0.52027655952, 0.36514040324],
      [0.061629383764, 0.19796292803, 0.32798906278, 0.41241862542]
    ],
    [
      [0.025365019538, 0, 0.88193633766, 0.092698642802],
      [0.80236125904, 0.032138109315, 0.075565340289, 0.089935291359],
      [0.073801810687, 0.7985541146, 0.10138305128, 0.026261023431],
      [0.0072150769802, 0, 0.96282179019, 0.02996313283],
      [0.11408135566, 0.11945220563, 0.59147389081, 0.1749925479],
      [0.13277215657, 0.042337932314, 0.47945428782, 0.3454356233],
      [0.099999273232, 0.21788293942, 0.29674997322, 0.38536781413]
    ],
    [
      [0.013363043781, 6.7442306029e-05, 0.89431718557, 0.092252328347],
      [0.65839685882, 0.062291473757, 0.12873289279, 0.15057877463],
      [0.0090922441961, 0.8636270166, 0.10365754832, 0.02362319089],
      [0.0018517543585, 0.001442864772, 0.97238992302, 0.024315457846],
      [0.059090285935, 0.13978207487, 0.61962185674, 0.18150578245],
      [0.0704567537, 0.054500155281, 0.51254798801, 0.36249510301],
      [0.052392194019, 0.24541020061, 0.30877095753, 0.39342664784]
    ],
    [
      [0.01259945835, 0, 0.90411236821, 0.083288173437],
      [0.67742128776, 0.053676024813, 0.13297600512, 0.13592668231],
      [0.013712474344, 0.83206689192, 0.13081518746, 0.023405446278],
      [0, 0, 0.97769652498, 0.022303475021],
      [0.062770429245, 0.12884838306, 0.64113713214, 0.16724405555],
      [0.07559542004, 0.049391833348, 0.53688972726, 0.33812301935],
      [0.057160984406, 0.23550805741, 0.33218599718, 0.375144961]
    ],
    [
      [0.024876551828, 0.0021022833293, 0.8881288786, 0.084892286243],
      [0.771281581, 0.055407506166, 0.079049570006, 0.094261342829],
      [0.039977860162, 0.90497217289, 0.040452354565, 0.014597612382],
      [0.015245526742, 0.013659371375, 0.95053528046, 0.020559821428],
      [0.099880640783, 0.1622130318, 0.5793700269, 0.15853630051],
      [0.12083878923, 0.067317050188, 0.48743562673, 0.32440853385],
      [0.089288794617, 0.28268835049, 0.28316337378, 0.34485948111]
    ],
    [
      [0.017153223841, 0.00090401866104, 0.91327602254, 0.068666734961],
      [0.72452668761, 0.059590934935, 0.11608351354, 0.099798863912],
      [0.017381554093, 0.87883949643, 0.091453252939, 0.012325696539],
      [0.0052436624653, 0.0065793824171, 0.97245120147, 0.015725753647],
      [0.075365575693, 0.14942089279, 0.63881507307, 0.13639845845],
      [0.094221439805, 0.062190118603, 0.55631823907, 0.28727020252],
      [0.070700265215, 0.27756376916, 0.33733655034, 0.31439941529]
    ],
    [
      [0.019821932368, 0.003056316667, 0.89636518056, 0.080756570403],
      [0.73560215358, 0.067027153807, 0.095473279267, 0.10189741334],
      [0.016240100311, 0.93931154799, 0.036749881549, 0.0076984701493],
      [0.0056232520599, 0.015993668795, 0.96009851872, 0.018284560423],
      [0.082588013, 0.17864850811, 0.58749353644, 0.15126994246],
      [0.10205894479, 0.07592050582, 0.50588385793, 0.31613669146],
      [0.072966936253, 0.30724551399, 0.28981209584, 0.32997545391]
    ],
    [
      [0.013527778199, 0.0039791585897, 0.89508747085, 0.087405592358],
      [0.657374144, 0.087536876506, 0.11803145131, 0.13705752819],
      [0, 0.95759806703, 0.034742784753, 0.0076591482136],
      [0, 0.022280497439, 0.9582611025, 0.019458400065],
      [0.058234795779, 0.18479597252, 0.59184264346, 0.16512658824],
      [0.072842864795, 0.075151591709, 0.50862969457, 0.34337584893],
      [0.039585748109, 0.32515922236, 0.28301785265, 0.35223717688]
    ],
    [
      [0.017422270783, 0, 0.8988925653, 0.083685163917],
      [0.72684417779, 0.048111808357, 0.10945187979, 0.11559213407],
      [0.028288893848, 0.83808461998, 0.1106860347, 0.022940451471],
      [0.0039889859859, 0, 0.9742212191, 0.021789794913],
      [0.07898440148, 0.13216814078, 0.62377683542, 0.16507062232],
      [0.094416593617, 0.051059252204, 0.52085865272, 0.33366550145],
      [0.07167645709, 0.24012885203, 0.3193370862, 0.36885760469]
    ],
    [
      [0.01642496736, 0.0010781269191, 0.91927652954, 0.063220376182],
      [0.72278164437, 0.062887152246, 0.11991991372, 0.094411289668],
      [0.014206906224, 0.88470145815, 0.09138825833, 0.0097033772971],
      [0.003873703443, 0.0079930125954, 0.97434610093, 0.013787183028],
      [0.073253622941, 0.15228337527, 0.64786396467, 0.12659903711],
      [0.092927106463, 0.064305799187, 0.57205353995, 0.2707135544],
      [0.069601194345, 0.28698820584, 0.34696593874, 0.29644466108]
    ],
    [
      [0.013104998349, 0, 0.91265494608, 0.074240055575],
      [0.68712733709, 0.05919502129, 0.13276070458, 0.12091693704],
      [0.01274352341, 0.85124489914, 0.11942846619, 0.016583111265],
      [0, 0, 0.98198674306, 0.018013256944],
      [0.064201476826, 0.1377470634, 0.64862169527, 0.1494297645],
      [0.079255175273, 0.055260558485, 0.55606970159, 0.30941456465],
      [0.059878753913, 0.25621690418, 0.3418859902, 0.34201835171]
    ],
    [
      [0.013918171699, 0.00090615550014, 0.91753708249, 0.067638590307],
      [0.68505137027, 0.068699924298, 0.13397154792, 0.11227715752],
      [0.0075815737041, 0.88811233574, 0.093636919764, 0.010669170791],
      [0.0018017466361, 0.0075599267325, 0.97540039905, 0.015237927581],
      [0.062344282423, 0.15342447811, 0.6487669147, 0.13546432477],
      [0.079097982539, 0.063975391804, 0.56938783795, 0.2875387877],
      [0.058644629706, 0.28403961484, 0.34406992768, 0.31324582778]
    ],
    [
      [0.01805259405, 0.0039053355686, 0.88345389347, 0.094588176907],
      [0.70728146909, 0.075826682274, 0.093170381191, 0.12372146745],
      [0.011880256673, 0.94848924903, 0.028725461968, 0.010905032332],
      [0.0043115845882, 0.022125960376, 0.95175825562, 0.021804199418],
      [0.074421993597, 0.18280993435, 0.56793265172, 0.17483542033],
      [0.089769813949, 0.078754376639, 0.4749965646, 0.35647924481],
      [0.063208916115, 0.30254959365, 0.26638561788, 0.36785587236]
    ],
    [
      [0.014712312332, 0.0003785936064, 0.92298654452, 0.061922549547],
      [0.70582504322, 0.062710539653, 0.13152410742, 0.099940309706],
      [0.011103517391, 0.87158199565, 0.10708345805, 0.010231028909],
      [0.0025699802065, 0.0036299181259, 0.98013822835, 0.013661873315],
      [0.06661525798, 0.14667644596, 0.66115615918, 0.12555213689],
      [0.084932909023, 0.061438835088, 0.58447952789, 0.269148728],
      [0.064124528502, 0.27928523634, 0.35892914349, 0.29766109167]
    ],
    [
      [0.017173061145, 0.003587724633, 0.9108109516, 0.068428262617],
      [0.72463126592, 0.070746271332, 0.10801531674, 0.096607146007],
      [0.012480973542, 0.92240516362, 0.057261685286, 0.0078521775517],
      [0.0037093805833, 0.019611267556, 0.96215884689, 0.014520504968],
      [0.074910155161, 0.16901053671, 0.62246816894, 0.13361113919],
      [0.09471522018, 0.072517217462, 0.54730954343, 0.28545801893],
      [0.069003439281, 0.30546760839, 0.3210291304, 0.30449982193]
    ],
    [
      [0.014070843595, 0.0013989100077, 0.91347533131, 0.071054915091],
      [0.68622146992, 0.068122345246, 0.1300812287, 0.11557495614],
      [0.0095250754195, 0.89410694739, 0.085369304579, 0.010998672615],
      [0.0022765090601, 0.010563960442, 0.97137854688, 0.015780983616],
      [0.062702091344, 0.15613466198, 0.63975969, 0.14140355668],
      [0.078670880675, 0.065649019285, 0.55715858346, 0.29852151658],
      [0.058176811287, 0.28433539483, 0.33410373132, 0.32338406257]
    ],
    [
      [0.008196070988, 0, 0.94232249993, 0.049481429082],
      [0.67465148903, 0.062883026771, 0.16630919162, 0.096156292577],
      [0, 0.82677852693, 0.16542662859, 0.0077948444743],
      [0, 0, 0.99095985025, 0.0090401497476],
      [0.044119505258, 0.1308922443, 0.71970664636, 0.10528160408],
      [0.070925171753, 0.054208189026, 0.64291234637, 0.23195429285],
      [0.055324035253, 0.27052700669, 0.40894257029, 0.26520638776]
    ],
    [
      [0, 0.012758997927, 0.94624307962, 0.040997922456],
      [0.63184275077, 0.12758535329, 0.15884780587, 0.081724090072],
      [0, 0.90378531658, 0.090562895143, 0.0056517882749],
      [0, 0.0082541532239, 0.98812626725, 0.0036195795247],
      [0, 0.22950880236, 0.68286477613, 0.087626421504],
      [0.069508098074, 0.080353538652, 0.64423261515, 0.20590574812],
      [0.048722638853, 0.35135086375, 0.38055656363, 0.21936993377]
    ],
    [
      [0.020603800215, 0, 0.90699712522, 0.07239907456],
      [0.77404040088, 0.039004700013, 0.097068770174, 0.089886128934],
      [0.048782955479, 0.83073001638, 0.10296646484, 0.017520563301],
      [0.0077410541937, 0, 0.97404109704, 0.01821784877],
      [0.096864828326, 0.12813293422, 0.63069314823, 0.14430908923],
      [0.11524943315, 0.049304703515, 0.53635135544, 0.29909450789],
      [0.091814229468, 0.24295103315, 0.33074166342, 0.33449307396]
    ],
    [
      [0.011870632636, 0, 0.89069371899, 0.097435648372],
      [0.68743772762, 0.04978361286, 0.11837855235, 0.14440010717],
      [0.028699020898, 0.82210814585, 0.12294240993, 0.026250423318],
      [0, 0, 0.97075822745, 0.029241772548],
      [0.068426853326, 0.12433396774, 0.61697878257, 0.19026039636],
      [0.079235266229, 0.048549641228, 0.50017470551, 0.37204038703],
      [0.059930387299, 0.22367821587, 0.30631439477, 0.41007700207]
    ],
    [
      [0.021461532469, 0, 0.97853846753, 0],
      [0.89700353569, 0.0075161047085, 0.095480359598, 0],
      [0.14458613163, 0.7205725481, 0.13484132027, 0],
      [0, 0, 1, 0],
      [0.12379394907, 0.12100135711, 0.75520469382, 0],
      [0.18871001481, 0.044878833171, 0.76641115202, 0],
      [0.15237375809, 0.31588356851, 0.5317426734, 0]
    ],
    [
      [0.005705413221, 0, 0.91236981227, 0.081924774504],
      [0.64281992352, 0.06106060631, 0.14683088388, 0.14928858629],
      [0.012755017856, 0.79742281261, 0.16952684362, 0.020295325916],
      [0, 0, 0.97911284331, 0.020887156689],
      [0.052162330196, 0.1253282082, 0.65551577334, 0.16699368826],
      [0.063026405333, 0.047636701908, 0.55000827155, 0.33932862121],
      [0.04799654539, 0.23310686663, 0.34071669039, 0.37817989759]
    ],
    [
      [0, 0, 0.94691202685, 0.053087973146],
      [0.68937157419, 0.050017155501, 0.15678858932, 0.10382268099],
      [0, 0.65804836504, 0.32827953191, 0.013672103051],
      [0, 0, 0.99261783089, 0.0073821691141],
      [0.042553515072, 0.10778311676, 0.7294718013, 0.12019156687],
      [0.064807861202, 0.042818376852, 0.63153944598, 0.26083431596],
      [0.051661894321, 0.22543349855, 0.4147204693, 0.30818413783]
    ],
    [
      [0.016003242544, 0, 0.90529283653, 0.078703920925],
      [0.74159965686, 0.046949811101, 0.10686224652, 0.10458828552],
      [0.037874315663, 0.83236218502, 0.11050095384, 0.019262545477],
      [0.00060853930087, 0, 0.97857207377, 0.020819386932],
      [0.082280711788, 0.13243826572, 0.63033447497, 0.15494654752],
      [0.099421642271, 0.051721421424, 0.53179025521, 0.31706668109],
      [0.07567128984, 0.24444662604, 0.32766279964, 0.35221928448]
    ],
    [
      [0.011120014738, 5.5901261389e-05, 0.92566586594, 0.06315821806],
      [0.6462685628, 0, 0.21590877713, 0.13782266007],
      [0.071156481002, 0.58818242562, 0.29760045413, 0.043060639247],
      [0, 0, 0.97840263191, 0.021597368087],
      [0.057711408426, 0.051800199935, 0.74242053252, 0.14806785912],
      [0.069418650139, 0.0040516379494, 0.62203179071, 0.3044979212],
      [0.063464034212, 0.072187858625, 0.47080498501, 0.39354312215]
    ],
    [
      [0.013870327445, 0, 0.88380955198, 0.10232012057],
      [0.78900191204, 0.030382311733, 0.079068951288, 0.10154682494],
      [0.067848250105, 0.74871026192, 0.15320743612, 0.030234051851],
      [0, 0, 0.96687762125, 0.033122378752],
      [0.10503989611, 0.10137655783, 0.59918443581, 0.19439911025],
      [0.1173641941, 0.037762914185, 0.47220341322, 0.3726694785],
      [0.089926613073, 0.1951803245, 0.2946259067, 0.42026715572]
    ],
    [
      [0.013842955096, 0.0023790725056, 0.92367299738, 0.060104975022],
      [0.70465120822, 0.069140106367, 0.12940152585, 0.096807159557],
      [0.0058981458526, 0.89361879175, 0.091961679925, 0.0085213824724],
      [0, 0.01664188644, 0.97300463189, 0.010353481668],
      [0.064358516935, 0.159062431, 0.6549396509, 0.12163940116],
      [0.083098505968, 0.068239857936, 0.58400774871, 0.26465388739],
      [0.061465963617, 0.29825592992, 0.35195974801, 0.28831835845]
    ],
    [
      [0.0024795723513, 0, 0.90464522638, 0.092875201267],
      [0.52782007111, 0.066823938716, 0.19014616443, 0.21520982574],
      [0, 0.77553067924, 0.19597896547, 0.028490355295],
      [0, 0, 0.97337240505, 0.026627594954],
      [0.027749377014, 0.11239095142, 0.668123607, 0.19173606457],
      [0.039254385449, 0.038900360984, 0.54307467108, 0.37877058248],
      [0, 0.20437585256, 0.37161791495, 0.42400623249]
    ],
    [
      [0.018751016508, 0, 0.89358180851, 0.08766717498],
      [0.74932718276, 0.039687122293, 0.098444369627, 0.11254132532],
      [0.065899142593, 0.80777648755, 0.10462772071, 0.02169664915],
      [0.0050946531195, 0, 0.96972490783, 0.025180439049],
      [0.085642639841, 0.12406119083, 0.61576401243, 0.17453215691],
      [0.096453520032, 0.048998462668, 0.50171599942, 0.35283201788],
      [0.074127777133, 0.22526940378, 0.30734268816, 0.39326013093]
    ],
    [
      [0.017652143953, 0.0039254885113, 0.91083155641, 0.067590811121],
      [0.73109579171, 0.068681698192, 0.10656159693, 0.093660913166],
      [0.013581308882, 0.92564600328, 0.054101589589, 0.0066710982465],
      [0.0042164871492, 0.019986535436, 0.96176297106, 0.014034006352],
      [0.076636906151, 0.17256924516, 0.61929740144, 0.13149644725],
      [0.09704347575, 0.075729181856, 0.54515449328, 0.28207284912],
      [0.070800740396, 0.30688511159, 0.32113712968, 0.30117701833]
    ],
    [
      [0.0021303979998, 0, 0.94461627074, 0.053253331262],
      [0.73255306578, 0.042066453554, 0.13829984564, 0.087080635029],
      [0.024376656303, 0.70654333951, 0.25580107151, 0.013278932677],
      [0, 0, 0.99006006524, 0.0099399347606],
      [0.070538811394, 0.10547336102, 0.70950250381, 0.11448532378],
      [0.08970085115, 0.040394058402, 0.62400624548, 0.24589884497],
      [0.072293783623, 0.22966421403, 0.40807726331, 0.28996473904]
    ],
    [
      [0.0054935274841, 0, 0.88503477955, 0.10947169297],
      [0.58061493563, 0.056513849248, 0.15274276225, 0.21012845287],
      [0.0046448090484, 0.7856270638, 0.16775371014, 0.041974417011],
      [0, 0, 0.96457608086, 0.03542391914],
      [0.043338851332, 0.11340690884, 0.62458999663, 0.2186642432],
      [0.048678870157, 0.034983522468, 0.49684311219, 0.41949449518],
      [0.036823050504, 0.19563182242, 0.30484118593, 0.46270394114]
    ],
    [
      [0.016577847645, 0, 0.90670919481, 0.076712957541],
      [0.71839287711, 0.053901788063, 0.11610818596, 0.11159714887],
      [0.020206395488, 0.85590402226, 0.10614216528, 0.017747416975],
      [0.0047746093884, 0, 0.97602643322, 0.019198957393],
      [0.074232661631, 0.13815487419, 0.63482822448, 0.1527842397],
      [0.089993510559, 0.055645412856, 0.53939089949, 0.31497017709],
      [0.06806447326, 0.25489702275, 0.32971991979, 0.3473185842]
    ],
    [
      [0.015194566607, 0, 0.90645846296, 0.078346970436],
      [0.71056047691, 0.052451628986, 0.12021715616, 0.11677073795],
      [0.021987129926, 0.84229401776, 0.11593403884, 0.01978481347],
      [0.00080199756283, 0, 0.97903086415, 0.02016713829],
      [0.072403703308, 0.13298476468, 0.63827876776, 0.15633276426],
      [0.087646659782, 0.052758372696, 0.53990575443, 0.31968921309],
      [0.066620324385, 0.24688980549, 0.33240954452, 0.3540803256]
    ],
    [
      [0.019335178522, 0, 0.89158744455, 0.089077376924],
      [0.74950105165, 0.042773216317, 0.096346496282, 0.11137923575],
      [0.048769231511, 0.82836450365, 0.10030571888, 0.022560545963],
      [0.0074442956066, 0, 0.96543536952, 0.027120334869],
      [0.086198917527, 0.12866446144, 0.61077057876, 0.17436604228],
      [0.10000214715, 0.049317117486, 0.50154329445, 0.34913744091],
      [0.077066864444, 0.23072615218, 0.30559565627, 0.38661132711]
    ],
    [
      [0.019708328989, 0.0005094972146, 0.86966785642, 0.11011431738],
      [0.77438754839, 0.040495514511, 0.070930537164, 0.11418639994],
      [0.019657866432, 0.88388938485, 0.074927206303, 0.02152554242],
      [0.017961559068, 0.010003612841, 0.93921006564, 0.032824762455],
      [0.081364716042, 0.13846869981, 0.56381671151, 0.21634987264],
      [0.087148328887, 0.047954936776, 0.4202572726, 0.44463946174],
      [0.062662811717, 0.21611946786, 0.24153913878, 0.47967858165]
    ],
    [
      [0.01653717248, 0, 0.92604410623, 0.057418721287],
      [0.80539470005, 0.021490296698, 0.10373747508, 0.069377528178],
      [0.062862581367, 0.72481938269, 0.19229929, 0.02001874595],
      [0, 0, 0.98423472016, 0.015765279842],
      [0.10612887801, 0.084484782766, 0.68849943698, 0.12088690224],
      [0.12816723527, 0.025177301042, 0.59230337199, 0.25435209169],
      [0.10175315735, 0.20962780987, 0.38643322727, 0.30218580551]
    ],
    [
      [0.019145765794, 0.002376224374, 0.88355406131, 0.094923948519],
      [0.7192024042, 0.065851448118, 0.092213909255, 0.12273223842],
      [0.021422883799, 0.91306105949, 0.047610955547, 0.017905101166],
      [0.0078855411698, 0.017658867234, 0.95073203676, 0.023723554836],
      [0.080135342646, 0.16997576503, 0.57168171186, 0.17820718046],
      [0.09415831243, 0.067118143836, 0.47998811859, 0.35873542514],
      [0.068513124556, 0.27860147897, 0.27494378529, 0.37794161118]
    ],
    [
      [0.016250047679, 0.0059577267707, 0.92203612765, 0.055756097904],
      [0.72830514604, 0.091452436789, 0.10115444996, 0.079087967217],
      [0.0037864003242, 0.94608935578, 0.04561930266, 0.0045049412341],
      [0, 0.032585281267, 0.95696943597, 0.010445282762],
      [0.073064333512, 0.18717134404, 0.63031103015, 0.1094532923],
      [0.097600529068, 0.079273005587, 0.57878809212, 0.24433837323],
      [0.069936684754, 0.33604701413, 0.33586958995, 0.25814671117]
    ],
    [
      [0.0035963464323, 0, 0.88497017532, 0.11143347825],
      [0.63088767178, 0.050963150574, 0.13475488469, 0.18339429296],
      [0.0080096262046, 0.81669468253, 0.14111999066, 0.034175700609],
      [0, 0, 0.96281525365, 0.037184746352],
      [0.05376231452, 0.12013154375, 0.61196330587, 0.21414283585],
      [0.06175191699, 0.040986711291, 0.48824760698, 0.40901376474],
      [0.046912929146, 0.21216798817, 0.29573685188, 0.4451822308]
    ],
    [
      [0, 0, 0.93842142386, 0.061578576142],
      [0.80526664868, 0.01998090371, 0.1009996441, 0.073752803509],
      [0.045780035953, 0.60641388285, 0.32898739688, 0.018818684318],
      [0, 0, 0.98612765988, 0.013872340117],
      [0.083336219737, 0.063551799123, 0.71830112011, 0.13481086103],
      [0.10038816345, 0.032678533426, 0.57973528439, 0.28719801874],
      [0.082294210887, 0.17740321881, 0.39059726045, 0.34970530984]
    ],
    [
      [0.0061238699691, 0, 0.95473612469, 0.039140005339],
      [0.51522647682, 0.059302941839, 0.34600492388, 0.079465657461],
      [0, 0.73279040457, 0.25912569044, 0.008083904985],
      [0, 0, 0.99702021248, 0.0029797875191],
      [0.047261983178, 0.12653802027, 0.7380975119, 0.088102484652],
      [0.065263459448, 0.055044558264, 0.67377024333, 0.20592173896],
      [0.050394871274, 0.27146153524, 0.43684036649, 0.24130322699]
    ],
    [
      [0.0027233227957, 0, 0.86947843895, 0.12779823825],
      [0.6494226186, 0.041073665236, 0.11830076804, 0.19120294813],
      [0.022758219669, 0.75520596013, 0.1821944492, 0.039841370996],
      [0, 0, 0.95192559893, 0.048074401072],
      [0.057276156391, 0.1075703981, 0.59172404791, 0.2434293976],
      [0.062504929694, 0.033935320867, 0.44970717497, 0.45385257447],
      [0.046932319868, 0.18134887651, 0.27306888491, 0.49864991871]
    ],
    [
      [0.014804224976, 0, 0.90879133229, 0.076404442735],
      [0.87346779989, 0.014001344203, 0.057864375781, 0.05466648013],
      [0.069716653546, 0.66609586101, 0.23900474505, 0.025182740395],
      [0, 0, 0.97726186891, 0.022738131095],
      [0.12062958894, 0.07138491438, 0.65023095135, 0.15775454533],
      [0.13690864524, 0.028047107456, 0.51199235317, 0.32305189414],
      [0.10849155144, 0.17625290044, 0.33087301082, 0.3843825373]
    ],
    [
      [0.01509177998, 0, 0.91126324315, 0.073644976868],
      [0.76540558773, 0.033675040218, 0.10609435486, 0.094825017188],
      [0.05504478456, 0.7265215072, 0.19768132381, 0.02075238443],
      [0, 0, 0.97958465602, 0.020415343975],
      [0.08780636347, 0.10799903329, 0.6540065981, 0.15018800515],
      [0.10635883943, 0.034968413294, 0.5516528836, 0.30701986368],
      [0.083579984154, 0.20943026705, 0.3527284483, 0.35426130049]
    ],
    [
      [0.019993544121, 0, 0.93158814501, 0.048418310869],
      [0.81601781694, 0.017347434131, 0.10677056322, 0.059864185703],
      [0.080446903766, 0.76429385565, 0.14449054343, 0.010768697155],
      [0, 0, 0.98944804828, 0.010551951723],
      [0.1045628569, 0.10850068196, 0.68470915591, 0.10222730522],
      [0.12678826667, 0.044234909193, 0.60358083206, 0.22539599207],
      [0.10666999056, 0.23448045613, 0.39330788296, 0.26554167035]
    ],
    [
      [0.025919686483, 0, 0.90140779657, 0.072672516951],
      [0.8115922292, 0.034583884682, 0.07965482845, 0.074169057672],
      [0.060074773818, 0.82321629323, 0.099076359607, 0.017632573343],
      [0.011872942826, 0, 0.96899054934, 0.019136507831],
      [0.11337126462, 0.12756843367, 0.61691915373, 0.14214114799],
      [0.13469303851, 0.049728999196, 0.52138430549, 0.29419365681],
      [0.10442340005, 0.24196318639, 0.32296971768, 0.33064369589]
    ],
    [
      [4.3946328058e-17, 0.0044635224252, 0.98019696746, 0.015339510118],
      [0.35813422503, 0.33698516816, 0.25158910773, 0.053291499078],
      [3.5344990823e-17, 0.90958507625, 0.088511846213, 0.0019030775373],
      [0, 6.3030434544e-34, 1, 2.3359628625e-17],
      [0.030629731044, 0.19616757678, 0.72963166418, 0.043571028005],
      [0.045104088073, 0.096480048279, 0.74777102033, 0.11064484332],
      [0.0333056574, 0.4140057352, 0.43542106376, 0.11726754363]
    ],
    [
      [0, 0, 0.9833872881, 0.016612711896],
      [5.5511151231e-17, 0.23226702179, 0.63849319334, 0.12923978486],
      [0, 0.71253923286, 0.28409004494, 0.0033707222052],
      [0, 0, 0.99898668684, 0.0010133131637],
      [4.8572257327e-17, 0.12995870108, 0.82902317433, 0.041018124585],
      [0, 0.064920155494, 0.82971002986, 0.10536981464],
      [2.7755575616e-17, 0.3261422881, 0.54766505059, 0.12619266131]
    ],
    [
      [0.017323448492, 0, 0.89570116522, 0.086975386287],
      [0.70949702177, 0.054567182546, 0.11161029714, 0.12432549854],
      [0.022240835617, 0.86046050148, 0.095695210635, 0.021603452266],
      [0.0069083094617, 0.00054027440242, 0.96998359024, 0.022567825898],
      [0.075084497742, 0.13980277677, 0.61508415522, 0.17002857027],
      [0.088594088329, 0.055233550149, 0.51427605744, 0.34189630408],
      [0.066804794422, 0.24957000998, 0.31053120973, 0.37309398587]
    ],
    [
      [0.015557424247, 0, 0.92002648531, 0.064416090448],
      [0.72651924576, 0.05131394896, 0.12473814201, 0.097428663268],
      [0.021901384915, 0.83478896363, 0.12863263096, 0.014677020492],
      [0, 0, 0.9845308291, 0.015469170896],
      [0.07392911018, 0.13163378576, 0.66309054019, 0.13134656387],
      [0.092264930237, 0.05338754415, 0.57678694584, 0.27756057977],
      [0.070908390479, 0.2577523623, 0.35935291205, 0.31198633516]
    ],
    [
      [0.020712547098, 0.0031376871191, 0.90375005778, 0.072399708006],
      [0.74979553832, 0.068671089745, 0.092345985863, 0.089187386074],
      [0.01795851951, 0.94656652719, 0.029576211703, 0.0058987416006],
      [0.0062762197734, 0.020613332613, 0.95742025517, 0.015690192444],
      [0.086566406098, 0.18380782624, 0.59356316297, 0.13606260469],
      [0.10884329985, 0.07697670517, 0.52368813788, 0.2904918571],
      [0.077955444461, 0.32158268938, 0.29767649759, 0.30278536857]
    ],
    [
      [0.027099153013, 0, 0.89161600338, 0.08128484361],
      [0.80170484371, 0.038638874871, 0.07718172092, 0.082474560499],
      [0.046555638936, 0.85123735152, 0.081555924319, 0.020651085228],
      [0.022203654309, 0, 0.95452926251, 0.023267083177],
      [0.11425657677, 0.13642985813, 0.59413252436, 0.15518104074],
      [0.13587354824, 0.053352029663, 0.49665500248, 0.31411941963],
      [0.10714816439, 0.24614847977, 0.29920124909, 0.34750210675]
    ],
    [
      [0.012780574435, 0.021621250237, 0.90916840767, 0.056429767655],
      [0.73030541223, 0.11275900181, 0.080706503472, 0.076229082494],
      [0, 0.97518222862, 0.024817771376, 0],
      [0, 0.041713314693, 0.94975976827, 0.0085269170385],
      [0.068338920365, 0.20976656876, 0.6079524581, 0.11394205277],
      [0.09113915564, 0.09882202595, 0.54718741268, 0.26285140573],
      [0.065244296142, 0.34691166027, 0.31217097917, 0.27567306442]
    ],
    [
      [0.0013260644768, 0, 0.78314165814, 0.21553227738],
      [0.32609875915, 0.089613423691, 0.13536894632, 0.44891887084],
      [0, 0.87127141184, 0.037025402371, 0.091703185784],
      [0, 0, 0.90594945923, 0.094050540771],
      [0.0029542548537, 0.13721894226, 0.47491455847, 0.38491224442],
      [0, 0.053894911996, 0.30937648744, 0.63672860056],
      [0, 0.1886658863, 0.14831776929, 0.66301634442]
    ],
    [
      [0.0095136771811, 0, 0.95146177569, 0.03902454713],
      [0.74260292495, 0.054063329168, 0.13903820484, 0.064295541039],
      [0.0070307175979, 0.80919670205, 0.17695470071, 0.0068178796462],
      [0, 0, 0.99621727838, 0.0037827216242],
      [0.070648546674, 0.13621654306, 0.70854975664, 0.084585153631],
      [0.094503100598, 0.058163326741, 0.65564404238, 0.19168953028],
      [0.073909601719, 0.28665291812, 0.41912538412, 0.22031209604]
    ],
    [
      [0.013759734758, 0.0011360324485, 0.94310663176, 0.041997601037],
      [0.72938122166, 0.066922532836, 0.1346053737, 0.069090871809],
      [0.0031807586873, 0.89024022856, 0.10197389585, 0.0046051168993],
      [0.00045467919583, 0.0069650671599, 0.98396028899, 0.0086199646549],
      [0.065508887725, 0.15565650978, 0.69061459114, 0.088220011349],
      [0.08890236024, 0.068136287039, 0.64055864474, 0.20240270798],
      [0.067457593775, 0.31147032266, 0.39480207322, 0.22627001034]
    ],
    [
      [0.015203201799, 0, 0.92108455909, 0.06371223911],
      [0.73676960399, 0.049706892236, 0.12051886474, 0.093004639034],
      [0.028719545994, 0.83119070967, 0.12652442472, 0.013565319625],
      [0, 0, 0.98543726786, 0.014562732137],
      [0.079028926385, 0.13142177669, 0.66032785127, 0.12922144565],
      [0.098388212237, 0.053151281344, 0.57566686911, 0.27279363731],
      [0.076302696761, 0.2557298329, 0.36149021164, 0.3064772587]
    ],
    [
      [0.0063009996016, 0.0016730952419, 0.92767160804, 0.064354297115],
      [0.51462052458, 0.16406650389, 0.18630561865, 0.13500735288],
      [0, 0.86610680705, 0.12642098374, 0.0074722092067],
      [0, 0, 0.98879283133, 0.011207168674],
      [0.040546949909, 0.14768825029, 0.67712857601, 0.13463622379],
      [0.049809728114, 0.063526802071, 0.59753040053, 0.28913306929],
      [0.036659890074, 0.27870224404, 0.3655561159, 0.31908174998]
    ],
    [
      [0.00040933155623, 0, 0.9746610474, 0.024929621044],
      [0.74692863188, 0.044104208389, 0.1617328106, 0.047234349136],
      [0.0028489275663, 0.6568693396, 0.33527195278, 0.0050097800578],
      [0, 0, 0.99877550779, 0.0012244922111],
      [0.061814216048, 0.098193511764, 0.78249933156, 0.057492940628],
      [0.085821153085, 0.041259236953, 0.73771297245, 0.13520663752],
      [0.072729669773, 0.25123758242, 0.50773812171, 0.1682946261]
    ],
    [
      [0, 0, 0.97769018784, 0.022309812164],
      [0.79789662919, 0.032720369448, 0.13450645003, 0.034876551328],
      [0.043138049277, 0.70368750156, 0.24919353618, 0.0039809129827],
      [0, 0, 0.99954177104, 0.00045822896176],
      [0.084815524369, 0.11112355183, 0.75093769522, 0.053123228579],
      [0.11624838583, 0.049750378284, 0.70757787789, 0.12642335799],
      [0.096371767293, 0.26704258322, 0.48295124487, 0.15363440462]
    ],
    [
      [0.010498850187, 0.0028073908502, 0.92767415211, 0.059019606854],
      [0.66083277333, 0.079317754749, 0.15041592983, 0.10943354208],
      [0, 0.8961709604, 0.097457721217, 0.0063713183786],
      [0, 0.011303168744, 0.97891175806, 0.0097850732],
      [0.031469086169, 0.18195111944, 0.66627787643, 0.12030191796],
      [0.069570204006, 0.0680510474, 0.59776405707, 0.26461469152],
      [0.049238136413, 0.30332889536, 0.36041490264, 0.28701806559]
    ],
    [
      [0.023128819349, 0.0017082590516, 0.85097679962, 0.12418612198],
      [0.72015396415, 0.048452855028, 0.086416225846, 0.14497695497],
      [0.027706522073, 0.86839864467, 0.068532967734, 0.035361865521],
      [0.015831306923, 0.0073221143031, 0.9342714968, 0.042575081975],
      [0.087848546558, 0.14065668926, 0.54295075837, 0.22854400581],
      [0.094946390709, 0.051969681558, 0.42923402426, 0.42384990348],
      [0.069376723248, 0.2256145782, 0.25320749662, 0.45180120193]
    ],
    [
      [0, 0, 0.97337759645, 0.026622403552],
      [0.84203668754, 0.015548058347, 0.1085836637, 0.033831590415],
      [0.055185127744, 0.52253583492, 0.41329326858, 0.0089857687517],
      [0, 0, 0.99614352412, 0.0038564758809],
      [0.094669093608, 0.03938264852, 0.80317007525, 0.062778182621],
      [0.12511403259, 0.019571537464, 0.70976511916, 0.14554931079],
      [0.11188893195, 0.18697858068, 0.50816160186, 0.19297088551]
    ],
    [
      [0.015328554406, 0.0014903334174, 0.92029194158, 0.062889170592],
      [0.71411098513, 0.067095853386, 0.12252772229, 0.096265439187],
      [0.0093545673826, 0.89390236446, 0.089281229119, 0.0074618390344],
      [0.0020379021252, 0.01040403011, 0.97460209339, 0.012955974373],
      [0.068672097512, 0.15746820574, 0.64812888765, 0.1257308091],
      [0.088057855567, 0.066726710173, 0.57367032255, 0.27154511171],
      [0.064852414797, 0.29396249739, 0.34532769722, 0.29585739059]
    ],
    [
      [0.011182147091, 0.012436137632, 0.93437903814, 0.042002677132],
      [0.70927458835, 0.10105478929, 0.12256189321, 0.067108729159],
      [0, 0.92748224538, 0.072517754624, 0],
      [0, 0.025161279342, 0.97038918098, 0.0044495396782],
      [0.063606932667, 0.18636848028, 0.66292556426, 0.087099022791],
      [0.089334479063, 0.085685289444, 0.62159812879, 0.2033821027],
      [0.063753107676, 0.34938595842, 0.36782617652, 0.21903475738]
    ],
    [
      [0.019542031348, 0, 0.91506204896, 0.065395919688],
      [0.78102374757, 0.04266215758, 0.097306627663, 0.079007467192],
      [0.042261507154, 0.83096837262, 0.11205202252, 0.014718097706],
      [0.0016282186899, 0, 0.98255257853, 0.015819202781],
      [0.095666899566, 0.13096835156, 0.64263421951, 0.13073052937],
      [0.11718697053, 0.052935242539, 0.5547569539, 0.27512083303],
      [0.089912053774, 0.25517410234, 0.34552363531, 0.30939020857]
    ],
    [
      [0, 0, 0.87516953756, 0.12483046244],
      [0.55493692125, 0.055436172894, 0.17246432848, 0.21716257738],
      [0, 0.80337557693, 0.16485062967, 0.031773793398],
      [0, 0, 0.95960139695, 0.040398603049],
      [0.04400111899, 0.11836077446, 0.59665920534, 0.24097890121],
      [0.050178237529, 0.042844767977, 0.45400839737, 0.45296859713],
      [0.035188525502, 0.19423124314, 0.27543285175, 0.49514737961]
    ],
    [
      [0.0097745299221, 0, 0.93351032303, 0.056715147048],
      [0.7600884697, 0.034653937891, 0.12409417514, 0.081163417274],
      [0.050353931455, 0.7427507436, 0.19260840627, 0.014286918671],
      [0, 0, 0.98712472173, 0.012875278266],
      [0.084633531711, 0.10861553236, 0.6881720058, 0.11857893013],
      [0.10507724454, 0.042154948901, 0.60012360501, 0.25264420155],
      [0.083249071631, 0.23601523423, 0.38635026891, 0.29438542524]
    ],
    [
      [0.015693760755, 0.0090977061673, 0.92561345356, 0.049595079521],
      [0.732242478, 0.084130959981, 0.11080211882, 0.072824443201],
      [0.0049731948453, 0.95560006818, 0.036464813633, 0.0029619233371],
      [0, 0.041345132516, 0.95031684452, 0.0083380229687],
      [0.070239791718, 0.20748165714, 0.62536631839, 0.096912232755],
      [0.097693439885, 0.082538319678, 0.59622708224, 0.2235411582],
      [0.069682709784, 0.35184676013, 0.34352579668, 0.2349447334]
    ],
    [
      [0.024631057702, 0, 0.87906577601, 0.09630316629],
      [0.78393723289, 0.03430370932, 0.081118370706, 0.10064068709],
      [0.070768561029, 0.8031851527, 0.096996134017, 0.029050152255],
      [0.0094094215874, 0, 0.95817631693, 0.032414261483],
      [0.10926445249, 0.1195631983, 0.59075191245, 0.18042043677],
      [0.12697036453, 0.041354838081, 0.4786206104, 0.35305418698],
      [0.098275811804, 0.21533206435, 0.29384654254, 0.39254558131]
    ],
    [
      [0, 0.0016464214966, 0, 0.9983535785],
      [0, 1, 0, 0],
      [0, 1, 0, 0],
      [0, 0.087237987223, 0, 0.91276201278],
      [0, 0.66921837776, 0, 0.33078162224],
      [0, 0.094443108231, 0, 0.90555689177],
      [0, 0.33078162224, 0, 0.66921837776]
    ],
    [
      [0.012885983494, 0.00029226659906, 0.90054302734, 0.086278722564],
      [0.67781103771, 0.060773076408, 0.12538597865, 0.13602990724],
      [0.010530564363, 0.86675583115, 0.10203671141, 0.02067689308],
      [0, 0.0022483402268, 0.97425458294, 0.023497076829],
      [0.061867748165, 0.14129402859, 0.6270040148, 0.16983420844],
      [0.073941776722, 0.055914830457, 0.52502024633, 0.34512314649],
      [0.054521469407, 0.25208825056, 0.31716572785, 0.37622455218]
    ],
    [
      [0, 0.016474049087, 0.96363590757, 0.019890043342],
