{
  "Z_true": {},
  "V_true": [
    [381, 6, 88, 82, 657, 131],
    [148, 158, 477, 8155, 1167, 575],
    [634, 315, 844, 276, 16027, 994],
    [21, 839, 206, 240, 698, 90],
    [32, 80, 192, 824, 610, 872]
  ],
  "p_true": [
    [0.2833, 0.0045, 0.0654, 0.061, 0.4885, 0.0974],
    [0.0139, 0.0148, 0.0447, 0.7636, 0.1093, 0.0538],
    [0.0332, 0.0165, 0.0442, 0.0145, 0.8395, 0.0521],
    [0.01, 0.4007, 0.0984, 0.1146, 0.3333, 0.043],
    [0.0123, 0.0307, 0.0736, 0.3157, 0.2337, 0.3341]
  ],
  "Z_est": [
    [
      [0.4703, 1.9997, 6, 2, 6, 4, 3, 2, 3, 2, 4, 3, 2, 0.6216, 3, 2, 2, 3, 4, 6, 7, 4, 3, 6, 4, 1, 6, 3, 5, 2],
      [0.5208, 1, 3, 2, 1, 2, 1, 1, 8.1167e-14, 2, 2, 3, 2, 0.0124, 2, 1, 1, 3, 2, 3, 5, 3, 8.2884e-17, 1, 2, 1, 6, 6.7089e-12, 2, 4.2404e-15],
      [0.2204, 0.0002, 6, 2, 4, 2, 2, 1, 2.7207e-13, 1, 3, 2, 2, 0.0141, 1, 2.5947e-12, 2.707e-18, 1, 2, 5, 6, 1, 1.236e-16, 4, 3, 6.9675e-10, 5, 3.5993e-12, 2, 1.5173e-14],
      [0.4077, 2.0001, 23, 6, 15, 16, 5, 5, 1, 6, 16, 10, 9, 0.1344, 6, 3, 7, 14, 18, 24, 41, 20, 7, 14, 17, 1.8755e-06, 29, 4, 21, 2],
      [3.1966, 6, 60, 22, 50, 23, 22, 20, 5, 18, 28, 22, 16, 0.1724, 27, 3, 11, 12, 21, 63, 60, 24, 7, 55, 20, 1, 60, 6, 37, 6],
      [0.1842, 2.0001, 7, 1, 6, 3, 1, 1, 2.0619e-13, 1, 5, 2, 2, 0.045, 2, 9.3478e-13, 3, 2, 4, 7, 10, 4, 2, 4, 4, 1.6241e-06, 7, 1.1561e-12, 6, 8.3088e-14]
    ],
    [
      [0.1142, 2.0001, 17, 5, 18, 17, 3, 6, 3, 7, 20, 13, 10, 0.0266, 4, 4, 8, 18, 23, 30, 40, 16, 4, 15, 19, 3.4994e-06, 22, 3, 22, 5],
      [0.9768, 2.9997, 12, 6, 9, 16, 7, 9, 5, 17, 23, 22, 25, 1.5226, 6, 14, 13, 31, 23, 28, 32, 29, 13, 8, 23, 16, 40, 10, 22, 5],
      [2.8841, 4.0001, 24, 18, 18, 28, 10, 11, 5, 24, 29, 30, 25, 1.1032, 9, 15, 7, 20, 29, 35, 47, 24, 11, 17, 34, 4, 36, 4, 21, 3],
      [3.2953, 14, 90, 36, 69, 145, 26, 41, 25, 79, 145, 114, 102, 1.6794, 27, 103, 79, 178, 236, 162, 293, 251, 103, 57, 155, 46, 197, 42, 186, 39],
      [13.594, 30.0005, 230, 135, 227, 209, 100, 161, 77, 243, 242, 241, 172, 9.5176, 113, 81, 120, 157, 267, 426, 431, 300, 108, 218, 190, 75, 402, 67, 322, 91],
      [2.1355, 8.9997, 28, 9, 30, 32, 8, 14, 5, 25, 43, 27, 21, 0.1506, 12, 20, 33, 36, 58, 47, 76, 56, 34, 18, 37, 9, 52, 8, 52, 6]
    ],
    [
      [0.4072, 4.0001, 40, 20, 49, 22, 14, 19, 9, 18, 29, 26, 17, 0.3094, 18, 3, 10, 14, 22, 71, 51, 17, 4, 44, 19, 1, 42, 5, 36, 9],
      [2.4514, 2.0001, 24, 18, 18, 18, 18, 27, 7, 41, 32, 43, 42, 4.1658, 22, 10, 16, 24, 20, 60, 39, 30, 10, 16, 22, 24, 71, 12, 31, 7],
      [7.6985, 8.9994, 59, 57, 54, 33, 37, 36, 14, 60, 43, 53, 45, 3.3484, 34, 12, 12, 15, 25, 85, 58, 27, 12, 50, 36, 4, 65, 7, 32, 8],
      [7.6398, 26.0003, 214, 126, 189, 181, 98, 134, 76, 202, 218, 221, 185, 7.6517, 109, 84, 112, 143, 220, 380, 378, 273, 100, 167, 166, 78, 371, 69, 296, 82],
      [44.7267, 54, 545, 477, 622, 259, 370, 526, 219, 612, 362, 467, 308, 53.2806, 458, 64, 171, 125, 246, 999, 553, 324, 103, 628, 201, 122, 752, 109, 508, 191],
      [5.0766, 17.0001, 66, 33, 82, 40, 29, 47, 16, 63, 64, 53, 38, 1.2441, 49, 16, 48, 28, 54, 110, 98, 60, 33, 54, 39, 15, 98, 14, 82, 14]
    ],
    [
      [0.0045, 0.0001, 3, 1, 2, 2, 1, 1, 2.8761e-13, 2, 3, 2, 2, 0.0089, 1, 1.1964e-12, 1, 2, 2, 6, 5, 2, 8.4292e-17, 3, 3, 1.608e-10, 6, 4.5032e-12, 2, 5.3258e-14],
      [0.0297, 0.0001, 1, 1, 4.7164e-41, 2, 1, 2, 9.0715e-14, 5, 4, 4, 6, 0.2101, 1, 2, 2, 4, 2, 5, 4, 4, 1, 1, 3, 6, 11, 2, 2, 8.1634e-14],
      [0.0472, 0.0002, 4, 3, 2, 3, 3, 3, 1, 7, 5, 5, 7, 0.3679, 2, 2, 2, 2, 3, 7, 6, 3, 1, 3, 6, 1, 10, 1, 2, 4.9617e-14],
      [0.1244, 2.9999, 17, 7, 10, 21, 9, 14, 5, 27, 28, 22, 31, 0.2431, 11, 17, 21, 28, 27, 34, 40, 38, 11, 13, 28, 19, 59, 10, 24, 6],
      [3.8618, 5.9997, 42, 27, 30, 32, 33, 51, 18, 82, 48, 50, 52, 3.1517, 41, 14, 30, 27, 31, 92, 61, 45, 13, 49, 37, 34, 120, 18, 42, 14],
      [0.9323, 2.0001, 4, 2, 3, 4, 2, 4, 1, 8, 8, 5, 6, 0.0182, 4, 3, 8, 6, 6, 9, 10, 8, 3, 4, 6, 4, 15, 3, 6, 3.6191e-14]
    ],
    [
      [0.0038, 1, 4, 2, 6, 3, 1, 1, 1.2316e-13, 2, 5, 3, 2, 0.0334, 1, 3.2042e-13, 2, 2, 4, 6, 7, 2, 1, 4, 3, 1.6201e-10, 5, 1, 6, 1],
      [0.0213, 0.0001, 2, 1, 2, 3, 1, 2, 3.4318e-13, 5, 5, 6, 6, 0.0891, 2, 2, 3, 4, 4, 5, 5, 4, 3, 1, 4, 2, 9, 2, 5, 1],
      [0.1498, 2.0001, 6, 6, 6, 5, 3, 2, 1, 8, 7, 7, 6, 0.1663, 3, 3, 2, 2, 4, 7, 8, 4, 2, 4, 6, 2.5222e-07, 8, 1, 5, 5.4013e-14],
      [0.5328, 6.9998, 22, 13, 24, 28, 9, 10, 6, 27, 36, 30, 27, 0.2914, 11, 22, 24, 24, 42, 34, 53, 44, 27, 15, 30, 6, 48, 12, 53, 12],
      [3.6209, 14.9998, 59, 50, 79, 41, 38, 40, 19, 85, 61, 64, 46, 3.8777, 48, 18, 39, 21, 48, 89, 77, 54, 29, 57, 37, 11, 100, 20, 92, 29],
      [2.6715, 6.0001, 9, 5, 12, 8, 5, 6, 3, 11, 13, 10, 8, 0.5421, 7, 7, 12, 7, 13, 12, 16, 12, 12, 7, 9, 3, 15, 4, 17, 5]
    ]
  ],
  "V_est": [
    [101.0916, 52.5332, 55.2347, 341.5422, 708.369, 86.2293],
    [354.1409, 469.4991, 545.9874, 3044.9747, 5458.1121, 807.2858],
    [633.7166, 710.6172, 993.0463, 4913.2918, 10473.0072, 1366.3208],
    [52.0136, 76.2399, 94.4154, 580.3674, 1146.0132, 144.9506],
    [75.0373, 89.1105, 118.3162, 696.8239, 1373.4984, 257.2136]
  ],
  "p_est": [
    [0.0752, 0.0391, 0.0411, 0.2539, 0.5267, 0.0641],
    [0.0332, 0.044, 0.0511, 0.2851, 0.5111, 0.0756],
    [0.0332, 0.0372, 0.052, 0.2574, 0.5486, 0.0716],
    [0.0248, 0.0364, 0.0451, 0.2772, 0.5473, 0.0692],
    [0.0288, 0.0341, 0.0453, 0.267, 0.5262, 0.0985]
  ],
  "EI_Z": {},
  "EI_V": 35.4888,
  "MAE_Z": {},
  "MAE_V": 847.4491,
  "MAE_p": 0.1177,
  "runtime": 0.2536
}
