{
  "Z_true": {},
  "V_true": [
    [646, 30, 56, 206, 2441, 80],
    [29, 737, 46, 886, 216, 72],
    [137, 379, 305, 8810, 1190, 490],
    [265, 76, 133, 255, 9301, 165],
    [153, 74, 214, 528, 1079, 335],
    [54, 26, 942, 506, 1161, 139],
    [43, 96, 64, 710, 385, 679]
  ],
  "p_true": [
    [0.1868, 0.0087, 0.0162, 0.0596, 0.7057, 0.0231],
    [0.0146, 0.3711, 0.0232, 0.4461, 0.1088, 0.0363],
    [0.0121, 0.0335, 0.027, 0.7789, 0.1052, 0.0433],
    [0.026, 0.0075, 0.013, 0.025, 0.9123, 0.0162],
    [0.0642, 0.0311, 0.0898, 0.2216, 0.4528, 0.1406],
    [0.0191, 0.0092, 0.3331, 0.1789, 0.4105, 0.0492],
    [0.0218, 0.0486, 0.0324, 0.3591, 0.1947, 0.3434]
  ],
  "Z_est": [
    [
      [5, 6, 3, 14, 4, 3, 3, 3, 3, 3, 4, 6, 3, 4, 5, 5, 7, 4, 0.1824, 0.6716, 1.8947, 7, 13, 4, 6, 12, 9, 3, 6, 5, 8, 5, 8, 6, 4, 1.5357, 4, 5, 6, 4, 3.999, 4, 1.6418, 4, 1.9807, 3, 0, 1, 12, 3, 15, 6],
      [2, 4, 1, 3, 1, 1, 1, 3.8602e-25, 2, 2.2232e-19, 2.3076e-10, 2, 3, 4, 2, 1, 2, 1, 0.6906, 0.0842, 0.2506, 4, 5, 2, 3, 7, 4, 3.4167e-06, 5, 2, 4, 3, 8, 3, 2.0479e-14, 0.8927, 1, 4, 3, 1, 0.0005, 3, 0.0452, 1, 0.99, 1, 0, 1.6946e-15, 10, 2.3157e-16, 20, 4],
      [4, 6, 2, 7, 5, 3, 2, 1, 1, 1, 1.1545e-10, 3, 2, 5, 3, 2, 6, 2, 0.0886, 0.2524, 0, 3, 6, 5, 3, 9, 4, 1.1564e-06, 5, 4, 5, 3, 4, 2, 1, 0.2052, 1, 6, 1, 1, 1.0004, 1, 0.3064, 2, 0.0019, 2, 0, 1.1807e-17, 10, 1, 12, 9.0861e-16],
      [29, 42, 11, 66, 19, 17, 22, 15, 18, 9, 11, 24, 19, 37, 16, 16, 37, 22, 0.9176, 1.8435, 2.6335, 29, 21, 12, 24, 59, 30, 4, 34, 24, 33, 19, 41, 19, 11, 2.9076, 9, 33, 12, 4, 5.9994, 13, 1.4428, 13, 3.0148, 13, 0, 3, 85, 9, 75, 18],
      [34, 58, 20, 88, 30, 25, 13, 9, 10, 6, 7, 37, 13, 31, 22, 16, 36, 28, 0.8704, 1.8845, 1.9911, 57, 88, 37, 48, 126, 92, 8, 39, 30, 63, 45, 79, 34, 7, 4.3814, 9, 33, 25, 6, 4.0006, 20, 2.4719, 21, 4.0089, 13, 0, 3, 144, 12, 100, 24],
      [4, 7, 2, 9, 4, 3, 2, 2, 1, 1, 1, 3, 2, 4, 3, 2, 5, 3, 0.2503, 0.2638, 0.23, 4, 2, 1, 3, 10, 3, 1, 8, 4, 5, 4, 5, 3, 1, 0.0774, 1, 4, 1, 1, 0.0001, 2, 0.092, 1, 0.0037, 3, 0, 1, 10, 2, 18, 2]
    ],
    [
      [1, 1, 7.6793e-16, 2, 1, 1, 2, 1, 6.1516e-24, 1, 3.4733e-10, 1, 1, 4, 1, 2.4883e-19, 1, 1, 0.0989, 0.0314, 1.0722, 1, 1, 2, 2, 3, 2, 1, 6, 3, 4, 3, 5, 2, 6.9334e-15, 0.035, 4.8362e-15, 2, 1, 0, 0.0004, 1, 0.3047, 3.2622e-15, 0.0013, 1.6007e-16, 0, 1, 3, 5.1494e-17, 13, 3],
      [3, 5, 2, 4, 3, 2, 1, 1, 2, 4, 3, 4, 4, 4, 2, 4, 4, 1, 2.6137, 0.0941, 1.2297, 5, 3, 2, 3, 6, 3, 1.9326e-07, 9, 1, 2, 2, 6, 5, 4, 1.5036, 3, 7, 4, 3, 3.9985, 4, 0.1118, 4, 0.9983, 3, 0, 1.6444e-15, 7, 2, 22, 8],
      [2, 3, 1, 1, 2, 1, 1, 1, 2, 2, 5.8668e-11, 1, 3, 4, 3, 1, 3, 1.4034e-20, 0.4352, 0.022, 0, 1, 1, 1, 2, 4, 1, 2.4494e-06, 7, 1, 2, 1, 2, 1, 1, 0.0926, 2, 6, 1, 1, 0.0005, 1, 0.4419, 1, 0.9898, 1, 0, 3.2027e-18, 3, 1.6718e-16, 11, 1],
      [12, 24, 2, 16, 9, 6, 11, 14, 8, 20, 8, 11, 25, 33, 9, 10, 16, 8, 1.4818, 0.4206, 2.1491, 10, 3, 3, 11, 26, 9, 1, 49, 10, 14, 10, 26, 13, 11, 0.9638, 8, 33, 8, 3, 5.0002, 11, 1.6692, 6, 1.9836, 5, 0, 1, 31, 5, 74, 21],
      [14, 33, 4, 22, 15, 9, 6, 9, 5, 12, 5, 17, 17, 28, 12, 10, 16, 10, 1.7827, 0.3271, 2.2672, 21, 14, 11, 22, 55, 28, 2, 56, 13, 27, 22, 49, 24, 7, 1.3836, 8, 33, 16, 4, 3.9997, 17, 1.389, 10, 2.0171, 5, 0, 1, 53, 6, 99, 28],
      [1, 4, 1.5493e-14, 2, 2, 1, 1, 2, 2.6704e-19, 2, 1, 1, 3, 4, 1, 1, 2, 1, 0.5877, 0.1048, 0.2817, 1, 8.9718e-26, 2.9794e-15, 1, 4, 1, 5.3681e-07, 12, 2, 2, 2, 3, 2, 1, 0.0214, 1, 4, 1, 5.4887e-06, 0.0006, 2, 0.0834, 3.4438e-15, 0.0099, 1, 0, 1.2528e-16, 3, 1, 17, 2]
    ],
    [
      [12, 11, 3, 32, 4, 5, 9, 5, 7, 5, 5, 8, 8, 13, 6, 7, 18, 6, 0.3298, 0.6269, 1.3055, 7, 8, 2, 5, 14, 7, 2, 15, 12, 16, 7, 11, 7, 3, 0.2096, 5, 12, 4, 2, 2.0001, 4, 1.0717, 3, 1.0076, 5, 0, 2, 23, 2, 39, 8],
      [10, 14, 3, 11, 5, 6, 16, 8, 9, 9, 2, 7, 20, 26, 5, 12, 13, 6, 2.897, 0.372, 0.7768, 7, 5, 5, 5, 13, 5, 5, 27, 11, 11, 9, 15, 8, 5, 1.2129, 6, 20, 6, 3, 2.9997, 6, 0.2837, 5, 0.0089, 5, 0, 6, 23, 4, 62, 13],
      [22, 27, 9, 26, 17, 15, 18, 22, 19, 14, 9, 12, 21, 29, 11, 15, 35, 10, 0.3741, 0.7023, 0, 8, 7, 9, 9, 19, 7, 2, 23, 17, 15, 6, 8, 8, 17, 2.3215, 12, 31, 5, 6, 5.9988, 7, 1.0873, 10, 4.9787, 12, 0, 5, 25, 9, 38, 5],
      [122, 151, 32, 194, 54, 75, 177, 196, 154, 101, 82, 64, 165, 209, 48, 85, 181, 89, 4.3464, 5.4424, 5.2619, 46, 18, 15, 39, 100, 34, 13, 146, 101, 87, 41, 73, 42, 93, 5.1926, 51, 156, 23, 11.0001, 21.0022, 40, 5.7541, 44, 16.9755, 74, 0.2667, 93, 199, 59, 228, 52],
      [142, 205, 60, 261, 87, 110, 107, 126, 91, 61, 51, 99, 114, 173, 64, 84, 179, 112, 4.971, 4.1775, 4.1567, 91, 75, 49, 77, 214, 105, 23, 167, 126, 165, 94, 138, 75, 64, 7.9973, 50, 156, 47, 16, 14.9994, 60, 5.0809, 71, 21.0204, 73, 0.7333, 91, 333, 78, 304, 69],
      [19, 28, 7, 26, 13, 14, 18, 29, 16, 13, 9, 8, 21, 25, 9, 13, 27, 11, 2.0817, 0.679, 0.4991, 7, 2, 1, 5, 17, 4, 2, 36, 20, 14, 8, 9, 8, 15, 0.0662, 6, 19, 3, 3, 0.9997, 7, 0.7223, 5, 2.009, 16, 0, 30, 23, 14, 54, 6]
    ],
    [
      [9, 10, 3, 28, 5, 5, 3, 2, 3, 2, 2, 9, 4, 7, 7, 4, 10, 4, 0.1846, 0.3846, 1.4088, 9, 18, 5, 10, 22, 15, 2, 13, 11, 21, 11, 16, 9, 1, 0.1044, 3, 8, 5, 1, 1.0001, 5, 1.6016, 3, 0.9989, 3, 0, 2, 26, 2, 34, 7],
      [6, 13, 3, 9, 5, 6, 5, 3, 3, 3, 1.7387e-10, 6, 8, 15, 6, 6, 7, 3, 2.7175, 0.1932, 0.575, 9, 10, 7, 9, 20, 9, 2, 22, 8, 13, 10, 19, 10, 2, 1.0584, 3, 13, 7, 3, 1.0004, 6, 0.48, 6, 0.0015, 4, 0, 2, 26, 3, 53, 11],
      [17, 20, 8, 21, 17, 16, 8, 9, 6, 7, 3, 13, 11, 17, 10, 14, 17, 8, 0.4434, 0.5407, 0, 7, 15, 14, 10, 25, 9, 5, 23, 19, 19, 12, 11, 8, 5, 1.1346, 5, 19, 5, 3, 2.9994, 7, 0.9035, 9, 2.0055, 7, 0, 6, 26, 6, 33, 2],
      [91, 136, 34, 170, 64, 86, 75, 73, 65, 47, 32, 66, 80, 118, 57, 58, 104, 70, 3.7859, 3.856, 3.8355, 56, 40, 31, 73, 155, 74, 15, 132, 92, 112, 61, 104, 55, 42, 6.5276, 31, 108, 27, 12.9999, 15.9981, 44, 5.0776, 61, 13.9822, 54, 0.7333, 76, 227, 58, 200, 48],
      [106, 180, 61, 226, 99, 123, 43, 47, 36, 27, 19, 103, 55, 98, 72, 57, 99, 86, 5.0075, 3.5719, 3.932, 108, 165, 91, 139, 327, 215, 26, 150, 115, 213, 139, 195, 95, 28, 7.0466, 29, 106, 54, 14, 9.0015, 65, 5.2184, 92, 15.0193, 53, 2.2667, 73, 376, 74, 265, 61],
      [14, 24, 7, 23, 15, 15, 7, 11, 6, 6, 3, 9, 10, 14, 10, 8, 15, 9, 1.8611, 0.4536, 0.2487, 8, 4, 3, 10, 27, 9, 3, 33, 18, 18, 12, 12, 10, 6, 0.1284, 4, 13, 3, 2, 0.0006, 7, 0.7189, 7, 0.9926, 11, 0, 24, 26, 13, 47, 5]
    ],
    [
      [2, 2, 2.9478e-14, 9, 1, 1, 1, 2.7626e-25, 1, 1.1436e-19, 1, 1, 1, 2, 1, 1, 4, 1, 0.0883, 0.0419, 0.1571, 1, 2, 1.3629e-15, 2, 4, 2, 5.2831e-06, 2, 2, 3, 1, 2, 1, 6.783e-15, 0.0086, 1, 1, 1, 3.1486e-07, 0.0002, 1, 0.0844, 1, 0.0009, 1, 0, 2.9001e-14, 6, 1.159e-16, 6, 1],
      [1, 2, 2.947e-15, 3, 1, 1, 1, 1.182e-25, 1, 1.047e-19, 5.8878e-11, 1, 2, 4, 1, 2, 2, 1, 0.2653, 0.0076, 0.058, 1, 1, 1, 1, 3, 1, 2.6973e-06, 4, 1, 2, 1, 2, 1, 1, 0.0358, 1, 2, 1, 2.4357e-06, 0.0001, 1, 0.0258, 1, 0.0009, 1, 0, 2.4175e-09, 6, 2.1827e-16, 10, 1],
      [4, 4, 2, 6, 3, 3, 2, 5, 2, 1, 1, 1, 2, 7, 2, 3, 6, 1, 0.0784, 0.0668, 0, 1, 1, 2, 2, 5, 1, 4.1749e-06, 4, 4, 2, 2, 1, 1, 2, 0.016, 2, 4, 3.2261e-11, 0, 0.0004, 1, 0.0648, 2, 0.0026, 3, 0, 3.2542e-14, 6, 1, 6, 9.016e-16],
      [27, 29, 12, 58, 16, 22, 22, 29, 27, 12, 16, 14, 27, 37, 9, 25, 39, 21, 0.7043, 0.4676, 1.4087, 12, 7, 7, 16, 30, 9, 7, 29, 25, 20, 10, 14, 7, 16, 0.1589, 12, 25, 8, 5.768e-06, 4.999, 14, 0.3395, 16, 2.0083, 21, 0, 18, 53, 12, 40, 8],
      [29, 40, 20, 75, 24, 31, 15, 17, 19, 7, 8, 18, 17, 30, 15, 22, 42, 27, 0.6118, 0.383, 1.3227, 20, 20, 17, 27, 66, 31, 7, 32, 27, 35, 19, 25, 15, 13, 0.779, 13, 22, 14, 3, 3.0003, 17, 1.422, 30, 5.9856, 25, 0, 17, 92, 17, 51, 9],
      [4, 5, 2, 7, 3, 3, 2, 4, 2, 1, 1, 1, 3, 4, 2, 3, 6, 2, 0.2519, 0.0331, 0.0534, 1, 1.2999e-26, 1.0437e-12, 2, 5, 1, 3.3045e-06, 6, 4, 2, 1, 1, 1, 2, 0.0018, 1, 2, 1.0338e-12, 0, 0, 2, 0.0635, 2, 0.0018, 4, 0, 5, 7, 2, 9, 1.8603e-15]
    ],
    [
      [3, 3, 1, 7, 2, 1, 1, 1.277e-24, 1, 1, 1.2758e-12, 2, 1, 3, 3, 2, 4, 1, 0.0522, 0.1769, 0.0631, 1, 3, 3.8475e-15, 2, 4, 2, 1.5715e-06, 4, 3, 4, 2, 1, 1, 2.0378e-14, 0.0561, 1, 3, 3.1885e-12, 0, 0, 1, 0.2715, 2.9611e-14, 0.0019, 1, 0, 2.9241e-14, 5, 4.4872e-20, 9, 9.5923e-16],
      [2, 4, 1, 2, 2, 1, 2, 1, 1, 2, 4.9214e-13, 1, 2, 6, 2, 2, 3, 1, 0.947, 0.1776, 0.0393, 1, 2, 1, 2, 4, 1, 7.4778e-07, 7, 2, 3, 1, 2, 1, 1, 0.1669, 1, 5, 1, 1, 0.0003, 1, 0.0411, 1, 0.0001, 1, 0, 3.2197e-16, 5, 6.0676e-19, 15, 1],
      [6, 7, 2, 5, 8, 4, 3, 3, 2, 3, 3.6122e-13, 3, 2, 7, 4, 4, 7, 1, 0.277, 0.3008, 0, 2.0326e-24, 2, 2, 2, 5, 1, 3.3997e-06, 6, 5, 3, 1, 1, 1, 2, 0.1349, 2, 7, 3.2797e-11, 8.0536e-06, 0, 1, 0.1805, 2, 0.0195, 2, 0, 3.6262e-09, 5, 3.4964e-16, 9, 2.9071e-22],
      [40, 45, 11, 44, 33, 22, 32, 34, 21, 24, 8, 20, 22, 59, 21, 25, 41, 19, 1.0619, 2.0909, 0.4003, 6, 9, 5, 17, 31, 10, 2, 41, 31, 25, 11, 11, 9, 19, 1.2499, 12, 43, 4, 3, 2.0005, 12, 1.2325, 12, 4.0167, 15, 0, 7, 44, 7, 56, 4],
      [49, 64, 22, 62, 58, 35, 21, 23, 12, 16, 8, 31, 17, 48, 30, 26, 42, 26, 2.0379, 1.9912, 0.1612, 14, 38, 20, 36, 69, 32, 6, 47, 42, 50, 27, 25, 17, 15, 3.3789, 14, 47, 11, 6, 3.999, 20, 2.0784, 22, 5.9737, 15, 0, 9, 75, 11, 77, 8],
      [7, 9, 2, 6, 9, 5, 4, 5, 5, 3, 1, 3, 3, 6, 5, 4, 7, 2, 0.624, 0.2626, 0.336, 1, 7.9071e-21, 1, 2, 6, 1, 1, 11, 6, 4, 2, 1, 3, 4, 0.0132, 2, 5, 6.4561e-11, 1, 0.0002, 2, 0.196, 3, 1.9881, 5, 0, 2, 7, 2, 14, 2.7284e-15]
    ],
    [
      [2, 2, 2.3202e-15, 4, 1, 1, 1, 8.3956e-30, 1, 1.4522e-19, 1.7373e-10, 1, 1, 2, 1, 1, 3, 1.4117e-20, 0.0637, 0.0667, 0.0985, 1, 1, 1.0468e-12, 1, 3, 1, 7.6725e-07, 3, 2, 3, 6.2288e-29, 1, 1, 4.465e-17, 0.0507, 1, 1, 4.0026e-15, 3.5898e-06, 0.0002, 8.1996e-21, 0.0244, 1.2177e-14, 0.0087, 1, 0, 2.4175e-09, 3, 1.6714e-16, 9, 2.7475e-15],
      [1, 3, 2.9175e-14, 1, 1, 1, 2, 3.9327e-26, 1, 1, 2.323e-10, 5.9473e-21, 2, 3, 1, 1, 2, 7.9454e-23, 0.8689, 0.0713, 0.0705, 1, 2.4247e-20, 4.3384e-15, 1, 3, 8.9627e-31, 3.8793e-06, 6, 1, 2, 4.6399e-29, 2, 1, 2.0475e-14, 0.1295, 1, 2, 2.3221e-14, 1, 0.0005, 1.2488e-20, 0.0125, 1.4715e-14, 0.0003, 1, 0, 2.4174e-09, 3, 3.3367e-16, 14, 1],
      [3, 5, 1, 2, 3, 2, 2, 3, 2, 2, 4.0376e-10, 1, 3, 4, 1, 2, 5, 1, 0.3032, 0.1151, 0, 2.2659e-24, 6.598e-23, 1, 1, 4, 2.353e-31, 2.9336e-06, 5, 3, 2, 2.8804e-26, 1, 1, 1, 0.0953, 1, 3, 1.3964e-12, 0, 0.0005, 1.9405e-20, 0.0157, 1, 0.0021, 2, 0, 5.9892e-14, 3, 1, 8, 6.5213e-19],
      [21, 32, 6, 24, 14, 15, 28, 26, 22, 16, 10, 9, 26, 33, 8, 15, 31, 11, 1.702, 0.8789, 1.311, 6, 2, 2, 10, 25, 5, 4, 37, 20, 16, 5, 12, 7, 11, 0.9996, 9, 20, 2, 3, 4.0005, 5, 0.4843, 6, 2.0189, 15, 0, 15, 25, 11, 53, 6],
      [25, 43, 11, 32, 23, 22, 17, 18, 13, 10, 7, 15, 18, 28, 12, 15, 31, 13, 1.7187, 0.6648, 1.1691, 13, 9, 7, 21, 53, 15, 7, 42, 25, 32, 12, 22, 14, 7, 2.0332, 8, 21, 4, 4, 3.9995, 10, 0.3393, 9, 2.9749, 15, 0, 15, 43, 14, 71, 8],
      [6, 8, 3, 6, 7, 4, 5, 5, 4, 5, 3, 4, 5, 6, 4, 5, 7, 4, 1.3433, 0.2031, 0.351, 3, 3, 3, 4, 6, 3, 3, 12, 7, 5, 4, 4, 4, 5, 0.6916, 3, 5, 3, 3, 2.9988, 3, 0.1238, 3, 1.9951, 5, 0, 8, 4, 5, 15, 3]
    ]
  ],
  "V_est": [
    [259.9058, 130.9539, 147.8549, 1095.7593, 1665.6089, 158.9173],
    [79.5439, 181.5497, 85.982, 657.6682, 888.1665, 93.0896],
    [395.5511, 480.5509, 666.4626, 4121.2418, 5000.1366, 647.057],
    [384.683, 400.026, 540.0271, 3468.7962, 4856.0638, 545.4039],
    [70.3814, 67.3935, 108.229, 888.0863, 1133.5043, 115.4055],
    [83.6218, 96.3723, 130.9127, 979.0529, 1362.6204, 175.42],
    [53.313, 61.1536, 80.5318, 690.3953, 866.8995, 224.7067]
  ],
  "p_est": [
    [0.0751, 0.0379, 0.0427, 0.3168, 0.4815, 0.0459],
    [0.0401, 0.0914, 0.0433, 0.3312, 0.4472, 0.0469],
    [0.035, 0.0425, 0.0589, 0.3644, 0.4421, 0.0572],
    [0.0377, 0.0392, 0.053, 0.3402, 0.4763, 0.0535],
    [0.0295, 0.0283, 0.0454, 0.3727, 0.4757, 0.0484],
    [0.0296, 0.0341, 0.0463, 0.3462, 0.4818, 0.062],
    [0.027, 0.0309, 0.0407, 0.3492, 0.4385, 0.1137]
  ],
  "EI_Z": {},
  "EI_V": 37.533,
  "MAE_Z": {},
  "MAE_V": 610.1611,
  "MAE_p": 0.1095,
  "runtime": 0.5487
}
