{
  "X": [
    [8, 3, 16, 2, 220, 11, 6],
    [25, 63, 74, 110, 239, 238, 28],
    [15, 18, 23, 14, 224, 36, 22],
    [29, 17, 37, 31, 580, 111, 37],
    [39, 28, 52, 51, 575, 120, 94],
    [28, 49, 25, 137, 110, 273, 16],
    [35, 55, 73, 82, 326, 243, 36],
    [42, 71, 98, 148, 276, 380, 43],
    [29, 62, 89, 151, 124, 341, 26],
    [50, 73, 88, 269, 247, 608, 51],
    [105, 103, 136, 412, 461, 910, 75],
    [34, 32, 33, 101, 194, 230, 23],
    [27, 37, 32, 128, 152, 321, 16],
    [56, 93, 102, 238, 346, 620, 55],
    [75, 100, 150, 271, 577, 750, 92],
    [56, 70, 66, 208, 185, 487, 39],
    [6, 4, 4, 10, 29, 15, 2],
    [57, 52, 83, 203, 418, 537, 70],
    [36, 22, 48, 128, 159, 264, 24],
    [22, 21, 42, 14, 274, 92, 46],
    [17, 13, 29, 28, 250, 83, 56],
    [9, 3, 11, 3, 210, 9, 13],
    [8, 14, 33, 21, 170, 61, 19],
    [13, 9, 20, 11, 203, 41, 43],
    [14, 15, 17, 17, 335, 53, 27],
    [22, 21, 28, 13, 476, 61, 58],
    [30, 43, 34, 102, 161, 294, 42],
    [8, 2, 4, 14, 19, 55, 9],
    [1, 4, 3, 9, 11, 27, 2],
    [36, 46, 66, 160, 196, 409, 34],
    [17, 37, 49, 159, 104, 278, 19],
    [86, 104, 180, 332, 459, 954, 71],
    [57, 58, 101, 231, 184, 551, 40],
    [6, 10, 65, 8, 147, 186, 20],
    [38, 57, 91, 268, 380, 595, 51],
    [10, 8, 9, 28, 83, 82, 9],
    [207, 150, 138, 402, 1025, 952, 173],
    [27, 3, 12, 63, 135, 193, 9]
  ],
  "W": [
    [4, 14, 219, 9, 8, 2, 10],
    [119, 42, 255, 156, 100, 74, 31],
    [14, 11, 237, 33, 18, 19, 20],
    [43, 31, 612, 71, 40, 20, 25],
    [57, 34, 638, 96, 56, 26, 52],
    [151, 33, 118, 226, 34, 66, 10],
    [100, 34, 346, 168, 93, 76, 33],
    [167, 52, 301, 310, 103, 90, 35],
    [176, 29, 156, 265, 99, 77, 20],
    [313, 49, 291, 476, 115, 106, 36],
    [438, 109, 549, 711, 173, 168, 54],
    [104, 40, 195, 191, 35, 53, 29],
    [149, 32, 176, 255, 45, 41, 15],
    [275, 64, 362, 525, 128, 124, 32],
    [312, 91, 571, 581, 190, 175, 95],
    [236, 50, 233, 392, 93, 85, 22],
    [15, 5, 28, 12, 5, 3, 2],
    [257, 70, 461, 410, 115, 66, 41],
    [135, 37, 174, 219, 59, 30, 27],
    [32, 30, 271, 63, 56, 28, 31],
    [39, 14, 279, 67, 32, 16, 29],
    [1, 7, 217, 9, 14, 2, 8],
    [16, 15, 174, 43, 45, 12, 21],
    [13, 12, 222, 29, 24, 14, 26],
    [18, 12, 338, 39, 25, 17, 29],
    [20, 23, 494, 41, 36, 23, 42],
    [138, 38, 178, 235, 44, 49, 24],
    [14, 0, 38, 44, 4, 6, 5],
    [11, 3, 10, 25, 2, 5, 1],
    [191, 41, 220, 329, 86, 65, 15],
    [152, 30, 108, 253, 73, 37, 10],
    [370, 109, 535, 758, 219, 151, 44],
    [260, 56, 224, 443, 134, 83, 22],
    [14, 6, 147, 166, 77, 8, 24],
    [360, 64, 386, 418, 120, 103, 29],
    [38, 12, 87, 61, 16, 10, 5],
    [456, 212, 1151, 720, 187, 197, 124],
    [90, 38, 135, 144, 18, 8, 9]
  ],
  "method": "mult",
  "cond_prob": [
    [
      [0.00048229197079, 0.001135778604, 0.0020872223932, 0.27647430784, 0.01190082575, 0.70755781187, 0.00036176156847],
      [0.52505547863, 0.021027622054, 0.38863152131, 0.016150591631, 0.012401496184, 0, 0.036733290193],
      [0, 0, 0.012941623453, 0.00056653726415, 0.96998785515, 0, 0.016503984134],
      [0.0037448363118, 0.12582829368, 0.027347910952, 0.045162441159, 0.017608949661, 0.77993897328, 0.00036859494871],
      [0.0051931065413, 0.008341068005, 0.88897123585, 0.0083557669001, 0.0034224439061, 0.085687461752, 2.8917049333e-05],
      [0.021417701144, 0.67499676402, 0.033029094798, 0.034303162013, 0.003749077793, 0.23240914949, 9.5050749675e-05],
      [0.052921034994, 0.015189346159, 0.029263500086, 0.0002008395282, 0.71580772191, 0, 0.18661755733]
    ],
    [
      [0, 0, 0, 0.53905465264, 0, 0.46094534736, 0],
      [0.55938720356, 0.033658930196, 0.08118767953, 0.064981314869, 0.0063084261222, 0.16677644234, 0.087700003388],
      [0, 0.027944910221, 0.0016610342668, 0.027897983519, 0.87380980125, 0.022826871675, 0.04585939907],
      [0, 0.0074630614071, 0, 0.13961979369, 0, 0.85291714491, 0],
      [0, 0.032279013997, 0.69119938503, 0.066367153547, 0, 0.21015444742, 0],
      [0.00098543618164, 0.6672866713, 0.0095376374391, 0.10165226019, 0.0021225182529, 0.21841547664, 0],
      [0.046219844297, 0.022226457092, 0.010994517677, 0.0022459642259, 0.50827356238, 0.0028637480381, 0.40717590629]
    ],
    [
      [0.001016115417, 0.0013725565645, 0.0018588217224, 0.51092962241, 0.0076273849261, 0.47648627386, 0.00070922509577],
      [0.70090775394, 0.021759972167, 0.088265890661, 0.029896473782, 0.0067307446413, 0.086755922683, 0.065683242127],
      [0, 0.014063713029, 0.026846217969, 0.0029300108042, 0.90036327849, 0, 0.055796779702],
      [0.15086428396, 0.010082440992, 0.0065228950336, 0.11818092103, 0.015605634145, 0.69763552163, 0.0011083032036],
      [0.013858755997, 0.01780475366, 0.81753595184, 0.031433433744, 0.003992844707, 0.11497930651, 0.0003949535485],
      [0.029058886235, 0.70407362507, 0.018853807949, 0.071446708545, 0.0035819927081, 0.17280406766, 0.00018091183337],
      [0.07478456368, 0.018885976565, 0.017568650983, 2.2592515565e-05, 0.48890832119, 0, 0.39982989507]
    ],
    [
      [0.00033673609243, 0.00057857432173, 0.00059962898984, 0.39905940999, 0.0072769518528, 0.59172784234, 0.00042085641106],
      [0.6482447777, 0.018235131757, 0.077097072241, 0.033045433079, 0.0084151010713, 0.15115764758, 0.063804836563],
      [0.0096799791855, 0.0059500347009, 0.007916134446, 0.0066744509589, 0.92211565053, 0.0047680092652, 0.042895740916],
      [0.0038324395891, 0.0026100768138, 0.0023751813062, 0.080597019347, 0.012412432313, 0.89762110379, 0.00055174684226],
      [0.013195727064, 0.015243238908, 0.72358534318, 0.03602074713, 0.0046617531816, 0.2069416673, 0.00035152323935],
      [0.02696589286, 0.58092472536, 0.015252205609, 0.077627341282, 0.0033527749514, 0.29569686937, 0.00018019056569],
      [0.065061393085, 0.014194858617, 0.012897468844, 0.00062031494125, 0.55826545974, 0.0011636634215, 0.34779684135]
    ],
    [
      [0.00089485564454, 0.0010481004286, 0.00081242106934, 0.51171802511, 0.0069575979749, 0.47692339826, 0.001645601515],
      [0.6511280995, 0.020989386466, 0.068988153665, 0.036452622589, 0.0068081997984, 0.10459435473, 0.11103918325],
      [0.007508062956, 0.012019588889, 0.010407023599, 0.0064865051256, 0.86594535929, 0, 0.097633460144],
      [0.077627964761, 0.0045950154601, 0.0032040121916, 0.12116048153, 0.013574092236, 0.7771339645, 0.0027044693236],
      [0.015866297827, 0.020428574562, 0.74584104523, 0.045944441545, 0.0045966107711, 0.16584325214, 0.0014797779192],
      [0.027469033111, 0.66256807828, 0.013779820444, 0.08624250505, 0.0028480171775, 0.20642598179, 0.00066656414096],
      [0.057028875443, 0.014350571723, 0.01029720545, 0.00014794319618, 0.38969668063, 0, 0.52847872356]
    ],
    [
      [0, 0.0025629327025, 0, 0.57593777715, 0.0040367070064, 0.41697621095, 0.00048637219506],
      [0.66161891478, 0.023016066123, 0.0560823892, 0.052257968196, 0.0060709247409, 0.11467982795, 0.086273909017],
      [0.016935910725, 0.01813121093, 0, 0.022782823949, 0.8675092085, 0.0051188906611, 0.069521955236],
      [0.0024473865417, 0.010237412017, 0, 0.1578650042, 0.0094332002807, 0.81909448536, 0.00092251160722],
      [0.020317370741, 0.024549796946, 0.67822245049, 0.072196214219, 0.0035812866302, 0.20039665324, 0.00073622773738],
      [0.034572846738, 0.6423625641, 0, 0.11323545652, 0.0018588390492, 0.20776021346, 0.00021008013246],
      [0.06424304985, 0.016970664739, 0.008971783979, 0.0014807111587, 0.44476797366, 0.00071147380542, 0.46285434281]
    ],
    [
      [0.00066366714629, 0.00097958153109, 0.00084708292683, 0.47774121768, 0.0061931251075, 0.51343559346, 0.00013973215317],
      [0.66632742493, 0.02040011836, 0.065943555918, 0.038723959851, 0.0067147621808, 0.12842868085, 0.073461497907],
      [0.016136965753, 0.011372427571, 0.0085781867738, 0.010497332747, 0.88577902469, 0.010439524625, 0.057196537837],
      [0.0050810923669, 0.0038926225526, 0.0028625315118, 0.10721929308, 0.011669876749, 0.86912459957, 0.00014998416632],
      [0.016008031481, 0.019859476626, 0.70810781665, 0.048272515438, 0.0043296965421, 0.20327075532, 0.00015170793782],
      [0.027262582243, 0.62147622879, 0.013053085633, 0.088896153656, 0.0030174364697, 0.2462945132, 0],
      [0.069114666406, 0.016378563018, 0.011460346419, 0.00057253381492, 0.4872823269, 0.0012816366009, 0.41390992685]
    ],
    [
      [0, 0.0032287859687, 0.0083479269405, 0.52731875227, 0.0016896411433, 0.45941489367, 0],
      [0.61767968095, 0.024605682426, 0.086231586498, 0.046747391671, 0.0054872479716, 0.12525781377, 0.09399059671],
      [0.012744317649, 0.017163857128, 0.023081098287, 0.014252112415, 0.8593136638, 0.0017434393639, 0.071701511357],
      [0.0026838965406, 0.0093475947574, 0.017285191033, 0.12758893705, 0.0041955008757, 0.83888212349, 1.6756259008e-05],
      [0.011807477195, 0.020817898618, 0.75362918335, 0.048617783474, 0.00095319693531, 0.16394022333, 0.00023423710088],
      [0.02219116374, 0.64843244877, 0.018724059919, 0.095908793277, 0.00037201965878, 0.21437151463, 0],
      [0.057120976083, 0.017544512556, 0.014487503449, 0.0007149882528, 0.43848039731, 0.00019410260866, 0.47145751974]
    ],
    [
      [0, 0, 0.0031390298201, 0.54539353839, 0, 0.45146743179, 0],
      [0.64778961166, 0.023324943779, 0.075408557999, 0.045277782351, 0.0014416341705, 0.1140292731, 0.092728196944],
      [0.044991617593, 0.05276640432, 0.039342821786, 0.022200828213, 0.74682702821, 0.011806737061, 0.08206456282],
      [0, 0, 0.016735212149, 0.14018092137, 0, 0.84308386648, 0],
      [0.0051140261011, 0.023890635088, 0.74691156636, 0.054359959344, 0, 0.16972381311, 0],
      [0.017574905384, 0.65397573891, 0.019015904702, 0.099715971832, 0, 0.20971747917, 0],
      [0.066792630943, 0.018535639322, 0.013995071008, 0.001332119241, 0.37265881044, 0.0012452046164, 0.52544052443]
    ],
    [
      [0, 0, 0, 0.54220698606, 0, 0.45760389903, 0.00018911490408],
      [0.65671420058, 0.01846181029, 0.059790117387, 0.046263567594, 0.0032718673255, 0.11651685587, 0.098981580947],
      [0.036699014295, 0.015862885219, 0.0077099604517, 0.02992728124, 0.80159246363, 0.016457753804, 0.09175064136],
      [0, 0.0011991459641, 0.0017957514573, 0.14450263423, 0, 0.85206269547, 0.00043977287755],
      [0.016307908233, 0.019453187338, 0.69828954963, 0.064220588447, 0, 0.20107789458, 0.00065087177115],
      [0.027512019135, 0.60531812593, 0.012419177443, 0.11402025047, 0, 0.24056634682, 0.00016408020443],
      [0.065275209347, 0.014101120172, 0.0097826957259, 0.0016303220465, 0.37711865513, 0.0018226006952, 0.53026939689]
    ],
    [
      [0, 0, 0, 0.54949717979, 0, 0.45050282021, 0],
      [0.67114281178, 0.015698115887, 0.060163495909, 0.050030501633, 0.0012360905957, 0.11938682656, 0.082342157633],
      [0.034970485978, 0.0067747663796, 0.011191546516, 0.051841891218, 0.79860271405, 0.023826811783, 0.072791784071],
      [0, 0, 0, 0.14575393309, 0, 0.85424606691, 0],
      [0.018387549508, 0.012815614908, 0.69629720378, 0.068639717849, 0, 0.20378460393, 7.5310027438e-05],
      [0.032736076271, 0.56329041156, 0.013426057692, 0.12966377751, 0, 0.26088367697, 0],
      [0.073443145104, 0.013327187121, 0.010796777082, 0.0021570382, 0.41541437239, 0.0024728369782, 0.48238864312]
    ],
    [
      [0, 0, 0, 0.55680774355, 0.0077513043386, 0.43544095212, 0],
      [0.6634013333, 0.016347825557, 0.073134448954, 0.051445947285, 0.0077688480162, 0.12164431903, 0.06625727786],
      [0.017403935941, 0, 0.011823195344, 0.021937360858, 0.89464534967, 0.006763245356, 0.047426912826],
      [6.6411437311e-07, 0, 0.0053825594777, 0.14628777912, 0.015869208547, 0.83245978874, 0],
      [0.014432899357, 0.014656238657, 0.72906611085, 0.05967793135, 0.0043078027785, 0.177757792, 0.00010122500628],
      [0.02906208849, 0.57439500292, 0.015899742992, 0.12597155551, 0.0040454402589, 0.25062616983, 0],
      [0.069814142971, 0.013454602419, 0.013138959694, 0.0017305366151, 0.51831265442, 0.00086227597695, 0.38268682791]
    ],
    [
      [0, 0, 0, 0.52225484067, 0, 0.47774515933, 0],
      [0.66113601802, 0.026819603187, 0.058881381161, 0.050506583606, 0.0026006185963, 0.1356655474, 0.064390248037],
      [0.015784970955, 0.042247055962, 0, 0.049735212123, 0.82104754245, 0.025622430447, 0.045562788067],
      [0, 0, 0, 0.12898066765, 0, 0.87101933235, 0],
      [0.023609541347, 0.02741655307, 0.66043966925, 0.06628415027, 0, 0.22225008607, 0],
      [0.02205945471, 0.66174475882, 0.0057392986312, 0.09546943339, 0, 0.21498705445, 0],
      [0.073241702108, 0.022734056607, 0.010713296192, 0.0018211298842, 0.49416084895, 0.0026315420516, 0.39469742421]
    ],
    [
      [0.00078539069648, 0.0024326378743, 0.00081463328781, 0.52675666006, 0.011731530306, 0.45543412848, 0.0020450192906],
      [0.63449436782, 0.022175297916, 0.066961753591, 0.04465788824, 0.0080425416332, 0.11909845513, 0.10456969567],
      [0.01384174632, 0.013346293499, 0.0076353242964, 0.012982165785, 0.87044608557, 0, 0.08174838453],
      [0.0062165822272, 0.0070544115811, 0.0030251149523, 0.12613683168, 0.023244000391, 0.83062332747, 0.0036997317051],
      [0.015333791834, 0.021750034724, 0.71294060782, 0.055560905788, 0.0065859803581, 0.18642241651, 0.00140626297],
      [0.025314031864, 0.63799746489, 0.012641378267, 0.09862510174, 0.0052431102842, 0.21928419786, 0.00089471509919],
      [0.056259214841, 0.015037221888, 0.0098225676498, 0.00066013859787, 0.42066787996, 8.6149105009e-05, 0.49746682796]
    ],
    [
      [0, 0, 0, 0.50453068549, 0.013044313978, 0.48145017522, 0.00097482531297],
      [0.62108078938, 0.016645499477, 0.071890671836, 0.047477345051, 0.0095239334108, 0.13787205072, 0.09550971013],
      [0.01031758015, 0, 0.0068781644538, 0.014168592316, 0.89330237503, 0.0075015844268, 0.067831703627],
      [0, 0, 0, 0.1186003053, 0.025089861438, 0.85466528667, 0.0016445465964],
      [0.01288463645, 0, 0.71230839156, 0.064855240616, 0.0083944364102, 0.200674262, 0.00088303297093],
      [0.028228647625, 0.55686607257, 0.018263446716, 0.11363751205, 0.0071307296444, 0.27537159513, 0.0005019962575],
      [0.054760164643, 0.010881019453, 0.010482309358, 0.00063035591472, 0.4691348406, 0.00083277395189, 0.45327853608]
    ],
    [
      [0, 0, 0, 0.54435238373, 0, 0.45564761627, 0],
      [0.69548518873, 0.020752667452, 0.048528600873, 0.041184292588, 0.0007917981399, 0.10332264753, 0.089934804685],
      [0.062303539515, 0.035993608961, 0.0017506900367, 0.026999548394, 0.76029697269, 0.015764669388, 0.09689097101],
      [0, 0.0067933614504, 0, 0.14370151628, 0, 0.84947524695, 2.9875323856e-05],
      [0.023768533696, 0.026516395905, 0.67266822126, 0.066883022765, 0, 0.20954967111, 0.00061415525942],
      [0.032948791212, 0.64786148814, 0.0048891923961, 0.10118005081, 0, 0.21308099746, 3.9479976609e-05],
      [0.077177044075, 0.017209397251, 0.0087242384771, 0.0014231007904, 0.35505524796, 0.0015255097927, 0.53888546165]
    ],
    [
      [0.091599902619, 0.061868860244, 0, 0.52589364095, 0.036298606638, 0.28285359916, 0.0014853903884],
      [0.79930888944, 0.026415472251, 0.041208041823, 0.023961156776, 0.015022652491, 0.05605889035, 0.038024896873],
      [0, 0.0049322335411, 0, 0, 0.95544394664, 0, 0.03962381982],
      [0.018505630865, 0.014854445693, 0, 0.13370087302, 0.03801800164, 0.79326275915, 0.0016582896355],
      [0.025674216116, 0.033231969895, 0.75256104794, 0.044318068071, 0.013640328839, 0.12983629029, 0.00073807884773],
      [0.026247679462, 0.80104190436, 0.0067213293758, 0.055262928429, 0.0075571714736, 0.10285566654, 0.00031332036498],
      [0.10013766209, 0.027124142532, 0.0054952815348, 0, 0.5404439769, 0, 0.32679893694]
    ],
    [
      [0, 0, 0, 0.50398874017, 0.0049856085226, 0.4896001535, 0.0014254978066],
      [0.62359998474, 0.021035873777, 0.060712874047, 0.045038890928, 0.006438545843, 0.13339999377, 0.10977383689],
      [0.014141492058, 0.011456938204, 0, 0.016729635348, 0.85674299896, 0.014678438807, 0.086250496622],
      [0.0012968049336, 0.0036401097752, 0, 0.12013342523, 0.0099224963823, 0.86272027241, 0.0022868912705],
      [0.021216708946, 0.021125239769, 0.67559455371, 0.05878977195, 0.0036692203911, 0.21841854598, 0.001185959255],
      [0.024653649842, 0.61735604465, 0.010779630345, 0.099362373823, 0.0022729861991, 0.2450548639, 0.00052045124279],
      [0.054390750928, 0.014109604774, 0.00842120823, 0.00088694448779, 0.40656772997, 0.0014862245071, 0.51413753711]
    ],
    [
      [0, 0, 0, 0.57504467102, 0, 0.42495532898, 0],
      [0.68858507812, 0.017065673407, 0.062379447388, 0.050338018286, 0.0026302003413, 0.11064518316, 0.068356399298],
      [0.036495742764, 0.009510957604, 0.011124684311, 0.030848678468, 0.84170152914, 0.013409985266, 0.056908422451],
      [0.0003081147408, 0.0020565385089, 0.0046264062565, 0.1612201177, 0, 0.83178882279, 0],
      [0.017343538912, 0.017022606419, 0.71198822635, 0.067867856258, 0, 0.18577777206, 0],
      [0.031594776495, 0.59500973091, 0.013678806039, 0.12526421684, 0, 0.23445246971, 0],
      [0.079018653694, 0.015135400786, 0.012052328531, 0.0025724770827, 0.46098579695, 0.0017632051949, 0.42847213776]
    ],
    [
      [0, 0.00030461241765, 0, 0.2954445406, 0.016351180204, 0.68523312926, 0.0026665375165],
      [0.60343304641, 0.021016035643, 0.070837099998, 0.018699504392, 0.015871460555, 0.13825552142, 0.13188733158],
      [0, 0, 0, 0, 0.9057123684, 0, 0.094287631595],
      [0.0025894452555, 0.012540163186, 0, 0.025354420459, 0.204159921, 0.75111398999, 0.0042420601039],
      [0.031599701421, 0.018341487503, 0.7047096413, 0.021125527793, 0.018767814019, 0.20213001563, 0.0033258123375],
      [0.023027516596, 0.64965239392, 0.012345535928, 0.043015411557, 0.01015574827, 0.26019328487, 0.0016101088624],
      [0.042565155235, 0.011366152344, 0.002112002631, 0, 0.43081074256, 0, 0.51314594723]
    ],
    [
      [0.0011098502896, 0.00040735868055, 0.0011070975091, 0.46724020233, 0.0087911478329, 0.51764513507, 0.0036992082872],
      [0.63649873368, 0.016732197636, 0.06785686803, 0.030741055411, 0.0068271279717, 0.10592042191, 0.13542359536],
      [0, 0.0042146022709, 0.011452355634, 0, 0.85431471719, 0, 0.1300183249],
      [0.084789870615, 0.011403891939, 0.0036220803881, 0.10094978707, 0.016071798482, 0.77708389688, 0.006078674623],
      [0.015513819264, 0.016272718694, 0.75142894889, 0.038779452156, 0.0056778221274, 0.16930878262, 0.0030184562465],
      [0.030244408048, 0.62459413653, 0.015627044677, 0.083917445664, 0.0037036879632, 0.24040323065, 0.0015100464698],
      [0.047739982441, 0.010196354085, 0.0094200468105, 0, 0.34103446662, 0, 0.59160915004]
    ],
    [
      [0.0010608313882, 0.0010235692031, 0.00071423709788, 0.44817092077, 0.0096169171382, 0.53858635016, 0.00082717424948],
      [0.74699385724, 0.015309914148, 0.06305740669, 0.021567555999, 0.008334525253, 0.082895273193, 0.061841467482],
      [0, 0.0044682356726, 0, 0.0047994271125, 0.94584115127, 0, 0.044891185943],
      [0.030372533142, 0.026426344226, 0.0028527678974, 0.090153258623, 0.018379061159, 0.83062507194, 0.0011909630097],
      [0.20267014927, 0.016268644389, 0.74409970467, 0.029918880542, 0.0064953590444, 0, 0.00054726208627],
      [0.036396580356, 0.67939775967, 0.015305685328, 0.062842191843, 0.0036242490417, 0.20215983437, 0.00027369939266],
      [0.073306764904, 0.012225781498, 0.010525221117, 0.00043155811861, 0.55261456313, 0.00015017765904, 0.35074593358]
    ],
    [
      [0, 0.00057275633664, 0, 0.51618944912, 0.0066549651375, 0.47658282941, 0],
      [0.50987009121, 0.037617598814, 0.089664391933, 0.064298013861, 0.011022471051, 0.18419815929, 0.10332927384],
      [0, 0.016022417952, 0.00019248991921, 0.016390949871, 0.90731760297, 0.011029378042, 0.049047161243],
      [0, 0.0050550471141, 0.00042687118604, 0.12268197277, 0.014538740885, 0.85729736805, 0],
      [0, 0.026977474657, 0.69496220821, 0.057758273372, 0.0081200546571, 0.2076660015, 0.0045159876048],
      [0.0108304799, 0.68632427461, 0.0096724988083, 0.08549663375, 0.0031888723088, 0.20448724063, 0],
      [0.010570613002, 0.046258405336, 0.010181717082, 0.0011460282267, 0.51552789474, 0.0014279419021, 0.41488739971]
    ],
    [
      [0.00069422779077, 0.00030580167016, 0.0004375071301, 0.41798547372, 0.0073427755907, 0.57108178265, 0.0021524314525],
      [0.63139282684, 0.014450035279, 0.065937503781, 0.027950519195, 0.0074027274329, 0.11941002266, 0.13345636481],
      [0.0046646859709, 0.00031431810283, 0.0046485052835, 0.0036166007166, 0.86831050439, 0, 0.11844538553],
      [0.081469729141, 0.0019273602404, 0.0021195427449, 0.084655140051, 0.01347570928, 0.81264158047, 0.003710938072],
      [0.014903984649, 0.013776759862, 0.73637523923, 0.035453620972, 0.0057671740699, 0.19110529011, 0.0026179311038],
      [0.031174068834, 0.58237826309, 0.015679826248, 0.080143663388, 0.0041653084546, 0.28499169695, 0.0014671730334],
      [0.04699792657, 0.0081928526603, 0.0083501592435, 0, 0.36397142876, 0, 0.57248763277]
    ],
    [
      [0.00042803040246, 0.00081261292835, 0, 0.45145895164, 0.0083512147661, 0.5384508915, 0.00049829876958],
      [0.66618535133, 0.022285297332, 0.058823987486, 0.036714495695, 0.0091549950319, 0.13574044115, 0.071095431971],
      [0, 0.0071523540307, 0, 0.006261039446, 0.94077244121, 0, 0.045814165312],
      [0.058211477831, 0.0081629947818, 0, 0.096845082462, 0.016005682927, 0.82010419284, 0.00067056916015],
      [0.051358061218, 0.022569217548, 0.64491590056, 0.048415744217, 0.0072195598886, 0.22504541438, 0.00047610218176],
      [0.024384731769, 0.6440122002, 0.010071449183, 0.077567737792, 0.0044830974745, 0.23934116347, 0.00013962011202],
      [0.069976952787, 0.016195141323, 0, 0.00037690432939, 0.54751068193, 0, 0.36594031963]
    ],
    [
      [0.00054402253826, 0.001040722783, 0.000340494311, 0.33874991716, 0.0090365990367, 0.64912225062, 0.0011659935543],
      [0.63184189657, 0.022994935215, 0.068264932813, 0.023139286321, 0.0095133169502, 0.13733632866, 0.10690930347],
      [0, 0.0039503048908, 0, 0.001961156038, 0.92139721974, 0, 0.072691319332],
      [0.1013912279, 0.044899954681, 0.0017428020871, 0.062782262396, 0.015000732514, 0.77261684547, 0.0015661749521],
      [0.01424918721, 0.021428847617, 0.71885027947, 0.02806949346, 0.0067461347002, 0.20962736142, 0.0010286961218],
      [0.023724550603, 0.66493098283, 0.012021722238, 0.049534169115, 0.0043222136764, 0.24499755448, 0.00046880706132],
      [0.053359051925, 0.014121479932, 0.004679335738, 3.0137211589e-06, 0.46364127099, 0, 0.46419584769]
    ],
    [
      [0, 0.0057554703739, 0, 0.48798093222, 0.0064648503289, 0.49519687947, 0.0046018676125],
      [0.60650595033, 0.026159186478, 0.060794375951, 0.039209252774, 0.0064195034136, 0.12415423359, 0.13675749746],
      [0.016824776622, 0.020143752339, 0.002706348175, 0.0096125516343, 0.83358957297, 0.0036139724824, 0.11350902577],
      [0.004504871681, 0.013128000211, 0, 0.10741537337, 0.012268232583, 0.85499318235, 0.0076903398002],
      [0.015303990491, 0.026726023267, 0.69406264848, 0.051875334708, 0.0039030563009, 0.20586522087, 0.002263725877],
      [0.022071861469, 0.67311104813, 0.0098885071925, 0.080246273338, 0.0024689714898, 0.21056246012, 0.0016508782595],
      [0.047684250416, 0.015943402257, 0.0076995980396, 1.8778936386e-05, 0.3462173666, 0.0001106057523, 0.582325998]
    ],
    [
      [0, 0, 0, 0.46151557284, 0, 0.53848442716, 0],
      [0.94159049657, 0.0012034987254, 0.010513275169, 0.0057926556037, 0.00043951978027, 0.019352793554, 0.021107760597],
      [0.13915617359, 0, 0.024495539515, 0.10892509773, 0.48081729717, 0.086193072874, 0.16041281912],
      [0, 0, 0, 0.057540575037, 0, 0.94245942496, 0],
      [0.06316735572, 0, 0.72947564329, 0.039333773573, 0, 0.16802322741, 0],
      [0.20252069028, 0.33027376049, 0.017983633091, 0.11679520388, 0, 0.33242671226, 0],
      [0.24885436784, 0.0036714874106, 0.008673025344, 0.0019473294232, 0.1457885415, 0.010202673794, 0.58086257469]
    ],
    [
      [0, 0, 0.0033701105531, 0.51507989679, 0.024184882395, 0.45562097242, 0.0017441378404],
      [0.3267536962, 0.11375710764, 0.1831521325, 0.051339095973, 0.014325245471, 0.14742766986, 0.16324505235],
      [0, 0.0045095165628, 0.015577319906, 0.0066378799103, 0.89273757192, 0, 0.0805377117],
      [0, 0, 0.015929087069, 0.10773429575, 0.053571000627, 0.81943677153, 0.0033288450195],
      [0.0017860081433, 0.011020832964, 0.87345059549, 0.023253805136, 0.0051721423697, 0.084723485491, 0.00059313040803],
      [0, 0.71592284696, 0.020079490711, 0.074757441979, 0.010453767413, 0.1781040069, 0.00068244603711],
      [0.016166895103, 0.011977610745, 0.012173366083, 7.2834287912e-05, 0.36172670057, 0, 0.59788259321]
    ],
    [
      [0.0012381837656, 0.00049460625953, 1.8796701497e-05, 0.52469008684, 0.0036020244865, 0.46840788198, 0.0015484199602],
      [0.63631409486, 0.019416909671, 0.06292939701, 0.044440809176, 0.0056867438312, 0.12124429983, 0.10996774563],
      [0.016641741285, 0.01055443451, 0.0068138771263, 0.017173788977, 0.84705705248, 0.0099075939876, 0.091851511638],
      [0.0061117983213, 0.0031461887822, 0.0014987571751, 0.12869739268, 0.0077982005739, 0.85013922394, 0.0026084385205],
      [0.016139392796, 0.019468827289, 0.70319727247, 0.058162304668, 0.0028419429871, 0.19896560377, 0.0012246560215],
      [0.027150121946, 0.61349786147, 0.012462344436, 0.10502244609, 0.0018385972295, 0.23940714237, 0.00062148645835],
      [0.056661238293, 0.013379004285, 0.0092761769192, 0.00093515143218, 0.3864520917, 0.0010064476702, 0.5322898897]
    ],
    [
      [0, 0, 0, 0.62253331664, 0.009429120238, 0.36728233564, 0.00075522747986],
      [0.54262525523, 0.035337066864, 0.070018270812, 0.074140063842, 0.0088744751573, 0.13363184415, 0.13537302394],
      [0, 0.024601440019, 0, 0.030704528862, 0.85945097328, 0.00074387825594, 0.084499179586],
      [0, 0.0043831416557, 0, 0.19144848681, 0.019065893961, 0.7836283638, 0.0014741137798],
      [0, 0.084209040675, 0.63755963727, 0.085439496992, 0.006172029848, 0.18565794666, 0.00096184855306],
      [0.0093047801777, 0.69830871537, 0.0075311501426, 0.11197504523, 0.0030924357275, 0.16948158848, 0.00030628486778],
      [0.037696547648, 0.018931519514, 0.007894579953, 0.0018017722311, 0.40911848821, 0.00019658857397, 0.52436050387]
    ],
    [
      [0, 0, 0, 0.51095511788, 0, 0.48904488212, 0],
      [0.62160516878, 0.020047286003, 0.07352343718, 0.048110268892, 0.0031602669821, 0.1385594551, 0.094994117057],
      [0.018652322288, 0.01305385694, 0.023983234419, 0.025556445913, 0.82250279254, 0.022993016051, 0.073258331848],
      [0, 0, 0, 0.12605397676, 0, 0.87394602324, 0],
      [0.010238177696, 0.017569242577, 0.71420239344, 0.056020759906, 0, 0.20196942638, 0],
      [0.022592958197, 0.59824261145, 0.014755945775, 0.10699138536, 0, 0.25741709921, 0],
      [0.059371513071, 0.014743952493, 0.011737339945, 0.0012892845504, 0.42310311113, 0.0021994873984, 0.48755531141]
    ],
    [
      [0, 0, 0, 0.54366862193, 0, 0.45579901231, 0.00053236576092],
      [0.67401810864, 0.01719040541, 0.056536955231, 0.043389617449, 0.0021708306359, 0.10922012621, 0.097473956417],
      [0.055772963116, 0.012070386831, 0.0085110718066, 0.025894768496, 0.78553627996, 0.014434470839, 0.097780058947],
      [0.000649601689, 0.0031723464771, 0.0022765066958, 0.14317739632, 0, 0.84981648683, 0.00090766199232],
      [0.017501442445, 0.019157644438, 0.69895763332, 0.06386129401, 0, 0.19977140883, 0.00075057695262],
      [0.031257591646, 0.60313705765, 0.012608647698, 0.11326882041, 0, 0.23943678622, 0.00029109638633],
      [0.069749783438, 0.013669137188, 0.0096416969238, 0.0013454325612, 0.3599230351, 0.0014219345865, 0.5442489802]
    ],
    [
      [0.00031796564974, 0.0013658124052, 0.0019240831644, 0.17848476587, 0.0083643513676, 0.8087288387, 0.00081418284674],
      [0.55275396898, 0.029698753492, 0.10175836694, 0.01323967627, 0.0090409484958, 0.18592595022, 0.1075823356],
      [0.006812927413, 0.011769947841, 0.019715537075, 0.0013907079031, 0.89853401366, 0.0021321632545, 0.05964470285],
      [0.00023157576813, 0.0039283720102, 0.015549171945, 0.025533566445, 0.015478656117, 0.93927865771, 0],
      [0.0074394321008, 0.01942931725, 0.75866830117, 0.010437562856, 0.0056031703325, 0.19842221629, 0],
      [0.015440666085, 0.68893100533, 0.014760909779, 0.021884598583, 0.0025548692395, 0.25625559045, 0.00017236052504],
      [0.039280048307, 0.017203689508, 0.014484153032, 0, 0.48845055818, 0, 0.44058155098]
    ],
    [
      [0, 0, 0, 0.50455905346, 0.020254980606, 0.47409715755, 0.0010888083911],
      [0.55138294967, 0.018774290991, 0.079493680032, 0.057320009928, 0.011214057218, 0.16051565751, 0.12129935465],
      [0, 0, 0.00036736814803, 0.024194658452, 0.8941996634, 0.0084613908745, 0.072776919125],
      [0, 0, 0, 0.11696578426, 0.028112700169, 0.85328942339, 0.0016320921809],
      [0, 0, 0.70086781656, 0.081839592714, 0.0088181578221, 0.20755221717, 0.00092221573148],
      [0.015016105661, 0.53871118361, 0.013509464101, 0.14185542307, 0.0071645173772, 0.28325349462, 0.00048981155493],
      [0.040166632339, 0.010730809111, 0.0094823304479, 0.00095049776176, 0.45800704648, 0.0010196324758, 0.47964305138]
    ],
    [
      [0, 0, 0, 0.47292147452, 0.013483173234, 0.51259819271, 0.00099715953631],
      [0.6683361887, 0.020329971737, 0.043810429306, 0.040174908909, 0.0092984792333, 0.13372512365, 0.084324898466],
      [0.0015018247822, 0.0091114387508, 0, 0.010582572441, 0.90153361277, 0.012862191537, 0.064408359715],
      [0, 0, 0, 0.10265409828, 0.023332655907, 0.8724513288, 0.0015619170146],
      [0.081289389051, 0.03470481924, 0.5234779353, 0.092502219933, 0.0079282852467, 0.25912308853, 0.00097426269179],
      [0.024536415162, 0.63332330424, 0.006691022322, 0.08807962504, 0.0044668656931, 0.2425381135, 0.00036465404354],
      [0.06066252063, 0.014967003515, 0.0063435320495, 0.00069389887821, 0.46956402476, 0.0013349842778, 0.44643403589]
    ],
    [
      [0.0023120989025, 0.0013324957702, 0, 0.52978718583, 0, 0.46556603654, 0.0010021829508],
      [0.68665761903, 0.018909348294, 0.047827297034, 0.042548999913, 0.0032118183899, 0.11361746807, 0.087227449268],
      [0.029130482694, 0.012783935306, 0, 0.020087210682, 0.84392454007, 0.013996003947, 0.080077827304],
      [0.010173380271, 0.0045887447835, 0, 0.13204963575, 0.001855144253, 0.84968251126, 0.0016505836888],
      [0.02186305446, 0.022435901117, 0.66791717034, 0.065555611189, 0.0016662417611, 0.21958610235, 0.00097591879058],
      [0.032483835314, 0.61570092693, 0.0098552915438, 0.10549993165, 7.1221848765e-05, 0.23594869502, 0.00044009769897],
      [0.072843077006, 0.015135469313, 0.0082145946908, 0.0012754211155, 0.41371473474, 0.001529688724, 0.48728701441]
    ],
    [
      [0, 0, 0, 0.45754563198, 0.011572311272, 0.53088205675, 0],
      [0.676812015, 0, 0.0078579950942, 0.099313336437, 0.010232053786, 0.15505692175, 0.050727677931],
      [0, 0, 0, 0.018621517195, 0.92650442958, 0.022717547624, 0.032156505598],
      [0, 0, 0, 0.090253084889, 0.020149582727, 0.88959733238, 0],
      [0.017059819704, 0, 0.63942349601, 0.070304774327, 0.0058405795982, 0.26712468887, 0.00024664148503],
      [0.039613530917, 0.375, 0.014035841681, 0.15036641081, 0.0045267224353, 0.41629463688, 0.00016285727023],
      [0.073017603091, 0, 0.0088318360786, 0.0075800074741, 0.60541020256, 0.0023295087943, 0.302830842]
    ]
  ],
  "expected_outcome": [
    [
      [0.0019291678831, 0, 0.014225615838, 0.014479651975, 0.051006771739, 0, 0.066366714629, 0, 0, 0, 0, 0, 0, 0.21598244153, 0, 0, 1.3739985393, 0, 0, 0, 0.043284161296, 0.0010608313882, 0, 0.00902496128, 0.0077045472443, 0.010880450765, 0, 0, 0, 0.23649309923, 0, 0, 0, 0.0044515190964, 0, 0, 1.0543170996, 0],
      [0.0045431144162, 0, 0.019215791903, 0.024878695834, 0.059741724433, 0.38700283807, 0.097958153109, 0.53920725677, 0, 0, 0, 0, 0, 0.66897541544, 0, 0, 0.92803290367, 0, 0, 0.0097475973649, 0.015886988542, 0.0010235692031, 0.0091641013863, 0.003975421712, 0.01462703271, 0.020814455661, 0.79425491159, 0, 0, 0.09446979557, 0, 0, 0, 0.019121373673, 0, 0, 0.6076180712, 0],
      [0.0083488895726, 0, 0.026023504114, 0.025784046563, 0.046308000952, 0, 0.084708292683, 1.3941037991, 0.55246924833, 0, 0, 0, 0, 0.22402415415, 0, 0, 0, 0, 0, 0, 0.043176802855, 0.00071423709788, 0, 0.0056875926912, 0, 0.0068098862199, 0, 0, 0.037071216084, 0.003590169986, 0, 0, 0, 0.026937164301, 0, 0, 0, 0],
      [1.1058972314, 64.1475036636, 7.1530147138, 17.1595546297, 29.1679274313, 86.9666043496, 47.7741217678, 88.0622316297, 95.9892627566, 169.7107866378, 240.6797647472, 57.9080053287, 77.8159712601, 144.8580815167, 157.4135738715, 128.46716256, 7.8884046143, 129.5251062236, 77.6310305883, 9.4542252993, 18.2223678909, 0.44817092077, 8.2590311859, 5.4338111583, 8.1262611295, 6.7749983431, 67.3413686462, 6.4612180198, 5.6658788647, 100.2158065869, 94.625064129, 189.0533936138, 141.3538417022, 2.4987867221, 181.6412592446, 17.9710160317, 241.5829567402, 41.1791068783],
      [0.047603302999, 0, 0.10678338897, 0.31290892967, 0.39658308457, 0.60954275797, 0.61931251075, 0.28217007093, 0, 0, 0, 0.80613565121, 0, 3.2261708343, 4.0698259612, 0, 0.54447909957, 1.2813013903, 0, 0.52323776654, 0.34285476548, 0.0096169171382, 0.1064794422, 0.095456082679, 0.15032186579, 0.18073198073, 0.89214934538, 0, 0.26603370634, 0.68798667693, 1.4332262762, 0, 0, 0.11710091915, 7.2917930182, 0.51236058289, 0, 1.0415080145],
      [2.8302312475, 54.8524963364, 6.6708078341, 25.4442972206, 27.1846337007, 62.9634078529, 51.3435593457, 76.7222872436, 79.4582679951, 143.2300203972, 197.3202352528, 45.2858590201, 71.1840287399, 125.2443853329, 150.2124546697, 107.53283744, 4.2428039874, 125.8272394498, 57.3689694117, 21.9274601363, 20.1881602677, 0.53858635016, 7.6253252705, 7.4240631744, 9.6921160469, 12.9824450124, 68.3371693663, 7.5387819802, 5.0118306966, 89.465905459, 55.8269150179, 180.9466063862, 118.5077432, 11.3222037418, 170.6749767164, 19.478731323, 212.2981126635, 47.7793851072],
      [0.0014470462739, 0, 0.0099291513407, 0.018096825676, 0.093799286355, 0.073442201454, 0.013973215317, 0, 0, 0.059192964976, 0, 0, 0, 0.56238030492, 0.30414549765, 0, 0.022280855827, 0.36635293628, 0, 0.085329200529, 0.1442691232, 0.00082717424948, 0, 0.027981608883, 0.0089693778524, 0.023319871087, 0.63505773052, 0, 0.019185516244, 0.29574821239, 0.11479457694, 0, 0.13841509784, 0.011398559854, 0.39197102079, 0.03789206238, 0.45699542556, 0]
    ],
    [
      [7.3507767008, 23.4942625494, 7.7099852933, 20.0955881088, 22.1383553831, 21.8334241876, 22.6551324476, 32.1193434094, 18.7858987381, 32.1789958286, 73.1545664838, 26.5360533321, 21.1563525766, 40.6076395405, 56.5183518333, 34.7742594367, 3.9965444472, 43.6519989321, 25.4776478904, 18.1029913923, 8.9109822715, 5.2289570007, 7.6480513682, 7.576713922, 7.994224216, 14.5323636212, 23.0472261127, 0, 0.98026108861, 26.0888778891, 16.2787576569, 67.7549633975, 37.745014084, 3.3165238139, 35.2885087791, 8.0200342644, 145.5714152349, 25.7188565702],
      [0.29438670876, 1.4136750682, 0.23935969384, 0.56528908446, 0.71363913985, 0.75953018206, 0.69360402424, 1.2794954861, 0.67642336959, 0.90462870419, 1.7110946316, 0.65391302227, 0.85822730198, 1.4192190666, 1.5147404524, 1.0376333726, 0.13207736126, 1.4725111644, 0.63142991607, 0.63048106929, 0.2342507669, 0.10716939904, 0.56426398221, 0.17340042335, 0.26742356798, 0.52888350995, 0.99404908617, 0, 0.34127132292, 0.79609329651, 1.0601120059, 2.1851541744, 0.96266270294, 0.17819252095, 1.2015546234, 0.24395966084, 4.0087818384, 0],
      [5.4408412984, 3.4098825402, 0.97092479727, 2.3900092395, 2.3455972246, 1.8507188436, 2.2420809012, 4.4840424979, 2.186848182, 2.929715752, 6.5578210541, 2.9253779582, 1.8842041972, 4.2855522298, 6.542051137, 2.4264300436, 0.20604020912, 4.2499011833, 2.3080395533, 2.1251129999, 0.94999615242, 0.44140184683, 1.344965879, 0.79125004538, 0.70588784983, 1.5700934547, 2.3101862861, 0, 0.54945639751, 2.5801052774, 2.1005481243, 8.0140546526, 3.1660694929, 0.61055020164, 5.0875955221, 0.52572515167, 10.1393869711, 0.29860381358],
      [0.22610828283, 2.7292152245, 0.3288612116, 1.0244084254, 1.239389168, 1.7245129505, 1.3166146349, 2.4308643669, 1.3130556882, 2.2669148121, 5.453324678, 2.0578378914, 1.6162106754, 2.8581048474, 4.3204383996, 2.0592146294, 0.11980578388, 3.1527223649, 1.8625066766, 0.56098513176, 0.43037477575, 0.15097289199, 0.96447020791, 0.33540623034, 0.44057394834, 0.53220358537, 1.4899516054, 0, 0.15401728792, 1.8220731762, 2.2242019153, 5.2440193092, 2.4298185771, 0.079438057618, 3.6684806354, 0.48209890691, 9.0203879815, 3.7739067846],
      [0.17362094657, 0.26495389713, 0.074038191054, 0.26086813321, 0.23147879315, 0.20034051645, 0.22830191415, 0.28533689453, 0.041807390945, 0.16032149895, 0.13473387493, 0.31075392065, 0.083219795081, 0.51472266453, 0.86667794038, 0.039589906995, 0.075113262455, 0.45069820901, 0.097317412628, 0.47614381666, 0.095579791603, 0.058341676771, 0.16533706576, 0.088832729195, 0.10985994038, 0.21880628985, 0.24394112972, 0, 0.042975736414, 0.23315649708, 0.26623425472, 0.34446910105, 0.12156651561, 0.054245690975, 0.71769966196, 0.1115817508, 0.68090549865, 0.38881804385],
      [0, 7.0046105782, 0.95431514951, 4.6858870751, 3.5562080607, 3.7844343222, 4.366575149, 6.5134063163, 3.3068489198, 5.7093259378, 13.0131640955, 4.8657727611, 4.3412975167, 7.6223011281, 12.5463566154, 5.1661323764, 0.28029445175, 9.3379995638, 4.0938717769, 4.1476656426, 1.4828859068, 0.58026691235, 2.7629723893, 1.432920272, 1.6288852938, 3.1587355592, 4.7178608766, 0, 0.44228300957, 4.9710162929, 4.0089553245, 15.102980606, 6.116327068, 1.1155557013, 10.2730020807, 1.6047014838, 24.0869032306, 5.8921630264],
      [0.5142660627, 3.6834001423, 0.7225156634, 1.9779499335, 3.7753322306, 2.8470389975, 2.4976909288, 4.8875110289, 2.6891177114, 4.8500974664, 8.975295182, 2.6502911144, 2.0604879372, 6.692460523, 8.6913836218, 4.4967402342, 0.19012448436, 7.6841685825, 2.529186774, 3.9566199474, 1.895930335, 0.43289027237, 1.5499391076, 1.6014763777, 0.85314518365, 2.4589139797, 5.1967849033, 0, 0.48973515706, 4.5086775707, 4.0611907183, 10.3543587592, 5.4585415593, 0.64549401358, 7.7631586973, 1.0118987816, 18.4922192448, 1.9276517614]
    ],
    [
      [0, 0, 0, 5.9241472615, 4.7901441659, 1.9984374655, 5.5833901505, 3.8360396124, 7.0186923445, 10.6794131599, 19.1987968021, 3.3937675084, 2.7781548881, 5.0107121679, 5.8913382657, 14.516724707, 0, 6.5192278388, 6.350259241, 0, 0, 0, 0, 1.0355602855, 0, 0, 2.9948102387, 5.2879345962, 0, 3.6611830827, 0, 9.9789924241, 12.4931437379, 1.0015003297, 0, 0.13065875605, 33.5291855809, 0],
      [0, 7.1259521064, 3.333099988, 3.641421237, 7.6684977111, 2.1394828898, 3.9348599396, 5.1663209955, 8.2315590739, 4.6160995987, 3.7193467424, 0, 7.4354818492, 4.8313582466, 0, 8.386510888, 0.13810253915, 5.281648512, 1.6549066231, 0, 1.1758740336, 0.96960714096, 2.7879007236, 0.069778618827, 2.4174956624, 1.951450616, 3.5855879163, 0, 0.045095165628, 2.3219755921, 2.6569555221, 6.9838134627, 2.7037666502, 1.7301823326, 0, 0.79269517132, 14.7143095372, 0],
      [2.8342155362, 0.42356373802, 6.3625536587, 4.8446742809, 6.639681056, 0, 2.9680526237, 6.9474105845, 6.1374801987, 2.2435984914, 6.1441590371, 2.3055230921, 0, 2.7639873953, 3.9274319031, 0.40791077855, 0, 0, 1.9356950701, 0, 3.1952072219, 0, 0.033493245943, 1.0319681729, 0, 0, 0.48172997515, 0.93083050157, 0.15577319906, 1.4990529678, 0, 12.8310304143, 1.9064800847, 2.89818395, 0.14180410514, 0, 0, 0],
