{
  "Z_true": {},
  "V_true": [
    [1992, 2442, 1050, 111],
    [670, 7306, 1187, 392],
    [339, 445, 14607, 537],
    [119, 735, 438, 609],
    [156, 344, 1078, 688]
  ],
  "p_true": [
    [0.356, 0.4365, 0.1877, 0.0198],
    [0.0701, 0.7646, 0.1242, 0.041],
    [0.0213, 0.0279, 0.9171, 0.0337],
    [0.0626, 0.3866, 0.2304, 0.3204],
    [0.0688, 0.1518, 0.4757, 0.3036]
  ],
  "Z_est": [
    [
      [10.0132, 109.3502, 51.486, 34.5815, 55.6116, 94.7721, 126.053, 166.7911, 132.0003, 186.5853, 52.7568, 69.3201, 79.71, 147.5955, 59.5569, 26.5718, 75.6509, 99.174, 59.3191, 38.9281, 109.3695, 104.8984, 72.7215, 48.1967, 45.4161, 127.9067, 38.5124, 76.9294, 4.7908, 323.4742, 77.8563, 265.4471, 48.4161],
      [4.7666, 94.0717, 24.8957, 20.6845, 24.3793, 70.5538, 93.2465, 155.3213, 114.4653, 214.6377, 37.9588, 63.7175, 57.7979, 106.4496, 52.3996, 11.6399, 55.2878, 81.6938, 46.2107, 29.7069, 85.8198, 63.703, 59.2244, 38.3714, 25.7765, 74.8925, 44.3573, 59.4137, 4.0469, 285.646, 36.3273, 140.4496, 28.2405],
      [0, 22.3027, 2.3796, 0, 2.4677, 3.0528, 4.8288, 9.8416, 7.5795, 12.3387, 0, 3.0449, 3.0976, 0, 13.0967, 1.1751, 0, 10.5409, 4.7534, 2.2613, 9.6222, 3.3986, 0, 4.2299, 0, 6.2281, 2.5559, 6.1522, 0.5492, 18.8606, 1.165, 18.3868, 2.3796],
      [0.2202, 2.2754, 2.2387, 0.734, 1.5414, 2.6213, 1.8717, 3.0461, 3.9549, 6.4383, 1.2845, 0.9175, 1.3946, 3.9549, 1.9468, 0.6132, 3.0614, 6.5912, 1.7169, 1.1037, 3.1885, 0, 2.0541, 2.202, 0.8074, 2.9727, 1.5744, 1.5047, 1.6131, 14.0193, 1.6515, 11.7164, 1.9639]
    ],
    [
      [0.4029, 3.4415, 2.1984, 1.4436, 0.9323, 3.4242, 4.5657, 4.2933, 2.9236, 4.7882, 10.6302, 1.3467, 2.8871, 11.8361, 1.9107, 1.0407, 4.2012, 3.5921, 2.1485, 1.41, 3.9614, 5.9047, 2.9164, 1.7457, 1.645, 4.7613, 0.6025, 2.7864, 0.1679, 11.7163, 2.82, 9.467, 1.4076],
      [17.6238, 252.7053, 146.3728, 66.5742, 67.008, 219.6921, 191.344, 319.5437, 214.0985, 356.2388, 214.2466, 101.1256, 173.447, 551.375, 139.3119, 61.8912, 301.3151, 348.6997, 212.8962, 152.6108, 484.3694, 430.524, 404.3148, 206.1481, 68.8167, 325.4747, 50.3537, 207.5529, 11.3823, 1117.0127, 106.582, 420.1558, 41.9614],
      [1.437, 24.3082, 22.8131, 0, 3.0602, 9.9724, 16.8355, 24.3366, 19.3303, 26.8059, 15.6542, 7.0499, 15.2996, 14.7731, 12.6332, 9.6639, 27.7778, 40.9527, 38.8873, 29.9209, 64.6818, 39.0411, 34.5761, 24.1594, 4.9578, 39.0795, 3.9589, 33.3971, 2.2534, 88.0097, 5.1368, 38.4322, 2.1443],
      [1.5363, 18.545, 19.6156, 5.9823, 9.9995, 16.9113, 15.2548, 24.8264, 17.6477, 28.1671, 10.469, 7.4778, 11.3663, 41.0159, 12.1443, 7.4042, 31.706, 48.7555, 18.0679, 14.0583, 37.9874, 37.5302, 36.1927, 17.9468, 6.5805, 27.6844, 5.0849, 12.2636, 1.1965, 114.2613, 12.4613, 36.945, 4.4867]
    ],
    [
      [1.1999, 2.0553, 1.8751, 5.5821, 2.406, 1.7918, 2.389, 2.0341, 2.4417, 1.1395, 1.1594, 0.5311, 1.5107, 2.916, 1.1242, 0.9076, 2.2689, 1.8796, 1.1242, 0.7378, 2.0728, 2.8, 1.4229, 0.8635, 1.2625, 2.4242, 0.4516, 1.3538, 0, 6.1306, 1.4756, 4.9537, 0.8959],
      [0.1816, 2.731, 1.3582, 6.1123, 0.8151, 2.2661, 2.6425, 3.7624, 5.574, 2.6986, 0.9201, 1.2856, 1.5163, 5.215, 3.6449, 1.0897, 3.228, 2.5491, 2.07, 1.4744, 4.5396, 3.9836, 8.1637, 1.2285, 2.4477, 2.0924, 0.7336, 0, 0, 14.4926, 1.1835, 1.7687, 0.5447],
      [70.2044, 560.9339, 509.2006, 91.925, 361.0517, 285.2145, 398.448, 551.5013, 422.5784, 515.0873, 175.1076, 143.6944, 289.43, 314.5671, 725.4135, 208.1388, 611.0048, 871.3194, 526.6639, 326.5433, 904.8068, 760.3669, 743.0608, 234.4874, 158.4632, 506.2572, 122.5488, 450.816, 12.7545, 2655.1601, 227.2346, 753.4991, 103.4858],
      [0.4142, 4.2799, 6.5661, 1.3806, 3.7272, 3.7276, 3.5205, 5.7022, 4.4058, 6.0747, 1.813, 1.4889, 2.543, 3.3018, 6.8174, 1.8638, 11.4982, 11.2519, 4.1418, 3.2444, 5.5808, 7.8494, 8.3527, 2.4207, 1.8267, 5.2262, 1.266, 2.8302, 0.2455, 46.2166, 3.1064, 7.7785, 1.0736]
    ],
    [
      [0.1315, 1.8745, 1.2168, 0.7695, 0.8221, 1.6717, 2.8024, 2.3678, 1.3812, 2.1705, 1.2595, 0.5919, 1.6411, 3.1678, 1.2213, 2.387, 2.6309, 2.0419, 1.2213, 0.8015, 2.2518, 9.8904, 3.4201, 0.9923, 0.5919, 2.6335, 0.3617, 1.6772, 0.0329, 6.66, 1.603, 1.7101, 0.1315],
      [1.1255, 16.9402, 8.8737, 3.6578, 4.9825, 10.4108, 26.2544, 23.1691, 11.8176, 18.5705, 12.6356, 5.0647, 11.063, 34.0711, 10.06, 9.848, 21.7353, 31.1506, 13.524, 10.9587, 33.4832, 37.4224, 29.2627, 17.7264, 5.0647, 19.1333, 3.0951, 14.35, 0.2814, 78.2213, 10.9735, 14.6313, 1.1255],
      [1.0751, 17.1561, 9.9445, 3.0055, 6.7193, 9.4895, 17.4701, 18.3112, 11.2884, 17.7389, 6.2336, 4.8379, 9.407, 13.1122, 14.0813, 11.4541, 19.7305, 32.5212, 15.9039, 11.2984, 33.6453, 35.7465, 27.9521, 20.5963, 4.8379, 18.2764, 2.9565, 21.0665, 0.2688, 74.7182, 10.1616, 13.9761, 1.0751],
      [1.6679, 21.0292, 16.965, 5.5672, 12.476, 15.428, 18.4731, 28.1519, 17.5128, 27.5201, 11.8713, 7.5055, 12.8888, 37.649, 17.6374, 11.3109, 35.9033, 55.2863, 20.3508, 15.9415, 49.6196, 49.9407, 43.3651, 23.685, 7.5055, 27.9569, 4.5867, 13.9064, 0.417, 118.4005, 16.2619, 21.6825, 1.6679]
    ],
    [
      [0.2526, 0.2786, 0.2237, 0.6234, 0.2279, 0.3401, 0.1899, 0.5138, 0.2532, 0.3165, 0.1941, 0.2102, 0.2511, 0.4846, 0.1868, 0.0929, 0.2481, 0.3124, 0.1868, 0.1226, 0.3445, 0.5065, 0.5191, 0.2018, 0.0844, 0.2743, 0.0717, 0.2532, 0.0084, 1.0188, 0.2452, 0.4221, 0.1489],
      [1.3025, 9.5518, 5.4995, 3.9712, 7.8151, 9.0773, 6.5126, 16.2035, 9.0446, 10.8543, 9.2389, 5.8066, 10.1758, 20.8894, 6.5837, 2.5312, 11.4339, 13.9068, 10.299, 8.2493, 16.788, 17.3669, 24.0345, 7.5257, 2.8945, 9.4071, 2.4603, 8.6835, 0.2894, 48.6274, 5.9337, 13.9946, 3.1279],
      [5.2835, 40.2991, 31.6622, 13.0695, 31.7011, 33.2707, 26.4176, 54.0093, 35.2235, 44.0293, 27.0046, 19.3729, 28.7658, 30.5476, 59.7753, 13.568, 50.487, 78.6657, 45.7915, 35.976, 68.2438, 70.4469, 67.411, 30.527, 11.7412, 38.1587, 9.98, 40.5682, 1.1741, 197.2514, 23.3021, 58.7058, 12.9153],
      [2.1614, 15.8706, 15.6146, 6.3359, 14.2559, 15.3119, 11.8799, 21.2734, 15.4787, 19.7998, 9.5623, 7.6103, 9.8073, 25.0784, 13.4542, 5.8079, 23.831, 41.1151, 15.7226, 12.6521, 30.6237, 31.6797, 31.0355, 13.7456, 5.2799, 17.1598, 4.488, 10.4951, 0.528, 89.1024, 11.519, 26.8776, 5.8079]
    ]
  ],
  "V_est": [
    [3019.7626, 2306.1536, 176.2895, 92.7944],
    [119.319, 7982.7684, 741.3402, 711.5724],
    [63.1812, 92.3135, 15590.969, 181.5363],
    [64.1288, 550.6839, 516.0557, 770.1315],
    [9.6083, 340.0806, 1335.3457, 580.9654]
  ],
  "p_est": [
    [0.5397, 0.4122, 0.0315, 0.0166],
    [0.0125, 0.8355, 0.0776, 0.0745],
    [0.004, 0.0058, 0.9788, 0.0114],
    [0.0337, 0.2897, 0.2715, 0.4051],
    [0.0042, 0.1501, 0.5893, 0.2564]
  ],
  "EI_Z": {},
  "EI_V": 9.9436,
  "MAE_Z": {},
  "MAE_V": 350.4605,
  "MAE_p": 0.0589,
  "runtime": 3.604
}
