{
  "Z_true": {},
  "V_true": [
    [1419, 126, 3421, 516, 83],
    [491, 72, 7177, 780, 138],
    [531, 5541, 952, 11015, 639],
    [160, 181, 835, 385, 205],
    [163, 200, 474, 873, 722]
  ],
  "p_true": [
    [0.255, 0.0226, 0.6147, 0.0927, 0.0149],
    [0.0567, 0.0083, 0.8289, 0.0901, 0.0159],
    [0.0284, 0.2967, 0.051, 0.5897, 0.0342],
    [0.0906, 0.1025, 0.4728, 0.218, 0.1161],
    [0.067, 0.0822, 0.1949, 0.359, 0.2969]
  ],
  "Z_est": [
    [
      [24.9048, 21.8245, 20.9261, 18.076, 3.9316, 34.1309, 45.2581, 54.1098, 28.4216, 0, 28.3581, 17.514, 48.89, 11.3608, 3.5291, 0.4401, 2.3683, 17.0899, 27.7305, 9.6444, 5.0507, 16.204, 3.6356, 0, 94.6903, 8.7519, 24.8801, 1.2471, 1.8412, 4.6606, 3.9834, 5.9884, 13.1256, 14.4602, 21.9409, 29.4941, 0, 5.7135, 4.7217, 39.1887, 10.6563, 0, 7.1377, 3.1732, 8.251, 9.7833, 392.5406, 11.7363, 187.7552, 87.5254],
      [1.3244, 1.0645, 0.4698, 0, 0.0811, 1.1312, 1.0021, 1.2462, 0.7888, 0.155, 1.0959, 0.2019, 1.1065, 0.2977, 0.1891, 0, 0.054, 0.7762, 0.8009, 0.1912, 0.0303, 0.4119, 0.1013, 0.2039, 0.2316, 0.1184, 0.8148, 0.1289, 0.2421, 0.1353, 0.1079, 0.2583, 0.316, 0.5514, 0.7337, 0.9338, 0.1518, 0.1288, 0.1579, 1.196, 0.7407, 0, 0.1727, 0.0207, 0.2718, 0.3489, 13.5979, 0.3558, 3.5869, 2.4953],
      [62.3143, 54.7823, 35.7064, 36.0286, 7.3059, 87.2237, 107.3599, 127.2055, 55.9637, 1.7239, 84.1801, 52.3803, 116.2392, 37.633, 16.0745, 4.5089, 2.3219, 64.2474, 74.9069, 27.4915, 10.6303, 45.3326, 3.068, 2.6426, 300.0621, 5.6625, 68.8494, 7.5267, 5.7, 11.1096, 12.8671, 24.2626, 29.4561, 43.8982, 47.499, 60.3343, 2.5689, 7.237, 14.1256, 135.0152, 55.9193, 0, 12.4584, 2.6216, 16.2971, 35.3875, 1085.6624, 25.3129, 283.8913, 182.1534],
      [10.4549, 12.3287, 3.8664, 5.7417, 0.6814, 9.5055, 13.3249, 14.4385, 6.8034, 0.1174, 11.3314, 7.9038, 23.7642, 8.7085, 1.2074, 1.051, 0.2558, 7.8769, 6.5281, 3.673, 1.2765, 5.0499, 0.1263, 0.1535, 34.8838, 1.4609, 10.4331, 2.0973, 2.0634, 1.0774, 1.0328, 4.4907, 4.1023, 5.0903, 7.8017, 7.2378, 0.2792, 0.9207, 1.9948, 15.6002, 4.6837, 0, 1.2212, 0.1846, 2.18, 2.4802, 164.0831, 2.5939, 34.3449, 24.7906],
      [0.0016, 0, 0.0314, 0.1538, 0, 0.0088, 0.0549, 0, 0.0224, 0.0037, 0.0345, 0, 0, 0, 0, 0, 0, 0.0097, 0.0337, 0, 0.0122, 0.0017, 0.0689, 0, 0.1323, 0.0064, 0.0225, 0, 0.1534, 0.0171, 0.0087, 0, 0, 0, 0.0248, 0, 0, 0, 0, 0, 0, 0, 0.01, 0, 0, 0, 0.116, 0.001, 0.4217, 0.0354]
    ],
    [
      [18.0813, 15.9969, 10.6044, 5.1355, 4.6123, 25.0683, 27.4395, 32.9529, 21.9833, 0, 13.5125, 8.4741, 22.0245, 4.6591, 1.8584, 0.1937, 1.1797, 17.0512, 23.8034, 7.1035, 4.8038, 18.071, 1.8957, 0, 33.9006, 5.6339, 16.1294, 0.3086, 0.0848, 3.6173, 3.6687, 2.7558, 8.5148, 10.9373, 10.8568, 16.9503, 0, 2.9893, 1.4695, 15.9368, 2.5371, 0, 3.0933, 2.0589, 3.0439, 2.1229, 223.9903, 11.0052, 94.129, 28.3737],
      [43.1042, 32.1176, 10.3927, 3.5452, 3.2923, 35.7524, 27.5283, 32.7322, 26.8746, 1.1823, 22.1246, 8.1736, 24.6808, 6.8129, 3.9437, 0, 0.7731, 33.2688, 27.7714, 6.7819, 2.8056, 19.6961, 1.2619, 1.8234, 29.5467, 3.0129, 22.5517, 0.6792, 0.5942, 4.5631, 3.9923, 5.0788, 8.5009, 17.3042, 15.3065, 21.1929, 0.198, 2.3146, 1.7549, 19.721, 5.8665, 0.7366, 2.4442, 0.3554, 4.187, 1.6825, 327.3174, 15.4451, 112.3333, 34.5621],
      [134.3531, 119.2074, 54.7706, 30.5535, 26.092, 189.5477, 193.0913, 229.6753, 129.1681, 5.3033, 119.3083, 74.4672, 154.9269, 45.737, 25.8506, 3.2533, 4.0499, 197.6052, 189.5477, 58.7846, 30.2861, 149.2982, 6.2823, 5.7548, 318.209, 11.3896, 132.6121, 4.92, 0.8327, 25.6092, 34.864, 33.4497, 55.9312, 98.7991, 69.8505, 102.1572, 2.5792, 12.0738, 13.0303, 160.7136, 41.0734, 0, 16.6141, 6.2254, 18.0021, 20.1193, 1839.1988, 70.4567, 431.1214, 175.6673],
      [17.9901, 21.1167, 4.6346, 3.7871, 2.0033, 16.0826, 18.7601, 20.4119, 12.2969, 0.3493, 12.5372, 8.8798, 24.8021, 8.2935, 1.5187, 0.553, 0.3557, 19.012, 12.6919, 6.2873, 2.9316, 13.0965, 0.1833, 0.4219, 29.0659, 2.3167, 15.6983, 1.0923, 0.2404, 1.9219, 2.1945, 4.8554, 6.2181, 8.9537, 8.9637, 9.6667, 0.2228, 1.2074, 1.439, 14.6218, 2.6881, 0.2634, 1.2705, 0.3603, 1.8951, 1.0753, 216.9446, 5.6492, 41.3261, 18.6707],
      [14.4712, 13.5614, 2.5977, 1.9786, 0, 12.5488, 11.1808, 15.2277, 8.6771, 0.165, 6.5175, 2.0053, 6.5657, 1.4976, 1.8286, 0, 0.6416, 13.0629, 8.1856, 1.0428, 1.1729, 5.8382, 0.3767, 0, 12.2778, 1.6469, 9.0084, 0, 0.2479, 1.2885, 1.2806, 0.8604, 5.835, 7.0057, 5.0226, 10.033, 0, 0.4148, 0.3062, 3.0068, 0.8349, 0, 0.5779, 0, 1.872, 0, 95.549, 5.4439, 29.0902, 8.7262]
    ],
    [
      [9.421, 5.539, 3.2502, 1.3527, 0.9202, 6.7145, 7.8552, 11.411, 7.7997, 0, 6.5958, 3.2262, 11.0172, 1.7559, 0.6453, 0.0523, 0.1904, 2.731, 6.7049, 2.1438, 1.2221, 5.1656, 0.1394, 0, 13.9545, 1.1208, 4.8481, 0, 0.0598, 1.3718, 1.9208, 0.6223, 3.0924, 3.4757, 4.9579, 5.6975, 0, 0.5016, 0.6012, 7.1647, 0.4148, 0, 0.7386, 0.1295, 0.9295, 1.1681, 69.0117, 3.1363, 21.1922, 8.3874],
      [268.7677, 140.312, 49.273, 11.3555, 9.8141, 114.5544, 96.6464, 138.5747, 123.3139, 4.2883, 138.0684, 33.0896, 137.1291, 31.9549, 24.1392, 0, 2.8376, 101.3094, 92.2978, 20.7145, 8.7796, 66.4006, 2.267, 5.9727, 147.452, 23.3191, 83.8431, 1.0734, 3.8019, 18.9431, 22.3861, 23.6225, 32.4681, 68.8049, 82.8955, 82.0915, 0.3823, 8.1945, 6.6357, 101.804, 22.5577, 1.7328, 8.5204, 3.2215, 14.5128, 8.4359, 1282.5577, 51.7623, 431.9726, 132.2352],
      [63.0399, 36.0396, 19.3818, 7.053, 5.9374, 44.5967, 49.4752, 71.5639, 43.8694, 1.3831, 54.3041, 23.0253, 66.0624, 17.8708, 11.3888, 0.1779, 0.9819, 44.9, 45.8494, 13.2617, 6.5036, 36.3774, 0.8223, 1.6026, 117.7424, 5.9324, 35.9863, 0.8451, 0.056, 7.2854, 13.3995, 12.2947, 16.2791, 28.7714, 26.9806, 30.0878, 0.3504, 3.0557, 3.1871, 61.6794, 11.7454, 0, 4.0753, 4.5881, 4.2592, 7.074, 531.782, 17.5008, 132.4524, 49.3633],
      [512.0741, 415.9662, 100.2394, 54.6781, 26.3283, 235.7172, 298.7879, 392.0737, 256.5491, 5.0547, 357.0865, 161.3705, 637.3249, 182.8772, 42.6514, 2.7697, 6.1801, 262.7859, 197.5661, 84.3073, 39.1013, 199.5386, 2.5582, 3.4247, 637.9663, 79.7256, 266.3739, 10.0815, 7.3314, 37.2431, 56.4364, 102.9174, 105.1065, 162.4808, 221.5185, 168.0289, 3.2673, 19.6963, 25.212, 335.6378, 46.3162, 6.2672, 20.8863, 11.0609, 29.8907, 24.322, 3874.0074, 85.6854, 697.9546, 325.143],
      [33.6973, 21.1432, 4.8555, 2.5607, 0, 15.4172, 15.2352, 24.3767, 15.4679, 0.274, 15.9452, 2.2884, 12.4664, 1.5412, 4.1753, 0, 0.81, 15.2737, 10.5818, 0.5727, 1.3934, 7.5177, 0.2131, 0, 23.8848, 4.9021, 12.9486, 0, 0.7508, 2.1565, 2.8572, 0.5431, 7.054, 10.4672, 10.6474, 13.0943, 0, 0.5519, 0.3641, 2.7141, 0.9658, 0, 0.7795, 0, 2.4077, 0, 143.6412, 6.9152, 44.4283, 12.8711]
    ],
    [
      [0.8871, 0.9008, 0.3901, 0.2018, 1.0794, 1.0568, 1.2784, 1.8603, 1.0307, 0, 0.5364, 0.4629, 1.0043, 0.2066, 0.0538, 0.0629, 0.0359, 0.7792, 1.5591, 0.5325, 0.1858, 0.8943, 0.0665, 0, 1.4135, 0.1704, 1.0773, 0.0107, 0.0142, 0.1296, 0.4435, 0.2379, 0.5324, 0.762, 1.0298, 0.8905, 0, 0.2223, 0, 0.4936, 0.0985, 0, 0.0736, 0.2355, 0.0492, 0.0674, 12.8078, 0.4128, 4.7996, 0.6504],
      [7.6321, 6.4487, 1.3619, 0.5251, 2.0898, 5.4179, 4.6217, 6.6246, 4.5288, 0.507, 3.1415, 1.6612, 4.0718, 1.0999, 0.3992, 0, 0.0844, 5.3544, 6.4794, 1.8512, 0.428, 3.5112, 0.1313, 0, 4.6317, 0.3268, 5.3956, 0.1214, 0.3618, 0.5974, 1.7069, 1.5844, 1.9032, 4.3051, 5.1935, 3.9658, 0, 0.6164, 0, 2.1808, 0.763, 0.5306, 0.2036, 0.0955, 0.2464, 0.2093, 66.8566, 2.1199, 20.8188, 2.8293],
      [20.7656, 21.1782, 6.2941, 3.7922, 14.8382, 25.215, 28.3667, 40.8503, 19.0651, 1.9517, 14.9179, 12.8232, 22.2673, 6.3727, 2.3212, 0.6611, 0.3923, 28.0991, 39.2056, 13.8792, 3.7312, 23.3651, 0.5946, 0, 41.8001, 1.0914, 27.9142, 0.5168, 0.4112, 2.9398, 13.197, 9.1452, 10.9854, 21.6919, 20.8761, 16.8819, 0, 2.8588, 0, 15.6656, 4.7508, 0, 1.24, 1.4958, 0.9303, 2.2435, 331.0849, 8.3499, 68.3051, 12.6564],
      [7.5624, 10.3993, 1.4937, 1.2935, 3.0136, 6.0148, 7.6758, 10.1063, 5.0604, 0.3023, 4.3923, 4.1553, 9.8897, 3.2116, 0.3844, 0.2759, 0.0975, 7.522, 7.5128, 4.0036, 0.9702, 5.6781, 0.0787, 0, 10.2426, 0.6096, 9.2473, 0.3511, 0.3648, 0.6316, 2.3235, 3.7015, 3.3098, 5.502, 7.5003, 4.3974, 0, 0.8014, 0, 3.8671, 0.8499, 0.4694, 0.2701, 0.1732, 0.2723, 0.3261, 109.2353, 1.8737, 17.706, 3.7559],
      [11.1528, 12.073, 1.4601, 1.1874, 0.979, 8.2956, 8.0573, 13.5584, 6.315, 0.239, 4.0119, 1.8975, 4.7669, 1.1092, 0.8414, 0, 0.39, 9.2452, 8.2431, 1.7336, 0.6848, 4.5514, 0.1289, 0, 7.912, 0.8017, 9.3657, 0, 0.848, 0.7016, 2.3291, 1.331, 6.2692, 7.739, 7.4003, 8.8643, 0, 0.501, 0, 1.7928, 0.5378, 0, 0.2128, 0, 0.5017, 0.1535, 85.0154, 3.2437, 22.3705, 3.1081]
    ],
    [
      [6.7058, 3.7388, 3.8291, 1.2339, 1.4565, 8.0295, 9.1687, 9.6659, 6.7647, 0, 2.9972, 3.3228, 7.064, 3.0177, 0.9134, 0.2509, 0.2257, 4.3487, 6.2021, 2.5759, 1.7376, 4.6651, 0.2628, 0, 10.041, 1.3231, 5.0651, 0.4336, 0, 1.2207, 1.9835, 1.3956, 2.7348, 4.3649, 5.2146, 4.9677, 0, 0.5733, 0.2076, 4.2163, 0.2933, 0, 1.9568, 1.4029, 0.7263, 0.8583, 66.6497, 3.7093, 31.124, 6.0631],
      [28.1715, 13.0573, 6.5026, 1.5742, 1.7226, 20.1441, 16.2014, 16.8223, 14.4938, 0.8674, 8.5697, 5.8736, 14.0118, 7.8346, 3.3289, 0, 0.251, 14.2912, 12.6505, 4.4613, 1.9565, 8.9803, 0.2386, 0, 16.138, 1.2228, 12.3949, 0.9971, 0, 2.7611, 3.8068, 4.4561, 4.8117, 12.0344, 12.8708, 10.816, 0.2679, 0.7457, 0.4515, 9.0982, 1.0721, 0, 2.6592, 0.307, 1.782, 1.3233, 169.6703, 9.317, 65.2884, 12.8781],
      [17.5271, 9.7925, 6.847, 2.5727, 2.8264, 21.4169, 22.7069, 23.7049, 13.9337, 0.6379, 9.2896, 10.304, 17.5042, 10.3865, 4.3648, 0.3987, 0.254, 17.1483, 17.4905, 7.583, 3.8488, 13.6266, 0.2328, 0, 33.1864, 0.9241, 14.638, 1.1915, 0, 3.056, 6.6725, 5.8478, 6.3483, 13.8394, 11.7938, 10.5387, 0.5015, 0.7747, 0.657, 14.9261, 1.511, 0, 3.6122, 1.0691, 1.5112, 3.1756, 192.2719, 8.3796, 49.2299, 13.1597],
      [10.9185, 8.1891, 2.766, 1.4996, 0.9735, 8.6799, 10.4512, 9.9697, 6.2902, 0.1763, 4.6526, 5.6907, 13.2191, 8.9092, 1.2382, 0.3504, 0.1109, 7.8032, 5.7011, 3.7289, 1.7204, 5.637, 0.0535, 0, 13.8414, 0.8872, 8.2474, 1.3778, 0, 1.126, 2.0128, 4.0349, 3.2633, 5.9731, 7.2158, 4.6692, 0.2306, 0.3741, 0.3542, 6.2731, 0.4621, 0, 1.3519, 0.2211, 0.7619, 0.7963, 107.7297, 3.1978, 21.6684, 6.6398],
      [35.677, 21.2223, 6.0552, 3.1195, 1.021, 26.7296, 24.4718, 29.8372, 17.5176, 0.3183, 9.4909, 5.8089, 14.201, 6.852, 6.1547, 0, 1.1584, 21.4085, 13.9557, 3.651, 2.7367, 10.091, 0.2124, 0, 23.7932, 2.6429, 18.6547, 0, 0, 2.8362, 4.5244, 3.2655, 13.8418, 18.7882, 15.905, 21.0083, 0, 0.5322, 0.3297, 6.4862, 0.6615, 0, 2.4199, 0, 3.2186, 0.8465, 186.6784, 12.3962, 60.6894, 12.2593]
    ]
  ],
  "V_est": [
    [1436.6457, 40.521, 3593.1492, 493.2978, 1.3864],
    [790.6129, 1037.6815, 5872.4143, 627.8189, 329.4725],
    [250.3507, 4287.0869, 1792.2424, 11837.5685, 510.7514],
    [41.6883, 195.5349, 967.9799, 288.8761, 271.9208],
    [244.7024, 559.1757, 633.2143, 321.4387, 673.4689]
  ],
  "p_est": [
    [0.2582, 0.0073, 0.6457, 0.0886, 0.0002],
    [0.0913, 0.1199, 0.6783, 0.0725, 0.0381],
    [0.0134, 0.2295, 0.096, 0.6338, 0.0273],
    [0.0236, 0.1107, 0.5481, 0.1636, 0.154],
    [0.1006, 0.2299, 0.2604, 0.1322, 0.2769]
  ],
  "EI_Z": {},
  "EI_V": 11.1159,
  "MAE_Z": {},
  "MAE_V": 329.912,
  "MAE_p": 0.0528,
  "runtime": 0.106
}
