{
  "X": [
    [24, 149, 250, 23],
    [9, 94, 154, 7],
    [30, 174, 629, 74],
    [25, 44, 146, 13],
    [20, 24, 44, 4],
    [13, 42, 97, 11],
    [60, 143, 320, 33],
    [53, 90, 230, 31],
    [44, 128, 256, 46],
    [62, 250, 427, 64],
    [41, 78, 202, 39],
    [17, 46, 82, 11],
    [49, 172, 281, 37],
    [35, 92, 161, 34],
    [143, 500, 799, 91],
    [20, 50, 93, 15],
    [81, 271, 460, 74],
    [152, 309, 565, 86],
    [113, 251, 477, 79],
    [0, 2, 5, 2],
    [4, 15, 23, 4],
    [22, 170, 442, 42],
    [18, 177, 240, 25],
    [38, 223, 431, 61],
    [19, 124, 158, 24],
    [20, 33, 87, 9],
    [51, 736, 578, 63],
    [65, 567, 781, 90],
    [28, 141, 300, 28],
    [25, 296, 434, 36],
    [1, 4, 4, 0],
    [137, 273, 642, 116],
    [98, 245, 742, 100],
    [52, 184, 370, 25],
    [55, 235, 566, 66],
    [21, 44, 153, 15],
    [66, 100, 372, 62],
    [41, 119, 366, 45],
    [25, 287, 245, 27],
    [18, 391, 349, 31],
    [36, 227, 224, 29],
    [41, 170, 457, 39],
    [5, 19, 20, 2],
    [3, 13, 25, 2],
    [7, 14, 35, 6],
    [23, 97, 178, 16],
    [40, 473, 755, 56],
    [19, 156, 338, 46],
    [136, 813, 1076, 119],
    [15, 109, 233, 23],
    [237, 644, 1113, 179],
    [48, 131, 354, 27]
  ],
  "W": [
    [23, 259, 129, 35],
    [13, 156, 62, 33],
    [35, 649, 133, 90],
    [44, 133, 34, 17],
    [7, 66, 17, 2],
    [17, 103, 20, 23],
    [109, 295, 105, 47],
    [82, 217, 72, 33],
    [52, 275, 103, 44],
    [96, 442, 191, 74],
    [49, 203, 54, 54],
    [31, 82, 31, 12],
    [77, 266, 153, 43],
    [44, 164, 81, 33],
    [202, 770, 437, 124],
    [26, 96, 44, 12],
    [137, 440, 241, 68],
    [175, 570, 294, 73],
    [153, 490, 207, 70],
    [0, 5, 3, 1],
    [5, 24, 16, 1],
    [21, 469, 128, 58],
    [19, 261, 129, 51],
    [45, 466, 159, 83],
    [10, 186, 96, 33],
    [27, 87, 20, 15],
    [101, 573, 628, 126],
    [85, 831, 432, 155],
    [30, 316, 110, 41],
    [47, 457, 215, 72],
    [0, 3, 5, 1],
    [195, 625, 229, 119],
    [171, 700, 184, 130],
    [100, 333, 138, 60],
    [71, 564, 175, 112],
    [23, 160, 36, 14],
    [92, 364, 78, 66],
    [69, 364, 76, 62],
    [50, 245, 252, 37],
    [49, 346, 313, 81],
    [53, 223, 174, 66],
    [60, 439, 134, 74],
    [6, 18, 14, 8],
    [6, 23, 12, 2],
    [2, 45, 10, 5],
    [45, 162, 79, 28],
    [58, 797, 347, 122],
    [19, 333, 144, 63],
    [247, 1030, 678, 189],
    [30, 219, 98, 33],
    [282, 1128, 543, 220],
    [119, 293, 107, 41]
  ],
  "method": "mult",
  "cond_prob": [
    [
      [0.43345263583, 0.0013996090227, 0.46183859056, 0.10330916458],
      [0.048079791751, 0.02564747142, 0.87098073637, 0.055292000459],
      [0.010480879062, 0.97660984096, 0.011663940831, 0.0012453391474],
      [0.0064539975298, 0.46692698317, 0.35111580942, 0.17550320988]
    ],
    [
      [0.3558871884, 0.0066854203517, 0.57958390984, 0.057843481404],
      [0.027410646874, 0.084298206449, 0.86497206199, 0.023319084682],
      [0, 1, 0, 0],
      [0.0029516860109, 0.56856270695, 0.34938689397, 0.079098713072]
    ],
    [
      [0.30348011005, 0.0012232193469, 0.53831485981, 0.1569818108],
      [0.027948877148, 0.010121399021, 0.88855420765, 0.073375516181],
      [0.0067909302465, 0.97911836541, 0.012195048226, 0.0018956561193],
      [0.0037353461795, 0.41295174177, 0.35405953031, 0.22925338175]
    ],
    [
      [0.4226641469, 0, 0.48576998924, 0.091565863855],
      [0.044877270657, 0.020794485088, 0.88716275705, 0.047165487203],
      [0.0096869257668, 0.97863038548, 0.010720309724, 0.0009623790255],
      [0.0061614742814, 0.46828825746, 0.36876372087, 0.15678654739]
    ],
    [
      [0.77596842169, 0.005887593764, 0.17088075264, 0.047263231907],
      [0.21529923337, 0.092581276767, 0.64107100749, 0.051048482371],
      [0.018619901468, 0.98138009853, 0, 0],
      [0.020966660283, 0.582480451, 0.24657411863, 0.14997877009]
    ],
    [
      [0.46133425685, 0.0097583707377, 0.42723698634, 0.10167038607],
      [0.047929668974, 0.08945360661, 0.80735707809, 0.055259646331],
      [0.0052670006411, 0.99408827894, 0, 0.00064472041465],
      [0.0050096398477, 0.55385307121, 0.28605183432, 0.15508545463]
    ],
    [
      [0.42530064393, 0.0068091226781, 0.46981243815, 0.098077795244],
      [0.042610105981, 0.051167263593, 0.85595952925, 0.050263101174],
      [0.0077813359198, 0.98783650159, 0.0038213489604, 0.00056081352674],
      [0.0054299633105, 0.49873681278, 0.33789662706, 0.15793659685]
    ],
    [
      [0.46174578162, 0, 0.42239975055, 0.11585446783],
      [0.063719403855, 0.021975487465, 0.84693672863, 0.067368380048],
      [0.014359227719, 0.97597597896, 0.0078303821179, 0.001834411205],
      [0.0083597234835, 0.45336511319, 0.33376250997, 0.20451265336]
    ],
    [
      [0.46502280657, 0.0007827681931, 0.38184422403, 0.1523502012],
      [0.065230319867, 0.03025163518, 0.80941353169, 0.095104513268],
      [0.014774016294, 0.97720677848, 0.005041904403, 0.0029773008275],
      [0.0081534640093, 0.4315408681, 0.29627415871, 0.26403150918]
    ],
    [
      [0.41563007609, 0.0061517745763, 0.43645230926, 0.14176584007],
      [0.045633729264, 0.057075655999, 0.82062922558, 0.076661389153],
      [0.0080039661227, 0.99074962144, 0, 0.0012464124378],
      [0.0054141463654, 0.47228124317, 0.30246568382, 0.21983892665]
    ],
    [
      [0.48731746899, 0, 0.37426660629, 0.13841592472],
      [0.076648158662, 0.014513880886, 0.81954940303, 0.089288557422],
      [0.017473431982, 0.97239936391, 0.0073690211734, 0.002758182934],
      [0.011450046001, 0.41748363943, 0.31286074691, 0.25820556766]
    ],
    [
      [0.43395960323, 0.021444444111, 0.42484265707, 0.11975329559],
      [0.042608467454, 0.097362875771, 0.7975195549, 0.062509101878],
      [0, 1, 0, 0],
      [0.0044464973786, 0.52928886828, 0.28610617745, 0.1801584569]
    ],
    [
      [0.42679751714, 0, 0.4499244312, 0.12327805166],
      [0.052381348578, 0.016434920045, 0.86280420703, 0.068379524346],
      [0.012468220508, 0.97069117441, 0.014528387753, 0.002312217329],
      [0.0068724353621, 0.44447817636, 0.34016410235, 0.20848528593]
    ],
    [
      [0.46928295893, 0, 0.37154654159, 0.15917049947],
      [0.075515420112, 0.004209226531, 0.8159733053, 0.10430204806],
      [0.020162893748, 0.96351410803, 0.01118764363, 0.005135354597],
      [0.010115955004, 0.4019710333, 0.30079184747, 0.28712116422]
    ],
    [
      [0.45438929594, 0, 0.43981322617, 0.10579747789],
      [0.057416445617, 0.022645696923, 0.86029480639, 0.059643051075],
      [0.013831857445, 0.97313640698, 0.011358575667, 0.0016731599053],
      [0.0077272370281, 0.4621145445, 0.34489540185, 0.18526281662]
    ],
    [
      [0.47784479284, 0, 0.38414515878, 0.13801004838],
      [0.069978283527, 0.020686797417, 0.82288778036, 0.086447138699],
      [0.017148109194, 0.97255347822, 0.0071973770944, 0.003101035488],
      [0.0086336135758, 0.43514286717, 0.30819286378, 0.24803065547]
    ],
    [
      [0.40674768266, 0, 0.44457106253, 0.14868125481],
      [0.050034957403, 0.017274912103, 0.84979831733, 0.082891813162],
      [0.011749737234, 0.97192534928, 0.01325736332, 0.0030675501618],
      [0.0063014638998, 0.4288974926, 0.32334529775, 0.24145574575]
    ],
    [
      [0.51270873616, 0, 0.36670359992, 0.12058766392],
      [0.088181663487, 0, 0.83051700382, 0.081301332689],
      [0.037920974558, 0.94573085822, 0.012429612926, 0.0039185542946],
      [0.011830910478, 0.42404284497, 0.32572426895, 0.2384019756]
    ],
    [
      [0.48277105735, 0.00085230979288, 0.38130478066, 0.13507185219],
      [0.071470461019, 0.034271661259, 0.81020340026, 0.084054477463],
      [0.016848180467, 0.97821871308, 0.0024622875715, 0.0024708188781],
      [0.0089704138397, 0.45121727109, 0.30215727006, 0.23765504501]
    ],
    [
      [-0, 0.0011840421839, 0.47697034142, 0.5218456164],
      [0, 0, 0.75185332384, 0.24814667616],
      [0, 0.62523518067, 0.33713839543, 0.037626423896],
      [1.3877787808e-16, 0.12429445799, 0.22931819453, 0.64638734749]
    ],
    [
      [0.44764669736, 0, 0.37832234557, 0.17403095707],
      [0.040755960948, 0, 0.84738060187, 0.11186343718],
      [0.048559450166, 0.9141800388, 0.02950851785, 0.007751993185],
      [0.006672247829, 0.37311937921, 0.29911754159, 0.32109083137]
    ],
    [
      [0.32961800371, 0.00271259567, 0.53689917904, 0.13077022158],
      [0.029982230975, 0.035757216633, 0.87393157153, 0.060328980859],
      [0.0061711576225, 0.98508344705, 0.0076007887323, 0.0011446065916],
      [0.0039042658507, 0.46693482184, 0.34272946955, 0.18643144276]
    ],
    [
      [0.39255512919, 0.0056589878172, 0.48720365154, 0.11458223145],
      [0.039560967919, 0.082164143263, 0.82326366894, 0.055011219883],
      [0, 1, 0, 0],
      [0.0042360768328, 0.51858113411, 0.31120221625, 0.1659805728]
    ],
    [
      [0.39109005979, 0.0042052781227, 0.45723026717, 0.14747439492],
      [0.040373592158, 0.056436248767, 0.82619668144, 0.076993477639],
      [0.00750268755, 0.98986666287, 0.0012757506563, 0.0013548989211],
      [0.0047460969098, 0.47135748388, 0.30378482017, 0.22011159904]
    ],
    [
      [0.50944260303, 0.003660615748, 0.35889646617, 0.12800031506],
      [0.070890429679, 0.068072521563, 0.7799769827, 0.081060066054],
      [0.0047913539666, 0.99424670023, 0, 0.00096194580831],
      [0.0078783051101, 0.48043095788, 0.28288838047, 0.22880235654]
    ],
    [
      [0.51008668942, 0.0075411530405, 0.39673453772, 0.085637619823],
      [0.067299745749, 0.059462734156, 0.82269332003, 0.050544200062],
      [0.0121437619, 0.98662582464, 0.0004604894835, 0.00076992397359],
      [0.0086470845051, 0.5260409669, 0.31364258994, 0.15166935866]
    ],
    [
      [0.33492267104, 0.0071148136384, 0.53728922233, 0.12067329299],
      [0.029288640103, 0.076966139919, 0.84161206649, 0.052133153484],
      [0, 1, 0, 0],
      [0.0030985670306, 0.50142702896, 0.3292863051, 0.1661880989]
    ],
    [
      [0.37904136304, 0.005673669061, 0.48894959732, 0.12633537058],
      [0.038595566767, 0.069020742573, 0.83118582283, 0.061197867829],
      [0.00014210759657, 0.99970326366, 0, 0.00015462873945],
      [0.0041753398473, 0.4986431687, 0.31434751907, 0.18283397238]
    ],
    [
      [0.42179651318, 0.0027664413964, 0.46847445286, 0.10696259256],
      [0.044686888395, 0.040926482672, 0.85876892393, 0.055617705002],
      [0.0089628998283, 0.98414172304, 0.0059592812556, 0.0009360958725],
      [0.0058324119616, 0.48118655364, 0.33949428083, 0.17348675358]
    ],
    [
      [0.30731616626, 0.0080212419528, 0.57346256351, 0.11120002828],
      [0.022708196623, 0.092513896638, 0.83974416924, 0.045033737498],
      [0, 1, 0, 0],
      [0.0024790879049, 0.5325576509, 0.32339130794, 0.14157195326]
    ],
    [
      [1, 0, 0, 0],
      [0.094545336491, 0, 0.90545466351, 0],
      [0.13512469299, 0.72524761157, 0.13962769544, 0],
      [0.040740525561, 0.37376194217, 0.58549753227, 0]
    ],
    [
      [0.45224856445, 0, 0.40218610892, 0.14556532663],
      [0.069995055049, 0.0039393983642, 0.83641853575, 0.089647010838],
      [0.017221239094, 0.96808050725, 0.011253330718, 0.0034449229415],
      [0.0094198048216, 0.41048268792, 0.32130345533, 0.25879405193]
    ],
    [
      [0.38628361354, 0, 0.48026499163, 0.13345139482],
      [0.042078182854, 0.013827838166, 0.87455880163, 0.069535177348],
      [0.0096261615606, 0.97649056445, 0.012097896499, 0.0017853774923],
      [0.0055350796847, 0.42804807251, 0.34967317179, 0.21674367602]
    ],
    [
      [0.39962864324, 0.0056369779213, 0.52316894285, 0.071565435989],
      [0.033235577925, 0.048446656774, 0.88511029535, 0.03320746995],
      [0.005172955561, 0.98866485422, 0.0061621902233, 0],
      [0.0042636726605, 0.51446359367, 0.36818325187, 0.1130894818]
    ],
    [
      [0.4019357766, 0.0008364459183, 0.47676170032, 0.12046607716],
      [0.042873982364, 0.023382363776, 0.87116785116, 0.062575802704],
      [0.0094033120477, 0.9785331174, 0.010646397214, 0.001417173343],
      [0.0056790553543, 0.45097913952, 0.34775117601, 0.19559062912]
    ],
    [
      [0.47027484574, 0, 0.42450243849, 0.10522271577],
      [0.059941402399, 0.016344663604, 0.86246014636, 0.06125378764],
      [0.013404958528, 0.97543090123, 0.00962064738, 0.001543492862],
      [0.0078911183668, 0.44781009851, 0.34974837086, 0.19455041227]
    ],
    [
      [0.44063007691, 0, 0.41591900473, 0.14345091836],
      [0.061434326442, 0, 0.85258713624, 0.085978537317],
      [0.032175927399, 0.95329054601, 0.011799360858, 0.0027341657355],
      [0.0089426630718, 0.38853541533, 0.34050581554, 0.26201610606]
    ],
    [
      [0.38485838129, 0.0031415442168, 0.48274055967, 0.12925951482],
      [0.037307099287, 0.041061827035, 0.85642074664, 0.065210327034],
      [0.0076149619834, 0.98466514676, 0.0064932948683, 0.0012265963853],
      [0.0046169425724, 0.46777705249, 0.33000418056, 0.19760182438]
    ],
    [
      [0.34546228419, 0.0070468474758, 0.52044789436, 0.12704297398],
      [0.031001890371, 0.067467519004, 0.84433746528, 0.057193125346],
      [0, 1, 0, 0],
      [0.0035519635059, 0.48967879649, 0.32743044023, 0.17933879977]
    ],
    [
      [0.25613282108, 0.0089121192704, 0.62112523249, 0.11382982716],
      [0.015406136898, 0.10083860305, 0.84264764614, 0.04110761392],
      [0, 1, 0, 0],
      [0.0014687456857, 0.52682900619, 0.33344170426, 0.13826054387]
    ],
    [
      [0.44894373861, 0.010275798936, 0.43546813199, 0.10531233047],
      [0.053152337231, 0.081899038827, 0.80984304705, 0.05510557689],
      [0, 1, 0, 0],
      [0.0053486462317, 0.51805904542, 0.30795741685, 0.1686348915]
    ],
    [
      [0.38364332447, 0, 0.51764511858, 0.098711556948],
      [0.037481298875, 0.012563284663, 0.90201173796, 0.047943678503],
      [0.0085075631098, 0.97609827129, 0.014409653833, 0.00098451177147],
      [0.0052310387663, 0.45523715785, 0.37874657173, 0.16078523166]
    ],
    [
      [0.56374451046, 0.0052867482614, 0.37118550023, 0.059783241048],
      [0.076080448369, 0.049291702564, 0.83886554093, 0.035762308138],
      [0.011318544956, 0.98868145504, 0, 0],
      [0.011203154652, 0.52993606171, 0.33416340774, 0.1246973759]
    ],
    [
      [0.38287110114, 0, 0.51889970145, 0.098229197411],
      [0.028260599508, 0.015845064516, 0.9092156365, 0.046678699477],
      [0.0036924824226, 0.97567267763, 0.019678790661, 0.00095604928723],
      [0.0042349077214, 0.46374569229, 0.36924833192, 0.16277106806]
    ],
    [
      [0.65781743546, 0.0017139719382, 0.23339334706, 0.10707524555],
      [0.11981416009, 0.04449789096, 0.73805874793, 0.097629201023],
      [0.022392493008, 0.97430488692, 0.001343612803, 0.0019590072667],
      [0.01376059903, 0.45022361874, 0.26142670419, 0.27458907804]
    ],
    [
      [0.38115631272, 0.0021618218186, 0.52020859007, 0.096473275392],
      [0.032724763828, 0.035223284413, 0.88638008416, 0.045671867599],
      [0.0054117315081, 0.98344076031, 0.010741163046, 0.00040634513688],
      [0.0042509785127, 0.48231163853, 0.36244599758, 0.15099138538]
    ],
    [
      [0.31989916649, 0.0057685850245, 0.57258880219, 0.1017434463],
      [0.026441536087, 0.07685655952, 0.85435130779, 0.042350596607],
      [0, 1, 0, 0],
      [0.0030487219887, 0.52795691911, 0.33501522268, 0.13397913622]
    ],
    [
      [0.33014423389, 0, 0.511003136, 0.15885263011],
      [0.014043893507, 0, 0.90532919465, 0.080626911841],
      [0.053899093509, 0.91487532375, 0.027605925202, 0.0036196575348],
      [0.0045900563999, 0.38504687904, 0.36255659313, 0.24780647143]
    ],
    [
      [0.38329145755, 0.0048421167111, 0.49731101494, 0.1145554108],
      [0.035734594536, 0.04772853819, 0.86068797697, 0.055848890304],
      [0.0054355381441, 0.9903199197, 0.0039256848265, 0.00031885732871],
      [0.0044184272566, 0.48257511788, 0.33859232126, 0.1744141336]
    ],
    [
      [0.29860420542, 0, 0.57211684543, 0.12927894915],
      [0.023932903356, 0, 0.9181035302, 0.057963566445],
      [0.0070326352851, 0.96781286412, 0.023553021016, 0.0016014795752],
      [0.0033748407403, 0.42891937321, 0.37768562012, 0.19002016593]
    ],
    [
      [0.49149736596, 0, 0.38219422893, 0.12630840511],
      [0.075860383059, 0.018313330724, 0.82559178197, 0.080234504246],
      [0.01941243307, 0.96996528661, 0.0077487827369, 0.0028734975791],
      [0.010392179773, 0.43932460142, 0.31702776525, 0.23325545356]
    ],
    [
      [0.34037448932, 0, 0.5728203533, 0.086805157382],
      [0.023698625287, 0.022912683729, 0.91534964624, 0.038039044741],
      [0.0038838600953, 0.98043279015, 0.01538350655, 0.00029984320112],
      [0.0033211105328, 0.4726896371, 0.39002186359, 0.13396738878]
    ]
  ],
  "expected_outcome": [
    [
      [9.969410624, 4.6265334492, 10.6218038518, 18.5972224638, 5.4317789518, 7.8426823664, 46.3577701883, 37.8631540927, 24.1811859418, 39.900487305, 23.8785559805, 13.4527477002, 32.86340882, 20.648450193, 91.78663778, 12.423964614, 55.724432524, 89.7240288278, 73.8639717751, 0, 2.2382334868, 6.9219780779, 7.4585474546, 17.5990526905, 5.0944260303, 13.7723406143, 33.8271897749, 32.2185158585, 12.6538953955, 14.4438598142, 0, 88.1884700679, 66.0544979162, 39.962864324, 28.5374401386, 10.8163214521, 40.5379670753, 26.5552283091, 17.2731142093, 12.5505082328, 23.7940181462, 23.0185994683, 3.3824670627, 2.2972266068, 1.3156348709, 17.1520340724, 18.5541516562, 6.2727404439, 94.6729900144, 8.9581261627, 138.602257202, 40.5045642289],
      [0.032191007523, 0.086910464572, 0.042812677142, 0, 0.041213156348, 0.16589230254, 0.74219437191, 0, 0.040703946041, 0.59057035933, 0, 0.66477776743, 0, 0, 0, 0, 0, 0, 0.13040339831, 0, 0, 0.056964509069, 0.10752076853, 0.18923751552, 0.03660615748, 0.20361113209, 0.71859617748, 0.48226187018, 0.082993241892, 0.37699837178, 0, 0, 0, 0.56369779213, 0.059387660199, 0, 0, 0.21676655096, 0.35234237379, 0.43669384425, 0.54461734359, 0, 0.031720489568, 0, 0.0034279438763, 0.097281981835, 0.33457793142, 0, 1.1960028276, 0, 0, 0],
      [10.622287583, 7.534590828, 18.8410200932, 21.3738795266, 1.1961652685, 7.2630287679, 51.2095557582, 34.6367795454, 19.8558996497, 41.8994216894, 18.3390637083, 13.1701223691, 34.6441812022, 16.3480478301, 88.8422716866, 9.9877741282, 60.906235567, 64.1731299863, 58.3396314416, 0, 1.8916117279, 11.2748827598, 9.2568693793, 20.5753620226, 3.5889646617, 10.7118325184, 54.2662114556, 41.5607157719, 14.0542335858, 26.9527404849, 0, 78.4262912385, 82.1253135688, 52.3168942849, 33.8500807225, 9.7635560852, 38.2645484355, 33.3090986171, 26.022394718, 30.4351363922, 23.0798109953, 31.0587071148, 2.2271130014, 3.1133982087, 0.46678669412, 23.4093865531, 33.2101505268, 9.7090595841, 122.8358206906, 17.1635053629, 107.7787725574, 68.1656220427],
      [2.3761107855, 0.75196525825, 5.4943633779, 4.0288980096, 0.33084262335, 1.7283965632, 10.6904796816, 9.5000663618, 7.9222104624, 13.6095206463, 6.7823803112, 3.7123521632, 9.4924099778, 7.0035019769, 21.3710905334, 3.5882612578, 20.369331909, 21.1028411859, 20.6659933849, 0, 0.87015478535, 2.7461746533, 2.1770623976, 6.6363477714, 1.2800031506, 2.3122157352, 12.1880025919, 10.7385064994, 3.2088777768, 5.2264013291, 0, 28.3852386936, 22.8201885151, 7.1565435989, 8.5530914787, 2.4201224627, 13.1974844891, 8.9189065228, 6.3521486989, 5.5776615308, 5.5815535149, 5.9226934169, 0.35869944629, 0.58937518446, 0.21415049109, 4.3412973926, 5.9011198855, 3.018199972, 28.2951864674, 3.8783684744, 35.6189702407, 10.3298137284]
    ],
    [
      [12.4526660634, 4.2760609124, 18.1388212693, 5.9686769973, 14.2097494027, 4.9367559043, 12.5699812645, 13.8271106365, 17.9383379635, 20.1701083345, 15.5595762084, 3.4938943312, 13.9334387217, 12.3845288983, 44.2106631249, 6.7179152186, 22.0153812574, 50.2635481874, 35.0205258995, 0, 0.97814306274, 14.0616663271, 10.3254126269, 18.8140939455, 13.1856199203, 5.8550778802, 16.7823907792, 32.0729159834, 14.1210567329, 10.3776458567, 0.28363600947, 43.7469094057, 29.4547279977, 11.067447449, 24.1809260534, 9.5906243838, 22.3620948248, 13.5797841406, 7.5954631409, 5.3305233667, 11.8529712025, 16.4542902062, 1.3694480706, 0.64999378867, 5.3916372039, 5.3014117401, 21.0739042611, 4.6766165377, 36.8066323725, 5.241305835, 85.5705120909, 6.9436972091],
      [6.6426950978, 13.150520206, 6.5687879645, 2.7656665168, 6.1103642666, 9.2137214808, 15.09434276, 4.7686807799, 8.3191996745, 25.2274399515, 2.9463178198, 7.9837558132, 4.3716887319, 0.69031315109, 17.4371866304, 1.9859325521, 7.6009613255, 0, 16.7931140169, 0, 0, 16.7701346011, 21.4448413916, 26.2992919256, 12.6614890107, 5.1732578716, 44.1015981734, 57.3562370779, 12.9327685243, 42.2788507634, 0, 2.4621239776, 9.6794867159, 16.1327367057, 13.1876531694, 2.6151461766, 0, 14.9465050408, 16.529542156, 34.8901566541, 18.2634856584, 5.515281967, 0.88725064616, 0.36443648386, 2.0024050932, 5.7061720749, 61.2546779376, 0, 49.1603943355, 0, 20.6574370572, 6.7134163325],
      [225.58401072, 134.9356416712, 576.6716807651, 117.992646688, 42.3106864942, 83.1577790428, 252.5080611292, 183.7852701131, 222.5887212135, 362.7181177082, 166.3685288152, 65.3966035015, 229.5059190705, 133.8196220692, 662.4270009174, 78.9972269143, 373.9112596258, 473.3946921799, 396.9996661269, 3.7592666192, 20.3371344449, 409.8739070488, 214.8718175921, 385.007653549, 145.0757187829, 71.5743188429, 482.2437141013, 690.715418773, 271.3709799622, 383.7630853435, 2.7163639905, 522.761584843, 612.1911611428, 294.7417283521, 491.3386680524, 137.9936234172, 310.341717592, 311.7371517782, 206.8626789934, 291.556085563, 180.5949994927, 395.9831529638, 15.0995797367, 20.9119596395, 33.2126436569, 143.593573634, 680.9179923059, 301.4746218193, 886.5086162789, 201.0646731136, 931.267530062, 268.1974463494],
      [14.3206281188, 3.6377772104, 47.6207100011, 6.2730097979, 3.3691998365, 5.6917435721, 14.8276148463, 14.6189384705, 26.1537411486, 33.8843340058, 18.1255771566, 5.125746354, 18.188953476, 17.1055358814, 45.9251493274, 8.2989253151, 36.4723977912, 46.3417596327, 41.1866939568, 1.2407333808, 2.6847224923, 28.294292023, 14.3579283894, 35.8789605799, 15.077172286, 4.3973454054, 29.8722969461, 50.8554281657, 17.5751947806, 20.5804180364, 0, 56.0293817736, 48.6746241436, 11.0580874932, 35.2927527248, 9.8006060225, 31.2961875832, 23.7365590404, 14.0123157097, 14.2232344161, 12.2885436464, 21.0472748629, 0.64372154649, 1.073610088, 4.393314046, 7.398842551, 33.7534254954, 26.848761643, 57.5243570131, 12.6940210515, 90.5045207899, 11.145440109]
    ],
    [
      [1.352033399, 0, 0.90319372279, 0.32935547607, 0.31653832496, 0.10534001282, 0.81704027158, 1.0338643958, 1.5217236783, 1.5287575294, 0.94356532705, 0, 1.9076377378, 1.6331943936, 6.0445217036, 0.75451680453, 2.8316866734, 11.1487665199, 3.4875733566, 0, 0.77695120265, 0.78990817568, 0, 1.1929273204, 0.4599699808, 0.242875238, 0, 0.06139048172, 0.98591898112, 0, 0.67562346496, 3.9436637526, 1.7712137271, 0.71386786742, 1.6455796083, 0.48257850699, 2.5097223372, 0.57873711074, 0, 0, 0, 1.1400134567, 0.15845962939, 0.044309789071, 0.22392493008, 0.42752678914, 0, 7.7614694652, 3.6852948617, 0.68919825794, 10.5409511571, 0.41557303019],
      [125.9826694837, 62, 130.2227425993, 33.2734331065, 16.683461675, 19.8817655789, 103.7228326673, 70.270270485, 100.652298183, 189.2331776949, 52.5095656512, 31, 148.5157496847, 78.04464275, 425.2606098513, 42.7923530418, 234.2340091775, 278.0448723172, 202.4912736083, 1.875705542, 14.6268806208, 126.0906812229, 129, 157.3887993968, 95.4476832216, 19.7325164929, 628, 431.8718099028, 108.2555895348, 215, 3.6262380578, 221.6904361594, 179.6742638584, 136.4357498818, 171.2432955442, 35.1155124443, 74.3566625885, 74.834551154, 252, 313, 174, 130.7971683523, 13.8415403706, 11.7080721316, 9.7430488692, 77.6918200644, 347, 131.7420466206, 671.4369055571, 94.8456606842, 526.6911506313, 104.9063085465],
      [1.5046483673, 0, 1.621941414, 0.3644905306, 0, 0, 0.40124164085, 0.56378751249, 0.5193161535, 0, 0.39792714336, 0, 2.2228433262, 0.90619913405, 4.9636975665, 0.31668459215, 3.1950245601, 3.6543062003, 0.50969352729, 1.0114151863, 0.4721362856, 0.97290095774, 0, 0.20284435435, 0, 0.0092097896701, 0, 0, 0.65552093812, 0, 0.6981384772, 2.5770127344, 2.2260129559, 0.85038225082, 1.8631195124, 0.34634330568, 0.92035014696, 0.49349040999, 0, 0, 0, 1.9308936136, 0, 0.23614548793, 0.01343612803, 0.84855188062, 0, 3.9752532291, 2.6616143123, 2.3081960595, 4.2075890261, 1.6460352008],
      [0.16064875001, 0, 0.25212226386, 0.032720886867, 0, 0.012894408293, 0.058885420308, 0.13207760676, 0.30666198523, 0.23806477562, 0.14894187844, 0, 0.35376925134, 0.41596372235, 0.73117087862, 0.13644556147, 0.73927958899, 1.1520549626, 0.51145950776, 0.11287927169, 0.12403189096, 0.14650964372, 0, 0.21542892845, 0.092346797597, 0.015398479472, 0, 0.066799615441, 0.10297054598, 0, 0, 0.7888873536, 0.32850945858, 0, 0.24800533502, 0.055565743032, 0.21326492737, 0.093221325286, 0, 0, 0, 0.13192457738, 0, 0.011472591447, 0.019590072667, 0.032101265814, 0, 0.521230685, 0.21618526887, 0.15694499837, 1.5603091854, 0.03208322252]
    ],
    [
      [0.22588991354, 0.09740563836, 0.33618115615, 0.10474506278, 0.041933320565, 0.1152217165, 0.25520827559, 0.27587087496, 0.35875241641, 0.40064683104, 0.61830248408, 0.053357968543, 0.29551472057, 0.33382651513, 0.95817739148, 0.10360336291, 0.42849954519, 0.86365646487, 0.62792896878, 1.3877787808e-16, 0.006672247829, 0.22644741934, 0.21603991847, 0.39392604351, 0.25998406863, 0.12970626758, 0.39041944586, 0.64717767634, 0.23912889043, 0.17849432915, 0.040740525561, 1.1209567738, 0.71956035902, 0.25582035963, 0.63605419968, 0.11047565714, 0.59021576274, 0.28625043949, 0.13142264972, 0.11896840054, 0.35301065129, 0.38709686871, 0.089625237218, 0.0084698154427, 0.068802995149, 0.11902739836, 0.37194408262, 0.28917355319, 0.83508275149, 0.11136974443, 2.2862795501, 0.13616553185],
      [16.342444411, 18.7625693294, 37.1656567591, 7.9609003768, 1.164960902, 12.7386206378, 23.4406302008, 14.9610487351, 18.9877981965, 34.9488119942, 22.5441165291, 6.3514664193, 19.1125615834, 13.2650440989, 57.3022035183, 5.2217144061, 29.165029497, 30.9551276828, 31.5852089765, 0.12429445799, 0.37311937921, 27.082219667, 26.4476378399, 39.1226711621, 15.8542216102, 7.8906145034, 63.1798056491, 77.2896911491, 19.7286486991, 38.3441508648, 0.37376194217, 48.847439863, 55.6462494257, 30.8678156204, 50.5096636261, 6.2693413791, 25.6433374115, 29.0021772543, 18.1181154702, 42.6731495016, 34.191896998, 33.6875496807, 4.2394884937, 0.92749138459, 2.2511180937, 13.5047258789, 64.410744131, 24.2579533794, 91.2066972797, 14.1543393158, 96.6514123115, 19.380275121],
      [12.2890533297, 11.5297675009, 31.8653577277, 6.2689832549, 0.49314823726, 6.5791921893, 15.8811414717, 11.014162829, 13.0360629833, 22.3824606025, 16.8944803331, 3.4332741294, 14.6270564011, 9.9261309666, 42.7670298296, 3.6983143654, 21.9874802471, 23.7778716335, 21.1510089042, 0.22931819453, 0.29911754159, 19.8783092337, 15.8713130286, 25.2141400741, 9.3353165554, 4.704638849, 41.4900744431, 48.7238654551, 13.9192655139, 23.2841741716, 0.58549753227, 38.235111184, 45.4575123325, 22.0909951122, 38.9481317126, 4.896477192, 22.4733838255, 20.4602591947, 12.1149262886, 27.0087780447, 20.325189512, 28.0272463078, 2.6733072619, 0.73849666384, 1.3071335209, 10.1484879322, 40.8718571673, 22.8410653675, 63.9939487181, 12.463625464, 69.7461083544, 15.990896407],
      [6.1426123458, 2.6102575314, 20.6328043571, 2.6653713056, 0.29995754018, 3.5669654564, 7.4230200518, 6.7489175609, 11.6173864037, 16.2680805723, 13.9431006537, 2.1619014828, 8.9648672949, 9.4749984194, 22.9725892606, 2.9763678656, 16.4189907108, 17.4033442188, 16.6358531506, 0.64638734749, 0.32109083137, 10.81302368, 8.4650092131, 18.2692627203, 7.5504777658, 2.2750403799, 20.939700462, 28.3392657195, 7.1129568966, 10.1931806345, 0, 30.7964921792, 28.1766778828, 6.7853689079, 21.9061504615, 2.7237057718, 17.2930630003, 12.2513131115, 6.6355355914, 11.1991040531, 11.1299028387, 11.8981071428, 0.99757900723, 0.32554213613, 1.3729453902, 4.2277587905, 16.3454546191, 15.6118077, 32.9642712507, 6.2706654757, 51.316199784, 5.4926629401]
    ]
  ],
  "prob": [
    [0.42037470098, 0.0024588530671, 0.45594587958, 0.12122056637],
    [0.046849801993, 0.038026690113, 0.85031877682, 0.064804731073],
    [0.009696678482, 0.98260140002, 0.0063969420324, 0.001304979466],
    [0.0060198228591, 0.46694185097, 0.33079509879, 0.19624322737]
  ],
  "iterations": 117,
  "time": 0.031811,
  "message": "Converged",
  "status": 0,
  "miniter": 0,
  "maxiter": 1000,
  "maxtime": 3600,
  "param_threshold": 0.001,
  "ll_threshold": "-Inf",
  "initial_prob": "random",
  "adjust_prob_cond_method": "project_lp",
  "adjust_prob_cond_every": true,
  "candidates_id": ["JAMIESON, Philippa Ruth Glennie.c", "RICH, Katherine.c", "HODGSON, Peter Colin.c", "Other candidates votes.c"],
  "group_id": ["Green Party.p", "Labour Party.p", "National Party.p", "Other parties votes.p"]
}
