{
  "X": [
    [25, 26, 9, 40],
    [25, 24, 12, 39],
    [22, 30, 11, 37],
    [34, 22, 8, 36],
    [34, 18, 9, 39],
    [32, 16, 5, 47],
    [21, 29, 3, 47],
    [26, 21, 4, 49],
    [29, 21, 9, 41],
    [31, 17, 6, 46],
    [27, 21, 13, 39],
    [22, 24, 12, 42],
    [30, 31, 8, 31],
    [28, 40, 13, 19],
    [33, 44, 11, 12],
    [25, 48, 10, 17],
    [29, 38, 18, 15],
    [28, 42, 14, 16],
    [24, 34, 24, 18],
    [28, 40, 19, 13],
    [23, 38, 20, 19],
    [30, 33, 15, 22],
    [30, 50, 10, 10],
    [32, 35, 17, 16],
    [30, 39, 12, 19],
    [23, 33, 30, 14],
    [27, 38, 20, 15],
    [31, 28, 27, 14],
    [27, 30, 26, 17],
    [32, 36, 19, 13],
    [24, 27, 33, 16],
    [28, 34, 22, 16],
    [28, 31, 26, 15],
    [32, 24, 33, 11],
    [41, 21, 23, 15],
    [26, 37, 24, 13],
    [36, 21, 31, 12],
    [24, 44, 17, 15],
    [15, 47, 18, 20],
    [17, 43, 13, 27],
    [14, 56, 13, 17],
    [11, 56, 13, 20],
    [11, 48, 16, 25],
    [15, 38, 21, 26],
    [11, 47, 14, 28],
    [11, 49, 14, 26],
    [18, 51, 10, 21],
    [15, 41, 16, 28],
    [14, 52, 9, 25],
    [10, 49, 13, 28]
  ],
  "W": [
    [62, 14, 10, 14],
    [56, 11, 19, 14],
    [54, 18, 15, 13],
    [58, 16, 12, 14],
    [72, 6, 10, 12],
    [67, 10, 13, 10],
    [67, 11, 7, 15],
    [55, 12, 11, 22],
    [61, 15, 12, 12],
    [64, 9, 14, 13],
    [59, 17, 10, 14],
    [54, 20, 13, 13],
    [37, 27, 16, 20],
    [13, 64, 10, 13],
    [12, 59, 17, 12],
    [14, 62, 10, 14],
    [12, 71, 11, 6],
    [14, 69, 10, 7],
    [15, 66, 9, 10],
    [8, 70, 13, 9],
    [19, 58, 13, 10],
    [16, 61, 14, 9],
    [12, 72, 5, 11],
    [19, 58, 10, 13],
    [15, 64, 11, 10],
    [7, 12, 67, 14],
    [8, 12, 59, 21],
    [16, 10, 66, 8],
    [13, 9, 63, 15],
    [15, 15, 55, 15],
    [12, 12, 70, 6],
    [13, 9, 65, 13],
    [14, 16, 58, 12],
    [8, 8, 70, 14],
    [18, 12, 61, 9],
    [12, 8, 65, 15],
    [14, 12, 65, 9],
    [10, 8, 43, 39],
    [12, 12, 17, 59],
    [17, 12, 9, 62],
    [13, 8, 12, 67],
    [11, 11, 3, 75],
    [12, 9, 15, 64],
    [14, 14, 10, 62],
    [13, 11, 17, 59],
    [15, 12, 17, 56],
    [13, 13, 14, 60],
    [11, 14, 11, 64],
    [12, 17, 15, 56],
    [12, 14, 8, 66]
  ],
  "method": "mult",
  "cond_prob": [
    [
      [0.28987293943, 0.10945726261, 0.020386907839, 0.58028289012],
      [0.26277042275, 0.51159395511, 0.16128257702, 0.064353045121],
      [0.2955784971, 0.27976719003, 0.38189645962, 0.042757853257],
      [0.028093347575, 0.66097588902, 0.11850650282, 0.19242426059]
    ],
    [
      [0.28301811048, 0.088210354422, 0.017279042927, 0.61149249217],
      [0.27332344762, 0.48350237756, 0.16868362759, 0.074490547233],
      [0.30123153414, 0.26048047884, 0.39126484495, 0.047023142069],
      [0.030073481486, 0.62804035009, 0.12448725989, 0.21739890853]
    ],
    [
      [0.25228223031, 0.12220191502, 0.019483090538, 0.60603276413],
      [0.22816214796, 0.5510640462, 0.15672893897, 0.064044866868],
      [0.26482340045, 0.31223276005, 0.37994728971, 0.042996549791],
      [0.022883837916, 0.67680402744, 0.10981406645, 0.19049806819]
    ],
    [
      [0.38513739248, 0.064594643348, 0.010668477548, 0.53959948663],
      [0.37504681275, 0.42477049684, 0.13232595398, 0.067856736431],
      [0.41573084712, 0.22878108284, 0.31072277977, 0.044765290271],
      [0.048036576209, 0.62227212446, 0.10966712009, 0.22002417924]
    ],
    [
      [0.38837167592, 0.083182195623, 0.026964977557, 0.5014811509],
      [0.33897749435, 0.41875221973, 0.18591054534, 0.056359740592],
      [0.34937396792, 0.20967805886, 0.40772888203, 0.033219091187],
      [0.042469557403, 0.61679900068, 0.15548079363, 0.18525064829]
    ],
    [
      [0.32684658093, 0.040753105448, 0, 0.63240031362],
      [0.37903882517, 0.42493162314, 0.10216722218, 0.093862329504],
      [0.45060451683, 0.23779912072, 0.24435770735, 0.067238655104],
      [0.04530321074, 0.59288371342, 0.080167758262, 0.28164531758]
    ],
    [
      [0.23683832587, 0.12266209431, 0.0036348070484, 0.63686477277],
      [0.23231485432, 0.62408374637, 0.066293825047, 0.077307574262],
      [0.32196115497, 0.41845217752, 0.19593810145, 0.063648566062],
      [0.021509378961, 0.73250354858, 0.043711276139, 0.20227579632]
    ],
    [
      [0.27689962766, 0.014437743314, 0, 0.70866262903],
      [0.37219906933, 0.42870315349, 0.077251998678, 0.1218457785],
      [0.45424444853, 0.2517248173, 0.20361304463, 0.090417689542],
      [0.059429214227, 0.55875060389, 0.037874205678, 0.34394597621]
    ],
    [
      [0.3205697129, 0.069266063853, 0.01239239585, 0.59777182739],
      [0.32027595644, 0.44433666272, 0.1585857848, 0.076801596044],
      [0.3490216587, 0.23509102919, 0.36609618834, 0.049791123769],
      [0.037737355159, 0.60738565116, 0.12267690176, 0.23220009192]
    ],
    [
      [0.32740426524, 0.038980858644, 0, 0.63361487612],
      [0.3751876093, 0.41686704126, 0.11459833333, 0.093347016111],
      [0.43414165031, 0.22787156864, 0.27165693225, 0.066329848801],
      [0.04549657206, 0.58178613188, 0.089647534498, 0.28306976156]
    ],
    [
      [0.31456192246, 0.072662092146, 0.029978881747, 0.58279710365],
      [0.29618210477, 0.40517399731, 0.23078215028, 0.067861747643],
      [0.29091064147, 0.19359564033, 0.47588394047, 0.039609777731],
      [0.03547459852, 0.56350158613, 0.18207928696, 0.21894452839]
    ],
    [
      [0.24280897262, 0.071993787597, 0.013952569341, 0.67124467045],
      [0.25208682212, 0.46644713228, 0.1919370879, 0.0895289577],
      [0.26879653645, 0.24173614322, 0.43272853363, 0.056738786701],
      [0.02709415865, 0.58775561249, 0.13710373542, 0.24804649344]
    ],
    [
      [0.33574993075, 0.05769047565, 0.0020500582894, 0.60450953531],
      [0.36302791833, 0.45074630164, 0.094319948739, 0.091905831292],
      [0.4312056507, 0.26133559658, 0.24368234176, 0.063776410956],
      [0.043810417801, 0.62569663557, 0.073929587956, 0.25656335867]
    ],
    [
      [0.27955330222, 0.065008153543, 0.0093265898345, 0.6461119544],
      [0.31694664176, 0.4511299271, 0.1309098416, 0.10101358954],
      [0.36214378937, 0.2535074849, 0.32092228289, 0.063426442838],
      [0.035368008061, 0.59596183236, 0.099330895435, 0.26933926414]
    ],
    [
      [0.38674871244, 0.091157048477, 0.0090836354286, 0.51301060366],
      [0.35061359383, 0.50117008859, 0.097494782142, 0.050721535436],
      [0.42150051341, 0.29224961397, 0.24684685567, 0.03940301695],
      [0.042275390575, 0.69740306282, 0.078533973503, 0.1817875731]
    ],
    [
      [0.28179291257, 0.090974933575, 0.0081822256991, 0.61904992815],
      [0.27683983575, 0.54679406213, 0.099973975711, 0.07639212641],
      [0.34798916458, 0.32867294073, 0.2666641812, 0.056673713496],
      [0.02935269727, 0.6813135479, 0.072887181012, 0.21644657382]
    ],
    [
      [0.29570686065, 0.069989791701, 0.014770705478, 0.61953264217],
      [0.30521671266, 0.43805194212, 0.17813502359, 0.078596321625],
      [0.3246379331, 0.22871927757, 0.39646032557, 0.050182463765],
      [0.035018968265, 0.59042042592, 0.1356835463, 0.23887705952]
    ],
    [
      [0.29231156069, 0.07983869054, 0.011764430986, 0.61608531778],
      [0.29438165924, 0.4885789759, 0.14071854965, 0.076320815209],
      [0.3365370022, 0.27199044778, 0.33901844183, 0.052454108193],
      [0.032847662976, 0.63577207394, 0.10507623169, 0.22630403139]
    ],
    [
      [0.26003193433, 0.063655989901, 0.022330255899, 0.65398181987],
      [0.26532946237, 0.39516093522, 0.25934378865, 0.080165813749],
      [0.25397347413, 0.18614135935, 0.51278247772, 0.047102688796],
      [0.030201520116, 0.52892661925, 0.1933313811, 0.24754047953]
    ],
    [
      [0.29621978528, 0.071829166808, 0.014968109765, 0.61698293814],
      [0.3018802072, 0.44350553434, 0.17856687055, 0.076047387909],
      [0.32206653826, 0.23191452209, 0.39698037436, 0.049038565286],
      [0.034640246279, 0.59612116381, 0.13553659075, 0.23370199917]
    ],
    [
      [0.25866284857, 0.081096114337, 0.019712924257, 0.64052811284],
      [0.24869141805, 0.47138068591, 0.21073331316, 0.069194582877],
      [0.26067758021, 0.23971666564, 0.45316803069, 0.046437723462],
      [0.027249508734, 0.60027773916, 0.15117378767, 0.22129896443]
    ],
    [
      [0.26948013007, 0.051233151397, 0.0088213775045, 0.67046534103],
      [0.33219745746, 0.39797596456, 0.14664110298, 0.12318547499],
      [0.3633447509, 0.21629613752, 0.34899889101, 0.07136022057],
      [0.037494055668, 0.54173220156, 0.11419624487, 0.30657749791]
    ],
    [
      [0.39966035428, 0.11110058952, 0.011387218885, 0.47785183731],
      [0.31741927577, 0.54196440774, 0.10604565982, 0.034570656674],
      [0.38751286513, 0.3142209663, 0.26471231074, 0.033553857827],
      [0.037483960656, 0.7340227943, 0.082227664812, 0.14626558023]
    ],
    [
      [0.37903781864, 0.072631455333, 0.01832977779, 0.53000094823],
      [0.35466929023, 0.40914728236, 0.18544511918, 0.050738308232],
      [0.36413202134, 0.20716038147, 0.39232962896, 0.03637796823],
      [0.045087876872, 0.60137355055, 0.15174007844, 0.20179849414]
    ],
    [
      [0.293950417, 0.066281513622, 0.0084977368354, 0.63127033255],
      [0.32866965558, 0.4543101777, 0.11972712776, 0.097293038962],
      [0.38035583991, 0.25886304301, 0.29869523104, 0.062085886037],
      [0.037197154875, 0.60824324499, 0.092435022952, 0.26212457718]
    ],
    [
      [0.22366595434, 0.073966052163, 0.012727036649, 0.68964095685],
      [0.24450878419, 0.49199601472, 0.16956339236, 0.093931808739],
      [0.27091131703, 0.27105109032, 0.39150612842, 0.066531464224],
      [0.024941047735, 0.6012758862, 0.11751710219, 0.25626596387]
    ],
    [
      [0.28087284587, 0.079142531727, 0.0084466725932, 0.63153794981],
      [0.29591226728, 0.50419945277, 0.11575360432, 0.084134675631],
      [0.34868597094, 0.30047343043, 0.28477740983, 0.0660631888],
      [0.029980844768, 0.6470730437, 0.082929342262, 0.24001676927]
    ],
    [
      [0.32385949009, 0.081955948364, 0.015206156977, 0.57897840457],
      [0.305513824, 0.46983306417, 0.15747961167, 0.067173500156],
      [0.34058791243, 0.25601845434, 0.36682663547, 0.036566997765],
      [0.035538462292, 0.63664452474, 0.12141842885, 0.20639858411]
    ],
    [
      [0.26899412321, 0.07039929208, 0.011520492288, 0.64908609242],
      [0.29072454936, 0.4648144351, 0.15638720724, 0.088073808307],
      [0.32393733779, 0.25235403006, 0.36075054751, 0.062958084647],
      [0.031900211573, 0.6002116929, 0.1143642828, 0.25352381273]
    ],
    [
      [0.36973945505, 0.096820629214, 0.011563059205, 0.52187685654],
      [0.32337900076, 0.50611020076, 0.11557479372, 0.054936004768],
      [0.38249927613, 0.30000074324, 0.28602272184, 0.031477258798],
      [0.037717531727, 0.69706644482, 0.09077883368, 0.17443718977]
    ],
    [
      [0.2157038323, 0.067841438274, 0.013812614041, 0.70264211539],
      [0.24274976892, 0.46828685524, 0.190104371, 0.098859004849],
      [0.26209102606, 0.24466748487, 0.42511806904, 0.068123420025],
      [0.025364160169, 0.57328942278, 0.13245522448, 0.26889119257]
    ],
    [
      [0.27491188773, 0.083693668623, 0.0090266430944, 0.63236780055],
      [0.28059866257, 0.51510094922, 0.12327998965, 0.081020398557],
      [0.33102894411, 0.30432994328, 0.30192955192, 0.062711560689],
      [0.029528932994, 0.65343288091, 0.088285604471, 0.22875258162]
    ],
    [
      [0.29617966178, 0.078849050415, 0.014378003305, 0.6105932845],
      [0.29179603049, 0.47207073483, 0.16215929427, 0.073973940408],
      [0.32392392773, 0.25620199424, 0.37484236941, 0.045031708619],
      [0.033096703233, 0.62360548926, 0.12194181829, 0.22135598922]
    ],
    [
      [0.34562217368, 0.060314987876, 0.017002091944, 0.5770607465],
      [0.35341087204, 0.38210699694, 0.19238401034, 0.072098120687],
      [0.36813184123, 0.18096665549, 0.41538509399, 0.035516409289],
      [0.045607624891, 0.55663987407, 0.16056818588, 0.23718431516]
    ],
    [
      [0.40548870062, 0.052776199503, 0.012794423175, 0.5289406767],
      [0.42679345426, 0.35735193753, 0.14659905418, 0.069255554028],
      [0.45986630418, 0.17512627845, 0.32507790824, 0.03992950913],
      [0.058648598066, 0.5643446859, 0.13119548113, 0.24581123491]
    ],
    [
      [0.29534462397, 0.10196769802, 0.012516596997, 0.59017108101],
      [0.26177790397, 0.54062227556, 0.13307143719, 0.064528383284],
      [0.30692504862, 0.32438538343, 0.32828592202, 0.040403645929],
      [0.027434208008, 0.69109063308, 0.096442960501, 0.18503219841]
    ],
    [
      [0.38797439249, 0.057830147243, 0.019231213448, 0.53496424682],
      [0.38343007589, 0.35875214066, 0.19398824854, 0.063829534912],
      [0.39238201019, 0.16781945462, 0.41350710855, 0.026291426637],
      [0.05137410357, 0.55300974446, 0.16943799706, 0.22617815491]
    ],
    [
      [0.35737503417, 0.090306106714, 0.010850347936, 0.54146851118],
      [0.32606080907, 0.49507537152, 0.1173467325, 0.061517086906],
      [0.38191148684, 0.28941790726, 0.28794761111, 0.040722994779],
      [0.035783826964, 0.68439399867, 0.09156347135, 0.18825870301]
    ],
    [
      [0.32524627313, 0.081213131253, 0.017908799808, 0.57563179581],
      [0.29904196724, 0.45272642252, 0.18281155554, 0.065420054705],
      [0.31843284112, 0.2352284007, 0.40624016771, 0.040098590468],
      [0.035511573161, 0.62023461937, 0.147208015, 0.19704579247]
    ],
    [
      [0.34420009947, 0.059697355633, 0.012320854788, 0.58378169011],
      [0.36250783436, 0.40409719689, 0.15469511214, 0.078699856611],
      [0.38931845459, 0.2113144134, 0.34906220426, 0.050304927744],
      [0.053139325894, 0.56829272372, 0.12568781104, 0.25288013934]
    ],
    [
      [0.39074934783, 0.10345223435, 0.015378851685, 0.49041956613],
      [0.3153012155, 0.49644221789, 0.13928299987, 0.048973566733],
      [0.35893975512, 0.27710920465, 0.33187656504, 0.032074475188],
      [0.031202562577, 0.70683989186, 0.11497450968, 0.14698303588]
    ],
    [
      [0.36032980325, 0.08886103679, 0.016204525782, 0.53460463417],
      [0.31325330731, 0.46546467448, 0.16322366928, 0.058058348929],
      [0.3420814091, 0.24723424163, 0.37284152488, 0.037842824391],
      [0.034191220754, 0.65547619268, 0.13210353706, 0.1782290495]
    ],
    [
      [0.24894345116, 0.077381572044, 0.014410371024, 0.65926460577],
      [0.25668496861, 0.479194763, 0.17827866925, 0.085841599136],
      [0.28022939235, 0.25615469442, 0.40790648839, 0.055709424836],
      [0.023423015365, 0.60806793519, 0.12662453435, 0.24188451509]
    ],
    [
      [0.31112902257, 0.053330113401, 0.020945538543, 0.61459532549],
      [0.32368181974, 0.35360417706, 0.24232488097, 0.08038912223],
      [0.30820828599, 0.16368880606, 0.48269929996, 0.045403607987],
      [0.048880086254, 0.4946134173, 0.20140679237, 0.25509970407]
    ],
    [
      [0.21063837348, 0.073990145245, 0.0099158033175, 0.70545567795],
      [0.23945397158, 0.502605286, 0.1552747359, 0.10266600652],
      [0.27360407836, 0.28165879831, 0.37331675835, 0.071420364984],
      [0.016549798732, 0.60544526093, 0.098587924917, 0.27941701543]
    ],
    [
      [0.21453410149, 0.08771896985, 0.010989507024, 0.68675742164],
      [0.22288631162, 0.53195846435, 0.15479564838, 0.090359575658],
      [0.25767313171, 0.30303406384, 0.37677888459, 0.06251391986],
      [0.012980526771, 0.64552026419, 0.099506581716, 0.24199262732]
    ],
    [
      [0.36966930375, 0.080454445252, 0.0089456866958, 0.5409305643],
      [0.35761563006, 0.47297832124, 0.10337056813, 0.066035480573],
      [0.42373272218, 0.2732722726, 0.25660341464, 0.04639159058],
      [0.043550629166, 0.66632603699, 0.082457348037, 0.20766598581]
    ],
    [
      [0.2941150885, 0.051868771713, 0.013005400361, 0.64101073942],
      [0.34319258349, 0.38096443541, 0.18022780517, 0.095615175929],
      [0.35622792271, 0.1922157964, 0.39239489843, 0.05916138245],
      [0.047523917308, 0.51533699461, 0.14089699126, 0.29624209682]
    ],
    [
      [0.25501344038, 0.081724359434, 0.0061376345144, 0.65712456567],
      [0.27769386162, 0.53297146884, 0.095988288868, 0.093346380667],
      [0.34899236591, 0.32609683177, 0.25514524231, 0.06976556001],
      [0.017574242485, 0.66191679, 0.061917300722, 0.25859166679]
    ],
    [
      [0.22821951098, 0.071867179377, 0.012033121337, 0.6878801883],
      [0.25366624371, 0.48333071597, 0.16524279642, 0.097760243902],
      [0.28392801309, 0.26326390983, 0.38816159, 0.064646487076],
      [0.021797187145, 0.59492200826, 0.11268046476, 0.27060033984]
    ]
  ],
  "expected_outcome": [
    [
      [17.9721222445, 15.8490141868, 13.623240437, 22.3379687636, 27.9627606659, 21.8987209222, 15.8681678333, 15.2294795213, 19.5547524871, 20.9538729752, 18.559153425, 13.1116845212, 12.4227474378, 3.6341929289, 4.6409845492, 3.945100776, 3.5484823278, 4.0923618497, 3.9004790149, 2.3697582823, 4.9145941228, 4.3116820811, 4.7959242514, 7.2017185542, 4.409256255, 1.5656616804, 2.246982767, 5.1817518415, 3.4969236017, 5.5460918257, 2.5884459876, 3.5738545405, 4.146515265, 2.7649773895, 7.2987966112, 3.5441354877, 5.4316414948, 3.5737503417, 3.9029552776, 5.8514016909, 5.0797415218, 3.9636278358, 2.9873214139, 4.355806316, 2.7382988553, 3.2180115224, 4.8057009488, 3.2352659735, 3.0601612846, 2.7386341318],
      [6.7863502819, 4.9397798476, 6.598903411, 3.7464893142, 5.9891180849, 2.730458065, 8.2183603186, 0.79407588227, 4.225229895, 2.4947749532, 4.2870634366, 3.8876645302, 2.1345475991, 0.84510599606, 1.0938845817, 1.2736490701, 0.83987750041, 1.1177416676, 0.95483984852, 0.57463333447, 1.5408261724, 0.81973042235, 1.3332070743, 1.3799976513, 0.99422270434, 0.51776236514, 0.63314025381, 1.3112951738, 0.91519079704, 1.4523094382, 0.81409725929, 1.0880176921, 1.1038867058, 0.48251990301, 0.94997159106, 1.2236123762, 0.80962206141, 0.90306106714, 0.97455757503, 1.0148550458, 1.3448790466, 0.97747140469, 0.92857886453, 0.74662158762, 0.96187188819, 1.3157845478, 1.0459077883, 0.57055648884, 0.9806923132, 0.86240615252],
      [1.263988286, 0.96762640393, 1.0520868891, 0.61877169776, 1.9414783841, 0, 0.24353207225, 0, 0.75593614686, 0, 1.7687540231, 0.75343874441, 0.075852156709, 0.12124566785, 0.10900362514, 0.11455115979, 0.17724846574, 0.1647020338, 0.33495383848, 0.11974487812, 0.37454556089, 0.14114204007, 0.13664662662, 0.34826577801, 0.12746605253, 0.089089256542, 0.067573380746, 0.24329851163, 0.14976639975, 0.17344588807, 0.16575136849, 0.11734636023, 0.20129204626, 0.13601673556, 0.23029961715, 0.15019916397, 0.26923698828, 0.10850347936, 0.21490559769, 0.20945453139, 0.1999250719, 0.1782497836, 0.17292445229, 0.2932375396, 0.12890544313, 0.16484260536, 0.11629392705, 0.14305940397, 0.073651614173, 0.14439745604],
      [35.9775391875, 34.2435795617, 32.725769263, 31.2967702245, 36.1066428651, 42.3708210128, 42.6699397759, 38.9764445964, 36.4640814711, 40.5513520715, 34.3850291153, 36.2472122041, 22.3668528064, 8.3994554072, 6.1561272439, 8.6666989941, 7.4343917061, 8.6251944489, 9.8097272981, 4.9358635051, 12.1700341439, 10.7274454565, 5.7342220477, 10.0700180164, 9.4690549882, 4.827486698, 5.0523035985, 9.2636544731, 8.4381192015, 7.828152848, 8.4317053846, 8.2207814072, 8.548305983, 4.616485972, 9.5209321806, 7.0820529722, 7.4894994555, 5.4146851118, 6.9075815497, 9.9242887319, 6.3754543597, 5.8806509759, 7.9111752692, 8.6043345568, 9.1709238134, 10.3013613245, 7.0320973359, 7.0511181336, 7.8854947881, 8.2545622596]
    ],
    [
      [3.6787859185, 3.0065579238, 4.1069186633, 6.000749004, 2.0338649661, 3.7903882517, 2.5554633975, 4.4663888319, 4.8041393466, 3.3766884837, 5.035095781, 5.0417364424, 9.801753795, 20.2845850726, 20.6862020359, 17.1640698164, 21.6703865986, 20.3123344875, 17.5117445167, 21.1316145038, 14.4241022471, 20.2640449053, 22.8541878558, 20.5708188331, 21.0348579573, 2.9341054102, 3.5509472074, 3.05513824, 2.6165209442, 4.8506850114, 2.912997227, 2.5253879631, 4.6687364878, 2.8272869763, 5.1215214511, 2.0942232318, 4.6011609107, 2.6084864725, 3.5885036069, 4.3500940123, 2.522409724, 3.4457863804, 2.3101647175, 4.5315454764, 2.6339936874, 2.6746357394, 4.6490031908, 4.8046961689, 4.7207956476, 3.5513274119],
      [7.1623153715, 5.3185261531, 9.9191528315, 6.7963279494, 2.5125133184, 4.2493162314, 6.8649212101, 5.1444378419, 6.6650499408, 3.7518033713, 6.8879579542, 9.3289426456, 12.1701501442, 28.8723153342, 29.569035227, 33.9012318521, 31.1016878908, 33.711949337, 26.0806217248, 31.0453874041, 27.3400797826, 24.2765338383, 39.0214373569, 23.7305423769, 29.0758513726, 5.9039521766, 6.0503934333, 4.6983306417, 4.1833299159, 7.5916530114, 5.6194422629, 4.635908543, 7.5531317573, 3.0568559755, 4.2882232504, 4.3249782044, 4.3050256879, 3.9606029722, 5.4327170702, 4.8491663627, 3.9715377431, 5.1201114193, 4.312752867, 4.9504584789, 5.528658146, 6.3835015722, 6.1487181761, 5.3335020958, 9.0605149703, 6.7666300236],
      [2.2579560783, 1.8555199035, 2.8211209015, 2.1172152637, 1.115463272, 1.0216722218, 0.72923207552, 0.92702398413, 2.378786772, 1.031385, 3.9232965548, 3.838741758, 2.5466386159, 8.3782298626, 5.7521921464, 6.1983864941, 12.6475866752, 9.7095799261, 17.116690051, 12.4996809385, 12.2225321635, 8.945107282, 7.6352875068, 10.7558169126, 7.6625361765, 2.0347607083, 1.3890432518, 1.5747961167, 1.4074848651, 1.7336219057, 2.281252452, 1.1095199068, 2.5945487083, 1.5390720827, 1.7591886502, 1.0645714975, 2.3278589825, 0.93877386003, 2.1937386665, 1.8563413457, 1.114263999, 1.7954603621, 1.6045080233, 3.3925483335, 1.7080220949, 1.8575477805, 1.3438173857, 2.5231892724, 1.6318009108, 2.3133991499],
      [0.90094263169, 0.81939601956, 1.1528076036, 1.0857077829, 0.33815844355, 0.93862329504, 0.85038331688, 1.4621493421, 1.1520239407, 0.840123145, 1.1536497099, 1.790579154, 2.4814574449, 6.4648697306, 2.9925705907, 4.7363118374, 5.5803388354, 5.2661362494, 5.2909437074, 5.3233171536, 4.0132858068, 7.5143139744, 2.4890872805, 2.9428218775, 6.2267544936, 1.1271817049, 1.0096161076, 0.67173500156, 0.79266427476, 0.82404007152, 1.1863080582, 0.72918358701, 1.1835830465, 0.5767849655, 0.83106664833, 0.51622706627, 0.76595441895, 0.49213669525, 0.78504065646, 0.94439827933, 0.39178853386, 0.63864183821, 0.77257439223, 1.1254477112, 1.1293260717, 1.0843149079, 0.85846124745, 1.338612463, 1.5868884713, 1.3686434146]
    ],
    [
      [2.955784971, 5.7233991486, 3.9723510068, 4.9887701655, 3.4937396792, 5.8578587187, 2.2537280848, 4.9966889338, 4.1882599044, 6.0779831043, 2.9091064147, 3.4943549739, 6.8992904112, 3.6214378937, 7.1655087279, 3.4798916458, 3.5710172641, 3.365370022, 2.2857612672, 4.1868649974, 3.3888085427, 5.0868265126, 1.9375643257, 3.6413202134, 4.183914239, 18.1510582411, 20.5724722855, 22.4788022202, 20.4080522805, 21.037460187, 18.3463718244, 21.5168813674, 18.7875878084, 25.7692288858, 28.0518445551, 19.9501281604, 25.5048306623, 16.4221939342, 5.413358299, 3.5038660913, 4.3072770615, 1.0262442273, 4.2034408852, 3.0820828599, 4.6512693322, 4.3804432391, 5.9322581105, 3.9185071499, 5.2348854887, 2.2714241047],
      [2.7976719003, 4.949129098, 4.6834914008, 2.745372994, 2.0967805886, 3.0913885694, 2.9291652426, 2.7689729903, 2.8210923503, 3.190201961, 1.9359564033, 3.1425698618, 4.1813695453, 2.535074849, 4.9682434375, 3.2867294073, 2.5159120532, 2.7199044778, 1.6752722341, 3.0148887871, 3.1163166534, 3.0281459253, 1.5711048315, 2.0716038147, 2.8474934732, 18.1604230514, 17.7279323953, 16.8972179865, 15.8983038937, 16.5000408781, 17.1267239412, 19.781446313, 14.8597156658, 12.6676658845, 10.6827029855, 21.0850499232, 10.9082645506, 12.4449700124, 3.998882812, 1.9018297206, 3.3253104557, 0.7417027249, 3.8423204163, 1.6368880606, 4.7881995712, 5.1515790853, 3.8258118164, 2.1143737604, 4.8914524765, 2.1061112787],
      [3.8189645962, 7.4340320541, 5.6992093456, 3.7286733572, 4.0772888203, 3.1766501956, 1.3715667101, 2.2397434909, 4.3931542601, 3.8031970515, 4.7588394047, 5.6254709372, 3.8989174682, 3.2092228289, 4.1963965464, 2.666641812, 4.3610635812, 3.3901844183, 4.6150422995, 5.1607448667, 5.8911843989, 4.8859844742, 1.3235615537, 3.9232962896, 3.2856475414, 26.2309106044, 16.8018671799, 24.2105579408, 22.7272844931, 15.731249701, 29.7582648327, 19.6254208748, 21.7408574259, 29.0769565794, 19.8297524025, 21.338584931, 26.8779620557, 12.3817472779, 6.9060828511, 3.1415598384, 3.9825187805, 1.1185245746, 6.1185973259, 4.8269929996, 6.3463848919, 6.405241038, 3.592447805, 4.3163438828, 3.8271786346, 3.10529272],
      [0.42757853257, 0.8934396993, 0.64494824687, 0.53718348325, 0.33219091187, 0.87410251635, 0.44553996244, 0.99459458496, 0.59749348523, 0.92861788322, 0.39609777731, 0.73760422711, 1.0204225753, 0.63426442838, 0.66985128815, 0.56673713496, 0.55200710142, 0.52454108193, 0.42392419916, 0.63750134872, 0.60369040501, 0.99904308798, 0.16776928914, 0.3637796823, 0.6829447464, 4.457608103, 3.8977281392, 2.4134218525, 3.9663593328, 1.7312492339, 4.7686394018, 4.0762514448, 2.6118390999, 2.4861486503, 2.4357000569, 2.6262369854, 1.7089427314, 1.7510887755, 0.68167603796, 0.4527443497, 0.38489370225, 0.11352847317, 0.83564137255, 0.45403607987, 1.2141462047, 1.0627366376, 0.64948226812, 0.65077520695, 1.0464834001, 0.51717189661]
    ],
    [
      [0.39330686605, 0.4210287408, 0.29748989291, 0.67251206693, 0.50963468884, 0.4530321074, 0.32264068441, 1.307442713, 0.4528482619, 0.59145543678, 0.49664437928, 0.35222406245, 0.87620835603, 0.45978410479, 0.5073046869, 0.41093776178, 0.21011380959, 0.22993364083, 0.30201520116, 0.31176221651, 0.27249508734, 0.33744650101, 0.41232356721, 0.58614239933, 0.37197154875, 0.3491746683, 0.62959774013, 0.28430769834, 0.47850317359, 0.56576297591, 0.15218496101, 0.38387612893, 0.39716043879, 0.63850674848, 0.52783738259, 0.41151312012, 0.46236693213, 1.3955692516, 2.0951828165, 3.2946382054, 2.0905716927, 2.5643415565, 1.4990729834, 3.0305653478, 0.9764381252, 0.72690949917, 2.61303775, 3.0415307077, 0.98415757914, 1.4386143515],
      [9.2536624463, 8.7925649012, 8.7984523567, 8.7118097424, 7.4015880081, 5.9288371342, 10.9875532287, 12.2925132855, 7.2886278139, 7.5632197145, 7.8890222059, 7.6408229624, 12.5139327114, 7.7475038207, 8.3688367538, 9.5383896705, 3.5425225555, 4.4504045176, 5.2892661925, 5.3650904742, 6.0027773916, 4.875589814, 8.0742507373, 7.8178561571, 6.0824324499, 8.4178624068, 13.5885339176, 5.0931561979, 9.0031753934, 10.4559966723, 3.4397365367, 8.4946274519, 7.4832658711, 7.792958237, 5.0791021731, 10.3663594962, 4.9770877001, 26.6913659483, 36.5938425428, 35.2341488709, 47.3582727545, 49.1607144511, 38.9163478522, 30.6660318729, 35.7212703946, 36.1491347948, 39.9795622192, 32.981567655, 37.06734024, 39.2648525453],
      [1.6590910395, 1.7428216385, 1.4275828638, 1.5353396813, 1.8657695236, 0.80167758262, 0.65566914209, 0.83323252492, 1.4721228211, 1.1654179485, 2.5491100174, 1.7823485604, 1.4785917591, 1.2913016407, 0.94240768203, 1.0204205342, 0.8141012778, 0.73553362184, 1.933313811, 1.2198293167, 1.5117378767, 1.0277662038, 0.90450431293, 1.9726210197, 0.92435022952, 1.6452394307, 1.7415161875, 0.97134743084, 1.715464242, 1.3616825052, 0.79473134689, 1.1477128581, 1.4633018195, 2.2479546023, 1.1807593302, 1.4466444075, 1.5249419735, 3.5709753827, 8.6852728848, 7.7926442846, 7.7032921486, 9.9077652796, 8.1039701985, 12.4872211272, 5.8166875701, 5.5723685761, 4.9474408822, 9.0174074409, 3.4673688404, 7.4369106741],
      [2.6939396482, 3.0435847194, 2.4764748865, 3.0803385094, 2.2230077794, 2.8164531758, 3.0341369448, 7.5668114765, 2.7864011031, 3.6799069003, 3.0652233974, 3.2246044148, 5.1312671734, 3.5014104338, 2.1814508772, 3.0302520335, 1.4332623571, 1.5841282197, 2.4754047953, 2.1033179925, 2.2129896443, 2.7591974812, 1.6089213826, 2.6233804238, 2.6212457718, 3.5877234942, 5.0403521547, 1.6511886729, 3.802857191, 2.6165578465, 1.6133471554, 2.9737835611, 2.6562718706, 3.3205804123, 2.2123011142, 2.7754829762, 2.0356033942, 7.3420894174, 11.6257017559, 15.6785686391, 9.8478634042, 13.3671787127, 15.480608966, 15.8161816521, 16.4856039101, 13.5515871299, 12.4599591485, 18.9594941964, 14.4811333405, 17.8596224291]
    ]
  ],
  "prob": [
    [0.30720374082, 0.074823360824, 0.012682117723, 0.60529078064],
    [0.30700610635, 0.46282254817, 0.15294144708, 0.077229898401],
    [0.34291805634, 0.25419901801, 0.35276260796, 0.050120317693],
    [0.034072096494, 0.61775507299, 0.11601382724, 0.23215900327]
  ],
  "iterations": 22,
  "logLik": -395.1298725174,
  "time": 5.4e-05,
  "message": "Converged",
  "status": 0,
  "miniter": 0,
  "maxiter": 1000,
  "maxtime": 3600,
  "param_threshold": 0.001,
  "ll_threshold": "-Inf",
  "initial_prob": "group_proportional",
  "adjust_prob_cond_method": "project_lp",
  "adjust_prob_cond_every": false
}
