{
  "X": [
    [12, 25, 78, 6],
    [117, 376, 665, 62],
    [57, 187, 576, 61],
    [43, 101, 108, 20],
    [60, 105, 405, 42],
    [102, 312, 341, 54],
    [136, 320, 464, 51],
    [176, 518, 658, 83],
    [139, 355, 496, 59],
    [195, 603, 616, 88],
    [66, 275, 224, 35],
    [72, 177, 178, 25],
    [86, 254, 346, 38],
    [166, 718, 373, 111],
    [64, 212, 825, 52],
    [31, 87, 244, 27],
    [85, 393, 709, 106],
    [107, 478, 1034, 163],
    [64, 285, 632, 60],
    [42, 203, 406, 47],
    [118, 625, 1081, 127],
    [124, 553, 909, 127],
    [81, 525, 873, 121],
    [52, 271, 314, 60],
    [49, 105, 180, 22],
    [138, 431, 608, 81],
    [40, 101, 142, 17],
    [83, 290, 552, 41],
    [5, 16, 17, 4],
    [349, 1544, 3034, 382],
    [84, 161, 267, 45],
    [282, 591, 883, 105],
    [51, 75, 122, 15]
  ],
  "W": [
    [15, 21, 72, 4, 9],
    [228, 299, 570, 57, 66],
    [81, 191, 519, 37, 53],
    [56, 74, 105, 13, 24],
    [84, 81, 368, 25, 54],
    [171, 250, 293, 37, 58],
    [226, 228, 407, 65, 45],
    [335, 373, 563, 72, 92],
    [258, 254, 435, 42, 60],
    [420, 416, 525, 66, 75],
    [92, 251, 179, 32, 46],
    [137, 117, 147, 18, 33],
    [142, 203, 295, 35, 49],
    [258, 619, 326, 88, 77],
    [127, 166, 737, 43, 80],
    [40, 80, 212, 35, 22],
    [134, 365, 628, 80, 86],
    [198, 442, 887, 121, 134],
    [112, 272, 534, 51, 72],
    [72, 198, 332, 39, 57],
    [208, 591, 917, 119, 116],
    [172, 513, 775, 133, 120],
    [134, 478, 761, 104, 123],
    [93, 250, 239, 63, 52],
    [72, 82, 164, 18, 20],
    [212, 397, 516, 68, 65],
    [87, 60, 125, 11, 17],
    [144, 256, 455, 51, 60],
    [11, 15, 13, 1, 2],
    [642, 1331, 2722, 278, 336],
    [117, 127, 233, 39, 41],
    [436, 505, 768, 52, 100],
    [81, 50, 106, 4, 22]
  ],
  "method": "mvn_pdf",
  "cond_prob": [
    [
      [0.65716253717, 0.31382403834, 0.026166805802, 0.0028466186864],
      [0.057428210589, 0.78376067135, 0.094957039004, 0.063854079058],
      [0.0035550293171, 0.01350053368, 0.95266883519, 0.030275601817],
      [0.020984316001, 0.316420974, 0.38350732166, 0.27908738834],
      [0.0662966828, 0.17732700063, 0.60969051932, 0.14668579726]
    ],
    [
      [0.45960915034, 0.48516084935, 0.051049988434, 0.004180011868],
      [0.028488844388, 0.77151796992, 0.13038485659, 0.069608329104],
      [0.0019375542874, 0.012299452894, 0.95924676256, 0.026516230257],
      [0.0097622357442, 0.2929544334, 0.4260827182, 0.27120061265],
      [0.030759028306, 0.16652064375, 0.65633577152, 0.14638455643]
    ],
    [
      [0.56308220174, 0.38620389059, 0.045209918816, 0.0055039888505],
      [0.039934036378, 0.70828674378, 0.14825557899, 0.10352364085],
      [0.0026331733151, 0.0094999324683, 0.95316760051, 0.034699293702],
      [0.011663859883, 0.23072663924, 0.40968667111, 0.34792282977],
      [0.037070961216, 0.13145973956, 0.64469414133, 0.1867751579]
    ],
    [
      [0.62490343946, 0.35972483709, 0.012185282358, 0.0031864410869],
      [0.055413596601, 0.84958331304, 0.038711281086, 0.056291809269],
      [0.00912728261, 0.042260103128, 0.88648920451, 0.06212340975],
      [0.028080096507, 0.46099942318, 0.19944741537, 0.31147306495],
      [0.10755813804, 0.31483085949, 0.36578360475, 0.21182739771]
    ],
    [
      [0.61377212109, 0.33682139335, 0.044640807726, 0.0047656778344],
      [0.05100362493, 0.73053191588, 0.11545405013, 0.10301040907],
      [0.0033679799447, 0.010335316377, 0.94870623165, 0.037590472026],
      [0.015281848281, 0.24341931952, 0.38678069171, 0.35451814049],
      [0.049821951519, 0.14157478441, 0.61305525092, 0.19554801315]
    ],
    [
      [0.51622811839, 0.45007782134, 0.029636957646, 0.0040571026191],
      [0.036366022825, 0.81212289082, 0.080242015651, 0.071269070705],
      [0.0040103566541, 0.019607150809, 0.93384622557, 0.04253626697],
      [0.014311610122, 0.35646292547, 0.30850915166, 0.32071631274],
      [0.05049865473, 0.22537838648, 0.53172057978, 0.192402379]
    ],
    [
      [0.53975662397, 0.42528969991, 0.032074305938, 0.0028793701828],
      [0.039921278023, 0.8065335815, 0.094649648719, 0.058895491755],
      [0.0037948640044, 0.017768283891, 0.94791271257, 0.030524139531],
      [0.015391421742, 0.357078486, 0.35616806201, 0.27136203024],
      [0.052622211802, 0.21229062452, 0.58265975338, 0.1524274103]
    ],
    [
      [0.47302552816, 0.48848967615, 0.034446185739, 0.004038609953],
      [0.030524305732, 0.80620543797, 0.095826475797, 0.067443780505],
      [0.0029288042573, 0.016772370465, 0.94527199419, 0.035026831092],
      [0.011827272471, 0.34440838134, 0.35034922136, 0.29341512482],
      [0.039678278427, 0.21088132716, 0.57939103957, 0.17004935484]
    ],
    [
      [0.49076178321, 0.47076784719, 0.034093562264, 0.0043768073355],
      [0.032314468583, 0.79187909646, 0.10274143699, 0.073064997965],
      [0.0029391424715, 0.015675611026, 0.94524014235, 0.036145104156],
      [0.011662337967, 0.32564346715, 0.35296342646, 0.30973076841],
      [0.04012066237, 0.19847814177, 0.58506016847, 0.17634102738]
    ],
    [
      [0.42919363698, 0.53131475327, 0.034553411569, 0.0049381981805],
      [0.025304272631, 0.80073459878, 0.099928347376, 0.074032781217],
      [0.0022336283851, 0.017617486284, 0.94162659511, 0.038522290222],
      [0.0093566013774, 0.33352823237, 0.34053458382, 0.31658058243],
      [0.032292059488, 0.20640222532, 0.57450839558, 0.18679731961]
    ],
    [
      [0.55724523472, 0.41954744566, 0.020809958016, 0.0023973616061],
      [0.041593527922, 0.82912058996, 0.076321170408, 0.052964711713],
      [0.0046790404019, 0.024368346641, 0.93770700945, 0.033245603511],
      [0.018198997609, 0.39981170039, 0.3207085933, 0.2612807087],
      [0.062468407432, 0.24209692303, 0.5394921829, 0.15594248664]
    ],
    [
      [0.48310565626, 0.48336987668, 0.029254832307, 0.004269634746],
      [0.03178093359, 0.80836816591, 0.092983018196, 0.066867882304],
      [0.0034158862078, 0.018682929504, 0.94118516774, 0.03671601655],
      [0.012424340191, 0.3516910988, 0.33690742526, 0.29897713574],
      [0.041526741392, 0.21583094143, 0.56650065251, 0.17614166467]
    ],
    [
      [0.52407540058, 0.43837033738, 0.034551128904, 0.0030031331379],
      [0.037576677772, 0.80851529137, 0.094792773455, 0.0591152574],
      [0.0034767102241, 0.016497049189, 0.94991585062, 0.03011038997],
      [0.014925033111, 0.35422767304, 0.36457708939, 0.26627020446],
      [0.0490861603, 0.2113920383, 0.58909046171, 0.1504313397]
    ],
    [
      [0.51979770613, 0.46210849256, 0.014308364598, 0.0037854367061],
      [0.037582480785, 0.85112397991, 0.043585096194, 0.067708443113],
      [0.0066269381556, 0.034967358006, 0.89545293311, 0.062952770726],
      [0.016850679309, 0.42572623942, 0.21497012857, 0.3424529527],
      [0.064745384339, 0.2995713971, 0.40901610235, 0.22666711621]
    ],
    [
      [0.44399877271, 0.47937733904, 0.071847005626, 0.0047768826215],
      [0.026586125442, 0.73989831768, 0.15664222209, 0.07687333479],
      [0.0012780702039, 0.009451351664, 0.96696250327, 0.022308074861],
      [0.008010055122, 0.24882180469, 0.47646498461, 0.26670315558],
      [0.023906111646, 0.13288716787, 0.70916827711, 0.13403844337]
    ],
    [
      [0.61706988851, 0.34195857522, 0.037269994739, 0.0037015415312],
      [0.049774228612, 0.72847539893, 0.14288392233, 0.078866450132],
      [0.0031067487387, 0.010847010994, 0.95675450868, 0.029291731583],
      [0.01634600916, 0.27183556779, 0.39958682346, 0.31223159959],
      [0.050205687153, 0.14680972153, 0.64822689828, 0.15475769304]
    ],
    [
      [0.50108801461, 0.46279670359, 0.031044272059, 0.0050710097433],
      [0.032462350766, 0.77333192249, 0.1043855862, 0.089820140549],
      [0.0028829748431, 0.014761535161, 0.93993304418, 0.04242244582],
      [0.011151644637, 0.29583121994, 0.34106006624, 0.35195706919],
      [0.038404746978, 0.18351567831, 0.57182059931, 0.2062589754]
    ],
    [
      [0.45150963209, 0.48464457869, 0.056785411941, 0.0070603772862],
      [0.026460983348, 0.73055003715, 0.13048950961, 0.11249946989],
      [0.001595710506, 0.011852986214, 0.94537608586, 0.041175217418],
      [0.0078390383653, 0.24044249296, 0.37033897393, 0.38137949475],
      [0.026428502583, 0.14574713865, 0.6098546357, 0.21796972307]
    ],
    [
      [0.46949779659, 0.46700175437, 0.058789793795, 0.00471065524],
      [0.029174804408, 0.74690461825, 0.14675190759, 0.077168669751],
      [0.0018058027541, 0.01060347349, 0.96169301436, 0.025897709396],
      [0.0092173731661, 0.26208970016, 0.45113805046, 0.27755487622],
      [0.02842104556, 0.14595719159, 0.67981824984, 0.145803513]
    ],
    [
      [0.46908389072, 0.47008184827, 0.055627157662, 0.0052071033473],
      [0.028663535782, 0.74395744567, 0.1439257985, 0.083453220046],
      [0.0018106147865, 0.010662845429, 0.95875071267, 0.028775827118],
      [0.008925449411, 0.25740202509, 0.43885851827, 0.29481400722],
      [0.028094090303, 0.14511910563, 0.66801434608, 0.15877245798]
    ],
    [
      [0.45723498248, 0.4922155786, 0.045848552373, 0.0047008865487],
      [0.027834794279, 0.77233605372, 0.12408364649, 0.075745505514],
      [0.001922358918, 0.012747101735, 0.95502357974, 0.030306959602],
      [0.009469953669, 0.29220759522, 0.4058234921, 0.29249895901],
      [0.030646832859, 0.16988582571, 0.63862455039, 0.16084279104]
    ],
    [
      [0.5476977861, 0.42848734724, 0.020121803649, 0.0036930630125],
      [0.038398063544, 0.78204267527, 0.10699696645, 0.072562294735],
      [0.0032731828921, 0.015667962496, 0.94591737387, 0.035141480741],
      [0.014172015926, 0.32192024825, 0.3538457665, 0.31006196933],
      [0.047301494446, 0.19295183259, 0.5875179524, 0.17222872056]
    ],
    [
      [0.45539336451, 0.521969154, 0.018167280163, 0.0044702013323],
      [0.026739310167, 0.79985757851, 0.099170081384, 0.074233029937],
      [0.0024873301778, 0.016708221005, 0.94233610049, 0.03846834833],
      [0.0099819256196, 0.33290957581, 0.34166103722, 0.31544746135],
      [0.034674149318, 0.20639559973, 0.57326638386, 0.18566386709]
    ],
    [
      [0.45540707356, 0.49309477201, 0.04628769105, 0.0052104633838],
      [0.027638314141, 0.77522320415, 0.11441046431, 0.082728017398],
      [0.0021961255525, 0.016402184077, 0.94590863122, 0.035493059152],
      [0.0092412972454, 0.28909639968, 0.36924339869, 0.33241890439],
      [0.031355536349, 0.17698442292, 0.61073330146, 0.18092673927]
    ],
    [
      [0.59449024293, 0.37417915206, 0.027634444829, 0.0036961601764],
      [0.047994355873, 0.79394230697, 0.085775495008, 0.072287842146],
      [0.0040823433872, 0.017095242683, 0.93904935118, 0.039773062749],
      [0.018683647513, 0.3352834935, 0.33224265521, 0.31379020378],
      [0.062767767823, 0.20585545984, 0.54961339972, 0.18176337262]
    ],
    [
      [0.5487799344, 0.40710185205, 0.040014524787, 0.0041036887633],
      [0.040454286136, 0.77061596775, 0.11151690078, 0.077412845337],
      [0.0031337507379, 0.013577498771, 0.94950240149, 0.033786348998],
      [0.014215881004, 0.29928011472, 0.38057738871, 0.30592661557],
      [0.046378569577, 0.17542816927, 0.60649553128, 0.17169772988]
    ],
    [
      [0.43285519375, 0.52919971129, 0.032007048035, 0.0059380469241],
      [0.024996346518, 0.77702378205, 0.11667366392, 0.081306207515],
      [0.0019771623669, 0.014600222237, 0.94505724318, 0.03836537222],
      [0.0087589670081, 0.30286179905, 0.35916364661, 0.32921558733],
      [0.029313142357, 0.18715827207, 0.59600067507, 0.1875279105]
    ],
    [
      [0.49274050918, 0.4474284401, 0.057225596955, 0.0026054537637],
      [0.032970016183, 0.76614915357, 0.14436464402, 0.056516186228],
      [0.0022760231034, 0.011830228323, 0.96829865906, 0.017595089516],
      [0.011194041802, 0.28841821133, 0.47757463437, 0.2228131125],
      [0.033309264866, 0.15573397742, 0.69783281577, 0.11312394194]
    ],
    [
      [0.42258518107, 0.49724221617, 0.070047250654, 0.010125352103],
      [0.019839161943, 0.67016240141, 0.15195436872, 0.15804406792],
      [0.0015653356494, 0.008276506027, 0.94890544771, 0.041252710617],
      [0.0018906229886, 0.1421611445, 0.36068908986, 0.49525914265],
      [0.015867796297, 0.11407193905, 0.62685240095, 0.2432078637]
    ],
    [
      [0.4546246213, 0.49629686211, 0.043779139891, 0.0052993767076],
      [0.027977230657, 0.78112401564, 0.10573906544, 0.085159688265],
      [0.0022298288353, 0.014660681476, 0.94392058844, 0.039188901247],
      [0.0097076397013, 0.30130585569, 0.353591882, 0.33539462261],
      [0.033110063087, 0.18461888945, 0.58781164034, 0.19445940712]
    ],
    [
      [0.62265279009, 0.344595439, 0.02882008691, 0.003931683996],
      [0.053197996062, 0.7667023924, 0.091833304607, 0.088266306928],
      [0.0042176035727, 0.016418775068, 0.93373882896, 0.0456247924],
      [0.018613191797, 0.30270804063, 0.31694353394, 0.36173523363],
      [0.065484437732, 0.18731564941, 0.53764085794, 0.20955905492]
    ],
    [
      [0.57602742841, 0.38166927749, 0.038174564743, 0.0041287293532],
      [0.044769351817, 0.75690034924, 0.11693141048, 0.081398888463],
      [0.0034167207374, 0.013515147805, 0.94811116822, 0.034956963238],
      [0.011881039922, 0.28861490505, 0.36096321215, 0.33854084287],
      [0.050016629428, 0.16969910072, 0.60386063253, 0.17642363732]
    ],
    [
      [0.58237875542, 0.38139462934, 0.031347023131, 0.0048795921048],
      [0.045357850336, 0.75214340701, 0.11548118806, 0.087017554596],
      [0.0041414711092, 0.014824510202, 0.94123809956, 0.039795919133],
      [0.0067387298712, 0.29413623219, 0.27615108493, 0.42297395301],
      [0.049703519856, 0.17054189377, 0.58231767412, 0.19743691225]
    ]
  ],
  "expected_outcome": [
    [
      [9.899360998, 104.984620962, 45.6565726093, 35.2235186399, 51.6807038057, 88.4460180438, 122.2256250604, 158.6421428224, 126.738289596, 180.4996449725, 51.3521164571, 66.2363195872, 74.5764197728, 134.313445622, 56.5598119394, 24.7621401535, 67.1994944681, 89.750891815, 52.7269167066, 33.8538226987, 95.3482132203, 94.1463976052, 60.8985180709, 42.474919641, 42.9271520912, 116.6913557354, 37.6860518674, 71.1132985095, 4.6444611888, 292.7610486392, 73.0872135426, 251.6738651863, 47.2525036422],
      [4.6827319652, 110.5858578325, 31.1493186552, 20.0567286526, 28.4997791391, 77.0301863315, 96.1166661319, 163.4849171236, 121.2006275569, 222.3622715896, 38.4439596691, 66.0417536812, 62.2981926066, 119.2730129889, 61.1207149896, 13.5968607961, 61.6472713342, 96.0019611669, 52.291678086, 33.7790094287, 102.0001569828, 72.7801413563, 68.9904288583, 45.8471984295, 26.9163227083, 86.3300382433, 45.6740632178, 64.5814827813, 5.4917699087, 318.7128786751, 40.2846748275, 166.4478097947, 30.7995801393],
      [0.37658465222, 11.5531310306, 3.7788432399, 0.5330573235, 3.4483210982, 4.8626370292, 7.0720975926, 11.6072647116, 8.992616316, 15.1784661523, 2.0073902118, 4.151597609, 4.7401633751, 3.4594368581, 8.7606513525, 1.5008980677, 4.5220199223, 10.9682827403, 6.4909704802, 4.0159094972, 9.7418400545, 4.4722808635, 3.5450247459, 4.2201576861, 1.897824022, 8.1620710515, 3.1406372672, 7.9995507905, 0.76228701901, 27.3690227229, 3.2025368722, 16.1704505865, 2.5534186794],
      [0.04132238458, 0.87639017481, 0.41526549552, 0.18669538408, 0.37119595707, 0.66115859549, 0.58561121508, 1.2656753423, 1.0684665311, 1.9596172857, 0.196533662, 0.57032912261, 0.38522424552, 0.95410453103, 0.55882171859, 0.14010098267, 0.63121427532, 1.2788642777, 0.49043472713, 0.35125837535, 0.90978974241, 0.60118017507, 0.56602832495, 0.45772424342, 0.25870117848, 0.8165349699, 0.49924764767, 0.30566791864, 0.10148188353, 3.1570499628, 0.42557475763, 1.7078744324, 0.39449753903]
    ],
    [
      [1.1888662119, 8.4017237387, 7.567031595, 4.0194844018, 4.0401424118, 8.961191282, 8.9698111932, 11.2505684077, 8.1134112492, 10.3785257607, 10.3751032957, 3.6699999444, 7.5144810026, 23.1817482846, 4.3293191906, 3.9614328635, 11.7924004101, 11.5238993285, 7.8326912563, 5.61624875, 16.3097514043, 19.765517725, 12.8530772982, 6.8249109816, 3.8796941232, 15.8276229644, 1.4852610191, 8.3045738414, 0.2999047123, 36.7289537275, 6.6527040534, 22.2336287198, 2.2209858842],
      [16.4896495653, 231.1585612973, 135.7839193776, 63.0609221901, 59.1071046913, 203.388500686, 184.3398382728, 301.5458754156, 201.9258193187, 334.6450032426, 208.5943497068, 95.0164990236, 164.3851074654, 528.0969780994, 122.7713623529, 58.6696353368, 283.1746464012, 323.3988143845, 203.4628825886, 147.5994418917, 457.5159759138, 402.9794038219, 384.0018881566, 194.2542646304, 65.232219335, 306.4233056743, 47.1262802256, 196.1559396751, 10.0563835902, 1041.9541911408, 97.5894293564, 383.2510645011, 37.9157002004],
      [2.0157743248, 38.6490309649, 27.9373956734, 2.7464247466, 9.6875924953, 19.893090683, 21.3004425637, 35.1837096809, 25.4636807681, 40.2215202231, 18.8451079116, 10.523909084, 19.1605929003, 25.6880022225, 26.2250029208, 11.0378453636, 37.4295362695, 57.4187738088, 39.7816505188, 28.3454889387, 72.6446298668, 53.1520254507, 45.8852215866, 28.2770421338, 7.0229987748, 44.1671687408, 6.554883906, 37.0331046318, 2.2722304644, 139.5560884612, 11.6159973747, 58.2424083681, 5.4894252905],
      [1.305709898, 20.7906839991, 19.711653354, 4.1731686615, 8.1651604016, 17.757217349, 13.3899079702, 25.0198464957, 18.4970886641, 30.7549507736, 13.1854390859, 7.7895919479, 11.9398186317, 42.0332713935, 12.6743155357, 6.3310864361, 32.6034169192, 49.6585124782, 20.9227756363, 16.4388204197, 44.5296428151, 37.1030530024, 35.2598129586, 20.6437822542, 5.865087767, 30.5819026205, 4.8335748493, 14.5063818517, 2.3714812332, 112.7607666706, 11.1418692155, 41.272898411, 4.3738886249]
    ],
    [
      [0.21633903385, 1.0431970301, 1.3740348358, 0.80690152068, 1.1822885762, 1.1398724585, 1.4500734394, 1.6044045483, 1.237307039, 1.060792996, 0.78922681273, 0.48182674464, 0.99011457706, 2.0958810933, 0.84417290049, 0.60944404963, 1.788749881, 1.2641116954, 0.93132968565, 0.58257736954, 1.6555131951, 2.437685103, 1.8543747035, 0.48932160054, 0.60188238481, 1.526107601, 0.22490273689, 1.0412969559, 0.022223354717, 5.692313129, 0.85346439177, 2.4030872364, 0.37114349975],
      [0.9284168783, 6.6450436541, 4.5909842702, 4.3606232821, 3.5287218409, 5.3973753274, 6.7460176852, 8.8097623187, 6.3150093742, 8.4664975982, 4.0286625975, 2.4755958497, 4.6085532287, 10.8499747712, 6.7263179029, 2.087172195, 8.7235791857, 10.2162472513, 5.446401991, 3.3405085785, 10.9831252662, 11.2576685428, 11.8819779203, 3.3504532531, 2.6672032915, 6.4824053241, 1.6509081864, 5.3403427938, 0.09342783298, 37.5646381834, 3.653414791, 9.5026802209, 1.3851194566],
      [68.6554778681, 547.4531132241, 495.1676958778, 93.3343916183, 349.4369695256, 274.1160574876, 386.5287098084, 533.0874006074, 411.8487832488, 495.4294409884, 168.3044874107, 138.6836440738, 280.6569205135, 293.0327893195, 713.2331838634, 203.0758036082, 591.1957954997, 839.8461741027, 514.0183131254, 318.6257456805, 876.9199274162, 734.3096559519, 718.2611120551, 226.7096375483, 154.2442912861, 490.7321095076, 118.3438253186, 441.0615103135, 12.3568985008, 2573.1295409232, 217.9743077094, 729.3465357958, 99.9831815087],
      [2.1997662197, 14.8586460917, 17.8672850162, 6.498083579, 13.8520200573, 12.3466947264, 12.275199067, 19.4984325256, 15.598900338, 20.0432684174, 5.877623179, 5.3589333319, 8.7444116807, 20.021354816, 16.1963253333, 6.2275801471, 26.2918754335, 35.6734669505, 13.6039551979, 9.4511683715, 27.4414341225, 26.9949904023, 29.0025353211, 8.450587598, 6.4866230376, 17.2593775673, 4.7803637581, 7.5568499368, 0.52745031153, 105.6135077644, 10.5188131078, 26.7476967469, 4.260555535]
    ],
    [
      [0.080860010694, 0.52740373622, 0.41163468327, 0.34400200372, 0.36523042925, 0.50233273753, 0.96234063164, 0.8069923719, 0.47077389715, 0.59061735429, 0.55657088746, 0.21225194867, 0.49416033877, 1.4014857867, 0.32755774995, 0.54394055374, 0.85466971429, 0.89658552627, 0.44683311521, 0.33207982689, 1.0776268037, 1.8190690731, 1.0062928, 0.55877337773, 0.31816419573, 0.91628203969, 0.092186900321, 0.53907668163, 0.002753147589, 2.565749254, 0.69297109472, 0.65702748218, 0.039252073015],
      [1.2900868352, 16.7680509476, 8.5758285277, 6.0095499606, 6.193055477, 13.2419050363, 23.3263842058, 24.9525756574, 13.7694476012, 22.1521681469, 12.8285731924, 6.3784575272, 12.4647589174, 37.2575150986, 10.781422074, 9.4468382488, 23.8168262163, 29.1263453161, 13.437046266, 10.1072019582, 35.0060287997, 43.0563394956, 34.9109341101, 18.4592921128, 6.0970523481, 20.4667476566, 3.3835724584, 14.7352283714, 0.14911444595, 84.2712032942, 11.8677551003, 15.0520527492, 1.1672283382],
      [1.5061723266, 23.9669324007, 14.9899612227, 2.5382919687, 9.4651876659, 11.2474099325, 22.8747977165, 24.7969849418, 14.6074566677, 22.1009926485, 10.0805446128, 5.9585398318, 12.5557407706, 18.8752833679, 20.2334862616, 14.1591746336, 26.7577682149, 44.1073988741, 22.7172665029, 16.8739409304, 47.5888951785, 46.6764395104, 34.8732598485, 23.0515425317, 5.8554037064, 25.4880381408, 3.8612942104, 24.0250828609, 0.35216023956, 96.6203292112, 12.1899216343, 18.8798796056, 1.2155498649],
      [1.1228808275, 15.7376129155, 13.0225755664, 4.108156067, 8.9765264279, 12.0083522938, 17.836477446, 21.4434470289, 13.152321834, 21.1562218504, 8.5343113074, 5.4507506924, 9.4853399732, 30.4657157468, 11.6575339144, 10.8500465638, 28.5707358546, 46.8696702835, 14.3988541159, 11.6867772845, 35.3274492181, 41.4481519208, 33.2095132414, 20.9303919778, 5.7293797498, 21.1289321629, 3.6629464309, 11.7006120861, 0.4959721669, 94.5427182407, 14.2493521707, 17.411040163, 1.5779697239]
    ],
    [
      [0.61457374556, 2.043054533, 1.9907262766, 2.606093434, 2.731634777, 2.9505854782, 2.3921496753, 3.6958918497, 2.4402182187, 2.4704189165, 2.926982547, 1.399601775, 2.4248243088, 5.0074392133, 1.9391382196, 1.1230423796, 3.3646855264, 3.5645116348, 2.0622292362, 1.6152713549, 3.6088953765, 5.8313304937, 4.3877371274, 1.6520743991, 1.2731072051, 3.0386316595, 0.51159747635, 2.0017540115, 0.030657596627, 11.2519352503, 2.7136469174, 5.0323913753, 1.1161149008],
      [1.609114756, 10.8424862685, 6.8999491693, 7.5121759146, 7.6713388518, 12.9420326188, 9.4710937043, 19.2068694847, 11.7890961491, 15.3740594227, 11.1044548343, 7.0876939184, 10.2433877819, 22.5225190419, 10.6001826807, 3.1994934232, 15.6376768626, 19.2566318811, 10.3619910685, 8.1738381429, 19.4947130375, 22.9264467833, 25.2147709546, 9.0887915742, 4.0872023171, 11.2975031017, 3.1651759118, 9.1870063784, 0.20930422223, 61.4970887066, 7.6047259248, 16.746392734, 3.7323718655],
      [5.4459908283, 43.3777923797, 34.1261039861, 8.8478343429, 32.9619292151, 30.8808048677, 26.2239523187, 53.3246400582, 35.0874629994, 43.0695799878, 24.7624698531, 18.6823094014, 28.8865824405, 31.944488232, 56.5476756018, 14.2262783269, 49.0948800937, 81.659370474, 48.9917993727, 38.1389149532, 74.1047074841, 70.3895982235, 70.435381764, 31.7416201001, 10.9794822107, 39.4506125593, 10.0993592978, 41.8807514033, 1.2564237763, 197.3250186816, 22.0172364094, 60.3607256441, 12.7584246564],
      [1.3303206702, 9.7366668189, 9.9832205679, 5.0338963084, 10.6350971561, 11.2265770353, 6.9128043017, 15.7725986074, 10.6832226328, 14.085941673, 7.2060927657, 5.8303949052, 7.4452054688, 17.5255535128, 10.913003498, 3.4511858703, 17.9027575173, 29.5194860101, 10.5839803227, 9.071975549, 18.7916841019, 20.8526244994, 22.962110154, 9.5175139265, 3.6602082672, 11.2132526794, 3.223867314, 6.9304882069, 0.50361440487, 65.9259573615, 8.6643907483, 17.8604902466, 4.3930885773]
    ]
  ],
  "prob": [
    [0.50053496787, 0.45731245907, 0.037727598049, 0.0044249750101],
    [0.03343182087, 0.78192063766, 0.10711066742, 0.077536874044],
    [0.0027049340062, 0.014725131652, 0.94712230537, 0.03544762897],
    [0.011766541705, 0.30908847184, 0.36309343272, 0.31605155373],
    [0.039988270832, 0.18533363492, 0.59552822864, 0.1791498656]
  ],
  "iterations": 239,
  "time": 0.0224,
  "message": "Converged",
  "status": 0,
  "miniter": 0,
  "maxiter": 1000,
  "maxtime": 3600,
  "param_threshold": 0.001,
  "ll_threshold": "-Inf",
  "initial_prob": "group_proportional",
  "adjust_prob_cond_method": "project_lp",
  "adjust_prob_cond_every": false,
  "candidates_id": ["BARLOW, Aaryn.c", "STREET, Maryan.c", "SMITH, Nicolas Rex.c", "Other candidates votes.c"],
  "group_id": ["Green Party.p", "Labour Party.p", "National Party.p", "New Zealand First Party.p", "Other parties votes.p"]
}
