{
  "X": [
    [32, 15, 16, 31, 6],
    [22, 23, 8, 34, 13],
    [19, 21, 12, 40, 8],
    [17, 28, 10, 38, 7],
    [28, 32, 6, 30, 4],
    [26, 20, 14, 31, 9],
    [26, 22, 11, 39, 2],
    [19, 22, 13, 32, 14],
    [30, 19, 9, 35, 7],
    [22, 16, 13, 42, 7],
    [11, 22, 16, 42, 9],
    [23, 22, 13, 33, 9],
    [22, 27, 13, 26, 12],
    [32, 36, 8, 12, 12],
    [31, 23, 4, 22, 20],
    [30, 45, 5, 11, 9],
    [33, 29, 8, 12, 18],
    [27, 37, 8, 17, 11],
    [32, 32, 3, 17, 16],
    [24, 34, 6, 22, 14],
    [30, 32, 7, 17, 14],
    [32, 27, 7, 15, 19],
    [31, 31, 8, 17, 13],
    [32, 25, 7, 19, 17],
    [28, 41, 8, 10, 13],
    [15, 56, 12, 10, 7],
    [14, 57, 6, 13, 10],
    [9, 63, 5, 16, 7],
    [14, 58, 18, 9, 1],
    [7, 62, 15, 12, 4],
    [5, 71, 7, 9, 8],
    [12, 55, 12, 13, 8],
    [12, 60, 10, 14, 4],
    [10, 63, 11, 8, 8],
    [11, 58, 8, 10, 13],
    [8, 68, 13, 6, 5],
    [9, 67, 9, 9, 6],
    [10, 52, 9, 17, 12],
    [13, 36, 8, 20, 23],
    [9, 34, 9, 27, 21],
    [13, 40, 8, 21, 18],
    [18, 22, 8, 22, 30],
    [13, 33, 13, 19, 22],
    [12, 31, 16, 16, 25],
    [15, 36, 10, 24, 15],
    [17, 27, 11, 13, 32],
    [18, 25, 13, 20, 24],
    [15, 41, 7, 18, 19],
    [23, 27, 5, 19, 26],
    [18, 33, 11, 17, 21]
  ],
  "W": [
    [59, 20, 12, 9],
    [62, 13, 10, 15],
    [63, 11, 16, 10],
    [59, 12, 13, 16],
    [57, 15, 16, 12],
    [59, 18, 12, 11],
    [71, 9, 10, 10],
    [57, 11, 16, 16],
    [64, 15, 10, 11],
    [71, 15, 7, 7],
    [64, 9, 12, 15],
    [54, 17, 13, 16],
    [41, 32, 16, 11],
    [11, 64, 9, 16],
    [16, 66, 6, 12],
    [10, 59, 23, 8],
    [11, 70, 10, 9],
    [13, 65, 15, 7],
    [13, 56, 15, 16],
    [14, 59, 11, 16],
    [16, 61, 10, 13],
    [15, 64, 9, 12],
    [15, 59, 12, 14],
    [12, 63, 17, 8],
    [10, 67, 13, 10],
    [18, 15, 59, 8],
    [16, 10, 54, 20],
    [12, 10, 63, 15],
    [15, 11, 64, 10],
    [11, 8, 71, 10],
    [10, 13, 66, 11],
    [15, 11, 57, 17],
    [17, 16, 57, 10],
    [8, 13, 67, 12],
    [14, 18, 61, 7],
    [10, 11, 68, 11],
    [10, 8, 70, 12],
    [12, 10, 41, 37],
    [7, 13, 13, 67],
    [13, 10, 17, 60],
    [18, 14, 13, 55],
    [14, 11, 11, 64],
    [17, 11, 15, 57],
    [9, 6, 13, 72],
    [17, 11, 10, 62],
    [10, 16, 13, 61],
    [12, 15, 2, 71],
    [9, 13, 11, 67],
    [9, 12, 8, 71],
    [10, 14, 13, 63]
  ],
  "method": "mvn_pdf",
  "cond_prob": [
    [
      [0.31470882369, 0.027545105288, 0.18170443444, 0.45562826439, 0.020413372198],
      [0.57500599245, 0.15780854674, 0.050189181503, 0.10040849233, 0.11658778698],
      [0.025680285536, 0.70952961239, 0.23022120841, 0.020689570584, 0.013879323078],
      [0.18043290299, 0.18936805606, 0.16811113746, 0.2068319675, 0.25525593599]
    ],
    [
      [0.26253488921, 0.094852567983, 0.10200942276, 0.49925298326, 0.041350136784],
      [0.33558949164, 0.30305183362, 0.020511095744, 0.078277242272, 0.26257033672],
      [0.011020782358, 0.89829489645, 0.062100479784, 0.010312616792, 0.018271224615],
      [0.0833310436, 0.27976786556, 0.052517783085, 0.1283723147, 0.45601099305]
    ],
    [
      [0.21342717658, 0.047478070138, 0.135467229, 0.57376107707, 0.029866447216],
      [0.39412699247, 0.23790837512, 0.038115206376, 0.12752624642, 0.20232317961],
      [0.013975872902, 0.82080467587, 0.12939247201, 0.017718560565, 0.018108418651],
      [0.099507699159, 0.2259014641, 0.097601775098, 0.21667664651, 0.36031241513]
    ],
    [
      [0.19746664053, 0.088441476454, 0.12490589837, 0.56606348353, 0.023122501114],
      [0.32473260982, 0.39828852377, 0.031446880451, 0.11128247046, 0.1342495155],
      [0.0073344316112, 0.90297828338, 0.070347731961, 0.011009745128, 0.0083298079196],
      [0.08483307998, 0.3914858075, 0.083666807215, 0.19523363372, 0.24478067158]
    ],
    [
      [0.33783033114, 0.1070000154, 0.077028514913, 0.46860374828, 0.0095373902689],
      [0.45345190493, 0.37307447593, 0.015587184649, 0.077413434604, 0.080472999884],
      [0.012289680375, 0.93016024808, 0.042420692306, 0.011497014529, 0.0036323647054],
      [0.14543813876, 0.45185983451, 0.058069650277, 0.1620360497, 0.18259632676]
    ],
    [
      [0.27701170531, 0.056264685887, 0.17198558022, 0.46414221864, 0.030595809946],
      [0.45061063906, 0.23728624524, 0.042964696396, 0.090210996969, 0.17892742233],
      [0.015654861507, 0.809459669, 0.14598996408, 0.01289357632, 0.016001929092],
      [0.12340541324, 0.24506500821, 0.12069151484, 0.1670080217, 0.34383004201]
    ],
    [
      [0.28396213945, 0.083870550789, 0.12598314889, 0.50618416087, 0],
      [0.45945785234, 0.34241166796, 0.031025393914, 0.098740893737, 0.068364192054],
      [0.015524432242, 0.89369071926, 0.079340520822, 0.011444327674, 0],
      [0.15483231058, 0.40265786898, 0.098256267521, 0.20578132577, 0.13847222715]
    ],
    [
      [0.24021207089, 0.060925190053, 0.16064629117, 0.5019852602, 0.036231187687],
      [0.34410617517, 0.22048020918, 0.036057573021, 0.08835213437, 0.31100390826],
      [0.014630674647, 0.81517607067, 0.13110705294, 0.014667154306, 0.024419047435],
      [0.080540827365, 0.19119779595, 0.084300953328, 0.13626826385, 0.5076921595]
    ],
    [
      [0.31902492708, 0.059871712628, 0.10611895999, 0.48998656991, 0.024997830388],
      [0.5114456867, 0.23514995647, 0.025651312846, 0.09241238279, 0.13534066119],
      [0.017844446161, 0.86134890822, 0.092818861467, 0.014983237647, 0.013004546501],
      [0.15747953678, 0.27522472386, 0.081402568451, 0.19134921888, 0.29454395203]
    ],
    [
      [0.21634168534, 0.059358956847, 0.15136217441, 0.54510425167, 0.027832931732],
      [0.39003028943, 0.27296465066, 0.041515100263, 0.11740786904, 0.17808209061],
      [0.012122505376, 0.83443487238, 0.12439909587, 0.01514679565, 0.013896730725],
      [0.10063263742, 0.26428574248, 0.10853792025, 0.20435036086, 0.32219333898]
    ],
    [
      [0.12043069684, 0.073054237788, 0.18742689539, 0.58719876828, 0.0318894017],
      [0.26835088629, 0.33705355031, 0.054395325654, 0.13292072463, 0.20727951312],
      [0.0026884637553, 0.8326925507, 0.13467381778, 0.016115890501, 0.01382927726],
      [0.056334390723, 0.28658241469, 0.12660233005, 0.20197344147, 0.32850742307]
    ],
    [
      [0.24859416227, 0.054202023221, 0.15826334164, 0.51414606172, 0.024794411153],
      [0.43918703631, 0.25184656938, 0.043089645128, 0.10846869532, 0.15740805386],
      [0.014660680697, 0.81857106104, 0.1385861972, 0.014602691966, 0.013579369099],
      [0.11994667319, 0.25939220456, 0.1199771888, 0.20014436571, 0.30053956774]
    ],
    [
      [0.21719791504, 0.062153240338, 0.18718842879, 0.50257270712, 0.03088770871],
      [0.37171307595, 0.27190744945, 0.048324666283, 0.10285658439, 0.20519822393],
      [0.011318787439, 0.80990255563, 0.14919552892, 0.013576164722, 0.016006963294],
      [0.092633313986, 0.2538398067, 0.12652333053, 0.17144451565, 0.35555903314]
    ],
    [
      [0.2787714617, 0.087153499961, 0.18480952007, 0.4288577287, 0.020407789566],
      [0.42043504001, 0.33567311955, 0.046331508432, 0.075921334203, 0.12163899781],
      [0.011672972475, 0.86158386892, 0.11035267768, 0.0085476091664, 0.0078428717495],
      [0.12003841304, 0.36274856432, 0.12554404003, 0.14666694455, 0.24500203806]
    ],
    [
      [0.21360270181, 0.046544158659, 0.080683120727, 0.62930361474, 0.029866404066],
      [0.3981383904, 0.22141603207, 0.022056778509, 0.13623235524, 0.22215644378],
      [0.016323226439, 0.84979236652, 0.089230939478, 0.022885056693, 0.021768410869],
      [0.10060697048, 0.2119234288, 0.05982808749, 0.23354136486, 0.39410014838]
    ],
    [
      [0.30117391429, 0.092842895395, 0.11656230702, 0.46949577013, 0.019925113161],
      [0.43480825046, 0.3430226097, 0.027181936546, 0.081277101866, 0.11371010143],
      [0.01293395215, 0.90133472761, 0.069294267761, 0.0098516061906, 0.0065854462845],
      [0.12963664753, 0.38781729235, 0.079609314385, 0.16038829327, 0.24254845246]
    ],
    [
      [0.26742478595, 0.064312076298, 0.19137448081, 0.44420773963, 0.032680917311],
      [0.41340087858, 0.25574957373, 0.047382130892, 0.081436767734, 0.20203064907],
      [0.013783152129, 0.8111692132, 0.14713019946, 0.01142402238, 0.016493412832],
      [0.10915937034, 0.25315609638, 0.12298106155, 0.1443223221, 0.37038114963]
    ],
    [
      [0.19550477363, 0.067769041411, 0.16047702963, 0.55782594009, 0.018423215248],
      [0.36383420318, 0.32599722377, 0.049691448312, 0.12355862011, 0.13691850462],
      [0.0095341387322, 0.8456954455, 0.12146977256, 0.014148350753, 0.0091522924562],
      [0.095171807854, 0.32053589055, 0.1231154123, 0.21496103005, 0.24621585924]
    ],
    [
      [0.28790608389, 0.059339499633, 0.068049739562, 0.55688159197, 0.027823084946],
      [0.46175644317, 0.2449616777, 0.0071135933657, 0.11038205942, 0.17578622634],
      [0.01740566922, 0.88498859048, 0.062079369606, 0.018239303437, 0.017287067256],
      [0.13361094086, 0.26474398103, 0.049112600821, 0.20659715156, 0.34593532572]
    ],
    [
      [0.16934893768, 0.061085549321, 0.10386458796, 0.64571477889, 0.01998614615],
      [0.3413878948, 0.31812152073, 0.037172453096, 0.14594070525, 0.15737742613],
      [0.0095592711279, 0.87073130617, 0.090842503484, 0.017182635402, 0.011684283812],
      [0.086379818564, 0.29984926366, 0.084590843594, 0.26003015604, 0.26914991814]
    ],
    [
      [0.24611327892, 0.070682736772, 0.14041377313, 0.51848408014, 0.024306131035],
      [0.401882337, 0.29911557453, 0.039861281097, 0.10116852975, 0.15797227762],
      [0.011691507178, 0.86099016203, 0.1027675614, 0.012770453359, 0.011780316033],
      [0.11003460834, 0.30870188809, 0.099551220695, 0.18502075918, 0.2966915237]
    ],
    [
      [0.26987462461, 0.061950702434, 0.14823939718, 0.48563974812, 0.034295527656],
      [0.41414763869, 0.24456557644, 0.039873548991, 0.089252665298, 0.21216057057],
      [0.014779932541, 0.83305804751, 0.12049296526, 0.013352874865, 0.01831617982],
      [0.10945103013, 0.24341834529, 0.095005434961, 0.15692144378, 0.39520374584]
    ],
    [
      [0.24973547852, 0.061044977838, 0.15120880987, 0.5167929793, 0.021217754473],
      [0.43076828962, 0.27224798602, 0.044268907979, 0.10673023332, 0.14598458306],
      [0.013276599049, 0.83536797078, 0.12534643613, 0.014433971779, 0.011575022269],
      [0.11995139614, 0.28551989341, 0.11541750341, 0.19841527738, 0.28069592966]
    ],
    [
      [0.21704080755, 0.030968319547, 0.10726977195, 0.61831924346, 0.026401857498],
      [0.44595964192, 0.16039007929, 0.038702414866, 0.14392199632, 0.2110258676],
      [0.022825712443, 0.7743413904, 0.15080437877, 0.027502629415, 0.024525888976],
      [0.11400196964, 0.17000019165, 0.088854520127, 0.25569232628, 0.3714509923]
    ],
    [
      [0.25189867344, 0.1018502872, 0.20823444048, 0.41209375191, 0.025922846971],
      [0.36391523743, 0.37122658955, 0.048812688197, 0.067670576679, 0.14837490814],
      [0.0096381719556, 0.86777334265, 0.1065451306, 0.0066263022813, 0.0094170525178],
      [0.097339612224, 0.38282621738, 0.12621187883, 0.12589919138, 0.26772310019]
    ],
    [
      [0.32992730694, 0.065432768263, 0.16382221624, 0.41036140463, 0.030456303931],
      [0.47672819694, 0.24554627939, 0.037196743025, 0.069217754508, 0.17131102613],
      [0.013955171655, 0.83022024432, 0.12923806526, 0.0083364591886, 0.018250059569],
      [0.13587879916, 0.26950269566, 0.10852538899, 0.13542216337, 0.35067095283]
    ],
    [
      [0.33414964133, 0.066114379996, 0.082306374815, 0.48867820807, 0.028751395792],
      [0.48984915078, 0.24523733498, 0.017694485453, 0.084270313885, 0.16294871491],
      [0.015968939585, 0.88671807831, 0.062435364764, 0.016846163387, 0.018031453958],
      [0.14463957467, 0.28035101709, 0.056732172559, 0.17143763546, 0.34683960023]
    ],
    [
      [0.18077378905, 0.047039806113, 0.053800378853, 0.70047829762, 0.017907728372],
      [0.39963981212, 0.2590155457, 0.017289651864, 0.17523661203, 0.14881837828],
      [0.020080839312, 0.88855976758, 0.054648695754, 0.018101280755, 0.018609416602],
      [0.10461490224, 0.25774010082, 0.049242073508, 0.31343424138, 0.27496868206]
    ],
    [
      [0.32284967379, 0.065335789492, 0.24625586803, 0.36555866869, 0],
      [0.60221231396, 0.26156437863, 0.06173162593, 0.07449168148, 0],
      [0.008678457377, 0.79580252575, 0.17863909015, 0.016879926715, 0],
      [0.19774981676, 0.32113933444, 0.21942123245, 0.16168961636, 0.1]
    ],
    [
      [0.17121658851, 0.047222526107, 0.15619774608, 0.61186375986, 0.01349937945],
      [0.39365790623, 0.27218059992, 0.054366891271, 0.15840429573, 0.12139030684],
      [0.01381773469, 0.79816778944, 0.16051257861, 0.017613175557, 0.0098887217064],
      [0.098629511359, 0.26331943634, 0.14504965817, 0.27517288111, 0.21782851302]
    ],
    [
      [0.16155841021, 0.11552084332, 0.14073060342, 0.54573033962, 0.036459803434],
      [0.21517849631, 0.45136194655, 0.031293865259, 0.091478981186, 0.21068671069],
      [0, 0.90586740572, 0.065895500856, 0.011725818824, 0.016511274601],
      [0.05337231326, 0.38089431675, 0.076070060087, 0.14359689146, 0.34606641845]
    ],
    [
      [0.26394537574, 0.055459827081, 0.14437207487, 0.51346276464, 0.022759957669],
      [0.45558693426, 0.24988099261, 0.038640015633, 0.10314688741, 0.15274517009],
      [0.01555441967, 0.82306999988, 0.13181329558, 0.014676537767, 0.014885747101],
      [0.12604477447, 0.2649659813, 0.11153063863, 0.19569883036, 0.30175977525]
    ],
    [
      [0.2238153375, 0.074808291976, 0.14056570637, 0.54746580834, 0.013344855825],
      [0.39753598421, 0.34694408872, 0.039594617878, 0.11347118941, 0.10245411978],
      [0.01290495642, 0.86883526731, 0.10297781987, 0.013092629011, 0.0021893273804],
      [0.10989809992, 0.365354338, 0.11071333729, 0.21312623741, 0.20090798739]
    ],
    [
      [0.26739401655, 0.063914655224, 0.14659464725, 0.49281751747, 0.029279163508],
      [0.42619683518, 0.26150381122, 0.036500662064, 0.09014874246, 0.18564994908],
      [0.014384544166, 0.83405680395, 0.12157491244, 0.013591275578, 0.016392463868],
      [0.1130437126, 0.267277279, 0.10060125679, 0.16457589538, 0.35450185623]
    ],
    [
      [0.25237775384, 0.06791221883, 0.11244370859, 0.49279614504, 0.0744701737],
      [0.30261131123, 0.20391683685, 0.021992049797, 0.070346757581, 0.40113304454],
      [0.025665791741, 0.85644952252, 0.093585076694, 0.018725110344, 0.005574498701],
      [0.064870649686, 0.16218642848, 0.045891643588, 0.098911514571, 0.62813976368]
    ],
    [
      [0.24015369504, 0.10749215157, 0.24780459456, 0.3815997802, 0.02294977863],
      [0.34749835189, 0.40209288617, 0.055180500198, 0.064027105312, 0.13120115643],
      [0.011440131598, 0.85423650574, 0.12137769719, 0.0033112495121, 0.0096344159607],
      [0.090732020916, 0.40127039508, 0.15102592215, 0.11404900661, 0.24292265524]
    ],
    [
      [0.28173503306, 0.067237331138, 0.11654659888, 0.51108075355, 0.023400283363],
      [0.45203663921, 0.27772925766, 0.028889777097, 0.093778026235, 0.1475662998],
      [0.014888224677, 0.86387249875, 0.093900818061, 0.013485465075, 0.013852993441],
      [0.12701506903, 0.30289314292, 0.085863210845, 0.18291547495, 0.30131310226]
    ],
    [
      [0.20036259059, 0.070726069243, 0.1200657535, 0.5883895981, 0.020455988575],
      [0.36258765719, 0.33212748327, 0.033994543649, 0.12460904866, 0.14668126723],
      [0.011032078997, 0.87297781456, 0.092462586439, 0.013675901901, 0.0098516180994],
      [0.095066408169, 0.3253492416, 0.092656742635, 0.21979790158, 0.26712970602]
    ],
    [
      [0.21199370618, 0.068532355588, 0.11326685555, 0.58181734046, 0.024389742223],
      [0.37164151442, 0.30804893277, 0.03092584249, 0.1204672125, 0.16891649782],
      [0.011218600647, 0.8729070478, 0.088538093083, 0.014964991266, 0.012371267201],
      [0.097594963595, 0.30101262334, 0.084389564906, 0.21144268609, 0.30556016208]
    ],
    [
      [0.13869536245, 0.05312759972, 0.10459579843, 0.68070945454, 0.022871784855],
      [0.307694259, 0.29439967335, 0.036112360144, 0.17530886037, 0.18648484714],
      [0.0077099020743, 0.85195483728, 0.10540670756, 0.018885477067, 0.016043076015],
      [0.066482489381, 0.2647018706, 0.091453616507, 0.26794392295, 0.30941810055]
    ],
    [
      [0.21015358212, 0.097547999249, 0.12461150293, 0.54136359364, 0.026323322061],
      [0.32095194541, 0.39732706947, 0.029873222688, 0.099519346249, 0.15232841618],
      [0.0077624521893, 0.90362675, 0.067799155221, 0.010889132813, 0.0099225097754],
      [0.084054480138, 0.38062562347, 0.081043251123, 0.17673864983, 0.27753799544]
    ],
    [
      [0.28539862302, 0.03861616088, 0.10292146008, 0.53996247011, 0.033101285909],
      [0.47070209469, 0.17402401188, 0.026604811272, 0.10707707992, 0.22159200224],
      [0.023393025946, 0.80638377494, 0.12176792801, 0.022847940625, 0.025607330473],
      [0.13389645235, 0.16679512645, 0.076984366043, 0.20330234676, 0.4190217084]
    ],
    [
      [0.21767596168, 0.070218398037, 0.19092864885, 0.49191269298, 0.029264298452],
      [0.36110913936, 0.29972604834, 0.048563481843, 0.097436970957, 0.1931643595],
      [0.01054814189, 0.82663112964, 0.13703142559, 0.012024005674, 0.013765297214],
      [0.090685719126, 0.28262866241, 0.12569374185, 0.16465469217, 0.33633718445]
    ],
    [
      [0.22702996618, 0.061408807535, 0.24331933925, 0.4408581179, 0.027383769136],
      [0.39268771664, 0.26936381817, 0.063397476294, 0.091075475174, 0.18347551372],
      [0.012626641012, 0.77268531961, 0.18806199872, 0.012087277279, 0.014538763374],
      [0.10328413433, 0.26091984261, 0.15256854313, 0.15734290949, 0.32588457044]
    ],
    [
      [0.22360768717, 0.076970775235, 0.13149959593, 0.55310844895, 0.014813492723],
      [0.3864787066, 0.34684643679, 0.035704682335, 0.1143769243, 0.11659324997],
      [0.010964900575, 0.8793280996, 0.090252318051, 0.013091332384, 0.0063633493861],
      [0.11028636354, 0.35617588742, 0.10434245457, 0.21303382059, 0.21616147387]
    ],
    [
      [0.29621285083, 0.058845033846, 0.1765654545, 0.42504354424, 0.04333311659],
      [0.42051986878, 0.21349261132, 0.040245871281, 0.071483635203, 0.25425801342],
      [0.018324538647, 0.80028601893, 0.14808077052, 0.011528236879, 0.021780435024],
      [0.11592351785, 0.20642540384, 0.10926822128, 0.12222884123, 0.4461540158]
    ],
    [
      [0.2520080884, 0.058911810764, 0.18888626913, 0.47666732958, 0.023526502125],
      [0.43371629131, 0.25957372599, 0.049102193963, 0.098140174752, 0.15946761398],
      [0.014074829716, 0.80190171115, 0.15770613816, 0.013460843062, 0.01285647792],
      [0.11890153394, 0.26472745012, 0.13635802232, 0.18001363011, 0.29999936351]
    ],
    [
      [0.25677397994, 0.094087380688, 0.11011852417, 0.5170469003, 0.021973214904],
      [0.38509570952, 0.36593270098, 0.025531589809, 0.093057489896, 0.13038250979],
      [0.010795138935, 0.9060332394, 0.063955509823, 0.010882070713, 0.0083340411278],
      [0.11289617057, 0.37954810191, 0.074231522491, 0.17936011568, 0.25396408935]
    ],
    [
      [0.390120293, 0.050922670175, 0.072166837808, 0.46142060357, 0.025369595444],
      [0.57313069923, 0.18882026941, 0.015262017077, 0.081946968378, 0.14084004591],
      [0.025211077482, 0.86340972592, 0.076233701539, 0.017436939446, 0.017708555609],
      [0.17478394862, 0.24462781589, 0.0501054175, 0.19330078073, 0.33718203726]
    ],
    [
      [0.29180511732, 0.063733342779, 0.15421164031, 0.4670504696, 0.023199429998],
      [0.46571619208, 0.2605649441, 0.038330553963, 0.088694941128, 0.14669336873],
      [0.015285135416, 0.83611652667, 0.12386155811, 0.01268165705, 0.012055122753],
      [0.13274945043, 0.28325781759, 0.11604850136, 0.17337943788, 0.29456479273]
    ]
  ],
  "expected_outcome": [
    [
      [18.5678205976, 16.2771631312, 13.4459121248, 11.6505317915, 19.2563288749, 16.3436906131, 20.1613119007, 13.6920880409, 20.4175953333, 15.360259659, 7.7075645975, 13.4240847626, 8.9051145166, 3.0664860787, 3.4176432289, 3.0117391429, 2.9416726454, 2.5415620571, 3.7427790906, 2.3708851275, 3.9378124628, 4.0481193691, 3.7460321778, 2.6044896906, 2.5189867344, 5.938691525, 5.3463942613, 2.1692854686, 4.8427451068, 1.8833824736, 1.6155841021, 3.959180636, 3.8048607374, 2.1391521324, 3.5332885538, 2.4015369504, 2.8173503306, 2.404351087, 1.4839559433, 1.8030397119, 3.7827644782, 3.9955807223, 3.7004913486, 2.0432696956, 3.8013306819, 2.9621285083, 3.0240970608, 2.3109658195, 3.511082637, 2.9180511732],
      [1.625161212, 5.8808592149, 2.9911184187, 5.2180471108, 6.0990008776, 3.3196164673, 5.954809106, 3.472735833, 3.8317896082, 4.2144859361, 4.6754712184, 2.926909254, 2.5482828539, 0.95868849957, 0.74470653854, 0.92842895395, 0.70743283928, 0.88099753834, 0.77141349523, 0.8551976905, 1.1309237884, 0.9292605365, 0.91567466756, 0.37161983456, 1.018502872, 1.1777898287, 1.0578300799, 0.56447767335, 0.98003684238, 0.51944778718, 1.1552084332, 0.83189740622, 1.2717409636, 0.5113172418, 0.95077106362, 1.0749215157, 0.67237331138, 0.84871283092, 0.47972648911, 0.69065879636, 1.7558639865, 0.54062625232, 1.1937127666, 0.55267926781, 1.308503179, 0.58845033846, 0.70694172917, 0.8467864262, 0.45830403157, 0.63733342779],
      [10.7205616319, 6.3245842112, 8.5344354267, 7.3694480037, 4.39062535, 10.1471492327, 8.9448035713, 9.1568385965, 6.7916134397, 10.7467143832, 11.995321305, 8.5462204485, 7.6747255804, 2.0329047208, 1.2909299316, 1.1656230702, 2.1051192889, 2.0862013852, 0.8846466143, 1.4541042315, 2.24662037, 2.2235909577, 2.268132148, 1.2872372634, 2.0823444048, 2.9487998923, 1.316901997, 0.64560454624, 3.6938380204, 1.7181752069, 1.4073060342, 2.1655811231, 2.3896170082, 1.172757178, 1.5742119202, 2.4780459456, 1.1654659888, 1.440789042, 0.79286798887, 1.3597453796, 2.2430070527, 1.4409004411, 3.2457870304, 2.1898740533, 2.2354931307, 1.765654545, 2.2666352296, 0.99106671752, 0.64950154027, 1.5421164031],
      [26.8820675989, 30.9536849621, 36.1469478552, 33.3977455283, 26.7104136521, 27.3843909, 35.9390754219, 28.6131598314, 31.359140474, 38.7024018688, 37.5807211702, 27.7638873327, 20.605480992, 4.7174350157, 10.0688578358, 4.6949577013, 4.886285136, 7.2517372211, 7.2394606956, 9.0400069044, 8.2957452823, 7.2845962218, 7.7518946896, 7.4198309215, 4.1209375191, 7.3865052833, 7.8188513291, 8.4057395714, 5.4833800304, 6.7305013584, 5.4573033962, 7.7019414696, 9.3069187417, 3.9425401397, 6.8991460306, 3.815997802, 5.1108075355, 7.0606751771, 4.0727213832, 8.849222909, 9.7445446855, 7.5594745816, 8.3625157807, 3.9677230611, 9.4028436321, 4.2504354424, 5.7200079549, 4.6534221027, 4.1527854322, 4.670504696],
      [1.2043889597, 2.5637084806, 1.8815861746, 1.3642275657, 0.54363124532, 1.8051527868, 0, 2.0651776982, 1.5998611448, 1.9761381529, 2.0409217088, 1.3388982022, 1.2663960571, 0.22448568523, 0.47786246506, 0.19925113161, 0.35949009042, 0.23950179823, 0.3617001043, 0.27980604609, 0.38889809655, 0.51443291484, 0.3182663171, 0.31682228998, 0.25922846971, 0.54821347075, 0.46002233267, 0.21489274047, 0, 0.14849317395, 0.36459803434, 0.34139936504, 0.22686254903, 0.23423330807, 1.0425824318, 0.2294977863, 0.23400283363, 0.2454718629, 0.17072819556, 0.29733320311, 0.4738197971, 0.46341800273, 0.49749307368, 0.24645392222, 0.25182937629, 0.4333311659, 0.2823180255, 0.19775893414, 0.228326359, 0.23199429998]
    ],
    [
      [11.5001198491, 4.3626633913, 4.3353969172, 3.8967913178, 6.801778574, 8.1109915031, 4.1351206711, 3.7851679269, 7.6716853005, 5.8504543415, 2.4151579766, 7.4661796173, 11.8948184305, 26.9078425603, 26.2771337667, 25.6536867774, 28.9380615003, 23.6492232069, 25.8583608173, 20.1418857931, 24.514822557, 26.5054488765, 25.4153290878, 28.0954574407, 24.3823209079, 7.1509229541, 4.8984915078, 3.9963981212, 6.6243354535, 3.1492632498, 2.7973204521, 5.0114562768, 6.3605757474, 5.5405588573, 5.4470036022, 3.8224818708, 3.6162931137, 3.6258765719, 4.8313396875, 3.07694259, 4.4933272357, 5.1777230416, 3.9722005329, 2.3561262998, 4.2512657726, 6.7283179004, 6.5057443697, 5.0062442238, 6.8775683908, 6.5200266891],
      [3.1561709348, 3.9396738371, 2.6169921264, 4.7794622853, 5.5961171389, 4.2711524143, 3.0817050116, 2.425282301, 3.5272493471, 4.0944697599, 3.0334819528, 4.2813916795, 8.7010383824, 21.4830796509, 14.6134581168, 20.2383339721, 17.9024701614, 21.1898195453, 13.7178539511, 18.7691697231, 18.2460500462, 15.6521968924, 16.0626311753, 10.1045749955, 24.8721814998, 3.6831941909, 2.4523733498, 2.590155457, 2.877208165, 2.1774447994, 5.8677053051, 2.7486909187, 5.5511054195, 3.3995495458, 3.6705030633, 4.4230217479, 2.2218340613, 3.3212748327, 4.004636126, 2.9439967335, 5.5625789726, 1.9142641306, 3.2969865317, 1.616182909, 3.8153108047, 3.4158817811, 3.8936058899, 4.7571251127, 2.2658432329, 3.6479092174],
      [1.0037836301, 0.26664424468, 0.41926727014, 0.37736256541, 0.23380776974, 0.77336453513, 0.27922854523, 0.39663330323, 0.3847696927, 0.62272650395, 0.48955793089, 0.73252396718, 1.5463893211, 2.9652165396, 1.4557473816, 1.6037342562, 3.3167491625, 3.2299441403, 0.39836122848, 2.1931747327, 2.4315381469, 2.5519071354, 2.6118655707, 2.4382521366, 3.2704501092, 0.55795114537, 0.17694485453, 0.17289651864, 0.67904788523, 0.43493513017, 0.40682024836, 0.42504017196, 0.63351388604, 0.47450860683, 0.39585689635, 0.60698550217, 0.23111821677, 0.33994543649, 0.40203595237, 0.36112360144, 0.41822511763, 0.29265292399, 0.53419830027, 0.38038485776, 0.39275150569, 0.64393394049, 0.73653290944, 0.33191066751, 0.18314420492, 0.53662775548],
      [2.0081698465, 1.0176041495, 1.4027887107, 1.3353896455, 1.1612015191, 1.6237979454, 0.88866804364, 0.97187347807, 1.3861857418, 1.7611180356, 1.1962865217, 1.8439678205, 3.2914107004, 4.858965389, 8.9913354457, 4.7953490101, 5.7005737414, 8.0313103073, 6.1813953278, 8.6105016095, 6.1712803148, 5.7121705791, 6.2970837658, 9.0670857682, 4.5339286375, 1.0382663176, 0.84270313885, 1.7523661203, 0.81940849627, 1.2672343659, 1.1892267554, 1.1346157615, 1.8155390306, 1.171933652, 1.2662416365, 0.70429815843, 0.75022420988, 1.2460904866, 1.5660737625, 1.7530886037, 1.3932708475, 1.1778478791, 1.0718066805, 0.54645285105, 1.2581461673, 1.1437381632, 1.4721026213, 1.2097473686, 0.98336362053, 1.2417291758],
      [2.3317557395, 3.4134143774, 2.2255549757, 1.610994186, 1.2070949983, 3.220693602, 0.61527772848, 3.4210429909, 2.0301099179, 2.6712313591, 1.865515618, 2.6759369156, 6.5663431656, 7.7848958601, 14.6623252892, 6.7088959841, 14.1421454346, 8.8997028002, 9.8440286753, 9.2852681417, 9.636308935, 13.5782765166, 8.6130904004, 13.294629659, 9.9411188457, 2.569665392, 1.6294871491, 1.4881837828, 0, 0.97112245475, 2.738927239, 1.680196871, 1.6392659164, 2.413449338, 7.2203948017, 1.4432127207, 1.1805303984, 1.4668126723, 2.1959144717, 1.8648484714, 2.1325978266, 2.4375120247, 2.1248079546, 1.1008530823, 1.2825257497, 4.0681282147, 2.3920142097, 1.6949726273, 1.6900805509, 2.0537071622]
    ],
    [
      [0.30816342643, 0.11020782358, 0.22361396644, 0.095347610946, 0.196634886, 0.18785833808, 0.15524432242, 0.23409079435, 0.17844446161, 0.084857537629, 0.032261565063, 0.19058884906, 0.18110059902, 0.10505675228, 0.097939358636, 0.29748089944, 0.13783152129, 0.14301208098, 0.26108503829, 0.10515198241, 0.11691507178, 0.13301939287, 0.15931918859, 0.38803711153, 0.12529623542, 0.82335512765, 0.86232273761, 1.2650928766, 0.55542127213, 0.98105916302, 0, 0.8866019212, 0.73558251593, 0.96376445909, 1.5656132962, 0.77792894867, 1.0421757274, 0.45231523886, 0.14584180841, 0.13106833526, 0.10091187846, 0.25732328541, 0.15822212836, 0.16414633316, 0.10964900575, 0.23821900242, 0.028149659432, 0.11874652829, 0.20168861985, 0.19870676041],
      [8.5143553487, 8.9829489645, 13.1328748139, 11.7387176839, 14.8825639694, 9.713516028, 8.9369071926, 13.0428171307, 8.6134890822, 5.8410441066, 9.9923106084, 10.6414237935, 12.95844089, 7.7542548203, 5.0987541991, 20.7306987351, 8.111692132, 12.6854316824, 13.2748288572, 9.5780443679, 8.6099016203, 7.4975224276, 10.0244156493, 13.1638036367, 11.2810534544, 48.9829944152, 47.8827762285, 55.9792653573, 50.9313616483, 56.66991305, 59.7872487775, 46.914989993, 49.5236102369, 55.8818058644, 52.2434208737, 58.0880823906, 60.4710749122, 35.7920903971, 11.3477916214, 14.4832322338, 11.74714775, 8.8702215244, 12.3994669445, 10.044909155, 8.793280996, 10.4037182461, 1.6038034223, 9.9663656334, 6.9072778074, 10.8695148467],
      [2.762654501, 0.62100479784, 2.0702795522, 0.91452051549, 0.6787310769, 1.7518795689, 0.79340520822, 2.097712847, 0.92818861467, 0.87079367112, 1.6160858134, 1.8016205636, 2.3871284627, 0.99317409915, 0.53538563687, 1.5937681585, 1.4713019946, 1.8220465884, 0.93119054408, 0.99926753833, 1.027675614, 1.0844366873, 1.5041572335, 2.5636744391, 1.3850866978, 7.6250458505, 3.3715096973, 3.4428678325, 11.4329017698, 11.3963930812, 4.3491030565, 7.5133578483, 5.8697357329, 8.1455191336, 5.7086896783, 8.2536834086, 6.5730572643, 3.790966044, 1.1509952101, 1.7919140285, 0.88138901788, 1.3394472082, 2.0554713838, 2.4448059834, 0.90252318051, 1.9250500167, 0.31541227631, 0.70351060805, 0.60986961231, 1.6102002554],
      [0.24827484701, 0.10312616792, 0.28349696904, 0.14312668667, 0.18395223246, 0.15472291584, 0.11444327674, 0.2346744689, 0.14983237647, 0.10602756955, 0.19339068602, 0.18983499556, 0.21721863554, 0.076928482497, 0.13731034016, 0.22658694238, 0.1142402238, 0.21222526129, 0.27358955155, 0.18900898943, 0.12770453359, 0.12017587378, 0.17320766135, 0.46754470006, 0.086141929656, 0.49185109212, 0.9096928229, 1.1403806876, 1.0803153098, 1.2505354646, 0.77390404237, 0.83656265274, 0.74627985363, 0.91061546371, 1.142231731, 0.22516496682, 0.94398255526, 0.56071197795, 0.19454488646, 0.32105311014, 0.14155872656, 0.25132734687, 0.18036008511, 0.15713460462, 0.13091332384, 0.14986707943, 0.026921686123, 0.11970277785, 0.13949551557, 0.16486154165],
      [0.16655187693, 0.18271224615, 0.28973469841, 0.10828750296, 0.058117835286, 0.1920231491, 0, 0.39070475897, 0.13004546501, 0.097277115074, 0.16595132712, 0.17653179829, 0.2561114127, 0.070585845745, 0.13061046521, 0.15146526454, 0.16493412832, 0.13728438684, 0.25930600884, 0.12852712193, 0.11780316033, 0.16484561838, 0.13890026722, 0.4169401126, 0.12242168273, 1.0767535146, 0.97369851371, 1.1723932459, 0, 0.70209924115, 1.0897441237, 0.84848758475, 0.12479166068, 1.0982950792, 0.34004442076, 0.65514028533, 0.96970954086, 0.40391634208, 0.16082647361, 0.27273229225, 0.12899262708, 0.2816806352, 0.20647945821, 0.18900392386, 0.063633493861, 0.28314565531, 0.025712955839, 0.091674452406, 0.14166844487, 0.15671659579]
    ],
    [
      [1.6238961269, 1.249965654, 0.99507699159, 1.3573292797, 1.7452576651, 1.3574595457, 1.5483231058, 1.2886532378, 1.7322749046, 0.70442846192, 0.84501586084, 1.919146771, 1.0189664538, 1.9206146087, 1.2072836457, 1.0370931802, 0.98243433304, 0.66620265498, 2.1377750538, 1.382077097, 1.4304499084, 1.3134123616, 1.6793195459, 0.91201575713, 0.97339612224, 1.0870303933, 2.8927914933, 1.5692235336, 1.9774981676, 0.98629511359, 0.58709544586, 2.1427611659, 1.0989809992, 1.3565245512, 0.4540945478, 0.99805223007, 1.5241808283, 3.5174571022, 6.5388625609, 3.9889493629, 4.6229964076, 8.5693729507, 5.1690859902, 7.4364576714, 6.8377545397, 7.0713345888, 8.44200891, 7.5640434284, 12.4096603524, 8.3632153774],
      [1.7043125045, 4.1965179835, 2.259014641, 6.26377292, 5.4223180141, 2.6957150903, 4.0265786898, 3.0591647352, 3.0274719625, 1.8500001974, 4.2987362204, 4.150275273, 2.7922378737, 5.8039770292, 2.5430811456, 3.1025383388, 2.2784048674, 2.2437512339, 4.2359036964, 4.7975882185, 4.0131245451, 2.9210201435, 3.9972785078, 1.3600015332, 3.8282621738, 2.1560215653, 5.6070203418, 3.8661015123, 3.2113933444, 2.6331943634, 4.1898374842, 4.504421682, 3.65354338, 3.207327348, 1.1353049993, 4.4139743459, 3.6347177151, 12.0379219392, 20.1678457634, 15.8821122363, 20.9344092909, 10.6748880927, 16.1098337571, 18.7862286682, 22.0829050203, 12.5919496343, 18.7956489587, 25.4297228277, 17.3685749282, 17.8452425081],
      [1.5130002371, 0.78776674627, 0.97601775098, 1.3386689154, 0.69683580332, 1.3276066633, 0.98256267521, 1.3488152532, 0.89542825296, 0.75976544178, 1.8990349507, 1.9196350208, 1.3917566358, 2.0087046404, 0.71793704988, 0.63687451508, 1.106829554, 0.86180788613, 0.78580161313, 1.3534534975, 1.294165869, 1.1400652195, 1.6158450478, 0.71083616101, 1.2621187883, 0.86820311189, 1.1346434512, 0.73863110262, 2.1942123245, 1.4504965817, 0.83677066096, 1.8960208566, 1.1071333729, 1.2072150815, 0.32124150512, 1.6612851437, 1.0303585301, 3.4282994775, 5.6541008487, 5.4872169904, 4.4573788118, 4.9269994267, 7.1645432855, 10.9849351056, 6.4692321831, 6.6653614978, 9.6814195847, 4.9735120069, 3.5574846425, 7.311055586],
      [1.8614877075, 1.9255847205, 2.1667664651, 3.1237381395, 1.9444325964, 1.8370882387, 2.0578132577, 2.1802922217, 2.1048414077, 1.430452526, 3.0296016221, 3.2023098513, 1.8858896721, 2.3466711128, 2.8024963783, 1.2831063462, 1.2989008989, 1.5047272103, 3.305554425, 4.1604824967, 2.4052698693, 1.8830573253, 2.7778138833, 2.0455386102, 1.2589919138, 1.0833773069, 3.4287527092, 4.7015136207, 1.6168961636, 2.7517288111, 1.579565806, 3.3268801162, 2.1312623741, 1.9749107446, 0.692380602, 1.2545390727, 2.1949856994, 8.1325223583, 14.1666599678, 16.0766353771, 9.7206257405, 13.0113501925, 9.3853174536, 11.3286894832, 13.2080968768, 7.455959315, 12.7809677377, 12.0171277508, 13.7243554317, 10.9229045866],
      [2.2973034239, 6.8401648958, 3.6031241513, 3.9164907454, 2.1911559211, 3.7821304621, 1.3847222715, 8.123074552, 3.2399834723, 2.2553533729, 4.927611346, 4.8086330839, 3.9111493646, 3.9200326089, 4.7292017806, 1.9403876197, 3.3334303467, 1.7235110147, 5.5349652116, 4.3063986903, 3.8569898081, 4.7424449501, 3.9297430153, 2.9716079384, 2.6772310019, 2.8053676226, 6.9367920045, 4.1245302308, 1, 2.1782851302, 3.806730603, 5.1299161792, 2.0090798739, 4.2540222747, 4.3969783457, 2.6721492076, 3.6157572271, 9.8837991227, 20.4725308592, 18.5650860333, 15.2645897493, 26.8173893374, 19.1712195136, 23.4636890716, 13.4020113802, 27.2153949641, 21.2999548089, 17.0155939861, 23.9399246453, 18.557581942]
    ]
  ],
  "prob": [
    [0.24908018792, 0.067477796827, 0.14184819119, 0.51626989781, 0.025323926264],
    [0.4083229629, 0.28197951136, 0.037393668844, 0.10292396634, 0.16937989056],
    [0.013609972355, 0.84910974042, 0.11072687168, 0.014013404497, 0.012540011048],
    [0.11218687683, 0.2862329514, 0.099631268287, 0.18759273136, 0.31435617213]
  ],
  "iterations": 19,
  "logLik": 1049.5288241207,
  "time": 0.00255,
  "message": "Converged",
  "status": 0,
  "miniter": 0,
  "maxiter": 1000,
  "maxtime": 3600,
  "param_threshold": 0.001,
  "ll_threshold": "-Inf",
  "initial_prob": "group_proportional",
  "adjust_prob_cond_method": "project_lp",
  "adjust_prob_cond_every": false
}
