{
  "Z_true": {},
  "V_true": [
    [14, 304, 251, 423],
    [720, 268, 2397, 43],
    [311, 181, 10212, 308],
    [227, 11825, 1957, 439],
    [90, 297, 1276, 189],
    [123, 365, 432, 216]
  ],
  "p_true": [
    [0.0141, 0.3065, 0.253, 0.4264],
    [0.21, 0.0782, 0.6992, 0.0125],
    [0.0282, 0.0164, 0.9274, 0.028],
    [0.0157, 0.8185, 0.1355, 0.0304],
    [0.0486, 0.1604, 0.689, 0.1021],
    [0.1083, 0.3213, 0.3803, 0.1901]
  ],
  "Z_est": [
    [
      [0, 0, 0, 0, 0, 0, 0, 0, 0, 0, 0, 0, 0, 0, 0, 0, 0, 0, 0, 0, 0, 0, 0, 0, 0, 0, 0, 0, 0, 0, 0, 0, 0, 0, 0, 0, 0, 0, 0, 0, 0, 0, 0, 0, 0, 0, 0, 0, 0, 0, 0],
      [0, 0, 0, 0, 0, 0, 0, 0, 0, 0, 0, 0, 0, 0, 0, 0, 0, 0, 0, 0, 0, 0, 0, 0, 0, 0, 0, 0, 0, 0, 0, 0, 0, 0, 0, 0, 0, 0, 0, 0, 0, 0, 0, 0, 0, 0, 0, 0, 0, 0, 0],
      [0.7893, 0, 10.2606, 22.0997, 0, 21.3105, 0, 11.8391, 8.682, 24.4676, 24.4676, 10.2606, 33.9389, 22.0997, 66.2992, 19.7319, 0.7893, 35.5174, 13.4177, 27.6247, 7.8928, 14.9962, 0.7893, 7.1035, 5.5249, 6.3142, 18.9426, 11.0499, 4.7357, 10.2606, 17.3641, 20.5212, 25.2568, 16.5748, 7.1035, 1.5786, 11.8391, 14.207, 5.5249, 18.9426, 22.0997, 29.2032, 11.8391, 20.5212, 11.0499, 3.1571, 59.1957, 2.3678, 6.3142, 36.3067, 0.7893],
      [0.2107, 0, 2.7394, 5.9003, 0, 5.6895, 0, 3.1609, 2.318, 6.5324, 6.5324, 2.7394, 9.0611, 5.9003, 17.7008, 5.2681, 0.2107, 9.4826, 3.5823, 7.3753, 2.1072, 4.0038, 0.2107, 1.8965, 1.4751, 1.6858, 5.0574, 2.9501, 1.2643, 2.7394, 4.6359, 5.4788, 6.7432, 4.4252, 1.8965, 0.4214, 3.1609, 3.793, 1.4751, 5.0574, 5.9003, 7.7968, 3.1609, 5.4788, 2.9501, 0.8429, 15.8043, 0.6322, 1.6858, 9.6933, 0.2107]
    ],
    [
      [0.637, 0.1062, 0, 7.2194, 0.4133, 5.3084, 0.1062, 1.7496, 1.274, 16.0314, 9.6936, 7.6441, 8.0744, 13.3772, 9.2574, 2.961, 0.2123, 10.8291, 5.8392, 16.6684, 4.3529, 6.1577, 2.0172, 6.4762, 2.3357, 2.9727, 10.7915, 1.911, 9.1304, 3.5035, 0, 9.449, 6.0376, 6.3701, 3.7159, 0.6607, 4.2467, 7.5379, 2.9727, 5.5576, 5.2022, 12.1032, 3.7438, 15.0759, 2.8665, 0.4247, 29.5147, 8.8119, 5.4146, 31.6381, 6.2639],
      [0.1295, 0.0216, 0.8636, 1.4681, 0.6983, 1.0795, 0.0216, 0.9068, 0.2591, 3.2601, 3.9766, 1.5545, 5.0846, 2.7204, 2.2022, 1.1227, 0.0432, 2.2022, 1.1875, 3.3897, 0.8852, 1.2522, 0.4102, 1.317, 0.475, 0.6045, 5.0505, 0.3886, 1.8568, 0.7125, 1.4634, 1.9215, 2.4397, 1.2954, 0.7557, 0.1295, 0.8636, 1.5329, 0.6045, 1.3386, 1.0579, 2.4613, 1.0363, 3.0658, 0.5829, 0.0864, 6.0021, 1.792, 1.1011, 6.4339, 1.2738],
      [5.1301, 0.855, 34.2003, 58.1406, 1.0578, 42.7504, 0.855, 38.6198, 10.2601, 129.1063, 91.4859, 61.5606, 88.0659, 107.7311, 88.7826, 46.3609, 1.71, 87.2109, 47.0255, 134.2363, 35.0553, 49.5905, 16.2452, 52.1555, 18.8102, 23.9402, 106.021, 15.3902, 73.5307, 28.2153, 26.9777, 76.0957, 102.5754, 51.3005, 29.9253, 5.1301, 34.2003, 60.7056, 23.9402, 54.0354, 41.8954, 97.471, 42.3926, 121.4112, 23.0852, 3.42, 237.6923, 70.9657, 43.6054, 254.7925, 50.4455],
      [0.1034, 0.0172, 4.9361, 1.1719, 0.8307, 0.8617, 0.0172, 0.7238, 0.2068, 2.6023, 1.844, 1.2408, 1.775, 2.1714, 1.7578, 1.5554, 0.0345, 1.7578, 0.9478, 2.7057, 0.7066, 0.9995, 0.3274, 1.0512, 0.3791, 0.4825, 2.137, 0.3102, 1.4821, 0.5687, 0.5589, 1.5338, 1.9474, 1.034, 0.6032, 0.0797, 0.6893, 1.2236, 0.4825, 1.0685, 0.8444, 1.9646, 0.8272, 2.4472, 0.4653, 0.0689, 4.7909, 1.4304, 0.8789, 5.1356, 1.0168]
    ],
    [
      [0.0714, 1.9306, 0, 0, 0.0179, 2.7173, 0, 0, 0, 2.3385, 0, 0.9193, 0, 2.4456, 0, 0, 0.2078, 4.079, 2.0261, 3.7309, 7.2162, 1.3389, 1.4597, 0.9372, 1.0888, 1.1922, 0, 9.5019, 1.2853, 0.9372, 0, 2.2047, 0, 5.1001, 2.2229, 0.3208, 0, 3.1363, 1.1491, 0, 0.6453, 3.6863, 0, 3.0526, 0, 0.1517, 8.9079, 2.7105, 1.3299, 36.9997, 0.5355],
      [0.013, 0.0211, 0, 0.6742, 0.0032, 0, 0, 0, 0, 0.4256, 2.511, 0.1673, 1.9112, 0.4451, 0.6466, 0, 0.1846, 0.7424, 0.3688, 0.6791, 0.1673, 0.2437, 0.0357, 0.1706, 0.1446, 0, 4.5532, 0, 0.2339, 0.1706, 0.1868, 0.4013, 0.5572, 0, 1.432, 0.0114, 1.3094, 0, 0, 0, 0.3152, 0.671, 0, 0.5556, 3.2689, 2.7866, 1.6213, 0, 0.2421, 1.2542, 0.0975],
      [7.6204, 10.5685, 181.9366, 391.6397, 1.9051, 310.1955, 0, 224.1716, 203.8452, 249.5675, 226.7063, 98.1124, 202.8926, 260.998, 382.6664, 279.0964, 5.4821, 435.3143, 216.2283, 398.1649, 91.8155, 142.8821, 19.9284, 100.0175, 84.7767, 107.6379, 292.9243, 86.565, 137.1669, 100.0175, 110.5694, 235.2793, 330.5081, 270.851, 92.3971, 6.6678, 154.5129, 251.4726, 191.4705, 308.0462, 185.8806, 393.4022, 122.3134, 325.7713, 247.1046, 13.6378, 950.6425, 109.543, 141.9296, 705.2577, 57.1529],
      [0.2952, 0.4797, 9.0634, 22.6861, 0.0738, 5.0872, 0, 7.8284, 10.1548, 9.6683, 8.7827, 3.8009, 8.1961, 10.1112, 14.687, 13.9036, 1.1255, 16.8643, 8.3768, 15.4251, 3.8009, 5.5353, 0.5761, 3.8747, 2.9899, 4.1699, 7.5224, 8.9331, 5.3139, 3.8747, 4.2437, 9.1148, 11.9347, 14.0488, 0.948, 0, 7.1777, 9.3912, 7.3804, 8.9538, 7.159, 15.2406, 4.6866, 12.6205, 7.6266, 0.4239, 36.8283, 2.7465, 5.4984, 28.4884, 2.2141]
    ],
    [
      [0.2916, 1.6649, 0, 3.7992, 0.6711, 5.0603, 1.4464, 0, 0, 9.6919, 0, 3.4674, 0, 2.6962, 0, 0, 0.131, 8.0068, 5.8598, 22.6136, 4.3126, 8.5441, 0.6253, 4.4115, 2.1477, 7.0566, 0, 1.4037, 12.2132, 5.5887, 0, 3.5518, 0, 6.5547, 1.9815, 2.4205, 0.7885, 7.5327, 1.6704, 0, 0, 8.8797, 0, 11.5282, 0, 4.182, 6.5774, 4.1022, 6.1415, 73.4563, 12.5723],
      [7.8575, 11.9439, 127.3287, 306.3647, 8.1191, 273.3842, 11.9584, 176.5708, 80.4913, 502.563, 555.6213, 306.9026, 468.9105, 376.6215, 860.828, 222.3751, 7.6825, 569.6721, 345.9112, 389.1596, 151.5652, 201.6467, 22.3747, 200.4259, 84.3969, 73.9033, 432.1167, 72.0762, 121.63, 119.6717, 238.1604, 272.6234, 506.2111, 232.255, 109.1675, 13.7627, 140.6604, 215.483, 88.8501, 111.1859, 214.7162, 406.9664, 95.1626, 429.7891, 132.2638, 72.818, 1422.7534, 95.7198, 186.4836, 809.8561, 126.2435],
      [2.4603, 0, 8.9611, 19.6679, 0, 23.3521, 0, 26.5802, 8.9572, 34.9624, 41.1103, 14.6182, 17.48, 40.6055, 63.277, 14.6054, 0, 18.8886, 24.9537, 39.9065, 0, 4.049, 0, 15.6958, 5.4554, 6.2688, 46.8833, 4.6551, 10.9254, 14.4046, 19.6852, 42.9914, 56.7889, 15.1291, 9.851, 0.8168, 8.9611, 21.1563, 6.1389, 9.9234, 25.3363, 24.1081, 10.05, 32.8182, 8.3792, 0, 37.0947, 11.5205, 1.876, 0, 0.6044],
      [0.3907, 1.3911, 17.7102, 8.1682, 0.2098, 7.2035, 0.5952, 4.8489, 3.5515, 3.7827, 9.2684, 14.0118, 11.6095, 0.0767, 30.895, 14.0195, 0.1865, 15.4325, 14.2754, 3.3203, 8.1222, 7.7602, 0, 4.4668, 0, 2.7713, 0, 1.865, 2.2314, 0.335, 6.1544, 4.8334, 0, 6.0612, 0, 0, 3.5901, 5.8281, 5.3406, 2.8907, 7.9476, 6.0459, 7.7873, 4.8645, 3.357, 0, 36.5745, 2.6576, 5.4989, 19.6876, 3.5798]
    ],
    [
      [0, 0.2983, 0, 12.2303, 0, 10.5897, 0.4475, 5.966, 0.3393, 5.3694, 8.7999, 2.6847, 7.0101, 5.6677, 10.4405, 5.8169, 0, 11.7829, 8.5016, 10.4405, 2.8339, 3.4305, 0, 2.2373, 1.939, 2.983, 7.4575, 1.939, 2.5356, 2.2373, 2.8339, 5.8169, 10.2914, 8.6507, 2.3864, 0.1492, 4.0271, 6.2643, 4.4745, 5.2203, 4.6237, 11.3354, 4.1762, 12.0812, 4.0535, 0.8949, 22.9691, 1.1932, 4.1762, 14.915, 0.8949],
      [0, 0.0133, 0.1935, 0.547, 0, 0.4736, 0.02, 0.2668, 0.1734, 0.2402, 0.3936, 0.1201, 0.3135, 0.2535, 0.467, 0.2602, 0, 0.527, 0.3802, 0.467, 0.1267, 0.1534, 0, 0.1001, 0.0867, 0.1334, 0.3336, 0.0867, 0.1134, 0.1001, 0.1267, 0.2602, 0.4603, 0.3869, 0.1067, 0.0067, 0.1801, 0.2802, 0.2001, 0.2335, 0.2068, 0.507, 0.1868, 0.5404, 3.2701, 0.04, 1.0273, 0.0534, 0.1868, 0.6671, 0.04],
      [0, 1.5765, 26.2271, 64.6349, 0, 55.9644, 2.145, 31.5292, 24.0326, 28.3763, 46.5056, 14.1882, 37.0468, 29.9528, 55.1762, 30.741, 0, 62.2702, 44.9292, 55.1762, 14.9764, 18.1293, 0, 11.8235, 10.247, 15.7646, 39.4115, 10.247, 13.3999, 11.8235, 14.9764, 30.741, 54.3879, 45.7174, 12.6117, 0.7882, 21.2822, 33.1057, 23.6469, 27.5881, 24.4352, 59.9055, 22.0705, 63.8467, 37.0468, 4.7294, 121.3875, 6.3058, 22.0705, 78.8231, 4.7294],
      [0, 0.1119, 2.5794, 4.5877, 0, 3.9723, 0.3875, 2.2379, 1.4546, 2.0141, 3.3009, 1.0071, 2.6296, 2.126, 3.9164, 2.182, 0, 4.4199, 3.189, 3.9164, 1.063, 1.2868, 0, 0.8392, 0.7273, 1.119, 2.7974, 0.7273, 0.9511, 0.8392, 1.063, 2.182, 3.8604, 3.245, 0.8952, 0.0559, 1.5106, 2.3498, 1.6784, 1.9582, 1.7344, 4.252, 1.5665, 4.5318, 2.6296, 0.3357, 8.616, 0.4476, 1.5665, 5.5948, 0.3357]
    ],
    [
      [0, 0, 7, 19.751, 0.8978, 10.3244, 0, 6.2844, 5.3866, 12.5688, 17.5066, 6.2844, 13.9155, 14.8133, 19.3021, 11.2222, 0.4489, 19.3021, 10.7733, 21.5466, 6.2844, 8.5288, 0.8978, 4.9378, 4.4889, 1.7955, 19.751, 2.2444, 5.8355, 6.7333, 5.1661, 8.9777, 11.6711, 10.3244, 2.6933, 0.4489, 4.9378, 8.5288, 6.7333, 11.2222, 8.5288, 21.9955, 8.08, 15.2621, 8.08, 1.3467, 48.0309, 7.1822, 4.9378, 43.9909, 6.7333],
      [0, 0, 1.6143, 3.946, 0.1794, 2.0627, 0, 1.2555, 1.0762, 2.5111, 3.4976, 1.2555, 2.7801, 2.9595, 3.8563, 2.242, 0.0897, 3.8563, 2.1523, 4.3047, 1.2555, 1.7039, 0.1794, 0.9865, 0.8968, 0.3587, 3.946, 0.4484, 1.1659, 1.3452, 2.0627, 1.7936, 2.3317, 2.0627, 0.5381, 0.0897, 0.9865, 1.7039, 1.3452, 2.242, 1.7039, 4.3944, 1.6143, 3.0492, 1.6143, 0.269, 9.5959, 1.4349, 0.9865, 8.7888, 1.3452],
      [0, 0, 1.4143, 0.8172, 0.0371, 0.4272, 0, 0.26, 0.2229, 0.52, 0.7243, 0.26, 0.5757, 0.6129, 0.7986, 0.4643, 0.0186, 0.7986, 0.4457, 0.8915, 0.26, 0.3529, 0.0371, 0.2043, 0.1857, 0.0743, 0.8172, 0.0929, 0.2414, 0.2786, 0.4272, 0.3714, 0.4829, 0.4272, 0.1114, 0.0186, 0.2043, 0.3529, 0.2786, 0.4643, 0.3529, 0.91, 0.3343, 0.6315, 0.3343, 0.0557, 1.9872, 0.2972, 0.2043, 1.8201, 0.2786],
      [0, 0, 7.9715, 19.4858, 0.8857, 10.1858, 0, 6.2, 5.3143, 12.4001, 17.2715, 6.2, 13.7287, 14.6144, 19.043, 11.0715, 0.4429, 19.043, 10.6286, 21.2573, 6.2, 8.4143, 0.8857, 4.8715, 4.4286, 1.7714, 19.4858, 2.2143, 5.7572, 6.6429, 15.344, 8.8572, 11.5144, 10.1858, 2.6572, 0.4429, 4.8715, 8.4143, 6.6429, 11.0715, 8.4143, 21.7001, 7.9715, 15.0572, 7.9715, 1.3286, 47.386, 7.0858, 4.8715, 43.4003, 6.6429]
    ]
  ],
  "V_est": [
    [0, 0, 782.9618, 209.0382],
    [334.6586, 82.3824, 2946.1622, 64.7967],
    [117.5953, 29.2236, 10455.254, 409.9271],
    [263.6431, 13011.2048, 851.9534, 321.1987],
    [265.4058, 15.3113, 1466.4907, 104.7921],
    [503.6971, 101.8779, 22.1779, 508.2471]
  ],
  "p_est": [
    [0, 0, 0.7893, 0.2107],
    [0.0976, 0.024, 0.8594, 0.0189],
    [0.0107, 0.0027, 0.9494, 0.0372],
    [0.0182, 0.9006, 0.059, 0.0222],
    [0.1433, 0.0083, 0.7918, 0.0566],
    [0.4434, 0.0897, 0.0195, 0.4474]
  ],
  "EI_Z": {},
  "EI_V": 11.2869,
  "MAE_Z": {},
  "MAE_V": 309.1492,
  "MAE_p": 0.1341,
  "runtime": 1.6906
}
