{
  "Z_true": {},
  "V_true": [
    [1686, 4909, 901, 78],
    [611, 7476, 289, 213],
    [386, 796, 12976, 246],
    [99, 693, 252, 357],
    [121, 447, 620, 325]
  ],
  "p_true": [
    [0.2226, 0.6481, 0.119, 0.0103],
    [0.0711, 0.8704, 0.0336, 0.0248],
    [0.0268, 0.0553, 0.9009, 0.0171],
    [0.0707, 0.4946, 0.1799, 0.2548],
    [0.08, 0.2954, 0.4098, 0.2148]
  ],
  "Z_est": [
    [
      [86.348, 39.8823, 34.4877, 50.867, 1.5537, 49.2473, 6.4235, 5.5705, 10.6299, 2.4727, 2.7736, 15.6328, 91.8934, 29.4137, 14.7372, 32.9854, 30.8824, 14.4364, 49.5675, 8.3057, 24.6825, 17.8962, 14.3767, 0.7736, 1.5605, 1.8158, 5.489, 14.2764, 23.344, 4.2826, 5.1161, 2.5208, 3.7667, 52.4923, 12.8141, 13.7915, 6.1971, 8.9267, 101.5164, 21.5243, 55.5219, 38.5371, 37.9393, 40.5551, 67.5386, 1.4406, 28.2233, 44.717, 212.9006, 12.8896, 68.1293, 361.107, 115.9427],
      [211.4317, 83.6359, 76.1843, 147.3966, 1.8896, 201.3683, 12.3359, 47.2972, 21.9551, 4.9503, 7.8013, 16.8349, 366.5501, 110.5232, 66.3388, 231.2182, 169.6084, 49.5799, 137.6846, 33.2181, 83.0191, 55.1098, 25.5865, 2.6186, 1.9418, 5.3847, 7.9611, 66.5613, 59.0289, 9.6198, 14.4232, 1.9843, 2.744, 230.0911, 29.7297, 49.7115, 46.8915, 44.3208, 120.7221, 37.3086, 58.3925, 55.9056, 53.8166, 46.3701, 92.5337, 5.6472, 79.1517, 188.4978, 578.9495, 14.9728, 98.1248, 607.7073, 175.8588],
      [26.5896, 8.5592, 12.4208, 12.8482, 0.3832, 20.7326, 0.8933, 4.1634, 6.4433, 2.577, 1.8479, 2.7919, 28.2357, 9.6651, 2.5514, 16.7963, 7.1753, 4.5176, 25.635, 2.7731, 10.7667, 4.1354, 1.4523, 0.4103, 0.4686, 0.7994, 0.3599, 5.5985, 6.6641, 0.8443, 2.2048, 0.4424, 0.4892, 30.5652, 2.1345, 8.4971, 3.9711, 6.0671, 17.8236, 5.949, 6.0818, 6.0293, 7.3611, 6.4511, 9.8691, 0.7635, 14.3904, 16.3254, 62.5631, 2.8863, 10.8572, 55.1013, 16.6413],
      [6.6307, 2.9226, 2.9072, 3.8882, 0.1735, 2.6518, 0.3473, 1.9688, 0.9717, 0, 0.5771, 0.7404, 4.3208, 2.398, 0.3725, 0, 2.3338, 0.4662, 3.1129, 0.7031, 1.5317, 0.8585, 0.5845, 0.1976, 0.029, 0, 0.19, 1.5639, 0.963, 0.2532, 0.2558, 0.0525, 0, 3.8513, 0.3216, 0, 0.9403, 0.6854, 2.9379, 1.2181, 2.0038, 1.5281, 1.883, 0.6237, 3.0585, 0.1487, 1.2346, 2.4598, 13.5867, 0.2513, 2.8887, 15.0845, 3.5571]
    ],
    [
      [8.032, 5.0885, 5.0745, 6.1355, 0.1593, 3.4119, 0.7223, 0, 0.7791, 0.1413, 0.0859, 1.2202, 5.1074, 3.1044, 1.0807, 0, 1.1967, 1.8072, 4.2193, 1.0157, 1.934, 1.4197, 1.8143, 0, 0.4053, 0.1658, 0.3405, 0.454, 1.6426, 0.2922, 0.4668, 0.3946, 0.667, 3.1644, 1.1172, 1.1535, 0, 0, 7.3773, 1.5626, 4.9959, 2.6713, 3.4652, 3.5753, 4.1068, 0.1682, 2.0617, 3.9849, 17.7627, 1.3062, 6.2662, 29.3739, 7.6583],
      [344.6103, 184.2452, 195.7915, 312.965, 4.5559, 338.5128, 25.3064, 54.4882, 26.7617, 2.5194, 3.8812, 27.8559, 443.3623, 247.782, 88.4067, 313.8946, 342.647, 112.7363, 208.6678, 79.406, 119.9266, 76.4066, 61.2751, 0, 10.5873, 5.5915, 10.1435, 103.7251, 72.5036, 11.8627, 23.6499, 7.757, 15.4826, 286.4473, 44.8952, 61.6643, 85.0174, 72.8076, 175.9302, 48.9242, 110.2818, 75.7022, 97.8625, 84.1173, 114.7112, 10.0446, 101.2962, 360.4241, 859.3426, 29.0756, 171.968, 923.3528, 226.333],
      [11.081, 5.0478, 8.2688, 7.0376, 0.224, 9.0429, 0.4149, 2.0213, 1.9452, 0.3393, 0.2238, 1.2167, 9.0161, 5.5804, 0.9323, 6.963, 4.145, 2.6868, 9.9555, 1.6674, 3.9366, 1.4421, 0.8159, 0, 0.6437, 0.2427, 0.1026, 2.2941, 2.0589, 0.2406, 0.9075, 0.4222, 0.8504, 9.8096, 0.7937, 2.7433, 1.9845, 2.5388, 6.7927, 1.9655, 2.9793, 2.0753, 3.5003, 3.122, 3.1485, 0.3196, 4.6581, 8.1909, 23.4912, 1.4428, 4.8762, 21.3185, 5.4675],
      [26.2767, 16.6185, 17.8653, 19.8619, 1.0608, 11.0323, 1.5564, 8.4905, 2.514, 0, 0.8091, 2.7072, 13.5142, 12.5332, 1.5803, 2.1424, 11.0113, 2.7697, 11.1574, 3.9109, 5.2027, 2.7316, 3.0946, 0, 0.3637, 0, 0.4134, 5.5268, 2.7949, 0.6045, 0.9757, 0.4261, 0, 11.5787, 1.1939, 1.4389, 3.9981, 2.6536, 9.8998, 3.5477, 8.743, 4.5512, 8.172, 3.1853, 9.0336, 0.4676, 3.984, 11.4002, 47.4035, 1.1753, 11.8896, 53.9548, 10.5412]
    ],
    [
      [3.7142, 2.1347, 2.5758, 2.3877, 0.287, 0, 0.4507, 0, 0.6537, 0.2724, 0.1294, 0, 1.1102, 0.6205, 0.602, 0, 0.479, 0.6094, 2.5453, 0.3689, 0.6992, 0.8915, 0.7837, 0.2264, 0.308, 0.0183, 0.3326, 0, 0.8281, 0.278, 0.5619, 0.0846, 0, 0, 0.7145, 0, 0, 0, 0.0027, 0.4833, 0.1585, 0.581, 0.4719, 0, 0.6806, 0.0744, 0.7903, 0.2865, 8.5981, 0.223, 1.8129, 12.8746, 2.0824],
      [33.7094, 16.687, 18.5368, 26.7761, 0.5545, 30.1953, 3.0972, 11.5597, 0.9768, 0.2393, 0.1996, 1.7117, 43.5694, 18.2167, 10.9717, 38.7035, 31.558, 9.0844, 28.8432, 11.0457, 17.6338, 9.6999, 6.1107, 0.3814, 0.3826, 0.0238, 2.9189, 6.9232, 7.0106, 1.6517, 4.3601, 0.2587, 0.3257, 35.7472, 5.5131, 11.8093, 8.6288, 11.0876, 16.1528, 3.3054, 14.6175, 8.7825, 4.8438, 7.8479, 8.7092, 0.1759, 7.5058, 47.4919, 96.0369, 2.8366, 22.6847, 130.3375, 27.3807],
      [627.5071, 239.8419, 461.8776, 349.048, 28.3928, 438.8823, 40.3032, 94.8803, 78.1305, 7.4883, 12.4922, 41.4364, 480.5718, 238.6455, 63.4921, 388.2965, 194.129, 123.564, 875.8691, 143.6943, 340.0122, 115.6171, 57.4994, 3.5897, 34.188, 2.9579, 26.8635, 88.2357, 124.8319, 29.3591, 114.0274, 29.1353, 11.6743, 687.9906, 65.0846, 304.1907, 119.0852, 231.0344, 314.7652, 86.8264, 195.2984, 136.9793, 95.83, 139.2367, 129.5557, 12.5033, 205.6269, 588.0507, 1557.6662, 89.4244, 355.3095, 1702.3462, 366.6063],
      [11.0693, 5.3364, 7.0097, 7.7883, 0.7657, 3.9224, 1.149, 1.5601, 1.239, 0, 0.1788, 0.8519, 5.7487, 4.5173, 0.9342, 0, 4.8339, 0.7423, 7.7424, 2.8911, 3.6548, 1.7915, 1.6062, 0.8024, 0.1214, 0, 0.885, 1.8411, 1.3294, 0.7112, 1.0506, 0.5214, 0, 6.2622, 0.6878, 0, 2.2861, 1.8779, 4.0793, 1.385, 4.9256, 2.6572, 1.8542, 0.9154, 3.0545, 0.2463, 1.0769, 6.171, 25.6987, 0.5159, 7.193, 35.4418, 5.9305]
    ],
    [
      [21.1569, 8.7106, 13.2822, 22.6509, 0, 17.3699, 2.1607, 1.3655, 5.3794, 1.1136, 0, 10.5911, 19.9097, 10.0725, 7.005, 13.155, 16.2257, 2.5611, 14.9433, 5.1085, 9.057, 3.2208, 0.6001, 0, 0.5364, 0, 0.6885, 2.9709, 4.5415, 1.9871, 2.6946, 0, 1.4851, 16.1315, 2.2087, 2.632, 4.4678, 4.8973, 42.541, 11.0799, 26.4185, 23.996, 26.5258, 18.8867, 32.1056, 0.3168, 2.524, 12.7854, 78.6619, 1.1474, 20.054, 79.1468, 5.9533],
      [5.9238, 2.0826, 3.3478, 7.4916, 0, 8.0018, 0.4536, 1.0003, 1.243, 0.291, 0, 1.2791, 8.9256, 4.282, 3.5418, 8.9513, 9.8939, 0.9909, 4.7379, 2.2912, 3.4567, 1.122, 0.1187, 0, 0.0675, 0, 0.1034, 1.5224, 1.3035, 0.4802, 0.8425, 0, 0.1502, 7.5719, 0.5726, 1.0666, 2.9997, 2.6168, 5.7366, 2.1638, 3.1691, 3.9444, 4.2897, 2.4432, 5.0011, 0.1323, 0.8059, 6.0955, 24.4678, 0.1481, 3.2768, 15.1602, 1.0133],
      [14.2567, 4.0414, 10.4563, 12.5014, 0, 15.7421, 0.6718, 1.4244, 7.3358, 3.5954, 0, 3.9458, 12.9686, 7.1967, 2.5635, 11.8994, 7.8529, 1.7418, 16.8654, 3.7314, 8.6548, 1.637, 0.1339, 0, 0.333, 0, 0.1029, 2.4644, 2.8614, 0.8944, 2.5459, 0, 0.3647, 19.4689, 0.8143, 3.5244, 5.0087, 6.9923, 15.6416, 6.7303, 6.163, 8.1273, 11.047, 6.2395, 10.0109, 0.4136, 2.8386, 10.0671, 50.7343, 0.5483, 6.9199, 26.2923, 1.841],
      [11.6626, 5.1654, 7.9137, 12.3561, 0, 6.8863, 0.714, 5.2099, 3.0417, 0, 0, 3.184, 7.1961, 5.4488, 1.8897, 3.9943, 8.0275, 0.7063, 6.4533, 2.869, 3.8315, 1.0202, 0.1473, 0, 0.0631, 0, 0.1052, 2.0423, 1.2936, 0.6383, 0.917, 0, 0, 7.8277, 0.4043, 0.777, 3.5238, 2.4935, 8.0807, 4.0261, 6.2494, 5.9323, 9.1375, 2.4307, 9.8823, 0.1373, 0.8316, 5.0521, 34.136, 0.1561, 5.7493, 22.4007, 1.1925]
    ],
    [
      [2.7488, 1.184, 1.5798, 1.9589, 0, 0.971, 0.2428, 0.064, 0.5578, 0, 0.011, 0.5559, 1.9793, 0.7889, 0.575, 0.8596, 1.2162, 0.5859, 1.7245, 0.2012, 0.6272, 0.5718, 0.4252, 0, 0.1898, 0, 0.1494, 0.2988, 0.6438, 0.16, 0.1606, 0, 0.0812, 1.2118, 0.1454, 0.423, 0.3351, 0.1759, 2.5626, 0.35, 0.9052, 1.2147, 0.5978, 0.9829, 1.5684, 0, 0.4007, 1.2263, 6.0767, 0.4338, 2.7376, 10.4978, 2.3633],
      [25.3249, 9.3493, 13.1396, 21.3707, 0, 14.9218, 1.8069, 1.6546, 4.0633, 0, 0.1179, 2.3184, 29.5926, 11.1961, 9.7409, 20.2325, 25.2926, 7.6086, 18.0665, 3.039, 7.9639, 6.6617, 2.9089, 0, 1.0208, 0, 0.8731, 5.2681, 6.1535, 1.3856, 1.7242, 0, 0.2975, 19.1425, 1.2894, 5.7483, 8.4627, 3.1672, 11.4583, 2.298, 3.5391, 6.6654, 3.1874, 4.2215, 8.0447, 0, 4.2404, 19.4908, 62.2031, 1.9668, 14.9458, 66.4422, 13.4142],
      [38.5656, 11.5096, 25.9765, 22.5649, 0, 18.6, 1.7169, 1.5107, 15.1452, 0, 0.4361, 4.6093, 27.2079, 11.9123, 4.4608, 17.0447, 12.6978, 8.4898, 40.675, 3.1339, 12.6297, 6.1683, 2.0985, 0, 3.3666, 0, 0.571, 5.4073, 8.5837, 1.6616, 3.3144, 0, 0.6214, 31.1657, 1.1728, 12.0446, 8.9505, 5.3673, 19.9768, 4.5289, 4.4775, 8.7888, 5.2616, 6.9508, 10.4158, 0, 9.486, 20.3659, 81.5452, 4.6981, 20.0372, 72.9417, 15.4438],
      [21.3607, 9.9571, 13.3041, 15.1056, 0, 5.5072, 1.2334, 3.7707, 4.2336, 0, 0.435, 2.5164, 10.2202, 6.1027, 2.2233, 3.8633, 8.7935, 2.3156, 10.534, 1.6259, 3.7793, 2.5982, 1.5674, 0, 0.4228, 0, 0.4065, 3.0258, 2.619, 0.7928, 0.8008, 0, 0, 8.4801, 0.3924, 1.7841, 4.2517, 1.2896, 7.0023, 1.8231, 3.0782, 4.3312, 2.9532, 1.8449, 6.9711, 0, 1.8729, 6.917, 37.175, 0.9013, 11.2794, 42.1182, 6.7787]
    ]
  ],
  "V_est": [
    [2000.7167, 4948.4893, 522.5644, 102.2296],
    [160.1502, 7817.5058, 212.9856, 398.3584],
    [53.7879, 865.4123, 13289.9451, 194.8547],
    [633.0237, 176.5717, 358.2065, 233.1981],
    [55.3215, 513.0209, 654.2985, 290.3591]
  ],
  "p_est": [
    [0.2642, 0.6534, 0.069, 0.0135],
    [0.0186, 0.9102, 0.0248, 0.0464],
    [0.0037, 0.0601, 0.9227, 0.0135],
    [0.4518, 0.126, 0.2557, 0.1665],
    [0.0366, 0.3391, 0.4325, 0.1919]
  ],
  "EI_Z": {},
  "EI_V": 6.0608,
  "MAE_Z": {},
  "MAE_V": 202.9207,
  "MAE_p": 0.0661,
  "runtime": 0.018
}
