{
  "X": [
    [11, 47, 47, 144, 6],
    [25, 72, 83, 161, 16],
    [43, 74, 96, 172, 13],
    [28, 75, 113, 170, 15],
    [4, 51, 24, 167, 13],
    [9, 62, 36, 176, 14],
    [12, 53, 42, 173, 10],
    [10, 55, 16, 180, 3],
    [14, 63, 18, 183, 5],
    [16, 52, 41, 141, 7],
    [10, 43, 67, 150, 5],
    [14, 64, 32, 180, 10],
    [11, 63, 82, 125, 15],
    [14, 51, 83, 141, 8],
    [27, 92, 156, 219, 18],
    [9, 87, 17, 344, 16],
    [18, 82, 131, 92, 7],
    [30, 53, 139, 82, 13],
    [48, 146, 213, 224, 17],
    [38, 149, 104, 255, 23],
    [12, 86, 52, 236, 7],
    [21, 86, 69, 213, 14],
    [24, 37, 102, 38, 7],
    [18, 58, 90, 63, 3],
    [16, 62, 123, 104, 5],
    [27, 73, 121, 122, 19],
    [24, 83, 90, 224, 9],
    [15, 79, 100, 192, 26],
    [20, 74, 99, 143, 10],
    [22, 87, 32, 103, 12],
    [16, 61, 46, 175, 10],
    [15, 68, 39, 140, 6],
    [30, 65, 92, 182, 3],
    [37, 95, 92, 199, 9],
    [27, 76, 101, 177, 7],
    [30, 61, 95, 202, 11],
    [28, 75, 73, 183, 8],
    [39, 75, 139, 204, 7],
    [26, 86, 103, 116, 6],
    [22, 94, 65, 117, 6],
    [15, 43, 82, 69, 10],
    [26, 42, 95, 47, 9],
    [28, 61, 132, 90, 7],
    [28, 66, 133, 73, 7],
    [40, 61, 93, 140, 4],
    [35, 70, 71, 165, 15],
    [34, 51, 60, 168, 23],
    [48, 52, 103, 149, 11],
    [27, 49, 88, 135, 27],
    [15, 60, 94, 129, 13],
    [41, 97, 104, 264, 6],
    [30, 90, 80, 180, 10],
    [43, 68, 55, 222, 21],
    [31, 34, 133, 178, 7],
    [16, 57, 92, 47, 6],
    [34, 42, 88, 49, 1],
    [28, 78, 125, 108, 21],
    [20, 65, 88, 70, 23],
    [32, 84, 119, 115, 10],
    [29, 85, 161, 92, 13],
    [33, 50, 83, 110, 15],
    [27, 57, 82, 104, 6],
    [39, 68, 141, 74, 13],
    [25, 58, 129, 49, 14],
    [21, 50, 100, 81, 10],
    [30, 70, 112, 99, 23],
    [48, 89, 165, 127, 23],
    [32, 66, 143, 92, 18],
    [21, 41, 161, 77, 14],
    [28, 60, 101, 103, 10],
    [16, 30, 120, 42, 5],
    [49, 62, 127, 69, 10],
    [17, 55, 122, 64, 6],
    [28, 48, 118, 52, 7],
    [28, 48, 137, 65, 13],
    [17, 27, 130, 32, 6],
    [18, 25, 155, 80, 3],
    [31, 44, 106, 81, 15],
    [26, 35, 93, 135, 16],
    [23, 39, 82, 114, 27],
    [17, 28, 109, 53, 3],
    [23, 43, 127, 92, 4],
    [481, 1043, 2966, 2810, 82]
  ],
  "W": [
    [10, 48, 44, 119, 34],
    [15, 86, 68, 138, 50],
    [34, 83, 78, 143, 60],
    [32, 87, 93, 131, 58],
    [4, 62, 19, 139, 35],
    [5, 57, 34, 153, 48],
    [12, 58, 32, 134, 54],
    [9, 58, 16, 155, 26],
    [11, 67, 15, 162, 28],
    [10, 48, 37, 118, 44],
    [13, 59, 59, 110, 34],
    [11, 71, 28, 151, 39],
    [5, 70, 67, 99, 55],
    [12, 62, 74, 113, 36],
    [29, 102, 130, 181, 70],
    [9, 97, 16, 293, 58],
    [18, 93, 112, 74, 33],
    [24, 66, 126, 64, 37],
    [50, 170, 167, 157, 104],
    [28, 165, 94, 183, 99],
    [12, 91, 40, 208, 42],
    [17, 95, 56, 170, 65],
    [27, 39, 95, 29, 18],
    [22, 61, 69, 44, 36],
    [15, 71, 116, 78, 30],
    [21, 81, 105, 104, 51],
    [23, 97, 78, 177, 55],
    [12, 97, 90, 157, 56],
    [19, 76, 86, 123, 42],
    [11, 82, 22, 72, 69],
    [16, 65, 37, 140, 50],
    [12, 72, 34, 119, 31],
    [27, 68, 88, 156, 33],
    [33, 104, 84, 162, 49],
    [24, 84, 92, 157, 31],
    [30, 68, 81, 170, 50],
    [27, 83, 66, 152, 39],
    [29, 88, 117, 182, 48],
    [23, 77, 85, 81, 71],
    [10, 101, 59, 87, 47],
    [14, 45, 76, 52, 32],
    [18, 53, 91, 32, 25],
    [33, 66, 107, 66, 46],
    [22, 78, 116, 59, 32],
    [35, 72, 77, 124, 30],
    [35, 77, 63, 141, 40],
    [29, 61, 52, 135, 59],
    [38, 65, 89, 126, 45],
    [32, 60, 84, 112, 38],
    [18, 63, 86, 111, 33],
    [31, 97, 94, 237, 53],
    [30, 88, 76, 157, 39],
    [43, 78, 52, 190, 46],
    [27, 47, 116, 151, 42],
    [11, 65, 87, 32, 23],
    [28, 36, 81, 36, 33],
    [27, 89, 113, 91, 40],
    [26, 73, 68, 67, 32],
    [24, 86, 114, 94, 42],
    [31, 85, 148, 79, 37],
    [33, 60, 73, 86, 39],
    [28, 64, 69, 78, 37],
    [33, 80, 129, 50, 43],
    [25, 61, 115, 34, 40],
    [12, 66, 86, 60, 38],
    [24, 85, 97, 71, 57],
    [38, 89, 143, 103, 79],
    [29, 65, 132, 67, 58],
    [20, 47, 141, 61, 45],
    [15, 74, 98, 89, 26],
    [12, 46, 102, 26, 27],
    [17, 62, 104, 40, 94],
    [14, 63, 96, 46, 45],
    [22, 59, 100, 42, 30],
    [21, 63, 113, 50, 44],
    [13, 28, 115, 28, 28],
    [17, 29, 136, 63, 36],
    [28, 53, 96, 65, 35],
    [21, 47, 90, 104, 43],
    [29, 44, 81, 91, 40],
    [15, 35, 97, 37, 26],
    [22, 38, 112, 70, 47],
    [434, 1109, 2629, 2312, 898]
  ],
  "method": "mvn_cdf",
  "mvncdf_method": "genz",
  "mvncdf_samples": 5000,
  "mvncdf_error": 0.001,
  "cond_prob": [
    [
      [0.66029314248, 0.047911127636, 0.10643073036, 0.082815424746, 0.10254957478],
      [0.017707821561, 0.76240136492, 0.0084584043381, 0.16730255515, 0.044129854029],
      [0.017732122285, 0.0067556773979, 0.96430635224, 0.0033504616202, 0.0078553864589],
      [3.9543853902e-05, 0.0086916503368, 0, 0.98951792845, 0.0017508773629],
      [0.081240412974, 0.25276667682, 0.091182640874, 0.50709615614, 0.067714113188]
    ],
    [
      [0.74106453244, 0.017907947926, 0.12975859916, 0.013400157077, 0.097868763394],
      [0.045470917807, 0.69546766054, 0.05018201065, 0.11765215743, 0.091227253582],
      [0.016937185965, 0.0027109678432, 0.96936852959, 0.0045995690219, 0.0063837475792],
      [0.00019608339517, 0.013457832652, 0.00092522672279, 0.98363731755, 0.0017835396844],
      [0.17589489856, 0.19759270512, 0.21386453593, 0.29252383181, 0.12012402858]
    ],
    [
      [0.76813372924, 0.019962380069, 0.12076061622, 0.0267861685, 0.064357105978],
      [0.047338223425, 0.71459652982, 0.047448177227, 0.12791959825, 0.062697471271],
      [0.019210434326, 0.00223985635, 0.97076198819, 0.0027467788929, 0.0050409422415],
      [0.0001447078999, 0.01129425533, 0.00044305693736, 0.98613566047, 0.0019823193643],
      [0.19058789258, 0.20366632991, 0.20288580197, 0.32067159025, 0.082188385289]
    ],
    [
      [0.61707920462, 0.031263084356, 0.19172499921, 0.048989611165, 0.11094310066],
      [0.023715695018, 0.69955543609, 0.0461580454, 0.16528752969, 0.065283293802],
      [0.0086865671405, 0.0029112244401, 0.98081854871, 0.0019739920627, 0.0056096676492],
      [6.3872758671e-05, 0.0088145841948, 0.00052437928297, 0.98867927307, 0.0019178906905],
      [0.092654860523, 0.20194489583, 0.19938329931, 0.41985778147, 0.086159162867]
    ],
    [
      [0.47571368442, 0.044976852116, 0.14780271934, 0.05591332606, 0.27559341806],
      [0.0043013427585, 0.68477565258, 0.021428854138, 0.18631952429, 0.10317462624],
      [0.0083894475698, 0.0042904739878, 0.97016368945, 0.0023630777311, 0.014793311266],
      [2.2318001455e-05, 0.0080497747021, 2.0139394476e-05, 0.99154502922, 0.00036273867845],
      [0.047656008721, 0.20467326978, 0.10412259117, 0.49585367575, 0.14769445459]
    ],
    [
      [0.65894123642, 0.022930871879, 0.063523936466, 0.02696011451, 0.22764384073],
      [0.016154071078, 0.78498072389, 0.0070980052602, 0.10707078198, 0.084696417795],
      [0.021720832682, 0.0089532152407, 0.94345330346, 0.0064903059019, 0.01938234272],
      [6.2741386204e-05, 0.013379296195, 0.00016579645586, 0.98587128567, 0.00052088029359],
      [0.084091750484, 0.30812505714, 0.066146142554, 0.38964974472, 0.1519873051]
    ],
    [
      [0.58326472779, 0.039977390806, 0.16008736921, 0.092014805252, 0.12465570694],
      [0.013785628019, 0.69344522932, 0.030755341422, 0.20179586227, 0.060217938968],
      [0.010216430005, 0.0043754386515, 0.9670320029, 0.011270158052, 0.0071059703914],
      [4.3865685011e-05, 0.0085955895926, 0.00010350692444, 0.98860059398, 0.0026564438158],
      [0.071638019989, 0.20386342532, 0.13585643975, 0.50663958656, 0.082002528384]
    ],
    [
      [0.70783848662, 0.05768883642, 0.061924211197, 0.10420808782, 0.068340377946],
      [0.016457946756, 0.77702871087, 0.0028206736642, 0.18287122354, 0.020821445162],
      [0.032898677972, 0.01733027814, 0.93041052028, 0.011706231771, 0.0076542918364],
      [4.072843948e-05, 0.0085704462178, 1.8531524522e-05, 0.99128883263, 8.1461190468e-05],
      [0.082392344342, 0.30028583183, 0.01498624292, 0.56225105687, 0.040084524046]
    ],
    [
      [0.75700379599, 0.046621451384, 0.07688949257, 0.049514862641, 0.069970397416],
      [0.025866862919, 0.7861428401, 0.0066346614758, 0.14614332024, 0.035212315268],
      [0.027779232893, 0.0019390230443, 0.96271802077, 0.00070414422999, 0.0068595790606],
      [9.5332151736e-05, 0.011270351394, 5.6867898154e-05, 0.98801800142, 0.00055944714065],
      [0.12527664738, 0.28431112417, 0.080703941135, 0.44979484508, 0.059913442242]
    ],
    [
      [0.7569554982, 0.036703756171, 0.082914890193, 0.041669578306, 0.081756277128],
      [0.029264270975, 0.78725100774, 0.0089745358632, 0.12784785217, 0.046662333255],
      [0.026789211282, 0.0054617554184, 0.95695722508, 0.0027312170553, 0.0080605911608],
      [0.00010845163914, 0.011035642147, 0.00013926475207, 0.98658536329, 0.0021312781765],
      [0.13685822501, 0.28046871234, 0.098095972905, 0.40746544123, 0.077111648516]
    ],
    [
      [0.54684508151, 0.037669499279, 0.19048430289, 0.14013538021, 0.084865736116],
      [0.015130405066, 0.60697449725, 0.033848986539, 0.30634661762, 0.037699493524],
      [0.0041336735581, 0.0058417692105, 0.98465669772, 0.0012959625234, 0.004071896988],
      [0.0010713698711, 0.013773291972, 0.0034928461329, 0.98103549465, 0.00062699737721],
      [0.048134782815, 0.14232572563, 0.11904869461, 0.6503948064, 0.040095990552]
    ],
    [
      [0.69303642717, 0.039240776903, 0.089264754091, 0.059537652254, 0.11892038958],
      [0.024675877367, 0.74237849361, 0.0085913880294, 0.16257793454, 0.061776306459],
      [0.022675334528, 0.0050028524007, 0.96116033475, 0.00064939356388, 0.010512084758],
      [6.0299219072e-05, 0.0083857679579, 1.5867397181e-05, 0.98894186476, 0.0025962006681],
      [0.10206660152, 0.24238839947, 0.089569584742, 0.47317045833, 0.092804955946]
    ],
    [
      [0.66563405461, 0.015303866895, 0.13014690078, 0.020714116437, 0.16820106128],
      [0.023507490416, 0.70685489855, 0.054337623102, 0.12372995994, 0.091570027986],
      [0.008954914845, 0.0036902681477, 0.97321944852, 0.0078540348477, 0.0062813336398],
      [8.2206387621e-05, 0.012885769671, 0.00089293671249, 0.98512818628, 0.0010109009452],
      [0.098512503107, 0.21673997461, 0.22275505625, 0.330571299, 0.13142116704]
    ],
    [
      [0.65590122479, 0.030097736524, 0.15853090296, 0.062467287847, 0.093002847879],
      [0.026326860683, 0.68807598304, 0.039849534526, 0.18775059969, 0.05799702206],
      [0.011876589197, 0.0021423557524, 0.98017303326, 0.0002147462691, 0.0055932755233],
      [0.00050520415015, 0.008019359554, 0.00038201588411, 0.9892415598, 0.001851860614],
      [0.098915674184, 0.19203872939, 0.168082938, 0.466935219, 0.074027439434]
    ],
    [
      [0.58917046419, 0.033007491265, 0.21701237748, 0.045922077268, 0.11488758979],
      [0.023164739413, 0.72030113777, 0.052134524646, 0.1356740726, 0.06872552557],
      [0.0072146367501, 0.0029035991965, 0.98356327476, 0.0012056553707, 0.0051128339196],
      [6.6347258772e-05, 0.011075771331, 0, 0.9868284271, 0.0020294543074],
      [0.094304878386, 0.21699834564, 0.23608134028, 0.35795462643, 0.094660809268]
    ],
    [
      [0.54885514227, 0.058559399405, 0.070320740475, 0.10935941683, 0.21290530103],
      [0.006842757238, 0.71906855009, 0.0026769266873, 0.20030955921, 0.071102206771],
      [0.024254782132, 0.013236343599, 0.9317035157, 0.009869757351, 0.020935601219],
      [2.2819597671e-05, 0.0059995164273, 7.3890241333e-06, 0.99135262047, 0.0026176544818],
      [0.051755062264, 0.25437372821, 0.020655693307, 0.56830179465, 0.10491372157]
    ],
    [
      [0.61305998858, 0.034842837388, 0.25513001798, 0.033469710087, 0.063497445966],
      [0.025801193336, 0.77056767081, 0.062854087008, 0.10133639198, 0.039440656872],
      [0.008293653429, 0.0027885103205, 0.98652440712, 0.00068971235937, 0.0017037167717],
      [0.00011932658174, 0.017535397178, 0.00091915732372, 0.98069042364, 0.00073569527306],
      [0.10992999619, 0.24545766651, 0.30313570744, 0.28257338275, 0.058903247118]
    ],
    [
      [0.73735446177, 0.017280014482, 0.13792183265, 0.022853828466, 0.084589862632],
      [0.051534794848, 0.67964446853, 0.05898216934, 0.11948201093, 0.090356556352],
      [0.015622550766, 0.0018775663789, 0.97559710876, 0.00098692853091, 0.0059158455635],
      [0.00016047543955, 0.012246522269, 0, 0.98522769073, 0.0023653115619],
      [0.18712120629, 0.18130794434, 0.23977884152, 0.28072351875, 0.1110684891]
    ],
    [
      [0.62438526132, 0.028484076422, 0.23518610184, 0.043871283806, 0.068073276615],
      [0.027474904942, 0.71390576756, 0.058682253327, 0.15655708057, 0.043379993599],
      [0.0086204376732, 0.0037095284609, 0.98030869412, 0.0053677267147, 0.0019936130354],
      [0.00028420797624, 0.012299145931, 0.0043039290905, 0.98291256274, 0.0002001542651],
      [0.10217085914, 0.19866690894, 0.25843695248, 0.38440432117, 0.056320958279]
    ],
    [
      [0.70771859051, 0.036347588635, 0.090998032529, 0.057027807818, 0.10790798051],
      [0.027634580208, 0.73790267634, 0.012118945483, 0.1624963146, 0.059847483376],
      [0.024720305842, 0.006029824785, 0.95571840262, 0.0033530233244, 0.010178443425],
      [0.00017883679907, 0.01072298225, 0.0008620253248, 0.9862958405, 0.0019403151294],
      [0.11381553382, 0.23938602668, 0.095526753571, 0.46246471181, 0.088806974121]
    ],
    [
      [0.60180270805, 0.050490073632, 0.19629756084, 0.064476552035, 0.086933105447],
      [0.012519612503, 0.7815530598, 0.033135983849, 0.13694405524, 0.035847288601],
      [0.0088166541884, 0.0038181372871, 0.97763050103, 0.0058742200642, 0.003860487434],
      [5.6071103042e-05, 0.01234930865, 0.0007458368339, 0.9865793403, 0.00026944311272],
      [0.077970328779, 0.27503354723, 0.17544525327, 0.41240239913, 0.059148471598]
    ],
    [
      [0.65942969367, 0.035465744447, 0.13836503631, 0.05909519996, 0.10764432561],
      [0.024207977098, 0.72472246194, 0.029748647431, 0.16051459202, 0.060806321512],
      [0.014514975581, 0.0036521552656, 0.97038070572, 0.0043912735585, 0.0070608898761],
      [6.1181738409e-05, 0.0096564195745, 0, 0.98824120089, 0.0020411977932],
      [0.10256458239, 0.22618979134, 0.1458515901, 0.4384550752, 0.08693896097]
    ],
    [
      [0.69970610751, 0.031173136998, 0.1555461226, 0.02713549474, 0.086439138153],
      [0.03089776495, 0.78073653042, 0.040254579816, 0.090152961353, 0.05795816346],
      [0.013362868217, 0.0023678729705, 0.97636876651, 0.0014217230506, 0.0064787692524],
      [0.00012925056058, 0.01753288157, 2.4568756269e-05, 0.98025333597, 0.0020599631468],
      [0.14609452874, 0.2764555065, 0.1930322647, 0.28827587313, 0.096141826928]
    ],
    [
      [0.59131259156, 0.0322861055, 0.29949547916, 0.034003141131, 0.042902682642],
      [0.024480687638, 0.77838994621, 0.064406154366, 0.1180656923, 0.01465751948],
      [0.0049533027796, 0.0067075469637, 0.98196225262, 0.0061968321285, 0.00018006550932],
      [0.0002553517836, 0.015427037333, 0.0048805731069, 0.97933456152, 0.0001024762611],
      [0.087355213038, 0.2407307938, 0.31978287208, 0.32032282058, 0.031808300499]
    ],
    [
      [0.66684956889, 0.038886078369, 0.16660499115, 0.063340060437, 0.064319301152],
      [0.022704140879, 0.74601388923, 0.033345411671, 0.16534142933, 0.032595128891],
      [0.012485553456, 0.0046970286881, 0.97694621261, 0.0037888806601, 0.0020823245897],
      [8.1749121882e-05, 0.010681304256, 0.001577354894, 0.98752804887, 0.00013154285332],
      [0.097685394394, 0.23572418765, 0.156153552, 0.46146532141, 0.04897154455]
    ],
    [
      [0.68398335337, 0.024056501528, 0.14492468977, 0.020689284287, 0.12634617104],
      [0.037427156224, 0.72375903539, 0.048117258123, 0.090030276052, 0.10066627421],
      [0.014398446032, 0.0033671959379, 0.9762676066, 9.0846801804e-05, 0.0058759046247],
      [0.0020495547446, 0.019103876137, 0.00091767159555, 0.97659358927, 0.0013353082548],
      [0.15450508624, 0.22607790018, 0.22461856995, 0.24897647984, 0.14582196379]
    ],
    [
      [0.6693626065, 0.036259472365, 0.14395240416, 0.074683092339, 0.07574242463],
      [0.023920053347, 0.70750058802, 0.031020472416, 0.19729364472, 0.040265241498],
      [0.014435254834, 0.0039886946467, 0.97663567361, 0.00048753728729, 0.004452839619],
      [0.00031762980048, 0.010417019591, 7.0674070345e-05, 0.98902701522, 0.00016766132167],
      [0.092768082255, 0.20697353541, 0.13618212777, 0.50998174067, 0.05409451389]
    ],
    [
      [0.56513894669, 0.028753534083, 0.12967675404, 0.02849058949, 0.2479401757],
      [0.023253866902, 0.6786820708, 0.032720561633, 0.14774423792, 0.11759926275],
      [0.013111588455, 0.0058688599513, 0.96692602789, 0.0041538534655, 0.0099396702389],
      [5.8093831566e-05, 0.0068152775356, 0.0021075096605, 0.99045597029, 0.00056314868471],
      [0.085241854601, 0.20043929919, 0.14135290976, 0.38306228038, 0.18990365607]
    ],
    [
      [0.65615001041, 0.038944961394, 0.17380365111, 0.036961735238, 0.094139641841],
      [0.023554857449, 0.78283494468, 0.037476120578, 0.10401351847, 0.052120558824],
      [0.01165341227, 0.0020316245823, 0.98085861932, 0.00018091697839, 0.0052754268508],
      [0.00010439169063, 0.015943193023, 0.00058628045809, 0.98125021249, 0.0021159223363],
      [0.11257016673, 0.2768775591, 0.20056170731, 0.32579439595, 0.084196170902]
    ],
    [
      [0.72940725871, 0.044097054047, 0.096248034381, 0.046396387255, 0.083851265608],
      [0.031525999723, 0.78540546969, 0.019211999608, 0.11228854185, 0.051567989133],
      [0.022926277858, 0.026004846218, 0.90993228496, 0.032890329542, 0.0082462614188],
      [0.00063950342477, 0.022953438387, 0.0011431058509, 0.97253648628, 0.0027274660539],
      [0.15711544663, 0.28821637262, 0.13427643136, 0.32660529052, 0.093786458874]
    ],
    [
      [0.63305387474, 0.041291630528, 0.13776505933, 0.073754005163, 0.11413543024],
      [0.018048260117, 0.73004250674, 0.023602983263, 0.17303331683, 0.055272933053],
      [0.013380800077, 0.004105584012, 0.97233349115, 0.0029183205954, 0.0072618041689],
      [4.2486427621e-05, 0.0089477999938, 0, 0.98877303408, 0.0022366795008],
      [0.083939267878, 0.22963944732, 0.12570451932, 0.48073135381, 0.079985411666]
    ],
    [
      [0.729696662, 0.044766089428, 0.10341258476, 0.046914855304, 0.07520980851],
      [0.025476922849, 0.79061655833, 0.016385234169, 0.12901412941, 0.038507155245],
      [0.020604528275, 0.0031217175802, 0.96955238308, 0.00079846401475, 0.0059229070546],
      [8.6453415313e-05, 0.012592222727, 7.3167814847e-05, 0.98635008531, 0.00089807072926],
      [0.11930515139, 0.28818715564, 0.11631690736, 0.41113537066, 0.065055414954]
    ],
    [
      [0.77359366226, 0.036347287968, 0.096644981415, 0.056837207075, 0.036576861286],
      [0.030343322701, 0.77919610645, 0.021809048012, 0.1557336007, 0.012917922142],
      [0.028109436841, 0.0078736992724, 0.9562847924, 0.0072683062639, 0.00046376522429],
      [0.00011987946626, 0.010229558444, 0.00038187823206, 0.98919551209, 7.3171769004e-05],
      [0.13809980414, 0.26498761615, 0.11196774248, 0.45216362802, 0.03278120921]
    ],
    [
      [0.75526726417, 0.034586120055, 0.098404057329, 0.050178157122, 0.061564401328],
      [0.032462873458, 0.7614571734, 0.019564589548, 0.15053392291, 0.035981440688],
      [0.02402728007, 0.0050000600764, 0.96298633666, 0.0030426002037, 0.0049437229934],
      [7.9773189431e-05, 0.011223873866, 0, 0.98853120362, 0.00016514932022],
      [0.13609850327, 0.25364978351, 0.11892033706, 0.43450937609, 0.056822000067]
    ],
    [
      [0.74094012479, 0.031813391568, 0.12830897993, 0.040032136014, 0.058905367698],
      [0.032565236057, 0.76777577711, 0.034833214689, 0.12626828256, 0.038557489582],
      [0.018009470772, 0.0029896470919, 0.97311792292, 0.0021558855149, 0.0037270736966],
      [0.00062594310428, 0.014317186379, 0.0013440248656, 0.98339754147, 0.00031530417879],
      [0.15247783219, 0.26517637197, 0.16957205273, 0.349707662, 0.063066081105]
    ],
    [
      [0.69164285825, 0.028430845233, 0.14719739935, 0.047055491554, 0.08567340562],
      [0.030581958025, 0.7075592026, 0.039562031448, 0.16487965945, 0.05741714847],
      [0.014490069282, 0.0022029024523, 0.97752455228, 0.00046602017797, 0.0053164558125],
      [0.0002056933818, 0.0093084754014, 0.00019345327852, 0.98868579967, 0.0016065782668],
      [0.1192495524, 0.20544345898, 0.17362968179, 0.42524369664, 0.076433610186]
    ],
    [
      [0.72676445807, 0.036713366168, 0.1077340103, 0.057372225228, 0.071415940237],
      [0.028539307214, 0.75196366206, 0.020028584842, 0.15987592751, 0.039592518381],
      [0.020698392994, 0.0046895879308, 0.96649608685, 0.0026317042117, 0.0054842280106],
      [7.5002773288e-05, 0.01072526698, 4.8814455111e-05, 0.98873656718, 0.00041434861049],
      [0.11874622498, 0.24758978919, 0.11878583719, 0.45434864734, 0.060529501295]
    ],
    [
      [0.76860168549, 0.017387235726, 0.15586008525, 0.021500607265, 0.036650386266],
      [0.05699896605, 0.71030421711, 0.069894016871, 0.12354419034, 0.039258609628],
      [0.015042296728, 0.0033972647144, 0.98011940216, 0.0010795981502, 0.00036143824355],
      [0.00032996774214, 0.013776441299, 0.0019127935598, 0.98378020775, 0.00020058964711],
      [0.20572165129, 0.18925430771, 0.27723511588, 0.27771422594, 0.050074699182]
    ],
    [
      [0.67425126125, 0.0476638584, 0.17300842655, 0.050647060038, 0.054429393763],
      [0.021539665117, 0.80087339537, 0.036821794033, 0.11975220863, 0.021012936848],
      [0.012613130185, 0.0043526728873, 0.97823913095, 0.0043397528017, 0.00045531317882],
      [0.00047678544375, 0.018465086215, 0.0071480480318, 0.9737652738, 0.00014480650926],
      [0.10877367733, 0.30099761457, 0.17543957786, 0.37141311815, 0.043376012094]
    ],
    [
      [0.83964179076, 0.014740037876, 0.078902644689, 0.019265896866, 0.04744962981],
      [0.037960892542, 0.78674512735, 0.01961865643, 0.12646531184, 0.02921001184],
      [0.029010029488, 0.0057129927823, 0.95728606548, 0.0041396065593, 0.0038513056858],
      [0.00019311068475, 0.014332006742, 0.0006629831217, 0.98465653123, 0.00015536822551],
      [0.17108807609, 0.27249767231, 0.12110493316, 0.38563807514, 0.049671243298]
    ],
    [
      [0.65524265827, 0.034838508357, 0.13411445116, 0.042060176148, 0.13374420606],
      [0.024512630057, 0.74770802452, 0.029287332572, 0.12112871188, 0.077363300969],
      [0.014917765201, 0.0025782347475, 0.97109598245, 0.0023671926778, 0.0090408249258],
      [0.00028499854191, 0.012522830226, 0.00045397540259, 0.98456719743, 0.0021709984009],
      [0.11171763601, 0.25057083647, 0.15554894784, 0.36196764342, 0.12019493626]
    ],
    [
      [0.8141361842, 0.014952504239, 0.081742975063, 0.021253221565, 0.067915114937],
      [0.060913826982, 0.68734506539, 0.036358976832, 0.13311193677, 0.082270194028],
      [0.024604458301, 0.0032840857031, 0.96020393852, 0.0034592440223, 0.0084482734564],
      [0.00082334582945, 0.01155099042, 0.008866338384, 0.97647796633, 0.0022813590368],
      [0.2340705233, 0.18532331863, 0.15757277774, 0.32001692938, 0.10301645096]
    ],
    [
      [0.62266547289, 0.029102684683, 0.2536091053, 0.033343416443, 0.061279320684],
      [0.026729072985, 0.73993966138, 0.066882969877, 0.12858124654, 0.037867049219],
      [0.0087289426159, 0.0035182783368, 0.98354210382, 0.0034756785894, 0.00073499663413],
      [0.00019073893378, 0.013218621077, 0.0025975920141, 0.98380027016, 0.00019277781424],
      [0.10307249887, 0.21640671699, 0.30013428981, 0.32849107709, 0.051895417248]
    ],
    [
      [0.73920207499, 0.02022737148, 0.17565027592, 0.018623269177, 0.046297008435],
      [0.051777590277, 0.7368859422, 0.070973367272, 0.092969699008, 0.047393401243],
      [0.013058596876, 0.0032167216006, 0.98136008808, 0.00039074673644, 0.001973846704],
      [0.00062750825112, 0.018045456604, 0.00077629711067, 0.97938232833, 0.001168409708],
      [0.19209631513, 0.20750227158, 0.30363123548, 0.23468023634, 0.06208994147]
    ],
    [
      [0.7922831519, 0.017946403303, 0.14008010162, 0.021473625113, 0.028216718062],
      [0.059087605145, 0.72941176049, 0.064321523091, 0.12286181203, 0.024317299248],
      [0.017096402577, 0.0026345584452, 0.97819695849, 0.0017997371789, 0.00027234330974],
      [0.00050156863516, 0.012929020058, 0.002991719012, 0.98343446057, 0.00014323172185],
      [0.22123882012, 0.20160565472, 0.25913026066, 0.27726399271, 0.040761271786]
    ],
    [
      [0.72352391323, 0.030102683383, 0.098030664972, 0.037258897222, 0.11108384119],
      [0.033169563903, 0.74246477811, 0.022261101564, 0.12844827231, 0.073656284109],
      [0.022467765946, 0.003735079416, 0.96216386668, 0.0020169421169, 0.0096163458428],
      [0.00014612785042, 0.011911591107, 0.00021175042037, 0.98547218004, 0.0022583505799],
      [0.14216333337, 0.24654434544, 0.13021603739, 0.36816942225, 0.11290686155]
    ],
    [
      [0.70374090079, 0.020004603052, 0.078554935604, 0.038207354616, 0.15949220594],
      [0.050428344224, 0.64126505236, 0.02520770685, 0.16308946549, 0.12000943108],
      [0.028167776851, 0.0042580861894, 0.95082296891, 0.0029697971906, 0.013781370863],
      [9.9590617871e-05, 0.0067473012454, 0, 0.99261826053, 0.00053484761027],
      [0.1531731483, 0.17237952826, 0.11426173503, 0.38619719824, 0.17398839016]
    ],
    [
      [0.81204355996, 0.013289744599, 0.10079591967, 0.020964002797, 0.052906772983],
      [0.071392311899, 0.65673775599, 0.055310164755, 0.14509472904, 0.071465038307],
      [0.01805595884, 0.0063292976905, 0.96950477767, 0.0011292395728, 0.0049807262288],
      [0.00023611301101, 0.0075374985794, 0.0011724750077, 0.98906534991, 0.0019885634872],
      [0.24144697493, 0.16208896111, 0.20313193956, 0.31221053544, 0.081121588955]
    ],
    [
      [0.56821211805, 0.027519458358, 0.086108315258, 0.040057614522, 0.27810249381],
      [0.039126233984, 0.65735033032, 0.031395599083, 0.13890815183, 0.13321968479],
      [0.029821462105, 0.011053366245, 0.94348158267, 0.011210718842, 0.0044328701409],
      [7.1995541445e-05, 0.0051293183808, 0.0014467836419, 0.99260653798, 0.00074536445148],
      [0.10412031226, 0.18882608132, 0.10385013828, 0.34921143655, 0.25399203159]
    ],
    [
      [0.57449906034, 0.045169797413, 0.16249044944, 0.050939582546, 0.16690111026],
      [0.017004470576, 0.764482064, 0.02956217165, 0.11214353091, 0.076807762873],
      [0.0093461070662, 0.0043586544242, 0.97500864977, 0.0026063500763, 0.0086802386612],
      [7.0111239433e-05, 0.014338990511, 0.00068237475976, 0.98319220978, 0.0017163137083],
      [0.084126900374, 0.27448792084, 0.1601899278, 0.35332011136, 0.12787513963]
    ],
    [
      [0.80463480768, 0.029916359842, 0.095069921672, 0.031214639034, 0.039164271769],
      [0.04019247968, 0.79690576562, 0.025795848304, 0.11528101231, 0.021824894092],
      [0.026239225461, 0.0042672346185, 0.96541563528, 0.0012717526613, 0.0028061519839],
      [0.00024814719183, 0.015196623658, 0.00078156297505, 0.98363617443, 0.00013749174504],
      [0.18174249727, 0.27867950413, 0.14370443399, 0.35110886615, 0.044764698455]
    ],
    [
      [0.7188466119, 0.049992176481, 0.092929711846, 0.049161775418, 0.089069724352],
      [0.022679484874, 0.82275014719, 0.0082616188437, 0.10612182512, 0.040186923967],
      [0.02400974562, 0.007690730398, 0.95407729025, 0.0062277403316, 0.0079944934006],
      [0.00013562367176, 0.015588593589, 0.00040856075292, 0.98245283095, 0.0014143910349],
      [0.11776342027, 0.33503377048, 0.10028379716, 0.37097495903, 0.075944053061]
    ],
    [
      [0.72679725174, 0.027340412219, 0.061092839242, 0.043988722374, 0.14078077443],
      [0.036521002647, 0.70178735444, 0.0077396064488, 0.15786214908, 0.096089887384],
      [0.045132846977, 0.0064782969195, 0.92460057563, 0.0066103998134, 0.017177880658],
      [0.00015101975893, 0.009446747552, 0.00011718145392, 0.98985920076, 0.00042585047869],
      [0.14181474287, 0.21637380768, 0.079735308707, 0.42126626904, 0.1408098717]
    ],
    [
      [0.73159264074, 0.013236831917, 0.16892583129, 0.035382930238, 0.050861765817],
      [0.057010687636, 0.58864546969, 0.079461923579, 0.21512425985, 0.059757659243],
      [0.013346244802, 0.000692529198, 0.9825114465, 0.00098308398652, 0.0024666955177],
      [0.0011161816856, 0.0044958553439, 0.00048602589681, 0.99340490095, 0.00049703612002],
      [0.16311401308, 0.12421573616, 0.2537993915, 0.40037244962, 0.058498409627]
    ],
    [
      [0.76250835824, 0.026072565354, 0.11588462859, 0.029546039181, 0.065988408636],
      [0.035629323274, 0.76976615664, 0.032319032858, 0.11482455713, 0.047460930101],
      [0.018431208453, 0.002973538139, 0.97088058236, 0.0024304109176, 0.0052842601268],
      [0.00062786294411, 0.016743916927, 0.0078861193371, 0.97337495582, 0.001367144968],
      [0.15969109987, 0.2558216713, 0.16980719414, 0.34138926171, 0.073290772976]
    ],
    [
      [0.82964604117, 0.029546269264, 0.099617440043, 0.023664222434, 0.017526027087],
      [0.045962619763, 0.83059096977, 0.028828186014, 0.090416220172, 0.0042020042778],
      [0.021752447533, 0.0060859272186, 0.96891722915, 0.0030960012818, 0.00014839482029],
      [0.00082400386531, 0.019493828662, 0.0052049992736, 0.97442662555, 5.0542653372e-05],
      [0.2219286105, 0.30535429128, 0.16676428629, 0.295523734, 0.010429077927]
    ],
    [
      [0.65346208471, 0.029034504095, 0.13737837582, 0.025846030203, 0.15427900517],
      [0.031994159881, 0.7319735913, 0.040467871016, 0.08942284737, 0.10614153043],
      [0.016312599683, 0.0047034119327, 0.97259019914, 0.0008121220043, 0.0055816672361],
      [0.0012991335833, 0.019812360757, 0.0011753481869, 0.97692319197, 0.0007899655004],
      [0.13868746408, 0.24340020966, 0.1919873536, 0.25879358782, 0.16713138484]
    ],
    [
      [0.51612690439, 0.02878434092, 0.22519335348, 0.00664322523, 0.22325217599],
      [0.036861009222, 0.72450759983, 0.068152127124, 0.039828899435, 0.13065036439],
      [0.0037532149441, 0.011770431607, 0.98031324088, 0.0025768122846, 0.0015863002823],
      [0.003886139143, 0.04739120465, 0.008248080147, 0.93813868272, 0.0023358933406],
      [0.10544552731, 0.23084225898, 0.31112330562, 0.12153910962, 0.23104979847]
    ],
    [
      [0.78062521025, 0.031719968515, 0.088905632799, 0.029464246147, 0.069284942289],
      [0.03469797421, 0.7970598492, 0.023539038031, 0.097703000799, 0.047000137763],
      [0.026399526466, 0.0059109406309, 0.95735613192, 0.0033850930848, 0.0069483078944],
      [0.00011563977105, 0.01727946574, 0, 0.98089594738, 0.0017089471106],
      [0.17287030991, 0.2950823027, 0.13579305959, 0.31667334187, 0.079580985931]
    ],
    [
      [0.65846438533, 0.041504803028, 0.17087646209, 0.025805046246, 0.1033493033],
      [0.027934231412, 0.81407966025, 0.037056578017, 0.064287812037, 0.056641718288],
      [0.010258894098, 0.0039448281799, 0.978048002, 0.001170646363, 0.0065776293626],
      [0.00042180161884, 0.025774190191, 0.00068778785786, 0.97040027582, 0.0027159445126],
      [0.12598799271, 0.32152930783, 0.20939408128, 0.24055951599, 0.10252910219]
    ],
    [
      [0.71333166827, 0.022117494783, 0.11323517442, 0.035213723305, 0.11610193922],
      [0.03856256328, 0.67938430683, 0.037645326914, 0.15052174607, 0.093886056905],
      [0.019280162393, 0.0021094606484, 0.96859031472, 0.0016798210049, 0.0083402412354],
      [0.00017110318147, 0.0097223543628, 0, 0.98869365507, 0.001412887386],
      [0.14677267748, 0.19274233743, 0.16147247833, 0.3758041307, 0.12320837605]
    ],
    [
      [0.70516447995, 0.029928002866, 0.1614135963, 0.044355555915, 0.059138364969],
      [0.029544997793, 0.73460729273, 0.042006321424, 0.15744675061, 0.036394637436],
      [0.013863620747, 0.0026179978195, 0.98037146207, 0.0016733684434, 0.0014735509231],
      [0.00013915203265, 0.010361160607, 0.0012570005881, 0.98808929862, 0.00015338815025],
      [0.1188397571, 0.2204955894, 0.19049561632, 0.41878445081, 0.051384586366]
    ],
    [
      [0.75768577544, 0.021099430155, 0.11905487384, 0.027176170192, 0.074983750378],
      [0.045607058221, 0.71717852076, 0.040713754493, 0.12685759906, 0.06964306746],
      [0.018972615411, 0.001875436219, 0.97106704249, 0.0015792089277, 0.0065056969492],
      [0.00083968212194, 0.014012475156, 0.0092627182832, 0.97392837307, 0.0019567513684],
      [0.18275240137, 0.20899725846, 0.18798382344, 0.32684748496, 0.093419031765]
    ],
    [
      [0.65503066517, 0.030207483636, 0.16873712729, 0.024780668082, 0.12124405582],
      [0.03336010082, 0.75659721455, 0.044822899266, 0.082845810911, 0.082373974448],
      [0.010877123207, 0.0026910644704, 0.97922594307, 0.00056013551828, 0.0066457337307],
      [0.00066860742169, 0.020027937928, 0.0070664504903, 0.96954003819, 0.002696965972],
      [0.13289163499, 0.25254901294, 0.22990330481, 0.25745279873, 0.12720324853]
    ],
    [
      [0.75663321262, 0.012960303365, 0.1428640515, 0.01870152038, 0.06884091214],
      [0.055954301151, 0.65415861663, 0.065371100617, 0.14459760724, 0.079918374359],
      [0.014097352094, 0.0016401996282, 0.97679275087, 0.0025047644491, 0.0049649329586],
      [0.00025959057215, 0.0091678325177, 0.0023951285516, 0.98594074881, 0.0022366995495],
      [0.18419657522, 0.15733896166, 0.25850669614, 0.31211276332, 0.087845003663]
    ],
    [
      [0.67787762257, 0.021753489482, 0.12701550267, 0.028817841052, 0.14453554423],
      [0.03991835447, 0.67211512448, 0.04389841417, 0.1253133551, 0.11875475178],
      [0.018621854131, 0.0047807147893, 0.97167405252, 0.0021540308984, 0.0027693476643],
      [0.00033113182598, 0.013455132167, 0.003924101681, 0.98157386313, 0.00071577119312],
      [0.14926397751, 0.19173836759, 0.18753102488, 0.31150967284, 0.15995695718]
    ],
    [
      [0.72322779786, 0.02473429078, 0.13013991085, 0.019934902056, 0.10196309846],
      [0.041420702182, 0.74395264168, 0.045385571017, 0.08299053169, 0.086250553432],
      [0.015733065175, 0.0039129706076, 0.97292120709, 0.00061601843981, 0.0068167386862],
      [0.0036835533896, 0.020922637605, 0.0010373759329, 0.97172002187, 0.0026364112015],
      [0.17976793504, 0.24219905533, 0.21241500294, 0.23646915838, 0.12914884832]
    ],
    [
      [0.68211274356, 0.031567191068, 0.12451710661, 0.032763634894, 0.12903932387],
      [0.029678229754, 0.74925708444, 0.03136733205, 0.10665450759, 0.083042846164],
      [0.017969990676, 0.0033611262831, 0.96845697671, 0.0018860822651, 0.0083258240701],
      [0.00078292480655, 0.016527632321, 0.0050752730601, 0.97576454896, 0.0018496208477],
      [0.13560604778, 0.25572105061, 0.15816832939, 0.31882972336, 0.13167484885]
    ],
    [
      [0.60824913429, 0.02061134241, 0.22428074522, 0.026974244108, 0.11988453397],
      [0.036279544663, 0.66911350378, 0.079385243465, 0.10870750659, 0.1065142015],
      [0.010021335884, 0.0031190785611, 0.98169701755, 0.00065455840426, 0.0045080095995],
      [0.00011935653654, 0.013512218345, 0, 0.98374505634, 0.0026233687801],
      [0.12687976903, 0.17500895729, 0.31919998174, 0.25001158081, 0.12889971113]
    ],
    [
      [0.86645024341, 0.011561330639, 0.05553656115, 0.0084277067151, 0.05802415809],
      [0.067772881127, 0.70876825488, 0.039479264466, 0.1102079007, 0.073771698827],
      [0.026575712739, 0.00962123233, 0.95097108778, 0.0046434199432, 0.0081885472127],
      [0.00039868290418, 0.012225806467, 0.0032073128932, 0.98120490065, 0.0029632970897],
      [0.2826211738, 0.20564429367, 0.14480263703, 0.26676570906, 0.10016618645]
    ],
    [
      [0.65916723581, 0.011197630243, 0.26105866695, 0.025323576413, 0.043252890592],
      [0.062422530102, 0.57658713755, 0.11647799416, 0.18158815706, 0.062924181135],
      [0.010907726175, 0.0037243218856, 0.9773905946, 0.0064047047958, 0.0015726525433],
      [0.00068954227345, 0.0073868424415, 0.032130047991, 0.95870983756, 0.0010837297368],
      [0.15140891173, 0.10261782867, 0.40666986549, 0.28753059974, 0.051772794375]
    ],
    [
      [0.83433473537, 0.015025495754, 0.10176033753, 0.016228129383, 0.032651301963],
      [0.079257069028, 0.6716580103, 0.087900011714, 0.11404576566, 0.047139143299],
      [0.014521910205, 0.013316408961, 0.96011241998, 0.0082110172706, 0.0038382435791],
      [0.0075180832143, 0.021892373027, 0.051209317382, 0.91760593606, 0.0017742903152],
      [0.2988443535, 0.18979966468, 0.190640523, 0.25633086267, 0.064384596141]
    ],
    [
      [0.59423578205, 0.023754978018, 0.30498834401, 0.026574785334, 0.050446110581],
      [0.036182222637, 0.71447599339, 0.094629436713, 0.11057683508, 0.04413551218],
      [0.0097757097402, 0.0081755597661, 0.97672730449, 0.0042568918381, 0.0010645341651],
      [0.00020129166282, 0.014185545942, 0.003881745815, 0.98079646131, 0.00093495527177],
      [0.12118869941, 0.1826234194, 0.39609171405, 0.24747363464, 0.052622532493]
    ],
    [
      [0.74425705725, 0.015562992573, 0.18105959915, 0.013490012228, 0.045630338793],
      [0.067230755066, 0.69781534787, 0.090902056763, 0.083389098584, 0.060662741714],
      [0.011739924717, 0.005435433675, 0.97980984483, 0.0002537272308, 0.0027610695493],
      [0.00056095227965, 0.018891429524, 0, 0.97849283395, 0.0020547842467],
      [0.21540592414, 0.17165084105, 0.35574943289, 0.18870637218, 0.068487429738]
    ],
    [
      [0.69267099851, 0.013862200188, 0.20352338168, 0.015764119623, 0.074179300001],
      [0.061686393582, 0.63580044231, 0.10033299295, 0.10267298935, 0.09950718181],
      [0.012085473181, 0.0052173691846, 0.97635116508, 0.0018464106562, 0.0044995819004],
      [0.00088575267906, 0.015223898834, 0, 0.98071640374, 0.0031739447477],
      [0.18540273028, 0.1432433698, 0.36539429035, 0.2035475129, 0.10241209668]
    ],
    [
      [0.69056508164, 0.017010659676, 0.21807596836, 0.010585449527, 0.063762840802],
      [0.074455220722, 0.71823816382, 0.098592645031, 0.034810475903, 0.07390349452],
      [0.0070000655716, 0.0064559953379, 0.98189269189, 0.00012447313601, 0.0045267740605],
      [0.0012194173838, 0.026330254816, 0, 0.96898274682, 0.0034675809832],
      [0.18209844754, 0.18530379423, 0.4102413851, 0.13363801819, 0.088718354947]
    ],
    [
      [0.63827551281, 0.017259920526, 0.26975599524, 0.035549674997, 0.039158896424],
      [0.042259051305, 0.64803805742, 0.10666778969, 0.16479757977, 0.038237521818],
      [0.0087602214328, 0.001589448046, 0.98577838734, 0.0036514368299, 0.0002205063517],
      [9.2802195042e-05, 0.0078028753422, 0, 0.99197082022, 0.00013350224451],
      [0.1312935317, 0.14460365569, 0.36819226394, 0.32293801748, 0.03297253119]
    ],
    [
      [0.72622965099, 0.018515272632, 0.11581190786, 0.025620715711, 0.1138224528],
      [0.047943370278, 0.67521720191, 0.047718025288, 0.11630775711, 0.11281364541],
      [0.018748736296, 0.0027648330739, 0.97064785608, 0.0012844793328, 0.0065540952163],
      [7.5762564637e-05, 0.013142138587, 0.00052766386658, 0.98484324158, 0.0014111934057],
      [0.18056479704, 0.1878685052, 0.20033482584, 0.28514823185, 0.14608364008]
    ],
    [
      [0.71720891366, 0.017323431867, 0.079857072514, 0.045954949969, 0.13965563199],
      [0.043944695302, 0.58430536496, 0.028473258908, 0.21707163723, 0.1262050436],
      [0.030398387569, 0.0039856178823, 0.94889694733, 0.0060002798327, 0.010718767391],
      [8.3242730118e-05, 0.0066887562725, 5.2223205684e-06, 0.99283198135, 0.00039079732819],
      [0.14252790718, 0.14231440735, 0.10659278902, 0.46600064781, 0.14256424864]
    ],
    [
      [0.5123503838, 0.030345970943, 0.072535136123, 0.044009957968, 0.34075855117],
      [0.046756863256, 0.65653886983, 0.033450917717, 0.14270786983, 0.12054547936],
