{
  "X": [
    [38, 14, 48],
    [46, 15, 39],
    [39, 20, 41],
    [54, 16, 30],
    [45, 19, 36],
    [48, 12, 40],
    [27, 47, 26],
    [20, 49, 31],
    [27, 49, 24],
    [20, 49, 31],
    [26, 50, 24],
    [23, 48, 29],
    [27, 36, 37],
    [37, 22, 41],
    [33, 36, 31],
    [32, 25, 43],
    [33, 23, 44],
    [27, 36, 37],
    [28, 29, 43],
    [28, 23, 49],
    [38, 24, 38],
    [33, 35, 32],
    [33, 33, 34],
    [24, 32, 44],
    [41, 26, 33],
    [19, 29, 52],
    [21, 25, 54],
    [26, 35, 39],
    [29, 24, 47],
    [22, 27, 51],
    [30, 35, 35],
    [31, 49, 20],
    [23, 62, 15],
    [25, 63, 12],
    [24, 56, 20],
    [19, 61, 20],
    [24, 58, 18],
    [36, 45, 19],
    [39, 45, 16],
    [40, 45, 15],
    [37, 45, 18],
    [46, 31, 23],
    [48, 39, 13],
    [46, 35, 19],
    [41, 19, 40],
    [36, 26, 38],
    [49, 21, 30],
    [33, 32, 35],
    [34, 27, 39],
    [40, 26, 34]
  ],
  "W": [
    [57, 7, 3, 10, 10, 3, 6, 4],
    [55, 9, 7, 7, 3, 4, 7, 8],
    [50, 4, 12, 8, 6, 8, 5, 7],
    [53, 9, 8, 6, 4, 5, 2, 13],
    [61, 6, 7, 5, 4, 8, 5, 4],
    [54, 7, 9, 10, 5, 7, 3, 5],
    [13, 41, 13, 7, 7, 8, 5, 6],
    [9, 55, 6, 8, 7, 3, 5, 7],
    [6, 52, 7, 10, 7, 3, 7, 8],
    [6, 62, 3, 4, 2, 8, 6, 9],
    [4, 51, 7, 6, 4, 9, 14, 5],
    [11, 55, 5, 5, 7, 6, 5, 6],
    [7, 26, 34, 5, 11, 5, 6, 6],
    [7, 3, 62, 8, 4, 6, 5, 5],
    [5, 11, 53, 4, 4, 8, 7, 8],
    [6, 8, 54, 6, 5, 5, 10, 6],
    [4, 5, 59, 12, 7, 3, 6, 4],
    [7, 9, 53, 5, 7, 9, 6, 4],
    [7, 11, 34, 22, 5, 12, 3, 6],
    [8, 2, 3, 59, 11, 4, 5, 8],
    [8, 7, 6, 48, 7, 6, 10, 8],
    [11, 7, 7, 50, 13, 2, 7, 3],
    [5, 6, 5, 56, 9, 2, 11, 6],
    [4, 7, 6, 51, 7, 8, 7, 10],
    [8, 3, 8, 57, 2, 4, 9, 9],
    [4, 10, 10, 2, 60, 4, 5, 5],
    [3, 5, 9, 6, 59, 5, 6, 7],
    [3, 7, 4, 9, 59, 6, 8, 4],
    [11, 4, 5, 8, 56, 7, 4, 5],
    [5, 4, 3, 6, 63, 6, 5, 8],
    [3, 6, 4, 4, 57, 9, 9, 8],
    [7, 7, 7, 7, 15, 43, 3, 11],
    [5, 5, 3, 7, 4, 69, 3, 4],
    [6, 11, 5, 5, 2, 58, 7, 6],
    [5, 10, 6, 7, 6, 55, 5, 6],
    [10, 5, 8, 8, 6, 53, 4, 6],
    [5, 2, 9, 6, 3, 61, 6, 8],
    [5, 7, 5, 12, 4, 33, 26, 8],
    [4, 5, 2, 6, 5, 7, 65, 6],
    [9, 5, 6, 2, 7, 11, 54, 6],
    [12, 4, 7, 4, 5, 4, 60, 4],
    [6, 6, 5, 7, 6, 4, 61, 5],
    [10, 8, 9, 10, 5, 3, 52, 3],
    [4, 7, 9, 6, 6, 4, 48, 16],
    [10, 5, 4, 6, 5, 4, 5, 61],
    [5, 9, 7, 8, 5, 6, 4, 56],
    [7, 9, 3, 7, 7, 5, 7, 55],
    [8, 8, 8, 2, 4, 8, 4, 58],
    [5, 10, 9, 6, 7, 8, 5, 50],
    [7, 3, 7, 5, 11, 6, 7, 54]
  ],
  "method": "mcmc",
  "mcmc_stepsize": 3000,
  "mcmc_samples": 100,
  "burn_in": 10000,
  "cond_prob": [
    [
      [0.41512660139, 0.12087436024, 0.46399903836],
      [0.53522057455, 0.055165132241, 0.4096142932],
      [0.28245198176, 0.27640388034, 0.44114413789],
      [0.28961192847, 0.29680048088, 0.41358759065],
      [0.29711677699, 0.25057734706, 0.45230587595],
      [0.37410924247, 0.064693710291, 0.56119704724],
      [0.31970153806, 0.03268311365, 0.64761534829],
      [0.20901493573, 0.007708951798, 0.78327611247]
    ],
    [
      [0.48231961191, 0.13828462187, 0.37939576623],
      [0.54045328238, 0.12547020193, 0.33407651569],
      [0.53427756148, 0.1797730019, 0.28594943662],
      [0.42797701174, 0.26693592865, 0.30508705961],
      [0.29076822565, 0.2918119198, 0.41741985455],
      [0.28142964914, 0.033116386877, 0.68545396398],
      [0.42850207819, 0.12543540276, 0.44606251904],
      [0.35937774629, 0.15652529249, 0.48409696122]
    ],
    [
      [0.40571120524, 0.19620783473, 0.39808096004],
      [0.72958780805, 0.012351803865, 0.25806038809],
      [0.41180341169, 0.25205636753, 0.33614022078],
      [0.3688745233, 0.24561928297, 0.38550619373],
      [0.31885856524, 0.3320363728, 0.34910506196],
      [0.36411428442, 0.13998057473, 0.49590514085],
      [0.2137004529, 0.20473068097, 0.58156886614],
      [0.28698334973, 0.14497916208, 0.56803748819]
    ],
    [
      [0.5769206902, 0.15107840207, 0.27200090773],
      [0.55083424407, 0.2018793027, 0.24728645323],
      [0.50170046882, 0.25118019244, 0.24711933874],
      [0.54145043246, 0.28873217875, 0.16981738879],
      [0.45513582512, 0.053213527519, 0.49165064736],
      [0.39832003199, 0.036626289906, 0.56505367811],
      [0.43819775801, 0.011533138867, 0.55026910312],
      [0.50114230009, 0.15500342435, 0.34385427557]
    ],
    [
      [0.47582488889, 0.17964451302, 0.34453059809],
      [0.4582468181, 0.16684681498, 0.37490636692],
      [0.54993976504, 0.16671876373, 0.28334147122],
      [0.40537983824, 0.36651109088, 0.22810907088],
      [0.2445895559, 0.4278687487, 0.3275416954],
      [0.38841907932, 0.24980340481, 0.36177751587],
      [0.40149972409, 0.030675786565, 0.56782448935],
      [0.31387846095, 0.044433962388, 0.64168757666]
    ],
    [
      [0.50437462141, 0.10863361812, 0.38699176047],
      [0.69332563452, 0.019900593212, 0.28677377226],
      [0.44389880086, 0.22292074938, 0.33318044977],
      [0.40499960526, 0.185652431, 0.40934796374],
      [0.37359115216, 0.19958239115, 0.42682645669],
      [0.42632665019, 0.14247175262, 0.4312015972],
      [0.33356588511, 0.004145934915, 0.66228817998],
      [0.40249315493, 0.024803477176, 0.5727033679]
    ],
    [
      [0.30815424228, 0.46011038596, 0.23173537176],
      [0.29144248424, 0.46493592364, 0.24362159212],
      [0.30662953981, 0.46066876081, 0.23270169938],
      [0.28822921593, 0.56776436435, 0.14400641972],
      [0.14251302685, 0.71050920549, 0.14697776766],
      [0.25003604587, 0.37911921158, 0.37084474255],
      [0.2028229213, 0.39865277402, 0.39852430468],
      [0.17151171771, 0.33222761184, 0.49626067044]
    ],
    [
      [0.33316072941, 0.44475543244, 0.22208383815],
      [0.2174736443, 0.47439781834, 0.30812853735],
      [0.16670206682, 0.65724583852, 0.17605209465],
      [0.12635503262, 0.62101201475, 0.25263295263],
      [0.13942741313, 0.56903404578, 0.29153854109],
      [0.0070792797221, 0.34499639353, 0.64792432675],
      [0.20283328431, 0.39951899473, 0.39764772096],
      [0.145436312, 0.42541821078, 0.42914547722]
    ],
    [
      [0.4993741347, 0.33343635017, 0.16718951512],
      [0.28819228661, 0.48096151766, 0.23084619572],
      [0.42797409492, 0.4290087543, 0.14301715078],
      [0.20111797626, 0.5989547747, 0.19992724904],
      [0.14263262518, 0.71383447155, 0.14353290327],
      [8.224319578e-05, 0.66554027741, 0.3343774794],
      [0.14429804787, 0.42789590616, 0.42780604597],
      [0.25024955248, 0.37600505964, 0.37374538788]
    ],
    [
      [0.48189441989, 0.34023396551, 0.1778716146],
      [0.20831171289, 0.48698792094, 0.30470036617],
      [0.33768988427, 0.65466975265, 0.0076403630807],
      [0.011330045673, 0.7236811629, 0.26498879143],
      [0.013595134301, 0.96532710182, 0.021077763876],
      [0.12769576269, 0.50316617592, 0.36913806139],
      [0.17642561426, 0.34154574614, 0.4820286396],
      [0.11417859893, 0.43348367905, 0.45233772202]
    ],
    [
      [0.49731653288, 0.49703092734, 0.0056525397867],
      [0.2741754003, 0.49039518576, 0.23542941394],
      [0.28394494849, 0.56911670912, 0.14693834239],
      [0.17051805969, 0.65903634331, 0.17044559701],
      [0.24924099056, 0.49832050722, 0.25243850223],
      [0.21964898035, 0.45149704126, 0.3288539784],
      [0.21513126021, 0.50246524588, 0.28240349391],
      [0.20628460549, 0.39448359015, 0.39923180436]
    ],
    [
      [0.27267340061, 0.45465642872, 0.27267017067],
      [0.25439211675, 0.47293235717, 0.27267552607],
      [0.20084803899, 0.59902794033, 0.20012402068],
      [0.19965899472, 0.59979025875, 0.20055074653],
      [0.14282164884, 0.57103854252, 0.28613980864],
      [0.166249042, 0.4999522136, 0.3337987444],
      [0.20114848377, 0.39887687073, 0.3999746455],
      [0.16725046508, 0.33367353524, 0.49907599968]
    ],
    [
      [0.42877261878, 0.28549260232, 0.2857347789],
      [0.30759203194, 0.34627138061, 0.34613658744],
      [0.29411010626, 0.35299951371, 0.35289038004],
      [0.19988888663, 0.59974592689, 0.20036518648],
      [0.18183231953, 0.45432524745, 0.36384243302],
      [0.19994850338, 0.20050565132, 0.5995458453],
      [0.16696714988, 0.33313609009, 0.49989676002],
      [0.1667183102, 0.33314337803, 0.50013831177]
    ],
    [
      [0.57812294876, 0.1276475096, 0.29422954164],
      [0.63281941218, 0.037393004063, 0.32978758375],
      [0.38221403317, 0.21199290224, 0.40579306459],
      [0.26532673975, 0.33796634465, 0.3967069156],
      [0.26105726685, 0.49241935356, 0.24652337959],
      [0.35746802521, 0.19454973456, 0.44798224023],
      [0.20326943241, 0.18723458927, 0.60949597832],
      [0.20588255338, 0.21476979126, 0.57934765535]
    ],
    [
      [0.59961705963, 0.20030934593, 0.20007359444],
      [0.45422990718, 0.27285333131, 0.27291676151],
      [0.32085583622, 0.37724168513, 0.30190247864],
      [0.25025771065, 0.4995272857, 0.25021500365],
      [0.24985817516, 0.49953283188, 0.25060899296],
      [0.24975993119, 0.50005354118, 0.25018652763],
      [0.28582663218, 0.28607589197, 0.42809747585],
      [0.25008712313, 0.25050715878, 0.49940571809]
    ],
    [
      [0.49949472786, 0.1668458447, 0.33365942744],
      [0.37563715155, 0.24935654312, 0.37500630533],
      [0.33327188301, 0.24091039715, 0.42581771983],
      [0.33272013699, 0.33320093945, 0.33407892356],
      [0.199920634, 0.39926874062, 0.40081062538],
      [0.199832261, 0.40000161724, 0.40016612176],
      [0.30065722528, 0.19975957318, 0.49958320154],
      [0.16659919802, 0.16695966378, 0.6664411382]
    ],
    [
      [0.72991148275, 0.018298722885, 0.25178979437],
      [0.4077095449, 0.19478909171, 0.39750136339],
      [0.35643632742, 0.21999922438, 0.42356444819],
      [0.25286632432, 0.32967984546, 0.41745383022],
      [0.27986321528, 0.28495323026, 0.43518355445],
      [0.0070335509412, 0.64798794881, 0.34497850025],
      [0.17093309498, 0.16428970728, 0.66477719774],
      [0.24298135123, 0.023093140939, 0.73392550783]
    ],
    [
      [0.43018133695, 0.28414526574, 0.28567339731],
      [0.3306759459, 0.33466423682, 0.33465981728],
      [0.28215578435, 0.35912300043, 0.35872121522],
      [0.20248619018, 0.59481850368, 0.20269530615],
      [0.14293723727, 0.42485766643, 0.4322050963],
      [0.22209702749, 0.33639322988, 0.44150974263],
      [0.17067477348, 0.33320175616, 0.49612347037],
      [0.25561926443, 0.24766004911, 0.49672068646]
    ],
    [
      [0.28643856846, 0.28497958183, 0.42858184971],
      [0.36341385993, 0.27234623759, 0.36423990248],
      [0.32328730598, 0.26506283309, 0.41164986093],
      [0.27241484866, 0.31827610001, 0.40930905133],
      [0.19997738306, 0.40006164185, 0.39996097509],
      [0.25018775257, 0.33311737736, 0.41669487006],
      [0.0018423200392, 0.33244594099, 0.66571173897],
      [0.16746926355, 0.16667820462, 0.66585253183]
    ],
    [
      [0.48809839274, 0.13062307059, 0.38127853666],
      [0.51077915134, 0.44882376614, 0.040397082521],
      [0.052195896635, 0.6147106061, 0.33309349726],
      [0.26863806674, 0.25225586489, 0.47910606837],
      [0.26676545296, 0.19317518294, 0.5400593641],
      [0.24885099983, 0.049579991136, 0.70156900904],
      [0.22899022695, 0.200859494, 0.57015027905],
      [0.24908072642, 0.12532445117, 0.62559482241]
    ],
    [
      [0.49988897098, 0.12516185821, 0.37494917081],
      [0.57147268626, 0.1429576722, 0.28556964154],
      [0.33327503469, 0.33332022362, 0.33340474169],
      [0.37500339107, 0.24996508246, 0.37503152647],
      [0.28570971961, 0.42827755067, 0.28601272972],
      [0.33354217717, 0.33338223933, 0.3330755835],
      [0.30017855381, 0.20001356653, 0.49980787966],
      [0.37471997628, 0.12517302168, 0.50010700204]
    ],
    [
      [0.45463730085, 0.27338719948, 0.27197549967],
      [0.42810584217, 0.28719802929, 0.28469612854],
      [0.4275051704, 0.28573455764, 0.28676027196],
      [0.31990828005, 0.35991636639, 0.32017535356],
      [0.30726001984, 0.38452196828, 0.30821801188],
      [0.0038315077314, 0.99362787349, 0.0025406187794],
      [0.28616830079, 0.28608167129, 0.42775002792],
      [0.0030257403684, 0.33259378134, 0.6643804783]
    ],
    [
      [0.59193980316, 0.20254305014, 0.2055171467],
      [0.49886533307, 0.16661001662, 0.33452465031],
      [0.59289319608, 0.20268857788, 0.20441822604],
      [0.32183473341, 0.33929398535, 0.33887128124],
      [0.22252629375, 0.4420319962, 0.33544171005],
      [0.0084699627092, 0.98744689402, 0.0040831432692],
      [0.27505317763, 0.36395037792, 0.36099644444],
      [0.16910606858, 0.16951377826, 0.66138015315]
    ],
    [
      [0.49939676003, 0.24989728878, 0.25070595119],
      [0.28588594083, 0.28588860805, 0.42822545112],
      [0.4997608923, 0.16699305934, 0.33324604836],
      [0.23525883567, 0.33334726443, 0.43139389989],
      [0.14295736853, 0.42809871101, 0.42894392047],
      [0.12552675575, 0.37494193004, 0.49953131421],
      [0.14316818642, 0.28580321385, 0.57102859973],
      [0.19973524703, 0.29996728321, 0.50029746976]
    ],
    [
      [0.5034108185, 0.23826727818, 0.25832190332],
      [0.98052899862, 0.015010676576, 0.004460324807],
      [0.48854548882, 0.2510217721, 0.26043273908],
      [0.40292777052, 0.27965700941, 0.31741522008],
      [0.037211448633, 0.48246005928, 0.48032849209],
      [0.25032777526, 0.26188918209, 0.48778304265],
      [0.3462771762, 0.22321762235, 0.43050520145],
      [0.32929456023, 0.2309745093, 0.43973093047]
    ],
    [
      [0.24972727945, 0.24681096613, 0.50346175443],
      [0.30036594335, 0.22247392589, 0.47716013075],
      [0.28545284618, 0.21055688312, 0.50399027071],
      [0.46403329371, 0.015347470183, 0.52061923611],
      [0.18139983381, 0.2977943816, 0.52080578459],
      [0.022716389655, 0.48562404332, 0.49165956703],
      [0.044036777276, 0.56997274503, 0.3859904777],
      [0.0039593851425, 0.1983460621, 0.79769455276]
    ],
    [
      [0.66245923979, 0.0078594795783, 0.32968128063],
      [0.39761602146, 0.19957290929, 0.40281106925],
      [0.11331913, 0.43976049888, 0.44692037113],
      [0.16672478491, 0.3353055743, 0.49796964079],
      [0.20247507652, 0.25346940745, 0.54405551603],
      [0.1981084923, 0.20888524445, 0.59300626325],
      [0.17528572127, 0.16689841465, 0.65781586408],
      [0.14514785573, 0.1440524756, 0.71079966867]
    ],
    [
      [0.33351156241, 0.32939194262, 0.33709649497],
      [0.42678208963, 0.28835017693, 0.28486773344],
      [0.25027724035, 0.49525326497, 0.25446949468],
      [0.22506162634, 0.44289808255, 0.33204029111],
      [0.2534478415, 0.35573366091, 0.39081849759],
      [0.16518106319, 0.33704946959, 0.49776946722],
      [0.25349347738, 0.25172948746, 0.49477703516],
      [0.25321756004, 0.25046460493, 0.49631783503]
    ],
    [
      [0.3638553405, 0.18131071819, 0.45483394132],
      [0.50069715954, 0.24823634007, 0.2510665004],
      [0.20241466175, 0.39766085727, 0.39992448098],
      [0.24984477666, 0.37428617008, 0.37586905327],
      [0.28493795321, 0.24896936609, 0.46609268069],
      [0.28183163199, 0.15011201901, 0.56805634901],
      [0.25803173743, 0.0032406951051, 0.73872756746],
      [0.20449946815, 0.20480233563, 0.59069819621]
    ],
    [
      [0.39976609437, 0.20062995142, 0.39960395421],
      [0.25065013212, 0.24977763588, 0.49957223199],
      [0.66461974957, 0.002027833822, 0.33335241661],
      [0.1669089122, 0.33304699541, 0.50004409238],
      [0.2063109251, 0.28550206874, 0.50818700616],
      [0.1666390677, 0.33382739099, 0.4995335413],
      [0.20105780969, 0.19988890174, 0.59905328857],
      [0.12506806768, 0.25054188002, 0.6243900523]
    ],
    [
      [0.33297760699, 0.3306282896, 0.33639410342],
      [0.33553486954, 0.33281728713, 0.33164784333],
      [0.4993795869, 0.24834658312, 0.25227382998],
      [0.49566348427, 0.25440613224, 0.24993038349],
      [0.29769308671, 0.36900077442, 0.33330613888],
      [0.22328956901, 0.44243706565, 0.33427336534],
      [0.22575380306, 0.33091158411, 0.44333461283],
      [0.24972367326, 0.25087731969, 0.49939900706]
    ],
    [
      [0.43411879737, 0.42000571677, 0.14587548586],
      [0.43094847038, 0.42871145018, 0.14034007944],
      [0.42825564718, 0.4313053637, 0.14043898912],
      [0.28596193829, 0.56331973288, 0.15071832883],
      [0.26676212819, 0.53456856804, 0.19866930377],
      [0.29957970243, 0.51404341683, 0.18637688074],
      [0.014053995769, 0.33276329266, 0.65318271157],
      [0.27449862844, 0.45235625756, 0.273145114]
    ],
    [
      [0.52539697167, 0.4541601683, 0.020442860026],
      [0.2599687713, 0.57066517663, 0.16936605207],
      [0.60734616273, 0.36749238321, 0.025161454057],
      [0.18123801221, 0.4735339134, 0.34522807439],
      [0.18167207161, 0.61895781967, 0.19937010873],
      [0.20621307186, 0.67283774572, 0.12094918243],
      [0.27181872198, 0.34559515835, 0.38258611967],
      [0.052905075253, 0.63005938091, 0.31703554384]
    ],
    [
      [0.49649392595, 0.49396651306, 0.0095395609941],
      [0.36623526406, 0.54170362288, 0.092061113059],
      [0.19876971095, 0.78707823322, 0.01415205583],
      [0.19187385001, 0.77735031396, 0.030775836028],
      [0.0077028750969, 0.9890318842, 0.0032652407026],
      [0.23958638312, 0.64292958355, 0.11748403333],
      [0.15878967674, 0.55993563006, 0.2812746932],
      [0.16938117111, 0.51129821824, 0.31932061065]
    ],
    [
      [0.40104705434, 0.39931346534, 0.19963948032],
      [0.30020957232, 0.49987009873, 0.19992032895],
      [0.33352310221, 0.49992081584, 0.16655608196],
      [0.143591132, 0.71286963283, 0.14353923518],
      [0.16664782736, 0.6655228511, 0.16782932154],
      [0.23605910085, 0.56417235924, 0.19976853991],
      [0.20081290922, 0.59919421377, 0.19999287701],
      [0.16653173517, 0.49942190459, 0.33404636025]
    ],
    [
      [0.20143137426, 0.59783944731, 0.20072917843],
      [0.20065253432, 0.59945598214, 0.19989148354],
      [0.37366746403, 0.49885318227, 0.1274793537],
      [0.12437562291, 0.75013671367, 0.12548766342],
      [0.1678750034, 0.66345582784, 0.16866916877],
      [0.18831792651, 0.62348682043, 0.18819525306],
      [0.0014629771871, 0.50217745155, 0.49635957126],
      [0.16735447601, 0.49969336543, 0.33295215856]
    ],
    [
      [0.5872702775, 0.40929740475, 0.0034323177518],
      [0.49570398778, 0.49305202316, 0.011243989057],
      [0.33256740695, 0.54901009992, 0.11842249313],
      [0.16878143796, 0.66265887844, 0.1685596836],
      [0.014169728522, 0.97960101634, 0.0062292551398],
      [0.22847710306, 0.59145917153, 0.18006372542],
      [0.16912622715, 0.50800528212, 0.32286849073],
      [0.13400943897, 0.4980650694, 0.36792549163]
    ],
    [
      [0.60070054577, 0.39890114984, 0.00039830438807],
      [0.42883006073, 0.42798738739, 0.14318255188],
      [0.59851532447, 0.40037088565, 0.0011137898777],
      [0.33405471824, 0.49945909099, 0.16648619076],
      [0.25005915788, 0.74819489571, 0.001745946407],
      [0.3328023131, 0.45537464933, 0.21182303757],
      [0.34630434346, 0.42294396969, 0.23075168685],
      [0.25085346386, 0.37469159952, 0.37445493661]
    ],
    [
      [0.7085311929, 0.26079621387, 0.030672593228],
      [0.56106117024, 0.4183696982, 0.020569131555],
      [0.47902518712, 0.48973870203, 0.031236110851],
      [0.34908522571, 0.62800511324, 0.022909661056],
      [0.21074531826, 0.59848209101, 0.19077259073],
      [0.2751706658, 0.4376633588, 0.2871659754],
      [0.389717925, 0.44544773913, 0.16483433587],
      [0.33273687866, 0.35121692668, 0.31604619466]
    ],
    [
      [0.44542232193, 0.44098736668, 0.11359031139],
      [0.59041913402, 0.40863590274, 0.00094496324663],
      [0.65317071507, 0.33436888604, 0.012460398884],
      [0.012644260013, 0.98623501876, 0.0011207212315],
      [0.29611811337, 0.56458544044, 0.13929644619],
      [0.35612819438, 0.46447409956, 0.17939770606],
      [0.39041516055, 0.44347172075, 0.1661131187],
      [0.33702250343, 0.33341078897, 0.32956670759]
    ],
    [
      [0.45814168176, 0.3295041261, 0.21235419215],
      [0.4585983263, 0.40033897099, 0.14106270271],
      [0.27895831915, 0.42460451791, 0.29643716293],
      [0.38492030045, 0.59605693075, 0.019022768798],
      [0.42119085873, 0.57191429626, 0.006894845012],
      [0.12019827964, 0.52657737028, 0.35322435009],
      [0.36754334949, 0.46764016551, 0.164816485],
      [0.38404217407, 0.2659610903, 0.34999673563]
    ],
    [
      [0.66527860531, 0.16722784618, 0.16749354851],
      [0.66470128951, 0.16832304182, 0.16697566867],
      [0.39992791882, 0.39975573777, 0.2003163434],
      [0.42779832567, 0.42821728203, 0.1439843923],
      [0.33215371319, 0.50107490721, 0.1667713796],
      [0.25160567387, 0.49689289406, 0.25150143206],
      [0.45931139553, 0.29489558674, 0.24579301773],
      [0.40171053104, 0.20154863965, 0.39674082931]
    ],
    [
      [0.59988214042, 0.30025223014, 0.099865629447],
      [0.49931008701, 0.37569567226, 0.12499424073],
      [0.55490308853, 0.33306681511, 0.11203009636],
      [0.49763398242, 0.40140175115, 0.10096426643],
      [0.39931328423, 0.60058231788, 0.0001043978824],
      [0.33486055292, 0.6616567878, 0.0034826592882],
      [0.4620999461, 0.38441285437, 0.15348719953],
      [0.33529500064, 0.33431436429, 0.33039063507]
    ],
    [
      [0.74914343315, 0.25006183497, 0.00079473187608],
      [0.57119348527, 0.28616353586, 0.14264297887],
      [0.55561452511, 0.33323971152, 0.11114576337],
      [0.33305368565, 0.499655349, 0.16729096535],
      [0.3332094259, 0.50003872234, 0.16675185176],
      [0.24989461349, 0.50011429641, 0.2499910901],
      [0.45845219927, 0.33332685452, 0.20822094621],
      [0.43760490352, 0.31244624217, 0.24994885431]
    ],
    [
      [0.53839555947, 0.10163120407, 0.35997323645],
      [0.59283391168, 0.016189191678, 0.39097689664],
      [0.25482329701, 0.43556954334, 0.30960715965],
      [0.32185536504, 0.33370205537, 0.3444425796],
      [0.43203693194, 0.16652547414, 0.40143759391],
      [0.21295723801, 0.48239001344, 0.30465274855],
      [0.44098116351, 0.014670074026, 0.54434876247],
      [0.40138573835, 0.18561825739, 0.41299600426]
    ],
    [
      [0.59456449301, 0.20061044855, 0.20482505844],
      [0.44122128352, 0.22608808786, 0.33269062862],
      [0.42954721136, 0.27859167444, 0.2918611142],
      [0.26481496008, 0.36486839076, 0.37031664916],
      [0.20964218345, 0.38231350931, 0.40804430724],
      [0.32987831426, 0.18420362284, 0.4859180629],
      [0.25550399977, 0.24830169659, 0.49619430365],
      [0.35502391109, 0.25148339374, 0.39349269517]
    ],
    [
      [0.57184569676, 0.14302978473, 0.28512451851],
      [0.6660629773, 0.11166729508, 0.22226972762],
      [0.66522745365, 0.33261224753, 0.0021602988234],
      [0.42930518752, 0.28526199952, 0.28543281296],
      [0.42865345938, 0.28528730089, 0.28605923973],
      [0.4000517662, 0.40009624743, 0.19985198637],
      [0.42891144114, 0.14318090328, 0.42790765557],
      [0.47269966398, 0.19998829901, 0.32731203701]
    ],
    [
      [0.49186441651, 0.23480828054, 0.27332730296],
      [0.47843634126, 0.28913768457, 0.23242597418],
      [0.26918271618, 0.46655718895, 0.26426009487],
      [0.020531460611, 0.90890291186, 0.070565627529],
      [0.27527184391, 0.24434616736, 0.48038198873],
      [0.23281011608, 0.29250596353, 0.47468392039],
      [0.26251588324, 0.27453338945, 0.46295072731],
      [0.32809374914, 0.30763108635, 0.36427516451]
    ],
    [
      [0.59780934857, 0.19748084251, 0.20470980892],
      [0.40386377268, 0.30080269201, 0.29533353531],
      [0.33525242922, 0.33142224934, 0.33332532144],
      [0.32844062439, 0.33546601675, 0.33609335886],
      [0.28756373892, 0.28191149524, 0.43052476583],
      [0.24774302502, 0.25781652179, 0.49444045319],
      [0.20201525517, 0.2044274168, 0.59355732803],
      [0.33958866545, 0.25901845596, 0.40139287859]
    ],
    [
      [0.57917840279, 0.1442496828, 0.27657191441],
      [0.64646023094, 0.017639227138, 0.33590054193],
      [0.4354743279, 0.28749784666, 0.27702782544],
      [0.40063595223, 0.40201382364, 0.19735022413],
      [0.35710233291, 0.36435034969, 0.2785473174],
      [0.32234029041, 0.34508284129, 0.3325768683],
      [0.29094610438, 0.15078466742, 0.5582692282],
      [0.38992741289, 0.2552025357, 0.35487005141]
    ]
  ],
  "expected_outcome": [
    [
      [23.6622162795, 26.5275786549, 20.2855602618, 30.5767965805, 29.0253182225, 27.236229556, 4.0060051496, 2.9984465647, 2.9962448082, 2.8913665193, 1.9892661315, 2.9994074067, 3.0014083315, 4.0468606413, 2.9980852981, 2.9969683671, 2.919645931, 3.0112693586, 2.0050699792, 3.904787142, 3.9991117678, 5.0010103094, 2.9596990158, 1.9975870401, 4.027286548, 0.99890911779, 1.9873777194, 1.0005346872, 4.0024087455, 1.9988304718, 0.99893282096, 3.0388315816, 2.6269848584, 2.9789635557, 2.0052352717, 2.0143137426, 2.9363513875, 3.0035027289, 2.8341247716, 4.0088008974, 5.4977001811, 3.9916716319, 5.9988214042, 2.9965737326, 5.3839555947, 2.9728224651, 4.0029198774, 3.9349153321, 2.9890467428, 4.0542488195],
      [6.8898385339, 7.6056542026, 9.8103917364, 8.0071553099, 10.958315294, 5.8662153784, 5.9814350175, 4.0027988919, 2.000618101, 2.0414037931, 1.9881237093, 5.0012207159, 1.9984482162, 0.8935325672, 1.0015467297, 1.0010750682, 0.07319489154, 1.9890168602, 1.9948570728, 1.0449845647, 1.0012948657, 3.0072591943, 1.0127152507, 0.99958915512, 1.9061382255, 0.98724386451, 0.023578438735, 0.98817582786, 1.9944179, 1.0031497571, 0.99188486879, 2.9400400174, 2.2708008415, 2.9637990783, 1.9965673267, 5.9783944731, 2.0464870238, 1.9945057492, 1.0431848555, 3.9688863001, 3.9540495132, 1.0033670771, 3.0025223014, 1.0002473399, 1.0163120407, 1.0030522428, 1.0012084931, 1.8784662443, 0.98740421254, 1.0097477796],
      [26.4479451866, 20.8667671425, 19.9040480018, 14.4160481096, 21.0163664835, 20.8975550656, 3.0125598329, 1.9987545434, 1.0031370907, 1.0672296876, 0.022610159147, 2.9993718774, 2.0001434523, 2.0596067915, 1.0003679722, 2.0019565646, 1.0071591775, 1.9997137812, 3.0000729479, 3.0502282933, 2.9995933665, 2.9917304963, 1.0275857335, 1.0028238048, 2.0665752265, 2.0138470177, 0.98904384189, 1.0112894849, 5.0031733545, 1.9980197711, 1.0091823103, 1.021128401, 0.10221430013, 0.057237365965, 0.99819740162, 2.0072917843, 0.017161588759, 0.0019915219403, 0.12269037291, 1.0223128025, 2.5482503058, 1.0049612911, 0.99865629447, 0.0031789275043, 3.5997323645, 1.0241252922, 1.9958716296, 2.1866184237, 1.0235490446, 1.9360034009]
    ],
    [
      [3.7465440219, 4.8640795414, 2.9183512322, 4.9575081966, 2.7494809086, 4.8532794417, 11.9491418537, 11.9610504368, 14.985998904, 12.9153261992, 13.9829454152, 13.9915664215, 7.9973928305, 1.8984582366, 4.996528979, 3.0050972124, 2.0385477245, 2.9760835131, 3.9975524592, 1.0215583027, 4.0003088038, 2.9967408952, 2.9931919984, 2.0012015858, 2.9415869959, 3.0036594335, 1.9880801073, 2.9874746274, 2.0027886381, 1.0026005285, 2.0132092173, 3.0166392926, 1.2998438565, 4.0285879047, 3.0020957232, 1.0032626716, 0.99140797556, 3.0018104251, 2.8053058512, 2.9520956701, 1.8343933052, 3.9882077371, 3.9944806961, 3.9983543969, 2.9641695584, 3.9709915517, 5.9945667957, 3.8274907301, 4.0386377268, 1.9393806928],
      [0.38615592569, 1.1292318173, 0.049407215459, 1.8169137243, 1.0010808899, 0.13930415248, 19.0623728693, 26.0918800088, 25.0099989185, 30.1932510981, 25.0101544737, 26.0112796445, 9.003055896, 0.11217901219, 3.0013866444, 1.9948523449, 0.97394545854, 3.0119781314, 2.9958086135, 0.89764753228, 1.0007037054, 2.010386205, 0.99966009972, 2.0012202564, 0.045032029729, 2.2247392589, 0.99786454644, 2.0184512385, 0.99294536027, 0.99911054353, 1.9969037228, 3.0009801513, 2.8533258832, 5.9587398517, 4.9987009873, 2.9972799107, 0.98610404633, 2.9959117117, 2.091848491, 2.0431795137, 1.601355884, 1.0099382509, 3.0055653781, 2.0031447511, 0.08094595839, 2.0347927907, 1.0050056558, 2.3131014765, 3.0080269201, 0.052917681415],
      [2.8673000524, 3.0066886412, 1.0322415524, 2.2255780791, 2.2494382015, 2.0074164059, 9.988485277, 16.9470695545, 12.0040021775, 18.8914227027, 12.0069001111, 14.9971539341, 8.9995512736, 0.98936275126, 3.0020843766, 3.0000504427, 1.987506817, 3.0119383555, 4.0066389273, 0.080794165041, 1.9989874908, 1.9928728998, 2.0071479019, 2.9975781578, 0.013380974421, 4.7716013075, 2.0140553463, 1.9940741341, 1.0042660016, 1.998288928, 1.98988706, 0.98238055611, 0.84683026034, 1.0126722436, 1.9992032895, 0.9994574177, 0.022487978113, 1.0022778632, 0.10284565778, 0.0047248162331, 0.56425081082, 1.001854012, 0.99995392584, 0.99850085208, 1.9548844832, 2.9942156576, 2.0004275486, 1.8594077934, 2.9533353531, 1.0077016258]
    ],
    [
      [0.84735594529, 3.7399429304, 4.9416409403, 4.0136037506, 3.8495783553, 3.9950892077, 3.9861840175, 1.0002124009, 2.9958186644, 1.0130696528, 1.9876146394, 1.004240195, 9.9997436127, 23.6972700565, 17.0053593198, 17.9966816826, 21.0297433181, 14.9542565705, 10.9917684033, 0.1565876899, 1.9996502081, 2.9925361928, 2.9644659804, 2.9985653538, 3.9083639106, 2.8545284618, 1.01987217, 1.0011089614, 1.0120733087, 1.9938592487, 1.9975183476, 2.9977895303, 1.8220384882, 0.99384855474, 2.0011386132, 2.9893397123, 2.9931066625, 2.9925766223, 0.95805037424, 3.9190242904, 1.9527082341, 1.9996395941, 4.9941277967, 5.000530726, 1.0192931881, 3.0068304795, 1.9956823609, 2.1534617294, 3.017271863, 3.0483202953],
      [0.82921164103, 1.2584110133, 3.0246764103, 2.0094415395, 1.1670313461, 2.0062867444, 5.9886938905, 3.9434750311, 3.0030612801, 1.964009258, 3.9838169638, 2.9951397016, 12.0019834661, 13.1435599391, 19.9938093121, 13.0091614464, 12.9799542386, 19.0335190227, 9.0121363251, 1.8441318183, 1.9999213417, 2.0001419035, 1.0134428894, 1.001958356, 2.0081741768, 2.1055688312, 3.9578444899, 1.9810130599, 1.9883042863, 0.0060835014659, 0.99338633246, 3.0191375459, 1.1024771496, 3.9353911661, 2.999524895, 3.9908254582, 4.9410908993, 2.0018544283, 0.97947740406, 2.0062133162, 2.9722316254, 1.9987786889, 2.997601336, 2.9991574037, 1.7422781734, 1.9501417211, 0.99783674259, 3.7324575116, 2.9828002441, 2.0124849266],
      [1.3234324137, 2.0016460564, 4.0336826494, 1.9769547099, 1.9833902986, 2.9986240479, 3.0251220919, 1.0563125679, 1.0011200555, 0.022921089242, 1.0285683967, 1.0006201034, 11.9982729212, 25.1591700043, 16.0008313681, 22.994156871, 24.9903024433, 19.0122244068, 13.9960952715, 0.99928049179, 2.0004284501, 2.0073219037, 1.0220911302, 1.9994762902, 2.0834619127, 5.0399027071, 4.0222833401, 1.0178779787, 1.9996224049, 1.0000572498, 1.0090953199, 0.98307292385, 0.07548436217, 0.070760279152, 0.99933649173, 1.0198348296, 1.0658024382, 0.0055689493884, 0.062472221703, 0.074762393303, 2.0750601405, 1.001581717, 1.0082708672, 1.0003118703, 1.2384286386, 2.0430277994, 0.0064808964702, 2.1140807589, 2.999927893, 1.9391947781]
    ],
    [
      [2.8961192847, 2.9958390822, 2.9509961864, 3.2487025948, 2.0268991912, 4.0499960526, 2.0176045115, 1.010840261, 2.0111797626, 0.045320182694, 1.0231083581, 0.9982949736, 0.99944443317, 2.122613918, 1.0010308426, 1.9963208219, 3.0343958918, 1.0124309509, 5.9931266706, 15.8496459375, 18.0001627716, 15.9954140026, 18.0227450708, 11.9982006193, 22.9668829195, 0.92806658742, 1.0003487095, 2.0255546371, 1.9987582133, 1.0014534732, 1.9826539371, 2.001733568, 1.2686660855, 0.95936925007, 1.005137924, 0.99500498326, 1.0126886278, 4.0086566189, 2.0945113542, 0.025288520026, 1.5396812018, 2.9945882797, 4.9763398242, 1.9983221139, 1.9311321902, 2.1185196807, 3.0051363127, 0.041062921223, 1.9706437463, 2.0031797611],
      [2.9680048088, 1.8685515006, 1.9649542638, 1.7323930725, 1.8325554544, 1.85652431, 3.9743505505, 4.968096118, 5.989547747, 2.8947246516, 3.9542180598, 2.9989512937, 2.9987296344, 2.7037307572, 1.9981091428, 1.9992056367, 3.9561581456, 2.9740925184, 7.0020742003, 14.8830960285, 11.9983239579, 17.9958183195, 19.0004631796, 17.0007104861, 15.9404495362, 0.030694940365, 2.0118334458, 3.9860827429, 2.9942893606, 1.9982819725, 1.017624529, 3.9432381302, 3.3147373938, 3.8867515698, 4.9900874298, 6.0010937094, 3.9759532706, 5.9935090919, 3.7680306794, 1.9724700375, 2.384227723, 2.9975209742, 4.0140175115, 2.997932094, 2.0022123322, 2.9189471261, 1.9968339966, 1.8178058237, 2.0127961005, 2.0100691182],
      [4.1358759065, 2.1356094172, 3.0840495499, 1.0189043327, 1.1405453544, 4.0934796374, 1.008044938, 2.021063621, 1.9992724904, 1.0599551657, 1.022673582, 1.0027537327, 1.0018259324, 3.1736553248, 1.0008600146, 2.0044735413, 5.0094459626, 1.0134765307, 9.0047991292, 28.2672580341, 18.0015132706, 16.0087676779, 18.9767917497, 22.0010888946, 18.0926675443, 1.0412384722, 2.9878178447, 2.98836262, 3.0069524261, 3.0002645543, 0.99972153396, 1.0550283018, 2.4165965207, 0.15387918014, 1.0047746462, 1.0039013073, 1.0113581016, 1.9978342891, 0.13745796634, 0.002241442463, 0.076091075193, 1.0078907461, 1.0096426643, 1.0037457921, 2.0666554776, 2.9625331933, 1.9980296907, 0.14113125506, 2.0165601532, 0.98675112064]
    ],
    [
      [2.9711677699, 0.87230467694, 1.9131513914, 1.8205433005, 0.97835822358, 1.8679557608, 0.99759118793, 0.97599189188, 0.99842837629, 0.027190268602, 0.99696396222, 0.9997515419, 2.0001555148, 1.0442290674, 0.99943270064, 0.99960317002, 1.959042507, 1.0005606609, 0.99988691532, 2.9344199825, 1.9999680373, 3.9943802579, 2.0027366438, 1.0007015797, 0.074422897265, 10.8839900288, 11.9460295146, 14.9534226485, 15.95652538, 12.9975882816, 16.9685059424, 4.0014319228, 0.72668828643, 0.015405750194, 0.99988696413, 1.0072500204, 0.042509185567, 1.0002366315, 1.0537265913, 2.0728267936, 2.1059542936, 1.9929222791, 1.9965664212, 1.9992565554, 2.1601846597, 1.0482109173, 3.0005742157, 1.1010873756, 2.0129461725, 3.928125662],
      [2.5057734706, 0.87543575939, 1.9922182368, 0.21285411008, 1.7114749948, 0.99791195575, 4.9735644384, 3.9832383205, 4.9968413008, 1.9306542036, 1.9932820289, 3.9972697976, 4.997577722, 1.9696774143, 1.9981313275, 1.9963437031, 1.9946726118, 2.974003665, 2.0003082092, 2.1249270124, 2.9979428547, 4.9987855877, 3.9782879658, 2.996690977, 0.96492011855, 17.8676628961, 14.9546950398, 20.9882859939, 13.9422845011, 17.9866303306, 21.0330441417, 8.0185285206, 2.4758312787, 1.9780637684, 3.9931371066, 3.980734967, 2.938803049, 2.9927795829, 2.992410455, 3.9520980831, 2.8595714813, 3.0064494433, 3.0029115894, 3.000232334, 0.83262737072, 1.9115675466, 1.9970111062, 0.97738466945, 1.9733804667, 4.0078538466],
      [4.5230587595, 1.2522595637, 2.0946303718, 1.9666025894, 1.3101667816, 2.1341322834, 1.0288443736, 2.0407697876, 1.0047303229, 0.042155527753, 1.0097540089, 2.0029786605, 4.0022667632, 0.98609351835, 1.0024359719, 2.0040531269, 3.0462848812, 3.0254356741, 1.9998048754, 5.9406530051, 2.002089108, 4.0068341544, 3.0189753904, 3.0026074433, 0.96065698418, 31.2483470751, 32.0992754455, 23.0582913576, 26.1011901189, 32.0157813878, 18.9984499159, 2.9800395566, 0.79748043491, 0.0065304814053, 1.0069759293, 1.0120150126, 0.018687765419, 0.0069837856278, 0.95386295365, 0.97507512334, 0.03447422506, 1.0006282776, 0.00052198941198, 1.0005111106, 2.0071879696, 2.0402215362, 2.0024146781, 1.9215279549, 3.0136733608, 3.0640204914]
    ],
    [
      [1.1223277274, 1.1257185966, 2.9129142754, 1.9916001599, 3.1073526346, 2.9842865513, 2.000288367, 0.021237839166, 0.00024672958734, 1.0215661015, 1.9768408231, 0.99749425203, 0.99974251688, 2.1448081512, 1.9980794495, 0.999161305, 0.021100652823, 1.9988732474, 3.0022530309, 0.99540399931, 2.001253063, 0.0076630154628, 0.016939925418, 1.004214046, 1.001311101, 0.09086555862, 0.9905424615, 0.99108637912, 1.9728214239, 0.99983440621, 2.0096061211, 12.8819272045, 14.2287019581, 13.8960102208, 12.9832505467, 9.9808501051, 13.9371032864, 10.9824763323, 1.9261946606, 3.9174101382, 0.48079311855, 1.0064226955, 1.0045816587, 0.99957845395, 0.85182895202, 1.9792698856, 2.000258831, 1.8624809287, 1.9819442001, 1.9340417425],
      [0.19408113087, 0.13246554751, 1.1198445979, 0.18313144953, 1.9984272384, 0.99730226831, 3.0329536926, 1.0349891806, 1.9966208322, 4.0253294073, 4.0634733713, 2.9997132816, 1.0025282566, 1.1672984074, 4.0004283295, 2.0000080862, 1.9439638464, 3.0275390689, 3.9974085283, 0.19831996454, 2.000293436, 1.987255747, 1.974893788, 2.9995354403, 1.0475567284, 1.9424961733, 1.0444262222, 2.0222968175, 1.050784133, 2.002964346, 3.9819335908, 22.1038669236, 46.4258044545, 37.2899158458, 31.0294797582, 33.0448014828, 36.0790094631, 15.027363428, 3.0636435116, 5.1092150952, 2.1063094811, 1.9875715762, 1.9849703634, 2.0004571857, 1.9295600538, 1.105221737, 2.0004812372, 2.3400477082, 2.0625321743, 2.0704970477],
      [1.6835911417, 2.7418158559, 3.9672411268, 2.8252683905, 2.894220127, 3.0184111804, 2.9667579404, 1.9437729803, 1.0031324382, 2.9531044911, 2.9596858056, 2.0027924664, 2.9977292265, 2.6878934414, 2.001492221, 2.0008306088, 1.0349355008, 3.9735876837, 5.0003384408, 2.8062760362, 1.998453501, 0.0050812375587, 0.0081662865383, 3.9962505137, 1.9511321706, 1.9666382681, 2.9650313163, 2.9866168033, 3.9763944431, 2.9972012478, 3.0084602881, 8.0142058718, 8.3454935874, 6.8140739334, 10.9872696951, 9.9743484121, 10.9838872504, 6.9901602398, 2.0101618278, 1.9733747666, 1.4128974003, 1.0060057283, 0.010447977865, 0.9999643604, 1.2186109942, 2.9155083774, 0.99925993186, 3.7974713631, 3.9555236256, 1.9954612098]
    ],
    [
      [1.9182092284, 2.9995145473, 1.0685022645, 0.87639551602, 2.0074986204, 1.0006976553, 1.0141146065, 1.0141664216, 1.0100863351, 1.0585536855, 3.0118376429, 1.0057424188, 1.0018028993, 1.0163471621, 2.0007864253, 3.0065722528, 1.0255985699, 1.0240486409, 0.0055269601177, 1.1449511348, 3.0017855381, 2.0031781055, 3.025584954, 1.002177305, 3.1164945858, 0.22018388638, 1.0517143276, 2.027947819, 1.0321269497, 1.0052890485, 2.0317842276, 0.042161987306, 0.81545616594, 1.1115277372, 1.0040645461, 0.0058519087483, 1.0147573629, 9.0039129301, 25.3316651248, 21.0824186697, 22.0526009694, 28.0179951274, 24.029197197, 22.0057055649, 2.2049058175, 1.0220159991, 3.002380088, 1.050063533, 1.0100762759, 2.0366227307],
      [0.1960986819, 0.87804781935, 1.0236534048, 0.023066277734, 0.15337893282, 0.012437804745, 1.9932638701, 1.9975949736, 2.9952713431, 2.0492744769, 7.0345134424, 1.9943843537, 1.9988165406, 0.93617294636, 2.0025312438, 1.9975957318, 0.98573824371, 1.9992105369, 0.99733782296, 1.00429747, 2.0001356653, 2.002571699, 4.0034541571, 2.0006224969, 2.0089586012, 2.8498637251, 1.0013904879, 2.0138358997, 0.01296278042, 0.9994445087, 2.978204257, 0.99828987799, 1.0367854751, 3.9195494105, 2.9959710689, 2.0087098062, 3.0480316927, 10.9965432119, 28.9541030434, 23.9474729204, 28.0584099309, 17.9886307911, 19.9894684273, 15.999689017, 0.073350370132, 0.99320678635, 1.002266323, 1.0981335578, 1.022137084, 1.055492672],
      [3.8856920897, 3.1224376333, 2.9078443307, 1.1005382062, 2.8391224467, 1.9868645399, 1.9926215234, 1.9882386048, 2.9946423218, 2.8921718376, 3.9536489148, 1.9998732275, 2.9993805601, 3.0474798916, 2.996682331, 4.9958320154, 3.9886631864, 2.9767408222, 1.9971352169, 2.8507513952, 4.9980787966, 2.9942501955, 3.9709608889, 3.9972001981, 3.8745468131, 1.9299523885, 3.9468951845, 3.9582162813, 2.9549102698, 2.9952664428, 3.9900115155, 1.9595481347, 1.147758359, 1.9689228524, 0.99996438505, 1.985438285, 1.9372109444, 5.9995438581, 10.7142318318, 8.97010841, 9.8889890998, 14.9933740814, 7.9813343756, 9.9946054181, 2.7217438123, 1.9847772146, 2.995353589, 1.8518029092, 2.9677866401, 3.9078845974]
    ],
    [
