{
  "X": [
    [39, 21, 40],
    [35, 23, 42],
    [39, 22, 39],
    [42, 20, 38],
    [45, 20, 35],
    [32, 24, 44],
    [49, 21, 30],
    [47, 27, 26],
    [64, 23, 13],
    [49, 25, 26],
    [41, 25, 34],
    [52, 24, 24],
    [38, 24, 38],
    [16, 21, 63],
    [17, 26, 57],
    [14, 30, 56],
    [15, 18, 67],
    [14, 34, 52],
    [24, 33, 43],
    [36, 35, 29],
    [31, 39, 30],
    [35, 40, 25],
    [40, 33, 27],
    [33, 40, 27],
    [38, 33, 29],
    [27, 39, 34],
    [18, 31, 51],
    [21, 34, 45],
    [22, 38, 40],
    [30, 28, 42],
    [30, 23, 47],
    [18, 40, 42],
    [28, 44, 28],
    [28, 38, 34],
    [27, 43, 30],
    [27, 43, 30],
    [26, 46, 28],
    [36, 36, 28],
    [54, 24, 22],
    [52, 21, 27],
    [48, 30, 22],
    [51, 29, 20],
    [52, 31, 17],
    [46, 21, 33],
    [34, 20, 46],
    [40, 21, 39],
    [35, 15, 50],
    [38, 31, 31],
    [36, 17, 47],
    [27, 20, 53]
  ],
  "W": [
    [57, 4, 4, 9, 8, 8, 5, 5],
    [54, 4, 7, 9, 7, 6, 4, 9],
    [59, 3, 8, 9, 5, 6, 6, 4],
    [55, 6, 6, 8, 8, 7, 5, 5],
    [56, 5, 7, 3, 10, 4, 9, 6],
    [48, 8, 7, 11, 7, 11, 4, 4],
    [25, 42, 8, 6, 7, 3, 6, 3],
    [9, 46, 10, 6, 3, 4, 10, 12],
    [4, 64, 3, 6, 7, 6, 2, 8],
    [3, 51, 9, 5, 9, 7, 7, 9],
    [11, 45, 8, 8, 13, 6, 6, 3],
    [9, 59, 1, 7, 6, 9, 5, 4],
    [7, 33, 28, 3, 9, 6, 9, 5],
    [6, 6, 57, 6, 3, 5, 8, 9],
    [7, 7, 54, 5, 7, 5, 9, 6],
    [7, 3, 58, 9, 6, 3, 7, 7],
    [8, 6, 55, 6, 9, 7, 2, 7],
    [6, 5, 66, 5, 8, 4, 3, 3],
    [5, 7, 47, 18, 3, 5, 7, 8],
    [9, 6, 6, 53, 5, 8, 7, 6],
    [4, 6, 4, 64, 4, 8, 5, 5],
    [8, 6, 6, 51, 6, 6, 8, 9],
    [12, 4, 6, 59, 7, 5, 4, 3],
    [6, 6, 7, 63, 5, 3, 5, 5],
    [7, 13, 7, 43, 5, 8, 10, 7],
    [2, 6, 6, 9, 59, 5, 7, 6],
    [6, 6, 7, 4, 64, 6, 2, 5],
    [5, 6, 5, 13, 53, 8, 3, 7],
    [7, 6, 5, 6, 50, 9, 9, 8],
    [2, 9, 2, 9, 58, 11, 3, 6],
    [8, 8, 6, 10, 53, 3, 6, 6],
    [7, 6, 7, 10, 15, 41, 5, 9],
    [4, 10, 5, 3, 8, 55, 9, 6],
    [8, 3, 7, 3, 9, 62, 2, 6],
    [3, 15, 8, 4, 6, 57, 1, 6],
    [11, 4, 5, 8, 4, 56, 6, 6],
    [7, 4, 9, 5, 5, 61, 4, 5],
    [3, 8, 6, 4, 5, 31, 35, 8],
    [3, 8, 3, 8, 5, 6, 63, 4],
    [6, 7, 9, 3, 6, 5, 58, 6],
    [6, 13, 5, 8, 5, 2, 55, 6],
    [3, 6, 8, 5, 8, 4, 61, 5],
    [6, 8, 4, 5, 4, 6, 63, 4],
    [9, 8, 7, 5, 6, 3, 44, 18],
    [7, 3, 5, 8, 5, 7, 7, 58],
    [8, 7, 8, 5, 2, 8, 8, 54],
    [6, 9, 4, 3, 8, 7, 6, 57],
    [7, 6, 7, 2, 7, 11, 6, 54],
    [4, 8, 5, 7, 8, 6, 3, 59],
    [5, 6, 3, 6, 5, 5, 6, 64]
  ],
  "method": "mcmc",
  "mcmc_stepsize": 3000,
  "mcmc_samples": 100,
  "burn_in": 10000,
  "cond_prob": [
    [
      [0.42055328367, 0.19318311786, 0.38626359847],
      [0.74850813847, 0.001042344958, 0.25044951657],
      [0.25400550527, 0.49390891731, 0.25208557742],
      [0.33443436386, 0.33252204138, 0.33304359476],
      [0.37261319074, 0.25132206376, 0.3760647455],
      [0.37124419805, 0.12747025839, 0.50128554356],
      [0.20851922026, 0.19769219544, 0.59378858429],
      [0.20300875394, 0.19945186117, 0.59753938489]
    ],
    [
      [0.37676688061, 0.21575642199, 0.4074766974],
      [0.5146587852, 0.23322313507, 0.25211807973],
      [0.27564276667, 0.43430586914, 0.29005136418],
      [0.31904493327, 0.3390724124, 0.34188265433],
      [0.26744610709, 0.16595553755, 0.56659835536],
      [0.330271263, 0.18831366597, 0.48141507103],
      [0.27282278006, 0.020969227052, 0.70620799289],
      [0.31666756582, 0.21655780108, 0.4667746331]
    ],
    [
      [0.40942212893, 0.20127461683, 0.38930325424],
      [0.65597788955, 0.004312743977, 0.33970936647],
      [0.48920112389, 0.13721676903, 0.37358210707],
      [0.33165780048, 0.3333675102, 0.33497468932],
      [0.19680743947, 0.59196302087, 0.21122953967],
      [0.3321361491, 0.33229520136, 0.33556864953],
      [0.33680187112, 0.16997863888, 0.49321949],
      [0.24499155262, 0.01008987133, 0.74491857605]
    ],
    [
      [0.43671911515, 0.19988313419, 0.36339775066],
      [0.50125915602, 0.16582036547, 0.33292047851],
      [0.49821906809, 0.16730817659, 0.33447275532],
      [0.37438531333, 0.25021046787, 0.3754042188],
      [0.37294084829, 0.25038214797, 0.37667700374],
      [0.28609751344, 0.14417939856, 0.569723088],
      [0.40108807577, 0.19859723048, 0.40031469375],
      [0.39936941122, 0.20013469968, 0.40049588909]
    ],
    [
      [0.46441529086, 0.19609849346, 0.33948621568],
      [0.59964503528, 0.19960446299, 0.20075050174],
      [0.56860695375, 0.1435564899, 0.28783655635],
      [0.33460017951, 0.33282012167, 0.33257969882],
      [0.39985090068, 0.29982474052, 0.30032435879],
      [0.25046143999, 0.25077208751, 0.4987664725],
      [0.4457727249, 0.11207319701, 0.44215407809],
      [0.33302667164, 0.16785195476, 0.4991213736]
    ],
    [
      [0.3343119224, 0.22874740079, 0.43694067681],
      [0.50005274435, 0.12519339875, 0.3747538569],
      [0.2840044914, 0.28729553701, 0.42869997159],
      [0.27215232493, 0.36501511933, 0.36283255573],
      [0.28269926408, 0.28471937842, 0.43258135749],
      [0.27235012583, 0.36217560647, 0.3654742677],
      [0.25071015482, 0.0031812389629, 0.74610860622],
      [0.24832797598, 0.00066255604398, 0.75100946798]
    ],
    [
      [0.51838384284, 0.20053252013, 0.28108363703],
      [0.52483587821, 0.18937091242, 0.28579320937],
      [0.62098507685, 0.12815954061, 0.25085538254],
      [0.33852467822, 0.49518736275, 0.16628795903],
      [0.42401190719, 0.2884423128, 0.28754578001],
      [0.33318996867, 0.33392514378, 0.33288488755],
      [0.33825173625, 0.16433528606, 0.49741297769],
      [0.33370156207, 0.0099416121374, 0.6563568258]
    ],
    [
      [0.5795595914, 0.22252477457, 0.19791563402],
      [0.50673057535, 0.25068042481, 0.24258899984],
      [0.57070673122, 0.20847975995, 0.22081350883],
      [0.33994168904, 0.48964901743, 0.17040929353],
      [0.39721602986, 0.53418391674, 0.068600053398],
      [0.29491048387, 0.257397917, 0.44769159913],
      [0.38170156405, 0.25742806662, 0.36087036933],
      [0.37827784162, 0.26973847493, 0.35198368345]
    ],
    [
      [0.81432145265, 0.09351638475, 0.092162162605],
      [0.68514620514, 0.1970342715, 0.11781952337],
      [0.53774615552, 0.44052471713, 0.021729127351],
      [0.49176350505, 0.50023556314, 0.0080009318097],
      [0.42828001916, 0.41872094141, 0.15299903943],
      [0.50227533132, 0.27577286348, 0.2219518052],
      [0.65857874269, 0.01677181751, 0.3246494398],
      [0.62509599456, 0.13419076864, 0.24071323681]
    ],
    [
      [0.99191992505, 0.005118122132, 0.0029619528224],
      [0.51096602697, 0.23465157034, 0.25438240269],
      [0.44386608022, 0.33215523598, 0.22397868379],
      [0.39973580852, 0.40054791344, 0.19971627804],
      [0.44239450136, 0.33389065251, 0.22371484613],
      [0.42675861838, 0.28710354706, 0.28613783457],
      [0.42970214145, 0.14479045988, 0.42550739867],
      [0.44385813934, 0.22188943711, 0.33425242356]
    ],
    [
      [0.54487254912, 0.18192359999, 0.27320385089],
      [0.42258043011, 0.24413704114, 0.33328252875],
      [0.37485231319, 0.37517611917, 0.24997156764],
      [0.37475814729, 0.37554687787, 0.24969497484],
      [0.38425046716, 0.30757822416, 0.30817130867],
      [0.33302227888, 0.16744693042, 0.4995307907],
      [0.33318950877, 0.16666534091, 0.50014515032],
      [0.33362404058, 0.0012330101145, 0.66514294931]
    ],
    [
      [0.55514029693, 0.22496569703, 0.21989400604],
      [0.52803723179, 0.23527112811, 0.2366916401],
      [0.97637317528, 0.0015133295139, 0.022113495209],
      [0.56627465247, 0.28648046444, 0.14724488309],
      [0.49652782724, 0.33746621222, 0.16600596054],
      [0.43630207616, 0.33566946689, 0.22802845695],
      [0.39894583066, 0.20212139023, 0.39893277911],
      [0.50215752677, 0.0077515402802, 0.49009093295]
    ],
    [
      [0.57125198264, 0.13285878394, 0.29588923343],
      [0.42426962322, 0.21215770189, 0.36357267489],
      [0.35454424639, 0.28307263149, 0.36238312212],
      [0.33349221154, 0.30962884145, 0.35687894701],
      [0.31733169103, 0.35711036096, 0.32555794801],
      [0.33338978577, 0.17859456354, 0.48801565069],
      [0.34939237777, 0.21429714523, 0.436310477],
      [0.2143535376, 0.19992584142, 0.58572062097]
    ],
    [
      [0.33251498184, 0.16719960954, 0.50028540862],
      [0.33361392892, 0.16644053202, 0.49994553906],
      [0.17530756455, 0.21029796847, 0.61439446697],
      [0.00026809619082, 0.50002452129, 0.49970738251],
      [0.0010367155333, 0.33386708764, 0.66509619682],
      [0.00073128166091, 0.19997261289, 0.79929610545],
      [0.12579328569, 0.12524547471, 0.74896123959],
      [0.11066377092, 0.11195552164, 0.77738070744]
    ],
    [
      [0.42840863946, 0.14316444706, 0.42842691348],
      [0.28539662976, 0.28569680055, 0.42890656969],
      [0.16655447428, 0.27773765743, 0.55570786829],
      [0.00041429753661, 0.5993770861, 0.40020861636],
      [0.14329681776, 0.14333260563, 0.71337057661],
      [0.00036171624573, 0.20002974015, 0.79960854361],
      [0.11123523355, 0.22209649668, 0.66666826977],
      [0.1668911015, 0.16681782079, 0.66629107771]
    ],
    [
      [0.27807550895, 0.28419013597, 0.43773435508],
      [0.6652132165, 0.0397646288, 0.2950221547],
      [0.1496206149, 0.29119973097, 0.55917965413],
      [0.099163153436, 0.3523141549, 0.54852269167],
      [0.020278693174, 0.50066645098, 0.47905485585],
      [0.020392666382, 0.3131722248, 0.66643510882],
      [0.034061992572, 0.27725681538, 0.68868119205],
      [0.0094405194705, 0.27809289768, 0.71246658285]
    ],
    [
      [0.25237029418, 0.12313059226, 0.62449911356],
      [0.16706406387, 0.17268075146, 0.66025518466],
      [0.16181209521, 0.18177313034, 0.65641477445],
      [0.0036026478572, 0.3301717268, 0.66622562534],
      [0.11331247669, 0.22225278368, 0.66443473963],
      [0.14537240336, 0.14285564481, 0.71177195182],
      [0.009376484842, 6.315721569e-05, 0.99056035794],
      [0.14302857948, 0.14284676321, 0.71412465731]
    ],
    [
      [0.16389318166, 0.34382791872, 0.49227889962],
      [0.40633922766, 0.19226221268, 0.40139855966],
      [0.14885204596, 0.33427427111, 0.51687368293],
      [0.0010922709031, 0.59866213594, 0.40024559315],
      [0.1324641856, 0.37180086112, 0.49573495328],
      [0.0010429436246, 0.25127335509, 0.74768370128],
      [0.016083988199, 0.3195957093, 0.6643203025],
      [0.014370386644, 0.32734047143, 0.65828914193]
    ],
    [
      [0.39977572981, 0.19483056897, 0.40539370122],
      [0.29717491769, 0.28597435551, 0.4168507268],
      [0.25291139893, 0.31918829768, 0.42790030338],
      [0.27940972319, 0.33340104666, 0.38718923015],
      [0.00027645095043, 0.67518256656, 0.32454098249],
      [0.19491057754, 0.39994652957, 0.4051428929],
      [0.14688204713, 0.42425318475, 0.42886476812],
      [0.12514119866, 0.25323814935, 0.62162065199]
    ],
    [
      [0.44805760106, 0.31700032974, 0.2349420692],
      [0.51579025956, 0.31240538261, 0.17180435782],
      [0.47763026049, 0.3377786787, 0.18459106081],
      [0.35860179586, 0.36306416339, 0.27833404075],
      [0.1969900862, 0.60031636728, 0.20269354651],
      [0.25193211173, 0.26768549893, 0.48038238934],
      [0.29487853047, 0.27506258581, 0.43005888372],
      [0.3227510419, 0.3224980127, 0.3547509454]
    ],
    [
      [0.50055694203, 0.24918688122, 0.25025617676],
      [0.5082109763, 0.32197290147, 0.16981612223],
      [0.48540492796, 0.25550617447, 0.25908889757],
      [0.29549684092, 0.40934775533, 0.29515540375],
      [0.25548099065, 0.49178886907, 0.25273014028],
      [0.2469361017, 0.49446037434, 0.25860352396],
      [0.21527977045, 0.38275698129, 0.40196324825],
      [0.20425544296, 0.20290213001, 0.59284242704]
    ],
    [
      [0.37624085249, 0.37463232048, 0.24912682703],
      [0.50408359022, 0.33149047392, 0.16442593586],
      [0.49475542722, 0.33183909979, 0.17340547299],
      [0.33448058203, 0.43144276878, 0.23407664919],
      [0.32819074828, 0.50064794718, 0.17116130454],
      [0.33119893462, 0.33811605158, 0.3306850138],
      [0.25118181259, 0.37392960206, 0.37488858534],
      [0.3303040882, 0.33281799744, 0.33687791436]
    ],
    [
      [0.49813381106, 0.25070777682, 0.25115841212],
      [0.49648501959, 0.24992121207, 0.25359376834],
      [0.49381322589, 0.33068714778, 0.17549962633],
      [0.39048371457, 0.35682380634, 0.25269247909],
      [0.29006607328, 0.55587065227, 0.15406327444],
      [0.40328249944, 0.20025915232, 0.39645834824],
      [0.25409685898, 0.25432199887, 0.49158114215],
      [0.32392440926, 0.015138682112, 0.66093690863]
    ],
    [
      [0.48170275455, 0.32138247899, 0.19691476646],
      [0.54331310228, 0.31299485396, 0.14369204375],
      [0.44631632348, 0.27290738218, 0.28077629435],
      [0.32249192914, 0.42158735923, 0.25592071163],
      [0.17534297121, 0.54959937098, 0.27505765781],
      [0.11264937121, 0.40878873446, 0.47856189433],
      [0.24370685009, 0.3733075354, 0.38298561451],
      [0.19510036776, 0.37649599209, 0.42840364015]
    ],
    [
      [0.42867961907, 0.27717119039, 0.29414919055],
      [0.46629682897, 0.30972450192, 0.22397866912],
      [0.42420817045, 0.28583833148, 0.28995349807],
      [0.39521753429, 0.32573769644, 0.27904476927],
      [0.20043910467, 0.59365515621, 0.20590573912],
      [0.36719710427, 0.37881239489, 0.25399050084],
      [0.30336367504, 0.29981411988, 0.39682220509],
      [0.28573765921, 0.28983967661, 0.42442266419]
    ],
    [
      [0.88253050776, 0.036426230668, 0.081043261574],
      [0.34363948848, 0.32737498616, 0.32898552536],
      [0.32780366247, 0.30392031355, 0.36827602398],
      [0.33059669651, 0.36367483665, 0.30572846684],
      [0.25069339725, 0.41618561251, 0.33312099024],
      [0.18289736516, 0.56076404338, 0.25633859146],
      [0.1964731917, 0.39773071516, 0.40579609315],
      [0.19170003413, 0.28723597495, 0.52106399092]
    ],
    [
      [0.33475908354, 0.16479544706, 0.5004454694],
      [0.3364896895, 0.17297271156, 0.49053759894],
      [0.28214918678, 0.28211370654, 0.43573710668],
      [0.002994303067, 0.50321237407, 0.49379332287],
      [0.1708651791, 0.32778922034, 0.50134560056],
      [0.16525039873, 0.33257569351, 0.50217390776],
      [0.012754763373, 0.49174635351, 0.49549888312],
      [0.0066204920748, 0.20565772733, 0.7877217806]
    ],
    [
      [0.39977224341, 0.19964292799, 0.4005848286],
      [0.33502034575, 0.33230999935, 0.33266965491],
      [0.39694809764, 0.20326798568, 0.39978391667],
      [0.15276967684, 0.46249405961, 0.38473626355],
      [0.20707669654, 0.3581578262, 0.43476547726],
      [0.12622809431, 0.25125019801, 0.62252170768],
      [0.0086506736362, 0.32932718612, 0.66202214025],
      [0.1442041042, 0.28554496136, 0.57025093444]
    ],
    [
      [0.4214250818, 0.29217896425, 0.28639595395],
      [0.34535833547, 0.32937143903, 0.3252702255],
      [0.39416341288, 0.20162783172, 0.4042087554],
      [0.16296119341, 0.49909092547, 0.33794788113],
      [0.21965768038, 0.3803132457, 0.40002907392],
      [0.11421799975, 0.54919547606, 0.3365865242],
      [0.11222082641, 0.33791828967, 0.54986088392],
      [0.12605709191, 0.37201846603, 0.50192444206]
    ],
    [
      [0.65213561392, 0.015499622749, 0.33236476334],
      [0.43510436667, 0.21115917687, 0.35373645646],
      [0.36513571987, 0.46323719862, 0.17162708151],
      [0.29075295629, 0.38160369319, 0.32764335051],
      [0.27480050298, 0.30500449711, 0.42019499991],
      [0.26259721831, 0.28402246538, 0.45338031631],
      [0.32423544212, 0.024524288449, 0.65124026943],
      [0.27217275415, 0.13659661833, 0.59123062752]
    ],
    [
      [0.50056357712, 0.12502212925, 0.37441429363],
      [0.50150421802, 0.12439246988, 0.37410331211],
      [0.33165297068, 0.33253014232, 0.335816887],
      [0.29947930901, 0.30056886767, 0.39995182332],
      [0.28242876313, 0.26418147034, 0.45338976653],
      [0.0014897072204, 0.0031224155833, 0.9953878772],
      [0.16913545906, 0.16581291337, 0.66505162757],
      [0.16845673381, 0.16632517022, 0.66521809597]
    ],
    [
      [0.42748140286, 0.28550554982, 0.28701304732],
      [0.33305562546, 0.33333860083, 0.33360577371],
      [0.28543613049, 0.42863493924, 0.28592893027],
      [0.10099142324, 0.49941414276, 0.39959443399],
      [0.13371043662, 0.4665116689, 0.39977789448],
      [0.17045034149, 0.39056342629, 0.43898623222],
      [0.00091267495872, 0.39958392624, 0.5995033988],
      [0.11140503958, 0.33312760016, 0.55546736026]
    ],
    [
      [0.49794132713, 0.25060424269, 0.25145443018],
      [0.40041227289, 0.39873193402, 0.20085579309],
      [0.39958321854, 0.40069430127, 0.19972248018],
      [0.0025511183804, 0.99445143594, 0.00299744568],
      [0.24952938752, 0.49978110497, 0.25068950751],
      [0.2724439674, 0.45498356587, 0.27257246673],
      [0.22409260023, 0.3337661194, 0.44214128036],
      [0.16684263423, 0.33286630626, 0.50029105951]
    ],
    [
      [0.37703974739, 0.37056301467, 0.25239723794],
      [0.33695073757, 0.32677308646, 0.33627617596],
      [0.42256492963, 0.28880188168, 0.2886331887],
      [0.32801915241, 0.34035933652, 0.33162151107],
      [0.22546770971, 0.44474047037, 0.32979181992],
      [0.27297693363, 0.38799447918, 0.33902858719],
      [0.018941013876, 0.4953075801, 0.48575140603],
      [0.1731927572, 0.32725805653, 0.49954918626]
    ],
    [
      [0.64091451038, 0.33665520311, 0.022430286507],
      [0.33839410286, 0.39666845379, 0.26493744335],
      [0.25828332848, 0.48899420984, 0.25272246169],
      [0.25289743341, 0.50558013219, 0.2415224344],
      [0.174221647, 0.65145959752, 0.17431875548],
      [0.25922753465, 0.42479733104, 0.31597513432],
      [0.035952676761, 0.0026289582316, 0.96141836501],
      [0.1777060885, 0.33014982731, 0.49214408419]
    ],
    [
      [0.3630805953, 0.36297021909, 0.27394918561],
      [0.50054213278, 0.24835416627, 0.25110370095],
      [0.19958019262, 0.59699363594, 0.20342617144],
      [0.24963559813, 0.50005806795, 0.25030633392],
      [0.25013382618, 0.49994570114, 0.24992047267],
      [0.26726429037, 0.44673641646, 0.28599929317],
      [0.17045564423, 0.33465222909, 0.49489212668],
      [0.1698149569, 0.33392378347, 0.49626125963]
    ],
    [
      [0.4287162248, 0.42764122192, 0.14364255329],
      [0.51596590415, 0.2515036796, 0.23253041625],
      [0.21444974774, 0.53858534006, 0.2469649122],
      [0.1997915823, 0.6146710885, 0.1855373292],
      [0.21510968669, 0.5846447785, 0.20024553481],
      [0.24239373474, 0.46264305463, 0.29496321063],
      [0.28543174662, 0.23552549642, 0.47904275696],
      [0.20056478588, 0.39866420294, 0.40077101118]
    ],
    [
      [0.66642665884, 0.32768998904, 0.0058833521205],
      [0.49579418032, 0.25426383984, 0.24994197985],
      [0.4969487978, 0.33330035575, 0.16975084645],
      [0.25437777679, 0.49994998535, 0.24567223786],
      [0.19668254112, 0.60676218925, 0.19655526963],
      [0.35260336412, 0.38772475455, 0.25967188133],
      [0.34583479914, 0.34034043479, 0.31382476607],
      [0.25210346548, 0.25225296039, 0.49564357414]
    ],
    [
      [0.98737127726, 0.010507710348, 0.0021210123953],
      [0.62478291656, 0.25292501325, 0.12229207019],
      [0.33419990671, 0.64591125202, 0.019888841275],
      [0.49635567556, 0.3742089923, 0.12943533214],
      [0.39657636427, 0.20967223735, 0.39375139838],
      [0.49509457371, 0.16469947435, 0.34020595194],
      [0.54118289582, 0.23753290766, 0.22128419651],
      [0.50455150267, 0.0031349632027, 0.49231353413]
    ],
    [
      [0.66629431113, 0.16668311588, 0.16702257299],
      [0.71371305548, 0.1431721208, 0.14311482372],
      [0.44443245334, 0.33329349891, 0.22227404775],
      [0.33388522546, 0.33284576647, 0.33326900807],
      [0.50039006703, 0.16673977404, 0.33287015893],
      [0.39971728659, 0.20023540223, 0.40004731118],
      [0.51728311995, 0.2068613447, 0.27585553536],
      [0.50022453272, 0.16665733697, 0.33311813031]
    ],
    [
      [0.65301549811, 0.17821932153, 0.16876518037],
      [0.60504800831, 0.23346408259, 0.16148790911],
      [0.58019818436, 0.22002553532, 0.19977628032],
      [0.38114209271, 0.49362440317, 0.12523350412],
      [0.39046932053, 0.4021765187, 0.20735416076],
      [0.00087257797762, 0.97462307606, 0.024504345961],
      [0.47714268146, 0.28828200109, 0.23457531744],
      [0.34486933345, 0.17181488161, 0.48331578494]
    ],
    [
      [0.93018934594, 0.05886437597, 0.010946278094],
      [0.52547654877, 0.3216552212, 0.15286823003],
      [0.48628177687, 0.35542586473, 0.15829235841],
      [0.38310091998, 0.40032306216, 0.21657601786],
      [0.49142454669, 0.38622348778, 0.12235196552],
      [0.49152348586, 0.25135052788, 0.25712598625],
      [0.51218982401, 0.27735070113, 0.21045947486],
      [0.42194885462, 0.20697410671, 0.37107703866]
    ],
    [
      [0.66329031598, 0.16975406319, 0.16695562082],
      [0.6228333514, 0.2517089708, 0.1254576778],
      [0.49751746033, 0.49822336548, 0.004259174185],
      [0.40143233478, 0.59548905572, 0.0030786095039],
      [0.49911418846, 0.4989031413, 0.0019826702361],
      [0.49392979972, 0.17454116813, 0.33152903216],
      [0.50923605367, 0.30078341518, 0.18998053116],
      [0.49961321112, 0.25131259596, 0.24907419292]
    ],
    [
      [0.66583218657, 0.11126298074, 0.22290483269],
      [0.50040268973, 0.24966777919, 0.24992953108],
      [0.4278140863, 0.28620891916, 0.28597699454],
      [0.39910014113, 0.40020699069, 0.20069286818],
      [0.33374010813, 0.33291224002, 0.33334765185],
      [0.33341797494, 0.00031511752098, 0.66626690754],
      [0.45470076972, 0.20448390467, 0.34081532561],
      [0.44469783621, 0.1667268308, 0.38857533299]
    ],
    [
      [0.42871890609, 0.1431247651, 0.42815632881],
      [0.66991964755, 0.0005706806651, 0.32950967179],
      [0.396265138, 0.19987759431, 0.40385726769],
      [0.37434974645, 0.25114684375, 0.37450340979],
      [0.20556515503, 0.39661163061, 0.39782321436],
      [0.28390554872, 0.28694047387, 0.42915397741],
      [0.2881250807, 0.14159403881, 0.57028088049],
      [0.32725939434, 0.18974227826, 0.4829983274]
    ],
    [
      [0.55220849244, 0.12522156576, 0.3225699418],
      [0.62702299865, 0.089617114305, 0.28335988704],
      [0.42362568803, 0.24929828462, 0.32707602734],
      [0.39779279323, 0.31690236749, 0.28530483928],
      [0.20417912904, 0.59455855799, 0.20126231298],
      [0.42314449464, 0.1784156425, 0.39843986285],
      [0.3743009849, 0.17947855376, 0.44622046134],
      [0.35235702787, 0.21740257173, 0.4302404004]
    ],
    [
      [0.51463303918, 0.015914842015, 0.46945211881],
      [0.46593607603, 0.12139245033, 0.41267147364],
      [0.47647537004, 0.0011165984772, 0.52240803149],
      [0.30182579984, 0.36413534736, 0.3340388528],
      [0.24946454069, 0.25095228381, 0.4995831755],
      [0.29916143506, 0.27176071065, 0.42907785429],
      [0.34981383103, 0.16638972339, 0.48379644558],
      [0.32839769902, 0.13696183989, 0.5346404611]
    ],
    [
      [0.42850570997, 0.28533003132, 0.2861642587],
      [0.66618394134, 0.16736954235, 0.16644651631],
      [0.42876900512, 0.28624990344, 0.28498109144],
      [0.00054778963665, 0.99721587829, 0.0022363320706],
      [0.28635870022, 0.42768290153, 0.28595839825],
      [0.36316864496, 0.36432945596, 0.27250189908],
      [0.33350448855, 0.1679349443, 0.49856056715],
      [0.37037934888, 0.29613476766, 0.33348588345]
    ],
    [
      [0.73298710093, 0.015413490195, 0.25159940888],
      [0.50815474106, 0.12565190185, 0.36619335709],
      [0.20154129872, 0.39782807882, 0.40063062246],
      [0.29484046206, 0.27950032698, 0.42565921096],
      [0.24541636875, 0.14088570982, 0.61369792143],
      [0.32976608148, 0.18281088181, 0.48742303671],
      [0.34030043549, 0.0042376443525, 0.65546192016],
      [0.35539652872, 0.16526820744, 0.47933526384]
    ],
    [
      [0.40710917674, 0.1996296447, 0.39326117856],
      [0.35927901755, 0.16605970793, 0.47466127452],
      [0.63339497483, 0.032825003081, 0.33378002209],
      [0.17407047329, 0.3270929793, 0.49883654742],
      [0.20457919046, 0.38287223916, 0.41254857038],
      [0.20961678091, 0.2056990781, 0.58468414099],
      [0.19796617452, 0.15293128177, 0.64910254371],
      [0.25945930223, 0.18881275573, 0.55172794203]
    ]
  ],
  "expected_outcome": [
    [
      [23.9715371689, 20.3454115528, 24.1559056067, 24.0195513333, 26.0072562881, 16.0469722752, 12.959596071, 5.2160363226, 3.2572858106, 2.9757597751, 5.9935980403, 4.9962626724, 3.9987638784, 1.995089891, 2.9988604762, 1.9465285626, 2.0189623535, 0.98335908996, 1.998878649, 4.0325184096, 2.0022277681, 3.00992682, 5.9776057327, 2.8902165273, 3.0007573335, 1.7650610155, 2.0085545012, 1.9988612171, 2.9499755726, 1.3042712278, 4.004508617, 2.99236982, 1.9917653085, 3.0163179791, 1.9227435311, 3.9938865483, 3.0010135736, 1.9992799765, 2.9621138318, 3.9977658668, 3.9180929886, 2.7905680378, 3.9797418959, 5.9924896792, 3.0010323426, 4.4176679395, 3.0877982351, 2.9995399698, 2.9319484037, 2.0355458837],
      [11.0114377183, 11.6508467875, 11.8752023929, 10.9935723802, 10.9815156339, 10.9798752381, 5.0133130032, 2.0027229712, 0.374065539, 0.015354366396, 2.0011595999, 2.0246912733, 0.93001148755, 1.0031976572, 1.0021511294, 1.9893309518, 0.98504473808, 2.0629675123, 0.97415284485, 2.8530029677, 0.99674752486, 2.9970585638, 3.0084933219, 1.9282948739, 1.9401983327, 0.072852461335, 0.98877268236, 0.99821463994, 2.0452527498, 0.030999245498, 1.000177034, 1.9985388487, 1.0024169708, 2.9645041173, 1.0099656093, 3.99267241, 2.9934885534, 0.98306996711, 0.031523131044, 1.0000986953, 1.0693159292, 0.17659312791, 1.0185243792, 1.0013668266, 1.0018733557, 1.0017725261, 0.095489052092, 1.9973102193, 0.06165396078, 0.9981482235],
      [22.0170251128, 22.0037416597, 22.9688920004, 19.9868762865, 19.0112280781, 20.9731524867, 7.0270909258, 1.7812407062, 0.36864865042, 0.0088858584673, 3.0052423598, 1.9790460544, 2.071224634, 3.0017124517, 2.9989883944, 3.0641404856, 4.9959929085, 2.9536733977, 2.0269685061, 2.1144786228, 1.001024707, 1.9930146162, 3.0139009454, 1.1814885988, 2.0590443338, 0.16208652315, 3.0026728164, 2.002924143, 2.0047716776, 0.66472952667, 2.995314349, 2.0090913313, 1.0058177207, 2.0191779035, 0.067290859521, 3.0134410417, 1.005497873, 0.017650056362, 0.0063630371858, 1.0021354379, 1.0125910822, 0.032838834282, 1.0017337249, 2.0061434942, 2.9970943017, 2.5805595344, 2.8167127128, 2.0031498109, 1.0063976355, 1.9663058928]
    ],
    [
      [2.9940325539, 2.0586351408, 1.9679336687, 3.0075549361, 2.9982251764, 4.0004219548, 22.0431068848, 23.309606466, 43.8493571287, 26.0592673753, 19.0161193551, 31.1541966758, 14.0008975661, 2.0016835735, 1.9977764083, 1.9956396495, 1.0023843832, 2.0316961383, 2.0802244238, 3.0947415574, 3.0492658578, 3.0245015413, 1.9859400783, 3.2598786137, 6.0618587765, 2.0618369309, 2.018938137, 2.0101220745, 2.0721500128, 3.9159393, 4.0120337441, 1.9983337528, 4.0041227289, 1.0108522127, 5.0759115428, 2.0021685311, 2.0638636166, 3.9663534426, 4.9982633325, 4.9959913884, 7.865624108, 3.1528592926, 4.9826668112, 4.0032215178, 2.0097589426, 4.3891609906, 4.1934246842, 3.997103648, 4.0652379285, 2.1556741053],
      [0.004169379832, 0.93289254029, 0.012938231931, 0.99492219283, 0.99802231493, 1.00154719, 7.9535783217, 11.5312995412, 12.6101933759, 11.9672300874, 10.9861668513, 13.8809965585, 7.0012041624, 0.99864319214, 1.9998776038, 0.1192938864, 1.0360845088, 0.96131106339, 2.0018204886, 1.8744322957, 1.9318374088, 1.9889428435, 0.99968484829, 1.8779691238, 4.0264185249, 1.9642499169, 1.0378362694, 1.9938599961, 1.9762286342, 1.9004325918, 0.99513975902, 2.000031605, 3.9873193402, 0.98031925939, 5.9500268069, 0.99341666508, 1.0060147184, 2.0341107187, 2.023400106, 1.0022048456, 3.0350330736, 1.9299313272, 2.0136717664, 1.9973422335, 0.0017120419953, 0.62731980014, 1.092532053, 1.0042172541, 1.0052152148, 0.9963582476],
      [1.0017980663, 1.0084723189, 1.0191280994, 1.9975228711, 1.0037525087, 2.9980308552, 12.0033147935, 11.1590939929, 7.5404494954, 12.9735025373, 14.9977137936, 13.9648067657, 11.9978982715, 2.9996732344, 3.0023459878, 0.8850664641, 3.961531108, 2.0069927983, 2.9179550876, 1.0308261469, 1.0188967334, 0.98655561517, 1.0143750734, 0.86215226253, 2.9117226985, 1.9739131522, 2.9432255936, 1.9960179294, 1.951621353, 3.1836281081, 2.9928264968, 2.0016346422, 2.0085579309, 1.0088285279, 3.9740616503, 1.0044148038, 0.930121665, 1.9995358388, 0.97833656152, 1.001803766, 2.0993428184, 0.91720938019, 1.0036614224, 1.9994362486, 0.98852901536, 1.9835192093, 3.7140432628, 0.99867909788, 2.9295468567, 2.8479676471]
    ],
    [
      [1.0160220211, 1.9294993667, 3.9136089911, 2.9893144086, 3.9802486762, 1.9880314398, 4.9678806148, 5.7070673122, 1.6132384666, 3.994794722, 2.9988185055, 0.97637317528, 9.927238899, 9.9925311796, 8.9939416112, 8.6779956644, 8.8996652364, 9.8242350334, 11.8868357499, 2.8657815629, 1.9416197119, 2.9685325633, 2.9628793553, 3.1242142643, 2.9694571932, 1.9668219748, 1.9750443074, 1.9847404882, 1.9708170644, 0.73027143974, 1.9899178241, 1.9980529134, 1.9979160927, 2.9579545074, 2.0662666278, 0.99790096311, 1.9300477297, 2.9816927868, 1.0025997201, 3.9998920801, 2.9009909218, 3.8902542149, 1.9900698413, 2.9946986041, 1.98132569, 3.3890055043, 1.9059014801, 3.0013830358, 1.0077064936, 1.9001849245],
      [1.9756356692, 3.040141084, 1.0977341523, 1.0038490595, 1.0048954293, 2.0110687591, 1.0252763249, 2.0847975995, 1.3215741514, 2.9893971238, 3.0014089534, 0.0015133295139, 7.9260336817, 11.986984203, 14.9978335013, 16.8895843961, 9.9975221687, 22.062101893, 15.0018499911, 2.0266720722, 1.0220246979, 1.9910345988, 1.9841228867, 1.9103516752, 2.0008683203, 1.8235218813, 1.9747959458, 1.0163399284, 1.0081391586, 0.92647439724, 1.9951808539, 3.0004445747, 2.0034715064, 2.0216131717, 3.9119536787, 2.9849681797, 4.8472680606, 1.9998021345, 1.9377337561, 2.9996414902, 1.1001276766, 2.8434069178, 1.9928934619, 2.0034624341, 0.99938797155, 1.994386277, 0.004466393909, 2.0037493241, 1.9891403941, 0.098475009244],
      [1.0083423097, 2.0303595493, 2.9886568566, 2.0068365319, 2.0148558945, 3.0008998011, 2.0068430603, 2.2081350883, 0.065187382054, 2.0158081542, 1.9997725411, 0.022113495209, 10.1467274193, 35.0204846174, 30.0082248875, 32.4324199395, 36.1028125949, 34.1136630736, 20.111314259, 1.1075463649, 1.0363555903, 1.0404328379, 1.052997758, 1.9654340604, 2.0296744865, 2.2096561439, 3.0501597468, 1.9989195834, 2.021043777, 0.34325416302, 2.014901322, 2.0015025119, 0.99861240092, 2.0204323209, 2.0217796935, 1.0171308572, 2.2226842098, 1.0185050787, 0.059666523824, 2.0004664297, 0.99888140162, 1.2663388673, 0.01703669674, 2.0018389618, 2.0192863384, 2.6166082188, 2.0896321259, 1.9948676401, 2.0031531123, 1.0013400663]
    ],
    [
      [3.0099092748, 2.8714043994, 2.9849202044, 2.9950825066, 1.0038005385, 2.9936755743, 2.0311480693, 2.0396501343, 2.9505810303, 1.9986790426, 2.9980651783, 3.9639225673, 1.0004766346, 0.0016085771449, 0.002071487683, 0.89246838092, 0.021615887143, 0.0054613545154, 5.0293750175, 19.0058951806, 18.911797819, 17.0585096835, 23.0385391598, 20.3169915358, 16.9943539745, 2.9753702686, 0.011977212268, 1.9860057989, 0.97776716045, 2.6167766066, 2.9947930901, 1.0099142324, 0.0076533551413, 0.98405745722, 1.0115897336, 1.997084785, 0.99895791148, 1.0175111072, 3.9708454045, 1.0016556764, 3.0491367417, 1.9155045999, 2.0071616739, 1.9955007056, 2.9947979716, 1.9889639661, 0.90547739952, 0.0010955792733, 2.0638832344, 1.0444228397],
      [2.9926983724, 3.0516517116, 3.0003075918, 2.001683743, 0.998460365, 4.0151663126, 2.9711241765, 2.9378941046, 3.0014133788, 2.0027395672, 3.0043750229, 2.0053632511, 0.92888652435, 3.0001471278, 2.9968854305, 3.1708273941, 1.9810303608, 2.9933106797, 6.0012188399, 19.2424006597, 26.198256341, 22.0035812079, 21.0526045738, 26.5600036313, 14.0067209468, 3.2730735299, 2.0128494963, 6.012422775, 2.9945455528, 3.4344332387, 3.0056886767, 4.9941414276, 2.9833543078, 1.0210780096, 2.0223205287, 4.0004645436, 3.0733554425, 1.9997999414, 2.9936719384, 0.99853729941, 3.9489952253, 2.0016153108, 2.9774452786, 2.0010349534, 2.00917475, 1.5845118374, 1.0924060421, 1.9944317566, 1.9565022889, 1.9625578758],
      [2.9973923528, 3.0769438889, 3.0147722038, 3.0032337504, 0.99773909647, 3.9911581131, 0.99772775418, 1.0224557612, 0.048005590858, 0.99858139019, 1.9975597987, 1.0307141816, 1.070636841, 2.9982442951, 2.0010430818, 4.936704225, 3.997353752, 2.0012279658, 6.9694061426, 14.7517041597, 18.88994584, 11.9379091087, 14.9088562665, 16.1230048329, 11.9989250787, 2.7515562016, 1.9751732915, 5.0015714261, 2.0276872868, 2.9487901546, 3.9995182332, 3.9959443399, 0.00899233704, 0.9948645332, 0.96608973761, 2.0024506714, 0.92768664601, 0.98268895144, 1.0354826571, 0.9998070242, 1.001868033, 1.0828800893, 0.015393047519, 1.0034643409, 2.9960272783, 1.4265241964, 1.0021165584, 0.0044726641412, 2.9796144767, 2.9930192845]
    ],
    [
      [2.9809055259, 1.8721227497, 0.98403719734, 2.9835267863, 3.9985090068, 1.9788948486, 2.9680833503, 1.1916480896, 2.9979601341, 3.9815505122, 4.9952560731, 2.9791669634, 2.8559852193, 0.0031101466, 1.0030777243, 0.12167215905, 1.0198122902, 1.0597134848, 0.00082935285128, 0.98495043102, 1.0219239626, 1.9691444897, 2.030462513, 0.87671485606, 1.0021955234, 14.7909104377, 10.9353714625, 10.9750649166, 10.9828840191, 15.938429173, 14.9687244458, 2.0056565492, 1.9962351002, 2.0292093874, 1.045329882, 1.0005353047, 1.0755484334, 0.98341270559, 1.9828818213, 3.0023404022, 1.9523466027, 3.9313963735, 1.9964567539, 2.0024406488, 1.0278257752, 0.40835825808, 1.9957163256, 2.0045109015, 1.96333095, 1.0228959523],
      [2.0105765101, 1.1616887628, 2.9598151043, 2.0030571837, 2.9982474052, 1.993035649, 2.0190961896, 1.6025517502, 2.9310465899, 3.0050158726, 3.9985169141, 2.0247972733, 3.2139932486, 1.0016012629, 1.0033282394, 3.0039987059, 2.0002750531, 2.9744068889, 2.0255476997, 3.0015818364, 1.9671554763, 3.0038876831, 3.8910945659, 2.7479968549, 2.9682757811, 24.5549511379, 20.9785101015, 18.9823647886, 19.0156622848, 17.6902608322, 14.0016179281, 6.9976750336, 3.9982488397, 4.0026642333, 3.9087575851, 1.9997828046, 2.9232238925, 3.0338109463, 1.0483611868, 1.0004386442, 2.0108825935, 3.0897879023, 1.9956125652, 1.9974734401, 1.9830581531, 1.189117116, 2.0076182705, 2.9937803107, 1.1270856786, 1.9143611958],
      [3.008517964, 3.9661884875, 1.0561476983, 3.0134160299, 3.0032435879, 3.0280695025, 2.0128204601, 0.20580016019, 1.070993276, 2.0134336152, 4.0062270127, 0.99603576321, 2.9300215321, 1.9952885905, 4.9935940363, 2.8743291351, 5.9799126567, 3.9658796262, 0.97362294746, 1.0134677326, 1.0109205611, 1.0269678272, 1.0784429211, 1.3752882891, 1.0295286956, 19.6541384244, 32.0861184359, 23.0425702948, 20.001453696, 24.3713099947, 24.0296576261, 5.9966684172, 2.0055160601, 2.9681263793, 1.0459125329, 0.99968189069, 1.001227674, 0.98277634815, 1.9687569919, 1.9972209536, 1.0367708038, 0.97881572419, 0.0079306809443, 2.0000859111, 1.9891160718, 0.40252462595, 3.996665404, 2.0017087877, 4.9095833715, 2.0627428519]
    ],
    [
      [2.9699535844, 1.981627578, 1.9928168946, 2.0026825941, 1.0018457599, 2.9958513841, 0.99956990601, 1.1796419355, 3.0136519879, 2.9873103286, 1.9981336733, 3.9267186855, 2.0003387146, 0.0036564083045, 0.0018085812286, 0.061177999145, 1.0176068235, 0.0041717744983, 0.97455288769, 2.0154568938, 1.9754888136, 1.9871936077, 2.0164124972, 0.33794811363, 2.9375768342, 0.91448682578, 0.9915023924, 1.0098247544, 1.0279619977, 2.8885694014, 0.0044691216611, 6.9884640011, 14.9844182071, 16.9245698852, 14.7759694748, 14.9668002609, 14.7860178193, 10.9307042877, 2.9705674423, 1.998586433, 0.0017451559552, 1.9660939435, 2.9635787983, 1.0002539248, 1.987338841, 3.3851559571, 2.0941300454, 3.9948550946, 1.9785964889, 1.0480839046],
      [1.0197620671, 1.1298819958, 1.9937712082, 1.0092557899, 1.0030883501, 3.9839316712, 1.0017754313, 1.029591668, 1.6546371809, 2.0097248294, 1.0046815825, 3.021025202, 1.0715673813, 0.99986306443, 1.0001487007, 0.93951667439, 0.99998951368, 1.0050934204, 1.9997326478, 2.1414839915, 3.9556829947, 2.0286963095, 1.0012957616, 1.2263662034, 3.0304991591, 2.8038202169, 1.995454161, 2.0100015841, 4.9427592845, 3.1242471191, 0.0093672467498, 16.0131004778, 25.0240961229, 24.0556577093, 24.2134478691, 25.0172393217, 28.2212263322, 12.0194673912, 0.98819684612, 1.0011770112, 1.9492461521, 1.0054021115, 1.0472470088, 0.00094535256293, 2.0085833171, 1.42732514, 1.9023249746, 4.0076240156, 1.0968652909, 1.0284953905],
      [4.0102843485, 2.8884904262, 2.0134118972, 3.988061616, 1.99506589, 4.0202169447, 0.99865466266, 1.7907663965, 1.3317108312, 2.002964842, 2.9971847442, 2.0522561126, 2.9280939041, 3.9964805273, 3.998042718, 1.9993053265, 4.9824036628, 2.9907348051, 2.0257144645, 3.8430591147, 2.0688281917, 1.9841100828, 1.9822917412, 1.435685683, 2.0319240067, 1.2816929573, 3.0130434466, 4.9801736614, 3.0292787178, 4.9871834794, 2.9861636316, 17.9984355211, 14.9914856701, 21.0197724056, 18.0105826561, 16.0159604174, 17.9927558485, 8.0498283211, 2.0412357116, 2.0002365559, 0.049008691922, 1.028503945, 1.989174193, 1.9988007226, 3.0040778419, 3.1875189028, 3.0035449801, 2.9975208898, 2.9245382202, 2.9234207049]
    ],
    [
      [1.0425961013, 1.0912911202, 2.0208112267, 2.0054403788, 4.0119545241, 1.0028406193, 2.0295104175, 3.8170156405, 1.3171574854, 3.0079149901, 1.9991370526, 1.9947291533, 3.1445313999, 1.0063462856, 1.001117102, 0.23843394801, 0.018752969684, 0.048251964596, 1.0281743299, 2.0641497133, 1.0763988523, 2.0094545008, 1.0163874359, 1.2185342504, 3.0336367504, 1.3753123419, 0.025509526746, 0.025952020909, 1.0099874377, 0.97270632637, 1.0148127544, 0.0045633747936, 2.0168334021, 0.037882027751, 0.035952676761, 1.0227338654, 1.1417269865, 12.1042179699, 34.0945224369, 30.0024209569, 26.2428474805, 31.2435792646, 32.081871381, 20.0068338678, 2.0168755649, 2.9944078792, 2.0988829862, 2.0010269313, 1.0209013065, 1.1877970471],
      [0.98846097721, 0.083876908209, 1.0198718333, 0.9929861524, 1.0086587731, 0.012724955851, 0.98601171637, 2.5742806662, 0.03354363502, 1.0135332192, 0.99999204549, 1.0106069512, 1.9286743071, 1.0019637977, 1.9988684701, 1.9407977077, 0.00012631443138, 0.9587871279, 2.9697722932, 1.9254381007, 1.9137849065, 2.9914368165, 1.0172879955, 1.866537677, 2.9981411988, 2.7841150061, 0.98349270701, 0.98798155835, 3.041264607, 0.073572865348, 0.99487748021, 1.9979196312, 3.0038950746, 0.99061516019, 0.0026289582316, 2.0079133745, 0.94210198569, 11.9119152177, 14.9645731828, 11.9979579923, 15.85551006, 16.9183927689, 18.9493551561, 8.9972918053, 0.99115827167, 1.4358284301, 0.99833834033, 1.0076096658, 0.012712933057, 0.91758769063],
      [2.9689429215, 2.8248319716, 2.95931694, 2.0015734688, 3.9793867028, 2.9844344249, 2.9844778661, 3.6087036933, 0.6492988796, 2.9785517907, 3.0008709019, 1.9946638955, 3.926794293, 5.9916899167, 6.0000144279, 4.8207683443, 1.9811207159, 1.9929609075, 3.0020533768, 3.0104121861, 2.0098162413, 2.9991086827, 1.9663245686, 1.9149280726, 3.9682220509, 2.840572652, 0.99099776624, 1.9860664207, 4.9487479553, 1.9537208083, 3.9903097654, 2.997516994, 3.9792715233, 0.97150281206, 0.96141836501, 2.9693527601, 1.9161710278, 10.9838668124, 13.9409043803, 15.9996210508, 12.9016424594, 12.8380279665, 11.9687734629, 14.9958743269, 3.9919661634, 3.5697636907, 2.9027786735, 2.9913634029, 1.9663857605, 3.8946152622]
    ],
    [
