{
  "Z_true": {},
  "V_true": [
    [20, 25, 603, 61, 1760, 63],
    [21, 542, 23, 438, 208, 30],
    [220, 456, 89, 6103, 672, 222],
    [215, 332, 1422, 386, 18065, 552],
    [615, 16, 19, 305, 242, 32],
    [55, 109, 49, 231, 483, 445]
  ],
  "p_true": [
    [0.0079, 0.0099, 0.2382, 0.0241, 0.6951, 0.0249],
    [0.0166, 0.4295, 0.0182, 0.3471, 0.1648, 0.0238],
    [0.0283, 0.0587, 0.0115, 0.7863, 0.0866, 0.0286],
    [0.0103, 0.0158, 0.0678, 0.0184, 0.8614, 0.0263],
    [0.5004, 0.013, 0.0155, 0.2482, 0.1969, 0.026],
    [0.0401, 0.0794, 0.0357, 0.1684, 0.352, 0.3243]
  ],
  "Z_est": [
    [
      [0.0003, 0.0001, 0, 0.0029, 0.0023, 0.0019, 0.0022, 0.0029, 0, 0.0005, 0.0017, 0.0016, 0.0018, 0.0018, 0, 0, 0.0023, 0.0001, 0.0006, 0.0008, 0.0007, 0.0019, 0.0048, 0.0031, 0.0021, 0.002, 0.0007, 0.003, 0, 0.0002, 0.0048, 0, 0.0029, 0.0004],
      [1.2519e-06, 5.778e-07, 0, 0, 0, 8.2818e-06, 9.9189e-06, 0, 0.0001, 0, 0, 0, 8.1855e-06, 8.1855e-06, 0.0001, 0, 0, 0.0025, 2.889e-06, 3.7557e-06, 3.2742e-06, 8.5707e-06, 0, 0, 9.5337e-06, 8.7633e-06, 3.2742e-06, 0, 0, 1.0593e-06, 0, 1.2519e-06, 0, 1.926e-06],
      [5.9611, 2.7513, 66.0342, 61.9041, 48.1477, 39.4352, 47.2306, 62.8212, 1.8342, 9.6295, 36.6839, 33.9326, 38.9767, 38.9767, 1.8342, 2.7514, 49.5233, 1.3756, 13.7565, 17.8834, 15.5907, 40.8109, 103.1736, 65.5725, 45.3964, 41.728, 15.5907, 64.6554, 0.9171, 5.044, 103.1736, 5.1007, 62.8212, 9.171],
      [0.0109, 0.005, 0.1211, 0.1136, 0.0883, 0.0723, 0, 0.1153, 0.0034, 0.0177, 0.0673, 0.0623, 0.0715, 0.0715, 0.0034, 0.005, 0.0909, 0, 0.0252, 0.0328, 0.0286, 0.0749, 0.1893, 0.1203, 0.0833, 0.0766, 0.0286, 0.1186, 0.0017, 0.0093, 0.1893, 0.8717, 0.1153, 0.0168],
      [7.0276, 3.2435, 77.8447, 72.9794, 56.7617, 46.4906, 55.7672, 74.0605, 2.1624, 11.3523, 43.247, 40.0035, 45.95, 45.95, 2.1624, 3.2435, 58.3835, 1.6218, 16.2176, 21.0829, 18.38, 48.1123, 121.6323, 77.3041, 53.5182, 49.1935, 18.38, 76.2229, 1.0812, 5.9465, 121.6323, 7.0276, 74.0605, 10.8118],
      [4.1066e-08, 1.8954e-08, 4.5489e-07, 4.2646e-07, 3.3169e-07, 2.7167e-07, 3.2537e-07, 4.3278e-07, 1.2636e-08, 6.6338e-08, 7.9567e-06, 2.3376e-07, 2.6851e-07, 2.6851e-07, 1.2636e-08, 1.8954e-08, 3.4117e-07, 9.4768e-09, 9.4768e-08, 1.232e-07, 1.074e-07, 2.8115e-07, 7.1076e-07, 4.5173e-07, 3.1274e-07, 2.8746e-07, 1.074e-07, 4.4541e-07, 6.3179e-09, 3.4748e-08, 7.1076e-07, 0, 4.3278e-07, 6.3179e-08]
    ],
    [
      [0.4083, 0.3063, 6.5337, 4.0833, 4.0833, 3.4708, 2.0417, 3.1646, 0, 2.1357, 5.8188, 5.2063, 7.7583, 6.0229, 0, 0.4773, 5.4104, 0.1021, 2.2458, 2.45, 2.8583, 4.3896, 6.6354, 7.9625, 4.9, 3.2667, 2.45, 3.8792, 0, 1.6186, 11.3313, 0.4441, 12.6583, 3.3688],
      [3.0297, 2.2722, 47.0142, 30.2967, 30.2967, 25.7522, 15.1483, 23.4799, 5.9987, 15.0543, 40.4864, 38.6282, 57.5637, 44.6876, 0, 3.0864, 40.1431, 0.825, 16.6632, 18.178, 21.2077, 32.5689, 49.2321, 59.0785, 36.356, 24.2373, 18.178, 28.7818, 0, 11.2739, 84.0732, 5.3019, 93.9196, 16.8813],
      [0.2036, 0.1527, 9.2694, 2.0359, 2.0359, 1.7305, 1.0179, 1.5778, 0.374, 1.0179, 2.9011, 2.5957, 3.8681, 3.0029, 0, 0.9883, 2.6975, 0.0509, 1.1197, 1.2215, 1.4251, 2.1885, 3.3083, 3.9699, 2.443, 1.6287, 1.2215, 1.9341, 0, 0.7634, 5.6495, 0.3563, 6.3112, 1.6796],
      [0.2703, 0.2027, 4.6628, 2.703, 2.703, 2.2976, 1.3515, 2.0949, 0.473, 1.3515, 6.5382, 3.4464, 5.1358, 3.987, 0, 0.3379, 3.5815, 0, 1.4867, 1.6218, 1.8921, 2.9058, 4.3924, 5.2709, 3.2437, 2.1624, 1.6218, 2.5679, 0, 1.0136, 7.5009, 0.7435, 8.3794, 2.23],
      [0.0841, 0.0631, 1.4504, 0.8408, 0.8408, 0.7147, 0.4204, 0.6516, 0.1471, 0.4204, 1.1982, 1.072, 1.5975, 1.2402, 0, 0.1051, 1.1141, 0.021, 0.4624, 0.5045, 0.5886, 0.9039, 1.3663, 1.6396, 1.009, 0.6726, 0.5045, 0.7988, 0, 0.3153, 2.3333, 0.1471, 2.6065, 8.8071],
      [0.004, 0.003, 0.0695, 0.0403, 0.0403, 0.0342, 0.0201, 0.0312, 0.0071, 0.0201, 0.0574, 0.0514, 0.0766, 0.0594, 0, 0.005, 0.0534, 0.001, 0.0222, 0.0242, 0.0282, 0.0433, 0.0655, 0.0786, 0.0483, 0.0322, 0.0242, 0.0383, 0, 0.0151, 0.1118, 0.0071, 0.1249, 0.0332]
    ],
    [
      [1.7092, 0.493, 0, 8.776, 5.6206, 6.9176, 5.2996, 5.2919, 0, 9.46, 4.8317, 9.7292, 9.9264, 8.6117, 0, 0, 4.3716, 0.0329, 4.3852, 7.1983, 10.3537, 13.9693, 15.5491, 19.8857, 14.9554, 14.2651, 7.0997, 2.4612, 0, 8.7679, 23.9286, 0, 18.5824, 1.5119],
      [0.2518, 0.3637, 0, 0, 0.8281, 1.511, 0.4504, 6.5219, 0.0581, 0, 0, 0, 1.4626, 1.2688, 0.419, 0, 0.6441, 0.8738, 3.308, 0, 0, 2.0582, 2.1507, 2.9299, 2.2035, 2.1018, 1.0461, 0, 0, 0, 3.5256, 0.2325, 2.3875, 0],
      [0.3608, 2.578, 9.2054, 1.8524, 1.1864, 5.5021, 0.6452, 1.117, 0.4777, 3.1836, 1.0199, 2.0536, 2.0952, 1.8177, 0.0486, 0.759, 0.9227, 0.0069, 1.4153, 2.3676, 2.1854, 2.9486, 4.5445, 4.1974, 3.1567, 3.011, 1.4986, 1.3876, 0.0763, 0.8024, 5.0507, 0, 3.4203, 0.6313],
      [45.1882, 9.7893, 214.6396, 231.534, 148.5996, 271.129, 78.5745, 132.6376, 10.428, 131.7136, 127.7496, 258.6585, 262.439, 227.6789, 6.083, 14.7731, 115.5774, 0, 177.2767, 179.3549, 275.2615, 369.3264, 448.4057, 525.747, 395.3965, 377.1474, 175.8622, 173.8007, 9.559, 129.9123, 632.6344, 45.3265, 426.0407, 80.9992],
      [0.8758, 0.2526, 4.1265, 6.2799, 2.8801, 5.255, 1.5664, 4.2414, 0.2021, 2.6612, 2.4759, 4.9855, 5.0865, 4.4128, 0.1179, 0.2863, 2.2401, 0.0168, 3.4359, 14.8578, 5.3055, 7.1582, 8.6909, 10.1899, 7.6635, 7.3098, 3.6381, 8.4497, 1.0331, 2.5433, 12.2616, 2.441, 8.3035, 1.5327],
      [3.6142, 1.5234, 17.0285, 18.5576, 11.8852, 21.6853, 6.4639, 11.1902, 0.8341, 10.9817, 10.9229, 20.5733, 20.9903, 18.2101, 0.3315, 1.1816, 9.2441, 0.0695, 14.1789, 15.2214, 21.8938, 29.5393, 36.6591, 42.0501, 31.6244, 30.1648, 26.8554, 13.9009, 0.3315, 8.9742, 50.5991, 0, 34.2656, 6.3249]
    ],
    [
      [0.7698, 1.1581, 0, 4.1617, 1.914, 0, 4.2522, 10.9344, 0, 1.6649, 0.4208, 1.8282, 5.8147, 23.8924, 0, 0, 0.311, 0, 0, 1.439, 4.4879, 7.9423, 0, 9.6285, 8.3108, 12.6216, 1.4296, 0, 0, 11.3865, 10.4477, 0, 18.7495, 0],
      [3.8617, 0.7639, 0, 0, 17.7047, 11.2029, 3.8013, 7.502, 0.4508, 0, 0, 0, 20.6845, 14.4165, 1.6047, 0, 8.709, 0.6251, 7.767, 0, 0, 4.2221, 0, 24.4994, 3.4231, 6.1196, 7.1851, 0, 0, 0, 10.7055, 2.9197, 45.6252, 0],
      [5.9251, 2.1729, 36.7511, 12.5219, 12.6367, 34.464, 19.4452, 15.2565, 8.9267, 20.8764, 15.9657, 17.863, 41.6059, 36.7036, 0.732, 6.7329, 34.4313, 0.7243, 0.4813, 12.9117, 4.6348, 19.7512, 54.1629, 40.5837, 29.1494, 10.9553, 3.6021, 33.4828, 0.6192, 0, 67.3543, 0, 29.4364, 4.0574],
      [0.746, 0, 21.3789, 0, 5.2523, 3.7613, 0, 0, 0.3994, 0, 19.0387, 14.1594, 10.1722, 3.0193, 0.5042, 5.3518, 4.7174, 0, 4.1002, 0, 19.2257, 26.4121, 25.2716, 0.9666, 12.6377, 47.8942, 0, 10.4824, 0.3524, 0, 28.1769, 2.1339, 0, 7.9292],
      [159.9895, 63.771, 1082.3558, 887.9545, 710.7788, 624.3557, 546.0068, 887.2238, 44.7327, 235.1423, 482.9134, 632.4987, 774.1666, 635.2859, 22.1591, 48.4388, 691.487, 21.3896, 222.8766, 391.2693, 291.9399, 606.2978, 1569.0201, 1149.5414, 779.8685, 548.0075, 289.3901, 993.6986, 28.0284, 271.6135, 2047.1122, 62.9465, 1215.01, 361.3876],
      [8.7079, 1.134, 26.5142, 24.3619, 17.7135, 17.2162, 4.4945, 11.0834, 1.4904, 11.3163, 8.6614, 4.6507, 2.5561, 10.6823, 0, 2.4765, 12.3442, 0.261, 0.7749, 4.38, 6.7116, 10.3745, 27.5454, 11.7803, 17.6106, 10.4018, 12.3931, 11.3362, 0, 0, 43.2034, 0, 12.1789, 2.6258]
    ],
    [
      [4.0894, 1.0223, 13.2905, 15.8463, 13.2905, 18.4022, 15.3352, 23.5139, 0, 8.6899, 15.8463, 25.0474, 16.3575, 37.3155, 0, 0.5112, 14.824, 0.8592, 13.2905, 12.7793, 18.4022, 25.5586, 50.606, 33.2262, 30.6703, 28.6256, 14.824, 21.4692, 0.9942, 22.1922, 92.0109, 2.5559, 31.6926, 3.067],
      [0.0394, 0.0099, 0.1281, 0.1527, 0.1281, 0.1773, 0.1478, 0.2266, 1.0322, 0.0837, 0.1527, 0.2414, 0.1576, 0.3596, 0.5161, 0.0049, 0.1429, 1.0965, 0.1281, 0.1232, 0.1773, 0.2463, 0.4877, 0.3202, 0.2956, 0.2759, 0.1429, 0.2069, 0, 0, 0.8867, 0.0246, 0.3054, 0.0296],
      [0.017, 0.0043, 0.0553, 0.066, 0.0553, 0.0766, 0.0639, 0.0979, 0.0043, 0.0362, 0.066, 0.1043, 0.0681, 0.1554, 0.0021, 0.0021, 0.0617, 0.4591, 0.0553, 0.0532, 0.0766, 0.1064, 0.2107, 0.1384, 0.1277, 0.1192, 0.0617, 0.0894, 0.0043, 0.0915, 0.3831, 0.0106, 0.132, 0.0128],
      [2.2937, 0.5734, 7.4544, 8.8879, 7.4544, 10.3215, 8.6012, 13.1886, 0.5734, 4.874, 8.8879, 14.0487, 9.1747, 20.9297, 0.2867, 0.2867, 8.3145, 0, 7.4544, 7.1677, 10.3215, 14.3354, 28.3841, 18.636, 17.2025, 16.0557, 8.3145, 12.0417, 0.5734, 12.3284, 51.6074, 1.4335, 17.7759, 1.7202],
      [1.5605, 0.3901, 5.0717, 6.047, 5.0717, 7.0224, 5.852, 8.973, 0.3901, 3.3161, 6.047, 9.5582, 6.2421, 14.2398, 0.1951, 0.1951, 5.6569, 0.5852, 5.0717, 4.8766, 7.0224, 9.7533, 19.3115, 12.6792, 11.7039, 10.9237, 5.6569, 8.1927, 0.4281, 8.3878, 35.1118, 0.9753, 12.0941, 1.1704],
      [0, 0, 0, 0, 0, 0, 0, 0, 0, 0, 0, 0, 0, 0, 0, 0, 0, 0, 0, 0, 0, 0, 0, 0, 0, 0, 0, 0, 0, 0, 0, 0, 0, 0]
    ],
    [
      [0.0231, 0.0202, 0.1758, 0.1297, 0.0894, 0.2075, 0.0692, 0.0922, 0, 0.049, 0.0807, 0.1874, 0.1412, 0.1556, 0, 0.0115, 0.0807, 0.0058, 0.0778, 0.1326, 0.8972, 0.1384, 0.2046, 0.294, 0.1614, 0.2191, 0.196, 0.1874, 0.0058, 0.0346, 0.2767, 0, 0.3142, 0.0519],
      [1.8174, 1.5902, 13.8577, 9.5506, 7.0424, 16.3566, 5.4522, 7.2696, 0.4601, 3.862, 6.3609, 1.1304, 11.1316, 12.2675, 0.4601, 0.9087, 6.3609, 0.5771, 6.1337, 8.6988, 7.615, 10.9044, 16.1295, 23.1719, 12.7218, 17.2653, 15.4479, 11.0113, 0, 2.7261, 21.8089, 2.5213, 24.7621, 4.0892],
      [1.5324, 1.3409, 11.6846, 8.6198, 5.9381, 13.7916, 4.5972, 6.1296, 0.3831, 3.2564, 5.3634, 12.4508, 9.386, 10.3437, 0.3831, 0.7662, 5.3634, 0.3831, 5.1719, 10.5625, 7.0874, 9.1944, 13.6001, 19.5381, 10.7268, 14.5578, 13.0254, 12.4508, 0.3831, 2.2986, 18.3888, 1.5324, 20.879, 3.4479],
      [0.4909, 0.4296, 3.7433, 2.7614, 1.9023, 4.4183, 1.4728, 1.9637, 0.1227, 1.0432, 1.7182, 17.6248, 3.0069, 3.3137, 0.1227, 0.2455, 1.7182, 0, 1.6568, 2.8228, 2.2705, 2.9455, 4.3569, 6.2592, 3.4364, 4.6637, 4.1728, 3.9887, 0.5135, 0.7364, 5.891, 0.4909, 6.6888, 1.1046],
      [1.4624, 1.2796, 11.1509, 8.8983, 5.6668, 13.1617, 4.3872, 5.8496, 0.3656, 3.1076, 5.1184, 11.8821, 8.9573, 9.8713, 0.3656, 0.7312, 5.1184, 0.3656, 4.9356, 8.4089, 6.7637, 8.7745, 12.9789, 18.6458, 10.2369, 13.8929, 12.4305, 15.6372, 0.4292, 2.1936, 17.5489, 1.4624, 19.9254, 3.2904],
      [2.6738, 2.3396, 20.3878, 15.0402, 10.361, 24.0642, 8.0214, 10.6952, 0.6685, 5.6818, 9.3583, 21.7247, 16.3771, 18.0482, 0.6685, 1.3369, 9.3583, 0.6685, 9.0241, 15.3744, 12.3663, 16.0428, 23.73, 34.091, 18.7166, 25.4011, 22.7273, 21.7247, 0.6685, 4.0107, 32.0857, 1.9929, 36.4306, 6.0161]
    ]
  ],
  "V_est": [
    [0.0507, 0.0029, 1160.1894, 2.9016, 1368.8554, 0],
    [127.4825, 939.6945, 70.7405, 88.1703, 34.6411, 1.2712],
    [243.985, 36.5973, 71.5256, 6709.2438, 152.7775, 547.8708],
    [143.5653, 203.7938, 634.9179, 274.0837, 19378.658, 336.9812],
    [626.206, 8.4479, 3.0687, 351.5041, 239.7733, 0],
    [4.7105, 291.4636, 264.5579, 98.0966, 255.2948, 457.8767]
  ],
  "p_est": [
    [0, 1.1381e-06, 0.4582, 0.0011, 0.5406, 6.1854e-09],
    [0.101, 0.7446, 0.0561, 0.0699, 0.0274, 0.001],
    [0.0314, 0.0047, 0.0092, 0.8644, 0.0197, 0.0706],
    [0.0068, 0.0097, 0.0303, 0.0131, 0.924, 0.0161],
    [0.5095, 0.0069, 0.0025, 0.286, 0.1951, 0],
    [0.0034, 0.2124, 0.1928, 0.0715, 0.1861, 0.3337]
  ],
  "EI_Z": {},
  "EI_V": 10.9524,
  "MAE_Z": {},
  "MAE_V": 213.7485,
  "MAE_p": 0.0661,
  "runtime": 0.9519
}
