{
  "X": [
    [20, 5, 12, 8, 13, 11, 7, 8, 9, 7],
    [28, 7, 12, 9, 11, 4, 9, 4, 9, 7],
    [21, 3, 13, 9, 20, 9, 5, 5, 13, 2],
    [22, 5, 13, 9, 15, 5, 12, 7, 9, 3],
    [24, 4, 12, 11, 15, 5, 4, 7, 10, 8],
    [28, 4, 12, 9, 12, 7, 10, 5, 7, 6],
    [15, 6, 8, 8, 11, 11, 15, 7, 10, 9],
    [14, 2, 4, 3, 13, 15, 16, 13, 14, 6],
    [11, 5, 5, 2, 11, 11, 12, 16, 14, 13],
    [14, 1, 9, 7, 9, 7, 12, 19, 11, 11],
    [17, 4, 5, 2, 7, 9, 23, 18, 7, 8],
    [19, 2, 9, 2, 9, 9, 20, 15, 4, 11],
    [9, 3, 5, 5, 16, 15, 9, 9, 15, 14],
    [6, 10, 2, 7, 16, 5, 6, 12, 21, 15],
    [8, 6, 9, 6, 15, 8, 6, 13, 12, 17],
    [9, 5, 10, 6, 24, 8, 3, 7, 15, 13],
    [16, 8, 6, 9, 16, 5, 5, 15, 18, 2],
    [11, 5, 3, 4, 22, 6, 6, 14, 15, 14],
    [12, 6, 3, 8, 21, 10, 6, 10, 16, 8],
    [28, 6, 4, 6, 13, 9, 12, 8, 7, 7],
    [28, 7, 9, 8, 4, 7, 9, 5, 12, 11],
    [29, 5, 10, 1, 10, 10, 18, 5, 8, 4],
    [27, 3, 5, 4, 14, 7, 18, 10, 5, 7],
    [28, 9, 7, 8, 6, 6, 16, 4, 9, 7],
    [26, 8, 6, 7, 10, 8, 14, 8, 10, 3],
    [15, 10, 8, 12, 12, 19, 5, 8, 11, 0],
    [18, 9, 11, 10, 8, 10, 6, 10, 11, 7],
    [20, 12, 14, 13, 6, 16, 3, 8, 7, 1],
    [13, 11, 7, 14, 3, 20, 2, 7, 19, 4],
    [16, 11, 20, 11, 5, 10, 4, 3, 15, 5],
    [16, 10, 16, 11, 4, 18, 5, 6, 10, 4],
    [28, 12, 11, 3, 9, 10, 3, 6, 11, 7],
    [24, 6, 8, 8, 7, 9, 5, 11, 11, 11],
    [24, 6, 5, 3, 13, 13, 7, 7, 8, 14],
    [21, 4, 11, 4, 11, 10, 7, 7, 14, 11],
    [27, 2, 15, 3, 5, 11, 2, 12, 11, 12],
    [27, 6, 10, 5, 9, 14, 5, 5, 12, 7],
    [18, 8, 9, 5, 6, 17, 8, 5, 10, 14],
    [7, 18, 32, 3, 8, 7, 7, 4, 6, 8],
    [6, 11, 27, 9, 12, 7, 9, 6, 4, 9],
    [14, 15, 29, 6, 9, 1, 6, 7, 7, 6],
    [16, 15, 17, 5, 6, 9, 6, 8, 12, 6],
    [13, 22, 24, 7, 10, 8, 5, 4, 3, 4],
    [14, 11, 24, 7, 10, 6, 5, 7, 6, 10],
    [18, 3, 3, 2, 13, 6, 6, 14, 17, 18],
    [25, 3, 6, 2, 18, 4, 6, 7, 15, 14],
    [22, 3, 5, 3, 17, 4, 6, 12, 18, 10],
    [26, 6, 6, 6, 16, 2, 3, 11, 11, 13],
    [19, 5, 6, 5, 12, 3, 6, 12, 15, 17],
    [23, 4, 6, 2, 9, 4, 5, 10, 16, 21]
  ],
  "W": [
    [53, 6, 4, 10, 6, 7, 8, 6],
    [55, 3, 5, 9, 6, 9, 9, 4],
    [55, 4, 10, 7, 3, 7, 9, 5],
    [56, 5, 5, 5, 4, 11, 8, 6],
    [53, 7, 7, 8, 6, 7, 2, 10],
    [63, 1, 6, 9, 3, 7, 7, 4],
    [19, 35, 10, 11, 10, 7, 5, 3],
    [9, 65, 3, 4, 8, 5, 4, 2],
    [5, 60, 7, 5, 7, 7, 7, 2],
    [9, 46, 6, 11, 9, 6, 5, 8],
    [6, 62, 4, 7, 4, 3, 8, 6],
    [8, 59, 6, 6, 3, 8, 6, 4],
    [5, 37, 31, 9, 4, 7, 4, 3],
    [4, 6, 57, 5, 8, 6, 7, 7],
    [4, 6, 53, 6, 5, 6, 12, 8],
    [6, 9, 48, 7, 12, 7, 3, 8],
    [5, 7, 54, 8, 9, 4, 5, 8],
    [7, 6, 54, 10, 4, 6, 4, 9],
    [8, 5, 46, 20, 5, 5, 3, 8],
    [4, 5, 9, 52, 5, 8, 6, 11],
    [1, 7, 9, 50, 8, 7, 11, 7],
    [11, 7, 5, 50, 7, 8, 5, 7],
    [11, 9, 3, 59, 5, 6, 3, 4],
    [7, 10, 8, 56, 5, 6, 4, 4],
    [10, 7, 6, 56, 6, 6, 5, 4],
    [8, 7, 5, 5, 52, 8, 8, 7],
    [7, 13, 6, 6, 51, 1, 6, 10],
    [7, 6, 4, 4, 64, 5, 7, 3],
    [7, 7, 7, 1, 57, 8, 6, 7],
    [6, 3, 5, 7, 63, 4, 5, 7],
    [8, 4, 7, 7, 56, 6, 6, 6],
    [7, 3, 14, 6, 19, 43, 2, 6],
    [5, 3, 9, 7, 5, 55, 10, 6],
    [2, 9, 14, 8, 5, 51, 6, 5],
    [6, 10, 6, 7, 7, 55, 6, 3],
    [2, 6, 7, 9, 6, 56, 5, 9],
    [7, 6, 4, 7, 9, 57, 4, 6],
    [3, 7, 9, 6, 12, 36, 20, 7],
    [3, 6, 4, 2, 6, 7, 64, 8],
    [3, 4, 12, 3, 5, 8, 61, 4],
    [7, 7, 6, 9, 6, 6, 53, 6],
    [8, 3, 7, 8, 4, 7, 59, 4],
    [6, 5, 6, 6, 4, 4, 60, 9],
    [4, 3, 6, 5, 3, 9, 50, 20],
    [10, 5, 7, 3, 4, 6, 4, 61],
    [5, 6, 6, 3, 8, 6, 7, 59],
    [9, 9, 4, 4, 6, 6, 9, 53],
    [5, 5, 5, 5, 12, 7, 4, 57],
    [6, 5, 3, 9, 7, 4, 9, 57],
    [10, 9, 6, 8, 2, 4, 4, 57]
  ],
  "method": "mult",
  "cond_prob": [
    [
      [0.23527472927, 0.021604173059, 0.13456239224, 0.10942354044, 0.17206288289, 0.087627054113, 0.066556364566, 0.055683098801, 0.086201465063, 0.031004299549],
      [0.070499273074, 0.0021662317995, 0.01802897391, 0.0033755109567, 0.078446357276, 0.17560208029, 0.17341215704, 0.25168163639, 0.086299792561, 0.1404879867],
      [0.010916246665, 0.056609685906, 0.0091307731215, 0.056256724513, 0.23723717096, 0.073447482276, 0.011612920744, 0.17125593572, 0.19481561308, 0.17871744701],
      [0.3269159752, 0.060707888018, 0.032678610863, 0.051543860904, 0.071901385238, 0.10553330966, 0.17597788857, 0.063955142069, 0.056823807007, 0.053962132473],
      [0.10628010689, 0.13752354727, 0.13580797249, 0.1394073234, 0.014264548068, 0.29311410421, 0.004386210987, 0.052015965142, 0.11495687469, 0.0022433468385],
      [0.24737893668, 0.032591502086, 0.085213977385, 0.017869738155, 0.049666123076, 0.21623528632, 0.015271139012, 0.079426930641, 0.097913930854, 0.1584324358],
      [0.033852244961, 0.23594372538, 0.36654378488, 0.056209539905, 0.052928034126, 0.08065049892, 0.048996438569, 0.04392112174, 0.021878733645, 0.05907587787],
      [0.19241130227, 0.011272035325, 0.0088357018415, 0.0047708928068, 0.14755868399, 0.0059158339484, 0.016770403254, 0.16577958373, 0.16930907344, 0.27737648939]
    ],
    [
      [0.32829909417, 0.026995839284, 0.12538680622, 0.11653010699, 0.14160747057, 0.029153571733, 0.093296179717, 0.027731569057, 0.08226029355, 0.028739068715],
      [0.11398450377, 0.0031861924371, 0.019785033816, 0.0044647410165, 0.075836523316, 0.072549701612, 0.27876670754, 0.15938429603, 0.099900664766, 0.1721416357],
      [0.018012999173, 0.084146471041, 0.0099101039048, 0.069060056922, 0.22525598142, 0.02981207835, 0.018575253734, 0.10665678056, 0.22252576362, 0.21604451127],
      [0.40924189363, 0.071293733354, 0.027901897959, 0.050177976436, 0.054164281238, 0.033760246405, 0.22042487839, 0.031135271163, 0.050931531305, 0.050968290118],
      [0.16962873625, 0.20530505368, 0.14585151565, 0.17188667873, 0.013772003014, 0.11992832707, 0.0073188498302, 0.032286685525, 0.13177502549, 0.0022471247575],
      [0.36770114917, 0.04544216033, 0.085649969788, 0.020710553168, 0.044409774479, 0.082561790867, 0.023054405304, 0.04616498231, 0.10474105083, 0.17956416375],
      [0.047893636156, 0.30487076057, 0.34041740352, 0.06016829248, 0.043909068542, 0.028395209513, 0.067792193335, 0.023496327159, 0.021387935976, 0.061669172742],
      [0.2675571963, 0.014661924108, 0.0084968754487, 0.0053295342159, 0.12320487636, 0.0019547186534, 0.023544333009, 0.090609393027, 0.16978955659, 0.29485159229]
    ],
    [
      [0.24886461228, 0.0094538703404, 0.13391921431, 0.11917735758, 0.22998707636, 0.069329907325, 0.048129372971, 0.028067639493, 0.10745501523, 0.0056159341165],
      [0.096934151317, 0.0013827606, 0.023892186225, 0.005220124467, 0.13487356949, 0.19196927295, 0.16820686635, 0.18809147779, 0.1438379512, 0.045591639617],
      [0.013484426357, 0.035536364933, 0.010190282191, 0.067735619415, 0.3518211957, 0.069296377998, 0.0095053895238, 0.11067816912, 0.28157631734, 0.050175857425],
      [0.3805811454, 0.037555973618, 0.036782211784, 0.061212749102, 0.10582108789, 0.097681557234, 0.14518029998, 0.040162653837, 0.080374875749, 0.0146474454],
      [0.12150951146, 0.083985672304, 0.14939636643, 0.16035836143, 0.020972936298, 0.26775031882, 0.003584567214, 0.032172719734, 0.15983867839, 0.00043086792426],
      [0.30468309059, 0.021203353122, 0.10116971543, 0.022883779313, 0.077526924306, 0.21294339967, 0.013257451328, 0.053094522451, 0.14700492044, 0.046232843345],
      [0.043211221537, 0.15757104152, 0.44087841969, 0.071479389453, 0.083895097874, 0.080005807748, 0.043197286294, 0.029434212958, 0.033078410829, 0.017249112101],
      [0.24791725515, 0.007546152359, 0.011042655793, 0.0067886706141, 0.23831875802, 0.0056672601656, 0.015281917704, 0.11658118315, 0.26599577565, 0.084860371396]
    ],
    [
      [0.24920236172, 0.020643776372, 0.13774635669, 0.12141624672, 0.18325699492, 0.03511700698, 0.12838853391, 0.0416627415, 0.074721660615, 0.0078443205751],
      [0.081231685924, 0.0022784167737, 0.020128923675, 0.0044281167428, 0.09052405049, 0.082898042993, 0.3468779568, 0.22783277886, 0.086354407128, 0.057445620618],
      [0.014149832423, 0.068982490587, 0.011352704034, 0.073436868949, 0.30065925261, 0.038111374462, 0.026165941722, 0.17087417732, 0.21553573702, 0.080731620869],
      [0.32327797592, 0.057770326987, 0.031321470938, 0.052930597391, 0.071726878336, 0.042720467111, 0.30349798467, 0.049342689328, 0.048716021531, 0.01869558778],
      [0.13349800484, 0.16639087819, 0.16267208774, 0.17990768629, 0.018305390573, 0.1514098512, 0.010267292901, 0.051039993843, 0.12586477166, 0.00064404276186],
      [0.32979880455, 0.041729150281, 0.10907608813, 0.0252029916, 0.066946890811, 0.11861773259, 0.03676891341, 0.083013959906, 0.11372437753, 0.075121091195],
      [0.037510316527, 0.24886004772, 0.38170432017, 0.063601730033, 0.058357501555, 0.035930461264, 0.093913241933, 0.037230195711, 0.020303471174, 0.022588713914],
      [0.24825147842, 0.013887967297, 0.011338108429, 0.006839129195, 0.19109333396, 0.0028200054914, 0.038449921768, 0.16858052474, 0.19095019471, 0.12778933599]
    ],
    [
      [0.27235546193, 0.021934333897, 0.16154913803, 0.15230463669, 0.17957072426, 0.036223200349, 0.036122473687, 0.035969270287, 0.079939695086, 0.024031065783],
      [0.10689413532, 0.0029001159945, 0.028455269884, 0.006695045811, 0.10638693933, 0.10257158726, 0.13121136484, 0.24134105616, 0.10642004076, 0.16712444465],
      [0.01407653937, 0.06445026404, 0.012223683778, 0.084386168526, 0.26710755782, 0.035655472725, 0.0070378242613, 0.13714735741, 0.20038460266, 0.17753052941],
      [0.4087003998, 0.068513696088, 0.04259248085, 0.07719482294, 0.081105873508, 0.050762860067, 0.11022601328, 0.050264148736, 0.057949467531, 0.052690237201],
      [0.13416157776, 0.15751897228, 0.17602890483, 0.20863559891, 0.016596096871, 0.14312276532, 0.0025627960389, 0.041334712154, 0.11829119935, 0.001747376489],
      [0.31819532832, 0.037788856757, 0.11296976601, 0.027887584665, 0.057719510695, 0.10769242159, 0.009614643093, 0.064645408055, 0.10290774202, 0.16057873879],
      [0.038760327687, 0.24246907181, 0.42448679839, 0.075279860174, 0.053516959695, 0.034901336804, 0.027624100868, 0.031054971834, 0.019873291356, 0.052033281379],
      [0.23389051762, 0.012334409991, 0.011646777404, 0.0075140765148, 0.16087960708, 0.0024091864427, 0.0098028985007, 0.12794605169, 0.16821199433, 0.26536448043]
    ],
    [
      [0.316939361, 0.016695747565, 0.12666928099, 0.11224616121, 0.1406282062, 0.058354298579, 0.10388991481, 0.036409010087, 0.06323834111, 0.024929678442],
      [0.098974021346, 0.0018941691718, 0.018301141415, 0.003932607007, 0.068479735158, 0.12885615428, 0.27874949244, 0.1900656094, 0.069696831932, 0.14105023786],
      [0.018205725632, 0.058105629385, 0.01040462441, 0.069053030063, 0.23356989198, 0.060916626961, 0.021448136896, 0.14616725527, 0.17850368455, 0.20362539485],
      [0.39019343852, 0.046890167044, 0.028136113669, 0.047942418771, 0.053619787465, 0.06590967776, 0.24201470588, 0.040673194037, 0.038981388093, 0.045639108765],
      [0.15998470249, 0.1344433914, 0.14670709923, 0.16222126844, 0.013536814796, 0.23166709601, 0.0079400193398, 0.041744931294, 0.099840187599, 0.0019144894065],
      [0.34381006551, 0.029267664237, 0.085246341602, 0.01949111154, 0.043154362572, 0.15803873308, 0.024873828851, 0.059170007465, 0.078651793453, 0.15829609168],
      [0.049349216496, 0.21811162646, 0.37326416076, 0.061989730297, 0.046911203334, 0.059769847716, 0.080252075183, 0.033093974303, 0.017663106762, 0.059595058685],
      [0.27020046343, 0.010160811358, 0.0090466430803, 0.0054323973174, 0.12921910734, 0.0041187050092, 0.027415828442, 0.12550545273, 0.13767705343, 0.28122353787]
    ],
    [
      [0.23612691627, 0.02816459024, 0.13848787116, 0.16337773827, 0.16668701475, 0.057544704086, 0.090843329895, 0.021622211186, 0.077688937112, 0.019456687036],
      [0.084123706554, 0.0073643669343, 0.026360351502, 0.010094644723, 0.089906333903, 0.14389838822, 0.28185867189, 0.13037480813, 0.09605296993, 0.12996575822],
      [0.012817230281, 0.081900641164, 0.011959073814, 0.095443060593, 0.26492620479, 0.057781015458, 0.017344810472, 0.086587997002, 0.20912434902, 0.16211561741],
      [0.31986474363, 0.07511582893, 0.033922651578, 0.075328826715, 0.068349410614, 0.070618440798, 0.23740432641, 0.026971122718, 0.051743467442, 0.040681181164],
      [0.10916768795, 0.17737881061, 0.14280925614, 0.21185369768, 0.01409418648, 0.2053832918, 0.005130403438, 0.023092313453, 0.11066034559, 0.00043000685831],
      [0.28371974014, 0.047288813158, 0.099890271115, 0.031124040028, 0.055472662398, 0.16933331649, 0.023800081968, 0.040105217731, 0.10518361158, 0.14408224539],
      [0.032759398844, 0.2812996472, 0.35852882199, 0.079221205974, 0.049186062588, 0.052535812188, 0.064709126036, 0.018213273138, 0.01927143582, 0.044275216223],
      [0.2270207747, 0.016843792894, 0.011136556947, 0.0089838069681, 0.1699795513, 0.0045829456972, 0.027525760729, 0.086923786258, 0.18746289975, 0.25954012475]
    ],
    [
      [0.2874611367, 0.0026249860079, 0.087698774414, 0.10045163108, 0.22991596998, 0.065286604076, 0.071900705042, 0.030730127103, 0.11203657758, 0.01189348802],
      [0.097112017534, 0, 0.010064496248, 0.0028430589508, 0.12542691633, 0.16152332866, 0.2169133319, 0.17448953528, 0.13866744824, 0.072959866867],
      [0.014101441369, 0.037397703162, 0.0062596104478, 0.05457511158, 0.34038403078, 0.061430651595, 0.01349796539, 0.10816370714, 0.28040730081, 0.083782477715],
      [0.38735707689, 0.037608696625, 0.021366451642, 0.047137572647, 0.097025995154, 0.082728350502, 0.18834696446, 0.038037055652, 0.07665118689, 0.023740649542],
      [0.14383689642, 0.099113036418, 0.10261961883, 0.14826450217, 0.022538758188, 0.26269321592, 0.0057073259809, 0.035663865987, 0.17858416002, 0.00097862006179],
      [0.32958953844, 0.02255361324, 0.063004652106, 0.018412623491, 0.075531452844, 0.19075142714, 0.018863524106, 0.053362629005, 0.14924213712, 0.078688402505],
      [0.053407939189, 0.19826321065, 0.32590284373, 0.067704936567, 0.094102915959, 0.08331678843, 0.06990407248, 0.034396399005, 0.03866657481, 0.034334319178],
      [0.248280689, 0.0075110148993, 0.0063412750769, 0.0049309910058, 0.21718582122, 0.0048144135168, 0.020026404519, 0.10763002509, 0.25045487548, 0.1328244902]
    ],
    [
      [0.25507706148, 0.028011288434, 0.11208403343, 0.077540599942, 0.21297323214, 0.055268926243, 0.064324274077, 0.043690177371, 0.12289740326, 0.028133003621],
      [0.075745408299, 0, 0.012440306157, 0.0014451895245, 0.10447223945, 0.12102168338, 0.17154225132, 0.22162216539, 0.13662144466, 0.15508931182],
      [0.011648701951, 0.068212160543, 0.0065510706916, 0.035477196745, 0.26668718166, 0.043969082224, 0.010094180475, 0.13017648473, 0.26027124911, 0.16691269187],
      [0.34713398141, 0.080724060744, 0.026576380721, 0.035385419427, 0.087750213283, 0.068308206863, 0.16451646157, 0.052807304408, 0.082126844256, 0.054671127314],
      [0.1206095074, 0.19861587831, 0.11979005883, 0.10477557453, 0.019252312482, 0.20392692868, 0.0045278494491, 0.046544398217, 0.17955268655, 0.0024048055539],
      [0.27008070857, 0.044384332774, 0.071557975608, 0.012580758093, 0.062641962256, 0.14422619423, 0.014939892716, 0.067843670055, 0.14631231364, 0.16543219206],
      [0.036244258216, 0.32150906874, 0.30881419433, 0.038947454159, 0.065445957142, 0.052758447213, 0.046713564334, 0.036770494307, 0.032033811191, 0.060762750375],
      [0.18706902732, 0.013636585785, 0.0066432318193, 0.003095823505, 0.16492825563, 0.0033243826495, 0.014666416869, 0.12541866814, 0.22520082961, 0.25601677867]
    ],
    [
      [0.22602718632, 0.0046421653681, 0.17947636981, 0.1878977869, 0.1471525057, 0.034107672862, 0.063294774399, 0.052511533968, 0.082965749549, 0.021924255127],
      [0.075655757424, 6.8709238944e-05, 0.026809116111, 0.0056001290368, 0.081046815263, 0.084381069966, 0.1908291616, 0.29841253955, 0.10303171377, 0.13416498803],
      [0.011639426461, 0.014557503858, 0.013682221168, 0.10818430831, 0.23012107122, 0.033969479581, 0.012438078809, 0.19453800716, 0.21918873337, 0.16168117006],
      [0.35071284091, 0.015369948447, 0.048643020145, 0.098194354551, 0.069423390734, 0.048118209101, 0.18521544007, 0.072409247145, 0.063398286882, 0.048515262013],
      [0.11785863444, 0.036585106247, 0.21150496488, 0.27894655347, 0.014780646109, 0.1387782864, 0.0048012467725, 0.061420413419, 0.13326061328, 0.0020635349826],
      [0.28281544736, 0.0087863232519, 0.13564452073, 0.036396663563, 0.051013415602, 0.10511510477, 0.017358615199, 0.09555710344, 0.116203834, 0.1511089721],
      [0.035399493011, 0.058958509726, 0.54268344224, 0.10409645468, 0.049504781769, 0.035715450454, 0.050523376134, 0.048084244479, 0.023576474963, 0.051457772542],
      [0.2029118517, 0.0027336232835, 0.012937220315, 0.0090861245357, 0.13955750047, 0.0025140112227, 0.017528436272, 0.18376775621, 0.18586062079, 0.2431028552]
    ],
    [
      [0.36607591266, 0.023390637731, 0.11132688965, 0.086959457297, 0.12847982608, 0.047288008301, 0.11314413637, 0.0465122821, 0.060807202264, 0.016015647553],
      [0.11448716115, 0, 0.011335112021, 0.00085881132824, 0.060474547926, 0.10615601923, 0.3137075741, 0.23907810518, 0.065658486832, 0.08824418222],
      [0.022442729861, 0.083854695336, 0.0095519308758, 0.056770888242, 0.22966826935, 0.053632708674, 0.025985907131, 0.19709588325, 0.1842649819, 0.13673200538],
      [0.42978092772, 0.058557054215, 0.022530965016, 0.034041556078, 0.045487909492, 0.050462050435, 0.24857001877, 0.048604041792, 0.034954008404, 0.027011468078],
      [0.19014272004, 0.18451062801, 0.13066274105, 0.12919573373, 0.012417364459, 0.19087076239, 0.0094583224638, 0.054043632975, 0.097454799579, 0.0012432952903],
      [0.4134419539, 0.040110204546, 0.076102074457, 0.01505681389, 0.040110147735, 0.13141382847, 0.028438960922, 0.076719409637, 0.077287995865, 0.10131861057],
      [0.077466996496, 0.27163188061, 0.32941652512, 0.046623013056, 0.041969609621, 0.04841738756, 0.088648224009, 0.041948137808, 0.016661714258, 0.037216511467],
      [0.33107840086, 0.013818307037, 0.0078413082744, 0.0041141712188, 0.12280897504, 0.0036283224381, 0.032499310479, 0.16459234953, 0.13793595273, 0.18168290239]
    ],
    [
      [0.35257458762, 0.012063381249, 0.1919648333, 0.076431596406, 0.14497206486, 0.042227956215, 0.093687641253, 0.035648881198, 0.03075257807, 0.019676479822],
      [0.1310986634, 0.00088079818141, 0.033832056288, 0.0019192499689, 0.075419520313, 0.10582189363, 0.28801430963, 0.20453114342, 0.036683084687, 0.12179928048],
      [0.025095207514, 0.048748051917, 0.019531289168, 0.056893976704, 0.29561426849, 0.054623067003, 0.024330897422, 0.17442633399, 0.10658489944, 0.19415200835],
      [0.45715878358, 0.033217796615, 0.043970554778, 0.033227298069, 0.056771373702, 0.049818014914, 0.22791828824, 0.041297525632, 0.019568859833, 0.037051504635],
      [0.20331316774, 0.10471342985, 0.24942982686, 0.12604664932, 0.015551436104, 0.1895983678, 0.0083262368823, 0.046426007613, 0.054981581999, 0.0016132958249],
      [0.40890376298, 0.020995866853, 0.13473611332, 0.013555927889, 0.046186378644, 0.12074864128, 0.024275295317, 0.06090285247, 0.040164113571, 0.12953104767],
      [0.051600832813, 0.14111755685, 0.53326236745, 0.038675095559, 0.044516966145, 0.040637261371, 0.068671076205, 0.030178742113, 0.007881535126, 0.04345856636],
      [0.34007090196, 0.0077295501542, 0.015356589258, 0.0039864718832, 0.14822769879, 0.0033575831344, 0.028237989426, 0.13638875885, 0.074801989484, 0.24184246706]
    ],
    [
      [0.20713190461, 0.014112381419, 0.14344497697, 0.1380740794, 0.19902877364, 0.0878245004, 0.061789270452, 0.025335413402, 0.097306110101, 0.025952589601],
      [0.064821137266, 0.0018895305837, 0.019791246147, 0.0061363046855, 0.10804359918, 0.20974587456, 0.17751129523, 0.13918711472, 0.11880374173, 0.1540701559],
      [0.0054508163219, 0.039792407099, 0.0083329998275, 0.073322421232, 0.28647987915, 0.079503371426, 0.0067644350229, 0.086525666027, 0.23708542889, 0.17674257501],
      [0.30730402488, 0.044000697167, 0.036766624131, 0.069344527888, 0.09046728758, 0.11841314515, 0.17348592925, 0.033454352731, 0.071575273771, 0.055188137444],
      [0.09282528542, 0.093645538049, 0.14576437288, 0.17631670278, 0.017327916244, 0.30847513651, 0.0036854887657, 0.025563233565, 0.1343969679, 0.001999357888],
      [0.22698924172, 0.023109665964, 0.094697176955, 0.023755763317, 0.06128132491, 0.23780344274, 0.014089565027, 0.040753806603, 0.11994156454, 0.15757844822],
      [0.030728539587, 0.16721517507, 0.4212221001, 0.073358234569, 0.064544433911, 0.088108255865, 0.047155053605, 0.022328594437, 0.026731289243, 0.058608323615],
      [0.18270229202, 0.0082480175098, 0.010150088415, 0.0068334759513, 0.18523414848, 0.0063332166537, 0.016691916881, 0.08772363624, 0.21326708849, 0.28281611936]
    ],
    [
      [0.21202035475, 0.033801803951, 0.054245448283, 0.14928417636, 0.1750402177, 0.043295639892, 0.13080764574, 0.047139346736, 0.12448100145, 0.029884365139],
      [0.056188803666, 0.0024432736482, 0.0061182573038, 0.0042231154777, 0.073451549361, 0.082787965058, 0.31234127685, 0.20560153141, 0.11742622116, 0.13941800607],
      [0, 0.07430292537, 0, 0.065766214203, 0.22275510619, 0.031123639732, 0.01646014181, 0.14380547101, 0.2662279658, 0.17955853588],
      [0.25493261376, 0.085560998782, 0.011039689221, 0.060564385781, 0.064310651678, 0.047149920322, 0.30117637083, 0.050338492022, 0.073706640724, 0.051220236876],
      [0.096599139445, 0.24607136708, 0.044585144625, 0.19697161479, 0.016587141903, 0.15875770799, 0.008653943337, 0.049755672992, 0.17905105564, 0.0029672121942],
      [0.24174862248, 0.057565203744, 0.037064042608, 0.026481659864, 0.056196434662, 0.12243868842, 0.032242832103, 0.078770752759, 0.15937978913, 0.18811197423],
      [0.03039112207, 0.39426593054, 0.15614028085, 0.078503521194, 0.05683496563, 0.042784394738, 0.098238216106, 0.041451620876, 0.034339150625, 0.067050797368],
      [0.15772856932, 0.016176818491, 0.002723262617, 0.0059772767576, 0.13897357414, 0.0023011465961, 0.029750823792, 0.13834255292, 0.23213288267, 0.2758930927]
    ],
    [
      [0.23775419689, 0.016699683149, 0.17155977391, 0.11862259665, 0.14699995637, 0.065086726086, 0.10348056256, 0.045473619836, 0.065044848007, 0.029278036537],
      [0.069382697108, 0.0017992202392, 0.023068399022, 0.0037620176326, 0.066201203125, 0.13515942947, 0.26723006288, 0.2168336373, 0.066415302653, 0.15014803057],
      [0.011408419176, 0.051129127866, 0.015731401644, 0.066390131016, 0.2218720116, 0.064404002487, 0.021672642359, 0.16699003441, 0.16656603127, 0.21383619817],
      [0.31375361307, 0.04594951622, 0.040004513872, 0.052860561171, 0.0585549838, 0.07790691363, 0.26047085969, 0.053238623183, 0.041921222847, 0.055339192522],
      [0.11474677779, 0.11771498604, 0.18760429341, 0.16279099334, 0.013215071647, 0.24760382608, 0.0077067517567, 0.049470177245, 0.097066063036, 0.0020810596542],
      [0.26054153864, 0.027254022603, 0.11378216135, 0.020277529386, 0.044486672552, 0.17646511812, 0.024954168755, 0.073053373415, 0.079887122125, 0.17929829305],
      [0.032160885128, 0.17566456011, 0.44844233857, 0.057251694932, 0.042573722642, 0.059446351372, 0.07189794882, 0.036439632743, 0.015637641855, 0.060485223823],
      [0.20282567409, 0.0095989105696, 0.012442080227, 0.0055570893169, 0.13254579661, 0.0047096062129, 0.027523501522, 0.15303167678, 0.13868713092, 0.31307853375]
    ],
    [
      [0.20210928008, 0.015646154892, 0.24113671409, 0.10049756462, 0.23039357775, 0.049508248281, 0.042465610299, 0.022181904209, 0.074396489345, 0.021664456438],
      [0.082501337335, 0.0026847432428, 0.045945735179, 0.0049933049514, 0.14752936794, 0.14526500784, 0.15615062737, 0.15037060582, 0.10738792173, 0.1571713486],
      [0.0023991228763, 0.050167262564, 0.024614936292, 0.060529942637, 0.36629897476, 0.048079025746, 0.0022487478934, 0.082924310388, 0.19961912366, 0.16311855318],
      [0.33962538734, 0.054196960862, 0.071430174432, 0.057306899747, 0.11774345375, 0.075505025695, 0.13748019145, 0.033130421867, 0.061357372956, 0.052224111894],
      [0.10066366755, 0.11428935957, 0.27643181419, 0.14420002037, 0.023290834019, 0.19669203155, 0.0017206188065, 0.02505643848, 0.11613873443, 0.0015164810227],
      [0.24641556192, 0.02821874006, 0.17771319523, 0.019477582693, 0.078572494807, 0.14953642655, 0.010622233925, 0.039784337099, 0.10168868229, 0.14797074542],
      [0.024741545173, 0.14801004508, 0.57951305855, 0.044292262364, 0.061674745845, 0.041103620559, 0.026841274845, 0.01619500789, 0.016776096978, 0.040852342712],
      [0.1931498868, 0.010189927738, 0.019803327905, 0.0057336515581, 0.2335996935, 0.0036083497343, 0.011752820646, 0.084192578198, 0.17751204271, 0.2604577212]
    ],
    [
      [0.36542140376, 0.021005155902, 0.13104429888, 0.13656867449, 0.12674824844, 0.031365647576, 0.067314523526, 0.041292956817, 0.076478804589, 0.0027602860125],
      [0.15002114869, 0.0031699719772, 0.024742060983, 0.0064168653399, 0.078603480079, 0.090067266717, 0.24031186184, 0.27780619097, 0.10846607723, 0.020395076165],
      [0.042514913548, 0.082092908201, 0.019093110122, 0.10071443639, 0.23718778468, 0.040723188816, 0.019230275013, 0.18791914771, 0.24494190978, 0.025582325736],
      [0.48719273828, 0.0583237204, 0.031327595079, 0.061809351411, 0.049868398309, 0.037973503963, 0.17074157676, 0.048450591661, 0.049002466284, 0.0053100578513],
      [0.18808182757, 0.15577853475, 0.15133387054, 0.19722446902, 0.010316734538, 0.12511136103, 0.005609836709, 0.046696683849, 0.11984668199, 0],
      [0.46350280672, 0.039562994351, 0.10045114483, 0.027323232622, 0.044245907785, 0.09816329754, 0.018842240976, 0.077876886741, 0.10959349577, 0.02043799266],
      [0.059850702399, 0.25880997881, 0.40573212495, 0.077602702324, 0.04289647188, 0.033481226714, 0.054653423028, 0.038686901935, 0.021403010114, 0.0068834578422],
      [0.38542456443, 0.014858615792, 0.012183166568, 0.0083571913178, 0.14057877955, 0.0029748867853, 0.022219034402, 0.17355511979, 0.20193142581, 0.03791721555]
    ],
    [
      [0.27998298426, 0.018119402411, 0.093148383639, 0.083125383788, 0.21796968668, 0.052002061695, 0.096171697055, 0.050863393701, 0.083006169455, 0.025610837318],
      [0.081169892841, 0.0014725159154, 0.011559970654, 0.0025081198646, 0.09841257306, 0.10790008083, 0.24684548362, 0.23847427179, 0.084328366517, 0.12732872492],
      [0.0058884414007, 0.047228817211, 0, 0.041084517247, 0.30725171426, 0.043780826373, 0.014741892476, 0.17217385114, 0.19741352182, 0.17043641808],
      [0.36011437958, 0.049111074952, 0.017332220278, 0.035772687661, 0.085582187484, 0.060298838356, 0.23461382288, 0.057988767239, 0.052537014216, 0.046649007359],
      [0.15212884133, 0.14794903287, 0.11506119033, 0.12826583301, 0.022859371131, 0.22353972877, 0.0077551224452, 0.061633212655, 0.13834163677, 0.0024660306871],
      [0.31333131774, 0.030581279127, 0.062635170683, 0.014420466017, 0.068281149762, 0.14470398866, 0.023387263798, 0.082864380241, 0.10391761481, 0.15587736916],
      [0.046491353267, 0.24156225033, 0.30644481589, 0.049231117157, 0.078544340067, 0.05814345142, 0.081538295056, 0.049520267503, 0.025203350518, 0.063320758794],
      [0.21772349299, 0.0090366001276, 0.0048271376482, 0.0033635766214, 0.18011339632, 0.002941713643, 0.022891949295, 0.15489275307, 0.16106673957, 0.24314264072]
    ],
    [
      [0.22446617223, 0.021315710805, 0.088415970893, 0.15390091214, 0.21638323997, 0.081003456905, 0.069019299124, 0.037842265221, 0.092324154865, 0.015328817849],
      [0.074535465495, 0.002443413358, 0.013012514703, 0.005863494293, 0.11139125796, 0.19131294736, 0.20317643497, 0.20330634805, 0.10680973863, 0.088148385175],
      [0, 0.059023103439, 0.0033777080834, 0.082737247643, 0.3136037541, 0.073986232486, 0.0066644730621, 0.13047397651, 0.22588606123, 0.10424744345],
      [0.31160050793, 0.064920987368, 0.020630672558, 0.074111595695, 0.095395737702, 0.10382675198, 0.18461445176, 0.048004038256, 0.065781625136, 0.031113631614],
      [0.1004901448, 0.14019882918, 0.089799645846, 0.19527791003, 0.019076703427, 0.28524182607, 0.0041075659432, 0.037925214414, 0.12671094677, 0.0011712135335],
      [0.26409539539, 0.037244094943, 0.062539522707, 0.028421634331, 0.07090556578, 0.23506313254, 0.017388811959, 0.064575587076, 0.12073835152, 0.099027903756],
      [0.036346002893, 0.27044304212, 0.28269391967, 0.088815421246, 0.075817017329, 0.087975402718, 0.057509109849, 0.035856024775, 0.027234727117, 0.037309332282],
      [0.2084521783, 0.013153874284, 0.0062305043213, 0.00829824255, 0.2126159937, 0.0062568591042, 0.019137427133, 0.13734679645, 0.21275200951, 0.17575611466]
    ],
    [
      [0.28083167538, 0.019193119587, 0.084706755123, 0.13097019563, 0.22549798242, 0.06455755341, 0.073107440048, 0.041540115084, 0.061803445748, 0.017791717577],
      [0.09508340094, 0.0019604327003, 0.012474365718, 0.0048175825414, 0.11615327546, 0.15317503949, 0.21146739741, 0.22806621983, 0.072265659303, 0.10453662661],
      [0.014914626664, 0.056749449666, 0.0055809840667, 0.072509206539, 0.33902019762, 0.061664647544, 0.013979317843, 0.1499733354, 0.1574617472, 0.12814648746],
      [0.38161559361, 0.05258310484, 0.01609683049, 0.05993465642, 0.094598357369, 0.079559269111, 0.18720621261, 0.051196325765, 0.04222751937, 0.034982130411],
      [0.1430382744, 0.14373691567, 0.096721591935, 0.18792854216, 0.021599437047, 0.25626647299, 0.0056676102383, 0.047211514938, 0.096446968642, 0.0013826719677],
      [0.330204658, 0.033671953512, 0.059867291946, 0.024079470546, 0.073696551959, 0.18816596544, 0.019047071022, 0.071901229194, 0.081836293017, 0.11752951536],
      [0.049225739536, 0.25996687336, 0.28168374264, 0.07986569768, 0.083298052191, 0.074217756502, 0.064011392756, 0.041995461734, 0.019280221491, 0.046455062108],
      [0.25189370116, 0.010954310256, 0.0053534870701, 0.0064885137134, 0.21359885611, 0.0047149217926, 0.020446669131, 0.1471181185, 0.1387149702, 0.20071645207]
    ],
    [
      [0.30966402831, 0.018957496237, 0.151368709, 0.16799487859, 0.07743907592, 0.046841987652, 0.055608551955, 0.026722429752, 0.11420226457, 0.031200578006],
      [0.11434909218, 0.0025771842921, 0.025505890826, 0.0070011627098, 0.043596266222, 0.12179949969, 0.17601432922, 0.16111819414, 0.14659705509, 0.20144132562],
      [0.016234009017, 0.058285589416, 0.012090984167, 0.097106953009, 0.12116741163, 0.046714695371, 0.010177341569, 0.10039419572, 0.30333636003, 0.23449246007],
      [0.42174808476, 0.056010039682, 0.038703657021, 0.079559810838, 0.031778010874, 0.059420541768, 0.13947416454, 0.031757051155, 0.078861730269, 0.062686909093],
      [0.14033911409, 0.12529019888, 0.15465727763, 0.21542092408, 0.0064969353709, 0.16588272534, 0.0030768455632, 0.02699310088, 0.15955379133, 0.0022890868314],
      [0.3258955511, 0.029994177244, 0.096928163441, 0.027929848206, 0.022518632016, 0.12228236624, 0.012303203246, 0.04133359496, 0.13565664381, 0.18515781974],
      [0.045146883447, 0.21390625176, 0.42160852012, 0.087058013871, 0.024047232482, 0.045762108723, 0.040233885011, 0.022647844703, 0.030383699453, 0.069205560429],
      [0.25082635988, 0.010382903393, 0.010377037172, 0.0077899115349, 0.066264906827, 0.0032400864893, 0.013382417117, 0.085663375499, 0.23232243784, 0.31975056425]
    ],
    [
      [0.29132419096, 0.017178187173, 0.19333555665, 0.019648513079, 0.18519052385, 0.067341922339, 0.10966309867, 0.027773351247, 0.076826460452, 0.011718195583],
      [0.0971880139, 0.0020000840345, 0.028967271566, 0.00069827916872, 0.093523831746, 0.15699187001, 0.30863918364, 0.15235966993, 0.088834987983, 0.070796808026],
      [0.018338222031, 0.059587898564, 0.017098780956, 0.012903491784, 0.33096221465, 0.076179851378, 0.025022433114, 0.12048165804, 0.23459364385, 0.10483180563],
      [0.38178275177, 0.047215087115, 0.045436749731, 0.008557034208, 0.068899092631, 0.079689890433, 0.27192254645, 0.030817389781, 0.045213457951, 0.020465999929],
      [0.15292734677, 0.13056216211, 0.22736869611, 0.029047393108, 0.017583798563, 0.27505827359, 0.0095036875641, 0.032741591293, 0.12459879197, 0.00060825891186],
      [0.33192834664, 0.029172353135, 0.13366865577, 0.0035032920748, 0.058104941465, 0.19037786546, 0.028335064835, 0.047054805491, 0.099262586981, 0.078592088146],
      [0.040882190289, 0.18252451838, 0.50840267546, 0.0095616719487, 0.054202676431, 0.061702763645, 0.076134470357, 0.022493773157, 0.018779603862, 0.02531565647],
      [0.28627999307, 0.011201278931, 0.015751869758, 0.0010632549331, 0.19279031526, 0.005422475522, 0.034016208234, 0.10951417411, 0.19131894905, 0.15264148113]
    ],
    [
      [0.25105937634, 0.010490536844, 0.11006860625, 0.079592706059, 0.272370508, 0.046847911506, 0.093617240613, 0.058025039855, 0.053322173206, 0.024605901325],
      [0.07389933638, 0.00068566910279, 0.013836645158, 0.0021939682497, 0.12261908918, 0.097580198975, 0.23541689044, 0.27525055915, 0.054466872953, 0.12405077041],
      [0.011880594108, 0.029761919135, 0.0072989546353, 0.040767815842, 0.37673315362, 0.041497476999, 0.016459032648, 0.19024647079, 0.12533908907, 0.16001549315],
      [0.33947923394, 0.028852971783, 0.02104942368, 0.034481213064, 0.11613431376, 0.056442799558, 0.24180480045, 0.07487208744, 0.036208869875, 0.050674286455],
      [0.15565148951, 0.099340001447, 0.15400093948, 0.13949826746, 0.0316764371, 0.22784207009, 0.0089403279238, 0.079283887476, 0.10124478968, 0.002521789835],
      [0.29925853361, 0.019299295954, 0.079516893457, 0.014695977445, 0.089894470118, 0.13922266761, 0.024773123, 0.10049437549, 0.071432522831, 0.16141214049],
      [0.044564182133, 0.1506162201, 0.37545321003, 0.04961105834, 0.10194907504, 0.055187068918, 0.083101735209, 0.058843865393, 0.016809470007, 0.063864114834],
      [0.20020876313, 0.0056193842281, 0.0068592438885, 0.003384780956, 0.22865810138, 0.0029315037138, 0.023238107928, 0.18008991785, 0.10641653822, 0.24259365871]
    ],
    [
      [0.27955861744, 0.031913335035, 0.16043632271, 0.16628416259, 0.10848672077, 0.040159764871, 0.085387559041, 0.02025365994, 0.086938174109, 0.020581683484],
      [0.10941291764, 0.0051215990135, 0.028727693065, 0.0075608541897, 0.064007744436, 0.10973543153, 0.28460664087, 0.13029918384, 0.11709282145, 0.14343511396],
      [0.017011987097, 0.10541999541, 0.01414463985, 0.10487184172, 0.18551835232, 0.043591239669, 0.018274783179, 0.084341801937, 0.25293979424, 0.17388556458],
      [0.37465524776, 0.093020151397, 0.042294841353, 0.077666103546, 0.041089403432, 0.048495611224, 0.21298938964, 0.021254915104, 0.053166920303, 0.035367416236],
      [0.12577853816, 0.2053340908, 0.16168271467, 0.21040844828, 0.0088725409751, 0.14062758357, 0.0056759046688, 0.020441311637, 0.1202321762, 0.00094669104283],
      [0.33034004813, 0.055763526683, 0.1148811844, 0.031054585458, 0.035332369477, 0.11767604448, 0.022193985471, 0.035609940497, 0.11597849094, 0.14116982446],
      [0.035935625055, 0.30756606283, 0.38962524175, 0.074316317276, 0.029148793126, 0.03380062241, 0.054723835803, 0.015039903914, 0.019559031434, 0.040284566399],
      [0.26937381255, 0.020346589426, 0.012949732267, 0.0091226911076, 0.1106025013, 0.003161627587, 0.025544453323, 0.078549265958, 0.21109268085, 0.25925664564]
    ],
    [
      [0.25034683744, 0.026422514839, 0.11876920199, 0.13412206202, 0.18444403088, 0.053831223817, 0.076237429733, 0.045483370209, 0.10056724429, 0.009776084782],
      [0.086114940804, 0.0032412644108, 0.018414227794, 0.0052403389824, 0.096751982426, 0.1298982684, 0.22537442365, 0.25575912239, 0.11985615045, 0.059349280695],
      [0.012544174528, 0.076612104186, 0.008788156757, 0.073737472034, 0.2748946181, 0.050928551246, 0.014250137749, 0.16318986713, 0.25424107131, 0.070813846959],
      [0.34212506051, 0.077388271136, 0.029356802907, 0.064170150659, 0.077455369297, 0.068301794234, 0.19724828367, 0.055878133364, 0.068971070187, 0.019105064037],
      [0.1163245584, 0.17749785225, 0.12386430691, 0.17541944178, 0.01602345823, 0.1944575018, 0.0051964919459, 0.047221551422, 0.14336411561, 0.00063072165534],
      [0.30576940374, 0.047848287941, 0.087753855157, 0.025793847851, 0.062312428922, 0.16233717221, 0.020452175588, 0.081736996965, 0.13804455194, 0.067951279686],
      [0.037185633633, 0.30042162384, 0.33606566479, 0.070074996325, 0.058140003976, 0.052879581681, 0.05717789397, 0.039307432696, 0.026713987964, 0.022033181133],
      [0.23524166585, 0.016371307916, 0.0091652964682, 0.0071222546029, 0.18267802054, 0.0041905364962, 0.022204637484, 0.16906232905, 0.23637155015, 0.11759240144]
    ],
    [
      [0.2304435799, 0.017212356541, 0.074920646088, 0.12014513035, 0.29412188638, 0.065782987579, 0.082779950274, 0.042282053823, 0.072311409062, 0],
      [0.08041531763, 0.0017703492956, 0.011510939751, 0.0050333416152, 0.15651599196, 0.16065688729, 0.2546918479, 0.24172809279, 0.087677231782, 0],
      [0.011809304218, 0.051775479651, 0.0053530944737, 0.067293501046, 0.44687844958, 0.06310145693, 0.015656652633, 0.15375262778, 0.18437943368, 0],
      [0.32846299674, 0.052252353398, 0.018731758669, 0.058422284989, 0.12626714476, 0.084990928005, 0.22660897822, 0.05364640878, 0.050617146444, 0],
      [0.12095149065, 0.13311205407, 0.086686328566, 0.18196503038, 0.029676356707, 0.27160549867, 0.0061675181726, 0.050591940345, 0.11924378243, 0],
      [0.31807910904, 0.03581648692, 0.062650159157, 0.026529457224, 0.11170826097, 0.22247245603, 0.024938514747, 0.085781330639, 0.11202422527, 0],
      [0.043699781128, 0.25464723177, 0.26846341659, 0.080983301597, 0.11833093434, 0.082899746025, 0.079306167789, 0.046858691927, 0.024810728838, 0],
      [0.2440677139, 0.012033282291, 0.0061480422781, 0.0075347121637, 0.32888584033, 0.0060303452103, 0.026988700431, 0.17725009409, 0.19106126931, 0]
    ],
    [
      [0.30806463082, 0.016655315342, 0.12105534908, 0.1067138014, 0.18554375133, 0.036382792706, 0.080162774525, 0.047181747235, 0.072630510492, 0.025609327064],
      [0.10142092254, 0.00011494589245, 0.01607929576, 0.0019153171307, 0.093826738293, 0.083928111726, 0.22843790275, 0.24886852746, 0.082636638043, 0.1427716004],
      [0.016283091936, 0.051342397644, 0.0082341114053, 0.059363296222, 0.28072040831, 0.035028420199, 0.015600554138, 0.16878036268, 0.18522834034, 0.17941901713],
      [0.40704000188, 0.048048343192, 0.027651616445, 0.047635653518, 0.074409134114, 0.044029168215, 0.20117189597, 0.055277386065, 0.047203614898, 0.0475331857],
      [0.17317291368, 0.13456111208, 0.14393283747, 0.16011851733, 0.025739605519, 0.15344018036, 0.010707388487, 0.06368622325, 0.12414817602, 0.010493045801],
      [0.3525368178, 0.030024258454, 0.084731334092, 0.019338705336, 0.058406964107, 0.10486468556, 0.020086728998, 0.078133059518, 0.093381616433, 0.15849582971],
      [0.050483239364, 0.21871170206, 0.37283607697, 0.061151485416, 0.064450553117, 0.039486859557, 0.065828311749, 0.044692902075, 0.021267341939, 0.061091527759],
      [0.24978821765, 0.008066286426, 0.006594483766, 0.0033818567178, 0.15928387241, 0.0012674427068, 0.020739972961, 0.14958025622, 0.14701757553, 0.25428003562]
    ],
    [
      [0.3435712992, 0.019501207661, 0.1267678121, 0.11624265348, 0.18801078733, 0.050855353663, 0.059966102584, 0.04801953523, 0.047065248762, 0],
      [0.1277744622, 0.0025808626722, 0.021864285221, 0.0050676295738, 0.10772693096, 0.13438592372, 0.20107279194, 0.2996058697, 0.061771996552, 0.038149247455],
      [0.021099157946, 0.068722698747, 0.011506650118, 0.077911984179, 0.34363003934, 0.058394906714, 0.013507294125, 0.21068540513, 0.14405338882, 0.05048847488],
      [0.46064724048, 0.055457221344, 0.03070741407, 0.054089302563, 0.076866310472, 0.062924361644, 0.15811486677, 0.058525280699, 0.031535474406, 0.011132527551],
