{
  "Z_true": {},
  "V_true": [
    [20, 16, 24, 2053, 293, 38],
    [47, 1491, 898, 382, 357, 32],
    [159, 461, 3472, 742, 134, 131],
    [188, 525, 175, 3873, 18649, 386],
    [1012, 90, 465, 750, 280, 69],
    [50, 111, 136, 231, 540, 163]
  ],
  "p_true": [
    [0.0082, 0.0065, 0.0098, 0.84, 0.1199, 0.0155],
    [0.0147, 0.4649, 0.28, 0.1191, 0.1113, 0.01],
    [0.0312, 0.0904, 0.6809, 0.1455, 0.0263, 0.0257],
    [0.0079, 0.0221, 0.0074, 0.1628, 0.7837, 0.0162],
    [0.3796, 0.0338, 0.1744, 0.2813, 0.105, 0.0259],
    [0.0406, 0.0902, 0.1105, 0.1877, 0.4387, 0.1324]
  ],
  "Z_est": [
    [
      [1.1216, 0.1712, 3.5996, 2.6896, 2.0713, 1.8912, 1.8949, 0, 5.3018, 3.4333, 5.2654, 5.274, 14.1521, 4.9126, 0.6727, 2.7907, 2.6691, 9.3579, 3.6756, 1.0351, 5.0502, 13.3399, 4.9104, 5.9114, 2.6777, 1.4425, 0.546, 10.2219, 6.3151, 9.7454, 7.694, 1.4742, 0.6326, 0, 40.814, 2.8777, 8.3282, 0.8904],
      [0.2156, 0.0815, 0.9898, 0.6522, 0.4604, 0.1123, 0.4774, 0, 0.8066, 0.8739, 1.2401, 0.672, 3.4802, 0.7768, 0.2426, 0.3857, 1.2028, 1.6045, 0.9404, 0.2048, 1.5677, 2.3438, 1.2417, 2.126, 0.6962, 0.4229, 0.2726, 1.1129, 1.3021, 1.1726, 2.0566, 0.2961, 0.1324, 0, 5.1328, 0.2783, 3.1542, 0.0771],
      [1.5806, 0.2386, 3.7643, 5.1396, 2.6225, 1.6002, 4.9055, 0, 6.675, 4.8556, 7.3846, 5.9897, 17.2899, 5.8911, 1.135, 3.1329, 5.6352, 9.2539, 4.5031, 0.9774, 4.9397, 12.3801, 6.7703, 10.9628, 4.5691, 1.3954, 1.2451, 11.1814, 6.0006, 5.1912, 9.8392, 2.7483, 1.1891, 0, 39.0088, 3.3003, 15.3835, 1.5158],
      [15.9531, 2.6967, 44.0117, 43.1318, 35.1209, 9.2715, 10.2025, 0, 63.7773, 51.5267, 26.6218, 51.1108, 100.3277, 42.8891, 16.089, 18.5251, 18.0084, 102.9982, 51.5538, 15.9506, 62.0764, 78.9387, 42.5772, 92.6289, 39.0211, 20.1079, 8.4807, 42.2808, 51.1328, 33.924, 81.0272, 13.8652, 0.7688, 0, 224.6127, 9.5684, 68.0983, 2.4638],
      [4.1798, 0.699, 10.8571, 10.3923, 8.7519, 1.5942, 0.7962, 0, 10.222, 8.4447, 6.1355, 10.4303, 16.8294, 9.2355, 4.4125, 5.5577, 2.3759, 18.4324, 10.0524, 5.2413, 12.9015, 17.0991, 7.6767, 13.0947, 4.9726, 5.0805, 2.1985, 7.9579, 10.5065, 5.4372, 12.1212, 6.2448, 0.8617, 0, 51.2776, 2.239, 11.3811, 0.786],
      [0.9493, 0.1131, 1.7775, 1.9945, 0.973, 0.5306, 0.7234, 0, 2.2173, 0.8658, 1.3527, 2.5232, 3.9206, 3.2948, 0.4482, 0.608, 1.1085, 3.3532, 1.2748, 0.5908, 2.4645, 3.8984, 1.8223, 3.2762, 1.0633, 0.5507, 0.257, 2.2451, 2.7429, 1.5296, 3.2617, 0.3714, 0.4153, 0, 14.1541, 0.7363, 4.6548, 0.267]
    ],
    [
      [0.5337, 0.1543, 2.5844, 1.1872, 1.0478, 1.4982, 3.133, 0, 2.5959, 1.9256, 5.2965, 2.3725, 8.2286, 3.2313, 0.3003, 1.9362, 3.261, 3.5455, 2.2733, 0.4315, 3.2625, 5.1876, 2.6623, 3.7467, 1.4968, 0.8114, 0.5008, 8.3742, 3.5979, 6.0096, 4.2725, 0.719, 0.0834, 0.1576, 21.8519, 2.7809, 6.9725, 1.1785],
      [11.9092, 3.5212, 63.7632, 25.9734, 31.679, 7.4769, 33.2261, 0.8519, 37.8803, 41.0962, 75.1561, 28.6769, 104.2705, 43.8807, 13.2053, 20.5741, 58.85, 48.6817, 50.4958, 10.0209, 73.5522, 49.9315, 31.0392, 91.8822, 31.6158, 17.2779, 16.881, 57.3753, 33.6514, 36.1436, 74.4357, 12.5852, 1.1061, 1.1767, 202.7471, 24.9233, 149.3017, 14.5529],
      [4.0087, 0.9473, 14.1592, 9.8886, 6.8516, 5.7676, 30.1021, 0.6791, 14.8722, 12.5118, 28.0956, 11.7481, 33.7765, 18.01, 2.6239, 10.9935, 19.2123, 14.3041, 13.0431, 2.5624, 14.7089, 15.8804, 12.1585, 30.511, 11.6209, 3.4212, 4.9606, 35.3838, 13.0094, 11.7635, 22.1272, 4.9409, 0.4591, 0.3909, 82.0693, 11.0874, 45.1372, 9.5673],
      [0.9163, 0.4715, 4.3924, 2.5937, 2.0226, 1.0899, 2.5351, 0, 4.7585, 4.979, 3.9985, 2.7292, 7.4197, 3.2627, 0.811, 1.3751, 3.7714, 5.2921, 5.1521, 0.7384, 6.6144, 3.3552, 3.2597, 11.3604, 4.2153, 1.6698, 1.1496, 4.308, 4.5536, 2.9345, 7.0596, 0.6138, 0.003, 0.0189, 11.2255, 0.7053, 7.5579, 0.2799],
      [6.1354, 2.7841, 29.7359, 13.4527, 13.8646, 5.7442, 12.5011, 0.469, 15.8043, 17.0022, 34.5004, 13.3648, 35.9945, 27.1941, 5.841, 12.6917, 21.2331, 16.9845, 24.2119, 5.9982, 30.1343, 16.1647, 12.8875, 34.1949, 10.4295, 8.5081, 9.2276, 29.5605, 17.5527, 13.1501, 24.2184, 7.9527, 0.2807, 0.2559, 96.1437, 11.7059, 49.4276, 8.8135],
      [0.4967, 0.1217, 1.3649, 0.9044, 0.5345, 0.4232, 1.5026, 0, 1.0888, 0.4853, 1.953, 1.1085, 2.3102, 2.4213, 0.2184, 0.4295, 1.6721, 1.1921, 0.8239, 0.2486, 1.7277, 1.4806, 0.9914, 2.3048, 0.6216, 0.3116, 0.2806, 1.9982, 1.635, 0.9986, 1.8866, 0.1884, 0.0678, 0, 7.9624, 0.7973, 4.6032, 0.6079]
    ],
    [
      [2.2712, 0.2957, 11.914, 5.7931, 9.5982, 4.3863, 6.2413, 0, 12.7544, 9.1369, 9.6938, 13.1348, 35.0262, 12.6926, 2.7093, 4.4345, 6.0446, 19.6434, 9.977, 2.5862, 11.477, 25.2928, 8.7943, 14.7446, 6.8455, 3.3711, 1.1734, 19.7259, 11.2747, 18.6713, 19.0003, 2.3773, 0.947, 2.0825, 101.0746, 12.0282, 21.151, 2.085],
      [1.3173, 0.3036, 8.0213, 4.1202, 8.0935, 1.0039, 6.2663, 0.0779, 6.6022, 7.818, 8.4718, 5.6581, 26.5791, 7.1547, 3.2014, 1.5345, 8.1825, 9.2802, 8.0961, 0.9043, 9.7658, 12.7227, 5.4722, 17.94, 6.5508, 2.2057, 1.5965, 7.4875, 6.2008, 6.1912, 15.685, 0.9431, 1.2162, 1.1931, 44.8036, 7.2655, 28.2983, 1.4093],
      [19.3957, 2.1865, 70.842, 60.0529, 62.7451, 17.589, 55.7427, 0.8783, 87.0377, 73.8579, 65.3374, 85.8983, 209.2179, 88.3781, 25.7686, 23.6764, 46.8667, 107.4727, 73.9378, 11.507, 74.7222, 119.8436, 53.1033, 146.3654, 65.6096, 18.0153, 13.6617, 97.9769, 54.6554, 50.7089, 134.2819, 13.7534, 6.4713, 5.6276, 540.3119, 69.3595, 189.2967, 17.9006],
      [4.8162, 0.6553, 20.379, 17.6415, 35.1922, 4.7049, 8.9989, 0, 36.4152, 41.8995, 8.9832, 25.9335, 64.7996, 19.7278, 11.3932, 3.3691, 9.5857, 43.8909, 32.9115, 3.7652, 25.6785, 31.0366, 13.2324, 77.9027, 36.6631, 6.9838, 2.5446, 14.4862, 17.5309, 11.8577, 55.8769, 2.0032, 0.3158, 1.2622, 115.3151, 10.3543, 39.0123, 0.9613],
      [1.6068, 0.1683, 7.9636, 5.9901, 16.7444, 1.2904, 1.5364, 0.0438, 7.6058, 7.94, 3.8114, 10.2083, 20.1838, 9.8636, 6.002, 1.298, 2.0161, 10.322, 8.3876, 1.0689, 7.2359, 13.5303, 3.9054, 12.4296, 5.0324, 2.0142, 0.9096, 5.4674, 5.6706, 3.4699, 11.2401, 0.9858, 0.9192, 0.8345, 70.417, 10.2056, 13.1043, 1.0622],
      [3.5928, 0.3906, 9.8801, 8.4022, 8.6266, 2.0256, 4.2145, 0, 9.5846, 4.3477, 5.7024, 12.167, 17.1934, 16.1831, 3.9254, 1.6875, 4.3044, 13.3909, 6.69, 2.1684, 12.1206, 13.574, 5.4904, 15.6176, 5.2986, 2.4099, 1.1143, 7.856, 9.6676, 5.1011, 14.9158, 0.9372, 1.1305, 0, 68.0778, 5.7869, 23.1373, 1.5817]
    ],
    [
      [0.5755, 0.0616, 1.5232, 1.1665, 0.4565, 0.9442, 1.7611, 0, 2.0205, 1.1016, 1.7448, 2.7446, 7.3077, 2.911, 0.1001, 1.534, 1.2961, 3.5482, 1.5294, 0.3536, 2.7136, 5.3783, 1.8744, 2.4726, 0.8276, 0.3287, 0.2745, 5.7275, 2.2643, 4.48, 3.7347, 0.5618, 0.1194, 0.1069, 22.5241, 2.5879, 4.2722, 0.4626],
      [5.1534, 0.8597, 29.0292, 8.5107, 15.0164, 1.4916, 8.4867, 0.9736, 10.7139, 12.895, 30.1507, 8.171, 30.182, 12.4684, 6.0599, 8.0113, 16.8734, 16.4639, 17.4126, 5.2723, 30.2333, 15.539, 7.3951, 26.8145, 10.1783, 6.3785, 7.2915, 17.1198, 6.5122, 11.0289, 25.362, 6.1378, 0.9927, 0.8556, 59.2443, 10.2084, 73.3673, 7.4807],
      [0.6828, 0.0164, 1.8928, 1.6896, 1.1047, 0.385, 3.0454, 1.0843, 1.892, 1.297, 2.5808, 1.8582, 3.5265, 2.512, 0.4362, 1.7416, 0.9594, 1.689, 1.4744, 0.3303, 1.3694, 1.6745, 0.7764, 2.2405, 1.3679, 0.2206, 0.5375, 4.6185, 0.3588, 0.9177, 2.7165, 0.7854, 0.1984, 0.0428, 12.8514, 2.4947, 5.8385, 2.3004],
      [63.1931, 6.8821, 206.7497, 126.069, 157.4136, 28.66, 31.0425, 0, 211.3863, 177.2344, 95.2648, 150.7845, 257.2929, 146.821, 62.0779, 67.3977, 52.4822, 275.2019, 194.152, 61.5171, 236.8552, 157.481, 82.9349, 305.2683, 148.0697, 61.2073, 36.4622, 130.9899, 85.2492, 87.2048, 264.0901, 43.1027, 0.6972, 2.3927, 631.4562, 39.0563, 252.2476, 15.8742],
      [232.3424, 24.0603, 831.0318, 437.8932, 624.3064, 101.8541, 125.4604, 11.9421, 580.3496, 499.5509, 491.1411, 534.1217, 888.0292, 628.4226, 255.6121, 310.3833, 226.1645, 756.711, 628.6622, 225.1409, 771.8202, 542.7654, 267.5974, 821.5128, 345.3438, 207.202, 152.9807, 561.7022, 276.6027, 285.926, 750.1932, 225.8921, 13.7076, 14.602, 2898.2942, 261.2695, 1049.6756, 157.9232],
      [2.0527, 0.1198, 3.7732, 2.671, 1.7023, 0.6651, 1.2038, 0, 2.6377, 0.9211, 2.1177, 3.3199, 3.6618, 5.865, 0.7139, 0.9321, 1.2244, 3.386, 1.7694, 1.3859, 4.0084, 3.1617, 1.4141, 3.6913, 1.2127, 0.6629, 0.4535, 2.8421, 2.0126, 1.4426, 3.9035, 0.5203, 0.2847, 0, 18.6298, 1.3832, 7.5986, 0.9589]
    ],
    [
      [2.7697, 0.2433, 12.3627, 6.2919, 8.7635, 5.3142, 6.1058, 0, 16.0249, 9.6484, 9.8851, 15.2158, 37.4983, 16.1285, 2.9281, 8.046, 7.351, 25.8352, 11.8242, 2.1519, 14.292, 28.1728, 9.7201, 15.4841, 6.5959, 4.2105, 1.2786, 23.3518, 11.7849, 27.1113, 20.4551, 2.2128, 1.0007, 3.0912, 119.4217, 11.5353, 19.8971, 1.5669],
      [0.1898, 0.0323, 1.3235, 0.631, 0.9743, 0.2454, 1.2646, 0, 1.5869, 1.4525, 1.4154, 1.1505, 6.8524, 1.6239, 0.6118, 0.4161, 2.6149, 2.2987, 1.6311, 0.0793, 1.8174, 3.4349, 1.6515, 4.0061, 1.2412, 0.4704, 0.1937, 1.5614, 1.7286, 1.8632, 3.455, 0.0908, 0.2274, 0.3916, 10.0821, 1.2592, 4.7475, 0.096],
      [8.0448, 0.3575, 26.464, 22.7094, 23.4602, 7.2148, 17.0188, 0, 50.6695, 31.4161, 22.1382, 39.4651, 96.0359, 45.1589, 12.9003, 16.934, 22.7733, 56.3907, 34.4402, 3.6706, 26.6497, 52.524, 21.391, 47.8471, 20.3014, 7.2029, 4.44, 42.9539, 17.2857, 19.9935, 60.9562, 4.6773, 2.8539, 4.0116, 247.5691, 25.7226, 53.0728, 4.138],
      [2.5522, 0.1607, 9.7112, 8.2216, 10.5124, 2.4117, 5.9608, 0, 21.8694, 14.2983, 3.7932, 15.5402, 31.559, 13.7961, 6.9971, 3.4411, 9.0936, 29.7983, 14.9707, 1.4706, 12.7523, 21.4676, 8.3179, 30.9615, 8.9422, 3.8364, 1.0125, 8.8219, 10.2581, 9.0811, 23.4377, 0.8927, 0.2015, 1.2338, 71.177, 4.1605, 11.9404, 0.2416],
      [1.2597, 0.0741, 5.4221, 3.6941, 6.4623, 1.4087, 1.1347, 0, 8.9752, 5.62, 2.6165, 8.3603, 18.714, 9.499, 4.393, 2.5169, 2.876, 11.7611, 7.0255, 0.6069, 5.5421, 15.3809, 4.3262, 10.1323, 3.2839, 1.8928, 0.4729, 4.906, 6.9101, 4.2042, 9.7446, 0.5774, 0.9493, 1.2718, 53.7444, 5.9675, 8.4453, 0.2768],
      [2.1838, 0.132, 5.7164, 4.4521, 3.8273, 1.4052, 2.5153, 0, 6.8741, 2.5647, 3.1516, 7.2681, 11.3404, 11.7937, 2.1697, 1.646, 3.2913, 8.916, 4.1084, 1.0207, 6.9465, 9.0198, 3.5922, 8.5689, 2.6354, 1.3869, 0.6024, 5.405, 5.0327, 3.7467, 8.9513, 0.5491, 0.7673, 0, 43.0056, 3.3549, 10.8969, 0.6807]
    ],
    [
      [0.7283, 0.074, 2.0161, 0.8717, 1.0627, 1.9661, 0.8638, 0, 3.3024, 1.7543, 2.1143, 2.2582, 4.7871, 2.1239, 0.2894, 1.2586, 1.3781, 4.0699, 1.7205, 0.4417, 2.2047, 3.6287, 2.0384, 2.6405, 1.5564, 0.8357, 0.2267, 4.5987, 1.7631, 2.9824, 2.8433, 0.6549, 0.2171, 0.5617, 16.3137, 1.19, 4.379, 0.8167],
      [1.2147, 0.2016, 3.8729, 1.1126, 1.7764, 0.6699, 1.2788, 0.0965, 2.4101, 1.8644, 3.5659, 1.6715, 5.6358, 2.0955, 0.6791, 1.0784, 3.2764, 2.6711, 2.4241, 0.5183, 4.0636, 3.0281, 2.2004, 5.2312, 1.7176, 1.2446, 0.7647, 3.3431, 1.6049, 1.6005, 4.0056, 0.947, 0.3251, 0.3829, 11.9901, 1.0653, 10.131, 1.384],
      [3.2873, 0.2537, 5.8776, 3.5198, 3.2159, 3.4435, 4.1855, 0.3584, 7.8535, 4.0616, 6.4634, 6.0407, 13.1533, 6.0499, 1.136, 3.5216, 5.5532, 6.8896, 4.6015, 0.9523, 5.61, 7.6973, 5.8005, 11.0733, 4.531, 1.7446, 1.1551, 11.8855, 3.6901, 3.4252, 9.079, 3.0948, 0.8281, 0.9271, 37.1895, 3.0355, 17.2714, 5.5779],
      [1.5691, 0.1337, 2.756, 1.3424, 1.7383, 0.8619, 0.2602, 0, 3.7934, 2.0621, 1.3385, 1.9018, 2.6012, 1.5033, 0.6317, 0.8919, 1.0586, 3.8187, 2.26, 0.5582, 3.0233, 1.7209, 1.678, 4.8782, 2.0887, 1.1948, 0.3504, 2.1131, 1.2754, 0.9979, 3.5086, 0.5224, 0.0138, 0.0924, 6.2135, 0.1553, 4.1435, 0.1793],
      [14.4759, 1.2142, 30.9894, 12.5777, 19.8705, 9.1083, 3.5712, 0.5451, 27.0431, 15.4422, 15.7952, 23.5145, 33.2491, 21.7852, 7.7394, 10.5525, 9.3344, 26.789, 20.6605, 5.9437, 27.3659, 21.0595, 15.6069, 32.6356, 11.9378, 10.3023, 4.2107, 22.406, 12.7574, 7.8126, 25.4824, 9.3473, 1.2816, 2.0358, 120.1231, 6.6125, 39.966, 8.1383],
      [1.7247, 0.1228, 2.4879, 1.5758, 1.3362, 0.9502, 0.8403, 0, 2.5974, 0.8154, 1.7227, 2.6133, 3.5736, 3.4422, 0.5244, 0.6969, 1.3993, 2.7618, 1.3335, 0.5857, 2.7324, 2.8655, 1.6897, 3.5412, 1.1685, 0.678, 0.2923, 2.6536, 1.9093, 1.1814, 3.0811, 0.4336, 0.3343, 0, 15.1702, 0.9414, 6.1092, 0.9038]
    ]
  ],
  "V_est": [
    [194.8516, 38.8057, 230.1956, 1591.3394, 316.4769, 72.3295],
    [119.2029, 1631.3681, 583.3551, 129.1934, 696.1159, 47.7633],
    [460.4498, 299.6345, 2860.0538, 858.0799, 292.4858, 328.2943],
    [93.3913, 566.3355, 71.5085, 4952.2623, 18018.1902, 94.304],
    [525.5712, 64.7126, 1200.8529, 434.8945, 240.4484, 199.5192],
    [82.5331, 93.1435, 224.0342, 65.2305, 689.2828, 76.7897]
  ],
  "p_est": [
    [0.0797, 0.0159, 0.0942, 0.6511, 0.1295, 0.0296],
    [0.0372, 0.5087, 0.1819, 0.0403, 0.2171, 0.0149],
    [0.0903, 0.0588, 0.5609, 0.1683, 0.0574, 0.0644],
    [0.0039, 0.0238, 0.003, 0.2081, 0.7572, 0.004],
    [0.1971, 0.0243, 0.4504, 0.1631, 0.0902, 0.0748],
    [0.067, 0.0757, 0.182, 0.053, 0.5599, 0.0624]
  ],
  "EI_Z": {},
  "EI_V": 10.5591,
  "MAE_Z": {},
  "MAE_V": 225.5133,
  "MAE_p": 0.0616,
  "runtime": 279.057
}
