{
  "Z_true": {},
  "V_true": [
    [179, 186, 768, 531, 99],
    [406, 1323, 4419, 1000, 135],
    [823, 353, 65, 19798, 318],
    [99, 2046, 311, 515, 30],
    [751, 179, 235, 1558, 269]
  ],
  "p_true": [
    [0.1015, 0.1055, 0.4356, 0.3012, 0.0562],
    [0.0557, 0.1817, 0.6068, 0.1373, 0.0185],
    [0.0385, 0.0165, 0.003, 0.927, 0.0149],
    [0.033, 0.6818, 0.1036, 0.1716, 0.01],
    [0.251, 0.0598, 0.0785, 0.5207, 0.0899]
  ],
  "Z_est": [
    [
      [1.344, 2.6035, 0.126, 0.9789, 5.4976, 10.8812, 6.9795, 10.7552, 0.1503, 1.9308, 0.2762, 0.5453, 0.4342, 0.184, 13.7041, 3.5572, 7.8832, 4.0573, 2.8363, 12.834, 9.2243, 3.4008, 12.7867, 4.9404, 3.0911, 5.1064, 2.6155, 2.2805, 0.2519, 0.3779, 0.4022, 1.8814, 1.0921, 1.1908, 2.0016, 6.3215, 9.783, 6.9661, 9.051, 1.8197, 0, 16.1254, 10.9212, 16.5329, 3.9356, 0, 3.8602, 24.717, 2.0449, 17.0468, 0.6846],
      [3.2931, 2.9625, 0.5531, 0.4228, 5.4503, 8.9411, 7.1061, 9.7648, 0.1057, 2.0571, 0.1057, 0.4187, 0.7941, 0, 7.8546, 3.1329, 10.7548, 3.9085, 2.1664, 15.7848, 11.1043, 3.7457, 12.3345, 6.0304, 2.1845, 7.1993, 1.7726, 2.3634, 0.2683, 0.0379, 0.1057, 1.5088, 3.0526, 0.767, 3.3408, 4.3663, 13.3507, 6.5317, 7.3396, 2.6538, 0, 12.0174, 6.1877, 12.6491, 5.5645, 0, 2.0085, 22.8013, 3.4475, 25.8834, 4.0437],
      [3.3491, 9.4491, 0.3066, 0.8741, 9.5584, 15.1156, 11.6184, 18.7935, 0.2185, 4.2688, 0.2185, 0.5581, 1.4557, 0.5383, 15.384, 10.5972, 24.0185, 7.4259, 33.9808, 32.2876, 23.9209, 7.7155, 26.4122, 13.8962, 4.4162, 8.1305, 3.7122, 4.7301, 0.7431, 0.7524, 0.2185, 2.0871, 2.8395, 1.6258, 3.0508, 8.1775, 27.1632, 13.7987, 14.5355, 4.4404, 0, 22.9734, 12.5438, 24.5786, 13.0604, 0, 7.4296, 44.1943, 7.3261, 41.4946, 7.4255],
      [3.5273, 5.5585, 0.0143, 0.3656, 8.0576, 13.1938, 5.8794, 5.8589, 0.0914, 2.753, 0.0914, 0.4779, 1.6571, 1.3646, 11.879, 6.6215, 31.4597, 6.8797, 18.3962, 30.0044, 28.0411, 9.4868, 18.8696, 10.4915, 4.1493, 8.0017, 3.9172, 4.531, 0.4983, 1.8318, 0.0914, 1.8212, 2.5159, 2.4164, 2.9749, 7.3071, 19.0346, 6.4884, 16.5118, 5.557, 0, 16.4554, 8.2213, 24.5707, 21.5343, 1, 1.7366, 27.5722, 8.6989, 38.889, 10.0554],
      [1.4865, 2.4264, 0, 1.3585, 3.4361, 4.8684, 4.4167, 6.8275, 0.4341, 1.9903, 0.3081, 0, 0.6589, 0.9131, 7.1783, 2.0912, 7.8839, 3.7287, 6.6203, 14.0892, 8.7094, 2.6512, 8.597, 4.6415, 2.1589, 3.5621, 0.9826, 1.095, 0.2384, 0, 0.1822, 0.7016, 1.5, 0, 0.6318, 3.8275, 10.6686, 5.2151, 6.5621, 1.5291, 0, 8.4284, 6.126, 8.6688, 1.9052, 0, 3.965, 18.7151, 2.4826, 16.6862, 2.7907]
    ],
    [
      [1.9313, 3.556, 0.2279, 3.6518, 10.3999, 30.5915, 13.0831, 22.4459, 0.7245, 2.3378, 1.0168, 0.8737, 0.4383, 0.2074, 30.1089, 4.7832, 12.4782, 7.6228, 4.2373, 14.9699, 17.1001, 3.9451, 25.4288, 6.4878, 4.8445, 10.3641, 6.1603, 4.1867, 0.374, 0.5406, 0.6016, 2.3099, 1.3508, 1.5232, 4.7266, 15.8772, 11.2509, 10.9026, 15.9479, 2.0456, 0.2439, 28.049, 24.1328, 34.7, 5.2534, 0, 6.5082, 45.82, 2.0456, 28.0831, 1.0228],
      [2.7639, 3.7032, 1.2858, 12.8535, 18.5002, 36.5116, 28.7587, 41.5595, 1.2789, 6.5357, 2.6627, 0.9345, 2.2741, 0, 18.5601, 3.9678, 19.3774, 10.6961, 6.6129, 46.3562, 27.1862, 8.9482, 38.4484, 17.0222, 4.678, 4.63, 2.7774, 7.366, 0.3968, 0.2645, 1.6483, 2.1745, 2.7187, 1.1324, 2.6464, 11.0362, 46.2905, 25.6126, 12.7291, 6.161, 0.7353, 38.1695, 14.9779, 38.4954, 5.5364, 0, 27.9848, 76.7219, 9.945, 33.0104, 2.2662],
      [14.855, 18.2168, 2.4718, 46.1015, 87.6203, 117.1071, 126.5326, 255.1271, 9.2184, 44.686, 6.0272, 4.1587, 10.039, 1.1792, 100.4997, 24.9525, 140.7337, 46.8392, 62.0773, 312.2336, 209.1917, 59.8102, 303.907, 171.9815, 27.88, 33.6952, 29.1723, 46.2336, 2.5167, 2.7819, 8.3788, 10.8195, 13.3653, 10.1427, 9.7073, 51.3219, 321.2294, 185.8331, 81.8178, 29.1333, 6.9947, 215.5036, 94.912, 184.6796, 40.4466, 0, 128.2928, 460.8894, 64.4886, 282.7263, 36.8856],
      [3.3545, 5.3944, 0.0145, 13.0933, 27.9132, 57.7694, 34.8276, 98.2396, 2.7211, 9.1884, 4.2376, 1.0331, 2.1877, 1.5993, 30.1065, 7.2897, 29.6071, 14.5147, 15.3922, 110.5126, 81.2056, 24.2842, 102.7892, 54.5329, 6.4173, 8.4592, 12.8873, 11.211, 0.5834, 1.413, 2.3699, 2.6253, 6.7536, 3.2017, 2.917, 17.3782, 92.3724, 89.4345, 20.9675, 7.6533, 1.7336, 67.0878, 34.501, 72.8568, 12.754, 0, 36.426, 132.7293, 14.3161, 70.5106, 8.2659],
      [0.0952, 0.1296, 0, 0.2999, 0.5664, 0.0204, 0.7979, 1.6278, 0.0571, 0.252, 0.0557, 0, 0.0608, 0.0141, 0.7247, 0.0068, 0.8036, 0.3273, 2.6802, 1.9277, 1.3165, 0.0123, 1.4266, 0.9757, 0.1801, 0.8515, 0.0027, 0.0027, 0.1292, 0, 0.0014, 0.0708, 1.8117, 0, 0.0027, 0.3864, 1.8567, 1.2172, 0.5377, 0.0068, 0.2925, 1.1901, 2.4764, 1.2683, 0.0095, 0, 0.7882, 2.8394, 0.2047, 1.6696, 1.5595]
    ],
    [
      [1.4685, 0.8943, 0.0483, 0.0121, 6.3645, 3.3216, 6.9324, 9.6322, 0.2787, 0.0107, 0.2762, 0.0034, 0.002, 0.0007, 17.9854, 1.587, 0.9857, 1.7509, 0.0195, 0.0678, 0.0477, 0.0181, 0.2766, 0.0262, 3.3022, 5.1915, 2.4046, 1.1852, 0.1207, 0.1328, 0.0027, 2.5751, 0.0054, 0.125, 1.2616, 2.7456, 0.0517, 0.0403, 4.2354, 0.0094, 0.0007, 18.7781, 8.4097, 21.1086, 1.1876, 0, 0.0228, 3.1201, 0.0094, 5.7648, 0.0047],
      [2.7084, 0.6433, 0.0325, 8.0089, 8.0183, 14.0471, 20.2011, 11.7211, 0.535, 2.0892, 0.3446, 1.0054, 0.6121, 0, 3.2931, 0.6893, 2.5274, 12.4557, 1.1488, 8.1534, 6.7576, 1.7405, 4.8251, 2.1828, 2.4806, 3.8517, 0.4825, 2.1121, 0.0689, 0.046, 0.5283, 2.718, 0.9769, 0.2242, 2.9907, 4.7206, 5.928, 6.1792, 1.976, 3.2549, 0.1376, 18.2616, 1.8611, 8.3741, 0.8501, 0, 18.4262, 9.9489, 2.3841, 11.598, 0.2987],
      [1.7724, 4.4375, 0.0612, 2.1823, 2.4822, 3.4188, 7.6226, 16.7081, 1.0754, 6.3512, 0.1639, 0.1171, 2.5741, 0.0468, 3.0442, 3.1419, 15.2374, 1.405, 6.2288, 18.1867, 9.5613, 1.7562, 25.8514, 16.1582, 2.6552, 1.1006, 0.843, 4.1166, 0.4538, 0.0937, 0.3688, 0.7245, 0.4215, 0.3813, 0.3278, 1.5689, 23.1501, 5.2064, 6.677, 1.0663, 0.4173, 6.1585, 2.8334, 5.3858, 1.3816, 0, 11.7919, 36.8578, 3.4626, 29.3385, 4.9615],
      [88.2434, 219.4611, 0.858, 118.3457, 406.5502, 551.4302, 343.2449, 645.442, 31.8387, 200.9928, 46.6356, 39.8742, 50.9076, 27.7265, 810.6097, 270.321, 737.6431, 283.2392, 395.5872, 1384.4983, 833.9832, 282.0158, 1180.3257, 488.8193, 216.3746, 327.6489, 106.1656, 103.4818, 20.1826, 22.7276, 20.0481, 70.7422, 41.0443, 11.2694, 62.3156, 381.8928, 1128.8592, 730.5152, 718.3394, 251.4086, 11.7216, 873.0806, 418.4933, 757.5668, 220.2156, 7, 490.6912, 2671.149, 219.6745, 984.5324, 248.0535],
      [1.8073, 1.5637, 0, 2.4511, 1.5849, 0.7823, 2.9989, 5.4966, 1.2723, 2.556, 0.5796, 0, 0.9042, 0.226, 6.0677, 0.2608, 3.6064, 5.1493, 3.0157, 16.0939, 5.6503, 0.4694, 1.7211, 2.8135, 2.1874, 2.2073, 0.1043, 0.1043, 0.174, 0, 0.0522, 0.2402, 0.5519, 0, 0.1043, 3.0721, 10.011, 3.0589, 4.7722, 0.2608, 0.7229, 1.7211, 3.4024, 1.5647, 0.3651, 0, 7.0679, 15.9243, 0.4694, 16.7663, 1.6816]
    ],
    [
      [0.0219, 0.0499, 0.0059, 0.9683, 0.1367, 0.2435, 0.1875, 0.2827, 0.0065, 0.0452, 0.5439, 0.0092, 0.0051, 0, 0.2628, 0.0632, 0.153, 0.0751, 0.0812, 0.3019, 0.1816, 0.0688, 0.2999, 0.1189, 0.0111, 0.1001, 0.1636, 0.0538, 0.2065, 0.1088, 0.0103, 0.026, 0.0157, 0.0166, 0.0307, 0.125, 0.1309, 0.1657, 0.1787, 0.0383, 0.0031, 0.3415, 0.2099, 0.33, 0.0632, 0, 0.1478, 0.6093, 0.046, 0.2881, 0.0161],
      [6.9651, 20.3634, 5.9713, 58.6859, 75.523, 113.815, 115.6354, 158.7485, 1.9898, 24.4049, 11.6866, 0.9649, 9.933, 0, 69.8104, 21.9955, 75.3442, 24.8783, 38.8148, 172.2255, 86.4739, 31.3921, 150.4866, 68.0773, 15.9591, 36.2886, 15.5382, 28.4932, 2.2135, 1.6373, 4.9804, 12.5211, 2.9787, 4.7178, 9.8825, 41.4649, 188.1667, 86.2331, 61.7273, 20.9225, 1.9508, 137.5531, 55.6571, 119.1795, 24.2261, 0, 118.5192, 315.562, 31.2133, 86.5499, 5.9728],
      [0.0014, 0.1748, 0.0158, 1.5819, 0.5317, 0.733, 0.7777, 1.5278, 0.0004, 0.2921, 0.0341, 0.0245, 0.0827, 0, 0.6471, 0.2092, 0.9451, 0.0049, 3.8468, 1.9147, 1.1977, 0.3713, 1.8719, 1.0512, 0.0031, 0.2363, 0.1787, 0.298, 0.0538, 0.02, 0.001, 0.0706, 0.0006, 0.0642, 0.0701, 0.3344, 1.9877, 1.0786, 0.5632, 0.0041, 0.0427, 1.3073, 0.6004, 1.143, 0.2919, 0, 0.7843, 2.8916, 0.4247, 0.0169, 0.0012],
      [0.0099, 2.4061, 0.0071, 1.7479, 5.7877, 1.2085, 4.3686, 14.3965, 0.0028, 1.2512, 2.7316, 0.0014, 0.9764, 0, 4.2606, 2.7257, 4.5371, 0.0353, 3.2455, 13.5101, 0.1244, 1.1594, 15.2988, 6.7333, 0.0226, 2.365, 2.1196, 2.1551, 0.5254, 1.2339, 0.0071, 0.379, 0.0042, 0.2014, 0.0141, 1.0648, 22.6605, 4.4992, 6.5132, 0.0297, 0.0028, 2.7621, 3.5173, 2.3162, 0.4124, 0, 10.5156, 37.8463, 0.3079, 0.123, 0.0085],
      [0.0018, 0.0058, 0, 0.016, 0.0209, 0, 0.0308, 0.0445, 0.0005, 0.0066, 0.0038, 0, 0.0028, 0, 0.0191, 0.0064, 0.0206, 0.0064, 0.0117, 0.0478, 0.0224, 0.0084, 0.0427, 0.0193, 0.0041, 0.0099, 0, 0, 0.0008, 0, 0.0013, 0.0033, 0.0008, 0, 0.0025, 0.0109, 0.0542, 0.0234, 0.0175, 0.0053, 0.0005, 0.0361, 0.0153, 0.0313, 0.0064, 0, 0.0331, 0.0908, 0.0081, 0.0221, 0.0015]
    ],
    [
      [5.2343, 12.8962, 0.592, 12.3888, 24.6014, 50.9622, 33.8175, 51.884, 1.84, 11.6754, 2.8869, 3.5685, 2.1204, 0.6079, 61.9388, 17.0093, 35.4999, 20.494, 21.8257, 72.8264, 44.4463, 19.5672, 69.2079, 27.4268, 15.7511, 22.2379, 11.6561, 11.2939, 1.0469, 1.84, 2.9832, 3.2076, 5.5361, 4.1443, 5.9794, 30.9306, 55.7835, 41.9253, 47.5869, 10.087, 0.7523, 79.706, 55.3263, 71.3285, 16.5602, 0, 23.461, 138.7335, 9.8542, 82.8171, 5.2718],
      [0.2695, 0.3276, 0.1573, 1.0289, 1.5082, 2.6852, 2.2987, 3.2061, 0.0906, 0.9131, 0.2003, 1.6765, 0.3868, 0, 2.4819, 0.2145, 1.9962, 1.0614, 1.257, 4.4801, 2.478, 1.1736, 3.9054, 1.6873, 0.6977, 1.0303, 0.4293, 0.6654, 0.0525, 0.0143, 1.7373, 0.0775, 0.2731, 0.1586, 0.1396, 1.412, 4.2641, 2.4435, 2.2279, 4.0077, 0.1763, 3.9985, 2.3162, 3.302, 0.8229, 0, 2.0613, 7.9658, 1.0101, 3.9584, 0.4187],
      [1.022, 2.7218, 0.1447, 3.2602, 5.8074, 9.6255, 8.4486, 14.8434, 0.4874, 3.4018, 0.5563, 0.1417, 0.8485, 0.2357, 10.4251, 3.0992, 10.0652, 4.3251, 7.8662, 21.3774, 13.1285, 5.3467, 19.9575, 9.913, 3.0455, 3.8374, 2.0939, 4.6217, 0.2327, 0.352, 1.0329, 0.2983, 1.3732, 0.786, 0.844, 5.5973, 26.4696, 12.0831, 9.4064, 4.356, 1.5453, 17.0571, 10.1104, 14.213, 3.8195, 0, 7.7014, 35.167, 10.298, 21.4237, 2.7262],
      [0.8649, 8.1798, 0.106, 7.4476, 7.6913, 19.3982, 12.6795, 16.0629, 0.346, 7.8146, 1.3038, 4.6133, 1.2712, 1.3095, 20.1441, 9.0421, 16.7531, 9.3311, 15.3788, 43.4746, 20.6457, 22.0538, 40.7167, 15.4231, 8.0362, 7.5252, 2.9103, 6.6211, 0.2103, 1.7937, 3.4836, 0.4324, 2.682, 1.9111, 0.7784, 14.357, 43.0733, 28.0627, 28.6682, 16.3514, 1.542, 38.6141, 27.2671, 21.6895, 10.0836, 0, 10.6306, 82.7032, 16.0026, 37.945, 7.6167],
      [2.6093, 4.8745, 0, 4.8745, 7.3917, 9.3289, 10.7557, 17.0035, 1.236, 5.195, 1.0527, 0, 1.3733, 0.8469, 18.0102, 2.6349, 13.6855, 8.7884, 11.6722, 32.8415, 17.3015, 5.8587, 21.2125, 10.5499, 5.4695, 7.3691, 0.9104, 0.7979, 0.4578, 0, 0.763, 0.9841, 3.1356, 0, 1.2586, 9.703, 26.4095, 14.4854, 16.1106, 3.198, 0.9841, 21.6242, 16.98, 18.467, 4.7138, 0, 11.1458, 49.4304, 5.8351, 34.8558, 4.9666]
    ]
  ],
  "V_est": [
    [268.0123, 270.2381, 553.409, 467.4022, 203.9383],
    [487.5134, 736.9034, 4555.4149, 1469.6343, 33.534],
    [133.8061, 224.4195, 301.3291, 20553.7878, 143.6575],
    [7.5495, 2774.294, 30.3064, 188.1327, 0.7174],
    [1361.1187, 81.1451, 357.5406, 723.0429, 469.1527]
  ],
  "p_est": [
    [0.152, 0.1533, 0.3139, 0.2651, 0.1157],
    [0.0669, 0.1012, 0.6255, 0.2018, 0.0046],
    [0.0063, 0.0105, 0.0141, 0.9624, 0.0067],
    [0.0025, 0.9245, 0.0101, 0.0627, 0.0002],
    [0.4549, 0.0271, 0.1195, 0.2417, 0.1568]
  ],
  "EI_Z": {},
  "EI_V": 9.9433,
  "MAE_Z": {},
  "MAE_V": 289.5179,
  "MAE_p": 0.0682,
  "runtime": 1.599
}
