{
  "X": [
    [10, 18, 93, 151, 26],
    [25, 60, 196, 379, 63],
    [7, 18, 51, 120, 12],
    [51, 93, 344, 904, 91],
    [33, 67, 319, 483, 57],
    [58, 108, 452, 418, 66],
    [42, 55, 277, 487, 59],
    [38, 76, 380, 324, 35],
    [72, 88, 495, 762, 105],
    [16, 34, 117, 266, 24],
    [56, 61, 386, 551, 54],
    [2, 8, 17, 14, 1],
    [65, 52, 219, 603, 63],
    [8, 17, 57, 84, 16],
    [7, 7, 37, 45, 5],
    [3, 2, 9, 38, 1],
    [48, 57, 389, 656, 73],
    [54, 58, 339, 779, 119],
    [27, 36, 231, 580, 49],
    [3, 3, 17, 24, 2],
    [7, 25, 89, 107, 9],
    [21, 36, 154, 298, 58],
    [1, 4, 33, 28, 7],
    [3, 5, 30, 25, 1],
    [1, 7, 22, 61, 5],
    [14, 36, 189, 125, 16],
    [82, 71, 546, 575, 74],
    [38, 35, 266, 343, 42],
    [8, 6, 140, 78, 13],
    [33, 112, 572, 364, 67],
    [1, 4, 13, 10, 1],
    [6, 36, 95, 56, 13],
    [34, 110, 382, 545, 59],
    [0, 1, 1, 2, 0],
    [233, 243, 1551, 2519, 320],
    [51, 95, 332, 705, 68],
    [118, 262, 786, 1452, 223],
    [7, 46, 98, 130, 15]
  ],
  "W": [
    [25, 133, 89, 21, 30],
    [84, 338, 199, 41, 61],
    [24, 105, 52, 13, 14],
    [137, 798, 357, 95, 96],
    [78, 400, 318, 99, 64],
    [156, 325, 438, 104, 79],
    [109, 382, 255, 108, 66],
    [156, 198, 377, 76, 46],
    [124, 640, 510, 152, 96],
    [39, 221, 122, 45, 30],
    [70, 466, 406, 107, 59],
    [10, 12, 14, 4, 2],
    [90, 512, 227, 104, 69],
    [11, 72, 66, 11, 22],
    [8, 44, 33, 12, 4],
    [5, 31, 6, 7, 4],
    [83, 589, 381, 91, 79],
    [88, 721, 359, 75, 106],
    [51, 529, 223, 69, 51],
    [2, 25, 17, 3, 2],
    [36, 81, 88, 21, 11],
    [52, 258, 170, 35, 52],
    [5, 23, 34, 5, 6],
    [6, 23, 25, 7, 3],
    [20, 43, 23, 7, 3],
    [60, 77, 185, 35, 23],
    [116, 468, 549, 135, 80],
    [61, 267, 258, 85, 53],
    [21, 61, 128, 21, 14],
    [165, 265, 584, 66, 68],
    [8, 6, 10, 4, 1],
    [38, 46, 105, 6, 11],
    [221, 385, 387, 63, 74],
    [1, 1, 1, 1, 0],
    [456, 2077, 1523, 456, 354],
    [164, 572, 343, 98, 74],
    [362, 1230, 813, 220, 216],
    [77, 78, 100, 15, 26]
  ],
  "method": "mult",
  "cond_prob": [
    [
      [0.00092442200257, 0.49441016411, 0.11873336754, 0.38348417573, 0.0024478706147],
      [0.014234901219, 0.0067818015174, 0.0037257399175, 0.93292614761, 0.042331409736],
      [0.011590817641, 0.038811760359, 0.90271916903, 0.035567982698, 0.011310270273],
      [0.32939048907, 0.00102200532, 0.22115808143, 0.44737852851, 0.0010508956712],
      [0.019637052008, 0.033214176738, 0.025173735201, 0.27645049601, 0.64552454004]
    ],
    [
      [0.0010666891144, 0.5199625042, 0.10728663841, 0.3690123254, 0.0026718428701],
      [0.016937879434, 0.0074975979338, 0.0034763730332, 0.92444836288, 0.047639786716],
      [0.01463795549, 0.045478899509, 0.88883195835, 0.037534595224, 0.013516591421],
      [0.37155973728, 0.0010883154929, 0.19847576798, 0.42773629598, 0.001139883268],
      [0.02171915364, 0.03410849127, 0.021837757293, 0.25535368906, 0.66698090874]
    ],
    [
      [0.00092512499598, 0.53530654733, 0.09937611984, 0.36248598592, 0.001906221906],
      [0.015159131884, 0.0077683458809, 0.0033129865719, 0.93866261133, 0.035096924332],
      [0.013560299754, 0.048862075993, 0.88803494806, 0.039249761963, 0.010292914226],
      [0.35491403216, 0.0011641045819, 0.19585942229, 0.44719712563, 0.00086531534007],
      [0.023103775288, 0.042029975836, 0.024726176152, 0.30680812028, 0.60333195244]
    ],
    [
      [0.0010050068254, 0.48893688152, 0.10668671165, 0.40114817505, 0.0022232249525],
      [0.014904859951, 0.0066114011574, 0.0032306178884, 0.93822811702, 0.037025003985],
      [0.013911539246, 0.043298926021, 0.89024990041, 0.041192146869, 0.011347487449],
      [0.34329951607, 0.0010155094691, 0.19508036063, 0.45966691792, 0.0009376959074],
      [0.022620633127, 0.03559662089, 0.024022085609, 0.30706181152, 0.61069884885]
    ],
    [
      [0.00068226066704, 0.52717614947, 0.10410406143, 0.3659630297, 0.0020744987357],
      [0.011103640676, 0.0077965544686, 0.0034591119159, 0.9397207392, 0.037919953744],
      [0.0097054169255, 0.047828826599, 0.89297955508, 0.03860446421, 0.010881737186],
      [0.27606054296, 0.0012915330684, 0.2252960986, 0.49631630982, 0.0010355155557],
      [0.01652610823, 0.041173531523, 0.025223990409, 0.3014191732, 0.61565719664]
    ],
    [
      [0.0012273351698, 0.51718966005, 0.11633091981, 0.36295867201, 0.0022934129633],
      [0.019864949076, 0.0076358771937, 0.003844594131, 0.92696557164, 0.041689007958],
      [0.015699812767, 0.042343678471, 0.89671087153, 0.034427975452, 0.010817661779],
      [0.39942677831, 0.0010234314763, 0.20255574636, 0.39607291204, 0.00092113180854],
      [0.027598329242, 0.037633684328, 0.026168905927, 0.27752033863, 0.63107874187]
    ],
    [
      [0.00099747526662, 0.42281845621, 0.12923893139, 0.44436529022, 0.002579846914],
      [0.013360932853, 0.0051549255963, 0.0035341576646, 0.9391372363, 0.038812747589],
      [0.011610384812, 0.031435565034, 0.90752582811, 0.038355235916, 0.011072986128],
      [0.31322161895, 0.00080545274798, 0.2171370209, 0.4678362076, 0.00099969980542],
      [0.019801026598, 0.027104894798, 0.02566191923, 0.29994881836, 0.62748334101]
    ],
    [
      [0.0012119465397, 0.41910671715, 0.12531024735, 0.45218117644, 0.0021899125256],
      [0.016011865961, 0.0050491751115, 0.0033799463168, 0.94305737405, 0.03250163856],
      [0.014500602015, 0.032084851839, 0.90365410381, 0.040098941017, 0.0096615013229],
      [0.35664694538, 0.00074778022531, 0.19678466049, 0.44502737942, 0.00079323448376],
      [0.026263794637, 0.029379262199, 0.027160980209, 0.33310586362, 0.58409009934]
    ],
    [
      [0.0010654175837, 0.48142148067, 0.11206037398, 0.40268874181, 0.0027639859564],
      [0.015586779028, 0.0064216340258, 0.0033479319975, 0.92923216205, 0.045411492895],
      [0.014080294088, 0.040703836957, 0.89226702902, 0.039478822152, 0.013470017788],
      [0.35209960248, 0.00096902969104, 0.19858075542, 0.44722075016, 0.0011298622479],
      [0.020814411183, 0.030423490557, 0.021904883238, 0.26757027594, 0.65928693908]
    ],
    [
      [0.0006838356798, 0.54333733496, 0.092852662871, 0.36141090308, 0.0017152634136],
      [0.011331926797, 0.0080998414837, 0.0031385576937, 0.94549585606, 0.031933817963],
      [0.01074999056, 0.053967321655, 0.88325322103, 0.042088257579, 0.0099412091701],
      [0.28702420459, 0.0013553734324, 0.20671179068, 0.50402825503, 0.00088037626527],
      [0.018549135509, 0.047061119559, 0.025168752127, 0.33308741892, 0.57613357389]
    ],
    [
      [0.0010991680669, 0.50454978652, 0.1056361607, 0.3866699966, 0.0020448881107],
      [0.016891528344, 0.0070460781991, 0.0033146933484, 0.93745177054, 0.035295929571],
      [0.015350127213, 0.044939426878, 0.88913243189, 0.040047503266, 0.010530510749],
      [0.37045951422, 0.0010303382482, 0.19054945521, 0.43710985705, 0.00085083527372],
      [0.026180411368, 0.038750009809, 0.025170703895, 0.31318277463, 0.59671610029]
    ],
    [
      [0.00096730609472, 0.62425914451, 0.11123853972, 0.26249172909, 0.0010432805799],
      [0.021402035953, 0.011480350066, 0.0049495377232, 0.93594547791, 0.026222598345],
      [0.012537256144, 0.047503772676, 0.91041630531, 0.024567181614, 0.0049754842592],
      [0.4438138429, 0.001304193446, 0.22416128311, 0.33023882644, 0.00048185410751],
      [0.031012831689, 0.059061848661, 0.035055913737, 0.28112477735, 0.59374462857]
    ],
    [
      [0.0014911987343, 0.45168619177, 0.11084066046, 0.43357317153, 0.0024087775064],
      [0.020363543597, 0.0056077970032, 0.0030899705945, 0.93399554962, 0.036943139181],
      [0.019785489127, 0.038239240693, 0.88752468715, 0.042665616725, 0.011784966306],
      [0.42079985045, 0.00077237906902, 0.16736546453, 0.41022345722, 0.00083884872914],
      [0.030884631612, 0.030177530831, 0.022961490703, 0.30535989204, 0.61061645481]
    ],
    [
      [0.00093063819066, 0.6498284811, 0.071659675265, 0.27603902486, 0.0015421805887],
      [0.019775647782, 0.011973577977, 0.0030983349241, 0.92836264177, 0.036789797547],
      [0.01822343007, 0.077695633974, 0.85308971966, 0.039870982208, 0.011120234089],
      [0.42622674643, 0.0016407600593, 0.16743057044, 0.40387176213, 0.00083016093552],
      [0.028786273094, 0.061934029272, 0.022081349439, 0.28915095619, 0.598047392]
    ],
    [
      [0.0012175491255, 0.57418126144, 0.11310716199, 0.30921034342, 0.00228368403],
      [0.022706414486, 0.0089585590497, 0.0042832374527, 0.91597590523, 0.048075883784],
      [0.015759645467, 0.043887415935, 0.9000267832, 0.029429494233, 0.010896661163],
      [0.43907082478, 0.0010901604533, 0.20621100855, 0.35267016705, 0.00095783915814],
      [0.026271043332, 0.036892124384, 0.024265464996, 0.22560448486, 0.68696688242]
    ],
    [
      [0.0010821741357, 0.39715611191, 0.14470104434, 0.45639948305, 0.00066118656339],
      [0.014404909101, 0.0040544269345, 0.0038581825138, 0.96774991513, 0.0099325663259],
      [0.010438890981, 0.020853340357, 0.93415345034, 0.032206333454, 0.0023479848661],
      [0.34299040718, 0.00057713611732, 0.22195895127, 0.43424225228, 0.00023125315561],
      [0.038005420882, 0.03819635308, 0.049901055593, 0.5397908081, 0.33410636234]
    ],
    [
      [0.0011056255717, 0.4591183662, 0.1236743377, 0.41374587206, 0.0023557984635],
      [0.015866668409, 0.0059930048288, 0.0036238190987, 0.93655026722, 0.03796624044],
      [0.013398124497, 0.035515041361, 0.90337246071, 0.037187880604, 0.010526492832],
      [0.34988776914, 0.00088073978164, 0.20936795769, 0.43894362162, 0.00091991176695],
      [0.023680711468, 0.031735347549, 0.026498242969, 0.30134819269, 0.61673750532]
    ],
    [
      [0.0013654628235, 0.45479722339, 0.11717711081, 0.42358888015, 0.0030713228265],
      [0.018893692917, 0.0057260780477, 0.0033103335283, 0.92435117994, 0.047718715571],
      [0.017244513355, 0.036676690564, 0.89209656246, 0.039680564717, 0.014301668899],
      [0.39951241133, 0.00080652739898, 0.18331003845, 0.41526276137, 0.0011082614531],
      [0.024434410577, 0.026273503845, 0.020974677522, 0.25775854288, 0.67055886517]
    ],
    [
      [0.00080276578585, 0.45740605294, 0.12106252054, 0.41856554835, 0.0021631123877],
      [0.011481722411, 0.0059224195035, 0.003534329589, 0.94431433111, 0.034747197384],
      [0.0099498054035, 0.036029790624, 0.90566288757, 0.038472025766, 0.0098854906373],
      [0.2812334168, 0.00096460497357, 0.22639996172, 0.49046907731, 0.00093293919043],
      [0.018148237207, 0.033220640311, 0.02736985746, 0.32172397112, 0.5995372939]
    ],
    [
      [0.0012272199321, 0.67632187451, 0.079601306458, 0.24155189356, 0.0012977055477],
      [0.029332197983, 0.01094344543, 0.0038271032422, 0.9208318335, 0.035065419843],
      [0.021647391377, 0.057740750733, 0.88124327213, 0.030958392309, 0.0084101934546],
      [0.55102519209, 0.0011077571393, 0.15453354904, 0.29275565269, 0.00057784904018],
      [0.037681831282, 0.050377627111, 0.024021272223, 0.24808929239, 0.639829977]
    ],
    [
      [0.00068396518278, 0.51503268447, 0.10715398459, 0.3753444031, 0.0017849626623],
      [0.010898949999, 0.0073500643438, 0.0034789099913, 0.94627548241, 0.031996593254],
      [0.0094570887192, 0.044809146759, 0.89829388344, 0.038342255381, 0.009097625705],
      [0.27676727792, 0.0012110599954, 0.22577504557, 0.49537984412, 0.00086677239977],
      [0.017540418801, 0.041979599466, 0.027420687503, 0.32647072143, 0.5865885728]
    ],
    [
      [0.0011282555734, 0.49081411752, 0.10495059927, 0.39999791559, 0.0031091120383],
      [0.016494197173, 0.0064856725709, 0.0031301730831, 0.92285051953, 0.051039437647],
      [0.015724151548, 0.04341104183, 0.88358829503, 0.041303829088, 0.015972682502],
      [0.37385301809, 0.00096990186551, 0.18415884444, 0.43976019522, 0.001258040393],
      [0.020312643063, 0.02834190993, 0.018883566655, 0.24467681116, 0.68778506919]
    ],
    [
      [0.00037799362783, 0.5026063882, 0.11274215996, 0.38107605821, 0.0031974000002],
      [0.0057718256759, 0.0061883589845, 0.0034859417389, 0.92962546243, 0.054928411172],
      [0.0049480862576, 0.037539802219, 0.90574002896, 0.036381673733, 0.015390408829],
      [0.18540447759, 0.0011684787513, 0.26054134674, 0.55118587784, 0.0016998190772],
      [0.0063420436052, 0.024212313816, 0.018730972166, 0.21493886241, 0.735775808]
    ],
    [
      [0.0008704567978, 0.56737939132, 0.12221468867, 0.30885523102, 0.00068023219289],
      [0.016827554532, 0.0088594808323, 0.0047829918218, 0.95465245901, 0.0148775138],
      [0.010581541951, 0.039414806642, 0.91955353804, 0.027403757596, 0.0030463557708],
      [0.3634407904, 0.0011495404658, 0.24612124303, 0.38897360588, 0.00031482022406],
      [0.035727967994, 0.067004031928, 0.049690998029, 0.42670322338, 0.42087377867]
    ],
    [
      [0.00034129291776, 0.35751850895, 0.11577189405, 0.52289773134, 0.0034705727412],
      [0.0038904519392, 0.0035594149711, 0.0026726411494, 0.94521460867, 0.044662883268],
      [0.004301194898, 0.027699877558, 0.90348908022, 0.048400861159, 0.016108986164],
      [0.13630141784, 0.0007572571008, 0.22531828379, 0.6360706154, 0.0015524258719],
      [0.0048754941847, 0.015828594609, 0.016392088154, 0.25204929634, 0.71085452671]
    ],
    [
      [0.00091795073997, 0.46814752016, 0.12164425011, 0.40730637168, 0.0019839073117],
      [0.013450576408, 0.0062047524895, 0.0036360524653, 0.94403583472, 0.032672783921],
      [0.011320838826, 0.036665163973, 0.90584400206, 0.037149737397, 0.0090202577451],
      [0.3152453561, 0.00095623391332, 0.22043479373, 0.46253460924, 0.00082900702161],
      [0.021711512919, 0.035535402266, 0.028749146148, 0.32706929823, 0.58693464044]
    ],
    [
      [0.0014909640402, 0.44160018941, 0.12673023229, 0.42760374579, 0.0025748684732],
      [0.020564265924, 0.0055518131936, 0.0035695053142, 0.93042832298, 0.039886092584],
      [0.01758584742, 0.033314144771, 0.90049241238, 0.037408295152, 0.011199300277],
      [0.41277864268, 0.00074396921858, 0.1880135231, 0.39758267215, 0.00088119286038],
      [0.029693194258, 0.028440348494, 0.025252343615, 0.28961329478, 0.62700081885]
    ],
    [
      [0.0011423964153, 0.42285001493, 0.12846914642, 0.4451936867, 0.002344755542],
      [0.015294843591, 0.0051319354977, 0.0035111138458, 0.9407997273, 0.035262379766],
      [0.013360902065, 0.031469200769, 0.90646243957, 0.03859559804, 0.01011185956],
      [0.34370218565, 0.00076722018533, 0.20641631474, 0.44824537786, 0.00086890156706],
      [0.023934311638, 0.028497770971, 0.026918922394, 0.31708792907, 0.60356106593]
    ],
    [
      [0.0011870883316, 0.26338133207, 0.18966145064, 0.54221633138, 0.0035537975778],
      [0.012944356808, 0.0025519282143, 0.0042153603008, 0.93671104212, 0.043577312562],
      [0.0096627711133, 0.013391383873, 0.93370514961, 0.032578154946, 0.01066254046],
      [0.30040818777, 0.00038461409857, 0.25010056248, 0.44802629519, 0.001080340463],
      [0.017579683529, 0.012305146251, 0.028036558881, 0.27227504861, 0.66980356273]
    ],
    [
      [0.00095302260698, 0.50016980788, 0.11716154959, 0.37903510041, 0.0026805195194],
      [0.014781641688, 0.0070788950479, 0.0037103722256, 0.92773730329, 0.046691787748],
      [0.012137262651, 0.040782936279, 0.89870604138, 0.035786652028, 0.012587107661],
      [0.33408496665, 0.0010640590183, 0.21921290353, 0.44448113931, 0.0011569314872],
      [0.019266499948, 0.032729310623, 0.023692553001, 0.26050367576, 0.66380796067]
    ],
    [
      [0.00064194900322, 0.49101673508, 0.13923655516, 0.36670725994, 0.0023975008166],
      [0.0099852621141, 0.0061774847707, 0.0043395298647, 0.93638396358, 0.04311375967],
      [0.0066410608773, 0.029073148478, 0.9280988972, 0.027027345866, 0.0091595475748],
      [0.28838872826, 0.0009537990564, 0.26850998917, 0.44109080593, 0.0010566775816],
      [0.007018226166, 0.015429243911, 0.014909558436, 0.13320760624, 0.82943536525]
    ],
    [
      [0.0011725314205, 0.62912735342, 0.090661445922, 0.27642625804, 0.0026124111977],
      [0.024109751515, 0.011580689194, 0.0037920869086, 0.90017217544, 0.060345296943],
      [0.018626622882, 0.062868529399, 0.87089942318, 0.032329802777, 0.015275621766],
      [0.470225688, 0.0014048134771, 0.18113140281, 0.34603509533, 0.0012030003841],
      [0.024924164505, 0.042447366066, 0.019182356553, 0.19864700752, 0.71479910535]
    ],
    [
      [0.0010774400351, 0.43238909164, 0.11780657071, 0.44649248508, 0.0022344125384],
      [0.014431987454, 0.005288544752, 0.003221578802, 0.94344821332, 0.033609675668],
      [0.013641970854, 0.035073701067, 0.89893369292, 0.041919700393, 0.010430934768],
      [0.33625516655, 0.00081914115722, 0.19615682062, 0.46591069418, 0.0008581774947],
      [0.023331919818, 0.030327080241, 0.025515875051, 0.32872028016, 0.59210484473]
    ],
    [
      [0, 0.93742056573, 0.0096724747283, 0.052906959538, 0],
      [0, 0.0057990079796, 0.0013415279025, 0.99285946412, 0],
      [0, 0.027790188992, 0.95730214068, 0.01490767033, 0],
      [0, 0.0021445784665, 0.23519334147, 0.76266208007, 0],
      [0, 0.1417610799, 0.043758512028, 0.81448040807, -0]
    ],
    [
      [0.0012446122064, 0.41766467676, 0.12857220555, 0.44987835202, 0.0026401534591],
      [0.016421886095, 0.005044890023, 0.003465355468, 0.93595280871, 0.039115059708],
      [0.014534378728, 0.031320881134, 0.90378451088, 0.038990426523, 0.011369802736],
      [0.35984892937, 0.00074079145007, 0.19995337302, 0.43850964706, 0.00094725910057],
      [0.024271848436, 0.026449756051, 0.02509578135, 0.29848436776, 0.62569824641]
    ],
    [
      [0.0011091468695, 0.46392959725, 0.10989909501, 0.42280317965, 0.0022589812191],
      [0.015625620007, 0.0059623602271, 0.0031611643169, 0.93951053715, 0.035740318304],
      [0.014927673248, 0.039966244473, 0.89168854023, 0.042206864007, 0.011210678043],
      [0.35543462439, 0.00090409303153, 0.18844454691, 0.45432328114, 0.00089345452835],
      [0.024263887571, 0.032844487017, 0.024050021817, 0.31453293789, 0.6043086657]
    ],
    [
      [0.0010501886795, 0.52620646582, 0.10223568698, 0.36791537175, 0.002592286779],
      [0.016758040738, 0.0076818183968, 0.0033320775288, 0.92577971018, 0.04644835316],
      [0.015072308567, 0.048467510799, 0.88355801545, 0.039182590875, 0.013719574313],
      [0.36923638291, 0.001132552471, 0.19306198023, 0.4354397736, 0.0011293107989],
      [0.021953639486, 0.035697539484, 0.021387654848, 0.26163148289, 0.65932968329]
    ],
    [
      [0.00082808578675, 0.49028809727, 0.10321105328, 0.40402612419, 0.0016466394688],
      [0.012323959405, 0.0066042828701, 0.0031293057034, 0.95042454097, 0.027517911055],
      [0.011826844914, 0.044497574275, 0.89237116847, 0.042640721331, 0.0086636910048],
      [0.30948362262, 0.0010694194665, 0.19949663425, 0.48921665102, 0.00073367264173],
      [0.021981818856, 0.041774879137, 0.027331882602, 0.36365962269, 0.54525179671]
    ]
  ],
  "expected_outcome": [
    [
      [0.023110550064, 0.08960188561, 0.022202999903, 0.13768593508, 0.053216332029, 0.19146428648, 0.10872480406, 0.18906366019, 0.13211178038, 0.026669591512, 0.076941764683, 0.0096730609472, 0.13420788609, 0.010237020097, 0.0097403930041, 0.0054108706783, 0.091766922451, 0.12016072847, 0.040941055078, 0.0024544398641, 0.02462274658, 0.058669289818, 0.0018899681392, 0.0052227407868, 0.0068258583553, 0.055077044398, 0.17295182867, 0.069686181335, 0.024928854964, 0.15724873015, 0.0051355920257, 0.044556193979, 0.23811424776, 0, 0.5675431661, 0.1819000866, 0.38016830196, 0.06376260558],
      [12.3602541027, 43.6768503532, 12.847357136, 66.9843527688, 41.1197396585, 80.681586968, 46.0872117267, 65.380647875, 59.6962636029, 21.1901560635, 35.3184850566, 6.2425914451, 40.651757259, 7.1481132921, 4.5934500915, 1.9857805596, 38.106824395, 40.0221556585, 23.3277086997, 1.352643749, 18.5411766408, 25.5223341111, 2.513031941, 3.4042763479, 7.150370179, 28.0888512097, 51.2256219717, 25.7938509106, 5.5310079735, 82.5280182997, 3.9281338806, 23.90683943, 95.5579892528, 0.93742056573, 190.4550926026, 76.084453949, 190.4867406254, 37.7521834897],
      [2.9683341885, 9.0120776262, 2.3850268762, 14.6160794955, 8.1201167913, 18.1476234898, 14.0870435214, 19.5483985867, 13.8954863738, 3.621253852, 7.394531249, 1.1123853972, 9.9756594418, 0.78825642791, 0.9048572959, 0.72350522168, 10.264970029, 10.3115857512, 6.1741885477, 0.15920261292, 3.8575434453, 5.4574311622, 0.56371079979, 0.73328813203, 2.315437881, 7.2986550064, 14.7007069454, 7.8366179316, 3.9828904635, 19.3316556825, 1.1138924413, 3.4451349451, 26.0352521263, 0.0096724747283, 58.6289257309, 18.0234515814, 37.0093186866, 7.9472511028],
      [9.5871043934, 30.9970353339, 8.6996636622, 54.9572999821, 28.5451163167, 56.6215528335, 48.4358166342, 70.5402635242, 49.9334039843, 14.0950252199, 27.066899762, 2.6249172909, 39.0215854375, 3.0364292734, 2.4736827473, 2.2819974153, 34.340907381, 37.2758214531, 21.3468429657, 0.48310378711, 13.5123985115, 20.7998916108, 1.9053802911, 1.8531313861, 10.4579546269, 24.4383823008, 49.6020345113, 27.1568148884, 11.386542959, 62.5407915669, 2.9336580795, 10.5041978055, 98.6748392021, 0.052906959538, 205.144528523, 69.3397214631, 133.185364572, 31.1100115628],
      [0.061196765367, 0.22443480109, 0.045749325745, 0.30458181849, 0.16181090138, 0.35777242227, 0.28120331363, 0.34162635399, 0.34273425859, 0.066895273129, 0.14314216775, 0.010432805799, 0.21678997558, 0.016963986475, 0.01826947224, 0.003305932817, 0.19553127247, 0.27027640874, 0.11031873177, 0.0025954110954, 0.064258655844, 0.16167382599, 0.015987000001, 0.0040813931573, 0.069411454825, 0.1190344387, 0.29868474289, 0.14303008806, 0.074629749133, 0.4422857207, 0.019180006533, 0.099271625511, 0.49380517098, 0, 1.2039099773, 0.37047291992, 0.938407814, 0.1267912391]
    ],
    [
      [1.8932418622, 5.7250032487, 1.5917088478, 11.8940782408, 4.4414562703, 6.4561084497, 5.1038763499, 3.1703494604, 9.9755385781, 2.5043558221, 7.8714522082, 0.25682443144, 10.4261343217, 1.4238466403, 0.9990822374, 0.44655218212, 9.3454676928, 13.6223525929, 6.0738311554, 0.73330494958, 0.88281494989, 4.2555028706, 0.13275199055, 0.38703375425, 0.16728943339, 1.0356943834, 9.6240764522, 4.0837232389, 0.78960576527, 3.9171350474, 0.059911572684, 1.1090485697, 5.5563151696, 0, 34.1082574203, 8.9378546439, 20.6123901073, 0.96126883358],
      [0.90197960182, 2.5341881016, 0.8156763175, 5.2758981236, 3.1186217874, 2.481660088, 1.9691815778, 0.99973667208, 4.1098457765, 1.7900649679, 3.2834724408, 0.13776420079, 2.8711920656, 0.86209761434, 0.39417659819, 0.12568723497, 3.5298798442, 4.1285022724, 3.1329599174, 0.27358613575, 0.59535521185, 1.6733035233, 0.14233225664, 0.20376805914, 0.15305484376, 0.47776594169, 2.5982485746, 1.3702267779, 0.15566762107, 1.8759071877, 0.037064908624, 0.53271170294, 2.0360897295, 0.0057990079796, 10.4782365779, 3.4104700499, 9.4486366281, 0.51513406387],
      [0.49552340902, 1.1750140852, 0.34786359005, 2.5780330749, 1.3836447664, 1.2494930926, 1.3500482279, 0.66922937073, 2.1426764784, 0.6936212503, 1.5446471003, 0.059394452679, 1.5820649444, 0.22308011454, 0.18846244792, 0.11960365793, 2.1344294491, 2.3867504739, 1.8696603526, 0.095677581056, 0.28179170929, 0.80758465545, 0.080176659994, 0.1100088119, 0.11492356942, 0.27997603982, 1.6705284871, 0.93746739683, 0.25713697835, 0.98324863978, 0.026037179188, 0.17443599779, 1.2403078388, 0.0013415279025, 7.197543307, 1.8081859892, 4.0984553605, 0.24408584487],
      [124.0791776321, 312.4635466543, 98.5595741898, 748.7060373806, 375.8882956782, 301.2638107834, 358.7504242652, 186.7253600619, 594.7085837144, 208.95458419, 436.8525250708, 11.2313457349, 478.2057214075, 66.8421102075, 40.30293983, 30.0002473689, 551.6281073947, 666.4572007345, 499.5422811583, 23.0207958375, 76.6483140754, 238.0954340376, 21.3813856359, 21.9570065573, 40.6442281729, 72.6907592732, 435.4404551566, 251.1935271889, 57.139373569, 245.8503853719, 5.6183037815, 41.4079200702, 363.2275621299, 0.99285946412, 1943.9739836805, 537.400027247, 1138.7090435175, 74.1331141954],
      [5.6300774949, 16.1022479101, 3.6851770548, 29.54595318, 15.1679814977, 13.5489275863, 14.8264695792, 6.4353244349, 29.0633554525, 7.0573737697, 16.4479031799, 0.31467118014, 18.9148872607, 2.6488654234, 2.1153388865, 0.3079095561, 22.3621156192, 34.4051939264, 18.3812674164, 0.87663549606, 2.5917240536, 13.168174913, 1.263353457, 0.34218281739, 1.9205039805, 2.5158043619, 18.6666913295, 9.4150553975, 2.6582160663, 12.3733237532, 0.25868255802, 2.7758836594, 12.9397251322, 0, 81.2419790143, 20.44346207, 57.1314743866, 2.1463970623]
    ],
    [
      [1.03158277, 2.9129531426, 0.70513558718, 4.9664195107, 3.0863225823, 6.8765179919, 2.960648127, 5.4667269597, 7.1809499849, 1.3114988484, 6.2321516484, 0.17552158601, 4.4913060318, 1.2027463846, 0.52006830041, 0.062633345884, 5.1046854334, 6.1907802944, 2.218806605, 0.36800565342, 0.83222380729, 2.6731057631, 0.16823493276, 0.26453854877, 0.098927482654, 2.0943551828, 9.6546302335, 3.4471127328, 1.2368347025, 7.0881613881, 0.066410608773, 1.9557954026, 5.2794427205, 0, 22.1358588027, 5.1201919239, 12.2537868651, 1.1826844914],
      [3.4542466719, 9.0503010024, 2.5408279516, 15.4577165896, 15.2095668586, 18.5465311703, 8.0160690836, 12.0959891431, 20.7589568479, 6.5840132419, 18.2454073127, 0.66505281747, 8.6803076374, 5.1279118423, 1.4482847259, 0.12512004214, 13.5312307586, 13.1669319125, 8.0346433093, 0.98159276245, 3.9432049148, 7.3798771112, 1.2763532754, 0.98537016606, 0.63709718384, 6.7830553351, 18.2894654792, 8.1190537985, 1.7140971358, 23.8172347869, 0.29073148478, 6.6011955869, 13.573522313, 0.027790188992, 47.7017019676, 13.7084218543, 39.4040862797, 4.4497574275],
      [80.3420060436, 176.8775597126, 46.1778172994, 317.8192144479, 283.9674985153, 392.7593617308, 231.4190861684, 340.6775971349, 455.0561847977, 107.7568929662, 360.9877673489, 12.7458282743, 201.4681039827, 56.3039214976, 29.7008838456, 5.6049207021, 344.184907529, 320.2626659249, 201.9628239278, 14.9811356261, 79.0498617423, 150.2100101553, 30.7951609847, 22.988838451, 20.7802488451, 167.5811403808, 494.3703343965, 233.8673094078, 119.5142591498, 524.8443281664, 9.280988972, 91.4444394335, 347.8873391591, 0.95730214068, 1376.4638100684, 305.8491692987, 718.3326665574, 89.2371168475],
      [3.1655504601, 7.4693844496, 2.0409876221, 14.7055964323, 12.2762196188, 15.079453248, 9.7805851585, 15.1173007635, 20.1341992977, 5.1347674247, 16.2592863261, 0.3439405426, 9.6850949966, 2.6314848257, 0.9711733097, 0.19323800072, 14.1685825101, 14.2453227335, 8.5792617459, 0.52629266925, 3.3741184735, 7.021650945, 1.2369769069, 0.6850939399, 1.1132198067, 6.8727014184, 20.5371540387, 9.9576642942, 4.1700038331, 20.8994047844, 0.27027345866, 3.3946292916, 16.2229240521, 0.01490767033, 59.3824195949, 14.4769543543, 31.8554463812, 4.2640721331],
      [1.0066140543, 2.6898016928, 0.53523153976, 4.0510530194, 3.460392425, 4.738135859, 2.8236114625, 3.6423859987, 6.8697090719, 1.2128275188, 4.2753873639, 0.069656779629, 2.6751873515, 0.73393544987, 0.35958981839, 0.014087909197, 4.0105937689, 5.1342991347, 2.2044644121, 0.14297328873, 0.80059106204, 2.7153560254, 0.52327390017, 0.07615889427, 0.37050668178, 1.6687476829, 6.1484158521, 2.6088597666, 1.3648051789, 7.3508708743, 0.091595475748, 1.6039402854, 4.0367717552, 0, 17.3162095663, 3.8452625689, 11.1540139166, 0.86636910048]
    ],
    [
      [6.9172002705, 15.2339492283, 4.6138824181, 32.6134540268, 27.3299937533, 41.5403849446, 33.8279348462, 27.105167849, 53.5191395769, 12.9160892066, 39.6391680212, 1.7752553716, 43.7631844469, 4.6884942108, 5.2688498974, 2.4009328503, 31.8397869921, 29.9634308495, 19.4051057592, 1.6530755763, 5.8121128363, 13.084855633, 0.92702238796, 2.5440855328, 0.95410992486, 11.0335874635, 55.7251167612, 29.2146857802, 6.3085719431, 22.0496077988, 1.153554913, 2.821354128, 21.1840754929, 0, 164.0911117926, 34.8325931904, 81.2320042394, 4.6422543393],
      [0.02146211172, 0.04462093521, 0.015133359565, 0.096473399567, 0.12786177377, 0.10643687354, 0.086988896782, 0.056831297123, 0.14729251304, 0.060991804457, 0.11024619256, 0.005216773784, 0.080327423178, 0.018048360652, 0.013081925439, 0.0040399528212, 0.08014732013, 0.060489554924, 0.066557743176, 0.0033232714179, 0.025432259904, 0.033946565293, 0.0058423937563, 0.0080467832605, 0.0053007997056, 0.033468186966, 0.10043584451, 0.065213715753, 0.00807689607, 0.070227895206, 0.0038151962256, 0.0084288808624, 0.051605892905, 0.0021445784665, 0.33780090123, 0.08860111709, 0.24916154363, 0.016041291998],
      [4.6443197101, 8.1375064874, 2.5461724898, 18.5326342599, 22.3043137609, 21.0657976214, 23.4507982575, 14.9556341972, 30.1842748245, 9.3020305808, 20.3887917075, 0.89664513243, 17.4060083112, 1.8417362749, 2.4745321026, 1.5537126589, 19.0524841498, 13.7482528838, 15.6215973589, 0.46360064713, 4.7412759569, 6.4455595554, 1.3027067337, 1.7228487012, 1.5772279865, 7.7152177805, 25.3818256185, 17.545386753, 5.2521118121, 14.4680516331, 1.0740399567, 1.0867884168, 12.357879699, 0.23519334147, 91.1787380967, 18.467565597, 42.4736356502, 2.9924495137],
      [9.3949490986, 17.5371881351, 5.8135626332, 43.6683572026, 49.135314672, 41.1915828524, 50.5263104205, 33.8220808359, 67.9775540239, 22.6812714762, 46.7707547044, 1.3209553058, 42.6632395509, 4.4425893834, 4.2320420046, 3.0396957659, 39.9438695672, 31.1447071027, 33.8423663346, 0.87826695807, 10.4029767265, 15.3916068326, 2.7559293892, 2.7228152412, 4.4524943078, 16.1887113233, 53.6736607397, 38.1008571178, 9.4085521991, 29.3357551948, 1.7643632237, 2.076210572, 29.3523737331, 0.76266208007, 199.9603990597, 44.5236815518, 95.7967501909, 7.3382497653],
      [0.022068809096, 0.046735213989, 0.011249099421, 0.089081111203, 0.10251604002, 0.095797708088, 0.10796757899, 0.060285820766, 0.17173906167, 0.039616931937, 0.091039374288, 0.00192741643, 0.087240267831, 0.0091317702908, 0.011494069898, 0.0016187720892, 0.083711970792, 0.083119608984, 0.06437280414, 0.0017335471205, 0.018202220395, 0.044031413753, 0.008499095386, 0.0022037415684, 0.010866981103, 0.029015245756, 0.11896103615, 0.0738566332, 0.022687149722, 0.076357478156, 0.0042267103264, 0.0072180023044, 0.054065182166, 0, 0.43195014986, 0.087558543779, 0.24844837576, 0.011005089626]
    ],
    [
      [0.58911156025, 1.324868372, 0.32345285403, 2.1715807802, 1.0576709267, 2.1802680101, 1.3068677555, 1.2081345533, 1.9981834736, 0.55647406528, 1.5446442707, 0.062025663377, 2.1310395812, 0.63329800806, 0.10508417333, 0.15202168353, 1.8707762059, 2.5900475212, 0.92556009755, 0.075363662564, 0.19294460681, 1.0562574393, 0.038052261631, 0.10718390398, 0.014626482554, 0.49936479714, 2.3754555406, 1.2685185168, 0.2461155694, 1.3101219965, 0.007018226166, 0.27416580955, 1.7265620665, 0, 8.5922343463, 1.7955276803, 4.741986129, 0.57152729027],
      [0.99642530215, 2.0806179674, 0.58841966171, 3.4172756054, 2.6351060175, 2.9730610619, 1.7889230567, 1.3514460612, 2.9206550935, 1.4118335868, 2.2862505787, 0.11812369732, 2.0822496273, 1.362548644, 0.14756849754, 0.15278541232, 2.5070924564, 2.7849914075, 1.6942526558, 0.10075525422, 0.46177559413, 1.4737793163, 0.1452738829, 0.20101209578, 0.047485783827, 0.81731425212, 2.2752278795, 1.5103818615, 0.17227204752, 2.2255931224, 0.015429243911, 0.46692102673, 2.2442039378, 0, 9.363213642, 2.4304920392, 7.7106685285, 1.0861468576],
      [0.75521205603, 1.3321031949, 0.34616646613, 2.3061202185, 1.6143353862, 2.0673435682, 1.6936866692, 1.2494050896, 2.1028687908, 0.75506256381, 1.4850715298, 0.070111827474, 1.5843428585, 0.48578968766, 0.097061859984, 0.19960422237, 2.0933611945, 2.2233158173, 1.3958627305, 0.048042544446, 0.30162756253, 0.98194546604, 0.112385833, 0.14907299409, 0.049176264463, 0.6612303614, 2.0201874892, 1.4267028869, 0.39251182433, 1.6110936041, 0.014909558436, 0.21100592209, 1.8881747538, 0, 8.8839065978, 1.7797016144, 4.6197334472, 0.71062894764],
      [8.2935148803, 15.5765750324, 4.295313684, 29.477933906, 19.2908270847, 21.924106752, 19.7966220119, 15.3228697263, 25.6867464901, 9.9926225675, 18.4777837035, 0.56224955469, 21.069832551, 6.3613210363, 0.90241793945, 2.1591632324, 23.8065072227, 27.3224055455, 16.4079225274, 0.49617858478, 3.5911779357, 12.7231941805, 1.2896331745, 1.2801096701, 0.75614788903, 7.5225938592, 23.1690635823, 16.8056602405, 3.8118506805, 17.7142499518, 0.13320760624, 2.1851170828, 24.3253007319, 0, 105.6634661856, 23.275437404, 56.5124003037, 9.4551501899],
      [19.3657362012, 40.6858354333, 8.4466473342, 58.6270894898, 39.4020605849, 49.8552206077, 41.4139005068, 26.8681445696, 63.291546152, 17.2840072166, 35.2062499173, 1.1874892571, 42.1325353819, 13.157042624, 2.7478675297, 1.3364254494, 48.7222629205, 71.0792397085, 30.5764019888, 1.279659954, 6.4524743008, 35.7648235978, 4.414654848, 1.262621336, 2.1325635801, 13.4994967301, 50.1600655083, 31.9887364943, 9.3772498782, 45.1389413253, 0.82943536525, 7.8627901589, 43.81575851, 0, 221.4971792283, 44.7188412621, 142.4152115916, 14.1765467146]
    ]
  ],
  "prob": [
    [0.0011066969301, 0.47166075931, 0.11615060571, 0.40862083547, 0.0024611025757],
    [0.016048197699, 0.0062714377454, 0.0034410550357, 0.93416817932, 0.040071130197],
    [0.01419473565, 0.038906847804, 0.89635174389, 0.038905343047, 0.011641329611],
    [0.35492652343, 0.00093086609379, 0.20067094373, 0.44249064926, 0.00098101748758],
    [0.023268761836, 0.032253768506, 0.024446667606, 0.2923383081, 0.62769249395]
  ],
  "iterations": 272,
  "time": 0.000847,
  "message": "Converged",
  "status": 0,
  "miniter": 0,
  "maxiter": 1000,
  "maxtime": 3600,
  "param_threshold": 0.001,
  "ll_threshold": "-Inf",
  "initial_prob": "group_proportional",
  "candidates_id": ["DEGIA-PALA, Anne.c", "IRWIN, Frances Ruth.c", "PENK, Christopher Aidan.c", "SEPULONI, Carmel Jean.c", "Other candidates votes.c"],
  "group_id": ["Green Party.p", "Labour Party.p", "National Party.p", "New Zealand First Party.p", "Other parties votes.p"]
}
