{
  "Z_true": {},
  "V_true": [
    [55, 94, 137, 2297, 163, 2461, 91],
    [697, 39, 41, 71, 480, 154, 67],
    [404, 239, 238, 420, 8586, 705, 544],
    [81, 283, 294, 1266, 147, 6691, 231],
    [36, 68, 1359, 217, 275, 675, 91],
    [38, 819, 54, 256, 256, 633, 79],
    [69, 28, 38, 50, 357, 152, 393]
  ],
  "p_true": [
    [0.0104, 0.0177, 0.0259, 0.4336, 0.0308, 0.4645, 0.0172],
    [0.45, 0.0252, 0.0265, 0.0458, 0.3099, 0.0994, 0.0433],
    [0.0363, 0.0215, 0.0214, 0.0377, 0.771, 0.0633, 0.0489],
    [0.009, 0.0315, 0.0327, 0.1408, 0.0163, 0.744, 0.0257],
    [0.0132, 0.025, 0.4994, 0.0798, 0.1011, 0.2481, 0.0334],
    [0.0178, 0.3836, 0.0253, 0.1199, 0.1199, 0.2965, 0.037],
    [0.0635, 0.0258, 0.035, 0.046, 0.3284, 0.1398, 0.3615]
  ],
  "Z_est": [
    [
      [0.0039, 0.0122, 0.0018, 0.0142, 0.0073, 0.0192, 0.0384, 0.0206, 0.921, 1.5237, 0.0514, 0.0133, 0.019, 0.0351, 0.0367, 0.0301, 0.1407, 0.0279, 0.0176, 0.0108, 0.0083, 0.0001, 0.002, 0.0064, 0.0069, 0.0108, 0.0147, 0.0039, 0.0005, 0.0176, 0.0083, 0.0421, 0.0305, 0.0029, 0.0186, 0.0049, 0.1013, 0.0132],
      [0.0048, 0.1008, 0.0066, 0.0272, 0.0448, 0.0784, 0.088, 0.1136, 0.0992, 0.1168, 0.1648, 0, 0.0707, 0.1488, 0.1479, 0.112, 1.5582, 0.1219, 0.0352, 0.0336, 0.0208, 0.0005, 0.0224, 0.0062, 0.0085, 0.0336, 1.2803, 0.0032, 0.0064, 0.0978, 0.0721, 0.1664, 0.0928, 0.016, 0.0912, 0.0255, 0.24, 0.0048],
      [0.005, 0.0153, 0.0018, 0.0116, 0.0118, 0.0079, 0.0229, 0.0308, 0.028, 0.0401, 0.0427, 0.0104, 0.0101, 0.0353, 0.0431, 0.0207, 0.0015, 0.0261, 0.0151, 0.0041, 0.0091, 0.0001, 0.0021, 0.004, 0.0023, 0.0088, 0.0107, 0.0013, 0.0014, 0.0207, 0.0154, 0.0566, 0.0317, 0.0204, 0.0462, 0.0028, 0.0434, 0.0038],
      [1.7401, 92.4998, 10.5233, 26.9721, 42.8447, 119.1994, 71.3457, 125.8409, 132.2925, 235.2702, 336.8397, 84.1867, 111.9976, 206.7071, 234.5186, 180.9743, 8.9514, 181.3382, 109.3943, 12.181, 24.3619, 0.7517, 12.0266, 9.5708, 13.5299, 11.3109, 95.5594, 10.5233, 7.9494, 141.1265, 138.3271, 280.4957, 200.9859, 6.9606, 238.0126, 25.3158, 348.1391, 57.5033],
      [0.8709, 0.1202, 0.1074, 2.7622, 0.4371, 1.1581, 1.5503, 1.0926, 0.4909, 0.9778, 1.8249, 0.768, 1.1427, 2.109, 2.3928, 0.7324, 2.6841, 1.971, 0, 10.5962, 0.9897, 0.0077, 0.1227, 0.0997, 0.138, 1.8843, 1.0584, 0, 0.2437, 1.4648, 1.1657, 1.817, 0.2729, 0.5819, 25.5941, 1.0434, 0, 2.9944],
      [1.1323, 25.1183, 3.1991, 11.7148, 12.6647, 29.3188, 25.8117, 38.1609, 41.116, 73.0069, 96.0404, 18.0907, 35.1122, 62.8214, 71.2946, 51.4329, 1.5831, 65.5894, 24.5663, 7.3123, 8.9118, 0.2285, 3.6413, 2.9706, 4.1131, 4.5702, 34.2168, 3.1991, 2.5136, 43.6451, 10.9864, 84.5481, 56.7753, 6.2581, 91.0139, 10.4671, 100.473, 29.1162],
      [0.2429, 1.1335, 0.16, 1.4978, 0.9896, 1.2182, 1.1431, 1.7407, 1.0525, 2.0645, 3.0361, 0.9311, 0.6477, 3.1434, 3.5663, 2.6976, 0.081, 7.9255, 0.9715, 1.8621, 4.6983, 0.0114, 0.1829, 0.3424, 0.2012, 2.1814, 5.8598, 0.2692, 0.285, 4.6275, 1.425, 2.8741, 1.8108, 0.16, 5.2235, 1.1405, 7.0032, 0.3643]
    ],
    [
      [6.1679, 19.0364, 9.042, 21.0297, 28.1673, 22.3865, 23.3006, 33.0328, 19.7764, 33.705, 75.1443, 27.1351, 20.5593, 43.4162, 58.0581, 34.1446, 4.4636, 43.5249, 27.4124, 16.752, 10.1811, 6.2384, 6.0971, 8.1779, 9.6093, 16.7402, 25.2509, 0, 0.7615, 27.4353, 14.3281, 65.5258, 38.2568, 4.0837, 28.9369, 7.6487, 157.6211, 23.1048],
      [0.016, 0.0709, 0.0125, 0.0191, 0.0388, 0.0551, 0.0388, 0.0799, 0.0331, 0.0559, 0.1159, 0.036, 0.0416, 0.073, 0.1038, 0.057, 0.0057, 0.0798, 0.0248, 0.0236, 0.016, 0.008, 3.317, 0.0101, 0.0137, 0.0236, 0.0484, 0, 0.0045, 0.0518, 1.456, 0.1243, 0.0639, 0.0068, 0.073, 0.0212, 0.1688, 0.0034],
      [5.9352, 0.3219, 0.1001, 0.1881, 0.2262, 0.1282, 0.2064, 2.5378, 0.176, 0.2974, 0.5917, 0.2428, 0.1392, 0.3884, 0.6526, 0.2871, 0.0174, 0.4248, 0.2088, 0.1821, 0.1262, 0.0425, 0.1436, 0.0728, 0.0728, 0.1218, 0.2306, 0, 0.0182, 0.2871, 0.2132, 0.7831, 0.3399, 0.0364, 0.3959, 0.0392, 0.6004, 0.0522],
      [0.0028, 0.1714, 0.0449, 0.0428, 0.1388, 0.1892, 0, 0.2122, 0.1184, 0.2, 0.4449, 0.1633, 0.1768, 0.2612, 0.3714, 0.2041, 0.0138, 0.2857, 0.151, 0.0193, 0.0387, 0.0286, 0.0612, 0.0152, 0.0235, 0.018, 0.1551, 0, 0.0124, 0.189, 3.1634, 0.4586, 0.2286, 0.0111, 0.3702, 0.049, 0.5553, 0.1551],
      [1.3574, 0.3982, 0.3205, 0.3938, 0.3223, 0.3128, 0.3223, 0.493, 0.1774, 0, 0, 0.435, 0.2175, 0.6067, 1.362, 0.2647, 0.0474, 0.6636, 0.1137, 3.9471, 0.1327, 0.3004, 0.855, 0.1138, 0.1138, 0.681, 0.3602, 0, 1.3009, 0.3887, 1.8138, 1.0333, 0.2632, 0.0569, 0.6067, 0.6318, 1.4664, 1.8472],
      [0.4809, 21.9185, 1.4487, 9.2379, 4.8288, 9.8339, 10.1319, 15.4958, 8.6419, 14.6019, 32.4817, 11.9199, 10.8183, 19.0718, 30.1803, 14.8999, 0.4462, 24.8143, 9.0184, 8.9399, 3.34, 0.3622, 4.47, 3.576, 2.1327, 5.3497, 11.8307, 0, 0.894, 12.5311, 8.9399, 40.7639, 16.6878, 1.788, 33.4347, 3.576, 51.0768, 12.8108],
      [0.04, 0.0827, 0.0314, 0.0885, 0.2778, 0.0942, 0, 0.1484, 0.0768, 0.1398, 0.2216, 0.068, 0.0473, 0.1826, 0.2718, 0.1427, 0.0059, 0.2068, 0.0709, 0.1359, 0.1655, 0.02, 0.0561, 0.0342, 0.0342, 0.0656, 0.1241, 0, 0.0086, 0.117, 0.0856, 0.3111, 0.1598, 0.0171, 0.1826, 0.0342, 0.5112, 0.0266]
    ],
    [
      [1.7905, 5.5952, 5.757, 7.7256, 10.487, 5.0902, 9.5962, 8.3482, 7.8756, 13.8521, 23.4998, 6.4209, 6.0428, 11.4287, 15.8366, 20.9853, 1.3428, 12.757, 8.0571, 4.9238, 6.6248, 2.6952, 1.7905, 4.6035, 3.3369, 4.9238, 4.3352, 7.8585, 0.2238, 8.0571, 2.4272, 19.2475, 13.6752, 1.3428, 8.5047, 2.2381, 46.9685, 3.7442],
      [0.9156, 1.8682, 0.5338, 2.5586, 4.4096, 0.8174, 1.4465, 2.1054, 1.8752, 2.1647, 3.0543, 0.3883, 6.4092, 1.5134, 0.3861, 5.2721, 0.1186, 1.9273, 0.6524, 0.6227, 1.0329, 0.9072, 0.4151, 0.2669, 0.4448, 0.6227, 0.7442, 0.0593, 0.0418, 1.3641, 0.4515, 3.0839, 1.7199, 0.2965, 1.6137, 0.2372, 4.8119, 0.089],
      [2.64, 2.9208, 3.4814, 4.6875, 4.8866, 0, 2.6501, 3.868, 7.6784, 3.4733, 5.3679, 1.3025, 1.263, 2.7727, 4.6313, 2.605, 0.1579, 3.276, 1.8945, 1.5211, 2.1369, 0.4342, 1.2776, 0.7894, 0.671, 1.1052, 1.2593, 0.8397, 0.0766, 2.605, 0, 9.3148, 3.9864, 2.5655, 3.5917, 0.3552, 5.4468, 0.4055],
      [0.0205, 1.1255, 0.9967, 0.3172, 1.9823, 0.4962, 0.839, 1.3602, 1.545, 2.7524, 22.3926, 1.0334, 2.5713, 0, 0, 3.1043, 0.1023, 2.0771, 1.3097, 0.1432, 0.2865, 1.5692, 0.2149, 0.1126, 0.1739, 0.133, 0, 0.7494, 0, 1.1506, 0.4542, 9.0862, 4.0574, 0.0819, 1.6233, 0.2865, 5.7782, 0.5677],
      [210.3201, 226.5899, 214.1646, 565.5723, 554.6148, 103.3036, 310.2298, 261.8935, 118.188, 235.0514, 438.7987, 172.1, 144.7455, 317.5132, 504.9734, 176.4544, 25.2321, 399.7379, 148.8756, 239.7253, 238.9119, 203.2242, 160.3625, 193.1799, 318.7944, 453.4404, 152.4317, 18.0809, 8.7711, 187.0932, 94.7277, 438.6358, 175.099, 131.0839, 340.5767, 78.4715, 977.1357, 124.2927],
      [0.0943, 2.253, 0.3088, 9.8221, 1.0293, 0, 3.057, 2.2716, 5.2365, 7.0267, 16.6522, 1.7229, 6.5981, 0, 5.0449, 4.1771, 0, 4.6059, 0.9827, 0, 0.7119, 0.0772, 0, 0.5533, 0.4546, 0.8144, 1.5727, 5.682, 0, 1.9437, 0, 15.0076, 4.537, 1.2988, 3.4104, 0.7033, 20.3579, 1.1927],
      [3.219, 14.6475, 11.7578, 21.3167, 60.5904, 8.2926, 18.1814, 21.1532, 13.6013, 26.6795, 39.2345, 12.0319, 8.37, 28.772, 40.1278, 20.4019, 1.0463, 36.6189, 12.2281, 24.0638, 29.2951, 8.0928, 9.9394, 22.4944, 14.1244, 32.9605, 17.657, 4.7302, 0.8867, 17.7863, 9.9394, 40.6242, 20.9251, 10.3306, 26.6795, 4.7081, 90.5009, 4.7081]
    ],
    [
      [0.0016, 0.0285, 0.0179, 0.013, 0.0464, 0.0413, 0.0417, 0.05, 0.0484, 0.087, 0.125, 0.0405, 0.0457, 0.1827, 0.0893, 0.1467, 0.0071, 0.0679, 0.0429, 0.0262, 0.0202, 0.0107, 0.0079, 0.0155, 0.0167, 0.0075, 0.0357, 0.055, 0.0012, 0.0429, 0.0202, 0.1024, 0.2743, 0.2447, 0.0452, 0.0111, 0.2465, 0.0263],
      [0.0177, 0.372, 0.1063, 0.0732, 0.1653, 2.7872, 0.1732, 0.4192, 0.3661, 0.4311, 0.6082, 0.189, 0.2629, 5.0938, 0.5905, 0.4133, 0.0236, 0.3071, 0.1299, 0.124, 0.0768, 0.0177, 0.0827, 0.0299, 0.0886, 0.0423, 0.2539, 0.0118, 0.286, 0.3392, 0.2608, 0.7814, 0.4567, 0.8336, 0.3366, 0.0629, 0.8857, 0.0177],
      [0.0479, 0.1123, 3.4788, 0.1109, 0.1558, 0.0749, 0.121, 0.2937, 0.2667, 0.3367, 0.4076, 0.1375, 0.0959, 2.0546, 0.4495, 0.1978, 0.012, 0.2022, 0.1577, 0.0454, 0.0869, 0.033, 0.031, 0.0551, 0.0281, 0.0295, 0.1019, 0.0317, 1.3856, 0.1978, 0.1468, 0.9976, 0.3027, 0.318, 0.2727, 0.027, 0.0991, 0.036],
      [0.1143, 4.7085, 0.9603, 1.7724, 2.9159, 8.7437, 4.6474, 9.0206, 7.9852, 14.5137, 22.8553, 5.7746, 7.6737, 15.2557, 13.2391, 11.8922, 0.5291, 11.6063, 7.3183, 0.8004, 1.6009, 0.2619, 1.2512, 0.6289, 0.972, 0.7433, 5.8317, 1.2803, 0.5146, 9.1478, 9.0907, 22.0569, 13.2072, 0.4574, 12.1633, 1.6009, 22.6224, 3.602],
      [0.4699, 0, 0.4784, 0.1731, 1.228, 0.5509, 0.4095, 0.6118, 0.2648, 0.0573, 0, 0.4656, 0.3246, 12.1569, 1.4162, 0.3951, 0.0619, 0.8927, 0.3396, 0.9493, 0.5339, 1.0814, 0.1048, 0.0707, 0.2, 0.5497, 0.5728, 0.0406, 0.251, 0.4186, 0.6167, 0.9803, 0.393, 3.7373, 1.0189, 0.1487, 0, 0.351],
      [8.3285, 150.6594, 27.8572, 68.8032, 90.8565, 213.6291, 162.6073, 299.3872, 255.9493, 460.3398, 686.6591, 184.2872, 246.5237, 487.7508, 564.7925, 378.58, 11.3571, 396.6021, 210.9014, 60.8432, 62.8424, 7.5356, 41.4896, 28.0072, 37.6648, 39.5964, 226.9548, 42.5392, 22.37, 317.7368, 242.6713, 732.5018, 427.834, 160.317, 403.8437, 59.1028, 695.351, 139.9257],
      [0.02, 0.1193, 0.1011, 0.0543, 0.632, 0.1728, 0, 0.2174, 0.1195, 0.2344, 0.3448, 0.1057, 0.0735, 2.5056, 0.4229, 0.3749, 0.0092, 0.3218, 0.1103, 0.2114, 1.8389, 0.0598, 0.0329, 0.1928, 0.0298, 0.0314, 1.2491, 0.0414, 0.1917, 1.117, 0.1935, 0.5796, 0.5321, 0.0919, 0.3196, 0.0466, 0.7952, 0.0414]
    ],
    [
      [0.0149, 0.0918, 0.0335, 0.0745, 0.1042, 0.1028, 0.8617, 0.1541, 0.1064, 0.2141, 0.3854, 0.0651, 0.0838, 0.2383, 0.2753, 0.2055, 0.022, 0.2092, 0.1321, 0.0807, 0.0596, 0.033, 0.0294, 0.0477, 0.0514, 0.0807, 0.0819, 0.0074, 0.0037, 0.1321, 0.0624, 0.3156, 4.2673, 0.022, 0.1395, 0.0367, 0.7597, 0.0335],
      [0.0074, 0.1555, 0.0256, 0.0419, 0.0797, 0.6731, 0.1357, 0.1752, 0.153, 0.1637, 0.2463, 0, 0.0913, 0.2295, 0.2468, 1.1108, 0.0099, 0.1637, 0.0543, 0.0518, 0.0321, 0.0199, 0.0641, 0.0222, 0.037, 0.0518, 0.0626, 0.0049, 0.0028, 0.1224, 1.7173, 0.2566, 0.1908, 0.0247, 0.1406, 0.0228, 0.3701, 0.0074],
      [7.1421, 69.7745, 15.4785, 31.4275, 45.5248, 24.5592, 69.156, 90.1371, 79.8224, 82.8355, 128.0185, 30.6405, 30.122, 96.0139, 142.041, 62.3839, 3.7652, 78.1289, 45.1035, 39.5351, 25.9746, 10.3631, 31.0633, 18.7814, 16.0293, 26.4111, 32.0046, 3.0125, 1.4952, 62.5447, 48.3948, 167.837, 95.8338, 61.1853, 86.0272, 8.4718, 129.9011, 11.2957],
      [0.0049, 4.9813, 0.0341, 0.0755, 0.1242, 0.3337, 0.1997, 0.3605, 0.3678, 0.4712, 1.0036, 0.1434, 0.3118, 0.5245, 0.7785, 1.3696, 0.0205, 0.4945, 0.2417, 0.0341, 0.0682, 0.0574, 3.2, 0.0268, 0.1024, 0.0317, 0.1803, 0.0164, 0.0082, 0.3897, 3.4086, 0.8087, 0.5627, 0.0195, 0.4917, 0.0682, 0.9792, 0.0738],
      [0.0428, 0.5345, 0.0962, 0.2138, 0.2993, 0.1817, 0.4971, 0.1955, 0.1757, 0, 0.6532, 0.1871, 0.2154, 0.6841, 1.4083, 0.4971, 0.0411, 0.6146, 0, 4.8864, 0.171, 2.3662, 0.731, 0.1283, 2.0606, 0.6744, 0.2281, 0, 0.0107, 0.4596, 1.9196, 0, 0.7162, 0.4115, 0.6414, 0.8399, 0.9995, 0.1913],
      [0.5467, 22.9267, 1.7893, 6.9606, 5.9643, 7.1241, 20.1752, 9.619, 16.9486, 28.5182, 38.5794, 2.9084, 13.2982, 26.4499, 40.2041, 24.2052, 1.0316, 31.5496, 12.152, 8.8888, 3.9732, 0.4473, 8.8701, 2.7732, 5.2383, 7.5432, 9.2195, 0.8381, 0.3697, 19.7579, 15.2959, 45.8877, 28.0774, 14.24, 28.9409, 6.067, 44.5015, 5.9047],
      [0.2412, 1.5358, 0.5428, 1.2062, 3.9034, 1.0253, 1.9746, 2.3585, 1.4261, 2.7973, 4.1137, 1.0555, 0.8776, 3.8599, 5.0461, 3.2278, 0.1097, 3.8394, 1.3164, 2.5231, 1.7213, 0.713, 1.0421, 2.2204, 1.4809, 1.207, 2.223, 0.1206, 0.1097, 2.5934, 2.2014, 3.8943, 4.3518, 1.097, 3.6187, 0.4936, 9.4889, 0.4936]
    ],
    [
      [0.0104, 0.2009, 0.1206, 0.1039, 0.1351, 0.3429, 1.1048, 0.3376, 0.2331, 0.5507, 5.6524, 0.2754, 0.213, 0.6442, 0.6028, 0.4501, 0.0156, 0.3429, 0.21, 0.1768, 0.0831, 0.0104, 0.0623, 0.1045, 0.1125, 0.165, 0.2411, 0.0643, 0.008, 0.2894, 0.1366, 0.6912, 0.4582, 0.0482, 0.3054, 0.052, 1.0235, 0.0416],
      [1.4361, 56.0308, 15.5122, 13.0922, 18.0141, 43.5795, 49.2749, 63.1459, 55.1415, 65.55, 93.361, 28.4601, 27.5392, 82.7122, 88.9378, 60.8146, 2.0045, 45.2626, 19.5663, 18.6769, 10.9132, 1.374, 7.9795, 8.0359, 11.4808, 17.76, 38.1886, 1.7788, 3.5575, 42.511, 32.0331, 95.1469, 53.2558, 5.7379, 51.8182, 7.115, 131.0097, 2.6681],
      [0, 0, 0, 0, 0, 0, 0, 0, 0, 0, 0, 0, 0, 0, 0, 0, 0, 0, 0, 0, 0, 0, 0, 0, 0, 0, 0, 0, 0, 0, 0, 0, 0, 0, 0, 0, 0, 0],
      [0.112, 6.1602, 1.2129, 1.7361, 2.8561, 7.9237, 4.5921, 10.805, 8.4562, 15.0644, 27.3489, 6.363, 4.9223, 14.8869, 21.0098, 10.2048, 0.3602, 6.731, 3.6017, 0.784, 1.568, 0.2401, 1.4407, 0.616, 1.8678, 0.728, 0, 1.3736, 0.504, 7.8253, 4.4421, 18.5925, 11.7076, 0.448, 15.0084, 0.6226, 22.5127, 0.9604],
      [0.0332, 0.8251, 0.7733, 0.8512, 0.4315, 1.0954, 1.2614, 0.9529, 0.2416, 0.8527, 2.7883, 7.1041, 0, 2.0581, 28.7728, 0, 0.0498, 0.1905, 0.4979, 2.606, 0.2656, 0.0332, 0.1992, 0.7008, 0.4331, 1.6433, 0.5558, 0.0656, 0.083, 1.0788, 0.359, 1.5846, 0.6352, 0.1328, 1.7095, 0.166, 3.2696, 0.4661],
      [0.4061, 10.74, 1.3606, 4.1951, 4.5353, 12.9876, 19.7116, 14.6928, 12.8878, 23.8931, 38.6689, 10.7623, 8.3255, 23.5654, 35.5358, 13.4708, 0.5669, 13.4021, 6.0918, 5.6857, 3.1369, 0.3401, 2.3054, 2.8429, 3.0875, 2.6789, 9.95, 2.6861, 0.8421, 13.2256, 0, 34.8224, 16.8541, 1.6245, 34.0477, 2.0306, 38.9193, 3.8552],
      [0.0021, 0.0429, 0.0204, 0.0215, 0.0279, 0.0709, 0.0552, 0.0659, 0.0399, 0.089, 0.1805, 0.0353, 0, 0.1332, 0.141, 0.0598, 0.0031, 0.0709, 0.0322, 0.0705, 0.0332, 0.0021, 0.0129, 1.6999, 0.0183, 0.0247, 0.0644, 0.0316, 0.0054, 0.0698, 0.0291, 0.1622, 0.0892, 0.0086, 0.1106, 0.0138, 0.2652, 0.0086]
    ],
    [
      [0.0108, 0.035, 0.0273, 0.0391, 0.0526, 0.0171, 0.0565, 0.0567, 0.0391, 0.0675, 0.1417, 0.0497, 0.0364, 0.0548, 0.1012, 0.0377, 0.0081, 0.0703, 0.1279, 0.0297, 0.0229, 0.0121, 0.0108, 0.0446, 0.8664, 0.072, 0.0405, 0.0108, 0.0013, 0.0257, 0.0171, 0.0754, 0.0377, 0.2555, 0.0497, 0.0086, 0.2794, 0.0364],
      [0.6024, 4.4018, 1.8029, 1.1878, 5.2477, 1.0092, 3.8429, 4.9608, 4.332, 4.5178, 5.4495, 2.9266, 2.5852, 3.2293, 9.5871, 2.2202, 0.2795, 4.1376, 1.5372, 1.4673, 0.9083, 0.6727, 2.1193, 0.6288, 2.9266, 2.4659, 2.422, 0.142, 0.1009, 1.5138, 1.0092, 4.4403, 2.2202, 3.0845, 2.9266, 0.5155, 12.5137, 0.2096],
      [0.2297, 0.8552, 0.4595, 0.5744, 1.1947, 0.2297, 0.8436, 1.1325, 1.0285, 1.017, 1.5717, 0.6663, 0.3698, 0.7352, 2.1826, 0.5054, 0.0459, 0.942, 0.6203, 0.7122, 0.6663, 0.1271, 0.4825, 0.2974, 0.1965, 0.3236, 0.3929, 0.1149, 0.023, 0.3446, 0.2297, 1.0109, 0.5054, 0.8744, 0.6663, 0.104, 1.9092, 0.2068],
      [0.0054, 0.3533, 0.2279, 0.0839, 0.138, 0.114, 0.3761, 0.4006, 0.2349, 0.728, 1.1151, 3.3357, 0.3464, 0.3647, 1.0826, 0.2507, 0.0228, 0.4672, 5.9834, 0.0379, 0.0758, 0.0912, 2.8054, 0.0298, 0.3305, 0.0352, 0.2735, 0.057, 0.0114, 0.1709, 0.114, 0.5014, 0.2507, 0.0217, 0.3305, 0.057, 1.4131, 0.1377],
      [6.9058, 10.5322, 8.0597, 10.0335, 17.6669, 3.3975, 11.7297, 10.7607, 4.4616, 10.0608, 16.9348, 12.9403, 5.3543, 10.8719, 36.6745, 6.6564, 0.8836, 13.9297, 9.1732, 11.2897, 8.9952, 2.987, 7.6248, 8.7069, 13.2601, 17.1268, 5.7929, 0.813, 0.3397, 5.0962, 3.3975, 14.9489, 6.6204, 10.9957, 9.8527, 1.6987, 42.1287, 4.8574],
      [0.0111, 4.3842, 0.0363, 0.2662, 0.1211, 0.1065, 1.5054, 0.3727, 0.2199, 0.6135, 0.9182, 0.3088, 0.3239, 0.3407, 2.9479, 0.2343, 0.0151, 0.4366, 0.2875, 0.3301, 0.0838, 0.0091, 0.2236, 0.2769, 0.3088, 0.4472, 0.2556, 0.0555, 0.0106, 0.1597, 0.1065, 0.4685, 0.2343, 0.4736, 0.3088, 0.0532, 1.3204, 0.1947],
      [2.2348, 10.4383, 9.3864, 12.8151, 27.579, 5.126, 14.6458, 17.316, 9.6839, 18.9954, 27.869, 8.7726, 5.9839, 16.4033, 42.424, 12.0953, 0.7449, 21.0167, 9.2705, 17.1331, 18.2478, 4.1008, 7.7337, 16.0157, 11.1111, 21.5293, 14.8226, 3.8069, 0.513, 7.689, 5.126, 22.5545, 12.1313, 8.2947, 14.8655, 2.563, 64.4355, 3.3573]
    ]
  ],
  "V_est": [
    [3.2377, 5.262, 0.665, 3948.068, 73.267, 1192.7347, 74.7656],
    [1016.2523, 6.3918, 16.8281, 8.7449, 23.7212, 472.775, 4.2867],
    [330.0098, 57.2417, 97.9389, 70.4942, 9662.3973, 129.2005, 788.7175],
    [2.3339, 17.5177, 12.9393, 259.36, 32.3151, 8654.9986, 13.5354],
    [9.6191, 6.9656, 2008.237, 22.3685, 23.9731, 567.7857, 82.0511],
    [15.6207, 1370.4766, 0, 245.5893, 64.767, 434.7346, 3.8118],
    [2.9265, 106.1446, 24.3917, 22.3752, 383.5593, 18.771, 528.8318]
  ],
  "p_est": [
    [0.0006, 0.001, 0.0001, 0.7452, 0.0138, 0.2251, 0.0141],
    [0.6561, 0.0041, 0.0109, 0.0056, 0.0153, 0.3052, 0.0028],
    [0.0296, 0.0051, 0.0088, 0.0063, 0.8677, 0.0116, 0.0708],
    [0.0003, 0.0019, 0.0014, 0.0288, 0.0036, 0.9624, 0.0015],
    [0.0035, 0.0026, 0.7381, 0.0082, 0.0088, 0.2087, 0.0302],
    [0.0073, 0.6419, 0, 0.115, 0.0303, 0.2036, 0.0018],
    [0.0027, 0.0976, 0.0224, 0.0206, 0.3529, 0.0173, 0.4865]
  ],
  "EI_Z": {},
  "EI_V": 21.3113,
  "MAE_Z": {},
  "MAE_V": 286.3452,
  "MAE_p": 0.0726,
  "runtime": 11.093
}
