{
  "X": [
    [9, 3, 54, 23, 6],
    [0, 0, 6, 1, 2],
    [0, 0, 6, 0, 0],
    [28, 18, 163, 94, 25],
    [2, 14, 41, 17, 9],
    [2, 10, 93, 9, 15],
    [0, 5, 166, 6, 13],
    [5, 19, 501, 31, 53],
    [0, 5, 41, 1, 8],
    [5, 12, 58, 25, 12],
    [0, 0, 8, 4, 0],
    [9, 4, 85, 37, 14],
    [4, 2, 77, 21, 6],
    [2, 44, 46, 10, 7],
    [0, 1, 4, 1, 1],
    [0, 2, 1, 2, 1],
    [21, 30, 174, 55, 26],
    [8, 9, 68, 35, 10],
    [21, 18, 101, 48, 12],
    [1, 8, 19, 2, 2],
    [0, 3, 8, 0, 0],
    [1, 13, 22, 4, 5],
    [8, 89, 127, 13, 11],
    [24, 23, 116, 57, 9],
    [178, 398, 1917, 640, 233],
    [1, 3, 21, 8, 2],
    [0, 1, 18, 2, 0],
    [10, 22, 103, 35, 8],
    [33, 57, 220, 94, 28],
    [0, 0, 11, 2, 0],
    [31, 30, 123, 46, 11],
    [16, 22, 87, 73, 7],
    [3, 2, 13, 4, 1],
    [0, 2, 7, 3, 0],
    [22, 46, 208, 53, 25],
    [17, 21, 214, 44, 34],
    [497, 704, 6030, 1804, 741],
    [47, 117, 545, 169, 78],
    [5, 16, 81, 14, 11],
    [2, 8, 75, 2, 14],
    [16, 64, 162, 33, 17],
    [34, 77, 300, 127, 30],
    [19, 66, 151, 59, 16],
    [0, 0, 6, 1, 1],
    [2, 4, 46, 7, 8],
    [59, 85, 548, 199, 59],
    [2, 4, 43, 12, 5],
    [11, 16, 115, 27, 20],
    [7, 30, 139, 17, 25],
    [1, 0, 21, 5, 2],
    [1, 6, 126, 5, 6],
    [1, 2, 66, 6, 7],
    [3, 4, 60, 6, 4],
    [1, 1, 45, 5, 6],
    [52, 95, 308, 111, 45],
    [8, 36, 75, 26, 15],
    [9, 10, 31, 16, 5],
    [19, 40, 139, 50, 21],
    [8, 10, 26, 18, 8],
    [32, 45, 227, 107, 27],
    [10, 8, 79, 19, 8],
    [35, 25, 231, 135, 18],
    [34, 23, 125, 103, 8],
    [19, 17, 165, 102, 24],
    [7, 10, 109, 24, 21],
    [6, 13, 140, 22, 20],
    [4, 13, 237, 16, 37],
    [1, 7, 109, 6, 18],
    [1, 8, 117, 1, 11],
    [6, 11, 100, 13, 26],
    [1, 1, 9, 3, 4],
    [1, 0, 8, 5, 3],
    [0, 0, 3, 3, 1],
    [34, 44, 291, 111, 53],
    [2, 3, 9, 4, 1],
    [21, 39, 149, 97, 23],
    [1, 0, 4, 1, 4],
    [0, 1, 3, 0, 2],
    [6, 72, 112, 19, 20],
    [11, 74, 97, 24, 20],
    [28, 18, 162, 86, 31],
    [4, 7, 46, 21, 10],
    [12, 20, 120, 46, 29],
    [3, 2, 22, 12, 0],
    [2, 3, 19, 8, 4],
    [37, 43, 166, 110, 38],
    [45, 20, 104, 147, 22],
    [40, 54, 216, 114, 29],
    [29, 23, 112, 81, 24],
    [27, 37, 423, 118, 51],
    [19, 29, 159, 55, 44],
    [15, 23, 207, 27, 49],
    [2, 5, 51, 7, 10],
    [22, 75, 172, 59, 37],
    [74, 70, 321, 175, 67],
    [33, 71, 228, 73, 39],
    [5, 6, 24, 9, 9],
    [2, 6, 51, 17, 5],
    [2, 0, 17, 4, 3],
    [4, 14, 67, 12, 13],
    [12, 20, 165, 43, 29],
    [16, 16, 132, 38, 22],
    [8, 11, 71, 16, 11],
    [9, 38, 119, 44, 20],
    [0, 5, 152, 2, 20],
    [1, 6, 127, 4, 10],
    [3, 2, 62, 8, 11],
    [42, 25, 248, 130, 40],
    [20, 16, 188, 108, 47],
    [52, 29, 224, 144, 36],
    [70, 29, 275, 202, 38],
    [26, 159, 610, 120, 79],
    [144, 347, 2247, 517, 327],
    [89, 189, 1357, 352, 263],
    [2, 3, 8, 3, 2]
  ],
  "W": [
    [5, 30, 52, 8],
    [2, 1, 4, 2],
    [0, 0, 6, 0],
    [14, 123, 176, 15],
    [6, 18, 54, 5],
    [9, 12, 101, 7],
    [12, 6, 158, 14],
    [29, 33, 495, 52],
    [4, 1, 38, 12],
    [10, 26, 65, 11],
    [1, 3, 8, 0],
    [3, 44, 83, 19],
    [7, 26, 73, 4],
    [23, 11, 72, 3],
    [2, 0, 4, 1],
    [2, 3, 1, 0],
    [31, 73, 180, 22],
    [16, 40, 64, 10],
    [18, 66, 103, 13],
    [7, 3, 20, 2],
    [3, 0, 8, 0],
    [11, 5, 25, 4],
    [52, 21, 165, 10],
    [12, 73, 132, 12],
    [392, 801, 1998, 175],
    [3, 9, 21, 2],
    [3, 2, 16, 0],
    [22, 45, 102, 9],
    [47, 124, 240, 21],
    [1, 2, 10, 0],
    [26, 71, 137, 7],
    [32, 87, 79, 7],
    [2, 8, 12, 1],
    [3, 3, 6, 0],
    [37, 69, 230, 18],
    [22, 57, 227, 24],
    [684, 2210, 6230, 652],
    [94, 203, 595, 64],
    [16, 17, 86, 8],
    [11, 3, 80, 7],
    [45, 45, 194, 8],
    [65, 154, 318, 31],
    [38, 73, 185, 15],
    [1, 1, 5, 1],
    [9, 6, 45, 7],
    [67, 242, 569, 72],
    [8, 14, 40, 4],
    [16, 30, 132, 11],
    [17, 22, 164, 15],
    [1, 7, 19, 2],
    [7, 1, 124, 12],
    [1, 7, 68, 6],
    [7, 6, 59, 5],
    [4, 5, 48, 1],
    [82, 154, 345, 30],
    [29, 35, 86, 10],
    [16, 22, 29, 4],
    [18, 70, 170, 11],
    [12, 27, 30, 1],
    [35, 124, 253, 26],
    [8, 31, 79, 6],
    [24, 171, 227, 22],
    [18, 133, 133, 9],
    [25, 116, 174, 12],
    [10, 29, 118, 14],
    [13, 23, 152, 13],
    [16, 18, 223, 50],
    [7, 6, 120, 8],
    [8, 2, 116, 12],
    [15, 19, 112, 10],
    [3, 5, 9, 1],
    [2, 6, 7, 2],
    [2, 1, 3, 1],
    [56, 128, 292, 57],
    [2, 4, 11, 2],
    [37, 114, 158, 20],
    [2, 3, 4, 1],
    [0, 0, 4, 2],
    [61, 26, 126, 16],
    [56, 29, 125, 16],
    [29, 119, 153, 24],
    [12, 28, 44, 4],
    [25, 62, 121, 19],
    [3, 15, 21, 0],
    [8, 11, 15, 2],
    [45, 141, 187, 21],
    [15, 196, 102, 25],
    [60, 139, 230, 24],
    [16, 104, 130, 19],
    [50, 134, 416, 56],
    [30, 75, 179, 22],
    [20, 43, 231, 27],
    [3, 7, 53, 12],
    [57, 81, 207, 20],
    [74, 250, 343, 40],
    [79, 104, 236, 25],
    [6, 14, 26, 7],
    [7, 19, 49, 6],
    [0, 6, 16, 4],
    [13, 17, 69, 11],
    [23, 37, 185, 24],
    [20, 41, 148, 15],
    [5, 24, 76, 12],
    [23, 41, 148, 18],
    [5, 0, 158, 16],
    [3, 4, 129, 12],
    [4, 10, 61, 11],
    [27, 165, 254, 39],
    [22, 118, 202, 37],
    [32, 187, 229, 37],
    [40, 259, 271, 44],
    [198, 144, 589, 63],
    [415, 627, 2241, 299],
    [248, 415, 1359, 228],
    [1, 3, 12, 2]
  ],
  "method": "mvn_pdf",
  "cond_prob": [
    [
      [0.0095452132232, 0.38074516825, 0.42634565915, 0.054696728302, 0.12866723107],
      [0.2765407683, 0, 0.020147092255, 0.69221491127, 0.011097228176],
      [0.011958752716, 0.02108219536, 0.89461561752, 0.025078060386, 0.047265374015],
      [0.0042744679521, 0, 0.59298085317, 0.082001235049, 0.32074344382]
    ],
    [
      [0, 0, 0.69068611296, 0.0074885286555, 0.30182535838],
      [0, 0, 0.012388001507, 0.96605947758, 0.021552520917],
      [0, 0, 0.91564183811, 0.0021850640937, 0.082173097796],
      [0, 0, 0.47183621006, 0.0051116043687, 0.52305218557]
    ],
    [
      [2.9895599047e-11, 0.19690647159, 0.7906558494, 8.5571278327e-05, 0.012352107696],
      [6.6085403105e-09, 4.169806843e-23, 4.2705386419e-20, 0.99999999339, 1.6269994096e-25],
      [4.0464246365e-28, 6.2682361242e-19, 1, 2.4440249775e-21, 2.3129473358e-19],
      [3.1490946099e-11, 0.00012927960668, 0.991416924, 4.0668296032e-06, 0.0084497295298]
    ],
    [
      [0.0043861332259, 0.50490540119, 0.30320867055, 0.03327956281, 0.15422023222],
      [0.21870822432, 0.0030303749308, 0.026161456012, 0.72697213772, 0.025127807016],
      [0.0056589007377, 0.059944762265, 0.84170520136, 0.018436690432, 0.074254445206],
      [0.0027677342398, 0.0005540072105, 0.49314027224, 0.05811037766, 0.44542760865]
    ],
    [
      [0.0005335339549, 0.80613432405, 0.10056197627, 0.015357717878, 0.077412447851],
      [0.106936722, 0, 0.028104324754, 0.83765881188, 0.027300141366],
      [0.0013321814874, 0.16968877881, 0.70368874596, 0.028121149112, 0.097169144628],
      [0, 0, 0.37831160297, 0.062290605362, 0.55939779167]
    ],
    [
      [0.0012179250147, 0.47747038231, 0.31260849095, 0.012474486978, 0.19622871475],
      [0.15458321826, 0.00603921017, 0.060646998328, 0.71167110517, 0.06705946807],
      [0.0012799612734, 0.055706439083, 0.85400302427, 0.0020659185611, 0.086944656817],
      [0.0006805667263, 0.0005636699698, 0.45777916439, 0.019859797214, 0.5211168017]
    ],
    [
      [0, 0.34114570215, 0.50608854442, 0.019644982868, 0.13312077057],
      [0, 0.091948198921, 0.077178487732, 0.79550339087, 0.035369922473],
      [0, 0.0022440657008, 0.95052012967, 0.0038258072792, 0.043409997354],
      [0, 0, 0.66297757524, 0.027625879302, 0.30939654546]
    ],
    [
      [0.0020036619483, 0.37035455637, 0.44725242515, 0.023862169592, 0.15652718694],
      [0.14975435768, 0.0044981447243, 0.059853263422, 0.74919918397, 0.036695050203],
      [0, 0.016386422403, 0.91911102341, 0.0077040029118, 0.056798551276],
      [0, 0, 0.59797241135, 0.034056587875, 0.36797100078]
    ],
    [
      [0, 0.57399215641, 0.29747750192, 0.0092908774113, 0.11923946425],
      [0, 0.035358799291, 0.067898430024, 0.84733094467, 0.049411826013],
      [0, 0.066789773223, 0.86726775293, 0, 0.065942473844],
      [0, 0.010888432714, 0.56550141257, 0.0096254621403, 0.41398469257]
    ],
    [
      [0.0049944885395, 0.60028921539, 0.21543737262, 0.051244519627, 0.12803440383],
      [0.16534863467, 0.0028793457071, 0.010197750205, 0.80789750453, 0.013676764887],
      [0.0093438874797, 0.090924527242, 0.78286235584, 0.034860520332, 0.082008709108],
      [0.0039670842792, 0.0011045988184, 0.42676651263, 0.11057144221, 0.45759036206]
    ],
    [
      [0, 0, 0.75418689937, 0.24581310063, 0],
      [0, 0, 0.0035218118803, 0.99647818812, 0],
      [0, 0, 0.90440595812, 0.095594041876, 0],
      [0.0017878421183, 0.00010689145003, 0.60118665248, 0.33794539972, 0.058973214239]
    ],
    [
      [0.0049807426255, 0.41343973293, 0.380546422, 0.04604033124, 0.1549927712],
      [0.18965287116, 0, 0.024068269799, 0.76738464882, 0.018894210219],
      [0.0071904021101, 0.03324916628, 0.87465399106, 0.021345994607, 0.06356044594],
      [0.002290950835, 0, 0.53700397919, 0.069749310834, 0.39095575914]
    ],
    [
      [0.027478261538, 0.28571428571, 0.52697639631, 0.026055388126, 0.13377566831],
      [0.14534134721, 0, 0.059974157016, 0.76895872503, 0.025725770745],
      [0.00039354849087, 0, 0.94649973061, 0.0093715953284, 0.043735125574],
      [1.2025497648e-05, 0, 0.66433920228, 0.035139743335, 0.30050902889]
    ],
    [
      [0.0012625552435, 0.88779226674, 0.077987000152, 0.0057956673403, 0.027162510521],
      [0.1481190099, 0.0094492402676, 0.040886272483, 0.77593990148, 0.025605575866],
      [0.004667677616, 0.32604470658, 0.58935090116, 0.016041002729, 0.063895711913],
      [0.0018597773677, 0.00053911609197, 0.44109503847, 0.058802846142, 0.49770322192]
    ],
    [
      [0, 0.38961144442, 0.25970188134, 0.21035524732, 0.14033142691],
      [1, 0, 0, 0, 0],
      [0, 0.053618528338, 0.79904176266, 0.033338618114, 0.11400109088],
      [0, 0.0063029977995, 0.28442918666, 0.4459350329, 0.26333278264]
    ],
    [
      [0, 0.90724825318, 0.021398861236, 0.016511413083, 0.054841472504],
      [0, 0.009319650662, 0.073954394633, 0.65287931487, 0.26384663983],
      [0, 0.15754454166, 0.73533909363, 0.0083392292164, 0.098777135494],
      [1.321704878e-08, 7.4813811628e-06, 2.2075274875e-05, 1.0062936984e-06, 0.99996942383]
    ],
    [
      [0.0050123833935, 0.55292034939, 0.28780058361, 0.029200539368, 0.12506614425],
      [0.26960350266, 0.0036256068334, 0.02589800291, 0.67920178939, 0.021671098211],
      [0.0060318129989, 0.069879884008, 0.84171600444, 0.018029860554, 0.064342437997],
      [0.0035379127625, 0.00074639767225, 0.53085213164, 0.057621716127, 0.40724184179]
    ],
    [
      [0.0065601272608, 0.42142590184, 0.37507970304, 0.0588297998, 0.13810446807],
      [0.18216484599, 0, 0.018428014506, 0.78554704003, 0.013860099481],
      [0.0089773877351, 0.035268524541, 0.87183035158, 0.026722902834, 0.057200833305],
      [0.0033891309243, 0, 0.54644616697, 0.092657582085, 0.35750712002]
    ],
    [
      [0.0069246385716, 0.57247615162, 0.28631871187, 0.037554800145, 0.096725697787],
      [0.30591037457, 0.0034085670094, 0.018462690628, 0.66034522965, 0.011873138141],
      [0.0059817377714, 0.072413969895, 0.84660049717, 0.026281759957, 0.048722035206],
      [0.0053194456403, 0.00090961146089, 0.57137495356, 0.079554397315, 0.34284159203]
    ],
    [
      [0.0059564302313, 0.77655495145, 0.16728631366, 0, 0.050202304653],
      [0.28029966865, 0.0086439428501, 0.038019592213, 0.6522498438, 0.020786952487],
      [0.0056527089504, 0.12681911653, 0.82262353301, 0, 0.044904641509],
      [0.0021759017054, 0.00090059033315, 0.63123318376, 0.021625234306, 0.3440650899]
    ],
    [
      [0, 0.77700374765, 0.22299625235, 0, 0],
      [2.9869221104e-30, 1.5475696066e-44, 2.07116382e-47, 1, 1.4188370119e-59],
      [0, 0.083623594632, 0.91637640537, 0, 0],
      [1.0811543612e-07, 0.0011213410425, 0.86891961531, 0.0030410647504, 0.12691787078]
    ],
    [
      [0.0036534209512, 0.80060640709, 0.12165071686, 0.0028641394928, 0.071225315604],
      [0.14838958164, 0.0085106850496, 0.035090002055, 0.7721995598, 0.035810171457],
      [0.008397264029, 0.16603104387, 0.74418139665, 0.00020870282071, 0.081181592635],
      [0.0019832151517, 0, 0.47046429703, 0.025569774019, 0.5019827138]
    ],
    [
      [0.0013533785274, 0.87667732615, 0.096702226656, 0.0025468347087, 0.022720233962],
      [0.33827133415, 0.019649609998, 0.047788170331, 0.57132304715, 0.022967838376],
      [0.0048177326262, 0.26060689231, 0.69810669735, 0.002915741639, 0.03355293608],
      [0.0031000416188, 0, 0.57803275743, 0.03886832346, 0.3799988775]
    ],
    [
      [0.0089181316309, 0.68435461376, 0.20004733504, 0.047393079979, 0.059286839587],
      [0.30638692433, 0.0011503356066, 0.016274062767, 0.6736384469, 0.0025502303918],
      [0.010698034054, 0.11130077766, 0.80126927136, 0.042134172657, 0.034597744264],
      [0.0095497040878, 0.0010056236835, 0.55365679813, 0.14116380213, 0.29462407196]
    ],
    [
      [0.0032711597277, 0.59468443543, 0.27244196719, 0.026506396814, 0.10309604084],
      [0.21024003324, 0.0047235218736, 0.032733900101, 0.73032035329, 0.021982191495],
      [0.0039343563503, 0.080558098292, 0.84352680442, 0.017194825402, 0.054785915535],
      [0.0025976844207, 0.00082902801048, 0.56352194085, 0.058672161767, 0.37437918495]
    ],
    [
      [0.0012466323008, 0.56491039457, 0.32848582512, 0.020212075791, 0.085145072213],
      [0.10655627544, 0.0054924346362, 0.021199666087, 0.84969428833, 0.0170573355],
      [0.0016847845679, 0.059684119304, 0.88251825999, 0.0098144284599, 0.046298407679],
      [0.00093657408906, 0.0012351995806, 0.64543103504, 0.043006089986, 0.3093911013]
    ],
    [
      [0, 0.32128209054, 0.66558224166, 0.013135667806, 0],
      [0, 0.018076864194, 0.041706406579, 0.94021672923, 0],
      [0, 0, 0.99499002887, 0.0050099711331, 0],
      [0.000146126533, 0.0002494567147, 0.87339201598, 0.018347151283, 0.10786524949]
    ],
    [
      [0.00298492443, 0.61560290827, 0.29011649498, 0.02084243229, 0.070453240026],
      [0.20924679374, 0.0062959268831, 0.038808422174, 0.73110435641, 0.014544500795],
      [0.0048673237536, 0.080031742814, 0.87209519365, 0.011558107137, 0.031447632648],
      [0.0024176579196, 0.0011312823533, 0.65748315118, 0.051427058152, 0.28754085039]
    ],
    [
      [0.0039182613849, 0.66871158508, 0.21617068356, 0.024676364096, 0.086523105882],
      [0.25201709825, 0.0033872226537, 0.026334016051, 0.69976497413, 0.018496688908],
      [0.0061970964216, 0.1047220075, 0.8131223275, 0.019458760751, 0.056499807829],
      [0.0037342090644, 0.00082181394304, 0.54405720392, 0.066631024503, 0.38475574857]
    ],
    [
      [0, 0, 0.98825978569, 0.011740214311, 0],
      [0, 0, 0.030032085363, 0.96996791464, 0],
      [0, 0, 0.99516760436, 0.0048323956415, 0],
      [9.748451917e-05, 0.00014728663548, 0.91173888519, 0.013714547573, 0.074301796084]
    ],
    [
      [0.0090421627507, 0.64137486231, 0.23207381603, 0.039872254248, 0.077636904663],
      [0.43221287936, 0.0094186994239, 0.015490882214, 0.53596356572, 0.0069139732822],
      [0, 0.092323359233, 0.81720230066, 0.045581161541, 0.04489317857],
      [0.011112761966, 0.0010322436867, 0.5585018509, 0.095041298922, 0.33431184453]
    ],
    [
      [0.0046267263225, 0.53115903074, 0.3396954088, 0.047109542258, 0.077409291877],
      [0.17751832621, 0.0036564093322, 0.024945761886, 0.79021191499, 0.0036675875822],
      [0.0048714121762, 0.059233852875, 0.87967369126, 0.026397132251, 0.029823911434],
      [0.0032869736516, 0.00076128961045, 0.63789200349, 0.094097799391, 0.26396193385]
    ],
    [
      [0.00047525406249, 0.5987155948, 0.34273091263, 0.0015430817706, 0.056535156737],
      [0.37480584999, 0.038090589474, 0.059883020743, 0.49859669238, 0.028623847416],
      [0, 0.041353548889, 0.92306275014, 0, 0.035583700966],
      [0.00060269194615, 0.001601507928, 0.75872100707, 0.0081402974516, 0.23093449561]
    ],
    [
      [0, 0.58642109083, 0.40031154899, 0.013267360184, 0],
      [0, 0.020060268086, 0.016599124423, 0.96334060749, 0],
      [0, 0.030092653877, 0.95821132996, 0.011696016163, 0],
      [0.00016651176433, 0.00052749033982, 0.89990236825, 0.020787552331, 0.078616077314]
    ],
    [
      [0.005042275123, 0.64176310995, 0.23145707727, 0.027516867514, 0.094220670149],
      [0.29355900582, 0.0036186194282, 0.022765791151, 0.66311101612, 0.016945567481],
      [0.0064168849568, 0.095607447747, 0.81810296462, 0.021738951017, 0.058133751663],
      [0.0045544932712, 0.00085373386929, 0.53897592722, 0.068180947539, 0.3874348981]
    ],
    [
      [0.0054453404442, 0.45657123091, 0.33071549782, 0.031237645114, 0.1760302857],
      [0.270628171, 0.001914288124, 0.029183005098, 0.67097515086, 0.027299384918],
      [0.0060788806961, 0.047764148972, 0.8517941417, 0.017107271629, 0.077255557002],
      [0.0031037852218, 0.0001606950133, 0.48764823296, 0.049326564524, 0.45976072228]
    ],
    [
      [0.0042221215288, 0.50528674043, 0.32892193153, 0.034170136292, 0.12739907022],
      [0.21064566549, 0.0026292911842, 0.031242948698, 0.73401496199, 0.021467132633],
      [0.0043026027841, 0.056548485779, 0.86242163313, 0.018959459194, 0.05776781911],
      [0.0027299582747, 0.00042341967711, 0.55687685244, 0.061866763791, 0.37810300582]
    ],
    [
      [0.0036034206601, 0.63342178403, 0.23100537986, 0.02838004609, 0.10358936936],
      [0.21320794512, 0.0039349764043, 0.025767822291, 0.73633571692, 0.020753539266],
      [0.0053485745031, 0.095146853394, 0.81486496817, 0.020986381029, 0.0636532229],
      [0.0030884963888, 0.0007370987833, 0.51890578601, 0.068269194077, 0.40899942474]
    ],
    [
      [0.0042643001163, 0.5845397233, 0.27092355187, 0.024427398691, 0.11584502602],
      [0.2504123799, 0.0039643260848, 0.025847579983, 0.69831633897, 0.021459375064],
      [0.007559607524, 0.076432430398, 0.8364537374, 0.015385732363, 0.064168492315],
      [0.0030793116041, 0.00084773369925, 0.53634911173, 0.051826359403, 0.40789748356]
    ],
    [
      [0.0050140088023, 0.41756331043, 0.33165781979, 0.014010757576, 0.23175410341],
      [0.45625016927, 0.002854888597, 0.036496249414, 0.45939406855, 0.045004624166],
      [0.0069810669518, 0.042462578392, 0.85296662102, 0.0041262735065, 0.093463460125],
      [0.0025157198874, 0.00017609259145, 0.42927793602, 0.019656797212, 0.54837345429]
    ],
    [
      [0.0030889425538, 0.77399690508, 0.1483754166, 0.015690589654, 0.058848146112],
      [0.32659893163, 0.002682752027, 0.028560920417, 0.62461073697, 0.017546658954],
      [0.005801745163, 0.14970107548, 0.77169225735, 0.019057297022, 0.05374762499],
      [0.0048133874951, 0.00092584845442, 0.54119586361, 0.061165584963, 0.39189931548]
    ],
    [
      [0.0035581883222, 0.67006203724, 0.2262881389, 0.028827597654, 0.07126403788],
      [0.20691658616, 0.0036653467816, 0.026872392219, 0.75016829278, 0.012377382057],
      [0.0056478271101, 0.10331036674, 0.8269770912, 0.022382563034, 0.041682151914],
      [0.0034694990158, 0.00092927588068, 0.58626476022, 0.080084968361, 0.32925149652]
    ],
    [
      [0.0026115768079, 0.82985059377, 0.11249925453, 0.015971840945, 0.039066733944],
      [0.22931572209, 0, 0.036900930013, 0.72107123784, 0.012712110057],
      [0.011391599071, 0.18630095912, 0.73440979157, 0.024041681962, 0.04385596828],
      [0.0035511027217, 0, 0.54436326643, 0.087143901236, 0.36494172961]
    ],
    [
      [0, 0, 0.80504448234, 0.0075372638632, 0.1874182538],
      [0, 0, 0, 0.98451580514, 0.015484194857],
      [0, 0, 0.91238210892, 0.00078983995509, 0.086828051124],
      [0, 0, 0.63304497306, 0.003997731218, 0.36295729573]
    ],
    [
      [0.0087366416966, 0.35082402813, 0.39152849131, 0.06302882272, 0.18588201614],
      [0.21095977749, 0, 0.013888770712, 0.76283454678, 0.01231690502],
      [0.014112602348, 0.018724083262, 0.86576271724, 0.02795476604, 0.073445831114],
      [0.0029349220224, 0, 0.49051266833, 0.085395549002, 0.42115686064]
    ],
    [
      [0.0049299000704, 0.58919713807, 0.27845011036, 0.036580951869, 0.090841899637],
      [0.22613146853, 0.00358042317, 0.024250919234, 0.73311830669, 0.012918882379],
      [0.0064349633755, 0.078370093576, 0.84658246771, 0.023301532076, 0.045310943267],
      [0.0039498215281, 0.00089925135377, 0.58013466704, 0.081609364665, 0.33340689541]
    ],
    [
      [0.0020642379393, 0.38834591076, 0.44547917879, 0.026237315991, 0.13787335652],
      [0.13439543715, 0, 0.039793074191, 0.80105523613, 0.024756252526],
      [0.0024987049535, 0.022330817847, 0.91018943131, 0.010484498325, 0.05449654756],
      [0.00050044456392, 0, 0.61787156961, 0.038987058305, 0.34264092752]
    ],
    [
      [0.012194225444, 0.48016367632, 0.2685371237, 0.063925635651, 0.17517933889],
      [0.30921770832, 0.0017009939579, 0.011844495584, 0.66524905375, 0.011987748392],
      [0.010986726412, 0.062569214775, 0.80190139214, 0.036826565482, 0.087716101188],
      [0.0071012051803, 0.00065590999003, 0.40882612641, 0.10532832485, 0.47808843356]
    ],
    [
      [0.0027209467023, 0.67267175719, 0.1869454246, 0.014419053283, 0.12324281822],
      [0.27090292593, 0.006595621401, 0.032983526471, 0.65153302744, 0.037984898766],
      [0.0058356092007, 0.11227207469, 0.78351060363, 0.011406534688, 0.086975177789],
      [0.0024559751169, 0.00045708051559, 0.44003674691, 0.036698520121, 0.52035167733]
    ],
    [
      [0.00098229450809, 0, 0.85197398792, 0.0086025742113, 0.13844114336],
      [0.14248038668, 0, 0.10498914778, 0.71105359926, 0.041476866288],
      [0, 0, 0.94888767353, 0, 0.051112326468],
      [0.00082749938068, 0, 0.69211809026, 0.0070111154888, 0.30004329487]
    ],
    [
      [0.0040257273061, 0.41235541082, 0.44834523565, 0.047379324292, 0.087894301929],
      [0.14833722617, 0.0015579372713, 0.027671261531, 0.8127063758, 0.0097271992299],
      [0.0064505898267, 0.025096404734, 0.92447601762, 0.023570012456, 0.020406975364],
      [0.001967462015, 0, 0.68324049201, 0.077746400802, 0.23704564517]
    ],
    [
      [0.001410995569, 0.39144744496, 0.42899185052, 0.019269944982, 0.15887976397],
      [0.12645673319, 0.0019834249542, 0.053303944818, 0.7825669834, 0.035688913633],
      [0.001647571888, 0.023451008535, 0.90750947099, 0.0049575050458, 0.062434443545],
      [0.00022616394885, 0, 0.58120608478, 0.027608471349, 0.39095927992]
    ],
    [
      [0.012234182198, 0.39068174142, 0.44363269638, 0.051580725998, 0.101870654],
      [0.37953216766, 0, 0.016427334383, 0.59774520758, 0.0062952903822],
      [0.010267045293, 0.021444539154, 0.90777985998, 0.027960758596, 0.032547796979],
      [0.0062824092737, 0, 0.64739907607, 0.080555783074, 0.26576273159]
    ],
    [
      [0.028932083397, 0.25, 0.43042245131, 0.033423954612, 0.25722151068],
      [0.1274981256, 0, 0.028136927907, 0.81606853242, 0.028296414071],
      [0.0051256656985, 0, 0.8892513114, 0.015593816466, 0.090029206438],
      [0.0007490848755, 0, 0.45356260815, 0.037458329091, 0.50822997789]
    ],
    [
      [0.0046700606873, 0.67975897444, 0.19714610709, 0.026710568637, 0.09171428915],
      [0.32336211233, 0.0021403031117, 0.02213081876, 0.63480942265, 0.017557343144],
      [0.0048170546242, 0.11278133806, 0.7919585455, 0.025811872427, 0.06463118939],
      [0.0052468626278, 0.00068652621538, 0.50667249775, 0.071466209874, 0.41592790354]
    ],
    [
      [0.0021060107664, 0.77123716414, 0.13961673944, 0.0091132552257, 0.077926830429],
      [0.21346230974, 0.0041806823576, 0.041299817435, 0.70365062593, 0.037406564541],
      [0.0052778346636, 0.15683486462, 0.75289842043, 0.0084233848818, 0.076565495407],
      [0.00138510659, 0, 0.47563567894, 0.038353259109, 0.48462595536]
    ],
    [
      [0.0099837406196, 0.51436133482, 0.29301265666, 0.069915832806, 0.11272643509],
      [0.39321990302, 0.0017513141679, 0.006843343895, 0.59005993665, 0.0081255022679],
      [0.0051210482463, 0.059615095269, 0.83104183671, 0.048766489763, 0.055455530008],
      [0.010227971105, 0.00071299207989, 0.51525766577, 0.12144996644, 0.3523514046]
    ],
    [
      [0.0020446479274, 0.77999365159, 0.13422613424, 0.011576696649, 0.072158869595],
      [0.25619136315, 0, 0.040322802354, 0.67208035056, 0.031405483932],
      [0.0058848400804, 0.15270655454, 0.7555794361, 0.013204583923, 0.072624585363],
      [0.0026707366366, 0, 0.48298448023, 0.045565059457, 0.46877972367]
    ],
    [
      [0.0041644170296, 0.57345306169, 0.19083924695, 0.016950189986, 0.21459308434],
      [0.28621717273, 0.0095794518255, 0.028279098872, 0.64305746975, 0.032866806829],
      [0.0073375527348, 0.095305410532, 0.75500302697, 0.013494765566, 0.12885924419],
      [0.0020367499764, 0.00075574441224, 0.29630255781, 0.029203070016, 0.67170187779]
    ],
    [
      [0.0077457837427, 0.61261707842, 0.2317884019, 0.056605367432, 0.091243368509],
      [0.23171805006, 0.0024233007388, 0.014367903771, 0.74308051699, 0.008410228444],
      [0.011174468154, 0.091831678412, 0.80611274489, 0.037143137465, 0.053737971083],
      [0.0064891891782, 0.00094224329032, 0.50612543884, 0.1338313175, 0.35261181119]
    ],
    [
      [0.0032304286154, 0.49571268118, 0.37105934538, 0.01419992413, 0.1157976207],
      [0.31386561133, 0.0045764668325, 0.053918054859, 0.59595219322, 0.031687673757],
      [0.0029353540765, 0.049230561313, 0.89392351978, 0.0032455383431, 0.050665026486],
      [0.0020716079504, 0.00053562250402, 0.6233512456, 0.025914181349, 0.3481273426]
    ],
    [
      [0.0039323770779, 0.51210587317, 0.36046115259, 0.034373450651, 0.089127146517],
      [0.19843240194, 0.0028166208786, 0.035334703507, 0.75191715136, 0.011499122312],
      [0.0040266583473, 0.05381084914, 0.89014260569, 0.018251725287, 0.033768161534],
      [0.0027104897112, 0.00057973267713, 0.64746938847, 0.066093757321, 0.28314663182]
    ],
    [
      [0.0065774558721, 0.61933174565, 0.26263624741, 0.044510857989, 0.066943693075],
      [0.24484651596, 0.0040118088847, 0.019664041003, 0.72990286174, 0.0015747724104],
      [0.009512712187, 0.08503226333, 0.84361664796, 0.031062720319, 0.030775656199],
      [0.0057587167656, 0.0010185526362, 0.60624621266, 0.11004246021, 0.27693405773]
    ],
    [
      [0.0050780897158, 0.41478168016, 0.34612432929, 0.063140500963, 0.17087539987],
      [0.1562561895, 0, 0.020776571563, 0.80615074648, 0.016816492457],
      [0.0041066883226, 0.038101193161, 0.85148882821, 0.033201620682, 0.073101669623],
      [0.0027305005967, 7.0865503854e-05, 0.48147944647, 0.094243240452, 0.42147594698]
    ],
    [
      [0.004101567385, 0.4371906766, 0.31570306769, 0.031100445936, 0.21190424239],
      [0.2123229051, 0.0020555081634, 0.028584843904, 0.72514017432, 0.031896568511],
      [0.0065167583325, 0.04716731265, 0.83872564051, 0.017128109234, 0.090462179273],
      [0.002331613929, 0.00019575746416, 0.43174166212, 0.045629542554, 0.52010142393]
    ],
    [
      [0.0051684778211, 0.45251249162, 0.33024464595, 0.04172093705, 0.17035344756],
      [0.20834274215, 0.0015599350454, 0.022331980478, 0.7468956221, 0.020869720221],
      [0.0072501498493, 0.046572247421, 0.84792866732, 0.022524513867, 0.075724421546],
      [0.0029926109007, 0.00019057652791, 0.48523281688, 0.065792492477, 0.44579150321]
    ],
    [
      [0.0024549864889, 0.40799292152, 0.40853646263, 0.021341006595, 0.15967462277],
      [0.18949524628, 0.0028071192124, 0.054830626735, 0.71459429054, 0.038272717232],
      [0.0024654967857, 0.028796345784, 0.90045062586, 0.0054823620124, 0.062805169561],
      [0, 0, 0.57351951501, 0.031465598718, 0.39501488627]
    ],
    [
      [0.0015500616712, 0.39084631528, 0.34131086812, 0.020000384945, 0.24629236998],
      [0.13134368691, 0.0030864662543, 0.046035857344, 0.76132035801, 0.058213631475],
      [0.001630018643, 0.035379641629, 0.85796730649, 0.0090053844315, 0.096017648808],
      [0.00068565120788, 0, 0.42231650006, 0.02642862819, 0.55056922055]
    ],
    [
      [0.0022601109682, 0.46464040166, 0.40862186022, 0, 0.12447762715],
      [0.38239381361, 0.0051003564588, 0.072714657367, 0.5, 0.039791172566],
      [0.0017230107017, 0.034829540931, 0.91350213909, 0, 0.049945309274],
      [0.001438520303, 0.01937077715, 0.63494563906, 0, 0.34424506349]
    ],
    [
      [0.0035255610075, 0.37233139718, 0.27925375803, 0.016327637521, 0.32856164626],
      [0.27200461483, 0.0037552216191, 0.044142403354, 0.60663369901, 0.073464061183],
      [0.006812206373, 0.047665100459, 0.82044828164, 0.0092392310895, 0.11583518044],
      [0.0016061789347, 0.00051885801466, 0.30822804223, 0.019425127388, 0.67022179343]
    ],
    [
      [0.0086408128661, 0.19761684165, 0.27127854892, 0.0027689073946, 0.51969488917],
      [0.14858556473, 0.012333085479, 0.10805048613, 0.59589669419, 0.13513416947],
      [0.025367607227, 0.038165111326, 0.83392237679, 0.0011839145874, 0.10136099006],
      [0.0028412727084, 0.0019980457064, 0.14061053143, 0.0015545755619, 0.85299557459]
    ],
    [
      [0.12123175979, 0, 0.44542146012, 0.024330803472, 0.40901597662],
      [0.12526722802, 0, 0.038116251799, 0.81928478375, 0.01733173643],
      [0.00084758747556, 0, 0.8930740561, 0, 0.10607835643],
      [0, 0, 0.31447058814, 0.017814845263, 0.6677145666]
    ],
    [
      [0, 0, 0.37344878209, 0.49167541443, 0.13487580347],
      [0, 0, 0.17913551238, 0.75659230305, 0.064272184569],
      [0, 0, 0.6302603353, 0.17067151179, 0.1990681529],
      [0, 0, 0.18318591752, 0.74804233271, 0.068771749772]
    ],
    [
      [0.0082355161575, 0.48554972692, 0.30493205221, 0.057536923613, 0.1437457811],
      [0.23888860959, 0.0014082803409, 0.017022695721, 0.7287489269, 0.013931487449],
      [0.0091487557472, 0.056870452004, 0.83515001215, 0.030256525542, 0.068574254554],
      [0.0050812699881, 0.00039970919108, 0.48914204343, 0.099353757482, 0.40602321991]
    ],
    [
      [0.016064423706, 0.75813821711, 0.11379258271, 0.078982451709, 0.033022324762],
      [0.40328605237, 0.0048199205259, 0.010361487571, 0.57742348586, 0.0041090536689],
      [0.02747172587, 0.13253587348, 0.72374839746, 0.073053252428, 0.043190750765],
      [0.026268979264, 0.003274637688, 0.38486825614, 0.36437768822, 0.22121043869]
    ],
    [
      [0.0034254784616, 0.63499461262, 0.22687385864, 0.036621019545, 0.098085030734],
      [0.17634806314, 0.0029564465513, 0.019591870709, 0.78489440676, 0.016209212842],
      [0.0044883539439, 0.095895819075, 0.81064466806, 0.027786343016, 0.061184815905],
      [0.0030209087782, 0.00083125061779, 0.5145168208, 0.088840885512, 0.3927901343]
    ],
    [
      [0.056896250424, 0, 0.2088053088, 0.0264473696, 0.70785107118],
      [0.17221918549, 0, 0.25894177382, 0.24099100878, 0.32784803191],
      [0.087219177898, 0, 0.680498695, 0.052744231658, 0.17953789545],
      [0.020673231078, 0, 0.083569280973, 0.013155307814, 0.88260218014]
    ],
    [
      [0, 1, 1.1769288972e-13, 2.1008922385e-18, 1.1252436104e-15],
      [0, 0, 0, 1, 0],
      [0, 0.24768749562, 0.66117555266, 0, 0.091136951713],
      [0, 0.0046250087521, 0.17764889467, 0, 0.81772609657]
    ],
    [
      [0.0014476353323, 0.79916627142, 0.13398437716, 0.0041817001021, 0.061220015988],
      [0.21041526598, 0.013817334353, 0.048282113069, 0.68881972381, 0.038665562788],
      [0.0033686854243, 0.18167941865, 0.74837469515, 0.0023782443828, 0.064198956387],
      [0.001027685368, 0, 0.51727540401, 0.03349654265, 0.44820036797]
    ],
    [
      [0.0028685941194, 0.8260754433, 0.10027886319, 0.016936167233, 0.053840932153],
      [0.33145372631, 0, 0.02227054336, 0.62926732214, 0.017008408186],
      [0.0093846280823, 0.2219182014, 0.66897103361, 0.028064351092, 0.071661785814],
      [0.003382634744, 0, 0.4448224189, 0.0809236504, 0.47087129596]
    ],
    [
      [0.0038774697829, 0.41933075427, 0.37179331133, 0.025560091946, 0.17943837266],
      [0.22778301737, 0, 0.043542806051, 0.693403365, 0.035270811578],
      [0.0048073464766, 0.038166066183, 0.87333123088, 0.011944424063, 0.0717509324],
      [0.0019104291004, 0, 0.51736340529, 0.038177500704, 0.4425486649]
    ],
    [
      [0.00081647031587, 0.41839355727, 0.35107211865, 0.014700037549, 0.21501781622],
      [0.14244071544, 0.0049242264112, 0.065663395273, 0.72280348928, 0.064168173595],
      [0, 0.041818867201, 0.86630551511, 0.01155811763, 0.080317500058],
      [0.0004655809408, 0.00034220409352, 0.45777921093, 0.019136168485, 0.52227683555]
    ],
    [
      [0.0021761205438, 0.48781709941, 0.29285872609, 0.017411588653, 0.19973646531],
      [0.18590141113, 0.0062114887713, 0.050292732864, 0.70489425749, 0.052700109747],
      [0.0032673440079, 0.061188489291, 0.83711784792, 0.011045265223, 0.087381053562],
      [0.001282151129, 0.00082384245548, 0.43521699013, 0.027620485649, 0.53505653063]
    ],
    [
      [0.049259563481, 0.44029479498, 0.48053734392, 0.029908297624, 0],
      [0.17796781268, 0.001766152906, 0.036216082116, 0.7840499523, 0],
      [0.0087001961582, 0.031077301023, 0.95310222555, 0.0071202772708, 0],
      [0.001951095446, 0.00040725628049, 0.80455336823, 0.055038218973, 0.13805006107]
    ],
    [
      [0.0048466175186, 0.34046155165, 0.45594854879, 0.0073449531177, 0.19139832892],
      [0.17296079532, 0, 0.056392693833, 0.71927790886, 0.05136860199],
      [0.0037142205167, 0.018420505787, 0.90792960526, 0, 0.069935668439],
      [0.0014725018182, 0, 0.55657394933, 0.014591688786, 0.42736186007]
    ],
    [
      [0.0063146376541, 0.57493687065, 0.21910075628, 0.041666241422, 0.157981494],
      [0.24765453383, 0.0036048462946, 0.016565653742, 0.71417362847, 0.018001337666],
      [0.0091126417871, 0.088780690571, 0.77761277438, 0.030528267215, 0.093965626045],
      [0.0044041914839, 0.00083658840797, 0.39957714192, 0.081797693007, 0.51338438518]
    ],
    [
      [0.0039920903699, 0.63575721257, 0.2292993271, 0.029370541784, 0.10158082817],
      [0.2257223333, 0.0041157977087, 0.022511962175, 0.72768348352, 0.019966423295],
      [0.0059884554723, 0.09445038876, 0.81578785592, 0.021115628171, 0.062657671681],
      [0.0035087543765, 0.00092023228427, 0.51751216815, 0.071187401188, 0.406871444]
    ],
    [
      [0.0092205678035, 0.57848417306, 0.25132446372, 0.05872541912, 0.1022453763],
      [0.26418402792, 0.0028121839755, 0.013930110019, 0.71030747874, 0.0087661993452],
      [0.011098340417, 0.082077218492, 0.81269557032, 0.037778206671, 0.0563506641],
      [0.0071903231556, 0.00092899128075, 0.50267773794, 0.12728115721, 0.36192179041]
    ],
    [
      [0.0073953797418, 0.61473269161, 0.20005558064, 0.046387494703, 0.1314288533],
      [0.26296079239, 0.00244688772, 0.012732359714, 0.70729689418, 0.014563065998],
      [0.010948226758, 0.099185878038, 0.76679007823, 0.036560399575, 0.086515417397],
      [0.0058148440694, 0.00082297191453, 0.41011763839, 0.10242479711, 0.48081974851]
    ],
    [
      [0.004598198225, 0.43402957599, 0.38365687246, 0.044086309025, 0.13362904431],
      [0.18593673298, 1.7388095195e-05, 0.029666252999, 0.7666183093, 0.017761316632],
      [0.0041624640868, 0.036769690375, 0.88376265741, 0.021897187542, 0.053408000587],
      [0.0021961216018, 0, 0.57493951773, 0.070707162239, 0.35215719843]
    ],
    [
      [0.0035707006204, 0.4978449728, 0.23770542697, 0.021505284331, 0.23937361529],
      [0.23567621758, 0.0065101342689, 0.037470155523, 0.67562203042, 0.04472146221],
      [0.0065484705467, 0.07570299528, 0.79087171202, 0.016526784222, 0.11035003793],
      [0.0020448379631, 0.0011615723112, 0.34056995794, 0.032949764219, 0.62327386757]
    ],
    [
      [0.0037217722167, 0.44993209358, 0.27376969389, 0.015158230232, 0.25741821008],
      [0.31864776171, 0.0049146692594, 0.044741530271, 0.56684458786, 0.064851450902],
      [0.00506924553, 0.059611809745, 0.82147869023, 0.0075313850145, 0.10630886948],
      [0.0019524105504, 0.00072960367565, 0.36441269918, 0.021584006629, 0.61132127997]
    ],
    [
      [0.0037186117071, 0.52582281891, 0.29196940227, 0.030007525451, 0.14848164166],
      [0.20385575944, 0.0029754253389, 0.020875639944, 0.75129537203, 0.020997803243],
      [0.0098017454699, 0.06385672611, 0.83268933221, 0.018830287339, 0.07482190887],
      [0.003530111572, 0.0014414235045, 0.48711897553, 0.054408715873, 0.45350077352]
    ],
    [
      [0.0024412341441, 0.75378406997, 0.13796665944, 0.012802054571, 0.093005981876],
      [0.25446646919, 0.0018680336152, 0.035681208419, 0.67180157268, 0.036182716096],
      [0.0058258641937, 0.15402414149, 0.73766153502, 0.014351520299, 0.088136938999],
      [0.0021555880546, 0, 0.42748923909, 0.04417954003, 0.52617563283]
    ],
    [
      [0.0048049755971, 0.56182460729, 0.25014476753, 0.027742699746, 0.15548294983],
      [0.2873753068, 0.0043403186245, 0.026291179763, 0.65531159067, 0.026681604147],
      [0.0048572642336, 0.07961850808, 0.81035311916, 0.020427326347, 0.084743782175],
      [0.0033640868441, 0.00076877831655, 0.44913430971, 0.052814240386, 0.49391858474]
    ],
    [
      [0.0038395984658, 0.62037379391, 0.23873064118, 0.021764031256, 0.11529193519],
      [0.30377127312, 0.0046188998822, 0.029297862849, 0.63638730882, 0.025924655319],
      [0.0043159450807, 0.091060537863, 0.81906156057, 0.01637278046, 0.06918917603],
      [0.0034358510882, 0.00079271031761, 0.51179093266, 0.049295408984, 0.43468509695]
    ],
    [
      [0.0036595995699, 0.5844799409, 0.20015713565, 0.016329805675, 0.1953735182],
      [0.34456563632, 0.0074092233766, 0.023114758603, 0.59392244401, 0.030987937694],
      [0.0053004588013, 0.091229218449, 0.77433254827, 0.014720634298, 0.11441714018],
      [0.0023302236151, 0.0024902210904, 0.33468633008, 0.029195779725, 0.63129744549]
    ],
    [
      [0.00086701105496, 0.50196005519, 0.37148299043, 0.026303408236, 0.099386535087],
      [0.10480737214, 0.012917882208, 0.036653204673, 0.82644886723, 0.019172673747],
      [0, 0.045651814847, 0.89485956094, 0.016814539813, 0.042674084397],
      [0.00043180866602, 0.00065015403946, 0.64251494866, 0.048239202342, 0.30816388629]
    ],
    [
      [0.0036570856318, 0.27319626816, 0.50746875642, 0.020950982958, 0.19472690682],
      [0.29710712281, 0, 0.025900109245, 0.65174920984, 0.0252435581],
      [0.013470596973, 0, 0.91397725468, 0, 0.072552148344],
      [0.0004569278921, 0, 0.5552408174, 0.022376185234, 0.42192606948]
    ],
    [
      [0.0020846345133, 0.60890001313, 0.248270305, 0.010164102594, 0.13058094476],
      [0.21238408453, 0.0083713166345, 0.050486061361, 0.6803812598, 0.048377277672],
      [0.0049892170854, 0.085930247761, 0.83211859411, 0.00058955707901, 0.07637238397],
      [0.0016467577631, 0.0011636682749, 0.49982181806, 0.023700528292, 0.47366722762]
    ],
    [
      [0.0169973386, 0.42335640232, 0.27373072125, 0.12748978375, 0.15842575408],
      [0.23358775785, 0.0012643202883, 0.012631547904, 0.74495176309, 0.007564610866],
      [0.014861424882, 0.055115747312, 0.80469824894, 0.041786237653, 0.083538341212],
      [0.0090396070179, 0.00081706846504, 0.39031875353, 0.19891940724, 0.40090516375]
    ],
    [
      [0.021624871406, 0.42070301693, 0.28638201052, 0.10551985274, 0.16577024841],
      [0.33035853148, 0.00098370539888, 0.013341789547, 0.64747551032, 0.0078404632589],
      [0.012503829943, 0.050931305306, 0.80839857234, 0.046556848524, 0.081609443889],
      [0.011482396648, 0.00051830364753, 0.40549051414, 0.16351289605, 0.41899588951]
    ],
    [
      [0.0030553640513, 0.66402710491, 0.22363591308, 0.01405041817, 0.095231199791],
      [0.31698358668, 0.0063450787315, 0.033202854854, 0.61585439638, 0.027614083351],
