{
  "Z_true": {},
  "V_true": [
    [1885, 472, 4026, 62],
    [506, 125, 8154, 268],
    [625, 11317, 2089, 329],
    [57, 157, 900, 484],
    [179, 569, 568, 275]
  ],
  "p_true": [
    [0.2925, 0.0732, 0.6247, 0.0096],
    [0.0559, 0.0138, 0.9007, 0.0296],
    [0.0435, 0.7881, 0.1455, 0.0229],
    [0.0357, 0.0982, 0.5632, 0.3029],
    [0.1125, 0.3576, 0.357, 0.1728]
  ],
  "Z_est": [
    [
      [1.573, 7, 0.207, 0, 0.1422, 0.8124, 37, 14, 27, 5.0311, 19, 15, 9, 4.1143, 0.4338, 2.4675, 0.781, 2.6309, 1.9207, 6.0001, 1.7521, 0.1328, 16, 6.9999, 1.0287, 13.9362, 4.9999, 3.981, 1.9962, 6, 41, 15.0021, 18, 6.9968, 25, 15, 18, 3.6071, 4.9455, 3.0255, 1.8461, 5.999, 18, 28.0001, 39, 19, 6.001, 0.8095, 14, 0.3695, 4.0001, 12, 5.9998, 8, 13, 14, 4.1256, 30, 0.8789, 25, 13, 96, 19.6027],
      [2.2468, 18, 5.3184, 0.9863, 0.2143, 1.2287, 87, 47, 128, 14.9377, 120, 85, 45.9998, 14.8885, 2.4963, 5.3802, 1.9704, 3.9375, 4.3211, 42.0002, 4.5595, 1.7972, 59, 23.9998, 3.237, 47.9166, 10, 5.0053, 3.9962, 16, 53, 17.0079, 112, 12.0035, 53, 40, 106, 8.3435, 12.8989, 8.8909, 4.7532, 12.0003, 68, 87.9999, 163, 35, 14.9999, 0.3615, 26, 1.758, 13, 17.9999, 12.9989, 32, 27, 59, 17.3044, 165, 7.4406, 105, 55, 252, 41.8242],
      [4.0758, 26, 1.3562, 1.901, 0.5892, 2.8254, 125, 56, 102, 40.9689, 70, 53, 24.0002, 15.0057, 2.0699, 7.9144, 0.2487, 6.4317, 2.6139, 33.9997, 4.4279, 1.0036, 113, 29.0002, 3.3716, 44.1688, 24, 11.9883, 10.0073, 41, 220, 50.9898, 80, 24.9993, 87, 53, 84, 10.0494, 9.1414, 8.1637, 2.9148, 13.0005, 84, 103.0001, 172, 70, 24.9992, 1.5997, 47, 0.7635, 25.9998, 27.9999, 26.001, 76, 71, 62, 11.1633, 215, 6.2891, 101, 59, 275, 58.6948],
      [0.1044, 2, 0.1185, 0.1127, 0.0542, 0.1335, 10, 7, 7, 4.0623, 6, 6, 2.0001, 0.9915, 0, 0.2379, 0, 0, 0.1442, 1, 0.2605, 0.0663, 6, 3, 0.3627, 1.9783, 2, 1.0255, 1.0002, 5, 9, 3.0002, 5, 2.0005, 5, 3, 8, 0, 1.0142, 0.9199, 0.4859, 3.0003, 9, 8, 8, 9, 2, 0.2293, 5, 0.1089, 2.0001, 4.0002, 2.0003, 8, 5, 6, 0.4067, 21, 0.3913, 6, 5, 26, 0.8783]
    ],
    [
      [2.89, 14, 0.0909, 0, 1.0513, 1.6678, 33, 16, 24, 21.8444, 13, 12, 10, 2.9532, 0.2429, 4.045, 0.258, 0.5654, 1.7495, 6.9999, 1.4929, 0.2201, 21, 10.9999, 0.6863, 6.9575, 12, 7.9859, 7.9945, 23, 36, 12.9943, 14, 6.9952, 24, 21, 16, 4.8011, 3.8597, 3.5218, 1.6239, 8.0001, 21, 27, 31, 22, 8.9982, 1.5489, 26, 0.1255, 8.9998, 13.9998, 15, 31, 28, 15, 1.5607, 66, 0.5047, 22, 17, 103, 9.5108],
      [10.2579, 41, 3.0331, 2.7842, 2.042, 3.3904, 75, 53, 110, 89.1245, 87, 91, 59.9999, 11.9177, 1.3929, 10.7699, 0.6447, 0.8258, 4.5749, 57.9995, 3.5209, 3.8172, 94, 39.0003, 2.1349, 28.0403, 38.9998, 19.0482, 29.9962, 96, 47, 15.994, 82, 20.9958, 54, 54, 93, 12.1541, 10.0816, 9.604, 4.2156, 20.9986, 86, 94, 135, 45, 35.0001, 0.751, 54, 0.5881, 35.9998, 24.9996, 46.9997, 137, 71, 70, 11.5584, 389, 6.4929, 105, 78, 279, 22.7507],
      [21.682, 57, 0.7747, 6.7936, 5.418, 8.5067, 108, 64, 88, 240.1868, 51, 56, 31, 11.1085, 1.3642, 21.5952, 0.0973, 1.6088, 3.4054, 48.0006, 4.7905, 2.7219, 175, 46.9999, 2.6002, 23.9593, 91.0001, 37.9597, 68.0115, 241, 195, 45.0119, 58, 40.0091, 87, 71, 74, 15.0448, 8.0282, 9.7092, 3.395, 22.0019, 105, 106.0001, 142, 87, 54.0017, 3.9431, 95, 0.2298, 70.0005, 37.0004, 86.0013, 318, 183, 73, 8.6074, 507, 5.5343, 101, 82, 302, 31.607],
      [2.1702, 5, 0.1014, 0.4222, 0.4888, 0.435, 8, 8, 6, 25.8444, 4, 7, 3.0001, 1.0206, 0, 0.59, 0, 0, 0.2702, 2, 0.1957, 0.2408, 10, 4.9999, 0.5786, 1.043, 9, 4.0062, 6.9978, 31, 8, 2.9997, 3, 3, 5, 4, 7, 0, 1.0305, 1.165, 0.7655, 4.9994, 11, 8, 7, 11, 5, 0.7569, 11, 0.0566, 6.9999, 6.0001, 6.9989, 33, 14, 7, 0.2734, 51, 0.4682, 6, 7, 28, 0.1316]
    ],
    [
      [2.1735, 14, 0.6843, 0, 0.642, 1.2863, 49, 23, 58, 10.0934, 47, 42, 30.0001, 7.9657, 0.3233, 3.7449, 3.5512, 1.8037, 3.9614, 16.9997, 3.3145, 0.6065, 30, 17.0001, 1.702, 21.1245, 7, 5.008, 4.0054, 15, 29, 12.0028, 55, 6.0026, 29, 27, 58, 6.1775, 8.9846, 4.8113, 4.0823, 10.0013, 34, 50, 89, 20, 8.9998, 1.1641, 21, 1.3399, 7.0001, 14.0001, 10.9991, 23, 19, 35, 8.5115, 85, 1.4137, 47, 29, 178, 18.92],
      [8.0682, 40, 31.9638, 2.4075, 1.3394, 2.8516, 118, 91, 293, 45.0311, 312, 294, 176.0003, 36.172, 2.1108, 13.9135, 10.9993, 3.2368, 12.1794, 172.0006, 10.5652, 11.3384, 128, 69, 7.1526, 81.0436, 21.0002, 12.9432, 17.996, 62, 39, 15.997, 363, 18.0024, 68, 78, 360, 19.6996, 34.9699, 23.4402, 14.8821, 30.9989, 138, 166.0002, 390, 44, 38.0001, 0.6233, 47, 8.5435, 35.0002, 28.0004, 34.0015, 107, 47, 163, 56.4063, 493, 19.37, 216, 134, 480, 47.2148],
      [16.6805, 59, 8.5937, 4.2982, 2.6968, 5.545, 168, 105, 231, 119.8444, 185, 185, 94.9998, 34.8679, 1.5659, 19.611, 1.4496, 4.9595, 6.4134, 140.9997, 9.7473, 6.4725, 244, 84.9998, 6.9811, 75.832, 55.9999, 26.0547, 38.9946, 156, 159, 45.9995, 258, 34.9936, 109, 102, 286, 22.1229, 25.0901, 19.6112, 8.6746, 31.999, 175, 193.9999, 414, 84, 59.9997, 2.6634, 81, 3.454, 69.9996, 40.9996, 64.9991, 246, 127, 171, 37.663, 646, 14.3776, 210, 142, 526, 65.8656],
      [2.0777, 5, 0.7582, 0.2943, 0.3218, 0.3171, 13, 13, 16, 13.0311, 17, 23, 9.9999, 2.9944, 0, 0.7305, 0, 0, 0.4458, 6, 0.373, 0.5826, 13, 9.0001, 1.1643, 4, 4.9999, 1.9941, 4.0039, 20, 7, 3.0008, 16, 3.0014, 7, 6, 28, 0, 2.9553, 2.1372, 1.3609, 8.0008, 18, 15, 20, 11, 6.0004, 0.5492, 9, 0.6626, 7.0001, 5.9998, 5.0003, 26, 9, 16, 1.4192, 65, 0.8386, 14, 13, 50, 0.9996]
    ],
    [
      [0.1563, 1, 0.0178, 0, 0.1645, 0.1209, 5, 3, 1, 2.0623, 1, 3, 2, 0.9804, 0, 0.6383, 0, 0, 0, 0.0001, 0.1918, 0.0211, 4, 1, 0.0579, 0.0013, 2, 0.0069, 0.0001, 3, 5, 0.9995, 3, 1.0027, 3, 3, 3, 0.1904, 0.0549, 0.5512, 0.1819, 0.9999, 5, 5, 6, 3, 1.0006, 0.315, 2, 0.0651, 1, 1, 2.0007, 6, 3, 3, 0.0076, 12, 0.0911, 3, 3, 13, 0.9766],
      [1.2188, 3, 0.6848, 0.5781, 0.4044, 0.263, 14, 14, 9, 11.9377, 8, 27, 13, 4.9707, 0, 1.3488, 0, 0, 0, 6.9999, 0.681, 0.5302, 18, 5.9999, 0.3393, 3.0416, 6, 2.0015, 3.0036, 16, 8, 2.0002, 20, 3.9999, 8, 10, 25, 1.2081, 1.1431, 2.9976, 0.4254, 4.0007, 20, 17, 29, 7, 6.0003, 0.1744, 6, 0.6018, 7.9999, 3, 6.9994, 27, 9, 17, 0.2591, 72, 2.1512, 13, 13, 36, 1.9103],
      [3.7728, 6, 0.2755, 1.3512, 1.296, 0.5641, 21, 19, 10, 34.9689, 7, 19, 6.0001, 7.0219, 0, 2.8553, 0, 0, 0, 8, 1.0796, 0.4188, 37, 7.0001, 0.5296, 3.9779, 17, 5.9896, 10.9942, 43, 34, 7.0002, 16, 9.9975, 15, 14, 20, 1.6015, 1.7939, 3.1945, 0.3221, 6.9995, 26, 22, 32, 17, 12.9994, 1.2906, 12, 0.2845, 16.0003, 7, 14.9991, 66, 24, 21, 0.6497, 94, 1.6246, 13, 16, 39, 4.0874],
      [0.8521, 3.7709e-06, 0.0219, 0.0708, 0.1352, 0.0519, 1, 2, 9.7645e-14, 3.0311, 2.5229e-13, 2, 2, 0.027, 0, 0.1576, 0, 0, 0, 1.0623e-06, 0.0476, 0.0299, 2, 2, 0.0732, 0.9792, 3, 1.002, 0.0021, 5, 1, 1.0001, 7.3082e-12, 1, 1, 1, 1, 0, 0.0081, 0.2568, 0.0706, 0.9999, 2, 1, 2, 2, 0.9997, 0.2201, 1, 0.0486, 2.9999, 1, 1.0008, 6, 3, 1, 0.0836, 11, 0.1331, 2, 1, 5, 0.0257]
    ],
    [
      [0.2072, 2, 0, 0, 0, 0.1125, 4, 3, 4, 1.9689, 3, 4, 3, 0.9864, 0, 0.1042, 0.4098, 0, 0.3683, 0.0002, 0.2487, 0.0194, 3, 2.0001, 0.5251, 1.9805, 1, 0.0183, 1.0037, 2, 4, 1.0013, 2, 0.0028, 4, 5, 4, 0.2238, 0.1553, 0.0902, 0.2658, 0.9997, 6, 4, 6, 3, 1.0005, 0.1625, 3, 0.1, 0, 4, 2.0005, 3, 4, 3, 0.7946, 8, 0.1115, 4, 2, 20, 0.9899],
      [2.2083, 6, 0, 0.244, 0, 0.2662, 11, 14, 22, 7.9689, 19, 29, 18, 4.0511, 0, 0.5876, 1.3856, 0, 0.9245, 7.9998, 0.6734, 0.517, 13, 8, 2.1362, 8.9579, 3, 2.0017, 5.008, 11, 6, 2.0009, 17, 1.9985, 11, 14, 30, 0.5948, 1.9064, 0.0674, 0.7237, 4.0016, 25, 13, 27, 7, 4.9995, 0.0898, 7, 0.5086, 4.0001, 7, 7.0004, 17, 10, 15, 3.4718, 46, 1.5453, 19, 10, 54, 2.3],
      [4.7889, 9, 0, 0.656, 0, 0.5588, 16, 16, 17, 24.0311, 11, 18, 9, 3.996, 0, 1.0241, 0.2045, 0, 0.5673, 7, 0.9547, 0.3833, 26, 9, 2.5175, 9.062, 8.9999, 4.0078, 12.9923, 28, 27, 6.9986, 12, 5.0005, 17, 19, 24, 1.1814, 1.9464, 0.3214, 0.6935, 3.9991, 31, 15, 28, 16, 9, 0.5031, 13, 0.2682, 7.9999, 11.0001, 12.9994, 42, 27, 16, 2.9165, 61, 1.1743, 18, 11, 59, 3.7452],
      [1.7955, 3, 0, 0.1, 0, 0.0624, 3, 4, 3, 4.0311, 3, 4, 2.0001, 1.9665, 0, 0.284, 0, 0, 0.1398, 1.9999, 0.1233, 0.0803, 3, 2, 0.8212, 1.9996, 2.0001, 1.9722, 3.996, 5, 3, 1.9992, 3, 1.9981, 3, 2, 4, 0, 0.992, 0.521, 0.3171, 2.9995, 5, 3, 3, 3, 3, 0.2446, 4, 0.1232, 2, 3.9999, 2.9997, 6, 3, 3, 0.8172, 7, 0.1688, 2, 3, 6, 0.9649]
    ]
  ],
  "V_est": [
    [740.1504, 2449.0232, 3019.7376, 236.0888],
    [880.7398, 3222.499, 4545.7105, 404.0506],
    [1373.4013, 5845.464, 6579.1196, 562.0151],
    [121.8566, 553.8749, 845.9401, 76.3283],
    [135.8519, 569.1388, 746.4921, 139.5171]
  ],
  "p_est": [
    [0.1148, 0.38, 0.4685, 0.0366],
    [0.0973, 0.356, 0.5021, 0.0446],
    [0.0956, 0.4071, 0.4582, 0.0391],
    [0.0763, 0.3466, 0.5294, 0.0478],
    [0.0854, 0.3577, 0.4692, 0.0877]
  ],
  "EI_Z": {},
  "EI_V": 35.9225,
  "MAE_Z": {},
  "MAE_V": 1187.13,
  "MAE_p": 0.1515,
  "runtime": 0.4056
}
