{
  "X": [
    [4, 6, 16, 37, 2],
    [8, 7, 16, 99, 0],
    [54, 63, 217, 882, 21],
    [1, 2, 7, 30, 1],
    [0, 16, 35, 47, 4],
    [5, 6, 35, 31, 3],
    [6, 5, 11, 30, 1],
    [9, 7, 19, 54, 1],
    [13, 18, 55, 113, 2],
    [68, 95, 448, 783, 28],
    [30, 42, 179, 292, 16],
    [52, 63, 216, 551, 10],
    [10, 19, 115, 172, 5],
    [1, 1, 1, 31, 0],
    [2, 1, 11, 13, 0],
    [3, 6, 35, 22, 4],
    [18, 34, 121, 420, 6],
    [43, 41, 381, 242, 11],
    [5, 2, 7, 19, 0],
    [12, 28, 122, 125, 2],
    [88, 73, 420, 604, 18],
    [1, 2, 4, 3, 0],
    [2, 7, 13, 15, 0],
    [29, 19, 92, 218, 8],
    [4, 19, 37, 111, 3],
    [1, 0, 5, 7, 0],
    [80, 113, 427, 1063, 23],
    [79, 63, 356, 706, 19],
    [162, 140, 708, 1195, 60],
    [24, 17, 82, 247, 6],
    [10, 4, 12, 42, 0],
    [0, 3, 13, 14, 1],
    [3, 3, 7, 11, 1],
    [6, 1, 33, 45, 5],
    [2, 12, 16, 31, 1],
    [2, 6, 14, 26, 0],
    [0, 1, 2, 11, 3],
    [4, 6, 15, 63, 1],
    [1, 3, 2, 5, 2],
    [3, 3, 6, 27, 0],
    [71, 87, 273, 503, 21],
    [6, 9, 37, 44, 1],
    [7, 4, 23, 47, 4],
    [17, 26, 79, 131, 11],
    [17, 17, 109, 193, 9],
    [59, 78, 223, 437, 17],
    [45, 65, 236, 437, 20],
    [21, 26, 85, 157, 5],
    [80, 73, 264, 439, 32],
    [10, 16, 30, 57, 2],
    [11, 28, 74, 301, 11],
    [59, 100, 181, 1008, 27],
    [32, 70, 91, 525, 14],
    [17, 18, 61, 228, 10],
    [1, 0, 6, 4, 0],
    [0, 4, 3, 7, 0],
    [24, 71, 152, 479, 8],
    [24, 27, 57, 313, 7],
    [32, 14, 48, 260, 9],
    [2, 2, 15, 7, 0],
    [4, 5, 5, 17, 0],
    [37, 37, 194, 252, 18],
    [31, 25, 186, 144, 14],
    [62, 37, 242, 202, 17],
    [63, 45, 222, 229, 17],
    [54, 53, 314, 326, 13],
    [4, 5, 13, 20, 2],
    [2, 1, 4, 3, 0],
    [5, 6, 18, 25, 2],
    [21, 30, 87, 151, 9],
    [2, 7, 7, 15, 0],
    [42, 30, 121, 190, 7],
    [52, 38, 192, 671, 13],
    [22, 25, 115, 238, 15],
    [29, 23, 94, 229, 9],
    [27, 31, 146, 123, 1],
    [3, 1, 3, 24, 1],
    [17, 75, 194, 355, 11],
    [166, 300, 1113, 1576, 86],
    [169, 221, 672, 1052, 74],
    [0, 1, 1, 1, 2]
  ],
  "W": [
    [6, 16, 36, 3, 4],
    [4, 22, 97, 4, 3],
    [37, 236, 883, 55, 26],
    [2, 9, 25, 2, 3],
    [18, 35, 36, 2, 11],
    [8, 36, 30, 3, 3],
    [2, 14, 31, 4, 2],
    [1, 23, 52, 11, 3],
    [11, 58, 114, 10, 8],
    [54, 508, 749, 75, 36],
    [19, 209, 272, 38, 21],
    [27, 255, 549, 40, 21],
    [3, 128, 164, 16, 10],
    [1, 3, 28, 0, 2],
    [0, 14, 9, 2, 2],
    [4, 37, 21, 3, 5],
    [34, 122, 401, 18, 24],
    [16, 405, 238, 39, 20],
    [0, 6, 21, 5, 1],
    [14, 136, 122, 9, 8],
    [42, 461, 578, 93, 29],
    [1, 5, 3, 1, 0],
    [0, 16, 15, 2, 4],
    [12, 109, 204, 25, 16],
    [13, 46, 104, 5, 6],
    [0, 6, 7, 0, 0],
    [56, 487, 1030, 92, 41],
    [37, 390, 695, 77, 24],
    [74, 779, 1182, 147, 83],
    [7, 93, 235, 24, 17],
    [2, 16, 43, 4, 3],
    [3, 13, 14, 0, 1],
    [0, 13, 9, 3, 0],
    [2, 40, 40, 3, 5],
    [6, 17, 30, 2, 7],
    [4, 15, 27, 1, 1],
    [0, 3, 13, 0, 1],
    [2, 18, 67, 1, 1],
    [2, 2, 8, 1, 0],
    [1, 7, 26, 3, 2],
    [43, 312, 491, 75, 34],
    [3, 44, 42, 4, 4],
    [4, 24, 48, 3, 6],
    [10, 98, 126, 16, 14],
    [8, 119, 185, 20, 13],
    [43, 260, 420, 50, 41],
    [32, 249, 445, 49, 28],
    [11, 92, 155, 24, 12],
    [36, 285, 451, 71, 45],
    [11, 33, 57, 8, 6],
    [17, 94, 280, 20, 14],
    [47, 247, 961, 69, 51],
    [28, 139, 492, 39, 34],
    [14, 62, 229, 20, 9],
    [0, 6, 4, 1, 0],
    [0, 5, 8, 1, 0],
    [50, 186, 444, 23, 31],
    [20, 63, 304, 22, 19],
    [8, 53, 254, 38, 10],
    [0, 16, 7, 2, 1],
    [5, 6, 17, 2, 1],
    [23, 220, 235, 36, 24],
    [13, 203, 146, 23, 15],
    [23, 247, 205, 50, 35],
    [27, 235, 235, 45, 34],
    [30, 330, 313, 64, 23],
    [2, 19, 21, 1, 1],
    [2, 2, 5, 1, 0],
    [4, 16, 28, 3, 5],
    [15, 96, 155, 21, 11],
    [2, 12, 13, 1, 3],
    [17, 142, 179, 35, 17],
    [18, 210, 661, 44, 33],
    [12, 113, 245, 23, 22],
    [14, 112, 219, 26, 13],
    [18, 150, 111, 30, 19],
    [2, 2, 22, 4, 2],
    [63, 196, 348, 17, 28],
    [148, 1230, 1599, 126, 138],
    [102, 759, 1084, 128, 115],
    [1, 1, 2, 0, 1]
  ],
  "method": "mult",
  "cond_prob": [
    [
      [0.0036169313778, 0.65133341774, 0.11745746226, 0.21483780053, 0.012754388085],
      [0.036923716936, 0.044139902008, 0.88529940414, 0.016266793846, 0.017370183072],
      [0.012449119345, 0.0076894993009, 0.018134852547, 0.95341177267, 0.0083147561375],
      [0.82543932512, 0.0087219677079, 0.051867759412, 0.099867573305, 0.014103374457],
      [0.11575816725, 0.27069329587, 0.080501697565, 0.20706948981, 0.3259773495]
    ],
    [
      [0.024433793823, 0.75302039882, 0.06710344707, 0.15544236028, 0],
      [0.12905405099, 0.079820145108, 0.69291328166, 0.098212522235, 0],
      [0.0062134695099, 0.009235493064, 0.0024851405339, 0.98206589689, 0],
      [0.92519325687, 0.0090299219912, 0.015867090342, 0.0499097308, 0],
      [0.25319871098, 0.43330423238, 0.060989007323, 0.25250804931, 0]
    ],
    [
      [0.002039282993, 0.73139080108, 0.084337200905, 0.16820336649, 0.014029348538],
      [0.034021272477, 0.060882946279, 0.85397086796, 0.031281588803, 0.019843324478],
      [0.0060436314678, 0.013700664003, 0.0078729137278, 0.96476623567, 0.0076165551313],
      [0.68593110576, 0.015143383721, 0.065663416264, 0.21578543395, 0.017476660306],
      [0.10895341623, 0.33229202382, 0.068428000429, 0.17835521224, 0.31197134728]
    ],
    [
      [0.00043130347702, 0.58887675768, 0.080168537916, 0.32094406017, 0.0095793407573],
      [0.0045220844908, 0.017454812502, 0.72119942413, 0.25077510302, 0.0060485758574],
      [0.00081676859173, 0.0025201025055, 0.00082780308888, 0.99369884632, 0.0021364794951],
      [0.44696897186, 0.010302175443, 0.069017028812, 0.45851385179, 0.015197972094],
      [0.014693824704, 0.19384875287, 0.06337965737, 0.44721236366, 0.2808654014]
    ],
    [
      [3.081487911e-33, 0.60977375013, 0.093031619307, 0.2888335357, 0.0083610948663],
      [0, 0.031572546869, 0.89766876001, 0.061755955482, 0.0090027376431],
      [0, 0.0065520746307, 0, 0.98620679106, 0.0072411343078],
      [0, 0.047899225656, 0.26687682804, 0.63147942901, 0.053744517291],
      [0, 0.32612365629, 0.12484278147, 0.26119405267, 0.28783950957]
    ],
    [
      [0.0096799325673, 0.57790812889, 0.19047970835, 0.19852522333, 0.023407006855],
      [0.040095102612, 0.015552741715, 0.90110739414, 0.020796691487, 0.022448070041],
      [0.014403766826, 0.0076236690474, 0.022146385333, 0.93707507543, 0.01875110336],
      [0.89042862159, 0.00360094105, 0.0294345693, 0.05575498901, 0.020780879048],
      [0.12524599195, 0.19244112418, 0.094533625368, 0.12786669659, 0.45991256191]
    ],
    [
      [0.0018094093222, 0.90677137703, 0.038845412594, 0.044800490492, 0.0077733105668],
      [0.08993795321, 0.093143802869, 0.75229587346, 0.048940816565, 0.015681553899],
      [0.024710416086, 0.031435664431, 0.0065568005603, 0.92988498559, 0.0074121333357],
      [0.9061072664, 0.012499040437, 0.024860999717, 0.0483042528, 0.0082284406417],
      [0.17339893607, 0.42897112333, 0.043731065085, 0.10278801136, 0.25111086415]
    ],
    [
      [0.00036157721202, 0.92431610874, 0.026902830346, 0.043480910052, 0.0049385736498],
      [0.037257168086, 0.12260187434, 0.78127360938, 0.04938656602, 0.0094807821689],
      [0.0062294703472, 0.025345925649, 0.0042406239785, 0.95997401719, 0.0042099628344],
      [0.67801764716, 0.024162703155, 0.057269001801, 0.23322004185, 0.0073306060334],
      [0.12019899332, 0.55735430432, 0.051110895715, 0.11218623908, 0.15914956757]
    ],
    [
      [0.0028110104985, 0.75569580915, 0.087502539794, 0.14938057784, 0.0046100627188],
      [0.039131634584, 0.06333145685, 0.86903975998, 0.021774805837, 0.0067223427519],
      [0.013772495617, 0.021258545182, 0.020403749449, 0.9412589238, 0.0033062859531],
      [0.79520006654, 0.014797341973, 0.059137381547, 0.12483728648, 0.0060279234617],
      [0.14717236411, 0.43033425395, 0.08947059137, 0.19274809092, 0.14027469965]
    ],
    [
      [0.0015449257934, 0.74489202467, 0.091072689813, 0.1494672888, 0.013023070927],
      [0.023832133523, 0.054380468972, 0.84416149495, 0.061287884412, 0.016338018141],
      [0.0044380715255, 0.017343694708, 0.006496963183, 0.96279801257, 0.0089232580163],
      [0.65405858304, 0.017854456948, 0.087672002257, 0.22188334543, 0.018531612326],
      [0.09531502436, 0.35614002287, 0.077955825577, 0.16715441121, 0.30343471599]
    ],
    [
      [0.0010354216754, 0.78297811074, 0.076728196283, 0.12402948991, 0.015228781388],
      [0.01791963233, 0.069226080999, 0.82239397831, 0.069600572157, 0.020859736199],
      [0.0043291297723, 0.016092989471, 0.0022348700111, 0.96527014632, 0.01207286442],
      [0.61563179268, 0.020785809144, 0.095035155482, 0.24523051517, 0.023316727521],
      [0.07921868625, 0.35657195635, 0.068695345311, 0.15355622543, 0.34195778666]
    ],
    [
      [0.0021797749671, 0.81684309863, 0.067714516135, 0.10619167209, 0.0070709381766],
      [0.045912923904, 0.073861115108, 0.81186309762, 0.057542257219, 0.010820606148],
      [0.01066786679, 0.022091247243, 0.0065388100393, 0.95573240049, 0.0049696754357],
      [0.78368592502, 0.016879663991, 0.053164855816, 0.13725717549, 0.0090123796825],
      [0.14425021961, 0.44320812802, 0.068105582227, 0.15581782728, 0.18861824286]
    ],
    [
      [0.00061440141241, 0.87898625445, 0.047113481757, 0.0644299703, 0.008855892075],
      [0.0052227993071, 0.065671679927, 0.86132298053, 0.057239716439, 0.0105428238],
      [0.0024577082395, 0.017311072334, 0.010330120958, 0.96399222045, 0.0059088780191],
      [0.51953090205, 0.030234773443, 0.13198195698, 0.30146834161, 0.016784025916],
      [0.061407990034, 0.46342939682, 0.080346689853, 0.15618087654, 0.23863504676]
    ],
    [
      [0.0038430857922, 0.59052565465, 0.026552627018, 0.37907863254, 0],
      [0.10075491768, 0.025642798695, 0.30797306297, 0.56562922065, 0],
      [0.0029963087093, 0.00099843547109, 0.00023025747534, 0.99577499834, 0],
      ["NaN", "NaN", "NaN", "NaN", "NaN"],
      [0.30499775865, 0.15229487804, 0.021540487377, 0.52116687594, 0]
    ],
    [
      ["NaN", "NaN", "NaN", "Inf", "NaN"],
      [0.015583617148, 0.01673109325, 0.75803352028, 0.20965176932, 0],
      [0.0027033097238, 0.0038295550312, 0, 0.99346713525, 0],
      [0.72045488199, 0.0054806819846, 0.066308074289, 0.20775636173, 0],
      [0.15829490421, 0.36016866762, 0.12745728376, 0.3540791444, 0]
    ],
    [
      [0.0010986089929, 0.71517408623, 0.10856597425, 0.15201128514, 0.023150045386],
      [0.013762508706, 0.037815500622, 0.90335628378, 0.01945105918, 0.025614647711],
      [0.0058933271293, 0.020754197629, 0.012866021873, 0.9349683232, 0.025518130167],
      [0.68903247433, 0.015886024095, 0.10547366072, 0.15547368541, 0.03413415545],
      [0.059107089839, 0.25132678192, 0.11098923232, 0.11430196526, 0.46427493066]
    ],
    [
      [0.0016156326269, 0.59385328758, 0.11070163581, 0.28768799132, 0.0061414526622],
      [0.023358719441, 0.035274570542, 0.90203625402, 0.031850489313, 0.0074799666883],
      [0.0026521812705, 0.0045132312343, 0.008034595384, 0.98297629228, 0.0018236998314],
      [0.64069542643, 0.012888654207, 0.084790387284, 0.25296630562, 0.0086592264616],
      [0.1041359314, 0.31098704648, 0.10165090302, 0.3169150789, 0.1663110402]
    ],
    [
      [0.0019083657927, 0.7713060716, 0.10041693722, 0.11620922211, 0.010159403278],
      [0.023155476485, 0.038414038278, 0.90976504362, 0.019982879243, 0.0086825623683],
      [0.011458702767, 0.021324597442, 0.019856075313, 0.93880676342, 0.0085538610617],
      [0.72441874862, 0.014773743831, 0.10450592988, 0.14455365307, 0.011747924597],
      [0.13059978581, 0.37249935756, 0.10685045733, 0.14869920949, 0.24135118982]
    ],
    [
      ["NaN", "NaN", "NaN", "NaN", "NaN"],
      [0.044647417721, 0.089739372721, 0.86395800901, 0.0016552005469, 0],
      [0.028174317849, 0.031721293022, 0.070029600303, 0.87007478883, 0],
      [0.78990716676, 0.017642003819, 0.061126158565, 0.13132467085, 0],
      [0.19091898504, 0.70720659112, 0.039999546751, 0.06187487709, 0]
    ],
    [
      [0.0013883879221, 0.80910188889, 0.082166270922, 0.10395884817, 0.0033846040953],
      [0.023891092162, 0.064945181309, 0.86641578229, 0.040258946942, 0.0044889972941],
      [0.0081646408634, 0.028855731294, 0.01351295329, 0.94622836636, 0.0032383081909],
      [0.75869063034, 0.021300314841, 0.066400870468, 0.14766307383, 0.0059451105187],
      [0.11338402208, 0.51599085576, 0.096367209957, 0.16256637261, 0.11169153959]
    ],
    [
      [0.0022965811593, 0.73460954008, 0.1031187804, 0.14945038702, 0.010524711345],
      [0.030254169142, 0.046575538311, 0.86355895564, 0.048106745595, 0.011504591314],
      [0.0090877123204, 0.01584414859, 0.011734988463, 0.95639508685, 0.0069380637738],
      [0.69725517158, 0.014043748282, 0.087294625509, 0.18949641865, 0.011910035979],
      [0.13306699789, 0.35210654069, 0.091969281754, 0.17677058242, 0.24608659725]
    ],
    [
      [0, 0.97995704647, 0.0058782564479, 0.014164697084, 0],
      [0.011396142822, 0.16705486407, 0.79577704653, 0.025771946579, 0],
      [0.0026302819621, 0.056458410363, 0.001377894831, 0.93953341284, 0],
      [0.93512844001, 0.015393402088, 0.011102826415, 0.038375331491, 0],
      ["NaN", "NaN", "NaN", "NaN", "NaN"]
    ],
    [
      ["NaN", "NaN", "NaN", "NaN", "NaN"],
      [0.015862750235, 0.15848011326, 0.78651557308, 0.039141563423, 0],
      [0.0043706249752, 0.06931693635, 0.0082218545941, 0.91809058408, 0],
      [0.7207301643, 0.046754172125, 0.077406180332, 0.15510948324, 0],
      [0.059794073254, 0.83276394957, 0.034402662792, 0.073039314385, 0]
    ],
    [
      [0.0038511133617, 0.6672263254, 0.099866183524, 0.21545450898, 0.013601868733],
      [0.057611521998, 0.045706229942, 0.80234031666, 0.078765065181, 0.015576866214],
      [0.0067682815038, 0.0069619875244, 0.0038554474134, 0.9758849418, 0.0065293417607],
      [0.75456880668, 0.0095006797145, 0.053625545703, 0.1700351655, 0.012269802402],
      [0.15182382176, 0.27209641148, 0.0762100854, 0.2186091577, 0.28126052366]
    ],
    [
      [0.00046378927888, 0.75824723907, 0.060602040693, 0.17276653047, 0.0079204004824],
      [0.01192933878, 0.11543252485, 0.76272181161, 0.094327987858, 0.0155883369],
      [0.0019748397318, 0.01047278767, 0.0033739887401, 0.97825794794, 0.0059204359142],
      [0.58176105283, 0.028129721049, 0.081964446054, 0.28916464626, 0.018980133814],
      [0.055172093209, 0.43384520433, 0.061042179591, 0.20504964084, 0.24489088203]
    ],
    [
      ["NaN", "NaN", "NaN", "NaN", "NaN"],
      [0.12085246292, 2.0703746902e-33, 0.83026392211, 0.048883614974, 0],
      [0.039269317498, 0, 0.0026309239081, 0.95809975859, 0],
      ["NaN", "NaN", "NaN", "NaN", "NaN"],
      ["NaN", "NaN", "NaN", "NaN", "NaN"]
    ],
    [
      [0.0014105818615, 0.77667185417, 0.077740371504, 0.1353084883, 0.008868704163],
      [0.025448059102, 0.067858545223, 0.83405408341, 0.060063755755, 0.012575556508],
      [0.003856426829, 0.017331719966, 0.0059182466323, 0.96725625148, 0.0056373550968],
      [0.64607866037, 0.019520712685, 0.078793421633, 0.24237857606, 0.013228629253],
      [0.10040112794, 0.4100411588, 0.076034432996, 0.18533920939, 0.22818407088]
    ],
    [
      [0.0025733091072, 0.72244088021, 0.1019018851, 0.16026988264, 0.012814042953],
      [0.034101470339, 0.046349497684, 0.85972669293, 0.045579480854, 0.014242858194],
      [0.0099341875501, 0.013488935476, 0.013497681365, 0.95567582853, 0.0074033670786],
      [0.71981181456, 0.012775264965, 0.072233967822, 0.18156631499, 0.013612637667],
      [0.13647683595, 0.32645324072, 0.083054830738, 0.17161290529, 0.2824021873]
    ],
    [
      [0.0027411408744, 0.73190051511, 0.099450247008, 0.14951571182, 0.016392385178],
      [0.036345790911, 0.049586176102, 0.85443913207, 0.040382212752, 0.019246688165],
      [0.012701395809, 0.016631786392, 0.015329826992, 0.94383663058, 0.011500360226],
      [0.7347091346, 0.013371509655, 0.071207869513, 0.16297966103, 0.0177318252],
      [0.12612640751, 0.30828129233, 0.077652837542, 0.15548416955, 0.33245529307]
    ],
    [
      [0.0025748884998, 0.6988871119, 0.095159393751, 0.19360855737, 0.0097700484784],
      [0.041397174851, 0.050451696451, 0.83148913164, 0.065320264633, 0.011341732424],
      [0.0048052571777, 0.0078625063473, 0.0047115386842, 0.97892779817, 0.0036928996192],
      [0.69523524472, 0.011410396197, 0.062703875221, 0.22074097144, 0.0099095124209],
      [0.13630336525, 0.31142611449, 0.081958259123, 0.24847880015, 0.22183346098]
    ],
    [
      [0.10138114602, 0.7721924776, 0.060227549417, 0.066198826965, 0],
      [0.17811944497, 0.057408713862, 0.71521662226, 0.049255218903, 0],
      [0.044827317075, 0.0094815064235, 0.0050157489114, 0.94067542759, 0],
      [0.95289413388, 0.0041504658039, 0.010773578709, 0.032181821608, 0],
      [0.40272513956, 0.37092299452, 0.059102475636, 0.16724939028, 0]
    ],
    [
      [0, 0.70112182652, 0.13402333648, 0.14961351102, 0.015241325979],
      [0, 0.034788854491, 0.93010314875, 0.016959499882, 0.018148496881],
      [0, 0.012564052353, 0.030670645638, 0.94414136646, 0.012623935548],
      ["NaN", "NaN", "NaN", "NaN", "NaN"],
      [0, 0.26848267911, 0.077200017944, 0.11270683802, 0.54161046493]
    ],
    [
      ["Inf", "NaN", "NaN", "NaN", "NaN"],
      [0.051530118925, 0.2033984401, 0.53253361775, 0.16126473541, 0.051273087817],
      [0.0032906379069, 0.028797261601, 0, 0.94119034255, 0.026721757947],
      [0.76683090427, 0.032214974757, 0.025687656415, 0.1442817856, 0.030984678953],
      ["Inf", "Inf", "NaN", "NaN", "NaN"]
    ],
    [
      [0.008121535371, 0.29784021379, 0.11615594353, 0.51488808283, 0.06299422447],
      [0.056107683035, 0.0035779361704, 0.80844557354, 0.10063935422, 0.031229453038],
      [0.0084306282673, 0.0010537320591, 0, 0.97293271651, 0.017582923165],
      [0.89234056914, 0.0014196692959, 0.021710262786, 0.061410822969, 0.023118675814],
      [0.14504055395, 0.042958767069, 0.072946876623, 0.16862170726, 0.57043209509]
    ],
    [
      [0.00048980210059, 0.80392565921, 0.06593985446, 0.12705060682, 0.002594077407],
      [0.0094307124243, 0.11246136623, 0.85606989802, 0.016174764029, 0.0058632592912],
      [0.0028031114682, 0.043423782262, 0.01044630179, 0.94068995211, 0.0026368523716],
      [0.67916848552, 0.031395164343, 0.086020495621, 0.19547565798, 0.0079401965393],
      [0.056329823014, 0.55701414603, 0.080820365987, 0.19301078448, 0.11282488048]
    ],
    [
      [0.023520942059, 0.82753564865, 0.065812259398, 0.083131149897, 0],
      [0.035061845508, 0.079329705732, 0.86759576634, 0.018012682415, 0],
      [0.011096676128, 0.033623340012, 0.022750044073, 0.93252993979, 0],
      [0.93567636385, 0.0067322626042, 0.018995815246, 0.038595558302, 0],
      [0.14470192985, 0.5853493765, 0.089567462007, 0.18038123164, 0]
    ],
    [
      ["NaN", "NaN", "NaN", "NaN", "NaN"],
      [0, 0.17709366091, 0.65270877299, 0.0053057089126, 0.16489185719],
      [0, 0.023398968433, 0.0030003712984, 0.8443191774, 0.12928148287],
      ["NaN", "NaN", "NaN", "NaN", "NaN"],
      [0, 0.16453242764, 0.002868854156, 0.0079335671066, 0.82466515109]
    ],
    [
      [0.002884754124, 0.91407465754, 0.030435183481, 0.044419087041, 0.0081863178174],
      [0.072443184966, 0.099852135294, 0.79709590379, 0.014826347182, 0.015782428771],
      [0.023037190713, 0.028680909122, 0.0082518482566, 0.9336426561, 0.0063873958044],
      [0.94438652717, 0.0055693297819, 0.012616775345, 0.029530378601, 0.0078969891017],
      [0.2023748574, 0.44732200868, 0.025912756341, 0.060699239076, 0.2636911385]
    ],
    [
      [0, 0.90840721386, 0.02779637034, 0, 0.063796415803],
      [0.0030130137858, 0.033703147803, 0.78226446263, 0, 0.18101937578],
      [0.010913773105, 0.13838841348, 0.046451399432, 0.625, 0.17924641398],
      [0.90666378759, 0.008671968843, 0.008267138604, 0, 0.076397104962],
      ["NaN", "NaN", "NaN", "NaN", "NaN"]
    ],
    [
      [0.00092074092041, 0.88158034639, 0.045609450496, 0.071889462193, 0],
      [0.04658467463, 0.097283498121, 0.80135367809, 0.054778149158, 0],
      [0.0044719421253, 0.011654619214, 0.0034533056707, 0.98042013299, 0],
      [0.7564081558, 0.014526997723, 0.041312025923, 0.18775282055, 0],
      [0.143745787, 0.54541703701, 0.065596388829, 0.24524078716, 0]
    ],
    [
      [0.0016919750387, 0.80377027999, 0.071157539326, 0.11246958921, 0.010910616433],
      [0.033447200028, 0.075301616699, 0.8277033482, 0.046425967409, 0.017121867665],
      [0.0093664244623, 0.027626532751, 0.0077617330851, 0.94535077835, 0.0098945313486],
      [0.69558583137, 0.020442528296, 0.074583997818, 0.19375337931, 0.01563426321],
      [0.10952549709, 0.40723401021, 0.067410893822, 0.1464755945, 0.26935400438]
    ],
    [
      [0.0015209900675, 0.86385494546, 0.052458608305, 0.078102556183, 0.0040628999806],
      [0.037135613339, 0.071295532207, 0.82554330483, 0.060166721193, 0.0058588284355],
      [0.011062205812, 0.028271918065, 0.0017989843883, 0.95512720339, 0.0037396883484],
      [0.8362385207, 0.016804111152, 0.037154958644, 0.10408419276, 0.0057182167392],
      [0.13797582899, 0.5041986858, 0.073635395968, 0.14666932142, 0.13752076783]
    ],
    [
      [0.063325718425, 0.5778499911, 0.13531133381, 0.19650891666, 0.027004039999],
      [0.06552915185, 0.022514539292, 0.87075702618, 0.015888403472, 0.025310879204],
      [0.02783095718, 0.0043052516294, 0.021775747424, 0.93121203664, 0.014876007127],
      [0.91844387077, 0.0037036922334, 0.021177378674, 0.042010703942, 0.014664354378],
      [0.18046332082, 0.15508132294, 0.075303003999, 0.16807212992, 0.42108022231]
    ],
    [
      [0.0013149795634, 0.8345142916, 0.056675073904, 0.090677869188, 0.016817785741],
      [0.036533834267, 0.089269340989, 0.77840835747, 0.066434655389, 0.029353811885],
      [0.0061816487383, 0.026913789995, 0.0030442883013, 0.94540009769, 0.018460175279],
      [0.71308407488, 0.021704259386, 0.065542480279, 0.174120073, 0.025549112455],
      [0.08702153622, 0.36914685553, 0.051212158465, 0.11973511454, 0.37288433524]
    ],
    [
      [0.001685101423, 0.71278392587, 0.10601722518, 0.16235995364, 0.017153793885],
      [0.019805065298, 0.043559174823, 0.86552745272, 0.053283781428, 0.017824525731],
      [0.0041129235087, 0.011325717176, 0.011545633927, 0.96348199488, 0.009533730509],
      [0.63422154731, 0.014211116047, 0.094833486067, 0.23592661592, 0.02080723466],
      [0.091107278681, 0.28728513773, 0.086267948235, 0.18443453923, 0.35090509612]
    ],
    [
      [0.0028030470158, 0.76009272894, 0.078370924224, 0.14985688621, 0.0088764136084],
      [0.045252625611, 0.071169153482, 0.8132489277, 0.056357183476, 0.013972109736],
      [0.010115028356, 0.023375613961, 0.0052626523864, 0.95377675366, 0.0074699516334],
      [0.75299839937, 0.016858532176, 0.059529276063, 0.15878574522, 0.011828047162],
      [0.12720864491, 0.39393532385, 0.073135396392, 0.17994542413, 0.22577521071]
    ],
    [
      [0.0014331298014, 0.79286532495, 0.08159875499, 0.11081089948, 0.013291890784],
      [0.026414274786, 0.066438277645, 0.86843360248, 0.01975870571, 0.018955139376],
      [0.0065626300827, 0.025601469704, 0.024208287561, 0.93213497015, 0.011492642506],
      [0.67039789265, 0.020526560843, 0.088124741886, 0.20097394516, 0.019976859454],
      [0.093111367777, 0.38166867745, 0.073502589467, 0.13879815952, 0.31291920579]
    ],
    [
      [0.0011528099209, 0.82336279626, 0.070659911335, 0.097134841214, 0.0076896412694],
      [0.028288354535, 0.073812059251, 0.85521411578, 0.030991637891, 0.011693832542],
      [0.0063443393021, 0.027749417806, 0.016578573493, 0.94270339848, 0.0066242709229],
      [0.67171241551, 0.021661383344, 0.085000743884, 0.210016217, 0.011609240267],
      [0.1066933258, 0.44427223582, 0.077778798232, 0.16007250742, 0.21118313272]
    ],
    [
      [0.0029363879482, 0.77513372781, 0.08601568252, 0.11869773567, 0.017216466056],
      [0.04287397826, 0.063024243454, 0.85277333918, 0.017166233534, 0.024162205569],
      [0.018659161211, 0.025141489504, 0.022085789326, 0.91775196878, 0.016361591184],
      [0.7559602411, 0.015460586956, 0.067291075375, 0.14165211343, 0.019635983137],
      [0.12414994235, 0.32659473276, 0.069437253881, 0.13046815527, 0.34934991574]
    ],
    [
      [0.0044442985996, 0.77468702926, 0.075919336061, 0.13889194592, 0.0060573901597],
      [0.046520836083, 0.084193648922, 0.83770187386, 0.020348492297, 0.011235148842],
      [0.019309079072, 0.034064802384, 0.011859809723, 0.9283736694, 0.0063926394171],
      [0.81266865928, 0.016492906552, 0.050527586919, 0.11174783075, 0.0085630164928],
      [0.13565972388, 0.43773587925, 0.073415936092, 0.16490109116, 0.18828736962]
    ],
    [
      [0.00054243562498, 0.72645645653, 0.066345412061, 0.19082477222, 0.015830923557],
      [0.0077727736118, 0.086271726593, 0.74118795143, 0.13799307976, 0.026774468606],
      [0.0015966973857, 0.0065895920872, 0.0029670256649, 0.97984724297, 0.0089994418897],
      [0.45705568699, 0.054342459176, 0.080684300056, 0.37702415525, 0.030893398528],
      [0.047996347642, 0.32919735509, 0.054000526689, 0.20620844552, 0.36259732506]
    ],
    [
      [0.0013167836474, 0.77990382427, 0.051851245282, 0.15627881491, 0.010649331889],
      [0.032142168426, 0.13889187172, 0.68882144803, 0.11798021007, 0.022164301757],
      [0.0030183294938, 0.0076818343729, 0.00258172818, 0.98009975411, 0.0066183538447],
      [0.63300633503, 0.021187161435, 0.051442240457, 0.27717529424, 0.017188968841],
      [0.08668517268, 0.39596217596, 0.046932126181, 0.20613381984, 0.26428670534]
    ],
    [
      [0.00090863101509, 0.82189854921, 0.038562158525, 0.13074209094, 0.0078885703058],
      [0.026979650825, 0.18173789398, 0.61701607428, 0.15388107292, 0.020385307995],
      [0.0029202053806, 0.010023280143, 0.0021157140505, 0.97905911565, 0.0058816847774],
      [0.61917650452, 0.027034207337, 0.046079067645, 0.29244556774, 0.015264652755],
      [0.077640063042, 0.46292604242, 0.038735596634, 0.20139089048, 0.21930740742]
    ],
    [
      [0.0020385040104, 0.68278610705, 0.14595590297, 0.14584723649, 0.023372249477],
      [0.030825031024, 0.051940774876, 0.86867178807, 0.017244905728, 0.031317500306],
      [0.0050182266864, 0.011646606442, 0.013613920216, 0.95583092217, 0.013890324487],
      [0.6556820218, 0.013381241941, 0.071020780318, 0.23194973645, 0.027966219489],
      [0.088610519253, 0.25399652721, 0.062329240282, 0.15163095869, 0.44343275457]
    ],
    [
      ["NaN", "NaN", "NaN", "NaN", "NaN"],
      [0.01002073052, 0, 0.97428508642, 0.015694183058, 0],
      [0.0033393901685, 0, 0.032158520159, 0.96450208967, 0],
      [0.92651805621, 0, 0.025655400832, 0.047826542963, 0],
      ["NaN", "NaN", "NaN", "NaN", "NaN"]
    ],
    [
      ["NaN", "NaN", "NaN", "NaN", "NaN"],
      [0, 0.44424962687, 0.55023891517, 0.0055114579616, 0],
      [2.168404345e-19, 0.171738774, 0.014491732411, 0.81376949359, 0],
      [4.1633363423e-17, 0.4048416737, 0.13287156484, 0.46228676145, 0],
      ["NaN", "NaN", "NaN", "NaN", "NaN"]
    ],
    [
      [0.0010875855405, 0.71681576726, 0.069039309649, 0.20815806071, 0.0048992768356],
      [0.025323485591, 0.093363836871, 0.77025336408, 0.10227769016, 0.0087816233028],
      [0.0030157693787, 0.0088313678922, 0.0032569966145, 0.98207080545, 0.002825060663],
      [0.65661908628, 0.021162726977, 0.069819725759, 0.24312613122, 0.0092723297626],
      [0.090135864985, 0.43179573917, 0.071901568073, 0.25603574052, 0.15013108726]
    ],
    [
      [0.0027046391133, 0.6775331301, 0.076357428213, 0.23413128211, 0.0092735204635],
      [0.057426774322, 0.065367021975, 0.82676827771, 0.034968980208, 0.015468945783],
      [0.0060494244325, 0.0095506323189, 0.0034087307149, 0.97669361132, 0.0042976012131],
      [0.72727948252, 0.012425693846, 0.050999320107, 0.19854739974, 0.010748103787],
      [0.13099193644, 0.32391881705, 0.064642671591, 0.25428568258, 0.22616089233]
    ],
    [
      [0.0026892851256, 0.70737288197, 0.085446195142, 0.18245605112, 0.022035586643],
      [0.058670116674, 0.055551864533, 0.83044955453, 0.025299505872, 0.030028958387],
      [0.0066083332324, 0.0099113795274, 0.003422169826, 0.96987030704, 0.010187810372],
      [0.68149886195, 0.010344917047, 0.049348837229, 0.23932356451, 0.019483819264],
      [0.12934961401, 0.24861708762, 0.055811709809, 0.17581243396, 0.39040915459]
    ],
    [
      ["NaN", "NaN", "NaN", "Inf", "NaN"],
      [0.015579498225, 0.059058824467, 0.9142245324, 0.011137144911, 0],
      [0.010049801005, 0.038400908043, 0.018311154957, 0.933238136, 0],
      [0.7808775619, 0.018789892704, 0.10058636021, 0.099746185186, 0],
      [0.11862429756, 0.74867266682, 0.043056676529, 0.089646359083, 0]
    ],
    [
      [0.068964529586, 0.74161460894, 0.052035389578, 0.13738547189, 0],
      [0.12952312092, 0.085603945549, 0.76420993503, 0.020662998507, 0],
      [0.040444957469, 0.018431149841, 0.0044851845704, 0.93663870812, 0],
      [0.95927880053, 0.0033398478695, 0.0096287757931, 0.027752575806, 0],
      [0.27191674853, 0.45829403896, 0.059057752669, 0.21073145984, 0]
    ],
    [
      [0.0026263763796, 0.703513312, 0.11006563697, 0.16524010806, 0.018554566588],
      [0.030362761155, 0.044949828354, 0.84598049626, 0.057358523477, 0.021348390752],
      [0.0096514743417, 0.015499312042, 0.0018655998382, 0.9589478301, 0.014035783681],
      [0.70600697489, 0.013520475755, 0.081692796616, 0.17749437121, 0.02128538153],
      [0.10730993012, 0.28338150537, 0.082226022168, 0.15991937139, 0.36716317096]
    ],
    [
      [0.0031710925421, 0.73718208672, 0.11469244936, 0.12336973113, 0.021584640238],
      [0.037903992286, 0.039785650176, 0.88100326446, 0.01968018983, 0.021626903245],
      [0.018813784567, 0.020057759015, 0.022073689611, 0.91976898168, 0.019285785128],
      [0.80520736294, 0.011445779233, 0.056764407519, 0.10573992291, 0.020842527406],
      [0.1331788979, 0.27656400989, 0.075799694405, 0.11218836052, 0.40226903728]
    ],
    [
      [0.0059069891207, 0.67873573847, 0.15413288578, 0.14626068114, 0.014963705485],
      [0.040711655494, 0.033234035658, 0.90330429183, 0.0093850206513, 0.01336499637],
      [0.031318874169, 0.015926164792, 0.033892666538, 0.90667290936, 0.012189385145],
      [0.79052600582, 0.0091395284694, 0.080965164454, 0.10673271153, 0.012636589734],
      [0.16747688137, 0.27024088576, 0.12407224809, 0.1460949211, 0.29211506368]
    ],
    [
      [0.0061302260755, 0.71432098537, 0.12621925817, 0.13964174908, 0.013687781294],
      [0.051978415974, 0.044187220124, 0.87615819699, 0.012513829652, 0.015162337265],
      [0.031117604407, 0.019528150953, 0.029134561403, 0.9079562034, 0.01226347984],
      [0.83149245123, 0.010105800905, 0.054529613652, 0.09156486965, 0.012307264558],
      [0.17322820002, 0.30251353386, 0.099836740995, 0.14114105512, 0.28328047001]
    ],
    [
      [0.0016993720556, 0.74399410328, 0.11096902515, 0.13305321616, 0.010284283351],
      [0.02144307698, 0.046114842553, 0.89138885748, 0.030189432005, 0.010863790979],
      [0.0068968996392, 0.01914257333, 0.020272667487, 0.94558968906, 0.0080981704867],
      [0.6578654644, 0.01641912045, 0.12082596196, 0.19174311318, 0.01314634001],
      [0.11350800549, 0.36607955209, 0.10584346902, 0.16542430588, 0.24914466753]
    ],
    [
      [0.0022525190929, 0.91567429323, 0.022205725353, 0.039597153179, 0.02027030914],
      [0.12440690097, 0.10811919784, 0.67560672452, 0.04791092654, 0.043956250122],
      [0.024486429685, 0.040802468588, 0.0046913065944, 0.90243926216, 0.027580532974],
      [0.95013935269, 0.0048689227269, 0.0075289037156, 0.02217443645, 0.01528838442],
      [0.1674094673, 0.25266589143, 0.013014441129, 0.037099147619, 0.52981105252]
    ],
    [
      [0.11951367342, 0.48197577868, 0.39851054791, 0, 0],
      [0, 0, 1, 0, 0],
      [0.15795873935, 0.0072096885297, 0.23483157212, 0.6, 0],
      [0.9711789564, 0, 0.028821043602, 0, 0],
      ["NaN", "NaN", "NaN", "NaN", "NaN"]
    ],
    [
      [0.0056352863285, 0.73524203174, 0.19732499148, 0.051008891923, 0.010788798528],
      [0.032905763041, 0.048037580499, 0.90542243885, 0, 0.013634217612],
      [0.035013570125, 0.023923188424, 0.074593924385, 0.85577348255, 0.010695834516],
      [0.90965877417, 0.0077678524094, 0.032824143936, 0.039158025761, 0.010591203726],
      [0.14832207201, 0.31945555039, 0.10736773959, 0.14336656872, 0.28148806929]
    ],
    [
      [0.0015920126546, 0.82317755633, 0.068504863341, 0.092541263335, 0.014184304338],
      [0.032978040073, 0.07968224132, 0.84112028534, 0.022787276877, 0.023432156387],
      [0.01102446067, 0.033798359108, 0.019368610162, 0.92057696371, 0.015231606353],
      [0.71558085264, 0.021566180105, 0.074528302686, 0.16700606472, 0.021318599849],
      [0.097658059447, 0.39192782222, 0.059786429589, 0.11161324872, 0.33901444002]
    ],
    [
      [0.00096184701224, 0.91067550678, 0.0088567117203, 0.079505934486, 0],
      [0.05511946147, 0.23250775515, 0.57424502519, 0.13812775819, 0],
      [0.0059536018861, 0.017887980335, 0, 0.97615841778, 0],
      [0.93362568755, 0.011637949896, 0.0082952002701, 0.046441162285, 0],
      [0.10854008542, 0.71479141014, 0.027683691317, 0.14898481312, 0]
    ],
    [
      [0.0045589479207, 0.74213387535, 0.090662074174, 0.15357999137, 0.0090651111824],
      [0.058652601125, 0.055209426726, 0.8147997869, 0.05968128803, 0.011656897223],
      [0.017324244042, 0.017449722773, 0.0027270488503, 0.95582738545, 0.0066715988874],
      [0.78738640975, 0.011971626133, 0.054426338794, 0.13723874711, 0.008976878215],
      [0.17260379416, 0.35302813134, 0.080241846938, 0.17752582956, 0.21660039799]
    ],
    [
      [0.0030041930963, 0.67832842953, 0.10217650672, 0.20633256416, 0.010158306494],
      [0.039962488349, 0.04524383359, 0.85772938211, 0.045482536161, 0.011581759791],
      [0.009223047377, 0.0088546814085, 0.0070046958307, 0.97100636102, 0.003911214367],
      [0.73804559283, 0.010610374317, 0.059811609987, 0.18180506907, 0.0097273537949],
      [0.15101095667, 0.30209340405, 0.084116298568, 0.23939556304, 0.22338377768]
    ],
    [
      [0.0018858476876, 0.72883003361, 0.17768146817, 0.072237491756, 0.019365158773],
      [0.026093716741, 0.048871521485, 0.89310581255, 0.0091898754648, 0.022739073755],
      [0.0065597518042, 0.016736323205, 0.032918837504, 0.93009041241, 0.013694675075],
      [0.67112087576, 0.015194591593, 0.089630534438, 0.20003042912, 0.024023569096],
      [0.090266386439, 0.28553103987, 0.082738549214, 0.16462923913, 0.37683478535]
    ],
    [
      [0.0031690284097, 0.71540861273, 0.086801278645, 0.17947355125, 0.015147528959],
      [0.056116212491, 0.05336258316, 0.79893254749, 0.071786470468, 0.019802186392],
      [0.0065693356386, 0.012807734843, 0.0047073717203, 0.96672934541, 0.0091862123864],
      [0.74866812239, 0.01186907063, 0.054296506178, 0.16965957929, 0.015506721513],
      [0.13588939355, 0.2995523339, 0.066285631759, 0.17864691411, 0.31962572667]
    ],
    [
      [0.002419244374, 0.72086441012, 0.1006136294, 0.17501803641, 0.0010846796975],
      [0.021268688388, 0.044473852858, 0.90460216778, 0.028697724168, 0.00095756680507],
      [0.0081069428065, 0.019260462247, 0.014166028106, 0.95762979928, 0.00083676755705],
      [0.67400403976, 0.016951189552, 0.13131836374, 0.17621014404, 0.0015162629068],
      [0.13927149993, 0.4582587207, 0.15719207746, 0.20851603566, 0.036761666245]
    ],
    [
      [0.03163484066, 0.37255015763, 0.28412183308, 0.29941309733, 0.012280071291],
      [0.0091571498097, 0.014722445627, 0.94256221747, 0.014113351492, 0.019444835605],
      [0.0039643683388, 0.0010043096175, 0.0029329695128, 0.98875095227, 0.0033474002595],
      [0.65269005799, 0.00075131385263, 0.085992623575, 0.25735723296, 0.003208771616],
      [0.11021984182, 0.10017736324, 0.06906803766, 0.29549861026, 0.42503614702]
    ],
    [
      [0.00068297753479, 0.70022346981, 0.105365862, 0.18637773134, 0.007349959314],
      [0.016734854299, 0.061578941365, 0.89312482089, 0.017531486117, 0.011029897331],
      [0.0030235237743, 0.020248424501, 0.022169422789, 0.94861932736, 0.0059393015758],
      [0.62775123349, 0.023548883933, 0.10671816748, 0.22578300828, 0.016198706816],
      [0.069749418924, 0.40605950506, 0.099297065072, 0.20943552087, 0.21545849007]
    ],
    [
      [0.0019613927196, 0.78553774473, 0.084521268018, 0.11564053059, 0.012339063937],
      [0.031150996792, 0.067127316421, 0.85248747366, 0.031391131413, 0.017843081712],
      [0.010975936779, 0.028119595457, 0.02067729637, 0.92817030581, 0.01205686558],
      [0.75679212228, 0.019091177294, 0.067401442735, 0.13821402586, 0.018501231831],
      [0.10498302541, 0.38989197903, 0.075186094556, 0.13561466362, 0.29432423738]
    ],
    [
      [0.0027398489262, 0.80391921679, 0.074516331508, 0.10476165968, 0.014062943095],
      [0.043780815167, 0.076493719267, 0.83099542814, 0.0261108148, 0.022619222627],
      [0.018615850232, 0.032585360071, 0.017595319581, 0.91562121892, 0.015582251195],
      [0.79164176474, 0.017559697737, 0.05601165569, 0.11646953904, 0.018317342793],
      [0.12157538399, 0.37714204641, 0.064617268472, 0.12221478236, 0.31445051877]
    ],
    [
      [0, 0.84715297343, 0.032509370908, 0, 0.12033765566],
      [0, 0.0086606416184, 0.87121522595, 0, 0.12012413243],
      [0, 0.068688354189, 0.048137701571, 0.5, 0.38317394424],
      ["NaN", "NaN", "NaN", "NaN", "NaN"],
      [0, 0.0068096765739, 0, 0, 0.99319032343]
    ]
  ],
  "expected_outcome": [
    [
      [0.02173462012, 0.098293563697, 0.075601777516, 0.00086821732569, 5.5106027988e-32, 0.077724059543, 0.0035952819485, 0.00035922552388, 0.030966860122, 0.083663607442, 0.019747481775, 0.058921367206, 0.0018454488236, 0.0038456654166, 0, 0.0044153086823, 0.055064565347, 0.030584309757, 0, 0.019478218948, 0.096699635079, 0, 0, 0.046324268064, 0.006068474769, 0, 0.079197800582, 0.095410576793, 0.20322478686, 0.018065551696, 0.20399618153, 0, 1.8939955971e-18, 0.016278299632, 0.002957926559, 0.094651156418, 0, 0.0057771983114, 0, 0.0009209899171, 0.07289989022, 0.0045636001842, 0.25480140512, 0.013160136912, 0.013514565234, 0.12075859159, 0.045961029221, 0.012709462412, 0.10582027022, 0.048932632076, 0.0092813813905, 0.062050499257, 0.025535425066, 0.028610810551, 0, 0, 0.054581668464, 0.054204177267, 0.021564524854, 0, 0.34643168128, 0.060571858316, 0.04128375438, 0.13620810703, 0.16582138934, 0.051175853665, 0.004478538333, 0.23845393842, 0.022558210848, 0.023904419506, 0.0019271326562, 0.077646547044, 0.054186196566, 0.022676708922, 0.044458035902, 0.043803182614, 0.063669993914, 0.043296968971, 0.29069224159, 0.27960695512, 0],
