{
  "X": [
    [0, 31, 104, 2],
    [16, 121, 211, 11],
    [4, 36, 46, 1],
    [1, 21, 50, 1],
    [4, 22, 33, 3],
    [7, 36, 27, 2],
    [9, 84, 55, 10],
    [3, 24, 26, 2],
    [19, 88, 170, 18],
    [0, 19, 39, 1],
    [5, 44, 71, 4],
    [14, 149, 128, 4],
    [4, 36, 51, 5],
    [8, 75, 59, 4],
    [35, 355, 300, 34],
    [16, 111, 147, 16],
    [2, 97, 143, 15],
    [28, 64, 86, 8],
    [4, 88, 72, 11],
    [4, 44, 56, 2],
    [6, 84, 153, 7],
    [18, 79, 67, 9],
    [17, 90, 34, 8],
    [3, 188, 186, 34],
    [13, 66, 39, 3],
    [17, 183, 234, 15],
    [20, 211, 272, 28],
    [20, 235, 263, 22],
    [6, 110, 258, 13],
    [22, 135, 193, 25],
    [3, 18, 44, 3],
    [2, 21, 53, 1],
    [5, 39, 147, 9],
    [8, 92, 38, 12],
    [16, 148, 234, 16],
    [27, 191, 219, 16],
    [16, 199, 230, 16],
    [18, 247, 273, 15],
    [5, 32, 151, 5],
    [7, 18, 28, 5],
    [5, 49, 81, 11],
    [17, 67, 83, 2],
    [5, 91, 147, 9],
    [28, 112, 135, 15],
    [1, 21, 102, 1],
    [1, 17, 68, 3],
    [21, 102, 91, 10],
    [5, 43, 65, 4],
    [5, 33, 39, 5],
    [33, 169, 193, 13],
    [2, 17, 16, 0],
    [106, 461, 560, 55],
    [19, 66, 35, 5],
    [1, 10, 46, 1],
    [2, 39, 90, 4],
    [41, 405, 333, 30],
    [83, 775, 522, 72],
    [54, 445, 375, 40],
    [4, 22, 72, 1],
    [22, 131, 63, 18],
    [4, 8, 27, 1],
    [18, 163, 190, 11],
    [1, 10, 44, 7],
    [3, 32, 88, 4],
    [31, 113, 86, 9],
    [24, 92, 29, 22],
    [5, 39, 62, 5],
    [13, 142, 335, 18],
    [32, 137, 96, 10],
    [18, 61, 26, 7],
    [10, 40, 21, 4],
    [8, 37, 58, 4],
    [12, 77, 122, 9],
    [6, 60, 78, 10],
    [9, 151, 124, 14],
    [2, 43, 49, 11],
    [11, 42, 65, 8],
    [25, 104, 126, 10],
    [21, 187, 130, 10],
    [5, 59, 116, 7],
    [1, 8, 36, 2],
    [11, 195, 144, 26],
    [8, 22, 18, 7],
    [1, 64, 56, 5],
    [2, 5, 19, 0],
    [1, 25, 36, 1],
    [8, 41, 75, 4],
    [10, 48, 37, 5],
    [10, 37, 31, 3],
    [33, 175, 104, 29],
    [61, 245, 160, 57],
    [7, 42, 36, 6],
    [13, 100, 135, 14],
    [29, 179, 196, 19],
    [4, 39, 45, 8],
    [21, 112, 120, 16],
    [15, 83, 113, 8],
    [59, 211, 238, 23],
    [10, 83, 56, 7],
    [3, 26, 75, 2],
    [74, 473, 670, 39],
    [4, 141, 59, 7],
    [12, 372, 221, 27],
    [21, 365, 221, 23],
    [13, 394, 150, 19],
    [3, 219, 88, 11],
    [8, 24, 95, 8],
    [4, 152, 100, 35],
    [233, 1412, 1587, 144],
    [42, 170, 158, 24],
    [202, 674, 662, 127],
    [34, 134, 125, 10]
  ],
  "W": [
    [4, 28, 99, 0, 6],
    [34, 95, 193, 5, 32],
    [8, 27, 41, 6, 5],
    [5, 15, 42, 0, 11],
    [8, 13, 34, 1, 6],
    [10, 30, 25, 2, 5],
    [11, 74, 48, 7, 18],
    [5, 12, 26, 4, 8],
    [22, 75, 168, 6, 24],
    [1, 15, 36, 5, 2],
    [5, 42, 67, 3, 7],
    [29, 110, 115, 17, 24],
    [11, 24, 48, 7, 6],
    [6, 71, 46, 8, 15],
    [40, 302, 268, 40, 74],
    [44, 70, 143, 8, 25],
    [8, 88, 128, 9, 24],
    [39, 52, 80, 4, 11],
    [7, 81, 60, 12, 15],
    [6, 28, 65, 0, 7],
    [14, 64, 149, 7, 16],
    [36, 51, 68, 6, 12],
    [32, 60, 27, 10, 20],
    [7, 169, 167, 29, 39],
    [10, 68, 32, 4, 7],
    [18, 169, 206, 22, 34],
    [20, 179, 262, 22, 48],
    [23, 208, 230, 21, 58],
    [15, 94, 248, 7, 23],
    [30, 119, 185, 11, 30],
    [5, 12, 45, 1, 5],
    [0, 14, 53, 4, 6],
    [6, 27, 135, 10, 22],
    [12, 77, 35, 6, 20],
    [19, 125, 205, 20, 45],
    [46, 128, 215, 22, 42],
    [28, 143, 226, 36, 28],
    [43, 191, 253, 25, 41],
    [5, 25, 143, 3, 17],
    [10, 14, 23, 5, 6],
    [10, 35, 69, 11, 21],
    [16, 55, 88, 4, 6],
    [12, 75, 129, 8, 28],
    [39, 73, 141, 12, 25],
    [6, 10, 99, 1, 9],
    [4, 8, 66, 2, 9],
    [24, 81, 81, 15, 23],
    [15, 30, 56, 1, 15],
    [5, 24, 40, 3, 10],
    [67, 121, 181, 8, 31],
    [5, 11, 17, 0, 2],
    [175, 350, 545, 27, 85],
    [38, 44, 40, 0, 3],
    [1, 4, 45, 2, 6],
    [6, 30, 80, 5, 14],
    [81, 306, 349, 17, 56],
    [154, 613, 509, 70, 106],
    [94, 348, 386, 44, 42],
    [2, 15, 75, 2, 5],
    [63, 89, 65, 7, 10],
    [5, 6, 28, 0, 1],
    [31, 118, 196, 9, 28],
    [1, 11, 38, 0, 12],
    [7, 27, 84, 6, 3],
    [68, 68, 78, 11, 14],
    [82, 42, 30, 2, 11],
    [21, 27, 56, 4, 3],
    [15, 115, 316, 21, 41],
    [82, 81, 92, 6, 14],
    [40, 36, 21, 9, 6],
    [22, 25, 19, 1, 8],
    [19, 24, 51, 1, 12],
    [22, 62, 113, 4, 19],
    [10, 37, 78, 8, 21],
    [15, 124, 119, 15, 25],
    [3, 44, 49, 3, 6],
    [11, 36, 58, 1, 20],
    [26, 84, 123, 5, 27],
    [40, 136, 141, 16, 15],
    [9, 46, 111, 11, 10],
    [2, 10, 29, 2, 4],
    [13, 176, 124, 32, 31],
    [9, 22, 15, 4, 5],
    [9, 37, 53, 12, 15],
    [2, 4, 20, 0, 0],
    [4, 21, 29, 1, 8],
    [20, 24, 72, 2, 10],
    [22, 27, 40, 3, 8],
    [21, 18, 32, 0, 10],
    [54, 136, 107, 16, 28],
    [130, 185, 168, 11, 29],
    [16, 26, 38, 3, 8],
    [15, 75, 134, 15, 23],
    [71, 118, 190, 13, 31],
    [7, 38, 32, 4, 15],
    [34, 90, 119, 6, 20],
    [36, 62, 101, 6, 14],
    [98, 145, 236, 13, 39],
    [15, 61, 54, 8, 18],
    [8, 19, 71, 0, 8],
    [88, 377, 642, 43, 106],
    [8, 125, 58, 9, 11],
    [25, 282, 237, 33, 55],
    [37, 283, 222, 35, 53],
    [25, 327, 142, 36, 46],
    [5, 187, 96, 16, 17],
    [8, 16, 84, 9, 18],
    [9, 142, 115, 8, 17],
    [466, 1020, 1402, 113, 375],
    [57, 131, 151, 24, 31],
    [281, 506, 675, 43, 160],
    [72, 80, 126, 1, 24]
  ],
  "method": "mvn_pdf",
  "cond_prob": [
    [
      [0, 0.68351958875, 0.23256121336, 0.08391919789],
      [0, 0.88792379668, 0.067539507883, 0.044536695434],
      [0, 0.025532307421, 0.97311360571, 0.0013540868728],
      [0.00025580873845, 0.5726995001, 0.40927761483, 0.017767076333],
      [0, 0.14605948387, 0.80673366015, 0.04720685598]
    ],
    [
      [0.38348324812, 0.53194304975, 0.0093369320256, 0.075236770107],
      [0.012480388847, 0.88976029899, 0.045631934076, 0.052127378091],
      [0.0036994441354, 0.04748287011, 0.9428133057, 0.0060043800556],
      [0.00067615217853, 0.64564280324, 0.33044092048, 0.023240124105],
      [0.033079973264, 0.18732187367, 0.71038556161, 0.069212591452]
    ],
    [
      [0.39924762516, 0.54748640766, 0.0093455246782, 0.0439204425],
      [0.011712987363, 0.91598951084, 0.058502653418, 0.013794848378],
      [0.0080973480759, 0.049664732104, 0.94223791982, 0],
      [0.00062823038095, 0.65311667927, 0.33300573334, 0.013249357015],
      [0.030801537296, 0.18668757084, 0.74317500952, 0.039335882341]
    ],
    [
      [0.2, 0.69203691789, 0.048240812854, 0.059722269253],
      [0, 0.91316678723, 0.06972243228, 0.017110780491],
      [0, 0.044277185207, 0.95572281479, 0],
      [0.00029843448983, 0.63298755463, 0.35289820053, 0.013815810354],
      [0, 0.18024289304, 0.77932738456, 0.040429722398]
    ],
    [
      [0.38172813647, 0.53754273228, 0.0040558010335, 0.076673330222],
      [0.011384044088, 0.91616399667, 0.019868513967, 0.052583445278],
      [0.014769558423, 0.093301713415, 0.86327117849, 0.028657549672],
      [0.00073909776137, 0.79573692524, 0.17544377248, 0.028080204513],
      [0.04921304183, 0.30358850062, 0.53043317817, 0.11676527938]
    ],
    [
      [0.55731341484, 0.39867408064, 0.0042494230936, 0.039763081418],
      [0.023685312316, 0.9177306844, 0.024090761944, 0.034493241344],
      [0.013453016529, 0.071012144956, 0.90719096244, 0.0083438760762],
      [0.0013261309859, 0.74361879668, 0.23638235792, 0.018672714418],
      [0.075465761377, 0.24375948888, 0.61644882679, 0.064325922954]
    ],
    [
      [0.49547186133, 0.41989526288, 0.0039770661901, 0.080655809596],
      [0.021016652959, 0.88223349037, 0.021415861649, 0.075333995027],
      [0.014631060954, 0.086511492322, 0.87954270779, 0.019314738929],
      [0.0012121713301, 0.75409951719, 0.20806397558, 0.036624335898],
      [0.071322282295, 0.25914586497, 0.53872115037, 0.13081070236]
    ],
    [
      [0.36890063597, 0.57976915903, 0.0029751031338, 0.048355101871],
      [0.010072091426, 0.94442014047, 0.013845430598, 0.031662337505],
      [0.022576261268, 0.12267269289, 0.83180328271, 0.022947763132],
      [0.00068122416814, 0.85552429181, 0.12610477445, 0.017689709566],
      [0.055615504175, 0.3945656671, 0.46095935861, 0.088859470112]
    ],
    [
      [0.56803250655, 0.32284268443, 0.0046200501659, 0.10450475885],
      [0.02748331904, 0.82738298042, 0.03447748737, 0.11065621317],
      [0.015155016082, 0.061662679752, 0.90370504624, 0.019477257925],
      [0.001650569918, 0.66658924192, 0.27712261354, 0.054637574624],
      [0.078587075273, 0.18686965672, 0.57614016225, 0.15840310576]
    ],
    [
      [0, 0.73256011581, 0.17113162444, 0.096308259754],
      [0, 0.90732864452, 0.055357579348, 0.037313776133],
      [0, 0.034657354782, 0.96044453147, 0.0048981137458],
      [0, 0.61653397881, 0.3676844988, 0.015781522394],
      [0, 0.16358777509, 0.79203952919, 0.044372695717]
    ],
    [
      [0.56672219829, 0.36792795006, 0.0069651967324, 0.058384654918],
      [0.022372977666, 0.87324233807, 0.047589809604, 0.056794874659],
      [0.012456296046, 0.03636094353, 0.93984607447, 0.011336685952],
      [0.0011996906729, 0.62623796795, 0.34749289512, 0.025069446247],
      [0.055507577075, 0.16704070433, 0.70774804828, 0.069703670314]
    ],
    [
      [0.36697179928, 0.58235103896, 0.0064438122052, 0.044233349559],
      [0.011343584182, 0.94091057953, 0.036802926737, 0.010942909547],
      [0.0096945263032, 0.08310638551, 0.90719908819, 0],
      [0.00067831347049, 0.74466481079, 0.24025092252, 0.014405953224],
      [0.040984237798, 0.26646333352, 0.63969361169, 0.052858816991]
    ],
    [
      [0.31525460048, 0.56223782181, 0.0078217314347, 0.11468584628],
      [0.0091421351914, 0.88187953932, 0.035673529886, 0.073304795603],
      [0.0030240248595, 0.054793462204, 0.91994798189, 0.022234531046],
      [0.00053003372986, 0.68312923046, 0.28149536681, 0.034845368998],
      [0.027320786792, 0.2063807029, 0.65497092309, 0.11132758721]
    ],
    [
      [0.65361261108, 0.30562699073, 0.0052617111419, 0.035498687047],
      [0.030289966551, 0.88698456086, 0.047433718597, 0.035291753996],
      [0.014301023724, 0.050022532844, 0.92889657874, 0.0067798646928],
      [0.0017632381776, 0.65093078223, 0.3281135113, 0.019192468289],
      [0.083718914114, 0.17879009774, 0.68309900003, 0.054391988121]
    ],
    [
      [0.49836997351, 0.42774263459, 0.0047165805718, 0.069170811326],
      [0.020016404948, 0.89092350155, 0.028284077728, 0.060776015777],
      [0.013995986096, 0.079256283762, 0.89188667012, 0.014861060019],
      [0.0012468485262, 0.73381740468, 0.23468196636, 0.03025378043],
      [0.070533088517, 0.24645968802, 0.57914377103, 0.10386345243]
    ],
    [
      [0.3179147789, 0.56751158293, 0.0061776932613, 0.10839594491],
      [0.0097805841256, 0.89142013973, 0.02836251429, 0.070436761856],
      [0.0032062745426, 0.080551729396, 0.8960528858, 0.020189110264],
      [0.00059908759446, 0.73177216912, 0.23215386551, 0.035474877775],
      [0.034552755178, 0.25028023653, 0.59000047612, 0.12516653217]
    ],
    [
      [0.24612093549, 0.58819931864, 0.010089241737, 0.15559050413],
      [0, 0.85661191063, 0.048717697596, 0.094670391777],
      [0, 0.051727435322, 0.93241312773, 0.01585943695],
      [0.00038443913551, 0.63749295484, 0.31938432443, 0.042738281596],
      [0.0011488568286, 0.18975037504, 0.68369955869, 0.12540120944]
    ],
    [
      [0.63041325825, 0.30605854517, 0.0055940897104, 0.057934106868],
      [0.033426823762, 0.85427689559, 0.045568437134, 0.066727843516],
      [0.0096102866263, 0.041341936235, 0.93343670668, 0.015611070459],
      [0.0018351938113, 0.62891411472, 0.33907881964, 0.030171871829],
      [0.081774944294, 0.1653006191, 0.67100181431, 0.081922622294]
    ],
    [
      [0.3439309175, 0.52603800369, 0.0080474888092, 0.12198359],
      [0.010040007109, 0.86490683808, 0.038697135495, 0.086356019319],
      [0.0053672554626, 0.05638249441, 0.92310012913, 0.015150120999],
      [0.00060125350135, 0.66307434245, 0.29742467007, 0.038899733983],
      [0.029999508793, 0.19469588773, 0.65693972099, 0.1183648825]
    ],
    [
      [0.33929257114, 0.62103974989, 0.0024421357209, 0.037225543251],
      [0.0092901520195, 0.95646822679, 0.010835091523, 0.023406529666],
      [0.019895271929, 0.15754917282, 0.81329411173, 0.0092614435245],
      [0.00064176735364, 0.88612695848, 0.099874736372, 0.013356537791],
      [0.058703948741, 0.46456498818, 0.40254962297, 0.074181440109]
    ],
    [
      [0.32411549112, 0.59019188303, 0.0082105766704, 0.077482049179],
      [0.0094907398446, 0.90476926333, 0.036700257688, 0.049039739136],
      [0.0025452002448, 0.063200038783, 0.92490701812, 0.0093477428474],
      [0.00054459861144, 0.69454005241, 0.28177890292, 0.023136446058],
      [0.029495546723, 0.22209341492, 0.67203983835, 0.076371200008]
    ],
    [
      [0.42885876731, 0.49135022735, 0.0038021574384, 0.075988847896],
      [0.015229213204, 0.906483932, 0.020467009354, 0.057819845442],
      [0.014872676428, 0.098965988659, 0.86171647426, 0.024444860651],
      [0.00098905532219, 0.78966011921, 0.17845692011, 0.030893905359],
      [0.063926514522, 0.30108861161, 0.51265359039, 0.12233128348]
    ],
    [
      [0.43661607155, 0.49930251165, 0.0029265601502, 0.06115485665],
      [0.017545399781, 0.91808253481, 0.014386931692, 0.049985133718],
      [0.017135136682, 0.13111275131, 0.83302708199, 0.018725030015],
      [0.0010385394906, 0.83130644542, 0.14187071084, 0.025784304258],
      [0.075126381905, 0.35421293996, 0.45663479258, 0.11402588556]
    ],
    [
      [0.238954712, 0.54680354519, 0.0068572323194, 0.20738451049],
      [0, 0.85377557423, 0.042740474635, 0.10348395114],
      [0.0026509029256, 0.071238385274, 0.89570676394, 0.030403947863],
      [0.0004347428484, 0.6842523199, 0.2494015626, 0.065911374648],
      [0.022359197046, 0.20882501338, 0.56187651967, 0.20693926991]
    ],
    [
      [0.81638357522, 0.1622423563, 0.0029233436938, 0.018450724785],
      [0.040071328114, 0.87207802624, 0.055081485984, 0.032769159661],
      [0.029415750906, 0.04532998834, 0.91923720771, 0.0060170530445],
      [0.0039191314586, 0.63676949294, 0.34092541452, 0.018385961077],
      [0.16490476875, 0.15409043627, 0.6351333159, 0.045871479071]
    ],
    [
      [0.52438292691, 0.40435546791, 0.0078001646276, 0.06346144055],
      [0.021625511182, 0.87244683936, 0.049123137772, 0.056804511684],
      [0.01004387016, 0.042502643149, 0.94096509906, 0.0064883876355],
      [0.0011536371577, 0.62388891191, 0.3500190747, 0.024938376235],
      [0.053293489865, 0.17049956397, 0.70642813836, 0.069778807807]
    ],
    [
      [0.48640761091, 0.41838646131, 0.0048670376688, 0.09033889011],
      [0.019574036033, 0.87261488811, 0.029635882032, 0.078175193829],
      [0.013774030754, 0.074672620813, 0.89214256181, 0.019410786624],
      [0.0011998482698, 0.71743470443, 0.24194444278, 0.039421004526],
      [0.065268804426, 0.23096699276, 0.57361890475, 0.13014529807]
    ],
    [
      [0.4676623515, 0.45369053364, 0.0065867144102, 0.072060400453],
      [0.017710914733, 0.88626337626, 0.037588393456, 0.058437315554],
      [0.01078910983, 0.059638330245, 0.91839073795, 0.011181821975],
      [0.0010185073016, 0.68329702597, 0.28803215985, 0.027652306876],
      [0.052707098912, 0.20959106833, 0.65088921801, 0.086812614753]
    ],
    [
      [0.31744503374, 0.5661338319, 0.010518909157, 0.10590222521],
      [0.0071933997895, 0.87526695349, 0.047554347892, 0.069985298831],
      [0, 0.04331542722, 0.94609546498, 0.010589107798],
      [0.0005097127741, 0.62921455357, 0.34036407568, 0.029911657978],
      [0.02428595323, 0.17765961166, 0.7112123398, 0.086842095307]
    ],
    [
      [0.50106552716, 0.37396669317, 0.0054092765058, 0.11955850316],
      [0.021486695402, 0.83303457179, 0.035171709276, 0.11030702354],
      [0.013764231237, 0.062931184147, 0.90743100357, 0.015873581042],
      [0.0012789874256, 0.66502698481, 0.27971194985, 0.053982077911],
      [0.061688859723, 0.1897439754, 0.59002403972, 0.15854312516]
    ],
    [
      [0.41794043011, 0.48471801051, 0.0055668855187, 0.091774673859],
      [0.012678927168, 0.89058262513, 0.02921171468, 0.06752673302],
      [0.01202903434, 0.066978449172, 0.89632789998, 0.02466461651],
      [0.00077138871166, 0.72288440626, 0.24265083028, 0.03369337475],
      [0.04321455788, 0.23050076537, 0.60884373339, 0.11744094335]
    ],
    [
      [0.67708084494, 0.2948748721, 0.0036062966585, 0.024437986301],
      [0.022717480185, 0.91634676617, 0.030508820552, 0.030426933088],
      [0.022288868716, 0.07189027084, 0.90202232291, 0.0037985375319],
      [0.0013609497308, 0.73456374538, 0.24893476459, 0.015140540298],
      [0.082533572759, 0.23711765625, 0.62832572326, 0.05202304773]
    ],
    [
      [0.44529047008, 0.42048285915, 0.0085355177709, 0.125691153],
      [0.01597489121, 0.83292007313, 0.048973475741, 0.10213155992],
      [0.0077735061462, 0.033828246545, 0.94097976642, 0.017418480892],
      [0.00086095028322, 0.60017059171, 0.35381011593, 0.04515834208],
      [0.038131922014, 0.15544280318, 0.68436970104, 0.12205557377]
    ],
    [
      [0.39823159546, 0.49994929392, 0.0025927233423, 0.099226387274],
      [0.016821692307, 0.89506352146, 0.013887067806, 0.074227718427],
      [0.016819777568, 0.14432698098, 0.80554784713, 0.03330539433],
      [0.00092102896401, 0.83245265565, 0.12492563434, 0.041700681048],
      [0.066586607911, 0.35172785262, 0.39779273217, 0.1838928073]
    ],
    [
      [0.48841184861, 0.4288237797, 0.0074458262597, 0.075318545423],
      [0.01906738369, 0.87313232032, 0.044237672368, 0.063562623624],
      [0.0099767478203, 0.04669368875, 0.93226250803, 0.011067055399],
      [0.0010506695575, 0.64480997286, 0.32532119863, 0.028818158953],
      [0.050455671573, 0.18316449989, 0.68241293636, 0.083966892178]
    ],
    [
      [0.42538610727, 0.50809507416, 0.0044304178587, 0.06208840071],
      [0.014975304662, 0.91530234961, 0.023326602938, 0.046395742793],
      [0.0137076048, 0.097536143412, 0.87609544781, 0.012660803982],
      [0.00094907945584, 0.77798273836, 0.19686633413, 0.024201848057],
      [0.060652030682, 0.29483416099, 0.55044797555, 0.094065832773]
    ],
    [
      [0.38193712283, 0.53954509125, 0.005496763562, 0.073021022364],
      [0.012515284271, 0.90936234403, 0.027075326208, 0.051047045491],
      [0.0096499106937, 0.085228404875, 0.89159326796, 0.013528416471],
      [0.00077102522248, 0.75117146215, 0.22218364771, 0.025873864909],
      [0.046694220902, 0.26964750391, 0.58841532485, 0.095242950335]
    ],
    [
      [0.32836974714, 0.59757920956, 0.0076055714519, 0.066445471852],
      [0.0098741855884, 0.9139059193, 0.034028183342, 0.042191711767],
      [0.0025329601457, 0.075130031244, 0.91950816626, 0.0028288423555],
      [0.00057614204851, 0.71471502728, 0.26445207699, 0.020256753687],
      [0.032655828232, 0.24078755648, 0.65674901029, 0.069807604992]
    ],
    [
      [0.50676864188, 0.40571708571, 0.0088097433913, 0.078704529019],
      [0.018950195104, 0.85895008831, 0.053847457903, 0.06825225868],
      [0.0087331483613, 0.028691521868, 0.95220097015, 0.010374359616],
      [0.00098273353436, 0.5950073067, 0.37491544938, 0.029094510389],
      [0.043565499808, 0.15351487155, 0.72472233854, 0.078197290099]
    ],
    [
      [0.58770711193, 0.27929498962, 0.0058646294671, 0.12713326898],
      [0.027456448039, 0.7819938815, 0.047355172587, 0.14319449787],
      [0.016305416191, 0.026940298506, 0.93691252814, 0.019841757163],
      [0.0014970797423, 0.5715817387, 0.36300543017, 0.063915751388],
      [0.059338106166, 0.13026670061, 0.65239433185, 0.15800086138]
    ],
    [
      [0.34756838722, 0.47830577577, 0.0073375440888, 0.16678829292],
      [0.011256671868, 0.83253289784, 0.037117043993, 0.1190933863],
      [0.0066783187177, 0.05906116929, 0.91973391889, 0.014526593097],
      [0.00065769780028, 0.65067501022, 0.29164257107, 0.057024720909],
      [0.03153780691, 0.18312595355, 0.6170390159, 0.16829722364]
    ],
    [
      [0.73856259163, 0.2390858107, 0.0022754921918, 0.020076105478],
      [0.049017023487, 0.89529893864, 0.032342524543, 0.023341513328],
      [0.016185552946, 0.10642032883, 0.87739411822, 0],
      [0.0031280280492, 0.76795920955, 0.21255661246, 0.016356149939],
      [0.17503691179, 0.24939327132, 0.52064073696, 0.054929079922]
    ],
    [
      [0.3151033959, 0.58527927838, 0.0098325612596, 0.089784764462],
      [0.0068077270655, 0.89072049343, 0.044768036749, 0.057703742758],
      [0, 0.050727439687, 0.9397977115, 0.0094748488112],
      [0.0005037528844, 0.65356836837, 0.32046571507, 0.025462163674],
      [0.025148203438, 0.19286517806, 0.70452771444, 0.077458904056]
    ],
    [
      [0.54513288613, 0.38310120451, 0.0028503173874, 0.06891559198],
      [0.02436373489, 0.89008320718, 0.01931780604, 0.066235251888],
      [0.017121242264, 0.10828725662, 0.84908225325, 0.025509247865],
      [0.0016140689669, 0.79148443474, 0.17079260269, 0.036108893601],
      [0.10111203229, 0.29266649998, 0.46834115362, 0.13788031411]
    ],
    [
      [0.16661566501, 0.69952534883, 0.07438179929, 0.059477186868],
      [0, 0.91844218384, 0.059018798735, 0.022539017425],
      [0, 0.052152849849, 0.94784715015, 0],
      [0.0003060099216, 0.66254784813, 0.32292115992, 0.014224982028],
      [0, 0.19919400949, 0.75597024356, 0.044835746946]
    ],
    [
      [0.2370787277, 0.64622724214, 0.0090439439022, 0.10765008626],
      [0.0059813407869, 0.89760453468, 0.036226450574, 0.06018767396],
      [0, 0.059739927899, 0.92489326694, 0.015366805158],
      [0.00034637436399, 0.68861070242, 0.28254565689, 0.028497266328],
      [0.00034906824287, 0.21268867865, 0.67399618753, 0.11296606558]
    ],
    [
      [0.6254373696, 0.32046196686, 0.0035518036238, 0.050548859918],
      [0.021128881595, 0.88616379806, 0.030998886043, 0.061708434301],
      [0.021709116245, 0.07621261712, 0.88811136905, 0.013966897587],
      [0.0019954478191, 0.73236412185, 0.2363299459, 0.029310484433],
      [0.10824754727, 0.23352005817, 0.56182073314, 0.096411661416]
    ],
    [
      [0.30188946235, 0.61285264943, 0.0095882629796, 0.075669625243],
      [0.0037809700734, 0.90454055206, 0.044231640427, 0.047446837436],
      [0, 0.053445845829, 0.93869978537, 0.0078543688012],
      [0.0004681724207, 0.66902068442, 0.30960726166, 0.020903881503],
      [0.023850719345, 0.20060037639, 0.71016210667, 0.065386797595]
    ],
    [
      [0.54553365052, 0.37945668415, 0.0025879923146, 0.072421673017],
      [0.020830617148, 0.89267830695, 0.017384253674, 0.069106822232],
      [0.021131741242, 0.10653193191, 0.83901591544, 0.03332041141],
      [0.0013939756066, 0.80336815875, 0.15717792534, 0.038059940309],
      [0.092294535937, 0.30070554598, 0.45376675568, 0.1532331624]
    ],
    [
      [0.41942181554, 0.51162022953, 0.0067309403744, 0.062227014554],
      [0.014565687252, 0.90495545912, 0.034824199447, 0.045654654183],
      [0.0093457279353, 0.068822020948, 0.91700779015, 0.0048244609709],
      [0.00084813200917, 0.70641699178, 0.27085049935, 0.021884376861],
      [0.046384786745, 0.22947459168, 0.6512930597, 0.072847561873]
    ],
    [
      [0.29294956102, 0.7034494154, 0.0036010235775, 0],
      [0.0082854618003, 0.97715169055, 0.014562847648, 0],
      [0.017446474008, 0.11525419376, 0.86729933223, 0],
      [0.00046385242171, 0.85790841487, 0.13412691916, 0.0075008135448],
      [0.073761028477, 0.38738151652, 0.538857455, 0]
    ],
    [
      [0.49401807276, 0.4245830138, 0.0052016211087, 0.076197292334],
      [0.020372036048, 0.88214669504, 0.031641531991, 0.065839736916],
      [0.012386083921, 0.071951372259, 0.89982203142, 0.015840512397],
      [0.0012271894302, 0.71278976621, 0.25334660907, 0.032636435284],
      [0.066271468223, 0.22926832648, 0.59731546516, 0.10714474014]
    ],
    [
      [0.45207732026, 0.49118998967, 0.0024846187699, 0.0542480713],
      [0.018039571626, 0.92213620269, 0.016983148837, 0.042841076847],
      [0.01938569482, 0.14083708872, 0.82163712663, 0.018140089828],
      [0.0011169092357, 0.84948346618, 0.125708234, 0.023691390588],
      [0.083964295277, 0.37576797504, 0.43094695762, 0.10932077206]
    ],
    [
      [0.36826446228, 0.57007713666, 0.0074358051656, 0.054222595894],
      [0.0084955604448, 0.9236639909, 0.033429047582, 0.034411401071],
      [0.0093938328339, 0.064984983634, 0.9162520277, 0.0093691558347],
      [0.00050129821048, 0.71606715679, 0.26673783498, 0.016693710018],
      [0.029004703666, 0.2298013871, 0.68233851469, 0.058855394537]
    ],
    [
      [0.29252796703, 0.60534755614, 0.011587533189, 0.090536943642],
      [0, 0.88831041135, 0.053528776253, 0.058160812394],
      [0, 0.039632594476, 0.9523828047, 0.0079846008199],
      [0.00041863730701, 0.62461628663, 0.3513827767, 0.023582299357],
      [0.017338500806, 0.17320809509, 0.7412195181, 0.068233885997]
    ],
    [
      [0.36608676884, 0.56549821872, 0.0037423615708, 0.064672650864],
      [0.011860136553, 0.92617740683, 0.017936609552, 0.044025847068],
      [0.013096413079, 0.12134102066, 0.85105302652, 0.014509539741],
      [0.00078126742224, 0.81835121216, 0.15700198541, 0.023865535001],
      [0.055961432637, 0.34864948175, 0.4914593961, 0.10392968951]
    ],
    [
      [0.40044829746, 0.51654323122, 0.0041871316925, 0.078821339627],
      [0.014239395364, 0.90553305238, 0.022227421065, 0.058000131194],
      [0.012507420535, 0.10500641085, 0.86391654864, 0.018569619968],
      [0.00090097408312, 0.78426658911, 0.1842891914, 0.030543245408],
      [0.05823459995, 0.30201563135, 0.51977364103, 0.11997612767]
    ],
    [
      [0.43096421948, 0.49036375049, 0.0042135955135, 0.07445843451],
      [0.015715792075, 0.90444203906, 0.022747753417, 0.057094415449],
      [0.013783136754, 0.09801214993, 0.87010908088, 0.018095632439],
      [0.0010047035667, 0.77563990036, 0.19332150422, 0.030033891858],
      [0.063232618636, 0.29045553267, 0.53141553401, 0.11489631469]
    ],
    [
      [0.71652339403, 0.25829066158, 0.0032661961411, 0.021919748251],
      [0.033537268823, 0.90353666334, 0.031956267222, 0.030969800618],
      [0.019997264639, 0.071609283158, 0.90557947534, 0.0028139768647],
      [0.0020004992767, 0.72329038604, 0.25934658231, 0.015362532372],
      [0.11201966663, 0.22261834356, 0.61539395688, 0.049968032928]
    ],
    [
      [0.32200981495, 0.55720386738, 0.0038700952358, 0.11691622244],
      [0.0068923436774, 0.8969574984, 0.019375109442, 0.076775048479],
      [0.010018254878, 0.11365829358, 0.84869144944, 0.027632002102],
      [0.00067379693425, 0.79556963239, 0.16143892258, 0.042317648092],
      [0.044405992528, 0.31101624882, 0.47367825879, 0.17089949986]
    ],
    [
      [0.68767216547, 0.27161323955, 0.0044291774439, 0.036285417538],
      [0.029930420931, 0.8836969381, 0.040285164707, 0.046087476265],
      [0.010881100921, 0.04185837874, 0.93006252694, 0.017197993398],
      [0.0016624370928, 0.65497354448, 0.32202979994, 0.021334218489],
      [0.077385821296, 0.16771756895, 0.69439237018, 0.060504239576]
    ],
    [
      [0.395026649, 0.5439795008, 0.0042958236688, 0.05669802653],
      [0.01304931972, 0.92561893193, 0.02134663601, 0.039985112344],
      [0.013396362957, 0.10638743573, 0.87047305241, 0.0097431488997],
      [0.00083659366691, 0.79571678975, 0.18234472416, 0.021101892419],
      [0.056469202549, 0.3178647499, 0.53907520095, 0.086590846604]
    ],
    [
      [0.29706090628, 0.30330952067, 0.0075841797404, 0.39204539331],
      [0.009436053265, 0.62700871039, 0.044016655541, 0.3195385808],
      [0.0041004816783, 0.032928828233, 0.96297069009, 0],
      [0.00056013434135, 0.49123767371, 0.35632222057, 0.15187997138],
      [0.036943683669, 0.12902493268, 0.5762788655, 0.25775251816]
    ],
    [
      [0.3663749886, 0.51467872118, 0.01303288574, 0.10591340448],
      [0.010877693416, 0.85459731119, 0.062750122493, 0.0717748729],
      [0.00086360584836, 0.01890888995, 0.96915732709, 0.011070177112],
      [0.00053032879351, 0.55502178133, 0.41578049527, 0.028667394613],
      [0.021984164519, 0.13488136862, 0.77020601512, 0.072928451745]
    ],
    [
      [0.41953367044, 0.51208140274, 0.0064463645001, 0.06193856232],
      [0.014544692272, 0.90666198358, 0.033399631871, 0.045393692276],
      [0.010454037297, 0.069423521875, 0.91462483404, 0.0054976067872],
      [0.00085369146294, 0.71342232839, 0.26378556558, 0.021938414576],
      [0.046990415755, 0.23305495796, 0.64629242644, 0.073662199839]
    ],
    [
      [0.27821108297, 0.57046309458, 0.012398770104, 0.13892705234],
      [0.0089189057841, 0.85198235515, 0.012053980351, 0.12704475872],
      [0.011733362609, 0.14438478317, 0.78349477957, 0.060387074651],
      [0.00063261174549, 0.81093145694, 0.11451103702, 0.073924894301],
      [0.041711913765, 0.31685099265, 0.3402880196, 0.30114907398]
    ],
    [
      [0.23627819858, 0.60481667967, 0.034634592866, 0.12427052889],
      [0, 0.85284316128, 0.081444080218, 0.065712758504],
      [0, 0.015597065816, 0.97820998985, 0.0061929443319],
      [0.00032149157841, 0.51249737102, 0.46286192487, 0.024319212538],
      [0.012290621198, 0.11621973421, 0.81415875091, 0.057330893686]
    ],
    [
      [0.4500424894, 0.45263550234, 0.007948623164, 0.089373385092],
      [0.016586637999, 0.86790994896, 0.044474722145, 0.071028690895],
      [0.0080059412316, 0.045916814791, 0.93347596992, 0.012601274055],
      [0.00091356050986, 0.64054265677, 0.32637091097, 0.032172871743],
      [0.043727733882, 0.18145644069, 0.68131663365, 0.093499191776]
    ],
    [
      [0.36232167087, 0.56997375725, 0.0060744568516, 0.061630115034],
      [0.011502464072, 0.91868483502, 0.028657904698, 0.041154796205],
      [0.0083842710375, 0.083361028948, 0.90343850257, 0.0048161974416],
      [0.00069656928417, 0.74582178563, 0.23296221863, 0.020519426456],
      [0.041599360562, 0.26460963512, 0.6190349078, 0.074756096519]
    ],
    [
      [0.42397835857, 0.48113947024, 0.0041687960732, 0.090713375121],
      [0.014904102324, 0.89566604271, 0.028632633995, 0.060797220967],
      [0.0092618190534, 0.07154673973, 0.9055033788, 0.013688062419],
      [0.00090609324119, 0.73018720773, 0.23850255239, 0.030404146648],
      [0.050277489064, 0.23937954147, 0.60672990118, 0.10361306829]
    ],
    [
      [0.40213901057, 0.53033724659, 0.0034997020962, 0.064024040752],
      [0.017738337049, 0.91310646572, 0.011915565401, 0.057239631827],
      [0.012193476399, 0.10877364359, 0.86357075157, 0.015462128445],
      [0.00086663926476, 0.81541052773, 0.15898619908, 0.024736633924],
      [0.059617581311, 0.32785114702, 0.5072858675, 0.10524540418]
    ],
    [
      [0.37533247271, 0.54170942454, 0.0089467446634, 0.07401135808],
      [0.01168199822, 0.89518691883, 0.043042832536, 0.050088250417],
      [0.00414716366, 0.045183981983, 0.93984073724, 0.010828117115],
      [0.00064002241155, 0.65520403636, 0.32153669146, 0.022619249775],
      [0.031347474342, 0.18862064703, 0.71196413165, 0.068067746984]
    ],
    [
      [0.42801798963, 0.48109404949, 0.0077938489569, 0.083094111919],
      [0.014924431627, 0.88069218492, 0.041597336335, 0.062786047119],
      [0.0077257005, 0.04896906153, 0.92991014204, 0.01339509593],
      [0.00083315652023, 0.65834223677, 0.31198868977, 0.028835916942],
      [0.041155404456, 0.19190223927, 0.68008945582, 0.08685290045]
    ],
    [
      [0.34841530801, 0.53649210699, 0.0037367471923, 0.1113558378],
      [0.010841835009, 0.89480925893, 0.018093804271, 0.076255101794],
      [0.014088015152, 0.11054896191, 0.84774974171, 0.027613281228],
      [0.00072037471931, 0.79701269024, 0.16066753734, 0.041599397699],
      [0.048098611663, 0.31086741899, 0.47063531515, 0.1703986542]
    ],
    [
      [0.35420292114, 0.55687393712, 0.0048959605527, 0.084027181188],
      [0.011875444275, 0.90643429376, 0.021747120545, 0.059943141419],
      [0.0091221482814, 0.095871031283, 0.87820865496, 0.016798165477],
      [0.00070306744281, 0.77238471999, 0.19730386911, 0.02960834346],
      [0.044732777432, 0.29018459977, 0.5505411867, 0.1145414361]
    ],
    [
      [0.28376996171, 0.41463128309, 0.0052715313619, 0.29632722384],
      [0.0089242212885, 0.76267856372, 0.050286216447, 0.17811099854],
      [0.012196178832, 0.10707953885, 0.88072428232, 0],
      [0.00057753485403, 0.64494550979, 0.2402432547, 0.11423370066],
      [0.026113168476, 0.16941923566, 0.48256204742, 0.32190554845]
    ],
    [
      [0.63963102605, 0.28575484924, 0.0037538824002, 0.070860242305],
      [0.033437838797, 0.84825625487, 0.032152450204, 0.08615345613],
      [0.012917702706, 0.063273902834, 0.89819020927, 0.025618185187],
      [0.0020302037076, 0.69092919886, 0.26397122718, 0.043069370252],
      [0.1004519778, 0.19793279599, 0.57211078606, 0.12950444014]
    ],
    [
      [0.6531616903, 0.30105802307, 0.0029970883347, 0.042783198295],
      [0.036184778718, 0.88605895461, 0.025677410148, 0.052078856519],
      [0.012247421431, 0.091805582706, 0.88058128149, 0.015365714372],
      [0.002290785233, 0.75296052731, 0.21758137562, 0.027167311832],
      [0.12816251399, 0.24765370012, 0.53206550924, 0.09211827666]
    ],
    [
      [0.39465087442, 0.54994365318, 0.0032205029617, 0.052184969444],
      [0.013050146241, 0.93421049795, 0.015986753311, 0.036752602494],
      [0.017323433178, 0.13457169543, 0.83955554537, 0.0085493260133],
      [0.0008712443137, 0.83672613207, 0.14220273139, 0.02019989223],
      [0.065506743159, 0.37249326547, 0.46962705541, 0.092372935963]
    ],
    [
      [0.38589458872, 0.50795504053, 0.0085646320075, 0.097585738746],
      [0.012267100059, 0.87561809412, 0.042921396048, 0.069193409772],
      [0.0056167190061, 0.046467363479, 0.9330013633, 0.014914554212],
      [0.00067927100537, 0.64841772818, 0.31944318504, 0.031459815777],
      [0.033173430807, 0.18594999496, 0.68715077316, 0.093725801069]
    ],
    [
      [0.44110600242, 0.39688086821, 0.023970245976, 0.13804288339],
      [0.0070366392408, 0.62992956384, 0.23297635946, 0.13005743746],
      [0, 0, 0.99469872173, 0.0053012782709],
      [0.00039665882206, 0.33840780323, 0.63237458253, 0.028820955421],
      [0.011657071276, 0.057531754672, 0.87782095457, 0.052990219484]
    ],
    [
      [0.41609136397, 0.45800599087, 0.0058237547639, 0.1200788904],
      [0.016756199271, 0.8613685552, 0.032111572869, 0.089763672665],
      [0.0092607689259, 0.068552791066, 0.90137648782, 0.020809952186],
      [0.00090104085635, 0.69559330563, 0.25714737887, 0.046358274645],
      [0.0472436304, 0.21566208168, 0.58945979838, 0.14763448955]
    ],
    [
      [0.67832073768, 0.17878748526, 0.0026518485921, 0.14023992847],
      [0.045937569957, 0.75232632576, 0.055926913745, 0.14580919054],
      [0.022973571435, 0.048598468976, 0.88533274982, 0.043095209774],
      [0.0027074863033, 0.60886379772, 0.27196933256, 0.11645938342],
      [0.10581066102, 0.13506024808, 0.47557453656, 0.28355455434]
    ],
    [
      [0.11111111111, 0.75938608306, 0.01081503416, 0.11868777167],
      [0, 0.94027748934, 0.021063003666, 0.03865950699],
      [0, 0.12593156926, 0.85930376106, 0.014764669681],
      [0, 0.82752216814, 0.15156894483, 0.020908887033],
      [0, 0.38470793054, 0.51742712554, 0.097864943921]
    ],
    [
      [0.8117366137, 0.18530872567, 0.0029546606327, 0],
      [0.02791453257, 0.93308401945, 0.039001447982, 0],
      [0.013243432116, 0.044852323543, 0.94190424434, 0],
      [0.0015418336651, 0.66815342269, 0.322822795, 0.0074819486477],
      [0.075143601569, 0.16454578718, 0.74092837665, 0.019382234601]
    ],
    [
      [0.24928151918, 0.67879700843, 0.013309470868, 0.058612001518],
      [0, 0.91058832073, 0.067997147445, 0.021414531829],
      [0, 0.040705277023, 0.95929472298, 0],
      [0.00030728980511, 0.61864862147, 0.36753296827, 0.013511120461],
      [0.00032082918362, 0.17041944698, 0.7914677607, 0.037791963133]
    ],
    [
      [0.35375350726, 0.56810427597, 0.0078528689094, 0.070289347859],
      [0.010704459073, 0.9067934941, 0.036505828096, 0.045996218731],
      [0.0047140806026, 0.059780554467, 0.92529442557, 0.010210939361],
      [0.00061324018081, 0.69456924339, 0.28310868313, 0.021708833306],
      [0.032738255329, 0.21815322138, 0.67793867402, 0.071169849267]
    ],
    [
      [0.3816332505, 0.54886801813, 0.0026813040413, 0.066817427328],
      [0.012191343894, 0.92835095207, 0.013178908427, 0.046278795605],
      [0.018854025896, 0.13016669667, 0.82092796532, 0.030051312119],
      [0.00083396177767, 0.85215867721, 0.12095824763, 0.026049113383],
      [0.064779910338, 0.3870354996, 0.4231484285, 0.12503616157]
    ],
    [
      [0.39611284279, 0.55491836923, 0.0025682348571, 0.046400553117],
      [0.012619656032, 0.94254730186, 0.012643363848, 0.03218967826],
      [0.023536455539, 0.13401146088, 0.82577760186, 0.016674481724],
      [0.00086328882098, 0.86479015105, 0.11617743946, 0.018169120666],
      [0.070130991551, 0.40924960644, 0.42936032594, 0.091259076072]
    ],
    [
      [0.47491359372, 0.40778825854, 0.0025561088642, 0.11474203887],
      [0.019189678078, 0.87189041745, 0.024895013777, 0.08402489069],
      [0.02194914051, 0.12465708607, 0.81277179807, 0.040621975349],
      [0.0013477999018, 0.79681701259, 0.14491826047, 0.056916927034],
      [0.084812388838, 0.29696274478, 0.39967763166, 0.21854723472]
    ],
    [
      [0.39560860171, 0.41360982863, 0.0032197411601, 0.18756182851],
      [0.028885145505, 0.85761451121, 0.036710019533, 0.076790323754],
      [0.015074901791, 0.1029074223, 0.82802689745, 0.053990778458],
      [0.0010508580833, 0.74462870864, 0.16844944889, 0.085870984385],
      [0.05803403171, 0.24457499876, 0.40788335606, 0.28950761346]
    ],
    [
      [0.35509118891, 0.54488764119, 0.0031082263982, 0.096912943507],
      [0.011052683874, 0.90799812462, 0.015031227115, 0.065917964387],
      [0.015816608098, 0.11707681387, 0.83226722429, 0.03483935374],
      [0.00074907950876, 0.82550509973, 0.13706938943, 0.03667643133],
      [0.053486606318, 0.34355153433, 0.44026172264, 0.16270013671]
    ],
    [
      [0.50612626602, 0.40349366294, 0.0040203678771, 0.086359703167],
      [0.020595450969, 0.87649088336, 0.025416757473, 0.077496908201],
      [0.015907390718, 0.084434558295, 0.87676973808, 0.022888312904],
      [0.0013021709159, 0.7435754922, 0.21481903635, 0.040303300534],
      [0.074448881179, 0.24969198302, 0.535826401, 0.1400327348]
    ],
    [
      [0.35484492843, 0.55604203379, 0.0060230947931, 0.083089942983],
      [0.011367339692, 0.9039603421, 0.028646724125, 0.05602559408],
      [0.0062861675461, 0.080331072944, 0.8975587839, 0.015823975612],
      [0.00069256874209, 0.7384158331, 0.23280633997, 0.028085258187],
      [0.040686734516, 0.25778663043, 0.60094824073, 0.10057839432]
    ],
    [
      [0.40086622621, 0.43463033926, 0.010309165518, 0.15419426901],
      [0.01643536487, 0.80535442731, 0.062600759152, 0.11560944866],
      [0.0046493358243, 0.035743857004, 0.94490951228, 0.014697294893],
      [0.00068561030163, 0.55688640982, 0.39283089131, 0.049597088568],
      [0.027858090925, 0.13218468826, 0.71603860236, 0.12391861846]
    ],
    [
      [0.47802039541, 0.42449925449, 0.0044383641829, 0.093041985913],
      [0.018964745842, 0.8750069268, 0.026700620238, 0.079327707116],
      [0.014316083102, 0.080236577544, 0.88307967886, 0.022367660492],
      [0.0011866042956, 0.73434866431, 0.22364352258, 0.040821208808],
      [0.066487295769, 0.24310786106, 0.55088484381, 0.13951999935]
    ],
    [
      [0.37976825321, 0.52934846952, 0.011024516461, 0.07985876081],
      [0.012221974033, 0.87942297792, 0.053542878316, 0.054812169732],
      [0.0016793927319, 0.034863959301, 0.9565967482, 0.006859899764],
      [0.00062804506048, 0.60500706447, 0.37118156088, 0.023183329588],
