{
  "X": [
    [51, 435, 350, 68, 106],
    [10, 87, 92, 7, 16],
    [3, 12, 8, 1, 6],
    [2, 33, 91, 3, 3],
    [3, 38, 125, 16, 9],
    [25, 158, 612, 33, 59],
    [7, 45, 64, 7, 8],
    [0, 5, 12, 0, 3],
    [2, 9, 37, 2, 0],
    [43, 426, 309, 32, 84],
    [36, 403, 438, 28, 96],
    [52, 375, 701, 45, 82],
    [11, 115, 193, 16, 25],
    [1, 15, 10, 1, 6],
    [3, 11, 9, 1, 3],
    [13, 151, 287, 28, 29],
    [29, 363, 796, 30, 85],
    [0, 19, 27, 0, 3],
    [48, 533, 1096, 69, 102],
    [7, 51, 188, 9, 7],
    [4, 54, 176, 8, 19],
    [17, 139, 404, 20, 46],
    [17, 175, 324, 9, 26],
    [6, 136, 294, 27, 39],
    [6, 28, 7, 2, 1],
    [3, 12, 9, 0, 1],
    [1, 26, 24, 2, 3],
    [2, 15, 32, 1, 2],
    [3, 44, 160, 8, 7],
    [125, 1153, 1591, 76, 122],
    [57, 670, 1098, 57, 94],
    [27, 328, 276, 8, 28],
    [30, 187, 287, 10, 36],
    [6, 97, 54, 4, 12],
    [2, 47, 32, 2, 7],
    [0, 5, 2, 0, 0],
    [1, 22, 14, 1, 9],
    [11, 73, 124, 9, 18],
    [11, 71, 224, 26, 35],
    [1, 7, 10, 0, 2],
    [3, 19, 8, 0, 3],
    [1, 7, 51, 2, 8],
    [1, 5, 37, 2, 2],
    [31, 321, 238, 20, 64],
    [28, 356, 269, 33, 76],
    [14, 114, 84, 19, 12],
    [38, 266, 409, 20, 65],
    [8, 42, 71, 1, 10],
    [2, 6, 28, 0, 2],
    [6, 20, 78, 7, 12],
    [1, 5, 37, 1, 4],
    [6, 21, 92, 6, 10],
    [20, 167, 330, 29, 31],
    [0, 18, 73, 2, 4],
    [1, 23, 82, 4, 9],
    [1, 1, 2, 0, 2],
    [11, 95, 118, 7, 15],
    [10, 82, 90, 7, 20],
    [9, 82, 80, 8, 13],
    [1, 8, 13, 0, 1],
    [42, 341, 274, 23, 33],
    [11, 153, 239, 19, 26],
    [26, 321, 215, 14, 29],
    [36, 178, 316, 13, 49],
    [37, 228, 215, 7, 18],
    [2, 5, 19, 0, 2],
    [12, 110, 333, 4, 38],
    [167, 1319, 3116, 250, 368],
    [106, 821, 1927, 157, 252]
  ],
  "W": [
    [64, 34, 417, 430, 65],
    [20, 6, 98, 78, 10],
    [2, 1, 10, 14, 3],
    [6, 8, 85, 25, 8],
    [6, 5, 134, 40, 6],
    [26, 30, 604, 159, 68],
    [2, 0, 71, 52, 6],
    [0, 0, 12, 5, 3],
    [0, 0, 41, 7, 2],
    [64, 22, 350, 408, 50],
    [53, 23, 484, 387, 54],
    [65, 56, 688, 342, 104],
    [20, 13, 202, 100, 25],
    [1, 1, 13, 18, 0],
    [2, 0, 11, 13, 1],
    [17, 17, 292, 143, 39],
    [45, 39, 798, 337, 84],
    [1, 0, 27, 13, 8],
    [71, 67, 1083, 480, 147],
    [9, 12, 173, 48, 20],
    [10, 16, 154, 52, 29],
    [17, 21, 390, 139, 59],
    [29, 14, 317, 157, 34],
    [18, 14, 288, 115, 67],
    [5, 1, 10, 26, 2],
    [4, 0, 10, 10, 1],
    [2, 0, 26, 24, 4],
    [0, 2, 30, 14, 6],
    [3, 2, 164, 44, 9],
    [181, 112, 1614, 987, 173],
    [107, 74, 1064, 582, 149],
    [62, 27, 281, 264, 33],
    [46, 20, 290, 159, 35],
    [13, 3, 54, 86, 17],
    [6, 0, 30, 50, 4],
    [2, 0, 2, 2, 1],
    [4, 1, 16, 22, 4],
    [11, 4, 126, 72, 22],
    [11, 17, 215, 73, 51],
    [1, 0, 10, 8, 1],
    [1, 0, 12, 16, 4],
    [1, 1, 52, 7, 8],
    [2, 0, 37, 4, 4],
    [31, 10, 274, 315, 44],
    [36, 17, 309, 345, 55],
    [11, 7, 93, 122, 10],
    [44, 19, 409, 260, 66],
    [0, 1, 66, 50, 15],
    [2, 3, 24, 3, 6],
    [4, 8, 74, 21, 16],
    [1, 2, 30, 8, 7],
    [4, 1, 93, 22, 15],
    [14, 21, 335, 162, 45],
    [0, 2, 71, 13, 11],
    [5, 2, 83, 19, 10],
    [0, 0, 4, 1, 1],
    [16, 6, 126, 78, 20],
    [11, 4, 101, 73, 20],
    [12, 1, 84, 82, 13],
    [0, 0, 15, 7, 1],
    [52, 17, 316, 275, 53],
    [18, 20, 247, 129, 34],
    [50, 20, 239, 246, 50],
    [33, 22, 306, 167, 64],
    [43, 11, 218, 201, 32],
    [1, 2, 17, 5, 3],
    [22, 52, 296, 92, 35],
    [172, 162, 3142, 1324, 420],
    [88, 112, 1909, 841, 313]
  ],
  "method": "mult",
  "cond_prob": [
    [
      [0.053906224267, 0.91884432137, 0.021332259287, 0.00058837233542, 0.0053288227373],
      [0.0013579941714, 0.10250194553, 0.78069665173, 0.018410067565, 0.097033341008],
      [0.014655930886, 0.065468565365, 0.78065188583, 0.10073073417, 0.038492883755],
      [0.086724614232, 0.73223062344, 0.010291688765, 0.043807006661, 0.1269460669],
      [0.021183340377, 0.09148989969, 0.36503592122, 0.12392315255, 0.39836768616]
    ],
    [
      [0.054242694817, 0.91610353112, 0.02493770629, 0.00029112233602, 0.004424945442],
      [0.0012241317006, 0.091244510111, 0.82658482663, 0.0082029370631, 0.072743594495],
      [0.013604847002, 0.059939127667, 0.85046320328, 0.046369333123, 0.029623488926],
      [0.091532492271, 0.76232946538, 0.012577700909, 0.022722289431, 0.11083805201],
      [0.022640334524, 0.096395935426, 0.45614292563, 0.065803759558, 0.35901704486]
    ],
    [
      [0.10521675935, 0.86649187538, 0.019144874461, 0.00030031070102, 0.0088461801004],
      [0.0025112697627, 0.089032413823, 0.73819514751, 0.0092653002832, 0.16099586862],
      [0.029068070381, 0.060420157196, 0.78739331088, 0.05602047446, 0.067097987081],
      [0.15665241667, 0.61726041662, 0.0083315997466, 0.020659928559, 0.1970956384],
      [0.03172269196, 0.063540560419, 0.26720570738, 0.053009331328, 0.58452170891]
    ],
    [
      [0.02645269489, 0.94466949059, 0.027259197422, 0.0001683641366, 0.0014502529621],
      [0.00057697313133, 0.090122782543, 0.88136884817, 0.0046241608074, 0.023307235352],
      [0.0063723220219, 0.058689259647, 0.89956044599, 0.02598294919, 0.0093950231548],
      [0.050332644994, 0.87856965169, 0.015409087898, 0.014747438989, 0.040941176427],
      [0.014350535755, 0.12763629544, 0.65153210232, 0.049886938023, 0.15659412846]
    ],
    [
      [0.032859251996, 0.92998887708, 0.032026269507, 0.00075979402106, 0.0043658073978],
      [0.00059331870512, 0.073729357558, 0.85075177441, 0.017188929008, 0.057736620314],
      [0.0062795349152, 0.046071470254, 0.83287518893, 0.09242757139, 0.022346234514],
      [0.054854968316, 0.76247284278, 0.015938166158, 0.058500749116, 0.10823327364],
      [0.011168733238, 0.079169267534, 0.47749453579, 0.14005944163, 0.29210802181]
    ],
    [
      [0.062687049671, 0.89885800153, 0.033131572894, 0.00032389968032, 0.0049994762275],
      [0.0011151435472, 0.070710608321, 0.85664165682, 0.0071637292285, 0.06436886208],
      [0.012302190445, 0.046151360325, 0.87540071716, 0.040054747505, 0.026090984566],
      [0.10338579085, 0.73347510454, 0.01637389754, 0.02470245814, 0.12206274893],
      [0.021917915619, 0.079492694853, 0.50458044453, 0.060725898632, 0.33328304637]
    ],
    [
      [0.064507134084, 0.90497722359, 0.026512707295, 0.00043475864602, 0.0035681763805],
      [0.0013891686793, 0.085613987049, 0.84495957002, 0.011735950877, 0.056301323375],
      [0.014993440743, 0.054558572337, 0.84370314038, 0.064529492039, 0.022215354504],
      [0.10932187498, 0.75336070089, 0.013394273895, 0.034042326356, 0.089880823879],
      [0.026883229992, 0.09451178801, 0.48633685191, 0.098753160069, 0.29351497002]
    ],
    [
      [0, 0.97173823321, 0.022636103164, 0, 0.0056256636242],
      [0, 0.083036242251, 0.81928904134, 0, 0.097674716409],
      [0, 0.057834768088, 0.90052131249, 0, 0.041643919426],
      [0, 0.83096595086, 0.012098624809, 0, 0.15693542433],
      [0, 0.080925400861, 0.40511824194, 0, 0.5139563572]
    ],
    [
      [0.071911862418, 0.90672920222, 0.021142785267, 0.00021615009726, 0],
      [0.0019517220713, 0.10213184227, 0.88828595799, 0.007630477667, 0],
      [0.020901473154, 0.063876325352, 0.87350863385, 0.041713567645, 0],
      [0.13974813993, 0.8293242024, 0.011920966641, 0.019006691023, 0],
      [0.052819888704, 0.15558501867, 0.70166132786, 0.089933764763, 0]
    ],
    [
      [0.047243446183, 0.92553575852, 0.022227211018, 0.00031229834072, 0.0046812859335],
      [0.001174517028, 0.10188840125, 0.80315464989, 0.0096444944871, 0.084137937341],
      [0.013108266872, 0.067295639129, 0.83050381781, 0.054579082223, 0.034513193969],
      [0.079252887932, 0.76902021469, 0.011180947761, 0.024246881595, 0.11629906803],
      [0.020465199956, 0.10158116203, 0.41939655172, 0.072535419452, 0.38602166685]
    ],
    [
      [0.04071560449, 0.92987476511, 0.023954425056, 0.00023082727673, 0.005224378069],
      [0.00094647405249, 0.095708728072, 0.80888156254, 0.0066652254633, 0.087798009869],
      [0.010735873025, 0.064247053149, 0.85008567289, 0.038327456339, 0.036603944598],
      [0.068257289023, 0.77209622026, 0.012041833159, 0.017907066002, 0.12969759156],
      [0.016704503161, 0.096650851322, 0.42793801444, 0.050757184985, 0.40794944609]
    ],
    [
      [0.060610728223, 0.90865724243, 0.026798738281, 0.00028747372825, 0.0036458173339],
      [0.0013181435121, 0.087494027352, 0.84611258908, 0.0077653824966, 0.057309857563],
      [0.014496175395, 0.056943299934, 0.86211109668, 0.043281644872, 0.023167783124],
      [0.10343655079, 0.76804126169, 0.013714003541, 0.022698705001, 0.092109478978],
      [0.026300681418, 0.099888104004, 0.50618354253, 0.066824091217, 0.30080358083]
    ],
    [
      [0.042814182359, 0.92781590112, 0.025041557973, 0.00034794664791, 0.003980411897],
      [0.00097246414611, 0.093073784467, 0.83046128076, 0.0098475782732, 0.065644892349],
      [0.010712063875, 0.0606241768, 0.84707701087, 0.055052426253, 0.026534322206],
      [0.073364716428, 0.78516721832, 0.012840493211, 0.027564475866, 0.10106309617],
      [0.018426323974, 0.10079750686, 0.47067526244, 0.080646402827, 0.3294545039]
    ],
    [
      [0.029789514329, 0.93707808773, 0.021898407276, 0.00029548361353, 0.010938507048],
      [0.00062388593444, 0.08477320108, 0.73196205866, 0.0079573136785, 0.17468354065],
      [0.0074672355146, 0.059571935441, 0.80807880976, 0.049763524573, 0.075118494707],
      [0.044697917852, 0.67639960254, 0.0096432902308, 0.020557143869, 0.24870204551],
      [0.0076289554296, 0.05868362398, 0.2578089671, 0.044101522925, 0.63177693056]
    ],
    [
      [0.11380697891, 0.85616831703, 0.023480675618, 0.00034079434063, 0.0062032340986],
      [0.002402851735, 0.077645162795, 0.8095264395, 0.0093389222486, 0.10108662372],
      [0.026688132942, 0.050519318975, 0.82817709444, 0.054452916551, 0.040162537088],
      [0.17815385833, 0.6392199856, 0.01071799804, 0.02467833347, 0.14722982455],
      [0.037198560958, 0.067832891861, 0.35745904408, 0.066029172597, 0.47148033051]
    ],
    [
      [0.037263506711, 0.93260125282, 0.026483809238, 0.00042926045599, 0.0032221707788],
      [0.00081708066222, 0.090385344052, 0.84588046885, 0.011713233959, 0.051203872479],
      [0.0088496706655, 0.057905082853, 0.8485349758, 0.064344830579, 0.020365440104],
      [0.064935460093, 0.8034924057, 0.013821669409, 0.034591613694, 0.083158851107],
      [0.016377597984, 0.10359299055, 0.50764685231, 0.10137395666, 0.27100860249]
    ],
    [
      [0.034489552203, 0.93341021961, 0.027869541362, 0.00018026414172, 0.0040504226798],
      [0.00072191238579, 0.086494938062, 0.84681310428, 0.0046866155689, 0.061283429705],
      [0.0081182172714, 0.057562155541, 0.88227832334, 0.026709234485, 0.025332069367],
      [0.060144083871, 0.80616686933, 0.014573256711, 0.014543673113, 0.10457211698],
      [0.014670931755, 0.10057568856, 0.51600375508, 0.041073157375, 0.32767646723]
    ],
    [
      [0, 0.97981240529, 0.018372495461, 0, 0.0018150992464],
      [0, 0.12410448441, 0.83548672003, 0, 0.040408795562],
      [0, 0.084951919075, 0.89796116894, 0, 0.017086911989],
      [0, 0.93584844694, 0.010730036081, 0, 0.053421516982],
      [0, 0.164878533, 0.57409153103, 0, 0.26102993597]
    ],
    [
      [0.039102621272, 0.93049745421, 0.026982688202, 0.00028725800429, 0.0031299783098],
      [0.00085150365681, 0.08973708854, 0.85240518098, 0.0077666941489, 0.049239532675],
      [0.0093686312805, 0.058435521397, 0.86897711442, 0.04330032071, 0.019918412191],
      [0.068861621728, 0.81188372611, 0.014252480097, 0.023407444716, 0.081594727351],
      [0.017797483963, 0.1073327374, 0.53435303885, 0.069990894954, 0.27052584483]
    ],
    [
      [0.055834943596, 0.908968672, 0.033021676138, 0.00028867149095, 0.0018860367706],
      [0.0010304623647, 0.073813321602, 0.8931187746, 0.0066594000175, 0.025378041414],
      [0.011158440138, 0.04721978891, 0.89495026739, 0.036601434341, 0.010070069216],
      [0.10072034188, 0.80706944325, 0.017785180028, 0.024032318964, 0.050392715884],
      [0.024804490382, 0.10143356323, 0.64204271108, 0.069283381628, 0.16243585368]
    ],
    [
      [0.031448040968, 0.93011489757, 0.033703411391, 0.00026872557394, 0.0044649245002],
      [0.00055072859044, 0.071714498719, 0.8648970374, 0.0058805148888, 0.056957220405],
      [0.0061258081241, 0.047130137229, 0.89031517129, 0.033203335786, 0.023225547574],
      [0.054407800412, 0.79237734676, 0.017413920971, 0.021462295149, 0.11433863671],
      [0.011443367932, 0.08508004409, 0.53672724314, 0.052822136315, 0.31392720852]
    ],
    [
      [0.049979808197, 0.91461690884, 0.030636992716, 0.00026042205904, 0.0045058681833],
      [0.00095625422272, 0.077345249282, 0.85305364338, 0.0061988142977, 0.062446038814],
      [0.010627555353, 0.050847741035, 0.87810491971, 0.034927845747, 0.025491938151],
      [0.084686100365, 0.76633431683, 0.015549327557, 0.02040276112, 0.11302749413],
      [0.019097922165, 0.088333902487, 0.51029595191, 0.053420336808, 0.32885188663]
    ],
    [
      [0.043172614392, 0.92600775168, 0.027860935145, 0.00012891280306, 0.0028297859748],
      [0.00092026169092, 0.087283304723, 0.86467597019, 0.0034185404607, 0.043701922931],
      [0.010280841134, 0.057682571641, 0.89473728517, 0.019369401378, 0.01792990068],
      [0.077456689605, 0.82166758292, 0.014973407173, 0.010696999987, 0.075205320312],
      [0.020531315651, 0.11136057102, 0.5777067217, 0.032929842764, 0.25747154887]
    ],
    [
      [0.018982588546, 0.9507945831, 0.026165259636, 0.00038845535359, 0.0036691133622],
      [0.00041734097638, 0.092350402909, 0.83813497043, 0.010631160327, 0.058466125362],
      [0.0045842043716, 0.059996283657, 0.8526162748, 0.059217966979, 0.023585270196],
      [0.033361753782, 0.82586518097, 0.013768877816, 0.031561424706, 0.095442762721],
      [0.0082157299504, 0.10394113297, 0.49395953939, 0.090337756007, 0.30354584168]
    ],
    [
      [0.098893362947, 0.88520223816, 0.014544353822, 0.00041919410917, 0.00094085096656],
      [0.0034821857637, 0.13621155744, 0.8167754333, 0.018774803605, 0.02475601989],
      [0.035646516355, 0.082104011952, 0.77303546717, 0.10002753552, 0.0091864690066],
      [0.17430608605, 0.75885946988, 0.0075784182925, 0.03438428104, 0.02487174474],
      [0.069402349187, 0.15426056196, 0.46897032618, 0.16854795669, 0.13881880599]
    ],
    [
      [0.11455734302, 0.86079443986, 0.022472226841, 0, 0.0021759902798],
      [0.0026827657332, 0.086755738595, 0.87077284754, 0, 0.039788648132],
      [0.0300407598, 0.056836862227, 0.89726756621, 0, 0.015854811765],
      [0.20350841659, 0.72590754885, 0.011591474739, 0, 0.058992559822],
      [0.060081447464, 0.10941008314, 0.5530948207, 0, 0.27741364869]
    ],
    [
      [0.017250331066, 0.95788130167, 0.022267681513, 0.00025504644434, 0.0023456393071],
      [0.00042847879704, 0.1035361121, 0.84455676095, 0.0080422990519, 0.0434363491],
      [0.0047491227621, 0.067549875477, 0.86441539111, 0.045803237833, 0.017482372815],
      [0.032190262498, 0.86826149824, 0.012286228289, 0.021966420024, 0.065295590948],
      [0.0091776238747, 0.12598759653, 0.53097782264, 0.0759426011, 0.25791435586]
    ],
    [
      [0.051141702967, 0.92388996571, 0.023282049555, 0.00011822516412, 0.0015680566043],
      [0.0012470646636, 0.096455987375, 0.86979822028, 0.0036956748449, 0.028803052838],
      [0.013860044101, 0.06290623024, 0.890596963, 0.021040851859, 0.011595910804],
      [0.096493886843, 0.83657331561, 0.012891139609, 0.010211653962, 0.04383000397],
      [0.02984130879, 0.13063109279, 0.61009349893, 0.03876857566, 0.19066552383]
    ],
    [
      [0.026970372471, 0.93895771138, 0.031200609913, 0.00028489486968, 0.0025864113682],
      [0.0005166187696, 0.078964357195, 0.87747292585, 0.0068298983762, 0.036216199809],
      [0.0056676105009, 0.051158152995, 0.89059129465, 0.038041276984, 0.014541664872],
      [0.049098713659, 0.84018019322, 0.01694423749, 0.023923518395, 0.069853337239],
      [0.011780821572, 0.10275386224, 0.59711461481, 0.067342213986, 0.22100848739]
    ],
    [
      [0.049271704249, 0.9238602893, 0.024497784795, 0.00019096805758, 0.0021792535939],
      [0.0011881376066, 0.098703401224, 0.85645052258, 0.0057151894841, 0.037942749103],
      [0.013102081934, 0.064427514471, 0.87515186692, 0.031932104838, 0.015386431834],
      [0.088675278263, 0.82413326008, 0.013227859123, 0.015905546429, 0.058058056101],
      [0.026425131943, 0.12564232319, 0.5714499341, 0.054796619797, 0.22168599097]
    ],
    [
      [0.038439513807, 0.93241055867, 0.026352945566, 0.00022426203399, 0.0025727199215],
      [0.00086319998596, 0.092744408816, 0.85841001771, 0.0062520321942, 0.04173034129],
      [0.0095282578704, 0.060592798906, 0.8779724299, 0.034969903464, 0.016936609857],
      [0.069031728587, 0.8297403892, 0.014196161444, 0.018636774783, 0.068394945985],
      [0.018937589165, 0.11644174386, 0.56485711146, 0.059139827287, 0.24062372823]
    ],
    [
      [0.039940556364, 0.93530341248, 0.02254940416, 9.7858132227e-05, 0.0021087688606],
      [0.0010337626589, 0.10715745688, 0.84916566783, 0.0031481821005, 0.03949493053],
      [0.011603389405, 0.071170261116, 0.88301503682, 0.01792389863, 0.016287414026],
      [0.073220244646, 0.84881952891, 0.012390946865, 0.0083020768522, 0.057267202731],
      [0.023295208799, 0.13813732474, 0.57321328672, 0.030637418892, 0.23471676085]
    ],
    [
      [0.072898274822, 0.89713846894, 0.025955944006, 0.00014980578133, 0.0038575064529],
      [0.0016266082265, 0.088548230676, 0.84331186716, 0.0041582061455, 0.062355087795],
      [0.018199370724, 0.058609076275, 0.87397054083, 0.023598741104, 0.02562227107],
      [0.12386965976, 0.75404339183, 0.013212545361, 0.011774622458, 0.097099780594],
      [0.032398786351, 0.10086355972, 0.50300227452, 0.035766957312, 0.32796842209]
    ],
    [
      [0.029493907291, 0.94620289187, 0.021458382925, 0.00018541487705, 0.0026594030328],
      [0.00077493139654, 0.10969539623, 0.83256807802, 0.0060842685735, 0.050877325777],
      [0.0086771179546, 0.072599213161, 0.86314877509, 0.03469450827, 0.020880385527],
      [0.053575752033, 0.8475333212, 0.011649267975, 0.015590362486, 0.07165129631],
      [0.016138386315, 0.13049059287, 0.51616886207, 0.05507226071, 0.28212989803]
    ],
    [
      [0.020123035204, 0.94603190579, 0.029723826823, 0.00021204983012, 0.0039091823505],
      [0.00038649187025, 0.079877111953, 0.8594632759, 0.0051156994641, 0.05515742081],
      [0.0043298496194, 0.052824592595, 0.89092954707, 0.029355073744, 0.022560936968],
      [0.035844099014, 0.82716063446, 0.015768623206, 0.017500937113, 0.1037257062],
      [0.0081299517252, 0.095812167544, 0.53384436027, 0.047211542519, 0.31500197794]
    ],
    [
      [0, 0.98651358967, 0.013486410329, 0, 0],
      [0, 0.099063142817, 0.90093685718, 0, 0],
      [0, 0.064323755283, 0.93567624472, 0, 0],
      [0, 0.99143410247, 0.0085658975341, 0, 0],
      [0, 0.20592781863, 0.79407218137, 0, 0]
    ],
    [
      [0.021604524466, 0.94741193619, 0.021865624603, 0.00019484770912, 0.0089230670284],
      [0.00047971669449, 0.091652342572, 0.75422242175, 0.0055079308676, 0.14813758812],
      [0.0057285220755, 0.064400935114, 0.83171811651, 0.033991182019, 0.06416124428],
      [0.034296278382, 0.72963187788, 0.010248436094, 0.014312649114, 0.21151075853],
      [0.0067175030398, 0.072864683183, 0.30774212788, 0.034328046498, 0.57834763939]
    ],
    [
      [0.064384485896, 0.90435317572, 0.026917265174, 0.00030374723568, 0.0040413259751],
      [0.0013745859154, 0.085120961038, 0.84259922413, 0.0080966166349, 0.062808612277],
      [0.015135457617, 0.05539306195, 0.85882758893, 0.04528988306, 0.025354008447],
      [0.10872986888, 0.75284199719, 0.013584686589, 0.023704824671, 0.10113862266],
      [0.02664481817, 0.094241361482, 0.48767614167, 0.067936283137, 0.32350139554]
    ],
    [
      [0.061892465498, 0.9011701966, 0.03098405159, 0.00060380225845, 0.0053494840536],
      [0.0011477570428, 0.073699531114, 0.83914348391, 0.013961584032, 0.072047643896],
      [0.012352046798, 0.046888192833, 0.83608577885, 0.076217493134, 0.028456488388],
      [0.099370481992, 0.71388279952, 0.014877834873, 0.0447837005, 0.12708518311],
      [0.020673430113, 0.0758508448, 0.4520496821, 0.10859574845, 0.34283029453]
    ],
    [
      [0.059027402656, 0.9072394004, 0.028139595424, 0, 0.0055936015236],
      [0.0010602571227, 0.068327928042, 0.8504552253, 0, 0.080156589533],
      [0.012347550101, 0.04633193676, 0.90833936072, 0, 0.032981152422],
      [0.10276097364, 0.73497260411, 0.014046398285, 0, 0.14822002396],
      [0.019459153934, 0.070203172674, 0.43962950793, 0, 0.47070816546]
    ],
    [
      [0.066931500082, 0.91833552839, 0.012092704016, 0, 0.0026402675098],
      [0.0026432232774, 0.15613454742, 0.76226478495, 0, 0.078957444357],
      [0.031119591389, 0.1078669881, 0.82744223883, 0, 0.033571181679],
      [0.12154291844, 0.80050135409, 0.0064365461498, 0, 0.071519181317],
      [0.047405739859, 0.15842318077, 0.39377159643, 0, 0.40039948295]
    ],
    [
      [0.047234287687, 0.90748129706, 0.036091153388, 0.0002564122454, 0.0089368496202],
      [0.00071618347421, 0.058000359154, 0.83383833941, 0.0050029084551, 0.10244220951],
      [0.0082238374735, 0.039011104866, 0.88093128047, 0.029232875366, 0.042600901822],
      [0.074581272329, 0.68257621457, 0.016661686818, 0.018399213552, 0.20778161273],
      [0.01218887138, 0.055768310764, 0.41694505594, 0.03690500575, 0.47819275616]
    ],
    [
      [0.068978065843, 0.88984322292, 0.036988405439, 0.00037231709909, 0.0038179887004],
      [0.0010613020392, 0.05676446725, 0.88904293172, 0.0075084367948, 0.045622862198],
      [0.011618947586, 0.036224081112, 0.89231494803, 0.041933464063, 0.017908559207],
      [0.12134248487, 0.73124504694, 0.01876576375, 0.029477268434, 0.099169436001],
      [0.022868179188, 0.068644554811, 0.55701969065, 0.07035546751, 0.28111210784]
    ],
    [
      [0.043956020854, 0.92980122056, 0.021617768624, 0.00024091798657, 0.0043840719728],
      [0.0011246673124, 0.10530288625, 0.80476921841, 0.0076604925329, 0.081142735497],
      [0.012667789957, 0.07018516345, 0.83979980461, 0.043763012784, 0.033584229196],
      [0.074898946225, 0.78441867856, 0.011042483406, 0.018998339997, 0.11064155181],
      [0.020101888362, 0.10767687475, 0.43088454914, 0.059123722001, 0.38221296575]
    ],
    [
      [0.036143383181, 0.93762749527, 0.021308608933, 0.00035264755913, 0.0045678650556],
      [0.00092877913524, 0.10666319317, 0.79626159312, 0.011259694368, 0.084886740208],
      [0.010337853788, 0.070255313457, 0.82112884876, 0.063554796647, 0.034723187352],
      [0.061177534352, 0.7858852216, 0.010813476807, 0.027623980781, 0.11449978646],
      [0.015983692481, 0.10502028866, 0.41057905372, 0.0836510198, 0.38476594534]
    ],
    [
      [0.055579859696, 0.91775157396, 0.023435768569, 0.00070488513178, 0.0025279126465],
      [0.0013488010019, 0.098373841833, 0.83437185799, 0.021324906664, 0.044580592513],
      [0.013917604748, 0.060021819993, 0.79729774723, 0.11189149714, 0.016871330893],
      [0.094856156642, 0.77349014134, 0.011967251661, 0.055682176767, 0.064004273595],
      [0.025461226421, 0.10613429904, 0.4701751702, 0.17454486649, 0.22368443786]
    ],
    [
      [0.062716927125, 0.905465683, 0.02720417862, 0.00020624834296, 0.0044069629165],
      [0.0013327034904, 0.085156317089, 0.84032365111, 0.0054466508169, 0.06774067749],
      [0.014895246807, 0.056317946412, 0.87010035476, 0.0308641904, 0.027822261621],
      [0.10559696159, 0.75473507113, 0.013730223155, 0.016066450605, 0.10987129353],
      [0.025837814614, 0.094447955664, 0.4882125607, 0.045569408643, 0.34593226038]
    ],
    [
      [0.075219755128, 0.89245915023, 0.028839698027, 5.7570363276e-05, 0.003423826247],
      [0.0015272616226, 0.079534696943, 0.86660264049, 0.0014653823354, 0.050870018611],
      [0.017160451092, 0.052760049347, 0.90078130738, 0.0083831589405, 0.020915033245],
      [0.13071173228, 0.76153132514, 0.014937191673, 0.0046199547921, 0.088199796115],
      [0.033142051139, 0.098447307469, 0.55931301754, 0.013813382963, 0.29528424089]
    ],
    [
      [0.11754811417, 0.85592800629, 0.024302275785, 0, 0.0022216037493],
      [0.0026635014658, 0.07977437385, 0.87806309107, 0, 0.039499033611],
      [0.029928792399, 0.052064939732, 0.90210731068, 0, 0.015898957187],
      [0.21342535658, 0.71536898005, 0.012586914734, 0, 0.058618748634],
      [0.061236920329, 0.10240257642, 0.58202816589, 0, 0.25433233736]
    ],
    [
      [0.11189990685, 0.85043313783, 0.031340087393, 0.00049594136976, 0.005830926561],
      [0.0020231409467, 0.0670373949, 0.84193855339, 0.011309816078, 0.077691094685],
      [0.021909474971, 0.042782498003, 0.84229022545, 0.062292678876, 0.030725122703],
      [0.17348652467, 0.64311886658, 0.014416776055, 0.03535258178, 0.13362525092],
      [0.035766834998, 0.067440932933, 0.44194639875, 0.0866733493, 0.36817248402]
    ],
    [
      [0.069946316219, 0.87005149462, 0.053057443509, 0.00024473163417, 0.006700014016],
      [0.0007662796991, 0.040215821795, 0.89961325018, 0.0034738649804, 0.055930783347],
      [0.0085520468357, 0.026253434429, 0.92282208141, 0.019827164592, 0.022545272733],
      [0.11515373194, 0.67879549496, 0.025423398985, 0.018300417368, 0.16232695675],
      [0.016555085965, 0.048975389828, 0.56730642067, 0.032792144983, 0.33437095855]
    ],
    [
      [0.10320721312, 0.85847762347, 0.032969158813, 0.00037111330279, 0.0049748912927],
      [0.0018155351417, 0.065849296491, 0.85969105253, 0.0082225572572, 0.064421558585],
      [0.019805783619, 0.042346927463, 0.86658810751, 0.04558938958, 0.025669791827],
      [0.16568612112, 0.67300873882, 0.015719072196, 0.027401528626, 0.11818453924],
      [0.034938798378, 0.072147796587, 0.49172100781, 0.068518172855, 0.33267422437]
    ],
    [
      [0.050342703215, 0.92025046917, 0.026062151104, 0.0003822576256, 0.0029624188849],
      [0.0011268117448, 0.091061971261, 0.84913767199, 0.010643675737, 0.048029869265],
      [0.012204718196, 0.058345592661, 0.85188118167, 0.058460997881, 0.019107509592],
      [0.087580040585, 0.7917661397, 0.013581904321, 0.030754405175, 0.076317510223],
      [0.022981002103, 0.1062072664, 0.51866476417, 0.093703120191, 0.25844384713]
    ],
    [
      [0, 0.9734550788, 0.024421385978, 0.00011967125068, 0.0020038639726],
      [0, 0.098438711147, 0.86282808414, 0.0035843842832, 0.035148820428],
      [0, 0.065410370925, 0.89952963824, 0.02059850105, 0.014461489782],
      [0, 0.9175496717, 0.014057332337, 0.0106830814, 0.057709914558],
      [0, 0.13247392195, 0.60525527576, 0.036809766723, 0.22546103556]
    ],
    [
      [0.017998902376, 0.94603318618, 0.030430641008, 0.00026623318088, 0.0052710372534],
      [0.00033566610437, 0.076855190121, 0.84390880026, 0.0062673986839, 0.072632944833],
      [0.0037865321775, 0.051080362086, 0.87929432638, 0.035957956026, 0.029880823328],
      [0.031116478195, 0.79708923205, 0.015600733225, 0.021152537744, 0.13504101879],
      [0.0064415449973, 0.083904076666, 0.48069570383, 0.052134543057, 0.37682413144]
    ],
    [
      [0.092436859113, 0.90196297474, 0.0026436671905, 0, 0.0029564989606],
      [0.007841960266, 0.096290639828, 0.59840574354, 0, 0.29746165637],
      [0.10565728774, 0.069258371449, 0.69825570531, 0, 0.1268286355],
      [0.30312349914, 0.57881879906, 0.0017160371825, 0, 0.11634166462],
      [0.042920099869, 0.026451348381, 0.076783844725, 0, 0.85384470702]
    ],
    [
      [0.052287599329, 0.92218534049, 0.022372555335, 0.00020735082222, 0.0029471540288],
      [0.0013300782407, 0.10349838485, 0.83403928288, 0.0065825997906, 0.054549654234],
      [0.014777832197, 0.067970940441, 0.85787242539, 0.037157171772, 0.022221630201],
      [0.092206875151, 0.80205541146, 0.011794241848, 0.016902969006, 0.077040502538],
      [0.026871973828, 0.11945144788, 0.50322936372, 0.057577022775, 0.2928701918]
    ],
    [
      [0.054013094062, 0.92007388605, 0.021362294912, 0.00024562417409, 0.0043051008059],
      [0.0013875951617, 0.10421099033, 0.80597754386, 0.0078808211327, 0.08054304951],
      [0.015571353744, 0.06911199315, 0.8372315201, 0.044955684289, 0.033129448718],
      [0.09169638714, 0.76985537786, 0.010836437401, 0.019275623553, 0.10833617405],
      [0.024678873355, 0.10585450318, 0.42771762541, 0.060735651843, 0.38101334622]
    ],
    [
      [0.049824448241, 0.92066562268, 0.025722371167, 0.00035207874215, 0.0034354791695],
      [0.0011097790721, 0.090458212169, 0.84290252916, 0.0097928992023, 0.055736580397],
      [0.01212669539, 0.058421468845, 0.85269137, 0.054441912338, 0.022318553422],
      [0.086096419932, 0.78439085083, 0.013283773906, 0.028143234492, 0.088085720836],
      [0.02196811335, 0.10227914866, 0.49749352531, 0.084118402299, 0.29414081038]
    ],
    [
      [0.046592790487, 0.93347874735, 0.017953315816, 0, 0.0019751463459],
      [0.0013337904853, 0.10969303536, 0.84364675213, 0, 0.045326422023],
      [0.015414023314, 0.073658265999, 0.89243421534, 0, 0.018493495345],
      [0.09101078648, 0.84058650742, 0.010014222133, 0, 0.05838848397],
      [0.029061851778, 0.13354548792, 0.52341762903, 0, 0.31397503127]
    ],
    [
      [0.056951460898, 0.92150196135, 0.019279587413, 0.00023468091585, 0.0020323094252],
      [0.0016780603054, 0.12018329631, 0.82622475687, 0.0085938354989, 0.043320051012],
      [0.018382843826, 0.077905557385, 0.83853037754, 0.047743164337, 0.017438056911],
      [0.10171731823, 0.81480873656, 0.010321998295, 0.019395542254, 0.053756404664],
      [0.03464714969, 0.14195779949, 0.51109324351, 0.076603229119, 0.23569857819]
    ],
    [
      [0.031996947629, 0.94152412947, 0.023210535047, 0.0003076725832, 0.0029607152739],
      [0.00078892946189, 0.10258733093, 0.83424638633, 0.0094440925578, 0.052933260724],
      [0.0086835811869, 0.066783807613, 0.8504068083, 0.05273487631, 0.021390926592],
      [0.056895957968, 0.82746907901, 0.012357596894, 0.025298477826, 0.077978888299],
      [0.015876289436, 0.11803099668, 0.50249659289, 0.082091324272, 0.28150479672]
    ],
    [
      [0.03882393093, 0.94048144671, 0.018581837132, 0.00016910708185, 0.0019436781448],
      [0.0011812104105, 0.1266400425, 0.8229877886, 0.0063960818176, 0.042794876678],
      [0.01316354282, 0.083504645481, 0.84965208806, 0.036157606573, 0.017522117069],
      [0.071038621555, 0.85177811987, 0.010190370626, 0.014319051372, 0.052673836581],
      [0.025069021799, 0.15374499897, 0.52310246736, 0.058629978168, 0.23945353371]
    ],
    [
      [0.086001695811, 0.88312529135, 0.026549453725, 0.00017351114671, 0.0041500479668],
      [0.0018754444468, 0.085175495366, 0.84271209257, 0.0047062000502, 0.06553076757],
      [0.02089236705, 0.056133068095, 0.86957069664, 0.02658668334, 0.026817184876],
      [0.14326835881, 0.72775283256, 0.013250567709, 0.013369186074, 0.10235905486],
      [0.036562678115, 0.094967632491, 0.49205727755, 0.039607087756, 0.33680532409]
    ],
    [
      [0.074453274839, 0.89968561969, 0.023993606617, 0.00011230932185, 0.0017551895314],
      [0.0018417352646, 0.098468006567, 0.86479117765, 0.0034552644286, 0.031443816092],
      [0.020309251732, 0.06424033373, 0.8833816727, 0.019333405356, 0.012735336483],
      [0.13343139648, 0.79776702954, 0.012884006662, 0.0093137503185, 0.046603817],
      [0.042673048238, 0.13048963816, 0.59986695917, 0.034593415703, 0.19237693873]
    ],
    [
      [0.13856551127, 0.83027429828, 0.02738567879, 0, 0.0037745116543],
      [0.0027170507142, 0.066889712281, 0.87158967576, 0, 0.058803561246],
      [0.030747667799, 0.043936186389, 0.90164154181, 0, 0.023674604003],
      [0.23763467342, 0.65357523289, 0.01336527814, 0, 0.095424815556],
      [0.055789315647, 0.076604630193, 0.51210946916, 0, 0.355496585]
    ],
    [
      [0.047638557615, 0.91784070609, 0.029402925757, 6.8448817815e-05, 0.0050493617198],
      [0.00093953072768, 0.079955812656, 0.84517463656, 0.001681422032, 0.072248598028],
      [0.010745347108, 0.054076324, 0.8950920553, 0.0097526513684, 0.030333622228],
      [0.081052344879, 0.77139374233, 0.014972854072, 0.0053824110076, 0.12719864771],
      [0.018558944889, 0.090279842205, 0.49974310823, 0.014338402246, 0.37707970242]
    ],
    [
      [0.053171170909, 0.91309482722, 0.028987147989, 0.00039365407388, 0.0043531998094],
      [0.0010689965534, 0.081340207402, 0.84459426251, 0.0098207634174, 0.063175770114],
      [0.011689761245, 0.052652163991, 0.85584514788, 0.054405403439, 0.025407523448],
      [0.089039329371, 0.75798978826, 0.014565043082, 0.030507135723, 0.10789870356],
      [0.020602248105, 0.089726230338, 0.48840549742, 0.081576850239, 0.3196891739]
    ],
    [
      [0.053599417674, 0.91275178792, 0.028831244733, 0.00039053034813, 0.0044270193271],
      [0.0010811621516, 0.081563154607, 0.84310367726, 0.0097768622139, 0.064475143769],
      [0.011834448145, 0.052845796805, 0.85514714678, 0.054219255404, 0.025953352865],
      [0.08959516696, 0.75620531435, 0.01445882764, 0.030208900431, 0.10953179062],
      [0.02071539455, 0.08944234211, 0.48463726942, 0.080747661073, 0.32445733285]
    ]
  ],
  "expected_outcome": [
    [
      [3.4499983531, 1.0848538963, 0.21043351871, 0.15871616934, 0.19715551198, 1.6298632914, 0.12901426817, 0, 0, 3.0235805557, 2.157927038, 3.9396973345, 0.85628364719, 0.029789514329, 0.22761395782, 0.63347961408, 1.5520298491, 0, 2.7762861103, 0.50251449237, 0.31448040968, 0.84965673936, 1.2520058174, 0.34168659383, 0.49446681473, 0.45822937207, 0.034500662131, 0, 0.080911117414, 8.9181784691, 4.1130279774, 2.4763144946, 3.3533206418, 0.38342079479, 0.12073821122, 0, 0.086418097864, 0.70822934486, 0.68081712048, 0.059027402656, 0.066931500082, 0.047234287687, 0.13795613169, 1.3626366465, 1.3011617945, 0.61137845665, 2.7595447935, 0, 0.23509622834, 0.44759962739, 0.069946316219, 0.41282885249, 0.70479784501, 0, 0.089994511879, 0, 0.83660158926, 0.59414403468, 0.59789337889, 0, 2.9614759667, 0.57594505732, 1.9411965465, 2.8380559618, 3.2014908181, 0.13856551127, 1.0480482675, 9.1454413964, 4.7167487553],
      [58.8060365679, 18.3220706223, 1.7329837508, 5.6680169435, 5.5799332625, 23.3703080397, 1.8099544472, 0, 0, 59.2342885456, 49.2833625507, 59.0627207582, 18.5563180225, 0.93707808773, 1.7123366341, 15.8542212979, 42.0034598826, 0.97981240529, 66.0653192491, 8.180718048, 9.3011489757, 15.5484874503, 26.8542247989, 17.1143024958, 4.4260111908, 3.4431777594, 1.9157626033, 0, 2.8168731341, 167.218712364, 99.7679297778, 57.9888115739, 41.2683695711, 12.3006375944, 5.6761914348, 1.9730271793, 3.7896477448, 9.9478849329, 9.9128721626, 0.9072394004, 0.91833552839, 0.90748129706, 1.7796864458, 28.8238378375, 33.7545898298, 10.0952673135, 39.8404900518, 0, 1.7118560126, 3.4017325513, 0.87005149462, 3.4339104939, 12.8835065684, 0, 4.7301659309, 0, 14.7549654478, 10.1208127465, 11.0479874722, 0, 47.9181019901, 16.9474343304, 47.0240723356, 29.1431346146, 38.6864816467, 0.83027429828, 20.192495534, 157.0523102815, 80.3221573368],
      [1.3652645943, 0.4987541258, 0.038289748922, 0.16355518453, 0.19215761704, 0.86142089525, 0.05302541459, 0, 0, 1.4225415052, 1.269584528, 1.7419179883, 0.50083115945, 0.021898407276, 0.046961351237, 0.45022475704, 1.2541293613, 0.018372495461, 1.9157708623, 0.29719508524, 0.33703411391, 0.52082887618, 0.8079671192, 0.47097467346, 0.072721769109, 0.089888907364, 0.044535363026, 0, 0.093601829739, 4.4340990479, 2.8197651756, 1.3980630579, 1.1939734243, 0.27895897802, 0.17834296094, 0.026972820657, 0.087462498411, 0.29608991692, 0.34082456749, 0.028139595424, 0.012092704016, 0.036091153388, 0.073976810877, 0.67015082734, 0.76710992158, 0.25779345426, 1.1969838593, 0, 0.048604551571, 0.12536034957, 0.053057443509, 0.13187663525, 0.36487011546, 0, 0.15215320504, 0, 0.35796088536, 0.23498524403, 0.308668454, 0, 1.0025385455, 0.41778963085, 0.92909185658, 0.87613197292, 1.0317250845, 0.02738567879, 0.64686436665, 4.9857894542, 2.5371495365],
      [0.037655829467, 0.0058224467204, 0.00060062140204, 0.0010101848196, 0.0045587641264, 0.0084213916884, 0.00086951729204, 0, 0, 0.019987093806, 0.012233845667, 0.018685792336, 0.0069589329582, 0.00029548361353, 0.00068158868125, 0.0072974277519, 0.0081118863774, 0, 0.020395318304, 0.0025980434186, 0.0026872557394, 0.0044271750036, 0.0037384712886, 0.0069921963645, 0.0020959705458, 0, 0.00051009288868, 0, 0.00085468460904, 0.034565218421, 0.023996037636, 0.0060672041981, 0.0068910659411, 0.0024103934017, 0.0012722989807, 0, 0.00077939083646, 0.0033412195925, 0.0066418248429, 0, 0, 0.0002564122454, 0.00074463419817, 0.0074684575838, 0.012695312129, 0.0077537364496, 0.0090749270903, 0, 0, 0.0019837654791, 0.00024473163417, 0.0014844532112, 0.0053516067583, 0, 0.0013311659044, 0, 0.0033176131555, 0.002701865915, 0.0042249449058, 0, 0.012203407624, 0.0055381064976, 0.0084553540925, 0.0057258678413, 0.0048293008396, 0, 0.0015058739919, 0.067708500708, 0.034366670636],
      [0.34104465519, 0.088498908839, 0.017692360201, 0.0087015177728, 0.026194844387, 0.12998638192, 0.0071363527611, 0, 0, 0.29960229974, 0.27689203765, 0.23697812671, 0.07960823794, 0.010938507048, 0.012406468197, 0.054776903239, 0.18226902059, 0.0018150992464, 0.22222845999, 0.016974330936, 0.044649245002, 0.076599759115, 0.08206379327, 0.06604404052, 0.0047042548328, 0.008703961119, 0.0046912786143, 0, 0.0077592341045, 0.39444490049, 0.2752810316, 0.13074366936, 0.17744529683, 0.034572239426, 0.023455094103, 0, 0.035692268113, 0.044454585726, 0.058844324589, 0.0055936015236, 0.0026402675098, 0.0089368496202, 0.0076359774007, 0.13590623116, 0.164443142, 0.027807039112, 0.19390636833, 0, 0.0044432074986, 0.023323706244, 0.006700014016, 0.019899565171, 0.041473864388, 0, 0.026355186267, 0, 0.047154464461, 0.047356108865, 0.041225750034, 0, 0.10568009011, 0.05329287493, 0.097183907239, 0.1369515829, 0.07547314985, 0.0037745116543, 0.11108595784, 0.74875036722, 0.38957770079]
    ],
    [
      [0.046171801828, 0.0073447902034, 0.0025112697627, 0.0046157850507, 0.0029665935256, 0.033454306416, 0, 0, 0, 0.025839374615, 0.021768903207, 0.07381603668, 0.012642033899, 0.00062388593444, 0, 0.013890371258, 0.028154583046, 0, 0.057050745006, 0.012365548376, 0.0088116574471, 0.020081338677, 0.012883663673, 0.0058427736693, 0.0034821857637, 0, 0, 0.0024941293273, 0.0010332375392, 0.13307141193, 0.063876798961, 0.02791159179, 0.03253216453, 0.0023247941896, 0, 0, 0.00047971669449, 0.0054983436617, 0.019511869727, 0, 0, 0.00071618347421, 0, 0.011246673124, 0.015789245299, 0.009441607013, 0.025321366317, 0.0015272616226, 0.0079905043975, 0.016185127573, 0.0015325593982, 0.0018155351417, 0.023663046641, 0, 0.00067133220874, 0, 0.0079804694443, 0.0055503806469, 0.0011097790721, 0, 0.028527025192, 0.015778589238, 0.023624208209, 0.041259777829, 0.02025908791, 0.0054341014284, 0.048855597839, 0.17317744165, 0.12109016098],
      [3.485066148, 0.54746706066, 0.089032413823, 0.72098226034, 0.36864678779, 2.1213182496, 0, 0, 0, 2.2415448275, 2.2013007457, 4.8996655317, 1.2099591981, 0.08477320108, 0, 1.5365508489, 3.3733025844, 0, 6.0123849321, 0.88575985922, 1.1474319795, 1.6242502349, 1.2219662661, 1.2929056407, 0.13621155744, 0, 0, 0.19291197475, 0.15792871439, 11.0547809371, 6.8630862524, 2.8932513357, 1.7709646135, 0.3290861887, 0, 0, 0.091652342572, 0.34048384415, 1.2528920289, 0, 0, 0.058000359154, 0, 1.0530288625, 1.8132742839, 0.68861689283, 1.6179700247, 0.079534696943, 0.23932312155, 0.5362991592, 0.080431643591, 0.065849296491, 1.9123013965, 0.19687742229, 0.15371038024, 0, 0.62099030911, 0.41684396133, 0.090458212169, 0, 2.0431160373, 2.0517466186, 2.53280085, 1.873860898, 1.0831480722, 0.13377942456, 4.1577022581, 13.1771135992, 9.135073316],
