{
  "Z_true": {},
  "V_true": [
    [35, 34, 64, 41, 137, 8],
    [18, 63, 45, 48, 338, 23],
    [34, 694, 34, 31, 271, 11],
    [18, 15, 1118, 18, 132, 6],
    [48, 91, 125, 1265, 403, 19],
    [45, 73, 47, 43, 2503, 11],
    [72, 164, 199, 191, 329, 74]
  ],
  "p_true": [
    [0.1097, 0.1066, 0.2006, 0.1285, 0.4295, 0.0251],
    [0.0336, 0.1178, 0.0841, 0.0897, 0.6318, 0.043],
    [0.0316, 0.6456, 0.0316, 0.0288, 0.2521, 0.0102],
    [0.0138, 0.0115, 0.8554, 0.0138, 0.101, 0.0046],
    [0.0246, 0.0466, 0.0641, 0.6484, 0.2066, 0.0097],
    [0.0165, 0.0268, 0.0173, 0.0158, 0.9195, 0.004],
    [0.07, 0.1594, 0.1934, 0.1856, 0.3197, 0.0719]
  ],
  "Z_est": [
    [
      [6.5158, 10.9712, 3.1525, 3.5265, 3.8217, 1.9928, 0.9716, 5.2091, 6.2622, 3.7153, 10.3, 7.8586, 5.6594, 2.9291, 7.4435, 5.3181, 8.1717, 2.2734, 2.9499, 1.2119, 3.2523, 4.2514],
      [4.1148, 4.324, 4.3286, 4.4928, 4.873, 3.3344, 2.1128, 3.5048, 2.8192, 2.719, 4.338, 5.4749, 1.7127, 2.0234, 6.9693, 2.8817, 4.4531, 2.3034, 3.4387, 1.5777, 17.2454, 5.5176],
      [0.0127, 0.0129, 0.0091, 0.014, 0.0154, 0.0085, 0.011, 0.0108, 0.0057, 0.0112, 0.0213, 0.0239, 0.0278, 0.0086, 0.0281, 0.0186, 0.0247, 0.0108, 0.0129, 0.0188, 0.0101, 0.0204],
      [0.0002, 0.0003, 0.0002, 0.0003, 0.0003, 0.0001, 0.0002, 0.0002, 0.0001, 0.0002, 0.0002, 0.0003, 0.0002, 0.0002, 0.0005, 0.0002, 0.0003, 0.0001, 0.0003, 0.0001, 0.0002, 0.0003],
      [3.601, 3.5933, 2.771, 3.0807, 4.2552, 2.3818, 3.4843, 3.5205, 1.5477, 1.68, 4.9053, 5.6379, 5.051, 1.9347, 8.4247, 4.2623, 4.611, 1.5502, 7.5304, 2.5129, 2.6383, 5.3223],
      [1.7555, 2.0983, 0.7387, 2.8857, 1.0344, 0.2823, 0.42, 0.7545, 0.3652, 1.8743, 1.4351, 1.0045, 2.5489, 1.104, 2.134, 0.519, 1.7392, 0.8621, 3.0679, 0.6786, 0.8537, 3.8879]
    ],
    [
      [5.1708, 4.2479, 4.5573, 1.6371, 2.0856, 2.3689, 0, 8.0878, 10.6898, 3.5465, 6.2569, 6.4509, 2.3364, 3.1542, 2.5625, 2.5821, 6.8184, 3.8378, 0.7572, 0.6482, 1.2405, 7.1025],
      [2.0341, 1.0501, 3.8733, 1.2955, 1.6536, 2.4592, 1.6828, 3.3869, 3.0143, 1.6262, 1.6487, 3.0218, 0.4496, 1.3702, 1.4905, 0.8866, 2.3203, 2.4264, 0.5466, 0.5337, 4.0115, 5.6925],
      [4.561, 2.2627, 5.9091, 2.9357, 3.8001, 4.5855, 6.99, 7.5908, 4.4018, 5.0099, 5.8713, 8.9249, 5.3111, 4.2403, 4.3639, 4.198, 9.3183, 8.3713, 1.5021, 4.7396, 1.7256, 15.1897],
      [1.1875, 0.8994, 1.8644, 1.0905, 1.2411, 1.6653, 2.8052, 2.7296, 1.7428, 1.4431, 1.2937, 1.8781, 0.7819, 1.5137, 1.4739, 1.2629, 2.2888, 1.4172, 0.6888, 0.6389, 0.5579, 4.5275],
      [5.7333, 2.8113, 8.0047, 2.9269, 4.6673, 6.2036, 9.0118, 10.9633, 5.5165, 3.2486, 6.0036, 9.7289, 4.2691, 4.2329, 5.8121, 4.5894, 7.737, 5.3041, 3.8694, 2.7649, 1.9967, 18.3758],
      [6.3134, 3.7285, 4.7912, 6.1143, 2.5522, 0.7177, 2.5102, 5.2415, 2.6348, 8.1257, 3.9258, 2.9955, 4.852, 5.4886, 3.2972, 0.481, 6.5172, 6.6432, 3.6359, 1.6747, 1.4677, 28.1121]
    ],
    [
      [6.5823, 5.7809, 3.5694, 2.2652, 1.7542, 2.1775, 0.0284, 5.0467, 6.6808, 2.7611, 6.443, 2.7244, 1.6501, 2.2742, 2.4846, 1.3676, 4.3579, 1.3321, 0.2929, 0.1399, 0.8259, 4.6461],
      [38.8104, 22.434, 45.493, 26.94, 20.9198, 33.9817, 7.0158, 31.6477, 37.9143, 19.2035, 25.7057, 17.7824, 3.8376, 14.975, 21.5891, 7.1226, 22.1735, 12.8259, 7.3595, 6.0329, 32.9292, 60.3687],
      [2.8106, 1.5615, 2.2321, 2.1865, 1.5424, 2.0314, 1.177, 2.2883, 1.9447, 2.0792, 2.9551, 1.8097, 1.8102, 1.4854, 2.0371, 1.0758, 2.8742, 1.4016, 0.7127, 1.6887, 1.2356, 5.2257],
      [12.025, 10.2029, 11.5932, 12.0244, 8.3107, 10.3282, 4.8053, 13.6633, 13.0235, 8.8673, 10.712, 6.2978, 4.4151, 8.7643, 11.3347, 4.0182, 11.6191, 3.938, 5.1909, 3.8116, 6.3268, 25.9796],
      [17.4723, 9.5935, 14.9706, 9.584, 9.3926, 12.4811, 5.9482, 16.354, 11.4366, 6.0889, 14.96, 9.3858, 7.9104, 7.3559, 13.4344, 5.4157, 11.8177, 4.4165, 8.2761, 4.9345, 6.0749, 30.7798],
      [0.2995, 0.4272, 0.1417, 0, 0.0804, 0, 0.0254, 0, 0, 0, 0.2241, 0, 0.3766, 0.1452, 0.1201, 0, 0.1576, 0.0859, 0.1679, 0.3924, 0.6076, 0]
    ],
    [
      [1.3129e-16, 0, 5.4624e-17, 4.0378e-17, 2.8722e-17, 3.3204e-17, 0, 8.3267e-17, 1.2176e-16, 3.0249e-17, 0, 7.546e-17, 0, 4.3368e-17, 5.8492e-17, 0, 6.57e-17, 2.9171e-17, 0, 0, 2.3137e-17, 0],
      [1.6642, 1.0051, 1.488, 1.1219, 0.7322, 1.0955, 0.3652, 1.1296, 1.1162, 0.4732, 0.8378, 1.1917, 0, 0.6955, 1.0514, 0.51, 0.7185, 0.7952, 0.2235, 0, 2.3956, 2.7779],
      [67.2206, 39.2072, 41.0008, 46.0681, 30.4953, 36.9558, 25.4168, 45.6168, 29.5108, 26.0138, 53.7887, 67.3785, 54.3886, 39.0736, 55.5816, 43.9405, 51.9476, 49.958, 11.3123, 31.9903, 18.9362, 132.5784],
      [0.2569, 0.2279, 0.1894, 0.2498, 0.1454, 0.1656, 0.125, 0.2503, 0.1708, 0.1093, 0.1738, 0.2091, 0.1169, 0.2033, 0.2749, 0.1486, 0.1873, 0.123, 0.0746, 0.0624, 0.0885, 0.6578],
      [21.8189, 12.5329, 14.3076, 11.5602, 9.6184, 11.7831, 9.089, 16.9994, 9.2023, 4.4037, 14.1841, 18.2207, 11.4741, 10.0068, 19.0742, 11.401, 11.131, 8.1072, 7.3787, 4.7601, 5.573, 39.9858],
      [0.0394, 0.0268, 0.0143, 0, 0.0087, 0, 0.0041, 0.0039, 0, 0, 0.0155, 0, 0.0205, 0.0208, 0.018, 0, 0.0157, 0.0166, 0.0108, 0.1873, 0.0067, 0]
    ],
    [
      [0.1905, 0, 0.0938, 0.0651, 0.0683, 0.0592, 0, 0.1292, 0, 0.5622, 0, 0.137, 0.0619, 0.3809, 0.0749, 0.2073, 0.0572, 0.0438, 0, 0, 0.0288, 0],
      [11.3217, 11.0206, 11.5611, 7.7678, 8.1657, 9.2526, 2.9394, 8.151, 14.4304, 6.0479, 8.5857, 9.0263, 0, 5.5091, 6.5354, 4.4645, 9.0196, 4.2051, 1.5135, 1.4623, 14.0089, 17.6938],
      [12.8501, 12.0382, 9.2428, 9.0903, 9.4801, 8.7124, 5.6866, 9.2351, 10.4281, 8.4411, 15.4702, 14.3711, 10.7971, 8.9407, 9.6773, 11.392, 19.0611, 7.3101, 2.1162, 7.7584, 3.0445, 24.5258],
      [48.3714, 69.2683, 42.2649, 48.0199, 44.9873, 38.8066, 28.0847, 48.19, 59.6297, 33.7571, 49.3239, 44.0097, 23.1662, 44.7515, 47.421, 37.1069, 69.231, 18.1237, 14.1567, 15.4074, 14.3498, 102.666],
      [39.0797, 36.1759, 30.5932, 21.0569, 28.2315, 26.1691, 19.2663, 32.2947, 30.5118, 11.1918, 38.3267, 36.4559, 22.8734, 21.2567, 31.2137, 27.8292, 39.1488, 11.2565, 13.1627, 11.3436, 8.5407, 67.1144],
      [0.1866, 0.497, 0.2442, 0, 0.0672, 0, 0.0229, 0, 0, 0, 0.2935, 0, 0.1015, 0.1611, 0.0777, 0, 0.4823, 0.0609, 0.0508, 0.0283, 0.0273, 0]
    ],
    [
      [0.2221, 0, 0.5091, 0.3758, 0.1733, 0.3187, 0, 0.2865, 0, 0.2863, 0, 0.6077, 0.1567, 0.1488, 0.3254, 0.4819, 0.2895, 0.4394, 0, 0, 0.5976, 0],
      [1.1698, 1.3654, 0, 1.6568, 0.6877, 0.6125, 0.265, 0.8287, 1.7644, 0.4178, 0.758, 0.8105, 0, 0.3538, 0.3526, 0, 0.5332, 0.7376, 0.2082, 0, 0, 2.4937],
      [2.4889, 1.934, 1.6277, 2.5193, 1.7375, 2.4281, 0.888, 1.4006, 1.7048, 1.4111, 3.0376, 2.5341, 2.0427, 1.2317, 2.0407, 1.5942, 2.4076, 1.6165, 0.5631, 0.5387, 2.0663, 5.9343],
      [8.9497, 13.8323, 8.4173, 13.9186, 8.9001, 10.1735, 4.631, 8.5284, 10.508, 6.4086, 10.4201, 7.9921, 5.0924, 6.8627, 10.2032, 5.5899, 9.2104, 5.4495, 4.989, 5.893, 4.2308, 25.8288],
      [151.7638, 142.6461, 115.3758, 125.5296, 110.2444, 135.4673, 63.1986, 111.9557, 106.0227, 48.4762, 159.6783, 136.0556, 90.6077, 63.3228, 129.7252, 83.334, 102.4712, 62.4257, 74.1729, 66.5295, 50.0685, 330.7432],
      [0.4057, 0.2221, 0.07, 0, 0.2571, 0, 0.0173, 0, 0, 0, 0.106, 0, 0.1005, 0.0801, 0.353, 0, 0.088, 0.3313, 0.0667, 0.0388, 0.0368, 0]
    ],
    [
      [0.3186, 0, 0.1179, 0.1304, 0.0969, 0.0829, 0, 0.2407, 0.3672, 0.1287, 0, 0.2215, 1.1355, 0.1128, 0.1093, 0.043, 0.3053, 0.0736, 0, 0, 0.055, 0],
      [17.885, 13.8007, 14.256, 14.7251, 10.968, 12.2642, 4.619, 14.3513, 14.9412, 8.5124, 14.1261, 13.6924, 0, 7.073, 9.0118, 2.1346, 14.7818, 6.7063, 3.71, 3.3934, 25.4095, 40.4557],
      [11.0561, 7.9836, 5.9784, 9.1862, 6.9293, 6.2783, 4.8306, 8.8575, 6.0041, 7.0337, 13.8558, 11.9579, 11.6226, 6.0197, 7.2713, 2.7808, 16.3666, 6.3317, 2.7807, 8.2655, 2.9817, 29.5256],
      [13.2093, 14.5689, 8.6707, 15.6965, 10.4152, 8.8607, 7.5487, 14.6381, 10.9251, 9.4144, 14.0763, 11.613, 10.4274, 9.9044, 11.2919, 2.8732, 18.463, 4.9485, 5.8997, 5.1867, 4.446, 40.3401],
      [20.531, 14.6468, 11.977, 13.2618, 12.5906, 11.514, 10.0017, 18.9124, 10.7624, 6.9108, 20.9419, 18.5152, 13.8144, 8.8901, 14.3157, 4.1684, 20.0832, 5.9399, 10.6097, 7.1544, 5.1078, 50.6786],
      [5.2399e-11, 4.4338e-11, 1.6893e-11, 0, 1.6041e-11, 0, 6.368e-12, 2.15e-11, 0, 0, 3.2118e-11, 0, 3.5585e-11, 2.6109e-11, 1.9061e-11, 2.6715e-12, 3.9923e-11, 1.7192e-11, 2.1922e-11, 9.8e-12, 8.7636e-12, 0]
    ]
  ],
  "V_est": [
    [107.7578, 94.5592, 0.3373, 0.0049, 84.2969, 32.0439],
    [86.1393, 46.4743, 121.8027, 34.992, 133.7712, 111.8204],
    [65.1851, 517.0624, 44.1654, 207.2518, 238.0837, 3.2516],
    [8.1882e-16, 21.388, 998.3802, 4.2104, 282.6122, 0.4093],
    [2.1598, 172.6826, 229.6694, 941.0937, 603.0931, 2.3015],
    [5.2188, 15.0159, 43.7474, 196.0294, 2459.815, 2.1734],
    [3.5392, 266.8176, 193.8976, 253.4177, 311.3279, 3.7068e-10]
  ],
  "p_est": [
    [0.3378, 0.2964, 0.0011, 0, 0.2645, 0.1002],
    [0.1611, 0.087, 0.2285, 0.0653, 0.2491, 0.2091],
    [0.0606, 0.4812, 0.0412, 0.1925, 0.2215, 0.003],
    [9.5682e-19, 0.0163, 0.7633, 0.0032, 0.2169, 0.0003],
    [0.0011, 0.0884, 0.1176, 0.4824, 0.3094, 0.0012],
    [0.0019, 0.0055, 0.0163, 0.0722, 0.9032, 0.0008],
    [0.0034, 0.2593, 0.1883, 0.2461, 0.3029, 6.1703e-13]
  ],
  "EI_Z": {},
  "EI_V": 16.4515,
  "MAE_Z": {},
  "MAE_V": 70.0207,
  "MAE_p": 0.0795,
  "runtime": 6.8653
}
