{
  "Z_true": {},
  "V_true": [
    [65, 130, 1267, 421, 6],
    [640, 1250, 2874, 8130, 174],
    [33, 1271, 348, 303, 19],
    [353, 1451, 495, 376, 268],
    [211, 466, 292, 807, 105],
    [93, 235, 353, 226, 11],
    [230, 112, 111, 153, 155]
  ],
  "p_true": [
    [0.0344, 0.0688, 0.6707, 0.2229, 0.0032],
    [0.049, 0.0957, 0.2199, 0.6221, 0.0133],
    [0.0167, 0.6439, 0.1763, 0.1535, 0.0096],
    [0.1199, 0.493, 0.1682, 0.1278, 0.0911],
    [0.1122, 0.2477, 0.1552, 0.429, 0.0558],
    [0.1013, 0.256, 0.3845, 0.2462, 0.012],
    [0.3022, 0.1472, 0.1459, 0.2011, 0.2037]
  ],
  "Z_est": {},
  "V_est": [
    [0, 0, 1889, 0, 0],
    [592.7275, 1604.8883, 2614.3846, 8255.9996, 0],
    [0, 1554.3576, 298.8009, 120.8416, 0],
    [286.3439, 1223.8093, 387.676, 762.7759, 282.3949],
    [254.2802, 222.2274, 0, 1276.3829, 128.1095],
    [58.6225, 309.2389, 550.1386, 0, 0],
    [433.0259, 0.4785, 0, 0, 327.4956]
  ],
  "p_est": [
    [0, 0, 1, 0, 0],
    [0.0454, 0.1228, 0.2001, 0.6318, 0],
    [0, 0.7874, 0.1514, 0.0612, 0],
    [0.0973, 0.4158, 0.1317, 0.2592, 0.096],
    [0.1352, 0.1181, 0, 0.6786, 0.0681],
    [0.0639, 0.3369, 0.5993, 0, 0],
    [0.569, 0.0006, 0, 0, 0.4303]
  ],
  "EI_Z": {},
  "EI_V": 12.6743,
  "MAE_Z": {},
  "MAE_V": 169.7193,
  "MAE_p": 0.0983,
  "runtime": 1.527
}
