{
  "Z_true": {},
  "V_true": [
    [34, 490, 95, 674, 211],
    [35, 81, 484, 607, 600],
    [255, 254, 5586, 4021, 380],
    [126, 3776, 124, 2997, 161],
    [46, 115, 54, 6935, 62],
    [1101, 495, 222, 1240, 76],
    [50, 101, 218, 671, 349]
  ],
  "p_true": [
    [0.0226, 0.3258, 0.0632, 0.4481, 0.1403],
    [0.0194, 0.0448, 0.2678, 0.3359, 0.332],
    [0.0243, 0.0242, 0.5322, 0.3831, 0.0362],
    [0.0175, 0.5256, 0.0173, 0.4172, 0.0224],
    [0.0064, 0.0159, 0.0075, 0.9616, 0.0086],
    [0.3513, 0.1579, 0.0708, 0.3957, 0.0243],
    [0.036, 0.0727, 0.1569, 0.4831, 0.2513]
  ],
  "Z_est": [
    [
      [0.6457, 0.7923, 0.051, 0.2215, 0.5408, 0.5613, 0.724, 1.4315, 0.2795, 0.4025, 0.8687, 0.65, 0.2536, 0.2551, 0.8889, 0.9372, 0.4311, 1.1419, 0.3872, 0.6401, 0.9893, 0.9628, 0.6639, 0.8822, 0.1651, 0.42, 0.1472, 0.0372, 1.2095, 0.1175, 2.6084, 0.3863],
      [32.28, 44.9047, 1.1865, 7.2549, 40.1251, 17.2763, 42.3874, 51.8679, 21.8686, 30.8267, 58.8415, 27.4585, 21.0781, 11.0224, 22.374, 22.5936, 17.0198, 65.3939, 6.7672, 19.2985, 66.5893, 53.5435, 44.0699, 50.4417, 6.6761, 19.4288, 12.8442, 4.1855, 75.8802, 8.8589, 74.4123, 9.6717],
      [1.7489, 1.6682, 0.1235, 1.034, 3.0829, 1.6762, 2.6265, 3.3945, 1.0396, 0.9772, 3.5352, 2.3083, 0.6828, 0.8116, 1.8827, 2.4878, 1.3981, 3.5909, 0.7268, 1.7693, 3.9347, 3.1459, 2.023, 3.0895, 0.455, 1.2048, 0.5249, 0.1695, 3.5786, 0.5056, 7.9856, 1.0134],
      [7.0079, 7.5003, 0.4386, 3.3856, 9.9596, 5.5759, 8.1391, 12.8806, 3.7497, 5.1334, 13.3247, 8.2398, 3.3482, 2.4805, 7.413, 9.2005, 4.7734, 14.4948, 2.5967, 6.0887, 15.7357, 12.0222, 9.0599, 13.3506, 1.5663, 4.6268, 2.6484, 0.6867, 14.8037, 1.6486, 25.3558, 1.9688],
      [4.3175, 6.1345, 0.2004, 3.1041, 12.2917, 2.9103, 7.1229, 9.4256, 3.0627, 6.6602, 11.4299, 5.3435, 1.6373, 2.4304, 4.4414, 7.7809, 4.3776, 8.3785, 2.5221, 4.2035, 9.751, 7.3255, 7.1833, 8.236, 2.1375, 5.3196, 1.8354, 0.9211, 9.528, 1.8694, 26.6378, 2.9598]
    ],
    [
      [2.0394, 2.0068, 0.8627, 0.9316, 2.1779, 1.8843, 2.5382, 5.1206, 1.5922, 1.0056, 3.8663, 6.7411, 1.8861, 2.4161, 4.3262, 6.8265, 1.5775, 3.529, 3.6343, 3.7053, 5.4125, 3.7436, 2.1563, 2.0279, 1.0421, 1.3454, 0.3975, 0.3832, 4.0218, 0.8086, 11.5211, 1.1213],
      [0.01, 0.0125, 0, 0, 0.0461, 0.0068, 0.0139, 0.0157, 0.01, 0.0165, 0.0239, 0.0234, 0.0192, 0.0108, 0.0072, 0, 0.0047, 0.0215, 0, 0.0062, 0.0399, 0.0211, 0.0128, 0.0117, 0.0074, 0.0078, 0.0025, 0.0047, 0.0271, 0.0048, 0.0482, 0.0246],
      [15.1867, 11.8359, 5.8829, 11.9477, 32.3542, 15.4623, 25.3448, 32.8027, 16.2422, 7.1641, 42.5435, 65.4256, 14.1698, 21.0325, 24.8861, 49.5804, 14.0761, 30.3408, 18.8044, 27.9958, 58.148, 33.4553, 18.1482, 19.3487, 7.8673, 10.5988, 3.9545, 4.7581, 32.7398, 9.5467, 96.426, 8.1234],
      [3.0028, 2.5841, 0.9994, 1.9292, 5.2457, 2.5336, 3.8703, 6.1609, 2.8875, 1.7714, 7.9433, 11.5571, 3.3964, 3.1738, 4.86, 9.0972, 2.3645, 6.0635, 3.3631, 4.7633, 11.5338, 6.3301, 3.9844, 4.1347, 1.3395, 2.0144, 0.9592, 0.9544, 6.6841, 1.5303, 15.262, 0.7667],
      [12.7611, 14.5607, 3.2551, 12.1914, 44.1762, 9.1131, 23.2329, 30.9001, 16.2681, 16.0425, 46.6231, 51.2528, 11.5285, 21.3669, 19.9205, 52.4959, 14.9772, 24.0453, 22.1982, 22.5295, 48.8658, 26.4498, 21.6983, 17.4769, 12.7437, 16.0337, 4.6863, 8.8996, 29.5273, 12.1095, 108.7427, 7.9641]
    ],
    [
      [4.2886, 4.8138, 0.8359, 2.8106, 3.2948, 4.037, 7.5423, 7.8885, 3.9421, 2.5396, 9.0774, 11.904, 4.0115, 9.4067, 11.9702, 19.8633, 3.6669, 10.3584, 5.9302, 8.6068, 11.2542, 9.3127, 5.5462, 9.1551, 3.1716, 3.8984, 0.8144, 2.0493, 8.8945, 1.8388, 17.1051, 2.1602],
      [0.5633, 0.7671, 0.0118, 0.0272, 1.2508, 0.3649, 1.1228, 0.7323, 0.7297, 0.7047, 1.6584, 1.2163, 1.0113, 1.1196, 0.6499, 0, 0.3346, 1.7106, 0, 0.5239, 2.3257, 1.4116, 0.9282, 1.5362, 0.4259, 0.5246, 0.1624, 0.7649, 1.5565, 0.3297, 1.4497, 0.4875],
      [72.3012, 64.2327, 13.1058, 79.9471, 141.8505, 74.611, 168.9765, 119.7477, 91.2198, 39.9828, 242.334, 261.4495, 66.2002, 185.21, 171.3541, 334.8759, 73.0008, 203.0465, 81.5256, 151.026, 297.7524, 189.1577, 106.0465, 203.7897, 53.1556, 68.801, 18.6368, 65.8557, 163.9322, 49.2655, 327.982, 38.3359],
      [103.8551, 102.1642, 16.3982, 94.0387, 165.3107, 88.9407, 187.4867, 163.1443, 117.8126, 72.0834, 327.9676, 334.9871, 115.961, 203.1394, 242.3993, 445.4086, 89.1789, 294.3112, 104.882, 186.5575, 427.8984, 259.513, 169.5345, 316.0485, 65.4716, 94.8121, 33.1552, 95.7876, 243.004, 57.4141, 374.4944, 26.2615],
      [5.9918, 8.0223, 0.6483, 8.1765, 18.2931, 4.0465, 15.8717, 11.4873, 9.2957, 8.6895, 26.9626, 20.443, 4.816, 19.1243, 13.6266, 35.8522, 7.8188, 15.5733, 9.6622, 12.2858, 24.7692, 14.605, 12.9447, 18.4704, 7.7753, 9.964, 2.2312, 11.5424, 14.6128, 6.1519, 35.9688, 3.755]
    ],
    [
      [2.4118, 3.3176, 0.3309, 1.0846, 1.4736, 2.2612, 3.095, 4.201, 1.3231, 1.869, 3.4236, 3.847, 1.4193, 1.8691, 4.9443, 4.9484, 1.8765, 6.3608, 1.6371, 2.8454, 3.7538, 4.3966, 2.4348, 3.9037, 0.8612, 1.6333, 0.5466, 0.7064, 3.8468, 0.6306, 8.9441, 1.4989],
      [109.375, 169.5635, 6.9925, 32.2964, 127.4326, 63.244, 164.0409, 146.4888, 94.4487, 121.7384, 227.0252, 149.1642, 103.1808, 74.3012, 122.5028, 110.4964, 66.6589, 333.6532, 27.8979, 79.9502, 248.8934, 223.6634, 148.2908, 210.4914, 31.4103, 68.2482, 44.7754, 91.0835, 220.0314, 43.3588, 236.4069, 37.9524],
      [8.9051, 9.0652, 1.1324, 6.8871, 14.8604, 9.201, 15.127, 14.4117, 6.7369, 5.1408, 20.4715, 18.7772, 4.8397, 8.1666, 15.6001, 18.254, 8.194, 27.5317, 4.5314, 10.9818, 22.1057, 19.7555, 10.0168, 19.2839, 3.2543, 6.3819, 2.6501, 5.6682, 15.4785, 3.7344, 37.8378, 5.6599],
      [64.8881, 77.3356, 7.2709, 41.3958, 86.4188, 55.9399, 85.9681, 99.3866, 44.2413, 55.5749, 140.3766, 122.2616, 45.0101, 45.6919, 111.1411, 123.0971, 51.1158, 201.9671, 29.4163, 69.0097, 160.6202, 137.1311, 83.3247, 152.0895, 20.1917, 44.4339, 25.3694, 41.1298, 117.2018, 22.0852, 220.0927, 21.0969],
      [3.4201, 5.718, 0.2733, 3.336, 8.8146, 2.3539, 6.7691, 6.5119, 3.25, 5.6769, 10.7031, 6.9501, 1.55, 3.9712, 5.8117, 9.2042, 4.1549, 9.4872, 2.5173, 4.2129, 8.6269, 7.0533, 5.9329, 8.2316, 2.2825, 4.3028, 1.6585, 4.4121, 6.4414, 2.191, 19.7185, 2.7919]
    ],
    [
      [0.9587, 1.0916, 0.1195, 0.4888, 0.4273, 0.6267, 1.4667, 1.192, 0.8601, 0.6215, 1.7709, 2.3723, 0.905, 1.6323, 2.128, 4.4015, 0.9768, 2.2047, 0.9755, 1.653, 1.8756, 2.0678, 1.0472, 2.2224, 0.5001, 0.8528, 0.225, 0.3916, 1.9951, 0.7348, 2.56, 0.5111],
      [2.3958, 3.1555, 0.1257, 0.7134, 2.6247, 0.9731, 4.2605, 2.3368, 3.3229, 2.4132, 7.1427, 4.9836, 3.6259, 3.5602, 3.2886, 4.2975, 1.8151, 6.5214, 1.1277, 2.5685, 7.785, 5.8375, 3.5202, 7.0595, 0.9889, 1.9449, 1.0017, 3.5843, 6.3399, 2.6285, 3.8159, 0.8797],
      [14.145, 12.6768, 1.6694, 12.1117, 20.8683, 10.2253, 28.7701, 16.7084, 17.4991, 8.0034, 46.759, 45.8865, 12.4127, 28.4677, 31.1991, 62.8867, 16.5186, 38.3525, 15.3683, 26.3764, 49.4517, 37.0721, 17.6526, 46.1437, 7.3364, 13.0104, 4.63, 15.7616, 32.159, 16.9349, 43.9688, 8.5084],
      [124.4101, 124.5002, 13.0117, 87.4789, 147.6444, 74.683, 195.8309, 139.1938, 138.5462, 90.3761, 386.2502, 359.3603, 134.4364, 191.4642, 268.0524, 509.9013, 123.9541, 339.3331, 119.7617, 199.3168, 433.0543, 310.4492, 173.6382, 437.6034, 55.2202, 109.5086, 51.5392, 138.9877, 291.8671, 120.7036, 306.1331, 36.2744],
      [1.0905, 1.576, 0.0738, 1.2072, 2.4353, 0.4919, 2.6717, 1.5689, 1.7717, 1.5858, 5.0772, 3.3974, 0.62, 2.8757, 2.3319, 6.5129, 1.7354, 2.5883, 1.7668, 2.0853, 3.8334, 2.5734, 2.1418, 3.971, 0.9543, 1.6833, 0.6041, 2.2748, 2.6388, 1.9983, 4.5223, 0.8263]
    ],
    [
      [35.3181, 72.1803, 7.2539, 4.6456, 22.6769, 14.8385, 29.2168, 32.791, 12.4952, 11.5919, 44.7548, 80.1066, 25.4315, 34.1481, 60.5014, 75.5743, 17.0106, 60.8405, 27.7223, 39.6848, 79.631, 47.041, 29.0374, 45.7314, 13.3459, 31.1534, 5.5753, 4.5072, 47.0587, 5.2287, 86.651, 8.9751],
      [8.3524, 19.5598, 0.6812, 0.7012, 7.479, 2.1262, 8.1251, 5.5292, 4.5804, 4.2694, 14.2327, 16.0908, 10.0513, 6.9355, 7.1359, 8.5785, 3.1476, 16.6254, 2.1976, 5.6161, 25.2433, 12.4541, 9.1296, 12.3962, 2.4773, 6.8164, 2.2053, 2.3388, 14.0979, 1.8031, 11.7861, 0.9801],
      [2.5817, 3.9304, 0.4597, 0.5733, 3.2659, 1.1769, 2.8548, 2.0577, 1.2443, 0.7738, 4.8531, 7.6799, 1.8145, 2.9011, 3.4622, 5.4118, 1.4751, 5.1738, 1.3941, 2.9354, 8.4804, 4.1558, 2.3659, 4.299, 0.9882, 2.429, 0.5174, 0.5434, 3.7628, 0.5946, 7.1331, 0.5737],
      [49.6495, 88.957, 7.6053, 9.045, 50.3924, 18.8345, 42.6357, 37.4995, 21.602, 19.2829, 87.8344, 131.8046, 43.7028, 42.8326, 64.7559, 96.0937, 24.2709, 100.2016, 23.5868, 48.6212, 162.2935, 76.1981, 51.2824, 89.3518, 16.1415, 44.4826, 12.656, 10.5578, 74.9137, 9.3302, 109.0736, 5.4354],
      [0.0982, 0.3725, 0, 0.0348, 0.1858, 0.0239, 0.1676, 0.1227, 0.0781, 0.0821, 0.3249, 0.3181, 0, 0.1827, 0.1446, 0.3417, 0.0959, 0.1586, 0.0992, 0.1425, 0.3518, 0.151, 0.1847, 0.2217, 0.0471, 0.1185, 0.046, 0.0528, 0.1669, 0.0435, 0.3562, 0.0357]
    ],
    [
      [1.3377, 1.7976, 0.5462, 0.8172, 1.4087, 0.791, 2.4171, 2.3755, 1.5078, 0.9699, 3.2383, 4.3791, 1.093, 3.2726, 5.2409, 6.4488, 1.4606, 3.5648, 3.7134, 3.8647, 5.0836, 3.4754, 2.1143, 3.0772, 0.9139, 1.6968, 0.294, 0.9251, 2.9735, 0.6409, 7.6103, 0.3472],
      [0.0235, 0.0369, 0.0023, 0.0069, 0.0418, 0.0087, 0.0494, 0.0293, 0.0398, 0.0312, 0.0755, 0.0633, 0.0334, 0.0503, 0.0417, 0.034, 0.0194, 0.074, 0.0096, 0.0365, 0.1234, 0.0689, 0.0485, 0.0633, 0.0141, 0.0293, 0.0084, 0.0382, 0.0671, 0.0162, 0.0808, 0.004],
      [7.1313, 7.5908, 2.6264, 7.4991, 14.7178, 4.6473, 17.3003, 10.8773, 11.018, 4.958, 25.5037, 30.4731, 5.8802, 20.4106, 21.6158, 33.5033, 9.3375, 21.9638, 13.6494, 20.9154, 39.127, 22.2576, 12.7469, 21.0455, 4.9431, 9.574, 2.0865, 8.2435, 17.3492, 5.4184, 45.6668, 1.7854],
      [10.1865, 11.9586, 3.276, 8.7267, 17.0285, 5.4925, 19.0691, 14.7344, 14.1608, 8.7779, 34.3033, 38.7894, 10.1451, 22.2177, 30.3783, 44.2015, 11.3424, 31.6287, 17.3934, 25.6428, 55.864, 30.3562, 20.1759, 32.4215, 6.0692, 13.1217, 3.6727, 11.896, 25.5256, 6.2881, 51.5883, 1.1963],
      [2.3209, 3.616, 0.5491, 2.95, 7.8033, 1.0605, 6.1641, 3.9835, 4.2737, 4.263, 10.8792, 9.2952, 1.8482, 8.0488, 6.7233, 13.8123, 3.8401, 6.7688, 6.2342, 6.5406, 12.8019, 6.8419, 5.9144, 7.3924, 3.0596, 5.5781, 0.9384, 5.8972, 6.0847, 2.6365, 20.0538, 0.6672]
    ]
  ],
  "V_est": [
    [20.6934, 988.4277, 64.1955, 239.2043, 191.4791],
    [92.6488, 0.4609, 786.1932, 143.0605, 784.6366],
    [211.9893, 26.4021, 4218.7085, 5619.4221, 419.478],
    [87.6959, 3935.0576, 380.6425, 2602.2739, 178.3301],
    [41.8563, 106.6387, 759.5344, 6232.4848, 71.4858],
    [1112.7192, 253.7434, 91.8629, 1670.9251, 4.7495],
    [79.3972, 1.2695, 481.8631, 637.6293, 188.8409]
  ],
  "p_est": [
    [0.0138, 0.6572, 0.0427, 0.159, 0.1273],
    [0.0513, 0.0003, 0.4351, 0.0792, 0.4342],
    [0.0202, 0.0025, 0.4019, 0.5354, 0.04],
    [0.0122, 0.5478, 0.053, 0.3622, 0.0248],
    [0.0058, 0.0148, 0.1053, 0.8642, 0.0099],
    [0.355, 0.081, 0.0293, 0.5332, 0.0015],
    [0.0572, 0.0009, 0.3469, 0.4591, 0.136]
  ],
  "EI_Z": {},
  "EI_V": 13.9484,
  "MAE_Z": {},
  "MAE_V": 260.8435,
  "MAE_p": 0.0743,
  "runtime": 0.018
}
