{
  "X": [
    [63, 411, 544, 45],
    [13, 145, 84, 11],
    [11, 256, 255, 27],
    [115, 1858, 2633, 217],
    [69, 1182, 1348, 142],
    [6, 192, 177, 26],
    [3, 26, 15, 2],
    [69, 990, 880, 134],
    [1, 12, 22, 0],
    [1, 84, 120, 17],
    [1, 8, 20, 2],
    [5, 26, 34, 5],
    [45, 1592, 874, 163],
    [35, 375, 496, 33],
    [38, 226, 230, 18],
    [6, 177, 220, 30],
    [1, 13, 12, 2],
    [12, 242, 328, 32],
    [2, 20, 21, 2],
    [8, 106, 131, 11],
    [12, 176, 294, 24],
    [3, 108, 238, 9],
    [15, 169, 231, 17],
    [51, 384, 406, 37],
    [3, 99, 93, 4],
    [12, 240, 318, 25],
    [4, 123, 163, 29],
    [12, 69, 152, 12],
    [16, 320, 492, 37],
    [14, 162, 212, 19],
    [13, 153, 381, 19],
    [4, 63, 63, 8],
    [11, 122, 379, 18],
    [24, 221, 397, 25],
    [5, 92, 248, 19],
    [25, 168, 275, 28],
    [7, 113, 224, 14],
    [4, 55, 137, 5],
    [29, 411, 603, 54],
    [12, 272, 142, 44],
    [0, 21, 15, 3],
    [0, 10, 5, 2],
    [0, 6, 6, 2],
    [0, 16, 4, 3],
    [17, 221, 308, 30],
    [39, 443, 344, 53],
    [24, 453, 428, 54],
    [3, 13, 9, 3],
    [6, 76, 139, 14],
    [12, 298, 172, 27],
    [7, 313, 217, 35],
    [9, 158, 166, 21],
    [7, 225, 118, 23],
    [15, 446, 239, 41],
    [3, 59, 25, 6],
    [13, 358, 332, 55],
    [5, 161, 208, 19],
    [5, 157, 86, 19],
    [26, 459, 675, 53],
    [3, 20, 11, 2],
    [0, 5, 7, 3],
    [106, 552, 520, 76],
    [148, 1302, 943, 197],
    [103, 880, 774, 171]
  ],
  "W": [
    [134, 328, 502, 43, 33, 23],
    [45, 130, 49, 5, 20, 4],
    [29, 240, 229, 26, 13, 12],
    [253, 1781, 2411, 204, 91, 83],
    [241, 1005, 1225, 132, 94, 44],
    [16, 172, 156, 32, 9, 16],
    [8, 21, 15, 1, 1, 0],
    [190, 843, 789, 133, 69, 49],
    [0, 12, 21, 1, 1, 0],
    [6, 84, 104, 10, 8, 10],
    [1, 8, 18, 1, 3, 0],
    [8, 22, 29, 5, 5, 1],
    [89, 1522, 718, 240, 40, 65],
    [95, 315, 440, 19, 51, 19],
    [92, 175, 204, 9, 21, 11],
    [8, 178, 200, 30, 4, 13],
    [1, 14, 12, 0, 0, 1],
    [34, 228, 277, 48, 21, 6],
    [1, 22, 21, 1, 0, 0],
    [15, 90, 119, 15, 12, 5],
    [43, 144, 255, 40, 20, 4],
    [17, 105, 216, 8, 4, 8],
    [44, 134, 217, 16, 11, 10],
    [130, 308, 353, 28, 41, 18],
    [8, 89, 75, 14, 10, 3],
    [35, 203, 289, 22, 28, 18],
    [16, 117, 139, 28, 13, 6],
    [20, 61, 133, 8, 15, 8],
    [66, 276, 415, 60, 27, 21],
    [52, 146, 174, 8, 24, 3],
    [36, 138, 339, 25, 16, 12],
    [10, 58, 55, 10, 3, 2],
    [36, 121, 332, 25, 10, 6],
    [48, 209, 353, 20, 23, 14],
    [18, 99, 197, 30, 14, 6],
    [22, 182, 239, 24, 13, 16],
    [14, 101, 207, 18, 8, 10],
    [9, 48, 122, 11, 6, 5],
    [76, 390, 510, 58, 40, 23],
    [46, 240, 114, 44, 12, 14],
    [0, 21, 16, 1, 1, 0],
    [0, 11, 4, 0, 1, 1],
    [0, 5, 3, 6, 0, 0],
    [1, 12, 6, 4, 0, 0],
    [53, 192, 259, 36, 22, 14],
    [113, 342, 317, 45, 40, 22],
    [95, 368, 375, 44, 61, 16],
    [4, 11, 9, 4, 0, 0],
    [18, 61, 131, 7, 15, 3],
    [12, 283, 155, 31, 13, 15],
    [14, 295, 202, 37, 14, 10],
    [6, 157, 144, 34, 5, 8],
    [5, 211, 103, 36, 7, 11],
    [25, 412, 202, 63, 18, 21],
    [3, 49, 26, 9, 0, 6],
    [25, 342, 245, 114, 21, 11],
    [18, 155, 171, 29, 9, 11],
    [31, 125, 76, 15, 9, 11],
    [61, 468, 536, 82, 43, 23],
    [6, 11, 12, 0, 6, 1],
    [0, 5, 7, 0, 3, 0],
    [177, 509, 459, 22, 79, 8],
    [195, 1287, 835, 114, 104, 55],
    [134, 841, 685, 99, 119, 50]
  ],
  "method": "mult",
  "cond_prob": [
    [
      [0.32108083627, 0.47650219963, 0.1916634042, 0.010753559908],
      [0.022648601725, 0.83544694309, 0.068249720096, 0.073654735092],
      [0.0017251288967, 0.037882689458, 0.95691994539, 0.0034722362579],
      [8.2734681497e-06, 0.5317502505, 0.30253587303, 0.165705603],
      [0.22616721236, 0.28324262029, 0.25279408763, 0.23779607973],
      [0.010041345635, 0.68375019308, 0.20284183233, 0.10336662895]
    ],
    [
      [0.20207096454, 0.53585817225, 0.25397873566, 0.0080921275462],
      [0.012834654897, 0.85467944353, 0.08201553045, 0.050470371121],
      [0.00081144078756, 0.032070783517, 0.96514718008, 0.0019705956193],
      [4.5859166672e-06, 0.53166601127, 0.35681527818, 0.11151412463],
      [0.14540176455, 0.32606614099, 0.34348540654, 0.18504668791],
      [0.0055782406069, 0.68546175311, 0.23942388433, 0.069536121956]
    ],
    [
      [0.21218116931, 0.55332269716, 0.22252424387, 0.011971889656],
      [0.012896390946, 0.84645034966, 0.069080913998, 0.071572345399],
      [0.00096888052654, 0.037838488726, 0.95786545428, 0.0033271764645],
      [4.6786263127e-06, 0.53522846335, 0.30451900835, 0.16024784968],
      [0.14354894299, 0.31712900056, 0.28312139797, 0.25620065848],
      [0.0056913601906, 0.68971726691, 0.20452201869, 0.10006935421]
    ],
    [
      [0.25995054208, 0.50863752247, 0.21906784806, 0.012344087387],
      [0.01715587603, 0.83129279206, 0.072775424524, 0.078775907385],
      [0.0012308437069, 0.035552037348, 0.95971557923, 0.0035015397178],
      [6.0924084705e-06, 0.51456692914, 0.31343979782, 0.17198718063],
      [0.17515222887, 0.28902060599, 0.27606589325, 0.25976127188],
      [0.0074952551696, 0.6705569058, 0.21307315391, 0.10887468511]
    ],
    [
      [0.19374422892, 0.56929879628, 0.22345878992, 0.013498184884],
      [0.011580653343, 0.84310312197, 0.067255522996, 0.078060701691],
      [0.00089573541141, 0.038862951082, 0.95650125492, 0.0037400585887],
      [4.187882647e-06, 0.53139436722, 0.29500492276, 0.17359652214],
      [0.12798761874, 0.31717426124, 0.27612867378, 0.27870944624],
      [0.0051109265514, 0.68696939907, 0.19892614072, 0.10899353365]
    ],
    [
      [0.19164641775, 0.56779913637, 0.22602750239, 0.014526943489],
      [0.011111685689, 0.83752610812, 0.067614066253, 0.083748139939],
      [0.00085039284369, 0.038123584604, 0.95705980283, 0.0039662197255],
      [3.9680800073e-06, 0.52144817915, 0.29370899894, 0.18483885383],
      [0.12261104517, 0.30878058301, 0.27297468618, 0.29563368564],
      [0.004879610685, 0.67921260459, 0.19931763713, 0.1165901476]
    ],
    [
      [0.29443224149, 0.53446999319, 0.16106961074, 0.010028154589],
      [0.017272501275, 0.86633206645, 0.051913108581, 0.064482323692],
      [0.0016221491698, 0.047112006359, 0.94761727082, 0.0036485736526],
      [6.7535786649e-06, 0.58598325887, 0.25098779641, 0.16302219114],
      [0.20533985445, 0.32221545533, 0.21813835554, 0.25430633468],
      [0.0079573390278, 0.73433401931, 0.16206331326, 0.095645328406]
    ],
    [
      [0.23581283697, 0.54304053332, 0.20680796177, 0.014338667936],
      [0.014619124675, 0.83471448269, 0.064597823291, 0.086068569347],
      [0.0011744954039, 0.039961071104, 0.95458140222, 0.0042830312757],
      [5.2817635905e-06, 0.52561509303, 0.28312069751, 0.19125892769],
      [0.15420080232, 0.29954093113, 0.25303017635, 0.2932280902],
      [0.0064658194744, 0.68160090908, 0.19149160121, 0.12044167023]
    ],
    [
      [0.69619632693, 0.21754075566, 0.086262917419, 0],
      [0.041814417055, 0.88903366181, 0.069151921132, 0],
      [0.0029149583624, 0.03579907665, 0.96128596499, 0],
      [1.7022271768e-05, 0.63976242355, 0.36022055418, 0],
      [0.56253900313, 0.23031566091, 0.20714533596, 0],
      [0.019207882115, 0.76131649255, 0.21947562533, 0]
    ],
    [
      [0.076685276321, 0.61104992722, 0.28959288041, 0.02267191604],
      [0.0038468577757, 0.80266947617, 0.076972217178, 0.11651144887],
      [0.00025899165338, 0.032050848479, 0.96284318043, 0.0048469794414],
      [1.2561386196e-06, 0.45697317952, 0.30652212457, 0.23650343977],
      [0.040604693997, 0.27735876646, 0.29233898301, 0.38969755653],
      [0.001620416559, 0.62446695291, 0.21796763858, 0.15594499194]
    ],
    [
      [0.34698810551, 0.43180081414, 0.20743185736, 0.013779222991],
      [0.018621017508, 0.80541560533, 0.075230549325, 0.10073282783],
      [0.0012196578542, 0.029221110046, 0.96558910086, 0.0039701312384],
      [6.2303452114e-06, 0.46111988226, 0.3146854043, 0.2241884831],
      [0.19805284732, 0.22773188321, 0.24953334214, 0.32468192733],
      [0.007977006266, 0.63169271115, 0.21974476281, 0.14058551978]
    ],
    [
      [0.3689669666, 0.42741052604, 0.19050922071, 0.013113286649],
      [0.025804732978, 0.8054433213, 0.071850070889, 0.096901874834],
      [0.0018209790464, 0.033088946258, 0.96090861659, 0.0041814581094],
      [8.93155379e-06, 0.482871873, 0.30517491839, 0.21194427706],
      [0.2382174021, 0.23701702486, 0.2365364337, 0.28822913934],
      [0.011205039819, 0.64385664448, 0.21049117984, 0.13444713586]
    ],
    [
      [0.21273290053, 0.56149535152, 0.21418929592, 0.011582452033],
      [0.01301048821, 0.85226811775, 0.066073287177, 0.068648106861],
      [0.0010230108603, 0.039948337027, 0.95568423622, 0.0033444158974],
      [4.801863652e-06, 0.54834180336, 0.29585089117, 0.15580250361],
      [0.14675250602, 0.32689329855, 0.27656738628, 0.24978680915],
      [0.0057908519755, 0.7004234717, 0.1971169106, 0.096668765725]
    ],
    [
      [0.23334829383, 0.53637764837, 0.22127245876, 0.0090015990378],
      [0.014984683563, 0.85703322938, 0.071796877558, 0.056185209502],
      [0.0010874391362, 0.037018891262, 0.95937012471, 0.0025235448957],
      [5.5280200087e-06, 0.55087329761, 0.32144993983, 0.12767123454],
      [0.16868787435, 0.32730053472, 0.29962076302, 0.20439082791],
      [0.0066414651237, 0.70119425443, 0.21333394685, 0.078830333598]
    ],
    [
      [0.30027450872, 0.49731256623, 0.19365264981, 0.0087602752407],
      [0.020655449851, 0.85318438377, 0.067406290467, 0.05875387591],
      [0.0015887926143, 0.039008424874, 0.95660966772, 0.0027931147901],
      [7.7445629838e-06, 0.55710814177, 0.30691701275, 0.13596710092],
      [0.22081010666, 0.30875649663, 0.26693670606, 0.20349669066],
      [0.0092482882693, 0.70501307971, 0.20240562913, 0.083333002891]
    ],
    [
      [0.26679424711, 0.49821714501, 0.21818877711, 0.016799830776],
      [0.016737886139, 0.80553182952, 0.071551924882, 0.10617835946],
      [0.0012133325169, 0.034757393966, 0.95926344029, 0.0047658332233],
      [5.7057443357e-06, 0.4791553768, 0.29688703912, 0.22395187834],
      [0.16236013396, 0.2589093242, 0.25179646325, 0.3269340786],
      [0.0072073783784, 0.64086980753, 0.20689792635, 0.14502488775]
    ],
    [
      [0.57165177466, 0.30050702114, 0.11644410406, 0.01139710014],
      [0.030637720178, 0.78912007221, 0.059942946625, 0.12029926099],
      [0.0024011916012, 0.035745152478, 0.95618680938, 0.0056668465413],
      [1.0273238193e-05, 0.46506994192, 0.25664330369, 0.27827648115],
      [0.32109085939, 0.18549573382, 0.16288482924, 0.33052857755],
      [0.013273731351, 0.63511653322, 0.17922310568, 0.17238662975]
    ],
    [
      [0.20451249869, 0.53623933993, 0.246447218, 0.012800943382],
      [0.01264233812, 0.8321302547, 0.077618593517, 0.077608813658],
      [0.00085017550876, 0.0332930381, 0.9626268143, 0.0032299720949],
      [4.4024772677e-06, 0.50498676069, 0.32831817142, 0.16669066541],
      [0.13406316888, 0.29752281727, 0.30352942482, 0.26488458903],
      [0.0054601853238, 0.66351995259, 0.22485165251, 0.10616820957]
    ],
    [
      [0.63586108027, 0.25738481369, 0.10058346769, 0.006170638349],
      [0.049581422798, 0.81029313044, 0.062924975705, 0.077200471059],
      [0.0038404000996, 0.036819589903, 0.95568725254, 0.0036527574574],
      [1.8160446284e-05, 0.52249436106, 0.28992614945, 0.18756132905],
      [0.45700724545, 0.18692729879, 0.16424253784, 0.19182291793],
      [0.022156131733, 0.6729280872, 0.19239701312, 0.11251876795]
    ],
    [
      [0.26763230667, 0.51841969034, 0.20451415246, 0.0094338505253],
      [0.017222524929, 0.85382660617, 0.068191950565, 0.060758918335],
      [0.0013047816713, 0.038346695305, 0.95750561515, 0.0028429078742],
      [6.3933549913e-06, 0.55198838804, 0.3081663637, 0.13983885491],
      [0.19141928187, 0.31537231341, 0.27660379179, 0.21660461292],
      [0.0076751423451, 0.70230309551, 0.20408985655, 0.0859319056]
    ],
    [
      [0.19671400442, 0.54688044438, 0.24357966511, 0.01282588609],
      [0.011978620133, 0.83589602098, 0.075521728308, 0.076603630579],
      [0.00082683541625, 0.034283304305, 0.96161999147, 0.003269868813],
      [4.208626572e-06, 0.51153034573, 0.32231492243, 0.16615052321],
      [0.12918968968, 0.30381814991, 0.30049599551, 0.26649616489],
      [0.0051989076625, 0.66960920871, 0.21985527615, 0.10533660748]
    ],
    [
      [0.13347336363, 0.58167021759, 0.27416365737, 0.010692761409],
      [0.0076075376426, 0.85005044611, 0.081179975917, 0.061162040331],
      [0.00048902612439, 0.032426539406, 0.96465740821, 0.0024270262603],
      [2.6708413282e-06, 0.51999085463, 0.34675448167, 0.13325199286],
      [0.089476888291, 0.33199813702, 0.34775823286, 0.23076674184],
      [0.0032845645648, 0.6775757082, 0.2353066901, 0.08383303714]
    ],
    [
      [0.24440247773, 0.53718540095, 0.20716324195, 0.011248879366],
      [0.015360710332, 0.84876311304, 0.066375302632, 0.069500873992],
      [0.0011986608378, 0.0393353992, 0.95611542368, 0.003350516285],
      [5.6591691547e-06, 0.5445739625, 0.29711990231, 0.15830047602],
      [0.16906014232, 0.31442888104, 0.26932191243, 0.24718906421],
      [0.0068348192952, 0.69701120801, 0.19812737178, 0.098026600911]
    ],
    [
      [0.27490287813, 0.51008987654, 0.20502900433, 0.0099782410027],
      [0.018377472844, 0.84765622485, 0.069187206749, 0.064779095556],
      [0.0013811471411, 0.037917671746, 0.95768838875, 0.00301279236],
      [6.7674490246e-06, 0.54384207886, 0.30921567812, 0.14693547557],
      [0.19599051394, 0.30687634938, 0.27371747993, 0.22341565675],
      [0.0081605486997, 0.69481135666, 0.20597013854, 0.091057956105]
    ],
    [
      [0.16057910872, 0.58973851976, 0.24548268007, 0.0041996914467],
      [0.0093466756295, 0.89083292518, 0.0750083142, 0.024812084989],
      [0.00064392894529, 0.036387172341, 0.96191282411, 0.0010560746001],
      [3.5657223411e-06, 0.59222549091, 0.34899145004, 0.058779493334],
      [0.12675694873, 0.39780569483, 0.36830432893, 0.10713302751],
      [0.004177752589, 0.73520285214, 0.22539692397, 0.035222471303]
    ],
    [
      [0.18693686738, 0.57314049671, 0.22909176504, 0.010830870869],
      [0.011133751061, 0.85619609192, 0.069451162701, 0.063218994315],
      [0.00083297803578, 0.038096126979, 0.95814461077, 0.0029262842111],
      [4.0852483867e-06, 0.5473759975, 0.30951430818, 0.14310560907],
      [0.12944356678, 0.3357632207, 0.29794368452, 0.23684952801],
      [0.0049313229602, 0.70005818674, 0.20631552041, 0.088694969892]
    ],
    [
      [0.14704497581, 0.56697308146, 0.26314850656, 0.022833436174],
      [0.0080661094786, 0.79262073656, 0.074546257899, 0.12476689606],
      [0.00056194075359, 0.032788588344, 0.96127489515, 0.0053745757488],
      [2.6359069862e-06, 0.45131222078, 0.29640349674, 0.25228164657],
      [0.079288126338, 0.25983674173, 0.26796325866, 0.39291187328],
      [0.0034069515433, 0.61806844051, 0.21139538238, 0.16712922557]
    ],
    [
      [0.33926331492, 0.43033413464, 0.2181103342, 0.012292216247],
      [0.024839106547, 0.80310449017, 0.082343346022, 0.089713057264],
      [0.0015717517886, 0.030051608805, 0.96487535541, 0.0035012839992],
      [8.4038147053e-06, 0.47263458041, 0.3389858039, 0.18837121187],
      [0.22446547732, 0.24159556541, 0.27239525393, 0.26154370334],
      [0.010597508339, 0.63202826727, 0.23587239216, 0.12150183223]
    ],
    [
      [0.17279154597, 0.55789617424, 0.25747528527, 0.011836994513],
      [0.010438575992, 0.84103978407, 0.078814338656, 0.069707301281],
      [0.00069265675683, 0.03321594882, 0.96322837109, 0.0028630233365],
      [3.6603820683e-06, 0.51390346609, 0.33548487941, 0.15060799412],
      [0.11525623656, 0.31440968682, 0.32201467998, 0.24831939664],
      [0.0045145341573, 0.67149309592, 0.22854388926, 0.095448480666]
    ],
    [
      [0.19564935868, 0.54139762499, 0.25054943963, 0.012403576689],
      [0.012042310017, 0.8348438642, 0.07834295061, 0.074770875172],
      [0.00080157127102, 0.033002956788, 0.96312015335, 0.0030753185905],
      [4.1996483816e-06, 0.50696144196, 0.3319492768, 0.1610850816],
      [0.12900394723, 0.30172754542, 0.31013151354, 0.25913699381],
      [0.0052014349089, 0.66545532194, 0.22700145757, 0.10234178558]
    ],
    [
      [0.24601601211, 0.49548221873, 0.24709234152, 0.011409427641],
      [0.016296506196, 0.82583542967, 0.083541389592, 0.074326674542],
      [0.0010213615236, 0.030750975217, 0.96534769357, 0.0028799696928],
      [5.5954947843e-06, 0.49391466851, 0.34842864332, 0.15765109267],
      [0.16491866506, 0.28118357543, 0.31139252185, 0.24250523766],
      [0.0069747235749, 0.65239160415, 0.23982176524, 0.10081190704]
    ],
    [
      [0.26075072331, 0.51403554492, 0.2122599914, 0.01295374037],
      [0.016013767799, 0.83241904218, 0.069369422948, 0.082197767077],
      [0.0011832692847, 0.036347377954, 0.95872872798, 0.0037406247823],
      [5.6972548735e-06, 0.51571012283, 0.30158834621, 0.1826958337],
      [0.16999089261, 0.28751132877, 0.26443430718, 0.27806347144],
      [0.0070204123781, 0.67360221604, 0.20468297884, 0.11469439274]
    ],
    [
      [0.24343402375, 0.47448771632, 0.26843859468, 0.013639665258],
      [0.01631362514, 0.80161986053, 0.091971250733, 0.090095263594],
      [0.00093177348684, 0.027188484153, 0.96870004107, 0.0031797012901],
      [5.3129343114e-06, 0.45468459354, 0.36388435139, 0.18142574213],
      [0.15369296058, 0.25370927717, 0.31880215716, 0.27379560509],
      [0.0068018852394, 0.61688457053, 0.25722828864, 0.11908525559]
    ],
    [
      [0.2999065705, 0.46884852693, 0.22083265495, 0.01041224762],
      [0.021151337622, 0.82786156942, 0.079140924621, 0.07184616834],
      [0.0013967592609, 0.032513521453, 0.96315497501, 0.0029347442783],
      [7.4304500318e-06, 0.50668691263, 0.33759567271, 0.15570998421],
      [0.20833166732, 0.27538008279, 0.28793056267, 0.22835768722],
      [0.0091657706247, 0.66223057402, 0.22998645355, 0.098617201803]
    ],
    [
      [0.18408584931, 0.48666104364, 0.31294575375, 0.016307353298],
      [0.011645541613, 0.7836178718, 0.10211342025, 0.10262316634],
      [0.00059993425099, 0.023956049506, 0.97217578586, 0.0032682303814],
      [3.5922814987e-06, 0.42104526336, 0.38306554486, 0.1958855995],
      [0.10775151574, 0.24194630499, 0.34571699796, 0.30458518131],
      [0.0047168335882, 0.58586207984, 0.27759981704, 0.13182126953]
    ],
    [
      [0.45995618676, 0.34801041277, 0.18078907237, 0.011244328102],
      [0.040715441256, 0.77884710175, 0.08208316519, 0.098354291799],
      [0.002590466681, 0.029469040484, 0.9640692383, 0.0038712545342],
      [1.3742764989e-05, 0.4581846726, 0.33673872344, 0.2050628612],
      [0.31668431323, 0.20324116792, 0.23443707367, 0.24563744518],
      [0.017390639922, 0.61422895005, 0.23523974798, 0.13314066204]
    ],
    [
      [0.26695193224, 0.49993287273, 0.22155812352, 0.011557071504],
      [0.017328919019, 0.83262932557, 0.074768423544, 0.075273331863],
      [0.0012049535029, 0.034363895078, 0.96119660432, 0.0032345471018],
      [6.1293252386e-06, 0.51319959941, 0.32178063921, 0.16501363206],
      [0.18001827595, 0.28712200551, 0.28277143069, 0.25008828785],
      [0.0075491682105, 0.66970475824, 0.21868314681, 0.10406292674]
    ],
    [
      [0.26006103634, 0.49399080759, 0.23820153468, 0.0077466213858],
      [0.016980701701, 0.84831656131, 0.082628399638, 0.052074337353],
      [0.0010685505359, 0.03152008433, 0.96539179237, 0.0020195727665],
      [6.04481897e-06, 0.52563779783, 0.35869605251, 0.11566010484],
      [0.18683323413, 0.30411240214, 0.32653577812, 0.18251858561],
      [0.0073714055214, 0.67958541739, 0.24112630539, 0.071916871698]
    ],
    [
      [0.23483823362, 0.51001596944, 0.24252561055, 0.012620186387],
      [0.015259200411, 0.8252690414, 0.079708153727, 0.079763604466],
      [0.0010019222867, 0.032266762631, 0.96348871152, 0.003242603557],
      [5.2677075799e-06, 0.49649057647, 0.33394827457, 0.16955588125],
      [0.15489480795, 0.28408269519, 0.29973326911, 0.26128922774],
      [0.0065611252683, 0.65511173853, 0.22976680172, 0.10856033448]
    ],
    [
      [0.18724250637, 0.58033558252, 0.21382375197, 0.018598159144],
      [0.010611459634, 0.82450750154, 0.061631368504, 0.10324967032],
      [0.00088704088817, 0.041007683823, 0.95276482377, 0.0053404515168],
      [3.7592040428e-06, 0.50900068842, 0.2653821734, 0.22561337898],
      [0.11233012217, 0.29455199255, 0.24094358775, 0.35217429753],
      [0.0046677196249, 0.66957108294, 0.18190762493, 0.1438535725]
    ],
    [
      [0, 0.74155871604, 0.23635401396, 0.022087269995],
      [0, 0.84667308927, 0.053468175369, 0.099858735357],
      [0, 0.044372180046, 0.95014833432, 0.0054794856369],
      [0, 0.52735484267, 0.23893686044, 0.23370829689],
      [0, 0.33551558998, 0.24078910303, 0.42369530699],
      [0, 0.69449590624, 0.16184227896, 0.1436618148]
    ],
    [
      [0, 0.68687223012, 0.28693519871, 0.02619257117],
      [0, 0.81169827665, 0.064777629268, 0.12352409409],
      [0, 0.029802916459, 0.96539384149, 0.0048032420488],
      [0, 0.45361455772, 0.27300577206, 0.27337967022],
      [0, 0.26559767114, 0.25455804802, 0.47984428084],
      [0, 0.63497192023, 0.19223420662, 0.17279387316]
    ],
    [
      [-0, 0.61351827679, 0.36267995114, 0.023801772068],
      [0, 0.79187302993, 0.088156065621, 0.11997090445],
      [0, 0.020856086647, 0.97565364215, 0.0034902711991],
      [0, 0.40769857177, 0.34721283517, 0.24508859306],
      [-0, 0.24014700832, 0.32878677004, 0.43106622164],
      [0, 0.58916659736, 0.25065609882, 0.16017730382]
    ],
    [
      [0, 0.8350560463, 0.13684542828, 0.028098525416],
      [0, 0.85823705984, 0.027351499335, 0.11441144082],
      [0, 0.077359939539, 0.91172486988, 0.010915190583],
      [0, 0.5724095296, 0.1341908841, 0.29339958631],
      [0, 0.34911129701, 0.13009048456, 0.52079821843],
      [0, 0.7379338711, 0.087989644609, 0.17407648429]
    ],
    [
      [0.2225932435, 0.52407870385, 0.2401727922, 0.013155260451],
      [0.014047993454, 0.82777963849, 0.076981895414, 0.081190472639],
      [0.00095219955588, 0.033365347808, 0.96227818777, 0.0034042648636],
      [4.8814344301e-06, 0.50109847752, 0.32486817526, 0.17402846579],
      [0.14533689395, 0.28927905854, 0.29430645269, 0.27107759481],
      [0.0060669664102, 0.6598979966, 0.22297441115, 0.11106062585]
    ],
    [
      [0.23586278458, 0.55906587851, 0.19201686139, 0.013054475515],
      [0.014402056482, 0.84894980782, 0.05921211817, 0.07743601753],
      [0.0012550087978, 0.044040578991, 0.95052766044, 0.0041767517698],
      [5.3843065094e-06, 0.55302214685, 0.26868709807, 0.17828537077],
      [0.15967368659, 0.31944193035, 0.24345829265, 0.27742609041],
      [0.0064766862908, 0.70476720622, 0.17852686233, 0.11022924516]
    ],
    [
      [0.1604699704, 0.60019974437, 0.22652405393, 0.012806231306],
      [0.0091826201082, 0.85416372153, 0.065470630116, 0.071183028247],
      [0.00072768115349, 0.040299449419, 0.95548063603, 0.0034922334002],
      [3.3744111109e-06, 0.54694396788, 0.29199523828, 0.16105741943],
      [0.10747329905, 0.33929532476, 0.28414183644, 0.26908953976],
      [0.0040807251359, 0.70073677852, 0.19505747533, 0.10012502101]
    ],
    [
      [0.53024917155, 0.34013141906, 0.11430619248, 0.01531321691],
      [0.038114265644, 0.77282678804, 0.050875334664, 0.13818361165],
      [0.0035207409497, 0.040590282983, 0.9482450166, 0.0076439594709],
      [1.3197651818e-05, 0.46162405556, 0.22113562447, 0.31722712232],
      [0.3150982493, 0.18205699895, 0.13866301444, 0.3641817373],
      [0.016898163852, 0.62976883283, 0.15416675462, 0.1991662487]
    ],
    [
      [0.19969696562, 0.55770447093, 0.22570234198, 0.01689622147],
      [0.011543825777, 0.82348097697, 0.06739742211, 0.097577775139],
      [0.00088509093422, 0.037316176167, 0.95718587433, 0.0046128585669],
      [4.038532494e-06, 0.50104647792, 0.28694697562, 0.21200250793],
      [0.12147086282, 0.28798772881, 0.25931773916, 0.33122366921],
      [0.0050348315237, 0.66245580781, 0.1973786229, 0.13513073777]
    ],
    [
      [0.28518360362, 0.51988452179, 0.18546640547, 0.0094654691297],
      [0.018591117635, 0.85822468498, 0.062127552838, 0.061056644543],
      [0.0015424236379, 0.0423981124, 0.95292279781, 0.0031366661543],
      [7.0715158723e-06, 0.56929609736, 0.28736286658, 0.14333396454],
      [0.20725939342, 0.32082059997, 0.25406951941, 0.2178504872],
      [0.0083966151716, 0.71590358384, 0.18832466087, 0.087375140115]
    ],
    [
      [0.17486828402, 0.59796267166, 0.21386681101, 0.013302233314],
      [0.0098807111891, 0.85391048072, 0.061986388366, 0.074222419725],
      [0.00082260020196, 0.042331421641, 0.95301973136, 0.0038262467991],
      [3.6588691655e-06, 0.55139942657, 0.2790147708, 0.16958214376],
      [0.11612105148, 0.33694607093, 0.26749778109, 0.27943509651],
      [0.0044149461199, 0.70466627005, 0.18584961098, 0.10506917285]
    ],
    [
      [0.3865387713, 0.41958061301, 0.18339541943, 0.010485196261],
      [0.029067214944, 0.81845664899, 0.072526747544, 0.079949388518],
      [0.0020758452147, 0.034785147435, 0.95960313101, 0.0035358763403],
      [1.0355334993e-05, 0.50888858071, 0.31474357104, 0.17635749291],
      [0.27021123318, 0.25099514801, 0.24368742437, 0.23510619445],
      [0.012735536418, 0.66263277585, 0.21348339914, 0.11114828858]
    ],
    [
      [0.28312529042, 0.52188942849, 0.18468313386, 0.010302147229],
      [0.018015641567, 0.85471386152, 0.061331882001, 0.065938614911],
      [0.0015086308196, 0.042621887418, 0.95244907238, 0.0034204093862],
      [6.8076830583e-06, 0.56364850906, 0.28228196564, 0.15406271762],
      [0.20114149286, 0.3165322478, 0.24875279799, 0.23357346135],
      [0.0081209683654, 0.71189458676, 0.18572528599, 0.09425915889]
    ],
    [
      [0.23278993314, 0.55597541151, 0.20123646114, 0.0099981942157],
      [0.014384117411, 0.86175023442, 0.063330572426, 0.060535075746],
      [0.0011740630569, 0.041898808723, 0.95386696067, 0.0030601675549],
      [5.4385216879e-06, 0.56807165739, 0.29089260094, 0.14103030315],
      [0.1667144787, 0.3370938228, 0.2707588392, 0.2254328593],
      [0.006472821923, 0.7161065808, 0.19116591914, 0.086254678139]
    ],
    [
      [0.41560696854, 0.45020509679, 0.12496021085, 0.0092277238217],
      [0.027172970551, 0.8561889579, 0.047807823315, 0.068830248234],
      [0.0028046690222, 0.052374696504, 0.94043071491, 0.0043899195663],
      [1.0774041852e-05, 0.59410533515, 0.23384752567, 0.17203636514],
      [0.30088117992, 0.28977733603, 0.17942917772, 0.22991230633],
      [0.012605601124, 0.73524515195, 0.15007716739, 0.10207207954]
    ],
    [
      [0.22250700792, 0.51714314751, 0.24698226072, 0.013367583844],
      [0.014106861266, 0.82299802065, 0.079807456156, 0.083087661933],
      [0.00092354226579, 0.032090361903, 0.9636167436, 0.003369352228],
      [4.8373411649e-06, 0.49202360672, 0.33242500718, 0.17554654876],
      [0.14398668524, 0.28336492955, 0.30032301314, 0.27232537207],
      [0.0060485489547, 0.65162803397, 0.22952119742, 0.11280221966]
    ],
    [
      [0.16540049362, 0.55740402581, 0.26472082454, 0.012474656041],
      [0.0097614730087, 0.83650413896, 0.080556949047, 0.07317743898],
      [0.00063195197882, 0.032194635147, 0.96424290312, 0.0029305097534],
      [3.377290667e-06, 0.50447401884, 0.33898646187, 0.156536142],
      [0.10769746425, 0.30839783264, 0.3252974976, 0.25860720551],
      [0.0041946669615, 0.66374837488, 0.2323581355, 0.099698822656]
    ],
    [
      [0.12461853506, 0.64672477133, 0.21269330773, 0.015963385883],
      [0.0065106579297, 0.85413749715, 0.056897479094, 0.082454365824],
      [0.00058508550632, 0.045569543353, 0.94926835978, 0.0045770113588],
      [2.4199307844e-06, 0.55293117563, 0.25741228154, 0.1896541229],
      [0.078758848347, 0.3464360989, 0.25319158818, 0.32161346458],
      [0.0029240831713, 0.7080392889, 0.1716038327, 0.11743279523]
    ],
    [
      [0.22851238116, 0.50007081728, 0.26083053223, 0.010586269335],
      [0.015197759826, 0.82851722752, 0.087783355051, 0.068501657607],
      [0.00090947092651, 0.029531869357, 0.96702000439, 0.0025386553237],
      [5.1849053124e-06, 0.49265773922, 0.36346524742, 0.14387182846],
      [0.15525750292, 0.28699003378, 0.33210598153, 0.22564648177],
      [0.0064665448795, 0.65087418081, 0.25040574348, 0.092253530837]
    ],
    [
      [0.25905575051, 0.6003730212, 0.13256705709, 0.0080041712048],
      [0.014040241312, 0.89981955632, 0.039146400432, 0.046993801936],
      [0.0017058818201, 0.062096513804, 0.93273995567, 0.003457648708],
      [6.0244161769e-06, 0.66253634475, 0.20810007487, 0.12935755596],
      [0.1969274033, 0.39144185848, 0.19530492096, 0.21632581727],
      [0.0067524595404, 0.79294606201, 0.12772162073, 0.072579857715]
    ],
    [
      [0, 0.70271803498, 0.25634647683, 0.04093548819],
      [0, 0.77349973486, 0.052574888468, 0.17392537667],
      [0, 0.034362268178, 0.95676796703, 0.0088697647946],
      [0, 0.40857761754, 0.2131900703, 0.37823231216],
      [0, 0.21253691013, 0.18126542567, 0.6061976642],
      [0, 0.59883609985, 0.15568586355, 0.24547803661]
    ],
    [
      [0.35785303408, 0.44569564738, 0.18420057251, 0.012250746031],
      [0.026447968043, 0.81720915317, 0.068609922855, 0.087732955936],
      [0.0020042278229, 0.036882996013, 0.95699644652, 0.0041163296424],
      [9.4576239256e-06, 0.50922670574, 0.29768822686, 0.19307560977],
      [0.24472642988, 0.25710320688, 0.23573671123, 0.26243365201],
      [0.011637677144, 0.66382779257, 0.20236807514, 0.12216645514]
    ],
    [
      [0.36679146459, 0.4430390193, 0.17666303066, 0.013506485442],
      [0.027086553036, 0.81070489295, 0.065698901631, 0.096509652384],
      [0.0021407089872, 0.038187827956, 0.95494638345, 0.0047250796079],
      [9.6617494763e-06, 0.50403687935, 0.28427046257, 0.21168299633],
      [0.24566764421, 0.25027984666, 0.22135002168, 0.28270248745],
      [0.011934820165, 0.65951816848, 0.19401527536, 0.134531736]
    ],
    [
      [0.34469483493, 0.45348926568, 0.18610201439, 0.015713885003],
      [0.024530808951, 0.80041800834, 0.066746887779, 0.10830429493],
      [0.0019093899126, 0.037124588372, 0.95574415032, 0.0052218713969],
      [8.5444819305e-06, 0.48592054741, 0.28204845239, 0.23202245572],
      [0.21998130261, 0.24415129021, 0.22224488495, 0.31362252223],
      [0.010701151932, 0.64465464159, 0.19516069391, 0.14948351257]
    ]
  ],
  "expected_outcome": [
    [
      [43.0248320599, 9.0931934044, 6.15325391, 65.7674871471, 46.6923591687, 3.066342684, 2.3554579319, 44.8044390244, 0, 0.46011165793, 0.34698810551, 2.9517357328, 18.9332281468, 22.1680879142, 27.6252548022, 2.1343539769, 0.57165177466, 6.9534249556, 0.63586108027, 4.0144846001, 8.4587021899, 2.2690471817, 10.7537090202, 35.7373741572, 1.2846328698, 6.5427903584, 2.3527196129, 6.7852662983, 11.404242034, 10.1737666516, 8.856576436, 2.6075072331, 8.7636248549, 14.3955153838, 3.3135452876, 10.1190361088, 3.7373270514, 2.3405493271, 17.8477057552, 8.613155293, 0, 0, 0, 0, 11.7974419054, 26.6524946575, 15.2446471878, 2.1209966862, 3.5945453811, 3.4222032434, 2.4481559762, 2.3192326278, 1.4156264521, 5.8197483285, 1.2468209056, 5.5626751981, 2.9772088851, 3.8631745868, 13.939255251, 1.554334503, 0, 63.339987032, 71.5243355958, 46.1891078805],
      [63.8512947499, 24.1136177514, 16.0463582177, 128.6852931853, 137.2010099033, 9.084786182, 4.2757599455, 103.1777013315, 0, 3.6662995633, 0.43180081414, 3.4192842083, 49.9730862857, 50.955876595, 45.7527560931, 3.9857371601, 0.30050702114, 18.2321375575, 0.25738481369, 7.7762953551, 23.5158591085, 9.888393699, 23.6361576419, 66.3116839497, 4.7179081581, 20.0599173849, 9.0715693033, 8.6066826927, 36.8211475001, 28.1526764997, 17.8373598741, 5.1403554492, 17.0815577873, 22.5047292928, 8.7598987855, 7.6562290808, 6.9990602182, 4.4459172683, 38.7612136773, 26.6954367958, 0, 0, 0, 0.8350560463, 27.7761713042, 63.1744442717, 57.0189757152, 1.3605256762, 10.0386804767, 6.2386142614, 8.3714774032, 2.517483678, 2.6094471425, 13.8993852878, 1.3506152904, 12.9285786878, 10.0332724645, 20.0484679112, 30.5043198538, 3.6022381272, 0, 78.888129587, 86.3926087636, 60.7675616012],
      [25.6828961626, 11.4290431047, 6.4532030723, 55.4241655589, 53.853568371, 3.6164400382, 1.2885568859, 39.2935127362, 0, 1.7375572825, 0.20743185736, 1.5240737657, 19.0628473365, 21.0208835822, 17.8160437826, 1.7455102169, 0.11644410406, 8.3792054119, 0.10058346769, 3.0677122869, 10.4739255998, 4.6607821754, 9.1151826458, 26.6537705627, 1.9638614406, 8.0182117763, 4.210376105, 4.362206684, 16.993368828, 13.028570861, 8.8953242948, 2.122599914, 9.6637894085, 10.5999674376, 5.6330235676, 3.9773595921, 3.1018137293, 2.1438138121, 18.431946402, 9.8358925906, 0, 0, 0, 0.13684542828, 12.7291579865, 21.6979053376, 21.519785123, 0.45722476993, 4.0626421557, 2.2255968656, 2.9941353542, 1.1003725166, 0.9234156693, 5.0309115284, 0.37488063254, 6.174556518, 4.7649748417, 6.5934925397, 15.9106624658, 0.79540234255, 0, 32.6035013335, 34.4492909794, 24.9376699279],
      [1.4409770277, 0.36414573958, 0.34718480003, 3.1230541088, 3.253062557, 0.23243109582, 0.080225236708, 2.7243469078, 0, 0.13603149624, 0.013779222991, 0.10490629319, 1.0308382309, 0.85515190859, 0.80594532214, 0.13439864621, 0.01139710014, 0.435232075, 0.006170638349, 0.14150775788, 0.55151310189, 0.18177694395, 0.49495069211, 1.2971713303, 0.033597531573, 0.37908048042, 0.36533497879, 0.24584432494, 0.78124163788, 0.64498598781, 0.41073939509, 0.1295374037, 0.49102794927, 0.49978788578, 0.29353235936, 0.24737521825, 0.16179900106, 0.069719592472, 0.95913416542, 0.85551532063, 0, 0, 0, 0.028098525416, 0.69722880392, 1.4751557332, 1.216591974, 0.061252867641, 0.30413198646, 0.11358562956, 0.18623126639, 0.062911177565, 0.051510736144, 0.24995485539, 0.027683171465, 0.33418959611, 0.22454380874, 0.49486496237, 0.64576242945, 0.048025027229, 0, 2.1683820475, 2.6337646611, 2.1056605904]
    ],
    [
      [7.4287413659, 1.6685051366, 3.095133827, 30.5546152086, 11.6385566096, 1.9112099386, 0.36272252677, 12.3239221014, 0.50177300466, 0.32313605316, 0.14896814006, 0.56770412551, 19.8019630555, 4.7201753223, 3.614703724, 2.9793437328, 0.42892808249, 2.8824530913, 1.0907913016, 1.5500272436, 1.7249212992, 0.79879145248, 2.0583351844, 5.6602616358, 0.83185413102, 2.2601514654, 0.943734809, 1.5151854994, 2.8810469738, 1.7581772624, 2.248917855, 0.92879853236, 1.973948642, 4.4206295631, 1.1529086197, 7.4102103087, 1.7502208209, 0.81507368165, 5.9510881603, 2.5467503122, 0, 0, 0, 0, 2.6972147432, 4.9255033169, 3.3792041998, 0.41925692208, 0.70417337242, 5.2612862908, 2.9148098008, 4.5635527462, 3.8013003706, 5.9262563735, 1.331475557, 4.8245465529, 1.5130283163, 0.81383224121, 7.1125515988, 0.15444265443, 0, 13.4620157337, 34.8603937578, 20.6304103281],
      [274.0265973325, 111.1083276592, 203.1480839177, 1480.5324626622, 847.3186375802, 144.0544905965, 18.1929733955, 703.6643089045, 10.6684039418, 67.4242359986, 6.4433248427, 17.7197530686, 1297.1520752193, 269.9654672539, 149.3072671601, 143.3846656551, 11.0476810109, 189.7256980727, 17.8264488696, 76.8443945555, 120.3690270211, 89.2552968415, 113.734257148, 261.0781172543, 79.2841303411, 173.8078066602, 92.7366261781, 48.9893739001, 232.1269804035, 121.8872041734, 113.9652892944, 48.2803044462, 96.9960031244, 173.023068008, 77.578169308, 141.7501725194, 84.095561883, 40.7191949428, 321.8549261444, 197.8818003703, 17.7801348748, 8.9286810431, 3.9593651496, 10.2988447181, 158.9336905907, 290.3408342737, 314.3322495223, 8.5010946685, 50.2323395954, 242.8775858503, 251.9035918125, 128.497693892, 180.3446247809, 355.0410965795, 41.9532589371, 281.4653230606, 129.6581415394, 106.767187144, 387.7460624772, 9.8980151195, 3.8674986743, 415.959458962, 1043.3771972249, 673.1515450113],
      [22.3859081916, 10.6620189585, 16.5794193594, 129.6130310767, 67.5918006111, 11.6296193955, 1.0901752802, 54.4559650342, 0.82982305358, 6.4656662429, 0.6018443946, 1.5807015596, 100.5635430829, 22.6160164307, 11.7961008317, 12.736242629, 0.83920125276, 17.697039322, 1.3843494655, 6.1372755508, 10.8751288764, 8.5238974713, 8.8942905527, 21.3096596787, 6.6757399638, 14.0985860283, 8.7219121742, 5.0229441074, 21.752757469, 11.438070789, 11.5287117638, 4.023426531, 11.1285213387, 16.5404532458, 10.109228605, 14.9391360646, 7.5516107779, 3.9661631826, 31.0861799534, 14.791528441, 1.1228316827, 0.71255392194, 0.44078032811, 0.32821799202, 14.7805239194, 20.2505444142, 24.0931918828, 0.55962868131, 4.1112427487, 17.5820974533, 18.2859845679, 11.3866993645, 12.9410271022, 26.0921958395, 2.3425833425, 27.2941500054, 12.4863271023, 7.1121848868, 41.0826101638, 0.43061040475, 0.26287444234, 34.922450733, 84.5544863995, 56.1341326222],
      [24.1587531101, 6.5611482458, 17.1773628958, 140.2998910526, 78.4510051991, 14.4046800694, 1.3541287975, 72.5558039599, 0, 9.7869617053, 0.80586262266, 2.1318412463, 104.4824186423, 17.6983409932, 10.2819282842, 18.899747983, 1.6841896539, 17.6948095141, 1.6984103633, 5.4683026501, 11.0309228033, 6.4220142347, 9.3131171149, 19.9519614311, 2.208275564, 12.833455846, 14.5977268387, 5.4724964931, 19.2392151536, 10.9165477751, 10.2570810868, 4.7674704905, 10.9015268949, 15.0158491831, 10.1596934673, 17.9004811074, 7.6026065182, 2.4995681929, 31.1078057419, 24.7799208764, 2.0970334425, 1.3587650349, 0.59985452226, 1.3729372899, 15.5885707467, 26.4831179953, 26.195354395, 1.5200197281, 5.9522442835, 17.2790304057, 21.8956138189, 12.5520539974, 13.9130477463, 24.9404512075, 3.3726821635, 28.4159803811, 11.342503042, 10.306795728, 32.0587757602, 0.5169318213, 0.86962688336, 44.6560745713, 124.2079226178, 91.0839120383]
    ],
    [
      [0.86601470614, 0.039760598591, 0.22187364058, 2.9675641772, 1.097275879, 0.13266128362, 0.024332237548, 0.92667687365, 0.061214125611, 0.026935131952, 0.021953841376, 0.052808392346, 0.7345217977, 0.47847321993, 0.32411369332, 0.24266650338, 0.028814299215, 0.23549861593, 0.080648402091, 0.15526901889, 0.21084303114, 0.10562964287, 0.2601094018, 0.4875449408, 0.048294670896, 0.24073065234, 0.078109764748, 0.20904298788, 0.28745255408, 0.13947340116, 0.3462415565, 0.065079810661, 0.30934879763, 0.49305601909, 0.11818704745, 0.61912153676, 0.2494253751, 0.13036316538, 0.51098036623, 0.10112266125, 0, 0, 0, 0, 0.24661968497, 0.39783778892, 0.27288043256, 0.031686668547, 0.11594691238, 0.23907566387, 0.1661652408, 0.29892171092, 0.15538897442, 0.23716073749, 0.072921394576, 0.22626785512, 0.10806378838, 0.04446649848, 0.48747641661, 0.020470581842, 0, 0.91994057071, 1.7874920043, 1.3079320901],
      [19.0171101077, 1.5714683924, 8.6650139183, 85.7159620461, 47.607115076, 5.9472791983, 0.70668009539, 31.5292851008, 0.75178060966, 3.3332882418, 0.52597998082, 0.95957944147, 28.6829059853, 16.2883121552, 7.9577186744, 6.9514787932, 0.42894182974, 9.2221715537, 0.77321138796, 4.5632567413, 8.7422425978, 7.0041325118, 8.5357816264, 13.3849381263, 2.7290379256, 11.009780697, 4.5576137798, 3.996863971, 13.7846187605, 5.7425144811, 10.4245805987, 1.9991057875, 9.0265767388, 11.4772730728, 4.7193417527, 7.0431006756, 7.1133262812, 3.8454502883, 16.456048942, 4.6748759559, 0.70995488073, 0.11921166584, 0.062568259941, 0.46415963723, 8.6416250823, 13.96086354, 15.112293532, 0.36531254685, 4.8884190779, 6.571707422, 8.5509471714, 5.0090612306, 4.3900544041, 8.463559362, 1.3617421091, 7.8621386663, 5.5052826102, 3.4632852949, 15.8290819752, 0.74515816565, 0.24053587725, 16.92929517, 31.8868363437, 25.4303430345],
