{
  "Z_true": {},
  "V_true": [
    [970, 1294, 823, 63],
    [372, 10421, 745, 577],
    [316, 389, 13323, 463],
    [71, 756, 355, 537],
    [98, 308, 943, 525]
  ],
  "p_true": [
    [0.3079, 0.4108, 0.2613, 0.02],
    [0.0307, 0.8602, 0.0615, 0.0476],
    [0.0218, 0.0268, 0.9194, 0.032],
    [0.0413, 0.4398, 0.2065, 0.3124],
    [0.0523, 0.1644, 0.5032, 0.2801]
  ],
  "Z_est": [
    [
      [1.0008, 36.572, 17.8336, 27.0428, 28.0436, 39.7023, 24.7328, 4.7697, 0.5004, 1.7086, 2.0336, 1.7039, 29.4282, 0.5027, 0.7666, 2.5375, 0, 38.1371, 27.8734, 4.8017, 55.5868, 24.1684, 56.8229, 57.9619, 47.7548, 10.6682, 42.64, 47.464, 17.5034, 32.0262, 16.939, 5.0679, 15.896, 11.7329, 10.5402, 25.6056, 10.8704, 39.1561, 73.3998, 36.3275, 3.5667, 94.1934, 3.0663, 16.8648, 27.0748, 154.5159, 30.3078],
      [0.0828, 3.0092, 1.8219, 7.1308, 2.6641, 5.2678, 2.0813, 0.3105, 0.0187, 0.5767, 0.3762, 0.6178, 2.4919, 0.0447, 0.0699, 0.0843, 0, 1.7608, 1.2363, 0.206, 2.3789, 1.1239, 5.4218, 4.6899, 7.7962, 1.0446, 5.2611, 5.6436, 1.3241, 8.3755, 0.7305, 0.6864, 2.5955, 2.4227, 0.4121, 2.5041, 0.4683, 4.517, 6.8943, 9.3695, 0.2983, 12.9996, 0.2666, 1.667, 3.0992, 14.0746, 10.3328],
      [0.8144, 47.5918, 24.4298, 27.2296, 31.2955, 52.5369, 35.2299, 4.767, 0.4461, 2.3462, 2.3841, 2.4397, 44.9271, 0.4526, 1.094, 7.3133, 0, 50.3164, 34.1101, 4.7013, 65.2376, 32.428, 86.3639, 85.1538, 90.7701, 13.6109, 71.8715, 65.951, 21.2911, 43.7782, 19.5533, 5.2446, 22.495, 14.5748, 9.3096, 32.0686, 11.8515, 64.638, 102.3903, 49.0765, 4.9521, 127.6873, 4.6347, 24.6207, 31.3832, 158.6952, 34.4483],
      [0.102, 1.8271, 0.9147, 0.5967, 1.9968, 1.4931, 0.956, 0.1528, 0.0347, 0.3685, 0.2062, 0.2387, 1.1527, 0, 0.0695, 0.0649, 0, 3.7857, 2.7803, 1.2909, 3.7966, 2.2797, 2.3914, 2.1943, 2.6788, 0.6763, 2.2274, 2.9413, 1.8814, 1.8202, 1.7771, 1.0011, 2.0135, 1.2697, 1.7381, 0.8216, 1.8099, 2.6889, 3.3155, 1.2265, 0.1829, 8.1196, 0.0325, 0.8475, 1.4428, 7.7144, 0.9111]
    ],
    [
      [0.307, 0.4206, 0.3018, 0.1869, 1.5579, 0.3811, 0.2827, 0.1019, 0.176, 0.0002, 0.2194, 0.0002, 0.3325, 0.2367, 0.0149, 0.0225, 0.3295, 0.3732, 1.2577, 0.3047, 1.6453, 0.0027, 0.9324, 0.5388, 0.0044, 1.1692, 0.0039, 0.005, 2.8487, 0.003, 2.2502, 0.5359, 0.0015, 0.2002, 0.8664, 3.4345, 0.896, 0.0036, 1.1231, 0.4497, 0.0425, 0.0098, 0.0474, 0.2545, 2.9288, 3.0144, 0.1446],
      [5.1426, 153.2937, 111.1489, 68.0596, 180.6699, 139.1128, 103.6883, 15.5237, 7.7274, 51.2864, 44.1617, 23.091, 120.632, 3.7984, 4.6263, 7.6551, 4.6508, 663.8835, 445.8368, 94.0972, 615.5629, 342.9816, 337.2228, 196.6484, 369.1428, 68.7888, 382.657, 439.2418, 396.5056, 387.5214, 251.3094, 194.8461, 232.022, 255.3598, 320.056, 173.2263, 332.499, 297.0821, 413.63, 165.7606, 15.5159, 1098.3196, 14.6321, 93.5663, 244.1515, 1050.0449, 52.4091],
      [0.9928, 2.3809, 1.7148, 1.0487, 2.8202, 2.1541, 1.6014, 0.2409, 0.0295, 0.1767, 0.1866, 0.1669, 3.2547, 0.9648, 0.7439, 1.0998, 0.0196, 15.3156, 6.3771, 1.1997, 6.5298, 10.5574, 12.6811, 3.0469, 5.6687, 12.2892, 20.5462, 33.3068, 20.5786, 22.3012, 3.4926, 2.9451, 2.1477, 1.2625, 4.071, 2.9471, 1.4824, 5.3946, 6.3773, 2.5509, 0.2409, 40.2089, 4.2533, 1.9929, 5.9144, 50.5577, 0.8078],
      [0.5576, 11.9048, 7.8345, 4.7048, 13.952, 10.352, 7.4276, 1.1335, 0.0672, 3.5367, 3.4322, 1.742, 8.7809, 0, 0.6148, 0.2225, 0, 43.4277, 32.5284, 12.3983, 37.262, 26.4583, 23.1637, 14.7659, 25.1842, 5.7528, 18.7929, 29.4464, 24.0672, 15.1744, 19.9479, 17.6729, 19.8288, 16.1776, 24.0067, 5.3921, 26.1225, 21.5198, 28.8696, 11.2388, 1.2007, 82.4616, 0.0672, 6.1863, 14.0053, 86.383, 3.6385]
    ],
    [
      [0.6839, 17.9354, 6.8258, 17.7442, 17.2959, 16.8649, 8.9507, 4.1223, 0.1996, 0.2909, 0.7434, 0.2909, 7.2203, 0.2606, 0.2167, 0.4363, 0.4338, 17.3557, 14.7796, 2.8432, 35.601, 10.7504, 13.1305, 18.3746, 8.1448, 4.1331, 7.2721, 16.4084, 6.5818, 6.8917, 8.7335, 2.3759, 3.0203, 4.0248, 8.5395, 10.9108, 6.1816, 6.6904, 27.3437, 9.1824, 1.3773, 31.4899, 0.8841, 4.8297, 13.9213, 121.3016, 12.5397],
      [0.1353, 17.8372, 21.8909, 12.5912, 6.365, 10.2961, 10.0882, 0.3798, 0.8337, 3.2215, 1.1381, 1.9949, 3.0728, 0.1569, 0.0966, 0.2512, 0.8922, 18.6101, 20.0896, 4.0534, 33.05, 12.3954, 11.1035, 35.6128, 26.1111, 1.662, 16.8885, 18.6654, 2.9247, 6.4861, 16.982, 0.4974, 3.6609, 5.7731, 6.8284, 10.5727, 9.9033, 9.1274, 42.4019, 21.9828, 1.1554, 48.8774, 0.3479, 13.0736, 16.0793, 23.2487, 16.5796],
      [11.8778, 399.2384, 253.2154, 136.8635, 431.8238, 444.2053, 346.2937, 69.8669, 1.9134, 12.849, 14.8098, 13.1588, 433.2689, 3.5825, 13.9856, 33.2703, 1.674, 466.2481, 422.4487, 79.2922, 547.3715, 296.769, 517.4395, 779.7365, 427.4147, 92.3431, 373.2536, 393.5341, 134.7587, 308.0728, 180.9373, 20.6755, 171.0368, 82.4149, 100.2717, 260.0744, 75.7699, 558.5392, 961.799, 379.2765, 49.1968, 1085.5376, 40.747, 262.6124, 265.1572, 1104.9177, 147.2703],
      [0.303, 9.989, 3.0678, 0.8011, 8.5153, 7.6337, 2.6675, 0.6311, 0.0532, 1.6387, 0.3087, 2.5554, 6.4381, 0, 0.7011, 0.0421, 0, 7.7861, 6.6821, 6.8112, 8.9775, 5.0852, 1.3265, 2.2761, 6.3294, 1.8618, 5.5857, 6.3922, 2.7347, 4.5493, 3.3472, 1.4512, 6.2821, 1.7872, 2.3605, 0.4422, 2.1452, 3.643, 9.4554, 1.5583, 0.2706, 25.095, 0.0211, 0.4843, 0.8422, 29.532, 1.6104]
    ],
    [
      [0.0082, 0.0721, 0.0388, 0.0261, 0.1025, 0.0517, 0.0339, 0.0062, 0.124, 0.0003, 0.0036, 0.0051, 0.019, 0, 0.0017, 0.0036, 0.2367, 0.1341, 0.0894, 0.0504, 0.1668, 0.0784, 0.1142, 0.1247, 0.096, 0.0295, 0.084, 0.1226, 0.0661, 0.0791, 0.0773, 0.0203, 0.0823, 0.0422, 0.0539, 0.0491, 0.052, 0.15, 0.1333, 0.0405, 0.0135, 0.3068, 0.0022, 0.051, 0.0751, 0.1681, 0.0079],
      [1.0779, 9.5303, 5.4909, 3.0867, 13.788, 6.6749, 4.564, 0.7356, 1.4201, 3.4681, 0.4144, 0.6215, 2.4861, 0, 0.2072, 0.4924, 0.457, 19.1514, 10.7732, 9.2498, 28.8289, 10.5126, 15.8689, 16.4513, 14.1395, 4.0385, 12.7013, 17.8207, 10.0048, 13.5486, 14.5115, 2.4861, 15.4507, 6.1661, 7.0281, 6.855, 6.4225, 25.5818, 18.4903, 5.7141, 1.7775, 45.3249, 0.3153, 6.9961, 10.6864, 21.9607, 1.0359],
      [2.1177, 10.6421, 6.1227, 3.1677, 20.2054, 5.8507, 3.9942, 0.7247, 0.611, 1.9035, 0.3529, 0.5293, 2.1173, 0, 0.1764, 0.6197, 0.3064, 18.3667, 12.1405, 6.3375, 22.0771, 10.9291, 20.6952, 25.9359, 12.9274, 5.0021, 11.5082, 19.3891, 8.3726, 11.2073, 9.8318, 2.1173, 10.4977, 5.2533, 6.6275, 9.4024, 6.0556, 27.5875, 19.5538, 3.8897, 3.2938, 44.5762, 0.2404, 11.1403, 13.85, 18.7027, 0.8822],
      [1.7961, 19.7555, 10.3476, 5.7195, 25.9041, 14.4226, 9.4079, 1.5335, 0.8448, 4.6281, 1.2291, 1.8441, 7.3776, 0, 0.6146, 0.8842, 0, 41.3479, 28.997, 15.3623, 44.9271, 24.4798, 28.3217, 28.4882, 27.8371, 7.9299, 23.7066, 33.6676, 20.5565, 21.165, 21.5794, 7.3763, 23.9693, 13.5385, 18.2905, 10.6935, 18.47, 36.6808, 35.8226, 11.3557, 2.9152, 90.7921, 0.4421, 11.8126, 18.3885, 65.1685, 3.074]
    ],
    [
      [0, 0, 0, 0, 0, 0, 0, 0, 0, 0, 0, 0, 0, 0, 0, 0, 0, 0, 0, 0, 0, 0, 0, 0, 0, 0, 0, 0, 0, 0, 0, 0, 0, 0, 0, 0, 0, 0, 0, 0, 0, 0, 0, 0, 0, 0, 0],
      [0.5614, 23.3296, 10.6474, 9.1316, 22.5131, 18.6484, 18.5782, 2.0504, 0, 1.4474, 3.9096, 1.6748, 30.3172, 0, 0, 4.517, 0, 56.5943, 39.0641, 6.3935, 50.1793, 28.9865, 30.3829, 36.5976, 39.8104, 10.4661, 41.492, 36.6285, 20.2407, 33.0684, 17.4666, 6.484, 28.2709, 17.2784, 21.6755, 16.8418, 19.7069, 39.6917, 44.5836, 24.173, 1.2529, 97.4784, 2.4382, 14.697, 21.9837, 93.6711, 7.6426],
      [0.1973, 16.1468, 4.5172, 5.6905, 13.8551, 12.253, 14.8808, 1.4005, 0, 0.7246, 1.2666, 0.7052, 18.432, 0, 0, 2.6968, 0, 22.7531, 18.9237, 3.4693, 23.7839, 13.3166, 14.8204, 28.1269, 23.2191, 7.7547, 25.8206, 15.819, 7.999, 14.6405, 8.185, 2.0175, 9.8227, 5.4945, 6.7202, 9.5075, 5.8407, 26.8407, 24.8795, 17.2064, 0.3164, 44.99, 2.1246, 10.6336, 10.6951, 46.1267, 4.5913],
      [0.2413, 6.5236, 2.8354, 2.1779, 6.6318, 5.0986, 4.541, 0.5492, 0, 0.828, 0.8238, 0.6199, 6.2508, 0, 0, 0.7863, 0, 13.6526, 10.0122, 3.1372, 13.0369, 7.6969, 7.7967, 9.2755, 9.9704, 2.7791, 9.6874, 9.5525, 5.7603, 7.2911, 5.3484, 2.4985, 6.9064, 4.2271, 5.6043, 3.6507, 5.4524, 10.4676, 11.5369, 5.6206, 0.4306, 26.5316, 0.4372, 3.6694, 5.3212, 25.2022, 1.7661]
    ]
  ],
  "V_est": [
    [1257.4131, 146.2497, 1668.5059, 77.8314],
    [30.1639, 10988.7899, 326.6417, 769.4045],
    [536.1287, 545.986, 13206.814, 202.0712],
    [3.2943, 434.4077, 437.8326, 843.4654],
    [0, 1052.5667, 549.2058, 272.2275]
  ],
  "p_est": [
    [0.3992, 0.0464, 0.5297, 0.0247],
    [0.0025, 0.907, 0.027, 0.0635],
    [0.037, 0.0377, 0.9114, 0.0139],
    [0.0019, 0.2527, 0.2547, 0.4907],
    [0, 0.5617, 0.2931, 0.1453]
  ],
  "EI_Z": {},
  "EI_V": 10.252,
  "MAE_Z": {},
  "MAE_V": 341.8924,
  "MAE_p": 0.1077,
  "runtime": 0.6806
}
