{
  "X": [
    [1, 4, 3],
    [103, 107, 22],
    [6, 11, 3],
    [202, 202, 28],
    [128, 107, 12],
    [69, 71, 15],
    [62, 96, 11],
    [723, 847, 143],
    [130, 167, 23],
    [1045, 1055, 158],
    [12, 20, 6],
    [22, 12, 5],
    [44, 66, 18],
    [225, 238, 31],
    [82, 129, 16],
    [212, 140, 10],
    [144, 75, 15],
    [2680, 2730, 508],
    [543, 570, 93],
    [208, 205, 64],
    [213, 322, 55],
    [62, 103, 9],
    [14, 29, 10],
    [0, 5, 2],
    [42, 64, 15],
    [55, 90, 8],
    [26, 54, 5],
    [1008, 1521, 257],
    [500, 606, 76],
    [29, 48, 6],
    [140, 148, 20],
    [22, 25, 6],
    [38, 56, 7],
    [8, 2, 0],
    [6, 5, 1],
    [4, 12, 1],
    [5, 5, 1],
    [37, 71, 16],
    [25, 55, 9],
    [93, 305, 38],
    [69, 153, 24],
    [28, 28, 3],
    [95, 182, 28],
    [1112, 2386, 357],
    [86, 250, 31],
    [314, 322, 45],
    [276, 283, 50],
    [72, 98, 13],
    [113, 126, 23],
    [33, 31, 6],
    [138, 75, 17],
    [6, 6, 1],
    [160, 110, 16],
    [9, 8, 1],
    [6, 9, 4],
    [195, 117, 36],
    [168, 85, 14],
    [125, 68, 20],
    [161, 95, 12],
    [229, 207, 28],
    [69, 69, 11],
    [55, 55, 12],
    [168, 157, 34],
    [105, 99, 19],
    [72, 71, 15],
    [233, 166, 40],
    [109, 114, 12],
    [178, 87, 21],
    [218, 105, 27],
    [180, 164, 44],
    [104, 58, 6],
    [241, 184, 43],
    [82, 47, 15],
    [75, 145, 16],
    [21, 14, 5],
    [4, 11, 2],
    [5, 9, 1],
    [169, 130, 24],
    [164, 192, 50],
    [95, 85, 20],
    [178, 183, 27],
    [6, 4, 1],
    [28, 22, 8],
    [4, 6, 2],
    [9, 9, 0],
    [5, 5, 2],
    [103, 59, 18],
    [10, 5, 4],
    [114, 195, 38],
    [68, 65, 18],
    [117, 187, 28],
    [34, 54, 13],
    [203, 207, 51],
    [163, 308, 83],
    [107, 86, 30],
    [71, 105, 16],
    [386, 283, 67],
    [172, 91, 20],
    [338, 732, 180],
    [1180, 1897, 518],
    [660, 956, 340],
    [10, 15, 3]
  ],
  "W": [
    [0, 0, 6, 1, 1],
    [13, 18, 130, 54, 17],
    [0, 2, 10, 5, 3],
    [46, 55, 209, 95, 27],
    [15, 23, 129, 70, 10],
    [12, 10, 78, 38, 17],
    [16, 32, 94, 22, 5],
    [144, 268, 830, 375, 96],
    [16, 23, 189, 70, 22],
    [131, 230, 1125, 625, 147],
    [3, 2, 26, 6, 1],
    [2, 4, 14, 15, 4],
    [2, 33, 63, 16, 14],
    [35, 40, 278, 103, 38],
    [17, 42, 113, 42, 13],
    [26, 34, 173, 118, 11],
    [20, 14, 95, 87, 18],
    [282, 396, 3271, 1569, 400],
    [80, 108, 658, 271, 89],
    [42, 42, 229, 118, 46],
    [34, 66, 339, 102, 49],
    [7, 20, 106, 33, 8],
    [1, 21, 21, 6, 4],
    [0, 0, 6, 0, 1],
    [3, 14, 66, 27, 11],
    [5, 19, 89, 30, 10],
    [2, 14, 50, 15, 4],
    [136, 357, 1510, 574, 209],
    [57, 93, 635, 313, 84],
    [7, 10, 49, 12, 5],
    [15, 35, 165, 80, 13],
    [3, 1, 34, 12, 3],
    [4, 11, 59, 17, 10],
    [3, 2, 2, 2, 1],
    [0, 1, 7, 4, 0],
    [0, 1, 12, 1, 3],
    [0, 1, 5, 4, 1],
    [4, 9, 76, 22, 13],
    [2, 1, 65, 16, 5],
    [8, 31, 324, 34, 39],
    [16, 5, 174, 32, 19],
    [1, 4, 34, 16, 4],
    [15, 21, 192, 52, 25],
    [144, 179, 2641, 525, 366],
    [10, 56, 235, 40, 26],
    [36, 54, 366, 174, 51],
    [40, 93, 306, 125, 45],
    [8, 49, 74, 42, 10],
    [22, 42, 137, 38, 23],
    [12, 14, 26, 8, 10],
    [23, 15, 95, 84, 13],
    [0, 0, 7, 6, 0],
    [24, 15, 149, 68, 30],
    [1, 1, 10, 5, 1],
    [1, 4, 9, 1, 4],
    [40, 28, 140, 106, 34],
    [23, 13, 123, 87, 21],
    [8, 16, 93, 78, 18],
    [30, 28, 124, 76, 10],
    [33, 70, 218, 107, 36],
    [3, 6, 85, 39, 16],
    [10, 15, 57, 31, 9],
    [26, 37, 184, 73, 39],
    [13, 14, 122, 48, 26],
    [12, 19, 75, 38, 14],
    [25, 35, 213, 120, 46],
    [19, 34, 97, 65, 20],
    [15, 12, 102, 131, 26],
    [29, 22, 133, 139, 27],
    [14, 30, 205, 98, 41],
    [13, 6, 92, 50, 7],
    [42, 53, 230, 115, 28],
    [9, 17, 57, 47, 14],
    [10, 23, 142, 39, 22],
    [3, 0, 23, 10, 4],
    [1, 1, 13, 1, 1],
    [1, 3, 9, 2, 0],
    [24, 27, 168, 75, 29],
    [28, 77, 174, 79, 48],
    [14, 22, 96, 47, 21],
    [22, 56, 174, 108, 28],
    [0, 0, 6, 4, 1],
    [8, 4, 24, 14, 8],
    [1, 1, 6, 2, 2],
    [2, 2, 12, 2, 0],
    [1, 0, 8, 3, 0],
    [12, 13, 72, 56, 27],
    [1, 1, 10, 5, 2],
    [32, 13, 215, 53, 34],
    [5, 11, 79, 34, 22],
    [21, 22, 215, 44, 30],
    [1, 9, 55, 21, 15],
    [37, 29, 250, 94, 51],
    [27, 32, 353, 70, 72],
    [11, 17, 109, 51, 35],
    [7, 38, 103, 32, 12],
    [50, 51, 382, 185, 68],
    [24, 22, 123, 96, 18],
    [52, 212, 726, 158, 102],
    [153, 352, 2101, 644, 345],
    [95, 148, 1101, 377, 235],
    [4, 2, 17, 4, 1]
  ],
  "method": "mult",
  "cond_prob": [
    [
      [0.98102324515, 0.0087793714995, 0.010197383346],
      [0.12621777706, 0.58931505673, 0.28446716621],
      [0, 0.65923230976, 0.34076769024],
      [0.96631913436, 0.0037480782696, 0.029932787372],
      [0.033680865642, 0.040858063196, 0.92546107116]
    ],
    [
      [0.98982814991, 0.0074443659342, 0.0027274841565],
      [0.2846964996, 0.61668416588, 0.098619334528],
      [0.20545382371, 0.71394143582, 0.080604740474],
      [0.99580640692, 0.0031805369233, 0.0010130561531],
      [0.26618552958, 0.16581015333, 0.56800431709]
    ],
    [
      [0.98494537967, 0.011363574398, 0.0036910459313],
      [0.18457279162, 0.71708181884, 0.098345389538],
      [0.016205372295, 0.90083026749, 0.082964360215],
      [0.99376472713, 0.0048623940854, 0.0013728787816],
      [0.16665901938, 0.17774057233, 0.65560040829]
    ],
    [
      [0.98963141923, 0.0082774705178, 0.0020911102569],
      [0.27336131861, 0.65443177944, 0.072206901952],
      [0.18504192638, 0.76387292039, 0.051085153227],
      [0.99568625441, 0.0035369394443, 0.00077680614701],
      [0.30289353371, 0.20889032878, 0.4882161375]
    ],
    [
      [0.9912999034, 0.0070037792112, 0.0016963173905],
      [0.30793110911, 0.62584673282, 0.066222158077],
      [0.25481578792, 0.69989361184, 0.045290600238],
      [0.99638090683, 0.0029896145556, 0.00062947861503],
      [0.34301858197, 0.20049195106, 0.45648946696]
    ],
    [
      [0.9887885831, 0.0086643649174, 0.0025470519786],
      [0.25868013178, 0.65719648876, 0.084123379467],
      [0.15622081959, 0.78045718738, 0.063321993026],
      [0.99534969299, 0.0037037567043, 0.00094655030921],
      [0.26701314256, 0.1945681978, 0.53841865963]
    ],
    [
      [0.98891413228, 0.0087126001538, 0.0023732675628],
      [0.25940055213, 0.66180000738, 0.078799440485],
      [0.15533086542, 0.7828922035, 0.061776931082],
      [0.99539404332, 0.0037240967274, 0.00088185995102],
      [0.27535718263, 0.20184018081, 0.52280263656]
    ],
    [
      [0.98808873234, 0.0090025004007, 0.0029087672562],
      [0.25248357105, 0.65502917773, 0.092487251218],
      [0.13936287773, 0.78382344222, 0.076813680045],
      [0.99506784463, 0.0038505242164, 0.0010816311546],
      [0.2523749505, 0.18894184046, 0.55868320904]
    ],
    [
      [0.98930210629, 0.0085114860139, 0.0021864076975],
      [0.2669374216, 0.659121023, 0.073941555405],
      [0.16870705153, 0.77702944055, 0.054263507924],
      [0.99555009831, 0.0036375601436, 0.00081234154237],
      [0.29352118098, 0.20867451006, 0.49780430896]
    ],
    [
      [0.98911415482, 0.0085743789785, 0.0023114662017],
      [0.26609816741, 0.65655691956, 0.077344913027],
      [0.16858096028, 0.7736775337, 0.057741506012],
      [0.99547588749, 0.0036651231528, 0.00085898935407],
      [0.28841807626, 0.20537916645, 0.50620275729]
    ],
    [
      [0.984780817, 0.0085799648676, 0.0066392181317],
      [0.21686343356, 0.58472809584, 0.1984084706],
      [0.097329560256, 0.71894992377, 0.18372051597],
      [0.99385379864, 0.0036749498061, 0.0024712515554],
      [0.11823932338, 0.090056196771, 0.79170447985]
    ],
    [
      [0.98975427828, 0.0067249888432, 0.0035207328753],
      [0.28053873819, 0.58782922339, 0.13163203842],
      [0.22072833857, 0.65364137606, 0.12563028537],
      [0.9986930502, 0, 0.0013069498044],
      [0.20693599944, 0.12106346598, 0.67200053458]
    ],
    [
      [0.99008874097, 0.0070173196272, 0.0028939394041],
      [0.29052083088, 0.60141688923, 0.10806227989],
      [0.20494002374, 0.69779682275, 0.097263153511],
      [0.99592811898, 0.0029972889147, 0.0010745921097],
      [0.25618312139, 0.15214654004, 0.59167033857]
    ],
    [
      [0.99088336234, 0.0074243638755, 0.0016922737886],
      [0.29793912709, 0.63849502578, 0.063565847133],
      [0.22575712413, 0.73318344824, 0.041059427631],
      [0.99620175598, 0.0031700595831, 0.00062818443625],
      [0.34295410157, 0.21181135491, 0.44523454352]
    ],
    [
      [0.98706463995, 0.010439238429, 0.0024961216184],
      [0.22907831352, 0.69804272863, 0.072878957855],
      [0.09238026428, 0.85265147235, 0.054968263369],
      [0.99460427298, 0.0044671404111, 0.00092858660722],
      [0.26048174032, 0.22826939011, 0.51124886957]
    ],
    [
      [0.99235169543, 0.0065765421396, 0.0010717624318],
      [0.32956649664, 0.62585993372, 0.044573569636],
      [0.30489591666, 0.66873087577, 0.026373207569],
      [0.99679698775, 0.002805534798, 0.00039747745596],
      [0.42041426331, 0.22984341305, 0.34974232363]
    ],
    [
      [0.99122192154, 0.0067499371597, 0.0020281413001],
      [0.31074772734, 0.60943362432, 0.079818648337],
      [0.28870784898, 0.661726989, 0.049565162017],
      [0.99636590688, 0.002881421632, 0.00075267148705],
      [0.31744521303, 0.17878793773, 0.50376684924]
    ],
    [
      [0.9893940146, 0.0079147036712, 0.0026912817301],
      [0.27676951432, 0.62965893049, 0.09357155519],
      [0.18985443336, 0.73433771821, 0.075807848435],
      [0.99561730305, 0.0033826913, 0.0010000056455],
      [0.27063190053, 0.17774249545, 0.55162560402]
    ],
    [
      [0.99008963838, 0.0076957883973, 0.0022145732226],
      [0.28624584015, 0.63403357663, 0.079720583226],
      [0.20701365472, 0.73389966988, 0.059086675405],
      [0.99588983734, 0.0032876607934, 0.00082250186768],
      [0.30086682552, 0.19226709885, 0.50686607563]
    ],
    [
      [0.98732706266, 0.0086811459867, 0.0039917913582],
      [0.24874849915, 0.62565470847, 0.12559679238],
      [0.12710835414, 0.74659293768, 0.12629870818],
      [0.99480017189, 0.0037147959351, 0.0014850321782],
      [0.20849115266, 0.15108185792, 0.64042698942]
    ],
    [
      [0.98823858486, 0.0090860342362, 0.0026753809079],
      [0.25217741058, 0.6625979353, 0.085224654116],
      [0.14274558478, 0.79002661641, 0.067227798804],
      [0.99511954771, 0.0038857441063, 0.00099470818054],
      [0.26251493691, 0.19886208659, 0.5386229765]
    ],
    [
      [0.9888120543, 0.0093972183654, 0.0017907273297],
      [0.25126751557, 0.69119130413, 0.057541180304],
      [0.1388690357, 0.82086568007, 0.040265284237],
      [0.99531772129, 0.0040168506353, 0.00066542807425],
      [0.31092034023, 0.24575940388, 0.44332025588]
    ],
    [
      [0.98523844705, 0.0092516827057, 0.0055098702404],
      [0.17489369429, 0.61908277305, 0.20602353266],
      [0.13222919966, 0.73708703886, 0.13068376148],
      [0.99398688946, 0.0039620011903, 0.0020511093472],
      [0.15031486081, 0.12185256499, 0.7278325742]
    ],
    [
      [5.5511151231e-17, 0.61742099595, 0.38257900405],
      [0, 0.79522331922, 0.20477668078],
      [0, 0.82060923321, 0.17939076679],
      [5.5511151231e-17, 0.65005824978, 0.34994175022],
      [1.1102230246e-16, 0.076344600717, 0.92365539928]
    ],
    [
      [0.98658614331, 0.0097166549654, 0.003697201728],
      [0.22989646399, 0.66059332649, 0.10951020953],
      [0.10123930965, 0.79886504707, 0.099895643285],
      [0.99446537274, 0.0041589194376, 0.0013757078216],
      [0.20812105213, 0.17137813937, 0.6205008085]
    ],
    [
      [0.9888992106, 0.0094871397041, 0.001613649698],
      [0.2505759763, 0.69763543476, 0.051788588944],
      [0.13702067385, 0.831307838, 0.03167148815],
      [0.99534546668, 0.0040549526449, 0.00059958067084],
      [0.32393564239, 0.258944488, 0.41711986961]
    ],
    [
      [0.98729710419, 0.010592107083, 0.0021107887261],
      [0.22499265265, 0.71297338974, 0.062033957611],
      [0.097372276873, 0.85889090966, 0.043736813466],
      [0.9946842626, 0.004530864287, 0.00078487311172],
      [0.27165771795, 0.24616997055, 0.4821723115]
    ],
    [
      [0.98713405754, 0.0099070016628, 0.0029589407924],
      [0.23647896156, 0.67537060955, 0.088150428892],
      [0.11065317844, 0.8170981495, 0.072248672058],
      [0.99465931585, 0.0042397743976, 0.0011009097558],
      [0.24548340744, 0.20236126275, 0.55215532981]
    ],
    [
      [0.98838208211, 0.0095022349294, 0.0021156829602],
      [0.24960967735, 0.68386133627, 0.066528986378],
      [0.1327289504, 0.82059441181, 0.046676637787],
      [0.99515008272, 0.0040633713531, 0.00078654592497],
      [0.2938531182, 0.23226168574, 0.47388519606]
    ],
    [
      [0.98832824207, 0.009357191495, 0.0023145664395],
      [0.24399395666, 0.68239266685, 0.073613376491],
      [0.12985522216, 0.81620121535, 0.053943562485],
      [0.9951395725, 0.0040002760879, 0.00086015141611],
      [0.26743639662, 0.21374202513, 0.51882157825]
    ],
    [
      [0.9897667481, 0.0079268502167, 0.0023064016848],
      [0.27848393316, 0.64013841737, 0.081377649478],
      [0.19385966165, 0.74374494072, 0.06239539763],
      [0.99575649609, 0.0033868153043, 0.00085668860484],
      [0.28916901988, 0.19133786122, 0.5194931189]
    ],
    [
      [0.98910675787, 0.0072976953163, 0.0035955468123],
      [0.27017279977, 0.60081602644, 0.12901117378],
      [0.18231308821, 0.70441870072, 0.11326821107],
      [0.99554656334, 0.0031181066157, 0.0013353300437],
      [0.20576772241, 0.12987926128, 0.66435301631]
    ],
    [
      [0.99023155738, 0.0081382610069, 0.0016301816104],
      [0.2759607824, 0.66595292135, 0.058086296249],
      [0.18230240923, 0.78459895834, 0.033098632426],
      [0.99591941888, 0.0034753877784, 0.00060519334392],
      [0.33170328986, 0.22915446866, 0.43914224149]
    ],
    [
      [1, 0, 0],
      [0.88991773879, 0.11008226121, 0],
      [0.24437407295, 0.75562592705, 0],
      [0.99846640372, 0.001533596279, 0],
      [0.73448356908, 0.26551643092, 0]
    ],
    [
      [0.99147927528, 0.0052208464046, 0.0032998783147],
      [0.28443349753, 0.55535431867, 0.16021218379],
      [0.24704834609, 0.6336787717, 0.1192728822],
      [0.99655701995, 0.0022235698508, 0.0012194101959],
      [0.035400616358, 0.018382815874, 0.94621656777]
    ],
    [
      [0.9918070938, 0.0074069546876, 0.00078595150747],
      [0.2538169541, 0.71402349153, 0.032159554368],
      [0.13676858507, 0.86323141493, 0],
      [0.99655680981, 0.0031524291855, 0.00029076100686],
      [0.36946773842, 0.30801570004, 0.32251656154]
    ],
    [
      [0.98969340207, 0.0079475252977, 0.0023590726279],
      [0.22381761533, 0.69136249379, 0.084819890876],
      [0.12700887938, 0.83369353479, 0.03929758583],
      [0.99573910646, 0.0033873272674, 0.00087356627223],
      [0.15818156193, 0.12662052319, 0.71519791488]
    ],
    [
      [0.98569472482, 0.01056358333, 0.0037416918531],
      [0.21688751688, 0.67841785201, 0.10469463111],
      [0.086653584154, 0.82073639278, 0.092610023067],
      [0.99408325994, 0.0045237489499, 0.0013929911068],
      [0.20382533341, 0.18280743619, 0.6133672304]
    ],
    [
      [0.98568616019, 0.010583065544, 0.0037307742675],
      [0.21479580575, 0.6804626863, 0.10474150795],
      [0.090998763024, 0.82038706123, 0.088614175746],
      [0.99407962942, 0.0045316776395, 0.0013886929357],
      [0.1987276413, 0.18014107209, 0.62113128661]
    ],
    [
      [0.9861008418, 0.011312726274, 0.0025864319223],
      [0.21652030844, 0.71233545337, 0.071144238195],
      [0.10714247292, 0.84349013969, 0.049367387387],
      [0.99419337295, 0.004843836653, 0.00096279039399],
      [0.25339302043, 0.24029752383, 0.50630945574]
    ],
    [
      [0.9858150013, 0.010940532114, 0.0032444665887],
      [0.21684618103, 0.69336385371, 0.089789965256],
      [0.092381004704, 0.83500552775, 0.07261346755],
      [0.99410684763, 0.0046852372113, 0.0012079151574],
      [0.22405342797, 0.20617067363, 0.5697758984]
    ],
    [
      [0.99176642261, 0.0068673050391, 0.0013662723478],
      [0.3073429471, 0.63747434224, 0.055182710655],
      [0.24690511617, 0.722003133, 0.031091750831],
      [0.99656388064, 0.0029294962641, 0.0005066230986],
      [0.35976643723, 0.21206421597, 0.4281693468]
    ],
    [
      [0.98631985524, 0.010742441535, 0.0029377032202],
      [0.22210871672, 0.69491156275, 0.082979720529],
      [0.09304624646, 0.8418056679, 0.065148085643],
      [0.99430749317, 0.004599099849, 0.0010934069829],
      [0.23888200621, 0.21519516523, 0.54592282856]
    ],
    [
      [0.9871327871, 0.010237359324, 0.0026298535796],
      [0.23354988618, 0.68908928422, 0.0773608296],
      [0.11767309857, 0.82464631298, 0.057680588453],
      [0.99464046112, 0.0043810842179, 0.00097845466043],
      [0.25979932685, 0.22127829669, 0.51892237646]
    ],
    [
      [0.98497804494, 0.012120310852, 0.0029016442104],
      [0.20404766333, 0.72059241234, 0.07535992433],
      [0.080364739286, 0.86435045865, 0.055284802062],
      [0.99372609702, 0.005193066832, 0.0010808361431],
      [0.23418433812, 0.23829005168, 0.52752561019]
    ],
    [
      [0.99011186725, 0.0079571092207, 0.0019310235249],
      [0.28266218874, 0.64858115437, 0.068756656898],
      [0.20097223912, 0.75231264443, 0.046715116452],
      [0.99588370082, 0.0033991452678, 0.00071715391202],
      [0.31867864954, 0.21082907049, 0.47049227997]
    ],
    [
      [0.99057565367, 0.0072067672555, 0.002217579075],
      [0.29781309059, 0.61898670129, 0.083200208118],
      [0.23043907438, 0.7077775624, 0.061783363221],
      [0.99609881786, 0.0030778186908, 0.00082336344799],
      [0.30341438748, 0.18180677018, 0.51477884234]
    ],
    [
      [0.98774188635, 0.0098139475328, 0.0024441661143],
      [0.23902799401, 0.68636499411, 0.074607011875],
      [0.10732866905, 0.83676936264, 0.055901968313],
      [0.99489333481, 0.0041977990015, 0.00090886618759],
      [0.2657851631, 0.21923633149, 0.51497850542]
    ],
    [
      [0.99109190575, 0.0068491592587, 0.0020589349927],
      [0.30777240113, 0.61193924092, 0.08028835795],
      [0.24201699012, 0.69990345057, 0.058079559317],
      [0.99631181523, 0.0029240166054, 0.00076416815975],
      [0.31536350441, 0.18043413125, 0.50420236434]
    ],
    [
      [0.99066533177, 0.0076457066467, 0.0016889615799],
      [0.28451374953, 0.65310116022, 0.062385090254],
      [0.22609721594, 0.75370635797, 0.020196426094],
      [0.99610928947, 0.0032638980277, 0.00062681249832],
      [0.32814215951, 0.21423587858, 0.45762196191]
    ],
    [
      [0.99022294755, 0.0070002799343, 0.0027767725201],
      [0.29512034202, 0.6008996537, 0.10398000428],
      [0.24935280496, 0.66903798346, 0.081609211579],
      [0.99597874038, 0.0029901387722, 0.0010311208503],
      [0.26517972412, 0.1550552823, 0.57976499357]
    ],
    [
      [0.98493571929, 0.0097146531894, 0.0053496275197],
      [0.18287085026, 0.6510540487, 0.16607510104],
      [0.0052625177357, 0.85358134675, 0.14115613552],
      [0.99386039598, 0.0041550954621, 0.0019845085628],
      [0, 0, 1]
    ],
    [
      [0.99303873665, 0.0057558230245, 0.0012054403207],
      [0.35493972287, 0.59106105028, 0.053999226844],
      [0.33955163269, 0.63668197529, 0.023766392019],
      [0.99709871286, 0.0024544064684, 0.00044688067126],
      [0.41490229107, 0.19878101783, 0.3863166911]
    ],
    [
      [0.99203256632, 0.0063907844029, 0.0015766492786],
      [0.29286517783, 0.63906881314, 0.068066009037],
      [0.24654031532, 0.71824524433, 0.03521444035],
      [0.99669341664, 0.0027229448034, 0.00058363855761],
      [0.26623201943, 0.15847323517, 0.5752947454]
    ],
    [
      [0.99167828489, 0.0057259033327, 0.0025958117807],
      [0.29251326616, 0.59403049842, 0.11345623542],
      [0.21224350506, 0.67717264121, 0.11058385373],
      [0.99659942345, 0.0024392404961, 0.00096133605025],
      [0.23286942038, 0.13028977289, 0.63684080673]
    ],
    [
      [0.98994916025, 0.007117832201, 0.0029330075494],
      [0.29133942492, 0.60070003806, 0.10796053702],
      [0.23478185911, 0.67389338216, 0.091324758733],
      [0.99586963532, 0.0030409679937, 0.0010893966844],
      [0.25920259038, 0.15377263343, 0.58702477619]
    ],
    [
      [0.99297826723, 0.0055817223891, 0.0014400103793],
      [0.35742528884, 0.57757805707, 0.064996654097],
      [0.37105107743, 0.59658107803, 0.032367844537],
      [0.99708587063, 0.002380271265, 0.00053385810978],
      [0.38710561097, 0.17983568787, 0.43305870116]
    ],
    [
      [0.99143028139, 0.0059505619523, 0.002619156653],
      [0.32653516089, 0.56505673136, 0.10840810775],
      [0.31230960066, 0.60421872172, 0.08347167762],
      [0.99648815357, 0.0025399355404, 0.00097191089451],
      [0.28184035193, 0.14005731727, 0.5781023308]
    ],
    [
      [0.99249981068, 0.0059070410814, 0.0015931482411],
      [0.34341774161, 0.58737718868, 0.069205069713],
      [0.34027639331, 0.6160378016, 0.04368580509],
      [0.99688948921, 0.0025197241045, 0.00059078668793],
      [0.36514349645, 0.1796041054, 0.45525239814]
    ],
    [
      [0.99128478069, 0.0071151272639, 0.0016000920509],
      [0.30719278243, 0.63085395582, 0.061953261748],
      [0.2541532553, 0.70975260355, 0.036094141155],
      [0.99636888335, 0.0030372932119, 0.00059382344295],
      [0.35464520263, 0.20984349849, 0.43551129888]
    ],
    [
      [0.99112482123, 0.0071809599626, 0.0016942188062],
      [0.30128805674, 0.63359110324, 0.065120840019],
      [0.2344614219, 0.72681378217, 0.038724795927],
      [0.99630595581, 0.0030653193861, 0.0006287248023],
      [0.33960900362, 0.20488697248, 0.4555040239]
    ],
    [
      [0.98828872837, 0.0085730721871, 0.0031381994469],
      [0.25442095643, 0.64303780425, 0.10254123932],
      [0.14629563695, 0.76538390152, 0.088320461522],
      [0.99516771697, 0.0036657628435, 0.0011665201859],
      [0.23463864861, 0.16979790881, 0.59556344258]
    ],
    [
      [0.99102940043, 0.006838089452, 0.0021325101199],
      [0.30791842747, 0.60917000439, 0.082911568142],
      [0.24981396795, 0.69103645382, 0.059149578227],
      [0.99628896257, 0.0029194964074, 0.00079154102446],
      [0.31142024107, 0.17741253259, 0.51116722634]
    ],
    [
      [0.99141581899, 0.0067629498122, 0.0018212311935],
      [0.3127660395, 0.61501950162, 0.072214458874],
      [0.25562421957, 0.69864664143, 0.045729139001],
      [0.99643761001, 0.0028865881506, 0.00067580183982],
      [0.33529652814, 0.18955239017, 0.47515108168]
    ],
    [
      [0.98925062907, 0.0080952340151, 0.0026541369189],
      [0.26953547152, 0.63914846037, 0.091316068105],
      [0.17971068273, 0.74815268325, 0.07213663402],
      [0.99555433763, 0.0034595804245, 0.00098608194843],
      [0.26417517554, 0.17972293893, 0.55610188553]
    ],
    [
      [0.99162947746, 0.0062451661167, 0.0021253564278],
      [0.32569013613, 0.58709854286, 0.087211321012],
      [0.29397501864, 0.64502552065, 0.060999460715],
      [0.99654591039, 0.0026654639437, 0.00078862566588],
      [0.31756348004, 0.16489413644, 0.51754238352]
    ],
    [
      [0.98837709154, 0.010028116943, 0.0015947915121],
      [0.24249150974, 0.70838236339, 0.049126126863],
      [0.11148311318, 0.86603741052, 0.022479476298],
      [0.9951194176, 0.0042877687088, 0.00059281369344],
      [0.32397499036, 0.27200658179, 0.40401842785]
    ],
    [
      [0.98975020028, 0.0078418997426, 0.0024078999757],
      [0.27914612265, 0.63580105977, 0.085052817577],
      [0.21011655682, 0.72969682482, 0.060186618361],
      [1, 0, 0],
      [0.28354248954, 0.18552625597, 0.53093125449]
    ],
    [
      [0.99064591895, 0.0068042604808, 0.0025498205719],
      [0.30378887859, 0.59839761802, 0.097813503388],
      [0.27037630092, 0.65651175833, 0.073111940742],
      [1, 0, 0],
      [0.28251351848, 0.16006907374, 0.55741740778]
    ],
    [
      [0.99042972374, 0.0068725275629, 0.0026977486928],
      [0.30041092191, 0.59725509642, 0.10233398167],
      [0.23545444546, 0.67933069803, 0.085214856507],
      [0.99606294145, 0.0029353279155, 0.0010017306367],
      [0.27412991777, 0.15696771925, 0.56890236298]
    ],
    [
      [0.99381325808, 0.0050562104275, 0.0011305314921],
      [0.38234299966, 0.56270203237, 0.054954967973],
      [0.39026322154, 0.57802905306, 0.031707725402],
      [0.9974261508, 0.0021549799049, 0.00041886929661],
      [0.43012081789, 0.18166217055, 0.38821701156]
    ],
    [
      [0.99072747753, 0.0064660395211, 0.0028064829461],
      [0.31046613707, 0.57964339866, 0.10989046427],
      [0.26433485314, 0.64615213245, 0.089513014413],
      [0.99619676896, 0.0027612916924, 0.0010419393448],
      [0.27053914379, 0.14552811442, 0.5839327418]
    ],
    [
      [0.99113539749, 0.0061711089877, 0.0026934935244],
      [0.31735673545, 0.57370738874, 0.10893587581],
      [0.29874585803, 0.61554576672, 0.085708375244],
      [0.99636601481, 0.0026343793587, 0.00099960583529],
      [0.27335716545, 0.14153641982, 0.58510641474]
    ],
    [
      [0.98738832618, 0.010657211227, 0.0019544625904],
      [0.22937950636, 0.71351242576, 0.057108067888],
      [0.10302231734, 0.86304896667, 0.033928715985],
      [0.99471366001, 0.0045594064691, 0.00072693351716],
      [0.29215392222, 0.26144872617, 0.44639735162]
    ],
    [
      [0.99199690254, 0.0051965587976, 0.0028065386674],
      [0.3350084496, 0.53928094425, 0.12571060614],
      [0.30702315182, 0.58745380349, 0.10552304469],
      [0.99674341218, 0.0022161856616, 0.0010404021577],
      [0.24876066965, 0.11270274669, 0.63853658366]
    ],
    [
      [0.98901538498, 0.0078848842133, 0.0030997308035],
      [0.22783237816, 0.65938147133, 0.11278615051],
      [0.12483491535, 0.78443270137, 0.09073238328],
      [0.99548823124, 0.0033630631063, 0.0011487056552],
      [0.16481010607, 0.13174546354, 0.7034444304]
    ],
    [
      [0.99013974922, 0.0073860572629, 0.0024741935194],
      [0.2450810707, 0.65654040174, 0.09837852756],
      [0.14252733518, 0.7796328213, 0.077839843519],
      [0.99593551104, 0.0031486728914, 0.00091581606641],
      [0.14427489092, 0.10566179314, 0.75006331595]
    ],
    [
      [0.9921751376, 0.0060589431309, 0.0017659192654],
      [0.33611432626, 0.58896386454, 0.074921809194],
      [0.30500865568, 0.64676790004, 0.048223444277],
      [0.99675992526, 0.0025850605097, 0.00065501422735],
      [0.3487676324, 0.17591980264, 0.47531256496]
    ],
    [
      [0.98833004066, 0.0086595930165, 0.0030103663269],
      [0.25703221538, 0.64509449464, 0.097873289989],
      [0.14961671733, 0.76553033799, 0.084852944677],
      [0.99517762833, 0.0037031732656, 0.0011191983998],
      [0.24756118382, 0.17896720438, 0.5734716118]
    ],
    [
      [0.99035658217, 0.0072193958665, 0.0024240219677],
      [0.29307493379, 0.61667397208, 0.090251094127],
      [0.22788525253, 0.70376768111, 0.068347066362],
      [0.99601658488, 0.0030833695922, 0.00090004552966],
      [0.28559978925, 0.17264215785, 0.5417580529]
    ],
    [
      [0.98880376394, 0.0089709109803, 0.0022253250791],
      [0.25771134562, 0.66975088435, 0.072537770032],
      [0.15081930298, 0.79792394979, 0.051256747237],
      [0.99533785318, 0.0038350850268, 0.00082706179415],
      [0.28840839205, 0.21584407104, 0.49574753691]
    ],
    [
      [0.99297996603, 0.0050618044177, 0.0019582295493],
      [0.30533381314, 0.59844613964, 0.096220047212],
      [0.30403043912, 0.64932718564, 0.046642375235],
      [0.99712308585, 0.002153223633, 0.00072369052162],
      [0.18732502189, 0.095423991599, 0.71725098651]
    ],
    [
      [0.98833800825, 0.0083174194792, 0.0033445722714],
      [0.2523205295, 0.6373528892, 0.1103265813],
      [0.14134267374, 0.75324039714, 0.10541692912],
      [0.99520154559, 0.0035555135617, 0.0012429408477],
      [0.21987100101, 0.15706279577, 0.62306620322]
    ],
    [
      [0.98828537426, 0.0085589611686, 0.0031556645748],
      [0.20758677917, 0.68846323452, 0.1039499863],
      [0.081504876485, 0.83516659801, 0.08332852551],
      [0.99517911468, 0.0036508499848, 0.0011700353306],
      [0.16237017915, 0.14233825815, 0.6952915627]
    ],
    [
      [0.99553223941, 0.0044677605861, 0],
      [0.39369261633, 0.60630738367, 0],
      [0.35211239726, 0.64788760274, 0],
      [0.99810076067, 0.0018992393271, 0],
      [0.70183932799, 0.29816067201, 0]
    ],
    [
      [0.98617084645, 0.0059545172791, 0.0078746362731],
      [0.21722036293, 0.48692007477, 0.2958595623],
      [0.12877757168, 0.62330151052, 0.2479209178],
      [0.99453619337, 0.0025444661766, 0.0029193404494],
      [0.01210236854, 0.0072278593273, 0.98066977213]
    ],
    [
      [0.99165209253, 0.0063452586697, 0.0020026488],
      [0.32207411685, 0.59612196765, 0.081803915499],
      [0.31084124801, 0.64431463418, 0.044844117809],
      [0.99654908887, 0.002707893409, 0.00074301771895],
      [0.32318120508, 0.17155465276, 0.50526414216]
    ],
    [
      [0.99213374932, 0.0036478327455, 0.0042184179336],
      [0.35122646647, 0.43522066513, 0.2135528684],
      [0.33499560494, 0.44442876363, 0.22057563142],
      [0.99688324352, 0.0015544540328, 0.0015623024441],
      [0.16113375857, 0.054535797808, 0.78433044362]
    ],
    [
      [0.98607462428, 0.010599342557, 0.0033260331603],
      [0.22193499045, 0.6843168039, 0.093748205654],
      [0.089545472753, 0.83145401127, 0.07900051598],
      [0.99422319336, 0.0045386366038, 0.0012381700411],
      [0.22395150757, 0.19886889485, 0.57717959757]
    ],
    [
      [0.99095523318, 0.0067627338415, 0.0022820329831],
      [0.30560006464, 0.60548281435, 0.088917121007],
      [0.24394449866, 0.68975977351, 0.066295727831],
      [0.99626584833, 0.0028871635352, 0.00084698813649],
      [0.29722585845, 0.16894044116, 0.5338337004]
    ],
    [
      [0.98956358829, 0.0082967352756, 0.0021396764305],
      [0.2718791437, 0.65442484739, 0.073696008907],
      [0.17427020239, 0.77237375248, 0.053356045135],
      [0.99565991723, 0.0035452230474, 0.00079485972202],
      [0.29868978711, 0.20706917732, 0.49424103558]
    ],
    [
      [0.98746383159, 0.0096484053593, 0.0028877630483],
      [0.23570489015, 0.67634400395, 0.087951105908],
      [0.11610997229, 0.81544159744, 0.068448430274],
      [0.99479892269, 0.0041271845054, 0.0010738928022],
      [0.24095775366, 0.19781978835, 0.56122245799]
    ],
    [
      [0.98976214948, 0.0075620664733, 0.0026757840478],
      [0.28375800324, 0.62040415225, 0.095837844505],
      [0.20280425503, 0.71880951943, 0.078386225546],
      [0.99577491421, 0.0032311147911, 0.00099397100075],
      [0.27148848398, 0.17102702899, 0.55748448704]
    ],
    [
      [0.98682604773, 0.0095151082743, 0.0036588439927],
      [0.23692517682, 0.65336005125, 0.10971477194],
      [0.12326528329, 0.77652926463, 0.10020545208],
      [0.99456568334, 0.0040727702643, 0.0013615463994],
      [0.21724789192, 0.17271730702, 0.61003480106]
    ],
    [
      [0.99127026024, 0.0062664357432, 0.0024633040128],
      [0.31900425871, 0.58142987547, 0.099565865813],
      [0.27214947132, 0.64744325406, 0.080407274615],
      [0.99641084259, 0.0026749818426, 0.00091417556686],
      [0.29119169694, 0.15254350163, 0.55626480143]
    ],
    [
      [0.98954444955, 0.0080886078784, 0.002366942572],
      [0.27287830327, 0.64474986675, 0.082371829981],
      [0.17920697495, 0.75760768557, 0.063185339484],
      [0.99566460025, 0.0034561689138, 0.00087923083874],
      [0.28201897512, 0.19155798247, 0.52642304241]
    ],
    [
      [0.99174115962, 0.006046235458, 0.0022126049214],
      [0.33131886401, 0.57653001624, 0.092151119748],
      [0.29794484354, 0.63380911466, 0.0682460418],
      [0.99659856029, 0.002580466481, 0.00082097323164],
      [0.31367670687, 0.15738513679, 0.52893815634]
    ],
    [
      [0.99171958182, 0.0060211926971, 0.0022592254798],
      [0.33005892608, 0.57568017234, 0.094260901579],
      [0.32311343807, 0.61117523129, 0.065711330639],
      [0.9965921041, 0.0025696800853, 0.00083821581665],
      [0.30675771038, 0.15384915813, 0.53939313149]
    ],
    [
      [0.9848492124, 0.010551609286, 0.004599178314],
      [0.21573981367, 0.65878755252, 0.12547263381],
      [0.089718767817, 0.79121289346, 0.11906833872],
      [0.99376444131, 0.0045219810369, 0.0017135776566],
      [0.18529797349, 0.16326785811, 0.6514341684]
    ],
    [
      [0.986336159, 0.0094737495656, 0.0041900914296],
      [0.23469613334, 0.64134347887, 0.12396038779],
      [0.11267723034, 0.76747897194, 0.11984379772],
      [0.99438366839, 0.0040565237965, 0.0015598078162],
      [0.20104227636, 0.15858518951, 0.64037253412]
    ],
    [
      [0.98591821668, 0.009378866809, 0.0047029165083],
      [0.23245912801, 0.62959673862, 0.13794413338],
      [0.10289930218, 0.75037749775, 0.14672320007],
      [0.99423186458, 0.0040169602655, 0.0017511751521],
      [0.18645222902, 0.14573902681, 0.66780874417]
    ],
    [
      [0.98644798047, 0.0092408652442, 0.0043111542888],
      [0.21805903941, 0.6494975969, 0.13244336369],
      [0.087626441371, 0.79545967487, 0.11691388376],
      [0.99444482007, 0.0039527795693, 0.0016024003639],
      [0.15066121573, 0.12541575419, 0.72392303008]
    ]
  ],
  "expected_outcome": [
    [
      [0, 12.8677659488, 0, 45.5230452844, 14.869498551, 11.8654629972, 15.8226261165, 142.2847774574, 15.8288337006, 129.5739542814, 2.954342451, 1.9795085566, 1.9801774819, 34.6809176818, 16.7800988792, 25.8011440811, 19.8244384308, 279.0091121168, 79.2071710704, 41.4677366315, 33.6001118851, 6.9216843801, 0.98523844705, 0, 2.9597584299, 4.944496053, 1.9745942084, 134.2502318261, 56.3377786803, 6.9182976945, 14.8465012215, 2.9673202736, 3.9609262295, 3, 0, 0, 0, 3.9427788993, 1.9713723204, 7.8888067344, 15.7730400208, 0.99176642261, 14.7947978287, 142.1471213419, 9.8497804494, 35.6440272212, 39.6230261468, 7.9019350908, 21.8040219265, 11.8879839813, 22.7751277935, 0, 23.8329296797, 0.99203256632, 0.99167828489, 39.59796641, 22.8385001463, 7.9314422512, 29.7749943203, 32.7123977626, 2.9733744637, 9.8828872837, 25.7667644111, 12.8884056469, 11.8710075488, 24.7907369364, 18.7791647394, 14.8462530042, 28.7287316495, 13.8660161324, 12.919572355, 41.6105540564, 8.9202185774, 9.8738832618, 2.9759907076, 0.98901538498, 0.99013974922, 23.8122033025, 27.6732411384, 13.8649921503, 21.7536828067, 0, 7.906704066, 0.98828537426, 1.9910644788, 0.98617084645, 11.8998251104, 0.99213374932, 31.5543879771, 4.9547761659, 20.7808353542, 0.98746383159, 36.6211995307, 26.6443032888, 10.9039728627, 6.9268111468, 49.587057981, 23.8012699638, 51.2121590448, 150.9094323277, 93.6622305849, 3.9457919219],
      [0, 0.096776757145, 0, 0.38076364382, 0.10505668817, 0.10397237901, 0.13940160246, 1.2963600577, 0.13618377622, 1.1232436462, 0.025739894603, 0.013449977686, 0.014034639254, 0.25985273564, 0.17746705329, 0.17099009563, 0.13499874319, 2.2319464353, 0.61566307179, 0.36460813144, 0.30892516403, 0.065780528558, 0.0092516827057, 0, 0.029149964896, 0.047435698521, 0.021184214166, 1.3473522261, 0.54162739097, 0.065500340465, 0.11890275325, 0.021893085949, 0.032553044028, 0, 0, 0, 0, 0.042254333322, 0.021166131088, 0.090501810189, 0.17504851382, 0.0068673050391, 0.16113662302, 1.4741797426, 0.12120310852, 0.28645593194, 0.28827069022, 0.078511580263, 0.15068150369, 0.091748479761, 0.16100643849, 0, 0.13813975259, 0.0063907844029, 0.0057259033327, 0.28471328804, 0.12837961495, 0.047604495619, 0.17721123244, 0.23479919971, 0.021542879888, 0.085730721871, 0.17779032575, 0.087918347559, 0.097142808182, 0.15612915292, 0.19053422192, 0.11762849614, 0.19732355394, 0.096215385881, 0.065730735558, 0.27157365989, 0.05553998089, 0.10657211227, 0.015589676393, 0.0078848842133, 0.0073860572629, 0.14541463514, 0.24246860446, 0.10107154213, 0.19736004157, 0, 0.066539355833, 0.0085589611686, 0.0089355211722, 0.0059545172791, 0.076143104036, 0.0036478327455, 0.33917896181, 0.033813669207, 0.17423144079, 0.0096484053593, 0.27979645951, 0.2569079234, 0.068930793175, 0.056620255149, 0.3023117729, 0.14450862473, 0.54868368285, 1.4494836835, 0.89099234686, 0.036963460977],
      [0, 0.035457294035, 0, 0.096191071816, 0.025444760857, 0.030564623743, 0.037972281005, 0.41886248489, 0.034982523161, 0.30280207243, 0.019917654395, 0.0070414657507, 0.0057878788082, 0.059229582601, 0.042434067513, 0.027865823227, 0.040562826003, 0.75894144788, 0.17716585781, 0.16765523704, 0.090962950869, 0.012535091308, 0.0055098702404, 0, 0.011091605184, 0.0080682484902, 0.0042215774523, 0.40241594777, 0.12059392873, 0.016201965077, 0.034596025271, 0.010786640437, 0.0065207264417, 0, 0, 0, 0, 0.014966767412, 0.0074615485351, 0.020691455378, 0.051911465419, 0.0013662723478, 0.044065548303, 0.37869891547, 0.029016442104, 0.069516846897, 0.088703163002, 0.019553328914, 0.045296569839, 0.020267538958, 0.063865767963, 0, 0.028930567696, 0.0015766492786, 0.0025958117807, 0.11732030198, 0.033120238723, 0.020953253224, 0.047794447233, 0.052803037679, 0.0050826564185, 0.031381994469, 0.055445263118, 0.023676005516, 0.031849643027, 0.053133910694, 0.030301038729, 0.036118499636, 0.073944796584, 0.037768481699, 0.014696909398, 0.11787228374, 0.024241441719, 0.019544625904, 0.0084196160022, 0.0030997308035, 0.0024741935194, 0.04238206237, 0.084290257153, 0.033936307547, 0.04895715174, 0, 0.026756578171, 0.0031556645748, 0, 0.0078746362731, 0.0240317856, 0.0042184179336, 0.10643306113, 0.011410164915, 0.044933205041, 0.0028877630483, 0.099004009767, 0.098788787803, 0.02709634414, 0.016568598004, 0.11063024607, 0.054221411516, 0.23915727233, 0.64108398873, 0.44677706829, 0.017244617155]
    ],
    [
      [0, 5.1245369927, 0.36914558324, 15.0348725234, 7.0824155095, 2.5868013178, 8.3008176682, 67.6655970422, 6.1395606967, 61.2025785054, 0.43372686711, 1.1221549528, 9.5871874191, 11.9175650836, 9.6212891678, 11.2052608857, 4.3504681828, 109.600727669, 30.914550736, 10.4474369645, 16.6437090983, 5.0253503114, 3.67276758, 0, 3.2185504958, 4.7609435496, 3.1498971372, 84.4229892774, 23.2136999935, 2.4399395666, 9.7469376604, 0.27017279977, 3.0355686065, 1.7798354776, 0.28443349753, 0.2538169541, 0.22381761533, 1.951987652, 0.21479580575, 6.7121295615, 1.0842309051, 1.2293717884, 4.664283051, 41.8054296268, 11.4266691463, 15.2637581918, 27.6966174251, 11.7123717067, 12.9264408473, 3.9831924934, 4.4268051303, 0, 5.3240958431, 0.29286517783, 1.1700530646, 8.1575038979, 4.6465287549, 5.2245625742, 9.6156967649, 21.5034947703, 1.8077283404, 3.8163143465, 11.3929818164, 4.378724553, 5.121173959, 11.3991547645, 8.2447113313, 3.3497534718, 6.6833553289, 9.0123276574, 2.2940579979, 16.4547052646, 5.3950645026, 5.2757286462, 0, 0.22783237816, 0.73524321209, 9.0750868092, 19.7914805839, 6.4476485434, 14.4318353547, 0, 1.009282118, 0.20758677917, 0.78738523266, 0, 4.1869635191, 0.35122646647, 2.8851548758, 3.3616007111, 5.9813411615, 2.1213440113, 8.2289820941, 7.5816056581, 5.4230723981, 10.3693755243, 16.8972620647, 7.2612963737, 45.7368404981, 82.6130389355, 34.4039509452, 0.43611807883],
