{
  "X": [
    [221, 1138, 1581, 103],
    [17, 85, 139, 13],
    [18, 106, 184, 22],
    [2, 8, 14, 3],
    [3, 31, 26, 2],
    [41, 72, 215, 5],
    [12, 58, 108, 6],
    [39, 128, 202, 9],
    [38, 101, 233, 12],
    [129, 1424, 1167, 144],
    [2, 27, 23, 8],
    [43, 65, 186, 11],
    [138, 568, 1865, 166],
    [78, 132, 716, 22],
    [15, 145, 184, 9],
    [5, 19, 34, 6],
    [5, 25, 28, 2],
    [36, 356, 408, 45],
    [5, 23, 43, 3],
    [87, 412, 545, 34],
    [96, 672, 810, 68],
    [135, 632, 1145, 48],
    [2, 25, 29, 3],
    [19, 52, 134, 14],
    [24, 53, 136, 19],
    [2, 7, 14, 5],
    [10, 152, 183, 33],
    [1, 5, 8, 0],
    [3, 4, 12, 2],
    [0, 18, 7, 0],
    [25, 64, 93, 16],
    [8, 60, 155, 7],
    [48, 331, 276, 19],
    [36, 231, 255, 11],
    [7, 52, 41, 2],
    [0, 3, 5, 0],
    [2, 4, 10, 1],
    [1, 8, 4, 2],
    [3, 11, 37, 4],
    [0, 0, 7, 0],
    [16, 201, 144, 26],
    [37, 267, 205, 18],
    [34, 268, 295, 34],
    [30, 306, 208, 25],
    [41, 498, 373, 47],
    [40, 219, 487, 25],
    [24, 349, 224, 24],
    [0, 8, 11, 0],
    [24, 103, 156, 13],
    [0, 4, 10, 1],
    [24, 123, 166, 13],
    [0, 1, 5, 0],
    [13, 65, 144, 26],
    [8, 18, 62, 7],
    [3, 10, 37, 12],
    [24, 91, 306, 30],
    [52, 247, 263, 14],
    [38, 73, 251, 7],
    [19, 26, 106, 8],
    [54, 288, 334, 33],
    [19, 232, 265, 19],
    [1, 2, 8, 2],
    [37, 120, 232, 15],
    [9, 22, 62, 3],
    [0, 36, 58, 2],
    [1, 6, 9, 1],
    [28, 195, 355, 22],
    [4, 16, 14, 4],
    [35, 127, 217, 15],
    [48, 173, 246, 30],
    [51, 181, 331, 19],
    [11, 42, 88, 3],
    [6, 12, 15, 1],
    [2, 10, 7, 2],
    [10, 49, 65, 8],
    [53, 180, 251, 20],
    [68, 173, 406, 13],
    [75, 258, 505, 16],
    [6, 3, 6, 1],
    [4, 14, 23, 2],
    [3, 14, 16, 1],
    [22, 36, 130, 10],
    [8, 37, 104, 13],
    [41, 165, 497, 72],
    [36, 90, 301, 38],
    [18, 52, 133, 3],
    [150, 307, 689, 19],
    [329, 971, 1548, 164],
    [231, 690, 973, 107],
    [0, 2, 0, 0]
  ],
  "W": [
    [409, 1116, 1248, 145, 94, 31],
    [18, 113, 106, 8, 5, 4],
    [39, 122, 136, 23, 8, 2],
    [2, 11, 11, 3, 0, 0],
    [4, 20, 32, 2, 3, 1],
    [69, 144, 87, 7, 18, 8],
    [25, 75, 67, 7, 7, 3],
    [68, 130, 150, 8, 17, 5],
    [54, 182, 119, 9, 13, 7],
    [126, 937, 1548, 152, 56, 45],
    [4, 15, 35, 4, 0, 2],
    [68, 114, 79, 9, 28, 7],
    [166, 1558, 718, 208, 36, 51],
    [219, 494, 154, 45, 29, 7],
    [47, 105, 176, 16, 6, 3],
    [8, 32, 21, 2, 0, 1],
    [10, 20, 27, 3, 0, 0],
    [54, 316, 413, 24, 24, 14],
    [10, 27, 30, 4, 3, 0],
    [123, 410, 446, 45, 41, 13],
    [142, 635, 724, 79, 40, 26],
    [260, 679, 904, 49, 48, 20],
    [7, 17, 34, 0, 0, 1],
    [26, 105, 56, 21, 7, 4],
    [28, 96, 75, 17, 14, 2],
    [2, 13, 9, 3, 0, 1],
    [18, 161, 172, 11, 0, 16],
    [1, 8, 5, 0, 0, 0],
    [0, 9, 7, 4, 1, 0],
    [3, 3, 18, 0, 1, 0],
    [23, 77, 68, 13, 13, 4],
    [4, 139, 62, 15, 5, 5],
    [74, 192, 359, 12, 30, 7],
    [57, 174, 251, 25, 18, 8],
    [13, 26, 57, 3, 2, 1],
    [0, 3, 4, 0, 1, 0],
    [2, 8, 4, 1, 1, 1],
    [0, 4, 8, 0, 1, 2],
    [1, 31, 18, 4, 1, 0],
    [0, 6, 0, 0, 1, 0],
    [13, 101, 227, 26, 14, 6],
    [30, 164, 275, 19, 28, 11],
    [43, 220, 297, 34, 23, 14],
    [19, 175, 323, 31, 17, 4],
    [46, 280, 536, 64, 22, 11],
    [65, 348, 284, 39, 23, 12],
    [34, 174, 350, 31, 19, 13],
    [1, 7, 9, 0, 2, 0],
    [24, 127, 113, 15, 13, 4],
    [1, 7, 5, 0, 1, 1],
    [42, 101, 150, 10, 18, 5],
    [1, 2, 2, 0, 1, 0],
    [14, 120, 78, 24, 6, 6],
    [5, 49, 26, 6, 4, 5],
    [2, 35, 13, 9, 3, 0],
    [21, 271, 115, 31, 5, 8],
    [63, 200, 269, 20, 15, 9],
    [81, 149, 107, 7, 18, 7],
    [36, 71, 29, 7, 12, 4],
    [71, 173, 393, 29, 32, 11],
    [56, 128, 305, 22, 14, 10],
    [0, 4, 5, 1, 2, 1],
    [43, 167, 142, 30, 17, 5],
    [13, 48, 22, 6, 5, 2],
    [3, 39, 47, 5, 1, 1],
    [0, 8, 6, 0, 3, 0],
    [52, 165, 324, 35, 12, 12],
    [7, 13, 13, 0, 4, 1],
    [45, 157, 150, 17, 22, 3],
    [50, 200, 188, 25, 25, 9],
    [74, 249, 193, 30, 25, 11],
    [19, 64, 47, 7, 6, 1],
    [5, 12, 10, 2, 3, 2],
    [1, 7, 11, 1, 1, 0],
    [11, 42, 54, 12, 10, 3],
    [53, 175, 203, 26, 33, 14],
    [100, 269, 233, 20, 29, 9],
    [88, 298, 389, 28, 40, 11],
    [3, 5, 4, 2, 2, 0],
    [5, 13, 20, 2, 2, 1],
    [2, 13, 15, 1, 0, 3],
    [27, 99, 45, 10, 8, 9],
    [13, 82, 45, 16, 4, 2],
    [57, 380, 221, 80, 18, 19],
    [40, 238, 123, 32, 19, 13],
    [38, 85, 62, 8, 9, 4],
    [254, 468, 378, 12, 43, 10],
    [317, 1267, 1120, 120, 134, 54],
    [186, 794, 782, 101, 104, 34],
    [0, 0, 2, 0, 0, 0]
  ],
  "method": "mvn_pdf",
  "cond_prob": [
    [
      [0.24585571309, 0.011077300641, 0.74305932558, 7.6606914699e-06],
      [0.049555593623, 0.074030319946, 0.84018273553, 0.036231350899],
      [0.0048023220793, 0.80035585324, 0.18965306075, 0.0051887639342],
      [0.0043334509835, 0.18673425522, 0.48667652248, 0.32225577132],
      [0.60857048479, 0.19729183589, 0.19154859824, 0.0025890810844],
      [0.041760757696, 0.18584791552, 0.44125170938, 0.3311396174]
    ],
    [
      [0.29281120773, 0.0070446762913, 0.70013305359, 1.1062385982e-05],
      [0.06101088842, 0.049627254404, 0.83395252513, 0.055409332049],
      [0.0078647945548, 0.73076292061, 0.25080975351, 0.010562531321],
      [0.004710661011, 0.11127102251, 0.42761476527, 0.45640355121],
      [0.70753063188, 0.11885151066, 0.17008424388, 0.0035336135785],
      [0.044944523016, 0.10929382406, 0.3825757836, 0.46318586933]
    ],
    [
      [0.20223309385, 0.0071676001237, 0.79058455741, 1.4748621421e-05],
      [0.038417751386, 0.045550692915, 0.84943712695, 0.066594428748],
      [0.0052786873419, 0.70943673983, 0.27177411573, 0.0135104571],
      [0.0027449811983, 0.094227549837, 0.40225405055, 0.50077341841],
      [0.60308450903, 0.15104474843, 0.23998870527, 0.0058820372732],
      [0.026475179787, 0.093778413093, 0.36464637378, 0.51510003334]
    ],
    [
      [0.40755640692, 0.0041113549936, 0.58831900288, 1.3235210196e-05],
      [0.074126343551, 0.033564470113, 0.81230395037, 0.080005235966],
      [0.010587085225, 0.69082015918, 0.28104625325, 0.017546502339],
      [0.0036398449817, 0.051461736987, 0.27605881219, 0.66883960584],
      [0.88361772388, 0.036808253261, 0.077262491797, 0.0023115310578],
      [0.03521691621, 0.049964706967, 0.24433923477, 0.67047914206]
    ],
    [
      [0.17565685379, 0.015851388267, 0.8084844158, 7.3421362488e-06],
      [0.030987228994, 0.097847792836, 0.83880000473, 0.032364973439],
      [0.0022239867988, 0.85570723664, 0.13865109963, 0.003417676931],
      [0.0025172776209, 0.23430602865, 0.45027799395, 0.31289869978],
      [0.49601909384, 0.29328418009, 0.2081784911, 0.002518234977],
      [0.024609212602, 0.23564511651, 0.41215175412, 0.32759391676]
    ],
    [
      [0.26915851344, 0.0060952189218, 0.72474240625, 3.8613838745e-06],
      [0.057786341306, 0.043705188984, 0.87891811307, 0.019590356644],
      [0.0081285261712, 0.70002051278, 0.28776856778, 0.004082393264],
      [0.0062953415719, 0.13804381772, 0.63484742234, 0.22081341837],
      [0.69470302341, 0.11203413433, 0.1919201184, 0.0013427238651],
      [0.060731684185, 0.13730208715, 0.57510442654, 0.22686180212]
    ],
    [
      [0.19473306329, 0.0087940220573, 0.79646608451, 6.8301503344e-06],
      [0.037611342597, 0.05712194513, 0.87379139089, 0.031475321379],
      [0.0043207897392, 0.75695805183, 0.23337217254, 0.0053489858969],
      [0.00347091725, 0.15325959331, 0.53442530788, 0.30884418156],
      [0.57698744907, 0.18305664784, 0.23727733658, 0.0026785665154],
      [0.033911610321, 0.15432070343, 0.49004171243, 0.32172597382]
    ],
    [
      [0.27450598081, 0.0086140341426, 0.71687358619, 6.3988609636e-06],
      [0.057606106442, 0.060419433992, 0.85015525809, 0.03181920148],
      [0.0064494651026, 0.76661161366, 0.22167054646, 0.005268374784],
      [0.0053491632232, 0.1625390022, 0.52340846897, 0.30870336561],
      [0.66895538869, 0.1495562588, 0.17938554605, 0.0021028064582],
      [0.051354007329, 0.16091625109, 0.47199940006, 0.31573034153]
    ],
    [
      [0.29335535376, 0.0071230948803, 0.69951508368, 6.4676742035e-06],
      [0.063199776719, 0.051331550511, 0.85244153333, 0.033027139441],
      [0.0079768062881, 0.73519880217, 0.25065717583, 0.0061672157125],
      [0.0059409787822, 0.13980404601, 0.53143813206, 0.32281684315],
      [0.70414817649, 0.12158756166, 0.17217402747, 0.0020902343881],
      [0.056778189643, 0.13774824371, 0.4769603871, 0.32851317955]
    ],
    [
      [0.26979442121, 0.013164956467, 0.71702901397, 1.1608346135e-05],
      [0.053895995527, 0.087285414803, 0.80434231602, 0.054476273654],
      [0.004588573096, 0.82902026232, 0.15953702996, 0.0068541346212],
      [0.0040080173892, 0.18726051241, 0.39628327183, 0.41244819837],
      [0.6124261878, 0.21471744134, 0.16926341686, 0.0035929539958],
      [0.038318730496, 0.18487187791, 0.35640454974, 0.42040484185]
    ],
    [
      [0.23312042142, 0.0082827310941, 0.75853669194, 6.0155546589e-05],
      [0.033886903157, 0.044333717217, 0.68337274532, 0.23840663431],
      [0.0045845489526, 0.73173606862, 0.21682701278, 0.046852369645],
      [0.00084789930827, 0.032661080127, 0.11342001878, 0.85307100178],
      [0.66496220237, 0.13753492694, 0.17861589026, 0.018886980434],
      [0.0079303667862, 0.031701427629, 0.10028143383, 0.86008677175]
    ],
    [
      [0.25026418981, 0.0061067820863, 0.74362146329, 7.564815717e-06],
      [0.051804412372, 0.042188696709, 0.86891185065, 0.037095040271],
      [0.0074735264501, 0.69318227246, 0.2914405772, 0.0079036238907],
      [0.0047395067325, 0.11183224209, 0.52675568387, 0.35667256731],
      [0.67434876123, 0.11732083651, 0.20558280779, 0.0027475944645],
      [0.045665685109, 0.11115821502, 0.47685487293, 0.36632122694]
    ],
    [
      [0.22323221883, 0.0057162541491, 0.77104314883, 8.3781947506e-06],
      [0.04522878137, 0.038405620491, 0.87653030978, 0.039835288358],
      [0.0070319783333, 0.66636641269, 0.31744802034, 0.0091535886349],
      [0.0041081582023, 0.10062071559, 0.52739523503, 0.36787589118],
      [0.64581504045, 0.11884293116, 0.2320364012, 0.0033056271875],
      [0.039753965535, 0.1005539158, 0.48012762638, 0.37956449228]
    ],
    [
      [0.19263261009, 0.0057162771473, 0.8016461728, 4.9399631429e-06],
      [0.038535656403, 0.037950319851, 0.90030599166, 0.023208032083],
      [0.0059904824046, 0.6627887843, 0.32588594044, 0.0053347928532],
      [0.004070122926, 0.11576739386, 0.62989310915, 0.25026937406],
      [0.60662958286, 0.12928102347, 0.26197204846, 0.0021173452137],
      [0.039920035101, 0.11724241833, 0.58108645381, 0.26175109276]
    ],
    [
      [0.1764449942, 0.0093468853527, 0.81420180726, 6.3131815051e-06],
      [0.033703021513, 0.05963326474, 0.87812506098, 0.028538652764],
      [0.0038001251413, 0.76091308967, 0.23052567391, 0.0047611112819],
      [0.0031952228765, 0.16369195097, 0.55166389398, 0.28144893217],
      [0.54029457812, 0.20275484285, 0.25435943955, 0.0025911394821],
      [0.031347478562, 0.16566281564, 0.50851557653, 0.29447412927]
    ],
    [
      [0.32299412842, 0.0090861861224, 0.66788874044, 3.0945012982e-05],
      [0.058794077053, 0.059472813812, 0.73342788718, 0.14830522196],
      [0.0061714380779, 0.79016572927, 0.18088080959, 0.022782023063],
      [0.002170317068, 0.06493355521, 0.18051039383, 0.7523857339],
      [0.72074689507, 0.13273369332, 0.13803375222, 0.0084856593923],
      [0.0205069828, 0.063035800354, 0.15969663523, 0.75676058162]
    ],
    [
      [0.32877470258, 0.011311673357, 0.65990753469, 6.0893731818e-06],
      [0.06704313359, 0.083527635011, 0.81738076033, 0.032048471073],
      [0.0053148388393, 0.83829581475, 0.15256024534, 0.0038291010623],
      [0.0055957717537, 0.20934781838, 0.45796497712, 0.32709143274],
      [0.70793760707, 0.159260045, 0.13119968683, 0.0016026611038],
      [0.053846719261, 0.20529371737, 0.40913870886, 0.33172085451]
    ],
    [
      [0.19725608162, 0.010821304837, 0.79190596521, 1.6648331969e-05],
      [0.036486907545, 0.066594457568, 0.82427828492, 0.072640349968],
      [0.0038299754784, 0.78342476282, 0.20148945365, 0.011255808043],
      [0.002446670161, 0.12893619937, 0.36611283222, 0.50250429825],
      [0.55000952969, 0.21568245071, 0.22801722787, 0.0062907917377],
      [0.023572585723, 0.12826827101, 0.33178205741, 0.51637708586]
    ],
    [
      [0.19055495214, 0.0063728329616, 0.80306454045, 7.6744471457e-06],
      [0.036248032012, 0.041659387003, 0.88617375303, 0.035918827952],
      [0.0050606048876, 0.70071519009, 0.28681264792, 0.0074115571056],
      [0.0031884266219, 0.10752518664, 0.51707985727, 0.37220652948],
      [0.61627412701, 0.13675037998, 0.24389095425, 0.00308453876],
      [0.031140011321, 0.10798578664, 0.47263420324, 0.3882399988]
    ],
    [
      [0.2747004006, 0.011100217864, 0.71419232653, 7.0550128659e-06],
      [0.056916422124, 0.076465308795, 0.8322137124, 0.034404556686],
      [0.0053636006348, 0.80716278128, 0.18268093391, 0.0047926841742],
      [0.0050372297738, 0.19545370885, 0.48805661766, 0.31145244371],
      [0.6398283339, 0.1854499071, 0.17248685053, 0.0022349084706],
      [0.048294346338, 0.19343256511, 0.44000189715, 0.3182711914]
    ],
    [
      [0.24944964377, 0.012109657051, 0.73843183974, 8.8594379567e-06],
      [0.049808419629, 0.080295622487, 0.82831435081, 0.041581607072],
      [0.0045218905616, 0.8147240081, 0.17517475053, 0.0055793508061],
      [0.0041176899423, 0.19158709551, 0.45367785545, 0.3506173591],
      [0.60208770752, 0.2098766943, 0.18512294305, 0.0029126551356],
      [0.039611559403, 0.19029650104, 0.41050552167, 0.35958641789]
    ],
    [
      [0.23473915546, 0.0052050646452, 0.76004953769, 6.2422094065e-06],
      [0.048697802316, 0.035821787515, 0.88507177414, 0.030408636028],
      [0.0079125596754, 0.64978844493, 0.33499638531, 0.0073026100919],
      [0.0048471762441, 0.10286560103, 0.58361441181, 0.30867281091],
      [0.66696620037, 0.10618754291, 0.22442940459, 0.0024168521322],
      [0.046933574596, 0.10284601071, 0.53155435511, 0.31866605959]
    ],
    [
      [0.17296473107, 0.007176644676, 0.81983497689, 2.3647361017e-05],
      [0.029368127982, 0.042760835187, 0.8218546865, 0.10601635033],
      [0.0040238836169, 0.71306412165, 0.26218884556, 0.020723149165],
      [0.0011770796983, 0.050020727002, 0.2164463785, 0.7323558148],
      [0.59242757549, 0.15219637878, 0.24589240455, 0.0094836411806],
      [0.011033390395, 0.048667714496, 0.19174045114, 0.74855844397]
    ],
    [
      [0.27719264493, 0.0076422400751, 0.71515710275, 8.0122480878e-06],
      [0.057719152178, 0.053672362751, 0.84871780723, 0.039890677837],
      [0.0069719564982, 0.74707435285, 0.23881015069, 0.0071435399599],
      [0.0050464547195, 0.13654059182, 0.49265012996, 0.3657628235],
      [0.68576194786, 0.13294665281, 0.17866003295, 0.0026313663808],
      [0.048423218721, 0.13491142579, 0.44334810909, 0.37331724641]
    ],
    [
      [0.26915218924, 0.0047317335665, 0.72609955366, 1.6523530237e-05],
      [0.054336305026, 0.032106555663, 0.83365664268, 0.079900496636],
      [0.0094004820329, 0.63452447901, 0.33568679042, 0.020388248544],
      [0.0036013867106, 0.061709792454, 0.36656384735, 0.56812497348],
      [0.7122676122, 0.087848732651, 0.19407805237, 0.0058056027799],
      [0.034333296569, 0.060644342754, 0.32809488002, 0.57692748066]
    ],
    [
      [0.37203132461, 0.0051151913795, 0.62281900294, 3.4481074231e-05],
      [0.060343322805, 0.035460585632, 0.72577136345, 0.17842472812],
      [0.0083672544257, 0.71335273751, 0.24110467901, 0.037175329054],
      [0.0016577416821, 0.029817234078, 0.13532867292, 0.83319635132],
      [0.84455810891, 0.053825707333, 0.09460413886, 0.0070120448946],
      [0.015722303673, 0.028872505473, 0.11951268728, 0.83589250357]
    ],
    [
      [0.20322653697, 0.011646084965, 0.78510119082, 2.61872425e-05],
      [0.035852405442, 0.068915691714, 0.78511578139, 0.11011612145],
      [0.0036469912048, 0.79369945451, 0.1861227255, 0.016530828781],
      [0.0019057645452, 0.10597465629, 0.27643179284, 0.61568778632],
      [0.55131960995, 0.22283935864, 0.21635474049, 0.0094862909194],
      [0.018232415579, 0.10466485488, 0.24869630042, 0.62840642912]
    ],
    [
      [0.28046934533, 0.010051707911, 0.70947800321, 9.4354918253e-07],
      [0.042827045915, 0.07508600655, 0.87805868349, 0.004028264041],
      [0.0024157169359, 0.88065692493, 0.11651172063, 0.0004156375068],
      [0.0049826550484, 0.28848755909, 0.69165910089, 0.014870684973],
      [0.81195830066, 0.093213652682, 0.094657735973, 0.00017031068456],
      [0.051263673538, 0.29319513223, 0.64044649647, 0.015094697761]
    ],
    [
      [0.81541707033, 0.0007483148992, 0.18383313934, 1.475424177e-06],
      [0.24881876431, 0.015952064454, 0.711845504, 0.023383667233],
      [0.053410496346, 0.54091590582, 0.39707308409, 0.008600513738],
      [0.025118823032, 0.055741404655, 0.55628241983, 0.36285735248],
      [0.9896247477, 0.0020784486318, 0.008210448286, 8.6355386082e-05],
      [0.2312731331, 0.046286848307, 0.41872891658, 0.30371110201]
    ],
    [
      [0.045525166832, 0.025979715144, 0.92849421734, 9.006795217e-07],
      [0.0080383165876, 0.14392217756, 0.84542350611, 0.0026159997404],
      [0.00038875393681, 0.91140729322, 0.087966014476, 0.00023793836868],
      [0.00086431884839, 0.46221151645, 0.53692015871, 4.0059925341e-06],
      [0.16519681417, 0.57260421906, 0.26184722677, 0.00035174000068],
      [0.0076757297448, 0.48657998467, 0.50573836184, 5.9237528421e-06]
    ],
    [
      [0.37341316735, 0.0092970070926, 0.61727392289, 1.5902674386e-05],
      [0.080937020758, 0.068383431861, 0.76730524033, 0.083374307055],
      [0.0081940071689, 0.79840292298, 0.18094315594, 0.012459913918],
      [0.0049974208172, 0.12298545776, 0.31477023076, 0.55724689067],
      [0.74206550883, 0.1299310788, 0.12380742876, 0.0041959836084],
      [0.046966483316, 0.11897868623, 0.27737743074, 0.55667739971]
    ],
    [
      [0.17278488589, 0.0091366373146, 0.81807351333, 4.9634566607e-06],
      [0.03296100788, 0.058566554102, 0.8859730861, 0.022499351921],
      [0.0037265435279, 0.75963442498, 0.23287186606, 0.0037671654285],
      [0.0033185410584, 0.17123807587, 0.59116470656, 0.23427867652],
      [0.54120320879, 0.20009695349, 0.25665124146, 0.0020485962661],
      [0.032738917313, 0.17403400189, 0.54712666194, 0.24610041886]
    ],
    [
      [0.25243420331, 0.013864330344, 0.73369123789, 1.0228458201e-05],
      [0.049579953299, 0.090753653009, 0.8121815047, 0.047484888993],
      [0.0040624161465, 0.83520194512, 0.15499065209, 0.0057449866383],
      [0.0038194084539, 0.20209242368, 0.41460614525, 0.37948202262],
      [0.58877788615, 0.23128549792, 0.17670303568, 0.003233580245],
      [0.036686310572, 0.20033430379, 0.37439424676, 0.38858513888]
    ],
    [
      [0.24991641018, 0.011908123564, 0.73817048051, 4.9857478655e-06],
      [0.050668607096, 0.080597293552, 0.84485328185, 0.023880817499],
      [0.0045508423059, 0.81551961124, 0.17675497272, 0.0031745737395],
      [0.0048540543607, 0.2234413093, 0.53660584846, 0.23509878787],
      [0.60738950376, 0.20639384892, 0.18458017091, 0.0016364764005],
      [0.046966120827, 0.22296966561, 0.48775955408, 0.24230465948]
    ],
    [
      [0.2818185613, 0.012981501199, 0.70519470515, 5.2323517474e-06],
      [0.056323198765, 0.090361089482, 0.82745321675, 0.025862495006],
      [0.0044183929599, 0.84085063668, 0.1517026897, 0.0030282806658],
      [0.0050535486818, 0.23887038261, 0.4950160445, 0.2610600242],
      [0.64272164358, 0.20065271024, 0.15510553383, 0.0015201123535],
      [0.048896313496, 0.23670759287, 0.44671153918, 0.26768455445]
    ],
    [
      [0.0010420131507, 0.003104060905, 0.99585379334, 1.3260491122e-07],
      [0.0011903491014, 0.020209159547, 0.97841652683, 0.00018396451877],
      [0.00030789564414, 0.66945598273, 0.33010766203, 0.0001284595914],
      [0.0015073693987, 0.094386940515, 0.63896479967, 0.26514089041],
      [0.048812612519, 0.24164504316, 0.70939394858, 0.00014839573851],
      [0.015215020097, 0.098618998977, 0.59837579452, 0.2877901864]
    ],
    [
      [0.27896637509, 0.0065472836364, 0.71448207509, 4.2661770057e-06],
      [0.049976295704, 0.047696188856, 0.8803032464, 0.022024269041],
      [0.0047890823546, 0.8022301942, 0.18971823056, 0.0032624928915],
      [0.0047335071851, 0.14307858641, 0.55620875207, 0.29597915434],
      [0.77813298915, 0.088946878189, 0.13184976799, 0.0010703646753],
      [0.046834045324, 0.14277998171, 0.50408465448, 0.30630131848]
    ],
    [
      [0.23346330776, 0.016025965099, 0.75048656045, 2.4166694537e-05],
      [0.029876105306, 0.095287467908, 0.76458906922, 0.11024735757],
      [0.0018051314497, 0.88953601868, 0.099613791637, 0.009045058235],
      [0.00081353421711, 0.074832401346, 0.12482598959, 0.79952807484],
      [0.74302352247, 0.15643760284, 0.096072332723, 0.004466541969],
      [0.0072384952088, 0.072328585594, 0.11010762742, 0.81032529177]
    ],
    [
      [0.2440822553, 0.0033050550973, 0.75260277122, 9.9183804506e-06],
      [0.046573586935, 0.022790881136, 0.88127768577, 0.04935784616],
      [0.0093097255072, 0.56447357959, 0.41156120167, 0.01465549323],
      [0.0036685341449, 0.052942606299, 0.46435783771, 0.47903102185],
      [0.75043719208, 0.057831696331, 0.18843523521, 0.0032958763859],
      [0.035696453856, 0.052524909974, 0.41921528346, 0.49256335271]
    ],
    [
      [0.0043264553985, 0.0005250897498, 0.99514799707, 4.5778057895e-07],
      [0.0019376326536, 0.0028988985403, 0.99382387646, 0.0013395923499],
      [0.0010259858234, 0.33162827469, 0.66642522691, 0.00092051257481],
      [0.00037842828536, 0.0023379407867, 0.99728363024, 6.8647681107e-10],
      [0.16742464839, 0.042305257862, 0.78972396893, 0.00054612482145],
      [0.0022017290817, 0.0011314657951, 0.99666680464, 4.8609061239e-10]
    ],
    [
      [0.22026367565, 0.012487302119, 0.76723156516, 1.7457079224e-05],
      [0.040680109866, 0.077476029923, 0.80489593811, 0.076947922106],
      [0.0037769227455, 0.81166438537, 0.17401554329, 0.0105431486],
      [0.0025920360178, 0.14292812307, 0.34000549466, 0.51447434625],
      [0.56735726298, 0.22634290783, 0.20030990622, 0.0059899229771],
      [0.024893468439, 0.14160180927, 0.3068314345, 0.52667328779]
    ],
    [
      [0.28032048892, 0.015058137264, 0.70461312628, 8.2475317503e-06],
      [0.056453308472, 0.10144086534, 0.80273271163, 0.039373114565],
      [0.0042109057966, 0.85199477749, 0.13945351614, 0.0043408005778],
      [0.0045573198379, 0.23699581849, 0.42967043778, 0.32877642389],
      [0.60791637406, 0.23265865281, 0.15701178311, 0.0024131900185],
      [0.043661929875, 0.23415725018, 0.38669782559, 0.33548299435]
    ],
    [
      [0.22337464226, 0.011537899936, 0.76507594532, 1.1512484978e-05],
      [0.043004082233, 0.074062957971, 0.83056367597, 0.052369283827],
      [0.0041442789695, 0.80200613421, 0.18639314556, 0.0074564412575],
      [0.0032860865672, 0.16358181099, 0.42055391415, 0.4125781883],
      [0.57870098269, 0.21320831991, 0.20406013223, 0.004030565169],
      [0.031692764754, 0.16282361113, 0.38131585553, 0.42416776859]
    ],
    [
      [0.30708271881, 0.014394480091, 0.67851242226, 1.0378843796e-05],
      [0.062836454433, 0.098821020251, 0.78782806803, 0.050514457281],
      [0.0047974090891, 0.84925761357, 0.14024154907, 0.0057034282732],
      [0.0046942538658, 0.21375390669, 0.39055658498, 0.39099525447],
      [0.6395810144, 0.21276812912, 0.14474411094, 0.0029067455482],
      [0.044696760643, 0.20980477141, 0.34919428724, 0.39630418071]
    ],
    [
      [0.24971281965, 0.014082837351, 0.73619355444, 1.078855899e-05],
      [0.048735561041, 0.091599310993, 0.80996576527, 0.049699362693],
      [0.003971838239, 0.83623611328, 0.15380471066, 0.0059873378234],
      [0.0037032413803, 0.20109370333, 0.40794668985, 0.38725636545],
      [0.58373944236, 0.23517354383, 0.17767100241, 0.003416011404],
      [0.035580991936, 0.19939890293, 0.36848905157, 0.39653105356]
    ],
    [
      [0.18904340833, 0.006275746801, 0.80467487674, 5.9681345416e-06],
      [0.037331673452, 0.041201265477, 0.89373051283, 0.027736548242],
      [0.0055050342904, 0.68156547136, 0.30688259874, 0.0060468956075],
      [0.0037378856227, 0.11914487142, 0.59285903024, 0.28425821272],
      [0.59499560625, 0.14108553885, 0.26137537542, 0.002543479481],
      [0.03661716281, 0.12047196792, 0.54605059428, 0.29686027499]
    ],
    [
      [0.20796139521, 0.019458634652, 0.7725703723, 9.5978420466e-06],
      [0.038198366678, 0.11929368487, 0.80082505485, 0.041682893604],
      [0.0024852633879, 0.87217943703, 0.12132762291, 0.0040076766679],
      [0.0029188531977, 0.26355926719, 0.40548931047, 0.32803256914],
      [0.48642824653, 0.3246196175, 0.185919683, 0.0030324529677],
      [0.028282322446, 0.26354282542, 0.36934613813, 0.338828714]
    ],
    [
      [0.024630641281, 0.008423348129, 0.96694504752, 9.630670277e-07],
      [0.0051391840345, 0.049995207688, 0.94153411041, 0.0033314978635],
      [0.0005959628941, 0.77900018055, 0.21979184866, 0.00061200789554],
      [0.00071882583297, 0.19666735535, 0.79137965078, 0.011234168038],
      [0.17922424035, 0.34405903584, 0.47605709885, 0.00065962496286],
      [0.0071058190973, 0.21004792912, 0.76719801837, 0.015648233413]
    ],
    [
      [0.28187902431, 0.009663701623, 0.70844908436, 8.1897040111e-06],
      [0.058362797612, 0.067285047235, 0.83391000757, 0.040442147586],
      [0.0060036704755, 0.78804618092, 0.19979685863, 0.0061532899672],
      [0.0049544506549, 0.16575803878, 0.46973562009, 0.35955189047],
      [0.66595548778, 0.16132022544, 0.17013965686, 0.0025846299104],
      [0.047466585679, 0.16361433139, 0.42231609204, 0.36660299089]
    ],
    [
      [0.02738683345, 0.0050652633458, 0.96754142657, 6.4766368795e-06],
      [0.0058228544652, 0.029716316797, 0.93676631624, 0.027694512502],
      [0.00091751327294, 0.69878372865, 0.2944602573, 0.0058385007814],
      [0.00050859731553, 0.069499766493, 0.47309414023, 0.45689749596],
      [0.25625830977, 0.22491943303, 0.51391197305, 0.0049102841558],
      [0.0044294455609, 0.067838671725, 0.41915903241, 0.50857285031]
    ],
    [
      [0.2061460076, 0.0085412494508, 0.78530190929, 1.0833662949e-05],
      [0.039743755463, 0.055040280841, 0.85560026594, 0.049615697755],
      [0.0047671583802, 0.74768565648, 0.23876793373, 0.0087792514105],
      [0.0031673161393, 0.12698978697, 0.45173659209, 0.41810630481],
      [0.5917497569, 0.17391373932, 0.23016315141, 0.0041733523807],
      [0.030654983304, 0.12681245955, 0.41087565727, 0.43165689987]
    ],
    [
      [0.0039305055036, 0.00071781886546, 0.99535165612, 1.9514417675e-08],
      [0.0017932690546, 0.0041355161146, 0.99406886216, 2.3526728875e-06],
      [0.00082755137394, 0.32972050596, 0.66942023294, 3.1709726314e-05],
      [0.0013578679813, 0.052160975093, 0.72384279541, 0.22263836151],
      [0.14476104336, 0.055804318282, 0.79941263865, 2.1999703665e-05],
      [0.013880707355, 0.055585804627, 0.68514093186, 0.24539255616]
    ],
    [
      [0.22580543151, 0.0072152192699, 0.76696192793, 1.7421285703e-05],
      [0.042993527968, 0.046269498399, 0.83136842851, 0.079368545119],
      [0.0058226255442, 0.71608132272, 0.26220881078, 0.015887240958],
      [0.0028161350475, 0.087909871889, 0.36115343256, 0.5481205605],
      [0.63497080731, 0.14183606433, 0.21672007555, 0.0064730528086],
      [0.027026941341, 0.086992341713, 0.32551176221, 0.56046895473]
    ],
    [
      [0.27356708515, 0.0039266255896, 0.72249843279, 7.8564616888e-06],
      [0.056557730489, 0.028069188145, 0.87534429016, 0.0400287912],
      [0.010303608145, 0.60758313944, 0.37127977224, 0.010833480171],
      [0.005090270684, 0.073983489309, 0.52459634154, 0.39632989846],
      [0.74256886199, 0.070118875137, 0.18466043726, 0.0026518256103],
      [0.04915528864, 0.073187693838, 0.4723664062, 0.40529061132]
    ],
    [
      [0.15928417537, 0.0056221633804, 0.83503995249, 5.3708758933e-05],
      [0.024248531767, 0.02956613484, 0.74073462047, 0.20545071292],
      [0.0042916640119, 0.64180355669, 0.30119435979, 0.052710419503],
      [0.00077980628423, 0.027683809289, 0.15718400582, 0.81435237861],
      [0.57674877809, 0.12994710574, 0.27022083435, 0.023083281828],
      [0.0073376971277, 0.02704879812, 0.13983018405, 0.8257833207]
    ],
    [
      [0.24644014033, 0.00556066218, 0.74798975453, 9.4429694569e-06],
      [0.050427099714, 0.038049281583, 0.86574091275, 0.045782705957],
      [0.0078309906393, 0.66832967266, 0.31331981656, 0.010519520146],
      [0.0043391479064, 0.094746427075, 0.49400840513, 0.40690601989],
      [0.67805829509, 0.10826233352, 0.21019564491, 0.0034837264851],
      [0.041783613509, 0.094080892061, 0.44682484677, 0.41731064766]
    ],
    [
      [0.36444601571, 0.01061506153, 0.62493361917, 5.3035977911e-06],
      [0.083186194959, 0.081060274017, 0.80707992019, 0.028673610837],
      [0.0074658590383, 0.81982703076, 0.16889686381, 0.0038102463949],
      [0.007745043548, 0.21852776344, 0.49858142129, 0.27514577172],
      [0.72140192864, 0.1498092852, 0.12737022846, 0.0014185576977],
      [0.072811921693, 0.21177024936, 0.44013734148, 0.27528048747]
    ],
    [
      [0.21883112351, 0.0042782746754, 0.77688596249, 4.6393245026e-06],
      [0.045120304116, 0.029385895933, 0.90292180464, 0.022571995312],
      [0.008187466638, 0.60439307177, 0.38135751592, 0.0060619456688],
      [0.0048923060235, 0.092209870549, 0.64880851398, 0.25408930945],
      [0.66381791903, 0.092350464638, 0.24193474392, 0.0018968724133],
      [0.047753817218, 0.092848450398, 0.59501069497, 0.26438703742]
    ],
    [
      [0.21836164275, 0.0062370691725, 0.77539235021, 8.9378677265e-06],
      [0.043331105159, 0.041550337224, 0.87276232872, 0.042356228898],
      [0.0061971263682, 0.69529186268, 0.28956688495, 0.0089441260006],
      [0.0037341121674, 0.10422558577, 0.49828949012, 0.39375081194],
      [0.63843895145, 0.12904036764, 0.22904445105, 0.0034762298513],
      [0.036163816037, 0.10408105625, 0.45307806441, 0.4066770633]
    ],
    [
      [0.2632462942, 0.0061662541697, 0.73057572185, 1.1729775296e-05],
      [0.054107851007, 0.042235838998, 0.84666875819, 0.056987551808],
      [0.0079029713123, 0.69170829116, 0.28809364553, 0.012295091998],
      [0.0042303486994, 0.095413128417, 0.43875334682, 0.46160317607],
      [0.68548896286, 0.11442439115, 0.19595786109, 0.0041287848948],
      [0.040476046324, 0.094204018232, 0.39460569138, 0.47071424406]
    ],
    [
      [0.15425572764, 0.0076821823387, 0.83805347764, 8.6123826167e-06],
      [0.028934747324, 0.047963917129, 0.8849811264, 0.03812020915],
      [0.003841378087, 0.71521189758, 0.27347071053, 0.0074760137954],
      [0.002578221255, 0.1234684026, 0.52223807477, 0.35171530137],
      [0.52126188889, 0.18443511579, 0.29038448573, 0.0039185095899],
      [0.025287740011, 0.12501248957, 0.48163770839, 0.36806206203]
    ],
    [
      [0.034190991806, 0.0014814648671, 0.9643113597, 1.6183621954e-05],
      [0.0070198395478, 0.0081761827147, 0.91413554504, 0.070668432693],
      [0.0024213166728, 0.35778874702, 0.60960486595, 0.030185070357],
      [0.0002841501729, 0.008546030611, 0.2127562103, 0.77841360891],
      [0.45617411282, 0.058086549547, 0.47428180032, 0.011457537317],
      [0.0023430260599, 0.0079934567544, 0.18121432197, 0.80844919521]
    ],
    [
      [0.29345553583, 0.0070098738214, 0.69952910208, 5.4882694827e-06],
      [0.063541774314, 0.050799786105, 0.85749458412, 0.02816385546],
      [0.00809262058, 0.73216660995, 0.25442938915, 0.0053113803232],
      [0.0062718788749, 0.14527571777, 0.56150981774, 0.28694258561],
      [0.70617533924, 0.11971801383, 0.17233169612, 0.0017749508085],
      [0.060018151139, 0.14328500706, 0.50444472097, 0.29225212083]
    ],
    [
      [0.23627653208, 0.0084121429131, 0.75530662313, 4.7018812959e-06],
      [0.047316262505, 0.057602699613, 0.87230846219, 0.022772575689],
      [0.0052242227173, 0.76772870599, 0.22330613712, 0.0037409341742],
      [0.0047410505959, 0.16980287126, 0.58043080653, 0.24502527162],
      [0.64064023895, 0.15759694501, 0.20011825984, 0.0016445562035],
      [0.046267027018, 0.17018941231, 0.52953859191, 0.25400496876]
    ],
    [
      [0.075695964373, 0.0072572054337, 0.91704242712, 4.403074852e-06],
      [0.013647189424, 0.043363997002, 0.92437967684, 0.018609136736],
      [0.0018941211143, 0.69973729163, 0.29456628179, 0.0038023054594],
      [0.0014671806704, 0.13468234076, 0.65157747019, 0.21227300838],
      [0.36566572812, 0.22677482965, 0.4049831342, 0.0025763080287],
      [0.014733938763, 0.13991271597, 0.61593318508, 0.22942016018]
    ],
    [
      [0.058370534437, 0.0091847243849, 0.93243101302, 1.3728156492e-05],
      [0.010345500868, 0.052338112059, 0.87434878758, 0.062967599491],
      [0.0011110290552, 0.8042188038, 0.1866798533, 0.0079903138469],
      [0.00013774404049, 0.018003981807, 0.067879304472, 0.91397896968],
      [0.33423679356, 0.2997300532, 0.35858119973, 0.0074519535081],
      [0.00096974401122, 0.014334911229, 0.05006545764, 0.93462988712]
    ],
    [
      [0.19670662575, 0.0035911681615, 0.79969637115, 5.8349443677e-06],
      [0.039632574509, 0.02410723793, 0.90851599862, 0.027744188938],
      [0.0080859866782, 0.55173752676, 0.43180292555, 0.0083735610127],
      [0.0041226947286, 0.072450320864, 0.62641759447, 0.29700938993],
      [0.64555962218, 0.083392321302, 0.26847720676, 0.0025708497612],
      [0.040380505637, 0.073195699908, 0.57645286792, 0.30997092654]
    ],
    [
      [0.21801608482, 0.029896558969, 0.75190844615, 0.00017891005682],
      [0.019640516722, 0.096620178506, 0.40013908948, 0.48360021529],
      [0.0013338341059, 0.89544988373, 0.061550476101, 0.04166580606],
      [0.0001058163298, 0.015269386356, 0.013929217174, 0.97069558014],
      [0.41498774811, 0.40667376942, 0.13471564047, 0.043622841994],
      [0.00095068380941, 0.014405812901, 0.012008934944, 0.97263456835]
    ],
    [
      [0.25118069736, 0.0080457322314, 0.74076529325, 8.2771675313e-06],
      [0.051235793078, 0.054840549592, 0.85391116175, 0.040012495575],
      [0.0061722814999, 0.74724206565, 0.23946368432, 0.0071219685218],
      [0.0044675006074, 0.13843606725, 0.49357910477, 0.36351732737],
      [0.65167120403, 0.14845256352, 0.19698569786, 0.002890534587],
      [0.043019347328, 0.13749230436, 0.44651120211, 0.37297714621]
    ],
    [
      [0.31497450925, 0.0099087040109, 0.6751041715, 1.2615237484e-05],
      [0.066148585205, 0.069560575793, 0.80147504118, 0.062815797818],
      [0.0066982337864, 0.7948546509, 0.18904978744, 0.00939732787],
      [0.0047523577579, 0.1446373829, 0.38179726798, 0.46881299136],
      [0.68953444901, 0.15468722866, 0.15204841649, 0.0037299058381],
      [0.045052457365, 0.14143731053, 0.34009583218, 0.47341439993]
    ],
    [
      [0.26187350496, 0.0097944174989, 0.72832607534, 6.0021939856e-06],
      [0.054163155029, 0.067515951263, 0.8490329951, 0.029287898607],
      [0.00559371378, 0.78573789607, 0.20419439348, 0.0044739966725],
      [0.0050894648325, 0.18351774318, 0.52878553527, 0.28260725672],
      [0.64203197708, 0.17171625743, 0.18425896058, 0.0019928048976],
      [0.049016359919, 0.18235632305, 0.47862539815, 0.29000191888]
    ],
    [
      [0.21685054698, 0.0085486952814, 0.77459625447, 4.5032662234e-06],
      [0.043038213506, 0.057396984667, 0.87817304337, 0.021391758452],
      [0.0048789304979, 0.76013757427, 0.2313833814, 0.0036001138384],
      [0.0043865717094, 0.17077567146, 0.59392742496, 0.23091033188],
      [0.61225443695, 0.16838031705, 0.21769836844, 0.0016668775534],
      [0.042935894575, 0.17197203672, 0.54456622005, 0.24052584866]
    ],
    [
      [0.46039350078, 0.012641885688, 0.52696179836, 2.8151707498e-06],
      [0.10435433909, 0.10975377186, 0.76877734502, 0.017114544029],
      [0.0059829054433, 0.89077614596, 0.1017367348, 0.0015042137947],
      [0.0097648097659, 0.32011266218, 0.48568361119, 0.18443891686],
      [0.78123881056, 0.13890106413, 0.079294633055, 0.00056549225217],
      [0.092646389219, 0.30534064473, 0.42142375768, 0.18058920837]
    ],
    [
      [0.44067447736, 0.0094606941043, 0.54983844042, 2.6388121298e-05],
      [0.06703664722, 0.070974061849, 0.6991811574, 0.16280813353],
      [0.0053072339428, 0.84604775016, 0.13083121517, 0.017813800727],
      [0.00076222428017, 0.025101364935, 0.05359315943, 0.92054325136],
      [0.85636963577, 0.07709612121, 0.062463888864, 0.004070354153],
      [0.0070158200375, 0.024299988546, 0.047420954971, 0.92126323645]
    ],
    [
      [0.20233448455, 0.0098570659028, 0.78779932953, 9.120016366e-06],
      [0.038398350905, 0.06344345506, 0.85641886857, 0.041739325466],
      [0.0040640360471, 0.77939163338, 0.21002349986, 0.0065208307062],
      [0.0031843373615, 0.15336042209, 0.47070536261, 0.37274987794],
      [0.5791824225, 0.19526888222, 0.22215634994, 0.0033923453389],
      [0.030967863341, 0.15360040845, 0.42923480325, 0.38619692496]
    ],
    [
      [0.30511778736, 0.0087306029985, 0.68614492668, 6.6829598505e-06],
      [0.065886432595, 0.062960303102, 0.83701436918, 0.034138895127],
      [0.0071916105509, 0.77454153539, 0.21275591953, 0.0055109345342],
      [0.0060120911239, 0.16625854805, 0.50641945304, 0.32130990779],
      [0.69522677354, 0.14184825994, 0.16086823712, 0.0020567294029],
      [0.057286523986, 0.1633790001, 0.45329684413, 0.32603763178]
    ],
    [
      [0.27745808117, 0.0052390096058, 0.71729842228, 4.4869377043e-06],
      [0.060349192002, 0.037931414332, 0.87872273491, 0.022996658755],
      [0.0094220439755, 0.66570639494, 0.31955981325, 0.0053117478333],
      [0.0064597857655, 0.11735904861, 0.62346328807, 0.25271787756],
      [0.71224420447, 0.096074697866, 0.19012084508, 0.0015602525801],
      [0.062062039641, 0.11632874123, 0.56292708721, 0.25868213192]
    ],
    [
      [0.26545052015, 0.0041783987675, 0.73036686776, 4.2133223717e-06],
      [0.057516693693, 0.030115595929, 0.89087224157, 0.021495468809],
      [0.010385718694, 0.60914158838, 0.37473130284, 0.005741390086],
      [0.0063670106148, 0.096287659008, 0.65365540236, 0.24368992801],
      [0.71495796821, 0.080352752345, 0.20315198765, 0.0015372917915],
      [0.061397992112, 0.095803011143, 0.59242073964, 0.2503782571]
    ],
    [
      [0.87035070737, 0.00099621825125, 0.12865223592, 8.3846060295e-07],
      [0.40631600605, 0.023744335499, 0.55503107289, 0.014908585568],
      [0.06669107323, 0.7106474706, 0.21859563511, 0.0040658210643],
      [0.051235348684, 0.10226162995, 0.51169318766, 0.3348098337],
      [0.98545154718, 0.0046642693139, 0.0098018247478, 8.2358757515e-05],
      [0.37853406684, 0.071411274668, 0.32508379172, 0.22497086677]
    ],
    [
      [0.26998775461, 0.0046070464975, 0.72539895562, 6.243266018e-06],
      [0.053261018788, 0.033023331831, 0.88146969524, 0.032245954143],
      [0.0084220669991, 0.65952323717, 0.32443084965, 0.007623846188],
      [0.0047615614887, 0.088031391912, 0.52689836278, 0.38030868382],
      [0.75277177632, 0.075926288721, 0.1693620526, 0.0019398823644],
      [0.046364024071, 0.087267736867, 0.47516607924, 0.39120215982]
    ],
    [
      [0.5349608601, 0.0065932846691, 0.45844357704, 2.2781922353e-06],
      [0.12221079034, 0.06762280813, 0.79396173862, 0.016204662909],
      [0.01049185752, 0.82080099202, 0.16647220203, 0.0022349484307],
      [0.012515053887, 0.22045634383, 0.56936079056, 0.19766781173],
      [0.89014610632, 0.054796486292, 0.054693627624, 0.00036377976744],
      [0.1202200085, 0.20584795824, 0.48429398893, 0.18963804434]
    ],
    [
