{
  "Z_true": {},
  "V_true": [
    [16, 703, 218, 216],
    [439, 62, 907, 25],
    [344, 126, 13471, 285],
    [182, 10809, 2514, 716],
    [105, 497, 1505, 581]
  ],
  "p_true": [
    [0.0139, 0.6097, 0.1891, 0.1873],
    [0.3064, 0.0433, 0.6329, 0.0174],
    [0.0242, 0.0089, 0.9469, 0.02],
    [0.0128, 0.7601, 0.1768, 0.0503],
    [0.0391, 0.1849, 0.5599, 0.2161]
  ],
  "Z_est": [
    [
      [0.0058, 0.0008, 0, 0.0016, 0.0128, 0.0035, 0.0023, 0.0058, 0.0027, 0, 0, 0.0043, 0.0093, 0.0144, 0, 0.0086, 0.0175, 0, 0.0004, 0.0043, 0.0385, 0.0008, 0.0109, 0, 0.0086, 0, 0.0195, 0.0089, 0.0144, 0.0148, 0.0054, 0.0047, 0.0047, 0, 0.0327, 0.0148, 0, 0.0023, 0.0023, 0, 0.0008, 0.0004, 0.0023, 0.0101, 0.0148, 0.0008, 0.0377, 0.0027, 0.0323, 0.0058],
      [8.5867, 1.1449, 0, 2.2898, 18.8907, 5.152, 3.4347, 8.5867, 4.0071, 0, 1.1761, 6.2969, 13.7387, 21.1805, 14.3209, 12.5938, 25.7601, 30.9331, 0.5724, 6.2969, 56.6721, 1.1449, 16.0285, 26.3325, 12.5938, 18.3183, 28.6223, 13.1663, 21.1805, 21.7529, 8.0142, 6.8694, 6.8694, 0, 48.0855, 21.7529, 0, 3.4347, 3.4347, 2.2898, 1.1449, 0.5724, 3.4347, 14.8836, 21.7529, 1.1449, 55.5273, 4.0071, 47.513, 8.5867],
      [6.1792, 0.8239, 0, 1.6478, 13.5942, 3.7075, 2.4717, 6.1792, 2.8836, 0, 0.8239, 4.5314, 9.8867, 15.2419, 10.2986, 9.0628, 18.5375, 22.245, 0.4119, 4.5314, 40.7825, 0.8239, 11.5344, 18.9494, 9.0628, 13.1947, 20.5972, 9.4747, 15.2419, 15.6539, 5.7672, 4.9433, 4.9433, 0, 34.6033, 15.6539, 0, 2.4717, 2.4717, 1.6493, 0.8239, 0.4119, 2.4717, 10.7105, 15.6539, 0.8239, 39.9586, 2.8836, 34.1914, 6.1792],
      [0.2283, 0.0304, 0, 0.0609, 0.5023, 0.137, 0.0913, 0.2283, 0.1065, 0, 0, 0.1674, 0.3653, 0.5632, 0.3805, 0.3349, 0.6849, 0.8219, 0.0152, 0.1674, 1.5069, 0.0304, 0.4262, 0.7181, 0.3349, 0.4871, 0.7611, 0.3501, 0.5632, 0.5784, 0.2131, 0.1827, 0.1827, 0, 1.2786, 0.5784, 0, 0.0913, 0.0913, 0.0609, 0.0304, 0.0152, 0.0913, 0.3957, 0.5784, 0.0304, 1.4764, 0.1065, 1.2633, 0.2283]
    ],
    [
      [32.4337, 2.4478, 1.8359, 5.5076, 27.4746, 4.2837, 6.7315, 17.1348, 1.2239, 1.2239, 0, 4.2837, 20.8065, 26.3141, 8, 18.9914, 18.9706, 18, 5.5076, 5.9957, 100.3609, 1.8359, 7.9554, 22, 15.2989, 14, 29.3739, 12.8511, 23.2543, 22.6424, 10.9946, 8.9953, 21.4185, 1, 36.7174, 8.5674, 0, 1.8359, 1.9977, 0, 3.6717, 3.6717, 5.5076, 11.6272, 30.9852, 4.2837, 71.9623, 15.9109, 99.1369, 25.7022],
      [3.3104, 0.2498, 0.1874, 0.5621, 4.223, 0.4372, 0.6871, 1.7489, 0.1249, 0.1249, 0, 0.4372, 2.1237, 2.6858, 3.4651, 3.9387, 1.9363, 8.3023, 0.5621, 0.7495, 10.2436, 0.1874, 0.812, 2.2486, 1.5615, 1.6864, 2.9981, 1.3117, 2.3735, 2.3111, 2.9841, 1.3741, 2.1861, 1.0233, 3.7477, 0.8745, 0, 0.1874, 5.4209, 0.3748, 0.3748, 0.3748, 0.5621, 1.1868, 3.4978, 0.4372, 8.2934, 1.624, 10.1187, 2.6234],
      [9.8783, 0.7455, 0.5592, 1.6775, 8.76, 1.3047, 2.0502, 5.2187, 0.3728, 0.3728, 0, 1.3047, 6.337, 8.0145, 3.1685, 6.337, 5.7779, 7.269, 1.6775, 3.5844, 30.5669, 0.5592, 2.423, 6.7402, 4.6596, 7.5552, 8.9464, 3.9141, 7.0826, 6.8962, 5.8197, 8.5682, 6.5234, 0.5592, 11.183, 2.6094, 0, 0.5592, 2.0502, 4.79, 1.1183, 1.1183, 1.6775, 3.5413, 13.7218, 1.3047, 22.1797, 4.846, 30.1942, 7.8281],
      [7.3775, 0.5568, 0.4176, 1.2528, 6.5424, 0.9744, 1.5312, 3.8976, 0.2784, 0.2784, 0, 0.9744, 4.7328, 5.9856, 2.3664, 4.7328, 4.3152, 5.4288, 1.2528, 1.6704, 22.8286, 0.4176, 1.8096, 5.0112, 3.48, 3.7584, 6.6816, 2.9232, 5.2896, 5.1504, 3.2016, 3.0624, 4.872, 0.4176, 8.3519, 1.9488, 0, 0.4176, 1.5312, 0.8352, 0.8352, 0.8352, 1.2528, 2.6448, 7.7951, 0.9744, 16.5647, 3.6192, 22.5502, 5.8464]
    ],
    [
      [5.0005, 0.4296, 0.1862, 0.1862, 0, 0.4544, 0.4917, 3.9211, 0.3129, 0.0596, 0, 0.1341, 1.4005, 3.8862, 0, 0, 1.2779, 0, 0.1862, 0, 2.9053, 3.0064, 2.0353, 0, 2.2572, 0, 0.162, 3.7918, 0.2401, 3.1511, 0, 0, 7.5315, 0, 16.0383, 0.5811, 0, 1.1398, 0, 0, 4.1291, 1.0932, 1.0429, 1.8035, 0, 0, 0, 1.6874, 54.3148, 1.326],
      [0, 0, 0.1073, 0.1073, 0.9073, 0.2618, 0.2833, 6.6142, 0.1803, 0.9853, 2.1885, 2.1366, 0.8069, 1.0988, 1.6438, 2.8063, 2.4677, 4.6615, 0.1073, 0.2661, 1.674, 0.0564, 0, 0, 1.3005, 2.1804, 1.6606, 0, 5.8656, 0, 1.1975, 0.5365, 0, 0.6091, 2.8957, 0.9054, 0.1147, 0, 0.4697, 0.1159, 3.0839, 0, 0.8674, 1.9229, 1.5237, 0.6544, 12.9981, 2.8269, 0, 0.764],
      [202.3837, 23.6425, 24.5132, 24.5132, 133.3517, 59.8122, 64.7148, 388.4648, 41.1821, 6.9551, 6.8115, 15.5902, 184.3391, 251.0149, 137.2738, 234.346, 312.7882, 389.2693, 24.5132, 60.7927, 382.4056, 22.6348, 481.4388, 748.1707, 297.0997, 501.8921, 1057.1773, 501.273, 509.8741, 416.5786, 277.0865, 123.4971, 1003.4685, 21.3909, 778.9568, 76.4811, 3.8853, 151.8602, 39.2211, 26.6754, 17.5386, 52.9068, 138.0896, 440.81, 350.7317, 139.6933, 1085.4435, 234.7267, 1256.4505, 175.3821],
      [1.6158, 1.928, 0.1933, 0.1933, 1.741, 0.4716, 0.5103, 0, 0.3247, 0, 0, 0.1392, 1.4535, 0, 1.0824, 1.8477, 2.4662, 3.0693, 0.1933, 0.9412, 3.0151, 1.3023, 7.5259, 5.8293, 2.3425, 3.9274, 0, 3.9352, 4.0202, 3.2703, 0.716, 0.9664, 0, 0, 12.1092, 0.0324, 0, 0, 0.3092, 0.2087, 0.2484, 0, 0, 3.4636, 2.7446, 1.6523, 8.5584, 0.759, 43.2347, 0.5278]
    ],
    [
      [1.0124, 0.0752, 0.8847, 2.2231, 0, 4.0836, 0.5648, 0.9831, 0.4022, 1.1774, 0, 0.4614, 1.9682, 2.8416, 0, 0, 0, 0, 2.3058, 0, 15.8799, 0.1103, 1.7053, 0, 3.8994, 0, 3.4758, 8.4744, 0, 5.283, 0, 0, 3.7219, 0, 3.4758, 5.5106, 0, 1.6026, 0, 0, 0.0702, 1.1764, 0.2458, 0, 0, 0.4126, 0, 0.968, 11.8482, 1.698],
      [139.0506, 11.5157, 25.5262, 23.884, 190.9938, 70.8131, 81.192, 157.2144, 40.5757, 13.8226, 6.6354, 46.9054, 394.7635, 426.5771, 215.664, 333.5168, 567.4255, 538.1547, 21.7581, 44.1725, 586.8431, 17.5218, 265.6744, 416.7546, 289.5142, 413.2476, 551.9353, 312.8429, 466.7147, 271.1897, 89.9981, 163.6603, 139.2131, 8.1634, 551.9353, 116.8403, 5, 51.5719, 47.0961, 37.13, 11.1502, 21.9408, 39.0257, 313.9321, 381.8822, 106.1814, 999.6588, 153.7136, 916.2413, 181.511],
      [30.3622, 2.5586, 4.4687, 2.26, 25.7696, 5.815, 15.7306, 33.4326, 13.7746, 0, 1.3646, 0, 62.421, 69.5813, 23.0461, 63.1396, 110.7819, 111.5613, 7.3974, 11.004, 116.2288, 3.7526, 62.7352, 108.4257, 42.5387, 109.5263, 132.0827, 104.5351, 93.4574, 70.3961, 19.8417, 69.7658, 65.065, 1.7057, 118.208, 1.6491, 0, 14.8254, 4.7817, 9.6092, 2.388, 4.7761, 9.7285, 114.1842, 97.7511, 22.6864, 181.2384, 32.9209, 197.5251, 42.791],
      [7.5747, 0.8504, 1.1204, 6.6329, 6.2366, 0.2882, 2.5127, 4.37, 3.2474, 0, 0, 1.6331, 11.8474, 0, 6.2899, 2.3436, 11.7927, 10.284, 0.5387, 7.8235, 21.0483, 0.6153, 9.8852, 27.8196, 31.0476, 32.226, 5.5062, 34.1476, 8.8279, 20.1312, 3.1602, 1.5739, 0, 0.1309, 19.3809, 0, 0, 0, 1.1223, 0.2608, 0.3915, 0.1067, 0, 37.8837, 4.3667, 3.7196, 18.1028, 5.3976, 32.3853, 0]
    ],
    [
      [0.5475, 0.0466, 0.0932, 0.0815, 0.5126, 0.1747, 0.2097, 0.9553, 0.0582, 0.5391, 0, 0.1165, 0.8155, 0.9436, 0, 0, 0.7339, 0, 0, 0, 0.8155, 0.0466, 1.2931, 0, 0.5359, 0, 1.9688, 0.8737, 1.4911, 0.9087, 0, 0, 7.3235, 0, 1.7358, 0.3262, 0, 0.4194, 0, 0, 0.1281, 0.0582, 2.2014, 0.5592, 0, 0.3029, 0, 0.431, 2.6677, 0.2679],
      [1.0523, 0.0896, 0.1791, 0.1567, 0.9851, 0.3358, 0.403, 1.8359, 0.1119, 0.0672, 0, 0.2239, 1.5672, 12.4578, 1.9061, 2.1444, 1.4105, 3.9484, 0, 0.5149, 1.5672, 0.0896, 2.4851, 2.6643, 1.0299, 1.5672, 3.7837, 1.6792, 2.8658, 1.7463, 0.806, 0.5597, 2.7314, 0.2042, 3.3359, 0.6269, 0.8853, 0.806, 0.5787, 0.0896, 0.2463, 0.1119, 1.11, 1.0747, 1.3433, 0.5821, 7.5225, 0.8284, 5.127, 0.5149],
      [26.1966, 2.2295, 4.459, 3.9016, 24.5245, 8.3606, 10.0327, 45.7047, 2.7869, 1.6721, 0, 5.5737, 39.0162, 45.1474, 31.213, 35.1146, 35.1146, 64.6555, 0, 13.0876, 39.0162, 2.2295, 61.8686, 67.7139, 25.6392, 39.8317, 94.1963, 41.8031, 71.344, 43.4752, 20.4849, 14.2256, 67.9997, 3.3442, 83.0488, 15.6065, 1.1147, 25.2835, 9.4754, 2.2761, 6.1311, 2.7869, 10.0327, 26.754, 34.1415, 14.4917, 123.1798, 20.6229, 127.6388, 12.8196],
      [19.2036, 1.6343, 3.2687, 2.8601, 17.9778, 6.1288, 7.3546, 33.5041, 2.0429, 0.7216, 0, 4.0859, 28.6011, 22.4513, 22.8809, 25.741, 25.741, 47.3961, 0, 9.3975, 28.6011, 1.6343, 45.3532, 48.6219, 18.795, 28.6011, 69.0512, 30.644, 52.2991, 31.8698, 14.7091, 10.2147, 43.9454, 2.4515, 60.8795, 11.4404, 0, 9.4911, 6.946, 1.6343, 4.4945, 2.0429, 4.6559, 19.6122, 24.5152, 10.6233, 90.2977, 15.1177, 93.5664, 9.3975]
    ]
  ],
  "V_est": [
    [0.3851, 660.0921, 474.9855, 17.5373],
    [840.726, 108.8563, 283.9455, 199.4721],
    [126.1641, 71.8538, 13899.1127, 128.8694],
    [88.5421, 11278.2451, 2449.589, 404.6239],
    [30.1827, 77.9528, 1507.3673, 1072.4972]
  ],
  "p_est": [
    [0.0003, 0.5725, 0.412, 0.0152],
    [0.5867, 0.076, 0.1981, 0.1392],
    [0.0089, 0.0051, 0.977, 0.0091],
    [0.0062, 0.7931, 0.1723, 0.0285],
    [0.0112, 0.029, 0.5608, 0.399]
  ],
  "EI_Z": {},
  "EI_V": 6.7355,
  "MAE_Z": {},
  "MAE_V": 227.1262,
  "MAE_p": 0.0904,
  "runtime": 1.0677
}
