{
  "X": [
    [35, 107, 98, 923, 67],
    [3, 6, 5, 53, 4],
    [1, 6, 7, 37, 7],
    [16, 42, 64, 739, 29],
    [23, 103, 105, 1099, 92],
    [1, 9, 6, 25, 0],
    [5, 6, 8, 16, 1],
    [3, 10, 20, 28, 5],
    [38, 258, 175, 948, 104],
    [0, 1, 4, 17, 3],
    [26, 113, 103, 377, 33],
    [0, 5, 5, 21, 0],
    [1, 9, 2, 7, 0],
    [1, 14, 6, 35, 2],
    [14, 48, 28, 250, 18],
    [1, 0, 5, 29, 2],
    [4, 5, 6, 42, 2],
    [15, 61, 55, 413, 32],
    [14, 79, 73, 117, 13],
    [17, 102, 108, 774, 73],
    [23, 95, 67, 803, 72],
    [66, 179, 221, 472, 33],
    [0, 3, 2, 8, 0],
    [1, 4, 6, 15, 3],
    [1, 0, 0, 9, 0],
    [3, 29, 19, 100, 8],
    [3, 4, 4, 24, 1],
    [20, 50, 115, 263, 34],
    [56, 150, 173, 660, 47],
    [4, 4, 0, 15, 2],
    [10, 80, 41, 356, 48],
    [10, 47, 54, 307, 28],
    [36, 86, 145, 158, 18],
    [3, 7, 2, 15, 3],
    [22, 48, 53, 148, 19],
    [3, 6, 7, 16, 0],
    [2, 2, 9, 62, 3],
    [19, 93, 71, 665, 62],
    [40, 156, 123, 545, 55],
    [1, 3, 3, 23, 0],
    [9, 38, 45, 394, 27],
    [3, 11, 11, 13, 2],
    [22, 71, 103, 182, 14],
    [62, 208, 238, 526, 39],
    [32, 76, 81, 203, 17],
    [34, 143, 106, 964, 83],
    [14, 31, 50, 365, 43],
    [5, 20, 19, 154, 14],
    [56, 192, 225, 624, 56],
    [10, 44, 41, 410, 27],
    [0, 0, 1, 19, 1],
    [11, 31, 19, 141, 18],
    [9, 39, 34, 337, 15],
    [8, 45, 35, 363, 20],
    [0, 1, 2, 2, 0],
    [231, 777, 555, 4431, 392],
    [79, 162, 215, 917, 63],
    [141, 420, 512, 1688, 193],
    [48, 86, 143, 373, 20]
  ],
  "W": [
    [77, 93, 121, 811, 69, 59],
    [4, 4, 5, 52, 5, 1],
    [7, 11, 5, 35, 0, 0],
    [38, 79, 45, 667, 29, 32],
    [94, 102, 95, 999, 94, 38],
    [3, 5, 9, 23, 1, 0],
    [0, 12, 5, 16, 1, 2],
    [2, 10, 14, 23, 9, 8],
    [71, 178, 237, 831, 159, 47],
    [3, 4, 0, 16, 1, 1],
    [40, 114, 100, 330, 50, 18],
    [0, 1, 7, 18, 4, 1],
    [1, 1, 8, 6, 2, 1],
    [0, 8, 13, 33, 2, 2],
    [19, 38, 46, 220, 18, 17],
    [0, 5, 0, 27, 4, 1],
    [1, 3, 7, 40, 6, 2],
    [29, 66, 50, 382, 26, 23],
    [6, 72, 70, 107, 31, 10],
    [61, 92, 90, 697, 99, 35],
    [52, 74, 90, 727, 79, 38],
    [35, 226, 195, 409, 73, 33],
    [0, 4, 1, 7, 1, 0],
    [2, 3, 5, 15, 3, 1],
    [0, 1, 1, 6, 1, 1],
    [10, 17, 27, 86, 15, 4],
    [0, 6, 3, 21, 2, 4],
    [7, 124, 53, 239, 47, 12],
    [50, 191, 149, 599, 68, 29],
    [3, 1, 3, 13, 3, 2],
    [28, 33, 78, 305, 70, 21],
    [32, 46, 47, 268, 32, 21],
    [10, 180, 72, 133, 27, 21],
    [5, 4, 6, 9, 6, 0],
    [17, 61, 43, 127, 32, 10],
    [2, 5, 10, 10, 5, 0],
    [12, 5, 4, 49, 5, 3],
    [36, 84, 99, 623, 41, 27],
    [34, 122, 152, 494, 89, 28],
    [1, 2, 5, 21, 1, 0],
    [20, 40, 41, 354, 39, 19],
    [0, 19, 6, 14, 1, 0],
    [11, 97, 88, 161, 21, 14],
    [26, 246, 229, 469, 72, 31],
    [13, 89, 71, 197, 21, 18],
    [63, 126, 138, 896, 77, 30],
    [41, 59, 33, 324, 30, 16],
    [15, 20, 20, 136, 18, 3],
    [37, 217, 183, 562, 100, 54],
    [31, 34, 40, 383, 25, 19],
    [0, 2, 0, 17, 1, 1],
    [14, 15, 45, 122, 21, 3],
    [11, 30, 39, 306, 37, 11],
    [20, 32, 45, 327, 37, 10],
    [0, 2, 2, 1, 0, 0],
    [382, 649, 691, 3990, 482, 192],
    [58, 226, 182, 821, 99, 50],
    [122, 521, 429, 1528, 226, 128],
    [15, 203, 71, 348, 18, 15]
  ],
  "method": "mvn_pdf",
  "cond_prob": [
    [
      [0.021276132863, 0.0021897478486, 2.4854752235e-05, 0.74334282514, 0.23316643939],
      [0.17036523035, 0.13499398111, 0.6458786903, 0.032761542453, 0.016000555787],
      [0.07315773045, 0.64422539726, 0.18671931252, 0.089998861725, 0.0058986980446],
      [0.0022074860395, 0.00068884530071, 9.6995593143e-06, 0.96722277933, 0.029871189773],
      [0.031342732638, 0.20416832921, 0.067463964659, 0.40017170065, 0.29685327284],
      [0.075581787095, 0.030361307144, 0.18043014836, 0.68268944162, 0.030937315787]
    ],
    [
      [0.11277207395, 0.0068362355231, 9.0077706356e-05, 0.63257122266, 0.24773039015],
      [0.22280602107, 0.096346757489, 0.67339113473, 0.0046236950391, 0.0028323916688],
      [0.10982657562, 0.66145748733, 0.21126259918, 0.016118868824, 0.0013344690428],
      [0.012494465846, 0.0023733176704, 3.8672266673e-05, 0.95083319041, 0.034260353803],
      [0.099043449947, 0.42016052045, 0.15661372138, 0.16653895102, 0.1576433572],
      [0.24434770738, 0.053682900508, 0.42800065532, 0.259384532, 0.014584204801]
    ],
    [
      [0.0017360463652, 0.00045511650659, 2.9496495625e-06, 0.42263429687, 0.57517159061],
      [0.089830006108, 0.19290106763, 0.56451756209, 0.052647739892, 0.10010362428],
      [0.0256059383, 0.74152138873, 0.10378460337, 0.10309848245, 0.025989587148],
      [0.00029816704229, 0.00023305076148, 1.8730594046e-06, 0.89757460083, 0.1018923083],
      [0.0022221021996, 0.033971330914, 0.0066292889178, 0.21720158137, 0.7399756966],
      [0.011458587622, 0.011764977532, 0.038252682662, 0.80397536314, 0.13454838905]
    ],
    [
      [0.010338922966, 0.001196052081, 1.4042859114e-05, 0.8154504788, 0.1730005033],
      [0.14526758345, 0.12935264571, 0.64295063128, 0.061936737909, 0.020492401648],
      [0.059480205839, 0.59355582184, 0.17689860438, 0.16283710736, 0.0072282605797],
      [0.00098964888926, 0.00034695590583, 5.0536189343e-06, 0.97823311839, 0.020425223197],
      [0.018497757525, 0.13547421692, 0.046286826564, 0.5321203362, 0.26762086279],
      [0.03959316069, 0.017881825439, 0.10986936157, 0.8079055239, 0.024750128399]
    ],
    [
      [0.016581971161, 0.0026292211651, 2.980871068e-05, 0.71981570613, 0.26094329283],
      [0.11839876741, 0.14463959043, 0.69265532932, 0.028317370751, 0.015988942081],
      [0.049622203638, 0.67359625325, 0.19511686851, 0.075912452161, 0.005752222434],
      [0.001769245359, 0.00085039138993, 1.1960402169e-05, 0.96298617883, 0.03438222402],
      [0.022827049142, 0.22917735563, 0.075646926481, 0.36206042417, 0.31028824457],
      [0.058456540614, 0.036188008084, 0.21500789642, 0.65597829666, 0.034369258225]
    ],
    [
      [0.055380812617, 0.017558526826, 0.00016458474442, 0.83760971491, 0.089286360901],
      [0.061603606141, 0.15918983392, 0.77638730067, 0.0023810690915, 0.0004381901826],
      [0.023618554993, 0.79379930174, 0.17644362228, 0.0059882225044, 0.00015029848636],
      [0.0047969570831, 0.0047054278633, 5.4573263435e-05, 0.98033591727, 0.010107124525],
      [0.029693532202, 0.69373202972, 0.18065491744, 0.077258987918, 0.018660532717],
      [0.090374511134, 0.10968565257, 0.62175346434, 0.17521520326, 0.0029711686973]
    ],
    [
      [0.12153076261, 0.0063480717017, 5.6512065959e-05, 0.64109782084, 0.23096683278],
      [0.34744485366, 0.1293784471, 0.51478199632, 0.0055012583253, 0.0028934446001],
      [0.13650257167, 0.70779882666, 0.13969864018, 0.014931868596, 0.0010680928908],
      [0.012701127191, 0.0020487244579, 2.2605216298e-05, 0.95876683476, 0.026460708372],
      [0.12485350807, 0.44705559575, 0.10833968158, 0.17222700677, 0.14752420783],
      [0.3214571258, 0.062000188834, 0.30031485474, 0.30208632384, 0.014141506793]
    ],
    [
      [0.035489248325, 0.0034885243349, 0.00012872718385, 0.62238366895, 0.33850983121],
      [0.06793691211, 0.050902714229, 0.87058237997, 0.0058226506508, 0.0047553430387],
      [0.05402480495, 0.47109987492, 0.4418723889, 0.029730428403, 0.0032725028341],
      [0.004167343811, 0.0012463386348, 5.7223685685e-05, 0.94821428527, 0.046314808601],
      [0.03559122423, 0.22597734414, 0.24210516542, 0.21433139547, 0.28199487075],
      [0.073989120443, 0.027901388654, 0.56747779449, 0.30764757934, 0.022984117072]
    ],
    [
      [0.017806413746, 0.0036291969056, 3.0060173064e-05, 0.70260514961, 0.27592917957],
      [0.11918028265, 0.18713444166, 0.65168873798, 0.026057799196, 0.015938738519],
      [0.042431730246, 0.73716166156, 0.15629215469, 0.059250976587, 0.0048634769155],
      [0.001939892996, 0.0011985162298, 1.2314702196e-05, 0.95973057018, 0.037118705887],
      [0.022309969034, 0.28752858173, 0.06936741173, 0.32194758282, 0.29884645468],
      [0.062334801038, 0.049608441464, 0.21502370131, 0.63688353404, 0.036149522143]
    ],
    [
      [0.0052226387726, 0.0020348782302, 3.5659952175e-05, 0.50146630604, 0.491240517],
      [0.020596395433, 0.07301964458, 0.89588380008, 0.0045281640687, 0.0059719958367],
      [0.0092779455529, 0.78771795014, 0.18679203837, 0.013704416469, 0.0025076494668],
      [0.00073914009738, 0.00083192844118, 1.8347785688e-05, 0.93126836707, 0.067142216605],
      [0.0086502718065, 0.24406920917, 0.11873580153, 0.18733021262, 0.44121450488],
      [0.028186564002, 0.044255574755, 0.48062413422, 0.39899038919, 0.04794333784]
    ],
    [
      [0.030711990837, 0.0052185478139, 4.7106533346e-05, 0.72425581916, 0.23976653566],
      [0.13359638123, 0.17464789954, 0.66581637064, 0.017110158538, 0.0088291900554],
      [0.050518454459, 0.73575556738, 0.16940609975, 0.041449656607, 0.002870221805],
      [0.0032515321408, 0.0016758331628, 1.8764523909e-05, 0.96375980603, 0.031294064147],
      [0.033505730529, 0.3611069077, 0.094777920406, 0.28621047145, 0.22439896992],
      [0.089784844095, 0.059494141482, 0.28173525083, 0.54304153869, 0.025944224904]
    ],
    [
      [0.0057784022714, 0.0021983859766, 7.5945294442e-05, 0.92859773195, 0.063349534504],
      [0.010850149521, 0.040476504741, 0.94037343733, 0.0073113349344, 0.0009885734757],
      [0.012850636965, 0.48598651724, 0.45327573199, 0.047029589648, 0.00085752415844],
      [0.0004983423456, 0.00056460362645, 2.4202746773e-05, 0.99207152116, 0.0068413301244],
      [0.009430368396, 0.2395728486, 0.24774032919, 0.42503261761, 0.078223836195],
      [0.013800693517, 0.022255979612, 0.47489136551, 0.48357948577, 0.0054724755981]
    ],
    [
      [0.064299100793, 0.020167975764, 8.4378692483e-05, 0.83234894844, 0.083099596313],
      [0.1135632761, 0.28306518011, 0.59833259601, 0.004211450025, 0.00082749775114],
      [0.025136977074, 0.88921784739, 0.079175640978, 0.0062965692803, 0.0001729652797],
      [0.0053710322551, 0.0053072606798, 2.7599476579e-05, 0.9799165537, 0.009377553891],
      [0.032866287082, 0.77426788561, 0.085834870309, 0.087091033787, 0.019939923216],
      [0.14206103232, 0.16523364689, 0.41013218871, 0.27776459607, 0.0048085360161]
    ],
    [
      [0.0084146738386, 0.0035575561216, 1.5826138308e-05, 0.75533482193, 0.23267712197],
      [0.089257167344, 0.2897227863, 0.57749440342, 0.029650555965, 0.013875086971],
      [0.020720167218, 0.84338384323, 0.086835535415, 0.046173706982, 0.0028867471583],
      [0.0008447459395, 0.0010754155316, 5.9397633051e-06, 0.97200411484, 0.026069783927],
      [0.01215587301, 0.33795143705, 0.042336409301, 0.34348841797, 0.26406786267],
      [0.034166771996, 0.05655715584, 0.13233965314, 0.74663773036, 0.030298688663]
    ],
    [
      [0.022168923657, 0.0029287700478, 1.8090016558e-05, 0.73880331545, 0.23608090083],
      [0.20289606021, 0.20546013047, 0.53851698321, 0.035488645585, 0.017638180523],
      [0.064511608453, 0.74237060612, 0.11529177646, 0.072961351328, 0.0048646576389],
      [0.002303754642, 0.0009233965786, 7.0762859215e-06, 0.96666132942, 0.030104443069],
      [0.031196153816, 0.26265363053, 0.046957504143, 0.37454171147, 0.28465100004],
      [0.082673708637, 0.042523061299, 0.13765290128, 0.70485441793, 0.03229591086]
    ],
    [
      [0.011474911043, 0.00065630312723, 2.744277183e-05, 0.81370102699, 0.17414031606],
      [0.086852726459, 0.028338239934, 0.86208703588, 0.016617378954, 0.0061046187766],
      [0.076235871914, 0.3778510847, 0.43066396796, 0.10983118078, 0.0054178946451],
      [0.0010610292414, 0.00018215294576, 9.4666269845e-06, 0.97988945984, 0.018857891341],
      [0.022731360169, 0.076149713576, 0.10153753225, 0.50831201448, 0.29126937953],
      [0.04580664681, 0.0094717399857, 0.23478824468, 0.68885443567, 0.021078932854]
    ],
    [
      [0.1732853948, 0.0029447817566, 8.0117872496e-05, 0.67116239192, 0.15252731365],
      [0.36979554175, 0.041190426651, 0.58182773985, 0.0052589946329, 0.0019272971194],
      [0.27355421446, 0.40816599478, 0.28908164578, 0.027821092165, 0.0013770528134],
      [0.018153168131, 0.00097702194797, 3.2926105767e-05, 0.96051213094, 0.020324752878],
      [0.20398771648, 0.22724113374, 0.18104385386, 0.24851204923, 0.13921524669],
      [0.35715053461, 0.021396382581, 0.34152079289, 0.27091510344, 0.0090171864704]
    ],
    [
      [0.020947621509, 0.0040682613295, 2.9880667892e-05, 0.69867083426, 0.27628340224],
      [0.13439573216, 0.20117727641, 0.62559348477, 0.024051563519, 0.014781943136],
      [0.045009308247, 0.75823968573, 0.14073926055, 0.051744005415, 0.0042677400649],
      [0.0022880232886, 0.0013475152263, 1.2279076272e-05, 0.95924164732, 0.037110535092],
      [0.025406918879, 0.31432602679, 0.066900871635, 0.30634661936, 0.28701956334],
      [0.072952410223, 0.055276574756, 0.21304369443, 0.62327551315, 0.035451807443]
    ],
    [
      [0.043397172366, 0.0083790033748, 8.4243814577e-05, 0.67057716374, 0.27756241671],
      [0.11172449261, 0.16558287314, 0.707615591, 0.0091711645837, 0.0059058786653],
      [0.044573642686, 0.74045786935, 0.18945001863, 0.023488034425, 0.0020304349065],
      [0.0048802425405, 0.0028607956918, 3.5678110952e-05, 0.95407004347, 0.038153240188],
      [0.035974730209, 0.44181437258, 0.12895052119, 0.1982342065, 0.19502616952],
      [0.1014201778, 0.076132601, 0.40351435135, 0.3954502338, 0.023482636047]
    ],
    [
      [0.017865044216, 0.0032949757488, 4.2551930564e-05, 0.71107043075, 0.26772699735],
      [0.094959125338, 0.13491213704, 0.73712095321, 0.020804888579, 0.012202895836],
      [0.04253457949, 0.67151702152, 0.22166080657, 0.059596283199, 0.0046913092157],
      [0.001925359874, 0.0010765268571, 1.7247067151e-05, 0.96137007451, 0.035610791692],
      [0.022455192208, 0.26233991844, 0.098634042934, 0.32613515285, 0.29043569356],
      [0.057369802767, 0.041299805144, 0.27985072608, 0.58941690441, 0.032062761599]
    ],
    [
      [0.016104349317, 0.0022999216426, 1.9021378235e-05, 0.7074474617, 0.27412924596],
      [0.15819898444, 0.17376529304, 0.60692276232, 0.038116337525, 0.02299662268],
      [0.057173745043, 0.69983713468, 0.1475718837, 0.088270539081, 0.0071466974887],
      [0.0017437507283, 0.00075489950894, 7.7455588756e-06, 0.9608789906, 0.036614613601],
      [0.023267871476, 0.21042037018, 0.050635381096, 0.3733592007, 0.34231717654],
      [0.062637918347, 0.034904606665, 0.15115774293, 0.71150910286, 0.039790629204]
    ],
    [
      [0.049698327505, 0.0045517534144, 6.2884480421e-05, 0.74165443142, 0.20403260318],
      [0.16898906304, 0.11907922724, 0.69212753891, 0.013859252918, 0.0059449178994],
      [0.082508006822, 0.6439781791, 0.22777664071, 0.043247748213, 0.0024894251556],
      [0.0051616634032, 0.0014338074865, 2.4570769801e-05, 0.96721976908, 0.02616018926],
      [0.055272344816, 0.32023710322, 0.12884245017, 0.30021773731, 0.19543036448],
      [0.12599428719, 0.045014705125, 0.32573833164, 0.48400333688, 0.019249339168]
    ],
    [
      [0.00035211130961, 0.00088680215718, 1.4093422336e-06, 0.98930521045, 0.0094544667378],
      [0.025712156201, 0.51476908323, 0.4242512118, 0.032406923542, 0.0028606252232],
      [0.0018312898331, 0.96093808254, 0.016714504572, 0.020262121466, 0.00025400159293],
      [4.1039523118e-05, 0.00026859818359, 5.4471911023e-07, 0.99749106706, 0.0021987505111],
      [0.0018888802603, 0.3229269375, 0.012971469602, 0.62877274687, 0.033439965771],
      [0.00014747355942, 0.0034431271204, 0.001186657363, 0.99252098259, 0.0027017593671]
    ],
    [
      [0.037896691584, 0.0050595323141, 0.00017316026807, 0.48119421961, 0.47567639622],
      [0.039802464681, 0.042080252177, 0.9138902492, 0.0017873312466, 0.0024397026986],
      [0.03781200879, 0.50212521808, 0.44746204329, 0.010625730713, 0.0019749991235],
      [0.0051083427404, 0.0020998168029, 8.9343482727e-05, 0.92382756103, 0.068874935944],
      [0.032289158357, 0.29663582891, 0.29749487824, 0.11040380118, 0.26317633331],
      [0.067040180843, 0.032612717261, 0.75114244088, 0.13217110348, 0.017033557542]
    ],
    [
      [0.0016317552139, 1.6549389625e-05, 2.5949883695e-07, 0.99655776959, 0.0017936663059],
      [0.75399430272, 0.011326827777, 0.090588876519, 0.14038457321, 0.0037054197662],
      [0.17595887103, 0.11529875373, 0.036882132185, 0.66948245413, 0.0023777889309],
      [0.0001740481953, 5.1299595627e-06, 9.3807154518e-08, 0.99897143574, 0.00084929229988],
      [0.0028930510733, 0.00049408499811, 0.00055511625555, 0.97133109115, 0.024726656522],
      [0.0015322252887, 7.746901078e-05, 0.00019172259233, 0.9972318229, 0.00096676020599]
    ],
    [
      [0.017523411035, 0.0045461212316, 3.9802807983e-05, 0.76543272023, 0.21245794469],
      [0.091124662387, 0.18167251333, 0.6987696564, 0.019797975198, 0.0086351926834],
      [0.032763157722, 0.75286251202, 0.16538626079, 0.046279941707, 0.0027081277569],
      [0.0017557945831, 0.0013823845406, 1.5016468154e-05, 0.97086857729, 0.025978227123],
      [0.021137624023, 0.35281648236, 0.089251118407, 0.32224691035, 0.21454786486],
      [0.055467171054, 0.056004369148, 0.26092234252, 0.60360225146, 0.024003865813]
    ],
    [
      [0.041531891299, 0.0027553329253, 2.0236311778e-05, 0.80881002465, 0.14688251482],
      [0.32384891241, 0.15057840368, 0.49834255653, 0.021031713221, 0.0061984141526],
      [0.10181557239, 0.73924758206, 0.10883514516, 0.04816873782, 0.0019329625648],
      [0.0037819085941, 0.00076954326847, 7.0333328735e-06, 0.97948125553, 0.015960259278],
      [0.06544354835, 0.29972205243, 0.059122546894, 0.39259630272, 0.18311554961],
      [0.15110720117, 0.037224124984, 0.1453324893, 0.64990962095, 0.016426563595]
    ],
    [
      [0.017602810847, 0.0019265962149, 3.5114049255e-05, 0.65793843073, 0.32249704816],
      [0.11525532363, 0.096619210987, 0.74730658549, 0.023152609015, 0.017666270875],
      [0.061989142614, 0.57974690231, 0.27015024638, 0.079935362871, 0.0081783458297],
      [0.0020223910558, 0.00067103755148, 1.5172519028e-05, 0.95186894711, 0.045422451767],
      [0.024415791702, 0.16900291558, 0.089750427997, 0.3310370703, 0.38579379442],
      [0.063398433112, 0.027027857194, 0.25866794542, 0.60813165922, 0.042774105063]
    ],
    [
      [0.042380032943, 0.0043050506643, 5.0300094519e-05, 0.72514885118, 0.22811576512],
      [0.17342933163, 0.13554538007, 0.66676609709, 0.016279491273, 0.0079796999448],
      [0.077512251785, 0.67205795913, 0.20083639592, 0.046532588493, 0.0030608046672],
      [0.0044885876848, 0.0013828866487, 2.0041997898e-05, 0.96427361821, 0.029834865457],
      [0.048830146488, 0.31397913835, 0.10679762766, 0.30411605937, 0.22627702813],
      [0.11867508548, 0.047026739012, 0.28785095219, 0.52268432568, 0.02376289764]
    ],
    [
      [0.66997467162, 0.0025739312249, 6.1797434118e-06, 0.23326086753, 0.094184349882],
      [0.9756064534, 0.01277123172, 0.010684020276, 0.0005811698579, 0.0003571247491],
      [0.69785331108, 0.28495516102, 0.011412467972, 0.0053270429888, 0.0004520169403],
      [0.14664139631, 0.0019701638817, 5.8939913174e-06, 0.82319399939, 0.028188546425],
      [0.66464729971, 0.19291242095, 0.01117430421, 0.066104023072, 0.065161952057],
      [0.93109880296, 0.0093551178174, 0.011452258665, 0.045566577088, 0.0025272434716]
    ],
    [
      [0.014080782924, 0.0026890921629, 2.2713868132e-05, 0.68014354735, 0.3030638637],
      [0.12222952684, 0.17936706647, 0.64398410833, 0.032128841478, 0.022290456876],
      [0.043902069059, 0.72013984557, 0.15500322505, 0.074060496281, 0.0068943640428],
      [0.0015751389214, 0.00091177215075, 9.5555292314e-06, 0.95580710129, 0.041696432111],
      [0.019137287627, 0.23168144135, 0.056922424936, 0.33661153655, 0.35564730954],
      [0.05461441425, 0.040676679244, 0.18031601231, 0.6807422674, 0.043650626798]
    ],
    [
      [0.020407555444, 0.0032967207421, 4.4432287265e-05, 0.71738768123, 0.2588636103],
      [0.1031055824, 0.12827063366, 0.73823835976, 0.019458139932, 0.010927284251],
      [0.047462774018, 0.66358059123, 0.22712504851, 0.057497906632, 0.0043336796141],
      [0.0021778552277, 0.0010670004247, 1.7842644829e-05, 0.96276800794, 0.033969293758],
      [0.025713046962, 0.26432783137, 0.10346774871, 0.32678422645, 0.27970714651],
      [0.064285996467, 0.040499117212, 0.28751423363, 0.57769828032, 0.030002372364]
    ],
    [
      [0.034988428619, 0.0044201988071, 4.8967021026e-05, 0.68339586066, 0.27714654489],
      [0.14979672043, 0.14547718741, 0.67904289436, 0.015753770007, 0.009929427792],
      [0.06407013406, 0.69343326039, 0.19569028587, 0.043157580568, 0.0036487391131],
      [0.0038859556465, 0.0014889583827, 2.0461416672e-05, 0.95695212987, 0.037652494683],
      [0.039332864891, 0.3150395182, 0.10142616539, 0.27710378727, 0.26709766425],
      [0.10376702517, 0.051103572349, 0.29673207934, 0.51826970869, 0.030127614445]
    ],
    [
      [0.044655474344, 0.0027045230963, 1.1846007757e-05, 0.75064708135, 0.2019810752],
      [0.44266947097, 0.16901057943, 0.35451366206, 0.02335539622, 0.010450891324],
      [0.12978672678, 0.73848915678, 0.074744716285, 0.053762591439, 0.0032168087229],
      [0.0042880702828, 0.00080450169837, 4.3557759473e-06, 0.97116844397, 0.023734628278],
      [0.069384401625, 0.27525229292, 0.033853318889, 0.36876115992, 0.25274882664],
      [0.17750524399, 0.038934105512, 0.089090465001, 0.66920066509, 0.025269520404]
    ],
    [
      [0.056945889335, 0.0044947247241, 5.0097601986e-05, 0.66582277211, 0.27268651623],
      [0.21922736957, 0.13186689996, 0.62679471536, 0.013497307401, 0.0086137077008],
      [0.098496677105, 0.66933796574, 0.18964570035, 0.039165438555, 0.0033542182522],
      [0.0064480657834, 0.0015463993702, 2.1377979025e-05, 0.95406750213, 0.037916654738],
      [0.062832370118, 0.31540650955, 0.10206372429, 0.2632299673, 0.25646742874],
      [0.16049561876, 0.049122575451, 0.28870960024, 0.47379973137, 0.027872474191]
    ],
    [
      [0.029518050281, 0.001248094317, 2.7852431582e-05, 0.91850884164, 0.050697161328],
      [0.21529209946, 0.061145611217, 0.7006517078, 0.020633544386, 0.002277037141],
      [0.13499596596, 0.48557152003, 0.28530406044, 0.092766286723, 0.0013621668451],
      [0.0024754816791, 0.00032257698562, 8.9092143453e-06, 0.99157180223, 0.0056212298893],
      [0.062081308365, 0.16552918217, 0.10932944949, 0.57669329831, 0.086366761669],
      [0.10252162662, 0.0161866589, 0.19812159383, 0.67705744496, 0.0061126756866]
    ],
    [
      [0.029117708795, 0.0014926122276, 9.9044838618e-05, 0.8267965635, 0.14249407064],
      [0.061528522101, 0.023956405705, 0.90480023134, 0.0076192274677, 0.0020956133864],
      [0.0662245686, 0.31641635912, 0.56201163771, 0.053372682357, 0.001974752214],
      [0.0026899886615, 0.00042234615977, 3.4744826067e-05, 0.98053673212, 0.016316188233],
      [0.041017858755, 0.13688766304, 0.27253711082, 0.38736616213, 0.16219120526],
      [0.064544771392, 0.012762390518, 0.50184948539, 0.41054155222, 0.010301800483]
    ],
    [
      [0.011474356976, 0.0018796478185, 1.5538708703e-05, 0.65325957039, 0.33337088611],
      [0.13855534963, 0.17470804531, 0.60981493155, 0.042906459606, 0.034015213901],
      [0.049471075706, 0.69543700255, 0.1464592471, 0.098190054236, 0.010442620407],
      [0.0013307567624, 0.00066063271704, 6.7753129666e-06, 0.95044191572, 0.047559919491],
      [0.01674003995, 0.17358776119, 0.041759077211, 0.34772107129, 0.42019205036],
      [0.049500646479, 0.031652523788, 0.13695994154, 0.72839195373, 0.053494934463]
    ],
    [
      [0.035267776252, 0.004364536949, 4.3705827565e-05, 0.68583583912, 0.27448814185],
      [0.16281115513, 0.15492687049, 0.65404741549, 0.01738154247, 0.010833016424],
      [0.066617702031, 0.70381766292, 0.18024996732, 0.045508467385, 0.003806200342],
      [0.0039179767428, 0.0014705841392, 1.8267386475e-05, 0.95697526863, 0.0376179031],
      [0.040145742235, 0.31449013437, 0.091685878855, 0.28438548839, 0.26929275616],
      [0.10735683997, 0.051807971711, 0.27192776983, 0.53783285446, 0.031074564028]
    ],
    [
      [0.010877870856, 0.0009886501478, 1.8144424024e-05, 0.92752588105, 0.060589453521],
      [0.099968047325, 0.065487220832, 0.82017021513, 0.012709010249, 0.0016655064677],
      [0.06586799064, 0.58877362663, 0.2829867376, 0.061287750963, 0.0010838941615],
      [0.00091285778215, 0.00024852907976, 5.6518349955e-06, 0.9921918714, 0.0066410899031],
      [0.030937309251, 0.17450871677, 0.096580642171, 0.59421003433, 0.10376329748],
      [0.050558660601, 0.017947389216, 0.17409408303, 0.74916692318, 0.0082329439758]
    ],
    [
      [0.014329565677, 0.0019220786763, 2.7210760045e-05, 0.76468677279, 0.2190343721],
      [0.11515201196, 0.11852690808, 0.71864376017, 0.032949998102, 0.014727321697],
      [0.05348093078, 0.61917566741, 0.22300231673, 0.098437488557, 0.0059035965231],
      [0.0014483508112, 0.00058890893759, 1.034410734e-05, 0.97070476495, 0.02724763119],
      [0.021952562339, 0.18681945335, 0.076949712568, 0.42509291045, 0.28918536129],
      [0.050770418919, 0.026550646118, 0.19770756411, 0.69623517295, 0.028736197897]
    ],
    [
      [0.018932669162, 0.0061386948061, 2.5021360859e-05, 0.39763566222, 0.57726795245],
      [0.12568159934, 0.30755027369, 0.5453476948, 0.0079227434258, 0.013497688744],
      [0.027485186871, 0.87864137608, 0.079845735149, 0.011414214578, 0.0026134873246],
      [0.00282913363, 0.0027916585735, 1.4051354897e-05, 0.91926618934, 0.075098967102],
      [0.0199396993, 0.43110286564, 0.048749479083, 0.10947008396, 0.39073787202],
      [0.10075835945, 0.12536931042, 0.27134291396, 0.43922053957, 0.063308876602]
    ],
    [
      [0.035343151402, 0.0037425172258, 6.3604231732e-05, 0.72395671633, 0.23689401081],
      [0.12765157231, 0.10377018951, 0.74756573465, 0.013923759187, 0.0070887443381],
      [0.067789512416, 0.61477541108, 0.26677621912, 0.047420676674, 0.003238180709],
      [0.0037344254399, 0.0011999339327, 2.5294932155e-05, 0.96437279913, 0.030667546562],
      [0.041467518537, 0.27838286836, 0.13764842446, 0.30513400517, 0.23736718349],
      [0.094858464064, 0.039124027495, 0.34943803392, 0.49339690228, 0.023182572244]
    ],
    [
      [0.036599581982, 0.0041269793425, 5.2682467984e-05, 0.73290687662, 0.22631387958],
      [0.14948111274, 0.12973699131, 0.69639039893, 0.016468160145, 0.0079233368713],
      [0.068987550656, 0.66270207088, 0.21661641202, 0.048559101751, 0.0031348646886],
      [0.0038409428098, 0.0013133388592, 2.0795957934e-05, 0.96552557874, 0.029299343633],
      [0.042723032853, 0.30464139512, 0.11327156388, 0.31165274295, 0.2277112652],
      [0.1023190863, 0.045022578415, 0.30090620257, 0.52819207805, 0.023560054668]
    ],
    [
      [0.10213935172, 0.0092571959891, 9.5007625885e-05, 0.60853733381, 0.27997111086],
      [0.20967049813, 0.14581716933, 0.63311380596, 0.0066561259952, 0.0047424005862],
      [0.090404005101, 0.70545504123, 0.1839583431, 0.018420446177, 0.0017621643907],
      [0.012503456487, 0.0034428815684, 4.3827672513e-05, 0.94196430812, 0.042045526148],
      [0.077313000542, 0.44637732561, 0.13279900917, 0.16449385253, 0.17901681215],
      [0.20606305271, 0.072601610275, 0.39213653449, 0.30881147234, 0.020387330183]
    ],
    [
      [0.018199908097, 0.0027694659578, 2.2172403315e-05, 0.69394937405, 0.2850590795],
      [0.15465810028, 0.18117488509, 0.61105397275, 0.032396651552, 0.020716390325],
      [0.055164496811, 0.71775559919, 0.1467885801, 0.073946367151, 0.0063449567478],
      [0.0020038311617, 0.00092438504092, 9.1804964099e-06, 0.95833067483, 0.038731928471],
      [0.024801222996, 0.23885459856, 0.055666040445, 0.34528376165, 0.33539437635],
      [0.068854544423, 0.04089721442, 0.17138789626, 0.67861021337, 0.040250131528]
    ],
    [
      [0.013835804418, 0.0014036107143, 1.8316773491e-05, 0.65998728689, 0.3247549812],
      [0.15255686559, 0.11860691845, 0.66040037243, 0.038780376267, 0.029655467265],
      [0.069083094519, 0.60551947995, 0.20063129794, 0.113159153, 0.011606974592],
      [0.0015883964908, 0.00048839252722, 7.9075586437e-06, 0.95213538089, 0.045779922535],
      [0.0210586968, 0.13528176295, 0.051393238927, 0.36544394993, 0.42682235139],
      [0.058018995188, 0.022932881081, 0.15710172261, 0.71166592859, 0.050280472532]
    ],
    [
      [0.015600100409, 0.0021503683403, 2.3728971059e-05, 0.74351875325, 0.23870704903],
      [0.13333369532, 0.13953070881, 0.67956852962, 0.031643058775, 0.015924007482],
      [0.055086659002, 0.66762532273, 0.18589568447, 0.085616811035, 0.0057755227575],
      [0.0016074191173, 0.00067205756817, 9.1999772371e-06, 0.96761784816, 0.03009347518],
      [0.02347548945, 0.20651223512, 0.066151480416, 0.39794529491, 0.3059155001],
      [0.057999433598, 0.031038593649, 0.18148730751, 0.69741727904, 0.0320573862]
    ],
    [
      [0.041748324953, 0.0052486544141, 6.6429456921e-05, 0.69411367479, 0.25882291639],
      [0.13761183304, 0.13321854113, 0.70920110885, 0.012633726042, 0.0073347909322],
      [0.063191489615, 0.67744530709, 0.21942149367, 0.03705443321, 0.0028872764198],
      [0.0045929374274, 0.001751021791, 2.7491345029e-05, 0.95848605655, 0.035142492883],
      [0.042925596448, 0.34148567045, 0.12583981866, 0.26028817964, 0.22946073481],
      [0.10797213817, 0.052966792383, 0.35114025601, 0.4629771363, 0.024943677137]
    ],
    [
      [0.027868678677, 0.004901756557, 5.4028044177e-05, 0.71990002873, 0.24727550799],
      [0.11128903758, 0.15125279331, 0.71387266951, 0.015371074629, 0.0082144249682],
      [0.046304214847, 0.71152546596, 0.19812525984, 0.041096604493, 0.0029484548583],
      [0.0029626334236, 0.0015814870783, 2.1626813444e-05, 0.96304435216, 0.03238990052],
      [0.030561115976, 0.34409837128, 0.10981005941, 0.2842682274, 0.23126222593],
      [0.079523976735, 0.054574637374, 0.31760915935, 0.52243576135, 0.02585646519]
    ],
    [
      [0.00022685610095, 5.3955418224e-05, 7.283522987e-07, 0.87874072223, 0.12097773789],
      [0.036534069252, 0.050294226468, 0.64603758083, 0.21237026244, 0.054763861006],
      [0.0088614804518, 0.42813225126, 0.064411602028, 0.48140137095, 0.017193295312],
      [2.6409904718e-05, 1.4916148843e-05, 2.5789852675e-07, 0.98795667007, 0.012001745978],
      [0.00024572537886, 0.00071924659288, 0.0010282405376, 0.64695536231, 0.35105142518],
      [0.00020788860453, 0.00030263506088, 0.00097860684322, 0.98289329212, 0.015617577375]
    ],
    [
      [0.027588282072, 0.0015048953719, 1.8531717972e-05, 0.67921691033, 0.29167138051],
      [0.26244463365, 0.10763995774, 0.57547581511, 0.032631194927, 0.021808398568],
      [0.12426557008, 0.58244659402, 0.18317578731, 0.1010647327, 0.0090473158807],
      [0.0030664225451, 0.00050837467081, 7.7647480636e-06, 0.95678748661, 0.039629951428],
      [0.042296765942, 0.14600719961, 0.052404499763, 0.37447500799, 0.3848165267],
      [0.10878400389, 0.022934003941, 0.14880256576, 0.6780093118, 0.041470114611]
    ],
    [
      [0.019017646096, 0.0024773876963, 2.9832618605e-05, 0.81275542071, 0.16571971288],
      [0.13402186256, 0.13354983411, 0.69241274147, 0.030321729278, 0.0096938325828],
      [0.058019306968, 0.65346802753, 0.20010591671, 0.084770417691, 0.0036363311004],
      [0.001819600652, 0.00071920922889, 1.0743801418e-05, 0.97789131069, 0.019559135632],
      [0.028508927564, 0.23612269842, 0.082654851432, 0.43950432426, 0.21320919832],
      [0.06260586229, 0.031752610773, 0.20148999674, 0.68400611662, 0.020145413569]
    ],
    [
      [0.015581407611, 0.0025191067997, 2.6824970761e-05, 0.79556266045, 0.18631000017],
      [0.12070213785, 0.14973426594, 0.68480657229, 0.032753488031, 0.012003535888],
      [0.048521692596, 0.67866772537, 0.18373362086, 0.084902532642, 0.0041744285301],
      [0.0015202465664, 0.00074533801485, 9.8461070604e-06, 0.97532305565, 0.022401513661],
      [0.02316346663, 0.23806596865, 0.073689504817, 0.42727686735, 0.23780419255],
      [0.053500090653, 0.033720995549, 0.18898611506, 0.70013274304, 0.023660055695]
    ],
    [
      [0.0059583217242, 0.00077498517696, 1.2617789701e-05, 0.88310508929, 0.11014898601],
      [0.0086139036395, 0.046465021807, 0.79660825598, 0.14830952138, 3.2971889341e-06],
      [0.0030521483076, 0.18920101289, 0.078308765926, 0.7294337902, 4.2826741469e-06],
      [8.4764034023e-08, 1.4642494782e-07, 2.9136850946e-09, 0.9999997659, 1.1757843718e-12],
      [0.015162685994, 0.12411199047, 0.059545936075, 0.56466349856, 0.2365158889],
      [0.023441998938, 0.012033213579, 0.1022011957, 0.84573159667, 0.016591995106]
    ],
    [
      [0.030241905785, 0.0037747672621, 2.9642241102e-05, 0.70612521656, 0.25982846815],
      [0.18746626015, 0.18040835959, 0.59364291419, 0.024463972175, 0.014018493893],
      [0.068288423362, 0.72463443639, 0.14588933285, 0.05681824496, 0.0043695624377],
      [0.003284100873, 0.0012425611421, 1.2103804607e-05, 0.96056119925, 0.034900034931],
      [0.037463420276, 0.29537548137, 0.067598827639, 0.32087908194, 0.27868318878],
      [0.10129834907, 0.049391814245, 0.20273170322, 0.61387734515, 0.032700788318]
    ],
    [
      [0.041744902463, 0.002946828571, 4.2575451347e-05, 0.73906584251, 0.216199851],
      [0.20058245372, 0.10893346583, 0.66195350948, 0.019597573112, 0.0089329978601],
      [0.10099007273, 0.60738247955, 0.22470896403, 0.063061110848, 0.003857372833],
      [0.0043529433739, 0.00093182493293, 1.6699852094e-05, 0.96684185019, 0.027856681656],
      [0.054703270506, 0.24416811042, 0.1027657778, 0.35371721577, 0.24464562551],
      [0.12309461436, 0.033904599217, 0.25644298587, 0.56275259202, 0.02380520853]
    ],
    [
      [0.032870810881, 0.0036438741971, 4.6429822683e-05, 0.64472268537, 0.31871619973],
      [0.15120446159, 0.12918941821, 0.69036300624, 0.016526842712, 0.012716271242],
      [0.070044063026, 0.66040089003, 0.21568621555, 0.048826949734, 0.0050418816588],
      [0.0038587336946, 0.0012967087176, 2.0495770857e-05, 0.94859030472, 0.0462337571],
      [0.038198652152, 0.26753564923, 0.099339250893, 0.27450137677, 0.32042507096],
      [0.10241528182, 0.044337939825, 0.29543985921, 0.52058634092, 0.037220578217]
    ],
    [
      [0.032492367541, 0.0033645959308, 3.268803783e-05, 0.74773127925, 0.21637906924],
      [0.19116444738, 0.15223813564, 0.62236944536, 0.023585808954, 0.010642162661],
      [0.077465897244, 0.68748258162, 0.17008764242, 0.061256832498, 0.0037070462179],
      [0.0033451536818, 0.0010505724933, 1.2659903025e-05, 0.96817126809, 0.027420345834],
      [0.042680212048, 0.2801183103, 0.079105084795, 0.35458919614, 0.24350719672],
      [0.10420605359, 0.042092277125, 0.21409275551, 0.6140111413, 0.025597772483]
    ]
  ],
  "expected_outcome": [
    [
      [1.6382622304, 0.45108829581, 0.012152324556, 0.39287907269, 1.5587052891, 0.16614243785, 0, 0.070978496649, 1.264255376, 0.015667916318, 1.2284796335, 0, 0.064299100793, 0, 0.42120954948, 0, 0.1732853948, 0.60748102377, 0.2603830342, 1.0897676972, 0.83742616446, 1.7394414627, 0, 0.075793383169, 0, 0.17523411035, 0, 0.12321967593, 2.1190016472, 2.0099240149, 0.39426192187, 0.65304177422, 0.34988428619, 0.22327737172, 0.9680801187, 0.059036100561, 0.34941250554, 0.41307685114, 1.1991043926, 0.010877870856, 0.28659131355, 0, 0.38877466542, 0.95158913153, 1.3278115723, 1.1465942101, 0.56726798113, 0.23400150613, 1.5446880232, 0.86392903899, 0, 0.38623594901, 0.20919410706, 0.31162815222, 0, 11.5524080097, 2.4212043428, 4.0102389275, 0.48738551311],
      [0.16861058434, 0.027344942092, 0.0031858155461, 0.045449979077, 0.24714678952, 0.052675580478, 0, 0.0069770486697, 0.2576729803, 0.0061046346906, 0.20874191256, 0, 0.020167975764, 0, 0.055646630909, 0, 0.0029447817566, 0.11797957856, 0.050274020249, 0.20099352068, 0.11959592542, 0.1593113695, 0, 0.010119064628, 0, 0.045461212316, 0, 0.013486173504, 0.21525253322, 0.0077217936748, 0.075294580561, 0.10549506375, 0.044201988071, 0.013522615481, 0.07641032031, 0.0024961886341, 0.017911346731, 0.067667321465, 0.14839425627, 0.0009886501478, 0.038441573525, 0, 0.041167689484, 0.10730146291, 0.12034354786, 0.17447635534, 0.057548039285, 0.032255525104, 0.19420021332, 0.15195445327, 0, 0.021068535207, 0.02725126466, 0.050382135994, 0, 1.4419610941, 0.17091605712, 0.44455265205, 0.050468938962],
      [0.0019138159221, 0.00036031082543, 2.0647546938e-05, 0.00053362864634, 0.0028020188039, 0.00049375423325, 0, 0.0002574543677, 0.0021342722876, 0.00010697985653, 0.0018842613339, 0, 8.4378692483e-05, 0, 0.00034371031461, 0, 8.0117872496e-05, 0.00086653936886, 0.00050546288746, 0.0025956677644, 0.00098911166824, 0.0022009568147, 0, 0.00034632053615, 0, 0.00039802807983, 0, 0.00024579834479, 0.0025150047259, 1.8539230235e-05, 0.0006359883077, 0.0014218331925, 0.00048967021026, 5.9230038785e-05, 0.00085165923376, 5.5704863164e-05, 0.0011885380634, 0.0005593935133, 0.0014859981372, 1.8144424024e-05, 0.00054421520091, 0, 0.00069964654905, 0.0013697441676, 0.0012350991365, 0.0013968614089, 0.00075098771313, 0.00035593456589, 0.0024578899061, 0.0016748693695, 0, 0.00025944405161, 0.00032815880466, 0.00053649941522, 0, 0.011323336101, 0.0024693761782, 0.0056644383674, 0.00049032056745],
      [57.237397536, 2.5302848907, 2.9584400781, 30.9871181943, 67.6626763762, 2.5128291447, 0, 1.2447673379, 49.884965622, 1.5043989181, 28.9702327664, 0, 0.83234894844, 0, 14.0372629935, 0, 0.67116239192, 20.2614541934, 4.0234629824, 43.375296276, 36.7872680086, 25.9579050997, 0, 0.96238843923, 0, 7.6543272023, 0, 4.6055690151, 36.2574425588, 0.69978260258, 19.0440193258, 22.9564057993, 6.8339586066, 3.7532354068, 11.3189871258, 1.8370176833, 9.921558762, 23.517344534, 23.3184185301, 0.92752588105, 15.2937354558, 0, 7.9635238797, 19.0555787922, 7.9109853395, 43.7188105649, 27.0594787625, 11.1527812988, 25.6822059672, 22.3169008907, 0, 9.5090367446, 8.9403096278, 15.911253209, 0, 269.7398327256, 42.8658188658, 78.6561676151, 11.2159691888],
      [17.9538158333, 0.99092156061, 4.0262011343, 6.5740191252, 24.5286695264, 0.2678590827, 0, 0.67701966241, 19.5909717495, 1.473721551, 9.5906614262, 0, 0.083099596313, 0, 4.4855371158, 0, 0.15252731365, 8.0122186649, 1.6653745003, 16.3313468384, 14.2547207898, 7.1411411114, 0, 0.95135279244, 0, 2.1245794469, 0, 2.2574793371, 11.4057882561, 0.28255304965, 8.4857881835, 8.2836355296, 2.7714654489, 1.009905376, 4.6356707759, 0.10139432266, 1.7099288476, 12.0013518999, 9.332596823, 0.060589453521, 4.3806874419, 0, 2.6058341189, 5.8841608692, 3.6396244411, 17.9587220083, 13.3149542294, 3.5806057354, 9.5764479063, 7.6655407477, 0, 4.0833993271, 1.8229168417, 3.7262000034, 0, 99.2544748345, 12.5395913581, 38.883376367, 3.2456860386]
    ],
    [
      [15.8439664222, 0.89122408429, 0.98813006719, 11.4761390928, 12.0766742758, 0.30801803071, 4.1693382439, 0.6793691211, 21.214090312, 0.082385581732, 15.2299874599, 0.010850149521, 0.1135632761, 0.71405733875, 7.7100502881, 0.4342636323, 1.1093866252, 8.8701183223, 8.0441634681, 8.7362395311, 11.7067248482, 38.191528246, 0.1028486248, 0.11940739404, 0.75399430272, 1.5491192606, 1.9430934745, 14.2916601299, 33.1250023404, 0.9756064534, 4.0335743859, 4.7428567903, 26.963409678, 1.7706778839, 13.372869544, 1.0764604973, 0.3076426105, 11.638649369, 19.8629609256, 0.19993609465, 4.6060804783, 2.3879503875, 12.3822025143, 36.7723537331, 18.6606743335, 19.4869206355, 9.0008550697, 2.6666739064, 29.8617677707, 3.7838272776, 0.073068138504, 3.9366695047, 4.0206558767, 3.8624684112, 0.017227807279, 121.6656028393, 45.3316345403, 78.7775244902, 38.806382819],
