{
  "X": [
    [31, 295, 154, 45],
    [75, 288, 214, 13],
    [10, 32, 11, 4],
    [6, 25, 26, 3],
    [55, 181, 169, 18],
    [9, 28, 12, 9],
    [4, 26, 14, 2],
    [25, 136, 80, 6],
    [4, 32, 15, 6],
    [39, 67, 106, 21],
    [15, 64, 40, 17],
    [134, 548, 418, 77],
    [116, 562, 368, 32],
    [98, 453, 368, 68],
    [82, 457, 391, 78],
    [27, 55, 95, 13],
    [14, 33, 44, 7],
    [3, 27, 19, 5],
    [13, 16, 25, 6],
    [57, 95, 150, 11],
    [49, 184, 188, 21],
    [68, 232, 215, 22],
    [87, 619, 604, 117],
    [90, 670, 469, 77],
    [106, 844, 748, 152],
    [154, 294, 617, 69],
    [30, 112, 167, 24],
    [57, 239, 299, 89],
    [54, 194, 185, 24],
    [22, 28, 152, 26],
    [24, 38, 148, 14],
    [42, 127, 465, 76],
    [240, 202, 766, 51],
    [59, 62, 147, 15],
    [18, 75, 30, 4],
    [139, 820, 520, 71],
    [104, 511, 312, 49],
    [52, 331, 366, 90],
    [100, 191, 375, 67],
    [113, 153, 321, 29],
    [4, 29, 17, 0],
    [158, 620, 511, 60],
    [23, 80, 65, 14],
    [9, 21, 45, 6],
    [124, 303, 453, 95],
    [109, 259, 328, 47],
    [136, 296, 350, 70],
    [141, 405, 418, 37],
    [225, 584, 578, 59],
    [14, 33, 32, 6],
    [18, 164, 60, 19],
    [27, 273, 139, 19],
    [40, 49, 178, 44],
    [32, 85, 263, 52],
    [121, 328, 1022, 121],
    [87, 133, 557, 77],
    [14, 94, 174, 35],
    [240, 1189, 994, 139],
    [50, 162, 222, 21],
    [464, 1037, 1146, 200],
    [81, 226, 274, 21]
  ],
  "W": [
    [15, 169, 282, 16, 26, 17],
    [73, 176, 286, 26, 12, 17],
    [5, 13, 29, 2, 3, 5],
    [15, 16, 26, 2, 0, 1],
    [66, 140, 166, 25, 12, 14],
    [5, 11, 31, 4, 4, 3],
    [8, 7, 26, 2, 0, 3],
    [30, 64, 132, 7, 5, 9],
    [3, 14, 31, 3, 2, 4],
    [32, 101, 69, 13, 9, 9],
    [16, 40, 52, 10, 10, 8],
    [113, 390, 555, 26, 46, 47],
    [116, 323, 565, 16, 30, 28],
    [84, 341, 439, 35, 56, 32],
    [88, 347, 442, 27, 52, 52],
    [20, 91, 57, 6, 5, 11],
    [18, 39, 31, 2, 1, 7],
    [4, 20, 23, 3, 3, 1],
    [17, 25, 17, 0, 0, 1],
    [74, 119, 90, 4, 11, 15],
    [83, 136, 173, 21, 11, 18],
    [93, 185, 224, 13, 14, 8],
    [40, 598, 614, 66, 46, 63],
    [60, 453, 638, 43, 56, 56],
    [76, 727, 824, 81, 61, 81],
    [158, 563, 306, 36, 36, 35],
    [28, 151, 96, 23, 15, 20],
    [42, 299, 219, 25, 37, 62],
    [62, 153, 188, 18, 18, 18],
    [15, 149, 27, 11, 7, 19],
    [14, 149, 37, 10, 5, 9],
    [28, 449, 119, 38, 28, 48],
    [298, 631, 223, 37, 28, 42],
    [54, 141, 61, 11, 6, 10],
    [16, 27, 70, 3, 3, 8],
    [129, 461, 812, 53, 39, 56],
    [69, 270, 542, 34, 25, 36],
    [34, 368, 319, 37, 30, 51],
    [101, 342, 185, 38, 33, 34],
    [134, 271, 155, 10, 29, 17],
    [4, 14, 28, 1, 0, 3],
    [159, 435, 638, 43, 33, 41],
    [15, 66, 80, 6, 6, 9],
    [8, 35, 21, 6, 3, 8],
    [95, 423, 319, 24, 69, 45],
    [94, 287, 257, 30, 41, 34],
    [125, 317, 302, 29, 31, 48],
    [134, 351, 404, 29, 46, 37],
    [199, 509, 605, 46, 38, 49],
    [7, 37, 33, 2, 5, 1],
    [18, 53, 157, 9, 10, 14],
    [21, 118, 272, 15, 22, 10],
    [40, 157, 56, 11, 18, 29],
    [24, 264, 86, 26, 15, 17],
    [107, 958, 322, 81, 49, 75],
    [68, 536, 128, 34, 32, 56],
    [7, 170, 94, 11, 3, 32],
    [262, 872, 1183, 83, 76, 86],
    [51, 198, 170, 7, 9, 20],
    [343, 1175, 1050, 78, 88, 113],
    [98, 248, 218, 3, 16, 19]
  ],
  "method": "mvn_pdf",
  "cond_prob": [
    [
      [0.67816275263, 0.018274595304, 0.30354981904, 1.2833024317e-05],
      [0.07249707058, 0.017450422622, 0.79258571298, 0.11746679382],
      [0.020069339194, 0.97159129563, 0.0083393651802, 0],
      [0.015805486238, 0.33936017699, 0.33278872644, 0.31204561033],
      [0.089112945586, 0.36536357617, 0.1438045946, 0.40171888365],
      [0.020363280286, 0.1681646158, 0.24026630336, 0.57120580055]
    ],
    [
      [0.65646942652, 0.010667198306, 0.33286003012, 3.3450596407e-06],
      [0.074282317683, 0.0054439748696, 0.90394028892, 0.016333418532],
      [0.038121796381, 0.94657332744, 0.015304876175, 0],
      [0.023367947859, 0.30068089444, 0.55359968503, 0.12235147267],
      [0.1545970951, 0.38033588586, 0.28056825205, 0.18449876699],
      [0.037557553013, 0.18596761246, 0.498242443, 0.27823239152]
    ],
    [
      [0.91856694773, 0.0093791281845, 0.072052122109, 1.8019744668e-06],
      [0.26236365402, 0.014588259169, 0.66227239667, 0.060775690143],
      [0.024192399157, 0.94486053868, 0.0050367338441, 0.025910328322],
      [0.051980888011, 0.56349994404, 0.24440109769, 0.14011807026],
      [0.25497845946, 0.51196680232, 0.086124962874, 0.14692977535],
      [0.085192205834, 0.33992021464, 0.22739117345, 0.34749640608]
    ],
    [
      [0.35117578549, 0.0071704944233, 0.6416380028, 1.5717284568e-05],
      [0.019092497577, 0.0018502379864, 0.89243151162, 0.086625752819],
      [0.015710294641, 0.94685523849, 0.027067040357, 0.010367426517],
      [0.0060252781745, 0.10176238176, 0.53713460334, 0.35507773672],
      [0.037712805659, 0.12458809702, 0.25755134925, 0.58014774806],
      [0.006365039444, 0.041077811731, 0.31851351609, 0.63404363274]
    ],
    [
      [0.62264072386, 0.017439841174, 0.35991401705, 5.4179249425e-06],
      [0.062808344508, 0.0081453538729, 0.88022127715, 0.048825024471],
      [0.018337612032, 0.96756274754, 0.014099640429, 0],
      [0.016823920753, 0.37676824193, 0.4550563042, 0.15135153312],
      [0.10622002343, 0.45544588462, 0.22020863296, 0.21812545898],
      [0.026661578358, 0.22918915609, 0.40394604017, 0.34020322538]
    ],
    [
      [0.81972490038, 0.0032060581497, 0.17705465227, 1.4389192368e-05],
      [0.10449522113, 0.002171362342, 0.76644460415, 0.12688881237],
      [0.10094826745, 0.87785706541, 0.02119466714, 0],
      [0.023390890614, 0.085607845957, 0.29291957331, 0.59808169012],
      [0.1169960865, 0.079561261637, 0.10794918198, 0.69549346988],
      [0.020327955383, 0.028613088484, 0.14110879683, 0.80995015931]
    ],
    [
      [0.42183121567, 0.010817575065, 0.56734461723, 6.5920340502e-06],
      [0.025165860573, 0.0031744842823, 0.93065004055, 0.041009614594],
      [0.015148412637, 0.967425705, 0.010486418391, 0.0069394639735],
      [0.0089239644937, 0.20554392851, 0.61217418641, 0.17335792059],
      [0.064755855375, 0.29513280332, 0.33203146007, 0.30807988124],
      [0.012494197701, 0.10902727417, 0.48323250911, 0.39524601903]
    ],
    [
      [0.60107627095, 0.016494232741, 0.38242534182, 4.1544868505e-06],
      [0.05720463031, 0.0073219176622, 0.90852164016, 0.026951811865],
      [0.018223534273, 0.97017774166, 0.011598724068, 0],
      [0.016467976416, 0.367376775, 0.4966224976, 0.11953275098],
      [0.10834461266, 0.46355396358, 0.24881355452, 0.17928786924],
      [0.027123345494, 0.23152234949, 0.45893310469, 0.28242120033]
    ],
    [
      [0.66774215043, 0.013108145709, 0.31913747788, 1.2225977676e-05],
      [0.060947820287, 0.012085311099, 0.81859573155, 0.10837113706],
      [0.028179415074, 0.96655008705, 0.0052704978746, 0],
      [0.014072256606, 0.26312176754, 0.37414694227, 0.34865903359],
      [0.081378426573, 0.29030582003, 0.16095811454, 0.46735763885],
      [0.016242143607, 0.11461289156, 0.24362620865, 0.62551875618]
    ],
    [
      [0.72199059061, 0.0049999947718, 0.27300218484, 7.2297755271e-06],
      [0.081978390843, 0.0057237422688, 0.82852658128, 0.083771285611],
      [0.078392346343, 0.89686298502, 0.024022991519, 0.00072167711689],
      [0.028230856342, 0.15872313818, 0.51051961764, 0.30252638784],
      [0.16950988971, 0.18166688015, 0.23374487127, 0.41507835887],
      [0.034980176415, 0.075550390456, 0.35385556561, 0.53561386752]
    ],
    [
      [0.68584944223, 0.029979291377, 0.28415714213, 1.4124266714e-05],
      [0.072684416173, 0.015242123772, 0.76090367658, 0.15116978347],
      [0.0037416814043, 0.99258729007, 0, 0.0036710285278],
      [0.012255355635, 0.45957504162, 0.24725192109, 0.28091768165],
      [0.06680648092, 0.47959742929, 0.10289321789, 0.35070287189],
      [0.016730809852, 0.2380478243, 0.1894859091, 0.55573545674]
    ],
    [
      [0.65881826344, 0.0094070102899, 0.33176669783, 8.0284400113e-06],
      [0.070234210805, 0.0046136598273, 0.84741041907, 0.077741710294],
      [0.043965089054, 0.93835528406, 0.017364089917, 0.0003155369686],
      [0.020820027731, 0.23310493275, 0.48681768356, 0.25925735595],
      [0.12855681297, 0.27498461237, 0.23097359696, 0.3654849777],
      [0.027800754776, 0.1200101581, 0.36385499084, 0.48833409628]
    ],
    [
      [0.62296188334, 0.012002745649, 0.36503047012, 4.9008938456e-06],
      [0.063091105039, 0.0057864475952, 0.89101418155, 0.040108265811],
      [0.032509582221, 0.95228363556, 0.015206782223, 0],
      [0.019472843532, 0.29447001069, 0.5296957148, 0.15636143098],
      [0.12800090449, 0.37001967614, 0.26739511094, 0.23458430843],
      [0.029946000686, 0.17451051385, 0.4560738608, 0.33946962467]
    ],
    [
      [0.63683100175, 0.011968133815, 0.35119279594, 8.0684984925e-06],
      [0.06464175104, 0.0055949656901, 0.85529134385, 0.074471939423],
      [0.033268795308, 0.95190115005, 0.013816108882, 0.0010139457608],
      [0.018396848342, 0.27168128614, 0.47151055183, 0.23841131369],
      [0.11429766089, 0.32252140274, 0.22503796862, 0.33814296775],
      [0.025431215829, 0.14475453186, 0.36484967292, 0.46496457939]
    ],
    [
      [0.56289302251, 0.013192190234, 0.42390480334, 9.9839146437e-06],
      [0.048154687394, 0.0051942482235, 0.86905963894, 0.077591425444],
      [0.022220842669, 0.95957307992, 0.017363969154, 0.00084210825747],
      [0.013797780604, 0.25384109492, 0.48232729079, 0.25003383369],
      [0.088163995885, 0.31004978029, 0.23685537444, 0.36493084939],
      [0.01878956099, 0.13325160891, 0.36766330589, 0.48029552421]
    ],
    [
      [0.70395373121, 0.0050329474148, 0.29100833996, 4.9814172317e-06],
      [0.079026223754, 0.0053479495119, 0.85749644153, 0.058129385208],
      [0.073548959825, 0.90124319773, 0.024726712841, 0.00048112960045],
      [0.028981850982, 0.17034735336, 0.57936544718, 0.22130534847],
      [0.18592358431, 0.20855461665, 0.28212999483, 0.32339180421],
      [0.039430843326, 0.088814379263, 0.44103561208, 0.43071916533]
    ],
    [
      [0.61201333127, 0.015341903726, 0.37263668865, 8.0763611357e-06],
      [0.05432834622, 0.0094883239577, 0.85823076588, 0.07795256394],
      [0.019301977064, 0.97088430159, 0.0095733096012, 0.00024041174762],
      [0.014751290708, 0.32722595822, 0.43870503716, 0.21931771391],
      [0.091072465531, 0.3914843453, 0.20564334699, 0.31179984218],
      [0.020859742673, 0.17292164109, 0.34881624514, 0.45740237109]
    ],
    [
      [0.58810595974, 0.037026077069, 0.3748532801, 1.4683094459e-05],
      [0.024213551719, 0.028413177134, 0.81010974752, 0.13726352363],
      [0, 0.99982540042, 0, 0.00017459957901],
      [0.0077738701512, 0.48678214867, 0.25704382274, 0.24840015844],
      [0.043068082927, 0.52673544981, 0.10817479369, 0.32202167358],
      [0.010779267438, 0.24709514392, 0.20273607993, 0.53938950871]
    ],
    [
      [0.64196625487, 0, 0.35798818469, 4.5560438822e-05],
      [0.054826261178, 0, 0.74317283638, 0.20200090244],
      [0.041840387046, 0.94043336287, 0.015431008904, 0.0022952411781],
      [0.0068328445347, 0.050915161894, 0.18965978396, 0.75259220961],
      [0.030141357604, 0.040536010879, 0.064611372379, 0.86471125914],
      [0.0046305579193, 0.012632831177, 0.072552799484, 0.91018381142]
    ],
    [
      [0.60816084067, 0.011370422829, 0.38046446081, 4.2756944618e-06],
      [0.060867894889, 0.0050374131974, 0.90510413357, 0.028990558347],
      [0.031337182884, 0.95279453854, 0.015668613217, 0.00019966535534],
      [0.018986940014, 0.28620575763, 0.5564562733, 0.13835102906],
      [0.12811465906, 0.37102271001, 0.28747023324, 0.21339239769],
      [0.029817521959, 0.17210368204, 0.48933767717, 0.30874111884]
    ],
    [
      [0.4960131692, 0.016328825902, 0.48765040456, 7.6003361924e-06],
      [0.038114703202, 0.0057917176406, 0.90272499274, 0.053368586417],
      [0.0073385687103, 0.97346285054, 0.018318361797, 0.00088021894989],
      [0.011267634777, 0.29476305363, 0.51599673367, 0.17797257792],
      [0.076056212877, 0.38149651061, 0.26733029659, 0.27511697993],
      [0.016916458988, 0.17008194245, 0.43382089715, 0.37918070141]
    ],
    [
      [0.57638590578, 0.017009024657, 0.40659733607, 7.7334891156e-06],
      [0.051690614699, 0.0070320154726, 0.87790018257, 0.063377187261],
      [0.014423427999, 0.97193501202, 0.01137623832, 0.0022653216615],
      [0.014066002603, 0.32947865476, 0.46189856299, 0.19455677964],
      [0.089507651951, 0.40158588324, 0.22562600342, 0.28328046139],
      [0.02081675128, 0.18729628434, 0.38289890248, 0.4089880619]
    ],
    [
      [0.60595703103, 0.010663010828, 0.38337013004, 9.8281020322e-06],
      [0.056482989366, 0.0045733229396, 0.85672919888, 0.08221448881],
      [0.03545783483, 0.94632488762, 0.018217277554, 0],
      [0.016475750949, 0.22713437968, 0.48382229741, 0.27256757196],
      [0.10344817439, 0.27244111775, 0.23350203034, 0.39060867752],
      [0.021710554728, 0.11542842821, 0.35686286386, 0.50599815321]
    ],
    [
      [0.63615697155, 0.01625703947, 0.34757905168, 6.9372986202e-06],
      [0.065768505136, 0.0077347427308, 0.86135706137, 0.065139690767],
      [0.021675487577, 0.96598667696, 0.010470668501, 0.0018671669584],
      [0.017380369278, 0.34847702777, 0.44083966946, 0.1933029335],
      [0.10733091742, 0.41116327639, 0.20918133027, 0.27232447591],
      [0.02590358127, 0.20020685001, 0.36785645205, 0.40603311667]
    ],
    [
      [0.57159173373, 0.01324962564, 0.41514723867, 1.1401963863e-05],
      [0.049346095404, 0.0052555155788, 0.85801463597, 0.087383753047],
      [0.022926860842, 0.95967579617, 0.017397342985, 0],
      [0.013689263941, 0.24809022309, 0.46044319709, 0.27777731588],
      [0.085598308096, 0.29641472979, 0.22144829148, 0.39653867063],
      [0.01805378236, 0.12620748138, 0.33990758204, 0.51583115421]
    ],
    [
      [0.60694390239, 0.0056284941574, 0.38742098452, 6.6189344468e-06],
      [0.056502304944, 0.0032802247318, 0.88208936373, 0.058128106598],
      [0.064013924651, 0.90282742711, 0.032534423492, 0.00062422474915],
      [0.02041378501, 0.14828916351, 0.60430473018, 0.22699232129],
      [0.13882459106, 0.19276282904, 0.3158726752, 0.35253990471],
      [0.027749235934, 0.077739056357, 0.45969292814, 0.43481877956]
    ],
    [
      [0.60528537812, 0.016092645724, 0.37861559032, 6.3858380029e-06],
      [0.056275959411, 0.0052381483499, 0.88143708816, 0.057048804078],
      [0.022769383644, 0.96554364722, 0.011468308419, 0.0002186607177],
      [0.015884372002, 0.34093344355, 0.46854557068, 0.17463661377],
      [0.1012783435, 0.41607219447, 0.22867628502, 0.25397317701],
      [0.024198150163, 0.19918516336, 0.39970565747, 0.376911029]
    ],
    [
      [0.6379501773, 0.013548857237, 0.34848864533, 1.2320128448e-05],
      [0.062479016151, 0.0099644653598, 0.82584541853, 0.10171109995],
      [0.029354736734, 0.95730533918, 0.012829719121, 0.00051020496589],
      [0.015827205481, 0.26600184168, 0.40358283536, 0.31458811748],
      [0.093395472185, 0.29989676904, 0.18289557948, 0.4238121793],
      [0.020078496316, 0.12992704963, 0.28660130551, 0.56339314854]
    ],
    [
      [0.59524012833, 0.011650685172, 0.39310279038, 6.3961238392e-06],
      [0.055420281408, 0.0050178348022, 0.88499470339, 0.054567180404],
      [0.03102094378, 0.95215432258, 0.016763399793, 6.1333850281e-05],
      [0.017080038951, 0.26566786131, 0.5275524618, 0.18969963795],
      [0.11259128353, 0.33510971653, 0.26654981077, 0.28574918916],
      [0.024988208499, 0.14949554162, 0.43211540618, 0.3934008437]
    ],
    [
      [0.62584973717, 0.0048771447458, 0.36926533324, 7.7848467706e-06],
      [0.060164322583, 0, 0.8677162635, 0.072119413912],
      [0.073179570623, 0.89356434182, 0.032478584745, 0.00077750281164],
      [0.020473278536, 0.13011414732, 0.57843067111, 0.27098190303],
      [0.13532188567, 0.16425400581, 0.29161960764, 0.40880450088],
      [0.026287484586, 0.06418799676, 0.41527896397, 0.49424555468]
    ],
    [
      [0.66699814912, 0.0055108428801, 0.32748625089, 4.7571079008e-06],
      [0.072955029109, 0.0034725336417, 0.87639795764, 0.047174479613],
      [0.063519402858, 0.91067994309, 0.025382458864, 0.00041819518477],
      [0.025662735003, 0.17448412612, 0.60497402286, 0.19487911602],
      [0.1717279196, 0.22334398663, 0.30808915189, 0.29683894187],
      [0.036249080142, 0.094302399804, 0.47806220375, 0.3913863163]
    ],
    [
      [0.53419070873, 0.0076113193421, 0.4581885011, 9.4708201917e-06],
      [0.039830701136, 0.0012435325817, 0.88804997693, 0.070875789357],
      [0.042181604646, 0.92822805812, 0.028917948813, 0.00067238841839],
      [0.014203697969, 0.15968489636, 0.56781739268, 0.258294013],
      [0.096407675961, 0.20724042998, 0.29599587519, 0.40035601887],
      [0.018748102975, 0.081221664823, 0.41937710403, 0.48065312817]
    ],
    [
      [0.59661490243, 0.0032706580749, 0.40010995468, 4.4848125514e-06],
      [0.051907685251, 0.0048276128549, 0.90916411711, 0.034100584786],
      [0.10110426697, 0.84425921686, 0.05395732154, 0.00067919463425],
      [0.022737390843, 0.097374209873, 0.70605801885, 0.17383038043],
      [0.16798676598, 0.13757307798, 0.40107487691, 0.29336527914],
      [0.032472505718, 0.053676735118, 0.56423689653, 0.34961386264]
    ],
    [
      [0.73552362929, 0.0059596695501, 0.2585125863, 4.1148559981e-06],
      [0.092771116422, 0.0060695931023, 0.84986043471, 0.051298855766],
      [0.067722432636, 0.91273890231, 0.019192721421, 0.00034594363672],
      [0.033239670128, 0.21869985989, 0.55273643266, 0.19532403732],
      [0.20537527958, 0.25846968241, 0.26093586281, 0.27521917519],
      [0.047204016318, 0.11887756229, 0.43935271027, 0.39456571112]
    ],
    [
      [0.77817758845, 0.019585455317, 0.2022342412, 2.715033541e-06],
      [0.12099606779, 0.014630535742, 0.82287265382, 0.041500742652],
      [0.020269347301, 0.96943419444, 0.0076982812594, 0.0025981770027],
      [0.02520762868, 0.55271464391, 0.32473272348, 0.097345003925],
      [0.14238003375, 0.59677193986, 0.13772270617, 0.12312532022],
      [0.045080932016, 0.372844361, 0.32755556383, 0.25451914316]
    ],
    [
      [0.62040243856, 0.013006125979, 0.36658490684, 6.5286219218e-06],
      [0.061794833662, 0.0059533079919, 0.87330162642, 0.058950231928],
      [0.029005774355, 0.95621730953, 0.014510809566, 0.00026610655332],
      [0.018015422637, 0.29560359174, 0.49334791568, 0.19303306994],
      [0.11512969549, 0.36097275439, 0.24234943408, 0.28154811603],
      [0.026483978713, 0.16757770797, 0.40601165018, 0.39992666313]
    ],
    [
      [0.66266742166, 0.0061661581207, 0.33116035416, 6.0660615659e-06],
      [0.071959816613, 0.0030859517457, 0.86492080839, 0.060033423246],
      [0.06064545461, 0.91292118922, 0.025195833451, 0.0012375227241],
      [0.024396277195, 0.17819322484, 0.56824688794, 0.22916361003],
      [0.15808620585, 0.22048302235, 0.28251862896, 0.33891214284],
      [0.033203679183, 0.093538843348, 0.43282821256, 0.44042926491]
    ],
    [
      [0.59358525153, 0.012749145148, 0.39365244566, 1.315766611e-05],
      [0.050454350474, 0.0085855929873, 0.84294015003, 0.098019906513],
      [0.029144071702, 0.95485220845, 0.015424352881, 0.0005793669639],
      [0.01397114047, 0.23646606809, 0.43163176279, 0.31793102865],
      [0.084710418658, 0.2739680068, 0.20105992717, 0.44026164737],
      [0.017562683204, 0.11452728678, 0.303750981, 0.56415904902]
    ],
    [
      [0.63039193182, 0.0076675315691, 0.36193191588, 8.6207359268e-06],
      [0.0627725255, 0.0028425709718, 0.85728723922, 0.077097664308],
      [0.049621412081, 0.92702285967, 0.022746223532, 0.00060950471326],
      [0.019480837047, 0.18673434891, 0.52053982628, 0.27324498776],
      [0.12363478869, 0.22649692043, 0.25375750267, 0.3961107882],
      [0.025353826338, 0.093643746074, 0.37911995127, 0.50188247631]
    ],
    [
      [0.61539809993, 0.0061172936742, 0.37847939735, 5.2090541357e-06],
      [0.060177278275, 0.0039681986167, 0.89165201665, 0.044202506454],
      [0.058998578586, 0.91163184152, 0.028921043713, 0.00044853618267],
      [0.021677768821, 0.1699404448, 0.62021469758, 0.1881670888],
      [0.14967817217, 0.22458812818, 0.32874627681, 0.29698742284],
      [0.030963990316, 0.093500307179, 0.49573608608, 0.37979961642]
    ],
    [
      [0.64661871043, 0.017198119533, 0.33618317003, 0],
      [0.057960518514, 0.0078700642507, 0.93416941724, 0],
      [0.015501802888, 0.97771036773, 0.0067878293832, 0],
      [0.017047530309, 0.45645956668, 0.52649290301, 0],
      [0.11361051557, 0.59729466168, 0.22717939278, 0.061915429963],
      [0.050326629295, 0.32955891976, 0.62011445094, 0]
    ],
    [
      [0.61005760335, 0.0083512486346, 0.38158484612, 6.3018947105e-06],
      [0.058973475828, 0.0037098123939, 0.88209263118, 0.055224080595],
      [0.045577945498, 0.93196144528, 0.022455998751, 4.6104756911e-06],
      [0.019517119388, 0.20908715813, 0.56592530782, 0.20547041466],
      [0.13021007529, 0.26657976962, 0.29019009184, 0.31302006325],
      [0.027621493567, 0.11412440959, 0.44828601054, 0.40996808631]
    ],
    [
      [0.74750728411, 0.0085611973542, 0.24392491796, 6.6005787818e-06],
      [0.098221392425, 0.0053462277089, 0.81307238585, 0.083359994019],
      [0.048121840107, 0.93753072524, 0.011967617276, 0.0023798173806],
      [0.027649780422, 0.26345508679, 0.44050963119, 0.2683855016],
      [0.16045291923, 0.29119110296, 0.19382036171, 0.3545356161],
      [0.036268381319, 0.13204398371, 0.32388438058, 0.50780325438]
    ],
    [
      [0.60201378714, 0.0045174249158, 0.39346443158, 4.3563685988e-06],
      [0.059471212243, 0.00087743400147, 0.90194831399, 0.037703039761],
      [0.06153366604, 0.90428387893, 0.033748474388, 0.00043398064375],
      [0.020339414529, 0.13230589264, 0.67892184219, 0.16843285064],
      [0.15114571629, 0.18786721841, 0.37644051129, 0.28454655401],
      [0.029339581439, 0.073218992756, 0.54656537605, 0.35087604976]
    ],
    [
      [0.65004365508, 0.0049632060886, 0.34498460804, 8.5307877904e-06],
      [0.062089644107, 0.0035135842169, 0.85362931148, 0.080767460193],
      [0.076764363221, 0.88985198437, 0.032481159495, 0.00090249291442],
      [0.02218090489, 0.13280976473, 0.54725780677, 0.29775152361],
      [0.1407689794, 0.1609786691, 0.26678780297, 0.43146454853],
      [0.027748892152, 0.064100083612, 0.38304950738, 0.52510151686]
    ],
    [
      [0.67699483557, 0.0068817550995, 0.31611828776, 5.1215744523e-06],
      [0.074163774229, 0.0058965391974, 0.86758337461, 0.052356311961],
      [0.059068519378, 0.918505122, 0.022025005787, 0.00040135283085],
      [0.025959048857, 0.20791896205, 0.56478715033, 0.20133483877],
      [0.16751955988, 0.25633139584, 0.27970141828, 0.296447626],
      [0.036758804475, 0.11346575955, 0.44754862619, 0.40222680978]
    ],
    [
      [0.69002689812, 0.0067046040421, 0.30326089079, 7.6070482853e-06],
      [0.076180745241, 0.0053808139891, 0.83905273238, 0.079385708391],
      [0.061783598076, 0.91594090631, 0.021664637684, 0.00061085793055],
      [0.024758066016, 0.18918847722, 0.50622733128, 0.27982612548],
      [0.15126471537, 0.2207960157, 0.23755600439, 0.39038326454],
      [0.031906349656, 0.093977300601, 0.36510673257, 0.50900961717]
    ],
    [
      [0.64925373081, 0.0081381354127, 0.34260415485, 3.9789240609e-06],
      [0.07022759403, 0.0059971212807, 0.89497898621, 0.028796298476],
      [0.049173804328, 0.93026664686, 0.02055954881, 0],
      [0.024039781125, 0.2365641596, 0.58911971461, 0.15027634466],
      [0.1615747921, 0.30389405065, 0.30407972849, 0.23045142877],
      [0.036602798082, 0.13884562148, 0.50203303069, 0.32251854975]
    ],
    [
      [0.69012132171, 0.0065707547266, 0.30330359061, 4.3329483498e-06],
      [0.08251962978, 0.0036102882656, 0.87005283725, 0.043817244709],
      [0.058454002463, 0.91800398151, 0.023542016023, 0],
      [0.028394481968, 0.21158819118, 0.57850462993, 0.18151269692],
      [0.18354234353, 0.26131680902, 0.28740056551, 0.26774028195],
      [0.041182422586, 0.11835262713, 0.46959871735, 0.37086623293]
    ],
    [
      [0.83795177392, 0.0060616188852, 0.15598230141, 4.305785152e-06],
      [0.12869408844, 0.0077333920309, 0.77332030064, 0.090252218886],
      [0.063468234962, 0.92602917037, 0.010178704465, 0.00032389020356],
      [0.042193042509, 0.27865475656, 0.41420539334, 0.26494680759],
      [0.22785912776, 0.28396295927, 0.16610926726, 0.32206864571],
      [0.054522832527, 0.135346231, 0.3004183962, 0.50971254027]
    ],
    [
      [0.63243196539, 0.019139203577, 0.34841755148, 1.1279555237e-05],
      [0.060441988825, 0.0085856912496, 0.82919251224, 0.10177980768],
      [0.013964111807, 0.97890410291, 0.005529132607, 0.0016026526715],
      [0.014088037482, 0.3463021963, 0.37032647612, 0.26928329009],
      [0.082787799278, 0.38895620392, 0.16610437225, 0.36215162456],
      [0.018983095107, 0.17901619542, 0.27994464983, 0.52205605964]
    ],
    [
      [0.55350411831, 0.011978963351, 0.4345103016, 6.6167365989e-06],
      [0.046871665579, 0.0047049858632, 0.89677283511, 0.051650513451],
      [0.026442018213, 0.95465441497, 0.018797263143, 0.00010630367254],
      [0.014816673013, 0.25456355107, 0.54667713321, 0.18394264271],
      [0.1006026696, 0.3303554744, 0.28377415832, 0.28526769769],
      [0.021781919691, 0.14409788629, 0.45000450675, 0.38411568727]
    ],
    [
      [0.59481150591, 0.0031812717635, 0.40199640718, 1.0815143417e-05],
      [0.049634188575, 0, 0.85878789952, 0.091577911904],
      [0.098519534319, 0.80969453465, 0.086638131038, 0.005147799993],
      [0.017802896518, 0.075616385734, 0.56768386721, 0.33889685054],
      [0.11616975491, 0.094196957372, 0.28350444933, 0.50612883839],
      [0.021068647773, 0.034569990113, 0.37555536285, 0.56880599927]
    ],
    [
      [0.56414120175, 0.0062591294602, 0.42958624395, 1.3424844293e-05],
      [0.045366000376, 0, 0.85965819943, 0.094975800195],
      [0.052043482391, 0.91091768905, 0.035918818045, 0.0011200105118],
      [0.014219041862, 0.12538924547, 0.50847321907, 0.35191849359],
      [0.090172563122, 0.15196993417, 0.24731140031, 0.5105461024],
      [0.016821413997, 0.057128837631, 0.3365395555, 0.58951019288]
    ],
    [
      [0.53735098951, 0.0069408937309, 0.45570065551, 7.4612414834e-06],
      [0.041869788177, 0.0017031942032, 0.90005572011, 0.056371297509],
      [0.04717185046, 0.92039465023, 0.031848373283, 0.00058512602569],
      [0.015507342681, 0.15665854091, 0.60898029591, 0.2188538205],
      [0.10901688318, 0.21050788396, 0.32925338846, 0.35122184441],
      [0.02139905557, 0.083391450956, 0.47027538392, 0.42493410956]
    ],
    [
      [0.6092504297, 0.0058196061663, 0.38492308737, 6.8767716637e-06],
      [0.058006440055, 0.0012880869503, 0.8798864687, 0.06081900429],
      [0.061694255651, 0.90654818213, 0.031132313619, 0.00062524860011],
      [0.020218859886, 0.152025818, 0.59431846215, 0.23343685997],
      [0.13642633699, 0.19605476506, 0.30802235427, 0.35949654368],
      [0.027313752999, 0.079161688729, 0.44924292215, 0.44428163612]
    ],
    [
      [0.52342931174, 0.0088723145248, 0.467686963, 1.1410730196e-05],
      [0.036525347878, 0.0020017955689, 0.88019038377, 0.081282472782],
      [0.034347791572, 0.94033101941, 0.024641842941, 0.00067934607786],
      [0.012516014761, 0.17058781795, 0.53006930859, 0.2868268587],
      [0.082722359921, 0.21575733072, 0.26808307199, 0.43343723737],
      [0.016004688394, 0.083835460549, 0.3794525366, 0.52070731446]
    ],
    [
      [0.57416897848, 0.011740722092, 0.41408219449, 8.1049368287e-06],
      [0.051128515174, 0.0047963838093, 0.87886061095, 0.065214490064],
      [0.028857075333, 0.95205878965, 0.018334653961, 0.0007494810582],
      [0.015477775704, 0.24692810405, 0.51594257425, 0.221651546],
      [0.10118609506, 0.30848197254, 0.2595171631, 0.3308147693],
      [0.021755159075, 0.13391015614, 0.40590207671, 0.43843260808]
    ],
    [
      [0.57362639628, 0.0065108240857, 0.41985696662, 5.8130120853e-06],
      [0.051470550548, 0.0032580737479, 0.89943405682, 0.045837318888],
      [0.051438092678, 0.91808965091, 0.030004061636, 0.00046819477735],
      [0.018260907073, 0.164210846, 0.62604870578, 0.19147954115],
      [0.12914103325, 0.22227363375, 0.33907489132, 0.30951044169],
      [0.025965668843, 0.089883504469, 0.49823230063, 0.38591852606]
    ],
    [
      [0.75605343387, 0.0074088367597, 0.23653163804, 6.0913254436e-06],
      [0.098100882137, 0.0088705835668, 0.81322092107, 0.079807613226],
      [0.062796473201, 0.92111932817, 0.015632899207, 0.00045129942505],
      [0.031958135304, 0.24443423194, 0.46232814789, 0.26127948486],
      [0.18383632508, 0.26858681291, 0.20461385762, 0.34296300438],
      [0.042464669469, 0.12530114245, 0.34383103291, 0.48840315516]
    ],
    [
      [0.60678918506, 0.015866793847, 0.3773388032, 5.2178973632e-06],
      [0.05677615107, 0.0089773409895, 0.89102171444, 0.043224793502],
      [0.023680500795, 0.96440943989, 0.011727481581, 0.00018257773163],
      [0.016803006163, 0.3488670015, 0.48615003285, 0.14817995949],
      [0.1085567022, 0.43181144107, 0.24104596123, 0.2185858955],
      [0.026553103779, 0.21167535155, 0.43029661279, 0.33147493188]
    ]
  ],
  "expected_outcome": [
    [
      [10.1724412894, 47.9222681359, 4.5928347387, 5.2676367823, 41.0942877744, 4.0986245019, 3.3746497253, 18.0322881285, 2.0032264513, 23.1036988996, 10.9735910757, 74.4464637687, 72.2635784669, 53.4938041469, 49.5345859806, 14.0790746243, 11.0162399628, 2.3524238389, 10.9134263329, 45.0039022094, 41.1690930439, 53.6038892376, 24.2382812412, 38.1694182932, 43.4409717632, 95.8971365769, 16.9479905873, 26.7939074466, 36.9048879564, 9.3877460576, 9.3379740877, 14.9573398446, 177.7912409236, 39.7182759817, 12.4508414152, 80.0319145736, 45.7240520943, 20.1818985519, 63.6695851138, 82.4633453901, 2.5864748417, 96.9991589324, 11.2126092616, 4.8161102971, 61.7541472325, 63.6375145432, 86.2533622651, 86.9999999286, 137.3341430207, 5.8656624175, 11.383775377, 11.6235864845, 23.7924602363, 13.539388842, 57.4965558781, 41.4290292194, 3.6640051822, 150.432272361, 29.2549462105, 259.3263278176, 59.4653401359],
      [0.27411892957, 0.77870547633, 0.046895640923, 0.10755741635, 1.1510295175, 0.016030290749, 0.086540600522, 0.49482698223, 0.039324437126, 0.1599998327, 0.47966866203, 1.0629921628, 1.3923184953, 1.0053232404, 1.1609127406, 0.1006589483, 0.27615426707, 0.14810430828, 0, 0.84141128938, 1.3552925498, 1.5818392931, 0.42652043311, 0.97542236822, 1.0069715486, 0.88930207687, 0.45059408027, 0.56905200397, 0.72234248069, 0.073157171186, 0.077151800321, 0.21311694158, 0.97465610631, 0.32182215571, 0.31336728507, 1.6777902513, 0.42546491033, 0.43347093502, 0.77442068848, 0.81971735235, 0.068792478133, 1.3278485329, 0.12841796031, 0.036139399326, 0.47150457841, 0.64688497935, 0.83807550526, 1.0905101453, 1.3075801906, 0.042431332196, 0.34450566439, 0.25155823037, 0.12725087054, 0.15021910705, 0.7426756292, 0.39573321931, 0.062106201674, 3.0760691881, 0.33205202837, 2.5412310086, 1.554945797],
      [4.5532472856, 24.2987821984, 0.36026061055, 9.6245700421, 23.754325125, 0.88527326137, 4.5387569379, 11.4727602546, 0.95741243365, 8.7360699149, 4.546514274, 37.4896368548, 42.3435345341, 29.5001948588, 37.3036226943, 5.8201667991, 6.7074603957, 1.4994131204, 6.0857991397, 28.1543700998, 40.4749835784, 37.8135522548, 15.3348052016, 20.8547431006, 31.5511901389, 61.2125155546, 10.601236529, 14.636523104, 24.3723730033, 5.5389799986, 4.5848075125, 12.8292780309, 119.232766496, 13.9596796604, 3.2357478592, 47.2894529829, 22.8500644371, 13.3841831524, 36.5551235034, 50.7162392443, 1.3447326801, 60.6719905334, 3.6588737694, 3.1477154526, 32.7735377642, 29.7151190495, 37.9076113486, 45.9089567502, 60.357414532, 1.0918761098, 6.2715159266, 9.1247163336, 16.0798562874, 10.3100698547, 48.7599701399, 26.1747699408, 3.273808741, 108.4895349575, 21.4127052975, 81.1303518492, 36.9792027132],
      [0.00019249536475, 0.00024418935377, 9.0098723342e-06, 0.00023575926852, 0.00035758304621, 7.1945961842e-05, 5.2736272401e-05, 0.00012463460551, 3.6677933029e-05, 0.00023135281687, 0.00022598826742, 0.00090721372128, 0.00056850368609, 0.00067775387337, 0.00087858448865, 9.9628344634e-05, 0.00014537450044, 5.8732377835e-05, 0.00077452745997, 0.00031640139017, 0.00063082790397, 0.00071921448775, 0.00039312408129, 0.00041623791721, 0.00086654925358, 0.0010457916426, 0.00017880346408, 0.00051744539482, 0.00039655967803, 0.00011677270156, 6.6599510612e-05, 0.00026518296537, 0.0013364741403, 0.00022220222389, 4.3440536657e-05, 0.00084219222791, 0.00041855824805, 0.00044736064773, 0.00087069432861, 0.00069801325418, 0, 0.001002001259, 9.9008681726e-05, 3.4850948791e-05, 0.00081042484009, 0.00048142799851, 0.00095088103566, 0.00053317582416, 0.00086225672161, 3.0140496064e-05, 0.00020303199427, 0.00013895146858, 0.0004326057367, 0.00032219626302, 0.00079835283872, 0.00046762047313, 7.9875111372e-05, 0.0021234934491, 0.00029646361635, 0.0020893246272, 0.00051135394159]
    ],
    [
      [12.252004928, 13.0736879123, 3.4107275022, 0.30547996123, 8.7931682312, 1.1494474325, 0.17616102401, 3.6610963398, 0.85326948402, 8.2798174751, 2.9073766469, 27.3913422139, 20.3784269276, 22.0428371045, 16.7096765258, 7.1913863617, 2.1188055026, 0.48427103438, 1.3706565295, 7.2432794918, 5.1835996355, 9.5627637192, 33.7768276411, 29.7931328265, 35.8746113585, 31.8107976837, 8.4976698711, 18.6812258291, 8.4793030554, 8.9644840649, 10.8702993373, 17.88398481, 32.7537493933, 13.0807274155, 3.2668938303, 28.4874183181, 19.4291504856, 18.5672009745, 21.4682037211, 16.3080424126, 0.8114472592, 25.6534619854, 6.4826119, 2.0814924285, 26.2639194572, 21.2850032037, 24.1492962414, 24.6498855047, 42.0024915579, 4.7616812724, 3.2034254077, 5.5308565383, 7.7925676063, 11.9766240992, 40.1112570733, 31.0914518696, 6.2093091393, 44.5840652316, 10.1911690086, 115.2685365113, 14.0804854655],
      [2.949121423, 0.95813957705, 0.1896473692, 0.029603807783, 1.1403495422, 0.023884985762, 0.022221389976, 0.46860273038, 0.16919435538, 0.57809796915, 0.60968495088, 1.7993273326, 1.8690225733, 1.9078833003, 1.8024041335, 0.48666340559, 0.37004463435, 0.56826354269, 0, 0.59945217049, 0.78767359913, 1.3009228624, 2.7348471179, 3.5038384571, 3.8207598258, 1.846766524, 0.79096040084, 2.9793751426, 0.76772872474, 0, 0.51740751261, 0.55834612916, 3.0462237114, 0.85581262743, 0.39502446504, 2.7444749843, 0.83320697133, 3.1594982193, 0.97215927237, 1.0753818251, 0.11018089951, 1.6137683914, 0.35285102879, 0.030710190052, 1.4862461237, 1.6923067496, 1.7057180345, 2.1049895695, 1.8376367272, 0.28613550514, 0.45504163623, 0.55518833186, 0, 0, 1.6316600467, 0.69041460538, 0.34030524672, 4.1824466817, 0.64509860209, 10.422935691, 2.2263805654],
      [133.9469854938, 159.093490849, 8.6095411567, 14.2789041859, 123.2309788008, 8.4308906456, 6.5145502839, 58.1453849704, 11.4603402417, 83.681184709, 30.4361470633, 330.4900634388, 287.7975806422, 291.6543482519, 301.5636947116, 78.0321761789, 33.4709998694, 16.2021949504, 18.5793209095, 107.7073918944, 122.7705990127, 162.411533775, 512.3240609328, 390.1947487989, 623.7766403509, 496.6163117779, 133.0970003123, 246.9277801419, 135.4041896181, 129.2897232621, 130.5832956877, 398.7344396397, 573.6825578954, 119.8303212941, 22.217561653, 402.5920497789, 233.5286182666, 310.2019752093, 293.1922358131, 241.6376965133, 13.0783718413, 383.7102945643, 53.662777466, 31.5681909898, 361.0851987574, 248.9964285137, 265.979716164, 314.1376241608, 442.8568941579, 28.6128511236, 43.9472031489, 105.8191945427, 134.8297002248, 226.9497646494, 862.2533798661, 471.6191472259, 149.632365241, 766.3664527512, 178.0879432495, 955.5345822573, 220.9733851807],
      [19.8518881551, 2.8746816616, 0.79008397185, 1.3860120451, 6.8355034259, 1.3957769361, 0.28706730216, 1.7249159594, 1.5171959189, 8.4608998467, 6.0467913389, 30.3192670146, 12.9549698569, 25.3949313432, 26.9242246291, 5.2897740539, 3.0401499937, 2.7452704725, 5.0500225611, 3.4498764433, 7.2581277527, 11.7247796433, 49.1642643082, 29.5082799175, 63.5279884649, 32.7261240144, 8.6143694158, 30.4116188864, 8.3487786019, 10.745792673, 7.0289974624, 31.8232294211, 21.5174689999, 7.233138663, 1.1205200516, 27.1760569187, 16.2090242765, 36.0713255968, 26.3674011934, 11.978879249, 0, 24.0224750589, 5.5017596052, 1.3196063916, 34.1646356616, 15.0262615329, 25.1652695601, 10.1075007649, 22.302977557, 3.3393320988, 5.3943298072, 6.0947605872, 14.377732169, 25.0736112514, 54.003703014, 32.5989862992, 13.818020373, 56.8670353355, 9.0757891398, 93.7739455404, 10.7197487884]
    ],
    [
      [5.6595536527, 10.902833765, 0.70157957555, 0.40846766066, 3.0440435974, 3.129396291, 0.39385872855, 2.405506524, 0.8735618673, 5.4090718977, 0.19456743302, 24.4006244251, 18.3679139551, 14.60500114, 9.8216124598, 4.19229071, 0.598361289, 0, 0.71128657978, 2.8203464596, 1.2695723869, 3.2308478717, 21.7711105854, 13.8289610744, 18.891733334, 19.5882609433, 2.1858608298, 6.4286873448, 5.8319374306, 1.9758484068, 2.3502179057, 5.0196109529, 22.5462515344, 4.1310683908, 1.4188543111, 23.5526887763, 32.8698363985, 9.296958873, 9.1799612349, 9.1447796808, 0.43405048087, 29.0787292277, 3.8497472086, 1.2922069868, 24.4878318676, 15.18060948, 18.658646619, 19.8662169484, 35.3646714903, 2.0944517537, 2.1923655537, 7.1922289539, 5.5170939219, 4.4757394856, 15.1893358481, 7.8968647233, 3.2286924078, 34.1379201188, 8.7444757553, 65.9362968606, 5.1623491733],
      [273.9887453665, 270.719971649, 27.4009556216, 24.6182362006, 160.6154160915, 27.2135690277, 25.15306833, 128.0634618991, 29.9630526986, 61.8835459664, 51.6145390835, 520.7871826533, 538.0402540886, 417.8846048717, 424.1313013244, 51.3708622708, 30.0974133492, 22.9959842097, 15.9873671688, 85.7515084689, 168.409073144, 217.7134426925, 581.0434809962, 616.2994999022, 790.7728560465, 276.2651926948, 92.6921901331, 209.6498692801, 179.0050126444, 24.1262372292, 33.6951578945, 110.4591389166, 188.2698053587, 55.6770730407, 67.8603936106, 776.4484553344, 494.8032845547, 304.5978544964, 171.4992290397, 141.3029354354, 27.3758902964, 594.5914020859, 75.0024580189, 18.9899614575, 283.8627830139, 236.0558163553, 276.6141537054, 375.8277253322, 555.392408816, 30.5589626222, 153.6879441576, 259.6660008722, 45.3428939404, 78.3389212585, 296.3670773745, 116.0381673126, 88.3911158245, 1126.2855481531, 156.0752406544, 967.1752945755, 210.2412578965],
      [2.3517009808, 4.377194586, 0.14606528148, 0.70374304927, 2.3405403112, 0.65703468135, 0.27264687816, 1.5310315769, 0.16338543411, 1.6575864148, 0, 9.637069904, 8.5918319562, 6.0652717993, 7.674874366, 1.409422632, 0.29677259764, 0, 0.26232715137, 1.4101751895, 3.1690765908, 2.5482773836, 11.1854084184, 6.6802865039, 14.3354106195, 9.9555335886, 1.1009576082, 2.8097084875, 3.1515191611, 0.8769217881, 0.93915097795, 3.4412359087, 12.0324827035, 1.1707560067, 0.53887968816, 11.782777368, 13.6561417303, 4.9203685691, 4.2080513534, 4.4827617755, 0.19005922273, 14.3269272029, 0.95740938205, 0.70871796214, 10.3614898788, 5.6604264872, 6.5427205806, 8.3060577193, 14.2429196938, 0.33589724733, 0.8680738193, 5.112855575, 4.8517353381, 3.0890183519, 10.2551761971, 3.9849361433, 2.3163332365, 21.6898956363, 5.1006904781, 16.4145441676, 2.5565909847],
