{
  "Z_true": {},
  "V_true": [
    [1399, 130, 3007, 93],
    [573, 80, 11470, 231],
    [629, 10709, 2737, 646],
    [236, 290, 1663, 258],
    [187, 489, 774, 644]
  ],
  "p_true": [
    [0.3022, 0.0281, 0.6496, 0.0201],
    [0.0464, 0.0065, 0.9284, 0.0187],
    [0.0427, 0.7275, 0.1859, 0.0439],
    [0.0964, 0.1185, 0.6796, 0.1054],
    [0.0893, 0.2335, 0.3696, 0.3075]
  ],
  "Z_est": [
    [
      [2.7929, 4, 3.0001, 1, 1.7318, 2.9856, 1.9975, 4, 1.1421, 2.9983, 0.8837, 10, 3.6406, 9, 0.532, 0, 18.9988, 25, 6.0038, 11.0046, 7, 4.0382, 15, 5, 12, 4.0001, 6, 3.655, 3, 1.9956, 23, 31, 28, 14, 0.0818, 0.9153, 1.1467, 2.9864, 2.9403, 5, 5, 3.1296, 13.0054, 0.9999, 1.0002, 1.9385, 4.3114, 4.7345, 8, 8, 7, 5, 0, 87, 18, 41, 26.0004],
      [6.4028, 26, 3, 1, 0.0969, 0.0128, 1.0054, 5, 2.7209, 9.0007, 2.5613, 39, 4.0403, 44, 0.562, 0, 23.0049, 31, 32, 19.9849, 25, 6.1519, 43, 28, 53, 13.9998, 27, 3.3105, 6, 0.0033, 41, 97, 54, 31, 0.604, 1.071, 1.7734, 5.0416, 4.0358, 9, 12, 4.9586, 17.0375, 0.0006, 0.9998, 0.9972, 2.2161, 2.6546, 41, 33, 35, 35, 2.3645, 401, 43, 90, 68.0005],
      [14.009, 20, 20.9998, 20, 8.1304, 10.9942, 21.9954, 25, 6.7484, 8, 3.2883, 45, 15.2917, 41, 0.906, 0, 80.995, 79, 35.9962, 20.9808, 28, 5.3463, 46, 9, 59, 16.0001, 59, 10.7848, 38, 5.9985, 76, 95, 66, 34, 1.1859, 1.9121, 2.9218, 12.9765, 21.0196, 31, 35, 18.9949, 72.9732, 6.9995, 15.9999, 8.0321, 4.3076, 8.2056, 42, 39, 31, 20, 0.6355, 661, 99, 182, 69.9986],
      [0.7953, 3, 1.0001, 1, 0.0409, 0.0074, 0.0016, 1, 0.3886, 1.0009, 0.2667, 5, 1.0275, 4, 0, 0, 2.0014, 6, 3, 4.0297, 7, 0.4636, 3, 2, 5, 1, 5, 0.2497, 3, 0.0025, 6, 13, 8, 7, 0.1283, 0.1016, 0.1581, 0.9955, 1.0042, 2, 2, 1.9169, 4.9839, 0, 4.9883e-06, 0.0322, 0.1649, 0.4053, 4, 5, 4, 2, 0, 55, 11, 18, 4.0005]
    ],
    [
      [5.7841, 7, 15.9996, 15, 6.3868, 8.9818, 6.0007, 12, 2.5733, 3.9959, 3.7826, 19, 5.7782, 13, 0.7522, 1.4073, 10.9961, 21, 8.9885, 7.9877, 12, 1.5389, 14, 5, 13, 5.9999, 17, 5.6147, 20, 5.9952, 21, 43, 22, 15, 0.3411, 3.858, 2.7842, 7.9884, 6.9832, 12, 8, 5.8598, 16, 3.9998, 5.9991, 4.9828, 1.5656, 2.8041, 11, 11, 10, 7, 0, 265, 64, 92, 15.9993],
      [20.7682, 77, 34.999, 24, 1.7662, 11.9868, 13.9929, 34, 10.0285, 23.9933, 17.2437, 76, 13.7917, 73.9999, 1.043, 1.7719, 15.999, 25, 52.9809, 18.9104, 52, 4.6602, 52, 31, 62, 29.9998, 104, 10.2934, 48, 15.978, 43, 140, 44, 39, 3.3827, 13.7328, 5.115, 20.9195, 14.9775, 36, 34, 16.9009, 28.9678, 14.9989, 15.9992, 16.9172, 1.2578, 2.1173, 72, 59, 67, 60, 0, 1241, 174, 212, 47.9993],
      [47.0323, 60, 189.0014, 473, 84.5881, 143.0354, 219.0082, 158, 35.3626, 21.0092, 29.2057, 87, 41.3198, 67, 2.2049, 3.8209, 51.003, 65, 59.0191, 18.109, 56, 4.3344, 53, 11, 68, 34.0004, 218, 33.1359, 290, 186.0327, 75, 135, 53, 41, 11.412, 25.4183, 12.4898, 56.1019, 70.0404, 117, 92, 63.2019, 113.0054, 225.0024, 247.0022, 129.191, 3.0454, 7.8282, 72, 68, 57, 34, 0, 2043, 392, 422, 49.0014],
      [3.4154, 10, 10, 28, 3.2589, 8.996, 8.9982, 9, 3.0356, 4.0016, 2.768, 11, 3.1103, 7, 0, 0, 1.0018, 5, 5.0115, 2.9929, 14, 0.4665, 4, 2, 6, 2.9999, 18, 1.956, 23, 8.9941, 6, 19, 6, 8, 0.8642, 1.9909, 0.611, 3.9902, 4.9989, 10, 7, 6.0374, 8.0268, 12.9989, 5.9995, 11.909, 0.1312, 0.2504, 7, 9, 9, 4, 0, 171, 45, 43, 3]
    ],
    [
      [6.4116, 23, 4.0002, 1, 0.6802, 0.0065, 0.0016, 4, 2.2554, 10.0046, 3.9038, 35, 3.4022, 37, 0.5502, 1.5927, 10.0072, 20, 26.0229, 16.0155, 21, 7.097, 47, 29, 35, 15, 17, 3.2353, 6, 0.0045, 38, 98, 40, 32, 0.2854, 3.0019, 2.7141, 6.0245, 2.0423, 8, 8, 2.0483, 10.9946, 0.0003, 0.0003, 0.9746, 4.3894, 2.7416, 38, 27, 33, 45, 0, 294, 40, 86, 37.0001],
      [24.6254, 253, 12.0006, 3, 0.8216, 2.9806, 0.9988, 12, 7.2146, 67.0003, 23.9564, 154, 9.1154, 221.0001, 1.1216, 2.2281, 13.9965, 27, 151.9771, 35.0537, 94, 21.3994, 162, 214, 176, 69.0003, 104, 8.1367, 19, 2.0024, 73, 315, 82, 83, 4.3062, 14.2666, 8.6678, 21.0267, 9.9411, 26, 33, 9.9987, 18.9893, 2.0003, 2.0003, 4.0331, 3.2196, 2.4624, 236, 135, 220, 422, 1.6355, 1383, 109, 199, 108],
      [46.9578, 202, 56.9993, 37, 7.4501, 15.0054, 16.9979, 60, 20.44, 59.9945, 30.9922, 177, 24.4613, 205, 1.3282, 3.1791, 48.9953, 66, 172.9962, 38.9557, 102, 16.2543, 171, 74, 195, 84.9997, 220, 19.5178, 99, 25.9905, 137, 308, 99, 90, 9.3087, 22.6055, 10.8991, 53.9317, 34.9953, 88.9999, 92, 33.9042, 79.0214, 16.9989, 22.9986, 31.8866, 5.0481, 5.5574, 238, 162, 191, 243, 0.3645, 2279, 246, 400, 113.0001],
      [3.0052, 36, 2.9999, 2, 0.0482, 0.0075, 0.0017, 3, 2.0901, 12.0006, 3.1476, 23, 2.0212, 22, 0, 0, 1.0009, 5, 16.0038, 6.9751, 25, 2.2493, 14, 15, 17, 8.0001, 19, 1.1102, 7, 1.0026, 11, 43, 12, 18, 1.0998, 2.126, 0.719, 4.0172, 2.0213, 7, 7, 3.0487, 5.9946, 1.0004, 0.0008, 2.1057, 0.3429, 0.2385, 23, 21, 29, 33, 0, 191, 28, 41, 6.9998]
    ],
    [
      [0.7979, 2, 2, 9.0392e-11, 0.1129, 0.0008, 5.3094e-06, 2, 0.7655, 0.9995, 0.1139, 5, 0.023, 4, 0.1656, 0, 2.0005, 3, 2.9924, 1.9931, 4, 0.709, 4, 1, 3, 2, 2, 0.2909, 3, 0.0022, 7, 11, 5, 4, 0.0839, 0.1012, 0.4126, 1.9974, 0.021, 4, 2, 0.9586, 2.9893, 0, 0.0001, 0.0613, 0.5842, 0.5746, 4, 3, 2, 2, 0, 54, 5, 15, 2.0004],
      [3.7962, 25, 6.0001, 2, 0.2843, 0.0128, 0.004, 5, 3.3125, 6.006, 3.4229, 23, 0.0703, 26, 0.2734, 0, 1.9997, 4, 19.0076, 4.0154, 21, 1.5863, 15, 12, 19, 9, 15, 1.2563, 9, 1.0067, 14, 36, 12, 12, 0.4592, 2.8339, 0.7219, 7.0064, 1.0124, 11, 10, 3.043, 5.0107, 0.9998, 0.0002, 2.0074, 0.3667, 0.5785, 26, 15, 18, 25, 0, 258, 13, 34, 7.9997],
      [12.4102, 21, 29.9999, 32, 7.5577, 12.992, 7.9974, 28, 9.3637, 6.9937, 7.8336, 28, 1.8869, 25, 0.5609, 0, 9.0006, 12, 21.0115, 5.9663, 26, 2.3957, 17, 6, 23, 11.9999, 35, 5.404, 58, 18.9836, 27, 37, 16, 14, 1.357, 6.9708, 1.8044, 21.9828, 8.9622, 40, 30, 14.9965, 21.0107, 15.9999, 12.9998, 22.9627, 1.0054, 1.7853, 26, 19, 18, 16, 0, 426, 32, 71, 9],
      [0.9957, 4, 1, 1, 0.0451, 0.9944, 0.9985, 2, 0.5583, 1.0008, 0.6296, 3, 0.0198, 3, 0, 0, 0.9991, 1.9801e-06, 2.9885, 0.0253, 6, 0.309, 1, 1, 1, 2, 3, 0.0488, 4, 0.0074, 3, 4, 1, 3, 0.0999, 0.0941, 0.0611, 1.0135, 0.0044, 4, 2, 1.0018, 1.9893, 0.0003, 1, 1.9686, 0.0437, 0.0616, 2, 2, 3, 2, 0, 36, 3, 7, 0.9999]
    ],
    [
      [1.2136, 2, 1.0002, 3.5308e-10, 0.0883, 0.0254, 0.0001, 1, 0.2638, 1.0017, 0.3159, 4, 1.1561, 3, 0, 0, 1.9974, 3, 2.9924, 1.9992, 5, 0.617, 4, 2, 3, 1, 2, 0.2041, 2, 0.0025, 5, 12, 3, 5, 0.2079, 0.1237, 0.9424, 0.0033, 0.0133, 1, 1, 0.0037, 3.0107, 2.3366e-06, 0.0004, 0.0428, 1.1494, 0.1452, 3, 3, 2, 2, 0, 37, 9, 15, 2.9998],
      [4.4074, 29, 4.0003, 1, 0.031, 0.007, 0.9988, 3, 0.7235, 8.9997, 2.8158, 20, 2.9824, 19, 0, 0, 1.9999, 5, 17.0344, 5.0357, 23, 2.2022, 16, 17, 15, 7.0001, 16, 1.003, 6, 0.0096, 9, 38, 7, 14, 2.248, 2.0956, 2.7219, 2.0059, 2.0331, 4, 5, 2.0988, 4.9946, 0.0003, 0.0005, 0.0451, 0.9398, 0.1871, 21, 18, 18, 23, 0, 177, 26, 34, 10.0005],
      [9.5907, 23, 22.9995, 25, 4.2738, 8.973, 16.0011, 14, 2.0853, 8.0025, 6.6801, 23, 11.0403, 18, 0, 0, 9.006, 12, 18.9771, 4.9881, 25, 1.6692, 17, 6, 17, 7.9999, 34, 4.1576, 40, 11.9946, 18, 37, 9, 16, 5.7364, 4.0933, 4.8849, 6.0072, 9.9824, 15, 16, 10.9024, 20.9893, 10.9993, 8.9994, 6.9276, 1.5935, 0.6235, 22, 21, 15, 13, 0, 292, 60, 69, 9.9999],
      [1.7884, 6, 2, 3, 0.6069, 1.9947, 1.9999, 2, 0.9274, 2.9961, 1.1882, 5, 1.8213, 4, 0, 0, 1.9967, 3, 2.9962, 2.977, 7, 0.5117, 4, 2, 3, 1.9999, 4, 1.6353, 5, 2.9934, 3, 7, 3, 5, 0.8078, 1.6875, 0.4508, 1.9837, 2.9712, 3, 3, 2.9951, 2.0054, 2.0004, 0.9997, 2.9845, 0.3173, 0.0442, 3, 4, 4, 4, 0, 26, 9, 9, 1.9998]
    ]
  ],
  "V_est": [
    [515.5911, 1489.6135, 2412.6277, 211.1677],
    [936.7287, 3383.4928, 7420.9635, 612.815],
    [1244.4087, 5419.1772, 7314.0355, 743.3786],
    [175.7516, 753.0947, 1396.1953, 121.9584],
    [151.5199, 652.6218, 1107.178, 182.6803]
  ],
  "p_est": [
    [0.1114, 0.3218, 0.5212, 0.0456],
    [0.0758, 0.2739, 0.6007, 0.0496],
    [0.0845, 0.3681, 0.4968, 0.0505],
    [0.0718, 0.3078, 0.5706, 0.0498],
    [0.0724, 0.3117, 0.5287, 0.0872]
  ],
  "EI_Z": {},
  "EI_V": 32.4915,
  "MAE_Z": {},
  "MAE_V": 1177.6535,
  "MAE_p": 0.1433,
  "runtime": 0.3885
}
