{
  "X": [
    [40, 87, 251, 33],
    [31, 69, 129, 15],
    [32, 113, 229, 63],
    [4, 11, 3, 0],
    [6, 65, 50, 11],
    [16, 128, 64, 13],
    [21, 280, 73, 28],
    [68, 652, 438, 86],
    [19, 237, 97, 36],
    [7, 6, 9, 4],
    [16, 47, 49, 9],
    [22, 83, 62, 6],
    [27, 145, 149, 17],
    [2, 6, 4, 1],
    [17, 38, 47, 4],
    [2, 2, 4, 1],
    [2, 2, 4, 0],
    [2, 9, 6, 2],
    [5, 24, 15, 1],
    [2, 11, 7, 1],
    [10, 91, 60, 13],
    [3, 35, 24, 4],
    [17, 134, 203, 40],
    [35, 173, 272, 51],
    [23, 182, 323, 55],
    [27, 180, 207, 36],
    [29, 169, 219, 41],
    [73, 338, 428, 69],
    [40, 168, 222, 45],
    [23, 98, 291, 48],
    [25, 203, 195, 52],
    [36, 303, 390, 72],
    [6, 82, 139, 44],
    [19, 79, 132, 38],
    [24, 176, 263, 33],
    [55, 276, 354, 99],
    [16, 150, 192, 37],
    [6, 95, 136, 31],
    [26, 68, 70, 15],
    [14, 98, 123, 23],
    [2, 25, 17, 4],
    [33, 137, 172, 40],
    [75, 275, 295, 74],
    [12, 63, 51, 18],
    [39, 228, 266, 61],
    [22, 279, 187, 44],
    [26, 194, 195, 39],
    [41, 231, 209, 61],
    [35, 200, 175, 27],
    [101, 388, 439, 83],
    [39, 168, 223, 29],
    [95, 243, 430, 70],
    [50, 274, 337, 71],
    [62, 234, 303, 75],
    [22, 121, 193, 39],
    [33, 112, 251, 41],
    [50, 189, 235, 50],
    [0, 4, 9, 0],
    [1, 7, 6, 1],
    [8, 49, 30, 7],
    [31, 107, 150, 36],
    [16, 66, 114, 24],
    [18, 167, 143, 40],
    [7, 54, 47, 11],
    [27, 208, 135, 49],
    [3, 6, 5, 2],
    [30, 116, 102, 24],
    [11, 148, 79, 27],
    [13, 65, 94, 10],
    [18, 134, 138, 20],
    [254, 1589, 1776, 305],
    [50, 248, 280, 55],
    [313, 1042, 976, 268],
    [38, 96, 85, 21]
  ],
  "W": [
    [68, 178, 114, 25, 26],
    [41, 93, 76, 20, 14],
    [67, 156, 142, 34, 38],
    [5, 2, 11, 0, 0],
    [12, 34, 68, 7, 11],
    [23, 36, 132, 17, 13],
    [20, 70, 283, 10, 19],
    [116, 292, 694, 63, 79],
    [32, 68, 248, 20, 21],
    [7, 4, 13, 0, 2],
    [23, 27, 58, 2, 11],
    [38, 38, 86, 4, 7],
    [63, 81, 155, 26, 13],
    [4, 4, 5, 0, 0],
    [19, 34, 46, 3, 4],
    [2, 1, 4, 0, 2],
    [2, 2, 4, 0, 0],
    [4, 6, 8, 1, 0],
    [4, 15, 23, 2, 1],
    [2, 7, 11, 1, 0],
    [9, 36, 107, 8, 14],
    [10, 14, 37, 2, 3],
    [36, 150, 155, 23, 30],
    [38, 215, 207, 35, 36],
    [41, 238, 218, 43, 43],
    [60, 129, 209, 31, 21],
    [59, 130, 209, 30, 30],
    [135, 258, 410, 54, 51],
    [72, 150, 197, 27, 29],
    [40, 237, 123, 30, 30],
    [64, 124, 224, 28, 35],
    [76, 280, 330, 68, 47],
    [17, 109, 100, 27, 18],
    [31, 98, 97, 25, 17],
    [38, 199, 190, 45, 24],
    [80, 250, 314, 59, 81],
    [37, 133, 164, 40, 21],
    [13, 98, 109, 29, 19],
    [44, 39, 81, 7, 8],
    [22, 95, 115, 14, 12],
    [5, 14, 28, 0, 1],
    [54, 120, 139, 30, 39],
    [114, 216, 315, 28, 46],
    [24, 31, 70, 10, 9],
    [74, 200, 251, 21, 48],
    [28, 122, 298, 43, 41],
    [46, 131, 208, 39, 30],
    [68, 148, 255, 40, 31],
    [80, 91, 209, 22, 35],
    [178, 248, 467, 45, 73],
    [74, 142, 199, 20, 24],
    [175, 257, 307, 46, 53],
    [107, 210, 322, 32, 61],
    [102, 199, 271, 41, 61],
    [37, 137, 145, 28, 28],
    [59, 151, 152, 52, 23],
    [79, 166, 215, 26, 38],
    [3, 2, 4, 3, 1],
    [1, 5, 7, 0, 2],
    [12, 17, 50, 8, 7],
    [63, 94, 118, 17, 32],
    [31, 76, 76, 18, 19],
    [47, 88, 180, 30, 23],
    [19, 27, 64, 4, 5],
    [29, 92, 242, 22, 34],
    [3, 3, 5, 4, 1],
    [51, 71, 125, 10, 15],
    [31, 40, 161, 16, 17],
    [27, 56, 76, 15, 8],
    [34, 92, 152, 23, 9],
    [434, 1277, 1724, 259, 230],
    [94, 213, 258, 31, 37],
    [435, 768, 1155, 85, 156],
    [64, 50, 107, 3, 16]
  ],
  "method": "mult",
  "cond_prob": [
    [
      [0.49425909553, 0.018413913881, 0.46330259228, 0.024024398309],
      [0.0095991897753, 0.013631958181, 0.90183284445, 0.074936007598],
      [0.021257588585, 0.83188805393, 0.1067722564, 0.040082101081],
      [4.8228323647e-05, 0.028719949681, 0.90919262617, 0.062039195827],
      [0.017390388553, 0.060492735239, 0.45174375116, 0.47037312505]
    ],
    [
      [0.58142635578, 0.020029428165, 0.38097979524, 0.01756442081],
      [0.013593672951, 0.018004811011, 0.90178995335, 0.066611562689],
      [0.023604628425, 0.86500760456, 0.083483895431, 0.027903871586],
      [6.8128909273e-05, 0.037849142195, 0.90708000725, 0.055002721643],
      [0.0252025945, 0.081777232762, 0.4614725326, 0.43154764013]
    ],
    [
      [0.44637888613, 0.02183373332, 0.48691604937, 0.044871331184],
      [0.0077918234935, 0.014528025077, 0.85191115598, 0.12576899545],
      [0.016117150265, 0.82683325296, 0.09420280937, 0.062846787406],
      [3.9398329468e-05, 0.0308026358, 0.86436200015, 0.10479596572],
      [0.0109122626, 0.049832426311, 0.32986885169, 0.6093864594]
    ],
    [
      [0.73241181925, 0.022300652863, 0.24528752788, 0],
      [0.021264176783, 0.029746090126, 0.94898973309, 0],
      [0.022317578711, 0.93310207523, 0.044580346058, 0],
      [0.00010427054387, 0.061484079038, 0.93841165042, 0],
      [0.064720485826, 0.22240580709, 0.71287370708, 0]
    ],
    [
      [0.4563985347, 0.028281106078, 0.48612557148, 0.029194787748],
      [0.0078331445221, 0.019508632539, 0.88750741643, 0.085150806513],
      [0.012724703058, 0.8778977364, 0.076091108419, 0.033286452121],
      [3.9064587918e-05, 0.040844396415, 0.88913228579, 0.069984253204],
      [0.013035964109, 0.079505749709, 0.40509200167, 0.50236628451]
    ],
    [
      [0.56307015811, 0.025791625331, 0.38906441187, 0.022073804688],
      [0.012453624684, 0.022224252546, 0.8850198701, 0.080302252674],
      [0.018034839845, 0.88594437374, 0.067989613203, 0.028031173216],
      [6.2192890907e-05, 0.046559335085, 0.88730283974, 0.066075632285],
      [0.021023388609, 0.091870118964, 0.41109408968, 0.47601240275]
    ],
    [
      [0.6560372113, 0.026235353357, 0.28970650399, 0.028020931357],
      [0.018276531363, 0.028377870433, 0.82557772087, 0.12776787733],
      [0.020976769864, 0.89317403034, 0.05045533304, 0.035393866755],
      [9.1978262158e-05, 0.059901576316, 0.83402821995, 0.10597822547],
      [0.024059205536, 0.091458234079, 0.29973586209, 0.5847466983]
    ],
    [
      [0.48561956865, 0.026898774329, 0.46125487689, 0.026226780131],
      [0.0094144127771, 0.019753464025, 0.88977164474, 0.081060478458],
      [0.015246972337, 0.87583194842, 0.077181444648, 0.031739634597],
      [4.703282177e-05, 0.041370251442, 0.89184280168, 0.066739914055],
      [0.016147461357, 0.082962381554, 0.42244998752, 0.47844016957]
    ],
    [
      [0.51595715878, 0.029589049918, 0.41296830685, 0.041485484452],
      [0.010261371279, 0.022665164007, 0.8331201543, 0.13395331041],
      [0.014475128997, 0.87728500437, 0.062625671013, 0.045614195623],
      [5.1615825313e-05, 0.047812389378, 0.8410980166, 0.1110379782],
      [0.013479452126, 0.072901091035, 0.30197818612, 0.61164127072]
    ],
    [
      [0.64916346739, 0.0076392707636, 0.30812109662, 0.03507616523],
      [0.014606709408, 0.00742598395, 0.8300068697, 0.14796043694],
      [0.047380552032, 0.70905278304, 0.13065006776, 0.11291659718],
      [7.5109013569e-05, 0.016073685322, 0.8591237422, 0.12472746347],
      [0.016486660031, 0.020584147273, 0.24367783415, 0.71925135855]
    ],
    [
      [0.54155242587, 0.018386275837, 0.41985031702, 0.020210981273],
      [0.011255691138, 0.014944694837, 0.90430348154, 0.069496132485],
      [0.022935281641, 0.84591632832, 0.097072315037, 0.034076075002],
      [5.6476445381e-05, 0.031465911523, 0.91104741571, 0.05743019632],
      [0.020731563668, 0.067438565338, 0.45632925167, 0.45550061932]
    ],
    [
      [0.5264343058, 0.025652105068, 0.4331690805, 0.014744508633],
      [0.010964508147, 0.020584648658, 0.9184164535, 0.0500343897],
      [0.017116503212, 0.88812821845, 0.075950355747, 0.018804922589],
      [5.4488323745e-05, 0.042907936263, 0.91609463943, 0.040942935983],
      [0.022305762695, 0.10258149328, 0.51366872139, 0.36144402264]
    ],
    [
      [0.42432931772, 0.027500032711, 0.52521933814, 0.022951311435],
      [0.0073252013474, 0.018115951539, 0.91079532848, 0.063763518631],
      [0.012861093656, 0.87481588444, 0.085305055982, 0.027017965925],
      [3.6466186871e-05, 0.037816389038, 0.90985285422, 0.052294290556],
      [0.013938546637, 0.084425513011, 0.47853990092, 0.42309603943]
    ],
    [
      [0.59390783112, 0.031323763002, 0.33103061125, 0.043737794624],
      [0.010179563081, 0.026255949571, 0.79287340791, 0.17069107944],
      [0.010529440493, 0.91268395616, 0.037694721077, 0.039091882274],
      [5.1244864288e-05, 0.055902301955, 0.80548583834, 0.13856061484],
      [0.0046516829645, 0.029641170537, 0.090978577054, 0.87472856944]
    ],
    [
      [0.62503844809, 0.016695804002, 0.34675455978, 0.011511188131],
      [0.015851038106, 0.016696359256, 0.91863148036, 0.04882112228],
      [0.029258904797, 0.85973448251, 0.089369381699, 0.021637230996],
      [7.9439261651e-05, 0.035121202291, 0.92452180649, 0.04027755196],
      [0.032665477585, 0.084311472382, 0.51878982325, 0.36423322678]
    ],
    [
      [0.6777549282, 0.0054915670849, 0.30722079533, 0.009532709379],
      [0.0096671024273, 0.0053040638181, 0.94425844747, 0.040770386287],
      [0.039822145065, 0.77275575184, 0.14873209714, 0.038690005953],
      [4.8168836859e-05, 0.011236472834, 0.95536942537, 0.033345932961],
      [0.021889013597, 0.02967357221, 0.474332299, 0.47410511519]
    ],
    [
      [0.70024933199, 0.0056630656534, 0.29408760236, 0],
      [0.010779966293, 0.0059990600944, 0.98322097361, 0],
      [0.040947664591, 0.81431868354, 0.14473365187, 0],
      [5.331017274e-05, 0.012617832038, 0.98732885779, 0],
      [0.043863795711, 0.060335530312, 0.89580067398, -0]
    ],
    [
      [0.58356114173, 0.03018484351, 0.32940099167, 0.056853023087],
      [0.0099579045729, 0.024955452198, 0.75449303322, 0.21059361],
      [0.011496320787, 0.89064733591, 0.0422512708, 0.055605072505],
      [5.0545682551e-05, 0.053478579867, 0.77235369731, 0.17411717714],
      [0.0065626895466, 0.04045822051, 0.12927667434, 0.8237024156]
    ],
    [
      [0.75017697104, 0.017610489414, 0.22616423821, 0.0060483013322],
      [0.024147478229, 0.026391382816, 0.91052379176, 0.038937347191],
      [0.029068904262, 0.90363469857, 0.056187014113, 0.011109383053],
      [0.00012015688427, 0.05530721882, 0.91268890271, 0.031883721581],
      [0.049430286145, 0.1323177446, 0.50184679301, 0.31640517624]
    ],
    [
      [0.75367774681, 0.015690420452, 0.21629626243, 0.014335570311],
      [0.017663297925, 0.022746273178, 0.86725777674, 0.092332652154],
      [0.023296464665, 0.89324941968, 0.055481664994, 0.027972450664],
      [8.8207252143e-05, 0.048080373993, 0.87631293523, 0.075518483528],
      [0.022181512843, 0.069991234233, 0.28304965201, 0.62477760091]
    ],
    [
      [0.5954820699, 0.017794492876, 0.36759525716, 0.019128180058],
      [0.013549338767, 0.016395654642, 0.89561808814, 0.074436918453],
      [0.025533020241, 0.8514793862, 0.089205637149, 0.033781956413],
      [6.8050223532e-05, 0.03457070807, 0.90372403865, 0.06163720306],
      [0.024131511173, 0.071481001164, 0.43787513723, 0.46651235044]
    ],
    [
      [0.34402673956, 0.031540564978, 0.59347453356, 0.030958161899],
      [0.0047583466981, 0.017922965855, 0.90231001426, 0.075008673186],
      [0.0083224250914, 0.87871539155, 0.081622400797, 0.031339782563],
      [2.3645148321e-05, 0.037415453148, 0.90123889755, 0.06132200415],
      [0.0082751655103, 0.076367102726, 0.4249732439, 0.49038448786]
    ],
    [
      [0.41904010872, 0.02513547233, 0.5216148557, 0.034209563254],
      [0.0070193562305, 0.016194161674, 0.8839242045, 0.092862277593],
      [0.013447402518, 0.85312652519, 0.090462438057, 0.042963634231],
      [3.5184010546e-05, 0.034042444463, 0.88920895908, 0.076713412448],
      [0.011456888142, 0.064729236798, 0.39870934563, 0.52510452943]
    ],
    [
      [0.57929189312, 0.01826867264, 0.37757285216, 0.024866582079],
      [0.013352694496, 0.016158858846, 0.87785620443, 0.092632242224],
      [0.025367313828, 0.8429179626, 0.089199028351, 0.042515695225],
      [6.7359398748e-05, 0.034183723873, 0.88872956611, 0.077019350614],
      [0.021684103333, 0.064258024853, 0.39426706406, 0.51979080776]
    ],
    [
      [0.4432853271, 0.022894610863, 0.50407944757, 0.029740614469],
      [0.0077931814248, 0.015422687693, 0.89242089314, 0.084363237739],
      [0.015608016131, 0.84793907433, 0.095627344497, 0.040825565037],
      [3.9069311949e-05, 0.032422425618, 0.89782985125, 0.069708653823],
      [0.013352645492, 0.064707954053, 0.42297019886, 0.4989692016]
    ],
    [
      [0.41859443934, 0.025021695244, 0.52337597775, 0.03300788766],
      [0.0070694848478, 0.016125800221, 0.88716512432, 0.089639590614],
      [0.013622877078, 0.85332256404, 0.091338685436, 0.041715873449],
      [3.5424774955e-05, 0.03388228721, 0.89206717826, 0.074015109752],
      [0.011730874613, 0.065529488233, 0.40687623282, 0.51586340433]
    ],
    [
      [0.43008308464, 0.02217756245, 0.51623084169, 0.031508511221],
      [0.0073946346205, 0.014552909889, 0.89094569007, 0.087106765416],
      [0.015545887075, 0.84014149695, 0.10007969958, 0.044232916398],
      [3.7112981465e-05, 0.030626131309, 0.89729468513, 0.072042070577],
      [0.012512796659, 0.060305828231, 0.41669711691, 0.5104842582]
    ],
    [
      [0.46209844911, 0.021754625853, 0.48893550624, 0.027211418791],
      [0.0085153339049, 0.015180610257, 0.89636703315, 0.079937022689],
      [0.017313815255, 0.84581005189, 0.09758838919, 0.039287743668],
      [4.2707874476e-05, 0.031918258695, 0.90197059567, 0.066068437761],
      [0.014957994532, 0.065300147621, 0.43578061881, 0.48396123904]
    ],
    [
      [0.48357801662, 0.022542059373, 0.46122939773, 0.032650526282],
      [0.0091646424463, 0.01626841977, 0.87529801161, 0.099268926177],
      [0.01739704375, 0.84826868357, 0.088814756431, 0.045519516246],
      [4.609451322e-05, 0.034308029207, 0.88337282187, 0.082273054415],
      [0.014439037989, 0.062770844695, 0.38125844396, 0.54153167335]
    ],
    [
      [0.46890379528, 0.020548822223, 0.47919966599, 0.031347716507],
      [0.0085765551294, 0.014426344848, 0.88429645379, 0.092700646228],
      [0.018035793785, 0.83540599656, 0.099467210292, 0.047090999359],
      [4.3140782185e-05, 0.030432811242, 0.89267218823, 0.076851859748],
      [0.014081377161, 0.058010624877, 0.40155219033, 0.52635580763]
    ],
    [
      [0.39482047552, 0.02863865559, 0.53334960983, 0.04319125906],
      [0.0063778252784, 0.017637672093, 0.86392996742, 0.11205453521],
      [0.011312137598, 0.85880433867, 0.081872737907, 0.048010785829],
      [3.2013128413e-05, 0.037120853952, 0.8701616239, 0.092685509018],
      [0.0094320001384, 0.063876584339, 0.35313268022, 0.5735587353]
    ],
    [
      [0.42875160966, 0.027329197596, 0.5099269026, 0.033992290137],
      [0.0074113108936, 0.017962943391, 0.88056419276, 0.094061552953],
      [0.013007781848, 0.86434270915, 0.082747584272, 0.039901924725],
      [3.7107732908e-05, 0.037707819582, 0.88463901409, 0.07761605859],
      [0.011965897395, 0.071018931436, 0.39345559903, 0.52355957214]
    ],
    [
      [0.34397739052, 0.027653493625, 0.56352063649, 0.064848479364],
      [0.0048820554995, 0.01542095054, 0.82720901437, 0.1524879796],
      [0.0095519533506, 0.83216071598, 0.08630645591, 0.07198087476],
      [2.4694159043e-05, 0.032728676623, 0.8401007975, 0.12714583172],
      [0.0060876764084, 0.047088243833, 0.2847326351, 0.66209144466]
    ],
    [
      [0.5114524595, 0.020798281679, 0.42286733385, 0.044881924972],
      [0.0098986892985, 0.015560722123, 0.83292550625, 0.14161508233],
      [0.019113641203, 0.82913902185, 0.085765832944, 0.065981504003],
      [5.0232378321e-05, 0.03312293141, 0.84840285141, 0.1184239848],
      [0.012828713688, 0.049394243685, 0.29799110303, 0.6397859396]
    ],
    [
      [0.49243080454, 0.024458906693, 0.4602784833, 0.022831805462],
      [0.0095472355979, 0.018206388931, 0.90065413213, 0.07159224334],
      [0.016600550427, 0.86958324667, 0.083747910651, 0.030068292249],
      [4.7689803457e-05, 0.038138144314, 0.90287521589, 0.058938949996],
      [0.017329149333, 0.080923697251, 0.45207930398, 0.44966784944]
    ],
    [
      [0.53144778479, 0.021945496069, 0.41335971273, 0.033247006408],
      [0.011079994903, 0.017390170502, 0.86062998415, 0.11089985044],
      [0.019757919414, 0.85027921302, 0.082159259015, 0.047803608551],
      [5.5885571925e-05, 0.03677444804, 0.87098191763, 0.092187748762],
      [0.016444143627, 0.063201489673, 0.35346275402, 0.56689161268]
    ],
    [
      [0.40878280618, 0.028120323746, 0.52537492522, 0.037721944852],
      [0.0067306789702, 0.017802088656, 0.87482993168, 0.1006373007],
      [0.011867529203, 0.86288873445, 0.082398426168, 0.04284531018],
      [3.3715397033e-05, 0.037398021598, 0.87949040037, 0.083077862635],
      [0.010496151266, 0.067984257495, 0.3770126233, 0.54450696794]
    ],
    [
      [0.38623819493, 0.027399740825, 0.54381320499, 0.042548859258],
      [0.0059108651602, 0.016622662096, 0.86861874656, 0.10884772618],
      [0.01101666465, 0.8537562648, 0.086288744864, 0.048938325689],
      [2.9649120031e-05, 0.034990744175, 0.87496205823, 0.090017548476],
      [0.0088843784407, 0.061173858607, 0.36027842886, 0.5696633341]
    ],
    [
      [0.52003850667, 0.021188492329, 0.42578563401, 0.032987366989],
      [0.010425408766, 0.01631756321, 0.86586404274, 0.10739298528],
      [0.019541820242, 0.84590015035, 0.086077435909, 0.0484805935],
      [5.2568186304e-05, 0.034510112339, 0.87626819588, 0.089169123597],
      [0.015581310431, 0.059744078065, 0.35603333672, 0.56864127479]
    ],
    [
      [0.49628476998, 0.022186951159, 0.45020450381, 0.031323775043],
      [0.0094106985321, 0.016400395848, 0.87650288561, 0.097686020005],
      [0.017703759506, 0.85012648426, 0.087847173989, 0.044322582241],
      [4.7302058311e-05, 0.034582936447, 0.88445245697, 0.080917304523],
      [0.014871921505, 0.063469157781, 0.3821446018, 0.53951431891]
    ],
    [
      [0.42070648391, 0.027227022069, 0.50841092107, 0.043655572952],
      [0.0059195417139, 0.017088226035, 0.85928379932, 0.11770843293],
      [0.010563166923, 0.86134160595, 0.078289979753, 0.049805247377],
      [2.9666610302e-05, 0.036036458156, 0.86692872101, 0.097005154227],
      [0.0079299243974, 0.056066715448, 0.30919308346, 0.62681027669]
    ],
    [
      [0.5269876396, 0.025455897427, 0.41851065415, 0.029045808821],
      [0.010918580366, 0.020162710913, 0.87199571624, 0.096922992479],
      [0.017174264425, 0.87273903369, 0.073262555111, 0.03682414677],
      [5.4750349563e-05, 0.042397345699, 0.87745572882, 0.080092175129],
      [0.017144012243, 0.07753809364, 0.37835893069, 0.52695896343]
    ],
    [
      [0.54093181028, 0.021923328707, 0.4035081584, 0.033636702607],
      [0.011522368705, 0.017705423691, 0.85639183282, 0.11438037478],
      [0.020197022053, 0.85101269287, 0.080334884386, 0.04845540069],
      [5.8162176031e-05, 0.037468505201, 0.86732938362, 0.095143949002],
      [0.016784189723, 0.063158263947, 0.34513995708, 0.57491758924]
    ],
    [
      [0.48485401435, 0.025833671571, 0.4403643675, 0.04894794658],
      [0.008811484189, 0.018323032963, 0.82603487724, 0.14683060561],
      [0.014799221725, 0.8524927531, 0.073352496416, 0.059355528764],
      [4.456465973e-05, 0.038882291053, 0.83876625098, 0.12230689331],
      [0.010984167703, 0.055951738075, 0.28274866604, 0.65031542818]
    ],
    [
      [0.46821980678, 0.025435984278, 0.47271368671, 0.033630522227],
      [0.0086535114538, 0.017888540946, 0.87386285543, 0.099595092175],
      [0.015172852741, 0.86066837955, 0.081959764016, 0.042199003695],
      [4.3427129862e-05, 0.037639484797, 0.87994894641, 0.082368141664],
      [0.013563371539, 0.068662025594, 0.3788378763, 0.53893672656]
    ],
    [
      [0.52734709645, 0.025019236843, 0.420742826, 0.026890840705],
      [0.010875741154, 0.019879882404, 0.87925182779, 0.089992548651],
      [0.017409655006, 0.87259446132, 0.075196422664, 0.034799461009],
      [5.4473973284e-05, 0.041758411263, 0.88388984554, 0.074297269221],
      [0.017724188732, 0.079324982283, 0.39601900555, 0.50693182344]
    ],
    [
      [0.48337487952, 0.025988415272, 0.46044605791, 0.030190647297],
      [0.0091690608953, 0.018876211532, 0.87957230045, 0.092382427119],
      [0.01536348139, 0.86850114724, 0.078747347382, 0.03738802399],
      [4.5923135113e-05, 0.039644482464, 0.884057699, 0.076251895398],
      [0.014826820097, 0.074746967551, 0.39312006399, 0.51730614836]
    ],
    [
      [0.51779474999, 0.024596042315, 0.41653798845, 0.041071219248],
      [0.010405369196, 0.018827715136, 0.83833963318, 0.13242728249],
      [0.017232296406, 0.85555671038, 0.074228000551, 0.052982992661],
      [5.2566564015e-05, 0.039880281989, 0.84982237842, 0.11024477303],
      [0.013940482915, 0.061770087893, 0.31055469771, 0.61373473148]
    ],
    [
      [0.42839250297, 0.028104749527, 0.52068655177, 0.022816195739],
      [0.0074798507336, 0.018668269361, 0.90999986289, 0.063852017018],
      [0.012804584495, 0.87761349182, 0.083179279432, 0.026402644257],
      [3.7222078563e-05, 0.038950897843, 0.90865483199, 0.052357048087],
      [0.014224885753, 0.086945733649, 0.47813461447, 0.42069476612]
    ],
    [
      [0.48191484665, 0.021367131977, 0.46958849688, 0.027129524495],
      [0.0092219474931, 0.01546143559, 0.89268450215, 0.082632114764],
      [0.018422653889, 0.84617222559, 0.095497812443, 0.039907308073],
      [4.6293999274e-05, 0.032537219199, 0.89905799708, 0.068358489722],
      [0.015934843098, 0.065422641234, 0.4269357538, 0.49170676187]
    ],
    [
      [0.46027143012, 0.022349776919, 0.49431033454, 0.023068458422],
      [0.0084446815877, 0.015611227116, 0.9080517853, 0.067892305995],
      [0.016816438438, 0.85389736411, 0.09663184828, 0.032654349175],
      [4.2234492374e-05, 0.032736732522, 0.91127155817, 0.055949474814],
      [0.015843647544, 0.071729756747, 0.47092905378, 0.44149754193]
    ],
    [
      [0.47527265032, 0.020089342563, 0.47671005465, 0.027927952462],
      [0.0089587094715, 0.014322404646, 0.89289569955, 0.083823186335],
      [0.019069303533, 0.83603066528, 0.10177113308, 0.043128898105],
      [4.5026459208e-05, 0.030177204507, 0.90035329255, 0.069424476479],
      [0.015442624515, 0.060460307493, 0.42598684646, 0.49811022153]
    ],
    [
      [0.42711678202, 0.024002547869, 0.5164665302, 0.032414139902],
      [0.0073650412112, 0.015698423611, 0.8876834506, 0.089253084582],
      [0.014530222504, 0.84918706915, 0.093722549456, 0.042560158889],
      [3.6935736646e-05, 0.033005887243, 0.89319374002, 0.073763436997],
      [0.012292380676, 0.064162044468, 0.40990610107, 0.51363947378]
    ],
    [
      [0.51129421353, 0.022009915423, 0.43433689684, 0.032358974217],
      [0.010260540183, 0.016760702817, 0.8692318107, 0.1037469463],
      [0.018943175453, 0.84888639577, 0.085876396903, 0.046294031874],
      [5.1680473322e-05, 0.035393345485, 0.87844010174, 0.086114872301],
      [0.015795361161, 0.063186508043, 0.3702025429, 0.55081558789]
    ],
    [
      [0.4824137037, 0.021704033772, 0.4641506166, 0.031731645934],
      [0.0090321257396, 0.015626748301, 0.87907211697, 0.096269008987],
      [0.017740518247, 0.84437622121, 0.092222056644, 0.045661203896],
      [4.5420625466e-05, 0.032957074842, 0.8872125558, 0.079784948731],
      [0.014475454275, 0.061333114585, 0.38930560447, 0.53488582667]
    ],
    [
      [0.47054217406, 0.018570535027, 0.47965940918, 0.031227881732],
      [0.008656861325, 0.013044153747, 0.88587868645, 0.092420298474],
      [0.019805275355, 0.82077813417, 0.10834889126, 0.051067699212],
      [4.3616990124e-05, 0.027558999057, 0.89566463932, 0.076732744636],
      [0.014289584286, 0.052733529338, 0.40430477637, 0.52867211]
    ],
    [
      [0.52421968001, 0.022137699242, 0.42403858935, 0.029604031394],
      [0.010804801033, 0.017356775557, 0.87407871149, 0.097759711919],
      [0.019372722288, 0.85447762978, 0.083800221022, 0.042349426913],
      [5.4354591777e-05, 0.036609333724, 0.88229517912, 0.081041132562],
      [0.01706905438, 0.067150049577, 0.38183751583, 0.53394338022]
    ],
    [
      [0, 0.036969967442, 0.96303003256, 0],
      [0, 0.013394617556, 0.98660538244, 0],
      [0, 0.91083431284, 0.08916568716, 0],
      [0, 0.027694869669, 0.97230513033, 0],
      [0, 0.1168038595, 0.8831961405, 0]
    ],
    [
      [0.82718418548, 0.0090004840104, 0.15813073831, 0.0056845921965],
      [0.013146007244, 0.018414604697, 0.9176542438, 0.050785144262],
      [0.020451328835, 0.89528448261, 0.065933153899, 0.018331034658],
      [6.4699059518e-05, 0.038643271622, 0.9199087477, 0.041383281618],
      [0.025392103022, 0.087076677612, 0.4460814071, 0.44144981227]
    ],
    [
      [0.57014847037, 0.025138814239, 0.38014347022, 0.024569245176],
      [0.012231038906, 0.021787094564, 0.87570186595, 0.090280000581],
      [0.01782043104, 0.88379608054, 0.066805101611, 0.031578386809],
      [6.1163016636e-05, 0.045748434778, 0.87983314736, 0.074357254846],
      [0.019393109799, 0.084616897741, 0.37893738415, 0.51705260831]
    ],
    [
      [0.46553288657, 0.024755294093, 0.47577884254, 0.0339329768],
      [0.0085171834264, 0.017284546076, 0.8743468842, 0.099851386298],
      [0.015332132653, 0.85727594272, 0.08398740369, 0.043404520942],
      [4.2764798921e-05, 0.036392746824, 0.88095443859, 0.082610049788],
      [0.013330884053, 0.06626456049, 0.37794203969, 0.54246251577]
    ],
    [
      [0.46725804197, 0.023160551791, 0.47652278551, 0.033058620724],
      [0.0084444470562, 0.016193890418, 0.87785069895, 0.09751096358],
      [0.016031575909, 0.85056372366, 0.088746953405, 0.044657747024],
      [4.2418156184e-05, 0.034123824882, 0.88512250668, 0.08071125028],
      [0.013387001669, 0.062888085176, 0.38383449795, 0.53989041521]
    ],
    [
      [0.3968296937, 0.030201984442, 0.52598978537, 0.046978536488],
      [0.0063836102672, 0.018609382507, 0.85299911523, 0.12200789199],
      [0.010769874113, 0.86274304361, 0.076789705925, 0.049697376356],
      [3.2062840367e-05, 0.039195747444, 0.85979387632, 0.1009783134],
      [0.0089736536485, 0.064063124433, 0.33114474757, 0.59581847435]
    ],
    [
      [0.3737301501, 0.025653381715, 0.55711770073, 0.043498767451],
      [0.0055929857785, 0.015122228001, 0.87060974503, 0.10867504119],
      [0.011254163311, 0.84400775123, 0.092205287992, 0.052532797471],
      [2.8094884553e-05, 0.031878884597, 0.87821540388, 0.089877616637],
      [0.0083138897735, 0.055063740661, 0.35435743153, 0.58226493804]
    ],
    [
      [0.58873436979, 0.020037221776, 0.35818231017, 0.033046098265],
      [0.013662496449, 0.017933967036, 0.84378693296, 0.12461660356],
      [0.023520261339, 0.84717781237, 0.077495005486, 0.051806920809],
      [6.9201568992e-05, 0.0380959285, 0.85780260679, 0.10403226314],
      [0.018915133699, 0.060793757083, 0.3225680396, 0.59772306962]
    ],
    [
      [0.78502596233, 0.018482856688, 0.17030050227, 0.026190678707],
      [0.023447187702, 0.029726606646, 0.76075352958, 0.18607267607],
      [0.021466448977, 0.90551384472, 0.033618977628, 0.039400728675],
      [0.00011917254608, 0.063980042475, 0.78101797276, 0.15488281222],
      [0.0190462425, 0.059578415911, 0.16013547238, 0.76123986921]
    ],
    [
      [0.52737723453, 0.024718173746, 0.41485557962, 0.033049012097],
      [0.010838904923, 0.019449265994, 0.86000606149, 0.10970576759],
      [0.017515823034, 0.86569284557, 0.074019784994, 0.042771546406],
      [5.4513484601e-05, 0.04102158206, 0.86802666996, 0.090897234491],
      [0.015960772467, 0.070146924853, 0.34933105815, 0.56456124453]
    ],
    [
      [0.37550759438, 0.031623007056, 0.54416729278, 0.048702105779],
      [0.0057785030051, 0.018797504238, 0.8532839259, 0.12214006685],
      [0.0096726774345, 0.86512980825, 0.075882167367, 0.049315346944],
      [2.8995717551e-05, 0.039561105717, 0.85942743457, 0.100982464],
      [0.0080948817648, 0.064482815242, 0.32921185648, 0.59821044651]
    ],
    [
      [0.43934212373, 0.023239634257, 0.51610592147, 0.02131232054],
      [0.007608567184, 0.015638503104, 0.91615654007, 0.060596389646],
      [0.015107966422, 0.85925982933, 0.096646445705, 0.028985758548],
      [3.7954596134e-05, 0.032728136294, 0.91744063987, 0.04979326924],
      [0.014856727245, 0.074800591046, 0.49268539854, 0.41765728317]
    ],
    [
      [0.4596627574, 0.02464851883, 0.48756353425, 0.028125189525],
      [0.0082883215179, 0.017129896276, 0.89212772419, 0.082454058021],
      [0.015155299486, 0.86149502346, 0.086977517322, 0.036372159734],
      [4.147568605e-05, 0.035951407166, 0.8960233312, 0.067983785948],
      [0.014180143528, 0.071768999137, 0.4213068555, 0.49274400184]
    ],
    [
      [0.48962944085, 0.025070194457, 0.45789582664, 0.027404538043],
      [0.0095826592525, 0.018497911925, 0.88685375032, 0.085065678501],
      [0.016415408287, 0.86685668746, 0.081481961682, 0.03524594257],
      [4.7986265089e-05, 0.038827667959, 0.89092070488, 0.070203640897],
      [0.016173105366, 0.076446847938, 0.41468638128, 0.49269366541]
    ],
    [
      [0.48739983877, 0.026901584071, 0.4538491837, 0.031849393461],
      [0.0093917702051, 0.019684116501, 0.87278518966, 0.098138923635],
      [0.015150380374, 0.87125918792, 0.075334382474, 0.038256049229],
      [4.7063894416e-05, 0.041355892658, 0.87755504041, 0.081042003034],
      [0.014720714435, 0.075556490309, 0.37844628788, 0.53127650737]
    ],
    [
      [0.57809326206, 0.022145404557, 0.36591680231, 0.033844531079],
      [0.013442962991, 0.019416782857, 0.84228831513, 0.12485193902],
      [0.021678076691, 0.85679834155, 0.072830063266, 0.048693518491],
      [6.7996110093e-05, 0.041167811277, 0.85468876512, 0.10407542749],
      [0.018591713142, 0.065756360341, 0.32267975259, 0.59297217393]
    ],
    [
      [0.53528491248, 0.023160422794, 0.41005058423, 0.031504080501],
      [0.011206794629, 0.018507629943, 0.86403940092, 0.1062461745],
      [0.018891953637, 0.8604514739, 0.077457005887, 0.043199566575],
      [5.6410798895e-05, 0.039066921174, 0.87278558955, 0.088091078476],
      [0.016805213036, 0.067982769292, 0.35706942177, 0.55814259591]
    ]
  ],
  "expected_outcome": [
    [
      [33.609618496, 23.8384805872, 29.9073853704, 3.6620590963, 5.4767824164, 12.9506136365, 13.120744226, 56.3318699629, 16.5106290809, 4.5441442717, 12.4557057949, 20.0045036204, 26.7327470161, 2.3756313245, 11.8757305137, 1.3555098564, 1.400498664, 2.3342445669, 3.0007078842, 1.5073554936, 5.3593386291, 3.4402673956, 15.0854439139, 22.0130919385, 18.1746984112, 25.1156663606, 25.3749019938, 62.38329063, 34.8176171965, 18.7561518112, 25.2685104335, 32.5851223345, 5.8476156388, 15.8550262445, 18.7123705726, 42.5158227832, 15.1249638286, 5.021096534, 22.8816942934, 10.9182649397, 2.1035324195, 28.4573325383, 61.6662263721, 11.6364963443, 34.6482657018, 14.7657187005, 22.2352444581, 35.2100429991, 34.2714002374, 85.7808427039, 34.0600858286, 83.1727138066, 45.7014956767, 52.1520097796, 17.8493070368, 27.7619882696, 41.4133547211, 0, 0.82718418548, 6.8417816444, 29.3285718537, 14.4849993012, 18.6509956037, 7.1008728519, 17.0732967238, 2.355077887, 26.8962389612, 11.6407354258, 11.8622373407, 15.6285337515, 212.4991773307, 45.8155848446, 251.4705689955, 34.2582343987],
      [1.2521461439, 0.82120655477, 1.4628601324, 0.11150326432, 0.33937327293, 0.59320738261, 0.52470706714, 3.1202578222, 0.94684959738, 0.053474895345, 0.42288434425, 0.97477999259, 1.7325020608, 0.12529505201, 0.31722027605, 0.01098313417, 0.011326131307, 0.12073937404, 0.070441957655, 0.031380840904, 0.16015043589, 0.31540564978, 0.90487700388, 0.69420956032, 0.93867904539, 1.5013017146, 1.3084761845, 2.9368744902, 1.6230282749, 0.8219528889, 1.8328739578, 2.0770190173, 0.47010939162, 0.64474673205, 0.92943845434, 1.7556396855, 1.0404519786, 0.35619663073, 0.93229366249, 0.4881129255, 0.13613511035, 1.3746184611, 2.4992594726, 0.62000811769, 1.8822628366, 0.7005386316, 1.1954671025, 1.6725308774, 2.2483799621, 3.8033494918, 1.653883492, 3.5156349485, 2.568272622, 2.2450113732, 0.80304924956, 1.0956615666, 1.7488782401, 0.11090990233, 0.0090004840104, 0.30166577087, 1.5595835278, 0.71797710551, 1.4194932688, 0.48741425258, 0.58107943151, 0.055448570065, 1.260626861, 0.98031321873, 0.62747012494, 0.83804964021, 10.8804643945, 2.5287489026, 9.6332509825, 1.4822670588],
      [31.5045762752, 15.6201716049, 32.6233753078, 1.2264376394, 5.8335068577, 8.9484814731, 5.7941300797, 53.5055657197, 13.2149858193, 2.1568476763, 9.6565572916, 16.460425059, 33.0888183027, 1.324122445, 6.5883366358, 0.61444159067, 0.58817520471, 1.3176039667, 0.90465695284, 0.43259252485, 3.3083573145, 5.9347453356, 18.7781348051, 14.3477683822, 20.6672573502, 31.4025586652, 30.4576196596, 66.0062933429, 33.2085166363, 19.1679866396, 34.1343750288, 38.7544445978, 9.5798508204, 13.1088873493, 17.4905823655, 33.0687770186, 19.4388722333, 7.0695716649, 18.7345678966, 9.9044990839, 2.5420546054, 22.5995753243, 45.9999300581, 10.5687448201, 34.9808128168, 11.7807991281, 21.1805186637, 28.3245832146, 41.6549241413, 83.5867524442, 36.5789647561, 83.4242595641, 55.2619187318, 44.3023634772, 17.1735728141, 28.2999051416, 33.4990485587, 2.8890900977, 0.15813073831, 4.5617216426, 29.9740670801, 14.7722063508, 24.7215199125, 10.5852363139, 10.387286995, 0.51090150682, 21.1576345608, 16.8691860763, 13.9348598798, 16.5771601645, 198.7267887639, 42.6618232675, 159.1738090028, 26.2432373904],
      [1.633659085, 0.7201412532, 3.0063791894, 0, 0.35033745297, 0.50769750782, 0.56041862714, 3.0423064951, 1.3275355025, 0.24553315661, 0.46485256927, 0.56029132806, 1.4459326204, 0.17495117849, 0.2187125745, 0.019065418758, 0, 0.22741209235, 0.024193205329, 0.028671140622, 0.17215362052, 0.30958161899, 1.2315442772, 0.94493011901, 1.2193651932, 1.9804732596, 1.859002162, 3.6735415368, 2.3508378923, 1.2539086603, 2.7642405799, 2.5834140504, 1.1024241492, 1.3913396741, 0.86760860756, 2.6597605127, 1.3957119595, 0.55313517035, 1.4514441475, 0.68912305095, 0.21827786476, 1.5684736763, 3.8345840972, 1.1747507179, 2.4886586448, 0.75294353973, 1.3887697757, 2.7928429089, 1.8252956591, 4.8290553601, 1.7070659232, 4.8873916808, 3.4683129696, 3.3006153701, 1.1740708995, 1.8424450222, 2.3387184801, 0, 0.0056845921965, 0.29483094211, 2.1377775384, 1.0248172424, 2.207991215, 0.82647658158, 0.9583368497, 0.078572036121, 1.685499617, 1.5097652791, 0.57543265458, 0.95625644386, 11.8935695108, 2.9938429853, 14.7223710192, 2.0162611521]
    ],
    [
      [1.70865578, 1.2642115844, 1.215524465, 0.042528353566, 0.26632691375, 0.44833048864, 1.2793571954, 2.7490085309, 0.69777324699, 0.058426837633, 0.30390366073, 0.41665130958, 0.59334130914, 0.040718252323, 0.5389352956, 0.0096671024273, 0.021559932587, 0.059747427438, 0.36221217344, 0.12364308548, 0.48777619562, 0.066616853774, 1.0529034346, 2.8708293166, 1.8547771791, 0.91196354537, 0.96130250066, 2.1969561475, 1.3746963669, 2.0326435657, 0.79085033452, 2.0751670502, 0.53214404945, 0.97007155125, 1.899899884, 2.7699987257, 0.89518030304, 0.5792647857, 0.40659094188, 0.89401636055, 0.082873583994, 1.3102296439, 2.4888316403, 0.27315600986, 1.7307022908, 1.3268404208, 1.2011469773, 1.5399946409, 0.68066641676, 2.2870429783, 1.1991447855, 2.3023883342, 1.5466586543, 2.0418474965, 1.2374012263, 1.3071860601, 1.7935969715, 0, 0.06573003622, 0.20792766141, 0.80061524208, 0.64177797627, 0.56175770351, 0.15101061602, 1.2569496733, 0.070341563106, 0.76956224956, 0.2311401202, 0.42607976231, 0.76252557965, 12.2370558654, 2.0004470537, 10.3241955773, 0.56033973143],
      [2.4264885561, 1.674447424, 2.266371912, 0.059492180252, 0.66329350633, 0.80007309167, 1.9864509303, 5.7680114954, 1.5412311525, 0.0297039358, 0.4035067606, 0.78221664901, 1.4673920747, 0.10502379828, 0.56767621471, 0.0053040638181, 0.011998120189, 0.14973271319, 0.39587074224, 0.15922391225, 0.5902435671, 0.25092152198, 2.4291242512, 3.474154652, 3.670599671, 2.0802282285, 1.8918782855, 3.9165974464, 2.4402629655, 3.4190437291, 2.1870713395, 5.0296241495, 1.6808836089, 1.524950768, 3.6230713973, 4.3475426256, 2.3676777912, 1.6290208854, 0.63638496517, 1.5580376056, 0.23923516448, 2.4195253095, 3.8243715172, 0.56801402186, 3.5777081891, 2.4253456533, 2.4727837107, 2.7865018402, 1.6988125118, 3.8344360264, 2.2167942505, 3.6808579941, 3.2966689584, 3.3353798605, 2.1408645173, 1.9696672158, 2.8812247425, 0.026789235112, 0.092073023486, 0.37038060759, 1.6247473311, 1.2307356718, 1.6376256606, 0.40830015602, 1.6499249673, 0.089179819937, 1.3808978856, 0.75190016952, 0.87575617383, 1.5759504574, 23.6218335277, 4.1927168147, 14.912089234, 0.92538149717],
      [160.5262463113, 83.8664656615, 132.8981403326, 1.8979794662, 30.1752521585, 31.8607153234, 57.790440461, 259.8133202641, 56.6521704926, 3.3200274788, 24.4161940016, 34.8998252328, 73.7744216071, 3.1714936316, 31.2334703322, 0.94425844747, 1.9664419472, 4.5269581993, 13.6578568765, 6.0708044372, 32.242251173, 12.6323401996, 132.5886306754, 188.7390839533, 212.3961725681, 114.4443010369, 115.8229397097, 231.2626945525, 131.294701741, 209.5782595492, 107.1273159604, 246.5579739735, 90.1657825658, 81.6266996122, 179.2301722941, 215.1574960378, 116.352380913, 85.1246371631, 33.768697667, 83.2677741334, 12.0299731905, 104.6394859491, 184.9806358902, 25.6070811943, 174.7725710852, 107.2687229904, 115.2239713595, 124.0742657107, 82.8099875228, 221.385756534, 128.9433535128, 229.4741947836, 186.4135246251, 172.9771303287, 120.4328800251, 133.7676816546, 145.0970661074, 1.9732107649, 4.588271219, 14.8869317211, 82.1886071148, 66.7166531199, 75.0639221405, 23.5064631157, 77.6283978322, 2.2822605887, 61.0604303658, 34.1313570361, 51.3047662437, 82.075750625, 1132.5122391606, 185.9032453974, 646.8774260206, 43.2019700462],
      [13.3386093525, 6.1948753301, 19.6199632904, 0, 2.8951274214, 2.8908810963, 8.9437514133, 23.6696597097, 9.1088251079, 0.59184174776, 1.8763955771, 1.9013068086, 5.1648450091, 0.68276431777, 1.6599181575, 0.040770386287, 0, 1.26356166, 0.58406020787, 0.64632856508, 2.6797290643, 1.0501214246, 13.9293416389, 19.9159320781, 20.0784505818, 11.5635071892, 11.3238795041, 20.6237518537, 14.8903389265, 21.970053156, 13.8947623655, 26.3372348267, 16.6211897759, 13.8782780685, 14.2468564246, 27.7249626109, 13.3847609928, 10.6670771658, 4.188326426, 9.2801719005, 1.6479180611, 11.6307590975, 24.7061609523, 4.551748774, 19.9190184349, 10.9790909354, 12.1020979525, 19.5992378081, 5.8105335486, 20.4927644614, 9.6407074512, 21.5425588881, 18.7431477622, 20.6456423143, 13.1888542312, 13.9554650695, 16.2281121786, 0, 0.25392572131, 1.5347600099, 9.386030312, 7.4108332321, 10.7366944954, 2.9342261122, 11.4647275272, 0.55821802821, 7.789109499, 4.8856026742, 3.3933978202, 7.5857733379, 108.6288714463, 20.9035907342, 95.8862891681, 5.3123087252]
    ],
    [
