{
  "Z_true": {},
  "V_true": [
    [17, 33, 2186, 228],
    [945, 468, 331, 42],
    [830, 5021, 634, 192],
    [156, 65, 22520, 588],
    [218, 637, 1100, 410]
  ],
  "p_true": [
    [0.0069, 0.0134, 0.8872, 0.0925],
    [0.5291, 0.262, 0.1853, 0.0235],
    [0.1243, 0.752, 0.095, 0.0288],
    [0.0067, 0.0028, 0.9653, 0.0252],
    [0.0922, 0.2693, 0.4651, 0.1734]
  ],
  "Z_est": [
    [
      [1.2723, 0.6361, 0.1479, 0.8917, 0.3551, 0.9024, 0.0888, 1.2575, 0.2219, 0.429, 1.1687, 1.1243, 0.5918, 0.124, 2.2191, 0, 0.5474, 0.2219, 0.3846, 0.7397, 0.932, 0.8285, 0, 0.2663, 0.0888, 1.4054, 0.5474, 0.5178, 1.2427, 0.2811, 0.1036, 2.0416, 0, 0.2367, 0.0444, 2.1307, 0.9616, 0.4438, 0.5622, 0.1775, 0.6805, 0.429, 0.0444, 2.2635, 0.3107, 3.8317, 0.4734],
      [0.5702, 0.4992, 0.1272, 0.356, 0.1633, 7.3306, 0.0128, 1.0753, 0.1551, 0.249, 0.8947, 0.4418, 0.2806, 0.0153, 1.0881, 0, 0.1858, 0.3843, 0.2751, 0.2725, 1.5816, 0.3417, 0, 0.0051, 0.0611, 0.2673, 0.4576, 0.2496, 0.4557, 0.2114, 0.0433, 0.5582, 0, 0.1017, 0.0026, 0.1547, 0.739, 0.3587, 0.6377, 0.15, 0.1482, 0.1782, 0.0864, 1.4764, 0.2516, 1.2696, 0.1806],
      [84.3943, 89.8924, 16.9722, 76.3655, 47.391, 98.1257, 3.7312, 71.4477, 13.9958, 11.7784, 56.386, 145.0365, 74.8244, 0.819, 81.0132, 0, 28.0124, 53.0522, 52.9987, 44.0226, 75.0995, 82.1921, 0, 1.645, 8.4738, 38.5711, 33.4897, 42.3511, 67.2911, 39.7513, 5.6023, 119.09, 0, 10.2016, 0.953, 26.4602, 154.4838, 37.525, 25.6293, 9.2544, 50.9134, 26.222, 1.7856, 213.7686, 14.7687, 147.2505, 19.4679],
      [3.7632, 3.9722, 0.7526, 3.3868, 2.0906, 4.6412, 0.1673, 3.2196, 0.6272, 0.5436, 2.5506, 6.3974, 3.3032, 0.0418, 3.6795, 0, 1.2544, 2.3415, 2.3415, 1.9652, 3.3868, 3.6377, 0, 0.0836, 0.3763, 1.7561, 1.5053, 1.8816, 3.0105, 1.7561, 0.2509, 5.3102, 0, 0.4599, 0, 1.2544, 6.8155, 1.6725, 1.1708, 0.4181, 2.2579, 1.1708, 0.0836, 9.4915, 0.669, 6.6483, 0.8781]
    ],
    [
      [65.283, 30.1928, 8.526, 22.4597, 15.4152, 48.7996, 2.8047, 60.5491, 12.789, 17.052, 62.509, 59.9613, 28.7241, 3.8298, 105.2669, 2.4436, 29.5641, 12.7305, 19.2584, 35.9052, 46.5138, 43.2501, 1.9865, 4.754, 5.1156, 69.1993, 22.6462, 26.9075, 53.1451, 15.9947, 4.6929, 107.2279, 0, 12.6902, 1.7575, 11.2506, 45.6973, 24.9712, 26.6023, 8.8131, 31.1718, 19.7476, 2.4482, 115.5508, 17.9046, 169.6394, 25.539],
      [0.2719, 0.1718, 0.657, 0.0473, 0.0316, 0.1616, 0.0086, 0.3625, 2.3238, 0.0355, 0.3396, 0.2362, 0.123, 0.0112, 0.4599, 0.0264, 1.3275, 0.1138, 0.1022, 0.1372, 0.1612, 0.1736, 0.0056, 0.011, 0.2776, 0.211, 0.0473, 0.1263, 0.1104, 0.0846, 0.0099, 0.3697, 0, 0.0553, 0.0787, 0.0237, 0.2566, 0.1379, 0.1939, 0.0519, 0.0967, 0.0795, 0.0244, 0.5802, 0.3112, 0.353, 0.1057],
      [6.2287, 0.6368, 2.16, 0.0546, 0.0364, 7.2834, 0.0068, 2.3078, 1.9328, 0.041, 8.2159, 8.3577, 1.684, 0.0091, 4.1287, 1.53, 4.6646, 1.8928, 1.3071, 2.3133, 3.6598, 5.1, 0.0079, 0.0114, 1.2771, 5.4899, 0.0546, 8.398, 0.1274, 2.9638, 0.0114, 14.1397, 0, 3.5189, 0.1638, 0.0273, 0.939, 4.4129, 0.5003, 0.5011, 0.1475, 0.2251, 0.1818, 11.0124, 3.5854, 0.4072, 7.0291],
      [4.2164, 1.9985, 0.657, 1.4384, 0.5168, 2.7554, 0.1798, 3.7806, 0.9544, 0.8715, 3.9354, 3.4448, 1.4688, 0.1499, 5.1445, 0, 1.4438, 1.2629, 1.3323, 1.6443, 2.6652, 2.4763, 0, 0.2237, 0.3297, 3.0997, 1.2519, 1.5682, 2.6171, 0.9569, 0.2858, 5.2627, 0, 0.7356, 0, 0.6985, 3.1072, 1.478, 1.7035, 0.6339, 1.584, 0.9477, 0.3456, 6.8566, 1.1988, 8.6003, 1.3262]
    ],
    [
      [8.352, 5.354, 0.8843, 3.8851, 3.3834, 5.3945, 0.5802, 10.5699, 1.3265, 6.6674, 6.9864, 6.7211, 4.3095, 0.0213, 16.3324, 0.2653, 3.2721, 1.3265, 2.2993, 5.6287, 6.3718, 4.9524, 1.319, 6.6628, 0.5306, 12.2252, 5.707, 3.0952, 14.2799, 1.6803, 0.7465, 14.0103, 0.9318, 1.415, 0.1075, 3.3722, 5.7483, 2.653, 3.3605, 1.0612, 7.5706, 3.8008, 0.2653, 13.5306, 1.8571, 49.0042, 2.8299],
      [196.8076, 174.845, 42.625, 100.5876, 57.0775, 61.9958, 4.3958, 360.4006, 43.7978, 86.3108, 296.2184, 152.9853, 95.3642, 2.589, 373.5103, 5.1401, 62.4108, 129.6166, 93.0372, 94.3006, 90.0952, 113.9924, 2.6619, 1.8315, 20.2444, 92.7879, 155.7714, 86.4237, 158.64, 69.5629, 14.5325, 192.3045, 0, 35.0914, 0.8824, 44.2966, 254.4974, 122.5286, 219.8738, 51.7802, 49.5019, 58.2504, 32.1274, 504.7437, 85.578, 439.479, 63.084],
      [7.8238, 17.4903, 2.1004, 5.8924, 6.9106, 0.8229, 0.1666, 20.1931, 0.5283, 6.2801, 8.0122, 12.033, 2.0495, 0.0305, 15.0553, 0.5946, 1.1622, 8.1914, 19.6063, 11.388, 1.148, 6.4243, 0.019, 0.3678, 1.4173, 3.7083, 5.97, 12.6139, 10.9252, 5.4068, 0.3088, 25.2886, 0.0682, 2.3007, 0.0102, 3.2223, 29.5297, 13.6908, 15.3542, 9.392, 18.1686, 0.6807, 1.5068, 27.5855, 4.502, 35.1604, 11.94],
      [33.0166, 21.3108, 5.3903, 13.6349, 13.6285, 12.7868, 1.8573, 39.8363, 6.3474, 6.7417, 33.783, 21.2606, 7.2768, 0.3593, 28.1021, 0, 4.1549, 16.8655, 13.0572, 5.6827, 15.3849, 15.6309, 0, 1.1378, 1.8077, 12.2786, 9.5516, 6.8672, 18.1549, 5.3501, 2.4122, 23.3966, 0, 4.193, 0, 6.1089, 32.2246, 10.1275, 18.4115, 7.7666, 10.7589, 4.268, 5.1005, 57.1403, 10.0629, 59.3564, 4.1461]
    ],
    [
      [0.3008, 0.7076, 0.035, 1.2579, 2.443, 0.2134, 2.3677, 0.7623, 0.0525, 1.5314, 0.2763, 0.2658, 1.3385, 0.4508, 6.0476, 0.0105, 0.1294, 0.0525, 0.0909, 2.4421, 3.29, 0.1959, 0.312, 0.991, 0.021, 5.3725, 1.9169, 0.1224, 7.0795, 0.0665, 0.2602, 1.9718, 0.0682, 0.056, 0.0906, 3.0039, 0.2273, 0.1049, 0.1329, 0.042, 1.6933, 0.5925, 0.0105, 0.5351, 0.0734, 10.3715, 0.1119],
      [0.4473, 0.3914, 0.4094, 0.2297, 2.1412, 1.3, 0.169, 19.0798, 6.5936, 1.4089, 12.3746, 0.3455, 1.7317, 1.2092, 3.3259, 0.0374, 1.1369, 1.3261, 0.2157, 0.2137, 0.2077, 0.2676, 0.009, 0.004, 0.1227, 0.2097, 4.4148, 0.1957, 0.3575, 0.7012, 0.0339, 0.4373, 0, 0.5728, 0.0364, 0.0998, 0.5791, 0.7886, 3.9535, 0.1178, 0.1158, 1.3928, 0.0679, 8.4848, 0.8287, 0.9965, 0.1418],
      [830.7359, 977.5572, 205.1144, 564.7333, 571.7741, 679.23, 58.5522, 680.2392, 122.0837, 122.8038, 629.6891, 1131.9682, 590.0459, 5.2503, 970.4366, 16.9521, 237.6572, 678.5876, 688.6377, 544.8191, 545.5285, 813.4957, 1.679, 19.7359, 49.4078, 278.4592, 340.605, 284.0671, 675.0644, 355.8867, 54.5781, 1164.5672, 4.9318, 179.3093, 22.873, 143.9834, 1553.75, 336.0432, 310.5944, 159.2807, 542.2216, 372.8486, 44.6249, 2139.0356, 289.0122, 1604.9308, 400.7595],
      [21.516, 5.3439, 1.4412, 3.7791, 3.6416, 7.2566, 0.9111, 8.9187, 5.2702, 1.2559, 10.6599, 8.4205, 1.8839, 0.0897, 6.1899, 0, 1.0765, 5.0339, 3.0557, 1.525, 12.9739, 4.0409, 0, 0.2691, 0.4485, 2.9586, 2.0633, 1.6147, 3.4986, 1.3456, 1.1277, 5.0236, 0, 1.062, 0, 2.9128, 7.4436, 2.0633, 3.3192, 1.5595, 2.9692, 1.1662, 3.2967, 10.9444, 4.0857, 21.7012, 0.9868]
    ],
    [
      [10.7919, 6.1095, 0.4068, 5.5056, 2.4033, 5.6901, 0.1586, 11.8612, 0.6101, 3.3202, 8.0596, 7.9275, 5.0361, 1.5741, 20.134, 0.2806, 3.487, 0.6686, 3.9667, 5.2843, 5.8923, 6.7732, 0.3824, 5.3259, 0.2441, 6.7976, 6.1825, 4.357, 8.2529, 0.9775, 1.1968, 12.7485, 0, 1.6022, 0, 2.2426, 12.3655, 1.827, 7.3421, 1.9061, 4.8837, 4.4301, 0.2317, 21.1201, 0.8542, 26.1532, 3.0458],
      [25.903, 20.0925, 6.1813, 13.7794, 4.5864, 12.212, 0.4138, 42.0818, 8.1297, 9.9958, 42.1726, 18.9912, 12.5004, 2.1754, 49.6157, 0.7961, 7.939, 19.5593, 14.3697, 12.0761, 11.9543, 19.2247, 0.3235, 0.1484, 3.2942, 11.5241, 19.3088, 11.0047, 19.4364, 12.4398, 2.3805, 25.3302, 0, 4.1788, 0, 5.4252, 33.9279, 17.1862, 26.3411, 6.9001, 8.1374, 10.099, 1.6939, 64.7149, 12.0304, 56.9019, 7.4879],
      [32.8172, 16.4233, 7.6531, 22.9542, 4.8879, 28.5379, 0.5431, 29.8123, 6.4594, 9.0968, 43.6967, 19.6046, 18.3962, 1.8912, 81.3662, 0.9233, 9.5036, 21.2759, 34.4502, 17.457, 12.5642, 51.7879, 0.2941, 6.24, 9.424, 10.7714, 24.8806, 15.57, 21.5919, 18.9913, 5.4994, 34.9145, 0, 3.6696, 0, 5.3067, 54.2975, 19.3282, 28.9218, 11.5718, 17.5489, 21.0236, 1.9008, 79.5978, 7.1318, 74.2511, 7.8035],
      [22.4878, 12.3746, 4.7589, 9.7608, 6.1225, 13.56, 0.8846, 22.2447, 4.8007, 4.5872, 22.0711, 14.4767, 7.0673, 0.3593, 25.884, 0, 4.0704, 10.4962, 10.2133, 6.1827, 11.5892, 14.2142, 0, 1.2857, 2.0377, 7.9069, 8.628, 6.0683, 11.7189, 5.5913, 1.9234, 17.0068, 0, 2.5495, 0, 4.0255, 22.4092, 7.6587, 12.395, 4.622, 7.4299, 5.4473, 3.1736, 37.5672, 5.9835, 39.6938, 3.6628]
    ]
  ],
  "V_est": [
    [34.1695, 24.345, 2302.5003, 102.9852],
    [1559.2812, 10.8855, 128.6843, 87.149],
    [262.649, 5394.5793, 393.0415, 626.7303],
    [59.4898, 79.2244, 22994.1413, 196.1444],
    [250.4104, 714.9658, 952.6327, 446.9911]
  ],
  "p_est": [
    [0.0139, 0.0099, 0.9345, 0.0418],
    [0.8731, 0.0061, 0.0721, 0.0488],
    [0.0393, 0.8079, 0.0589, 0.0939],
    [0.0026, 0.0034, 0.9856, 0.0084],
    [0.1059, 0.3023, 0.4028, 0.189]
  ],
  "EI_Z": {},
  "EI_V": 6.1089,
  "MAE_Z": {},
  "MAE_V": 223.7143,
  "MAE_p": 0.0628,
  "runtime": 1.2714
}
