{
  "Z_true": {},
  "V_true": [
    [8, 98, 499, 532],
    [944, 2106, 696, 119],
    [395, 6539, 667, 431],
    [211, 511, 15704, 492],
    [46, 687, 319, 716],
    [93, 289, 620, 316]
  ],
  "p_true": [
    [0.007, 0.0862, 0.4389, 0.4679],
    [0.2442, 0.5449, 0.1801, 0.0308],
    [0.0492, 0.8141, 0.083, 0.0537],
    [0.0125, 0.0302, 0.9282, 0.0291],
    [0.026, 0.3886, 0.1804, 0.405],
    [0.0706, 0.2193, 0.4704, 0.2398]
  ],
  "Z_est": [
    [
      [0, 11.4325, 7.6665, 2.8245, 3.6315, 4.035, 3.6315, 2.2865, 2.959, 3.497, 3.0935, 2.69, 3.9005, 9.5495, 0, 0.538, 4.4385, 3.9005, 1.076, 3.497, 4.7075, 0, 0.1345, 6.8595, 4.573, 0, 0.269, 12.643, 8.339, 3.228, 4.7075, 0, 0.1345, 0, 18.1575, 4.304, 1.4795, 7.9355, 0.807],
      [0, 20.298, 13.6116, 5.0148, 6.4476, 7.164, 6.4476, 4.0596, 5.2536, 6.2088, 5.4924, 4.776, 6.9252, 16.9548, 0, 0.9552, 7.8804, 6.9252, 1.9104, 6.2088, 8.358, 0, 0.2388, 12.1788, 8.1192, 0, 0.4776, 22.4472, 14.8056, 5.7312, 8.358, 0, 0.2388, 0, 32.238, 7.6416, 2.6268, 14.0892, 1.4328],
      [0, 23.715, 15.903, 5.859, 7.533, 8.37, 7.533, 4.743, 6.138, 7.254, 6.417, 5.58, 8.091, 19.809, 0, 1.116, 9.207, 8.091, 2.232, 7.254, 9.765, 0, 0.279, 14.229, 9.486, 0, 0.558, 26.226, 17.298, 6.696, 9.765, 0, 0.279, 0, 37.665, 8.928, 3.069, 16.461, 1.674],
      [0, 29.5545, 19.8189, 7.3017, 9.3879, 10.431, 9.3879, 5.9109, 7.6494, 9.0402, 7.9971, 6.954, 10.0833, 24.6867, 0, 1.3908, 11.4741, 10.0833, 2.7816, 9.0402, 12.1695, 0, 0.3477, 17.7327, 11.8218, 0, 0.6954, 32.6838, 21.5574, 8.3448, 12.1695, 0, 0.3477, 0, 46.9395, 11.1264, 3.8247, 20.5143, 2.0862]
    ],
    [
      [0.1628, 28.9784, 28.0016, 13.6752, 16.6056, 21.4896, 7.0004, 5.698, 9.768, 8.14, 12.8612, 12.3728, 14.8148, 23.4432, 0.4884, 6.3492, 21.0012, 16.7684, 14.9776, 33.8624, 19.2104, 1.1396, 1.4652, 38.258, 37.1184, 0.1628, 1.1396, 11.7216, 23.4432, 10.4192, 26.862, 0.1628, 1.1396, 0.6512, 63.9804, 14.652, 12.6984, 57.3056, 11.2332],
      [0.5116, 91.0648, 87.9952, 42.9744, 52.1832, 67.5312, 21.9988, 17.906, 30.696, 25.58, 40.4164, 38.8816, 46.5556, 73.6704, 1.5348, 19.9524, 65.9964, 52.6948, 47.0672, 106.4128, 60.3688, 3.5812, 4.6044, 120.226, 116.6448, 0.5116, 3.5812, 36.8352, 73.6704, 32.7424, 84.414, 0.5116, 3.5812, 2.0464, 201.0588, 46.044, 39.9048, 180.0832, 35.3004],
      [0.2016, 35.8848, 34.6752, 16.9344, 20.5632, 26.6112, 8.6688, 7.056, 12.096, 10.08, 15.9264, 15.3216, 18.3456, 29.0304, 0.6048, 7.8624, 26.0064, 20.7648, 18.5472, 41.9328, 23.7888, 1.4112, 1.8144, 47.376, 45.9648, 0.2016, 1.4112, 14.5152, 29.0304, 12.9024, 33.264, 0.2016, 1.4112, 0.8064, 79.2288, 18.144, 15.7248, 70.9632, 13.9104],
      [0.124, 22.072, 21.328, 10.416, 12.648, 16.368, 5.332, 4.34, 7.44, 6.2, 9.796, 9.424, 11.284, 17.856, 0.372, 4.836, 15.996, 12.772, 11.408, 25.792, 14.632, 0.868, 1.116, 29.14, 28.272, 0.124, 0.868, 8.928, 17.856, 7.936, 20.46, 0.124, 0.868, 0.496, 48.732, 11.16, 9.672, 43.648, 8.556]
    ],
    [
      [0.0668, 14.4622, 11.0554, 5.0768, 6.3126, 8.851, 6.68, 4.342, 4.4422, 7.1142, 11.7902, 6.9138, 5.4108, 8.3834, 0.2672, 1.7034, 8.35, 3.4068, 6.3126, 9.6526, 8.2498, 0.1002, 0.5678, 9.9866, 12.191, 0.1002, 0.7014, 8.7508, 12.525, 6.0788, 10.7548, 0.0334, 0.2338, 0.3006, 32.4314, 5.5778, 3.9746, 22.879, 2.2378],
      [1.7162, 371.5573, 284.0311, 130.4312, 162.1809, 227.3965, 171.62, 111.553, 114.1273, 182.7753, 302.9093, 177.6267, 139.0122, 215.3831, 6.8648, 43.7631, 214.525, 87.5262, 162.1809, 247.9909, 211.9507, 2.5743, 14.5877, 256.5719, 313.2065, 2.5743, 18.0201, 224.8222, 321.7875, 156.1742, 276.3082, 0.8581, 6.0067, 7.7229, 833.2151, 143.3027, 102.1139, 587.7985, 57.4927],
      [0.1242, 26.8893, 20.5551, 9.4392, 11.7369, 16.4565, 12.42, 8.073, 8.2593, 13.2273, 21.9213, 12.8547, 10.0602, 15.5871, 0.4968, 3.1671, 15.525, 6.3342, 11.7369, 17.9469, 15.3387, 0.1863, 1.0557, 18.5679, 22.6665, 0.1863, 1.3041, 16.2702, 23.2875, 11.3022, 19.9962, 0.0621, 0.4347, 0.5589, 60.2991, 10.3707, 7.3899, 42.5385, 4.1607],
      [0.0928, 20.0912, 15.3584, 7.0528, 8.7696, 12.296, 9.28, 6.032, 6.1712, 9.8832, 16.3792, 9.6048, 7.5168, 11.6464, 0.3712, 2.3664, 11.6, 4.7328, 8.7696, 13.4096, 11.4608, 0.1392, 0.7888, 13.8736, 16.936, 0.1392, 0.9744, 12.1568, 17.4, 8.4448, 14.9408, 0.0464, 0.3248, 0.4176, 45.0544, 7.7488, 5.5216, 31.784, 3.1088]
    ],
    [
      [0.2074, 10.7116, 15.2012, 2.5132, 5.7462, 4.2334, 1.8666, 1.5616, 2.2448, 2.4766, 3.9284, 1.952, 6.0146, 15.1158, 0.0976, 0.9272, 4.27, 2.3912, 2.9646, 4.7702, 4.0748, 0.2196, 0.5002, 7.2224, 5.1972, 0.1342, 0.5246, 12.1634, 19.3126, 9.0402, 4.3676, 0.1952, 0.549, 0.2928, 29.7558, 4.6238, 2.5254, 15.0792, 1.4274],
      [0.3689, 19.0526, 27.0382, 4.4702, 10.2207, 7.5299, 3.3201, 2.7776, 3.9928, 4.4051, 6.9874, 3.472, 10.6981, 26.8863, 0.1736, 1.6492, 7.595, 4.2532, 5.2731, 8.4847, 7.2478, 0.3906, 0.8897, 12.8464, 9.2442, 0.2387, 0.9331, 21.6349, 34.3511, 16.0797, 7.7686, 0.3472, 0.9765, 0.5208, 52.9263, 8.2243, 4.4919, 26.8212, 2.5389],
      [16.1619, 834.7146, 1184.5722, 195.8442, 447.7797, 329.8929, 145.4571, 121.6896, 174.9288, 192.9921, 306.1254, 152.112, 468.6951, 1177.9173, 7.6056, 72.2532, 332.745, 186.3372, 231.0201, 371.7237, 317.5338, 17.1126, 38.9787, 562.8144, 404.9982, 10.4577, 40.8801, 947.8479, 1504.9581, 704.4687, 340.3506, 15.2112, 42.7815, 22.8168, 2318.7573, 360.3153, 196.7949, 1175.0652, 111.2319],
      [0.2618, 13.5212, 19.1884, 3.1724, 7.2534, 5.3438, 2.3562, 1.9712, 2.8336, 3.1262, 4.9588, 2.464, 7.5922, 19.0806, 0.1232, 1.1704, 5.39, 3.0184, 3.7422, 6.0214, 5.1436, 0.2772, 0.6314, 9.1168, 6.5604, 0.1694, 0.6622, 15.3538, 24.3782, 11.4114, 5.5132, 0.2464, 0.693, 0.3696, 37.5606, 5.8366, 3.1878, 19.0344, 1.8018]
    ],
    [
      [0, 12.0096, 10.6335, 2.6271, 5.7546, 6.3801, 4.6287, 4.2534, 2.3769, 5.7546, 8.6319, 5.7546, 3.5028, 9.8829, 0, 0.7506, 4.8789, 3.3777, 3.3777, 7.1307, 5.8797, 0.2502, 0.6255, 8.6319, 7.506, 0.1251, 0.7506, 9.2574, 11.8845, 3.8781, 8.3817, 0, 0.2502, 0.3753, 40.1571, 4.5036, 4.0032, 12.51, 0.5004],
      [0, 20.7936, 18.411, 4.5486, 9.9636, 11.0466, 8.0142, 7.3644, 4.1154, 9.9636, 14.9454, 9.9636, 6.0648, 17.1114, 0, 1.2996, 8.4474, 5.8482, 5.8482, 12.3462, 10.1802, 0.4332, 1.083, 14.9454, 12.996, 0.2166, 1.2996, 16.0284, 20.577, 6.7146, 14.5122, 0, 0.4332, 0.6498, 69.5286, 7.7976, 6.9312, 21.66, 0.8664],
      [0, 23.4912, 20.7995, 5.1387, 11.2562, 12.4797, 9.0539, 8.3198, 4.6493, 11.2562, 16.8843, 11.2562, 6.8516, 19.3313, 0, 1.4682, 9.5433, 6.6069, 6.6069, 13.9479, 11.5009, 0.4894, 1.2235, 16.8843, 14.682, 0.2447, 1.4682, 18.1078, 23.2465, 7.5857, 16.3949, 0, 0.4894, 0.7341, 78.5487, 8.8092, 7.8304, 24.47, 0.9788],
      [0, 39.7056, 35.156, 8.6856, 19.0256, 21.0936, 15.3032, 14.0624, 7.8584, 19.0256, 28.5384, 19.0256, 11.5808, 32.6744, 0, 2.4816, 16.1304, 11.1672, 11.1672, 23.5752, 19.4392, 0.8272, 2.068, 28.5384, 24.816, 0.4136, 2.4816, 30.6064, 39.292, 12.8216, 27.7112, 0, 0.8272, 1.2408, 132.7656, 14.8896, 13.2352, 41.36, 1.6544]
    ],
    [
      [0, 11.5456, 15.1536, 3.9688, 8.118, 7.7572, 3.9688, 2.706, 3.2472, 2.3452, 6.4944, 5.2316, 4.8708, 10.6436, 0, 0.7216, 7.7572, 2.1648, 4.1492, 5.5924, 6.8552, 0, 1.0824, 7.7572, 9.5612, 0.3608, 0.3608, 10.2828, 12.628, 6.4944, 7.9376, 0.1804, 0.1804, 0.3608, 35.8996, 5.7728, 2.706, 21.4676, 1.4432],
      [0, 16.3008, 21.3948, 5.6034, 11.4615, 10.9521, 5.6034, 3.8205, 4.5846, 3.3111, 9.1692, 7.3863, 6.8769, 15.0273, 0, 1.0188, 10.9521, 3.0564, 5.8581, 7.8957, 9.6786, 0, 1.5282, 10.9521, 13.4991, 0.5094, 0.5094, 14.5179, 17.829, 9.1692, 11.2068, 0.2547, 0.2547, 0.5094, 50.6853, 8.1504, 3.8205, 30.3093, 2.0376],
      [0, 17.7856, 23.3436, 6.1138, 12.5055, 11.9497, 6.1138, 4.1685, 5.0022, 3.6127, 10.0044, 8.0591, 7.5033, 16.3961, 0, 1.1116, 11.9497, 3.3348, 6.3917, 8.6149, 10.5602, 0, 1.6674, 11.9497, 14.7287, 0.5558, 0.5558, 15.8403, 19.453, 10.0044, 12.2276, 0.2779, 0.2779, 0.5558, 55.3021, 8.8928, 4.1685, 33.0701, 2.2232],
      [0, 18.368, 24.108, 6.314, 12.915, 12.341, 6.314, 4.305, 5.166, 3.731, 10.332, 8.323, 7.749, 16.933, 0, 1.148, 12.341, 3.444, 6.601, 8.897, 10.906, 0, 1.722, 12.341, 15.211, 0.574, 0.574, 16.359, 20.09, 10.332, 12.628, 0.287, 0.287, 0.574, 57.113, 9.184, 4.305, 34.153, 2.296]
    ]
  ],
  "V_est": [
    [152.9265, 271.5156, 317.223, 395.3349],
    [629.222, 1977.334, 779.184, 479.26],
    [268.2688, 6892.2592, 498.7872, 372.6848],
    [206.3996, 367.1206, 16083.9426, 260.5372],
    [221.1768, 382.9488, 432.6296, 731.2448],
    [237.7672, 335.6946, 366.2722, 378.266]
  ],
  "p_est": [
    [0.1345, 0.2388, 0.279, 0.3477],
    [0.1628, 0.5116, 0.2016, 0.124],
    [0.0334, 0.8581, 0.0621, 0.0464],
    [0.0122, 0.0217, 0.9507, 0.0154],
    [0.1251, 0.2166, 0.2447, 0.4136],
    [0.1804, 0.2547, 0.2779, 0.287]
  ],
  "EI_Z": {},
  "EI_V": 6.2137,
  "MAE_Z": {},
  "MAE_V": 171.0722,
  "MAE_p": 0.0688,
  "runtime": 103.863
}
