{
  "Z_true": {},
  "V_true": [
    [778, 16, 48, 21, 593, 34],
    [53, 1341, 191, 563, 915, 102],
    [113, 528, 542, 3366, 602, 237],
    [298, 285, 311, 80, 18379, 325],
    [225, 201, 3399, 576, 808, 197],
    [45, 87, 120, 101, 674, 331]
  ],
  "p_true": [
    [0.5221, 0.0107, 0.0322, 0.0141, 0.398, 0.0228],
    [0.0167, 0.4237, 0.0603, 0.1779, 0.2891, 0.0322],
    [0.021, 0.098, 0.1006, 0.6247, 0.1117, 0.044],
    [0.0151, 0.0145, 0.0158, 0.0041, 0.934, 0.0165],
    [0.0416, 0.0372, 0.6287, 0.1065, 0.1495, 0.0364],
    [0.0331, 0.0641, 0.0884, 0.0744, 0.4963, 0.2437]
  ],
  "Z_est": [
    [
      [4, 6, 2.9793, 2, 2, 1, 4, 2, 2, 2, 3, 0.2105, 0.1624, 0.0776, 5, 6, 6, 8, 5, 4, 5, 3, 6, 4, 5, 3, 4, 4, 6, 2, 2, 0.6271, 0.442, 0.9376, 10, 4, 5, 1.9419],
      [4, 4, 0.0015, 1, 1, 1, 3, 3, 3, 2, 1, 0.0582, 0.0237, 0.0127, 2, 5, 4, 6, 5, 2, 2, 3, 7, 2, 3, 1, 3, 2, 4, 1, 2, 0.0289, 0.0328, 0.0231, 9, 1.7065e-18, 7, 4.4848e-07],
      [5, 5, 0.005, 6.2903e-11, 1.0361e-08, 1, 3, 2, 1, 2, 9.7665e-12, 0.029, 0.0049, 0.0101, 7, 12, 9, 21, 9, 3, 6, 5, 13, 4, 12, 1, 8, 4, 7, 7.2608e-09, 3, 0.0545, 0.17, 0.0059, 25, 1, 6, 8.1624e-07],
      [5, 4, 0.0065, 1, 1, 1, 3, 2, 2, 2, 9.7664e-12, 0.1841, 0.1053, 0.0257, 5, 10, 12, 19, 8, 3, 7, 7, 13, 5, 7, 1, 9, 5, 8, 2.4648e-09, 4, 0.0449, 0.3197, 0.027, 21, 1, 13, 0.0291],
      [46, 58, 1.0027, 2, 2, 6, 22, 13, 16, 12, 10, 0.5183, 1.6661, 0.8587, 41, 37, 40, 41, 44, 22, 12, 20, 62, 28, 43, 7, 21, 18, 44, 6, 10, 1.2392, 0.9543, 1.0063, 128, 8, 45, 3.0291],
      [1, 1, 0.005, 4.8172e-11, 6.1854e-10, 3.4889e-15, 4.5252e-33, 2.6814e-26, 5.1975e-41, 1.4642e-36, 4.2631e-17, 0, 0.0377, 0.0152, 1, 2, 2, 5, 1, 1, 2, 1, 3, 2.9366e-41, 2, 7.9321e-10, 2, 4.1443e-35, 1, 8.8964e-09, 1, 0.0054, 0.0812, 0.0001, 7, 3.4124e-18, 2, 4.0155e-09]
    ],
    [
      [4, 4, 0.0051, 1, 1, 1, 4, 2, 3, 2, 1, 0.3946, 0.2396, 0.0225, 2, 6, 6, 6, 7, 2, 3, 4, 8, 5, 4, 1, 4, 3, 5, 1.0763e-09, 4, 0.0718, 0.1634, 0.9768, 14, 1, 11, 1.0291],
      [6, 2, 1.9822, 7, 7, 8, 9, 9, 16, 7, 4, 0.5473, 1.5585, 0.1586, 6, 14, 6, 10, 16, 5, 6, 10, 15, 9, 5, 4, 7, 10, 11, 1, 3, 1.5947, 0.0678, 1.9378, 21, 6, 31, 6.9709],
      [8, 5, 1.9895, 9, 5, 4, 10, 11, 10, 11, 2, 0.1353, 0.2269, 0.0303, 7, 30, 12, 25, 24, 5, 8, 12, 24, 15, 12, 4, 14, 12, 17, 4, 5, 0.0971, 0.063, 1.0487, 50, 8, 23, 1.0872],
      [8, 3, 1.013, 7, 5, 4, 9, 11, 12, 8, 1, 0.7612, 0.3824, 0.5062, 5, 24, 16, 22, 20, 4, 10, 16, 25, 17, 7, 4, 16, 15, 17, 1.5132e-09, 7, 0.291, 0.1002, 1.9613, 42, 7, 50, 3.0872],
      [67, 43, 2.9953, 21, 13, 26, 62, 50, 93, 50, 21, 2.1616, 4.8776, 1.2269, 46, 86, 53, 49, 111, 33, 17, 49, 116, 90, 45, 17, 36, 53, 93, 10, 16, 2.8935, 0.5284, 10.0303, 255, 34, 173, 25.8256],
      [1, 1, 0.015, 1, 2, 1, 2, 1, 4, 2, 9.7664e-12, 0, 0.7149, 0.0555, 2, 6, 3, 6, 4, 2, 3, 3, 5, 3, 2, 1.4224e-12, 3, 2, 3, 9.998e-09, 1, 0.0518, 0.0771, 0.045, 14, 1, 9, 1.0806e-06]
    ],
    [
      [7, 6, 1.0003, 2, 1, 1, 3, 4, 2, 2, 1.9533e-11, 0.6111, 0.0909, 0.0429, 5, 13, 13, 25, 8, 2, 9, 5, 13, 7, 6, 2, 10, 7, 9, 1.846e-08, 3, 0.1246, 0.301, 0.0074, 22, 1, 16, 0],
      [7, 2, 1.0031, 7, 8, 7, 6, 11, 10, 6, 2, 2.1466, 0.2471, 0.3502, 6, 22, 14, 30, 19, 4, 11, 14, 21, 10, 5, 4, 19, 13, 14, 1.9146e-08, 9, 1.9157, 0.3857, 2.0257, 31, 4, 47, 2.0581],
      [15, 7, 3.9917, 9, 9, 8, 11, 18, 8, 12, 5, 1.1864, 0.5515, 0.194, 18, 61, 31, 105, 34, 8, 26, 25, 43, 25, 24, 8, 54, 24, 28, 2, 12, 2.5291, 0.9654, 1.9227, 81, 10, 37, 3.9128],
      [15, 6, 3.9962, 12, 9, 7, 10, 18, 9, 9, 1, 2.0686, 1.4256, 0.902, 11, 47, 39, 90, 30, 6, 30, 30, 42, 24, 13, 9, 57, 31, 28, 3, 16, 1.8691, 1.5029, 2.0519, 65, 8, 80, 1.9709],
      [116, 64, 7.0034, 29, 21, 35, 57, 80, 63, 51, 23, 6.9873, 2.5295, 3.3484, 92, 168, 130, 197, 153, 41, 51, 89, 193, 129, 78, 33, 130, 100, 147, 11, 38, 10.346, 3.455, 10.9857, 400, 37, 272, 16.029],
      [3, 1, 1.0052, 2, 4, 1, 2, 3, 2, 2, 9.7664e-12, 0, 1.1555, 0.1625, 4, 12, 7, 24, 6, 3, 9, 5, 9, 4, 4, 1, 13, 5, 5, 1.4271e-08, 4, 0.2155, 0.3901, 0.0066, 22, 2, 14, 0.0291]
    ],
    [
      [46, 60, 2.0061, 3, 2, 5, 23, 15, 13, 11, 6, 1.4878, 1.3231, 0.8247, 31, 31, 39, 42, 39, 15, 12, 13, 53, 33, 33, 9, 18, 17, 39, 4, 5, 0.0682, 1.6299, 0.9865, 113, 8, 43, 4.0291],
      [52, 27, 2.0091, 13, 12, 30, 39, 41, 70, 31, 22, 2.8675, 1.9875, 2.2926, 35, 52, 36, 50, 85, 21, 12, 31, 80, 44, 29, 14, 32, 33, 59, 5, 12, 2.9986, 1.3141, 5.9957, 150, 19, 118, 15.971],
      [92, 55, 5.0054, 16, 12, 25, 55, 57, 44, 55, 20, 1.2863, 1.0276, 1.5264, 87, 135, 84, 165, 141, 32, 30, 52, 155, 96, 114, 22, 89, 55, 109, 16, 20, 3.8542, 1.8128, 6.9602, 393, 40, 93, 6.9709],
      [96, 52, 7.99, 20, 15, 28, 56, 65, 54, 46, 16, 4.1864, 4.38, 2.3132, 64, 114, 114, 148, 128, 31, 38, 70, 162, 108, 69, 30, 98, 72, 120, 10, 23, 4.7131, 2.8678, 10.0524, 330, 39, 205, 13.8547],
      [772, 639, 19, 51, 37, 146, 341, 288, 428, 264, 215, 13.172, 22.3082, 16.8834, 502, 396, 372, 321, 676, 219, 63, 199, 738, 563, 413, 113, 225, 245, 618, 109, 56, 21.4231, 9.9411, 48.0098, 1987, 172, 700, 99.2035],
      [19, 16, 2.9895, 4, 6, 6, 14, 10, 18, 12, 8, 0, 2.9735, 1.1597, 23, 29, 21, 39, 29, 15, 11, 12, 37, 19, 23, 5, 23, 12, 24, 8, 6, 0.9428, 1.4343, 0.9953, 111, 9, 37, 1.9709]
    ],
    [
      [7, 7, 1.0019, 1, 1, 1, 4, 4, 2, 2, 1.7061e-19, 0.2146, 0.1801, 0.016, 7, 14, 12, 27, 10, 2, 8, 4, 14, 7, 13, 2, 9, 5, 9, 1, 2, 0.1029, 0.3148, 0.0667, 29, 2, 7, 6.9456e-07],
      [8, 3, 1.0016, 4, 6, 7, 8, 11, 10, 6, 3, 0.2633, 0.1106, 0.0282, 8, 24, 11, 32, 23, 3, 9, 11, 21, 9, 11, 3, 16, 9, 14, 1, 5, 0.297, 0.1053, 0.0176, 39, 5, 20, 1.0291],
      [14, 6, 2.0087, 5, 6, 6, 11, 16, 6, 11, 2, 0.3117, 0.1781, 0.0077, 19, 63, 27, 107, 39, 5, 21, 19, 41, 20, 44, 5, 47, 16, 27, 3, 8, 0.2511, 0.4394, 0.0611, 102, 11, 16, 0.0291],
      [14, 6, 3.0011, 5, 7, 6, 10, 17, 8, 9, 2, 0.7268, 0.6097, 0.055, 13, 52, 37, 95, 34, 4, 25, 25, 42, 22, 26, 7, 51, 21, 29, 2, 13, 0.7611, 0.5695, 1.9043, 84, 10, 35, 2.0581],
      [119, 76, 7.9899, 18, 19, 38, 72, 81, 63, 60, 33, 2.4835, 3.0011, 0.8716, 116, 187, 124, 212, 188, 38, 47, 79, 197, 122, 160, 31, 119, 72, 157, 25, 29, 2.5571, 2.2271, 9.9359, 518, 50, 121, 12.8837],
      [3, 2, 1.9967, 1, 3, 1, 2, 3, 3, 2, 1, 0, 0.9203, 0.0214, 5, 14, 7, 26, 8, 3, 8, 5, 9, 4, 8, 2, 13, 4, 7, 2, 2, 0.0307, 0.3439, 0.0144, 28, 2, 7, 4.9024e-08]
    ],
    [
      [2, 3, 0.0074, 1.0152e-10, 2.858e-10, 2.1403e-19, 1, 1, 1.386e-40, 1.2124e-36, 9.7663e-12, 0.0813, 0.0039, 0.0163, 2, 2, 2, 5, 2, 1, 1, 1, 3, 1, 2, 3.9565e-10, 1, 1, 2, 1.1558e-11, 2.6303e-12, 0.0054, 0.149, 0.025, 7, 6.8314e-18, 3, 2.5764e-07],
      [2, 1, 0.0024, 1, 1, 1, 1, 2, 4, 2, 9.7664e-12, 0.1172, 0.0725, 0.1577, 2, 3, 2, 6, 5, 1, 1, 3, 4, 2, 1, 1.9897e-10, 2, 2, 4, 2.6997e-09, 1, 0.1651, 0.0943, 0.0001, 9, 1, 8, 0.9709],
      [5, 2, 0.9997, 1, 1, 1, 2, 3, 2, 4, 9.7664e-12, 0.0514, 0.011, 0.2315, 5, 9, 5, 20, 8, 2, 4, 5, 9, 5, 7, 1, 7, 4, 7, 2.9569e-09, 2, 0.214, 0.5494, 0.0013, 25, 3, 7, 5.0994e-08],
      [5, 2, 0.9932, 1, 1, 1, 2, 4, 3, 3, 9.7664e-12, 0.0729, 0.097, 0.1979, 4, 8, 7, 18, 7, 2, 5, 7, 9, 6, 4, 1, 7, 5, 8, 7.7331e-10, 3, 0.3207, 0.6399, 0.0031, 21, 3, 15, 0],
      [42, 32, 3.0087, 5, 4, 9, 16, 19, 24, 20, 6, 0.6772, 1.6175, 1.8109, 33, 28, 24, 39, 42, 15, 10, 20, 43, 33, 26, 7, 17, 17, 42, 4, 8, 3.541, 1.8941, 0.032, 128, 14, 52, 7.0291],
      [3, 3, 1.9886, 3, 3, 3, 4, 3, 3, 3, 3, 0, 0.1981, 0.5857, 4, 5, 3, 7, 5, 3, 3, 3, 5, 4, 4, 3, 4, 3, 3, 3, 3, 0.7538, 0.6733, 0.9386, 9, 3, 5, 2]
    ]
  ],
  "V_est": [
    [132.3784, 93.1807, 175.2794, 179.7422, 874.2747, 35.1446],
    [121.903, 285.8179, 390.678, 400.1026, 1878.5393, 87.9592],
    [206.1782, 373.1321, 773.2536, 770.7873, 3088.6842, 175.9645],
    [793.3552, 1289.4361, 2387.4439, 2471.3575, 12117.9412, 618.466],
    [214.8971, 342.8528, 726.2869, 720.6857, 3212.95, 188.3275],
    [43.2881, 73.5804, 158.0583, 164.3246, 798.6105, 120.1382]
  ],
  "p_est": [
    [0.0888, 0.0625, 0.1176, 0.1206, 0.5868, 0.0236],
    [0.0385, 0.0903, 0.1234, 0.1264, 0.5935, 0.0278],
    [0.0383, 0.0693, 0.1435, 0.1431, 0.5733, 0.0327],
    [0.0403, 0.0655, 0.1213, 0.1256, 0.6158, 0.0314],
    [0.0398, 0.0634, 0.1343, 0.1333, 0.5943, 0.0348],
    [0.0319, 0.0542, 0.1164, 0.121, 0.5881, 0.0885]
  ],
  "EI_Z": {},
  "EI_V": 38.0085,
  "MAE_Z": {},
  "MAE_V": 770.411,
  "MAE_p": 0.1293,
  "runtime": 0.3703
}
