{
  "X": [
    [7, 24, 51, 7],
    [38, 108, 157, 15],
    [1, 41, 11, 1],
    [0, 7, 15, 1],
    [2, 4, 10, 1],
    [4, 8, 18, 1],
    [128, 305, 438, 35],
    [59, 219, 260, 34],
    [114, 562, 448, 32],
    [41, 169, 460, 50],
    [83, 546, 324, 30],
    [76, 526, 331, 42],
    [54, 313, 165, 19],
    [17, 72, 72, 7],
    [1, 6, 5, 0],
    [11, 32, 53, 2],
    [5, 15, 2, 0],
    [5, 8, 13, 0],
    [8, 22, 13, 1],
    [30, 287, 238, 11],
    [7, 20, 21, 1],
    [1, 18, 11, 1],
    [74, 312, 595, 34],
    [38, 146, 177, 21],
    [4, 15, 16, 3],
    [44, 169, 157, 10],
    [27, 79, 197, 21],
    [17, 41, 86, 10],
    [15, 60, 141, 16],
    [49, 201, 509, 66],
    [115, 153, 635, 28],
    [42, 53, 156, 12],
    [92, 594, 424, 27],
    [21, 57, 115, 11],
    [85, 194, 315, 21],
    [71, 196, 259, 16],
    [99, 614, 488, 48],
    [15, 42, 50, 0],
    [18, 61, 46, 6],
    [12, 45, 41, 5],
    [8, 25, 16, 3],
    [26, 72, 78, 20],
    [84, 337, 421, 45],
    [114, 378, 440, 35],
    [171, 744, 788, 40],
    [67, 138, 274, 36],
    [26, 99, 161, 17],
    [4, 2, 10, 2],
    [66, 140, 248, 30],
    [2, 12, 5, 1],
    [21, 96, 190, 21],
    [45, 81, 124, 21],
    [36, 108, 205, 18],
    [71, 320, 748, 79],
    [67, 164, 432, 34],
    [70, 324, 343, 33],
    [15, 89, 61, 3],
    [201, 1165, 1523, 155],
    [3, 37, 29, 2],
    [101, 458, 443, 30],
    [64, 290, 310, 29],
    [410, 1101, 1201, 115],
    [50, 116, 164, 3]
  ],
  "W": [
    [8, 37, 29, 6, 9],
    [53, 117, 118, 10, 20],
    [7, 4, 42, 1, 0],
    [3, 10, 7, 2, 1],
    [1, 9, 5, 2, 0],
    [5, 14, 10, 1, 1],
    [259, 224, 348, 41, 34],
    [124, 141, 232, 38, 37],
    [264, 228, 598, 20, 46],
    [65, 377, 188, 52, 38],
    [215, 155, 561, 16, 36],
    [159, 166, 544, 51, 55],
    [81, 104, 311, 23, 32],
    [35, 27, 82, 13, 11],
    [5, 3, 4, 0, 0],
    [16, 37, 38, 5, 2],
    [3, 1, 16, 0, 2],
    [13, 3, 10, 0, 0],
    [9, 10, 23, 0, 2],
    [83, 115, 336, 15, 17],
    [11, 10, 24, 2, 2],
    [3, 7, 19, 1, 1],
    [194, 300, 415, 61, 45],
    [63, 102, 180, 16, 21],
    [8, 6, 17, 1, 6],
    [108, 60, 182, 8, 22],
    [41, 151, 89, 28, 15],
    [22, 69, 46, 9, 8],
    [17, 113, 65, 14, 23],
    [68, 391, 253, 67, 46],
    [323, 286, 234, 48, 40],
    [86, 77, 77, 11, 12],
    [215, 157, 692, 39, 34],
    [46, 71, 62, 16, 9],
    [170, 170, 213, 27, 35],
    [111, 150, 213, 28, 40],
    [216, 190, 732, 49, 62],
    [22, 32, 48, 3, 2],
    [28, 23, 72, 3, 5],
    [21, 24, 50, 7, 1],
    [10, 10, 29, 1, 2],
    [34, 56, 81, 13, 12],
    [179, 223, 365, 53, 67],
    [227, 235, 425, 45, 35],
    [382, 315, 913, 69, 64],
    [133, 165, 159, 29, 29],
    [48, 103, 113, 21, 18],
    [3, 7, 5, 2, 1],
    [92, 186, 158, 21, 27],
    [3, 1, 14, 1, 1],
    [45, 122, 119, 28, 14],
    [62, 82, 89, 12, 26],
    [47, 155, 115, 25, 25],
    [124, 519, 402, 105, 68],
    [116, 296, 202, 39, 44],
    [141, 165, 385, 42, 37],
    [33, 22, 104, 1, 8],
    [431, 1013, 1289, 189, 122],
    [15, 13, 36, 4, 3],
    [237, 234, 487, 31, 43],
    [132, 184, 318, 33, 26],
    [649, 712, 1234, 93, 139],
    [121, 64, 133, 7, 8]
  ],
  "method": "mult",
  "cond_prob": [
    [
      [0.38726004343, 0.065863410455, 0.54654932726, 0.0003272188501],
      [0.035215293068, 0.003827411408, 0.89034470692, 0.070612588605],
      [0.013758207302, 0.82554365907, 0.15930004167, 0.0013980919534],
      [0.0024044536516, 0.029920119921, 0.71021237009, 0.25746305634],
      [0.2354778214, 0.057836871116, 0.41267699765, 0.29400830984]
    ],
    [
      [0.442444374, 0.071012048126, 0.48626688311, 0.00027669475986],
      [0.046850029538, 0.0046268948805, 0.88212329616, 0.066399779422],
      [0.015919722844, 0.8445647966, 0.13836797407, 0.0011475064871],
      [0.0032671007879, 0.03677106444, 0.71768226681, 0.24227956797],
      [0.28916066471, 0.065942147099, 0.38887618343, 0.25602100476]
    ],
    [
      [0.19607745876, 0.13105434006, 0.67200497692, 0.00086322426259],
      [0.012486092104, 0.0056557391914, 0.82670323394, 0.15515493476],
      [0.0035774885613, 0.88958455771, 0.10482056505, 0.0020173886865],
      [0.00054860202399, 0.028589527405, 0.42283712787, 0.5480247427],
      [0.053049229774, 0.052489253437, 0.22991106588, 0.6645504509]
    ],
    [
      [0, 0.11532252839, 0.88437501031, 0.00030246130212],
      [0, 0.0043054181023, 0.95180617975, 0.043888402145],
      [0, 0.86332276766, 0.13597960294, 0.00069762939638],
      [0, 0.035041252882, 0.77998793806, 0.18497080906],
      [0, 0.09314548947, 0.61037211165, 0.29648239888]
    ],
    [
      [0.75817147622, 0.02725769138, 0.21445641469, 0.00011441770736],
      [0.091334405498, 0.0036756874373, 0.84378116115, 0.061208745912],
      [0.030822096381, 0.84161808241, 0.12653870456, 0.0010211166537],
      [0.0062404990878, 0.030082964787, 0.69139317691, 0.27228335921],
      [0.52411062469, 0.035987885055, 0.24145259465, 0.1984488956]
    ],
    [
      [0.49625931891, 0.052581874769, 0.45099022353, 0.00016858279098],
      [0.050270198078, 0.0036785336754, 0.90041273344, 0.045638534807],
      [0.019079226295, 0.82706241099, 0.15300697128, 0.0008513914405],
      [0.0036609862006, 0.030964102784, 0.76680224407, 0.19857266694],
      [0.34067130431, 0.053980083453, 0.39644540943, 0.2089032028]
    ],
    [
      [0.39546228798, 0.069352735316, 0.53487756549, 0.00030741121388],
      [0.038760324199, 0.0041496266753, 0.88952942429, 0.067560624833],
      [0.014518351573, 0.8300486902, 0.15414375966, 0.0012891985607],
      [0.0026920317433, 0.03281191744, 0.72064524463, 0.24385080618],
      [0.25094643068, 0.062320161589, 0.41410340301, 0.27263000472]
    ],
    [
      [0.36588466654, 0.081402793141, 0.55232854701, 0.00038399331116],
      [0.034263188672, 0.0046646019653, 0.88021137961, 0.080860829756],
      [0.011653750774, 0.84856219291, 0.1383832281, 0.0014008282191],
      [0.0022781147807, 0.035319790338, 0.68266335863, 0.27973873625],
      [0.21602139021, 0.068126231171, 0.39819007435, 0.31766230427]
    ],
    [
      [0.3604706065, 0.083914755573, 0.55529659952, 0.00031803840575],
      [0.034185345296, 0.0048576856808, 0.89333474815, 0.067622220875],
      [0.011236575725, 0.85177127186, 0.13585989268, 0.0011322597383],
      [0.0023539723502, 0.038079955337, 0.71754328236, 0.24202278995],
      [0.22510819278, 0.074202806161, 0.42305925476, 0.2776297463]
    ],
    [
      [0.32978558573, 0.078303228477, 0.59156900245, 0.0003421833457],
      [0.029378460547, 0.0042746356226, 0.8977577805, 0.068589123332],
      [0.010733711867, 0.83619500107, 0.15179361365, 0.0012776734145],
      [0.0020186960561, 0.033456135576, 0.7198530303, 0.24467213807],
      [0.20087919349, 0.067650747539, 0.44035313303, 0.29111692595]
    ],
    [
      [0.34919783069, 0.094288312945, 0.55608075377, 0.00043310259418],
      [0.032273000908, 0.0053225151043, 0.87254321996, 0.08986126403],
      [0.009838795839, 0.8657402838, 0.12302628581, 0.0013946345432],
      [0.0020827708865, 0.039106880761, 0.65681747148, 0.30199287688],
      [0.19744309785, 0.075509230953, 0.38365560372, 0.34339206747]
    ],
    [
      [0.36998601684, 0.091286619184, 0.5383533816, 0.00037398237185],
      [0.035539038677, 0.0053590906934, 0.87848328915, 0.08061858148],
      [0.010751290536, 0.86508177834, 0.12292409952, 0.0012428316038],
      [0.002356563063, 0.040460028971, 0.67950737243, 0.27767603554],
      [0.22038615129, 0.077035226967, 0.39139495311, 0.31118366862]
    ],
    [
      [0.46497543621, 0.089626616463, 0.44511047954, 0.00028746779154],
      [0.053071321574, 0.0062732695071, 0.86666260521, 0.073992803705],
      [0.013930182385, 0.87999464335, 0.10508657174, 0.00098860252365],
      [0.0036014923616, 0.048489243199, 0.68605660737, 0.26185265707],
      [0.30183865794, 0.082542154845, 0.35307430551, 0.26254488171]
    ],
    [
      [0.3604959894, 0.072496594883, 0.5667383386, 0.00026907711815],
      [0.033262271337, 0.0041479630353, 0.9056389591, 0.056950806529],
      [0.012368884681, 0.83197977369, 0.15457803155, 0.001073310078],
      [0.0023623181505, 0.033602754949, 0.74991981656, 0.21411511034],
      [0.23291994788, 0.066771271168, 0.44906737809, 0.25124140286]
    ],
    [
      [0.26525505284, 0.14252820749, 0.59221673967, 0],
      [0.020076210286, 0.0077633498571, 0.97216043986, 0],
      [0.003460096091, 0.92786779854, 0.068672105365, 0],
      [0.0016600997359, 0.074864608317, 0.92347529195, -0],
      [0.21265569754, 0.1746791248, 0.61266517766, -0]
    ],
    [
      [0.44770927261, 0.061050752254, 0.49111320764, 0.00012676749491],
      [0.047121861198, 0.0040712338154, 0.91726770728, 0.031539197708],
      [0.017464171838, 0.82625740746, 0.15568946042, 0.000588960279],
      [0.0036447782843, 0.036013364833, 0.82828427085, 0.13205758603],
      [0.33560794289, 0.065842176935, 0.45543888703, 0.14311099315]
    ],
    [
      [0.81416080166, 0.051789208367, 0.13404998997, 0],
      [0.21246473771, 0.01007801522, 0.77745724707, 0],
      [0.033651575264, 0.91609533132, 0.050253093414, 0],
      [0.020593229655, 0.11344873823, 0.86595803212, 0],
      [0.76176925561, 0.074928057946, 0.16330268645, 0]
    ],
    [
      [0.35189266026, 0.056790874626, 0.59131646511, 0],
      [0.030749517729, 0.0032137058849, 0.96603677639, 0],
      [0.013152257239, 0.80718943916, 0.1796583036, 0],
      [0.0026586528817, 0.031930171875, 0.96541117524, -0],
      [0.30136369275, 0.070735969886, 0.62790033736, -0]
    ],
    [
      [0.59738857757, 0.066919694129, 0.33548450263, 0.00020722567286],
      [0.080443020609, 0.0059165727957, 0.84247371495, 0.071166691647],
      [0.021373612625, 0.87773137682, 0.099976039587, 0.00091897096758],
      [0.0053955271627, 0.045564865577, 0.65775329189, 0.29128631537],
      [0.39956009732, 0.065396614836, 0.28063188145, 0.25441140639]
    ],
    [
      [0.27576881855, 0.077920580736, 0.64608653578, 0.00022406493199],
      [0.023262033067, 0.0040322388872, 0.93002481606, 0.042680911981],
      [0.008913938355, 0.82561096929, 0.16464337214, 0.00083172021422],
      [0.0017150447219, 0.033862171168, 0.79988707365, 0.16453571046],
      [0.18476479826, 0.074077283018, 0.52903589218, 0.21212202653]
    ],
    [
      [0.45502365412, 0.059665236618, 0.48515675182, 0.00015435744034],
      [0.046460562304, 0.0039530498425, 0.91047998661, 0.039106401248],
      [0.017480879949, 0.8280550905, 0.15373845101, 0.00072557854376],
      [0.0034747051373, 0.033906237945, 0.79278496727, 0.16983408964],
      [0.32331778666, 0.061630759218, 0.4293632001, 0.18568825403]
    ],
    [
      [0.28936456749, 0.094503511994, 0.61577320017, 0.00035872034698],
      [0.019837406527, 0.0048237969937, 0.90318193183, 0.072156864647],
      [0.0062752045722, 0.86702465054, 0.12559767125, 0.0011024736347],
      [0.0012552339433, 0.035431813519, 0.66867722733, 0.29463572521],
      [0.14515020608, 0.073230895494, 0.40686887512, 0.3747500233]
    ],
    [
      [0.27889976642, 0.062640704578, 0.65823533112, 0.00022419788184],
      [0.023254296502, 0.0031901940915, 0.93163949441, 0.041916014992],
      [0.010768046248, 0.78861466362, 0.19962794339, 0.00098934674081],
      [0.0017315033934, 0.027044776182, 0.80924267958, 0.16198104084],
      [0.187985155, 0.059801982995, 0.54143125248, 0.21078160953]
    ],
    [
      [0.39530612835, 0.065155151644, 0.53916211428, 0.00037660572711],
      [0.037609845525, 0.0038098887711, 0.87750756722, 0.081072698481],
      [0.015117976163, 0.82038694252, 0.16283749715, 0.0016575841674],
      [0.0025161213985, 0.029040658144, 0.68483910048, 0.28360411998],
      [0.23535000319, 0.05508614663, 0.39257253349, 0.31699131669]
    ],
    [
      [0.33572232047, 0.073327450591, 0.59054114136, 0.00040908757511],
      [0.027123220248, 0.0038620433087, 0.88734258542, 0.081672151026],
      [0.010392510661, 0.83733391696, 0.15071450303, 0.001559069344],
      [0.0017632726211, 0.028825504684, 0.6699920103, 0.2994192124],
      [0.18235769442, 0.058039183985, 0.39965918604, 0.35994393555]
    ],
    [
      [0.34172944206, 0.079652127602, 0.57835296688, 0.00026546346224],
      [0.031479516345, 0.0044958051455, 0.90878366476, 0.055241013753],
      [0.011002792036, 0.84147867739, 0.14653805192, 0.00098047865034],
      [0.0022422074217, 0.036474364979, 0.75481303359, 0.20647039401],
      [0.22216301228, 0.073443738076, 0.45922001907, 0.24517323057]
    ],
    [
      [0.39023639978, 0.070863586318, 0.53859548408, 0.00030452982807],
      [0.037635467597, 0.0042134514251, 0.89151729056, 0.066633790418],
      [0.013825383612, 0.83362597062, 0.15130229769, 0.0012463480747],
      [0.0026134758711, 0.033354188635, 0.7225322942, 0.24150004129],
      [0.24692663352, 0.063765174752, 0.41743548961, 0.27187270212]
    ],
    [
      [0.45085221517, 0.066978523562, 0.48185251066, 0.00031675060628],
      [0.046885207498, 0.0043453780072, 0.87276345096, 0.07600596354],
      [0.016636738212, 0.83943774372, 0.14255685564, 0.0013686624317],
      [0.0031791758997, 0.033641427341, 0.69082552322, 0.27235387354],
      [0.28236203081, 0.059958221893, 0.37127948971, 0.28640025759]
    ],
    [
      [0.35007675009, 0.077883151109, 0.5717440797, 0.00029601910373],
      [0.031925373477, 0.0044087642442, 0.90193793702, 0.06172792526],
      [0.011255726166, 0.84088596689, 0.14675042226, 0.0011078846785],
      [0.0022333863669, 0.035187916955, 0.73663997918, 0.2259387175],
      [0.22109183285, 0.070150105339, 0.44345860835, 0.26529945346]
    ],
    [
      [0.34918264248, 0.067526833571, 0.58290830435, 0.00038221960424],
      [0.031249839914, 0.0037016221462, 0.88813781141, 0.076910726528],
      [0.012883442056, 0.81603600413, 0.16946369815, 0.0016168556688],
      [0.0021104450073, 0.028471486721, 0.69990311, 0.26951495827],
      [0.20655745539, 0.056644638333, 0.42129843908, 0.31549946719]
    ],
    [
      [0.29229224766, 0.048947028058, 0.65855660059, 0.00020412368684],
      [0.024466813436, 0.0024996730404, 0.93475355065, 0.038279962873],
      [0.013628828539, 0.74434253274, 0.24094201958, 0.0010866191452],
      [0.001853530572, 0.021559041887, 0.82602159366, 0.15056583388],
      [0.20161583405, 0.047799752394, 0.55412240528, 0.19646200827]
    ],
    [
      [0.37889174716, 0.050294571549, 0.57050158722, 0.00031209407489],
      [0.034857546943, 0.0028392375964, 0.89728049949, 0.065022715972],
      [0.017583623869, 0.77201865017, 0.20873270875, 0.0016650172128],
      [0.0024479332591, 0.022720593661, 0.73484517313, 0.23998629995],
      [0.23796096842, 0.044833994734, 0.43792688429, 0.27927815256]
    ],
    [
      [0.33900677287, 0.074291579502, 0.5864161476, 0.00028550002819],
      [0.030875563943, 0.004132658982, 0.90664668723, 0.058345089845],
      [0.011618315765, 0.8294465464, 0.15781694454, 0.001118193297],
      [0.0021879555012, 0.033341149817, 0.74943423511, 0.21503665957],
      [0.21740352563, 0.067478129839, 0.45888448955, 0.25623385498]
    ],
    [
      [0.35493783056, 0.075129172173, 0.56961967365, 0.00031332361663],
      [0.032502223997, 0.0042469347094, 0.89786442637, 0.065386414924],
      [0.01183171742, 0.83636140928, 0.15059814268, 0.0012087306114],
      [0.0022524761916, 0.033562093749, 0.72587051127, 0.23831491879],
      [0.22082560688, 0.066512326386, 0.43416461266, 0.27849745407]
    ],
    [
      [0.38413324117, 0.071603967251, 0.54403181126, 0.00023098031938],
      [0.037686752621, 0.0042935819453, 0.90711566352, 0.050904001916],
      [0.013671759439, 0.83323737958, 0.15215044893, 0.00094041204166],
      [0.0027395680621, 0.03554052049, 0.76915269048, 0.19256722096],
      [0.2607408997, 0.06886199275, 0.45072486541, 0.21967224214]
    ],
    [
      [0.42152505714, 0.070994660097, 0.50731280419, 0.00016747856855],
      [0.04447070329, 0.0045847685568, 0.9111943825, 0.039750145657],
      [0.015225781154, 0.83988611559, 0.14419495084, 0.00069315241449],
      [0.003352647451, 0.03936482068, 0.80131701639, 0.15596551548],
      [0.30622829941, 0.073119774491, 0.45008875309, 0.17056317301]
    ],
    [
      [0.335192683, 0.072218624749, 0.59223000366, 0.00035868859215],
      [0.029839188686, 0.003925694977, 0.89465186906, 0.071583247275],
      [0.011742737014, 0.82392546467, 0.16289615831, 0.0014356400034],
      [0.0020396633804, 0.03054945053, 0.71335868962, 0.25405219647],
      [0.20184299802, 0.061586932989, 0.43513069614, 0.30143937285]
    ],
    [
      [0.47113974809, 0.062614972157, 0.46624527975, 0],
      [0.054081864419, 0.0045153127102, 0.94140282287, 0],
      [0.01837624551, 0.83525785586, 0.14636589863, 0],
      [0.0046822945371, 0.04466217727, 0.95065552819, 0],
      [0.41490835742, 0.079043108478, 0.5060485341, 0]
    ],
    [
      [0.47260720379, 0.06584589697, 0.46108340994, 0.00046348930644],
      [0.049001767765, 0.0042598098453, 0.83472268461, 0.11201573778],
      [0.017889449488, 0.84067359433, 0.13938324314, 0.0020537130401],
      [0.0029956178066, 0.029724007997, 0.59478807463, 0.37249229957],
      [0.2577513279, 0.05132383817, 0.30898707417, 0.38193775976]
    ],
    [
      [0.45749968854, 0.071721055418, 0.47037054257, 0.00040871347231],
      [0.046824899367, 0.0046256696045, 0.849975427, 0.098574004027],
      [0.015835138589, 0.85114672744, 0.13134377945, 0.0016743545255],
      [0.0029516949901, 0.033321587211, 0.62489639436, 0.33883032344],
      [0.25959545923, 0.05840919806, 0.32926528224, 0.35273006047]
    ],
    [
      [0.55665315905, 0.062630543306, 0.38017959279, 0.00053670484812],
      [0.062092453983, 0.00455557464, 0.78321571619, 0.15013625519],
      [0.021113182934, 0.8569479188, 0.1194362681, 0.0025026301628],
      [0.0033390414014, 0.028100511228, 0.49044832106, 0.47811212631],
      [0.27018320537, 0.044276607817, 0.23022208564, 0.45531810117]
    ],
    [
      [0.50100870939, 0.069906452302, 0.42850859805, 0.00057624026069],
      [0.05406148275, 0.0046732794255, 0.79901771629, 0.14224752154],
      [0.018326525437, 0.85455070276, 0.12467472246, 0.0024480493411],
      [0.0031066376766, 0.030629611154, 0.53564422612, 0.43061952505],
      [0.2566181825, 0.051022358127, 0.26919909275, 0.42316036662]
    ],
    [
      [0.34246999808, 0.07946617861, 0.57774817174, 0.00031565157967],
      [0.031393800715, 0.004449976337, 0.89926353521, 0.064892687742],
      [0.011104895302, 0.84056918511, 0.1471559044, 0.001170015183],
      [0.0021806879189, 0.035193604048, 0.7286604378, 0.23396527023],
      [0.21398194171, 0.070330447674, 0.44053737572, 0.2751502349]
    ],
    [
      [0.39128666522, 0.07268608355, 0.53573327426, 0.00029397696497],
      [0.038408260733, 0.0043569325283, 0.8925192221, 0.064715584635],
      [0.013814012175, 0.83648586509, 0.14851420574, 0.0011859169954],
      [0.0026844034384, 0.034668799723, 0.72765165806, 0.23499513878],
      [0.2510423249, 0.066045495699, 0.41940170934, 0.26351047007]
    ],
    [
      [0.33980517805, 0.06613932145, 0.59384125538, 0.00021424512748],
      [0.031110031932, 0.0036932630416, 0.92129208965, 0.043904615376],
      [0.012808692274, 0.81068590456, 0.17558389645, 0.00092150672222],
      [0.0023086442089, 0.0311981505, 0.79752048209, 0.1689727232],
      [0.23336605157, 0.064295925822, 0.49742149989, 0.20491652272]
    ],
    [
      [0.38711155087, 0.069205699149, 0.54325364807, 0.00042910191157],
      [0.036388567051, 0.0039797204581, 0.86891660108, 0.090715111415],
      [0.014132680463, 0.82807643012, 0.15599682545, 0.0017940639617],
      [0.0023708457569, 0.029530292444, 0.66037197795, 0.30772688385],
      [0.22115947287, 0.056041148391, 0.37896267631, 0.34383670243]
    ],
    [
      [0.3602045268, 0.073047065698, 0.56643394938, 0.000314458118],
      [0.033243846036, 0.0041531374141, 0.8967714675, 0.06583154905],
      [0.012393277297, 0.8320592115, 0.15429890062, 0.0012486105887],
      [0.0023066801899, 0.032845172386, 0.72599472827, 0.23885341916],
      [0.22479667778, 0.064804373132, 0.43275210199, 0.2776468471]
    ],
    [
      [0.66068504114, 0.018947321128, 0.32007299552, 0.00029464220921],
      [0.076783972842, 0.0016631134367, 0.81979893136, 0.10175398236],
      [0.049945966595, 0.71419272272, 0.23261978379, 0.0032415268978],
      [0.0047493224582, 0.01202073166, 0.5931726856, 0.39005726028],
      [0.38923863637, 0.017424546689, 0.25091221927, 0.34242459768]
    ],
    [
      [0.46035346813, 0.066747430592, 0.47255457864, 0.00034452263123],
      [0.049333012535, 0.0043828372519, 0.86310761761, 0.083176532599],
      [0.017610957624, 0.83845165459, 0.14242541527, 0.0015119725166],
      [0.0032998048586, 0.033392822837, 0.6735113108, 0.2897960615],
      [0.28484640008, 0.05857789718, 0.35725015724, 0.2993255455]
    ],
    [
      [0.50815902358, 0.060750348274, 0.43066160347, 0.00042902467538],
      [0.042724741204, 0.0039602156632, 0.83740143702, 0.11591360612],
      [0.015888697402, 0.85479358021, 0.12732947495, 0.0019882474362],
      [0.0022230631041, 0.024011854613, 0.50220716567, 0.47155791661],
      [0.21198897688, 0.039910481753, 0.23824145333, 0.50985908804]
    ],
    [
      [0.31558159685, 0.069770897507, 0.61428573355, 0.00036177209268],
      [0.026924238555, 0.0036694623628, 0.8993769042, 0.070029394877],
      [0.011138930234, 0.81556023333, 0.17182621507, 0.0014746213662],
      [0.0018442750792, 0.028649959085, 0.71891299102, 0.25059277481],
      [0.18804915749, 0.059116311364, 0.44825870775, 0.3045758234]
    ],
    [
      [0.47400004346, 0.068520307732, 0.45708627891, 0.00039336990515],
      [0.051343126721, 0.0045612185551, 0.84762825729, 0.096467397438],
      [0.017687470674, 0.84595152789, 0.13467106852, 0.0016899329182],
      [0.0033113600235, 0.033524243503, 0.63760569088, 0.32555870559],
      [0.28095145942, 0.057679689339, 0.33132481169, 0.33004403955]
    ],
    [
      [0.41836709372, 0.072914878235, 0.50849086255, 0.000227165505],
      [0.043201243879, 0.0046324392702, 0.8990821776, 0.053084139246],
      [0.014643932744, 0.84362973337, 0.14080998115, 0.00091635272932],
      [0.0031236898372, 0.038171847728, 0.75858857086, 0.20011589157],
      [0.28576253789, 0.070761167087, 0.42504618204, 0.21843011298]
    ],
    [
      [0.31777580474, 0.068517583236, 0.61338307923, 0.00032353278641],
      [0.027630992136, 0.0036408619043, 0.90565125328, 0.063076892678],
      [0.011541830057, 0.81197891136, 0.17513545523, 0.0013438033522],
      [0.0019352389246, 0.029034303879, 0.74006926918, 0.22896118801],
      [0.19689544439, 0.060143853408, 0.46393326887, 0.27902743333]
    ],
    [
      [0.36349615469, 0.064113125992, 0.57214151349, 0.00024920582612],
      [0.033996064586, 0.003667888296, 0.90997748522, 0.052358561897],
      [0.014045434379, 0.81092253799, 0.17392950248, 0.0011025251513],
      [0.0024657368739, 0.030296007464, 0.77000771615, 0.19723053951],
      [0.24214588621, 0.060532809308, 0.46540799226, 0.23191331223]
    ],
    [
      [0.35858862719, 0.070236528944, 0.57085245197, 0.00032239188746],
      [0.033105007899, 0.003965615785, 0.89605977545, 0.066869600869],
      [0.012888808487, 0.82446109339, 0.16132385885, 0.0013262392803],
      [0.0022966334129, 0.031326483182, 0.72514349528, 0.24123338812],
      [0.22324457607, 0.061966233643, 0.43387293476, 0.28091625553]
    ],
    [
      [0.34540515839, 0.072050516825, 0.58231479258, 0.00022953219785],
      [0.031303572885, 0.0040566144036, 0.91644741678, 0.048192395936],
      [0.011871716138, 0.82802366024, 0.15918574778, 0.0009188758448],
      [0.0022708095137, 0.033568926122, 0.77483945085, 0.18932081351],
      [0.22927730736, 0.06822409007, 0.47417341388, 0.22832518869]
    ],
    [
      [0.32913828388, 0.081201383544, 0.58931048848, 0.00034984409744],
      [0.029546468941, 0.0044440047658, 0.8957982214, 0.07021130489],
      [0.01049058994, 0.84093291131, 0.14730480228, 0.0012716964711],
      [0.0020209658009, 0.034599122063, 0.71480281907, 0.24857709307],
      [0.19966887014, 0.069715352967, 0.43599370518, 0.29462207171]
    ],
    [
      [0.20235325788, 0.10778708993, 0.68957050627, 0.00028914591839],
      [0.015169779571, 0.0051501660229, 0.92765358982, 0.052026464591],
      [0.0046482812621, 0.86576987413, 0.12878554618, 0.00079629843053],
      [0.0010604754213, 0.041200070371, 0.75557478776, 0.20216466645],
      [0.12144976407, 0.093308409678, 0.51232261818, 0.27291920807]
    ],
    [
      [0.349763571, 0.082619874401, 0.56733850509, 0.00027804951834],
      [0.032838911514, 0.0047362135174, 0.90388519788, 0.058539677087],
      [0.011014179558, 0.84772403394, 0.14026147807, 0.0010003084364],
      [0.0023195355114, 0.038086115316, 0.7447379072, 0.21485644197],
      [0.22601598354, 0.075606444306, 0.4473084282, 0.25106914395]
    ],
    [
      [0.37127102663, 0.078515060355, 0.54987828603, 0.00033562698135],
      [0.035266170398, 0.0045629175577, 0.88849170854, 0.0716792035],
      [0.012212661735, 0.84424714676, 0.14227602982, 0.0012641616852],
      [0.0024072440583, 0.035467766906, 0.70748327439, 0.25464171465],
      [0.22855889754, 0.068508307394, 0.41333348775, 0.28959930732]
    ],
    [
      [0.4530292052, 0.069589796106, 0.47707264557, 0.00030835311835],
      [0.04891936168, 0.0045797550047, 0.87207306654, 0.074427816773],
      [0.01688398285, 0.84242115905, 0.1393846657, 0.0013101924059],
      [0.0033512824688, 0.035710529377, 0.69692196908, 0.26401621907],
      [0.29012012593, 0.063062744258, 0.37254344751, 0.2742736823]
    ],
    [
      [0.35506377215, 0.068304614102, 0.57652265644, 0.00010895730779],
      [0.033890143606, 0.0039935368889, 0.93856710148, 0.023549218029],
      [0.012983311714, 0.82069923755, 0.16586046878, 0.00045698195801],
      [0.0026733487645, 0.03588338151, 0.86330145725, 0.098141812472],
      [0.27053173464, 0.073807091806, 0.53645601166, 0.11920516189]
    ]
  ],
  "expected_outcome": [
    [
      [3.0980803475, 23.4495518221, 1.3725422113, 0, 0.75817147622, 2.4812965946, 102.4247325877, 45.3696986511, 95.1642401153, 21.4360630722, 75.0775335988, 58.827776678, 37.6630103327, 12.617359629, 1.3262752642, 7.1633483618, 2.442482405, 4.5746045834, 5.3764971981, 22.8888119395, 5.0052601953, 0.86809370247, 54.1065546859, 24.9042860858, 2.6857785638, 36.9067797421, 15.9996923909, 9.9187487338, 5.9513047514, 23.7444196886, 94.4103959946, 32.5846902557, 72.8864561663, 16.3271402056, 65.3026509997, 46.789281343, 72.4016195288, 10.3650744581, 13.2330017061, 9.6074934594, 5.5665315905, 17.0342961191, 61.3021296554, 88.8220730059, 129.805578014, 51.4858362662, 17.2898172864, 1.9820551234, 42.3525190683, 1.5244770707, 14.2011718584, 29.3880026944, 19.6632534046, 39.4041997882, 42.1655539446, 50.5609964344, 11.398370227, 141.8586003504, 3.0352988683, 82.8939663258, 49.0077755154, 294.0159541755, 42.9627164306],
      [0.52690728364, 3.7636385507, 0.9173803804, 0.34596758517, 0.02725769138, 0.26290937385, 17.9623584468, 10.0939463495, 22.1534954712, 5.089709851, 20.2719872831, 14.5145724503, 7.2597559335, 2.5373808209, 0.71264103744, 0.97681203607, 0.1553676251, 0.73828137013, 0.60227724717, 6.4674082011, 0.6563176028, 0.28351053598, 12.152296688, 4.1047745536, 0.58661960473, 8.6024297811, 2.905407039, 1.4735275184, 1.3240135688, 4.5918246828, 15.8098900626, 4.3253331532, 15.9726895929, 3.45594192, 12.1726744327, 7.8804072708, 15.5992229458, 1.3775293875, 1.8436851152, 1.5061421638, 0.62630543306, 2.3768193783, 14.2244459712, 16.4997409659, 25.2652207938, 9.2043579868, 3.5062591535, 0.056841963383, 6.1407636144, 0.18225104482, 3.1396903878, 4.2482590794, 3.426999277, 8.4961803212, 7.4371226151, 9.9033505811, 2.3776670552, 34.9977963076, 1.616806349, 19.580910233, 10.3639879669, 45.1637776728, 8.2648583063],
      [4.3723946181, 25.7721448049, 4.7040348384, 2.6531250309, 0.21445641469, 2.2549511176, 138.5332894611, 68.4887398288, 146.5983022743, 38.4519851593, 119.5573620603, 85.5981876746, 36.0539488427, 19.835841851, 2.9610836983, 7.8578113222, 0.40214996992, 7.6871140465, 3.0193605236, 53.62518247, 5.33672427, 1.8473196005, 127.697654237, 33.9672131998, 4.7243291309, 62.462120423, 22.0824148471, 10.6007552345, 9.7196493549, 39.6377646955, 212.7137819919, 49.0631365007, 126.0794717347, 26.2025049881, 92.4854079134, 56.3117212651, 127.9216807895, 10.2573961545, 12.9103354782, 9.8777813939, 3.8017959279, 14.5692923337, 103.4169227406, 121.6114532572, 226.8473595536, 72.2527351927, 27.1888295704, 0.96021898655, 43.4750212352, 1.2919848104, 27.6428580096, 28.3393492921, 23.8990705396, 76.059501825, 66.3684155645, 80.4901957284, 19.2163881553, 253.9928205361, 10.343557594, 134.4592257053, 72.5839337562, 309.6201469779, 69.7592414289],
      [0.0026177508008, 0.014664822273, 0.0060425698381, 0.00090738390635, 0.00011441770736, 0.00084291395488, 0.079619504396, 0.047615170583, 0.083962139119, 0.02224191747, 0.093117057749, 0.059463197124, 0.023284891115, 0.0094176991353, 0, 0.0020282799185, 0, 0, 0.0018650310558, 0.018597389355, 0.0016979318438, 0.001076161041, 0.043494389076, 0.023726160808, 0.0032727006009, 0.028670053922, 0.012485722951, 0.0069685133382, 0.0050323247633, 0.025990933088, 0.065931950849, 0.02684009044, 0.061382506062, 0.014412886365, 0.039266654294, 0.018590121109, 0.077476735904, 0, 0.01297770058, 0.0085829829186, 0.0053670484812, 0.019592168863, 0.056501632761, 0.066732771049, 0.081841638697, 0.057070554238, 0.015093989664, 0.00088392662763, 0.031696082073, 0.0012870740261, 0.01627974417, 0.024388934119, 0.010676778735, 0.040118065514, 0.028907875829, 0.045457256132, 0.0075745625289, 0.150782806, 0.0043371887759, 0.065897735847, 0.044302761538, 0.20012117381, 0.013183834243]
    ],
    [
      [1.3029658435, 5.4814534559, 0.049944368418, 0, 0.82200964948, 0.7037827731, 8.6823126206, 4.8311096028, 7.7942587274, 11.0756796263, 5.0023151407, 5.8994804204, 5.5194174437, 0.89808132611, 0.060228630859, 1.7435088643, 0.21246473771, 0.092248553186, 0.80443020609, 2.6751338027, 0.46460562304, 0.13886184569, 6.9762889506, 3.8362042436, 0.16273932149, 1.8887709807, 5.6829556072, 3.2350793173, 3.6075672029, 12.2186874063, 6.9975086428, 2.6840311146, 4.847463539, 2.3076579038, 6.4067479455, 6.6706054936, 5.6694458503, 1.7306196614, 1.1270406586, 1.1237975848, 0.62092453983, 3.027443034, 7.0008175595, 9.0259412723, 9.7996600587, 6.0041135634, 3.4241161417, 0.53748780989, 9.1759403315, 0.042724741204, 3.2847571037, 4.2101363911, 6.6961928013, 14.3404849188, 10.0628351175, 5.4623263033, 0.68867860347, 29.930573037, 0.19720713442, 7.6843052944, 6.4889753533, 34.8305855163, 2.1689691908],
      [0.1416142221, 0.54134670101, 0.022622956766, 0.043054181023, 0.033081186935, 0.051499471455, 0.92951637527, 0.65770887711, 1.1075523352, 1.6115376297, 0.82498984116, 0.8896090551, 0.65242002874, 0.11199500195, 0.023290049571, 0.15063565117, 0.01007801522, 0.0096411176546, 0.059165727957, 0.46370747203, 0.039530498425, 0.033766578956, 0.95705822745, 0.38860865465, 0.023172259852, 0.26974830873, 0.63623116519, 0.2998310825, 0.49819035959, 1.4473342592, 0.71490648955, 0.21862129492, 0.64882746017, 0.30153236437, 0.7299089307, 0.68771528352, 0.74588204563, 0.14449000673, 0.097975626442, 0.11101607051, 0.0455557464, 0.26170364783, 0.99234472315, 1.0238791441, 1.1633778581, 0.65665387558, 0.42777315365, 0.011641794057, 0.81520772885, 0.0039602156632, 0.44767440826, 0.37401992152, 0.71802808688, 1.8896073283, 1.0856949356, 0.65432660453, 0.089245516878, 4.5017768278, 0.066952158298, 1.1082739631, 0.83957683062, 3.2607855633, 0.25558636089],
      [32.942754156, 103.2084256507, 3.3068129358, 9.5180617975, 7.5940304504, 12.6057782682, 199.2545910416, 124.1098045246, 203.6803225778, 338.4546832479, 135.2441990936, 145.8282259988, 90.1329109423, 24.4522518957, 2.9164813196, 33.9389051693, 0.77745724707, 2.8981103292, 8.4247371495, 106.9528538475, 9.1047998661, 6.3222735228, 279.4918483244, 89.5057718567, 5.3240555125, 54.5270198854, 134.6191108745, 60.2206781159, 101.9189868832, 347.261884262, 267.3395154861, 69.0905984606, 142.3435298952, 63.7483742722, 154.209662798, 136.6791573744, 169.9838551218, 30.1248903319, 19.198621746, 20.399410248, 7.8321571619, 44.7449921121, 200.5357683508, 209.7420171944, 290.2070082397, 143.3712391776, 92.3674611525, 5.7385925195, 160.5380168762, 0.83740143702, 109.723982313, 69.5055170975, 139.3577375287, 470.0330004531, 269.3533356253, 147.8498629488, 20.1618431691, 907.4435982815, 12.0594966676, 211.5091363042, 163.4824743721, 620.9160233777, 60.0682944945],
      [2.6126657784, 7.7687741924, 0.62061973905, 0.43888402145, 0.55087871321, 0.6389394873, 15.1335799626, 11.4013769955, 15.4178663596, 25.858099496, 13.9284959246, 13.3826845257, 7.6952515853, 1.5376717763, 0, 1.1669503152, 0, 0, 0.71166691647, 4.9083048778, 0.39106401248, 0.50509805253, 12.5748044975, 8.2694152451, 0.49003290616, 3.3144608252, 10.0617023531, 5.2444114842, 6.9752555543, 30.0720940725, 10.9480693815, 5.0067491299, 9.1601791056, 4.6424354596, 8.6536803258, 5.9625218485, 13.6008169823, 0, 2.5763619689, 2.3657760967, 1.5013625519, 7.965861206, 14.4710693665, 15.2081623892, 13.8299538436, 14.9679933834, 6.7806495522, 0.71227787654, 15.4708350635, 0.11591360612, 8.543586175, 7.9103265899, 8.2280415832, 32.7369072997, 15.4981343216, 11.0334841433, 1.0602327106, 71.1240518537, 0.67634403968, 13.6982844384, 13.188973444, 52.9926055427, 1.5071499539]
    ],
    [
      [0.39898801176, 1.8785272955, 0.15025451957, 0, 0.1541104819, 0.19079226295, 5.0523863474, 2.7036701795, 6.7194722833, 2.017937831, 5.5195644657, 5.8487020517, 4.3322867217, 1.0142485438, 0.013840384364, 0.66363852984, 0.53842520423, 0.13152257239, 0.49159309038, 2.9950832873, 0.41954111877, 0.11922888687, 4.4687391929, 2.7212357094, 0.17667268124, 2.0025081505, 1.2304591415, 0.76528995775, 0.7316222008, 3.2595108402, 3.1891458782, 1.3539390379, 8.0398745091, 0.73356648001, 2.9120847606, 3.2430913857, 8.5956834941, 0.88205978449, 1.2880403631, 0.79175692946, 0.61228230509, 1.4844485604, 4.0532867854, 5.8709551742, 11.6943360461, 2.2470961936, 1.4004403345, 0.24972983298, 2.7825313046, 0.22244176363, 1.3255326978, 1.57418489, 1.6840522656, 4.6398156829, 2.8371777446, 4.9621912675, 1.2346584783, 13.5223704333, 0.16733812544, 5.3639054448, 3.8836264317, 20.8348348365, 1.7267804579],
      [23.9407661132, 99.6586459987, 37.3625514237, 6.0432593736, 4.208090412, 8.2706241099, 288.8569441901, 196.8664287554, 509.3592205706, 157.2046602013, 485.6802992138, 470.6044874147, 273.678334083, 68.2223414423, 3.7114711942, 31.3977814834, 14.6575253011, 8.0718943916, 20.1878216669, 277.4052856806, 19.873322172, 16.4734683603, 327.2750854042, 147.6696496536, 14.2346765883, 153.1491192851, 74.1927113856, 38.614136211, 54.6575878481, 206.4571090446, 174.1761526611, 59.4454360628, 573.9770101072, 51.8544073756, 177.4795618516, 178.8957426207, 603.1134401369, 40.0923770811, 60.5284987919, 42.5573363719, 24.8514896453, 69.2186069238, 306.8077525652, 355.506492663, 740.1562308607, 131.6641523894, 94.0226908993, 3.5709636136, 132.4753614257, 11.967110123, 97.0516677663, 75.2896859818, 97.0174193377, 326.4155223678, 163.8063526735, 317.4175209535, 86.1144606648, 1083.9625226731, 31.1677154688, 412.8416045284, 268.4705926699, 1039.5477102617, 109.1529985946],
      [4.6197012084, 16.3274209403, 4.4024637319, 0.95185722059, 0.63269352278, 1.5300697128, 53.6420283634, 32.1049089182, 81.2442158226, 28.5371993658, 69.0177463418, 66.8707101411, 32.6819238105, 12.6753985875, 0.27468842146, 5.9161994961, 0.80404949462, 1.796583036, 2.2994489105, 55.3201730401, 3.6897228242, 2.3863557537, 82.8455965055, 29.3107494868, 2.5621465516, 26.66992545, 13.4659044942, 6.5576153594, 9.538777447, 42.874315631, 56.3804325807, 16.072418574, 109.2093256222, 9.3370848465, 32.408045623, 30.7135245293, 119.2399878865, 7.0255631344, 10.0355935061, 6.5671889724, 3.4636517749, 10.0986525192, 53.7119051077, 63.1185374398, 160.3080974559, 24.8034952471, 17.4357757696, 1.1630989189, 22.503215612, 1.7826126493, 20.4473195933, 11.9857250984, 16.1931478328, 70.4044530017, 35.1337595014, 62.1096856561, 16.555317769, 189.8758901424, 4.6362796623, 68.3073398182, 45.2437774825, 172.0006774728, 22.0594423471],
      [0.04054466665, 0.13540576548, 0.084730324835, 0.0048834057747, 0.0051055832684, 0.008513914405, 0.44864109912, 0.32499214683, 0.6770913235, 0.24020260192, 0.78238997872, 0.67610039244, 0.30745538485, 0.088011426397, 0, 0.022380490602, 0, 0, 0.021136332254, 0.27945799198, 0.01741388505, 0.02094699906, 0.41057889744, 0.29836515013, 0.026504178847, 0.17844711436, 0.11092497864, 0.062958471858, 0.0720125041, 0.40906448421, 0.25426887997, 0.12820632539, 0.77378976153, 0.074941297906, 0.20030776487, 0.14764146429, 1.0508884825, 0, 0.14786733888, 0.083717726274, 0.072576274722, 0.19829199663, 0.42705554178, 0.50401472304, 0.84133563738, 0.28525616992, 0.14109299652, 0.016207634489, 0.23889165763, 0.027835464107, 0.17547994258, 0.15040402972, 0.10538056387, 0.54020894758, 0.22271008057, 0.51060212291, 0.095563087859, 1.6392167512, 0.028666743499, 0.48715020855, 0.40200341589, 1.6167774289, 0.060778600415]
    ],
    [
      [0.01442672191, 0.032671007879, 0.00054860202399, 0, 0.012480998176, 0.0036609862006, 0.11037330148, 0.086568361667, 0.047079447003, 0.10497219492, 0.033324334184, 0.12018471621, 0.082834324317, 0.030710135956, 0, 0.018223891421, 0, 0, 0, 0.025725670829, 0.0069494102746, 0.0012552339433, 0.105621707, 0.040257942377, 0.0017632726211, 0.017937659374, 0.073177324391, 0.028612583097, 0.031267409137, 0.14139981549, 0.088969467455, 0.02692726585, 0.085330264545, 0.036039619066, 0.073968337678, 0.093874128629, 0.099943505638, 0.014046883611, 0.0089868534199, 0.02066186493, 0.0033390414014, 0.040386289796, 0.1155764597, 0.12079815473, 0.15929645041, 0.06875452695, 0.048440283987, 0.0094986449165, 0.06929590203, 0.0022230631041, 0.051639702217, 0.039736320281, 0.078092245931, 0.20320008708, 0.096163738083, 0.096458603342, 0.0022708095137, 0.38196253637, 0.0042419016852, 0.071905600852, 0.079439053924, 0.31166926959, 0.018713441351],
      [0.17952071953, 0.3677106444, 0.028589527405, 0.070082505764, 0.060165929575, 0.030964102784, 1.345288615, 1.3421520328, 0.76159910674, 1.7397190499, 0.62571009217, 2.0634614775, 1.1152525936, 0.43683581434, 0, 0.18006682417, 0, 0, 0, 0.50793256751, 0.067812475891, 0.035431813519, 1.6497313471, 0.4646505303, 0.028825504684, 0.29179491983, 0.93391728179, 0.30277284607, 0.49263083736, 1.9075896103, 1.0348340106, 0.24992653027, 1.3003048429, 0.53699349998, 0.95959405324, 1.1022149791, 1.4969230759, 0.13398653181, 0.08917202399, 0.23325111048, 0.028100511228, 0.398184945, 1.8652610146, 1.5600959875, 2.1526723845, 0.85637848086, 0.68974862011, 0.02404146332, 0.70124927957, 0.024011854613, 0.80219885439, 0.40229092204, 0.95429619319, 3.0486019073, 1.1815442911, 1.3157122936, 0.033568926122, 6.53923407, 0.16480028148, 1.1806695748, 1.1704363079, 3.3210792321, 0.25118367057],
      [4.2612742205, 7.1768226681, 0.42283712787, 1.5599758761, 1.3827863538, 0.76680224407, 29.54645503, 25.941207628, 14.3508656472, 37.4323575757, 10.5090795436, 34.6548759938, 15.7793019695, 9.7489576153, 0, 4.1414213543, 0, 0, 0, 11.9983061048, 1.5855699345, 0.66867722733, 49.3638034544, 10.9574256077, 0.6699920103, 6.0385042687, 20.2309042376, 6.217429709, 10.3129597085, 46.8935083702, 39.6490364955, 8.0832969045, 29.2279351694, 11.6139281803, 20.7671226431, 22.4368764589, 34.9545757914, 2.8519665846, 1.7843642239, 4.3742747605, 0.49044832106, 6.9633749396, 38.6190032035, 32.7443246127, 55.0289132644, 19.1507873607, 15.2458892936, 1.1863453712, 14.1437375268, 0.50220716567, 20.1295637486, 7.6512682906, 18.9647142715, 77.7072732642, 30.0303009299, 30.4560268019, 0.77483945085, 135.0977328034, 3.0222991511, 23.0868751231, 23.3469480548, 64.8137431244, 6.0431102008],
