{
  "X": [
    [11, 2, 10, 8, 17, 13, 6, 7, 14, 12],
    [8, 0, 12, 9, 17, 12, 9, 4, 14, 15],
    [6, 6, 6, 12, 12, 20, 12, 5, 15, 6],
    [6, 1, 12, 6, 17, 20, 6, 4, 14, 14],
    [8, 5, 6, 5, 17, 23, 9, 5, 9, 13],
    [10, 2, 10, 11, 12, 10, 7, 6, 11, 21],
    [11, 0, 9, 9, 22, 18, 8, 4, 7, 12],
    [7, 5, 13, 10, 14, 12, 9, 4, 11, 15],
    [10, 5, 4, 10, 24, 4, 10, 4, 17, 12],
    [5, 5, 2, 18, 14, 6, 6, 6, 25, 13],
    [5, 6, 6, 14, 16, 7, 5, 7, 12, 22],
    [8, 7, 3, 12, 20, 9, 1, 8, 18, 14],
    [5, 5, 2, 21, 11, 2, 5, 10, 20, 19],
    [13, 5, 5, 9, 11, 9, 6, 10, 22, 10],
    [7, 4, 6, 14, 12, 8, 6, 15, 16, 12],
    [8, 2, 8, 13, 10, 6, 10, 11, 17, 15],
    [2, 5, 9, 12, 14, 8, 5, 10, 19, 16],
    [10, 4, 11, 12, 7, 13, 2, 7, 20, 14],
    [9, 0, 5, 12, 15, 18, 4, 5, 16, 16],
    [10, 3, 6, 15, 17, 20, 4, 5, 14, 6],
    [8, 2, 8, 13, 9, 13, 3, 7, 25, 12],
    [8, 2, 6, 6, 12, 18, 6, 9, 24, 9],
    [9, 3, 2, 11, 19, 21, 5, 3, 21, 6],
    [13, 5, 5, 12, 13, 11, 6, 10, 19, 6],
    [7, 6, 15, 4, 14, 20, 8, 5, 12, 9],
    [19, 1, 1, 9, 5, 16, 12, 5, 16, 16],
    [14, 1, 5, 9, 9, 8, 13, 11, 17, 13],
    [11, 3, 5, 7, 7, 23, 12, 8, 12, 12],
    [21, 5, 3, 5, 5, 21, 8, 6, 14, 12],
    [12, 3, 5, 10, 5, 16, 12, 9, 16, 12],
    [9, 1, 1, 12, 11, 18, 16, 6, 12, 14],
    [17, 4, 3, 11, 10, 15, 9, 12, 11, 8],
    [13, 1, 1, 11, 6, 21, 6, 9, 19, 13],
    [12, 4, 3, 11, 14, 13, 11, 7, 12, 13],
    [4, 4, 4, 12, 24, 13, 15, 4, 5, 15],
    [5, 5, 5, 17, 22, 6, 13, 6, 8, 13],
    [4, 4, 7, 11, 18, 9, 19, 5, 6, 17],
    [4, 6, 5, 14, 20, 7, 17, 1, 11, 15],
    [7, 7, 7, 10, 16, 7, 13, 3, 14, 16],
    [8, 10, 9, 4, 19, 6, 19, 3, 7, 15],
    [5, 4, 7, 9, 22, 5, 16, 4, 11, 17],
    [9, 10, 7, 8, 14, 4, 14, 2, 16, 16],
    [12, 4, 5, 3, 14, 21, 8, 5, 11, 17],
    [10, 4, 2, 11, 11, 19, 3, 4, 24, 12],
    [9, 6, 0, 13, 7, 24, 8, 7, 13, 13],
    [10, 6, 5, 9, 7, 16, 5, 7, 18, 17],
    [5, 10, 6, 9, 6, 20, 2, 10, 22, 10],
    [12, 6, 3, 8, 10, 19, 7, 9, 10, 16],
    [8, 12, 2, 6, 11, 20, 3, 5, 16, 17],
    [9, 7, 3, 14, 7, 20, 5, 6, 14, 15]
  ],
  "W": [
    [56, 8, 7, 12, 9, 8],
    [67, 3, 7, 9, 11, 3],
    [53, 7, 8, 8, 13, 11],
    [60, 7, 7, 7, 13, 6],
    [58, 9, 6, 13, 6, 8],
    [57, 10, 9, 9, 7, 8],
    [60, 8, 9, 9, 7, 7],
    [55, 8, 10, 10, 7, 10],
    [24, 34, 4, 15, 11, 12],
    [12, 55, 7, 5, 9, 12],
    [8, 57, 9, 5, 17, 4],
    [10, 60, 9, 7, 6, 8],
    [5, 53, 10, 11, 10, 11],
    [6, 57, 8, 7, 11, 11],
    [12, 62, 8, 3, 8, 7],
    [8, 62, 9, 8, 7, 6],
    [14, 38, 25, 9, 8, 6],
    [9, 7, 64, 2, 6, 12],
    [10, 9, 58, 9, 8, 6],
    [9, 6, 60, 7, 6, 12],
    [8, 9, 63, 11, 3, 6],
    [3, 11, 59, 15, 5, 7],
    [10, 12, 54, 7, 5, 12],
    [9, 9, 56, 9, 9, 8],
    [8, 6, 55, 5, 10, 16],
    [8, 5, 14, 59, 2, 12],
    [10, 9, 5, 54, 13, 9],
    [9, 6, 10, 54, 12, 9],
    [5, 10, 4, 52, 7, 22],
    [10, 8, 6, 50, 17, 9],
    [7, 13, 7, 60, 5, 8],
    [7, 12, 8, 60, 4, 9],
    [7, 8, 6, 65, 3, 11],
    [7, 6, 4, 32, 42, 9],
    [8, 7, 11, 8, 58, 8],
    [6, 12, 5, 4, 63, 10],
    [6, 7, 14, 10, 58, 5],
    [11, 12, 6, 7, 58, 6],
    [7, 11, 8, 8, 58, 8],
    [13, 6, 9, 5, 58, 9],
    [8, 5, 8, 8, 62, 9],
    [5, 11, 12, 8, 45, 19],
    [5, 13, 8, 10, 9, 55],
    [9, 5, 15, 13, 9, 49],
    [7, 9, 7, 9, 7, 61],
    [12, 6, 9, 13, 5, 55],
    [6, 10, 10, 12, 10, 52],
    [11, 13, 8, 10, 3, 55],
    [7, 10, 9, 4, 6, 64],
    [12, 13, 9, 6, 7, 53]
  ],
  "method": "mvn_pdf",
  "cond_prob": [
    [
      [0.094256120998, 0.0084174432162, 0.14411469874, 0.064420316887, 0.20939556506, 0.14930653263, 0.051287689218, 0.041066873881, 0.11289042685, 0.12484433253],
      [0.071279073012, 0.027755620305, 0.030375900267, 0.14677295173, 0.14308419013, 0.0098712383088, 0.021605033052, 0.18947792398, 0.23105492254, 0.12872314668],
      [0.10641532294, 0.0084025585592, 0.10364425697, 0.09721490691, 0.12993038997, 0.14107761261, 0.0099591524856, 0.088002509057, 0.25111372277, 0.064239567728],
      [0.26072375239, 0.001367538918, 0.003798163692, 0.064394653759, 0.025385959838, 0.15478230343, 0.093610823582, 0.15289990804, 0.15713311459, 0.085903781769],
      [0.034271132849, 0.052133041599, 0.073985053185, 0.11345577735, 0.28373161792, 0.01692166263, 0.18445693811, 0.021118916553, 0.06090004716, 0.15902581264],
      [0.13534283829, 0.071039381931, 0.010272934669, 0.068997510002, 0.052020850283, 0.21609927215, 0.019854342682, 0.086555655086, 0.20326330687, 0.13655390803]
    ],
    [
      [0.069013198917, 0.0038719202159, 0.15148052742, 0.075196276119, 0.18975069425, 0.13784536145, 0.069391010113, 0.025127107359, 0.12478480936, 0.1535390948],
      [0.054027607799, 0.013070541578, 0.03309772472, 0.17776065292, 0.13431632282, 0.0094403119305, 0.030217511364, 0.11928038072, 0.26490557249, 0.16388337365],
      [0.079725127501, 0.0039527495861, 0.11161057532, 0.11627282388, 0.12063957025, 0.13335176545, 0.013767396469, 0.055005891578, 0.2848901034, 0.080783996559],
      [0.20331550037, 0.00067421434256, 0.0042751868844, 0.08035350466, 0.024645771739, 0.15275014321, 0.13572641055, 0.099575774278, 0.18581068415, 0.11287280982],
      [0.023756110686, 0.022240864018, 0.07355725426, 0.12528711413, 0.24279270984, 0.014782614626, 0.23689361461, 0.012223966048, 0.063568590074, 0.18489716171],
      [0.10516905411, 0.033765052731, 0.011480978774, 0.085510933744, 0.050129639337, 0.21191495383, 0.028468439354, 0.056162821664, 0.23902865942, 0.17836946704]
    ],
    [
      [0.05476604899, 0.027529866039, 0.089909134592, 0.10066996645, 0.1484035534, 0.23983888957, 0.10509833299, 0.02900066535, 0.1246266695, 0.080156873123],
      [0.040792519048, 0.090469622745, 0.018754395139, 0.22711585942, 0.0999834585, 0.015525976371, 0.043452266954, 0.13105122102, 0.25150621086, 0.081348469935],
      [0.060185234209, 0.026785966453, 0.06309273715, 0.14832490172, 0.089839046837, 0.22080098836, 0.019780904621, 0.060441733991, 0.2704841729, 0.040264313759],
      [0.14247645224, 0.0042340712257, 0.0022667190331, 0.095568490716, 0.017162727635, 0.23612285054, 0.18310949448, 0.10191945918, 0.16470107757, 0.052438657369],
      [0.016471867744, 0.14339487493, 0.038183721712, 0.14651141191, 0.16554686114, 0.022307714649, 0.3157184134, 0.012316190852, 0.055433037795, 0.084115905866],
      [0.063759456544, 0.1944435427, 0.0052491421237, 0.087681492902, 0.030102510497, 0.2825665816, 0.032978621147, 0.049572368211, 0.18241240575, 0.071233878521]
    ],
    [
      [0.052890825842, 0.0053413103571, 0.15833214856, 0.047199201273, 0.18235665813, 0.23964692686, 0.045545013163, 0.022059088129, 0.11315592441, 0.13347290327],
      [0.048264698319, 0.021165389066, 0.040228885926, 0.12954920353, 0.15048944035, 0.018976673875, 0.023146936266, 0.1219395968, 0.28009562507, 0.16614355079],
      [0.061737356115, 0.0055149617217, 0.11786897817, 0.073602839099, 0.11720673542, 0.23434767558, 0.0091567736096, 0.048745540767, 0.26077846671, 0.071040672807],
      [0.16471813436, 0.0009843004048, 0.0047261031011, 0.053452878537, 0.025099298186, 0.28182086283, 0.094147708798, 0.09242020849, 0.17857954117, 0.10405096412],
      [0.02148604294, 0.036609841886, 0.090593033828, 0.092624381977, 0.27556653252, 0.030086125693, 0.18266220537, 0.012660400091, 0.068006144503, 0.18970529119],
      [0.076650980734, 0.044857521582, 0.011411124029, 0.051092058502, 0.045890899696, 0.35170209543, 0.017829630672, 0.04685951339, 0.20610244689, 0.14760372908]
    ],
    [
      [0.061666163998, 0.027824989894, 0.089143840927, 0.043579538378, 0.20692212217, 0.26852744421, 0.077397885929, 0.024028344599, 0.070251619244, 0.13065805065],
      [0.055668587264, 0.11159976739, 0.022529517546, 0.11827892707, 0.16884469543, 0.021034671711, 0.038807125147, 0.13113934178, 0.1711465855, 0.16095078116],
      [0.077424298329, 0.030912683673, 0.071492350295, 0.073094508169, 0.14288182413, 0.282446129, 0.016657992385, 0.057089797183, 0.1732280415, 0.074772375329],
      [0.17996408932, 0.0047733981628, 0.0025113798335, 0.04624861829, 0.026632789949, 0.29588597172, 0.1507440058, 0.094138285211, 0.10363978801, 0.095461673687],
      [0.019904263242, 0.15695305779, 0.040637230223, 0.067772208208, 0.24791430709, 0.02679876967, 0.248177881, 0.010964718212, 0.033625878948, 0.14725168563],
      [0.075059712022, 0.20857978695, 0.0054381652651, 0.039654674634, 0.043704335199, 0.33080037476, 0.025410136243, 0.042855026255, 0.10708518402, 0.12141260465]
    ],
    [
      [0.084663783882, 0.0084699985256, 0.13596350682, 0.087261495699, 0.14946675935, 0.11916101416, 0.062346355626, 0.031830698877, 0.083094643102, 0.23774174396],
      [0.062923298867, 0.027462872864, 0.028199101248, 0.19609618301, 0.10051452038, 0.0077607889498, 0.025777911623, 0.14348605775, 0.16664145313, 0.24113781218],
      [0.10324074223, 0.0091321181535, 0.10568316839, 0.14251760264, 0.10033065842, 0.12163850651, 0.013043338949, 0.073568507519, 0.19914056942, 0.13170478778],
      [0.23902815104, 0.0014062363, 0.0036661473146, 0.089151955577, 0.018586700274, 0.12616705062, 0.11657195781, 0.12053562725, 0.11801640935, 0.16686976447],
      [0.027710525925, 0.04710958975, 0.062798433194, 0.13833557917, 0.1817744138, 0.012179197647, 0.20243258827, 0.014743418343, 0.040383091611, 0.27253316229],
      [0.12074122178, 0.071131308404, 0.0096407510462, 0.092888714191, 0.037015854883, 0.17117863847, 0.023942588473, 0.06654634904, 0.14836382391, 0.2585507498]
    ],
    [
      [0.09193091602, 0.0036819867876, 0.11748731041, 0.066922396526, 0.26467033646, 0.1916136903, 0.06804604809, 0.019858275591, 0.057577171711, 0.1182118681],
      [0.085638206721, 0.014843095719, 0.030587904135, 0.18857677789, 0.22288964599, 0.015547493914, 0.035240724454, 0.11170732227, 0.1446130962, 0.15035573271],
      [0.11768180937, 0.0041640891677, 0.095928748803, 0.11459335127, 0.18604204548, 0.20533702844, 0.014928593495, 0.048026125373, 0.14435188075, 0.068946327845],
      [0.27828583386, 0.00065562443371, 0.0033947664191, 0.073100696953, 0.034978051761, 0.21718564283, 0.13624628666, 0.079910744257, 0.087347214834, 0.088895137997],
      [0.031747125184, 0.021230170169, 0.057393517554, 0.11194557612, 0.34073275445, 0.020576133845, 0.23410250685, 0.0097207461037, 0.029578364788, 0.14297310494],
      [0.14897470169, 0.034184826448, 0.0094695118917, 0.080828277663, 0.073956497537, 0.31354777525, 0.029621230609, 0.047020896561, 0.1165247872, 0.14587149515]
    ],
    [
      [0.055626602849, 0.023883098645, 0.19665451276, 0.078543250162, 0.17540690963, 0.13196253897, 0.08226027262, 0.020097711111, 0.080968608644, 0.15459649462],
      [0.045641494932, 0.086582002616, 0.044781873604, 0.19470275887, 0.13006947335, 0.0094706463986, 0.037462808441, 0.09910143315, 0.1792150404, 0.17297246824],
      [0.069871208709, 0.026548551279, 0.1573796763, 0.13217606567, 0.12127938122, 0.13888178366, 0.01770003924, 0.04772562607, 0.19998340047, 0.088454267389],
      [0.18145116569, 0.0045836869841, 0.0061181744224, 0.093192381061, 0.025261526087, 0.16239753187, 0.1793567042, 0.087883882608, 0.13358921211, 0.12616573497],
      [0.016765883089, 0.12451840812, 0.083111760943, 0.11418806008, 0.19574051807, 0.012380489959, 0.24609803738, 0.0085620938407, 0.03614250103, 0.16249224749],
      [0.078909874377, 0.20715996623, 0.013813944075, 0.083301382499, 0.043198641196, 0.18895440447, 0.031424258205, 0.04175187229, 0.14401960671, 0.16746604995]
    ],
    [
      [0.070310685713, 0.013611480572, 0.088701045019, 0.057302569375, 0.38673557461, 0.076190457205, 0.085863124844, 0.014143141486, 0.097210585249, 0.10993133593],
      [0.057331142308, 0.048544977125, 0.020135845451, 0.14051206851, 0.2841350153, 0.0054565916913, 0.038841960098, 0.068648311788, 0.21412536302, 0.1222687247],
      [0.09089060948, 0.015552680615, 0.073059558731, 0.098964812869, 0.27364948319, 0.082496925809, 0.018975892167, 0.034430548504, 0.24719782707, 0.064781661571],
      [0.24247947605, 0.0027500146989, 0.0029059842598, 0.071362506823, 0.057757619807, 0.09863017936, 0.19685723249, 0.06442870851, 0.16852022085, 0.094308057152],
      [0.019723035295, 0.064880197043, 0.03498181289, 0.077467234467, 0.40322240429, 0.0066876664061, 0.23939319613, 0.0056244482158, 0.040440271918, 0.10757973335],
      [0.11909218571, 0.136782419, 0.0074380845793, 0.072368649183, 0.11218454636, 0.13009573692, 0.039010028176, 0.034905509797, 0.20623595074, 0.14188688954]
    ],
    [
      [0.054676494048, 0.01406215505, 0.07412914096, 0.11032049075, 0.21384818467, 0.13515795507, 0.074284780093, 0.020594083948, 0.16435756169, 0.13856915373],
      [0.037126228665, 0.041686100432, 0.014071632848, 0.2260493021, 0.13127968932, 0.0079642476024, 0.027972701301, 0.083432901268, 0.30201619463, 0.12840100184],
      [0.058691007347, 0.013364059179, 0.050729457179, 0.15857808923, 0.12623435832, 0.12139092756, 0.013638264786, 0.041705018835, 0.3477962205, 0.067872597055],
      [0.15542297217, 0.0023623526447, 0.0020293923003, 0.11407897493, 0.026789680393, 0.14506817941, 0.14123020515, 0.077865502021, 0.23649782918, 0.098654911796],
      [0.016742557348, 0.073042565994, 0.031997119731, 0.16316877525, 0.24320431717, 0.012781910771, 0.2273934116, 0.0089356920851, 0.074560671799, 0.14817297825],
      [0.071974527772, 0.10907210926, 0.0048733282373, 0.1085456798, 0.048755844686, 0.18008011127, 0.026278951034, 0.039589168482, 0.27159633541, 0.13923394404]
    ],
    [
      [0.049238960086, 0.015322046697, 0.14999623678, 0.064454352979, 0.18932286905, 0.18725340886, 0.046246924176, 0.018717377992, 0.065722685567, 0.21372513782],
      [0.042983421166, 0.058511192948, 0.036066063431, 0.16927273956, 0.14966314491, 0.013942432031, 0.022477277558, 0.097560716445, 0.15451118249, 0.25501182946],
      [0.063572843006, 0.017479790237, 0.12314133808, 0.11110975537, 0.13446213303, 0.20283635749, 0.010258298961, 0.045512907923, 0.16611365891, 0.12551291699],
      [0.16637142903, 0.0030428421173, 0.0047723161603, 0.078896828773, 0.028133128289, 0.23962023534, 0.10355093943, 0.083825743729, 0.1117728805, 0.18001365662],
      [0.016855199217, 0.089377824848, 0.071758038793, 0.10649761974, 0.24109600476, 0.01949361758, 0.15631172399, 0.009081838423, 0.033420021114, 0.25610811154],
      [0.06991667889, 0.1284952935, 0.010451003107, 0.068344712993, 0.046633304026, 0.27138785645, 0.017720609637, 0.038775872475, 0.11664669023, 0.23162797869]
    ],
    [
      [0.07162926383, 0.021254104931, 0.084534176594, 0.058899714324, 0.29160592144, 0.20184055951, 0.026744151845, 0.02074226305, 0.091710185375, 0.1310396591],
      [0.059086500456, 0.076971660795, 0.01943653416, 0.14616626197, 0.21756136256, 0.014283122174, 0.012328336453, 0.1022368989, 0.2041882357, 0.14774108683],
      [0.085768551539, 0.02250904024, 0.064492887719, 0.094156412414, 0.19159997697, 0.2023023562, 0.0055307930857, 0.046786963558, 0.21531291702, 0.071540101253],
      [0.23329635185, 0.0040488447998, 0.0026168540542, 0.06918365066, 0.041308707382, 0.2473608203, 0.057236608789, 0.089151605079, 0.14975791821, 0.10603863888],
      [0.024874142699, 0.12676894762, 0.041435845594, 0.098943948159, 0.37843580242, 0.02145072341, 0.090950122801, 0.010231710085, 0.047380188848, 0.15952856837],
      [0.09504906404, 0.16782905849, 0.0055747399058, 0.058336189125, 0.066716234585, 0.27201813589, 0.0096093792356, 0.040136069599, 0.15215841228, 0.13257271685]
    ],
    [
      [0.050367556064, 0.014992978662, 0.080367319488, 0.14457141648, 0.19215251586, 0.077304643488, 0.058525073057, 0.032323494041, 0.12486369875, 0.22453130412],
      [0.03101575751, 0.040306081872, 0.013762893061, 0.26879467335, 0.10681190044, 0.0041806586195, 0.020016341688, 0.11913576999, 0.20742160883, 0.18855431464],
      [0.056089238014, 0.014777770799, 0.056995311897, 0.21578889914, 0.1176638243, 0.072078222843, 0.011175480898, 0.068010236909, 0.27362876001, 0.11379225519],
      [0.14640570627, 0.0025749468674, 0.0022366397249, 0.15298159487, 0.024615961835, 0.08489341666, 0.11360124622, 0.12560191194, 0.18374696047, 0.16334161516],
      [0.014627246476, 0.073866878316, 0.032713732002, 0.2026426644, 0.20670678556, 0.0070035033744, 0.16795595983, 0.013276418591, 0.053699079798, 0.22750773165],
      [0.066841829332, 0.11767909253, 0.0052957821547, 0.14345118518, 0.044166476323, 0.10340822752, 0.020923462716, 0.06274976389, 0.20784811789, 0.22763606246]
    ],
    [
      [0.15051648375, 0.011553681873, 0.13998260764, 0.04551069693, 0.14406403636, 0.21464811497, 0.059363105212, 0.02549140956, 0.11415336959, 0.094716494109],
      [0.13081560721, 0.043892295654, 0.033507835224, 0.1189944853, 0.11373460915, 0.015988813927, 0.028714236039, 0.13299595181, 0.26870326467, 0.11265290103],
      [0.16840551737, 0.011417695564, 0.099143406553, 0.067842304462, 0.088611328164, 0.20062535394, 0.011367098524, 0.053718443897, 0.25053981088, 0.048329040648],
      [0.36988714737, 0.0016511890478, 0.0031888269313, 0.039982947375, 0.015410641413, 0.19568871173, 0.09538924393, 0.082011170107, 0.13943516335, 0.057354958738],
      [0.059896574438, 0.078629711273, 0.078432686822, 0.08801318681, 0.21518100879, 0.026220587588, 0.23848268886, 0.01446948487, 0.067845752027, 0.13282831853],
      [0.19585422547, 0.087794660532, 0.0088719839669, 0.044042466825, 0.032440656987, 0.28312141614, 0.020709631622, 0.048244799241, 0.18530550151, 0.093614657703]
    ],
    [
      [0.072220875419, 0.010691183545, 0.15793431397, 0.069189225169, 0.1614678882, 0.20738663151, 0.073135678847, 0.045821920749, 0.085938736401, 0.11621354619],
      [0.058132924768, 0.037560809731, 0.034995237255, 0.16772526048, 0.11779913896, 0.014262258436, 0.032647733653, 0.22238381997, 0.18666734636, 0.12782547038],
      [0.084249408374, 0.011028449166, 0.11694489704, 0.10780277586, 0.1036835489, 0.20239638834, 0.014574296417, 0.10099208936, 0.19647227453, 0.061855872008],
      [0.19719438534, 0.0017185487551, 0.0040562576557, 0.068395561158, 0.019421389193, 0.21266671812, 0.13281153273, 0.16661510006, 0.11798472893, 0.079135778068],
      [0.025669539001, 0.064557929079, 0.078586899344, 0.11898554696, 0.21389458055, 0.022499146253, 0.26249736473, 0.023109220369, 0.045448296628, 0.14475147709],
      [0.10090160175, 0.087466928031, 0.010804393509, 0.072108342343, 0.039139713077, 0.29491035367, 0.027404149599, 0.093521051191, 0.15002405229, 0.12371941453]
    ],
    [
      [0.065202260273, 0.0059882574942, 0.252697677, 0.055254385084, 0.12805041573, 0.1305174435, 0.13638975933, 0.024407631745, 0.076104705244, 0.1253874646],
      [0.062016093455, 0.024770771093, 0.06517125857, 0.15806851164, 0.11044196233, 0.0107180039, 0.071567755728, 0.13902164308, 0.19522320389, 0.16300079631],
      [0.085854628001, 0.0069683788901, 0.21050382984, 0.097119937856, 0.092870278879, 0.14403858347, 0.030455212598, 0.060574549259, 0.19635868263, 0.07525591857],
      [0.19389695281, 0.001049565153, 0.0069321428742, 0.059494928212, 0.016798826134, 0.14597447556, 0.27279804732, 0.096244695428, 0.1138094685, 0.093000898008],
      [0.019873449512, 0.030703196599, 0.10643854783, 0.081245803677, 0.1449442714, 0.012262268374, 0.42588753529, 0.010546813396, 0.034460743565, 0.13363737035],
      [0.11425135756, 0.060913057416, 0.021240622659, 0.072127838092, 0.038909375111, 0.2326991791, 0.063693844843, 0.062298940955, 0.16648875078, 0.16737703349]
    ],
    [
      [0.030238687862, 0.017563464946, 0.19986421891, 0.067342766171, 0.19598956465, 0.1255077708, 0.055475505297, 0.03199759783, 0.10203040062, 0.17399002292],
      [0.023486818972, 0.059805536139, 0.042707727404, 0.15716852523, 0.1374605923, 0.0084884310126, 0.023915291229, 0.14915726019, 0.2135101015, 0.18429971602],
      [0.036597045609, 0.018824741058, 0.15392214317, 0.10907610963, 0.13060446128, 0.12740167431, 0.011523233313, 0.073251111937, 0.24283378319, 0.095965696511],
      [0.1039811712, 0.0035860586518, 0.006536874532, 0.084854149596, 0.02990927127, 0.16442177758, 0.12863297047, 0.14846084539, 0.17874668021, 0.1508702011],
      [0.0099308616663, 0.098421234706, 0.091223909784, 0.10623441451, 0.23804224571, 0.012739592372, 0.18018242825, 0.01481334252, 0.04948498783, 0.19892698265],
      [0.044449982738, 0.15495373442, 0.014437377949, 0.074138282182, 0.050018707702, 0.18690962754, 0.02201801372, 0.068975467182, 0.1883058872, 0.19579291937]
    ],
    [
      [0.087346854632, 0.015722289756, 0.17813033433, 0.078906082615, 0.12291320184, 0.14538376388, 0.037838317565, 0.031004809616, 0.10200170343, 0.20075264235],
      [0.06593495069, 0.052099515354, 0.037386550644, 0.17950055481, 0.084014287489, 0.0096068710513, 0.015894997486, 0.14114370098, 0.2074988486, 0.20691972289],
      [0.10086924437, 0.016051380943, 0.13102137748, 0.12185096919, 0.078185900107, 0.14058783418, 0.0074986211202, 0.06770626017, 0.23102483158, 0.10520358086],
      [0.2524371804, 0.0026667786179, 0.0048923842282, 0.082495385014, 0.015666107804, 0.1576444854, 0.072287382611, 0.11958846126, 0.14816500743, 0.14415682723],
      [0.031499805269, 0.097790790336, 0.090402415476, 0.13774619944, 0.16500440087, 0.016345929256, 0.13646731739, 0.01583430851, 0.054645998787, 0.25426283467],
      [0.11593531832, 0.12483441976, 0.01170952817, 0.07818910016, 0.028385455055, 0.19455591327, 0.013541365087, 0.060210911371, 0.16931393096, 0.20332405784]
    ],
    [
      [0.066709205429, 0.0038146274344, 0.082750550083, 0.072582753494, 0.20952722664, 0.19503925383, 0.049553347783, 0.019341159399, 0.07882179636, 0.22186007955],
      [0.056052609465, 0.013847685557, 0.019497626514, 0.18379066083, 0.15914119328, 0.014274926985, 0.02314267945, 0.09726712865, 0.17826612338, 0.25471936589],
      [0.08351640865, 0.0042194881894, 0.066223591301, 0.12153438302, 0.14417003982, 0.20462260226, 0.010630828296, 0.045678552257, 0.19339277734, 0.12601132887],
      [0.20167930851, 0.00068259822772, 0.0024141558545, 0.079710689297, 0.027854591713, 0.22237678965, 0.099834406749, 0.077892564072, 0.12021581508, 0.16733908085],
      [0.023364099119, 0.022309427353, 0.0409706754, 0.12276853586, 0.27317911508, 0.021178342791, 0.17336247338, 0.0095862439794, 0.040953272672, 0.27232781436],
      [0.096687098593, 0.031643360003, 0.006005064157, 0.078545783596, 0.052509511961, 0.28594583689, 0.019331150115, 0.040937854724, 0.1428457437, 0.24554859626]
    ],
    [
      [0.075967144873, 0.010977608279, 0.097657015465, 0.10232122365, 0.2678243255, 0.20769692857, 0.057382932433, 0.020277828578, 0.071866852815, 0.088028139831],
      [0.063969671074, 0.040447342443, 0.023011560647, 0.26061661511, 0.20363278002, 0.015242594689, 0.026804841635, 0.10232311061, 0.16279644968, 0.1011550341],
      [0.090984706186, 0.011624898577, 0.074690495788, 0.16412005328, 0.1759990627, 0.20840074449, 0.011743000543, 0.045824585748, 0.16850759841, 0.048104854273],
      [0.23160411716, 0.0019701934911, 0.0028586252375, 0.11310431611, 0.035686724615, 0.23831897365, 0.11687344518, 0.08226518303, 0.11026883419, 0.067049587336],
      [0.025506286958, 0.062884850627, 0.046284706195, 0.1661538477, 0.33488300199, 0.021643760472, 0.1938576201, 0.009639189715, 0.035826314923, 0.10332042132],
      [0.11163857294, 0.095752105144, 0.0071625755967, 0.11226060889, 0.067803528302, 0.30857797088, 0.022645806806, 0.043519481481, 0.13194943367, 0.098689916296]
    ],
    [
      [0.062624427781, 0.010057400853, 0.13616114453, 0.090037354874, 0.15734061266, 0.15078628764, 0.049578746613, 0.028374687571, 0.13539009745, 0.17964924003],
      [0.045409288461, 0.031877553299, 0.027517361897, 0.19674993557, 0.10310855898, 0.0095626317763, 0.019954145906, 0.12345115538, 0.26471819707, 0.17765117166],
      [0.069435481076, 0.009867951209, 0.096328245761, 0.13366873508, 0.09605649449, 0.14010354907, 0.0094216551882, 0.059460275332, 0.2951267522, 0.090530860596],
      [0.18099752645, 0.0017180358523, 0.0037778547463, 0.094780465536, 0.02011546983, 0.16466051964, 0.095964383315, 0.10991573794, 0.19810910807, 0.12996089862],
      [0.021930586096, 0.060184187149, 0.067008246039, 0.15214216601, 0.20442911994, 0.016412932923, 0.17366368328, 0.014041516264, 0.070184254641, 0.22000330766],
      [0.084851049678, 0.081064848709, 0.0091828092843, 0.091212780087, 0.037030984175, 0.20631697755, 0.018104752568, 0.056274230131, 0.22996499505, 0.18599657276]
    ],
    [
      [0.059183403791, 0.0089981166501, 0.11031696464, 0.044778945387, 0.20061431724, 0.20644003182, 0.085697031539, 0.034368266077, 0.12389322462, 0.12570969825],
      [0.048401737688, 0.03214183142, 0.025175713582, 0.10976718853, 0.14822723864, 0.014702680963, 0.038768246725, 0.16926449293, 0.27323487307, 0.14031599645],
      [0.068724354755, 0.0092437263514, 0.081813494206, 0.069441918848, 0.12808772772, 0.200963513, 0.016958973947, 0.075482244165, 0.28277419542, 0.066509851581],
      [0.16326808635, 0.0014707634887, 0.0029315468083, 0.045043398298, 0.024422713178, 0.21559482198, 0.15952712325, 0.12742975728, 0.17324888865, 0.087062900728],
      [0.020188333906, 0.052154272417, 0.052877186681, 0.073440790217, 0.25401428783, 0.021796521376, 0.29672398604, 0.016552754386, 0.062517482917, 0.14973438423],
      [0.082241613236, 0.073894940228, 0.0076434088823, 0.046508736867, 0.048247287006, 0.29032212494, 0.031956848787, 0.069946026392, 0.21578078096, 0.1334582327]
    ],
    [
      [0.066733407044, 0.010351146862, 0.057390800289, 0.065603415214, 0.30080002327, 0.22964038039, 0.071887922815, 0.013589317536, 0.10067728589, 0.083326300683],
      [0.05940705258, 0.040303376686, 0.014385180974, 0.17598685727, 0.24170939746, 0.017774224533, 0.035403316309, 0.072053589748, 0.24172649667, 0.10125050777],
      [0.080285379761, 0.011013394342, 0.044182133581, 0.10553643396, 0.19843191697, 0.23149377602, 0.014724295856, 0.030786994208, 0.2377875574, 0.045758117894],
      [0.20257090086, 0.0018534431489, 0.0016893281384, 0.072314458876, 0.039907735663, 0.26285882775, 0.14659291319, 0.054686877458, 0.15422089795, 0.063304616967],
      [0.022090868128, 0.058312127295, 0.026913419287, 0.10478016345, 0.37069755843, 0.023534479044, 0.2415450791, 0.0063733452572, 0.049414665372, 0.096338294637],
      [0.096333422933, 0.088420249623, 0.0041696270901, 0.070728055712, 0.07472496893, 0.3355228734, 0.027794563833, 0.028606313656, 0.18193754706, 0.091762377765]
    ],
    [
      [0.12091625984, 0.025691465392, 0.09302606468, 0.082829693274, 0.20394182996, 0.13874562629, 0.082474388747, 0.050295896661, 0.10566669056, 0.096412084589],
      [0.082045367707, 0.07697382345, 0.017688676394, 0.16937858267, 0.12503619253, 0.0082474219419, 0.031001607669, 0.2071249006, 0.19332428798, 0.089179139055],
      [0.13400206739, 0.025156135499, 0.065770673606, 0.12270589261, 0.12408064162, 0.12870535527, 0.015569236655, 0.10560695818, 0.22971719692, 0.048685842256],
      [0.29275799094, 0.0036355863428, 0.0021571415668, 0.072390820211, 0.021597363389, 0.12568726743, 0.13256560743, 0.16287531296, 0.12832588329, 0.058007026433],
      [0.036589618439, 0.13547957259, 0.039826779854, 0.12135375324, 0.22989585097, 0.013106688077, 0.25244231456, 0.021561801598, 0.04754281118, 0.10220080949],
      [0.14746498464, 0.19064998296, 0.0056658104532, 0.075363153963, 0.042999442834, 0.17040251512, 0.026958351469, 0.089859492085, 0.16109475153, 0.089541514942]
    ],
    [
      [0.046177227613, 0.018541217287, 0.2787977252, 0.030072391548, 0.17589223902, 0.17705926535, 0.10654790833, 0.017085288146, 0.054138890568, 0.095687846942],
      [0.050936564068, 0.089945021039, 0.084584717392, 0.099346204578, 0.17545431936, 0.016998616394, 0.064856283161, 0.11313719719, 0.16050453255, 0.14423654426],
      [0.063687136887, 0.022597191483, 0.24460855057, 0.055311398078, 0.1333803561, 0.20475635663, 0.024905856912, 0.044472085933, 0.1461192515, 0.06016181591],
      [0.16373868629, 0.003881485554, 0.0093361142351, 0.038797345412, 0.027494543815, 0.23734788765, 0.25635221081, 0.080970867465, 0.096942407935, 0.08513845084],
      [0.014730103154, 0.10149405126, 0.12390446435, 0.046071768297, 0.20823728282, 0.01750122404, 0.34821813465, 0.0076998717457, 0.025590734812, 0.10655236487],
      [0.077234497778, 0.18679365836, 0.022831806005, 0.037553714614, 0.050896217138, 0.29985732954, 0.047618092938, 0.041762882605, 0.11314527599, 0.12230652504]
    ],
    [
      [0.097923262771, 0.006383897036, 0.057530230309, 0.076564453927, 0.14975156898, 0.16615584602, 0.095690519458, 0.018532729922, 0.10523821746, 0.22622927412],
      [0.076604514708, 0.021709966993, 0.012609737323, 0.18078389923, 0.10550827328, 0.011361297076, 0.041598433137, 0.086305799828, 0.22204644972, 0.24147162871],
      [0.11863153581, 0.0068429443249, 0.04453574884, 0.12427306641, 0.099517265502, 0.16870222346, 0.019902064719, 0.042317090743, 0.250780328, 0.12449773219],
      [0.24800943422, 0.00095736207241, 0.0014085914959, 0.070668250255, 0.016622418735, 0.15915291574, 0.1621145981, 0.062563983881, 0.13506093935, 0.14344150615],
      [0.030783402486, 0.033748069289, 0.025475182092, 0.11605599423, 0.17448282741, 0.016233883467, 0.29780808096, 0.0082393910839, 0.048957500186, 0.2482156688],
      [0.13118946029, 0.049933331059, 0.0038585833627, 0.076646786231, 0.034530024215, 0.22479394648, 0.034589436839, 0.036252937241, 0.17670369629, 0.23150179799]
    ],
    [
      [0.066069721138, 0.005577734832, 0.20791533671, 0.065862690991, 0.19059747247, 0.099829496976, 0.074005604872, 0.035712189501, 0.11384954612, 0.14058020639],
      [0.051717619003, 0.018864466313, 0.043574846431, 0.15491867705, 0.13388283303, 0.0068517377546, 0.032193335041, 0.16781815353, 0.24045236996, 0.14972596188],
      [0.078056484236, 0.0058198368123, 0.15457105425, 0.104049546, 0.12328247783, 0.098841721027, 0.015036247633, 0.079765388893, 0.26494406109, 0.075633182236],
      [0.20093575689, 0.0010018469231, 0.0057814852824, 0.07295355624, 0.025315610152, 0.11497692547, 0.15004446904, 0.14607055425, 0.17576239281, 0.10715740294],
      [0.022491231094, 0.031837148868, 0.097033189598, 0.10801011787, 0.24095856875, 0.010591366829, 0.24780130676, 0.017156488104, 0.057273546308, 0.16684703582],
      [0.10769804493, 0.052857447034, 0.016075674569, 0.080124054925, 0.053276531027, 0.16433831194, 0.0325271414, 0.085238229634, 0.23301418352, 0.17485038101]
    ],
    [
      [0.052779878066, 0.012543723434, 0.18291551346, 0.051897381889, 0.1484472938, 0.2498675832, 0.068321235921, 0.024370591504, 0.077080590159, 0.13177620857],
      [0.050713108338, 0.052925300896, 0.047564880464, 0.15003010742, 0.12881275473, 0.020852497136, 0.036518650606, 0.14021718872, 0.1996017528, 0.17276375889],
      [0.065225684057, 0.013705373397, 0.14294410496, 0.085740922039, 0.10077700555, 0.2589341734, 0.014530963039, 0.056865932249, 0.18705068057, 0.074225160728],
      [0.16170632556, 0.0022697455435, 0.0051930810657, 0.058077615248, 0.020033986698, 0.29092837468, 0.13995308177, 0.10030137406, 0.12000413616, 0.10153227921],
      [0.019685945398, 0.080363879396, 0.094173806119, 0.093232874651, 0.20600935789, 0.028779062573, 0.25084302736, 0.012828189798, 0.042533853483, 0.17155000332],
      [0.0747939224, 0.10645634818, 0.012446220767, 0.054952930958, 0.036328145646, 0.35884723177, 0.026173234005, 0.050534067215, 0.13684896376, 0.14261893529]
    ],
    [
      [0.11621762872, 0.017477617572, 0.15705259251, 0.04428049644, 0.13670346025, 0.22523614287, 0.056400317296, 0.019638456798, 0.091244507874, 0.13574877967],
      [0.10648841129, 0.070276709074, 0.038401629303, 0.12192555438, 0.11320722069, 0.017976262066, 0.028774008748, 0.1074238793, 0.22569031996, 0.16983600519],
      [0.13821337678, 0.018378579758, 0.1173028836, 0.070289856661, 0.089196890778, 0.22443264124, 0.011545770406, 0.044010553049, 0.21307406645, 0.073555381272],
      [0.31475183769, 0.0027826751825, 0.0038431755322, 0.04350962625, 0.016189991981, 0.23019005045, 0.10138772754, 0.07072037013, 0.12476239161, 0.091862153633],
      [0.0443522089, 0.11452757184, 0.082230344082, 0.081556803372, 0.19495307672, 0.026662541619, 0.21218152144, 0.010609757546, 0.05164284805, 0.18128332643],
      [0.15020485429, 0.13467715943, 0.0095530497273, 0.042693879131, 0.030430266982, 0.29432823164, 0.019685448755, 0.037038200108, 0.14760046949, 0.13378844045]
    ],
    [
      [0.066127320963, 0.011386634406, 0.1826863714, 0.076414732662, 0.11573744858, 0.1919752862, 0.069107724749, 0.032212336403, 0.11878084973, 0.1355712949],
      [0.052724839902, 0.039632839617, 0.03941886915, 0.18361624667, 0.083285638847, 0.013327743553, 0.030653843274, 0.15420092464, 0.25589459212, 0.14724446222],
      [0.074583571567, 0.011348035319, 0.12992403617, 0.11529029127, 0.071770498676, 0.18141418576, 0.013414704887, 0.068670119044, 0.26392542603, 0.06965913127],
      [0.18472801738, 0.0018785410854, 0.0047326396936, 0.077834160088, 0.014312387046, 0.2032898029, 0.12865404666, 0.12096882966, 0.16856503074, 0.095036544749],
      [0.024064318795, 0.070834374948, 0.091975778862, 0.13434544474, 0.15661795731, 0.021630018486, 0.24768496031, 0.016550480883, 0.063914579435, 0.17238208622],
      [0.090337659407, 0.092074732182, 0.011998182145, 0.077961792437, 0.02743446671, 0.26528710805, 0.025506670125, 0.064434902074, 0.20368046513, 0.14128402174]
    ],
    [
      [0.041502433753, 0.0057132005347, 0.056371681795, 0.084174394677, 0.29790271254, 0.17154117799, 0.10532717505, 0.016411141499, 0.069458733413, 0.15159734874],
      [0.035511865382, 0.021239599256, 0.013502636294, 0.21769007752, 0.22886187212, 0.012796502615, 0.050039980564, 0.083499305706, 0.15991133397, 0.17694682657],
      [0.054848049285, 0.0066813059484, 0.0477367048, 0.14921064886, 0.21498739788, 0.19022575771, 0.023899608458, 0.040886684778, 0.18023286407, 0.091290978213],
      [0.1305276193, 0.0010671723025, 0.0017166501594, 0.096974629363, 0.040597820013, 0.20553112046, 0.22303781279, 0.069151860982, 0.11122034214, 0.12017497248],
      [0.011965460253, 0.027473928182, 0.022785962836, 0.11666851221, 0.31826306928, 0.015310542793, 0.29937624624, 0.0066768156735, 0.029597054301, 0.15188240823],
      [0.066872471664, 0.053869074256, 0.0045392378072, 0.10144502118, 0.081566067201, 0.28016108253, 0.045802350977, 0.038636467983, 0.14027539334, 0.18683283306]
    ],
    [
      [0.073548317692, 0.024726286624, 0.13097705126, 0.081210104383, 0.28546451474, 0.14749904146, 0.056365274871, 0.034169714166, 0.068888548862, 0.09715114594],
      [0.057194010144, 0.085365252784, 0.027563057715, 0.19048982365, 0.19888346756, 0.010025595036, 0.024404256813, 0.15918967809, 0.14396452298, 0.10292033522],
      [0.089711084715, 0.026677910755, 0.10097473784, 0.13265958135, 0.18983879492, 0.15081002468, 0.011844428256, 0.078722991778, 0.16466312839, 0.054097317317],
      [0.23225282837, 0.004575898515, 0.0038210513624, 0.093411653438, 0.038824851006, 0.17645506003, 0.11877955879, 0.14473245894, 0.11012965186, 0.077016987689],
      [0.022781867151, 0.13420083452, 0.055899537203, 0.12128528075, 0.32926335679, 0.014200247167, 0.17097171231, 0.014948828785, 0.031617869355, 0.10483046596],
      [0.10244390818, 0.21473630997, 0.0087641571659, 0.084535734261, 0.0675504265, 0.20766199791, 0.021236718455, 0.069643309689, 0.12007988562, 0.10334755225]
    ],
    [
      [0.060742721475, 0.0065692052443, 0.063784233609, 0.094516207668, 0.18789604047, 0.21928379419, 0.045505727752, 0.027163494516, 0.13108528982, 0.16345328525],
      [0.045193121705, 0.021205177495, 0.013186854796, 0.21242147729, 0.12537944132, 0.014216112321, 0.018865730821, 0.12064821842, 0.26322768008, 0.16565618576],
      [0.066620957437, 0.0063717880303, 0.044402295074, 0.13891981508, 0.11251543419, 0.20154673352, 0.0086150393805, 0.056232889657, 0.283158757, 0.081616290639],
      [0.16750095948, 0.0010755716768, 0.0016914109551, 0.095372045182, 0.022613971255, 0.22981953319, 0.083826258697, 0.10057277194, 0.18409802263, 0.113429455],
      [0.022200095224, 0.040604331324, 0.032845473625, 0.16690251968, 0.25659839919, 0.024812913807, 0.16266786579, 0.014014738836, 0.070802245141, 0.20855141739],
      [0.079051075505, 0.049861440322, 0.0041230808512, 0.091961642236, 0.041819728906, 0.28875400095, 0.01605004096, 0.051712814003, 0.21418615944, 0.16248001683]
    ],
    [
      [0.096290693375, 0.010177084967, 0.085211108163, 0.077286234645, 0.18086164676, 0.22136565282, 0.051765235395, 0.035413739592, 0.11067194824, 0.13095665605],
      [0.073989752317, 0.034033371793, 0.018239994641, 0.17899367972, 0.12563826231, 0.014740043775, 0.022190779426, 0.16467577872, 0.23028242478, 0.13721591253],
      [0.10690629164, 0.0099675459884, 0.060066790367, 0.11454425341, 0.11014150688, 0.20572205059, 0.0098921230923, 0.074427596623, 0.24216034127, 0.066171500141],
      [0.24898089674, 0.0015432850926, 0.0020961936408, 0.072198981098, 0.020485220234, 0.21539601446, 0.088061710995, 0.12274710125, 0.14426064127, 0.08422995522],
      [0.035700080307, 0.064338888475, 0.044834072145, 0.13924434701, 0.25128880221, 0.025339198003, 0.18914268409, 0.018578295701, 0.060887210751, 0.17064642131],
      [0.12396620517, 0.076271444566, 0.0054345663495, 0.074092971078, 0.0402289912, 0.28845945032, 0.017975165274, 0.066766622979, 0.17859662743, 0.12820795564]
    ],
    [
      [0.044607663324, 0.0083170331526, 0.081415728273, 0.069939253738, 0.23700738401, 0.29261536793, 0.061420264897, 0.022626224771, 0.051461596505, 0.1305894834],
      [0.042758837546, 0.034680409774, 0.021841024041, 0.20232578973, 0.20573669082, 0.023915354866, 0.032845240846, 0.13196227071, 0.13295037027, 0.17098401139],
      [0.056721067659, 0.0093278557718, 0.066021302862, 0.11872571723, 0.16543956137, 0.31205334386, 0.01341794294, 0.054515243862, 0.12821592962, 0.075562034829],
      [0.13859358283, 0.0015205665869, 0.0024264531579, 0.078706464666, 0.032346302854, 0.34404807921, 0.12593650888, 0.094630135191, 0.080608215211, 0.10118369141],
      [0.01600645633, 0.050547522991, 0.041403805516, 0.12165184675, 0.317707893, 0.031900226788, 0.21745756443, 0.01147134878, 0.027425459548, 0.16442787586],
      [0.063499571122, 0.068714270134, 0.0057746854128, 0.074162289485, 0.058314236124, 0.42576224415, 0.02354682104, 0.04720978448, 0.09155301177, 0.14146308629]
    ],
    [
      [0.069504902648, 0.010027794998, 0.11180240986, 0.11756389001, 0.22556193276, 0.15723591535, 0.057293537058, 0.046072531021, 0.083188841394, 0.1217482449],
      [0.048735448247, 0.030609446218, 0.021849590522, 0.24950505552, 0.14332937723, 0.0095214739772, 0.02244807885, 0.19950934286, 0.15790173531, 0.11659045127],
      [0.079100962829, 0.010071421866, 0.08086443441, 0.17881950757, 0.14095976752, 0.14971017949, 0.011211858557, 0.099864901124, 0.18629878424, 0.063098182398],
      [0.19697349388, 0.0016553337868, 0.002986227317, 0.11939818549, 0.027819397565, 0.16632863866, 0.10583976482, 0.17606165353, 0.11779589821, 0.085141406736],
      [0.022806439776, 0.055899790063, 0.051999408735, 0.18792263941, 0.27717992817, 0.01588847118, 0.18569599343, 0.021406245398, 0.040628947414, 0.14057213642],
      [0.09949251722, 0.083201207723, 0.0078989037517, 0.12505927886, 0.05572721229, 0.22845779991, 0.022036418857, 0.096907536896, 0.14895553062, 0.13226359387]
    ],
    [
      [0.046196905828, 0.0095573582736, 0.14556601286, 0.06950211077, 0.19295140272, 0.18860362244, 0.08865364188, 0.030074921645, 0.059915699821, 0.16897832376],
      [0.040061876659, 0.036035317344, 0.034982486159, 0.18146941314, 0.151399026, 0.01408864021, 0.042802245275, 0.1591980729, 0.14001529762, 0.19994762469],
      [0.059937607041, 0.010929593331, 0.12009907622, 0.12032453092, 0.13748893151, 0.20528289844, 0.019728499302, 0.074069298064, 0.15251954999, 0.099620015187],
      [0.14220904551, 0.001731386644, 0.0042530571085, 0.077544584343, 0.026165611817, 0.21957522775, 0.18049863075, 0.12521933538, 0.093076690023, 0.12972643068],
      [0.014782502766, 0.05180184962, 0.065506226138, 0.10759705132, 0.23004975446, 0.018505549884, 0.28020287875, 0.013580582023, 0.028441566228, 0.18953203882],
