{
  "Z_true": {},
  "V_true": [
    [460, 1160, 200, 30],
    [707, 11870, 1489, 420],
    [101, 396, 14229, 300],
    [32, 407, 977, 564],
    [91, 531, 1060, 512]
  ],
  "p_true": [
    [0.2486, 0.627, 0.1081, 0.0162],
    [0.0488, 0.8194, 0.1028, 0.029],
    [0.0067, 0.0264, 0.947, 0.02],
    [0.0162, 0.2056, 0.4934, 0.2848],
    [0.0415, 0.242, 0.4831, 0.2334]
  ],
  "Z_est": [
    [
      [34.2105, 25.2233, 48.2405, 16.9841, 0, 37.5091, 6.1335, 32.4285, 4.5803, 27.7135, 11.2116, 41.6809, 7.976, 3.957, 6.9231, 22.0041, 34.3922, 9.1501, 29.251, 22.754, 33.1576, 18.3607, 4.9594, 13.8463, 20.6065, 8.6236, 1.7005, 0.6595, 15.6471, 12.8749, 8.421, 1.829, 11.5379, 13.1901, 18.9875, 19.2507, 19.8983, 38.7269, 16.4576, 17.3685, 29.3534, 2.6113, 3.5222, 18.1372, 3.2975, 45.989, 12.1458, 80.3412, 16.0832],
      [24.4097, 19.9772, 37.5467, 12.3595, 3.459, 23.8063, 3.9127, 23.1221, 4.7153, 23.6433, 5.5193, 40.701, 6.6312, 1.948, 6.1228, 16.8668, 23.8467, 7.2318, 24.151, 19.3558, 23.529, 17.3063, 2.922, 11.0657, 12.8552, 7.1607, 1.5216, 0.3247, 8.1166, 9.6619, 5.8565, 6.732, 5.844, 6.4933, 11.0386, 13.3209, 14.2475, 35.2865, 13.438, 12.8151, 25.649, 1.8114, 2.1291, 11.8871, 1.6233, 45.1939, 9.4195, 48.6563, 11.281],
      [7.2035, 8.6551, 21.2127, 5.6564, 2.525, 3.5108, 0.9244, 2.2944, 3.7045, 9.4803, 0.2237, 4.3855, 3.3447, 0.079, 0.9166, 4.0142, 4.5927, 3.5647, 3.4457, 9.7512, 5.1477, 3.2287, 1.0945, 3.0132, 0.4474, 2.1676, 0.7672, 0.0132, 1.1695, 5.3884, 1.6798, 0.7216, 0.57, 0.2632, 3.8831, 2.3348, 0.7606, 18.738, 3.0162, 3.7255, 10.8212, 0.5639, 0.3327, 1.8901, 0.0658, 26.5017, 2.3706, 3.647, 4.5503],
      [0.1764, 0.1443, 0, 0, 0.016, 0.1737, 0.0294, 0.155, 0, 0.163, 0.0454, 0.2325, 0.0481, 0.016, 0.0374, 0.1149, 0.1684, 0.0534, 0.1523, 0.139, 0.1657, 0.1042, 0.0241, 0.0748, 0.0909, 0.0481, 0.0107, 0.0027, 0.0668, 0.0748, 0.0428, 0.7175, 0.0481, 0.0534, 0.0909, 0.0935, 0.0935, 0.2485, 0.0882, 0.0909, 0.1764, 0.0134, 0.016, 0.0855, 0.0134, 0.3153, 0.0641, 0.3554, 0.0855]
    ],
    [
      [7.814, 6.1858, 7.2773, 4.4952, 0, 7.9227, 0.9514, 12.058, 0.0457, 5.4903, 6.5273, 10.4991, 1.2487, 5.9692, 2.0528, 7.1582, 15.2024, 1.9937, 10.571, 2.1842, 13.1197, 3.7715, 1.9156, 3.5389, 10.478, 1.97, 0.127, 0.3771, 8.7108, 1.3396, 1.8952, 0.0183, 6.9947, 10.0913, 7.8287, 5.7381, 8.5027, 1.7751, 5.6202, 5.9965, 4.2139, 0.5031, 0.5752, 6.4673, 2.0703, 0.4566, 3.6158, 46.3913, 2.3095],
      [370.5642, 306.9198, 337.9725, 122.6179, 33.6379, 342.0986, 39.8731, 553.9022, 61.7535, 489.6295, 298.4826, 242.1205, 93.0983, 152.5481, 255.5594, 304.4188, 663.5103, 92.4297, 274.2818, 313.2042, 439.0994, 265.4368, 161.319, 265.9745, 377.375, 168.7894, 28.4803, 17.8341, 354.5733, 59.2837, 83.3038, 20.7119, 233.6299, 375.8395, 421.6399, 248.4967, 372.321, 649.8794, 352.2915, 227.1367, 119.877, 20.6837, 20.8433, 190.0791, 147.9611, 664.4434, 213.8934, 684.1727, 106.2038],
      [16.8484, 37.9538, 23.027, 9.6151, 4.2851, 21.387, 1.2721, 46.1999, 8.353, 29.4958, 9.0171, 5.9533, 2.7931, 0.6043, 6.3874, 15.1238, 13.2857, 5.201, 9.1481, 12.889, 36.3353, 15.8642, 2.4395, 12.4323, 35.708, 6.8565, 7.1056, 0.5531, 21.7232, 1.8252, 8.1512, 0.6361, 12.8452, 36.0603, 32.1633, 34.1248, 41.9206, 63.9454, 28.2792, 19.8694, 6.4531, 0.719, 6.5217, 12.7071, 3.1781, 20.2154, 4.5209, 60.3807, 3.2356],
      [13.7734, 20.9406, 5.7232, 1.2718, 2.077, 20.5918, 3.9034, 32.8399, 0.8479, 38.3843, 16.9729, 16.4271, 3.8599, 4.8785, 17.0004, 5.2992, 26.0015, 5.3756, 10.9991, 15.7226, 17.4456, 16.9274, 15.3259, 29.0542, 20.4389, 11.3841, 6.287, 1.2356, 31.9927, 3.5515, 5.6498, 1.6338, 16.5302, 29.0089, 22.3681, 15.6404, 18.2557, 39.4001, 23.8092, 7.9974, 3.4561, 4.0942, 1.0598, 12.7464, 14.7905, 45.8846, 10.9699, 53.0553, 5.2511]
    ],
    [
      [6.4547, 0.106, 2.4245, 0.9931, 0, 13.474, 2.2208, 4.7742, 0.0156, 0.1122, 2.701, 2.1624, 0.0312, 0.1309, 0.2836, 1.5957, 1.5945, 0.044, 1.3347, 1.1237, 2.2564, 1.1036, 0.4492, 1.1632, 2.3354, 0.5207, 0.0062, 0.8032, 1.5909, 1.6743, 1.8219, 0.0062, 1.0428, 1.7543, 1.901, 3.8698, 2.2831, 0.1371, 0.0748, 0.8651, 1.0712, 0.5747, 0.5611, 3.3894, 1.0159, 0.1558, 0.9959, 4.3189, 3.3813],
      [10.2599, 2.9886, 4.1199, 1.2176, 0.2041, 3.3036, 1.8834, 5.2449, 0.6045, 6.6162, 6.0645, 17.4005, 7.1398, 0.1312, 3.207, 2.2187, 1.9321, 1.0095, 3.845, 1.4072, 2.8435, 1.3926, 6.8385, 1.4947, 6.6031, 0.6562, 0.2725, 2.0512, 2.0415, 8.2869, 0.8089, 2.8306, 1.3273, 2.2675, 2.4498, 2.3926, 6.4852, 6.2241, 3.3292, 1.0645, 1.3197, 2.6383, 0.2214, 1.8306, 7.9219, 47.5315, 7.0175, 15.1053, 6.0737],
      [500.2854, 572.8907, 609.4556, 168.7893, 27.6025, 421.2119, 95.0546, 886.8847, 92.3799, 707.9715, 225.6049, 223.7453, 181.829, 17.6135, 43.1848, 272.4279, 259.6435, 215.4778, 216.2804, 189.1364, 382.207, 187.1849, 71.1668, 200.9266, 402.2027, 88.2016, 150.6717, 129.1456, 274.4341, 170.0388, 245.9274, 51.7834, 178.3731, 304.8307, 329.3291, 350.5162, 394.4282, 1289.2949, 471.2954, 143.0623, 175.6091, 86.5668, 100.2175, 300.3324, 107.3468, 1090.3993, 165.7782, 698.5833, 137.6105],
      [0, 1.0148, 0, 0, 0.1933, 5.0105, 1.8412, 3.0962, 0, 12.3001, 1.6296, 1.6918, 0, 0.1243, 0.3245, 1.7576, 1.8299, 0.4687, 1.5399, 1.3327, 2.693, 1.3189, 0.5455, 1.4156, 2.8588, 0.6215, 1.0496, 0, 1.9335, 0, 2.4418, 0.3798, 1.2567, 2.1475, 2.3201, 1.2214, 2.8035, 2.3439, 3.3007, 1.0082, 0, 5.2202, 0, 4.4475, 15.7154, 7.9134, 1.2084, 4.9925, 0.9345]
    ],
    [
      [3.2085, 2.1948, 3.681, 1.4238, 0, 3.8106, 0.6299, 3.3283, 0.3133, 2.326, 1.4074, 3.4218, 0.6693, 0.8445, 0.6397, 2.0324, 3.4202, 0.7447, 2.6443, 1.7322, 3.1462, 1.5797, 0.5807, 1.2631, 2.2998, 0.7611, 0.1476, 0.1312, 1.8142, 1.0219, 0.789, 0.1279, 1.2877, 1.7536, 2.0193, 1.9012, 2.0882, 2.9363, 1.601, 1.5879, 2.203, 0.2789, 0.3806, 1.8438, 0.5266, 3.2578, 1.1089, 8.2641, 1.1276],
      [5.6875, 4.6648, 5.3546, 1.9, 0.4818, 5.1559, 0.6514, 8.1855, 0.9434, 7.3218, 7.1107, 0.0007, 1.5019, 2.3935, 2.6732, 6.1404, 9.6466, 1.4086, 4.0342, 4.8584, 2.8836, 3.9865, 4.4387, 2.2142, 5.5946, 2.9826, 0.4254, 0.2924, 5.156, 1.0897, 1.2624, 0.4252, 1.2595, 9.3069, 11.3525, 3.7339, 5.5013, 9.7142, 5.196, 3.3883, 2.2055, 0.3591, 0.3457, 2.8571, 6.4882, 10.7236, 1.7849, 7.3019, 0.0002],
      [41.8623, 47.3046, 18.1042, 8.0928, 2.3274, 33.3933, 11.1197, 50.5106, 4.8235, 43.9875, 23.0761, 15.6649, 19.9274, 5.8919, 9.5789, 23.2866, 44.7341, 10.2477, 19.5282, 20.2126, 28.7296, 25.9126, 21.5432, 19.0256, 43.8165, 11.3607, 6.2192, 3.2034, 37.0443, 8.1824, 6.8478, 2.1406, 14.2024, 32.7135, 39.7438, 20.2349, 35.232, 78.3704, 41.999, 15.968, 13.7167, 9.7813, 7.6918, 21.6309, 18.2877, 68.6601, 13.0284, 28.8529, 2.5089],
      [17.2416, 19.8358, 9.8602, 2.5833, 1.1908, 16.6403, 4.599, 24.9756, 1.9198, 25.3647, 12.4058, 8.9126, 6.9015, 3.87, 7.1082, 10.5406, 22.1992, 4.599, 9.7934, 11.1968, 14.2406, 12.5212, 10.4374, 12.4971, 19.2891, 6.8955, 3.2078, 1.373, 18.9854, 3.7059, 4.1009, 1.3062, 8.2504, 18.226, 19.8844, 11.13, 16.1785, 33.9791, 19.2041, 8.0559, 5.8748, 4.5808, 2.582, 10.6683, 12.6976, 35.3585, 7.0778, 24.5811, 2.3633]
    ],
    [
      [0.3123, 0.2901, 0.3767, 0.1038, 0, 0.2836, 0.0644, 0.411, 0.0452, 0.358, 0.1527, 0.2358, 0.0748, 0.0984, 0.1007, 0.2095, 0.3907, 0.0675, 0.199, 0.2058, 0.3201, 0.1844, 0.0951, 0.1885, 0.2802, 0.1245, 0.0186, 0.029, 0.2369, 0.0893, 0.0729, 0.0186, 0.1369, 0.2108, 0.2635, 0.2402, 0.2277, 0.4245, 0.2464, 0.1821, 0.1586, 0.032, 0.961, 0.1622, 0.0897, 0.1407, 0.1336, 0.6844, 0.0984],
      [17.0788, 16.4496, 18.0063, 4.9049, 0.2171, 13.6356, 2.6795, 25.5452, 2.9833, 23.7893, 8.823, 5.7772, 4.6288, 18.9792, 10.4376, 13.3553, 27.0642, 3.9204, 6.688, 16.1745, 19.6444, 11.8778, 9.4818, 16.2509, 18.5721, 9.4111, 1.3002, 1.4976, 18.1126, 3.6778, 3.7685, 1.3002, 7.9393, 13.0928, 20.5193, 13.0559, 15.445, 29.8958, 16.7454, 10.5953, 5.9487, 1.5075, 2.4605, 8.346, 7.0054, 39.1075, 9.8847, 30.7638, 4.4413],
      [35.8004, 45.1958, 48.2004, 6.8464, 1.2601, 18.4971, 8.6291, 57.1105, 7.7392, 56.0648, 19.0782, 16.2509, 10.1058, 2.8113, 11.9323, 24.1475, 47.744, 6.5088, 16.5976, 24.0108, 35.5804, 23.8095, 12.7559, 24.6023, 37.8253, 19.4136, 2.2362, 6.0848, 30.6288, 9.5652, 7.3939, 2.7184, 16.0093, 28.1323, 34.8808, 35.7893, 26.6586, 64.6514, 39.4103, 24.3748, 11.3999, 4.3691, 12.2363, 15.4395, 13.1217, 110.2235, 16.3019, 59.5361, 6.0948],
      [10.8086, 13.0645, 11.4166, 2.1448, 0.5229, 8.5837, 2.627, 17.9333, 1.2323, 18.7879, 6.9462, 5.736, 3.1906, 4.1112, 5.5294, 7.2877, 15.8011, 2.5033, 5.5154, 8.6089, 11.4551, 8.1282, 5.6672, 9.9583, 12.3224, 6.0508, 1.4449, 1.3887, 12.0216, 2.6677, 2.7647, 0.9628, 5.9145, 10.5641, 12.3364, 9.9146, 9.6687, 21.0283, 12.5979, 6.8478, 3.4928, 2.0915, 1.3421, 6.0523, 6.7832, 30.5282, 5.6798, 21.0157, 2.3655]
    ]
  ],
  "V_est": [
    [929.9079, 706.5129, 208.3586, 5.2205],
    [282.0593, 12640.1965, 815.6096, 748.1346],
    [82.7003, 232.1187, 14604.9341, 106.2469],
    [86.3014, 192.3848, 1130.3231, 570.9907],
    [10.031, 592.7871, 1195.7746, 395.4073]
  ],
  "p_est": [
    [0.5027, 0.3819, 0.1126, 0.0028],
    [0.0195, 0.8726, 0.0563, 0.0516],
    [0.0055, 0.0154, 0.972, 0.0071],
    [0.0436, 0.0972, 0.5709, 0.2884],
    [0.0046, 0.2702, 0.545, 0.1802]
  ],
  "EI_Z": {},
  "EI_V": 6.6544,
  "MAE_Z": {},
  "MAE_V": 236.4709,
  "MAE_p": 0.0558,
  "runtime": 0.9588
}
