{
  "Z_true": {},
  "V_true": [
    [27, 186, 41, 173, 187, 13],
    [9, 505, 22, 27, 112, 5],
    [563, 19, 45, 20, 66, 10],
    [26, 8, 42, 64, 615, 11],
    [21, 79, 114, 252, 312, 27],
    [39, 69, 359, 3906, 342, 46],
    [30, 62, 592, 77, 7427, 29],
    [352, 180, 465, 410, 963, 365]
  ],
  "p_true": [
    [0.0431, 0.2967, 0.0654, 0.2759, 0.2982, 0.0207],
    [0.0132, 0.7426, 0.0324, 0.0397, 0.1647, 0.0074],
    [0.7787, 0.0263, 0.0622, 0.0277, 0.0913, 0.0138],
    [0.0339, 0.0104, 0.0548, 0.0836, 0.8029, 0.0144],
    [0.0261, 0.0981, 0.1416, 0.313, 0.3876, 0.0335],
    [0.0082, 0.0145, 0.0754, 0.8204, 0.0718, 0.0097],
    [0.0037, 0.0075, 0.072, 0.0094, 0.9039, 0.0035],
    [0.1287, 0.0658, 0.17, 0.1499, 0.3521, 0.1335]
  ],
  "Z_est": [
    [
      [3, 3, 2, 4, 4, 3, 2, 3, 2, 3, 2, 2, 3, 2, 5, 4, 1, 2, 4, 2, 2, 0.9439, 3, 5, 5, 2, 3, 3, 5, 4, 4, 3, 3, 2, 2, 3, 2, 2, 1, 2, 3, 3, 3, 3, 1, 1, 2, 1, 1, 2, 6],
      [2.8554e-28, 1.22e-17, 2.1366e-15, 1.0181e-23, 2.4002e-20, 1, 6.4205e-18, 1.4513e-29, 5.402e-23, 1.0305e-12, 7.4627e-18, 1.6809e-18, 4.8433e-24, 1.7575e-16, 1, 1, 8.5315e-08, 1.3541e-10, 1.6159e-22, 1.3859e-12, 8.6022e-07, 0, 2, 2, 6, 3, 3.6673e-12, 2.9763e-15, 7, 6, 5, 1.5802e-15, 2.296e-08, 6.4245e-09, 3.2236e-15, 6.2137e-14, 5.0613e-18, 1.2207e-16, 3.6791e-14, 6.7978e-14, 4.966e-07, 1.836e-08, 1.0414e-14, 1.9751e-23, 1.8666e-07, 2.0992e-10, 1.4371e-14, 1.3433e-13, 3.0813e-22, 2.0901e-20, 4],
      [4.615e-28, 2.7758e-17, 2.4304e-21, 5.0603e-25, 2.385e-20, 1.2577e-17, 1.0527e-17, 1, 4.212e-27, 1, 1.9194e-15, 8.4018e-19, 1.8367e-17, 2.5852e-19, 1, 1, 7.2262e-09, 1.2802e-10, 2.0732e-20, 1.0273e-13, 2.024e-07, 0, 3, 2, 3, 1, 1, 1, 2, 3, 1, 1, 3.4762e-08, 2.6737e-07, 1.0058e-15, 3.2726e-18, 3.9573e-18, 1.675e-14, 4.8563e-13, 4.1809e-11, 2.3699e-07, 3.4914e-08, 1.0382e-20, 8.4331e-20, 2.1924e-09, 4.9353e-16, 2.0139e-14, 2.0121e-11, 3.0381e-18, 1.525e-15, 4],
      [1, 1, 1.2677e-18, 4, 4, 3, 1, 2, 1, 1, 1, 1, 1, 2, 6, 6, 5.549e-09, 1, 2, 1, 2.8588e-07, 1.1121, 6, 7, 12, 6, 5, 1, 13, 11, 12, 2, 1.3973e-08, 1, 6.7432e-12, 2, 1, 1, 1, 1, 1, 2, 2, 2, 1, 1, 1, 1, 1, 1, 13],
      [4, 4, 1, 7, 7, 7, 2, 5, 3, 3, 3, 3, 3, 4, 5, 9, 1, 3, 6, 4, 1, 1.9439, 11, 13, 22, 7, 4, 3, 12, 15, 12, 3, 1, 2, 2, 3, 3, 1, 2, 3, 3, 3, 4, 4, 2, 3, 4, 2, 3, 2, 36],
      [2.9762e-29, 3.5533e-17, 1.8494e-24, 1.1093e-23, 4.7549e-20, 9.3216e-18, 1.038e-19, 1.8936e-31, 1.6851e-23, 1.928e-15, 1.8029e-15, 4.945e-23, 1.9016e-17, 9.1354e-23, 2.2793e-20, 4.0128e-24, 4.7505e-07, 6.6947e-12, 7.6043e-21, 3.2457e-14, 1.2564e-08, 0, 1.5287e-22, 7.9561e-25, 7.8794e-25, 5.6144e-14, 3.6018e-12, 3.1059e-15, 1, 1, 1, 2.3519e-17, 1.2179e-08, 8.6231e-11, 1.7738e-12, 3.1756e-13, 6.8769e-21, 1.0724e-14, 9.6483e-11, 1.7671e-13, 5.0083e-11, 4.7374e-10, 1.068e-22, 3.0909e-23, 4.2829e-09, 8.3678e-18, 6.4655e-17, 2.9764e-15, 4.1198e-17, 7.6253e-16, 1]
    ],
    [
      [1, 1, 1, 2, 1, 1, 1, 3, 2, 1, 1, 1, 1, 3, 1, 1, 8.8787e-10, 1, 4.8989e-20, 1, 2.5196e-10, 0.9437, 3, 3, 4, 3, 1, 1, 2, 2, 3, 1, 9.5033e-10, 1.8963e-08, 1, 1, 1, 2, 1, 1, 2, 7.0026e-08, 1, 1, 1, 2, 1, 2, 2, 2, 7],
      [1, 3, 2, 3, 3, 4, 1, 2, 2, 2, 1, 2, 1, 1.7601e-16, 4, 3, 2, 1, 3, 1, 1, 1.1427e-06, 2, 4, 9, 4, 1, 2, 9, 7, 5, 1, 1, 3, 1, 1, 1, 1, 1.3259e-13, 3, 1, 4, 3, 2, 1.8183e-06, 1.0496e-10, 1, 2.3129e-13, 8.799e-24, 2.6026e-22, 5],
      [6.3091e-28, 1, 1, 1.0692e-23, 7.1298e-20, 3.0745e-17, 1.5107e-14, 2, 1, 5.0374e-13, 1.0585e-16, 2.287e-22, 1.5904e-18, 1, 1, 4.4462e-22, 9.4798e-07, 5.7144e-12, 1.7857e-20, 1.7203e-13, 5.1016e-09, 0.0561, 3, 2, 3, 1, 1, 1, 2, 2, 1, 1, 6.674e-10, 1.1228e-09, 4.0169e-12, 6.0171e-18, 6.5743e-18, 6.9706e-15, 2.436e-13, 2.1847e-11, 2.3916e-07, 1.6404e-07, 1, 1, 8.5378e-11, 1.0496e-10, 2.2995e-15, 2.0333e-11, 1.3927e-22, 6.5061e-20, 4],
      [1, 2, 2, 5, 4, 4, 2, 4, 5, 7.8504e-14, 1.2277e-15, 1.6803e-18, 1, 5, 6, 2, 8.0089e-07, 3.2974e-11, 1, 1, 0, 0.0563, 7, 7, 13, 7, 3, 1, 12, 10, 10, 1, 1.9542e-08, 1, 1, 1, 2, 2, 9.6546e-11, 2, 1, 5, 3, 3, 1, 1, 1, 1, 1.236e-16, 7.6255e-16, 15],
      [3, 6, 6, 9, 7, 9, 3, 11, 10, 1, 2, 2, 2, 9, 5, 3, 2, 2, 3, 2, 2.4604e-07, 0.9437, 11, 13, 24, 9, 3, 4, 11, 13, 10, 3, 1.8353e-08, 3, 2, 2, 4, 3, 1, 8, 3, 7, 8, 7, 2, 3, 5, 3, 1, 2, 40],
      [2.0548e-27, 1.4329e-21, 2.1717e-19, 4.2863e-25, 2.376e-20, 9.207e-19, 1.1587e-20, 2.5212e-28, 5.2281e-23, 1.8607e-15, 6.6482e-16, 8.4034e-19, 5.3227e-22, 3.5055e-23, 9.7225e-21, 6.9442e-24, 8.6509e-08, 1.2588e-10, 1.7302e-22, 1.2846e-12, 2.3611e-11, 0.0002, 3.5663e-25, 2.9152e-25, 1.5399e-33, 4.6785e-14, 4.5315e-15, 3.9911e-19, 3.3508e-18, 1, 1.0686e-20, 1.2635e-19, 6.6373e-13, 4.1388e-09, 2.2514e-12, 2.4244e-19, 2.1142e-18, 1.901e-14, 1.3276e-13, 1.8576e-13, 5.5684e-10, 1.8039e-07, 5.0831e-21, 2.5248e-19, 1.8225e-06, 8.5181e-18, 1.8823e-18, 2.013e-11, 3.3202e-24, 2.0764e-20, 1]
    ],
    [
      [1.3924e-27, 2.7756e-17, 2.1383e-15, 2, 2.378e-20, 1, 7.5536e-15, 1, 1, 1, 5.0895e-16, 2, 2, 1, 1, 1, 3.2108e-10, 4.2055e-13, 1.8414e-20, 1.2847e-12, 1.1666e-09, 0.0562, 1, 1, 1, 1.764e-13, 1.12e-13, 2.2704e-14, 1, 1.1812e-24, 1.0398e-20, 8.4077e-14, 2.3782e-08, 2.663e-07, 5.3381e-15, 1, 7.1253e-18, 1.5357e-14, 1, 4.2379e-14, 9.5362e-07, 1.6341e-07, 1.0414e-14, 3.7069e-23, 1, 4.3488e-18, 2.0949e-15, 2.013e-11, 2, 1.2915e-19, 6],
      [3, 2, 2, 3, 2, 2, 2, 2, 4, 1, 2, 2, 2, 2, 2, 1, 5.2775e-10, 1, 1.5554e-20, 2, 1, 0.9437, 4, 5, 4, 5, 2, 2, 3, 4, 4, 3, 2, 5.7994e-09, 2, 2, 2, 3, 2, 1, 3, 1, 1, 2, 1.7286e-10, 3, 2, 2, 1, 2, 9],
      [1, 2, 1, 2, 2, 2, 3.0214e-14, 3, 1, 5, 1.7503e-15, 3, 2, 1, 3, 4, 1, 3.082e-12, 5, 3.4942e-14, 1.3482e-07, 1.0906e-06, 2, 2, 4, 5.4787e-12, 1.0798e-11, 1, 3, 3.8539e-24, 1, 2, 1, 2, 1, 1, 1, 1, 2.9062e-10, 1, 1.2677e-09, 1.4789e-11, 1, 2, 1.2233e-08, 2.0992e-10, 2.2118e-15, 4.6283e-15, 8.8473e-17, 1, 7],
      [4, 3, 2, 8, 4, 5, 1, 3, 5, 5, 1, 5, 5, 5, 5, 4, 1.7494e-09, 2.521e-10, 2, 1.3671e-12, 0.0001, 0, 5, 5, 6, 4, 2, 1, 6, 3, 6, 3, 2, 1, 2, 3, 3, 2, 4, 5.1981e-13, 3, 2.2434e-10, 1, 3, 6.9119e-12, 1, 1, 1, 3, 3, 22],
      [10, 7, 6, 15, 7, 10, 2, 10, 10, 11, 2, 16, 11, 9, 4, 6, 5.8484e-07, 1, 7, 1, 1, 0, 9, 10, 11, 5, 2, 2, 6, 4, 6, 6, 4, 3, 4, 6, 6, 4, 7, 2, 5, 2.7741e-10, 2, 8, 1.8181e-06, 5, 3, 2, 9, 8, 58],
      [1.4622e-29, 1.2199e-17, 2.1366e-15, 2.0375e-23, 2.101e-22, 6.4694e-21, 3.5834e-18, 1.3338e-28, 1.5089e-22, 3.0217e-14, 9.9462e-17, 5.7845e-23, 2.7883e-17, 8.7877e-17, 1.3838e-20, 2.9015e-22, 9.0257e-08, 1.609e-12, 2.8231e-20, 4.4746e-19, 8.9151e-07, 3.1976e-07, 3.4887e-27, 2.9278e-25, 7.8793e-25, 2.6181e-12, 3.0888e-14, 3.399e-18, 1.4634e-18, 1.1709e-24, 2.6237e-20, 7.7842e-16, 2.0131e-09, 4.5449e-10, 2.2947e-12, 1.6458e-18, 8.2851e-19, 7.7531e-15, 9.6484e-11, 2.0901e-11, 5.2682e-10, 4.371e-15, 5.0834e-21, 2.4835e-26, 1.7432e-07, 9.1268e-18, 9.5062e-17, 2.0122e-11, 2.8293e-23, 2.0799e-20, 2]
    ],
    [
      [7.8886e-28, 1.22e-17, 1, 1, 2.3885e-20, 9.9991e-18, 3.5114e-18, 1, 1.5265e-22, 8.5892e-14, 9.3256e-16, 2, 1, 1.7575e-16, 5.6512e-20, 1.4339e-22, 3.0479e-09, 1.2944e-10, 1, 1.3509e-12, 1.0238e-06, 7.1492e-06, 1, 1, 1, 1.1659e-12, 3.7576e-14, 4.5418e-14, 1.556e-18, 9.0293e-24, 6.4768e-21, 1, 2.6116e-08, 4.8644e-10, 1, 1.8906e-18, 1, 1.1663e-14, 3.7203e-13, 1.7701e-13, 4.843e-10, 7.4425e-10, 1.0414e-14, 1, 1.7439e-07, 1.0496e-10, 1.0146e-14, 2.046e-11, 4.1199e-17, 1, 4],
      [1.0705e-27, 2.9909e-21, 2.1373e-15, 5.4609e-25, 2.3879e-20, 1.0663e-17, 1, 3.8525e-28, 1, 3.7548e-15, 2.7139e-16, 1.6806e-18, 1.9063e-17, 3, 1.1632e-19, 1.1073e-23, 3.7332e-09, 1, 1.7883e-20, 2.5852e-12, 3.3735e-07, 1.8874, 3, 2, 3, 1, 2, 1, 2.102e-16, 1, 1, 1, 1.3219e-08, 8.8739e-09, 1.7967e-12, 1, 1, 3.6879e-14, 1.5326e-12, 7.6034e-14, 5.2906e-10, 1, 1, 1.6833e-19, 2, 3.4086e-16, 2.0049e-16, 7.6982e-14, 1, 1, 4],
      [5, 4, 5, 4, 2, 2, 3, 6, 3, 4, 4, 4, 2, 1, 3, 2, 1, 3, 2, 3, 4, 0.1688, 6, 2, 3, 2, 2, 7, 1, 3, 2, 3, 3, 1, 4, 2, 5, 5, 3, 3, 1, 1, 5, 4, 2.2684e-08, 4, 2, 3, 3, 6, 7],
      [4, 2, 5, 4, 2, 1, 3, 5, 2, 4, 2, 4, 2, 3, 4, 3, 3, 2, 5, 3, 2, 1.8878, 7, 4, 6, 1, 4, 4, 3, 2, 2, 4, 1, 1.3501e-08, 5, 2, 5, 5, 4, 1, 2.4967e-07, 2, 4, 5, 2, 2, 2, 4, 3, 8, 14],
      [10, 5, 14, 8, 3, 2, 6, 13, 5, 6, 7, 12, 5, 7, 3, 3, 5, 9, 9, 8, 7, 3.0559, 12, 7, 10, 1, 4, 10, 1, 3, 2, 6, 3, 1, 12, 3, 11, 8, 8, 4, 1, 3, 11, 11, 4, 8, 6, 9, 9, 22, 38],
      [1.8363e-28, 3.2405e-22, 2.1204e-19, 1.0158e-23, 1.463e-22, 1.7595e-17, 3.7048e-18, 1.4492e-29, 1.6848e-23, 1.8696e-15, 7.4065e-16, 1.6009e-24, 2.5915e-20, 2.576e-19, 2.2439e-24, 1.406e-23, 1.1286e-07, 1.4752e-11, 9.3341e-24, 1.613e-14, 9.2166e-07, 6.0277e-08, 3.6855e-27, 3.2077e-19, 4.9923e-30, 9.7172e-14, 3.5704e-12, 9.4894e-21, 1.9213e-22, 2.6184e-24, 1.2262e-20, 2.7418e-17, 4.3565e-11, 7.7099e-11, 2.2679e-12, 6.2131e-14, 2.5898e-18, 1.8935e-14, 1.6802e-16, 1.8808e-13, 6.1979e-09, 2.4567e-10, 2.1456e-22, 1.7713e-23, 1.0001e-08, 3.3959e-16, 4.5546e-18, 7.4189e-14, 3.0384e-18, 6.6664e-20, 1]
    ],
    [
      [1, 4.3407e-22, 2.1377e-15, 2.1635e-23, 7.1598e-20, 9.7788e-18, 1.9405e-17, 7.2259e-30, 1, 1.038e-12, 4.2261e-16, 1, 1, 3.5176e-16, 2, 1, 1.1181e-07, 4.307e-12, 1, 1.619e-14, 5.9422e-09, 4.3859e-06, 2, 1, 1, 4.301e-13, 7.1758e-12, 4.6911e-15, 1, 1, 1.8205e-20, 2.686e-14, 2.3709e-08, 5.1696e-07, 1.7973e-12, 1, 2.6613e-18, 1.5409e-14, 1, 5.597e-13, 1.3839e-08, 2.514e-10, 1.547e-20, 1, 2.6739e-10, 4.7638e-16, 1.0108e-14, 1.5162e-13, 8.2396e-17, 1, 4],
      [1.2879e-27, 7.7792e-18, 8.368e-19, 4.4046e-25, 2.3778e-20, 2.9001e-18, 7.55e-15, 1.7373e-31, 1, 1.0187e-16, 1.857e-15, 8.4051e-19, 1.9018e-17, 7.233e-23, 2, 1, 1.1443e-06, 1.7143e-11, 3.3201e-20, 1.5017e-13, 0.0001, 0, 2, 1, 3, 1, 1.5499e-13, 1.2022e-14, 3, 4, 2, 2.8931e-13, 7.3046e-09, 2.0646e-10, 2.2502e-12, 2.2964e-11, 3.7341e-18, 2.7489e-15, 7.5471e-13, 4.8303e-13, 1.2766e-08, 1.7554e-08, 1.0414e-14, 3.5547e-23, 1.8206e-06, 3.6549e-17, 1.5237e-16, 4.0307e-11, 8.2396e-17, 7.6253e-16, 4],
      [1, 1, 2, 3.0909e-23, 1, 1.9092e-18, 2, 2, 3, 1, 3, 1, 3, 4, 2, 1, 8.6585e-08, 1, 1, 3, 1, 2.9435, 4, 3, 1, 2, 5, 3, 1, 3, 3, 3, 3, 1, 2, 3, 1, 3.2183e-14, 3, 8.4459e-11, 2, 2, 2, 2, 3, 1, 1, 1, 2, 1, 5],
      [8, 2, 3, 5, 7, 2, 6, 5, 9, 5, 5, 4, 3, 4, 9, 7, 4, 4, 8, 7, 3.0001, 3.2246, 12, 4, 8, 4, 7, 5, 8, 10, 6, 4, 4, 1, 3, 5, 4, 4, 6, 4, 3, 3, 6, 6, 3, 3, 3, 4, 5, 7, 19],
      [12, 2, 5, 4, 6, 2, 8, 8, 13, 4, 10, 6, 7, 7, 7, 7, 6, 7, 14, 14, 4.9998, 5.8316, 15, 7, 11, 3, 6, 5, 5, 11, 6, 4, 5, 1, 4, 8, 5, 2, 11, 5, 4, 3, 8, 9, 6, 5, 6, 6, 9, 12, 41],
      [1.1523e-27, 7.7781e-18, 2.1366e-15, 1.0159e-23, 2.1919e-23, 3.5835e-17, 6.211e-18, 2.8761e-29, 1.4916e-22, 6.2324e-14, 6.8999e-16, 2.5408e-22, 9.5169e-18, 8.7877e-17, 5.6054e-20, 1.435e-23, 2.3106e-07, 2.6418e-11, 1, 1.2846e-12, 6.7046e-08, 0.0002, 9.9854e-29, 3.2077e-19, 2.3638e-24, 1.5718e-12, 1.2122e-15, 2.2726e-14, 1.0461e-16, 1, 1.4433e-20, 2.4081e-14, 2.6103e-10, 1.871e-09, 1.7807e-15, 1.7532e-18, 2.2895e-18, 8.828e-17, 5.5818e-13, 1.8239e-14, 5.7521e-11, 1.6316e-07, 7.6357e-26, 7.3528e-26, 1.8434e-07, 2.0964e-16, 1.6604e-16, 9.004e-14, 6.0773e-18, 1.1271e-22, 1]
    ],
    [
      [5, 4, 3, 10, 5, 6, 3, 8, 6, 4, 1, 7, 7, 5, 10, 8, 7.7105e-09, 1.5158e-10, 5, 1, 1.0401e-06, 0.0001, 5, 8, 8, 4, 3, 2, 5, 4, 4, 5, 3, 3, 3, 7, 3, 3, 4, 1, 4, 2, 3, 7, 2, 2, 2, 2, 4, 5, 25],
      [4, 3, 2, 8, 4, 7, 4, 4, 7, 2, 1, 2, 1, 5, 9, 7, 1, 1, 2, 2, 1, 1.0563, 8, 10, 19, 12, 4, 3, 17, 16, 15, 4, 1, 2, 2, 3, 3, 3, 1, 2, 3, 6, 4, 3, 2, 2, 2, 2, 2, 1, 23],
      [10, 8, 10, 7, 5, 4, 10, 16, 8, 14, 7, 6, 6, 7, 10, 10, 1, 2, 6, 7, 4.9999, 6.9435, 12, 10, 10, 4, 10, 13, 6, 8, 5, 11, 9, 4, 7, 8, 7, 9, 5, 3, 1, 2, 9, 12, 5, 5, 3, 5, 5, 9, 25],
      [30, 18, 17, 41, 24, 27, 38, 27, 34, 19, 14, 16, 21, 33, 39, 32, 10, 11, 18, 25, 13.9999, 22.8305, 29, 30, 36, 26, 37, 16, 35, 33, 40, 24, 16, 18, 17, 24, 21, 25, 30, 12, 19, 24, 19, 31, 30, 15, 19, 22, 23, 27, 81],
      [70, 40, 45, 75, 42, 52, 61, 68, 61, 42, 31, 47, 39, 55, 35, 50, 34, 30, 54, 50, 31.0002, 35.1136, 47, 50, 66, 29, 35, 33, 33, 41, 37, 33, 30, 33, 36, 39, 41, 48, 49, 30, 35, 32, 49, 68, 49, 42, 50, 51, 60, 67, 219],
      [3, 2, 1, 2, 4, 2, 3, 3, 3, 1, 1, 1, 2, 4, 3, 4, 3, 2, 4, 2, 1, 1.0561, 1, 1, 2, 1, 2, 1, 2, 4, 3, 1, 2.0431e-08, 1, 2, 2, 2, 2, 3.1491e-13, 1, 7.1162e-07, 1, 2, 1, 1, 1, 1, 1, 2, 1, 9]
    ],
    [
      [12, 8, 7, 14, 9, 8, 5, 16, 9, 7, 5, 17, 15, 9, 9, 11, 1, 2, 12, 2, 1, 1.0559, 9, 14, 13, 4, 3, 4, 4, 5, 4, 7, 4, 4, 5, 11, 6, 4, 7, 4, 6, 3, 8, 13, 4, 7, 5, 5, 10, 11, 61],
      [8, 6, 6, 11, 7, 10, 6, 8, 10, 3, 3, 6, 2, 8, 9, 10, 2, 4, 5, 4, 2, 2.0564, 13, 17, 30, 13, 3, 6, 13, 17, 13, 6, 3, 3, 3, 5, 4, 4, 2, 6, 5, 8, 9, 6, 3, 7, 5, 4, 4, 3, 58],
      [22, 16, 25, 9, 8, 5, 14, 33, 11, 21, 22, 15, 14, 12, 9, 13, 2, 7, 15, 15, 10.0001, 7.8317, 20, 16, 16, 5, 8, 24, 4, 9, 5, 15, 15, 6, 10, 12, 11, 11, 8, 7, 2, 3, 19, 22, 9, 13, 8, 10, 13, 19, 63],
      [62, 31, 37, 54, 40, 36, 52, 52, 44, 29, 35, 35, 36, 47, 36, 42, 24, 22, 41, 47, 20.9997, 27.7208, 45, 45, 57, 26, 27, 26, 25, 33, 33, 28, 24, 25, 23, 35, 31, 29, 41, 23, 24, 29, 41, 51, 51, 33, 39, 38, 50, 53, 198],
      [145, 79, 106, 103, 65, 79, 89, 136, 85, 60, 100, 106, 81, 88, 36, 66, 79, 73, 113, 109, 58.0001, 52.3354, 77, 82, 105, 33, 29, 56, 26, 46, 36, 47, 51, 56, 60, 65, 63, 53, 80, 75, 50, 46, 99, 117, 89, 97, 114, 94, 138, 136, 527],
      [8, 4, 4, 4, 8, 2, 4, 6, 4, 3, 4, 4, 5, 7, 3, 8, 10, 5, 11, 4, 2, 1.9998, 3, 3, 3, 1, 1, 4, 2, 4, 2, 1, 1.8967e-08, 1, 3, 3, 5, 3, 1, 2, 1, 1, 6, 2, 3, 3, 3, 3, 6, 4, 23]
    ],
    [
      [3, 2, 2, 3, 4, 2, 2, 4, 3, 2, 1, 7, 5, 3, 5, 5, 7.6751e-09, 3.2257e-11, 5, 9.5945e-14, 0, 0.0002, 3, 3, 4, 1, 1, 2, 2, 3, 1, 3, 1, 2, 1, 4, 2, 1, 2, 1, 1, 1.8131e-07, 2, 4, 2.1714e-06, 2, 1, 1, 2, 3, 16],
      [2, 1, 2, 2, 3, 2, 2, 2, 4, 1, 1.3006e-15, 2, 9.6159e-18, 3, 5, 4, 3.0769e-07, 1, 2, 1, 2.589e-07, 0.0561, 5, 4, 10, 3, 1, 2, 7, 11, 5, 2, 9.1508e-08, 1, 1, 2, 1, 1, 1.9351e-10, 2, 1, 2, 2, 2, 1.8283e-06, 2, 1, 1, 1, 1, 15],
      [6, 4, 8, 2, 3, 1, 5, 9, 4, 6, 4, 7, 4, 4, 5, 6, 4.8511e-07, 2, 6, 5, 3, 3.0562, 8, 4, 5, 1, 4, 10, 2, 6, 1, 7, 4, 2, 3, 5, 4, 4, 2, 2, 1.7897e-08, 1, 5, 7, 1, 3, 2, 2, 2, 5, 17],
      [17, 8, 12, 13, 18, 8, 20, 15, 17, 9, 7, 16, 12, 19, 20, 18, 6, 6, 18, 16, 6.0001, 11.1679, 17, 12, 20, 6, 15, 11, 14, 21, 12, 13, 6, 10, 8, 14, 11, 10, 12, 7, 5, 9, 11, 16, 9, 9, 11, 10, 11, 15, 54],
      [39, 20, 33, 25, 29, 17, 34, 39, 34, 19, 21, 48, 25, 34, 18, 28, 20, 21, 48, 36, 19.9999, 19.7758, 29, 22, 37, 8, 15, 23, 13, 28, 12, 23, 12, 23, 22, 27, 22, 18, 24, 24, 10, 14, 26, 36, 18, 27, 34, 25, 30, 38, 143],
      [3, 4, 3, 4, 4, 3, 4, 5, 4, 3, 3, 4, 4, 6, 5, 5, 5, 5, 7, 4, 2, 1.9438, 4, 4, 5, 2, 3, 3, 4, 6, 4, 2, 2, 2, 3, 3, 4, 4, 2, 3, 2, 2, 4, 3, 2, 2, 2, 3, 4, 3, 9]
    ]
  ],
  "V_est": [
    [138.9439, 38, 26, 148.1121, 271.9439, 4],
    [75.9437, 113, 30.0561, 156.0563, 302.9437, 2.0002],
    [28.0562, 114.9437, 72, 163.0001, 343, 2],
    [19, 34.8874, 160.1688, 172.8879, 378.0559, 1],
    [22, 24.0001, 98.9435, 274.2247, 382.8315, 3.0002],
    [231.0001, 253.0563, 387.9435, 1309.8304, 2479.1137, 100.0561],
    [425.0558, 405.0564, 688.8319, 2033.7205, 4455.3356, 208.9998],
    [127.0002, 125.0561, 216.0563, 671.168, 1410.7757, 184.9437]
  ],
  "p_est": [
    [0.2216, 0.0606, 0.0415, 0.2362, 0.4337, 0.0064],
    [0.1117, 0.1662, 0.0442, 0.2295, 0.4455, 0.0029],
    [0.0388, 0.159, 0.0996, 0.2254, 0.4744, 0.0028],
    [0.0248, 0.0455, 0.2091, 0.2257, 0.4935, 0.0013],
    [0.0273, 0.0298, 0.1229, 0.3407, 0.4756, 0.0037],
    [0.0485, 0.0532, 0.0815, 0.2751, 0.5207, 0.021],
    [0.0517, 0.0493, 0.0838, 0.2475, 0.5422, 0.0254],
    [0.0464, 0.0457, 0.079, 0.2454, 0.5158, 0.0676]
  ],
  "EI_Z": {},
  "EI_V": 40.1761,
  "MAE_Z": {},
  "MAE_V": 323.3171,
  "MAE_p": 0.1358,
  "runtime": 0.6715
}
