{
  "X": [
    [25, 18, 45, 127, 293, 14],
    [18, 15, 36, 67, 163, 10],
    [16, 14, 52, 78, 216, 8],
    [36, 27, 24, 134, 246, 10],
    [23, 19, 21, 103, 166, 16],
    [21, 26, 14, 86, 178, 7],
    [13, 16, 34, 123, 205, 11],
    [36, 18, 72, 113, 290, 14],
    [24, 29, 31, 117, 221, 11],
    [18, 9, 52, 72, 146, 7],
    [10, 7, 40, 65, 176, 8],
    [39, 14, 36, 81, 240, 9],
    [35, 6, 31, 81, 173, 11],
    [23, 21, 30, 118, 213, 17],
    [33, 32, 34, 125, 113, 11],
    [31, 27, 37, 114, 172, 17],
    [2, 5, 5, 47, 147, 18],
    [5, 9, 15, 46, 146, 12],
    [28, 12, 35, 95, 254, 23],
    [6, 10, 33, 100, 224, 10],
    [3, 5, 23, 46, 123, 5],
    [3, 6, 21, 68, 119, 5],
    [27, 39, 58, 128, 211, 8],
    [36, 45, 41, 114, 204, 8],
    [37, 84, 45, 158, 286, 10],
    [14, 42, 16, 80, 95, 4],
    [11, 13, 31, 100, 98, 6],
    [12, 16, 60, 65, 136, 8],
    [20, 59, 21, 116, 107, 9],
    [19, 66, 34, 123, 161, 17],
    [16, 50, 19, 121, 121, 10],
    [20, 17, 43, 79, 125, 4],
    [11, 7, 35, 53, 106, 2],
    [11, 9, 16, 57, 122, 4],
    [13, 9, 27, 59, 142, 8],
    [28, 14, 31, 86, 153, 8],
    [15, 12, 29, 78, 155, 11],
    [12, 12, 30, 78, 137, 9],
    [17, 5, 21, 98, 182, 3],
    [9, 14, 16, 50, 151, 6],
    [16, 13, 6, 56, 111, 3],
    [8, 22, 9, 74, 108, 4],
    [17, 20, 42, 87, 207, 12],
    [30, 15, 50, 117, 260, 6],
    [9, 7, 18, 97, 170, 6],
    [14, 14, 26, 65, 190, 6],
    [11, 11, 16, 77, 222, 6],
    [11, 9, 21, 81, 192, 7],
    [21, 9, 25, 96, 259, 12],
    [25, 8, 41, 114, 287, 8],
    [129, 122, 132, 416, 1102, 47]
  ],
  "W": [
    [8, 6, 18, 19, 22, 122, 257, 70],
    [8, 13, 14, 11, 5, 75, 144, 39],
    [3, 12, 11, 25, 10, 78, 185, 60],
    [15, 19, 30, 17, 9, 143, 195, 49],
    [15, 15, 15, 7, 14, 84, 137, 61],
    [14, 18, 20, 5, 4, 98, 140, 33],
    [5, 7, 5, 13, 16, 119, 170, 67],
    [11, 22, 19, 25, 15, 126, 251, 74],
    [6, 20, 21, 11, 27, 119, 163, 66],
    [8, 4, 23, 14, 10, 82, 123, 40],
    [6, 4, 5, 13, 18, 55, 169, 36],
    [6, 5, 28, 22, 12, 79, 183, 84],
    [7, 5, 22, 10, 14, 76, 153, 50],
    [8, 18, 18, 14, 15, 109, 171, 69],
    [18, 17, 15, 10, 22, 106, 102, 58],
    [21, 9, 16, 8, 17, 111, 150, 66],
    [2, 4, 1, 9, 10, 49, 118, 31],
    [6, 4, 2, 15, 12, 46, 113, 35],
    [12, 7, 14, 17, 25, 89, 197, 86],
    [7, 5, 3, 14, 24, 87, 181, 62],
    [3, 1, 2, 13, 9, 52, 94, 31],
    [4, 2, 1, 7, 12, 67, 93, 36],
    [25, 26, 21, 29, 35, 102, 167, 66],
    [29, 29, 23, 16, 16, 109, 177, 49],
    [48, 53, 26, 23, 24, 141, 224, 81],
    [19, 24, 14, 5, 10, 76, 82, 21],
    [13, 9, 6, 12, 18, 91, 71, 39],
    [8, 9, 6, 22, 13, 68, 120, 51],
    [40, 36, 19, 5, 18, 98, 74, 42],
    [40, 35, 11, 9, 30, 106, 114, 75],
    [35, 29, 17, 7, 17, 104, 93, 35],
    [9, 7, 14, 15, 11, 78, 104, 50],
    [4, 1, 9, 7, 12, 59, 97, 25],
    [5, 7, 6, 2, 3, 61, 95, 40],
    [4, 5, 9, 22, 9, 67, 104, 38],
    [8, 5, 13, 8, 17, 83, 131, 55],
    [6, 8, 12, 23, 10, 77, 120, 44],
    [4, 8, 10, 18, 6, 90, 104, 38],
    [4, 2, 14, 15, 21, 89, 139, 42],
    [6, 14, 4, 8, 9, 49, 117, 39],
    [7, 7, 11, 2, 9, 62, 88, 19],
    [8, 16, 1, 7, 8, 67, 90, 28],
    [9, 16, 5, 21, 16, 86, 182, 50],
    [9, 14, 15, 21, 18, 122, 211, 68],
    [4, 4, 1, 8, 12, 89, 159, 30],
    [5, 6, 9, 14, 9, 67, 160, 45],
    [7, 8, 6, 10, 10, 77, 174, 51],
    [4, 6, 5, 16, 11, 83, 154, 42],
    [5, 3, 15, 16, 16, 96, 221, 50],
    [5, 4, 14, 38, 21, 110, 226, 65],
    [64, 72, 104, 68, 74, 382, 930, 254]
  ],
  "method": "mcmc",
  "mcmc_stepsize": 3000,
  "mcmc_samples": 1000,
  "burn_in": 10000,
  "cond_prob": [
    [
      [0.375, 3.569281476e-29, 5.7687074816e-29, 0.125, 0.5, 3.7202205896e-30],
      [0.16666666667, 0.16666666667, 1.0515242823e-28, 0.16666666667, 0.5, 3.4246332541e-28],
      [7.7353466729e-29, 0.16666666667, 0.055555555556, 0.22222222222, 0.55555555556, 8.1235863114e-31],
      [4.1519078835e-29, 5.6344139555e-29, 0.26315789474, 0.21052631579, 0.52631578947, 9.664852122e-30],
      [0.045454545455, 5.8542517377e-29, 0.045454545455, 0.36363636364, 0.54545454545, 5.2378074496e-29],
      [0.040983606557, 0.032786885246, 0.081967213115, 0.24590163934, 0.5737704918, 0.024590163934],
      [0.046692607004, 0.031128404669, 0.08560311284, 0.24124513619, 0.56420233463, 0.031128404669],
      [0.042857142857, 0.028571428571, 0.085714285714, 0.24285714286, 0.55714285714, 0.042857142857]
    ],
    [
      [0.375, 1.5250435011e-18, 3.4697351455e-18, 0.125, 0.5, 4.4415944398e-18],
      [0.076923076923, 0.23076923077, 0.076923076923, 0.15384615385, 0.46153846154, 1.1022308137e-22],
      [1.9825941408e-18, 0.14285714286, 0.14285714286, 0.21428571429, 0.5, 8.7133725394e-19],
      [1.1091049617e-18, 2.7189638855e-22, 0.36363636364, 0.18181818182, 0.45454545455, 2.9458936729e-23],
      [8.6814789721e-23, 1.5558492034e-18, 0.2, 0.4, 0.4, 1.5556162215e-18],
      [0.053333333333, 0.04, 0.10666666667, 0.24, 0.53333333333, 0.026666666667],
      [0.055555555556, 0.041666666667, 0.11111111111, 0.21527777778, 0.54861111111, 0.027777777778],
      [0.051282051282, 0.025641025641, 0.10256410256, 0.20512820513, 0.51282051282, 0.10256410256]
    ],
    [
      [0.66666666667, 7.1221045205e-16, 8.1014335031e-22, 4.2255263745e-19, 0.33333333333, 6.164803367e-25],
      [0.083333333333, 0.16666666667, 0.083333333333, 0.16666666667, 0.5, 1.8097813275e-20],
      [1.9439110575e-16, 0.18181818182, 0.090909090909, 0.18181818182, 0.54545454545, 1.9423921397e-16],
      [0.04, 8.549073972e-17, 0.2, 0.2, 0.56, 8.4815445637e-21],
      [2.1376830356e-16, 8.3680217875e-20, 0.2, 0.3, 0.5, 2.1366310808e-16],
      [0.038461538462, 0.025641025641, 0.12820512821, 0.21794871795, 0.57692307692, 0.012820512821],
      [0.037837837838, 0.032432432432, 0.13513513514, 0.2, 0.57297297297, 0.021621621622],
      [0.033333333333, 0.033333333333, 0.13333333333, 0.2, 0.55, 0.05]
    ],
    [
      [0.26666666667, 6.7873167688e-25, 3.3735367102e-26, 0.26666666667, 0.46666666667, 7.3952018192e-25],
      [0.10526315789, 0.15789473684, 5.6274464236e-25, 0.26315789474, 0.47368421053, 2.2559413005e-26],
      [0.066666666667, 0.1, 0.066666666667, 0.26666666667, 0.5, 6.7916465329e-25],
      [0.058823529412, 3.2122723495e-26, 0.23529411765, 0.23529411765, 0.47058823529, 5.975429376e-25],
      [2.4038500179e-24, 4.8940382977e-26, 3.434324267e-24, 0.55555555556, 0.44444444444, 1.1288164865e-24],
      [0.06993006993, 0.055944055944, 0.048951048951, 0.28671328671, 0.52447552448, 0.013986013986],
      [0.071794871795, 0.05641025641, 0.046153846154, 0.27692307692, 0.52820512821, 0.020512820513],
      [0.061224489796, 0.040816326531, 0.040816326531, 0.26530612245, 0.51020408163, 0.081632653061]
    ],
    [
      [0.26666666667, 1.6001170769e-21, 1.5899837667e-21, 0.26666666667, 0.46666666667, 3.1699106325e-21],
      [0.066666666667, 0.2, 4.753216845e-21, 0.26666666667, 0.46666666667, 1.5840223219e-21],
      [1.5853480511e-21, 0.13333333333, 0.13333333333, 0.26666666667, 0.46666666667, 1.4006853287e-23],
      [3.4120730723e-21, 3.4113194537e-21, 0.28571428571, 0.28571428571, 0.42857142857, 2.0899449071e-23],
      [5.1141238616e-21, 1.6984336886e-21, 0.071428571429, 0.5, 0.42857142857, 1.5656382718e-24],
      [0.059523809524, 0.047619047619, 0.059523809524, 0.28571428571, 0.5, 0.047619047619],
      [0.065693430657, 0.051094890511, 0.058394160584, 0.29197080292, 0.47445255474, 0.058394160584],
      [0.065573770492, 0.049180327869, 0.049180327869, 0.29508196721, 0.47540983607, 0.065573770492]
    ],
    [
      [0.21428571429, 0.071428571429, 8.9836469829e-19, 0.21428571429, 0.5, 6.6582635946e-19],
      [0.055555555556, 0.22222222222, 1.7080508408e-18, 0.22222222222, 0.5, 5.1149796901e-20],
      [0.05, 0.1, 0.1, 0.25, 0.5, 3.2347142093e-22],
      [1.9998198487e-18, 2.1325980571e-18, 0.4, 0.2, 0.4, 3.5190554896e-18],
      [2.4446977111e-18, 7.2502545561e-19, 4.7729764646e-19, 0.5, 0.5, 8.9587406804e-18],
      [0.061224489796, 0.071428571429, 0.040816326531, 0.27551020408, 0.5306122449, 0.020408163265],
      [0.057142857143, 0.071428571429, 0.035714285714, 0.25714285714, 0.56428571429, 0.014285714286],
      [0.060606060606, 0.060606060606, 0.030303030303, 0.24242424242, 0.51515151515, 0.090909090909]
    ],
    [
      [0.4, 1.2841047047e-18, 2.1053859484e-18, 0.2, 0.4, 2.0760459248e-20],
      [0.14285714286, 0.14285714286, 2.1581767868e-15, 0.28571428571, 0.42857142857, 1.6553195373e-21],
      [1.5107119733e-15, 0.4, 6.0427456494e-15, 0.2, 0.4, 7.1667177313e-19],
      [2.7010836768e-19, 0.076923076923, 0.23076923077, 0.23076923077, 0.46153846154, 2.8498566054e-19],
      [1.2128362685e-18, 4.7187664705e-16, 0.125, 0.375, 0.5, 3.8818977319e-19],
      [0.025210084034, 0.033613445378, 0.084033613445, 0.31932773109, 0.51260504202, 0.025210084034],
      [0.029411764706, 0.035294117647, 0.082352941176, 0.30588235294, 0.52352941176, 0.023529411765],
      [0.029850746269, 0.029850746269, 0.074626865672, 0.29850746269, 0.50746268657, 0.059701492537]
    ],
    [
      [0.27272727273, 1.3193546556e-30, 0.090909090909, 0.18181818182, 0.45454545455, 1.7214870983e-32],
      [0.13636363636, 0.090909090909, 0.090909090909, 0.18181818182, 0.5, 1.1459844838e-29],
      [0.052631578947, 0.10526315789, 0.15789473684, 0.15789473684, 0.52631578947, 7.0197659581e-30],
      [0.04, 1.5410068726e-29, 0.24, 0.2, 0.52, 5.7966540247e-31],
      [4.8172581537e-31, 1.158217432e-32, 0.13333333333, 0.33333333333, 0.53333333333, 1.9174253183e-30],
      [0.063492063492, 0.031746031746, 0.12698412698, 0.21428571429, 0.53968253968, 0.02380952381],
      [0.06374501992, 0.03187250996, 0.13147410359, 0.20717131474, 0.54183266932, 0.02390438247],
      [0.054054054054, 0.027027027027, 0.12162162162, 0.2027027027, 0.52702702703, 0.067567567568]
    ],
    [
      [0.33333333333, 9.0034020445e-24, 7.020054603e-28, 0.16666666667, 0.5, 2.8084818472e-24],
      [0.1, 0.1, 0.05, 0.25, 0.5, 2.614052894e-24],
      [0.047619047619, 0.19047619048, 0.047619047619, 0.2380952381, 0.47619047619, 7.1852390404e-24],
      [1.38772592e-23, 0.090909090909, 0.27272727273, 0.18181818182, 0.45454545455, 1.5316292182e-24],
      [0.037037037037, 0.037037037037, 0.11111111111, 0.33333333333, 0.48148148148, 5.5243241879e-24],
      [0.050420168067, 0.058823529412, 0.067226890756, 0.28571428571, 0.51260504202, 0.025210084034],
      [0.055214723926, 0.061349693252, 0.067484662577, 0.26993865031, 0.52147239264, 0.024539877301],
      [0.045454545455, 0.060606060606, 0.060606060606, 0.25757575758, 0.51515151515, 0.060606060606]
    ],
    [
      [0.375, 1.2881479048e-13, 0.125, 0.125, 0.375, 2.4099887902e-16],
      [0.25, 0.5, 1.2593425142e-13, 1.9626092308e-14, 0.25, 4.6516340989e-16],
      [0.04347826087, 0.04347826087, 0.21739130435, 0.21739130435, 0.47826086957, 1.313775398e-15],
      [6.1351462964e-15, 2.6820131917e-16, 0.28571428571, 0.28571428571, 0.42857142857, 1.3354239571e-16],
      [1.0380312212e-13, 1.0187028077e-17, 0.1, 0.5, 0.4, 6.2323713927e-15],
      [0.048780487805, 0.024390243902, 0.17073170732, 0.23170731707, 0.51219512195, 0.012195121951],
      [0.056910569106, 0.024390243902, 0.17073170732, 0.23577235772, 0.48780487805, 0.024390243902],
      [0.05, 0.025, 0.15, 0.225, 0.475, 0.075]
    ],
    [
      [0.33333333333, 1.2437801392e-18, 3.1989291767e-16, 0.16666666667, 0.5, 3.0047758333e-16],
      [0.25, 0.25, 2.6463574203e-17, 3.0692306519e-16, 0.5, 1.6620377434e-16],
      [1.0179069738e-16, 0.4, 3.5006791951e-16, 0.2, 0.4, 1.9892300741e-17],
      [7.173510358e-17, 2.0875772636e-17, 0.30769230769, 0.15384615385, 0.53846153846, 5.6973041743e-17],
      [2.347854902e-17, 1.0316768431e-16, 0.16666666667, 0.27777777778, 0.55555555556, 3.8333025586e-17],
      [0.018181818182, 0.018181818182, 0.12727272727, 0.25454545455, 0.56363636364, 0.018181818182],
      [0.029585798817, 0.01775147929, 0.13017751479, 0.20710059172, 0.59171597633, 0.023668639053],
      [0.027777777778, 3.6128295272e-17, 0.11111111111, 0.19444444444, 0.58333333333, 0.083333333333]
    ],
    [
      [0.33333333333, 2.8014507358e-19, 1.4002929313e-19, 0.16666666667, 0.5, 8.241610042e-24],
      [0.2, 0.4, 4.5739964898e-23, 3.3606980116e-19, 0.4, 1.6806817404e-19],
      [0.071428571429, 0.071428571429, 0.10714285714, 0.17857142857, 0.57142857143, 2.0659070933e-24],
      [0.090909090909, 7.6391024736e-20, 0.18181818182, 0.18181818182, 0.54545454545, 7.2768586221e-26],
      [0.083333333333, 7.0042768281e-20, 0.083333333333, 0.33333333333, 0.5, 2.117293952e-23],
      [0.088607594937, 0.025316455696, 0.075949367089, 0.20253164557, 0.59493670886, 0.012658227848],
      [0.092896174863, 0.032786885246, 0.081967213115, 0.1912568306, 0.57923497268, 0.021857923497],
      [0.083333333333, 0.02380952381, 0.083333333333, 0.19047619048, 0.57142857143, 0.047619047619]
    ],
    [
      [0.42857142857, 6.9189478564e-25, 2.6238025752e-18, 0.14285714286, 0.42857142857, 2.7165543033e-18],
      [0.2, 0.2, 3.1807670799e-19, 0.2, 0.4, 1.0645321073e-22],
      [0.090909090909, 0.090909090909, 0.090909090909, 0.22727272727, 0.5, 1.2673995138e-18],
      [0.1, 1.9062914708e-18, 0.2, 0.2, 0.5, 2.5915441748e-21],
      [0.071428571429, 1.3584497776e-18, 0.21428571429, 0.21428571429, 0.5, 6.7978107962e-19],
      [0.092105263158, 0.013157894737, 0.078947368421, 0.27631578947, 0.51315789474, 0.026315789474],
      [0.098039215686, 0.013071895425, 0.091503267974, 0.23529411765, 0.52941176471, 0.032679738562],
      [0.1, 1.9231701234e-19, 0.08, 0.24, 0.5, 0.08]
    ],
    [
      [0.25, 2.1969259797e-17, 3.2315259772e-20, 0.25, 0.5, 1.1419228055e-23],
      [0.16666666667, 9.7783668858e-18, 0.055555555556, 0.27777777778, 0.5, 1.9474797193e-24],
      [0.055555555556, 0.11111111111, 0.055555555556, 0.27777777778, 0.5, 4.882029572e-18],
      [1.2553809933e-17, 0.21428571429, 0.071428571429, 0.21428571429, 0.5, 1.840034733e-20],
      [2.3450947399e-17, 4.8219977496e-24, 0.26666666667, 0.26666666667, 0.46666666667, 5.8584627626e-18],
      [0.045871559633, 0.045871559633, 0.064220183486, 0.30275229358, 0.50458715596, 0.036697247706],
      [0.052631578947, 0.046783625731, 0.070175438596, 0.27485380117, 0.51461988304, 0.040935672515],
      [0.04347826087, 0.04347826087, 0.057971014493, 0.27536231884, 0.49275362319, 0.086956521739]
    ],
    [
      [0.27777777778, 0.055555555556, 0.055555555556, 0.33333333333, 0.27777777778, 1.2663039871e-21],
      [0.058823529412, 0.23529411765, 0.058823529412, 0.35294117647, 0.29411764706, 5.7190925159e-22],
      [0.066666666667, 0.13333333333, 0.2, 0.33333333333, 0.26666666667, 9.2251285767e-22],
      [5.6511767387e-21, 1.1632119683e-20, 0.3, 0.4, 0.3, 2.2439002641e-25],
      [0.090909090909, 0.090909090909, 0.090909090909, 0.40909090909, 0.31818181818, 2.5478957105e-21],
      [0.094339622642, 0.084905660377, 0.094339622642, 0.3679245283, 0.33018867925, 0.028301886792],
      [0.088235294118, 0.088235294118, 0.088235294118, 0.35294117647, 0.35294117647, 0.029411764706],
      [0.086206896552, 0.086206896552, 0.086206896552, 0.34482758621, 0.31034482759, 0.086206896552]
    ],
    [
      [0.19047619048, 0.047619047619, 0.047619047619, 0.28571428571, 0.42857142857, 1.9108800943e-25],
      [0.11111111111, 0.33333333333, 4.9402467873e-23, 0.22222222222, 0.33333333333, 7.7158273245e-25],
      [0.0625, 0.0625, 0.25, 0.25, 0.375, 1.8134350827e-23],
      [1.7923762538e-23, 1.3840636291e-24, 0.25, 0.375, 0.375, 1.7574665081e-24],
      [0.058823529412, 0.058823529412, 0.058823529412, 0.41176470588, 0.41176470588, 8.4409410696e-25],
      [0.072072072072, 0.063063063063, 0.09009009009, 0.28828828829, 0.45045045045, 0.036036036036],
      [0.073333333333, 0.066666666667, 0.086666666667, 0.28, 0.44, 0.053333333333],
      [0.075757575758, 0.060606060606, 0.090909090909, 0.27272727273, 0.42424242424, 0.075757575758]
    ],
    [
      [0.49999970232, 4.2657294802e-08, 3.6131002773e-09, 2.7744863365e-09, 0.50000001111, 2.3752489692e-07],
      [2.2196739347e-10, 0.49999966038, 2.3699561998e-07, 2.0022313291e-07, 0.49999988056, 2.1627253665e-08],
      [3.2108185072e-10, 5.277548453e-10, 0.9999993223, 1.7493557869e-09, 5.8484074513e-07, 9.025693208e-08],
      [3.3865278678e-10, 4.1480187055e-10, 0.11111104852, 0.33333322702, 0.55555571117, 1.2539943627e-08],
      [1.1181110344e-08, 1.1442778925e-07, 8.6584736598e-09, 0.40000000266, 0.59999983997, 2.3105885061e-08],
      [1.5735810132e-10, 0.020408165988, 0.020408172371, 0.20408165934, 0.69387750591, 0.06122449623],
      [0.0084745802026, 0.016949149861, 0.016949146338, 0.20338983744, 0.66949154496, 0.084745741206],
      [2.4758542168e-10, 9.9253868839e-09, 1.5648569927e-08, 0.19354832248, 0.64516128955, 0.16129036215]
    ],
    [
      [0.33333333329, 2.2569105044e-11, 2.1336037842e-11, 0.16666666671, 0.49999999996, 1.1157909031e-12],
      [0.25, 0.25, 1.4286076842e-12, 8.2434348579e-12, 0.49999999997, 3.1470339729e-11],
      [2.1027398191e-13, 0.49999999993, 1.5409876281e-12, 1.260511041e-10, 0.49999999994, 8.0447729309e-13],
      [8.6290906819e-12, 0.066666666659, 0.19999999998, 0.13333333333, 0.60000000002, 9.8348304459e-13],
      [3.5891539252e-13, 1.428554561e-12, 0.083333333335, 0.3333333333, 0.58333333336, 2.2015065567e-12],
      [3.2951811902e-12, 0.021739130443, 0.04347826087, 0.23913043478, 0.65217391303, 0.043478260881],
      [0.017699115044, 0.035398230087, 0.061946902659, 0.19469026548, 0.64601769912, 0.044247787606],
      [9.2162118991e-13, 0.028571428568, 0.057142857136, 0.17142857144, 0.6, 0.14285714285]
    ],
    [
      [0.33333333333, 1.3465845344e-23, 1.7276592302e-21, 0.16666666667, 0.5, 6.3368988525e-22],
      [6.998359296e-21, 0.42857142857, 2.5509508202e-21, 0.14285714286, 0.42857142857, 2.4717484855e-23],
      [1.315304967e-21, 1.1110101489e-21, 0.35714285714, 0.14285714286, 0.5, 2.0165339863e-21],
      [0.058823529412, 1.0519456052e-21, 0.11764705882, 0.29411764706, 0.52941176471, 5.4906429149e-25],
      [0.04, 1.3280512434e-21, 0.04, 0.32, 0.56, 0.04],
      [0.056179775281, 0.022471910112, 0.067415730337, 0.20224719101, 0.60674157303, 0.044943820225],
      [0.060913705584, 0.02538071066, 0.07614213198, 0.20812182741, 0.57360406091, 0.055837563452],
      [0.058139534884, 0.023255813953, 0.06976744186, 0.20930232558, 0.55813953488, 0.081395348837]
    ],
    [
      [0.28571428571, 1.9798532787e-13, 1.4676261533e-14, 0.14285714286, 0.57142857143, 4.636752867e-15],
      [0.2, 0.2, 3.4405189715e-14, 0.2, 0.4, 2.5691793625e-13],
      [4.2824904496e-13, 0.66666666667, 1.1647171924e-14, 4.5568883555e-13, 0.33333333333, 1.4915300117e-19],
      [9.6495415158e-14, 1.8465930399e-13, 0.21428571429, 0.21428571429, 0.57142857143, 1.1521601734e-15],
      [6.7456930737e-16, 6.2570690199e-15, 0.125, 0.29166666667, 0.58333333333, 5.3523825214e-14],
      [0.011494252874, 0.022988505747, 0.080459770115, 0.28735632184, 0.57471264368, 0.022988505747],
      [0.011049723757, 0.022099447514, 0.082872928177, 0.25966850829, 0.60220994475, 0.022099447514],
      [1.54749608e-15, 0.016129032258, 0.08064516129, 0.25806451613, 0.58064516129, 0.064516129032]
    ],
    [
      [0.66665105323, 2.8674038909e-07, 6.7466554562e-08, 9.5292993972e-08, 0.33334849308, 4.187862398e-09],
      [2.5195606012e-10, 0.9999551889, 5.1016047829e-09, 4.4559690823e-05, 2.460359565e-07, 2.3610635515e-11],
      [5.8331177323e-10, 0.49997721639, 6.7412053763e-08, 4.4621697802e-05, 0.49997764816, 4.4575689786e-07],
      [7.8756208366e-08, 2.5949845814e-08, 0.30768868051, 0.15384960285, 0.53846154103, 7.0896712055e-08],
      [6.6024778053e-10, 1.0017937799e-05, 0.11110619734, 0.33334827072, 0.55553550589, 7.4495837553e-09],
      [2.0002003195e-08, 0.019230748622, 0.096152123937, 0.26922814044, 0.59615735338, 0.019231613614],
      [0.010638298899, 0.021276593958, 0.10638442194, 0.22340142886, 0.61702267008, 0.021276586252],
      [1.4410479355e-06, 8.3515173847e-09, 0.096775642826, 0.19355125875, 0.64515696865, 0.064514680376]
    ],
    [
      [0.23597851782, 8.5332219395e-06, 7.616201795e-06, 0.27802724918, 0.48597443267, 3.6509105673e-06],
      [0.47186768465, 5.7135124917e-07, 0.028046860154, 0.0281323824, 0.47186644128, 8.6060167524e-05],
      [0.056235221976, 0.94371087643, 1.090626743e-06, 1.708930034e-05, 3.5401913813e-05, 3.197557819e-07],
      [1.0213211537e-06, 0.2696329069, 0.024117034819, 0.26969221868, 0.43655680967, 8.6110297255e-09],
      [3.6549559591e-07, 1.6452656398e-06, 0.2452947316, 0.26871754398, 0.4859697424, 1.5971264417e-05],
      [7.6571837602e-07, 0.015765247064, 0.10363495415, 0.34075400007, 0.52408295415, 0.015762078854],
      [0.011353266802, 0.022112202816, 0.084212257443, 0.29807270497, 0.56274632504, 0.021503242925],
      [5.5190693438e-06, 0.0015582594803, 0.084895467537, 0.31021870899, 0.54932870143, 0.053993343489]
    ],
    [
      [0.12, 0.08, 0.12, 0.24, 0.44, 6.1148611263e-24],
      [0.11538461538, 0.076923076923, 0.11538461538, 0.26923076923, 0.42307692308, 1.3716585778e-26],
      [0.047619047619, 0.19047619048, 0.095238095238, 0.2380952381, 0.42857142857, 1.6612948263e-28],
      [0.034482758621, 0.10344827586, 0.20689655172, 0.24137931034, 0.41379310345, 1.2708649197e-28],
      [0.057142857143, 0.057142857143, 0.11428571429, 0.34285714286, 0.42857142857, 2.8529703804e-30],
      [0.049019607843, 0.078431372549, 0.11764705882, 0.28431372549, 0.46078431373, 0.0098039215686],
      [0.053892215569, 0.077844311377, 0.11976047904, 0.26946107784, 0.46107784431, 0.017964071856],
      [0.045454545455, 0.075757575758, 0.12121212121, 0.25757575758, 0.43939393939, 0.060606060606]
    ],
    [
      [0.1724137931, 0.068965517241, 0.068965517241, 0.24137931034, 0.44827586207, 2.7434764341e-26],
      [0.10344827586, 0.13793103448, 0.068965517241, 0.24137931034, 0.44827586207, 1.0052476427e-26],
      [0.04347826087, 0.21739130435, 0.086956521739, 0.21739130435, 0.4347826087, 1.272946769e-26],
      [0.0625, 0.125, 0.125, 0.25, 0.4375, 2.0048068833e-20],
      [0.0625, 0.0625, 0.1875, 0.25, 0.4375, 2.0047951811e-20],
      [0.073394495413, 0.091743119266, 0.091743119266, 0.2752293578, 0.45871559633, 0.0091743119266],
      [0.079096045198, 0.09604519774, 0.090395480226, 0.25423728814, 0.46327683616, 0.016949152542],
      [0.061224489796, 0.081632653061, 0.081632653061, 0.24489795918, 0.44897959184, 0.081632653061]
    ],
    [
      [0.10416666667, 0.125, 0.0625, 0.25, 0.45833333333, 1.6415465229e-26],
      [0.075471698113, 0.16981132075, 0.056603773585, 0.24528301887, 0.45283018868, 2.9054403331e-35],
      [0.038461538462, 0.15384615385, 0.15384615385, 0.23076923077, 0.42307692308, 3.0305186295e-26],
      [0.04347826087, 0.13043478261, 0.13043478261, 0.26086956522, 0.4347826087, 2.1705848472e-31],
      [0.041666666667, 0.125, 0.041666666667, 0.33333333333, 0.45833333333, 9.849185535e-26],
      [0.056737588652, 0.13475177305, 0.070921985816, 0.25531914894, 0.46808510638, 0.014184397163],
      [0.058035714286, 0.13392857143, 0.071428571429, 0.25446428571, 0.46875, 0.013392857143],
      [0.049382716049, 0.12345679012, 0.061728395062, 0.24691358025, 0.45679012346, 0.061728395062]
    ],
    [
      [0.10526315789, 0.15789473684, 0.052631578947, 0.31578947368, 0.36842105263, 2.9549454549e-15],
      [0.125, 0.16666666667, 0.041666666667, 0.29166666667, 0.375, 1.9493642464e-15],
      [1.2599835045e-14, 0.35714285714, 3.9133667611e-13, 0.28571428571, 0.35714285714, 1.8700620283e-13],
      [2.3318668582e-13, 0.2, 0.4, 0.2, 0.2, 1.9434301516e-14],
      [4.30104424e-14, 0.1, 0.2, 0.4, 0.3, 1.5718046949e-13],
      [0.052631578947, 0.15789473684, 0.052631578947, 0.34210526316, 0.38157894737, 0.013157894737],
      [0.048780487805, 0.15853658537, 0.060975609756, 0.31707317073, 0.40243902439, 0.012195121951],
      [0.047619047619, 0.14285714286, 0.047619047619, 0.28571428571, 0.38095238095, 0.095238095238]
    ],
    [
      [0.23076923077, 2.8209702727e-13, 0.076923076923, 0.38461538462, 0.30769230769, 2.7705893162e-13],
      [0.11111111111, 0.11111111111, 0.11111111111, 0.33333333333, 0.33333333333, 5.0349824365e-16],
      [1.8666148772e-14, 0.33333333333, 1.7996049636e-12, 0.33333333333, 0.33333333333, 5.1480734122e-15],
      [3.1313313904e-15, 0.16666666667, 0.16666666667, 0.33333333333, 0.33333333333, 2.9753657091e-13],
      [3.9865491528e-13, 8.6104842822e-15, 0.27777777778, 0.38888888889, 0.33333333333, 6.7343341999e-17],
      [0.032967032967, 0.043956043956, 0.10989010989, 0.40659340659, 0.38461538462, 0.021978021978],
      [0.042253521127, 0.042253521127, 0.11267605634, 0.38028169014, 0.40845070423, 0.014084507042],
      [0.025641025641, 0.025641025641, 0.10256410256, 0.38461538462, 0.38461538462, 0.076923076923]
    ],
    [
      [0.375, 3.7203762214e-16, 0.125, 0.125, 0.375, 3.8823310816e-16],
      [0.11111111111, 0.22222222222, 0.11111111111, 0.11111111111, 0.44444444444, 4.4345477336e-20],
      [3.7839211906e-15, 0.33333333333, 0.16666666667, 0.16666666667, 0.33333333333, 5.6649707945e-19],
      [2.0644673746e-15, 0.045454545455, 0.31818181818, 0.18181818182, 0.45454545455, 4.3133807291e-22],
      [3.6085485835e-16, 9.2480284698e-16, 0.23076923077, 0.38461538462, 0.38461538462, 1.7481337202e-15],
      [0.029411764706, 0.044117647059, 0.19117647059, 0.23529411765, 0.48529411765, 0.014705882353],
      [0.033333333333, 0.05, 0.2, 0.21666666667, 0.46666666667, 0.033333333333],
      [0.039215686275, 0.039215686275, 0.19607843137, 0.21568627451, 0.45098039216, 0.058823529412]
    ],
    [
      [0.125, 0.175, 0.05, 0.325, 0.3, 0.025],
      [0.055555555556, 0.25, 0.055555555556, 0.33333333333, 0.30555555556, 9.3077140471e-20],
      [0.052631578947, 0.15789473684, 0.15789473684, 0.31578947368, 0.31578947368, 7.7023651312e-20],
      [3.112070725e-19, 4.2040733434e-17, 0.2, 0.6, 0.2, 3.8426269361e-23],
      [0.055555555556, 0.16666666667, 0.055555555556, 0.44444444444, 0.27777777778, 5.8115588254e-18],
      [0.051020408163, 0.17346938776, 0.061224489796, 0.35714285714, 0.33673469388, 0.020408163265],
      [0.054054054054, 0.17567567568, 0.054054054054, 0.33783783784, 0.35135135135, 0.027027027027],
      [0.047619047619, 0.16666666667, 0.047619047619, 0.33333333333, 0.30952380952, 0.095238095238]
    ],
    [
      [0.1, 0.15, 0.075, 0.275, 0.375, 0.025],
      [0.057142857143, 0.2, 0.057142857143, 0.28571428571, 0.37142857143, 0.028571428571],
      [1.0738524484e-25, 0.36363636364, 3.5035303049e-25, 0.27272727273, 0.36363636364, 1.0644129826e-25],
      [1.0032599398e-24, 0.11111111111, 0.33333333333, 0.22222222222, 0.33333333333, 2.9093888477e-25],
      [0.033333333333, 0.13333333333, 0.1, 0.33333333333, 0.36666666667, 0.033333333333],
      [0.037735849057, 0.15094339623, 0.075471698113, 0.31132075472, 0.38679245283, 0.037735849057],
      [0.043859649123, 0.14912280702, 0.078947368421, 0.28947368421, 0.40350877193, 0.035087719298],
      [0.04, 0.14666666667, 0.08, 0.28, 0.37333333333, 0.08]
    ],
    [
      [0.11428571429, 0.14285714286, 0.028571428571, 0.34285714286, 0.34285714286, 0.028571428571],
      [0.10344827586, 0.1724137931, 0.034482758621, 0.34482758621, 0.34482758621, 3.6849466569e-22],
      [6.1165087878e-22, 0.23529411765, 0.058823529412, 0.35294117647, 0.35294117647, 1.543353453e-21],
      [9.2525486826e-22, 0.14285714286, 0.28571428571, 0.28571428571, 0.28571428571, 1.7517830199e-21],
      [1.0708541967e-21, 0.11764705882, 0.17647058824, 0.35294117647, 0.35294117647, 8.4898342753e-22],
      [0.038461538462, 0.14423076923, 0.048076923077, 0.38461538462, 0.35576923077, 0.028846153846],
      [0.043010752688, 0.13978494624, 0.05376344086, 0.35483870968, 0.38709677419, 0.021505376344],
      [0.028571428571, 0.14285714286, 0.028571428571, 0.34285714286, 0.34285714286, 0.11428571429]
    ],
    [
      [0.33333333333, 1.7557502014e-16, 0.11111111111, 0.22222222222, 0.33333333333, 2.6132731339e-18],
      [0.14285714286, 0.14285714286, 0.14285714286, 0.14285714286, 0.42857142857, 1.8050507125e-20],
      [6.0055080347e-15, 0.21428571429, 0.14285714286, 0.21428571429, 0.42857142857, 5.5601594059e-17],
      [0.066666666667, 0.066666666667, 0.2, 0.26666666667, 0.4, 1.8278380278e-18],
      [2.4418536205e-15, 2.6300726324e-14, 0.27272727273, 0.36363636364, 0.36363636364, 2.1891845289e-15],
      [0.064102564103, 0.051282051282, 0.14102564103, 0.30769230769, 0.42307692308, 0.012820512821],
      [0.067307692308, 0.057692307692, 0.14423076923, 0.26923076923, 0.45192307692, 0.0096153846154],
      [0.06, 0.04, 0.14, 0.26, 0.46, 0.04]
    ],
    [
      [0.74999997351, 5.7400516202e-09, 8.6904320727e-09, 3.4931501167e-09, 0.25000000552, 3.0448397097e-09],
      [9.5032871889e-10, 0.99999996049, 6.6739855689e-10, 1.9541685169e-08, 1.8352861802e-08, 6.6373182997e-13],
      [2.6423962387e-09, 0.22222221452, 0.1111111225, 0.22222222068, 0.44444443943, 2.2367593218e-10],
      [3.7308600592e-09, 1.8883688368e-09, 0.4285714247, 0.14285714248, 0.4285714272, 6.2235498945e-12],
      [1.9757739059e-09, 6.0872000641e-10, 0.24999999485, 0.33333333649, 0.41666666605, 2.1752180014e-11],
      [0.050847456293, 0.016949152386, 0.15254237207, 0.2711864414, 0.50847457751, 3.4628077242e-10],
      [0.04123711422, 0.030927834877, 0.15463917584, 0.24742267933, 0.52577319553, 1.9553906747e-10],
      [0.040000001231, 3.6603256373e-09, 0.15999999768, 0.24000000031, 0.47999999927, 0.079999997844]
    ],
    [
      [0.39999989097, 1.2848961344e-09, 5.3474643466e-08, 0.20000015719, 0.39999989706, 1.7246223798e-11],
      [2.7090523528e-09, 0.42857138904, 1.603968025e-10, 0.14285725679, 0.42857135071, 5.912538199e-10],
      [4.4383186084e-08, 9.665589945e-10, 0.33333328824, 0.16666666647, 0.49999999987, 7.5748601532e-11],
      [2.4322190273e-10, 4.4369269572e-09, 0.49999986529, 6.7506062657e-09, 0.50000012324, 3.8549279079e-11],
      [1.7232077075e-07, 6.8818384814e-11, 0.33333324258, 0.33333333264, 0.33333325176, 6.2365397818e-10],
      [0.049180323542, 0.032786889361, 0.065573774561, 0.29508195385, 0.54098361592, 0.016393442769],
      [0.042105260154, 0.031578941836, 0.063157892047, 0.2631578974, 0.58947369001, 0.010526318559],
      [0.050000007293, 0.025000013248, 0.050000013777, 0.24999997422, 0.57499999843, 0.049999993033]
    ],
    [
      [0.5, 8.0591036087e-16, 2.5145247147e-16, 1.6857933254e-12, 0.5, 4.4343936175e-13],
      [0.2, 0.2, 8.0337479324e-13, 0.2, 0.4, 4.5028540596e-13],
      [5.9312579451e-16, 0.22222222222, 0.11111111111, 0.22222222222, 0.44444444445, 2.5496233975e-13],
      [0.045454545455, 8.1668279523e-14, 0.18181818182, 0.22727272727, 0.54545454545, 1.0308447355e-13],
      [1.9969849734e-13, 2.5002119799e-13, 0.22222222222, 0.33333333333, 0.44444444445, 1.9785410541e-16],
      [0.044776119403, 0.029850746269, 0.10447761194, 0.25373134328, 0.53731343284, 0.029850746269],
      [0.048076923077, 0.028846153846, 0.096153846154, 0.22115384615, 0.57692307692, 0.028846153846],
      [0.026315789474, 0.026315789474, 0.078947368421, 0.21052631579, 0.57894736842, 0.078947368421]
    ],
    [
      [0.37499999999, 7.7671319052e-15, 4.0908015515e-19, 0.25, 0.37500000001, 3.9694742862e-14],
      [0.2, 0.2, 1.203416629e-18, 0.2, 0.4, 4.8488207031e-20],
      [0.076923076927, 0.15384615385, 0.076923076925, 0.23076923077, 0.46153846153, 1.2660101947e-19],
      [2.363279329e-19, 0.125, 0.25000000001, 0.25, 0.375, 7.7664271905e-15],
      [0.058823529413, 1.3508137409e-12, 0.17647058823, 0.29411764706, 0.4705882353, 1.0313099351e-19],
      [0.084337349397, 0.036144578315, 0.096385542169, 0.28915662651, 0.46987951807, 0.024096385542],
      [0.08396946565, 0.03816793893, 0.091603053435, 0.26717557252, 0.49618320611, 0.022900763358],
      [0.072727272727, 0.036363636363, 0.090909090907, 0.25454545455, 0.49090909091, 0.054545454546]
    ],
    [
      [0.33333333333, 8.435484685e-19, 6.595458481e-19, 0.16666666667, 0.5, 1.1461490861e-21],
      [0.125, 0.125, 8.2179011095e-19, 0.25, 0.5, 2.6427891305e-19],
      [5.9377911156e-19, 0.16666666667, 0.083333333333, 0.25, 0.5, 6.9042426536e-20],
      [0.04347826087, 0.04347826087, 0.21739130435, 0.21739130435, 0.47826086957, 1.1259815559e-19],
      [2.6612599193e-19, 3.7341266503e-19, 0.1, 0.4, 0.5, 2.2894540296e-19],
      [0.038961038961, 0.038961038961, 0.090909090909, 0.27272727273, 0.53246753247, 0.025974025974],
      [0.05, 0.033333333333, 0.091666666667, 0.25833333333, 0.525, 0.041666666667],
      [0.045454545455, 0.022727272727, 0.090909090909, 0.25, 0.5, 0.090909090909]
    ],
    [
      [0.5, 3.0517131192e-17, 4.1874060631e-15, 0.25, 0.25, 2.6809072094e-15],
      [0.25, 0.125, 8.7132627153e-16, 0.25, 0.375, 2.3762153128e-15],
      [1.5357447096e-15, 0.3, 0.1, 0.2, 0.4, 7.7531450047e-16],
      [6.4792116335e-16, 2.0488157479e-15, 0.27777777778, 0.27777777778, 0.44444444444, 1.0519671368e-15],
      [2.5681126164e-15, 4.581418896e-16, 5.3638537973e-15, 0.66666666667, 0.33333333333, 1.4713302942e-17],
      [0.033333333333, 0.033333333333, 0.1, 0.27777777778, 0.53333333333, 0.022222222222],
      [0.038461538462, 0.038461538462, 0.10576923077, 0.27884615385, 0.50961538462, 0.028846153846],
      [0.026315789474, 0.026315789474, 0.10526315789, 0.26315789474, 0.47368421053, 0.10526315789]
    ],
    [
      [0.24999999998, 9.1977874382e-15, 1.2140650184e-13, 0.24999999998, 0.50000000002, 2.4120816904e-11],
      [0.5, 6.629364294e-14, 1.2179883488e-13, 4.8272894804e-11, 0.49999999995, 6.638206944e-14],
      [0.071428571442, 0.14285714285, 2.0758414736e-11, 0.28571428569, 0.49999999999, 6.891748618e-12],
      [2.4801963638e-14, 1.0217284278e-13, 0.2, 0.26666666666, 0.53333333334, 1.120136302e-17],
      [0.047619047614, 3.5938520368e-14, 0.14285714286, 0.28571428573, 0.52380952379, 2.6580002659e-14],
      [0.044943820227, 0.011235955055, 0.056179775282, 0.33707865168, 0.55056179775, 3.5382968096e-15],
      [0.05035971223, 0.014388489209, 0.05755395683, 0.29496402878, 0.57553956835, 0.0071942446036],
      [0.047619047614, 4.6073550977e-12, 0.047619047621, 0.28571428571, 0.57142857144, 0.047619047617]
    ],
    [
      [0.33333333333, 1.1329672024e-14, 6.9682442918e-12, 0.16666666667, 0.49999999999, 2.9451403136e-14],
      [0.071428571427, 0.21428571428, 1.5604707042e-12, 0.14285714285, 0.57142857143, 1.3268685261e-14],
      [1.0594758158e-14, 0.24999999999, 0.24999999999, 1.2995296481e-13, 0.50000000001, 5.2251293256e-12],
      [2.2125954287e-14, 9.504291662e-15, 0.375, 0.125, 0.5, 2.3509583817e-14],
      [6.2188575991e-14, 5.3670219941e-14, 9.3843302773e-12, 0.44444444444, 0.55555555555, 2.0265134445e-15],
      [0.020408163265, 0.040816326531, 0.061224489795, 0.24489795918, 0.61224489796, 0.020408163266],
      [0.034188034188, 0.051282051282, 0.059829059828, 0.19658119658, 0.64102564102, 0.017094017094],
      [0.025641025641, 0.051282051284, 0.051282051283, 0.17948717949, 0.61538461538, 0.076923076923]
    ],
    [
      [0.42857136308, 7.0942479282e-08, 3.3856271128e-08, 0.14285714273, 0.42857138938, 7.1546582975e-12],
      [0.28571421499, 0.14285711072, 3.416558578e-08, 0.14285717715, 0.4285714629, 7.9548419448e-11],
      [8.6692635689e-08, 0.2727272516, 1.1524218171e-10, 0.27272725217, 0.45454540937, 4.789296168e-11],
      [2.4214930776e-10, 2.6452982481e-10, 0.49999987525, 1.2483318462e-07, 0.49999999631, 3.0989311281e-09],
      [1.5376180571e-09, 1.4184065541e-09, 0.22222216762, 0.33333343958, 0.44444438984, 6.3912292899e-12],
      [0.064516132897, 0.048387100483, 0.016129028497, 0.30645159326, 0.56451613339, 1.1477669006e-08],
      [0.068181812598, 0.05681818135, 0.022727278169, 0.27272726755, 0.5681818266, 0.011363633733],
      [0.052631591435, 0.052631566248, 9.4192765909e-10, 0.26315791869, 0.52631579045, 0.10526313224]
    ],
    [
      [0.37499993213, 2.295014781e-09, 4.3642896118e-09, 0.25000002046, 0.37500004069, 5.9217214757e-11],
      [4.3766029257e-09, 0.25000000909, 1.0252702246e-08, 0.31249996626, 0.43749999875, 1.1274157307e-08],
      [1.6340886362e-07, 0.99999983607, 1.4788999372e-11, 2.2434442045e-10, 2.7740593265e-10, 4.3710456648e-15],
      [1.0632078187e-10, 0.14285711961, 0.14285718698, 0.28571426729, 0.42857142598, 3.5095494058e-11],
      [3.1424536342e-11, 2.1942043653e-09, 0.24999995472, 0.37500001823, 0.37500000443, 2.0395541575e-08],
      [0.029850741645, 0.089552241197, 0.029850748185, 0.35820895454, 0.47761194346, 0.014925370964],
      [0.033333338189, 0.08888889072, 0.033333330276, 0.32222222855, 0.51111110316, 0.011111109104],
      [6.4752489822e-09, 0.071428565011, 0.035714285759, 0.32142856555, 0.50000000643, 0.071428570776]
    ],
    [
      [0.33333333333, 1.1570585402e-15, 1.1535627603e-21, 0.22222222222, 0.44444444444, 1.1866488861e-23],
      [0.0625, 0.1875, 0.0625, 0.1875, 0.5, 3.1769348858e-22],
      [2.0827033821e-15, 0.2, 0.2, 0.2, 0.4, 1.0166810482e-21],
      [4.9588224676e-16, 0.047619047619, 0.2380952381, 0.19047619048, 0.52380952381, 1.0217155863e-23],
      [9.6688523593e-22, 6.5084479462e-16, 0.125, 0.375, 0.5, 4.7723337861e-27],
      [0.03488372093, 0.046511627907, 0.10465116279, 0.22093023256, 0.56976744186, 0.023255813953],
      [0.043956043956, 0.049450549451, 0.1043956044, 0.22527472527, 0.54395604396, 0.032967032967],
      [0.04, 0.04, 0.1, 0.22, 0.52, 0.08]
    ],
    [
      [0.33333333333, 2.1945664524e-24, 9.3700699182e-21, 0.22222222222, 0.44444444444, 3.4343468711e-24],
      [0.071428571429, 0.14285714286, 0.071428571429, 0.21428571429, 0.5, 1.8034044218e-20],
      [2.4712355227e-24, 0.13333333333, 0.13333333333, 0.2, 0.53333333333, 1.6556782034e-27],
      [0.047619047619, 8.015932637e-21, 0.19047619048, 0.2380952381, 0.52380952381, 8.4347614112e-25],
      [0.055555555556, 1.9748110134e-24, 0.11111111111, 0.33333333333, 0.5, 4.084902761e-27],
      [0.05737704918, 0.024590163934, 0.098360655738, 0.25409836066, 0.55737704918, 0.0081967213115],
      [0.061611374408, 0.028436018957, 0.10426540284, 0.24170616114, 0.55450236967, 0.0094786729858],
      [0.058823529412, 0.029411764706, 0.10294117647, 0.23529411765, 0.52941176471, 0.044117647059]
    ],
    [
      [0.25000000248, 4.6665400694e-08, 5.4811188688e-10, 0.24999949939, 0.50000044984, 1.0707307439e-09],
      [0.25000004351, 4.5456733825e-07, 2.1344501149e-11, 0.24999950691, 0.49999953937, 4.5562495962e-07],
      [0.9999979952, 1.7286234977e-10, 1.2233368547e-08, 6.911905262e-12, 1.8180653205e-06, 1.7432086761e-07],
      [2.1798563153e-08, 0.24999950137, 2.8355399533e-09, 0.24999979482, 0.50000067793, 1.25015606e-09],
      [2.2282901293e-11, 1.5171674831e-07, 0.24999967939, 0.2499999075, 0.50000024601, 1.5361515536e-08],
      [0.022471971374, 0.022471932473, 0.056179844289, 0.33707853759, 0.55056175913, 0.01123595515],
      [0.02515719511, 0.01886790154, 0.0566037599, 0.32075472174, 0.55974848818, 0.018867933537],
      [7.2380699768e-08, 6.094487283e-08, 0.033333328145, 0.3000005375, 0.59999945557, 0.06666654546]
    ],
    [
      [0.19999999998, 4.1984192314e-11, 9.8706089398e-17, 0.19999999998, 0.6, 1.6735685394e-18],
      [0.33333333332, 1.7493461397e-11, 1.7493436677e-11, 0.16666666667, 0.49999999998, 1.4196887754e-18],
      [4.8320476878e-19, 0.33333333333, 2.3324600119e-11, 0.11111111112, 0.55555555552, 1.0140897508e-18],
      [7.4971849343e-12, 2.4347361594e-17, 0.2857142857, 0.14285714286, 0.57142857143, 2.4256494128e-17],
      [5.2931123578e-17, 4.061000097e-18, 0.1111111111, 0.33333333332, 0.55555555558, 2.3293596822e-17],
      [0.029850746276, 0.029850746272, 0.074626865676, 0.223880597, 0.62686567164, 0.014925373136],
      [0.043749999998, 0.043749999996, 0.081249999997, 0.20625000001, 0.60625, 0.018749999999],
      [0.044444444442, 0.044444444447, 0.066666666671, 0.2, 0.6, 0.044444444444]
    ],
    [
      [0.28571428571, 2.0530663746e-15, 2.8770562523e-15, 0.14285714286, 0.57142857143, 9.236480852e-18],
      [0.125, 0.125, 2.8743872989e-16, 0.125, 0.625, 2.3528407181e-19],
