{
  "Z_true": {},
  "V_true": [
    [25, 16, 880, 324, 176, 422],
    [633, 7, 70, 1101, 311, 32],
    [299, 159, 304, 3458, 8069, 343],
    [43, 91, 2701, 685, 87, 195],
    [53, 901, 685, 636, 484, 131],
    [22, 32, 484, 397, 251, 661],
    [79, 43, 171, 822, 378, 470]
  ],
  "p_true": [
    [0.0136, 0.0087, 0.4775, 0.1758, 0.0955, 0.229],
    [0.2939, 0.0032, 0.0325, 0.5111, 0.1444, 0.0149],
    [0.0237, 0.0126, 0.0241, 0.2737, 0.6388, 0.0272],
    [0.0113, 0.0239, 0.7104, 0.1802, 0.0229, 0.0513],
    [0.0183, 0.3118, 0.237, 0.2201, 0.1675, 0.0453],
    [0.0119, 0.0173, 0.262, 0.2149, 0.1359, 0.3579],
    [0.0402, 0.0219, 0.0871, 0.4187, 0.1926, 0.2394]
  ],
  "Z_est": [
    [
      [0.1007, 0.2139, 0.1637, 0.2619, 0.1499, 0.048, 0.1335, 0.0968, 0.0031, 0.3108, 0.1897, 0.0589, 0.0463, 0.3498, 0.1241, 0.0302, 0.0292, 0.217, 0.0183, 0.0396, 2.4471, 0.0751, 0.0584, 0.078, 0.0606, 0.0169, 0.3549, 0.7056, 0.1041, 0.2083, 0.0261, 0.0046, 0.4118, 0.4471, 0.163, 0.1362, 0.0838, 0.1516, 0.1656, 0, 0, 0.2149, 0.0625, 0.7687, 0.107],
      [0, 0, 0, 0, 0, 0, 0, 0, 0, 0, 0, 0, 0, 0, 0, 0, 0, 0, 0, 0, 0, 0, 0, 0, 0, 0, 0, 0, 0, 0, 0, 0, 0, 0, 0, 0, 0, 0, 0, 0, 0, 0, 0, 0, 0],
      [9.5782, 52.8922, 44.0161, 60.5032, 29.3291, 13.7014, 32.0104, 15.552, 4.2779, 0.8369, 77.7556, 15.2821, 13.9805, 136.0896, 31.7211, 7.4191, 4.5968, 50.8675, 2.8519, 9.176, 14.1837, 21.5543, 20.4479, 27.5824, 13.5568, 2.5728, 108.1822, 20.6967, 8.2227, 45.4327, 4.5749, 0.8576, 118.0831, 140.2967, 40.3811, 33.369, 15.1173, 37.5898, 44.1008, 0, 0, 58.2117, 13.2979, 107.7079, 8.4213],
      [0.2157, 3.2199, 0.0772, 0.1062, 0.0515, 2.0993, 2.0439, 0.0274, 1.1879, 2.9129, 3.3925, 1.2863, 3.068, 6.363, 3.2188, 0.7022, 0.008, 4.3003, 0.2524, 0.0161, 2.3077, 0.9772, 0.6714, 0.0483, 0.8575, 0.1748, 4.8276, 3.6172, 0.0145, 5.1037, 0.008, 0.0487, 17.6245, 6.5781, 8.5385, 1.2974, 2.5777, 2.3759, 1.4008, 0, 0, 2.5788, 0.478, 9.2227, 0.2507],
      [0.2661, 0, 0, 0, 0, 0.7769, 0.9444, 0, 0.0783, 0.5113, 15.7789, 0.891, 0.4644, 2.3195, 0, 1.087, 0, 1.007, 0.12, 0, 0.3496, 3.2621, 0.0752, 0, 2.1667, 0, 5.0004, 0.4748, 0, 0, 0, 0, 2.5672, 9.9598, 0.8557, 4.0663, 1.6523, 0.6053, 7.9442, 0, 0, 0, 0, 4.1343, 0.2765],
      [0.8392, 4.674, 3.743, 5.1287, 2.4695, 1.3743, 2.8678, 1.3239, 0.4528, 2.4282, 7.8833, 1.4816, 1.4407, 11.8781, 2.936, 0.7615, 0.366, 4.6081, 0.7573, 0.7683, 1.712, 2.1313, 1.7471, 2.2913, 1.3584, 0.2355, 9.6349, 1.5056, 0.6588, 4.2553, 0.391, 0.0891, 11.3134, 12.7182, 4.0617, 3.131, 1.5689, 3.2774, 4.3885, 0, 0, 4.9945, 1.1616, 10.1664, 1.9445]
    ],
    [
      [26.3271, 35.3059, 25.5252, 47.6179, 28.4806, 6.9064, 20.1047, 21.6686, 0.9814, 2.1072, 9.065, 8.7205, 4.8506, 33.5432, 16.9372, 3.9361, 6.8736, 38.3409, 3.4458, 7.7398, 5.6951, 10.059, 4.9844, 10.8504, 8.7867, 3.6578, 53.0827, 45.2853, 22.2781, 37.0686, 5.0626, 0.7024, 60.9579, 61.4939, 23.63, 21.3108, 14.2734, 27.5022, 22.0794, 0, 1.4241, 32.2047, 11.4638, 156.0774, 21.3019],
      [0.0013, 1.1127, 0.7695, 1.5378, 0.8719, 0.3457, 0.5551, 0.1761, 0.0604, 0.045, 0.2302, 0.2708, 0.1356, 1.0282, 0.4386, 0.1064, 0.8258, 1.2893, 0.1059, 0.2697, 0.1208, 0.3322, 0.1045, 1.5861, 0.2424, 0.1206, 1.9525, 0.7123, 0.5717, 1.2086, 0.1497, 0.0149, 6.2332, 2.1321, 0.7365, 0.6749, 0.0008, 0.0018, 0.6606, 0, 0.0299, 0.9627, 0.3616, 4.4695, 0.4192],
      [0.1437, 1.4513, 1.229, 1.9169, 1.2366, 0.3829, 0.7954, 0.6954, 0.0864, 0.0437, 1.1062, 0.3721, 0.2537, 0.6073, 0.7155, 0.1555, 0.2458, 1.4993, 0.0963, 0.9333, 0.0714, 0.4797, 0.0625, 0.8433, 0.3162, 0.1095, 7.5369, 2.7032, 0.5169, 1.3612, 0.195, 0.0186, 3.0403, 3.2633, 0.9491, 0.833, 0.4318, 4.9575, 0.9636, 0, 0.0179, 1.5691, 0.4172, 1.5133, 0.36],
      [46.0971, 35.9954, 23.3756, 50.7408, 27.3087, 14.598, 15.4791, 25.3425, 2.772, 0.7976, 4.5571, 8.6002, 3.7415, 32.6797, 10.8492, 2.7884, 10.5139, 43.5358, 2.9333, 8.589, 2.1002, 9.9274, 1.8376, 16.4758, 6.6259, 3.5761, 54.7145, 41.1894, 14.5642, 40.2157, 4.5748, 0.2625, 88.4583, 65.3615, 22.589, 17.2917, 9.4842, 27.1485, 17.3752, 0, 0.525, 27.8156, 11.0127, 130.3469, 5.8738],
      [0.4277, 0.1155, 0.0796, 0.1592, 0.0905, 0.7618, 0.0577, 1.11, 0.0985, 0.0047, 0.0234, 0.0281, 0.014, 0.1061, 0.0453, 0.0109, 0.5366, 1.3215, 0.1748, 0.4649, 0.0125, 1.1941, 0.0109, 1.2357, 0.025, 0.5344, 12.6888, 1.1071, 0.0593, 0.1248, 0.0156, 0.0016, 3.2796, 9.724, 1.0854, 4.8843, 3.8068, 16.3847, 2.908, 0, 0.0031, 1.4329, 0.7388, 5.5466, 0.0437],
      [0.0031, 0.0192, 0.0211, 0.0274, 0.0117, 0.0052, 0.0079, 0.0073, 0.0013, 0.0019, 0.0182, 0.0084, 0.0046, 0.0355, 0.0142, 0.0027, 0.0044, 0.0132, 0.2439, 0.0033, 0, 0.0075, 0, 0.0088, 0.0038, 0.0015, 0.0244, 0.0027, 0.0098, 0.0211, 0.0023, 0, 0.0307, 0.0253, 0.01, 0.0052, 0.0029, 0.0052, 0.0132, 0, 0, 0.015, 0.0058, 0.0464, 0.0015]
    ],
    [
      [0.1759, 2.6582, 2.4662, 2.5533, 2.9628, 0.0456, 1.4402, 0.4976, 0.0065, 0.1724, 0.343, 0.7927, 0.5931, 0.504, 3.6056, 0.6562, 0.0456, 0.8181, 0.1894, 0.0521, 0.6088, 0.1174, 2.2737, 0.0717, 0.6672, 0.198, 0.3517, 6.591, 2.4025, 1.6138, 0.5929, 0.2625, 0.4038, 0.4169, 2.1005, 1.7432, 1.3002, 0.1824, 2.5706, 0, 2.3612, 2.4664, 0.9939, 23.0308, 5.1384],
      [0, 0.0001, 0.5483, 5.3443, 0.0001, 0.5347, 0, 0, 0.0974, 2.021e-06, 0.0001, 0.4751, 0, 0.9124, 0.0001, 0, 0.5754, 0.0001, 0.4936, 0, 0, 3.107, 2.2566, 0.9351, 3.73, 2.1556, 1.2432, 0, 0.8367, 2.9527, 4.0421e-06, 0.3361, 2.2191, 0.0001, 1.9324, 0.2803, 0, 0, 0.5501, 0, 2.4966, 0.0001, 3.1889, 10.0577, 0.2398],
      [0.4139, 9.8143, 15.1147, 14.0754, 30.9727, 2.091, 8.6235, 0.8586, 0.1461, 0.0487, 2.7997, 8.4496, 0.4991, 31.6617, 1.3147, 0.2678, 0.3442, 9.3629, 0.0974, 2.9106, 0.426, 0.8156, 5.7514, 26.4894, 0.4991, 0.7404, 34.4731, 5.277, 2.1762, 1.8624, 0.7565, 0.9195, 12.711, 33.1427, 3.224, 6.4615, 0, 6.49, 5.0262, 0, 2.213, 29.595, 3.3647, 4.3578, 4.9179],
      [43.7242, 125.1722, 123.54, 252.5775, 109.2288, 45.3866, 49.8919, 62.3478, 13.4276, 8.4638, 111.3315, 54.731, 37.3871, 209.1256, 198.7986, 26.8316, 59.6872, 56.9739, 8.5907, 37.575, 21.6998, 26.7289, 17.472, 61.4366, 28.1829, 12.0449, 147.5276, 53.9795, 106.3777, 217.9306, 21.9586, 7.031, 170.9285, 218.5714, 96.5498, 37.7454, 11.1135, 39.6447, 27.8373, 0, 4.79, 65.4212, 19.137, 320.8915, 5.1818],
      [44.4083, 362.9257, 416.0913, 648.3596, 351.7188, 107.9039, 160.8233, 148.5563, 12.4769, 19.4024, 267.7014, 157.4824, 75.4291, 524.3937, 385.1769, 129.2245, 98.7512, 169.497, 20.1412, 64.4378, 59.5745, 75.3531, 67.9931, 171.0029, 79.8932, 27.2619, 332.2039, 82.1326, 308.028, 594.7097, 63.6751, 18.1486, 427.0911, 448.6835, 144.9823, 99.7313, 31.5708, 89.6445, 106.8171, 1, 53.559, 321.0432, 104.6362, 758.5048, 48.4072],
      [0.2778, 3.4295, 9.2395, 4.0898, 1.1168, 0.0383, 1.221, 0.7397, 0.8455, 0.9127, 4.8242, 5.0692, 0.0916, 9.4026, 0.1042, 0.0199, 0.5965, 2.348, 1.4877, 0.0245, 4.6908, 2.8781, 3.2533, 0.0643, 0.0276, 0.5992, 4.2004, 0.0199, 0.1788, 1.9307, 0.0168, 3.3024, 3.6465, 0.1853, 2.2111, 0.0383, 2.0155, 0.0383, 8.1987, 0, 4.5803, 2.4741, 2.6792, 25.1574, 0.1149]
    ],
    [
      [0.2941, 1.245, 1.2744, 1.6273, 0.9803, 0, 0.7156, 0.4804, 0, 0.0392, 1.9509, 0.2843, 0.3823, 3.7154, 0.8921, 0.2255, 0, 1.2842, 0.0588, 0.0754, 4.1582, 0.5686, 0.5098, 0, 0.7463, 0.098, 0, 0.3137, 3.9116, 1.4117, 0.2451, 0, 0, 0.7811, 0.8235, 0.6274, 1.2692, 0, 0.9509, 0, 0.1372, 1.3332, 0.3235, 3.0462, 0.51],
      [0.0417, 0.6546, 0.6701, 0.8556, 0, 0.1237, 0, 0.2526, 0.0412, 0.0206, 0.7005, 0.1495, 0, 1.9535, 0.0233, 0.1186, 0.1082, 0.1321, 0.0309, 0, 0.1112, 0.299, 0.268, 2.0902, 0.1443, 0.1555, 1.2061, 0.1649, 0.2783, 10.8193, 0, 0, 3.2536, 0, 0.433, 0.3299, 0, 0, 0.5, 0, 0.0722, 0, 0.1701, 1.4999, 0.067],
      [16.993, 83.6066, 83.6294, 107.7909, 71.6248, 15.51, 49.0161, 29.6719, 5.3177, 2.195, 109.1808, 17.1376, 18.1969, 238.1307, 51.3152, 11.8021, 8.5535, 82.1702, 3.7564, 19.5892, 13.1379, 30.5337, 35.3632, 53.7602, 18.38, 4.219, 161.2197, 24.9517, 19.4439, 67.0809, 14.8781, 0, 168.2257, 214.7623, 54.6761, 45.0778, 21.2433, 62.3287, 64.726, 0, 8.0615, 93.2986, 21.5876, 175.0322, 8.841],
      [8.3001, 19.2839, 20.5735, 24.9357, 12.5993, 2.7196, 12.348, 10.0821, 1.1417, 0.4478, 52.2911, 3.2467, 12.4866, 70.6979, 24.6244, 4.4345, 7.718, 28.8684, 0.6717, 6.7576, 5.1165, 9.0196, 7.9969, 8.1728, 4.6785, 1.8564, 38.7233, 3.5826, 14.4895, 34.5618, 6.2242, 0, 42.9132, 50.6736, 14.7516, 10.4983, 5.1047, 13.2921, 14.4034, 0, 2.0586, 21.9274, 4.4772, 56.9988, 2.087],
      [1.0315, 3.4055, 3.4859, 4.4513, 2.6815, 0.8462, 2.5486, 1.3391, 0.2813, 0.1073, 14.7722, 0.7776, 3.1835, 25.5076, 2.4402, 3.6134, 0.5631, 4.3722, 0.1609, 1.1474, 1.0492, 6.5952, 1.7462, 1.9575, 0.7508, 1.1938, 6.2747, 0.8581, 6.5903, 9.3477, 1.4339, 0, 9.0287, 11.6786, 2.9827, 2.6336, 3.0894, 2.7422, 3.2475, 0, 0.6381, 3.6468, 0.8849, 9.502, 0.3486],
      [3.3394, 18.8044, 20.3666, 26.3392, 12.1141, 4.8005, 8.3716, 7.174, 1.2181, 1.1901, 20.1046, 7.4042, 4.7507, 38.9949, 11.7048, 2.8059, 4.0572, 14.1728, 1.3213, 3.4304, 4.427, 10.9839, 6.1159, 7.0194, 3.3001, 2.4773, 26.5761, 2.129, 9.2864, 20.7786, 2.2187, 0, 31.5788, 22.1045, 10.3331, 4.8329, 3.2934, 4.637, 13.1722, 0, 3.0323, 15.7939, 5.5567, 44.9209, 1.1464]
    ],
    [
      [0.0709, 0.4223, 0.3643, 0.6189, 0.303, 0, 2.5387, 0.158, 0, 0.0097, 0.3191, 0.0741, 0.0806, 0.6028, 0.2482, 0.087, 0.0516, 0.2321, 0.2697, 0.0484, 0.0774, 0.1418, 0.1289, 0, 0.7011, 0.0226, 0, 0.0774, 0.158, 0.4578, 0.0419, 0.0193, 0, 0.6189, 0.1934, 0.1354, 0.0645, 0.1257, 0.1483, 0, 0.0484, 1.6642, 0.0935, 0.6802, 0.0355],
      [7.1284, 39.1492, 39.5676, 70.7995, 29.8732, 10.3389, 12.6695, 16.9674, 3.5642, 0.9266, 32.5776, 9.27, 5.6216, 64.5901, 27.4486, 9.3392, 7.7743, 24.7379, 6.8962, 4.6331, 7.4129, 17.2558, 15.1873, 28.379, 15.8772, 4.3907, 56.0352, 8.4126, 19.4666, 61.6872, 1.8503, 2.3531, 86.317, 59.4764, 22.531, 14.4721, 4.7624, 9.9921, 17.0405, 0, 7.6321, 36.9599, 13.6224, 86.4982, 4.5639],
      [5.5906, 32.2063, 32.0906, 44.6742, 30.4596, 6.8804, 15.4375, 11.8929, 1.7215, 0.7178, 30.5555, 6.858, 6.5187, 56.5149, 18.7961, 2.088, 3.5943, 22.6237, 0.8888, 4.9907, 5.9523, 11.1112, 11.0187, 20.2884, 6.7036, 1.0205, 50.7451, 7.9852, 10.0876, 31.4266, 3.6477, 1.085, 60.8326, 62.9039, 17.2291, 13.2731, 5.3468, 14.1309, 12.6109, 0, 3.1682, 35.6792, 7.5925, 55.8561, 3.0954],
      [5.6696, 30.1789, 20.6678, 43.844, 17.1616, 5.5247, 10.2471, 11.8333, 3.9807, 0.7893, 19.2606, 2.9656, 6.768, 36.4649, 18.667, 4.5041, 2.0163, 12.496, 2.0231, 2.98, 5.8119, 7.4146, 7.2773, 12.1947, 5.5341, 0.4776, 28.9832, 3.5577, 11.6973, 26.96, 4.864, 1.5066, 51.3223, 37.5594, 10.175, 7.6369, 2.95, 8.3866, 8.2112, 0, 1.7265, 18.2577, 3.1965, 34.9853, 1.6545],
      [3.3099, 27.6304, 18.7661, 30.0503, 15.3393, 3.8743, 11.524, 7.6111, 1.6408, 0.4208, 14.9571, 3.2261, 5.6748, 26.23, 10.8006, 10.7801, 2.2443, 10.9471, 1.7842, 2.104, 4.4095, 7.5255, 5.9577, 11.5072, 4.9138, 0.9819, 24.4409, 3.7662, 6.8731, 19.918, 2.4278, 0.9295, 35.2644, 29.5786, 9.1365, 6.097, 2.6622, 5.98, 7.0322, 0, 2.1811, 33.3274, 4.0678, 29.5964, 1.5429],
      [0.2305, 1.4128, 1.5436, 2.013, 0.8634, 0.3818, 0.5833, 0.5373, 0.0927, 0.1359, 1.33, 0.6061, 0.3363, 2.5974, 1.0395, 0.2017, 0.3191, 0.9632, 0.138, 0.2438, 0.3361, 0.5511, 0.43, 0.6306, 0.2703, 0.1068, 1.7956, 0.2009, 0.7174, 1.5506, 0.1683, 0.1065, 2.2638, 1.8628, 0.7351, 0.3854, 0.214, 0.3847, 0.957, 0, 0.2438, 1.1115, 0.4274, 3.3839, 0.1077]
    ],
    [
      [0, 0, 0, 0, 0, 0, 0, 0, 0, 0, 0, 0, 0, 0, 0, 0, 0, 0, 0, 0, 0, 0, 0, 0, 0, 0, 0, 0, 0, 0, 0, 0, 0, 0, 0, 0, 0, 0, 0, 0, 0, 0, 0, 0, 0],
      [0, 0, 0, 0, 0, 0, 0, 0, 0, 0, 0, 0, 0, 0, 0, 0, 0, 0, 0, 0, 0, 0, 0, 0, 0, 0, 0, 0, 0, 0, 0, 0, 0, 0, 0, 0, 0, 0, 0, 0, 0, 0, 0, 0, 0],
      [1.1837, 6.5104, 6.3712, 8.286, 5.9186, 1.4622, 3.8297, 2.1237, 0.4178, 0.1393, 8.0075, 1.7408, 1.4274, 16.7461, 3.76, 0.2202, 0.6267, 6.023, 0.2785, 1.194, 1.2185, 2.3326, 1.0857, 4.6652, 1.4274, 0.3133, 9.8814, 2.2282, 1.4622, 5.3267, 0.8704, 0.1044, 13.1253, 16.4328, 4.2126, 2.7305, 0.854, 5.4744, 6.2759, 0, 0.4874, 17.0505, 1.5896, 12.4639, 0],
      [7.1492, 53.4127, 34.3656, 52.9761, 26.7293, 13.4358, 17.4509, 6.3506, 1.0787, 0.7191, 34.6326, 15.7057, 10.5445, 69.6054, 31.5899, 1.7978, 3.4265, 31.9854, 1.0787, 2.8764, 7.9936, 11.9333, 7.7567, 20.1075, 11.6888, 1.8973, 46.9595, 6.2903, 14.3627, 47.452, 3.2174, 0.7191, 110.3439, 63.4221, 15.9169, 11.7953, 5.1087, 15.4487, 19.9507, 0, 2.0108, 35.8561, 4.6742, 75.8169, 0],
      [0.2204, 22.877, 0.0509, 0.0734, 0.5462, 0.5045, 2.1657, 0.0127, 0.0322, 0.0015, 0.6028, 3.0682, 1.3759, 2.5564, 0.0412, 0.0037, 0.0067, 0.8405, 0.0022, 0.006, 1.5548, 0.9282, 0.012, 2.2736, 0.9331, 0.003, 0.0674, 0.3855, 0.021, 2.6341, 0.0052, 0.0015, 2.1636, 3.0212, 0.7027, 0.0165, 0.1851, 0.5015, 0.5781, 0, 0.003, 1.5699, 0.0097, 0.1108, 0],
      [4.4467, 32.1999, 27.2123, 36.6645, 16.8059, 7.5974, 11.5537, 8.513, 1.4713, 1.1401, 24.7571, 11.4853, 6.6522, 49.0921, 19.6089, 2.9783, 4.9401, 19.1511, 1.6406, 3.9236, 6.2331, 9.8059, 7.1456, 12.9537, 5.9507, 1.7864, 33.0917, 4.096, 12.1541, 29.5872, 2.907, 1.175, 50.3671, 38.1239, 13.1677, 7.4577, 3.8522, 8.5753, 17.1953, 0, 1.4988, 23.5235, 6.7265, 59.6084, 0]
    ],
    [
      [0.0314, 0.1547, 0.2062, 0.3205, 0.1233, 0, 0.0672, 0.0986, 0.009, 0.3607, 0.1323, 0.0695, 0.0471, 0.2847, 0.1928, 0.065, 0, 0.1076, 0.0179, 0.0448, 0.0134, 0.0381, 0.0448, 0, 0.0381, 0.0067, 0.2107, 0.0269, 0.1457, 0.2398, 0.0314, 0.0112, 0.2264, 0.2421, 0.0897, 0.0471, 0.009, 0.0381, 0.0852, 0, 0.0291, 0.1166, 0.0628, 0.3968, 1.9072],
      [0.8285, 4.0834, 5.4445, 8.4627, 3.2549, 1.657, 1.7754, 2.6039, 0.2367, 0.0078, 3.4916, 1.8346, 1.2428, 7.5158, 5.0894, 1.4359, 1.7162, 2.8406, 0.4734, 0.0972, 0.3551, 1.0061, 1.1836, 3.0096, 1.0061, 0.1775, 5.5629, 0.7102, 3.8467, 6.3322, 0, 0.2959, 5.9771, 6.3914, 2.3672, 1.2428, 0.2367, 1.0061, 2.2488, 0, 0.7693, 3.0773, 1.657, 10.4748, 0.7102],
      [0.0968, 0.5189, 0.5489, 0.7532, 0.4587, 1.9722, 0.2874, 0.2054, 0.0326, 0.0187, 0.5947, 0.1599, 0.1236, 1.2497, 0.3773, 0.0474, 0.0388, 0.4534, 0.0307, 1.2061, 0.0101, 0.1729, 0.2706, 0.3711, 0.1169, 0.0244, 0.9616, 0.158, 0.0905, 0.5096, 0.0774, 0.0149, 0.9819, 1.1983, 0.3279, 0.255, 0.0067, 0.0286, 1.2967, 0, 0.052, 0.5958, 0.1505, 1.0689, 0.3644],
      [5.844, 27.7369, 35.4002, 49.8197, 20.9208, 10.2361, 11.5391, 15.0163, 1.4114, 1.8695, 23.5346, 10.4645, 8.0043, 47.0636, 37.2521, 11.9415, 11.6302, 17.8402, 3.4501, 8.2058, 0.9703, 5.999, 5.9881, 21.5643, 6.4323, 0.973, 35.2642, 3.7833, 21.4942, 40.7762, 5.153, 1.4321, 33.4094, 44.8339, 15.4792, 8.7349, 0.6612, 7.7035, 11.8213, 0, 2.8891, 19.1431, 11.0244, 67.7378, 2.9522],
      [1.3361, 5.046, 11.5262, 26.9063, 7.6237, 3.3324, 2.9362, 9.3708, 0.392, 0.5521, 3.1642, 4.5265, 2.8584, 12.8867, 10.4959, 9.2804, 4.8981, 5.0147, 0.6166, 2.8399, 0.05, 0.1418, 3.2049, 5.0231, 2.3175, 0.025, 10.3238, 2.2758, 15.4283, 16.2657, 3.4424, 0.9189, 12.6055, 9.3544, 4.2546, 1.5709, 0.0334, 0.1418, 3.4729, 0, 2.6157, 4.9798, 3.6626, 18.6052, 2.381],
      [5.8632, 31.4602, 38.8739, 56.7375, 22.6186, 10.8023, 13.3947, 16.7049, 1.9183, 3.1912, 28.0827, 13.9452, 8.7239, 57.9995, 32.5925, 6.23, 10.7167, 21.7435, 3.4112, 7.606, 4.601, 9.6421, 9.308, 19.0319, 7.0892, 1.7933, 41.6769, 5.0458, 23.9946, 42.8765, 5.2959, 2.327, 47.7997, 45.9799, 17.4814, 9.1493, 3.053, 8.082, 19.0751, 0, 6.6447, 24.0873, 11.4427, 78.7166, 3.685]
    ]
  ],
  "V_est": [
    [9.4372, 0, 1516.879, 106.1293, 67.6355, 142.919],
    [1009.7104, 33.975, 46.4968, 990.6416, 72.4785, 0.6977],
    [79.0382, 47.5, 331.5571, 3374.9748, 8680.5491, 118.3809],
    [37.2906, 27.7394, 2406.0172, 697.8368, 164.9367, 468.1793],
    [12.1335, 1026.0491, 787.8906, 560.3834, 469.0325, 34.5109],
    [0, 0, 187.8802, 957.6332, 52.6693, 648.8173],
    [6.3901, 113.7365, 18.2792, 735.4009, 248.6983, 840.495]
  ],
  "p_est": [
    [0.0051, 0, 0.823, 0.0576, 0.0367, 0.0775],
    [0.4688, 0.0158, 0.0216, 0.4599, 0.0336, 0.0003],
    [0.0063, 0.0038, 0.0262, 0.2672, 0.6872, 0.0094],
    [0.0098, 0.0073, 0.6328, 0.1835, 0.0434, 0.1231],
    [0.0042, 0.355, 0.2726, 0.1939, 0.1623, 0.0119],
    [0, 0, 0.1017, 0.5185, 0.0285, 0.3513],
    [0.0033, 0.0579, 0.0093, 0.3746, 0.1267, 0.4282]
  ],
  "EI_Z": {},
  "EI_V": 12.0653,
  "MAE_Z": {},
  "MAE_V": 155.8775,
  "MAE_p": 0.0613,
  "runtime": 2.427
}
