{
  "X": [
    [10, 22, 316, 39, 44, 31, 26, 23],
    [18, 58, 667, 73, 82, 67, 56, 64],
    [6, 30, 344, 45, 36, 22, 25, 32],
    [33, 38, 473, 138, 68, 30, 70, 51],
    [40, 30, 410, 178, 71, 29, 94, 45],
    [19, 28, 281, 43, 42, 19, 39, 24],
    [25, 30, 586, 75, 57, 37, 52, 38],
    [16, 34, 205, 58, 38, 4, 39, 32],
    [39, 35, 412, 133, 68, 24, 112, 55],
    [27, 25, 359, 109, 71, 14, 58, 45],
    [10, 16, 139, 54, 29, 7, 30, 16],
    [94, 50, 659, 324, 129, 27, 124, 56],
    [15, 12, 225, 86, 46, 11, 45, 31],
    [80, 46, 572, 246, 97, 34, 121, 54],
    [4, 9, 23, 10, 1, 1, 8, 1],
    [1, 2, 25, 4, 3, 0, 0, 1],
    [3, 4, 12, 12, 0, 0, 1, 1],
    [16, 22, 253, 103, 39, 15, 37, 24],
    [26, 23, 315, 83, 46, 23, 56, 26],
    [19, 36, 298, 91, 43, 27, 64, 37],
    [5, 22, 139, 24, 17, 12, 9, 13],
    [1, 5, 26, 5, 2, 0, 4, 3],
    [1, 4, 12, 3, 2, 1, 0, 1],
    [6, 10, 155, 25, 25, 25, 10, 13],
    [3, 15, 108, 28, 9, 7, 8, 12],
    [11, 15, 234, 33, 33, 31, 26, 19],
    [8, 9, 152, 29, 17, 21, 11, 20],
    [20, 17, 79, 70, 19, 7, 30, 13],
    [44, 187, 925, 173, 150, 103, 110, 107],
    [18, 44, 390, 93, 50, 42, 57, 39],
    [22, 20, 123, 48, 22, 12, 40, 20],
    [35, 66, 444, 92, 65, 37, 77, 54],
    [23, 56, 383, 63, 64, 35, 42, 42],
    [27, 80, 340, 100, 67, 26, 45, 40],
    [10, 6, 38, 34, 9, 1, 9, 9],
    [75, 81, 954, 268, 155, 46, 134, 109],
    [48, 63, 591, 208, 78, 42, 132, 69],
    [11, 8, 58, 31, 16, 0, 14, 11],
    [12, 12, 204, 41, 29, 11, 22, 9],
    [17, 12, 171, 58, 39, 4, 28, 19],
    [88, 241, 908, 250, 147, 63, 117, 92],
    [14, 69, 205, 39, 37, 14, 29, 16],
    [9, 11, 89, 26, 12, 1, 15, 14],
    [9, 14, 212, 41, 41, 13, 41, 10],
    [8, 16, 266, 48, 44, 25, 39, 16],
    [10, 21, 231, 39, 36, 24, 31, 24],
    [1, 6, 38, 7, 4, 2, 5, 3],
    [0, 0, 0, 0, 0, 0, 1, 1],
    [1, 4, 135, 44, 18, 9, 4, 10],
    [63, 78, 747, 177, 134, 56, 70, 73],
    [4, 26, 170, 25, 22, 11, 13, 10],
    [94, 243, 844, 283, 145, 63, 153, 110],
    [5, 30, 64, 34, 3, 2, 6, 8]
  ],
  "W": [
    [20, 19, 35, 357, 80],
    [39, 49, 74, 782, 141],
    [18, 24, 45, 404, 49],
    [50, 25, 152, 594, 80],
    [52, 19, 192, 559, 75],
    [30, 24, 54, 336, 51],
    [29, 26, 83, 666, 96],
    [22, 30, 70, 253, 51],
    [66, 24, 158, 519, 111],
    [28, 29, 109, 471, 71],
    [17, 11, 65, 173, 35],
    [70, 46, 352, 857, 138],
    [34, 9, 97, 284, 47],
    [66, 31, 275, 774, 104],
    [6, 4, 11, 30, 6],
    [0, 2, 4, 29, 1],
    [2, 6, 8, 12, 5],
    [19, 30, 103, 311, 46],
    [28, 20, 93, 396, 61],
    [33, 26, 95, 397, 64],
    [9, 20, 29, 152, 31],
    [3, 5, 4, 27, 7],
    [1, 4, 3, 13, 3],
    [13, 9, 21, 181, 45],
    [11, 10, 26, 117, 26],
    [19, 14, 30, 270, 69],
    [6, 10, 35, 183, 33],
    [17, 11, 88, 106, 33],
    [71, 155, 206, 1153, 214],
    [42, 39, 89, 485, 78],
    [24, 8, 53, 165, 57],
    [57, 30, 121, 566, 96],
    [29, 41, 75, 481, 82],
    [30, 55, 125, 411, 104],
    [7, 6, 40, 50, 13],
    [105, 58, 330, 1153, 176],
    [68, 38, 237, 744, 144],
    [14, 7, 32, 74, 22],
    [11, 10, 51, 241, 27],
    [19, 13, 63, 214, 39],
    [70, 175, 271, 1176, 214],
    [23, 47, 56, 256, 41],
    [9, 8, 35, 103, 22],
    [32, 22, 50, 234, 43],
    [21, 17, 58, 312, 54],
    [25, 12, 42, 282, 55],
    [4, 3, 6, 44, 9],
    [0, 0, 0, 1, 1],
    [1, 4, 45, 134, 41],
    [40, 53, 244, 918, 143],
    [8, 20, 28, 190, 35],
    [111, 185, 318, 1054, 267],
    [3, 14, 34, 90, 11]
  ],
  "method": "mult",
  "cond_prob": [
    [
      [0.036594760481, 0.0071914518626, 0.037576659884, 0.038397476202, 0.044862720385, 0.00021753542397, 0.79323030003, 0.041929095736],
      [0.00029216656198, 0.97532314389, 0.011501816325, 0.00058910966121, 0.0090069087054, 0.0026191207885, 0, 0.00066773406564],
      [0.16239626661, 0, 0.0059859808307, 0.72617522013, 0.036827554966, 9.7817095906e-05, 0.060825377529, 0.0076917828404],
      [0.0037755791929, 0, 0.78164518364, 0.025526382976, 0.089701672213, 0.048520871343, 0.017319060727, 0.033511249911],
      [0.02788503153, 0.04156289036, 0.44716365506, 0.04614757457, 0.12023941154, 0.17025639161, 0.022795013829, 0.1239500315]
    ],
    [
      [0.030533998508, 0.0079885309936, 0.035520721009, 0.032665459485, 0.038444197499, 0.00027619778694, 0.79839969848, 0.056171196241],
      [0, 0.97828848168, 0.01065543798, 5.3136091443e-05, 0.0073986866252, 0.0026778661033, 0, 0.00092639152349],
      [0.1563531689, 0.00044912791022, 0.0062065870095, 0.71585564792, 0.036593244957, 0.00020579228282, 0.072292344592, 0.012044086422],
      [0.0038495176217, 0.0025056189242, 0.77376437098, 0.017016419111, 0.080489206613, 0.05372583004, 0.020648940109, 0.048000096603],
      [0.01580650198, 0.05503320727, 0.42233723317, 0.038604863268, 0.10274951031, 0.17609351154, 0.023867426199, 0.16550774626]
    ],
    [
      [0.020098372792, 0.0095988698019, 0.038834783889, 0.038518842072, 0.036894778322, 0.00017839688934, 0.78973434008, 0.066141616158],
      [0, 0.98137333961, 0.010018238622, 0, 0.0060022139385, 0.001730106894, 0, 0.00087610093176],
      [0.095703373189, 0.00092029779138, 0.0067976764459, 0.78576298843, 0.032532684526, 0.00012139823303, 0.06509898163, 0.013062599752],
      [0.0020738525276, 0.0077958102214, 0.79438411206, 0.016769665163, 0.071960256697, 0.038373024034, 0.016705703534, 0.05193757576],
      [0.010076348471, 0.062925295158, 0.44537672346, 0.044334319128, 0.095018905029, 0.13157350327, 0.022575989336, 0.18811891614]
    ],
    [
      [0.033965084555, 0.0087464243705, 0.028835256277, 0.036197454228, 0.036496151395, 9.2474588125e-05, 0.80079927263, 0.05486788196],
      [0.00031580838345, 0.98268463346, 0.0074516306442, 0.0008297973093, 0.0066239213564, 0.0013198369458, 0, 0.00077437190142],
      [0.16143978588, 0.0013557309926, 0.002877086165, 0.72356034703, 0.032315941978, 0, 0.067626834389, 0.010824273565],
      [0.0085414172401, 0.012327864489, 0.73760093152, 0.037153190932, 0.08754537657, 0.034563089395, 0.029234217397, 0.05303391246],
      [0.021017515853, 0.068334254097, 0.40999595002, 0.051490177421, 0.11369521916, 0.11789881558, 0.028945405096, 0.18862266277]
    ],
    [
      [0.028551236951, 0.0066904789121, 0.018920525638, 0.033188203972, 0.031844109007, 0, 0.8397033721, 0.041102073424],
      [0.00047169083758, 0.98203031687, 0.0061795391121, 0.0014472028695, 0.007312341247, 0.0014226734584, 0.00044542305103, 0.00069081255568],
      [0.14643830981, 0.00068539399885, 0, 0.72663431973, 0.031511801538, 0, 0.085960117506, 0.0087700574211],
      [0.015572242134, 0.010437110821, 0.68004707392, 0.057825756602, 0.096131195408, 0.03517551965, 0.055100396663, 0.049710704801],
      [0.022471129549, 0.067034379724, 0.38336542802, 0.058777722814, 0.1255675696, 0.12413138293, 0.0402866309, 0.17836575647]
    ],
    [
      [0.046771086196, 0.0070100201812, 0.031296838809, 0.027309722788, 0.039914609196, 0.00015884341145, 0.80348808607, 0.044050793345],
      [9.2603754979e-05, 0.97898666007, 0.0099578158707, 0.00014847789431, 0.0083255567037, 0.0017374935733, 0, 0.00075139212844],
      [0.24762472989, 7.5093689026e-05, 0.0063319315542, 0.62261116827, 0.039111249616, 0.00010096682892, 0.07445506449, 0.0096897956644],
      [0.0081471996111, 0.0037252642657, 0.7659946907, 0.019488016856, 0.095352430316, 0.036905852896, 0.027934034476, 0.042452510882],
      [0.029126479227, 0.059574033339, 0.43345033092, 0.039375845033, 0.1265161627, 0.12838658961, 0.029195065717, 0.15437549346]
    ],
    [
      [0.039439065087, 0.0061272205388, 0.033467129128, 0.030342160998, 0.029087304346, 0.00010748260463, 0.82340633491, 0.038023302387],
      [0.00038278087077, 0.97735037415, 0.011981285896, 0.00053139082196, 0.0070150367174, 0.0020294690495, 0, 0.00070966249388],
      [0.20568505716, 0, 0.0065992044703, 0.67504273055, 0.028269215598, 4.4609725206e-06, 0.076182179449, 0.0082171517994],
      [0.0056674460726, 0, 0.80754424284, 0.020756974248, 0.066935798156, 0.036056085379, 0.028284607815, 0.034754845484],
      [0.031249333137, 0.04595000913, 0.48276812621, 0.044308017554, 0.094255112005, 0.13469160089, 0.030839026965, 0.13593877411]
    ],
    [
      [0.028753507489, 0.0060002134364, 0.022849934536, 0.026438578972, 0.03600309865, 1.0723273459e-05, 0.8230440994, 0.056899844245],
      [0.0003279128927, 0.98006603429, 0.0077003144251, 0.00047803602395, 0.0087333582711, 0.00039444795076, 0.0012225859801, 0.0010773101615],
      [0.17322202926, 0, 0.0026278949344, 0.6794163052, 0.040291128052, 0, 0.090231066706, 0.01421157585],
      [0.0082931402336, 0.005016456945, 0.72409492634, 0.029429741518, 0.10649099578, 0.0092162804071, 0.049565989143, 0.067892469632],
      [0.022232920022, 0.06268334644, 0.40953574506, 0.047042043412, 0.14084961148, 0.032474739343, 0.039215339433, 0.24596625481]
    ],
    [
      [0.029524233806, 0.0056944561868, 0.018620878314, 0.026220048791, 0.028703818864, 0, 0.84836806508, 0.042868498957],
      [0.00044369634055, 0.98127644849, 0.0069727818347, 0.00087408592388, 0.0074266045545, 0.0011254632374, 0.0010602307332, 0.0008206888885],
      [0.17883092725, 0.00012674540117, 0, 0.67675836889, 0.032795061566, 0, 0.10076213614, 0.010726760754],
      [0.011640695215, 0.0076947800629, 0.70536490104, 0.036138114305, 0.091137940402, 0.026122789616, 0.067243583689, 0.054657195671],
      [0.024720221031, 0.063602833351, 0.40107469936, 0.050135091065, 0.12112701486, 0.093831180824, 0.046508330838, 0.19900062867]
    ],
    [
      [0.031129556261, 0.0032559419765, 0.02167396701, 0.032571133573, 0.038809942034, 1.1895039641e-05, 0.82392336446, 0.048624199649],
      [0.11133925634, 0.8589252974, 0.010604685191, 0.0023486553809, 0.013668368294, 0.0012127549206, 0.00060290391623, 0.0012980785562],
      [0.16079403389, 0, 0.00035168250856, 0.71026172149, 0.038147522156, 0, 0.079897545501, 0.010547494455],
      [0.0014527084395, 0, 0.69992059563, 0.055983136728, 0.11559264987, 0.019276285775, 0.049691618475, 0.058083005085],
      [0.066038853837, 0, 0.39978393123, 0.059624115665, 0.15372846395, 0.068807978112, 0.039423617187, 0.21259304001]
    ],
    [
      [0.020849601339, 0.0075087867279, 0.022809899709, 0.02788874514, 0.039645024622, 1.2099215352e-05, 0.83983834404, 0.041447499205],
      [0.00016802952164, 0.98255142782, 0.0066515365623, 0.00028457787262, 0.0082196918125, 0.00088029832861, 0.00059124669692, 0.000653191387],
      [0.12574735438, 0.0020952337764, 0.0018920236847, 0.72413508086, 0.044144686437, 0, 0.091778698455, 0.010206922404],
      [0.0052810565256, 0.013965460414, 0.71752943929, 0.027367458785, 0.11547058611, 0.023445894671, 0.048439257223, 0.048500846982],
      [0.015900218245, 0.071773430645, 0.40809972191, 0.049126010011, 0.15399434158, 0.083827750104, 0.039161072528, 0.17811745497]
    ],
    [
      [0.041977068466, 0.004913727441, 0.02244197374, 0.038108277757, 0.040132890617, 0, 0.81764436668, 0.034781695298],
      [0.001054962537, 0.9755132417, 0.0079688378998, 0.0028712989518, 0.010681737754, 0.0010041917336, 0.00031213146837, 0.00059359795735],
      [0.18171115325, 0, 0, 0.70826101802, 0.033569174783, 0, 0.070769766181, 0.0056888877668],
      [0.022981999135, 0, 0.69766416422, 0.073058037463, 0.10803473097, 0.019128482051, 0.042741837713, 0.03639074845],
      [0.053298389329, 0.034655289573, 0.42872685913, 0.06725887215, 0.15432770838, 0.076526797556, 0.037752345428, 0.14745373846]
    ],
    [
      [0.023932004861, 0.0055519428057, 0.027413223002, 0.03487441134, 0.046296698916, 8.4914928045e-05, 0.8013275051, 0.060519299048],
      [0.00029005484135, 0.97576166397, 0.0094178580788, 0.00093182333779, 0.011151963354, 0.0012669600314, 2.1964359869e-05, 0.0011577120295],
      [0.12013201831, 0, 0.0044572140076, 0.74649033554, 0.043781867, 5.4719996548e-05, 0.07218231263, 0.012901532514],
      [0.0063582610716, 0.0023237243012, 0.72097861034, 0.035088252113, 0.11621722849, 0.024723219985, 0.032834847989, 0.061475855715],
      [0.01542871107, 0.050413643986, 0.39984924681, 0.051728882067, 0.15048958676, 0.08423421142, 0.030380553052, 0.21747516483]
    ],
    [
      [0.041397522406, 0.0068135680451, 0.019287901116, 0.033487143539, 0.032107735232, 0, 0.83036866171, 0.036537467954],
      [0.00079757851933, 0.9820424011, 0.0058961409827, 0.0018372066901, 0.0072495180816, 0.0011856765743, 0.00042935033886, 0.00056212770811],
      [0.20001748353, 0.00047602193519, 0, 0.68305955715, 0.029583434612, 0, 0.079881052714, 0.0069824500552],
      [0.024278702031, 0.010036429348, 0.68340160568, 0.06413350265, 0.094564158934, 0.029267127726, 0.051735274935, 0.0425831987],
      [0.033139569649, 0.069306612764, 0.39991707079, 0.060117171648, 0.1281543354, 0.10875468429, 0.040115059332, 0.16049549613]
    ],
    [
      [0.044662203739, 0.030253128981, 0, 0.033720814181, 0.0066788237307, 0, 0.87212639301, 0.012558636363],
      [0, 0.99511300631, 0, 0.0031975343227, 0.00027659462019, 0, 0.0014128647504, 0],
      [0.20403487143, 0.033994028785, 0, 0.68056247828, 0.0056261777026, 0, 0.074609175779, 0.0011732680228],
      [0.040361244532, 0.11348287594, 0.67520626661, 0.062500189135, 0.022602013317, 0.015691430848, 0.055264419936, 0.014891559683],
      [0.046134309306, 0.17660143434, 0.45730200029, 0.070615340417, 0.036478720818, 0.088209512427, 0.047159441888, 0.077499240516]
    ],
    [
      [0.20681608321, 0.038289915528, 0.17786176286, 0.19448807897, 0.21213705134, 0, 0, 0.1704071081],
      [0.020480828931, 0.96646717937, 0.0071542570131, 0.00028061347182, 0.0053162136387, 0, 0, 0.00030090757095],
      [0.18741363938, 0, 0.0051230610742, 0.7712003775, 0.030921116724, 0, 0, 0.0053418053191],
      [0.0062733373189, 0, 0.84160895277, 0.029456393038, 0.09370554446, 0, 0, 0.028955772414],
      [0.027457002367, 0.067065641251, 0.55853961136, 0.060401864948, 0.14822231648, 0, 0, 0.13831356359]
    ],
    [
      [0.22155258928, 0, 0.096035282796, 0.13393255934, 0, 0, 0.5, 0.048479568581],
      [0.25301731637, 0.65615276163, 0, 0.090829921999, 0, 0, 0, 0],
      [0.086020463835, 0, 0, 0.91397953617, 0, 0, 0, 0],
      [0, 0, 0.74532182099, 0.24139118823, 0, 0, 0, 0.013286990778],
      [0.070125442507, 0.012616686044, 0.57281351649, 0.19572496025, 0, 0, 0, 0.1487193947]
    ],
    [
      [0.02370892154, 0.0027098275269, 0.026843093107, 0.038964750062, 0.035275269592, 5.34182835e-05, 0.82871999397, 0.043724725914],
      [0.074476134283, 0.73161710923, 0.17490666573, 0.0034987033354, 0.011846577386, 0.002114358619, 0.00041455279246, 0.0011258986238],
      [0.10501333377, 0, 0.0038273164941, 0.77817259242, 0.031967520442, 0, 0.072289172437, 0.0087300644406],
      [0, 0, 0.7295584758, 0.061203672631, 0.092880850921, 0.031191248768, 0.039203499205, 0.045962252671],
      [0.054323327911, 0, 0.4338235149, 0.064534553079, 0.12599507205, 0.11380599842, 0.034865446018, 0.17265208763]
    ],
    [
      [0.034120556752, 0.0047945309312, 0.022046223535, 0.028038934326, 0.029050539786, 0, 0.84971557982, 0.032233634845],
      [0.00060923021635, 0.97787017659, 0.0088277396735, 0.0012397452326, 0.0083035949523, 0.0018617074454, 0.00059778243243, 0.00069002345491],
      [0.19550658103, 0, 0.00083776188563, 0.67505618944, 0.031109719111, 0, 0.089898147683, 0.0075916008485],
      [0.012917767361, 0, 0.72824254752, 0.040916964585, 0.088025429895, 0.037142814194, 0.05368183942, 0.039072637022],
      [0.028440850749, 0.054235239378, 0.42203590612, 0.052570021977, 0.11916785035, 0.13531494148, 0.042253638874, 0.14598155107]
    ],
    [
      [0.023438095576, 0.0069147027279, 0.01865962359, 0.029095267598, 0.025697745769, 0, 0.85305185072, 0.043142714023],
      [0.0003881157236, 0.9836704235, 0.0053617982518, 0.0012071658441, 0.0059288543941, 0.0016587972585, 0.0010308943949, 0.00075395063626],
      [0.13765234214, 0.0016344892106, 0, 0.72673121268, 0.028482750434, 0, 0.094846531157, 0.010652674379],
      [0.0099061166286, 0.014220466755, 0.68855035306, 0.04419837989, 0.082248809349, 0.044097374861, 0.060691577594, 0.05608692186],
      [0.018855484883, 0.068680969099, 0.37328649221, 0.053472622443, 0.10373727457, 0.14765958518, 0.04246107668, 0.19184649494]
    ],
    [
      [0.035249522345, 0.010980085162, 0.048872555147, 0.042557056776, 0.049376378948, 0.00035964076892, 0.74243354463, 0.070171216225],
      [0, 0.9752430269, 0.014394200154, 0, 0.007024408868, 0.0024061036818, 0, 0.00093226039492],
      [0.14256539704, 0, 0.012298442836, 0.74774685374, 0.036966814131, 0.00055651260693, 0.048015466623, 0.011850513032],
      [0.00079180041782, 0.0037254373107, 0.81521614391, 0.0050652220802, 0.079718502658, 0.046709914365, 0.0031338726896, 0.045639106565],
      [0.01380658456, 0.059033942719, 0.45170175108, 0.037497224984, 0.10406046446, 0.1558901713, 0.014493577983, 0.16351628291]
    ],
    [
      [0.024341948996, 0.0033747643295, 0.026457375948, 0.033354852212, 0.016649059737, 0, 0.85263205733, 0.043189941447],
      [0.00070861492177, 0.98180499275, 0.010320471328, 0.0026506170501, 0.0039967725533, 0, 0.00041432930878, 0.00010420208432],
      [0.12954494797, 0, 0.0043928611465, 0.78284204791, 0.014977629572, 0, 0.0601589737, 0.0080835397075],
      [0, 0, 0.8198981621, 0.04744465813, 0.049825863992, 0, 0.035081552489, 0.047749763289],
      [0.057893040933, 0.011550106178, 0.53060052775, 0.067758342425, 0.074980015992, 0, 0.036027767068, 0.22119019966]
    ],
    [
      [0.23536340132, 0.034799314227, 0.14963872619, 0.17665042628, 0.20875208703, 0.00062622836414, 0, 0.19416981658],
      [0.0097840413087, 0.95139931208, 0.016870520497, 0.001116081271, 0.0065559179458, 0.001822764506, 0, 0.012451362394],
      [0.21520618583, 0, 0.0098996016426, 0.74193824682, 0.028743444007, 0.00023552352194, 0, 0.0039769981822],
      [0, 0, 0.80386373166, 0.034013645928, 0.098008752236, 0.040525354714, 0, 0.023588515465],
      [0.026627291986, 0.053201145821, 0.43431729179, 0.050297703704, 0.1348933767, 0.15484884392, 0, 0.14581434609]
    ],
    [
      [0.051587693287, 0.0087112070782, 0.048267592804, 0.058316411113, 0.065409319535, 0.00071189899758, 0.70750377824, 0.05949209894],
      [0.00035345006256, 0.97176895386, 0.011501550753, 0.00097584010061, 0.010269072288, 0.0043499982979, 0, 0.00078113463444],
      [0.15750000712, 0, 0.0060151291547, 0.75737035251, 0.036732490855, 0.00061777696164, 0.034224091875, 0.0075401515197],
      [0.0003751421903, 0, 0.75300191595, 0.033834021528, 0.098546665817, 0.077839229822, 0, 0.036403024698],
      [0.043350623348, 0.025351860516, 0.39665206307, 0.04898597323, 0.12108729721, 0.24110492032, 0.0018609989652, 0.12160626333]
    ],
    [
      [0.02637888632, 0.016483638607, 0.052681302134, 0.06380150562, 0.035926435393, 0.00021038687947, 0.71758251636, 0.086935328685],
      [0, 0.98570640165, 0.0087279339762, 0.00033169313795, 0.0035124809177, 0.0012163106292, 0, 0.00050517968689],
      [0.087729117188, 0.029891650804, 0.0080678882704, 0.84319541125, 0.020390429264, 0.00014308303288, 0, 0.010582420193],
      [0, 0.018031019895, 0.81286701404, 0.03324783191, 0.052868115877, 0.033478925603, 0, 0.049507092676],
      [0.016495200139, 0.0798001427, 0.46223156151, 0.05699190311, 0.0713062955, 0.11787569937, 0.0040997046164, 0.19119949306]
    ],
    [
      [0.042477470842, 0.0051594268899, 0.031866170118, 0.034720363022, 0.037815240555, 0.00030042310272, 0.80983600891, 0.037824896559],
      [0.00052062889869, 0.97285433733, 0.011765339676, 0.00093816753353, 0.0095085413964, 0.0036283258455, 0, 0.00078465931569],
      [0.1983530883, 0, 0.0050173131832, 0.69068542688, 0.032736972259, 0.00019399957855, 0.065634683789, 0.007378516009],
      [0.0033162688509, 0, 0.75644359, 0.031048110913, 0.086865495022, 0.061766193267, 0.025252390887, 0.035307951056],
      [0.048400782762, 0.018579857484, 0.41796433791, 0.046719217453, 0.11177678299, 0.20667830768, 0.0264627504, 0.12341796333]
    ],
    [
      [0.038778419136, 0.0056536285409, 0.035048244141, 0.035163641697, 0.033973969367, 0.00041462802744, 0.77448316059, 0.076484308496],
      [0.00028529594485, 0.89660782288, 0.088255483188, 0.0002366657051, 0.008250878404, 0.0046789232555, 0, 0.0016849306268],
      [0.17926821604, 0, 0.008599240865, 0.70508773231, 0.029715261216, 0.001083820354, 0.060665327157, 0.01558040206],
      [0, 0, 0.7527833716, 0.015779698041, 0.070742965876, 0.074602396434, 0.019484453755, 0.066607114294],
      [0.045154211043, 0, 0.38929773546, 0.036996852136, 0.082656075817, 0.22001668907, 0.020126046932, 0.20575238954]
    ],
    [
      [0.033716011186, 0.009384108402, 0.013427893332, 0.031597921475, 0.032688339156, 0, 0.83810430135, 0.0410814251],
      [0.00090115615469, 0.98660826076, 0.0015041189552, 0.0026048270245, 0.0058870434173, 0.0008087268594, 0.0013781254942, 0.00030774133888],
      [0.1601125621, 0.008705005726, 0, 0.69876756284, 0.031422816879, 0, 0.093734383992, 0.0072576684605],
      [0.041518900112, 0.02306289836, 0.63318679466, 0.056682226605, 0.10552921134, 0.030616093918, 0.057287176789, 0.052116698216],
      [0.028060794397, 0.084153683598, 0.35264788701, 0.058615778419, 0.13418898391, 0.1135090318, 0.04290912017, 0.1859147207]
    ],
    [
      [0.030352126762, 0.0092557350993, 0.02953755901, 0.030257672644, 0.041258942363, 0.00029348151303, 0.80338670911, 0.055657773498],
      [0, 0.98033565013, 0.0085497446494, 0, 0.0075545772117, 0.0025264899597, 0, 0.0010335380486],
      [0.16272263976, 0.0022590519325, 0.0052183492159, 0.69868628423, 0.041270645613, 0.00040145599609, 0.076727631441, 0.012713941808],
      [0.0040834612598, 0.017198713514, 0.72757661951, 0.016212244862, 0.097120013722, 0.056340874735, 0.027288152184, 0.05417992021],
      [0.01689674942, 0.065866054477, 0.38134018996, 0.038456132549, 0.11877816265, 0.1754384503, 0.026590710783, 0.17663354986]
    ],
    [
      [0.028410943548, 0.006857734134, 0.028987288191, 0.038477373578, 0.032575308316, 0.00023300086137, 0.81556194062, 0.048896410751],
      [0.00035782295985, 0.97912948041, 0.0088446979579, 0.0012263222605, 0.0068980999409, 0.0026771670879, 0, 0.00086640938277],
      [0.13284791898, 0, 0.0036649963843, 0.75736104333, 0.028490853975, 0.00016480937815, 0.067812814826, 0.0096575631272],
      [0.0074869425199, 0.0023473758842, 0.73634579457, 0.04075117887, 0.078608924653, 0.056573174404, 0.029859291655, 0.048027317445],
      [0.017155812366, 0.056249334955, 0.39722686707, 0.053418835038, 0.098740983238, 0.18504034393, 0.028580788741, 0.16358703466]
    ],
    [
      [0.048006168982, 0.011394916237, 0.0086312905844, 0.03014267563, 0.024432528318, 0, 0.83983092153, 0.037561498723],
      [0.00092807842785, 0.99000210363, 0.001293017046, 0.0016737431558, 0.0038744429608, 0.00070720632523, 0.0012474265954, 0.00027398185638],
      [0.24170840691, 0.0062874561338, 0, 0.63136963602, 0.023931234849, 0, 0.089417963671, 0.0072853024138],
      [0.03363525122, 0.033161956317, 0.62832517593, 0.062642825168, 0.084798849455, 0.032509129399, 0.074054504671, 0.050872307842],
      [0.043509917535, 0.105290302, 0.33524299757, 0.060781210135, 0.10741154683, 0.11632168419, 0.05045496711, 0.18098737463]
    ],
    [
      [0.03960552061, 0.015053172803, 0.025711413481, 0.026165133139, 0.033774244607, 0.0001374398445, 0.80587894628, 0.05367412924],
      [0, 0.98965766717, 0.0043749684126, 0, 0.0042802572828, 0.0011343485647, 0, 0.00055275857339],
      [0.22210776499, 0.0074416675692, 0.0015544044458, 0.64119769399, 0.034928458985, 5.8768241016e-05, 0.080213857613, 0.012497384171],
      [0.0062556487092, 0.043603882186, 0.71703155503, 0.016525274379, 0.085735021738, 0.04233710392, 0.032736324429, 0.05577518961],
      [0.024236964505, 0.10283333377, 0.37890893016, 0.037191261872, 0.10618848435, 0.13529399683, 0.029481913171, 0.18586511534]
    ],
    [
      [0.043233443414, 0.010058412078, 0.030039422483, 0.03038297282, 0.044328898491, 0.00020354978488, 0.78615919975, 0.055594101179],
      [0, 0.98262298488, 0.0073639540116, 0, 0.0073534111572, 0.0018588145681, 0, 0.00080083538276],
      [0.21731243107, 0.0024494785436, 0.0042430491527, 0.65335301, 0.041365964918, 0.00018002482321, 0.069382461184, 0.011713580309],
      [0.0072079359674, 0.019627600225, 0.72703839799, 0.020628545578, 0.1016919822, 0.046886545709, 0.024763141337, 0.052155850992],
      [0.024155861101, 0.070685086228, 0.38784434775, 0.038964483115, 0.12678879607, 0.15063360135, 0.02544667848, 0.17548114591]
    ],
    [
      [0.035202396618, 0.012387489326, 0.029329880861, 0.032549960827, 0.047722832522, 9.8762590105e-05, 0.79128639775, 0.051422279504],
      [0, 0.98538092149, 0.0058769950125, 0, 0.0070168312346, 0.0011735586814, 0, 0.00055169358226],
      [0.17394130892, 0.0086536921833, 0.0025312700208, 0.69282165079, 0.043610825658, 1.4712475684e-06, 0.067996370527, 0.01044341065],
      [0.0051205167883, 0.037453337652, 0.7225724234, 0.019468404082, 0.10938975, 0.033987569936, 0.024435437625, 0.047572560519],
      [0.020160885443, 0.086128762889, 0.39906917385, 0.042493084122, 0.14203700816, 0.11503284851, 0.026143239305, 0.16893499772]
    ],
    [
      [0.046715348665, 0.0049119998812, 0.022024695794, 0.04314169321, 0.043609682115, 0, 0.75671774887, 0.082878831461],
      [0.0017238465674, 0.97828211815, 0.0044552205783, 0.0053326583465, 0.0088162719005, 0.00041829707624, 0, 0.00097158738561],
      [0.17626665027, 0, 0, 0.72632700496, 0.033431101104, 0, 0.051700499035, 0.012274744629],
      [0.033020276802, 0, 0.66240162341, 0.075648419519, 0.11016909066, 0.010327956158, 0.0261583368, 0.082274296652],
      [0.073920740692, 0.0073787147661, 0.36146266428, 0.063885463309, 0.13816430896, 0.037007108433, 0.02515684281, 0.29302415675]
    ],
    [
      [0.038107371012, 0.0087146480085, 0.032852661311, 0.034078189674, 0.044292746077, 0.00012304887301, 0.78060575076, 0.061225584281],
      [0, 0.98063763092, 0.0088826198676, 0.00035238973798, 0.00808310774, 0.0011473887142, 0, 0.00089686301731],
      [0.18114779211, 0.00093456369025, 0.007394217004, 0.69346969679, 0.03947148369, 0.00014295773864, 0.065175934183, 0.012263354794],
      [0.0063742093653, 0.0099450856758, 0.75709475845, 0.023899741906, 0.098871128321, 0.026152901984, 0.022489066548, 0.055173107754],
      [0.021991427552, 0.064959599793, 0.42423255971, 0.045454256374, 0.12986614115, 0.08931283683, 0.026127523635, 0.19805565496]
    ],
    [
      [0.025446747169, 0.0078557154158, 0.019859066804, 0.028219890833, 0.023972180557, 0, 0.85432550987, 0.040320889353],
      [0.00033530936709, 0.98546124683, 0.0056358471016, 0.00087504804836, 0.0050992447905, 0.0011919518648, 0.00078522188506, 0.00061613011163],
      [0.14978024084, 0.0027759741214, 0, 0.71322920565, 0.026699610853, 0, 0.097713581683, 0.0098013868565],
      [0.010420406298, 0.017688235051, 0.71408683517, 0.039490441684, 0.074763298301, 0.033427910766, 0.059626996796, 0.050495875938],
      [0.020876250502, 0.077780077966, 0.40385288822, 0.052997119764, 0.098780685498, 0.11864125152, 0.044134877934, 0.18293684859]
    ],
    [
      [0.059148575844, 0.0053871804936, 0.020688262079, 0.049681358513, 0.055556447543, 0, 0.743307066, 0.066231109527],
      [0.0019038715191, 0.97740792542, 0.0044459422636, 0.0051758480672, 0.010556562504, 0, 0, 0.00050985022278],
      [0.2104312435, 0, 0, 0.6972127898, 0.038199445071, 0, 0.045844194129, 0.0083123274944],
      [0.031977959125, 0, 0.66565609752, 0.085584890067, 0.13430719975, 0, 0.021356862741, 0.061116990794],
      [0.048110185012, 0.049214727051, 0.38275870538, 0.073824495711, 0.18123630787, 0, 0.024830864591, 0.24002471439]
    ],
    [
      [0.034149241901, 0.0063156757542, 0.030257064653, 0.028837209586, 0.038048264797, 8.1741387076e-05, 0.83783158753, 0.024479214395],
      [0.00027972064242, 0.97846225285, 0.010281001297, 0.00034806859853, 0.0086515192304, 0.0015494810419, 0, 0.00042795634233],
      [0.18773518636, 0, 0.0076738300962, 0.68027714592, 0.038920006943, 0, 0.079862913601, 0.0055309170841],
      [0.0058090212022, 0.0022734026188, 0.78920966102, 0.019604579372, 0.094747826251, 0.031858039681, 0.032321731985, 0.024175737868],
      [0.023966389583, 0.059185741003, 0.48049883832, 0.04668414585, 0.13614101534, 0.12243772116, 0.034122464267, 0.096963684469]
    ],
    [
      [0.044148117852, 0, 0.026106304421, 0.036150647278, 0.051167209176, 0, 0.79482848405, 0.047599237223],
      [0.047764204367, 0.92307692308, 0.010593596719, 0.0021376287184, 0.014642083857, 0.00065957297253, 0.00014172688307, 0.00098426340597],
      [0.1849404071, 0, 0.001645886781, 0.69403909647, 0.044449671741, 0, 0.066067402217, 0.0088575356851],
      [0.0048941435538, 0, 0.71805200196, 0.052616106441, 0.1306850828, 0.011035890095, 0.034845128418, 0.047871646726],
      [0.072863044514, 0, 0.42562677362, 0.059000991594, 0.18129586913, 0.041788335153, 0.032751603397, 0.18667338259]
    ],
    [
      [0.048780414268, 0.011545743256, 0.02533216506, 0.035689440172, 0.037704066032, 0, 0.79563369223, 0.045314478978],
      [0.00085235664595, 0.98877890298, 0.0018099231877, 0.0020823986556, 0.0055719363743, 0.00069092787727, 0, 0.00021355427937],
      [0.21634504599, 0.0071571324699, 0, 0.67291242274, 0.031182434084, 0, 0.06438418853, 0.008018776187],
      [0.016130502203, 0.039612891677, 0.69831900754, 0.045262907246, 0.092395608181, 0.032452247092, 0.031786139131, 0.044040696931],
      [0.031949675394, 0.087061431961, 0.39573298608, 0.053966700653, 0.12279416661, 0.11549179926, 0.03026648053, 0.16273675951]
    ],
    [
      [0.038248457139, 0.016410041124, 0.029360110889, 0.025997472014, 0.047031621874, 3.1985643701e-05, 0.80322517038, 0.039695140932],
      [0, 0.98912053469, 0.0040988396342, 0, 0.0058538432256, 0.00076177172658, 0, 0.00016501072213],
      [0.21145895737, 0.013063394648, 0.0019215193144, 0.642360062, 0.047302659899, 0, 0.075187872868, 0.0087055338998],
      [0.0014264046762, 0.067832335298, 0.73031336231, 0.0038348621139, 0.10589582182, 0.034747509889, 0.020378890054, 0.035570813843],
      [0.02227864088, 0.098470146029, 0.41620112569, 0.035321218789, 0.14353323723, 0.12361215921, 0.026787910897, 0.13379556128]
    ],
    [
      [0.035473437536, 0.0077007422528, 0.026216986759, 0.025225108423, 0.02876167534, 8.6561639864e-06, 0.81391285246, 0.06270054106],
      [8.9226759935e-05, 0.98524507141, 0.007627252917, 0, 0.0056632934389, 0.00012490251025, 0.00030420930268, 0.00094604365691],
      [0.21107750862, 0.0020177501709, 0.0053628912725, 0.65203216296, 0.031458749386, 0, 0.082885889296, 0.015165048299],
      [0.0070466214103, 0.013703872406, 0.76570179057, 0.019629946991, 0.079895794958, 0.0054729977698, 0.038915360168, 0.069633615727],
      [0.025750474603, 0.071209665208, 0.43854743058, 0.042271080932, 0.10752343024, 0.019782004734, 0.034684655945, 0.26023125777]
    ],
    [
      [0.021988908222, 0, 0.036336310224, 0.026538063966, 0.049951060721, 0.00021556920571, 0.84246711918, 0.022502968477],
      [0.0001838321837, 0.63636363636, 0.34056028637, 0, 0.019173141353, 0.0027628738947, 0.00022843065368, 0.00072779918166],
      [0.13071253302, 0, 0.014343739207, 0.70691324823, 0.054600900494, 0.0001987053912, 0.087654956625, 0.005575917031],
      [0, 0, 0.77523106814, 0.012557889953, 0.12265005855, 0.032505762979, 0.034819207843, 0.022236012538],
      [0.040853115763, 0, 0.493573369, 0.043408681224, 0.17557205169, 0.12362871519, 0.0350135871, 0.087950480032]
    ],
    [
      [0.016692666286, 0, 0.031732619553, 0.024883069757, 0.038277988682, 0.00020988933942, 0.861705547, 0.026498219384],
      [0.00012380978441, 0.94117647059, 0.042410040397, 0, 0.012213881792, 0.0031150978849, 0.00025922420476, 0.00070147534854],
      [0.10887285833, 0, 0.0091973687856, 0.7262065258, 0.047121667079, 0.0002469675513, 0.10097245715, 0.0073821553097],
      [0, 0, 0.76459830325, 0.010105715301, 0.10459807217, 0.04957939266, 0.041720642163, 0.029397874457],
      [0.024680064044, 0, 0.47267641293, 0.040823960462, 0.1411272415, 0.17517668578, 0.037528404301, 0.10798723099]
    ],
    [
      [0.031655258761, 0.010260545759, 0.030827980743, 0.032261088332, 0.041234706795, 0.00029172945862, 0.80282978879, 0.050638901361],
      [0, 0.98367672389, 0.007071210039, 0.00020138853191, 0.0064697715558, 0.0019147185487, 0, 0.00066618743026],
      [0.16164440242, 0.0020512702393, 0.0048843425001, 0.71072768555, 0.03883384791, 0.00024106358229, 0.070840664624, 0.010776723172],
      [0.0051213709603, 0.01728089866, 0.73831391788, 0.021454093464, 0.094816040525, 0.052171636804, 0.023234131211, 0.047607910496],
      [0.01773321852, 0.072363616309, 0.39517779517, 0.041644345078, 0.11858818239, 0.16813097985, 0.025489497535, 0.16087236516]
    ],
    [
      [0.019388738081, 0.014110963569, 0.027048343261, 0.03584335022, 0.0259976842, 0, 0.84196477275, 0.035646147915],
      [4.7877791765e-05, 0.9934104471, 0.0034318539259, 0.0002656796529, 0.0027021959291, 0, 0, 0.00014194560214],
      [0.099388100488, 0.0052456235184, 0.0014786015011, 0.80340584564, 0.022834137581, 0, 0.060963305059, 0.0066843862086],
      [0.0046594295234, 0.044104893564, 0.76787046648, 0.034460281677, 0.06620061488, 0.025050506682, 0.022937236005, 0.034716571187],
      [0.013439768038, 0.11013730517, 0.454037659, 0.057682454724, 0.093118977243, 0.099753078441, 0.028569188266, 0.14326156912]
    ],
    [
      [0, 0, 0, 0, 0, 0, 1, 0],
      [0, -0, 0, 0, 0, 0, 0.054702627613, 0.94529737239],
      [0, 0, 0, 0, 0, 0, 1, 0],
      [5.5511151231e-17, 0, 0, 0, 0, 0, 0.79237281233, 0.20762718767],
      [0, 0, 0, 0, 0, 0, 0.20762718767, 0.79237281233]
    ],
    [
      [0.0069410717728, 0.0077666391961, 0.06477388535, 0.075739957612, 0.070029573783, 0.00017209572043, 0.70646811802, 0.068108658551],
      [4.5331464691e-05, 0.96579923059, 0.017520127567, 0.00078297137038, 0.012469196628, 0.0024626419185, 0, 0.00092050045677],
      [0.015541123461, 0, 0.017140346222, 0.89127875084, 0.036644800665, 0, 0.031844835089, 0.0075501437186],
      [0, 0, 0.83311749923, 0.012108396207, 0.083428083934, 0.030130681523, 0.01000488862, 0.031210450485],
      [0.0071591962589, 0.0031472302055, 0.54770939335, 0.053440470176, 0.12321254543, 0.12079185396, 0.012679493364, 0.13185981725]
    ],
    [
      [0.045848852793, 0.01032000053, 0.033358035692, 0.031688765852, 0.05128785477, 0.00018138720579, 0.77190910779, 0.055405995366],
      [0, 0.98127836475, 0.0082200964068, 0, 0.0081321519953, 0.0016239711401, 0, 0.00074541571219],
      [0.21881896625, 0.0025102137075, 0.0078217782252, 0.64819603787, 0.046047006158, 0.00035232625025, 0.064931082657, 0.01132258888],
      [0.0047168523062, 0.016245249017, 0.74644372918, 0.013236327669, 0.10929840756, 0.040244943302, 0.021641680822, 0.048172810139],
      [0.024084948993, 0.070306404931, 0.4061968964, 0.037913757521, 0.13948303573, 0.13199894046, 0.023869849826, 0.16614616614]
    ],
    [
      [0.021698971624, 0.010598665573, 0.037126266716, 0.034357562082, 0.041772210076, 0.00010907873587, 0.81844792157, 0.035889323621],
      [0, 0.98197399433, 0.0099886123755, 0, 0.0063440894799, 0.001323420398, 0, 0.00036988341181],
      [0.11140585646, 0.0023826297373, 0.0075365753113, 0.76155644728, 0.039370547067, 0, 0.070285208311, 0.007462735835],
      [0.0015218368042, 0.018579463431, 0.80270825865, 0.010004094315, 0.085311869509, 0.0340895515, 0.018942589412, 0.028842336379],
      [0.011939864381, 0.076540545834, 0.47936069619, 0.042879458847, 0.12078028586, 0.12844697649, 0.025295394472, 0.11475677793]
    ],
    [
      [0.044588984171, 0.011441108021, 0.023863260293, 0.035387545423, 0.03684469557, 0, 0.79759231523, 0.050282091294],
      [0.00089371982442, 0.98764949758, 0.0020875112011, 0.0023650839243, 0.0058931289843, 0.00082044344231, 0, 0.00029061504475],
      [0.20302424964, 0.0071840283517, 0, 0.681951092, 0.031566422226, 0, 0.067086175751, 0.0091880320396],
      [0.015597241677, 0.032954717133, 0.69911743475, 0.044959669075, 0.092476551257, 0.031588874599, 0.033153301653, 0.050152209858],
      [0.0295283913, 0.082382348628, 0.38986970903, 0.053882035477, 0.12101723834, 0.11068743122, 0.03067516546, 0.18195768054]
    ],
    [
      [0.030128246922, 0.022802760736, 0.02708556452, 0.050234940451, 0.012186268445, 0, 0.78804709379, 0.06951512514],
      [0, 0.99731047466, 0, 0.0022823956254, 0.00040712971102, 0, 0, 0],
      [0.080170893981, 0.045140289769, 0, 0.81576451053, 0.0072462554439, 0, 0.045524642154, 0.0061534081252],
      [0.02207607467, 0.14114883238, 0.66103322739, 0.059115217493, 0.025673875666, 0.014810974265, 0.020240928915, 0.05590086922],
      [0.017905285782, 0.15737093694, 0.40234116737, 0.069179882512, 0.036429080333, 0.060637483289, 0.024212480276, 0.2319236835]
    ]
  ],
  "expected_outcome": [
    [
      [0.73189520961, 1.1908259418, 0.36177071025, 1.6982542277, 1.4846643215, 1.4031325859, 1.1437328875, 0.63257716476, 1.9485994312, 0.87162757532, 0.35444322276, 2.9383947926, 0.81368816528, 2.7322364788, 0.26797322243, 0, 0.44310517856, 0.45046950926, 0.95537558905, 0.77345715401, 0.3172457011, 0.073025846989, 0.23536340132, 0.67064001273, 0.29016774952, 0.80707194599, 0.23267051481, 0.57317219016, 2.1550010001, 1.193259629, 1.1521480556, 2.2575146748, 1.253769859, 1.0560718985, 0.32700744066, 4.0012739562, 1.7303788075, 0.82808006182, 0.37564166091, 0.83881423919, 3.4146289988, 0.8797145142, 0.31926093783, 0.7036450631, 0.35054599202, 0.79138146903, 0.077554952323, 0, 0.0069410717728, 1.8339541117, 0.17359177299, 4.9493772429, 0.090384740766],
      [0.14382903725, 0.31155270875, 0.17277965643, 0.43732121852, 0.34790490343, 0.21030060543, 0.17768939563, 0.1320046956, 0.37583410833, 0.091166375342, 0.12764937437, 0.34396092087, 0.18876605539, 0.44969549098, 0.18151877388, 0, 0, 0.051486723011, 0.13424686607, 0.22818519002, 0.098820766462, 0.010124292989, 0.034799314227, 0.11324569202, 0.18132002468, 0.098029110908, 0.033921771245, 0.15952984283, 0.65715719205, 0.28802483363, 0.2734779897, 0.85803084978, 0.29169395025, 0.37162467977, 0.034383999169, 0.9150380409, 0.53418864828, 0.07542052691, 0.069472433296, 0, 0.80820202789, 0.37743094584, 0.069306680275, 0, 0, 0.25651364398, 0.056443854275, 0, 0.0077666391961, 0.41280002122, 0.084789324586, 1.2699629903, 0.068408282209],
      [0.75153319768, 1.3853081193, 0.69902611, 1.4417628139, 0.98386733316, 0.93890516427, 0.9705467447, 0.50269855979, 1.2289779687, 0.60687107629, 0.38776829506, 1.5709381618, 0.93204958207, 1.2730014737, 0, 0, 0.19207056559, 0.51001876904, 0.61729425897, 0.61576757848, 0.43985299633, 0.079372127845, 0.14963872619, 0.62747870645, 0.57949432348, 0.60545723225, 0.21028946485, 0.22827418664, 2.0971666897, 1.217466104, 0.20715097403, 1.4655505684, 0.871143252, 0.87989642583, 0.15417287055, 3.4495294377, 1.3504165427, 0.28963566911, 0.33282771119, 0.496019784, 1.7732515542, 0.67528255044, 0.23595288083, 1.1627619272, 0.66638501061, 0.77069951857, 0.10819337305, 0, 0.06477388535, 1.3343214277, 0.29701013373, 2.6488218926, 0.081256693559],
      [0.76794952404, 1.2739529199, 0.6933391573, 1.8098727114, 1.7257866065, 0.81929168364, 0.87992266893, 0.58164873738, 1.7305232202, 0.91199174003, 0.47410866739, 2.667579443, 1.1857299856, 2.2101514736, 0.20232488508, 0, 0.26786511868, 0.74033025118, 0.78509016113, 0.96014383074, 0.38301351099, 0.10006455664, 0.17665042628, 0.75811334447, 0.70181656182, 0.65968689742, 0.21098185018, 0.53716466508, 2.1482947577, 1.6160496903, 0.72342421511, 1.4914125889, 0.88110621178, 0.97649882481, 0.30199185247, 3.5782099157, 1.9189525766, 0.69553901918, 0.31720930545, 0.68686229828, 2.498260812, 0.59794185633, 0.22702597581, 0.8492180469, 0.52254446489, 0.8065272083, 0.14337340088, 0, 0.075739957612, 1.2675506341, 0.27486049666, 3.9280175419, 0.15070482135],
