{
  "X": [
    [2, 4, 5, 1],
    [5, 3, 7, 3],
    [4, 4, 7, 0],
    [5, 4, 7, 0],
    [3, 3, 9, 2],
    [3, 4, 4, 0],
    [0, 3, 7, 0],
    [1, 11, 9, 1],
    [2, 4, 8, 0],
    [4, 0, 5, 0],
    [4, 2, 7, 2],
    [4, 4, 15, 4],
    [3, 2, 3, 0],
    [5, 4, 5, 1],
    [4, 2, 8, 0],
    [8, 4, 11, 2],
    [4, 10, 7, 1],
    [4, 2, 10, 1],
    [0, 2, 8, 2],
    [8, 1, 9, 2],
    [21, 38, 28, 5],
    [2, 6, 4, 0],
    [15, 16, 18, 0],
    [5, 7, 13, 2],
    [3, 6, 4, 1],
    [1, 10, 6, 3],
    [14, 8, 21, 3],
    [5, 7, 9, 1],
    [4, 9, 6, 1],
    [2, 3, 2, 1],
    [9, 11, 23, 1],
    [3, 2, 3, 0],
    [2, 1, 1, 3],
    [11, 9, 10, 1],
    [1, 2, 5, 1],
    [16, 16, 28, 1],
    [4, 0, 10, 0],
    [4, 2, 4, 2],
    [18, 20, 26, 0],
    [18, 29, 39, 2],
    [23, 33, 43, 1],
    [12, 25, 36, 3],
    [10, 17, 38, 3],
    [17, 16, 25, 2],
    [6, 3, 7, 0],
    [4, 1, 11, 4],
    [2, 0, 5, 0],
    [4, 8, 8, 0],
    [2, 2, 10, 0],
    [1, 0, 10, 0],
    [6, 0, 9, 1],
    [2, 3, 1, 0],
    [5, 6, 3, 1],
    [5, 3, 14, 0],
    [2, 1, 6, 2],
    [1, 1, 8, 0],
    [1, 3, 3, 2],
    [3, 7, 15, 0],
    [3, 1, 2, 0],
    [3, 2, 7, 0],
    [2, 3, 6, 0],
    [3, 5, 10, 0],
    [6, 7, 19, 4],
    [4, 7, 7, 1],
    [8, 3, 16, 1],
    [11, 26, 24, 0],
    [21, 57, 52, 5],
    [14, 38, 39, 0],
    [10, 14, 19, 3],
    [5, 8, 20, 4],
    [4, 1, 10, 0],
    [4, 10, 11, 1],
    [1, 4, 3, 0],
    [9, 10, 17, 3],
    [2, 5, 12, 0],
    [5, 14, 21, 0],
    [5, 10, 9, 0],
    [4, 15, 15, 4],
    [5, 9, 12, 0],
    [2, 0, 6, 2],
    [4, 7, 10, 1],
    [5, 29, 47, 1],
    [2, 5, 5, 3],
    [5, 6, 11, 2],
    [5, 0, 10, 0],
    [5, 7, 20, 2],
    [7, 67, 65, 0],
    [2, 1, 3, 1],
    [5, 50, 60, 2],
    [0, 2, 6, 0],
    [2, 4, 3, 1],
    [1, 9, 4, 1],
    [11, 27, 40, 4],
    [7, 24, 31, 4],
    [16, 33, 42, 5],
    [2, 3, 4, 0],
    [0, 17, 27, 0],
    [7, 24, 12, 1],
    [2, 3, 6, 2],
    [7, 55, 51, 6],
    [3, 18, 28, 1],
    [25, 156, 107, 6],
    [10, 107, 86, 8],
    [1, 2, 3, 0],
    [6, 79, 77, 2],
    [9, 130, 191, 11],
    [7, 13, 24, 2],
    [0, 3, 30, 0],
    [7, 63, 136, 4],
    [9, 35, 59, 6],
    [6, 26, 29, 2],
    [3, 11, 26, 1],
    [3, 20, 25, 2],
    [2, 28, 20, 2],
    [0, 8, 16, 2],
    [0, 2, 9, 0],
    [6, 33, 49, 3],
    [0, 8, 24, 1],
    [6, 42, 36, 1],
    [2, 14, 23, 1],
    [1, 9, 26, 1],
    [8, 98, 161, 6],
    [4, 15, 13, 0],
    [1, 28, 15, 2],
    [6, 28, 42, 3],
    [4, 50, 28, 1],
    [5, 54, 32, 8],
    [0, 5, 12, 0],
    [0, 3, 5, 4],
    [2, 14, 12, 0],
    [12, 43, 65, 10],
    [0, 12, 14, 1],
    [5, 10, 13, 3],
    [1, 20, 16, 0],
    [1, 54, 68, 4],
    [4, 3, 9, 5],
    [4, 18, 15, 1],
    [0, 15, 10, 1],
    [1, 21, 15, 0],
    [3, 0, 4, 0],
    [1, 6, 9, 1],
    [5, 17, 34, 0],
    [3, 18, 33, 1],
    [2, 10, 6, 1],
    [7, 57, 44, 4],
    [2, 18, 7, 2],
    [2, 10, 20, 3],
    [1, 22, 40, 8],
    [3, 34, 10, 1],
    [6, 46, 46, 2],
    [1, 7, 7, 0],
    [2, 5, 4, 0],
    [1, 8, 5, 1],
    [2, 17, 9, 0],
    [0, 21, 11, 5],
    [0, 11, 19, 1],
    [7, 49, 27, 0],
    [5, 12, 23, 0],
    [5, 18, 12, 2],
    [1, 12, 15, 0],
    [5, 20, 13, 0],
    [1, 46, 43, 3],
    [3, 7, 15, 2],
    [2, 4, 5, 0],
    [0, 8, 1, 0],
    [1, 12, 23, 1],
    [2, 6, 23, 0],
    [2, 31, 19, 2],
    [4, 31, 28, 2],
    [0, 5, 12, 0],
    [10, 13, 37, 2],
    [0, 13, 18, 0],
    [17, 26, 31, 3],
    [7, 18, 14, 0],
    [1, 6, 12, 2],
    [1, 6, 5, 1],
    [2, 30, 20, 1],
    [1, 4, 8, 0],
    [3, 1, 5, 0],
    [2, 9, 12, 1],
    [8, 4, 7, 1],
    [5, 5, 8, 2],
    [5, 6, 8, 2],
    [3, 2, 12, 1],
    [10, 9, 15, 3],
    [5, 2, 13, 0],
    [2, 1, 6, 0],
    [0, 0, 5, 1],
    [3, 3, 6, 2],
    [2, 2, 12, 6],
    [4, 5, 7, 0],
    [3, 2, 4, 1],
    [2, 5, 7, 1],
    [1, 2, 8, 1],
    [5, 7, 17, 7],
    [10, 11, 12, 2],
    [10, 4, 22, 2],
    [5, 6, 8, 1],
    [2, 6, 9, 1],
    [6, 5, 14, 2],
    [14, 20, 33, 1],
    [14, 16, 20, 3],
    [8, 13, 20, 1],
    [6, 16, 23, 1],
    [3, 2, 9, 1],
    [12, 14, 18, 2],
    [6, 11, 8, 2],
    [11, 28, 34, 2],
    [14, 24, 32, 4],
    [6, 7, 19, 0],
    [20, 29, 49, 2],
    [10, 16, 29, 1],
    [12, 24, 12, 0],
    [19, 59, 69, 3],
    [13, 23, 36, 3],
    [13, 6, 14, 0],
    [11, 22, 35, 3],
    [14, 33, 39, 0],
    [8, 11, 24, 2],
    [28, 45, 61, 5],
    [6, 10, 29, 2],
    [11, 18, 20, 3],
    [8, 23, 21, 5],
    [1, 10, 7, 1],
    [18, 11, 28, 9],
    [13, 12, 9, 0],
    [7, 12, 16, 0],
    [5, 5, 14, 1],
    [5, 9, 14, 0],
    [10, 2, 3, 2],
    [1, 1, 2, 4],
    [4, 5, 6, 0],
    [0, 7, 10, 2],
    [0, 4, 6, 0],
    [9, 20, 31, 2],
    [7, 21, 25, 0],
    [20, 30, 34, 2],
    [9, 17, 43, 5],
    [19, 41, 64, 5],
    [6, 0, 6, 0],
    [6, 18, 11, 1],
    [12, 16, 38, 1],
    [8, 8, 13, 3],
    [2, 11, 12, 1],
    [12, 27, 66, 9],
    [2, 2, 5, 1],
    [7, 29, 20, 3],
    [8, 45, 55, 5],
    [0, 3, 6, 1],
    [4, 6, 18, 0],
    [3, 38, 41, 1],
    [1, 12, 27, 0],
    [10, 26, 27, 1],
    [1, 4, 2, 0],
    [2, 2, 5, 0],
    [0, 6, 7, 0],
    [1, 11, 10, 8],
    [2, 8, 9, 1],
    [9, 9, 14, 2],
    [3, 7, 19, 2],
    [4, 5, 8, 0],
    [6, 26, 38, 6],
    [5, 40, 50, 3],
    [3, 11, 13, 1],
    [3, 15, 23, 2],
    [6, 4, 20, 2],
    [4, 33, 54, 8],
    [7, 36, 31, 4],
    [4, 23, 59, 1],
    [13, 55, 68, 10],
    [3, 5, 15, 0],
    [16, 127, 70, 10],
    [7, 21, 21, 2],
    [3, 17, 16, 0],
    [1, 3, 12, 1],
    [9, 89, 73, 9],
    [7, 55, 42, 7],
    [9, 26, 57, 4],
    [2, 11, 13, 0],
    [13, 47, 74, 15],
    [2, 5, 6, 2],
    [0, 4, 4, 1],
    [0, 4, 8, 0],
    [1, 0, 7, 0],
    [1, 4, 3, 0],
    [7, 62, 82, 5],
    [5, 33, 46, 2],
    [15, 55, 79, 1],
    [9, 10, 20, 1],
    [4, 11, 19, 3],
    [10, 18, 25, 3],
    [5, 20, 25, 3],
    [10, 64, 64, 5],
    [2, 1, 3, 0],
    [12, 24, 32, 12],
    [539, 2372, 2044, 161],
    [107, 612, 313, 34],
    [262, 867, 760, 103],
    [28, 84, 83, 6]
  ],
  "W": [
    [1, 1, 4, 1, 1, 3, 1],
    [1, 1, 6, 5, 2, 2, 1],
    [3, 1, 6, 2, 1, 1, 1],
    [4, 0, 1, 2, 6, 3, 0],
    [0, 3, 2, 0, 8, 4, 0],
    [4, 0, 3, 1, 2, 1, 0],
    [1, 0, 5, 0, 2, 2, 0],
    [3, 1, 10, 1, 4, 3, 0],
    [1, 3, 2, 0, 4, 4, 0],
    [3, 0, 0, 1, 2, 2, 1],
    [2, 0, 2, 2, 3, 6, 0],
    [3, 4, 4, 2, 6, 4, 4],
    [0, 2, 0, 1, 2, 3, 0],
    [1, 1, 2, 1, 5, 4, 1],
    [3, 0, 5, 1, 4, 1, 0],
    [3, 2, 7, 2, 7, 4, 0],
    [5, 2, 2, 5, 3, 5, 0],
    [3, 0, 8, 0, 3, 3, 0],
    [1, 1, 2, 1, 5, 1, 1],
    [4, 0, 2, 2, 6, 5, 1],
    [10, 11, 24, 12, 14, 16, 5],
    [1, 4, 1, 1, 5, 0, 0],
    [2, 5, 8, 10, 11, 11, 2],
    [4, 0, 5, 3, 10, 4, 1],
    [4, 0, 0, 2, 3, 5, 0],
    [1, 4, 4, 0, 1, 9, 1],
    [0, 2, 13, 5, 11, 14, 1],
    [2, 2, 4, 5, 4, 5, 0],
    [5, 0, 7, 2, 4, 2, 0],
    [3, 0, 0, 0, 1, 4, 0],
    [7, 2, 7, 8, 10, 9, 1],
    [1, 0, 1, 1, 2, 1, 2],
    [2, 0, 2, 1, 2, 0, 0],
    [2, 4, 8, 2, 8, 7, 0],
    [0, 1, 1, 2, 4, 1, 0],
    [4, 3, 22, 10, 5, 16, 1],
    [1, 0, 3, 4, 5, 1, 0],
    [2, 0, 1, 1, 4, 3, 1],
    [7, 7, 21, 18, 3, 7, 1],
    [11, 7, 39, 9, 9, 13, 0],
    [13, 16, 38, 7, 7, 17, 2],
    [7, 11, 25, 7, 15, 8, 3],
    [9, 9, 23, 7, 5, 13, 2],
    [10, 5, 14, 11, 7, 12, 1],
    [1, 0, 5, 5, 1, 4, 0],
    [3, 1, 3, 1, 11, 1, 0],
    [0, 0, 1, 2, 4, 0, 0],
    [6, 2, 3, 1, 4, 4, 0],
    [3, 0, 6, 3, 1, 1, 0],
    [3, 0, 3, 1, 2, 2, 0],
    [1, 0, 4, 1, 6, 4, 0],
    [2, 2, 1, 0, 1, 0, 0],
    [0, 4, 3, 0, 4, 4, 0],
    [4, 0, 4, 1, 7, 4, 2],
    [2, 0, 1, 1, 4, 3, 0],
    [0, 0, 5, 0, 3, 2, 0],
    [1, 2, 1, 0, 3, 2, 0],
    [3, 2, 5, 1, 11, 2, 1],
    [2, 0, 1, 2, 0, 1, 0],
    [1, 0, 3, 1, 5, 1, 1],
    [4, 0, 3, 0, 2, 2, 0],
    [4, 2, 5, 2, 4, 1, 0],
    [5, 3, 11, 4, 10, 2, 1],
    [5, 1, 2, 4, 1, 6, 0],
    [6, 0, 9, 3, 5, 4, 1],
    [4, 7, 28, 7, 3, 12, 0],
    [18, 21, 51, 14, 10, 18, 3],
    [15, 6, 35, 15, 4, 15, 1],
    [8, 6, 14, 7, 4, 6, 1],
    [1, 3, 16, 2, 9, 5, 1],
    [3, 1, 3, 4, 3, 1, 0],
    [3, 1, 6, 3, 6, 7, 0],
    [2, 3, 2, 0, 1, 0, 0],
    [3, 2, 10, 7, 7, 7, 3],
    [1, 3, 5, 4, 2, 3, 1],
    [6, 6, 17, 5, 2, 4, 0],
    [1, 5, 7, 1, 6, 3, 1],
    [7, 6, 11, 0, 6, 8, 0],
    [5, 1, 6, 1, 5, 7, 1],
    [2, 1, 1, 3, 2, 0, 1],
    [4, 3, 8, 3, 1, 3, 0],
    [7, 13, 37, 10, 6, 9, 0],
    [2, 5, 2, 1, 3, 1, 1],
    [0, 2, 7, 7, 6, 1, 1],
    [3, 0, 6, 5, 1, 0, 0],
    [1, 1, 14, 2, 11, 4, 1],
    [8, 35, 51, 9, 14, 15, 7],
    [2, 1, 1, 1, 1, 1, 0],
    [3, 27, 38, 15, 10, 18, 6],
    [0, 2, 4, 0, 0, 1, 1],
    [2, 0, 2, 1, 1, 4, 0],
    [4, 3, 4, 2, 0, 0, 2],
    [9, 8, 33, 12, 3, 14, 3],
    [8, 11, 25, 2, 4, 13, 3],
    [2, 8, 37, 13, 8, 17, 11],
    [0, 1, 1, 1, 1, 4, 1],
    [2, 10, 18, 3, 2, 8, 1],
    [5, 10, 12, 8, 0, 8, 1],
    [0, 3, 2, 1, 2, 4, 1],
    [10, 29, 50, 7, 6, 9, 8],
    [4, 8, 20, 2, 0, 13, 3],
    [15, 72, 118, 32, 9, 39, 9],
    [16, 56, 74, 19, 4, 33, 9],
    [3, 1, 0, 0, 1, 1, 0],
    [20, 34, 53, 16, 7, 24, 10],
    [28, 75, 136, 23, 23, 36, 20],
    [6, 5, 11, 1, 9, 12, 2],
    [0, 2, 27, 1, 0, 2, 1],
    [12, 28, 122, 13, 5, 24, 6],
    [10, 24, 39, 7, 8, 18, 3],
    [9, 8, 19, 8, 8, 10, 1],
    [7, 5, 15, 0, 8, 6, 0],
    [4, 7, 23, 1, 4, 7, 4],
    [4, 18, 17, 2, 2, 8, 1],
    [5, 0, 9, 0, 1, 10, 1],
    [2, 0, 3, 1, 0, 5, 0],
    [12, 20, 32, 3, 13, 8, 3],
    [3, 3, 11, 3, 2, 9, 2],
    [9, 13, 35, 8, 3, 13, 4],
    [4, 6, 19, 5, 1, 4, 1],
    [5, 0, 21, 1, 0, 6, 4],
    [15, 33, 164, 14, 6, 27, 14],
    [2, 10, 11, 4, 0, 4, 1],
    [2, 10, 15, 7, 2, 9, 1],
    [8, 11, 38, 5, 3, 12, 2],
    [10, 22, 29, 7, 1, 8, 6],
    [10, 25, 32, 9, 7, 15, 1],
    [3, 2, 6, 1, 2, 3, 0],
    [3, 0, 1, 0, 1, 7, 0],
    [7, 7, 9, 0, 0, 4, 1],
    [14, 14, 52, 9, 12, 23, 6],
    [1, 6, 11, 0, 0, 7, 2],
    [2, 5, 9, 2, 2, 11, 0],
    [0, 11, 18, 2, 3, 3, 0],
    [11, 22, 63, 12, 8, 7, 4],
    [4, 1, 4, 0, 5, 5, 2],
    [6, 8, 14, 4, 1, 4, 1],
    [7, 7, 3, 1, 3, 5, 0],
    [1, 10, 12, 5, 3, 6, 0],
    [0, 0, 2, 1, 0, 2, 2],
    [0, 5, 2, 1, 0, 8, 1],
    [4, 11, 8, 9, 13, 9, 2],
    [4, 11, 23, 3, 3, 8, 3],
    [0, 5, 9, 2, 1, 1, 1],
    [13, 29, 39, 11, 2, 12, 6],
    [2, 12, 11, 3, 0, 1, 0],
    [0, 3, 14, 2, 3, 10, 3],
    [12, 11, 19, 3, 12, 12, 2],
    [2, 22, 14, 5, 1, 3, 1],
    [10, 18, 35, 14, 9, 10, 4],
    [3, 5, 3, 0, 0, 3, 1],
    [1, 1, 2, 2, 1, 4, 0],
    [1, 6, 5, 2, 0, 1, 0],
    [3, 4, 12, 2, 0, 7, 0],
    [3, 12, 10, 8, 0, 4, 0],
    [0, 6, 17, 2, 0, 5, 1],
    [9, 19, 28, 12, 5, 9, 1],
    [2, 3, 17, 5, 4, 9, 0],
    [5, 5, 12, 2, 6, 6, 1],
    [5, 6, 12, 2, 1, 1, 1],
    [3, 6, 14, 2, 6, 6, 1],
    [9, 25, 26, 9, 3, 17, 4],
    [3, 2, 9, 2, 6, 5, 0],
    [1, 1, 3, 3, 1, 2, 0],
    [0, 4, 2, 1, 0, 2, 0],
    [5, 6, 15, 1, 3, 3, 4],
    [2, 3, 18, 2, 1, 4, 1],
    [2, 19, 14, 5, 1, 8, 5],
    [10, 9, 24, 7, 3, 7, 5],
    [0, 1, 8, 1, 3, 4, 0],
    [8, 1, 28, 8, 3, 12, 2],
    [2, 9, 5, 6, 1, 8, 0],
    [7, 12, 21, 9, 13, 11, 4],
    [2, 4, 17, 6, 2, 7, 1],
    [2, 2, 11, 0, 0, 6, 0],
    [2, 0, 4, 0, 1, 5, 1],
    [4, 10, 33, 2, 0, 3, 1],
    [3, 1, 5, 0, 3, 1, 0],
    [2, 1, 4, 0, 0, 2, 0],
    [4, 2, 5, 4, 0, 8, 1],
    [2, 0, 5, 0, 9, 3, 1],
    [3, 0, 5, 1, 3, 7, 1],
    [6, 2, 2, 3, 8, 0, 0],
    [1, 1, 4, 2, 5, 4, 1],
    [5, 3, 9, 7, 8, 5, 0],
    [1, 1, 4, 2, 7, 4, 1],
    [0, 0, 2, 4, 2, 0, 1],
    [0, 0, 0, 0, 3, 2, 1],
    [4, 1, 0, 0, 5, 4, 0],
    [2, 0, 5, 1, 10, 2, 2],
    [3, 0, 3, 3, 4, 3, 0],
    [1, 1, 4, 1, 1, 2, 0],
    [2, 1, 2, 2, 4, 3, 1],
    [2, 0, 4, 0, 3, 3, 0],
    [5, 3, 7, 2, 8, 8, 3],
    [6, 2, 5, 3, 12, 5, 2],
    [6, 2, 11, 3, 8, 5, 3],
    [2, 2, 4, 1, 5, 6, 0],
    [3, 0, 8, 0, 3, 3, 1],
    [1, 0, 9, 3, 9, 4, 1],
    [4, 5, 25, 11, 7, 16, 0],
    [3, 3, 23, 10, 2, 7, 5],
    [3, 5, 16, 4, 3, 11, 0],
    [3, 6, 26, 4, 2, 4, 1],
    [3, 0, 3, 3, 2, 2, 2],
    [2, 6, 18, 7, 3, 10, 0],
    [2, 3, 6, 7, 4, 4, 1],
    [9, 10, 35, 4, 4, 6, 7],
    [12, 13, 14, 10, 14, 9, 2],
    [1, 3, 14, 4, 4, 5, 1],
    [7, 7, 46, 16, 7, 15, 2],
    [1, 4, 33, 4, 3, 11, 0],
    [3, 5, 22, 8, 5, 4, 1],
    [10, 29, 69, 18, 2, 19, 3],
    [7, 2, 32, 5, 10, 12, 7],
    [8, 0, 9, 9, 5, 1, 1],
    [9, 6, 28, 10, 6, 11, 1],
    [10, 16, 26, 17, 2, 15, 0],
    [6, 4, 17, 7, 3, 8, 0],
    [18, 17, 45, 14, 23, 19, 3],
    [3, 3, 20, 7, 2, 8, 4],
    [4, 5, 21, 8, 6, 6, 2],
    [7, 6, 21, 4, 3, 7, 9],
    [1, 2, 6, 5, 2, 2, 1],
    [5, 3, 19, 9, 13, 16, 1],
    [2, 2, 16, 5, 7, 2, 0],
    [6, 2, 10, 3, 7, 7, 0],
    [2, 2, 8, 4, 5, 3, 1],
    [2, 1, 12, 0, 5, 6, 2],
    [4, 0, 0, 3, 9, 1, 0],
    [0, 0, 2, 0, 5, 0, 1],
    [2, 1, 5, 2, 5, 0, 0],
    [5, 1, 3, 0, 6, 3, 1],
    [2, 1, 2, 1, 1, 3, 0],
    [6, 7, 25, 6, 4, 12, 2],
    [4, 4, 24, 4, 2, 11, 4],
    [8, 12, 32, 12, 9, 11, 2],
    [9, 7, 30, 7, 5, 12, 4],
    [8, 10, 55, 16, 12, 23, 5],
    [3, 0, 0, 1, 5, 3, 0],
    [3, 7, 12, 4, 5, 5, 0],
    [5, 3, 27, 10, 10, 10, 2],
    [2, 2, 9, 5, 6, 8, 0],
    [0, 5, 6, 4, 3, 7, 1],
    [9, 8, 52, 11, 4, 25, 5],
    [0, 1, 1, 0, 5, 2, 1],
    [5, 7, 23, 5, 6, 11, 2],
    [13, 9, 37, 8, 13, 28, 5],
    [2, 1, 2, 0, 1, 4, 0],
    [3, 1, 16, 2, 3, 2, 1],
    [7, 12, 34, 8, 6, 14, 2],
    [7, 4, 13, 2, 2, 12, 0],
    [6, 7, 23, 8, 2, 17, 1],
    [3, 1, 3, 0, 0, 0, 0],
    [1, 1, 3, 2, 2, 0, 0],
    [1, 3, 3, 0, 2, 4, 0],
    [3, 11, 7, 0, 1, 6, 2],
    [2, 4, 5, 0, 2, 5, 2],
    [3, 4, 10, 3, 4, 7, 3],
    [2, 0, 12, 5, 5, 7, 0],
    [1, 2, 6, 5, 2, 1, 0],
    [8, 10, 38, 5, 1, 11, 3],
    [10, 13, 43, 10, 2, 16, 4],
    [0, 8, 6, 1, 4, 9, 0],
    [9, 5, 10, 5, 4, 8, 2],
    [2, 0, 14, 5, 6, 5, 0],
    [14, 10, 40, 8, 0, 25, 2],
    [3, 11, 40, 6, 3, 9, 6],
    [6, 8, 37, 8, 5, 20, 3],
    [8, 31, 69, 11, 6, 18, 3],
    [2, 2, 13, 0, 2, 4, 0],
    [11, 72, 87, 19, 0, 19, 15],
    [14, 10, 10, 2, 6, 7, 2],
    [2, 7, 12, 6, 4, 3, 2],
    [2, 2, 6, 0, 3, 3, 1],
    [11, 34, 90, 12, 2, 25, 6],
    [10, 23, 42, 10, 2, 19, 5],
    [7, 12, 30, 13, 8, 19, 7],
    [5, 3, 5, 2, 5, 5, 1],
    [14, 12, 54, 17, 12, 33, 7],
    [1, 1, 4, 3, 3, 2, 1],
    [1, 1, 3, 0, 0, 4, 0],
    [0, 3, 6, 0, 0, 2, 1],
    [0, 0, 5, 2, 0, 1, 0],
    [0, 1, 5, 1, 0, 1, 0],
    [8, 28, 79, 10, 5, 18, 8],
    [4, 8, 51, 5, 1, 11, 6],
    [11, 27, 63, 9, 8, 28, 4],
    [4, 1, 10, 3, 4, 15, 3],
    [2, 6, 18, 1, 6, 4, 0],
    [6, 7, 22, 4, 2, 10, 5],
    [10, 9, 16, 2, 5, 10, 1],
    [25, 31, 51, 8, 7, 15, 6],
    [2, 0, 0, 1, 0, 3, 0],
    [6, 7, 19, 6, 22, 13, 7],
    [473, 1323, 1588, 544, 377, 656, 155],
    [113, 358, 317, 115, 37, 90, 36],
    [229, 351, 722, 213, 143, 261, 73],
    [35, 42, 58, 22, 23, 20, 1]
  ],
  "method": "mvn_pdf",
  "cond_prob": [
    [
      [0.19159930041, 0.44266419231, 0.31425281238, 0.051483694904],
      [0.00013518133484, 0.95767978034, 0.023757362468, 0.018427675859],
      [0.044393400389, 0.34294386791, 0.50119903941, 0.11146369229],
      [0.53139899844, 0.29851147583, 0.15693801856, 0.013151507175],
      [0.54185097728, 0.0011427987019, 0.35901570991, 0.097990514103],
      [0.17405459656, 0.19672092755, 0.55499369209, 0.074230783802],
      [0.035278151299, 0.33806349854, 0.47625886279, 0.15039948738]
    ],
    [
      [0.16957967456, 0.13811399438, 0.20096877167, 0.49133755939],
      [0.00027301622056, 0.61866928878, 0.033046765286, 0.34801092971],
      [0.04363305678, 0.1684296885, 0.78793725472, 0],
      [0.57798190708, 0.19824085044, 0.22377724248, 0],
      [0.71568816063, 0.048674179809, 0.12967463683, 0.10596302273],
      [0.11656724078, 0.049250308542, 0.26565650181, 0.56852594887],
      [0.013928630306, 0.045585356931, 0.12881244507, 0.81167356769]
    ],
    [
      [0.40478620273, 0.26151767918, 0.33369611809, 0],
      [0.00048757792556, 0.95338555123, 0.046126870842, 0],
      [0, 0.26785133343, 0.73214866657, 0],
      [0.78290276389, 0.11719001632, 0.099907219792, 0],
      [0.77087202615, 0.0076324654341, 0.22149550841, 0],
      [0.35482733848, 0.12467472821, 0.52049793331, 0],
      [0.093648921485, 0.28826618433, 0.61808489419, 0]
    ],
    [
      [0.15729500607, 0.51417090179, 0.32853409214, 0],
      [0.00010732881283, 0.97497438659, 0.021135035449, 0.0037832491497],
      [0.027308610445, 0.38341305405, 0.5892783355, 0],
      [0.41213670241, 0.4011915284, 0.18667176918, 0],
      [0.50146860026, 0.0086009250507, 0.48993047469, 0],
      [0.17014211963, 0.23530491056, 0.59455296981, 0],
      [0.033300826547, 0.41986065028, 0.5167803377, 0.030058185479]
    ],
    [
      [0.1571533538, 0.18354079474, 0.57110610891, 0.088199742558],
      [0.00017939871099, 0.88486614478, 0.065510135083, 0.049444321422],
      [0.021780665617, 0.1088166645, 0.8478130093, 0.021589660579],
      [0.45981513731, 0.15542470498, 0.35640796889, 0.028352188823],
      [0.30746528203, 0, 0.51786587955, 0.17466883842],
      [0.1240445541, 0.031942059162, 0.74122913493, 0.10278425181],
      [0.0246516239, 0.1068404581, 0.67839536386, 0.19011255414]
    ],
    [
      [0.20769779552, 0.52398602432, 0.26831618016, 0],
      [0.00013096120909, 0.98039560597, 0.017048597742, 0.0024248350812],
      [0.036840722514, 0.43272342585, 0.53043585164, 0],
      [0.52482262282, 0.34606451952, 0.12911285766, 0],
      [0.65471589962, 0.0014427430965, 0.34384135728, 0],
      [0.22443222831, 0.25693561947, 0.51863215222, 0],
      [0.04507966369, 0.47192333634, 0.46416439514, 0.018832604828]
    ],
    [
      [0, 0.56763476842, 0.43236523158, 0],
      [1.4439835275e-05, 0.97455152773, 0.024079393676, 0.0013546387583],
      [0, 0.34237560135, 0.65762439865, 0],
      [0.060738891067, 0.62372506263, 0.31359035228, 0.0019456940214],
      [0, 0.1021186829, 0.8978813171, 0],
      [0, 0.25812492951, 0.74187507049, 0],
      [0.0043156122017, 0.39247198887, 0.59549921593, 0.0077131829906]
    ],
    [
      [0.032693025018, 0.75902980116, 0.19043999558, 0.017837178242],
      [1.8577500133e-05, 0.9852519155, 0.010172476217, 0.0045570307864],
      [0, 0.55667845369, 0.40182221538, 0.041499330926],
      [0.10008255717, 0.75627741956, 0.13694054795, 0.0066994753152],
      [0.16865294242, 0.0055537225007, 0.72218322805, 0.10361010703],
      [0.042402673534, 0.46412727817, 0.45820397436, 0.035266073933],
      [0.0074619301545, 0.63102060339, 0.31101556828, 0.050501898176]
    ],
    [
      [0.11964015059, 0.31109233156, 0.56926751784, 0],
      [0.00010830872728, 0.94931829368, 0.050573397594, 0],
      [0.015885280644, 0.16919073473, 0.81492398462, 0],
      [0.37174150871, 0.25997382864, 0.36396775483, 0.0043169078266],
      [0.36240161911, 0.024327949614, 0.61327043128, 0],
      [0.099664471378, 0.10131487987, 0.79902064875, 0],
      [0.020473918107, 0.19631741887, 0.75809332766, 0.025115335362]
    ],
    [
      [0.35253257093, 0, 0.64746742907, 0],
      [0.00096207658021, 0.88399706948, 0.10343833509, 0.011602518853],
      [0.065109120561, 0.068670767116, 0.86332309861, 0.0028970137143],
      [0.82684769056, 0, 0.17315230944, 0],
      [0.70369542588, 0, 0.29630457412, 0],
      [0.31088470338, 0, 0.68911529662, 0],
      [0.086394338133, 0, 0.91360566187, 0]
    ],
    [
      [0.21888871609, 0.27151396976, 0.38179743356, 0.12779988059],
      [0.00024180665997, 0.8910665513, 0.042258679128, 0.066432962911],
      [0.036978668852, 0.2102066511, 0.71457248739, 0.038242192664],
      [0.56285027335, 0.20022187503, 0.20313437034, 0.03379348128],
      [0.43097846527, 0.00061424845352, 0.36148862516, 0.20691866112],
      [0.17827154794, 0.10571204381, 0.55275425699, 0.16326215126],
      [0.035094444928, 0.17162271944, 0.47741013093, 0.3158727047]
    ],
    [
      [0.15083105052, 0.15502060437, 0.53951018137, 0.15463816374],
      [0.000272987289, 0.57072423102, 0.29388205068, 0.13512073101],
      [0.021917743654, 0.10137947564, 0.83675119205, 0.039951588655],
      [0.45640249377, 0.14185122106, 0.35074392546, 0.051002359706],
      [0.34313701993, 0, 0.51270171467, 0.1441612654],
      [0.10030638112, 0.053575032635, 0.68617054371, 0.15994804254],
      [0.021472823278, 0.08713019689, 0.5841390428, 0.30725793703]
    ],
    [
      [0.4438327835, 0.1287353113, 0.41919386612, 0.0082380390813],
      [0.00045173363396, 0.94835108593, 0.051197180441, 0],
      [0.065028695358, 0.094095455308, 0.83810567129, 0.0027701780407],
      [0.83647956321, 0.04231274544, 0.12120769136, 0],
      [0.7345876409, 0.00021548968647, 0.26519686941, 0],
      [0.23114722924, 0.020184701112, 0.74866806965, 0],
      [0.086132436163, 0.1172819681, 0.77570808863, 0.020877507109]
    ],
    [
      [0.25557011415, 0.4703002715, 0.24325978976, 0.03086982459],
      [0.00017184371417, 0.97239711506, 0.017061611308, 0.010369429914],
      [0.049648012195, 0.41726797179, 0.52176243669, 0.011321579327],
      [0.58682888478, 0.28947102174, 0.11596628294, 0.0077338105416],
      [0.59248944788, 0.025249412816, 0.25428848926, 0.12797265004],
      [0.25966216873, 0.22197019372, 0.47008318956, 0.048284447983],
      [0.057037218647, 0.41916780914, 0.42841223807, 0.095382734142]
    ],
    [
      [0.26719197182, 0.25981620559, 0.47299182259, 0],
      [0.00030251493989, 0.93837476868, 0.054175830168, 0.0071468862155],
      [0.032726821837, 0.17968903196, 0.78758414621, 0],
      [0.62463910361, 0.16139007991, 0.21397081648, 0],
      [0.55174506066, 0.011835679068, 0.43641926027, 0],
      [0.20317062911, 0.11337342728, 0.68345594361, 0],
      [0.050717962184, 0.20573792856, 0.71428655561, 0.029257553648]
    ],
    [
      [0.37376286763, 0.20390503015, 0.35133952874, 0.070992573482],
      [0.00057247185493, 0.89027934445, 0.05562022002, 0.05352796367],
      [0, 0.14899778296, 0.7570077191, 0.093994497939],
      [0.72679264285, 0.11418589426, 0.14403068661, 0.014990776293],
      [0.60499866617, 0.00040709312511, 0.30296994859, 0.091624292116],
      [0.29724762614, 0.083380074883, 0.53170898167, 0.08766331731],
      [0.075445979672, 0.16765722318, 0.55327175864, 0.2036250385]
    ],
    [
      [0.13734770235, 0.53843902513, 0.23463401135, 0.089579261166],
      [6.7642474301e-05, 0.97636419301, 0.015531236954, 0.0080369275606],
      [0.019225293514, 0.49528879208, 0.4766432318, 0.008842682606],
      [0.29232798111, 0.54212821125, 0.15682892061, 0.0087148870225],
      [0.41580167105, 0.002755253192, 0.49702519081, 0.084417884947],
      [0.11312613952, 0.32911841766, 0.51345216605, 0.044303276777],
      [0.022251725799, 0.50647069313, 0.39730790008, 0.073969680987]
    ],
    [
      [0.37054179435, 0.2012846573, 0.38394846351, 0.044225084834],
      [0.00052049388242, 0.9062109784, 0.060351914639, 0.03291661308],
      [0.0086475193963, 0.14382098643, 0.779390974, 0.068140520174],
      [0.74775096602, 0.10110044468, 0.14251550443, 0.0086330848703],
      [0.65257730211, 0.00038505410351, 0.29335312283, 0.053684520958],
      [0.28715418515, 0.081474324792, 0.57765581631, 0.053715673744],
      [0.072357640788, 0.17086872278, 0.62523954334, 0.13153409309]
    ],
    [
      [0, 0.23780471412, 0.60698501747, 0.15521026841],
      [0, 0.88236677335, 0.060964834628, 0.056668392022],
      [0, 0.12393482121, 0.84521153547, 0.030853643317],
      [0, 0.2994544815, 0.50495787818, 0.19558764032],
      [0, 0.022190191251, 0.74252324829, 0.23528656046],
      [0, 0.099529574635, 0.78162369255, 0.11884673282],
      [0, 0.12202385772, 0.64242926478, 0.23554687751]
    ],
    [
      [0.40031400891, 0.10551587482, 0.37078355849, 0.12338655778],
      [0.00072740774862, 0.86740245906, 0.068888823684, 0.062981309503],
      [0.074415639901, 0.13826460399, 0.76329344999, 0.024026306124],
      [0.7548405263, 0.085401644943, 0.14559884429, 0.014158984471],
      [0.52038370102, 0, 0.34464023912, 0.13497605985],
      [0.30750311371, 0, 0.6087963328, 0.083700553488],
      [0.080413857254, 0.13060400287, 0.58725807874, 0.20172406114]
    ],
    [
      [0.21893187948, 0.50915004618, 0.2264245964, 0.045493477939],
      [0.00018005304983, 0.96372742924, 0.018365392377, 0.017727125335],
      [0.03159256047, 0.46954803422, 0.45564420158, 0.043215203735],
      [0.49592661736, 0.37223921051, 0.11942110723, 0.012413064895],
      [0.58950187499, 0.0017398225052, 0.31090937244, 0.097848930064],
      [0.22506939772, 0.26979709929, 0.43376911954, 0.071364383456],
      [0.049044629731, 0.44607267311, 0.37443669368, 0.13044600347]
    ],
    [
      [0.043424120123, 0.77201867492, 0.18455720496, 0],
      [0.013378023459, 0.97877892215, 0.0078430543948, 0],
      [0.011635143623, 0.5852715642, 0.40309329218, 0],
      [0.13936696387, 0.7275940723, 0.13303896383, 0],
      [0.35041233571, 0, 0.64958766429, 0],
      [0.066268434684, 0.39142589215, 0.53153597664, 0.01076969653],
      [0.011148798313, 0.63266898168, 0.34253018035, 0.01365203966]
    ],
    [
      [0.23371558231, 0.46602489886, 0.30025951883, 0],
      [0.00020280891127, 0.96904092521, 0.030756265876, 0],
      [0.044461149475, 0.39207135012, 0.56346750041, 0],
      [0.521108601, 0.32904049967, 0.14985089933, 0],
      [0.57828069709, 0.0082164971461, 0.41350280576, 0],
      [0.22701848109, 0.2530135158, 0.51996800312, 0],
      [0.053244312546, 0.4611198181, 0.48563586935, 0]
    ],
    [
      [0.097256793615, 0.54076213697, 0.32362462571, 0.038356443702],
      [6.9848991318e-05, 0.96452910733, 0.022532316448, 0.012868727227],
      [0.016754549577, 0.384295617, 0.5711147145, 0.027835118923],
      [0.27930568869, 0.49403266077, 0.21353121181, 0.013130438723],
      [0.32921950776, 0, 0.53664835978, 0.13413213247],
      [0.09444294137, 0.25658293391, 0.59186730189, 0.057106822835],
      [0.019316168518, 0.40704364917, 0.4753814839, 0.098258698406]
    ],
    [
      [0.080944401962, 0.74499616192, 0.15285783922, 0.021201596891],
      [4.2844179603e-05, 0.98682328228, 0.0079202671818, 0.005213606362],
      [0.016521125139, 0.64770183872, 0.32787915429, 0.0078978818496],
      [0.23513781287, 0.65731673312, 0.10031403672, 0.0072314172984],
      [0.46735390439, 0.0039960508682, 0.43157028738, 0.097079757367],
      [0.16077701065, 0.33867874669, 0.37864594151, 0.12189830115],
      [0.018822884765, 0.64740558125, 0.26835610785, 0.065415426138]
    ],
    [
      [0.049376321343, 0.6159980777, 0.17715216205, 0.15747343891],
      [3.1547350995e-05, 0.94492721793, 0.010888356156, 0.04415287856],
      [0.010464639074, 0.55284395849, 0.38141574885, 0.055275653585],
      [0.16736488483, 0.64066621259, 0.13416548732, 0.057803415259],
      [0.18589854826, 0.0023290179842, 0.31453601803, 0.49723641573],
      [0.079370656014, 0.33395030823, 0.41348118425, 0.17319785151],
      [0.0084044805741, 0.38503542455, 0.21776474167, 0.38879535321]
    ],
    [
      [0.33269117754, 0.28444071022, 0.32680799091, 0.056060121331],
      [0.0004322267143, 0.92193205045, 0.042605449189, 0.035030273647],
      [0.064925617866, 0.25025220687, 0.66490347143, 0.019918703833],
      [0.66418701442, 0.17602717288, 0.14675928356, 0.013026529138],
      [0.61577998455, 0.00065104601247, 0.30191201347, 0.081656955969],
      [0.21352019378, 0.12668075689, 0.54917710844, 0.11062194089],
      [0.07130489919, 0.24202924273, 0.52773588897, 0.15892996912]
    ],
    [
      [0.15997129639, 0.45259296072, 0.3548214039, 0.032614339],
      [0.00013183445339, 0.95858697834, 0.02851123085, 0.012769956356],
      [0.026758238252, 0.33397670044, 0.62930398786, 0.0099610734441],
      [0.4181662684, 0.36527879769, 0.14451312411, 0.072041809806],
      [0.44107993177, 0.0014291329698, 0.4866576639, 0.070833271358],
      [0.14352194324, 0.20192455996, 0.60938450058, 0.04516899621],
      [0.031624403038, 0.34839048653, 0.53418415003, 0.085800960396]
    ],
    [
      [0.11600748208, 0.68082048352, 0.17925444735, 0.023917587036],
      [6.7548488007e-05, 0.98287448321, 0.010461976266, 0.0065959920391],
      [0.054879391729, 0.52159904989, 0.36114647206, 0.062375086319],
      [0.31867078935, 0.56463818326, 0.10908711063, 0.0076039167638],
      [0.52885182213, 0.0031847366478, 0.38343919708, 0.084524244146],
      [0.14152899013, 0.40134446002, 0.41188572461, 0.045240825238],
      [0.026155028671, 0.59577227186, 0.30587713158, 0.072195567895]
    ],
    [
      [0.15658603398, 0.63234664973, 0.16725878711, 0.043808529175],
      [7.8476143908e-05, 0.98033214325, 0.0089534060005, 0.010635974606],
      [0.030806498166, 0.57120671024, 0.38183521272, 0.016151578877],
      [0.45219394833, 0.44269184342, 0.092853066788, 0.012261141461],
      [0.62182181914, 0.0017865207889, 0.25865200654, 0.11773965353],
      [0.22710501973, 0.2752933825, 0.30989290803, 0.18770868974],
      [0.033492334655, 0.52686478929, 0.28891955007, 0.15072332598]
    ],
    [
      [0.13955487643, 0.38624652305, 0.44934116047, 0.024857440041],
      [0.00014250167776, 0.94336612687, 0.044465751249, 0.012025620202],
      [0.021560934528, 0.26102899089, 0.71045257597, 0.0069574986129],
      [0.37699339355, 0.33537232485, 0.279547035, 0.0080872466079],
      [0.3800736409, 0.016193972897, 0.5687375874, 0.034994798801],
      [0.11431517483, 0.16154626905, 0.69312556162, 0.031012994498],
      [0.026384189089, 0.28350439943, 0.63063013382, 0.059481277663]
    ],
    [
      [0.36829766657, 0.36922806945, 0.26247426397, 0],
      [0.00024174367608, 0.97730267074, 0.019374375756, 0.0030812098279],
      [0.066259049273, 0.33796791228, 0.59577303845, 0],
      [0.76339796156, 0.15001410159, 0.086587936848, 0],
      [0.6459670935, 0.08709381524, 0.26693909126, 0],
      [0.3469324434, 0.17303919592, 0.48002836068, 0],
      [0.081589346093, 0.39778154514, 0.52062910877, 0]
    ],
    [
      [0.069249334344, 0.47621558145, 0.45453508421, 0],
      [1.465754339e-05, 0.041697506001, 0.0011528754242, 0.95713496103],
      [0.88296703727, 0.016877862966, 0.039857553372, 0.060297546392],
      [0.092837373481, 0.013810975836, 0.010467048729, 0.88288460195],
      [0.0013649416445, 1.0676686334e-06, 0.00037383805549, 0.99826015263],
      [0.001765118511, 0.00057745493705, 0.002191632804, 0.99546579375],
      [3.5860153896e-05, 7.4368041569e-05, 0.00016237862027, 0.99972739318]
    ],
    [
      [0.4380595821, 0.31066180898, 0.225584588, 0.025694020925],
      [0.00049880439634, 0.95809343528, 0.026766204238, 0.014641556089],
      [0, 0.33614923941, 0.61995315787, 0.043897602713],
      [0.75648918141, 0.15487902014, 0.083630335039, 0.0050014634139],
      [0.71451655079, 0.063778691481, 0.18814895059, 0.03355580714],
      [0.41325354987, 0.14816016479, 0.40138406703, 0.037202218306],
      [0.11476865185, 0.33349904446, 0.46063729502, 0.091095008677]
    ],
    [
      [0.068432026382, 0.30509099629, 0.57496943107, 0.051507546258],
      [5.1543404037e-05, 0.94601009885, 0.037303342256, 0.016635015494],
      [0.0091548686207, 0.1485788123, 0.83038362401, 0.011882695068],
      [0.22664538165, 0.3364836453, 0.41744669411, 0.019424278938],
      [0.12249263378, 0.035817195034, 0.62259924032, 0.21909093086],
      [0.047532289542, 0.089175018106, 0.80702268423, 0.056270008121],
      [0.011372249994, 0.1589694806, 0.71337524948, 0.11628301993]
    ],
    [
      [0.33127674977, 0.3342377673, 0.31112170411, 0.02336377882],
      [0.00039515548168, 0.94906853647, 0.037057019409, 0.013479288638],
      [0.0046765527662, 0.31705980819, 0.67577196965, 0.0024916693902],
      [0.64997214571, 0.20629823707, 0.13831332754, 0.0054162896753],
      [0.65549405088, 0.00082875461781, 0.30793248783, 0.035744706667],
      [0.2947924025, 0.1540406728, 0.51940864944, 0.031758275264],
      [0.076953222129, 0.30875063267, 0.54402468729, 0.07027145791]
    ],
    [
      [0.14246413114, 0, 0.85753586886, 0],
      [0.00032748413968, 0.83031009093, 0.15600101933, 0.013361405604],
      [0.047627394033, 0, 0.95237260597, 0],
      [0.53735820824, 0, 0.46264179176, 0],
      [0.2871765446, 0, 0.7128234554, 0],
      [0.1293381308, 0, 0.8706618692, 0],
      [0.021772178477, 0.065431728585, 0.89030072658, 0.022495366356]
    ],
    [
      [0.26444654255, 0.3276156113, 0.28297557368, 0.12496227247],
      [0.00022366088241, 0.92386773637, 0.02490346745, 0.051005135299],
      [0.050530349932, 0.29279761465, 0.61363866979, 0.043033365626],
      [0.62860161849, 0.20633203506, 0.13528583818, 0.029780508273],
      [0.51623591336, 0.054473733396, 0.22342289801, 0.20586745523],
      [0.22707413123, 0.13444911229, 0.46765670556, 0.17082005092],
      [0.045808899331, 0.22439685725, 0.38846263594, 0.34133160748]
    ],
    [
      [0.32010789248, 0.32356028392, 0.3563318236, 0],
      [0.00039900567808, 0.94831777115, 0.051283223176, 0],
      [0.0172359424, 0.27512436314, 0.70763969446, 0],
      [0.63736537284, 0.20813474738, 0.15449987978, 0],
      [0.63490458184, 0.024135880418, 0.34095953774, 0],
      [0.27769147434, 0.16594140151, 0.55636712415, 0],
      [0.073366145522, 0.33881908383, 0.58781477065, 0]
    ],
    [
      [0.27530031458, 0.38573419645, 0.30867965123, 0.030285837747],
      [0.00029198724991, 0.95183711123, 0.032499731477, 0.015371170042],
      [0.026628931155, 0.34288002428, 0.61838248998, 0.012108554579],
      [0.58179917835, 0.26047982061, 0.1500685089, 0.0076524921427],
      [0.60391198355, 0.0010761133969, 0.34266123901, 0.052350664045],
      [0.25074798898, 0.18213382364, 0.52504160582, 0.042076581556],
      [0.061432635603, 0.33946618481, 0.51237568266, 0.086725496934]
    ],
    [
      [0.45021659924, 0.25743377435, 0.27331027361, 0.01903935281],
      [0.00069869453501, 0.94228662543, 0.042623745258, 0.014390934781],
      [0, 0.27292760026, 0.72707239974, 0],
      [0.75568961047, 0.13627658987, 0.1042480398, 0.0037857598549],
      [0.74778704175, 0.00054245931236, 0.22727866606, 0.024391832875],
      [0.37490168109, 0.15904189844, 0.45457777546, 0.011478645007],
      [0.11916997665, 0.27204024941, 0.54386310257, 0.064926671376]
    ],
    [
      [0.16019205407, 0.398123596, 0.40191653734, 0.03976781258],
      [0.00016210475209, 0.94082027607, 0.039919575733, 0.019098043445],
      [0.030389579331, 0.28913439344, 0.65957168455, 0.020904342678],
      [0.41469633375, 0.33196826279, 0.24095585627, 0.012379547191],
      [0.4021833209, 0.0012721610584, 0.51669432638, 0.079850191664],
      [0.13610676003, 0.17432889819, 0.63810139009, 0.051462951687],
      [0.030884918649, 0.29942017142, 0.57208659383, 0.097608316101]
    ],
    [
      [0.18983834041, 0.2689967743, 0.49153690153, 0.04962798377],
      [0.00026851568954, 0.89768558021, 0.068487519693, 0.033558384409],
      [0.043886840811, 0.1401247593, 0.78284585747, 0.033142542424],
      [0.4828701344, 0.21759334449, 0.28466981129, 0.014866709823],
      [0.39486199072, 0.00072062966479, 0.52212503712, 0.082292342502],
      [0.14283982635, 0.10529583812, 0.6947790299, 0.057085305628],
      [0.034161159767, 0.19069344513, 0.659442117, 0.1157032781]
    ],
    [
      [0.30234662393, 0.31916043871, 0.34349984331, 0.034993094049],
      [0.000374329468, 0.93681323932, 0.042053227775, 0.020759203441],
      [0, 0.2669347196, 0.70302215493, 0.030043125467],
      [0.62184296619, 0.20839254631, 0.16123683323, 0.0085276542594],
      [0.59975704691, 0.00080319021725, 0.34481051683, 0.054629246051],
      [0.23918275196, 0.15121130453, 0.563724165, 0.045881778509],
      [0.065897133351, 0.27476734663, 0.56045649556, 0.098879024452]
    ],
    [
      [0.39546912621, 0.28509486041, 0.31943601338, 0],
      [0.00046590309537, 0.95619687412, 0.038096340438, 0.0052408823469],
      [0, 0.25256591167, 0.74743408833, 0],
      [0.70208816639, 0.17940382256, 0.11850801106, 0],
      [0.73387916298, 0.0097918386447, 0.25632899837, 0],
      [0.34005271972, 0.13631615745, 0.52363112283, 0],
      [0.092109862409, 0.2806553083, 0.60237260482, 0.024862224473]
    ],
    [
      [0.13845779019, 0, 0.61078792483, 0.25075428498],
      [0.00025996583142, 0.68782550408, 0.093095160587, 0.2188193695],
      [0.021531546482, 0.057436132656, 0.8539034698, 0.067128851066],
      [0.44824294753, 0.10528575536, 0.35779898838, 0.088672308734],
      [0.27109531724, 0, 0.50292099961, 0.22598368314],
      [0.089480586965, 0.034580342589, 0.62290067139, 0.25303839906],
      [0.017454592014, 0.049580698688, 0.47778560189, 0.45517910741]
    ],
    [
      [0.11309128199, 0.047082430039, 0.83192224169, 0.007904046276],
      [0.00020682914581, 0.87076084248, 0.12251272368, 0.0065196046958],
      [0.028828982975, 0, 0.97117101702, 0],
      [0.45357843071, 0, 0.54642156929, 0],
      [0.2660035389, 0, 0.7339964611, 0],
      [0.059146302475, 0.013355032401, 0.92150032821, 0.0059983369108],
      [0.015342672187, 0.023221311734, 0.94975066587, 0.011685350208]
    ],
    [
      [0.14432474876, 0.54197399953, 0.31370125171, 0],
      [0.0039576129086, 0.97587891172, 0.020163475375, 0],
      [0.028054321209, 0.42159722636, 0.55034845243, 0],
      [0.37945256626, 0.44479739362, 0.17575004012, 0],
      [0.50777596946, 0.0019911530694, 0.49023287747, 0],
      [0.15785421847, 0.2697111236, 0.57243465794, 0],
      [0.029473249511, 0.45636672953, 0.4838071087, 0.030352912257]
    ],
    [
      [0.10643605385, 0.22865856638, 0.66490537977, 0],
      [0.00014536375937, 0.90487587861, 0.089929998138, 0.0050487594919],
      [0.061854109607, 0.095622183518, 0.84252370687, 0],
      [0.33429381273, 0.22120270756, 0.44450347971, 0],
      [0.23647250932, 0.00063233048778, 0.76289516019, 0],
      [0.0702132333, 0.076050746595, 0.8537360201, 0],
      [0.01575038026, 0.14346175638, 0.82981345651, 0.010974406849]
    ],
    [
      [0.058071923841, 0, 0.94192807616, 0],
      [0.00014226584363, 0.81058975283, 0.18043535341, 0.0088326279115],
      [0.031203833844, 0, 0.96879616616, 0],
      [0.3526112511, 0, 0.6473887489, 0],
      [0.12235322924, 0, 0.87764677076, 0],
      [0.067427508681, 0, 0.93257249132, 0],
      [0.0082254291346, 0.056536717141, 0.92422719586, 0.011010657863]
    ],
    [
      [0.40469681335, 0, 0.43967650545, 0.15562668121],
      [0.00084317101755, 0.85485463523, 0.097121606326, 0.047180587423],
      [0.066754035147, 0, 0.85053103876, 0.082714926098],
      [0.77091029639, 0, 0.22028066211, 0.008809041492],
      [0.56462089347, 0, 0.38458332632, 0.050795780219],
      [0.29241284722, 0, 0.65760467988, 0.049982472899],
      [0.079645459398, 0.092062550818, 0.70111312404, 0.12717886574]
    ],
    [
      [0.44034143356, 0.3558643719, 0.20379419454, 0],
      [0.00038217285289, 0.98562769342, 0.013990133726, 0],
      [0.13437216264, 0.31678214058, 0.54884569678, 0],
      [0.97933606365, 0.010988080199, 0.0095516143541, 0.00012424179639],
      [0.98418062453, 0.00023372878147, 0.015585646686, 0],
      [0.64010288114, 0.089741995187, 0.26751147302, 0.0026436506546],
      [0.16967558822, 0.35540919447, 0.46931700517, 0.0055982121466]
    ],
    [
      [0.48468957905, 0.32308863682, 0.1590015199, 0.033220264228],
      [0, 0.97051165521, 0, 0.029488344786],
      [0.11536892283, 0.40694349654, 0.46173839992, 0.015949180712],
      [0.83333562495, 0.1131418102, 0.048232940461, 0.0052896243854],
      [0.67203697206, 0.071822796928, 0.099501139185, 0.15663909182],
      [0.49143633581, 0.15245792546, 0.30419506088, 0.051910677856],
      [0.12654855155, 0.38158401246, 0.35594139166, 0.13592604432]
    ],
    [
      [0.1772152293, 0.30078020547, 0.52200456522, 0],
      [0.00020896793958, 0.92951229722, 0.060936909631, 0.0093418252061],
      [0.027037523069, 0.18234647584, 0.79061600109, 0],
      [0.47366515504, 0.22634651719, 0.29998832776, 0],
      [0.4242681444, 0.00074609074916, 0.57498576485, 0],
      [0.15029972204, 0.10676582548, 0.74293445248, 0],
      [0.069123968256, 0.20443041021, 0.72644562154, 0]
    ],
    [
      [0.12142237952, 0.20976839977, 0.48981948017, 0.17898974054],
      [0.00013871183303, 0.85487069607, 0.053405345104, 0.091585246998],
      [0.018050823503, 0.1354777738, 0.80174234004, 0.044729062663],
      [0.39952027112, 0.20502564566, 0.3355331767, 0.059920906525],
      [0.27268848005, 0.0079010164931, 0.48170748601, 0.23770301744],
      [0.08294340871, 0.069451905009, 0.65208519296, 0.19551949332],
      [0.016354582078, 0.10263219837, 0.50066633569, 0.38034688386]
    ],
    [
