{
  "Z_true": {},
  "V_true": [
    [14, 18, 246, 155, 40],
    [3, 431, 130, 77, 10],
    [418, 26, 120, 116, 16],
    [175, 77, 848, 522, 62],
    [14, 59, 3564, 147, 121],
    [24, 75, 310, 4948, 95],
    [104, 166, 449, 389, 102]
  ],
  "p_true": [
    [0.0296, 0.0381, 0.5201, 0.3277, 0.0846],
    [0.0046, 0.6621, 0.1997, 0.1183, 0.0154],
    [0.6006, 0.0374, 0.1724, 0.1667, 0.023],
    [0.1039, 0.0457, 0.5036, 0.31, 0.0368],
    [0.0036, 0.0151, 0.9127, 0.0376, 0.031],
    [0.0044, 0.0138, 0.0569, 0.9076, 0.0174],
    [0.086, 0.1372, 0.3711, 0.3215, 0.0843]
  ],
  "Z_est": [
    [
      [3.5108, 1.5385, 1.7752, 1.4201, 1.7752, 1.4201, 1.3018, 1.1834, 0.9828, 2.8403, 0.5917, 1.5385, 1.4201, 0.2367, 0.9948, 1.7752, 3.1953, 1.0651, 1.0651, 0.9468, 2.2486, 0.4734, 1.6568, 1.0651, 2.9586, 1.3018, 1.7752, 0.9468, 1.1834, 1.9828, 1.9655, 0.7392, 2.0119, 0.2367, 2.4852, 3.9054],
      [0.7632, 0.0026, 0.003, 0.0024, 0.003, 0.0024, 0.0022, 0.002, 0.0016, 0.0047, 0.001, 0.0026, 0.0024, 0.0004, 0.0026, 0.003, 0.0053, 0.0018, 0.0018, 0.0016, 0.0037, 0.0008, 0.0028, 0.0018, 0.0049, 0.0022, 0.003, 0.0016, 0.002, 0.0016, 0.0031, 0.001, 0.0033, 0.0004, 0.0041, 0.0065],
      [0.0031, 0.0018, 0.002, 0.0016, 0.002, 0.0016, 0.0015, 0.0014, 0.0011, 0.0033, 0.0007, 0.0018, 0.0016, 0.0003, 0.0018, 0.002, 0.0037, 0.0012, 0.0012, 0.0011, 0.0026, 0.0005, 0.0019, 0.0012, 0.0034, 0.0015, 0.002, 0.0011, 0.0014, 0.0011, 0.0022, 0.0007, 0.0023, 0.0003, 0.0029, 0.0045],
      [5.7919, 4.4924, 3.7773, 3.0219, 3.7773, 3.0219, 2.77, 2.5182, 2.0146, 6.0437, 1.2591, 3.2737, 3.0219, 0.5036, 3.8173, 3.7773, 6.7992, 2.2664, 2.2664, 2.0146, 4.7846, 1.0073, 3.5255, 2.2664, 6.2955, 2.77, 3.7773, 2.0146, 2.5182, 2.0146, 4.0291, 1.2591, 4.281, 0.5036, 5.2882, 8.3101],
      [12.931, 6.9648, 9.4425, 7.554, 9.4425, 7.554, 6.9245, 6.295, 5, 15.108, 3.1475, 8.1835, 7.554, 1.259, 8.1835, 9.4425, 16.9965, 5.6655, 5.6655, 5.036, 11.9605, 2.518, 8.813, 5.6655, 15.7375, 6.9245, 9.4425, 5.036, 6.295, 4, 10, 3, 10.7015, 1.259, 13.2195, 20.7735]
    ],
    [
      [0, 0, 0, 0, 0, 0, 0, 0, 0, 0, 0, 0, 0, 0, 0, 0, 0, 0, 0, 0, 0, 0, 0, 0, 0, 0, 0, 0, 0, 0, 0, 0, 0, 0, 0, 0],
      [4.4182, 7.3636, 12.5181, 8.1, 17.6727, 16.9363, 10.3091, 3.6818, 11.7818, 21.3545, 9.5727, 12.5181, 12.5181, 2.9454, 11.0454, 8.1, 23.5636, 5.1545, 10.3091, 12.5181, 17.6727, 18.409, 16.9363, 16.1999, 12.5181, 5.8909, 17.6727, 13.2545, 14.7272, 5.1545, 3.6818, 5.8909, 8.8363, 6.6272, 8.8363, 84.6815],
      [1.5818, 2.6364, 4.4819, 2.9, 6.3273, 6.0637, 3.6909, 1.3182, 4.2182, 7.6455, 3.4273, 4.4819, 4.4819, 1.0546, 3.9546, 2.9, 8.4364, 1.8455, 3.6909, 4.4819, 6.3273, 6.591, 6.0637, 5.8001, 4.4819, 2.1091, 6.3273, 4.7455, 5.2728, 1.8455, 1.3182, 2.1091, 3.1637, 2.3728, 3.1637, 30.3185],
      [0, 0, 0, 0, 0, 0, 0, 0, 0, 0, 0, 0, 0, 0, 0, 0, 0, 0, 0, 0, 0, 0, 0, 0, 0, 0, 0, 0, 0, 0, 0, 0, 0, 0, 0, 0],
      [0, 0, 0, 0, 0, 0, 0, 0, 0, 0, 0, 0, 0, 0, 0, 0, 0, 0, 0, 0, 0, 0, 0, 0, 0, 0, 0, 0, 0, 0, 0, 0, 0, 0, 0, 0]
    ],
    [
      [6.0052, 4.0034, 7.5064, 3.503, 9.0077, 8.6911, 14.5125, 7.006, 8.5129, 10.509, 8.0069, 9.0077, 12.5107, 6.0052, 6.0052, 13.0112, 15.5133, 6.0052, 4.0034, 9.0077, 13.5116, 8.5073, 6.0052, 9.5082, 8.0069, 2.5021, 12.0103, 6.0052, 8.0069, 7.006, 11.0094, 3.5053, 8.0069, 2.5021, 7.5064, 61.5528],
      [0.0008, 0.0005, 0.001, 0.0005, 0.0012, 0, 0.0019, 0.0009, 0.0011, 0.0014, 0.001, 0.0012, 0.0016, 0.0008, 0.0008, 0.0017, 0.0088, 0.0008, 0.0005, 0.0012, 0.0017, 0.0011, 0.0008, 0.0012, 0.001, 0.0003, 0.0015, 0.0008, 0.001, 0.0055, 0.0014, 0.0005, 0.001, 0.0003, 0.001, 0.0079],
      [5.9778, 3.9852, 7.4723, 3.4871, 8.9667, 17.7138, 14.4464, 6.9741, 8.4686, 10.4612, 7.9704, 8.9667, 12.4538, 5.9778, 5.9778, 12.952, 15.4427, 5.9778, 3.9852, 8.9667, 13.4501, 8.4686, 5.9778, 9.4649, 7.9704, 2.4908, 11.9557, 5.9778, 7.9704, 6.9741, 10.9667, 3.4871, 7.9704, 2.4908, 7.4723, 61.2728],
      [0.0123, 0.0082, 0.0153, 0.0072, 0.0184, 0.5862, 0.0296, 0.0143, 0.0174, 0.0215, 0.0164, 0.0184, 0.0255, 0.0123, 0.0123, 0.0266, 0.0317, 0.0123, 0.0082, 0.0184, 0.0276, 0.0174, 0.0123, 0.0194, 0.0164, 0.0051, 0.0245, 0.0123, 0.0164, 0.0143, 0.0225, 0.0072, 0.0164, 0.0051, 0.0153, 0.1257],
      [0.004, 0.0027, 0.005, 0.0023, 0.006, 0.0089, 0.0096, 0.0046, 0, 0.007, 0.0053, 0.006, 0.0083, 0.004, 0.004, 0.0086, 0.0035, 0.004, 0.0027, 0.006, 0.0089, 0.0056, 0.004, 0.0063, 0.0053, 0.0017, 0.008, 0.004, 0.0053, 0, 0, 0, 0.0053, 0.0017, 0.005, 0.0408]
    ],
    [
      [0.2047, 0.1023, 0.307, 0.6141, 2.4563, 2.2516, 11.3466, 3.3774, 4.7199, 4.7079, 1.7087, 1.1944, 5.4319, 4.4008, 0, 2.8657, 8.6993, 0.3555, 5.7905, 2.2516, 5.1172, 1.8784, 6.5501, 6.243, 8.4775, 0, 8.6993, 3.5368, 6.243, 2.0469, 4.9896, 2.4563, 4.7699, 5.541, 5.1172, 24.1534],
      [0.1579, 0.0789, 0.2368, 0.4736, 1.8945, 1.7366, 0, 0, 2.7627, 3.631, 1.5543, 3.5189, 4.5783, 3.3942, 5.2098, 2.2102, 6.7095, 2.3681, 4.8788, 0.4791, 3.9468, 0.0248, 5.0519, 4.8151, 6.3874, 0, 6.7095, 4.8315, 4.8151, 1.5787, 2.9206, 0, 5.8412, 2.0657, 3.9468, 22.1688],
      [0.8889, 0.4444, 1.3333, 2.6666, 10.8953, 9.7777, 25.7775, 17.2714, 15.5554, 20.4442, 7.9999, 11.5554, 26.2815, 19.1109, 29.333, 12.4443, 37.7773, 16.048, 26.847, 11.0351, 22.222, 28.4407, 28.4441, 27.1108, 36.444, 18.3659, 37.7773, 21.3331, 27.1108, 8.8888, 16.4443, 10.6665, 32.8885, 17.3331, 22.222, 104.8877],
      [0.6835, 0.3418, 1.0253, 2.0506, 8.2025, 7.5189, 19.8226, 11.2784, 11.9619, 15.7214, 6.1519, 8.886, 19.8226, 14.6961, 28.8676, 9.5696, 31.8138, 10.2531, 20.1644, 7.5189, 17.0885, 27.7055, 21.8733, 20.848, 28.0251, 9.5696, 29.0504, 16.7381, 20.848, 7.4856, 12.6455, 10.8772, 25.291, 13.329, 17.0885, 80.6669],
      [0.065, 0.0325, 0.0975, 0.1951, 0.5515, 0.7152, 1.0532, 1.0728, 0, 1.4955, 0.5852, 0.8453, 1.8856, 1.398, 2.5897, 0.9103, 0, 0.9753, 1.3192, 0.7152, 1.6255, 1.9506, 2.0807, 1.9831, 2.6659, 0.0645, 2.7634, 1.5605, 1.9831, 0, 0, 0, 5.2094, 0.7312, 1.6255, 4.1233]
    ],
    [
      [0.8757, 1.2692, 0, 0, 2.0202, 0, 3.2703, 0.8884, 4.5994, 1.6118, 0, 0, 0, 0.9519, 0, 1.1169, 0.5696, 0, 0, 0, 1.9744, 0, 1.2945, 8.1057, 1.9291, 0, 3.0335, 0, 1.7514, 0.9265, 1.9214, 2.1471, 0, 0.8757, 2.6336, 7.5951],
      [4.0372, 0, 0, 8.0161, 0, 0, 0, 0, 3.8495, 1.908, 7.4919, 0.9605, 1.923, 0.6673, 1.4873, 1.3221, 3.3432, 0.9816, 2.3136, 0, 5.6043, 0, 1.5324, 1.5624, 0, 0, 1.6376, 1.1268, 4.9832, 2.0574, 0.506, 0, 1.923, 0, 0.2765, 8.5541],
      [53.9052, 91.8407, 120.5941, 66.9328, 125.5641, 69.0431, 89.0855, 65.3402, 38.2051, 116.6377, 43.5987, 32.0797, 119.1807, 68.9343, 90.3611, 80.8198, 135.9243, 102.7925, 151.6864, 119.2114, 76.6263, 99.188, 93.6775, 87.8885, 132.817, 65.6964, 87.9257, 68.8805, 110.4498, 54.7716, 66.1253, 77.1462, 117.5561, 63.3701, 96.4328, 439.9171],
      [10.1818, 6.8901, 6.1763, 5.5652, 6.4157, 3.543, 4.6442, 3.3515, 2.346, 6.0806, 2.5854, 9.7019, 6.1284, 3.5909, 4.74, 4.2133, 8.1629, 0, 0, 6.0327, 4.2612, 8.1641, 4.8836, 4.9794, 16.342, 3.3036, 9.8183, 4.5428, 19.9876, 15.2445, 3.4472, 4.7067, 6.1284, 4.7542, 5.0272, 22.9338],
      [0, 0, 2.2296, 0.4859, 0, 1.4139, 0, 0.4199, 0, 0.7619, 0.324, 0.258, 0.7679, 0.8556, 2.4116, 0.5279, 0, 0.2259, 0, 0.7559, 0.5339, 0.6479, 0.6119, 1.464, 0.9119, 0, 6.585, 0.4499, 0.8279, 0, 0, 0, 2.3924, 0, 0.6299, 0]
    ],
    [
      [1.8294, 0.7013, 0, 0, 1.4108, 0, 4.5505, 1.9938, 0.7281, 0.4419, 0, 0, 0, 0.2091, 0, 0.7124, 0, 0, 0, 0, 4.2592, 0, 1.0376, 9.3779, 2.1721, 0, 1.7111, 0, 1.7927, 1.2778, 3.9738, 0.7281, 0, 1.4592, 7.4943, 18.2146],
      [1.9926, 0, 0, 1.4871, 0, 0, 0, 0, 2.1922, 0.9555, 2.2259, 0.9021, 1.251, 0, 0.1092, 7.1698, 2.3198, 0.8724, 0.9319, 0, 1.6258, 0, 6.3874, 7.5891, 0, 0, 5.3631, 1.2689, 6.4395, 0.9443, 0, 0, 7.0486, 0, 0, 6.9693],
      [0, 3.0855, 9.0766, 0, 11.5889, 4.8104, 6.4435, 9.2688, 0, 18.4363, 0, 0, 11.4116, 8.5534, 0, 3.0528, 4.2207, 12.6919, 27.2346, 13.119, 0, 4.7566, 1.5517, 0, 0, 4.7312, 0, 1.9646, 0, 1.9702, 7.3204, 3.1302, 3.587, 1.427, 2.4262, 16.9177],
      [197.1779, 155.2132, 162.7088, 147.7666, 142.0003, 95.8914, 110.006, 71.5406, 77.0797, 118.5498, 81.8401, 89.398, 165.5628, 105.7612, 217.0907, 110.9692, 227.4595, 73.3157, 65.8335, 116.4045, 148.2551, 161.3782, 89.5474, 128.1621, 185.163, 74.2688, 176.741, 121.8258, 142.8969, 65.8078, 70.7058, 76.1417, 208.6921, 87.1138, 117.5698, 660.8984],
      [0, 0, 2.2146, 0.7463, 0, 1.2982, 0, 6.1968, 0, 1.6165, 1.934, 0.6998, 0.7745, 1.4764, 2.8001, 9.0958, 0, 1.12, 0, 1.4765, 9.8599, 2.8652, 4.4759, 1.871, 8.6649, 0, 4.1848, 2.9407, 0.8708, 0, 0, 0, 6.6724, 0, 6.5097, 0]
    ],
    [
      [1.5742, 1.3853, 1.4113, 2.4628, 2.3298, 1.6372, 3.0183, 2.5509, 1.4568, 1.8891, 0.6927, 1.2594, 1.6372, 1.1964, 0, 2.5188, 3.0225, 1.5742, 2.1409, 0.7939, 1.8891, 2.1409, 2.4558, 1.7002, 2.4558, 1.1961, 2.7706, 1.5113, 3.0225, 0.7601, 1.1401, 2.424, 3.2114, 1.3853, 1.7631, 10.5788],
      [2.6301, 1.5544, 2.2411, 4.9205, 3.4288, 2.3248, 2.6869, 2.3153, 2.4111, 3.145, 1.1532, 2.0966, 2.7256, 1.9918, 3.145, 4.1933, 5.0498, 2.6208, 3.5643, 0, 3.145, 3.5643, 4.0885, 2.8305, 4.0885, 0.1066, 4.6126, 2.516, 5.032, 1.258, 1.887, 1.1077, 5.3465, 2.3063, 2.9353, 17.6119],
      [13.6431, 12.0059, 17.0398, 24.0119, 20.6556, 14.5897, 18.5546, 15.826, 12.5517, 16.3717, 6.003, 10.9145, 14.1888, 10.3688, 16.3717, 21.829, 26.1948, 13.6431, 18.5546, 19.1848, 16.3717, 18.5546, 21.2833, 14.7346, 21.2833, 14.6051, 24.0119, 13.0974, 26.1948, 6.5487, 9.823, 11.4602, 27.832, 12.0059, 15.2803, 91.6817],
      [7.1526, 7.0544, 8.297, 12.5885, 10.5858, 7.4387, 9.7275, 8.297, 6.5804, 8.5831, 3.1471, 5.7221, 7.4387, 5.4359, 10.4721, 11.4441, 13.7329, 7.1526, 9.7275, 8.0109, 8.5831, 9.7275, 11.158, 7.7248, 11.158, 9.0829, 12.5885, 6.8665, 13.7329, 3.4332, 5.1498, 6.0082, 14.5912, 6.2943, 8.0109, 48.0652],
      [0, 0, 0.0108, 0.0164, 0, 0.0097, 0.0126, 0.0108, 0, 0.0111, 0.0041, 0.0074, 0.0097, 0.0071, 0.0111, 0.0149, 0, 0.0093, 0.0126, 0.0104, 0.0111, 0.0126, 0.0145, 0.01, 0.0145, 0.0093, 0.0164, 0.0089, 0.0178, 0, 0, 0, 0.019, 0.0082, 0.0104, 0.0624]
    ]
  ],
  "V_est": [
    [57.5139, 0.8517, 0.0642, 120.8738, 293.6964],
    [0, 479.371, 171.629, 0, 0],
    [343.4863, 0.0546, 350.9853, 1.2698, 0.204],
    [158.606, 120.9772, 764.0667, 595.4811, 44.869],
    [51.3613, 68.065, 3520.2064, 238.8746, 26.4927],
    [66.0757, 66.0455, 192.7767, 5046.7372, 80.3649],
    [74.9568, 116.6349, 667.2716, 350.7636, 0.3731]
  ],
  "p_est": [
    [0.1216, 0.0018, 0.0001, 0.2555, 0.6209],
    [0, 0.7364, 0.2636, 0, 0],
    [0.4935, 0.0001, 0.5043, 0.0018, 0.0003],
    [0.0942, 0.0718, 0.4537, 0.3536, 0.0266],
    [0.0132, 0.0174, 0.9015, 0.0612, 0.0068],
    [0.0121, 0.0121, 0.0354, 0.9257, 0.0147],
    [0.0619, 0.0964, 0.5515, 0.2899, 0.0003]
  ],
  "EI_Z": {},
  "EI_V": 8.763,
  "MAE_Z": {},
  "MAE_V": 70.4594,
  "MAE_p": 0.0806,
  "runtime": 1.4513
}
