{
  "X": [
    [11, 48, 30, 85, 62, 6],
    [48, 55, 47, 129, 188, 2],
    [29, 32, 30, 163, 217, 11],
    [22, 29, 38, 183, 191, 5],
    [38, 18, 31, 159, 180, 8],
    [20, 41, 53, 144, 161, 7],
    [21, 54, 61, 115, 143, 12],
    [20, 59, 67, 152, 204, 3],
    [35, 31, 30, 185, 233, 10],
    [42, 15, 33, 192, 249, 7],
    [20, 31, 39, 180, 241, 22],
    [31, 36, 40, 211, 227, 10],
    [22, 24, 30, 114, 178, 8],
    [23, 5, 25, 143, 220, 6],
    [19, 30, 24, 141, 223, 5],
    [16, 16, 47, 159, 160, 6],
    [29, 40, 41, 169, 172, 6],
    [39, 20, 38, 137, 256, 7],
    [30, 18, 73, 141, 211, 5],
    [40, 14, 58, 141, 178, 9],
    [52, 12, 52, 132, 166, 8],
    [41, 37, 42, 123, 101, 11],
    [42, 33, 37, 153, 90, 9],
    [35, 55, 66, 207, 222, 11],
    [13, 46, 88, 102, 132, 14],
    [13, 48, 61, 145, 127, 13],
    [18, 33, 46, 140, 157, 10],
    [27, 26, 28, 133, 160, 13],
    [31, 37, 44, 123, 159, 8],
    [35, 10, 17, 110, 190, 7],
    [30, 35, 54, 184, 181, 11],
    [17, 77, 79, 123, 130, 10],
    [9, 102, 69, 120, 115, 7],
    [23, 108, 103, 134, 156, 12],
    [9, 24, 67, 93, 116, 4],
    [12, 16, 14, 92, 108, 6],
    [19, 14, 14, 103, 125, 6],
    [8, 13, 29, 143, 141, 5],
    [19, 12, 28, 154, 141, 11],
    [13, 7, 24, 118, 154, 6],
    [39, 13, 11, 156, 162, 5],
    [20, 3, 8, 143, 149, 7],
    [8, 67, 53, 109, 87, 4],
    [34, 60, 45, 148, 150, 2],
    [11, 74, 50, 96, 70, 11],
    [35, 12, 14, 130, 219, 8],
    [29, 21, 41, 168, 193, 11],
    [31, 37, 43, 180, 197, 9],
    [25, 31, 27, 227, 230, 13],
    [40, 9, 27, 124, 182, 6],
    [42, 31, 32, 197, 179, 6],
    [46, 29, 26, 154, 180, 9],
    [53, 30, 25, 169, 173, 6],
    [23, 15, 18, 99, 135, 5],
    [8, 37, 37, 61, 79, 4],
    [141, 439, 450, 1133, 1521, 98]
  ],
  "W": [
    [17, 18, 44, 18, 72, 54, 19],
    [14, 36, 45, 42, 117, 164, 51],
    [16, 27, 24, 15, 146, 189, 65],
    [25, 16, 25, 26, 157, 156, 63],
    [17, 30, 20, 22, 148, 161, 36],
    [15, 53, 30, 37, 127, 120, 44],
    [25, 49, 37, 39, 94, 112, 50],
    [21, 35, 48, 46, 145, 169, 41],
    [16, 38, 16, 20, 170, 198, 66],
    [17, 31, 9, 26, 177, 230, 48],
    [16, 42, 27, 28, 150, 199, 71],
    [22, 47, 36, 31, 180, 178, 61],
    [9, 24, 12, 21, 111, 156, 43],
    [8, 17, 6, 14, 126, 192, 59],
    [13, 27, 17, 15, 118, 185, 67],
    [6, 32, 18, 33, 136, 124, 55],
    [29, 43, 37, 25, 149, 126, 48],
    [8, 22, 22, 35, 134, 224, 52],
    [12, 32, 14, 56, 125, 188, 51],
    [7, 25, 7, 45, 131, 158, 67],
    [3, 20, 9, 45, 125, 155, 65],
    [8, 33, 38, 25, 111, 86, 54],
    [11, 22, 28, 28, 137, 82, 56],
    [27, 35, 54, 54, 183, 174, 69],
    [30, 38, 39, 76, 84, 101, 27],
    [29, 36, 37, 43, 110, 92, 60],
    [10, 30, 35, 41, 116, 128, 44],
    [16, 31, 17, 23, 116, 138, 46],
    [13, 36, 34, 29, 115, 142, 33],
    [5, 25, 12, 10, 101, 158, 58],
    [17, 57, 29, 26, 146, 150, 70],
    [20, 46, 71, 66, 110, 83, 40],
    [21, 48, 93, 56, 98, 70, 36],
    [28, 60, 93, 67, 122, 105, 61],
    [12, 26, 20, 50, 81, 94, 30],
    [3, 15, 16, 10, 80, 103, 21],
    [2, 9, 11, 13, 88, 119, 39],
    [5, 13, 9, 22, 127, 131, 32],
    [5, 16, 10, 20, 138, 122, 54],
    [3, 23, 3, 18, 103, 140, 32],
    [7, 14, 9, 5, 139, 153, 59],
    [4, 17, 2, 10, 121, 136, 40],
    [33, 28, 65, 46, 89, 42, 25],
    [25, 32, 57, 30, 135, 115, 45],
    [46, 19, 64, 34, 76, 46, 27],
    [4, 23, 8, 9, 110, 202, 62],
    [27, 21, 16, 22, 154, 168, 55],
    [27, 35, 25, 31, 153, 180, 46],
    [14, 31, 23, 20, 182, 207, 76],
    [8, 18, 9, 17, 112, 176, 48],
    [13, 28, 21, 25, 163, 165, 72],
    [11, 25, 23, 22, 142, 175, 46],
    [9, 16, 27, 13, 148, 170, 73],
    [12, 13, 9, 12, 83, 123, 43],
    [27, 22, 38, 16, 49, 54, 20],
    [136, 294, 366, 344, 960, 1238, 444]
  ],
  "method": "mvn_pdf",
  "cond_prob": [
    [
      [0.038036824075, 0.23903134421, 0.34986910593, 0.24615391483, 0.082187778499, 0.044721032446],
      [0.17377456661, 0.10744926656, 0.25192166614, 0.097262842574, 0.22893878073, 0.14065287738],
      [2.8746208238e-12, 0.92382871868, 0.0013351068168, 0.044894940473, 0.028804046688, 0.0011371873359],
      [0.00024423677472, 0.0085579436322, 0.93198462245, 0.0046068086466, 0.04187239425, 0.012733994248],
      [0.0034952751738, 0.0034997748225, 0.0014972490333, 0.90227946818, 0.077408531872, 0.011819700923],
      [0.00013262162759, 0.00081265453056, 0.0017762923862, 0.15034527628, 0.83804309457, 0.0088900606129],
      [0.36643232364, 0.047579295311, 0.13049713607, 0.20650451145, 0.19121511369, 0.057771619832]
    ],
    [
      [0.1220011892, 0.32510255, 0.20931482189, 0.2118619392, 0.11322351794, 0.018495981779],
      [0.42462286752, 0.1114362786, 0.11558126951, 0.06411487226, 0.24064974602, 0.043594966086],
      [7.0215139042e-12, 0.93947956135, 0.00061845922967, 0.029392035908, 0.030509943506, 0],
      [0.0012481769335, 0.01855345899, 0.87307811344, 0.0063640233716, 0.096669620691, 0.0040866065713],
      [0, 0.0013265076593, 0.0018646057459, 0.85491275164, 0.14189613495, 0],
      [0, 0.00086378822851, 0.00084917226003, 0.1012236777, 0.89706336181, 0],
      [0.6069242488, 0.060473922871, 0.055963377225, 0.1080468974, 0.1685915537, 0]
    ],
    [
      [0.043441611317, 0.24946227107, 0.29003783831, 0.24176136221, 0.12630043543, 0.048996481669],
      [0.17573070751, 0.10030858952, 0.18723329283, 0.085762271216, 0.3146081039, 0.13635703502],
      [3.1347935167e-12, 0.91376623522, 0.0010664053297, 0.04193079892, 0.042044690867, 0.0011918696579],
      [0.00032774338135, 0.010498803427, 0.89179266711, 0.0053422657133, 0.075653297678, 0.016385222689],
      [0, 0.00089249831041, 0.0022498576242, 0.85429719057, 0.13476736193, 0.0077930915666],
      [0, 0.0010741853956, 0.0015316697859, 0.10207231498, 0.88748052093, 0.0078413089076],
      [0.362389061, 0.044293450093, 0.096671494513, 0.18016471335, 0.26047767514, 0.056003605899]
    ],
    [
      [0.036814991525, 0.1725125272, 0.26128569503, 0.34280221485, 0.15849258964, 0.028091981758],
      [0.1516554293, 0.070997043801, 0.17196817866, 0.12373749102, 0.40230973854, 0.07933211867],
      [3.5725487937e-12, 0.84703950901, 0.0012961399151, 0.079849514103, 0.07089403959, 0.00092079737807],
      [0.00030148769954, 0.0079501894253, 0.87031217312, 0.0082100020889, 0.10300907615, 0.010217071517],
      [0.00016015871417, 0.0016454704249, 0.0041570570212, 0.87129625596, 0.1207645154, 0.001976542486],
      [7.0992220412e-05, 0.00032558737671, 0.00074332634671, 0.11518403104, 0.88057537872, 0.0031006842989],
      [0.29538222156, 0.029514460022, 0.083924284197, 0.24568612442, 0.31460880119, 0.030884108611]
    ],
    [
      [0.16249129059, 0.10645467038, 0.27318140452, 0.27645636144, 0.13371117415, 0.047705098915],
      [0.4597869595, 0, 0.12145992898, 0.067617627791, 0.22981846449, 0.12131701924],
      [2.380871749e-11, 0.80708416994, 0.0020475928018, 0.097736613476, 0.090766831896, 0.0023647918661],
      [0.0012850061871, 0.0022085093063, 0.88646048825, 0.0064187408856, 0.084251471009, 0.019375784365],
      [0, 0, 0.001869771903, 0.86427994873, 0.12634862763, 0.0075016517341],
      [0, 0, 0.00091696676142, 0.11030068858, 0.88256169867, 0.006220645985],
      [0.59488247607, 0, 0.076241049058, 0.12510903275, 0.17698490913, 0.026782532987]
    ],
    [
      [0.030677534199, 0.27251144613, 0.27764121557, 0.26423096182, 0.1292916669, 0.025647175385],
      [0.13000330861, 0.12196113971, 0.19958388874, 0.10726466986, 0.36230681102, 0.078880182061],
      [2.0570402244e-12, 0.91600684891, 0.00095098414827, 0.042507764579, 0.039953218992, 0.00058118336919],
      [0.00024348546203, 0.012075295917, 0.89100200917, 0.0061331385105, 0.081499928236, 0.0090461427093],
      [0, 0.00046940429608, 0.0042783257115, 0.86597486683, 0.12759227867, 0.0016851244893],
      [0, 0.00063028948778, 0.0010484709208, 0.10943427241, 0.88539596516, 0.0034910020191],
      [0.28728756064, 0.054230622799, 0.10437881645, 0.22132791434, 0.29983033834, 0.032944747415]
    ],
    [
      [0.02759099541, 0.32300725904, 0.30043095389, 0.21174189816, 0.099650699295, 0.0375781942],
      [0.12902969226, 0.15071618061, 0.22510412162, 0.086899540627, 0.28741138748, 0.12083907741],
      [1.618326489e-12, 0.94156294831, 0.00090017888942, 0.029836915836, 0.026956290865, 0.00074366610045],
      [0.00020732002145, 0.013555929537, 0.90953782787, 0.0046591498694, 0.059507571121, 0.012532201577],
      [0, 0, 0.0027066842402, 0.86637898816, 0.12270446587, 0.0082098617303],
      [0, 0, 0.0013574354892, 0.11279473418, 0.8782326377, 0.0076151926342],
      [0.27959369426, 0.0634643067, 0.13094762388, 0.20180134417, 0.26422242564, 0.05997060534]
    ],
    [
      [0.03246527024, 0.28215191432, 0.37397121212, 0.18415808673, 0.11002877134, 0.017224745251],
      [0.15042657412, 0.13014542673, 0.27646655323, 0.074791109687, 0.31369696127, 0.054473374959],
      [2.1539354501e-12, 0.93523551398, 0.0012621086168, 0.029413813158, 0.034088564238, 0],
      [0.00019950030054, 0.0096876835394, 0.928365866, 0.0033174265892, 0.05842952357, 0],
      [0.00027732250668, 0.001306461843, 0.003738765793, 0.83991258551, 0.15476486435, 0],
      [0.0020201021785, 0.0031131323074, 5.0109106629e-05, 0.091031005212, 0.9037856512, 0],
      [0.33323202891, 0.060176229817, 0.15010425985, 0.16534053427, 0.27330030749, 0.017846639663]
    ],
    [
      [0.046948983674, 0.36586910734, 0.19820021788, 0.23181629938, 0.12175374595, 0.03541164577],
      [0.20029809253, 0.15441731345, 0.1352446634, 0.086719711672, 0.31974294391, 0.10357727503],
      [2.3971043565e-12, 0.94181306564, 0.00051898775197, 0.028410321594, 0.028647063882, 0.00061056112833],
      [0.00049618034946, 0.02141957827, 0.85201035512, 0.0071823647128, 0.10227128196, 0.016620239586],
      [0.00032500503289, 0, 0.0011911415552, 0.85530842063, 0.13571494892, 0.0074604838648],
      [0.00011912230917, 0, 0, 0.10275622304, 0.8911615116, 0.0059631430453],
      [0.40225345553, 0.057285390239, 0.067249914148, 0.1765032433, 0.25570316547, 0.041004831313]
    ],
    [
      [0.12488706686, 0.19567811924, 0.23484597531, 0.2735309272, 0.13484968645, 0.036208224943],
      [0.40014145503, 0.061809612764, 0.11913763472, 0.07622771854, 0.26381755678, 0.078866022161],
      [1.0976922884e-11, 0.88532266795, 0.0010590436728, 0.057817326205, 0.054724179643, 0.0010767825212],
      [0.0011314399448, 0.0099488574636, 0.86976159466, 0.0072766065801, 0.097279106945, 0.01460239441],
      [0, 0.00062580378005, 0.0016335570433, 0.86340698896, 0.12863472815, 0.0056989220628],
      [0, 0.0004328079799, 0.00077836708248, 0.10881894117, 0.88495832512, 0.0050115586424],
      [0.57173161081, 0.027510136817, 0.046309476323, 0.13387445291, 0.19163906275, 0.028935260391]
    ],
    [
      [0.028346480088, 0.16652681571, 0.22419237011, 0.3191564007, 0.15694719759, 0.1048307358],
      [0.10177919946, 0.059950063208, 0.12912808193, 0.10070788582, 0.34798327955, 0.26045149003],
      [2.8599545378e-12, 0.8450841672, 0.0011578907369, 0.077246181238, 0.072956161936, 0.003555598889],
      [0.00025847579273, 0.0085414519671, 0.82678962884, 0.0085120551484, 0.11358722757, 0.042311160688],
      [0, 0.00045934371675, 0.0013369140095, 0.85827682005, 0.13992692222, 0],
      [0, 0.00031818617355, 0.0032242270319, 0.11590910793, 0.88054847886, 0],
      [0.21499285379, 0.037028373498, 0.084028333788, 0.23284995014, 0.31697327784, 0.11412721094]
    ],
    [
      [0.04798073666, 0.14009957603, 0.20885742609, 0.38793219617, 0.17705328478, 0.038076780274],
      [0.18138752277, 0.053079559326, 0.12634660302, 0.12844760711, 0.41211371932, 0.098624988463],
      [5.4685921255e-12, 0.79810223819, 0.0012217053181, 0.10614483437, 0.093065334503, 0.0014658876145],
      [0.00046969171783, 0.0077523794025, 0.82645713148, 0.01110990907, 0.13765399257, 0.01655689576],
      [0.005161683478, 0.00070730544375, 0.00069906311551, 0.87071340998, 0.11680035497, 0.005918183018],
      [8.285999642e-05, 0.00023845638492, 0.00053559129446, 0.11662016277, 0.8787582127, 0.0037647168533],
      [0.3354229127, 0.021005007974, 0.058713560752, 0.24223000266, 0.3061447764, 0.036483739515]
    ],
    [
      [0.037735892935, 0.45359845198, 0.22936019999, 0.1501457573, 0.093976604134, 0.035183093653],
      [0.17681269827, 0.20660871614, 0.17099096621, 0.061607710136, 0.27069913531, 0.11328077394],
      [1.5490075744e-12, 0.96646111153, 0.00047909538887, 0.014799788422, 0.017773229882, 0.00048677477475],
      [0.00035407733901, 0.023025373555, 0.8877143472, 0.0041326303028, 0.070117947425, 0.014655624183],
      [0.00038762020204, 0, 0.0027515771372, 0.82978655536, 0.15627912266, 0.010795124642],
      [0.00012489127311, 0, 0.0019972100889, 0.082746609015, 0.90656014729, 0.0085711423373],
      [0.40341692325, 0.066928803763, 0.10621476138, 0.13699864633, 0.23723976905, 0.049201096222]
    ],
    [
      [0.045210128691, 0.071995983482, 0.33157079762, 0.31981341567, 0.18045138968, 0.05095828486],
      [0.16640295816, 0, 0.19362370798, 0.11782610639, 0.40903665103, 0.11311057644],
      [7.3012378413e-12, 0.73733868869, 0.002703917948, 0.12374946449, 0.13412858902, 0.0020793398436],
      [0.00029389581391, 0, 0.88749477679, 0.0082806963955, 0.09292484396, 0.011005787041],
      [0.00022465140282, 0, 0.0021424433127, 0.84868289258, 0.14455795818, 0.0043920545173],
      [7.7925698991e-05, 0, 0.0024658060103, 0.096330189431, 0.89735815947, 0.0037679193867],
      [0.33495061575, 0, 0.099513518462, 0.2059420592, 0.32186401891, 0.037729787671]
    ],
    [
      [0.024808348918, 0.36897997207, 0.18112239458, 0.25750378377, 0.14545845207, 0.022127048597],
      [0.11376073547, 0.16738864785, 0.13326155992, 0.10377967675, 0.41215526097, 0.069654119037],
      [1.2395341329e-12, 0.93492016423, 0.00046340573028, 0.03081275473, 0.033430198637, 0.00037347667514],
      [0.00027736834989, 0.022705957238, 0.82861702292, 0.0084156915904, 0.12899682648, 0.010987133421],
      [0, 0, 0.0013195140417, 0.84931746293, 0.14618997232, 0.0031730507121],
      [0, 0, 0.00057485958042, 0.097738397997, 0.900121503, 0.001565239423],
      [0.23286255345, 0.066410965981, 0.079823310927, 0.23730273253, 0.35380130619, 0.029799130928]
    ],
    [
      [0.027189748735, 0.092605813804, 0.34449637689, 0.35577603361, 0.15143574947, 0.028496277492],
      [0.11531335362, 0.039540448504, 0.23340563584, 0.13230526119, 0.39642210372, 0.083013197125],
      [4.2480747702e-12, 0.75372207213, 0.0027255855986, 0.13312445965, 0.10892609271, 0.001501789908],
      [0.00017544178853, 0.0033863294177, 0.90413357883, 0.006692436687, 0.077451221112, 0.008160992162],
      [0, 0, 0.001865681102, 0.87938354205, 0.11417939172, 0.0045713851253],
      [0, 0, 0.0010088410991, 0.1237670882, 0.87196882762, 0.0032552430823],
      [0.22074626568, 0.0090968108345, 0.13090443315, 0.27402189273, 0.3315779331, 0.033652664511]
    ],
    [
      [0.053222306906, 0.16422053224, 0.26792171465, 0.32301353841, 0.16331275302, 0.028309154771],
      [0.20437460073, 0.063040076513, 0.16418660819, 0.10846223508, 0.38567973163, 0.074256747854],
      [5.4572876183e-12, 0.84070134415, 0.0014070424137, 0.079609796791, 0.077299883901, 0.00098193274056],
      [0.00042751894242, 0.0074498643897, 0.87018188599, 0.0075956672279, 0.10423530354, 0.010109759914],
      [0.002837950418, 0, 0.0040583548798, 0.86307296356, 0.13003073114, 0],
      [0.00021614354775, 0.00028524071212, 0.00074968404727, 0.10636301358, 0.88941515962, 0.0029707584946],
      [0.37932642907, 0.024973845874, 0.076343402853, 0.2048680382, 0.28693404912, 0.027554234882]
    ],
    [
      [0.12710823116, 0.12729651819, 0.26428457267, 0.25458250828, 0.18097951246, 0.045748657238],
      [0.36810824669, 0.036469137589, 0.1208487449, 0.064131612977, 0.32022171409, 0.090220543757],
      [1.5640598928e-11, 0.81801628061, 0.0016596154022, 0.075468662247, 0.10295470817, 0.0019007335575],
      [0.0010053018044, 0.0052271044024, 0.85735037969, 0.0059088193844, 0.11395274435, 0.016555650368],
      [0, 0, 0.0018565962412, 0.81556472492, 0.17505543127, 0.0075232475702],
      [0, 0, 0.00068246518717, 0.075587543485, 0.91697779687, 0.0067521944626],
      [0.57403013769, 0, 0.053492694322, 0.10515466001, 0.23833619751, 0.028986310467]
    ],
    [
      [0.054452169248, 0.15933671165, 0.41570910141, 0.22661245235, 0.11863021712, 0.025259348224],
      [0.22106867622, 0.064362929926, 0.26842135225, 0.080455605836, 0.29572024067, 0.069971195088],
      [5.8320093695e-12, 0.8799067576, 0.0022633664521, 0.058323227038, 0.058592267872, 0.00091438103489],
      [0.0003019207785, 0.0049648841708, 0.93248364269, 0.0036853191222, 0.052332664287, 0.0062315689526],
      [0.00038472119407, 0.00061156999724, 0.0034340830044, 0.85632740963, 0.135106604, 0.0041356121719],
      [0.0018121314512, 9.0909941286e-06, 0.00066024005102, 0.10405386414, 0.89240727078, 0.0010574025875],
      [0.42875878243, 0.026538475022, 0.12976178206, 0.15843363675, 0.22944267325, 0.027064650485]
    ],
    [
      [0.06635386215, 0.23532604976, 0.35835871656, 0.19879138229, 0.10037341621, 0.040796573027],
      [0.26169212548, 0.091543851873, 0.2247993668, 0.068610807063, 0.24309098016, 0.11026286862],
      [4.9970413507e-12, 0.92679271761, 0.0013717598483, 0.035955804466, 0.034843702109, 0.0010360159645],
      [0.00042132108531, 0.0082820027089, 0.9253314115, 0.0037063658379, 0.050748670108, 0.011510228763],
      [0, 0.0010131469636, 0.0033708832017, 0.85714043126, 0.13034532167, 0.0081302169021],
      [0, 0.0015285345238, 0.004059981023, 0.1032592312, 0.88117341017, 0.0099788430814],
      [0.49215313999, 0.042233604518, 0.10655113846, 0.13245310492, 0.18495342636, 0.041655585762]
    ],
    [
      [0.14118862761, 0.18597634139, 0.32876243625, 0.20076661645, 0.097670205148, 0.045635773147],
      [0.44166975737, 0.057075580178, 0.16253574698, 0.054672154267, 0.18661891787, 0.097427843343],
      [1.2952858726e-11, 0.91138772684, 0.0015327306927, 0.044299823288, 0.041367998242, 0.0014117209195],
      [0.00096578414989, 0.0070730512717, 0.92075375053, 0.0040366365891, 0.053281725953, 0.01388905151],
      [0, 0.00079678152386, 0.0030669312682, 0.86056460272, 0.12601569252, 0.0095559919677],
      [0, 0.00055850351742, 0.0017786306875, 0.10688288528, 0.87700483307, 0.013775147445],
      [0.65691659512, 0.02451718135, 0.087018926719, 0.085945960788, 0.11564477975, 0.02995655627]
    ],
    [
      [0.086923786406, 0.13890107997, 0.41151057773, 0.21899430338, 0.086269150895, 0.057401101618],
      [0.31366443886, 0.049855545613, 0.23507583786, 0.068841879575, 0.19051116194, 0.14205113615],
      [1.0743576593e-11, 0.88032084686, 0.0025728859748, 0.065320477295, 0.049394447959, 0.0023913418972],
      [0.00048612474724, 0.0043786871251, 0.93891763261, 0.0035888130484, 0.038384552361, 0.014244190113],
      [0, 0, 0.0057115184337, 0.88613499338, 0.092681212612, 0.015472275577],
      [0, 0, 0.0028251543817, 0.13109645103, 0.85486148349, 0.011216911096],
      [0.55447277976, 0.012627759187, 0.12042148933, 0.125353445, 0.13667913773, 0.050445388997]
    ],
    [
      [0.10109667052, 0.23379307982, 0.27192566079, 0.26211677976, 0.079800698856, 0.05126711025],
      [0.3692000271, 0.084123811681, 0.15733901341, 0.083179857798, 0.17791980493, 0.12823748508],
      [7.7450293586e-12, 0.92096730974, 0.0010627734781, 0.048358708285, 0.028286672711, 0.0013245357787],
      [0.00082484101374, 0.010640973319, 0.91184252098, 0.0062660681698, 0.051838577772, 0.01858701874],
      [0, 0.0008139482333, 0.004057591621, 0.9166855376, 0.064825605073, 0.013617317469],
      [0, 0.00080908110757, 0.0017873197805, 0.16339537796, 0.8235707608, 0.010437460352],
      [0.58468643714, 0.041333299652, 0.076492159238, 0.1388022351, 0.11697391625, 0.041711952621]
    ],
    [
      [0.053022581697, 0.16990709318, 0.26959652312, 0.31113719957, 0.15376578908, 0.042570813349],
      [0.20069743187, 0.064399402628, 0.16317047608, 0.10317272556, 0.35812361462, 0.11043634924],
      [5.3392094993e-12, 0.85030403765, 0.0013912779878, 0.075365281069, 0.071492075417, 0.0014473278708],
      [0.00042539215587, 0.007698655366, 0.87129315099, 0.0073170854366, 0.09809284472, 0.01517287133],
      [0.00083834339555, 0, 0.002063860716, 0.8625979963, 0.12713928513, 0.0073605144533],
      [0.00031618645191, 0.00012518233647, 0.00080078971418, 0.10856662844, 0.88531239653, 0.0048788165253],
      [0.38134167707, 0.026153655692, 0.07779629169, 0.19967211237, 0.27312413507, 0.041912128103]
    ],
    [
      [0.031640722936, 0.20565173466, 0.3098542842, 0.25612894136, 0.12955918753, 0.067165129315],
      [0.11686156776, 0.082104181475, 0.19801000078, 0.089554157981, 0.32841306041, 0.1850570316],
      [0, 0.89132705182, 0.0013765427546, 0.053442293804, 0.051891865054, 0.0019622465715],
      [0, 0.0082698244984, 0.89117742812, 0.0053575115102, 0.073894229275, 0.021301006597],
      [0, 0.00070197806112, 0.0022829078607, 0.85685892214, 0.13046666683, 0.0096895251071],
      [0, 0.0020759388565, 0.0022505630411, 0.10858624693, 0.88473104501, 0.0023562061605],
      [0.28185328656, 0.038947829621, 0.11028705972, 0.20289974158, 0.28432401323, 0.081688069299]
    ],
    [
      [0.020012538601, 0.23418594505, 0.26980342558, 0.31634693986, 0.11355843107, 0.046092719843],
      [0.092383890346, 0.1083858237, 0.20008304526, 0.12825343351, 0.32398042142, 0.14691338577],
      [1.5445818745e-12, 0.89880947305, 0.0010649183633, 0.058543829335, 0.040383413733, 0.0011983655137],
      [0.00016398562297, 0.010764458815, 0.8908597353, 0.0075738052364, 0.073890049318, 0.016747965708],
      [0, 0.00067672376924, 0.0016875605018, 0.89410653778, 0.096800848821, 0.0067283291277],
      [0, 0.00059431109021, 0.0010363741195, 0.14275972073, 0.84872489467, 0.0068846993977],
      [0.15144608244, 0.057646324559, 0.12242270596, 0.28719010607, 0.31068780366, 0.070606977312]
    ],
    [
      [0.038359847281, 0.13961970467, 0.24365484553, 0.36926310783, 0.15559462898, 0.053507865711],
      [0.14980517031, 0.054480122914, 0.15190643484, 0.12601701858, 0.37389887491, 0.14389237844],
      [4.3761148979e-12, 0.81357047038, 0.0014192001255, 0.10108459471, 0.081870746481, 0.0020549882976],
      [0.00033049295505, 0.0067761494895, 0.85673174245, 0.0092813272098, 0.10641859769, 0.020461690206],
      [0.00017145111371, 0.00034113436958, 0.0012792099348, 0.8808650989, 0.1118241723, 0.0055189333825],
      [0.00055545644907, 0.0013013182555, 0.0029565898108, 0.11929967607, 0.86717898912, 0.0087079702868],
      [0.295857033, 0.022965235224, 0.075085300143, 0.25358302554, 0.29608941447, 0.056419991628]
    ],
    [
      [0.056357279139, 0.27681680611, 0.19170356341, 0.27454721883, 0.1272787949, 0.073296337613],
      [0.21123354195, 0.10242313598, 0.114498701, 0.089829412231, 0.29283284237, 0.18918236646],
      [3.6590555478e-12, 0.91687501807, 0.00063902828431, 0.04278046228, 0.038103683204, 0.0016018081613],
      [0.00059770993547, 0.016329267196, 0.83274910432, 0.0085227632822, 0.10731999083, 0.034481164442],
      [0.00033242162479, 0.00087802740979, 0, 0.86643541678, 0.12237468911, 0.0099794450755],
      [0.00013389713832, 0.0022546808812, 0, 0.11682731231, 0.8764780837, 0.0043060259734],
      [0.42346212372, 0.04392104985, 0.048243269007, 0.17979486651, 0.23087302778, 0.073705663129]
    ],
    [
      [0.091605106771, 0.18813562626, 0.37534284773, 0.20096250121, 0.10381629573, 0.040137622291],
      [0.29733653854, 0.066954211096, 0.22830644613, 0.062896179141, 0.22816698424, 0.11633964086],
      [8.6308943864e-12, 0.90588020871, 0.0017969314513, 0.045726686083, 0.045317633272, 0.0012785404752],
      [0.00055500524254, 0.0064037306114, 0.92856345324, 0.0035743164351, 0.050085643548, 0.010817850924],
      [0, 0.00081136617873, 0.0041928329123, 0.85477374653, 0.1328634831, 0.0073585712753],
      [0, 0.0017377017433, 0.0026292238363, 0.10210133302, 0.88675812693, 0.00677361447],
      [0.57845221431, 0.02479361264, 0.09262271321, 0.1111361331, 0.15891330144, 0.034082025296]
    ],
    [
      [0.086066950867, 0.10278433773, 0.26715102146, 0.29837216758, 0.19731457396, 0.048310948405],
      [0.26993028375, 0.0092390791439, 0.13259543441, 0.081648816575, 0.37997319939, 0.12661318673],
      [1.2080197499e-11, 0.7675172719, 0.0019030311165, 0.10054241839, 0.12775072513, 0.0022865534481],
      [0.00066407611968, 0.0044894069897, 0.85077663418, 0.0067269214817, 0.12080832328, 0.016534637949],
      [0.00044567331285, 0, 0.0016145467503, 0.82699581771, 0.16509450881, 0.0058494534194],
      [0.00013732707086, 0, 0.00062549365763, 0.083224873356, 0.91160240186, 0.0044099040552],
      [0.47841477084, 0, 0.061325156853, 0.14684539541, 0.27698759185, 0.036427085046]
    ],
    [
      [0.032949463116, 0.16580284087, 0.35742197063, 0.30351649682, 0.10823004029, 0.032079188278],
      [0.14825883554, 0.074878429313, 0.25762138831, 0.11987856904, 0.30030303174, 0.099059746053],
      [3.4468425786e-12, 0.86851291898, 0.0019060555706, 0.076229438524, 0.052218055736, 0.0011335311892],
      [0.00021146904131, 0.0059945312696, 0.923794591, 0.0057002705023, 0.055160414203, 0.0091387239853],
      [0, 0.00050247570199, 0, 0.89640121531, 0.096501083151, 0.0065952258395],
      [0, 0.000525296145, 0, 0.14235795598, 0.85210749916, 0.0050092487129],
      [0.29976581866, 0.034548469956, 0.13093531983, 0.24885727909, 0.24555770152, 0.040335410953]
    ],
    [
      [0.030240805887, 0.24783182539, 0.29854934176, 0.24961483254, 0.1364355756, 0.037327618831],
      [0.11439683922, 0.10573055401, 0.2039211899, 0.096160883262, 0.36059394333, 0.11919659028],
      [0, 0.9070681785, 0.0011272315543, 0.044349564375, 0.046524691587, 0.00093033398161],
      [0, 0.010311373749, 0.89137521184, 0.0056361379557, 0.080384517906, 0.012292758553],
      [0, 0.00089578364349, 0.0022181976524, 0.85139869711, 0.13997246823, 0.0055148533646],
      [0, 0.00062195411035, 0.0010062767909, 0.098850233026, 0.89466400643, 0.0048575296456],
      [0.27832323196, 0.048680206866, 0.11025795732, 0.20512681301, 0.31053129428, 0.047080496567]
    ],
    [
      [0.018511415323, 0.30079876582, 0.25009162156, 0.28016619042, 0.12601332638, 0.024418680494],
      [0.032998835855, 0.14487724728, 0.20703417186, 0.13039466768, 0.3998752894, 0.08481978793],
      [0, 0.9183807915, 0.0030873335513, 0.041855613331, 0.036163262704, 0.00051299891577],
      [0, 0.014709141029, 0.88130057397, 0.0071388977142, 0.087371428233, 0.009479959056],
      [0, 0, 0.0027965683836, 0.87546925204, 0.11842200709, 0.0033121724812],
      [0, 0.0007122799826, 0.00094092351277, 0.11762461052, 0.87734271798, 0.0033794679994],
      [0.19520322659, 0.0679481373, 0.10640425522, 0.26487517234, 0.33012155245, 0.035447656099]
    ],
    [
      [0.023926825884, 0.26861327625, 0.41034322472, 0.16869199421, 0.098601547507, 0.029823131427],
      [0.11239465844, 0.12665906887, 0.30918920644, 0.069679640674, 0.2858840659, 0.096193359677],
      [0, 0.93658892165, 0, 0.028863158283, 0.032345214142, 0.0022027059255],
      [0, 0.0086141822385, 0.92167680553, 0.0028220366662, 0.051207929705, 0.015679045864],
      [0, 0.0028231748228, 0, 0.83751951953, 0.15320696927, 0.0064503363738],
      [0, 0.0028352773232, 0, 0.093124923458, 0.89862941163, 0.0054103875936],
      [0.25551425195, 0.074708733805, 0.18371625166, 0.16831142949, 0.27212685309, 0.045622480009]
    ],
    [
      [0.02105625635, 0.17227039824, 0.46045792796, 0.21575539517, 0.10818725437, 0.022272767914],
      [0.099024911422, 0.08077108654, 0.34535201621, 0.088954831982, 0.31397742555, 0.071919728296],
      [2.1118209553e-12, 0.89508733255, 0.0023286778152, 0.051893895985, 0.049937030447, 0.00075306320211],
      [0, 0.0048560754513, 0.92989261264, 0.003180221311, 0.057074130818, 0.0049969597755],
      [0, 0.00069169728558, 0, 0.86506749633, 0.13041822254, 0.0038225838439],
      [0, 0.00047382121384, 0, 0.109102519, 0.88728357815, 0.0031400816399],
      [0.20575590756, 0.052919662444, 0.19847160849, 0.21917055508, 0.29057867873, 0.0331035877]
    ],
    [
      [0.055708107735, 0.16789613535, 0.26900406357, 0.31563436965, 0.12587274413, 0.065884579572],
      [0.21154553171, 0.062048470328, 0.15967398991, 0.10336957988, 0.29068839403, 0.17267403415],
      [5.16437626e-12, 0.87242808935, 0.0012507902117, 0.070326496845, 0.053947351583, 0.0020472720039],
      [0.00042486125623, 0.0070778183741, 0.88740296642, 0.006983027837, 0.075887422798, 0.022223903318],
      [0.00028669367262, 8.5059459459e-05, 0.0015929204263, 0.8842171303, 0.10562184092, 0.0081963552282],
      [0.0001976052403, 0, 0.0017836665023, 0.12951997931, 0.85934044488, 0.0091583040615],
      [0.41010263119, 0.025197722329, 0.075842112823, 0.20140812724, 0.22277194798, 0.064677458437]
    ],
    [
      [0.057676879066, 0.28899039986, 0.17558848264, 0.29988377936, 0.12060683002, 0.057253629052],
      [0.22840075372, 0.10965817998, 0.11003004021, 0.10307748584, 0.29199466725, 0.156838873],
      [3.298743207e-12, 0.92561923951, 0.00051162548172, 0.041029126198, 0.031743051242, 0.0010969575634],
      [0.00063746273675, 0.01708456468, 0.83894522366, 0.0096474534131, 0.10565053248, 0.028034763037],
      [1.4695820611e-05, 0.00081556103477, 0, 0.88380250296, 0.10674502091, 0.0086222192768],
      [0, 0.0006579973526, 0, 0.12921515683, 0.86100161924, 0.0091252265807],
      [0.43126818489, 0.048233680743, 0.044785561153, 0.19857881701, 0.21937049537, 0.05776326084]
    ],
    [
      [0.022326215028, 0.23429289719, 0.3058034974, 0.29285396, 0.11140087448, 0.033322555906],
      [0.10559995324, 0.10869556073, 0.2303617587, 0.12140121579, 0.324913831, 0.10902768054],
      [1.579586537e-12, 0.91253987331, 0.0010867845842, 0.049438975656, 0.036142913263, 0.00079145318194],
      [0.00015882987125, 0.0090718321526, 0.91152625058, 0.0060612453139, 0.062678820041, 0.01050302204],
      [0, 0.00069521508384, 0.0019918937059, 0.89090448961, 0.10192997381, 0.004478427791],
      [0, 0.00058551654, 0.0011733326798, 0.13476161474, 0.85709962778, 0.0063799082608],
      [0.20350235236, 0.057439346093, 0.12519512482, 0.2681429533, 0.29030430161, 0.055415921821]
    ],
    [
      [0.037050332787, 0.15326217731, 0.29193264502, 0.31136657352, 0.12489524426, 0.081493027102],
      [0.14279927359, 0.058635553526, 0.17904992755, 0.10505690741, 0.2963669774, 0.21809136053],
      [3.8491947753e-12, 0.85845781781, 0.0015338387169, 0.077458336583, 0.059713856024, 0.0028361508651],
      [0.00027215296435, 0.0062785384129, 0.88759400058, 0.0066731195087, 0.072728766955, 0.026453421578],
      [0.00047666841448, 0.00076159973021, 0.0046411975539, 0.88229866428, 0.10999888254, 0.0018229874838],
      [8.7942077334e-05, 0.00035289765134, 0.0010126925019, 0.12926170569, 0.8582769981, 0.011007763974],
      [0.30459273564, 0.026615130268, 0.095264551623, 0.22827902023, 0.25356108672, 0.091687475523]
    ],
    [
      [0.035500634271, 0.20702838545, 0.26694583198, 0.31200128778, 0.13904976637, 0.039474094142],
      [0.14904312763, 0.08515343421, 0.17810001924, 0.11448085864, 0.35915681713, 0.11406574316],
      [2.7542351268e-12, 0.89079664379, 0.0010474619134, 0.057673841619, 0.049451815474, 0.001030237199],
      [0.00028071804817, 0.0089722633366, 0.88260823464, 0.0071858744453, 0.087105606698, 0.013847302836],
      [0, 0.00056910955717, 0.001614991116, 0.87559260187, 0.11728575204, 0.0049375454202],
      [0, 0.0011936690328, 0.0012760138246, 0.11715642102, 0.87298170086, 0.0073921952651],
      [0.29563916365, 0.042523851138, 0.089618294749, 0.23564475587, 0.290878655, 0.045695279593]
    ],
    [
      [0.10286744517, 0.22550887643, 0.22652659798, 0.29180210913, 0.11743135037, 0.035863620931],
      [0.36421780172, 0.078057691969, 0.12684643565, 0.089900850059, 0.25426150627, 0.086715714334],
      [7.7177054335e-12, 0.90502695189, 0.0008655438056, 0.052557462404, 0.040641439424, 0.0009086024718],
      [0.00095211347193, 0.01151881306, 0.87860292245, 0.007900619283, 0.086290449689, 0.014735082051],
      [0, 0.00067963746152, 0.0014966085913, 0.88511233412, 0.10742737135, 0.0052840484763],
      [0, 0.00054781818594, 0.00024367494249, 0.12968983336, 0.86344847686, 0.0060701966504],
      [0.56230708631, 0.033008606027, 0.050717768613, 0.15784905304, 0.16578089289, 0.030336593128]
    ],
    [
      [0.058992281498, 0.11095898096, 0.11392628404, 0.48134622307, 0.17618170811, 0.058594522323],
      [0.2122357013, 0.039275963005, 0.01857877449, 0.15026723937, 0.40006397638, 0.17957834545],
      [7.1844389162e-12, 0.75924779263, 0.00071623112051, 0.13935319352, 0.098288402485, 0.0023943802361],
      [0.00087905052628, 0.009274800339, 0.72270232353, 0.020812150136, 0.20765033203, 0.038681343443],
      [0.00020502911225, 0, 0, 0.89557966203, 0.099517965967, 0.004697342891],
      [9.8590377828e-05, 0, 0, 0.13982658668, 0.85448810657, 0.0055867163725],
      [0.40272541582, 0.0069307279103, 0, 0.26629223139, 0.27422622672, 0.049825398167]
    ],
    [
      [0, 0.20193859573, 0.24255464016, 0.35558517301, 0.17649730945, 0.023424281664],
      [0.099218123013, 0.085774996304, 0.15264499935, 0.13148818688, 0.46271021613, 0.068163478319],
      [0, 0.85598802398, 0.00096198448526, 0.072742403588, 0.069630462692, 0.00067712525089],
      [0, 0.010697913852, 0.8377337663, 0.0097287554288, 0.13201980722, 0.0098197572003],
      [0, 0.0096140679254, 0.0022228159956, 0.86613968299, 0.12166473657, 0.00035869651484],
      [0, 0.00038792709399, 0.00056746209012, 0.10716408132, 0.88954375802, 0.0023367714746],
      [0.20887570223, 0.037242234603, 0.076067624802, 0.27283671493, 0.37727248552, 0.027705237916]
    ],
    [
      [0.079115117939, 0.20365201371, 0.30214485424, 0.26102630294, 0.13448832718, 0.019573383987],
      [0.29777715812, 0.076171100188, 0.18054073953, 0.085567268138, 0.31873520674, 0.041208527286],
      [0, 0.88873037754, 0.0013491442149, 0.054974952592, 0.054945525655, 0],
      [0.00058051252488, 0.0084198563747, 0.90047674151, 0.0056152872657, 0.078507851417, 0.0063997509054],
      [0, 0.00068711902605, 0.0021910061983, 0.8601934594, 0.13692841538, 0],
      [0, 0.00045922205845, 0.0010238054596, 0.10453203031, 0.89398494217, 0],
      [0.49946305813, 0.031453903001, 0.092541067753, 0.16193018724, 0.21461178387, 0]
    ],
    [
      [0.023598671748, 0.25117473324, 0.27751444912, 0.26338114732, 0.1140112183, 0.070319780267],
      [0.12411141979, 0.10571146553, 0.18687510789, 0.096988888782, 0.2808258291, 0.20548728891],
      [0, 0.91383596994, 0.0010443424238, 0.046607160226, 0.037570439191, 0.00094208822211],
      [0.00023299782396, 0.011192552222, 0.88966712714, 0.0061014655852, 0.068135098838, 0.024670758388],
      [0, 0.0023089274143, 0.0063719549001, 0.88265555254, 0.10866356515, 0],
      [8.0783644313e-05, 0.00067663796014, 0.0011264159154, 0.12578782683, 0.86134478407, 0.010983551576],
      [0.27943356111, 0.05054784239, 0.10489275363, 0.22160400833, 0.25253335993, 0.090988474611]
    ],
    [
      [0.073593502255, 0.21724179563, 0.20935870107, 0.29800111791, 0.15325714827, 0.048547734862],
      [0.26122970557, 0.075816875575, 0.11815824963, 0.092430895251, 0.33411845385, 0.11824582013],
      [5.6702562803e-12, 0.8885245392, 0.00082312917206, 0.0550179401, 0.054373729998, 0.0012606615261],
      [0.00071178277959, 0.011612434731, 0.84077552622, 0.0084272777584, 0.11764579571, 0.020827182797],
      [0, 0.00062483344078, 0, 0.85842341363, 0.1331862858, 0.0077654671224],
      [0, 0.00041867391614, 0, 0.10454604589, 0.88869943511, 0.006335845079],
      [0.46275704384, 0.032600526509, 0.046312269112, 0.17130998625, 0.24259141347, 0.044428760819]
    ],
    [
      [0.055303049712, 0.16087990297, 0.36124946578, 0.24303742559, 0.12305601814, 0.056474137816],
      [0.20915540164, 0.060616095476, 0.21719325729, 0.080398201021, 0.28586264918, 0.14677439539],
      [5.8965316524e-12, 0.87308572948, 0.0019624168606, 0.062346790285, 0.060575795471, 0.0020292678973],
      [0.00034436096691, 0.0056495177769, 0.91307759885, 0.0044382069727, 0.060901813293, 0.015588502141],
      [0.00036507468659, 0, 0.0027889428558, 0.85667134662, 0.13097914433, 0.0091954915075],
      [0.00013754681777, 0, 0.0011488737396, 0.10572016485, 0.88460366661, 0.0083897479865],
      [0.41868452572, 0.023448064583, 0.10806531252, 0.16301932757, 0.22874754618, 0.058035223425]
    ],
    [
      [0.060334043122, 0.27293566408, 0.23967674619, 0.27879100413, 0.1114819736, 0.036780568881],
      [0.24784356969, 0.11120734942, 0.15687915083, 0.099978684524, 0.28079514451, 0.10329610103],
      [4.0474822721e-12, 0.91886689271, 0.00082480568593, 0.044956053248, 0.03451840621, 0.00083384214272],
      [0.00054757377, 0.013874208029, 0.88284507174, 0.0074179552735, 0.080475042761, 0.014840148432],
      [0, 0.000880090199, 0.0016814865389, 0.88513291, 0.10687597563, 0.0054295376332],
      [0, 0.00071271083789, 0.00046402718827, 0.13053846887, 0.86095911202, 0.0073256810912],
      [0.44955393716, 0.045081854831, 0.071920605947, 0.18907111651, 0.20608273348, 0.038289752067]
    ],
    [
      [0.031544384753, 0.23331191506, 0.17330525846, 0.3806495138, 0.1311514836, 0.050037444336],
      [0.1363359408, 0.1005481279, 0.12020051412, 0.14437196343, 0.34951193766, 0.14903151608],
      [2.367206579e-12, 0.88431098508, 0.00066749193058, 0.068443033111, 0.045313376647, 0.0012651132269],
      [0.00036806077396, 0.015196207793, 0.82416832305, 0.012980384087, 0.12140198692, 0.025885037384],
      [0, 0.00056091429262, 0, 0.89952425856, 0.09371903447, 0.0061957926823],
      [0, 0.001440092216, 0, 0.14247831028, 0.84866096976, 0.0074206277461],
      [0.26742898991, 0.047018143702, 0.057220943006, 0.29151517386, 0.27801416772, 0.058802581807]
    ],
    [
      [0.14585036154, 0.11419443985, 0.36209589961, 0.22619742628, 0.11056910438, 0.041092768335],
      [0.44375030242, 0.020442839128, 0.17261411185, 0.059643553326, 0.20475141701, 0.098797776264],
      [2.0083313549e-11, 0.8500808892, 0.0025183561614, 0.075055907113, 0.070433491956, 0.0019113555531],
      [0.00090063119181, 0.0039850220059, 0.92539340395, 0.0040985339083, 0.054343983349, 0.011278425599],
      [0, 0, 0.002969480465, 0.86189849163, 0.12691710375, 0.0082149241455],
      [0, 0, 0.0014468412356, 0.10916037675, 0.88222260609, 0.0071701759237],
      [0.64229960278, 0, 0.096970830163, 0.096391687877, 0.13304746296, 0.031290416219]
    ],
    [
      [0.062783250199, 0.29629836738, 0.19407747503, 0.31564347841, 0.10416375112, 0.027033677869],
      [0.26929867704, 0.12574059841, 0.1329820557, 0.11834385001, 0.27435633401, 0.079278484826],
      [3.8529981656e-12, 0.92286251651, 0.0006110415767, 0.046487661537, 0.029477820319, 0.00056096004996],
      [0.00068670332256, 0.018004433354, 0.86749360222, 0.010107334919, 0.090557449638, 0.013150476547],
      [0, 0.00085572949672, 0, 0.90523801068, 0.090538448937, 0.0033678108902],
      [0, 0.00086202497016, 0, 0.15597124805, 0.83977791963, 0.0033888073466],
      [0.46703176677, 0.048825593887, 0.056296157449, 0.20923654231, 0.19110832639, 0.027501613202]
    ],
    [
      [0.17658559336, 0.25948821075, 0.20368292859, 0.21612270681, 0.093874706637, 0.050245853844],
      [0.51355826562, 0.073608172118, 0.093293264192, 0.054382124581, 0.16580083693, 0.09935733656],
      [1.2277019203e-11, 0.93161591059, 0.00072634369542, 0.036249320341, 0.030227858888, 0.001180566472],
      [0.0018355569599, 0.015001253659, 0.87550664827, 0.0066022359969, 0.077804565137, 0.023249739977],
      [0, 0.0010497258971, 0.0018034187571, 0.87274689906, 0.11431563334, 0.010084322948],
      [0, 0.00079957249249, 0.00096020115791, 0.12092502079, 0.86750384752, 0.0098113580308],
      [0.67778738215, 0.04911403459, 0.037503985818, 0.091134244458, 0.094987453605, 0.049472899377]
    ],
    [
      [0.11726212295, 0.20141541069, 0.32105165148, 0.23743171387, 0.089228597298, 0.033610503719],
