{
  "Z_true": {},
  "V_true": [
    [11, 105, 809, 580],
    [1657, 1778, 510, 87],
    [556, 6434, 509, 158],
    [328, 467, 16437, 426],
    [327, 961, 900, 354],
    [151, 287, 531, 487]
  ],
  "p_true": [
    [0.0073, 0.0698, 0.5375, 0.3854],
    [0.411, 0.441, 0.1265, 0.0216],
    [0.0726, 0.8403, 0.0665, 0.0206],
    [0.0186, 0.0264, 0.9309, 0.0241],
    [0.1286, 0.378, 0.3541, 0.1393],
    [0.1037, 0.1971, 0.3647, 0.3345]
  ],
  "Z_est": [
    [
      [0.0565, 0.0877, 0.0727, 0.039, 0.0559, 0.0381, 0.0334, 0.0002, 0.0383, 0.0102, 0.0862, 0.0177, 0.0024, 0, 0.0324, 0.0406, 0.0218, 0, 0.0694, 0.0851, 0.0325, 0.0362, 0.0085, 0.0241, 0, 0.0576, 0.0122, 0.254, 0.0428, 0.3288, 0.0216],
      [6.5343, 11.7016, 7.1626, 3.562, 8.1499, 4.9302, 7.2471, 4.1354, 12.0207, 3.0063, 6.434, 3.4229, 0.1674, 8.6878, 0.5613, 8.1631, 2.2078, 0.4849, 3.8443, 10.5747, 4.0601, 6.2614, 3.2741, 17.0461, 0.2461, 0.3551, 0.5948, 57.356, 5.4646, 13.0193, 2.811],
      [15.4467, 28.8442, 19.6923, 10.1904, 22.9013, 13.9152, 21.3987, 12.1177, 37.6583, 6.9734, 18.6019, 9.9835, 0.3635, 24.4359, 1.4498, 24.7906, 8.3339, 1.5758, 12.0786, 31.3338, 14.3746, 24.5507, 14.0394, 49.3775, 0.7199, 1.7425, 2.1131, 175.5477, 14.031, 37.333, 7.3261],
      [12.9625, 24.3665, 19.0724, 8.2087, 22.8929, 11.1165, 18.3207, 11.7467, 33.2826, 9.01, 19.8779, 12.5759, 0.4667, 24.8763, 3.9565, 25.0058, 3.4365, 0.9393, 13.0077, 27.0064, 12.5328, 20.1517, 5.678, 45.5523, 1.034, 2.8448, 1.28, 154.8423, 16.4616, 46.3188, 7.8413]
    ],
    [
      [46.2223, 153.7809, 80.1062, 34.1939, 69.3442, 117.259, 76.063, 34.0993, 93.1652, 8.6431, 39.8828, 25.2921, 5.1409, 23.7637, 3.2738, 40.8835, 34.4348, 1.9267, 36.29, 81.2461, 67.8937, 63.6023, 34.9474, 107.6284, 0.5429, 4.9537, 7.3577, 395.068, 75.2218, 208.7879, 78.3192],
      [19.3445, 67.348, 28.3384, 11.708, 27.7191, 45.4268, 33.9552, 16.6201, 38.2409, 5.1401, 12.4885, 10.6321, 1.4523, 14.3409, 0.7055, 16.3611, 9.4134, 0.7757, 10.1593, 29.9304, 21.4929, 20.1675, 12.5651, 52.1396, 0.1832, 0.5598, 1.61, 164.005, 31.0768, 53.634, 32.6553],
      [22.377, 79.7188, 39.3376, 17.0876, 39.6754, 65.17, 51.7985, 25.1373, 62.369, 6.1623, 18.4811, 15.912, 1.3906, 20.7683, 0.9052, 25.5996, 19.1518, 1.2975, 16.4404, 45.6869, 40.5037, 42.1573, 29.4875, 77.8578, 0.272, 1.4433, 3.0323, 259.9439, 39.2096, 76.3872, 41.645],
      [0.0563, 0.1522, 0.2178, 0.0105, 0.2613, 0.1442, 0.1834, 0.1432, 0.2249, 0.0546, 0.1476, 0.1638, 0.0163, 0.1271, 0.1155, 0.1558, 0, 0, 0.1103, 0.1366, 0.1097, 0.0729, 0, 0.3742, 0.0018, 0.0431, 0, 0.983, 0.4918, 1.191, 0.3804]
    ],
    [
      [17.3234, 30.2639, 28.2305, 10.5278, 14.9956, 12.8967, 10.4145, 4.7639, 17.4194, 4.8576, 22.9523, 8.9922, 2.1697, 8.6932, 0.6127, 11.4703, 5.8579, 0.8538, 8.1713, 29.3416, 13.2471, 17.3293, 3.9056, 16.006, 0.1666, 1.3142, 1.1686, 98.0203, 14.608, 57.6948, 5.8383],
      [232.1487, 423.9626, 320.2558, 116.7505, 201.0164, 165.5823, 159.3919, 89.205, 249.6499, 102.8462, 229.5414, 130.6552, 18.3389, 196.9016, 5.0932, 157.5523, 48.6141, 15.5567, 75.0138, 360.3663, 144.8691, 193.542, 81.2802, 270.0583, 3.2449, 5.0296, 6.9802, 1401.0121, 196.5144, 442.7193, 79.4775],
      [9.291, 23.9432, 23.765, 9.9891, 16.8145, 14.4242, 15.1477, 8.462, 26.2898, 4.6239, 18.4058, 11.3711, 0.0808, 17.1548, 0.2012, 15.3617, 6.1374, 1.9871, 7.2306, 34.0588, 17.6173, 27.8501, 20.8025, 25.1607, 0.2685, 0.6545, 0.7664, 142.4583, 12.4717, 31.0993, 6.0275],
      [13.2369, 25.8303, 25.7486, 7.7326, 17.1735, 11.0967, 12.046, 7.5691, 20.6409, 9.6722, 22.1004, 14.9814, 1.4105, 17.2505, 1.0929, 14.6157, 1.3906, 0.6025, 7.5843, 27.2333, 13.2665, 18.2786, 2.0116, 21.775, 0.32, 1.0018, 0.0848, 113.5093, 18.4058, 49.4866, 6.6568]
    ],
    [
      [4.3167, 9.4054, 10.6568, 3.8096, 4.9438, 8.5314, 3.2444, 0, 2.8496, 1.1885, 7.569, 2.2015, 1.3165, 0, 0.4211, 3.3679, 2.667, 0, 6.2053, 8.129, 4.9834, 2.8542, 0, 1.2335, 0.0056, 0.8405, 1.1064, 21.0312, 5.8359, 44.0231, 4.7191],
      [28.8023, 66.8286, 43.3199, 13.6981, 31.9523, 41.5012, 47.4553, 15.2125, 33.0974, 22.1268, 23.249, 18.9472, 3.5742, 24.2389, 0.7172, 24.6159, 4.7314, 0.5814, 11.5837, 38.696, 13.8859, 3.7365, 0, 62.6789, 0.9299, 0, 1.2048, 190.9658, 37.401, 63.1291, 26.105],
      [272.1885, 684.5027, 596.079, 218.679, 477.7403, 647.2447, 871.6669, 272.0396, 746.7895, 192.5174, 384.63, 317.3346, 26.6798, 371.281, 13.5033, 485.4453, 305.6016, 14.4186, 254.2555, 697.9603, 580.9227, 708.378, 428, 1068.6096, 16.817, 17.6836, 45.6888, 3946.0858, 423.3315, 1035.3244, 328.0098],
      [1.6925, 4.2633, 5.9443, 0.8133, 5.3636, 3.7227, 5.6334, 2.7479, 5.2635, 4.1673, 5.552, 6.5167, 0.4295, 4.4801, 1.3585, 5.5709, 0, 0, 2.9555, 4.2147, 3.208, 2.0314, 0, 9.4781, 0.2475, 0.4759, 0, 27.9172, 7.4315, 20.5234, 4.1661]
    ],
    [
      [3.204, 5.646, 6.4314, 2.8971, 3.0482, 3.1541, 2.0691, 0.6994, 3.6718, 1.026, 2.7821, 1.8066, 0.2787, 1.4993, 0.2211, 2.572, 1.1605, 0.0601, 2.0608, 4.3708, 2.146, 4.2554, 1.076, 3.6756, 0.0757, 0.4302, 0.3498, 22.7643, 2.5154, 9.7562, 0.6926],
      [62.599, 114.9179, 107.58, 47.2246, 59.3134, 59.1042, 45.7069, 17.1364, 75.666, 30.7515, 41.9951, 37.8191, 3.7506, 46.2782, 2.6906, 51.166, 16.2091, 1.4401, 27.9858, 78.6004, 34.2631, 69.2772, 20.449, 88.8647, 2.1727, 2.9309, 4.0825, 469.8051, 49.3146, 116.2444, 13.8017],
      [14.0677, 27.374, 28.6865, 13.1952, 16.3826, 16.3862, 13.3043, 4.9391, 23.3822, 6.8245, 11.8993, 10.8039, 0.7273, 12.836, 0.6248, 15.2849, 6.0155, 0.4406, 8.5792, 22.9586, 11.9443, 26.9467, 8.6116, 25.4202, 0.5697, 1.1712, 1.376, 142.2812, 12.3351, 32.3161, 3.5344],
      [3.1294, 6.0622, 7.3021, 2.6832, 4.2558, 3.3555, 2.9196, 1.2251, 5.2801, 2.398, 3.3235, 3.5705, 0.2434, 3.3864, 0.4636, 3.9771, 0.615, 0.0592, 2.3742, 5.0702, 2.6466, 5.5208, 0.8635, 6.0395, 0.1819, 0.4678, 0.1917, 32.1494, 3.8348, 10.6832, 0.9713]
    ],
    [
      [3.8772, 13.8161, 10.5025, 6.5326, 7.6123, 5.1207, 7.1756, 2.4372, 7.8556, 2.2746, 11.7275, 3.6899, 1.0919, 4.0438, 0.439, 5.6657, 2.858, 0.1595, 2.2032, 17.8273, 4.6974, 13.9226, 4.0625, 8.4323, 0.2092, 0.4038, 1.0053, 48.8622, 6.776, 26.4092, 3.4092],
      [3.5713, 13.2413, 8.3432, 5.0569, 6.8489, 4.4552, 7.2436, 2.6906, 7.3252, 3.1291, 8.292, 3.5236, 0.7165, 5.5526, 0.2322, 5.1417, 1.8243, 0.1612, 1.4131, 14.8322, 3.4287, 10.0154, 3.4317, 9.2125, 0.2232, 0.1246, 0.5277, 45.856, 6.2285, 15.2538, 3.1495],
      [4.6291, 17.617, 12.4395, 7.8588, 10.4859, 6.8597, 11.6839, 4.3042, 12.5112, 3.8984, 12.9819, 5.5949, 0.758, 8.5239, 0.3157, 8.5178, 3.7599, 0.2803, 2.4157, 24.0016, 6.6374, 22.1173, 8.059, 14.5742, 0.3529, 0.3048, 1.0235, 76.6832, 8.621, 23.54, 4.4572],
      [8.9224, 34.3255, 27.7149, 14.5517, 24.0529, 12.5644, 22.8969, 9.568, 25.3079, 11.6978, 31.9986, 16.1916, 2.4336, 19.8796, 2.0131, 19.6748, 3.5579, 0.399, 5.968, 47.3389, 13.2365, 40.9448, 7.4468, 30.781, 1.2147, 1.1668, 1.4435, 154.5987, 23.3745, 67.7971, 10.9841]
    ]
  ],
  "V_est": [
    [1.6058, 223.4869, 663.2414, 616.6659],
    [2049.3347, 790.1898, 1186.4064, 6.0692],
    [480.1073, 6123.1703, 549.9167, 503.8058],
    [167.4564, 894.9661, 16449.4087, 146.1688],
    [96.3961, 1799.1407, 521.2188, 125.2444],
    [235.0997, 201.0463, 325.8081, 694.046]
  ],
  "p_est": [
    [0.0011, 0.1485, 0.4407, 0.4097],
    [0.5083, 0.196, 0.2942, 0.0015],
    [0.0627, 0.7997, 0.0718, 0.0658],
    [0.0095, 0.0507, 0.9316, 0.0083],
    [0.0379, 0.7078, 0.205, 0.0493],
    [0.1615, 0.1381, 0.2238, 0.4767]
  ],
  "EI_Z": {},
  "EI_V": 9.1256,
  "MAE_Z": {},
  "MAE_V": 265.0231,
  "MAE_p": 0.0811,
  "runtime": 0.002
}
