{
  "Z_true": {},
  "V_true": [
    [11, 105, 809, 580],
    [1657, 1778, 510, 87],
    [556, 6434, 509, 158],
    [328, 467, 16437, 426],
    [327, 961, 900, 354],
    [151, 287, 531, 487]
  ],
  "p_true": [
    [0.0073, 0.0698, 0.5375, 0.3854],
    [0.411, 0.441, 0.1265, 0.0216],
    [0.0726, 0.8403, 0.0665, 0.0206],
    [0.0186, 0.0264, 0.9309, 0.0241],
    [0.1286, 0.378, 0.3541, 0.1393],
    [0.1037, 0.1971, 0.3647, 0.3345]
  ],
  "Z_est": [
    [
      [0.0189, 0.0148, 0.0292, 0.0161, 0.0082, 0.0085, 0, 0, 0, 0, 0.0481, 0.0003, 0.0011, 0, 0.0299, 0, 0.0058, 0, 0.0446, 0.0247, 0.0074, 0, 0, 0, 0, 0.0594, 0.0072, 0, 0.0099, 0.234, 0.0039],
      [6.4511, 11.8105, 7.1455, 3.6348, 8.1602, 5.0423, 7.1469, 4.0575, 12.0109, 2.9206, 6.1957, 3.3444, 0.1633, 8.3983, 0.582, 8.0655, 2.2125, 0.4539, 3.8541, 10.3749, 3.9821, 6.2864, 3.234, 16.9777, 0.2475, 0.374, 0.62, 57.1776, 5.4431, 12.9661, 2.8693],
      [15.065, 28.128, 19.4045, 10.1053, 22.5315, 13.6235, 21.1732, 11.8342, 37.0709, 6.9114, 18.3261, 9.8425, 0.3548, 24.1019, 1.442, 24.5768, 8.2661, 1.5194, 11.9065, 30.9111, 14.0666, 24.4653, 13.9224, 48.78, 0.7326, 1.7257, 2.1058, 173.7072, 13.693, 36.6088, 7.0578],
      [13.465, 25.0466, 19.4208, 8.2438, 23.3001, 11.3257, 18.6799, 12.1084, 33.9182, 9.168, 20.4302, 12.8128, 0.4808, 25.4997, 3.946, 25.3577, 3.5155, 1.0266, 13.1947, 27.6893, 12.944, 20.2483, 5.8436, 46.2423, 1.0198, 2.841, 1.267, 157.1152, 16.8541, 47.1912, 8.0689]
    ],
    [
      [49.1448, 161.7425, 83.8866, 35.532, 72.4346, 121.6856, 79.5035, 35.7114, 96.8341, 9.4128, 41.7475, 26.6289, 5.4089, 25.4267, 3.3654, 42.7495, 35.1361, 2.0517, 37.4672, 84.8928, 69.8889, 64.9472, 35.5463, 112.6956, 0.5741, 4.9972, 7.4723, 412.2068, 78.9306, 215.797, 81.4131],
      [11.243, 40.7604, 15.9872, 6.7134, 15.8035, 26.7732, 18.8557, 9.3848, 21.3849, 2.8692, 6.6794, 5.821, 0.8313, 7.9113, 0.396, 8.9846, 5.0235, 0.4009, 5.5981, 16.3949, 11.4665, 10.7078, 6.5338, 29.5266, 0.0979, 0.2592, 0.8929, 91.1563, 18.141, 29.7036, 19.9774],
      [27.5571, 98.3611, 47.9058, 20.7545, 48.4929, 79.3884, 63.4598, 30.7449, 75.5489, 7.6621, 22.4087, 19.3777, 1.7424, 25.5291, 1.1235, 31.1096, 22.8404, 1.5473, 19.8196, 55.5698, 48.5138, 50.283, 34.9199, 95.4067, 0.3264, 1.7011, 3.6348, 315.678, 48.3949, 93.1722, 51.1606],
      [0.0551, 0.136, 0.2204, 0, 0.269, 0.1528, 0.1811, 0.159, 0.2321, 0.0558, 0.1644, 0.1725, 0.0174, 0.1329, 0.1151, 0.1564, 0, 0, 0.1151, 0.1424, 0.1308, 0.062, 0, 0.3711, 0.0016, 0.0425, 0, 0.9588, 0.5336, 1.3272, 0.4489]
    ],
    [
      [14.2409, 23.6348, 23.5663, 8.5715, 12.1691, 10.1545, 8.5247, 2.7617, 14.0997, 4.0904, 20.0155, 7.5892, 1.8454, 6.0879, 0.5041, 9.5581, 5.1723, 0.6909, 6.843, 24.5783, 11.072, 14.3682, 2.5232, 10.3528, 0.0891, 0.9562, 0.9293, 80.271, 11.7749, 49.2137, 4.502],
      [242.2234, 445.8924, 337.3748, 123.4321, 212.2248, 174.9416, 167.2622, 94.8251, 263.7478, 107.1309, 240.3806, 137.8371, 19.149, 206.7395, 5.5707, 166.1164, 51.1848, 16.082, 79.8832, 378.0135, 153.363, 206.1557, 90.9756, 286.7406, 3.4722, 5.8261, 7.4408, 1476.7644, 207.4699, 471.3934, 84.2647],
      [6.4862, 17.191, 19.4277, 8.0706, 13.8301, 11.5245, 12.9504, 7.0977, 22.0987, 3.916, 16.4406, 9.8571, 0, 14.9709, 0.1347, 13.2533, 5.2053, 1.8422, 6.0672, 29.6032, 15.1936, 24.2835, 14.2134, 21.135, 0.2324, 0.5375, 0.6299, 121.1295, 9.7691, 25.1743, 4.679],
      [9.0495, 17.2819, 17.6312, 4.9258, 11.776, 7.3795, 8.2626, 5.3155, 14.0539, 6.8627, 16.1634, 10.7165, 1.0057, 12.2016, 0.7905, 10.0721, 0.4376, 0.3849, 5.2066, 18.8049, 9.3713, 12.1925, 0.2878, 14.7716, 0.2063, 0.6802, 0, 76.8351, 12.986, 35.2187, 4.5544]
    ],
    [
      [3.1639, 5.4586, 8.7945, 3.0258, 3.2381, 5.6638, 0.4308, 0, 0.8168, 0.5736, 6.7668, 1.4159, 1.2183, 0, 0.3696, 2.1415, 2.0417, 0, 5.6884, 6.2975, 4.252, 1.9825, 0, 0, 0, 1.0556, 0.9267, 10.4688, 3.8375, 41.4281, 2.6292],
      [35.2376, 86.9032, 54.8192, 18.6648, 41.9636, 58.4926, 62.4959, 19.8281, 47.7326, 25.1782, 26.904, 23.3614, 4.0463, 28.9774, 1.0167, 32.0995, 9.0662, 0.7093, 15.7402, 48.9467, 21.5696, 13.2164, 0, 82.3381, 1.1483, 0.0391, 2.0299, 262.3423, 47.2724, 79.1016, 36.1295],
      [267.1434, 669.0462, 586.993, 214.8848, 469.8278, 633.5607, 860.3923, 267.4713, 734.7421, 190.3512, 381.6014, 313.7785, 26.3206, 366.7851, 13.2924, 479.6953, 301.892, 14.2907, 250.7862, 690.0319, 573.9718, 700.6237, 428, 1051.394, 16.6712, 17.4575, 45.0434, 3889.6401, 415.5307, 1021.5769, 320.003],
      [1.4551, 3.5919, 5.3933, 0.4246, 4.9705, 3.2829, 4.681, 2.7006, 4.7086, 3.897, 5.7278, 6.4443, 0.4148, 4.2375, 1.3212, 5.0637, 0, 0, 2.7852, 3.7238, 3.2066, 1.1774, 0, 8.2679, 0.1805, 0.4478, 0, 23.5488, 7.3594, 20.8934, 4.2383]
    ],
    [
      [4.1748, 7.1305, 8.2056, 3.649, 3.8569, 3.9303, 2.6609, 0.8917, 4.6603, 1.3724, 3.6011, 2.3221, 0.3578, 1.987, 0.2621, 3.304, 1.4787, 0.0826, 2.567, 5.6405, 2.7045, 5.3412, 1.3863, 4.6952, 0.1, 0.4996, 0.5632, 29.1694, 3.1591, 12.0178, 0.848],
      [54.9216, 101.4756, 92.7993, 41.2595, 51.1708, 51.9563, 39.2971, 14.7094, 65.0477, 26.3841, 35.3299, 31.8128, 3.2388, 39.5049, 2.2412, 43.5376, 13.984, 1.2304, 23.7618, 67.2539, 28.8542, 58.3596, 17.4108, 76.7612, 1.8501, 2.3981, 3.561, 403.6149, 42.546, 98.4363, 12.0978],
      [17.6397, 33.5827, 35.1401, 16.0624, 19.9266, 19.7492, 16.4331, 6.0213, 28.2882, 8.6547, 14.6693, 13.158, 0.9223, 15.9456, 0.7325, 18.6803, 7.355, 0.557, 10.2683, 28.2944, 14.3587, 32.1792, 10.5261, 31.0978, 0.7132, 1.3104, 1.6529, 173.4773, 14.9941, 38.7154, 4.1981],
      [6.264, 11.8112, 13.8551, 5.029, 8.0456, 6.3642, 5.6088, 2.3776, 10.0038, 4.5888, 6.3997, 6.7071, 0.4812, 6.5625, 0.7643, 7.478, 1.1823, 0.13, 4.403, 9.8112, 5.0827, 10.1201, 1.6768, 11.4458, 0.3367, 0.7919, 0.2229, 60.7384, 7.3007, 19.8305, 1.8562]
    ],
    [
      [4.2568, 15.0188, 11.5178, 7.2056, 8.2931, 5.5573, 7.88, 2.6352, 8.5892, 2.5508, 12.8211, 4.0436, 1.1686, 4.4984, 0.4688, 6.2469, 3.1654, 0.1748, 2.3898, 19.5661, 5.0752, 15.361, 4.5442, 9.2564, 0.2369, 0.432, 1.1012, 53.884, 7.288, 28.3094, 3.6038],
      [2.9234, 11.1578, 6.874, 4.2953, 5.6772, 3.794, 5.9421, 2.1951, 6.0762, 2.5169, 6.5105, 2.8233, 0.5714, 4.4686, 0.1933, 4.1963, 1.5289, 0.1235, 1.1625, 12.0161, 2.7646, 8.2741, 2.8458, 7.6557, 0.1841, 0.1035, 0.4554, 37.9445, 5.1276, 12.399, 2.6614],
      [4.1086, 15.6909, 11.1288, 7.1223, 9.3911, 6.1538, 10.5912, 3.8306, 11.2512, 3.5045, 11.5539, 4.9862, 0.6598, 7.6673, 0.2749, 7.6847, 3.4411, 0.2433, 2.1523, 21.5895, 5.8956, 20.1652, 7.4182, 13.1866, 0.3241, 0.2678, 0.9332, 69.3679, 7.6182, 20.7524, 3.9015],
      [9.7112, 37.1325, 29.4793, 15.3768, 25.6387, 13.4949, 24.5866, 10.339, 27.0834, 12.4277, 34.1145, 17.1469, 2.6002, 21.3657, 2.063, 20.8721, 3.8646, 0.4584, 6.2954, 50.8284, 14.2646, 43.1997, 8.1918, 32.9013, 1.2549, 1.1967, 1.5102, 164.8036, 24.9662, 71.5391, 11.8333]
    ]
  ],
  "V_est": [
    [0.5719, 222.2029, 653.96, 628.2653],
    [2135.2317, 446.2793, 1444.135, 6.354],
    [390.7507, 6463.8782, 456.9448, 345.4262],
    [123.686, 1187.3709, 16212.7994, 134.1437],
    [122.6195, 1546.8065, 635.304, 237.2699],
    [257.1402, 165.4622, 292.8567, 740.5408]
  ],
  "p_est": [
    [0.0004, 0.1476, 0.4345, 0.4175],
    [0.5296, 0.1107, 0.3582, 0.0016],
    [0.051, 0.8442, 0.0597, 0.0451],
    [0.007, 0.0672, 0.9182, 0.0076],
    [0.0482, 0.6085, 0.2499, 0.0933],
    [0.1766, 0.1136, 0.2011, 0.5086]
  ],
  "EI_Z": {},
  "EI_V": 9.9311,
  "MAE_Z": {},
  "MAE_V": 288.4165,
  "MAE_p": 0.0839,
  "runtime": 0.004
}
