{
  "X": [
    [10, 18, 22, 98, 79, 108, 0],
    [9, 6, 52, 21, 115, 72, 0],
    [11, 9, 69, 19, 89, 83, 1],
    [13, 10, 108, 12, 138, 124, 0],
    [3, 9, 78, 27, 77, 85, 1],
    [3, 18, 101, 39, 70, 75, 0],
    [10, 21, 160, 41, 102, 90, 0],
    [10, 10, 142, 31, 93, 94, 0],
    [9, 7, 146, 24, 115, 89, 0],
    [23, 7, 66, 27, 175, 91, 2],
    [10, 8, 53, 13, 118, 99, 4],
    [8, 11, 73, 27, 88, 109, 0],
    [12, 15, 83, 30, 105, 95, 1],
    [12, 11, 91, 47, 87, 95, 1],
    [11, 9, 91, 58, 126, 86, 0],
    [3, 16, 95, 47, 127, 90, 0],
    [24, 10, 116, 27, 132, 95, 0],
    [24, 8, 99, 31, 78, 89, 1],
    [10, 10, 114, 41, 99, 119, 3],
    [4, 22, 148, 73, 107, 93, 0],
    [6, 15, 68, 30, 67, 78, 0],
    [7, 10, 58, 14, 67, 96, 0],
    [9, 13, 82, 30, 83, 71, 0],
    [5, 4, 97, 32, 86, 101, 0],
    [13, 30, 26, 80, 67, 89, 0],
    [8, 24, 30, 67, 90, 66, 1],
    [24, 33, 57, 110, 150, 151, 1],
    [17, 30, 41, 88, 107, 139, 0],
    [4, 23, 32, 87, 91, 113, 0],
    [6, 16, 14, 35, 64, 75, 0],
    [2, 39, 52, 125, 105, 95, 1],
    [12, 35, 57, 137, 118, 104, 1],
    [13, 23, 37, 70, 91, 139, 1],
    [13, 26, 46, 68, 98, 97, 1],
    [9, 31, 44, 58, 86, 90, 0],
    [15, 29, 43, 71, 95, 118, 1],
    [16, 17, 27, 68, 130, 101, 0],
    [24, 24, 31, 41, 114, 100, 0],
    [12, 9, 31, 43, 145, 105, 0],
    [17, 16, 17, 71, 142, 112, 1],
    [16, 32, 30, 83, 126, 128, 0],
    [14, 15, 23, 47, 89, 70, 2],
    [14, 11, 24, 63, 86, 97, 1],
    [6, 6, 13, 14, 128, 83, 0],
    [5, 12, 11, 11, 153, 77, 2],
    [8, 9, 15, 8, 153, 77, 0],
    [16, 12, 44, 58, 92, 90, 0],
    [8, 46, 44, 107, 107, 109, 0],
    [4, 25, 36, 89, 131, 112, 0],
    [8, 21, 35, 53, 184, 121, 0],
    [20, 28, 21, 39, 153, 121, 0],
    [8, 13, 17, 55, 162, 140, 0],
    [11, 16, 18, 32, 119, 85, 0],
    [15, 13, 24, 23, 139, 71, 0],
    [5, 11, 35, 24, 115, 83, 1],
    [10, 17, 38, 46, 130, 112, 0],
    [17, 22, 52, 51, 100, 100, 0],
    [28, 20, 43, 46, 92, 102, 0],
    [2, 43, 24, 114, 101, 184, 0],
    [11, 67, 18, 102, 102, 158, 0],
    [19, 17, 33, 113, 101, 119, 0],
    [15, 35, 28, 133, 71, 137, 0],
    [10, 27, 29, 81, 93, 142, 0],
    [20, 18, 29, 49, 68, 94, 0],
    [3, 40, 32, 48, 111, 81, 2],
    [7, 23, 22, 37, 109, 130, 0],
    [17, 27, 30, 72, 98, 121, 0],
    [7, 15, 23, 58, 72, 118, 1],
    [17, 18, 16, 63, 71, 90, 1],
    [27, 24, 27, 66, 108, 141, 0],
    [7, 17, 20, 93, 70, 96, 0],
    [21, 22, 21, 111, 77, 91, 1],
    [5, 25, 29, 104, 76, 118, 0],
    [5, 22, 29, 92, 67, 112, 0],
    [10, 26, 27, 91, 69, 118, 0],
    [8, 20, 16, 57, 82, 164, 2],
    [21, 22, 13, 58, 58, 107, 0],
    [81, 291, 637, 1017, 1268, 1275, 3]
  ],
  "W": [
    [23, 94, 68, 99, 51],
    [8, 23, 117, 83, 44],
    [10, 19, 95, 104, 53],
    [14, 21, 138, 145, 87],
    [16, 38, 83, 103, 40],
    [25, 56, 80, 106, 39],
    [31, 68, 116, 123, 86],
    [29, 56, 100, 121, 74],
    [15, 40, 128, 121, 86],
    [6, 26, 181, 105, 73],
    [9, 21, 113, 97, 65],
    [10, 13, 92, 122, 79],
    [11, 34, 114, 110, 72],
    [12, 47, 108, 128, 49],
    [18, 60, 143, 100, 60],
    [19, 46, 145, 98, 70],
    [15, 32, 137, 124, 96],
    [10, 32, 99, 114, 75],
    [15, 52, 108, 144, 77],
    [35, 82, 120, 127, 83],
    [20, 36, 73, 94, 41],
    [9, 17, 63, 109, 54],
    [17, 39, 88, 89, 55],
    [9, 39, 91, 132, 54],
    [21, 82, 58, 98, 46],
    [25, 53, 75, 76, 57],
    [38, 105, 153, 147, 83],
    [35, 89, 97, 152, 49],
    [19, 81, 80, 111, 59],
    [16, 28, 50, 79, 37],
    [42, 121, 97, 110, 49],
    [40, 131, 104, 111, 78],
    [32, 51, 83, 148, 60],
    [30, 65, 93, 93, 68],
    [27, 54, 86, 98, 53],
    [25, 65, 89, 127, 66],
    [15, 63, 115, 113, 53],
    [19, 39, 121, 104, 51],
    [9, 39, 129, 107, 61],
    [16, 56, 130, 118, 56],
    [17, 74, 114, 131, 79],
    [13, 41, 87, 82, 37],
    [12, 60, 79, 99, 46],
    [7, 9, 111, 84, 39],
    [9, 11, 139, 67, 45],
    [5, 7, 137, 75, 46],
    [13, 53, 100, 89, 57],
    [44, 99, 108, 118, 52],
    [30, 88, 129, 120, 30],
    [20, 55, 162, 121, 64],
    [18, 32, 138, 124, 70],
    [15, 43, 135, 133, 69],
    [13, 36, 114, 84, 34],
    [18, 25, 130, 68, 44],
    [15, 22, 111, 83, 43],
    [14, 43, 134, 111, 51],
    [21, 45, 97, 115, 64],
    [24, 46, 102, 109, 50],
    [39, 94, 102, 185, 48],
    [47, 85, 84, 158, 84],
    [22, 101, 84, 122, 73],
    [25, 118, 72, 147, 57],
    [31, 75, 79, 133, 64],
    [15, 45, 55, 99, 64],
    [31, 48, 94, 92, 52],
    [18, 37, 104, 128, 41],
    [26, 65, 96, 124, 54],
    [16, 61, 72, 103, 42],
    [17, 52, 77, 94, 36],
    [28, 55, 94, 140, 76],
    [15, 91, 64, 97, 36],
    [19, 96, 72, 103, 54],
    [28, 99, 69, 121, 40],
    [30, 75, 57, 120, 45],
    [33, 78, 56, 113, 61],
    [18, 46, 70, 163, 52],
    [24, 50, 65, 107, 33],
    [288, 967, 1194, 1343, 780]
  ],
  "method": "mvn_pdf",
  "cond_prob": [
    [
      [0.0022898065031, 0.54997866426, 0.10002320097, 0.22949455823, 0.0043504907438, 0.11386327929, 0],
      [0.0010685507914, 0.012503091979, 0.051080266199, 0.91904948392, 0.0035034858442, 0.012795121269, 0],
      [0.04209064746, 0.00067505496729, 0.052539877673, 0.0023996799787, 0.8814508018, 0.020843938124, 0],
      [0.01972366953, 0.015358163887, 0.045084073638, 0.025402077855, 0.017916359436, 0.87651565566, 0],
      [0.098668301281, 0.051153688498, 0.13454679182, 0.071627249534, 0.33055366544, 0.31345030343, 0]
    ],
    [
      [0.002274234886, 0.44460489367, 0.31338466583, 0.14052899614, 0.0096728240591, 0.089534385421, 0],
      [0.000162695004, 0.011508984787, 0.23744119041, 0.74242868521, 4.7699356492e-05, 0.0084107452314, 0],
      [0.029747328179, 8.5282828998e-05, 0.12336952115, 0.00045403204254, 0.83481243825, 0.011531397557, 0],
      [0.02347899479, 0.01026341814, 0.18553267186, 0.015566123129, 0.022843490912, 0.74231530117, 0],
      [0.080656140258, 0.02992300918, 0.32268930807, 0.03306359778, 0.34891943868, 0.18474850603, 0]
    ],
    [
      [0.0019451703674, 0.47825500473, 0.32501669478, 0.12603751503, 0.00023003800738, 0.068428954837, 8.66222429e-05],
      [0.0002895389191, 0.014223773504, 0.2559625406, 0.7278270498, 0.00043695269725, 0.0010912988233, 0.00016884565618],
      [0.039590578086, 0.0005042640725, 0.17399651443, 0.0011596300714, 0.76357016154, 0.015226957236, 0.0059518945684],
      [0.025726864045, 0.017282932314, 0.22652482635, 0.01803435949, 0.020199779012, 0.69094201023, 0.0012892285599],
      [0.085629212792, 0.039657890728, 0.39242064094, 0.036324012448, 0.27074443689, 0.16963105232, 0.0055927538845]
    ],
    [
      [0.0020718287372, 0.41070689801, 0.42779542534, 0.060391681592, 0.0049980651913, 0.09403610113, 0],
      [0.00016642199281, 0.017049655419, 0.49334313949, 0.47579229839, 0.00097327695181, 0.012675207753, 0],
      [0.027012304326, 8.6109436104e-05, 0.168020712, 1.0833871062e-05, 0.78502118481, 0.019848855556, 0],
      [0.019163529381, 0.010519429971, 0.22629444199, 0.0035025798898, 0.025949365517, 0.71457065325, 0],
      [0.074265399755, 0.027067358805, 0.40978282496, 0.0075115980832, 0.29671272146, 0.18466009693, 0]
    ],
    [
      [0.00061162274693, 0.3839076457, 0.42609723828, 0.093956513306, 0.0062492663393, 0.088994248877, 0.00018346474987],
      [2.3471815215e-06, 0.01173737541, 0.38582659423, 0.58467307082, 0.00326145081, 0.014057803892, 0.00044135764816],
      [0.013275251418, 0.00077665076527, 0.1874685252, 0.0058846961526, 0.76334586448, 0.022463711021, 0.0067853009666],
      [0.0056431066193, 0.011936437453, 0.22358036577, 0.017380638809, 0.025446118631, 0.71442021078, 0.0015931219449],
      [0.032675974842, 0.027938558302, 0.44830920853, 0.025012087946, 0.26993549093, 0.18980314364, 0.0063255358203]
    ],
    [
      [0.00020056807036, 0.46880855041, 0.38733918397, 0.082847888079, 0.006155356155, 0.054648453322, 0],
      [7.3181836774e-07, 0.019978436126, 0.38521024597, 0.56973863276, 0.0081218326946, 0.016950120636, 0],
      [0.013729287416, 0.0057308701903, 0.23059009988, 0.01147843697, 0.7111749735, 0.027296332046, 0],
      [0.006813767799, 0.026941484262, 0.29218696279, 0.028126611348, 0.033035015198, 0.61289615861, 0],
      [0.030111344524, 0.047351971018, 0.52117232259, 0.028813938543, 0.23065599934, 0.14189442398, 0]
    ],
    [
      [0.00157223478, 0.40990694005, 0.46164741921, 0.06678496306, 0.0051499688163, 0.05493847409, 0],
      [0.0009985757337, 0.019950369969, 0.47712611835, 0.4726093759, 0.011296607375, 0.018018952669, 0],
      [0.028128270627, 0.0066750424572, 0.2476353105, 0.013181327675, 0.67419169011, 0.030188358626, 0],
      [0.017425363011, 0.02304841993, 0.31736408214, 0.023736551047, 0.036776231129, 0.58164935274, 0],
      [0.052059982894, 0.038686036329, 0.52887064924, 0.027251148778, 0.21328452539, 0.13984765737, 0]
    ],
    [
      [0.0021701690349, 0.25179599407, 0.59468878556, 0.071593284147, 0.0047383523274, 0.07501341486, 0],
      [0.0012247883539, 0.0087083404964, 0.54227450277, 0.41738612468, 0.0091497982752, 0.021256445424, 0],
      [0.030339072462, 0.0011020702279, 0.22136831049, 0.012320743141, 0.70221257903, 0.032657224647, 0],
      [0.019807778612, 0.0079213941997, 0.28613661105, 0.022024077163, 0.038015635166, 0.62609450381, 0],
      [0.059970655296, 0.015426397071, 0.50847691997, 0.022340326035, 0.23687904488, 0.15690665675, 0]
    ],
    [
      [0.0013736145144, 0.26885816402, 0.58347229999, 0.074231832921, 0.0076864725216, 0.064377616037, 0],
      [0.00034033841938, 0.0088165104809, 0.51823048949, 0.44832290772, 0.0085952386266, 0.01569451527, 0],
      [0.023907238346, 0.00011408260052, 0.23450745447, 0.0082201228462, 0.69953074495, 0.033720356786, 0],
      [0.015351029305, 0.0086440076574, 0.33216154257, 0.016827889746, 0.040481304468, 0.58653422626, 0],
      [0.047071874318, 0.018069065361, 0.53849064068, 0.021689021092, 0.23375256014, 0.14092683841, 0]
    ],
    [
      [0.0033616916253, 0.50237406484, 0.27007660735, 0.18053942123, 0, 0.043618537422, 2.9677537959e-05],
      [0, 0.011138210594, 0.18614697104, 0.80168266692, 0, 0.00089650446314, 0.0001356469917],
      [0.050055388938, 9.298675064e-05, 0.113593199, 0.00018391210773, 0.81688459503, 0.01199088849, 0.0071990296831],
      [0.040396033713, 0.012424845857, 0.17518509846, 0.019901958034, 0.025517772577, 0.72551917675, 0.0010551146158],
      [0.13257836867, 0.032530448201, 0.28198513359, 0.040411239011, 0.33513044081, 0.16938514088, 0.0079792288452]
    ],
    [
      [0.0023379903723, 0.50632691093, 0.28898901353, 0.063637656068, 0.0088733031636, 0.12983009867, 5.0272660235e-06],
      [0.014351064227, 0.022784185846, 0.37322917767, 0.56176952763, 0.0043034738823, 0.023560360588, 2.2101573688e-06],
      [0.03038906387, 8.8843708262e-05, 0.10885619642, 1.0192811509e-05, 0.82894230618, 0.017160854317, 0.014552542699],
      [0.010395719885, 0.0096680073168, 0.13133457658, 0.0030989518912, 0.024491453061, 0.8198792007, 0.0011320905621],
      [0.080542102951, 0.031026982309, 0.26955510806, 0.0050515522141, 0.33513255038, 0.24414311591, 0.034548588182]
    ],
    [
      [0.0007926881208, 0.45225226684, 0.22465800044, 0.28699610034, 0.00027005258431, 0.035030891668, 0],
      [0, 0.0092104114049, 0.050210941432, 0.93974229315, 0.00035102154354, 0.00048533247213, 0],
      [0.027066984, 0.00026883138404, 0.2087741873, 0.0037972634158, 0.74204132982, 0.018051404084, 0],
      [0.011525253304, 0.018818749074, 0.17981021419, 0.033115547918, 0.018931949993, 0.73779828553, 0],
      [0.051845945414, 0.051102811506, 0.36653932146, 0.095239798803, 0.2204460247, 0.21482609812, 0]
    ],
    [
      [0.0013635365233, 0.60888106297, 0.24747560795, 0.10359502453, 0.00028556366727, 0.038344183023, 5.5021329585e-05],
      [0.00032754856473, 0.02207294667, 0.25438714082, 0.7120708187, 0.00088251635682, 0.010085266591, 0.0001737622896],
      [0.037973155478, 0.0015414059611, 0.18843550226, 0.00097422465929, 0.74964948879, 0.016379465238, 0.005046757608],
      [0.02030422227, 0.025530643722, 0.20324872552, 0.01695546163, 0.018919824097, 0.71421109888, 0.00083002388181],
      [0.075159170455, 0.063440792105, 0.38596664528, 0.037137284774, 0.24202265098, 0.19173381956, 0.0045396368503]
    ],
    [
      [0.0015963041255, 0.45983573489, 0.30199683037, 0.18771086217, 0.0006750965597, 0.048109893496, 7.5278381899e-05],
      [0.00082074947128, 0.010624587178, 0.18380086822, 0.79365639169, 0.0027639645398, 0.0080363394677, 0.0002970994337],
      [0.045008633254, 0.0010863455234, 0.23658912479, 0.0021744731911, 0.689360876, 0.020039637307, 0.0057409099358],
      [0.024302613399, 0.020249566452, 0.24537304732, 0.031841460569, 0.021000998327, 0.65612085396, 0.0011114599648],
      [0.081032698343, 0.046394811461, 0.44444942234, 0.063981003814, 0.19842632886, 0.16116782013, 0.0045479150503]
    ],
    [
      [0.001786627747, 0.34890739044, 0.35031833521, 0.2123601257, 0.0076538526269, 0.078973668274, 0],
      [0.00042002460584, 0.0059630747466, 0.19034001805, 0.79298270696, 0.0029533805211, 0.0073407951109, 0],
      [0.032226919839, 9.2576751136e-05, 0.1892135495, 0.0028551055899, 0.75913867554, 0.01647317278, 0],
      [0.020967421801, 0.0071330410659, 0.21835495703, 0.027302603266, 0.02002454067, 0.70621743617, 0],
      [0.07062412512, 0.027255665088, 0.40634726003, 0.057666914894, 0.25209571921, 0.18601031566, 0]
    ],
    [
      [2.5475422867e-05, 0.49384976817, 0.26894978501, 0.16609562878, 0.0049212644827, 0.066158078132, 0],
      [8.1420063911e-08, 0.010994061613, 0.18328580691, 0.79570319408, 0.0036240786711, 0.0063927772999, 0],
      [0.008569021091, 0.0018186758267, 0.2186394861, 0.0021458321319, 0.74951927778, 0.019307707073, 0],
      [0.0020861133371, 0.020174332301, 0.20576604451, 0.026428883394, 0.021847830994, 0.72369679546, 0],
      [0.022179500806, 0.055290500145, 0.42272870171, 0.062009427051, 0.22740579487, 0.21038607542, 0]
    ],
    [
      [0.003454458939, 0.38155645952, 0.43328278515, 0.11314050464, 0.0019320364796, 0.066633755265, 0],
      [0.00015852509138, 0.011114174386, 0.34561488804, 0.63358468346, 0.0018782737695, 0.0076494552527, 0],
      [0.053848770502, 9.0181436736e-05, 0.17697851114, 0.0024548161613, 0.74839553916, 0.018232181599, 0],
      [0.039761287699, 0.011538446947, 0.27582692854, 0.016423990272, 0.028246641635, 0.62820270491, 0],
      [0.12120238624, 0.025811221338, 0.41658840251, 0.027659353664, 0.26956398192, 0.13917465433, 0]
    ],
    [
      [0.0032319659592, 0.39290882667, 0.38655738558, 0.15499654054, 0.00094069081282, 0.061298060346, 6.6530088603e-05],
      [0, 0.0083675315434, 0.2598631973, 0.72268503893, 0.0030100840675, 0.0058583693311, 0.0002157788274],
      [0.085686320845, 0.00013752827574, 0.25422493786, 0.003630142927, 0.62798315741, 0.022763470027, 0.0055744426529],
      [0.038995714693, 0.013241085097, 0.25181004605, 0.023924361154, 0.023092612591, 0.64788484159, 0.0010513388269],
      [0.14718964136, 0.030400689647, 0.43925586311, 0.043164693701, 0.1745517331, 0.16116128139, 0.0042760977031]
    ],
    [
      [0.0015702839415, 0.38052625518, 0.41487967117, 0.11853361723, 0.0038072634039, 0.080682378835, 5.3023349034e-07],
      [0.00030965984056, 0.010903188878, 0.32927582145, 0.64319875455, 0.0038194754979, 0.012492894197, 2.0558137555e-07],
      [0.02882537335, 0.00010384583461, 0.21340019131, 0.004349822187, 0.71698039216, 0.020777874276, 0.015562500884],
      [0.016475410399, 0.010600631251, 0.23064684104, 0.019346485849, 0.023579009761, 0.69855049593, 0.00080112577315],
      [0.058113558571, 0.028408235069, 0.44667657722, 0.032727087615, 0.23266257875, 0.1857772985, 0.015634664278]
    ],
    [
      [3.1578876423e-05, 0.41168523134, 0.3837979136, 0.14978704649, 0.0054523240368, 0.049245905649, 0],
      [1.4851895232e-06, 0.010722121118, 0.25697407958, 0.70671565867, 0.011113974624, 0.014472680813, 0],
      [0.011853712602, 0.0036180189959, 0.25380258736, 0.0090201777159, 0.6970359016, 0.024669601718, 0],
      [0.004435987521, 0.022128818089, 0.31322929579, 0.03419664141, 0.032637947148, 0.59337131004, 0],
      [0.024252494293, 0.041774467404, 0.52118996926, 0.0527876455, 0.21817464168, 0.14182078186, 0]
    ],
    [
      [0.0012567013113, 0.51441739126, 0.30595651726, 0.10630435931, 0.0033277006387, 0.068737330219, 0],
      [5.3112158917e-05, 0.018082322607, 0.28643562342, 0.68163814484, 0.0028870289883, 0.01090376799, 0],
      [0.02893304239, 0.0019479334125, 0.19719687742, 0.002856058086, 0.75120695127, 0.017859137427, 0],
      [0.015098877719, 0.020523905317, 0.21230375515, 0.018164984846, 0.02046603817, 0.7134424388, 0],
      [0.059549935023, 0.048518105415, 0.41993322382, 0.034608263021, 0.24555116862, 0.19183930411, 0]
    ],
    [
      [0.0014743800145, 0.55017790168, 0.2827278896, 0.08379023931, 0.0022380710922, 0.079591518312, 0],
      [7.8338495124e-05, 0.021811435072, 0.31553738151, 0.64999993006, 0.00080644458784, 0.011766470272, 0],
      [0.028112381351, 0.00082761810989, 0.1649484085, 3.3855557382e-05, 0.79008105139, 0.015996685085, 0],
      [0.015990608171, 0.018534003434, 0.18233910294, 0.0080077617909, 0.018760511313, 0.75636801235, 0],
      [0.06428412055, 0.048245521732, 0.36712225096, 0.024461298144, 0.28048418206, 0.21540262655, 0]
    ],
    [
      [0.0018961981852, 0.47546491766, 0.35673441548, 0.096695789144, 0.0057788035419, 0.063429875984, 0],
      [0.0005876983051, 0.017309574973, 0.33715957282, 0.63069735158, 0.0033270626053, 0.01091873972, 0],
      [0.034275701076, 0.002387184001, 0.18753789105, 0.0049202433013, 0.75265183525, 0.018227145326, 0],
      [0.021872621661, 0.019785533632, 0.25135572874, 0.018636913186, 0.024594113991, 0.66375508879, 0],
      [0.072398534081, 0.041291605282, 0.43476904231, 0.030314694343, 0.26090485911, 0.16032126488, 0]
    ],
    [
      [0.0010882735436, 0.26890699289, 0.50183569481, 0.14533295116, 0.0036771004756, 0.079158987116, 0],
      [6.5036439601e-06, 0.0050504060172, 0.3272204606, 0.64903840816, 0.0050175618796, 0.013666659706, 0],
      [0.015662578837, 5.3117300424e-05, 0.20905930097, 0.00511001662, 0.74632526635, 0.023789719922, 0],
      [0.010781981213, 0.0035034992003, 0.2629926892, 0.022936499808, 0.028870017434, 0.67091531314, 0],
      [0.039656216696, 0.016955104824, 0.48115647075, 0.034942148785, 0.26008851192, 0.16720154703, 0]
    ],
    [
      [0.0014049295084, 0.79659186998, 0.062469589223, 0.10191979523, 0.00072368182933, 0.036890134234, 0],
      [2.5294082093e-05, 0.031762630671, 0.07372659219, 0.87988421516, 0.0036115980846, 0.010989669812, 0],
      [0.056492220942, 0.00037434132953, 0.064631675841, 0.0016622188429, 0.86175659959, 0.015082943451, 0],
      [0.035540847424, 0.047890777866, 0.080047223077, 0.029057793609, 0.022368821089, 0.78509453694, 0],
      [0.13497544573, 0.12939189103, 0.15324550014, 0.060111004141, 0.31553531295, 0.20674084601, 0]
    ],
    [
      [0.0012745054981, 0.61237735091, 0.093155071958, 0.2535951058, 0.0015302365127, 0.037774249185, 0.00029348013397],
      [0.00051318007453, 0.012846221156, 0.047982575625, 0.93189273734, 0.0024902915078, 0.0036507137329, 0.00062428056194],
      [0.027410747547, 0.0016597906856, 0.068251993844, 0.00095690372863, 0.88573375238, 0.0098760925461, 0.0061107192725],
      [0.02311832431, 0.040408708401, 0.12150255622, 0.060969763469, 0.028392742014, 0.7242051807, 0.0014027248835],
      [0.072423510615, 0.084459129229, 0.18903426109, 0.11516381531, 0.37266454063, 0.15933079418, 0.0069239489524]
    ],
    [
      [0.0021713079552, 0.59800651427, 0.12431165564, 0.18823055815, 0.002729824954, 0.084491378717, 5.8760310885e-05],
      [1.3255617369e-05, 0.015055724676, 0.086474087181, 0.88865083806, 0.0014243623712, 0.0082170070969, 0.00016472499339],
      [0.061589855321, 0.0012631112159, 0.094830170907, 0.00092595510661, 0.81874534243, 0.018688209718, 0.0039573553046],
      [0.026413959439, 0.021106134603, 0.0846075595, 0.025138130077, 0.014801217979, 0.82751621543, 0.00041678296889],
      [0.12783130791, 0.06504871764, 0.1957837414, 0.068697886034, 0.2687095442, 0.27014894106, 0.0037798617572]
    ],
    [
      [0.0028744239128, 0.62696536447, 0.12579647392, 0.15708181282, 0.0051924617451, 0.082089463125, 0],
      [2.6166854444e-05, 0.018581659844, 0.10183978425, 0.86560732205, 0.0028874350683, 0.011057631939, 0],
      [0.050454392709, 0.0008967808836, 0.061552338561, 0.00022615526199, 0.87258627093, 0.014284061652, 0],
      [0.034119948371, 0.022713754355, 0.086545247412, 0.021403292877, 0.024455704881, 0.81076205211, 0],
      [0.13911751159, 0.058427879787, 0.17159037077, 0.044649945133, 0.3714927897, 0.21472150302, 0]
    ],
    [
      [0.00011012276434, 0.66078784613, 0.087077819225, 0.18683023554, 0.0013109871028, 0.063882989233, 0],
      [1.2816773368e-06, 0.015484988017, 0.059553851314, 0.9147353554, 0.0021277775401, 0.008096746056, 0],
      [0.016379637652, 0.0012578678105, 0.080566669497, 0.0020879247693, 0.88006393878, 0.019643961488, 0],
      [0.0042282128429, 0.031013483085, 0.074391166055, 0.034388339539, 0.018240793679, 0.8377380048, 0],
      [0.037594935828, 0.095722387234, 0.18337129638, 0.091059696056, 0.31140505192, 0.28084663258, 0]
    ],
    [
      [0.0016139311773, 0.65249435841, 0.077853913966, 0.20203404172, 0.003361970061, 0.062641784669, 0],
      [0.00050367832744, 0.015717708106, 0.048348153075, 0.92651108908, 0.0020567470888, 0.0068626243239, 0],
      [0.02708630148, 0.0014605962327, 0.037369085472, 0.0022116997541, 0.91796316106, 0.013909156001, 0],
      [0.021479389604, 0.029982108895, 0.06071747112, 0.036180242385, 0.028135357435, 0.82350543056, 0],
      [0.078618574468, 0.072388595246, 0.12798525941, 0.077197856817, 0.42615589919, 0.21765381486, 0]
    ],
    [
      [1.6369675654e-05, 0.65738482361, 0.11322431261, 0.18266789447, 0.0033533941033, 0.04314120733, 0.00021199820369],
      [7.5532248011e-07, 0.013756899139, 0.083286657804, 0.89479826186, 0.0024408155542, 0.0051035824445, 0.00061302787174],
      [0.0058428457404, 0.0027082590454, 0.098542812968, 0.00093146356985, 0.87492689687, 0.011641270263, 0.0054064515389],
      [0.0020964657814, 0.04247216038, 0.141040057, 0.04265105957, 0.023441045015, 0.74735430307, 0.00094490917631],
      [0.024527628711, 0.09776762946, 0.24681294179, 0.087252861787, 0.3493345881, 0.18841549516, 0.0058888549856]
    ],
    [
      [0.0014477282157, 0.60210928329, 0.12865302627, 0.2100479623, 0.0026269635839, 0.054989428283, 0.00012560804444],
      [0.00036233666495, 0.014501286279, 0.081465033784, 0.89843025996, 0.00042706907351, 0.0044003910554, 0.0004136231831],
      [0.032408226294, 0.00059282753852, 0.091990837324, 0.0010572079808, 0.8580950444, 0.011314026063, 0.0045418303981],
      [0.021461911528, 0.029527429105, 0.1260705634, 0.038169544782, 0.020715631362, 0.76337889177, 0.00067602805434],
      [0.078742269924, 0.072778993218, 0.22591128082, 0.084063440414, 0.33714943217, 0.19631097364, 0.0050436098179]
    ],
    [
      [0.001837727171, 0.50966629591, 0.12001762873, 0.3138350787, 0.00018972808563, 0.054278084268, 0.00017545712392],
      [0.00049701643473, 0.0085899336791, 0.050915546679, 0.9233212363, 0.00038287190148, 0.016011915068, 0.00028147993772],
      [0.04331421959, 0.0010363796452, 0.082529406212, 0.00022946195582, 0.84933182006, 0.017827249131, 0.0057314634027],
      [0.023773510768, 0.019884898178, 0.085025939208, 0.041356421875, 0.016629850094, 0.81219833715, 0.0011310427245],
      [0.096704751213, 0.053726791204, 0.18548272136, 0.1121349775, 0.30031072258, 0.24602463431, 0.005615401826]
    ],
    [
      [0.0017936833493, 0.60875506313, 0.14102944045, 0.1701003786, 0.0014255296354, 0.076702993411, 0.00019291142802],
      [0.00011714094664, 0.016745273456, 0.10638937431, 0.86792978705, 0.00095664777251, 0.0074407182557, 0.00042105820022],
      [0.046008073882, 0.00056130405939, 0.10473485252, 0.00049922061519, 0.82697605215, 0.015671056198, 0.0055494405798],
      [0.021583116426, 0.022190646309, 0.10394614462, 0.023561447895, 0.015436640572, 0.81238412832, 0.00089787585924],
      [0.097832274108, 0.066661381578, 0.22715404004, 0.062410445765, 0.28750987622, 0.25303134339, 0.0054006389016]
    ],
    [
      [0.0010540675539, 0.71963991642, 0.099794110886, 0.13354746165, 0.0014140934412, 0.044550350045, 0],
      [0.0004085872287, 0.023537899656, 0.096519656254, 0.87456381603, 9.7094300583e-06, 0.0049603314059, 0],
      [0.03590792297, 0.00041050259255, 0.12561544955, 0.00074436357678, 0.82186440597, 0.015457355337, 0],
      [0.019415178302, 0.039938207553, 0.1244032006, 0.031262343399, 0.014885406001, 0.77009566415, 0],
      [0.074692596541, 0.11980053042, 0.24715198582, 0.076227312252, 0.26079597106, 0.22133160391, 0]
    ],
    [
      [0.001648616929, 0.68155553419, 0.10037060668, 0.15956826395, 0.0021644378209, 0.054556089716, 0.00013645071582],
      [0.00026413003363, 0.020169140068, 0.082230371328, 0.89143223907, 4.432892709e-05, 0.0055024171538, 0.00035737341533],
      [0.050050353426, 0.00033063053551, 0.095917704496, 0.00080958464892, 0.83234104289, 0.014997193396, 0.0055534906098],
      [0.026709084427, 0.034167056552, 0.10243470854, 0.031537672891, 0.016156807309, 0.78798588571, 0.0010087845687],
      [0.10750122648, 0.09517386729, 0.20605874261, 0.075611520766, 0.28504152014, 0.22529519612, 0.0053179266003]
    ],
    [
      [0.0025807542953, 0.63136648846, 0.10063464743, 0.2001432646, 0.0037563356619, 0.061518509554, 0],
      [3.6399873942e-06, 0.015563165072, 0.063262285291, 0.91189374783, 0.0029264413093, 0.0063507205134, 0],
      [0.043163944928, 0.0012418860919, 0.040869812811, 0.0018015456024, 0.90193703783, 0.010985772736, 0],
      [0.037651163125, 0.028129592063, 0.082636130504, 0.034029510307, 0.032430893297, 0.7851227107, 0],
      [0.12721932578, 0.060897405091, 0.1408876433, 0.065962877528, 0.42211016735, 0.18292258094, 0]
    ],
    [
      [0.0011757018411, 0.74058818702, 0.082395966614, 0.11298034522, 0.0036821264455, 0.059177672858, 0],
      [0, 0.02542395833, 0.092012201926, 0.86974666087, 0.0031377906, 0.0096793882776, 0],
      [0.086329829836, 0.0020018883276, 0.078317617867, 0.0010649384889, 0.81032794192, 0.021957783561, 0],
      [0.036032091163, 0.035114114205, 0.077684264446, 0.021179395905, 0.023751735733, 0.80623839855, 0],
      [0.19185127008, 0.098886151115, 0.16255697049, 0.051014488936, 0.26054518188, 0.23514593751, 0]
    ],
    [
      [0.0023085259536, 0.52193951163, 0.15181333548, 0.22129690375, 0.0048451766523, 0.097796546533, 0],
      [0.00036609689393, 0.010554196268, 0.087646077971, 0.89264477962, 0.0011271453579, 0.0076617038858, 0],
      [0.031054670539, 9.9564254865e-05, 0.053167921355, 0.00083814143878, 0.90211126525, 0.01272843716, 0],
      [0.023120553924, 0.014041868374, 0.085026599527, 0.02445404688, 0.027790600461, 0.82556633083, 0],
      [0.089917929807, 0.038944377638, 0.16817991698, 0.056893085232, 0.4191227422, 0.22694194814, 0]
    ],
    [
      [0.0023938621324, 0.55180397324, 0.067593613914, 0.30381369843, 0.0072001110689, 0.067120573548, 7.4167670679e-05],
      [0.00046253240486, 0.009928836639, 0.024555531797, 0.95481709366, 0.0035840426481, 0.0063911499376, 0.00026081291647],
      [0.04717855428, 0.0019934698549, 0.025129944362, 0.0030406262942, 0.90126962222, 0.016802710587, 0.0045850724016],
      [0.033074700881, 0.025168498394, 0.046356971242, 0.050924880775, 0.02791162005, 0.81570472964, 0.00085859902238],
      [0.12321017198, 0.060465851516, 0.10368530398, 0.11187153983, 0.37902624607, 0.21661885631, 0.0051220303052]
    ],
    [
      [0.0010771568934, 0.78043740246, 0.051794798033, 0.14228829063, 0.00051818217754, 0.023884169809, 0],
      [0.00088021171375, 0.023879388003, 0.044638642707, 0.91576774892, 0.0025761237042, 0.01225788495, 0],
      [0.0424727339, 0.0004975447771, 0.059867434424, 0.0035996145975, 0.87301498095, 0.020547691352, 0],
      [0.026138234891, 0.044037682249, 0.061459287009, 0.040176826299, 0.021689363382, 0.80649860617, 0],
      [0.0968424333, 0.14101054388, 0.13848322469, 0.090389434553, 0.29665244706, 0.23662191651, 0]
    ],
    [
      [0.0022318469522, 0.65132568867, 0.091522300803, 0.20108832178, 0.004306291678, 0.049468356899, 5.7193219725e-05],
      [0, 0.014651140881, 0.05870017996, 0.9205074748, 0.0017207412757, 0.0042316517183, 0.0001888113628],
      [0.056824062897, 0.0017165508723, 0.060563720363, 0.0019452496444, 0.85278500454, 0.0119734995, 0.014191912182],
      [0.043031668222, 0.035599983473, 0.09886081742, 0.042093573559, 0.025893725752, 0.75311213047, 0.0014081011023],
      [0.14861339793, 0.077392721634, 0.16291545976, 0.081733394569, 0.3394023489, 0.17260876986, 0.017333907353]
    ],
    [
      [0.0032170931782, 0.54609454312, 0.12337806124, 0.22473491079, 0.0047360742833, 0.097717665899, 0.0001216514912],
      [0, 0.011290447668, 0.068971725006, 0.90886804259, 0.0016212472181, 0.0086377675281, 0.00061076999255],
      [0.055908492949, 0.00033310789564, 0.057747323813, 0.0013049451696, 0.86220222564, 0.016013429082, 0.0064904754478],
      [0.031742723751, 0.016414223607, 0.068371771098, 0.026715598989, 0.020998513466, 0.83435422042, 0.0014029486655],
      [0.13917596277, 0.046045977426, 0.15326773576, 0.065720946675, 0.34028399166, 0.24876072257, 0.0067446631368]
    ],
    [
      [0.0018403510285, 0.51931213836, 0.12216553246, 0.23910675193, 0.00071613123597, 0.11685909498, 0],
      [0, 0.009871433582, 0.068105787141, 0.920448805, 0.00092055978662, 0.0006534144909, 0],
      [0.01833535272, 6.927229179e-05, 0.020916887657, 0.0016231533868, 0.94524964765, 0.013805686297, 0],
      [0.016685398653, 0.011968886072, 0.055661478808, 0.022554629985, 0.038538514664, 0.85459109182, 0],
      [0.065392818053, 0.032381960894, 0.11627052407, 0.050447552481, 0.50837835699, 0.22712878751, 0]
    ],
    [
      [0.00093443880743, 0.74028836057, 0.072794187861, 0.07394694666, 0.010721456805, 0.10122080261, 9.380669134e-05],
      [8.6369242144e-06, 0.038782470078, 0.10960629501, 0.8259338515, 0.0042916559864, 0.021248314855, 0.00012877564817],
      [0.012868751598, 0.0023283224227, 0.015854682316, 1.5477134869e-05, 0.93927136818, 0.019940508836, 0.0097208895104],
      [0.011684037852, 0.022279073657, 0.036331644842, 0.0048873549657, 0.030392635359, 0.89308807433, 0.0013371789898],
      [0.053775734143, 0.068765840717, 0.10002582262, 0.02043557798, 0.45025048725, 0.29436999121, 0.012376546075]
    ],
    [
      [0.001498604933, 0.74354072703, 0.095582671947, 0.084628544408, 0.00041102389107, 0.074338427787, 0],
      [2.6152942394e-05, 0.034210748842, 0.12671074502, 0.83737700822, 0.00057529826485, 0.0011000467084, 0],
      [0.022980957741, 0.00072456851403, 0.025367619123, 1.3934409102e-05, 0.93584763488, 0.015065285334, 0],
      [0.018652958765, 0.026781552179, 0.059638285948, 0.0071422603986, 0.036657946808, 0.8511269959, 0],
      [0.074890451889, 0.063803017894, 0.12362774259, 0.025600862532, 0.47898795225, 0.23308997284, 0]
    ],
    [
      [0.0022240569676, 0.51725053333, 0.15713718658, 0.23362269476, 0.0044600491342, 0.085305479232, 0],
      [0, 0.0096806202634, 0.088823822445, 0.89552601036, 0.00059288976675, 0.0053766571595, 0],
      [0.066966411655, 0.00068107322429, 0.13583213629, 0.00045584459741, 0.7777927693, 0.018271764932, 0],
      [0.024744663354, 0.017427003574, 0.10826507681, 0.030330094234, 0.012871861529, 0.8063613005, 0],
      [0.12407317641, 0.055150167583, 0.24615348279, 0.083422167934, 0.22781971224, 0.26338129304, 0]
    ],
    [
      [0.00058523435369, 0.71958795941, 0.077024948719, 0.1582301614, 0.0018654002569, 0.042706295866, 0],
      [2.1296149193e-06, 0.020927447853, 0.064558807363, 0.90740999164, 0.00088061947787, 0.0062210040478, 0],
      [0.029113747445, 0.00054608879102, 0.10531255924, 0.0027174544336, 0.8440434153, 0.018266734787, 0],
      [0.014171214919, 0.044736176501, 0.10043343599, 0.041120139575, 0.015742674322, 0.78379635869, 0],
      [0.060722130232, 0.13323973139, 0.21143612466, 0.097281195715, 0.26570031996, 0.23162049805, 0]
    ],
    [
      [0.00027692797052, 0.61461003101, 0.11619840028, 0.18301473388, 0.0078352156366, 0.078064691215, 0],
      [3.7162356082e-06, 0.014695843059, 0.082707280345, 0.88845194573, 0.004786768663, 0.0093544459667, 0],
      [0.013279318033, 0.0019059410669, 0.067354358724, 0.0024613686995, 0.89800741486, 0.016991598618, 0],
      [0.0075948838199, 0.02370909093, 0.087373768853, 0.02789034114, 0.026388682414, 0.82704323284, 0],
      [0.045564901582, 0.072583585704, 0.20207475945, 0.055380975341, 0.37780364941, 0.24659212852, 0]
    ],
    [
      [0.0011827196852, 0.65759635134, 0.12116422024, 0.12514827051, 0.0072388983815, 0.087669539848, 0],
      [3.9954048316e-06, 0.023550584893, 0.11828399224, 0.84332238601, 0.0028572925433, 0.011981748909, 0],
      [0.016438219929, 0.0010747750069, 0.042476957216, 0, 0.92666764697, 0.01334240088, 0],
      [0.013507377104, 0.022304396879, 0.07700031873, 0.014492593222, 0.032835074051, 0.83986024001, 0],
      [0.057480337515, 0.05749758173, 0.1542623498, 0.036885930922, 0.46257606521, 0.23129773482, 0]
    ],
    [
      [0.0018058439964, 0.77004813876, 0.051862044571, 0.11995984864, 0.0050836482987, 0.051240475731, 0],
      [0.00017700363944, 0.029833063889, 0.055913077572, 0.90281740472, 0.0026857712077, 0.0085736789687, 0],
      [0.049983564163, 0.00033405655257, 0.032057330392, 0.0022198737324, 0.89713169308, 0.018273482077, 0],
      [0.033007091578, 0.04205707062, 0.049681885059, 0.027462350357, 0.028603394594, 0.81918820779, 0],
      [0.12816027831, 0.11318998424, 0.10989713391, 0.060555596486, 0.36387935824, 0.22431764882, 0]
    ],
    [
      [0.0012502378606, 0.51018794229, 0.086046278839, 0.28458368335, 0.0090436604588, 0.1088881972, 0],
      [3.6706527308e-06, 0.0085612653567, 0.037464367739, 0.94096624192, 0.0037717491505, 0.0092327051775, 0],
      [0.018485494054, 0.00061909654465, 0.019772855088, 0.0027257093089, 0.93846661285, 0.019930232149, 0],
      [0.011513947356, 0.014599720434, 0.034212260479, 0.032456142192, 0.032148693069, 0.87506923647, 0],
      [0.057307128962, 0.042807327595, 0.099692346724, 0.080942879402, 0.44541146328, 0.27383885404, 0]
    ],
    [
      [0.0022107238328, 0.74597394235, 0.083139405246, 0.079643044357, 0.0050642310179, 0.083968653201, 0],
      [0.00080787683638, 0.038330496891, 0.12025914459, 0.81884539287, 0.0037355793387, 0.018021509474, 0],
      [0.040371222825, 0.0014685816452, 0.03458681733, 0.00014479137187, 0.90450379825, 0.01892478858, 0],
      [0.028624154386, 0.025977628874, 0.051416802357, 0.0064589669041, 0.027853217705, 0.85966922977, 0],
      [0.11574790158, 0.075673580249, 0.12729264568, 0.02726902481, 0.39254649568, 0.26147035201, 0]
    ],
    [
      [0.0044836527052, 0.57623146474, 0.17939671695, 0.11911503952, 0.0012119469719, 0.11956117911, 0],
      [0.00026612144186, 0.01867085855, 0.16801526776, 0.78610307664, 0.0043300165734, 0.022614659044, 0],
      [0.044258283806, 7.3942849133e-05, 0.038761835628, 3.7500347632e-05, 0.90269029048, 0.014178146894, 0],
      [0.039546394279, 0.011675856377, 0.075810294258, 0.005929615726, 0.031944345459, 0.8350934939, 0],
      [0.14704339794, 0.030852076519, 0.14491679, 0.018074169504, 0.43972684744, 0.2193867186, 0]
    ],
    [
      [0.0010629867435, 0.52831718711, 0.19976625108, 0.16467999081, 0.00093474861196, 0.10510340165, 0.00013543399398],
      [1.9741746323e-06, 0.013303598181, 0.14501378599, 0.83219731712, 0.00023346548466, 0.0090466470979, 0.00020321195947],
      [0.017055001199, 0.00010687282899, 0.08802522659, 2.7335209124e-05, 0.87549572404, 0.013549764028, 0.00574007611],
      [0.010867285502, 0.01255490043, 0.10892712136, 0.016238827716, 0.021245998713, 0.82906759883, 0.0010982674455],
      [0.050905161331, 0.040201009621, 0.2325919004, 0.043502377972, 0.3729627737, 0.2536694937, 0.0061672832743]
    ],
    [
      [0.0010822587094, 0.65452324756, 0.11137181604, 0.15541388662, 0.00088593141289, 0.076722859653, 0],
      [2.8759760369e-06, 0.019330959529, 0.091578101003, 0.8807052469, 0.00033551601236, 0.0080473005759, 0],
      [0.034592809408, 0.0010172316579, 0.09557596445, 0.00076704473504, 0.84858497595, 0.019461973801, 0],
      [0.014230993915, 0.024644208866, 0.083184174364, 0.0226734959, 0.015458555602, 0.83980857135, 0],
      [0.073914665214, 0.081051510748, 0.20514340474, 0.065379175119, 0.28523300633, 0.28927823785, 0]
    ],
    [
      [0.0019079531899, 0.62066433769, 0.14537988399, 0.17369212898, 0.0026559024954, 0.05569979365, 0],
      [0, 0.016159340607, 0.10769115164, 0.87249799962, 0.00012975751143, 0.0035217506184, 0],
      [0.054800617662, 0.00070301029237, 0.11573800906, 0.00025344320225, 0.81670019608, 0.011804723706, 0],
      [0.032429210424, 0.030163096298, 0.14478392738, 0.031502948778, 0.018221444816, 0.7428993723, 0],
      [0.12367052924, 0.073467664195, 0.25350284507, 0.069416128256, 0.29098440291, 0.18895843034, 0]
    ],
    [
      [0.00069266601871, 0.59837248429, 0.1618064736, 0.14622296529, 0.0056361925812, 0.087269218229, 0],
      [6.5946674063e-05, 0.0087504751797, 0.13306098321, 0.83656629622, 0.0080135639226, 0.013542734793, 0],
      [0.11546081055, 0.0014064090443, 0.10807883424, 0.00040076161531, 0.74951763477, 0.025135549777, 0],
      [0.031449805166, 0.023482978121, 0.10933710051, 0.017742075055, 0.031149795081, 0.78683824607, 0],
      [0.25550622058, 0.050668803622, 0.20108108716, 0.040676706827, 0.23299962054, 0.21906756127, 0]
    ],
    [
      [9.8511674088e-06, 0.68991132316, 0.041859810237, 0.20824464087, 0.0018392957889, 0.058135078784, 0],
      [3.690143081e-07, 0.015153971116, 0.021759947707, 0.95003655497, 0.0016397621524, 0.011409395037, 0],
      [0.0072959993573, 0.0081603498993, 0.077611246978, 0.0050283218311, 0.86283383273, 0.039070249204, 0],
      [0.0011455503324, 0.037164931409, 0.032284414962, 0.049923001283, 0.012175239718, 0.86730686229, 0],
      [0.0217387994, 0.14502327316, 0.13402225743, 0.14221622447, 0.21901374032, 0.33798570522, 0]
    ],
    [
      [0.00091824391446, 0.81128832013, 0.020664926979, 0.12423501993, 0.0037484444164, 0.039145044631, 0],
      [0.00077453727856, 0.029171491871, 0.020095330941, 0.9319812323, 0.004368007059, 0.013609400553, 0],
      [0.029856774557, 0.0010069355464, 0.043029486303, 0.0056532556475, 0.89224555636, 0.028207991582, 0],
      [0.017739734161, 0.058346244309, 0.02589063818, 0.048324643801, 0.021840402466, 0.82785833708, 0],
      [0.066430473894, 0.20341170188, 0.090660090717, 0.10514740623, 0.27444204986, 0.25990827742, 0]
    ],
    [
      [0.002929899456, 0.49017054429, 0.11764810984, 0.300729748, 0.0046082856412, 0.083913412778, 0],
      [0, 0.0070357467663, 0.048702273768, 0.93431212083, 0.0028177158313, 0.0071321428018, 0],
      [0.055835486663, 0.00060525607628, 0.059426969007, 0.0027290635245, 0.86547857243, 0.015924652303, 0],
      [0.03324317569, 0.0173515229, 0.07543593196, 0.041742502388, 0.023391553234, 0.80883531383, 0],
      [0.13958484792, 0.045724798603, 0.15476387448, 0.091734174144, 0.34328847724, 0.22490382761, 0]
    ],
    [
      [0.001084819974, 0.71725587846, 0.049259865987, 0.19509708624, 0.00026032114656, 0.037042028191, 0],
      [0.0004775962815, 0.016859446896, 0.025904668047, 0.94583308554, 0.0013282827175, 0.0095969205158, 0],
      [0.070256155474, 0.00072151170654, 0.094568515148, 0.0037884531736, 0.8037623106, 0.026903053893, 0],
      [0.024279334628, 0.045765351911, 0.0571494353, 0.056788424142, 0.011405554852, 0.80461189917, 0],
      [0.11033364482, 0.14560934616, 0.14915530598, 0.13848424162, 0.19805704709, 0.25836041432, 0]
    ],
    [
      [0.0015953132637, 0.6118213201, 0.097838262421, 0.18689414272, 0.0024625081569, 0.099388453339, 0],
      [0.00032025230262, 0.016512366069, 0.065992693033, 0.90343417191, 0.0020198550963, 0.011720661585, 0],
