{
  "Z_true": {},
  "V_true": [
    [179, 186, 768, 531, 99],
    [406, 1323, 4419, 1000, 135],
    [823, 353, 65, 19798, 318],
    [99, 2046, 311, 515, 30],
    [751, 179, 235, 1558, 269]
  ],
  "p_true": [
    [0.1015, 0.1055, 0.4356, 0.3012, 0.0562],
    [0.0557, 0.1817, 0.6068, 0.1373, 0.0185],
    [0.0385, 0.0165, 0.003, 0.927, 0.0149],
    [0.033, 0.6818, 0.1036, 0.1716, 0.01],
    [0.251, 0.0598, 0.0785, 0.5207, 0.0899]
  ],
  "Z_est": [
    [
      [0.8167, 1.4449, 0.0628, 0.2513, 2.0103, 3.3296, 2.2616, 3.2667, 0.0628, 0.8167, 0.0628, 0.1256, 0.3141, 0, 3.518, 1.6334, 5.1514, 1.6334, 0, 6.5963, 5.0886, 1.6962, 4.9629, 2.5129, 1.0051, 2.0103, 0.8167, 0.9423, 0.1256, 0.1885, 0.0628, 0.5026, 0.691, 1.112, 1.6796, 1.8847, 5.0257, 2.45, 3.3924, 1.0051, 0, 4.7745, 2.7642, 5.4655, 2.8898, 0, 1.1936, 8.6694, 1.5077, 8.795, 0],
      [3.0328, 5.3657, 0.5219, 0.9332, 7.4654, 12.3645, 8.3985, 12.1312, 0.2333, 3.0328, 0.2333, 0.7116, 1.1665, 0, 13.0644, 5.0606, 19.13, 6.0656, 3.0998, 24.4957, 18.8967, 6.2989, 18.4301, 9.3317, 3.7327, 7.4654, 3.0328, 3.4994, 0.4666, 0, 0.2333, 1.8663, 2.5662, 1.3998, 2.7995, 6.9988, 18.6634, 9.0984, 12.5978, 3.7327, 0, 17.7302, 10.2649, 20.2964, 10.7314, 0, 4.4326, 32.1943, 5.599, 32.6609, 5.8323],
      [5.399, 9.5521, 0.4153, 1.6612, 13.2898, 22.0113, 14.951, 21.596, 0.4153, 5.399, 0.4153, 0.8306, 2.0765, 0, 23.2572, 10.798, 34.0552, 10.798, 42.4312, 43.6072, 33.6399, 11.2133, 32.8092, 16.6123, 6.6449, 13.2898, 5.399, 6.2296, 0.8306, 1.2459, 0.4153, 3.3225, 4.5684, 2.4918, 4.9837, 12.4592, 33.2246, 16.197, 22.4266, 6.6449, 0, 31.5633, 18.2735, 36.1317, 19.1041, 0, 7.8908, 57.3124, 9.9674, 58.143, 10.5171],
      [2.1589, 3.8195, 0, 0.6643, 5.3141, 8.8015, 5.9784, 8.6354, 0.1661, 2.1589, 0.1661, 0.3321, 0.8303, 2.6325, 9.2997, 5.3227, 13.6174, 4.3177, 10.6282, 17.4369, 13.4513, 4.4838, 13.1192, 6.6426, 2.6571, 5.3141, 2.1589, 2.491, 0.3321, 1.5656, 0.1661, 1.3285, 1.8267, 0.9964, 1.9928, 4.982, 13.2853, 6.4766, 8.9676, 2.6571, 0, 12.621, 7.3069, 14.4477, 12.094, 1, 3.1553, 22.9171, 3.9856, 23.2492, 5.5878],
      [1.5927, 2.8178, 0, 0.4901, 3.9204, 6.4932, 4.4105, 6.3707, 0.1225, 1.5927, 0.1225, 0, 0.6126, 0.3675, 6.8607, 3.1853, 10.0461, 3.1853, 7.8408, 12.8639, 9.9236, 3.3079, 9.6785, 4.9005, 1.9602, 3.9204, 1.5927, 1.8377, 0.245, 0, 0.1225, 0.9801, 1.3476, 0, 0.5444, 3.6754, 9.801, 4.778, 6.6157, 1.9602, 0, 9.311, 5.3906, 10.6586, 1.1806, 0, 2.3277, 16.9068, 2.9403, 17.1518, 3.0628]
    ],
    [
      [0.5821, 0.7845, 0.1012, 0.166, 7.0357, 26.5149, 5.1626, 10.6036, 0.3543, 0, 0.3543, 0.1771, 0, 0, 21.4201, 1.0376, 4.6111, 2.0246, 0, 0, 6.5701, 0, 9.1633, 0, 1.1135, 8.0377, 5.2476, 1.7462, 0.1012, 0.1265, 0, 1.6394, 0, 1.4437, 5.0491, 13.7946, 0, 0, 3.3405, 0, 0, 8.8574, 21.1814, 37.9755, 1.6196, 0, 0, 14.1504, 0, 10.5277, 0],
      [1.4411, 0, 1.4026, 6.0609, 9.0853, 33.5031, 12.7821, 26.2534, 0.8772, 3.9474, 0.8772, 0.7631, 0.9399, 0, 11.2783, 0, 8.7058, 10.2485, 0, 30.4515, 21.0529, 6.0778, 21.2735, 8.7187, 2.7569, 3.6341, 0, 4.6941, 0, 0, 0.8145, 1.1278, 3.2554, 0.3928, 1.2531, 6.1725, 24.1319, 19.6117, 2.7553, 2.8196, 0.7861, 28.0455, 8.9269, 20.8022, 0.7012, 0, 17.5929, 39.1939, 5.7018, 26.0655, 0.8159],
      [14.6409, 20.291, 2.4962, 48.8369, 88.9349, 116.6169, 129.858, 266.7182, 8.9118, 40.1032, 6.107, 4.169, 9.928, 1.7612, 97.7158, 26.0989, 133.7613, 45.6888, 57.9269, 309.3676, 213.8838, 59.4741, 314.0744, 173.1366, 28.0086, 30.3505, 29.1606, 43.9226, 2.5462, 2.4344, 8.2753, 10.2742, 12.3954, 9.8419, 8.2957, 49.5872, 318.5676, 193.8837, 82.2654, 28.6451, 6.4592, 218.5608, 93.7852, 183.5479, 37.0196, 0, 127.3118, 457.6858, 57.9269, 264.8085, 31.8279],
      [6.2124, 9.7579, 0, 20.5279, 39.165, 65.365, 55.1011, 113.1734, 3.7814, 17.0165, 6.5863, 1.8907, 4.0516, 1.2227, 48.6186, 13.8635, 54.831, 21.6083, 28.4206, 143.5695, 92.6878, 31.4482, 127.4888, 67.796, 11.8846, 15.666, 16.5918, 18.6371, 1.0804, 2.4391, 3.9102, 4.8619, 7.0227, 4.3217, 5.4021, 25.9299, 127.7589, 97.8227, 42.9264, 13.5353, 2.701, 94.5362, 46.1877, 89.6744, 24.6596, 0, 54.0207, 204.1064, 27.3713, 112.363, 14.1496],
      [0.1236, 0.1666, 0, 0.4084, 0.7791, 0, 1.0962, 2.2515, 0.0752, 1.9329, 0.0752, 0, 0.0806, 0.0161, 0.9672, 0, 1.0908, 0.4299, 4.6525, 2.6115, 1.8055, 0, 0, 1.3487, 0.2364, 0.3117, 0, 0, 0.2721, 0, 0, 0.0967, 3.3265, 0, 0, 0.5158, 2.5416, 1.6819, 0.7124, 0, 0.0537, 0, 0.9189, 0, 0, 0, 1.0747, 3.8635, 0, 2.2353, 3.2065]
    ],
    [
      [2.5472, 0.2122, 0.0658, 0, 9.4702, 4.0517, 12.3637, 18.7105, 0.1618, 0, 0.5786, 0, 0, 0, 30.6539, 4.9546, 0, 3.7079, 0, 0, 0, 0, 0, 0, 4.9074, 7.5192, 3.2285, 1.7732, 0.1485, 0.2633, 0, 4.8252, 0, 0.1478, 1.8204, 2.786, 0, 0, 7.3075, 0, 0, 31.8804, 7.2605, 20.9239, 0.6962, 0, 0, 0, 0, 5.1235, 0],
      [4.3686, 0, 0.0617, 10.6528, 9.8283, 12.8088, 30.9266, 10.243, 0.8246, 2.577, 0, 1.2034, 0.4467, 0, 0.868, 0, 0, 10.979, 0, 1.456, 4.5543, 0.7614, 0, 0, 2.9735, 2.2624, 0, 1.4569, 0, 0, 0.1706, 2.9501, 0.4013, 0.0975, 4.8146, 5.8515, 0, 4.786, 0, 2.0792, 0.1316, 17.4175, 0, 15.9493, 0, 0, 15.7839, 0, 1.8355, 12.3272, 0],
      [0.1612, 2.0229, 0.0089, 1.1674, 0, 0, 4.7279, 10.4143, 1.3536, 8.8015, 0, 0, 1.9316, 0, 0, 2.5452, 16.9406, 0, 3.6181, 12.7169, 1.6383, 0, 16.9614, 15.1626, 0.7127, 0, 0, 4.2104, 0.3814, 0, 0.2763, 0, 0, 0.1069, 0, 0, 13.1693, 0, 0, 0.676, 0.1159, 0, 0, 0, 0, 0, 16.3656, 39.8573, 2.4275, 37.6028, 2.2725],
      [86.2558, 223.4376, 0.8635, 115.7745, 405.0084, 556.1395, 330.4953, 643.9248, 30.5043, 198.8361, 46.5912, 39.7966, 51.2861, 27.7355, 803.5719, 268.5002, 740.8103, 282.0399, 400.2521, 1391.6043, 844.3821, 285.2386, 1196.0386, 492.6, 215.9361, 327.2417, 106.7715, 103.5595, 20.3109, 22.7367, 20.5532, 69.1116, 42.3731, 11.6478, 60.365, 382.5761, 1143.4114, 738.6819, 724.8316, 253.2448, 11.6143, 868.7022, 423.1502, 757.1268, 223.3038, 7, 485.1618, 2681.6985, 221.7369, 971.5848, 251.3898],
      [2.6672, 1.3272, 0, 3.4053, 0.6931, 0, 2.4866, 5.7075, 2.1558, 1.7855, 0.8302, 0, 1.3356, 0.2645, 5.9063, 0, 2.2491, 7.2733, 2.1298, 21.2227, 5.4253, 0, 0, 2.2374, 2.4703, 2.9767, 0, 0, 0.1592, 0, 0, 0.113, 0.2256, 0, 0, 2.7865, 11.4193, 1.5322, 3.8609, 0, 1.1383, 0, 4.5892, 0, 0, 0, 10.6887, 15.4441, 0, 21.3618, 1.3377]
    ],
    [
      [0.0043, 0.014, 0.0037, 0.0384, 0.05, 0.0935, 0.0737, 0.1066, 0.0012, 0.0158, 0.3744, 0.0006, 0, 0, 0.0457, 0.0152, 0.0493, 0.0152, 0.028, 0, 0.0536, 0.0201, 0.1023, 0, 0.0097, 0.0238, 0.3177, 0.0189, 0.4147, 0.0018, 0.003, 0.0079, 0.0018, 0.004, 0.0061, 0.0262, 0, 0.056, 0.042, 0.0128, 0.0012, 0.0865, 0.0366, 0.0749, 0.0152, 0, 0, 0.2175, 0.0195, 0.053, 0.0037],
      [6.983, 22.6343, 5.9963, 62.8472, 81.8011, 115.7187, 120.7066, 174.5756, 1.9951, 25.9369, 13.7848, 0.9978, 10.9733, 0, 74.8181, 24.9394, 80.8036, 24.9394, 45.8884, 187.5441, 87.7866, 32.92, 167.5926, 75.8157, 15.9612, 38.9054, 17.6532, 30.9309, 2.4985, 2, 4.9879, 12.9685, 2.9927, 4.9879, 9.9757, 42.8957, 212.4835, 91.7769, 68.8327, 20.9491, 1.9951, 141.6556, 59.8545, 122.7017, 24.9394, 0, 129.7639, 356.1343, 31.9224, 86.789, 5.9854],
      [0.0029, 0.3193, 0, 0.0257, 0.0334, 0.0472, 0.0493, 0.0713, 0.0008, 0.0106, 0, 0.0004, 0.0112, 0, 0.0305, 0.0102, 0.033, 0.0102, 0.0187, 0.0765, 0.0358, 0.0134, 0.1015, 0.0772, 0.0065, 0.0159, 0.0073, 0.0126, 0.0826, 0.0012, 0.002, 0.0053, 0.0012, 0.002, 0.0041, 0.0175, 0.2165, 0.0375, 0.0281, 0.0086, 0.0008, 0.0578, 0.0244, 0.0501, 0.0102, 0, 0.0529, 0.1454, 0.013, 0.0354, 0.0024],
      [0.0085, 0.0279, 0, 0.0763, 0.0993, 0.1405, 0.1466, 0.212, 0.0024, 0.0315, 0.8378, 0.0012, 0.0133, 0, 0.0909, 0.0303, 0.0981, 0.0303, 0.0557, 0.3423, 0.1066, 0.04, 0.2035, 0.0921, 0.0194, 0.0472, 0.0218, 0.0376, 0.0036, 0.997, 0.0061, 0.0157, 0.0036, 0.0061, 0.0121, 0.0521, 0.2581, 0.1115, 0.0836, 0.0254, 0.0024, 0.172, 0.0727, 0.149, 0.0303, 0, 0.1575, 0.4325, 0.0388, 0.1054, 0.0073],
      [0.0014, 0.0045, 0, 0.0124, 0.0162, 0, 0.0239, 0.0345, 0.0004, 0.0051, 0.003, 0, 0.0022, 0, 0.0148, 0.0049, 0.016, 0.0049, 0.0091, 0.0371, 0.0174, 0.0065, 0, 0.015, 0.0032, 0.0077, 0, 0, 0.0006, 0, 0.001, 0.0026, 0.0006, 0, 0.002, 0.0085, 0.042, 0.0181, 0.0136, 0.0041, 0.0004, 0.028, 0.0118, 0.0243, 0.0049, 0, 0.0256, 0.0704, 0.0063, 0.0172, 0.0012]
    ],
    [
      [6.0498, 17.5443, 0.7665, 17.5443, 28.4339, 62.0103, 41.1384, 62.3126, 2.4199, 15.1675, 3.6299, 4.6966, 2.6859, 1, 68.3624, 19.3593, 47.1882, 26.619, 28.972, 94.4037, 59.2877, 25.2837, 93.7714, 36.4871, 19.9642, 25.409, 13.3895, 14.5194, 1.21, 2.4199, 3.9341, 3.0249, 7.3071, 4.2925, 5.4448, 37.5086, 71.9743, 57.4939, 62.9176, 12.9821, 0.9988, 97.4013, 67.7574, 79.5601, 21.7792, 0, 32.8064, 189.9627, 12.4728, 109.5008, 6.9963],
      [0.1744, 0, 0.0174, 0.5059, 0.8199, 1.6049, 1.1862, 1.7967, 0.0698, 0.5059, 0.1047, 1.3241, 0.4737, 0, 1.9712, 0, 1.3606, 0.7675, 1.0118, 3.0527, 1.7095, 0.942, 2.7038, 1.1339, 0.5757, 0.7327, 0.314, 0.4187, 0.0349, 0, 2.7937, 0.0872, 0.7843, 0.1221, 0.157, 1.0815, 2.7213, 1.727, 1.8142, 7.4195, 0.0872, 5.1512, 1.9537, 2.2503, 0.628, 0, 1.4268, 5.4775, 2.9412, 3.1574, 0.3663],
      [0.7962, 2.8147, 0.0796, 2.3088, 3.7419, 7.3246, 5.4138, 8.2003, 0.3185, 4.6857, 0.4777, 0, 1.0527, 0.2388, 8.9965, 2.5477, 6.21, 3.5031, 10.0051, 20.2317, 7.8023, 4.2992, 14.0534, 8.0113, 2.6273, 3.3438, 1.4331, 5.6248, 0.1592, 0.3185, 1.0311, 0.3981, 1.035, 0.5573, 0.7165, 4.9361, 34.8221, 7.8819, 8.28, 3.0254, 2.4242, 12.818, 8.9169, 10.2703, 2.8661, 0, 4.3788, 24.9991, 15.6652, 14.4103, 7.3801],
      [1.3645, 3.9571, 0.1365, 3.9571, 6.4132, 12.5535, 9.2786, 14.0544, 0.5458, 3.9571, 0.8187, 3.9793, 0.8187, 0.4094, 15.4189, 8.2833, 10.6431, 6.0038, 8.6433, 29.047, 13.3722, 17.7895, 21.1498, 8.8693, 4.5029, 5.7309, 2.4561, 3.2748, 0.2729, 1.2616, 1.3645, 0.6823, 1.7739, 2.0281, 1.2281, 8.4599, 21.2863, 15.9074, 14.1909, 11.5374, 0.6823, 21.9686, 15.2825, 17.6021, 4.9122, 0, 7.5048, 42.8455, 5.8674, 24.6976, 2.8655],
      [1.6151, 4.6839, 0, 4.6839, 7.5911, 8.5068, 10.9829, 16.6359, 0.6461, 4.6839, 0.9691, 0, 0.9691, 1.3518, 18.251, 1.8097, 12.598, 7.1066, 9.3678, 28.2648, 15.8283, 5.6856, 23.3215, 10.4984, 5.3299, 6.7836, 0.4073, 0.1623, 0.323, 0, 0.8765, 0.8076, 2.0997, 0, 1.4536, 10.0138, 25.1961, 15.9898, 16.7974, 3.0357, 0.8076, 23.661, 18.0895, 19.3171, 5.8145, 0, 8.8832, 50.7152, 6.0534, 29.2339, 3.3918]
    ]
  ],
  "V_est": [
    [106.5731, 397.3591, 746.5107, 303.54, 209.0171],
    [232.6152, 437.7921, 4527.8887, 2043.7448, 40.9591],
    [188.0893, 193.8488, 218.3471, 20607.5089, 149.2059],
    [2.5604, 2990.5401, 1.8205, 5.556, 0.5231],
    [1728.162, 67.4599, 303.4329, 441.6503, 451.2948]
  ],
  "p_est": [
    [0.0604, 0.2254, 0.4234, 0.1722, 0.1186],
    [0.0319, 0.0601, 0.6217, 0.2806, 0.0056],
    [0.0088, 0.0091, 0.0102, 0.9649, 0.007],
    [0.0009, 0.9965, 0.0006, 0.0019, 0.0002],
    [0.5776, 0.0225, 0.1014, 0.1476, 0.1508]
  ],
  "EI_Z": {},
  "EI_V": 12.6643,
  "MAE_Z": {},
  "MAE_V": 368.7436,
  "MAE_p": 0.0889,
  "runtime": 1.2519
}
