{
  "Z_true": {},
  "V_true": [
    [179, 186, 768, 531, 99],
    [406, 1323, 4419, 1000, 135],
    [823, 353, 65, 19798, 318],
    [99, 2046, 311, 515, 30],
    [751, 179, 235, 1558, 269]
  ],
  "p_true": [
    [0.1015, 0.1055, 0.4356, 0.3012, 0.0562],
    [0.0557, 0.1817, 0.6068, 0.1373, 0.0185],
    [0.0385, 0.0165, 0.003, 0.927, 0.0149],
    [0.033, 0.6818, 0.1036, 0.1716, 0.01],
    [0.251, 0.0598, 0.0785, 0.5207, 0.0899]
  ],
  "Z_est": [
    [
      [0.81, 1.4331, 0.0623, 0.2492, 1.9939, 3.3025, 2.2432, 3.2401, 0.0623, 0.81, 0.0623, 0.1246, 0.3116, 0, 3.4894, 2.5593, 5.1095, 1.6201, 0, 6.5426, 5.0471, 1.6824, 4.9225, 2.4924, 0.997, 1.9939, 0.81, 0.9347, 0.1246, 0.1869, 0.0623, 0.4985, 0.6854, 1.0994, 1.6403, 1.8693, 4.9848, 2.4301, 3.3648, 0.997, 0, 4.7356, 2.7417, 5.421, 2.8663, 0, 1.1839, 8.5988, 1.4955, 8.7235, 0],
      [2.9979, 5.052, 0.52, 0.9224, 7.3795, 12.2222, 8.3019, 11.9916, 0.2306, 2.9979, 0.2306, 0.703, 1.153, 0, 12.914, 5.0566, 18.9099, 5.9958, 3.1546, 24.2138, 18.6792, 6.2264, 18.218, 9.2243, 3.6897, 7.3795, 2.9979, 3.4591, 0.4612, 0, 0.2306, 1.8449, 2.5367, 1.3836, 2.7673, 6.9182, 18.4486, 8.9937, 12.4528, 3.6897, 0, 17.5262, 10.1467, 20.0629, 10.608, 0, 4.3816, 31.8239, 5.5346, 32.2851, 5.7652],
      [5.43, 9.6068, 0.4177, 1.6708, 13.366, 22.1375, 15.0368, 21.7198, 0.4177, 5.43, 0.4177, 0.8354, 2.0884, 0, 23.3906, 10.8599, 34.2505, 10.8599, 42.3243, 43.8573, 33.8328, 11.2776, 32.9974, 16.7076, 6.683, 13.366, 5.43, 6.2653, 0.8354, 1.2531, 0.4177, 3.3415, 4.5946, 2.5061, 5.0123, 12.5307, 33.4151, 16.2899, 22.5552, 6.683, 0, 31.7444, 18.3783, 36.3389, 19.2137, 0, 7.9361, 57.6411, 10.0245, 58.4764, 12],
      [2.1902, 4.1269, 0, 0.6739, 5.3913, 8.9293, 6.0652, 8.7608, 0.1685, 2.1902, 0.1685, 0.337, 0.8424, 2.3505, 9.4347, 4.3804, 13.8151, 4.3804, 10.7825, 17.6901, 13.6466, 4.5489, 13.3097, 6.7391, 2.6956, 5.3913, 2.1902, 2.5272, 0.337, 1.56, 0.1685, 1.3478, 1.8532, 1.0109, 2.0217, 5.0543, 13.4782, 6.5706, 9.0978, 2.6956, 0, 12.8043, 7.413, 14.6575, 12.0762, 1, 3.2011, 23.2498, 4.0434, 23.5868, 4.2119],
      [1.5719, 2.7811, 0, 0.4837, 3.8693, 6.4085, 4.353, 6.2876, 0.1209, 1.5719, 0.1209, 0, 0.6046, 0.6495, 6.7713, 3.1438, 9.9151, 3.1438, 7.7386, 12.6962, 9.7942, 3.2647, 9.5523, 4.8366, 1.9347, 3.8693, 1.5719, 1.8137, 0.2418, 0, 0.1209, 0.9673, 1.3301, 0, 0.5584, 3.6275, 9.6733, 4.7157, 6.5294, 1.9347, 0, 9.1896, 5.3203, 10.5197, 1.2359, 0, 2.2974, 16.6864, 2.902, 16.9282, 3.0229]
    ],
    [
      [0.6005, 0.8093, 0.1044, 0.3248, 6.9467, 18.3723, 5.326, 10.9392, 0.3655, 0, 0.3655, 0.1828, 0, 0, 21.7467, 1.0704, 5.081, 3.6755, 0, 0, 7.1503, 0, 10.0537, 0, 1.1487, 8.2124, 5.3275, 1.8014, 0.1044, 0.1305, 0, 1.6313, 0, 1.4505, 5.0769, 13.9397, 0, 0, 3.4462, 0, 0, 9.1377, 21.414, 38.0352, 1.6709, 0, 0, 15.9417, 0, 10.8608, 0],
      [1.4595, 0, 1.4092, 5.9433, 9.2011, 41.8363, 12.945, 26.588, 0.8884, 3.9977, 0.8884, 0.7457, 0.9518, 0, 11.4221, 0, 8.9965, 8.7669, 0, 30.8396, 21.3212, 6.1552, 21.6246, 8.8835, 2.7921, 3.6804, 0, 4.7619, 0, 0, 0.8249, 1.1422, 3.2884, 0.4147, 1.2691, 6.2902, 24.4795, 19.8617, 3.0007, 2.8555, 0.7717, 28.2461, 9.1555, 21.0674, 0.8592, 0, 17.9127, 39.8434, 5.7745, 26.3977, 0.9046],
      [14.5462, 20.3211, 2.4864, 48.6046, 88.5433, 115.8619, 129.0186, 264.9941, 8.8542, 41.4888, 6.0617, 4.1645, 9.8783, 1.7397, 96.7926, 25.9302, 132.4901, 45.3182, 57.5524, 307.3678, 212.5012, 59.0316, 311.7319, 172.3404, 27.8275, 29.9836, 29.0054, 43.6386, 2.5298, 2.3994, 8.2218, 10.2227, 12.2769, 9.7759, 8.2053, 49.0828, 317.0302, 193.1057, 81.4099, 28.46, 6.4484, 217.2637, 92.8939, 182.4487, 36.6587, 0, 126.4888, 463.3385, 57.5524, 263.0967, 31.8122],
      [6.266, 9.6973, 0, 20.7051, 39.5032, 65.9295, 55.5769, 114.1506, 3.8141, 17.1635, 6.6067, 1.9071, 4.0865, 1.2437, 49.0384, 13.9994, 55.3045, 21.7949, 28.72, 145.0922, 93.1604, 31.8132, 128.5897, 68.3814, 11.9872, 15.8013, 16.6671, 18.7981, 1.0897, 2.4701, 3.9533, 4.9038, 7.0833, 4.359, 5.4487, 26.1538, 128.8621, 98.2935, 43.3962, 13.6845, 2.7244, 95.3525, 46.5865, 90.4487, 24.8112, 0, 54.4872, 195.8813, 27.6731, 113.3333, 14.0781],
      [0.1278, 0.1722, 0, 0.4223, 0.8057, 0, 1.1335, 2.3282, 0.0778, 0.3501, 0.0778, 0, 0.0833, 0.0167, 1.0002, 0, 1.128, 0.4445, 4.7276, 2.7004, 1.867, 0, 0, 1.3947, 0.2445, 0.3223, 0, 0, 0.276, 0, 0, 0.1, 3.3514, 0, 0, 0.5334, 2.6282, 1.7392, 0.7469, 0, 0.0556, 0, 0.9502, 0, 0, 0, 1.1113, 3.9951, 0, 2.3115, 3.205]
    ],
    [
      [2.5906, 0.3588, 0.0697, 0, 9.831, 12.9536, 12.5881, 18.9617, 0.1732, 0, 0.9655, 0, 0, 0, 30.979, 4.172, 0, 2.3132, 0, 0, 0, 0, 0, 0, 5.0627, 7.5917, 3.3541, 1.8568, 0.1598, 0.2828, 0, 4.8643, 0, 0.1577, 1.8813, 2.998, 0, 0, 7.8029, 0, 0, 32.5242, 7.6692, 21.9564, 0.8669, 0, 0, 0, 0, 5.8625, 0],
      [4.3947, 0, 0.0585, 10.8021, 9.8355, 4.6978, 30.9137, 10.1301, 0.8201, 2.5884, 0, 1.2502, 0.4509, 0, 0.9837, 0, 0, 12.5735, 0, 1.5071, 4.5943, 0.809, 0, 0, 3.0142, 2.3408, 0, 1.4519, 0, 0, 0.1722, 2.9605, 0.4891, 0.0984, 4.8389, 5.8738, 0, 4.732, 0, 2.0988, 0.151, 17.941, 0, 16.0362, 0, 0, 15.8591, 0, 2.5989, 12.551, 0],
      [0.155, 2.0774, 0.0092, 1.1988, 0, 0, 5.0259, 11.3222, 1.3807, 9.5609, 0, 0, 1.9663, 0, 0, 2.4293, 17.4789, 0, 3.7155, 19.5612, 2.1489, 0, 18.4168, 15.7942, 0.6235, 0, 0, 4.3547, 0.384, 0, 0.3303, 0, 0, 0.1098, 0, 0, 14.3473, 0, 0, 0.5564, 0.119, 0, 0, 0, 0, 0, 16.7831, 31.7198, 2.0682, 37.7075, 6.3646],
      [86.1605, 223.1608, 0.8626, 115.5544, 404.5409, 555.3486, 329.857, 642.7082, 30.4651, 198.6275, 46.769, 39.7498, 51.2323, 27.1462, 802.9011, 269.3987, 740.0568, 281.7458, 400.0382, 1384.3577, 843.6119, 285.191, 1194.5832, 491.8489, 215.7615, 326.9853, 106.6459, 103.3366, 20.2946, 22.7172, 20.4975, 69.0445, 42.273, 11.6341, 60.2798, 382.2161, 1141.9468, 738.5774, 724.1249, 253.3448, 11.5859, 867.5347, 422.5315, 756.0074, 223.1331, 7, 484.5858, 2689.2571, 221.3329, 970.0939, 247.2245],
      [2.6991, 1.403, 0, 3.4447, 0.7927, 0, 2.6153, 5.8778, 2.1609, 1.2231, 0.2656, 0, 1.3504, 0.8538, 6.1362, 0, 2.4642, 7.3674, 2.2463, 21.574, 5.6448, 0, 0, 2.3569, 2.5381, 3.0822, 0, 0, 0.1617, 0, 0, 0.1307, 0.2379, 0, 0, 2.912, 11.7059, 1.6905, 4.0722, 0, 1.1441, 0, 4.7993, 0, 0, 0, 10.772, 16.023, 0, 21.7851, 1.4109]
    ],
    [
      [0.0048, 0.0157, 0.0041, 0.043, 0.056, 0.0957, 0.0826, 0.1195, 0.0014, 0.0178, 0.0102, 0.0007, 0, 0, 0.0512, 0.0171, 0.0553, 0.0171, 0.0314, 0, 0.0601, 0.0225, 0.1147, 0, 0.0109, 0.0266, 0.2667, 0.0212, 0.4123, 0.002, 0.0034, 0.0089, 0.002, 0.0041, 0.0068, 0.0294, 0, 0.0628, 0.0471, 0.0143, 0.0014, 0.097, 0.041, 0.084, 0.0171, 0, 0, 0.2438, 0.0219, 0.0594, 0.0041],
      [6.9842, 22.948, 5.9959, 62.8575, 81.8145, 115.7375, 120.7262, 174.604, 1.9955, 25.9412, 13.7828, 0.9979, 10.9751, 0, 74.8303, 24.9434, 80.8167, 24.9434, 45.8959, 187.5746, 87.8009, 32.9253, 167.6199, 75.828, 15.9638, 38.9118, 17.7074, 30.9343, 2.506, 2, 4.9887, 12.9706, 2.9932, 4.9887, 9.9774, 42.9027, 212.5181, 91.7918, 68.8439, 20.9525, 1.9955, 141.6787, 59.8642, 122.7217, 24.9434, 0, 129.7946, 356.1922, 31.9276, 86.8032, 5.9864],
      [0.001, 0.0034, 0, 0.0094, 0.0122, 0.0172, 0.018, 0.026, 0.0003, 0.0039, 0, 0.0001, 0.0091, 0, 0.0112, 0.0037, 0.012, 0.0037, 0.0068, 0.0279, 0.0131, 0.0049, 0.0488, 0.0632, 0.0024, 0.0058, 0.0027, 0.0046, 0.0773, 0.0004, 0.0007, 0.0019, 0.0004, 0.0007, 0.0015, 0.0064, 0.1771, 0.0137, 0.0103, 0.0031, 0.0003, 0.0211, 0.0089, 0.0183, 0.0037, 0, 0.0193, 0.0531, 0.0048, 0.0129, 0.0009],
      [0.009, 0.0297, 0, 0.0812, 0.1057, 0.1496, 0.156, 0.2256, 0.0026, 0.0335, 0.6314, 0.0013, 0.0142, 0, 0.0967, 0.0322, 0.1044, 0.0322, 0.0593, 0.3708, 0.1135, 0.0425, 0.2166, 0.098, 0.0206, 0.0503, 0.0232, 0.04, 0.0039, 0.9975, 0.0064, 0.0168, 0.0039, 0.0064, 0.0129, 0.0554, 0.2746, 0.1186, 0.089, 0.0271, 0.0026, 0.1831, 0.0774, 0.1586, 0.0322, 0, 0.1676, 0.4603, 0.0413, 0.1122, 0.0077],
      [0.001, 0.0033, 0, 0.0089, 0.0116, 0, 0.0172, 0.0248, 0.0003, 0.0037, 0.5756, 0, 0.0016, 0, 0.0106, 0.0035, 0.0115, 0.0035, 0.0065, 0.0266, 0.0125, 0.0047, 0, 0.0108, 0.0023, 0.0055, 0, 0, 0.0004, 0, 0.0007, 0.0018, 0.0004, 0, 0.0014, 0.0061, 0.0302, 0.013, 0.0098, 0.003, 0.0003, 0.0201, 0.0085, 0.0174, 0.0035, 0, 0.0184, 0.0506, 0.0045, 0.0123, 0.0009]
    ],
    [
      [5.9941, 17.383, 0.7594, 17.383, 28.1724, 61.276, 40.7601, 61.7395, 2.3977, 15.1722, 3.5965, 4.6919, 2.6884, 1, 67.7337, 19.1812, 46.7542, 26.3742, 28.9686, 94.4574, 58.7425, 25.2951, 92.909, 36.5076, 19.7806, 25.1753, 13.2416, 14.3859, 1.1988, 2.3977, 3.9343, 2.9971, 7.3125, 4.2884, 5.3947, 37.1636, 72.0152, 57.5071, 62.3389, 12.9887, 0.9986, 96.5055, 67.1343, 78.5034, 21.5789, 0, 32.8161, 188.2157, 12.4827, 108.4937, 6.9959],
      [0.1637, 0, 0.0164, 0.4748, 0.7694, 1.5061, 1.1132, 1.6862, 0.0655, 0.4748, 0.0982, 1.3032, 0.4691, 0, 1.8499, 0, 1.2769, 0.7203, 0.9495, 2.8649, 1.6043, 0.884, 2.5375, 1.0641, 0.5402, 0.6876, 0.2947, 0.3929, 0.0327, 0, 2.7836, 0.0819, 0.6927, 0.1146, 0.1473, 1.015, 2.5539, 1.6207, 1.7026, 7.4034, 0.0819, 4.608, 1.8335, 2.1118, 0.5894, 0, 1.052, 5.1405, 2.1645, 2.9631, 0.3438],
      [0.8678, 2.9912, 0.0868, 2.5165, 4.0785, 7.9834, 5.9007, 8.9379, 0.3471, 2.5165, 0.5207, 0, 1.0578, 0.2603, 9.8057, 2.7768, 6.7685, 3.8181, 10.401, 15.1857, 8.504, 4.6859, 14.805, 8.0947, 2.8636, 3.6446, 1.562, 5.7367, 0.1736, 0.3471, 1.0295, 0.4339, 1.1281, 0.6074, 0.781, 5.3801, 35.0303, 8.5908, 9.0247, 3.2975, 2.4323, 13.9709, 9.7189, 11.1941, 3.1239, 0, 4.7727, 27.2476, 16.3501, 15.7064, 1.8223],
      [1.3742, 3.9853, 0.1374, 3.9853, 6.459, 12.6431, 9.3449, 14.1548, 0.5497, 3.9853, 0.8245, 4.0049, 0.8245, 1.2596, 15.529, 8.1893, 10.7191, 6.0467, 8.4, 34.4892, 13.4676, 17.4044, 21.3008, 8.9326, 4.535, 5.7718, 2.4736, 3.2982, 0.2748, 1.2552, 1.3742, 0.6871, 1.7865, 1.9896, 1.2368, 8.5203, 21.4383, 15.4399, 14.2922, 11.248, 0.6871, 22.1254, 15.3916, 17.7278, 4.9473, 0, 7.5584, 43.1514, 5.9093, 24.8739, 8.4777],
      [1.6002, 4.6405, 0, 4.6405, 7.5207, 8.5915, 10.8811, 16.4816, 0.6401, 6.8512, 0.9601, 0, 0.9601, 0.48, 18.0818, 1.8526, 12.4812, 7.0407, 9.2809, 28.0027, 15.6815, 5.7306, 23.4477, 10.401, 5.2805, 6.7207, 0.4281, 0.1863, 0.32, 0, 0.8784, 0.8001, 2.0802, 0, 1.4401, 9.921, 24.9624, 15.8416, 16.6416, 3.0624, 0.8001, 23.7903, 17.9218, 19.4629, 5.7606, 0, 8.8009, 50.2449, 6.0935, 28.9628, 3.3603]
    ]
  ],
  "V_est": [
    [106.6158, 392.6833, 751.8647, 305.1658, 206.6705],
    [232.4447, 450.458, 4508.7971, 2050.872, 40.4282],
    [200.8477, 189.6175, 227.7093, 20585.8834, 152.9421],
    [2.309, 2991.3971, 0.7486, 5.5957, 0.9496],
    [1715.7828, 62.8442, 308.8803, 454.4831, 450.0096]
  ],
  "p_est": [
    [0.0605, 0.2227, 0.4265, 0.1731, 0.1172],
    [0.0319, 0.0619, 0.6191, 0.2816, 0.0056],
    [0.0094, 0.0089, 0.0107, 0.9639, 0.0072],
    [0.0008, 0.9968, 0.0002, 0.0019, 0.0003],
    [0.5735, 0.021, 0.1032, 0.1519, 0.1504]
  ],
  "EI_Z": {},
  "EI_V": 12.5582,
  "MAE_Z": {},
  "MAE_V": 365.6548,
  "MAE_p": 0.0882,
  "runtime": 1.0341
}
