{
  "X": [
    [25, 7, 22, 34, 91, 87, 0],
    [26, 8, 26, 32, 90, 115, 0],
    [57, 14, 17, 30, 96, 168, 4],
    [59, 12, 27, 13, 125, 173, 1],
    [46, 7, 12, 9, 97, 138, 4],
    [41, 20, 40, 40, 126, 221, 1],
    [19, 20, 34, 45, 79, 117, 0],
    [27, 33, 57, 53, 159, 187, 3],
    [34, 48, 72, 65, 172, 210, 2],
    [18, 52, 125, 98, 142, 131, 0],
    [17, 56, 169, 107, 135, 138, 0],
    [36, 39, 49, 53, 135, 177, 0],
    [40, 21, 23, 73, 94, 171, 3],
    [27, 45, 59, 76, 94, 153, 0],
    [10, 31, 82, 89, 131, 131, 1],
    [18, 27, 56, 79, 94, 138, 1],
    [32, 48, 59, 100, 124, 134, 0],
    [23, 47, 35, 64, 111, 119, 1],
    [33, 46, 57, 132, 143, 151, 1],
    [40, 77, 55, 71, 213, 229, 1],
    [22, 66, 33, 41, 112, 115, 0],
    [31, 57, 27, 36, 121, 102, 0],
    [17, 57, 21, 41, 111, 97, 1],
    [31, 31, 36, 24, 103, 121, 2],
    [27, 62, 40, 50, 189, 144, 1],
    [29, 43, 45, 54, 157, 187, 1],
    [20, 29, 27, 38, 100, 121, 2],
    [27, 38, 45, 64, 137, 147, 0],
    [40, 43, 55, 95, 218, 150, 3],
    [40, 36, 23, 76, 137, 153, 3],
    [10, 28, 23, 59, 107, 100, 0],
    [41, 32, 39, 58, 131, 186, 1],
    [28, 37, 40, 83, 102, 146, 1],
    [46, 23, 42, 65, 135, 182, 0],
    [13, 44, 18, 35, 94, 127, 2],
    [13, 29, 24, 57, 103, 135, 0],
    [18, 28, 47, 43, 86, 110, 0],
    [61, 12, 28, 36, 162, 257, 4],
    [44, 11, 18, 16, 74, 178, 4],
    [29, 43, 125, 65, 150, 107, 0],
    [30, 8, 9, 15, 61, 123, 1],
    [74, 11, 15, 37, 71, 204, 1],
    [49, 11, 11, 27, 65, 173, 1],
    [20, 11, 18, 31, 76, 119, 0],
    [11, 14, 18, 29, 86, 90, 0],
    [14, 17, 15, 31, 56, 109, 0],
    [18, 4, 13, 9, 61, 197, 1],
    [28, 9, 8, 16, 54, 119, 1],
    [16, 3, 4, 26, 47, 120, 0],
    [26, 12, 15, 21, 66, 100, 1],
    [40, 8, 26, 24, 97, 165, 2],
    [116, 144, 340, 346, 567, 1004, 4]
  ],
  "W": [
    [12, 9, 11, 21, 89, 86, 38],
    [11, 13, 11, 15, 88, 104, 55],
    [17, 4, 19, 14, 83, 174, 75],
    [17, 7, 6, 16, 119, 158, 87],
    [23, 4, 6, 8, 83, 109, 80],
    [18, 22, 19, 29, 113, 216, 72],
    [5, 15, 30, 27, 78, 111, 48],
    [15, 25, 36, 50, 151, 172, 70],
    [40, 30, 53, 71, 160, 178, 71],
    [12, 27, 46, 140, 147, 113, 81],
    [11, 42, 77, 184, 137, 110, 61],
    [20, 24, 31, 42, 140, 166, 66],
    [15, 25, 18, 23, 96, 170, 78],
    [17, 31, 55, 64, 91, 146, 50],
    [9, 20, 42, 80, 143, 124, 57],
    [7, 21, 36, 53, 100, 128, 68],
    [12, 29, 48, 63, 131, 134, 80],
    [13, 26, 43, 32, 117, 121, 48],
    [31, 31, 67, 61, 153, 154, 66],
    [36, 62, 52, 60, 193, 198, 85],
    [7, 51, 52, 28, 108, 103, 40],
    [17, 39, 48, 31, 108, 95, 36],
    [17, 45, 40, 23, 100, 78, 42],
    [12, 31, 21, 32, 97, 94, 61],
    [13, 59, 45, 42, 179, 124, 51],
    [19, 18, 46, 43, 145, 185, 60],
    [11, 21, 29, 23, 93, 114, 46],
    [30, 27, 40, 42, 132, 137, 50],
    [28, 31, 46, 56, 207, 147, 89],
    [27, 39, 35, 35, 122, 150, 60],
    [14, 14, 33, 31, 101, 100, 34],
    [13, 17, 43, 39, 137, 178, 61],
    [13, 15, 35, 36, 107, 146, 85],
    [13, 17, 43, 44, 141, 170, 65],
    [10, 12, 48, 16, 98, 116, 33],
    [18, 6, 38, 24, 90, 146, 39],
    [11, 6, 33, 38, 80, 119, 45],
    [31, 10, 15, 17, 152, 245, 90],
    [14, 7, 8, 10, 67, 177, 62],
    [5, 14, 67, 129, 148, 99, 57],
    [10, 7, 3, 6, 52, 131, 38],
    [28, 3, 11, 15, 60, 197, 99],
    [27, 5, 5, 8, 63, 172, 57],
    [5, 12, 16, 10, 70, 118, 44],
    [8, 9, 17, 13, 74, 91, 36],
    [17, 9, 18, 12, 54, 98, 34],
    [9, 5, 1, 9, 54, 180, 45],
    [19, 4, 8, 6, 51, 113, 34],
    [16, 5, 1, 1, 43, 112, 38],
    [30, 7, 6, 11, 61, 90, 36],
    [32, 8, 7, 15, 74, 149, 77],
    [75, 86, 157, 362, 569, 905, 367]
  ],
  "method": "mult",
  "cond_prob": [
    [
      [0.33503748794, 0, 0.0011756520599, 0.032626741338, 0.42325719002, 0.20790292864, 0],
      [0.0093973613495, 0.4199624574, 0.0040676895464, 0.16672276251, 0.30925823901, 0.090591490182, 0],
      [0.029902066393, 0.2927579894, 0.10267092856, 0.54125193343, 0.029437130456, 0.003979951761, 0],
      [0, 0, 0.68391869497, 0.30891883837, 0.0058565346491, 0.0013059320189, 0],
      [0.0020314859749, 0, 0.016148993672, 0.11754508831, 0.85680227226, 0.0074721597902, 0],
      [0.12288123181, 0, 0.048433543139, 0.062325051673, 0.026467056236, 0.73989311714, 0],
      [0.25835428881, 0, 0.022501710897, 0.10119579118, 0.10945328524, 0.50849492388, 0]
    ],
    [
      [0.29584705017, 0.00027142035647, 0.0025044907764, 0.031545766546, 0.43548750049, 0.23434377165, 0],
      [0.060504846747, 0.35357332067, 0.012438778587, 0.15846045579, 0.31387956345, 0.10114303475, 0],
      [0.0053986514203, 0.30914192794, 0.14366401618, 0.50877317789, 0.027746406985, 0.0052758195848, 0],
      [0, 0, 0.76753719142, 0.22826834987, 0.0017111082165, 0.0024833504852, 0],
      [0, 0, 0.031739484126, 0.11036559054, 0.84243352307, 0.015461402266, 0],
      [0.095929578303, 0, 0.075619427619, 0.05496239241, 0.010286242067, 0.7632023596, 0],
      [0.21678287511, 0, 0.037452533726, 0.093531266541, 0.10171648845, 0.55051683617, 0]
    ],
    [
      [0.36539785885, 0.0007372187138, 0, 0.019714776414, 0.39611183705, 0.18365566181, 0.034382647163],
      [0.0094874985044, 0.55553004291, 0.0022327752591, 0.094222964679, 0.2647058032, 0.073723096173, 9.781926951e-05],
      [0.0084364457362, 0.51226575401, 0.073941033485, 0.37009379244, 0.030760498945, 0.0043908807838, 0.00011159459912],
      [0.00087275354059, 0, 0.70069272419, 0.28996871761, 0.0048665738981, 0.0035106094003, 8.8621359064e-05],
      [0.011704365602, 0, 0.0065559892723, 0.079604874345, 0.88909335214, 0.012255712535, 0.00078570610511],
      [0.15256857203, 0.011208147671, 0.025139871891, 0.038472018381, 0.030852466463, 0.73083562113, 0.010923302437],
      [0.30745842012, 0.0010944011903, 0.011440084072, 0.065270360939, 0.11188822201, 0.48357018509, 0.019278326587]
    ],
    [
      [0.38208484661, 0.0021535938759, 0.0004764973167, 0.009117398529, 0.39308783266, 0.20432748416, 0.0087523468577],
      [0.0090179923326, 0.64088258776, 0.0034228246403, 0.038174020363, 0.23530384521, 0.073173538763, 2.5190932037e-05],
      [0.008204163115, 0.66540146332, 0.1229478794, 0.16925811452, 0.02860950015, 0.0055631766668, 1.5702827927e-05],
      [0.00083202629562, 0, 0.89052034271, 0.10270379219, 0.0016879617891, 0.0042341388462, 2.1738165155e-05],
      [0.014949474031, 0.0013375663334, 0.016823327588, 0.038169993987, 0.90534371109, 0.023142151134, 0.00023377584012],
      [0.14719553911, 0.019095920729, 0.050291512779, 0.017764480676, 0.0022592358086, 0.76082767669, 0.0025656342094],
      [0.3142874905, 0.00354570277, 0.023378069094, 0.029539764241, 0.096308674273, 0.52814257258, 0.0047977265428]
    ],
    [
      [0.33589267122, 0, 0, 0.0079704387127, 0.40480160585, 0.21252119711, 0.038814087096],
      [0.0090225575939, 0.58534424653, 0.0025393252974, 0.040322856233, 0.27638330968, 0.086260846501, 0.00012685817257],
      [0.0089872295989, 0.64901828633, 0.10612949183, 0.19223695097, 0.036362843605, 0.0071618430401, 0.00010335463452],
      [0.00084130449246, 0, 0.86202755902, 0.12811115605, 0.0036494665703, 0.0052641081649, 0.00010640570324],
      [0.012145492211, 0, 0.0057538702185, 0.033414675773, 0.92325969632, 0.024217306345, 0.001208959137],
      [0.1348977084, 0.0070138834491, 0.028521055628, 0.014741138361, 0.011837376452, 0.7913727504, 0.011616087315],
      [0.28082248061, 0, 0.010880987301, 0.026210941999, 0.10519785256, 0.55515273671, 0.021735000812]
    ],
    [
      [0.27695893535, 0.00098867611977, 0.0010213353539, 0.023831505696, 0.44923409294, 0.23893158589, 0.0090338686487],
      [0.0068845754643, 0.50378078965, 0.00414767761, 0.10633848662, 0.2870802264, 0.091743026859, 2.5217403695e-05],
      [0.0053037309804, 0.44289795309, 0.11836584979, 0.39716416436, 0.030203468913, 0.0060514681959, 1.3364678673e-05],
      [0, 0, 0.77284248204, 0.21984604961, 0.0033197750825, 0.0039797679253, 1.1925344518e-05],
      [0.0030080201196, 0, 0.018143715493, 0.083600964352, 0.87640598298, 0.018709746231, 0.0001315708227],
      [0.093605130912, 0.0021948651789, 0.052396960263, 0.040045109683, 0.018287262942, 0.79119456007, 0.0022761109473],
      [0.21116518145, 0.00013714542048, 0.025847231439, 0.072406652322, 0.11033273732, 0.57553149163, 0.0045795604163]
    ],
    [
      [0.25310464737, 0.0017852845511, 0.0016478290534, 0.035795131001, 0.45759465479, 0.25007245323, 0],
      [0.005276475175, 0.50373088182, 0.0056788727778, 0.14090613779, 0.25997738506, 0.084430247379, 0],
      [0.003391593938, 0.39310593611, 0.10807270555, 0.4679404691, 0.024230625031, 0.0032586702791, 0],
      [0, 0, 0.72385430765, 0.27224931528, 0.0023673250301, 0.0015290520402, 0],
      [0.00081898099452, 0, 0.02715161147, 0.1201369122, 0.84024720083, 0.01164529451, 0],
      [0.078389796842, 0.0055074056141, 0.067034063331, 0.062375205246, 0.012687683748, 0.77400584522, 0],
      [0.18309237188, 0.00063771340874, 0.03253590762, 0.10466999498, 0.10570655964, 0.57335745247, 0]
    ],
    [
      [0.21725370604, 0.0018297106442, 0.0012524393334, 0.025738409218, 0.46950211869, 0.25174333107, 0.032680284996],
      [0.0044138581817, 0.55414509005, 0.0040498082516, 0.097688242578, 0.25742726019, 0.082221657266, 5.4083481996e-05],
      [0.003342188493, 0.48952296536, 0.10797458464, 0.36588956588, 0.028421841111, 0.0048338333121, 1.5021201039e-05],
      [0, 0, 0.76897825519, 0.22322870075, 0.0048908006639, 0.0029017691822, 4.7421384329e-07],
      [0.00011757754391, 0, 0.020131793842, 0.086079215141, 0.87856422461, 0.014792959506, 0.00031422935609],
      [0.070213188757, 0.0079247938229, 0.055567456823, 0.043190682246, 0.020488723506, 0.79493949302, 0.0076756618245],
      [0.16308723562, 0.00190051141, 0.027806670764, 0.077307136507, 0.11524002918, 0.59836960656, 0.016288809964]
    ],
    [
      [0.22769891497, 0.0017856590078, 0.00061888543326, 0.025480886484, 0.45352938305, 0.27371088456, 0.017175386489],
      [0.0045186206617, 0.58383839364, 0.0030726316291, 0.091814888536, 0.23153807887, 0.085182605661, 3.4781007028e-05],
      [0.0036083624222, 0.52019811219, 0.097522006552, 0.34669797373, 0.022479439447, 0.0094738270553, 2.0278606232e-05],
      [0, 0, 0.76050396143, 0.23012207051, 0, 0.0093552942824, 1.8673775838e-05],
      [0.0044970424435, 0, 0.016436499102, 0.088061454768, 0.86048726586, 0.030298338153, 0.00021939966846],
      [0.068310889025, 0.014564152278, 0.04698791218, 0.04010678226, 0.0046232276874, 0.82153829496, 0.003868741607],
      [0.16459685261, 0.0035282081549, 0.024294785924, 0.074419975571, 0.10169542189, 0.62321404383, 0.0082507120143]
    ],
    [
      [0.18956739546, 0.0051678894849, 0.0029155233544, 0.040443979476, 0.499958612, 0.26194660022, 0],
      [0.0018305298007, 0.63787725907, 0.0068353906645, 0.10732056949, 0.19096471279, 0.055171538184, 0],
      [0, 0.52447789488, 0.088447062217, 0.37133786125, 0.015737181655, 0, 0],
      [0, 0, 0.71255698467, 0.28744301533, 0, 0, 0],
      [0, 0.0068088152105, 0.03964138911, 0.13173376215, 0.82181603353, 0, 0],
      [0.043239191298, 0.073873658994, 0.10442497446, 0.072884095873, 0.004667784663, 0.70091029472, 0],
      [0.13320664609, 0.015317245242, 0.04106924868, 0.11966280539, 0.10847064765, 0.58227340696, 0]
    ],
    [
      [0.19931222497, 0.0019401484881, 0.0028757422358, 0.032698865113, 0.47271221543, 0.29046080377, 0],
      [0.0035675194742, 0.54373308384, 0.010325160626, 0.11554127892, 0.23831225272, 0.088520704426, 0],
      [0.0022691905553, 0.42962596128, 0.14104636686, 0.40523762242, 0.017135391531, 0.0046854673474, 0],
      [0, 0, 0.75484901374, 0.24292648967, 0, 0.0022244965965, 0],
      [0.001055478677, 0, 0.055279886491, 0.10758127847, 0.81965736739, 0.016425988975, 0],
      [0.054257250886, 0, 0.081045722915, 0.05100596525, 0.0014778568087, 0.81221320414, 0],
      [0.13721481735, 0.00099458732357, 0.037599136779, 0.090762564202, 0.09862298831, 0.63480590603, 0]
    ],
    [
      [0.29318636312, 0.0040076178177, 0.001605253406, 0.029204816137, 0.42240769103, 0.24958825849, 0],
      [0.0052587131427, 0.62791364746, 0.0038679423673, 0.094648809335, 0.19743571322, 0.070875174475, 0],
      [0.0039517210644, 0.5400344775, 0.090857686113, 0.34331552467, 0.016830514657, 0.0050100760051, 0],
      [0, 0, 0.75178423989, 0.2440333618, 0, 0.0041823983062, 0],
      [0.014942803867, 0.010255711934, 0.023528732932, 0.10730114104, 0.8236186118, 0.020352998435, 0],
      [0.082698766644, 0.030695546707, 0.056354357076, 0.051836218679, 0, 0.77841511089, 0],
      [0.21314503735, 0.0087513769412, 0.027798364923, 0.085229965869, 0.090682385701, 0.57439286922, 0]
    ],
    [
      [0.30404417728, 0.0018917748834, 0.0008154982386, 0.051106954316, 0.38961760877, 0.22161955016, 0.030904436351],
      [0.0069563715331, 0.48483319045, 0.0028425700542, 0.20379831276, 0.22492061231, 0.076566903162, 8.2039721886e-05],
      [0.0041653433557, 0.32952931212, 0.059689157517, 0.58567336763, 0.017504263036, 0.0034030015082, 3.55548322e-05],
      [0.00028076587527, 0, 0.54406330284, 0.45163686317, 0.0013952350659, 0.0025874039422, 3.6429107342e-05],
      [0.0072477078826, 0.0018069687714, 0.013885756657, 0.18703276686, 0.77592926419, 0.013648684201, 0.00044885143846],
      [0.10160063117, 0.014702867266, 0.038732823823, 0.097664769089, 0.0053253389021, 0.73416441397, 0.00780915578],
      [0.22071932053, 0.0031578148719, 0.018092689557, 0.1493655517, 0.08706456979, 0.50669930504, 0.01490074852]
    ],
    [
      [0.27185727663, 0.0026104153053, 0.0014444634545, 0.037272307307, 0.42923644898, 0.25757908832, 0],
      [0.0053133700974, 0.55657556815, 0.0040897910603, 0.13297231272, 0.22035959491, 0.080689363057, 0],
      [0.0036585758695, 0.44292761475, 0.084870116871, 0.44600238088, 0.016300407233, 0.006240904391, 0],
      [0, 0, 0.68187086478, 0.31282066334, 0, 0.0053084718753, 0],
      [0.0075001306036, 0.003347021644, 0.021772060897, 0.13114657166, 0.81688692126, 0.019347293934, 0],
      [0.080047479367, 0.019128352146, 0.050229732189, 0.06475557657, 0, 0.78583885973, 0],
      [0.19286092558, 0.0048688626576, 0.024525407663, 0.10609846957, 0.092772013853, 0.57887432068, 0]
    ],
    [
      [0.12998071949, 0.002954186677, 0.0033066678065, 0.049564034622, 0.51005678693, 0.28623661647, 0.017900988003],
      [0.0017721004642, 0.53627983008, 0.0082421088449, 0.15313104193, 0.22749753279, 0.073077385887, 0],
      [0, 0.40130059897, 0.10407938745, 0.4822226942, 0.01239731938, 0, 0],
      [0, 0, 0.69289993583, 0.30710006417, 0, 0, 0],
      [0, 0, 0.0400794334, 0.15510369227, 0.80481687433, 0, 0],
      [0.030667503584, 0.024822788089, 0.1112207408, 0.085389277005, 0.0016283258026, 0.74317437276, 0.0030969919558],
      [0.087578264401, 0.0055292076942, 0.043497155042, 0.13862888099, 0.1061074635, 0.61067895635, 0.0079800720256]
    ],
    [
      [0.20335893116, 0.0025318426589, 0.0024917053878, 0.050509593687, 0.46068867641, 0.26467729066, 0.015741960042],
      [0.0032335973207, 0.51418989953, 0.0076977589767, 0.17299545291, 0.22659984576, 0.075283445498, 0],
      [0.0013755211393, 0.36805438786, 0.095709947409, 0.52113336531, 0.013726778276, 0, 0],
      [0, 0, 0.66494267924, 0.33505732076, 0, 0, 0],
      [0.00078877981998, 0.0030653463747, 0.037727731912, 0.16764453231, 0.79076904765, 0, 4.5619387157e-06],
      [0.054345462324, 0.018032346263, 0.08288533806, 0.092825473262, 0, 0.74873635509, 0.0031750250006],
      [0.13858773555, 0.0047008277811, 0.040460125799, 0.14483199078, 0.094786966495, 0.56953019351, 0.0071021600847]
    ],
    [
      [0.29085308869, 0.004542317248, 0.0020799293821, 0.049258634735, 0.43481238554, 0.2184536444, 0],
      [0.0035914198338, 0.59039591084, 0.0055093122714, 0.15265770611, 0.19487474441, 0.052970906537, 0],
      [0, 0.43557261804, 0.074732703189, 0.47487558925, 0.014819089523, 0, 0],
      [0, 0, 0.63129483396, 0.36870516604, 0, 0, 0],
      [0, 0.0015866173981, 0.028759522613, 0.17620887975, 0.79344498024, 0, 0],
      [0.086648429764, 0.063350554786, 0.068145520675, 0.10328204648, 0.0051239731324, 0.67344947516, 0],
      [0.20993402715, 0.015246298655, 0.031969115831, 0.15045264607, 0.097395783462, 0.49500212883, 0]
    ],
    [
      [0.26861758897, 0.0054958101401, 0.0013766371495, 0.040379538612, 0.43390047996, 0.23448926913, 0.01574067605],
      [0.0036829339261, 0.62347308553, 0.0035694148467, 0.12188780882, 0.18920151772, 0.058185239156, 0],
      [0, 0.50256706605, 0.074004914605, 0.40967067565, 0.013757343691, 0, 0],
      [0, 0.0013923533269, 0.6762639989, 0.32234364777, 0, 0, 0],
      [0, 0.020818957574, 0.020695409866, 0.14548444475, 0.81300118781, 0, 0],
      [0.082917293694, 0.049117375819, 0.052981543348, 0.079501189706, 0.0006600124638, 0.73125610454, 0.0035664804335],
      [0.19540046926, 0.014256137243, 0.025718957059, 0.11945464992, 0.09682266749, 0.54076738822, 0.0075797308102]
    ],
    [
      [0.26853836712, 0.004056548586, 0.0034947365965, 0.060044153316, 0.42342011182, 0.22984275306, 0.010603329503],
      [0.0041621238715, 0.51269893535, 0.0056550968123, 0.19934628856, 0.21215823832, 0.065979317085, 0],
      [0, 0.35069490619, 0.074527219062, 0.56882986259, 0.0059480121516, 0, 0],
      [0, 0, 0.58458621358, 0.41541378642, 0, 0, 0],
      [0, 0.010768981193, 0.028707043615, 0.20569917541, 0.75482479978, 0, 0],
      [0.078783206456, 0.027989695453, 0.063644898692, 0.1169615931, 0.009442694708, 0.70092571688, 0.0022521947168],
      [0.18808592402, 0.00796900092, 0.028330005864, 0.16701508125, 0.09024522696, 0.51343871858, 0.0049160424091]
    ],
    [
      [0.2411213953, 0.0044850124382, 0, 0.025716775345, 0.46242695271, 0.25830994417, 0.0079399200332],
      [0.0031601773765, 0.61813303329, 0, 0.084907255928, 0.21971500332, 0.074074520025, 1.0010065391e-05],
      [0.0033900720378, 0.56373201085, 0.073676984837, 0.32921601053, 0.02447033806, 0.0055111201661, 3.463520251e-06],
      [0, 0.0024078168191, 0.72271640248, 0.2659722435, 0.0040514308966, 0.0048495828792, 2.5234234163e-06],
      [0.0043852917484, 0.010926083087, 0.0033159463355, 0.087422027592, 0.87429742521, 0.019571394928, 8.1831103787e-05],
      [0.075001511683, 0.031101752082, 0.02925110553, 0.042175907267, 0.015697429998, 0.80492614805, 0.0018461453877],
      [0.17942064006, 0.0092809054975, 0.016166071788, 0.076577624684, 0.1102030807, 0.60444720014, 0.0039044771353]
    ],
    [
      [0.2969124101, 0.0033237034515, 0.00062264597686, 0.022290924285, 0.42789317518, 0.24895714101, 0],
      [0.0063157415497, 0.62677438519, 0.00067519169693, 0.07677492873, 0.21006433232, 0.079395420512, 0],
      [0.0052156123644, 0.57631430234, 0.088998378445, 0.30097633328, 0.018665536282, 0.0098298372871, 0],
      [0.00049155926048, 0.0013066227447, 0.7753998692, 0.21652659247, 9.4324340971e-05, 0.0061810319902, 0],
      [0.0076300026351, 0.008274645747, 0.012773779302, 0.081077359609, 0.86297113014, 0.027273082568, 0],
      [0.093936981107, 0.027302977567, 0.042409271391, 0.037098667061, 0.0021767227719, 0.7970753801, 0],
      [0.22037463674, 0.007511071056, 0.021859289178, 0.065935267501, 0.097328333921, 0.58699140161, 0]
    ],
    [
      [0.35315905298, 0.0031211292308, 0, 0.01740778741, 0.41384105415, 0.21247097623, 0],
      [0.0037402637076, 0.6277753543, 0, 0.067391769792, 0.22909041735, 0.072002194852, 0],
      [0.0086446030824, 0.60552638755, 0.064026055979, 0.28221588072, 0.031123192602, 0.0084638800718, 0],
      [0.0017806768093, 0.00085543776538, 0.74123835972, 0.24267826168, 0.0069673645827, 0.0064798994412, 0],
      [0.0046857790733, 0.0059889045962, 0, 0.065515275873, 0.90006940853, 0.023740631925, 0],
      [0.1437804266, 0.02620437886, 0.0059555666588, 0.030417739726, 0.023388124771, 0.77025376338, 0],
      [0.28375220052, 0.006547197898, 0.010627259142, 0.056696253814, 0.10808073003, 0.5342963586, 0]
    ],
    [
      [0.2289147127, 0.0060838740801, 0, 0.027488798222, 0.46206081518, 0.25761962769, 0.017832172127],
      [0, 0.63088799412, 0, 0.087257611277, 0.21221037606, 0.069644018545, 0],
      [0.0025720131916, 0.5717979903, 0.061875498729, 0.33680395434, 0.02340777972, 0.003542763726, 0],
      [0, 0.0039992862976, 0.69440447693, 0.29469567031, 0.0035031339766, 0.003397432486, 0],
      [0.0029664431348, 0.020499396219, 0, 0.093273434552, 0.86935407898, 0.013800684163, 0.00010596295091],
      [0.071571854482, 0.037619370113, 0.025343889729, 0.046127181179, 0.013523032778, 0.80172982867, 0.0040848430497],
      [0.16967429508, 0.013296683759, 0.013734611493, 0.081682755832, 0.10924789272, 0.6036104511, 0.0087533100208]
    ],
    [
      [0.31682241038, 0.0012501962532, 0.00034052436208, 0.015485927946, 0.40176203928, 0.23642117884, 0.027917722933],
      [0.0091260354786, 0.60125299914, 0.0020395778724, 0.063880828688, 0.23362772848, 0.089874227912, 0.00019860243063],
      [0.0073333514124, 0.57961371135, 0.11339957953, 0.26467560189, 0.024290441965, 0.010563122557, 0.00012419128814],
      [0, 0, 0.8269035559, 0.1616902354, 0, 0.011241136066, 0.00016507264028],
      [0.013585235583, 0, 0.014525707018, 0.060252466016, 0.87013660421, 0.04068528044, 0.00081470673355],
      [0.1109081919, 0.0018539014159, 0.046341729898, 0.02561528184, 0.0062038636082, 0.80171945261, 0.0073575787359],
      [0.24619812633, 0, 0.021725666286, 0.046709218138, 0.089178407822, 0.58175741169, 0.014431169731]
    ],
    [
      [0.27143041659, 0.0021122954055, 0, 0.021419629255, 0.44496943923, 0.24637582569, 0.01369239383],
      [0.0062611034253, 0.58916339594, 0, 0.079282458454, 0.24208039102, 0.083157842573, 5.4808592024e-05],
      [0.0050796626967, 0.55458982265, 0.082761921629, 0.32034281493, 0.02887328684, 0.0083179295729, 3.4561675858e-05],
      [0.00063572279437, 0, 0.74961946897, 0.23752697636, 0.0053288948482, 0.0068577623337, 3.1174692586e-05],
      [0.0068737492019, 0, 1.7404347442e-05, 0.072892480013, 0.89095867337, 0.02900419328, 0.00025349978635],
      [0.089610002614, 0.016539664852, 0.031711611334, 0.034739299504, 0.018812047645, 0.80520989923, 0.0033774748247],
      [0.20597397789, 0.0040086144756, 0.016790993065, 0.064644961393, 0.10971071151, 0.59197432557, 0.0068964160933]
    ],
    [
      [0.23224110642, 0.0034192702698, 8.0915280679e-05, 0.026147107302, 0.48306418996, 0.24439655498, 0.01065085579],
      [0.0039973949093, 0.61009517538, 0.0019792227205, 0.085803935619, 0.22961601348, 0.068496485281, 1.1772613996e-05],
      [0.0028463581647, 0.55612943866, 0.079916531486, 0.33044129745, 0.028968929293, 0.0016974449495, 0],
      [0, 0.00051443985874, 0.73748605163, 0.25399077618, 0.0070892638988, 0.00091946842939, 0],
      [0.0028448318989, 0.0059442542378, 0.0089183012453, 0.086381710231, 0.88947741118, 0.0063649943143, 6.8496891958e-05],
      [0.072336189782, 0.027328037483, 0.038054447432, 0.04605188865, 0.031026333156, 0.78268871526, 0.0025143882327],
      [0.17649729432, 0.0071940302841, 0.020692491279, 0.079864727963, 0.12228644663, 0.58809287685, 0.0053721326758]
    ],
    [
      [0.23710116069, 0.0024211788231, 0.00068302452621, 0.028170323787, 0.45896172962, 0.24062320249, 0.03203938007],
      [0.0045494430018, 0.57460836614, 0.0026632118014, 0.10215642978, 0.24133693249, 0.074640007131, 4.5609650965e-05],
      [0.0033684983534, 0.49995382891, 0.088641477267, 0.37736530931, 0.027210060771, 0.0034534020782, 7.4233086135e-06],
      [0, 0, 0.7320960684, 0.26086842251, 0.0046969872547, 0.0023326790799, 5.8427500205e-06],
      [0.0039071126356, 0.0012693876357, 0.014119023677, 0.0964319051, 0.87238601667, 0.011579124499, 0.0003074297789],
      [0.075266090065, 0.01834670064, 0.045289980841, 0.049930635509, 0.022738580539, 0.78072325064, 0.0077047617642],
      [0.17945579858, 0.0043120300537, 0.022861301099, 0.085674219624, 0.11439402588, 0.57723033026, 0.016072294496]
    ],
    [
      [0.24857582114, 0.0031704376832, 0.0020571622831, 0.036667903728, 0.45480473442, 0.25472394074, 0],
      [0.0042854123495, 0.56843934465, 0.0042040617087, 0.12350465317, 0.22475798477, 0.07480854335, 0],
      [0.0027376913767, 0.46244122226, 0.088225648664, 0.4232282748, 0.020463866428, 0.0029032964716, 0],
      [0, 0.00016365698702, 0.70514539038, 0.29203241655, 0.0010790487744, 0.0015794873107, 0],
      [0.0027647992463, 0.00506014382, 0.022025344773, 0.12382348427, 0.83517753397, 0.011148693922, 0],
      [0.073156134994, 0.022539382953, 0.054272927168, 0.064106863944, 0.0076084988054, 0.77831619214, 0],
      [0.17860335165, 0.0059333526216, 0.026738131813, 0.10487008965, 0.10275437704, 0.58110069722, 0]
    ],
    [
      [0.27035292519, 0.003018082222, 0.0012749022335, 0.03865121973, 0.46175853914, 0.19794407247, 0.027000259021],
      [0.0044649722836, 0.55321913528, 0.0034590362824, 0.1372980382, 0.24347343385, 0.058085384109, 0],
      [0, 0.43575646226, 0.079200461443, 0.45648033353, 0.028562742764, 0, 0],
      [0, 0, 0.65900607181, 0.3308911418, 0.010102786391, 0, 0],
      [0, 0, 0.00076677973937, 0.13274179543, 0.86649142483, 0, 0],
      [0.091354070741, 0.034819599429, 0.080873796712, 0.079919025235, 0.033718672753, 0.67254724699, 0.0067675881427],
      [0.21193995006, 0.0067687879116, 0.025419548792, 0.12256043838, 0.12722553276, 0.49205026692, 0.014035475174]
    ],
    [
      [0.29985605353, 0.0015931364075, 0, 0.037757349457, 0.42122163931, 0.21009065839, 0.029481162903],
      [0.0068874101585, 0.50513625965, 0, 0.15879337273, 0.25466723115, 0.074390392063, 0.00012533425198],
      [0.0052914125871, 0.39209681875, 0.047516803337, 0.52435745539, 0.02747278619, 0.0031834393525, 8.1284392783e-05],
      [0.00080442051604, 0, 0.52282355562, 0.46572679571, 0.0077704703071, 0.002793056032, 8.1701818296e-05],
      [0.0083543235831, 0.0005727256171, 0, 0.13540213722, 0.84421630075, 0.010899786607, 0.00055472621815],
      [0.10947211024, 0.015164448315, 0.016751406924, 0.070431813866, 0.032378754341, 0.74769412276, 0.0081073435504],
      [0.2330313231, 0.0031457126986, 0.0087562732964, 0.11751380698, 0.11017129839, 0.51222095358, 0.015160631954]
    ],
    [
      [0.15366847493, 0.0046272282035, 0, 0.048298406309, 0.53286153555, 0.26054435501, 0],
      [0.0019704173262, 0.56404228136, 0.00096470531948, 0.1408468674, 0.22887313777, 0.063302590826, 0],
      [0, 0.44502282207, 0.051425206737, 0.47408161332, 0.029470357874, 0, 0],
      [0, 0, 0.56540794631, 0.42386733269, 0.010724720997, 0, 0],
      [0, 0, 0, 0.14087185743, 0.85912814257, 0, 0],
      [0.040857775405, 0.050279623954, 0.03224702541, 0.085995936501, 0.038479966842, 0.75213967189, 0],
      [0.1098611167, 0.0095562159545, 0.015797453726, 0.13940395189, 0.1297290391, 0.59565222263, 0]
    ],
    [
      [0.32510391888, 0.0018658967508, 0.0002187751123, 0.027284285859, 0.39835661296, 0.23644856039, 0.010721950047],
      [0.0078398562781, 0.55754515675, 0.0022467054048, 0.11265993395, 0.23452014135, 0.085151547213, 3.6659062536e-05],
      [0.0068353051994, 0.47389338217, 0.081104787775, 0.40640163811, 0.021058528816, 0.010660967913, 4.5390020206e-05],
      [0.00030626194506, 0, 0.69897373646, 0.29161450165, 0.000251623579, 0.0088135686574, 4.0307701848e-05],
      [0.010285401068, 0, 0.0094880837444, 0.10292941103, 0.84203622046, 0.035007566285, 0.00025331741392],
      [0.11276273298, 0.01106311517, 0.03297099769, 0.044171465691, 0.00019427144537, 0.79605056774, 0.0027868492811],
      [0.24350234002, 0.0024725531797, 0.017094676615, 0.080622937708, 0.090584410642, 0.56038367173, 0.005339410104]
    ],
    [
      [0.2475939443, 0.0057394528934, 0.0021164970518, 0.055024148559, 0.44723780498, 0.23014461221, 0.012143539998],
      [0.0029586869182, 0.61682984489, 0.0039251826543, 0.14815003654, 0.17684866224, 0.05128758676, 0],
      [0, 0.45452776885, 0.068293060045, 0.46324299599, 0.013936175114, 0, 0],
      [0, 0, 0.62344687466, 0.37625213519, 0.00030099014484, 0, 0],
      [0, 0.0034990649648, 0.02594546289, 0.18575413684, 0.78480133531, 0, 0],
      [0.068520178545, 0.066339858094, 0.06532659397, 0.11254025931, 0.0050586638002, 0.67971792119, 0.0024965250944],
      [0.17332885121, 0.0200523329, 0.032534305414, 0.16467392109, 0.097909047467, 0.50588223231, 0.005619309603]
    ],
    [
      [0.35273359038, 0.00068464346136, 0.00023328195752, 0.028431508989, 0.38789853201, 0.2300184432, 0],
      [0.010374481202, 0.46912937797, 0.0028008026643, 0.14288346631, 0.27512946034, 0.099682411513, 0],
      [0.035158436871, 0.34920698162, 0.090644751995, 0.48802896156, 0.02424494252, 0.012715925441, 0],
      [0, 0, 0.68046803406, 0.30800963765, 0.00053144677845, 0.010990881514, 0],
      [0.0073732006649, 0, 0.0095478863572, 0.10632743621, 0.83631148549, 0.040439991287, 0],
      [0.12664061369, 0, 0.033463292413, 0.042760547312, 0.0030515172927, 0.79408402929, 0],
      [0.26396551904, 0, 0.016554217973, 0.083111392373, 0.08885422582, 0.54751464479, 0]
    ],
    [
      [0.18728324932, 0.0048178002592, 0, 0.025266129208, 0.45568428885, 0.28828768831, 0.038660844044],
      [0.0029961835456, 0.65873635435, 0.00097961984188, 0.073597954176, 0.18992442604, 0.073706310361, 5.9151676939e-05],
      [0.0025386423762, 0.62084034882, 0.058807370514, 0.29211533167, 0.013955518548, 0.011709300453, 3.3487617203e-05],
      [0.00011312051473, 0.0019380897376, 0.7127746963, 0.27769595077, 0.00064805283277, 0.0067976770592, 3.2412789673e-05],
      [0.011613368555, 0.014698931185, 0.004584223065, 0.08689727751, 0.84936106344, 0.032383269179, 0.00046186706988],
      [0.046803955289, 0.038181914689, 0.024164060539, 0.038812027427, 0, 0.84373068122, 0.0083073608325],
      [0.13333877606, 0.010486127454, 0.015418507684, 0.072162537808, 0.098377152929, 0.65198541625, 0.018231481811]
    ],
    [
      [0.15043917093, 0.0050333767542, 0.00029962518278, 0.045318008947, 0.54959582857, 0.24931398962, 0],
      [0.0021502854114, 0.58226133832, 0.0020569673778, 0.12616511033, 0.22634835413, 0.06101794443, 0],
      [0, 0.4711249648, 0.058677255816, 0.43956872169, 0.030629057696, 0, 0],
      [0, 0, 0.61077210503, 0.38073361983, 0.0084942751397, 0, 0],
      [0, 0, 0.0029985482221, 0.13068004747, 0.86632140431, 0, 0],
      [0.040801203047, 0.04873496044, 0.041411237412, 0.086295569323, 0.048252336733, 0.73450469304, 0],
      [0.11082609143, 0.01019944364, 0.019950992269, 0.13399255086, 0.13763206703, 0.58739885476, 0]
    ],
    [
      [0.22863460038, 0.004644387738, 0.0030844092361, 0.033347444965, 0.50222426994, 0.22806488775, 0],
      [0.0032627985264, 0.62984867209, 0.0043890277718, 0.094695475338, 0.21162544566, 0.056178580612, 0],
      [0, 0.53114169497, 0.099909045653, 0.34425142886, 0.024697830527, 0, 0],
      [0, 0, 0.75660259191, 0.23719015695, 0.0062072511375, 0, 0],
      [0, 0, 0.024230914866, 0.10856264422, 0.86720644091, 0, 0],
      [0.064673550202, 0.051447317676, 0.093800532664, 0.070102076239, 0.025966594815, 0.6940099284, 0],
      [0.17265089179, 0.011553621445, 0.039802305699, 0.10365163393, 0.12640747445, 0.54593407269, 0]
    ],
    [
      [0.31204915895, 0.00048747921146, 0.00013227008125, 0.019238654561, 0.41378801746, 0.22742879796, 0.026875621783],
      [0.0090440822881, 0.47632294563, 0.0036539967795, 0.10235125947, 0.30764273985, 0.10089651843, 8.8457551854e-05],
      [0.0074274248274, 0.43708932604, 0.115823608, 0.39917939694, 0.033245930484, 0.007174991546, 5.9322168822e-05],
      [8.3884368508e-05, 0, 0.76933290086, 0.22322751452, 0.0027259359501, 0.0045794963232, 5.0267977955e-05],
      [0.0073598860786, 0, 0.012606404766, 0.073946215824, 0.88074414366, 0.024736952791, 0.00060639687788],
      [0.11428657933, 0.0026771635018, 0.038739140961, 0.032414831623, 0.010300872137, 0.79419779009, 0.0073836223589],
      [0.24449203582, 0.00010459710694, 0.019289812946, 0.060178576224, 0.10171434091, 0.56018655969, 0.014034077307]
    ],
    [
      [0.33236684962, 0.0016126542337, 0.00029201984164, 0.014442059685, 0.39447572278, 0.21635465585, 0.04045603799],
      [0.0083702424243, 0.58695791662, 0.0030424754739, 0.065223696287, 0.25304139824, 0.08324388014, 0.00012039081471],
      [0.0072992432973, 0.57693879685, 0.10603384351, 0.27427435224, 0.029074097283, 0.0063006088226, 7.905800223e-05],
      [0.00035877771947, 0, 0.81709379854, 0.17551350684, 0.0024129481131, 0.0045468754448, 7.4093335886e-05],
      [0.010346501567, 0.00063324312394, 0.014230346312, 0.059368585117, 0.89247710918, 0.022119838908, 0.00082437579319],
      [0.12426191804, 0.011746298202, 0.038482965295, 0.025818844569, 0.0036499499717, 0.7845341283, 0.011505895624],
      [0.26675347721, 0.0021239512679, 0.019201412909, 0.04587555988, 0.096892264097, 0.547546518, 0.021606816636]
    ],
    [
      [0.32670271787, 0.002133162277, 0.001343194528, 0.020419717295, 0.43913612894, 0.21026507909, 0],
      [0.0070092730592, 0.58310965572, 0.004677948197, 0.081078269244, 0.25259697193, 0.071527881847, 0],
      [0.0052811544702, 0.51876447495, 0.12930022256, 0.31325929078, 0.031889175655, 0.001505681598, 0],
      [0, 0, 0.79920648521, 0.18910956198, 0.011683952806, 0, 0],
      [0.0013388492768, 0, 0.028297783874, 0.073176309644, 0.89257316133, 0.0046138958716, 0],
      [0.12037567585, 0, 0.072681283741, 0.039006431701, 0.019901666219, 0.74803494249, 0],
      [0.25963469538, 0.0012031436337, 0.031289862202, 0.064694194745, 0.1149660392, 0.52821206484, 0]
    ],
    [
      [0.32860228925, 0.001922029631, 0, 0.020009276256, 0.42861183637, 0.20626056413, 0.014594004353],
      [0.0076278442068, 0.57461508255, 0.0018851685507, 0.084154497286, 0.25759292223, 0.074087302539, 3.7182632817e-05],
      [0.0063015487959, 0.54427626492, 0.071888318595, 0.34362914753, 0.02918775713, 0.0046988733187, 1.8089705921e-05],
      [0.0002946312626, 6.4541696383e-05, 0.71360040882, 0.27799634251, 0.0043169487167, 0.003707648556, 1.9478435107e-05],
      [0.008026902099, 0.0015572781771, 0.0082575324575, 0.075380642883, 0.89501354682, 0.011535574611, 0.00022852295227],
      [0.12283045961, 0.016076641446, 0.02693144116, 0.039085125117, 0.029844202219, 0.76108602538, 0.0041461050687],
      [0.26662422753, 0.0036378838485, 0.014003313992, 0.065053037856, 0.11439398136, 0.52842951381, 0.0078580415998]
    ],
    [
      [0.3983869907, 0.0019026328304, 0, 0.027273468863, 0.36186083336, 0.20344234898, 0.0071337252676],
      [0.0094700735382, 0.57297513396, 0.0018908089309, 0.11926569272, 0.22211156576, 0.074268341216, 1.8383876007e-05],
      [0.0075509653243, 0.48208722978, 0.055604993329, 0.42811135289, 0.021777127264, 0.0048515969074, 1.6734497585e-05],
      [0.0011547065227, 7.584170361e-05, 0.60416089818, 0.38728017073, 0.0025880654243, 0.0047197607998, 2.0556643824e-05],
      [0.013238712296, 0.0027415063099, 0.0081586149967, 0.11683750043, 0.84039224728, 0.018475933255, 0.00015548543661],
      [0.15646534454, 0.017353356272, 0.020132788263, 0.050749808379, 0.0050047422692, 0.74816557512, 0.0021283851551],
      [0.31412502234, 0.0034404258737, 0.008733161477, 0.084365212876, 0.085997207309, 0.49959061548, 0.0037483546464]
    ],
    [
      [0.37002150221, 0.0031483827353, 0, 0.028402590883, 0.35852791087, 0.23017350643, 0.0097261068819],
      [0.0073205298767, 0.63873117182, 0.0017297545532, 0.10120773835, 0.18193121938, 0.069056805046, 2.2780978653e-05],
      [0.0055775569974, 0.54699071483, 0.053118092295, 0.37178964442, 0.017857776026, 0.004653119994, 1.3095441276e-05],
      [0.00057927116945, 0.00034642044968, 0.62867815372, 0.36367959274, 0.0016856821318, 0.0050137041, 1.7175695373e-05],
      [0.04722733202, 0.0049682404463, 0.010350765229, 0.12020721004, 0.79201524497, 0.025027937657, 0.00020326963594],
      [0.11769068966, 0.02510705814, 0.025111076621, 0.049690840253, 0, 0.77978955582, 0.0026107795007],
      [0.27582761925, 0.0061789424752, 0.012721616628, 0.084891712888, 0.077374658581, 0.53817705956, 0.0048283906199]
    ],
    [
      [0.25812061426, 0.0012122003662, 0.00110833083, 0.032755617843, 0.46966874281, 0.23713449389, 0],
      [0.0062139413153, 0.44773863521, 0.0044490446336, 0.14674839577, 0.30394678148, 0.090903201597, 0],
      [0.0064065484572, 0.35131721098, 0.11115524895, 0.49625860254, 0.030784414425, 0.0040779746457, 0],
      [0, 0, 0.72379498431, 0.27006598624, 0.0039441069368, 0.0021949225156, 0],
      [0, 0, 0.01829142168, 0.10697706417, 0.8644753744, 0.01025613975, 0],
      [0.085063626751, 0, 0.054812432796, 0.056151996973, 0.031617342991, 0.77235460049, 0],
      [0.19306402048, 0, 0.026735668098, 0.098184398268, 0.11882228471, 0.56319362845, 0]
    ],
    [
      [0.17777887103, 0.0021941637365, 0.001038370111, 0.033894715779, 0.54710432397, 0.23798955537, 0],
      [0.0028611782918, 0.53062288363, 0.0033582771004, 0.11759349678, 0.27713376672, 0.068430397465, 0],
      [0, 0.44645952183, 0.093183484934, 0.42413172473, 0.03622526851, 0, 0],
      [0, 0, 0.71773931033, 0.27269056053, 0.0095701291435, 0, 0],
      [0, 0, 0, 0.09216755792, 0.90783244208, 0, 0],
      [0.05132458515, 0.016314296582, 0.066697736907, 0.069178415344, 0.062977135412, 0.7335078306, 0],
      [0.1355966994, 0.0036785521476, 0.027145672461, 0.1055458087, 0.15217222855, 0.57586103874, 0]
    ],
    [
      [0.20924361386, 0.0039932616117, 0.00092772763211, 0.041006219274, 0.45202043476, 0.29280874287, 0],
      [0.0033741260191, 0.58690743509, 0.0027361297756, 0.12589150648, 0.20202135977, 0.079069442865, 0],
      [0.0021430341544, 0.47195906059, 0.072362005607, 0.43117184715, 0.015702339387, 0.006661713112, 0],
      [0, 0.00047535783804, 0.66609548019, 0.3285237236, 0, 0.0049054383662, 0],
      [0.019504702773, 0.0065858593082, 0.015827697817, 0.13510455848, 0.79865010108, 0.024327080533, 0],
      [0.046149633746, 0.025964169359, 0.041530546799, 0.065247943621, 0, 0.82110770648, 0],
      [0.14111761055, 0.0073192721267, 0.021742715608, 0.11107494556, 0.090815082459, 0.6279303737, 0]
    ],
    [
      [0.18741447032, 0.0012559953871, 0.00017181918125, 0.012172660802, 0.48804084635, 0.29697968806, 0.013964519892],
      [0.0050513881362, 0.46053027081, 0.0031009304039, 0.060434712596, 0.34489366898, 0.12595242547, 3.6603606071e-05],
      [0.005000757398, 0.51860410285, 0.12713714617, 0.29331373669, 0.046068574688, 0.009854471304, 2.1210896696e-05],
      [4.2840194997e-05, 0, 0.83107786068, 0.15879738822, 0.0032837204124, 0.0067830216543, 1.5168840263e-05],
      [0.0038122463227, 0.00046351981609, 0.0095481142757, 0.041313530199, 0.91793323487, 0.026755170995, 0.00017418351906],
      [0.054958708393, 0.0059172930143, 0.02308188493, 0.016871239594, 0.0014412027251, 0.89462561695, 0.0031040543928],
      [0.13742661545, 0.0017177282656, 0.015683858329, 0.035511744476, 0.11066068458, 0.69220286064, 0.0067965082612]
    ],
    [
      [0.32819314795, 0.0018554477678, 0, 0.021606950746, 0.38702766267, 0.24631521536, 0.015001575505],
      [0.0070929620641, 0.60994645664, 0.0018066765344, 0.085924382661, 0.21459669131, 0.080593585195, 3.9245587661e-05],
      [0.006068779536, 0.56101438242, 0.063127970083, 0.34057691759, 0.022001699165, 0.0071764808963, 3.3770315987e-05],
      [0.00057092252311, 4.1114628911e-05, 0.6902266569, 0.30094274685, 0.0020537763831, 0.0061356918186, 2.9090904477e-05],
      [0.033185091344, 0.0018590862905, 0.0083575129629, 0.088380556687, 0.8367347948, 0.031155383436, 0.00032757447604],
      [0.10294943134, 0.016048617007, 0.022107195827, 0.035139142633, 0, 0.81982937837, 0.0039262348208],
      [0.2458310932, 0.0037732881213, 0.012413038302, 0.065804913966, 0.086066966393, 0.57864018407, 0.0074705159434]
    ],
    [
      [0.21564453979, 0.00090834639569, 0.00048509927512, 0.054231265767, 0.45009824834, 0.27863250044, 0],
      [0.0049265045752, 0.38934369569, 0.0020362317073, 0.2292963137, 0.27317629874, 0.10122095558, 0],
      [0.0029254409203, 0.25996758477, 0.045547938646, 0.66514704336, 0.021680036693, 0.004731955612, 0],
      [7.0634921668e-05, 7.4863370404e-05, 0.46157271641, 0.53180339329, 0.0026013493987, 0.0038770426095, 0],
