{
  "Z_true": {},
  "V_true": [
    [22, 48, 632, 546],
    [1488, 552, 865, 136],
    [616, 3650, 501, 269],
    [160, 67, 22660, 431],
    [217, 537, 538, 336],
    [72, 91, 815, 296]
  ],
  "p_true": [
    [0.0176, 0.0385, 0.5064, 0.4375],
    [0.4893, 0.1815, 0.2844, 0.0447],
    [0.1223, 0.7248, 0.0995, 0.0534],
    [0.0069, 0.0029, 0.9718, 0.0185],
    [0.1333, 0.3299, 0.3305, 0.2064],
    [0.0565, 0.0714, 0.6397, 0.2323]
  ],
  "Z_est": [
    [
      [1.5231, 0.7936, 0.1097, 0.7069, 0.3349, 0.769, 0.0255, 0.8382, 0.1107, 0.2717, 1.2636, 1.2294, 0.6857, 2.1458, 0.0236, 0, 0.233, 0.4791, 0.4814, 0.3724, 1.6779, 1.2326, 0, 0.0459, 0.0128, 0.0537, 0.3183, 0.0746, 0.9348, 0.6465, 0.6215, 0.031, 0.5149, 0.9346, 1.7392, 0, 0.4655, 0, 0.288, 0.8188, 0.3519, 0.4109, 0.8243, 0.1275, 0.2491, 0.2687, 1.6443, 0, 0.3793, 0.4471, 0.1994, 2.5677, 0.182],
      [5.7171, 3.5184, 1.4542, 2.6238, 1.6383, 2.3489, 0.2226, 4.6976, 1.2261, 1.1012, 8.5837, 5.0255, 3.0025, 16.5919, 0.0191, 0, 1.5021, 2.1858, 2.8961, 3.804, 5.3022, 3.8979, 0.4148, 0.1097, 0.1594, 0.0471, 1.0026, 0.6855, 6.5117, 1.7248, 3.7911, 0.1738, 1.3715, 1.2205, 5.9589, 0, 2.1935, 0, 1.3603, 4.0794, 2.0394, 2.2489, 3.7373, 0.5075, 0.9552, 0.7177, 10.5731, 0, 2.7426, 1.8766, 0.9359, 9.1594, 0.814],
      [17.6653, 13.7728, 4.2974, 13.8421, 9.4487, 14.9106, 2.3129, 15.8297, 2.0901, 2.4698, 20.5235, 33.7451, 13.9699, 28.6688, 0.8492, 0, 6.6493, 10.1818, 15.6707, 14.6152, 21.0211, 20.9464, 0.5852, 0.3012, 0.0917, 0.6869, 3.0812, 0.5148, 13.3094, 12.4169, 13.9954, 0.5131, 9.6288, 4.8967, 29.0542, 0, 7.1166, 0, 6.1739, 31.8786, 7.9643, 5.4434, 10.5208, 2.288, 4.3588, 9.1477, 39.0055, 0, 8.6827, 8.4199, 2.5648, 38.7518, 2.769],
      [22.0944, 12.9152, 5.1386, 11.8272, 7.578, 14.9715, 1.439, 14.6346, 2.5731, 3.1573, 33.6293, 19, 13.3419, 34.5934, 0.1081, 0, 5.6156, 9.1533, 10.9518, 14.2084, 16.9988, 23.9231, 0, 0.5431, 0.7361, 0.2123, 3.598, 0.725, 21.2441, 10.2118, 12.592, 1.282, 6.4849, 2.9482, 21.2477, 0, 5.2243, 0, 5.1778, 19.2232, 6.6444, 5.8968, 14.9177, 3.077, 3.4369, 5.8659, 31.7771, 0, 7.1954, 8.2564, 3.3, 33.5212, 2.235]
    ],
    [
      [85.5095, 40.6036, 11.6606, 41.5562, 20.2945, 49.9041, 1.8058, 77.1568, 6.4706, 13.5767, 67.572, 70.5149, 47.1693, 115.3143, 1.4628, 0, 33.0986, 21.2346, 26.6536, 32.0984, 46.1479, 59.2446, 0, 6.6626, 8.8164, 0.8751, 102.1986, 3.8772, 24.9803, 32.9126, 55.7732, 2.0405, 32.2656, 7.0926, 110.5014, 0, 19.0532, 2.9513, 15.9347, 40.2422, 22.8885, 23.1709, 19.2801, 17.1631, 30.1769, 20.9377, 118.9779, 1.2483, 23.6159, 25.8837, 39.185, 200.6854, 29.1898],
      [6.3532, 3.5446, 2.9537, 3.0326, 1.9357, 2.9888, 0.3885, 8.5825, 1.3234, 1.0536, 9.1419, 5.7256, 4.0625, 17.8092, 0.0163, 0, 4.1821, 1.8921, 3.1556, 6.3862, 2.8548, 3.7032, 0.4386, 0.2567, 2.0324, 0.0092, 6.4555, 0.5446, 3.4207, 1.7088, 6.7206, 0.1644, 1.5864, 0.1583, 7.5155, 0, 1.7091, 0.1075, 1.4285, 3.9856, 2.5963, 2.4847, 1.6979, 1.3063, 2.2507, 1.0906, 15.2368, 0.1549, 3.335, 2.1179, 3.5984, 14.2732, 2.5045],
      [22.2158, 15.7111, 9.9011, 18.115, 12.6225, 21.5256, 3.3856, 32.7846, 2.5488, 2.6474, 24.698, 43.5324, 21.4193, 34.8513, 0.502, 0, 20.9534, 9.9678, 19.3129, 27.7796, 12.7932, 22.5702, 0.5614, 0.7911, 1.3025, 0.1069, 21.7744, 0.4332, 7.9132, 13.9388, 28.1152, 0.55, 13.2476, 0.6654, 41.5056, 0, 6.2724, 0.6611, 7.3387, 35.2293, 11.4765, 6.7799, 5.4005, 6.6776, 11.6263, 15.8127, 63.6906, 0.5968, 11.9451, 10.7594, 11.1677, 68.3835, 9.6659],
      [5.9215, 3.1407, 2.4847, 3.2963, 2.1474, 4.5815, 0.4202, 6.4761, 0.6572, 0.7223, 8.5881, 5.2271, 4.349, 9.0252, 0.0188, 0, 3.766, 1.9055, 2.8778, 5.7358, 2.2042, 5.482, 0, 0.2897, 1.8487, 0.0088, 5.5715, 0.145, 2.6857, 2.4398, 5.3911, 0.2451, 1.9004, 0.0837, 6.4775, 0, 0.9652, 0.28, 1.298, 4.5429, 2.0387, 1.5645, 1.6216, 1.853, 1.946, 2.159, 11.0948, 0, 2.104, 2.239, 3.0489, 12.6578, 1.6398]
    ],
    [
      [11.8509, 10.2991, 0.5528, 9.1667, 4.2633, 4.3479, 0.053, 19.7855, 1.3524, 7.6763, 14.2555, 8.7357, 5.0553, 13.6519, 1.5049, 0.4679, 2.8787, 6.7531, 4.8315, 2.3057, 8.9265, 9.1062, 0, 2.3979, 0.8079, 2.4379, 5.8831, 0.3387, 5.8061, 8.3182, 7.0733, 0.3452, 5.0759, 2.5355, 16.153, 0, 2.0284, 0.9943, 2.1654, 11.7404, 6.848, 11.0392, 6.6883, 3.3084, 4.2953, 5.1514, 15.7291, 0.0947, 6.1598, 7.568, 8.4618, 42.5755, 2.449],
      [106.5189, 109.4088, 44.4693, 81.749, 50.5506, 32.2148, 1.4887, 264.735, 37.6675, 74.5147, 230.8857, 85.6659, 53.3844, 250.5262, 3.8917, 4, 45.0975, 74.0952, 69.9188, 67.49, 67.758, 68.9647, 2.9748, 14.6124, 19.6505, 7.6043, 44.6581, 7.4066, 96.8592, 53.5237, 103.6615, 5.3588, 32.7519, 10.8428, 132.3654, 0, 23.5155, 6.8925, 25.2653, 139.7485, 95.3635, 142.7404, 72.8261, 32.083, 39.9146, 28.0941, 241.3569, 2.7297, 107.7121, 76.4293, 95.2254, 362.1951, 27.1654],
      [6.8446, 8.8864, 2.6166, 8.9149, 5.9433, 4.191, 0.2193, 18.6511, 1.231, 3.1576, 11.5068, 11.9625, 5.1201, 8.8688, 1.9246, 0, 4.0605, 7.1057, 7.799, 5.3049, 5.5578, 7.7315, 0.0252, 0.6854, 0.1103, 1.8497, 2.7607, 0, 4.0327, 7.9005, 7.9322, 0.2616, 4.6953, 0.8016, 13.4744, 0, 1.5274, 0.6149, 2.2684, 22.7351, 7.6785, 6.8141, 4.1896, 2.9299, 3.7195, 7.4494, 18.6621, 0.1756, 7.0509, 7.0488, 5.3456, 32.171, 1.8314],
      [14.7856, 14.4058, 5.3613, 13.1695, 8.2428, 7.2462, 0.2391, 29.8284, 2.7491, 7.6514, 32.352, 11.6359, 8.4403, 18.9532, 0.6787, 0.5321, 5.9633, 11.0461, 9.4507, 8.8994, 7.7578, 15.1976, 0, 2.3044, 2.4313, 1.1081, 5.698, 0.2547, 11.3019, 11.2576, 12.333, 1.0344, 5.4769, 0.8201, 17.0071, 0, 1.9287, 2.4983, 3.3009, 23.7761, 11.11, 13.4063, 10.2961, 6.6787, 5.0706, 8.3051, 26.252, 0, 10.0772, 11.9539, 11.9672, 48.0584, 2.5542]
    ],
    [
      [5.8091, 3.2809, 0, 2.5326, 1.6625, 2.6726, 0, 2.443, 0.1683, 1.1147, 2.8276, 4.4154, 2.0621, 6.5805, 0, 0.5321, 0.4485, 2.2343, 1.0845, 0, 2.9471, 4.022, 0, 0.2957, 1.0311, 0, 2.395, 0.249, 2.0106, 1.0137, 2.1601, 0.2651, 1.2893, 0, 4.7257, 4.9669e-28, 0.6923, 0.0544, 0.5408, 2.4712, 1.1299, 1.151, 1.5941, 0.6882, 1.8293, 1.0219, 4.9703, 0, 0.6223, 1.3922, 2.2496, 7.1879, 0.8874],
      [2.2109, 0.8592, 0.3315, 0.4662, 0.5049, 0.0167, 0.1364, 0.8997, 0.3371, 0.5295, 2.7798, 1.1886, 0.5542, 2.5416, 0.0647, 0, 0.3564, 0.4966, 0.9194, 1.092, 1.2661, 0.4319, 0.0281, 0.0348, 1.0179, 0, 0.8831, 0.0118, 1.2262, 0.0368, 1.0241, 0.0191, 0, 0.662, 1.4292, 8.405e-45, 0.2205, 0, 0.0488, 1.9991, 0.3056, 0.5067, 0.563, 0.1971, 0.4304, 0, 3.0663, 0, 0.5191, 0.1922, 0.7091, 2.5837, 0.2774],
      [931.7333, 761.8818, 294.2107, 659.864, 612.6078, 657.3005, 95.932, 640.2593, 87.0034, 130.1367, 601.6785, 1340.2282, 561.7139, 915.4628, 16.7536, 4, 227.5883, 604.426, 570.8133, 495.7032, 611.7397, 861.5878, 7.9719, 34.8007, 38.0664, 20.6542, 252.7537, 8.574, 341.0659, 282.8773, 721.5733, 34.1057, 365.3923, 81.8488, 1154.7138, 7, 133.101, 17.724, 153.6458, 1218.8536, 354.7728, 175.0189, 240.835, 140.301, 445.3109, 338.709, 1825.6302, 19, 265.1776, 336.297, 359.278, 1674.1215, 196.8511],
      [14.2467, 8.9782, 4.4578, 7.1372, 6.2247, 8.0102, 0.9316, 7.3981, 1.4912, 2.2192, 10.7141, 8.1677, 6.6699, 14.4151, 0.1817, 0.4679, 2.6067, 6.8431, 5.1829, 6.2048, 6.0471, 10.9583, 0, 0.8688, 1.8846, 0.3458, 3.9681, 0.1653, 6.6972, 3.0722, 8.2425, 0.61, 3.3183, 0.4891, 10.1313, 1.2662e-21, 0.9861, 0.2217, 1.7646, 9.6761, 3.7917, 2.3234, 4.0079, 1.8136, 4.4295, 3.2691, 18.3332, 0, 2.681, 4.1186, 5.7634, 18.1069, 1.9841]
    ],
    [
      [8.5804, 5.2951, 0.5582, 3.4858, 1.1818, 1.8162, 0.1158, 7.3408, 0.7706, 3.9656, 5.2678, 5.3744, 3.5524, 11.1089, 0, 0, 2.1867, 2.7518, 3.6595, 1.0499, 5.3858, 11.6669, 0, 0.5979, 0.2688, 0.6333, 5.8439, 0.3983, 4.6814, 2.8394, 2.6728, 0.3181, 4.5211, 3.1482, 8.8483, 0, 2.6002, 0, 0.8512, 6.1923, 3.5477, 2.8374, 3.1247, 1.5963, 4.0166, 2.3884, 12.4562, 0.6026, 2.0091, 2.3799, 3.4139, 13.4049, 1.1712],
      [22.3335, 16.2811, 5.1193, 8.9779, 4.0217, 3.8597, 0.7638, 28.5181, 5.9626, 11.1233, 24.8014, 15.2606, 10.8118, 59.7844, 0, 0, 9.8167, 8.7127, 15.2797, 7.3686, 11.7814, 25.5841, 0, 0.9865, 2.3597, 0.3393, 12.8091, 2.7858, 22.6875, 5.2514, 11.3212, 1.2839, 8.3597, 2.7253, 21.012, 0, 8.571, 0, 2.8127, 21.3847, 14.2715, 10.7796, 9.8499, 4.4223, 10.7085, 4.4581, 55.4983, 2.9391, 10.0701, 6.9355, 11.1207, 33.1039, 3.6755],
      [11.3171, 10.4363, 2.4448, 7.7482, 3.775, 3.9992, 1.1503, 15.7787, 1.618, 4.0328, 9.7501, 16.8037, 8.2201, 16.9457, 0, 0, 7.065, 6.6267, 13.5115, 4.6201, 7.6376, 22.5725, 0, 0.4216, 0.2105, 0.7023, 6.4047, 0.2684, 7.5781, 6.1688, 6.8402, 0.5696, 9.5604, 1.7364, 16.8186, 0, 4.4697, 0, 2.051, 27.442, 9.0954, 4.2551, 4.5226, 3.2303, 7.9504, 9.2531, 33.6607, 1.4583, 5.1971, 5.0759, 4.9752, 23.045, 2.0053],
      [18.769, 12.9875, 3.8778, 8.788, 4.0214, 5.3249, 0.9701, 19.3624, 2.6488, 6.8784, 21.1807, 12.5613, 10.4157, 27.161, 0, 0, 7.9316, 7.9088, 12.5493, 5.9614, 8.1952, 34.1766, 0, 0.994, 2.1611, 0.3251, 9.9424, 0.5476, 16.053, 6.7404, 8.1658, 1.8284, 8.5588, 1.39, 16.3211, 0, 4.3591, 0, 2.285, 21.981, 10.0854, 6.1279, 8.5028, 5.7511, 8.3246, 7.9004, 36.3848, 0, 5.7237, 6.6087, 8.4902, 26.4462, 2.148]
    ],
    [
      [0.7269, 0.7277, 0.1187, 0.5519, 0.263, 0.4902, 0, 0.4358, 0.1274, 0.395, 0.8135, 0.7302, 0.4753, 1.1985, 0.0087, 0, 0.1545, 0.547, 0.2895, 0.1736, 0.9148, 0.7277, 0, 0, 0.063, 0, 0.3612, 0.0622, 0.5867, 0.2696, 0.6991, 0, 0.3331, 0.289, 1.0325, 0, 0.1603, 0, 0.2198, 0.5351, 0.234, 0.3906, 0.4886, 0.1165, 0.4329, 0.2318, 1.2222, 0.0544, 0.2135, 0.3291, 0.4903, 2.5786, 0.1206],
      [2.8664, 3.3881, 1.6721, 2.1504, 1.3487, 1.571, 0, 2.5672, 1.4834, 1.6778, 5.8074, 3.1337, 2.1847, 9.7467, 0.0081, 0, 1.0451, 2.6177, 1.8303, 1.8592, 3.0376, 2.4182, 0.1437, 0, 0.7801, 0, 1.1916, 0.5657, 4.2946, 0.7546, 4.4816, 0, 0.9306, 0.391, 3.7189, 0, 0.7903, 0, 1.0843, 2.8028, 1.4236, 2.2397, 2.3259, 0.4838, 1.7406, 0.6395, 8.2687, 0.1763, 1.6212, 1.4485, 2.4105, 9.6847, 0.5631],
      [22.2239, 33.3116, 12.5295, 28.5158, 19.6027, 25.073, 0, 21.6966, 6.5086, 9.5558, 34.8432, 52.7282, 25.5567, 42.2026, 0.9705, 0, 11.6835, 30.692, 24.8927, 17.977, 30.2507, 32.5917, 0.8563, 0, 1.2186, 0, 9.2253, 1.2096, 22.1006, 13.6976, 41.5437, 0, 16.4756, 4.0512, 45.4333, 0, 6.5128, 0, 12.5222, 54.8614, 14.0125, 13.6886, 16.5315, 5.5731, 20.0341, 20.6282, 76.351, 1.7693, 12.9466, 16.3991, 16.6688, 102.5273, 4.8774],
      [3.1828, 3.5727, 1.6797, 2.7818, 1.7856, 2.8657, 0, 2.3004, 0.8806, 1.3714, 6.5358, 3.4079, 2.7832, 5.8521, 0.0127, 0, 1.1169, 3.1432, 1.9875, 1.9902, 2.7969, 4.2624, 0, 0, 0.9383, 0, 1.222, 0.1624, 4.0181, 1.2782, 4.2756, 0, 1.2607, 0.2688, 3.8153, 0, 0.5366, 0, 1.1737, 3.8007, 1.3298, 1.6811, 2.6539, 0.8266, 1.7925, 1.5005, 7.1581, 0, 1.2186, 1.8234, 2.4304, 10.2095, 0.4388]
    ]
  ],
  "V_est": [
    [30.4601, 144.4715, 557.6416, 515.4267],
    [1907.6302, 181.9756, 794.2268, 157.1674],
    [342.2906, 3876.5225, 314.3395, 502.8474],
    [90.7561, 35.9755, 22928.65, 262.6184],
    [182.4783, 598.6849, 381.02, 465.8168],
    [21.3847, 107.3699, 1035.1221, 110.1233]
  ],
  "p_est": [
    [0.0244, 0.1158, 0.4468, 0.413],
    [0.6273, 0.0598, 0.2612, 0.0517],
    [0.068, 0.7698, 0.0624, 0.0999],
    [0.0039, 0.0015, 0.9833, 0.0113],
    [0.1121, 0.3677, 0.234, 0.2861],
    [0.0168, 0.0843, 0.8125, 0.0864]
  ],
  "EI_Z": {},
  "EI_V": 4.7904,
  "MAE_Z": {},
  "MAE_V": 141.8952,
  "MAE_p": 0.0529,
  "runtime": 0.02
}
