{
  "X": [
    [114, 146, 1012, 79],
    [61, 137, 844, 56],
    [13, 56, 326, 23],
    [58, 99, 737, 47],
    [28, 60, 664, 30],
    [60, 43, 727, 43],
    [2, 3, 103, 4],
    [108, 310, 745, 80],
    [9, 48, 101, 11],
    [27, 90, 152, 22],
    [92, 282, 703, 113],
    [91, 116, 1499, 60],
    [59, 74, 636, 46],
    [150, 357, 1047, 110],
    [3, 4, 21, 1],
    [1, 4, 4, 1],
    [39, 62, 278, 27],
    [34, 90, 669, 40],
    [37, 94, 652, 43],
    [36, 88, 566, 43],
    [66, 92, 689, 44],
    [86, 105, 968, 94],
    [0, 4, 10, 0],
    [10, 16, 37, 5],
    [11, 26, 41, 10],
    [4, 8, 24, 2],
    [117, 67, 296, 30],
    [5, 12, 11, 2],
    [39, 135, 396, 62],
    [46, 63, 337, 35],
    [69, 131, 820, 51],
    [3, 7, 36, 5],
    [44, 45, 419, 27],
    [14, 16, 94, 6],
    [143, 172, 1301, 75],
    [0, 0, 7, 0],
    [25, 37, 159, 14],
    [4, 7, 19, 3],
    [20, 32, 184, 15],
    [62, 174, 1391, 83],
    [35, 116, 405, 35],
    [39, 161, 212, 31],
    [32, 91, 282, 42],
    [23, 39, 161, 20],
    [41, 56, 493, 25],
    [30, 35, 401, 29],
    [155, 334, 2057, 131],
    [2, 6, 23, 0],
    [33, 126, 311, 29],
    [38, 89, 384, 35],
    [54, 114, 400, 35],
    [269, 431, 1939, 149],
    [34, 35, 218, 11]
  ],
  "W": [
    [47, 120, 140, 954, 61, 29],
    [31, 63, 143, 775, 45, 41],
    [11, 27, 53, 299, 12, 16],
    [29, 66, 113, 670, 29, 34],
    [19, 37, 69, 621, 13, 23],
    [33, 79, 48, 668, 15, 30],
    [4, 6, 2, 97, 3, 0],
    [36, 125, 333, 651, 71, 27],
    [6, 11, 43, 89, 11, 9],
    [7, 18, 93, 134, 26, 13],
    [64, 110, 289, 618, 61, 48],
    [59, 125, 118, 1354, 50, 60],
    [31, 77, 72, 571, 33, 31],
    [82, 177, 292, 939, 115, 59],
    [1, 2, 8, 17, 0, 1],
    [0, 0, 5, 5, 0, 0],
    [14, 62, 58, 231, 27, 14],
    [22, 35, 99, 614, 26, 37],
    [30, 52, 92, 578, 45, 29],
    [33, 72, 84, 503, 19, 22],
    [45, 64, 90, 622, 33, 37],
    [50, 91, 101, 877, 94, 40],
    [1, 1, 3, 8, 0, 1],
    [1, 8, 20, 36, 3, 0],
    [1, 14, 23, 42, 5, 3],
    [1, 1, 13, 21, 2, 0],
    [8, 136, 59, 260, 35, 12],
    [2, 5, 8, 9, 4, 2],
    [42, 39, 118, 351, 51, 31],
    [25, 51, 81, 287, 21, 16],
    [31, 96, 131, 733, 29, 51],
    [2, 3, 7, 35, 4, 0],
    [18, 49, 48, 370, 31, 19],
    [10, 8, 15, 83, 9, 5],
    [58, 166, 179, 1171, 63, 54],
    [0, 0, 0, 7, 0, 0],
    [15, 28, 29, 135, 20, 8],
    [0, 4, 11, 18, 0, 0],
    [13, 26, 33, 156, 8, 15],
    [56, 84, 198, 1233, 77, 62],
    [17, 39, 121, 360, 37, 17],
    [14, 34, 174, 179, 24, 18],
    [30, 28, 94, 247, 26, 22],
    [6, 27, 45, 143, 15, 7],
    [9, 46, 53, 452, 31, 24],
    [16, 40, 49, 343, 24, 23],
    [83, 209, 302, 1852, 138, 93],
    [0, 2, 3, 19, 5, 2],
    [19, 41, 131, 269, 23, 16],
    [19, 41, 103, 342, 21, 20],
    [7, 57, 121, 368, 28, 22],
    [84, 296, 485, 1702, 96, 125],
    [6, 43, 34, 200, 9, 6]
  ],
  "method": "mvn_pdf",
  "cond_prob": [
    [
      [0.032406796293, 0.12164069362, 0.37585823736, 0.47009427272],
      [0.71257939243, 0.052943455247, 0.18513153849, 0.049345613831],
      [0.084649608807, 0.76084921706, 0.048889725511, 0.10561144862],
      [0.0060892480949, 0.0023175163656, 0.97665963561, 0.014933599934],
      [0.14066171875, 0.36612243947, 0.18552692451, 0.30768891727],
      [0.025065542174, 0.098841481399, 0.76634075487, 0.10975222156]
    ],
    [
      [0.025601333261, 0.11349538413, 0.44428515698, 0.41661812563],
      [0.64450195604, 0.056263231791, 0.2493828295, 0.049851982666],
      [0.072021550292, 0.7650962923, 0.062142386859, 0.10073977055],
      [0.0042333909632, 0.0011085889165, 0.98307327861, 0.011584741512],
      [0.11766883813, 0.36180169175, 0.23191744008, 0.28861203004],
      [0.017748244738, 0.082635540272, 0.81247816657, 0.087138048425]
    ],
    [
      [0.009976927685, 0.13220285528, 0.39067063272, 0.46714958431],
      [0.43187273163, 0.10939474565, 0.36670625192, 0.092026270806],
      [0.010429490901, 0.83904345417, 0.049369729099, 0.10115732583],
      [0, 0.0011086765298, 0.98398239438, 0.014908929091],
      [0.046515019407, 0.42660473603, 0.20372988137, 0.32315036319],
      [0.0074216744349, 0.10450351709, 0.78309150626, 0.10498330222]
    ],
    [
      [0.024375352197, 0.090476560548, 0.47731371978, 0.40783436747],
      [0.62963864437, 0.045948629143, 0.27446918856, 0.049943537934],
      [0.081121021967, 0.72344240857, 0.078892734715, 0.11654383475],
      [0.0037799680037, 0.00069588284579, 0.98487160292, 0.010652546228],
      [0.12020123931, 0.30958248639, 0.26718101678, 0.30303525752],
      [0.016231596271, 0.06324836589, 0.83870097689, 0.081819060952]
    ],
    [
      [0.017628380835, 0.086228095611, 0.49729885639, 0.39884466717],
      [0.54849915942, 0.052315657523, 0.34114814473, 0.058037038322],
      [0.061786272031, 0.73261792824, 0.086135041228, 0.1194607585],
      [0.0026771904754, 0.00081303433085, 0.98648602956, 0.010023745635],
      [0.090910191546, 0.30936383682, 0.29038688497, 0.30933908666],
      [0.011433535649, 0.05864024383, 0.85228994209, 0.077636278426]
    ],
    [
      [0.023302747749, 0.071180265608, 0.4518362787, 0.45368070794],
      [0.63169791519, 0.037832681152, 0.27247611348, 0.057993290173],
      [0.090581444842, 0.67114268655, 0.087313311431, 0.15096255717],
      [0.0040009354474, 2.4979227952e-05, 0.98398275071, 0.011991334617],
      [0.12107746522, 0.25731241127, 0.26661661065, 0.35499351286],
      [0.016339260481, 0.052368272535, 0.83576747522, 0.095524991759]
    ],
    [
      [0.0063703956169, 0.055653413162, 0.57822922667, 0.35974696455],
      [0.30096136934, 0.064745415347, 0.56426003322, 0.07003318209],
      [0.026489984957, 0.74433862858, 0.10963711859, 0.11953426787],
      [0, 0.001406227983, 0.98898924234, 0.0096045296795],
      [0.038590077189, 0.25461082792, 0.38343071669, 0.3233683782],
      [0.0037158317109, 0.032655328322, 0.90583254531, 0.057796294655]
    ],
    [
      [0.02328202717, 0.13048890004, 0.43971293934, 0.40651613345],
      [0.61725422564, 0.06866032869, 0.26227656417, 0.051808881497],
      [0.059415928231, 0.79499993089, 0.056009323409, 0.089574817467],
      [0.0037526974563, 0.0013819852789, 0.98350118307, 0.011364134195],
      [0.1033910536, 0.40166267903, 0.22223584482, 0.27271042255],
      [0.016140513572, 0.095079959154, 0.80357940023, 0.08520012704]
    ],
    [
      [0.018444460582, 0.20435137888, 0.34835466973, 0.42884949081],
      [0.58823961149, 0.1203046442, 0.23171162773, 0.059744116584],
      [0.031451112016, 0.87598802438, 0.028627932466, 0.063932931139],
      [0.0018910210585, 0.0037875885891, 0.97756656753, 0.016754822823],
      [0.070051638561, 0.54205240862, 0.1470942003, 0.24080175252],
      [0.014158977222, 0.16482041256, 0.72317580747, 0.097844802752]
    ],
    [
      [0.038820879482, 0.15731415646, 0.35282517143, 0.45103979263],
      [0.75426043122, 0.058532938833, 0.14707662159, 0.040130008354],
      [0.082541284737, 0.80123301328, 0.033953102136, 0.082272599846],
      [0.008318522351, 0.0039512550453, 0.9711691168, 0.016561105807],
      [0.15252167154, 0.42781750313, 0.15510664088, 0.26455418444],
      [0.030383165072, 0.12906265485, 0.73505936915, 0.10549481093]
    ],
    [
      [0.019743218829, 0.13412027074, 0.32067940908, 0.52545710135],
      [0.61429132724, 0.083108093481, 0.22452683934, 0.078073739939],
      [0.049326876882, 0.79891262658, 0.039815796317, 0.11194470022],
      [0.0045753325837, 0.004498105014, 0.97358981075, 0.017336751654],
      [0.086358042519, 0.40658062641, 0.15983689771, 0.34722443337],
      [0.016948426016, 0.12098783745, 0.72590096987, 0.13616276667]
    ],
    [
      [0.020837278995, 0.085178359761, 0.57195033444, 0.32203402681],
      [0.56411940458, 0.045804598279, 0.34825891905, 0.041817078094],
      [0.074031062109, 0.7259821051, 0.10137745062, 0.098609382172],
      [0.0032610345024, 0.0008778783364, 0.98982878957, 0.006032297593],
      [0.10748830149, 0.30521266587, 0.33607324195, 0.25122579069],
      [0.012169230789, 0.052228883771, 0.87880305069, 0.056798834751]
    ],
    [
      [0.022117973541, 0.09685474976, 0.45064194289, 0.43038533381],
      [0.61258791166, 0.052759528414, 0.27817258435, 0.056479975582],
      [0.070212494443, 0.74144942119, 0.071112080801, 0.11722600357],
      [0.0036113075927, 0.00097057817163, 0.98373711571, 0.011680998527],
      [0.10764774678, 0.32762976006, 0.24909395642, 0.31562853674],
      [0.015333604627, 0.070473500835, 0.82441120409, 0.089781690444]
    ],
    [
      [0.026168568516, 0.20234045502, 0.34961978232, 0.42187119414],
      [0.65149344732, 0.10061698107, 0.19689994145, 0.050989630159],
      [0.046753082606, 0.85796632411, 0.030372526766, 0.064908066517],
      [0.0070079775736, 0.0027066891984, 0.97493378012, 0.015351553113],
      [0.096599352274, 0.51986434834, 0.14735375148, 0.2361825479],
      [0.020313909024, 0.16519879969, 0.71529846523, 0.099188826057]
    ],
    [
      [0.023563585532, 0.019144342707, 0.84919907559, 0.10809299617],
      [0.73139900763, 0.0081717595004, 0.25101729924, 0.0094119336335],
      [0.18811840805, 0.48646787686, 0.24057379777, 0.084839917327],
      [0, 0.0038058454532, 0.98550757666, 0.01068657789],
      [0.1941894916, 0.093430485279, 0.58806074464, 0.12431927847],
      [0.0086911348208, 0.0080697507183, 0.97054714065, 0.012691973811]
    ],
    [
      [0.00033327792166, 0.0016219761586, 1.8751291716e-10, 0.99804474573],
      [1, 6.3200588679e-44, 7.5361730821e-96, 6.3864091014e-51],
      [0.093578660922, 0.8, 0, 0.10642133908],
      [0.10642133908, 0, 0.8, 0.093578660922],
      [0.2270273859, 0.34111845106, 0.00015506136619, 0.43169910167],
      [0.11636098026, 0.36467985191, 0.078613827971, 0.44034533986]
    ],
    [
      [0.016640582389, 0.10729592409, 0.4749525377, 0.40111095581],
      [0.53384790805, 0.067452648866, 0.33795809047, 0.060741352611],
      [0.049632408063, 0.77754303421, 0.070009152964, 0.10281540476],
      [0.0019416976663, 0.0015430474385, 0.98523069365, 0.011284561249],
      [0.08099006212, 0.3635818148, 0.2616649687, 0.29376315437],
      [0.011037002978, 0.07465313506, 0.83453482882, 0.079775033137]
    ],
    [
      [0.021778402517, 0.099352985659, 0.46280862487, 0.41605998695],
      [0.60670303158, 0.054059753223, 0.28479563917, 0.054441576022],
      [0.06821299504, 0.74843588138, 0.071774460829, 0.11157666275],
      [0.003638996128, 0.00080882486023, 0.98440712807, 0.01114505094],
      [0.1058398105, 0.33510231135, 0.25487191421, 0.30418596394],
      [0.014783887422, 0.070748976669, 0.82951472578, 0.084952410128]
    ],
    [
      [0.016045995876, 0.09653731402, 0.5223564862, 0.36506020391],
      [0.51257003145, 0.060685324872, 0.37140240882, 0.055342234858],
      [0.052516440814, 0.75998694149, 0.084771253304, 0.10272536439],
      [0.0018762281514, 0.0015906665636, 0.98756621297, 0.0089668923128],
      [0.081322124988, 0.33954877073, 0.30025553291, 0.27887357137],
      [0.0099831185282, 0.063115348692, 0.85836740596, 0.068534126816]
    ],
    [
      [0.011285045826, 0.11527379202, 0.44288423057, 0.43055693158],
      [0.44581061613, 0.088697450247, 0.38582805363, 0.079663879989],
      [0.027448529497, 0.80345241833, 0.06315352949, 0.10594552268],
      [0, 0.002170995536, 0.98549335122, 0.012335653245],
      [0.055258669009, 0.38781894523, 0.24316423593, 0.31375814984],
      [0.0078926335217, 0.084507935988, 0.81713763212, 0.09046179837]
    ],
    [
      [0.037287531686, 0.11782611007, 0.46713466877, 0.37775168948],
      [0.72106072018, 0.044605493526, 0.19989362263, 0.034440163666],
      [0.099182800013, 0.75286639153, 0.061752902341, 0.086197906117],
      [0.0047381328146, 0.0020354858067, 0.98350436365, 0.0097220177321],
      [0.16320601789, 0.35701219835, 0.23144304828, 0.24833873548],
      [0.024724480557, 0.082097932601, 0.81758519094, 0.075592395904]
    ],
    [
      [0.024652162024, 0.077957903447, 0.41892755871, 0.47846237582],
      [0.65103989689, 0.04069430149, 0.24802404008, 0.060241761537],
      [0.090160767431, 0.68281909998, 0.076549289921, 0.15047084266],
      [0.0045860632392, 0.00049248589555, 0.98242622145, 0.012495229413],
      [0.12411556911, 0.27217099326, 0.24013285241, 0.36358058521],
      [0.018192070351, 0.060455269914, 0.81479179486, 0.10656086488]
    ],
    [
      [0, 0.41481923751, 0.58518076249, 0],
      [0, 0.43864366346, 0.56135633654, 0],
      [0, 0.99158487102, 0.0084151289843, 0],
      [0, 0.0035140264865, 0.99648597351, 0],
      [0.004556420092, 0.86617367427, 0.099480933818, 0.02978897182],
      [0, 0.14367027409, 0.85632972591, 0]
    ],
    [
      [0.045922147814, 0.10971490881, 0.301240674, 0.54312226938],
      [0.8328234048, 0.032081793814, 0.098885044914, 0.036209756471],
      [0.11989400952, 0.73061771506, 0.034268409116, 0.11521986631],
      [0.0082139909756, 0.00096683016979, 0.96668519793, 0.024133980929],
      [0.19930224942, 0.3288235178, 0.14054788635, 0.33132634643],
      [0.039740209833, 0.096833171161, 0.73664491849, 0.12678170051]
    ],
    [
      [0.01284159884, 0.15938845361, 0.091712953821, 0.73605699373],
      [0.62974427202, 0.14517020009, 0.093035503634, 0.13205002425],
      [0.03512533643, 0.8543692688, 0.0047964573705, 0.1057089374],
      [0.024549492573, 0.02423646034, 0.90634272257, 0.04487132452],
      [0.053752718148, 0.47193173185, 0.042103407531, 0.43221214247],
      [0.021004525389, 0.26004852302, 0.40618669677, 0.31276025481]
    ],
    [
      [0.053652949815, 0.047147823079, 0.68693127697, 0.21226795013],
      [0.87514430667, 0.0092306417441, 0.10687079927, 0.0087542523128],
      [0.18752996524, 0.58494870187, 0.1422831707, 0.085238162191],
      [0, 0, 0.9835353515, 0.016464648498],
      [0.3166565977, 0.16964420545, 0.35113716154, 0.1625620353],
      [0.024978444126, 0.021700510017, 0.92598822053, 0.027332825325]
    ],
    [
      [0.039783312002, 0.12532278175, 0.38514800661, 0.44974589964],
      [0.75146009815, 0.047466625753, 0.16010603863, 0.040967237461],
      [0.099713911213, 0.75691767322, 0.04679150858, 0.096576906982],
      [0.0092115371445, 0.0033966063793, 0.97212978893, 0.015262067544],
      [0.16696822376, 0.36597407367, 0.18299042997, 0.2840672726],
      [0.030095992038, 0.099300307183, 0.76877379295, 0.10182990783]
    ],
    [
      [0.037315207602, 0.34277285953, 0.25741686349, 0.36249506937],
      [0.77543660504, 0.10891894208, 0.086645198061, 0.028999254819],
      [0.042343122418, 0.92582126066, 0, 0.03183561692],
      [0.027664069676, 0.0013084591914, 0.95266115804, 0.018366313096],
      [0.099564852414, 0.69644228818, 0.067097246557, 0.13689561285],
      [0.031102771747, 0.2828720999, 0.60480043708, 0.081224691273]
    ],
    [
      [0.022257758706, 0.15504076217, 0.3168902802, 0.50581119892],
      [0.64052017162, 0.087711373025, 0.20290356472, 0.068864890629],
      [0.049204341598, 0.82084077591, 0.034175698769, 0.095779183725],
      [0.0057282918517, 0.0034935703779, 0.97169774019, 0.019080397579],
      [0.091792447066, 0.44485281997, 0.1485906615, 0.31476407147],
      [0.018926770715, 0.13853535041, 0.71292278094, 0.12961509794]
    ],
    [
      [0.02585908054, 0.068991428317, 0.49667625319, 0.40847323795],
      [0.64534455422, 0.033505794798, 0.27331029931, 0.047839351676],
      [0.10269380327, 0.66078619877, 0.097537528639, 0.13898246932],
      [0.0035322270975, 0.00012811755308, 0.98563514238, 0.010704512971],
      [0.13521016333, 0.25006525604, 0.29375350905, 0.32097107159],
      [0.016849378076, 0.04716228393, 0.85610118957, 0.07988714842]
    ],
    [
      [0.020048305942, 0.12229248792, 0.45146563832, 0.40619356782],
      [0.58097071223, 0.07000578765, 0.29286672566, 0.056156774465],
      [0.053994781791, 0.79130888109, 0.060551395419, 0.094144941699],
      [0.0029469057573, 0.0013971309683, 0.98441101425, 0.01124494902],
      [0.092165745793, 0.39038715071, 0.23586850624, 0.28157859725],
      [0.013708023123, 0.087874303271, 0.81458169842, 0.083835975186]
    ],
    [
      [0.015500134779, 0.08691635835, 0.25656053363, 0.64102297324],
      [0.68017542492, 0.054786073887, 0.1833287227, 0.081709778497],
      [0.049320464726, 0.7655385882, 0.037375886917, 0.14776506015],
      [0.0075755881415, 0.00054614697762, 0.97444884893, 0.017429415951],
      [0.079521154415, 0.32098095, 0.14238796092, 0.45710993467],
      [0.015051167605, 0.086608232472, 0.73624337931, 0.16209722061]
    ],
    [
      [0.028602938408, 0.076192088758, 0.53493514764, 0.36026982519],
      [0.65848193007, 0.032375512482, 0.27035878052, 0.038783776936],
      [0.10574889777, 0.68233096983, 0.097817807214, 0.11410232518],
      [0.0034846810598, 0, 0.98754688868, 0.0089684302571],
      [0.1458431724, 0.26966696671, 0.30839890458, 0.27609095631],
      [0.017532373988, 0.048977882676, 0.86713776296, 0.066351980374]
    ],
    [
      [0.093460119005, 0.12205089988, 0.48966504532, 0.2948239358],
      [0.8865736365, 0.019793619781, 0.083173427545, 0.010459316169],
      [0.16903544818, 0.72285289178, 0.053436666752, 0.054674993287],
      [0, 0.0079762348391, 0.98613048218, 0.005893282985],
      [0.34980426995, 0.30281408149, 0.19293185675, 0.15444979181],
      [0.057807913143, 0.078198888235, 0.81023907876, 0.053754119859]
    ],
    [
      [0.029986833151, 0.10273923615, 0.50093457987, 0.36633935082],
      [0.66567084781, 0.045274279927, 0.25003389367, 0.039020978589],
      [0.090240326815, 0.73947170079, 0.075276060657, 0.095011911738],
      [0.0040355683383, 0.0012205356131, 0.98609206673, 0.0086518293232],
      [0.14044854785, 0.33352450667, 0.26696212968, 0.2590648158],
      [0.019119914845, 0.06886793094, 0.84135794176, 0.070654212458]
    ],
    [
      [2.9801132113e-144, 1.3551735466e-19, 0.93733041028, 0.062669589723],
      [0.99998809676, 8.3017317459e-90, 1.1903239565e-05, 1.3057367122e-26],
      [1.4081600571e-184, 1, 2.7386185741e-37, 4.6866238069e-14],
      [7.0955287676e-29, 1.2007181964e-45, 1, 1.8089264315e-22],
      [3.555631874e-38, 0.99999999993, 3.9252502588e-12, 6.9215943475e-11],
      [4.6016824034e-26, 5.5943285803e-43, 1, 5.0210555666e-71]
    ],
    [
      [0.031033437304, 0.14623579425, 0.47444329466, 0.34828747379],
      [0.68047166794, 0.061040878983, 0.22401482092, 0.034472632164],
      [0.069945861745, 0.81088054253, 0.052668100558, 0.066505495162],
      [0.0051284096541, 0.0016331107336, 0.98593370209, 0.0073047775262],
      [0.1300117287, 0.42854969826, 0.22348392297, 0.21795465007],
      [0.020036483793, 0.098789853376, 0.81410405465, 0.067069608185]
    ],
    [
      [0.016849588565, 0.0470319193, 0.22378774052, 0.71233075162],
      [0.73783097928, 0.026882361089, 0.16528672695, 0.069999932687],
      [0.090392664042, 0.62658823233, 0.055900108233, 0.22711899539],
      [0.0030198210236, 0, 0.98466399454, 0.01231618444],
      [0.10091282383, 0.19168965285, 0.14638194182, 0.56101558151],
      [0.017703122658, 0.046574430332, 0.78518670554, 0.15053574148]
    ],
    [
      [0.022154271919, 0.10463956424, 0.47491231563, 0.39829384821],
      [0.61287349534, 0.054943483076, 0.28225883675, 0.049924184832],
      [0.065618374633, 0.76561510069, 0.068738460317, 0.10002806437],
      [0.0034668547366, 0.00031278278901, 0.98490908013, 0.011311282344],
      [0.10640431385, 0.35159255942, 0.25637920102, 0.28562392571],
      [0.014654224914, 0.072288146118, 0.83481272282, 0.078244906146]
    ],
    [
      [0.01462213566, 0.072845664044, 0.56926041104, 0.34327178926],
      [0.47907346466, 0.047447148241, 0.41939665143, 0.054082735672],
      [0.059294770868, 0.7058004698, 0.1148235461, 0.12008121323],
      [0.0020042292088, 0.0016213330581, 0.98852686002, 0.0078475777097],
      [0.080419092653, 0.27772369287, 0.35638983298, 0.2854673815],
      [0.0086312901799, 0.045205827902, 0.88486129976, 0.061301582157]
    ],
    [
      [0.020699836072, 0.11996706381, 0.468485799, 0.39084730112],
      [0.58688387602, 0.066572921096, 0.29426963047, 0.052273572408],
      [0.056595276772, 0.78812811549, 0.063458644808, 0.091817962932],
      [0.0031386185482, 0.00084886134127, 0.98547992254, 0.010532597571],
      [0.095883097211, 0.38571646167, 0.24582196167, 0.27257847945],
      [0.01376622696, 0.08374205023, 0.82426735946, 0.078224363353]
    ],
    [
      [0.029349625815, 0.1606366075, 0.38881717099, 0.42119659569],
      [0.68149801635, 0.073080307788, 0.19940783251, 0.046013843359],
      [0.063443422732, 0.82034713665, 0.039161501357, 0.077047939263],
      [0.0064301531657, 0.0028304976408, 0.977759451, 0.012979898192],
      [0.11822678412, 0.44914904943, 0.17729515383, 0.25532901262],
      [0.021698716221, 0.12442883274, 0.76047592464, 0.09339652639]
    ],
    [
      [0.02747741622, 0.12457551182, 0.35069184269, 0.49725522927],
      [0.68857343266, 0.060638163675, 0.19287580269, 0.057912600967],
      [0.071151776652, 0.77474528374, 0.044570283126, 0.10953265649],
      [0.0064537506788, 0.0022795341424, 0.97504028597, 0.016226429205],
      [0.12017905056, 0.37884042715, 0.17394789098, 0.32703263131],
      [0.022210120969, 0.1057233342, 0.7514327195, 0.12063382532]
    ],
    [
      [0.021253045844, 0.084581260725, 0.38133409019, 0.51283160324],
      [0.63567017695, 0.048379993507, 0.24731978886, 0.068630040685],
      [0.073519816591, 0.71295471392, 0.065109301614, 0.14841616787],
      [0.004812843031, 0.0013785218466, 0.98112610174, 0.012682533384],
      [0.10641838607, 0.29482177609, 0.21535321786, 0.38340661998],
      [0.016640408019, 0.06911931702, 0.79615882438, 0.11808145058]
    ],
    [
      [0.027676362979, 0.10613240428, 0.48431482072, 0.38187641202],
      [0.65602038928, 0.04892913952, 0.25274571636, 0.042304754833],
      [0.081042913045, 0.75310627662, 0.070179896869, 0.095670913463],
      [0.0040470500907, 0.00095215769728, 0.98520108572, 0.0097997064879],
      [0.12956711815, 0.34543456697, 0.25646310623, 0.26853520864],
      [0.018035547132, 0.072524517802, 0.83475342026, 0.074686514811]
    ],
    [
      [0.016794927342, 0.044857750718, 0.57173013998, 0.36661718196],
      [0.52344247693, 0.027265429785, 0.39531746587, 0.053974627414],
      [0.10513156568, 0.5733485643, 0.15202758283, 0.16949228719],
      [0.0029794343977, 0, 0.98748972647, 0.0095308391282],
      [0.099517895605, 0.18575338173, 0.3855442928, 0.32918442986],
      [0.010076516258, 0.027804260204, 0.89687949387, 0.065239729666]
    ],
    [
      [0.019810656654, 0.12738697074, 0.46994534252, 0.38285703009],
      [0.56927228466, 0.072903217943, 0.30473952136, 0.05308497603],
      [0.052083019623, 0.79919490163, 0.061795057166, 0.086927021585],
      [0.0026837552657, 0.0016556559926, 0.98576147032, 0.0098991184171],
      [0.090262538396, 0.4021612761, 0.24391787947, 0.26365830603],
      [0.013141838992, 0.088910941804, 0.82097805305, 0.07696916615]
    ],
    [
      [0.019494349185, 0.1839065309, 0.65412427492, 0.142474845],
      [0.62415680831, 0.077429980947, 0.29841321075, 0],
      [0.031569489049, 0.90990525142, 0.058525259534, 0],
      [0, 0, 1, 0],
      [0.12051314052, 0.58782550108, 0.2916613584, 0],
      [0.027206106814, 0.08814838923, 0.88464550396, 0]
    ],
    [
      [0.01996464037, 0.14434569836, 0.4569862216, 0.37870343968],
      [0.57599849081, 0.081340442016, 0.29134287351, 0.051318193666],
      [0.047021642747, 0.8222298191, 0.053823414382, 0.076925123776],
      [0.0023133574878, 0.0019297113113, 0.98579026226, 0.0099666689362],
      [0.087351143654, 0.43782922674, 0.2259620358, 0.2488575938],
      [0.013345565095, 0.10132517182, 0.80916433245, 0.076164930628]
    ],
    [
      [0.023530879508, 0.098768385392, 0.44315211063, 0.43454862447],
      [0.63130989475, 0.051656531141, 0.26242391084, 0.054609663271],
      [0.073475843268, 0.74203246964, 0.068434703065, 0.11605698403],
      [0.0040707055156, 0.00056186340523, 0.98332462328, 0.012042807802],
      [0.11332933414, 0.33026188825, 0.24170843367, 0.31470034395],
      [0.016454922235, 0.072424079507, 0.81995284351, 0.091168154745]
    ],
    [
      [0.028488121615, 0.13369521222, 0.36639323206, 0.47142343411],
      [0.68745657402, 0.06313008253, 0.19592437358, 0.05348896987],
      [0.069932258721, 0.78698676081, 0.044178381636, 0.098902598836],
      [0.0061129794557, 0.00192689872, 0.97629879391, 0.015661327914],
      [0.12192364577, 0.39716773635, 0.17768700901, 0.30322160887],
      [0.022287118332, 0.10956933663, 0.75767188599, 0.11047165904]
    ],
    [
      [0.030567262505, 0.10904097418, 0.46133045145, 0.39906131186],
      [0.6779913521, 0.048220314906, 0.23102538123, 0.042762951765],
      [0.087784538482, 0.74679393647, 0.066331981938, 0.099089543112],
      [0.0042232302972, 0.0015180338673, 0.98362013107, 0.010638604767],
      [0.13963418968, 0.34483262467, 0.24005167005, 0.27548151561],
      [0.020628707123, 0.077477281278, 0.82021835673, 0.081675654874]
    ],
    [
      [0.030327625834, 0.13567487781, 0.46149912155, 0.37249837481],
      [0.67883261778, 0.058244931482, 0.22478784189, 0.038134608847],
      [0.072030229403, 0.79898113607, 0.053864051038, 0.075124583485],
      [0.0044371429337, 0.0013868599909, 0.98425528518, 0.009920711891],
      [0.13013113429, 0.40839340657, 0.22280888373, 0.23866657541],
      [0.0200991809, 0.093857899269, 0.81290222395, 0.073140695882]
    ]
  ],
  "expected_outcome": [
    [
      [1.5231194258, 0.79364133108, 0.10974620453, 0.70688521371, 0.33493923586, 0.76899067572, 0.025481582468, 0.8381529781, 0.11066676349, 0.27174615637, 1.2635660051, 1.2293994607, 0.68565717978, 2.1458226183, 0.023563585532, 0, 0.23296815345, 0.47912485538, 0.48137987627, 0.37240651226, 1.6779389259, 1.2326081012, 0, 0.045922147814, 0.01284159884, 0.053652949815, 0.31826649601, 0.074630415204, 0.93482586564, 0.64647701349, 0.6214974842, 0.031000269558, 0.51485289134, 0.93460119005, 1.7392363227, 0, 0.46550155957, 0, 0.28800553495, 0.81883959696, 0.35189721323, 0.4108947614, 0.82432248661, 0.12751827506, 0.24908726681, 0.26871883746, 1.6442845023, 0, 0.37932816703, 0.44708671065, 0.19941685131, 2.5676500504, 0.181965755],
      [5.7171126004, 3.518356908, 1.4542314081, 2.6238202559, 1.6383338166, 2.3489487651, 0.22261365265, 4.6976004013, 1.2261082733, 1.1011990952, 8.5836973274, 5.0255232259, 3.0024972426, 16.5919173118, 0.019144342707, 0, 1.5021429373, 2.1857656845, 2.8961194206, 3.8040351367, 5.3021749532, 3.8978951724, 0.41481923751, 0.10971490881, 0.15938845361, 0.047147823079, 1.002582254, 0.68554571907, 6.5117120113, 1.7247857079, 3.7910671255, 0.1738327167, 1.3714575976, 1.2205089988, 5.9588756969, 0, 2.1935369137, 0, 1.3603143352, 4.0793571864, 2.0394400848, 2.248912505, 3.7372653545, 0.50748756435, 0.95519163849, 0.71772401149, 10.5731185712, 0, 2.7425682688, 1.8765993224, 0.93586648551, 9.1594418312, 0.81404926683],
      [17.6653371559, 13.7728398664, 4.2973769599, 13.8420978738, 9.4486782714, 14.9105971972, 2.3129169067, 15.8296658164, 2.0901280184, 2.4697762, 20.5234821811, 33.7450697318, 13.9699002296, 28.6688221501, 0.84919907559, 0, 6.6493355279, 10.1817897472, 15.6706945859, 14.6151796087, 21.0210600946, 20.9463779353, 0.58518076249, 0.301240674, 0.091712953821, 0.68693127697, 3.0811840529, 0.51483372699, 13.3093917683, 12.4169063298, 13.9954347878, 0.51312106725, 9.6288326576, 4.8966504532, 29.0542056327, 0, 7.1166494199, 0, 6.1738601032, 31.8785830183, 7.964258583, 5.4434403939, 10.5207552807, 2.2880045411, 4.3588333865, 9.1476822398, 39.0054634288, 0, 8.6827382103, 8.419890102, 2.5647526244, 38.7517579219, 2.7689947293],
      [22.094430818, 12.9151618945, 5.1386454274, 11.8271966566, 7.5780486762, 14.9714633621, 1.4389878582, 14.6345808042, 2.5730969448, 3.1572785484, 33.6292544865, 19.0000075816, 13.341945348, 34.5934379198, 0.10809299617, 0, 5.6155533814, 9.153319713, 10.9518061173, 14.2083787423, 16.9988260264, 23.9231187912, 0, 0.54312226938, 0.73605699373, 0.21226795013, 3.5979671971, 0.72499013874, 21.2440703548, 10.2118309488, 12.5920006025, 1.2820459465, 6.4848568534, 2.948239358, 21.2476823476, 0, 5.2243121068, 0, 5.1778200267, 19.2232201983, 6.6444041191, 5.8967523397, 14.9176568781, 3.0769896195, 3.4368877082, 5.8658749113, 31.7771334978, 0, 7.1953653539, 8.2564238649, 3.2999640388, 33.5211501965, 2.2349902489]
    ],
    [
      [85.5095270922, 40.6036232305, 11.6605637539, 41.5561505282, 20.2944688987, 49.9041353003, 1.8057682161, 77.1567782052, 6.4706357264, 13.576687762, 67.5720459967, 70.5149255722, 47.1692691977, 115.3143401753, 1.4627980153, 0, 33.098570299, 21.2346061053, 26.6536416356, 32.0983643613, 46.1478860912, 59.2446306168, 0, 6.6625872384, 8.8164198083, 0.87514430667, 102.1985733489, 3.8771830252, 24.9802866933, 32.9125722652, 55.7731883739, 2.0405262747, 32.2656145733, 7.092589092, 110.5013607371, 0, 19.0532067022, 2.9513239171, 15.9347108788, 40.2421710313, 22.8884711649, 23.1709325558, 19.2800561146, 17.1630947777, 30.176937907, 20.9376990774, 118.9779074945, 1.2483136166, 23.6159381233, 25.8837056848, 39.1850247189, 200.6854402206, 29.1898025646],
      [6.3532146296, 3.5445836028, 2.9536581325, 3.0326095234, 1.9356793284, 2.988781811, 0.38847249208, 8.5825410862, 1.3233510862, 1.053592899, 9.1418902829, 5.7255747849, 4.0624836878, 17.8092056494, 0.016343519001, 0, 4.1820642297, 1.8920913628, 3.1556368934, 6.3862164178, 2.8547515857, 3.7031814356, 0.43864366346, 0.25665435051, 2.0323828013, 0.0092306417441, 6.4554611023, 0.54459471039, 3.420743548, 1.7087955347, 6.7205556144, 0.16435822166, 1.5864001116, 0.15834895825, 7.5155304678, 0, 1.7091446115, 0.10752944435, 1.42853056, 3.9855604523, 2.5963439227, 2.4847304648, 1.6978685829, 1.3062598247, 2.2507404179, 1.0906171914, 15.2367725501, 0.15485996189, 3.3349581226, 2.1179177768, 3.5984147042, 14.2732132121, 2.5045320537],
      [22.2157846185, 15.7111182587, 9.9010688019, 18.1149664447, 12.622481355, 21.525612965, 3.3855601993, 32.7845705214, 2.548827905, 2.6473791887, 24.6979523271, 43.5323648812, 21.4192889946, 34.8512896373, 0.50203459848, 0, 20.9534016094, 9.9678473711, 19.3129252584, 27.7796198616, 12.7931918485, 22.5701876477, 0.56135633654, 0.79108035931, 1.3024970509, 0.10687079927, 21.774421254, 0.4332259903, 7.9132390242, 13.9388252647, 28.1152056631, 0.5499861681, 13.2475802453, 0.66538742036, 41.5056263492, 0, 6.2724149857, 0.66114690778, 7.3387297556, 35.22931872, 11.4765155885, 6.7798663053, 5.4005224754, 6.6776342991, 11.6263029528, 15.8126986347, 63.6905599651, 0.59682642149, 11.9450578137, 10.7593803443, 11.1676892943, 68.383512845, 9.6658772013],
      [5.9214736597, 3.140674908, 2.4847093118, 3.2962735036, 2.1473704179, 4.5814699237, 0.42019909254, 6.4761101872, 0.65718528242, 0.72234015037, 8.5881113933, 5.2271347618, 4.3489581198, 9.0251645381, 0.018823867267, 0, 3.7659638619, 1.9054551608, 2.8777962126, 5.7357993592, 2.2041704746, 5.4820002999, 0, 0.28967805177, 1.8487003395, 0.0087542523128, 5.5715442947, 0.14499627409, 2.6857307345, 2.4398069355, 5.3910503487, 0.24512933549, 1.9004050699, 0.083674529353, 6.4774824458, 0, 0.9652337006, 0.27999973075, 1.2980288056, 4.5429497965, 2.0386693239, 1.5644706742, 1.6215528271, 1.8530110985, 1.9460187223, 2.1589850965, 11.0947599903, 0, 2.1040459403, 2.2389961941, 3.0488712826, 12.6578337223, 1.6397881804]
    ],
    [
      [11.8509452329, 10.2990816917, 0.55276301774, 9.1666754823, 4.2632527701, 4.3479093524, 0.052979969913, 19.7855041008, 1.3523978167, 7.6763394806, 14.255467419, 8.7356653289, 5.0552995999, 13.6519001209, 1.5049472644, 0.46789330461, 2.8786796677, 6.753086509, 4.8315125549, 2.3056764778, 8.9264520012, 9.1062375106, 0, 2.3978801904, 0.80788273788, 2.4378895481, 5.8831207616, 0.33874497935, 5.8061123086, 8.3181980652, 7.0733164146, 0.34524325308, 5.075947093, 2.5355317227, 16.1530184998, 0, 2.0284299906, 0.99431930446, 2.1654063629, 11.7403646318, 6.8480284894, 11.0391555554, 6.6882670053, 3.3083917466, 4.2952743914, 5.1514467183, 15.7290719262, 0.094708467147, 6.1598351998, 7.5680118566, 8.4618033053, 42.5755011637, 2.4490277997],
      [106.5188903888, 109.4087697992, 44.4693030712, 81.7489921685, 50.5506370488, 32.2148489545, 1.4886772572, 264.7349769874, 37.6674850482, 74.5146702352, 230.8857490829, 85.6658884021, 53.3843583257, 250.5261666405, 3.8917430149, 4, 45.0974959842, 74.0951522568, 69.9187986173, 67.4900031398, 67.7579752376, 68.9647290985, 2.974754613, 14.6123543012, 19.6504931825, 7.6043331243, 44.6581427203, 7.4065700853, 96.8592115571, 53.5236821, 103.661463423, 5.3587701174, 32.7518865519, 10.8427933768, 132.3654344413, 0, 23.5155357335, 6.8924705556, 25.2652983226, 139.7484930196, 95.363501974, 142.7404017767, 72.8260566711, 32.0829621264, 39.9146326611, 28.0940796508, 241.3568602909, 2.7297157543, 107.7121063016, 76.4293443728, 95.2253980576, 362.195059187, 27.1653586265],
      [6.8445615715, 8.8863613208, 2.6165956423, 8.9148790228, 5.9433178447, 4.1910389487, 0.21927423718, 18.6511046953, 1.2310010961, 3.1576384986, 11.5067651357, 11.9625391727, 5.1200698177, 8.8687778156, 1.9245903821, 0, 4.0605308719, 7.1056716221, 7.798955304, 5.3048964772, 5.5577612107, 7.731478282, 0.025245386953, 0.68536818232, 0.11031851952, 1.8496812191, 2.7606990062, 0, 4.0327324547, 7.9005398198, 7.9322327999, 0.26163120842, 4.6952547463, 0.80155000127, 13.4744148576, 0, 1.5273749162, 0.61490119057, 2.2683691904, 22.7350621283, 7.6784960218, 6.8141012361, 4.1896066138, 2.9299185726, 3.719534534, 7.4493515587, 18.6621072641, 0.1755757786, 7.050867284, 7.0487744157, 5.345584178, 32.1710112397, 1.8313777353],
      [14.7856028067, 14.4057871882, 5.3613382688, 13.1694533264, 8.2427923363, 7.2462027444, 0.23906853575, 29.8284142165, 2.749116039, 7.6513517857, 32.3520183625, 11.6359070963, 8.4402722567, 18.953155423, 0.67871933861, 0.53210669539, 5.9632934762, 11.0460896122, 9.4507335238, 8.8994239053, 7.7578115505, 15.197555109, 0, 2.3043973261, 2.4313055601, 1.1080961085, 5.698037512, 0.25468493536, 11.3019436796, 11.257580015, 12.3329873625, 1.0343554211, 5.4769116088, 0.8201248993, 17.0071322012, 0, 1.9286593597, 2.4983089493, 3.3009261241, 23.7760802203, 11.1099735147, 13.4063414318, 10.2960697098, 6.6787275543, 5.0705584135, 8.3051220722, 26.2519605187, 0, 10.0771912146, 11.9538693549, 11.9672144592, 48.0584284095, 2.5542358385]
    ],
    [
      [5.8091426825, 3.2808779965, 0, 2.5325785625, 1.6625352852, 2.6726248789, 0, 2.443006044, 0.16830087421, 1.114681995, 2.8275555368, 4.4154407162, 2.0620566354, 6.5804909416, 0, 0.53210669539, 0.44853216091, 2.2343436226, 1.0844598715, 0, 2.9471186107, 4.0219774608, 0, 0.29570367512, 1.0310786881, 0, 2.3949996576, 0.24897662709, 2.0106304399, 1.013749177, 2.1600819201, 0.26514558495, 1.2893319921, 0, 4.7256505241, 4.9668701373e-28, 0.6923353033, 0.054356778425, 0.54082933891, 2.4712146144, 1.1299026773, 1.1509974167, 1.5940764177, 0.68823655344, 1.829266641, 1.0219459984, 4.9703147521, 0, 0.62229316422, 1.3921812863, 2.2495764397, 7.1879379658, 0.88742858674],
      [2.2109106128, 0.85915641027, 0.3314942824, 0.46624150668, 0.50489431946, 0.016686124272, 0.13640411435, 0.89967241654, 0.33709538443, 0.52946817607, 2.7798288987, 1.1886472675, 0.554200136, 2.5415811573, 0.064699372705, 0, 0.3564439583, 0.49661846418, 0.91940527374, 1.0920107546, 1.2660721717, 0.4319101304, 0.028112211892, 0.034805886113, 1.0179313343, 0, 0.88311765861, 0.011776132723, 1.2262432027, 0.036769737735, 1.0240969997, 0.019115144217, 0, 0.66202749165, 1.4292472029, 8.4050273751e-45, 0.22046994903, 0, 0.048794115086, 1.9991036607, 0.30559008286, 0.5066590777, 0.56304493317, 0.19712862406, 0.43037527917, 0, 3.0662748984, 0, 0.51909234275, 0.19215728459, 0.70909872895, 2.5836936421, 0.27737199818],
      [931.7332923678, 761.8817909213, 294.2107359193, 659.8639739578, 612.607824356, 657.3004774726, 95.9319565067, 640.2592701787, 87.0034245101, 130.1366616508, 601.6785030423, 1340.2281810754, 561.7138930694, 915.4628195283, 16.7536288032, 4, 227.5882902323, 604.4259766363, 570.813271098, 495.7031556633, 611.7397141882, 861.5877962139, 7.9718877881, 34.8006671253, 38.0663943478, 20.6542423815, 252.7537451225, 8.5739504223, 341.0659068073, 282.8772858626, 721.5732734488, 34.1057097125, 365.3923488128, 81.8488300206, 1154.7138101355, 7, 133.1010497816, 17.7239519017, 153.6458165003, 1218.8536184088, 354.7727721141, 175.0189417292, 240.8349506354, 140.3010325486, 445.3108907473, 338.7089761806, 1825.6302430411, 19, 265.1775805492, 336.2970211608, 359.2779561592, 1674.1214630781, 196.8510570369],
      [14.2466543368, 8.9781746719, 4.4577697983, 7.137205973, 6.2247460393, 8.0102115242, 0.93163937891, 7.3980513607, 1.4911792313, 2.2191881781, 10.7141125222, 8.1677309409, 6.6698501592, 14.4151083729, 0.18167182414, 0.46789330461, 2.6067336485, 6.8430612769, 5.1828637568, 6.2048335821, 6.0470950293, 10.9583161949, 0, 0.86882331344, 1.8845956298, 0.34575761847, 3.9681375613, 0.16529681787, 6.6972195501, 3.0721952227, 8.2425476314, 0.61002955829, 3.3183191951, 0.48914248775, 10.1312921375, 1.266248502e-21, 0.98614496604, 0.22169131992, 1.7645600457, 9.6760633161, 3.7917351257, 2.3234017764, 4.0079280137, 1.8136022739, 4.4294673325, 3.269077821, 18.3331673085, 0, 2.6810339438, 4.1186402683, 5.7633686722, 18.106905314, 1.9841423782]
    ],
    [
      [8.5803648435, 5.295097716, 0.55818023289, 3.4858359401, 1.1818324901, 1.8161619783, 0.11577023157, 7.3407648054, 0.77056802417, 3.9655634601, 5.2678405937, 5.3744150747, 3.5523756437, 11.1089255115, 0, 0, 2.1867316772, 2.7518350731, 3.6594956245, 1.0499147112, 5.3857985905, 11.6668634966, 0, 0.59790674827, 0.26876359074, 0.6333131954, 5.8438878314, 0.39825940965, 4.6814148004, 2.8394134299, 2.672806628, 0.31808461766, 4.5211383445, 3.1482384295, 8.8482585146, 0, 2.600234574, 0, 0.85123451077, 6.1922701343, 3.5476745968, 2.8374428188, 3.1246553145, 1.5962757911, 4.0165806627, 2.3884294945, 12.4562302987, 0.60256570261, 2.0090763041, 2.3799160169, 3.4138620816, 13.4048822091, 1.1711802086],
      [22.3334688078, 16.2810761286, 5.1192568323, 8.9778921053, 4.0217298786, 3.8596861691, 0.76383248377, 28.5180502114, 5.9625764949, 11.1232550815, 24.8014182108, 15.2606332934, 10.811782082, 59.7844000595, 0, 0, 9.8167089996, 8.712660095, 15.2796946829, 7.3685599593, 11.7814025455, 25.5840733666, 0, 0.9864705534, 2.3596586592, 0.3392884109, 12.8090925786, 2.7857691527, 22.6874938184, 5.2513703768, 11.3212273706, 1.2839238, 8.359675968, 2.7253267334, 21.0120439202, 0, 8.5709939652, 0, 2.8127404754, 21.3847243511, 14.2715090817, 10.7795771864, 9.8498511058, 4.4223266413, 10.7084715761, 4.4580811616, 55.4982561016, 2.9391275054, 10.0700722151, 6.9354996533, 11.1206966178, 33.1039319679, 3.6755406591],
      [11.3171423951, 10.4362848035, 2.4447585765, 7.7482494867, 3.7750295047, 3.9992491597, 1.1502921501, 15.7787449819, 1.6180362033, 4.032772663, 9.7500507602, 16.8036620975, 8.2201005618, 16.9456814201, 0, 0, 7.064954155, 6.6266697695, 13.5114989808, 4.6201204826, 7.6376205933, 22.5724881268, 0, 0.42164365904, 0.21051703766, 0.70227432308, 6.404665049, 0.26838898623, 7.5781237365, 6.16882369, 6.8401866811, 0.56955184368, 9.5603660418, 1.7363867108, 16.81861417, 0, 4.4696784595, 0, 2.0510336082, 27.4420171395, 9.0954125818, 4.2550836919, 4.5226451656, 3.2302982679, 7.9503562932, 9.2530630272, 33.6606673669, 1.458306792, 5.1971268235, 5.075877107, 4.9752362523, 23.0449603247, 2.0052799536],
