{
  "X": [
    [4, 4, 7, 17, 18, 1],
    [1, 8, 6, 15, 17, 1],
    [1, 7, 4, 8, 10, 0],
    [6, 15, 25, 90, 118, 8],
    [0, 3, 1, 6, 4, 0],
    [9, 24, 39, 51, 50, 4],
    [34, 84, 100, 305, 385, 32],
    [70, 103, 180, 324, 454, 48],
    [39, 38, 61, 172, 234, 21],
    [62, 94, 213, 481, 785, 52],
    [63, 47, 85, 296, 476, 19],
    [78, 87, 127, 354, 470, 39],
    [5, 18, 19, 41, 28, 5],
    [3, 8, 20, 40, 18, 2],
    [75, 41, 70, 238, 395, 31],
    [0, 5, 1, 3, 0, 0],
    [3, 13, 4, 24, 12, 6],
    [2, 0, 2, 6, 16, 0],
    [0, 3, 0, 2, 11, 0],
    [32, 70, 61, 201, 274, 17],
    [15, 36, 49, 119, 116, 12],
    [5, 8, 10, 43, 27, 2],
    [22, 67, 98, 218, 122, 21],
    [15, 40, 34, 105, 168, 14],
    [69, 177, 167, 494, 441, 44],
    [5, 24, 35, 77, 62, 7],
    [25, 82, 85, 262, 206, 18],
    [1, 2, 8, 9, 9, 1],
    [34, 107, 63, 282, 318, 27],
    [47, 93, 73, 312, 383, 41],
    [53, 107, 88, 451, 820, 41],
    [2, 4, 2, 20, 11, 1],
    [16, 21, 25, 125, 254, 12],
    [5, 10, 14, 53, 94, 2],
    [45, 50, 79, 265, 398, 29],
    [40, 42, 70, 317, 529, 35],
    [57, 30, 32, 224, 500, 15],
    [63, 65, 68, 361, 625, 27],
    [99, 75, 112, 550, 1169, 32],
    [3, 18, 18, 42, 66, 6],
    [4, 9, 14, 29, 40, 3],
    [1, 1, 1, 7, 7, 1],
    [411, 476, 593, 2364, 3794, 267],
    [61, 218, 192, 604, 568, 78],
    [102, 363, 345, 1003, 805, 116],
    [38, 224, 170, 706, 659, 23]
  ],
  "W": [
    [7, 11, 29, 1, 3],
    [9, 8, 28, 1, 2],
    [7, 7, 13, 0, 3],
    [29, 31, 178, 5, 19],
    [5, 3, 5, 0, 1],
    [31, 52, 73, 3, 18],
    [136, 129, 578, 18, 79],
    [129, 237, 654, 47, 112],
    [55, 79, 359, 35, 37],
    [136, 277, 1073, 46, 155],
    [77, 124, 689, 31, 65],
    [132, 179, 693, 44, 107],
    [27, 19, 64, 2, 4],
    [27, 21, 36, 5, 2],
    [65, 99, 558, 33, 95],
    [3, 3, 3, 0, 0],
    [17, 12, 29, 3, 1],
    [1, 1, 22, 0, 2],
    [3, 2, 11, 0, 0],
    [107, 99, 387, 24, 38],
    [53, 72, 171, 13, 38],
    [17, 14, 51, 4, 9],
    [136, 121, 227, 29, 35],
    [50, 46, 231, 17, 32],
    [270, 283, 708, 43, 88],
    [41, 53, 92, 16, 8],
    [149, 145, 317, 32, 35],
    [3, 7, 16, 0, 4],
    [152, 102, 493, 35, 49],
    [152, 111, 573, 44, 69],
    [111, 141, 1162, 50, 96],
    [5, 6, 24, 1, 4],
    [27, 32, 350, 12, 32],
    [12, 12, 141, 5, 8],
    [60, 105, 596, 22, 83],
    [72, 120, 750, 26, 65],
    [49, 56, 658, 22, 73],
    [105, 101, 889, 25, 89],
    [124, 161, 1565, 63, 124],
    [23, 23, 89, 8, 10],
    [7, 21, 60, 3, 8],
    [4, 1, 12, 0, 1],
    [802, 881, 5340, 315, 567],
    [312, 262, 968, 72, 107],
    [487, 430, 1541, 106, 170],
    [378, 236, 1078, 18, 110]
  ],
  "method": "mvn_pdf",
  "cond_prob": [
    [
      [0.0023189303582, 0.44775399472, 0.05653963435, 0.48415183077, 0.0066864823643, 0.0025491274439],
      [0.061075209213, 0.075500524073, 0.57529407807, 0.24777554259, 0.0094421740042, 0.030912472056],
      [0, 0, 0.0040602481797, 0.37003752258, 0.61017449695, 0.015727732295],
      [0.78668577904, 0.0082372635714, 0.016598081433, 0.046234810467, 0.013876150039, 0.12836791545],
      [0.84175146904, 0.0089930028691, 0.047214140727, 0.036027750332, 0.046798049278, 0.019215587758]
    ],
    [
      [0.010950408625, 0.70763598839, 0.036173846988, 0.24107526163, 0.0021424763717, 0.0020220179939],
      [0.0095769061327, 0.16767864573, 0.60018998078, 0.19748086858, 0.0069892625359, 0.01808433623],
      [0.0012931243397, 0, 0.011219247649, 0.38614704833, 0.59050968697, 0.01083089271],
      [0.23333229452, 0.07962603919, 0.069472516053, 0.15189947483, 0.042060860819, 0.42360881459],
      [0.27764564864, 0.10511044971, 0.2446520403, 0.14322943425, 0.17423575823, 0.055126668869]
    ],
    [
      [0.010491443727, 0.70913877492, 0.049174784869, 0.23057314053, 0.00062185595843, 0],
      [0.017490274767, 0.23877526288, 0.45574279626, 0.27607912199, 0.011912544094, 0],
      [0, 0, 0, 0.30485699175, 0.69514300825, 0],
      [0.32619196322, 0.13778819413, 0.063903524647, 0.24314300225, 0.099146145987, 0.12982716976],
      [0.26804265685, 0.1215339118, 0.15519231069, 0.16343108989, 0.29180003077, 0]
    ],
    [
      [0.00039759884805, 0.41013457122, 0.059279874187, 0.51994445585, 0.0096370165047, 0.00060648339284],
      [0.0016378634386, 0.074106180789, 0.58161428797, 0.28318194967, 0.014683579508, 0.044776138624],
      [0, 0, 0.0071009460291, 0.35042887034, 0.63200922452, 0.01046095911],
      [0.19077672227, 0.023545536868, 0.048367750916, 0.14440837692, 0.049035670306, 0.54386594272],
      [0.26230590818, 0.036372533987, 0.19710703019, 0.16024155449, 0.23802711793, 0.10594585521]
    ],
    [
      [0, 0.47007004467, 0.020386448542, 0.50954350679, 0, 0],
      [0, 0.15767500454, 0.25463633209, 0.57195378214, 0.015734881233, 0],
      [0, 0.02052419164, 0.010943667232, 0.28392027759, 0.68461186354, 0],
      [0.21571521082, 0.034497339596, 0.026143666079, 0.18812534446, 0.06131644852, 0.47420199053],
      [0, 0.074003804838, 0.079440424854, 0.31681973169, 0.52973603862, 0]
    ],
    [
      [0.0014313187151, 0.55769122374, 0.060308351348, 0.37359195115, 0.0065883025745, 0.0003888524734],
      [0.019114091601, 0.10517354418, 0.62368056789, 0.21605548584, 0.010613911713, 0.025362398777],
      [0.0018096299161, 0.0024628267051, 0.0089907396947, 0.35070181079, 0.62916156972, 0.0068734231713],
      [0.34226654432, 0.041764275732, 0.065581840405, 0.13574420795, 0.045281819689, 0.3693613119],
      [0.37793298554, 0.052081588344, 0.21366566993, 0.12084996884, 0.17662217569, 0.058847611653]
    ],
    [
      [0.00097443744683, 0.49554546435, 0.055877407668, 0.43894813886, 0.0084964154879, 0.00015813618521],
      [0.019132658038, 0.095099139833, 0.56165003663, 0.2561022966, 0.013735173439, 0.054280695454],
      [0.00026925977558, 0.0007917474509, 0.00911272241, 0.3459811135, 0.63303931535, 0.010805841511],
      [0.23992488168, 0.026998091252, 0.04214279936, 0.1134766151, 0.039227874633, 0.53822973797],
      [0.34082384303, 0.042967495457, 0.17622903659, 0.12969866047, 0.19582055827, 0.11446040618]
    ],
    [
      [0.0015998200588, 0.55186048762, 0.061947398709, 0.37616080713, 0.0080685964888, 0.00036288999409],
      [0.025401703021, 0.10302654101, 0.60294562234, 0.21253744865, 0.012723977061, 0.043364707926],
      [0.0017528072246, 0.0015561383105, 0.01047195898, 0.31961898108, 0.65589108191, 0.010709032494],
      [0.33313051278, 0.031075691581, 0.048173032925, 0.10030319659, 0.038690986357, 0.44862657976],
      [0.41937454974, 0.04387888321, 0.17855249421, 0.10141800608, 0.17118146933, 0.08559459743]
    ],
    [
      [0.0021145158641, 0.51314399013, 0.062081625656, 0.41448844227, 0.0077714975522, 0.00039992853251],
      [0.037579539349, 0.092314797838, 0.59271701116, 0.22814913452, 0.011925183526, 0.037314333606],
      [0.00065054084324, 0.0011229585634, 0.010902769717, 0.34668257185, 0.63077392188, 0.0098672371455],
      [0.45524011002, 0.02489556583, 0.042043003447, 0.096134560288, 0.032927688038, 0.34875907237],
      [0.53372891906, 0.032695259067, 0.14527749347, 0.090691922791, 0.13595057027, 0.061655835339]
    ],
    [
      [0.00079373892976, 0.46217490036, 0.062332915428, 0.46312278931, 0.011234158363, 0.00034149761134],
      [0.011962382457, 0.085563721879, 0.59227447275, 0.25545594479, 0.017284268032, 0.037459210086],
      [0, 0, 0.0076762583327, 0.29826909706, 0.68643941307, 0.0076152315334],
      [0.25754833543, 0.029836102463, 0.055495260505, 0.14159499766, 0.061553034106, 0.45397226983],
      [0.30149192345, 0.039165173406, 0.19144056371, 0.13353479295, 0.25357085433, 0.08079669215]
    ],
    [
      [0.0030079803805, 0.44944833612, 0.055704442845, 0.48083508597, 0.010845757068, 0.00015839761358],
      [0.051899703686, 0.083386274749, 0.54285971737, 0.27107272087, 0.017021485889, 0.033760097433],
      [0, 0, 0.0083266770049, 0.31496986131, 0.67106371417, 0.0056397475211],
      [0.55417184458, 0.018648905487, 0.032071409128, 0.095014192301, 0.038298377909, 0.2617952706],
      [0.60236146264, 0.022684061223, 0.10253628934, 0.083123178311, 0.1462163643, 0.043078644178]
    ],
    [
      [0.001909224082, 0.4911161202, 0.053836306207, 0.44389107202, 0.008871862483, 0.00037541501233],
      [0.035782806295, 0.095646329968, 0.54742783026, 0.26277360879, 0.014636252599, 0.04373317209],
      [0.00080377582304, 0.000538366296, 0.0085955491563, 0.33571545704, 0.6449999737, 0.0093468779822],
      [0.40690780314, 0.024683527505, 0.037393451226, 0.10581486272, 0.038381281455, 0.38681907395],
      [0.49422336552, 0.033577719778, 0.13366353781, 0.10339473671, 0.16388099795, 0.07125964223]
    ],
    [
      [2.5058893806e-05, 0.59127847522, 0.10620539086, 0.29602025017, 0.00647082486, 0],
      [0.042182837524, 0.068166055069, 0.71208981276, 0.10354320275, 0.0052937911568, 0.068724300743],
      [0.011873221316, 0.0099768877775, 0.030967788443, 0.48199588645, 0.4314880418, 0.033698174208],
      [0.37606718545, 0.011218399912, 0.029853438683, 0.02737381235, 0.0047590315606, 0.55072813204],
      [0.67145724044, 0.019842126299, 0.14027566665, 0.034412008876, 0.024988239617, 0.10902471812]
    ],
    [
      [0.0092154857011, 0.27085657319, 0.11788035202, 0.59233727952, 0.0097103095715, 0],
      [0.013333475511, 0.026458893636, 0.73209464963, 0.20709916524, 0.0085752452745, 0.012438570708],
      [0, 0, 0.007376298203, 0.51202694133, 0.47695023254, 0.003646527921],
      [0.35447920951, 0.017719856456, 0.10612383614, 0.18488324859, 0.03232628284, 0.30446756646],
      [0.34939142638, 0.0213182376, 0.32353846859, 0.15021242608, 0.11295085251, 0.042588588836]
    ],
    [
      [0.0028762478809, 0.4602418666, 0.053663531723, 0.47168899489, 0.011004219259, 0.00052513964421],
      [0.05114771493, 0.08392563234, 0.52565805117, 0.26671613531, 0.017324810744, 0.055227655506],
      [0, 0, 0.0072936971955, 0.30536943535, 0.67594986786, 0.011386999594],
      [0.4623400471, 0.016860975689, 0.027394981166, 0.082512338687, 0.034438875072, 0.37645278229],
      [0.57360209006, 0.02336030391, 0.09997690483, 0.082276482457, 0.15003221412, 0.070752004624]
    ],
    [
      [0, 0.93265532147, 0.065082932199, 0.0022617463264, 0, 0],
      [0, 0.71180486944, 0.19578160837, 0.092413522199, 0, 0],
      [0, 0.022206475756, 0.072468792769, 0.90532473147, 0, 0],
      [0.27607183716, 0.12012322105, 0.027050143491, 0.11735776062, 0.011542149966, 0.44785488771],
      [0.43133748122, 0.18481259497, 0.1113437817, 0.12858700761, 0.052663967071, 0.091255167425]
    ],
    [
      [0, 0.59136498841, 0.032223363745, 0.35713627633, 0.019275371508, 0],
      [0.085909527982, 0.19152249043, 0.22489885904, 0.20454237973, 0.015752792202, 0.27737395061],
      [0.027134789919, 0.021455561021, 0.025049557824, 0.53128252411, 0.39507756712, 0],
      [0.16565054074, 0.00490779884, 0.0037614039063, 0.014890172729, 0.0042293521648, 0.80656073162],
      [0.68522513434, 0.011590645682, 0.015695119284, 0.022311028009, 0.013347674925, 0.25183039776]
    ],
    [
      [0.063534490446, 0, 0.28247122846, 0.63650368572, 0.017490595374, 0],
      [0.02454264026, 0, 0.94896039837, 0.024706930451, 0.0017900309165, 0],
      [0, 0, 0.032160325554, 0.24231082359, 0.72552885086, 0],
      [0.98472808173, 0.00016782818255, 0.0082535599862, 0.0044567072853, 0.0023819001746, 1.1922640897e-05],
      [0.95596143465, 0, 0.030520605494, 0.0039756324316, 0.0095423274273, 0]
    ],
    [
      [0, 0.7430897307, 0, 0.22758253561, 0.029327733692, 0],
      [0, 0.38536540396, 0, 0.51583995156, 0.098794644484, 0],
      [0, 0, 0, 0.025961135459, 0.97403886454, 0],
      [0.28730858541, 0.042279496739, 0.016171163248, 0.08650315538, 0.098109954884, 0.46962764434],
      [0.32138615418, 0.052909161569, 0.051935782202, 0.080376533962, 0.41578782035, 0.077604547734]
    ],
    [
      [0.0016555960013, 0.52142085969, 0.041502432529, 0.42538462284, 0.009795708518, 0.00024078042735],
      [0.035386968975, 0.11812723387, 0.49583754802, 0.29357696277, 0.018778434207, 0.038292852166],
      [0.00095953006856, 0.00067507361698, 0.0058213752626, 0.30833934299, 0.67773892172, 0.0064657563445],
      [0.41464849241, 0.030995956715, 0.034350911191, 0.1203137586, 0.049827794496, 0.34986308659],
      [0.47359577224, 0.039689879197, 0.11563232554, 0.1106544763, 0.2003148534, 0.060112693327]
    ],
    [
      [0, 0.48357414304, 0.045318582638, 0.46228735368, 0.0081627469512, 0.00065717369299],
      [0.0091373186184, 0.10933408099, 0.52482349115, 0.30902091489, 0.01508848762, 0.032595706726],
      [0, 0, 0.0078952040656, 0.37079483042, 0.61371206873, 0.0075978967833],
      [0.24914598017, 0.039499251277, 0.051485279163, 0.18057016364, 0.055876308826, 0.42342301692],
      [0.29218987677, 0.052237534759, 0.17872197981, 0.1709456909, 0.23183809302, 0.074066824738]
    ],
    [
      [0.0018387339976, 0.36838047519, 0.042208119743, 0.57824562657, 0.0092328603271, 9.4184172967e-05],
      [0.017092302246, 0.078438822762, 0.49369929044, 0.37958035993, 0.013282071541, 0.017907153084],
      [0.0037619698346, 0.0029457602763, 0.0123368172, 0.48833559503, 0.48896941414, 0.0036504435199],
      [0.33073562458, 0.032390053713, 0.05244942657, 0.24910125865, 0.044652385355, 0.29067125113],
      [0.35718292563, 0.039954934911, 0.17018850164, 0.21713099201, 0.17122696783, 0.044315677984]
    ],
    [
      [0.0018715504865, 0.41510720697, 0.069912293496, 0.50407524804, 0.0080890419195, 0.00094465908798],
      [0.01505488657, 0.068854720517, 0.62183361812, 0.25448298255, 0.010037361534, 0.029736430712],
      [0.00060878891369, 0, 0.011810326135, 0.47633159982, 0.50144429165, 0.0098049934738],
      [0.27724770822, 0.028915435743, 0.068448336825, 0.16675395473, 0.033197285202, 0.42543727928],
      [0.33558426392, 0.039298600929, 0.24526041405, 0.1625767866, 0.13985125935, 0.077428675149]
    ],
    [
      [0, 0.6041721339, 0.044220624306, 0.34306836241, 0.0080393189691, 0.00049956041061],
      [0.014760221766, 0.14792689182, 0.52446725832, 0.25781863712, 0.016917020225, 0.038109970745],
      [0, 0, 0.0070900171433, 0.3007495025, 0.68378320416, 0.0083772761963],
      [0.25819659588, 0.049551518735, 0.046036824228, 0.13539519733, 0.05790428914, 0.45291557468],
      [0.31036523965, 0.067011889451, 0.16384546656, 0.13162722311, 0.24629868891, 0.080851492322]
    ],
    [
      [0.0015865923882, 0.51225321589, 0.041189864851, 0.43726871036, 0.0072779113669, 0.0004237051438],
      [0.033358864224, 0.11674093288, 0.48866753451, 0.30186930587, 0.013729000634, 0.045634361875],
      [0.0012682508037, 0.00086284777164, 0.0073770256229, 0.38759921272, 0.59317870098, 0.0097139621052],
      [0.37751573199, 0.030098634551, 0.033395341671, 0.1215299693, 0.035015519648, 0.40244480284],
      [0.47727231176, 0.04260011587, 0.12416920898, 0.1234364018, 0.15538033082, 0.077141630774]
    ],
    [
      [0, 0.43387020632, 0.050814832165, 0.50612072714, 0.009194234383, 0],
      [0, 0.094901080216, 0.55015780752, 0.32064892276, 0.016079094278, 0.018213095225],
      [0, 0, 0.009914484455, 0.36504401662, 0.62227020021, 0.0027712987202],
      [0.2090969153, 0.048563260565, 0.07249157101, 0.25311154758, 0.079907895154, 0.3368288104],
      [0.20680616941, 0.050569015068, 0.21077879707, 0.20260287388, 0.28043245651, 0.048810688062]
    ],
    [
      [0.0008606384598, 0.43202396329, 0.041109030199, 0.5167243449, 0.0092820231556, 0],
      [0.019363294498, 0.099210081615, 0.47933194188, 0.35806037983, 0.01719188561, 0.02684241657],
      [0.0013780948094, 0.0017080643104, 0.0084545667056, 0.37936169534, 0.60567073089, 0.0034268479464],
      [0.307908652, 0.03604760787, 0.046302488978, 0.20419744696, 0.060745846366, 0.34479795782],
      [0.3364044071, 0.044228222801, 0.14885273244, 0.17992405167, 0.23379046747, 0.05680011852]
    ],
    [
      [0.0019015714939, 0.48962950015, 0.13510258698, 0.36444792179, 0.0046438639673, 0.0042745556186],
      [0.025577063789, 0.037375541569, 0.81401656396, 0.094715886989, 0.0039897270004, 0.024325216698],
      [0, 0.0081736188677, 0, 0.42653582771, 0.53422809528, 0.031062458145],
      [0.11400283563, 0.018719676322, 0.10197891505, 0.084053300302, 0.018849657017, 0.66239561569],
      [0.20381395975, 0.034676201675, 0.47414407284, 0.10476794559, 0.10262269867, 0.079975121485]
    ],
    [
      [0.0025464040039, 0.57324947868, 0.033538738597, 0.3834249853, 0.0068533102339, 0.00038708318968],
      [0.024926313766, 0.15045517585, 0.46214854515, 0.30580954323, 0.015040892422, 0.041619529588],
      [0.0008196709073, 0, 0.0063608125746, 0.36684337813, 0.61749102445, 0.0084851139408],
      [0.31926525092, 0.043686968959, 0.035478571381, 0.13869918753, 0.044045080978, 0.41882494024],
      [0.39779757241, 0.061032803895, 0.13031284757, 0.13915452745, 0.19305046795, 0.078651780736]
    ],
    [
      [0.0015570504928, 0.50132822422, 0.041294508171, 0.44701676095, 0.0086603296217, 0.00014312654514],
      [0.029613506018, 0.11137571044, 0.48105343924, 0.30180081989, 0.016275966295, 0.059880558127],
      [0.0014150814023, 0.00083513405284, 0.0062813541442, 0.34409081586, 0.63727861473, 0.010098999808],
      [0.30564475243, 0.026190514676, 0.029880746816, 0.11074158615, 0.038721141042, 0.48882125889],
      [0.42343504937, 0.04064480583, 0.12191788722, 0.12343324712, 0.1885887129, 0.10198029756]
    ],
    [
      [0.0008429598232, 0.64814684747, 0.028993799797, 0.31444577517, 0.0073690024311, 0.00020161531289],
      [0.030735879825, 0.17407303517, 0.45547125626, 0.28315536409, 0.018392384094, 0.038172080555],
      [0, 0, 0.0055194852819, 0.30699533926, 0.68048483873, 0.0070003367211],
      [0.29831340242, 0.059597594816, 0.037007021682, 0.13802974824, 0.057891096452, 0.40916113639],
      [0.35059377378, 0.078453356577, 0.12808591779, 0.1306410519, 0.23927892857, 0.072946971382]
    ],
    [
      [0.0018694757125, 0.5052300724, 0.012163950919, 0.47104112687, 0.0074584750691, 0.002236899027],
      [0.016624206574, 0.16122303973, 0.26243476649, 0.52232327007, 0.015198383595, 0.022196333535],
      [0.0073777428146, 0.0066723243274, 0.00021536983778, 0.54740083594, 0.42465050565, 0.013683221425],
      [0.28036444737, 0.052256994319, 0.023150588659, 0.27917027705, 0.036724215943, 0.32833347666],
      [0.35836927677, 0.073529655357, 0.084063045426, 0.27351610138, 0.16079524288, 0.049726678196]
    ],
    [
      [0.0010731411434, 0.54975603863, 0.042543428223, 0.396280813, 0.01006264312, 0.00028393588262],
      [0.022518091293, 0.12254208505, 0.5176471137, 0.27508898671, 0.019452075899, 0.042751647352],
      [0.00065498800074, 0.00070811849651, 0.0064794196529, 0.28582892056, 0.69857231622, 0.0077562370632],
      [0.29529506825, 0.035700485077, 0.039527813191, 0.12595526974, 0.057737718443, 0.4457836453],
      [0.35867686402, 0.048718529401, 0.14201528634, 0.12331203251, 0.24727121585, 0.08000607188]
    ],
    [
      [0.00082923038178, 0.63562784082, 0.070684734461, 0.28683684618, 0.0060213481587, 0],
      [0.01246109033, 0.10214797404, 0.71260393718, 0.15233911348, 0.0088810405192, 0.011566844455],
      [0.0028818927317, 0.0023847984307, 0.012335114599, 0.32725040466, 0.65345723663, 0.0016905529475],
      [0.3646556971, 0.061129541005, 0.10564912914, 0.14550510245, 0.054597407492, 0.26846312282],
      [0.32636134885, 0.063098242247, 0.29162989202, 0.1075069893, 0.17633924173, 0.035064285856]
    ],
    [
      [0.0013653245741, 0.54785442878, 0.049243928069, 0.39356639704, 0.0076819722195, 0.00028794931809],
      [0.026049636738, 0.11488770925, 0.54476491273, 0.25243224631, 0.013720932597, 0.048144562376],
      [0.0011903783873, 0.0008273623185, 0.0087473985523, 0.34048257616, 0.63838833899, 0.010363945584],
      [0.31737246194, 0.031810251774, 0.039861931427, 0.10926712282, 0.038671103094, 0.46301712894],
      [0.41555673478, 0.046657726761, 0.15367031868, 0.11504985807, 0.17792975223, 0.091135609477]
    ],
    [
      [0.0017887854292, 0.41096829922, 0.043244119899, 0.53121920853, 0.012438526919, 0.00034106000051],
      [0.032187237838, 0.083949046016, 0.46362946992, 0.3305840104, 0.021549669261, 0.068100566569],
      [0.0016293889163, 0.00010521385651, 0.0049124044398, 0.30441134476, 0.67965203659, 0.0092896114318],
      [0.29927572751, 0.017784950856, 0.025974234398, 0.10936517573, 0.046027470168, 0.50157244134],
      [0.41546966625, 0.027616581836, 0.10601928543, 0.12200203996, 0.22434960124, 0.10454282528]
    ],
    [
      [0.0029388301273, 0.44663537253, 0.03620629323, 0.49919038336, 0.014837605767, 0.00019151498531],
      [0.060846575608, 0.099506749321, 0.42930255652, 0.3404229909, 0.027833285624, 0.042087842026],
      [0.00094767074525, 0.00062728333081, 0.00094309900359, 0.26091059302, 0.73189546084, 0.0046758930638],
      [0.52136372344, 0.019204184259, 0.021793553988, 0.10268293976, 0.053621194988, 0.28133440356],
      [0.56650712087, 0.023386908204, 0.069656590881, 0.0895587513, 0.20475909316, 0.046131535588]
    ],
    [
      [0.0022305294906, 0.48337908208, 0.043347888154, 0.45990378241, 0.010808270707, 0.00033044715844],
      [0.044961526772, 0.10317424333, 0.48595281185, 0.29889310915, 0.019472179761, 0.047546129137],
      [0.00072516692078, 0.00060785676406, 0.0053810626291, 0.30498084746, 0.6801186521, 0.0081864141168],
      [0.43925674973, 0.022840188652, 0.02843125193, 0.10332472499, 0.043441031921, 0.36270605278],
      [0.52357964116, 0.03048548793, 0.099693165973, 0.098997834858, 0.1818756618, 0.065368208271]
    ],
    [
      [0.002226004146, 0.44408718867, 0.047813167561, 0.4918206702, 0.014036179161, 1.6790262068e-05],
      [0.040892945067, 0.090521651654, 0.50861448628, 0.30454179365, 0.024061338961, 0.031367784385],
      [0.001371075089, 0.00028138339119, 0.0054845370362, 0.26787926627, 0.72270374625, 0.0022799919676],
      [0.46987731211, 0.023760223961, 0.035338425586, 0.12474531214, 0.062890872835, 0.28338785337],
      [0.48703393671, 0.027596319131, 0.10785978756, 0.10397582053, 0.22896895437, 0.044565181694]
    ],
    [
      [0, 0.59874854325, 0.047373839706, 0.3443980295, 0.0083339864213, 0.0011456011203],
      [0, 0.1305078025, 0.58805279089, 0.23629516547, 0.016070403691, 0.029073837449],
      [0, 0, 0.0036354955555, 0.29086761434, 0.69630038099, 0.0091965091147],
      [0.17912291567, 0.056213108075, 0.064577490948, 0.16043955372, 0.0717692496, 0.46787768199],
      [0.15670166747, 0.077739918298, 0.25450084643, 0.14733224101, 0.28938111222, 0.074344214578]
    ],
    [
      [0.0007113305714, 0.6831077915, 0.036643629287, 0.27421156586, 0.0048022212485, 0.00052346153058],
      [0.020173334368, 0.16032850489, 0.55139850076, 0.22829851027, 0.010935102265, 0.028866047452],
      [0, 0, 0.0085438963517, 0.34738280701, 0.63420020316, 0.0098730934781],
      [0.28587145107, 0.062189204765, 0.052796081581, 0.13493162, 0.045817399613, 0.41839424297],
      [0.33922078888, 0.083097405315, 0.18663800665, 0.12981088035, 0.19341036441, 0.0678225544]
    ],
    [
      [0, 0.24566299197, 0.060999785011, 0.68260814966, 0.0051156988041, 0.0056133745506],
      [0.047012824771, 0.01734803212, 0.49797307189, 0.1576122162, 0.0059082887192, 0.2741455663],
      [0, 0, 0.021379282287, 0.33895542635, 0.58113574301, 0.058529548354],
      [0.44700537866, 0.012285356969, 0.02726651025, 0.090376674909, 0.025834003213, 0.39723207599],
      [0.95298717523, 0, 0.0014764006216, 0.044490068904, 0, 0.001046355246]
    ],
    [
      [0.0018987565624, 0.45837154751, 0.047811922861, 0.48021257812, 0.011383498646, 0.00032169630043],
      [0.034834789046, 0.093479826894, 0.50478021508, 0.296438427, 0.019491163058, 0.050975578923],
      [0.0011763568618, 0.00020566021771, 0.006127512458, 0.30322987024, 0.68086791858, 0.0083926816447],
      [0.36628633556, 0.022644248937, 0.032442630012, 0.11195121822, 0.047431565516, 0.41924400176],
      [0.45348466798, 0.031391759122, 0.11817129347, 0.11145523343, 0.20621356451, 0.07928348148]
    ],
    [
      [0.00071131759123, 0.56498587175, 0.048714516473, 0.37933554452, 0.0062527496633, 0],
      [0.018776723744, 0.1221917745, 0.54612474319, 0.24872326539, 0.010575077979, 0.053608415195],
      [0.00086413970623, 0.00088586559629, 0.011480829544, 0.41115057276, 0.56306877353, 0.012549818866],
      [0.23951224644, 0.035602511968, 0.042178952186, 0.11310645773, 0.02923291586, 0.54036691582],
      [0.35305792814, 0.058778171358, 0.18286037933, 0.13405976812, 0.15068344822, 0.12056030484]
    ],
    [
      [0.001301259657, 0.5979487906, 0.05444305419, 0.34099680136, 0.0053100941945, 0],
      [0.018275691132, 0.12452534631, 0.58903485563, 0.21454330417, 0.0080384235272, 0.045582379228],
      [0.0024573748944, 0.0017951324372, 0.014957053622, 0.4616559804, 0.50443711417, 0.014697344478],
      [0.25760407539, 0.04104597379, 0.051462117565, 0.11068508223, 0.02278406246, 0.51641868857],
      [0.36714642739, 0.065505104459, 0.21586729761, 0.1266850143, 0.1129691674, 0.11182698884]
    ],
    [
      [0, 0.49750066794, 0.043213256116, 0.45123920071, 0.0080468752343, 0],
      [0.0094768806362, 0.11953096937, 0.51517453217, 0.31749448293, 0.013982324282, 0.024340810617],
      [0, 0.00013650031849, 0.0095069757593, 0.40450134948, 0.5820203108, 0.0038348636463],
      [0.25879928627, 0.049640479974, 0.058635941852, 0.21322066884, 0.057198597349, 0.36250502572],
      [0.2827733547, 0.060861479691, 0.18891120704, 0.18738597621, 0.22009984399, 0.059968138371]
    ]
  ],
  "expected_outcome": [
    [
      [0.016232512508, 0.098553677628, 0.073440106087, 0.011530366594, 0, 0.044370880167, 0.13252349277, 0.20637678758, 0.11629837252, 0.10794849445, 0.2316144893, 0.25201757883, 0.00067659013276, 0.24881811393, 0.18695611226, 0, 0, 0.063534490446, 0, 0.17714877214, 0, 0.031258477959, 0.25453086616, 0, 0.42837994482, 0, 0.12823513051, 0.0057047144817, 0.38705340859, 0.2366716749, 0.093568540375, 0.0093473785624, 0.02897481087, 0.0099507645813, 0.081919474445, 0.1287925509, 0.14400267624, 0.23420559652, 0.27602451411, 0, 0.0049793139998, 0, 1.522802763, 0.22193108846, 0.63371345298, 0],
      [3.134277963, 6.3687238955, 4.9639714244, 11.8939025654, 2.3503502234, 17.2884279359, 67.3941831513, 71.1900029027, 28.222919457, 62.8557864483, 34.6075218815, 64.8273278661, 15.9645188309, 7.3131274762, 29.9157213291, 2.7979659644, 10.053204803, 0, 2.2292691921, 55.7920319866, 25.629429581, 6.2624680782, 56.4545801484, 30.2086066952, 138.3083682895, 17.788678459, 64.3715705295, 1.4688885004, 87.1339207587, 76.2018900814, 71.9443000689, 2.526150362, 14.843413043, 7.6275340898, 32.8712657266, 29.5897175441, 21.8851332538, 50.7548036187, 55.0668113947, 13.7712164948, 4.7817545405, 0.98265196788, 367.613981107, 176.2755919867, 291.2010610206, 188.0552524804],
      [0.39577744045, 0.32556462289, 0.34422349408, 1.7191163514, 0.10193224271, 1.8695588918, 7.5993274429, 7.9912144335, 3.4144894111, 8.4772764982, 4.2892420991, 7.1063924193, 2.8675455533, 3.1827695045, 3.488129562, 0.1952487966, 0.54779718367, 0.28247122846, 0, 4.4407602806, 2.4018848798, 0.71753803564, 9.5080719154, 2.2110312153, 11.1212635098, 2.0834081188, 6.1252454997, 0.40530776095, 5.0978882667, 6.276765242, 3.2183117775, 0.060819754595, 1.148672562, 0.84821681353, 2.9546356841, 3.1135766327, 1.7741083683, 4.5515282562, 5.9288327775, 1.0895983132, 0.25650540501, 0.24399914004, 38.3451621347, 15.1989291397, 26.5137673904, 16.334610812],
      [3.3890628154, 2.1696773547, 1.6140119837, 15.0783892195, 2.5477175339, 11.5813504857, 59.6969468855, 48.52474412, 22.7968643247, 62.9846993466, 37.0243016197, 58.5936215064, 7.9925467545, 15.993106547, 30.6597846679, 0.0067852389793, 6.0713166977, 0.63650368572, 0.68274760684, 45.5161546435, 24.501229745, 9.8301756517, 68.554233733, 17.1534181205, 118.062551798, 20.7509498126, 76.9919273901, 1.0933437654, 58.2805977657, 67.9465476644, 34.9034810436, 2.3552056344, 10.6995819511, 3.4420421542, 23.6139838226, 38.2477830141, 24.4603287848, 48.2898971526, 60.9857631052, 7.9211546785, 1.919480961, 2.7304325987, 385.1304876486, 118.3526898902, 166.0654422633, 170.568417869],
      [0.04680537655, 0.019282287346, 0.004352991709, 0.27947347864, 0, 0.20423737981, 1.1555125063, 1.0408489471, 0.42743236537, 1.5278455374, 0.8351232942, 1.1710858478, 0.17471227122, 0.26217835843, 0.7152742518, 0, 0.32768131563, 0.017490595374, 0.087983201077, 1.0481408114, 0.43262558841, 0.15695862556, 1.1001097011, 0.40196594846, 1.9650360691, 0.3769636097, 1.3830214502, 0.013931591902, 1.0417031556, 1.3163701025, 0.81795926985, 0.037292375346, 0.27169136425, 0.072256177904, 0.46091833317, 0.89557393816, 0.7270426826, 1.1348684243, 1.7404862159, 0.19168168769, 0.03361554874, 0.020462795216, 9.1295659137, 1.950857895, 2.5860158727, 3.0417188386],
      [0.017843892107, 0.018198161945, 0, 0.017588018392, 0, 0.012054426675, 0.021506521189, 0.046812809237, 0.021996069288, 0.046443675142, 0.012196616246, 0.049554781628, 0, 0, 0.034134076874, 0, 0, 0, 0, 0.025763505727, 0.034830205729, 0.0016011309404, 0.12847363596, 0.02497802053, 0.11440038883, 0, 0, 0.012823666856, 0.058836644832, 0.021755234861, 0.02237929973, 0.011184495135, 0.0076662688308, 0, 0.017276959085, 0.024556320036, 0.0093842342802, 0.034696951637, 0.0020819924965, 0.026348825767, 0.003664230714, 0.022453498202, 0.25800043294, 0, 0, 0]
    ],
    [
      [0.67182730135, 0.076615249062, 0.12243192337, 0.050773766596, 0, 0.99393276323, 2.468112887, 6.020203616, 2.9687836086, 3.3135799406, 6.4355632571, 6.4051223269, 0.80147391296, 0.28000298574, 5.0636237781, 0, 1.0309143358, 0.02454264026, 0, 3.5033099285, 0.65788694052, 0.23929223144, 1.8216412749, 0.67897020122, 9.4405585755, 0, 2.8076777023, 0.17903944652, 2.5424840041, 3.287099168, 4.3337590554, 0.099745239441, 0.72057892136, 0.14953308396, 2.7352118575, 3.8624685406, 3.407408234, 4.541114204, 6.5837641558, 0, 0.42364002172, 0.047012824771, 30.6894491492, 4.9195016209, 7.8585471867, 2.2365438301],
      [0.83050576481, 1.3414291659, 1.6714268402, 2.2972916045, 0.47302501361, 5.4690242973, 12.2677890384, 24.4172902184, 7.2928690292, 23.7011509604, 10.3398980689, 17.1206930643, 1.2951550463, 0.55563676636, 8.3086376017, 2.1354146083, 2.2982698852, 0, 0.77073080791, 11.694596153, 7.8720538316, 1.0981435187, 8.3314211825, 6.8046370239, 33.037684006, 5.0297572514, 14.3854618342, 0.26162879098, 15.3464279369, 12.3627038583, 24.5442979588, 0.9673382384, 3.9213467215, 1.2257756885, 12.0632094714, 10.0738855219, 5.572377962, 10.420598576, 14.5739859163, 3.0016794576, 3.3668986027, 0.01734803212, 82.3557274932, 32.0142449192, 53.5458989139, 28.2093087707],
      [6.3282348587, 4.8015198463, 3.1901995738, 18.0300429272, 0.76390899628, 32.4313895305, 72.4528547254, 142.8981124941, 46.8246438816, 164.0600289524, 67.3146049544, 97.9895816158, 13.5297064424, 15.3739876423, 52.0401470656, 0.5873448251, 2.6987863084, 0.94896039837, 0, 49.0879172535, 37.7872913631, 6.9117900662, 75.2418677923, 24.1254938829, 138.2929122675, 29.1583637987, 69.503131572, 5.6981159477, 47.1391516049, 53.3969317554, 64.2214471331, 1.5746085989, 16.5647076384, 8.5512472461, 57.2003158366, 55.6355363898, 24.0409431653, 49.0812339967, 81.8869322918, 13.5252141905, 11.579368516, 0.49797307189, 444.7113694883, 143.0846827166, 253.284987923, 121.5811895921],
      [2.7255309685, 1.5798469487, 1.932553854, 8.7786404396, 1.7158613464, 11.2348852636, 33.037196262, 50.3713753297, 18.0237816271, 70.7612967078, 33.6130173877, 47.0364759737, 1.9673208522, 4.3490824699, 26.4048973958, 0.2772405666, 2.4545085568, 0.024706930451, 1.0316799031, 29.064119314, 22.249505872, 5.314125039, 30.7924408884, 11.8596573074, 85.4290135611, 16.9943929062, 51.9187550755, 0.66301120892, 31.1925734091, 33.4998910074, 39.9249063372, 3.1339396204, 8.8028475748, 1.8280693617, 26.5053858623, 39.6700812481, 19.0636874902, 30.1882040246, 49.0312287773, 5.4347888057, 4.7942687156, 0.1576122162, 261.1622541836, 65.1654955316, 92.2536207916, 74.928697971],
      [0.10386391405, 0.055914100287, 0.083387808655, 0.45519096475, 0.047204643699, 0.55192340906, 1.7718373737, 3.0155825634, 0.94208949859, 4.7877422449, 2.1106642502, 2.6198892152, 0.10058203198, 0.18008015076, 1.7151562637, 0, 0.18903350643, 0.0017900309165, 0.19758928897, 1.8590649865, 1.0863711086, 0.18594900157, 1.2145207456, 0.77818293036, 3.8853071794, 0.85219199676, 2.4928234134, 0.027928089003, 1.534171027, 1.8066322588, 2.5933261572, 0.09119030157, 0.62246642876, 0.10657248623, 1.4406979227, 2.5859603113, 1.558663995, 1.9666901559, 3.8738755726, 0.36961928489, 0.22963714757, 0.0059082887192, 17.1717146542, 2.7706704306, 3.4565221167, 3.2998285304],
      [0.34003719261, 0.14467468984, 0, 1.3880602974, 0, 1.3188447364, 7.0022097135, 10.2774357784, 2.9478323549, 10.3762011938, 4.1862520817, 7.8282378042, 1.3057617141, 0.26120998488, 5.4675378951, 0, 3.3284874074, 0, 0, 3.7909923645, 2.3468908843, 0.25070014317, 3.5981081161, 1.7530586543, 12.9145244105, 0.9652940469, 3.8921504026, 0.17027651689, 4.2451920179, 6.6467419521, 5.3822633583, 0.13317800121, 1.3680527152, 0.13880213346, 5.0551790495, 8.1720679883, 2.3569191535, 4.8021590429, 5.0502132861, 0.66869826133, 0.60618699649, 0.2741455663, 44.9094850315, 14.0454047811, 19.6004230681, 5.7444313056]
    ],
    [
      [0, 0.03620748151, 0, 0, 0, 0.13210298388, 0.15563215029, 1.1463359249, 0.23354416272, 0, 0, 0.55701664537, 0.75988616424, 0, 0, 0, 0.78690890766, 0, 0, 0.37133813653, 0, 0.19186046156, 0.13819508341, 0, 0.89792156904, 0, 0.43685605459, 0, 0.4040977573, 0.81084164353, 0, 0.17706582755, 0.22924580026, 0.40634687517, 0.70946551885, 1.2220416873, 0.62356735037, 0.64467339257, 2.1457325143, 0, 0, 0, 6.2817456421, 0.83648723563, 3.7868147123, 0],
      [0, 0, 0, 0, 0.1026209582, 0.17978634947, 0.45763002662, 1.0177144551, 0.40314212424, 0, 0, 0.37308784313, 0.63852081776, 0, 0, 0.066619427268, 0.6222112696, 0, 0, 0.26125348977, 0, 0.15023377409, 0, 0, 0.61089622232, 0, 0.5414563864, 0.13077790188, 0, 0.47853181228, 0, 0.16013578386, 0.24784147378, 0.33625657872, 0.49310794182, 0.078910392386, 0.41275243167, 0.54038466325, 0.44036500721, 0, 0, 0, 1.0982255626, 0.85751789721, 2.7662990857, 0.14714734333],
      [0.11774719721, 0.31413893417, 0, 1.2639683932, 0.054718336159, 0.65632399771, 5.267153553, 6.848661173, 3.9140943284, 8.2366251909, 5.7370804563, 5.9567155653, 1.9819384604, 0.26554673531, 4.0698830351, 0.21740637831, 0.72643717689, 0.70752716218, 0, 2.2528722266, 1.3500798952, 0.62917767719, 2.6809440326, 1.6377939601, 5.222934141, 0.91213256986, 2.6800976457, 0, 3.1358805993, 3.5992159247, 6.4136418976, 0.0051688761066, 2.2677968785, 1.7392511585, 5.2134495371, 3.6843033298, 0.62055914436, 4.7837646773, 8.5833004616, 0.32355910444, 0.5126337811, 0.25655138745, 32.7209165256, 11.1134429985, 23.0488196311, 10.2485198685],
      [10.7310881547, 10.8121173533, 3.9631408927, 62.3763389209, 1.419601388, 25.6012321878, 199.9770836032, 209.0308136296, 124.4590432948, 320.0427411459, 217.014234441, 232.6508117321, 30.8477367331, 18.4329698879, 170.3961449261, 2.7159741944, 15.4071931993, 5.330838119, 0.28557249005, 119.3273257366, 63.4059160014, 24.9051153466, 108.1272731601, 69.4731350779, 274.4202426027, 33.5840495289, 120.2576574232, 6.8245732434, 180.8537854168, 197.1640374864, 356.7285842252, 13.1376200626, 100.040122197, 46.1423070574, 202.9276153932, 228.3085085711, 171.6791702053, 271.1279733958, 419.2310517069, 25.887217676, 20.8429684206, 4.0674651162, 1619.2475070716, 397.993754433, 711.4118657985, 436.0524547378],
      [17.6950604115, 16.5342712351, 9.0368591073, 112.4976419643, 3.4230593177, 45.9287945896, 365.8967242735, 428.9527675662, 226.4478379546, 736.5494902278, 462.3628990606, 446.9849817725, 27.6152346752, 17.1702083716, 377.1800262656, 0, 11.4572494465, 15.9616347189, 10.71442751, 262.2849627052, 104.9447637534, 24.937440121, 113.8278542053, 157.9539201606, 419.9705202945, 57.248858419, 191.9976216912, 8.5476495244, 304.4230750538, 365.1606462429, 790.7233826072, 10.1916121356, 244.5003106784, 92.1374703646, 380.4794500409, 509.7390274456, 481.5872132323, 604.6254817213, 1131.0313628807, 61.9707339084, 38.0520121896, 6.9736289161, 3635.8346852152, 545.0505727735, 777.3375929322, 627.4178950396],
      [0.45610423655, 0.30326499588, 0, 1.8620507216, 0, 0.5017598915, 6.2457763933, 7.0037072512, 3.5423381352, 8.1711434354, 3.885786042, 6.4773864416, 2.1566831493, 0.13127500516, 6.3539457732, 0, 0, 0, 0, 2.5022477053, 1.2992403499, 0.18617261952, 2.2257335186, 1.9351508013, 6.8774851704, 0.25495948226, 1.086310799, 0.49699933032, 4.1831611728, 5.7867268902, 8.1343912699, 0.32839731421, 2.7146829721, 0.2383679656, 6.1769115681, 6.9672085738, 3.076737636, 7.2777221498, 3.5681874293, 0.81848931121, 0.59238560869, 0.70235458025, 44.8169199829, 12.1482246622, 22.6486078401, 4.1339830107]
    ],
    [
      [0.78668577904, 0.23333229452, 0, 0.95388361134, 0, 1.026799633, 4.3186478703, 15.6571341006, 15.9334038508, 11.8472234297, 17.1793271819, 17.9039433379, 0.75213437091, 1.7723960476, 15.2572215542, 0, 0.49695162221, 0, 0, 9.9515638178, 3.2388977422, 1.3229424983, 8.0401835383, 4.38934213, 16.2331764756, 3.3455506447, 9.8530768642, 0, 11.1742837821, 13.4483691068, 14.9156701211, 0.28036444737, 3.543540819, 1.8232784855, 6.9821941628, 7.7811689152, 11.4700019157, 10.9814187433, 29.6022706632, 1.4329833253, 0.85761435321, 0, 115.3801956999, 17.2448817439, 27.3060319911, 4.6583871529],
      [0.0082372635714, 0.07962603919, 0, 0.11772768434, 0, 0.1252928272, 0.48596564254, 1.4605575043, 0.87134480406, 1.3724607133, 0.57811607009, 1.0860752102, 0.022436799825, 0.088599282282, 0.55641219774, 0, 0.01472339652, 0, 0, 0.74390296116, 0.5134902666, 0.12956021485, 0.83854763655, 0.8423758185, 1.2942412857, 0.77701216905, 1.1535234519, 0, 1.5290439136, 1.1523826458, 2.9798797408, 0.052256994319, 0.42840582093, 0.30564770503, 0.69982553902, 0.46240872225, 0.4224920537, 0.57100471631, 1.4968941095, 0.4497048646, 0.1865676143, 0, 7.1329384152, 2.5633808617, 4.3508732217, 0.89352863954],
      [0.016598081433, 0.069472516053, 0, 0.24183875458, 0, 0.19674552121, 0.75857038848, 2.2641325475, 1.4715051207, 2.5527819832, 0.99421368296, 1.645311854, 0.059706877367, 0.5306191807, 0.90403437846, 0, 0.011284211719, 0, 0, 0.82442186859, 0.66930862911, 0.20979770628, 1.9850017679, 0.78262601188, 1.4359996919, 1.1598651362, 1.4816796473, 0, 1.2417499983, 1.3147528599, 1.8503510841, 0.023150588659, 0.47433375829, 0.52824564568, 0.8769624914, 0.67533009436, 0.47945818774, 0.71078129824, 2.2263208119, 0.51661992758, 0.15838824474, 0, 10.2194284538, 3.0368845574, 5.4549844619, 1.0554469533],
      [0.046234810467, 0.15189947483, 0, 0.72204188459, 0, 0.40723262386, 2.0425790718, 4.7142502398, 3.3647096101, 6.5133698926, 2.9454399613, 4.6558539598, 0.0547476247, 0.92441624295, 2.7229071767, 0, 0.044670518186, 0, 0, 2.8875302065, 2.3474121273, 0.9964050346, 4.8358646873, 2.3017183547, 5.2257886799, 4.0497847612, 6.5343183028, 0, 4.8544715634, 4.8726297905, 6.901487412, 0.27917027705, 1.5114632368, 0.72752551225, 2.4038767021, 2.8434945691, 2.2590246747, 2.5831181246, 7.8589546647, 1.2835164298, 0.40479486001, 0, 35.2646337402, 8.1436649564, 11.7326187162, 3.8379720391],
      [0.013876150039, 0.042060860819, 0, 0.24517835153, 0, 0.13584545907, 0.70610174339, 1.8184763588, 1.1524690813, 2.8314395689, 1.1872497152, 1.688776384, 0.0095180631211, 0.1616314142, 1.1364828774, 0, 0.012688056494, 0, 0, 1.1958670679, 0.72639201474, 0.17860954142, 0.96272127085, 0.98437291538, 1.5056673448, 1.2785263225, 1.9438670837, 0, 1.5415778342, 1.7037302058, 2.8945548226, 0.036724215943, 0.69285262132, 0.27298703746, 0.85076426807, 1.1967142244, 1.1796662897, 1.086025798, 3.9621249886, 0.5741539968, 0.13745219884, 0, 14.9409431375, 2.1047699419, 2.4151106207, 1.0295747523],
