{
  "X": [
    [0, 0, 4, 2, 1],
    [2, 6, 28, 8, 5],
    [1, 5, 63, 11, 10],
    [8, 3, 84, 27, 9],
    [8, 8, 75, 19, 4],
    [4, 5, 59, 21, 16],
    [103, 105, 1159, 438, 174],
    [48, 63, 507, 184, 91],
    [11, 9, 181, 79, 37],
    [185, 226, 3051, 1084, 362],
    [8, 17, 144, 37, 15],
    [6, 12, 70, 20, 18],
    [12, 16, 147, 59, 12],
    [3, 5, 29, 7, 5],
    [19, 16, 184, 50, 19],
    [0, 7, 24, 14, 3],
    [3, 8, 99, 29, 11],
    [5, 5, 47, 15, 4],
    [2, 3, 54, 15, 6],
    [58, 144, 1139, 236, 109],
    [9, 20, 232, 52, 22],
    [8, 10, 164, 36, 16],
    [1, 0, 10, 2, 2],
    [27, 31, 211, 62, 16],
    [7, 16, 71, 36, 9],
    [11, 7, 74, 32, 16],
    [16, 14, 110, 48, 11],
    [286, 442, 2252, 898, 337],
    [20, 21, 204, 81, 10],
    [13, 16, 104, 48, 19],
    [13, 18, 133, 61, 21],
    [106, 141, 983, 477, 161],
    [29, 20, 235, 107, 30],
    [104, 77, 1059, 627, 131],
    [43, 27, 300, 160, 35],
    [16, 24, 165, 69, 18],
    [7, 11, 146, 74, 19],
    [1, 1, 8, 4, 2],
    [0, 2, 7, 3, 1],
    [3, 1, 3, 1, 1],
    [0, 0, 5, 4, 0],
    [3, 3, 31, 6, 7],
    [6, 6, 99, 30, 18],
    [4, 6, 85, 42, 14],
    [8, 5, 43, 20, 7],
    [4, 5, 63, 15, 15],
    [0, 0, 12, 4, 3],
    [2, 3, 28, 22, 11],
    [12, 15, 137, 51, 25],
    [18, 4, 239, 76, 38],
    [10, 16, 215, 113, 40],
    [16, 3, 137, 53, 32],
    [1, 1, 28, 14, 3],
    [3, 0, 17, 7, 1],
    [3, 3, 21, 6, 4],
    [1, 1, 5, 0, 1],
    [1, 0, 7, 2, 1],
    [0, 0, 2, 2, 2],
    [6, 4, 23, 8, 3],
    [0, 3, 14, 8, 6],
    [0, 1, 11, 6, 0],
    [6, 6, 138, 29, 14],
    [9, 18, 287, 81, 48],
    [1, 2, 14, 3, 4],
    [0, 1, 2, 2, 1],
    [33, 29, 200, 110, 45],
    [13, 13, 112, 99, 28],
    [25, 36, 118, 80, 28],
    [24, 23, 126, 58, 21],
    [12, 9, 88, 56, 16],
    [50, 51, 317, 203, 48],
    [15, 20, 169, 80, 19],
    [30, 19, 194, 87, 48],
    [25, 29, 189, 110, 35],
    [14, 8, 89, 53, 15],
    [32, 27, 180, 96, 25],
    [36, 18, 272, 202, 47],
    [46, 27, 317, 250, 36],
    [1, 6, 28, 7, 3],
    [23, 65, 326, 112, 45],
    [144, 277, 2439, 745, 358],
    [96, 134, 1415, 419, 250],
    [1, 2, 7, 3, 2]
  ],
  "W": [
    [1, 0, 1, 5, 0],
    [2, 5, 8, 31, 3],
    [0, 6, 16, 56, 12],
    [4, 5, 35, 77, 10],
    [7, 4, 23, 74, 6],
    [0, 1, 33, 63, 8],
    [98, 85, 535, 1158, 103],
    [49, 48, 218, 512, 66],
    [8, 10, 109, 173, 17],
    [131, 161, 1354, 2963, 299],
    [7, 11, 44, 149, 10],
    [3, 8, 26, 77, 12],
    [8, 12, 59, 150, 17],
    [2, 6, 9, 28, 4],
    [12, 23, 64, 179, 10],
    [2, 4, 15, 24, 3],
    [9, 11, 34, 87, 9],
    [5, 9, 15, 42, 5],
    [3, 2, 21, 51, 3],
    [44, 95, 303, 1158, 86],
    [9, 23, 67, 220, 16],
    [7, 15, 43, 159, 10],
    [3, 0, 1, 10, 1],
    [20, 27, 81, 207, 12],
    [7, 8, 44, 74, 6],
    [4, 5, 54, 71, 6],
    [12, 10, 59, 110, 8],
    [227, 292, 1203, 2282, 211],
    [20, 15, 89, 198, 14],
    [8, 9, 58, 112, 13],
    [15, 10, 66, 136, 19],
    [78, 110, 591, 970, 119],
    [18, 11, 138, 236, 18],
    [61, 64, 758, 1005, 110],
    [28, 19, 213, 275, 30],
    [10, 21, 91, 156, 14],
    [10, 5, 82, 146, 14],
    [0, 2, 2, 10, 2],
    [0, 3, 1, 7, 2],
    [3, 1, 2, 3, 0],
    [0, 0, 9, 0, 0],
    [4, 4, 11, 27, 4],
    [6, 10, 47, 90, 6],
    [6, 5, 48, 87, 5],
    [4, 3, 31, 39, 6],
    [5, 5, 19, 66, 7],
    [1, 0, 4, 11, 3],
    [4, 4, 25, 26, 7],
    [18, 18, 67, 123, 14],
    [13, 10, 94, 238, 20],
    [20, 17, 110, 196, 51],
    [15, 5, 58, 140, 23],
    [3, 3, 14, 25, 2],
    [1, 2, 8, 15, 2],
    [1, 3, 11, 18, 4],
    [1, 0, 0, 5, 2],
    [1, 1, 2, 7, 0],
    [0, 0, 3, 2, 1],
    [6, 2, 9, 25, 2],
    [2, 5, 6, 14, 4],
    [2, 4, 6, 6, 0],
    [6, 4, 37, 141, 5],
    [12, 18, 101, 276, 36],
    [2, 3, 7, 11, 1],
    [0, 0, 0, 6, 0],
    [35, 33, 133, 185, 31],
    [11, 7, 115, 119, 13],
    [17, 13, 102, 140, 15],
    [13, 20, 87, 120, 12],
    [9, 6, 68, 82, 16],
    [48, 52, 245, 287, 37],
    [19, 13, 86, 164, 21],
    [25, 16, 120, 194, 23],
    [22, 10, 150, 186, 20],
    [4, 8, 65, 92, 10],
    [17, 19, 116, 190, 18],
    [25, 20, 263, 232, 35],
    [40, 37, 291, 276, 32],
    [3, 5, 8, 27, 2],
    [10, 60, 146, 323, 32],
    [145, 294, 894, 2324, 306],
    [96, 190, 561, 1268, 199],
    [3, 3, 3, 6, 0]
  ],
  "method": "mult",
  "cond_prob": [
    [
      [1.1102230246e-16, 0, 0.075305401307, 0.45541063889, 0.46928395981],
      [1.1102230246e-16, -0, 0.62396510474, 0.022265770973, 0.35376912429],
      [0, 0, 0.026306494572, 0.94671901444, 0.026974490989],
      [1.3877787808e-18, 0, 0.77967762082, 0.11957406934, 0.10074830984],
      [0, 0, 0, 0, 1]
    ],
    [
      [0.51565806401, 0.096858220208, 0.067053310059, 0.17695597748, 0.14347442824],
      [0.004577845797, 0.63755896725, 0.27390932108, 0.0078911465526, 0.076062719315],
      [0.090393477729, 0.017451761566, 0.11459703332, 0.72710686192, 0.050450865458],
      [0.0071432492049, 0.079599485982, 0.79411062254, 0.050719442846, 0.068427199429],
      [0.00040203193553, 0.003763521782, 0.32071373641, 0.072491562882, 0.60262914699]
    ],
    [
      [0.40831976204, 0.089693319663, 0.12982170052, 0.19395711586, 0.17820810192],
      [0.0026213799325, 0.4774539461, 0.4387486283, 0.0024923152918, 0.078683730373],
      [0.061516982525, 0.02501676296, 0.21019175325, 0.64907691173, 0.054197589537],
      [0, 0.0307254154, 0.9230470555, 0, 0.046227529096],
      [0, 0.0011987378019, 0.44281708917, 0.049984626714, 0.50599954632]
    ],
    [
      [0.61898112909, 0.03150941988, 0.089968251205, 0.16179950444, 0.097741695391],
      [0.010491012803, 0.32097932378, 0.57642307784, 0.0091523221205, 0.082954263452],
      [0.13434417284, 0.003021374592, 0.16886787548, 0.65987211357, 0.033894463515],
      [0.0098907847526, 0.015049058239, 0.90965488497, 0.031831201251, 0.033574070782],
      [0.00079839442406, 0.0004540106417, 0.4804209821, 0.076051390038, 0.44227522279]
    ],
    [
      [0.60050240165, 0.093730179813, 0.088731384973, 0.16166603749, 0.055369996077],
      [0.0064999770462, 0.60000006733, 0.35839569627, 0.0054742694689, 0.029629989877],
      [0.13124725599, 0.016486460122, 0.16555724291, 0.66791727323, 0.018791767744],
      [0.010090187496, 0.06134282268, 0.88680296638, 0.025963460216, 0.015800563226],
      [0.00085375296886, 0.0042218351461, 0.58567690347, 0.093841219896, 0.31540628852]
    ],
    [
      [0.49495317984, 0.088585744422, 0.072858398452, 0.13058798166, 0.21301469563],
      [0.0048045948139, 0.58692536997, 0.29137676307, 0.0042828831883, 0.11261038895],
      [0.11603302996, 0.016731605601, 0.15714685098, 0.6087256458, 0.10136286765],
      [0.0026365939121, 0.061046659789, 0.81482565615, 0.0092606791691, 0.11223041098],
      [0, 0.0018740098134, 0.2735951021, 0.040543502203, 0.68398738588]
    ],
    [
      [0.46651964626, 0.078764005925, 0.09625881606, 0.19728958498, 0.16116794677],
      [0.0055475264591, 0.49255792464, 0.40424332715, 0.0074613003825, 0.090189921364],
      [0.093520440311, 0.010672000076, 0.15412927353, 0.68907970931, 0.05259857677],
      [0.0058212136693, 0.042751069305, 0.85712183647, 0.03633862656, 0.057967253999],
      [0.00034110603709, 0.0019266556187, 0.3902884005, 0.070812000976, 0.53663183687]
    ],
    [
      [0.46749881952, 0.093208989025, 0.089496686452, 0.19109753886, 0.15869796614],
      [0.0053106674935, 0.54881494044, 0.35538704529, 0.0069224219641, 0.083564924809],
      [0.096661980705, 0.014399084837, 0.14610715516, 0.68903141396, 0.053800365336],
      [0.0072887442972, 0.056198167612, 0.83746386098, 0.03789076545, 0.061158461664],
      [0.00050752924341, 0.0026845467349, 0.37762465976, 0.071136730129, 0.54804653414]
    ],
    [
      [0.38729941396, 0.05519769863, 0.10960580996, 0.20369038533, 0.24420669212],
      [0.0044981210834, 0.36835323601, 0.47784594767, 0.0071444361963, 0.14215825903],
      [0.070227154056, 0.005720480101, 0.17288042732, 0.67148024017, 0.079691698348],
      [0.0011668421118, 0.02450512293, 0.87207601483, 0.018508647849, 0.083743372285],
      [0, 0.00070396782238, 0.33126922946, 0.053275899917, 0.6147509028]
    ],
    [
      [0.45253143329, 0.082967411904, 0.10862493249, 0.21253910995, 0.14333711236],
      [0.0049751454784, 0.48569375297, 0.42681796634, 0.0072628757751, 0.075250259441],
      [0.084587543393, 0.010741687086, 0.16685365879, 0.69518233826, 0.042634772469],
      [0.0034881905442, 0.041097140116, 0.8808822495, 0.030672319855, 0.04386009998],
      [0.0001683661561, 0.0020719208461, 0.44173405344, 0.076351451048, 0.47967420851]
    ],
    [
      [0.47243565167, 0.10524080282, 0.096839508096, 0.1932145212, 0.13226951622],
      [0.0044649291818, 0.57820239647, 0.34837451057, 0.0058522659112, 0.06310589786],
      [0.091535217874, 0.016242262073, 0.15852182446, 0.69120324485, 0.042497450749],
      [0.0041185826174, 0.061452134758, 0.86055366189, 0.029643551961, 0.044232068777],
      [0.00026178208686, 0.0032060408857, 0.42925479298, 0.075329141125, 0.49194824293]
    ],
    [
      [0.54395253355, 0.093925270705, 0.064265316672, 0.13496834811, 0.16288853097],
      [0.0061266021657, 0.62137936802, 0.27487729127, 0.0047051019258, 0.092911636619],
      [0.13363135956, 0.02046731229, 0.13185523539, 0.63998495884, 0.074061133919],
      [0.010846905585, 0.080093660626, 0.78672205939, 0.029364096641, 0.092973277755],
      [0.00079187529397, 0.0039856046651, 0.30019591887, 0.054734147413, 0.64029245376]
    ],
    [
      [0.52937896438, 0.086257313461, 0.085968667234, 0.22201304169, 0.076382013238],
      [0.0065860250344, 0.56577417294, 0.37358553336, 0.010825120462, 0.043229148196],
      [0.099078002363, 0.011140527655, 0.12243887948, 0.74695703619, 0.020385554314],
      [0.012142675332, 0.052075913825, 0.83995206811, 0.073590961494, 0.022238381234],
      [0.0011136791355, 0.0030572477357, 0.50661883266, 0.11675793304, 0.37245230742]
    ],
    [
      [0.63690104941, 0.064029908632, 0.065329940211, 0.12229189315, 0.1114472086],
      [0.0082596231256, 0.55730448811, 0.35141159769, 0.0045606483594, 0.078463642717],
      [0.14621155863, 0.012571156914, 0.14824442154, 0.64270658132, 0.050266281588],
      [0.012730510009, 0.050224575048, 0.85468175973, 0.025163465049, 0.057199690164],
      [0.0010704636169, 0.0021711851259, 0.37389536678, 0.059779017576, 0.5630839669]
    ],
    [
      [0.59946530435, 0.051436934292, 0.083575046029, 0.15348508483, 0.11203763049],
      [0.0098239514751, 0.43506248173, 0.46472529845, 0.00766034075, 0.082727927598],
      [0.14207902233, 0.0065728866332, 0.16121010256, 0.64733494281, 0.042803045666],
      [0.013849069286, 0.027608267748, 0.88054774813, 0.032645508579, 0.045349406255],
      [0.00084246326137, 0.0013775037246, 0.43729241038, 0.070900876918, 0.48958674571]
    ],
    [
      [0, 0.28536283099, 0.14629071809, 0.38660003608, 0.18174641484],
      [0, 0.73517282302, 0.22564650782, 0.0042179815, 0.034962687659],
      [0, 0.038119110378, 0.13034129295, 0.80473534365, 0.026804253022],
      [0, 0.12051509455, 0.81570330355, 0.035425180952, 0.028356420945],
      [0, 0.0081447069857, 0.42427795106, 0.096231168062, 0.47134617389]
    ],
    [
      [0.27238699037, 0.091521521299, 0.16248331785, 0.28830624888, 0.18530192159],
      [0.0010987311306, 0.43178922811, 0.48751660391, 0.0053443649035, 0.074251071946],
      [0.015777383654, 0.024466195964, 0.19663152944, 0.72323265833, 0.039892232613],
      [0, 0.01831073189, 0.9341949388, 0.012657879594, 0.034836449719],
      [0, 0.0001933846533, 0.46828175778, 0.072812204252, 0.45871265331]
    ],
    [
      [0.57844655184, 0.051492243551, 0.090588087413, 0.20298750332, 0.076485613872],
      [0.0084985512931, 0.44151246605, 0.4837186172, 0.013688477803, 0.052581887661],
      [0.10550645286, 0.002240852979, 0.14387740427, 0.72660733006, 0.021767959837],
      [0.010569407108, 0.017488294646, 0.89160325879, 0.058397283893, 0.021941755565],
      [0.0009536775616, 0.00016108360261, 0.51761881501, 0.10201406174, 0.37925236208]
    ],
    [
      [0.36446124436, 0.082868282933, 0.13601168039, 0.21841306704, 0.19824572527],
      [0.0027180050935, 0.45773841227, 0.44759928657, 0.0052599892127, 0.086684306854],
      [0.042913345558, 0.024236318164, 0.20404395713, 0.67445930936, 0.054347069781],
      [0, 0.025930904893, 0.92504337739, 0, 0.049025717717],
      [0, 0.0014931652164, 0.41154367967, 0.056865107946, 0.53009804717]
    ],
    [
      [0.48871961692, 0.11200621599, 0.099953224831, 0.1766278632, 0.12269307906],
      [0.0046701422647, 0.58378816037, 0.34980280777, 0.00454643043, 0.057192459174],
      [0.10426297105, 0.018915620869, 0.17435776112, 0.66071737575, 0.041746271211],
      [0.0038337280708, 0.066973663625, 0.87136045498, 0.018538044675, 0.039294108644],
      [0.00025041867089, 0.0037780890749, 0.45936026601, 0.071302820281, 0.46530840596]
    ],
    [
      [0.43157733795, 0.084743860028, 0.12373727832, 0.21160417293, 0.14833735078],
      [0.003849089441, 0.46775069659, 0.45126756276, 0.005233219072, 0.07189943214],
      [0.075033953751, 0.011217193249, 0.189086568, 0.68160979405, 0.043052490946],
      [0, 0.034995132743, 0.91097684414, 0.014531326809, 0.039496696306],
      [0, 0.0017848804433, 0.46396904902, 0.069403144093, 0.46484292644]
    ],
    [
      [0.49646995027, 0.054642666938, 0.10865670272, 0.19884588454, 0.14138479553],
      [0.006016009132, 0.39075176336, 0.50762235326, 0.0077774605541, 0.087832413693],
      [0.092320072949, 0.0059852441099, 0.17336551034, 0.68458704966, 0.043742122949],
      [0.0029107995621, 0.021939749672, 0.90403566049, 0.02729356924, 0.043820221037],
      [0.00018899439295, 0.0010439186577, 0.44286808198, 0.071449625544, 0.48444937942]
    ],
    [
      [0.32141002605, 0, 0.20642199425, 0.25832020654, 0.21384777316],
      [0.006270099448, 0, 0.77954028455, 0.015068614869, 0.19912100114],
      [0.035769921847, 0, 0.10418372705, 0.82073150949, 0.039314841609],
      [0, 0, 0.89870827541, 0.034666834284, 0.066624890308],
      [0, 0, 0.28946753613, 0.057639528036, 0.65289293583]
    ],
    [
      [0.60021348367, 0.086205423125, 0.083395485849, 0.15216295596, 0.07802265139],
      [0.0081235595104, 0.57171848156, 0.36922065105, 0.0052978869002, 0.04563942098],
      [0.14532298369, 0.016525659648, 0.16183650542, 0.64698573867, 0.02932911258],
      [0.01446067466, 0.060180500665, 0.87002662071, 0.026176102118, 0.029156101849],
      [0.0009894071889, 0.0036292055219, 0.51323877328, 0.082449997016, 0.39969261699]
    ],
    [
      [0.43189266414, 0.15655654744, 0.086921974641, 0.20090292579, 0.12372588799],
      [0.0032146566881, 0.69321790231, 0.2517611753, 0.0050564547097, 0.046749810992],
      [0.082444263678, 0.032219331594, 0.13447525229, 0.71273894597, 0.03812220647],
      [0.0043496135246, 0.10681804188, 0.81042243973, 0.036390787766, 0.042019117102],
      [0.00026918247364, 0.0060292099929, 0.41488085579, 0.083299327426, 0.49552142432]
    ],
    [
      [0.564661648, 0.06650027798, 0.074420269705, 0.11661658101, 0.1778012233],
      [0.0072803004154, 0.51199004619, 0.36189197758, 0.0036356153157, 0.1152020605],
      [0.15148059981, 0.014077018515, 0.17614890023, 0.5714215854, 0.086871896041],
      [0.0073673737338, 0.047924560317, 0.8519969754, 0.0056999780143, 0.087011112533],
      [0.00031933017983, 0.0018743124639, 0.31483886122, 0.042315258102, 0.64065223803]
    ],
    [
      [0.56687353715, 0.086132319929, 0.080772652207, 0.17309875793, 0.093122732784],
      [0.0073400732167, 0.57468793883, 0.35695671543, 0.0073309449136, 0.053684327617],
      [0.12725517411, 0.014513380716, 0.14120061378, 0.68489294432, 0.032137887075],
      [0.014615936857, 0.057613679906, 0.84918528536, 0.043166554874, 0.035418543002],
      [0.0010385619176, 0.0032173150925, 0.46499292705, 0.086562588085, 0.44418860785]
    ],
    [
      [0.50979428971, 0.11688438867, 0.08123000089, 0.16156532159, 0.13052599914],
      [0.0056648111924, 0.6280343097, 0.29845136958, 0.0043020283157, 0.063547481211],
      [0.12065042935, 0.026425129173, 0.14884957322, 0.65506533471, 0.049009533548],
      [0.010222328908, 0.087318832261, 0.82507339151, 0.025131258038, 0.052254189286],
      [0.00072393504945, 0.0048825579381, 0.40061362027, 0.069551427634, 0.52422845911]
    ],
    [
      [0.51992399521, 0.093130831038, 0.10252126925, 0.22560127628, 0.058822628216],
      [0.0056205112678, 0.55216927541, 0.40305738469, 0.008669892387, 0.030482936236],
      [0.09403771665, 0.011873989104, 0.14965356235, 0.72905766674, 0.015377065153],
      [0.0057616081658, 0.049244625468, 0.88001242529, 0.049779679088, 0.015201661986],
      [0.00050408772026, 0.0034016696435, 0.59586332766, 0.11538694923, 0.28484396574]
    ],
    [
      [0.52692930306, 0.099753936874, 0.069985920796, 0.16799727664, 0.13533356263],
      [0.0063568593532, 0.62286211797, 0.29056496896, 0.0070707845476, 0.073145269176],
      [0.12149614368, 0.018777602848, 0.12007440207, 0.68850851029, 0.051143341113],
      [0.014860540988, 0.075529039613, 0.79678201565, 0.050756462443, 0.062071941304],
      [0.0012459167046, 0.003681233961, 0.35547129538, 0.0749359489, 0.56466560506]
    ],
    [
      [0.44307473112, 0.11237103755, 0.089394438074, 0.22057143519, 0.13458835806],
      [0.0043657039771, 0.60410857537, 0.32056286094, 0.0080114633449, 0.06295139637],
      [0.082091749271, 0.0163214807, 0.12984958124, 0.73234183164, 0.039395357148],
      [0.0064926828907, 0.067122908771, 0.82481906002, 0.055846567232, 0.045718781083],
      [0.00048219307325, 0.0035481770529, 0.40568369971, 0.088506305624, 0.50177962454]
    ],
    [
      [0.48039730196, 0.098757528004, 0.087429707613, 0.19189016464, 0.14152529779],
      [0.005531800962, 0.57116654989, 0.34251719277, 0.0073170045297, 0.073467451853],
      [0.1008777235, 0.016438210592, 0.14007838995, 0.69535029788, 0.047255378071],
      [0.0084797402051, 0.062238968115, 0.83362667438, 0.042393620205, 0.0532609971],
      [0.00064226681526, 0.0032084940912, 0.39579318483, 0.076923185006, 0.52343286926]
    ],
    [
      [0.53950595659, 0.075906290446, 0.08487253138, 0.17393821951, 0.12577700207],
      [0.0069940625779, 0.52209667434, 0.38773626164, 0.0071959676332, 0.075977033811],
      [0.12021275244, 0.011804928856, 0.14767909269, 0.67573528833, 0.044567937681],
      [0.011056419644, 0.047539967617, 0.8532300454, 0.038942985911, 0.049230581429],
      [0.00073795668925, 0.002339489688, 0.41473278061, 0.074885663366, 0.50730410965]
    ],
    [
      [0.47809190419, 0.071749868056, 0.10036366825, 0.22302600694, 0.12676855256],
      [0.005998774157, 0.46895433292, 0.44153400861, 0.0095677292957, 0.073945155025],
      [0.089126509831, 0.0075215160399, 0.14188237348, 0.7257987967, 0.035670803942],
      [0.0068062448179, 0.036532113678, 0.86364303949, 0.05260275658, 0.040415845436],
      [0.00049365276976, 0.0017645212449, 0.44646859909, 0.088743823972, 0.46252940292]
    ],
    [
      [0.54452570488, 0.077406760655, 0.093056051349, 0.17886200125, 0.10614948187],
      [0.0068671973901, 0.51404313069, 0.40982942899, 0.006966980306, 0.062293262626],
      [0.11806938586, 0.011699180802, 0.16198734499, 0.67342226403, 0.034821824317],
      [0.0089209695148, 0.045451772533, 0.87626788055, 0.032790021961, 0.036569355441],
      [0.0006919236078, 0.0024876087021, 0.47102332589, 0.080109768741, 0.44568737306]
    ],
    [
      [0.51516094252, 0.097837090987, 0.093644820752, 0.18143218993, 0.11192495581],
      [0.0054400313999, 0.57063483829, 0.36121026896, 0.0055569431408, 0.057157918212],
      [0.10729381493, 0.017196284957, 0.16204094539, 0.67664137697, 0.036827577749],
      [0.0061830829375, 0.060419268301, 0.86732568784, 0.028190215958, 0.037881744969],
      [0.00041798700908, 0.003430692862, 0.45925734367, 0.078353092948, 0.45854088351]
    ],
    [
      [0.31946671376, 0.10380555723, 0.12042118363, 0.28394057633, 0.17236596905],
      [0.0027621683963, 0.52074213688, 0.39337692242, 0.0085816186791, 0.074537153618],
      [0.04572012713, 0.010172081321, 0.1439800483, 0.75963909142, 0.040488651825],
      [0.00029090134116, 0.044491190011, 0.85758570789, 0.052103192438, 0.04552900832],
      [0, 0.0020292380959, 0.41535901705, 0.087158182208, 0.49545356264]
    ],
    [
      [1, 0, 0, 0, 0],
      [0.055981883788, 0.5, 0.30763427002, 0.040664858855, 0.095718987333],
      [0.1889191085, 0, 0.019044821872, 0.77642228467, 0.015613784959],
      [0.050989667872, 0, 0.68833462656, 0.20641792969, 0.054257775882],
      [0.0001506683546, 0, 0.2316477753, 0.15082320804, 0.6173783483]
    ],
    [
      [4.1633363423e-17, 0.10324536924, 0.09065540287, 0.70229534928, 0.10380387861],
      [7.3703668582e-36, 0.62648283112, 0.28220294446, 0.05892736607, 0.032386858349],
      [0, 0, 0.018077338554, 0.97963159509, 0.0022910663518],
      [7.2421486769e-20, 0.017221643807, 0.77915560683, 0.19558076198, 0.0080419873832],
      [0, 0, 0.34061229013, 0.23726048641, 0.42212722346]
    ],
    [
      [0.77498566813, 0.050122769459, 0.015257122192, 0, 0.15963444022],
      [0.01322952576, 0.70538614779, 0.20579100475, 0, 0.075593321703],
      [0.26926269391, 0.0099533584003, 0.13124020645, 0.5, 0.089543741245],
      [0.041096027349, 0.041446275677, 0.82865240526, 0, 0.088805291713],
      [0.00026798281732, 0.0010246077751, 0.15808020789, 0.014890955386, 0.82573624613]
    ],
    [
      [0, 0, 0.73821650025, 0.26178349975, 0],
      [0, -0, 0.99762402261, 0.0023759773876, 0],
      [0, 0, 0.55555555556, 0.44444444444, 0],
      [0, 0, 0.99713938556, 0.0028606144362, 0],
      [0, 0, 0.97720075599, 0.022799244008, -0]
    ],
    [
      [0.50616841388, 0.064786901444, 0.10767692883, 0.11224562938, 0.20912212647],
      [0.00074780454362, 0.45484784189, 0.42907388833, 0, 0.11533046523],
      [0.088394102391, 0.083519888146, 0.24178134427, 0.49497506159, 0.091329603599],
      [0, 0, 0.91836333644, 0, 0.081636663564],
      [0, 0.0006855642626, 0.34939796516, 0.026572951236, 0.62334351934]
    ],
    [
      [0.41132130928, 0.052977041478, 0.11558550598, 0.17001980031, 0.25009634295],
      [0.0040301124053, 0.35508763678, 0.49408375722, 0.0031494230633, 0.14364907053],
      [0.074293000432, 0.019529461398, 0.20892706721, 0.61052904431, 0.086721426648],
      [0, 0.013436325706, 0.90592169237, 0, 0.080641981921],
      [0, 0.00068456401655, 0.33552081991, 0.04225364746, 0.62154096861]
    ],
    [
      [0.30352778911, 0.079553035606, 0.11385138538, 0.26562303809, 0.23744475181],
      [0.002814145284, 0.45603652093, 0.41729796553, 0.0091090857652, 0.11474228249],
      [0.04451822249, 0.0069598621432, 0.14213737261, 0.74549199699, 0.060892545759],
      [0.00032055010771, 0.033356312919, 0.84742790811, 0.048631186078, 0.07026404278],
      [0, 0.00128531497, 0.33631599372, 0.069237459634, 0.59316123168]
    ],
    [
      [0.6152999272, 0.079900848762, 0.075007072386, 0.12286006282, 0.10693208883],
      [0.0074273156647, 0.59052842493, 0.33499115411, 0.0037463333403, 0.063306771954],
      [0.1615580174, 0.018063359331, 0.172005198, 0.60157742883, 0.046795996443],
      [0.012851390231, 0.059720645071, 0.8679090827, 0.012681578682, 0.046837303313],
      [0.001169264314, 0.0032903388501, 0.41906381413, 0.058973147723, 0.51750343498]
    ],
    [
      [0.43839288919, 0.064739259834, 0.089944547565, 0.16779379083, 0.23912951258],
      [0.004682761035, 0.45354961183, 0.39654019498, 0.0056824815681, 0.13954495059],
      [0.087308368161, 0.0090212820101, 0.15788225433, 0.65805250015, 0.087735595342],
      [0.0019054962699, 0.033809599238, 0.84125420137, 0.019731387538, 0.10329931559],
      [0, 0.00081681911539, 0.29214802355, 0.046764222509, 0.66027093483]
    ],
    [
      [0, 0, 0.19636639266, 0.44095208621, 0.36268152113],
      [0, 0, 0.79730935207, 0.014884937919, 0.18780571001],
      [0, 0, 0.14818376335, 0.80206152066, 0.049754715987],
      [0, 0, 0.92554952163, 0.015988661622, 0.05846181675],
      [0, 0, 0.34328460534, 0.058308851099, 0.59840654356]
    ],
    [
      [0.27834823101, 0.076952394447, 0.10040943964, 0.26569141091, 0.27859852399],
      [0.0019708110357, 0.4748206095, 0.37701780571, 0.010420936232, 0.13576983752],
      [0.035148953273, 0.0017275807083, 0.11640081042, 0.76151533319, 0.085207322408],
      [0, 0.028835325635, 0.81701997677, 0.053519292591, 0.10062540501],
      [0, 0, 0.27682162317, 0.066595096318, 0.65658328052]
    ],
    [
      [0.40831159428, 0.08107200198, 0.11533563063, 0.19838307211, 0.19689770101],
      [0.0032595383587, 0.4670542973, 0.42642231978, 0.0042546905575, 0.099009154006],
      [0.068533128545, 0.014410425244, 0.18544155513, 0.6693120611, 0.062302829979],
      [0, 0.033787531263, 0.88989116734, 0.013758680942, 0.062562620451],
      [0, 0.00088298402443, 0.38336850824, 0.058306744471, 0.55744176326]
    ],
    [
      [0.51296963897, 0.017627658294, 0.096511446811, 0.18870225763, 0.18418899829],
      [0.0093809542448, 0.17795313052, 0.6396137858, 0.01113395102, 0.16191817842],
      [0.10296977784, 0.0016296167549, 0.15697826193, 0.67640674855, 0.06201559492],
      [0.0065186124687, 0.0077046973723, 0.87955881149, 0.036131004558, 0.070086874114],
      [0.00034981332945, 0.0002203593723, 0.36291297889, 0.062705884588, 0.57381096382]
    ],
    [
      [0.29772200866, 0.084217321825, 0.12546193086, 0.32487123137, 0.16772750729],
      [0.0026297124789, 0.45582024684, 0.44978517333, 0.012590428597, 0.079174438745],
      [0.036371406497, 0.0067173244961, 0.13311962941, 0.79023141704, 0.033560222556],
      [0, 0.029733692207, 0.85956982777, 0.071793712637, 0.038902767384],
      [0, 0, 0.42599152858, 0.10375518696, 0.47025328445]
    ],
    [
      [0.52758946465, 0.020444724668, 0.081477979836, 0.19335006645, 0.1771377644],
      [0.010286753889, 0.22298466687, 0.59058648974, 0.012432654146, 0.16370943535],
      [0.10800781198, 0.0018763811809, 0.12755208742, 0.70028617787, 0.062277541554],
      [0.012444996917, 0.010486394213, 0.84066693761, 0.05565921693, 0.080742454329],
      [0.0012161564206, 6.4369448509e-05, 0.33623937033, 0.070812915051, 0.59166718875]
    ],
    [
      [0.27484850964, 0.03854399322, 0.15062411826, 0.35716143545, 0.17882194343],
      [0.0016264674629, 0.2756407373, 0.61352562563, 0.015009745882, 0.094197423726],
      [0.012183933477, 0.0041032720322, 0.15567422428, 0.79808303092, 0.029955539283],
      [0, 0, 0.90626497543, 0.06113953248, 0.032595492086],
      [0, 0, 0.43574362125, 0.090917855538, 0.47333852321]
    ],
    [
      [0.80969696507, 0, 0.048171017309, 0.11195322685, 0.03017879077],
      [0.028620826008, 0, 0.88375562067, 0.021128662812, 0.06649489051],
      [0.19566250299, 0, 0.10697606576, 0.68853849569, 0.0088229355578],
      [0.037276936058, 0, 0.88025020066, 0.074779575776, 0.0076932875095],
      [0.00430365908, 0, 0.5623781027, 0.10789392267, 0.32542431555]
    ],
    [
      [0.70734956287, 0.059686673908, 0.061311114832, 0.079473524073, 0.092179124316],
      [0.0062903408291, 0.58683488999, 0.3399004843, 0, 0.066974284887],
      [0.20670721951, 0.019693438717, 0.19585030982, 0.52378821668, 0.053960815268],
      [0, 0.052834971016, 0.89687888014, 0, 0.050286148846],
      [0, 0.0030378379907, 0.40520354545, 0.039714023101, 0.55204459346]
    ],
    [
      [0.96273711018, 0.030070978284, 0.0071919115342, 0, 0],
      [0, 1, 0, 0, 0],
      [0.50764399802, 0.084742780985, 0.33366036419, 0, 0.073952856802],
      [0, 0.17482047126, 0.82517952874, 0, 0],
      [0.018631444909, 0.047913332699, 0.43345522239, 0, 0.5]
    ],
    [
      [0.76210892687, 0, 0.035162211055, 0.095305153945, 0.10742370813],
      [0.013070463254, 0, 0.73926263623, 0.016223350525, 0.23144354999],
      [0.09588792405, 0, 0.095106742142, 0.75966522654, 0.04934010727],
      [0.004720680253, 0, 0.86219452406, 0.052734434636, 0.080350361049],
      [0.00013692017752, 0, 0.12129129839, 0.022757367637, 0.8558144138]
    ],
    [
      [0, 0, 0.10300360862, 0.25973174843, 0.63726464295],
      [0, -0, 0.59702215775, 0.010817451184, 0.39216039106],
      [0, 0, 0.1107638004, 0.66666666667, 0.22256953293],
      [0, 0, 0.80384658048, 0, 0.19615341952],
      [0, 0, 0.060015437843, 0, 0.93998456216]
    ],
    [
      [0.62071859356, 0.09253580469, 0.056831503267, 0.14116627655, 0.08874782193],
      [0.0084772096345, 0.66473597193, 0.27285838083, 0.0054065837104, 0.04852185389],
      [0.15238416477, 0.018875956624, 0.12267101605, 0.67058940284, 0.035479459712],
      [0.035277447217, 0.077489533945, 0.80759466897, 0.038149453237, 0.041488896628],
      [0.0026701780022, 0.0040956348859, 0.40969417496, 0.076574108389, 0.50696590376]
    ],
    [
      [8.4412431303e-36, 0.10385155115, 0.10920810611, 0.43820166782, 0.34873867492],
      [0, 0.51397368697, 0.32140059315, 0.02736999557, 0.13725572432],
      [0, 0, 0.072940207209, 0.86343193809, 0.063627854703],
      [1.0137594511e-19, 0.015887747347, 0.77236650038, 0.10257092362, 0.10917482864],
      [0, 0, 0.23095214335, 0.092540531811, 0.67650732484]
    ],
    [
      [1.1535911115e-16, 0.070389468231, 0.33698633333, 0.59262419844, 0],
      [0, 0.21480526588, 0.78519473412, 0, 0],
      [0, 0, 0.20746908249, 0.79253091751, 0],
      [0, 0, 0.99007231699, 0.0099276830051, 0],
      [5.5511151231e-17, 0.0013073627121, 0.86468166424, 0.13401097305, 0]
    ],
    [
      [0.45748106808, 0.057660592075, 0.11188277371, 0.19494442951, 0.17803113662],
      [0.0052466681371, 0.3935469472, 0.49010341917, 0.0072477081406, 0.10385525736],
      [0.084179086291, 0.0076450583246, 0.1791630215, 0.67337803805, 0.055634795831],
      [0.00084265661279, 0.026884087265, 0.89889587116, 0.018299454248, 0.055077930717],
      [0.00013722876034, 0.0012650392705, 0.39898801048, 0.061226426702, 0.53838329479]
    ],
    [
      [0.32737779905, 0.07969743772, 0.1294244003, 0.24097234303, 0.2225280199],
      [0.0029629837514, 0.42711838171, 0.4579166045, 0.0066844762053, 0.10531755384],
      [0.049684482216, 0.010878330615, 0.17829312549, 0.70012850577, 0.061015555916],
      [0, 0.02981565187, 0.88866795436, 0.018278720988, 0.063237672782],
      [0, 0.00076857134304, 0.38679020105, 0.061947367692, 0.55049385992]
    ],
    [
      [0.37898840839, 0.07572769278, 0.12398826075, 0.093271780829, 0.32802385725],
      [0, 0.45203090823, 0.40191122517, 0, 0.14605786661],
      [0.03457474046, 0.070241834618, 0.35205379424, 0.40023646918, 0.1428931615],
      [0, 0, 0.8935172123, 0, 0.1064827877],
      [0, 0.00075904743466, 0.253223908, 0.011801154098, 0.73421589046]
    ],
    [
      [0, 0.011126201312, 0.0010072950053, 0.96366392218, 0.024202581498],
      [0, 1, 0, 0, 0],
      [0, 0, 0, 1, 0],
      [0, 0.16666666667, 0.33333333333, 0.33333333333, 0.16666666667],
      [0, 0, 0, 0, 1]
    ],
    [
      [0.48876762655, 0.076650098429, 0.084862437374, 0.19101532107, 0.15870451658],
      [0.0066715098618, 0.50967136196, 0.38166527568, 0.008895352495, 0.093096500002],
      [0.10337716597, 0.0094429000764, 0.1364926951, 0.69535457758, 0.055332661271],
      [0.010233370426, 0.044281069863, 0.8370235834, 0.0448178839, 0.063644092407],
      [0.0009882787758, 0.0016189669527, 0.36877320052, 0.072498380353, 0.55612117339]
    ],
    [
      [0.38044023447, 0.097760202698, 0.082809221745, 0.23185116393, 0.20713917716],
      [0.0040339543239, 0.5645430387, 0.31910050288, 0.0091364006969, 0.1031861034],
      [0.069659878068, 0.010730870858, 0.097165047752, 0.75834308126, 0.064101122063],
      [0.0064766836657, 0.056408076734, 0.78771411738, 0.068875058566, 0.080526063654],
      [0.00040833896253, 0.0020173245719, 0.30334112161, 0.075392005984, 0.61884120887]
    ],
    [
      [0.50279860758, 0.15134397935, 0.054097640395, 0.15394186762, 0.13781790505],
      [0.0055923303988, 0.74023824057, 0.18914021122, 0.0053113875087, 0.059717830309],
      [0.13255048164, 0.040898548295, 0.088769055643, 0.68079994667, 0.056981967754],
      [0.020243892637, 0.13946643836, 0.72082035805, 0.048449972951, 0.071019338],
      [0.0016952853071, 0.0071401284703, 0.31014823766, 0.072623295953, 0.60839305261]
    ],
    [
      [0.59310046505, 0.085185448642, 0.071585940973, 0.12937637528, 0.12075177005],
      [0.0086765814088, 0.58548250434, 0.32890847585, 0.0035749829886, 0.073357455414],
      [0.16203164631, 0.021531501444, 0.15220609152, 0.61079611359, 0.053434647139],
      [0.016699119851, 0.068883081626, 0.83808503397, 0.019777102992, 0.05655566156],
      [0.0012928929258, 0.0036440550093, 0.38992326764, 0.06117443503, 0.5439653494]
    ],
    [
      [0.49828679076, 0.085408624978, 0.087710161035, 0.20016249507, 0.12843192816],
      [0.0057602373454, 0.54917218374, 0.36664320745, 0.0082082631128, 0.070216108353],
      [0.099378997228, 0.011448437531, 0.13425038706, 0.71545278795, 0.039469390224],
      [0.0086537258291, 0.050249571266, 0.84495086129, 0.050654399949, 0.045491441666],
      [0.00084250810108, 0.0023331673052, 0.41223452249, 0.084052349313, 0.50053745279]
    ],
    [
      [0.48843619154, 0.090728839675, 0.091126147982, 0.2070943069, 0.1226145139],
      [0.0058881997707, 0.54684736393, 0.37228529087, 0.0094394319393, 0.065539713493],
      [0.097465407927, 0.012519202041, 0.13772511011, 0.71543114682, 0.036859133104],
      [0.0081727026656, 0.052411337544, 0.84827772691, 0.049080293901, 0.042057938977],
      [0.00065637326255, 0.0026944431435, 0.43429054517, 0.086539121278, 0.47581951715]
    ],
    [
      [0.4320935821, 0.10838797369, 0.10347733486, 0.24459197959, 0.11144912977],
      [0.0040214506698, 0.57291204903, 0.36292511647, 0.0087355269816, 0.05140585685],
      [0.072612890516, 0.013609574509, 0.14079602403, 0.74507161881, 0.027909892137],
      [0.0029939679904, 0.056433535232, 0.85519763561, 0.055328025842, 0.030046835324],
      [0.00010589269698, 0.0032023179398, 0.47404922936, 0.099487384841, 0.42315517516]
    ],
    [
      [0.51066119059, 0.066743531904, 0.078656894121, 0.15332878959, 0.1906095938],
      [0.0071881553316, 0.48407428948, 0.38139835448, 0.0060627132408, 0.12127648747],
      [0.12315532528, 0.010573729017, 0.1470755812, 0.63958350882, 0.079611855694],
      [0.011953479766, 0.042690083405, 0.82980578488, 0.026223889949, 0.089326762],
      [0.00090633228425, 0.0015434525244, 0.31738312891, 0.053579180007, 0.62658790627]
    ],
    [
      [0.44198345918, 0.13402718137, 0.088244446514, 0.17685648277, 0.15888843016],
      [0.0039129808202, 0.64389782542, 0.28043976604, 0.0045478921661, 0.067201535555],
      [0.094798295809, 0.025620465408, 0.1542719822, 0.66840736618, 0.056901890402],
      [0.0054375729358, 0.084322110845, 0.8260973774, 0.024150682653, 0.059992256163],
      [0.0003050576173, 0.0042720663577, 0.37296574947, 0.065527327845, 0.55692979871]
    ],
    [
      [0.60392471174, 0.053502707142, 0.065325173374, 0.15937432016, 0.11787308759],
      [0.01051167972, 0.49271021947, 0.3933896807, 0.010809674064, 0.092578746043],
      [0.14782385324, 0.0057484347618, 0.10588361277, 0.69495229701, 0.045591802216],
      [0.020378217932, 0.037577117703, 0.81564847834, 0.068479965264, 0.057916220756],
      [0.0016861205175, 0.0013564327438, 0.36694870228, 0.080396921692, 0.54961182277]
    ],
    [
      [0.58994663117, 0.082909194434, 0.06501348924, 0.1620708312, 0.10005985395],
      [0.0092061009717, 0.59669880524, 0.3217562322, 0.0089888790578, 0.063349982534],
      [0.14839414606, 0.015227763461, 0.11010586771, 0.68883315221, 0.037439070563],
      [0.023932153235, 0.06540330176, 0.80360029604, 0.061057100711, 0.046007148259],
      [0.0019534052481, 0.0033454721817, 0.4069480761, 0.087139576469, 0.50061347]
    ],
    [
      [0.47046466761, 0.060350436129, 0.10439786263, 0.2121824347, 0.15260459893],
      [0.0059631276238, 0.41634518166, 0.4761562697, 0.0088881579971, 0.092647263016],
      [0.087558130688, 0.0050787229284, 0.1584599176, 0.70291174532, 0.045991483458],
      [0.0046713427875, 0.029261078352, 0.87741873882, 0.03882933762, 0.04981950242],
      [0.00021659599281, 0.0011446044468, 0.41802349441, 0.075528017842, 0.5050872873]
    ],
    [
      [0.4853854783, 0.062737495987, 0.10303797979, 0.24242458111, 0.10641446481],
      [0.0063096065016, 0.4362834396, 0.47980745063, 0.012764890241, 0.064834613028],
      [0.084883809515, 0.0019670719817, 0.13336809517, 0.75384548288, 0.025935540453],
      [0.0059278899605, 0.028027939226, 0.87224461115, 0.062427207552, 0.031372352116],
      [0.00043247592693, 0.0012463663278, 0.48674927391, 0.10099284415, 0.41057903968]
    ],
    [
      [0.3119487349, 0.15872872241, 0.12710398299, 0.24348263536, 0.15873592434],
      [0, 0.63724529917, 0.31165302035, 0.0010603550249, 0.050041325453],
      [0.0080192244115, 0.05270543901, 0.16791197972, 0.73285177461, 0.038511582251],
      [0, 0.070685945934, 0.88367880699, 0.0096063587336, 0.036028888344],
      [0, 0.0037116423283, 0.42889966139, 0.071032218069, 0.49635647821]
    ],
    [
      [0.4956604709, 0.1071702445, 0.086996206745, 0.17611772437, 0.13405535349],
      [0.0051337029043, 0.59875972886, 0.3245464133, 0.0049457369116, 0.066614418022],
      [0.10708979664, 0.021964728598, 0.15064696264, 0.67334741384, 0.046951098277],
      [0.006463009071, 0.076338141923, 0.83798585714, 0.028864689715, 0.050348302157],
      [0.000397214906, 0.0043326127181, 0.40604264794, 0.072189416977, 0.51703810746]
    ],
    [
      [0.43553946376, 0.0899620409, 0.10725795754, 0.21077837683, 0.15646216098],
      [0.0044037808301, 0.50548127562, 0.40462443695, 0.0066034386447, 0.078887067963],
      [0.081756142781, 0.011821664775, 0.16494509154, 0.69399343519, 0.047483665719],
      [0.0027774487493, 0.044804494516, 0.87281910307, 0.03002424636, 0.049574707304],
      [2.3802783451e-05, 0.0021235146196, 0.42024674616, 0.072840669276, 0.50476526716]
    ],
    [
      [0.45347673484, 0.070756546885, 0.11082357834, 0.18827548533, 0.1766676546],
      [0.0047252667147, 0.4370463535, 0.45552610356, 0.004729448231, 0.097972827992],
      [0.08965503625, 0.0082088811399, 0.1853529672, 0.65800760173, 0.058775513685],
      [0.0010031210123, 0.031105752691, 0.89362669449, 0.015038203307, 0.0592262285],
      [0, 0.00060948544238, 0.40557444016, 0.059378150157, 0.53443792424]
    ],
    [
      [0.29681721814, 0.11272191282, 0.10441731666, 0.20154949829, 0.28449405409],
      [0, 0.51809181467, 0.35079291681, 0.0028357405851, 0.12827952794],
      [0.036516115192, 0.0047754184294, 0.13960721335, 0.74529253477, 0.073808718261],
      [0, 0.015538760373, 0.86925794326, 0.025161113177, 0.090042183191],
      [9.3454046158e-05, 0.0010216270456, 0.19658279834, 0.035853030751, 0.76644908982]
    ]
  ],
  "expected_outcome": [
    [
      [1.1102230246e-16, 1.031316128, 0, 2.4759245163, 4.2035168115, 0, 45.7189253337, 22.9074421563, 3.0983953117, 59.2816177608, 3.3070495617, 1.6318576006, 4.235031715, 1.2738020988, 7.1935836522, 0, 2.4514829133, 2.8922327592, 1.0933837331, 21.5036631443, 3.8841960415, 3.4752896519, 0.96423007815, 12.0042696735, 3.023248649, 2.258646592, 6.8024824458, 115.7233037638, 10.3984799042, 4.2154344245, 6.6461209668, 37.4709895528, 9.7111072187, 29.1636061558, 15.2467197365, 5.1516094252, 3.1946671376, 0, 0, 2.3249570044, 0, 2.0246736555, 2.4679278557, 1.8211667347, 2.4611997088, 2.191964446, 0, 1.113392924, 7.349608697, 6.6686053066, 5.9544401732, 7.9138419698, 0.82454552893, 0.80969696507, 0.70734956287, 0.96273711018, 0.76210892687, 0, 3.7243115614, 1.6882486261e-35, 2.307182223e-16, 2.7448864085, 3.9285335886, 0.75797681678, 0, 17.1068669293, 4.1848425792, 8.5475763289, 7.7103060457, 4.4845811168, 23.4449371941, 8.2097780598, 12.7665297646, 9.7236361021, 2.4156988469, 10.0290927299, 11.7616166902, 19.4154191319, 0.93584620471, 4.956604709, 63.1532222446, 43.5337665446, 0.89045165443],
