{
  "X": [
    [18, 1, 45, 24, 12],
    [15, 2, 40, 26, 17],
    [21, 1, 36, 25, 17],
    [19, 2, 35, 29, 15],
    [18, 3, 41, 26, 12],
    [15, 2, 51, 22, 10],
    [9, 2, 48, 22, 19],
    [21, 4, 46, 18, 11],
    [14, 1, 50, 21, 14],
    [15, 2, 44, 30, 9],
    [27, 5, 38, 20, 10],
    [14, 0, 44, 22, 20],
    [22, 3, 39, 22, 14],
    [23, 1, 27, 19, 30],
    [28, 6, 29, 18, 19],
    [28, 5, 25, 19, 23],
    [28, 5, 28, 16, 23],
    [35, 5, 30, 16, 14],
    [27, 5, 27, 12, 29],
    [28, 4, 28, 12, 28],
    [27, 2, 36, 12, 23],
    [20, 4, 30, 17, 29],
    [29, 3, 29, 17, 22],
    [30, 7, 26, 17, 20],
    [26, 4, 29, 14, 27],
    [28, 2, 19, 36, 15],
    [27, 4, 21, 30, 18],
    [30, 0, 25, 32, 13],
    [30, 2, 21, 30, 17],
    [26, 2, 23, 41, 8],
    [31, 2, 22, 29, 16],
    [35, 3, 20, 31, 11],
    [42, 2, 18, 32, 6],
    [26, 1, 22, 34, 17],
    [25, 1, 22, 40, 12],
    [32, 1, 20, 32, 15],
    [34, 1, 22, 33, 10],
    [40, 1, 22, 23, 14],
    [55, 2, 24, 14, 5],
    [51, 2, 20, 16, 11],
    [41, 1, 24, 23, 11],
    [36, 0, 25, 22, 17],
    [51, 2, 21, 20, 6],
    [35, 2, 27, 27, 9],
    [49, 0, 22, 21, 8],
    [48, 3, 21, 15, 13],
    [50, 3, 24, 12, 11],
    [47, 3, 26, 17, 7],
    [35, 2, 28, 25, 10],
    [48, 1, 23, 15, 13]
  ],
  "W": [
    [63, 12, 13, 12],
    [63, 9, 15, 13],
    [63, 13, 10, 14],
    [60, 10, 17, 13],
    [60, 10, 12, 18],
    [71, 15, 7, 7],
    [68, 18, 8, 6],
    [62, 16, 12, 10],
    [66, 12, 13, 9],
    [67, 12, 13, 8],
    [58, 16, 9, 17],
    [63, 17, 9, 11],
    [31, 49, 10, 10],
    [10, 71, 11, 8],
    [7, 60, 17, 16],
    [18, 52, 11, 19],
    [19, 63, 9, 9],
    [14, 51, 14, 21],
    [8, 67, 12, 13],
    [14, 63, 13, 10],
    [15, 60, 11, 14],
    [8, 68, 11, 13],
    [15, 57, 12, 16],
    [15, 57, 14, 14],
    [13, 68, 7, 12],
    [10, 14, 62, 14],
    [10, 13, 65, 12],
    [4, 13, 72, 11],
    [9, 10, 61, 20],
    [12, 14, 60, 14],
    [13, 11, 70, 6],
    [10, 9, 66, 15],
    [15, 9, 61, 15],
    [17, 12, 61, 10],
    [15, 10, 60, 15],
    [8, 12, 68, 12],
    [10, 13, 63, 14],
    [17, 18, 35, 30],
    [13, 11, 9, 67],
    [13, 11, 18, 58],
    [13, 7, 17, 63],
    [18, 9, 10, 63],
    [9, 15, 14, 62],
    [14, 13, 11, 62],
    [8, 18, 14, 60],
    [12, 10, 17, 61],
    [7, 12, 14, 67],
    [20, 9, 7, 64],
    [10, 14, 12, 64],
    [12, 17, 13, 58]
  ],
  "method": "mcmc",
  "mcmc_stepsize": 3000,
  "mcmc_samples": 1000,
  "burn_in": 10000,
  "cond_prob": [
    [
      [0.091594732745, 0.011353885942, 0.55218159731, 0.25351103687, 0.091358747134],
      [0.16517164145, 0.0056659221764, 0.36565657934, 0.21081250476, 0.25269335227],
      [0.32051033659, 0.014213534539, 0.16517606499, 0.3433654401, 0.15673462377],
      [0.50673648033, 0.002661514211, 0.30644929771, 0.086275324888, 0.097877382861]
    ],
    [
      [0.075260920985, 0.018313596413, 0.5232408242, 0.24196589216, 0.14121876624],
      [0.19904788834, 0.080104097, 0.27444751102, 0.11690262485, 0.3294978788],
      [0.23704479892, 0.0047924430855, 0.071227338879, 0.50475808787, 0.18217733125],
      [0.37780453839, 0.0041092235933, 0.26903003024, 0.16405029633, 0.18500591144]
    ],
    [
      [0.13449483106, 0.0064209474142, 0.46098463259, 0.25741900915, 0.14068057979],
      [0.19182171136, 0.028262029857, 0.19631728116, 0.2023422949, 0.38125668273],
      [0.28908919248, 0.0078030204083, 0.12350628795, 0.43389063129, 0.14571086787],
      [0.51016081935, 0.010717408621, 0.22648432945, 0.12951759124, 0.12311985135]
    ],
    [
      [0.094427942638, 0.016213991037, 0.46652024599, 0.29949353703, 0.1233442833],
      [0.25858852955, 0.056856879491, 0.26080322054, 0.12309242245, 0.30065894797],
      [0.26226242679, 0.026289546244, 0.07662875116, 0.49019375023, 0.14462552558],
      [0.48384437622, 0.00089765051766, 0.23831263582, 0.11278229229, 0.16416304516]
    ],
    [
      [0.10011725423, 0.017121995385, 0.51438094216, 0.24329259579, 0.12508721244],
      [0.10116985595, 0.15267020735, 0.30269371441, 0.19882662171, 0.24463960057],
      [0.29385360558, 0.036794930767, 0.16768160965, 0.49836811055, 0.0033017434576],
      [0.41416794, 0.00024661300927, 0.28322372281, 0.19076448384, 0.11159724034]
    ],
    [
      [0.10425239618, 0.018523795356, 0.58471732762, 0.21634095893, 0.076165521916],
      [0.17404166223, 0.037076837404, 0.4231564561, 0.15821602901, 0.20750901525],
      [0.21517931099, 0.014002944352, 0.19060255914, 0.43808277601, 0.14213240951],
      [0.49731425155, 0.0043767654558, 0.25764356912, 0.17142457836, 0.069240835512]
    ],
    [
      [0.066529978948, 0.018296400435, 0.54815549127, 0.22037011828, 0.14664801106],
      [0.10255716723, 0.03926705034, 0.36030630874, 0.12732566348, 0.3705438102],
      [0.090489156641, 0.0056867868747, 0.20802366041, 0.51955817727, 0.1762422188],
      [0.31766986138, 0.00059059488012, 0.42928729211, 0.094417432626, 0.158034819]
    ],
    [
      [0.14812478513, 0.037309787667, 0.58649469902, 0.16414222682, 0.063928501369],
      [0.21356308409, 0.087217124675, 0.31007376854, 0.1414649423, 0.24768108039],
      [0.31546098162, 0.023265145317, 0.17319252984, 0.37192797736, 0.11615336585],
      [0.46137221972, 0.0012137426055, 0.25978380062, 0.10966071319, 0.16796952387]
    ],
    [
      [0.073395473347, 0.0093552594452, 0.60755808993, 0.20389677512, 0.10579440216],
      [0.13858117944, 0.017668656986, 0.37504473893, 0.15447273138, 0.31423269327],
      [0.29562472199, 0.012737948819, 0.16448067813, 0.37954463603, 0.14761201503],
      [0.40553369111, 0.00054840645961, 0.36248670908, 0.083895533016, 0.14753566034]
    ],
    [
      [0.097625007987, 0.020233244861, 0.54070121084, 0.27760937097, 0.063831165336],
      [0.20229538686, 0.042199746785, 0.32686312332, 0.19938665122, 0.22925509183],
      [0.21605320479, 0.0095056676566, 0.12299706088, 0.5698475711, 0.081596495568],
      [0.40286102004, 0.0018002441666, 0.28146245026, 0.19993923826, 0.11393704728]
    ],
    [
      [0.19074423131, 0.03735509435, 0.47980119543, 0.19654510326, 0.095554375641],
      [0.29574731901, 0.12149018149, 0.21613385707, 0.17601937028, 0.19060927216],
      [0.35430931946, 0.098205340201, 0.18948587004, 0.32345817195, 0.034541298344],
      [0.47153491791, 0.00033609188483, 0.29458918361, 0.16899709052, 0.064542716072]
    ],
    [
      [0.078278183011, 0, 0.54552422645, 0.21756149506, 0.15863609548],
      [0.15261147446, 0, 0.29703357271, 0.14566413464, 0.40469081818],
      [0.22658983932, 0, 0.12067707744, 0.45280030681, 0.19993277643],
      [0.40316098641, 0, 0.31784630003, 0.15837570556, 0.120617008]
    ],
    [
      [0.098407438872, 0.045899818736, 0.56259574408, 0.24580693011, 0.047290068195],
      [0.27378041112, 0.032058252964, 0.31493324123, 0.15414043075, 0.22508766394],
      [0.069151579351, 0.00032329148678, 0.24990902656, 0.63131535253, 0.049300750078],
      [0.48426134567, 0.00030183090931, 0.36287128476, 0.051395053448, 0.10117048521]
    ],
    [
      [0.10587148381, 0.0059815808646, 0.45330506716, 0.27501577659, 0.15982609157],
      [0.18944581436, 0.012959601683, 0.28636349878, 0.1442707234, 0.36696036178],
      [0.3775398049, 0.0017207725198, 0.024273009604, 0.41827872278, 0.1781876902],
      [0.54221181108, 0.00014049677095, 0.23351722619, 0.17569436523, 0.048436100731]
    ],
    [
      [0.12325103722, 0.093129376762, 0.43271265995, 0.20294566174, 0.14796126432],
      [0.26348088188, 0.084924089243, 0.30671847187, 0.1316540643, 0.21322249271],
      [0.14955854614, 0.005862742758, 0.20877665867, 0.42772934506, 0.20807270737],
      [0.54911840889, 0.0095613988267, 0.25116874193, 0.088046102751, 0.1021053476]
    ],
    [
      [0.20872502321, 0.0073874571343, 0.49337747292, 0.12540499332, 0.16510505342],
      [0.215225793, 0.091220999499, 0.21352539409, 0.18923372917, 0.29079408424],
      [0.11738421843, 0.01093159313, 0.1715622231, 0.43585573722, 0.26426622812],
      [0.61894641807, 0.00017296174739, 0.1646684495, 0.1109548997, 0.10525727098]
    ],
    [
      [0.17220086341, 0.024976018671, 0.47626181708, 0.18496105336, 0.14160024748],
      [0.29510095378, 0.066808700001, 0.25531535503, 0.10515272383, 0.27762226736],
      [0.20454818017, 0.024751009321, 0.091050061628, 0.47423244902, 0.20541829986],
      [0.47732109836, 0.010416495697, 0.22741195048, 0.1770029271, 0.10784752837]
    ],
    [
      [0.17403603414, 0.063832305246, 0.27394897232, 0.37171748195, 0.11646520635],
      [0.28893693946, 0.073145182567, 0.38081074314, 0.085269960429, 0.1718371744],
      [0.42325222125, 0.02521390098, 0.10416277032, 0.32380609296, 0.12356501449],
      [0.56677050059, 0.0010928000925, 0.25167084299, 0.091138189016, 0.089327667316]
    ],
    [
      [0.29610849561, 0.016316492296, 0.29847148464, 0.23137383795, 0.1577296895],
      [0.2062578042, 0.069902510326, 0.30360818795, 0.06220573557, 0.35802576196],
      [0.39936243443, 0.0029229759842, 0.036832083853, 0.39450307982, 0.16637942591],
      [0.4630392262, 0.011609550616, 0.29449957878, 0.095937542718, 0.13491410168]
    ],
    [
      [0.18986248708, 0.052283519508, 0.48119862868, 0.11202752235, 0.16462784238],
      [0.2529421483, 0.050345164371, 0.28953639379, 0.077648687199, 0.32952760634],
      [0.29344239569, 0.0069686778226, 0.063138477367, 0.40296033113, 0.233490118],
      [0.55918186943, 0.00056925598284, 0.2201626184, 0.030126308897, 0.1899599473]
    ],
    [
      [0.14777204304, 0.024639885527, 0.5274809239, 0.12216715083, 0.1779399967],
      [0.24707927739, 0.023002547522, 0.37227344174, 0.082840176628, 0.27480455671],
      [0.26848043349, 0.022306774524, 0.17964551752, 0.36036070274, 0.16920657173],
      [0.50038413875, 0.00034816757388, 0.26966278172, 0.08807960069, 0.14152531126]
    ],
    [
      [0.077021239582, 0.0034334476936, 0.44250230504, 0.30216856966, 0.17487443803],
      [0.15946546067, 0.057858565855, 0.30544336744, 0.10912106746, 0.36811153857],
      [0.16420790683, 0.0022446180738, 0.20038601485, 0.53547398372, 0.097687476528],
      [0.51799167558, 0.0010353185779, 0.26812203156, 0.09786192571, 0.11498904857]
    ],
    [
      [0.25838678682, 0.057598362772, 0.49901772785, 0.15434778754, 0.030649335026],
      [0.25042167947, 0.03696933283, 0.29332513667, 0.12697019461, 0.29231365642],
      [0.19593921925, 0.0019173748018, 0.10547579624, 0.52930420441, 0.16736340529],
      [0.53118073982, 0.00036025559376, 0.22059323359, 0.068489477565, 0.17937629343]
    ],
    [
      [0.11232949715, 0.087343217578, 0.41705555235, 0.23001256259, 0.15325917033],
      [0.27108780656, 0.079234995684, 0.27072950866, 0.13269648099, 0.2462512081],
      [0.43255436893, 0.06929772552, 0.060080018024, 0.3259364113, 0.11213147623],
      [0.48623510028, 0.014520630361, 0.24796174775, 0.1016430276, 0.14963949401]
    ],
    [
      [0.24416915287, 0.0083722040506, 0.36013375263, 0.20773745843, 0.17958743202],
      [0.20522696465, 0.05652968228, 0.32339018192, 0.098750894637, 0.31610227651],
      [0.26343699214, 0.0057381294664, 0.031894562466, 0.50782525297, 0.19110506295],
      [0.58552570595, 0.00058133716893, 0.17537224234, 0.085797952859, 0.15272276168]
    ],
    [
      [0.18688031504, 0.0080452090657, 0.42067542857, 0.24239996753, 0.1419990798],
      [0.199170819, 0.069358431065, 0.30070127639, 0.16626163593, 0.26450783762],
      [0.29016439151, 0.014405483174, 0.10810077661, 0.45770217603, 0.12962717268],
      [0.38232950788, 0.0039564226891, 0.27722712109, 0.20505732198, 0.13142962636]
    ],
    [
      [0.10969275783, 0.011145729011, 0.52459370849, 0.20220444269, 0.15236336198],
      [0.19294778146, 0.19083987576, 0.22557807031, 0.026037901605, 0.36459637086],
      [0.28789022853, 0.021603977345, 0.121255086, 0.41221472611, 0.15703598202],
      [0.39015720071, 0.00028048313681, 0.41166395091, 0.070458804577, 0.12743956066]
    ],
    [
      [0.083576143993, 0, 0.69884039673, 0.11857105124, 0.099012408036],
      [0.2615437968, 0, 0.39377839021, 0.10415085849, 0.2405269545],
      [0.27742077926, 0, 0.19820495004, 0.40920586837, 0.11516840234],
      [0.57193908719, 0, 0.2558875398, 0.064448373848, 0.10772499916]
    ],
    [
      [0.14761494927, 0.01407017064, 0.46695538903, 0.21629740501, 0.15506208604],
      [0.14883540396, 0.09875389545, 0.27384601942, 0.086818686609, 0.39174599456],
      [0.27587162611, 0.014031519751, 0.13486727407, 0.41478493239, 0.16044464767],
      [0.51774711122, 0.0014953402473, 0.2916018793, 0.094162780635, 0.094992888599]
    ],
    [
      [0.1405684521, 0.017592870526, 0.60591086532, 0.1956491861, 0.040278625959],
      [0.28330683619, 0.068336811417, 0.33274718624, 0.13114881768, 0.18446034847],
      [0.23658100259, 0.013660785877, 0.11982565216, 0.57098078284, 0.058951776527],
      [0.43943019376, 0.00089450294629, 0.27721927707, 0.18266281064, 0.099793215588]
    ],
    [
      [0.18052929724, 0.0090009113062, 0.4815664723, 0.17731018633, 0.15159313283],
      [0.26263788437, 0.075757802232, 0.32896906336, 0.074069569557, 0.25856568049],
      [0.32642319572, 0.014948751662, 0.15368288501, 0.34931427448, 0.15563089314],
      [0.48574645128, 0.00053995202324, 0.22719570211, 0.23803384988, 0.048484044699]
    ],
    [
      [0.12729451709, 0.042337913297, 0.51330030272, 0.1670119807, 0.15005528619],
      [0.31867854301, 0.1419744064, 0.22715168873, 0.10833847098, 0.20385689087],
      [0.34160530505, 0.018845976409, 0.13993845789, 0.40310245594, 0.096507804715],
      [0.55419985393, 0.0036677844283, 0.23911290357, 0.11667145746, 0.086348000606]
    ],
    [
      [0.2020729653, 0.021071243495, 0.51366663211, 0.1886996065, 0.074489552594],
      [0.36525801799, 0.092852637939, 0.21550707837, 0.18340816311, 0.14297410259],
      [0.43332386709, 0.01332633107, 0.084557913426, 0.41708384259, 0.051708045824],
      [0.61658849772, 0.0023567607245, 0.21316027294, 0.13844786912, 0.029446599501]
    ],
    [
      [0.15395250984, 0.010729494693, 0.47339230429, 0.2571558392, 0.10476985198],
      [0.17846041878, 0.042377433007, 0.29158285514, 0.065351034112, 0.42222825896],
      [0.27041414706, 0.004982260858, 0.12345258385, 0.44739384958, 0.15375715865],
      [0.47460193363, 0.00051514818035, 0.29227289504, 0.15531135, 0.077298673153]
    ],
    [
      [0.11437704589, 0.015246444763, 0.49370191429, 0.29223452626, 0.084440068794],
      [0.24187275003, 0.024761656809, 0.25413069268, 0.093359938408, 0.38587496207],
      [0.22078880893, 0.008427960743, 0.13418524872, 0.52990144433, 0.10669653728],
      [0.50788588504, 0.0012006077256, 0.26680329572, 0.19258640413, 0.031523807379]
    ],
    [
      [0.078816358648, 0.0041872002437, 0.54883423274, 0.13100209178, 0.23716011659],
      [0.30207980126, 0.016824075454, 0.31755013095, 0.095750864382, 0.26779512795],
      [0.3132018324, 0.010912584898, 0.12258359598, 0.42399826592, 0.12930372079],
      [0.53723224268, 0.0018798099619, 0.28858666999, 0.080924234216, 0.09137704315]
    ],
    [
      [0.15127453437, 0.0065694891441, 0.41991177234, 0.31313753631, 0.10910666784],
      [0.34488263008, 0.030938716089, 0.29853441647, 0.12030907015, 0.2053351672],
      [0.31988592292, 0.0083311777769, 0.15209448674, 0.43063471594, 0.089053696629],
      [0.5607833801, 0.00051697138979, 0.30985587129, 0.083901401489, 0.04494237574]
    ],
    [
      [0.19361062631, 0.0053522187807, 0.45122798411, 0.2057162483, 0.1440929225],
      [0.22211207785, 0.032246252053, 0.32178181701, 0.1107662729, 0.31309358018],
      [0.4372752622, 0.0087960656239, 0.086878227992, 0.37823134169, 0.088819102495],
      [0.58019892582, 0.00069058156438, 0.18321045281, 0.14236446358, 0.093535576232]
    ],
    [
      [0.21604321301, 0.016165641944, 0.51123901168, 0.19034358815, 0.066208545221],
      [0.30203587613, 0.14853852315, 0.28179265047, 0.10542739946, 0.16220555079],
      [0.29190643091, 0.0077123264056, 0.19210842222, 0.4848548678, 0.023417952669],
      [0.69017739874, 0.0012912233205, 0.18694325213, 0.089584151491, 0.032003974319]
    ],
    [
      [0.22108281306, 0.07042945077, 0.32644517251, 0.22341371112, 0.15862885255],
      [0.35986387927, 0.090985524854, 0.19682947925, 0.090334326088, 0.26198679054],
      [0.42650072096, 0.0027924413046, 0.078350379514, 0.34577167712, 0.1465847811],
      [0.62914496174, 0.00057435212257, 0.2100134768, 0.10134575828, 0.058921451054]
    ],
    [
      [0.099042780517, 0.021428083575, 0.47308059612, 0.29880448203, 0.10764405776],
      [0.21585116417, 0.079229952325, 0.34412351439, 0.12652705018, 0.23426831894],
      [0.27797123083, 0.0035312500505, 0.11906529157, 0.46457158508, 0.13486064246],
      [0.53136467905, 0.0016951427999, 0.21296789989, 0.16400214978, 0.089970128487]
    ],
    [
      [0.11526368163, 0, 0.40171567887, 0.33972157785, 0.14329906164],
      [0.21042645152, 0, 0.20390217865, 0.13162406252, 0.45404730731],
      [0.17911050769, 0, 0.084483199334, 0.57517926803, 0.16122702494],
      [0.48000493, 0, 0.23951057427, 0.14204130723, 0.13844318849]
    ],
    [
      [0.20119700916, 0.030568377008, 0.43163263317, 0.2404956332, 0.096106347467],
      [0.32485989609, 0.07285127467, 0.25996891197, 0.20801090761, 0.13430900966],
      [0.42257452503, 0.039973321385, 0.036875645104, 0.43323896827, 0.067337540216],
      [0.61935943751, 0.0011691772178, 0.20483086436, 0.13951661502, 0.035123905886]
    ],
    [
      [0.18030300929, 0.031570638156, 0.4300487201, 0.22923838561, 0.12883924684],
      [0.18646112855, 0.108761858, 0.31999481267, 0.2262026185, 0.15857958227],
      [0.23633971034, 0.0044893091073, 0.1659894803, 0.56649549156, 0.026686008692],
      [0.44277461911, 0.0015278147033, 0.24183066243, 0.23578351861, 0.078083385146]
    ],
    [
      [0.28195932207, 0, 0.43606078005, 0.20997560985, 0.07200428803],
      [0.33374665567, 0, 0.27554339963, 0.1464160349, 0.2442939098],
      [0.26943585692, 0, 0.095472675273, 0.57509873921, 0.059992728598],
      [0.61607972708, 0, 0.20358525187, 0.14388873573, 0.036446285315]
    ],
    [
      [0.15677976228, 0.059821303853, 0.40682825117, 0.24068780482, 0.13588287788],
      [0.28110370532, 0.16850349297, 0.17612273653, 0.10016338375, 0.27410668142],
      [0.3739584599, 0.014293087108, 0.10776818426, 0.31475554346, 0.18922472527],
      [0.60574281936, 0.0058053597249, 0.20532417194, 0.094414233866, 0.08871341511]
    ],
    [
      [0.17766599621, 0.082503642511, 0.48581199844, 0.1999561132, 0.05406224963],
      [0.28123025336, 0.13641137343, 0.23956877477, 0.065603418575, 0.27718617987],
      [0.3997479124, 0.032186847885, 0.14813700689, 0.29832202685, 0.12160620598],
      [0.59380752556, 0.0049988380729, 0.23359063608, 0.08412772849, 0.083475271797]
    ],
    [
      [0.13121126085, 0.057002293705, 0.49173482003, 0.25244736215, 0.067604263265],
      [0.31023135946, 0.12609426589, 0.2786548102, 0.12171682735, 0.16330273711],
      [0.40973458695, 0.070855689869, 0.08605297526, 0.30835405395, 0.12500269397],
      [0.60493047561, 0.0035799359967, 0.20398499189, 0.13589254583, 0.051612050671]
    ],
    [
      [0.096663501092, 0.016077969826, 0.63331012859, 0.22545327461, 0.028495125883],
      [0.21540353889, 0.1240928406, 0.29088754096, 0.18056509563, 0.18905098392],
      [0.18978267921, 0.0023484031009, 0.089938758305, 0.69422495231, 0.023705207081],
      [0.44906755147, 0.0011521827529, 0.25805012564, 0.18573213261, 0.10599800752]
    ],
    [
      [0.27091587767, 0.011052257489, 0.40366131889, 0.2417859043, 0.072584641654],
      [0.33467593315, 0.04732625283, 0.21643077991, 0.073832138456, 0.32773489566],
      [0.43124221665, 0.00083763922492, 0.11128862958, 0.33696263499, 0.11966887956],
      [0.57678223772, 0.00089547072575, 0.22465497811, 0.11142945758, 0.086237855857]
    ]
  ],
  "expected_outcome": [
    [
      [5.7704681629, 4.7414380221, 8.4731743566, 5.6656765583, 6.0070352537, 7.4019201288, 4.5240385685, 9.1837366779, 4.8441012409, 6.5408755351, 11.0631654161, 4.9315255297, 3.050630605, 1.0587148381, 0.86275726054, 3.7570504177, 3.2718164048, 2.4365044779, 2.3688679649, 2.6580748191, 2.2165806456, 0.61616991665, 3.8758018022, 1.6849424573, 3.1741989873, 1.8688031504, 1.0969275783, 0.33430457597, 1.3285345435, 1.6868214252, 2.3468808641, 1.2729451709, 3.0310944795, 2.6171926674, 1.7156556884, 0.63053086919, 1.5127453437, 3.2913806473, 2.8085617691, 2.8740765697, 1.2875561467, 2.0747462693, 1.8107730824, 2.5242421301, 2.2556745766, 1.8813571473, 1.2436619735, 2.624225217, 0.96663501092, 3.2509905321],
      [0.71529481434, 1.153756574, 0.40451968709, 0.97283946221, 1.0273197231, 1.3151894703, 1.2441552296, 2.3132068353, 0.61744712338, 1.3556274057, 2.1665954723, 0, 1.4228943808, 0.059815808646, 0.65190563733, 0.13297422842, 0.47454435475, 0.89365227345, 0.13053193837, 0.73196927312, 0.3695982829, 0.027467581548, 0.86397544158, 1.3101482637, 0.10883865266, 0.080452090657, 0.11145729011, 0, 0.12663153576, 0.21111444631, 0.11701184698, 0.42337913297, 0.31606865242, 0.18240140977, 0.22869667144, 0.03349760195, 0.065694891441, 0.090987719271, 0.21015334528, 0.91558286001, 0.27856508647, 0, 0.27511539307, 0.44198893418, 0, 0.71785564624, 0.57752549758, 1.1400458741, 0.16077969826, 0.13262708986],
      [34.7874406305, 32.9641719245, 29.0420318531, 27.9912147593, 30.8628565295, 41.5149302607, 37.2745734067, 36.3626713391, 40.0988339354, 36.2269811266, 27.8284693351, 34.3680262666, 17.4404680666, 4.5330506716, 3.0289886197, 8.8807945125, 9.0489745244, 3.8352856124, 2.3877718771, 6.7367808016, 7.9122138585, 3.5400184403, 7.4852659177, 6.2558332853, 4.6817387842, 4.2067542857, 5.2459370849, 2.7953615869, 4.2025985013, 7.2709303838, 6.2603641399, 5.1330030272, 7.7049994816, 8.0476691729, 7.4055287143, 4.3906738619, 4.1991177234, 7.6708757298, 6.6461071519, 4.2437872426, 6.1500477495, 7.2308822197, 3.8846936985, 6.0206820814, 3.4884862404, 4.8819390141, 3.4006839891, 9.8346964007, 6.3331012859, 4.8439358266],
      [15.9711953229, 15.2438512061, 16.2173975762, 17.969612222, 14.5975557471, 15.3602080842, 14.9851680434, 10.1768180629, 13.457187158, 18.599827855, 11.3996159892, 13.7063741887, 7.6200148335, 2.7501577659, 1.4206196322, 2.2572898797, 3.5142600139, 5.2040447473, 1.8509907036, 1.5683853129, 1.8325072625, 2.4173485573, 2.3152168131, 3.4501884388, 2.7005869596, 2.4239996753, 2.0220444269, 0.47428420498, 1.9466766451, 2.3477902331, 2.3050324222, 1.670119807, 2.8304940975, 4.3716492664, 4.3835178939, 1.0480167342, 3.1313753631, 3.4971762211, 2.4744666459, 2.9043782445, 3.8844582663, 6.1149884013, 2.1644606988, 3.2093373986, 1.6798048788, 2.8882536579, 1.3996927924, 5.0489472429, 2.2545327461, 2.9014308516],
      [5.7556010694, 8.8967822733, 8.862876527, 7.4006569983, 7.5052327466, 5.407752056, 9.9720647519, 3.9635670849, 6.9824305423, 4.2766880775, 5.5421537872, 9.994074015, 1.465992114, 1.5982609157, 1.0357288503, 2.9718909616, 2.6904047021, 1.6305128889, 1.261837516, 2.3047897934, 2.6690999505, 1.3989955042, 0.4597400254, 2.2988875549, 2.3346366163, 1.419990798, 1.5236336198, 0.39604963215, 1.3955587743, 0.48334351151, 1.9707107268, 1.5005528619, 1.1173432889, 1.7810874836, 1.2666010319, 1.8972809328, 1.0910666784, 2.4495796824, 0.86071108787, 2.0621750831, 1.3993727509, 2.5793831096, 0.8649571272, 1.8037494558, 0.57603430424, 1.6305945345, 0.37843574741, 1.3520852653, 0.28495125883, 0.87101569985]
    ],
    [
      [1.9820596974, 1.791430995, 2.4936822476, 2.5858852955, 1.0116985595, 2.6106249335, 1.8460290101, 3.4170093455, 1.6629741532, 2.4275446423, 4.7319571042, 2.5943950659, 13.4152401447, 13.4506528194, 15.8088529129, 11.1917412362, 18.5913600884, 14.7357839123, 13.8192728813, 15.9353553427, 14.8247566435, 10.8436513257, 14.2740357296, 15.4520049738, 13.9554335964, 2.788391466, 2.508321159, 3.4000693583, 1.4883540396, 3.9662957066, 2.889016728, 2.8681068871, 3.2873221619, 2.1415250254, 2.4187275003, 3.6249576152, 4.4834741911, 3.9980174013, 3.3223946374, 3.9585026719, 1.5109581492, 1.8938380637, 4.8728984414, 2.4239946712, 6.007439802, 2.8110370532, 3.3747630403, 2.7920822351, 3.0156495444, 5.6894908635],
      [0.067991066117, 0.720936873, 0.36740638814, 0.56856879491, 1.5267020735, 0.55615256107, 0.70680690612, 1.3954739948, 0.21202388383, 0.50639696142, 1.9438429038, 0, 1.5708543952, 0.92013171947, 5.0954453546, 4.743491974, 4.2089481001, 3.7304043109, 4.6834681918, 3.1717453554, 1.3801528513, 3.9343824781, 2.1072519713, 4.516394754, 3.8440183951, 0.97101803491, 2.4809183848, 0, 0.9875389545, 0.95671535984, 0.83333582455, 1.2777696576, 0.83567374145, 0.50852919608, 0.24761656809, 0.20188890545, 0.40220330916, 0.58043253696, 1.6339237546, 1.0008407734, 0.55460966627, 0, 1.09276912, 1.413904154, 0, 1.6850349297, 1.6369364811, 1.134848393, 1.7372997683, 0.80454629812],
      [4.3878789521, 2.4700275991, 2.5521246551, 2.6080322054, 3.0269371441, 6.3473468415, 6.4855135574, 4.9611802966, 4.5005368672, 3.9223574798, 3.458141713, 5.0495707361, 15.4317288202, 20.3318084132, 18.403108312, 11.1033204928, 16.0848673666, 19.4213479004, 20.3417485925, 18.2407928087, 22.3364065046, 20.7701489861, 16.7195327899, 15.4315819938, 21.9905323704, 4.2098178695, 2.9325149141, 5.1191190727, 2.7384601942, 4.6584606074, 3.6186596969, 2.0443651986, 1.9395637053, 3.4989942617, 2.5413069268, 3.8106015714, 3.8809474142, 5.7920727062, 3.0997191552, 2.1651242718, 2.4088646007, 1.8351196078, 3.8995336796, 4.1599325648, 4.9597811933, 1.7612273653, 2.8748252972, 2.5078932918, 4.0724255735, 3.6793232584],
      [2.5297500571, 1.0521236236, 2.6304498337, 1.2309242245, 1.9882662171, 2.3732404352, 2.2918619427, 2.2634390769, 1.8536727765, 2.3926398146, 2.8163099244, 2.4762902889, 7.5528811067, 10.2432213616, 7.8992438578, 9.8401539167, 6.624621601, 4.3487679819, 4.1677842832, 4.8918672935, 4.9704105977, 7.4202325876, 7.237301093, 7.5636994167, 6.7150608353, 2.327662903, 0.33849272086, 1.3539611604, 0.86818686609, 1.8360834475, 0.81476526513, 0.97504623886, 1.650673468, 0.78421240934, 0.93359938408, 1.1490103726, 1.5640179119, 1.9937929122, 1.159701394, 0.99367758697, 0.88568935124, 1.1846165627, 3.1201636141, 2.9406340405, 2.6354886282, 1.0016338375, 0.7872410229, 1.0954514461, 2.5279113389, 1.2551463538],
      [3.0323202272, 2.9654809092, 4.9563368755, 3.0065894797, 2.4463960057, 3.1126352288, 6.6697885837, 3.9628972862, 3.7707923192, 2.7510611019, 3.0497483545, 6.8797439091, 11.0292955331, 26.0541856863, 12.7933495628, 15.1212923804, 17.4902028439, 8.7636958946, 23.9877260512, 20.7602391997, 16.4882734029, 25.0315846225, 16.6618784162, 14.0363188617, 21.4949548029, 3.7031097267, 4.7397528212, 3.1268504085, 3.9174599456, 2.5824448786, 2.8442224854, 1.8347120179, 1.2867669233, 5.0667391075, 3.8587496207, 3.2135415354, 2.6693571737, 5.6356844433, 1.7842610587, 2.8818546959, 1.6398782326, 4.0864257658, 2.0146351448, 2.0615345695, 4.3972903765, 2.7410668142, 3.3262341584, 1.469724634, 2.6467137748, 5.5714932262]
    ],
    [
      [4.1666343757, 3.5556719838, 2.8908919248, 4.4584612554, 3.5262432669, 1.5062551769, 0.72391325313, 3.7855317795, 3.8431213859, 2.8086916623, 3.1887838752, 2.0393085539, 0.69151579351, 4.1529378539, 2.5424952843, 1.2912264028, 1.8409336215, 5.9255310975, 4.7923492132, 3.8147511439, 2.9532847683, 1.8062869751, 2.351270631, 6.055761165, 1.844058945, 17.9901922734, 18.7128648542, 19.9742961066, 16.8281691926, 14.1948601556, 22.8496237002, 22.545950133, 26.4327558928, 16.4952629709, 13.2473285357, 21.2977246035, 20.1528131439, 15.3046341768, 2.6271578782, 7.6770129773, 4.7255109241, 1.7911050769, 5.9160433504, 2.5997368137, 3.7721019968, 6.3572938184, 5.5964707735, 2.8681421087, 2.2773921505, 5.6061488164],
      [0.18477594901, 0.071886646282, 0.078030204083, 0.44692228615, 0.4415391692, 0.098020610461, 0.045494294998, 0.2791817438, 0.16559333465, 0.12357367954, 0.88384806181, 0, 0.0032329148678, 0.018928497718, 0.099666626886, 0.12024752443, 0.22275908389, 0.35299461372, 0.03507571181, 0.090592811694, 0.24537451976, 0.024690798811, 0.023008497621, 0.97016815729, 0.040166906265, 0.89313995678, 1.4042585274, 0, 0.85592270479, 0.8196471526, 1.0464126163, 1.243834443, 0.81290619526, 0.30391791234, 0.50567764458, 0.74205577306, 0.52486419994, 0.30786229684, 0.06941093765, 0.050263943483, 0.060031250859, 0, 0.55962649938, 0.049382400181, 0, 0.24298248084, 0.45061587039, 0.49598982909, 0.02818083721, 0.010889309924],
      [2.1472888449, 1.0684100832, 1.2350628795, 1.3026887697, 2.0121793158, 1.334217914, 1.6641892833, 2.0783103581, 2.1382488157, 1.5989617915, 1.7053728304, 1.0860936969, 2.4990902656, 0.26700310564, 3.5492031974, 1.8871844541, 0.81945055465, 1.4582787844, 0.44198500624, 0.82080020577, 1.9761006927, 2.2042461633, 1.2657095549, 0.84112025233, 0.22326193726, 6.7022481495, 7.8815805901, 14.2707564025, 8.2269037185, 7.1895391298, 10.7578019505, 9.2359382206, 5.158032719, 7.530607615, 8.0511149231, 8.3356845268, 9.5819526644, 3.0407379797, 1.7289757999, 1.4103068312, 2.0241099567, 0.84483199334, 0.51625903145, 1.8258842834, 1.3366174538, 1.8320591325, 2.0739180964, 0.60237082682, 1.0792650997, 1.4467521845],
      [4.4637507213, 7.571371318, 4.3389063129, 8.3332937538, 5.9804173266, 3.0665794321, 4.1564654182, 4.4631357284, 4.9340802683, 7.4080184243, 2.9111235475, 4.0752027613, 6.3131535253, 4.6010659506, 7.271398866, 4.7944131094, 4.2680920412, 4.5332853015, 4.7340369578, 5.2384843046, 3.9639677302, 5.8902138209, 6.3516504529, 4.5631097581, 3.5547767708, 28.377534914, 26.7939571973, 29.4628225223, 25.3018808761, 34.2588469704, 24.4519992133, 26.6047620923, 25.4421143977, 27.2910248243, 31.79408666, 28.8318820826, 27.1299871041, 13.2380969593, 4.3636938102, 6.2238901881, 7.8977169464, 5.7517926803, 6.0653455557, 6.2314504072, 8.051382349, 5.3508442388, 4.1765083759, 2.1584783777, 8.3306994277, 4.3805142549],
      [2.0375501091, 2.7326599687, 1.4571086787, 2.4586339349, 0.039620921492, 0.9949268666, 1.4099377504, 1.3938403902, 1.9189561955, 1.0607544424, 0.31087168509, 1.7993949879, 0.49300750078, 1.9600645922, 3.5372360253, 2.9069285093, 1.8487646988, 1.7299102029, 1.9965531109, 3.035371534, 1.861272289, 1.0745622418, 2.0083608635, 1.5698406672, 1.3377354407, 8.0368847063, 10.2073388311, 8.2921249686, 9.7871235081, 3.5371065916, 10.8941625197, 6.3695151112, 3.1541907953, 9.3791866774, 6.4017922367, 8.792653014, 5.6103828876, 3.1086685873, 0.21076157402, 2.6385260598, 2.2926309219, 1.6122702494, 0.94272556302, 0.29354609561, 0.83989820037, 3.2168203295, 1.7024868838, 0.87501885778, 0.28446248497, 1.5556954343]
    ],
    [
      [6.080837764, 4.9114589991, 7.1422514709, 6.2899768909, 7.4550229199, 3.4811997608, 1.9060191683, 4.6137221972, 3.64980322, 3.2228881603, 8.0160936045, 4.4347708506, 4.8426134567, 4.3376944886, 8.7858945423, 11.7599819434, 4.2958898852, 11.9021805123, 6.0195099406, 5.5918186943, 7.0053779426, 6.7338917825, 8.4988918371, 6.8072914039, 7.0263084714, 5.3526131103, 4.6818864085, 6.2913299591, 10.3549422243, 6.1520227126, 2.9144787077, 8.312997809, 9.2488274658, 4.7460193363, 7.6182882756, 6.4467869121, 7.8509673213, 17.4059677745, 46.2418857153, 36.490407781, 33.47597478, 30.2403105901, 38.4002851258, 27.4520263851, 36.9647836246, 36.9503119811, 39.7851042126, 38.7155504392, 28.7403232942, 33.453369788],
      [0.031938170532, 0.053419906713, 0.15004372069, 0.01166945673, 0.0044390341669, 0.03063735819, 0.0035435692807, 0.012137426055, 0.0049356581365, 0.014401953333, 0.0057135620422, 0, 0.0030183090931, 0.0011239741676, 0.15298238123, 0.0032862732004, 0.09374846127, 0.022948801942, 0.150924158, 0.0056925598284, 0.0048743460343, 0.013459141513, 0.0057640895001, 0.20328882505, 0.0069760460272, 0.055389917647, 0.0033657976417, 0, 0.029906804947, 0.012523041248, 0.0032397121395, 0.055016766425, 0.035351410868, 0.0051514818035, 0.018009115884, 0.022557719542, 0.007237599457, 0.020717446931, 0.086511962477, 0.033312423109, 0.10679399639, 0, 0.072488987503, 0.094724511603, 0, 0.35412694322, 0.33492215088, 0.22911590379, 0.073739696186, 0.051937302094],
      [3.6773915725, 3.4973903932, 3.1707806123, 3.0980642656, 5.0980270107, 1.8035049838, 2.5757237527, 2.5978380062, 3.2623803817, 2.2516996021, 5.0080161214, 3.4963093003, 3.6287128476, 1.8681378095, 4.0186998709, 3.1287005405, 2.0467075543, 5.2850877028, 3.8284945242, 2.201626184, 3.7752789441, 3.4855864103, 3.5294917374, 3.4714644686, 2.1044669081, 3.8811796953, 4.939967411, 2.8147629378, 5.8320375861, 3.881069879, 1.3631742127, 3.5866935536, 3.1974040941, 2.9227289504, 4.0020494358, 3.4630400399, 4.337982198, 5.4963135842, 12.525197893, 12.1807816544, 13.416977693, 15.0891661791, 12.6995135904, 14.9935010705, 12.2151151125, 12.5247744881, 15.6505726173, 13.0550394807, 16.5152080409, 13.0299887305],
      [1.0353038987, 2.1326538523, 1.8132462773, 1.4661697997, 3.4337607091, 1.1999720485, 0.56650459576, 1.0966071319, 0.75505979715, 1.5995139061, 2.8729505388, 1.7421327612, 0.51395053448, 1.4055549219, 1.408737644, 2.1081430942, 1.5930263439, 1.9139019693, 1.2471880553, 0.30126308897, 1.2331144097, 1.2722050342, 1.095831641, 1.4230023863, 1.0295754343, 2.8708025077, 0.84550565493, 0.70893211233, 1.8832556127, 2.5572793489, 1.4282030993, 1.7500718618, 2.0767180368, 1.5531135, 2.888796062, 0.9710908106, 1.1746196208, 4.2709339074, 6.0021381499, 5.8780539804, 10.332135436, 8.9486023557, 8.6500301313, 14.6185781538, 8.633324144, 5.7592682658, 5.6365578088, 8.6971229333, 11.8868564874, 6.4629085397],
      [1.1745285943, 2.4050768488, 1.7236779188, 2.1341195871, 2.0087503262, 0.48468584859, 0.94820891401, 1.6796952387, 1.327820943, 0.91149637821, 1.0972261732, 1.326787088, 1.0117048521, 0.38748880585, 1.6336855616, 1.9998881487, 0.9706277553, 1.8758810136, 1.7538833219, 1.899599473, 1.9813543576, 1.4948576315, 2.8700206949, 2.0949529161, 1.8326731402, 1.840014769, 1.5292747279, 1.1849749907, 1.899857772, 1.3971050182, 0.29090426819, 1.2952200091, 0.44169899252, 0.77298673153, 0.47285711068, 1.0965245178, 0.62919326036, 2.806067287, 2.1442662794, 3.4174441611, 5.6681180947, 8.7219208751, 2.1776821649, 4.841169879, 2.1867771189, 5.4115183217, 5.5928432104, 3.303171243, 6.7838724814, 5.0017956397]
    ]
  ],
  "prob": [
    [0.12701485109, 0.021848654607, 0.50915784479, 0.22861510392, 0.11336354559],
    [0.23774907953, 0.06028339719, 0.29619961575, 0.12157214089, 0.28419576664],
    [0.29874301871, 0.013246611469, 0.12909165956, 0.43619595593, 0.12272275433],
    [0.54369305067, 0.0022213367337, 0.2359508799, 0.13041679926, 0.087717933432]
  ],
  "iterations": 16,
  "time": 0.277124,
  "message": "Converged",
  "status": 0,
  "miniter": 0,
  "maxiter": 1000,
  "maxtime": 3600,
  "param_threshold": 0.001,
  "ll_threshold": "-Inf",
  "initial_prob": "group_proportional",
  "ballotbox_id": ["1", "2", "3", "4", "5", "6", "7", "8", "9", "10", "11", "12", "13", "14", "15", "16", "17", "18", "19", "20", "21", "22", "23", "24", "25", "26", "27", "28", "29", "30", "31", "32", "33", "34", "35", "36", "37", "38", "39", "40", "41", "42", "43", "44", "45", "46", "47", "48", "49", "50"],
  "candidates_id": ["1", "2", "3", "4", "5"],
  "group_id": ["1", "2", "3", "4"]
}
