{
  "X": [
    [25, 9, 3, 39, 24],
    [28, 6, 2, 44, 20],
    [31, 7, 2, 36, 24],
    [31, 14, 2, 40, 13],
    [23, 17, 2, 33, 25],
    [36, 9, 2, 40, 13],
    [27, 6, 3, 43, 21],
    [30, 11, 5, 38, 16],
    [26, 14, 2, 35, 23],
    [32, 9, 5, 39, 15],
    [22, 8, 5, 43, 22],
    [35, 12, 3, 33, 17],
    [30, 15, 4, 40, 11],
    [39, 21, 7, 22, 11],
    [34, 14, 10, 31, 11],
    [41, 14, 11, 23, 11],
    [36, 11, 5, 34, 14],
    [39, 14, 5, 27, 15],
    [31, 13, 5, 38, 13],
    [48, 15, 3, 25, 9],
    [38, 11, 5, 36, 10],
    [39, 12, 5, 26, 18],
    [44, 8, 3, 32, 13],
    [44, 11, 6, 24, 15],
    [44, 12, 4, 29, 11],
    [34, 7, 4, 46, 9],
    [36, 14, 1, 40, 9],
    [36, 7, 2, 43, 12],
    [39, 6, 1, 45, 9],
    [30, 13, 5, 41, 11],
    [33, 4, 0, 46, 17],
    [39, 11, 1, 41, 8],
    [30, 9, 2, 46, 13],
    [32, 7, 0, 54, 7],
    [32, 8, 3, 43, 14],
    [40, 6, 4, 41, 9],
    [32, 8, 3, 49, 8],
    [42, 17, 3, 33, 5],
    [33, 22, 8, 22, 15],
    [39, 23, 5, 26, 7],
    [34, 24, 10, 20, 12],
    [42, 25, 11, 15, 7],
    [40, 21, 12, 19, 8],
    [36, 23, 14, 21, 6],
    [42, 23, 8, 18, 9],
    [43, 17, 15, 17, 8],
    [47, 15, 6, 20, 12],
    [43, 15, 12, 17, 13],
    [37, 23, 7, 23, 10],
    [42, 28, 8, 16, 6]
  ],
  "W": [
    [62, 14, 10, 14],
    [56, 11, 19, 14],
    [54, 18, 15, 13],
    [58, 16, 12, 14],
    [72, 6, 10, 12],
    [67, 10, 13, 10],
    [67, 11, 7, 15],
    [55, 12, 11, 22],
    [61, 15, 12, 12],
    [64, 9, 14, 13],
    [59, 17, 10, 14],
    [54, 20, 13, 13],
    [37, 27, 16, 20],
    [13, 64, 10, 13],
    [12, 59, 17, 12],
    [14, 62, 10, 14],
    [12, 71, 11, 6],
    [14, 69, 10, 7],
    [15, 66, 9, 10],
    [8, 70, 13, 9],
    [19, 58, 13, 10],
    [16, 61, 14, 9],
    [12, 72, 5, 11],
    [19, 58, 10, 13],
    [15, 64, 11, 10],
    [7, 12, 67, 14],
    [8, 12, 59, 21],
    [16, 10, 66, 8],
    [13, 9, 63, 15],
    [15, 15, 55, 15],
    [12, 12, 70, 6],
    [13, 9, 65, 13],
    [14, 16, 58, 12],
    [8, 8, 70, 14],
    [18, 12, 61, 9],
    [12, 8, 65, 15],
    [14, 12, 65, 9],
    [10, 8, 43, 39],
    [12, 12, 17, 59],
    [17, 12, 9, 62],
    [13, 8, 12, 67],
    [11, 11, 3, 75],
    [12, 9, 15, 64],
    [14, 14, 10, 62],
    [13, 11, 17, 59],
    [15, 12, 17, 56],
    [13, 13, 14, 60],
    [11, 14, 11, 64],
    [12, 17, 15, 56],
    [12, 14, 8, 66]
  ],
  "method": "mcmc",
  "mcmc_stepsize": 3000,
  "mcmc_samples": 1000,
  "burn_in": 10000,
  "cond_prob": [
    [
      [0.17687989032, 0.041710983576, 0.00010864720486, 0.42473149017, 0.35656898873],
      [0.5335703285, 0.2049333237, 0.057893659296, 0.14817245601, 0.055430232497],
      [0.29694961265, 0.0076505578323, 0.018846852522, 0.66502339136, 0.011529585629],
      [0.25671186248, 0.24773906487, 0.14244886557, 0.28157137942, 0.071528827662]
    ],
    [
      [0.21551797355, 0.029610399781, 6.7068751944e-05, 0.47475401695, 0.28005054097],
      [0.57519360506, 0.084613939065, 0.087015788238, 0.23511364246, 0.01806302518],
      [0.18090179581, 0.056993382801, 0.0061717136389, 0.58649602783, 0.16943707991],
      [0.44048069323, 0.16629928638, 0.065843422867, 0.26315003249, 0.064226565032]
    ],
    [
      [0.20216016512, 0.024791108203, 0.0015462117491, 0.43986639411, 0.33163612082],
      [0.56865433695, 0.11991522748, 0.041747323448, 0.13314878687, 0.13653432525],
      [0.26234460059, 0.024254525574, 0.03908456075, 0.53815828014, 0.13615803295],
      [0.45480030844, 0.24146062914, 0.04452187171, 0.13678171941, 0.12243547129]
    ],
    [
      [0.25653166672, 0.091861894352, 0.00011281029637, 0.51414859929, 0.13734502934],
      [0.53767166277, 0.14797933539, 0.0065857016154, 0.12079472418, 0.18696857604],
      [0.27854665259, 0.12241492223, 0.0023461643616, 0.4625140525, 0.13417820832],
      [0.2982754925, 0.34538297818, 0.13285227176, 0.1926069303, 0.03088232727]
    ],
    [
      [0.21498595464, 0.11878241652, 0.00024337885822, 0.366510469, 0.29947778098],
      [0.41734677781, 0.20626638308, 0.047506299793, 0.16978559558, 0.15909494373],
      [0.2438049258, 0.18434148022, 0.02055665611, 0.4278778906, 0.12341904727],
      [0.2149067784, 0.44722107583, 0.12432269686, 0.10947947935, 0.10406996955]
    ],
    [
      [0.35493748849, 0.048130785562, 0.00037382645816, 0.42723372685, 0.16932417264],
      [0.48557411321, 0.23599843214, 0.044412903853, 0.19851333979, 0.035501211008],
      [0.27520215618, 0.052286565938, 0.048619423305, 0.55828989522, 0.065601959353],
      [0.37858191089, 0.27355276888, 0.089877208581, 0.21324382651, 0.04474428514]
    ],
    [
      [0.19856710718, 0.032518480327, 0.00014934051096, 0.49799142159, 0.27077365039],
      [0.43890630729, 0.20268677788, 0.053118506696, 0.15672944248, 0.14855896566],
      [0.28117716546, 0.022204187606, 0.091587817389, 0.57856941153, 0.026461418015],
      [0.45998628535, 0.095751863216, 0.11763839269, 0.25737100036, 0.069252458381]
    ],
    [
      [0.23593799421, 0.063794813925, 9.1549535379e-05, 0.48901923842, 0.21115640391],
      [0.41808880824, 0.14037206328, 0.032308292012, 0.20930287685, 0.19992795962],
      [0.46822863196, 0.078841511635, 0.073665322575, 0.35487965603, 0.024384877802],
      [0.31162862128, 0.2245256294, 0.17258848741, 0.21311959764, 0.07813766426]
    ],
    [
      [0.20319392535, 0.092688442808, 0.00025325130748, 0.39721333602, 0.30665104452],
      [0.481636827, 0.16838578826, 0.023892174751, 0.20145266702, 0.12463254297],
      [0.33685649917, 0.097404084297, 0.0396063417, 0.40297559166, 0.12315748318],
      [0.1948616799, 0.3876140961, 0.095907745715, 0.24270744981, 0.078909028478]
    ],
    [
      [0.27708901081, 0.051936663688, 0.00032059484573, 0.45911172704, 0.21154200362],
      [0.64037054298, 0.057234233437, 0.093607532858, 0.17794550265, 0.030842188077],
      [0.29253447457, 0.17647124373, 0.051000317065, 0.43718793501, 0.042806029622],
      [0.33903736749, 0.20694984698, 0.2633084381, 0.14574683504, 0.044957512399]
    ],
    [
      [0.20213706486, 0.042275740403, 0.0011289114276, 0.49868608137, 0.25577220194],
      [0.32057763959, 0.045044872444, 0.07612707445, 0.2985513329, 0.25969908062],
      [0.09591870887, 0.092767674867, 0.027109074252, 0.63244128753, 0.15176325448],
      [0.26177901511, 0.27230655257, 0.2405816584, 0.15555254749, 0.069780226426]
    ],
    [
      [0.25124109086, 0.074089647035, 1.6146348452e-05, 0.40750970864, 0.26714340712],
      [0.52147335978, 0.24980859893, 0.04988604995, 0.10031784587, 0.078514145473],
      [0.41818812991, 0.00031787548412, 0.022009587236, 0.55911187477, 0.00037253259324],
      [0.42823601609, 0.23068113078, 0.13194480493, 0.13228188033, 0.076856167869]
    ],
    [
      [0.26866773862, 0.028596864129, 6.8321878546e-05, 0.46133015024, 0.24133692513],
      [0.29969288106, 0.29460177194, 0.073216615865, 0.25726548494, 0.075223246194],
      [0.37129780816, 0.061729311779, 0.0015493333931, 0.56482045496, 0.00060309171318],
      [0.30134104759, 0.24999995982, 0.099791706392, 0.34737445341, 0.0014928327844]
    ],
    [
      [0.33728934395, 0.15748693361, 0.00063958359988, 0.26296409318, 0.24162004566],
      [0.42445842044, 0.21221498286, 0.064722075355, 0.19597425189, 0.10263026946],
      [0.35218004247, 0.10047488928, 0.058962691798, 0.42764174527, 0.060740631177],
      [0.3021614766, 0.33585862054, 0.1738342825, 0.13559209347, 0.052553526883]
    ],
    [
      [0.21215544562, 0.039445408502, 0.0016458972694, 0.44603976528, 0.30071348332],
      [0.44973679841, 0.15020959777, 0.063550287014, 0.25240022873, 0.084103088079],
      [0.22013872855, 0.093896833903, 0.10060441633, 0.4998798605, 0.085480160719],
      [0.098108763403, 0.2556702211, 0.37670893511, 0.18816264111, 0.081349439272]
    ],
    [
      [0.34859166506, 0.080646955723, 0.00015752614972, 0.35778340366, 0.21282044941],
      [0.48211438347, 0.15616280431, 0.070430277326, 0.19332255632, 0.097969978575],
      [0.20396147686, 0.0088985720118, 0.1142321606, 0.57999455708, 0.092913233457],
      [0.29921501039, 0.22141878802, 0.39205684527, 0.014649163314, 0.072660193006]
    ],
    [
      [0.17340511158, 0.036679993319, 0.00088299193532, 0.44000253895, 0.34902936422],
      [0.43423522184, 0.10808409289, 0.052531044105, 0.28972433093, 0.11542531024],
      [0.13679237464, 0.15103486805, 0.078127363284, 0.60495820754, 0.029087186485],
      [0.26395363161, 0.20408098943, 0.066716494861, 0.2491669589, 0.21608192519]
    ],
    [
      [0.19313071723, 0.075578396933, 0.0015070587338, 0.42187118805, 0.30791263905],
      [0.46889861002, 0.14141865426, 0.047224487887, 0.20845063245, 0.13400761538],
      [0.25625367522, 0.082183130813, 0.04926655025, 0.56303277157, 0.049263872142],
      [0.19708987358, 0.33745485584, 0.17539228729, 0.1543402875, 0.13572269578]
    ],
    [
      [0.19975174297, 0.066791264942, 6.918630267e-05, 0.53253859435, 0.20084921144],
      [0.33361272879, 0.1511873117, 0.045487174816, 0.34861006316, 0.12110272154],
      [0.22181496004, 0.0014969982944, 0.00069083939075, 0.66540166497, 0.1105955373],
      [0.3988949115, 0.2006295469, 0.19905911131, 0.10150419316, 0.099912237134]
    ],
    [
      [0.27124653444, 0.12953997263, 0.00019067778499, 0.39259504536, 0.20642776979],
      [0.52752889725, 0.15317781974, 0.032753517604, 0.19956321345, 0.086976551963],
      [0.36923002886, 0.072801123974, 0.014582016573, 0.50034779615, 0.04303903444],
      [0.45589050467, 0.25497980283, 0.057351347776, 0.15392148288, 0.077856861842]
    ],
    [
      [0.23408703156, 0.07092679701, 0.00047690837401, 0.5229479796, 0.17156128345],
      [0.46504134211, 0.12334480192, 0.050747590228, 0.2805449412, 0.080321324537],
      [0.30867068833, 0.052599511672, 0.063881700829, 0.48471837809, 0.090129721084],
      [0.25672296099, 0.18145986936, 0.12171163969, 0.34910428826, 0.091001241713]
    ],
    [
      [0.24142915439, 0.058389877182, 0.0002805417186, 0.36704172752, 0.33285869919],
      [0.47542116912, 0.14474559634, 0.051257875226, 0.15411402799, 0.17446133133],
      [0.2926783673, 0.01848593118, 0.043754164545, 0.58474682713, 0.060334709844],
      [0.22654945238, 0.21971972796, 0.13958029334, 0.2822134525, 0.13193707381]
    ],
    [
      [0.20050244643, 0.056012648124, 0.00034581904389, 0.46349866636, 0.27964042005],
      [0.48586700518, 0.078180505416, 0.026434076981, 0.29722606855, 0.11229234387],
      [0.31726336795, 0.021355729501, 0.027519480035, 0.53587189355, 0.097989528968],
      [0.45683903912, 0.14473392591, 0.086818111697, 0.21439814547, 0.097210777804]
    ],
    [
      [0.27524522043, 0.052395334032, 0.00013736943268, 0.41255582156, 0.25966625455],
      [0.49427036166, 0.13495823423, 0.082729134006, 0.17166713088, 0.11637513922],
      [0.36503828819, 0.077835001708, 0.004454316478, 0.40805742991, 0.14461496372],
      [0.49632899643, 0.10758161931, 0.088812080281, 0.1633978077, 0.14387949627]
    ],
    [
      [0.25700276288, 0.086007493824, 0.010346132177, 0.37773607204, 0.26890753908],
      [0.53901747822, 0.11076156842, 0.033318203501, 0.23594309913, 0.080959650732],
      [0.25004481118, 0.054498082062, 0.06475315972, 0.56382848373, 0.066875463309],
      [0.28973470275, 0.30216683113, 0.10001582364, 0.20314872542, 0.10493391706]
    ],
    [
      [0.19030874782, 0.035889397942, 0.00084520224467, 0.4197318366, 0.35322481539],
      [0.55758571431, 0.085604243859, 0.10661812551, 0.2142296823, 0.035962234013],
      [0.28674673554, 0.041463829819, 0.024555042041, 0.5596733126, 0.087561080003],
      [0.48319849373, 0.21024619216, 0.076391304382, 0.21378635802, 0.016377651711]
    ],
    [
      [0.23615901147, 0.026911286819, 0.00012476369455, 0.49762367003, 0.23918126799],
      [0.43269494552, 0.13633374293, 0.00096818212732, 0.28479383074, 0.14520929868],
      [0.33855156278, 0.082139447936, 0.013733614343, 0.4951284135, 0.070446961434],
      [0.42589744561, 0.34773701724, 0.0084333551753, 0.16137658448, 0.056555597491]
    ],
    [
      [0.2771031817, 0.026614991424, 0.00016381036241, 0.43481753577, 0.26130048075],
      [0.50871728914, 0.14576490431, 0.029401212271, 0.18644964603, 0.12966694826],
      [0.35718030811, 0.044347097516, 0.014871171065, 0.49083882752, 0.092762595793],
      [0.36315948329, 0.27370033226, 0.090233702648, 0.22288254391, 0.050023937893]
    ],
    [
      [0.30421285429, 0.014904333012, 0.00019895804127, 0.4016581428, 0.27902571186],
      [0.51359379805, 0.13950551253, 0.020802247574, 0.21771433401, 0.10838410784],
      [0.35748622113, 0.030565621281, 0.0080529608255, 0.54119745091, 0.062697745859],
      [0.52675045206, 0.17500399449, 0.020190452353, 0.24823838202, 0.029816719079]
    ],
    [
      [0.27719769902, 0.05680923925, 0.0010246586545, 0.34171389104, 0.32325451203],
      [0.38777305904, 0.26729863932, 0.099104614112, 0.15744655395, 0.088377133577],
      [0.26637580501, 0.050633667117, 0.030945553075, 0.57774724583, 0.074297728967],
      [0.35831795689, 0.35690200866, 0.11973703263, 0.11576632031, 0.049276681509]
    ],
    [
      [0.2238142153, 0.013330377105, 0, 0.41886805831, 0.34398734928],
      [0.54054924465, 0.057996597591, 0, 0.22631998949, 0.17513416827],
      [0.2966028657, 0.028769684699, 0, 0.52692822304, 0.14769922656],
      [0.51090631363, 0.18836639579, 0, 0.22879463557, 0.071932655013]
    ],
    [
      [0.3169136689, 0.042312334104, 2.8969075672e-05, 0.37566239355, 0.26508263437],
      [0.56427006421, 0.15460543925, 0.011368753185, 0.18560447425, 0.084151269103],
      [0.37110737642, 0.076990241311, 0.0076084044198, 0.48725060874, 0.057043369103],
      [0.436900943, 0.31185577063, 0.030981410467, 0.21343531133, 0.006826564578]
    ],
    [
      [0.15267956195, 0.05449059397, 0.00041025367396, 0.40021767888, 0.39220191153],
      [0.52175820164, 0.08589198991, 0.011149275617, 0.23519421546, 0.14600631736],
      [0.2660241596, 0.05660234555, 0.017215727779, 0.57714457237, 0.083013194691],
      [0.34041280411, 0.29832698366, 0.068112985627, 0.26328832088, 0.029858905718]
    ],
    [
      [0.2758483015, 0.044446415792, 0, 0.47411795521, 0.2055873275],
      [0.52944582666, 0.1198108117, 0, 0.28513307428, 0.065610287357],
      [0.26753757392, 0.037761417999, 0, 0.6355149045, 0.059186103573],
      [0.48785834286, 0.21733163715, 0, 0.24571060349, 0.049099416504]
    ],
    [
      [0.28783886379, 0.060219805567, 0.00045646060048, 0.39699038055, 0.2544944895],
      [0.48387444328, 0.15074165464, 0.038350597039, 0.14190229893, 0.18513100611],
      [0.28135226501, 0.058938821845, 0.021625116221, 0.53219976651, 0.10588403042],
      [0.42776877407, 0.16798616796, 0.13471605058, 0.18746220068, 0.082066806706]
    ],
    [
      [0.32140394725, 0.050285554125, 0.00055070491403, 0.30617917407, 0.32158061964],
      [0.51730481627, 0.057452766467, 0.10647497028, 0.22002865226, 0.098738794713],
      [0.3717413368, 0.045544840267, 0.023253935489, 0.5051257406, 0.054334146847],
      [0.52276848072, 0.13176910676, 0.10867239813, 0.18216317029, 0.054626844102]
    ],
    [
      [0.27468428381, 0.069072174992, 0.00097200582565, 0.42637261341, 0.22889892196],
      [0.48167293388, 0.14355886877, 0.075347753147, 0.23084743299, 0.068573011215],
      [0.29138757607, 0.052810218853, 0.018358494907, 0.5864053444, 0.051038365772],
      [0.3815724862, 0.20862432216, 0.098768523523, 0.23825187003, 0.072782798081]
    ],
    [
      [0.30421263892, 0.13642453446, 2.6802966319e-05, 0.3662110063, 0.19312501736],
      [0.68731629095, 0.09188941291, 0.019734875285, 0.15799732872, 0.043062092131],
      [0.31262382756, 0.080555614545, 0.029181881962, 0.52365610763, 0.053982568303],
      [0.51324406919, 0.29324994684, 0.040693129325, 0.14247945331, 0.010333401342]
    ],
    [
      [0.35620138063, 0.092070904325, 4.2224326038e-06, 0.32392887055, 0.22779462206],
      [0.28446821531, 0.24769148273, 0.10550310053, 0.13999322164, 0.2223439798],
      [0.27989537774, 0.10565136956, 0.004234084896, 0.44403446789, 0.16618469991],
      [0.34836853266, 0.27333522157, 0.11291411324, 0.15058218542, 0.11479994711]
    ],
    [
      [0.19139211666, 0.0010600209683, 3.6720721446e-06, 0.51624870028, 0.29129549002],
      [0.48780826623, 0.21310809472, 0.06598869257, 0.23162755956, 0.0014673869185],
      [0.24221325011, 0.0914574117, 0.02314565836, 0.6427088709, 0.00047480893187],
      [0.4469792834, 0.31615428712, 0.064512295785, 0.13967518617, 0.03267894752]
    ],
    [
      [0.28469547745, 0.027739292272, 0.0016032633193, 0.30826419432, 0.37769777264],
      [0.35040157539, 0.15390653525, 0.22829295896, 0.17015555024, 0.097243380161],
      [0.19646782483, 0.1239298288, 0.023602074125, 0.45491829272, 0.20108197952],
      [0.37519600436, 0.31225341751, 0.11745655247, 0.13690002327, 0.05819400239]
    ],
    [
      [0.20237966716, 0.090417582721, 0.0017092647363, 0.43928277694, 0.26621070844],
      [0.52935427204, 0.15134880575, 0.02715975719, 0.22526896937, 0.066868195652],
      [0.45701597515, 0.1452037438, 0.010433433029, 0.37697869624, 0.010368151776],
      [0.43439838325, 0.29206611327, 0.14201520613, 0.087453262692, 0.044067034662]
    ],
    [
      [0.40809211156, 0.0067620538859, 6.7960887166e-05, 0.26049021067, 0.32458766299],
      [0.34121398209, 0.22312415995, 0.2107975118, 0.21143558587, 0.013428760282],
      [0.20510901811, 0.13439053707, 0.0065994363155, 0.46419203209, 0.18970897641],
      [0.45242708673, 0.26398249778, 0.15629711435, 0.10950494871, 0.017788352429]
    ],
    [
      [0.33073310487, 0.022610089552, 0.0020199050396, 0.42656827745, 0.21806862308],
      [0.31529736413, 0.21390748677, 0.24276167007, 0.21386517411, 0.014168304917],
      [0.21596787898, 0.097515528517, 0.016296328387, 0.49135591201, 0.17886435211],
      [0.39993378458, 0.30183223623, 0.16790475266, 0.11484471868, 0.015484507854]
    ],
    [
      [0.28069361149, 0.034438682857, 5.0341182914e-05, 0.33548604017, 0.3493313243],
      [0.47370627364, 0.20408745659, 0.15725890645, 0.14674512059, 0.018202242723],
      [0.27628536885, 0.11711827709, 0.081608005757, 0.42150759095, 0.10348075736],
      [0.48209089441, 0.3104461761, 0.082748499928, 0.082353493308, 0.042360936255]
    ],
    [
      [0.35728743668, 0.028420237804, 7.7335579927e-05, 0.31619506716, 0.29801992277],
      [0.45141337342, 0.1634329203, 0.18240111303, 0.19350747654, 0.0092451167133],
      [0.31198959359, 0.094730415079, 0.061082181977, 0.37134124581, 0.16085656354],
      [0.4807125871, 0.23218007737, 0.21020766994, 0.064681840988, 0.012217824601]
    ],
    [
      [0.2932254008, 0.00019226886639, 6.3626200046e-06, 0.32258860746, 0.38398736026],
      [0.60012678628, 0.092737673766, 0.015200709318, 0.16854067823, 0.12339415241],
      [0.21360729925, 0.042017347406, 0.057265875457, 0.65754051682, 0.029568961068],
      [0.53993198964, 0.22006113137, 0.083343096807, 0.073495867508, 0.083167914674]
    ],
    [
      [0.38076900053, 0.018297335082, 0.0019171271744, 0.10201849782, 0.49699803939],
      [0.48525151121, 0.17132710311, 0.12851950362, 0.15337141749, 0.061530464559],
      [0.23843863459, 0.05115066826, 0.086803549793, 0.47313595429, 0.15047119307],
      [0.45929991964, 0.18496082062, 0.14413749223, 0.13322033097, 0.078381436548]
    ],
    [
      [0.2467831514, 0.0027808288064, 2.236492511e-05, 0.33476774455, 0.41564591032],
      [0.52519678113, 0.17821524555, 0.11690075435, 0.17630908828, 0.0033781306819],
      [0.20335308846, 0.13066677547, 0.00081864949914, 0.5329434241, 0.13221806247],
      [0.39392786745, 0.321017308, 0.0892881974, 0.14270323577, 0.053063391384]
    ],
    [
      [0.38359678074, 0.09430547524, 0.00013341088381, 0.28150246473, 0.2404618684],
      [0.56620257729, 0.18254251817, 0.039241447861, 0.15455052257, 0.057462934116],
      [0.26108894477, 0.12166398291, 0.053902780294, 0.48093691973, 0.082407372291],
      [0.41486804532, 0.35362768454, 0.10633025086, 0.10016314772, 0.025010871564]
    ]
  ],
  "expected_outcome": [
    [
      [10.9665531997, 12.0690065187, 10.9166489163, 14.8788366698, 15.4789887343, 23.7808117286, 13.3039961813, 12.9765896813, 12.3948294463, 17.7336966919, 11.9260868267, 13.5670189064, 9.9407063291, 4.3847614713, 2.5458653475, 4.8802833108, 2.0808613389, 2.7038300412, 2.9962761445, 2.1699722755, 4.4476535997, 3.8628664702, 2.4060293572, 5.2296591881, 3.8550414432, 1.3321612348, 1.8892720918, 4.4336509072, 3.9547671057, 4.1579654853, 2.6857705836, 4.1198776957, 2.1375138673, 2.206786412, 5.1810995482, 3.856847367, 3.8455799733, 3.0421263892, 4.2744165676, 3.2536659832, 3.7010412068, 2.2261763387, 4.8971053388, 4.6302634682, 3.6490169494, 5.3593115502, 3.8119302103, 4.1884590058, 2.9613978168, 4.6031613689],
      [2.5860809817, 1.6581823878, 1.338719843, 5.3279898724, 8.5523339894, 3.2247626327, 2.1787381819, 3.5087147659, 5.6539950113, 3.3239464761, 2.4942686838, 4.0008409399, 1.0580839728, 2.047330137, 0.47334490202, 1.1290573801, 0.44015991983, 1.0580975571, 1.0018689741, 1.036319781, 1.3476091432, 0.93423803492, 0.67215177749, 0.99551134661, 1.2901124074, 0.25122578559, 0.21529029455, 0.42583986278, 0.19375632915, 0.85213858875, 0.15996452526, 0.55006034335, 0.76286831558, 0.35557132634, 1.0839565002, 0.6034266495, 0.96701044988, 1.3642453446, 1.1048508519, 0.018020356461, 0.36061079954, 0.99459340994, 0.081144646631, 0.31654125373, 0.44770287715, 0.42630356706, 0.0024994952631, 0.2012706859, 0.033369945676, 1.1316657029],
      [0.0067361267015, 0.0037558501089, 0.083495434451, 0.0065429971897, 0.017523277792, 0.025046372697, 0.010005814234, 0.0050352244459, 0.015448329757, 0.020518070127, 0.066605774227, 0.00087190281643, 0.0025279095062, 0.0083145867985, 0.019750767233, 0.0022053660961, 0.010595903224, 0.021098822273, 0.00103779454, 0.0015254222799, 0.0090612591063, 0.0044886674976, 0.0041498285267, 0.0026100192209, 0.15519198266, 0.0059164157127, 0.00099810955639, 0.0026209657985, 0.0025864545365, 0.015369879818, 0, 0.00037659798374, 0.0057435514354, 0, 0.0082162908087, 0.0066084589684, 0.013608081559, 0.00026802966319, 5.0669191246e-05, 6.2425226459e-05, 0.020842423151, 0.018801912099, 0.000815530646, 0.028278670554, 0.00065443537788, 0.0011600336989, 8.271406006e-05, 0.021088398918, 0.00026837910132, 0.0016009306058],
      [26.3333523904, 26.5862249492, 23.7527852818, 29.8206187589, 26.3887537682, 28.6246596991, 33.3654252466, 26.8960581133, 24.230013497, 29.3831505305, 29.4224788005, 22.0055242663, 17.069215559, 3.4185332114, 5.3524771834, 5.0089676513, 5.2800304674, 5.9061966328, 7.9880789153, 3.1407603629, 9.9360116124, 5.8726676403, 5.5619839963, 7.8385606097, 5.6660410806, 2.9381228562, 3.9809893602, 6.9570805723, 5.2215558564, 5.1257083656, 5.0264166997, 4.8836111161, 5.6030475043, 3.7929436417, 7.1458268498, 3.6741500888, 5.9692165878, 3.662110063, 3.8871464466, 8.7762279048, 4.0074345262, 4.8321105464, 3.1258825281, 5.9719558843, 4.3613185222, 4.7429260075, 4.193651897, 1.122203476, 4.0172129346, 3.3780295768],
      [22.1072773015, 15.6828302942, 17.9083505245, 7.9660117017, 21.5624002303, 11.3447195669, 18.141834576, 11.6136022151, 18.7057137156, 13.5386882314, 15.0905599147, 14.4257439845, 8.9294662297, 3.1410605935, 3.6085617998, 2.9794862917, 4.1883523706, 4.3107769467, 3.0127381716, 1.6514221583, 3.2596643856, 5.3257391871, 3.3556850405, 4.9336588364, 4.0336130861, 2.4725737077, 1.9134501439, 4.180807692, 3.6273342542, 4.8488176805, 4.1278481914, 3.4460742468, 5.4908267614, 1.64469862, 4.580900811, 3.8589674357, 3.2045849075, 1.9312501736, 2.7335354647, 4.9520233304, 4.9100710443, 2.9283177929, 3.8950519559, 3.0529607231, 4.5413072159, 4.4702988416, 4.9918356833, 5.4669784333, 4.9877509238, 2.8855424208]
    ],
    [
      [7.469984599, 6.3271296556, 10.235778065, 8.6027466043, 2.5040806669, 4.8557411321, 4.8279693802, 5.0170656989, 7.224552405, 5.7633348868, 5.4498198731, 10.4294671955, 8.0917077886, 27.1653389082, 26.5344711064, 29.8910917751, 30.8307007503, 32.3540040915, 22.0184401001, 36.9270228072, 26.9723978422, 29.0006913161, 34.9824243728, 28.6676809764, 34.4971186063, 6.6910285717, 5.1923393462, 5.0871728914, 4.6223441824, 5.8165958856, 6.4865909358, 5.0784305779, 8.3481312263, 4.2355666133, 5.8064933194, 4.1384385302, 5.7800752065, 5.4985303276, 3.4136185837, 5.8536991948, 2.8032126031, 5.8228969924, 3.0709258388, 4.4141630979, 5.2107690101, 5.416960481, 7.8016482217, 6.793521157, 8.9283452792, 7.9268360821],
      [2.8690665317, 0.93075332972, 2.1584740946, 2.3676693663, 1.2375982985, 2.3599843214, 2.2295545566, 1.6844647594, 2.5257868239, 0.51510810093, 0.76576283154, 4.9961719786, 7.9542478423, 13.5817589031, 8.8623662684, 9.6820938675, 7.6739705951, 9.7578871439, 9.9783625722, 10.7224473818, 7.1539985115, 8.8294813769, 5.62899639, 7.8275775853, 7.0887403786, 1.0272509263, 1.6360049152, 1.4576490431, 1.2555496128, 4.0094795899, 0.69595917109, 1.3914489533, 1.3742718386, 0.95848649361, 1.8088998556, 0.45962213173, 1.7227064252, 0.73511530328, 2.9722977928, 2.5572971366, 1.231252282, 1.6648368633, 2.0081174396, 2.9947048148, 2.2449620225, 1.9611950436, 1.205589759, 2.3985794435, 3.0296591744, 2.5555952543],
      [0.81051123015, 0.95717367062, 0.75145182207, 0.10537122585, 0.28503779876, 0.44412903853, 0.58430357366, 0.38769950414, 0.35838262126, 0.84246779572, 1.2941602656, 0.997720999, 1.9768486284, 4.1422128227, 3.7494669338, 4.3666771942, 3.7297041315, 3.2584896642, 3.0021535379, 2.2927462323, 2.9433602332, 3.1267303888, 1.9032535426, 4.7982897723, 2.1323650241, 1.2794175062, 0.011618185528, 0.29401212271, 0.18722022816, 1.4865692117, 0, 0.10231877866, 0.17838840987, 0, 0.46020716447, 0.85179976228, 0.90417303776, 0.15787900228, 1.2660372063, 0.79186431084, 1.8263436717, 0.29875732909, 1.8971776062, 3.3986633809, 1.729847971, 2.1888133563, 0.19760922113, 1.7992730507, 1.987312824, 0.54938027005],
      [2.0744143842, 2.5862500671, 2.3966781637, 1.932715587, 1.0187135735, 1.9851333979, 1.7240238673, 2.5116345222, 3.0217900053, 1.6015095239, 5.0753726592, 2.0063569174, 6.9461680935, 12.5423521207, 14.8916134948, 11.9859984915, 20.5704274962, 14.383093639, 23.0082641684, 13.9694249412, 16.2716065899, 9.4009557074, 21.4002769358, 9.956693591, 15.1003583442, 2.5707561876, 3.4175259689, 1.8644964603, 1.9594290061, 2.3616983092, 2.7158398739, 1.6704402682, 3.7631074474, 2.2810645943, 1.7028275872, 1.7602292181, 2.7701691959, 1.2639786298, 1.6799186596, 2.7795307148, 1.3612444019, 2.477958663, 1.9029202728, 2.9941124376, 1.6141963264, 2.3220897185, 2.191028817, 2.1471998449, 2.9972545008, 2.1637073159],
      [0.77602325496, 0.19869327698, 2.4576178546, 2.9914972166, 0.95456966238, 0.35501211008, 1.6341486222, 2.3991355154, 1.8694881445, 0.27757969269, 4.4148843705, 1.5702829095, 2.0310276472, 6.5683372452, 4.9620821967, 6.0741386716, 8.1951970269, 9.2465254614, 7.9927796214, 6.0883586374, 4.6586368232, 10.6421412108, 8.0850487588, 6.749758075, 5.1814176469, 0.43154680815, 1.7425115842, 1.2966694826, 0.97545697052, 1.3256570037, 2.1016100192, 0.75736142193, 2.3361010778, 0.52488229885, 2.2215720733, 0.7899103577, 0.82287613458, 0.34449673705, 2.6681277576, 0.017608643022, 0.77794704129, 0.73555015218, 0.12085884254, 0.19835626884, 0.20022466995, 0.11094140056, 1.6041239813, 0.86142650382, 0.057428221592, 0.80448107763]
    ],
    [
      [2.9694961265, 3.4371341204, 3.9351690089, 3.342559831, 2.438049258, 3.5776280304, 1.9682401582, 5.1505149516, 4.04227799, 4.095482644, 0.9591870887, 5.4364456889, 5.9407649306, 3.5218004247, 3.7423583853, 2.0396147686, 1.5047161211, 2.5625367522, 1.9963346404, 4.7999903752, 4.0127189482, 4.0974971423, 1.5863168397, 3.6503828819, 2.750492923, 19.2120312813, 19.9745422041, 23.5739003351, 22.521631931, 14.6506692758, 20.7622005989, 24.1219794674, 15.4294012571, 18.7276301747, 17.1624881658, 24.163186892, 18.9401924443, 13.4428245849, 4.7582214216, 2.179919251, 2.357613898, 1.3710479255, 3.0766352717, 2.1596787898, 4.6968512704, 5.3038230911, 2.9905021894, 2.6228249805, 3.0502963269, 2.0887115582],
      [0.076505578323, 1.0828742732, 0.36381788362, 1.4689790668, 1.8434148022, 0.67972535719, 0.15542931324, 0.86725662799, 1.1688490116, 2.4705974123, 0.92767674867, 0.0041323812936, 0.98766898846, 1.0047488928, 1.5962461764, 0.088985720118, 1.6613835485, 0.82183130813, 0.01347298465, 0.94641461167, 0.68379365174, 0.25880303652, 0.10677864751, 0.77835001708, 0.59947890268, 2.7780765978, 4.8462274282, 2.926908436, 1.9256341407, 2.7848516914, 2.0138779289, 5.0043656852, 3.2829360419, 2.64329926, 3.5952681325, 2.9604146174, 3.4326642254, 3.4638914254, 1.7960732825, 0.8231167053, 1.4871579456, 0.43561123141, 2.0158580561, 0.97515528517, 1.9910107105, 1.6104170563, 0.58824286369, 0.56265735086, 1.960001632, 0.9733118633],
      [0.18846852522, 0.11726255914, 0.58626841125, 0.02815397234, 0.2055665611, 0.63205250296, 0.64111472172, 0.81031854833, 0.4752761004, 0.7140044389, 0.27109074252, 0.28612463407, 0.024789334289, 0.58962691798, 1.7102750776, 1.142321606, 0.85940099612, 0.4926655025, 0.0062175545167, 0.18956621545, 0.83046211078, 0.61255830363, 0.13759740018, 0.04454316478, 0.71228475692, 1.6451878168, 0.81028324624, 0.98149729031, 0.50733653201, 1.7020054191, 0, 0.49454628729, 0.99851221117, 0, 1.3191320895, 1.5115058068, 1.193302169, 1.2548209244, 0.071979443233, 0.20831092524, 0.2832248895, 0.031300299088, 0.098991544732, 0.16296328387, 1.3873360979, 1.0383970936, 0.80172225639, 0.95483904773, 0.012279742487, 0.43122224235],
      [6.6502339136, 11.1434245288, 8.0723742021, 5.55016863, 4.278778906, 7.2577686379, 4.0499858807, 3.9036762163, 4.8357070999, 6.1206310901, 6.3244128753, 7.268454372, 9.0371272793, 4.2764174527, 8.4979576284, 5.7999455708, 6.654540283, 5.6303277157, 5.9886149848, 6.50452135, 6.3013389152, 8.1864555798, 2.6793594678, 4.0805742991, 6.202113321, 37.4981119439, 29.2125763968, 32.3953626162, 34.0954394072, 31.7760985204, 36.8849756129, 31.6712895684, 33.4743851977, 44.4860433152, 32.4641857568, 32.8331731388, 38.1163473861, 22.5172126282, 7.5485859542, 5.7843798381, 5.4590195127, 1.1309360887, 6.9628804814, 4.9135591201, 7.1656290461, 6.3128011787, 9.2055672355, 5.2044954972, 7.9941513615, 3.8474953578],
      [0.11529585629, 3.2193045184, 2.0423704942, 1.6101384999, 1.2341904727, 0.85282547159, 0.18522992611, 0.26823365582, 1.4778897981, 0.59928441471, 1.5176325448, 0.0048429237121, 0.009649467411, 0.60740631177, 1.4531627322, 0.92913233457, 0.31995905133, 0.49263872142, 0.99535983572, 0.55950744772, 1.1716863741, 0.84468593781, 0.48994764484, 1.4461496372, 0.7356300964, 5.8665923602, 4.1563707246, 6.1223313223, 3.9499579891, 4.0863750932, 10.3389458593, 3.7078189917, 4.8147652921, 4.1430272501, 6.4589258554, 3.5317195451, 3.3174937752, 2.321250437, 2.8251398985, 0.0042732803868, 2.4129837543, 0.031104455327, 2.8456346461, 1.7886435211, 1.7591728751, 2.7345615803, 0.41396545495, 1.6551831237, 1.9832709371, 0.65925897832]
    ],
    [
      [3.5939660748, 6.1667297052, 5.9124040098, 4.175856895, 2.5788813408, 3.7858191089, 6.8997942803, 6.8558296682, 2.3383401588, 4.4074857773, 3.6649062115, 5.5670682091, 6.0268209518, 3.9280991958, 1.1773051608, 4.1890101455, 1.5837217897, 1.3796291151, 3.988949115, 4.103014542, 2.5672296099, 2.0389450714, 5.0252294303, 6.4522769537, 2.8973470275, 6.7647789122, 8.9438463579, 2.9052758663, 7.9012567809, 5.3747693533, 3.0654378818, 5.679712259, 4.0849536493, 6.8300168, 3.8499189667, 7.8415272107, 3.4341523758, 20.0165186982, 20.5537434271, 27.712715571, 25.1381322921, 32.5798787434, 28.9553335507, 24.7958946441, 28.4433627702, 26.9199048777, 32.3959193786, 29.3951948567, 22.0599605772, 27.3812909909],
      [3.4683469082, 2.3281900093, 3.1389881788, 4.8353616945, 5.3666529099, 2.7355276888, 1.4362779482, 4.9395638468, 4.6513691532, 2.6903480107, 3.812291736, 2.9988547002, 4.9999991964, 4.3661620671, 3.0680426532, 3.0998630322, 1.2244859366, 2.3621839909, 2.006295469, 2.2948182255, 1.8145986936, 1.9774775517, 1.592073185, 1.398561051, 3.0216683113, 2.9434466903, 7.302477362, 2.1896026581, 2.6250599173, 5.3535301299, 1.1301983747, 4.0541250181, 3.5799238039, 3.0426429201, 1.5118755116, 1.9765366014, 1.8776188995, 11.4367479267, 16.1267780728, 19.6015658016, 20.9209789729, 21.9049584954, 16.8948798577, 18.7135986463, 18.3163243898, 13.002084333, 13.2036678821, 11.8374925197, 17.9769692479, 23.3394271795],
      [1.9942841179, 0.92180792014, 0.57878433223, 1.8599318046, 1.4918723624, 0.89877208581, 1.7645758904, 3.7969467231, 1.1508929486, 3.4230096953, 3.3681432176, 1.7152824641, 1.9958341278, 2.2598456725, 4.5205072213, 5.4887958338, 0.40029896917, 1.227746011, 1.9905911131, 0.51616212998, 1.2171163969, 1.2562226401, 0.95499922866, 1.1545570437, 1.0001582364, 1.0694782614, 0.17710045868, 0.72186962118, 0.30285678529, 1.7960554894, 0, 0.40275833606, 0.81735582752, 0, 1.2124444552, 1.630085972, 0.88891671171, 1.5870320437, 6.6619326813, 3.9997623387, 7.8695890157, 10.6511404597, 10.0030153184, 10.4100946646, 4.8821614958, 11.7716295164, 5.0005858084, 9.2247995026, 5.0001390544, 7.017796557],
      [3.9419993118, 3.6841004549, 1.7781623524, 2.6964970242, 1.3137537523, 2.1324382651, 3.8605650054, 4.6886311482, 2.9124893977, 1.8947088555, 2.1777356649, 1.7196644442, 6.9474890683, 1.7626972151, 2.2579516934, 0.20508828639, 1.4950017534, 1.0803820125, 1.0150419316, 1.3852933459, 3.4910428826, 2.5399210725, 2.3583796002, 2.1241715001, 2.0314872542, 2.9930090122, 3.3889082741, 1.7830603513, 3.7235757303, 1.7364948047, 1.3727678134, 2.7746590473, 3.1594598506, 3.4399484489, 1.6871598062, 2.7324475543, 2.1442668303, 5.556698679, 8.8843489396, 8.6598615424, 9.1723015592, 6.5589947019, 7.0083167177, 7.120372558, 4.8588561052, 3.6221830953, 4.4097520505, 8.5261011818, 7.9913812031, 6.6107677495],
      [1.0014035873, 0.89917191045, 1.5916611268, 0.43235258177, 1.2488396346, 0.4474428514, 1.0387868757, 1.7190286137, 0.94690834174, 0.58444766119, 0.97692316997, 0.9991301823, 0.029856655689, 0.68319584948, 0.97619327126, 1.0172427021, 1.2964915512, 0.95005887046, 0.99912237134, 0.70071175657, 0.91001241713, 1.1874336643, 1.0693185558, 1.8704334515, 1.0493391706, 0.22928712396, 1.1876675473, 0.40019150314, 0.44725078618, 0.73915022264, 0.43159593008, 0.088745339513, 0.35830686862, 0.68739183105, 0.73860126035, 0.81940266153, 0.65504518273, 0.40300265234, 6.7731968793, 2.0260947462, 3.8989981601, 3.3050275996, 1.1384545554, 0.96003948696, 2.499295239, 0.68419817764, 4.9900748804, 5.0164119391, 2.9715499175, 1.6507175232]
    ]
  ],
  "prob": [
    [0.24936625829, 0.056584236588, 0.00063087731853, 0.42544214313, 0.26797648468],
    [0.46874362732, 0.14814493236, 0.058498342263, 0.2198745366, 0.10473856146],
    [0.2988647057, 0.061734426047, 0.023976306223, 0.53122847573, 0.084196086294],
    [0.41182540869, 0.26873640501, 0.1200944742, 0.14505484454, 0.054288867568]
  ],
  "iterations": 18,
  "time": 0.315855,
  "message": "Converged",
  "status": 0,
  "miniter": 0,
  "maxiter": 1000,
  "maxtime": 3600,
  "param_threshold": 0.001,
  "ll_threshold": "-Inf",
  "initial_prob": "group_proportional",
  "ballotbox_id": ["1", "2", "3", "4", "5", "6", "7", "8", "9", "10", "11", "12", "13", "14", "15", "16", "17", "18", "19", "20", "21", "22", "23", "24", "25", "26", "27", "28", "29", "30", "31", "32", "33", "34", "35", "36", "37", "38", "39", "40", "41", "42", "43", "44", "45", "46", "47", "48", "49", "50"],
  "candidates_id": ["1", "2", "3", "4", "5"],
  "group_id": ["1", "2", "3", "4"]
}
