{
  "X": [
    [12, 20, 30, 50, 11],
    [5, 1, 8, 64, 5],
    [53, 77, 209, 687, 60],
    [11, 26, 51, 374, 22],
    [45, 43, 168, 579, 51],
    [34, 94, 172, 839, 60],
    [9, 24, 33, 337, 23],
    [20, 30, 71, 282, 34],
    [48, 101, 227, 848, 57],
    [45, 45, 162, 646, 60],
    [3, 8, 4, 79, 5],
    [0, 1, 6, 13, 3],
    [9, 13, 35, 193, 17],
    [0, 7, 13, 96, 12],
    [4, 11, 14, 165, 11],
    [1, 5, 16, 91, 5],
    [9, 16, 41, 296, 23],
    [2, 15, 22, 140, 13],
    [19, 5, 72, 59, 24],
    [2, 4, 6, 111, 10],
    [0, 1, 0, 25, 1],
    [1, 5, 23, 94, 8],
    [4, 12, 19, 125, 7],
    [4, 8, 16, 82, 7],
    [1, 5, 15, 115, 17],
    [47, 32, 141, 333, 51],
    [13, 22, 47, 109, 11],
    [50, 45, 146, 345, 55],
    [3, 3, 14, 92, 4],
    [3, 0, 6, 17, 1],
    [9, 15, 9, 181, 3],
    [22, 35, 69, 680, 50],
    [1, 4, 19, 77, 7],
    [12, 62, 91, 631, 29],
    [14, 13, 69, 145, 23],
    [8, 16, 22, 187, 16],
    [20, 32, 108, 469, 63],
    [14, 18, 63, 131, 21],
    [0, 0, 8, 26, 3],
    [3, 9, 17, 93, 14],
    [11, 10, 37, 161, 27],
    [12, 16, 56, 196, 21],
    [26, 22, 102, 243, 26],
    [48, 59, 178, 516, 66],
    [1, 3, 6, 39, 6],
    [3, 10, 21, 117, 13],
    [33, 42, 90, 350, 38],
    [31, 16, 79, 264, 17],
    [8, 4, 14, 56, 7],
    [24, 35, 131, 459, 45],
    [9, 28, 89, 359, 42],
    [0, 2, 5, 26, 2],
    [32, 42, 87, 456, 39],
    [0, 3, 8, 83, 5],
    [7, 18, 72, 162, 30],
    [27, 25, 192, 118, 40],
    [68, 50, 329, 317, 79],
    [31, 23, 308, 106, 39],
    [29, 28, 171, 135, 41],
    [33, 34, 201, 120, 33],
    [33, 19, 182, 114, 42],
    [35, 45, 223, 346, 41],
    [3, 3, 9, 38, 1],
    [6, 2, 32, 21, 25],
    [50, 36, 169, 283, 75],
    [0, 1, 16, 44, 3],
    [15, 33, 65, 257, 14],
    [1, 6, 12, 36, 14],
    [5, 6, 14, 60, 16],
    [0, 0, 0, 5, 0],
    [1, 0, 5, 10, 1],
    [263, 299, 1086, 3930, 386],
    [23, 40, 104, 310, 27],
    [78, 193, 426, 1159, 133],
    [2, 20, 38, 132, 2]
  ],
  "W": [
    [7, 22, 25, 42, 23, 4],
    [2, 3, 8, 62, 6, 2],
    [34, 96, 199, 629, 81, 47],
    [8, 25, 60, 360, 19, 12],
    [29, 61, 157, 519, 85, 35],
    [37, 131, 166, 746, 73, 46],
    [16, 26, 41, 314, 21, 8],
    [15, 46, 53, 261, 44, 18],
    [45, 108, 208, 788, 90, 42],
    [38, 49, 167, 582, 86, 36],
    [6, 9, 1, 75, 2, 6],
    [1, 3, 5, 12, 2, 0],
    [10, 15, 29, 165, 33, 15],
    [2, 8, 9, 98, 5, 6],
    [5, 15, 15, 156, 6, 8],
    [5, 3, 16, 85, 2, 7],
    [12, 28, 40, 274, 13, 18],
    [3, 12, 20, 134, 9, 14],
    [5, 10, 65, 64, 25, 10],
    [6, 5, 3, 107, 6, 6],
    [4, 0, 0, 21, 1, 1],
    [6, 8, 21, 89, 1, 6],
    [5, 8, 17, 117, 11, 9],
    [4, 9, 14, 73, 10, 7],
    [17, 5, 14, 102, 9, 6],
    [42, 41, 120, 292, 85, 24],
    [4, 23, 46, 101, 24, 4],
    [39, 35, 135, 330, 79, 23],
    [5, 6, 14, 85, 3, 3],
    [0, 0, 5, 16, 3, 3],
    [3, 11, 13, 168, 11, 11],
    [27, 65, 64, 630, 47, 23],
    [5, 9, 21, 65, 4, 4],
    [21, 73, 98, 560, 37, 36],
    [11, 28, 66, 120, 23, 16],
    [8, 17, 23, 172, 14, 15],
    [46, 39, 114, 431, 41, 21],
    [5, 18, 55, 118, 33, 18],
    [2, 3, 8, 24, 0, 0],
    [7, 10, 23, 75, 5, 16],
    [12, 17, 39, 147, 20, 11],
    [15, 22, 57, 170, 25, 12],
    [10, 19, 106, 208, 47, 29],
    [29, 54, 181, 459, 112, 32],
    [5, 3, 7, 35, 1, 4],
    [6, 16, 25, 102, 10, 5],
    [17, 48, 106, 314, 47, 21],
    [13, 33, 71, 220, 45, 25],
    [4, 8, 14, 47, 10, 6],
    [28, 55, 135, 401, 45, 30],
    [21, 59, 92, 312, 21, 22],
    [2, 2, 5, 24, 0, 2],
    [29, 54, 85, 410, 49, 29],
    [6, 3, 8, 70, 3, 9],
    [15, 20, 79, 145, 18, 12],
    [12, 23, 190, 106, 54, 17],
    [28, 52, 324, 270, 117, 52],
    [15, 22, 320, 75, 48, 27],
    [14, 32, 175, 113, 52, 18],
    [10, 37, 198, 91, 64, 21],
    [21, 21, 188, 90, 50, 20],
    [27, 48, 230, 297, 69, 19],
    [1, 5, 8, 33, 5, 2],
    [1, 9, 37, 16, 11, 12],
    [22, 52, 152, 252, 90, 45],
    [1, 2, 17, 38, 3, 3],
    [11, 37, 62, 229, 20, 25],
    [2, 6, 13, 28, 10, 10],
    [14, 3, 16, 54, 9, 5],
    [0, 0, 0, 5, 0, 0],
    [0, 1, 6, 8, 2, 0],
    [214, 401, 1039, 3578, 497, 235],
    [11, 41, 104, 283, 44, 21],
    [64, 199, 431, 1059, 134, 102],
    [1, 33, 27, 123, 3, 7]
  ],
  "method": "mvn_cdf",
  "mvncdf_method": "genz",
  "mvncdf_samples": 5000,
  "mvncdf_error": 0.001,
  "cond_prob": [
    [
      [0.021059045707, 0.037280144333, 0.023496872295, 0.38870354851, 0.52946038915],
      [0.0046129497526, 0.65103844551, 0.095159412084, 0.20320348332, 0.045985709334],
      [0.017069030129, 0.043118387331, 0.87671655103, 0.012114251592, 0.050981779913],
      [0.0018967149477, 0.035512465051, 0.0045249786605, 0.94624915914, 0.0118166822],
      [0.48237073166, 0.09076014497, 0.22784293137, 0.063567047963, 0.13545914403],
      [0.037546794074, 0.18980665967, 0.098416131724, 0.32530886263, 0.3489215519]
    ],
    [
      [0.031073168649, 0.0049307284581, 0.013830335887, 0.33476282019, 0.61540294681],
      [0.016177214446, 0.2311649139, 0.11732924096, 0.51191956637, 0.12340906432],
      [0.037905939115, 0.0057250057749, 0.8607726862, 0.0064324000251, 0.089163968889],
      [0.00087458172594, 0.0020813028139, 0.00041275342636, 0.98155976968, 0.01507159235],
      [0.73158616196, 0.0095474720946, 0.096976962526, 0.037948663485, 0.12394073993],
      [0.071166733826, 0.032259074082, 0.063358814095, 0.3294293795, 0.5037859985]
    ],
    [
      [0.025397928995, 0.022888067014, 0.019475897887, 0.47499226739, 0.45724583872],
      [0.007179773858, 0.49198791974, 0.11445337949, 0.33332056451, 0.053058362405],
      [0.023034025191, 0.031385561772, 0.88088293684, 0.012847601654, 0.051849874544],
      [0.00088302115987, 0.020080288232, 0.0018020143445, 0.96955652491, 0.0076781513546],
      [0.54410248288, 0.055973204158, 0.20229532614, 0.080356778614, 0.11727220821],
      [0.047568504008, 0.11874271913, 0.096493663179, 0.42414601599, 0.31304909769]
    ],
    [
      [0.013489377098, 0.023278770679, 0.0064017185847, 0.46390389671, 0.49292623693],
      [0.003895306568, 0.511081785, 0.049865946731, 0.37906591099, 0.05609105071],
      [0.024403528473, 0.062134599869, 0.7753400729, 0.03117319415, 0.10694860461],
      [0.00081599498586, 0.017135335436, 0.00032399647514, 0.97460368187, 0.0071209912301],
      [0.45900967113, 0.086323211835, 0.13456887997, 0.132215624, 0.18788261306],
      [0.026295722023, 0.1249822863, 0.042357146544, 0.46435892268, 0.34200592245]
    ],
    [
      [0.016862871666, 0.016133794849, 0.016646897688, 0.52475608154, 0.42560035425],
      [0.0055562814612, 0.40111039856, 0.1112361311, 0.42515901258, 0.056938176296],
      [0.018259754266, 0.026132935974, 0.88160616741, 0.016765994761, 0.057235147592],
      [0.0007259896268, 0.012618968414, 0.0011292705213, 0.97875356579, 0.0067722056453],
      [0.46787381015, 0.051039773066, 0.22061073707, 0.11926870271, 0.141206977],
      [0.033119990096, 0.087825410609, 0.085190389584, 0.48869063754, 0.30517357218]
    ],
    [
      [0.012108093036, 0.021653695403, 0.013260015794, 0.55783129086, 0.3951469049],
      [0.0035457493219, 0.47846187687, 0.079412302998, 0.39140854038, 0.047171530432],
      [0.01582997811, 0.042463213598, 0.85514329817, 0.022348019272, 0.064215490853],
      [0.00045372344853, 0.016354089094, 0.00089628788825, 0.9765208333, 0.005775066265],
      [0.39780999857, 0.081180186529, 0.21056849823, 0.15487716155, 0.15556415512],
      [0.023502683532, 0.1161980405, 0.067661936776, 0.51272560457, 0.27991173462]
    ],
    [
      [0.0076942065966, 0.019612234415, 0.0053107311772, 0.55427114196, 0.41311168585],
      [0.0025443051881, 0.48281920397, 0.034108241445, 0.42705296001, 0.053475289389],
      [0.022651525526, 0.079047386331, 0.71616806785, 0.044753459915, 0.13737956038],
      [0.00078238695083, 0.015154813874, 0.00015396913436, 0.9779214043, 0.0059874257367],
      [0.35666359716, 0.10004646035, 0.1129611259, 0.20975413458, 0.22057468202],
      [0.018302896267, 0.12904686036, 0.030599161225, 0.46515439177, 0.35689669037]
    ],
    [
      [0.015425855081, 0.01617448828, 0.02329686278, 0.37330603576, 0.5717967581],
      [0.0054830873078, 0.43839580939, 0.16543349936, 0.30848379907, 0.082203804871],
      [0.012949019291, 0.019182942661, 0.90394556571, 0.0081972600075, 0.055725212329],
      [0.0012046979486, 0.018625772879, 0.00097521930274, 0.96621946759, 0.012974842277],
      [0.40834263549, 0.048128124311, 0.28938046242, 0.075745735607, 0.17840304218],
      [0.030477222729, 0.088639738434, 0.11912325115, 0.34775591763, 0.41400387005]
    ],
    [
      [0.019479557959, 0.03079277858, 0.021976800189, 0.51935087663, 0.40839998664],
      [0.0046583376595, 0.54745755852, 0.10728000152, 0.30151127258, 0.039092829721],
      [0.016081487742, 0.037655257323, 0.89352914341, 0.011399362007, 0.041334749523],
      [0.0010836417377, 0.023853553873, 0.0021988410288, 0.96752895461, 0.0053350087456],
      [0.45482364265, 0.081892114038, 0.24942395351, 0.099962892043, 0.11389739776],
      [0.035412677302, 0.15451724774, 0.10452141554, 0.43536784036, 0.27018081905]
    ],
    [
      [0.01423485916, 0.017184206842, 0.011621136914, 0.54115662016, 0.41580317692],
      [0.0047015918511, 0.43309733348, 0.077180925113, 0.42863168291, 0.056388466647],
      [0.021215947361, 0.038449758247, 0.83894481964, 0.024350248529, 0.077039226226],
      [0.00071110262669, 0.013480415591, 0.00053818677197, 0.97864976248, 0.0066205325342],
      [0.45633443045, 0.06300780694, 0.17670588628, 0.14407791826, 0.15987395808],
      [0.028528094301, 0.095551330602, 0.060078212955, 0.51115949265, 0.30468286949]
    ],
    [
      [0.070740467181, 0.048287280722, 0.18206535762, 0.25112610346, 0.44778079102],
      [0.0060241599191, 0.55495069695, 0.1105150194, 0.29109080559, 0.037419318137],
      [0.061231493098, 0.0090845375612, 0.91506095409, 0.0028142157964, 0.011808799452],
      [0.00085718600524, 0.025268572268, 0.0039271969922, 0.96407088473, 0.0058761600041],
      [0.93170612237, 0.0078729216386, 0.038368871634, 0.0087483363556, 0.013303747997],
      [0.088734511567, 0.13262445703, 0.10443903465, 0.42463314761, 0.24956884914]
    ],
    [
      [0, 0.0035799422334, 0.027752605263, 0.071069054259, 0.89759839825],
      [0, 0.29281729017, 0.201335922, 0.32196102146, 0.18388576638],
      [0, 0.0036172423081, 0.91406402064, 0.011968419625, 0.070350317429],
      [0, 0.0029516604086, 0.00025945397517, 0.96828657258, 0.028502313038],
      [0, 0.032231025409, 0.39740303892, 0.14188345615, 0.42848247951],
      ["NaN", "NaN", "NaN", "NaN", "NaN"]
    ],
    [
      [0.0050154274633, 0.015082385692, 0.011323516528, 0.65322722172, 0.3153514486],
      [0.001416883058, 0.3727548898, 0.066392389156, 0.51785479776, 0.041581040225],
      [0.0073913677325, 0.036468560815, 0.82457143764, 0.067839247897, 0.063729385911],
      [9.5219260734e-05, 0.0092733913548, 0.0024459057639, 0.98255858784, 0.0056268957762],
      [0.25917555171, 0.10302439543, 0.26568785126, 0.162369346, 0.20974285559],
      [0.0097158953771, 0.084689993983, 0.053802250873, 0.61681414766, 0.2349777121]
    ],
    [
      [0, 0.014908234587, 0.011683237908, 0.075415344383, 0.89799318312],
      [0, 0.44837843681, 0.22692176528, 0.15688628973, 0.16781350819],
      [0, 0.016640424716, 0.89716886973, 0.0025119097206, 0.083678795829],
      [0, 0.022864522792, 0.0044137193727, 0.94978454722, 0.022937210619],
      [0, 0.11268844508, 0.40972829316, 0.058365339371, 0.41921792238],
      [0, 0.071537792487, 0.10092560167, 0.20012658031, 0.62741002553]
    ],
    [
      [0.013347047583, 0.016622462489, 0.0078841495665, 0.44476335698, 0.51738298338],
      [0.010695469132, 0.45219302774, 0.051285431264, 0.41540419478, 0.07042187708],
      [0.024017429469, 0.044369501266, 0.79860040325, 0.02199967111, 0.1110129949],
      [0.00030662947916, 0.014913607527, 0.00023825916717, 0.97542516544, 0.0091163383905],
      [0.52500305837, 0.065900773914, 0.1380297124, 0.06167734557, 0.20938910975],
      [0.026839841764, 0.093315291839, 0.043368128744, 0.45984191816, 0.37663481949]
    ],
    [
      [0.0068854722635, 0.022234860078, 0.030670453793, 0.58546735193, 0.35474186194],
      [0.002175247299, 0.58467582843, 0.096011150851, 0.27353890286, 0.043598870559],
      [0.0082519692647, 0.033206761928, 0.89893510068, 0.018317204544, 0.041288963587],
      [0.0004658890322, 0.018091063445, 0.00046888448291, 0.97662457176, 0.0043495912817],
      [0.3479663854, 0.1092013965, 0.29281707936, 0.076505951882, 0.17350918686],
      [0.013068864286, 0.12104954823, 0.078594761129, 0.54183867941, 0.24544814694]
    ],
    [
      [0.016517369254, 0.012215204593, 0.012400901463, 0.4619540911, 0.49691243359],
      [0.0062504757824, 0.36667618777, 0.099247161994, 0.44993878569, 0.077887388759],
      [0.021692014858, 0.024403744902, 0.85430437635, 0.018109002962, 0.081490860931],
      [0.00085938587806, 0.010175308276, 0.00089743768997, 0.97885157176, 0.009216296394],
      [0.53241312524, 0.043533437538, 0.18788669669, 0.05263826286, 0.18352847767],
      [0.033458627447, 0.069798074203, 0.067314922702, 0.45801537272, 0.37141300293]
    ],
    [
      [0.0057207144463, 0.031026518804, 0.012081967674, 0.34306481961, 0.60810597947],
      [0.00070011821361, 0.59964619401, 0.078354883511, 0.26479450825, 0.056504296014],
      [0.0029243729209, 0.050182410152, 0.86463422327, 0.0093891282705, 0.072869865389],
      [0.00012374108845, 0.024341859533, 0.0018513652344, 0.96244254794, 0.011240486205],
      [0.20428627566, 0.13194012847, 0.27296733931, 0.14799222956, 0.242814027],
      [0.0043422280644, 0.16130339848, 0.073287288165, 0.37901838477, 0.38204870051]
    ],
    [
      [0.037926358602, 0.00623760854, 0.019339747078, 0.069834475888, 0.86666180989],
      [0.022924447256, 0.29077796391, 0.35882490532, 0.1395407511, 0.18793193242],
      [0.018235397673, 0.0022369615095, 0.91861449082, 0.00094047797817, 0.059972672018],
      [0.021625680686, 0.02050177316, 0.019024304027, 0.87622627416, 0.062621967962],
      [0.60826705405, 0.0096559635003, 0.22811755965, 0.0075842284061, 0.14637519439],
      [0.080510297053, 0.036211725035, 0.1684615859, 0.092620178431, 0.62219621358]
    ],
    [
      [0.0065395676768, 0.010105534776, 0.090377907573, 0.27603209636, 0.61694489361],
      [0.0029891723648, 0.39317835689, 0.11684775469, 0.37993087231, 0.10705384374],
      [0.010404960703, 0.023476940861, 0.92664776799, 0.0049419647304, 0.034528365715],
      [0.00021919597413, 0.011684333697, 0.0015365865083, 0.97463039156, 0.011929492256],
      [0.30129291973, 0.047414490726, 0.25089425742, 0.12429653662, 0.2761017955],
      [0.013898393732, 0.061388922391, 0.070628362701, 0.39968267483, 0.45440164635]
    ],
    [
      [0, 0.085637918962, 0, 0.71363505578, 0.20072702526],
      ["NaN", "NaN", "NaN", "NaN", "NaN"],
      ["NaN", "NaN", "NaN", "NaN", "NaN"],
      [0, 0.01490913663, 0, 0.98477417635, 0.00031668702193],
      [0, 0.23133375096, 0, 0.65911780729, 0.10954844175],
      [0, 0.11302270396, 0, 0.80608426629, 0.080893029748]
    ],
    [
      [0.0096551256212, 0.012987299006, 0.11043131488, 0.31343182652, 0.55349443398],
      [0.0032005020059, 0.37266077411, 0.19281956047, 0.35953259477, 0.071786568652],
      [0.0059562905228, 0.012190796426, 0.93604603256, 0.0071946522078, 0.038612228282],
      [0.0015394501811, 0.013215807241, 0.0013790509027, 0.97338780188, 0.010477889793],
      [0.54573749026, 0.082024933938, 0.17816800608, 0.037531873785, 0.15653769594],
      [0.018105762144, 0.071091918303, 0.1394975678, 0.40383572417, 0.36746902759]
    ],
    [
      [0.0089580220097, 0.034761353326, 0.015251085951, 0.58694296644, 0.35408657227],
      [0.0020204624505, 0.63422738862, 0.068636044683, 0.26315657853, 0.03195952571],
      [0.0098228473351, 0.055821587369, 0.87453188008, 0.013651178043, 0.046172507174],
      [0.00036349568127, 0.023410979108, 0.0015075498781, 0.97001103985, 0.0047069354794],
      [0.32573683598, 0.1326599891, 0.244822331, 0.15755270627, 0.13922813765],
      [0.01626928835, 0.17834030038, 0.070909474963, 0.500399009, 0.23408192731]
    ],
    [
      [0.00936051069, 0.021343141663, 0.014662785118, 0.55258765563, 0.4020459069],
      [0.0026469576022, 0.4927216701, 0.079842993714, 0.37897698799, 0.045811390593],
      [0.010685311913, 0.038491174498, 0.88267408863, 0.011234934025, 0.056914490937],
      [0.00019932213925, 0.017426490009, 0.0001928966262, 0.97542095877, 0.0067603324534],
      [0.36462197808, 0.084732423531, 0.2357630607, 0.14853447097, 0.16634806671],
      [0.018338667866, 0.11739970764, 0.070516087801, 0.5043561013, 0.28938943539]
    ],
    [
      [0.00084527559444, 0.015497982603, 0.0078357593877, 0.42037351519, 0.55544746722],
      [0.00081078571914, 0.40997078935, 0.076789202439, 0.43394057635, 0.078488646143],
      [0.0016633724643, 0.0331844462, 0.8448613648, 0.022040738682, 0.098250077857],
      [4.1495457213e-05, 0.0077859573251, 0.0022984476776, 0.98098302285, 0.008891076686],
      [0.10258883528, 0.11101079515, 0.23559646, 0.25182776521, 0.29897614437],
      [0.0051261862794, 0.071472216445, 0.049996194664, 0.50810980008, 0.36529560253]
    ],
    [
      [0.022934726455, 0.019313513687, 0.015958878981, 0.42181122327, 0.51998165761],
      [0.007235329616, 0.42979916582, 0.15454097715, 0.34751703905, 0.060907488373],
      [0.017322079404, 0.020673801599, 0.90492678482, 0.011872953858, 0.04520438032],
      [0.0015873059051, 0.016878714578, 0.0027926393399, 0.96978096696, 0.0089603732195],
      [0.4960879701, 0.045481742878, 0.25487106078, 0.078032902174, 0.12552632407],
      [0.042936360986, 0.095486568065, 0.12178508283, 0.4084223551, 0.33136963302]
    ],
    [
      [0.01980029793, 0.033663839869, 0.016076198673, 0.44860189016, 0.48185777337],
      [0.0046651158295, 0.60645074166, 0.083893162404, 0.2611888008, 0.043802179309],
      [0.019165941597, 0.047388968466, 0.86307952066, 0.014355422053, 0.056010147228],
      [0.0010928726115, 0.028026277069, 0.0016441532534, 0.96030789073, 0.0089288063368],
      [0.48602764565, 0.089575386984, 0.20153302617, 0.090723144693, 0.1321407965],
      [0.039206050361, 0.18915544034, 0.075410603275, 0.34236204257, 0.35386586345]
    ],
    [
      [0.03066715549, 0.029320739211, 0.021003211426, 0.33356341723, 0.58544547664],
      [0.0078548508698, 0.59227266358, 0.13132688533, 0.2071264368, 0.06141916342],
      [0.022518197744, 0.031497689253, 0.88674208127, 0.0072845374081, 0.05195749432],
      [0.0020673675092, 0.032695065908, 0.0041514770314, 0.94709953421, 0.013986555344],
      [0.55084069532, 0.059292842586, 0.21279391039, 0.055107491104, 0.1219650606],
      [0.056106880523, 0.14788059054, 0.11711071542, 0.2983413393, 0.38056047422]
    ],
    [
      [0.023812144085, 0.010722864194, 0.045905800016, 0.57357671301, 0.34598247869],
      [0.0081285853076, 0.3131602579, 0.10155773588, 0.53015239888, 0.047001022035],
      [0.025903337443, 0.016850975271, 0.89572507273, 0.018650327782, 0.042870286772],
      [0.0014225500474, 0.0065763381296, 0.00077304418963, 0.98698898589, 0.0042390817433],
      [0.73419167092, 0.028456047263, 0.10965611324, 0.037198626944, 0.090497541638],
      [0.048676425581, 0.062384531668, 0.075432156856, 0.56147925709, 0.25202762881]
    ],
    [
      ["NaN", "NaN", "NaN", "NaN", "NaN"],
      ["NaN", "NaN", "NaN", "NaN", "NaN"],
      [0.024379279514, 0, 0.96599537847, 0.0021687580622, 0.0074565839543],
      [0.001678905847, 0, 0.017163070032, 0.97647238001, 0.0046856441133],
      [0.83238056902, 0, 0.12782022597, 0.012482220176, 0.027316984833],
      [0.11803313393, 0, 0.17065110308, 0.44271715635, 0.26859860664]
    ],
    [
      [0.024352033489, 0.038133521401, 0.004287072342, 0.74439413615, 0.18883323661],
      [0.0050803801475, 0.60293206271, 0.018039406067, 0.36197451994, 0.011973631133],
      [0.092853462265, 0.19773961095, 0.61574059776, 0.068427415377, 0.025238913651],
      [0.00037960754847, 0.015758521465, 7.0504679011e-05, 0.98306576247, 0.00072560383723],
      [0.64941519485, 0.09912981294, 0.050413372317, 0.14905631638, 0.051985303511],
      [0.041511226998, 0.17680656865, 0.019789605804, 0.64553399064, 0.1163586079]
    ],
    [
      [0.011026850261, 0.011574796975, 0.0097848854188, 0.47123037284, 0.49638309451],
      [0.0044578627953, 0.35508509998, 0.081873991391, 0.4773686184, 0.081214427433],
      [0.018611344804, 0.029180342011, 0.83113135423, 0.017927843146, 0.1031491158],
      [0.00064471629317, 0.0092314580445, 0.00099187659076, 0.98074414129, 0.0083878077784],
      [0.409719421, 0.04875871155, 0.17646031575, 0.14688715996, 0.21817439174],
      [0.024278427918, 0.070953438404, 0.056655430004, 0.44904053232, 0.39907217136]
    ],
    [
      [0.0032162321158, 0.0086376311508, 0.0080847416767, 0.61740419511, 0.36265719995],
      [0.0011635435948, 0.28789144176, 0.056628243206, 0.5959036929, 0.058413078541],
      [0.0042788625852, 0.031572924611, 0.83318515095, 0.034924535917, 0.096038525933],
      [5.8057460689e-05, 0.0039722702278, 0, 0.98827547538, 0.0076941969307],
      [0.21300871523, 0.058086157032, 0.19898713835, 0.27935456881, 0.25056342057],
      [0.0069455592253, 0.053053814657, 0.03927134483, 0.61527658978, 0.28545269151]
    ],
    [
      [0.0060840859706, 0.025212398054, 0.0080608985082, 0.676488169, 0.28415444847],
      [0.0015305183724, 0.49168156623, 0.043713395289, 0.4333976344, 0.029676885707],
      [0.010641779418, 0.075280097963, 0.8062245604, 0.038804451038, 0.069049111182],
      [0.00010740078069, 0.015404747547, 0.00085781873376, 0.98124428946, 0.0023857434804],
      [0.27678857316, 0.12968933809, 0.18007097818, 0.26010397378, 0.15334713679],
      [0.011563620172, 0.13264365471, 0.041295324239, 0.61756210589, 0.19693529499]
    ],
    [
      [0.018381336504, 0.010047056575, 0.019748614336, 0.45585673563, 0.49596625696],
      [0.0075657833065, 0.33702793418, 0.1363410297, 0.43434809065, 0.084717162166],
      [0.019667984, 0.014893279973, 0.88406999062, 0.015925931726, 0.065442813678],
      [0.0011682003124, 0.0068961129608, 0.0025410222253, 0.97917160931, 0.010223055195],
      [0.50180684914, 0.030476339077, 0.21209520947, 0.099123452719, 0.15649814959],
      [0.037883428384, 0.058828399279, 0.089592784038, 0.43701783417, 0.37667755413]
    ],
    [
      [0.013771133652, 0.020899999139, 0.0088309776435, 0.49242846255, 0.46406942702],
      [0.0043287408434, 0.50714078214, 0.055978486468, 0.37452897393, 0.058023016611],
      [0.028406580588, 0.056020719921, 0.79539585529, 0.02175443058, 0.098422413617],
      [0.0003433150127, 0.017919094227, 0.00024229672065, 0.97322736653, 0.0082679275129],
      [0.47756908453, 0.077109202624, 0.13884545951, 0.1285863969, 0.17788985644],
      [0.027858241152, 0.11742114057, 0.046540117871, 0.46652741601, 0.3416530844]
    ],
    [
      [0.011645277797, 0.015122662742, 0.010038006462, 0.40199725552, 0.56119679747],
      [0.0044068044, 0.43107374048, 0.088151548247, 0.39127443663, 0.085093470246],
      [0.017067653997, 0.033020043031, 0.82777402411, 0.021756368714, 0.10038191014],
      [0.00075399482466, 0.014976317847, 0.0016087060227, 0.97321236584, 0.0094486154686],
      [0.40250945944, 0.058871988027, 0.18892947032, 0.12236034644, 0.22732873578],
      [0.024708556553, 0.088554868016, 0.061649618734, 0.39509015736, 0.42999679934]
    ],
    [
      [0.013750760888, 0.023118984621, 0.014392709178, 0.38246408527, 0.56627346005],
      [0.0040124732336, 0.50474044305, 0.12969306652, 0.29862170549, 0.062932311707],
      [0.011247289127, 0.027876571137, 0.89190969558, 0.014601906563, 0.054364537593],
      [0.00054107427766, 0.023186185209, 0.0012270489033, 0.96357673185, 0.011468959757],
      [0.384936915, 0.070797590248, 0.286712575, 0.081564353834, 0.17598856592],
      [0.026314211977, 0.12186529759, 0.10734562523, 0.36198366548, 0.38249119971]
    ],
    [
      [0, 0, 0.05578757851, 0.17611712205, 0.76809529944],
      [0, 0, 0.18447531775, 0.66708179658, 0.14844288567],
      [0, 0, 0.91521359011, 0.021492709598, 0.063293700294],
      [0, 0, 0.00055375703605, 0.97810744539, 0.021338797573],
      ["NaN", "NaN", "NaN", "NaN", "NaN"],
      ["NaN", "NaN", "NaN", "NaN", "NaN"]
    ],
    [
      [0.0072187137341, 0.015459784493, 0.0053236539346, 0.5847964806, 0.38720136724],
      [0.0026217148651, 0.41508377617, 0.029270678825, 0.49853347697, 0.054490353178],
      [0.027873369596, 0.075014929622, 0.6864364315, 0.059726385595, 0.15094888368],
      [0.00016343702498, 0.011974066708, 0.00087471748952, 0.9807869031, 0.0062008756805],
      [0.39733818922, 0.086829667122, 0.097758693917, 0.18879844088, 0.22927500887],
      [0.017700976971, 0.10521231418, 0.020474526771, 0.5027733163, 0.35383886578]
    ],
    [
      [0.012896980828, 0.0091591023833, 0.0093734667188, 0.34108438435, 0.62748606572],
      [0.0065451251747, 0.35589599683, 0.092108178111, 0.42084500112, 0.12460569877],
      [0.022861923499, 0.023822574459, 0.8045105078, 0.016460661159, 0.13234433308],
      [0.0019355131417, 0.010652568506, 0.0024469480601, 0.97468833424, 0.010276636055],
      [0.46210449825, 0.035950824697, 0.15045134603, 0.097038173314, 0.25445515771],
      [0.028703971704, 0.056894032465, 0.052458298363, 0.35370072586, 0.50824297161]
    ],
    [
      [0.011678744211, 0.016007380759, 0.010983827331, 0.53848561994, 0.42284442776],
      [0.003922590668, 0.40972549935, 0.079102139162, 0.45086126193, 0.056388508892],
      [0.017583884149, 0.034751502537, 0.85081725432, 0.021882879943, 0.074964479047],
      [0.00040867761446, 0.012541965721, 0.00022887148295, 0.97986058335, 0.0069599018351],
      [0.41539042998, 0.062578056548, 0.19303784152, 0.15761237908, 0.17138129287],
      [0.023500375132, 0.08904225601, 0.06112982015, 0.51998626132, 0.30634128738]
    ],
    [
      [0.015391487387, 0.019063218157, 0.011001777001, 0.59261579542, 0.36192772204],
      [0.0045456994493, 0.44577435457, 0.073251340094, 0.43170017032, 0.044728435569],
      [0.021738511433, 0.040082085869, 0.84972062708, 0.026176933286, 0.062281842332],
      [0.00096927206786, 0.013799321935, 0.0017060819774, 0.9788331348, 0.0046921892208],
      [0.47565623047, 0.066062842407, 0.17893559716, 0.1483377757, 0.13100755425],
      [0.030964938012, 0.10743935944, 0.057344213096, 0.53543504777, 0.26881644168]
    ],
    [
      [0.01093776737, 0.022182965296, 0.012693887581, 0.51290447209, 0.44128090766],
      [0.0032082044504, 0.50162394541, 0.069250247891, 0.37195139521, 0.053966207034],
      [0.015897286829, 0.049263374495, 0.82516897061, 0.02773090542, 0.081939462649],
      [0.00052498086147, 0.01766978129, 0.001559297474, 0.97268940387, 0.0075565365055],
      [0.39023970512, 0.092191725995, 0.19583935013, 0.12811010752, 0.19361911124],
      [0.021385612545, 0.12238835147, 0.058970482471, 0.47526039589, 0.32199515763]
    ],
    [
      [0.0097525531406, 0.0168164473, 0.024836645673, 0.35524551278, 0.59334884111],
      [0.0034421926289, 0.50901500591, 0.050210485069, 0.36572480922, 0.071607507169],
      [0.030089035969, 0.046363696987, 0.7872935974, 0.032009131103, 0.10424453854],
      [0.00025213466565, 0.017469694458, 0.00017969673224, 0.97216803717, 0.009930436976],
      [0.64497301473, 0.082883973296, 0.053580536392, 0.046084277929, 0.17247819765],
      [0.019122419149, 0.092500896887, 0.038565053153, 0.45764212797, 0.39216950284]
    ],
    [
      [0.0044355485225, 0.012706551789, 0.005965728561, 0.52668649266, 0.45020567846],
      [0.0017377118865, 0.39353489013, 0.041383485716, 0.49235213154, 0.070991780726],
      [0.012268635282, 0.051595126627, 0.74784380404, 0.037217123091, 0.15107531096],
      [0.00012921439642, 0.011416016255, 0.0010083821078, 0.98144297769, 0.0060034095521],
      [0.25755497575, 0.077592623976, 0.13572318845, 0.23825415312, 0.29087505871],
      [0.010027562131, 0.079392876757, 0.029177579367, 0.50841872132, 0.37298326042]
    ],
    [
      [0.021452547864, 0.02124896514, 0.0085046232824, 0.49431864028, 0.45447522343],
      [0.0065749400061, 0.50297569693, 0.052466168202, 0.38044158876, 0.057541606097],
      [0.039995397575, 0.061103303608, 0.76790758508, 0.0248442004, 0.10614951333],
      [0.00050494400345, 0.017561289646, 0.00022245063188, 0.97378541184, 0.0079259038746],
      [0.57504624985, 0.064551143315, 0.10559752316, 0.11004565688, 0.1447594268],
      [0.042593869681, 0.11765882252, 0.043138486901, 0.46481601999, 0.33179280091]
    ],
    [
      [0.026686808426, 0.01191309875, 0.018284637294, 0.64501746214, 0.29809799339],
      [0.0089934137714, 0.31206494337, 0.11904361779, 0.51932181761, 0.04057620745],
      [0.03013621846, 0.019625319875, 0.89602464867, 0.020505148427, 0.033708664567],
      [0.0005631670388, 0.0052056652721, 0.0038004054253, 0.9886117394, 0.0018190228673],
      [0.59453315987, 0.029436172606, 0.18204650361, 0.11688493329, 0.07709923062],
      [0.0535491353, 0.067348589866, 0.087517136655, 0.5706753123, 0.22090982588]
    ],
    [
      [0.029528550582, 0.009975659491, 0.012637908917, 0.50200968626, 0.44584819475],
      [0.011425404183, 0.34409014272, 0.089049621785, 0.48296960761, 0.072465223702],
      [0.036927112027, 0.026480572316, 0.84421276159, 0.01611845601, 0.076261098058],
      [0.00060902505421, 0.005434032581, 5.4080291487e-05, 0.98397546255, 0.0099273995272],
      [0.68796145714, 0.022698600513, 0.10621649789, 0.077632501191, 0.10549094326],
      [0.060877374483, 0.059043778564, 0.058894329193, 0.47989570973, 0.34128880803]
    ],
    [
      [0.013141689319, 0.014385701664, 0.012236143658, 0.53782365276, 0.4224128126],
      [0.0046359642232, 0.38480750437, 0.08637240671, 0.46369282453, 0.060491300171],
      [0.018885576349, 0.030891559923, 0.85258124979, 0.022395831336, 0.075245782597],
      [0.00066705913007, 0.010932857646, 0.00061545593625, 0.98082433247, 0.0069602948147],
      [0.43918292641, 0.054561145676, 0.19205390408, 0.14658992613, 0.1676120977],
      [0.026559315332, 0.080769985065, 0.063973779073, 0.51690970487, 0.31178721566]
    ],
    [
      [0.0077740757608, 0.010212893719, 0.011351986839, 0.46703831552, 0.50362272816],
      [0.0033655323464, 0.34870441148, 0.093193964227, 0.46388991724, 0.090846174704],
      [0.012229706034, 0.024422862031, 0.83458918259, 0.028436823501, 0.10032142584],
      [0.00019412157643, 0.0082285677614, 0.0020753994025, 0.98089310141, 0.0086088098481],
      [0.3376467542, 0.050382368381, 0.21603015936, 0.13548776434, 0.26045295372],
      [0.016449876156, 0.060896489552, 0.058945528567, 0.46920962742, 0.39449847831]
    ],
    [
      [0, 0.034257742266, 0.045918627061, 0.45002959881, 0.46979403187],
      [0, 0.54921965747, 0.072317314958, 0.33560102524, 0.04286200233],
      [0, 0.032053272268, 0.9245334219, 0.0046135751833, 0.038799730651],
      [0, 0.018775479253, 0, 0.97277254833, 0.0084519724131],
      ["NaN", "NaN", "NaN", "NaN", "NaN"],
      [0, 0.11108366856, 0.070430503238, 0.52956485798, 0.28892097022]
    ],
    [
      [0.02219954488, 0.020317227372, 0.01322787353, 0.51302417571, 0.43123117851],
      [0.0067193610029, 0.46901877641, 0.08356301621, 0.38746645104, 0.053232395331],
      [0.028173369173, 0.038694940028, 0.84778988598, 0.0176185128, 0.067723292018],
      [0.00061893076036, 0.016712833212, 0.00064773968857, 0.97499488646, 0.0070256098777],
      [0.55305388495, 0.056960063214, 0.15918230702, 0.10451780951, 0.1262859353],
      [0.042938943109, 0.10866937458, 0.068149729913, 0.4769745119, 0.30326744049]
    ],
    [
      [0, 0.01341920483, 0.0062090058962, 0.71583311395, 0.26453867532],
      [0, 0.35330080183, 0.045498611685, 0.56557383008, 0.03562675641],
      [0, 0.040323438341, 0.85331399861, 0.04150690431, 0.064855658739],
      [0, 0.0048260046183, 0.00064465862815, 0.99031852707, 0.0042108096842],
      [0, 0.16102136002, 0.21015902846, 0.43336228458, 0.19545732693],
      [0, 0.079567828386, 0.036014994591, 0.67264898255, 0.21176819447]
    ],
    [
      [0.0077358826033, 0.016797232177, 0.012531593201, 0.3939257649, 0.56900952712],
      [0.0027803982066, 0.47521983161, 0.082537075281, 0.35532428411, 0.084138410798],
      [0.01116253258, 0.038568536479, 0.82795690509, 0.017741436373, 0.10457058948],
      [0.0002258193863, 0.01822520766, 0.0016936862831, 0.97018538987, 0.0096698967984],
      [0.31770246876, 0.076542089743, 0.21028686533, 0.12490405224, 0.27056452393],
      [0.016260456199, 0.098026481439, 0.060161750602, 0.38815832492, 0.43739298684]
    ],
    [
      [0.018116974183, 0.02110409115, 0.029092476021, 0.29617816456, 0.63550829409],
      [0.0058080668614, 0.525139895, 0.15301724622, 0.23264646522, 0.0833883267],
      [0.014403760322, 0.024235314816, 0.89815561955, 0.0038418257981, 0.059363479515],
      [0.001681881465, 0.028801701202, 0.00271565694, 0.94933960401, 0.017461156388],
      [0.42846385917, 0.057016955103, 0.27802121131, 0.057425811907, 0.17907216251],
      [0.035115792963, 0.11364280019, 0.12828946258, 0.27259144447, 0.4503604998]
    ],
    [
      [0.02210772842, 0.019297145244, 0.021580230213, 0.39037001719, 0.54664487894],
      [0.0070764106215, 0.47308797758, 0.13820194878, 0.30957955864, 0.072054104376],
      [0.019080026172, 0.024845127127, 0.88848767018, 0.009259375637, 0.05832780088],
      [0.0014114861658, 0.020282210811, 0.0042425072911, 0.96226403664, 0.01179975909],
      [0.4974661776, 0.049945075328, 0.23093557914, 0.073446786876, 0.14820638106],
      [0.04320072554, 0.1055675611, 0.099505910573, 0.35705578472, 0.39467001806]
    ],
    [
      [0.021481259311, 0.0179192462, 0.016126026207, 0.46903818714, 0.47543528114],
      [0.0065047591684, 0.45560469152, 0.096939309828, 0.37809058812, 0.062860651354],
      [0.016933653124, 0.020603259565, 0.90671057599, 0.011184643015, 0.044567868305],
      [0.0012099801225, 0.015262231918, 0.029533521809, 0.94584013694, 0.0081541292118],
      [0.49757687826, 0.047468598192, 0.23671244376, 0.087766945018, 0.13047513477],
      [0.042276620109, 0.099692775022, 0.07040181621, 0.44135277252, 0.34627601614]
    ],
    [
      [0.018650168615, 0.018939652807, 0.023651872814, 0.36241039762, 0.57634790814],
      [0.0062311952922, 0.48985624173, 0.12425263782, 0.30036356685, 0.079296358307],
      [0.018229878061, 0.027983310219, 0.87495167367, 0.0090441887105, 0.069790949337],
      [0.0012192470347, 0.021453537288, 0.0026520264368, 0.96149075658, 0.013184432656],
      [0.47207064977, 0.054865531487, 0.22238561384, 0.075619462035, 0.17505874287],
      [0.036879001462, 0.10472824923, 0.09513975392, 0.34173443055, 0.42151856484]
    ],
    [
      [0.018221434765, 0.023989677451, 0.015133650363, 0.46234939958, 0.48030583784],
      [0.0049373082665, 0.50939889383, 0.11809763124, 0.31408991852, 0.053476248146],
      [0.015441589674, 0.030362759674, 0.89484220988, 0.01088354208, 0.048469898695],
      [0.0011927287534, 0.021348169387, 0.012601786008, 0.95657793041, 0.0082793854455],
      [0.44921438466, 0.067324332062, 0.25174433253, 0.092158356452, 0.13955859429],
      [0.034257693143, 0.12614652725, 0.097233036969, 0.41207196224, 0.33029078039]
    ],
    [
      [0.02445297412, 0.016288032378, 0.013313244702, 0.37187566687, 0.57407008193],
      [0.00834808461, 0.44432936827, 0.11781009489, 0.34914970449, 0.080362747733],
      [0.022118590324, 0.021448068005, 0.88381233143, 0.0097520658598, 0.062868944379],
      [0.0014584002092, 0.016756447835, 0.0095628232474, 0.95985713237, 0.012365196337],
      [0.54094223164, 0.04008614201, 0.20578844934, 0.068485045799, 0.14469813121],
      [0.048725759257, 0.089120519787, 0.096980749991, 0.36068423083, 0.40448874014]
    ],
    [
      [0.01484325094, 0.02270406664, 0.015678331109, 0.55762946225, 0.38914488906],
      [0.0041349952545, 0.47962551989, 0.090378278255, 0.38194750681, 0.043913699789],
      [0.016585283038, 0.038010887587, 0.8735492437, 0.018708534422, 0.05314605125],
      [0.00070889163062, 0.017055633982, 0.0019269676993, 0.97512016902, 0.0051883376722],
      [0.43224655833, 0.075430292705, 0.2231679451, 0.13413396992, 0.13502123394],
      [0.028978106026, 0.12380250588, 0.071121264927, 0.49692774489, 0.27917037828]
    ],
    [
      [0.01495702721, 0.015831865346, 0.023828978424, 0.74510330102, 0.200278828],
      [0.0045134984799, 0.40747179874, 0.082953995903, 0.49062086613, 0.014439840746],
      [0.020855951457, 0.033037604969, 0.9262854489, 0.0095676641489, 0.010253330528],
      [0.00020354240207, 0.008471236707, 0.0013119967939, 0.98900956626, 0.0010036578391],
      [0.54608899576, 0.046327309512, 0.19221321298, 0.15099029926, 0.064380182487],
      [0.02923299533, 0.085660471164, 0.073377745887, 0.66649193616, 0.14523685146]
    ],
    [
      [0.0042019829716, 0.001952979206, 0.0043862975323, 0.073423815741, 0.91603492455],
      [0.012202091109, 0.18958434693, 0.087959098907, 0.32991775759, 0.38033670547],
      [0.031616636024, 0.002568083008, 0.76456468591, 0.023053382962, 0.1781972121],
      [0.0092122651668, 0.0020971263979, 0.036916036318, 0.92304508021, 0.02872949191],
      [0.38078173713, 0.0080712948977, 0.14851945727, 0.05072327764, 0.41190423306],
      [0.031680692754, 0.0062025467409, 0.057559818558, 0.14813865492, 0.75641828703]
    ],
    [
      [0.019944287732, 0.01326254284, 0.018585256642, 0.29284179435, 0.65536611844],
      [0.0085276177645, 0.41592744096, 0.16538381333, 0.30072565684, 0.1094354711],
      [0.019061808443, 0.01813559831, 0.88047903685, 0.0086731958572, 0.073650360536],
      [0.0026514764293, 0.018132523128, 0.0036576456275, 0.95863859986, 0.016919754952],
      [0.48540055175, 0.036776870504, 0.2289111144, 0.059388716441, 0.1895227469],
      [0.041470509886, 0.076534933579, 0.10299167699, 0.28176686562, 0.49723601392]
    ],
    [
      [0, 0.005914279866, 0.0046823507844, 0.73436259669, 0.25504077266],
      [0, 0.20049163585, 0.047316148569, 0.71017208915, 0.04202012643],
      [0, 0.016585944337, 0.87982794993, 0.036510364276, 0.067075741462],
      [0, 0.0015201954059, 0, 0.99131986847, 0.007159936122],
      [0, 0.049128653411, 0.27126446714, 0.45531414422, 0.22429273523],
      [0, 0.035329336348, 0.043272267314, 0.72950653257, 0.19189186376]
    ],
    [
      [0.026511200956, 0.03063723153, 0.020362433096, 0.60418964102, 0.3182994934],
      [0.0061224637779, 0.53478782291, 0.091662761516, 0.33815940014, 0.029267551655],
      [0.026344081615, 0.042350648507, 0.88090019069, 0.019227426552, 0.031177652633],
      [0.0005346506496, 0.021277399478, 0.0025354334084, 0.97362405337, 0.0020284630978],
      [0.57444523653, 0.071804615371, 0.19441726506, 0.080798382169, 0.078534500866],
      [0.049486913609, 0.1576593604, 0.091988787403, 0.48296159333, 0.21790334526]
    ],
    [
      [0.0014511665944, 0.013954474873, 0.0039484107513, 0.32523725127, 0.65540869651],
      [0.00026098899466, 0.45900992397, 0.048148174635, 0.39325378715, 0.099327125256],
      [0.0014901830897, 0.063919609145, 0.72836891377, 0.048303494821, 0.15791779917],
      [4.701951309e-05, 0.0074864714037, 0.0086031294925, 0.97575465105, 0.0081087285432],
      [0.096027082712, 0.12594956396, 0.1690514529, 0.15100230383, 0.4579695966],
      [0.0014571979193, 0.091795974867, 0.030301609682, 0.35309040743, 0.5233548101]
    ],
    [
      [0.014528626501, 0.025081644076, 0.005178387028, 0.28486520876, 0.67034613363],
      [0.0043167728598, 0.6735851426, 0.043774389221, 0.20666104815, 0.071662647169],
      [0.024367027341, 0.056167325323, 0.77060282828, 0.033586014004, 0.11527680505],
      [0.0017993187321, 0.025867306676, 0.001422811887, 0.95962396796, 0.01128659474],
      [0.46240907294, 0.079084854573, 0.12854116633, 0.12140918453, 0.20855572163],
      [0.026986320997, 0.12416521966, 0.046566364518, 0.38843015559, 0.41385193924]
    ],
    [
      ["NaN", "NaN", "NaN", "NaN", "NaN"],
      ["NaN", "NaN", "NaN", "NaN", "NaN"],
      ["NaN", "NaN", "NaN", "NaN", "NaN"],
      [0, 0, 0, 1, 0],
