{
  "X": [
    [4, 167, 299, 32],
    [5, 83, 165, 53],
    [2, 1, 25, 1],
    [2, 11, 43, 4],
    [11, 34, 123, 11],
    [5, 81, 146, 32],
    [108, 254, 1078, 108],
    [12, 138, 209, 30],
    [73, 71, 294, 36],
    [53, 195, 387, 33],
    [2, 4, 7, 3],
    [31, 90, 255, 35],
    [145, 360, 1312, 183],
    [17, 36, 85, 5],
    [100, 342, 1012, 81],
    [6, 6, 26, 0],
    [8, 65, 56, 7],
    [2, 24, 31, 5],
    [12, 22, 45, 8],
    [4, 3, 33, 4],
    [46, 37, 216, 21],
    [2, 5, 13, 0],
    [92, 157, 1038, 175],
    [0, 0, 9, 4],
    [4, 5, 43, 2],
    [4, 93, 129, 25],
    [11, 35, 120, 16],
    [13, 120, 215, 30],
    [2, 49, 48, 1],
    [7, 15, 45, 11],
    [13, 154, 366, 63],
    [6, 8, 27, 4],
    [9, 72, 148, 29],
    [79, 518, 869, 129],
    [100, 736, 1562, 249],
    [8, 62, 76, 7],
    [0, 29, 49, 7],
    [3, 12, 100, 11],
    [1, 3, 7, 1],
    [5, 27, 85, 9],
    [29, 104, 340, 43],
    [0, 9, 25, 5],
    [11, 14, 32, 10],
    [49, 121, 302, 49],
    [1, 1, 4, 0],
    [48, 107, 487, 77],
    [6, 10, 50, 8],
    [89, 318, 1016, 167],
    [3, 16, 43, 5],
    [25, 84, 279, 46],
    [0, 3, 16, 4],
    [16, 100, 182, 21],
    [18, 85, 152, 15],
    [5, 37, 65, 11],
    [8, 85, 164, 10],
    [7, 14, 40, 5],
    [75, 164, 524, 79],
    [23, 84, 121, 15],
    [12, 26, 45, 17],
    [3, 13, 28, 5],
    [10, 13, 66, 8],
    [3, 7, 31, 9],
    [6, 7, 44, 2],
    [0, 5, 14, 4],
    [5, 15, 18, 3],
    [14, 57, 170, 20],
    [12, 39, 114, 14],
    [1, 20, 18, 4],
    [0, 4, 9, 3],
    [2, 3, 10, 5],
    [0, 1, 5, 1],
    [2, 4, 10, 0],
    [2, 36, 35, 10],
    [3, 32, 55, 5],
    [4, 5, 30, 5],
    [2, 11, 20, 6],
    [23, 61, 119, 25],
    [2, 13, 14, 1],
    [11, 49, 110, 11],
    [11, 69, 118, 11],
    [1, 3, 1, 1],
    [1, 8, 11, 2],
    [0, 7, 9, 1],
    [0, 5, 5, 2],
    [0, 1, 4, 1],
    [8, 19, 110, 34],
    [1, 2, 10, 5],
    [0, 2, 7, 4],
    [11, 24, 70, 14],
    [0, 1, 8, 5],
    [10, 18, 50, 6],
    [12, 99, 150, 29],
    [16, 108, 166, 44],
    [11, 92, 142, 27],
    [0, 4, 5, 1],
    [1, 6, 20, 5],
    [4, 83, 53, 12],
    [2, 45, 29, 6],
    [2, 14, 28, 6],
    [4, 20, 24, 7],
    [6, 17, 67, 7],
    [14, 32, 67, 13],
    [2, 11, 17, 5],
    [0, 27, 28, 7],
    [5, 30, 51, 16],
    [13, 53, 83, 24],
    [3, 22, 45, 14],
    [10, 63, 121, 22],
    [12, 229, 164, 17],
    [5, 34, 59, 13],
    [0, 16, 24, 4],
    [2, 32, 56, 11],
    [0, 12, 5, 0],
    [8, 16, 114, 23],
    [5, 8, 41, 7],
    [3, 34, 91, 26],
    [9, 53, 86, 20],
    [11, 161, 287, 65],
    [5, 20, 43, 8],
    [2, 3, 10, 1],
    [3, 2, 15, 4],
    [1, 5, 9, 3],
    [7, 27, 65, 25],
    [1, 3, 20, 2],
    [0, 0, 4, 2],
    [9, 32, 85, 18],
    [7, 28, 65, 18],
    [5, 14, 17, 3],
    [1, 2, 10, 1],
    [3, 7, 26, 7],
    [3, 8, 49, 5],
    [1, 1, 5, 1],
    [0, 4, 0, 2],
    [13, 125, 100, 16],
    [10, 188, 226, 45],
    [5, 53, 111, 8],
    [8, 85, 117, 23],
    [24, 202, 349, 39],
    [6, 12, 37, 10],
    [1, 4, 9, 2],
    [10, 21, 57, 18],
    [7, 18, 62, 6],
    [3, 5, 18, 3],
    [13, 32, 114, 31],
    [5, 22, 75, 15],
    [2, 3, 23, 5],
    [0, 2, 16, 4],
    [130, 149, 647, 60],
    [326, 768, 2312, 561],
    [215, 597, 1198, 379],
    [0, 10, 8, 4]
  ],
  "W": [
    [5, 12, 298, 158, 29],
    [4, 10, 175, 90, 27],
    [0, 4, 22, 1, 2],
    [1, 13, 34, 10, 2],
    [12, 29, 105, 28, 5],
    [22, 15, 142, 66, 19],
    [71, 308, 856, 197, 116],
    [36, 58, 169, 104, 22],
    [26, 136, 228, 49, 35],
    [49, 164, 283, 132, 40],
    [0, 4, 7, 4, 1],
    [13, 63, 225, 74, 36],
    [111, 265, 1183, 283, 158],
    [12, 32, 61, 25, 13],
    [93, 397, 694, 255, 96],
    [2, 9, 20, 2, 5],
    [10, 10, 53, 57, 6],
    [7, 9, 24, 18, 4],
    [10, 5, 45, 18, 9],
    [6, 10, 23, 1, 4],
    [10, 110, 149, 29, 22],
    [0, 3, 9, 5, 3],
    [43, 157, 983, 142, 137],
    [0, 1, 11, 0, 1],
    [1, 7, 39, 4, 3],
    [15, 11, 123, 84, 18],
    [12, 22, 109, 24, 15],
    [30, 30, 195, 87, 36],
    [6, 7, 45, 40, 2],
    [2, 11, 44, 14, 7],
    [43, 35, 351, 128, 39],
    [1, 8, 27, 7, 2],
    [22, 14, 138, 62, 22],
    [99, 114, 838, 425, 119],
    [163, 218, 1444, 614, 208],
    [11, 18, 66, 54, 4],
    [4, 6, 40, 26, 9],
    [4, 13, 89, 11, 9],
    [1, 2, 7, 1, 1],
    [10, 6, 77, 20, 13],
    [34, 43, 324, 89, 26],
    [1, 0, 23, 9, 6],
    [5, 9, 32, 12, 9],
    [26, 73, 278, 98, 46],
    [0, 0, 5, 1, 0],
    [31, 99, 424, 92, 73],
    [3, 11, 46, 9, 5],
    [76, 163, 961, 260, 130],
    [4, 7, 39, 11, 6],
    [26, 46, 260, 59, 43],
    [2, 1, 15, 2, 3],
    [24, 38, 155, 77, 25],
    [28, 38, 129, 55, 20],
    [8, 11, 59, 29, 11],
    [11, 38, 134, 73, 11],
    [2, 13, 35, 12, 4],
    [42, 141, 452, 126, 81],
    [19, 34, 113, 59, 18],
    [10, 16, 39, 22, 13],
    [1, 8, 25, 13, 2],
    [7, 11, 65, 8, 6],
    [5, 5, 32, 5, 3],
    [5, 13, 32, 4, 5],
    [1, 1, 13, 3, 5],
    [4, 6, 15, 12, 4],
    [12, 59, 118, 41, 31],
    [14, 38, 91, 25, 11],
    [4, 2, 14, 20, 3],
    [1, 0, 10, 4, 1],
    [4, 2, 8, 3, 3],
    [0, 0, 6, 1, 0],
    [0, 5, 6, 3, 2],
    [7, 5, 40, 27, 4],
    [10, 16, 39, 23, 7],
    [3, 6, 23, 5, 7],
    [3, 3, 23, 9, 1],
    [10, 35, 109, 58, 16],
    [5, 4, 9, 11, 1],
    [15, 35, 89, 28, 14],
    [18, 47, 77, 43, 24],
    [1, 0, 2, 2, 1],
    [0, 1, 11, 8, 2],
    [1, 0, 10, 4, 2],
    [3, 1, 4, 4, 0],
    [0, 0, 5, 1, 0],
    [15, 14, 109, 13, 20],
    [2, 1, 11, 1, 3],
    [0, 2, 6, 0, 5],
    [4, 24, 59, 18, 14],
    [3, 1, 7, 0, 3],
    [6, 15, 42, 15, 6],
    [18, 23, 141, 88, 20],
    [40, 21, 163, 66, 44],
    [39, 21, 130, 60, 22],
    [2, 0, 4, 3, 1],
    [3, 4, 17, 6, 2],
    [20, 18, 37, 70, 7],
    [10, 4, 26, 37, 5],
    [7, 3, 28, 8, 4],
    [2, 9, 22, 18, 4],
    [4, 27, 46, 13, 7],
    [6, 22, 63, 23, 12],
    [3, 1, 19, 7, 5],
    [6, 3, 30, 20, 3],
    [8, 10, 46, 21, 17],
    [8, 11, 98, 47, 9],
    [8, 4, 41, 23, 8],
    [15, 10, 116, 58, 17],
    [45, 37, 144, 183, 13],
    [9, 11, 49, 27, 15],
    [2, 1, 23, 17, 1],
    [6, 5, 58, 26, 6],
    [3, 0, 6, 8, 0],
    [7, 25, 92, 13, 24],
    [4, 16, 26, 6, 9],
    [10, 6, 93, 29, 16],
    [10, 9, 89, 45, 15],
    [42, 35, 273, 128, 46],
    [6, 2, 41, 21, 6],
    [1, 4, 6, 4, 1],
    [1, 3, 13, 5, 2],
    [0, 4, 7, 4, 3],
    [13, 7, 69, 20, 15],
    [2, 2, 16, 3, 3],
    [0, 1, 4, 0, 1],
    [11, 17, 78, 28, 10],
    [11, 7, 67, 20, 13],
    [4, 5, 13, 11, 6],
    [1, 3, 7, 1, 2],
    [1, 5, 29, 6, 2],
    [9, 7, 42, 3, 4],
    [0, 1, 2, 1, 4],
    [0, 0, 2, 4, 0],
    [31, 22, 86, 98, 17],
    [45, 39, 204, 137, 44],
    [10, 44, 70, 32, 21],
    [20, 23, 100, 60, 30],
    [44, 88, 265, 173, 44],
    [2, 11, 34, 9, 9],
    [0, 4, 7, 4, 1],
    [12, 12, 52, 19, 11],
    [6, 12, 48, 14, 13],
    [1, 4, 18, 4, 2],
    [7, 25, 105, 27, 26],
    [6, 17, 68, 17, 9],
    [2, 3, 20, 3, 5],
    [1, 0, 15, 4, 2],
    [29, 252, 519, 116, 70],
    [223, 445, 2267, 635, 397],
    [169, 242, 1238, 476, 264],
    [5, 2, 7, 8, 0]
  ],
  "method": "mult",
  "cond_prob": [
    [
      [0.0030197887505, 0.74841591252, 0.19097395479, 0.057590343943],
      [0.074676484509, 0.016475259407, 0.90884825608, 0],
      [0.0078194517825, 0.041478359319, 0.87916330594, 0.071538882962],
      [9.2246725588e-05, 0.94036584033, 0.054573258841, 0.0049686541082],
      [0.02565557339, 0.073167706068, 0.56985210645, 0.33132461409]
    ],
    [
      [0.006072708512, 0.62356465494, 0.21947243758, 0.15089019897],
      [0.14627924063, 0.0084754808372, 0.84474344403, 0.00050183450228],
      [0.0075122906098, 0.012374941048, 0.78548887126, 0.19462389709],
      [0.014679712057, 0.85971904287, 0.098529319141, 0.027071925935],
      [0.032484882142, 0.032616964091, 0.34616609692, 0.58873205685]
    ],
    [
      ["NaN", "NaN", "NaN", "NaN"],
      [0.26264576651, 0.00044070793552, 0.73691352555, 0],
      [0.031044778471, 0.0014257183793, 0.93877760633, 0.02875189682],
      [0.0016157334498, 0.94204092036, 0.047438567454, 0.0089047787335],
      [0.13240803706, 0.012415221775, 0.67589999556, 0.17927674561]
    ],
    [
      [0.006989645203, 0.67458915203, 0.22882574456, 0.089595458212],
      [0.11708908725, 0.014498999306, 0.86808206353, 0.00032984991151],
      [0.011376494909, 0.019447547208, 0.88115439125, 0.08802156663],
      [0.00022239977674, 0.93902963733, 0.050394041989, 0.010353920907],
      [0.040913697945, 0.042705439324, 0.51145885351, 0.40492200922]
    ],
    [
      [0.017087391894, 0.64598483729, 0.25665610143, 0.080271669384],
      [0.2375785188, 0.0040466286273, 0.75420144863, 0.0041734039441],
      [0.029704048293, 0.010964606434, 0.88358699528, 0.075744349996],
      [0.011008064513, 0.88474707366, 0.094657178989, 0.0095876828373],
      [0.095604675017, 0.041325596855, 0.52424985132, 0.3388198768]
    ],
    [
      [0.0055644736465, 0.69654304021, 0.19012595406, 0.10776653208],
      [0.13977906866, 0.012691475454, 0.84734943363, 0.00018002226085],
      [0.014407344911, 0.02801578461, 0.820658964, 0.13691790648],
      [0.00019830543905, 0.91727894319, 0.068966870909, 0.013555880465],
      [0.037998127033, 0.05089627992, 0.42218953357, 0.48891605948]
    ],
    [
      [0.017381583459, 0.66378244859, 0.23877109366, 0.080064874295],
      [0.22530152244, 0.011565668218, 0.76291055142, 0.00022225791452],
      [0.031097979894, 0.016329546858, 0.87894170742, 0.073630765829],
      [0.00047438704797, 0.93517155979, 0.05504939227, 0.0093046608962],
      [0.091894082964, 0.043985611644, 0.54182733348, 0.32229297191]
    ],
    [
      [0.005243713734, 0.75529009699, 0.16378038243, 0.075685806838],
      [0.14342277361, 0.030066519456, 0.82627652983, 0.00023417710365],
      [0.014428768784, 0.051078616809, 0.83155744583, 0.10293516858],
      [0.00016712324489, 0.9513569643, 0.041116349873, 0.00735956258],
      [0.047130122465, 0.067831265983, 0.47138903504, 0.41364957652]
    ],
    [
      [0.031667404951, 0.66356053179, 0.2093459701, 0.095426093159],
      [0.3741331592, 0.010736127961, 0.61452950093, 0.00060121191172],
      [0.068234503794, 0.017031141321, 0.82440972215, 0.090324632739],
      [0.0013262994009, 0.95953171903, 0.028129166367, 0.011012815199],
      [0.16205949383, 0.039633094776, 0.44677848143, 0.35152892996]
    ],
    [
      [0.011461130457, 0.81167844969, 0.124965653, 0.051894766852],
      [0.23816622449, 0.039271375658, 0.72227549836, 0.00028690149578],
      [0.032804619025, 0.056572136944, 0.84578701254, 0.064836231489],
      [0, 0.9827191771, 0.014318802103, 0.0029620207944],
      [0.10238591518, 0.076460105618, 0.52939237114, 0.29176160807]
    ],
    [
      ["NaN", "NaN", "NaN", "NaN"],
      [0.41335486818, 0.023473692941, 0.55027924084, 0.012892198041],
      [0.038946421331, 0.02131694798, 0.64608853869, 0.293648092],
      [0.00045267831172, 0.93658123848, 0.03461695459, 0.028349128622],
      [0.07214486471, 0.010561638469, 0.13779544745, 0.77949804937]
    ],
    [
      [0.018197033885, 0.70860541174, 0.19066958431, 0.082527970072],
      [0.28347701606, 0.016812484751, 0.69946814659, 0.00024235260234],
      [0.039912872217, 0.031964857081, 0.83804349632, 0.090078774381],
      [0.00032203689006, 0.95473017817, 0.036429585233, 0.008518199703],
      [0.10833776581, 0.052411585555, 0.47775628304, 0.3614943656]
    ],
    [
      [0.02131135257, 0.65349319178, 0.22962681721, 0.095568638432],
      [0.28776554805, 0.010294829132, 0.70193003668, 9.5861377054e-06],
      [0.04124461787, 0.015101974407, 0.84997210963, 0.093681298092],
      [0.0010571524246, 0.91996472291, 0.067547053349, 0.011431071312],
      [0.10939881365, 0.041256162554, 0.48017178339, 0.36917324041]
    ],
    [
      [0.024269089154, 0.74360704, 0.19845147917, 0.033672391679],
      [0.33854888499, 0.018568126308, 0.64279536202, 8.7626679287e-05],
      [0.058899655676, 0.030187359487, 0.87547509865, 0.035437886187],
      [0.0016911104792, 0.95148580135, 0.044629336693, 0.0021937514764],
      [0.1723115271, 0.06568934736, 0.57918586386, 0.18281326168]
    ],
    [
      [0.01181314566, 0.71774225789, 0.20822608692, 0.062218509531],
      [0.1867756958, 0.019769383676, 0.79324143407, 0.00021348645872],
      [0.02470217409, 0.028340278856, 0.88217406265, 0.064783484401],
      [0.00020397386045, 0.95018194654, 0.043647397109, 0.0059666824929],
      [0.078709417393, 0.056635154206, 0.56624207132, 0.29841335708]
    ],
    [
      [0.013399552532, 0.92557602052, 0.061024426952, 0],
      [0.3818380879, 0.077826519212, 0.54033539289, 0],
      [0.066856458266, 0.05144560698, 0.88169793475, 0],
      [9.3023133052e-05, 0.98825197088, 0.011655005988, 0],
      [0.23986857845, 0.088598640942, 0.67153278061, 0]
    ],
    [
      [0.014930609188, 0.77048512441, 0.16307313751, 0.051511128887],
      [0.38950794218, 0.0095889458992, 0.60090311193, 0],
      [0.056511319105, 0.045850367086, 0.816255179, 0.081383134813],
      [0.00087146117989, 0.95297855566, 0.042566109788, 0.0035838733739],
      [0.15180688109, 0.074902028134, 0.44540746015, 0.32788363062]
    ],
    [
      [0.0048241901521, 0.75779796291, 0.16157678378, 0.075801063163],
      [0.15851151472, 0.027303034522, 0.8140787569, 0.00010669386076],
      [0.014338883321, 0.047400034414, 0.83062406619, 0.10763701607],
      [0.00018088988441, 0.94735430395, 0.045440225463, 0.0070245807041],
      [0.048059454721, 0.064927162985, 0.44733801362, 0.43967536868]
    ],
    [
      [0.054260873265, 0.63179020586, 0.23342475827, 0.080524162603],
      [0.62491569553, 0.0019878865183, 0.37295960805, 0.00013680990505],
      [0.10842970812, 0.011957850007, 0.78799558698, 0.091616854896],
      [0.054160241233, 0.8252361528, 0.10946575343, 0.011137852535],
      [0.27539906469, 0.031089389789, 0.37452993346, 0.31898161206]
    ],
    [
      [0.12565763735, 0.33339180714, 0.41152298084, 0.12942757467],
      [0.24747355931, 0.00118721872, 0.75110031494, 0.00023890703483],
      [0.01622123414, 0.0033553730385, 0.90310528764, 0.077318105181],
      [0.0011714886012, 0.86109943324, 0.11790330447, 0.019825773686],
      [0.099264677246, 0.012375989215, 0.53263351134, 0.35572582219]
    ],
    [
      [0.028191787304, 0.62673419794, 0.24738106553, 0.097692949224],
      [0.31523904641, 0.0068999213346, 0.67740696322, 0.0004540690303],
      [0.053554064987, 0.011208625514, 0.8537534833, 0.081483826204],
      [0.00074039745199, 0.94933000468, 0.037459710576, 0.012469887293],
      [0.13821635512, 0.035136878934, 0.48708285328, 0.33956391266]
    ],
    [
      ["NaN", "NaN", "NaN", "NaN"],
      [0.33891737585, 0.0087131050429, 0.65236951911, 0],
      [0.044419532668, 0.017007211811, 0.93857325552, 0],
      [0.00088390223662, 0.92651276076, 0.072603337001, 0],
      [0.19301752242, 0.062743991585, 0.744238486, 0]
    ],
    [
      [0.024131336444, 0.55830965347, 0.28189689973, 0.13566211036],
      [0.27398195116, 0.0020369218494, 0.72375225435, 0.00022887264332],
      [0.032107639394, 0.0066969644351, 0.84995198592, 0.11124341025],
      [0.025063513949, 0.86154896816, 0.093809294006, 0.019578223885],
      [0.093623048876, 0.027370939068, 0.46296063844, 0.41604537362]
    ],
    [
      ["NaN", "NaN", "NaN", "NaN"],
      [0, 0, 0.99740085184, 0.0025991481569],
      [0, 0, 0.71006483718, 0.28993516282],
      ["NaN", "NaN", "NaN", "NaN"],
      [0, 0, 0.19188593921, 0.80811406079]
    ],
    [
      [0.029517145437, 0.62440117751, 0.29861523885, 0.047466438199],
      [0.28575183295, 0.0076778366743, 0.70657033037, 0],
      [0.039897776888, 0.0088069891835, 0.9165494042, 0.034745829726],
      [0.00085795907635, 0.96624632, 0.026695304736, 0.0062004161866],
      [0.13692496299, 0.037798702536, 0.63439482189, 0.19088151258]
    ],
    [
      [0.0048256316406, 0.7213636998, 0.18606359234, 0.087747076222],
      [0.13553141073, 0.0099169101082, 0.85453171634, 1.9962820693e-05],
      [0.014054958418, 0.029847847357, 0.83670578559, 0.11939140864],
      [0.00015709563194, 0.92055953102, 0.068932096265, 0.010351277083],
      [0.038600782709, 0.059565147843, 0.45022719564, 0.4516068738]
    ],
    [
      [0.016982169697, 0.69266416709, 0.20593176362, 0.084421899595],
      [0.2571727411, 0.013575467919, 0.72920042618, 5.1364804578e-05],
      [0.03387175484, 0.025184173206, 0.85465592449, 0.086288147465],
      [0.0003893487014, 0.95516444186, 0.03537488407, 0.0090713253677],
      [0.09580320087, 0.048023214445, 0.49866109824, 0.35751248645]
    ],
    [
      [0.0084658233494, 0.76046214594, 0.16864296237, 0.06242906834],
      [0.1953955933, 0.019580558004, 0.78502384869, 0],
      [0.022442243916, 0.052733149426, 0.84552620761, 0.079298399049],
      [0.00023300539747, 0.96077967515, 0.034143204642, 0.0048441148119],
      [0.069101346315, 0.075775639045, 0.51505351056, 0.34006950407]
    ],
    [
      [0.0046350451305, 0.84364681645, 0.14118186911, 0.010536269307],
      [0.15786876473, 0.028348752296, 0.81378038824, 2.0947329252e-06],
      [0.015942891293, 0.088424156278, 0.87944314461, 0.016189807819],
      [0.00010447790985, 0.98714134892, 0.012404815195, 0.0003493579723],
      [0.072749575767, 0.13746842289, 0.6926559762, 0.097126025142]
    ],
    [
      [0.023726721639, 0.63179126735, 0.20169748758, 0.14278452343],
      [0.35892900685, 0.0096477171881, 0.63046196328, 0.00096131268639],
      [0.050278333961, 0.013978898234, 0.77910091849, 0.15664184932],
      [0.0014605129742, 0.91334080998, 0.066436885006, 0.01876179204],
      [0.11023337221, 0.032635673461, 0.35013808934, 0.50699286499]
    ],
    [
      [0.0071791127621, 0.67530285262, 0.21727343614, 0.10024459847],
      [0.1474962364, 0.011876688933, 0.84053516197, 9.1912698634e-05],
      [0.016327877905, 0.019316559744, 0.85034196641, 0.11401359594],
      [0.00027120093931, 0.90564657144, 0.081779240056, 0.012302987568],
      [0.045208487497, 0.047267169495, 0.4692497087, 0.43827463431]
    ],
    [
      [0.035477810906, 0.66593117809, 0.19364629913, 0.10494471187],
      [0.44550489364, 0.010069451455, 0.54430461301, 0.00012104189706],
      [0.075755648326, 0.02004943654, 0.79398475708, 0.11021015805],
      [0.0016501688565, 0.94854502851, 0.038421130852, 0.011383671783],
      [0.17176467658, 0.036181612059, 0.37269021984, 0.41936349151]
    ],
    [
      [0.011546780027, 0.66165600895, 0.22574397126, 0.10105323976],
      [0.23211077748, 0.0068357289614, 0.7608582533, 0.00019524025464],
      [0.024078400478, 0.013919145242, 0.84363401847, 0.11836843581],
      [0.0095100982458, 0.87844916647, 0.098450680158, 0.013590055124],
      [0.071998845342, 0.043780783315, 0.4480081985, 0.43621217285]
    ],
    [
      [0.01383779675, 0.7401003977, 0.17584345208, 0.070218353474],
      [0.28845489445, 0.011410180665, 0.70013492488, 0],
      [0.038262576885, 0.042380246495, 0.82827606027, 0.091081116353],
      [0.000472810943, 0.94143240126, 0.051461437715, 0.0066333500789],
      [0.10488416869, 0.065595654892, 0.46898880063, 0.36053137579]
    ],
    [
      [0.010618514941, 0.70297585403, 0.20089538028, 0.085510250744],
      [0.21151080715, 0.012966830709, 0.77552236214, 0],
      [0.025676591189, 0.028245723669, 0.84447947118, 0.10159821396],
      [0.00039525744583, 0.92256436311, 0.067605623753, 0.0094347556937],
      [0.071346828642, 0.054552032557, 0.47717292645, 0.39692821235]
    ],
    [
      [0.011587531845, 0.76329972114, 0.17249222805, 0.052620518958],
      [0.2757676917, 0.014092223165, 0.71014008513, 0],
      [0.037031988432, 0.037576772234, 0.85129988962, 0.074091349711],
      [0.00048481507651, 0.93706337241, 0.058014325273, 0.0044374872408],
      [0.10960686211, 0.06713849322, 0.50037441979, 0.32288022488]
    ],
    [
      [0, 0.73082235324, 0.20338597641, 0.065791670354],
      [0, 0.014512747698, 0.9854872523, 0],
      [0, 0.031963859448, 0.88715343112, 0.080882709436],
      [2.9056618223e-17, 0.92652488444, 0.068056264275, 0.0054188512866],
      [2.427009003e-17, 0.069048080837, 0.55754805164, 0.37340386752]
    ],
    [
      [0.0096839307936, 0.54613206642, 0.33425687895, 0.10992712383],
      [0.1139952746, 0.0020295547936, 0.87891265384, 0.0050625167693],
      [0.006368959885, 0.005353307032, 0.90902386352, 0.079253869566],
      [0.049924943116, 0.82367697012, 0.11075249875, 0.015645588012],
      [0.040368211447, 0.028021836092, 0.56841184944, 0.36319810302]
    ],
    [
      [0.003690333751, 0.91616930713, 0.034653510618, 0.045486848505],
      [0.34314854683, 0.17335030802, 0.48278119109, 0.00071995406776],
      [0.02980963998, 0.094414047094, 0.79916459483, 0.076611718095],
      [0, 0.99729303739, 0.0027069626088, 0],
      [0.10134509274, 0.078938709791, 0.40292498077, 0.4167912167]
    ],
    [
      [0.014604703362, 0.67952290942, 0.24517581115, 0.06069657607],
      [0.23469377686, 0.0087217132366, 0.7565845099, 0],
      [0.029114973895, 0.015629851637, 0.89544288296, 0.059812291506],
      [0.0005569833287, 0.91523539704, 0.077861055905, 0.0063465637291],
      [0.091753665283, 0.049556469965, 0.57710859408, 0.28158127068]
    ],
    [
      [0.020083244436, 0.6380501252, 0.25082123992, 0.09104539045],
      [0.28821570577, 0.0070349675927, 0.7047045065, 4.4820142285e-05],
      [0.035096636222, 0.01169610599, 0.86256211947, 0.090645138321],
      [0.019316683853, 0.86725343554, 0.10207312874, 0.011356751868],
      [0.10897689778, 0.039565308963, 0.48519803455, 0.36625975871]
    ],
    [
      [1.541930983e-32, 0.64441704632, 0.25913230974, 0.09645064394],
      ["NaN", "NaN", "NaN", "NaN"],
      [0, 0.010212700842, 0.8920778954, 0.097709403758],
      [1.9306450132e-17, 0.87511249872, 0.11387692248, 0.011010578797],
      [0, 0.040779724308, 0.53303063228, 0.42618964341]
    ],
    [
      [0.04981122223, 0.61450247008, 0.20387425289, 0.1318120548],
      [0.56908555006, 0.00025121364898, 0.42955643166, 0.0011068046312],
      [0.102810192, 0.01169817785, 0.72988461003, 0.15560702012],
      [0.039401297282, 0.85875614304, 0.081752610036, 0.020089949642],
      [0.20738135854, 0.027312368788, 0.30858688991, 0.45671938276]
    ],
    [
      [0.023996874366, 0.69649544325, 0.18978544683, 0.089722235557],
      [0.35937495065, 0.013469462565, 0.62710148217, 5.4104613192e-05],
      [0.056298684321, 0.027912519169, 0.8140303661, 0.10175843041],
      [0.0015376287157, 0.93763596233, 0.051060997261, 0.0097654116944],
      [0.13782582638, 0.049127023287, 0.43440762343, 0.3786395269]
    ],
    [
      ["NaN", "NaN", "NaN", "NaN"],
      ["NaN", "NaN", "NaN", "NaN"],
      [0.19950969447, 0.0026180083844, 0.79787229714, 0],
      [0.0024515276437, 0.98690995808, 0.010638514278, 0],
      ["NaN", "NaN", "NaN", "NaN"]
    ],
    [
      [0.020362711429, 0.60681440477, 0.25956298189, 0.11325990191],
      [0.26280512793, 0.0030549579327, 0.73398788996, 0.00015202418137],
      [0.032008592386, 0.0091450208421, 0.85655297996, 0.10229340681],
      [0.010952095176, 0.886627931, 0.087622673675, 0.014797300152],
      [0.092764552782, 0.033411700386, 0.48012324623, 0.39370050061]
    ],
    [
      [0.025447815181, 0.58116786586, 0.26404995179, 0.12933436718],
      [0.31218368533, 0.0024197043851, 0.6851004258, 0.00029618447736],
      [0.036391605075, 0.0076551833311, 0.8412530906, 0.114700121],
      [0.030856218361, 0.85972991751, 0.092154507101, 0.017259357026],
      [0.10758324342, 0.028034392671, 0.42894254587, 0.43543981804]
    ],
    [
      [0.016935951247, 0.66552745439, 0.21502256101, 0.10251403335],
      [0.2615605053, 0.011806709398, 0.72658184711, 5.0938191366e-05],
      [0.034455482872, 0.020150078512, 0.83802324661, 0.10737119201],
      [0.0006463487926, 0.92495115322, 0.06216449713, 0.012238000855],
      [0.090759504738, 0.04341457344, 0.45940257722, 0.4064233446]
    ],
    [
      [0.011231367047, 0.77578078211, 0.15029101228, 0.062696838563],
      [0.21603944132, 0.018508488487, 0.76539678788, 5.5282312974e-05],
      [0.02474490783, 0.042689625803, 0.86222675536, 0.070338711008],
      [0.00019294271909, 0.97509273917, 0.019886221529, 0.0048280965853],
      [0.079270777885, 0.062733652494, 0.53257775665, 0.32541781297]
    ],
    [
      [0.016646873377, 0.68888119656, 0.19852104741, 0.095950882657],
      [0.25872656008, 0.013841035246, 0.72743240467, 0],
      [0.033643095401, 0.026927719399, 0.83881686597, 0.10061231923],
      [0.0003915314968, 0.95613224767, 0.033081202495, 0.010395018335],
      [0.090591961997, 0.047427711898, 0.47284618727, 0.38913413883]
    ],
    [
      [0, 0.50528775698, 0.34073239984, 0.15397984318],
      [0, 0.0095224685236, 0.99024385445, 0.00023367702281],
      [0, 0.0061789866254, 0.85623766759, 0.13758334579],
      [0, 0.92863764972, 0.053386870888, 0.017975479391],
      [6.0185310762e-36, 0.0099806395669, 0.45931753008, 0.53070183035]
    ],
    [
      [0.011236487856, 0.74822829885, 0.18176210576, 0.058773107532],
      [0.23302881148, 0.019546599546, 0.74740492164, 1.9667334326e-05],
      [0.029663980289, 0.042801438512, 0.85461803928, 0.072916541925],
      [0.00035123793636, 0.9469801912, 0.048219638799, 0.0044489320663],
      [0.090010687576, 0.069922094126, 0.52230456657, 0.31776265172]
    ],
    [
      [0.013586855087, 0.77847786058, 0.15971891654, 0.048216367797],
      [0.27443316549, 0.026296295459, 0.69914715124, 0.0001233878112],
      [0.037789297988, 0.055918263532, 0.8448363299, 0.061456108575],
      [0.00020278686439, 0.97112395845, 0.025727225762, 0.0029460289241],
      [0.11525675255, 0.078904348302, 0.52806973075, 0.27776916839]
    ],
    [
      [0.0099638712637, 0.74050188486, 0.17265633306, 0.07687791082],
      [0.22922821052, 0.017460520946, 0.75331126853, 0],
      [0.026447908296, 0.044299776049, 0.82998257068, 0.099269744978],
      [0.0003037308442, 0.94997507644, 0.043220597901, 0.006500594819],
      [0.075413084567, 0.065541380649, 0.46454148842, 0.39450404636]
    ],
    [
      [0.0062907513719, 0.76032538015, 0.19256997956, 0.040813888916],
      [0.13732351592, 0.022675815357, 0.8399643559, 3.6312825685e-05],
      [0.01542694011, 0.042897648802, 0.8925238715, 0.049151539592],
      [0.00018784763284, 0.94783412391, 0.048820872235, 0.0031571562193],
      [0.057416843463, 0.075869440888, 0.61826929518, 0.24844442047]
    ],
    [
      [0.024031868626, 0.69576499621, 0.19543470511, 0.084768430051],
      [0.34747980716, 0.014597114092, 0.63761697276, 0.00030610598832],
      [0.053542006563, 0.025068297457, 0.82943084433, 0.091958851653],
      [0.0010430469396, 0.94667830421, 0.043578905374, 0.0086997434732],
      [0.13705299418, 0.045294365702, 0.44177088198, 0.37588175813]
    ],
    [
      [0.022080529166, 0.68220865839, 0.20309864832, 0.092612164125],
      [0.30868077433, 0.013774478754, 0.67722323013, 0.00032151678272],
      [0.046146193586, 0.023723539427, 0.83357640059, 0.096553866396],
      [0.00078509088068, 0.94412081839, 0.044803501134, 0.010290589597],
      [0.11841515607, 0.04596014698, 0.46369885324, 0.37192584371]
    ],
    [
      [0.018605768229, 0.79678127262, 0.13187690001, 0.052736059142],
      [0.37986188257, 0.030720449313, 0.58923586891, 0.00018179920818],
      [0.060447970819, 0.071445162882, 0.79413537328, 0.073971493022],
      [0, 0.98685587899, 0.010313964599, 0.0028301564065],
      [0.16114253854, 0.084381126514, 0.45080545919, 0.30367087576]
    ],
    [
      [0.029151512564, 0.62667804588, 0.18699408163, 0.15717635992],
      [0.44181279156, 0.0028708257211, 0.55135816403, 0.0039582186867],
      [0.060174304291, 0.010235191108, 0.7328937849, 0.1966967197],
      [0.026383220394, 0.86084254769, 0.084770858964, 0.028003372956],
      [0.13171165334, 0.026890602105, 0.29696246544, 0.54443527912]
    ],
    [
      [0.012989928774, 0.6681672725, 0.19756121295, 0.12128158577],
      [0.25972919162, 0.013038937361, 0.72621846194, 0.0010134090746],
      [0.02988023046, 0.015642756884, 0.80995329935, 0.14452371331],
      [0.00066465338709, 0.90534351953, 0.078708326875, 0.015283500209],
      [0.076765141359, 0.033493276311, 0.36032517924, 0.52941640309]
    ],
    [
      [0.037616491371, 0.63638677214, 0.23476926885, 0.091227467641],
      [0.40383505112, 0.0071301708941, 0.58903477799, 0],
      [0.065727797365, 0.010281135639, 0.84271020489, 0.081280862111],
      [0.0011924083866, 0.94830073178, 0.039424086146, 0.011082773683],
      [0.16877548372, 0.035363507391, 0.46427942559, 0.33158158331]
    ],
    [
      [0.099756792539, 0.45656133916, 0.24268959407, 0.20099227422],
      [0.30539244129, 0.0054388882971, 0.68797428318, 0.0011943872316],
      [0.023121796508, 0.0075131052561, 0.77905902742, 0.19030607081],
      [0.0010473007806, 0.87762577699, 0.092167211266, 0.029159710965],
      [0.076373279558, 0.02048353652, 0.31865189329, 0.58449129064]
    ],
    [
      [0.082521981045, 0.56880266281, 0.30822352537, 0.040451830777],
      [0.28381237873, 0.0024833537082, 0.71366055082, 4.3716745888e-05],
      [0.036771780591, 0.0069727348701, 0.92698510966, 0.029270374884],
      [0.00090809146087, 0.92996106975, 0.064365344654, 0.0047654941311],
      [0.14349996531, 0.036146258578, 0.65206206499, 0.16829171112]
    ],
    [
      [0, 0.84826893107, 0.0660226279, 0.085708441033],
      [0, 0.19873858386, 0.80126141614, 0],
      [1.8014436097e-18, 0.051636753558, 0.83113098335, 0.11723226309],
      [0, 0.98585125442, 0.012003402569, 0.0021453430093],
      [0, 0.064832185109, 0.45840059294, 0.47676722195]
    ],
    [
      [0.026463635942, 0.75033411134, 0.1607302042, 0.06247204852],
      [0.47305576033, 0.0089078035798, 0.51803643609, 0],
      [0.081421973162, 0.029982048813, 0.80093259068, 0.087663387339],
      [0.0057870355819, 0.93730116875, 0.052825388053, 0.0040864076136],
      [0.19125921746, 0.061967993987, 0.40024176244, 0.34653102612]
    ],
    [
      [0.0094442691753, 0.77295095521, 0.1479749953, 0.069629780314],
      [0.16357631979, 0.02452378892, 0.81147918688, 0.00042070440615],
      [0.019556685886, 0.038240067993, 0.86863277912, 0.073570467005],
      [1.3721548526e-05, 0.972416576, 0.022071456344, 0.0054982461032],
      [0.062174657552, 0.061170237153, 0.54656227047, 0.33009283482]
    ],
    [
      [0.013035081988, 0.7291982323, 0.17393019815, 0.083836487562],
      [0.2206677763, 0.021637615457, 0.75720899722, 0.00048561101701],
      [0.027798946409, 0.034548466447, 0.84523421848, 0.092418368663],
      [3.1127797328e-05, 0.96964038558, 0.022046259923, 0.0082822267017],
      [0.081968275859, 0.053097752216, 0.48396045015, 0.38097352178]
    ],
    [
      [0.0067898779982, 0.60850879259, 0.29220197033, 0.092499359077],
      [0.23164116269, 0.0046704960223, 0.7633242677, 0.00036407358596],
      [0.013002761452, 0, 0.85624162246, 0.13075561609],
      [0.0075571935274, 0.87482169008, 0.10274206422, 0.014879052172],
      [0.05879187725, 0.020063345348, 0.4207731948, 0.50037158261]
    ],
    [
      [0, 0.59636649033, 0.2278138313, 0.17581967837],
      ["NaN", "NaN", "NaN", "NaN"],
      [0, 0.0078486838133, 0.78951320073, 0.20263811546],
      [0, 0.82676910278, 0.14607001483, 0.027160882394],
      [0, 0.018070260433, 0.29277410209, 0.68915563748]
    ],
    [
      [0.13878252068, 0.20380965552, 0.38888700988, 0.26852081392],
      [0.4721458237, 0, 0.52197870104, 0.0058754752659],
      [0.025659420212, 0.00094624201603, 0.74448903525, 0.22890530252],
      [0.0090524621234, 0.72181332268, 0.20059837092, 0.068535844279],
      [0.089381840606, 0.003917157923, 0.28092905455, 0.62577194693]
    ],
    [
      ["NaN", "NaN", "NaN", "NaN"],
      ["NaN", "NaN", "NaN", "NaN"],
      [0, 0.002833804327, 0.83267227629, 0.16449391938],
      [0, 0.98299717404, 0.0039663422362, 0.013036483726],
      ["NaN", "NaN", "NaN", "NaN"]
    ],
    [
      ["NaN", "NaN", "NaN", "NaN"],
      [0.29006128222, 0.093508743487, 0.6164299743, 0],
      [0.03530476308, 0.057999848791, 0.90669538813, 0],
      [0, 0.9960504141, 0.0039495858988, 0],
      [0.16893250522, 0.09815297376, 0.73291452102, 0]
    ],
    [
      [0.0051571744948, 0.78446682677, 0.10876240332, 0.10161359541],
      [0.20836893982, 0.030992558365, 0.76063850181, 0],
      [0.018163424882, 0.08825664816, 0.7228171213, 0.17076280566],
      [0.00012615274381, 0.98298441114, 0.0085152481271, 0.0083741879897],
      [0.048027990012, 0.070731098402, 0.32321852904, 0.55802238254]
    ],
    [
      [0.0050378892212, 0.75962425823, 0.1867168797, 0.048620972848],
      [0.12960247303, 0.025465410331, 0.84485717183, 7.4944811291e-05],
      [0.013511270477, 0.042947213188, 0.88267704261, 0.060864473727],
      [0.00016558279906, 0.9475350389, 0.04994047455, 0.0023589037538],
      [0.049319083762, 0.075437663346, 0.57744012534, 0.29780312755]
    ],
    [
      [0.031452129148, 0.4915535117, 0.36038834364, 0.11660601551],
      [0.32053719337, 0.00086970211341, 0.67859310452, 0],
      [0.021138394924, 0.0045601706364, 0.88622635387, 0.088075080567],
      [0.12565085049, 0.67117090782, 0.18570901956, 0.017469222131],
      [0.12399758809, 0.0084832554956, 0.50507501501, 0.3624441414]
    ],
    [
      [0.013930905729, 0.66946319491, 0.1608831952, 0.15572270416],
      [0.34495021664, 0.0088133730917, 0.64582135019, 0.00041506007758],
      [0.036502350512, 0.027001554157, 0.73107878838, 0.20541730695],
      [0.00057552731872, 0.92398254395, 0.055688490157, 0.019753438576],
      [0.078622825266, 0.028291654854, 0.26387781958, 0.6292077003]
    ],
    [
      [0.024555228915, 0.66472322208, 0.1939988235, 0.11672272551],
      [0.3894284322, 0.0084349247764, 0.60146451439, 0.00067212863586],
      [0.060202294769, 0.014454828408, 0.78386286821, 0.14148000861],
      [0.0071147505578, 0.89453401956, 0.082795854322, 0.015555375561],
      [0.1343591826, 0.03743724882, 0.36034634847, 0.46785722011]
    ],
    [
      [0.015375048781, 0.68141518494, 0.26297430223, 0.040235464055],
      [0.33184862006, 0, 0.66815137994, 0],
      [0.0323101014, 0, 0.91404829295, 0.053641605646],
      [0.015348549743, 0.86878170103, 0.11283001146, 0.0030397377751],
      [0.13610531606, 0.036325364026, 0.54495820653, 0.28261111338]
    ],
    [
      [0.0095377376139, 0.86023424816, 0.076812212238, 0.053415801984],
      [0.21097391511, 0.044785747432, 0.74387956524, 0.0003607722198],
      [0.025707205648, 0.065961316807, 0.84242222748, 0.065909250062],
      [0, 0.98348055385, 0.013581316067, 0.0029381300804],
      [0.084636114584, 0.080069458122, 0.53258406695, 0.30271036034]
    ],
    [
      [0.0060769323649, 0.86821593619, 0.085143985226, 0.040563146218],
      [0.16524416519, 0.052195410124, 0.78225868875, 0.00030173594213],
      [0.019344904348, 0.076398440286, 0.85347634833, 0.050780307035],
      [0, 0.99046361619, 0.0078130488295, 0.0017233349831],
      [0.068107575789, 0.10192972811, 0.56865041557, 0.26131228053]
    ],
    [
      [0.053719052914, 0.82954319232, 0.033534647881, 0.083203106888],
      ["NaN", "NaN", "NaN", "NaN"],
      [0.27168261965, 0.093269946227, 0.44663543025, 0.18841200387],
      [0.0010350452691, 0.98256576089, 0.0032958210607, 0.013103372782],
      [0.40084561724, 0.018785393454, 0.066602849503, 0.5137661398]
    ],
    [
      ["Inf", "NaN", "Inf", "NaN"],
      [0.37606375771, 0.0076620267912, 0.6162742155, 0],
      [0.037387935602, 0.033968740225, 0.82945729599, 0.099186028188],
      [0.00046112582224, 0.93842447333, 0.054963641183, 0.0061507596685],
      [0.10448997204, 0.055643022061, 0.4099931996, 0.42987380629]
    ],
    [
      [0, 0.91937772962, 0.05392211547, 0.026700154909],
      ["NaN", "NaN", "NaN", "NaN"],
      [5.5511151231e-18, 0.17800675421, 0.78397298162, 0.038020264171],
      [0, 0.9998395876, 0, 0.0001604123956],
      [0, 0.15059818894, 0.55317403417, 0.2962277769]
    ],
    [
      [0, 0.54203674278, 0.23920779666, 0.21875546056],
      [0, 0.0023633670679, 0.9952706644, 0.0023659685307],
      [0, 0, 0.70343832956, 0.29656167044],
      [7.7037197775e-34, 0.84288160115, 0.11833815684, 0.038780242007],
      ["NaN", "NaN", "NaN", "NaN"]
    ],
    [
      ["NaN", "NaN", "NaN", "NaN"],
      ["NaN", "NaN", "NaN", "NaN"],
      [0, 0.0031878735238, 0.79931752543, 0.19749460105],
      [0, 0.98406063238, 0.0034123728662, 0.012526994753],
      ["NaN", "NaN", "NaN", "NaN"]
    ],
    [
      [0.08619461671, 0.44439094901, 0.26490034561, 0.20451408867],
      [0.24263417198, 0.0063360915683, 0.74986017275, 0.0011695636981],
      [0.016983627452, 0.0065426968122, 0.79685908309, 0.17961459264],
      [0.00096062007783, 0.8729995341, 0.094919368812, 0.031120477005],
      [0.072324944417, 0.0091641293463, 0.37184302729, 0.54666789895]
    ],
    [
      [0.083707305975, 0.47204653762, 0.21278854816, 0.23145760824],
      [0.37968262473, 0.0043480892111, 0.61422952116, 0.0017397648988],
      [0.021430808268, 0.0055963859321, 0.73548276639, 0.23749003941],
      [0.00014163846242, 0.96974187136, 0.019721232714, 0.010395257467],
      [0.072340744638, 0.006752239647, 0.28338723985, 0.63751977587]
    ],
    [
      ["NaN", "Inf", "Inf", "NaN"],
      [0, 0.11031325581, 0.88346151652, 0.0062252276764],
      [1.272130549e-17, 0.13717357568, 0.66590268619, 0.19692373813],
      ["NaN", "NaN", "NaN", "NaN"],
      [0, 0.19126640686, 0.24753216996, 0.56120142318]
    ],
    [
      [0.015632897588, 0.78574327058, 0.091604624273, 0.10701920756],
      [0.2976862367, 0.021655056371, 0.67946241379, 0.001196293144],
      [0.040331546609, 0.036570948703, 0.8004538314, 0.12264367329],
      [0, 0.97144007013, 0.018385076642, 0.010174853228],
      [0.10095981993, 0.049549880641, 0.41205543856, 0.43743486087]
    ],
    [
      [1.734723476e-18, 0.32109878105, 0.3482758434, 0.33062537556],
      [0, 0.0012253057841, 0.99473026757, 0.0040444266491],
      [0, 0.0033619562343, 0.72934370152, 0.26729434224],
      ["NaN", "NaN", "NaN", "NaN"],
      [0, 0.0039815524798, 0.28501209719, 0.71100635033]
    ],
    [
      [0.031289535856, 0.65719629778, 0.23293669892, 0.078577467445],
      [0.39326666438, 0.0036874196506, 0.60208534102, 0.00096057495092],
      [0.062897533291, 0.012009921647, 0.84439319165, 0.080699353413],
      [0.017972587871, 0.88387256014, 0.089500397528, 0.0086544544601],
      [0.16699626715, 0.03983430121, 0.4606799465, 0.33248948514]
    ],
    [
      [0.010922816216, 0.71320204519, 0.18341657019, 0.092458568401],
      [0.25292156148, 0.0087131971679, 0.73823286904, 0.000132372311],
      [0.030928437875, 0.028624198708, 0.81711023981, 0.12333712361],
      [0.00045459614909, 0.91882232993, 0.069371615516, 0.011351458404],
      [0.079263959635, 0.053479129998, 0.42009498852, 0.44716192185]
    ],
    [
      [0.01178735806, 0.75883378222, 0.14007614641, 0.089302713317],
      [0.28892565706, 0.01517288472, 0.69590145822, 0],
      [0.03472411113, 0.06076651171, 0.77743964799, 0.12706972917],
      [0.00024714538756, 0.97110990266, 0.020632770775, 0.0080101811746],
      [0.086016481128, 0.075677798812, 0.40224086428, 0.43606485578]
    ],
    [
      [0.010055857192, 0.73585979342, 0.1724712117, 0.081613137684],
      [0.24258564835, 0.012882585874, 0.74453176578, 0],
      [0.029024016344, 0.041498224706, 0.82002923943, 0.10944851952],
      [0.00036635658682, 0.93692529175, 0.054058847471, 0.0086495041907],
      [0.078109974284, 0.064574865289, 0.44505107672, 0.41226408371]
    ],
    [
      [0, 0.68311633947, 0.2483056265, 0.068578034035],
      ["NaN", "NaN", "NaN", "NaN"],
      [0, 0, 0.91703536849, 0.082964631514],
      [6.162975822e-33, 0.8696903433, 0.1247655954, 0.0055440612981],
      [0, 0.024696291174, 0.46095048685, 0.51435322198]
    ],
    [
      [0.0080705697278, 0.52111023612, 0.28698403021, 0.18383516394],
      [0.15969219979, 0.0014762053025, 0.83636032455, 0.0024712703539],
      [0.0071109781054, 0.0061876368723, 0.80777990583, 0.17892147919],
      [0.023702882381, 0.71581703375, 0.22981057441, 0.030669509455],
      [0.036957784783, 0.015336220538, 0.34124238276, 0.60646361191]
    ],
    [
      [0.0039364831006, 0.76917541899, 0.13882112251, 0.088066975398],
