{
  "X": [
    [17, 47, 17, 19],
    [22, 42, 17, 19],
    [24, 38, 10, 28],
    [23, 33, 32, 12],
    [24, 45, 17, 14],
    [17, 41, 21, 21],
    [17, 49, 24, 10],
    [21, 52, 13, 14],
    [27, 43, 16, 14],
    [32, 47, 12, 9],
    [31, 44, 14, 11],
    [38, 38, 15, 9],
    [35, 37, 18, 10],
    [25, 41, 22, 12],
    [30, 38, 18, 14],
    [27, 44, 18, 11],
    [23, 56, 12, 9],
    [11, 62, 14, 13],
    [10, 60, 19, 11],
    [10, 62, 13, 15],
    [8, 59, 12, 21],
    [14, 62, 11, 13],
    [14, 65, 12, 9],
    [11, 62, 19, 8],
    [12, 64, 11, 13],
    [17, 40, 25, 18],
    [15, 37, 26, 22],
    [19, 45, 21, 15],
    [20, 47, 20, 13],
    [24, 38, 28, 10],
    [23, 45, 22, 10],
    [25, 38, 15, 22],
    [18, 45, 23, 14],
    [15, 34, 19, 32],
    [11, 26, 22, 41],
    [13, 32, 19, 36],
    [7, 30, 21, 42],
    [9, 35, 17, 39],
    [12, 32, 13, 43],
    [10, 33, 24, 33],
    [18, 26, 22, 34],
    [13, 34, 27, 26],
    [27, 20, 32, 21],
    [18, 17, 49, 16],
    [18, 24, 35, 23],
    [21, 20, 38, 21],
    [26, 20, 38, 16],
    [11, 23, 50, 16],
    [25, 32, 21, 22],
    [21, 16, 37, 26]
  ],
  "W": [
    [58, 5, 8, 8, 8, 13],
    [48, 11, 8, 15, 6, 12],
    [59, 5, 5, 10, 10, 11],
    [47, 12, 8, 8, 8, 17],
    [58, 12, 5, 6, 10, 9],
    [61, 7, 7, 4, 6, 15],
    [59, 6, 12, 9, 2, 12],
    [64, 11, 9, 8, 2, 6],
    [33, 34, 10, 9, 5, 9],
    [10, 53, 8, 12, 9, 8],
    [10, 61, 7, 7, 9, 6],
    [6, 69, 5, 11, 4, 5],
    [8, 55, 9, 4, 11, 13],
    [9, 53, 12, 12, 7, 7],
    [10, 52, 8, 8, 11, 11],
    [18, 60, 5, 7, 5, 5],
    [15, 43, 22, 9, 6, 5],
    [8, 13, 54, 4, 10, 11],
    [6, 10, 60, 7, 8, 9],
    [6, 8, 62, 5, 12, 7],
    [8, 2, 57, 11, 11, 11],
    [9, 12, 53, 8, 11, 7],
    [7, 9, 64, 6, 6, 8],
    [11, 7, 61, 6, 8, 7],
    [8, 7, 64, 5, 9, 7],
    [12, 8, 5, 57, 7, 11],
    [12, 1, 12, 62, 5, 8],
    [9, 8, 12, 55, 8, 8],
    [2, 11, 10, 60, 9, 8],
    [9, 14, 4, 61, 4, 8],
    [6, 7, 9, 64, 10, 4],
    [16, 11, 4, 49, 8, 12],
    [4, 8, 7, 65, 10, 6],
    [5, 11, 10, 25, 43, 6],
    [2, 8, 8, 11, 62, 9],
    [10, 9, 9, 5, 62, 5],
    [8, 6, 8, 6, 65, 7],
    [9, 10, 12, 10, 55, 4],
    [6, 9, 6, 6, 69, 4],
    [7, 9, 6, 8, 61, 9],
    [6, 11, 10, 6, 58, 9],
    [8, 11, 12, 9, 38, 22],
    [9, 6, 9, 11, 9, 56],
    [5, 8, 4, 8, 2, 73],
    [9, 10, 14, 12, 6, 49],
    [5, 4, 9, 14, 8, 60],
    [9, 15, 3, 7, 9, 57],
    [10, 3, 8, 8, 9, 62],
    [10, 10, 13, 6, 12, 49],
    [10, 9, 6, 9, 10, 56]
  ],
  "method": "mcmc",
  "mcmc_stepsize": 3000,
  "mcmc_samples": 100,
  "burn_in": 10000,
  "cond_prob": [
    [
      [0.18968479868, 0.46556061396, 0.15514816314, 0.18960642422],
      [0.20008292268, 0.79920367635, 0.00041622597829, 0.00029717498858],
      [0.12499701042, 0.50000661402, 0.2498415756, 0.12515479996],
      [0.12502075192, 0.37488910416, 0.3748043604, 0.12528578352],
      [0.12491998888, 0.37493558766, 0.12527639939, 0.37486802408],
      [0.15372038874, 0.46175504321, 0.15384205575, 0.23068251229]
    ],
    [
      [0.22919969007, 0.41668813812, 0.16660016435, 0.18751200746],
      [0.36352772838, 0.36374605122, 0.091015875768, 0.18171034463],
      [0.12496298232, 0.62486177692, 0.12515921815, 0.12501602262],
      [0.20002558505, 0.40000901442, 0.26665824903, 0.1333071515],
      [0.16656912056, 0.33342508007, 0.16671010856, 0.33329569081],
      [0.16667562557, 0.41651524125, 0.16671744547, 0.25009168771]
    ],
    [
      [0.27116745472, 0.37307441568, 0.084722862057, 0.27103526754],
      [0.20016595494, 0.59914170611, 0.00033607913453, 0.20035625982],
      [0.20071273218, 0.5992869426, 2.0812422545e-05, 0.19997951279],
      [0.20008984838, 0.30025962029, 0.29970198299, 0.19994854834],
      [0.19959594708, 0.30011655816, 0.10012067803, 0.40016681673],
      [0.18180625286, 0.36297313151, 0.091030915514, 0.36418970012]
    ],
    [
      [0.25534401963, 0.31916418692, 0.31911546546, 0.106376328],
      [0.41658528504, 0.2500906581, 0.24997051495, 0.083353541902],
      [0.12502805037, 0.62493231996, 0.25000870164, 3.0928029311e-05],
      [0.12503014348, 0.37489644183, 0.50006525436, 8.1603331743e-06],
      [0.12496265877, 0.2500869824, 0.37497205066, 0.24997830816],
      [0.17644946094, 0.29405113906, 0.29420934652, 0.23529005348]
    ],
    [
      [0.25879549103, 0.44816148592, 0.15521045684, 0.13783256621],
      [0.24965731808, 0.50097373032, 0.16611213782, 0.083256813787],
      [0.19921450001, 0.599117682, 0.20012693635, 0.0015408816392],
      [0.16669995353, 0.33410291293, 0.49834496891, 0.00085216462961],
      [0.20022352692, 0.4000743334, 0.10064428268, 0.299057857],
      [0.22171846812, 0.44377775903, 0.1119222808, 0.22258149206]
    ],
    [
      [0.19675689645, 0.40991656567, 0.19675116895, 0.19657536893],
      [0.14259009051, 0.57160376234, 0.14289635788, 0.14290978927],
      [0.14286834414, 0.42886298458, 0.2850285281, 0.14324014318],
      [0.00069498579303, 0.24949839717, 0.49965870698, 0.25014791005],
      [0.16625763472, 0.33342435559, 0.16757094397, 0.33274706572],
      [0.13328630151, 0.39955216957, 0.19990960002, 0.2672519289]
    ],
    [
      [0.18649748251, 0.49166134873, 0.23716427628, 0.084676892474],
      [0.16667460443, 0.66665434145, 0.16603549059, 0.00063556352845],
      [0.16666187321, 0.58206527265, 0.16760660741, 0.083666246724],
      [0.11071575905, 0.44483373664, 0.44400697406, 0.00044353023965],
      [0.0019401184632, 6.385509737e-05, 0.49994680781, 0.49804921862],
      [0.16636136319, 0.41696998036, 0.16698825706, 0.2496803994]
    ],
    [
      [0.23347700891, 0.51659545577, 0.12494628779, 0.12498124753],
      [0.27770758568, 0.53858749748, 0.09277655145, 0.090928365387],
      [0.1110858982, 0.55558309471, 0.21983567443, 0.11349533266],
      [0.12518619913, 0.5019635122, 0.24773517065, 0.12511511802],
      [0.00063460945485, 0.49953391366, 0.0004080525167, 0.49942342437],
      [0.1666926819, 0.49973409688, 0.0036128292482, 0.32996039198]
    ],
    [
      [0.30306883574, 0.42425202965, 0.15147001574, 0.12120911887],
      [0.29407784362, 0.44119924349, 0.14711595666, 0.11760695622],
      [0.20004352908, 0.59990907377, 0.10000234491, 0.10004505224],
      [0.22218929214, 0.33337300267, 0.33321242067, 0.11122528452],
      [0.19989583477, 0.39999281038, 0.20011227876, 0.1999990761],
      [0.22227373816, 0.33327743656, 0.11111670279, 0.33333212249]
    ],
    [
      [0.50485157292, 0.39361928596, 0.097567601581, 0.0039615395379],
      [0.33848671896, 0.47315872293, 0.11331716361, 0.075037394496],
      [0.24679615893, 0.75020839939, 0.0001112954654, 0.0028841462117],
      [0.25308882835, 0.41549457671, 0.24692542818, 0.084491166768],
      [0.22090933724, 0.44566035713, 0.22229168258, 0.11113862304],
      [0.25150861491, 0.37348118688, 0.0067367084537, 0.36827348976]
    ],
    [
      [0.4018881117, 0.39842040043, 0.095960885818, 0.10373060205],
      [0.32881104927, 0.44287006855, 0.13214578476, 0.096173097421],
      [0.27899610321, 0.70872311105, 0.0011254636217, 0.011155322116],
      [0.28246638577, 0.42352823028, 0.28432248232, 0.0096829016273],
      [0.22325149806, 0.33810863858, 0.32725354273, 0.11138632062],
      [0.16402399536, 0.33866411295, 0.0060134608592, 0.49129843083]
    ],
    [
      [0.57783813519, 0.32363408211, 0.0688576305, 0.029670152199],
      [0.40343401083, 0.37610812648, 0.13743568067, 0.083022182029],
      [0.18475376467, 0.77502942954, 0.031438738059, 0.0087780677321],
      [0.31441948191, 0.38577814127, 0.27616066854, 0.023641708275],
      [0.31579308081, 0.23109849671, 0.39905024233, 0.054058180148],
      [0.21009379886, 0.21272681835, 0.062526047492, 0.5146533353]
    ],
    [
      [0.62143310592, 0.235401954, 0.12474483239, 0.018420107688],
      [0.35952957475, 0.38943414644, 0.16281165852, 0.088224620289],
      [0.31494289128, 0.47869099091, 0.18870411492, 0.017662002893],
      [0.21322127766, 0.32423639399, 0.45948637974, 0.0030559486031],
      [0.26037349603, 0.38734591406, 0.18555506427, 0.16672552564],
      [0.28484068867, 0.29476436656, 0.19000091246, 0.23039403232]
    ],
    [
      [0.44682410826, 0.32214997675, 0.10711432365, 0.12391159134],
      [0.24490382356, 0.43434386377, 0.20960418006, 0.11114813262],
      [0.24106495974, 0.51275502998, 0.16259475403, 0.083585256252],
      [0.25451757133, 0.41092052512, 0.25153284171, 0.083029061837],
      [0.14996076706, 0.28668813179, 0.55493221933, 0.0084188818187],
      [0.14313780498, 0.28421454941, 0.15327040856, 0.41937723705]
    ],
    [
      [0.50143089064, 0.2938205339, 0.097893742406, 0.10685483305],
      [0.29164166276, 0.40225346829, 0.17352313909, 0.13258172987],
      [0.2446638103, 0.3873084601, 0.24294568387, 0.12508204573],
      [0.24235036342, 0.37606110621, 0.25687009302, 0.12471843735],
      [0.26953859939, 0.36974834685, 0.26886854628, 0.091844507487],
      [0.26902605883, 0.36094781492, 0.094707192655, 0.27531893359]
    ],
    [
      [0.38253435468, 0.38502725775, 0.17177564067, 0.060662746894],
      [0.26899377154, 0.46773597235, 0.16421077754, 0.099059478574],
      [0.19594925278, 0.42414932351, 0.37070033771, 0.0092010859949],
      [0.14273815905, 0.41814992877, 0.43032316047, 0.0087887517118],
      [0.20988830662, 0.39133086774, 0.019235231292, 0.37954559435],
      [0.18928008258, 0.40018011242, 0.018690369447, 0.39184943555]
    ],
    [
      [0.33195712166, 0.53305408171, 0.066820071522, 0.068168725103],
      [0.20972394173, 0.60378300579, 0.11701839845, 0.069474654033],
      [0.22615573582, 0.54740112789, 0.17999368242, 0.04644945387],
      [0.22408521418, 0.55342621615, 0.22168755796, 0.00080101171323],
      [0.16464534056, 0.50554368323, 0.00056385321083, 0.32924712301],
      [0.20448970435, 0.39691933341, 0.0014951279508, 0.39709583429]
    ],
    [
      [0.23740587353, 0.50332326192, 0.12862201663, 0.13064884792],
      [0.14827633315, 0.69420383542, 0.077765920108, 0.079753911316],
      [0.094106544611, 0.64993382076, 0.12786424525, 0.12809538938],
      [0.011495276962, 0.502318907, 0.48607867912, 0.00010713691481],
      [0.099034387325, 0.59440580196, 0.20549226406, 0.10106754665],
      [0.095916571884, 0.53627309776, 0.096014573174, 0.27179575718]
    ],
    [
      [0.32772159469, 0.50096024722, 0.1686066808, 0.0027114772861],
      [0.19859403101, 0.59814827668, 0.10248040756, 0.10077728475],
      [0.099847255235, 0.61809982209, 0.18296662691, 0.099086295762],
      [0.0019937878336, 0.71144196413, 0.28266670048, 0.0038975475557],
      [0.0019635797195, 0.49826660692, 0.37219881277, 0.1275710006],
      [0.0030255172317, 0.55117109115, 0.11436675769, 0.33143663393]
    ],
    [
      [0.47379235884, 0.46502684809, 0.012567164921, 0.048613628149],
      [0.0048171632444, 0.73136446195, 0.13913670269, 0.12468167211],
      [0.096328958266, 0.64684873254, 0.1141433859, 0.14267892329],
      [0.0077407067858, 0.55384930721, 0.42106620028, 0.017343785719],
      [0.066341550507, 0.56311633961, 0.16308666179, 0.20745544809],
      [0.044501569782, 0.53252274097, 0.096034645775, 0.32694104347]
    ],
    [
      [0.37304002078, 0.49960553842, 0.00094086713609, 0.12641357366],
      [0.49638493539, 0.4981276711, 0.0047158514046, 0.00077154210567],
      [0.070054329935, 0.6325576042, 0.10487529401, 0.19251277185],
      [0.0010278852127, 0.54461557735, 0.27166620741, 0.18269033003],
      [0.00073927542377, 0.54385114257, 0.18179387681, 0.27361570519],
      [0.00094312633315, 0.54345299927, 0.092462606805, 0.3631412676]
    ],
    [
      [0.33096242724, 0.55470146725, 0.0022258246493, 0.11211028086],
      [0.1656403378, 0.66590707324, 0.084114170956, 0.084338417999],
      [0.13201698109, 0.66135180638, 0.0937310602, 0.11290015233],
      [0.1257615475, 0.4985475473, 0.25117002718, 0.12452087801],
      [0.091626645977, 0.54519862288, 0.27051050645, 0.092664224698],
      [0.0032526596398, 0.56851299252, 0.0025536496737, 0.42568069817]
    ],
    [
      [0.42415410828, 0.56510124404, 0.0040429344344, 0.0067017132454],
      [0.22019491726, 0.6633088933, 0.11422814204, 0.0022680473949],
      [0.12550063957, 0.6888848199, 0.10786294978, 0.077751590749],
      [0.0044276556545, 0.5028305432, 0.49245463433, 0.00028716681377],
      [0.00014813387593, 0.50061804483, 0.17316358216, 0.32607023913],
      [0.12370891464, 0.62064890626, 0.0058385119686, 0.24980366714]
    ],
    [
      [0.27172463348, 0.54517406086, 0.18222801639, 0.00087328926993],
      [0.28476431495, 0.57061673627, 0.14353545271, 0.0010834960754],
      [0.098264568874, 0.65623106103, 0.17995914199, 0.065545228105],
      [0.00041470984711, 0.66661349241, 0.33291043826, 6.1359487442e-05],
      [0.0011962705033, 0.49892184879, 0.25116194619, 0.24871993451],
      [0.001640243239, 0.56965967271, 0.14378254147, 0.28491754258]
    ],
    [
      [0.24402757829, 0.62511195049, 0.0055820329847, 0.12527843824],
      [0.26724640796, 0.68993041545, 0.027014571491, 0.015808605104],
      [0.10840690903, 0.66245129789, 0.1084741106, 0.12066768249],
      [0.0021452703509, 0.60111914577, 0.36958963585, 0.027145948033],
      [0.10638365, 0.55401607105, 0.207034017, 0.13256626195],
      [0.038690448375, 0.54013829355, 0.016092046462, 0.40507921161]
    ],
    [
      [0.2500936931, 0.33349265054, 0.24965207123, 0.16676158513],
      [0.2502551006, 0.37456029315, 0.25021565371, 0.12496895254],
      [0.19981221987, 0.60005139819, 0.19985119737, 0.00028518457196],
      [0.15777172916, 0.42110021923, 0.24572606107, 0.17540199055],
      [0.1428100449, 0.2859273859, 0.42776006499, 0.1435025042],
      [0.091374082042, 0.36337678728, 0.182044363, 0.36320476768]
    ],
    [
      [0.25007685408, 0.33235344103, 0.24856759368, 0.16900211121],
      [0.99614719839, 0.00017263208132, 0.0002393737987, 0.0034407957252],
      [0.08430506334, 0.50050319471, 0.24825495175, 0.1669367902],
      [0.14469259759, 0.38697206314, 0.25914448764, 0.20919085163],
      [0.0013955335968, 0.20435286461, 0.39595586645, 0.39829573535],
      [0.12666888425, 0.24893943769, 0.24889406436, 0.3754976137]
    ],
    [
      [0.33329534487, 0.44349212959, 0.11300468821, 0.11020783733],
      [0.24895505508, 0.5009895741, 0.1261080253, 0.12394734551],
      [0.16593602542, 0.58477482399, 0.16666495366, 0.082624196937],
      [0.18182097454, 0.43667643321, 0.23605494261, 0.14544764964],
      [0.1260626642, 0.3739743874, 0.37281241155, 0.12715053685],
      [0.12610177964, 0.37179467843, 0.12607412795, 0.37602941397]
    ],
    [
      [0.98542159849, 0.004681727604, 0.00027377939406, 0.0096228945107],
      [0.18478626061, 0.54027707683, 0.18260249294, 0.092334169628],
      [0.19849316142, 0.5021417168, 0.19978746321, 0.099577658575],
      [0.19953296446, 0.48379359368, 0.20046797421, 0.11620546765],
      [0.1113808745, 0.44768265528, 0.32723512674, 0.11370134348],
      [0.12964632301, 0.37117650169, 0.12746947418, 0.37170770111]
    ],
    [
      [0.44696477426, 0.33293687844, 0.21936626411, 0.00073208318159],
      [0.35735038565, 0.35634790257, 0.2151634466, 0.071138265185],
      [0.0041862081033, 0.74579690081, 0.24852503499, 0.0014918560967],
      [0.22848633093, 0.37759661364, 0.2959203877, 0.097996667732],
      [0.00073217798609, 0.25190130609, 0.49441070612, 0.2529558098],
      [0.12713398769, 0.37381389982, 0.24881609455, 0.25023601794]
    ],
    [
      [0.46881982052, 0.36367686822, 0.16581609793, 0.0016872133304],
      [0.28543912136, 0.5446244747, 0.16846452992, 0.0014718740251],
      [0.2019239776, 0.66629186295, 0.13059745184, 0.0011867076167],
      [0.21311123785, 0.44593102608, 0.24740165958, 0.093556076485],
      [0.21899026034, 0.36445038986, 0.28095343498, 0.13560591482],
      [0.13566740074, 0.20621278332, 0.0018085184347, 0.65631129751]
    ],
    [
      [0.31245107842, 0.37449028228, 0.12490517396, 0.18815346534],
      [0.18435646765, 0.54130556903, 0.091948366759, 0.18238959656],
      [0.24721171445, 0.2516065105, 0.49561724101, 0.0055645340397],
      [0.2450569625, 0.36805313078, 0.1634967045, 0.22339320222],
      [0.24698085861, 0.3798000425, 0.12374679925, 0.24947229964],
      [0.25003139266, 0.33119703616, 0.083858608631, 0.33491296255]
    ],
    [
      [0.73457352753, 0.25848419842, 0.0014265657008, 0.0055157083516],
      [0.12804457817, 0.61714821338, 0.12748055279, 0.12732665567],
      [0.14104230047, 0.57343752533, 0.28266651594, 0.0028536582627],
      [0.17012294594, 0.44598551589, 0.24667782161, 0.13721371657],
      [0.098809520709, 0.40441609097, 0.29614501313, 0.2006293752],
      [0.16732774473, 0.33026589663, 0.16671252787, 0.33569383077]
    ],
    [
      [0.58412667117, 0.20715258351, 0.0004490064501, 0.20827173887],
      [0.19115002826, 0.3582784202, 0.18189367046, 0.26867788108],
      [0.09554944856, 0.49332981622, 0.11668766224, 0.29443307298],
      [0.12379318909, 0.32415362368, 0.23766265761, 0.31439052962],
      [0.13653953509, 0.32629086361, 0.2057537727, 0.3314158286],
      [0.0091986852469, 0.32592142846, 0.17351155067, 0.49136833562]
    ],
    [
      [0.24836476497, 0.38318312111, 0.33296922739, 0.035482886521],
      [0.26430449265, 0.25308222318, 0.19892065401, 0.28369263016],
      [0.034351604621, 0.39782580126, 0.21589346721, 0.35192912691],
      [0.15257750623, 0.43614893956, 0.24556562901, 0.1657079252],
      [0.091905673618, 0.22354513424, 0.20555427204, 0.4789949201],
      [0.081946373231, 0.15210365604, 0.28555130998, 0.48039866075]
    ],
    [
      [0.29925394614, 0.30262766224, 0.1006500782, 0.29746831342],
      [0.12176401802, 0.4352028026, 0.11447626779, 0.32855691158],
      [0.11501805107, 0.44114745225, 0.11544193154, 0.32839256514],
      [0.0083201118638, 0.20747235728, 0.57844592079, 0.20576161007],
      [0.12559603038, 0.30691840908, 0.20904232401, 0.35844323653],
      [0.0095734948055, 0.20405358688, 0.014276346342, 0.77209657197]
    ],
    [
      [0.24913574433, 0.25342671476, 0.1259617452, 0.37147579571],
      [0.16471034941, 0.33345247482, 0.16608729156, 0.33574988421],
      [0.0017919846325, 0.49879260265, 0.12671593958, 0.37269947313],
      [0.0029850737396, 0.16890790976, 0.49573609655, 0.33237091995],
      [0.060879456177, 0.29205398663, 0.21521727456, 0.43184928263],
      [0.0041772825544, 0.2835105746, 0.14550219237, 0.56680995047]
    ],
    [
      [0.22128681298, 0.36122377877, 0.098316624714, 0.31917278354],
      [0.18830658614, 0.39965786765, 0.087951762053, 0.32408378415],
      [0.083369763105, 0.42670307967, 0.166785845, 0.32314131223],
      [0.025001957394, 0.31312390476, 0.36259041821, 0.29928371964],
      [0.070434415635, 0.33845921808, 0.17016205871, 0.42094430758],
      [0.00025080767408, 0.22136857918, 0.062346301511, 0.71603431163]
    ],
    [
      [0.30077618316, 0.43552414003, 0.016352101488, 0.24734757532],
      [0.3011267295, 0.31576943896, 0.10813815029, 0.27496568125],
      [0.023739164571, 0.47120090547, 0.17700419608, 0.32805573387],
      [0.17703729023, 0.28841187946, 0.21469445753, 0.31985637279],
      [0.08948936677, 0.31209020022, 0.12394812117, 0.47447231184],
      [0.026444324904, 0.11325742115, 0.25650793894, 0.603790315]
    ],
    [
      [0.28507112445, 0.27002171326, 0.17857784388, 0.26632931841],
      [0.22230557887, 0.33420599925, 0.22131524262, 0.22217317926],
      [0.0018239233952, 0.64195939081, 0.16658736609, 0.1896293197],
      [0.03283786196, 0.28344884998, 0.44979697497, 0.23391631309],
      [0.091730429702, 0.32969992305, 0.22973710131, 0.34883254594],
      [0.01494991902, 0.20788350701, 0.23847274815, 0.53869382582]
    ],
    [
      [0.33173812757, 0.17244064931, 0.16112339172, 0.33469783141],
      [0.27263044856, 0.27806423574, 0.17550494094, 0.27380037476],
      [0.10120397783, 0.39640360192, 0.20608337924, 0.29630904101],
      [0.17926936434, 0.16834287433, 0.32897490716, 0.32341285417],
      [0.17025555209, 0.2573499163, 0.24126560336, 0.33112892824],
      [0.11646203497, 0.22291790003, 0.11940189654, 0.54121816845]
    ],
    [
      [0.24999968647, 0.2500022578, 0.24999809967, 0.24999995606],
      [0.27272245033, 0.36363540373, 0.18182023786, 0.18182190809],
      [0.083335703435, 0.41666580871, 0.24999926833, 0.24999921953],
      [0.11111458914, 0.44443814015, 0.22222469651, 0.2222225742],
      [0.10526192029, 0.31579228455, 0.3421028443, 0.23684295086],
      [0.090911038178, 0.31817966899, 0.2272759552, 0.36363333763]
    ],
    [
      [0.48975878775, 0.17717752807, 0.22155585671, 0.11150782747],
      [0.21721763239, 0.35087676917, 0.26454079958, 0.16736479886],
      [0.25448891035, 0.25636779786, 0.34460028856, 0.14454300323],
      [0.23647036491, 0.1552461937, 0.45346932597, 0.15481411542],
      [0.22239425055, 0.14437664975, 0.30114248229, 0.33208661741],
      [0.2570668331, 0.19617381202, 0.31462330302, 0.23213605186]
    ],
    [
      [0.54945036085, 0.079577235544, 0.36073293889, 0.010239464711],
      [0.13228758505, 0.37225408866, 0.37096988171, 0.12448844459],
      [0.0046030551542, 0.33567396395, 0.65431048837, 0.0054124925204],
      [0.15098129416, 0.10702352005, 0.61635579271, 0.12563939308],
      [0.004338089325, 0.099002408185, 0.40640568358, 0.49025381891],
      [0.1775275173, 0.15379715453, 0.49133803547, 0.1773372927]
    ],
    [
      [0.22216976694, 0.22249356099, 0.33328616389, 0.22205050819],
      [0.29998726475, 0.19994427515, 0.30006188769, 0.20000657241],
      [0.14296350492, 0.35718272154, 0.28559413157, 0.21425964198],
      [0.16650136235, 0.25008357748, 0.41687406691, 0.16654099325],
      [0.16647599687, 0.16686234191, 0.4998548752, 0.16680678602],
      [0.16331098065, 0.22439551259, 0.34693611739, 0.26535738937]
    ],
    [
      [0.39898440551, 0.20068471932, 0.20153789793, 0.19879297724],
      [0.7442986804, 0.0015973466335, 0.25283005101, 0.0012739219632],
      [0.11051726901, 0.44525620688, 0.33199637614, 0.11223014796],
      [0.14330272263, 0.14302690516, 0.57022782987, 0.14344254234],
      [0.12712381587, 0.1248683066, 0.37520827453, 0.372799603],
      [0.2001666531, 0.19969263383, 0.36680278511, 0.23333792796]
    ],
    [
      [0.44406149102, 0.11183678006, 0.33281386843, 0.11128786048],
      [0.33375776065, 0.20024867241, 0.33291577136, 0.13307779558],
      [0.00068336352634, 0.66570637427, 0.33269836511, 0.00091189709612],
      [0.14319890246, 0.28524375898, 0.42867822469, 0.14287911387],
      [0.22264199629, 0.11125573531, 0.55516310927, 0.11093915912],
      [0.24541859292, 0.19288792701, 0.36869522741, 0.19299825266]
    ],
    [
      [0.19778640995, 0.21294904204, 0.49061792019, 0.098646627825],
      [0.64564676615, 0.0136457233, 0.32335945403, 0.017348056527],
      [0.12296487394, 0.25581666542, 0.4978276058, 0.12339085484],
      [0.0069157820432, 0.36493908314, 0.50305501673, 0.12509011809],
      [0.004203531702, 0.22218298417, 0.5537057862, 0.21990769794],
      [0.096908364015, 0.2236109607, 0.50215047387, 0.17733020141]
    ],
    [
      [0.30034216647, 0.29967355317, 0.20000404896, 0.19998023139],
      [0.3000582545, 0.29966955693, 0.19993800236, 0.20033418621],
      [0.23046756209, 0.46204622635, 0.15361225647, 0.1538739551],
      [0.16650323129, 0.33350783517, 0.33352603026, 0.16646290328],
      [0.24981880458, 0.25028129183, 0.24989399144, 0.25000591216],
      [0.24496066205, 0.30603153966, 0.20415787906, 0.24484991922]
    ],
    [
      [0.39985179809, 0.10004122721, 0.30000246521, 0.20010450949],
      [0.22224090666, 0.22237250844, 0.33323111309, 0.2221554718],
      [0.16674615865, 0.33333904026, 0.33330296769, 0.1666118334],
      [0.11128549313, 0.22216289694, 0.44443491482, 0.22211669511],
      [0.20013168281, 0.10002582844, 0.4998114277, 0.20003106105],
      [0.19639197573, 0.14282993845, 0.35719730381, 0.303580782]
    ]
  ],
  "expected_outcome": [
    [
      [11.0017183233, 11.0015851232, 15.9988798283, 12.0011689225, 15.0101384796, 12.0021706834, 11.0033514682, 14.9425285705, 10.0012715794, 5.0485157292, 4.018881117, 3.4670288111, 4.9714648474, 4.0214169744, 5.0143089064, 6.8856183843, 4.9793568249, 1.8992469882, 1.9663295681, 2.842754153, 2.9843201663, 2.9786618452, 2.969078758, 2.9889709683, 1.9522206263, 3.0011243172, 3.000922249, 2.9996581038, 1.970843197, 4.0226829684, 2.8129189231, 4.9992172548, 2.9382941101, 2.9206333559, 0.49672952995, 2.9925394614, 1.9930859547, 1.9915813168, 1.804657099, 1.9954978712, 1.9904287654, 1.9999974918, 4.4078290897, 2.7472518043, 1.9995279024, 1.9949220276, 3.9965534192, 1.9778640995, 3.0034216647, 3.9985179809],
      [27.0025156098, 20.0010306295, 22.0113905253, 15.0007167852, 25.9933661834, 25.0049105058, 29.0080195752, 33.0621091691, 14.0003169785, 3.9361928596, 3.9842040043, 1.9418044927, 1.883215632, 2.8993497907, 2.938205339, 6.9304906396, 7.9958112257, 4.0265860954, 3.0057614833, 2.7901610885, 3.9968443073, 4.9923132052, 3.9557087083, 5.9969146694, 5.0008956039, 4.0019118065, 3.9882412923, 3.9914291663, 0.0093634552079, 2.996431906, 2.1820612093, 5.9918445165, 1.0339367937, 1.0357629176, 0.76636624223, 3.0262766224, 2.0274137181, 3.2510140089, 2.6131448402, 1.8901519928, 1.0346438958, 2.0000180624, 1.5945977527, 0.39788617772, 2.0024420489, 1.0034235966, 1.0065310206, 2.1294904204, 2.9967355317, 1.0004122721],
      [8.9985934622, 7.996807889, 4.9986488613, 14.9984268765, 9.0022064969, 12.0018213061, 13.9926923007, 7.9965624185, 4.9985105195, 0.97567601581, 0.95960885818, 0.413145783, 0.99795865914, 0.96402891284, 0.97893742406, 3.091961532, 1.0023010728, 1.028976133, 1.0116400848, 0.075402989524, 0.0075269370887, 0.020032421843, 0.028300541041, 2.0045081803, 0.044656263878, 2.9958248547, 2.9828111242, 1.0170421939, 0.00054755878811, 1.974296377, 0.99489658756, 1.9984827834, 0.0057062628033, 0.0022450322505, 0.66593845478, 1.006500782, 1.0076939616, 0.88484962242, 0.098112608925, 1.2500449072, 0.9667403503, 1.9999847973, 1.9940027104, 1.8036646945, 2.999575475, 1.0076894896, 2.9953248159, 4.9061792019, 2.0000404896, 3.0000246521],
      [10.9971726048, 9.0005763583, 15.991080785, 4.9996874158, 7.9942888401, 11.9910975047, 4.995936656, 7.998799842, 3.9999009226, 0.039615395379, 1.0373060205, 0.17802091319, 0.14736086151, 1.1152043221, 1.0685483305, 1.0919294441, 1.0225308766, 1.0451907834, 0.016268863717, 0.2916817689, 1.0113085893, 1.0089925278, 0.046911992717, 0.0096061819692, 1.0022275059, 2.0011390216, 2.0280253345, 0.99187053596, 0.019245789021, 0.0065887486343, 0.010123279982, 3.0104554454, 0.022062833406, 1.0413586943, 0.070965773042, 2.9746831342, 2.9718063657, 2.8725550519, 1.4840854519, 1.8643052289, 2.0081869884, 1.9999996485, 1.0035704472, 0.051197323557, 1.9984545737, 0.99396488621, 1.0015907444, 0.98646627825, 1.9998023139, 2.0010450949]
    ],
    [
      [1.0004146134, 3.9988050122, 1.0008297747, 4.9990234205, 2.9958878169, 0.99813063356, 1.0000476266, 3.0547834425, 9.9986466832, 17.9397961047, 20.0574740054, 27.836946747, 19.7741266113, 12.9799026485, 15.1653664634, 16.1396262924, 9.0181294943, 1.927592331, 1.9859403101, 0.038537305956, 0.99276987077, 1.9876840536, 1.9817542553, 1.9933502046, 1.8707248557, 2.0020408048, 0.99614719839, 1.9916404407, 2.0326488667, 5.0029053991, 1.9980738495, 2.0279211442, 1.0243566254, 2.1026503109, 2.1144359412, 1.0958761622, 0.98826209643, 1.8830658614, 2.7101405655, 2.0007502098, 2.9989349342, 2.9999469536, 1.3033057943, 1.0583006804, 2.9998726475, 2.9771947216, 5.0063664097, 1.9369402984, 3.000582545, 2.00016816],
      [3.9960183817, 4.0012065634, 2.9957085305, 3.0010878972, 6.0116847638, 4.0012263364, 3.9999260487, 5.9244624723, 15.0007742788, 25.0774123155, 27.0150741814, 25.951460727, 21.418878054, 23.0202247797, 20.9171803509, 28.0641583407, 25.9626692489, 9.0246498605, 5.9814827668, 5.8509156956, 0.99625534221, 7.9908848789, 5.9697800397, 3.9943171539, 4.8295129081, 2.9964823452, 0.00017263208132, 4.0079165928, 5.9430478451, 4.9888706359, 3.8123713229, 5.9543612593, 4.937185707, 3.9410626222, 2.0246577854, 3.9168252234, 2.0007148489, 3.9965786765, 2.8419249507, 3.0078539933, 3.0587065932, 3.999989441, 2.105260615, 2.9780327093, 1.9994427515, 0.006389386534, 3.0037300861, 0.0409371699, 2.9966955693, 2.001352576],
      [0.0020811298915, 1.0011746334, 0.0016803956727, 2.9996461795, 1.9933456538, 1.0002745052, 0.99621294352, 1.020542066, 5.0019425265, 6.0058096715, 8.0608928705, 9.483061966, 8.9546412188, 11.1090215431, 9.0232032326, 9.8526466524, 5.0317911334, 1.0109569614, 1.0248040756, 1.1130936216, 0.0094317028091, 1.0093700515, 1.0280532784, 1.004748169, 0.18910200044, 2.0017252297, 0.0002393737987, 1.0088642024, 2.0086274223, 3.0122882523, 1.1792517095, 1.0114320344, 1.0198444223, 2.0008303751, 1.5913652321, 1.0302864101, 0.99652374936, 0.87951762053, 0.97324335258, 1.9918371836, 1.9305543503, 2.0000226164, 1.5872447975, 2.9677590537, 3.0006188769, 1.011320204, 4.9937365704, 0.97007836208, 1.9993800236, 2.9990800178],
      [0.0014858749429, 1.9988137909, 1.0017812991, 1.0002425028, 0.99908176544, 1.0003685249, 0.0038133811707, 1.0002120193, 3.9986365115, 3.9769819083, 5.8665589427, 5.72853056, 4.8523541159, 5.8908510288, 6.8942499531, 5.9435687145, 2.9874101234, 1.0368008471, 1.0077728475, 0.99745337692, 0.0015430842113, 1.012061016, 0.020412426554, 0.0075844725279, 0.11066023573, 0.99975162035, 0.0034407957252, 0.99157876409, 1.0156758659, 0.99593571259, 0.010303118176, 2.0062855622, 1.0186132453, 2.9554566919, 2.2695410413, 2.9570122043, 2.0144993053, 3.2408378415, 2.4746911312, 1.9995586133, 3.0118041223, 2.0000409889, 1.0041887931, 0.99590755669, 2.0000657241, 0.0050956878529, 1.9961669337, 0.052044169582, 2.0033418621, 1.9993992462]
    ],
    [
      [0.99997608334, 0.99970385856, 1.0035636609, 1.0002244029, 0.99607250006, 1.000078409, 1.9999424786, 0.99977308376, 2.0004352908, 1.9743692714, 1.9529727225, 0.92376882334, 2.8344860216, 2.8927795169, 1.9573104824, 0.97974626392, 4.9754261881, 5.081753409, 5.9908353141, 5.9723954125, 3.9930968063, 6.9968999979, 8.0320409324, 5.9941387013, 6.9380421776, 0.99906109936, 1.0116607601, 1.991232305, 1.9849316142, 0.016744832413, 1.8173157984, 0.98884685779, 0.98729610326, 0.9554944856, 0.27481283697, 1.0351624596, 0.01433587706, 1.0004371573, 0.14243498742, 0.010943540371, 1.0120397783, 1.0000284412, 2.2904001932, 0.018412220617, 2.0014890688, 0.99465542113, 0.002050090579, 0.98371899149, 2.9960783071, 1.0004769519],
      [4.0000529121, 4.9988942153, 2.996434713, 4.9994585597, 2.99558841, 3.0020408921, 6.9847832719, 5.0002478524, 5.9990907377, 6.0016671951, 4.9610617774, 3.8751471477, 4.3082189182, 6.1530603598, 3.0984676808, 2.1207466176, 12.0428248137, 35.0964263211, 37.0859893253, 40.1046214177, 36.0557834394, 35.0516457382, 44.0886284737, 40.030094723, 42.3968830647, 3.0002569909, 6.0060383365, 7.0172978879, 5.021417168, 2.9831876033, 5.9966267666, 1.006426042, 4.0140626773, 4.9332981622, 3.1826064101, 3.9703270703, 3.9903408212, 5.120436956, 2.8272054328, 3.8517563449, 3.9640360192, 4.9999897045, 2.3073101808, 1.3426958558, 5.0005581015, 4.007305862, 1.9971191228, 2.0465333234, 6.0066009425, 2.0000342416],
      [1.9987326048, 1.0012737452, 0.00010406211273, 2.0000696131, 1.0006346818, 1.9951996967, 2.0112792889, 1.9785210699, 1.0000234491, 0.00089036372321, 0.0078782453517, 0.15719369029, 1.6983370342, 1.9511370483, 1.9435654709, 1.8535016886, 3.9598610131, 6.9046692436, 10.9779976149, 7.0768899256, 5.9778917588, 4.9677461906, 6.9032287859, 10.9775076613, 6.9423430782, 0.99925598685, 2.979059421, 1.9999794439, 1.9978746321, 0.99410013994, 1.1753770665, 1.982468964, 1.9786656116, 1.1668766224, 1.7271477377, 1.0389773838, 1.0137275167, 2.00143014, 1.0620251765, 0.99952419656, 2.0608337924, 2.9999912199, 3.101402597, 2.6172419535, 3.9983178419, 2.9879673852, 0.99809509532, 3.9826208464, 1.9969593341, 1.9998178062],
      [1.0012383997, 1.0001281809, 0.99989756395, 0.00024742423449, 0.0077044081961, 1.0026810023, 1.0039949607, 1.021457994, 1.0004505224, 0.023073169693, 0.078087254809, 0.043890338661, 0.15895802604, 1.003023075, 1.0006563658, 0.046005429975, 1.0218879851, 6.9171510263, 5.9451777457, 8.8460932442, 10.9732279955, 5.9837080733, 4.9761018079, 3.9982589144, 7.7227316794, 0.0014259228598, 2.0032414824, 0.99149036325, 0.99577658575, 0.0059674243869, 0.010680368551, 0.022258136159, 0.019975607839, 2.9443307298, 2.8154330152, 2.9555330863, 2.9815957851, 3.8776957467, 1.9683344032, 1.1377759182, 2.9630904101, 2.9999906344, 1.3008870291, 0.021649970081, 2.9996349878, 1.0100713317, 0.0027356912884, 0.9871268387, 2.0003614163, 0.9996710004]
    ],
    [
      [1.0001660154, 3.0003837757, 2.0008984838, 1.0002411478, 1.0001997212, 0.0027799431721, 0.99644183149, 1.001489593, 1.9997036293, 3.0370659402, 1.9772647004, 3.458614301, 0.85288511065, 3.054210856, 1.9388029074, 0.99916711334, 2.0167669276, 0.045981107849, 0.013956514835, 0.038703533929, 0.011306737339, 1.00609238, 0.026565933927, 0.0024882590827, 0.010726351754, 8.9929885619, 8.9709410505, 10.0001535998, 11.9719778676, 13.9376661867, 13.6391192226, 12.0077911625, 11.0579914858, 3.0948297273, 1.6783525685, 0.041600559319, 0.017910442438, 0.25001957394, 1.0622237414, 0.26270289568, 1.075616186, 1.0000313023, 2.601174014, 1.2078503533, 1.9980163483, 2.0062381168, 1.0023923172, 0.055326256346, 0.99901938776, 1.0015694381],
      [2.9991128333, 6.0001352163, 3.0025962029, 2.9991715346, 2.0046174776, 0.99799358868, 4.0035036298, 4.0157080976, 3.0003570241, 4.9859349205, 2.964697612, 4.243559554, 1.296945576, 4.9310463015, 3.0084888497, 2.9270495014, 4.9808359453, 2.009275628, 4.9800937489, 2.7692465361, 5.9907713509, 3.9883803784, 3.0169832592, 3.9996809544, 3.0055957288, 24.002712496, 23.9922679145, 24.0172038264, 29.0276156205, 23.0333934319, 28.5395856694, 18.0346034083, 28.9890585326, 8.1038405919, 4.7976383352, 1.0373617864, 1.0134474585, 3.1312390476, 1.7304712767, 2.2675907999, 1.010057246, 3.9999432614, 1.7077081307, 0.8561881604, 3.0010029298, 2.0023766722, 1.9967063128, 2.9195126651, 2.001047011, 1.9994660725],
      [2.9984348832, 3.9998737355, 2.9970198299, 4.0005220349, 2.9900698135, 1.9986348279, 3.9960627666, 1.9818813652, 2.998911786, 2.9631051381, 1.9902573762, 3.0377673539, 1.837945519, 3.0183941005, 2.0549607442, 3.0122621233, 1.9951880216, 1.9443147165, 1.9786669034, 2.1053310014, 2.9883282815, 2.0093602175, 2.954727806, 1.9974626296, 1.8479481792, 14.0063854808, 16.0669582339, 12.9830218437, 12.0280784528, 18.0511436498, 15.8337062129, 8.0113385206, 16.0340584048, 5.9415664403, 2.7012219191, 2.8922296039, 2.9744165793, 3.6259041821, 1.2881667452, 3.5983757998, 1.973849443, 2.0000222686, 4.9881625856, 4.9308463417, 5.0024888029, 7.9831896182, 3.0007475728, 4.0244401338, 2.0011561815, 3.9999142334],
      [1.0022862682, 1.9996072725, 1.9994854834, 6.5282665395e-05, 0.0051129877777, 1.0005916402, 0.0039917721568, 1.0009209442, 1.0010275606, 1.0138940012, 0.067780311391, 0.26005879102, 0.012223794413, 0.99634874204, 0.99774749877, 0.061521261982, 0.0072091054191, 0.00042854765925, 0.02728283289, 0.086718928595, 2.0095936303, 0.99616702411, 0.0017230008826, 0.00036815692465, 0.13572974016, 9.9979134612, 12.969832801, 7.9996207301, 6.9723280591, 5.9777967316, 5.9875888951, 10.9462669086, 8.9188915768, 7.8597632404, 1.8227871772, 1.0288080503, 1.9942255197, 2.9928371964, 1.9191382367, 1.8713305047, 1.940477125, 2.0000031678, 1.7029552697, 1.0051151446, 1.998491919, 2.0081955928, 1.0001537971, 1.0007209447, 0.99877741969, 1.999050256]
    ],
    [
      [0.99935991102, 0.99941472339, 1.9959594708, 0.99970127019, 2.0022352692, 0.99754580833, 0.0038802369264, 0.0012692189097, 0.99947917385, 1.9881840352, 2.0092634826, 1.2631723232, 2.8641084564, 1.0497253694, 2.9649245932, 1.0494415331, 0.98787204334, 0.99034387325, 0.015708637756, 0.79609860608, 0.0081320296615, 1.0078931057, 0.00088880325558, 0.0095701640267, 0.95745285002, 0.99967031433, 0.0069776679841, 1.0085013136, 1.0024278705, 0.0029287119444, 2.1899026034, 1.9758468689, 0.98809520709, 5.8712000089, 5.6981517643, 7.7869538835, 3.9571646515, 3.8738928599, 6.1747663071, 5.5955562118, 9.8748220214, 3.9999529712, 2.001548255, 0.0086761786501, 0.99885598123, 1.016990527, 2.0037779667, 0.037831785318, 2.9978256549, 2.0013168281],
      [2.9994847013, 2.0005504804, 3.0011655816, 2.0006958592, 4.000743334, 2.0005461335, 0.00012771019474, 0.99906782731, 1.9999640519, 4.0109432142, 3.0429777472, 0.92439398686, 4.2608050546, 2.0068169225, 4.0672318153, 1.9566543387, 3.0332620994, 5.9440580196, 3.9861328553, 6.7573960754, 5.9823625683, 5.9971848516, 3.003708269, 3.9913747904, 4.9861446395, 2.0014917013, 1.021764323, 2.9917950992, 4.0291438976, 1.0076052244, 3.6445038986, 3.03840034, 4.0441609097, 14.0305071353, 13.8597983227, 19.028941363, 18.983509131, 18.6152569943, 21.534223815, 20.1116953061, 14.9262951455, 12.000106813, 1.2993898478, 0.19800481637, 1.0011740515, 0.99894645277, 1.0013016178, 1.9996468575, 3.0033755019, 1.0002582844],
      [1.0022111951, 1.0002606513, 1.0012067803, 2.9997764053, 1.0064428268, 1.0054256638, 0.99989361563, 0.00081610503339, 1.0005613938, 2.0006251432, 2.9452818846, 1.5962009693, 2.041105707, 3.8845255353, 2.9575540091, 0.096176156458, 0.003383119265, 2.0549226406, 2.9775905021, 1.9570399415, 1.9997326449, 2.9756155709, 1.038981493, 2.0092955695, 1.863306153, 2.9943204549, 1.9797793322, 2.9824992924, 2.9451161407, 1.9776428245, 2.8095343498, 0.989974394, 2.9614501313, 8.847412226, 12.7443648666, 12.9606240884, 13.9891228465, 9.3589132289, 8.552420361, 14.0139631796, 13.9934049951, 12.9999080833, 2.7102823406, 0.81281136716, 2.9991292512, 3.0016661963, 4.9964679835, 4.9833520758, 2.9987278972, 4.998114277],
      [2.9989441926, 1.9997741449, 4.0016681673, 1.9998264653, 2.99057857, 1.9964823943, 0.99609843725, 0.99884684874, 0.99999538048, 1.0002476074, 1.0024768856, 0.21623272059, 1.833980782, 0.058932172731, 1.0102895824, 1.8977279717, 1.975482738, 1.0106754665, 1.0205680048, 2.4894653771, 3.0097727571, 1.0193064717, 1.9564214348, 1.9897594761, 1.1930963575, 1.0045175294, 1.9914786767, 1.0172042948, 1.0233120913, 1.0118232392, 1.3560591482, 1.9957783971, 2.006293752, 14.2508806299, 29.6976850464, 22.223480665, 28.070203371, 23.1519369169, 32.7385895169, 21.2787853025, 19.205477838, 9.0000321325, 2.9887795567, 0.98050763782, 1.0008407161, 2.982396824, 0.99845243208, 1.9791692814, 3.0000709459, 2.0003106105]
    ],
    [
      [1.9983650536, 2.0001075069, 1.9998687815, 2.999640836, 1.995466213, 1.9992945226, 1.9963363582, 1.0001560914, 2.0004636435, 2.0120689193, 0.98414397214, 1.0504689943, 3.7029289527, 1.0019646349, 2.9592866472, 0.94640041292, 1.0224485218, 1.0550822907, 0.027229655085, 0.31151098848, 0.010374389665, 0.022768617479, 0.98967131711, 0.011481702673, 0.27083313863, 1.0051149025, 1.013351074, 1.0088142371, 1.0371705841, 1.0170719015, 0.54266960295, 3.0003767119, 1.0039664684, 0.055192111481, 0.73751735908, 0.047867474027, 0.029240977881, 0.0010032306963, 0.10577729962, 0.13454927118, 1.0481583147, 2.0000428399, 14.3957426538, 12.9595087628, 8.0022380518, 12.0099991859, 13.9888597966, 6.0083185689, 12.0030724405, 10.997950641],
      [6.0028155618, 4.998182895, 3.9927044466, 4.9988693641, 3.9939998312, 5.9932825436, 5.0036397643, 2.9984045813, 2.999496929, 2.9878494951, 2.0319846777, 1.0636340917, 3.8319367652, 1.9895018458, 3.9704259642, 2.0009005621, 1.984596667, 5.8990040754, 4.9605398203, 3.7276591868, 5.9779829919, 3.9795909476, 4.96519125, 3.9876177089, 3.7809680549, 3.9971446601, 1.9915155015, 2.9743574275, 2.9694120135, 2.9905111986, 0.82485113328, 3.9743644339, 1.9815953798, 1.9555285707, 1.3689329044, 1.0202679344, 1.9845740222, 0.88547431674, 0.45302968459, 1.8709515631, 2.0062611003, 6.9999527177, 10.9857334731, 11.2271922804, 10.9953801169, 11.9815580299, 10.9946118399, 13.8638795637, 14.9955454436, 7.9984765535],
