{
  "Z_true": {},
  "V_true": [
    [295, 43, 638, 209, 29],
    [18, 943, 110, 2644, 39],
    [26, 434, 105, 13756, 185],
    [980, 430, 8522, 2057, 273],
    [73, 169, 431, 1491, 507]
  ],
  "p_true": [
    [0.243, 0.0354, 0.5255, 0.1722, 0.0239],
    [0.0048, 0.2512, 0.0293, 0.7043, 0.0104],
    [0.0018, 0.0299, 0.0072, 0.9483, 0.0128],
    [0.0799, 0.0351, 0.695, 0.1678, 0.0223],
    [0.0273, 0.0633, 0.1614, 0.5582, 0.1898]
  ],
  "Z_est": [
    [
      [2.3804, 4.8873, 3.6261, 3.0658, 7.0854, 6.0105, 0.7489, 0.1525, 0, 3.5388, 12.5291, 4.138, 4.1964, 8.7105, 5.9168, 10.1721, 2.8444, 7.4546, 12.4565, 5.5378, 12.3333, 4.2729, 0.1902, 9.1906, 0.1194, 2.1204, 1.9233, 1.0475, 0.5017, 1.5771, 1.2833, 0, 0, 0, 6.7922, 5.4184, 10.4925, 15.2764, 0.874, 4.4699, 14.1038, 4.5202, 0.4563, 8.6563, 2.3916, 7.8504, 0, 0.6579, 15.7585, 3.6856, 33.1765, 4.1068],
      [0.4547, 0.7615, 0.4702, 0.4055, 1.1824, 0.8138, 0.0866, 0.047, 0, 0.3925, 1.5434, 0.8322, 0.5092, 1.3078, 0.9153, 0.9963, 0.6002, 2.1118, 0.9514, 0.5799, 1.0897, 0.7082, 0.2606, 1.0233, 0.0423, 0.556, 0.2479, 0.0253, 0, 0.2295, 0.0889, 0.1122, 0, 0, 1.2026, 0.6484, 1.6211, 2.4929, 0.163, 0.5221, 2.0024, 0.4685, 0.0299, 1.5293, 0.4552, 1.2014, 0, 0.0769, 2.278, 0.4339, 5.8447, 0.7769],
      [4.2229, 8.2926, 7.5094, 2.2592, 14.5969, 11.6131, 1.3313, 0.2245, 0, 5.2541, 16.0362, 5.3854, 4.0698, 15.4416, 12.0039, 19.6958, 6.4062, 15.6441, 19.3029, 7.11, 15.0986, 8.3668, 0.2434, 14.1734, 0.5388, 4.622, 2.7847, 0.2785, 0.9159, 2.4601, 1.2914, 0.3838, 0, 0, 14.5534, 7.6972, 20.2485, 31.2335, 3.3544, 9.7545, 25.2403, 9.2292, 0.2424, 10.9204, 5.1283, 13.0517, 0, 1.7321, 28.0272, 4.6945, 40.717, 6.0133],
      [4.9367, 8.053, 7.3877, 3.2695, 14.1232, 10.559, 1.8332, 0.5753, 0, 4.8133, 19.8913, 4.6408, 4.2217, 17.5342, 10.1585, 16.1221, 6.1449, 11.7742, 15.2836, 5.7667, 15.4713, 7.6443, 0.3058, 9.6072, 0.2996, 5.7017, 4.0441, 0.6434, 0.5823, 1.7297, 1.3363, 0.4983, 0, 0, 16.4374, 8.2287, 15.6272, 25.9972, 1.6086, 9.2456, 26.6483, 7.781, 0.2698, 9.8846, 5.021, 12.885, 0, 1.5332, 23.9204, 4.1818, 43.2269, 7.1029],
      [0.0053, 0.0056, 0.0066, 0, 0.0122, 0.0036, 0, 0.0007, 0, 0.0012, 0, 0.0036, 0.003, 0.006, 0.0055, 0.0136, 0.0043, 0.0154, 0.0056, 0.0057, 0.0071, 0.0078, 0, 0.0056, 3.8312e-06, 0, 0, 0.0053, 0, 0.0037, 0, 0.0057, 0, 0, 0.0144, 0.0073, 0.0108, 0, 0, 0.0078, 0.0052, 0.0011, 0.0015, 0.0094, 0.0039, 0.0116, 0, 0, 0.0159, 0.0041, 0.0349, 0.0002]
    ],
    [
      [0.8853, 2.0974, 0.9077, 0.606, 2.2013, 2.6151, 0.3164, 0.3751, 0.4971, 3.3287, 7.9897, 2.0729, 2.9172, 4.4703, 2.6751, 4.8899, 2.4025, 1.4436, 2.8642, 2.398, 5.6826, 1.1644, 0.0302, 2.096, 0.0527, 0.3714, 0.7287, 0.2024, 0, 0.4163, 0, 0, 0, 0.6993, 1.7478, 2.0255, 4.4365, 5.9367, 0.441, 2.7331, 6.5695, 1.9762, 0, 2.9784, 1.4407, 4.0035, 0.3973, 0.0795, 9.5075, 3.3654, 15.3542, 4.399],
      [14.4303, 27.461, 10.0233, 9.0159, 30.7627, 29.8431, 3.3857, 8.7438, 5.1152, 31.434, 84.4791, 35.7136, 30.9551, 56.3741, 34.7411, 40.0404, 43.3025, 34.8105, 18.5532, 21.4095, 42.5057, 16.3804, 3.6227, 19.7691, 4.9796, 9.3678, 8.9664, 0.712, 0, 5.6685, 0, 1.7563, 0.6625, 0, 26.0284, 20.4996, 57.0611, 82.7548, 7.4044, 26.9389, 78.4506, 17.4566, 0, 44.7248, 23.3177, 51.0091, 2.4142, 1.7645, 113.9408, 33.7621, 225.8676, 72.2497],
      [0.8873, 2.0276, 1.077, 0.3264, 2.5943, 2.8911, 0.3217, 0.1514, 0.3892, 2.8341, 6.0344, 1.5735, 1.7069, 4.5747, 3.0958, 5.4023, 3.1565, 1.7385, 2.5468, 1.7792, 4.0524, 1.2793, 0.056, 1.8513, 0.3811, 0.5201, 0.6618, 0.0364, 0, 0.3676, 0, 0.0138, 0.0101, 0.394, 2.1541, 1.6266, 4.8585, 7.1351, 0.9955, 3.4339, 6.806, 2.3245, 0, 2.1861, 1.7709, 3.7518, 0.1478, 0.2741, 9.6185, 2.4764, 10.8973, 3.8291],
      [17.7861, 33.4121, 17.9904, 8.0517, 42.4417, 44.6508, 7.9761, 11.7101, 7.9696, 44.4032, 126.4968, 22.6293, 29.4119, 87.5808, 44.4879, 74.6574, 51.124, 21.9931, 34.0358, 24.4051, 69.7593, 20.1645, 0.2911, 21.2835, 3.5867, 10.7407, 16.6431, 2.0385, 0, 4.5411, 0, 0.2086, 0.3274, 3.9066, 41.0684, 29.8349, 63.6429, 100.1734, 8.1592, 54.8779, 121.1739, 33.2428, 0, 33.1106, 29.4628, 63.2047, 2.0183, 3.8819, 138.9332, 37.3887, 193.8512, 76.5223],
      [0.011, 0.0018, 0.0016, 0, 0, 0, 0, 0.0196, 0.0289, 0, 0, 0.0107, 0.009, 0, 0, 0.0099, 0.0145, 0.0142, 0, 0.0082, 0, 0.0113, 0, 0, 0, 0, 0, 0.0106, 0, 0.0064, 0, 0.0213, 0, 0, 0.0013, 0.0135, 0.0011, 0, 0, 0.0162, 0, 0, 0, 0, 0.0079, 0.0309, 0.0224, 0, 0, 0.0075, 0.0297, 0]
    ],
    [
      [0.569, 2.1875, 1.4083, 0.552, 2.4217, 1.0394, 0.2608, 0.1635, 0.4204, 0.906, 2.52, 1.2721, 0.5371, 1.6891, 1.1348, 2.1664, 0.4889, 1.0687, 1.7431, 1.252, 1.4071, 0.4603, 0.1471, 1.3473, 0.1217, 0.0855, 0.5934, 0.0415, 0.258, 0.4407, 0.2321, 0, 0, 0.0276, 0.9149, 0.9512, 2.4143, 1.7656, 0.0635, 0.9475, 3.6957, 1.3702, 0.0091, 1.6333, 0.9395, 1.3835, 0, 4.1793, 4.3668, 1.3179, 6.4036, 1.6174],
      [1.1787, 3.9858, 1.9994, 1.1208, 6.0342, 1.6208, 0.1054, 0.2795, 0.3109, 1.0756, 3.3689, 2.2733, 1.9722, 2.9355, 2.2391, 1.6612, 2.1275, 2.6978, 1.1433, 2.1961, 1.9008, 0.8641, 0.1374, 1.9353, 0.1645, 0.406, 0.4345, 0.0996, 0, 0.5907, 0.376, 0, 0.1021, 0, 3.7844, 1.2269, 4.4516, 3.8093, 1.164, 0.8305, 6.1195, 1.0089, 0.1689, 3.3778, 2.5904, 2.3994, 0.1232, 0.41, 7.7181, 2.3048, 14.118, 2.7182],
      [6.0379, 25.5103, 21.7242, 3.6374, 45.01, 14.3233, 0.7478, 0.3311, 1.6527, 8.6237, 21.2033, 12.2528, 10.0921, 21.3941, 17.4832, 30.6332, 13.5032, 15.697, 20.7312, 15.6863, 17.8513, 5.6747, 0.4642, 15.5047, 1.1566, 1.927, 2.5089, 0.0611, 0.8844, 3.325, 1.0822, 0.2191, 0.2251, 0.5083, 28.0032, 8.2925, 33.2167, 29.0093, 12.9909, 17.9953, 49.1305, 18.5311, 0.2717, 17.9564, 16.7887, 15.4307, 0.7853, 10.6775, 57.7853, 14.6461, 71.9901, 13.621],
      [129.73, 447.1814, 381.9224, 96.6268, 775.3167, 234.4803, 19.886, 24.4738, 37.6451, 143.1339, 469.7255, 184.9904, 181.551, 431.3073, 266.4616, 445.9709, 230.7822, 208.6418, 290.273, 226.0204, 322.6187, 95.4844, 7.2514, 188.1242, 11.6864, 41.8543, 67.705, 9.1637, 12.8575, 44.6574, 24.8828, 7.0742, 9.6727, 5.4641, 556.4754, 162.3316, 461.9399, 430.1953, 113.0212, 300.9895, 919.8967, 279.9126, 8.0703, 284.5693, 295.1128, 275.896, 11.3146, 85.0009, 883.8413, 233.3359, 1345.8398, 287.8608],
      [6.4844, 18.1351, 18.9457, 9.063, 41.2174, 7.5361, 0, 1.7522, 1.971, 4.2608, 11.1823, 7.2113, 6.8476, 13.674, 9.6813, 20.5682, 9.0981, 10.8948, 10.1094, 10.8451, 11.2222, 3.5165, 0, 7.0886, 1.8708, 3.7273, 5.7582, 0.6341, 0, 2.9863, 2.4269, 0.7067, 0, 0, 28.8221, 6.1978, 18.9775, 11.2205, 2.7604, 13.2372, 27.1576, 8.1772, 0.48, 16.4631, 12.5687, 11.8904, 0.7769, 16.7322, 36.2885, 13.3952, 61.6485, 6.1826]
    ],
    [
      [8.9838, 20.9853, 7.4345, 7.4489, 23.774, 19.0163, 1.5864, 1.2748, 1.9683, 11.7655, 34.1643, 14.1093, 22.7994, 27.4997, 22.7364, 43.6446, 13.8905, 13.5494, 36.2146, 23.1398, 37.7129, 7.9162, 1.5165, 19.6805, 0.6927, 4.3884, 4.6802, 0.5732, 1.1972, 4.4793, 2.441, 0, 0, 0.2512, 18.8662, 9.2773, 32.4028, 43.2773, 4.4328, 15.4092, 44.3987, 13.6025, 2.5345, 25.7479, 7.889, 18.3615, 2.496, 0, 69.5413, 16.136, 108.7388, 22.6724],
      [3.7419, 7.0581, 2.0616, 2.1864, 8.5794, 5.4818, 0.4126, 0.8752, 0.5026, 2.8122, 9.0601, 5.7327, 6.1697, 8.8554, 7.6382, 7.7321, 6.5108, 7.6488, 5.0564, 5.4077, 7.0735, 2.8741, 1.8034, 4.8402, 0.775, 2.6182, 1.2992, 0.0438, 0, 1.4395, 0.5135, 0.1171, 0.2086, 0, 7.2872, 2.4052, 10.7872, 15.2635, 2.0495, 3.4389, 13.4555, 2.7768, 0.8012, 9.4166, 3.2691, 6.0476, 0.4111, 0.7117, 21.5934, 4.1655, 39.9441, 9.0398],
      [86.6271, 194.2342, 84.6405, 30.9337, 268.6127, 199.8751, 15.4218, 10.0249, 15.9267, 95.5364, 238.6042, 101.0515, 126.1824, 265.7973, 251.8025, 459.1016, 174.8471, 154.8755, 306.5904, 165.2475, 256.4335, 84.1587, 9.9504, 166.0679, 23.35, 53.3965, 36.3349, 1.3095, 12.0342, 37.9045, 14.3041, 1.3255, 3.7012, 5.8778, 223.7455, 72.1559, 339.8876, 481.9745, 101.1675, 185.0306, 433.4195, 151.3935, 9.4858, 179.1179, 93.178, 166.1278, 8.4991, 50.7759, 672.9437, 113.7017, 732.5189, 180.4446],
      [36.8812, 69.2207, 30.5215, 17.6759, 95.564, 66.9213, 7.5792, 9.234, 6.2558, 32.1331, 109.3723, 31.9612, 48.1821, 110.9691, 78.3947, 138.6688, 61.5357, 42.8044, 89.6438, 48.9691, 96.9527, 28.0424, 4.7297, 41.0533, 5.1823, 24.2149, 19.5551, 1.0121, 2.7687, 9.4803, 5.3865, 0.5131, 2.0902, 0.871, 92.842, 28.1738, 96.4128, 148.9835, 18.2784, 64.5125, 168.8469, 47.209, 3.6598, 59.6844, 33.3864, 60.0785, 2.301, 28.5124, 211.3189, 37.0914, 287.0822, 78.8404],
      [1.766, 2.5017, 1.3419, 0.7551, 4.4699, 1.7054, 0, 0.5912, 0.3467, 0.7528, 1.7991, 1.1453, 1.6663, 2.8784, 2.4282, 5.853, 2.2159, 2.1218, 2.4947, 2.2358, 2.8273, 1.0085, 0, 1.358, 0, 1.382, 1.1305, 0.0613, 0, 0.6965, 0.3548, 0.0443, 0, 0, 4.2592, 0.9878, 3.5096, 1.5012, 0.0718, 2.6088, 3.8794, 1.0183, 0.5186, 3.0332, 1.2775, 2.3846, 0.2928, 0, 7.6027, 1.9053, 11.716, 1.0027]
    ],
    [
      [0.1815, 0.8425, 0.6233, 0.3273, 1.5177, 0.3187, 0.0875, 0.0342, 0.1143, 0.4609, 0.7969, 0.4078, 0.5499, 0.6303, 0.5368, 1.127, 0.3737, 0.4837, 0.7216, 0.6724, 0.8641, 0.1861, 0.116, 0.6856, 0.0135, 0.0343, 0.0743, 0.1353, 0.0431, 0.0866, 0.0435, 0, 0, 0.0219, 0.679, 0.3277, 1.254, 0.7438, 0.1887, 0.4402, 1.2323, 0.5309, 0, 0.9841, 0.3391, 0.4011, 0.1067, 0.0833, 1.8258, 0.4951, 3.3269, 0.2045],
      [0.1944, 0.7335, 0.4456, 0.2714, 1.4413, 0.2405, 0.0096, 0.0545, 0.0713, 0.2857, 0.5485, 0.4481, 0.3937, 0.5271, 0.4662, 0.57, 0.459, 0.7311, 0.2956, 0.4067, 0.4303, 0.1732, 0.1759, 0.4322, 0.0387, 0.0521, 0.052, 0.1193, 0, 0.0719, 0.0216, 0.0145, 0.0268, 0, 0.6974, 0.2199, 1.079, 0.6796, 0.2191, 0.2696, 0.972, 0.2892, 0, 0.9515, 0.3677, 0.3425, 0.0515, 0.0368, 1.4697, 0.3336, 3.2256, 0.2155],
      [2.2248, 9.9353, 9.0489, 1.8433, 22.1861, 4.2974, 0.1774, 0.2682, 1.0314, 4.7516, 7.1219, 3.7367, 3.9488, 7.7923, 7.6146, 15.167, 6.087, 7.0449, 7.8286, 6.177, 7.5641, 2.5204, 0.286, 7.4027, 0.5736, 0.5345, 0.7097, 0.3145, 0.1655, 0.9428, 0.3222, 0.0578, 0.0636, 0.2198, 10.5439, 3.2278, 16.7887, 10.6476, 5.4917, 6.7857, 15.4037, 7.5217, 0, 8.8191, 5.1341, 4.6381, 0.5678, 1.5405, 22.6253, 4.4812, 28.8767, 2.0919],
      [17.6659, 65.1328, 60.1781, 18.3761, 144.5544, 26.3886, 1.7255, 5.0068, 8.1295, 29.5165, 59.5141, 21.7783, 27.6334, 59.6086, 43.4973, 83.5808, 39.4131, 35.7865, 41.7638, 33.8388, 52.198, 15.6644, 2.422, 33.9318, 2.245, 4.4885, 7.0526, 8.1422, 0.7915, 4.5916, 2.3943, 0.7058, 0.9096, 0.7583, 80.1767, 23.431, 87.3773, 59.6507, 17.9327, 43.3745, 109.4342, 42.8548, 0, 53.751, 34.017, 30.9358, 3.3661, 8.0715, 129.9863, 27.0023, 205.9999, 16.6736],
      [3.7333, 11.3559, 12.7041, 12.1819, 33.3005, 3.7549, 0, 1.6364, 1.6535, 3.9851, 7.0186, 3.6291, 4.4741, 8.4417, 6.885, 16.5553, 6.6672, 7.9538, 6.3903, 6.9052, 7.9434, 2.4559, 0, 5.5478, 2.1292, 1.8907, 3.1113, 2.2887, 0, 1.3071, 1.2183, 0.222, 0, 0, 17.903, 3.7936, 15.501, 7.2783, 2.1678, 8.13, 14.9577, 5.8034, 0, 13.4943, 6.1421, 5.6825, 0.9079, 23.2678, 23.0929, 6.6878, 40.5709, 1.8146]
    ]
  ],
  "V_est": [
    [278.6988, 41.0928, 459.3951, 434.5522, 0.2611],
    [126.7895, 1570.63, 119.0189, 1937.2522, 0.3094],
    [62.9367, 105.6605, 774.7902, 13010.221, 552.3915],
    [897.2989, 279.9939, 8147.6501, 2841.5549, 95.5021],
    [26.2761, 21.6228, 305.1457, 1933.4197, 384.5357]
  ],
  "p_est": [
    [0.2296, 0.0338, 0.3784, 0.358, 0.0002],
    [0.0338, 0.4184, 0.0317, 0.5161, 0.0001],
    [0.0043, 0.0073, 0.0534, 0.8969, 0.0381],
    [0.0732, 0.0228, 0.6645, 0.2317, 0.0078],
    [0.0098, 0.0081, 0.1142, 0.7239, 0.144]
  ],
  "EI_Z": {},
  "EI_V": 9.5099,
  "MAE_Z": {},
  "MAE_V": 261.7667,
  "MAE_p": 0.055,
  "runtime": 0.022
}
