{
  "Z_true": {},
  "V_true": [
    [21, 820, 173, 286],
    [890, 120, 1602, 40],
    [753, 133, 12684, 291],
    [327, 11618, 1239, 820],
    [44, 219, 837, 140],
    [165, 396, 796, 459]
  ],
  "p_true": [
    [0.0162, 0.6308, 0.1331, 0.22],
    [0.3356, 0.0452, 0.6041, 0.0151],
    [0.0543, 0.0096, 0.9151, 0.021],
    [0.0234, 0.8296, 0.0885, 0.0586],
    [0.0355, 0.1766, 0.675, 0.1129],
    [0.0909, 0.2181, 0.4383, 0.2528]
  ],
  "Z_est": [
    [
      [1.7332, 0.0509, 0.7952, 0.8593, 0.0726, 0.6981, 2.4404, 2.9109, 0.9544, 1.3529, 1.2798, 0.5211, 3.1563, 3.1105, 3.9984, 1.2982, 2.4265, 1.2026, 1.0335, 3.3723, 0.185, 0, 0.6245, 0, 0.0101, 4.1014, 2.8885, 2.3611, 0.6907, 2.8409, 4.5807, 0.7439, 0.1955, 0.3047, 0.0802, 6.1099, 2.1528, 2.1824, 1.9836, 5.6037, 2.1382, 0.3429, 0.6807, 3.5156, 0.5266, 7.133, 0.5977],
      [14.567, 1.7534, 12.8253, 13.7084, 0.8353, 17.0021, 21.9871, 62.6823, 16.7627, 17.7011, 22.1955, 3.8649, 37.5117, 43.8235, 48.9076, 13.3749, 22.8257, 13.1775, 13.108, 38.48, 0.7495, 0, 6.7354, 2.3191, 0.943, 57.0876, 32.0113, 25.1796, 8.2816, 28.4287, 35.8066, 9.7562, 2.4067, 4.1897, 0.8161, 97.4059, 35.111, 22.1166, 37.5803, 45.866, 24.4804, 2.3881, 18.7232, 63.1771, 6.7986, 70.0274, 8.3622],
      [0.7202, 0.095, 0.7206, 1.4774, 0.0564, 1.05, 1.1684, 3.8159, 1.2886, 1.1953, 1.3574, 0.3051, 2.0816, 1.8665, 2.8084, 0.6964, 1.6975, 0.9538, 1.0441, 3.1348, 0.0655, 0, 0.3108, 0.2462, 0.0092, 2.8557, 2.639, 1.7027, 0.5782, 2.2992, 2.7586, 0.8423, 0.1863, 0.2211, 0.0629, 5.5712, 1.9279, 1.8133, 2.0296, 3.7356, 1.478, 0.1165, 0.7917, 3.5617, 0.4357, 4.4989, 0.6321],
      [0.9796, 0.1007, 0.6588, 0.9549, 0.0357, 1.2498, 1.4041, 3.5909, 0.9942, 0.7507, 1.1673, 0.309, 2.2504, 2.1994, 2.2856, 0.6306, 1.0503, 0.666, 0.8145, 3.0128, 0, 0, 0.3292, 0.4347, 0.0377, 2.9552, 2.4612, 1.7567, 0.4496, 2.4312, 2.8541, 0.6577, 0.2115, 0.2845, 0.0408, 4.9131, 1.8083, 0.8877, 1.4066, 2.7947, 0.9035, 0.1525, 0.8044, 2.7456, 0.2392, 4.3407, 0.4079]
    ],
    [
      [15.8665, 1.6051, 11.5324, 24.5976, 2.5006, 7.3872, 16.6011, 34.5477, 11.9116, 6.3041, 12.4102, 11.0854, 53.9421, 44.1996, 86.2458, 31.9525, 29.7576, 18.7233, 11.0491, 95.729, 2.6436, 0, 4.1711, 0, 0.8935, 58.9488, 35.1592, 45.025, 11.252, 29.5889, 32.1498, 11.6844, 2.9771, 11.5837, 1.5074, 97.6852, 40.91, 67.0424, 70.793, 103.8831, 47.0181, 3.9631, 8.6302, 93.7187, 17.5461, 191.8942, 24.1492],
      [2.662, 0.9537, 3.8212, 8.2689, 0.5319, 3.6854, 3.1107, 15.7287, 4.3662, 1.7042, 4.4726, 1.5596, 13.5361, 13.1865, 22.4514, 6.7474, 5.8963, 4.2465, 2.9026, 23.2953, 0.1025, 0, 0.8111, 3.195, 0.6666, 17.4421, 8.2386, 10.1725, 2.7315, 6.2786, 5.2966, 3.1718, 0.6419, 3.0041, 0.123, 33.2156, 13.9923, 14.4522, 28.5398, 18.0097, 11.3209, 0.4213, 4.9346, 35.9968, 4.67, 40.2808, 7.0036],
      [3.4494, 1.4326, 5.6242, 23.0694, 0.965, 5.9013, 4.2688, 24.6293, 8.6945, 2.9853, 7.0917, 3.3216, 19.4281, 14.544, 33.2054, 9.2152, 11.326, 8.0069, 6.0287, 48.8441, 0.2539, 0, 1.0106, 4.8029, 0.4149, 22.5145, 17.543, 17.7359, 4.9977, 13.0864, 10.5174, 7.1202, 1.373, 4.3334, 0.3625, 48.9243, 19.986, 30.5055, 39.6672, 37.9394, 17.6611, 0.5972, 5.4138, 52.157, 7.7838, 66.5695, 13.8043],
      [0.0221, 0.0087, 0.0222, 0.0642, 0.0026, 0.026, 0.0194, 0.0943, 0.0277, 0.0065, 0.0256, 0.0334, 0.0937, 0.0699, 0.0974, 0.0849, 0.0202, 0.0233, 0.0196, 0.1316, 0, 0, 0.0071, 0.0021, 0.0249, 0.0946, 0.0593, 0.0666, 0.0188, 0.0461, 0.0361, 0.0236, 0.0081, 0.0788, 0.0071, 0.1748, 0.1118, 0, 0, 0.1678, 0, 0.0184, 0.0214, 0.1275, 0, 0.2556, 0.043]
    ],
    [
      [4.5312, 0.2735, 5.5392, 2.7269, 2.2027, 1.5802, 11.3402, 4.9575, 3.4534, 6.1936, 2.9301, 1.7466, 6.8443, 10.7992, 11.541, 2.8193, 13.997, 6.3099, 5.4853, 4.8737, 0.759, 0, 1.66, 0, 0.0425, 13.9382, 8.0337, 15.8185, 3.595, 17.3202, 13.0157, 3.8538, 0.9519, 0.616, 0.2958, 9.3176, 3.007, 3.6848, 4.0148, 7.3953, 3.1064, 0.7949, 3.9332, 17.3694, 4.4497, 32.5717, 2.4877],
      [2.5392, 0.4705, 5.0315, 5.209, 1.213, 3.132, 6.7849, 7.3046, 4.1688, 4.9278, 3.0167, 0.5869, 4.9485, 9.8852, 8.7599, 1.7427, 8.4129, 3.9503, 4.0093, 3.5979, 0.1546, 0.4705, 0.9272, 1.0574, 0.303, 12.0384, 5.7499, 10.4237, 2.2824, 11.7505, 6.9845, 3.165, 0.4708, 0.4245, 0, 9.1203, 2.8707, 2.5186, 4.9195, 3.6192, 2.3005, 0.2386, 7.681, 20.2278, 3.767, 19.9551, 2.0848],
      [113.6185, 36.4982, 276.6346, 412.7617, 87.2174, 171.0979, 319.2847, 404.0488, 292.8426, 297.737, 176.7521, 58.9963, 253.9539, 363.8222, 454.6963, 87.1126, 549.706, 274.7774, 307.27, 251.829, 17.0864, 13.2807, 47.2574, 46.8743, 5.9696, 542.0075, 406.9157, 638.1705, 164.6201, 775.2546, 453.4128, 246.8009, 47.2605, 26.5357, 13.1954, 478.318, 152.211, 168.8678, 231.8485, 278.3555, 120.7985, 17.8845, 279.6815, 1004.6357, 201.1375, 1171.1823, 147.4882],
      [6.3111, 1.7578, 10.7946, 11.3024, 2.3669, 8.1899, 15.5902, 15.689, 9.5352, 7.1417, 6.3012, 2.6702, 11.2533, 17.4934, 15.0028, 3.3254, 12.884, 7.9624, 10.2354, 9.6994, 0, 1.2487, 2.1554, 2.0683, 0.685, 23.0159, 15.3007, 26.5872, 5.5024, 31.6748, 18.587, 8.1804, 2.3168, 1.4237, 0.5088, 17.2442, 5.9114, 2.9288, 6.2172, 8.6299, 2.7947, 1.082, 11.7043, 30.7671, 3.6457, 46.291, 3.9394]
    ],
    [
      [0.848, 0.0212, 0.6488, 0.5824, 0.533, 0.1195, 2.9363, 1.1665, 0.9579, 1.8289, 1.4095, 0.475, 2.7121, 3.5056, 4.7106, 0.9014, 2.8127, 1.2512, 0.936, 2.7727, 0.4124, 0, 0.5685, 0, 0, 4.2141, 2.8717, 4.0369, 1.0294, 3.9856, 3.9497, 1.2603, 0.3148, 0.2663, 0.1157, 4.626, 1.2315, 1.8832, 1.9089, 3.7618, 1.5688, 0.1711, 0.6165, 5.0206, 1.188, 7.9651, 1.0346],
      [85.3703, 37.7533, 97.0342, 138.2973, 47.9486, 150.8257, 312.1838, 535.9044, 223.3838, 210.5711, 245.9373, 33.8931, 307.4402, 458.2528, 550.5018, 93.4293, 253.8774, 126.164, 111.8342, 288.8693, 7.9933, 7.9019, 52.7102, 36.994, 7.9715, 546.6914, 295.3102, 410.0098, 109.0859, 374.1358, 320.3655, 160.0634, 29.3717, 38.7176, 3.7073, 721.4571, 192.0644, 160.6765, 358.5415, 299.0204, 166.4097, 17.9762, 260.3276, 932.3848, 135.9836, 785.1298, 135.1553],
      [10.7981, 5.2278, 13.9013, 38.0999, 8.1862, 24.1203, 42.6226, 83.9391, 43.9051, 36.3889, 38.4317, 6.8187, 43.4265, 48.4735, 80.6669, 12.3023, 48.3979, 23.3145, 22.7312, 59.7978, 1.5942, 1.1447, 6.0586, 11.0045, 0, 69.2966, 61.9398, 70.8789, 19.3773, 77.3273, 63.2191, 35.074, 5.7477, 5.1659, 0.7479, 105.387, 26.901, 33.7, 49.7524, 62.2037, 25.7774, 2.19, 27.7391, 134.7075, 22.4104, 129.1022, 26.013],
      [11.9836, 4.9978, 10.4158, 20.0204, 4.3322, 22.9345, 41.2573, 63.9901, 27.7532, 18.2111, 27.2215, 5.8132, 38.4212, 47.7681, 53.1207, 9.3671, 23.9121, 13.2703, 14.4987, 46.5601, 0, 2.9534, 5.6627, 13.0016, 1.0285, 58.7978, 46.8783, 59.0744, 12.5074, 65.5513, 52.4657, 22.6023, 5.5658, 5.8502, 0.429, 75.5299, 20.8031, 12.7402, 26.7972, 38.0141, 12.2441, 2.6627, 23.3169, 82.8872, 9.4181, 100.8029, 13.7972]
    ],
    [
      [0.0009, 0, 0.0019, 0, 0.0033, 0, 0.004, 0, 0, 0.0048, 0.0031, 0.0025, 0.0057, 0.0125, 0.0127, 0.0027, 0.0105, 0.0053, 0.0041, 0.0043, 0, 0, 0.003, 0, 0, 0.0121, 0.0075, 0.0132, 0.0031, 0.0134, 0.0083, 0.0037, 0.0005, 0.0004, 0.0008, 0.0075, 0.0032, 0.0036, 0.0021, 0.0046, 0.0026, 0.0002, 0, 0.0129, 0.0056, 0.0121, 0.0016],
      [2.1343, 0, 5.5629, 11.2388, 3.6661, 11.072, 10.9123, 31.2734, 17.2307, 10.2082, 13.1383, 3.733, 13.7493, 32.6726, 31.747, 6.8059, 20.2858, 9.7962, 9.6797, 9.1304, 0, 0.4877, 4.3784, 0.3338, 0, 32.1524, 15.2664, 28.1268, 5.8804, 25.0132, 18.0126, 10.4429, 0.8277, 1.5328, 0.3535, 25.7241, 10.757, 6.2593, 8.8477, 7.9262, 5.9072, 0.5216, 20.7699, 66.2329, 10.5011, 27.07, 4.3454],
      [1.7758, 0, 5.2571, 20.2728, 4.2312, 11.4236, 9.6523, 31.6148, 22.1303, 11.52, 13.4282, 5.0725, 12.734, 23.2981, 30.3229, 5.9903, 25.13, 11.8901, 12.9403, 12.4231, 0, 0.4546, 3.4819, 0.6265, 0, 26.8042, 20.9999, 31.6468, 6.9166, 33.6565, 23.0926, 15.1133, 1.1259, 1.4015, 0.6313, 24.4656, 9.8958, 8.5828, 7.9453, 10.7704, 5.9553, 0.4573, 14.675, 61.9836, 11.2717, 28.8797, 5.5211],
      [0.089, 0, 0.1781, 0.4884, 0.0994, 0.5044, 0.4314, 1.1118, 0.639, 0.267, 0.4304, 0.192, 0.5111, 1.0168, 0.9174, 0.2012, 0.5737, 0.3084, 0.3759, 0.4422, 0, 0.0576, 0.1367, 0.0397, 0, 1.0313, 0.7263, 1.2133, 0.1999, 1.3169, 0.8865, 0.44, 0.0459, 0.0653, 0.0143, 0.8028, 0.344, 0.1544, 0.2049, 0.2989, 0.1349, 0.0209, 0.5551, 1.7706, 0.2216, 1.0382, 0.1319]
    ],
    [
      [2.0202, 0.0493, 2.4826, 3.2338, 1.6879, 1.215, 7.6781, 5.4173, 2.7226, 3.3157, 2.9673, 1.1694, 7.3396, 8.3726, 10.4916, 2.026, 8.9956, 3.5077, 4.492, 3.2479, 0, 0, 0.9729, 0, 0.0539, 10.7853, 7.0396, 8.7453, 1.4299, 12.2511, 10.2958, 2.454, 0.5603, 0.2287, 0, 7.2538, 1.6956, 2.2036, 4.2976, 4.3515, 3.166, 1.7278, 2.1394, 11.3627, 2.284, 24.4239, 1.7292],
      [0.7272, 0.0692, 1.7249, 2.2775, 0.8051, 1.2827, 3.0212, 5.1066, 2.0879, 1.8876, 2.2396, 0.3626, 3.8142, 5.1794, 5.6323, 0.8999, 3.7019, 1.6653, 2.4663, 1.6271, 0, 0.1398, 0.4375, 0.1007, 0.1159, 6.5881, 3.4236, 4.0876, 0.7382, 5.3933, 3.5341, 1.4007, 0.2812, 0.1312, 0, 5.077, 1.2047, 0.9768, 3.5712, 1.5586, 1.5814, 0.4542, 2.5637, 8.9806, 1.2796, 10.5371, 1.0487],
      [6.6379, 0.7464, 17.8621, 44.319, 10.3438, 14.4069, 29.0032, 55.9521, 29.1389, 23.1737, 24.939, 5.4858, 38.376, 39.9957, 58.3002, 8.6832, 49.7427, 22.0574, 35.9858, 23.9712, 0, 1.12, 3.8806, 1.4457, 0.6063, 59.5215, 50.9626, 49.8652, 9.51, 78.3761, 48.9995, 22.0493, 4.3066, 1.3425, 0, 52.3339, 12.0783, 14.5306, 34.757, 22.9953, 17.3297, 4.7545, 19.6989, 90.9546, 14.9609, 121.7674, 14.5413],
      [1.6147, 0.1351, 2.9305, 5.1697, 1.1633, 3.0954, 6.2976, 9.524, 4.0507, 2.623, 3.8541, 0.9822, 7.4703, 8.4524, 8.576, 1.3909, 5.5598, 2.7696, 5.0559, 4.1539, 0, 0.7402, 0.7089, 0.4536, 0.2239, 11.1051, 8.5743, 9.3019, 1.3219, 14.9796, 9.1706, 3.0961, 0.8519, 0.2976, 0, 8.3353, 2.0215, 1.2889, 4.3741, 3.0946, 1.9229, 1.0635, 3.5979, 12.7021, 1.4754, 21.2716, 1.6807]
    ]
  ],
  "V_est": [
    [85.8416, 1083.8421, 68.903, 61.4133],
    [1542.7658, 417.8407, 689.1068, 2.2866],
    [282.1775, 225.197, 12887.7083, 465.9172],
    [85.1307, 10875.6281, 1766.0105, 1277.2308],
    [0.2003, 591.7081, 627.4624, 20.6293],
    [203.8841, 111.7841, 1291.8089, 208.5229]
  ],
  "p_est": [
    [0.066, 0.8337, 0.053, 0.0472],
    [0.5817, 0.1576, 0.2598, 0.0009],
    [0.0204, 0.0162, 0.9298, 0.0336],
    [0.0061, 0.7766, 0.1261, 0.0912],
    [0.0002, 0.4772, 0.506, 0.0166],
    [0.1123, 0.0616, 0.7113, 0.1148]
  ],
  "EI_Z": {},
  "EI_V": 10.4429,
  "MAE_Z": {},
  "MAE_V": 303.4796,
  "MAE_p": 0.1092,
  "runtime": 0.09
}
