{
  "Z_true": {},
  "V_true": [
    [19, 533, 964, 70],
    [295, 9801, 5644, 481],
    [72, 301, 4263, 128],
    [49, 369, 465, 98],
    [736, 549, 1053, 1235]
  ],
  "p_true": [
    [0.012, 0.3361, 0.6078, 0.0441],
    [0.0182, 0.6042, 0.3479, 0.0297],
    [0.0151, 0.0632, 0.8948, 0.0269],
    [0.0499, 0.3761, 0.474, 0.0999],
    [0.206, 0.1537, 0.2947, 0.3456]
  ],
  "Z_est": {},
  "V_est": [
    [154.3246, 224.4325, 1177.7796, 29.4634],
    [242.0918, 10497.9006, 5112.3528, 368.6548],
    [17.6765, 0, 4617.4793, 128.8442],
    [0, 0, 981, 0],
    [756.9072, 830.667, 500.3882, 1485.0376]
  ],
  "p_est": [
    [0.0973, 0.1415, 0.7426, 0.0186],
    [0.0149, 0.6472, 0.3152, 0.0227],
    [0.0037, 0, 0.9692, 0.027],
    [0, 0, 1, 0],
    [0.2118, 0.2325, 0.14, 0.4156]
  ],
  "EI_Z": {},
  "EI_V": 9.1058,
  "MAE_Z": {},
  "MAE_V": 246.994,
  "MAE_p": 0.1018,
  "runtime": 0.1286
}
