{
  "Z_true": {},
  "V_true": [
    [47, 48, 1036, 393, 88],
    [17, 811, 145, 1122, 117],
    [112, 254, 528, 11800, 252],
    [69, 75, 5345, 909, 151],
    [132, 81, 1173, 952, 284],
    [644, 18, 822, 684, 97],
    [68, 149, 356, 1172, 644]
  ],
  "p_true": [
    [0.0292, 0.0298, 0.6427, 0.2438, 0.0546],
    [0.0077, 0.3666, 0.0656, 0.5072, 0.0529],
    [0.0087, 0.0196, 0.0408, 0.9115, 0.0195],
    [0.0105, 0.0115, 0.8162, 0.1388, 0.0231],
    [0.0503, 0.0309, 0.4474, 0.3631, 0.1083],
    [0.2843, 0.0079, 0.3629, 0.302, 0.0428],
    [0.0285, 0.0624, 0.149, 0.4906, 0.2696]
  ],
  "Z_est": [
    [
      [0.4473, 1.1653, 0, 0, 0.0749, 0.168, 0.2552, 0.1192, 0.2449, 0.5956, 0.065, 0.8459, 0.1956, 0.6518, 0.9973, 0.1054, 0.4631, 0.0236, 0.098, 0.0286, 0.1779, 0.1473, 0.0911, 0.2641, 0.0596, 0.1764, 0.134, 0.6449, 0.1862, 0.0961, 0.4375, 0.3473, 0.1981, 0.2631, 0.4173, 0.1104, 0.0448, 0.2458, 0.0118, 0.0941, 0.2789, 0.1488, 0.6346, 0.1286, 0.4276, 0.1049, 0.0414, 0.9794, 0.1877, 1.0922, 0.0099],
      [1.2079, 0.2159, 0, 0.0563, 0.5374, 1.3649, 1.2975, 1.0211, 1.8939, 4.3135, 0.2534, 3.8126, 1.0894, 2.4803, 2.8726, 1.0169, 2.776, 0.2408, 0.9222, 0.3355, 1.5543, 0.3175, 0.7782, 1.4806, 0.387, 0.9453, 1.1999, 1.579, 0.8402, 0.4469, 2.5121, 1.1355, 1.0789, 0.9168, 1.6623, 0.6383, 0.4343, 1.4269, 0.0967, 0.2555, 2.6637, 1.2682, 3.7581, 0.4079, 1.8127, 0.4511, 0.3807, 3.3897, 1.3993, 6.999, 2.0388],
      [42.9988, 1.2066, 0, 0.7106, 5.8991, 13.9364, 17.5137, 9.4402, 16.582, 45.889, 4.2165, 65.5648, 13.8709, 46.9899, 74.1195, 7.8306, 32.2651, 1.3443, 7.9363, 1.2622, 13.7345, 12.5633, 5.9273, 21.8697, 2.8089, 12.588, 5.1671, 53.6289, 11.976, 6.8435, 35.3234, 32.3836, 13.0146, 20.1032, 36.6604, 8.2063, 2.772, 18.7582, 0.7047, 6.9704, 20.6587, 10.9989, 47.845, 10.5094, 33.3017, 8.4251, 0.3748, 71.9068, 15.4624, 73.5734, 18.2288],
      [12.3406, 1.4119, 0, 0.2324, 1.4829, 3.522, 12.9279, 2.4098, 4.2635, 20.1751, 3.4631, 32.7552, 7.8344, 26.8643, 38.9888, 2.0391, 24.4797, 0.3869, 2.0391, 0.3707, 3.522, 2.9659, 3.2004, 5.3757, 0.7415, 8.2833, 1.4829, 20.1314, 3.9876, 2.6095, 8.7123, 11.1236, 3.6974, 9.7059, 9.2483, 2.0391, 0.7415, 5.556, 0.1854, 1.6683, 5.3757, 5.5791, 24.7409, 2.9461, 16.4479, 3.0152, 0.1854, 50.6954, 6.4257, 51.2918, 11.7128],
      [0.0054, 0.0003, 0, 0.0007, 0.0057, 0.0087, 0.0057, 0.0097, 0.0157, 0.0268, 0.002, 0.0214, 0.0097, 0.0137, 0.0217, 0.008, 0.0161, 0.0043, 0.0043, 0.003, 0.0114, 0.006, 0.003, 0.01, 0.003, 0.007, 0.0161, 0.0157, 0.01, 0.004, 0.0147, 0.01, 0.011, 0.011, 0.0117, 0.006, 0.0074, 0.013, 0.0013, 0.0117, 0.0231, 0.005, 0.0214, 0.008, 0.01, 0.0037, 0.0177, 0.0288, 0.525, 0.0435, 0.0097]
    ],
    [
      [0.1917, 0.0145, 0, 0, 0.0764, 0.1065, 0.1796, 0.1375, 0.2561, 0.6494, 0.4341, 0.6583, 0.1983, 0.3622, 0.4977, 0.1284, 0.0073, 0.029, 0.0033, 0.0435, 0.1814, 0.033, 0.0813, 0.262, 0.0552, 0.146, 0.2229, 0.2428, 0.1296, 0.0729, 0.3611, 0.2259, 0.1716, 0.168, 0.2286, 0.1107, 0.0622, 0.2754, 0.0046, 0.0736, 0.3928, 0.1506, 0.5296, 0.0782, 0.2719, 0.0896, 0.0321, 0.5434, 0.0859, 0.9397, 0.0015],
      [20.7087, 2.1209, 0, 0, 9.0851, 16.191, 21.5214, 16.9399, 31.2355, 75.2972, 4.5927, 70.215, 20.4887, 41.4452, 51.8888, 16.4166, 48.1019, 3.7966, 17.6192, 5.4722, 24.1934, 4.2419, 11.5734, 27.7509, 6.4408, 16.5725, 23.1693, 26.1809, 14.3736, 7.9328, 42.3358, 20.338, 18.9551, 16.9509, 26.9936, 11.8073, 7.4095, 26.7601, 0.7617, 4.7078, 46.2104, 19.9515, 63.1503, 7.5333, 30.9461, 8.4828, 5.3316, 59.482, 13.7065, 115.3059, 27.6595],
      [8.4034, 0.1868, 0, 0, 2.2651, 0.3305, 3.623, 4.1224, 8.6532, 19.8608, 2.4932, 18.9505, 4.0155, 12.7309, 20.525, 2.9742, 8.197, 0.4528, 4.6453, 0.9511, 4.5812, 0.0901, 1.433, 7.8673, 1.9041, 3.3668, 7.5495, 10.8462, 3.7449, 2.0989, 12.2171, 11.2313, 4.2428, 5.7839, 8.7437, 4.4746, 2.211, 9.0931, 0.015, 2.9753, 10.5242, 3.2005, 13.7098, 3.3227, 9.4688, 4.5299, 0.1052, 19.6636, 0.2704, 19.2777, 3.6529],
      [8.6422, 0.528, 0, 0, 3.5236, 3.8719, 10.6859, 5.9363, 9.578, 34.5722, 3.838, 41.8578, 14.58, 16.3736, 24.2869, 5.8101, 25.9422, 1.1853, 10.9566, 1.9547, 6.6878, 1.056, 2.9919, 16.1233, 1.936, 9.1377, 12.0587, 8.6238, 5.9947, 3.9959, 15.9331, 13.5074, 9.424, 9.8907, 8.2718, 5.2368, 2.2879, 13.7666, 0.176, 5.8485, 20.8395, 7.0069, 28.4456, 3.8651, 13.2312, 3.8916, 1.232, 28.5443, 3.1679, 52.1726, 8.2667],
      [2.054, 0.1497, 0, 0, 1.0499, 1.5001, 1.99, 1.8639, 3.2772, 7.6203, 0.642, 7.3185, 2.7174, 4.0881, 5.8016, 1.6707, 4.7517, 0.5364, 1.7757, 0.5785, 2.3562, 0.579, 0.9203, 2.9965, 0.6639, 1.7771, 2.9996, 3.1063, 1.7572, 0.8995, 4.1527, 2.6974, 2.2065, 2.2065, 2.7623, 1.3706, 1.0294, 3.1049, 0.0427, 1.3949, 5.0331, 1.6906, 6.1647, 1.2007, 3.082, 1.0061, 0.2991, 6.7667, 0.7692, 11.304, 2.4194]
    ],
    [
      [1.2485, 0.0653, 0.0653, 0, 0.0973, 2.3963, 1.4232, 0.0137, 3.5961, 3.573, 0.1838, 1.073, 0.0171, 3.3022, 8.7768, 0.8518, 0.0228, 0.1789, 0.0103, 1.3489, 0.3013, 1.4481, 2.6933, 0.1721, 1.6782, 0.5827, 5.2265, 2.9269, 4.1298, 0.4485, 3.4851, 0.201, 3.1118, 0.0228, 0.6842, 2.4749, 0.008, 4.5754, 0.1193, 0.9341, 0.0365, 0.0114, 0.4293, 0.2247, 0.0319, 0.2622, 1.1074, 0.0479, 0.0777, 3.5202, 0.0046],
      [0.0921, 0.624, 0, 0.0252, 0.8346, 9.4003, 2.4019, 1.22, 3.7038, 5.102, 0.02, 0.3042, 0.0881, 2.3616, 0.2241, 1.2911, 2.1086, 0.6162, 0.076, 0.9491, 5.0417, 0.3831, 1.3882, 0.1201, 0.6562, 0.699, 0.1001, 0.1201, 0.6633, 0.0742, 3.6095, 0.0881, 0.6897, 0.072, 2.0269, 0.052, 0.5577, 0.1161, 0.5654, 0.02, 3.546, 3.3603, 6.0517, 0.032, 1.2087, 0.036, 0.9523, 0.2642, 5.0048, 4.3373, 5.373],
      [12.604, 0.149, 0.1159, 0.2631, 7.6197, 15.7362, 6.1817, 7.0998, 22.7059, 23.9166, 0.8641, 36.9616, 5.3711, 18.9367, 62.6384, 2.5326, 6.7934, 0.8307, 8.5802, 1.2044, 10.9936, 19.7766, 1.4004, 27.2183, 6.9023, 2.8604, 16.629, 37.9125, 7.0806, 1.8473, 32.4354, 13.5837, 3.6649, 9.7707, 34.3189, 4.3654, 4.7818, 5.2846, 0.9715, 8.8572, 27.7815, 4.1215, 13.6959, 11.4845, 17.4527, 6.7757, 8.0968, 40.0829, 10.0454, 16.0598, 2.9796],
      [108.9768, 12.0757, 2.8188, 3.3455, 53.9534, 128.1289, 81.0017, 201.1427, 521.7695, 555.273, 35.9026, 520.0264, 98.3363, 295.1979, 518.639, 122.6644, 342.7581, 29.0091, 110.2696, 29.0286, 228.1819, 141.8287, 68.0253, 319.3421, 90.9082, 136.9798, 359.9461, 451.8095, 280.4763, 87.0721, 444.1095, 188.3084, 282.0268, 238.5608, 306.7979, 91.421, 208.1692, 297.6892, 20.7284, 234.1712, 605.4574, 108.433, 580.5748, 281.3372, 297.1591, 44.8721, 187.2766, 674.82, 154.9754, 668.2162, 138.8184],
      [0.0787, 0.0861, 0, 0.3661, 2.495, 5.3385, 0.9915, 4.5238, 2.2247, 7.1354, 0.0295, 0.6348, 5.1874, 0.2015, 5.7216, 3.66, 3.3171, 5.3651, 0.0639, 2.4689, 4.4815, 0.5635, 0.4927, 0.1475, 0.8551, 1.8782, 9.0984, 0.231, 1.6499, 0.5578, 0.3604, 3.8187, 1.5069, 3.5737, 0.1721, 1.6866, 4.4834, 4.3347, 1.6154, 8.0174, 9.1785, 0.0737, 4.2482, 0.9216, 0.1475, 0.0541, 13.567, 6.785, 3.8968, 17.8665, 2.8244]
    ],
    [
      [0.5929, 0.0193, 0.3348, 0, 0.1914, 0.5022, 0.3127, 0.0395, 0.9066, 1.3476, 0.6735, 1.8229, 0.0494, 2.7963, 1.8869, 0.3188, 0.0659, 0.6234, 0.0296, 0.3096, 0.4603, 0.5276, 1.936, 0.6611, 0.2713, 0.3545, 0.8599, 1.4816, 0.3884, 0.5163, 1.1755, 0.0494, 0.4289, 0.3674, 1.1181, 0.5446, 0.0231, 0.6559, 0.2506, 0.2967, 0.2836, 0.084, 1.3401, 0.3052, 0.2632, 0.3912, 0.5877, 0.1383, 0.3597, 4.0225, 0.0132],
      [0.5135, 0.0272, 0, 0.7902, 0.2667, 0.7251, 0.4564, 0.5781, 1.2364, 1.9729, 0.0155, 0.3875, 0.0682, 1.7744, 0.1737, 1.9165, 1.1102, 0.0752, 0.0919, 0.1589, 0.66, 0.6927, 2.1076, 0.093, 0.3469, 0.5123, 0.0775, 1.0387, 0.4703, 0.2904, 1.6017, 0.0682, 0.5335, 0.0558, 1.516, 0.1842, 0.3142, 0.0899, 0.5492, 0.0155, 1.4829, 1.0803, 1.9298, 0.0248, 1.245, 0.0279, 0.7883, 1.3499, 0.5304, 13.3787, 0.6337],
      [111.4506, 2.5856, 3.5662, 4.5969, 32.8996, 86.3798, 55.3628, 73.1069, 157.4342, 239.8654, 18.3984, 334.1921, 54.6726, 230.6823, 356.8651, 52.1458, 132.6953, 7.2548, 86.4395, 18.9812, 80.778, 98.5811, 33.2632, 123.3339, 45.1491, 59.5068, 58.976, 275.0697, 57.4478, 35.732, 212.591, 181.5533, 63.4202, 101.3471, 209.2079, 52.4979, 40.284, 110.1142, 6.153, 48.7499, 185.5408, 54.1759, 240.0066, 52.9801, 168.6946, 26.681, 103.4933, 304.5778, 65.2475, 327.0028, 64.2174],
      [7.0074, 0.1207, 1.099, 0.0554, 1.5686, 12.6487, 2.5339, 5.115, 15.301, 21.5426, 9.3212, 33.6438, 2.6143, 26.475, 15.8517, 5.7491, 11.1177, 0.4022, 11.5998, 1.3681, 3.7808, 8.1072, 3.2939, 5.47, 5.7141, 8.6186, 2.9763, 21.7879, 4.4919, 4.4071, 14.5573, 22.5755, 5.6849, 5.8847, 15.9106, 5.2244, 2.1337, 13.3112, 1.0906, 2.4132, 15.4887, 5.1425, 23.8986, 2.8635, 13.3552, 1.2468, 7.9506, 13.7555, 5.8623, 59.9384, 11.6473],
      [3.4357, 0.2473, 0, 1.5575, 4.0737, 6.7442, 4.3341, 7.1605, 12.1218, 20.2715, 1.5913, 17.9536, 7.5954, 10.272, 18.2226, 5.8698, 12.0109, 1.6444, 2.8391, 2.1822, 8.321, 5.0915, 2.3992, 6.4419, 2.5186, 7.0077, 11.1102, 12.6221, 7.2016, 3.0543, 12.0745, 8.7536, 7.9326, 8.345, 9.2474, 4.5489, 5.245, 9.8288, 0.9566, 8.5246, 17.204, 3.5174, 16.8249, 5.8264, 6.4419, 2.653, 15.18, 22.1785, 6, 32.6576, 10.4884]
    ],
    [
      [0.0192, 0.0019, 0, 0, 0.0147, 0.0185, 0.0077, 0, 0.0645, 0.0818, 0.0045, 0.0626, 0.0172, 0.0492, 0.1008, 0.023, 0.0383, 0.0019, 0.0134, 0.0038, 0.0402, 0.0345, 0.0077, 0.0415, 0.0096, 0.0172, 0.043, 0.0664, 0.0339, 0.0128, 0.0543, 0.0364, 0.0307, 0.0332, 0.0485, 0.0153, 0.0015, 0.0543, 0.0013, 0.0409, 0.0626, 0.0128, 0.0875, 0.0364, 0.0402, 0.0162, 0.0281, 0, 0.0192, 0.0837, 0.007],
      [0.002, 0.0002, 0, 0.0001, 0.0015, 0.0019, 0.0008, 0.003, 0.0067, 0.0085, 0.0005, 0.0065, 0.0018, 0.0051, 0, 0.0024, 0.004, 0.0002, 0.0014, 0.0004, 0.0042, 0.0036, 0.0008, 0, 0.001, 0.0018, 0, 0.0069, 0.0035, 0.0013, 0.0056, 0, 0.0032, 0, 0.005, 0.0016, 0.0026, 0, 0.0001, 0, 0.0065, 0.0013, 0.0091, 0, 0.0042, 0, 0.0029, 0.0105, 0.002, 0.0087, 0.0007],
      [6.8335, 0.4912, 0, 0.6878, 5.4701, 6.8029, 3.8632, 8.5275, 18.6855, 25.239, 1.5524, 25.2957, 5.9911, 18.5995, 32.5465, 7.2038, 12.8239, 0.6553, 5.6883, 1.3808, 12.7903, 19.8637, 2.5976, 13.795, 3.6044, 5.6161, 10.4409, 23.8875, 9.2091, 3.9465, 19.1985, 13.6921, 8.867, 10.561, 19.1219, 4.9374, 7.9107, 13.7481, 0.4837, 10.1118, 19.413, 4.6028, 26.408, 9.4969, 14.5339, 6.4979, 8.5558, 32.4163, 6.2479, 28.9645, 3.7151],
      [22.3878, 2.4319, 0, 1.239, 16.925, 21.4267, 7.8076, 35.3248, 79.7044, 99.4188, 5.2621, 70.1409, 20.2836, 56.4019, 106.7605, 27.8537, 45.5918, 2.2478, 14.7635, 4.4537, 48.5737, 32.6876, 9.0866, 49.7561, 11.0046, 20.672, 48.9498, 77.4272, 42.4123, 15.5321, 63.5974, 41.829, 37.8747, 40.0839, 54.9147, 18.4309, 30.0984, 61.2567, 1.4595, 52.2298, 76.0152, 14.8708, 107.0511, 46.0381, 46.8369, 15.9072, 34.2526, 122.5561, 22.96, 98.5343, 6.9606],
      [0.7576, 0.0748, 0, 0.0731, 0.5887, 0.75, 0.3208, 1.1447, 2.539, 3.252, 0.1806, 2.4944, 0.7063, 1.9443, 3.5922, 0.9171, 1.542, 0.0949, 0.5333, 0.1612, 1.5916, 1.4106, 0.3074, 1.4074, 0.3805, 0.6929, 1.5663, 2.6121, 1.3413, 0.5073, 2.1442, 1.4425, 1.2245, 1.3219, 1.9099, 0.6148, 0.9869, 1.941, 0.0554, 1.6176, 2.5028, 0.5123, 3.4444, 1.4287, 1.5849, 0.5787, 1.1606, 4.0171, 0.771, 3.4088, 0.3165]
    ],
    [
      [14.4991, 0.6265, 0.5999, 0, 5.9046, 9.8225, 9.8589, 9.1683, 24.268, 28.7817, 1.8794, 43.0128, 12.6574, 36.1502, 49.3055, 8.4144, 17.8596, 2.3833, 7.1813, 3.7014, 14.6084, 10.5812, 3.1323, 20.2965, 9.8954, 7.0963, 20.9631, 37.1618, 19.0856, 8.3244, 34.8685, 11.9722, 21.5418, 15.71, 27.8086, 8.7209, 5.1824, 17.3518, 1.4445, 9.1367, 24.5037, 7.6021, 32.4852, 9.1367, 22.3733, 6.6536, 8.8473, 31.7265, 6.1211, 49.3848, 3.0155],
      [0.0519, 0.0014, 0, 0.1281, 0.0265, 0.0376, 0.0428, 0.8553, 0.0964, 0.1167, 0.0042, 0.2092, 0.0053, 0.1578, 0.0135, 0.0359, 0.1075, 0.0068, 0.0411, 0.0115, 0.0709, 0.0407, 0.007, 0.0073, 0.044, 0.0313, 0.072, 0.1644, 0.0701, 0.0373, 0.1597, 0.06, 0.0881, 0.0044, 0.1343, 0.027, 0.0232, 0.0589, 0.0061, 0.0012, 0.1185, 0.0386, 0.1601, 0.0019, 0.1111, 0.0022, 0.0272, 0.1493, 0.0261, 0.2125, 0.0216],
      [13.9564, 0.2873, 0.318, 0.7416, 8.2037, 10.2741, 12.474, 17.2497, 30.6945, 33.3346, 0.862, 66.7194, 25.9489, 48.9052, 70.1869, 10.532, 30.546, 1.2706, 14.7392, 2.6934, 20.1626, 15.0034, 1.4367, 34.2795, 12.2859, 10.2149, 19.4988, 55.2659, 19.0035, 10.2547, 48.3504, 23.6603, 26.9652, 22.9863, 44.4723, 6.8104, 7.629, 16.4514, 1.6447, 11.4039, 36.8953, 11.0671, 48.7367, 11.9488, 35.2871, 8.5802, 7.5989, 53.7001, 7.5806, 63.1921, 5.1996],
      [4.4052, 0.0822, 0.0822, 0.1277, 2.8201, 1.8075, 3.5554, 11.6234, 6.7768, 5.5867, 0.2465, 25.6982, 9.6105, 18.5112, 16.1336, 2.9593, 18.3092, 0.3286, 3.9696, 0.5751, 10.0389, 2.3004, 0.4108, 9.2471, 7.6952, 1.6072, 6.3415, 19.1111, 8.7163, 6.3174, 21.3432, 3.2042, 10.2486, 11.1669, 17.3463, 1.3967, 2.1256, 3.0398, 0.894, 3.3946, 13.2837, 4.2313, 19.3503, 2.8489, 15.2285, 3.7137, 1.4788, 9.1724, 1.2324, 13.874, 0.7394],
      [0.0875, 0.0027, 0, 0.0027, 0.0451, 0.0583, 0.0689, 0.1034, 0.1643, 0.1802, 0.008, 0.3604, 0.7778, 0.2756, 0.3604, 0.0583, 0.1776, 0.0106, 0.0689, 0.0186, 0.1193, 0.0742, 0.0133, 0.1696, 0.0795, 0.0504, 0.1246, 0.2968, 0.1246, 0.0663, 0.2783, 0.1034, 0.1564, 0.1325, 0.2385, 0.0451, 0.0398, 0.0981, 0.0106, 0.0636, 0.1988, 0.061, 0.2677, 0.0636, 0, 0.0504, 0.0477, 0.2518, 0.0398, 0.3366, 0.0239]
    ],
    [
      [5.0013, 0.1073, 0, 0, 1.6408, 1.986, 1.9627, 2.5217, 5.6639, 7.971, 0.7598, 7.5244, 1.8649, 5.6881, 6.4349, 2.1582, 1.543, 0.7598, 1.6641, 0.5642, 3.2304, 2.2283, 1.0584, 4.3026, 1.0307, 1.6269, 4.5506, 6.4756, 4.0465, 1.5291, 5.618, 2.1678, 4.5173, 3.4355, 4.6947, 2.0232, 1.678, 3.8414, 0.1679, 2.4239, 6.4419, 1.9904, 6.4938, 3.0903, 4.5917, 1.4824, 3.3559, 8.5645, 2.1487, 11.9569, 0.9484],
      [0.424, 0.0103, 0, 0, 0.2482, 0.2792, 0.2792, 0.3826, 0.8272, 1.1892, 0.1137, 1.0651, 0.2585, 0.7755, 0.8272, 0.3206, 1.7918, 0.2643, 0.2482, 0.0724, 0.4757, 0.3206, 0.1448, 0.5482, 0.1241, 0.2378, 0.3812, 0.91, 0.5791, 0.2172, 0.7755, 0.3102, 0.6515, 0, 0.6618, 0.2895, 0.2585, 0.5481, 0.0207, 0, 0.972, 0.2999, 0.941, 0, 0.6721, 0, 0.517, 1.3546, 0.3309, 1.7579, 1.2726],
      [3.7534, 0.0935, 0, 0, 4.6428, 2.5402, 1.9816, 2.4536, 5.2448, 7.8945, 0.6134, 10.316, 2.1298, 7.1555, 11.1186, 1.781, 4.6793, 0.1915, 2.9712, 0.5268, 2.9599, 3.1217, 0.9418, 4.6363, 1.3454, 1.847, 2.7387, 9.3893, 2.5381, 1.277, 6.8842, 4.8957, 2.8254, 3.4478, 7.475, 1.708, 1.4115, 3.5505, 0.0274, 1.9315, 6.1865, 1.8334, 7.598, 2.2576, 6.2612, 1.5101, 2.7752, 10.6525, 2.1458, 10.9296, 2.0067],
      [22.2401, 0.3497, 0, 0, 8.7264, 10.5943, 13.4876, 17.448, 41.6069, 56.4316, 5.9664, 48.8777, 8.7409, 37.1761, 30.3396, 14.9243, 41.8013, 4.4401, 11.4018, 2.249, 22.2149, 15.0543, 6.9911, 32.6857, 5.0005, 9.7014, 28.2446, 43.1092, 30.921, 11.0659, 36.7471, 9.4519, 35.0437, 24.7073, 30.5104, 14.2512, 11.4437, 25.3805, 0.4661, 15.2745, 45.5398, 15.7364, 42.9386, 26.1011, 34.7412, 11.3535, 20.624, 64.4563, 15.3763, 80.9727, 12.8547],
      [9.5813, 0.4391, 0, 0, 8.7419, 11.6002, 9.2889, 14.194, 26.6572, 41.5138, 3.5466, 35.2168, 12.0059, 24.2047, 31.2797, 11.8159, 26.1847, 5.3442, 7.7147, 3.5876, 17.1191, 10.2751, 4.864, 18.8271, 4.4994, 9.5868, 23.0849, 28.116, 17.9153, 6.9109, 24.9751, 13.1744, 19.9622, 17.4094, 20.6581, 9.7281, 10.2083, 19.6796, 1.318, 15.3702, 34.8598, 9.14, 33.0287, 14.5511, 18.7337, 6.6541, 22.7278, 45.9721, 11.9983, 64.3829, 12.9176]
    ]
  ],
  "V_est": [
    [14.7266, 71.9638, 1042.8654, 481.381, 1.0631],
    [10.1981, 1210.3458, 315.5761, 547.7352, 128.1448],
    [69.222, 78.6528, 650.3364, 11988.8107, 158.9781],
    [32.979, 46.028, 5545.9493, 503.7185, 420.3252],
    [1.5398, 0.1337, 563.5729, 1990.2852, 66.4685],
    [792.807, 3.9264, 1097.5037, 364.308, 6.4548],
    [167.5274, 24.9496, 189.1961, 1155.7615, 851.5655]
  ],
  "p_est": [
    [0.0091, 0.0446, 0.6469, 0.2986, 0.0007],
    [0.0046, 0.5472, 0.1427, 0.2476, 0.0579],
    [0.0053, 0.0061, 0.0502, 0.9261, 0.0123],
    [0.005, 0.007, 0.8468, 0.0769, 0.0642],
    [0.0006, 0.0001, 0.2149, 0.7591, 0.0254],
    [0.35, 0.0017, 0.4845, 0.1608, 0.0028],
    [0.0701, 0.0104, 0.0792, 0.4838, 0.3565]
  ],
  "EI_Z": {},
  "EI_V": 10.6272,
  "MAE_Z": {},
  "MAE_V": 185.7936,
  "MAE_p": 0.0654,
  "runtime": 2.396
}
