{
  "X": [
    [51, 25, 24],
    [55, 20, 25],
    [63, 14, 23],
    [65, 15, 20],
    [57, 20, 23],
    [50, 25, 25],
    [41, 43, 16],
    [38, 47, 15],
    [32, 48, 20],
    [42, 36, 22],
    [36, 45, 19],
    [37, 45, 18],
    [27, 45, 28],
    [21, 53, 26],
    [24, 42, 34],
    [21, 57, 22],
    [20, 50, 30],
    [27, 55, 18],
    [17, 52, 31],
    [23, 32, 45],
    [18, 27, 55],
    [24, 28, 48],
    [18, 32, 50],
    [21, 35, 44],
    [21, 27, 52],
    [31, 22, 47],
    [22, 29, 49],
    [18, 22, 60],
    [19, 17, 64],
    [15, 18, 67],
    [14, 23, 63],
    [21, 30, 49],
    [14, 27, 59],
    [20, 25, 55],
    [12, 36, 52],
    [20, 32, 48],
    [10, 38, 52],
    [29, 42, 29],
    [33, 52, 15],
    [36, 44, 20],
    [31, 54, 15],
    [26, 52, 22],
    [34, 46, 20],
    [38, 45, 17],
    [55, 20, 25],
    [63, 22, 15],
    [58, 19, 23],
    [57, 17, 26],
    [54, 22, 24],
    [70, 11, 19]
  ],
  "W": [
    [57, 3, 11, 5, 5, 8, 5, 6],
    [53, 7, 8, 5, 5, 7, 3, 12],
    [64, 5, 2, 12, 1, 5, 4, 7],
    [57, 6, 4, 7, 6, 4, 11, 5],
    [63, 4, 10, 3, 3, 5, 5, 7],
    [55, 10, 4, 3, 11, 3, 8, 6],
    [20, 41, 5, 6, 5, 7, 7, 9],
    [8, 55, 7, 2, 6, 3, 10, 9],
    [4, 66, 6, 7, 7, 5, 3, 2],
    [7, 56, 4, 13, 7, 7, 2, 4],
    [2, 59, 8, 3, 6, 5, 7, 10],
    [7, 52, 13, 11, 1, 3, 6, 7],
    [6, 32, 30, 6, 7, 5, 6, 8],
    [8, 6, 55, 5, 4, 10, 4, 8],
    [5, 3, 54, 5, 9, 13, 4, 7],
    [8, 8, 57, 4, 2, 7, 7, 7],
    [6, 6, 56, 7, 8, 3, 9, 5],
    [8, 8, 52, 4, 2, 5, 8, 13],
    [4, 6, 41, 19, 7, 8, 12, 3],
    [7, 6, 8, 50, 9, 5, 12, 3],
    [4, 3, 7, 65, 6, 4, 8, 3],
    [8, 5, 9, 63, 3, 4, 4, 4],
    [5, 8, 4, 59, 9, 3, 8, 4],
    [7, 2, 8, 54, 7, 5, 8, 9],
    [5, 5, 3, 56, 8, 8, 6, 9],
    [11, 7, 6, 5, 50, 5, 5, 11],
    [2, 10, 8, 7, 47, 10, 8, 8],
    [3, 7, 4, 6, 62, 10, 6, 2],
    [4, 3, 10, 4, 58, 10, 3, 8],
    [7, 5, 3, 5, 64, 7, 4, 5],
    [5, 6, 9, 2, 60, 5, 6, 7],
    [3, 9, 5, 13, 16, 36, 9, 9],
    [3, 5, 6, 5, 8, 64, 3, 6],
    [6, 6, 4, 5, 12, 57, 4, 6],
    [8, 6, 7, 8, 7, 54, 9, 1],
    [1, 7, 4, 7, 7, 60, 7, 7],
    [4, 6, 7, 4, 8, 62, 2, 7],
    [5, 9, 9, 3, 4, 29, 32, 9],
    [6, 14, 6, 4, 6, 4, 56, 4],
    [5, 8, 5, 5, 6, 8, 53, 10],
    [6, 5, 10, 6, 6, 5, 55, 7],
    [3, 4, 6, 13, 6, 10, 55, 3],
    [8, 6, 4, 7, 3, 9, 56, 7],
    [8, 1, 7, 5, 14, 2, 49, 14],
    [5, 11, 3, 3, 9, 10, 5, 54],
    [6, 7, 6, 2, 4, 9, 11, 55],
    [12, 9, 8, 7, 7, 2, 3, 52],
    [11, 6, 8, 9, 5, 6, 6, 49],
    [5, 3, 9, 6, 6, 6, 7, 58],
    [10, 3, 5, 10, 6, 3, 4, 59]
  ],
  "method": "mvn_cdf",
  "mvncdf_method": "genz",
  "mvncdf_samples": 5000,
  "mvncdf_error": 0.001,
  "cond_prob": [
    [
      [0.73877321119, 0.10066782117, 0.16055896764],
      [0.3130231853, 0.63708322961, 0.049893585088],
      [0.058606545581, 0.77377627578, 0.16761717864],
      [0.092270942796, 0.29789558053, 0.60983347667],
      [0.067134484456, 0.11488630008, 0.81797921547],
      [0.031252195892, 0.34284542664, 0.62590237747],
      [0.24268691585, 0.73912096373, 0.018192120424],
      [0.84095102038, 0.056144639375, 0.10290434024]
    ],
    [
      [0.74984798009, 0.080006136871, 0.17014588304],
      [0.3698766159, 0.56817626881, 0.061947115288],
      [0.071592036624, 0.71384458082, 0.21456338255],
      [0.096002644113, 0.23444833365, 0.66954902224],
      [0.065946709579, 0.085747336269, 0.84830595415],
      [0.032754997058, 0.27261248308, 0.69463251986],
      [0.29636980508, 0.68067771371, 0.022952481211],
      [0.84733694067, 0.043365445442, 0.10929761389]
    ],
    [
      [0.79869834162, 0.058470829271, 0.14283082911],
      [0.45340108951, 0.48729876048, 0.059300150009],
      [0.097244517117, 0.67652770768, 0.22622777521],
      [0.12221495812, 0.20965260677, 0.66813243511],
      [0.083930267464, 0.076162764089, 0.83990696845],
      [0.043110624566, 0.24903980764, 0.7078495678],
      [0.37447601866, 0.60276838215, 0.022755599189],
      [0.87969209891, 0.031435870971, 0.088872030124]
    ],
    [
      [0.860441805, 0.034230260912, 0.10532793409],
      [0.56179814917, 0.38720029875, 0.051001552075],
      [0.14096597928, 0.63081253765, 0.22822148307],
      [0.16970533174, 0.18649397839, 0.64380068987],
      [0.11674414981, 0.06784503201, 0.81541081818],
      [0.062150219303, 0.22995772245, 0.70789205825],
      [0.48253852299, 0.4969563396, 0.020505137403],
      [0.91504749032, 0.020708903737, 0.06424360594]
    ],
    [
      [0.74265009611, 0.077724335649, 0.17962556824],
      [0.37190677933, 0.56179924272, 0.066293977943],
      [0.071485840656, 0.69985963065, 0.22865452869],
      [0.092251213344, 0.22054175186, 0.68720703479],
      [0.062524193754, 0.079437999252, 0.85803780699],
      [0.031657467455, 0.25615115902, 0.71219137352],
      [0.29897175405, 0.67626884318, 0.024759402769],
      [0.84186944178, 0.04221918747, 0.11591137075]
    ],
    [
      [0.71250161395, 0.10719927175, 0.1802991143],
      [0.29078388943, 0.65481421076, 0.054401899807],
      [0.053395298791, 0.77099036343, 0.17561433778],
      [0.081499747101, 0.28900485667, 0.62949539622],
      [0.058020692934, 0.10928142078, 0.83269788629],
      [0.027666417552, 0.33055056454, 0.64178301791],
      [0.2245041644, 0.75579125322, 0.019704582372],
      [0.82153861865, 0.060807429042, 0.11765395231]
    ],
    [
      [0.78633776003, 0.10029154108, 0.11337069889],
      [0.3371978529, 0.62654972345, 0.036252423654],
      [0.067029557005, 0.80481822398, 0.12815221901],
      [0.11716681869, 0.35200106063, 0.53083212068],
      [0.090802271293, 0.14496036601, 0.76423736269],
      [0.040895807829, 0.40865524618, 0.55044894599],
      [0.25942394579, 0.72759931964, 0.012976734572],
      [0.87263716685, 0.054549915825, 0.072812917326]
    ],
    [
      [0.76610373849, 0.08437400465, 0.14952225686],
      [0.36379054888, 0.57849142382, 0.057718027297],
      [0.072330889667, 0.73947173117, 0.18819737916],
      [0.10220246274, 0.26197151261, 0.63582602465],
      [0.07162594475, 0.097657157197, 0.83071689805],
      [0.035325445637, 0.30409834933, 0.66057620503],
      [0.28995899425, 0.68977941522, 0.020261590522],
      [0.85740520027, 0.045744707313, 0.096850092413]
    ],
    [
      [0.76145555683, 0.081047918935, 0.15749652424],
      [0.37217443043, 0.56733439671, 0.060491172862],
      [0.073679011598, 0.72251835389, 0.20380263451],
      [0.099284900591, 0.24476858425, 0.65594651516],
      [0.068597426111, 0.090121843601, 0.84128073029],
      [0.034359309929, 0.28432341575, 0.68131727432],
      [0.29799234641, 0.68067356222, 0.021334091376],
      [0.85382070961, 0.044378628808, 0.10180066158]
    ],
    [
      [0.84882374463, 0.054185086977, 0.096991168392],
      [0.49570407283, 0.45943742165, 0.044858505515],
      [0.118778771, 0.69824403033, 0.18297719867],
      [0.16273612033, 0.24209208753, 0.59517179214],
      [0.11686523583, 0.092866823278, 0.7902679409],
      [0.058601959072, 0.29369137338, 0.64770666754],
      [0.41725154639, 0.5661774599, 0.016570993708],
      [0.91133690091, 0.028443305737, 0.060219793353]
    ],
    [
      [0.74320958793, 0.073978252995, 0.18281215907],
      [0.38245554425, 0.54447830541, 0.07306615034],
      [0.074335160714, 0.6806532401, 0.24501159919],
      [0.08919075421, 0.20542118869, 0.7053880571],
      [0.059190945704, 0.072553047522, 0.86825600677],
      [0.030808288224, 0.23780997486, 0.73138173691],
      [0.3107301862, 0.66270438095, 0.026565432851],
      [0.84021517465, 0.04030351617, 0.11948130918]
    ],
    [
      [0.779744168, 0.071320592021, 0.14893523998],
      [0.40475775883, 0.53338795297, 0.061854288202],
      [0.082896596743, 0.70432004443, 0.21278335883],
      [0.10858506199, 0.23134074996, 0.66007418805],
      [0.074718714499, 0.085263779508, 0.84001750599],
      [0.037853920952, 0.27149683915, 0.6906492399],
      [0.32875576423, 0.64915975214, 0.02208448363],
      [0.86592583752, 0.038422952065, 0.095651210412]
    ],
    [
      [0.70542156206, 0.075482827982, 0.21909560995],
      [0.36121534324, 0.55674224841, 0.082042408353],
      [0.067671164094, 0.65664213977, 0.27568669614],
      [0.074745267208, 0.18602873358, 0.73922599922],
      [0.048795730424, 0.064735789837, 0.88646847974],
      [0.025778381307, 0.21395039973, 0.76027121896],
      [0.29310802327, 0.6756768056, 0.031215171128],
      [0.81260786986, 0.042368890928, 0.14502323921]
    ],
    [
      [0.75942305639, 0.086925790134, 0.15365115348],
      [0.35036372822, 0.59517236806, 0.054463903719],
      [0.06882133835, 0.73962392713, 0.19155473452],
      [0.097658615555, 0.26911218866, 0.63322919578],
      [0.069385657605, 0.10197225902, 0.82864208337],
      [0.033770319473, 0.31113911606, 0.65509056447],
      [0.27680405788, 0.70310585906, 0.020090083063],
      [0.85331305449, 0.047122362773, 0.09956458274]
    ],
    [
      [0.85818404525, 0.039819187226, 0.10199676752],
      [0.56682165811, 0.38163490077, 0.051543441118],
      [0.13033923699, 0.62939726179, 0.24026350122],
      [0.16669004368, 0.18716125637, 0.64614869995],
      [0.1132834548, 0.069287841516, 0.81742870368],
      [0.058406962715, 0.230378626, 0.71121441128],
      [0.48716254923, 0.49184561203, 0.020991838742],
      [0.91562199689, 0.020977969021, 0.063400034085]
    ],
    [
      [0.75230937261, 0.091299134791, 0.15639149259],
      [0.33863626719, 0.60724501148, 0.054118721336],
      [0.065370859313, 0.74617252628, 0.18845661441],
      [0.094746334519, 0.27549551477, 0.62975815072],
      [0.067522762944, 0.10490713758, 0.82757009947],
      [0.032566243211, 0.31779075537, 0.64964300142],
      [0.26640376046, 0.71353464601, 0.02006159353],
      [0.84849643016, 0.049819812557, 0.10168375729]
    ],
    [
      [0.75898567454, 0.068547166328, 0.17246715913],
      [0.40014731402, 0.53070261187, 0.069150074115],
      [0.081471543021, 0.6722298514, 0.24629860558],
      [0.09576426669, 0.20604037318, 0.69819536014],
      [0.064382103882, 0.073514544179, 0.86210335194],
      [0.033167824249, 0.24025302406, 0.72657915169],
      [0.32679778853, 0.64690438431, 0.026297827157],
      [0.85134107841, 0.037266431204, 0.11139249039]
    ],
    [
      [0.7782790255, 0.090752779439, 0.13096819506],
      [0.35102876613, 0.60378955179, 0.045181682079],
      [0.071188572797, 0.76783824048, 0.16097318673],
      [0.10924127833, 0.30404205597, 0.58671666569],
      [0.080600884779, 0.11981064818, 0.79958846704],
      [0.037828489759, 0.35322264982, 0.60894886042],
      [0.27557916819, 0.70781404485, 0.016606786955],
      [0.86706070802, 0.048589055165, 0.084350236813]
    ],
    [
      [0.77085555165, 0.087716545275, 0.14142790308],
      [0.35514666396, 0.59502853111, 0.04982480493],
      [0.0730854404, 0.75077358876, 0.17614097084],
      [0.10582730137, 0.28182658263, 0.61234611601],
      [0.075891546486, 0.10888761734, 0.81522083617],
      [0.036612847457, 0.32872867231, 0.63465848024],
      [0.28085987699, 0.700646727, 0.018493396005],
      [0.86133796611, 0.047578999735, 0.091083034153]
    ],
    [
      [0.80431950673, 0.068354730526, 0.12732576274],
      [0.42327930785, 0.52597089915, 0.050749793001],
      [0.089359252245, 0.71799311273, 0.19264763502],
      [0.12651739304, 0.25049405583, 0.62298855113],
      [0.088644625507, 0.095002201651, 0.81635317284],
      [0.043827031742, 0.29608009419, 0.66009287407],
      [0.34370270774, 0.63766476797, 0.018632524291],
      [0.88265821823, 0.036548765537, 0.080793016237]
    ],
    [
      [0.77744558735, 0.065635982773, 0.15691842987],
      [0.41788302214, 0.51795983921, 0.064157138653],
      [0.084868995687, 0.68116487945, 0.23396612486],
      [0.10968677906, 0.2118923862, 0.67842083474],
      [0.072498975622, 0.077533848297, 0.84996717608],
      [0.037140067578, 0.250354468, 0.71250546443],
      [0.34218409158, 0.63367432924, 0.024141579172],
      [0.86393937281, 0.035467232125, 0.10059339506]
    ],
    [
      [0.82198076341, 0.059367769617, 0.11865146697],
      [0.46157385115, 0.4876960233, 0.050730125553],
      [0.10122502041, 0.69790337298, 0.20087160661],
      [0.13691706308, 0.23627534916, 0.62680758776],
      [0.096612979918, 0.088810311749, 0.81457670833],
      [0.048485821895, 0.2812766703, 0.6702375078],
      [0.37995769098, 0.60069188465, 0.019350424373],
      [0.89396787195, 0.031448804469, 0.074583323583]
    ],
    [
      [0.73872984894, 0.093470630803, 0.16779952025],
      [0.32979387511, 0.61333307191, 0.056873052981],
      [0.062184117911, 0.74559877078, 0.1922171113],
      [0.090299440256, 0.26843669271, 0.64126386703],
      [0.063477490725, 0.10130610189, 0.83521640738],
      [0.030681788712, 0.30886091904, 0.66045729224],
      [0.25923956149, 0.7201369614, 0.02062347711],
      [0.83858425826, 0.051597238052, 0.10981850369]
    ],
    [
      [0.73495406225, 0.11145341376, 0.15359252399],
      [0.29221033807, 0.66106668295, 0.046722978977],
      [0.054410072656, 0.79068716233, 0.15490276502],
      [0.090407414383, 0.3186785474, 0.59091403821],
      [0.066676263136, 0.1280213808, 0.80530235606],
      [0.030407807064, 0.37008319541, 0.59950899752],
      [0.2245571914, 0.75827612861, 0.017166679992],
      [0.83759883575, 0.06119768976, 0.10120347449]
    ],
    [
      [0.74722968872, 0.083992819077, 0.1687774922],
      [0.35378469122, 0.58544702631, 0.060768282474],
      [0.067581187551, 0.72361527909, 0.20880353336],
      [0.093509771156, 0.24770602207, 0.65878420677],
      [0.064351765555, 0.091638088037, 0.84401014641],
      [0.031899343343, 0.28538541488, 0.68271524177],
      [0.28143623762, 0.69633110239, 0.02223265999],
      [0.84411233956, 0.04624922913, 0.10963843131]
    ],
    [
      [0.83323835542, 0.070031464966, 0.096730179617],
      [0.42915213125, 0.53295160548, 0.037896263265],
      [0.093312508572, 0.75785711151, 0.14883037991],
      [0.14900415837, 0.29844968373, 0.55254615789],
      [0.11223139391, 0.12116014812, 0.76660845797],
      [0.052799406095, 0.35727590577, 0.58992468813],
      [0.34455871653, 0.64139507454, 0.014046208929],
      [0.90245972907, 0.037112659242, 0.060427611685]
    ],
    [
      [0.81181020851, 0.078770402804, 0.10941938868],
      [0.39433392015, 0.56545129889, 0.040214780961],
      [0.082459620554, 0.76607350626, 0.15146687318],
      [0.13148920882, 0.30411938881, 0.56439140237],
      [0.10144903837, 0.11977743145, 0.77877353018],
      [0.046529734524, 0.35894375281, 0.59452651266],
      [0.31311087226, 0.67221528286, 0.014673844875],
      [0.88933122857, 0.041727920553, 0.068940850872]
    ],
    [
      [0.83234778513, 0.063865619254, 0.10378659561],
      [0.44769724275, 0.50973254685, 0.0425702104],
      [0.097964189682, 0.7326351639, 0.16940064642],
      [0.14576091091, 0.26980232517, 0.58443676392],
      [0.10649745079, 0.10749701742, 0.78600553179],
      [0.051653992117, 0.32348250993, 0.62486349795],
      [0.36340317805, 0.62065554997, 0.015941271977],
      [0.90142639143, 0.033673614271, 0.064899994303]
    ],
    [
      [0.79155686827, 0.05566525845, 0.15277787328],
      [0.45517029915, 0.47764896124, 0.067180739605],
      [0.09487049785, 0.65195536491, 0.25317413724],
      [0.11209605776, 0.19094111327, 0.69696282897],
      [0.078483803431, 0.065229292134, 0.85628690443],
      [0.03977530381, 0.22532132041, 0.73490337578],
      [0.37798006962, 0.5961160714, 0.025903858972],
      [0.87342732174, 0.029526702279, 0.097045975981]
    ],
    [
      [0.69590100284, 0.095783533625, 0.20831546353],
      [0.30392844969, 0.62645903927, 0.069612511039],
      [0.054060292102, 0.7232562535, 0.2226834544],
      [0.0720233197, 0.2377775999, 0.6901990804],
      [0.045755306815, 0.08937122596, 0.86487346722],
      [0.02418229693, 0.27195431173, 0.70386339134],
      [0.23823538697, 0.73644671806, 0.025317894973],
      [0.80723919885, 0.053867558504, 0.13889324264]
    ],
    [
      [0.65152365995, 0.10636935048, 0.24210698956],
      [0.26827574486, 0.65518473224, 0.076539522893],
      [0.044612871054, 0.72174644144, 0.23364068751],
      [0.059638165677, 0.23225630924, 0.70810552508],
      [0.030850207097, 0.087452471524, 0.88169732138],
      [0.019453898001, 0.26368169927, 0.71686440273],
      [0.20855114763, 0.76352143477, 0.027927417596],
      [0.77319232266, 0.061446980903, 0.16536069644]
    ],
    [
      [0.77953554514, 0.074066571359, 0.1463978835],
      [0.39381096004, 0.55028374694, 0.055905293016],
      [0.07905735587, 0.71685119982, 0.20409144431],
      [0.10829688277, 0.24438839239, 0.64731472484],
      [0.076227463649, 0.091222984891, 0.83254955146],
      [0.039992136269, 0.28562364641, 0.67438421732],
      [0.31705703465, 0.66246016528, 0.020482800071],
      [0.86678653699, 0.039975660728, 0.09323780228]
    ],
    [
      [0.76111228617, 0.070565999448, 0.16832171439],
      [0.39105909963, 0.54186541195, 0.067075488421],
      [0.075475508106, 0.68803065508, 0.23649383681],
      [0.09485067429, 0.21641074173, 0.68873858398],
      [0.064427560813, 0.078351010705, 0.85722142848],
      [0.03512457939, 0.25059295417, 0.71428246644],
      [0.31649564028, 0.65823744058, 0.025266919143],
      [0.85356345583, 0.038211304759, 0.10822523942]
    ],
    [
      [0.82831420914, 0.052887558976, 0.11879823188],
      [0.48647128213, 0.45978361737, 0.053745100495],
      [0.10768561415, 0.67396244762, 0.21835193823],
      [0.13789679514, 0.21550242487, 0.64660077999],
      [0.095697367601, 0.079973261169, 0.82432937123],
      [0.049746009113, 0.25835992806, 0.69189406283],
      [0.40488257083, 0.57430669425, 0.020810734916],
      [0.89793990101, 0.027864869461, 0.074195229529]
    ],
    [
      [0.68085935822, 0.1097863231, 0.20935431868],
      [0.27555357274, 0.65895747224, 0.065488955025],
      [0.047766389237, 0.74632121686, 0.20591239391],
      [0.067111358231, 0.26249487136, 0.67039377041],
      [0.046521506312, 0.097654299462, 0.85582419423],
      [0.018291718522, 0.30054817846, 0.68116010301],
      [0.21306155704, 0.76317494945, 0.023763493511],
      [0.79759074958, 0.062000814621, 0.1404084358]
    ],
    [
      [0.86372152377, 0.051752125758, 0.084526350471],
      [0.50925393853, 0.45210254279, 0.03864351868],
      [0.12068552179, 0.71121425066, 0.16810022754],
      [0.17565559216, 0.25917998075, 0.56516442708],
      [0.12934943585, 0.10266193116, 0.76798863299],
      [0.059215920704, 0.32126753236, 0.61951654693],
      [0.42237496984, 0.5626499623, 0.014975067862],
      [0.92059194174, 0.027311144404, 0.052096913854]
    ],
    [
      [0.60624560689, 0.16098398761, 0.2327704055],
      [0.18630351183, 0.75634180656, 0.057354681609],
      [0.029640210275, 0.80308741301, 0.16727237671],
      [0.049527405288, 0.32569715377, 0.62477544094],
      [0.035225765405, 0.12682071725, 0.83795351735],
      [0.0048358174837, 0.36342775854, 0.63173642398],
      [0.13895356442, 0.84124892509, 0.019797510481],
      [0.74172449604, 0.094861155195, 0.16341434876]
    ],
    [
      [0.79478348449, 0.070610190317, 0.1346063252],
      [0.41313035344, 0.53388260476, 0.052987041801],
      [0.086116945156, 0.71613337553, 0.19774967931],
      [0.11741372933, 0.2461632218, 0.63642304886],
      [0.082421302005, 0.092161620341, 0.82541707765],
      [0.04209432743, 0.28789615187, 0.6700095207],
      [0.33563627655, 0.64382717858, 0.02053654487],
      [0.87664823878, 0.037578995596, 0.085772765623]
    ],
    [
      [0.77811233658, 0.075096945689, 0.14679071773],
      [0.39424073264, 0.5496953335, 0.056063933866],
      [0.080281136739, 0.71690207245, 0.20281679081],
      [0.10663277389, 0.23939351935, 0.65397370676],
      [0.073251646681, 0.087424402105, 0.83932395121],
      [0.037102848615, 0.27929952714, 0.68359762425],
      [0.31883379907, 0.65696579442, 0.024200406505],
      [0.86528094622, 0.040717034014, 0.094002019765]
    ],
    [
      [0.76840296907, 0.063411267388, 0.16818576354],
      [0.42439010791, 0.50610126424, 0.06950862785],
      [0.086238316563, 0.65980199325, 0.25395969019],
      [0.099817859354, 0.19164853682, 0.70853360383],
      [0.065770196056, 0.067210783317, 0.86701902063],
      [0.034752877118, 0.22364272951, 0.74160439338],
      [0.35066476189, 0.61969758402, 0.029637654085],
      [0.85747068382, 0.034050240969, 0.10847907521]
    ],
    [
      [0.79344121743, 0.088166420086, 0.11839236248],
      [0.36697402906, 0.59194231445, 0.041083656496],
      [0.07539570299, 0.77453276277, 0.15007153424],
      [0.11939478259, 0.30908627454, 0.57151894286],
      [0.088360941324, 0.12173993223, 0.78989912645],
      [0.041639546458, 0.3610920943, 0.59726835924],
      [0.29192698128, 0.69171838185, 0.016354636875],
      [0.87711563918, 0.047290509382, 0.075593851438]
    ],
    [
      [0.78598857916, 0.082741472323, 0.13126994852],
      [0.37752276977, 0.57511801618, 0.047359214047],
      [0.077055454215, 0.75023306253, 0.17271148325],
      [0.11403917407, 0.27805220699, 0.60790861894],
      [0.081696851713, 0.10662664576, 0.81167650253],
      [0.039925136446, 0.32498801984, 0.63508684371],
      [0.30333685083, 0.67839275666, 0.01827039251],
      [0.87138064171, 0.044661587552, 0.083957770739]
    ],
    [
      [0.74474752079, 0.068001418091, 0.18725106112],
      [0.39827848194, 0.52715901447, 0.074562503595],
      [0.077860336221, 0.65965155566, 0.26248810812],
      [0.088903726549, 0.18879491572, 0.72230135773],
      [0.058076848182, 0.065937474392, 0.87598567743],
      [0.030887927538, 0.21886362886, 0.7502484436],
      [0.32820774363, 0.6411465124, 0.030645743969],
      [0.84096085367, 0.037296308339, 0.12174283799]
    ],
    [
      [0.82555130738, 0.083139725479, 0.091308967137],
      [0.39164015536, 0.57572281183, 0.032637032815],
      [0.084437493379, 0.7911322837, 0.12443022293],
      [0.14511971486, 0.34120124747, 0.51367903768],
      [0.11371826061, 0.14053849835, 0.74574324105],
      [0.051129710866, 0.40437663274, 0.54449365639],
      [0.31435431025, 0.67606442534, 0.0095812644175],
      [0.8992580061, 0.043698434091, 0.057043559809]
    ],
    [
      [0.73619631165, 0.088869296178, 0.17493439218],
      [0.33663638423, 0.60278066519, 0.060582950579],
      [0.063531097124, 0.73338236362, 0.20308653926],
      [0.088051711683, 0.24966130521, 0.66228698311],
      [0.060595436368, 0.091931035618, 0.84747352801],
      [0.029661157848, 0.28823863944, 0.68210020272],
      [0.26585393469, 0.71200415105, 0.022141914266],
      [0.83314869647, 0.050113865285, 0.11673743824]
    ],
    [
      [0.82775106694, 0.070377015156, 0.10187191791],
      [0.42680192658, 0.53392659859, 0.039271474836],
      [0.092927331156, 0.75326708265, 0.15380558619],
      [0.14475346017, 0.28917843446, 0.56606810537],
      [0.1075615994, 0.11389153494, 0.77854686567],
      [0.051577033534, 0.34549100972, 0.60293195675],
      [0.34325908163, 0.64259624562, 0.014144672753],
      [0.90051853832, 0.038340880457, 0.061140581221]
    ],
    [
      [0.73940444729, 0.080925742528, 0.17966981018],
      [0.35686275493, 0.57784554879, 0.065291696279],
      [0.067647500073, 0.71079336802, 0.22155913191],
      [0.088880750747, 0.2282772057, 0.68284204356],
      [0.060349806657, 0.082493855807, 0.85715633754],
      [0.03063545181, 0.26420749334, 0.70515705485],
      [0.28507966904, 0.69085523821, 0.024065092754],
      [0.8348668851, 0.045491462973, 0.11964165193]
    ],
    [
      [0.76325556175, 0.058494461912, 0.17824997633],
      [0.43281580686, 0.49123572124, 0.075948471897],
      [0.086808830202, 0.63968391973, 0.27350725007],
      [0.09797090697, 0.17741663924, 0.72461245379],
      [0.064250192074, 0.061834943915, 0.87391486401],
      [0.034045046268, 0.20800214042, 0.75795281331],
      [0.35930005607, 0.61128017331, 0.029419770624],
      [0.85203599185, 0.030001160787, 0.11796284736]
    ],
    [
      [0.69499225024, 0.10613382258, 0.19887392718],
      [0.28579924212, 0.65260303239, 0.061597725494],
      [0.051114907789, 0.75192522061, 0.1969598716],
      [0.07329367087, 0.26373339512, 0.66297293401],
      [0.05103141913, 0.097273054804, 0.85169552607],
      [0.024817798192, 0.30091663249, 0.67426556932],
      [0.22113902662, 0.75673598533, 0.022124988051],
      [0.80628924719, 0.059922489872, 0.13378826294]
    ],
    [
      [0.86087217205, 0.040735745488, 0.098392082457],
      [0.55714441998, 0.39485439546, 0.048001184557],
      [0.13897152454, 0.64585002866, 0.2151784468],
      [0.17401554405, 0.19626777516, 0.62971668079],
      [0.12080314155, 0.072241840913, 0.80695501754],
      [0.063543918436, 0.24277861813, 0.69367746344],
      [0.4751424842, 0.50598418467, 0.018873331132],
      [0.92320019347, 0.017464878395, 0.059334928132]
    ]
  ],
  "expected_outcome": [
    [
      [42.1100730378, 39.7419429445, 51.1166938635, 49.045182885, 46.7869560548, 39.1875887672, 15.7267552006, 6.1288299079, 3.0458222273, 5.9417662124, 1.4864191759, 5.458209176, 4.2325293724, 6.0753844511, 4.2909202263, 6.0184749809, 4.5539140473, 6.226232204, 3.0834222066, 5.6302365471, 3.1097823494, 6.5758461073, 3.6936492447, 5.1446784357, 3.7361484436, 9.1656219096, 1.623620417, 2.4970433554, 3.1662274731, 4.8713070199, 3.2576182998, 2.3386066354, 2.2833368585, 4.9698852548, 5.4468748658, 0.86372152377, 2.4249824276, 3.9739174224, 4.6686740195, 3.8420148454, 4.7606473046, 2.3579657375, 5.9579801663, 6.6044104591, 3.6809815582, 4.9665064016, 8.8728533675, 8.3958111793, 3.4749612512, 8.6087217205],
      [5.7380658066, 4.2403252542, 3.7421330734, 1.951124872, 4.8966331459, 5.8959599464, 2.0058308217, 0.6749920372, 0.32419167574, 0.37929560884, 0.14795650599, 0.49924414415, 0.45289696789, 0.69540632107, 0.19909593613, 0.73039307833, 0.41128299797, 0.72602223551, 0.3508661811, 0.47848311368, 0.26254393109, 0.47494215693, 0.46735315401, 0.78017389629, 0.41996409539, 0.77034611462, 0.15754080561, 0.19159685776, 0.2226610338, 0.67048473537, 0.53184675242, 0.22219971408, 0.21169799835, 0.31732535386, 0.8782905848, 0.051752125758, 0.64393595045, 0.35305095158, 0.45058167413, 0.31705633694, 0.52899852052, 0.24822441697, 0.54401134473, 0.66511780383, 0.44434648089, 0.42226209093, 0.97110891034, 0.64343908103, 0.53066911291, 0.40735745488],
      [9.1518611557, 9.0177318013, 9.1411730632, 6.003692243, 11.3164107993, 9.9164512864, 2.2674139777, 1.1961780549, 0.62998609694, 0.67893817874, 0.36562431815, 1.0425466798, 1.3145736597, 1.2292092278, 0.5099838376, 1.2511319408, 1.0348029548, 1.0477455605, 0.56571161232, 0.89128033921, 0.62767371949, 0.94921173576, 0.83899760127, 1.075147668, 0.843887461, 1.0640319758, 0.21883877736, 0.31135978684, 0.6111114931, 1.4582082447, 1.2105349478, 0.4391936505, 0.50496514316, 0.7127893913, 1.6748345494, 0.084526350471, 0.931081622, 0.67303162599, 0.88074430637, 0.8409288177, 0.71035417488, 0.39380984556, 1.4980084889, 0.7304717371, 0.87467196089, 0.61123150745, 2.1560377222, 1.9607497397, 0.99436963588, 0.98392082457]
    ],
    [
      [0.93906955591, 2.5891363113, 2.2670054476, 3.370788895, 1.4876271173, 2.9078388943, 13.8251119688, 20.0084801885, 24.5635124081, 27.7594280785, 22.5648771105, 21.047403459, 11.5588909835, 2.1021823693, 1.7004649743, 2.7090901375, 2.4008838841, 2.808230129, 2.1308799837, 2.5396758471, 1.2536490664, 2.3078692558, 2.6383510009, 0.58442067614, 1.7689234561, 3.0040649188, 3.9433392015, 3.1338806992, 1.3655108975, 1.5196422484, 1.6096544692, 3.5442986404, 1.9552954981, 2.9188276928, 1.6533214364, 3.5647775697, 1.117821071, 3.7181731809, 5.5193702569, 3.3951208633, 1.8348701453, 1.5100910791, 2.3896708916, 0.39164015536, 3.7030002266, 2.987613486, 3.2117647944, 2.5968948412, 0.85739772635, 1.6714332599],
      [1.9112496888, 3.9772338817, 2.4364938024, 2.3232017925, 2.2471969709, 6.5481421076, 25.6885386614, 31.8170283102, 37.444070183, 25.7284956126, 32.1242200194, 27.7361735545, 17.8157519491, 3.5710342084, 1.1449047023, 4.8579600918, 3.1842156712, 4.8303164143, 3.5701711867, 3.1558253949, 1.5538795176, 2.4384801165, 4.9066645752, 1.3221333659, 2.9272351316, 3.7306612384, 5.6545129889, 3.568127828, 1.4329468837, 3.1322951964, 3.9311083935, 4.9525537225, 2.7093270597, 2.7587017042, 3.9537448334, 3.1647177995, 4.5380508393, 4.8049434429, 7.695734669, 4.0488101139, 2.9597115722, 2.3004720647, 3.1629540868, 0.57572281183, 6.6305873171, 3.7374861901, 5.2006099391, 2.9474143274, 1.9578090972, 1.1845631864],
      [0.14968075526, 0.43362980701, 0.29650075004, 0.30600931245, 0.26517591177, 0.54401899807, 1.4863493698, 3.1744915013, 3.9924174089, 2.5120763089, 4.3109028701, 3.2164229865, 2.6253570673, 0.32678342231, 0.15463032335, 0.43294977069, 0.41490044469, 0.36145345664, 0.29894882958, 0.304498758, 0.19247141596, 0.25365062776, 0.45498442385, 0.093445957954, 0.30384141237, 0.26527384285, 0.40214780961, 0.2979914728, 0.20154221881, 0.34806255519, 0.45923713736, 0.50314763714, 0.33537744211, 0.32247060297, 0.39293373015, 0.27050463076, 0.34412808965, 0.47688337621, 0.78489507412, 0.5560690228, 0.20541828248, 0.18943685619, 0.44737502157, 0.032637032815, 0.66641245637, 0.27490032385, 0.58762526651, 0.45569083138, 0.18479317648, 0.14400355367]
    ],
    [
      [0.64467200139, 0.57273629299, 0.19448903423, 0.56386391712, 0.71485840656, 0.21358119516, 0.33514778502, 0.50631622767, 0.44207406959, 0.47511508399, 0.59468128571, 1.0776557577, 2.0301349228, 3.7851736092, 7.0383187973, 3.7261389809, 4.5624064092, 3.7018057855, 2.9965030564, 0.71487401796, 0.59408296981, 0.91102518369, 0.24873647165, 0.43528058124, 0.20274356265, 0.55987505143, 0.65967696443, 0.39185675873, 0.9487049785, 0.16218087631, 0.40151583949, 0.39528677935, 0.45285304864, 0.43074245661, 0.33436472466, 0.48274208717, 0.20748147192, 0.77505250641, 0.48168682043, 0.43119158281, 0.7539570299, 0.46233272529, 0.31144134488, 0.59106245365, 0.19059329137, 0.55756398694, 0.54118000059, 0.69447064162, 0.46003417011, 0.69485762269],
      [8.5115390336, 5.7107566466, 1.3530554154, 2.5232501506, 6.9985963065, 3.0839614537, 4.0240911199, 5.1763021182, 4.3351101233, 2.7929761213, 5.4452259208, 9.1561605776, 19.699264193, 40.6793159922, 33.9874521368, 42.531833998, 37.6448716782, 39.9275885048, 30.7817171392, 5.7439449019, 4.7681541562, 6.2811303568, 2.9823950831, 6.3254972986, 2.1708458373, 4.5471426691, 6.1285880501, 2.9305406556, 6.5195536491, 2.1697687605, 6.4957179729, 3.5842559991, 4.1281839305, 2.6958497905, 5.224248518, 2.8448570027, 5.6216118911, 6.4452003798, 4.3014124347, 3.2990099662, 7.7453276277, 4.5013983752, 2.6386062226, 5.5379259859, 2.2001470909, 4.5196024959, 5.6863469441, 5.1174713578, 6.7673269855, 3.2292501433],
      [1.843788965, 1.7165070604, 0.45245555041, 0.91288593227, 2.2865452869, 0.70245735113, 0.64076109506, 1.3173816541, 1.2228158071, 0.73190879468, 1.9600927935, 2.7661836648, 8.2706008842, 10.5355103986, 12.9742290659, 10.7420270211, 13.7927219127, 8.3706057097, 7.2217798044, 1.5411810802, 1.637762874, 1.8078444595, 0.76886844522, 1.2392221202, 0.62641060007, 0.89298227948, 1.2117349855, 0.67760258568, 2.5317413724, 0.66805036319, 2.1027661876, 1.0204572215, 1.4189630209, 0.87340775292, 1.4413867573, 0.67240091017, 1.170906637, 1.7797471138, 1.2169007448, 1.269798451, 1.5007153424, 1.0362688995, 1.0499524325, 0.87101156048, 0.60925961778, 0.92283351714, 1.7724730553, 2.1880580005, 1.7726388444, 1.075892234]
    ],
    [
      [0.46135471398, 0.48001322056, 1.4665794975, 1.1879373222, 0.27675364003, 0.2444992413, 0.70300091213, 0.20440492548, 0.69499430413, 2.1155695643, 0.26757226263, 1.1944356819, 0.44847160325, 0.48829307777, 0.8334502184, 0.37898533807, 0.67034986683, 0.43696511332, 2.010718726, 6.325869652, 7.1296406392, 8.6257749742, 5.3276669751, 4.8820003767, 5.2365471847, 0.74502079185, 0.92042446175, 0.87456546544, 0.44838423103, 0.3601165985, 0.11927633135, 1.407859476, 0.47425337145, 0.68948397568, 0.53689086585, 1.2295891451, 0.19810962115, 0.352241188, 0.42653109555, 0.49908929677, 0.71636869557, 1.4825092629, 0.62232608585, 0.72559857428, 0.26415513505, 0.28950692034, 0.62216525523, 0.88173816273, 0.43976202522, 1.7401554405],
      [1.4894779027, 1.1722416682, 2.5158312812, 1.3054578487, 0.66162525559, 0.86701457002, 2.1120063638, 0.52394302522, 1.7133800897, 3.1471971378, 0.61626356606, 2.5447482495, 1.1161724015, 1.3455609433, 0.93580628186, 1.1019820591, 1.4422826122, 1.2161682239, 5.3547050699, 12.5247027915, 13.773005103, 14.8853469968, 15.83776487, 17.2086415598, 13.8715372359, 1.4922484187, 2.1288357217, 1.618813951, 0.76376445308, 1.1888879995, 0.46451261849, 3.1770491011, 1.0820537086, 1.0775121244, 2.0999589709, 1.8142598653, 1.3027886151, 0.73848966541, 0.9575740774, 0.95824268408, 1.8545176473, 3.6146786909, 1.32156441, 1.7060062373, 0.74898391563, 0.57835686892, 1.5979404399, 1.5967497532, 1.5824003707, 1.9626777516],
      [3.0491673833, 3.3477451112, 8.0175892213, 4.5066048291, 2.0616211044, 1.8884861887, 3.1849927241, 1.2716520493, 4.5916256061, 7.7372332978, 2.1161641713, 7.2608160685, 4.4353559953, 3.1661459789, 3.2307434997, 2.5190326029, 4.8873675209, 2.3468666628, 11.6345762041, 31.1494275565, 44.0973542578, 39.488878029, 37.8345681549, 31.9093580635, 36.8919155794, 2.7627307895, 3.9507398166, 3.5066205835, 2.7878513159, 3.450995402, 1.4162110502, 8.4150914229, 3.4436929199, 3.2330038999, 5.3631501633, 3.9561509896, 2.4991017638, 1.9092691466, 2.6158948271, 3.5426680191, 3.4291136572, 7.9028120462, 5.0561095041, 2.5683951884, 1.9868609493, 1.1321362107, 4.7798943049, 6.5215120841, 3.977837604, 6.2971668079]
    ],
    [
      [0.33567242228, 0.3297335479, 0.083930267464, 0.70046489888, 0.18757258126, 0.63822762228, 0.45401135646, 0.4297556685, 0.48018198278, 0.81805665079, 0.35514567422, 0.074718714499, 0.34157011297, 0.27754263042, 1.0195510932, 0.13504552589, 0.51505683106, 0.16120176956, 0.5312408254, 0.79780162956, 0.43499385373, 0.28983893975, 0.57129741653, 0.46673384195, 0.51481412444, 5.6115696954, 4.7681048033, 6.6028419489, 4.552060599, 2.9283396362, 1.8510124258, 1.2196394184, 0.51542048651, 1.1483684112, 0.32565054418, 0.90544605096, 0.28180612324, 0.32968520802, 0.43950988009, 0.39462117634, 0.53016564795, 0.49018111028, 0.17423054455, 1.5920556485, 0.54535892731, 0.43024639759, 0.4224486466, 0.32125096037, 0.30618851478, 0.7248188493],
      [0.57443150039, 0.42873668135, 0.076162764089, 0.40707019206, 0.23831399776, 1.2020956286, 0.72480183007, 0.58594294318, 0.63085290521, 0.65006776295, 0.43531828513, 0.085263779508, 0.45315052886, 0.40788903608, 0.62359057365, 0.20981427516, 0.58811635343, 0.23962129635, 0.76221332137, 0.85501981486, 0.46520308978, 0.26643093525, 0.91175491705, 0.8961496656, 0.73310470429, 6.058007406, 5.6295392783, 6.66481508, 3.7832989438, 5.7197584614, 5.2471482914, 1.4595677583, 0.62680808564, 0.95967913402, 0.68358009624, 0.71863351811, 1.014565738, 0.36864648137, 0.52454641263, 0.4032646999, 0.73043959338, 0.63975987456, 0.19781242318, 1.9675389769, 0.82737932056, 0.45556613974, 0.57745699065, 0.30917471957, 0.58363832882, 0.43345104548],
      [4.0898960773, 4.2415297708, 0.83990696845, 4.8924649091, 2.574113421, 9.1596767492, 3.8211868135, 4.9843013883, 5.888965112, 5.5318755863, 5.2095360406, 0.84001750599, 6.2052793582, 3.3145683335, 7.3568583331, 1.6551401989, 6.8968268155, 1.5991769341, 5.7065458532, 7.3471785556, 5.0998030565, 2.443730125, 7.5169476664, 5.6371164924, 6.7520811713, 38.3304228986, 36.6023559184, 48.7323429712, 49.6646404572, 55.3519019024, 52.9018392828, 13.3207928234, 6.8577714279, 9.8919524548, 5.9907693596, 5.3759204309, 6.7036281388, 3.3016683106, 5.0359437073, 5.2021141238, 4.7393947587, 4.8700590152, 2.6279570323, 10.4404053746, 7.6272617521, 3.1141874627, 6.0000943628, 4.3695743201, 5.1101731564, 4.8417301052]
    ],
    [
      [0.25001756713, 0.22928497941, 0.21555312283, 0.24860087721, 0.15828733728, 0.082999252657, 0.28627065481, 0.10597633691, 0.17179654964, 0.4102137135, 0.15404144112, 0.11356176286, 0.12889190653, 0.33770319473, 0.75929051529, 0.22796370248, 0.099503472747, 0.1891424488, 0.29290277965, 0.21913515871, 0.14856027031, 0.19394328758, 0.092045366137, 0.15203903532, 0.25519474675, 0.26399703047, 0.46529734524, 0.51653992117, 0.3977530381, 0.16927607851, 0.097269490006, 1.4397169057, 2.247973081, 2.8355225195, 0.9877528002, 3.5529552422, 0.29982068399, 1.2207354955, 0.14841139446, 0.27802301695, 0.20819773229, 0.39925136446, 0.27799134785, 0.10225942173, 0.29661157848, 0.4641933018, 0.061270903619, 0.20427027761, 0.14890678915, 0.19063175531],
      [2.7427634131, 1.9082873816, 1.2451990382, 0.91983088979, 1.2807557951, 0.99165169362, 2.8605867232, 0.91229504799, 1.4216170788, 2.0558396137, 1.1890498743, 0.81449051744, 1.0697519987, 3.1113911606, 2.994922138, 2.2245352876, 0.72075907219, 1.7661132491, 2.6298293784, 1.4804004709, 1.001417872, 1.1251066812, 0.92658275713, 1.8504159771, 2.2830833191, 1.7863795289, 3.5894375281, 3.2348250993, 2.2532132041, 1.9036801821, 1.3184084963, 10.2824512709, 16.0379490669, 14.7265158993, 16.229601637, 19.2760519417, 22.5325210295, 8.3489884042, 1.1171981086, 1.7891418361, 1.8054604715, 3.2498801984, 1.9697726597, 0.80875326548, 2.8823863944, 3.1094190875, 0.52841498667, 1.2480128425, 1.8054997949, 0.72833585438],
      [5.0072190198, 4.862427639, 3.539247839, 2.831568233, 3.5609568676, 1.9253490537, 3.8531426219, 1.9817286151, 3.4065863716, 4.5339466728, 3.6569086846, 2.0719477197, 3.8013560948, 6.5509056447, 9.2457873467, 4.5475010099, 2.1797374551, 3.0447443021, 5.0772678419, 3.3004643704, 2.8500218577, 2.6809500312, 1.9813718767, 2.9975449876, 5.4617219342, 2.9496234407, 5.9452651266, 6.2486349795, 7.3490337578, 4.9270437394, 3.5843220137, 24.2778318234, 45.7140778522, 39.4379615813, 36.7826455628, 37.1709928161, 39.1676582865, 19.4302761003, 2.734390497, 5.932835147, 2.9863417962, 6.3508684371, 6.7522359924, 1.0889873128, 6.8210020272, 5.4263876107, 1.4103141097, 4.5477168799, 4.0455934159, 2.0810323903]
    ],
    [
      [1.2134345792, 0.88910941523, 1.4979040746, 5.3079237529, 1.4948587703, 1.7960333152, 1.8159676205, 2.8995899425, 0.89397703922, 0.83450309279, 2.1751113034, 1.9725345854, 1.7586481396, 1.1072162315, 1.9486501969, 1.8648263232, 2.9411800968, 2.2046333455, 3.3703185239, 4.1244324929, 2.7374727327, 1.5198307639, 2.0739164919, 1.7964575312, 1.6886174257, 1.7227935827, 2.5048869781, 2.1804190683, 1.1339402089, 0.95294154789, 1.2513068858, 2.8535133118, 0.94948692085, 1.6195302833, 1.9175540133, 2.9566247889, 0.27790712885, 10.7403608497, 17.8546927482, 18.5852323803, 16.0559839701, 16.6835267954, 18.3796336432, 15.403361202, 1.3292696734, 3.7758498979, 0.85523900712, 2.1558003364, 1.5479731863, 1.9005699368],
      [3.6956048186, 2.0420331411, 2.4110735286, 5.4665197356, 3.3813442159, 6.0463300258, 5.0931952375, 6.8977941522, 2.0420206866, 1.1323549198, 4.6389306667, 3.8949585128, 4.0540608336, 2.8124234362, 1.9673824481, 4.9947425221, 5.8221394588, 5.6625123588, 8.407760724, 7.6519772156, 5.069394634, 2.4027675386, 5.7610956912, 6.0662090289, 4.1779866143, 3.2069753727, 5.3777222629, 3.7239332998, 1.7883482142, 2.9457868722, 4.5811286086, 5.9621414875, 1.9747123217, 2.297226777, 6.8685745451, 3.9385497361, 1.6824978502, 20.6024697144, 36.7900844875, 32.8439719532, 38.0445110017, 37.3116016166, 35.9042046945, 33.1271568415, 3.5600207552, 7.0685587018, 2.0725657146, 3.6676810399, 5.2971518973, 2.0239367387],
