{
  "Z_true": {},
  "V_true": [
    [111, 444, 470, 118, 11359, 585],
    [479, 140, 62, 6030, 574, 524],
    [18, 28, 18, 108, 562, 427],
    [5, 3, 558, 17, 246, 20],
    [266, 348, 30, 512, 770, 613]
  ],
  "p_true": [
    [0.0085, 0.0339, 0.0359, 0.009, 0.868, 0.0447],
    [0.0613, 0.0179, 0.0079, 0.7722, 0.0735, 0.0671],
    [0.0155, 0.0241, 0.0155, 0.093, 0.4841, 0.3678],
    [0.0059, 0.0035, 0.6572, 0.02, 0.2898, 0.0236],
    [0.1048, 0.1371, 0.0118, 0.2017, 0.3033, 0.2414]
  ],
  "Z_est": [
    [
      [0.0018, 0.0018, 0.0038, 0, 0, 0.0288, 0.0115, 0.0003, 0.0071, 0.0018, 0.0026, 0.0024, 0.0003, 0.005, 0.0027, 0.0379, 0.0047, 0.01, 0.0433, 0.0176, 0.0059, 0.0032, 0.0118, 0.0053, 0.0038, 0.0081, 0.0081, 0.0067, 0.0004, 0.0005, 0.0053, 0.0004, 0.0101, 0.0009, 0.0241, 0.0024, 0.039, 0.0024],
      [0.1392, 0.0486, 0.3479, 0.0696, 1.4935, 2.0047, 1.2526, 0.4871, 1.3288, 0.1392, 0.174, 1.106, 1.3043, 1.7461, 0.3559, 1.9672, 0.4871, 1.1134, 0.489, 1.5566, 0.835, 1.0438, 1.5259, 0.835, 0.2783, 0.9046, 1.0497, 0.8654, 0.1599, 0, 0.5915, 0.0514, 3.3053, 0.2088, 2.4703, 0.5991, 14.2867, 0.1306],
      [0, 0, 5.8171, 4.1334, 3.674, 8.2664, 17.4543, 18.0637, 6.7356, 0.3062, 1.2247, 16.2881, 0.3062, 31.0469, 1.837, 4.2863, 9.7244, 7.1608, 5.085, 8.1253, 2.3272, 9.6908, 29.1859, 31.5405, 5.3458, 1.5308, 21.2852, 11.9562, 0, 1.0387, 14.0317, 0, 6.5046, 0.3062, 11.2031, 6.2298, 58.2014, 1.3564],
      [0.0083, 0.0121, 1.5006, 0.0742, 0.0492, 1.3154, 2.6819, 0, 0.2738, 0, 0.037, 0.1621, 1.775, 0, 0, 0, 0.1861, 0.2602, 0.0826, 0.3887, 0.1036, 0.1381, 0.1196, 0.1036, 0.1234, 0.2621, 0.2621, 0.1521, 0.1584, 0.6715, 0.3259, 0.0677, 0.5179, 0, 0.7905, 0.1496, 0.9085, 0.0326],
      [12.1561, 17.9222, 235.5983, 106.708, 68.8817, 729.547, 566.6416, 315.5859, 482.9233, 48.5864, 68.48, 398.6272, 18.6471, 616.1025, 129.3893, 479.9801, 267.0572, 367.8282, 175.0945, 573.9678, 224.0826, 334.8474, 550.9715, 514.9555, 178.8664, 364.9501, 364.1552, 309.8531, 16.8712, 16.8712, 285.0341, 10.0646, 476.1976, 84.3387, 980.6141, 221.2161, 1272.1056, 46.753],
      [0.6946, 1.0152, 13.7322, 5.0148, 2.9015, 41.8377, 57.9581, 13.8629, 27.7315, 3.9665, 4.0818, 15.8142, 0.9672, 33.0996, 7.4151, 37.7285, 13.5405, 30.6274, 10.2056, 23.9439, 15.6456, 18.2767, 14.1853, 32.5601, 8.3822, 42.3442, 23.2396, 15.1666, 0.8102, 6.4181, 34.0116, 1.8159, 27.4644, 7.1455, 54.8979, 5.8031, 75.4588, 2.7251]
    ],
    [
      [3.1696, 3.1696, 6.8675, 0, 0, 51.79, 20.7148, 0.5283, 12.8859, 3.1719, 4.8895, 4.2262, 0.5283, 8.9806, 7.3958, 68.1472, 8.4421, 15.228, 9.2796, 31.6964, 10.2005, 5.811, 7.5428, 9.5089, 3.9801, 12.669, 8.6941, 8.5079, 0.6731, 0.5283, 9.5089, 0.5283, 23.7723, 1.5848, 43.3128, 4.2262, 41.2053, 4.2287],
      [0.6894, 0.3447, 1.7235, 0.3447, 1.2064, 13.6156, 8.1838, 1.7756, 7.5789, 1.354, 0.8617, 3.964, 0.8617, 5.6875, 2.4129, 18.1722, 2.299, 4.6971, 2.5639, 9.446, 4.1364, 7.703, 2.6355, 4.1364, 1.3788, 3.9533, 2.7205, 3.2746, 1.6151, 0, 2.9299, 0.1968, 16.3732, 1.0341, 12.2368, 1.9129, 16.0285, 1.0341],
      [0, 0, 0.3037, 0.4302, 0.0396, 0.4316, 1.3531, 0.9432, 0.3517, 0.016, 0.0639, 0.7993, 0.016, 0.3681, 0.0959, 5.1643, 0.2959, 0.3677, 2.6425, 0.4316, 0.1119, 1.034, 0.2889, 1.5027, 0.2238, 0.0799, 0.7513, 0.6075, 0, 0.032, 0.9642, 0, 0.2238, 0.016, 0, 0.2097, 2.9414, 0.0799],
      [32.5146, 46.6877, 139.0116, 40.435, 14.733, 1108.5095, 409.2807, 45.366, 220.0422, 36.6445, 29.6214, 118.3462, 26.9115, 125.2497, 52.2696, 709.7477, 108.8256, 198.7013, 66.7633, 359.207, 82.3652, 111.2264, 95.6632, 82.8423, 55.6982, 162.0378, 109.6825, 88.4391, 19.7244, 15.0027, 174.5607, 8.876, 414.2117, 53.2558, 621.7782, 77.522, 524.1785, 70.0215],
      [0.5847, 0.7146, 8.5103, 5.6088, 0.9554, 51.3336, 26.4701, 4.1824, 31.9152, 2.529, 9.369, 12.1241, 0.6409, 16.5889, 8.5063, 48.0508, 7.1374, 0.6864, 6.334, 23.9411, 5.7886, 19.5311, 17.3912, 16.829, 3.653, 5.7461, 5.1514, 5.7581, 0.9597, 0.312, 10.4267, 0.3573, 19.1117, 3.9726, 36.6722, 5.8793, 34.9563, 2.5108],
      [0.0417, 0.0833, 0.5834, 0.1813, 0.0656, 2.3196, 4.9975, 0.2045, 4.226, 1.2846, 0.1945, 0.5401, 0.0417, 1.1251, 0.3195, 5.7178, 0, 1.3195, 0.4167, 1.2779, 0.3974, 0.6945, 0.4784, 1.1806, 0.0661, 1.514, 1.0001, 0.4128, 0.0278, 0.125, 1.6095, 0.0417, 0.3072, 4.1367, 0, 0.25, 2.69, 0.125]
    ],
    [
      [0.0008, 0, 0.0038, 0, 0, 0.0302, 0.0137, 0.0005, 0.0206, 0.0008, 0.0045, 0.004, 0.0004, 0.0086, 0.0084, 0.0651, 0.0183, 0.013, 0.0057, 0.0303, 0.0115, 0.0055, 0.0076, 0.0091, 0.0055, 0.0206, 0.0101, 0.0076, 0.0005, 0.0011, 0.0091, 0.0004, 0.0258, 0.0015, 0.047, 0.004, 0.0233, 0.0015],
      [0.5808, 0, 2.3547, 0.5678, 0.4717, 18.602, 8.4769, 3.9744, 12.7153, 0.4709, 1.4194, 6.5293, 0.2355, 7.0137, 4.1056, 25.5494, 3.9744, 8.0059, 3.9089, 16.5571, 7.064, 6.5593, 5.6512, 6.8132, 2.2711, 8.2696, 6.8132, 4.8249, 0.8516, 0, 4.9063, 0.2606, 28.4937, 1.7033, 20.1556, 4.2384, 14.3636, 0.9419],
      [0, 0, 0, 0, 0, 0, 0, 0, 0, 0, 0, 0, 0, 0, 0, 0, 0, 0, 0, 0, 0, 0, 0, 0, 0, 0, 0, 0, 0, 0, 0, 0, 0, 0, 0, 0, 0, 0],
      [0.0502, 0, 0.2512, 0.1005, 0.0502, 1.9848, 0.9044, 0.1978, 1.3567, 0.0502, 0.2261, 0.5159, 0.0251, 0.546, 0.3054, 2.1355, 5.635, 0.8542, 0, 1.7838, 0.7537, 0.4815, 0.417, 0.9547, 0.3266, 1.3567, 0.7848, 0.3869, 0.086, 0.2753, 1.0121, 0.0251, 2.8845, 0.4522, 11.8972, 0.4522, 1.5325, 0.1005],
      [0.9207, 0, 4.6036, 2.2171, 0.9207, 36.3682, 16.5728, 9.4134, 24.8593, 0.9207, 4.8419, 15.6859, 0.4604, 13.3503, 15.0806, 33.5631, 30.5393, 15.6521, 6.9053, 32.8433, 13.8107, 12.4296, 11.361, 17.5442, 6.7741, 24.8593, 15.6521, 9.2071, 0.7635, 1.3811, 16.5728, 0.4351, 46.9564, 8.2864, 56.6239, 10.6204, 28.0818, 1.8414],
      [0.4475, 0, 2.7867, 1.1147, 0.5573, 22.0149, 10.0321, 6.414, 15.0482, 0.5573, 2.508, 6.2649, 0.2787, 8.0814, 3.5, 23.6869, 7.833, 9.4748, 4.18, 19.7855, 8.3601, 7.5241, 6.5632, 12.6789, 3.6227, 19.4939, 10.7398, 5.5734, 0.2983, 1.3425, 13.4998, 0.2787, 23.6396, 7.5566, 34.2764, 2.6849, 16.9989, 1.1147]
    ],
    [
      [0, 0, 0, 0, 0, 0, 0, 0, 0, 0, 0, 0, 0, 0, 0, 0, 0, 0, 0, 0, 0, 0, 0, 0, 0, 0, 0, 0, 0, 0, 0, 0, 0, 0, 0, 0, 0, 0],
      [0, 0, 0.4429, 0.0355, 0.3897, 0.463, 0.4026, 0.8857, 0.6389, 0.071, 0.1208, 0.4082, 0.1423, 2.3422, 0.2485, 0.1006, 0.3623, 0.3422, 0.161, 0.4227, 0.1006, 0.161, 1.6305, 0.4259, 0.142, 0.1006, 0.4259, 0.3467, 0, 0, 0.2214, 0, 0.161, 0.1065, 1.26, 0.4429, 2.637, 0.1208],
      [0, 0, 12.8623, 8.4248, 8.2758, 18.278, 18.148, 39.9408, 14.8932, 0.677, 2.7078, 32.8682, 0.677, 92.5548, 4.0618, 4.537, 29.9442, 15.4258, 7.2592, 18.4191, 4.537, 7.2592, 73.4994, 60.9281, 8.2058, 3.3848, 24.9217, 25.4026, 0, 0.9275, 9.9814, 0, 7.2592, 0.677, 50.7419, 18.549, 122.6939, 3.5592],
      [0, 0, 5.2002, 0.1509, 4.6191, 2.0802, 0.3851, 0.1676, 0.3273, 0.0891, 0.1155, 0.2891, 0.1186, 1.2043, 0.1155, 0.0963, 0.6354, 0.3273, 0.154, 0.4043, 0.0963, 0.154, 0.2337, 0.0994, 0.1733, 0.3798, 0.2698, 0.2168, 0, 0.0193, 0.2118, 0, 0.154, 0.0385, 1.5443, 0.4236, 1.2793, 0.1711],
      [0, 0, 1.8045, 0.2714, 0.4221, 1.6484, 0.6031, 1.9912, 0.5126, 0.5432, 2.9175, 1.0554, 0.035, 3.5463, 1.4359, 0.1508, 1.297, 0.5126, 0.2412, 1.2695, 0.1508, 0.2412, 5.1064, 1.0705, 0.2714, 0.1508, 0.7598, 0.6366, 0, 0.0302, 0.3317, 0, 0.2412, 0.5493, 2.1392, 2.422, 2.6205, 2.0106],
      [0, 0, 1.6902, 0.1174, 0.2932, 0.5304, 0.4613, 1.0148, 0.628, 0.6198, 0.1384, 0.3791, 0.0271, 2.3524, 0.1384, 0.1153, 0.7611, 0.3921, 0.1845, 0.4843, 0.1153, 0.1845, 0.53, 1.476, 0.2076, 0.984, 0.6227, 0.3972, 0, 0.0231, 0.2537, 0, 0.1845, 0.6287, 1.3146, 0.1625, 1.7694, 0.1384]
    ],
    [
      [2.8278, 2.8286, 6.1248, 0, 0, 46.1511, 18.26, 0.4709, 11.0864, 2.8256, 4.1034, 3.7674, 0.4711, 8.0058, 6.593, 60.7499, 7.5349, 18.7491, 7.6714, 28.2557, 9.7821, 5.1802, 7.4379, 8.4767, 7.0105, 11.3023, 11.2877, 8.4778, 0.3261, 0.4701, 8.4767, 0.4709, 21.1918, 1.4128, 38.6162, 3.7674, 36.7325, 3.7674],
      [2.5906, 1.6067, 5.131, 0.9825, 3.4386, 44.3147, 17.6842, 6.8772, 13.7382, 1.9649, 2.4241, 10.9925, 2.4561, 16.2105, 6.8772, 44.2105, 6.8772, 17.8413, 6.8772, 27.0175, 11.8639, 14.5329, 11.5568, 11.7895, 3.9298, 12.7719, 12.9907, 9.6884, 0.3734, 0, 8.3509, 0.4912, 46.6666, 2.9474, 34.8772, 6.8068, 45.6842, 3.7727],
      [0, 0, 0.0169, 0.0115, 0.0107, 0.024, 0.0446, 0.0524, 0.0195, 0.0009, 0.0036, 0.0444, 0.0009, 0.0302, 0.0053, 0.0124, 0.0355, 0.0458, 0.0133, 0.024, 0.0239, 0.016, 0.0259, 0.0286, 0.2246, 0.0044, 0.0417, 0.0337, 0, 0.0018, 0.0227, 0, 0.0124, 0.0009, 0.055, 0.0115, 0.1633, 0.0044],
      [0.4268, 1.3001, 5.0364, 0.2394, 0.5485, 10.1102, 1.748, 0.2686, 0, 0.2161, 0, 0.6867, 0.1698, 0, 0.3095, 2.0205, 0.7179, 1.8569, 0, 2.2162, 0.6812, 0, 0.5665, 0, 7.6785, 0.9636, 1.0006, 0.805, 0.0312, 0.0312, 0.8896, 0.0312, 2.2318, 0.2535, 4.9898, 0.4526, 3.1011, 0.6743],
      [4.3385, 3.3632, 11.4833, 5.1947, 2.82, 51.1028, 22.7123, 10.8271, 13.7896, 2.4207, 3.3916, 9.5073, 1.2167, 15.4119, 7.5879, 22.2552, 10.9691, 23.3207, 6.4249, 37.9783, 12.1673, 10.9506, 23.1698, 14.6008, 10.4351, 15.2938, 15.2814, 10.545, 0.4056, 0.4056, 8.6347, 0.1429, 21.4931, 3.853, 52.9506, 8.8622, 45.2359, 8.8842],
      [1.8162, 4.9014, 23.2075, 6.5718, 5.1823, 100.2973, 51.551, 21.5038, 29.3663, 6.5718, 7.0774, 19.0017, 1.6854, 36.3415, 11.6271, 68.7514, 19.8654, 53.1862, 15.0131, 46.5083, 25.4816, 23.3203, 22.2431, 37.1044, 13.7214, 44.6639, 36.3978, 22.45, 0.8637, 1.0913, 30.6254, 0.8637, 51.4043, 10.5325, 92.5111, 9.0995, 99.083, 4.8969]
    ]
  ],
  "V_est": [
    [0.3213, 46.752, 361.2697, 13.6945, 11932.4726, 732.4899],
    [457.5941, 171.083, 23.1812, 6655.9543, 461.1903, 39.9971],
    [0.4205, 249.695, 0, 41.1525, 548.9197, 320.8123],
    [0, 16.2631, 752.4825, 21.9449, 38.9898, 19.3198],
    [420.664, 479.2069, 1.0667, 52.2537, 529.4277, 1056.381]
  ],
  "p_est": [
    [0, 0.0036, 0.0276, 0.001, 0.9118, 0.056],
    [0.0586, 0.0219, 0.003, 0.8523, 0.0591, 0.0051],
    [0.0004, 0.2151, 0, 0.0354, 0.4728, 0.2763],
    [0, 0.0192, 0.8863, 0.0258, 0.0459, 0.0228],
    [0.1657, 0.1887, 0.0004, 0.0206, 0.2085, 0.4161]
  ],
  "EI_Z": {},
  "EI_V": 9.9887,
  "MAE_Z": {},
  "MAE_V": 169.4425,
  "MAE_p": 0.0579,
  "runtime": 4.663
}
