{
  "X": [
    [4, 13, 20, 67, 17, 7],
    [0, 6, 7, 37, 5, 5],
    [9, 21, 27, 161, 21, 6],
    [32, 71, 139, 545, 83, 12],
    [32, 46, 57, 342, 31, 10],
    [30, 54, 92, 347, 61, 6],
    [45, 82, 148, 677, 93, 22],
    [16, 27, 31, 249, 15, 4],
    [46, 88, 193, 796, 130, 32],
    [66, 36, 129, 548, 104, 22],
    [5, 4, 11, 65, 5, 3],
    [0, 3, 1, 7, 0, 1],
    [6, 7, 19, 148, 30, 8],
    [9, 4, 3, 100, 7, 3],
    [7, 9, 10, 162, 7, 3],
    [2, 3, 7, 64, 1, 1],
    [14, 7, 28, 280, 23, 7],
    [10, 10, 12, 130, 18, 5],
    [4, 8, 53, 60, 25, 8],
    [12, 4, 9, 97, 9, 4],
    [5, 9, 6, 53, 13, 1],
    [8, 5, 6, 119, 17, 3],
    [3, 7, 5, 69, 8, 4],
    [11, 3, 6, 111, 7, 1],
    [44, 25, 83, 159, 58, 12],
    [9, 15, 30, 80, 19, 7],
    [32, 36, 112, 275, 67, 21],
    [9, 4, 14, 90, 3, 4],
    [1, 1, 5, 39, 6, 2],
    [5, 0, 0, 16, 1, 0],
    [9, 7, 20, 154, 10, 3],
    [31, 35, 48, 433, 34, 13],
    [10, 12, 34, 142, 24, 13],
    [24, 41, 62, 375, 36, 16],
    [8, 14, 46, 95, 29, 12],
    [7, 3, 16, 111, 13, 3],
    [5, 15, 56, 84, 34, 15],
    [10, 30, 52, 229, 31, 11],
    [8, 11, 28, 82, 12, 7],
    [35, 30, 84, 349, 42, 29],
    [11, 15, 46, 174, 25, 4],
    [11, 17, 55, 168, 18, 16],
    [7, 20, 80, 179, 31, 17],
    [45, 49, 128, 350, 98, 28],
    [17, 34, 112, 434, 68, 31],
    [22, 21, 51, 239, 39, 11],
    [21, 28, 85, 313, 56, 21],
    [19, 42, 89, 294, 34, 15],
    [1, 0, 2, 9, 0, 1],
    [1, 4, 1, 21, 1, 2],
    [48, 34, 77, 368, 62, 18],
    [4, 2, 5, 75, 3, 1],
    [7, 16, 55, 140, 34, 6],
    [12, 15, 139, 76, 42, 10],
    [27, 30, 248, 254, 104, 34],
    [6, 17, 255, 55, 38, 19],
    [8, 14, 113, 64, 43, 16],
    [9, 14, 153, 98, 62, 13],
    [23, 19, 167, 71, 30, 17],
    [32, 26, 164, 216, 68, 22],
    [0, 3, 10, 13, 4, 1],
    [2, 8, 28, 11, 14, 6],
    [14, 24, 101, 171, 64, 27],
    [2, 1, 6, 41, 3, 1],
    [0, 4, 3, 7, 3, 1],
    [11, 16, 39, 179, 26, 16],
    [4, 4, 9, 22, 10, 3],
    [4, 2, 12, 70, 10, 4],
    [1, 0, 0, 0, 1, 1],
    [597, 577, 2024, 6740, 1236, 308],
    [49, 108, 200, 492, 92, 57],
    [64, 166, 380, 1039, 187, 73],
    [13, 52, 37, 223, 13, 11]
  ],
  "W": [
    [17, 11, 24, 70, 6],
    [4, 4, 9, 38, 5],
    [19, 17, 41, 155, 13],
    [49, 52, 166, 587, 28],
    [38, 11, 72, 366, 31],
    [38, 37, 114, 379, 22],
    [59, 57, 182, 726, 43],
    [16, 10, 43, 257, 16],
    [71, 86, 222, 855, 51],
    [32, 57, 180, 591, 45],
    [1, 4, 11, 75, 2],
    [2, 1, 1, 8, 0],
    [13, 10, 29, 156, 10],
    [3, 4, 5, 107, 7],
    [8, 7, 14, 166, 3],
    [4, 1, 6, 65, 2],
    [9, 17, 32, 298, 3],
    [10, 6, 20, 143, 6],
    [3, 21, 58, 69, 7],
    [4, 3, 13, 106, 9],
    [6, 9, 10, 60, 2],
    [4, 10, 14, 124, 6],
    [8, 2, 10, 74, 2],
    [2, 2, 10, 119, 6],
    [23, 39, 93, 201, 25],
    [14, 17, 33, 81, 15],
    [28, 43, 131, 306, 35],
    [4, 4, 17, 96, 3],
    [3, 5, 4, 38, 4],
    [0, 0, 1, 19, 2],
    [5, 6, 25, 159, 8],
    [29, 14, 63, 465, 23],
    [15, 20, 30, 152, 18],
    [34, 20, 74, 404, 22],
    [19, 12, 46, 112, 15],
    [1, 7, 18, 120, 7],
    [17, 30, 58, 94, 10],
    [24, 21, 58, 247, 13],
    [11, 7, 31, 96, 3],
    [28, 31, 82, 386, 42],
    [14, 22, 42, 190, 7],
    [17, 12, 59, 180, 17],
    [21, 26, 83, 189, 15],
    [47, 55, 155, 400, 41],
    [36, 40, 120, 470, 30],
    [22, 25, 58, 269, 9],
    [31, 36, 99, 330, 28],
    [31, 16, 98, 329, 19],
    [1, 0, 1, 11, 0],
    [4, 0, 3, 23, 0],
    [29, 49, 77, 413, 39],
    [2, 3, 7, 72, 6],
    [11, 19, 68, 149, 11],
    [17, 30, 147, 88, 12],
    [31, 57, 279, 288, 42],
    [24, 33, 249, 66, 18],
    [18, 29, 134, 66, 11],
    [14, 39, 162, 114, 20],
    [20, 17, 179, 86, 25],
    [27, 50, 174, 254, 23],
    [3, 5, 10, 13, 0],
    [6, 11, 31, 13, 8],
    [29, 34, 110, 183, 45],
    [0, 2, 6, 44, 2],
    [2, 3, 6, 7, 0],
    [17, 18, 41, 192, 19],
    [6, 3, 10, 29, 4],
    [0, 9, 16, 73, 4],
    [0, 1, 1, 1, 0],
    [475, 771, 2268, 7396, 572],
    [102, 58, 216, 555, 67],
    [170, 115, 393, 1132, 99],
    [32, 7, 50, 253, 7]
  ],
  "method": "mult",
  "cond_prob": [
    [
      [0.00020709201103, 0.73315976216, 0.0012772513975, 0.014373867936, 0.014121310767, 0.23686071573],
      [0.005652852193, 0.002290971443, 0.076202541192, 0.018962760156, 0.84982020002, 0.047070674994],
      [0.050924080206, 0.0020117085922, 0.78634980934, 0.0099196169385, 0.12595545115, 0.024839333765],
      [0.021524670531, 0.0051486174813, 0, 0.93631189234, 0.037014819647, 0],
      [0.20089886659, 0.017066521243, 0.044610558145, 0.1278584355, 0.29965788562, 0.30990773289]
    ],
    [
      [0, 0.76720312087, 0, 0.0059508367774, 0.002469658193, 0.22437638416],
      [0, 0.012970235042, 0.087427268552, 0.021074839216, 0.77624660677, 0.10228105042],
      [4.5088281556e-18, 0.13653719001, 0.71681274489, 0.0052568198686, 0.082881954033, 0.058511291197],
      [0, 0.038674940413, 0, 0.95208702556, 0.0020633152971, 0.0071747187339],
      [0, 0.036164826122, 0.039795244351, 0.13305578921, 0.21215827451, 0.5788258658]
    ],
    [
      [1.8154337682e-15, 0.85734597787, 0, 0.020529444103, 0.0044388637411, 0.11768571429],
      [0.0078968908956, 0.0081688908149, 0.080094400383, 0.033981624704, 0.8327829733, 0.037075219898],
      [0.13436787887, 0.10201878316, 0.61226334513, 0.06529535831, 0.079303571834, 0.0067510627022],
      [0, 0, 0, 1, 0, 0],
      [0.25820537087, 0.029906551316, 0.041199849474, 0.18116486549, 0.26976189212, 0.21976147073]
    ],
    [
      [0, 0.89914152522, 0.0024426823947, 0.0090939186876, 0.007911974583, 0.08140989911],
      [0.007163386051, 0.0089554680734, 0.092552484922, 0.019594955125, 0.84805661049, 0.023677095342],
      [0.056664548294, 0.013537160092, 0.79794335823, 0.007029465655, 0.11083251174, 0.013992955991],
      [0.025076236368, 0.039588915317, 0, 0.91663444674, 0.018700401577, 0],
      [0.26790850573, 0.035375680644, 0.057463638619, 0.15371959941, 0.32635845805, 0.15917411755]
    ],
    [
      [0, 0.87995432301, 0.001877986597, 0.011375230627, 0.0076549620986, 0.099137497666],
      [0.011147307572, 0.0078273062308, 0.094676896449, 0.0207805009, 0.83738278946, 0.028185199388],
      [0.10699666471, 0.010715098698, 0.75527666643, 0.0087410366353, 0.10541864039, 0.012851893132],
      [0.036469986192, 0.029561655386, 0, 0.91888494914, 0.015083409284, 0],
      [0.34921305843, 0.028534915472, 0.048621634365, 0.14186805496, 0.27055583387, 0.1612065029]
    ],
    [
      [0, 0.92673859934, 0.0013830092258, 0.0093259096931, 0.0083719041492, 0.054180577588],
      [0.0096335201901, 0.0091728606872, 0.085258995226, 0.018988759035, 0.86170630984, 0.015239555021],
      [0.079042083383, 0.014863554023, 0.76896724493, 0.0078797637908, 0.11953243232, 0.0097149215485],
      [0.034099627857, 0.042198932238, 0, 0.90213464613, 0.021370949301, 0.00019584447889],
      [0.35040924044, 0.034395313757, 0.051390768339, 0.14253215426, 0.32147486858, 0.099797654629]
    ],
    [
      [0, 0.86254364421, 0.0021053304655, 0.0095310745973, 0.0076524004314, 0.1181675503],
      [0.0081039509463, 0.0085795748649, 0.091427597817, 0.020324028788, 0.83672121868, 0.034843628908],
      [0.076852334955, 0.012754804074, 0.77180727059, 0.0079053012922, 0.10971746268, 0.02096282641],
      [0.026014889819, 0.037125688012, 0, 0.91967140785, 0.017004146583, 0.00018386773921],
      [0.27125906571, 0.031308497359, 0.051057887897, 0.14323232617, 0.2916700066, 0.21147221627]
    ],
    [
      [0, 0.91733499605, 0.00084429900865, 0.010595696061, 0.0039484675665, 0.067276541312],
      [0.011550377728, 0.012941451593, 0.11453537319, 0.02970195088, 0.80114330049, 0.030127546117],
      [0.22179724084, 0.015520809557, 0.67414330864, 0.0121353176, 0.07444582174, 0.0019575016247],
      [0.0039635841278, 0.042218415138, 0, 0.95381800073, 0, 0],
      [0.33303585912, 0.042231127865, 0.053310950776, 0.18002528179, 0.2327638237, 0.15863295675]
    ],
    [
      [0, 0.82783571506, 0.003398556187, 0.009466763285, 0.0088387271635, 0.15046023831],
      [0.006714887603, 0.0071738870491, 0.094222909575, 0.019082575103, 0.83297494988, 0.039830790791],
      [0.033233582499, 0.0098924509627, 0.81932608305, 0.0056362378557, 0.10839744243, 0.023514203206],
      [0.030703515492, 0.029250148731, 0, 0.91842100736, 0.021584792516, 4.0535901645e-05],
      [0.23123840404, 0.027484483649, 0.054218467672, 0.14089318141, 0.29837989922, 0.24778556401]
    ],
    [
      [0.00037433570005, 0.78946876714, 0.0022842008017, 0.012383587952, 0.012440548577, 0.18304855983],
      [0.012519185696, 0.004386387485, 0.069366523369, 0.019592123989, 0.85764057901, 0.036495200453],
      [0.12835475626, 0.0064197313718, 0.68571759302, 0.01319454676, 0.13956866773, 0.026744704855],
      [0.043713353671, 0.014513218621, 0, 0.91189206754, 0.029487198653, 0.00039416151725],
      [0.36302176724, 0.016758033629, 0.034307711084, 0.11519430636, 0.27037988549, 0.2003382962]
    ],
    [
      [6.1904246643e-05, 0.75260195565, 0.0023977393791, 0.0037853277425, 0.0031778872261, 0.23797518576],
      [0.010598245091, 0.0098388736784, 0.11667796769, 0.016896536038, 0.72522927835, 0.12075909916],
      [0.013410061048, 0.010437322857, 0.85628789219, 0, 0.064828175873, 0.055036548034],
      [0.058408476524, 0.040657664908, 0.013808544294, 0.86364017792, 0.014832500826, 0.0086526355281],
      [0.21469935228, 0.021953565069, 0.038041376868, 0.077807592041, 0.13517875142, 0.51231936232]
    ],
    [
      [0, 0.77296777686, 0, 0, 0, 0.22703222314],
      [0, 0.46821206192, 0.027036714646, 0.057645638425, 0, 0.447105585],
      [0, 0.017563288452, 0.97296328535, 0, 0, 0.0094734261947],
      [0, 0.12103613699, 0, 0.8677942952, 0, 0.011169567815],
      [0, 0.024280739, 0.035929846126, 0.078050338002, 0, 0.86173907687]
    ],
    [
      [0.017817130234, 0.53132631573, 0.0030424325868, 0.067218582737, 0.026154506663, 0.35444103205],
      [0.0031124828584, 0.00075851954159, 0.043123111206, 0.012674131419, 0.90460391487, 0.035727840103],
      [0.15091380768, 0, 0.62799693518, 0.0075042751707, 0.21201569581, 0.001569286151],
      [0, 0, 0, 0.93346188191, 0.066538118094, 0],
      [0.13607520556, 0.0085172700083, 0.031730614395, 0.1161739553, 0.40855506635, 0.2989478884]
    ],
    [
      [0.00016395172218, 0.75796906622, 0.0022767365638, 0.010588214241, 0.008204569487, 0.22079746177],
      [0.012013475202, 0.0051322543778, 0.063912395742, 0.021034394633, 0.84305975214, 0.054847727904],
      [0.27897997849, 0.0081304336753, 0.54750404147, 0.0063575499497, 0.12036133811, 0.038666658311],
      [0.046600056452, 0.014496948756, 0, 0.9252440753, 0.013658919492, 0],
      [0.3671926159, 0.016248299788, 0, 0.12159913884, 0.21997660097, 0.2749833445]
    ],
    [
      [0.0065639693287, 0.77885327858, 0.0026773093847, 0.012579452061, 0.0052165250145, 0.19410946563],
      [0.010089124384, 0.0077977052399, 0.11465041278, 0.030887098943, 0.76899361345, 0.067582045208],
      [0.26651806252, 0.0080261450819, 0.6452537767, 0.0084431694829, 0.071758846215, 0],
      [0.014373628544, 0.015260941221, 0, 0.97036543024, 0, 0],
      [0.25319638706, 0.02296918694, 0.047491920537, 0.16142963304, 0.19022955292, 0.32468331951]
    ],
    [
      [0.15718440367, 0.73765246497, 0.0083000261734, 0.014975444624, 0.0031878313571, 0.078699829213],
      [0.009366004323, 0.0075797330729, 0.26604764424, 0.040200271936, 0.61360524884, 0.063201097587],
      [0.020080183965, 0, 0.95396775917, 0.0051521388518, 0.020799918012, 0],
      [0.011949564489, 0, 0.011839528271, 0.97621090724, 0, 0],
      [0.23234679272, 0.020905203529, 0.10368817921, 0.20763807293, 0.12442195883, 0.31099979278]
    ],
    [
      [0.00012428962705, 0.54709481704, 0.0056016390134, 0.013612095816, 0.011691374173, 0.42187578433],
      [0.0080018539888, 0.0027859306738, 0.097261378443, 0.020064927685, 0.79497786567, 0.076908043541],
      [0.055437653061, 0.0033095135885, 0.81762218229, 0.0053606819356, 0.096013505883, 0.02225646324],
      [0.038398155842, 0.0063560535672, 0, 0.93629637243, 0.018949418165, 0],
      [0.21539817892, 0.0095924757778, 0.044077327332, 0.11617552071, 0.22026503822, 0.39449145904]
    ],
    [
      [0.00025150551084, 0.74608349813, 0.0014429030001, 0.010369566536, 0.015220793462, 0.22663173336],
      [0.0068286458321, 0.0034681750529, 0.044146930973, 0.012860903297, 0.89602447656, 0.036670868282],
      [0.17323516494, 0.0078799718142, 0.57781936978, 0.0064110502925, 0.19639210389, 0.038262339286],
      [0.034629621719, 0.015847456179, 0, 0.90258542183, 0.045640245418, 0.0012972548518],
      [0.25662897755, 0.015761716419, 0.027383664763, 0.10353376449, 0.33620800559, 0.2604838712]
    ],
    [
      [1.0006894508e-05, 0.82876869108, 0.0028983154729, 0.0033457169115, 0.0044922947889, 0.16048497485],
      [0.0055347475706, 0.013990995574, 0.10594421432, 0.008653826588, 0.78875394695, 0.077122268991],
      [0, 0.010631632697, 0.85246658758, 0, 0.091810820675, 0.045090959045],
      [0.03938551864, 0.063025560686, 0.014080574028, 0.85598380213, 0.021364306452, 0.0061602380647],
      [0.16659135631, 0.036354947992, 0.050264980722, 0.106478592, 0.23193221219, 0.4083779108]
    ],
    [
      [0.00037448117211, 0.72089545668, 0.0032178030768, 0.011763806653, 0.01158544609, 0.25216300633],
      [0.012542410081, 0.0035969660767, 0.06831010636, 0.017091399611, 0.85165692241, 0.046802195456],
      [0.17322064317, 0.0053417636633, 0.65400378287, 0.0066474241485, 0.12663476788, 0.034151618276],
      [0.06110619315, 0.008756524405, 0, 0.90433501089, 0.024694500502, 0.0011077710514],
      [0.35908333445, 0.011999195611, 0.031127699036, 0.10619365622, 0.23720204587, 0.25439406881]
    ],
    [
      [0, 0.92256827698, 0, 0.0068387838813, 0.0096503120461, 0.06094262709],
      [0.0096812102869, 0.010050489013, 0.045849849722, 0.014834641694, 0.90314120298, 0.016442606306],
      [0.23373607839, 0.018883225135, 0.55274177469, 0.0054409439497, 0.17402684001, 0.01517113782],
      [0.030317369427, 0.052046742385, 0, 0.87563019871, 0.040345490309, 0.0016601991648],
      [0.37823307892, 0.031249571258, 0.029966802807, 0.11661707959, 0.32641474112, 0.11751872631]
    ],
    [
      [0.00013354836933, 0.77547051207, 0.0010552537424, 0.012189516662, 0.012353609329, 0.19879755983],
      [0.0077567848287, 0.0038214600539, 0.035961933745, 0.019858634841, 0.89544967849, 0.037151508042],
      [0.34593832196, 0.010109085673, 0.39366628979, 0.011668365205, 0.2147710002, 0.02384693718],
      [0.011732598438, 0.013048346459, 0, 0.95011695056, 0.025102104543, 0],
      [0.27065320743, 0.016730198472, 0.020805265093, 0.12913276711, 0.31277230194, 0.24990625996]
    ],
    [
      [0, 0.67582694275, 0, 0.01061572089, 0.014389756756, 0.29916757961],
      [0.0035926704102, 0.0030675662525, 0.031813456122, 0.011268598223, 0.90519949498, 0.04505821401],
      [0.21183669527, 0.0093063000329, 0.48931424421, 0.0075759289589, 0.2235215712, 0.058445260325],
      [0.0076641277111, 0.019794361322, 0, 0.92727768822, 0.042565631338, 0.0026981914128],
      [0.15365112793, 0.014701793671, 0.021615322804, 0.099114409433, 0.3447052625, 0.36621208366]
    ],
    [
      [0.00018238204414, 0.85448690622, 0.0036243383138, 0.013739400607, 0.012815902413, 0.1151510704],
      [0.012326947906, 0.0037918657544, 0.063069606172, 0.018424014732, 0.88346465874, 0.018922906695],
      [0.28264514739, 0.0063099382686, 0.56632983035, 0.0077546068494, 0.13696047715, 0],
      [0.047483988592, 0.0095138548415, 0, 0.92488919788, 0.018112958689, 0],
      [0.41632253729, 0.014699057869, 0.033885634591, 0.1327187589, 0.28039867038, 0.12197534097]
    ],
    [
      [0.0013862459529, 0.83039571333, 0.0050322244169, 0.0038676534914, 0.01200149807, 0.14731666473],
      [0.021735818969, 0.0053968252136, 0.091445194993, 0.0074487403793, 0.83902529196, 0.034948128484],
      [0.025280142644, 0.0067791126748, 0.82673414179, 0, 0.1181633553, 0.023043247597],
      [0.1413258552, 0.023082675879, 0.0072909251906, 0.7797651816, 0.042478809918, 0.0060565522119],
      [0.49451476967, 0.016813883179, 0.038645803362, 0.075509663749, 0.21898185287, 0.15553402716]
    ],
    [
      [0, 0.83515690947, 0.001665812363, 0.015070036789, 0.0029006819196, 0.14520655946],
      [0.010346151987, 0.0090115731868, 0.11053665359, 0.029807671499, 0.79465406017, 0.04564388957],
      [0.06265834615, 0.010882986259, 0.82817599227, 0.018457050426, 0.062091223054, 0.017734401845],
      [0.026469116268, 0.029503183513, 0, 0.94402770022, 0, 0],
      [0.3074927717, 0.027047340807, 0.051183184741, 0.14713084585, 0.22675073797, 0.24039511893]
    ],
    [
      [0.00020536216669, 0.81020508094, 0.0029307688281, 0.0073754332052, 0.0085790092069, 0.17070434565],
      [0.010556263718, 0.0079476375811, 0.091089414397, 0.016447047094, 0.82591415911, 0.048045478103],
      [0.034459439186, 0.012315671539, 0.81243907359, 0.0011236104008, 0.10969473334, 0.029967471944],
      [0.053339489329, 0.034285552431, 0, 0.88227910606, 0.026042263591, 0.0040535885924],
      [0.30583600719, 0.024793637201, 0.044902143242, 0.11319044084, 0.25447246212, 0.25680530941]
    ],
    [
      [0.00029823366641, 0.63355654967, 0.0032242213163, 0.010677235715, 0.0028959068873, 0.34934785275],
      [0.02523952373, 0.0078867055805, 0.16734240255, 0.035381827149, 0.6110750382, 0.1530745028],
      [0.14647334463, 0.0054494391564, 0.7767586785, 0.0095361379935, 0.017800797758, 0.043981601967],
      [0.055769243558, 0.01358147031, 0, 0.93064928613, 0, 0],
      [0.3513182434, 0.012588454543, 0.037611990019, 0.10377264466, 0.080500885925, 0.41420778146]
    ],
    [
      [0, 0.33333333333, 0.059539648578, 0.20377803735, 0.0156493616, 0.38769961914],
      [0.0025839181777, 0, 0.1581684546, 0.025175818209, 0.81407180901, 0],
      [0.0031944145647, 0, 0.92149018981, 0.007820595758, 0.067494799867, 0],
      [0, 0, 0, 0.98855022809, 0.01144977191, 0],
      [0.24357568771, 0, 0.086144505504, 0.16664893661, 0.29440558453, 0.20922528565]
    ],
    [
      [0.016020830481, 0, 0, 0.48598425241, 0.49799491711, 0],
      [0.0090236438948, 0, 0, 0.0050376107788, 0.98593874533, 0],
      [0.30691104024, 0, 0, 0.022944164167, 0.67014479559, 0],
      [0.16706313221, 0, 0, 0.83293686779, 0, 0],
      [0.75944472388, 0, 0, 0.075627673915, 0.16492760221, 0]
    ],
    [
      [4.837900676e-05, 0.82251785924, 0.0036996933185, 0.011962292877, 0.0073521960289, 0.15441957953],
      [0.0095140888768, 0.0064981995891, 0.1094861955, 0.025329862864, 0.80669366572, 0.042477987442],
      [0.14028953204, 0.0069194740943, 0.75580411701, 0.01008370685, 0.084567484792, 0.0023356852101],
      [0.019814200375, 0.015682543273, 0, 0.95761990849, 0.0068833478618, 0],
      [0.28562217639, 0.022738784188, 0.053685179379, 0.15931890464, 0.23930469946, 0.23933025593]
    ],
    [
      [0.0001100699003, 0.80551232748, 0.0028101858799, 0.010661259283, 0.0088720541426, 0.17203410331],
      [0.0094505576837, 0.0063844235892, 0.086358442613, 0.019727451864, 0.83385733593, 0.044221788316],
      [0.11859177259, 0.0088893152195, 0.72534721483, 0.006917285046, 0.11365945402, 0.026594958296],
      [0.036042633616, 0.022503287029, 0, 0.92247286579, 0.018981213561, 0],
      [0.28840842873, 0.022900228059, 0.04402660341, 0.1316942436, 0.2644303399, 0.2485401563]
    ],
    [
      [8.1835516047e-05, 0.68186623188, 0.0081187427318, 0.0098428021454, 0.0083986390106, 0.29169174872],
      [0.0073559195921, 0.0037657115637, 0.12965208141, 0.018827157061, 0.77116121277, 0.069237917601],
      [0.017207654213, 0.0032028072298, 0.88048622871, 0.0019141385706, 0.074123644158, 0.023065527121],
      [0.036583042676, 0.0087240474815, 0.024582218059, 0.91574374373, 0.014366948052, 0],
      [0.20971122013, 0.015252936472, 0.063005179144, 0.12363009012, 0.22462837393, 0.3637722002]
    ],
    [
      [4.4616763721e-05, 0.8017617127, 0.0029309351023, 0.0094061993157, 0.0074134612382, 0.17844307488],
      [0.0084466842102, 0.0075070959233, 0.098788750781, 0.020294938656, 0.81270264154, 0.052259888893],
      [0.060922812368, 0.010003986786, 0.79507425402, 0.0057262673956, 0.098798235782, 0.02947444365],
      [0.03405149746, 0.030407243292, 0, 0.91813603473, 0.016413806017, 0.00099141850279],
      [0.25292982986, 0.025688115345, 0.049503563341, 0.13289039239, 0.25234738221, 0.28664071686]
    ],
    [
      [4.3961990722e-05, 0.69625718803, 0.012629724195, 0, 0.0194075447, 0.27166158109],
      [0.005076379954, 0.0019593536114, 0.086585877015, 0.0059445265926, 0.85573358699, 0.044700275835],
      [0, 0, 0.83566353583, 0, 0.13414342829, 0.030193035872],
      [0.044942046274, 0.0048811609874, 0.048390068836, 0.83482438725, 0.064465134103, 0.0024972025479],
      [0.19364926534, 0.013394076904, 0.057386290541, 0.095222287245, 0.33145072572, 0.30889735426]
    ],
    [
      [7.5422330879e-05, 0.7673381817, 0.0043477866527, 0.0097676754493, 0.010239713946, 0.20823121992],
      [0.0069556699699, 0.0041897830837, 0.087685105555, 0.016813905257, 0.84054604384, 0.043809492299],
      [0.020660629803, 0.0056334827152, 0.8353502304, 0.0040399317849, 0.10791842553, 0.026397299767],
      [0.040917854138, 0.0165410724, 0, 0.91603434773, 0.026506725729, 0],
      [0.23845729355, 0.016714565689, 0.049364618188, 0.12509921253, 0.28322846174, 0.28713584831]
    ],
    [
      [0, 0.68628684137, 0.0081017216486, 0.0023682720701, 0.0085479767919, 0.29469518812],
      [0.0051258951732, 0.0066760205809, 0.11086364244, 0.0070911133074, 0.78954856269, 0.080694765813],
      [0, 6.736075352e-05, 0.86061952883, 0, 0.093507498601, 0.04580561181],
      [0.035073789466, 0.03122741066, 0.022224082349, 0.87929778601, 0.025184202822, 0.0069927286932],
      [0.1549286935, 0.019355955355, 0.053136504564, 0.10930140906, 0.23774775297, 0.42552968454]
    ],
    [
      [0, 0.81429232753, 0.0034470651677, 0.0078186724517, 0.0072068611471, 0.1672350737],
      [0.0053908520812, 0.0082916856948, 0.10114687925, 0.018737708688, 0.81655669102, 0.049876183267],
      [0.01446013296, 0.01150901602, 0.84577100141, 0.0031739319608, 0.097297003579, 0.027788914069],
      [0.026960144253, 0.037369041897, 0, 0.91660164357, 0.017696777575, 0.0013723927026],
      [0.18376528955, 0.029629420152, 0.056805222299, 0.14108968944, 0.28192419634, 0.30678618223]
    ],
    [
      [0.00012023560741, 0.69900637648, 0.0051824254423, 0.0038951493485, 0.0083603989405, 0.28343541418],
      [0.010866885875, 0.0060493050341, 0.094571971133, 0.013458813721, 0.80004053105, 0.075012493182],
      [0.011257484533, 0.0093419637218, 0.83633244807, 0, 0.097707450888, 0.045360652791],
      [0.069941594702, 0.030505968695, 0.012842998164, 0.84997697664, 0.027751010126, 0.0089814516766],
      [0.2864113651, 0.016803617804, 0.040585269475, 0.088383967992, 0.20490798154, 0.36290779809]
    ],
    [
      [0.00020828002991, 0.7165377966, 0.0058329805624, 0.007974941595, 0.0066395932255, 0.26280640799],
      [0.011609394943, 0.0066245084538, 0.13099980539, 0.019911169421, 0.75176036087, 0.079094760919],
      [0.014743421082, 0.0065297216041, 0.87094552381, 0.00053135513691, 0.071634803273, 0.035615175099],
      [0.056434366254, 0.021784468711, 0.015722580447, 0.88969769222, 0.012166091109, 0.0041948012593],
      [0.27718216698, 0.018746186648, 0.054505561256, 0.11172797774, 0.18903226586, 0.34880584151]
    ],
    [
      [0, 0.84955195241, 0.007611291021, 0.010012159016, 0.0083519734424, 0.12447262412],
      [0.0087896616079, 0.0054139241627, 0.13379778333, 0.019573205426, 0.80206505553, 0.030360369941],
      [0.017494726127, 0.0045042505031, 0.89374841364, 0.0022047559879, 0.075388496841, 0.006659356899],
      [0.042062066052, 0.013840085773, 0.025792421545, 0.90688043361, 0.011424993025, 0],
      [0.29715091393, 0.024053073825, 0.073128175124, 0.14704815969, 0.27151080116, 0.18710887627]
    ],
    [
      [9.3023000273e-05, 0.69788951755, 0.0048761571962, 0.0084740773807, 0.0056101424795, 0.28305708239],
      [0.0082702111457, 0.007036086498, 0.12693304884, 0.022251001706, 0.74348885526, 0.092020796544],
      [0.010652931859, 0.0076168703688, 0.86726608603, 0.002593621201, 0.06985256895, 0.042017921595],
      [0.037863856888, 0.023684398662, 0.0073847455274, 0.91865977854, 0.0093880724987, 0.0030191478851],
      [0.20324463857, 0.019932826631, 0.052703263006, 0.12218499272, 0.18656509982, 0.41536917926]
    ],
    [
      [0, 0.70917235498, 0.0063098499927, 0.0088841923455, 0.0060768367836, 0.2695567659],
      [0.0047311549951, 0.0064165172144, 0.12435386127, 0.020941799945, 0.76435210327, 0.079204563306],
      [0.0065955755396, 0.0067858191454, 0.8744615715, 0.0021438998454, 0.073716899167, 0.036296234805],
      [0.022512378064, 0.021465075556, 0.016684525878, 0.93147062788, 0.0078673926253, 0],
      [0.13831451642, 0.021361921914, 0.060040462139, 0.13620352042, 0.22625279369, 0.41782678542]
    ],
    [
      [0.00042578146726, 0.7835519656, 0.0029458795311, 0.0068152347767, 0.012996875322, 0.1932642633],
      [0.010642344289, 0.0053888580501, 0.076934364164, 0.012685444248, 0.85143791086, 0.04291107839],
      [0.038336731103, 0.0083451012143, 0.78700221023, 0, 0.13551298956, 0.030802967896],
      [0.0633942478, 0.024461462232, 0, 0.86203784977, 0.045351950135, 0.0047544900637],
      [0.31938455839, 0.019477923002, 0.040117342614, 0.10163035669, 0.27840898359, 0.24098083571]
    ],
    [
      [3.614507834e-05, 0.67801175856, 0.0054461078423, 0.0085780162899, 0.010587543577, 0.29734042865],
      [0.0042128761408, 0.0045540406005, 0.09651401934, 0.01586061802, 0.81158693729, 0.067271508612],
      [0.0069126419452, 0.0055925225761, 0.84273112203, 0, 0.10528221793, 0.039481495516],
      [0.025357200362, 0.017456373438, 0.011135523584, 0.91359496613, 0.030420822101, 0.0020351143832],
      [0.13609275094, 0.017793894768, 0.052731620516, 0.12223775369, 0.27412394669, 0.3970200334]
    ],
    [
      [0.00021617005327, 0.73971362502, 0.004560432299, 0.0092375007113, 0.011608253441, 0.23466401847],
      [0.010690221324, 0.0043455511944, 0.087068224524, 0.015536047505, 0.83289154648, 0.049468408975],
      [0.019037449085, 0.0056390306362, 0.82673131185, 0.0025441650121, 0.11496114561, 0.031086897808],
      [0.066204125085, 0.015403288678, 0.0014300467662, 0.88221702913, 0.033342877734, 0.0014026326094],
      [0.31276744788, 0.016345893142, 0.043096245419, 0.1049368212, 0.25392768965, 0.26892590271]
    ],
    [
      [0.00012907947677, 0.73026382188, 0.0038323387177, 0.011967827539, 0.010477561482, 0.24332937091],
      [0.0072172265319, 0.0043358304872, 0.091353368433, 0.020025160559, 0.82304305126, 0.054025362734],
      [0.039181232958, 0.0048381556433, 0.81058601809, 0.0084928384213, 0.10857130963, 0.028330445255],
      [0.032055653758, 0.01280679594, 0, 0.93160471385, 0.023532836451, 0],
      [0.22424537779, 0.017875412691, 0.048016444462, 0.12991946398, 0.26897321667, 0.3109700844]
    ],
    [
      [0, 0.82378159982, 0.0042422792173, 0.0055728868324, 0.0069871327232, 0.1594161014],
      [0.007571094735, 0.0086957003988, 0.1060600637, 0.017486111465, 0.80972757302, 0.050459456678],
      [0.0091411748884, 0.013643347667, 0.85579250879, 0, 0.093730790483, 0.027692178168],
      [0.040912860867, 0.043815967801, 0.0068173132549, 0.88492539115, 0.020285628474, 0.0032428384543],
      [0.23803663789, 0.030059880064, 0.055840336966, 0.12668468615, 0.26148255168, 0.28789590725]
    ],
    [
      [0, 0, 0.0040683802254, 0, 0, 0.99593161977],
      [0.029223646084, 0, 0.46600449747, 0.02956622455, -0, 0.4752056319],
      [0, 0, 0.99946109456, 0, 0, 0.00053890544113],
      [0.090909090909, 0, 0.090588229565, 0.81818181818, 0, 0.00032086134403],
      [0, 0, 0, 0, 0, 1]
    ],
    [
      [0, 0.64672681393, 0, 0.0065160057771, 0.0052235885636, 0.34153359173],
      [0.00049851726116, 0.00043491624275, 0.0026008740447, 0.0011982945275, 0.98765010277, 0.0076172951552],
      [0.33333333333, 0.046910986041, 0.33333333333, 0.0060809806908, 0.18687717542, 0.093464191183],
      [0, 0.055319990703, 0, 0.91111708847, 0.018194526934, 0.015368393892],
      [0.16786211905, 0.013449364026, 0.011317702513, 0.070608507261, 0.24162759282, 0.49513471433]
    ],
    [
      [0.00028030706964, 0.80883366082, 0.0051744594912, 0.0089112132474, 0.0083233184424, 0.16847704093],
      [0.014387834477, 0.0063604194456, 0.11348364353, 0.018453314472, 0.80275227714, 0.044562510927],
      [0.020580336783, 0.0070342230245, 0.85893647519, 0.0027461345685, 0.08806324171, 0.022639588727],
      [0.075144076904, 0.021541895794, 0.0076321223729, 0.87711563228, 0.016778789675, 0.0017874829773],
      [0.37609429517, 0.020351926861, 0.051258128516, 0.11223471577, 0.22341672917, 0.21664420452]
    ],
    [
      [0, 0.8478122689, 0.0039804423382, 0.017558141651, 0.0056991653403, 0.12494998178],
      [0.011689281201, 0.0059199192873, 0.13415839647, 0.040104615481, 0.77214437024, 0.035983417314],
      [0.15084487283, 0.025017611197, 0.6071399049, 0.21699761107, 0, 0],
      [0, 0, 0, 1, 0, 0],
      [0.4848363411, 0.018582070995, 0.056597431932, 0.22093109879, 0.1120280931, 0.10702496408]
    ],
    [
      [0, 0.85724499077, 0.0019123645794, 0.0085964012468, 0.0095621552211, 0.12268408819],
      [0.0046242758641, 0.007492735864, 0.0770046414, 0.01740168143, 0.86172044655, 0.031756218896],
      [0.047959647412, 0.013174136716, 0.77871515999, 0.0077815432049, 0.13072263005, 0.02164688263],
      [0.010457154099, 0.034827623724, 0, 0.92253735139, 0.03207792093, 9.9949860711e-05],
      [0.19025152489, 0.03116235351, 0.051204083984, 0.14432703133, 0.35030715875, 0.23274784753]
    ],
    [
      [0, 0.79735300185, 0.009637418855, 0.0067422893492, 0.0091974734285, 0.17706981652],
      [0.011004919154, 0.0039088093092, 0.12049329039, 0.012792095409, 0.81000464425, 0.041796241483],
      [0, 0, 0.89270734595, 0, 0.08688930711, 0.020403346945],
      [0.086892823069, 0.012510502573, 0.037369973611, 0.84246192073, 0.020555579943, 0.00020920007573],
      [0.33527366628, 0.018900871901, 0.058735636333, 0.1137474329, 0.24682370367, 0.22651868892]
    ],
    [
      [8.0139356082e-05, 0.72953982968, 0.0060878419322, 0.0068565604106, 0.011990894953, 0.24544473367],
      [0.0072482730061, 0.0042922726544, 0.093681922768, 0.011192022239, 0.83014295165, 0.053442557684],
      [0, 0, 0.84451975344, 0, 0.12142131522, 0.034058931336],
      [0.058476914219, 0.022190524517, 0.016327168366, 0.8631226079, 0.037124232772, 0.0027585522281],
      [0.2319764958, 0.017827016135, 0.051146942906, 0.10881405441, 0.2795668578, 0.31066863295]
    ],
    [
      [0, 0.69323811759, 0.048905142871, 0.006058449758, 0.0050757500652, 0.24672253971],
      [0.0057178587699, 0, 0.17838135448, 0.016685382914, 0.7298051677, 0.069410236134],
      [0, 0, 0.96319247298, 0, 0.036807527024, 0],
      [0.039793897469, 0, 0.099859803358, 0.78574616732, 0.011248537397, 0.063351594452],
      [0.17693963487, 0.020126954322, 0.084112171142, 0.13581847368, 0.21595187595, 0.36705089003]
    ],
    [
      [0.00030170483702, 0.69581363907, 0.003180930334, 0.010993273025, 0.010485455185, 0.27922499755],
      [0.0084849974067, 0.003681912087, 0.089894600367, 0.019639591081, 0.81398015323, 0.064318745826],
      [0.017336830658, 0.00110279696, 0.81980543031, 0.011377489767, 0.1111287568, 0.039248695506],
      [0.04231093901, 0.015847488807, 0, 0.91554599955, 0.02475356457, 0.0015420080632],
      [0.23934973685, 0.015897272031, 0.043806561981, 0.11654121319, 0.2437135173, 0.34069169865]
    ],
    [
      [0, 0.7893929469, 0.0082518505341, 0.0056498394303, 0.011785962008, 0.18491940113],
      [0.0047733386865, 0.0038219866255, 0.10756781431, 0.0061745061092, 0.83805087671, 0.039611477559],
      [0, 0, 0.88412704286, 0, 0.11587295714, 0],
      [0.042201550632, 0.02080562373, 0.036390059344, 0.83543862491, 0.034651417969, 0.030512723412],
      [0.20014315096, 0.021380007991, 0.06561408133, 0.12200466349, 0.32146658171, 0.26939151452]
    ],
    [
      [0.00041435706445, 0.7804106665, 0.0085479903874, 0.0046815770861, 0.0059499186748, 0.19999549028],
      [0.018895240639, 0.0071790405231, 0.13708569565, 0.016920972907, 0.75694470694, 0.062974343337],
      [0, 0.0025820280193, 0.90307449195, 0, 0.064072417037, 0.030271062996],
      [0.14381733787, 0.02722178026, 0.017379842374, 0.79430510081, 0.014707873569, 0.0025680651193],
      [0.41208810846, 0.018659474529, 0.054143314536, 0.09233892996, 0.17116407327, 0.25160609924]
    ],
    [
      [0.00027766357258, 0.74178166624, 0.0075013767532, 0.0060115487979, 0.0095058130286, 0.23492193161],
      [0.013625329183, 0.0048635913185, 0.11204977577, 0.011601025519, 0.800117874, 0.057742404211],
      [0.0051185564017, 0.0040960310256, 0.86480786611, 0, 0.093999652996, 0.031977893466],
      [0.088270818564, 0.018245386462, 0.02593334553, 0.8387351541, 0.025115215909, 0.0037000794324],
      [0.34781825631, 0.016594690682, 0.049188503109, 0.09647425063, 0.21748890808, 0.27243539118]
    ],
    [
      [0, 0.83409105402, 0.0069389699443, 0.01061338277, 0, 0.14835659326],
      [0, 0.0088668780567, 0.1314100027, 0.02818446718, 0.77902666802, 0.052511984043],
      [0, 0.038517382224, 0.91158021864, 0.01496131432, 0.010486665992, 0.024454418823],
      [0, 0.0052475865701, 0.015871606942, 0.97520187481, 0, 0.0036789316737],
      [0, 0.032679537097, 0.077202752785, 0.18581203274, 0.27373512923, 0.43057054815]
    ],
    [
      [0, 0.83214959704, 0.0035863498087, 0, 0.0041403348568, 0.1601237183],
      [0.0035663423125, 0.023799383799, 0.10018969179, 0, 0.8083506575, 0.064093924601],
      [0, 0.017255680436, 0.85205758529, 0, 0.088412509372, 0.042274224898],
      [0.041683133603, 0.14305956653, 0.0025261871706, 0.78686587869, 0.021159655415, 0.0047055785957],
      [0.17736118722, 0.043826092197, 0.053721214265, 0.096342947136, 0.25842968093, 0.37031887825]
    ],
    [
      [0, 0.72051123486, 0.0068485558425, 0.007434869736, 0.013946577125, 0.25125876244],
      [0.0046050523656, 0.0029556810632, 0.090964673158, 0.012852036834, 0.83814533249, 0.050477224094],
      [0.0079563159242, 0.001324483497, 0.84301216575, 0, 0.12310652602, 0.024600508806],
      [0.029684688771, 0.011568481225, 0.013454499815, 0.90103791403, 0.041210303893, 0.0030441122633],
      [0.16746523162, 0.016487906314, 0.055890695435, 0.12127736127, 0.31145343297, 0.32742537238]
    ],
    [
      [2.3518870754e-05, 0.87668290738, 0.0018822943962, 0.0037409079959, 0.0028857575846, 0.11478461378],
      [0.0062405857152, 0.0053604365409, 0.10937158307, 0.018255746863, 0.80170700004, 0.05906464777],
      [0.028040076713, 0.0056195873528, 0.88967914619, 0.0031924774387, 0.066554544006, 0.0069141682952],
      [0.032592801725, 0.020898890674, 0.0077103048907, 0.92530103301, 0.013496969702, 0],
      [0.1925975462, 0.018005206562, 0.051964270748, 0.11554409464, 0.20169603451, 0.42019284734]
    ],
    [
      [0, 0.87747747772, 0, 0.0098786219744, 0, 0.11264390031],
      [0, 0.065195132391, 0, 0.027541046403, 0.83648850369, 0.070775317512],
      [0, 0.3194649664, 0.5, 0.026713904998, 0.081755748153, 0.072065380446],
      [0, 0.018952835568, 0, 0.96247659812, 0, 0.01857056631],
      [0, 0.045398678141, 0.026123783364, 0.12619777501, 0.24012906481, 0.56215069867]
    ],
    [
      [0.0001193248804, 0.68762538796, 0.0048797154881, 0.0089298395561, 0.0081896642174, 0.2902560679],
      [0.0066567165634, 0.0053426243371, 0.10633140935, 0.018683089967, 0.78717484366, 0.075811316125],
      [0.0099862664412, 0.0061366812356, 0.85156578182, 0.0027746877244, 0.08929845807, 0.04023812471],
      [0.035971382195, 0.018865837701, 0.0058510972871, 0.91730742898, 0.01912360022, 0.0028806536165],
      [0.18748464596, 0.017913494599, 0.050814301826, 0.11974255512, 0.22940318418, 0.39464181832]
    ],
    [
      [0.019691080678, 0.66193308851, 0.029370460018, 0, 0.035320653837, 0.25368471696],
      [0.0050590388287, 0, 0.052034722271, 0, 0.9150166974, 0.027889541505],
      [0, 0, 0.7774986495, 0, 0.19418726142, 0.028314089078],
      [0.091338666231, 0, 0.02551952115, 0.75068374598, 0.12535051585, 0.007107550788],
      [0.30446376969, 0.00710036724, 0.038155116194, 0.057542841645, 0.36649710271, 0.22624080252]
    ],
    [
      [3.8767404051e-05, 0.74927675587, 0.0020257980383, 0.0056117356149, 0.0045327490154, 0.23851419406],
      [0.0078539733439, 0.0066417481104, 0.081916141162, 0.023681349557, 0.77782035305, 0.10208643478],
      [0.12576367789, 0.0090233204588, 0.69597798266, 0.010972037009, 0.096599102123, 0.061663879858],
      [0.016288333452, 0.023616067813, 0, 0.94780218599, 0.010010456251, 0.0022829564992],
      [0.18201176289, 0.017969547331, 0.031776751758, 0.10543892123, 0.18081697057, 0.48198604621]
    ],
    [
      [0, 0, 0, 0, 0, 1],
      [0, 0, 0, 0, 0.73335987784, 0.26664012216],
      [0.10633894113, 0, 0, 0, 0.22935419968, 0.66430685919],
      [0.89366105887, 0, 0, 0, 0.037285922476, 0.069053018658],
      [0.40977439754, -0, -0, -0, 0, 0.59022560246]
    ],
    [
      [9.1039752187e-05, 0.80308035359, 0.0044977540728, 0.0095296195547, 0.010103092641, 0.17269814039],
      [0.009339196922, 0.0058654334578, 0.096539871827, 0.017685292226, 0.82926062089, 0.041309584681],
      [0.015425794113, 0.0073720864535, 0.84175252575, 0.0035424702625, 0.10777422624, 0.024132897175],
      [0.052476249304, 0.021861428602, 0.0012186252177, 0.89811543, 0.025694136329, 0.00063413054931],
      [0.29135698319, 0.022041197256, 0.051265113845, 0.12472382445, 0.27513166938, 0.23548121187]
    ],
    [
      [4.0815076911e-06, 0.77829966725, 0.0055242607106, 0.0031513318259, 0.0069428218132, 0.20607783689],
      [0.0094132152759, 0.0088967752196, 0.10990716792, 0.015933091509, 0.79294771124, 0.062902038827],
      [0.0073366122196, 0.014282492933, 0.85399883934, 0, 0.08975819253, 0.034623862979],
      [0.052813189868, 0.041960536539, 0.0091877841645, 0.87065809412, 0.0187707505, 0.0066096448068],
      [0.26205356095, 0.025735891415, 0.052222987453, 0.11252541208, 0.23127356431, 0.31618858379]
    ],
    [
      [0, 0.79262101295, 0.0073130794255, 0.0075169865269, 0.0092659497592, 0.18328297134],
      [0.0062644118224, 0.0060806661826, 0.10939663054, 0.017042087225, 0.81527145389, 0.045944750341],
      [0.0098128169969, 0.0069148313134, 0.86476781343, 0, 0.09580635075, 0.022698187515],
      [0.033864666017, 0.022477625518, 0.017818784186, 0.90315096861, 0.022687955665, 0],
      [0.21301367302, 0.024171216108, 0.062136864761, 0.13530682614, 0.28620110794, 0.27917031202]
    ],
    [
      [0, 0.85584444279, 0, 0.0019490712537, 0.0031071781103, 0.13909930784],
      [0.0100363296, 0.01477845874, 0.10965685951, 0.02264331177, 0.77251074314, 0.070374297241],
      [0.13775221559, 0.025157999439, 0.71818482956, 0.00051447831988, 0.081603071728, 0.036787405366],
      [0.016789447095, 0.090773386983, 0, 0.87684686032, 0.0079844908761, 0.0076058147219],
      [0.25634354263, 0.04085167723, 0.046165786501, 0.13016385137, 0.19896647435, 0.32750866792]
    ]
  ],
  "expected_outcome": [
    [
      [0.0035205641875, 0, 3.4493241596e-14, 0, 0, 0, 0, 0, 0, 0.011978742402, 6.1904246643e-05, 0, 0.23162269304, 0.00049185516653, 0.05251175463, 0.62873761466, 0.0011186066434, 0.0025150551084, 3.0020683524e-05, 0.0014979246885, 0, 0.0005341934773, 0, 0.00036476408829, 0.031883656917, 0, 0.0057501406673, 0.0011929346656, 0, 0, 0.0002418950338, 0.0031920271088, 0.0012275327407, 0.0015169699665, 0.00083527782372, 7.5422330879e-05, 0, 0, 0.0013225916815, 0.0058318408374, 0, 0.0015813910046, 0, 0.020011728961, 0.0013012228202, 0.0047557411718, 0.00400146378, 0, 0, 0, 0.0081289050195, 0, 0, 0, 0.0024843200385, 0, 0.0054306870664, 0, 0.008287141289, 0.0074969164597, 0, 0, 0, 0, 0, 0.0020285229668, 0.11814648407, 0, 0, 0.043243882289, 0.00041631378449, 0, 0],
