{
  "Z_true": {},
  "V_true": [
    [29, 132, 1321, 598],
    [1971, 2575, 654, 123],
    [631, 7530, 960, 196],
    [302, 558, 15571, 380],
    [274, 1182, 1047, 389],
    [242, 418, 447, 337]
  ],
  "p_true": [
    [0.0139, 0.0635, 0.6351, 0.2875],
    [0.3703, 0.4837, 0.1229, 0.0231],
    [0.0677, 0.8082, 0.103, 0.021],
    [0.018, 0.0332, 0.9262, 0.0226],
    [0.0947, 0.4087, 0.362, 0.1345],
    [0.1676, 0.2895, 0.3096, 0.2334]
  ],
  "Z_est": [
    [
      [0.3518, 0.0206, 0.0065, 0.0152, 0.0093, 0.0037, 0.0072, 0.0187, 0.0128, 0.0187, 0.0258, 0.0317, 0.0074, 0.0178, 0.0132, 0.0243, 0.0085, 0.0094, 0.0226, 0.0083, 0.0065, 0.0195, 0.0072, 0.0187, 0.007, 0.0113, 0.0069, 0.0156, 0.005, 0.0007, 0.1654, 0.0246, 0.0458, 0.0217],
      [1.0602, 8.056, 9.7514, 11.3033, 3.262, 5.7429, 6.4652, 7.1265, 6.9012, 10.2763, 10.1011, 3.9333, 3.535, 10.0814, 7.4749, 13.6352, 13.1927, 11.9538, 28.1888, 7.8166, 9.9275, 18.8226, 10.9467, 20.4071, 9.5752, 8.0159, 3.8554, 10.7891, 2.2145, 0.1093, 134.5345, 9.4583, 19.3091, 2.3061],
      [2.8146, 14.5173, 21.9972, 25.1743, 4.1554, 19.7292, 22.0423, 5.4983, 5.9267, 19.1698, 11.835, 16.4191, 2.8578, 15.7308, 11.9459, 19.2875, 40.7424, 23.9421, 50.341, 15.7953, 19.4905, 34.3193, 30.5139, 39.5748, 16.5658, 6.947, 7.67, 18.6199, 4.9696, 0.2199, 322.6959, 10.5067, 24.1425, 1.9794],
      [2.7735, 14.4062, 17.2449, 17.5072, 5.5734, 14.5242, 13.4853, 12.3565, 12.1593, 16.5352, 14.0382, 15.616, 5.5998, 13.17, 12.566, 26.053, 15.0563, 23.0947, 35.4477, 14.3798, 15.5755, 27.8386, 18.5321, 38.9994, 15.8519, 14.0258, 5.4677, 15.5755, 4.8109, 0.6701, 233.6041, 16.0104, 37.5026, 4.6929]
    ],
    [
      [4.1794, 86.6561, 24.5374, 61.6699, 37.9488, 14.0395, 30.3352, 76.1966, 56.4067, 82.2899, 110.5571, 138.2094, 34.5654, 84.5294, 50.3217, 105.6096, 35.4889, 37.3744, 90.3385, 35.0777, 25.9118, 78.7686, 31.6122, 70.6929, 30.6166, 43.7933, 32.0262, 67.4799, 23.2058, 2.6079, 742.9012, 108.1732, 186.8812, 101.0731],
      [1.3926, 49.9923, 17.0751, 37.6962, 22.5302, 5.4623, 18.7448, 46.7806, 42.1979, 53.9451, 68.0963, 103.1234, 26.2556, 68.1445, 18.9757, 82.277, 28.7661, 21.5792, 50.8171, 24.6653, 26.9265, 47.5285, 26.0829, 26.8159, 27.2898, 20.2839, 23.2179, 51.8733, 23.6927, 1.5862, 571.0466, 77.9815, 108.164, 82.8268],
      [0.4132, 23.9531, 3.2761, 7.3691, 6.3553, 1.4463, 6.7814, 9.6937, 14.1158, 27.3591, 32.822, 29.9941, 13.9934, 34.8608, 7.5121, 18.6012, 14.745, 4.4077, 10.4683, 5.0961, 3.9256, 9.3663, 6.1465, 7.2314, 4.9377, 4.752, 14.5826, 26.6468, 9.7912, 0.4363, 210.271, 28.3133, 32.1431, 31.5655],
      [0.0148, 0.3984, 0.1114, 0.2648, 0.1658, 0.052, 0.1386, 0.3291, 0.2796, 0.4058, 0.5246, 0.6731, 0.1856, 0.4652, 0.1905, 0.5123, 0, 0.6387, 0.3761, 0.1609, 0.2361, 0.3366, 0.1584, 0.2598, 0.1559, 0.1708, 0.1732, 0, 0.3103, 0.3696, 3.7813, 0.532, 0.8117, 0.5345]
    ],
    [
      [1.4256, 10.6598, 0.0378, 4.8618, 0.7502, 0.6451, 0.967, 2.5408, 1.7115, 3.3161, 2.7689, 3.427, 0.8344, 1.5295, 7.1807, 0.1413, 0.0496, 0.055, 3.9561, 1.6906, 0.0378, 1.829, 0.0421, 5.0558, 0.041, 2.4249, 0.0399, 0.0906, 0.2682, 0.0043, 26.0615, 2.3051, 21.1334, 1.0408],
      [11.87, 144.8945, 134.8291, 221.7843, 61.1942, 50.2246, 69.3156, 207.6074, 153.8757, 173.905, 233.6127, 286.0743, 81.1396, 212.5514, 175.4026, 576.2978, 126.3892, 241.5171, 309.2274, 127.0573, 154.627, 416.7969, 147.3503, 429.0702, 211.288, 206.3509, 70.9679, 229.0462, 19.8381, 4.7955, 2210.5096, 190.3939, 407.2593, 81.2169],
      [0.9049, 4.4226, 7.7657, 16.2872, 1.7638, 1.5795, 13.0086, 14.9619, 4.4226, 5.0281, 6.6339, 11.5913, 2.3166, 5.9494, 9.4289, 2.3944, 6.8794, 17.5947, 39.4762, 17.6969, 4.4671, 25.4748, 14.4164, 19.7329, 31.3604, 8.7168, 1.9744, 19.1883, 0.6055, 0.2981, 63.5748, 5.4756, 34.1999, 2.3166],
      [1.7995, 8.0232, 8.3674, 7.0667, 3.2918, 7.5507, 5.7088, 8.8899, 7.9901, 8.7508, 8.9845, 10.9074, 3.7094, 5.9697, 8.9877, 23.1665, 4.6818, 15.8332, 15.3403, 11.5553, 7.8682, 10.8993, 8.1913, 22.1411, 10.3106, 9.5074, 2.0178, 5.6749, 2.2883, 0.9021, 114.8541, 9.8253, 23.4075, 3.4257]
    ],
    [
      [0.3012, 3.0218, 0.005, 4.8985, 6.6746, 0.0975, 2.0757, 6.4782, 0.0099, 2.0147, 11.1428, 10.2634, 0.0058, 0.0138, 0.5577, 1.1225, 0.0066, 0.0074, 9.1051, 1.9032, 0.005, 0.0151, 0.0056, 5, 0.0055, 2.9046, 0.0053, 0.0121, 0.0039, 0.0006, 5.3936, 4.5735, 4.8678, 7.9843],
      [1.4551, 2.5626, 11.8078, 5.7579, 7.9841, 6.8574, 1.1981, 6.6228, 13.6027, 2.9842, 8.8743, 4.3842, 3.5777, 12.4514, 1.2262, 29.505, 6.3721, 6.7626, 4.9144, 1.9968, 12.4242, 23.4103, 2.3407, 12.4616, 3.9064, 8.6457, 5.9447, 7.5107, 0.5769, 0.0887, 115.0365, 5.989, 6.6783, 2.0634],
      [54.0114, 375.6576, 449.4011, 459.3436, 93.64, 245.3605, 299.8381, 242.1345, 242.5612, 339.4272, 331.8536, 322.1873, 94.7726, 332.5347, 105.5994, 215.9565, 611.6212, 509.3112, 880.9804, 287.4269, 302.7607, 746.5746, 433.412, 684.6835, 290.398, 249.1435, 168.05, 398.4772, 83.5158, 13.6008, 5078.7714, 412.8931, 674.7928, 239.7548],
      [1.2322, 2.758, 2.786, 0, 1.7013, 5.6846, 2.8881, 1.7645, 5.8261, 1.5739, 0.1293, 0.1651, 1.644, 0, 0.6167, 1.416, 0, 3.9189, 0, 1.673, 1.81, 0, 0.2417, 11.8549, 1.6901, 2.3062, 0, 0, 1.9035, 0.3099, 26.7986, 2.5444, 16.6611, 0.1976]
    ],
    [
      [0, 0, 0, 0, 0, 0, 0, 0, 0, 0, 0, 0, 0, 0, 0, 0, 0, 0, 0, 0, 0, 0, 0, 0, 0, 0, 0, 0, 0, 0, 0, 0, 0, 0],
      [0.6001, 17.0431, 16.329, 23.0932, 7.1513, 7.8225, 8.3249, 19.9233, 14.6417, 18.0477, 21.3273, 21.8601, 8.809, 20.7221, 11.255, 38.1233, 14.1089, 23.5893, 33.6444, 12.8263, 16.7164, 46.441, 17.2849, 43.5845, 28.1045, 25.496, 6.8066, 26.4145, 3.7753, 0.7018, 248.3325, 22.5428, 38.5641, 10.7817],
      [0.6138, 35.3418, 41.3024, 49.6254, 11.8987, 23.381, 17.8728, 32.4616, 16.4816, 29.457, 23.7146, 36.4585, 15.7282, 26.7372, 15.5497, 38.8895, 27.783, 49.0596, 73.9893, 23.8645, 33.8929, 76.8415, 43.3709, 102.3899, 42.5977, 67.3156, 6.9969, 65.0995, 7.1643, 1.5657, 505.4348, 43.0386, 52.0221, 10.2044],
      [0.786, 7.6151, 8.3686, 9.2815, 2.95, 5.7965, 4.8023, 7.6151, 5.8767, 7.4953, 6.9581, 8.6814, 3.4628, 6.5407, 5.1953, 12.9872, 6.1081, 11.3511, 15.3663, 6.3093, 7.3907, 15.7175, 8.3442, 21.0256, 9.2977, 11.1885, 2.1965, 8.486, 2.0604, 0.7325, 109.2327, 9.4186, 17.4138, 3.014]
    ],
    [
      [1.7421, 10.6417, 10.4133, 10.5546, 4.6171, 5.2141, 5.6149, 15.7657, 10.8591, 13.3605, 14.5055, 19.0685, 4.5871, 9.9094, 12.9267, 24.1023, 10.4463, 13.5538, 18.5776, 6.3201, 9.0389, 24.3678, 7.3329, 20.2325, 7.3299, 11.8658, 4.9217, 16.4018, 3.5172, 1.3864, 118.4783, 17.9235, 34.0719, 6.8802],
      [0.622, 8.4515, 7.2076, 11.3652, 3.8782, 2.8903, 3.9514, 10.9394, 8.7808, 9.8418, 12.9882, 20.6247, 4.6831, 11.0492, 14.6655, 26.1618, 7.171, 11.598, 16.2079, 5.6378, 8.3783, 21.0007, 6.9944, 19.6609, 6.8361, 10.2077, 4.2075, 12.3663, 1.9025, 0.7185, 118.5404, 11.6345, 22.0251, 6.8051],
      [1.242, 3.1076, 4.2574, 0.2005, 1.1869, 1.5035, 1.4567, 8.25, 3.492, 5.5588, 4.1409, 2.3498, 0.3314, 0.1871, 0.964, 1.8709, 5.229, 2.6848, 3.7449, 0.1203, 1.4632, 8.4235, 0.1403, 0.3876, 0.1403, 3.1251, 1.7261, 7.9683, 1.9537, 0.8792, 2.252, 9.7727, 16.6996, 1.1793],
      [1.394, 7.7991, 8.1218, 7.8798, 3.3178, 5.392, 4.977, 10.0449, 7.8682, 9.2389, 9.3653, 11.957, 3.3984, 6.8543, 8.4438, 16.865, 7.1537, 11.1634, 14.4696, 5.9219, 7.1196, 16.208, 6.5323, 17.719, 6.6937, 8.8014, 3.1448, 10.2636, 2.6266, 1.0159, 97.7293, 11.6692, 24.2033, 4.1354]
    ]
  ],
  "V_est": [
    [0.9893, 440.129, 888.137, 750.7447],
    [2742.0756, 1903.8338, 663.3731, 13.7176],
    [108.9234, 8378.2805, 421.9079, 407.8882],
    [90.4826, 347.9747, 16270.4474, 102.0953],
    [0, 874.7889, 1648.1448, 369.0662],
    [506.5291, 449.9931, 107.9899, 379.4879]
  ],
  "p_est": [
    [0.0005, 0.2116, 0.427, 0.3609],
    [0.5151, 0.3577, 0.1246, 0.0026],
    [0.0117, 0.8992, 0.0453, 0.0438],
    [0.0054, 0.0207, 0.9678, 0.0061],
    [0, 0.3025, 0.5699, 0.1276],
    [0.3508, 0.3116, 0.0748, 0.2628]
  ],
  "EI_Z": {},
  "EI_V": 10.4077,
  "MAE_Z": {},
  "MAE_V": 328.4245,
  "MAE_p": 0.0805,
  "runtime": 1.058
}
