{
  "Z_true": {},
  "V_true": [
    [557, 20, 326, 291, 27],
    [16, 890, 89, 2114, 94],
    [31, 241, 88, 11187, 216],
    [388, 348, 9544, 3463, 323],
    [62, 77, 166, 964, 495],
    [40, 106, 333, 618, 278]
  ],
  "p_true": [
    [0.4562, 0.0164, 0.267, 0.2383, 0.0221],
    [0.005, 0.2779, 0.0278, 0.66, 0.0293],
    [0.0026, 0.0205, 0.0075, 0.951, 0.0184],
    [0.0276, 0.0247, 0.6785, 0.2462, 0.023],
    [0.0351, 0.0437, 0.0941, 0.5465, 0.2806],
    [0.0291, 0.0771, 0.2422, 0.4495, 0.2022]
  ],
  "Z_est": {},
  "V_est": [
    [657.8645, 0, 0, 563.1355, 0],
    [157.4889, 1640.7524, 473.0116, 536.8675, 394.8796],
    [0, 0, 0, 11712.7044, 50.2956],
    [217.992, 41.2476, 9208.4121, 4598.3483, 0],
    [50.6977, 0, 864.5762, 0, 848.7261],
    [9.957, 0, 0, 1225.9443, 139.0987]
  ],
  "p_est": [
    [0.5388, 0, 0, 0.4612, 0],
    [0.0492, 0.5123, 0.1477, 0.1676, 0.1233],
    [0, 0, 0, 0.9957, 0.0043],
    [0.0155, 0.0029, 0.6547, 0.3269, 0],
    [0.0287, 0, 0.4901, 0, 0.4811],
    [0.0072, 0, 0, 0.8916, 0.1012]
  ],
  "EI_Z": {},
  "EI_V": 15.7865,
  "MAE_Z": {},
  "MAE_V": 351.4288,
  "MAE_p": 0.1308,
  "runtime": 0.0288
}
