{
  "Z_true": {},
  "V_true": [
    [14, 607, 53, 1567, 46],
    [284, 932, 173, 14292, 390],
    [229, 256, 10135, 1193, 362],
    [939, 41, 282, 789, 109],
    [63, 182, 316, 598, 379]
  ],
  "p_true": [
    [0.0061, 0.2654, 0.0232, 0.6852, 0.0201],
    [0.0177, 0.058, 0.0108, 0.8893, 0.0243],
    [0.0188, 0.021, 0.8324, 0.098, 0.0297],
    [0.4347, 0.019, 0.1306, 0.3653, 0.0505],
    [0.041, 0.1183, 0.2055, 0.3888, 0.2464]
  ],
  "Z_est": {},
  "V_est": [
    [0, 1009.2406, 0, 1277.7594, 0],
    [0, 174.9801, 0, 15506.1482, 389.8717],
    [46.5748, 75.8977, 10959, 906.5802, 186.9474],
    [1288.9638, 0, 0, 748.5123, 122.524],
    [193.4614, 757.8816, 0, 0, 586.657]
  ],
  "p_est": [
    [0, 0.4413, 0, 0.5587, 0],
    [0, 0.0109, 0, 0.9649, 0.0243],
    [0.0038, 0.0062, 0.9001, 0.0745, 0.0154],
    [0.5967, 0, 0, 0.3465, 0.0567],
    [0.1258, 0.4928, 0, 0, 0.3814]
  ],
  "EI_Z": {},
  "EI_V": 10.8611,
  "MAE_Z": {},
  "MAE_V": 297.4301,
  "MAE_p": 0.0865,
  "runtime": 0.0229
}
