{
  "X": [
    [0, 0, 1, 8, 16, 0],
    [1, 2, 2, 3, 17, 0],
    [1, 3, 2, 11, 37, 1],
    [14, 20, 21, 28, 213, 7],
    [3, 1, 3, 3, 48, 2],
    [5, 12, 17, 48, 88, 4],
    [6, 4, 7, 11, 94, 4],
    [16, 12, 18, 68, 421, 14],
    [2, 0, 1, 10, 20, 0],
    [5, 10, 15, 30, 149, 7],
    [9, 4, 10, 57, 198, 2],
    [8, 9, 9, 27, 217, 1],
    [15, 19, 31, 120, 332, 3],
    [5, 6, 8, 37, 255, 5],
    [12, 23, 22, 157, 141, 9],
    [8, 12, 17, 126, 118, 7],
    [25, 54, 34, 347, 275, 13],
    [11, 20, 15, 136, 98, 6],
    [4, 20, 17, 153, 130, 9],
    [6, 19, 6, 124, 62, 10],
    [9, 21, 18, 79, 184, 8],
    [6, 8, 8, 15, 197, 1],
    [10, 3, 3, 17, 113, 2],
    [8, 1, 7, 10, 149, 1],
    [17, 4, 9, 35, 173, 2],
    [12, 5, 11, 48, 167, 6],
    [11, 7, 7, 33, 176, 2],
    [26, 38, 26, 152, 489, 23],
    [43, 67, 47, 349, 1080, 45],
    [26, 100, 36, 307, 848, 38],
    [18, 29, 41, 177, 610, 15],
    [2, 7, 5, 17, 66, 2],
    [5, 4, 7, 23, 62, 1],
    [43, 45, 38, 347, 753, 15],
    [1, 3, 2, 17, 22, 2],
    [63, 75, 45, 405, 870, 31],
    [29, 25, 37, 186, 406, 19],
    [11, 4, 12, 44, 163, 5],
    [4, 1, 1, 11, 66, 1],
    [26, 14, 36, 83, 403, 10],
    [26, 61, 65, 332, 338, 26],
    [2, 14, 5, 71, 39, 2],
    [12, 37, 32, 256, 190, 18],
    [6, 8, 2, 19, 75, 3],
    [6, 4, 7, 19, 135, 4],
    [23, 17, 34, 76, 284, 10],
    [10, 10, 3, 24, 172, 10],
    [39, 27, 20, 85, 335, 6],
    [8, 14, 17, 69, 77, 2],
    [29, 21, 25, 71, 386, 4],
    [6, 10, 8, 51, 43, 3],
    [14, 4, 13, 62, 313, 3],
    [2, 2, 13, 7, 26, 0],
    [7, 6, 1, 23, 65, 2],
    [5, 2, 5, 14, 62, 2],
    [0, 0, 0, 5, 18, 0],
    [15, 5, 10, 39, 164, 4],
    [19, 20, 47, 173, 921, 14],
    [8, 6, 1, 26, 97, 3],
    [13, 37, 17, 78, 234, 12],
    [11, 10, 32, 87, 320, 4],
    [4, 2, 1, 7, 72, 0],
    [36, 31, 35, 144, 490, 11],
    [5, 6, 4, 26, 69, 4],
    [5, 4, 10, 23, 108, 0],
    [8, 7, 11, 23, 102, 5],
    [10, 10, 6, 34, 161, 6],
    [6, 1, 12, 28, 76, 0],
    [3, 1, 5, 9, 36, 4],
    [6, 6, 9, 21, 196, 5],
    [0, 1, 0, 3, 6, 0],
    [4, 16, 1, 19, 74, 6],
    [4, 0, 3, 14, 53, 3],
    [0, 2, 3, 10, 63, 1],
    [4, 3, 2, 17, 91, 4],
    [13, 5, 16, 32, 224, 4],
    [6, 1, 4, 14, 119, 2],
    [1, 0, 6, 17, 45, 1],
    [8, 6, 21, 45, 97, 6],
    [4, 0, 7, 20, 60, 1],
    [5, 3, 8, 45, 168, 4],
    [3, 18, 6, 117, 180, 11],
    [62, 106, 86, 498, 1682, 41],
    [7, 15, 20, 108, 238, 12],
    [92, 80, 181, 506, 1311, 45],
    [6, 3, 18, 46, 181, 4]
  ],
  "W": [
    [0, 3, 7, 14, 1, 0],
    [0, 0, 5, 13, 5, 2],
    [2, 3, 7, 39, 2, 2],
    [16, 13, 32, 207, 20, 15],
    [7, 2, 4, 41, 0, 6],
    [17, 17, 43, 74, 11, 12],
    [17, 1, 13, 78, 9, 8],
    [51, 12, 67, 370, 19, 30],
    [1, 4, 5, 21, 1, 1],
    [14, 6, 32, 138, 16, 10],
    [19, 18, 50, 178, 10, 5],
    [19, 6, 24, 195, 17, 10],
    [33, 15, 122, 307, 17, 26],
    [17, 10, 30, 232, 9, 18],
    [20, 14, 155, 126, 29, 20],
    [7, 7, 130, 110, 9, 25],
    [18, 22, 346, 269, 59, 34],
    [11, 3, 137, 87, 33, 15],
    [12, 6, 154, 117, 33, 11],
    [8, 8, 114, 61, 16, 20],
    [13, 20, 72, 180, 26, 8],
    [18, 7, 17, 178, 6, 9],
    [14, 1, 14, 111, 1, 7],
    [8, 3, 13, 140, 4, 8],
    [18, 12, 33, 166, 6, 5],
    [20, 13, 45, 157, 6, 8],
    [19, 3, 33, 158, 13, 10],
    [37, 29, 163, 448, 44, 33],
    [78, 44, 359, 983, 102, 65],
    [72, 40, 303, 737, 141, 62],
    [57, 51, 159, 565, 33, 25],
    [8, 3, 15, 59, 10, 4],
    [5, 1, 25, 56, 9, 6],
    [90, 26, 341, 677, 57, 50],
    [2, 1, 19, 21, 2, 2],
    [108, 49, 367, 794, 97, 74],
    [47, 37, 155, 382, 42, 39],
    [18, 12, 43, 146, 7, 13],
    [14, 2, 9, 53, 2, 4],
    [53, 26, 90, 364, 27, 12],
    [24, 24, 354, 334, 57, 55],
    [5, 5, 69, 32, 13, 9],
    [29, 17, 263, 160, 35, 41],
    [7, 4, 21, 71, 7, 3],
    [19, 7, 16, 117, 7, 9],
    [44, 22, 85, 251, 25, 17],
    [18, 4, 24, 167, 8, 8],
    [50, 16, 85, 311, 31, 19],
    [13, 13, 72, 63, 15, 11],
    [57, 18, 60, 349, 34, 18],
    [10, 7, 54, 38, 10, 2],
    [29, 11, 57, 286, 7, 19],
    [5, 4, 10, 23, 2, 6],
    [18, 2, 18, 51, 10, 5],
    [8, 7, 9, 54, 3, 9],
    [4, 0, 4, 12, 1, 2],
    [23, 6, 30, 153, 8, 17],
    [74, 62, 162, 824, 39, 33],
    [13, 5, 20, 94, 6, 3],
    [28, 9, 89, 213, 34, 18],
    [34, 41, 77, 292, 9, 11],
    [13, 0, 10, 62, 1, 0],
    [70, 19, 168, 434, 28, 28],
    [13, 7, 25, 57, 5, 7],
    [3, 9, 23, 106, 6, 3],
    [15, 18, 20, 89, 6, 8],
    [21, 4, 29, 146, 10, 17],
    [7, 15, 25, 68, 1, 7],
    [5, 6, 10, 31, 3, 3],
    [35, 10, 23, 163, 7, 5],
    [2, 0, 2, 4, 1, 1],
    [3, 0, 18, 71, 20, 8],
    [11, 8, 8, 45, 0, 5],
    [10, 2, 11, 52, 3, 1],
    [12, 1, 12, 81, 9, 6],
    [26, 10, 39, 209, 3, 7],
    [27, 3, 15, 94, 4, 3],
    [4, 6, 7, 44, 7, 2],
    [11, 13, 50, 89, 2, 18],
    [5, 9, 14, 57, 3, 4],
    [6, 6, 44, 165, 2, 10],
    [3, 9, 121, 169, 20, 13],
    [114, 79, 514, 1554, 121, 93],
    [23, 22, 96, 220, 20, 19],
    [127, 148, 485, 1226, 91, 138],
    [12, 24, 36, 171, 4, 11]
  ],
  "method": "mvn_pdf",
  "cond_prob": [
    [
      [0.095419240716, 0.0027395344574, 0.01268991772, 0.022243546252, 0.86609468727, 0.00081307358351],
      [0, 0, 0.2437445615, 0.2551221356, 0.5011333029, 0],
      [0, 0, 0.021011916703, 0.96824712264, 0.01074096066, 0],
      [0, 0, 0.0012128922487, 0.017556016572, 0.98123109118, 0],
      [0, 0, 0.1047024071, 0.21111950271, 0.68417809018, 0],
      [0.00082585151878, 0.0075530708184, 0.18181577305, 0.35707994198, 0.44909979451, 0.0036255681232]
    ],
    [
      [0.021335013692, 0.00097328486293, 0.0080354597564, 0.0014019589969, 0.96818850468, 6.5778007392e-05],
      [0.013591036823, 0.0011162383782, 0.59418333176, 0.019753936528, 0.37067670491, 0.00067875160285],
      [0.097854449304, 0.11116569429, 0.11266283576, 0.57354246947, 0.10477455117, 0],
      [0.00092578265213, 0.042482436617, 0.020786269007, 0, 0.93580551172, 0],
      [0.044960638572, 0.17166167246, 0.058403244577, 0.014656730422, 0.71031771397, 0],
      [0.13694469307, 0.016795745127, 0.43722405061, 0.029502000257, 0.37953351094, 0]
    ],
    [
      [0.34580698084, 0.074685321112, 0.049538664935, 0.19902137635, 0.32876371308, 0.0021839436763],
      [0.011170790448, 0.015636849627, 0.33026501873, 0.60955326028, 0.029870150815, 0.0035039300951],
      [0.0015631065261, 0.082890804124, 0.0077069517067, 0.89926636587, 0.0050554922158, 0.003517279555],
      [0.0044089217767, 0.0088594485768, 0.012877991978, 0.027583170427, 0.92713146697, 0.019139000269],
      [0.0035558934829, 0.847048409, 0.0085716598657, 0.12277942079, 0.0091167814831, 0.0089278353804],
      [0.042436092514, 0.091933933767, 0.16839697255, 0.57856520855, 0.020556450503, 0.098111342109]
    ],
    [
      [0.50812573217, 0.018387519924, 0.057266447788, 0.017766172175, 0.39675412456, 0.0017000033829],
      [0.051518578122, 0.0081938833718, 0.74096136837, 0.10364283565, 0.089986639958, 0.0056966945321],
      [0.032103453606, 0.17584258387, 0.085687552059, 0.67581148602, 0.010736272861, 0.019818651585],
      [0, 0, 0, 0.0091552990794, 0.97823522688, 0.012609474037],
      [0.055354311309, 0.66289857517, 0.071102126698, 0.067759515867, 0.087457361056, 0.0554281099],
      [0.20439000188, 0.047623000687, 0.41914632312, 0.099471973485, 0.059647184657, 0.16972151618]
    ],
    [
      [0.21683634886, 0.0051236946949, 0.019691839795, 0, 0.75664159947, 0.0017065171769],
      [0.046752072905, 0.0041966364553, 0.50830846113, 0.092189240778, 0.34056417625, 0.0079894124846],
      [0.018026706188, 0.14672886208, 0.064948530101, 0.70390537961, 0.038418086358, 0.027972435657],
      [0, 0, 0.0017638538089, 0, 0.99048683839, 0.0077493078047],
      [0.036730334268, 0.58333422899, 0.032309465642, 0.048952410778, 0.2408791573, 0.057794403021],
      [0.21942243123, 0.061470902648, 0.2522380121, 0, 0.20979128865, 0.25707736536]
    ],
    [
      [0.20662735028, 0.021044653578, 0.063255703931, 0.056960426178, 0.6496890395, 0.0024228265376],
      [0.018683513763, 0.0081373652289, 0.58114251057, 0.26223210238, 0.12371387994, 0.0060906281182],
      [0, 0.098694990645, 0.029879174991, 0.85324466423, 0.0068654240247, 0.011315746109],
      [0, 0, 0, 0.013024865444, 0.97705302512, 0.0099221094411],
      [0.019006477841, 0.60677965754, 0.052971115504, 0.15954695475, 0.11162923044, 0.050066563923],
      [0.080053671256, 0.0487870708, 0.34814529653, 0.26377915896, 0.085590978592, 0.17364382386]
    ],
    [
      [0.2339134051, 0.01820231811, 0.029402771945, 0, 0.71611788648, 0.0023636183588],
      [0.026929461467, 0.0020273939888, 0.71801820104, 0.072170537841, 0.17483812138, 0.0060162842816],
      [0.040717647979, 0.073014602576, 0.093271331666, 0.73028135395, 0.030906675881, 0.031808387953],
      [0, 0, 0, 0, 0.99038098434, 0.0096190156629],
      [0.055674845188, 0.29286940127, 0.11777475715, 0.089918969543, 0.32766571947, 0.11609630738],
      [0.12076745267, 0.012939844152, 0.43870431873, 0.078112641873, 0.13133284606, 0.21814289652]
    ],
    [
      [0.20162303304, 0.005235262895, 0.022323998323, 0.018364884579, 0.75094739846, 0.0015054226945],
      [0.036455565718, 0.0040271826829, 0.47087112991, 0.1860790733, 0.2927729463, 0.0097941020859],
      [0.0086843834546, 0.066786854325, 0.033892708562, 0.84185541533, 0.024621299437, 0.024159338895],
      [0, 0.00074968872564, 0.0015785032517, 0.0026885616776, 0.98972007362, 0.0052631727217],
      [0.044317940465, 0.3329544311, 0.053212803193, 0.13698522267, 0.32166786457, 0.110861738],
      [0.12852879886, 0.020214571367, 0.2448373863, 0.16095473762, 0.1743554531, 0.27110905275]
    ],
    [
      [0.93184980036, 0, 0.0040624059514, 0.029433112721, 0.034654680971, 0],
      [0.07177555314, 0, 0.14780970453, 0.74920642336, 0.031208318974, 0],
      [0.0080520879863, 0, 0.0055416702656, 0.97940683532, 0.0069994064292, 0],
      [0.0069030228042, 0, 0.013922633003, 0.038620906266, 0.94055343793, 0],
      [0.23823083901, 0, 0.020064695961, 0.70385940104, 0.037845063984, 0],
      [0.35759322925, 0, 0.064550435576, 0.56180858463, 0.016047750545, 0]
    ],
    [
      [0.23735181295, 0.0097468262165, 0.090456604361, 0.025191803616, 0.63447953412, 0.0027734187325],
      [0.01553455203, 0.0028810725271, 0.7914869848, 0.093969909372, 0.089720788368, 0.0064066929044],
      [0.011157627561, 0.099329544162, 0.051179160735, 0.79602627089, 0.014085866059, 0.02822153059],
      [0, 0, 0, 0.0046065600622, 0.98320738855, 0.012186051383],
      [0.032837737034, 0.40556690158, 0.14195345012, 0.1207724302, 0.17239389326, 0.1264755878],
      [0.070141943197, 0.017864215927, 0.50756972847, 0.10425904528, 0.068729216546, 0.23143585059]
    ],
    [
      [0.28896065468, 0.0033019476898, 0.017895061741, 0.02791966568, 0.66131948273, 0.00060318747875],
      [0.051903966355, 0.0025917425257, 0.39472885952, 0.28661416166, 0.26000371724, 0.00415755269],
      [0.017373695367, 0.021390025377, 0.019166435293, 0.92009584466, 0.014849305987, 0.0071246933176],
      [0, 0, 0, 0.009095025753, 0.98868819259, 0.0022167816565],
      [0.070305605049, 0.27415007599, 0.049098509883, 0.23462027615, 0.31867586423, 0.053149668692],
      [0.20074706956, 0.015921919927, 0.2211134984, 0.26811237274, 0.16782813901, 0.12627700036]
    ],
    [
      [0.2349658097, 0.0056176472782, 0.023799645679, 0.018330437883, 0.71728645946, 0],
      [0.0401760172, 0.0041461554229, 0.50764131314, 0.17983517376, 0.26559719611, 0.002604144359],
      [0.011253757385, 0.075375205851, 0.035832849622, 0.85477864774, 0.022759539405, 0],
      [0, 0.00057138617983, 0.0021083874665, 0.0034139351827, 0.99390629117, 0],
      [0.074218206013, 0.39374202024, 0.060643253075, 0.14568853561, 0.32205898404, 0.0036490010246],
      [0.1762793833, 0.025434817969, 0.31998996041, 0.19156006259, 0.19450156408, 0.092234211643]
    ],
    [
      [0.28033218403, 0.01083639709, 0.060079015115, 0.035025522489, 0.61348314182, 0.00024373945778],
      [0.025901203027, 0.0043553964064, 0.66568296226, 0.17926552923, 0.12262059494, 0.0021743141292],
      [0.012252403516, 0.078078695339, 0.044278550237, 0.8528043742, 0.011527959707, 0.0010580169955],
      [0, 0.00090523377677, 0, 0.012277926411, 0.98681683981, 0],
      [0.041560978711, 0.47208649401, 0.098335549545, 0.17480379216, 0.17801257867, 0.035200606897],
      [0.12150730825, 0.028772690418, 0.45994079215, 0.20661743429, 0.097321255834, 0.085840519048]
    ],
    [
      [0.14545303131, 0.0054991799868, 0.01428018154, 0.023152602484, 0.81074728432, 0.0008677203666],
      [0.029485965547, 0.0048065349957, 0.34575839169, 0.26358980922, 0.35033140315, 0.0060278953968],
      [0, 0.06615026032, 0.014928695617, 0.88680048306, 0.021231017857, 0.010889543145],
      [0, 7.65175992e-05, 0, 0.0056932705814, 0.99097457747, 0.0032556343477],
      [0.031658084864, 0.36252443153, 0.034242222195, 0.17135739981, 0.34014301549, 0.060074846101],
      [0.10819533603, 0.032970489659, 0.19686734048, 0.25019098892, 0.22831458259, 0.18346126233]
    ],
    [
      [0.33593483628, 0.012157121683, 0.049804545006, 0.053223599662, 0.54693973859, 0.0019401587786],
      [0.031648812972, 0.005034033121, 0.56129558829, 0.28388371674, 0.11195467585, 0.0061831730196],
      [0.0066277785715, 0.057353649156, 0.029020233311, 0.89059804443, 0.0046089967311, 0.011791297797],
      [0.0010062767594, 0.0013277557524, 0.0017621822312, 0.014952034637, 0.97156217248, 0.0093895781436],
      [0.042107996694, 0.45085210538, 0.069166733379, 0.22836509793, 0.13432335044, 0.07518471618],
      [0.12314957192, 0.027727860136, 0.32098822357, 0.27059574405, 0.073361718908, 0.18417688142]
    ],
    [
      [0.32849093629, 0.0089846980538, 0.040745419327, 0.039499141642, 0.58091956978, 0.0013602349062],
      [0.036952865915, 0.0044817923119, 0.55789244631, 0.25387562712, 0.14133990907, 0.0054573592711],
      [0.0088937105664, 0.0568196844, 0.030795175165, 0.88364809394, 0.0086689256496, 0.011174410281],
      [0.0014433727437, 0.00081050484855, 0.00095761282351, 0.0094528472142, 0.98082185652, 0.0065138058511],
      [0.05072049968, 0.42235830933, 0.070457533017, 0.21173944864, 0.17570897516, 0.069015234171],
      [0.14681822048, 0.025151811128, 0.32266827846, 0.24506624701, 0.093817532802, 0.16647791012]
    ],
    [
      [0.51528675576, 0.013316508872, 0.040235326959, 0.053411486805, 0.37648191154, 0.00126801006],
      [0.056277893013, 0.0064249724924, 0.51573793287, 0.32626848208, 0.090199564327, 0.0050911552124],
      [0.0095879862823, 0.064832182651, 0.024650450695, 0.89309443241, 0.00065374320709, 0.0071812047585],
      [0.0012523379747, 0.0032694490692, 0.0024142149644, 0.023607020185, 0.96111957093, 0.0083374068761],
      [0.065981571323, 0.49491837294, 0.056996210195, 0.23154007433, 0.095029471033, 0.055534300171],
      [0.20410264332, 0.032569189555, 0.27612568895, 0.28937824128, 0.054848136943, 0.14297609994]
    ],
    [
      [0.41295531146, 0.0080754451098, 0.04595936649, 0.041698807186, 0.49012082238, 0.0011902473808],
      [0.042667268753, 0.0037459219213, 0.58957537071, 0.24802072636, 0.11157010148, 0.0044206107733],
      [0.010518291611, 0.047348247224, 0.033896362503, 0.89223070317, 0.0068391990784, 0.0091671964188],
      [0.0010399219201, 0, 0.0014750382676, 0.013901524829, 0.97727422131, 0.0063092936778],
      [0.066528363254, 0.39668884467, 0.083487053717, 0.23278898008, 0.15687491465, 0.063631843635],
      [0.17350497484, 0.021499372949, 0.34656787278, 0.24467837371, 0.07581739591, 0.13793200981]
    ],
    [
      [0.2123443692, 0.01032605135, 0.064002321387, 0.056558157664, 0.65436426066, 0.002404839738],
      [0.016544311664, 0.0035280391192, 0.61284947822, 0.25016532831, 0.11039732149, 0.0065155211962],
      [0, 0.044485232441, 0.034874183894, 0.89802522462, 0.0080689153565, 0.014546443683],
      [0, 0, 0, 0.014283732595, 0.97539840773, 0.010317859679],
      [0.018146146596, 0.38705293671, 0.0943346825, 0.24433275719, 0.15979198915, 0.096341487854],
      [0.068525351087, 0.02104058561, 0.37010967562, 0.25365889499, 0.077080239318, 0.20958525337]
    ],
    [
      [0.37672777735, 0.029859153825, 0.033301671234, 0.11606587803, 0.43995080026, 0.0040947193036],
      [0.03015597416, 0.01108260093, 0.33080883022, 0.539318642, 0.076876564386, 0.011757388305],
      [0.00033057130374, 0.072441981221, 0, 0.91351283709, 0, 0.01371461039],
      [0.0054027275928, 0.0068917449706, 0, 0.042488722506, 0.92229862344, 0.022918181487],
      [0.02322541745, 0.56608736566, 0.022443707795, 0.25221810466, 0.052534394586, 0.083491009852],
      [0.10030358984, 0.046814290451, 0.13640083318, 0.39945793323, 0.03823073697, 0.27879261632]
    ],
    [
      [0.40753071457, 0.018027006133, 0.049376126283, 0.05489184185, 0.46758504208, 0.0025892690812],
      [0.037353219211, 0.0075025748312, 0.55924019801, 0.29211935063, 0.09499509928, 0.0087895580331],
      [0.0071767868438, 0.079594541266, 0.026726097485, 0.86803715172, 0.004156902915, 0.014308519766],
      [0.0020227250495, 0.0030265846813, 0.0031263297689, 0.01712822965, 0.96062803109, 0.014068099762],
      [0.039624985989, 0.54027159514, 0.054450678465, 0.18728414975, 0.090821890811, 0.087546699838],
      [0.13049594112, 0.036617967014, 0.28382129759, 0.24910936107, 0.055972587555, 0.24398284565]
    ],
    [
      [0.20338003708, 0, 0.024756626158, 0.023238626374, 0.74862471038, 0],
      [0.038235387986, 0.011657312647, 0.50603025399, 0.1379009549, 0.30303601329, 0.0031400771818],
      [0.020696062813, 0.19039086087, 0.063600114292, 0.69784720228, 0.027465759742, 0],
      [0, 0, 0, 0.00071688263915, 0.99928311736, 0],
      [0.026474592947, 0.67329963684, 0.030954927555, 0.058509187445, 0.18996573102, 0.020795924191],
      [0.17342566568, 0.071328483951, 0.30502638254, 0.14159281864, 0.21382176979, 0.094804879398]
    ],
    [
      [0.55986945852, 0.045714100091, 0.024805422561, 0.039023912136, 0.32940610477, 0.0011810019223],
      [0.076423939162, 0.0097573927314, 0.475566799, 0.33500553269, 0.098710022153, 0.0045363142627],
      [0.010193963214, 0.092191934152, 0.016330296867, 0.87068931225, 0.004426528486, 0.0061679650321],
      [0, 0.00031492002814, 0.003242576034, 0.016549746312, 0.97084133961, 0.0090514180151],
      [0.052158176404, 0.68673391343, 0.027046255241, 0.14453757694, 0.061017714922, 0.028506363054],
      [0.27007571144, 0.048266870187, 0.22308013343, 0.27820712976, 0.057603814373, 0.12276634081]
    ],
    [
      [0.46504444919, 0.00095255789306, 0.021001224918, 0.0047055029281, 0.50805912717, 0.00023713790399],
      [0.097026762772, 0.00093032593828, 0.61746915014, 0.061603825698, 0.22063533092, 0.0023346045305],
      [0, 0.030577297078, 0.14859521848, 0.69230512358, 0.11462424315, 0.013898117713],
      [0, 0, 0, 0, 0.99951116013, 0.00048883986586],
      [0.20526355248, 0.13782962066, 0.10573711569, 0.079216859824, 0.42589476047, 0.046058090881],
      [0.39593873853, 0.0050956517964, 0.3281120559, 0.057588806705, 0.14354554605, 0.06971920102]
    ],
    [
      [0.6062424064, 0.0028861730391, 0.016301858652, 0.11104957862, 0.26293452273, 0.00058546054835],
      [0.17534903919, 0.0033174069168, 0.46237846503, 0.20165909958, 0.15334242902, 0.0039535602647],
      [0, 0.060780994835, 0.057609580558, 0.85967619113, 0.012921344272, 0.009011889209],
      [0, 0, 0, 0.0032680278402, 0.9910845004, 0.0056474717629],
      [0.2381170847, 0.30655226714, 0.055808411389, 0.16459191939, 0.18653080247, 0.048399514913],
      [0.51094914127, 0.012630713975, 0.18441166744, 0.13636798896, 0.072290640176, 0.083349848188]
    ],
    [
      [0.43819241333, 0.0066954843238, 0.030131861303, 0.03209488993, 0.49073474881, 0.002150602309],
      [0.059347565619, 0.0041471904628, 0.51904365554, 0.25789446874, 0.14822857292, 0.011338546722],
      [0.01167547356, 0.050537053134, 0.027034801899, 0.88076251497, 0.0092765375702, 0.020713618871],
      [2.4247468017e-06, 0.0012803712613, 0.0014205356868, 0.010384410558, 0.97585480488, 0.011057452871],
      [0.07463355802, 0.36535112281, 0.058884623837, 0.19664012963, 0.16829060154, 0.13619996417],
      [0.18638187961, 0.018110552704, 0.23211216508, 0.19512096237, 0.077742676305, 0.29053176394]
    ],
    [
      [0.34227691218, 0.0043183120915, 0.020390433626, 0.015667584183, 0.6170670981, 0.00027965981416],
      [0.065166039094, 0.0035712432239, 0.49420413385, 0.17562052723, 0.25793931677, 0.0034987398352],
      [0.016798349354, 0.062701788928, 0.035563069022, 0.85377171929, 0.022480059935, 0.0086850134696],
      [0, 0.0014247878712, 0.0025425250432, 0.0027236780571, 0.99301700539, 0.00029200363654],
      [0.089338671468, 0.33962683663, 0.060020090326, 0.14579208538, 0.32045792805, 0.044764388143],
      [0.25854922935, 0.019781394614, 0.27744079507, 0.16753493392, 0.16974252913, 0.10695111791]
    ],
    [
      [0.33290540692, 0.0085884669355, 0.019481599167, 0.019705162483, 0.61756064442, 0.0017587200785],
      [0.064795146441, 0.0072039628237, 0.4415221708, 0.21159863455, 0.26146149542, 0.013418589963],
      [0.015268699203, 0.10014929994, 0.02725028086, 0.81035290515, 0.019129558415, 0.027849256426],
      [0.00094786290678, 0.00091124083933, 0.00012267476672, 0.0063198620246, 0.98570743451, 0.0059909249562],
      [0.059886354125, 0.44891942413, 0.038280491859, 0.11845811841, 0.21811889339, 0.11633671809],
      [0.18954547162, 0.029948040997, 0.19072552, 0.1516233227, 0.12895735757, 0.30920028711]
    ],
    [
      [0.25980691018, 0.006581661364, 0.019813314987, 0.022210325071, 0.68993770454, 0.0016500838591],
      [0.048845882509, 0.005260105969, 0.42602476006, 0.22755021068, 0.28064581858, 0.011673222198],
      [0.011677913951, 0.071172979741, 0.0256171378, 0.84811004065, 0.019661177503, 0.023760750358],
      [0.0009893115055, 0.0012078937233, 0, 0.0063211680545, 0.98616378415, 0.0053178425619],
      [0.052126261069, 0.37224670739, 0.042928278843, 0.14688751696, 0.27008744286, 0.11572379288],
      [0.15544768044, 0.023808651396, 0.20206515502, 0.17827147469, 0.15123325089, 0.28917378757]
    ],
    [
      [0.17962743902, 0.010108266451, 0.017114861346, 0.025571286252, 0.76602052299, 0.0015576239328],
      [0.03388042801, 0.0081025508546, 0.37417391388, 0.2612146145, 0.3125816921, 0.010046800654],
      [0.0015065176349, 0.098958557764, 0.012585147528, 0.84948919474, 0.019280871644, 0.018179710692],
      [0, 0, 0, 0.0057360184354, 0.98848532519, 0.0057786563721],
      [0.029427487475, 0.47198840368, 0.03055555124, 0.1390905053, 0.24752573561, 0.081412316696],
      [0.11461059181, 0.038924110641, 0.18837324197, 0.21735241887, 0.17881188976, 0.26192774694]
    ],
    [
      [0.23147109819, 0.013383655943, 0.037958611837, 0.046171367452, 0.66910510359, 0.001910162988],
      [0.026433854236, 0.0062299575372, 0.50205074928, 0.29198042518, 0.16575901324, 0.0075460005146],
      [0, 0.072458331684, 0.024647873354, 0.88061776703, 0.0096012445253, 0.01267478341],
      [0, 3.7543445931e-07, 0.0010803371418, 0.010978054966, 0.98002360627, 0.007917626191],
      [0.029788874774, 0.47192564345, 0.053054539715, 0.19883869047, 0.16822553943, 0.07816671216],
      [0.098999518783, 0.032990827395, 0.27806275011, 0.26778910289, 0.10463684794, 0.21752095288]
    ],
    [
      [0.18985889628, 0.014188841541, 0.047746435502, 0.039538445293, 0.70661915219, 0.002048229186],
      [0.016919854951, 0.0058538015685, 0.62081488601, 0.21699847921, 0.13455939306, 0.0048535852035],
      [0, 0.081082848362, 0.035173948516, 0.86462480717, 0.0085015451991, 0.01061685075],
      [0, 0, 0.00011871005024, 0.0083638108012, 0.98143657611, 0.010080903039],
      [0.012761371907, 0.55021498193, 0.069565803145, 0.16233845344, 0.15070339034, 0.054415999232],
      [0.075688886451, 0.037633829553, 0.38132817645, 0.23661888019, 0.10101338286, 0.16771684451]
    ],
    [
      [0.42072675868, 0.0034304126248, 0.049002480645, 0.014685466013, 0.51182511643, 0.00032976560809],
      [0.039437599501, 0.0015190179889, 0.76339011331, 0.084769185365, 0.10922490707, 0.0016591767634],
      [0.025803231458, 0.050009387243, 0.058405075058, 0.83805839553, 0.020138018639, 0.0075858920756],
      [0, 0.0025266306264, 0, 5.7492436408e-05, 0.99651388131, 0.00090199562608],
      [0.1072440375, 0.28056170753, 0.15694067362, 0.13999488378, 0.27372132915, 0.041537368423],
      [0.2077752472, 0.01075792583, 0.51983409074, 0.10452834432, 0.093321621506, 0.063782770406]
    ],
    [
      [0.29755331214, 0.0078462899875, 0.026422598857, 0.035130389791, 0.63228018307, 0.00076722614738],
      [0.044432154767, 0.0050269621112, 0.45391725344, 0.28729613321, 0.20446889533, 0.004858601149],
      [0.0086701888353, 0.056758279491, 0.022889095696, 0.89164076737, 0.012202489872, 0.0078391787396],
      [0.00085699883493, 0.00033328859068, 0.00028071764509, 0.0101589322, 0.98569795668, 0.0026721060461],
      [0.053653057555, 0.40725157368, 0.051664623426, 0.2099755923, 0.22282399223, 0.054631160811],
      [0.16940037997, 0.027391670088, 0.25760013001, 0.26945715846, 0.13198117934, 0.14416948214]
    ],
    [
      [0.27477283083, 0.015444547848, 0.041718213566, 0.040283479401, 0.62374649453, 0.0040344338179],
      [0.019891624367, 0.0064648086123, 0.63445389607, 0.23040871493, 0.095507121076, 0.01327383494],
      [0.012387513126, 0.086756193999, 0.030284583512, 0.84463471156, 0.0008933081764, 0.025043689625],
      [0.0015600735611, 0.0065484296627, 0.007160656564, 0, 0.96961029436, 0.015120545852],
      [0.020269602097, 0.56001139249, 0.044523248131, 0.14718580302, 0.088366384044, 0.13964357022],
      [0.060949607799, 0.02836930091, 0.23364115298, 0.17329660028, 0.050739042426, 0.4530042956]
    ],
    [
      [0.36083938465, 0.011845591795, 0.024576899038, 0.046564846777, 0.55462794042, 0.0015453373207],
      [0.05107616253, 0.0071453205702, 0.40272520104, 0.36151608006, 0.17017641549, 0.0073608203125],
      [0.010378257263, 0.066353564479, 0.010718415698, 0.89371271017, 0.0084879374399, 0.010349114952],
      [0, 0.00072783400979, 0, 0.013686150514, 0.97806925024, 0.007516765238],
      [0.050884607434, 0.47316451379, 0.037674802919, 0.2178034628, 0.15297804901, 0.067494564043],
      [0.17272955618, 0.034377556395, 0.20302764336, 0.30095141343, 0.097575805291, 0.19133802534]
    ],
    [
      [0.38840199384, 0.010203789218, 0.041359138149, 0.060097664333, 0.49775330371, 0.0021841107557],
      [0.039911899009, 0.0044936276748, 0.49175207976, 0.34461175879, 0.11127248821, 0.0079581465618],
      [0.0067862078778, 0.043490255283, 0.021730103782, 0.91033144463, 0.0059869183725, 0.011675070058],
      [0.0015489478638, 0.00021185334113, 0.0025862192261, 0.016881800376, 0.96739176211, 0.011379417081],
      [0.05138940585, 0.39625653489, 0.059631871953, 0.26843151541, 0.12938479979, 0.094905872111],
      [0.14016540194, 0.02280681211, 0.25642700265, 0.29744690752, 0.066223733249, 0.21693014254]
    ],
    [
      [0.33957231896, 0.0033748362354, 0.023024093935, 0.018794651207, 0.61390838424, 0.0013257154302],
      [0.059727428863, 0.002676032139, 0.50142447623, 0.19243223884, 0.23674894402, 0.0069908799182],
      [0.017299040811, 0.041251160709, 0.036522537271, 0.8688958381, 0.018934977993, 0.017096445121],
      [0, 0, 0.00091657609067, 0.0042270422295, 0.98814207827, 0.0067143034057],
      [0.086218874509, 0.27859221314, 0.06572864216, 0.16816303056, 0.30912514552, 0.092172094112],
      [0.21719832585, 0.014091935359, 0.2618525298, 0.16889992267, 0.14321832732, 0.194738959]
    ],
    [
      [0.19984355763, 0.0081245585342, 0, 0.019650558223, 0.77107360562, 0.001307719991],
      [0.047511455153, 0.0029587310201, 0.25405258025, 0.29518686196, 0.39576992467, 0.0045204469447],
      [0.017727733041, 0.03041222704, 0, 0.92638659549, 0.018372745514, 0.0071006989179],
      [0, 0.0004900713988, 0, 0.0056689030001, 0.98907972275, 0.0047613028531],
      [0.054350753752, 0.25862843948, 0.025331884816, 0.20419732241, 0.40979531027, 0.047696289281],
      [0.20972904449, 0.015849503008, 0.11030776747, 0.27204814944, 0.25181475905, 0.14025077655]
    ],
    [
      [0.35595055241, 0.004609133236, 0.054046535547, 0.017869890141, 0.56594832161, 0.0015755670514],
      [0.038580097463, 0.0021690817751, 0.71259444383, 0.10742892139, 0.13374366342, 0.0054837921318],
      [0.022601233476, 0.060580397097, 0.063304033702, 0.81195764534, 0.019206208091, 0.022350482295],
      [0, 0, 0, 0.0033939651675, 0.98883906344, 0.007766971394],
      [0.079455999835, 0.29970515525, 0.13433716517, 0.13392896751, 0.24882993535, 0.10374277688],
      [0.16267626497, 0.012920406824, 0.44030096532, 0.11100586185, 0.095251469285, 0.17784503175]
    ],
    [
      [0.44884361018, 0.015877723743, 0.084444315722, 0.047366395149, 0.4010965037, 0.0023714515077],
      [0.03217463326, 0.0050162896905, 0.70743306754, 0.18706631163, 0.062274536618, 0.0060351612618],
      [0.011149194394, 0.081887388487, 0.047653018975, 0.84345331114, 0.00043323967662, 0.015423847325],
      [0.0015533629704, 0.0038973787032, 0, 0.022679671063, 0.95656227218, 0.01530731508],
      [0.049576737634, 0.50253539702, 0.10144784374, 0.17465192246, 0.086217525129, 0.085570574023],
      [0.13025545573, 0.028439382478, 0.42442267257, 0.1865631487, 0.042173279001, 0.18814606153]
    ],
    [
      [0.19363872913, 0.01963738309, 0.026640685625, 0.061725442304, 0.69744939111, 0.0009083687456],
      [0.021937894816, 0.010182772925, 0.38403188112, 0.41137932168, 0.16824503485, 0.0042230946061],
      [0, 0.081457443023, 0.0088787757035, 0.89693525237, 0.0092039156603, 0.003524613242],
      [0, 0.00031636876027, 0, 0.015421444923, 0.98126371333, 0.0029984729897],
      [0.010792432006, 0.59361924121, 0.028262750726, 0.20796876235, 0.1261969359, 0.033159877807],
      [0.08686836269, 0.05590685725, 0.21850954259, 0.39431817983, 0.11060652182, 0.13379053582]
    ],
    [
      [0.23308744477, 0.013382927595, 0.043368299847, 0.047852613832, 0.66008863316, 0.0022200807937],
      [0.024433287699, 0.0061009234457, 0.53161456592, 0.27972678284, 0.15010601284, 0.0080184272647],
      [0.00035437703326, 0.070770679881, 0.028236615865, 0.87655539214, 0.0092681704172, 0.014814764665],
      [0, 0, 0.0011615557681, 0.011954764886, 0.97794953791, 0.0089341414387],
      [0.028192180154, 0.47346121855, 0.058023454867, 0.19695182688, 0.15754090174, 0.085830417808],
      [0.091345627941, 0.032301169346, 0.29419443581, 0.25650669356, 0.094688804249, 0.2309632691]
    ],
    [
      [0.5546802142, 0.01237772804, 0.0096816802764, 0.016474768601, 0.40479781438, 0.0019877945042],
      [0.13102190349, 0.015390475395, 0.35304783418, 0.25299885285, 0.23276928658, 0.014771647507],
      [0.0081865634553, 0.14809358898, 0.0040109371419, 0.80277538623, 0.012782289724, 0.024151234468],
      [0, 0, 0, 0.00049380483447, 0.98507726571, 0.01442892946],
      [0.067102791491, 0.65533443331, 0.015443839736, 0.08039106879, 0.10825114301, 0.073476723659],
      [0.3171711712, 0.051495866768, 0.10923344774, 0.13886682429, 0.089555400893, 0.29367728911]
    ],
    [
      [0.21301850493, 0.0056751564512, 0.02271993559, 0.021619875076, 0.73530890388, 0.0016576240716],
      [0.035414627673, 0.0041177270132, 0.47760152475, 0.21163207263, 0.26306445516, 0.0081695927702],
      [0.0083095281967, 0.05858562307, 0.028453406114, 0.86872713544, 0.018458274978, 0.017466032199],
      [0.00077409953174, 0.0016610200473, 0.0011464535621, 0.0034133513833, 0.98620085321, 0.0068042222652],
      [0.043362793805, 0.36277541867, 0.051941122121, 0.15687758907, 0.29170182245, 0.093341253887],
      [0.13085381774, 0.021356743664, 0.25245923679, 0.19007316253, 0.16277051753, 0.24248652176]
    ],
    [
      [0.35901569307, 0.0066013208298, 0.055181308787, 0.018036235737, 0.55938137486, 0.0017840667211],
      [0.03799871956, 0.0030495232758, 0.71715379856, 0.10705317966, 0.12892402261, 0.0058207563361],
      [0.022299743404, 0.08417906944, 0.06216002394, 0.78965318247, 0.018409196358, 0.023298784383],
      [0, 0, 0, 0.0033142224702, 0.98800444491, 0.0086813326245],
      [0.071087680185, 0.36775177687, 0.12244506101, 0.12145299629, 0.21804967306, 0.099212812582],
      [0.15850985181, 0.017261002783, 0.43823001676, 0.10956002456, 0.090926577677, 0.18551252641]
    ],
    [
      [0.43269803444, 0.025036166724, 0.019322638842, 0.031009852618, 0.48725942653, 0.0046738808447],
      [0.068708115634, 0.018291278818, 0.40432965324, 0.28538841984, 0.17277314502, 0.050509387444],
      [0.014274824352, 0.16960260425, 0.011300806735, 0.72906550982, 0.011222932129, 0.064533322723],
      [0.0034207824562, 0.0015954631602, 0, 0.020483089492, 0.96642377811, 0.0080768867805],
      [0.029148356065, 0.60500158063, 0.015137250028, 0.07402223237, 0.066911757502, 0.20977882341],
      [0.09869370179, 0.037408298627, 0.080319565753, 0.098730366722, 0.04260279585, 0.64224527126]
    ],
    [
      [0.54748738019, 0.0092735109961, 0.024283897238, 0.045192366028, 0.37307540734, 0.0006874382076],
      [0.10485458298, 0.0074011163604, 0.52399165896, 0.20831868415, 0.15086959833, 0.0045643592257],
      [0, 0.1117879535, 0.047578317446, 0.81872623969, 0.012088645279, 0.0098188440867],
      [0, 0, 0, 0.0082694080096, 0.98690710381, 0.0048234881842],
      [0.10826573288, 0.52457782686, 0.050578851707, 0.13117947159, 0.14150620535, 0.043891911597],
      [0.3469326286, 0.034421995157, 0.25209669521, 0.16722120361, 0.08368313481, 0.11564434262]
    ],
    [
      [0.31198561236, 0.010314889264, 0.043440398476, 0.029079940432, 0.60502106875, 0.00015809071808],
      [0.03562788127, 0.0053434299556, 0.61658736053, 0.19082680263, 0.14922084571, 0.0023936798986],
      [0.012046167006, 0.082835794013, 0.040525583173, 0.84748492258, 0.013045502689, 0.0040620305373],
      [0.0024194784825, 0.0020685844011, 0, 0.0072330220676, 0.98791287779, 0.00036603726213],
      [0.049175910327, 0.48998744705, 0.076896822131, 0.16024984962, 0.18665247333, 0.03703749754],
      [0.156694069, 0.03201201438, 0.39530407386, 0.20571543452, 0.11066186527, 0.099612542971]
    ],
    [
      [0.37894593874, 0.0088484359155, 0.041283938879, 0.030910900973, 0.53971416009, 0.00029662540086],
      [0.04584356561, 0.0046156991873, 0.5958272761, 0.20835127053, 0.14237105219, 0.0029911363804],
      [0.011438698789, 0.068479182652, 0.03881701535, 0.86350973325, 0.011124307719, 0.0066310622447],
      [0.00056251036087, 0.0016235740894, 0.00091917373151, 0.010536840683, 0.98544122518, 0.00091667595831],
      [0.065805577224, 0.44842310595, 0.07883781147, 0.18105206017, 0.18461709729, 0.041264347895],
      [0.19193720234, 0.027266258276, 0.36620146505, 0.21355801867, 0.10056592096, 0.10047113471]
    ],
    [
      [0.43638855018, 0.014753219967, 0.049425621575, 0.042549556231, 0.45394253947, 0.0029405125781],
      [0.038593561156, 0.0063837623637, 0.61463768788, 0.24172942365, 0.090605933236, 0.0080496317104],
      [0.0099187990936, 0.080509315778, 0.033827043603, 0.85655578515, 0.00036552208879, 0.01882353429],
      [0.0021110260724, 0.0026437369711, 0.0027946485999, 0.011488742793, 0.96621013286, 0.014751712699],
      [0.046289887883, 0.52949808862, 0.063597041626, 0.17562685737, 0.097730744436, 0.087257380062],
      [0.14361327475, 0.032417760338, 0.31722627571, 0.2177726372, 0.056651193319, 0.23231885869]
    ],
    [
      [0.27822072747, 0.0032540530134, 0.020911897995, 0.022661038698, 0.67461323525, 0.00033904757652],
      [0.050061241047, 0.0026479353737, 0.45109065617, 0.22905162425, 0.26350208774, 0.0036464554179],
      [0.018332838026, 0.029560468557, 0.029839693998, 0.89619616799, 0.019012002292, 0.0070588291312],
      [0, 0, 0.00095647408384, 0.0072273630612, 0.99181616285, 0],
      [0.072488728301, 0.27134971409, 0.060104596898, 0.20090357744, 0.34508693446, 0.050066448808],
      [0.20150170454, 0.01537423511, 0.26507428506, 0.22456471357, 0.17784094549, 0.11564411624]
    ],
    [
      [0.21008657557, 0.011193486497, 0.32008550939, 0.022070470441, 0.43656395811, 0],
      [0.0070274777863, 0.0052752814083, 0.95068306501, 0.019391142757, 0.017623033036, 0],
      [0.059321415588, 0.13202225937, 0.12083396013, 0.6479374063, 0.039884958611, 0],
      [0, 0, 0, 0, 1, 0],
      [0.045015319777, 0.26787804905, 0.51518820816, 0.067383476216, 0.1045349468, 0],
      [0.039702069262, 0.011158791679, 0.8930206959, 0.032990343551, 0.023128099603, 0]
    ],
    [
      [0.29058463749, 0.014908458938, 0, 0.045716140542, 0.64613963001, 0.0026511330272],
      [0.048454490668, 0.0070055561064, 0.25885291207, 0.44374000906, 0.23579571833, 0.0061513137612],
      [0.0072834616166, 0.050853518549, 0, 0.92547005669, 0.0082610856166, 0.0081318775252],
      [0, 0, 0, 0.0077548319381, 0.98364213206, 0.0086030359979],
      [0.05573633859, 0.46317917557, 0, 0.23909529717, 0.1905397601, 0.051449428576],
      [0.19682036978, 0.034096307472, 0.096458835171, 0.36894380622, 0.13560986917, 0.16807081218]
    ],
    [
      [0.30730424792, 0.005719461331, 0.017851071658, 0.029340896304, 0.6384960458, 0.0012882769857],
      [0.051316331385, 0.0044811878431, 0.40016561477, 0.30658378237, 0.23197284787, 0.0054802357538],
      [0.023381884048, 0.042741532246, 0.0018659609451, 0.91289942896, 0.010952922045, 0.0081582717559],
      [0.000881456003, 0.0033556361055, 0, 0.0050784255835, 0.98417686201, 0.0065076202933],
      [0.059231134295, 0.3856723034, 0.041227685887, 0.21514260187, 0.24363553026, 0.055090744288],
      [0.19406919038, 0.022220104928, 0.21283949079, 0.2759365228, 0.1436875845, 0.15124710659]
    ],
    [
      [0, 0, 0, 0.015653788082, 0.98434621192, 0],
      [0.015479242479, 0.00071891911479, 0.056513879365, 0.21696471879, 0.70954397744, 0.0007792628141],
      [0, 0, 0, 0.96900263836, 0.030997361638, 0],
      [0, 0, 0, 0, 1, 0],
      [0, 0, 0, 0.19812537761, 0.80187462239, 0],
      [0, 0, 0, 0.4316244583, 0.5683755417, 0]
    ],
    [
      [0.44863684354, 0.0070117585081, 0.03259491838, 0.041865011163, 0.46876366431, 0.0011278041017],
      [0.055406060069, 0.0038911890947, 0.50352063272, 0.30477934589, 0.12779036347, 0.0046124087522],
      [0.0054520004085, 0.045404003642, 0.022972137842, 0.91177030551, 0.006939215442, 0.0074623371525],
      [0, 0.00013751523123, 0.0024193541559, 0.013441339535, 0.97766806802, 0.006333723058],
      [0.076794294841, 0.38484946217, 0.063076407552, 0.25603314158, 0.16027486612, 0.058971827741],
      [0.21005893337, 0.020789810751, 0.27442685291, 0.27944290712, 0.081064925925, 0.13421656993]
    ],
    [
      [0.15824095952, 0.0040651929705, 0.021987856433, 0.024134488665, 0.79067093777, 0.00090056463815],
      [0.029476120569, 0.0031578395241, 0.44620453858, 0.20420724542, 0.31106594741, 0.0058883084942],
      [0, 0.047015141904, 0.041445807308, 0.87247299636, 0.0251612483, 0.013904806125],
      [0, 0, 0, 0.0049871724078, 0.99209920013, 0.0029136274591],
      [0.039585032825, 0.28922200545, 0.056389533861, 0.16545147115, 0.37611821643, 0.073233740291],
      [0.11875252242, 0.018402377847, 0.26650923113, 0.20153138707, 0.21120570577, 0.18359877577]
    ],
    [
      [0.50594398472, 0.027451829794, 0, 0.069248734851, 0.39481025067, 0.0025451999633],
      [0.072940503643, 0.085062233211, 0.14798752575, 0.56431718588, 0.11872190949, 0.010970642023],
      [0.0099070857183, 0.07110500627, 0, 0.90433705471, 0.0048450954933, 0.0098057578087],
      [0, 0, 0, 0.019424505149, 0.9640298917, 0.016545603147],
      [0.052069534277, 0.60853049293, 0, 0.20944190457, 0.06561988561, 0.064338182613],
      [0.18248892013, 0.048177321209, 0.086687457082, 0.36962817065, 0.054808716707, 0.25820941423]
    ],
    [
      [0.29765023797, 0.021452645221, 0.039907014205, 0.028198523948, 0.61034433096, 0.0024472476926],
      [0.036694905071, 0.011894670779, 0.58973189624, 0.18783102526, 0.16343461933, 0.010412883322],
      [0.012875555844, 0.14548400713, 0.044043648568, 0.76246076072, 0.012278046282, 0.02285798146],
      [0, 0, 0, 0.0087041317166, 0.98044377189, 0.010852096393],
