{
  "X": [
    [5, 5, 31, 52, 113, 15],
    [32, 63, 45, 322, 649, 87],
    [61, 72, 70, 414, 594, 66],
    [27, 64, 39, 263, 595, 49],
    [57, 103, 81, 447, 1086, 108],
    [0, 8, 14, 76, 151, 31],
    [12, 25, 35, 205, 221, 17],
    [17, 26, 30, 159, 354, 46],
    [2, 3, 7, 22, 42, 7],
    [3, 2, 4, 14, 48, 6],
    [85, 44, 37, 729, 669, 75],
    [19, 16, 15, 66, 183, 29],
    [9, 8, 10, 81, 183, 27],
    [80, 81, 68, 1050, 888, 122],
    [36, 53, 22, 200, 737, 77],
    [5, 8, 10, 57, 212, 23],
    [8, 9, 17, 32, 205, 23],
    [22, 47, 62, 323, 285, 27],
    [7, 5, 6, 55, 143, 18],
    [8, 7, 9, 64, 90, 20],
    [9, 22, 10, 146, 117, 34],
    [14, 20, 18, 122, 151, 18],
    [16, 38, 28, 194, 291, 43],
    [6, 5, 13, 68, 96, 16],
    [7, 6, 7, 27, 51, 6],
    [37, 76, 91, 619, 576, 58],
    [1, 10, 56, 115, 219, 14],
    [24, 18, 25, 120, 425, 53],
    [64, 76, 59, 323, 1121, 130],
    [10, 4, 13, 51, 127, 21],
    [0, 7, 5, 18, 52, 8],
    [74, 99, 111, 745, 664, 102],
    [57, 51, 105, 797, 724, 65],
    [14, 20, 45, 170, 235, 29],
    [8, 14, 38, 169, 144, 14],
    [7, 7, 25, 75, 75, 3],
    [10, 7, 45, 180, 170, 23],
    [17, 38, 38, 242, 194, 32],
    [2, 15, 1, 43, 81, 17],
    [75, 66, 70, 721, 817, 83],
    [5, 12, 18, 94, 163, 20],
    [78, 84, 260, 635, 1255, 189],
    [5, 10, 16, 78, 129, 10]
  ],
  "W": [
    [57, 82, 54, 6, 22],
    [44, 610, 358, 85, 101],
    [74, 544, 438, 89, 132],
    [48, 571, 282, 65, 71],
    [71, 1074, 482, 122, 133],
    [12, 147, 72, 13, 36],
    [47, 198, 200, 45, 25],
    [33, 348, 163, 34, 54],
    [3, 44, 23, 4, 9],
    [4, 50, 14, 1, 8],
    [22, 679, 756, 62, 120],
    [11, 186, 74, 20, 37],
    [12, 184, 93, 4, 25],
    [62, 838, 1081, 125, 183],
    [26, 744, 207, 69, 79],
    [14, 208, 49, 20, 24],
    [16, 203, 35, 11, 29],
    [68, 261, 343, 47, 47],
    [8, 136, 55, 15, 20],
    [3, 98, 63, 13, 21],
    [18, 108, 153, 28, 31],
    [17, 139, 136, 26, 25],
    [31, 283, 211, 38, 47],
    [9, 93, 69, 13, 20],
    [2, 51, 32, 7, 12],
    [136, 495, 646, 95, 85],
    [100, 161, 120, 19, 15],
    [14, 436, 123, 33, 59],
    [75, 1093, 346, 107, 152],
    [10, 128, 57, 9, 22],
    [5, 53, 21, 4, 7],
    [113, 610, 762, 142, 168],
    [122, 651, 811, 83, 132],
    [48, 220, 188, 24, 33],
    [54, 120, 171, 23, 19],
    [30, 58, 87, 7, 10],
    [73, 129, 198, 10, 25],
    [38, 179, 270, 27, 47],
    [2, 87, 40, 19, 11],
    [104, 769, 714, 87, 158],
    [23, 142, 97, 22, 28],
    [173, 1329, 690, 92, 217],
    [33, 111, 72, 13, 19]
  ],
  "method": "mvn_cdf",
  "mvncdf_method": "genz",
  "mvncdf_samples": 5000,
  "mvncdf_error": 1e-06,
  "cond_prob": [
    [
      [0.00015004081286, 0.01074568072, 0.46401157723, 0.071363227409, 0.45351511456, 0.00021435927414],
      [0.0077793172855, 0.007779771804, 0.0040761332454, 0.014929468889, 0.87215598117, 0.093279327609],
      [0, 0.00030683467426, 0.001575123863, 0.84635148074, 0.14928102639, 0.0024855343286],
      [0.035954156342, 0.37942494411, 0.031755996843, 0.096667073915, 0.33341695861, 0.12278087018],
      [0.18808266901, 0.066201644271, 0.17915929556, 0.019322599333, 0.25323503807, 0.29399875375]
    ],
    [
      [0.00053368038425, 0.017393009324, 0.49678110452, 0.066106321144, 0.41894043272, 0.00024545190827],
      [0.010442317155, 0.013966099683, 0.0027120226619, 0.014572447032, 0.86998007845, 0.088327035015],
      [0, 0.0005580698691, 0.00046012099049, 0.8431157412, 0.1533593441, 0.0025067238411],
      [0.037729663231, 0.50498897038, 0.029048453945, 0.077676210113, 0.26034239655, 0.090214305781],
      [0.22177904182, 0.10486668601, 0.18666787799, 0.017467484877, 0.22620816048, 0.24301074882]
    ],
    [
      [0.00087075446652, 0.018596828596, 0.5398993363, 0.080576743861, 0.35994052026, 0.00011581651178],
      [0.020481397167, 0.016609675006, 0.0031735521981, 0.018609637197, 0.86987364474, 0.071252093692],
      [0, 0.00028940171359, 0.00037463342932, 0.88353954027, 0.11462258787, 0.0011738367178],
      [0.05972120323, 0.53306518122, 0.03119121447, 0.093234016109, 0.22068753217, 0.062100852811],
      [0.33695831078, 0.10620160911, 0.19227976658, 0.019890395806, 0.18414587056, 0.16052404718]
    ],
    [
      [0.00066697776485, 0.026733989781, 0.48090051681, 0.077505527777, 0.41419251227, 4.7559931712e-07],
      [0.013220266035, 0.018686182841, 0.0026404611407, 0.016296876386, 0.88959038873, 0.059565824862],
      [0, 0, 0.00026003427265, 0.8647460906, 0.13449135361, 0.00050252151982],
      [0.032551116497, 0.62205790278, 0.022148467355, 0.071808734012, 0.20347395118, 0.04795982818],
      [0.24370972661, 0.16356611842, 0.18163509632, 0.020397929449, 0.2254968859, 0.1651942433]
    ],
    [
      [0.0006598252573, 0.018064051347, 0.57945611909, 0.061752464819, 0.33993712213, 0.00013041735345],
      [0.015704553817, 0.01673172224, 0.0037122493277, 0.015266017722, 0.8771236479, 0.071461808991],
      [0.00025999453546, 0.00047024385891, 0.0004560027888, 0.86001890209, 0.13720774371, 0.0015871130095],
      [0.043748851211, 0.55642601412, 0.035995109403, 0.0768753457, 0.22422759874, 0.062727080828],
      [0.26032920596, 0.1175710632, 0.23504107575, 0.017383225409, 0.19807343584, 0.17160199383]
    ],
    [
      [0, 0.0079210677505, 0.43470929534, 0.14004486939, 0.41732476752, 0],
      [0, 0, 0.0020027939093, 0.02665963327, 0.86232018088, 0.10901739194],
      [0, 0, 0, 0.91697107577, 0.083028924233, 0],
      [0, 0.32206296678, 0.029601404059, 0.20657061973, 0.3032792341, 0.13848577533],
      [0, 0.10328135052, 0.2251183194, 0.047032221247, 0.25862010033, 0.3659480085]
    ],
    [
      [0.00046185104824, 0.011886982877, 0.5531239684, 0.11488739984, 0.31963979784, 0],
      [0.016475653913, 0.012480851996, 0.0038402746036, 0.030178155242, 0.88238619944, 0.054638864803],
      [0, 0.00078093820321, 0.00055883179099, 0.92519992906, 0.073460300945, 0],
      [0.04620065086, 0.43638726236, 0.040326277656, 0.17042704462, 0.25085989332, 0.055798871183],
      [0.26548336949, 0.08705954651, 0.25265401044, 0.036632585986, 0.21134826495, 0.14682222263]
    ],
    [
      [0.00047989289032, 0.014779447567, 0.51057958292, 0.087587248725, 0.38631540165, 0.00025842625219],
      [0.010637932107, 0.012529548171, 0.0029664442143, 0.018831015913, 0.86864648692, 0.086388572676],
      [0, 0.00025189344275, 0.0003756879845, 0.88623556079, 0.11119276499, 0.0019440927944],
      [0.038278695687, 0.47000076366, 0.032035191056, 0.11141127741, 0.26013791394, 0.088136158242],
      [0.22186458348, 0.095016867984, 0.20311328777, 0.024297174321, 0.22210193576, 0.23360615068]
    ],
    [
      [0.00037117477799, 0.0051472411644, 0.83299268847, 0.029089791922, 0.13176707371, 0.00063202994949],
      [0.010331297836, 0.014706715875, 0, 0.016346921356, 0.84789968449, 0.11071538044],
      [0, 0, 0, 0.89770523439, 0.096321479926, 0.0059732856871],
      [0.034092789913, 0.44703323469, 0.099384083345, 0.095837775318, 0.22664820592, 0.097003910821],
      [0.15643757903, 0.061036648806, 0.45594284458, 0.018099399156, 0.13056953324, 0.17791399519]
    ],
    [
      [0.00082291732481, 0.012550519079, 0.55146160138, 0.074298638416, 0.36034984071, 0.0005164830854],
      [0.015757605265, 0.015128349227, 0.0027428542249, 0.016822206065, 0.86604011512, 0.083508870097],
      [0.00084969741668, 0.0016010017144, 0.00025063824887, 0.89996684253, 0.094781903041, 0.0025499170449],
      [0.043490681572, 0.50169867257, 0.030477614564, 0.096572572822, 0.24884383391, 0.078916624561],
      [0.26918020275, 0.083658470722, 0.20287804165, 0.020698346851, 0.21010055057, 0.21348438745]
    ],
    [
      [0.0015214630559, 0.013631185289, 0.55215076885, 0.10895590933, 0.32353531332, 0.0002053601542],
      [0.025459645816, 0.014806162677, 0.0060299840535, 0.035131941143, 0.83978596097, 0.078786305336],
      [0, 0, 0, 0.91490981742, 0.082719342654, 0.0023708399253],
      [0.12123881055, 0.42341481558, 0.034497008951, 0.13692240355, 0.21550229689, 0.068424664482],
      [0.50135518374, 0.061625090834, 0.15516257798, 0.021561424734, 0.1314215846, 0.1288741381]
    ],
    [
      [0.00098952525394, 0.015440383629, 0.59213023443, 0.049446242467, 0.34174415966, 0.00024945456496],
      [0.022933977205, 0.015233919842, 0.0042833217746, 0.010678371297, 0.84372624603, 0.10314416385],
      [0, 0.00075490703041, 0.00081177637946, 0.83525113639, 0.16002114969, 0.0031610305037],
      [0.075372193713, 0.49862238443, 0.036281788614, 0.062943556121, 0.23025910275, 0.096520974372],
      [0.35718788075, 0.08022529407, 0.18659898235, 0.01087727179, 0.15840500945, 0.2067055616]
    ],
    [
      [0.00081536617667, 0.019934717407, 0.4786870004, 0.061425023752, 0.43896620274, 0.00017168952903],
      [0.014380312202, 0.015490108808, 0.0018920901614, 0.012793836936, 0.84990587172, 0.10553778018],
      [0.00079825773451, 0.0013990552609, 0.00017596250234, 0.83128074779, 0.16416731273, 0.0021786639856],
      [0.040758404065, 0.5356566938, 0.023286131038, 0.062126852516, 0.23578209824, 0.10238982034],
      [0.24427866301, 0.10551457824, 0.15192409475, 0.014048670571, 0.20556146779, 0.27867252564]
    ],
    [
      [0.00087096211997, 0.014420916802, 0.48659982734, 0.12498900922, 0.37288643502, 0.00023284950283],
      [0.018589012095, 0.012043743106, 0.0023628955181, 0.028090032763, 0.85273796669, 0.086176349826],
      [0.00017373199284, 0.00036092000085, 0, 0.91938789687, 0.078455896136, 0.001621554998],
      [0.057784597626, 0.43500914696, 0.029724757411, 0.15287203597, 0.24149313975, 0.083116322283],
      [0.3112433291, 0.083316658713, 0.17560169172, 0.031387502504, 0.19283693306, 0.20561388491]
    ],
    [
      [0.00083807461059, 0.019318881789, 0.39685618974, 0.088798404324, 0.49394315381, 0.00024529572806],
      [0.013815167539, 0.013145029813, 0, 0.015646561246, 0.88410360155, 0.07328963985],
      [0, 0.00048344016087, 0, 0.86009787021, 0.13751257497, 0.0019061146599],
      [0.045969803672, 0.4953815457, 0.020191234494, 0.091811731569, 0.27043103351, 0.07621465105],
      [0.2851621387, 0.10678997627, 0.13023473274, 0.021201662151, 0.24379182423, 0.2128196659]
    ],
    [
      [7.9807152014e-05, 0.008281638775, 0.36281467394, 0.14628847761, 0.48216320382, 0.00037219870139],
      [0.0018027294244, 0.0025050685307, 0.0028328937584, 0.024097044294, 0.89722529364, 0.071536970356],
      [0, 0, 0, 0.91420408146, 0.08421940026, 0.0015765182822],
      [0.028108203272, 0.29544885381, 0.02459158443, 0.20345311412, 0.3540498219, 0.094348422475],
      [0.16923962142, 0.060584405278, 0.1599800406, 0.044779742776, 0.30912945913, 0.25628673079]
    ],
    [
      [0.00034407017279, 0.010783415461, 0.55037737868, 0.045885916869, 0.39228309519, 0.00032612362765],
      [0.0081594222566, 0.0091554294906, 0.0041207214243, 0.0087292054666, 0.89361693618, 0.076218285179],
      [0, 0.00030217992355, 0.0006057010163, 0.80866300364, 0.18765652568, 0.0027725897461],
      [0.039002715366, 0.43102884942, 0.041346268129, 0.071773945835, 0.3240872192, 0.09276100205],
      [0.20376214794, 0.076448949141, 0.23729127611, 0.013830278928, 0.24780326282, 0.22086408507]
    ],
    [
      [0.00094299045214, 0.023424059663, 0.66841990807, 0.064549945303, 0.24266094315, 2.1533611241e-06],
      [0.025276136259, 0.025560676986, 0.0069357302295, 0.02166573059, 0.84862066945, 0.071941056486],
      [0, 0, 0.00091347270682, 0.90015968849, 0.098198294885, 0.00072854391665],
      [0.041926073363, 0.66731650969, 0.036525171931, 0.07116338036, 0.14174592745, 0.041322937203],
      [0.28443148165, 0.15685002754, 0.27036630728, 0.018221191615, 0.14180824263, 0.12832274929]
    ],
    [
      [0.00071685452389, 0.007668921848, 0.35642518627, 0.11151542547, 0.52327522407, 0.00039838782115],
      [0.010712097496, 0, 0.00098901020437, 0.018474923821, 0.89043827732, 0.079385691158],
      [0, 0, 0, 0.88395476268, 0.11352625015, 0.0025189871766],
      [0.04569136917, 0.27886543218, 0.023649527872, 0.15468169503, 0.38279810007, 0.11431387567],
      [0.24260246834, 0.037783357124, 0.1329675102, 0.032877479192, 0.28641386163, 0.26735532351]
    ],
    [
      [0.00064900466455, 0.0080086611107, 0.67718222482, 0.082398511533, 0.23176159787, 0],
      [0.021567688508, 0.0094630304394, 0.0061200938168, 0.029188785971, 0.80427469598, 0.12938570529],
      [0, 0, 0, 0.92712897282, 0.072871027176, 0],
      [0.056426850313, 0.37699434179, 0.055564386206, 0.15163689246, 0.22488271044, 0.1344948188],
      [0.24527954563, 0.05465098049, 0.26887367194, 0.02437612145, 0.14149738347, 0.26532229702]
    ],
    [
      [0.0012771269428, 0.029139558301, 0.40319962372, 0.12235579773, 0.4440278933, 0],
      [0.016229233269, 0.028349350488, 0, 0.045622208279, 0.76018730868, 0.14961189928],
      [0, 0, 0, 0.88718143148, 0.11281856852, 0],
      [0.031765600151, 0.53553551535, 0.013882655954, 0.089419988982, 0.17429502096, 0.15510121861],
      [0.20434895864, 0.11028269897, 0.075925561494, 0.020254143186, 0.15373441977, 0.43545421794]
    ],
    [
      [0.00087771181944, 0.017247533477, 0.63060436631, 0.053356855548, 0.29759446976, 0.00031906308667],
      [0.024333442857, 0.018572884279, 0.0046557993518, 0.013943804497, 0.8537126711, 0.084781397916],
      [0, 0.00057895666212, 0.0010717503082, 0.86077836994, 0.13425918727, 0.0033117358202],
      [0.06680305702, 0.55988297253, 0.038320631433, 0.06771808062, 0.19982325492, 0.067452003478],
      [0.35463403438, 0.099578624969, 0.21961900815, 0.013128648905, 0.15280714539, 0.16023253821]
    ],
    [
      [0.00067584261875, 0.02703845867, 0.54673613585, 0.07114901572, 0.35415519654, 0.00024535060297],
      [0.014676013968, 0.020466511222, 0.0039113771914, 0.015749424421, 0.84310739805, 0.10208927515],
      [0, 0, 0.0001339470536, 0.87222798284, 0.12525457179, 0.0023834983196],
      [0.031980120535, 0.63399258551, 0.024736124735, 0.065324028011, 0.17241279358, 0.071554347633],
      [0.22575515629, 0.1548524863, 0.19097924416, 0.017337786343, 0.17960413736, 0.23147118956]
    ],
    [
      [0.00055448656267, 0.0054169289612, 0.64804363448, 0.07505328461, 0.27064207361, 0.00028959177676],
      [0.014177058356, 0.00058673180085, 0.0037135977022, 0.023592147528, 0.85629981369, 0.10163065093],
      [0, 0, 0, 0.90684824649, 0.09066927758, 0.0024824759301],
      [0.047191040706, 0.30870649777, 0.062720204659, 0.15827637792, 0.30086690662, 0.12223897232],
      [0.20315298323, 0.044174855545, 0.30034400214, 0.025016439883, 0.18804443627, 0.23926728293]
    ],
    [
      [0.00065739738196, 0.0081537734977, 0.84522429714, 0.015704861347, 0.13004132295, 0.00021834768286],
      [0.037552417141, 0.022748044201, 0.0071193589373, 0.0062302868008, 0.84300745408, 0.083342438844],
      [9.8929159979e-06, 0.0038804755597, 0, 0.82237838174, 0.16886343987, 0.0048678099139],
      [0.091601091063, 0.55721187674, 0.08105364936, 0.039624331891, 0.172847438, 0.057661612945],
      [0.37016564336, 0.066573653642, 0.3649240462, 0.0047805926224, 0.094414587867, 0.099141476312]
    ],
    [
      [0.00083088732296, 0.021221505423, 0.51757107188, 0.098142471391, 0.36206762546, 0.00016643852396],
      [0.017236728662, 0.017821767911, 0.0028594735451, 0.022553323468, 0.86564411529, 0.073884591121],
      [0.000331215668, 0, 0.00018437335437, 0.90161002716, 0.096616830891, 0.001257552925],
      [0.043701369137, 0.56209277741, 0.02742326271, 0.10403859588, 0.2033748943, 0.059369100568],
      [0.28222615584, 0.12815630933, 0.19377152559, 0.025470407289, 0.19446915475, 0.1759064472]
    ],
    [
      [0, 0.0048129565964, 0.50329655899, 0.0712981395, 0.42022502212, 0.00036732279776],
      [0, 0.0049173378858, 0.0045764819562, 0.016613669393, 0.91702320379, 0.05686930698],
      [0, 0, 0, 0.85196711105, 0.14635900557, 0.001673883372],
      [0, 0.36892408978, 0.044457388581, 0.13564475829, 0.37206584163, 0.078907921722],
      [0.066666666667, 0.11449701566, 0.27258934156, 0.025472102927, 0.31362868791, 0.20714618528]
    ],
    [
      [0.00065012616464, 0.0087717367089, 0.56892839217, 0.068143619748, 0.35328877951, 0.00021734569447],
      [0.015211883172, 0.0052046315465, 0.0037890845098, 0.016451846805, 0.87507871718, 0.084263836783],
      [0, 0, 0.00029567940743, 0.86952160225, 0.12802647673, 0.0021562416131],
      [0.057201279956, 0.36787955932, 0.046453485184, 0.11393415447, 0.31247624421, 0.10205527686],
      [0.26221821919, 0.058778828377, 0.23412928958, 0.019694914286, 0.21119768979, 0.21398105878]
    ],
    [
      [0.00084837285184, 0.015948039094, 0.43381764389, 0.073269369114, 0.47583973838, 0.00027683666314],
      [0.01458471416, 0.011095530257, 0.00066066833184, 0.013919956101, 0.88125840845, 0.078480722705],
      [0.00021331092317, 0.00051582667047, 0, 0.83947297615, 0.15742076637, 0.0023771198863],
      [0.050930877456, 0.45728568224, 0.025119128326, 0.085194337523, 0.29301198177, 0.088457992681],
      [0.27942019732, 0.08926604256, 0.15166986507, 0.01787395682, 0.23866257879, 0.22310735945]
    ],
    [
      [0.00091808961123, 0.0061440708543, 0.64558207896, 0.044748575816, 0.3025433258, 6.3858961063e-05],
      [0.021728662842, 0.0012960661232, 0.005435007742, 0.012019438809, 0.84833263489, 0.1111881896],
      [0, 0, 0.00057493493674, 0.84149999217, 0.15562113593, 0.0023039369587],
      [0.078392723858, 0.32206331809, 0.058372877458, 0.087062669022, 0.31083684909, 0.14327156248],
      [0.29563707933, 0.039731498404, 0.2404714105, 0.012043749967, 0.16909332212, 0.24302293968]
    ],
    [
      [0, 0.04395848855, 0.5910018218, 0.038480347776, 0.32544051698, 0.0011188249005],
      [0, 0.019161522597, 0.010004237754, 0.0060560061994, 0.85159735782, 0.11318087563],
      [0, 0, 0, 0.81980825429, 0.17320373633, 0.0069880093743],
      [0, 0.83188454061, 0.013485525916, 0.024744376399, 0.090522722384, 0.039362834693],
      [0, 0.34815838531, 0.20868916948, 0.024525583825, 0.17696687119, 0.24165999019]
    ],
    [
      [0.00079794736391, 0.015912101281, 0.58665716517, 0.095168829989, 0.30125553736, 0.00020841883822],
      [0.021401066348, 0.016389923542, 0.0040060916804, 0.026111292965, 0.83770764368, 0.094383981789],
      [0, 0.0003656173126, 0.00050847923023, 0.9146224526, 0.082900815515, 0.0016026353458],
      [0.058827890662, 0.50050518699, 0.03745979491, 0.12139882505, 0.20350110179, 0.078307200595],
      [0.31250964882, 0.094367513391, 0.21760281167, 0.024625544443, 0.16005287952, 0.19084160216]
    ],
    [
      [0.00076516485767, 0.01056594612, 0.55111078436, 0.11056699652, 0.32699110814, 0],
      [0.018550401118, 0.01013584196, 0.0038409686083, 0.028946319115, 0.87768768493, 0.060838784269],
      [0, 0, 0.00059102326606, 0.92025504607, 0.079153930669, 0],
      [0.058731080828, 0.40250147511, 0.042023866839, 0.16845565121, 0.26406581473, 0.064222111286],
      [0.30269438675, 0.073521962294, 0.23709631006, 0.033015994477, 0.20167501155, 0.15199633488]
    ],
    [
      [0.00078300887201, 0.013021056623, 0.68458047636, 0.047090945126, 0.25419750102, 0.00032701200018],
      [0.018825222898, 0.01625283379, 0.004797274798, 0.014331766329, 0.85283971338, 0.092953188806],
      [0.00098102233734, 0.0010729003892, 0.00017566823538, 0.86331669928, 0.1315310723, 0.0029226374675],
      [0.050534294612, 0.52482349658, 0.053540160852, 0.075583104524, 0.21561359103, 0.079905352399],
      [0.25526094747, 0.090966565371, 0.29596203608, 0.014215517253, 0.15973379488, 0.18386113895]
    ],
    [
      [0.0008655019966, 0.011547581783, 0.58600876947, 0.096424069117, 0.3047515342, 0.00040254343367],
      [0.015512657607, 0.011983275615, 0.0033563799968, 0.02642438189, 0.87000120407, 0.072722100819],
      [0.00094422594539, 0.00051336078084, 0, 0.91622550807, 0.080421021773, 0.0018958834265],
      [0.046547021123, 0.44652347253, 0.043747008499, 0.14690518117, 0.24607290709, 0.070204409584],
      [0.25577367667, 0.083190155167, 0.26034629755, 0.029936494388, 0.19640005675, 0.17435331947]
    ],
    [
      [0, 0.013819310461, 0.71022108842, 0.034723184584, 0.24123641653, 0],
      [0.032334314553, 0.026964219651, 0.011320212433, 0.011467750484, 0.88246731475, 0.035446188127],
      [0, 0, 0.0017037698837, 0.83732707531, 0.16096915481, 0],
      [0.088545721673, 0.59227226933, 0.049344853641, 0.051035132596, 0.1855479211, 0.033254101664],
      [0.45047897042, 0.087559006107, 0.25431530709, 0.0088473454199, 0.12766513326, 0.0711342377]
    ],
    [
      [0.0012560435986, 0.0096478593677, 0.54057221962, 0.070924613979, 0.37759926344, 0],
      [0.016819779257, 0.0079473464542, 0.0029585166585, 0.015557912356, 0.84284038698, 0.11387605829],
      [0.0014277752841, 0, 0.00057520238207, 0.86555857016, 0.13209732492, 0.00034112725928],
      [0.060338406924, 0.38142673518, 0.038168211836, 0.10081567648, 0.28520113102, 0.13404983856],
      [0.2740989487, 0.058249248869, 0.18644028515, 0.017071153189, 0.18806248818, 0.2760778759]
    ],
    [
      [0.0011037574914, 0.041344335341, 0.65668051773, 0.051648093859, 0.24883380727, 0.00038948830978],
      [0.027445952797, 0.026523139394, 0.012907158474, 0.019676341153, 0.79638116162, 0.11706624656],
      [0, 0, 0, 0.87035470848, 0.12558021749, 0.0040650740319],
      [0.027672950137, 0.77498380279, 0.022782944691, 0.036026664383, 0.092270103798, 0.046263534206],
      [0.2403842981, 0.22886618362, 0.21533232878, 0.011634385945, 0.11902416741, 0.18475863613]
    ],
    [
      [0.00037365596153, 0.034060735346, 0.28163062964, 0.18317343817, 0.50044582125, 0.00031571963548],
      [0, 0.020883118555, 0, 0.030770299454, 0.82157818925, 0.12676839274],
      [0, 0, 0, 0.92759748529, 0.07240251471, 0],
      [0.015636235664, 0.58614911735, 0, 0.12730313389, 0.17430876931, 0.096602743785],
      [0.15474220095, 0.17983763503, 0.039703521884, 0.039452555967, 0.21034897158, 0.37591511459]
    ],
    [
      [0.00098674420495, 0.016363845427, 0.421730226, 0.15122757109, 0.40956699816, 0.00012461511733],
      [0.019559498222, 0.013734703696, 0.00070130447063, 0.030793853174, 0.86930451465, 0.065906125783],
      [0, 0.00048149502973, 0, 0.92597342902, 0.073028250356, 0.0005168255962],
      [0.05941582616, 0.44611012562, 0.023343072085, 0.16773668095, 0.24069952384, 0.062694771342],
      [0.34611992148, 0.092283573121, 0.1491766208, 0.03704898705, 0.20776475376, 0.16760614378]
    ],
    [
      [0, 0.010085606966, 0.4660129684, 0.091800594503, 0.4315775268, 0.00052330332902],
      [0, 0.0080225273155, 0.0049686911261, 0.019221597345, 0.89231697585, 0.075470208359],
      [0, 0, 0, 0.88079909487, 0.11633748054, 0.0028634245881],
      [0.027085138594, 0.38381093705, 0.033054549608, 0.1326734618, 0.32966442993, 0.09371148301],
      [0.15729024825, 0.078035412349, 0.20889098198, 0.028671112187, 0.27954833005, 0.24756391518]
    ],
    [
      [0.00073287618119, 0.0074827365428, 0.8249203439, 0.028180810131, 0.13845411256, 0.00022912068439],
      [0.023240976588, 0.017723522747, 0.0050118733062, 0.014632203073, 0.83005786637, 0.10933355792],
      [0, 0.0014322117479, 0, 0.87150823848, 0.1240128122, 0.0030467375733],
      [0.051113203669, 0.47822606935, 0.11020036044, 0.076045772576, 0.19659626943, 0.087818324536],
      [0.19485502211, 0.065280646827, 0.46308556553, 0.010790904772, 0.11172735908, 0.15426050168]
    ],
    [
      [0, 0.015778611621, 0.37402511917, 0.15866655656, 0.45152971265, 0],
      [0.0070453107116, 0.013673436569, 0.0020096492857, 0.026473880564, 0.89880503373, 0.051992689139],
      [0, 0.0010710240944, 0.00029698856887, 0.92443636845, 0.074195618884, 0],
      [0.027546109752, 0.44578485972, 0.020839929323, 0.18051027025, 0.27002424614, 0.055294584805],
      [0.2031511097, 0.10995986559, 0.1653577757, 0.04838688679, 0.28840847258, 0.18473588964]
    ]
  ],
  "expected_outcome": [
    [
      [0.0085523263329, 0.023481936907, 0.064435830522, 0.032014932713, 0.046847593268, 0, 0.021706999267, 0.015836465381, 0.001113524334, 0.0032916692993, 0.033472187229, 0.010884777793, 0.0097843941201, 0.053999651438, 0.021789939875, 0.0011173001282, 0.0055051227647, 0.064123350745, 0.0057348361911, 0.0019470139936, 0.02298828497, 0.014921100931, 0.020951121181, 0.004990379064, 0.0013147947639, 0.11300067592, 0, 0.009101766305, 0.063627963888, 0.0091808961123, 0, 0.090168052122, 0.093350112636, 0.037584425857, 0.046737107816, 0, 0.0916911827, 0.041942784671, 0.00074731192306, 0.10262139731, 0, 0.12678757935, 0],
      [0.61250380105, 0.76529241026, 1.3761653161, 1.2832315095, 1.2825476456, 0.095052813006, 0.55868819523, 0.4877217697, 0.015441723493, 0.050202076317, 0.29988607636, 0.16984421992, 0.23921660889, 0.89409684174, 0.50229092651, 0.11594294285, 0.17253464738, 1.5928360571, 0.061351374784, 0.024025983332, 0.52451204942, 0.29320806911, 0.83819221877, 0.048752360651, 0.016307546995, 2.8861247376, 0.48129565964, 0.12280431392, 1.196102932, 0.061440708543, 0.21979244275, 1.7980674447, 1.2890454266, 0.62501071792, 0.62356941631, 0.41457931384, 0.70429373384, 1.571084743, 0.068121470691, 1.7018399244, 0.23196896022, 1.2945134219, 0.52069418349],
      [26.448659902, 21.8583685989, 39.9525508863, 23.0832248069, 41.1413844556, 5.2165115441, 25.9968265148, 16.8491262364, 2.4989780654, 2.2058464055, 12.1473169146, 6.5134325787, 5.7442440048, 30.1691892953, 10.3182609331, 5.0794054352, 8.8060380588, 45.4525537486, 2.8514014901, 2.0315466745, 7.257593227, 10.7202742272, 16.9488202112, 5.8323927103, 1.6904485943, 70.389665776, 50.3296558986, 7.9649974904, 32.5363232921, 6.4558207896, 2.955009109, 66.2922596644, 67.2355156918, 32.8598628652, 31.6444735514, 21.3066326526, 39.4617720322, 24.9538596737, 0.56326125927, 43.8599435041, 10.7182982732, 142.7112194944, 12.3428289327],
      [4.0677039623, 2.9086781303, 5.9626790457, 3.7202653333, 4.3844250021, 1.6805384327, 5.3997077924, 2.8903792079, 0.087269375766, 0.29719455366, 2.3970300053, 0.54390866714, 0.73710028503, 7.7493185714, 2.3087585124, 2.0480386865, 0.7341746699, 4.3893962806, 0.89212340378, 0.2471955346, 2.2024043592, 0.90706654431, 2.2056194873, 0.67547956149, 0.031409722693, 13.3473761091, 7.12981395, 0.95401067647, 5.4952026835, 0.44748575816, 0.19240173888, 10.7540777888, 13.4891735759, 2.2603653661, 5.2068997323, 1.0416955375, 5.1774968205, 1.9626275667, 0.36634687633, 15.7276673935, 2.1114136736, 4.8752801527, 5.2359963665],
      [25.8503615297, 18.4333790397, 26.6355984995, 19.8812405888, 24.1355356712, 5.0078972102, 15.0230704983, 12.7484082543, 0.39530122114, 1.4413993628, 7.117776893, 3.7591857562, 5.2675944329, 23.118958971, 12.8425219991, 6.7502848535, 6.2765295231, 16.5009441344, 4.1862017925, 0.69528479362, 7.9925020794, 5.0591059859, 10.9788110928, 2.4357786625, 0.26008264589, 49.2411970621, 42.022502212, 4.9460429131, 35.6879803787, 3.025433258, 1.6272025849, 34.0418757213, 39.892915193, 12.201480049, 16.4565828467, 7.237092496, 27.5647462308, 9.4556846762, 1.0008916425, 42.5949678085, 9.9262831164, 23.9525614733, 14.9004805173],
      [0.012218478626, 0.010799883964, 0.0085704218714, 2.2828767222e-05, 0.0092596320948, 0, 0, 0.0085280663221, 0.0018960898485, 0.0020659323416, 0.0045179233923, 0.0027440002146, 0.0020602743484, 0.014436669176, 0.0063776889296, 0.0052107818195, 0.0052179780423, 0.00014642855644, 0.0031871025692, 0, 0, 0.0054240724734, 0.0076058686921, 0.0026063259908, 0.00043669536573, 0.022635639258, 0.036732279776, 0.0030428397226, 0.020762749736, 0.00063858961063, 0.0055941245025, 0.023551328719, 0, 0.015696576009, 0.021737345418, 0, 0, 0.014800555771, 0.00063143927095, 0.012959972202, 0.012035976568, 0.039637878399, 0]
    ],
    [
      [0.63790401741, 6.3698134646, 11.1418800588, 7.5487719058, 16.8666907997, 0, 3.2621794748, 3.7020003733, 0.45457710478, 0.78788026327, 17.2870995094, 4.2657197602, 2.6459774451, 15.5775921354, 10.2784846491, 0.37496772028, 1.6563627181, 6.5970715636, 1.4568452594, 2.1136334738, 1.7527571931, 3.3823485571, 4.153311953, 1.3184664271, 1.9151732742, 8.5321806878, 0, 6.632381063, 15.9410925768, 2.7812688438, 0, 13.0546504721, 12.0763111281, 4.1415490375, 1.8615189129, 1.8753902441, 2.1697515242, 4.9128255507, 0, 15.0412541323, 0, 30.8872578861, 0.78202948899],
      [0.63794128793, 8.5193208068, 9.0356632033, 10.6698104025, 17.969869686, 0, 2.4712086952, 4.3602827634, 0.64709549851, 0.75641746133, 10.0533844575, 2.8335090907, 2.8501800206, 10.0926567228, 9.7799021812, 0.52105425439, 1.8585521866, 6.6713366933, 0, 0.92737698306, 3.0617298527, 2.5816309148, 5.7920226759, 0.054566057479, 1.1601502542, 8.8217751159, 0.79169139961, 2.2692193543, 12.1274145711, 0.16589646377, 1.0155606976, 9.9978533609, 6.5984331162, 3.5756234337, 1.4379930737, 1.5639247398, 1.0252076926, 4.7476419516, 1.8168313143, 10.5619871421, 1.1391988788, 23.5545617304, 1.5177514591],
      [0.33424292612, 1.6543338237, 1.7264123958, 1.5077033113, 3.986955778, 0.29441070467, 0.76037437152, 1.0323225866, 0, 0.13714271124, 4.0943591723, 0.79669785008, 0.34814458969, 1.9801064442, 0, 0.58924190174, 0.83650644913, 1.8102255899, 0.13450538779, 0.59976919405, 0, 0.6471561099, 1.1069197452, 0.3453645863, 0.3630873058, 1.4154394048, 0.73681359494, 1.6520408463, 0.7221104867, 0.69568099098, 0.53022460098, 2.443715925, 2.500470564, 1.0554004556, 0.40276559962, 0.6565723211, 0.38164864895, 2.3103813668, 0, 0.53930313792, 0.7055541399, 6.6607796239, 0.22307107072],
      [1.2242164489, 8.8891926895, 10.1236426351, 9.3055164166, 16.3957030333, 3.9189660907, 5.9752747379, 6.5531935378, 0.71926453965, 0.84111030323, 23.8545880363, 1.9861770612, 2.3540659963, 23.5394474556, 11.6410415669, 5.0121852131, 1.7720287097, 5.654755684, 2.5125896397, 2.8605010251, 4.9271984941, 1.9381888251, 4.4570871112, 2.1940697201, 0.31774462684, 11.1638951166, 2.6748007722, 7.173005207, 15.2145120181, 1.5384881676, 0.32096832857, 15.9278887088, 18.8440537441, 3.1529885923, 3.1709258268, 0.66512952808, 2.0069706939, 3.5220650665, 2.6770160525, 23.680473091, 2.729466823, 19.4461978835, 2.9386007426],
      [71.5167904557, 530.6878478563, 473.2112627387, 507.9561119674, 942.0307978465, 126.7610665898, 174.7124674894, 302.2889774476, 37.3075861177, 43.3020057561, 570.2146675016, 156.9330817619, 156.3826803956, 714.5944160878, 657.7730795548, 186.6228610765, 181.4042380451, 221.4899947262, 121.0996057157, 78.8189202058, 82.1002293373, 118.6660612829, 238.5993936481, 79.6358826729, 42.9933801579, 428.4938370698, 147.6407358095, 381.534320692, 963.2154404305, 108.5865772653, 45.1346599643, 511.0016626422, 571.3746828883, 187.6247369437, 104.4001444887, 51.1831042556, 108.7264099209, 142.5522279305, 71.4773024648, 668.4951717691, 126.7090105713, 1103.1469044024, 99.7673587442],
      [7.6489048639, 53.8794913589, 38.7611389684, 34.0120859964, 76.7499828565, 16.0255566149, 10.818495231, 30.0632232913, 4.8714767394, 4.1754435048, 53.4959013229, 19.184814476, 19.4189515527, 72.2157811542, 54.5274920481, 14.879689834, 15.4723118913, 18.7766157429, 10.7964539975, 12.6797991182, 16.1580851228, 11.7846143103, 28.8912648666, 9.4516505361, 4.250464381, 36.5728726051, 9.1559584237, 36.7390328374, 85.7794299168, 14.2320882685, 5.9985864085, 57.5742288911, 39.6060485593, 20.4497015373, 8.7266520983, 2.0558789114, 14.6900115195, 20.9548581339, 11.0288501684, 50.6818107275, 10.716769587, 145.3042984737, 5.7711884944]
    ],
    [
      [0, 0, 0, 0, 0.12531736609, 0, 0, 0, 0, 0.011895763834, 0, 0, 0.074237969309, 0.18780428426, 0, 0, 0, 0, 0, 0, 0, 0, 0, 0, 0.00031657331193, 0.21396532153, 0, 0, 0.073805579417, 0, 0, 0, 0, 0.18443219942, 0.16146263666, 0, 0.28269950625, 0, 0, 0, 0, 0, 0],
      [0.01656907241, 0.19978901314, 0.12675795055, 0, 0.22665754, 0, 0.15618764064, 0.041058631168, 0, 0.022414024001, 0, 0.055863120251, 0.13011213926, 0.39015452092, 0.1000721133, 0, 0.010576297324, 0, 0, 0, 0, 0.078738106048, 0, 0, 0.12417521791, 0, 0, 0, 0.17847602798, 0, 0, 0.2786003922, 0, 0.20170527318, 0.087784693524, 0, 0, 0, 0, 0.34378745123, 0, 0.98822610602, 0.077113734795],
      [0.085056688604, 0.1647233146, 0.16408944204, 0.073329664888, 0.2197933442, 0, 0.1117663582, 0.061237141473, 0, 0.0035089354842, 0, 0.06007145208, 0.016364512717, 0, 0, 0, 0.021199535571, 0.31332113844, 0, 0, 0, 0.14575804192, 0.02826282831, 0, 0, 0.11910518692, 0, 0.036368567113, 0, 0.032771291394, 0, 0.38746117344, 0.47931986877, 0.033025628252, 0, 0.14822797988, 0.11389007165, 0, 0, 0, 0, 0, 0.021383176958],
      [45.70297996, 301.8354353479, 386.9903186392, 243.8583975485, 414.5291108097, 66.0219174552, 185.0399858122, 144.4563964089, 20.6472203909, 12.5995357955, 691.6718219703, 61.808584093, 77.3091095443, 993.8583165188, 178.0402591325, 44.7959999915, 28.3032051273, 308.7547731526, 48.6175119472, 58.4091252879, 135.7387590164, 117.0658583118, 184.0401043789, 62.5725290078, 26.3161082158, 582.4400775464, 102.2360533265, 106.9511570763, 290.4576497468, 47.9654995538, 17.2159733402, 696.9423088783, 746.326842359, 162.3035394637, 156.6745618807, 72.847455552, 171.3805968911, 234.9957712891, 37.1038994116, 661.1450283188, 85.4375122026, 601.3406845513, 66.5594185286],
      [8.0611754253, 54.9026451892, 50.2046934858, 37.926561718, 66.1341324694, 5.9780825448, 14.692060189, 18.1244206929, 2.2153940383, 1.3269466426, 62.5358230462, 11.8415650774, 15.2675600837, 84.8108237231, 28.4651030196, 4.1267506127, 6.5679783987, 33.6820151456, 6.2439437581, 4.5908747121, 17.2612409836, 18.2592494686, 26.4287146474, 6.256180153, 5.4036300758, 62.4144727556, 17.5630806689, 15.7472566382, 54.4675851651, 8.8704047482, 3.637278463, 63.1704214226, 64.1938377722, 24.7278415916, 13.7519947232, 14.0043164681, 26.1552703336, 33.9066587223, 2.8961005884, 52.1421707542, 11.2847356124, 85.5688404171, 5.3420845596],
      [0.13421885374, 0.8974071351, 0.51414048239, 0.14171106859, 0.76498847056, 0, 0, 0.31688712549, 0.1373855708, 0.035698838629, 1.7923549835, 0.23391625727, 0.20261575066, 1.7529009529, 0.39456573459, 0.077249395827, 0.097040641112, 0.24989056341, 0.13854429471, 0, 0, 0.45039607155, 0.50291814544, 0.17129083918, 0.15576991724, 0.81237918957, 0.20086600465, 0.26521771841, 0.82248348066, 0.13132440665, 0.14674819686, 1.2212081335, 0, 0.54945584388, 0.32419606593, 0, 0.067543197338, 1.0975699886, 0, 0.36901347569, 0.27775218505, 2.1022489256, 0]
    ],
    [
      [0.21572493805, 3.2070213746, 5.3151870874, 2.1158225723, 5.3373598478, 0, 2.0790292887, 1.3014756534, 0.13637115965, 0.043490681572, 7.5168062542, 1.5074438743, 0.16303361626, 7.2230747032, 3.1719164534, 0.56216406545, 0.42902986903, 1.9705254481, 0.68537053755, 0.73354905407, 0.88943680423, 1.7368794825, 1.2152445803, 0.61348352917, 0.64120763744, 4.151630068, 0, 1.8876422386, 5.4496038878, 0.70553451472, 0, 8.353560474, 4.8746797087, 1.2128230707, 1.0705814858, 0.61982005171, 0.60338406924, 0.7471696537, 0.29708847762, 5.1691768759, 0.59587304906, 4.7024147376, 0.35809942677],
      [2.2765496646, 42.9240624826, 47.4428011282, 40.4337636804, 67.8839737225, 4.1868185681, 19.6374268061, 15.9800259646, 1.7881329387, 0.50169867257, 26.2517185661, 9.9724476886, 2.1426267752, 54.3761433701, 34.1813266534, 5.9089770761, 4.7413173436, 31.3638759554, 4.1829814827, 4.9009264433, 14.9949944299, 14.5569572858, 24.0917182492, 4.013184471, 3.9004831372, 53.3988138535, 7.0095577058, 12.1400254576, 48.9295679997, 2.8985698628, 3.3275381624, 71.0717365524, 33.4076224344, 12.595763918, 10.2700398683, 4.1459058853, 3.8142673518, 20.9245626752, 11.1368332296, 38.8115809291, 8.4438406152, 43.9967983801, 5.7952031764],
      [0.19053598106, 2.4691185854, 2.7760180878, 1.439650378, 4.3914033472, 0.38481825277, 1.8146824945, 1.0891964959, 0.39753633338, 0.030477614564, 2.138814555, 0.72563577227, 0.093144524153, 3.7155946763, 1.3931951801, 0.49183168859, 0.45480894942, 1.7166830807, 0.35474291809, 0.72233702068, 0.3887143667, 0.99633641726, 0.93997273993, 0.81536266056, 0.56737554552, 2.6052099575, 0.84469038304, 1.5329650111, 2.6877467308, 0.52535589713, 0.053942103664, 5.3192908772, 3.4879809476, 1.2849638604, 1.0061811955, 0.34541397549, 0.38168211836, 0.61513950665, 0, 2.0308472714, 0.72720009138, 10.1384331609, 0.2709190812],
      [0.58000244349, 6.6024778596, 8.2978274337, 4.6675677108, 9.3787921754, 2.6854180565, 7.6692170078, 3.787983432, 0.38335110127, 0.096572572822, 8.48918902, 1.2588711224, 0.24850741006, 19.109004496, 6.3350094783, 4.0690622823, 0.78951340418, 3.3446788769, 2.3202254255, 1.9712796019, 2.5037596915, 1.7606700961, 2.4823130644, 2.057592913, 0.27737032324, 9.8836666083, 2.5772504074, 3.7598270974, 9.1157941149, 0.7835640212, 0.098977505595, 17.2386331576, 13.9818190501, 1.8139945086, 3.3788191669, 0.35724592817, 1.0081567648, 0.97271993834, 2.4187595439, 14.5930912427, 2.9188161597, 6.996211077, 2.3466335133],
      [2.0005017517, 22.1291037065, 19.6411903627, 13.2258068268, 27.3557670461, 3.9426300433, 11.2886951996, 8.8446890739, 0.90659282367, 0.24884383391, 13.3611424069, 4.605182055, 0.94312839296, 30.186642469, 18.6597413124, 7.0809964381, 3.5649594112, 6.6620585903, 5.741971501, 2.9234752357, 4.8802605868, 5.1954046278, 6.551686156, 3.9112697861, 1.209932066, 19.3206149587, 7.069250991, 10.311716059, 31.3522820499, 2.7975316418, 0.36209088954, 28.8971564542, 21.9174626224, 5.1747261847, 5.6596768631, 1.2988354477, 2.8520113102, 2.4912928026, 3.3118666169, 20.9408585741, 7.2526174585, 18.0868567872, 3.5103151998],
      [0.73668522108, 7.6682159913, 5.5269759001, 3.1173888317, 7.6527038611, 1.8003150793, 2.5109492032, 2.9966293802, 0.38801564329, 0.078916624561, 4.2423291979, 1.9304194874, 0.40955928136, 10.3895402854, 5.2588109224, 1.8869684495, 1.0203710226, 1.9421780486, 1.7147081351, 1.7484326444, 4.342834121, 1.7537520904, 2.7190652101, 1.5891066402, 0.40363129062, 5.640064554, 1.4992505127, 3.3678241364, 9.4650052168, 1.2894440623, 0.15745133877, 11.1196224845, 5.3304352368, 1.9177284576, 1.6147014204, 0.23277871165, 1.3404983856, 1.2491154236, 1.8354521319, 5.4544451068, 2.0616526262, 8.0792858573, 0.71882960246]
    ],
    [
      [4.1378187182, 22.3996832239, 44.4784970232, 17.3033905892, 34.6237843932, 0, 6.6370842372, 11.980687508, 1.4079382112, 2.153441622, 60.1626220492, 13.2159515878, 6.1069665752, 56.9575292257, 22.5278089576, 4.0617509141, 5.9091022901, 13.3682796376, 4.8520493669, 5.1508704582, 6.3348177177, 8.8658508594, 10.6104923455, 4.0630596647, 4.4419877203, 23.9892232468, 1, 15.4708749321, 42.4718699921, 6.5040157454, 0, 52.5016210019, 39.9556590505, 8.4236112666, 4.8596998568, 4.5047897042, 6.8524737176, 11.2980620109, 1.7021642105, 54.6869475944, 4.4041269509, 42.283539797, 3.8598710842],
      [1.456436174, 10.5915352872, 14.0186124019, 11.6131944077, 15.6369514059, 3.7181286189, 2.1764886628, 5.1309108711, 0.54932983925, 0.66926776578, 7.3950109001, 2.9683358806, 2.637864456, 15.2469485445, 8.4364081256, 1.4540257267, 2.2170195251, 7.3719512942, 0.75566714249, 1.1476705903, 3.4187636681, 2.4894656242, 7.2780668561, 0.8834971109, 0.79888384371, 10.8932862931, 1.717455235, 3.4679508742, 13.5684384692, 0.8740929649, 2.4371086972, 15.8537422498, 9.7048990228, 3.0018966572, 1.5806129482, 0.87559006107, 1.4562312217, 10.7567106303, 1.9782139854, 14.5808045532, 2.1849915458, 14.1659003616, 2.0892374462],
      [3.9415045023, 18.8534556775, 25.3809291881, 12.8960918388, 31.260463075, 8.1042594985, 6.3163502609, 10.9681175397, 4.1034856012, 1.6230243332, 18.6195093581, 6.9041623468, 3.7981023687, 32.1351095842, 10.2885438868, 3.8395209745, 6.8814470071, 12.7072164423, 2.659350204, 5.6463471108, 2.3536924063, 5.4904752037, 8.9760244754, 6.0068800428, 4.3790885544, 16.4705796747, 4.0888401234, 13.8136280851, 23.0538194904, 5.2903710309, 1.4608241864, 36.5572723599, 31.2967129277, 9.7667471905, 4.9465796535, 2.5431530709, 4.6610071288, 10.1206194528, 0.43673874073, 23.5699060866, 5.8489474955, 100.4895677209, 3.1417977384],
