{
  "X": [
    [28, 35, 356, 413, 44],
    [15, 9, 114, 118, 8],
    [14, 6, 81, 61, 6],
    [17, 18, 118, 74, 5],
    [32, 41, 305, 347, 20],
    [8, 21, 130, 199, 13],
    [2, 2, 6, 13, 0],
    [11, 6, 51, 53, 5],
    [5, 5, 87, 78, 10],
    [9, 14, 128, 176, 16],
    [5, 0, 22, 19, 5],
    [7, 6, 23, 66, 3],
    [15, 13, 172, 100, 10],
    [8, 6, 48, 52, 6],
    [19, 21, 99, 147, 5],
    [24, 31, 58, 274, 15],
    [40, 22, 108, 303, 15],
    [19, 33, 105, 250, 16],
    [42, 35, 115, 418, 26],
    [23, 33, 161, 252, 12],
    [4, 0, 10, 30, 1],
    [32, 17, 171, 248, 23],
    [15, 14, 31, 243, 21],
    [14, 9, 228, 88, 24],
    [27, 26, 362, 302, 22],
    [67, 37, 639, 450, 28],
    [65, 59, 322, 633, 42],
    [46, 42, 268, 466, 45],
    [38, 43, 271, 436, 14],
    [37, 31, 257, 412, 36],
    [28, 34, 67, 301, 7],
    [22, 27, 152, 204, 9],
    [1, 6, 33, 69, 4],
    [27, 38, 297, 483, 28],
    [22, 23, 167, 318, 13],
    [24, 25, 279, 399, 21],
    [10, 23, 167, 258, 21],
    [11, 10, 115, 181, 7],
    [16, 27, 113, 223, 12],
    [67, 70, 519, 691, 54],
    [16, 37, 227, 322, 11],
    [16, 23, 188, 300, 16],
    [18, 33, 157, 304, 17],
    [2, 0, 9, 18, 3],
    [2, 1, 3, 12, 0],
    [467, 582, 4177, 6523, 460],
    [96, 71, 322, 741, 38],
    [144, 115, 612, 1045, 70],
    [50, 5, 172, 173, 18]
  ],
  "W": [
    [29, 62, 269, 432, 66, 18],
    [9, 20, 79, 129, 22, 5],
    [9, 20, 36, 88, 11, 4],
    [15, 35, 21, 131, 24, 6],
    [28, 46, 188, 362, 93, 28],
    [14, 29, 89, 174, 51, 14],
    [0, 1, 11, 9, 2, 0],
    [5, 7, 47, 57, 6, 4],
    [21, 13, 43, 97, 8, 3],
    [13, 24, 101, 160, 33, 12],
    [2, 3, 12, 24, 6, 4],
    [3, 8, 53, 28, 11, 2],
    [16, 24, 43, 191, 26, 10],
    [4, 8, 32, 60, 11, 5],
    [14, 20, 82, 128, 39, 8],
    [12, 29, 241, 81, 25, 14],
    [17, 45, 233, 123, 48, 22],
    [15, 32, 182, 129, 51, 14],
    [24, 66, 335, 133, 56, 22],
    [13, 46, 139, 199, 61, 23],
    [0, 7, 15, 18, 5, 0],
    [40, 87, 117, 195, 44, 8],
    [10, 20, 194, 53, 28, 19],
    [19, 13, 57, 251, 13, 10],
    [23, 61, 147, 420, 66, 22],
    [64, 122, 212, 718, 83, 22],
    [42, 99, 392, 421, 135, 32],
    [47, 80, 272, 351, 91, 26],
    [28, 72, 251, 344, 87, 20],
    [26, 57, 268, 322, 70, 30],
    [15, 41, 231, 94, 42, 14],
    [14, 38, 107, 180, 59, 16],
    [5, 10, 46, 40, 10, 2],
    [26, 68, 245, 386, 107, 41],
    [16, 52, 197, 209, 51, 18],
    [37, 60, 214, 343, 75, 19],
    [27, 36, 133, 208, 56, 19],
    [15, 29, 81, 144, 48, 7],
    [20, 31, 119, 142, 63, 16],
    [62, 110, 393, 653, 140, 43],
    [19, 46, 152, 293, 87, 16],
    [20, 48, 161, 236, 61, 17],
    [30, 65, 144, 203, 62, 25],
    [1, 6, 8, 15, 0, 2],
    [1, 4, 8, 3, 1, 1],
    [518, 898, 4217, 4917, 1311, 348],
    [32, 129, 571, 372, 108, 56],
    [49, 196, 685, 767, 199, 90],
    [15, 87, 83, 203, 15, 15]
  ],
  "method": "mvn_pdf",
  "cond_prob": [
    [
      [0.00042853006697, 0.021544176432, 0.39269685563, 0.355687212, 0.22964322587],
      [0.25195679798, 0.027904894711, 0.096735103326, 0.60824528668, 0.015157917306],
      [0.031824577627, 0.051844258082, 0.0054662204116, 0.8491857882, 0.061679155677],
      [0.0040869767891, 0.011437328221, 0.77294644322, 0.17335765806, 0.038171593705],
      [0.000286757916, 0.16606743933, 0.042841587344, 0.78666446702, 0.0041397483905],
      [0.11227443203, 0.15542406669, 0.022410736244, 0.54069571918, 0.16919504586]
    ],
    [
      [0.00083766075071, 0.01840337781, 0.48891747287, 0.35453789748, 0.13730359109],
      [0.40177248468, 0.018797300436, 0.094036297732, 0.47832313513, 0.0070707820206],
      [0.06263094783, 0.04442437458, 0.0067367058347, 0.84962420645, 0.036583765305],
      [0.0070227546186, 0.0085446225417, 0.82072092087, 0.13900470452, 0.024706997451],
      [0.00056944158332, 0.14521173855, 0.053597836649, 0.79813498358, 0.0024859996314],
      [0.21814068409, 0.13039668862, 0.026933166003, 0.52636147776, 0.098167983528]
    ],
    [
      [0.0010665084708, 0.020335217833, 0.50650221573, 0.32108771624, 0.15100834173],
      [0.48375164485, 0.01919494928, 0.089459527493, 0.40050036548, 0.0070935128992],
      [0.084547706058, 0.05195819628, 0.0073179597374, 0.81414587375, 0.04203026417],
      [0.0020525862593, 0.012620190891, 0.83681886071, 0.1196285964, 0.028879765734],
      [0.00076749463763, 0.17195634062, 0.058363328762, 0.76605823079, 0.0028546051854],
      [0.2706452692, 0.14012311063, 0.026696649709, 0.45924869177, 0.10328627868]
    ],
    [
      [0.00082087121114, 0.067031357552, 0.4742903707, 0.34918006137, 0.10867733917],
      [0.38085271508, 0.065291160418, 0.088848560143, 0.45955794806, 0.0054496162967],
      [0.055952511191, 0.14823571506, 0.0059723532289, 0.76341175988, 0.026427660638],
      [0.011493566758, 0, 0.81393758533, 0.15748961992, 0.017079227993],
      [0.00040451811621, 0.39132436584, 0.037737142228, 0.56910600436, 0.0014279694547],
      [0.1612455815, 0.3674340376, 0.019835054185, 0.3927399376, 0.058745389111]
    ],
    [
      [0.00071551491038, 0.028503215096, 0.43912432598, 0.40313067262, 0.12852627139],
      [0.33417451324, 0.029166176412, 0.085391413623, 0.54455104035, 0.0067168563736],
      [0.047274592792, 0.060979572645, 0.0054284979726, 0.85558639409, 0.030730942505],
      [0.0083063352087, 0.01295316649, 0.7826046634, 0.17465887463, 0.021476960279],
      [0.00041199775853, 0.18916495708, 0.04119051528, 0.76723441826, 0.0019981116233],
      [0.1669680497, 0.18266853312, 0.022226791311, 0.54405134676, 0.084085279105]
    ],
    [
      [0.00037062050445, 0.030375722357, 0.32611977221, 0.4850835683, 0.15805031663],
      [0.18566209169, 0.033385901965, 0.067940545916, 0.70421490065, 0.0087965597793],
      [0.016374040631, 0.055987116321, 0.0034610836213, 0.88719430659, 0.036983452836],
      [0, 0.017998594702, 0.69882742702, 0.25002240927, 0.033151569013],
      [0.00018408632044, 0.17451334652, 0.026309656353, 0.79689207057, 0.0021008402332],
      [0.081709473955, 0.18512565905, 0.01558901002, 0.62006498762, 0.097510869356]
    ],
    [
      [0.0023072118492, 0.060388703502, 0.29857554219, 0.60422067669, 0.034507865775],
      [0.7489744242, 0.016593566392, 0.01360932965, 0.22082267975, 0],
      [0.091908787111, 0.092573275703, 0, 0.81551793719, 0],
      [0.02649464063, 0.041733253419, 0.66195157972, 0.26982052623, 0],
      [0.00078857595298, 0.29475056005, 0.014413226432, 0.69004763756, 0],
      [0.38104813712, 0.21782211553, 0.0061960135752, 0.38552090626, 0.0094128275076]
    ],
    [
      [0.0018893539241, 0.024957481606, 0.49960493881, 0.31837948834, 0.15516873732],
      [0.64087015808, 0.01644600565, 0.060806057295, 0.27683199129, 0.0050457876843],
      [0.10456084702, 0.059539088354, 0.0074333852153, 0.77593465092, 0.052532028488],
      [0, 0.020604691277, 0.83008181667, 0.12532419569, 0.023989296361],
      [0.0013139781548, 0.20608094417, 0.05493330604, 0.7348613169, 0.002810454731],
      [0.39555461123, 0.13770008298, 0.0206751033, 0.36217574255, 0.083894459935]
    ],
    [
      [0.00038655259758, 0.017888392306, 0.42381070774, 0.37363195274, 0.18428239462],
      [0.23132171242, 0.02288546038, 0.10200043756, 0.63200522281, 0.011787166827],
      [0.028198999475, 0.042225379066, 0.0057019746039, 0.87621515145, 0.047658495407],
      [0.0046355688802, 0.010339350733, 0.78448489848, 0.16464862254, 0.035891559371],
      [0.0002542278159, 0.13741678596, 0.044885937831, 0.81424319525, 0.0031998531429],
      [0.10681971758, 0.13629672265, 0.024887295411, 0.59184921177, 0.14014705259]
    ],
    [
      [0.00037908075599, 0.020957932451, 0.36893628539, 0.40715846298, 0.20256823842],
      [0.21351914453, 0.025802568656, 0.085941930402, 0.66215657099, 0.012579785424],
      [0.025355102359, 0.045427573381, 0.0045948942585, 0.87608437896, 0.048538051045],
      [0.00095533084585, 0.012098394439, 0.7452700542, 0.20204721881, 0.039629001706],
      [0.00022901600408, 0.14644186001, 0.036132307672, 0.8139350168, 0.0032617995168],
      [0.095778056654, 0.14598131902, 0.020130234591, 0.59527078658, 0.14283960315]
    ],
    [
      [0.0011286058889, 0, 0.35215605469, 0.18018136244, 0.46653397698],
      [0.69249677872, 0, 0.060024066921, 0.22859282517, 0.018886329191],
      [0.1239269829, 0, 0.0070978379428, 0.70173402988, 0.16724114928],
      [0, 0, 0.83355545586, 0.14056936815, 0.025875175988],
      [0.0015927247432, 0, 0.13953656401, 0.8444207113, 0.014449999948],
      [0.35589307722, 0, 0.046972827476, 0.27321533438, 0.32391876093]
    ],
    [
      [0.00095289101943, 0.027528003024, 0.38735734464, 0.45244093494, 0.13172082638],
      [0.3996565877, 0.023510231097, 0.060388636259, 0.51089838515, 0.0055461598007],
      [0.057987949081, 0.059930427333, 0, 0.84934176118, 0.032739862401],
      [0.011115986692, 0.012364269679, 0.74893980063, 0.20417120936, 0.023408733632],
      [0.00050375580247, 0.17154144279, 0.031922956183, 0.79421985979, 0.0018119854328],
      [0.20486919143, 0.15993303591, 0.016675970141, 0.54358222564, 0.074939576871]
    ],
    [
      [0.00073081967818, 0.024912626786, 0.50368650866, 0.32804231571, 0.14262772917],
      [0.37871129129, 0.027613424588, 0.10554259569, 0.4801422965, 0.0079903919433],
      [0.057735580081, 0.063628930867, 0.0073749175599, 0.83098289127, 0.040277680226],
      [0.0077212562013, 0.011740488832, 0.83432701316, 0.12166391496, 0.024547326854],
      [0.00049987055533, 0.19844345815, 0.055809658842, 0.74264165275, 0.0026053597084],
      [0.19288493819, 0.18006684755, 0.028336146708, 0.49491527801, 0.10379678954]
    ],
    [
      [0.0011183914852, 0.025223820967, 0.38301742217, 0.36925134457, 0.2213890208],
      [0.48549354043, 0.021817043105, 0.061601891977, 0.4217837635, 0.0093037609856],
      [0.077033302359, 0.055770340212, 0.0047560862442, 0.81026551971, 0.05217475147],
      [0.0065509078178, 0.018787331079, 0.75525260259, 0.17461815848, 0.044791000029],
      [0.00070225481233, 0.18737454495, 0.038301085285, 0.77005976539, 0.00356234957],
      [0.24914663262, 0.15031152507, 0.017290464371, 0.45449619096, 0.12875518697]
    ],
    [
      [0.0015082996051, 0.04607692403, 0.36243596554, 0.49027781003, 0.099701000797],
      [0.48145271239, 0.031154402548, 0.046306354818, 0.43766102359, 0.0034255066525],
      [0.078949007141, 0.077830499677, 0.0035089767543, 0.82102733223, 0.0186841842],
      [0.0062810786629, 0.017458690152, 0.71544795985, 0.24841917691, 0.012393094431],
      [0.0006792977146, 0.24139062199, 0.026424746486, 0.73029981043, 0.0012055233726],
      [0.25569253654, 0.21259843024, 0.013016164828, 0.4724127118, 0.046280156595]
    ],
    [
      [0.00085521326263, 0.047576135912, 0.27397105123, 0.50340716713, 0.17419043247],
      [0.33652934288, 0.040842800929, 0.044421808464, 0.57061926823, 0.0075867794913],
      [0.046169526361, 0.07362140615, 0.0041091710534, 0.84179212561, 0.034307770827],
      [0.011886158309, 0.026606375804, 0.63947615252, 0.28302087869, 0.039010434681],
      [0.00037761763964, 0.24322664466, 0.019571990221, 0.73476135407, 0.0020623934139],
      [0.15223652717, 0.23329312167, 0.010495471891, 0.51753770847, 0.086437170801]
    ],
    [
      [0.0010860729255, 0.021211226866, 0.41836061888, 0.42217233497, 0.13716974635],
      [0.42821581141, 0.018249111148, 0.067997572918, 0.47952765168, 0.0060098528437],
      [0.06005293866, 0.043008432771, 0.005109333717, 0.85981745458, 0.032011840271],
      [0.011928368572, 0.0093804567468, 0.76672990507, 0.18761980848, 0.024341461131],
      [0.00063402968059, 0.14272167704, 0.039529033452, 0.81495969041, 0.0021555694177],
      [0.23735762637, 0.12694534674, 0.019651455131, 0.53234352178, 0.083702049988]
    ],
    [
      [0.00059890101395, 0.039749017148, 0.36553417186, 0.42383399462, 0.17028391536],
      [0.28812582427, 0.041786799911, 0.072662754913, 0.58834501476, 0.0090796061502],
      [0.038689217388, 0.072184247711, 0.0037240187554, 0.84497151191, 0.040431004236],
      [0.0072053167198, 0.019249156314, 0.73419519055, 0.20633351681, 0.033016819606],
      [0.00031098840413, 0.23886814084, 0.030745394279, 0.7277051749, 0.0023703015765],
      [0.12744330558, 0.23311697963, 0.016772368737, 0.52147477519, 0.10119257087]
    ],
    [
      [0.00072636083393, 0.026009728696, 0.36810136095, 0.42631893621, 0.17884361331],
      [0.33101217943, 0.026060143864, 0.069853443213, 0.56394534608, 0.0091288874108],
      [0.04596102775, 0.053796934964, 0.0038183333647, 0.85498286522, 0.041440838699],
      [0.008720371984, 0.012575934328, 0.73684625245, 0.20716923549, 0.034688205749],
      [0.00040940980994, 0.16891203483, 0.033668090822, 0.79429560681, 0.0027148577238],
      [0.16164012628, 0.15918866305, 0.017733352103, 0.54975593357, 0.111681925]
    ],
    [
      [0.00061168707897, 0.036298229447, 0.39635009396, 0.44159065428, 0.12514933524],
      [0.28488929491, 0.037036449989, 0.076653094758, 0.59491913175, 0.0065020285848],
      [0.037058746287, 0.071254200672, 0.0044794923787, 0.85984238558, 0.027365175082],
      [0.008343595746, 0.013993626499, 0.75002118943, 0.20545978161, 0.022181806722],
      [0.00031404671386, 0.21537517745, 0.033050397958, 0.74953108305, 0.0017292948327],
      [0.13288879848, 0.21728238812, 0.01862895686, 0.55508944488, 0.076110411662]
    ],
    [
      [0.0011542668349, 0.0097254173481, 0.18664084473, 0.69911444309, 0.10336502799],
      [0.38759859323, 0, 0.0215009648, 0.58181016945, 0.0090902725248],
      [0.04794582892, 0, 0.0013749286355, 0.92423809845, 0.02644114399],
      [0.019162408761, 0, 0.54276506446, 0.40836902709, 0.029703499688],
      [0.044539811184, 0, 0.011819631334, 0.94262296987, 0.001017587616],
      [0.2134714845, 0.044294160932, 0.0066818616875, 0.69017144866, 0.045381044213]
    ],
    [
      [0.00056123008345, 0.019956651848, 0.37926202913, 0.40304739181, 0.19717269712],
      [0.2871249278, 0.022431934893, 0.080879588246, 0.59831819355, 0.011245355518],
      [0.037550541223, 0.043253296021, 0.0047400078307, 0.86695550913, 0.047500645797],
      [0.0076353691204, 0.0097320056216, 0.75083732695, 0.19409413882, 0.037701159486],
      [0.00034423489267, 0.14123525959, 0.037814927334, 0.81736284782, 0.0032427303597],
      [0.13752818019, 0.13467842972, 0.020159772798, 0.5722880684, 0.13534554889]
    ],
    [
      [0.0006013682882, 0.021102745901, 0.16581895495, 0.50427691476, 0.3082000161],
      [0.27305996617, 0.020899813761, 0.031096076301, 0.65961415484, 0.015329988936],
      [0.034287781543, 0.035279754997, 0.0054231658303, 0.87618017038, 0.04882912725],
      [0.010958005603, 0.015478369555, 0.51215577661, 0.37163443445, 0.089773413782],
      [0.00030887024353, 0.12498732098, 0.013821620102, 0.85668217271, 0.0042000159653],
      [0.12060709003, 0.11614238014, 0.0071859594811, 0.58432993896, 0.17173463138]
    ],
    [
      [0.0007107501124, 0.015384758325, 0.46278522584, 0.23270789979, 0.28841136594],
      [0.44224933366, 0.020207226484, 0.11505082032, 0.40346107533, 0.019031544204],
      [0.072783613587, 0.050822446241, 0.008783145583, 0.76265915638, 0.10495163821],
      [0.0077706142244, 0.0081427849519, 0.86044369628, 0.084485982603, 0.039156921945],
      [0.00068788717743, 0.17333323815, 0.072701939291, 0.74586514424, 0.0074117911425],
      [0.21292217322, 0.12509450929, 0.029428777053, 0.39597555027, 0.23657899016]
    ],
    [
      [0.00049363131728, 0.020257767807, 0.46836427566, 0.36956535331, 0.1413189719],
      [0.27091535971, 0.024435324173, 0.10739018594, 0.58856201952, 0.0086971106598],
      [0.036222363563, 0.048153329284, 0.0064353382456, 0.87166968419, 0.037519284721],
      [0.005177188197, 0.0085955759079, 0.80915296734, 0.15285032019, 0.02422394836],
      [0.0003214287778, 0.15201335278, 0.049694011562, 0.79548935044, 0.0024818564448],
      [0.13374948872, 0.15099790893, 0.027580661251, 0.58012902266, 0.10754291844]
    ],
    [
      [0.00078934848596, 0.021187336326, 0.49292497247, 0.36934411698, 0.11575422574],
      [0.37068655907, 0.021909884511, 0.097067077006, 0.50420706098, 0.0061294184264],
      [0.056969864043, 0.049524278927, 0.0066755906813, 0.85650892779, 0.030321338557],
      [0.0072489437124, 0.008573478865, 0.8207293625, 0.14752668185, 0.015921533072],
      [0.00050970879346, 0.15745553517, 0.051962499738, 0.78804873794, 0.002023518355],
      [0.20004831352, 0.14760409946, 0.027219244829, 0.54257361667, 0.082554725522]
    ],
    [
      [0.00086566050467, 0.02818870678, 0.33464304054, 0.45951918722, 0.17678340495],
      [0.35703425973, 0.025616771591, 0.057883120242, 0.55125367588, 0.0082121725566],
      [0.050188095139, 0.052934439646, 0.0036395843011, 0.85608712206, 0.037150758856],
      [0.0099776466165, 0.015298119794, 0.70412132984, 0.23355712729, 0.037045776454],
      [0.00045494183454, 0.17039892939, 0.028697303909, 0.79793807045, 0.0025107544139],
      [0.17754721493, 0.15891717766, 0.014957201734, 0.54658557116, 0.10199283452]
    ],
    [
      [0.00071729858319, 0.025979763977, 0.31238815676, 0.43093868512, 0.22997609556],
      [0.32863948018, 0.026186656261, 0.059905641215, 0.57344934756, 0.011818874776],
      [0.044014449236, 0.051633070659, 0.0035936116894, 0.84972467389, 0.051034194524],
      [0.010399329965, 0.015266382559, 0.69676323637, 0.23360803194, 0.043963019165],
      [0.00040273609543, 0.16793212182, 0.028605642181, 0.7995793984, 0.0034801015034],
      [0.15447632913, 0.15382692342, 0.014647444307, 0.53794916267, 0.13910014048]
    ],
    [
      [0.00071221509666, 0.032445220889, 0.37745117577, 0.48664786802, 0.10274352022],
      [0.30100171267, 0.030160772619, 0.066715695635, 0.59723569207, 0.0048861270001],
      [0.039911579903, 0.058896398525, 0.003962061043, 0.87635630333, 0.020873657194],
      [0.0095628703115, 0.016069534678, 0.73161748759, 0.23051198879, 0.012238118636],
      [0.00034795024713, 0.18259961321, 0.030053528872, 0.78564135024, 0.0013575574359],
      [0.14851145254, 0.18614379393, 0.017114346466, 0.58802680575, 0.060203601318]
    ],
    [
      [0.00064702755074, 0.020712595021, 0.36693422779, 0.40541148545, 0.20629466418],
      [0.3163555755, 0.02225761892, 0.074940908835, 0.57514800205, 0.011297894697],
      [0.042678916168, 0.044245407136, 0.0045313443073, 0.85935571774, 0.049188614652],
      [0.00897370392, 0.0097614400312, 0.74180910222, 0.20075966416, 0.038696089668],
      [0.00039346664012, 0.14499627344, 0.03635312172, 0.8148774566, 0.003379681599],
      [0.153196154, 0.13473654359, 0.018880952103, 0.55608330291, 0.1371030474]
    ],
    [
      [0.00094288978873, 0.049492877958, 0.27599488008, 0.56818576994, 0.10538358224],
      [0.33476602208, 0.038405301627, 0.040513241776, 0.58214519329, 0.0041702412284],
      [0.046851010228, 0.070641336277, 0.006403160257, 0.86599272003, 0.01011177321],
      [0.012772579575, 0.026978498367, 0.6258275357, 0.31132324554, 0.023098140823],
      [0.00037736512349, 0.22901195101, 0.017902301036, 0.75157142242, 0.0011369604125],
      [0.15867104072, 0.22931142822, 0.010015633412, 0.55246838409, 0.049533513556]
    ],
    [
      [0.0007332200576, 0.033018632188, 0.43361028741, 0.41830420449, 0.11433365586],
      [0.3334874387, 0.032688744922, 0.081260634074, 0.5468046251, 0.0057585571968],
      [0.046614884189, 0.067966634942, 0.0051294452616, 0.8541038163, 0.026185219305],
      [0.0093239267667, 0.013991954017, 0.77612474009, 0.18312651008, 0.017432869041],
      [0.00039859936233, 0.20767765949, 0.038232684491, 0.75201982776, 0.0016712288998],
      [0.16422471624, 0.20322520441, 0.020907477306, 0.54025721165, 0.071385390395]
    ],
    [
      [0.00022718585474, 0.027054435678, 0.37590454151, 0.45091857572, 0.14589526124],
      [0.088710174485, 0.033637706775, 0.086513338444, 0.74202635739, 0.049112422906],
      [0, 0.061856446954, 0.0011758724828, 0.90469730385, 0.032270376715],
      [0, 0.015276137429, 0.74615544986, 0.21162667867, 0.02694173405],
      [0.00012093146412, 0.16981682883, 0.031625407422, 0.79641821083, 0.0020186214605],
      [0.055276505617, 0.18687020428, 0.019390852684, 0.63990915782, 0.098553279605]
    ],
    [
      [0.00046022089348, 0.022874547308, 0.3533523903, 0.47534358963, 0.14796925187],
      [0.22335169693, 0.024496937403, 0.071987669233, 0.67206793876, 0.0080957576731],
      [0.026932335197, 0.043375481704, 0.0038781246481, 0.89443157707, 0.031382481381],
      [0.0021529080775, 0.011191517514, 0.72017774079, 0.2360240465, 0.030453787118],
      [0.00024271828277, 0.13877234053, 0.030390468854, 0.82848674294, 0.0021077293967],
      [0.10596837483, 0.14497343445, 0.01773530957, 0.63539870754, 0.095924173618]
    ],
    [
      [0.00052237986324, 0.023660533378, 0.38056989158, 0.47531159039, 0.11993560479],
      [0.24567317005, 0.024462832882, 0.074633909567, 0.64890613704, 0.0063239504671],
      [0.030592612937, 0.04489093309, 0.0041629029959, 0.89495576594, 0.025397785034],
      [0.0048469417992, 0.012086436485, 0.73787654482, 0.22476553744, 0.020424539454],
      [0.00027355370661, 0.14280085408, 0.03239148497, 0.82284098356, 0.0016931236873],
      [0.120162792, 0.14983008633, 0.018981274805, 0.63359566945, 0.077430177408]
    ],
    [
      [0.0004836991932, 0.020061155868, 0.38858419836, 0.46249858238, 0.1283723642],
      [0.23598556493, 0.021552598718, 0.079371259602, 0.65604502484, 0.0070455519098],
      [0.029243963798, 0.039290257224, 0.0044013672031, 0.8989488051, 0.028115606675],
      [0.0038988804659, 0.0074628179351, 0.74615886383, 0.2190946079, 0.023384829875],
      [0.00026478421659, 0.12637645888, 0.034664825792, 0.83679613143, 0.0018977996846],
      [0.11618874552, 0.13255185769, 0.020308646134, 0.64424454233, 0.086706208323]
    ],
    [
      [0.0003399462014, 0.024205884568, 0.35565472012, 0.43928446409, 0.18051498502],
      [0.18488948243, 0.028973344472, 0.080767673876, 0.69439623579, 0.01097326343],
      [0.013267747822, 0.04912270836, 0.0041619563553, 0.88989299108, 0.043554596383],
      [0, 0.014379364013, 0.72969942563, 0.22004453563, 0.035876674726],
      [0.00018940041905, 0.15561137588, 0.032217430881, 0.80928210349, 0.0026996893306],
      [0.082083326378, 0.16131240734, 0.01865733899, 0.6155908401, 0.12235608719]
    ],
    [
      [0.00051029773714, 0.018032029045, 0.37284673431, 0.49780753538, 0.11080340353],
      [0.23762800188, 0.018286194236, 0.071532887746, 0.66684923276, 0.005703683385],
      [0.029052250659, 0.033227096801, 0.0039487814446, 0.91108977204, 0.022682099057],
      [0.0062337814999, 0.0034361224096, 0.73173545866, 0.23946653836, 0.019128099075],
      [0.00026590904018, 0.10836605234, 0.031488171519, 0.85833111918, 0.0015487479162],
      [0.11963900089, 0.11592185016, 0.018807952052, 0.67327320568, 0.072357991214]
    ],
    [
      [0.00060727567956, 0.033959017392, 0.35121496461, 0.47425812114, 0.13996062118],
      [0.27505411996, 0.033548754169, 0.06568764522, 0.61868875932, 0.007020721338],
      [0.03467146874, 0.06279552647, 0.0037341894478, 0.87004493369, 0.028753881656],
      [0.0089391438204, 0.017106454667, 0.71454099454, 0.23033997507, 0.029073431908],
      [0.00030029995656, 0.19413075863, 0.028172219204, 0.77553944742, 0.0018572747877],
      [0.12793716674, 0.19679914167, 0.015959007974, 0.57705483016, 0.082249853461]
    ],
    [
      [0.00073060951388, 0.028744725403, 0.37139180215, 0.4269304223, 0.17220244063],
      [0.33014564543, 0.028658973117, 0.070529313412, 0.56187950303, 0.0087865650122],
      [0.045444137023, 0.057921491659, 0.0043379860919, 0.85342298462, 0.038873400609],
      [0.008944374585, 0.01415583515, 0.73667470854, 0.20630551768, 0.033919564046],
      [0.00040429044813, 0.18293642234, 0.033561320582, 0.78051963951, 0.0025783271154],
      [0.16004321153, 0.17319382045, 0.017755481428, 0.54274611515, 0.10626137145]
    ],
    [
      [0.00045548996814, 0.034967093065, 0.36933808838, 0.49143365555, 0.10380567303],
      [0.21430381097, 0.036181705474, 0.072612988732, 0.6714159236, 0.0054855712187],
      [0.025539023136, 0.063546961544, 0.0038768285163, 0.88596420719, 0.021072979614],
      [0.0022599346251, 0.016741830779, 0.7278973225, 0.23791191639, 0.015188995703],
      [0.00021782248598, 0.19290446648, 0.028763149906, 0.77677434316, 0.0013402179665],
      [0.098145466736, 0.20775522644, 0.017299460608, 0.61396932553, 0.062830520684]
    ],
    [
      [0.0004225666598, 0.023106029196, 0.37423278166, 0.46495445895, 0.13728416353],
      [0.21170176366, 0.025470813304, 0.078302687306, 0.67681642293, 0.0077083128014],
      [0.025317706116, 0.044862069996, 0.0041925928987, 0.89590706886, 0.029720562127],
      [0.00016346444015, 0.012011443733, 0.73630200825, 0.22429153486, 0.027231548711],
      [0.0002261550933, 0.14253483295, 0.032578951024, 0.82268188409, 0.0019781768441],
      [0.10007883869, 0.15077421042, 0.019248115266, 0.63860513391, 0.091293701718]
    ],
    [
      [0.00042394889424, 0.03498897074, 0.32346652623, 0.50151203846, 0.13960851567],
      [0.20072077306, 0.036519606755, 0.064110207192, 0.69122565741, 0.0074237555795],
      [0.018775390657, 0.062143311575, 0.0035660354318, 0.88565176173, 0.029863500602],
      [0, 0.018409499923, 0.69313050349, 0.25959109498, 0.028868901611],
      [0.00020014340088, 0.19063644705, 0.024848969639, 0.78253955982, 0.0017748800902],
      [0.088974645549, 0.20285325482, 0.014768132697, 0.61106689742, 0.082337069516]
    ],
    [
      [0.00031185366895, 0, 0.1438366283, 0.3964509584, 0.45940055963],
      [0.21310407396, 0, 0.036118541338, 0.727287202, 0.023490182695],
      [0.021457071523, 0, 0.0017723851563, 0.89023479014, 0.086535753177],
      [0.021544578292, 0, 0.57397332045, 0.32928730751, 0.075194793743],
      [0.00022128225103, 0.035090058557, 0.015926911238, 0.94244165492, 0.0063200930307],
      [0.11311922799, 0, 0.0078366178148, 0.58931894787, 0.28972520632]
    ],
    [
      [0.030199241583, 0.020370500138, 0.40275935491, 0.54667090337, 0],
      [0.32809003733, 0.020879740232, 0.045241067835, 0.6057891546, 0],
      [0.055342131994, 0.077961672145, 0, 0.86669619586, 0],
      [0.011193508018, 0.0070544131711, 0.79346292572, 0.18828915309, 0],
      [0.00074441967792, 0.11949579265, 0.022359729144, 0.85740005853, 0],
      [0.18037860941, 0.13175812961, 0.01352786745, 0.67433539353, 0]
    ],
    [
      [0.00052728189514, 0.023718708297, 0.41401211786, 0.39632819283, 0.16541369911],
      [0.27251587897, 0.02720261478, 0.090605836131, 0.59993239853, 0.0097432715898],
      [0.035825431297, 0.052226046371, 0.0052974645218, 0.86570360865, 0.040947449156],
      [0.0051156309844, 0.01080710595, 0.77228554702, 0.18147656371, 0.030315152344],
      [0.00031881656033, 0.16456807118, 0.040961487434, 0.79143533531, 0.002716289515],
      [0.13034551385, 0.1613828799, 0.022441751456, 0.57011090867, 0.11571894613]
    ],
    [
      [0.00089587833663, 0.027147894889, 0.43182074514, 0.40230140733, 0.13783407431],
      [0.38536151945, 0.025775674048, 0.077965536837, 0.50419714052, 0.0067001291446],
      [0.054882363823, 0.058444091713, 0.0058212542348, 0.8482847571, 0.032567533125],
      [0.0097215584376, 0.011868660056, 0.77739266138, 0.17677572866, 0.024241391471],
      [0.00052194331947, 0.18189075019, 0.041009882456, 0.77440363404, 0.0021737900011],
      [0.2008763665, 0.16741583004, 0.021091221389, 0.52353864277, 0.087077939299]
    ],
    [
      [0.00099121408991, 0.030774634324, 0.38055915043, 0.42002676658, 0.16764823457],
      [0.40224257611, 0.027609502663, 0.065051936021, 0.49738933048, 0.007706654724],
      [0.06130449664, 0.061666284497, 0.0044224855598, 0.83492726828, 0.037679465025],
      [0.0059359474073, 0.014563321516, 0.74209289746, 0.20460682912, 0.032801004495],
      [0.00054797105605, 0.1955106568, 0.034368953915, 0.76706151084, 0.0025109073913],
      [0.20507097213, 0.17513874677, 0.017203837569, 0.50473913666, 0.097847306875]
    ],
    [
      [0.001070043644, 0.01210037662, 0.41111131883, 0.37225138503, 0.20346687588],
      [0.45287033305, 0, 0.072006504741, 0.46257166968, 0.012551492524],
      [0.075217287285, 0.026378357619, 0.0053846744755, 0.84174397385, 0.051275706772],
      [0.0025312787414, 0, 0.77887727968, 0.1815384038, 0.037053037778],
      [0.00074099232226, 0.096536419243, 0.046220705682, 0.85273947238, 0.0037624103748],
      [0.25441540372, 0.078736291979, 0.021095864191, 0.51095707174, 0.13479536837]
    ]
  ],
  "expected_outcome": [
    [
      [0.012427371942, 0.0075389467564, 0.009598576237, 0.012313068167, 0.020034417491, 0.0051886870622, 0, 0.0094467696207, 0.0081176045491, 0.0049280498279, 0.0022572117778, 0.0028586730583, 0.011693114851, 0.0044735659408, 0.021116194472, 0.010262559152, 0.018463239734, 0.0089835152093, 0.017432660014, 0.0079519320266, 0, 0.022449203338, 0.006013682882, 0.013504252136, 0.011353520297, 0.050518303101, 0.036357741196, 0.03371303341, 0.019942022706, 0.016822716319, 0.014143346831, 0.010265080806, 0.0011359292737, 0.011965743231, 0.0083580778118, 0.017896870149, 0.0091785474377, 0.0076544660571, 0.012145513591, 0.04529778986, 0.0086543093946, 0.0084513331959, 0.012718466827, 0.00031185366895, 0.030199241583, 0.27313202168, 0.028668106772, 0.048569490405, 0.016050654659],
      [0.62478111654, 0.16563040029, 0.1830169605, 1.0054703633, 0.79809002269, 0.425260113, 0, 0.12478740803, 0.37565623843, 0.27245312186, 0, 0.082584009072, 0.39860202857, 0.10089528387, 0.64507693641, 0.57091363095, 0.36059085672, 0.59623525722, 0.62423348871, 0.47187698281, 0, 0.79826607393, 0.21102745901, 0.29231040818, 0.46592865955, 1.3559895249, 1.1839256848, 1.2210489069, 0.90846618488, 0.53852747056, 0.74239316937, 0.46226085064, 0.13527217839, 0.59473823, 0.37856853405, 0.74226276711, 0.65355888334, 0.27048043567, 0.67918034784, 1.782172975, 0.66437476823, 0.46212058392, 1.0496691222, 0, 0.020370500138, 12.2862908979, 0.86873263643, 1.5079570819, 0.1815056493],
      [11.3882088134, 4.4002572558, 4.5585199415, 7.1143555606, 12.2954811275, 4.5656768109, 0, 2.498024694, 8.9000248625, 4.7961717101, 0.70431210938, 1.1620720339, 8.0589841385, 1.5320696887, 5.0741035176, 3.2876526148, 7.112130521, 5.4830125778, 8.8344326629, 5.1525512215, 0, 15.1704811652, 1.6581895495, 8.7929192909, 10.7723783402, 31.547198238, 14.0550077026, 14.6822433676, 10.5686329217, 9.5402899226, 4.1399232012, 6.0705440237, 1.8795227075, 9.1871621478, 6.0891182653, 14.3776153394, 9.6026774433, 5.5927010147, 7.0242992922, 23.0262917335, 7.0174236792, 7.4846556332, 9.7039957869, 0.1438366283, 0.40275935491, 214.458277053, 13.8182638443, 18.6473983712, 6.1666697824],
      [10.3149291479, 3.1908410773, 2.8897894462, 5.2377009205, 11.2876588333, 6.7911699561, 0, 1.5918974417, 7.8462710076, 5.2930600188, 0.36036272488, 1.3573228048, 5.2486770513, 1.4770053783, 6.8638893404, 6.0408860055, 7.1769296946, 6.3575099194, 10.231654469, 5.7406785056, 0, 16.1218956726, 5.0427691476, 4.421450096, 8.5000031262, 23.6380234866, 19.2998058634, 20.2541182008, 13.6261403046, 10.5406986218, 8.5227865491, 5.8562588628, 2.2545928786, 12.3589333303, 7.6049854462, 17.112447548, 11.8606805305, 7.4671130307, 9.4851624228, 26.4696861826, 9.3372394555, 9.299089179, 15.0453611538, 0.3964509584, 0.54667090337, 205.2980038883, 12.8736450345, 20.5813115623, 5.5837707755],
      [6.6596535502, 1.2357323198, 1.3590750756, 1.6301600875, 3.598735599, 2.2127044329, 0, 0.77584368661, 3.8699302869, 2.6333870994, 0.93306795396, 0.39516247913, 2.2820436668, 0.8855560832, 1.3958140112, 2.0902851896, 2.3318856879, 2.5542587304, 4.2922467194, 1.6269413581, 0, 7.8869078849, 3.082000161, 5.4798159528, 3.2503363538, 7.4082704474, 7.424903008, 10.8088764913, 2.8768185662, 5.3636612688, 1.5807537336, 1.6006711821, 0.72947630622, 3.8472005487, 1.9189696767, 4.7497774753, 4.8739045954, 1.6620510529, 2.7992124235, 10.6765513191, 1.9723077876, 2.7456832706, 4.1882554702, 0.45940055963, 0, 85.6842961391, 4.4106903779, 8.2147634942, 3.0520031381]
    ],
    [
      [15.6213214746, 8.0354496936, 9.675032897, 13.3298450277, 15.372027609, 5.3842006591, 0.7489744242, 4.4860911066, 3.0071822614, 5.1244594686, 2.0774903361, 3.1972527016, 9.0890709908, 3.8839483235, 9.6290542479, 9.7593509435, 19.2697115135, 9.2200263765, 21.8468038424, 13.1049075661, 2.7131901526, 24.9798687183, 5.4611993233, 5.7492413376, 16.5258369422, 45.2237602069, 35.3463917131, 26.2911584147, 21.6721233123, 18.0322678036, 13.7254069051, 12.6725226708, 0.88710174485, 15.1879153915, 12.7750048426, 14.159133896, 6.6560213675, 6.8912120544, 8.5266777187, 36.3160209974, 9.8579753048, 10.1616846557, 13.0468502489, 1.2786244438, 1.3123601493, 244.7192593182, 49.7116360086, 78.8395449181, 39.3997189755],
      [1.7301034721, 0.37594600872, 0.3838989856, 2.2851906146, 1.3416441149, 0.96819115698, 0.016593566392, 0.11512203955, 0.29751098493, 0.61926164774, 0, 0.18808184878, 0.6627221901, 0.17453634484, 0.62308805096, 1.1844412269, 0.82121000165, 1.3371775971, 1.719969495, 1.7036766995, 0, 1.9515783357, 0.41799627522, 0.26269394429, 1.4905547746, 2.6730059103, 2.5360603875, 2.0949325008, 2.1715756286, 1.2686842785, 1.5746173667, 1.242172307, 0.33637706775, 1.6657917434, 1.2720673098, 1.2931559231, 1.043040401, 0.53029963286, 1.0400113792, 3.1524870429, 1.6643584518, 1.2225990386, 2.3737744391, 0, 0.083518960928, 24.4279480728, 3.3250619521, 5.411462522, 0],
      [5.9975764062, 1.8807259546, 1.7891905499, 3.109699605, 3.9280050267, 1.9702758316, 0.01360932965, 0.42564240106, 1.3260056883, 2.0626063296, 0.18007220076, 0.48310909007, 2.5330222965, 0.49281513581, 0.92612709636, 1.2882324455, 3.0598907813, 2.3252081572, 4.610327252, 3.5260423589, 0.1505067536, 7.0365241774, 0.62192152602, 1.4956606642, 6.5508013423, 11.8421833947, 5.7304289039, 4.7924512972, 4.8035300857, 4.2716318036, 1.6610429128, 3.0879040948, 0.86513338444, 4.8951615078, 3.8809632975, 4.7622755761, 2.9076362595, 2.0744537446, 2.0363170018, 7.7582244753, 3.3401974817, 3.7585289907, 4.1671634675, 0.21671124803, 0.18096427134, 81.3640408455, 10.0575542519, 12.7501794601, 6.2645659125],
      [37.7112077741, 9.5664627027, 8.0100073095, 16.0845281822, 25.0493478562, 20.4222321188, 0.22082267975, 1.937823939, 8.2160678966, 15.8917577038, 0.68577847552, 4.0871870812, 11.523415116, 3.374270108, 8.7532204718, 16.5479587788, 21.5787443256, 18.8270404723, 37.2203928414, 27.3662800607, 4.0726711861, 52.0536828385, 13.1922830967, 5.2449939793, 35.9022831907, 61.51326144, 54.5741139124, 45.8759478051, 43.0009698294, 32.7834361167, 23.867952925, 20.7785757539, 7.4202635739, 45.7006198355, 33.7431191259, 39.3627014902, 24.9982644884, 19.33862775, 19.1793515388, 61.806745333, 30.8851324857, 32.4871883006, 44.9296677318, 4.363723212, 2.4231566184, 538.7392938759, 65.0414311276, 97.488308774, 40.2437352625],
      [0.939790873, 0.14141564041, 0.14187025798, 0.19073657038, 0.30897539318, 0.2551002336, 0, 0.03532051379, 0.15323316875, 0.30191485018, 0.056658987573, 0.044369278406, 0.19176940664, 0.074430087885, 0.06851013305, 0.22001660525, 0.27044337797, 0.29054739681, 0.60250656911, 0.2990933149, 0.063631907673, 0.97834593005, 0.30659977873, 0.24741007466, 0.53052375025, 0.74778904802, 0.81300508311, 0.94550998205, 0.35180114401, 0.6439799977, 0.17097989036, 0.21882517348, 0.49112422906, 0.55051152177, 0.32884542429, 0.42273311459, 0.39503748349, 0.16540681816, 0.21764236148, 0.96652215135, 0.25233627606, 0.36999901447, 0.48254411267, 0.14094109617, 0, 8.7494578876, 0.86431665966, 1.5105043259, 1.0919798496]
    ],
    [
      [8.5608113815, 4.9478448786, 3.0437174181, 1.175002735, 8.8876234449, 1.4572896161, 1.0109966582, 4.91435981, 1.2125569774, 2.5608653382, 1.4871237947, 3.0733613013, 2.4826299435, 2.4650656755, 6.4738185856, 11.1268558529, 13.9923347077, 7.0414375647, 15.3969442962, 5.1511657339, 0.7191874338, 4.3934133231, 6.6518296194, 4.1486659745, 5.3246874437, 12.0776111771, 19.6737332946, 11.9719301923, 10.0178065555, 11.4379495329, 10.8225833627, 4.9877926082, 0, 6.5984221232, 6.0267447485, 6.2582082528, 1.7646104604, 2.3532323034, 4.1259047801, 17.8595458501, 3.8819315166, 4.0761506847, 2.7036562546, 0.17165657218, 0.44273705595, 151.0758437795, 31.3378297431, 41.9935801987, 6.2430348447],
      [13.9461054239, 3.5095255918, 1.8704950661, 3.1129500162, 11.4641596572, 4.9828533525, 1.0183060327, 2.7983371527, 1.8156912999, 4.5881849115, 0, 3.1763126486, 2.7360440273, 1.7846508868, 6.3821009735, 17.7427588822, 10.0209648356, 13.1375330834, 18.0219732129, 9.9043338933, 0, 5.0606356344, 6.8442724693, 2.8968794357, 7.0785394048, 10.4991471325, 20.7503003413, 14.0441952191, 14.7829960299, 11.8577691124, 16.31814868, 7.2724299388, 2.8453965599, 10.6269930175, 8.8435138186, 8.4081150459, 6.5333202118, 2.6913948409, 7.4726676499, 22.763146222, 9.6591381547, 7.2227932694, 8.9486368668, 0, 0.62369337716, 220.2372375485, 33.3715763684, 42.2414048804, 2.1894036824],
      [1.4704132907, 0.53219976094, 0.26344655055, 0.12541941781, 1.0205576188, 0.3080364423, 0, 0.34936910512, 0.24518490797, 0.46408432011, 0.085174055314, 0, 0.31712145507, 0.15219475981, 0.28773609385, 0.99031022386, 1.1904747561, 0.67777141348, 1.2791416772, 0.62264944064, 0.020623929532, 0.55458091619, 1.0520941711, 0.50063929823, 0.94599472211, 1.4152252244, 1.426717046, 0.97746237952, 0.99447732179, 1.2144002744, 1.4791300194, 0.54885064299, 0.05409013421, 0.95014053878, 0.82009189019, 0.94189258146, 0.55354019526, 0.31985129701, 0.44436854429, 1.7048285341, 0.58927793447, 0.6750074567, 0.51350910218, 0.01417908125, 0, 22.3394078883, 3.3239361681, 3.0294026084, 0.44692798147],
      [228.4309770267, 67.1203123095, 29.3092514552, 16.0316469575, 160.8502420882, 78.9602932866, 8.970697309, 36.4689285933, 37.6772515123, 88.4845222746, 8.4208083586, 45.0151133428, 35.7322643245, 25.9284966309, 67.3242412426, 202.8719022716, 200.3374669175, 153.7848151674, 286.4192598495, 119.5180915957, 13.8635714768, 101.4337945681, 169.9789530538, 43.4715719136, 128.1354435755, 181.5798926919, 335.5861518465, 231.1251112985, 219.9654321371, 230.3073323536, 200.0443183263, 91.3891083443, 41.616075977, 219.1357363822, 176.3062858909, 192.3750442914, 118.3557678136, 73.7982715351, 103.5353471086, 335.3952329544, 134.6665594928, 144.2410380867, 127.5338536897, 7.1218783212, 6.9335695669, 3650.6721176916, 484.3705963062, 571.92517877, 69.8647498294],
      [16.591692877, 2.8901174591, 1.5130895101, 0.5549808734, 5.7774171909, 3.2915273024, 0, 2.4690053389, 2.0493153025, 4.9023431556, 2.0068937914, 1.7352127073, 1.7319402497, 1.6695920471, 1.5321031044, 8.2681727694, 7.4587587832, 7.358442771, 13.8826809643, 3.8037593364, 0.39661715985, 5.5575755582, 9.4728506865, 5.982243378, 5.515334854, 6.428123774, 14.5630974716, 13.8813009106, 5.2392879557, 13.1825487267, 2.3358196116, 2.8018184657, 1.4844373289, 7.6887079383, 5.0033636517, 6.0167398284, 5.792761319, 1.8372500236, 3.4217119171, 15.2772464394, 3.2030929013, 4.7850105025, 4.3003440866, 0.69228602541, 0, 172.675393092, 18.5960614142, 25.8104335424, 4.2558836621]
    ],
    [
      [1.7655739729, 0.9059353458, 0.18062759082, 1.5056572453, 3.0068933456, 0, 0.23845176567, 0, 0.44965018138, 0.15285293534, 0, 0.31124762738, 1.4747599345, 0.39305446907, 0.80397806885, 0.96277882299, 1.4671893344, 0.92948585685, 1.1598094739, 1.6603755534, 0.3449233577, 1.4888969785, 0.58077429696, 1.9504241703, 2.1744190427, 5.2047415855, 4.2005892255, 3.6501648176, 3.2896273871, 2.8895326622, 1.20062248, 1.678306818, 0, 0.83102251791, 1.013010836, 1.3373159998, 0, 0.89766453599, 1.2693584225, 5.840676604, 0.66216084515, 0.038577607876, 0, 0.32316867438, 0.033580524055, 25.1535575503, 3.6164197388, 4.5528716614, 0.5138495845],
