{
  "X": [
    [28, 35, 356, 413, 44],
    [15, 9, 114, 118, 8],
    [14, 6, 81, 61, 6],
    [17, 18, 118, 74, 5],
    [32, 41, 305, 347, 20],
    [8, 21, 130, 199, 13],
    [2, 2, 6, 13, 0],
    [11, 6, 51, 53, 5],
    [5, 5, 87, 78, 10],
    [9, 14, 128, 176, 16],
    [5, 0, 22, 19, 5],
    [7, 6, 23, 66, 3],
    [15, 13, 172, 100, 10],
    [8, 6, 48, 52, 6],
    [19, 21, 99, 147, 5],
    [24, 31, 58, 274, 15],
    [40, 22, 108, 303, 15],
    [19, 33, 105, 250, 16],
    [42, 35, 115, 418, 26],
    [23, 33, 161, 252, 12],
    [4, 0, 10, 30, 1],
    [32, 17, 171, 248, 23],
    [15, 14, 31, 243, 21],
    [14, 9, 228, 88, 24],
    [27, 26, 362, 302, 22],
    [67, 37, 639, 450, 28],
    [65, 59, 322, 633, 42],
    [46, 42, 268, 466, 45],
    [38, 43, 271, 436, 14],
    [37, 31, 257, 412, 36],
    [28, 34, 67, 301, 7],
    [22, 27, 152, 204, 9],
    [1, 6, 33, 69, 4],
    [27, 38, 297, 483, 28],
    [22, 23, 167, 318, 13],
    [24, 25, 279, 399, 21],
    [10, 23, 167, 258, 21],
    [11, 10, 115, 181, 7],
    [16, 27, 113, 223, 12],
    [67, 70, 519, 691, 54],
    [16, 37, 227, 322, 11],
    [16, 23, 188, 300, 16],
    [18, 33, 157, 304, 17],
    [2, 0, 9, 18, 3],
    [2, 1, 3, 12, 0],
    [467, 582, 4177, 6523, 460],
    [96, 71, 322, 741, 38],
    [144, 115, 612, 1045, 70],
    [50, 5, 172, 173, 18]
  ],
  "W": [
    [29, 62, 269, 432, 66, 18],
    [9, 20, 79, 129, 22, 5],
    [9, 20, 36, 88, 11, 4],
    [15, 35, 21, 131, 24, 6],
    [28, 46, 188, 362, 93, 28],
    [14, 29, 89, 174, 51, 14],
    [0, 1, 11, 9, 2, 0],
    [5, 7, 47, 57, 6, 4],
    [21, 13, 43, 97, 8, 3],
    [13, 24, 101, 160, 33, 12],
    [2, 3, 12, 24, 6, 4],
    [3, 8, 53, 28, 11, 2],
    [16, 24, 43, 191, 26, 10],
    [4, 8, 32, 60, 11, 5],
    [14, 20, 82, 128, 39, 8],
    [12, 29, 241, 81, 25, 14],
    [17, 45, 233, 123, 48, 22],
    [15, 32, 182, 129, 51, 14],
    [24, 66, 335, 133, 56, 22],
    [13, 46, 139, 199, 61, 23],
    [0, 7, 15, 18, 5, 0],
    [40, 87, 117, 195, 44, 8],
    [10, 20, 194, 53, 28, 19],
    [19, 13, 57, 251, 13, 10],
    [23, 61, 147, 420, 66, 22],
    [64, 122, 212, 718, 83, 22],
    [42, 99, 392, 421, 135, 32],
    [47, 80, 272, 351, 91, 26],
    [28, 72, 251, 344, 87, 20],
    [26, 57, 268, 322, 70, 30],
    [15, 41, 231, 94, 42, 14],
    [14, 38, 107, 180, 59, 16],
    [5, 10, 46, 40, 10, 2],
    [26, 68, 245, 386, 107, 41],
    [16, 52, 197, 209, 51, 18],
    [37, 60, 214, 343, 75, 19],
    [27, 36, 133, 208, 56, 19],
    [15, 29, 81, 144, 48, 7],
    [20, 31, 119, 142, 63, 16],
    [62, 110, 393, 653, 140, 43],
    [19, 46, 152, 293, 87, 16],
    [20, 48, 161, 236, 61, 17],
    [30, 65, 144, 203, 62, 25],
    [1, 6, 8, 15, 0, 2],
    [1, 4, 8, 3, 1, 1],
    [518, 898, 4217, 4917, 1311, 348],
    [32, 129, 571, 372, 108, 56],
    [49, 196, 685, 767, 199, 90],
    [15, 87, 83, 203, 15, 15]
  ],
  "method": "mvn_pdf",
  "cond_prob": [
    [
      [0.00038269607003, 0.021598846344, 0.39281459365, 0.35582740437, 0.22937645956],
      [0.25185880805, 0.028021775211, 0.096986819095, 0.6085450083, 0.014587589336],
      [0.031399427793, 0.052351368639, 0.0065583420567, 0.85048619332, 0.059204668192],
      [0.0043859733754, 0.011080690834, 0.77217838308, 0.17244311768, 0.039911835032],
      [0.00018244606089, 0.16619186051, 0.043109542841, 0.78698352552, 0.0035326250672],
      [0.11224598334, 0.15545799973, 0.022483815016, 0.54078273514, 0.16902946677]
    ],
    [
      [0.00077053838623, 0.018457701205, 0.48903705652, 0.35430560253, 0.13742910136],
      [0.40162332387, 0.018918019092, 0.094302039168, 0.47780692414, 0.0073496937356],
      [0.062041762631, 0.044901213272, 0.0077863845064, 0.84758517301, 0.037685466579],
      [0.0074408095863, 0.0082062827733, 0.81997612385, 0.14045149588, 0.023925287912],
      [0.00040536469238, 0.14534452908, 0.053890152228, 0.79756715149, 0.0027928025178],
      [0.21810339389, 0.13042686828, 0.026999601362, 0.52623242501, 0.098237711457]
    ],
    [
      [0.00037744227715, 0.020713218821, 0.50699569781, 0.32047159617, 0.15144204492],
      [0.48222038664, 0.020034951474, 0.090556154348, 0.39913120976, 0.0080572977718],
      [0.081791441284, 0.053470200229, 0.0092918880768, 0.81168139347, 0.043765076941],
      [0.0037084923884, 0.011716025677, 0.83562627901, 0.12111755324, 0.027831649685],
      [0, 0.17234364445, 0.058966473533, 0.76530519515, 0.0033846868653],
      [0.27033901756, 0.14029111107, 0.02691597508, 0.45897486063, 0.10347903566]
    ],
    [
      [0.0011359792251, 0.064264044206, 0.47537258839, 0.35062016788, 0.10860722031],
      [0.38158796711, 0.06013699757, 0.091373734734, 0.46161529496, 0.0052860056216],
      [0.05639366241, 0.14436147638, 0.0074874579832, 0.765427909, 0.026329494233],
      [0.011092184896, 0.0031768763108, 0.81255906581, 0.15600332819, 0.017168544791],
      [0.00090869093853, 0.38689666449, 0.039468690519, 0.57141017477, 0.0013157792776],
      [0.16137162471, 0.36632711226, 0.020267941258, 0.39331598021, 0.058717341567]
    ],
    [
      [0.00075081384596, 0.028538680948, 0.43913608647, 0.40309729106, 0.12847712768],
      [0.33423250435, 0.029224441739, 0.085410734431, 0.54449619922, 0.0066361202654],
      [0.047511599931, 0.061217700505, 0.0055074612737, 0.85536226075, 0.030400977541],
      [0.0081402985718, 0.012786344725, 0.78254934523, 0.17481589245, 0.021708119024],
      [0.00052924065173, 0.18928275437, 0.041229576913, 0.76712354379, 0.0018348842743],
      [0.16700334863, 0.18270399897, 0.022238551802, 0.5440179652, 0.084036135387]
    ],
    [
      [0, 0.030467961023, 0.32630123655, 0.48500945485, 0.15822134758],
      [0.1848043641, 0.033666981467, 0.068316436335, 0.70406137994, 0.0091508381591],
      [0.01688244788, 0.058399479933, 0.0046146783548, 0.88672315684, 0.03338023699],
      [0, 0.016942780037, 0.69795176474, 0.25038004619, 0.034725409043],
      [0, 0.17368332757, 0.02697070502, 0.79662208589, 0.0027238815218],
      [0.081295398563, 0.1852613526, 0.01577047436, 0.61999087417, 0.097681900298]
    ],
    [
      [0.0023072118492, 0.060388703502, 0.29857554219, 0.60422067669, 0.034507865775],
      [0.74831755054, 0.017801024268, 0.013096740723, 0.22078468447, 0],
      [0.092768769336, 0.095498283882, 0, 0.81173294678, 0],
      [0.025691776307, 0.037563785679, 0.66251148817, 0.27423294985, 0],
      [0, 0.29682189096, 0.012149932893, 0.69102817614, 0],
      [0.38104813712, 0.21782211553, 0.0061960135752, 0.38552090626, 0.0094128275076]
    ],
    [
      [0, 0.024923443311, 0.5000271165, 0.31935091253, 0.15569852765],
      [0.63740304953, 0.017220365088, 0.061397106064, 0.27819198516, 0.005787494151],
      [0.10561457506, 0.076877860769, 0.01060088062, 0.76198334602, 0.04492333753],
      [0, 0.0062892871116, 0.82728337524, 0.13639843149, 0.030028906161],
      [0, 0.20508685167, 0.055439919271, 0.73602702593, 0.003446203131],
      [0.39357340635, 0.13814257408, 0.021012845454, 0.36295288191, 0.084318292202]
    ],
    [
      [0.00044475188646, 0.018287952115, 0.4233505829, 0.37309650548, 0.18482020761],
      [0.23135774055, 0.023132806928, 0.10171559838, 0.63167375546, 0.012120098683],
      [0.028318169447, 0.043043525341, 0.0047598142286, 0.87511875944, 0.048759731547],
      [0.004563226907, 0.0098426961257, 0.78505683568, 0.16531418585, 0.035223055437],
      [0.00027639897356, 0.13756899922, 0.04471065218, 0.81403921534, 0.0034047342854],
      [0.10682803176, 0.13635380263, 0.024821563292, 0.5917727193, 0.14022388302]
    ],
    [
      [0.00017858094016, 0.021060584792, 0.36890049216, 0.40728229488, 0.20257804723],
      [0.21314899102, 0.025992080671, 0.085875850577, 0.66238518372, 0.012597894007],
      [0.02379737302, 0.046225103113, 0.0043168083311, 0.87704645754, 0.048614257997],
      [0.002071576434, 0.011555074037, 0.74547963393, 0.20132214733, 0.039571568261],
      [0, 0.14642249397, 0.036041447913, 0.8142493593, 0.0032866988179],
      [0.095592979901, 0.14607607503, 0.020097194679, 0.59538509295, 0.14284865744]
    ],
    [
      [0, 0, 0.35701544257, 0.18009043264, 0.4628941248],
      [0.69049943704, 0, 0.065544496237, 0.23052951581, 0.013426550915],
      [0.12629848908, 0, 0.032375812578, 0.69592366217, 0.14540203618],
      [0, 0, 0.81916686519, 0.13910943577, 0.041723699038],
      [0, 0, 0.14061024022, 0.85585931639, 0.0035304433964],
      [0.35322995498, 0, 0.049289917352, 0.2808410711, 0.31663905656]
    ],
    [
      [0.0010201104052, 0.02783249628, 0.38717686211, 0.4520155835, 0.1319549477],
      [0.39983583939, 0.024322213114, 0.059907349531, 0.50976411464, 0.0061704833245],
      [0.057806474475, 0.05804984634, 0.00088099913764, 0.85196877449, 0.031293905561],
      [0.011301046501, 0.015206206739, 0.74769761821, 0.20020126258, 0.025593865965],
      [0.00075022688375, 0.17265791806, 0.031261186933, 0.79266023784, 0.0026704302779],
      [0.20491400436, 0.16013603141, 0.016555648459, 0.54329865802, 0.075095657752]
    ],
    [
      [0.00076821593869, 0.025052063743, 0.50410615958, 0.32730502445, 0.14276853629],
      [0.37876738568, 0.027822580023, 0.10617207207, 0.47903635962, 0.0082016026114],
      [0.057836082531, 0.064003667689, 0.0085027294158, 0.82900142102, 0.04065609934],
      [0.0076789529053, 0.011582755336, 0.83385229678, 0.12249795156, 0.024388043416],
      [0.00056063947867, 0.1986700432, 0.056491591592, 0.74144355446, 0.0028341712655],
      [0.19290831086, 0.18015399564, 0.028598428535, 0.49445447098, 0.10388479398]
    ],
    [
      [0.00079226934829, 0.0255652099, 0.38281877179, 0.36923264363, 0.22159110533],
      [0.48484129616, 0.022499820972, 0.061204591206, 0.42174636161, 0.0097079300489],
      [0.074424325263, 0.058501451678, 0.0031668831598, 0.81011591218, 0.053791427723],
      [0.0082137874192, 0.017044936914, 0.75628724002, 0.17471555922, 0.043738476427],
      [0, 0.18811878345, 0.037754796724, 0.7700083378, 0.004118082032],
      [0.24873897995, 0.15073826124, 0.017042151389, 0.45447281479, 0.12900779263]
    ],
    [
      [0.00069934966992, 0.045774543917, 0.36287393746, 0.49141196487, 0.099240204082],
      [0.48029706963, 0.030722430959, 0.046932028984, 0.4392812448, 0.0027672256314],
      [0.074210871807, 0.076059416162, 0.0060742408353, 0.82767023918, 0.015985232013],
      [0.0098213592845, 0.019464754461, 0.71327154249, 0.24278321212, 0.014659131653],
      [0, 0.2388959471, 0.027644811109, 0.73345924179, 0],
      [0.25523027944, 0.2124256416, 0.013266434494, 0.47306080028, 0.046016844187]
    ],
    [
      [0.00093022837126, 0.047294879392, 0.27403478772, 0.50347333061, 0.17426677391],
      [0.33671062939, 0.040163097671, 0.044575838306, 0.57077916332, 0.0077712713124],
      [0.045952496135, 0.074435124445, 0.0039247716136, 0.8416007045, 0.034086903312],
      [0.012392510292, 0.02470789429, 0.6399063738, 0.2834674822, 0.039525739422],
      [0.00053389911594, 0.24264069357, 0.019704774567, 0.73489919466, 0.0022214380872],
      [0.1523240448, 0.23296498906, 0.010569831125, 0.5176148992, 0.086526235818]
    ],
    [
      [0.00064770892704, 0.021203160988, 0.41837255913, 0.42255921674, 0.13721735422],
      [0.42705543612, 0.018227760295, 0.068029179455, 0.48055175046, 0.0061358736701],
      [0.062167535888, 0.043173997831, 0.0050483483236, 0.85784143718, 0.031768680773],
      [0.0087566761124, 0.0093220977494, 0.76681629627, 0.19041901182, 0.024685918057],
      [0, 0.14209519884, 0.039562747092, 0.81605206244, 0.0022899916325],
      [0.23679033178, 0.12693490854, 0.019666907216, 0.53284419229, 0.08376366017]
    ],
    [
      [0.0006846461205, 0.039374419836, 0.36551005114, 0.42401551518, 0.17041536772],
      [0.28830874716, 0.040987658979, 0.072611297389, 0.58873225862, 0.0093600378535],
      [0.038039470495, 0.075022817156, 0.0039067972232, 0.84359601162, 0.039434903507],
      [0.0079427246361, 0.016027619435, 0.73398775241, 0.20789459361, 0.03414730991],
      [0.00060252176641, 0.23759450998, 0.030663383851, 0.7283223448, 0.0028172396035],
      [0.12752333435, 0.23276735547, 0.01674985607, 0.52164419437, 0.10131525974]
    ],
    [
      [0.00075673991519, 0.026073041711, 0.36807381223, 0.42619400033, 0.17890240581],
      [0.3310957219, 0.026234254655, 0.069777684209, 0.56360177243, 0.0092905667983],
      [0.045861876323, 0.053590293567, 0.0039082470691, 0.85539063167, 0.041248951372],
      [0.008888722726, 0.012926793954, 0.73669358658, 0.20647688253, 0.035014014212],
      [0.00048029433288, 0.1690597652, 0.033603810456, 0.79400408978, 0.0028520402344],
      [0.16166797377, 0.15924669998, 0.017708099101, 0.54964140902, 0.11173581813]
    ],
    [
      [0.00066648050593, 0.03619438686, 0.39634474819, 0.44167768569, 0.12511669876],
      [0.28508317935, 0.036669006987, 0.076634178954, 0.59522708904, 0.0063865456735],
      [0.037644614468, 0.070143883774, 0.0044223337539, 0.86077295215, 0.02701621585],
      [0.0077959580005, 0.015031490412, 0.7500746182, 0.20458993853, 0.022507994853],
      [0.00057115433269, 0.21488791608, 0.033025313958, 0.74993946118, 0.0015761544503],
      [0.13298574069, 0.21709866662, 0.018619498958, 0.55524342353, 0.076052670206]
    ],
    [
      [0.0011542668349, 0.0097254173481, 0.18664084473, 0.69911444309, 0.10336502799],
      [0.39009920076, 0, 0.026264283665, 0.57699593821, 0.0066405773709],
      [0.05293723292, 0, 0.011582040489, 0.91392188865, 0.021558837939],
      [0.014741467987, 0, 0.53146163318, 0.41979327425, 0.034003624585],
      [0.041980135427, 0, 0.015222001952, 0.93918423326, 0.0036136293565],
      [0.2134714845, 0.044294160932, 0.0066818616875, 0.69017144866, 0.045381044213]
    ],
    [
      [0.00067864101909, 0.019975550028, 0.37918910652, 0.40300638135, 0.19715032108],
      [0.28738029658, 0.022473038435, 0.080720981569, 0.59822899578, 0.011196687631],
      [0.03789396821, 0.043308573198, 0.0045267091958, 0.86683555352, 0.04743519588],
      [0.0072611895001, 0.0096717785751, 0.7510697257, 0.19422483602, 0.037772470204],
      [0.00047338692187, 0.14125604759, 0.037734712463, 0.81731773631, 0.0032181167158],
      [0.13755166238, 0.13468220935, 0.020145188276, 0.57227986631, 0.13534107369]
    ],
    [
      [0.00069317661896, 0.021038258132, 0.1659923729, 0.50454682019, 0.30772937216],
      [0.27324358283, 0.020770838222, 0.031442912199, 0.66015396569, 0.014388701058],
      [0.034077000973, 0.035427810937, 0.0050250196726, 0.87556050091, 0.04990966751],
      [0.011444589756, 0.015136584376, 0.51307489174, 0.37306493322, 0.087279000905],
      [0.00056593356967, 0.12480675522, 0.01430719036, 0.85743790791, 0.0028822129359],
      [0.12078152586, 0.11601985338, 0.0075154535847, 0.58484275928, 0.1708404079]
    ],
    [
      [0.00071499936782, 0.015486193199, 0.46470817347, 0.23145253643, 0.28763809753],
      [0.44225224104, 0.020276629292, 0.11636652133, 0.40260214251, 0.018502465823],
      [0.072796361353, 0.051126750863, 0.014551988469, 0.75889306632, 0.102631833],
      [0.0077670073916, 0.0080566854824, 0.85881146897, 0.085551554181, 0.03981328397],
      [0.00069079456272, 0.17340264096, 0.0740176403, 0.74500621142, 0.0068827127608],
      [0.21292440967, 0.12514789607, 0.030440854752, 0.39531483272, 0.23617200679]
    ],
    [
      [0.00049585746893, 0.020263169163, 0.46845724763, 0.36944294362, 0.14134078212],
      [0.27092126385, 0.024449649509, 0.10763676376, 0.58823736773, 0.0087549551483],
      [0.036236591575, 0.048187850997, 0.0070295503798, 0.87088732659, 0.037658680456],
      [0.0051701135977, 0.0085784106657, 0.80885750705, 0.15323933211, 0.024154636574],
      [0.00032781686515, 0.15202885232, 0.049960800684, 0.79513808785, 0.0025444422848],
      [0.13375161808, 0.15100307545, 0.027669590958, 0.58001193513, 0.10756378038]
    ],
    [
      [0.00073958192553, 0.021191039323, 0.49333746162, 0.3691988165, 0.11553310063],
      [0.37059169157, 0.021916943349, 0.097853384448, 0.50393008194, 0.0057078986917],
      [0.056805012312, 0.049536545104, 0.0080419609916, 0.85602761995, 0.02958886164],
      [0.0073261592081, 0.0085677334662, 0.8200893634, 0.14775212336, 0.016264620571],
      [0.00044516778541, 0.15746033749, 0.052497446605, 0.78786030138, 0.0017367467322],
      [0.20003120627, 0.14760537237, 0.027361037975, 0.54252366963, 0.082478713767]
    ],
    [
      [0.00081755260009, 0.028233594217, 0.33470693141, 0.45941925737, 0.17682266441],
      [0.35692086252, 0.025722577691, 0.058033720152, 0.55101812694, 0.0083047126965],
      [0.04973908803, 0.053353389055, 0.0042358990987, 0.8551544434, 0.03751718042],
      [0.010479560994, 0.014829804867, 0.70345475026, 0.23459970506, 0.036636178816],
      [0.00030030928413, 0.17054321044, 0.028902667423, 0.79761686734, 0.0026369455137],
      [0.17751056129, 0.15895137761, 0.015005880493, 0.54650943412, 0.10202274648]
    ],
    [
      [0.0007791550673, 0.02607724086, 0.31265147359, 0.43095768665, 0.22953444383],
      [0.32874476782, 0.026352574359, 0.060353840075, 0.57348169059, 0.011067127157],
      [0.044372427187, 0.052197192194, 0.0051174878116, 0.84983464019, 0.048478252622],
      [0.010056057787, 0.014725435197, 0.69530196124, 0.23350258308, 0.0464139627],
      [0.00052250077743, 0.16812085366, 0.029115468383, 0.79961618859, 0.0026249885876],
      [0.15451054761, 0.1538808468, 0.014793108937, 0.53795967415, 0.1388558225]
    ],
    [
      [0.00077553664178, 0.032488588881, 0.37762102216, 0.48672260036, 0.10239225196],
      [0.3011645395, 0.030272290314, 0.067152443484, 0.59742786095, 0.0039828657475],
      [0.040479212325, 0.059285161599, 0.0054846125707, 0.8770262254, 0.017724788105],
      [0.009057073692, 0.015723122033, 0.73026079726, 0.22991504559, 0.015043961427],
      [0.00054469933376, 0.18273436376, 0.030581265856, 0.7858735543, 0.0002661167556],
      [0.14855668222, 0.18617477106, 0.017235665313, 0.58808018599, 0.059952695414]
    ],
    [
      [0.00069663645653, 0.020694730515, 0.36694385977, 0.40545504246, 0.2062097308],
      [0.31646433349, 0.022218454425, 0.074962025106, 0.5752434924, 0.01111169458],
      [0.043190269504, 0.0440612653, 0.0046306278296, 0.85980468993, 0.048313147439],
      [0.0084904792832, 0.0099354525297, 0.74171528012, 0.20033538918, 0.03952339888],
      [0.0005270290788, 0.14494817669, 0.036379053983, 0.81499472546, 0.0031510147897],
      [0.15325339505, 0.1347159307, 0.01889206593, 0.55613356099, 0.13700504734]
    ],
    [
      [0.001070471133, 0.049237472843, 0.27620379962, 0.56851452503, 0.10497373138],
      [0.33511474442, 0.037707194314, 0.041084288521, 0.58304379053, 0.0030499822139],
      [0.046385253697, 0.071577600567, 0.0056373028225, 0.86478756934, 0.011612273573],
      [0.013572089332, 0.02537795965, 0.62713676482, 0.31338344409, 0.020529742107],
      [0.00072397089488, 0.22829681669, 0.018487275751, 0.75249193667, 0],
      [0.15879011664, 0.22907305012, 0.010210624984, 0.55277522217, 0.049150986088]
    ],
    [
      [0.0008069531334, 0.033003410537, 0.43361683485, 0.41836368078, 0.1142091207],
      [0.33368757134, 0.032647429011, 0.081278405696, 0.54696606076, 0.005420533194],
      [0.047178415554, 0.067850298035, 0.0051794864093, 0.85455838513, 0.025233414877],
      [0.0088316121899, 0.014093588741, 0.77608102294, 0.18272938781, 0.01826438832],
      [0.00070933161035, 0.2076135111, 0.038260277274, 0.75227047785, 0.0011464021586],
      [0.16430898261, 0.20320780824, 0.020914960095, 0.54032518455, 0.071243064499]
    ],
    [
      [0, 0.026407824992, 0.37572856432, 0.45141237938, 0.14645123131],
      [0.089061193524, 0.071720520505, 0.086161384067, 0.74301396472, 0.010042937184],
      [0, 0.060069936431, 0.0025752736913, 0.90077049122, 0.036584298654],
      [0, 0.0082857651066, 0.74474763235, 0.21557710799, 0.03138949456],
      [0, 0.16819016721, 0.031273453045, 0.79740581816, 0.003130561588],
      [0.05469403238, 0.1871031589, 0.019320461809, 0.64010667928, 0.09877566763]
    ],
    [
      [0.00030653270237, 0.022870390553, 0.3534462859, 0.47535826151, 0.14801852933],
      [0.2229497432, 0.024486065889, 0.072233242338, 0.67210631139, 0.0082246371842],
      [0.02548411955, 0.04333631228, 0.0047629101001, 0.89456983139, 0.031846826678],
      [0.0032462991891, 0.011332056779, 0.71944372533, 0.23590935111, 0.030068567594],
      [0, 0.13836546615, 0.030776885357, 0.8285471234, 0.0023105250981],
      [0.10572602037, 0.14496687957, 0.017883375707, 0.63542184397, 0.096001880382]
    ],
    [
      [0.00047586433229, 0.023698456507, 0.38062188679, 0.47534945893, 0.11985433344],
      [0.24552199457, 0.02458608305, 0.074802894007, 0.64902920981, 0.0060598185601],
      [0.030019890462, 0.045357861611, 0.0048030940499, 0.89542202241, 0.024397131463],
      [0.0054686419009, 0.01157957754, 0.73718160641, 0.22425940802, 0.021510766125],
      [0.00012528545171, 0.14292173405, 0.03255721971, 0.82296168954, 0.00143407124],
      [0.12011046203, 0.14987274985, 0.019039769419, 0.63363827157, 0.077338747133]
    ],
    [
      [0.00036089033132, 0.019924992374, 0.38868127435, 0.46270594724, 0.1283268957],
      [0.23578641543, 0.021331793052, 0.07952868013, 0.65638129217, 0.0069718192175],
      [0.028533663894, 0.038502717018, 0.004962833751, 0.9001481586, 0.027852626739],
      [0.0044480511948, 0.0080717072598, 0.7457247641, 0.21816732376, 0.023588153686],
      [1.5847334397e-05, 0.1261004518, 0.034861601451, 0.8372164656, 0.0018056338192],
      [0.11612568151, 0.13248193589, 0.020358495967, 0.64435102699, 0.086682859637]
    ],
    [
      [0, 0.02395946079, 0.35572363293, 0.43965007649, 0.18066682979],
      [0.18384074617, 0.029240254097, 0.080859557625, 0.69488371898, 0.011175723126],
      [0.01377944685, 0.053733728508, 0.0045014157623, 0.8864937195, 0.04149168938],
      [0, 0.011680334538, 0.7294146081, 0.2218586155, 0.037046441859],
      [0, 0.15458460153, 0.032360361157, 0.81004041068, 0.0030146266355],
      [0.081529826683, 0.16145327631, 0.018705833191, 0.6158481229, 0.12246294092]
    ],
    [
      [0.00052809408902, 0.017675342203, 0.37306763643, 0.49805525794, 0.11067366934],
      [0.23766240816, 0.017596599677, 0.071959965167, 0.66732816305, 0.0054528639549],
      [0.029148350959, 0.031300987858, 0.0051416528642, 0.91242747388, 0.021981534442],
      [0.006151555763, 0.0050841477227, 0.73071480907, 0.23832196837, 0.019727519073],
      [0.0003228573662, 0.10722465445, 0.032195058286, 0.85912383138, 0.0011335985147],
      [0.11964730586, 0.1157553963, 0.018911039706, 0.67338880954, 0.072297448593]
    ],
    [
      [0.0007162461031, 0.033989802917, 0.3512305878, 0.47399443881, 0.14006892436],
      [0.27522302411, 0.033596471733, 0.065711861165, 0.61828005171, 0.0071885912774],
      [0.03531984276, 0.062978700344, 0.0038271474305, 0.86847602385, 0.029398285617],
      [0.008181454048, 0.016892397708, 0.71443236385, 0.23217340284, 0.028320381546],
      [0.00064355679071, 0.19422773303, 0.028221432254, 0.7747088481, 0.0021984298258],
      [0.12802434308, 0.19682377009, 0.015971506526, 0.57684388429, 0.08233649601]
    ],
    [
      [0.00074334850098, 0.028763478236, 0.37137577209, 0.42688190812, 0.17223549305],
      [0.33016824686, 0.028692244273, 0.070500872978, 0.56179342948, 0.008845206409],
      [0.045524885764, 0.058040360426, 0.0042363761774, 0.85311546731, 0.039082910327],
      [0.0088840111812, 0.01406697527, 0.73675066663, 0.20653540104, 0.03376294588],
      [0.00043305590289, 0.18297876745, 0.033525123666, 0.78041009136, 0.0026529616204],
      [0.16005204664, 0.17320682644, 0.017744363804, 0.54271246821, 0.1062842949]
    ],
    [
      [0.00031017674557, 0.034973286827, 0.36954020984, 0.49158748991, 0.10358883668],
      [0.21395200001, 0.036196700898, 0.073102335419, 0.67178836469, 0.0049605989833],
      [0.024376517355, 0.063596511642, 0.0054938001784, 0.88719488208, 0.019338288749],
      [0.0029990253922, 0.016837556734, 0.72668444853, 0.23698879969, 0.016490169653],
      [0, 0.19248526828, 0.029688653424, 0.7774787426, 0.00034733569516],
      [0.098023097706, 0.20776044224, 0.017469668152, 0.61409887025, 0.062647921645]
    ],
    [
      [0.00016443672963, 0.023160131486, 0.37428322186, 0.46505454332, 0.13733766661],
      [0.21108225183, 0.0256006588, 0.078423743784, 0.6770566254, 0.0078367201849],
      [0.023239760179, 0.045297593434, 0.0045986365042, 0.89671274799, 0.030151261893],
      [0.0018031843585, 0.011782410685, 0.73595325488, 0.22359953206, 0.026861618012],
      [0, 0.14213870374, 0.032732793632, 0.8229871414, 0.0021413612273],
      [0.099859428253, 0.15082019736, 0.019290989436, 0.63869020561, 0.091339179333]
    ],
    [
      [0, 0.03471598974, 0.32390988407, 0.50163158044, 0.13974254574],
      [0.19913867778, 0.036591687261, 0.065070815852, 0.69148466504, 0.0077141540628],
      [0.019719538831, 0.06230299762, 0.0054441967999, 0.88424595356, 0.028287313192],
      [3.5559942055e-05, 0.018688846644, 0.69109975928, 0.26039999572, 0.029775838413],
      [0, 0.18939626867, 0.025765242514, 0.78278661325, 0.0020518755667],
      [0.088366147366, 0.20288097809, 0.015137597566, 0.61116651574, 0.08244876124]
    ],
    [
      [0.0050906148821, 0, 0.14521395232, 0.39241007604, 0.45728535676],
      [0.22028788539, 0, 0.044382485485, 0.72453066366, 0.010798965469],
      [0.032530889563, 0, 0.012790977352, 0.88506400288, 0.069614130209],
      [0.012408932539, 0, 0.56433205228, 0.33325780134, 0.090001213839],
      [0.00022128225103, 0.035090058557, 0.015926911238, 0.94244165492, 0.0063200930307],
      [0.11340048409, 0, 0.010591265864, 0.59051344947, 0.28549480058]
    ],
    [
      [0.031273478007, 0.024375763304, 0.40240667481, 0.54194408388, 0],
      [0.33379631019, 0.032951460469, 0.046370352725, 0.58688187661, 0],
      [0.05084201862, 0.065917917278, 0, 0.8832400641, 0],
      [0.014416217292, 0.01907020267, 0.79240488544, 0.1741086946, 0],
      [0.002103634543, 0.12350105581, 0.02172207061, 0.85267323903, 0],
      [0.18145284584, 0.13576339278, 0.013175187357, 0.66960857403, 0]
    ],
    [
      [0.0004802730671, 0.023720473632, 0.41402685594, 0.39635653277, 0.16541586459],
      [0.2724343849, 0.027205675149, 0.090631385926, 0.59998152838, 0.0097470256371],
      [0.035442735877, 0.052240417834, 0.0054174461312, 0.86593432203, 0.040965078129],
      [0.0054976371098, 0.010792760372, 0.77216578151, 0.18124626588, 0.030297555123],
      [0.00019984248011, 0.16457253905, 0.040998787858, 0.79150706052, 0.0027217700897],
      [0.13031393263, 0.16138406587, 0.022451652713, 0.57012994785, 0.11572040093]
    ],
    [
      [0.00075894124103, 0.027181314957, 0.43184013102, 0.40239173988, 0.1378278729],
      [0.38480949178, 0.0259103987, 0.078043686188, 0.50456129361, 0.0066751297215],
      [0.056162769135, 0.058131603462, 0.0056399900506, 0.8474401191, 0.032625518251],
      [0.0081296647012, 0.012257168355, 0.7776180223, 0.17782584453, 0.024169300112],
      [5.9780621805e-05, 0.18200354292, 0.04107530982, 0.77470850639, 0.0021528602515],
      [0.20063672659, 0.16747431516, 0.021125146689, 0.52369672473, 0.087067086837]
    ],
    [
      [0.00080344632157, 0.030773801658, 0.38057401125, 0.42017355708, 0.16767518369],
      [0.40149150504, 0.027606171999, 0.065111379291, 0.49797649248, 0.0078144511899],
      [0.058679579879, 0.061654644167, 0.0046302337244, 0.83697933956, 0.038056202674],
      [0.0086667999946, 0.01463135598, 0.74187235846, 0.20242841404, 0.032401071519],
      [0, 0.19529267915, 0.034429307031, 0.76765766001, 0.002620353803],
      [0.20472609255, 0.17513721738, 0.017231132948, 0.50500875187, 0.097896805252]
    ],
    [
      [0.00055155438655, 0.011517976692, 0.41134249308, 0.37305056377, 0.20353741207],
      [0.455365856, 0.0023028772871, 0.073347315387, 0.45906867487, 0.0099152764599],
      [0.072348313394, 0.024280257291, 0.0066638386546, 0.84504158359, 0.051666007065],
      [0.0027497336835, 0, 0.77772839301, 0.18151424565, 0.038007627652],
      [0.00022250306484, 0.095954019315, 0.046451879932, 0.85353865112, 0.0038329465724],
      [0.25389691447, 0.078153892051, 0.02132703844, 0.51175625047, 0.13486590457]
    ]
  ],
  "expected_outcome": [
    [
      [0.011098186031, 0.0069348454761, 0.0033969804943, 0.017039688376, 0.021022787687, 0, 0, 0, 0.0093397896156, 0.0023215522221, 0, 0.0030603312157, 0.012291455019, 0.0031690773931, 0.0097908953789, 0.011162740455, 0.01101105176, 0.010269691808, 0.018161757965, 0.0086642465771, 0, 0.027145640763, 0.0069317661896, 0.013584987989, 0.011404721785, 0.047333243234, 0.034337209204, 0.036620288163, 0.02171502597, 0.01811254787, 0.016057066995, 0.011297343868, 0, 0.0079698502615, 0.0076138293166, 0.013352942259, 0, 0.0079214113353, 0.014324922062, 0.046087607061, 0.0058933581659, 0.0032887345925, 0, 0.0050906148821, 0.031273478007, 0.24878144876, 0.024286119713, 0.039368869757, 0.0082733157982],
      [0.62636654397, 0.16611931084, 0.18641896939, 0.96396066309, 0.79908306653, 0.42655145433, 0, 0.12461721656, 0.38404699441, 0.2737876023, 0, 0.083497488841, 0.40083301989, 0.1022608396, 0.64084361484, 0.5675385527, 0.3604537368, 0.59061629754, 0.62575300107, 0.47052702917, 0, 0.79902200114, 0.21038258132, 0.29423767079, 0.46605289075, 1.3562265167, 1.1858109571, 1.2256303204, 0.90968048867, 0.53806299339, 0.73856209265, 0.46204774752, 0.13203912496, 0.59463015437, 0.37917530411, 0.73722471786, 0.64690544132, 0.26513013305, 0.67979605834, 1.7833356507, 0.66449244971, 0.46320262973, 1.0414796922, 0, 0.024375763304, 12.2872053415, 0.86980207863, 1.5079162813, 0.17276965038],
      [11.391623216, 4.4013335086, 4.5629612803, 7.1305888258, 12.2958104213, 4.5682173117, 0, 2.5001355825, 8.890362241, 4.795706398, 0.71403088513, 1.1615305863, 8.0656985533, 1.5312750872, 5.0802351244, 3.2884174526, 7.1123335052, 5.4826507671, 8.8337714934, 5.1524817264, 0, 15.1675642608, 1.659923729, 8.8294552959, 10.7745166954, 31.5735975436, 14.0576911192, 14.6946192586, 10.5733886205, 9.5405403541, 4.1430569943, 6.0706356878, 1.8786428216, 9.1896034334, 6.0899501887, 14.3812071511, 9.6045380892, 5.5960145464, 7.024611756, 23.0252978696, 7.0212639869, 7.4856644372, 9.7172965222, 0.14521395232, 0.40240667481, 214.4659113772, 13.8188841927, 18.6481265513, 6.1701373961],
      [10.3189947267, 3.1887504228, 2.8842443655, 5.2593025181, 11.2867241496, 6.7901323679, 0, 1.5967545627, 7.8350266151, 5.2946698334, 0.36018086527, 1.3560467505, 5.2368803913, 1.4769305745, 6.8797675082, 6.0416799673, 7.1835066845, 6.3602327277, 10.228656008, 5.7418099139, 0, 16.120255254, 5.0454682019, 4.3975981923, 8.4971877033, 23.6287242559, 19.2956088095, 20.2550112726, 13.6282328101, 10.5418311039, 8.5277178754, 5.8570915309, 2.2570618969, 12.3593147993, 7.6055913429, 17.1201200477, 11.8705520652, 7.4708288691, 9.4798887763, 26.4666783033, 9.3401623084, 9.3010908663, 15.0489474133, 0.39241007604, 0.54194408388, 205.3126839774, 12.8765356761, 20.5885042968, 5.5957584566],
      [6.6519173273, 1.2368619122, 1.3629784043, 1.6291083046, 3.5973595749, 2.2150988661, 0, 0.77849263827, 3.8812243599, 2.633514614, 0.92578824959, 0.39586484309, 2.2842965806, 0.88636442133, 1.3893628571, 2.091201287, 2.3326950217, 2.5562305158, 4.2936577395, 1.6265170839, 0, 7.8860128433, 3.0772937216, 5.4651238531, 3.2508379888, 7.3941184405, 7.426551905, 10.7881188602, 2.8669830547, 5.3614530007, 1.5746059707, 1.5989276899, 0.73225615654, 3.8484817626, 1.917669335, 4.7480951411, 4.8780044043, 1.6601050401, 2.8013784873, 10.6786005693, 1.9681878968, 2.7467533322, 4.1922763723, 0.45728535676, 0, 85.6854178551, 4.4104919329, 8.2160840009, 3.0530611811]
    ],
    [
      [15.6152460993, 8.0324664774, 9.6444077329, 13.3555788489, 15.3746952, 5.3593265588, 0.74831755054, 4.4618213467, 3.0076506271, 5.1155757845, 2.0714983111, 3.1986867151, 9.0904172562, 3.8787303693, 9.6059413926, 9.7646082524, 19.2174946254, 9.2258799091, 21.8523176457, 13.11382625, 2.7306944053, 25.0020858026, 5.4648716565, 5.7492791336, 16.5261970948, 45.2121863712, 35.3351653899, 26.2995814253, 21.6838468441, 18.0384670088, 13.7397045211, 12.6801277109, 0.89061193524, 15.1605825378, 12.7671437178, 14.1471849257, 6.618266862, 6.8922098365, 8.5319137475, 36.3185071546, 9.8417920006, 10.1319480878, 12.9440140559, 1.3217273123, 1.3351852408, 244.6460776445, 49.6404244396, 78.6923349877, 39.6168294718],
      [1.7373500631, 0.37836038184, 0.40069902948, 2.1047949149, 1.34432432, 0.97634246254, 0.017801024268, 0.12054255562, 0.30072649006, 0.62380993611, 0, 0.19457770491, 0.66774192056, 0.17999856777, 0.61444861917, 1.1647298325, 0.82024921328, 1.3116050873, 1.7314608073, 1.6867743214, 0, 1.9551543439, 0.41541676444, 0.2635961808, 1.4914286201, 2.6738670885, 2.5465351915, 2.1082059487, 2.1796049026, 1.2664519022, 1.5459949669, 1.2406023024, 0.71720520505, 1.6650524805, 1.2784763186, 1.2799075831, 1.0526491475, 0.51030139062, 1.0414906237, 3.1561468701, 1.6650482413, 1.2288316224, 2.378459672, 0, 0.13180584188, 24.4306962836, 3.3424414323, 5.4108097119, 0.20035032398],
      [6.0131827839, 1.8860407834, 1.811123087, 3.1980807157, 3.9288937838, 1.9811766537, 0.013096740723, 0.42977974245, 1.322302779, 2.0610204139, 0.19663348871, 0.47925879625, 2.5481297297, 0.48963672964, 0.93864057968, 1.2926993109, 3.0613130755, 2.3235615164, 4.6053271578, 3.5251722319, 0.18384998565, 7.0227253965, 0.62885824399, 1.5127647773, 6.5658425896, 11.9381129027, 5.7453382951, 4.828307206, 4.8349759308, 4.2728354311, 1.6844558294, 3.0885794165, 0.86161384067, 4.911860479, 3.8897504884, 4.7717208078, 2.9109440745, 2.0868389899, 2.0370676961, 7.7550960276, 3.3627074293, 3.7643397017, 4.2296030304, 0.26629491291, 0.1854814109, 81.3869845614, 10.0676355183, 12.7618303411, 6.3812164386],
      [37.7297905148, 9.5561384827, 7.9826241953, 16.1565353237, 25.046825164, 20.4177800183, 0.22078468447, 1.9473438961, 8.211758821, 15.8972444094, 0.69158854742, 4.0781129171, 11.4968726309, 3.3739708929, 8.7856248959, 16.5525957362, 21.6248287707, 18.8394322758, 37.1977169806, 27.3804460957, 4.0389715675, 52.0459226332, 13.2030793139, 5.2338278526, 35.8824794314, 61.4794699972, 54.5507945666, 45.8785352474, 43.0148059887, 32.7888790669, 23.9047954118, 20.7847103089, 7.4301396472, 45.7032291742, 33.7495189101, 39.3828775304, 25.0158138834, 19.3525167283, 19.166681603, 61.7972772428, 30.9022647755, 32.4987180193, 44.9465032277, 4.3471839819, 2.3475275064, 538.7834124884, 65.0884068758, 97.6033925261, 39.9389747136],
      [0.90443053883, 0.14699387471, 0.16114595544, 0.18501019676, 0.30526153221, 0.26537430661, 0, 0.040512459057, 0.15756128288, 0.30234945616, 0.040279652746, 0.049363866596, 0.19683846267, 0.077663440391, 0.055344512629, 0.22536686806, 0.27611431515, 0.29952121131, 0.61317740869, 0.29378110098, 0.046484041596, 0.97411182388, 0.28777402117, 0.24053205569, 0.53405226405, 0.69636364039, 0.82216655695, 0.88537017258, 0.28676633382, 0.63336659108, 0.12504927077, 0.20598026137, 0.10042937184, 0.55927532853, 0.31511056512, 0.41830915305, 0.40232603255, 0.15813305469, 0.2228463296, 0.97297270499, 0.22818755323, 0.37616256887, 0.50142001408, 0.064793792817, 0, 8.7528290221, 0.86109173408, 1.5316324332, 0.86262905202]
    ],
    [
      [8.4464460763, 4.9012992479, 2.9444918862, 1.1842669106, 8.932180787, 1.5025378613, 1.0204564627, 4.9638850279, 1.2176812862, 2.4035346751, 1.5155818689, 3.0637431472, 2.4869515488, 2.3815784084, 6.0852914881, 11.0745515684, 14.4850358619, 6.9231836301, 15.3637285682, 5.232601411, 0.79405849381, 4.4335942805, 6.6109381889, 4.1493925971, 5.3267789616, 12.0426626101, 19.4977225078, 12.0693001948, 10.1602822936, 11.5749922272, 10.7149936041, 5.0480904643, 0, 6.2436092897, 5.913918421, 6.1062040734, 1.832666431, 2.3610164277, 4.2030612885, 17.8912801052, 3.705230638, 3.7416013887, 2.8396135917, 0.2602471165, 0.40673614896, 149.4620171913, 32.0689411759, 40.1955122172, 6.0049100117],
      [14.0825181639, 3.5471958485, 1.9249272083, 3.0315910039, 11.5089276949, 5.1975537141, 1.0504811227, 3.6132594561, 1.8508715897, 4.6687354144, 0, 3.076641856, 2.7521577106, 1.8720464537, 6.2368721253, 17.9388649911, 10.0595414947, 13.6541527223, 17.9527483451, 9.7499998446, 0, 5.0671030641, 6.8729953219, 2.9142247992, 7.0836140965, 10.501747562, 20.9145285095, 14.1976362767, 14.8805755614, 11.8084191004, 16.534425731, 7.2599818897, 2.7632170758, 10.6173965087, 8.9354987374, 8.2395814419, 7.1465858916, 2.5353800165, 7.494465341, 22.8098616474, 9.6666697696, 7.2929125428, 8.9716316573, 0, 0.52734333822, 220.2978420077, 33.193145577, 42.2334312541, 2.0152613552],
      [1.7641940133, 0.61512437601, 0.33450797077, 0.15723661765, 1.0354027195, 0.41070637357, 0, 0.49824138912, 0.20467201183, 0.43599764144, 0.38850975094, 0.046692954295, 0.36561736488, 0.10134026111, 0.49808774849, 0.94586995888, 1.1762651594, 0.71103709463, 1.3092627681, 0.61470439179, 0.17373060733, 0.52962497591, 0.97485381648, 0.82946334271, 1.0333439058, 1.7048957302, 1.6604724467, 1.3919566848, 1.3766377553, 1.2410082583, 1.302216952, 0.5542050458, 0.1184625898, 1.1669129745, 0.94620952783, 1.0620464227, 0.59868829639, 0.416473882, 0.45543054423, 1.6648958377, 0.83505762711, 0.74038047717, 0.78396433918, 0.10232781882, 0, 22.8453703354, 3.2204343189, 3.1717101012, 0.55309860833],
      [228.7807860028, 66.9592286679, 29.2205301649, 16.073986089, 160.808105021, 78.918360959, 8.9290624146, 35.813217263, 37.6301066557, 88.5816922114, 8.351083946, 45.1543450478, 35.647061104, 25.9237091896, 67.868959613, 202.8257697834, 199.877054864, 153.5344741146, 286.5558616089, 119.6474403495, 13.7088283298, 101.4197597615, 169.8587371759, 43.2569047801, 128.0204370091, 181.4778554299, 335.2205418114, 231.1550221306, 220.1335825754, 230.4276569004, 199.7659285177, 91.4377472084, 41.4354425963, 219.1696086909, 176.3981384155, 192.6317059399, 117.9036646935, 73.906625384, 103.3486468378, 335.2743786512, 134.8536220754, 144.3707524265, 127.3314173121, 7.080512023, 7.0659205128, 3651.6450359958, 483.8883080068, 573.3308475959, 70.1384514384],
      [15.9260557437, 2.9771518598, 1.5755427699, 0.55291937889, 5.7153837777, 2.9708410921, 0, 2.1113968639, 2.0966684565, 4.9100400577, 1.7448244341, 1.6585769947, 1.7482122716, 1.7213256871, 1.3107890251, 8.2149436981, 7.4021026201, 7.1771524384, 13.8183987096, 3.7552540031, 0.32338256909, 5.549917918, 9.6824754969, 5.8500144809, 5.535826027, 6.2728386678, 14.7067347246, 13.1860847131, 4.4489218144, 12.9479235137, 2.6824351953, 2.6999753918, 1.6828777381, 7.8024725362, 4.8062348982, 5.9604621221, 5.5183946876, 1.7805042898, 3.4983959885, 15.3595837585, 2.9394198899, 4.8543531647, 4.0733730997, 0.55691304167, 0, 172.7497344699, 18.6291709215, 26.0684988317, 4.2882785864]
    ],
    [
      [1.8947404982, 0.95986443663, 0.32634733018, 1.4530762213, 2.946788083, 0, 0.23122598676, 0, 0.44263300998, 0.33145222943, 0, 0.31642930203, 1.4666800049, 0.49282724515, 1.2571339884, 1.0037933336, 1.0770711618, 1.0246114781, 1.1822001226, 1.5513956421, 0.26534642376, 1.4159319525, 0.60656325707, 1.9495188553, 2.171447711, 5.2601823114, 4.4118951784, 3.5296762831, 3.1156333501, 2.7339343292, 1.2757763972, 1.5896901942, 0, 1.253071487, 1.1429461573, 1.5256815598, 0, 0.88582402987, 1.1617664748, 5.8012593013, 0.87871443992, 0.42555150861, 0.0072186682372, 0.18613398809, 0.043248651875, 27.031881669, 3.0242352689, 6.6474355958, 0.55819593775],
      [4.7868584404, 1.0586104778, 1.0310102596, 0.41617079671, 4.6286567906, 2.9480437264, 0.33807407111, 0.35848936536, 0.9547415242, 1.848811846, 0, 0.42577378869, 2.2123062692, 1.0226962148, 2.491488571, 2.0013394375, 1.1466180232, 2.0675629071, 1.7192635958, 2.9912665921, 0, 1.8859968221, 0.80223897194, 2.0222280561, 3.6029324796, 6.1516326288, 6.2433478491, 5.1686277543, 5.4087539794, 3.1992157145, 2.3855282071, 2.5368459734, 0.33143060426, 4.3741739166, 2.4201317058, 2.7685955901, 2.429509584, 0.73211727206, 2.3987204745, 9.1857348515, 4.9334041231, 2.7806489216, 3.7938358688, 0, 0.05721060801, 53.0680027496, 4.5596666279, 11.2222500366, 0],
