{
  "Z_true": {},
  "V_true": [
    [11, 391, 31, 286, 60],
    [138, 257, 239, 15901, 773],
    [32, 26, 1404, 235, 124],
    [98, 85, 521, 508, 352],
    [429, 5, 131, 233, 77],
    [46, 110, 294, 832, 970]
  ],
  "p_true": [
    [0.0141, 0.5019, 0.0398, 0.3671, 0.077],
    [0.008, 0.0148, 0.0138, 0.9187, 0.0447],
    [0.0176, 0.0143, 0.771, 0.129, 0.0681],
    [0.0627, 0.0543, 0.3331, 0.3248, 0.2251],
    [0.4903, 0.0057, 0.1497, 0.2663, 0.088],
    [0.0204, 0.0488, 0.1306, 0.3694, 0.4307]
  ],
  "Z_est": [
    [
      [0.7042, 0.9325, 2.6421, 2.6374, 2.0718, 0.4307, 1.0331, 1.0368, 0.1995, 0.9645, 0.6666, 0, 0.3469, 0.1477, 0.2291, 0.7219, 0.9254, 0.1558, 0.7526, 1.2968, 0.212, 0.4955, 0.9436, 0.9268, 0.1482, 0.7296, 0.9468, 0.7501, 0.1462, 0.1603, 3.8576, 0.1731],
      [17.7568, 5.5042, 48.2067, 38.8473, 35.8206, 11.9603, 11.2082, 11.9536, 11.5852, 10.1252, 12.5919, 4.204, 7.3391, 4.1558, 6.6617, 13.0746, 17.3118, 5.0891, 15.5257, 19.2761, 11.8008, 13.8458, 14.9666, 17.76, 5.6503, 20.5746, 27.5845, 7.7893, 2.4005, 4.1557, 83.9566, 2.8361],
      [0.7377, 0.2807, 4.4153, 6.1995, 4.9945, 0.5905, 1.0899, 1.5504, 0.5795, 0.6983, 0.8863, 0.109, 0.4973, 0.2775, 0.3418, 1.2748, 1.4641, 0.294, 0.9047, 2.907, 0.3566, 1.076, 2.2188, 1.7339, 0.3703, 2.0585, 2.1983, 1.0099, 0.1333, 0.4074, 5.9063, 0.2499],
      [0.4862, 0.0896, 0.4689, 1.3619, 1.0136, 1.0323, 1.1258, 0.7264, 1.282, 0.6045, 0.4607, 0.1309, 1.0003, 0.2204, 0.7522, 0.8957, 0.761, 0.1959, 1.0787, 1.5916, 0.3821, 0.9005, 0.9806, 0.8247, 0.2634, 0.6847, 0.8019, 0.9971, 0.3893, 0.2073, 2.9094, 0.0983],
      [3.315, 1.193, 9.267, 11.9539, 10.0995, 3.9862, 4.5429, 6.7328, 4.3538, 2.6075, 3.3945, 0.5562, 3.8165, 1.1987, 3.0152, 6.033, 4.5376, 1.2652, 5.7383, 7.9285, 2.2485, 3.6823, 6.8904, 4.7547, 1.5678, 5.9527, 5.4685, 3.4536, 0.9307, 4.0693, 21.37, 1.6425]
    ],
    [
      [0, 0, 0.9005, 1.0729, 1.0533, 0.2918, 0.2278, 0.252, 0, 0, 0, 0, 0, 0.018, 0, 0.104, 0, 0.0281, 0, 0.1887, 0, 0.0147, 0.1175, 0, 0, 0, 0.1785, 0, 0.1253, 0.2421, 0.1785, 0],
      [2.1904, 0, 5.274, 3.0945, 3.0695, 1.6761, 0.7303, 1.2716, 0, 1.5093, 2.0249, 0.3351, 0, 0.9457, 0, 1.0063, 1.9085, 2.9099, 1.1686, 0.4186, 1.7246, 1.2125, 0.412, 1.0595, 0.5611, 2.0155, 2.7539, 0, 0.3133, 1.2769, 7.5743, 0.4368],
      [0, 0.0053, 7.5578, 0.1266, 0.4555, 0, 0.3017, 0.3423, 0, 0.1827, 0, 0.4183, 0, 0, 0, 0, 0, 0, 0, 0.2468, 0, 0.4534, 0.0154, 0, 0, 0.2538, 0.0684, 1.335, 0, 1.7, 0.2377, 0.2092],
      [581.7868, 70.6619, 455.6088, 624.9541, 460.0663, 634.084, 802.1166, 549.092, 876.7832, 684.1955, 487.6593, 246.2894, 776.8252, 278.4614, 684.6186, 436.4704, 530.1162, 728.1807, 704.81, 688.8233, 594.6242, 414.2768, 361.9078, 306.998, 154.2546, 403.7822, 570.5975, 340.4777, 108.0563, 196.2337, 1817.9672, 72.2401],
      [23.0228, 5.3328, 40.6588, 32.7519, 27.3554, 14.9481, 17.6237, 27.0422, 16.2168, 16.1125, 20.3158, 5.9572, 17.1748, 8.5749, 16.3814, 16.4193, 17.9754, 26.8813, 22.0214, 19.3227, 20.6513, 9.0426, 14.5473, 9.9424, 5.1844, 19.9485, 22.4017, 6.1873, 2.505, 13.5474, 76.0424, 5.1139]
    ],
    [
      [1.5992, 1.2487, 5.8485, 4.4134, 4.2314, 1.4275, 2.149, 1.0539, 0, 2.9971, 2.0933, 0, 0.6849, 0.4707, 0.384, 1.3646, 2.7956, 1.0958, 0.9772, 1.9225, 0.4537, 1.2029, 1.9468, 1.8425, 0.3229, 1.885, 2.532, 2.5463, 0.1762, 0.3004, 6.7338, 0.2124],
      [3.612, 0.5716, 9.7517, 5.9741, 6.7033, 3.5761, 2.1128, 1.0955, 1.6156, 2.8266, 3.55, 1.0488, 1.2946, 1.0971, 0.9839, 2.2382, 4.7075, 3.1443, 1.8146, 2.61, 2.1997, 3.0206, 2.7954, 3.2036, 1.0343, 5.2595, 6.7308, 1.7344, 0.2302, 0.6829, 13.6333, 0.2532],
      [23.1704, 5.2925, 130.183, 140.8422, 137.0451, 26.9464, 31.2972, 21.9901, 10.6816, 30.0588, 38.4705, 4.8092, 13.6592, 12.5004, 7.969, 33.2737, 58.6198, 28.6501, 16.3207, 59.3642, 10.653, 36.1244, 63.0022, 47.5309, 11.3236, 77.691, 80.8385, 41.3965, 2.2663, 10.5755, 141.4026, 4.6204],
      [4.755, 0.501, 5.0333, 9.734, 8.7503, 14.7759, 10.104, 3.1753, 7.2785, 8.1116, 6.2463, 1.7226, 8.5016, 2.9994, 5.4181, 7.306, 9.5937, 5.915, 6.0441, 10.1912, 3.5087, 9.4467, 8.7318, 7.0834, 2.4782, 8.1136, 9.2639, 12.7992, 2.0497, 1.6117, 21.957, 0.4702],
      [1.8635, 0.3862, 5.1836, 5.0363, 5.2699, 3.2741, 2.337, 1.6853, 1.4243, 2.0059, 2.64, 0.4193, 1.8596, 0.9323, 1.245, 2.8175, 3.2834, 2.1948, 1.8434, 2.9121, 1.185, 2.2054, 3.5238, 2.3396, 0.8411, 4.0509, 3.6349, 2.5236, 0.2776, 1.8295, 9.2732, 0.4438]
    ],
    [
      [3.5178, 1.8402, 13.4852, 7.9809, 10.3368, 2.559, 3.7951, 1.8876, 0.4059, 4.5693, 5.0148, 0, 0.7839, 0.5688, 1.0951, 2.7183, 6.1224, 1.6989, 2.4554, 3.8127, 1.0481, 1.7308, 3.9455, 5.3405, 1.234, 3.7538, 4.3527, 3.3415, 2.3792, 1.061, 9.5508, 0],
      [1.8548, 1.2334, 5.2916, 2.5539, 3.9135, 1.5015, 0.871, 0.4573, 0.4649, 1.0002, 2.0504, 0.9338, 0.3459, 0.3086, 0.6566, 1.0432, 2.4321, 1.1349, 1.0637, 1.2085, 1.1839, 1.0153, 1.3213, 2.2425, 1.025, 2.2618, 2.7056, 0.7183, 0.5587, 0.5786, 4.5193, 0],
      [12.6768, 4.1775, 75.6883, 64.3077, 85.1258, 12.0351, 13.7354, 9.7104, 3.8206, 11.3121, 22.413, 3.7601, 3.856, 3.6904, 5.6138, 16.4957, 33.2337, 10.9874, 10.1387, 29.3504, 6.0654, 12.918, 31.8577, 33.412, 10.6833, 36.3667, 34.6928, 15.417, 5.0703, 9.258, 50.0933, 0],
      [6.5176, 0.8376, 7.8805, 11.2015, 13.8507, 16.5273, 11.0975, 3.5282, 6.5415, 7.6442, 9.1651, 3.489, 6.0677, 2.2673, 9.6732, 9.0659, 13.5147, 5.7016, 9.4436, 12.5583, 5.0538, 8.462, 11.0092, 12.5038, 5.9651, 9.4837, 9.9072, 11.9361, 13.0103, 3.6377, 19.3236, 0],
      [11.433, 2.9112, 32.6544, 24.9559, 34.7733, 16.3771, 11.501, 8.4165, 5.767, 8.4741, 17.3567, 3.8171, 5.9465, 3.1648, 9.9614, 15.6769, 20.6972, 9.4772, 12.8986, 16.0701, 7.6487, 8.8738, 19.8662, 18.5013, 9.0927, 21.134, 17.3418, 10.5871, 7.9815, 18.4647, 36.5129, 0]
    ],
    [
      [38.796, 3.7197, 48.6766, 45.5954, 58.9115, 18.5843, 25.3388, 5.3661, 5.3946, 10.3837, 12.8605, 1, 2.5464, 2.5185, 4.7882, 21.7714, 18.7345, 3.576, 6.0619, 20.2473, 2.9049, 11.32, 19.691, 21.489, 3.2071, 13.3436, 23.4503, 11.0444, 5.1207, 6.1591, 61.1777, 3.5831],
      [3.4291, 0.043, 3.1201, 2.373, 3.6374, 1.7202, 0.9148, 0.193, 0.9364, 0.3417, 0.7944, 0.8884, 0.1581, 0.1809, 0.4207, 1.3262, 1.1833, 0.3556, 0.395, 1.0295, 0.4731, 1.0378, 1.0635, 1.3946, 0.3527, 1.2823, 2.3466, 0.3712, 0.2194, 0.5052, 4.7071, 0.1133],
      [9.4321, 0.1823, 20.2696, 27.2207, 36.2377, 6.2964, 6.5723, 1.8619, 3.5294, 1.7587, 4.1692, 1.5253, 0.8049, 0.9857, 1.6491, 9.5516, 7.3594, 1.5677, 1.7165, 11.3349, 1.1039, 6.0144, 11.5785, 10.0334, 1.8574, 9.3967, 13.6691, 3.5852, 1.0364, 3.7661, 23.7378, 0.9327],
      [0.3477, 0.0034, 0, 0.2707, 0.205, 0.5722, 0.3558, 0.0455, 0.3991, 0.0797, 0.1134, 0.0912, 0.0839, 0.0398, 0.1873, 0.3509, 0.2006, 0.0543, 0.1065, 0.3269, 0.0611, 0.2626, 0.2695, 0.2502, 0.068, 0.1629, 0.2609, 0.1846, 0.1497, 0.1159, 0.6178, 0.0198],
      [2.9951, 0.0516, 2.9338, 3.5402, 5.0084, 2.8269, 1.8182, 0.5336, 1.7406, 0.4362, 1.0625, 0.4951, 0.4067, 0.2752, 0.9547, 2.9999, 1.5222, 0.4464, 0.72, 2.0614, 0.4571, 1.3653, 2.3976, 1.8328, 0.5148, 1.8145, 2.273, 0.8146, 0.4738, 2.4537, 5.7596, 0.3511]
    ],
    [
      [0.3828, 0.2588, 1.4471, 1.3001, 1.3952, 0.7068, 0.4562, 0.4037, 0, 0.0855, 0.3648, 0, 0.6379, 0.2764, 0.5036, 0.3197, 0.4221, 0.4453, 0.7529, 0.5321, 0.3813, 0.2361, 0.3555, 0.4013, 0.0878, 0.288, 0.5398, 0.3177, 0.0523, 0.0771, 1.5015, 0.0314],
      [4.1569, 0.6478, 11.3559, 8.1573, 9.8557, 2.5658, 2.1629, 2.029, 3.3979, 4.197, 2.9884, 1.59, 1.8623, 1.3119, 2.277, 2.3115, 3.4568, 3.3661, 3.0324, 3.4574, 4.618, 2.8681, 2.4413, 3.3396, 1.3766, 3.6065, 6.8786, 1.3869, 0.2779, 0.8007, 14.6094, 0.3605],
      [4.983, 1.0617, 28.886, 36.3032, 38.1413, 3.1317, 6.0035, 7.545, 2.3889, 6.9894, 6.061, 1.3781, 2.1826, 2.5459, 0.4264, 6.404, 8.323, 5.5008, 2.9193, 14.7968, 2.8211, 6.4138, 10.3275, 9.2899, 2.7655, 10.2333, 15.5329, 5.2563, 0.4937, 2.293, 28.6222, 0.9878],
      [18.1067, 1.9065, 22.0085, 44.4777, 44.1142, 35.0081, 34.2004, 19.4326, 40.7156, 33.3644, 17.3551, 9.2769, 37.5214, 12.0117, 26.3506, 24.9112, 23.8139, 20.9526, 26.5171, 44.5086, 21.3701, 29.6514, 25.101, 24.34, 10.9709, 18.7728, 31.1686, 28.6053, 8.3447, 6.1937, 77.225, 2.1716],
      [24.3706, 5.1252, 66.3024, 75.7617, 83.4936, 26.5876, 27.1771, 35.5897, 27.4976, 28.3637, 25.2306, 7.755, 27.7959, 12.8541, 20.4423, 33.0535, 27.9842, 26.7353, 27.7783, 43.7052, 24.8095, 23.8307, 34.7747, 27.6292, 12.7992, 32.0994, 41.8801, 19.4337, 3.8314, 24.6354, 112.0419, 7.4487]
    ]
  ],
  "V_est": [
    [27.3852, 521.5187, 47.812, 24.7179, 157.5662],
    [4.9936, 48.8736, 13.9099, 16643.0198, 597.2032],
    [56.9121, 101.1059, 1358.5691, 223.6711, 80.7418],
    [112.3859, 48.4501, 677.9635, 276.8656, 448.3348],
    [537.3624, 37.3074, 240.7369, 6.2566, 53.3366],
    [14.9608, 116.7442, 281.0086, 820.469, 1018.8174]
  ],
  "p_est": [
    [0.0352, 0.6695, 0.0614, 0.0317, 0.2023],
    [0.0003, 0.0028, 0.0008, 0.9616, 0.0345],
    [0.0313, 0.0555, 0.7461, 0.1228, 0.0443],
    [0.0719, 0.031, 0.4335, 0.177, 0.2867],
    [0.6141, 0.0426, 0.2751, 0.0072, 0.061],
    [0.0066, 0.0518, 0.1248, 0.3643, 0.4524]
  ],
  "EI_Z": {},
  "EI_V": 6.8172,
  "MAE_Z": {},
  "MAE_V": 111.7982,
  "MAE_p": 0.061,
  "runtime": 0.019
}
