{
  "X": [
    [45, 33, 51, 612, 67],
    [8, 8, 11, 74, 15],
    [73, 83, 267, 491, 157],
    [63, 61, 275, 692, 154],
    [78, 63, 302, 528, 166],
    [24, 23, 49, 702, 68],
    [33, 18, 59, 859, 65],
    [10, 17, 43, 576, 80],
    [6, 18, 21, 933, 57],
    [19, 20, 51, 734, 58],
    [21, 24, 72, 521, 70],
    [1, 9, 12, 261, 19],
    [5, 11, 21, 830, 57],
    [4, 8, 20, 296, 27],
    [7, 11, 16, 727, 52],
    [27, 21, 67, 479, 77],
    [29, 31, 109, 578, 76],
    [7, 16, 47, 761, 67],
    [11, 23, 32, 748, 71],
    [28, 28, 118, 758, 92],
    [5, 22, 21, 625, 57],
    [15, 23, 63, 463, 49],
    [27, 23, 119, 408, 82],
    [30, 29, 102, 352, 65],
    [5, 10, 27, 174, 30],
    [20, 35, 136, 441, 85],
    [32, 49, 147, 622, 93],
    [18, 12, 68, 395, 43],
    [8, 4, 9, 132, 16],
    [8, 8, 28, 208, 65],
    [83, 129, 250, 1940, 261],
    [4, 4, 7, 75, 15]
  ],
  "W": [
    [23, 607, 35, 36, 55, 52],
    [8, 76, 8, 11, 4, 9],
    [65, 510, 156, 135, 75, 130],
    [61, 662, 166, 111, 79, 166],
    [54, 492, 162, 148, 104, 177],
    [18, 651, 50, 49, 30, 68],
    [19, 821, 48, 41, 35, 70],
    [22, 578, 29, 24, 8, 65],
    [18, 893, 21, 17, 12, 74],
    [15, 702, 46, 33, 13, 73],
    [18, 510, 53, 56, 19, 52],
    [5, 253, 8, 12, 4, 20],
    [13, 794, 26, 17, 4, 70],
    [6, 288, 18, 10, 4, 29],
    [11, 701, 16, 27, 8, 50],
    [22, 454, 47, 45, 36, 67],
    [25, 550, 79, 76, 29, 64],
    [7, 758, 41, 29, 6, 57],
    [24, 728, 27, 36, 9, 61],
    [33, 709, 77, 63, 35, 107],
    [15, 617, 18, 21, 5, 54],
    [20, 425, 52, 33, 20, 63],
    [26, 377, 80, 68, 35, 73],
    [26, 318, 62, 72, 35, 65],
    [8, 160, 16, 28, 6, 28],
    [30, 426, 97, 73, 26, 65],
    [37, 596, 103, 69, 42, 96],
    [14, 348, 61, 42, 16, 55],
    [4, 111, 5, 29, 7, 13],
    [9, 213, 15, 33, 13, 34],
    [118, 1902, 193, 120, 96, 234],
    [5, 78, 6, 0, 5, 11]
  ],
  "method": "mvn_pdf",
  "cond_prob": [
    [
      [0.016103983768, 0.77357845816, 0.025417263612, 0.011894907993, 0.17300538646],
      [0, 0.0025005159588, 0, 0.9578634337, 0.039636050336],
      [0.041187079755, 0.099553723943, 0.68397736396, 0.15819538414, 0.017086448206],
      [0.10853484834, 0.051794130418, 0.3264931025, 0.16367474293, 0.34950317581],
      [0.70537014879, 0.05956985462, 0.17662868802, 0.0090749791205, 0.049356329443],
      [0.0093355357297, 0.097395600732, 0.096305108984, 0.35336653491, 0.44359721964]
    ],
    [
      [0.06571338106, 0.70904280688, 0.030398703327, 0.0067986782547, 0.18804643048],
      [0, 0, 0, 0.927076999, 0.072923001002],
      [0.14593728085, 0.065639434158, 0.70013137812, 0.072779202354, 0.015512704521],
      [0.20165066842, 0.090389730846, 0.35161821338, 0.084912657598, 0.27142872976],
      [0.93315730977, 0.0092892553352, 0.045468796567, 0.0011122988278, 0.010972339498],
      [0.039556457001, 0.085677556784, 0.12289820167, 0.21855962249, 0.53330816206]
    ],
    [
      [0.022141936305, 0.7417910875, 0.056300230911, 0.0031736010328, 0.17659314425],
      [0.0016477148559, 0.0082274580036, 0.015485892125, 0.89248584495, 0.08215309007],
      [0.033534702255, 0.058005821933, 0.85925423633, 0.038261374879, 0.010943864608],
      [0.11179731273, 0.038578860541, 0.52791510186, 0.053014089808, 0.26869463506],
      [0.64759348301, 0.038704439223, 0.27816468613, 0.00017117519821, 0.035366216437],
      [0.014052904364, 0.10328991072, 0.22513945331, 0.17298015589, 0.48453757572]
    ],
    [
      [0.024034632001, 0.6359769589, 0.084071247981, 0.012737679248, 0.24317948187],
      [0.001641334136, 0.0036936240277, 0.0004343000265, 0.94256867288, 0.051662068929],
      [0.023977014925, 0.032836917943, 0.86603620227, 0.067048011832, 0.010101853029],
      [0.082635851767, 0.022664336572, 0.55066791953, 0.092612692375, 0.25141919975],
      [0.57746611472, 0.027376733871, 0.3501137238, 0.005073878289, 0.039969549321],
      [0.010088778093, 0.058016835462, 0.22312659295, 0.27368508986, 0.43508270364]
    ],
    [
      [0.021058485398, 0.6595526532, 0.076627445161, 0.010447966356, 0.23231344989],
      [0.0022285267637, 0.0051381818522, 0.0010656639422, 0.93358618676, 0.057981440681],
      [0.023283254692, 0.037686755602, 0.86562433376, 0.0620375633, 0.011368092642],
      [0.078916438392, 0.025931777505, 0.5468878489, 0.08555368611, 0.26271024909],
      [0.56305481032, 0.032068850031, 0.35782545508, 0.0035862882076, 0.043464596363],
      [0.0099276056785, 0.065411600985, 0.22007582072, 0.25438644722, 0.4501985254]
    ],
    [
      [0.012670221706, 0.66048193372, 0.026146339847, 0.032082620441, 0.26861888428],
      [0.00070340536642, 0.0023048242677, 0, 0.97281866282, 0.024173107548],
      [0.025427676075, 0.067306144064, 0.54949160786, 0.33688803674, 0.020886535255],
      [0.058728896812, 0.030801553034, 0.23046525465, 0.30583268434, 0.37417161116],
      [0.61802139595, 0.054329302696, 0.21479224895, 0.027199052362, 0.085658000042],
      [0.0091805513183, 0.045682679588, 0.048797360931, 0.52163806465, 0.37470134351]
    ],
    [
      [0.02990799801, 0.5930153654, 0.047304532137, 0.034177259175, 0.29559484528],
      [0.00031102998225, 0.00061286894364, 0.00043119950335, 0.97625849794, 0.022386403634],
      [0.040119780331, 0.040479882622, 0.66536372159, 0.23883419528, 0.015202420179],
      [0.10545257123, 0.020988647668, 0.31647483803, 0.24580506524, 0.31127887782],
      [0.72384065307, 0.02408996473, 0.19143591984, 0.014324879053, 0.046308583303],
      [0.0084666384047, 0.036897499554, 0.08762878439, 0.49712836363, 0.36987871402]
    ],
    [
      [0.025967522208, 0.53706062749, 0.056183324529, 0.01859308508, 0.36219544069],
      [0.00038553525649, 0.0017626647835, 0.00052114921282, 0.94893493879, 0.04839571196],
      [0.034293010697, 0.035814478378, 0.78491765599, 0.12683179407, 0.01814306086],
      [0.091947768014, 0.018889794604, 0.37679047677, 0.13269927649, 0.37967268412],
      [0.68172332797, 0.022002676467, 0.23113278541, 0.0078575302262, 0.057283679927],
      [0.0084745348746, 0.038428455309, 0.12012456717, 0.31047373236, 0.52249871029]
    ],
    [
      [0.0063048923094, 0.63613535826, 0.025684993871, 0.039614672777, 0.29226008278],
      [0, 0, 0, 0.98096984379, 0.019030156206],
      [0.00059529922605, 0.065761797962, 0.51526148272, 0.3971081608, 0.021273259291],
      [0.027320190701, 0.027525623602, 0.21240911552, 0.35207042017, 0.38067465001],
      [0.4507972844, 0.072903646391, 0.29901647704, 0.04705418187, 0.1302284103],
      [0, 0.051699816706, 0.034027382229, 0.5593479281, 0.35492487296]
    ],
    [
      [0.035391997068, 0.68154838383, 0.038853660461, 0.023642383542, 0.2205635751],
      [0, 0.001595145709, 0.00022568603477, 0.97379493777, 0.024384230483],
      [0.058078166692, 0.056326639963, 0.66982835725, 0.20189685464, 0.013869981447],
      [0.15490506221, 0.02941496359, 0.32048457185, 0.20920696612, 0.28598843624],
      [0.79742022559, 0.02422365509, 0.13902089482, 0.0087558176542, 0.030579406849],
      [0.0043725258988, 0.065484317834, 0.09675885698, 0.46214256308, 0.37124173621]
    ],
    [
      [0.019456796398, 0.69936074364, 0.039685043686, 0.014507360477, 0.2269900558],
      [0, 0.0031693662702, 0, 0.95544306177, 0.041387571961],
      [0.035000400549, 0.06342620427, 0.74973527799, 0.13611213158, 0.015725985607],
      [0.09900591883, 0.036470193141, 0.37548557722, 0.14856252993, 0.34047578088],
      [0.67299996681, 0.039930831433, 0.22784736046, 0.00862795903, 0.050593882272],
      [0.0089120309978, 0.069856238024, 0.11910398668, 0.34164481034, 0.46048293396]
    ],
    [
      [0, 0.83505349132, 0.017378743692, 0.014622871884, 0.1329448931],
      [0, 0.00032915224543, 0.0017895715481, 0.97339485083, 0.024486425375],
      [0, 0.1231095041, 0.61518274827, 0.24530203299, 0.01640571464],
      [0, 0.081082779344, 0.29741749478, 0.26632470692, 0.35517501896],
      [0.25, 0.21167303875, 0.39411021808, 0.032652223697, 0.11156451948],
      [0, 0.096844774269, 0.069671594202, 0.46845333692, 0.36503029461]
    ],
    [
      [0.01457872443, 0.5542944183, 0.030548529271, 0.043371002723, 0.35720732528],
      [0, 0, 0, 0.97721993374, 0.022780066257],
      [0.024157603231, 0.046053784037, 0.53425325969, 0.37286990312, 0.022665449915],
      [0.053521232937, 0.020105416218, 0.21209005804, 0.32380415018, 0.39047914263],
      [0.64334671189, 0.03600405854, 0.2011085334, 0.029252916835, 0.090287779336],
      [0.0099875870134, 0.030156655246, 0.03289027496, 0.54581785529, 0.38114762749]
    ],
    [
      [0.013100635258, 0.68471381849, 0.036730290851, 0.020735895434, 0.24471935997],
      [6.6351162303e-05, 0.0028144503719, 0, 0.96559635745, 0.031522841012],
      [0.023643603033, 0.057229958426, 0.71029344708, 0.19218656568, 0.016646425775],
      [0.064524323631, 0.030698908023, 0.3432349638, 0.20614145554, 0.355400349],
      [0.6317542186, 0.042119598591, 0.24953127711, 0.014154729125, 0.062440176573],
      [0.010498003048, 0.054329263989, 0.088409015896, 0.42091179401, 0.42585192305]
    ],
    [
      [0.011047355482, 0.59755697706, 0.02494678193, 0.038649366224, 0.3277995193],
      [0, 0, 0, 0.97603614387, 0.023963856128],
      [0.021344921529, 0.05716516923, 0.50965260611, 0.38757953247, 0.024257770656],
      [0.045753930111, 0.024234007993, 0.19626981318, 0.32728475273, 0.40645749598],
      [0.59786342608, 0.049367649771, 0.21240725172, 0.033577733297, 0.10678393913],
      [0.010373936471, 0.049259422613, 0.011452014625, 0.54133874815, 0.38757587814]
    ],
    [
      [0.017387952631, 0.58664193455, 0.0459191233, 0.02269338717, 0.32735760235],
      [0.00011544593458, 0.0018629963122, 0, 0.96002689962, 0.03799465813],
      [0.026339022982, 0.045259770616, 0.73010537061, 0.17926048681, 0.019035348989],
      [0.068159514634, 0.02317606349, 0.3424621067, 0.18202409088, 0.38417822429],
      [0.60612970752, 0.034740768367, 0.27063036375, 0.013829492985, 0.074669667384],
      [0.0065562817694, 0.042198169805, 0.097333417498, 0.38110961696, 0.47280251397]
    ],
    [
      [0.019799344183, 0.69441926257, 0.047838872328, 0.0173729508, 0.22056957012],
      [0, 0.0028054123374, 0, 0.96319788204, 0.03399670562],
      [0.031339583256, 0.055550712077, 0.7616066826, 0.13850185728, 0.013001164787],
      [0.090335291902, 0.031962423715, 0.41460647278, 0.16201971777, 0.30107609383],
      [0.64223736322, 0.038421903013, 0.26233015487, 0.0098944363579, 0.047116142541],
      [0.0084191187532, 0.065072750098, 0.13311615381, 0.37913683088, 0.41425514646]
    ],
    [
      [0.011480101507, 0.72266758249, 0.032961614717, 0.01565668313, 0.21723401816],
      [3.3682633356e-05, 0.0030725047858, 0, 0.95962989192, 0.037263920664],
      [0.023729486476, 0.073697797129, 0.71749392797, 0.16784686691, 0.017231921517],
      [0.064705073597, 0.039520543258, 0.35196482902, 0.17915383929, 0.36465571484],
      [0.59183223127, 0.057345677512, 0.26916564049, 0.013157668027, 0.068498782701],
      [0.0086624278232, 0.071940154266, 0.097018311678, 0.37429502201, 0.44808408422]
    ],
    [
      [0.016870056668, 0.64275839231, 0.030401019955, 0.025397746596, 0.28457278447],
      [0, 0.0012694082415, 0, 0.96762209282, 0.031108498943],
      [0.032859277991, 0.063240719211, 0.6248548235, 0.25771814097, 0.021327038321],
      [0.077554227887, 0.029413703326, 0.26512926185, 0.23793322506, 0.38996958187],
      [0.67681980443, 0.04096335651, 0.19503607746, 0.016773401173, 0.070407360429],
      [0.01351783099, 0.057616498979, 0.050808478076, 0.4473217048, 0.43073548716]
    ],
    [
      [0.021741066955, 0.58333234999, 0.072804793931, 0.027711904976, 0.29440988414],
      [0.0002676150701, 0.00014655631561, 0.00033740909464, 0.97080154149, 0.028446878025],
      [0.022422539498, 0.030879743326, 0.78593594338, 0.14907136385, 0.011690409942],
      [0.069964527817, 0.019020975035, 0.44548835935, 0.18208946493, 0.28343667286],
      [0.57886496119, 0.026831727566, 0.3294120439, 0.013049272632, 0.051841994713],
      [0.00652552589, 0.03860702705, 0.14248563492, 0.42411549875, 0.38826631339]
    ],
    [
      [0.0073401945576, 0.77929139832, 0.018925898536, 0.014341436666, 0.18010107192],
      [0, 0.0018767690332, 0, 0.96319555836, 0.03492767261],
      [0.022418349338, 0.1164168077, 0.61325553175, 0.22683950686, 0.021069804349],
      [0.054944444928, 0.05617794094, 0.26916297388, 0.21812331049, 0.40159132976],
      [0.57899356778, 0.090533031574, 0.2292390575, 0.017726766637, 0.083507576517],
      [0.0081030668738, 0.10045848288, 0.053312855769, 0.40260897161, 0.43551662287]
    ],
    [
      [0.013497760298, 0.68978891421, 0.043778536044, 0.025529286586, 0.22740550286],
      [5.1222399754e-05, 0.0024088644883, 0.0010546461339, 0.97375769919, 0.022727567791],
      [0.020761682861, 0.053570484072, 0.70729355802, 0.20506665456, 0.013307620491],
      [0.060301069888, 0.03072820302, 0.37178028941, 0.23343632733, 0.30375411036],
      [0.566617725, 0.047910046575, 0.30564945725, 0.01841784596, 0.061404925217],
      [0.0048631422071, 0.054326309609, 0.10341588825, 0.47471698978, 0.36267767016]
    ],
    [
      [0.019516232, 0.5710542903, 0.068812990219, 0.021254711092, 0.31936177639],
      [0.00027100945551, 0.00069917830944, 8.6227960381e-05, 0.95867531142, 0.040268272858],
      [0.021882327321, 0.032604446989, 0.80734225002, 0.12430093122, 0.01387004445],
      [0.06611015189, 0.019437712429, 0.44341757129, 0.14720425593, 0.32383030846],
      [0.56232531456, 0.028315792695, 0.33755938474, 0.010850725388, 0.06094878261],
      [0.0063417106755, 0.040655140835, 0.14553426024, 0.35195953176, 0.45550935649]
    ],
    [
      [0.019374349514, 0.68287536398, 0.055403307684, 0.018334820572, 0.22401215825],
      [0, 0.0026374385884, 0, 0.96496714777, 0.03239541364],
      [0.026199644688, 0.047126735168, 0.78550926328, 0.12951757906, 0.011646777803],
      [0.083510983458, 0.030929025052, 0.44316000751, 0.15874143362, 0.28365855036],
      [0.60985806716, 0.0368086681, 0.29655845513, 0.010184553649, 0.046590255964],
      [0.0079087043444, 0.061068989196, 0.14724420319, 0.38227398728, 0.40150411599]
    ],
    [
      [0.0097985901015, 0.69770838766, 0.037901394085, 0.018761663812, 0.23582996434],
      [0, 0.0029739634425, 0, 0.96369748559, 0.033328550971],
      [0.017686793645, 0.059470516534, 0.72969705622, 0.17685146605, 0.016294167551],
      [0.048375483456, 0.035954665248, 0.36485286104, 0.19460846045, 0.3562085298],
      [0.52873218562, 0.054941222865, 0.3233379616, 0.016330350286, 0.076658279627],
      [0.003989854656, 0.059092589972, 0.10234743103, 0.40291666231, 0.43165346203]
    ],
    [
      [0.012847184872, 0.68196925026, 0.054617203497, 0.012742883523, 0.23782347784],
      [0, 0.0038595572477, 0.00076417296979, 0.9465707417, 0.048805528087],
      [0.017334341273, 0.051465258364, 0.82185053158, 0.096119700973, 0.013230167808],
      [0.058167423904, 0.031333145473, 0.46969261382, 0.11854714155, 0.32225967526],
      [0.5121042886, 0.046766260634, 0.36946480994, 0.0089571526162, 0.062707488215],
      [0.0057264600292, 0.06771351765, 0.16035075045, 0.29489444979, 0.47131482207]
    ],
    [
      [0.013810926435, 0.74372234907, 0.048199163898, 0.012354875366, 0.18191268523],
      [0.00030223350706, 0.003586027674, 0.00014564629504, 0.95630298313, 0.039663109391],
      [0.022005052142, 0.060827658257, 0.80285322907, 0.10301388734, 0.01130017319],
      [0.071591096583, 0.039135592137, 0.47527835915, 0.13139116675, 0.28260378539],
      [0.5574642209, 0.052124723692, 0.33256536947, 0.0088526280723, 0.048993057863],
      [0.0071777212407, 0.085314141018, 0.16327073802, 0.32852146233, 0.41571593739]
    ],
    [
      [0.029628329, 0.56084268769, 0.059913628404, 0.040837873681, 0.30877748122],
      [0, 0, 0.0035459926335, 0.9775789175, 0.018875089868],
      [0.03791305887, 0.023548340108, 0.69140689019, 0.23435733992, 0.012774370914],
      [0.091447536013, 0.01698338655, 0.35019649936, 0.25745111228, 0.2839214658],
      [0.6887306736, 0.021268649306, 0.22830770194, 0.016107053013, 0.045585922138],
      [0.007491263868, 0.030148236396, 0.098003768367, 0.52480634873, 0.33955038264]
    ],
    [
      [0.019441964164, 0.60902598474, 0.028220095822, 0.059350747097, 0.28396120818],
      [0.0030134511118, 0.0025391748242, 0, 0.97392042128, 0.020526952782],
      [0.028754177927, 0.040202297164, 0.44769468127, 0.46697529562, 0.016373548013],
      [0.081613656988, 0.019014194944, 0.17361508332, 0.42811697443, 0.29764009031],
      [0.71651617956, 0.02984375392, 0.15925757408, 0.033340086121, 0.061042406313],
      [0.0047352977461, 0.024670633763, 0.038385059649, 0.66721391614, 0.2649950927]
    ],
    [
      [0.0089295165944, 0.44600286326, 0.034270989234, 0.012732459259, 0.49806417165],
      [0.00055730604063, 0.0053977087263, 0.0059849031005, 0.9198316439, 0.068228438234],
      [0.018943287976, 0.046787402124, 0.76699934511, 0.12960069089, 0.0376692739],
      [0.035442522102, 0.017785919757, 0.25885023931, 0.098523958459, 0.58939736038],
      [0.48062251349, 0.038456565514, 0.30217632489, 0.012133107618, 0.16661148849],
      [0.0029142041052, 0.030811192248, 0.071806954096, 0.19435989191, 0.70010775765]
    ],
    [
      [0.017797066152, 0.70882227177, 0.040034781923, 0.013943366936, 0.21940251322],
      [6.7327035119e-05, 0.0030922224025, 0.00012898073408, 0.95478589615, 0.041925573683],
      [0.032140186533, 0.067034842351, 0.75388997359, 0.13158854607, 0.015346451456],
      [0.091064045247, 0.037522722587, 0.38889309477, 0.14578163418, 0.33673850321],
      [0.64244404098, 0.0457335558, 0.24923778371, 0.0090681650475, 0.053516454472],
      [0.0084039350816, 0.075413214875, 0.12365731139, 0.33585888417, 0.45666665448]
    ],
    [
      [0.01746844067, 0.54913556523, 0.035787809621, 0.011070960568, 0.38653722391],
      [0, 0.0053223141652, 0.0020601215419, 0.92412822544, 0.068489338857],
      [0.034600364768, 0.043032290554, 0.80259973468, 0.09581937261, 0.023948237389],
      [0.079896079569, 0.020228907944, 0.31055228126, 0.090902728984, 0.49842000224],
      [0.73609099113, 0.021001377754, 0.17631158475, 0.0053297337405, 0.061266312624],
      [0.0022364229451, 0.04327100335, 0.087565012709, 0.20555260989, 0.6613749511]
    ]
  ],
  "expected_outcome": [
    [
      [0.37039162667, 0.52570704848, 1.4392258598, 1.4661125521, 1.1371582115, 0.22806399071, 0.56825196219, 0.57128548857, 0.11348806157, 0.53087995603, 0.35022233517, 0, 0.18952341758, 0.078603811551, 0.1215209103, 0.38253495787, 0.49498360457, 0.080360710546, 0.40488136004, 0.71745520953, 0.11010291836, 0.26995520595, 0.50742203201, 0.50373308735, 0.078388720812, 0.38541554617, 0.51100427808, 0.414796606, 0.077767856657, 0.08036564935, 2.1000538059, 0.087342203352],
      [17.7923045378, 5.672342455, 48.2164206878, 38.7945944931, 35.6158432727, 11.888674807, 11.2672919426, 11.8153338049, 11.4504364487, 10.2232257575, 12.5884933855, 4.1752674566, 7.2058274379, 4.1082829109, 6.5731267477, 12.9061225601, 17.3604815643, 5.0586730774, 15.4262014154, 19.2499675498, 11.6893709748, 13.7957782842, 14.8474115478, 17.7547594635, 5.5816671013, 20.4590775079, 27.5177269155, 7.8517976277, 2.4361039389, 4.0140257693, 83.6410280687, 2.7456778262],
      [0.58459706308, 0.24318962662, 3.6595150092, 5.1283461268, 4.1378820387, 0.47063411725, 0.8987861106, 1.2360331396, 0.46232988968, 0.58280490691, 0.71433078634, 0.086893718462, 0.39713088052, 0.22038174511, 0.27441460123, 1.0102207126, 1.1959718082, 0.23073130302, 0.72962447892, 2.4025581997, 0.28388847804, 0.87557072088, 1.7891377457, 1.4404859998, 0.30321115268, 1.6385161049, 1.7833690642, 0.83879079765, 0.11288038329, 0.3084389031, 4.7241042669, 0.1789390481],
      [0.27358288385, 0.054389426038, 0.20628406713, 0.77699843415, 0.56419018325, 0.57748716794, 0.64936792433, 0.40904787175, 0.71306410998, 0.35463575313, 0.26113248858, 0.073114359418, 0.5638230354, 0.1244153726, 0.42514302846, 0.49925451774, 0.43432376999, 0.10959678191, 0.60954591831, 0.9144928642, 0.21512154999, 0.51058573171, 0.55262248839, 0.47670533486, 0.1500933105, 0.3822865057, 0.45713038854, 0.57173023154, 0.23740298839, 0.11459213333, 1.6453172984, 0.055354802838],
      [3.9791238886, 1.5043714438, 11.478554376, 14.8339483939, 12.5449262938, 4.8351399171, 5.6163020603, 7.9682996952, 5.2606814901, 3.3084536265, 4.0858210045, 0.6647244655, 4.6436952286, 1.4683161598, 3.6057947123, 7.2018672517, 5.5142392529, 1.5206381271, 6.8297468273, 9.7155261767, 2.7015160788, 4.5481100572, 8.3034061861, 5.8243161145, 1.8866397147, 7.1347043353, 6.7307693536, 4.3228847371, 1.1358448327, 4.4825775449, 25.88949656, 1.9326861195]
    ],
    [
      [0, 0, 0.84033457653, 1.086563198, 1.0964351678, 0.45791689354, 0.25535561543, 0.22283937825, 0, 0, 0, 0, 0, 0.019109134743, 0, 0.052412454299, 0, 0.025531436084, 0, 0.1897390847, 0, 0.021769519895, 0.10217056473, 0, 0, 0, 0.18013117021, 0, 0.33449307341, 0.11870618665, 0.1280560208, 0],
      [1.517813187, 0, 4.1960035818, 2.4451791064, 2.5279854713, 1.5004405982, 0.50316540273, 1.0188202449, 0, 1.1197922877, 1.6163767978, 0.083275518094, 0, 0.8105617071, 0, 0.84580032576, 1.5429767856, 2.3289586276, 0.92412919982, 0.10390842777, 1.1579664935, 1.0237674075, 0.26359022266, 0.8387054711, 0.4758341508, 1.6441713875, 2.1372724937, 0, 0.28184840549, 1.1497119587, 5.8814070096, 0.41514050489],
      [0, 0, 7.8978049839, 0.28750661754, 0.52430665955, 0, 0.35401479225, 0.30122424501, 0, 0.15843159641, 0, 0.45276160167, 0, 0, 0, 0, 0, 0, 0, 0.2392230481, 0, 0.4482246069, 0.032507941063, 0, 0, 0.32553768513, 0.086805191846, 1.2340054364, 0, 1.2747843604, 0.24532135622, 0.16068948027],
      [581.4231042589, 70.4578519239, 455.1677809222, 623.9804614472, 459.3244038861, 633.3049494947, 801.5082268064, 548.4843946193, 876.0060705083, 683.6040463172, 487.275961502, 246.2688972604, 775.9126273923, 278.0917509468, 684.2013368545, 435.8522124291, 529.7588351237, 727.3994580726, 704.42888357, 688.2982929198, 594.291659506, 413.8470221544, 361.4205924041, 306.8595529915, 154.1915976938, 403.2391359622, 569.9565779474, 340.1974632894, 108.1051667623, 195.9241401503, 1816.0027744686, 72.082001584],
      [24.0590825541, 5.5421480761, 41.8980759356, 34.2002896308, 28.5268688153, 15.7366930135, 18.3792373832, 27.9727215126, 16.9939294917, 17.1177297987, 21.1076617002, 6.1950656198, 18.0873726077, 9.0785782114, 16.7986631455, 17.2495747908, 18.6981880907, 28.2460518637, 22.6469872301, 20.1688365196, 21.5503740005, 9.6592163113, 15.1811388674, 10.3017415374, 5.3325681554, 20.7911549651, 23.6392131969, 6.5685312741, 2.2784917588, 14.5326573439, 79.7424411448, 5.3421684309]
    ],
    [
      [1.4415477914, 1.1674982468, 5.2314135517, 3.9801844775, 3.7718872602, 1.2713838038, 1.9257494559, 0.99449731023, 0.012501283747, 2.6715956678, 1.8550212291, 0, 0.62809768401, 0.42558485459, 0.34151874447, 1.2379340801, 2.4758270772, 0.97290894552, 0.88720050576, 1.7265355413, 0.40353028809, 1.0796075088, 1.7505861857, 1.6243779706, 0.28298869832, 1.6814311035, 2.2665203706, 2.3126965911, 0.14377088963, 0.28414931963, 6.2030560009, 0.20760218861],
      [3.484380338, 0.52511547327, 9.0489082215, 5.4509283785, 6.1052544075, 3.3653072032, 1.9430343659, 1.038619873, 1.3809977572, 2.5910254383, 3.3615888263, 0.98487603279, 1.197398385, 1.0301392517, 0.91464270767, 2.127209219, 4.3885062541, 3.0216096823, 1.7074994187, 2.3777402361, 2.0955025386, 2.7856651717, 2.6083557591, 2.9218575804, 0.95152826455, 4.9921300613, 6.2652488005, 1.4364487466, 0.20101148582, 0.70181103186, 12.9377245738, 0.25819374333],
      [23.9392077385, 5.6010510249, 134.0436608668, 143.762009577, 140.2311420698, 27.4745803931, 31.9374586361, 22.7626120238, 10.8204911371, 30.8121044336, 39.7359697335, 4.9214619862, 13.890584752, 12.7852820475, 8.1544416978, 34.3149524186, 60.1669279252, 29.4172510468, 16.8710802346, 60.5170676402, 11.0385995715, 36.779265017, 64.5873800015, 48.7015743233, 11.6751528996, 79.7195015635, 82.6938825946, 42.1758203017, 2.2384734064, 11.5049901766, 145.5007649027, 4.8155984081],
      [5.5368384449, 0.58223361883, 5.9687744811, 11.1299699642, 10.0500852546, 16.8444018372, 11.4640413735, 3.678122028, 8.3392713768, 9.2872553137, 7.213942974, 1.9624162639, 9.6946174812, 3.4593581823, 6.2012725196, 8.4252428799, 10.9416467253, 6.8817215432, 6.9583898063, 11.4784950168, 4.0831111235, 10.6634660369, 9.9440744977, 8.0300899019, 2.8296234568, 9.3236109944, 10.6104303956, 14.2957977349, 2.3348764781, 1.9440103634, 25.3965893917, 0.57491623566],
      [0.5980256872, 0.12410163617, 1.7072428789, 1.6769076028, 1.841631008, 1.0443267627, 0.7297161686, 0.52614876494, 0.44673844512, 0.63801914655, 0.83347723715, 0.13124571712, 0.58930169778, 0.29963566395, 0.38812433049, 0.89466140246, 1.0270920182, 0.70650878221, 0.57583003468, 0.90016156554, 0.37925647828, 0.69199626553, 1.109603556, 0.72210022381, 0.26070668082, 1.2833262773, 1.1639178386, 0.77923662576, 0.081867740065, 0.5650391085, 2.961865131, 0.14368942433]
    ],
    [
      [3.9072545403, 2.2181573526, 15.0926372188, 9.1725795462, 11.679632882, 2.8777159438, 4.3235554206, 2.2067464323, 0.46444324192, 5.1118670528, 5.5443314545, 0, 0.90986095992, 0.64524323631, 1.235356113, 3.0671781585, 6.8654821845, 1.8764471343, 2.7919522039, 4.4077652525, 1.1538333435, 1.9899353063, 4.4954903285, 6.012790809, 1.3545135368, 4.246221945, 4.9397856642, 3.8407965126, 2.3667960527, 1.1696032294, 10.9276854297, 0],
      [1.8645886951, 0.9942870393, 5.208146173, 2.5157413594, 3.8379030708, 1.5092760986, 0.86053455441, 0.4533550705, 0.46793560124, 0.97069379848, 2.0423308159, 0.97299335213, 0.3417920757, 0.30698908023, 0.65431821581, 1.0429228571, 2.4291442024, 1.1460957545, 1.0588933197, 1.1983214272, 1.1797367597, 1.0140306997, 1.3217644452, 2.2268898038, 1.006730627, 2.2873196196, 2.7003558575, 0.71330223511, 0.55141165338, 0.58693535198, 4.5027267104, 0],
      [11.75375169, 3.8678003472, 71.2685387506, 61.124139068, 80.9394016369, 11.2927974779, 12.9754683594, 9.0429714425, 3.6109549638, 10.5759908709, 21.0271923243, 3.5690099373, 3.6055309867, 3.432349638, 5.299284956, 15.4107948015, 31.5100919316, 10.2069800415, 9.5446534268, 28.0657666392, 5.6524224514, 12.2687495504, 30.1523948479, 31.9075205405, 10.2158801092, 34.2875608085, 32.7942067811, 14.7082529729, 5.0348374163, 8.5420578971, 46.6671713725, 0],
      [5.8922907454, 0.93403923358, 7.1569021241, 10.2800088536, 12.6619455443, 14.9858015329, 10.0780076748, 3.1847826358, 5.9851971428, 6.903829882, 8.3195016761, 3.195896483, 5.5046705531, 2.0614145554, 8.8366883236, 8.1910840897, 12.3134985504, 5.1954613394, 8.5655961021, 11.4716362907, 4.5805895203, 7.7033988018, 10.0098894029, 11.4293832208, 5.4490368926, 8.6539413331, 9.0659905056, 10.8129467159, 12.4153922586, 3.2512906291, 17.4937961017, 0],
      [12.5821143292, 2.9857160273, 36.2737757335, 27.9075311728, 38.881116866, 18.3344089468, 12.7624339908, 9.1121444188, 6.4714690502, 9.4376183958, 19.0666437292, 4.2621002275, 6.6381454246, 3.55400349, 10.9743523916, 17.2880200932, 22.8817831311, 10.5750157303, 14.0389049475, 17.8565103904, 8.4334179251, 10.0238856418, 22.0204609755, 20.4234156259, 9.9738388345, 23.5249562938, 19.4996611917, 11.9247015635, 8.631562619, 19.4501128924, 40.4086203858, 0]
    ],
    [
      [38.7953581836, 3.7326292391, 48.5695112259, 45.6198230628, 58.5577002734, 18.5406418785, 25.3344228576, 5.4537866238, 5.4095674128, 10.3664629327, 12.7869993694, 1, 2.5733868475, 2.5270168744, 4.7829074087, 21.8206694706, 18.6248835334, 3.5509933876, 6.0913782399, 20.2602736417, 2.8949678389, 11.3323545, 19.6813860098, 21.3450323507, 3.1723931137, 13.3147115035, 23.4134972778, 11.0196907776, 5.0156132569, 6.2480926754, 61.6746279336, 3.6804549556],
      [3.2763420041, 0.037157021341, 2.9028329417, 2.1627619758, 3.3351604032, 1.6298790809, 0.84314876557, 0.17602141174, 0.87484375669, 0.31490751617, 0.75868579723, 0.84669215499, 0.14401623416, 0.16847839437, 0.39494119817, 1.2506676612, 1.1142351874, 0.34407406507, 0.36867020859, 0.93911046482, 0.45266515787, 0.9582009315, 0.99105274433, 1.2883033835, 0.32964733719, 1.2159227765, 2.1892383951, 0.34029838889, 0.20890627744, 0.49993535168, 4.3904213568, 0.10500688877],
      [9.7145778412, 0.18187518627, 20.8623514598, 27.6589841802, 37.213847328, 6.4437674685, 6.7002571944, 1.8490622833, 3.5881977245, 1.8072716326, 4.3290998487, 1.5764408723, 0.80443413361, 0.99812510843, 1.6992580137, 9.7426930949, 7.6075744911, 1.6149938429, 1.7553246971, 11.5294215364, 1.1461952875, 6.112989145, 11.814578466, 10.3795459294, 1.9400277696, 9.6060850584, 13.9677455179, 3.6529232311, 1.1148030186, 3.9282922235, 23.9268272357, 0.88155792376],
      [0.49912385163, 0.0044491953112, 0.012838139866, 0.40083638483, 0.37297397359, 0.81597157087, 0.50137076687, 0.06286024181, 0.56465018244, 0.1138256295, 0.16393122157, 0.13060889479, 0.11701166734, 0.056618916499, 0.26862186637, 0.49786174746, 0.28693865438, 0.078946008159, 0.15096061055, 0.45672454213, 0.088633833186, 0.36835691919, 0.3797753886, 0.35645937771, 0.097982101713, 0.23288596802, 0.37181037904, 0.25771284821, 0.23338060285, 0.15773039903, 0.87054384456, 0.026648668703],
      [2.7145981194, 0.043889357994, 2.6524662328, 3.1575943964, 4.5203180218, 2.5697400013, 1.6208004156, 0.45826943942, 1.5627409236, 0.39753228904, 0.96128376317, 0.4462580779, 0.36115111734, 0.24976070629, 0.85427151305, 2.6881080258, 1.3663681337, 0.41099269621, 0.63366624386, 1.8144698149, 0.41753788258, 1.2280985043, 2.1332073914, 1.6306589587, 0.45994967776, 1.6303946936, 2.0577084302, 0.7293747542, 0.42729684419, 2.1659493504, 5.1375796293, 0.30633156312]
    ],
    [
      [0.48544785794, 0.35600811301, 1.8268775673, 1.6747371634, 1.7571862051, 0.62427748965, 0.59266468833, 0.55084476685, 0, 0.31919439061, 0.46342561188, 0, 0.69913109094, 0.30444208839, 0.51869682356, 0.43927087855, 0.5388236002, 0.49375838592, 0.82458769041, 0.69823127023, 0.43756561119, 0.30637795905, 0.46294487931, 0.51406578239, 0.11171593037, 0.3722199019, 0.68906123911, 0.41201951274, 0.0615588707, 0.099082939576, 1.9665208091, 0.024600652396],
      [5.0645712381, 0.77109801106, 13.4276883941, 9.6307946867, 11.5778533744, 3.106422212, 2.5828249688, 2.4978495951, 3.8257864362, 4.7803552019, 3.6325243773, 1.9368954854, 2.1109658673, 1.5755486557, 2.4629711306, 2.827277377, 4.1646560063, 4.1005887931, 3.5146064377, 4.1309518943, 5.4247580755, 3.4225575053, 2.9678252809, 3.9694842977, 1.6545925192, 4.4013786472, 8.1901575377, 1.6581530018, 0.32071823892, 1.0475805364, 17.6466922807, 0.47598103685],
      [5.0078656672, 1.106083815, 29.2681289297, 37.0390144305, 38.9534202671, 3.3182205433, 6.1340149073, 7.8080968657, 2.5180262849, 7.0633965595, 6.1934073072, 1.393431884, 2.3023192472, 2.563861461, 0.57260073126, 6.5213389724, 8.5194338439, 5.5300437657, 3.0993171626, 15.2459629365, 2.8788942116, 6.5152009598, 10.6240009979, 9.5708732071, 2.8657280689, 10.4227987795, 15.6739908503, 5.3902072602, 0.49900577543, 2.4414364393, 28.935810866, 0.9632151398],
      [18.3750598153, 1.9670366024, 22.4874202657, 45.431724916, 45.0264011582, 35.4713883964, 34.798985454, 20.1807926033, 41.3917466796, 33.7364071046, 17.7655301378, 9.3690667385, 38.2072498706, 12.2064420264, 27.0669374074, 25.5343443361, 24.2647571762, 21.3348162547, 27.2866239927, 45.3803583663, 21.740884467, 29.907170356, 25.6930458182, 24.8478091733, 11.2816665446, 19.1681392365, 31.5380603838, 28.86434918, 8.6737809098, 6.6082363248, 78.590978895, 2.2610787088],
      [23.0670554215, 4.7997734585, 62.9898848432, 72.2237288034, 79.6851389952, 25.4796913586, 25.8915099816, 33.962416169, 26.2644405992, 27.1006467434, 23.9451125659, 7.3006058921, 26.680333924, 12.3497057685, 19.3787939071, 31.677768436, 26.5123293734, 25.5407928005, 26.2748647165, 41.5444955327, 23.5178976348, 22.8486932198, 33.2521830237, 26.0977675395, 12.0862969368, 30.6354634349, 39.908729989, 18.6752710452, 3.4449362052, 23.80366376, 106.8599971492, 7.2751244621]
    ]
  ],
  "prob": [
    [0.019061281438, 0.66627457898, 0.05012860264, 0.018388773398, 0.24614676355],
    [1.7832906513e-06, 0.002518579297, 6.1126315023e-08, 0.96130922917, 0.036170347118],
    [0.027964507569, 0.051822229519, 0.76475015861, 0.14141300295, 0.014050101349],
    [0.081863734291, 0.029982492226, 0.40864085051, 0.161811014, 0.31770190898],
    [0.6135689305, 0.039331368337, 0.28179631966, 0.010835051654, 0.05446832984],
    [0.0075646708974, 0.060179435371, 0.13010302623, 0.37205098334, 0.43010188415]
  ],
  "iterations": 141,
  "time": 0.018773,
  "message": "Converged",
  "status": 0,
  "miniter": 0,
  "maxiter": 1000,
  "maxtime": 3600,
  "param_threshold": 0.001,
  "ll_threshold": "-Inf",
  "initial_prob": "random",
  "adjust_prob_cond_method": "project_lp",
  "adjust_prob_cond_every": false,
  "candidates_id": ["SETTLE, Herbert Bruce.c", "ABEL, Stephen.c", "TAYLOR, Sylvia Rina.c", "FIELD, Taito Phillip Hans.c", "Other candidates votes.c"],
  "group_id": ["Green Party.p", "Labour Party.p", "National Party.p", "NZ First.p", "United Future.p", "Other parties votes.p"]
}
