{
  "Z_true": {},
  "V_true": [
    [319, 186, 18127, 1726],
    [148, 2953, 282, 460],
    [29, 248, 267, 627],
    [396, 226, 957, 1295]
  ],
  "p_true": [
    [0.0157, 0.0091, 0.8904, 0.0848],
    [0.0385, 0.7684, 0.0734, 0.1197],
    [0.0248, 0.2118, 0.228, 0.5354],
    [0.1378, 0.0786, 0.333, 0.4506]
  ],
  "Z_est": [
    [
      [0, 35.1812, 14.4348, 29.886, 9.6172, 12.7134, 30.4758, 36.0948, 17.6119, 21.7367, 48.203, 38.4565, 8.1303, 26.8662, 8.954, 19.1376, 17.547, 23.3763, 22.4471, 23.2175, 28.5475, 22.1287, 11.1215, 4.4241, 13.5576, 10.9826, 9.1325, 23.7584, 1.323, 27.9536, 11.2475, 96.3453, 2.3031],
      [0.6023, 0.1396, 0.4156, 1.6397, 1.5313, 1.3659, 0.3325, 0.3875, 0.7706, 0.006, 0.0002, 0.2846, 0.3171, 0.0584, 0.0004, 0, 0.0538, 0.0109, 0.0016, 0.0048, 0.009, 0.1241, 0.002, 0, 2.4465, 0.2506, 0.5239, 0.0793, 0, 0.17, 0, 0.0269, 0.1217],
      [13.3261, 715.8452, 279.4918, 727.5431, 400.4963, 444.7447, 795.2872, 798.137, 616.1131, 630.4637, 803.154, 757.8772, 221.2674, 849.0159, 223.4573, 715.1199, 507.4012, 512.8876, 706.3818, 856.8808, 623.4734, 594.6405, 506.008, 228.792, 353.8779, 335.2155, 418.4947, 696.1092, 142.5376, 751.6458, 251.4115, 2036.6623, 76.6512],
      [7.0715, 56.834, 4.6578, 56.9313, 45.3551, 39.1761, 36.9046, 37.3807, 41.5044, 31.7936, 23.6429, 38.3817, 10.2852, 34.0595, 14.5884, 24.7424, 32.998, 28.7252, 27.1695, 46.897, 43.9701, 38.1066, 25.8684, 12.7839, 14.118, 15.5512, 25.8489, 50.0531, 6.1394, 36.2306, 16.3409, 122.9655, 1.924]
    ],
    [
      [0, 3.067, 1.9864, 4.5331, 1.6042, 3.7498, 4.2846, 3.9988, 0.8556, 1.0819, 15.3894, 3.3195, 0.2693, 2.2758, 0.2764, 5.1196, 2.5837, 3.0389, 1.6005, 0.8497, 2.5612, 1.2201, 1.6605, 0.8525, 2.3372, 4.2529, 1.43, 3.7816, 0.386, 6.5034, 1.6264, 8.9962, 0.6797],
      [5.9391, 85.9952, 22.6426, 340.2995, 326.2031, 399.2843, 74.6562, 55.979, 88.1281, 43.5845, 8.2851, 36.3216, 15.4382, 22.4936, 4.4097, 5.262, 84.5229, 108.8696, 31.8327, 29.7576, 96.0841, 21.8256, 65.9751, 44.7323, 198.3163, 112.2203, 135.2593, 180.2065, 23.733, 165.6987, 51.5659, 242.08, 22.1275],
      [0.0392, 1.5368, 1.1503, 2.9537, 2.1411, 3.0465, 3.0378, 2.4213, 0.2346, 0.2435, 3.7169, 1.3128, 0.0431, 1.5717, 0.0457, 3.2139, 2.1299, 2.0678, 0.6014, 0.2178, 1.3118, 0.2809, 2.1084, 0.9965, 1.5924, 1.7606, 1.6916, 2.9277, 0.6424, 4.8377, 0.9022, 4.9618, 0.7396],
      [0.0217, 20.4011, 3.2207, 35.2137, 41.0516, 51.9194, 21.0215, 16.6009, 7.7817, 6.0902, 20.6086, 13.0461, 1.2494, 11.6589, 1.2681, 16.4046, 19.7636, 15.0237, 7.9653, 5.175, 16.0429, 8.6734, 14.2559, 8.4187, 10.7541, 23.7662, 15.6192, 32.0842, 4.2386, 33.9602, 8.9055, 45.962, 2.4532]
    ],
    [
      [0, 0.3329, 0.4205, 0.5602, 0.2579, 0.4393, 0.482, 0.4229, 0.219, 0.3157, 1.308, 0.5403, 0.0186, 0.3192, 0.1078, 0.3946, 0.2351, 0.5723, 0.3325, 0.2786, 0.5416, 0.1527, 0.1342, 0.1065, 0.2594, 0.4572, 0.2042, 0.3866, 0.045, 1.1005, 0.2108, 1.0027, 0.0803],
      [0, 9.0901, 4.5023, 40.4326, 37.899, 40.0365, 8.1096, 5.7215, 21.6622, 12.0925, 0.6683, 5.6492, 0.7479, 2.9905, 1.4895, 0.6985, 7.4283, 20.1022, 6.2469, 9.245, 19.6516, 2.5775, 5.2152, 5.6481, 21.2167, 11.7764, 18.1218, 17.8768, 2.9656, 27.4158, 6.8732, 26.5215, 2.3904],
      [0, 4.5214, 6.0997, 11.0187, 8.677, 11.8915, 10.3348, 7.1309, 5.4884, 7.2085, 13.5557, 8.5022, 0.0871, 7.8819, 2.3676, 10.8707, 5.3408, 9.7244, 8.5713, 8.0345, 9.4015, 2.4011, 4.1743, 4.1671, 5.4555, 9.9831, 7.1257, 9.1425, 2.8223, 19.7842, 3.9485, 15.349, 2.4129],
      [0, 16.0557, 4.9775, 30.9884, 35.1662, 38.6326, 17.0736, 12.7247, 14.6304, 13.3833, 12.468, 15.3084, 0.1464, 11.8084, 5.0351, 13.0362, 12.9958, 20.6011, 11.8494, 15.4419, 24.4053, 7.8687, 8.4762, 8.0783, 9.0684, 18.7833, 15.5484, 23.5942, 4.1671, 41.6995, 8.9676, 37.1268, 2.1165]
    ],
    [
      [0, 3.419, 2.1583, 4.0207, 1.5208, 2.0976, 2.7576, 3.4835, 1.3135, 1.8658, 8.0996, 3.6838, 0.5819, 2.5388, 0.6618, 2.3482, 1.6342, 3.0125, 2.6199, 1.6543, 3.3497, 1.4985, 1.0837, 0.6169, 1.8457, 1.3073, 1.2334, 2.0734, 0.246, 3.4425, 0.9153, 8.6557, 0.9369],
      [0.4586, 1.7751, 0.4395, 5.6282, 4.3666, 4.3133, 0.9018, 0.9121, 2.4391, 1.317, 0.0464, 0.7446, 0.4968, 0.4575, 0.1004, 0.0395, 0.9951, 2.0173, 0.9187, 0.9926, 2.2552, 0.4728, 0.8076, 0.6196, 3.0205, 0.7526, 2.095, 1.8374, 0.3014, 1.7155, 0.5609, 4.3716, 0.3604],
      [0.6346, 27.0966, 15.2582, 36.4845, 22.6855, 27.3173, 27.3402, 29.3108, 17.164, 21.0843, 39.5735, 27.3078, 6.6024, 30.5305, 6.1294, 29.7956, 18.1282, 25.3202, 31.4455, 22.8669, 27.8133, 15.6775, 17.7092, 11.0444, 18.0743, 16.0408, 19.688, 22.8206, 6.9976, 36.7323, 7.7378, 70.0269, 10.1964],
      [8.9068, 103.7093, 16.144, 140.8666, 123.4271, 113.2718, 62.0004, 66.2937, 55.0834, 49.7329, 49.2805, 66.2638, 13.319, 59.4732, 18.1084, 48.8168, 57.2426, 68.6501, 59.0159, 57.4861, 94.5817, 48.3512, 43.3995, 29.7192, 41.0595, 33.8993, 58.9836, 80.2686, 14.455, 82.1097, 24.786, 201.9458, 15.5063]
    ]
  ],
  "V_est": [
    [706.9126, 11.677, 18590.411, 1048.9994],
    [96.1718, 3149.7291, 56.4795, 540.6197],
    [12.2389, 403.0633, 243.4747, 512.2232],
    [76.6768, 48.5306, 742.6349, 2006.1577]
  ],
  "p_est": [
    [0.0347, 0.0006, 0.9132, 0.0515],
    [0.025, 0.8196, 0.0147, 0.1407],
    [0.0105, 0.3442, 0.2079, 0.4374],
    [0.0267, 0.0169, 0.2584, 0.698]
  ],
  "EI_Z": {},
  "EI_V": 7.0626,
  "MAE_Z": {},
  "MAE_V": 249.3617,
  "MAE_p": 0.0617,
  "runtime": 0.08
}
