{
  "Z_true": {},
  "V_true": [
    [381, 314, 683, 207, 17103, 547],
    [72, 119, 128, 3720, 510, 223],
    [37, 615, 44, 144, 464, 107],
    [390, 49, 348, 142, 733, 303]
  ],
  "p_true": [
    [0.0198, 0.0163, 0.0355, 0.0108, 0.8892, 0.0284],
    [0.0151, 0.0249, 0.0268, 0.7795, 0.1069, 0.0467],
    [0.0262, 0.4359, 0.0312, 0.1021, 0.3288, 0.0758],
    [0.1985, 0.0249, 0.1771, 0.0723, 0.373, 0.1542]
  ],
  "Z_est": [
    [
      [0.1592, 1.019, 1.9859, 0.9668, 18.8983, 43.8329, 7.5413, 40.6952, 60.8088, 6.1624, 0, 0, 0.912, 0.818, 1.2993, 5.4963, 1.8745, 0, 0.5694, 17.1496, 9.7996, 0.5681, 6.0975, 13.8991, 15.0448, 15.4745, 7.5224, 3.3527, 13.9822, 14.4245, 6.1549, 0, 5.1621, 0.8271, 9.8227, 5.9643, 20.324, 11.15, 11.0888, 0, 0.3176, 0, 1.4081, 5.2756, 3.8123, 0.6615, 5.6343, 84.9017, 49.6905],
      [0.0687, 0, 0, 0.3532, 3.7761, 0, 0, 12.0085, 0, 0.928, 0, 0, 0, 2.3892, 0.403, 2.1696, 0, 0, 0, 2.0538, 1.3145, 0, 1.4963, 7.1545, 2.1569, 3.0244, 0, 0, 0, 1.2524, 9.4633, 1.332, 1.7201, 0, 0, 1.612, 7.0782, 0.128, 0, 0.1246, 1.1337, 2.1361, 5.2382, 3.3357, 1.7947, 0.544, 0, 20.7465, 14.8741],
      [0, 0.2551, 0, 0, 3.431, 9.0858, 15.4614, 0, 0, 5.3043, 0.1051, 1.1479, 0.6153, 3.2554, 0, 4.9156, 0, 0, 0, 1.8012, 0.6819, 0.1126, 9.9679, 1.4325, 0, 0, 0.0151, 0, 0, 0, 17.5007, 7.7437, 1.3782, 2.5221, 0, 1.8528, 0.5399, 1.8746, 2.7763, 0, 1.1247, 0.1876, 2.9546, 6.2899, 3.9855, 0.8234, 1.4107, 29.9189, 41.2576],
      [0, 0, 0, 1.606, 0, 0, 67.3601, 14.5341, 1.9265, 6.4532, 0.1081, 0, 3.3931, 1.923, 0.3902, 2.3953, 11.7077, 0.0309, 0, 0, 0, 0.1293, 0, 5.5791, 0, 0, 0, 0, 0, 0, 3.147, 30.6763, 10.97, 2.1003, 3.4361, 1.8397, 0, 2.883, 0, 0.2239, 0.7224, 0, 3.0709, 0, 0.723, 0.4288, 1.4517, 13.3581, 1.9499],
      [13.6141, 32.7259, 71.4593, 36.074, 383.8096, 1249.8542, 725.5662, 1267.17, 1922.847, 366.0125, 13.7868, 5.8521, 76.0277, 98.7168, 42.9075, 132.1832, 226.6756, 3.8757, 18.4306, 446.5619, 436.2253, 13.8399, 198.8821, 430.6548, 465.4379, 490.8883, 232.9972, 90.4066, 388.3598, 397.8086, 394.4309, 270.248, 250.0588, 256.2831, 416.4117, 432.5429, 468.5657, 370.2623, 350.1574, 28.6515, 35.2055, 20.2507, 105.1246, 243.589, 146.9268, 5.5423, 178.9119, 2062.0292, 1446.1894],
      [2.158, 0, 1.5548, 0, 3.0851, 45.2271, 9.071, 25.5922, 43.4178, 8.1397, 0, 0, 1.0518, 0.8977, 0, 3.84, 3.7422, 0.0934, 0, 10.4334, 20.9787, 0.3501, 5.5563, 5.2799, 19.3603, 12.6128, 10.4653, 2.2408, 2.658, 6.5144, 6.3031, 0, 4.7109, 10.2674, 15.3295, 13.1882, 15.4923, 12.702, 5.9774, 0, 2.496, 2.4256, 2.2035, 5.5097, 3.7576, 0, 0.5914, 63.0455, 45.0385]
    ],
    [
      [0.0315, 0.0394, 0.0709, 0.0866, 0.307, 2.1965, 5.4085, 2.2594, 1.3462, 0.8581, 0, 0, 0.1889, 0.1023, 0.0236, 0.2834, 0.5511, 0, 0.0236, 0.7007, 0.9447, 0.063, 0.4645, 0.307, 1.7291, 0.5038, 0.7171, 1.4329, 0.2519, 5.6257, 2.2673, 0, 2.1492, 0.5747, 0.9683, 0.5747, 7.5247, 0.6928, 3.1341, 0, 0.1417, 0, 0.37, 1.0077, 0.6141, 0.0236, 0.5117, 3.4246, 2.8499],
      [0.0635, 0.0794, 0, 0.6686, 0.6189, 3.9119, 10.2828, 9.7691, 2.7138, 1.7299, 0, 0, 0, 0.2063, 0.0476, 0.5713, 0.6542, 0, 0, 4.8762, 1.9044, 0.127, 2.1206, 0.6189, 1.882, 1.0157, 0, 0.0635, 0, 0.492, 4.5707, 6.1867, 4.3326, 0, 0, 1.1585, 1.0951, 1.3966, 0, 0.1111, 0.2857, 0.144, 0.7459, 6.7071, 1.2379, 0.1149, 0, 6.9036, 5.7451],
      [0.3483, 0.5265, 0.7167, 0.7106, 3.3963, 24.2967, 59.8273, 19.779, 14.8915, 9.4922, 0.5887, 7, 2.3039, 1.1321, 0, 3.1351, 3.7766, 0, 0, 7.7505, 10.4502, 0.6967, 5.138, 3.3963, 0.9453, 0, 3.7446, 0.3483, 0, 2.6996, 25.0804, 28.5937, 23.7741, 6.3572, 6.8305, 6.3572, 6.0089, 7.6635, 3.7566, 0, 1.5675, 2.4847, 4.093, 11.1469, 6.7926, 0.2613, 5.6605, 37.8819, 31.5247],
      [1.9916, 2.9832, 5.9472, 9.3076, 31.5703, 230.404, 581.9206, 242.8431, 144.6905, 92.2296, 5.1931, 0, 20.3074, 10.9999, 2.5384, 30.4612, 62.0061, 4.2307, 1.9916, 70.4192, 99.6005, 6.7691, 48.7382, 32.9996, 60.3757, 46.3596, 35.7617, 1.9832, 24.6317, 20.8488, 243.6893, 220.8434, 230.9971, 61.7685, 104.0756, 61.7685, 51.4024, 74.4606, 30.7392, 5.923, 15.2306, 5.9841, 39.7687, 103.6307, 65.9992, 2.5384, 54.9993, 368.0724, 306.3039],
      [0.0824, 1.3716, 2.0634, 0.2266, 2.2326, 5.747, 14.1511, 5.9117, 3.5223, 2.2452, 0.1236, 0, 0.6614, 0.2678, 0.323, 0.7415, 1.4419, 0.4128, 0.9848, 3.257, 4.4085, 0.1648, 1.2153, 0.8033, 7.0296, 14.6853, 1.8121, 0.0824, 6.3986, 0.6386, 5.9323, 5.3762, 5.6234, 1.5037, 8.3666, 1.5037, 1.4213, 1.8127, 1.4728, 0.9659, 0.3708, 0.1854, 0.9681, 2.6366, 1.6067, 0.0618, 2.3705, 8.9603, 7.4566],
      [1.4827, 0, 0.2019, 0, 0.8748, 12.444, 15.4097, 6.4375, 3.8356, 2.4449, 0.0946, 0, 0.5383, 0.2916, 0.0673, 0.8075, 1.5701, 0.3565, 0, 1.9963, 2.6916, 0.1794, 1.3234, 0.8748, 3.0382, 1.4355, 0.9645, 0.0897, 0.7178, 0.6953, 6.46, 0, 6.1235, 2.796, 2.7589, 1.6374, 1.5477, 1.9739, 0.8972, 0, 0.4037, 0.2019, 1.0542, 2.8711, 1.7496, 0, 1.458, 9.7572, 8.1198]
    ],
    [
      [0.0008, 0.1331, 0, 0.0033, 0.0216, 0.0699, 0.1422, 0.0665, 0.1015, 0.015, 0, 0, 0.0125, 0.0017, 0.0033, 0.0075, 0.0141, 0, 0.407, 0.0291, 0.0216, 0.0033, 0.0125, 0.0208, 0.0275, 0.0358, 0.0116, 0.0017, 0.0133, 0.015, 0.0458, 0.0674, 0.0433, 0.0166, 0.0316, 0.0141, 0.0308, 0.0366, 0.0042, 0, 0.0017, 0, 0.0092, 0.0216, 0.0133, 0.0025, 0.0596, 0.0848, 0.0765],
      [0.3784, 0.7567, 0, 1.5135, 9.8377, 31.7833, 64.7018, 30.2698, 46.1615, 6.8107, 0, 0, 3.1164, 0.7567, 1.5196, 3.4054, 6.4323, 0, 0, 13.2431, 9.8377, 1.5135, 5.6756, 9.4593, 12.4863, 16.27, 5.2972, 0.7567, 6.054, 6.8107, 20.8105, 30.6482, 19.6754, 7.5675, 7.6148, 6.4323, 13.9998, 16.6484, 1.8919, 1.1351, 0.7567, 0.3792, 4.1621, 9.8377, 6.054, 1.1351, 6, 38.594, 34.8103],
      [0.0015, 0.2613, 0, 0.0061, 0.0395, 0.1275, 0.2596, 0.1214, 0.1852, 0.0273, 0.0015, 0, 1.5142, 0.003, 0, 0.0137, 0.0258, 0, 0, 0.0531, 0.0395, 0.0061, 0.0228, 0.038, 0.0501, 0, 0.0213, 0.003, 0.0243, 0.0273, 0.0835, 0.123, 0.0789, 0.0304, 0.0577, 0.0258, 0.0562, 0.0668, 0.0076, 0, 0.003, 0.0015, 0.0167, 0.0395, 0.0243, 0.5892, 0.4127, 0.1548, 0.1397],
      [0.0084, 0.0168, 0, 0.0336, 0.2185, 0.7058, 1.4368, 0.6722, 1.0251, 0.1512, 0.3876, 0, 1.1938, 0.0168, 0.0336, 0.0756, 0.1428, 0.3891, 0.0084, 0.2941, 0.2185, 0.0336, 0.126, 0.2101, 0.2773, 0.3613, 0.1176, 0.0168, 0.1344, 0.1512, 0.4621, 0.6806, 0.4369, 0.168, 4.2544, 0.1428, 0.3109, 0.3697, 0.042, 0.0252, 0.0168, 0.0084, 0.0924, 0.2185, 0.1344, 0.0252, 0.1428, 0.8571, 0.773],
      [0.416, 0.832, 0, 1.664, 10.816, 34.9439, 71.1357, 33.2799, 50.7518, 7.488, 0.416, 0, 6.24, 0.832, 1.664, 3.744, 7.072, 0.416, 0.5846, 14.5599, 10.816, 1.664, 6.24, 10.4, 13.7279, 17.9532, 5.824, 0.832, 6.656, 7.488, 22.8799, 33.6959, 21.6319, 8.32, 18.6362, 7.072, 15.3919, 18.3039, 2.08, 1.8397, 0.832, 0.416, 4.576, 10.816, 6.656, 1.248, 7.072, 42.4318, 38.2718],
      [0.1949, 0, 0, 0.7795, 5.0668, 16.3696, 33.3238, 15.5901, 23.7749, 3.5078, 0.1949, 0, 2.9231, 0.3898, 0.7795, 1.7539, 3.3129, 0.1949, 0, 6.8207, 5.0668, 0.7795, 2.9231, 4.8719, 6.4309, 8.3797, 2.7283, 0.3898, 3.118, 3.5078, 10.7182, 15.785, 10.1336, 3.8975, 7.4053, 3.3129, 7.2104, 8.5746, 0.9744, 0, 0.3898, 0.1949, 2.1436, 5.0668, 3.118, 0, 3.3129, 19.8774, 17.9286]
    ],
    [
      [0.8085, 0.8085, 0.9433, 0.9433, 3.7731, 15.9008, 22.9079, 16.9788, 44.7435, 2.9646, 0, 0, 1.8865, 1.078, 0.6738, 1.2128, 2.5603, 0, 0, 5.1206, 3.2341, 1.3656, 2.4255, 3.7731, 6.1986, 4.9858, 3.7488, 1.2128, 7.7525, 9.9348, 12.532, 10.9326, 10.6455, 4.5816, 4.1773, 4.4468, 5.1206, 5.1206, 5.7729, 0, 0.539, 0, 1.2128, 2.6951, 2.5603, 0.3124, 5.7944, 30.5888, 17.3831],
      [1.4894, 0.1639, 1, 1.4647, 5.7672, 24.3048, 35.0154, 25.9526, 29.1247, 4.5314, 0, 0, 2.8836, 1.6478, 1.0299, 1.8538, 3.9135, 0, 0, 7.827, 4.9433, 1.3595, 3.7075, 5.7672, 9.4747, 10.6899, 1.7028, 0.1798, 3.946, 8.4449, 19.1555, 21.8331, 16.2718, 3.4325, 6.3852, 6.7971, 7.827, 7.827, 4.1081, 0.6292, 0.8239, 0.3407, 1.8538, 4.1195, 3.9135, 0.206, 0, 46.7558, 26.5705],
      [0.6501, 1.9571, 2.2833, 2.2833, 9.1332, 38.49, 55.4517, 41.0995, 33.9233, 7.1761, 1.3047, 0.8521, 4.5666, 2.6095, 0, 2.9357, 6.1975, 0, 0, 12.3951, 7.8285, 3.1847, 5.8714, 9.1332, 15.0046, 9, 5.219, 1.6486, 8.9757, 9.273, 30.3354, 44.5397, 25.7687, 11.0903, 10.1118, 10.7642, 12.3951, 12.3951, 9.4594, 0, 1.3047, 0.3262, 2.9357, 6.5237, 6.1975, 0.3262, 14.5161, 74.0444, 42.0781],
      [0, 0, 0.0528, 0.0528, 0.2112, 0.8902, 1.2825, 0.9505, 1.3579, 0.166, 0.3112, 0, 0.1056, 0.0604, 0.0377, 0.0679, 0.1433, 0.3493, 0, 0.2867, 0.1811, 0.0679, 0.1358, 0.2112, 0.347, 0.2791, 0.1207, 0, 0.2339, 0, 0.7016, 0.7996, 0.596, 1.9632, 0.2339, 0.2489, 0.2867, 0.2867, 0.2188, 0.8279, 0.0302, 0.0075, 0.0679, 0.1509, 0.1433, 0.0075, 5.4062, 1.7125, 0.9732],
      [0.8875, 3.0705, 1.4773, 1.0355, 4.1419, 17.455, 25.147, 18.6384, 38.8789, 3.2543, 1.6736, 0.1479, 2.0709, 1.1834, 3.1055, 1.3313, 2.8105, 1.2955, 0, 5.6211, 3.5502, 1.3313, 2.6626, 4.1419, 6.8045, 5.4732, 2.3668, 2.6791, 4.5856, 6.0649, 13.7569, 15.6799, 11.686, 6.8932, 4.5856, 4.8815, 5.6211, 5.6211, 4.2898, 0.543, 0.5917, 0.1479, 1.3313, 2.9585, 2.8105, 0.1479, 9.6457, 33.5787, 19.0821],
      [2.1644, 0, 1.2433, 1.2205, 4.9734, 20.9592, 30.1955, 22.3802, 31.9717, 3.9077, 0.7105, 0, 2.4867, 1.421, 0.1532, 1.5986, 3.3748, 0.3552, 0, 6.7496, 4.2629, 1.6909, 3.1972, 4.9734, 8.1705, 6.572, 2.8419, 3.2798, 5.5062, 7.2824, 16.5187, 12.215, 14.032, 6.0391, 5.5062, 5.8615, 6.7496, 6.7496, 5.151, 0, 0.7105, 0.1776, 1.5986, 3.5524, 3.3748, 0, 7.6377, 40.3199, 22.9131]
    ]
  ],
  "V_est": [
    [532.5499, 111.8103, 181.7294, 194.518, 17761.0327, 453.3597],
    [53.3467, 85.1532, 402.9263, 3978.2984, 141.6016, 110.6739],
    [1.7518, 523.0012, 4.7843, 17.6187, 590.6274, 273.2166],
    [292.3516, 377.0352, 613.5601, 22.5649, 316.7383, 342.7499]
  ],
  "p_est": [
    [0.0277, 0.0058, 0.0094, 0.0101, 0.9234, 0.0236],
    [0.0112, 0.0178, 0.0844, 0.8337, 0.0297, 0.0232],
    [0.0012, 0.3707, 0.0034, 0.0125, 0.4186, 0.1936],
    [0.1488, 0.1919, 0.3122, 0.0115, 0.1612, 0.1744]
  ],
  "EI_Z": {},
  "EI_V": 8.2862,
  "MAE_Z": {},
  "MAE_V": 189.083,
  "MAE_p": 0.057,
  "runtime": 0.7467
}
