{
  "Z_true": {},
  "V_true": [
    [10, 113, 458, 434],
    [84, 1763, 701, 237],
    [149, 8348, 342, 297],
    [129, 527, 14081, 409],
    [856, 1037, 421, 123],
    [66, 381, 584, 273]
  ],
  "p_true": [
    [0.0099, 0.1113, 0.4512, 0.4276],
    [0.0302, 0.633, 0.2517, 0.0851],
    [0.0163, 0.9137, 0.0374, 0.0325],
    [0.0085, 0.0348, 0.9297, 0.027],
    [0.3513, 0.4255, 0.1728, 0.0505],
    [0.0506, 0.2922, 0.4479, 0.2094]
  ],
  "Z_est": [
    [
      [0, 0, 0, 2.6113, 5.5808, 4.0509, 2.8205, 4.2778, 2.1451, 3.1565, 0.7644, 3.4472, 0.7143, 0, 0, 0, 1.19, 0.4968, 0.0792, 0, 0.1758, 1.1525, 1.3322, 3.7789, 1.5796, 0.6184, 1.3532, 3.1039, 3.2036, 0.9539, 2.2286, 0, 0.8256, 0.2883, 2.2269, 1.1082, 1.1345, 1.6548, 10.8097, 0.4447, 0.6326, 1.5963, 6.8384, 0, 0.299, 4.0279, 0.3002],
      [0, 0, 1.3613, 12.3386, 19.7855, 9.0035, 13.8089, 13.9419, 6.9247, 10.1866, 4.687, 18.0171, 3.8942, 0, 0, 0, 7.0096, 1.9857, 0.1941, 0, 0.2264, 5.014, 6.9827, 15.3637, 5.6657, 3.5422, 7.5228, 10.3853, 16.2579, 5.5332, 7.8641, 0, 3.1124, 0.2633, 8.7052, 4.1233, 4.4897, 3.7263, 1.3522, 2.2006, 3.3187, 5.1738, 27.2903, 0, 0.7376, 14.1404, 2.7795],
      [0, 0, 0.8568, 11.5774, 27.893, 8.5416, 15.9801, 14.2667, 6.4596, 10.8663, 4.1784, 27.8792, 2.7753, 0, 0, 0, 8.0023, 2.3608, 0.4868, 0, 0.4019, 6.3641, 5.6312, 13.9643, 6.8206, 2.9151, 11.2059, 8.299, 17.3651, 8.0044, 13.1645, 0, 9.7587, 1.2425, 14.2353, 6.031, 5.5881, 12.0251, 2.1416, 4.0947, 4.4786, 8.1591, 33.9929, 0, 0.4186, 18.7873, 3.0599],
      [0, 0, 0.7818, 12.4727, 20.7407, 10.404, 12.3906, 10.5136, 5.4705, 11.7906, 3.3702, 13.6566, 3.6162, 0, 0, 0, 7.7981, 3.1567, 0.2399, 0, 0.1959, 4.4694, 5.054, 13.8932, 5.934, 3.9242, 9.9181, 11.2119, 14.1734, 5.5085, 5.7427, 0, 4.3034, 0.2059, 7.8326, 4.7375, 2.7877, 7.5939, 1.6965, 4.26, 4.57, 5.0707, 24.8785, 0, 0.5449, 15.0445, 2.8604]
    ],
    [
      [0.1037, 0.3356, 0, 1.3698, 3.24, 1.703, 1.6803, 3.4513, 1.093, 1.499, 0.6208, 1.6387, 1.2206, 0.0713, 0, 0, 1.7952, 0.4527, 0.3456, 0.1855, 0.3695, 1.5662, 0.651, 1.7094, 1.2526, 0.4539, 0.6638, 1.7293, 1.416, 1.0254, 1.5131, 0.1494, 0.348, 0.2073, 1.5534, 0.592, 1.7349, 1.0699, 7.6976, 0.2745, 0.472, 1.3784, 4.1686, 0, 0.489, 5.9153, 0.1986],
      [3.7393, 3.7915, 6.2073, 54.8018, 96.2847, 32.6311, 70.4361, 94.342, 29.6184, 40.4898, 33.2945, 75.5101, 56.5424, 2.9217, 3.1392, 4.6392, 95.5166, 15.0235, 2.1989, 4.6402, 4.4615, 57.6515, 28.9061, 58.1367, 37.5456, 22.5854, 32.5954, 48.5037, 61.4624, 52.849, 44.6406, 2.141, 11.1878, 1.7273, 51.1251, 18.5042, 57.4116, 20.132, 7.1301, 11.7423, 21.3511, 37.4139, 139.7061, 0.9496, 10.663, 173.8258, 20.6421],
      [1.65, 2.5521, 1.4804, 19.5397, 51.6455, 11.7549, 30.9752, 36.7173, 10.4791, 16.3994, 11.2313, 44.4453, 15.1592, 1.7611, 0.2989, 2.1875, 41.4707, 6.7397, 2.1508, 0.7097, 2.8761, 27.7875, 8.8245, 20.0733, 17.1571, 7.0381, 18.4333, 14.7249, 24.9612, 29.0468, 28.3629, 0.6363, 13.276, 2.9655, 31.7649, 10.2644, 27.1433, 24.6437, 5.1583, 8.2627, 10.925, 22.3741, 66.2391, 0, 2.2362, 87.9051, 8.5249],
      [0.507, 0.3209, 0.3123, 4.2888, 7.8298, 2.911, 4.9084, 5.4894, 1.8095, 3.6117, 1.8533, 4.406, 4.0778, 0.2459, 0.5619, 0.1733, 8.2175, 1.784, 0.3047, 0.4645, 0.293, 3.9948, 1.6184, 4.0806, 3.0447, 1.9225, 3.3076, 4.0421, 4.1604, 4.0789, 2.4834, 0.0733, 1.1882, 0.0999, 3.5567, 1.6394, 2.7102, 3.1544, 1.014, 1.7205, 2.2519, 2.8336, 9.8862, 0.0504, 0.6119, 14.3537, 1.6344]
    ],
    [
      [0.5252, 0.1695, 0, 11.8989, 20.7256, 9.5439, 7.8509, 23.4863, 10.7569, 9.324, 3.1235, 9.8266, 2.7552, 0.4745, 0, 0, 8.2676, 2.7959, 0.2316, 0.3515, 0.383, 7.253, 5.4526, 13.7162, 9.3185, 4.73, 4.5283, 17.5155, 12.8336, 5.822, 7.4557, 0.2569, 2.4713, 1.0294, 8.8474, 7.149, 9.2066, 4.1217, 16.3009, 1.4678, 4.8358, 4.8724, 31.1255, 0, 2.3222, 30.3279, 0.146],
      [8.3656, 5.4319, 16.1159, 355.683, 451.8023, 137.8764, 243.3626, 471.0261, 212.8594, 184.0152, 126.4996, 341.3261, 93.6205, 9.5561, 6.8366, 8.6442, 332.1279, 67.2586, 3.4426, 9.6128, 3.394, 196.389, 180.1833, 339.957, 203.5537, 192.7195, 171.3936, 358.9283, 425.8265, 226.5624, 161.6028, 2.6485, 58.653, 6.5108, 214.1087, 163.7234, 223.35, 57.3665, 57.5476, 46.5726, 169.8422, 97.3241, 766.8675, 0.933, 41.2353, 653.4982, 39.6609],
      [0, 0.0228, 0.0167, 1.5825, 3.1787, 0.7416, 1.4554, 2.4209, 0.7899, 0.9323, 0.5564, 2.9083, 0.1413, 0.127, 0.1049, 0.0652, 2.1957, 0.4222, 0, 0, 0.0254, 1.2394, 0.5249, 1.1794, 1.1542, 0.6772, 1.4446, 1.0099, 2.4271, 1.7949, 1.4069, 0.0104, 0.9363, 0.1188, 1.7729, 1.1456, 1.5215, 0.9278, 10.527, 0.4699, 1.3066, 0.7438, 4.8615, 0, 0, 4.3491, 0.2272],
      [1.1092, 0.3758, 0.8674, 26.8356, 35.2934, 11.838, 16.3311, 26.0667, 12.5938, 15.7284, 6.8205, 18.939, 6.4831, 0.8424, 1.0585, 0.2905, 27.4088, 7.5233, 0.3258, 1.0357, 0.1977, 13.1186, 9.8393, 23.1474, 15.9736, 15.8733, 16.6336, 28.5463, 27.9127, 16.8207, 8.5346, 0.0842, 5.9393, 0.341, 14.271, 13.982, 9.9219, 8.584, 7.6245, 6.4897, 17.0155, 7.0597, 52.1455, 0.067, 2.4425, 51.8248, 2.9659]
    ],
    [
      [0.124, 0.0947, 0, 3.6635, 10.7975, 4.4827, 3.4428, 8.632, 3.009, 4.1787, 1.3567, 1.454, 2.1505, 0, 0, 0, 1.8235, 1.1049, 0, 0.5255, 0.4579, 2.6009, 1.7996, 4.327, 3.0313, 0.8833, 0.3557, 6.6011, 3.4308, 0.3866, 3.9887, 0.1435, 0.4643, 0.1822, 4.9117, 2.8619, 6.4138, 3.8207, 0, 0.2267, 1.0165, 4.0077, 13.7925, 0, 1.3471, 12.6159, 0],
      [0, 0, 0.18, 5.9494, 11.3646, 5.1174, 6.5096, 9.0703, 2.9205, 3.9206, 3.8604, 7.8271, 3.9976, 0, 1.3547, 0, 10.0795, 1.2274, 0, 0.0645, 0.1752, 3.4796, 3.097, 5.188, 2.8357, 2.0425, 4.736, 7.086, 7.1338, 7.6469, 4.5532, 0.5824, 1.598, 0.1404, 6.434, 2.9074, 8.3166, 0.9135, 4.9587, 3.2349, 3.7661, 3.34, 17.3537, 0.1175, 1.1167, 13.1339, 1.228],
      [19.9473, 25.0865, 21.1052, 354.9975, 1076.0721, 259.3459, 485.3841, 579.5102, 181.6817, 279.4316, 215.7101, 576.2727, 174.6426, 13.519, 14.3589, 24.5452, 625.794, 93.3913, 7.6687, 8.8175, 32.7043, 306.9306, 162.8249, 315.467, 252.1654, 104.0796, 350.2935, 352.2282, 475.6528, 593.3185, 436.5775, 17.0348, 368.866, 20.6239, 667.7055, 306.7497, 596.0942, 438.9828, 101.2936, 247.1412, 266.7406, 384.1014, 1416.0319, 3, 39.2768, 1167.7205, 110.0034],
      [0.9287, 0.8188, 0.7148, 8.3895, 17.7658, 7.054, 8.6635, 8.7876, 3.3888, 6.469, 4.0727, 5.4462, 5.2094, 0.481, 1.2863, 0.4548, 13.3029, 2.2763, 0.3313, 0.5925, 0.6627, 4.9889, 3.2786, 7.018, 4.9675, 2.9946, 6.6148, 10.0847, 8.7827, 9.648, 2.8807, 0.2393, 4.0717, 0.0535, 7.9488, 5.481, 4.1754, 6.283, 7.7476, 4.3972, 5.4768, 5.5509, 22.8219, 0.8825, 1.2594, 20.5297, 2.7686]
    ],
    [
      [0.1648, 0.1659, 0, 15.8403, 38.3633, 19.9071, 12.9319, 41.0734, 17.0486, 15.8985, 4.342, 17.4998, 4.5866, 0.4542, 0, 0, 9.4147, 2.2542, 1.0904, 0.5066, 1.3597, 11.7695, 6.2605, 19.2945, 13.3244, 4.9786, 5.8181, 24.6042, 18.7788, 8.3169, 9.1652, 3.3016, 4.4066, 1.8488, 14.9843, 12.7715, 16.2611, 11.677, 47.7255, 4.2894, 4.0537, 10.7227, 42.6403, 0, 3.9661, 30.4702, 0.2028],
      [0.4594, 0.4891, 0.7699, 46.2819, 84.1496, 27.2436, 39.1198, 82.8006, 33.9655, 31.6897, 16.447, 56.4362, 15.4295, 1.5223, 1.618, 0.7166, 34.3119, 5.5354, 1.4848, 1.0275, 0.9751, 31.6373, 20.2651, 48.5068, 29.5012, 17.6226, 19.8985, 50.8886, 58.9286, 29.8555, 19.9706, 2.7708, 10.2431, 0.9201, 36.215, 29.3492, 39.7785, 16.223, 10.1989, 13.1203, 13.1317, 21.4433, 105.3131, 0, 5.9318, 66.1776, 1.1417],
      [0.1365, 0.2088, 0.1139, 11.207, 30.6693, 6.6713, 11.6885, 21.8932, 8.1486, 8.716, 3.7686, 22.5688, 2.8206, 0.5928, 0.107, 0.202, 10.1239, 1.6821, 0.8571, 0.1103, 0.4277, 10.3527, 4.1988, 11.3677, 9.1499, 3.7235, 7.6398, 10.4758, 16.2603, 11.1467, 8.615, 0.5591, 8.2355, 1.0255, 15.2827, 11.0429, 12.7794, 13.475, 7.3061, 6.2641, 4.5587, 8.7063, 33.936, 0, 0.8364, 22.743, 0.3198],
      [0.2394, 0.1362, 0.1162, 13.6708, 25.8177, 9.1779, 10.2598, 18.2329, 7.8373, 10.6958, 3.4425, 12.4952, 4.1633, 0.4307, 1.275, 0.0814, 11.1494, 2.5282, 0.5678, 0.3557, 0.2375, 8.2406, 4.2756, 12.831, 9.0245, 5.6753, 7.6436, 16.0315, 15.0322, 8.681, 4.2492, 0.3685, 4.1147, 0.2057, 9.518, 9.8364, 7.1811, 9.625, 3.7696, 7.3262, 5.2558, 6.1277, 28.1105, 0, 1.2658, 20.6092, 0.3358]
    ],
    [
      [0.0824, 0.2343, 0, 3.6162, 8.2928, 3.3123, 3.2736, 9.0792, 4.9474, 4.9433, 1.7926, 4.1337, 1.5729, 0, 0, 0, 3.509, 0.8953, 0.2533, 0.4308, 1.2542, 2.6579, 2.5042, 6.174, 3.4936, 1.3358, 1.2809, 5.4459, 4.3372, 3.4953, 2.6487, 1.1486, 1.4842, 0.4439, 4.4764, 2.5175, 4.2491, 2.6559, 18.4663, 1.2969, 1.9894, 3.4226, 13.4347, 0, 1.5768, 12.6429, 0.1524],
      [0.4357, 1.2875, 1.3656, 18.9454, 32.6132, 8.128, 17.7631, 32.8191, 17.7116, 17.6981, 12.2114, 23.8835, 9.5158, 0, 1.0515, 0, 22.9544, 3.9693, 0.6796, 1.655, 1.7678, 12.8286, 14.5659, 27.8478, 13.898, 8.4878, 7.8537, 20.2082, 24.3908, 22.553, 10.3688, 1.8573, 6.2057, 0.4381, 19.412, 10.3926, 18.6536, 6.6387, 2.8126, 7.1294, 11.5901, 12.3049, 59.4693, 0, 4.3157, 49.224, 1.5479],
      [0.2662, 1.1298, 0.427, 9.0959, 23.5414, 3.9447, 10.5167, 17.1918, 8.4411, 9.6543, 5.5552, 18.9258, 3.461, 0, 0.1303, 0, 13.4134, 2.4037, 0.8366, 0.3626, 1.5646, 8.3257, 5.9957, 12.9483, 8.5528, 3.5664, 5.983, 8.2623, 13.3334, 16.6887, 8.8731, 0.7594, 9.9275, 1.0238, 16.2388, 7.7663, 11.8736, 10.9457, 2.5734, 6.7674, 7.9905, 9.9153, 37.9386, 0, 1.232, 33.4949, 0.8648],
      [0.2157, 0.3484, 0.2075, 5.3426, 9.5526, 2.615, 4.4467, 6.9098, 3.9, 5.7043, 2.4407, 5.057, 2.4503, 0, 0.8182, 0, 7.1232, 1.7316, 0.2305, 0.5516, 0.4133, 3.1878, 2.9342, 7.0298, 4.0557, 2.61, 2.8824, 6.0836, 5.9386, 6.263, 2.1094, 0.2347, 2.3826, 0.0941, 4.8729, 3.3236, 3.2237, 3.7597, 1.1477, 3.8063, 4.43, 3.3572, 15.1573, 0, 0.8755, 14.6381, 0.4349]
    ]
  ],
  "V_est": [
    [83.0022, 288.9098, 360.2739, 282.8141],
    [59.4054, 1760.7591, 830.9526, 133.883],
    [335.5965, 8145.8156, 59.4641, 595.1238],
    [126.5073, 190.5591, 14570.8911, 258.0425],
    [534.5343, 1181.5061, 382.7147, 338.2449],
    [154.9544, 601.4503, 382.7036, 164.8918]
  ],
  "p_est": [
    [0.0818, 0.2846, 0.3549, 0.2786],
    [0.0213, 0.6322, 0.2984, 0.0481],
    [0.0367, 0.8916, 0.0065, 0.0651],
    [0.0084, 0.0126, 0.962, 0.017],
    [0.2193, 0.4848, 0.157, 0.1388],
    [0.1188, 0.4612, 0.2935, 0.1265]
  ],
  "EI_Z": {},
  "EI_V": 6.3559,
  "MAE_Z": {},
  "MAE_V": 168.5526,
  "MAE_p": 0.0635,
  "runtime": 1.001
}
