{
  "X": [
    [24, 68, 214, 23],
    [0, 8, 20, 5],
    [39, 812, 1092, 356],
    [7, 12, 81, 9],
    [93, 317, 1371, 168],
    [6, 8, 60, 8],
    [8, 17, 79, 11],
    [0, 8, 5, 3],
    [16, 66, 188, 15],
    [5, 9, 54, 2],
    [10, 20, 47, 9],
    [130, 380, 1037, 115],
    [85, 191, 437, 48],
    [31, 58, 160, 11],
    [59, 138, 377, 50],
    [3, 4, 11, 2],
    [0, 0, 6, 0],
    [87, 109, 399, 39],
    [31, 35, 149, 8],
    [16, 16, 54, 14],
    [4, 47, 52, 5],
    [12, 172, 319, 41],
    [96, 655, 2034, 286],
    [5, 38, 123, 20],
    [1, 42, 59, 33],
    [3, 4, 10, 4],
    [19, 365, 559, 185],
    [3, 8, 17, 7],
    [155, 2126, 3691, 495],
    [2, 44, 109, 10],
    [16, 63, 338, 25],
    [0, 4, 18, 2],
    [14, 330, 241, 57],
    [14, 32, 153, 17],
    [179, 573, 2364, 288],
    [18, 53, 168, 12],
    [11, 23, 106, 15],
    [0, 1, 20, 4],
    [12, 84, 138, 29],
    [0, 3, 2, 1],
    [8, 79, 69, 18],
    [15, 40, 105, 12],
    [6, 44, 61, 12],
    [4, 35, 37, 29],
    [1, 123, 101, 45],
    [1, 43, 30, 16],
    [7, 183, 131, 81],
    [13, 73, 116, 38],
    [11, 36, 116, 27],
    [19, 48, 197, 42],
    [4, 55, 145, 22],
    [11, 61, 194, 36],
    [1, 16, 45, 7],
    [0, 7, 7, 1],
    [1, 5, 10, 3],
    [14, 37, 77, 10],
    [5, 11, 15, 7],
    [3, 10, 15, 5],
    [8, 6, 32, 6],
    [10, 15, 21, 3],
    [7, 4, 9, 2],
    [6, 164, 106, 27],
    [25, 235, 301, 41],
    [8, 45, 75, 15],
    [0, 115, 7, 34],
    [24, 152, 299, 78],
    [15, 81, 160, 32],
    [1, 89, 24, 8],
    [2, 11, 8, 2],
    [2, 67, 130, 51],
    [3, 53, 44, 21],
    [7, 155, 71, 111],
    [0, 40, 0, 14],
    [2, 116, 47, 30],
    [3, 105, 104, 34],
    [3, 113, 94, 29],
    [2, 6, 10, 1],
    [32, 356, 388, 74],
    [8, 198, 251, 44],
    [4, 93, 112, 10],
    [4, 83, 115, 19],
    [10, 180, 147, 23],
    [28, 105, 260, 37],
    [14, 46, 108, 17],
    [15, 68, 115, 30],
    [4, 196, 80, 36],
    [22, 40, 184, 27],
    [30, 70, 281, 43],
    [19, 121, 192, 28],
    [12, 89, 90, 23],
    [2, 55, 25, 21],
    [3, 24, 84, 14],
    [2, 24, 63, 15],
    [4, 47, 62, 25],
    [14, 48, 163, 26],
    [2, 100, 69, 33],
    [0, 73, 20, 18],
    [0, 7, 0, 0],
    [0, 24, 3, 7],
    [0, 5, 11, 1],
    [10, 107, 72, 19],
    [130, 130, 422, 47],
    [226, 660, 1738, 304],
    [145, 492, 828, 261],
    [1, 3, 5, 3]
  ],
  "W": [
    [21, 38, 206, 47, 17],
    [2, 0, 21, 8, 2],
    [185, 41, 1218, 674, 181],
    [2, 10, 77, 9, 11],
    [91, 145, 1314, 244, 155],
    [6, 5, 61, 5, 5],
    [7, 17, 67, 13, 11],
    [2, 0, 5, 8, 1],
    [14, 17, 189, 50, 15],
    [2, 7, 54, 5, 2],
    [9, 3, 59, 11, 4],
    [92, 129, 1098, 258, 85],
    [45, 97, 443, 131, 45],
    [14, 36, 164, 34, 12],
    [55, 69, 377, 80, 43],
    [4, 1, 12, 1, 2],
    [0, 1, 5, 0, 0],
    [26, 137, 359, 67, 45],
    [9, 52, 131, 19, 12],
    [9, 19, 53, 14, 5],
    [12, 2, 54, 34, 6],
    [38, 28, 328, 119, 31],
    [224, 104, 2127, 429, 187],
    [18, 5, 124, 21, 18],
    [10, 7, 70, 41, 7],
    [2, 1, 13, 4, 1],
    [86, 27, 596, 308, 111],
    [3, 4, 17, 3, 8],
    [422, 179, 3866, 1622, 378],
    [11, 2, 108, 30, 14],
    [21, 48, 312, 41, 20],
    [2, 1, 16, 4, 1],
    [77, 19, 268, 242, 36],
    [8, 12, 156, 24, 16],
    [139, 191, 2395, 433, 246],
    [18, 29, 157, 35, 12],
    [6, 25, 104, 13, 7],
    [0, 0, 22, 2, 1],
    [29, 13, 137, 67, 17],
    [1, 0, 2, 1, 2],
    [15, 5, 78, 64, 12],
    [11, 27, 94, 25, 15],
    [6, 11, 58, 35, 13],
    [13, 2, 54, 21, 15],
    [33, 2, 121, 94, 20],
    [7, 0, 35, 40, 8],
    [36, 8, 166, 159, 33],
    [28, 11, 125, 56, 20],
    [16, 14, 105, 26, 29],
    [9, 28, 199, 29, 41],
    [20, 8, 147, 37, 14],
    [9, 15, 197, 52, 29],
    [5, 7, 36, 12, 9],
    [3, 0, 6, 3, 3],
    [0, 3, 11, 4, 1],
    [14, 13, 84, 23, 4],
    [5, 5, 19, 4, 5],
    [5, 4, 17, 4, 3],
    [3, 5, 37, 3, 4],
    [4, 10, 22, 6, 7],
    [1, 1, 16, 2, 2],
    [39, 8, 119, 118, 19],
    [62, 23, 352, 124, 41],
    [11, 6, 69, 32, 25],
    [35, 1, 17, 89, 14],
    [71, 16, 334, 86, 46],
    [39, 8, 183, 37, 21],
    [12, 0, 30, 71, 9],
    [5, 0, 12, 5, 1],
    [30, 2, 143, 52, 23],
    [11, 6, 50, 41, 13],
    [31, 10, 108, 158, 37],
    [11, 0, 9, 32, 2],
    [27, 6, 50, 103, 9],
    [16, 7, 114, 84, 25],
    [42, 2, 103, 75, 17],
    [1, 2, 11, 4, 1],
    [72, 24, 434, 256, 64],
    [59, 9, 290, 113, 30],
    [16, 6, 116, 63, 18],
    [19, 5, 119, 64, 14],
    [32, 6, 188, 112, 22],
    [33, 28, 253, 79, 37],
    [8, 25, 112, 32, 8],
    [20, 13, 123, 51, 21],
    [51, 4, 100, 139, 22],
    [17, 18, 192, 22, 24],
    [17, 19, 295, 54, 39],
    [22, 29, 196, 93, 20],
    [18, 17, 91, 67, 21],
    [8, 2, 30, 52, 11],
    [13, 7, 81, 13, 11],
    [12, 4, 57, 18, 13],
    [19, 9, 58, 32, 20],
    [23, 14, 170, 24, 20],
    [27, 1, 80, 75, 21],
    [13, 0, 27, 63, 8],
    [3, 0, 0, 4, 0],
    [4, 0, 6, 22, 2],
    [0, 1, 8, 4, 4],
    [28, 4, 91, 77, 8],
    [22, 118, 449, 98, 42],
    [152, 178, 1838, 532, 228],
    [172, 94, 939, 363, 158],
    [3, 0, 6, 3, 0]
  ],
  "method": "mult",
  "cond_prob": [
    [
      [0.0006129359173, 0.76353298986, 0.0046395793423, 0.23121449488],
      [0.44540879169, 0, 0.55459120831, 0],
      [0.03329948453, 0.057558383185, 0.90469563623, 0.004446496051],
      [0.0023925358885, 0.82690580966, 0.010239389317, 0.16046226513],
      [0.0052618389067, 0.073188660157, 0.35173826801, 0.56981123293]
    ],
    [
      [0, 0.6225542915, 0.0028917287818, 0.37455397972],
      [0, 0.0015252261101, 0.99676471228, 0.0017100616084],
      [0, 0.044928907968, 0.92731158583, 0.0277595062],
      [0, 0.71669766378, 0.0082660308579, 0.27503630536],
      [0, 0.038901519695, 0.22727249655, 0.73382598375]
    ],
    [
      [0, 0.7134488214, 0, 0.2865511786],
      [0.35313686498, 0.0019521778004, 0.64332843187, 0.001582525342],
      [0.019781613125, 0.1118984936, 0.83575914835, 0.032560744932],
      [0, 0.78784356733, 0, 0.21215643267],
      [0.0023612361868, 0.069795575543, 0.26336404202, 0.66447914625]
    ],
    [
      [0.00073342578977, 0.71577379955, 0.0033652011056, 0.28012757356],
      [0.44558832584, 0, 0.55441167416, 0],
      [0.032004435574, 0.037137601937, 0.92919287552, 0.0016650869735],
      [0.0027705190146, 0.79087147586, 0.0093587572884, 0.19699924784],
      [0.0048521526996, 0.053728524458, 0.34700660235, 0.59441272049]
    ],
    [
      [0.00051889642037, 0.7209428232, 0.0049804744466, 0.27355780593],
      [0.39303724473, 0, 0.60696275527, 0],
      [0.026493722353, 0.037237834134, 0.93231446334, 0.0039539801736],
      [0.0020922969138, 0.79212394189, 0.012188790408, 0.19359497079],
      [0.0041232794847, 0.059260949773, 0.35162521048, 0.58499056026]
    ],
    [
      [0.0016846725146, 0.573974688, 0.0056881794923, 0.41865246],
      [0.54716629807, 0, 0.45282264489, 1.1057040412e-05],
      [0.05244312977, 0.0167563598, 0.9231654218, 0.0076350886347],
      [0.0049633013008, 0.67466299522, 0.0086334211671, 0.31174028231],
      [0.0060426104242, 0.032139789618, 0.26909997264, 0.69271762731]
    ],
    [
      [7.4989558651e-05, 0.70843077275, 0.0082052932744, 0.28328894442],
      [0.37486574462, 0, 0.62513425538, 0],
      [0.022444928366, 0.019530044044, 0.95802502759, 0],
      [0.006793308703, 0.78294529812, 0.016165770311, 0.19409562287],
      [0.0031485637163, 0.050380251298, 0.35613170391, 0.59033948107]
    ],
    [
      [0, 0.70376822806, 0.0036562439931, 0.29257552795],
      [-0, 0.0016160934954, 0.99714901018, 0.0012348963236],
      [0, 0.057455453006, 0.92779604967, 0.014748497323],
      [0, 0.7818269739, 0.011299648995, 0.20687337711],
      [0, 0.050570487677, 0.26331007171, 0.68611944062]
    ],
    [
      [0.00099359540083, 0.82017719478, 0.0046900610065, 0.17413914881],
      [0.47743277547, 0, 0.52256722453, 0],
      [0.037093944635, 0.052223025162, 0.9106830302, 0],
      [0.015003746318, 0.86634590888, 0.013448063936, 0.10520228087],
      [0.0072526419625, 0.08867147157, 0.41728002825, 0.48679585822]
    ],
    [
      [0.00066536663924, 0.81236316412, 0.0033047930996, 0.18366667614],
      [0.46283457958, 0, 0.53716542042, 0],
      [0.0314912003, 0.053389567435, 0.91511923227, 0],
      [0.0093282595376, 0.86770812552, 0.007393459047, 0.1155701559],
      [0.0058305478932, 0.076848201361, 0.38991331664, 0.52740793411]
    ],
    [
      [0.0026418034585, 0.70247146612, 0, 0.29488673042],
      [0.76352505668, 0.00049394733716, 0.23529440105, 0.00068659492999],
      [0.12757192745, 0.081966500725, 0.76884957274, 0.021611999082],
      [0.0093646494568, 0.78133683272, 0, 0.20929851782],
      [0.01397343375, 0.061386565044, 0.23299800132, 0.69164199989]
    ],
    [
      [0.0014217383181, 0.7791748353, 0.0023048094455, 0.21709861694],
      [0.53683540477, 0.0001999532871, 0.46291552468, 4.9117259989e-05],
      [0.053465754528, 0.077130699333, 0.86230237358, 0.0071011725613],
      [0.0047937903725, 0.83962741799, 0.005196307999, 0.15038248364],
      [0.0079439584801, 0.082079287877, 0.34027295525, 0.5697037984]
    ],
    [
      [0.002419538792, 0.81602978816, 0.0019008586295, 0.17964981442],
      [0.55958097789, 0, 0.44041902211, 0],
      [0.065762332828, 0.082254996799, 0.85113031583, 0.00085235453848],
      [0.0077543782411, 0.86686716461, 0.0040288210581, 0.12134963609],
      [0.010293975709, 0.095113275252, 0.36922912763, 0.52536362141]
    ],
    [
      [0.0020844283236, 0.84943623052, 0.0017499396142, 0.14672940154],
      [0.55942385402, 0.00018811545452, 0.44038803052, 0],
      [0.063194004562, 0.088172357293, 0.84863363814, 0],
      [0.010061607238, 0.89237622823, 0.0036286496213, 0.093933514907],
      [0.010470655358, 0.10833852169, 0.40185341698, 0.47933740596]
    ],
    [
      [0.0023245295496, 0.7745054283, 0.0036272669829, 0.21954277517],
      [0.53233812696, 0, 0.46766187304, 0],
      [0.056607994049, 0.066710305136, 0.87306354736, 0.0036181534509],
      [0.0054159368282, 0.83584030263, 0.0067120368346, 0.15203172371],
      [0.0085193351611, 0.078725399932, 0.34534676216, 0.56740850274]
    ],
    [
      [0.083862913941, 0.74779083762, 0.013108796063, 0.15523745237],
      [0.85208585143, 0, 0.14791414857, 0],
      [0.14562616316, 0.0064491955007, 0.84792464134, 0],
      [0.013067160749, 0.82877252679, 0.0070154980135, 0.15114481445],
      [0.02594068705, 0.051336888356, 0.30876973656, 0.61395268803]
    ],
    [
      [0, -0, 1, -0],
      [0, 0, 1, 0],
      [0, 0, 1, 0],
      [0, -0, 1, -0],
      [0, 0, 1, -0]
    ],
    [
      [0.001321858447, 0.79813907054, 0.0025872510866, 0.19795181993],
      [0.49893409798, 0, 0.50106590202, 0],
      [0.050065300407, 0.075525443073, 0.8733312134, 0.0010780431168],
      [0.0042822362069, 0.85436316774, 0.0057927576818, 0.13556183837],
      [0.0078068352118, 0.086498174755, 0.36383738932, 0.54185760072]
    ],
    [
      [0.0011200528068, 0.84907440642, 0.0032947567081, 0.14651078406],
      [0.47696200236, 0, 0.52303799764, 0],
      [0.040904382072, 0.070192160971, 0.88890345696, 0],
      [0.038601403332, 0.89183595207, 0.0069337586794, 0.062628885923],
      [0.0079995572603, 0.10152284715, 0.43285641968, 0.45762117591]
    ],
    [
      [0.0053591324731, 0.55612504782, 0.00069213155527, 0.43782368816],
      [0.59149366215, 0, 0.40483140187, 0.0036749359736],
      [0.085310328656, 0.031118091681, 0.8536106326, 0.02996094706],
      [0.010907330543, 0.65545387609, 0.0025858599352, 0.33105293343],
      [0.0078476360904, 0.033852289053, 0.20488172268, 0.75341835218]
    ],
    [
      [0.0014832214175, 0.89600674754, 0.0062127045944, 0.096297326445],
      [0.56771160515, 0.00056268668156, 0.43172570817, 0],
      [0.042505743029, 0.077536448234, 0.87995780874, 0],
      [0.014297691425, 0.92051203145, 0.015991160465, 0.049199116664],
      [0.010891083446, 0.12706939705, 0.50009583349, 0.36194368602]
    ],
    [
      [0, 0.81437114883, 0.0012639235806, 0.18436492759],
      [0.29125870198, 0.0027055910924, 0.70557294513, 0.0004627617978],
      [0.011500177868, 0.10444960506, 0.87670302416, 0.0073471929163],
      [0, 0.87185928478, 0.0020322892103, 0.12610842601],
      [0.0023450968922, 0.095723046673, 0.36759658388, 0.53433527256]
    ],
    [
      [0.00035540940581, 0.72583579493, 0.0034250521922, 0.27038374347],
      [0.39065558427, 0.00058217551409, 0.60798984118, 0.00077239904018],
      [0.025334956799, 0.064544534275, 0.89697331024, 0.013147198681],
      [0.0016664268193, 0.79891498843, 0.0071695570557, 0.19224902769],
      [0.0036890765353, 0.06594374995, 0.31584959337, 0.61451758015]
    ],
    [
      [0.0003085459654, 0.73700519103, 0.0058567477954, 0.25682951521],
      [0.38827575669, 0.00030466617081, 0.61092394932, 0.000495627813],
      [0.023817158382, 0.053167184597, 0.91610810212, 0.0069075549028],
      [0.0016998944385, 0.80854717836, 0.0090973745874, 0.18065555261],
      [0.0035578870346, 0.064453421939, 0.33619495912, 0.59579373191]
    ],
    [
      [0, 0.53934995911, 0, 0.46065004089],
      [0.14285714286, 0.015255297319, 0.8325491988, 0.0093383610271],
      [0, 0.15620117167, 0.74472749989, 0.099071328444],
      [0, 0.61642245254, 0, 0.38357754746],
      [0, 0.041758679561, 0.14874723089, 0.80949408955]
    ],
    [
      [0.0030428522624, 0.49959187108, 0, 0.49736527666],
      [0.8647939998, 0, 0.13304751889, 0.0021584813187],
      [0.16005185343, 0.04062688888, 0.74961892205, 0.049702335639],
      [0.0094960041733, 0.61248527931, 0, 0.37801871652],
      [0.010462184395, 0.022725585164, 0.12190649445, 0.84490573599]
    ],
    [
      [0, 0.70699421483, 0, 0.29300578517],
      [0.32600299189, 0.0016593465802, 0.67053695032, 0.0018007112093],
      [0.016755090544, 0.093355808424, 0.85726072554, 0.032628375489],
      [0, 0.78308436858, 0, 0.21691563142],
      [0.0019088761706, 0.06597880922, 0.26998297223, 0.66212934238]
    ],
    [
      [0, 0.78099034563, 0, 0.21900965437],
      [0.58638335719, 0.0080196824642, 0.40099016092, 0.0046067994277],
      [0.037704736076, 0.13602621501, 0.79470517772, 0.031563871194],
      [0, 0.84933701028, 0, 0.15066298972],
      [0.0016857572448, 0.095561693409, 0.23575641688, 0.66699613246]
    ],
    [
      [0.00025900686785, 0.81299366591, 0.0026677101708, 0.18407961705],
      [0.36590322446, 0.0013904927442, 0.63236470184, 0.00034158095074],
      [0.022348923055, 0.088083766913, 0.88523889668, 0.0043284133499],
      [0.00091852897164, 0.86729571153, 0.0068057819548, 0.12497997755],
      [0.0039768026438, 0.093603935979, 0.37912272956, 0.52329653181]
    ],
    [
      [0.00022333530419, 0.84592531496, 0.0056790682551, 0.14817228148],
      [0.25995626398, 0.0010827381779, 0.7387564283, 0.00020456954086],
      [0.0054184234084, 0.061955536138, 0.93262604045, 0],
      [0.028516063107, 0.88789516963, 0.014069204385, 0.069519562881],
      [0.0026399401686, 0.097471647675, 0.45102349229, 0.44886491987]
    ],
    [
      [0, 0.73874939584, 0.0050062647912, 0.25624433937],
      [0.27096360152, 0, 0.72903639848, 0],
      [0.0093948385422, 0.041851107315, 0.94570671911, 0.0030473350375],
      [0.00047201302497, 0.80890423859, 0.010393729032, 0.18023001936],
      [0.0021602483928, 0.063182171149, 0.37072410306, 0.5639334774]
    ],
    [
      [0, 0.65509399653, 0.01417187952, 0.33073412395],
      [0, 0, 1, 0],
      [0, 0, 1, 0],
      [0, 0.66410935384, 0.16687828461, 0.16901236155],
      [2.2204460493e-16, 0.033374591584, 0.3041431025, 0.66248230591]
    ],
    [
      [0, 0.84599429382, 0, 0.15400570618],
      [0.40773749724, 0.0040306072359, 0.58785195693, 0.00037993860049],
      [0.022746739704, 0.16270121436, 0.80766102309, 0.0068910228388],
      [0, 0.89663451377, 0, 0.10336548623],
      [0.0043572586616, 0.11645500158, 0.3716016286, 0.50758611116]
    ],
    [
      [0.0012019593686, 0.72034143682, 0.0037824101956, 0.27467419361],
      [0.51895581742, 0, 0.48104418258, 0],
      [0.048363739368, 0.040221433974, 0.90765343329, 0.0037613933639],
      [0.0043711022518, 0.79255127328, 0.0094746561882, 0.19360296828],
      [0.0070790450319, 0.058843390422, 0.33599269907, 0.59808486548]
    ],
    [
      [0.00083107590544, 0.72124528759, 0.003701490256, 0.27422214625],
      [0.45874745671, 0, 0.5409873995, 0.00026514378308],
      [0.03698277767, 0.047679265342, 0.90776375542, 0.0075742015637],
      [0.0031082021124, 0.7929571039, 0.0094528495129, 0.19448184447],
      [0.0054638706618, 0.061807473742, 0.33320984337, 0.59951881223]
    ],
    [
      [0.0007735553152, 0.82172565514, 0.0071289032138, 0.17037188633],
      [0.43149942419, 0, 0.56850057581, 0],
      [0.028990522039, 0.043055616502, 0.92795386146, 0],
      [0.024168520603, 0.86860250549, 0.014285343996, 0.092943629907],
      [0.0062652101228, 0.087343227038, 0.43303497957, 0.47335658327]
    ],
    [
      [0, 0.64449073868, 0.00079591004658, 0.35471335127],
      [0.38811464507, 0.0033174066336, 0.60244223765, 0.0061257106496],
      [0.012355860904, 0.087582321913, 0.85923118519, 0.040830631994],
      [0, 0.73748747701, 0.0019211907004, 0.26059133229],
      [0.0017320484613, 0.050603103144, 0.22130712284, 0.72635772556]
    ],
    [
      [0, 0.21520861202, 0.0015885394506, 0.78320284853],
      [0, 0.00054940726452, 0.99564293939, 0.0038076533497],
      [0, 0.016460910839, 0.90542259995, 0.078116489213],
      [0, 0.31652960383, 0.0019373895234, 0.68153300665],
      [0, 0.0048007538814, 0.076828022112, 0.91837122401]
    ],
    [
      [0.0011401707183, 0.74759229099, 0.0082084398584, 0.24305909843],
      [0.48040126657, 0, 0.51959873343, 0],
      [0.039210698491, 0.050629710612, 0.90498981298, 0.0051697779136],
      [0.0037147337982, 0.8091467603, 0.018690529542, 0.16844797636],
      [0.0059391603515, 0.068865898068, 0.3394883442, 0.58570659738]
    ],
    [
      [0, 0.98655782477, 0, 0.013442175231],
      [1.3270634591e-16, 0.0030543158549, 0.99624989673, 0.00069578741939],
      [0, 0.22822324639, 0.77177675361, 0],
      [0, 1, 0, 0],
      [0, 0.27849784123, 0.22822324639, 0.49327891238]
    ],
    [
      [0, 0.81534843445, 0, 0.18465156555],
      [0.60555311439, 0.0022839195234, 0.39193298271, 0.00022998337084],
      [0.062311149308, 0.12225277022, 0.80803204521, 0.0074040352653],
      [0, 0.8754060344, 0, 0.1245939656],
      [0.0093303984994, 0.099720967245, 0.33448629669, 0.55646233757]
    ],
    [
      [0.00030897217822, 0.82433743453, 0.0040932317058, 0.17126036158],
      [0.44383483852, 0.00016132582892, 0.55600383566, 0],
      [0.027025665764, 0.081306786541, 0.8916675477, 0],
      [0.015652699299, 0.87485500935, 0.0089958927835, 0.10049639857],
      [0.0054220401246, 0.094247950286, 0.39341493904, 0.50691507055]
    ],
    [
      [0, 0.8256263883, 0.00097329739153, 0.17340031431],
      [0.42830687432, 0.005300363668, 0.56639276201, 0],
      [0.021438704127, 0.11453981448, 0.86238164648, 0.0016398349196],
      [0, 0.88607907084, 0, 0.11392092916],
      [0.0034753494715, 0.10245084236, 0.36505417984, 0.52901962833]
    ],
    [
      [0, 0.63739488317, 0, 0.36260511683],
      [0.65862286919, 0.0030307390402, 0.33403493886, 0.0043114529027],
      [0.049217854195, 0.19551344383, 0.63859454223, 0.11667415975],
      [0, 0.71699425233, 0, 0.28300574767],
      [0.0016660090043, 0.072879984999, 0.12318832279, 0.8022656832]
    ],
    [
      [0, 0.73441230012, 0, 0.26558769988],
      [0.15765659218, 0.0027880876358, 0.83787347648, 0.0016818437038],
      [0.0055500566411, 0.18005498722, 0.77960126163, 0.0347936945],
      [0, 0.80139938781, 0, 0.19860061219],
      [0.00065649810367, 0.08203110065, 0.24962501946, 0.66768738179]
    ],
    [
      [0, 0.73427611956, 0, 0.26572388044],
      [0.49877282715, 0.0011642912432, 0.49928166577, 0.00078121584352],
      [0.027842006831, 0.14768552765, 0.79846623173, 0.026006233785],
      [0, 0.80204054268, 0, 0.19795945732],
      [0.0031912201152, 0.076181498518, 0.25671023617, 0.6639170452]
    ],
    [
      [0, 0.69594365624, 0, 0.30405634376],
      [0.43069749113, 0.0035442148083, 0.56322312368, 0.0025351703798],
      [0.021008333583, 0.20920914714, 0.72112406596, 0.048658453317],
      [0, 0.75909372631, 0, 0.24090627369],
      [0.0020314150385, 0.075547083298, 0.20568545639, 0.71673604527]
    ],
    [
      [0.0013361485554, 0.69251044137, 0, 0.30615341008],
      [0.55777848079, 0.00039007802647, 0.440095047, 0.0017363941803],
      [0.051596017251, 0.073369118505, 0.84718990241, 0.027844961831],
      [0.0044380102419, 0.77207000794, 0.00025006061134, 0.22324192121],
      [0.0064496910915, 0.059917826292, 0.26231066435, 0.67132181826]
    ],
    [
      [0.0012353060361, 0.71289431351, 0.0091020606691, 0.27676831978],
      [0.467305019, 0, 0.532694981, 0],
      [0.039605344565, 0.025977116147, 0.9320023876, 0.0024151516915],
      [0.0037578116078, 0.78475508599, 0.016191000921, 0.19529610148],
      [0.0062655364238, 0.05042970871, 0.34880760599, 0.59449714888]
    ],
    [
      [0.00039893329982, 0.71053651812, 0.0013260316178, 0.28773851696],
      [0.45883780423, 0.001049386044, 0.53700959442, 0.0031032153074],
      [0.029948151449, 0.080767429549, 0.85756406215, 0.031720356858],
      [0.0016448015284, 0.78864117941, 0.0024217105889, 0.20729230847],
      [0.0034529194922, 0.064206727916, 0.27381266092, 0.65852769167]
    ],
    [
      [0, 0.73749934019, 0.0043732940936, 0.25812736571],
      [0.27358512918, 0.00067039850622, 0.72496000608, 0.00078446623471],
      [0.012062102572, 0.063770539786, 0.91312326675, 0.011044090887],
      [0.00031158024712, 0.80891361254, 0.0088256076634, 0.18194919955],
      [0.0019043870959, 0.06718407111, 0.32551331236, 0.60539822944]
    ],
    [
      [0.00038392386229, 0.70621459468, 0.0024812458192, 0.29092023564],
      [0.40234017808, 0.00017396051352, 0.59623190654, 0.0012539548649],
      [0.024396242493, 0.062012019931, 0.89363839054, 0.019953347038],
      [0.0011911584409, 0.78244608383, 0.0070235900203, 0.20933916771],
      [0.0032221380709, 0.05992741223, 0.29731726111, 0.63953318859]
    ],
    [
      [0, 0.78804212769, 0.0097786284885, 0.20217924382],
      [0.1413683385, 0, 0.8586316615, 0],
      [0, 0.030225664628, 0.96977433537, 0],
      [0.0008684692097, 0.86359566564, 0.022839847939, 0.11269601721],
      [0, 0.067613049694, 0.41719233093, 0.51519461937]
    ],
    [
      [0, 1, 0, 0],
      [8.4893030106e-17, 0.0021530027087, 0.9975276687, 0.00031932859334],
      [0, 0.096838250952, 0.90316174905, 0],
      [0, 0.9811718379, 0.00060183435, 0.018226327755],
      [2.7755575616e-17, 0.15848499353, 0.52640800089, 0.31510700558]
    ],
    [
      [0.00021978383537, 0.63618488153, 0.0010021922731, 0.36259314236],
      [0.33333333333, 0.093369592551, 0.55479834002, 0.018498734092],
      [0, 0.16215301521, 0.74846632648, 0.089380658312],
      [0, 0.7243775192, 0, 0.2756224808],
      [0, 0.038697978216, 0.10247538869, 0.85882663309]
    ],
    [
      [0.0033263166226, 0.76893931311, 0.00076697862009, 0.22696739165],
      [0.59992373927, 7.812371853e-05, 0.39988930381, 0.00010883320658],
      [0.070764061862, 0.080459404718, 0.83931790184, 0.009458631582],
      [0.007574489098, 0.83313114576, 0.0022134656375, 0.1570808995],
      [0.0090071277824, 0.078306914814, 0.30927197145, 0.60341398595]
    ],
    [
      [0, 0.73533344487, 0, 0.26466655513],
      [0.6977279241, 0.015306410206, 0.27554186551, 0.011423800193],
      [0.077457719637, 0.18642759383, 0.67487722346, 0.061237463066],
      [0, 0.81515189325, 0, 0.18484810675],
      [0.0079327412833, 0.088813773744, 0.15992468534, 0.74332879963]
    ],
    [
      [0, 0.735989535, 0, 0.264010465],
      [0.59707662533, 0.012618084182, 0.38303742142, 0.0072678690704],
      [0.035455074156, 0.1629076782, 0.75645928429, 0.045177963352],
      [0, 0.81645282509, 0, 0.18354717491],
      [0.0029857460122, 0.078112719522, 0.20268082711, 0.71622070736]
    ],
    [
      [0.0041797998522, 0.6194557006, 0, 0.37636449955],
      [0.71115909699, 0, 0.28696794323, 0.0018729597816],
      [0.11778224173, 0.049564937149, 0.80383815202, 0.028814669106],
      [0.00848846545, 0.71639187278, 0.001769758614, 0.27334990316],
      [0.012064193829, 0.039638651344, 0.20445984582, 0.74383730901]
    ],
    [
      [0.0090193428706, 0.91879825227, 0, 0.072182404862],
      [0.70530986839, 0.024541997716, 0.2701481339, 0],
      [0.09378396879, 0.1869008217, 0.71931520951, 0],
      [0.015424425573, 0.95059240056, 0, 0.033983173865],
      [0.10786143969, 0.18057350471, 0.35336915026, 0.35819590534]
    ],
    [
      [0.0068804828778, 0.77415346173, 0, 0.21896605539],
      [0.94890900299, 0, 0.051090997014, 0],
      [0.37033987955, 0.088367858587, 0.53971675387, 0.0015755079929],
      [0.017644034897, 0.83887026166, 0, 0.14348570344],
      [0.04174218577, 0.067110138778, 0.15672047053, 0.73442720492]
    ],
    [
      [0, 0.85560086319, 0, 0.14439913681],
      [0.41471620409, 0.0042640860961, 0.58072921335, 0.00029049646539],
      [0.021852395219, 0.1808508229, 0.79183689798, 0.005459883897],
      [0, 0.90451789512, 0, 0.095482104879],
      [0.0043071229581, 0.12332074198, 0.37503028595, 0.49734184911]
    ],
    [
      [0, 0.86723934658, 0, 0.13276065342],
      [0.50657701257, 0.0051757670006, 0.48806794436, 0.00017927607518],
      [0.037132838985, 0.17781345968, 0.7803786193, 0.0046750820375],
      [0, 0.91131338627, 0, 0.088686613728],
      [0.0067797411778, 0.13460780891, 0.36783325091, 0.490779199]
    ],
    [
      [0.0023332260917, 0.8401200664, 0.0062648987146, 0.15128180879],
      [0.56753210615, 8.5200701335e-05, 0.43238269315, 0],
      [0.039998597587, 0.073656261917, 0.8863451405, 0],
      [0.046651557622, 0.88250800643, 0.016547854565, 0.054292581383],
      [0.012655551948, 0.097425191497, 0.4259777566, 0.46394149996]
    ],
    [
      [0, 0.76886916107, 0, 0.23113083893],
      [0, 0.0073904328575, 0.98892813178, 0.0036814353627],
      [1.9722503051e-17, 0.71304419467, 0.2547851216, 0.032170683731],
      [0, 0.83552833721, 0, 0.16447166279],
      [0, 0.11417254347, 0.11998034293, 0.7658471136]
    ],
    [
      [0, 0.71305185565, 0, 0.28694814435],
      [0.53026934837, 0.0012742729076, 0.46710777978, 0.0013485989475],
      [0.045141517443, 0.090357876466, 0.83598894005, 0.028511666042],
      [0.0020761255201, 0.79168858001, 0, 0.20623529447],
      [0.005649495766, 0.067134375245, 0.26752107712, 0.65969505187]
    ],
    [
      [0, 0.76063087939, 0, 0.23936912061],
      [0.58014199701, 0.0015281071188, 0.41753751193, 0.00079238394301],
      [0.055038775542, 0.10371439484, 0.82274613362, 0.018500696004],
      [0.0034615246854, 0.82866510221, 0, 0.1678733731],
      [0.0075567469723, 0.080134657599, 0.2903408311, 0.62196776433]
    ],
    [
      [0, 0.91316615047, 0, 0.086833849527],
      [0.54918182187, 0.0014103173299, 0.44915117979, 0.00025668101378],
      [0.031391725828, 0.2966575182, 0.67105874809, 0.00089200787464],
      [0, 0.9523384251, 0, 0.047661574898],
      [0.0064720250192, 0.16958360733, 0.42980417302, 0.39414019463]
    ],
    [
      [0, 0.84428643221, 0, 0.15571356779],
      [1, 0, 0, 0],
      [0.164580985, 0.18171636699, 0.64463793279, 0.0090647152185],
      [0, 0.89772506586, 0, 0.10227493414],
      [0.025028180002, 0.10934610578, 0.26434480652, 0.6012809077]
    ],
    [
      [0, 0.61804813264, 0, 0.38195186736],
      [0.23160075969, 0.0013159579233, 0.76507471973, 0.0020085626655],
      [0.010586750166, 0.073055218079, 0.86217118002, 0.054186851735],
      [0, 0.71014270988, 0, 0.28985729012],
      [0.0009953568212, 0.04702639155, 0.22519007903, 0.72678817259]
    ],
    [
      [0, 0.74934205944, 0, 0.25065794056],
      [0.41128812217, 0.0078293273789, 0.57757741163, 0.003305138819],
      [0.0104896529, 0.20508661504, 0.74860650721, 0.035817224851],
      [0, 0.81096036964, 0, 0.18903963036],
      [0.00059912476548, 0.092811959573, 0.23878539768, 0.66780351798]
    ],
    [
      [0, 0.59223986167, 0, 0.40776013833],
      [0.52421734833, 0.0042646337902, 0.4649521624, 0.0065658554854],
      [0.016276171451, 0.32197378558, 0.57472351821, 0.087026524755],
      [0, 0.63032322957, 0, 0.36967677043],
      [0, 0.060369698279, 0.11568482187, 0.82394547985]
    ],
    [
      [0, 0.69719265615, 0, 0.30280734385],
      [-0, 0.55935656353, 0, 0.44064343647],
      [0, 0.83016470243, 0, 0.16983529757],
      [0, 0.77174567112, 0, 0.22825432888],
      [0, 0.081768492345, 0, 0.91823150765]
    ],
    [
      [0, 0.76682012047, 0, 0.23317987953],
      [0.29342523121, 0.0033719856945, 0.70191360584, 0.0012891772543],
      [0.0044746940945, 0.17733764411, 0.80180685108, 0.016380810722],
      [0, 0.83161073077, 0, 0.16838926923],
      [0.0017459897796, 0.083648595427, 0.29979731234, 0.61480810246]
    ],
    [
      [0, 0.78384422987, 0, 0.21615577013],
      [0.27812326483, 0.0043630472658, 0.71614713443, 0.0013665534695],
      [0.0089860203198, 0.16677059364, 0.80397860083, 0.020264785206],
      [0, 0.84508278245, 0, 0.15491721755],
      [0.0011492331888, 0.097165983589, 0.29333638258, 0.60834840065]
    ],
    [
      [0, 0.80380876561, 0, 0.19619123439],
      [0.37325562561, 0.0018528206909, 0.62424080211, 0.00065075159721],
      [0.021335968812, 0.12381022861, 0.84468384915, 0.010169953426],
      [0, 0.86489000607, 0, 0.13510999393],
      [0.0032872918304, 0.095124835338, 0.33818129019, 0.56340658264]
    ],
    [
      [0.0010023520784, 0.86262850712, 1.9405985578e-05, 0.13634973481],
      [0.67662547834, 0.0054661690293, 0.31790835263, 0],
      [0.056600916286, 0.1241532903, 0.81924579341, 0],
      [0.0036698780673, 0.91576139283, 0.011060851357, 0.069507877746],
      [0.008457099823, 0.097707390179, 0.3082167558, 0.5856187542]
    ],
    [
      [0, 0.83949326427, 0, 0.16050673573],
      [0.52062467519, 0.0029449448081, 0.47625218628, 0.00017819371382],
      [0.04385848711, 0.13751535865, 0.81423392392, 0.004392230319],
      [0, 0.89286644435, 0, 0.10713355565],
      [0.0073503810854, 0.1129739201, 0.36238163359, 0.51729406523]
    ],
    [
      [0, 0.82617933091, 0, 0.17382066909],
      [0.33619866584, 0.0032021115463, 0.65983889988, 0.00076032273086],
      [0.016856467531, 0.16015964218, 0.81021250353, 0.012771386756],
      [0, 0.88037963707, 0, 0.11962036293],
      [0.0028612141152, 0.10991350834, 0.33666079592, 0.55056448163]
    ],
    [
      [0, 0.91532987992, 0, 0.084670120078],
      [0.3360171993, 0.0032985121336, 0.66068428857, 0],
      [0.012257467577, 0.13349465639, 0.85424787603, 0],
      [0.0077656436296, 0.95454611571, 0, 0.037688240662],
      [0.0040441675919, 0.15073030096, 0.49684114717, 0.34838438428]
    ],
    [
      [5.3861897883e-05, 0.81546768568, 0.0030135533272, 0.18146489909],
      [0.34430814098, 0.0014514864353, 0.65390208035, 0.00033829223693],
      [0.018589667711, 0.088320840606, 0.88968715724, 0.0034023344404],
      [0.00029886258151, 0.87006021639, 0.007665174617, 0.12197574642],
      [0.0032955897264, 0.093201618503, 0.37927779984, 0.52422499193]
    ],
    [
      [0, 0.88704657348, 0, 0.11295342652],
      [0.52006934008, 0.0042238971694, 0.47543020529, 0.00027655745593],
      [0.035776877669, 0.23653463264, 0.72324407836, 0.0044444113269],
      [0, 0.92594480175, 0, 0.074055198252],
      [0.0069786798955, 0.15521988788, 0.37170600164, 0.46609543059]
    ],
    [
      [0.0018774724804, 0.77988404789, 0.0071717731021, 0.21106670652],
      [0.51104881331, 0, 0.48895118669, 0],
      [0.04661410645, 0.041887305963, 0.91149858759, 0],
      [0.019247656914, 0.83429023879, 0.016623813477, 0.12983829082],
      [0.008506562357, 0.074524571526, 0.38243984693, 0.53452901919]
    ],
    [
      [0, 0.73180567996, 0, 0.26819432004],
      [0.45435821808, 0.0070576710484, 0.53480580732, 0.0037783035529],
      [0.023341995336, 0.12100682853, 0.82653816272, 0.029113013418],
      [0, 0.80737169158, 0, 0.19262830842],
      [0.0033426338053, 0.072556732308, 0.25719757407, 0.66690305982]
    ],
    [
      [0.0017646583929, 0.73976450021, 0.0003361645561, 0.25813467684],
      [0.57370289191, 0.00087642213322, 0.42439089724, 0.0010297887198],
      [0.057333250853, 0.083965585069, 0.84073508741, 0.01796607667],
      [0.0056170317528, 0.81091538854, 0.00021185443691, 0.18325572527],
      [0.0080052744317, 0.071850701396, 0.28833212939, 0.63181189478]
    ],
    [
      [0, 0.84165742688, 0, 0.15834257312],
      [0.43350414701, 0.003613885509, 0.56230477253, 0.00057719495239],
      [0.021806538247, 0.26187454199, 0.70641400854, 0.0099049112202],
      [0, 0.89272335927, 0, 0.10727664073],
      [0.0038786176045, 0.12659157042, 0.32315363889, 0.54637617309]
    ],
    [
      [0.0018070780199, 0.7001832968, 0.0031975839803, 0.2948120412],
      [0.56224178787, 0, 0.43737677448, 0.0003814376497],
      [0.060109983496, 0.050036170389, 0.87845318928, 0.011400656834],
      [0.0050101737892, 0.77826229415, 0.0061427967481, 0.21058473532],
      [0.0082327848922, 0.057007032016, 0.30311271922, 0.63164746387]
    ],
    [
      [0.001595289424, 0.70696887674, 0.0032090942764, 0.28822673956],
      [0.57407475943, 0, 0.42560715072, 0.00031808985465],
      [0.062399122798, 0.045933233562, 0.8821758588, 0.0094917848387],
      [0.0057913755204, 0.78094512364, 0.0080905789442, 0.2051729219],
      [0.0088457473632, 0.057953551749, 0.31231128011, 0.62088942078]
    ],
    [
      [0.00020687117261, 0.8127065228, 0.0013019968608, 0.18578460917],
      [0.44957385473, 0.0029602596561, 0.54737596703, 8.9918591748e-05],
      [0.029613171381, 0.10247317149, 0.86108612236, 0.0068275347696],
      [0.00054737149959, 0.87143586708, 0.0015568827646, 0.12645987866],
      [0.0051359953561, 0.095316585951, 0.35898914725, 0.54055827144]
    ],
    [
      [0, 0.82387658339, 0, 0.17612341661],
      [0.50177080137, 0.0070189003419, 0.49121029828, 0],
      [0.03679838338, 0.13952687333, 0.81837498576, 0.005299757537],
      [0, 0.88205423811, 0, 0.11794576189],
      [0.0057734994804, 0.10744384603, 0.34177624883, 0.54500640566]
    ],
    [
      [0, 0.7352562361, 0, 0.2647437639],
      [0.54961761234, 0.0028249718424, 0.44608461672, 0.0014727990999],
      [0.028838933717, 0.22439223383, 0.71933744273, 0.027431389723],
      [0, 0.7972800607, 0, 0.2027199393],
      [0.0032360694371, 0.083815454186, 0.22979158952, 0.68315688686]
    ],
    [
      [0, 0.71006315346, 0.0066289395554, 0.28330790699],
      [0.29314444314, 0, 0.70616791899, 0.0006876378744],
      [0.011405316922, 0.047939699833, 0.92980014329, 0.010854839951],
      [0.0004727452339, 0.7889139669, 0.0093700097638, 0.2012432781],
      [0.0016375035776, 0.057289249901, 0.32136605628, 0.61970719024]
    ],
    [
      [0, 0.70186841498, 0.014366990393, 0.28376459462],
      [0.29937772766, 0, 0.7004498754, 0.00017239694733],
      [0.013546930128, 0.017395143827, 0.96586397826, 0.0031939477898],
      [0.00042271265963, 0.77582410701, 0.023321254529, 0.20043192581],
      [0.0017465572447, 0.047786299691, 0.35013594397, 0.60033119909]
    ],
    [
      [0, 0.7397290423, 0, 0.2602709577],
      [0.36535124843, 0.0023591395339, 0.6297172613, 0.0025723507318],
      [0.01216809087, 0.093808362602, 0.86921231479, 0.02481123174],
      [0, 0.81287156337, 0, 0.18712843663],
      [0.00030447468229, 0.073557044076, 0.29591151953, 0.63022696171]
    ],
    [
      [0.00086980367398, 0.72124440488, 0.0032143754006, 0.27467141605],
      [0.49607209541, 7.1452968551e-05, 0.50312028624, 0.00073616538082],
      [0.040306362852, 0.064820153907, 0.88051317864, 0.014360304601],
      [0.0029847058519, 0.7963611441, 0.0057109588794, 0.19494319117],
      [0.0055635277215, 0.063914236188, 0.30290409882, 0.62761813727]
    ],
    [
      [0, 0.77460053045, 0, 0.22539946955],
      [0.37664091978, 0.0020508096345, 0.62036634678, 0.00094192380534],
      [0.019642263041, 0.17795075285, 0.78150320962, 0.020903774488],
      [0, 0.83783652204, 0, 0.16216347796],
      [0.0024751446151, 0.095711213668, 0.27901794684, 0.62279569488]
    ],
    [
      [0, 0.78815064926, 0, 0.21184935074],
      [0, 0.0030229940976, 0.99547153417, 0.001505471736],
      [0, 0.31735365873, 0.66454151005, 0.018104831218],
      [0, 0.84705682752, 0, 0.15294317248],
      [4.1633363423e-17, 0.10261408003, 0.25717240358, 0.64021351638]
    ],
    [
      [0, 1, 0, 0],
      [-0, 1, -0, 0],
      [-0, 1, -0, 0],
      [0, 1, 0, 0],
      [0, 1, -0, 0]
    ],
    [
      [0, 0.74314508146, 0, 0.25685491854],
      [0, 0.004126948297, 0.99326528259, 0.0026077691097],
      [0, 0.52302605109, 0.44839903435, 0.028574914553],
      [0, 0.8050883621, 0, 0.1949116379],
      [1.5265566589e-16, 0.088659700726, 0.15480289694, 0.75653740233]
    ],
    [
      [0, 0.92809695048, 0.0020869762894, 0.06981607323],
      [0, 0, 1, 0],
      [0, 0.048951104279, 0.95104889572, 0],
      [0, 0.98018591925, 0.019814080749, 0],
      [0, 0.17191187219, 0.57808812781, 0.25]
    ],
    [
      [0, 0.83105379007, 0, 0.16894620993],
      [0.67340088763, 0.0024581005685, 0.32376539523, 0.00037561656903],
      [0.079229858079, 0.16193620571, 0.74810263827, 0.010731297938],
      [0, 0.88445261813, 0, 0.11554738187],
      [0.012059920532, 0.11020189495, 0.32844979206, 0.54928839246]
    ],
    [
      [0.0034181826978, 0.76652526273, 0.0010320070141, 0.22902454755],
      [0.64617841616, 0, 0.35382158384, 0],
      [0.11504575296, 0.064196167013, 0.81713664051, 0.0036214395165],
      [0.014282342694, 0.82704468552, 0.00030089145813, 0.15837208033],
      [0.014774624043, 0.077666334518, 0.31672642861, 0.59083261283]
    ],
    [
      [0.001865652979, 0.72750111847, 0.0026673529208, 0.26796587563],
      [0.57206188728, 0, 0.42753152029, 0.0004065924248],
      [0.064312172626, 0.060130589908, 0.86394140219, 0.011615835275],
      [0.0068311554536, 0.79669420799, 0.0067273537287, 0.18974728283],
      [0.0089888457157, 0.06604599601, 0.30697676462, 0.61798839366]
    ],
    [
      [0.001098963048, 0.70386902331, 0, 0.29503201365],
      [0.64276936004, 0.00059779167508, 0.35486036873, 0.001772479554],
      [0.086260916054, 0.082111183289, 0.80352740163, 0.028100499023],
      [0.0045543341776, 0.78113204623, 0, 0.21431361959],
      [0.011002753357, 0.064715200533, 0.25399300763, 0.67028903848]
    ],
    [
      [0.0056554917751, 0.41703957279, 0.015786186895, 0.56151874854],
      [1, 0, 0, 0],
      [0.1568275312, 0.021851733452, 0.81635115362, 0.0049695817222],
      [0.01402277915, 0.53925696031, 0.018178172528, 0.42854208802],
      [0.0080347605968, 0.014911085372, 0.10878965612, 0.86826449791]
    ]
  ],
  "expected_outcome": [
    [
      [0.012871654263, 0, 0, 0.0014668515795, 0.047219574254, 0.010108035088, 0.00052492691056, 0, 0.013910335612, 0.0013307332785, 0.023776231126, 0.13079992527, 0.10887924564, 0.02918199653, 0.12784912523, 0.33545165576, 0, 0.034368319621, 0.010080475261, 0.048232192258, 0.01779865701, 0, 0.079611706901, 0.0055538273771, 0, 0.0060857045249, 0, 0, 0.10930089823, 0.0024566883461, 0, 0, 0, 0.0096156749491, 0.11551955086, 0.013923995674, 0, 0, 0.03306495083, 0, 0, 0.0033986939605, 0, 0, 0, 0, 0, 0.037412159552, 0.019764896578, 0.0035903996984, 0, 0.0034553147606, 0, 0, 0, 0.046568432717, 0, 0, 0.012539399557, 0.036077371482, 0.0068804828778, 0, 0, 0.025665487009, 0, 0, 0, 0, 0, 0, 0, 0, 0, 0, 0, 0, 0.0010023520784, 0, 0, 0, 0.0010233760598, 0, 0.061956591852, 0, 0.035293167858, 0, 0.030720326338, 0.027119920208, 0.0045511657975, 0, 0, 0, 0, 0, 0.020005484501, 0, 0, 0, 0, 0, 0, 0.075200019351, 0.28357925281, 0.18902164426, 0.016966475325],
