{
  "X": [
    [19, 26, 20, 8, 9, 7, 3, 1, 5, 2],
    [33, 15, 15, 7, 6, 6, 2, 3, 11, 2],
    [25, 16, 24, 7, 7, 4, 1, 3, 10, 3],
    [32, 12, 21, 8, 6, 5, 2, 3, 8, 3],
    [22, 20, 23, 7, 2, 5, 1, 8, 10, 2],
    [27, 9, 26, 7, 10, 6, 2, 3, 8, 2],
    [29, 19, 10, 7, 3, 8, 3, 8, 13, 0],
    [26, 9, 20, 9, 6, 7, 4, 4, 12, 3],
    [26, 9, 22, 7, 9, 9, 1, 5, 9, 3],
    [23, 11, 19, 10, 4, 6, 5, 6, 12, 4],
    [23, 25, 16, 10, 2, 6, 4, 6, 6, 2],
    [25, 11, 18, 10, 3, 10, 2, 3, 15, 3],
    [23, 18, 20, 9, 2, 5, 3, 6, 12, 2],
    [18, 18, 19, 15, 4, 5, 2, 5, 12, 2],
    [22, 20, 12, 6, 7, 4, 3, 3, 17, 6],
    [20, 14, 13, 14, 3, 11, 3, 9, 10, 3],
    [15, 15, 15, 14, 7, 6, 4, 4, 17, 3],
    [16, 21, 8, 18, 2, 6, 3, 5, 14, 7],
    [18, 17, 15, 17, 5, 4, 2, 10, 11, 1],
    [19, 15, 14, 10, 5, 6, 3, 6, 20, 2],
    [19, 7, 26, 10, 8, 5, 4, 2, 14, 5],
    [14, 12, 19, 15, 5, 4, 7, 8, 13, 3],
    [18, 16, 19, 18, 3, 5, 2, 1, 15, 3],
    [12, 17, 20, 15, 3, 5, 3, 5, 17, 3],
    [14, 10, 18, 10, 6, 7, 4, 5, 19, 7],
    [7, 8, 16, 14, 8, 9, 5, 4, 26, 3],
    [9, 5, 13, 23, 14, 5, 6, 3, 16, 6],
    [3, 7, 16, 22, 15, 5, 6, 3, 18, 5],
    [9, 4, 17, 20, 14, 6, 4, 3, 19, 4],
    [6, 5, 19, 15, 12, 12, 7, 6, 14, 4],
    [8, 8, 20, 20, 10, 6, 5, 3, 16, 4],
    [4, 4, 23, 25, 8, 5, 6, 5, 17, 3],
    [7, 7, 18, 20, 9, 11, 3, 4, 20, 1],
    [10, 9, 22, 14, 15, 10, 2, 2, 14, 2],
    [7, 8, 22, 19, 11, 8, 7, 7, 8, 3],
    [4, 2, 28, 17, 8, 7, 4, 2, 20, 8],
    [13, 5, 18, 21, 12, 9, 6, 1, 13, 2],
    [13, 10, 20, 14, 8, 3, 7, 8, 12, 5],
    [10, 12, 11, 9, 3, 6, 9, 8, 18, 14],
    [12, 12, 10, 5, 5, 9, 8, 8, 22, 9],
    [7, 15, 13, 8, 5, 11, 8, 5, 17, 11],
    [14, 12, 13, 10, 4, 9, 4, 6, 17, 11],
    [8, 9, 20, 6, 6, 4, 7, 5, 25, 10],
    [17, 8, 10, 16, 5, 6, 8, 3, 20, 7],
    [10, 10, 9, 6, 4, 5, 8, 9, 23, 16],
    [11, 11, 11, 10, 6, 3, 7, 11, 18, 12],
    [16, 12, 10, 7, 2, 2, 8, 8, 17, 18],
    [16, 14, 11, 9, 4, 2, 7, 9, 18, 10],
    [8, 13, 12, 11, 2, 6, 7, 8, 24, 9],
    [12, 18, 11, 9, 3, 2, 4, 5, 20, 16]
  ],
  "W": [
    [68, 10, 14, 8],
    [67, 12, 6, 15],
    [65, 13, 14, 8],
    [67, 17, 7, 9],
    [65, 12, 10, 13],
    [63, 9, 20, 8],
    [55, 18, 14, 13],
    [54, 13, 19, 14],
    [61, 12, 12, 15],
    [61, 14, 12, 13],
    [68, 10, 13, 9],
    [68, 9, 11, 12],
    [33, 40, 12, 15],
    [11, 70, 11, 8],
    [16, 63, 6, 15],
    [12, 67, 12, 9],
    [16, 58, 13, 13],
    [10, 58, 13, 19],
    [11, 62, 17, 10],
    [11, 63, 9, 17],
    [10, 59, 17, 14],
    [9, 67, 12, 12],
    [19, 59, 11, 11],
    [11, 63, 12, 14],
    [11, 62, 13, 14],
    [13, 14, 63, 10],
    [14, 10, 67, 9],
    [7, 12, 67, 14],
    [10, 15, 61, 14],
    [18, 13, 60, 9],
    [14, 10, 63, 13],
    [4, 14, 72, 10],
    [13, 21, 55, 11],
    [15, 12, 63, 10],
    [12, 11, 62, 15],
    [15, 9, 59, 17],
    [14, 16, 64, 6],
    [13, 16, 32, 39],
    [6, 9, 16, 69],
    [11, 10, 17, 62],
    [14, 10, 14, 62],
    [12, 13, 16, 59],
    [8, 19, 11, 62],
    [13, 16, 17, 54],
    [14, 12, 10, 64],
    [12, 8, 12, 68],
    [14, 10, 8, 68],
    [12, 13, 11, 64],
    [17, 8, 11, 64],
    [13, 9, 9, 69]
  ],
  "method": "mvn_cdf",
  "mvncdf_method": "genz",
  "mvncdf_samples": 5000,
  "mvncdf_error": 1e-06,
  "cond_prob": [
    [
      [0.23078734219, 0.33850880321, 0.23840072062, 0.035649012869, 0.063169859208, 0.047227157601, 0.0033550988698, 0.005110217861, 0.037791787574, 3.1538742362e-21],
      [0.17569080585, 0.27026185413, 0.20893977013, 0.081118639165, 0.043450637274, 0.044371733326, 0.027221468452, 0.023527221494, 0.11646409404, 0.0089537761425],
      [2.1475611407e-16, 3.0319778126e-08, 0.21070618666, 0.30630732702, 0.17991912509, 0.097835371224, 0.047912805682, 0.011116319148, 0.13018035626, 0.016022478592],
      [0.082227497601, 0.26247835847, 0.09031719659, 0.060536100578, 0.023460023183, 0.057497949162, 0.12793656543, 0.047061158668, 0.084870743061, 0.16361440726]
    ],
    [
      [0.43030930483, 0.18133629998, 0.1749346374, 0.028443595589, 0.053946954333, 0.063329065224, 0.0039223571974, 0.016989709464, 0.046788075993, 2.6640784521e-21],
      [0.25411842032, 0.16999206692, 0.11730481281, 0.14248224615, 0.033958843444, 0.045105760782, 0.013464626303, 0.036358589041, 0.17978131835, 0.0074333158906],
      [6.9627280367e-16, 1.536565588e-08, 0.18491386237, 0.3037579089, 0.17505778511, 0.077271546539, 0.032557866469, 0.016096931789, 0.20300966632, 0.0073344171412],
      [0.083467911171, 0.13632804459, 0.069723446863, 0.065927927558, 0.017363730993, 0.048695112351, 0.033012853027, 0.063132217448, 0.31691170411, 0.16543705189]
    ],
    [
      [0.44165635669, 0.11516126511, 0.19964267781, 0.021555591958, 0.08345576315, 0.047927790433, 0.0025079077084, 0.040690251221, 0.047402395923, 3.8803573754e-21],
      [0.2392459422, 0.27164696458, 0.14170830115, 0.062481821911, 0.03055240993, 0.038064252114, 0.0047764661638, 0.049953022525, 0.14950806536, 0.012062754065],
      [5.6245076266e-16, 1.9565675909e-08, 0.27810783023, 0.25074103763, 0.19244825778, 0.018964903862, 0.018982676587, 0.010937297252, 0.20636833128, 0.023449645805],
      [0.14688758466, 0.20772652433, 0.099028349007, 0.046976441428, 0.017418827697, 0.023679820464, 0.064515046367, 0.09891206539, 0.05453562338, 0.24031971728]
    ],
    [
      [0.31651922737, 0.12114933654, 0.23612243284, 0.059446463103, 0.14463468642, 0.033245595749, 0.0065014442208, 0.032242947441, 0.050137866318, 9.0520491594e-21],
      [0.29104765509, 0.13340022401, 0.22229890744, 0.1268926896, 0.013728859369, 0.043067972292, 0.020301246908, 0.038087906345, 0.095899782291, 0.015274756669],
      [7.1839242136e-16, 1.4891202889e-08, 0.24067907393, 0.38375762339, 0.10166040209, 0.078158566599, 0.031341549122, 0.011569801101, 0.13684770585, 0.015985263024],
      [0.075523014064, 0.11418085013, 0.045294094262, 0.060619438959, 0.018805063556, 0.041600813534, 0.051507340206, 0.091173785585, 0.15224171811, 0.34905388159]
    ],
    [
      [0.27663559514, 0.22958629761, 0.25741063171, 0.023166698986, 0.022484112688, 0.056777199396, 0.0024276730059, 0.087935281037, 0.043576510414, 3.2276761223e-21],
      [0.12612021825, 0.24478482507, 0.20297109096, 0.096658180761, 0.01304936715, 0.039827083852, 0.011203115384, 0.11090083026, 0.14826550179, 0.0062197865146],
      [5.8768224753e-16, 2.4121716671e-08, 0.27510672588, 0.30206507486, 0.083996542246, 0.069699206197, 0.02897826434, 0.053211104133, 0.17323318656, 0.013709871656],
      [0.066613522824, 0.11167334313, 0.099707962408, 0.05101255881, 0.0049050062353, 0.020741917056, 0.041871366835, 0.1808946209, 0.25886499209, 0.16371470971]
    ],
    [
      [0.39008697624, 0.1511592859, 0.25356741372, 0.022840814317, 0.059285452206, 0.049867377235, 0.0032786099262, 0.025716980198, 0.04419709026, 3.0781217014e-21],
      [0.22626456295, 0.13917910342, 0.23181877424, 0.11137501188, 0.047469293854, 0.038983940712, 0.016050345793, 0.047076745955, 0.12652736914, 0.015254852053],
      [8.1054632978e-16, 1.0757604141e-08, 0.23229889406, 0.20013691819, 0.29369660313, 0.075782669911, 0.029109844407, 0.010817177429, 0.14645652726, 0.011701354851],
      [0.10777629983, 0.12040718023, 0.12040736142, 0.057316474556, 0.024060545343, 0.039017060005, 0.069786530027, 0.065922625534, 0.21803395908, 0.17727196396]
    ],
    [
      [0.22791641143, 0.42123416767, 0.1087036648, 0.01158762199, 0.011488152171, 0.090522399606, 0.0024861185506, 0.063922951516, 0.062138512259, 3.0429742593e-21],
      [0.34075143959, 0.17364416668, 0.069573983148, 0.12600829133, 0.04177035375, 0.070115918245, 0.017941975982, 0.038807955812, 0.11505592349, 0.0063299919619],
      [1.732909687e-15, 4.8973369324e-08, 0.095844611183, 0.26970008982, 0.10332830553, 0.23716939079, 0.051101079391, 0.056555007667, 0.18519616621, 0.0011053004344],
      [0.18043362392, 0.2474195361, 0.065377388912, 0.039676056714, 0.011001808448, 0.035085020879, 0.042169362219, 0.14130783512, 0.22626629673, 0.011263070963]
    ],
    [
      [0.39369967083, 0.13466241927, 0.23256048136, 0.037893192345, 0.047694180538, 0.073808308932, 0.0064053692441, 0.029380252756, 0.043896124716, 2.8630917576e-21],
      [0.21956053597, 0.12745680823, 0.19238884755, 0.12748181034, 0.025194545966, 0.047400371953, 0.026846915591, 0.050872668406, 0.17103329436, 0.011764201636],
      [5.7755370559e-16, 1.2211717473e-08, 0.22727516904, 0.26249116278, 0.15352145896, 0.083544641701, 0.072262061591, 0.019688439641, 0.16326372687, 0.017953327213],
      [0.093710138787, 0.082744287264, 0.068631875954, 0.056231325008, 0.0093192369035, 0.037259084162, 0.12762039982, 0.088093491108, 0.25186229797, 0.18452786302]
    ],
    [
      [0.40809435345, 0.11798887157, 0.21861542412, 0.029472163554, 0.070350219069, 0.08908205316, 0.0022993400028, 0.031125135825, 0.032972439248, 1.9561386234e-21],
      [0.21432577223, 0.13224610997, 0.19897456072, 0.12768256763, 0.049247106767, 0.068503030422, 0.0073040659117, 0.050930754091, 0.13669830945, 0.014087722809],
      [5.0799127621e-16, 1.0602703971e-08, 0.24080222696, 0.20108422276, 0.28270613547, 0.08927858001, 0.023757372529, 0.02017274964, 0.12770701321, 0.01449168882],
      [0.11623188495, 0.090728903612, 0.095539536795, 0.05486522995, 0.030125312158, 0.079100851773, 0.049005533629, 0.11437623071, 0.19817050486, 0.17185601156]
    ],
    [
      [0.36476889368, 0.16182762465, 0.22019555949, 0.055588161353, 0.032776035362, 0.059136976134, 0.0086182013549, 0.043768072326, 0.053320475654, 4.3961596134e-21],
      [0.067572550159, 0.11382746008, 0.197899804, 0.18236675828, 0.018377951129, 0.061795647063, 0.088966710351, 0.10047270815, 0.14412711595, 0.024593294839],
      [4.1423721255e-16, 7.8575578501e-09, 0.12983120593, 0.33978974977, 0.11903855319, 0.061856617769, 0.11672651652, 0.0094476241838, 0.20144451991, 0.021865204876],
      [0.049825114566, 0.10261484777, 0.062236656451, 0.073138788699, 0.0076883206637, 0.030030304516, 0.29579276792, 0.14398472994, 0.041204720072, 0.1934837494]
    ],
    [
      [0.36621969682, 0.37709144158, 0.077642009782, 0.031947839766, 0.022574071124, 0.051600226217, 0.0074210516938, 0.041321407403, 0.024182255611, 2.6608946783e-21],
      [0.18492946598, 0.28421428597, 0.10732987234, 0.15950296387, 0.015270878967, 0.039855849204, 0.034336124018, 0.093368995507, 0.068509000755, 0.012682563389],
      [4.2392726384e-16, 3.2899585247e-08, 0.15931192658, 0.39542857029, 0.087945937937, 0.067827112456, 0.14488188174, 0.039638892372, 0.085433066067, 0.019532579661],
      [0.092366384368, 0.13754988418, 0.059569892902, 0.053392197362, 0.0057873679794, 0.031343061986, 0.16968284429, 0.124275735, 0.18077237433, 0.1452602576]
    ],
    [
      [0.33576892438, 0.15462893909, 0.23035388515, 0.039475615579, 0.025875260963, 0.11853811099, 0.0050410223642, 0.027569150227, 0.062749091256, 5.0374786054e-21],
      [0.13755488574, 0.13068601063, 0.14981034099, 0.19276477817, 0.017390895956, 0.079232403209, 0.01026858892, 0.040201226188, 0.22615763183, 0.015933238378],
      [5.5701415328e-16, 1.0577779271e-08, 0.15881670396, 0.28032428182, 0.08652357989, 0.12419123639, 0.030633369941, 0.014243503772, 0.28712969009, 0.018137623567],
      [0.026569229553, 0.060589018883, 0.051200927026, 0.053968797314, 0.0063391372521, 0.069110646003, 0.051481929883, 0.055328566135, 0.45591880799, 0.16949293996]
    ],
    [
      [0.38410890612, 0.23663838923, 0.19584104664, 0.034687765767, 0.019804195288, 0.040600103817, 0.0048115182933, 0.037625996388, 0.045882078463, 2.3564736538e-21],
      [0.22199196606, 0.1821268074, 0.21179455706, 0.11159579849, 0.011812395193, 0.033859403859, 0.018524660682, 0.062566306838, 0.13961532483, 0.0061127795811],
      [7.8618042857e-16, 2.5764575827e-08, 0.28379232948, 0.24378355941, 0.11165764832, 0.094701043425, 0.042511187086, 0.03694050125, 0.1743236819, 0.012290023376],
      [0.13088760325, 0.18710066711, 0.11781637196, 0.051343918092, 0.00889813622, 0.052101820413, 0.085547737752, 0.12646359208, 0.13738980636, 0.10245034676]
    ],
    [
      [0.33759616957, 0.2380296701, 0.23679570001, 0.038496281239, 0.033765748945, 0.057680719118, 0.0025352603101, 0.02168558259, 0.033414868116, 2.0758179128e-21],
      [0.12646248526, 0.2454968728, 0.19026780262, 0.15109181103, 0.025467999856, 0.051210903706, 0.015476091423, 0.055331733461, 0.12977629202, 0.0094180078203],
      [6.9019753325e-16, 2.3647617802e-08, 0.28904726218, 0.25249763699, 0.14858194305, 0.077732962088, 0.037104508181, 0.022074667807, 0.16098298414, 0.011978011911],
      [0.10903330443, 0.16030505496, 0.10341708716, 0.05220256334, 0.013159677982, 0.054245257277, 0.055552985266, 0.088100707714, 0.2036734242, 0.16030993767]
    ],
    [
      [0.17610870021, 0.38627538634, 0.19630899327, 0.01501366733, 0.10364769261, 0.052069201256, 0.0040162495758, 0.023345959085, 0.043214150331, 8.7633340201e-21],
      [0.35128326158, 0.067707088165, 0.11646516875, 0.038926844449, 0.050143508297, 0.031620857038, 0.0080704920868, 0.030936121641, 0.28195926571, 0.022887392292],
      [7.8579071072e-16, 2.415278351e-08, 0.12751416324, 0.14987309991, 0.29852158937, 0.038963662552, 0.091121303064, 0.028161664044, 0.23078805092, 0.03505644274],
      [0.14916327633, 0.21351711658, 0.019922276016, 0.042361751572, 0.04307900936, 0.027834468221, 0.05884058366, 0.071691850067, 0.18344929199, 0.1901403762]
    ],
    [
      [0.34695580126, 0.20966205735, 0.14329524991, 0.033970221241, 0.025799259778, 0.14597373725, 0.0038058642062, 0.053072923076, 0.037464885931, 3.8924760915e-21],
      [0.18983999949, 0.1568362646, 0.14010843749, 0.13398390317, 0.019764637574, 0.11999862069, 0.020303418303, 0.10630389085, 0.10030052164, 0.012560306191],
      [5.8265537558e-16, 1.5148363373e-08, 0.16897876471, 0.23857605338, 0.13721120399, 0.18246795405, 0.03957551073, 0.053585269163, 0.15749550488, 0.022109723947],
      [0.12172359834, 0.093301760733, 0.041602277394, 0.050974037977, 0.007381641279, 0.11649024917, 0.091213327535, 0.15792683253, 0.14425236328, 0.17513391176]
    ],
    [
      [0.29727303123, 0.19289681078, 0.21525624436, 0.042975868827, 0.076215339242, 0.077828839673, 0.0068808535025, 0.027595347614, 0.063077664768, 4.2926588256e-21],
      [0.15790931213, 0.16543608604, 0.15975473309, 0.152195324, 0.050037696452, 0.058372679824, 0.025305792595, 0.047724987465, 0.16899947933, 0.014263909073],
      [2.6659147815e-16, 1.4633353771e-08, 0.14676884295, 0.27847065874, 0.243184963, 0.071560173602, 0.054884537108, 0.015136499561, 0.18368924878, 0.0063050616246],
      [0.079553466312, 0.11315012385, 0.070286720708, 0.065739860723, 0.020404400438, 0.039330168812, 0.11691446629, 0.07592254694, 0.29265070931, 0.12604753661]
    ],
    [
      [0.37076801908, 0.41928012156, 0.031736613446, 0.046409719225, 0.0276349903, 0.047161426012, 0.0043104430952, 0.025288661912, 0.027410005371, 3.0864823482e-21],
      [0.19157673713, 0.31408047115, 0.1115631121, 0.19185963999, 0.010417881981, 0.028258192613, 0.016924531636, 0.059291974345, 0.060468568259, 0.015558890795],
      [9.1600804158e-16, 2.0727314635e-08, 0.20578619939, 0.43039601256, 0.12516335606, 0.050984151384, 0.035680989314, 0.014609961175, 0.11251975865, 0.024859550749],
      [0.07163241623, 0.082854987548, 0.039204589159, 0.046340870097, 0.0041651205887, 0.016386324472, 0.011532691924, 0.093707888805, 0.32839149357, 0.30578361761]
    ],
    [
      [0.37594561809, 0.18408372316, 0.23519115721, 0.04735472705, 0.037032164163, 0.037228193435, 0.0028372965884, 0.045933977845, 0.034393142459, 1.9682918146e-21],
      [0.19021002613, 0.21966713666, 0.12701163406, 0.21433719418, 0.031984695351, 0.026355177451, 0.0095261875584, 0.12863564326, 0.047331205157, 0.0049411002078],
      [2.519124085e-16, 2.0208547674e-08, 0.19470356939, 0.38243871893, 0.13172923328, 0.042223803685, 0.039767087143, 0.040338574356, 0.16462580281, 0.0041731901977],
      [0.10573866127, 0.15436728384, 0.056919861418, 0.077116199281, 0.013347713068, 0.028939144286, 0.090138647016, 0.12353132024, 0.21141081341, 0.13849035616]
    ],
    [
      [0.38632343987, 0.21655094051, 0.12453143786, 0.031745305053, 0.049231509875, 0.081173032373, 0.0033374018075, 0.028979935742, 0.07812699691, 1.9675224878e-21],
      [0.14230104107, 0.19622166484, 0.085162125354, 0.090009863861, 0.034946211, 0.048824399964, 0.019971976452, 0.063107685586, 0.3059585863, 0.013496445571],
      [4.7990468281e-16, 1.4624690161e-08, 0.22368005491, 0.14743974323, 0.19674902893, 0.079875521119, 0.042924466903, 0.020818118231, 0.28187731137, 0.0066357406762],
      [0.098317088961, 0.1180448819, 0.091557333916, 0.047481713786, 0.013317246051, 0.041324005547, 0.085998391875, 0.10553077178, 0.28602026191, 0.11240830426]
    ],
    [
      [0.24539397282, 0.093833129165, 0.44813999787, 0.02640156922, 0.077916591048, 0.043602816043, 0.005243491211, 0.017294768855, 0.042173663763, 3.4255255147e-21],
      [0.20783499743, 0.13166072337, 0.28856590328, 0.14141034209, 0.022371759327, 0.037470048993, 0.016537755524, 0.032418201766, 0.10878417559, 0.012946092619],
      [5.9617861036e-16, 1.4163804305e-08, 0.18584758643, 0.1643331209, 0.33420116968, 0.076791096, 0.062190364859, 0.0095154212771, 0.14648736397, 0.02063386272],
      [0.14044704231, 0.057817570771, 0.13653692205, 0.027905697802, 0.037296702594, 0.014813295315, 0.096844879012, 0.027081680053, 0.15275934077, 0.30849686932]
    ],
    [
      [0.29975700751, 0.17030869444, 0.26477798391, 0.04622952935, 0.0488127405, 0.053657266266, 0.017891833953, 0.05075163742, 0.047813306653, 2.5939942028e-21],
      [0.1544114688, 0.13892424019, 0.20465260538, 0.12233856642, 0.032614190181, 0.038891275853, 0.058634868102, 0.088239310787, 0.1490390683, 0.012254405975],
      [4.1747752733e-16, 1.2259004423e-08, 0.21363292068, 0.3014317852, 0.13883423121, 0.045446645789, 0.1362226209, 0.028144629234, 0.12033143916, 0.015955715573],
      [0.070517501964, 0.078639340177, 0.064886935945, 0.045692721276, 0.013621149394, 0.030811046893, 0.24011170121, 0.12074204661, 0.18235801535, 0.15261954118]
    ],
    [
      [0.34498267673, 0.21201047907, 0.23986106532, 0.058879463552, 0.03214285862, 0.047136498197, 0.0035041592777, 0.013396164135, 0.048086635096, 2.9689375458e-21],
      [0.15226248228, 0.20820002343, 0.16627406791, 0.18814459491, 0.017217572377, 0.046511477887, 0.014657127489, 0.031319564685, 0.16315249548, 0.012260593555],
      [3.4844040695e-16, 1.4442786975e-08, 0.21057444511, 0.3906341427, 0.11459934563, 0.063555237579, 0.033248218069, 0.0087352899098, 0.16690174153, 0.011751565033],
      [0.097480542069, 0.13729267856, 0.086251701678, 0.094201118073, 0.009223532796, 0.042441442379, 0.067099163784, 0.043796278897, 0.25603450425, 0.16617903752]
    ],
    [
      [0.26320791179, 0.26168285376, 0.23803263874, 0.041893701893, 0.035675056682, 0.066939757308, 0.0043466519784, 0.027010768283, 0.06121065956, 3.6701222176e-21],
      [0.15227917786, 0.1670479146, 0.20530425062, 0.16908874363, 0.018102958473, 0.036540718126, 0.018704563981, 0.049172853022, 0.1726260782, 0.011132741484],
      [3.855972987e-16, 1.3615245473e-08, 0.27174882285, 0.31135323092, 0.10159916636, 0.072521104969, 0.037381605569, 0.019577472567, 0.17310184945, 0.012716733707],
      [0.066553357037, 0.11776882931, 0.09755473822, 0.056504569724, 0.0093931489426, 0.03913722517, 0.086162416538, 0.085022015669, 0.27014131719, 0.1717623822]
    ],
    [
      [0.15162012873, 0.14666598069, 0.38127585835, 0.025973020312, 0.059038288526, 0.15457921471, 0.0066000464634, 0.015847827565, 0.058399634651, 9.587814344e-21],
      [0.22588295229, 0.12766593773, 0.165063426, 0.19587932635, 0.037724363109, 0.030966506388, 0.017248580539, 0.070452352335, 0.076250005642, 0.052866549627],
      [6.5047391532e-16, 8.0672235986e-09, 0.27689173201, 0.11184487975, 0.2546853468, 0.023219132429, 0.032622955526, 0.016234331347, 0.25659721091, 0.027904403154],
      [0.044559104029, 0.074215917852, 0.058436871457, 0.029536549633, 0.011298191094, 0.042408277951, 0.11618554642, 0.053006095661, 0.13919712462, 0.43115632129]
    ],
    [
      [0.26279327756, 0.18330084127, 0.2432712442, 0.037308299426, 0.032618039132, 0.10104448837, 0.0056550220459, 0.048059946171, 0.085948841821, 2.8589797108e-21],
      [0.1414423302, 0.23927564116, 0.11616883976, 0.085940016283, 0.01895233125, 0.068850649242, 0.017404342778, 0.05608527699, 0.24167194371, 0.014208628631],
      [4.2849364904e-16, 2.3023563597e-08, 0.21235606879, 0.21082170392, 0.12010100677, 0.07636560466, 0.045429768108, 0.014762873661, 0.29620373523, 0.023959215834],
      [0.063250125729, 0.14726038556, 0.049149812159, 0.034098268113, 0.0058731176537, 0.056068060831, 0.081287518143, 0.096798764648, 0.29454980579, 0.17166414137]
    ],
    [
      [0.47511605321, 0.059543716857, 0.17510904237, 0.057381345961, 0.060926752824, 0.058177018713, 0.0040947543662, 0.01353513433, 0.096116181372, 6.6489066343e-21],
      [0.4764619185, 0.14376894394, 0.067876761927, 0.077704801512, 0.012823194494, 0.026814002144, 0.011189839948, 0.021392116739, 0.1503064534, 0.011661967401],
      [9.8419138036e-16, 1.2435238961e-08, 0.15856037651, 0.22451046054, 0.17146323515, 0.076737778972, 0.15083067717, 0.0048767840895, 0.1577449471, 0.055275728035],
      [0.094769110581, 0.058550957318, 0.025290106749, 0.018743644062, 0.0071001546584, 0.10317479764, 0.075279520411, 0.082133466473, 0.16544179508, 0.36951644703]
    ],
    [
      [0.2263934207, 0.32647250538, 0.17450460859, 0.039570404516, 0.084396741942, 0.076645802609, 0.0075093361559, 0.034485558205, 0.030021621896, 6.1531171009e-21],
      [0.03934043242, 0.23783067772, 0.1683375048, 0.13775562874, 0.041651924026, 0.038779810278, 0.03033493006, 0.048459310889, 0.23805740152, 0.019452379548],
      [2.9535946032e-16, 2.0331789755e-08, 0.21031420151, 0.21605031038, 0.25078472547, 0.063804491257, 0.051428828261, 0.013935866465, 0.17385240868, 0.019829147645],
      [0.052565367459, 0.11002521926, 0.075202665934, 0.06160510984, 0.014836759379, 0.041086710395, 0.1057176249, 0.085337320866, 0.23678324672, 0.21683997526]
    ],
    [
      [0.41573847323, 0.13605725024, 0.20167863408, 0.04169806744, 0.068150662674, 0.055981862361, 0.0044304700422, 0.022583653451, 0.053680926474, 3.9622727203e-21],
      [0.21192174885, 0.10369265738, 0.18223183458, 0.15682447254, 0.041677770381, 0.034352280489, 0.019765992102, 0.044582081994, 0.18881965415, 0.016131507523],
      [5.7852226385e-16, 9.9278966126e-09, 0.20609623622, 0.27809684313, 0.20823426648, 0.067421166017, 0.041546923141, 0.015739848656, 0.1658569686, 0.017007737828],
      [0.11957716463, 0.072477560548, 0.047120863465, 0.071020700799, 0.019185242499, 0.045724689661, 0.073074254458, 0.061802589001, 0.32093127331, 0.16908566163]
    ],
    [
      [0.19810171438, 0.17783273096, 0.2708977219, 0.054530052806, 0.040213063494, 0.13408911832, 0.015373764745, 0.063373914665, 0.045587918734, 6.6445700464e-21],
      [0.15159760682, 0.095452547259, 0.20470237056, 0.13000919681, 0.026240141531, 0.11975248658, 0.029480579612, 0.085864105036, 0.13367118677, 0.02322977903],
      [3.8941269512e-16, 7.3691798687e-09, 0.17915339307, 0.16875536517, 0.22208140793, 0.15157418806, 0.061754824384, 0.039829679506, 0.15042504495, 0.026426089559],
      [0.042987052683, 0.066384921331, 0.079441049803, 0.050031892691, 0.015833385379, 0.064588460306, 0.10460716712, 0.12051759439, 0.24729161028, 0.20831686602]
    ],
    [
      [0.35215912325, 0.29108621074, 0.1747982351, 0.030802737255, 0.039074531777, 0.051298566505, 0.0036423326087, 0.016585002069, 0.040553260692, 3.2086315626e-21],
      [0.1946652049, 0.24045785856, 0.13032353121, 0.15876848824, 0.020070182673, 0.042299871182, 0.021091190773, 0.046884570651, 0.13168903285, 0.013750068963],
      [5.2455941302e-16, 2.578882681e-08, 0.24357866138, 0.30434982467, 0.14964009384, 0.061606648039, 0.045151677424, 0.020275072409, 0.15528026819, 0.020117728248],
      [0.10690807801, 0.15683588925, 0.080250208256, 0.064069392851, 0.012639414008, 0.042044136418, 0.070129298445, 0.077824091499, 0.20240408286, 0.1868954084]
    ],
    [
      [0.32891033113, 0.18440425219, 0.23751729666, 0.044257013615, 0.038657100022, 0.052917371318, 0.0064247219916, 0.050352530294, 0.056559382774, 3.629597321e-21],
      [0.14425095599, 0.14970057288, 0.22275198681, 0.15813290486, 0.019152989105, 0.033509998447, 0.021458811046, 0.077169513482, 0.16074115653, 0.013131110859],
      [4.0782977383e-16, 1.1150528718e-08, 0.25941470656, 0.30891323624, 0.11406716863, 0.05121644581, 0.061700643481, 0.029576832051, 0.15929136458, 0.015819591502],
      [0.074857179791, 0.10898212369, 0.10369950204, 0.051096910718, 0.009857608374, 0.035590403075, 0.11521107316, 0.12899409976, 0.19035225834, 0.18135884105]
    ],
    [
      [0.31731319883, 0.070826780299, 0.23633597327, 0.054198605671, 0.042315640819, 0.15676033523, 0.0044827978825, 0.056201621999, 0.061565046003, 4.3595785845e-21],
      [0.093169275483, 0.13467923163, 0.16733396334, 0.20741375474, 0.016506391202, 0.113668476, 0.020263495608, 0.026141794644, 0.21272564613, 0.008097971215],
      [5.6779820685e-16, 2.1945649221e-08, 0.17623070519, 0.38530028595, 0.058334501524, 0.14258372069, 0.03452826425, 0.028002034981, 0.15532512882, 0.019695336655],
      [0.074039949319, 0.11487727213, 0.038257389384, 0.032178139077, 0.0081111452869, 0.085732430825, 0.049698180116, 0.078630623596, 0.4916246119, 0.02685025836]
    ],
    [
      [0.29355751511, 0.26745695046, 0.19748915787, 0.025758133759, 0.062048263495, 0.095385958094, 0.0028053875966, 0.018642463339, 0.036856170278, 1.6349268603e-21],
      [0.23454960621, 0.28038258054, 0.18555585938, 0.071085554941, 0.029644630616, 0.062672515429, 0.0073900294417, 0.023131287532, 0.1012674008, 0.0043205351086],
      [9.0257810493e-16, 2.6256649149e-08, 0.22417381298, 0.21870116369, 0.24081059729, 0.080097063806, 0.0262458449, 0.015366748081, 0.18478977748, 0.0098149655099],
      [0.13643558873, 0.24841800593, 0.081802327457, 0.048646102303, 0.016381370041, 0.083808999224, 0.052369024684, 0.068324326368, 0.18774094347, 0.076073311783]
    ],
    [
      [0.3244784182, 0.22080118311, 0.23998765517, 0.031799218894, 0.042579240919, 0.053049979335, 0.0071215608776, 0.057464000637, 0.022718742863, 3.004299024e-21],
      [0.12962276545, 0.23566023875, 0.21263404898, 0.11223128849, 0.025544992974, 0.044306672095, 0.025859647245, 0.11616205738, 0.088345262878, 0.0096330257587],
      [5.31304229e-16, 2.1341455133e-08, 0.25546802139, 0.26844007308, 0.14675455102, 0.09376719315, 0.078815425922, 0.055533725885, 0.091117547318, 0.01010344089],
      [0.098592457699, 0.13947052188, 0.088028748827, 0.049310505473, 0.011067070245, 0.049393599024, 0.12287421924, 0.16751418015, 0.15968384462, 0.11406485284]
    ],
    [
      [0.09371101637, 0.22353687493, 0.32506473661, 0.070696572515, 0.023828599471, 0.11948283581, 0.0038340027581, 0.04260986468, 0.097235496858, 1.1139151996e-20],
      [0.078975433641, 0.087732617076, 0.27009509733, 0.10959209416, 0.050533890096, 0.062531125351, 0.0095115880185, 0.034509541279, 0.27057171143, 0.025946901616],
      [3.1601005311e-16, 2.6689704467e-09, 0.31989206974, 0.20824847218, 0.095086036411, 0.065942831543, 0.070390587118, 0.009127863135, 0.2099569867, 0.021355150498],
      [0.086045593728, 0.086673132586, 0.045233915498, 0.051223331889, 0.013885132252, 0.02508019657, 0.069394308395, 0.078352658711, 0.19930531369, 0.34480641668]
    ],
    [
      [0.50700141222, 0.15316718581, 0.15224122771, 0.030794787182, 0.038748937692, 0.068493518656, 0.006623262775, 0.014450027079, 0.028479640884, 2.7235933886e-21],
      [0.31289060966, 0.14001917599, 0.15424667629, 0.13594880706, 0.026238575358, 0.061571907715, 0.024148907915, 0.016670535668, 0.12085480716, 0.0074099971821],
      [1.1708236708e-15, 1.2554059465e-08, 0.2237528476, 0.28040073689, 0.17241078779, 0.096793518566, 0.069495128042, 0.0071039006843, 0.1338606188, 0.016182449075],
      [0.17421206813, 0.10811331134, 0.073789722922, 0.05022524756, 0.012972907437, 0.065989035609, 0.14242925121, 0.042838050799, 0.20734259733, 0.12208780767]
    ],
    [
      [0.3901753249, 0.15480326732, 0.28459989763, 0.024332407819, 0.041770461488, 0.029176583039, 0.0042053900487, 0.041150692841, 0.029785974916, 2.5063892928e-21],
      [0.19684306512, 0.14767792765, 0.25732007299, 0.11603271313, 0.033180367602, 0.022245613495, 0.026520857157, 0.082209345014, 0.10988302946, 0.0080870083878],
      [4.634481558e-16, 1.415184754e-08, 0.27538488409, 0.29120827148, 0.1856453622, 0.042341059536, 0.058085409586, 0.021843725584, 0.11238459517, 0.013106678205],
      [0.11411180851, 0.10156169792, 0.10942063103, 0.06689795411, 0.014845295635, 0.026028065842, 0.11946421723, 0.1278921906, 0.18136283832, 0.13841530081]
    ],
    [
      [0.31567974103, 0.2472300475, 0.21165768358, 0.039820756481, 0.031193672647, 0.064308230085, 0.0075862222626, 0.039406461854, 0.043117184554, 4.9633948123e-21],
      [0.19921403888, 0.18078794164, 0.16990529673, 0.13089247252, 0.020482534533, 0.049691328816, 0.023557548977, 0.062061426426, 0.14666376275, 0.016743648736],
      [5.1468499845e-16, 2.1010439343e-08, 0.23843233871, 0.25997552851, 0.12632481992, 0.078345806964, 0.060895669445, 0.030754948583, 0.18032251094, 0.024948355917],
      [0.081031284722, 0.12460146824, 0.066694358149, 0.039080866532, 0.0077278040539, 0.041122306711, 0.11241542995, 0.088511984893, 0.25332038001, 0.18549411674]
    ],
    [
      [0.37106698746, 0.18813229504, 0.17566615753, 0.017904196864, 0.045953449375, 0.10917857657, 0.0064205783661, 0.030734002313, 0.054943756483, 3.3715523675e-21],
      [0.16417525706, 0.1946323281, 0.14014371049, 0.09311334138, 0.0341989767, 0.10067963836, 0.023740940063, 0.060629150967, 0.17341482419, 0.015271832689],
      [6.8688907678e-16, 2.0825597104e-08, 0.15917227569, 0.12629304675, 0.19618652983, 0.16789703878, 0.068414418383, 0.025975098645, 0.23819676098, 0.017864810118],
      [0.10028511006, 0.13382255041, 0.051024010759, 0.035535854292, 0.012463564184, 0.062189535225, 0.11028357085, 0.10918743582, 0.26678880193, 0.11841956647]
    ],
    [
      [0.21817262917, 0.22869963728, 0.22984248277, 0.029465998799, 0.055519087707, 0.16489957048, 0.0059492986836, 0.023060013484, 0.044391281624, 3.7652803066e-21],
      [0.11456962763, 0.21473050792, 0.17697149206, 0.11408271155, 0.033404780079, 0.13107655017, 0.02425060422, 0.042585918175, 0.13482122386, 0.013506584329],
      [3.0813364159e-16, 1.9182571354e-08, 0.20613832562, 0.21227431041, 0.1635005377, 0.20369854712, 0.05584912801, 0.013847576016, 0.12986361451, 0.014827941432],
      [0.05263947579, 0.14957655814, 0.078029650266, 0.048988071822, 0.014988109547, 0.11303872514, 0.10111160323, 0.056918087063, 0.21540432206, 0.16930539694]
    ],
    [
      [0.34202218643, 0.19972800465, 0.19717848724, 0.034762473061, 0.041946662048, 0.11546742056, 0.0025349282085, 0.025269365938, 0.041090471866, 3.7964651816e-21],
      [0.18832471061, 0.16950576271, 0.17400284658, 0.13415479787, 0.025007559434, 0.094725359389, 0.012142762113, 0.050082904808, 0.13875876034, 0.013294536145],
      [6.8502596184e-16, 1.8061326635e-08, 0.2091389308, 0.26577082528, 0.14648754988, 0.14296481757, 0.035022908213, 0.020991660731, 0.16197246938, 0.017650820086],
      [0.12287479894, 0.12577193952, 0.080505907608, 0.055764938102, 0.011315948222, 0.095144548776, 0.065030486185, 0.070014513419, 0.20106894143, 0.17250797779]
    ],
    [
      [0.19395582529, 0.13387332868, 0.40801157602, 0.024925538182, 0.091103309413, 0.053921075241, 0.0049635824542, 0.023959311395, 0.065286453322, 3.4791543798e-21],
      [0.10844387596, 0.13478039103, 0.31981336595, 0.083823753301, 0.052858195684, 0.033318224669, 0.019499815069, 0.036631782174, 0.1991351944, 0.011695401758],
      [3.0973116058e-16, 8.2306422946e-09, 0.32340043204, 0.1424593928, 0.24571716333, 0.040427338524, 0.042556017241, 0.011281334256, 0.18170709219, 0.012451221384],
      [0.066205136866, 0.099700638313, 0.14380946413, 0.045867871695, 0.023512383046, 0.033126524741, 0.080316345651, 0.05469289445, 0.28826114326, 0.16450759784]
    ],
    [
      [0.42735714153, 0.12710561536, 0.19083946502, 0.076144525079, 0.052777318023, 0.056177500164, 0.0063659534956, 0.014835505417, 0.048396975908, 3.0342455255e-21],
      [0.24453796687, 0.13399707049, 0.13442889243, 0.19758944694, 0.032356819598, 0.044017991059, 0.023662360673, 0.02522372996, 0.15696071, 0.0072250119761],
      [5.063900061e-16, 9.9561231093e-09, 0.094651137012, 0.51155637856, 0.13451933175, 0.051216677901, 0.043829524961, 0.011857539942, 0.14192255934, 0.010446840582],
      [0.15819328254, 0.085980238921, 0.057372320761, 0.095864239989, 0.011834869675, 0.041682079253, 0.11196952902, 0.050704208937, 0.25560685951, 0.1307923714]
    ],
    [
      [0.38534905885, 0.16402859493, 0.17043453443, 0.021526332897, 0.061111622638, 0.06761939077, 0.0043479769629, 0.046855165279, 0.078727323237, 6.7516004906e-21],
      [0.16612185621, 0.1594197922, 0.16436959038, 0.13393117633, 0.024887771682, 0.058226871259, 0.023524140486, 0.089461251448, 0.158329579, 0.021727970999],
      [3.40569272e-16, 1.0168611828e-08, 0.20480298885, 0.21135943432, 0.16168726608, 0.070375806329, 0.065112628826, 0.02490830181, 0.22898063839, 0.032772925234],
      [0.060412738573, 0.080479832561, 0.025806365035, 0.030824344884, 0.011970549201, 0.039003466409, 0.15279561037, 0.070560818322, 0.2750749304, 0.25307134424]
    ],
    [
      [0.31948247207, 0.18515840644, 0.20568130125, 0.046176012883, 0.093617848873, 0.041896945597, 0.0052358564132, 0.055957175872, 0.046793980611, 3.8415666899e-21],
      [0.16782169134, 0.16632741308, 0.1563968589, 0.1626808671, 0.049857952218, 0.030672719164, 0.019541321876, 0.08829297689, 0.14448616303, 0.0139220364],
      [4.1259057224e-16, 1.3457099388e-08, 0.18654825336, 0.27379621464, 0.26709704723, 0.038649102878, 0.041409644104, 0.031566151975, 0.14656203073, 0.014371541616],
      [0.086312883233, 0.10885714674, 0.07385680718, 0.063136431801, 0.022926464359, 0.030241170359, 0.088948930734, 0.14847863347, 0.20298174877, 0.17425978335]
    ],
    [
      [0.34440062151, 0.23300298926, 0.18491435018, 0.05981230865, 0.033580295184, 0.047393551261, 0.013943588954, 0.059225046319, 0.023727248681, 7.2380342571e-21],
      [0.23190041433, 0.12643047079, 0.11951918901, 0.13855885916, 0.014472193786, 0.029883429531, 0.017487709635, 0.068901813291, 0.23184173473, 0.021004185735],
      [3.3614271398e-16, 1.6216913698e-08, 0.16167468882, 0.31206635246, 0.11397086778, 0.048630607614, 0.1027293225, 0.020705333727, 0.19621439471, 0.044008416177],
      [0.13740363274, 0.078866626921, 0.066513844524, 0.039951775957, 0.012956052992, 0.024911702558, 0.17067122134, 0.092044979166, 0.14680525761, 0.22987490619]
    ],
    [
      [0.42081754114, 0.2094953745, 0.18017856272, 0.033135125332, 0.044597218124, 0.030644939556, 0.0046024658675, 0.036884236349, 0.039644536413, 3.2480863568e-21],
      [0.23790042391, 0.20415921142, 0.15098129331, 0.12647401392, 0.02571825904, 0.02418345276, 0.019058112114, 0.069416849601, 0.13128960262, 0.010818781298],
      [7.3193402081e-16, 2.0446661328e-08, 0.20626344165, 0.29327444812, 0.18567608442, 0.043352097814, 0.05499138656, 0.030348413886, 0.1692307484, 0.016863358695],
      [0.1208560254, 0.1397824452, 0.072485391841, 0.056257795582, 0.013202643527, 0.025005235905, 0.0894546565, 0.11367723074, 0.22067634786, 0.14860222744]
    ],
    [
      [0.26132561192, 0.1981394313, 0.23359574338, 0.056677143151, 0.037078883722, 0.089504322272, 0.0077800149355, 0.038971423841, 0.076927425483, 2.1746859062e-21],
      [0.09251643575, 0.20024540201, 0.11109779039, 0.23286797804, 0.017709136048, 0.049164120382, 0.0202406295, 0.058410361347, 0.20534953621, 0.012398610327],
      [3.4888381735e-16, 1.6839708013e-08, 0.23224244624, 0.34881762704, 0.07092389387, 0.081075881528, 0.041877825933, 0.023203884942, 0.18748406718, 0.014374356428],
      [0.049985383502, 0.15559027423, 0.076076646809, 0.068345018321, 0.0073187174711, 0.042034113788, 0.095346619293, 0.064574087046, 0.30226579205, 0.13846334749]
    ],
    [
      [0.25936630075, 0.35217640341, 0.21461991957, 0.036421009613, 0.036921034028, 0.032959586778, 0.004523279478, 0.014493130227, 0.048519336148, 5.509810936e-21],
      [0.14696384752, 0.18354243023, 0.19636943427, 0.17517254257, 0.02074009378, 0.02536722453, 0.011200815454, 0.031048805212, 0.19494908837, 0.014645718067],
      [5.3157391777e-16, 2.6727101848e-08, 0.192854246, 0.29353128468, 0.14057843692, 0.056309200074, 0.040507039907, 0.014820266032, 0.23623369653, 0.025165803126],
      [0.077565544854, 0.25438789399, 0.079720286861, 0.051633536198, 0.0087318733045, 0.020539389357, 0.043668437887, 0.036481760787, 0.23619263358, 0.19107864317]
    ]
  ],
  "expected_outcome": [
    [
      [15.6935392689, 28.8307234235, 28.7076631846, 21.2067882336, 17.9813136844, 24.5754795031, 12.5354026288, 21.259782225, 24.8937555604, 22.2509025146, 24.9029393837, 22.8322868575, 12.675593902, 3.7135578652, 2.8177392033, 4.1634696151, 4.7563684998, 3.7076801908, 4.135401799, 4.2495578385, 2.4539397282, 2.6978130676, 6.5546708579, 2.8952870297, 1.667821416, 3.4163126083, 6.6516247449, 1.5847539449, 4.1573847323, 3.5658308589, 4.9302277255, 1.3156413245, 4.1250715848, 4.4033627266, 3.8937410184, 1.4056652455, 7.0980197711, 5.0722792236, 1.8940784462, 4.081736862, 3.0544168083, 4.1042662371, 1.5516466023, 5.5556428399, 5.3948868239, 3.8337896648, 4.8216087011, 5.0498104936, 4.4425354026, 3.3717619098],
      [23.018598618, 12.1495320984, 7.4854822323, 8.1170055481, 14.923109345, 9.5230350114, 23.1678792221, 7.2717706407, 7.1973211656, 9.8714851034, 25.6422180278, 10.514767858, 7.8090668445, 2.6183263711, 6.1804061814, 2.5159446882, 3.0863489725, 4.1928012156, 2.0249209547, 2.3820603457, 0.93833129165, 1.5327782499, 4.0281991023, 2.8785113913, 1.6133257875, 2.3829109365, 0.83361203599, 2.2853075377, 1.3605725024, 3.2009891572, 4.0752069504, 0.73761700877, 0.92074814388, 4.0118542569, 2.6496141973, 3.3530531239, 2.1443406013, 2.0124424751, 1.483380285, 2.0694552454, 3.2017949219, 2.3967360558, 1.0709866295, 1.6523729997, 2.2964003291, 2.2219008772, 3.2620418496, 2.513944494, 3.3683703321, 4.5782932443],
      [16.2112490022, 11.7206207055, 12.9767740575, 15.8202030003, 16.7316910613, 15.9747470645, 5.978701564, 12.5582659936, 13.3355408716, 13.4319291288, 5.2796566652, 15.6640641905, 6.462754539, 2.6047527001, 3.1409438923, 1.7195429989, 3.4440999097, 0.31736613446, 2.5871027294, 1.3698458165, 4.4813999787, 2.3830018552, 4.5573602411, 2.6183590262, 4.1940344419, 3.1625261746, 2.4515265932, 1.2215322602, 2.0167863408, 4.8761589942, 2.4471752914, 0.95006918665, 3.0723676525, 2.9623373681, 2.879851862, 4.8759710491, 2.1313771879, 3.6997986693, 1.2699461015, 1.9323277328, 3.2177947588, 2.3661418469, 3.2640926082, 2.4809130452, 2.386083482, 2.468175615, 2.5888009026, 2.1621427527, 3.9711276374, 2.7900589544],
      [2.4241328751, 1.9057209045, 1.4011134773, 3.9829130279, 1.5058354341, 1.438971302, 0.63731920945, 2.0462323866, 1.7978019768, 3.3908778425, 2.1724531041, 2.6843418594, 1.1446962703, 0.42345909363, 0.24021867729, 0.40764265489, 0.68761390123, 0.46409719225, 0.52090199755, 0.34919835558, 0.2640156922, 0.41606576415, 1.1187098075, 0.46083072082, 0.28570322344, 0.48500789254, 0.80333884345, 0.27699283161, 0.4169806744, 0.98154095051, 0.43123832156, 0.17702805446, 0.70458187373, 0.38637200638, 0.38159062672, 1.0604485877, 0.43112702054, 0.31632130165, 0.23892453889, 0.19694616551, 0.41252398319, 0.41714967674, 0.19940430545, 0.98987882603, 0.30136866055, 0.5541121546, 0.83737232111, 0.39762150399, 0.96351143356, 0.47347312497],
