{
  "Z_true": {},
  "V_true": [
    [778, 16, 48, 21, 593, 34],
    [53, 1341, 191, 563, 915, 102],
    [113, 528, 542, 3366, 602, 237],
    [298, 285, 311, 80, 18379, 325],
    [225, 201, 3399, 576, 808, 197],
    [45, 87, 120, 101, 674, 331]
  ],
  "p_true": [
    [0.5221, 0.0107, 0.0322, 0.0141, 0.398, 0.0228],
    [0.0167, 0.4237, 0.0603, 0.1779, 0.2891, 0.0322],
    [0.021, 0.098, 0.1006, 0.6247, 0.1117, 0.044],
    [0.0151, 0.0145, 0.0158, 0.0041, 0.934, 0.0165],
    [0.0416, 0.0372, 0.6287, 0.1065, 0.1495, 0.0364],
    [0.0331, 0.0641, 0.0884, 0.0744, 0.4963, 0.2437]
  ],
  "Z_est": [
    [
      [44.9358, 60.3584, 3.5029, 4.3774, 3.785, 5.6063, 25.2691, 14.7638, 13.7498, 12.1616, 7.2115, 0.9458, 1.1615, 0.6858, 36.8473, 46.1355, 53.1087, 72.0913, 46.3162, 20.3225, 25.5029, 21.9543, 68.2516, 30.9386, 46.0692, 9.9334, 30.0347, 22.4415, 45.3734, 4.8809, 12.3974, 0.7462, 1.7735, 1.4392, 126.6397, 9.3246, 52.0617, 3.4889],
      [0.0309, 0.0175, 0.0012, 0.0028, 0.0043, 0.0128, 0.0167, 0.014, 0.0228, 0.0121, 0.0135, 0, 0.0012, 0.001, 0.0319, 0.032, 0.0258, 0.0563, 0.0476, 0.022, 0.017, 0.0286, 0.0575, 0.0078, 0.0298, 0.0064, 0.0281, 0.0143, 0.0346, 0.0029, 0.0158, 0.0015, 0.0024, 0.0008, 0.074, 0.0064, 0.0445, 0.0027],
      [1.2754, 0.921, 0.0484, 0.2262, 0.1477, 0.2561, 0.8675, 0.4714, 0.5765, 1.103, 0.2565, 0.0029, 0.0153, 0.0369, 1.4763, 1.9769, 1.3362, 3.0251, 2.0244, 1.3236, 0.668, 1.1174, 3.1565, 0.9361, 1.9776, 0.2399, 1.5053, 0.7741, 1.4441, 0.2223, 0.5943, 0.0804, 0.0235, 0.0346, 5.5796, 0.5293, 1.6243, 0.0563],
      [0.4381, 0.2887, 0.0193, 0.0374, 0.0506, 0.1102, 0.2987, 0.1822, 0.249, 0.2263, 0.0776, 0.0013, 0.0182, 0.0099, 0.3419, 0.4712, 0.6546, 0.8632, 0.675, 0.2698, 0.2472, 0.4691, 1.0324, 0.2844, 0.5975, 0.0986, 0.4895, 0.235, 0.5499, 0.0641, 0.202, 0.0076, 0.0069, 0.0146, 1.65, 0.1782, 0.6955, 0.0262],
      [16.2327, 14.447, 0.2352, 1.0497, 1.2859, 3.4268, 6.9355, 5.7924, 7.7014, 5.1746, 5.4806, 0.05, 0.2367, 0.1703, 19.2636, 19.8279, 14.9977, 18.125, 19.5454, 9.346, 5.4893, 13.3257, 25.98, 9.4363, 19.7222, 2.2255, 11.6224, 8.2765, 19.9893, 2.6271, 7.3397, 1.0734, 0.1085, 0.4512, 53.9085, 3.1402, 19.6743, 1.295],
      [2.0871, 1.9673, 0.1929, 0.3065, 0.7266, 0.5877, 1.6126, 0.7762, 1.7004, 1.3224, 0.9604, 0, 0.5671, 0.0961, 3.039, 3.5566, 2.8771, 5.8391, 3.3914, 3.7161, 2.0758, 2.1048, 5.5219, 1.3968, 3.6037, 0.4962, 3.32, 1.2586, 2.6089, 1.2026, 1.4509, 0.0909, 0.0852, 0.0595, 12.1483, 0.8212, 3.8997, 0.1308]
    ],
    [
      [0.1173, 0.1234, 0.0193, 0.0963, 0.0523, 0.009, 0.127, 0.0857, 0.0587, 0.0589, 0.0099, 0.0033, 0.3362, 0.0008, 0.0655, 0.1959, 0.1376, 0.159, 0.1593, 0.0491, 0.0799, 0.0378, 0.1976, 0.2316, 0.0825, 0.0428, 0.0746, 0.126, 0.1639, 0.0143, 0.019, 0, 0.0016, 0.0295, 0.4446, 0.0643, 0.3175, 0.1021],
      [47.0785, 24.0705, 4.0879, 24.6333, 22.6442, 33.1729, 50.4682, 48.9247, 86.6007, 40.9608, 19.5465, 2.5393, 3.6639, 1.5901, 32.1083, 75.3483, 45.2453, 65.6335, 102.6361, 25.1553, 24.1697, 47.2915, 99.1214, 55.4808, 34.1195, 16.7056, 41.7476, 44.7168, 68.8105, 5.8327, 18.865, 2.6364, 0.6965, 7.7747, 174.6468, 27.0433, 158.0978, 20.9789],
      [0.8273, 0.5104, 0.1165, 0.8225, 0.3064, 0.1812, 1.1002, 0.6227, 0.8038, 1.5591, 0.1134, 0.0223, 0.4782, 0.0153, 0.6549, 2.0243, 0.8872, 1.6157, 1.7217, 0.7507, 0.5313, 0.827, 2.2729, 1.808, 0.8777, 0.2733, 0.957, 1.0329, 1.2518, 0.1668, 0.2997, 0.0485, 0.0089, 0.1289, 4.854, 0.8926, 2.3349, 0.1415],
      [8.997, 5.027, 1.3559, 4.7528, 2.3608, 2.3659, 12.1242, 7.5725, 11.1337, 10.2641, 1.0446, 0.1535, 1.565, 0.1431, 4.8771, 15.4283, 13.8984, 14.4229, 18.1594, 4.7947, 5.9292, 10.9747, 23.6244, 17.2048, 8.444, 3.6619, 9.8616, 9.9672, 15.029, 1.4768, 3.3255, 0.1499, 0.1175, 1.8534, 45.4007, 9.578, 32.3032, 2.6373],
      [35.3252, 26.9272, 1.8759, 14.1518, 6.4777, 7.7749, 29.6532, 25.5691, 36.4507, 24.8322, 7.7854, 1.2816, 1.9568, 0.2051, 28.6402, 68.5008, 33.4802, 32.3533, 55.7956, 17.7121, 14.3308, 32.9691, 62.8915, 60.9881, 29.5038, 8.6109, 24.7702, 37.104, 57.9931, 6.4532, 12.5706, 2.0982, 0.1376, 5.9292, 157.6594, 17.7205, 96.9053, 13.6733],
      [1.6547, 1.3414, 0.5444, 1.5433, 1.1586, 0.4962, 2.5273, 1.2253, 2.9524, 2.3249, 0.5002, 0, 0, 0.0456, 1.6539, 4.5023, 2.3513, 3.8156, 3.5279, 2.5381, 1.9591, 1.9, 4.8923, 3.2868, 1.9725, 0.7055, 2.589, 2.0531, 2.7517, 1.0562, 0.9203, 0.067, 0.0379, 0.2843, 12.9945, 1.7013, 7.0413, 0.4668]
    ],
    [
      [4.275, 4.333, 0.6021, 1.527, 1.4573, 0.619, 1.9501, 2.8969, 1.2459, 1.0819, 0.4876, 1.1012, 0.387, 0.0832, 3.2821, 7.7139, 5.2963, 10.3693, 4.4327, 1.2677, 3.6653, 2.0391, 5.6788, 5.7648, 2.6067, 1.3894, 4.5404, 4.3808, 5.0646, 0.2528, 1.1639, 0.14, 0.2363, 0.3142, 12.5434, 0.864, 9.3294, 0.6499],
      [20.2266, 9.189, 1.1949, 6.7011, 10.0148, 16.4827, 9.0912, 20.3364, 16.5809, 7.6715, 9.377, 3.3023, 0.2763, 0.697, 18.9053, 35.7231, 19.9429, 51.4192, 33.6886, 7.0163, 13.3229, 18.3133, 33.3407, 15.787, 12.6525, 6.2906, 29.289, 19.2828, 25.9259, 1.2795, 10.6761, 4.0512, 0.6521, 1.6298, 57.5509, 4.4883, 56.2442, 4.1008],
      [12.6772, 6.9686, 1.2648, 8.8494, 3.7839, 3.1748, 7.138, 9.2495, 5.5722, 10.6063, 1.9226, 0.7174, 0.1252, 0.3793, 13.7474, 34.2596, 13.984, 44.8072, 20.1319, 7.5197, 10.2412, 11.3835, 27.2334, 18.3464, 11.6916, 3.7953, 23.9197, 15.9119, 16.7307, 1.3254, 6.2097, 2.8891, 0.4342, 1.0779, 56.8837, 5.3353, 30.0642, 1.2697],
      [113.1177, 56.6068, 13.1919, 38.5525, 30.9071, 34.7541, 64.47, 92.5719, 62.5575, 56.7498, 15.3943, 7.1187, 4.1088, 3.5233, 84.2906, 212.6806, 179.2073, 327.5748, 173.6642, 39.7476, 95.8603, 124.3229, 231.1355, 143.382, 91.8775, 41.7232, 201.6638, 125.8187, 164.9315, 10.3137, 56.2352, 7.6297, 5.1898, 12.8964, 433.7865, 47.5137, 333.5127, 15.9665],
      [6.182, 4.1966, 0.1752, 1.5007, 1.2009, 1.6686, 2.1701, 4.3674, 2.8627, 1.8846, 1.5544, 0.7604, 0.0902, 0.0352, 6.8462, 13.1475, 6.0661, 9.5295, 7.472, 2.0368, 3.1226, 5.2044, 8.5859, 7.117, 4.4587, 1.3182, 6.9672, 6.4879, 8.8548, 0.5872, 2.8835, 1.2901, 0.007, 0.5003, 21.1746, 1.1882, 14.0111, 1.0923],
      [6.5215, 4.706, 1.5711, 3.8692, 4.636, 2.3008, 4.1806, 4.5779, 5.1808, 4.0059, 2.2642, 0, 1.0125, 0.282, 8.9284, 19.4754, 9.5034, 27.3001, 10.6106, 6.4119, 9.7876, 6.7367, 15.0257, 8.6028, 6.713, 2.4833, 16.62, 8.118, 9.4925, 2.2414, 4.8316, 0.9999, 0.4806, 0.5814, 39.061, 2.6105, 22.8383, 0.9207]
    ],
    [
      [10.7737, 10.5434, 1.2226, 1.555, 0.388, 1.1467, 6.6708, 4.3707, 3.5455, 3.1461, 1.1123, 0, 0, 0.1405, 5.1333, 6.4086, 8.1789, 10.9285, 9.3161, 2.5083, 2.65, 1.7678, 11.4708, 9.8191, 5.7122, 2.8006, 4.3604, 4.2827, 8.1722, 0.0671, 0.6408, 0, 0.4836, 0.8525, 26.0841, 2.9763, 11.4513, 1.3881],
      [6.698, 3.3243, 0.3599, 0.908, 0.8828, 0.4393, 4.0466, 3.4732, 5.0491, 3.2265, 1.103, 0, 0, 0.4157, 4.0333, 3.9217, 3.7901, 7.1166, 8.5008, 2.4159, 1.3065, 2.6212, 8.7084, 1.8831, 3.3499, 1.7183, 3.7231, 2.412, 5.4867, 0.5145, 0.8184, 0.0079, 0.3739, 0.4396, 13.2348, 1.8721, 8.725, 0.9651],
      [2.3745, 1.8253, 0.4096, 0.0697, 0.7993, 0.6882, 1.4684, 1.0663, 0.9575, 1.6839, 0.8651, 0.0123, 0, 0.2751, 1.802, 1.6413, 1.3995, 3.6684, 2.8171, 1.4141, 0.7366, 0.8349, 3.5289, 2.5305, 1.3832, 0.3521, 1.602, 0.9996, 1.9986, 1.0368, 0.1855, 0.1326, 0.0835, 0.0243, 7.7413, 1.2886, 1.5236, 0],
      [2.0353, 1.4834, 0.3143, 0.3263, 0.8704, 2.8227, 1.1951, 1.5302, 2.1536, 1.5739, 0.5153, 0.3935, 0.7532, 0, 0, 0.8117, 1.383, 2.5637, 2.726, 0.916, 0.608, 0.8369, 2.7673, 2.7297, 1.3002, 0.3425, 1.2197, 0.6886, 1.9407, 0.6796, 0.1217, 0, 0, 0, 6.8285, 0.7036, 2.7349, 0.2228],
      [1054.7926, 830.586, 36.451, 103.5089, 81.0595, 234.0512, 512.7312, 465.5596, 613.185, 407.7822, 282.4061, 22.5942, 33.2468, 23.6951, 729.1003, 742.1964, 649.4603, 737.301, 1072.7406, 325.7457, 160.3836, 370.2378, 1195.039, 845.0436, 667.4295, 187.01, 472.2879, 424.9971, 950.7326, 149.702, 119.737, 33.7335, 17.6509, 71.5497, 3021.4318, 278.9222, 1168.2122, 139.424],
      [0.3261, 1.2376, 0.2426, 0.6321, 0, 0.8518, 1.8879, 0, 2.1093, 1.5874, 0.9982, 0, 0, 0.4736, 1.9311, 2.0203, 1.7882, 3.4218, 1.8994, 0, 0.3153, 0.7015, 3.4856, 0.994, 1.825, 0.7766, 1.8069, 0.62, 0.6692, 0, 0.4966, 0.126, 0.4081, 0.1339, 8.6794, 1.2372, 3.3531, 0]
    ],
    [
      [5.3694, 5.6384, 0.7328, 0.6238, 0.8602, 1.0487, 2.9075, 3.739, 1.8347, 1.0196, 0.8586, 0.7157, 0.0756, 0.0045, 3.9419, 8.1445, 7.6032, 12.0373, 6.6625, 0.7976, 3.9806, 2.4915, 6.8623, 5.8402, 5.8675, 1.719, 4.8581, 3.4792, 6.9618, 1.5314, 1.0483, 0.0232, 0.1057, 0.3003, 17.5676, 1.3467, 5.8651, 0.653],
      [1.7035, 0.7961, 0.1021, 0.1941, 0.5916, 1.617, 0.9078, 1.8145, 1.5939, 0.492, 1.0418, 0.0895, 0.0281, 0.0066, 1.5299, 2.5664, 1.8938, 4.1265, 3.3542, 0.352, 1.0123, 1.4982, 2.7058, 1.0018, 1.8805, 0.5222, 2.1261, 1.0325, 2.4052, 0.1787, 0.636, 0.0313, 0.0347, 0.104, 5.2718, 0.463, 2.3737, 0.2715],
      [116.691, 66.7102, 11.4899, 28.129, 27.1821, 39.6034, 78.5144, 92.7998, 60.4185, 74.3281, 25.3668, 2.2176, 1.3478, 0.8652, 120.9338, 264.2678, 146.6788, 377.5166, 221.1187, 41.1823, 80.5754, 100.3146, 240.4347, 136.0112, 192.4806, 35.1798, 186.7197, 93.0739, 168.1495, 21.7471, 41.2524, 3.3418, 3.0138, 8.6492, 580.4729, 61.5773, 138.9993, 10.0016],
      [13.9782, 7.2072, 1.472, 1.5536, 3.1715, 5.7962, 9.3932, 12.4539, 9.0247, 5.2587, 2.6085, 0.3002, 0.4623, 0.0432, 9.903, 22.11, 25.2653, 37.7734, 25.782, 2.8538, 10.302, 14.6878, 27.5673, 14.3454, 20.311, 4.9714, 21.2612, 9.8462, 22.3791, 2.108, 4.8605, 0.0909, 0.2917, 1.1449, 60.1992, 7.1646, 20.7742, 1.5266],
      [15.8575, 11.1392, 0.5198, 1.2976, 2.469, 5.5647, 6.6164, 12.136, 8.5489, 3.6422, 5.5545, 0.677, 0.2021, 0.0171, 16.8064, 28.3902, 17.6547, 23.5915, 22.9202, 3.0401, 7.0707, 12.7435, 21.2259, 14.6832, 20.4855, 3.3469, 15.3605, 10.5657, 24.9297, 2.601, 5.2706, 0.3367, 0.0842, 1.0014, 60.5606, 3.7976, 18.039, 2.2419],
      [11.4004, 8.5089, 2.6833, 2.2019, 7.7256, 5.37, 8.6607, 9.0567, 10.5792, 5.2594, 5.5697, 0, 2.884, 0.0635, 14.885, 28.5212, 18.9041, 43.9546, 22.1625, 6.7742, 15.0589, 11.2645, 25.204, 12.1181, 20.975, 4.2607, 24.6744, 9.0026, 18.1748, 5.8338, 5.9322, 0.1761, 0.47, 0.8002, 75.9279, 5.6508, 19.9488, 1.3055]
    ],
    [
      [4.5288, 5.0034, 0.9203, 0.8204, 0.4572, 0.5703, 2.0756, 2.1438, 1.5654, 1.5319, 0.3201, 0.2339, 0.0397, 0.0851, 2.7299, 3.4017, 3.6753, 7.4145, 4.1131, 1.0548, 2.1214, 1.7095, 4.539, 4.4057, 2.662, 1.1149, 2.1318, 2.2899, 4.2642, 0.2534, 0.7306, 0.0906, 0.3993, 0.0643, 11.7206, 1.4241, 5.975, 0.7179],
      [3.2626, 1.6026, 0.254, 0.5607, 0.8624, 2.2753, 1.4695, 2.4372, 3.1526, 1.6371, 0.9182, 0.069, 0.0305, 0.2897, 2.3913, 2.4085, 2.1021, 5.6479, 4.7728, 1.0385, 1.1716, 2.2471, 4.0662, 1.8395, 1.9678, 0.7569, 2.086, 1.5417, 3.3372, 0.1916, 0.9886, 0.2717, 0.2405, 0.051, 8.2217, 1.1269, 5.5147, 0.681],
      [5.1546, 3.0644, 0.6708, 1.9032, 0.7806, 1.0962, 2.9115, 2.7902, 2.6714, 5.7196, 0.4756, 0.0276, 0.0336, 0.4283, 4.3855, 5.8302, 3.7143, 12.3671, 7.1862, 2.8096, 2.2475, 3.5226, 8.3737, 5.3678, 4.5893, 1.1596, 4.2964, 3.2075, 5.4252, 0.5015, 1.4584, 0.5076, 0.436, 0.0851, 20.4685, 3.3769, 7.4537, 0.5308],
      [4.4338, 2.3869, 0.6464, 0.7773, 0.6396, 1.1509, 2.5188, 2.6894, 2.8815, 2.9273, 0.3598, 0.0328, 0.0924, 0.2805, 2.5874, 3.4982, 4.5914, 8.8021, 5.9934, 1.4182, 2.0533, 3.7086, 6.873, 4.0538, 3.4697, 1.2024, 3.5042, 2.4444, 5.1699, 0.3578, 1.2553, 0.1219, 0.3941, 0.0907, 15.1351, 2.8619, 7.9796, 0.6206],
      [33.61, 24.7039, 1.7428, 4.4913, 3.5071, 7.5138, 11.8937, 17.5754, 18.2513, 13.6842, 5.2189, 0.6367, 0.2674, 0.8772, 29.3433, 29.9372, 21.341, 38.0997, 35.5262, 10.1193, 9.6029, 21.5196, 35.2777, 27.7317, 23.4004, 5.4885, 16.9918, 17.5688, 38.5006, 3.0296, 9.1986, 3.4681, 1.0119, 0.5682, 101.2651, 10.2313, 46.1581, 6.2735],
      [8.0102, 6.2388, 2.7656, 2.447, 3.7531, 2.3934, 5.1309, 4.364, 7.4778, 6.5, 1.7072, 0, 1.5364, 1.0392, 8.5626, 9.9242, 7.5759, 22.6688, 11.4083, 7.5596, 6.8033, 6.2926, 13.8705, 7.6016, 7.9108, 2.2776, 8.9898, 4.9477, 9.3029, 2.666, 3.3685, 0.5401, 1.5183, 0.1406, 42.189, 4.9789, 16.9189, 1.1762]
    ]
  ],
  "V_est": [
    [986.5881, 0.7415, 37.9308, 12.1318, 375.0096, 77.5982],
    [3.8941, 1604.8436, 33.8416, 341.98, 1099.0579, 81.3829],
    [115.033, 612.7147, 451.622, 3754.5491, 168.5979, 285.4833],
    [182.0684, 117.8651, 51.2204, 48.092, 19231.7182, 47.0359],
    [135.117, 48.3507, 3899.3567, 440.2426, 410.9896, 471.9434],
    [89.2994, 73.4843, 137.0285, 110.0045, 685.627, 262.5563]
  ],
  "p_est": [
    [0.6621, 0.0005, 0.0255, 0.0081, 0.2517, 0.0521],
    [0.0012, 0.5071, 0.0107, 0.1081, 0.3473, 0.0257],
    [0.0213, 0.1137, 0.0838, 0.6968, 0.0313, 0.053],
    [0.0093, 0.006, 0.0026, 0.0024, 0.9773, 0.0024],
    [0.025, 0.0089, 0.7213, 0.0814, 0.076, 0.0873],
    [0.0658, 0.0541, 0.1009, 0.081, 0.5049, 0.1933]
  ],
  "EI_Z": {},
  "EI_V": 8.0412,
  "MAE_Z": {},
  "MAE_V": 162.9914,
  "MAE_p": 0.0364,
  "runtime": 0.161
}
