{
  "X": [
    [2, 7, 16, 3],
    [55, 207, 476, 50],
    [25, 151, 290, 25],
    [45, 100, 174, 14],
    [47, 226, 500, 57],
    [57, 180, 517, 39],
    [34, 139, 402, 25],
    [9, 19, 77, 4],
    [1, 10, 3, 1],
    [2, 60, 18, 11],
    [3, 50, 19, 6],
    [2, 28, 17, 7],
    [37, 159, 502, 30],
    [1, 4, 5, 0],
    [1, 5, 16, 2],
    [3, 13, 45, 2],
    [1, 6, 2, 0],
    [56, 760, 573, 110],
    [44, 517, 494, 81],
    [8, 114, 95, 39],
    [93, 730, 665, 108],
    [35, 396, 364, 66],
    [71, 400, 652, 63],
    [77, 290, 922, 57],
    [56, 457, 560, 72],
    [16, 86, 131, 19],
    [50, 459, 503, 60],
    [64, 518, 528, 82],
    [27, 431, 193, 55],
    [39, 449, 400, 50],
    [28, 301, 222, 52],
    [8, 205, 33, 30],
    [19, 282, 216, 59],
    [16, 287, 109, 37],
    [20, 356, 127, 52],
    [40, 210, 314, 21],
    [18, 369, 101, 54],
    [46, 376, 683, 75],
    [102, 526, 1115, 89],
    [46, 227, 452, 31],
    [5, 20, 58, 5],
    [126, 1303, 1343, 233],
    [4, 18, 52, 1],
    [22, 130, 311, 23],
    [44, 296, 327, 40],
    [279, 1203, 1379, 214],
    [43, 88, 188, 11]
  ],
  "W": [
    [2, 7, 13, 5, 1],
    [89, 168, 445, 40, 46],
    [45, 121, 285, 22, 18],
    [62, 74, 168, 12, 17],
    [64, 199, 464, 60, 43],
    [99, 152, 479, 27, 36],
    [63, 113, 368, 18, 38],
    [10, 17, 75, 3, 4],
    [1, 8, 3, 3, 0],
    [5, 55, 18, 10, 3],
    [5, 48, 17, 2, 6],
    [5, 25, 18, 3, 3],
    [78, 133, 450, 12, 55],
    [1, 5, 4, 0, 0],
    [2, 6, 15, 1, 0],
    [10, 9, 34, 2, 8],
    [0, 5, 3, 1, 0],
    [94, 723, 510, 79, 93],
    [66, 486, 464, 52, 68],
    [11, 108, 93, 31, 13],
    [127, 661, 625, 96, 87],
    [60, 380, 325, 46, 50],
    [151, 374, 543, 65, 53],
    [150, 215, 836, 71, 74],
    [149, 400, 468, 55, 73],
    [26, 88, 100, 17, 21],
    [122, 422, 403, 48, 77],
    [122, 502, 435, 71, 62],
    [42, 444, 147, 39, 34],
    [86, 425, 326, 46, 55],
    [39, 277, 210, 46, 31],
    [12, 216, 25, 12, 11],
    [43, 254, 184, 50, 45],
    [30, 273, 94, 25, 27],
    [22, 349, 118, 32, 34],
    [61, 185, 282, 27, 30],
    [25, 361, 94, 31, 31],
    [111, 324, 578, 90, 77],
    [186, 450, 1041, 74, 81],
    [96, 180, 412, 21, 47],
    [9, 17, 52, 8, 2],
    [243, 1221, 1191, 181, 169],
    [8, 19, 42, 1, 5],
    [44, 102, 281, 30, 29],
    [63, 267, 296, 43, 38],
    [335, 1190, 1279, 106, 165],
    [76, 57, 178, 5, 14]
  ],
  "method": "mvn_cdf",
  "mvncdf_method": "genz",
  "mvncdf_samples": 5000,
  "mvncdf_error": 0.001,
  "cond_prob": [
    [
      [0.40564512507, 0.025993303244, 0.56382609958, 0.0045354721018],
      [0.050551682443, 0.79199008314, 0.062111527205, 0.095346707209],
      [0.058442304413, 0.0096528225841, 0.91407176072, 0.017833112283],
      [0.008731605438, 0.21970984192, 0.36233090309, 0.40922764954],
      [0.031439988189, 0.1800469083, 0.74297970558, 0.045533397933]
    ],
    [
      [0.32698130437, 0.10910007651, 0.55637938401, 0.0075392351112],
      [0.010824018609, 0.86493957704, 0.012762278366, 0.11147412599],
      [0.052082048569, 0.040151513812, 0.89193888442, 0.015827553195],
      [0.0020825565583, 0.34217176975, 0.20155609745, 0.45418957625],
      [0.017835106721, 0.44404238722, 0.42093749111, 0.11718501494]
    ],
    [
      [0.2695561412, 0.15588006709, 0.56701367517, 0.007550116549],
      [0.0063707227162, 0.90160073606, 0.012358617628, 0.079669923592],
      [0.041550923958, 0.054614017219, 0.88776889162, 0.016066167208],
      [0.0014684532827, 0.4296613712, 0.17652476377, 0.39234541174],
      [0.012488716515, 0.54856460242, 0.33840627618, 0.10054040489]
    ],
    [
      [0.46974969389, 0.12673884324, 0.3977018577, 0.0058096051658],
      [0.010914009506, 0.90202338826, 0.01796526105, 0.069097341181],
      [0.086890975782, 0.061123737309, 0.83655240581, 0.0154328811],
      [0.0027207416983, 0.46300499503, 0.16504847034, 0.36922579293],
      [0.025738202549, 0.56280077526, 0.32303939323, 0.088421628963]
    ],
    [
      [0.32382969249, 0.080920770202, 0.58969083747, 0.0055586998402],
      [0.013885468407, 0.86496147932, 0.011871107765, 0.10928194451],
      [0.048558504603, 0.028694800698, 0.91110702373, 0.011639670971],
      [0.0024402563187, 0.32236554275, 0.25225716552, 0.42293703541],
      [0.019398370997, 0.37296316824, 0.51182202363, 0.095816437138]
    ],
    [
      [0.31505133655, 0.092289617279, 0.58634763283, 0.0063114133402],
      [0.012245463982, 0.86618986743, 0.012426947936, 0.10913772065],
      [0.048488312716, 0.032583853571, 0.90587269746, 0.013055136256],
      [0.0021478852198, 0.33402528118, 0.22782145899, 0.43600537461],
      [0.018464235114, 0.40489221075, 0.47218018858, 0.10446336555]
    ],
    [
      [0.27594038242, 0.094562368575, 0.62407810077, 0.0054191482376],
      [0.010565341463, 0.88187249505, 0.015808505759, 0.09175365773],
      [0.040182688824, 0.031442979005, 0.91744372804, 0.010930604132],
      [0.001969254317, 0.35917722293, 0.25011364674, 0.38873987602],
      [0.015768322568, 0.40407296192, 0.49408897213, 0.086069743384]
    ],
    [
      [0.38910326868, 0.058324073213, 0.54847205895, 0.0041005991597],
      [0.020749495503, 0.87460655505, 0.0044077466263, 0.10023620282],
      [0.06180359351, 0.018398017267, 0.90877652162, 0.011021867608],
      [0.0038694129951, 0.29656338917, 0.32523879, 0.37432840784],
      [0.027337034353, 0.31972659235, 0.57659805669, 0.076338316603]
    ],
    [
      [0.54581728863, 0.18409982796, 0.26616501728, 0.0039178661262],
      [0.0091346530508, 0.96422176824, 0.004440273705, 0.022203305002],
      [0.12003293932, 0.074229358481, 0.79965747863, 0.0060802235658],
      [0.007002222997, 0.62647931689, 0.099780119062, 0.26673834105],
      ["NaN", "NaN", "NaN", "NaN"]
    ],
    [
      [0.23182861925, 0.3133614911, 0.43867695761, 0.016132932036],
      [0.0011308759448, 0.90440746443, 0.00076237096585, 0.093699288659],
      [0.041818340805, 0.11809695637, 0.80387533377, 0.036209369051],
      [0.00057340729817, 0.45604959887, 0.073188191387, 0.47018880244],
      [0.0067315064337, 0.66818026578, 0.1876822957, 0.13740593208]
    ],
    [
      [0.32536068656, 0.18935614932, 0.47637440657, 0.0089087575584],
      [0.0055409699073, 0.90826624296, 0.0013766643063, 0.08481612283],
      [0.060502866386, 0.057588392978, 0.86137783108, 0.020530909553],
      [0.0015317302973, 0.40983431391, 0.12814792748, 0.46048602832],
      [0.012602970416, 0.60962804718, 0.27538818285, 0.10238079956]
    ],
    [
      [0.23713499684, 0.31670446709, 0.41994427897, 0.026216257094],
      [0.0032692468, 0.85779747219, 0.0024661230646, 0.13646715795],
      [0.039679388465, 0.10968905374, 0.79028143443, 0.060350123359],
      [0.00067674276831, 0.35453256092, 0.052949393286, 0.59184130302],
      [0.005444875035, 0.64451340322, 0.15157050962, 0.19847121212]
    ],
    [
      [0.24956603031, 0.087274089291, 0.65743752647, 0.0057223539343],
      [0.009998556187, 0.86149316019, 0.024817278784, 0.10369100484],
      [0.034207182242, 0.027687247961, 0.92702484633, 0.011080723472],
      [0.0014824088943, 0.36295996616, 0.16609291631, 0.46946470863],
      [0.014418559045, 0.37816817371, 0.51390689119, 0.09350637606]
    ],
    [
      [0.29804099767, 0, 0.70195900233, 0],
      [0.10886490496, 0.8, 0.09113509504, 0],
      [0.039408619381, 0, 0.96059138062, 0],
      ["NaN", "NaN", "NaN", "NaN"],
      ["NaN", "NaN", "NaN", "NaN"]
    ],
    [
      [0.21798949772, 0.058356779131, 0.70446777627, 0.019185946881],
      [0.031698568674, 0.77598624372, 0.001737329763, 0.19057785784],
      [0.02478362318, 0.0044993957678, 0.9457390011, 0.024977979948],
      [0.0020752448265, 0.15987804291, 0.39455545232, 0.44349125995],
      ["NaN", "NaN", "NaN", "NaN"]
    ],
    [
      [0.20071406571, 0.072499545374, 0.72231618875, 0.004470200168],
      [0.0080709612662, 0.88358872503, 0.042461642916, 0.065878670788],
      [0.024186205307, 0.021455007287, 0.94471144549, 0.0096473419171],
      [0.001703235515, 0.32187892162, 0.40646395527, 0.2699538876],
      [0.011810405003, 0.36868474125, 0.55769578364, 0.061809070107]
    ],
    [
      ["NaN", "NaN", "NaN", "NaN"],
      [0.019070114082, 0.98092988592, 0, 0],
      [0.2713248783, 0.078920675457, 0.64975444624, 0],
      [0.090674794679, 0.85858854404, 0.050736661285, 0],
      ["NaN", "NaN", "NaN", "NaN"]
    ],
    [
      [0.28468948912, 0.12195778787, 0.58678805321, 0.0065646698026],
      [0.0081535164685, 0.89882062588, 0.0061118577741, 0.086913999875],
      [0.042905407694, 0.044779832929, 0.8988306203, 0.013484139079],
      [0.0017638551058, 0.39748599107, 0.20924324979, 0.39150690404],
      [0.014226807948, 0.47795212193, 0.41386254561, 0.093958524513]
    ],
    [
      [0.28906919175, 0.12144568687, 0.58228779126, 0.0071973301155],
      [0.0079825131791, 0.89345766177, 0.0055786702213, 0.092981154831],
      [0.043117036717, 0.047120954479, 0.89477117481, 0.014990833996],
      [0.0016843257795, 0.3878634717, 0.19687077705, 0.41358142547],
      [0.013941793556, 0.48134025942, 0.403627449, 0.10109049802]
    ],
    [
      [0.2892330892, 0.14056942558, 0.55765887914, 0.012538606082],
      [0.0062636403257, 0.84185920268, 0.0053236978291, 0.14655345917],
      [0.042594694915, 0.063813493139, 0.86702857613, 0.026563235818],
      [0.0011485761479, 0.29799384193, 0.11281813909, 0.58803944284],
      [0.011157721223, 0.48926757445, 0.31998254403, 0.1795921603]
    ],
    [
      [0.36120184636, 0.1269856882, 0.5056761204, 0.0061363450443],
      [0.010278010008, 0.90372943347, 0.0050619664039, 0.080930590116],
      [0.061493557787, 0.050786975987, 0.87365543536, 0.014064030868],
      [0.002374771072, 0.42172895006, 0.19147754644, 0.38441873242],
      [0.019220106409, 0.50896348132, 0.3795020846, 0.092314327675]
    ],
    [
      [0.28351045336, 0.1125847644, 0.59711339189, 0.0067913903542],
      [0.0089794033112, 0.8870571066, 0.0061522143763, 0.09781127571],
      [0.042335984904, 0.039538537671, 0.90433690195, 0.01378857547],
      [0.0018193100037, 0.36770867833, 0.2185558647, 0.41191614696],
      [0.014686323719, 0.44797179361, 0.43744584224, 0.099896040424]
    ],
    [
      [0.28379334491, 0.077264262893, 0.63484900519, 0.0040933870131],
      [0.013192051755, 0.889743285, 0.010794116822, 0.086270546419],
      [0.040747479524, 0.026109036704, 0.92523754507, 0.0079059387058],
      [0.0024903809211, 0.34187773242, 0.31678629611, 0.33884559055],
      [0.017464555113, 0.36169524857, 0.54916423222, 0.071675964096]
    ],
    [
      [0.27137042753, 0.097888925175, 0.62590395497, 0.0048366923286],
      [0.010270192606, 0.88661291337, 0.021686328716, 0.081430565305],
      [0.039233254332, 0.032722075509, 0.91871442377, 0.0093302463903],
      [0.002006274113, 0.37549691878, 0.2674803726, 0.35501643451],
      [0.015471599683, 0.414580385, 0.4921010994, 0.077846915914]
    ],
    [
      [0.24696734417, 0.12856196814, 0.61724823834, 0.0072224493428],
      [0.0058888178779, 0.89799127308, 0.0072434497872, 0.088876459252],
      [0.034064101341, 0.047126932889, 0.90470452249, 0.014104443281],
      [0.0013105228603, 0.39402147401, 0.20872823536, 0.39593976777],
      [0.01140082715, 0.47837221714, 0.41439538497, 0.095831570738]
    ],
    [
      [0.32499347863, 0.046755075321, 0.62428449325, 0.0039669527968],
      [0.024389737179, 0.84040410589, 0.017913819193, 0.11729233773],
      [0.048220474064, 0.013262032652, 0.92992147731, 0.0085960159715],
      [0.0036671683754, 0.24962286244, 0.3842078889, 0.36250208029],
      [0.024737305477, 0.25042927602, 0.65088120209, 0.07395221641]
    ],
    [
      [0.25388124443, 0.10106823013, 0.64020406432, 0.0048464611125],
      [0.0085757399072, 0.9039101457, 0.0083689137236, 0.079145200666],
      [0.035389247788, 0.03570941819, 0.91971519575, 0.0091861382716],
      [0.0018198367212, 0.38357149169, 0.27139816169, 0.3432105099],
      [0.013744245674, 0.4210034715, 0.48949463523, 0.075757647596]
    ],
    [
      [0.30113992738, 0.08731238611, 0.60663972107, 0.0049079654393],
      [0.0126295296, 0.88685746675, 0.0092890596103, 0.091223944038],
      [0.045125511212, 0.029753753375, 0.91526116056, 0.0098595748541],
      [0.0024432071902, 0.35136503708, 0.27692287247, 0.36926888325],
      [0.018029676012, 0.39122000378, 0.50849544058, 0.082254879623]
    ],
    [
      [0.32000541649, 0.077288709242, 0.59810812871, 0.0045977455607],
      [0.012682534312, 0.89528901783, 0.0092750240063, 0.082753423857],
      [0.048862893375, 0.015673442286, 0.92596569791, 0.0094979664249],
      [0.002480824403, 0.37065493214, 0.26992082877, 0.35694341468],
      [0.019092052804, 0.39664740964, 0.50345523588, 0.080805301673]
    ],
    [
      [0.25802826717, 0.1008723532, 0.63711182407, 0.0039875555491],
      [0.009270720634, 0.91287091789, 0.0089182269791, 0.068940134498],
      [0.036768883164, 0.033275633996, 0.92266639882, 0.0072890840236],
      [0.0020104338422, 0.39900989445, 0.28677760633, 0.31220206537],
      [0.014370488826, 0.42095501262, 0.49885674105, 0.065817757501]
    ],
    [
      [0.33785105458, 0.14181497971, 0.51251140877, 0.0078225569401],
      [0.00869248805, 0.89663831251, 0.0041655086555, 0.09050369078],
      [0.05631255533, 0.056550372325, 0.86920893417, 0.017928138179],
      [0.0019376391996, 0.4097346489, 0.16371346206, 0.42461424984],
      [0.016168440616, 0.52829132861, 0.34817786229, 0.10736236849]
    ],
    [
      [0.36752459433, 0.10678478619, 0.5146497883, 0.011040831179],
      [0.007677570488, 0.88921211175, 0.0022813051616, 0.1008290126],
      [0.069687775666, 0.029682463295, 0.873201786, 0.027427975035],
      [0.0015667022042, 0.38942826517, 0.11833063535, 0.49067439728],
      [0.015486802227, 0.56668778761, 0.28012985011, 0.13769556005]
    ],
    [
      [0.24487179137, 0.1531587348, 0.5923386638, 0.00963081003],
      [0.0052034892227, 0.88457510892, 0.0054643354147, 0.10475706644],
      [0.03590963264, 0.052969955498, 0.89219845746, 0.018921954401],
      [0.0010761355567, 0.37172014293, 0.1664640593, 0.46073966222],
      [0.010836611661, 0.49776928398, 0.37008393608, 0.12131016828]
    ],
    [
      [0.30387290393, 0.1826065363, 0.50483342475, 0.0086871350184],
      [0.0062540905452, 0.90994916616, 0.0031841599516, 0.080612583347],
      [0.051012153454, 0.063935845245, 0.86560017877, 0.019451822529],
      [0.001506494721, 0.45303339031, 0.14107667051, 0.40438344446],
      [0.012727458167, 0.58406953109, 0.29971807494, 0.1034849358]
    ],
    [
      [0.38872015891, 0.12124751132, 0.48175873157, 0.0082735981987],
      [0.008539321356, 0.8974550873, 0.0035609507777, 0.090444640569],
      [0.066312419655, 0.062168963021, 0.85063644964, 0.020882167681],
      [0.0019062386046, 0.42506057033, 0.13891405673, 0.43411913433],
      [0.017119652823, 0.5642015705, 0.30406427091, 0.11461450577]
    ],
    [
      [0.34471745993, 0.09100419032, 0.56164816901, 0.0026301807406],
      [0.01441049776, 0.92193794524, 0.0066544948138, 0.056997062186],
      [0.055198380085, 0.034629038881, 0.90555318592, 0.004619395112],
      [0.0033256873014, 0.42141776954, 0.30269780646, 0.2725587367],
      [0.021685203928, 0.42488519264, 0.49898469817, 0.054444905265]
    ],
    [
      [0.35921983268, 0.18655325461, 0.44337233925, 0.01085457346],
      [0.0065419519737, 0.89942363504, 0.0020163776569, 0.092018035331],
      [0.065648806351, 0.076162987708, 0.83109997033, 0.027088235615],
      [0.0015197606355, 0.43650499347, 0.10815242656, 0.45382281933],
      [0.014185778834, 0.61139550786, 0.24876312098, 0.12565559232]
    ],
    [
      [0.22635191348, 0.092862226348, 0.67568355798, 0.00510230219],
      [0.0082770223323, 0.8883675934, 0.012951792796, 0.090403591472],
      [0.029590066146, 0.029392163213, 0.93153361808, 0.0094841525626],
      [0.0014519351054, 0.35048353777, 0.274802339, 0.37326218812],
      [0.012460389304, 0.38089615425, 0.52784548622, 0.078797970227]
    ],
    [
      [0.28210286406, 0.10995680914, 0.60207236726, 0.0058679595385],
      [0.0094846005792, 0.89279247435, 0.0091700498521, 0.088552875221],
      [0.042142548284, 0.038186504612, 0.90788526592, 0.011785681179],
      [0.0019318580933, 0.37868838167, 0.23456857466, 0.38481118558],
      [0.015400577295, 0.44464603084, 0.44964667784, 0.090306714024]
    ],
    [
      [0.27774727701, 0.13307016305, 0.58314050625, 0.0060420536942],
      [0.0077403298473, 0.90208335133, 0.015558290706, 0.074618028113],
      [0.04190333458, 0.046850387255, 0.89887782191, 0.012368456253],
      [0.0015071446259, 0.43438860782, 0.18692409708, 0.37718015047],
      [0.013769747889, 0.49842001689, 0.40329681716, 0.084513418063]
    ],
    [
      [0.28052027984, 0.066210471575, 0.6491325367, 0.0041367118876],
      [0.013864525865, 0.88328379399, 0.020574403571, 0.082277276571],
      [0.041906057921, 0.019459696512, 0.92831547718, 0.010318768387],
      [0.0028142922491, 0.33311645712, 0.30335166531, 0.36071758532],
      [0.018995595932, 0.35572269119, 0.55441208655, 0.070869626327]
    ],
    [
      [0.27059489788, 0.11941166192, 0.6028425019, 0.0071509383016],
      [0.0080835135589, 0.88630641537, 0.0062712833722, 0.099338787703],
      [0.040087935754, 0.04125055828, 0.90453801929, 0.01412348668],
      [0.0016483007188, 0.36651499793, 0.21331620367, 0.41852049768],
      [0.01380115886, 0.45168167725, 0.43158000714, 0.10293715675]
    ],
    [
      [0.24158627531, 0.024748982146, 0.73334050934, 0.00032423320284],
      [0.04207654198, 0.87915912214, 0.038689322457, 0.040075013427],
      [0.027923331746, 0.0021788808343, 0.96942927854, 0.00046850888116],
      [0.00413842225, 0.22546934105, 0.63844493471, 0.13194730199],
      [0.018187428863, 0.15620049723, 0.80874083305, 0.016871240852]
    ],
    [
      [0.24882059281, 0.10378647715, 0.64260491494, 0.0047880151009],
      [0.0086269623608, 0.90133972478, 0.013825089271, 0.076208223586],
      [0.034628454622, 0.034134276437, 0.92200279089, 0.0092344780484],
      [0.0017374108536, 0.38977687556, 0.26480215925, 0.34368355434],
      [0.013421575218, 0.42109328042, 0.49270260753, 0.072782536831]
    ],
    [
      [0.3556072477, 0.10366104786, 0.53632376751, 0.0044079369264],
      [0.012703969785, 0.9085848937, 0.0059802357761, 0.072730900739],
      [0.058399240335, 0.039686001172, 0.89236092472, 0.0095538337721],
      [0.0028347726274, 0.41263062035, 0.24389893048, 0.34063567654],
      [0.020966134208, 0.45755300908, 0.44706294649, 0.074417910219]
    ],
    [
      [0.4714203972, 0.077634778677, 0.44573440231, 0.0052104218187],
      [0.014675080483, 0.86371941723, 0.012272528541, 0.10933297374],
      [0.076896300747, 0.035905175253, 0.87397190892, 0.013226615081],
      [0.0027866371265, 0.33319341008, 0.21389333963, 0.45012661317],
      [0.030091327108, 0.41166680011, 0.45207212579, 0.10616974699]
    ],
    [
      [0.3940663768, 0.18301192784, 0.41496028848, 0.0079614068833],
      [0.0099819917696, 0.86938434235, 0.057846352902, 0.062787312976],
      [0.068878125559, 0.07433183776, 0.83829742769, 0.018492608992],
      [0.00039449630583, 0.4961371014, 0.063764896638, 0.43970350566],
      [0.015693071537, 0.63031666728, 0.25928638202, 0.094703879172]
    ]
  ],
  "expected_outcome": [
    [
      [0.81129025015, 29.1013360887, 12.1300263539, 29.1244810214, 20.7251003194, 31.1900823187, 17.3842440922, 3.8910326868, 0.54581728863, 1.1591430963, 1.6268034328, 1.1856749842, 19.4661503641, 0.29804099767, 0.43597899544, 2.0071406571, 0, 26.7608119769, 19.0785666558, 3.1815639812, 45.8726344872, 17.0106272017, 42.8527950811, 40.7055641297, 36.7981342817, 8.4498304444, 30.973511821, 36.7390711401, 13.4402274925, 22.1904309769, 13.1761911285, 4.410295132, 10.529487029, 9.116187118, 8.5518434961, 21.0277650554, 8.980495817, 25.125062396, 52.4711327155, 26.6637385927, 2.5246825185, 65.7545601847, 1.9326902025, 10.9481060836, 22.4032566052, 157.9258330618, 29.9490446366],
      [0.051986606487, 9.7099068096, 7.0146030189, 7.8578082809, 5.1789292929, 9.1366721107, 5.9574292202, 0.58324073213, 0.18409982796, 1.5668074555, 0.94678074658, 1.5835223354, 6.8073789647, 0, 0.11671355826, 0.72499545374, 0, 11.4640320595, 8.0154153331, 1.5462636814, 16.1271824017, 6.7550858637, 11.6669036968, 14.6833387763, 19.1557332532, 1.2156319583, 12.3303240757, 10.6521111054, 3.2461257882, 8.6750223755, 5.5307842088, 1.2814174343, 6.5858255962, 5.478196089, 2.667445249, 5.5512556095, 4.6638313653, 10.3077071246, 20.4519665004, 12.7747356527, 0.59589424418, 29.0170338461, 0.19799185717, 4.5666049946, 6.530646015, 26.0076508567, 13.9089065158],
      [1.1276521992, 49.5177651767, 25.5156153825, 24.6575151774, 37.7402135979, 58.0484156499, 39.3169203486, 5.4847205895, 0.26616501728, 2.1933847881, 2.3818720328, 2.0997213949, 51.2801270643, 0.70195900233, 1.4089355525, 7.2231618875, 0, 55.1580770022, 38.4309942235, 6.1342476705, 64.2208672904, 35.8268035133, 95.8621997832, 93.8855932448, 91.9699875129, 16.2313968246, 78.1048958476, 74.0100459709, 25.1205414058, 54.7916168704, 19.987944942, 6.1757974596, 25.4705625434, 15.1450027424, 10.5986920945, 34.2605383099, 11.0843084812, 75.0008749362, 111.98546031, 55.9814886, 5.8421928303, 146.4907279619, 5.8667240747, 28.2746162574, 33.7883973534, 149.3210247723, 31.5369819244],
      [0.0090709442036, 0.6709919249, 0.3397552447, 0.36019552028, 0.35575678977, 0.62482992068, 0.34140633897, 0.041005991597, 0.0039178661262, 0.08066466018, 0.044543787792, 0.13108128547, 0.44634360688, 0, 0.038371893763, 0.04470200168, 0, 0.61707896145, 0.47502378762, 0.1379246669, 0.77931582063, 0.40748342125, 0.61810143897, 0.72550384929, 1.0761449521, 0.10314077272, 0.59126825573, 0.5987717836, 0.19310531355, 0.34292977723, 0.30507972066, 0.13248997415, 0.41412483129, 0.26061405055, 0.18201916037, 0.16044102518, 0.27136433649, 0.56635554309, 1.0914404742, 0.58003715464, 0.037230406988, 1.7376780073, 0.0025938656227, 0.21067266444, 0.27770002636, 1.7454913093, 0.60506692313]
    ],
    [
      [0.3538617771, 1.8184351264, 0.77085744866, 0.80763670344, 2.763208213, 1.8613105253, 1.1938835853, 0.35274142355, 0.073077224407, 0.062198176965, 0.26596655555, 0.081731170001, 1.3298079729, 0.5443245248, 0.19019141204, 0.072638651396, 0.095350570408, 5.8949924068, 3.8795014051, 0.67647315518, 6.7937646151, 3.4121732583, 4.9338273564, 2.2080914103, 2.3555271512, 2.1462968718, 3.6189622409, 6.3400238593, 5.6310452343, 3.9400562695, 2.4078191898, 1.6583552254, 1.3216862626, 1.7073667188, 2.9802231533, 2.6659420855, 2.3616446625, 2.6817552357, 4.2680702606, 1.3932593725, 0.2356969397, 9.8699700554, 0.79945429761, 0.8799501608, 3.3919599326, 17.4633457751, 0.56897353087],
      [5.543930582, 145.3098489422, 109.0936890637, 66.7497307315, 172.127334384, 131.6608598501, 99.6515919404, 14.8683114359, 7.7137741459, 49.7424105437, 43.5967796619, 21.4449368048, 114.578590305, 4, 4.6559174623, 7.9522985253, 4.9046494296, 649.8473125131, 434.2204236194, 90.920793889, 597.3651555255, 337.0817005091, 332.7639885916, 190.6217763752, 359.1965092329, 73.9555613186, 381.4500814869, 445.2024483091, 397.5083239145, 387.970140103, 248.3688125666, 192.0698161376, 224.6820776667, 248.4161223607, 313.2118254669, 170.5585198695, 324.6919322487, 287.8311002614, 401.7566134565, 162.3750032401, 15.0158244979, 1082.1801331619, 16.7040233206, 91.9366519278, 242.5921666178, 1027.8261065075, 49.5549075141],
      [0.43478069043, 2.1440627655, 1.495392733, 1.3294293177, 2.3623504451, 1.8888960862, 1.7863611508, 0.074931692647, 0.03552218964, 0.041930403122, 0.066079886701, 0.061653076615, 3.3006980782, 0.4556754752, 0.010423978578, 0.38215478625, 0, 4.4188731707, 2.7112337276, 0.57495936555, 3.345959793, 2.337841463, 4.0369996914, 4.6625606739, 2.8973799149, 1.576416089, 3.5316815914, 4.6631079244, 4.1181106588, 3.7902464661, 1.1538458976, 0.4927619149, 1.3879411953, 0.8692756668, 1.2427718214, 1.2310815406, 0.72791233413, 4.1963808659, 4.1265224334, 2.800492327, 0.34976486071, 7.6572369974, 0.73509712668, 1.4101591057, 1.5967229522, 14.604308964, 3.2972421154],
      [0.66742695046, 18.727653166, 9.6400607546, 5.1132032474, 21.7471069578, 16.5889335384, 10.3681633235, 1.7040154479, 0.17762644002, 5.1534608762, 4.0711738958, 3.4116789486, 13.7909036439, 0, 1.1434671471, 0.59290803709, 0, 62.8388219095, 45.188841248, 15.8277735902, 53.4951200664, 37.1682847697, 32.2651843606, 17.5075715407, 35.550583701, 10.3217257206, 33.3992746809, 45.7944199072, 36.7425201924, 29.2995571614, 25.069522346, 21.7790667221, 26.6082948754, 22.0072352537, 31.5651795585, 10.5444565044, 33.2185107546, 29.2907636371, 39.8487938495, 13.4312450604, 1.3987137017, 121.2926597854, 0.76142525512, 7.7732388058, 19.4191504973, 130.1062387534, 3.5788768396]
    ],
    [
      [0.75974995737, 23.1765116134, 11.8420133279, 14.5976839314, 22.5311461356, 23.2259017909, 14.7872294873, 4.6352695132, 0.36009881797, 0.7527301345, 1.0285487286, 0.71422899237, 15.3932320088, 0.15763447753, 0.37175434769, 0.82233098042, 0.81397463491, 21.8817579238, 20.0063050368, 3.9613066271, 38.4334736171, 13.759195094, 22.1258813817, 32.7990006215, 15.9419994278, 4.8220474064, 14.2618668586, 19.6295973773, 7.1828453261, 11.9866559115, 11.8256366194, 1.7421943916, 6.6073724058, 4.7951424246, 7.8248655193, 15.5659431841, 6.170987797, 17.1030582324, 43.8703927641, 17.2641738469, 2.1791150119, 47.7447314825, 1.1727799333, 9.7305957487, 17.2861751393, 98.3503686548, 12.2603063494],
      [0.12548669359, 17.8674236462, 15.5649949074, 10.2687878678, 13.3143875238, 15.6076658604, 11.5710162739, 1.379851295, 0.22268807544, 2.1257452147, 0.97900268062, 1.9744029674, 12.4592615824, 0, 0.067490936517, 0.72947024775, 0.23676202637, 22.8377147939, 21.8641228781, 5.9346548619, 31.7418599919, 12.8500247432, 14.1772069305, 27.3556551252, 22.055404592, 1.3262032652, 14.3908955305, 12.9428827182, 2.3039960161, 10.8478566827, 11.8755781882, 0.74206158238, 9.7464718116, 6.009969453, 7.3359376365, 9.7653889643, 7.1593208446, 16.9886703371, 39.7521513014, 19.3023595492, 1.0119042186, 49.1294149116, 0.091512995039, 9.5917316787, 11.747056347, 45.9227191491, 13.2310671213],
      [11.8829328894, 396.9128035686, 253.0141341104, 140.5408041759, 422.75365901, 433.9130220821, 337.6192919182, 68.1582391211, 2.3989724359, 14.4697560078, 14.6434231284, 14.2250658198, 417.1611808465, 3.8423655225, 14.1860850166, 32.1201891466, 1.9492633387, 458.4036163518, 415.1738251108, 80.6336575799, 546.0346470983, 293.9094931351, 502.4039869706, 768.045258271, 423.4017165247, 92.9921477313, 370.6452238874, 398.1386048429, 136.1169575933, 300.7892460141, 182.5338761748, 21.8300446501, 164.1645161729, 81.3664168046, 100.3751010578, 255.36599843, 78.1233972106, 538.4264312493, 945.1085618271, 370.3376626279, 48.2724048134, 1077.3047809703, 40.7160296986, 259.082784241, 264.1388337171, 1117.8100715073, 149.2169421287],
      [0.23183045967, 7.0432611718, 4.5788576543, 2.5927240248, 5.4008073306, 6.2534102666, 4.0224623206, 0.8266400706, 0.018240670697, 0.65176864292, 0.34902546239, 1.0863022205, 4.9863255623, 0, 0.37466969922, 0.32800962518, 0, 6.8769109305, 6.9557469742, 2.4703809311, 8.7900192927, 4.4812870277, 4.2929247172, 7.8000859823, 6.6008794555, 0.85960159715, 3.7020137234, 4.2889150615, 1.3962010645, 2.3762413917, 3.7649090176, 0.68569937588, 3.4816396097, 1.8284713177, 2.4640957864, 1.3026694216, 2.5462941478, 5.4818401812, 12.2688941075, 5.0958039761, 0.5365759561, 16.8210726356, 0.019677373009, 2.5948883316, 2.8279347965, 16.9168406888, 3.2916844005]
    ],
    [
      [0.04365802719, 0.083302262333, 0.03230597222, 0.032648900379, 0.14641537912, 0.057992900933, 0.035446577706, 0.011608238985, 0.021006668991, 0.0057340729817, 0.0030634605947, 0.0020302283049, 0.017788906731, 0, 0.0020752448265, 0.0034064710301, 0.090674794679, 0.13934455336, 0.087584940532, 0.035605860586, 0.22797802292, 0.083688260172, 0.16187475987, 0.14244546203, 0.072078757315, 0.062341862382, 0.087352162617, 0.1734677105, 0.096752151717, 0.092479956741, 0.08913140318, 0.01880042645, 0.053806777837, 0.037662368026, 0.060999635348, 0.089793557138, 0.047112579701, 0.13067415949, 0.1429574989, 0.031650037144, 0.022514337993, 0.2983424301, 0.00413842225, 0.052122325609, 0.12189522298, 0.2953835354, 0.0019724815291],
      [1.0985492096, 13.6868707898, 9.4525501665, 5.5560599403, 19.3419325649, 9.0186825918, 6.4651900127, 0.8896901675, 1.8794379507, 4.5604959887, 0.81966862781, 1.0635976828, 4.3555195939, 0, 0.15987804291, 0.64375784323, 0.85858854404, 31.4013932941, 20.1689005286, 9.2378090998, 40.4859792062, 16.9145992033, 22.2220526071, 26.6602812333, 21.6711810705, 4.2435886614, 18.4114316013, 24.9469176328, 14.4555423534, 18.3544551448, 18.8477938496, 4.673139182, 18.5860071464, 11.3258347577, 13.6019382507, 11.3782797775, 13.5316547976, 31.5435183995, 28.0229402436, 9.1221607642, 2.664931657, 66.3392146258, 0.22546934105, 11.6933062668, 17.7431166751, 35.3185014682, 2.480685507],
      [1.8116545155, 8.062243898, 3.8835448029, 1.9805816441, 15.1354299311, 6.1511793928, 4.5020456413, 0.97571636999, 0.29934035719, 0.73188191387, 0.25629585495, 0.15884817986, 1.9931149958, 0, 0.39455545232, 0.81292791054, 0.050736661285, 16.5302167336, 10.2372804064, 3.4973623116, 18.3818444583, 10.0535697764, 20.5911092469, 18.9911064546, 11.4800529447, 6.5315341113, 13.0271117611, 19.6615239457, 10.5269123222, 13.1917698914, 7.5308192547, 1.4199676242, 8.3232029648, 3.5269167627, 4.4452498153, 8.1728407745, 3.3527252235, 24.7322105098, 17.3580745246, 3.9254060388, 2.4268133225, 38.6102328639, 0.63844493471, 7.9440647775, 10.4876540105, 22.6726940006, 0.31882448319],
      [2.0461382477, 18.1675830499, 8.6315990584, 4.4307095152, 25.3762221249, 11.7721451144, 6.9973177683, 1.1229852235, 0.80021502316, 4.7018880244, 0.92097205664, 1.7755239091, 5.6335765036, 0, 0.44349125995, 0.53990777519, 0, 30.9290454189, 21.5062341244, 18.2292227279, 36.9041983126, 18.9481427601, 22.0249633861, 25.2061668501, 21.7766872275, 6.1625353649, 16.474104475, 26.218090711, 13.9207931727, 14.3612950071, 19.5322554925, 5.8880927673, 23.036983111, 10.1095861115, 13.8918122986, 7.3590858908, 14.0685073992, 33.5935969312, 28.4760277329, 7.9207831599, 2.8857406825, 75.7522100802, 0.13194730199, 10.3105066301, 14.6473340914, 47.7134209958, 2.1985175283]
    ],
    [
      [0.031439988189, 0.82041490914, 0.22479689728, 0.43754944333, 0.83412995287, 0.66471246409, 0.59919625758, 0.10934813741, 0, 0.020194519301, 0.075617822494, 0.016334625105, 0.79302074748, 0, 0, 0.094483240027, 0, 1.3230931392, 0.94804196181, 0.14505037589, 1.6721492576, 0.73431618593, 0.92562142099, 1.1448983765, 0.83226038198, 0.51948341501, 1.0583069169, 1.1178399127, 0.64912979533, 0.79037688543, 0.50122165911, 0.1703548245, 0.48764752475, 0.34364137052, 0.58206819599, 0.65055611785, 0.43975914386, 0.95944997643, 1.2474467609, 0.64717815077, 0.037991191864, 2.3323958474, 0.090937144315, 0.38922568131, 0.79671309991, 4.9650689729, 0.21970300152],
      [0.1800469083, 20.4259498122, 9.8741628435, 9.5676131794, 16.0374162343, 14.576119587, 15.3547725528, 1.2789063694, 0, 2.0045407973, 3.6577682831, 1.9335402097, 20.799249554, 0, 0, 2.94947793, 0, 44.4495473394, 32.7311376408, 6.3604784679, 44.2798228747, 22.3985896807, 19.169848174, 30.67894849, 34.9211718514, 5.2590147965, 32.4172673056, 24.2556402344, 13.4860119279, 23.152525694, 16.3770311868, 6.2335656637, 22.3996177791, 15.7698773395, 19.1828533969, 12.7465557792, 18.9532607437, 29.3290038773, 36.0163284982, 23.4257407939, 0.71144538237, 76.3342034546, 0.78100248615, 12.2117051321, 17.387014345, 67.9250220186, 8.8244333419],
      [0.74297970558, 19.3631245912, 6.0913129712, 5.4916696849, 22.0083470159, 16.998486789, 18.7753809411, 2.3063922268, 0, 0.5630468871, 1.6523290971, 0.45471152885, 28.2648790152, 0, 0, 4.4615662691, 0, 38.4892167418, 27.4466665317, 4.1597730724, 33.01668136, 21.8722921122, 29.1057043079, 36.4154813558, 30.2508631028, 13.6685052439, 37.6910869126, 31.5267173162, 17.1174780199, 27.437120758, 10.7935137309, 3.0814283513, 16.6537771236, 8.0923880235, 10.338185211, 14.969540945, 7.7116567505, 40.6441024388, 36.4213809049, 18.9549504064, 1.1088241731, 72.9370212065, 4.0437041653, 14.2883756185, 16.9883919667, 74.5919007558, 3.6300093482],
      [0.045533397933, 5.3905106875, 1.809727288, 1.5031676924, 4.1201067969, 3.7606811599, 3.2706502486, 0.30535326641, 0, 0.41221779625, 0.61428479735, 0.59541363637, 5.1428506833, 0, 0, 0.49447256085, 0, 8.7381427797, 6.8741538657, 2.3346980838, 8.0313465077, 4.9948020212, 3.7988260971, 5.7606717777, 6.9957046639, 1.5529965446, 5.8333388649, 5.0998025366, 2.7473802569, 3.6199766625, 3.3282334232, 1.5146511605, 5.4589575726, 2.7940932665, 3.8968931961, 1.633347158, 3.8953233619, 6.0674437075, 7.314843836, 3.972130649, 0.14173925265, 17.3963794916, 0.084356204261, 2.1106935681, 2.8278805883, 17.5180082528, 1.3258543084]
    ]
  ],
  "prob": [
    [0.31321475695, 0.10764188506, 0.57318182464, 0.0059615333497],
    [0.0099978067812, 0.88992740454, 0.008783758267, 0.091291030411],
    [0.047219364502, 0.038957023809, 0.90129414275, 0.012529468943],
    [0.002065799748, 0.3758714916, 0.22442561592, 0.39763709273],
    [0.016778636976, 0.44653587511, 0.44323423942, 0.093451248491]
  ],
  "iterations": 195,
  "logLik": -1223.9550613116,
  "time": 0.223148,
  "message": "Converged",
  "status": 0,
  "miniter": 0,
  "maxiter": 1000,
  "maxtime": 3600,
  "param_threshold": 0.001,
  "ll_threshold": "-Inf",
  "initial_prob": "group_proportional",
  "adjust_prob_cond_method": "project_lp",
  "adjust_prob_cond_every": false,
  "cond_prob_inv": [
    [
      [0.42243074857, 0.52233908923, 0.47709720775, 0.63089078489, 0.44199041157, 0.54153352914, 0.50483870977, 0.43141273155, 0.53073726713, 0.55275623506, 0.55031138201, 0.59035841755, 0.51540721207, 0.45335877628, 0.46382792464, 0.66993001938, 0, 0.47813462693, 0.43598877633, 0.40496960611, 0.48782122219, 0.4852141987, 0.60356211576, 0.52015698495, 0.65145903386, 0.52993706489, 0.61611265087, 0.57526204842, 0.51960749924, 0.56718110582, 0.4691440965, 0.57332497735, 0.54108046849, 0.56814624799, 0.44183441423, 0.52146226397, 0.50160417042, 0.52956433483, 0.50712061172, 0.57394377004, 0.50750314875, 0.51561811643, 0.49615063234, 0.4880823238, 0.50464460948, 0.52549704679, 0.70249618446],
      [0.1143970096, 0.027316030298, 0.025831189696, 0.019018665255, 0.048926721645, 0.027575994419, 0.029087028182, 0.03311784105, 0.071848414542, 0.062198176965, 0.08432437501, 0.02419517498, 0.030421299837, 0.2718275734, 0.050243290968, 0.017883613607, 0.13779691764, 0.089356115963, 0.074173641762, 0.066108881182, 0.063875300766, 0.082225872437, 0.059510547631, 0.023474741704, 0.039292538805, 0.11821526578, 0.064507326469, 0.083536709658, 0.15684242058, 0.08745976996, 0.07141920274, 0.14103828934, 0.066527244976, 0.088633665203, 0.11810107743, 0.056836471796, 0.10609506004, 0.052699202362, 0.035570076744, 0.025340021974, 0.038648557882, 0.068784341577, 0.13216826688, 0.033052640429, 0.066152788554, 0.071891211683, 0.014459476095],
      [0.42705443568, 0.43383111219, 0.48622362464, 0.34000363668, 0.48757135761, 0.4181169311, 0.447735358, 0.52185659839, 0.38319371171, 0.36951908481, 0.33955058986, 0.37588097985, 0.4328099999, 0.27481365032, 0.48313707168, 0.27981263582, 0.84424876317, 0.40599405002, 0.46635435409, 0.50544127188, 0.4270940742, 0.40875024167, 0.32080517955, 0.43942869375, 0.29311656046, 0.31331790789, 0.29626259566, 0.32007669288, 0.29443970655, 0.32212791532, 0.43724256215, 0.26204942398, 0.36241780336, 0.31878745649, 0.40824187429, 0.40255298605, 0.36507576214, 0.39297501886, 0.44333046685, 0.38633447801, 0.43970641126, 0.39401529332, 0.34797319713, 0.45856913798, 0.40745842017, 0.38361244511, 0.27872144783],
      [0.019300991505, 0.002417105923, 0.0020715810644, 0.0013483369691, 0.0048932267423, 0.0016072742533, 0.0016553462331, 0.0020579473203, 0.014220606617, 0.0052689810113, 0.0015783122648, 0.0013882260235, 0.00074017697114, 0, 0.0027917127037, 0.0018172271763, 0.017954319194, 0.0040309492496, 0.0032055962101, 0.0064658271748, 0.0040249304813, 0.0038509570472, 0.0036664494638, 0.0029740047201, 0.0022341237045, 0.0061171457993, 0.002899869928, 0.0043393237294, 0.0056434177127, 0.003882554266, 0.0050275080257, 0.0036287980187, 0.0051489370448, 0.0037793905454, 0.004832266856, 0.0036366903642, 0.004178653147, 0.0052181164006, 0.002262804497, 0.0010648537484, 0.0061459347598, 0.0039199991014, 0.001709139936, 0.0038861489595, 0.0044895555814, 0.0018656029203, 0],
      [0.016816814645, 0.014096662361, 0.0087763968558, 0.0087385762028, 0.016618282435, 0.01116627109, 0.016683557809, 0.011554881692, 0, 0.010257522155, 0.02423534085, 0.0081772016005, 0.020621311216, 0, 0, 0.030556504024, 0, 0.022484257838, 0.020277631601, 0.01701441365, 0.017184472369, 0.019958730143, 0.012455707596, 0.013965574871, 0.013897743169, 0.032412615635, 0.020217557069, 0.016785225318, 0.023466955924, 0.019348654637, 0.017166630588, 0.019958511304, 0.024825546122, 0.020653239772, 0.026990367189, 0.015511587818, 0.023046354254, 0.019543327548, 0.011716040182, 0.013316876234, 0.0079959473489, 0.017662249567, 0.021998763713, 0.016409748822, 0.017254626217, 0.017133693493, 0.0043228916093]
    ],
    [
      [0.0089486417606, 0.050967511786, 0.049666114795, 0.085984221426, 0.024314310294, 0.054282021113, 0.046463480701, 0.033390370581, 0.023039412074, 0.029662658192, 0.021561097996, 0.060160644306, 0.046075369213, 0, 0.0353941779, 0.061571812806, 0, 0.015614431024, 0.015546361358, 0.01324157994, 0.023299230946, 0.018003740108, 0.030550045703, 0.055508931415, 0.043082001835, 0.01564250625, 0.028055439541, 0.021929820276, 0.007518644024, 0.020742049928, 0.019125515115, 0.0042770543008, 0.025335463218, 0.020535161489, 0.006139983692, 0.028230119963, 0.013037774774, 0.029653023114, 0.041591008804, 0.060680884583, 0.03203564315, 0.023770502425, 0.010748208623, 0.038452720989, 0.02359543258, 0.02418803421, 0.17574548982],
      [0.77192663079, 0.69840661, 0.7170882272, 0.66009285944, 0.76070869395, 0.72860926115, 0.71185306662, 0.78054706495, 0.77636996314, 0.83013932044, 0.87246780794, 0.76669166134, 0.71124509858, 1, 0.91188398611, 0.58757040258, 0.81036718039, 0.8554916673, 0.84030185973, 0.79865052837, 0.81935010416, 0.85160419903, 0.83240968389, 0.64974995813, 0.78527985514, 0.85910657761, 0.83119732573, 0.8598947414, 0.92569561681, 0.86454797774, 0.8259385624, 0.94168528936, 0.79682312632, 0.86628759597, 0.88130301085, 0.81529323211, 0.8808952676, 0.7645500311, 0.7625908101, 0.70909693696, 0.74242172908, 0.83111940222, 0.93263231764, 0.70403161023, 0.82087153441, 0.85543361265, 0.5314387965],
      [0.035853341027, 0.086404535062, 0.10518558816, 0.10383237345, 0.060866322872, 0.086786721603, 0.084978178389, 0.080137926298, 0.025989032659, 0.03419423573, 0.017504630148, 0.066466999854, 0.080792372598, 0, 0.026996374607, 0.061249093103, 0.039495578286, 0.030202410095, 0.043282256696, 0.050991118074, 0.043273972689, 0.032385715576, 0.036398493689, 0.096409254931, 0.049923424816, 0.020817367965, 0.032025523741, 0.024878850857, 0.00087430992018, 0.023206862716, 0.039886526888, 0, 0.034913140742, 0.019231926916, 0.020147622987, 0.043671850208, 0.017924484179, 0.045981711415, 0.07532092548, 0.086229332959, 0.056758756834, 0.037356879146, 0.01016811056, 0.074564666799, 0.038959118848, 0.036408561796, 0.16287404929],
