{
  "Z_true": {},
  "V_true": [
    [14, 34, 401, 542],
    [1433, 532, 670, 97],
    [585, 3713, 475, 341],
    [313, 120, 18668, 837],
    [152, 615, 371, 409],
    [136, 193, 790, 425]
  ],
  "p_true": [
    [0.0141, 0.0343, 0.4046, 0.5469],
    [0.5245, 0.1947, 0.2452, 0.0355],
    [0.1144, 0.726, 0.0929, 0.0667],
    [0.0157, 0.006, 0.9363, 0.042],
    [0.0983, 0.3975, 0.2398, 0.2644],
    [0.0881, 0.125, 0.5117, 0.2753]
  ],
  "Z_est": {},
  "V_est": [
    [0, 0, 0, 991],
    [2487.2718, 0, 244.7282, 0],
    [134.4464, 4364.9897, 614.5639, 0],
    [0, 0, 19938, 0],
    [11.2818, 842.0103, 0, 693.7079],
    [0, 0, 577.7079, 966.2921]
  ],
  "p_est": [
    [0, 0, 0, 1],
    [0.9104, 0, 0.0896, 0],
    [0.0263, 0.8535, 0.1202, 0],
    [0, 0, 1, 0],
    [0.0073, 0.5443, 0, 0.4484],
    [0, 0, 0.3742, 0.6258]
  ],
  "EI_Z": {},
  "EI_V": 14.4914,
  "MAE_Z": {},
  "MAE_V": 384.8196,
  "MAE_p": 0.1449,
  "runtime": 0.0252
}
