{
  "X": [
    [21, 117, 194, 21],
    [1, 20, 117, 5],
    [13, 110, 195, 17],
    [1, 11, 4, 1],
    [17, 41, 128, 9],
    [3, 29, 59, 6],
    [31, 218, 471, 49],
    [13, 127, 184, 14],
    [55, 268, 638, 64],
    [6, 29, 45, 7],
    [5, 21, 27, 5],
    [14, 52, 118, 7],
    [4, 22, 11, 1],
    [8, 31, 152, 9],
    [43, 155, 211, 15],
    [10, 53, 124, 7],
    [12, 140, 144, 25],
    [17, 175, 180, 42],
    [6, 52, 92, 5],
    [36, 213, 293, 36],
    [41, 359, 505, 60],
    [9, 16, 54, 5],
    [55, 168, 323, 35],
    [2, 12, 16, 1],
    [5, 18, 31, 2],
    [21, 158, 218, 15],
    [141, 568, 1227, 93],
    [56, 243, 670, 50],
    [17, 75, 43, 2],
    [1, 8, 10, 1],
    [131, 359, 877, 78],
    [51, 233, 465, 40],
    [2, 17, 84, 3],
    [1, 22, 47, 9],
    [6, 27, 38, 4],
    [0, 5, 1, 0],
    [30, 207, 409, 69],
    [1, 4, 10, 0],
    [2, 9, 11, 0],
    [13, 112, 45, 16],
    [2, 13, 24, 0],
    [4, 41, 47, 4],
    [12, 39, 99, 12],
    [0, 6, 26, 2],
    [14, 92, 190, 23],
    [0, 1, 14, 6],
    [23, 99, 83, 13],
    [34, 118, 180, 16],
    [8, 17, 37, 12],
    [5, 28, 48, 5],
    [1, 2, 4, 0],
    [47, 246, 633, 55],
    [9, 38, 122, 14],
    [3, 7, 36, 5],
    [11, 58, 116, 9],
    [0, 26, 9, 1],
    [27, 106, 369, 48],
    [0, 6, 2, 1],
    [22, 66, 48, 3],
    [3, 8, 14, 1],
    [14, 54, 186, 21],
    [3, 12, 17, 5],
    [15, 103, 187, 9],
    [2, 17, 39, 3],
    [5, 19, 10, 0],
    [22, 101, 65, 9],
    [1, 15, 6, 2],
    [7, 10, 74, 3],
    [24, 125, 301, 32],
    [104, 169, 335, 24],
    [0, 1, 10, 0],
    [4, 40, 35, 3],
    [42, 201, 301, 19],
    [0, 7, 53, 3],
    [8, 17, 59, 7],
    [12, 38, 99, 10],
    [11, 25, 99, 3],
    [1, 25, 33, 1],
    [1, 12, 13, 6],
    [0, 3, 6, 0],
    [0, 7, 15, 2],
    [2, 20, 8, 1],
    [24, 130, 234, 31],
    [3, 19, 34, 4],
    [8, 30, 60, 4],
    [15, 47, 105, 5],
    [4, 88, 139, 9],
    [14, 32, 74, 5],
    [7, 13, 69, 6],
    [0, 43, 84, 3],
    [2, 12, 59, 1],
    [1, 2, 4, 0],
    [4, 18, 6, 3],
    [19, 59, 68, 10],
    [95, 212, 761, 68],
    [4, 30, 78, 11],
    [9, 21, 43, 5],
    [82, 264, 755, 58],
    [11, 23, 72, 0],
    [1, 18, 53, 7],
    [70, 213, 608, 109],
    [17, 51, 127, 6],
    [7, 20, 38, 2],
    [8, 47, 88, 7],
    [6, 14, 7, 5],
    [3, 72, 97, 9],
    [212, 1027, 2261, 174],
    [39, 154, 245, 25],
    [201, 561, 1037, 111],
    [41, 73, 160, 9]
  ],
  "W": [
    [17, 24, 106, 172, 23, 11],
    [5, 6, 13, 106, 6, 7],
    [9, 13, 84, 182, 28, 19],
    [0, 0, 7, 4, 3, 3],
    [13, 19, 34, 102, 17, 10],
    [4, 4, 19, 49, 11, 10],
    [10, 39, 197, 415, 53, 55],
    [11, 12, 113, 149, 30, 23],
    [44, 49, 250, 540, 78, 64],
    [1, 7, 24, 39, 7, 9],
    [1, 6, 20, 22, 5, 4],
    [11, 14, 40, 100, 16, 10],
    [0, 4, 19, 8, 4, 3],
    [5, 7, 30, 142, 8, 8],
    [14, 45, 130, 184, 25, 26],
    [12, 16, 39, 102, 14, 11],
    [8, 12, 110, 119, 45, 27],
    [13, 16, 159, 155, 39, 32],
    [5, 10, 41, 82, 9, 8],
    [21, 34, 174, 266, 41, 42],
    [26, 38, 308, 447, 87, 59],
    [1, 6, 21, 47, 7, 2],
    [31, 70, 137, 285, 25, 33],
    [1, 1, 5, 17, 5, 2],
    [0, 5, 14, 31, 4, 2],
    [6, 20, 137, 182, 38, 29],
    [102, 171, 503, 1091, 94, 68],
    [62, 76, 224, 584, 42, 31],
    [0, 36, 42, 40, 6, 13],
    [0, 1, 6, 10, 1, 2],
    [84, 111, 308, 798, 86, 58],
    [31, 61, 175, 441, 46, 35],
    [4, 2, 11, 71, 10, 8],
    [4, 1, 12, 44, 16, 2],
    [1, 5, 21, 38, 5, 5],
    [0, 0, 4, 1, 1, 0],
    [35, 41, 181, 363, 40, 55],
    [0, 0, 5, 8, 1, 1],
    [0, 3, 10, 7, 1, 1],
    [2, 3, 102, 41, 23, 15],
    [2, 4, 7, 24, 1, 1],
    [4, 9, 30, 37, 9, 7],
    [9, 7, 37, 90, 10, 9],
    [1, 1, 5, 24, 1, 2],
    [11, 22, 77, 166, 27, 16],
    [9, 0, 0, 8, 0, 4],
    [2, 26, 86, 72, 18, 14],
    [13, 37, 87, 153, 32, 26],
    [7, 7, 13, 37, 5, 5],
    [5, 13, 14, 41, 9, 4],
    [0, 0, 3, 4, 0, 0],
    [32, 50, 229, 576, 56, 38],
    [10, 12, 37, 106, 9, 9],
    [6, 0, 7, 28, 7, 3],
    [6, 18, 38, 101, 14, 17],
    [0, 2, 22, 5, 2, 5],
    [33, 22, 105, 319, 25, 46],
    [0, 4, 2, 1, 2, 0],
    [0, 33, 44, 45, 5, 12],
    [0, 3, 6, 15, 0, 2],
    [20, 15, 35, 169, 22, 14],
    [1, 2, 8, 14, 6, 6],
    [7, 16, 83, 175, 25, 8],
    [2, 5, 12, 37, 1, 4],
    [0, 2, 15, 7, 7, 3],
    [7, 32, 85, 49, 7, 17],
    [0, 3, 10, 5, 2, 4],
    [11, 5, 11, 62, 3, 2],
    [30, 15, 117, 261, 33, 26],
    [13, 74, 167, 296, 50, 32],
    [3, 0, 1, 7, 0, 0],
    [4, 7, 30, 25, 13, 3],
    [19, 35, 149, 286, 38, 36],
    [2, 1, 5, 48, 5, 2],
    [11, 9, 12, 43, 7, 9],
    [7, 13, 32, 84, 7, 16],
    [7, 11, 24, 83, 10, 3],
    [2, 0, 17, 34, 4, 3],
    [0, 4, 9, 15, 0, 4],
    [0, 0, 1, 4, 3, 1],
    [3, 0, 10, 8, 0, 3],
    [1, 0, 19, 7, 1, 3],
    [12, 25, 115, 193, 48, 26],
    [1, 6, 13, 35, 2, 3],
    [2, 5, 24, 58, 8, 5],
    [17, 14, 38, 84, 7, 12],
    [6, 11, 55, 124, 36, 8],
    [5, 9, 32, 70, 6, 3],
    [7, 6, 15, 58, 2, 7],
    [6, 0, 31, 83, 4, 6],
    [3, 4, 10, 52, 4, 1],
    [0, 0, 2, 4, 1, 0],
    [0, 4, 15, 6, 2, 4],
    [2, 22, 50, 52, 11, 19],
    [72, 96, 190, 692, 36, 50],
    [10, 5, 28, 69, 0, 11],
    [4, 5, 19, 43, 2, 5],
    [74, 89, 222, 663, 57, 54],
    [4, 8, 23, 61, 8, 2],
    [4, 1, 13, 48, 8, 5],
    [82, 49, 199, 537, 53, 80],
    [3, 20, 51, 114, 7, 6],
    [3, 6, 17, 32, 7, 2],
    [7, 11, 41, 74, 9, 8],
    [0, 5, 8, 7, 3, 9],
    [2, 6, 67, 87, 9, 10],
    [125, 262, 869, 2028, 230, 160],
    [15, 36, 146, 215, 24, 27],
    [71, 208, 509, 896, 101, 125],
    [6, 55, 61, 146, 3, 12]
  ],
  "method": "mvn_cdf",
  "mvncdf_method": "genz",
  "mvncdf_samples": 5000,
  "mvncdf_error": 1e-06,
  "cond_prob": [
    [
      [0.083502337064, 0.0043739478058, 0.50203912975, 0.41008458538],
      [0.59088690833, 0.30888493815, 0.067450471354, 0.032777682161],
      [0.015311070125, 0.8052321742, 0.14122976985, 0.038226985823],
      [0.0021612336533, 0.048258943319, 0.94726156882, 0.0023182542038],
      [0.1020731834, 0.55238116461, 0.20599867892, 0.13954697307],
      [0.096071420907, 0.28658989727, 0.10992803856, 0.50741064326]
    ],
    [
      [0.016532227974, 0.003026056206, 0.80260053295, 0.17784118287],
      [0.12728791029, 0.50018042341, 0.25122074703, 0.12131091926],
      [0, 0.70959773271, 0.27014991001, 0.020252357283],
      [0, 0.021901679905, 0.97741213432, 0.00068618578008],
      [0.02560189973, 0.4921504664, 0.40615854921, 0.076089084662],
      [0, 0.35493368357, 0.27501235576, 0.37005396067]
    ],
    [
      [0.082132856662, 0.0058264586602, 0.56230598107, 0.34973470361],
      [0.53096159479, 0.37480578054, 0.068655972062, 0.025576652603],
      [0.011750417606, 0.83926165857, 0.1234076774, 0.025580246424],
      [0.001460090798, 0.055785560036, 0.9394659733, 0.0032883758622],
      [0.084475626268, 0.62090329086, 0.19411664891, 0.10050443396],
      [0.091590232533, 0.37046543865, 0.11907370111, 0.4188706277]
    ],
    [
      [0.14179028971, 0.012776134756, 0.52701923047, 0.31841434506],
      [0.64966825889, 0.32125646359, 0.020963891638, 0.0081113858852],
      [0.065602924666, 0.91538328289, 0, 0.019013792443],
      [0.0038675637546, 0.106891347, 0.88803849344, 0.0012025958083],
      [0.070745665617, 0.8045193993, 0.083638179314, 0.041096755772],
      [0.10435742516, 0.58373114462, 0.065643829437, 0.24626760078]
    ],
    [
      [0.073050846083, 0.0028610754533, 0.72489754492, 0.19919053354],
      [0.62625670924, 0.24082671838, 0.11384676798, 0.019069804399],
      [0.01753989262, 0.69452119062, 0.26346940009, 0.024469516667],
      [0.0043260421806, 0.023861500547, 0.97061582593, 0.0011966313406],
      [0.10990740758, 0.44513443137, 0.36124135887, 0.083716802177],
      [0.1245422945, 0.27722194998, 0.23113663752, 0.367099118]
    ],
    [
      [0.043769648412, 0.0046318894278, 0.72377665461, 0.22782180755],
      [0.42568824862, 0.42970754264, 0.12109994501, 0.023504263733],
      [0, 0.7950177582, 0.17860022198, 0.026382019826],
      [0, 0.035966799859, 0.96259555654, 0.0014376436012],
      [0.044213872839, 0.59464025267, 0.28540381435, 0.075742060146],
      [0.063581581064, 0.38538888935, 0.19204651557, 0.35898301401]
    ],
    [
      [0.055767165396, 0.003516133515, 0.58722105598, 0.35349564511],
      [0.52127764082, 0.33334722947, 0.10669401235, 0.038681117357],
      [0.0095257793479, 0.75607645154, 0.19461435066, 0.039783418451],
      [0, 0.034938569494, 0.96316781964, 0.0018936108689],
      [0.077981691165, 0.50589433823, 0.2766437623, 0.1394802083],
      [0.074598039829, 0.26736962718, 0.15001693323, 0.50801539976]
    ],
    [
      [0.069538472877, 0.0049101886647, 0.7045353255, 0.22101601295],
      [0.51758612067, 0.36436062508, 0.099180255409, 0.018872998849],
      [0.011244551281, 0.79863407265, 0.17575912411, 0.014362251957],
      [0.0009928180894, 0.040321590933, 0.95868559098, 0],
      [0.079442095855, 0.57975127279, 0.26969635279, 0.071110278571],
      [0.096618099332, 0.38815456441, 0.18539668221, 0.32983065405]
    ],
    [
      [0.079470937681, 0.0033119619301, 0.61047242951, 0.30674467088],
      [0.6175533361, 0.26171665492, 0.092634947925, 0.028095061057],
      [0.017792300124, 0.73664372882, 0.21001057325, 0.035553397805],
      [0.0017929254696, 0.030943333565, 0.96498756309, 0.0022761778725],
      [0.11151616607, 0.4778666434, 0.2888304134, 0.12178677713],
      [0.11138514898, 0.26384729795, 0.16367814102, 0.46108941205]
    ],
    [
      [0.070769132417, 0.0040567460695, 0.5518649001, 0.37330922141],
      [0.58282810944, 0.30961322656, 0.076796014115, 0.030762649885],
      [0.013372987596, 0.79469517372, 0.15734842117, 0.034583417512],
      [0.0027142309606, 0.034991095236, 0.95846944701, 0.0038252267956],
      [0.091127422746, 0.5465987819, 0.2329578566, 0.12931593875],
      [0.087192825836, 0.28501359013, 0.12479860705, 0.50299497698]
    ],
    [
      [0.065142387798, 0.0031771248255, 0.46988468798, 0.4617957994],
      [0.62346134457, 0.26662456104, 0.071114718395, 0.038799375998],
      [0.015065508712, 0.77215069504, 0.16398079948, 0.048802996773],
      [0.0044912591911, 0.028008619054, 0.96709684754, 0.00040327421431],
      [0.097535839243, 0.49750524261, 0.22904526964, 0.17591364851],
      [0.076573118039, 0.21258644398, 0.1006135045, 0.61022693348]
    ],
    [
      [0.09812943265, 0.0045925034183, 0.69171669075, 0.20556137318],
      [0.62157757728, 0.284135681, 0.079843224921, 0.014443516805],
      [0.020064158913, 0.79189216304, 0.17898132675, 0.0090623512911],
      [0.0021301178913, 0.037515035682, 0.96035484643, 0],
      [0.11382689751, 0.55365448761, 0.26602036967, 0.066498245207],
      [0.13816816531, 0.36859210369, 0.18222476253, 0.31101496848]
    ],
    [
      [0.13479186584, 0.0071672417034, 0.66652230256, 0.1915185899],
      [0.65883039024, 0.2873747761, 0.045468597533, 0.0083262361227],
      [0.022301692851, 0.85952992548, 0.11457634887, 0.0035920327909],
      [0.0015339630988, 0.056785265595, 0.94089769617, 0.00078307513617],
      [0.11578195449, 0.66117484942, 0.17919806399, 0.043845132095],
      [0.1551822507, 0.47348359631, 0.13240038532, 0.23893376767]
    ],
    [
      [0.078550591824, 0.002650816867, 0.57615253081, 0.3426460605],
      [0.67604323126, 0.20899170882, 0.085056951016, 0.029908108903],
      [0.020389757992, 0.70538142658, 0.22981468415, 0.044414131283],
      [0.0027510016823, 0.022799096503, 0.97196851545, 0.0024813863608],
      [0.12348525001, 0.42983791378, 0.3000024966, 0.1466743396],
      [0.11059093042, 0.21077326785, 0.15123112466, 0.52740467708]
    ],
    [
      [0.14443215494, 0.0057749079467, 0.60957695184, 0.24021598527],
      [0.6652544551, 0.2680406703, 0.053876093621, 0.012828780972],
      [0.020683164946, 0.83140819278, 0.13647856395, 0.011430078331],
      [0.0019011883721, 0.054132624905, 0.94396618672, 0],
      [0.14264937549, 0.58860508847, 0.20199072601, 0.06675481003],
      [0.17063980233, 0.38841253346, 0.13691302465, 0.30403463956]
    ],
    [
      [0.051380539886, 0.0044911715638, 0.76216668244, 0.18196160611],
      [0.45835237263, 0.39792871137, 0.12541539756, 0.018303518434],
      [0.0076979672309, 0.78704791276, 0.1970283937, 0.0082257263187],
      [0, 0.034894864107, 0.96510513589, 0],
      [0.062488186881, 0.56860775815, 0.30701782784, 0.061886227122],
      [0.079521838262, 0.3967812008, 0.22038842224, 0.30330853869]
    ],
    [
      [0.064803498724, 0.0054323406841, 0.55041006484, 0.37935409576],
      [0.48281886673, 0.40640782909, 0.078352804221, 0.032420499953],
      [0.0048868100142, 0.8315719333, 0.12990102734, 0.033640229346],
      [0, 0.055783233695, 0.94212383419, 0.0020929321105],
      [0.0705977544, 0.61201054627, 0.20147217706, 0.11591952227],
      [0.07308509481, 0.34918723225, 0.11808846615, 0.45963920679]
    ],
    [
      [0.064169819355, 0.0041232967245, 0.39995508824, 0.53175179568],
      [0.53753954085, 0.34701889004, 0.064392935673, 0.051048633437],
      [0.012270832796, 0.8249856311, 0.11979395848, 0.042949577626],
      [0.0013488550499, 0.056942402977, 0.93770231278, 0.0040064291905],
      [0.082980215921, 0.55020335713, 0.17426624072, 0.19255018624],
      [0.067774885209, 0.24804300523, 0.080712987968, 0.60346912159]
    ],
    [
      [0.057476060464, 0.0061050955036, 0.70956398502, 0.22685485901],
      [0.43459836558, 0.45019513788, 0.096506707667, 0.018699788874],
      [0.0063304822856, 0.83395912374, 0.14480621391, 0.014904180059],
      [0, 0.047807625303, 0.9521923747, 0],
      [0.057795552338, 0.64319783642, 0.23592395942, 0.063082651818],
      [0.073365787142, 0.44577415845, 0.16837098348, 0.31248907093]
    ],
    [
      [0.11012139026, 0.0057583616184, 0.52036497821, 0.36375526991],
      [0.60282169809, 0.31885154723, 0.055140804744, 0.023185949933],
      [0.016079986392, 0.83973256912, 0.1167937619, 0.02739368259],
      [0.0030309876622, 0.061162356187, 0.9325358253, 0.0032708308488],
      [0.11216659275, 0.60495703535, 0.17850771858, 0.10436865332],
      [0.11877434324, 0.35362451377, 0.10719256034, 0.42040858265]
    ],
    [
      [0.081150013519, 0.0050118931278, 0.53591798933, 0.37792010402],
      [0.55171578055, 0.34680480272, 0.071229920161, 0.030249496562],
      [0.013342479529, 0.81905956893, 0.13547460982, 0.032123341723],
      [0.00079764091111, 0.05244602465, 0.94389979976, 0.0028565346841],
      [0.091732540345, 0.58310896878, 0.20441123153, 0.12074725934],
      [0.092849827039, 0.32621877529, 0.11739369243, 0.46353770523]
    ],
    [
      [0.15405245155, 0.0015017805667, 0.39935311002, 0.44509265787],
      [0.87893226621, 0.067554425634, 0.033434470287, 0.020078837867],
      [0.058592414931, 0.61622465137, 0.24546022027, 0.079722713426],
      [0, 0.010817425646, 0.98732875764, 0.0018538167146],
      [0.28110091763, 0.27727569982, 0.23757730695, 0.20404607559],
      [0.1871034071, 0.10155254138, 0.08894134238, 0.62240270914]
    ],
    [
      [0.095633014741, 0.0045707988168, 0.55508861944, 0.344707567],
      [0.60960034719, 0.29604588419, 0.06869736988, 0.025656398746],
      [0.016833646173, 0.80220297792, 0.14975713607, 0.031206239838],
      [0.001579463806, 0.045817637908, 0.95008477997, 0.0025181183177],
      [0.11245043907, 0.55396988732, 0.21952571691, 0.1140539567],
      [0.11502225918, 0.31290943582, 0.12740618334, 0.44466212166]
    ],
    [
      [0.18837054493, 0.013533740754, 0.50512401236, 0.29297170195],
      [0.63995237724, 0.33271543037, 0.020406612632, 0.0069255797588],
      [0.010190032391, 0.94011829439, 0.042032104076, 0.0076595691486],
      [0.023113659931, 0.10565830735, 0.86748147148, 0.0037465612326],
      [0.091887897769, 0.79448814965, 0.078205416967, 0.035418535615],
      [0.1341776041, 0.59226369184, 0.063048377294, 0.21051032676]
    ],
    [
      [0.15262926686, 0.0055722644655, 0.45057612826, 0.39122234041],
      [0.73760220661, 0.216802755, 0.031349959998, 0.014245078393],
      [0.021253969447, 0.85732176685, 0.097455731054, 0.023968532654],
      [0.00274243891, 0.059810722921, 0.92645522334, 0.010991614832],
      [0.15485280889, 0.60229214457, 0.14830972139, 0.094545325147],
      [0.15500327648, 0.32509025016, 0.082759578109, 0.43714689525]
    ],
    [
      [0.08524563479, 0.005085491298, 0.69125298936, 0.21841588455],
      [0.56101548861, 0.33555377246, 0.086800198813, 0.016630540115],
      [0.014378879009, 0.80502834863, 0.16907091307, 0.011521859293],
      [0.0020474592904, 0.041588985946, 0.95636355476, 0],
      [0.094358352059, 0.58074923592, 0.25670963402, 0.068182778003],
      [0.11517431123, 0.39075384255, 0.17726310128, 0.31680874493]
    ],
    [
      [0.092447447191, 0.0044170696181, 0.58482529266, 0.31831019053],
      [0.60414918781, 0.29573383748, 0.075368919357, 0.024748055352],
      [0.016704973743, 0.79104155934, 0.16244567393, 0.029807792985],
      [0.0014215487867, 0.042609213352, 0.95410061541, 0.0018686224554],
      [0.11082488777, 0.54428460278, 0.23675450985, 0.10813599961],
      [0.11602644563, 0.31523035168, 0.14074802377, 0.42799517892]
    ],
    [
      [0.06571723816, 0.0036358171859, 0.6182848071, 0.31236213755],
      [0.55444234512, 0.31256899749, 0.10195529191, 0.031033365483],
      [0.01372362368, 0.75443209757, 0.19816765813, 0.033676620619],
      [0.0002731210829, 0.03400918429, 0.9633427938, 0.0023749008235],
      [0.089232107189, 0.50798143881, 0.28296956101, 0.11981689299],
      [0.090534518907, 0.28483747141, 0.16294423259, 0.46168377709]
    ],
    [
      [0.096761345113, 0.013370654845, 0.68276645463, 0.20710154541],
      [0.39075092672, 0.54836970685, 0.060879366423, 0],
      [0.022220743322, 0.90906657749, 0.068712679188, 0],
      [0.0019902491031, 0.10270240876, 0.89530734214, 0],
      [0.054386798483, 0.78776969345, 0.1256515531, 0.03219195497],
      [0.1225972818, 0.63409075291, 0.10432363682, 0.13898832848]
    ],
    [
      [0.078305809307, 0.0087287085155, 0.58029233993, 0.33267314225],
      [0.60522528907, 0.34642811939, 0.036041667643, 0.012304923904],
      [0.0063849287207, 0.9126159914, 0.069388108132, 0.011610971749],
      [0.015620000742, 0.044632606818, 0.92400960703, 0.015737785414],
      [0.055700003545, 0.7590365669, 0.13009261715, 0.055170812412],
      [0.072282563824, 0.48625664857, 0.088720498079, 0.35274028952]
    ],
    [
      [0.15695993354, 0.0040482379074, 0.50408990704, 0.33490192151],
      [0.7399024845, 0.19476435265, 0.046649105369, 0.018684057475],
      [0.028488480009, 0.78426457475, 0.15127227894, 0.035974666299],
      [0, 0.046277087231, 0.95085039623, 0.0028725165429],
      [0.1872771259, 0.49663803302, 0.20299285883, 0.11309198224],
      [0.18630870918, 0.2732349896, 0.11466436468, 0.42579193654]
    ],
    [
      [0.10052255221, 0.0056254016621, 0.51714840379, 0.37670364234],
      [0.5836952743, 0.33218515807, 0.058515134916, 0.025604432716],
      [0.015018089079, 0.83731603609, 0.11867904254, 0.028986832287],
      [0.0023274478536, 0.059257161294, 0.93545711285, 0.0029582780057],
      [0.10463918027, 0.60349500877, 0.18141051009, 0.11045530086],
      [0.10886905041, 0.3468238016, 0.10710495938, 0.43720218861]
    ],
    [
      [0.028664002003, 0.0026218583631, 0.86232358479, 0.10639055485],
      [0.42351689526, 0.35333698062, 0.20665508122, 0.016491042904],
      [0.0050159607052, 0.68292245913, 0.31206158017, 0],
      [0, 0.0224204656, 0.9775795344, 0],
      [0.046960253984, 0.45259152877, 0.45472820517, 0.04572001208],
      [0.064191511735, 0.3316154012, 0.34366114032, 0.26053194675]
    ],
    [
      [0.025461191081, 0.00288071087, 0.2840066106, 0.68765148745],
      [0.40412830002, 0.42130427678, 0.0762575134, 0.098309909803],
      [0.0067550704257, 0.79793052289, 0.1140185265, 0.081295880183],
      [0, 0.053936470714, 0.94606352929, 0],
      [0.022662484219, 0.58056037283, 0.16789211228, 0.22888503067],
      [0.025183171523, 0.16491796417, 0.053212320536, 0.75668654377]
    ],
    [
      [0.16426158132, 0.0061095849034, 0.42091717981, 0.40871165396],
      [0.7235383174, 0.23146834472, 0.029072149902, 0.015921187986],
      [0.021476814716, 0.86708393077, 0.085804803385, 0.02563445113],
      [0.0051199518225, 0.075104897664, 0.91056520489, 0.0092099456262],
      [0.155334041, 0.61414876557, 0.13085140211, 0.099665791319],
      [0.15916106968, 0.34061124126, 0.075217280665, 0.4250104084]
    ],
    [
      [0.095876321475, 0.004326551452, 0.56965282208, 0.330144305],
      [0.61566192249, 0.28612651096, 0.07273868459, 0.02547288196],
      [0, 0.99916613995, 0.00083386004574, 0],
      [0, 0.060796658512, 0.93920334149, 0],
      [0, 0.94253878167, 0.057461218329, 0],
      [0.11913787035, 0.30563230704, 0.136035188, 0.43919463461]
    ],
    [
      [0.051960779017, 0.0035571128095, 0.45838163593, 0.48610047224],
      [0.5058125576, 0.35191673426, 0.086932506798, 0.05533820134],
      [0.0066684303297, 0.78183191508, 0.16300321729, 0.048496437294],
      [0, 0.04794252726, 0.95205747274, 0],
      [0.073197433571, 0.51614244365, 0.21771403213, 0.19294609065],
      [0.060148629824, 0.23430005774, 0.1015164317, 0.60403488074]
    ],
    [
      [0.11546180162, 0.0018517622294, 0.87603117914, 0.0066552570111],
      [0.99999356007, 3.531523508e-06, 2.6187312172e-06, 2.8967834255e-07],
      [0.028119509401, 0.67458687271, 0.29729361789, 0],
      [0.0055700063464, 0.0055318604467, 0.98889813321, 0],
      [0.29741340401, 0.34368928592, 0.35889731007, 0],
      [0.51742899822, 0.23912146694, 0.24344953484, 0]
    ],
    [
      [0.028720249258, 0.0022757342853, 0.95132288841, 0.017681128042],
      [0.55361252585, 0.28913306342, 0.15725441073, 0],
      [0.0081466765559, 0.7161839669, 0.27566935654, 0],
      [0.00039006445391, 0.014475212895, 0.98513472265, 0],
      [0.070144741476, 0.46226314097, 0.46759211756, 0],
      [0.18482046422, 0.40717150949, 0.40800802629, 0]
    ],
    [
      [0.19983176001, 0.0054085018794, 0.31370839513, 0.48105134297],
      [0.76274196508, 0.19608036958, 0.021665953613, 0.019511711725],
      [0.026862451897, 0.88728038005, 0.040528221368, 0.045328946687],
      [0.0049570586646, 0.0903537995, 0.90041839854, 0.0042707432906],
      [0.20007306728, 0.56168264501, 0.10562909747, 0.13261519024],
      [0.18448136924, 0.28500910053, 0.055138879144, 0.4753706511]
    ],
    [
      [0.083349722737, 0.016393439144, 0.90025683812, 0],
      [0.33700308143, 0.61430624959, 0.048690668981, 0],
      [0.0040300050387, 0.94247494446, 0.053495050497, 0],
      [0.011234360609, 0.095770622191, 0.8929950172, 0],
      [0.04765293982, 0.85135770682, 0.10098935336, 0],
      [0.13980059908, 0.76281087272, 0.097388528203, 0]
    ],
    [
      [0.043822184179, 0.0064100727086, 0.73822907593, 0.21153866718],
      [0.33812427139, 0.51543909498, 0.1276313077, 0.018805325943],
      [0, 0.84144651167, 0.14499954573, 0.013553942601],
      [0, 0.048523041818, 0.95142745199, 4.950619166e-05],
      [0.042941541732, 0.66372814879, 0.23622656055, 0.057103748923],
      [0.056445563602, 0.47472951684, 0.17422296951, 0.29460195005]
    ],
    [
      [0.15554006327, 0.0031352544053, 0.43928936035, 0.40203532197],
      [0.79328053437, 0.14704789096, 0.038757158281, 0.020914416386],
      [0.034746095129, 0.75755529501, 0.15892562988, 0.048772979989],
      [0, 0.040156935079, 0.9559629433, 0.0038801216232],
      [0.21137220659, 0.44131420871, 0.19837802016, 0.14893556454],
      [0.18309423381, 0.20951503492, 0.097155804997, 0.51023492627]
    ],
    [
      [0, 0.0029959174304, 0.68126242776, 0.31574165481],
      [0, 0.55750925808, 0.20390060966, 0.23859013226],
      [0, 0.76286187126, 0.20947867807, 0.02765945067],
      [0, 0.023462995879, 0.9755130668, 0.0010239373213],
      [0, 0.55012598698, 0.33436186944, 0.11551214358],
      [0, 0.25597379006, 0.16038404979, 0.58364216015]
    ],
    [
      [0.046393380223, 0.0035224617025, 0.52708910668, 0.4229950514],
      [0.48092879941, 0.36565348661, 0.10382750239, 0.049590211581],
      [0.0027045718367, 0.76956887747, 0.18111105289, 0.046615497801],
      [0, 0.040527523664, 0.95908242804, 0.00039004829905],
      [0.065833022154, 0.51632390197, 0.2508118235, 0.16703125238],
      [0.057718475057, 0.24948489808, 0.12454133829, 0.56825528858]
    ],
    [
      [0, 0, 0.70760737831, 0.29239262169],
      [0.52810365442, 0.39446427946, 3.9074380212e-17, 0.077432066117],
      [0.0070176899702, 0.93427549882, 8.4145452512e-17, 0.058706811211],
      [0, 0.042410219997, 0.85754988984, 0.10003989017],
      [0.03853868592, 0.43737566226, 0.340434694, 0.18365095783],
      [0, 0.16517956001, 0.19278361912, 0.64203682088]
    ],
    [
      [0.1206694374, 0.0053471836208, 0.47704297757, 0.39694040141],
      [0.64501996613, 0.28348918495, 0.047884847374, 0.023606001538],
      [0.020265086752, 0.83866865987, 0.10636293817, 0.034703315203],
      [0.0020905797434, 0.061219713552, 0.9342531554, 0.0024365513014],
      [0.12791905581, 0.58658808269, 0.16921464579, 0.1162782157],
      [0.12801998563, 0.32333408648, 0.095828894075, 0.45281703381]
    ],
    [
      [0.11412540164, 0.0053679585368, 0.63234351511, 0.24816312472],
      [0.62315452862, 0.29517838075, 0.065996564449, 0.01567052619],
      [0.017397291429, 0.81829833135, 0.14982511645, 0.014479260773],
      [0.0027507082866, 0.047569208547, 0.94968008317, 0],
      [0.12010609402, 0.58359027197, 0.22287471428, 0.073428919728],
      [0.14160901881, 0.37937246206, 0.14883971948, 0.33017879966]
    ],
    [
      [0.077283871839, 0.0020620038307, 0.1702381009, 0.75041602344],
      [0.73453970598, 0.17575934174, 0.026863882616, 0.06283706966],
      [0.026575720567, 0.83253827305, 0.090986836634, 0.049899169753],
      [0.023985396351, 0.063575703279, 0.91243890037, 0],
      [0.14297763938, 0.40303487601, 0.10446193389, 0.34952555072],
      [0.073880545204, 0.112955526, 0.030981651208, 0.78218227759]
    ],
    [
      [0.039829634944, 0.0059304564109, 0.6470549112, 0.30718499744],
      [0.32591914926, 0.52033967034, 0.10082987297, 0.052911307427],
      [0, 0.84421060778, 0.13042798013, 0.025361412085],
      [0, 0.045019382146, 0.95362424387, 0.00135637398],
      [0.041428418017, 0.65531198904, 0.2179695572, 0.085290035747],
      [0.047761780677, 0.41084523131, 0.14190633998, 0.39948664804]
    ],
    [
      [0.095876321475, 0.004326551452, 0.56965282208, 0.330144305],
      [0.61566192249, 0.28612651096, 0.07273868459, 0.02547288196],
      [0.33333333333, 0.00057206606856, 0.6660946006, 0],
      [0, 0.49957095045, 0.50042904955, 0],
      [0.1159797882, 0.53736984015, 0.23310547825, 0.1135448934],
      [0.11913787035, 0.30563230704, 0.136035188, 0.43919463461]
    ],
    [
      [0.075626227244, 0.0034083003564, 0.51992051186, 0.40104496054],
      [0.60487529539, 0.27658504552, 0.081003219567, 0.03753643952],
      [0.016916109652, 0.75805614269, 0.17878897329, 0.04623877437],
      [0.0016336642587, 0.037819416977, 0.9598995474, 0.00064737136501],
      [0.10583062978, 0.49057808352, 0.24533493959, 0.15825634711],
      [0.094602657052, 0.24238075211, 0.12444241685, 0.53857417399]
    ],
    [
      [0.047986395087, 0.0025068334453, 0.53390101492, 0.41560575655],
      [0.55638846641, 0.28054249841, 0.11177348074, 0.051295554441],
      [0.013299382448, 0.70458010147, 0.22709450375, 0.055026012328],
      [0.00046368481671, 0.027510410208, 0.97202590498, 0],
      [0.080177216911, 0.4333784482, 0.29648695301, 0.18995738188],
      [0.064516862093, 0.19138315716, 0.13489810428, 0.60920187647]
    ],
    [
      [0.10507419066, 0.0016641992921, 0.58938971583, 0.30387189422],
      [0.83598907436, 0.088793311922, 0.057291137594, 0.017926476125],
      [0.034557047154, 0.61496518385, 0.30029758111, 0.050180187884],
      [0.0096689624046, 0.0018006845356, 0.98074509552, 0.0077852575372],
      [0.1943090864, 0.31460568373, 0.34408094078, 0.14700428909],
      [0.16558699129, 0.14419985473, 0.16404979237, 0.52616336161]
    ],
    [
      [0.05689124251, 0.005245671504, 0.71378864525, 0.22407444073],
      [0.45541637693, 0.41843558197, 0.10588540677, 0.020262634334],
      [0.0067245732979, 0.80955529919, 0.16626615709, 0.017453970419],
      [0, 0.041946291962, 0.95761272452, 0.00044098351766],
      [0.063073295724, 0.60524750063, 0.2623006053, 0.069378598347],
      [0.07779987263, 0.40962021349, 0.18247783449, 0.33010207938]
    ],
    [
      [0.021598023805, 0.0088035449158, 0.82524707063, 0.14435136065],
      [0, 0.7011022467, 0.28627540378, 0.012622349517],
      [0, 0.88687246712, 0.11312753288, 0],
      [0, 0.059296952897, 0.9407030471, 0],
      [0, 0.77035608144, 0.19867119837, 0.030972720192],
      [0, 0.6498808605, 0.16755716738, 0.18256197212]
    ],
    [
      [0.072923512553, 0.0025776392267, 0.55652773589, 0.36797111233],
      [0.64144423635, 0.22732843957, 0.093842869238, 0.037384454845],
      [0.019746821762, 0.69739580013, 0.23149497555, 0.051362402567],
      [0.0026810946489, 0.024441849062, 0.9719578567, 0.00091919958471],
      [0.1159418022, 0.42179846219, 0.29752700196, 0.16473273365],
      [0.10118522507, 0.20315743079, 0.14718125701, 0.54847608713]
    ],
    [
      [0.0019402849791, 0.0012783065741, 0.029862144723, 0.96691926372],
      [0, 0.6744797799, 0.166477784, 0.1590424361],
      [0, 0.91138107471, 0.063408219958, 0.025210705334],
      [0, 0.044618033475, 0.95378902436, 0.0015929421668],
      [0, 0.71735034875, 0.12674169987, 0.15590795138],
      [0.00039228252903, 0.014918040742, 0.0024551737195, 0.98223450301]
    ],
    [
      [0.14362198653, 0.0097951576377, 0.61776109934, 0.2288217565],
      [0.56181160776, 0.39278728598, 0.044604354808, 0.00079675145281],
      [0.022884928026, 0.89405919652, 0.083055875455, 0],
      [0.007388119542, 0.084360677349, 0.90825120311, 0],
      [0.10022165772, 0.71411141309, 0.14166088998, 0.044006039207],
      [0.1349755369, 0.52771894748, 0.10783243179, 0.22947308384]
    ],
    [
      [0.23441999464, 0.0075436736179, 0.38658294181, 0.37145338992],
      [0.82513166655, 0.15523205367, 0.013450223093, 0.0061860566817],
      [0.018750322154, 0.90691824274, 0.058114363105, 0.016217072002],
      [0, 0.087326042718, 0.89947119937, 0.013202757912],
      [0.18018354893, 0.66726775055, 0.094841058413, 0.057707642105],
      [0.20605153371, 0.39145187089, 0.059447580767, 0.34304901463]
    ],
    [
      [0.069767995959, 0.0037534659532, 0.52489832781, 0.40158021028],
      [0.57523081478, 0.30679499619, 0.080999882205, 0.03697430683],
      [0.01431650577, 0.77920091825, 0.16468332254, 0.041799253446],
      [0.0013052994751, 0.040826900429, 0.95644222844, 0.0014255716526],
      [0.093490573374, 0.52170622111, 0.23528518506, 0.14951802046],
      [0.085550852263, 0.26240646876, 0.12200773169, 0.53003494729]
    ],
    [
      [0.081877903308, 0.003729155908, 0.48299685459, 0.4313960862],
      [0.6689959246, 0.24619953852, 0.055598574272, 0.029205962608],
      [0.015970528079, 0.80277824795, 0.14599905438, 0.035252169592],
      [0.015765189403, 0.027196147283, 0.95703866331, 0],
      [0.10977767296, 0.53420881666, 0.20670747233, 0.14930603805],
      [0.09549788891, 0.24927447026, 0.099837906905, 0.55538973392]
    ],
    [
      [0.10076263272, 0.00599468956, 0.60637747903, 0.28686519869],
      [0.57729913013, 0.33931891138, 0.064989736112, 0.01839222238],
      [0.013949263602, 0.83708777177, 0.1287056338, 0.020257330819],
      [0.0026341669902, 0.053945474267, 0.94239095495, 0.0010294037926],
      [0.10030443463, 0.6181019374, 0.20212381321, 0.079469814768],
      [0.11643706513, 0.39470538775, 0.1326802271, 0.35617732002]
    ],
    [
      [0.037241787866, 0.0061023928758, 0.64201304016, 0.31464277909],
      [0.34273696737, 0.52994940738, 0.094994179758, 0.032319445486],
      [0, 0.85581841386, 0.1205338824, 0.023647703743],
      [0, 0.046802401007, 0.94737959711, 0.0058180018879],
      [0.037565171823, 0.67372460879, 0.20726968801, 0.081440531381],
      [0.043566603895, 0.41570344124, 0.1335704128, 0.40715954206]
    ],
    [
      [0.32225648309, 0.0058442477802, 0.56974228197, 0.10215698716],
      [0.86820038732, 0.11119002138, 0.020609591301, 0],
      [0.0095880369362, 0.85905522477, 0.13135673829, 0],
      [0.0040706341305, 0.054951548478, 0.94097781739, 0],
      [0.28030556078, 0.56747750014, 0.15221693908, 0],
      [0.37638176898, 0.51159608178, 0.11202214924, 0]
    ],
    [
      [0.1031383657, 0.0072728029097, 0.62614828131, 0.26344055008],
      [0.54030527474, 0.38220935522, 0.06178636837, 0.015699001675],
      [0.016226832909, 0.86203974362, 0.11093193747, 0.010801486],
      [0.0013718183582, 0.063736600749, 0.93363281337, 0.0012587675204],
      [0.090460268567, 0.66228832206, 0.18284362816, 0.064407781211],
      [0.1122671101, 0.45211183024, 0.12839237091, 0.30722868876]
    ],
    [
      [0.041449808902, 0.010079000261, 0.58604452681, 0.36242666402],
      [0.28164703604, 0.63813807212, 0.058723709547, 0.021491182298],
      [0, 0.89762361202, 0.064567214523, 0.037809173458],
      [0, 0.083281565763, 0.91483164614, 0.0018867880994],
      [0.028092694909, 0.7881912628, 0.12233287676, 0.061383165524],
      [0.024718375518, 0.52913982726, 0.089833185479, 0.35630861174]
    ],
    [
      [0.12171593412, 0.0022017028571, 0.71183339484, 0.16424896819],
      [0.79919506254, 0.12043359978, 0.069983871128, 0.010387466557],
      [0.0332336453, 0.64981895, 0.29329105111, 0.023656353583],
      [0.0044702790874, 0.010945050431, 0.98458467048, 0],
      [0.19498370879, 0.36730163606, 0.36388001891, 0.073834636242],
      [0.21873544197, 0.22255339236, 0.22891105616, 0.32980010951]
    ],
    [
      [0.10133042618, 0.00358389703, 0.55440614953, 0.34067952726],
      [0.66875644776, 0.23579888659, 0.069681969958, 0.025762695693],
      [0.021452579663, 0.76077033147, 0.18059490964, 0.037182179226],
      [0.0022371190792, 0.035741837216, 0.95972154794, 0.0022994957669],
      [0.13458558341, 0.49069505068, 0.24752427256, 0.12719509335],
      [0.13052216714, 0.26245441624, 0.13605217426, 0.47097124237]
    ],
    [
      [0.30194940745, 0.0031453583204, 0.46665728035, 0.22824795387],
      [0.87439364108, 0.091806950715, 0.026098923158, 0.0077004850471],
      [0.033969257322, 0.7374473421, 0.18909485761, 0.039488542969],
      [0, 0.043561589387, 0.95491322337, 0.0015251872401],
      [0.35664227207, 0.38191582368, 0.18541424432, 0.076027659929],
      [0.37076714647, 0.21942713172, 0.10932085897, 0.30048486284]
    ],
    [
      [0, 0.010533329606, 0.98946667039, 0],
      [0.61566192249, 0.28612651096, 0.07273868459, 0.02547288196],
      [0, 0.89729850309, 0.10270149691, 0],
      [0, 0.010157358299, 0.9898426417, 0],
      [0.00034664795618, 0.76634648035, 0.2274023637, 0.0059045079965],
      [0.0036723255507, 0.53403377843, 0.40226098354, 0.060032912477]
    ],
    [
      [0.054146662098, 0.00652294608, 0.71821094407, 0.22111944776],
      [0.40995017121, 0.47755810299, 0.094750315288, 0.017741410503],
      [0.00057375599172, 0.84444311063, 0.14447515116, 0.010507982216],
      [0.00063182368213, 0.050329576968, 0.9481297089, 0.00090889044728],
      [0.052131892112, 0.66405175676, 0.22561929109, 0.058197060038],
      [0.067679761283, 0.46893197125, 0.1644519917, 0.29893627577]
    ],
    [
      [0.17350469979, 0.0074817740995, 0.55970427672, 0.2593092494],
      [0.66017055619, 0.28728227665, 0.04106392105, 0.011483246114],
      [0.020036938212, 0.87046163565, 0.10129946942, 0.008201956717],
      [0.0028044421998, 0.074109616024, 0.92308594178, 0],
      [0.14369562872, 0.63981005715, 0.15594960378, 0.060544710353],
      [0.17637314121, 0.43322362619, 0.10850267419, 0.28190055842]
    ],
    [
      [0, 0.002123263996, 0.71121807473, 0.28665866127],
      [0, 0.42022792784, 0.23937776231, 0.34039430984],
      [0, 0.66097804091, 0.29922128465, 0.039800674445],
      [0, 0.015744144786, 0.98237768514, 0.0018781700787],
      [0, 0.42223422696, 0.44562129863, 0.13214447441],
      [0, 0.20187262755, 0.22992214267, 0.56820522978]
    ],
    [
      [0.058757713499, 0.0026423480791, 0.73660022163, 0.20199971679],
      [0.59553212817, 0.25503594247, 0.12775194757, 0.021679981782],
      [0.014713382928, 0.68650706859, 0.27322120279, 0.025558345689],
      [0.0052216398534, 0.022138602489, 0.96891686901, 0.0037228886436],
      [0.09324961386, 0.43898952686, 0.37927444666, 0.088486412617],
      [0.10444862135, 0.26807103008, 0.23895878958, 0.388521559]
    ],
    [
      [0.078914597226, 0.0035027442768, 0.67262616817, 0.24495649033],
      [0.61900981758, 0.26548487266, 0.09451066789, 0.020994641867],
      [0.016470072557, 0.7450386062, 0.21242211378, 0.026069207461],
      [0.0027207344173, 0.028998111134, 0.96604132243, 0.0022398320199],
      [0.1077140463, 0.49623338302, 0.30312401483, 0.092928555846],
      [0.11818049087, 0.29834168941, 0.18725820697, 0.39621961275]
    ],
    [
      [0.088138225889, 0.0026480545326, 0.76062577714, 0.14858794244],
      [0.69226908518, 0.19353148428, 0.10188144573, 0.012317984799],
      [0.028801236376, 0.67478863221, 0.28440515256, 0.012004978855],
      [0.0028217711847, 0.019546670532, 0.97763155828, 0],
      [0.13527753952, 0.42030804856, 0.38108866128, 0.063325750637],
      [0.16328680172, 0.27741199282, 0.25829801505, 0.3010031904]
    ],
    [
      [0.096365622684, 0.014957199047, 0.65171781112, 0.23695936714],
      [0.41870584383, 0.53215335931, 0.040251192636, 0.008889604224],
      [0.0051552166641, 0.93412226994, 0.060722513394, 0],
      [0.0054155346505, 0.11252977664, 0.88205468871, 0],
      [0.075566505649, 0.82121760475, 0.1032158896, 0],
      [0.077745290209, 0.65970806268, 0.087186225203, 0.1753604219]
    ],
    [
      [0.0043626460686, 0.00080273081309, 0.025644465333, 0.96919015779],
      [0.24636603607, 0.44320555072, 0.027918670902, 0.28250974231],
      [0, 0.8450307433, 0.036575339799, 0.1183939169],
      [0, 0.16394284912, 0.83605715088, 0],
      [0.016155642661, 0.3395005435, 0.035940086091, 0.60840372775],
      [0.0036339639317, 0.040689592642, 0.0045724987663, 0.95110394466]
    ],
    [
      [0.0022314659766, 0.0013110390215, 0.99229669053, 0.0041608044757],
      [0.14566196394, 0.56502142169, 0.28242802841, 0.0068885859622],
      [0, 0.72887237501, 0.27112762499, 0],
      [0, 0.043912414903, 0.9560875851, 0],
      [0, 0.51415240967, 0.48584759033, 0],
      [0, 0.55302073636, 0.44697926364, 0]
    ],
    [
      [0, 0.0014927359368, 0.87139923612, 0.12710802794],
      [0.33604704576, 0.33226567332, 0.30162852843, 0.030058752498],
      [0, 0.6165622895, 0.336003717, 0.047433993503],
      [0, 0.0098925051141, 0.98968353742, 0.00042395747003],
      [0.02041853346, 0.34985730703, 0.55917315139, 0.070551008118],
      [0, 0.25025295211, 0.3694322741, 0.38031477379]
    ],
    [
      [0.32221890176, 0.008284338346, 0.4584081927, 0.2110885672],
      [0.89194640709, 0.096011315309, 0.0092925233493, 0.0027497542503],
      [0.028689748512, 0.91674743897, 0.04634152209, 0.0082212904289],
      [0.0040319125065, 0.089009594292, 0.90585396215, 0.0011045310492],
      [0.21997441745, 0.64050406224, 0.10163764273, 0.037883877581],
      [0.29482602384, 0.43664769965, 0.072829169932, 0.19569710658]
    ],
    [
      [0.066417330284, 0.0033343886665, 0.56331800756, 0.36693027349],
      [0.57784645334, 0.29145633885, 0.093948022371, 0.036749185441],
      [0.014936260398, 0.74855707098, 0.19418524526, 0.042321423357],
      [0.0011442129696, 0.03424451387, 0.96344121433, 0.0011700588298],
      [0.094594925434, 0.48914544365, 0.26955387186, 0.14670575906],
      [0.087606585901, 0.25005166269, 0.14143999729, 0.52090175412]
    ],
    [
      [0.041521495064, 0.0048894710129, 0.30415354427, 0.64943548966],
      [0.43054750685, 0.4652878924, 0.051789399613, 0.052375201131],
      [0.0068800722026, 0.87473613707, 0.076147611065, 0.042236179661],
      [0.0020596850986, 0.078874796095, 0.91418181219, 0.004883706614],
