{
  "Z_true": {},
  "V_true": [
    [928, 133, 1757, 53],
    [782, 198, 13618, 351],
    [329, 10451, 1091, 761],
    [249, 1133, 1604, 895]
  ],
  "p_true": [
    [0.3232, 0.0463, 0.612, 0.0185],
    [0.0523, 0.0132, 0.911, 0.0235],
    [0.026, 0.8273, 0.0864, 0.0602],
    [0.0642, 0.2919, 0.4133, 0.2306]
  ],
  "Z_est": [
    [
      [14.1457, 11.4078, 2.2816, 5.4758, 7.7573, 15.0584, 3.6505, 11.4078, 10.0389, 34.2235, 12.7768, 51.1071, 35.9395, 48.9757, 21.4467, 18.7089, 16.4273, 29.6604, 41.9809, 26.9225, 28.2915, 30.0572, 13, 8.2136, 13.2331, 26.9225, 11.8642, 63.4276, 68.9034, 13.6894, 66.1655, 43.8061, 1.8253, 5.0195, 9.5826, 9.1263, 26.4662, 15.0584, 13.6894, 27.3788, 5.0195, 1.8253, 4.5631, 6.3884, 30.1167, 20.0778, 26.4662, 22.8157, 4.5631, 84.8744, 20.5341, 101.3017, 39.243],
      [0.243, 0.196, 0.0392, 0.0941, 0.1333, 0.2587, 0.0627, 0.196, 0.1724, 0.5879, 0.2195, 0.8779, 0.8544, 1.0347, 0.3684, 0.3214, 0.2822, 0.5095, 0.7211, 0.4625, 0.486, 1.9693, 0.9246, 0.1411, 0.2273, 0.4625, 0.2038, 1.0895, 1.1836, 0.2352, 1.1366, 0.7525, 0.0314, 0.0862, 0.1646, 0.1568, 0.4546, 0.2587, 0.2352, 0.4703, 0.0862, 0.0314, 0.0784, 0.1097, 0.5173, 0.3449, 0.4546, 0.3919, 0.0784, 1.4579, 0.3527, 1.7401, 0.6741],
      [16.6113, 13.3962, 2.6792, 6.4302, 9.1094, 17.683, 4.2868, 13.3962, 11.7887, 40.1886, 15.0037, 60.015, 72.2061, 81.9896, 25.1848, 21.9698, 19.2905, 34.8301, 49.298, 31.615, 33.2226, 36.9735, 16.0754, 9.6453, 15.5396, 31.615, 13.932, 74.4828, 80.913, 16.0754, 77.6979, 51.4414, 2.1434, 5.8943, 11.2528, 10.717, 31.0792, 17.683, 16.0754, 32.1509, 5.8943, 2.1434, 5.3585, 7.5019, 35.366, 23.5773, 31.0792, 26.7924, 5.3585, 99.6677, 24.1132, 118.9582, 46.0829],
      [0, 0, 0, 0, 0, 0, 0, 0, 0, 0, 0, 0, 0, 0, 0, 0, 0, 0, 0, 0, 0, 0, 0, 0, 0, 0, 0, 0, 0, 0, 0, 0, 0, 0, 0, 0, 0, 0, 0, 0, 0, 0, 0, 0, 0, 0, 0, 0, 0, 0, 0, 0, 0]
    ],
    [
      [1.5944, 0, 0, 6.1547, 0, 0, 2.1461, 2.1738, 1.7043, 0, 4.2088, 6.4693, 0, 0, 0, 3.4607, 16.1204, 35.5942, 11.0642, 2.9564, 2.4695, 0, 0, 3.1999, 0, 0, 8.1214, 4.9563, 11.1648, 3.5864, 0.6395, 7.3402, 1.2624, 2.1817, 8.8964, 2.7634, 10.917, 9.8601, 7.8134, 8.8277, 4.1331, 0, 12.8314, 2.2737, 5.3215, 4.7303, 2.6568, 1.8202, 2.667, 0.9848, 0.9953, 71.1496, 3.0608],
      [0, 0.0814, 1.6593, 0.4199, 0, 0.8553, 0, 1.3505, 1.0588, 0, 0, 4.019, 1.1022, 8.38, 2.3444, 6.0838, 15.7909, 14.9521, 5.5284, 1.8366, 1.5341, 4.1218, 4.6111, 0, 7.413, 0, 0, 3.079, 15.4914, 3.6207, 5.9861, 2.5605, 0.3349, 0.551, 0, 3.3371, 0, 0, 7.1642, 0, 0, 0, 0.9235, 0.2485, 11.7427, 2.9386, 8.2496, 4.89, 0, 8.2864, 2.9504, 0, 1.9014],
      [431.3841, 742.1762, 171.8203, 358.0365, 432.7467, 342.7708, 82.2793, 105.5083, 91.5301, 384.1222, 121.6632, 347.4407, 182.5676, 156.62, 202.8817, 185.8621, 98.9153, 261.1983, 275.9085, 158.7766, 132.6252, 164.2848, 85.651, 171.064, 121.017, 613.8674, 436.1688, 266.1844, 599.6153, 98.8839, 219.4854, 218.1348, 26.9663, 38.7908, 171.1036, 169.8995, 400.083, 249.6243, 154.128, 232.9934, 365.6422, 369.7409, 262.2485, 19.6078, 277.3612, 254.0426, 184.415, 222.2873, 118.333, 728.7168, 230.106, 1006.2156, 164.3805],
      [17.0214, 39.7424, 3.5204, 8.3888, 19.2533, 23.3739, 0.5746, 15.9674, 3.7069, 40.8778, 5.128, 14.071, 3.3301, 0, 11.7739, 3.5934, 5.1734, 12.2554, 11.4989, 6.4303, 5.3712, 5.5934, 2.7378, 9.7361, 0.57, 24.1326, 22.7098, 10.7802, 15.7285, 3.909, 8.889, 8.9646, 2.4364, 9.4765, 0, 0, 0, 3.5156, 5.8945, 8.1789, 0.2248, 16.2591, 4.9966, 0.87, 11.5746, 10.2885, 7.6786, 9.0024, 0, 29.0121, 16.9483, 65.6348, 6.6573]
    ],
    [
      [2.6608, 0.9955, 0.2172, 0.4525, 0.5973, 0, 4.4211, 3.6188, 3.3571, 7.3779, 1.4843, 13.6468, 1.7739, 1.7377, 0, 5.8876, 2.7875, 6.6248, 9.0865, 10.0436, 7.5656, 0, 0, 10.7956, 0.2195, 0, 2.0716, 16.1431, 25.0603, 3.2943, 0, 8.6329, 0.6516, 5.5208, 2.0997, 0.9412, 3.8916, 2.878, 0.9412, 8.994, 0.6697, 0.6154, 0.8145, 1.0771, 6.3065, 6.2319, 0, 0, 1.1222, 0, 3.1495, 32.3907, 9.7793],
      [119.9661, 50.9317, 11.1124, 23.1508, 23.8667, 86.1209, 27.6794, 203.0581, 93.5711, 386.2258, 72.5398, 592.891, 90.7511, 88.899, 423.5995, 262.0533, 142.6088, 349.5756, 475.8048, 466.0819, 210.593, 245.3673, 135, 64.5322, 63.9814, 148.3598, 54.2546, 284.0491, 820.3564, 178.7057, 228.3185, 270.9219, 29.5478, 62.1393, 102.4657, 48.1536, 189.7459, 128.1138, 48.1536, 107.1342, 22.9138, 28.9686, 41.6714, 25.5558, 571.6997, 348.0374, 807.2813, 478.8068, 56.7411, 913.1323, 161.1295, 636.9989, 181.0892],
      [3.8136, 1.2343, 0.2693, 0.561, 7.4328, 2.1224, 0.763, 0, 15.1335, 9.4028, 1.8402, 3.4909, 2.1992, 5.3633, 10.278, 2.0591, 0, 0, 0, 3.198, 6.6458, 5.6327, 0, 1.9075, 1.526, 14.6252, 11.7901, 6.7309, 8.5833, 0, 1.5296, 0, 0, 0, 9.3153, 2.2332, 17.0579, 22.6934, 1.1669, 2.7603, 12.1797, 3.2794, 1.0099, 0, 0, 11.8465, 0, 5.4829, 3.9389, 55.1246, 3.9048, 15.9108, 0.5643],
      [20.5595, 1.8385, 0.4011, 0.8357, 1.1031, 4.7567, 1.1365, 25.3231, 0.9383, 15.9935, 6.1358, 19.9714, 3.2758, 0, 24.1225, 0, 8.6037, 9.7996, 17.1087, 13.6765, 4.1955, 0, 0, 7.7647, 2.273, 18.015, 2.8837, 0.0769, 0, 0, 6.1519, 9.4451, 5.8006, 2.3399, 2.1193, 0.6719, 4.3046, 5.3149, 1.7382, 4.1115, 1.2368, 1.1365, 1.5042, 5.3671, 31.9938, 15.8842, 27.7187, 9.7103, 0.1978, 21.7431, 5.8163, 23.6996, 13.5672]
    ],
    [
      [11.599, 7.5966, 1.5012, 4.917, 2.6453, 8.9416, 3.7823, 5.7995, 2.8998, 17.3986, 3.5301, 17.7768, 4.2866, 4.2866, 8.5533, 7.9428, 4.6648, 14.1206, 13.8684, 9.0775, 5.6734, 7.9428, 0, 4.7909, 5.5474, 15.0775, 7.9428, 11.473, 28.8715, 6.4299, 8.195, 11.2208, 1.2608, 3.278, 5.4213, 5.1691, 11.7251, 9.2036, 6.556, 5.7995, 6.1777, 3.5593, 4.7909, 1.2608, 15.2553, 9.96, 14.877, 13.3641, 2.6476, 31.1409, 8.321, 33.1581, 4.917],
      [0.7909, 0.7909, 0.1891, 0.3353, 0, 0.7651, 0.2579, 0.3954, 0.1977, 1.1863, 0.2407, 1.2121, 0.2923, 0.6863, 0.6877, 0.5416, 0.3181, 0.9628, 0.9456, 0.619, 0.3869, 0.5416, 6.4643, 0.3267, 0.3783, 1.1777, 0.5416, 0.7823, 1.9686, 0.4384, 0.5588, 0.7651, 0.086, 0.2235, 0.3697, 0.3525, 0.7995, 0.6276, 0.447, 0.3954, 0, 0, 0.3267, 0.086, 1.0402, 0.6791, 1.0144, 0.9113, 0.1805, 2.1234, 0.5674, 2.2609, 0.3353],
      [54.1909, 58.1934, 14.2312, 22.9722, 35.711, 52.4238, 17.671, 27.0955, 13.5477, 81.2864, 16.4929, 83.0535, 20.0271, 20.0271, 48.6554, 37.109, 21.7942, 65.9716, 64.7935, 42.4103, 26.5064, 37.109, 28.2735, 22.3832, 25.9174, 82.8924, 37.109, 53.6019, 134.8883, 30.0406, 38.2871, 52.4238, 5.8903, 15.3148, 25.3284, 24.1503, 54.78, 42.9993, 30.6297, 27.0955, 29.2838, 26.8363, 22.3832, 5.8903, 71.2729, 46.5335, 69.5058, 62.4374, 12.3697, 145.4909, 38.8761, 154.9154, 22.9722],
      [25.4191, 25.4191, 6.0785, 10.7755, 14.6436, 26.8694, 8.2888, 12.7096, 6.3548, 38.1287, 7.7363, 38.9576, 9.394, 9, 22.1036, 17.4066, 10.2229, 30.945, 30.3924, 19.8932, 12.4333, 17.4066, 13.2622, 10.4992, 12.157, 37.8524, 17.4066, 25.1428, 63.2715, 14.091, 17.9592, 24.5902, 2.7629, 7.1837, 11.8807, 11.3281, 25.6954, 20.1695, 14.3673, 12.7096, 13.5384, 11.6044, 10.4992, 2.7629, 33.4317, 21.8273, 32.6028, 29.2872, 5.8022, 68.2448, 18.2355, 72.6655, 10.7755]
    ]
  ],
  "V_est": [
    [1282.9026, 24.622, 1563.4754, 0],
    [300.2719, 167.3988, 13907.8766, 573.4527],
    [238.6289, 11684.4076, 296.6015, 412.362],
    [466.1967, 38.5716, 2302.0465, 1074.1853]
  ],
  "p_est": [
    [0.4468, 0.0086, 0.5446, 0],
    [0.0201, 0.0112, 0.9304, 0.0384],
    [0.0189, 0.925, 0.0235, 0.0326],
    [0.1201, 0.0099, 0.5932, 0.2768]
  ],
  "EI_Z": {},
  "EI_V": 9.3061,
  "MAE_Z": {},
  "MAE_V": 399.3835,
  "MAE_p": 0.0672,
  "runtime": 0.686
}
