{
  "Z_true": {},
  "V_true": [
    [13, 57, 1180, 187],
    [1072, 1042, 306, 55],
    [750, 6720, 734, 195],
    [178, 414, 16394, 600],
    [95, 1092, 681, 296],
    [203, 510, 594, 575]
  ],
  "p_true": [
    [0.009, 0.0397, 0.8212, 0.1301],
    [0.4331, 0.421, 0.1236, 0.0222],
    [0.0893, 0.8001, 0.0874, 0.0232],
    [0.0101, 0.0235, 0.9322, 0.0341],
    [0.0439, 0.5046, 0.3147, 0.1368],
    [0.1079, 0.271, 0.3156, 0.3055]
  ],
  "Z_est": {},
  "V_est": [
    [153.1232, 0, 698.8667, 585.0101],
    [1678.7559, 453.1299, 343.1142, 0],
    [0, 7889.0093, 438.885, 71.1057],
    [0, 0, 17586, 0],
    [0, 1409.1255, 483.3154, 271.559],
    [479.121, 83.7353, 338.8186, 980.3252]
  ],
  "p_est": [
    [0.1066, 0, 0.4863, 0.4071],
    [0.6783, 0.1831, 0.1386, 0],
    [0, 0.9393, 0.0523, 0.0085],
    [0, 0, 1, 0],
    [0, 0.6512, 0.2233, 0.1255],
    [0.2546, 0.0445, 0.18, 0.5209]
  ],
  "EI_Z": {},
  "EI_V": 13.38,
  "MAE_Z": {},
  "MAE_V": 378.4654,
  "MAE_p": 0.1125,
  "runtime": 0.0542
}
