{
  "X": [
    [287, 1375, 1798, 3082, 119],
    [35, 103, 85, 249, 11],
    [26, 111, 120, 71, 21],
    [41, 150, 124, 177, 8],
    [41, 137, 116, 199, 7],
    [54, 132, 113, 262, 7],
    [40, 101, 90, 195, 11],
    [33, 124, 61, 222, 19],
    [14, 101, 79, 191, 17],
    [43, 133, 101, 175, 13],
    [27, 80, 100, 103, 7],
    [24, 86, 112, 101, 22],
    [27, 47, 93, 133, 8],
    [38, 114, 145, 177, 8],
    [34, 131, 82, 143, 16],
    [15, 91, 81, 151, 10],
    [31, 134, 113, 190, 18],
    [22, 99, 85, 165, 6],
    [30, 117, 110, 199, 19],
    [19, 92, 76, 148, 10],
    [27, 111, 96, 191, 10],
    [16, 74, 100, 83, 10],
    [15, 80, 113, 92, 17],
    [20, 93, 112, 91, 3],
    [10, 91, 132, 96, 16],
    [33, 87, 97, 200, 8],
    [28, 118, 109, 194, 13],
    [20, 89, 110, 158, 9],
    [26, 105, 87, 126, 5],
    [24, 121, 94, 109, 2],
    [18, 79, 114, 169, 7],
    [14, 100, 154, 90, 1],
    [13, 91, 134, 105, 4],
    [26, 91, 115, 138, 11],
    [9, 92, 119, 136, 8],
    [7, 96, 163, 31, 21],
    [8, 96, 103, 79, 10],
    [10, 89, 140, 66, 6],
    [14, 68, 79, 59, 5],
    [12, 102, 121, 80, 15],
    [6, 73, 94, 43, 19],
    [9, 91, 107, 75, 9],
    [11, 113, 173, 59, 24],
    [8, 124, 157, 41, 16],
    [18, 97, 138, 95, 17],
    [11, 100, 167, 79, 25],
    [18, 93, 73, 125, 4],
    [11, 64, 95, 103, 8],
    [28, 134, 100, 202, 11],
    [34, 100, 89, 273, 6],
    [30, 128, 97, 246, 7],
    [13, 72, 91, 60, 11],
    [7, 65, 88, 39, 13],
    [18, 102, 71, 139, 13],
    [34, 84, 47, 242, 8],
    [15, 53, 34, 179, 5],
    [23, 78, 41, 173, 10],
    [21, 47, 41, 147, 6],
    [7, 56, 32, 155, 13],
    [27, 115, 71, 296, 10],
    [11, 92, 108, 62, 10],
    [18, 72, 72, 144, 6],
    [24, 95, 65, 112, 3],
    [19, 85, 77, 202, 3],
    [10, 61, 118, 99, 9],
    [47, 109, 69, 264, 5],
    [7, 112, 122, 123, 9],
    [11, 94, 178, 82, 36],
    [14, 112, 122, 134, 19]
  ],
  "W": [
    [278, 1421, 1771, 2450, 741],
    [33, 121, 90, 169, 70],
    [23, 107, 127, 44, 48],
    [34, 171, 136, 112, 47],
    [47, 134, 130, 132, 57],
    [42, 160, 121, 165, 80],
    [34, 116, 82, 151, 54],
    [33, 140, 63, 169, 54],
    [21, 105, 81, 147, 48],
    [41, 140, 107, 122, 55],
    [19, 79, 95, 74, 50],
    [23, 84, 115, 59, 64],
    [21, 57, 95, 99, 36],
    [35, 123, 145, 121, 58],
    [30, 130, 105, 94, 47],
    [15, 100, 92, 97, 44],
    [25, 155, 113, 131, 62],
    [21, 107, 94, 119, 36],
    [25, 147, 107, 126, 70],
    [16, 87, 88, 112, 42],
    [32, 127, 95, 125, 56],
    [15, 80, 89, 63, 36],
    [17, 83, 112, 57, 48],
    [17, 106, 109, 52, 35],
    [9, 97, 125, 65, 49],
    [32, 117, 106, 129, 41],
    [20, 135, 129, 120, 58],
    [15, 101, 124, 108, 38],
    [19, 101, 97, 80, 52],
    [22, 111, 98, 81, 38],
    [16, 97, 117, 111, 46],
    [9, 104, 154, 51, 41],
    [14, 98, 140, 63, 32],
    [19, 100, 119, 91, 52],
    [8, 104, 118, 83, 51],
    [3, 84, 152, 19, 60],
    [8, 104, 104, 46, 34],
    [9, 88, 131, 42, 41],
    [15, 72, 78, 31, 29],
    [12, 104, 118, 42, 54],
    [4, 76, 89, 15, 51],
    [6, 99, 103, 46, 37],
    [10, 110, 182, 27, 51],
    [8, 124, 158, 18, 38],
    [15, 97, 143, 67, 43],
    [7, 111, 165, 56, 43],
    [24, 109, 63, 87, 30],
    [8, 83, 85, 65, 40],
    [16, 141, 107, 139, 72],
    [31, 116, 96, 196, 63],
    [30, 148, 116, 162, 52],
    [13, 77, 83, 32, 42],
    [7, 65, 85, 21, 34],
    [14, 104, 80, 103, 42],
    [33, 98, 66, 165, 53],
    [20, 64, 42, 135, 25],
    [21, 87, 47, 123, 47],
    [22, 64, 43, 96, 37],
    [10, 63, 36, 121, 33],
    [21, 130, 79, 237, 52],
    [12, 99, 105, 50, 17],
    [19, 91, 71, 99, 32],
    [19, 103, 58, 85, 34],
    [23, 101, 90, 149, 23],
    [11, 60, 118, 73, 35],
    [42, 122, 64, 211, 55],
    [8, 105, 124, 94, 42],
    [7, 99, 180, 54, 61],
    [13, 117, 121, 105, 45]
  ],
  "method": "mult",
  "cond_prob": [
    [
      [0.79991636792, 0.007079094624, 0.0042441063976, 0.18866490518, 9.5525884169e-05],
      [0.019557286176, 0.69929786068, 0.029590476898, 0.24976369669, 0.0017906795553],
      [0.010485964563, 0.016053876177, 0.89550648397, 0.049656495955, 0.028297179333],
      [0, 0, 0.0098802886507, 0.9899090826, 0.00021062874652],
      [0.024644673176, 0.47354701343, 0.19517325295, 0.21783810615, 0.08879695429]
    ],
    [
      [0.80807091586, 0, 0, 0.19192908414, 0],
      [0.028276555272, 0.6043706214, 0, 0.36735282333, 0],
      [0.029902257419, 0.0059177517256, 0.81783350576, 0.11248227801, 0.033864207084],
      [0, 0, 0, 1, 0],
      [0.031728477443, 0.41912224508, 0.16278549259, 0.27276062257, 0.11360316232]
    ],
    [
      [0.8556915554, 0.010728632363, 0.0042902204511, 0.12822882914, 0.001060762644],
      [0.024535877797, 0.77477455709, 0.029556185639, 0.16269293115, 0.0084404483239],
      [0.018871556481, 0.038920956574, 0.8544961239, 0.008483872342, 0.079227490701],
      [0.0012413967547, 0.0083247377336, 0.010194623246, 0.97739427962, 0.0028449626408],
      [0.025884295232, 0.46964820628, 0.16185920642, 0.13666235846, 0.20594593361]
    ],
    [
      [0.83730371216, 0.0076854017231, 0, 0.15501088612, 0],
      [0.037629531972, 0.71506624479, 0, 0.24676067994, 0.00054354330203],
      [0.032879511682, 0.026650892843, 0.8536427789, 0.058064899405, 0.028761917165],
      [0, 0.0056846672486, 0, 0.99431533275, 0],
      [0.034583196397, 0.49364179412, 0.16818259721, 0.21858319183, 0.085009220446]
    ],
    [
      [0.78498643189, 0.014132011854, 0, 0.20088155626, 0],
      [0.0091152721201, 0.73684956344, 0, 0.25403516444, 0],
      [0.01253660836, 0.058323260759, 0.82450665647, 0.080601366358, 0.024032108052],
      [0, 0, 0, 1, 0],
      [0.022007581582, 0.52659526391, 0.15463394138, 0.22876626658, 0.067996946549]
    ],
    [
      [0.83453037934, 0, 0, 0.16546962066, 0],
      [0.047627935951, 0.6040292726, 0, 0.34834279145, 0],
      [0.062790469723, 0.0017583796277, 0.82142467735, 0.097385139111, 0.016641334187],
      [0, 0, 0, 1, 0],
      [0.046645093487, 0.43928190562, 0.17009517551, 0.28164784334, 0.062329982041]
    ],
    [
      [0.84839166853, 0.0026405241322, 0.005353275638, 0.14344752386, 0.00016700783742],
      [0.05419004069, 0.66253179421, 0.036121818676, 0.24408192155, 0.0030744248739],
      [0.026737985443, 0.0097399898058, 0.88213209466, 0.040055783756, 0.041334146334],
      [0.0043092379844, 0, 0.017746822529, 0.97720193364, 0.00074200584502],
      [0.037507940888, 0.43070101643, 0.19654177218, 0.20309657483, 0.13215269567]
    ],
    [
      [0.81788700258, 0.0076598429245, 0.0011635336783, 0.17257931778, 0.00071030303874],
      [0.025305037783, 0.70612029687, 0.012042210113, 0.24949254325, 0.007039911989],
      [0.01799278382, 0.021629490509, 0.81906230964, 0.054503430073, 0.086811985955],
      [0, 0.0051546405135, 0, 0.99161336112, 0.0032319983661],
      [0.024694041566, 0.41956650876, 0.14212534195, 0.19184356176, 0.22177054597]
    ],
    [
      [0.66666666667, 0.061757360736, 0.021844781466, 0.24895128024, 0.00077991088899],
      [0, 0.72311057671, 0.022639726481, 0.24761364308, 0.0066360537257],
      [0, 0.02762549485, 0.84338616572, 0.053622101958, 0.075366237477],
      [0, 0, 0.0023729677223, 0.99387162209, 0.0037554101906],
      [0, 0.44872541223, 0.15627047147, 0.19437649762, 0.20062761868]
    ],
    [
      [0.83066106392, 0.0099781322021, 0, 0.15925693101, 0.00010387286948],
      [0.032895528591, 0.72757300914, 0.0077606261649, 0.22905656999, 0.0027142661183],
      [0.023039567577, 0.029011791903, 0.85142935404, 0.048288597181, 0.048230689304],
      [0.0017902605049, 0.011037793115, 0, 0.98668608247, 0.00048586391125],
      [0.030070488442, 0.47781459649, 0.16019220828, 0.19745389219, 0.1344688146]
    ],
    [
      [0.86951457487, 0.0039236191117, 0.0049888549368, 0.12155827162, 1.4679459118e-05],
      [0.044672222816, 0.70272231306, 0.036653059687, 0.21438022688, 0.0015721775619],
      [0.041068673459, 0.0081456316655, 0.90081658204, 0.023462994457, 0.026506118377],
      [0.0103197994, 0, 0.016363153998, 0.9731563779, 0.00016066870013],
      [0.045698566815, 0.47273106994, 0.20442342702, 0.19023596955, 0.086910966665]
    ],
    [
      [0.81759002889, 0.0057828229645, 0.0042278606469, 0.17153552613, 0.00086376136335],
      [0.022496256328, 0.68976259739, 0.02950318032, 0.25126089409, 0.0069770718667],
      [0.015246328358, 0.013967597456, 0.85247683404, 0.045528831417, 0.07278040873],
      [0, 0, 0.0087515140109, 0.98871304032, 0.002535445669],
      [0.024256500669, 0.41126036224, 0.16989557527, 0.1934200438, 0.20116751802]
    ],
    [
      [0.85134323343, 0, 0.0029849141909, 0.14567185238, 0],
      [0.083779224271, 0.57613163779, 0.041179146318, 0.29687222943, 0.0020377621937],
      [0.029511869658, 0, 0.8762956764, 0.058627833913, 0.035564620028],
      [0, 0, 0.0016507003314, 0.99834929967, 0],
      [0.042854130472, 0.39334712906, 0.19940546864, 0.23924858705, 0.12514468479]
    ],
    [
      [0.82657955622, 0.0048587309286, 0.0034977723802, 0.16506394047, 0],
      [0.028357280591, 0.69077333107, 0.027481102218, 0.25222227033, 0.0011660157826],
      [0.025000982229, 0.0096774340833, 0.89098077712, 0.050790534249, 0.02355027232],
      [0.00093852642322, 0, 0.0078767702211, 0.99118470336, 0],
      [0.031776998261, 0.47347580609, 0.19572587095, 0.22243872863, 0.076582596076]
    ],
    [
      [0.82843375329, 0.014769279658, 0, 0.15679696705, 0],
      [0.0067151429129, 0.76520703828, 0, 0.22630169341, 0.0017761253903],
      [0.065423099245, 0.069970228804, 0.72947148415, 0.061929218599, 0.0732059692],
      [0, 0.0060429292079, 0, 0.99395707079, 0],
      [0.029884965996, 0.49287440986, 0.11501051413, 0.19026251569, 0.17196759432]
    ],
    [
      [0.78189396083, 0.0073695664622, 0, 0.2107364727, 0],
      [0.012207606995, 0.6864760474, 0, 0.30089263805, 0.00042370755027],
      [0.012087074854, 0.023899889414, 0.80904002555, 0.10866222912, 0.046310781057],
      [0, 0, 0, 1, 0],
      [0.021336795488, 0.45552413492, 0.14927994658, 0.24438100056, 0.12947812245]
    ],
    [
      [0.83584971479, 0.0050319605918, 0.0031718446732, 0.15561431182, 0.00033216812461],
      [0.034297766072, 0.68319635879, 0.02750055018, 0.2502617531, 0.0047435718626],
      [0.022511520902, 0.014011133884, 0.8572652049, 0.047916264331, 0.058295875979],
      [0.0023639857722, 0, 0.0080349617902, 0.98807243692, 0.0015286155224],
      [0.03119547405, 0.42573398781, 0.17313823317, 0.20108134466, 0.16885096031]
    ],
    [
      [0.81170627976, 0.0087383644594, 0, 0.17955535578, 0],
      [0.021309542736, 0.71843728737, 0, 0.25995736079, 0.0002958091044],
      [0.018200615365, 0.042459455189, 0.84171575956, 0.067491592331, 0.030132577555],
      [0, 0, 0, 1, 0],
      [0.026755255775, 0.49868099471, 0.16329773893, 0.22415806237, 0.087107948212]
    ],
    [
      [0.82163435437, 0.0015807995526, 0.0033810914995, 0.17320854261, 0.00019521196443],
      [0.034663162928, 0.61404113542, 0.037205369048, 0.30996428457, 0.0041260480294],
      [0.020518744003, 0, 0.8577438157, 0.064602601436, 0.057134838866],
      [0, 0, 0, 0.99926148692, 0.0007385130837],
      [0.030973579743, 0.38137761577, 0.18096707404, 0.23265158425, 0.17403014619]
    ],
    [
      [0.82882476786, 0.010112247487, 0, 0.16102778011, 3.5204542771e-05],
      [0.023470716811, 0.74293173147, 0, 0.23180570399, 0.0017918477297],
      [0.028457548597, 0.06462937404, 0.79710634647, 0.05988592304, 0.049920807852],
      [0, 0.0043346331107, 0, 0.99566536689, 0],
      [0.028394930361, 0.50072094234, 0.13939622644, 0.20171373696, 0.1297741639]
    ],
    [
      [0.77472011448, 0.0054751055939, 0.0025237150091, 0.21728106492, 0],
      [0.0032063082122, 0.66685059849, 0.022913360831, 0.30546644135, 0.0015632911165],
      [0.0076801678635, 0.012573416737, 0.87219213453, 0.070875583083, 0.036678697789],
      [0, 0, 0, 1, 0],
      [0.01914534369, 0.44536242898, 0.18126770561, 0.24142120496, 0.11280331675]
    ],
    [
      [0.83506170216, 0.0056369302226, 0.011844155765, 0.1468294594, 0.0006277524543],
      [0.020484393883, 0.71672690037, 0.072948914704, 0.18416612913, 0.005673661906],
      [0.010837425367, 0.0059545348708, 0.93574497109, 0.0014570780054, 0.046005990669],
      [0, 0, 0.042298837179, 0.95506291355, 0.0026382492694],
      [0.024188669423, 0.44575945592, 0.22334153661, 0.16015623006, 0.14655410798]
    ],
    [
      [0.7865852173, 0.0072120935041, 0.0074663571579, 0.19793705157, 0.00079928046189],
      [0.010588974833, 0.70058229108, 0.044377471257, 0.23757936269, 0.0068719001447],
      [0, 0.012743529307, 0.88772811805, 0.034365077403, 0.065163275238],
      [0, 0, 0.013140484631, 0.9842119599, 0.0026475554721],
      [0.015607633223, 0.42295393685, 0.18781635351, 0.18681276327, 0.18680931316]
    ],
    [
      [0.82997198905, 0.005534019603, 0.0050264032711, 0.15946209654, 5.4915347652e-06],
      [0.025621363881, 0.70078773943, 0.038066127064, 0.23490309144, 0.00062167818578],
      [0.019253454386, 0.011532194009, 0.91578943314, 0.040600654363, 0.012824264105],
      [0.00010210629125, 0, 0.012400526782, 0.98743318118, 6.4185744831e-05],
      [0.030590730274, 0.49615463257, 0.2118190306, 0.21764056912, 0.043795037431]
    ],
    [
      [0.79674730711, 0.0074189921234, 0.0069895439331, 0.18836378927, 0.00048036756627],
      [0.013892432804, 0.70943735666, 0.058357707422, 0.21204672607, 0.006265777045],
      [0.004900191205, 0.0066882150835, 0.91775270311, 0.014852711041, 0.055806179563],
      [0, 0, 0.022231861999, 0.97530313983, 0.0024649981667],
      [0.017738456191, 0.43432201203, 0.20637219523, 0.17316123466, 0.16840610188]
    ],
    [
      [0.80370212654, 5.5538444908e-34, 0, 0.19629787346, 8.2929759597e-36],
      [0.028238295443, 0.59876876823, 2.159062788e-33, 0.37299293633, 0],
      [0.025599372744, 0, 0.84672721027, 0.094258409307, 0.033415007678],
      [0, 5.2929237221e-17, 0, 1, 3.2273925134e-19],
      [0.030832143245, 0.41326961262, 0.17675404174, 0.27041227103, 0.10873193137]
    ],
    [
      [0.83230500268, 0.0021497374062, 0, 0.16554525991, 0],
      [0.025060192336, 0.66649868227, 0, 0.30844112539, 0],
      [0.045728962988, 0.017159829137, 0.7806003395, 0.11228418714, 0.044226681234],
      [0, 0, 0, 1, 0],
      [0.035719616477, 0.44424250321, 0.14314752076, 0.25111866781, 0.12577169174]
    ],
    [
      [0.82987763108, 0.0056685854385, 2.0521723905e-05, 0.16443326176, 0],
      [0.028864129913, 0.68488798534, 0.0060909833297, 0.27877141427, 0.0013854871476],
      [0.027631045436, 0.018496916638, 0.83182187089, 0.084788310685, 0.037261856352],
      [0, 0, 0, 1, 0],
      [0.031850231014, 0.45914913253, 0.16417344388, 0.23325888703, 0.11156830554]
    ],
    [
      [0.84447077536, 0.0083685958107, 0, 0.14716062883, 0],
      [0.026777528421, 0.72623237869, 0, 0.24699009289, 0],
      [0.05332989676, 0.043591911321, 0.81612045098, 0.067097149815, 0.01986059112],
      [0, 0.00057797772168, 0, 0.99942202228, 0],
      [0.039952402151, 0.52340140031, 0.15069838951, 0.226841603, 0.059106205026]
    ],
    [
      [0.83946080814, 0.016361545671, 3.1614220685e-05, 0.14414603197, 0],
      [0.023225443369, 0.80894030788, 0.0033842068333, 0.16414892077, 0.0003011211423],
      [0.019170575955, 0.060448096369, 0.88789544041, 0.023117931387, 0.0093679558821],
      [0, 0.029442328117, 0, 0.97055767188, 0],
      [0.02829267272, 0.59312973154, 0.17394485181, 0.17704022086, 0.027592523073]
    ],
    [
      [0.80026511771, 0.0030774223524, 0.0024052902322, 0.19425216971, 0],
      [0.024769045646, 0.61214157088, 0.023136140128, 0.3390596702, 0.00089357314353],
      [0.012967527848, 0, 0.87815783818, 0.083907249311, 0.024967384657],
      [0, 0, 0, 1, 0],
      [0.027738259364, 0.42550062755, 0.19506179775, 0.26491367621, 0.086785639135]
    ],
    [
      [0.8342422895, 0.0067543190574, 0.0036043827388, 0.15539372338, 5.2853235995e-06],
      [0.02357523293, 0.72093747102, 0.030833826583, 0.2245121613, 0.00014130816644],
      [0.017825648062, 0.020262270978, 0.91964377984, 0.038929139329, 0.0033391617926],
      [0.00083885997495, 0.0018417016243, 0.0094151130587, 0.98789319938, 1.1125959484e-05],
      [0.03053813438, 0.53042433242, 0.21111048121, 0.21645246559, 0.011474586409]
    ],
    [
      [0.77369197226, 0.0092936458472, 0.0035621126878, 0.21341460406, 3.7665151988e-05],
      [0.011105793255, 0.71872772388, 0.02226201479, 0.24712434001, 0.00078012806438],
      [0.0032419339768, 0.028533254912, 0.89507808157, 0.056954965049, 0.016191764491],
      [0, 0.0014808211706, 0.0047515512107, 0.99370625613, 6.1371485477e-05],
      [0.019564809147, 0.51083201863, 0.19244293208, 0.22552565561, 0.051634584539]
    ],
    [
      [0.84589581406, 0.0038814370342, 0.0019806184565, 0.14823655636, 5.5740946692e-06],
      [0.036671850406, 0.67449063326, 0.022197190949, 0.26462170676, 0.0020186186286],
      [0.034268857253, 0.0046411079597, 0.86610752462, 0.056402660129, 0.038579850039],
      [0.0025264856821, 0, 0.0030769938804, 0.99439652044, 0],
      [0.037555582349, 0.44086341391, 0.1806893708, 0.22152566997, 0.11936596298]
    ],
    [
      [0.76029111012, 0.0067864327663, 0.0041806981264, 0.22866154929, 8.0209697191e-05],
      [0.013058823667, 0.66472173362, 0.029363414819, 0.29157209163, 0.0012839362683],
      [0.0051899664626, 0, 0.89693531671, 0.070384674324, 0.027490042507],
      [0, 0, 0, 1, 0],
      [0.018571321865, 0.44734604396, 0.19753709613, 0.24591800992, 0.09062752813]
    ],
    [
      [0.87917869468, 0.0083976010144, 0.005453041127, 0.10660656289, 0.00036410028803],
      [0.036986972924, 0.79852717034, 0.077432380964, 0.080417649088, 0.006635826687],
      [0, 0, 0.93913701317, 0, 0.060862986833],
      [0.00049015926507, 0.00055798230825, 0.020876387695, 0.97588003157, 0.0021954391665],
      [0.020770752739, 0.48146538708, 0.22223072514, 0.089722953137, 0.18581018191]
    ],
    [
      [0.77499601552, 0.0099240402092, 0.0051044339598, 0.20967085222, 0.00030465808676],
      [0.007651018785, 0.73866960162, 0.036016177996, 0.21368714113, 0.0039760604716],
      [0.0045140575871, 0.026688761131, 0.88854175835, 0.033563495703, 0.046691927228],
      [0, 0.0023516869035, 0.011690345411, 0.98482454194, 0.0011334257471],
      [0.015731292151, 0.47691648102, 0.18433480174, 0.18548935361, 0.13752807148]
    ],
    [
      [0.81370039679, 0.0085562077124, 0.0072795987393, 0.17032894671, 0.00013485004941],
      [0.013496101014, 0.74734831291, 0.056969311158, 0.18038902892, 0.0017972459968],
      [0.0051408409177, 0.016101727585, 0.95251733869, 0.0044527438121, 0.021787348991],
      [0, 0, 0.021728860526, 0.97773931733, 0.00053182213977],
      [0.019892423889, 0.51334186051, 0.22509270045, 0.169376687, 0.07229632815]
    ],
    [
      [0.80366241651, 0.0082919142804, 0.0056846556931, 0.18224326745, 0.00011774606454],
      [0.012562357354, 0.72089473042, 0.035541016128, 0.22912759153, 0.0018743045624],
      [0.0055771293061, 0.022888547586, 0.90159321479, 0.041346843199, 0.028594265121],
      [0, 0.00023962883785, 0.011014751724, 0.98832630141, 0.0004193180266],
      [0.020881308172, 0.48891260309, 0.19620858436, 0.20365500981, 0.090342494561]
    ],
    [
      [0.79074240442, 0.0084240029139, 0.0060144567491, 0.19439176964, 0.00042736627099],
      [0.011057561699, 0.72164801885, 0.043326750101, 0.21889313056, 0.0050745387859],
      [0.0039833694447, 0.018775841741, 0.8939824592, 0.031323624895, 0.051934704715],
      [0, 0, 0.013289590516, 0.98526166383, 0.0014487456545],
      [0.016501243254, 0.45614756813, 0.19210650964, 0.18194880681, 0.15329587217]
    ],
    [
      [0.80925924055, 0.0066461158971, 0.0054332042797, 0.17808047891, 0.00058096036781],
      [0.018077349734, 0.69397261924, 0.056556183654, 0.22140963135, 0.0099842160234],
      [0.0057758124457, 0, 0.8915287671, 0.025765648982, 0.07692977147],
      [0, 0, 0.011196915987, 0.98667940508, 0.0021236789334],
      [0.017157591183, 0.3966960093, 0.19933300418, 0.16406298562, 0.22275040972]
    ],
    [
      [0.82716138736, 0.0071510073915, 0.0049442605159, 0.16052835749, 0.00021498724642],
      [0.019116720079, 0.7249716529, 0.049740050313, 0.20258298439, 0.0035885923132],
      [0.012349519924, 0.016379036076, 0.91004829247, 0.021837530588, 0.039385620944],
      [0, 0.00055850755344, 0.018079025518, 0.98030268455, 0.0010597823809],
      [0.023580427995, 0.47222076365, 0.20214757184, 0.17940338542, 0.1226478511]
    ],
    [
      [0.80782614441, 0.010017325962, 0.0051642061977, 0.17643416759, 0.00055815584511],
      [0.012029469115, 0.76483226448, 0.035646952279, 0.18057940093, 0.0069119131942],
      [0.004303968776, 0.02687312775, 0.87827338046, 0.018181301405, 0.072368221606],
      [0, 0.0023334779704, 0.01067834304, 0.98515769756, 0.0018304814321],
      [0.015983816394, 0.46694832337, 0.17437495453, 0.14634646141, 0.1963464443]
    ],
    [
      [0.81416438916, 0.012434315636, 0.0065224284534, 0.16642597339, 0.00045289336012],
      [0.0068434809242, 0.80793066733, 0.046111117172, 0.13357068735, 0.0055440472275],
      [0.00077086637664, 0.026638036607, 0.90996133325, 0.0056341522954, 0.056995611474],
      [0, 0.0027092490626, 0.013527818376, 0.98221568991, 0.001547242651],
      [0.013586746436, 0.51209332788, 0.18980659629, 0.11936180264, 0.16515152674]
    ],
    [
      [0.83743209711, 0.008363629367, 0.0050274347463, 0.14864403806, 0.00053280070872],
      [0.021869864744, 0.74421451231, 0.03651676627, 0.19152727177, 0.0058715849037],
      [0.015582462406, 0.029848996509, 0.8793751916, 0.013132424067, 0.062060925418],
      [0.00039722237445, 0.0066286854105, 0.015288908212, 0.97535119906, 0.0023339849401],
      [0.024703154416, 0.46449324283, 0.17691750934, 0.16199365323, 0.17189244018]
    ],
    [
      [0.84156780946, 0.0068157257259, 0.0059439225852, 0.1450234605, 0.00064908172775],
      [0.03438036994, 0.73133628165, 0.063791650899, 0.15982109997, 0.010670597548],
      [0.0021996893929, 0.0050012690995, 0.90985966097, 0, 0.082939380533],
      [0, 0, 0.026411786155, 0.96961943725, 0.0039687765953],
      [0.021624546992, 0.41741286641, 0.19236314434, 0.13827919056, 0.23032025169]
    ],
    [
      [0.75, 0.0085058470945, 0.029253754383, 0.21205444589, 0.00018595263509],
      [0, 0.70888278116, 0.05405367835, 0.2351292764, 0.0019342640948],
      [0, 0.016836887635, 0.92067045172, 0.039913503479, 0.022579157162],
      [0, 0, 0.016931501926, 0.98246368317, 0.00060481490113],
      [0, 0.48223042008, 0.23102599428, 0.20975703387, 0.07698655176]
    ],
    [
      [0.81996348006, 0.0023956501583, 0.0064323823036, 0.17108207339, 0.00012641408412],
      [0.03991582749, 0.58464569315, 0.082549660113, 0.29017641021, 0.002712409039],
      [0, 0, 0.91980125739, 0.046180737593, 0.03401800502],
      [0, 0, 0.0096303791834, 0.98992948958, 0.00044013123289],
      [0.028181961945, 0.38638105669, 0.23219594068, 0.23189804617, 0.12134299451]
    ],
    [
      [0.86085417654, 0.00505525279, 0, 0.13409057067, 0],
      [0.04204780776, 0.69228016351, 0, 0.26567202873, 0],
      [0.048209410615, 0.022163670269, 0.82926160659, 0.065371941241, 0.034993371282],
      [0, 0, 0, 1, 0],
      [0.043599796465, 0.47133472475, 0.15651400131, 0.22777773757, 0.1007737399]
    ],
    [
      [0.8150141828, 0, 0, 0.1849858172, 0],
      [0.028840865213, 0.61081091179, 0, 0.360348223, 0],
      [0.033939964395, 0.0078517833813, 0.81490490575, 0.12522187979, 0.018081466676],
      [0, 0, 0, 1, 0],
      [0.033821958516, 0.45066925442, 0.17093855631, 0.27688484664, 0.067685384113]
    ],
    [
      [0.78809140142, 0.0064222081106, 0, 0.20548639047, 0],
      [0.0060176009397, 0.67862913875, 0, 0.31535326031, 0],
      [0.035195999462, 0.020406962681, 0.76943130333, 0.14970164363, 0.025264090902],
      [0, 0, 0, 1, 0],
      [0.026613790016, 0.48082718366, 0.14896093873, 0.26534105961, 0.078257027989]
    ],
    [
      [0.8131010452, 0.005103337103, 0.0096467614118, 0.17161492099, 0.00053393529477],
      [0.014656618297, 0.69726738217, 0.06322791733, 0.2194146373, 0.005433444897],
      [0.0057484113328, 0.0016156791836, 0.92067231713, 0.023095903865, 0.048867688491],
      [0, 0, 0.016104171058, 0.98231748226, 0.0015783466807],
      [0.019619253877, 0.43118968615, 0.21606920647, 0.17911808337, 0.15400377013]
    ],
    [
      [0.81222191842, 0.0085229209558, 0.0074258715741, 0.17111273993, 0.00071654911844],
      [0.010184096222, 0.74631881317, 0.056430241699, 0.17884698019, 0.0082198687189],
      [0.0017529477824, 0.013918833683, 0.90843962473, 0.0079382404306, 0.067950353375],
      [0, 0, 0.016786573521, 0.98083779186, 0.0023756346213],
      [0.014808228092, 0.4484269363, 0.1973578542, 0.14425920713, 0.19514777428]
    ],
    [
      [0.83815964789, 0.0091293973691, 0.00016252894699, 0.15231041844, 0.00023800735805],
      [0.027236839306, 0.74448890967, 0, 0.22426640367, 0.0040078473491],
      [0.027845542042, 0.041673160427, 0.81373071112, 0.050322138905, 0.066428447507],
      [0, 0.01232250798, 0, 0.98657071272, 0.0011067793041],
      [0.028702149487, 0.47243501607, 0.14045875489, 0.18812841995, 0.17027565961]
    ],
    [
      [0.79698412443, 0, 0, 0.20301587557, 0],
      [0.028664724866, 0.6066371378, 0, 0.36469813733, 0],
      [0.04745138274, 0.014903937126, 0.62132998459, 0.28526087925, 0.031053816297],
      [0, 0, 0, 1, 0],
      [0.033180935776, 0.44463963481, 0.11306077391, 0.29684604938, 0.11227260612]
    ],
    [
      [0.75, 0.0053644672117, 1.9721522631e-32, 0.24463553279, 0],
      [0, 0.64039046141, 0, 0.35960953859, 0],
      [0, 0.016943377647, 0.72524429869, 0.21627545366, 0.041536870007],
      [0, 0, 0, 1, 1.1307827103e-18],
      [8.6732204755e-49, 0.44784397058, 0.14158957821, 0.28034839282, 0.13021805839]
    ],
    [
      [0.81999714926, 0.0004829599236, 0, 0.17951989082, 0],
      [0.028824935054, 0.6534911931, 0, 0.31768387185, 0],
      [0.038386122613, 0.016881668182, 0.74084653286, 0.14751304138, 0.056372634966],
      [0, 0, 0, 1, 0],
      [0.031237079854, 0.43282309867, 0.13149389267, 0.24805260633, 0.15639332248]
    ],
    [
      [0.78542767881, 0, 0, 0.21457232119, 0],
      [0.025740080353, 0.51994688316, 0, 0.45431303649, 0],
      [0.022907170474, 0, 0.80860524718, 0.137551789, 0.03093579335],
      [0, 0, 0, 1, 0],
      [0.029411286305, 0.37090268859, 0.16837768571, 0.30509858572, 0.12620975367]
    ],
    [
      [0.7, 0.0081477425659, 0.0019586465084, 0.2893135379, 0.00058007302758],
      [0, 0.67285402671, 0, 0.32016088594, 0.0069850873522],
      [0, 0.018029614524, 0.77126615443, 0.10556718801, 0.10513704304],
      [0, 0, 0, 0.99750772216, 0.0024922778392],
      [0, 0.39029250814, 0.12772218108, 0.22539017143, 0.25659513935]
    ],
    [
      [0.83711025087, 0.0054774921973, 0.00015483790829, 0.15725741903, 0],
      [0.030462530097, 0.6868256023, 0, 0.2827118676, 0],
      [0.047090425864, 0.01993141655, 0.79853859771, 0.089740423034, 0.044699136842],
      [0, 1.2179661874e-17, 0, 1, 0],
      [0.033469464921, 0.46198197032, 0.15215767663, 0.22799149986, 0.12439938826]
    ],
    [
      [0.82368858188, 0.01204960785, 0.0092145417436, 0.15434001946, 0.00070724906416],
      [0.0083148935981, 0.81687418299, 0.065760719159, 0.1017880406, 0.0072621636575],
      [0, 0.019684908552, 0.92089443793, 0, 0.059420653518],
      [0, 0.011044501609, 0.029308001207, 0.95674510965, 0.0029023875371],
      [0.017209561838, 0.49210118303, 0.1893998976, 0.13139107442, 0.16989828311]
    ],
    [
      [0.79405101951, 0.0032176615073, 0.0035381844576, 0.19919313453, 0],
      [0.014196974984, 0.63563961948, 0.035047724138, 0.31371205018, 0.0014036312172],
      [0.01193438657, 0.0047845434162, 0.88113163951, 0.068599011207, 0.033550419295],
      [0, 0, 0, 1, 0],
      [0.024180139355, 0.42987363987, 0.1932214123, 0.24365637756, 0.10906843091]
    ],
    [
      [0.85863654521, 0.0074054443143, 0.0049379466711, 0.1289914101, 2.865370499e-05],
      [0.038849533943, 0.73330523026, 0.037276105399, 0.18958508927, 0.00098404112512],
      [0.025759368239, 0.022685771558, 0.9076082076, 0.027053376555, 0.016893276047],
      [0.010799409791, 0.0073891614584, 0.016478613088, 0.96518463372, 0.00014818194656],
      [0.037423836908, 0.51132365785, 0.2066112354, 0.18859145021, 0.056049819634]
    ],
    [
      [0.7686991704, 0.0083380782914, 0, 0.22296275131, 0],
      [0, 0.6983731397, 0, 0.3016268603, 0],
      [0.0091053879943, 0.03011246651, 0.81284779008, 0.12933167633, 0.018602679085],
      [0, 0, 0, 1, 0],
      [0.021758007011, 0.50271370018, 0.16711734315, 0.25076925912, 0.057641690537]
    ],
    [
      [0.78083095461, 0.0081560163145, 0.0062609470402, 0.20449195801, 0.0002601240231],
      [0.012720535535, 0.71155067212, 0.038323386662, 0.234381114, 0.0030242916846],
      [0.00030034846828, 0.01635036832, 0.91091821629, 0.033761274175, 0.038669792746],
      [0, 0, 0.016529576954, 0.98237901128, 0.0010914117668],
      [0.017491035656, 0.46536857234, 0.19819193551, 0.19972066988, 0.11922778662]
    ],
    [
      [0.84138268392, 0.0036425160757, 0.00093131180508, 0.1540434882, 0],
      [0.056571368651, 0.66919376243, 0.016518939368, 0.25771592955, 0],
      [0.025859632337, 0.015420711386, 0.8841550733, 0.054286856771, 0.020277726209],
      [0.0048290508301, 0, 0, 0.99517094917, 0],
      [0.037932256457, 0.4766990869, 0.18835726564, 0.22969819968, 0.06731319132]
    ],
    [
      [0.74394839824, 0.013666228987, 0.0051845716085, 0.23696344975, 0.00023735141818],
      [0.0049926206346, 0.77888827188, 0.026945506943, 0.18656968633, 0.0026039142098],
      [0, 0.050418493522, 0.89218487771, 0.022111493905, 0.035285134864],
      [0, 0.016747661372, 0.010143178354, 0.97211546725, 0.0009936930214],
      [0.012480658272, 0.53050543464, 0.17963956183, 0.17604276598, 0.10133157927]
    ],
    [
      [0.83137199066, 0.0064416189304, 0.0055294928843, 0.15584494043, 0.00081195710049],
      [0.020964207656, 0.71217003067, 0.054633601234, 0.19951152304, 0.012720637401],
      [0.010403130277, 6.7728502133e-05, 0.88883368763, 0, 0.10069545359],
      [0, 0, 0.022167684493, 0.97304800247, 0.0047843130332],
      [0.020202886189, 0.38422761476, 0.18631882446, 0.14119430332, 0.26805637126]
    ],
    [
      [0.81058626329, 0.0093400797824, 0.0059032640379, 0.17344500331, 0.00072538957845],
      [0.015123371552, 0.74400241867, 0.044722126476, 0.18778279798, 0.0083692853158],
      [0.0069338220586, 0.031567017329, 0.87714807106, 0.012615956438, 0.071735133113],
      [0, 0.0078896186653, 0.024514428409, 0.9630989743, 0.0044969786276],
      [0.018976703034, 0.4484950427, 0.17737415975, 0.15828232361, 0.19687177091]
    ]
  ],
  "expected_outcome": [
    [
      [222.3767502804, 26.6663402234, 19.6809057742, 28.4683262134, 36.8943622988, 35.0502759324, 28.8453167301, 26.9902710852, 14, 34.0571036206, 16.5207769226, 18.8045706645, 17.878207902, 28.9302844677, 24.8530125988, 11.7284094125, 20.8962428697, 17.0458318751, 20.5408588592, 13.2611962857, 24.7910436633, 12.5259255324, 13.3719486942, 14.1095238138, 7.170725764, 25.7184680493, 16.6461000536, 12.4481644662, 16.0449447319, 18.4681377791, 12.8042418833, 7.5081806055, 10.8316876116, 16.0720204671, 6.082328881, 2.637536084, 6.1999681242, 7.3233035711, 12.0549362476, 9.4889088531, 3.2370369622, 4.9629683241, 8.0782614441, 6.5133151133, 12.5614814567, 5.8909746662, 18, 6.5597078405, 13.7736668246, 25.2654396669, 23.6427420425, 10.5703135877, 5.6855534289, 11.7342350704, 26.3004761062, 15, 17.2199401344, 17.2794089337, 7, 17.5793152682, 9.8842629826, 15.0869693706, 16.314094359, 17.6800809193, 8.5891405007, 35.3380727247, 5.9515871859, 5.8196039346, 10.5376214228],
      [1.9679883055, 0, 0.24675854435, 0.26130365859, 0.66420455713, 0, 0.089777820495, 0.25277481651, 1.2969045755, 0.40910342029, 0.074548763122, 0.13300492818, 0, 0.1700555825, 0.44307838975, 0.11054349693, 0.12579901479, 0.18350565365, 0.039519988815, 0.16179595979, 0.17520337901, 0.084553953339, 0.12260558957, 0.09407833325, 0.06677092911, 1.7772302371e-32, 0.042994748124, 0.085028781578, 0.1590033204, 0.35995400476, 0.049238757639, 0.060788871517, 0.13011104186, 0.07374730365, 0.05429146213, 0.025192803043, 0.079392321673, 0.077005869412, 0.12437871421, 0.10108803497, 0.026584463588, 0.042906044349, 0.10017325962, 0.099474525087, 0.1254544405, 0.047710080081, 0.20414033027, 0.019165201266, 0.08088404464, 0, 0.19266624332, 0.066343382339, 0.05966044669, 0.12781156317, 0, 0.10728934423, 0.010142158396, 0, 0.081477425659, 0.11502733614, 0.1445952942, 0.061135568638, 0.14070344197, 0.1917758007, 0.08971617946, 0.15298567518, 0.1093298319, 0.045091332513, 0.12142103717],
      [1.1798615785, 0, 0.098675070375, 0, 0, 0, 0.18201137169, 0.038396611385, 0.45874041078, 0, 0.094788243798, 0.097240794878, 0.062683198008, 0.12242203331, 0, 0, 0.079296116831, 0, 0.084527287488, 0, 0.080758880291, 0.17766233648, 0.12692807168, 0.085448855608, 0.062905895398, 0, 0, 0.00030782585858, 0, 0.00069551285507, 0.038484643716, 0.032439444649, 0.049869577629, 0.037631750674, 0.033445585011, 0.016359123381, 0.040835471679, 0.065516388654, 0.085269835396, 0.07217348099, 0.021732817119, 0.029665563095, 0.051642061977, 0.052179427627, 0.075411521195, 0.041607458096, 0.7020901052, 0.051459058429, 0, 0, 0, 0.12540789835, 0.051981101019, 0.0022754052579, 0, 3.9443045261e-31, 0, 0, 0.019586465084, 0.003251596074, 0.11057450092, 0.067225504694, 0.093820986751, 0, 0.068870417443, 0.039115095813, 0.041476572868, 0.03870645019, 0.076742432492],
      [52.4488436398, 6.3336597766, 2.9492630702, 5.270370128, 9.441433144, 6.9497240676, 4.8772158113, 5.6951174867, 5.2279768851, 6.5295341714, 2.3096071607, 3.945317101, 3.0591088999, 5.7772379165, 4.7039090114, 3.1610470905, 3.8903577955, 3.7706624713, 4.3302135654, 2.5764444818, 6.9529940774, 2.2024418909, 3.3649298767, 2.7108556412, 1.6952741034, 6.2815319507, 3.3109051983, 2.4664989264, 2.7960519477, 3.1712127033, 3.1080347153, 1.3985435104, 2.9878044568, 2.8164945708, 1.8292923943, 0.31981968868, 1.6773668178, 1.5329605204, 2.7336490118, 2.3327012357, 0.71232191563, 0.96317014495, 1.7643416759, 1.3314077871, 2.2296605709, 1.0151642235, 5.0893067013, 1.3686565871, 2.1454491307, 5.7345603331, 6.1645917142, 2.2309939728, 1.1977891795, 2.1323458582, 6.6995238938, 4.8927106558, 3.7699177072, 4.7205910663, 2.893135379, 3.3024057995, 1.8520802336, 3.784669556, 2.4508367919, 5.12814328, 2.2494115381, 6.4698265043, 1.895707598, 1.090914583, 2.2547850431],
      [0.026556195799, 0, 0.024397540813, 0, 0, 0, 0.0056782664722, 0.023440000279, 0.016378128669, 0.0042587876485, 0.00027890972323, 0.019866511357, 0, 0, 0, 0, 0.0083042031152, 0, 0.0048802991109, 0.00056327268434, 0, 0.0094162868145, 0.013587767852, 9.3356091009e-05, 0.0043233080965, 2.6537523071e-34, 0, 0, 0, 0, 0, 4.7567912396e-05, 0.00052731212783, 0.00010590779871, 0.00064167757753, 0.0010923008641, 0.0024372646941, 0.0012136504447, 0.0017661909681, 0.0051283952519, 0.0023238414712, 0.0012899234785, 0.0055815584511, 0.0036231468809, 0.0079920106308, 0.0045435720943, 0.0044628632422, 0.001011312673, 0, 0, 0, 0.006941158832, 0.0050158438291, 0.0033321030127, 0, 0, 0, 0, 0.0058007302758, 0, 0.00848698877, 0, 0.00054442039482, 0, 0.0028613642541, 0, 0.0018988113454, 0.0056836997034, 0.0094300645198]
    ],
    [
      [27.790903656, 3.4214631879, 2.6253389243, 6.4346499672, 1.2214464641, 7.6204697522, 6.28604472, 3.5427052896, 0, 4.6053740027, 3.5291056024, 1.8896855315, 4.7754157834, 3.4879455127, 0.87296857868, 1.2207606995, 5.3161537411, 2.2801210727, 5.0954849505, 2.0419523626, 0.40720114295, 1.6387515107, 0.87888491113, 2.7158645714, 1.347565982, 3.3038805668, 3.3831259653, 2.9152771212, 2.7045303706, 2.578024214, 2.4025974277, 2.4518242247, 1.088367739, 3.6671850406, 1.3581176613, 3.1069057256, 0.79570595364, 1.1876568892, 0.90448972952, 1.1499864167, 1.3738785798, 1.8925552878, 1.3232416026, 0.8485916346, 2.1213768802, 3.8162210633, 0, 3.3130136817, 5.9287408941, 3.3455403647, 0.89060493907, 1.1285596089, 0.66196625442, 2.8326312878, 2.8091430368, 0, 2.5077693497, 1.6473651426, 0, 3.9601289126, 0.82317446621, 1.2919247236, 4.0015019961, 0, 0.76323213208, 6.9017069754, 0.52422516664, 2.0754565579, 1.7694344716],
      [993.7022600319, 73.1288451892, 82.9008776089, 122.2763278593, 98.7378415015, 96.6446836154, 76.8536881282, 98.8568415618, 75.9266105546, 101.8602212789, 55.5150627314, 57.940058181, 32.839503354, 84.9651197222, 99.4769149769, 68.6476047403, 105.8954356119, 76.8727897489, 90.2640469071, 64.6350606382, 84.690026008, 57.33815203, 58.1483301594, 74.2835003798, 68.8154235959, 70.0559458828, 89.9773221069, 69.1736865191, 73.3494702477, 89.792374175, 59.3777323752, 74.977496986, 70.4353169407, 67.4490633258, 69.1310602962, 67.0762823083, 76.8216385685, 65.7666515361, 51.9044205904, 75.0513939608, 52.7419190623, 71.7721936374, 84.131549093, 100.1834027484, 72.1888076945, 81.1783272628, 77.2682231462, 48.5255925311, 97.6115030547, 70.8540657671, 100.4371125356, 53.6895884272, 48.510722856, 77.4268466059, 59.4504395046, 40.9849895301, 56.8537337996, 33.2766005221, 42.3898036828, 89.2873282996, 80.870544116, 57.8432053729, 75.5304387169, 70.5356871093, 42.693040327, 81.6416390166, 81.7832685474, 70.5048330366, 87.0482829848],
      [42.0480676721, 0, 3.1625118633, 0, 0, 0, 4.1901309664, 1.6859094158, 2.3771712805, 1.0864876631, 2.8955917153, 2.4782671469, 2.3472113401, 3.3801755729, 0, 0, 4.2625852779, 0, 5.4691892501, 0, 2.9099968255, 5.8359131763, 3.6833301143, 4.0350094688, 5.6606976199, 2.5261034619e-31, 0, 0.6151893163, 0, 0.3756469585, 2.2442055925, 3.2067179647, 2.1816774494, 2.2197190949, 3.0537951412, 6.504320001, 3.7456825116, 5.0132993819, 2.5589531612, 4.5059820105, 4.2982699577, 4.924264981, 3.9211647507, 5.7177785294, 3.5421263282, 7.0808732498, 5.8918509402, 6.8516217894, 0, 0, 0, 4.8685496344, 3.6679657105, 0, 0, 0, 0, 0, 0, 0, 6.5103111968, 3.1893428966, 3.8394388561, 0, 2.2994031997, 2.0153106029, 2.829278229, 5.4087265221, 5.2324887977],
      [354.9142129918, 44.4496916229, 17.4081436328, 42.1960762689, 34.0407120344, 55.7348466324, 28.3135029, 34.9289560543, 25.9994325238, 32.0679197987, 16.9360379235, 21.1059151037, 16.9217170774, 31.023339251, 29.4192201437, 30.0892638052, 38.7905717304, 27.8154376042, 45.564749832, 20.1670962467, 38.7942380518, 14.7332903306, 19.7190871031, 24.8997276924, 20.5685324288, 43.6401735504, 41.6395519277, 28.1559128414, 24.9459993818, 18.2205302057, 32.8887880097, 23.3492647753, 24.2181853206, 26.4621706758, 30.3234975294, 6.7550825234, 22.2234626772, 15.874234545, 16.4971865904, 22.7648855783, 16.8271319824, 20.0557154547, 19.8637341023, 16.5627652314, 18.5781453614, 17.7401420963, 25.6290911273, 24.0846420475, 37.4597560512, 41.8003938683, 46.6722825253, 16.8949270724, 11.6250537123, 23.3237059819, 35.7404174585, 23.0150104699, 27.6384968507, 29.0760343353, 20.170135814, 36.7525427878, 10.0770160189, 28.5477965663, 19.5272641949, 30.4643128907, 14.0628668402, 31.4413434051, 19.5898170649, 19.7516407806, 21.9705873639],
      [2.5445556481, 0, 0.90312797065, 0.092945904648, 0, 0, 0.35663328537, 0.98558767846, 0.6967856412, 0.37999725656, 0.12420202739, 0.5860740368, 0.11615244504, 0.14341994126, 0.23089630073, 0.042370755027, 0.7352536387, 0.031651574171, 0.60652906032, 0.15589075248, 0.19853797179, 0.45389295248, 0.57036771201, 0.065897887692, 0.60778037337, 0, 0, 0.13993420191, 0, 0.033424446796, 0.086676594923, 0.01469604931, 0.076452550309, 0.20186186286, 0.1335293719, 0.55740944171, 0.41351028905, 0.15815764771, 0.13494992849, 0.52775203373, 0.75880041778, 0.35527063901, 0.76031045137, 0.68746185621, 0.56954373566, 1.1844363278, 0.21083478633, 0.22512995024, 0, 0, 0, 0.41837525707, 0.53429146673, 0.4168161243, 0, 0, 0, 0, 0.44006050319, 0, 0.71895420209, 0.12773044077, 0.10135623589, 0, 0.18145750108, 0, 0.27341099202, 1.2593431027, 0.97920638195]
    ],
    [
