{
  "Z_true": {},
  "V_true": [
    [1553, 898, 643, 154],
    [552, 5197, 287, 419],
    [456, 168, 22341, 1102],
    [181, 572, 381, 279],
    [119, 216, 1185, 755]
  ],
  "p_true": [
    [0.4781, 0.2765, 0.198, 0.0474],
    [0.0855, 0.8051, 0.0445, 0.0649],
    [0.0189, 0.007, 0.9283, 0.0458],
    [0.1281, 0.4048, 0.2696, 0.1975],
    [0.0523, 0.0949, 0.5209, 0.3319]
  ],
  "Z_est": [
    [
      [1.9563, 0.6139, 0.1496, 6, 9, 3.3913, 1.0626, 3.0446, 2.9969, 2.997, 2.9997, 7, 2.0001, 9, 9.9884, 9, 7, 5, 15, 10, 19, 16, 0.1012, 7, 1.3986, 1.8726, 10, 8, 1.1358, 0.5453, 1.2432, 0.1999, 2.0047, 7, 7, 2.9849, 6, 0.523, 7, 2, 15, 5, 7, 2.5689, 4, 1.2143, 21, 8, 33, 8],
      [1.6815, 0.7584, 0.4865, 8, 16, 2.6163, 3.1979, 1.0032, 13.9921, 9.9255, 17.9996, 17, 18.9999, 9, 30.9805, 16, 8, 6, 21, 13, 28, 35, 0.1597, 9, 6.7823, 5.0605, 22, 9, 1.8965, 0.5028, 0.7166, 0.6154, 4.9855, 8, 9, 2.0003, 5, 1.9514, 7, 3, 19, 6, 10, 2.7391, 4.9999, 1.4068, 44, 14, 74, 12],
      [2.9762, 1.5349, 0.3639, 34, 48, 5.7467, 7.1346, 6.5848, 4.9984, 1.0734, 7.0006, 46, 6, 65, 54.0157, 82, 68, 38, 117, 49, 135, 112, 1.6498, 57, 9.4167, 8.9869, 69, 61, 2.7702, 2.8617, 4.1892, 1.0413, 0.0022, 44, 53, 8.9857, 29, 9.4876, 56, 20, 143, 49, 60, 14.8396, 28, 6.2058, 255, 35, 181, 55],
      [0.386, 0.0927, 0, 4, 5, 0.2457, 0.6049, 0.3673, 1.0126, 0.0041, 2.0001, 4, 3, 5, 6.0154, 6, 5, 4, 15, 5, 15, 13, 0.0892, 7, 1.4025, 1.0799, 10, 6, 0.1975, 0.0901, 0.851, 0.1434, 0.0076, 5, 3, 1.029, 4, 0.038, 4, 2, 8, 5, 6, 0.8524, 2, 0.1731, 20, 4, 23, 4]
    ],
    [
      [1.2471, 1.0643, 0.9189, 8, 12, 3.4353, 0.881, 4.1794, 20.9984, 14.7707, 15.0002, 13, 21.9992, 6, 19.9997, 11, 10, 5, 20, 17, 23, 23, 0.0504, 7, 5.4091, 2.7876, 19, 6, 2.6107, 1.1057, 0.4048, 0.1265, 10.954, 9, 7, 2.9875, 6, 0.0679, 6, 3, 13, 5, 10, 0.8715, 2, 0.6841, 32, 13, 62, 9],
      [2.3293, 2.9814, 6.734, 16, 28, 4.4277, 11.092, 8.1184, 217.0285, 199.7562, 177.0019, 31, 301.0022, 9, 70.0435, 23, 14, 9, 30, 24, 35, 57, 0.1499, 14, 19.6215, 20.4603, 49, 10, 17.7772, 2.6132, 0.7991, 0.9546, 164.0692, 12, 12, 7.9861, 7, 1.4396, 12, 6, 22, 11, 19, 3.3223, 6.0001, 2.3416, 74, 33, 141, 15],
      [2.0572, 2.6394, 2.3471, 59, 75, 5.9333, 21.5195, 15.3787, 73.9873, 22.3288, 66.9996, 84, 92.9994, 53, 119.9644, 110, 106, 50, 162, 85, 167, 177, 0.757, 85, 28.397, 31.9834, 150, 58, 11.0682, 6.0616, 2.0507, 0.7942, 23.9799, 61, 66, 24.0544, 39, 6.504, 71, 40, 149, 72, 108, 8.0264, 25.9999, 7.6576, 419, 74, 345, 65],
      [0.3665, 0.3148, 0, 7, 8, 0.2037, 2.5074, 1.3236, 24.9858, 18.1443, 27.9984, 7, 46.9992, 4, 12.9924, 8, 7, 5, 20, 8, 19, 22, 0.0427, 11, 6.5725, 5.7686, 23, 6, 1.5438, 0.2196, 0.7454, 0.1246, 16.9969, 6, 4, 2.9721, 6, 0.9885, 5, 4, 8, 7, 11, 0.7797, 2, 0.3167, 33, 9, 44, 4]
    ],
    [
      [2.3434, 2.1566, 0.7566, 31, 40, 4.5171, 2.902, 13.1622, 7.0031, 1.0807, 5.9994, 34, 6.0001, 44, 38.0001, 65, 67, 37, 122, 51, 115, 82, 0.8133, 51, 8.5848, 4.0376, 61, 45, 4.6186, 3.1012, 3.5809, 0.6736, 1.0262, 41, 42, 10.0261, 27, 3.3459, 49, 17, 111, 36, 54, 7.1502, 17.9999, 7.7448, 205, 34, 161, 42],
      [2.1176, 2.9766, 2.7383, 60, 90, 4.2038, 20.83, 10.8812, 77.97, 24.3955, 73.0001, 85, 100.9988, 62, 134.9064, 132, 100, 59, 178, 78, 187, 208, 1.5837, 87, 25.2058, 32.3369, 167, 64, 12.0906, 3.5032, 2.6258, 2.4299, 28.9625, 63, 62, 23.0125, 35, 7.5208, 77, 47, 171, 67, 107, 11.7301, 39.9999, 7.6168, 479, 77, 375, 71],
      [4.6309, 6.3543, 2.505, 245, 252, 9.8557, 73.5763, 50.1317, 27.0221, 2.4496, 28.9998, 229, 31.0002, 418, 231.086, 667, 785, 365, 993, 279, 875, 648, 16.7957, 559, 62.3642, 59.7133, 504, 427, 19.0164, 17.7902, 16.7584, 5.1645, 4.0178, 321, 402, 81.9761, 192, 81.1257, 552, 302, 1242, 521, 605, 67.1432, 232.0002, 49.0153, 2725, 187, 911, 326],
      [0.9081, 0.5126, 0, 30, 28, 0.4235, 6.6917, 3.8249, 9.0047, 2.0742, 11.0007, 20, 15.0009, 35, 25.0074, 54, 58, 40, 127, 28, 99, 80, 0.8073, 73, 9.8452, 9.9121, 77, 47, 2.2744, 0.6054, 4.0349, 0.732, 1.9935, 36, 29, 11.9853, 29, 8.0076, 45, 32, 74, 53, 63, 2.9765, 23, 4.623, 219, 22, 116, 23]
    ],
    [
      [0.3232, 0, 0, 1, 2, 0, 0.1305, 0.5095, 2, 0.0753, 2.0005, 3, 1.0002, 5.2714e-12, 1.9962, 3, 2, 3, 7, 3, 7, 6, 0.0351, 2, 1.0144, 0.1523, 2, 2, 0.1551, 0.0466, 0.5273, 0, 0.0058, 1, 1, 0.0012, 1, 0.0062, 2, 1.2005e-08, 5, 2, 1, 0, 0, 0.1036, 9, 1, 8, 4.112e-09],
      [0.582, 0, 0, 3, 6, 0, 1.0498, 0.1946, 21.0063, 10.9981, 29.9984, 9, 26.9995, 1, 9.0424, 6, 3, 4, 11, 5, 12, 15, 0.1066, 3, 3.387, 5.1617, 7, 3, 0.5995, 0.1529, 0.6317, 0, 10.9965, 2, 1, 2.0154, 2, 0.0307, 4, 3, 7, 3, 4, 0, 1.0001, 0.3216, 22, 3, 20, 1.1744e-07],
      [0.8655, 0, 0, 14, 20, 0, 2.2707, 1.2046, 6.9953, 2.9998, 12.0008, 26, 9.0004, 10, 19.9651, 32, 32, 31, 61, 20, 59, 52, 0.7975, 22, 9.2155, 9.3393, 24, 25, 0.9251, 0.7764, 3.612, 0, 2.9896, 15, 13, 7.9834, 12, 3.0101, 32, 18, 57, 30, 22, 0, 9.9999, 2.7136, 132, 10, 52, 4],
      [0.2293, 0, 0, 2, 1, 0, 0.5489, 0.0913, 2.9984, 0.9268, 6.0002, 2, 4.9998, 1, 0.9963, 3, 3, 3, 9, 2, 6, 6, 0.0608, 3, 3.3831, 2.3467, 3, 3, 0.3204, 0.024, 1.2291, 0, 1.0081, 1, 2, 2, 2, 0.953, 2, 1, 4, 4, 2, 0, 2, 0.8613, 10, 1, 7, 1.1745e-07]
    ],
    [
      [0.1301, 0.1652, 0.1748, 3, 3, 0.6564, 0.0239, 0.1043, 2.0016, 0.0763, 1.0002, 4, 2.0003, 3, 4.0156, 5, 6, 3, 11, 4, 9, 9, 0, 4, 0.5931, 0.1498, 7, 4, 0.4798, 0.2012, 0.2438, 0, 0.0093, 3, 3, 1.0003, 1, 0.0571, 4, 1, 9, 2, 4, 0.4094, 1, 0.2532, 16, 3, 14, 3],
      [0.2897, 0.2836, 1.0411, 6, 6, 0.7521, 0.8302, 0.8026, 23.0031, 5.9246, 19.0001, 12, 29.9995, 4, 14.0272, 11, 10, 5, 16, 6, 15, 24, 0, 7, 2.0034, 2.9806, 20, 6, 2.6363, 0.2278, 0.2269, 0, 8.9863, 5, 5, 2.9856, 2, 0.0575, 6, 5, 14, 4, 8, 1.2084, 4, 0.3132, 38, 7, 32, 6],
      [0.4703, 0.4714, 0.7841, 26, 19, 1.4644, 3.4988, 1.7002, 7.9969, 1.1484, 6.9992, 33, 9, 29, 24.9688, 57, 79, 34, 89, 23, 72, 78, 0, 44, 5.6066, 4.977, 61, 44, 3.22, 1.5101, 2.3897, 0, 1.0105, 31, 32, 10.0004, 12, 6.8726, 48, 33, 107, 32, 51, 2.9908, 24, 3.4077, 221, 16, 79, 28],
      [0.11, 0.0798, 0, 5, 4, 0.1271, 0.6471, 0.3929, 3.9984, 1.8507, 4.0006, 4, 6.0001, 4, 4.9884, 6, 7, 5, 12, 4, 10, 12, 0, 7, 1.7968, 1.8926, 11, 7, 0.6639, 0.0609, 1.1396, 0, 2.9939, 5, 4, 3.0137, 3, 1.0128, 6, 5, 8, 4, 7, 0.3913, 4, 1.0259, 20, 3, 11, 4]
    ]
  ],
  "V_est": [
    [313.9928, 563.4584, 2156.8659, 213.6829],
    [489.5541, 1961.0498, 3533.4889, 470.9072],
    [1820.6244, 3841.637, 16712.4927, 1692.2459],
    [84.0829, 283.2749, 931.6645, 113.9776],
    [152.7458, 401.5799, 1502.488, 218.1864]
  ],
  "p_est": [
    [0.0967, 0.1735, 0.6641, 0.0658],
    [0.0758, 0.3038, 0.5474, 0.073],
    [0.0756, 0.1596, 0.6944, 0.0703],
    [0.0595, 0.2005, 0.6593, 0.0807],
    [0.0671, 0.1765, 0.6604, 0.0959]
  ],
  "EI_Z": {},
  "EI_V": 30.9358,
  "MAE_Z": {},
  "MAE_V": 1158.793,
  "MAE_p": 0.1855,
  "runtime": 0.3521
}
