{
  "X": [
    [9, 80, 11],
    [3, 86, 11],
    [5, 77, 18],
    [5, 75, 20],
    [8, 84, 8],
    [8, 75, 17],
    [4, 79, 17],
    [4, 78, 18],
    [6, 75, 19],
    [4, 80, 16],
    [4, 80, 16],
    [9, 82, 9],
    [6, 79, 15],
    [9, 81, 10],
    [8, 79, 13],
    [9, 76, 15],
    [10, 68, 22],
    [22, 30, 48],
    [29, 25, 46],
    [24, 41, 35],
    [30, 35, 35],
    [20, 42, 38],
    [18, 45, 37],
    [16, 46, 38],
    [20, 43, 37],
    [18, 38, 44],
    [24, 36, 40],
    [20, 43, 37],
    [20, 46, 34],
    [22, 45, 33],
    [16, 42, 42],
    [19, 50, 31],
    [23, 35, 42],
    [11, 65, 24],
    [5, 70, 25],
    [11, 67, 22],
    [4, 70, 26],
    [9, 56, 35],
    [8, 71, 21],
    [5, 72, 23],
    [11, 64, 25],
    [9, 73, 18],
    [5, 73, 22],
    [6, 77, 17],
    [11, 66, 23],
    [7, 69, 24],
    [8, 63, 29],
    [5, 77, 18],
    [8, 66, 26],
    [6, 64, 30]
  ],
  "W": [
    [67, 17, 16],
    [79, 10, 11],
    [60, 21, 19],
    [62, 21, 17],
    [66, 16, 18],
    [64, 17, 19],
    [64, 20, 16],
    [66, 13, 21],
    [70, 13, 17],
    [73, 13, 14],
    [65, 12, 23],
    [67, 15, 18],
    [67, 15, 18],
    [70, 13, 17],
    [61, 18, 21],
    [58, 19, 23],
    [54, 30, 16],
    [12, 73, 15],
    [10, 76, 14],
    [19, 67, 14],
    [16, 71, 13],
    [15, 63, 22],
    [19, 67, 14],
    [17, 62, 21],
    [19, 62, 19],
    [12, 69, 19],
    [15, 73, 12],
    [24, 63, 13],
    [19, 64, 17],
    [27, 58, 15],
    [18, 65, 17],
    [20, 63, 17],
    [15, 70, 15],
    [14, 29, 57],
    [16, 16, 68],
    [28, 25, 47],
    [18, 14, 68],
    [18, 24, 58],
    [15, 24, 61],
    [9, 15, 76],
    [13, 18, 69],
    [15, 13, 72],
    [12, 18, 70],
    [12, 22, 66],
    [17, 20, 63],
    [18, 12, 70],
    [17, 19, 64],
    [24, 14, 62],
    [16, 15, 69],
    [15, 20, 65]
  ],
  "method": "mcmc",
  "mcmc_stepsize": 3000,
  "mcmc_samples": 100,
  "burn_in": 10000,
  "cond_prob": [
    [
      [0.0022790936406, 0.94157405727, 0.056146849089],
      [0.40775414675, 0.2395517464, 0.35269410685],
      [0.11971751446, 0.80263490463, 0.077647580916]
    ],
    [
      [0.004169152256, 0.93401544245, 0.06181540529],
      [0.21494696481, 0.32424459398, 0.46080844121],
      [0.047378847611, 0.81548491876, 0.13713623363]
    ],
    [
      [0.0047987318757, 0.93005502201, 0.065146246111],
      [0.20068859666, 0.23050795877, 0.56880344457],
      [0.026190292508, 0.86084376552, 0.11296594197]
    ],
    [
      [0.017677703803, 0.89672183877, 0.085600457432],
      [0.18476699628, 0.22889882754, 0.58633417617],
      [0.0014044377843, 0.85861003636, 0.13998552586]
    ],
    [
      [0.0041039952619, 0.96641693042, 0.029479074315],
      [0.3888755096, 0.29568360135, 0.31544088905],
      [0.083729342169, 0.86030805392, 0.055962603914]
    ],
    [
      [0.017651726766, 0.90425837321, 0.078089900025],
      [0.28383148611, 0.15200553227, 0.56416298162],
      [0.10763969595, 0.76544052979, 0.12691977426]
    ],
    [
      [0.00058917622616, 0.93028653247, 0.069124291306],
      [0.19136082955, 0.25256823145, 0.55607093901],
      [0.0084422581619, 0.90064358082, 0.09091416102]
    ],
    [
      [0.0055443407101, 0.8898123349, 0.10464332439],
      [0.18322437092, 0.21697259413, 0.59980303495],
      [0.059626509104, 0.78341629395, 0.15695719695]
    ],
    [
      [0.015764124284, 0.8580350497, 0.12620082601],
      [0.23634929194, 0.1531654319, 0.61048527616],
      [0.10729238264, 0.76155270036, 0.131154917]
    ],
    [
      [0.0062403951129, 0.90967204785, 0.084087557033],
      [0.20472174964, 0.23801311682, 0.55726513354],
      [0.063076315101, 0.74998357057, 0.18694011433]
    ],
    [
      [0.004222889036, 0.9004882709, 0.095288840066],
      [0.21175730192, 0.23776948095, 0.55047321713],
      [0.051496721288, 0.80934907045, 0.13915420827]
    ],
    [
      [0.0034183431369, 0.94842313379, 0.048158523078],
      [0.43727425272, 0.25958644206, 0.30313930521],
      [0.12288095661, 0.80899185586, 0.068127187534]
    ],
    [
      [0.0072171977495, 0.91958790941, 0.073194892844],
      [0.26390199767, 0.19622908125, 0.53986892108],
      [0.086550988093, 0.80245410284, 0.11099490907]
    ],
    [
      [0.0042869675161, 0.94169377402, 0.054019258459],
      [0.51840114411, 0.16869159001, 0.31290726588],
      [0.1153351412, 0.75814383225, 0.12652102655]
    ],
    [
      [0.0025907650949, 0.93382785965, 0.063581375258],
      [0.328366176, 0.23251938695, 0.43911443705],
      [0.091970102918, 0.85005483792, 0.057975059159]
    ],
    [
      [0.0075316926967, 0.93706364646, 0.055404660844],
      [0.3507405136, 0.15308564298, 0.49617384342],
      [0.082569220226, 0.81485570821, 0.10257507157]
    ],
    [
      [0.00088256256745, 0.92666404988, 0.072453387551],
      [0.26657654155, 0.1692479408, 0.56417551765],
      [0.12219033593, 0.80516894265, 0.072640721419]
    ],
    [
      [0.0026742524382, 0.74626140034, 0.25106434722],
      [0.27340250091, 0.12508187114, 0.60151562795],
      [0.13396842697, 0.79425910683, 0.071772466194]
    ],
    [
      [0.013167910537, 0.69446750812, 0.29236458134],
      [0.35024116574, 0.098873905939, 0.55088492832],
      [0.16071373557, 0.75292200482, 0.08636425961]
    ],
    [
      [5.4504923848e-06, 0.84208946431, 0.1579050852],
      [0.32835605677, 0.2089647757, 0.46267916753],
      [0.14286004551, 0.78569001472, 0.071449939769]
    ],
    [
      [0.00017964088502, 0.81230906645, 0.18751129266],
      [0.3942215616, 0.16926177755, 0.43651666084],
      [0.15441499016, 0.76811297927, 0.07747203057]
    ],
    [
      [1.7311316512e-07, 0.80006499976, 0.19993482713],
      [0.28563656522, 0.17469645296, 0.53966698181],
      [0.091131536106, 0.86332493032, 0.045543533579]
    ],
    [
      [1.668906364e-06, 0.84210076751, 0.15789756358],
      [0.23880546136, 0.26865928759, 0.49253525104],
      [0.14285731283, 0.78570808204, 0.071434605137]
    ],
    [
      [1.0662776903e-06, 0.82354189564, 0.17645703809],
      [0.22578870979, 0.22582105619, 0.54839023402],
      [0.095289612689, 0.85708963287, 0.047620754439]
    ],
    [
      [3.6343668655e-07, 0.8421047287, 0.15789490786],
      [0.29031934167, 0.17742273978, 0.53225791855],
      [0.10527336374, 0.84209475202, 0.052631884247]
    ],
    [
      [1.3449620976e-05, 0.74998437161, 0.25000217877],
      [0.23187728118, 0.18842279779, 0.57969992103],
      [0.10527927386, 0.84205339437, 0.052667331778]
    ],
    [
      [0.0011538094294, 0.8000498635, 0.19879632708],
      [0.30132497001, 0.20598790342, 0.49268712657],
      [0.16549750398, 0.7468445915, 0.087657904526]
    ],
    [
      [1.0215932934e-07, 0.87499984838, 0.12500004946],
      [0.28571415103, 0.19047636754, 0.52380948143],
      [0.15384661794, 0.76923019107, 0.076923190993]
    ],
    [
      [4.2719810401e-08, 0.84210520784, 0.15789474944],
      [0.28124979583, 0.2500002193, 0.46874998487],
      [0.1176477797, 0.82352864799, 0.058823572306]
    ],
    [
      [1.5760200783e-06, 0.88888659874, 0.11111182524],
      [0.34482442952, 0.15517618742, 0.49999938306],
      [0.13334270235, 0.79998953091, 0.06666776674]
    ],
    [
      [1.7668865556e-05, 0.83333224967, 0.16665008147],
      [0.21537712199, 0.20001038189, 0.58461249611],
      [0.11765700181, 0.8234908637, 0.058852134484]
    ],
    [
      [1.0064021928e-08, 0.84999999163, 0.1499999983],
      [0.26984121306, 0.30158735956, 0.42857142738],
      [0.1176472574, 0.82352920677, 0.058823535835]
    ],
    [
      [0.00028327570412, 0.79948204452, 0.20023467978],
      [0.29985254395, 0.15750128001, 0.54264617604],
      [0.13373818587, 0.79884531543, 0.067416498698]
    ],
    [
      [0.004500475652, 0.84036498727, 0.15513453708],
      [0.18468322167, 0.13758508374, 0.6777316946],
      [0.097915437062, 0.86394601316, 0.038138549782]
    ],
    [
      [0.0043242046, 0.82885249463, 0.16682330077],
      [0.093653034854, 0.086285287545, 0.8200616776],
      [0.050475943658, 0.81408522772, 0.13543882862]
    ],
    [
      [0.029173526605, 0.86904520746, 0.10178126593],
      [0.24624147814, 0.13039706377, 0.62336145808],
      [0.085683070244, 0.83844271482, 0.075874214931]
    ],
    [
      [0.0039042167489, 0.81089600428, 0.18519977897],
      [0.13984775893, 0.07651527508, 0.78363696599],
      [0.028997874609, 0.79900967753, 0.17199244786]
    ],
    [
      [0.01531481426, 0.79131005816, 0.19337512758],
      [0.090242759682, 0.070510740436, 0.83924649988],
      [0.11307770881, 0.6907613997, 0.19616089149]
    ],
    [
      [0.040473138286, 0.82098231945, 0.13854454227],
      [0.20221918561, 0.19513292938, 0.60264788501],
      [0.041633483131, 0.88527991645, 0.073086600424]
    ],
    [
      [0.00068169921713, 0.81276979185, 0.18654850893],
      [0.14158229465, 0.095293467289, 0.76312423807],
      [0.037764872202, 0.83231144558, 0.12992368222]
    ],
    [
      [0.00080156637914, 0.83828256078, 0.16091587284],
      [0.27683464462, 0.061064682706, 0.66210067268],
      [0.087051536724, 0.7536690206, 0.15927944268]
    ],
    [
      [0.0026642429745, 0.81988912594, 0.17744663109],
      [0.32572189854, 0.25660088482, 0.41767721664],
      [0.065634051032, 0.79674793901, 0.13761800996]
    ],
    [
      [0.00013285169363, 0.82751319115, 0.17235395715],
      [0.16387836632, 0.18371586189, 0.65240577179],
      [0.029265645514, 0.85375651703, 0.11697783746]
    ],
    [
      [0.0016792472301, 0.87127310626, 0.12704764651],
      [0.17884051135, 0.2778695715, 0.54328991715],
      [0.030990269447, 0.91563018412, 0.053379546433]
    ],
    [
      [0.010017141541, 0.78836228329, 0.20162057517],
      [0.22556414692, 0.087275550136, 0.68716030294],
      [0.10029247072, 0.80717984415, 0.092527685131]
    ],
    [
      [0.0030008813177, 0.77427509893, 0.22272401975],
      [0.16309159281, 0.11211348995, 0.72479491725],
      [0.071269786037, 0.76739551914, 0.16133469482]
    ],
    [
      [0.0063115659853, 0.8079567839, 0.18573165011],
      [0.099299343665, 0.07586641782, 0.82483423852],
      [0.093843997634, 0.74723863649, 0.15891736588]
    ],
    [
      [0.0035442528424, 0.87033170167, 0.12612404549],
      [0.16566273678, 0.15298799201, 0.68134927122],
      [0.041865477692, 0.87048721406, 0.087647308244]
    ],
    [
      [0.0057326224707, 0.80022819727, 0.19403918026],
      [0.137954505, 0.079247034159, 0.78279846084],
      [0.084622615442, 0.75373396132, 0.16164342324]
    ],
    [
      [0.00078466518687, 0.84086984461, 0.15834549021],
      [0.1485414235, 0.096297813892, 0.75516076261],
      [0.046421562342, 0.76093840082, 0.19264003684]
    ]
  ],
  "expected_outcome": [
    [
      [0.15269927392, 0.32936302822, 0.28792391254, 1.0960176358, 0.27086368729, 1.129710513, 0.037707278474, 0.36592648687, 1.1034886999, 0.45554884324, 0.27448778734, 0.22902899017, 0.48355224922, 0.30008772612, 0.15803667079, 0.43683817641, 0.047658378642, 0.032091029259, 0.13167910537, 0.00010355935531, 0.0028742541603, 2.5966974768e-06, 3.1709220917e-05, 1.8126720735e-05, 6.9052970444e-06, 0.00016139545171, 0.01730714144, 2.4518239041e-06, 8.1167639761e-07, 4.2552542115e-05, 0.00031803958001, 2.0128043856e-07, 0.0042491355619, 0.063006659129, 0.0691872736, 0.81685874493, 0.070275901481, 0.27566665667, 0.60709707429, 0.0061352929541, 0.010420362929, 0.039963644617, 0.0015942203236, 0.020150966761, 0.1702914062, 0.054015863719, 0.10729662175, 0.085062068217, 0.091721959531, 0.011769977803],
      [63.0854618371, 73.7872199538, 55.8033013208, 55.5967540035, 63.7835174079, 57.8725358854, 59.538338078, 58.7276141034, 60.0624534793, 66.4060594934, 58.5317376084, 63.5443499636, 61.6123899302, 65.9185641817, 56.9634994384, 54.3496914946, 50.0398586936, 8.9551368041, 6.9446750812, 15.9996998218, 12.9969450632, 12.0009749963, 15.9999145827, 14.0002122258, 15.9999898454, 8.9998124593, 12.0007479524, 20.9999963612, 15.999998949, 23.999938166, 14.999980494, 16.9999998327, 11.9922306678, 11.7651098217, 13.2616399141, 24.3332658089, 14.5961280771, 14.243581047, 12.3147347917, 7.3149281267, 10.8976732902, 12.298336889, 9.9301582938, 10.4552772751, 13.4021588159, 13.9369517808, 13.7352653264, 20.88796084, 12.8036511563, 12.6130476691],
      [3.7618388889, 4.8834170179, 3.9087747666, 5.3072283608, 1.9456189048, 4.9977536016, 4.4239546436, 6.9064594097, 8.8340578209, 6.1383916634, 6.1937746043, 3.2266210462, 4.9040578206, 3.7813480921, 3.8784638908, 3.2134703289, 3.9124829277, 3.0127721667, 2.9236458134, 3.0001966188, 3.0001806826, 2.999022407, 3.0000537081, 2.9997696475, 3.0000032493, 3.0000261453, 2.9819449061, 3.000001187, 3.0000002393, 3.0000192815, 2.9997014664, 2.999999966, 3.0035201967, 2.1718835191, 2.6691728123, 2.8498754461, 3.3335960214, 3.4807522964, 2.078168134, 1.6789365804, 2.0919063469, 2.6616994664, 2.0682474858, 1.5245717581, 3.4275497779, 4.0090323555, 3.1574380519, 3.0269770918, 3.1046268841, 2.3751823531]
    ],
    [
      [6.9318204948, 2.1494696481, 4.2144605298, 3.8801069219, 6.2220081537, 4.8251352639, 3.8272165909, 2.381916822, 3.0725407952, 2.6613827453, 2.541087623, 6.5591137909, 3.9585299651, 6.7392148734, 5.9105911679, 6.6640697584, 7.9972962464, 19.9583825662, 26.6183285966, 21.9998558035, 27.9897308738, 17.995103609, 15.9999659112, 13.9989000068, 17.9997991837, 15.9995324013, 21.9967228108, 17.999991515, 17.9999869334, 19.9998169121, 13.9995129296, 16.999996423, 20.9896780764, 5.3558134283, 1.4984485577, 6.1560369536, 1.9578686251, 2.1658262324, 4.8532604547, 2.1237344197, 4.9830236031, 4.2343846811, 2.9498105937, 3.9344912497, 4.5112829385, 1.9570991137, 1.8866875296, 2.3192783149, 2.069317575, 2.97082847],
      [4.0723796888, 3.2424459398, 4.8406671342, 4.8068753784, 4.7309376216, 2.5840940486, 5.0513646289, 2.8206437237, 1.9911506147, 3.0941705186, 2.8532337714, 3.893796631, 2.9434362187, 2.1929906701, 4.1853489652, 2.9086272166, 5.077438224, 9.1309765934, 7.5144168513, 14.0006399721, 12.0175862063, 11.0058765367, 18.0001722688, 14.0009054839, 11.0002098663, 13.0011730477, 15.0371169496, 12.0000111549, 16.0000140351, 9.0002188704, 13.0006748231, 19.0000036522, 11.0250896007, 3.9899674284, 1.3805646007, 3.2599265943, 1.0712138511, 1.6922577705, 4.6831903051, 1.4294020093, 1.0991642887, 3.3358115026, 3.306885514, 6.113130573, 1.7455110027, 1.3453618794, 1.4414619386, 2.1418318881, 1.1887055124, 1.9259562778],
      [5.9957998164, 4.6080844121, 11.944872336, 12.3130176997, 5.0470542248, 9.5907706875, 11.1214187801, 7.7974394544, 7.9363085901, 7.244446736, 6.6056786056, 4.5470895782, 8.0980338162, 4.0677944565, 7.9040598669, 9.427303025, 16.9252655296, 43.9106408404, 41.8672545521, 30.9995042244, 30.99268292, 33.9990198543, 32.99986182, 34.0001945093, 32.99999095, 39.999294551, 35.9661602396, 32.9999973301, 29.9999990315, 28.9999642174, 37.9998122474, 26.9999999248, 37.9852323229, 19.6542191433, 13.1209868416, 15.5840364521, 10.9709175238, 20.1419159971, 14.4635492401, 11.446863571, 11.9178121082, 5.4298038163, 11.7433038923, 11.9523781773, 13.7432060588, 8.6975390069, 15.6718505318, 9.538889797, 11.7419769126, 15.1032152522]
    ],
    [
      [1.9154802313, 0.52116732372, 0.49761555765, 0.023875442333, 1.507128159, 2.0451542231, 0.13507613059, 1.2521566912, 1.8239705049, 0.88306841142, 1.1844245896, 2.211857219, 1.5579177857, 1.9606974004, 1.9313721613, 1.8990920652, 1.9550453749, 2.0095264046, 2.249992298, 2.0000406371, 2.0073948721, 2.0048937943, 2.0000023796, 2.0010818665, 2.000193911, 2.0003062033, 1.9859700477, 2.0000060332, 2.0000122549, 2.0001405353, 2.0001690308, 2.0000033757, 2.006072788, 5.5811799125, 3.4323641687, 4.0271043015, 1.9718554734, 6.558507111, 2.539642471, 2.8701302874, 6.006556034, 4.7256516743, 2.048595186, 2.0453577835, 6.3184256553, 4.9888850226, 6.0060158486, 2.5956596169, 5.8389604655, 3.0174015522],
      [12.842158474, 8.9703341064, 16.3560315449, 14.5963706181, 15.4855449705, 14.543370066, 14.4102972931, 16.4517421729, 12.9463959061, 10.499769988, 18.6150286203, 14.5618534054, 14.4441738511, 12.8884451482, 17.8511515964, 18.7416812887, 12.8827030824, 11.9138866025, 10.5409080674, 10.9996602061, 9.9854687305, 18.9931484669, 10.9999131485, 17.9988822903, 15.9998002883, 15.999014493, 8.962135098, 9.9999924839, 13.9999870159, 11.9998429636, 13.9993446829, 13.9999965151, 11.9826797315, 49.2449227499, 55.3577954852, 39.4068075968, 54.3326580718, 40.0641611826, 54.0020749032, 63.255669864, 52.0031624211, 57.3658516084, 59.7629561921, 60.4315921519, 50.8523301814, 53.7176863398, 47.8232727351, 53.9702072719, 52.0076433313, 49.460996053],
      [1.2423612946, 1.5084985699, 2.1463528974, 2.3797539395, 1.0073268704, 2.4114757109, 1.4546265763, 3.2961011359, 2.229633589, 2.6171616006, 3.2005467901, 1.2262893756, 1.9979083632, 2.1508574514, 1.2174762423, 2.3592266461, 1.1622515427, 1.0765869929, 1.2090996345, 1.0002991568, 1.0071363974, 1.0019577387, 1.0000844719, 1.0000358432, 1.0000058007, 1.0006793038, 1.0518948543, 1.0000014829, 1.0000007292, 1.0000165011, 1.0004862862, 1.0000001092, 1.0112474805, 2.1738973376, 9.2098403461, 3.5660881018, 11.6954864548, 11.3773317065, 4.4582826258, 9.8741998486, 10.9902815449, 9.9084967173, 8.1884486219, 3.5230500646, 5.8292441632, 11.2934286376, 10.1707114163, 5.4341331112, 11.1533962032, 12.5216023947]
    ]
  ],
  "prob": [
    [0.0062291470909, 0.88937110033, 0.10439975258],
    [0.26706505197, 0.1847791535, 0.54815579453],
    [0.075281254597, 0.80935865958, 0.11536008582]
  ],
  "iterations": 15,
  "time": 0.010615,
  "message": "Converged",
  "status": 0,
  "miniter": 0,
  "maxiter": 1000,
  "maxtime": 3600,
  "param_threshold": 0.001,
  "ll_threshold": "-Inf",
  "initial_prob": "group_proportional",
  "ballotbox_id": ["1", "2", "3", "4", "5", "6", "7", "8", "9", "10", "11", "12", "13", "14", "15", "16", "17", "18", "19", "20", "21", "22", "23", "24", "25", "26", "27", "28", "29", "30", "31", "32", "33", "34", "35", "36", "37", "38", "39", "40", "41", "42", "43", "44", "45", "46", "47", "48", "49", "50"],
  "candidates_id": ["1", "2", "3"],
  "group_id": ["1", "2", "3"]
}
