{
  "X": [
    [45, 34, 21],
    [54, 22, 24],
    [47, 25, 28],
    [60, 24, 16],
    [43, 28, 29],
    [51, 22, 27],
    [41, 22, 37],
    [50, 34, 16],
    [49, 26, 25],
    [47, 31, 22],
    [56, 21, 23],
    [43, 26, 31],
    [39, 32, 29],
    [49, 24, 27],
    [36, 26, 38],
    [53, 23, 24],
    [43, 23, 34],
    [14, 45, 41],
    [26, 41, 33],
    [26, 42, 32],
    [26, 38, 36],
    [30, 38, 32],
    [25, 34, 41],
    [22, 49, 29],
    [24, 38, 38],
    [22, 40, 38],
    [26, 34, 40],
    [19, 40, 41],
    [28, 36, 36],
    [25, 35, 40],
    [27, 33, 40],
    [24, 31, 45],
    [34, 26, 40],
    [26, 21, 53],
    [11, 15, 74],
    [18, 14, 68],
    [19, 17, 64],
    [18, 15, 67],
    [9, 19, 72],
    [24, 10, 66],
    [12, 24, 64],
    [15, 19, 66],
    [10, 21, 69],
    [17, 9, 74],
    [17, 14, 69],
    [16, 16, 68],
    [18, 19, 63],
    [12, 16, 72],
    [20, 18, 62],
    [17, 12, 71]
  ],
  "W": [
    [75, 13, 12],
    [68, 17, 15],
    [63, 20, 17],
    [74, 17, 9],
    [65, 16, 19],
    [68, 13, 19],
    [61, 12, 27],
    [66, 23, 11],
    [68, 13, 19],
    [69, 14, 17],
    [74, 12, 14],
    [69, 11, 20],
    [58, 21, 21],
    [64, 19, 17],
    [60, 15, 25],
    [68, 17, 15],
    [47, 34, 19],
    [13, 71, 16],
    [18, 65, 17],
    [18, 68, 14],
    [10, 68, 22],
    [21, 66, 13],
    [14, 63, 23],
    [14, 74, 12],
    [18, 63, 19],
    [17, 68, 15],
    [16, 64, 20],
    [13, 77, 10],
    [14, 71, 15],
    [22, 56, 22],
    [16, 70, 14],
    [13, 70, 17],
    [18, 61, 21],
    [18, 32, 50],
    [12, 16, 72],
    [20, 14, 66],
    [20, 16, 64],
    [21, 16, 63],
    [14, 20, 66],
    [25, 17, 58],
    [20, 16, 64],
    [17, 23, 60],
    [8, 27, 65],
    [22, 8, 70],
    [15, 13, 72],
    [18, 16, 66],
    [16, 19, 65],
    [14, 17, 69],
    [16, 18, 66],
    [19, 17, 64]
  ],
  "method": "mcmc",
  "mcmc_stepsize": 3000,
  "mcmc_samples": 100,
  "burn_in": 10000,
  "cond_prob": [
    [
      [0.54561194805, 0.37616436605, 0.078223685902],
      [0.2106449183, 0.41399077104, 0.37536431066],
      [0.11172666322, 0.033816043554, 0.85445729323]
    ],
    [
      [0.7057782547, 0.21218213507, 0.082039610232],
      [0.27740769641, 0.3856542839, 0.33693801969],
      [0.086076522779, 0.06769946592, 0.8462240113]
    ],
    [
      [0.65406401808, 0.23795681267, 0.10797916925],
      [0.22883553881, 0.44974932927, 0.32141513191],
      [0.071603299095, 0.059631424509, 0.8687652764]
    ],
    [
      [0.72468991873, 0.21635744481, 0.058952636453],
      [0.29936714984, 0.41055176227, 0.29008108789],
      [0.14263382959, 0.11224101392, 0.74512515648]
    ],
    [
      [0.56551314459, 0.32899182647, 0.10549502894],
      [0.3017226597, 0.34907780896, 0.34919953133],
      [0.0744254235, 0.054225596618, 0.87134897988]
    ],
    [
      [0.6783411602, 0.24940056447, 0.072258275334],
      [0.26375383639, 0.35282349802, 0.38342266559],
      [0.076000064918, 0.023897691679, 0.9001022434]
    ],
    [
      [0.58677943286, 0.27868209771, 0.13453846943],
      [0.28432137977, 0.3504167499, 0.36526187033],
      [0.066466594018, 0.029458927428, 0.90407447855]
    ],
    [
      [0.63170106873, 0.321780156, 0.046518775267],
      [0.3055034009, 0.48246107838, 0.21203552072],
      [0.11646829483, 0.15144590009, 0.73208580508]
    ],
    [
      [0.64252864532, 0.30299045859, 0.054480896083],
      [0.29619005743, 0.37184713766, 0.33196280491],
      [0.076714809021, 0.029612422424, 0.89367276856]
    ],
    [
      [0.60211920259, 0.34269441945, 0.055186377963],
      [0.30787772568, 0.42917552319, 0.26294675112],
      [0.067263933061, 0.079154572538, 0.8535814944]
    ],
    [
      [0.69976919531, 0.21606388721, 0.084166917487],
      [0.24998777935, 0.40002536725, 0.34998685339],
      [0.086944728224, 0.015069138542, 0.89798613323]
    ],
    [
      [0.57512845943, 0.31409797529, 0.11077356528],
      [0.24373383598, 0.36410389308, 0.39216227094],
      [0.031753205168, 0.016104844065, 0.95214195077]
    ],
    [
      [0.56744492707, 0.36227969156, 0.070275381376],
      [0.21895830473, 0.47305358156, 0.3079881137],
      [0.070955706228, 0.050173936987, 0.87887035678]
    ],
    [
      [0.67505986733, 0.23094150084, 0.093998631827],
      [0.24092660706, 0.43175943811, 0.32731395483],
      [0.071680173931, 0.059783213048, 0.86853661302]
    ],
    [
      [0.5000763441, 0.32622760586, 0.17369605004],
      [0.3051796146, 0.36152939225, 0.33329099314],
      [0.056709005409, 0.040136110576, 0.90315488401]
    ],
    [
      [0.6910896816, 0.22603767023, 0.082872648169],
      [0.27568134034, 0.3889875591, 0.33533110057],
      [0.087954591024, 0.067776661315, 0.84426874766]
    ],
    [
      [0.74136224025, 0.18997918293, 0.068658576822],
      [0.18042923623, 0.38197872155, 0.43759204222],
      [0.10638845666, 0.057036940509, 0.83657460283]
    ],
    [
      [0.50186719843, 0.29349607017, 0.2046367314],
      [0.09730380621, 0.56151081781, 0.34118537598],
      [0.03544726122, 0.082330188964, 0.88222254982]
    ],
    [
      [0.59405287464, 0.26030806222, 0.14563906314],
      [0.22255588821, 0.52529042616, 0.25215368563],
      [0.049465619008, 0.12768101056, 0.82285337043]
    ],
    [
      [0.57672532697, 0.25239257102, 0.17088210202],
      [0.21771348674, 0.51883346913, 0.26345304412],
      [0.058173358286, 0.15544698718, 0.78637965453]
    ],
    [
      [0.61980660025, 0.32425651455, 0.055936885194],
      [0.27541957238, 0.48692982299, 0.23765060463],
      [0.048791048906, 0.074827585949, 0.87638136515]
    ],
    [
      [0.58349637985, 0.24297943109, 0.17352418907],
      [0.26051425487, 0.46956127067, 0.26992447446],
      [0.042510400141, 0.14664523713, 0.81084436272]
    ],
    [
      [0.64628339683, 0.24152615498, 0.1121904482],
      [0.24160717199, 0.44234424438, 0.31604858363],
      [0.031773069967, 0.11960636672, 0.84862056332]
    ],
    [
      [0.58518155003, 0.26068113494, 0.15413731503],
      [0.17620942087, 0.58958961106, 0.23420096807],
      [0.063996762947, 0.143402741, 0.79260049605]
    ],
    [
      [0.50290233955, 0.33816469388, 0.15893296657],
      [0.21858622494, 0.47606686698, 0.30534690808],
      [0.061938195628, 0.10109594159, 0.83696586278]
    ],
    [
      [0.53661197321, 0.28056484107, 0.18282318571],
      [0.17431562795, 0.48903540325, 0.3366489688],
      [0.06827558363, 0.13173268539, 0.79999173098]
    ],
    [
      [0.59708556649, 0.25249147614, 0.15042295737],
      [0.24303980242, 0.43504307917, 0.3219171184],
      [0.044604179054, 0.10586896574, 0.84952685521]
    ],
    [
      [0.589922341, 0.27101857163, 0.13905908737],
      [0.13776295946, 0.46919225055, 0.39304478999],
      [0.072326168882, 0.034895527649, 0.89277830347]
    ],
    [
      [0.62888516885, 0.22948351935, 0.1416313118],
      [0.25624031905, 0.44395080387, 0.29980887708],
      [0.066836332243, 0.084448243596, 0.84871542416]
    ],
    [
      [0.4898064354, 0.36919407055, 0.14099949405],
      [0.2333817875, 0.44639998693, 0.32021822556],
      [0.052494469133, 0.085424144525, 0.86208138634]
    ],
    [
      [0.60861474963, 0.20732016864, 0.18406508173],
      [0.23328250485, 0.39574877622, 0.37096871893],
      [0.066599190481, 0.14146164045, 0.79193916907]
    ],
    [
      [0.60802335568, 0.24485979385, 0.14711685047],
      [0.21540713371, 0.3803927128, 0.40420015349],
      [0.059835118607, 0.069960752011, 0.87020412938]
    ],
    [
      [0.69344160335, 0.17361929465, 0.13293910199],
      [0.32464773295, 0.34217115097, 0.33318111608],
      [0.081644734749, 0.095352975577, 0.82300228967]
    ],
    [
      [0.74703739046, 0.19494022951, 0.058022380029],
      [0.29765267397, 0.45360736907, 0.24873995696],
      [0.060568828091, 0.059512801172, 0.87991837074]
    ],
    [
      [0.4415857196, 0.36440947838, 0.19400480202],
      [0.19715265844, 0.44976540777, 0.35308193378],
      [0.035368455969, 0.047650551876, 0.91698099215]
    ],
    [
      [0.58419900156, 0.27887439959, 0.13692659885],
      [0.28535353372, 0.40985759827, 0.30478886801],
      [0.035167734799, 0.040674327765, 0.92415793744]
    ],
    [
      [0.60761508484, 0.27297199133, 0.11941292383],
      [0.24922525236, 0.4598124401, 0.29096230754],
      [0.044688972897, 0.065368142684, 0.88994288442]
    ],
    [
      [0.56328251203, 0.27377787493, 0.16293961304],
      [0.24621316027, 0.47113360485, 0.28265323489],
      [0.035423121956, 0.027182967443, 0.9373939106]
    ],
    [
      [0.34721314824, 0.427167661, 0.22561919076],
      [0.13233705493, 0.4728519053, 0.39481103978],
      [0.022610224639, 0.053979009698, 0.92341076566]
    ],
    [
      [0.64865458371, 0.16770000668, 0.18364540961],
      [0.35832553244, 0.27032906194, 0.37134540562],
      [0.029174161305, 0.020894927242, 0.94993091145]
    ],
    [
      [0.46923977446, 0.38912483037, 0.14163539516],
      [0.049065623663, 0.62507441058, 0.32585996575],
      [0.028596164564, 0.097129887863, 0.87427394757]
    ],
    [
      [0.42523686516, 0.30311260092, 0.27165053391],
      [0.22859814449, 0.47045960912, 0.30094224639],
      [0.041886932816, 0.05044191291, 0.90767115427]
    ],
    [
      [0.52480517774, 0.3025974085, 0.17259741377],
      [0.12998697006, 0.55884214564, 0.3111708843],
      [0.035260159792, 0.053699735382, 0.91104010483]
    ],
    [
      [0.62274235834, 0.18360978011, 0.19364786155],
      [0.15851547345, 0.40353594973, 0.43794857682],
      [0.029022061842, 0.024747103424, 0.94623083473]
    ],
    [
      [0.62057272444, 0.25011952434, 0.12930775122],
      [0.31383319576, 0.45093503656, 0.23523176768],
      [0.050160799841, 0.060917384161, 0.888921816]
    ],
    [
      [0.50322354676, 0.39437653244, 0.1023999208],
      [0.25879585006, 0.38725496496, 0.35394918498],
      [0.042443069051, 0.040987014798, 0.91656991615]
    ],
    [
      [0.61055267166, 0.36511113005, 0.024336198293],
      [0.27246864659, 0.43319613442, 0.29433521899],
      [0.046988507204, 0.075807621004, 0.87720387179]
    ],
    [
      [0.42090575507, 0.46177199017, 0.11732225476],
      [0.18943661966, 0.38231126962, 0.42825211073],
      [0.041839085432, 0.043998558756, 0.91416235581]
    ],
    [
      [0.59421588964, 0.35692301476, 0.048861095605],
      [0.39242655729, 0.39519783694, 0.21237560577],
      [0.051952541432, 0.078419253015, 0.86962820555]
    ],
    [
      [0.54801455493, 0.23440237969, 0.21758306538],
      [0.29054451681, 0.33548726881, 0.37396821438],
      [0.025757291726, 0.028797987751, 0.94544472052]
    ]
  ],
  "expected_outcome": [
    [
      [40.9208961035, 47.9929213193, 41.2060331391, 53.6270539863, 36.7583543982, 46.1271988934, 35.7935454043, 41.6922705361, 43.6919478821, 41.5462249784, 51.7829204526, 39.6838637009, 32.9118057698, 43.203831509, 30.0045806457, 46.9940983489, 34.8440252918, 6.5242735796, 10.6929517435, 10.3810558854, 6.1980660025, 12.2534239768, 9.0479675556, 8.1925417004, 9.052242112, 9.1224035447, 9.5533690639, 7.6689904331, 8.8043923639, 10.7757415788, 9.737835994, 7.9043036239, 12.4819488603, 13.4466730283, 5.2990286352, 11.6839800312, 12.1523016969, 11.8289327525, 4.8609840753, 16.2163645928, 9.3847954893, 7.2290267078, 4.1984414219, 13.7003318834, 9.3085908666, 9.0580238416, 9.7688427466, 5.892680571, 9.5074542342, 10.4122765437],
      [28.2123274538, 14.4283851849, 14.9912791979, 16.0104509161, 21.3844687208, 16.9592383839, 16.9996079606, 21.2374902962, 20.6033511843, 23.6459149422, 15.9887276534, 21.6727602948, 21.0122221104, 14.7802560541, 19.5736563518, 15.3705615756, 8.9290215976, 3.8154489123, 4.68554512, 4.5430662783, 3.2425651455, 5.1025680529, 3.3813661697, 3.6495358892, 6.0869644899, 4.7696022982, 4.0398636182, 3.5232414312, 3.2127692709, 8.1222695522, 3.3171226983, 3.1831773201, 3.1251473038, 3.5089241312, 4.3729137405, 5.5774879917, 5.4594398266, 5.7493353736, 5.980347254, 4.192500167, 7.7824966074, 5.1529142157, 2.420779268, 4.0394151625, 3.7517928651, 7.098777584, 5.8417780808, 6.4648078624, 5.7107682361, 4.4536452141],
      [5.8667764427, 5.5786934958, 6.802687663, 4.3624950976, 6.8571768809, 4.9135627227, 8.2068466351, 3.0702391676, 3.7047009336, 3.8078600795, 6.228351894, 7.6433760043, 4.0759721198, 6.0159124369, 10.4217630025, 5.6353400755, 3.2269531107, 2.6602775082, 2.6215031365, 3.0758778363, 0.55936885194, 3.6440079704, 1.5706662747, 2.1579224104, 2.8607933982, 3.1079941571, 2.4067673179, 1.8077681358, 1.9828383651, 3.101988869, 2.9450413077, 1.9125190561, 2.3929038359, 1.0444028405, 2.3280576243, 2.7385319771, 2.3882584766, 3.4217318739, 3.1586686707, 4.5911352402, 2.8327079033, 4.6180590765, 1.3807793101, 4.2602529541, 1.9396162683, 1.8431985744, 0.38937917268, 1.6425115666, 0.78177752968, 4.1340782422]
    ],
    [
      [2.7383839379, 4.715930839, 4.5767107763, 5.0892415473, 4.8275625553, 3.4287998731, 3.4118565572, 7.0265782208, 3.8504707465, 4.3102881596, 2.9998533522, 2.6810721957, 4.5981243994, 4.5776055342, 4.5776942191, 4.6865827857, 6.1345940318, 6.9085702409, 14.4661327334, 14.8045170986, 18.7285309215, 17.1939408214, 15.2212518352, 13.0394971442, 13.7709321711, 11.8534627009, 15.554547355, 10.6077478781, 18.1930626524, 13.0693801003, 16.3297753392, 15.0784993598, 19.80351171, 9.5248855672, 3.1544425351, 3.9949494721, 3.9876040377, 3.9394105643, 2.6467410985, 6.0915340516, 0.78504997861, 5.2577573233, 3.5096481916, 1.2681237876, 4.0798315449, 4.140733601, 5.1769042852, 3.2204225342, 7.0636780313, 4.9392567858],
      [5.3818800235, 6.5561228263, 8.9949865854, 6.9793799586, 5.5852449434, 4.5867054742, 4.2050009988, 11.0966048027, 4.8340127896, 6.0084573247, 4.8003044071, 4.0051428239, 9.9341252129, 8.2034293241, 5.4229408838, 6.6127885047, 12.9872765327, 39.8672680643, 34.1438777005, 35.2806759011, 33.1112279636, 30.9910438644, 27.8676873959, 43.6296312188, 29.9922126199, 33.254407421, 27.8427570671, 36.1278032923, 31.5205070751, 24.9983992683, 27.7024143354, 26.6274898957, 20.8724402091, 14.5154358102, 7.1962465244, 5.7380063757, 7.3569990416, 7.5381376775, 9.457038106, 4.5955940529, 10.0011905694, 10.8205710097, 15.0887379322, 3.2282875978, 5.8621554753, 6.1960794393, 8.230726554, 6.4992915835, 7.1135610649, 5.7032835698],
      [4.8797360386, 5.7279463347, 6.4283026383, 4.9313784941, 5.5871925013, 4.9844946526, 4.3831424439, 4.8768169765, 4.3155164638, 3.6812545157, 4.1998422407, 4.3137849803, 6.4677503877, 6.2189651417, 4.9993648972, 5.7006287096, 14.8781294355, 24.2241616948, 16.3899895661, 17.9148070003, 16.1602411149, 17.8150153142, 19.9110607689, 17.330871637, 19.236855209, 22.8921298781, 20.6026955779, 30.2644488295, 21.2864302724, 17.9322206314, 25.9678103254, 28.2940107444, 20.3240480809, 7.9596786227, 5.6493109406, 4.2670441522, 4.6553969206, 4.5224517582, 7.8962207955, 6.3128718955, 5.213759452, 6.921671667, 8.4016138762, 3.5035886146, 3.0580129798, 5.6631869596, 5.5923691609, 7.2802858823, 3.8227609038, 6.3574596444]
    ],
    [
      [1.3407199586, 1.2911478417, 1.2172560846, 1.2837044664, 1.4140830465, 1.4440012334, 1.7945980385, 1.2811512431, 1.4575813714, 1.143486862, 1.2172261951, 0.63506410336, 1.4900698308, 1.2185629568, 1.4177251352, 1.3193188654, 2.0213806765, 0.56715617952, 0.84091552313, 0.81442701601, 1.0734030759, 0.55263520183, 0.73078060923, 0.76796115536, 1.1768257169, 1.0241337545, 0.89208358108, 0.72326168882, 1.0025449836, 1.1548783209, 0.93238866673, 1.0171970163, 1.7145394297, 3.0284414046, 2.5465288297, 2.3210704967, 2.8600942654, 2.2316566832, 1.4922748262, 1.6921013557, 1.8301545321, 2.5132159689, 2.2919103865, 2.031544329, 3.6115775885, 2.8012425573, 3.0542529683, 2.8868968948, 3.4288677345, 1.6484666705],
      [0.40579252265, 1.0154919888, 1.0137342167, 1.0101691253, 1.0302863357, 0.4540561419, 0.79539104055, 1.665904901, 0.56263602605, 1.3456277331, 0.21096793959, 0.3220968813, 1.0536526767, 1.0163146218, 1.0034027644, 1.0166499197, 1.0837018697, 1.3172830234, 2.1705771795, 2.1762578205, 1.6462068909, 1.9063880827, 2.7509464345, 1.720832892, 1.9208228902, 1.9759902808, 2.1173793147, 0.34895527649, 1.2667236539, 1.8793311795, 1.9804629664, 1.1893327842, 2.0024124871, 2.9756400586, 3.4308397351, 2.6845056325, 4.1835611318, 1.7125269489, 3.56261464, 1.21190578, 6.2163128232, 3.0265147746, 3.4904827998, 1.7322972397, 4.3860516596, 2.7051429767, 4.9274953653, 3.0359005541, 5.175670699, 1.8430712161],
      [10.2534875187, 12.6933601695, 14.7690096987, 6.7061264084, 16.5556306178, 17.1019426247, 24.410010921, 8.0529438559, 16.9797826026, 14.5108854048, 12.5718058653, 19.0428390153, 18.4562774925, 14.7651224213, 22.5788721004, 12.6640312149, 15.8949174538, 14.1155607971, 13.9885072974, 11.0093151634, 19.2803900332, 10.5409767154, 19.5182729563, 9.5112059526, 15.9023513928, 11.9998759647, 16.9905371042, 8.9277830347, 12.7307313624, 18.9657904995, 11.0871483669, 14.7934701995, 17.2830480832, 43.9959185368, 66.0226314352, 60.9944238707, 56.9563446028, 59.0558163679, 60.9451105338, 55.0959928643, 55.9535326447, 54.4602692565, 59.2176068137, 66.2361584313, 64.0023707518, 60.493614466, 57.0182516665, 63.077202551, 57.3954615665, 60.5084621135]
    ]
  ],
  "prob": [
    [0.61280178436, 0.27976943169, 0.10742878395],
    [0.2286454347, 0.45292209269, 0.31843247261],
    [0.048203772998, 0.060386091755, 0.89141013525]
  ],
  "iterations": 14,
  "time": 0.009722,
  "message": "Converged",
  "status": 0,
  "miniter": 0,
  "maxiter": 1000,
  "maxtime": 3600,
  "param_threshold": 0.001,
  "ll_threshold": "-Inf",
  "initial_prob": "group_proportional",
  "ballotbox_id": ["1", "2", "3", "4", "5", "6", "7", "8", "9", "10", "11", "12", "13", "14", "15", "16", "17", "18", "19", "20", "21", "22", "23", "24", "25", "26", "27", "28", "29", "30", "31", "32", "33", "34", "35", "36", "37", "38", "39", "40", "41", "42", "43", "44", "45", "46", "47", "48", "49", "50"],
  "candidates_id": ["1", "2", "3"],
  "group_id": ["1", "2", "3"]
}
