{
  "Z_true": {},
  "V_true": [
    [34, 490, 95, 674, 211],
    [35, 81, 484, 607, 600],
    [255, 254, 5586, 4021, 380],
    [126, 3776, 124, 2997, 161],
    [46, 115, 54, 6935, 62],
    [1101, 495, 222, 1240, 76],
    [50, 101, 218, 671, 349]
  ],
  "p_true": [
    [0.0226, 0.3258, 0.0632, 0.4481, 0.1403],
    [0.0194, 0.0448, 0.2678, 0.3359, 0.332],
    [0.0243, 0.0242, 0.5322, 0.3831, 0.0362],
    [0.0175, 0.5256, 0.0173, 0.4172, 0.0224],
    [0.0064, 0.0159, 0.0075, 0.9616, 0.0086],
    [0.3513, 0.1579, 0.0708, 0.3957, 0.0243],
    [0.036, 0.0727, 0.1569, 0.4831, 0.2513]
  ],
  "Z_est": [
    [
      [0.0229, 0.0304, 0.001, 0.0075, 0.0329, 0.014, 0.0304, 0.0394, 0.015, 0.0219, 0.0439, 0.0219, 0.0135, 0.0085, 0.0185, 0.0214, 0.014, 0.0464, 0.0065, 0.016, 0.0484, 0.0384, 0.0314, 0.0379, 0.0055, 0.0155, 0.009, 0.003, 0.0524, 0.0065, 0.0683, 0.008],
      [37.7996, 50.1256, 1.6435, 12.326, 54.2342, 23.0085, 50.1256, 64.9167, 24.6519, 36.1562, 72.3123, 36.1562, 22.1867, 13.9694, 30.404, 35.3344, 23.0085, 79.4435, 10.6825, 26.2954, 79.7079, 66.7724, 51.769, 62.4515, 9.039, 25.4737, 14.7912, 4.9304, 86.2817, 10.6825, 112.5771, 13.1477],
      [0.2017, 0.2675, 0.0088, 0.0658, 0.2894, 0.1228, 0.2675, 0.3464, 0.1316, 0.193, 0.3859, 0.193, 0.1184, 0.0746, 0.1623, 0.1886, 0.1228, 0.4078, 0.057, 0.1403, 0.4254, 0.3377, 0.2763, 0.3333, 0.0482, 0.1359, 0.0789, 0.0263, 0.4605, 0.057, 0.6008, 0.0702],
      [0.35, 0.4641, 0.0152, 0.1141, 0.5021, 0.213, 0.4641, 0.601, 0.2282, 0.3347, 0.6695, 0.3347, 0.2054, 0.1293, 0.2815, 0.3271, 0.213, 0.82, 0.0989, 0.2435, 0.738, 0.5858, 0.4793, 0.5782, 0.0837, 0.2358, 0.1369, 0.0456, 0.7988, 0.0989, 1.0423, 0.1217],
      [7.6258, 10.1124, 0.3316, 2.4867, 10.9413, 4.6418, 10.1124, 13.0964, 4.9733, 7.2942, 14.5884, 7.2942, 4.476, 2.8182, 6.1338, 7.1284, 4.6418, 12.2822, 2.1551, 5.3049, 16.0804, 9.2658, 10.444, 12.5991, 1.8235, 5.1391, 2.984, 0.9947, 17.4066, 2.1551, 22.7115, 2.6524]
    ],
    [
      [0.4933, 0.4634, 2.3772, 0.4036, 1.2558, 0.4335, 0.8222, 1.1212, 0.5531, 0.3887, 1.5099, 2.0182, 0.4634, 0.7176, 0.8073, 1.764, 0.4933, 0.9568, 0.7176, 3.4546, 1.8537, 1.0465, 0.6877, 0.6428, 0.3438, 0.4485, 0.1495, 0.2242, 1.0913, 0.3588, 3.4683, 0.2691],
      [0.3994, 0.3752, 0.1331, 0.3268, 1.0167, 0.351, 0.6657, 0.9077, 0.4478, 0.3147, 1.2224, 1.6339, 2.3037, 0.581, 0.6536, 1.4282, 0.3994, 0.7746, 0.581, 0.7141, 1.5008, 0.8472, 0.5567, 0.5204, 0.2784, 0.3631, 0.121, 0.1815, 0.8835, 0.2905, 2.8079, 0.2179],
      [21.7724, 20.4529, 7.4304, 17.8138, 55.4207, 19.1333, 36.2874, 49.4828, 24.4115, 17.154, 66.6368, 89.069, 20.4529, 31.669, 35.6276, 77.8529, 21.7724, 42.2253, 31.669, 38.9265, 81.8115, 46.1839, 30.3494, 28.3701, 15.1747, 19.7931, 6.5977, 9.8966, 48.1633, 15.8345, 153.0668, 11.8759],
      [1.5123, 1.4207, 0.5041, 1.2374, 3.8496, 1.329, 2.5206, 3.4371, 1.6957, 1.1915, 4.6287, 6.1868, 1.4207, 2.1998, 2.4747, 5.4078, 1.5123, 2.933, 2.1998, 2.7039, 12.315, 3.208, 2.1081, 1.9706, 1.0541, 1.3749, 0.4583, 0.6874, 3.3455, 1.0999, 10.6322, 0.8249],
      [8.8225, 8.2878, 0.5551, 7.2184, 22.4573, 7.7531, 14.7042, 20.0511, 9.8919, 6.9511, 27.0022, 36.092, 6.3593, 12.8327, 14.4368, 31.5471, 8.8225, 17.1103, 12.8327, 13.201, 26.5189, 18.7144, 12.298, 11.496, 6.149, 8.0204, 2.6735, 4.0102, 19.5164, 6.4164, 62.0248, 4.8123]
    ],
    [
      [2.6398, 2.2059, 0.34, 1.3714, 0, 1.8862, 3.988, 14.246, 0.0662, 1.3598, 0, 1.1544, 0, 10.6959, 22.7628, 9.168, 3.1052, 5.7574, 8.288, 10.6704, 0, 1.2125, 0, 0, 4.143, 1.7285, 0, 0, 1.5552, 0.263, 23.1775, 6.6179],
      [6.7123, 4.717, 0, 0, 0, 0, 25.2198, 0, 21.3541, 3.735, 15.9331, 0.97, 26.9992, 11.2801, 0, 0, 0, 22.0157, 0, 0, 34.8235, 23.1766, 20.2173, 11.8248, 2.0349, 4.9318, 2.8725, 19.3904, 35.5605, 3.0137, 0, 0.6114],
      [86.8301, 83.3479, 14.3943, 85.9014, 153.2786, 82.0306, 199.5039, 129.0067, 105.0745, 44.4014, 279.9378, 306.1937, 72.7987, 214.5345, 204.3061, 388.1816, 85.5255, 243.7743, 90.3437, 170.8173, 345.8077, 220.9947, 115.7404, 251.8689, 56.0612, 78.2369, 24.5724, 77.023, 189.1536, 53.3982, 356.4612, 47.6706],
      [90.2774, 86.898, 16.2657, 94.8173, 156.4878, 88.0832, 146.1091, 152.04, 94.124, 59.8631, 292.9868, 321.6819, 92.202, 173.5111, 212.9311, 414.478, 79.3925, 253.4526, 98.8507, 177.5123, 383.3688, 228.6162, 154.4023, 285.3063, 56.6036, 83.1953, 26.5522, 69.2411, 205.7308, 55.5182, 365.4544, 8.0174],
      [0.5405, 2.8312, 0, 2.9099, 20.2336, 0, 6.1793, 7.7073, 2.3812, 14.6406, 19.1422, 0, 0, 7.9784, 0, 24.1725, 5.9767, 0, 4.5176, 0, 0, 0, 4.64, 0, 11.1574, 9.9076, 1.0029, 10.3455, 0, 2.807, 11.9068, 8.0827]
    ],
    [
      [3.817, 7.2687, 0.3231, 1.7166, 0, 6.946, 5.5538, 5.9616, 3.0294, 1.3904, 0, 6.0789, 0.6511, 2.7062, 5.2509, 24.7814, 2.6658, 3.1505, 9.5687, 3.3727, 0, 7.9168, 2.3709, 0.7051, 1.1714, 2.5245, 0, 0, 7.3311, 1.4541, 14.8771, 1.3935],
      [106.2558, 179.5796, 7.184, 28.1087, 122.0171, 59.8548, 142.1269, 139.5711, 77.5237, 118.982, 215.1693, 155.5643, 85.2572, 69.2545, 122.8261, 106.3389, 64.8746, 316.4641, 25.8747, 79.4766, 229.4703, 202.5954, 131.5434, 203.629, 29.9758, 64.6031, 41.3675, 76.794, 192.2844, 37.2114, 208.3795, 35.6609],
      [7.2305, 0, 1.0338, 10.7297, 10.9138, 12.2843, 12.5577, 12.3751, 6.8497, 0, 18.3571, 13.745, 7.1237, 6.119, 12.4059, 13.4112, 9.374, 25.6771, 3.0139, 16.7426, 20.275, 23.2605, 11.4161, 17.9918, 2.6485, 5.7081, 0, 6.53, 16.5762, 3.2878, 23.8825, 3.1508],
      [71.6967, 75.0997, 7.459, 38.0779, 96.4703, 53.6843, 111.0014, 109.3868, 60.5462, 67.0296, 162.2638, 121.7109, 62.968, 54.0879, 119.517, 117.8313, 53.2807, 233.7083, 26.6403, 67.4081, 194.2547, 158.2274, 100.9103, 169.9825, 23.4112, 50.4552, 32.607, 57.7207, 146.5218, 29.0622, 231.5418, 27.8513],
      [0, 3.0521, 0, 6.367, 9.5988, 0.2306, 3.7602, 3.7055, 2.051, 2.598, 6.2098, 3.9009, 0, 1.8322, 0, 3.6371, 1.8049, 0, 0.9025, 0, 0, 0, 3.7593, 1.6916, 0.7931, 1.7092, 1.0255, 1.9553, 0.2866, 0.9845, 44.319, 0.9435]
    ],
    [
      [0.021, 0.021, 0.0325, 0.015, 0, 0.0128, 0.0342, 0.0236, 0.0237, 0.0151, 0, 0.061, 0.0223, 0.0334, 1.4134, 1.5201, 0.3749, 0.057, 0.3594, 0.034, 0, 0.0525, 0.029, 0, 0.0095, 0.0186, 0, 0, 0.0491, 0, 0.0529, 0.0069],
      [0.3487, 0.3487, 0.0366, 0, 0.4243, 0.2122, 0.5682, 0.3926, 0.3951, 0.2512, 1.0901, 1.0145, 0.6775, 0.556, 0, 0, 0, 1.7339, 0, 0, 1.2096, 0.873, 0.4829, 1.212, 0.1585, 0.3097, 0.4347, 0.4162, 0.817, 5.5346, 0.8804, 0.1146],
      [0.702, 0.702, 0.0736, 0.5007, 0.8542, 0.4271, 1.1438, 0.7903, 0.7953, 0.5056, 2.1943, 2.0421, 0.7462, 1.1192, 1.5071, 2.8865, 0.7118, 1.9096, 0.6823, 1.1389, 2.4349, 2.4801, 0.972, 2.4398, 0.3191, 0.6234, 0, 0.7903, 1.6445, 9.6793, 1.7721, 0.2307],
      [141.6396, 141.6396, 14.8573, 101.2784, 172.3447, 86.1724, 230.7835, 159.4684, 160.4589, 102.0202, 442.7477, 412.8824, 150.554, 225.831, 304.0795, 582.4064, 143.6206, 385.2994, 137.6777, 230.8271, 492.3556, 354.5943, 196.1164, 493.3482, 64.3817, 125.7919, 57.4482, 159.4684, 331.8131, 122.0311, 357.5658, 46.5529],
      [0.2887, 0.2887, 0, 0.2059, 0.3768, 0.1756, 0.4704, 0.325, 0.327, 0.2079, 0.9679, 0, 0, 0.4603, 0, 1.187, 0.2927, 0, 0.2806, 0, 0, 0, 0.3997, 0, 0.1312, 0.2564, 0.1171, 0.325, 0.6763, 5.755, 0.7288, 0.0949]
    ],
    [
      [38.4549, 74.164, 6.4091, 6.0086, 27.6829, 14.8211, 33.2474, 31.2446, 16.0229, 14.4206, 59.9803, 94.5349, 32.4463, 34.8497, 55.0198, 74.5063, 18.4263, 73.3046, 22.0314, 39.2421, 97.7513, 56.08, 36.8526, 60.8869, 13.2189, 34.0486, 7.3245, 7.2103, 56.08, 6.8097, 86.1229, 6.4091],
      [1.4757, 2.8439, 0, 0.2306, 1.2913, 0.5688, 1.2759, 1.199, 0.6149, 0.5534, 3.2432, 3.6278, 1.568, 1.3374, 2.0906, 2.8592, 0.7071, 3.5426, 0.8455, 1.4911, 4.2427, 2.7102, 1.4142, 2.3366, 0.5073, 1.3066, 1.4103, 0.2767, 2.1521, 0.2613, 3.305, 0.246],
      [0.0303, 0, 0.3148, 0.0047, 0.0265, 0.0117, 0.0262, 0.0246, 0.0126, 0.0113, 0.0479, 0.0744, 0.0255, 0.0274, 0.0429, 0.0586, 0.0145, 0.0577, 0.0173, 0.0306, 0.087, 0.0441, 0.029, 0.0479, 0.0104, 0.0268, 0.0066, 0.0057, 0.0441, 0.0054, 0.0678, 0.005],
      [55.6565, 107.2547, 9.2761, 8.6963, 48.6994, 21.4509, 48.1197, 45.2209, 23.1902, 20.8712, 88.1228, 136.8222, 46.9602, 50.4387, 78.8467, 107.8344, 26.6687, 106.0952, 31.8865, 56.2362, 173.919, 81.1657, 53.3375, 88.1228, 19.1319, 49.2792, 12.1749, 10.4356, 81.1657, 9.8558, 124.6473, 9.2761],
      [0.3827, 0.7374, 0, 0.0598, 6.2999, 0.1475, 0.3308, 0.3109, 0.1594, 0.1435, 0.6059, 0.9407, 0, 0.3468, 0, 0.7414, 0.1834, 0, 0.2192, 0, 0, 0, 0.3667, 0.6059, 0.1315, 0.3388, 0.0837, 0.0717, 0.558, 0.0678, 0.857, 0.0638]
    ],
    [
      [1.5511, 1.8466, 0.517, 1.4773, 3.0284, 0.8864, 3.3239, 2.3636, 2.2898, 1.4034, 5.4659, 6.1307, 1.4034, 3.9886, 4.7273, 7.2387, 1.9205, 4.7273, 3.0284, 4.2102, 8.3466, 4.6534, 3.0284, 4.7273, 1.108, 2.2159, 0.517, 1.5625, 3.8409, 1.108, 9.233, 0.2955],
      [0.0084, 0.01, 0.0028, 0.008, 0.0164, 0.0048, 0.018, 0.0128, 0.0124, 0.0076, 0.0296, 0.0332, 0.0076, 0.0216, 0.0256, 0.0393, 0.0104, 0.0256, 0.0164, 0.0228, 0.0453, 0.0252, 0.0164, 0.0256, 0.006, 0.012, 0.0028, 0.0108, 0.0208, 0.006, 0.0501, 0.0016],
      [5.233, 6.2298, 1.7443, 4.9838, 10.2168, 2.9903, 11.2136, 7.9741, 7.7249, 4.7346, 18.4401, 20.6828, 4.7346, 13.4563, 15.9482, 24.4206, 6.4789, 15.9482, 10.2168, 14.2038, 28.1585, 15.699, 10.2168, 15.9482, 3.7379, 7.4757, 1.7443, 6.7281, 12.9579, 3.7379, 31.1488, 0.9968],
      [1.8675, 2.2232, 0.6225, 1.7786, 3.6461, 1.0671, 4.0018, 2.8457, 2.7568, 1.6896, 6.5807, 7.3811, 1.6896, 4.8021, 10.8695, 8.715, 2.3121, 5.6914, 3.6461, 5.0689, 10.0489, 5.6025, 3.6461, 5.6914, 1.3339, 2.6679, 0.6225, 2.4011, 4.6243, 1.3339, 11.1161, 0.3557],
      [12.34, 14.6904, 4.1133, 11.7523, 24.0923, 7.0514, 26.4428, 18.8037, 18.2161, 11.1647, 43.4837, 48.7722, 11.1647, 31.7313, 32.4294, 57.5865, 15.278, 37.6075, 24.0923, 33.4942, 66.4007, 37.0199, 24.0923, 37.6075, 8.8143, 17.6285, 4.1133, 16.2975, 30.5561, 8.8143, 73.4521, 2.3505]
    ]
  ],
  "V_est": [
    [0.7502, 1242.4047, 6.5957, 11.5547, 242.6947],
    [31.7992, 23.7989, 1192.3783, 89.4444, 469.5792],
    [138.4031, 297.3936, 4857.1711, 5023.9712, 179.0609],
    [133.9775, 3675.8185, 334.6716, 2932.4143, 107.1181],
    [4.2927, 20.4929, 44.8188, 7128.0566, 14.3389],
    [1235.6123, 51.535, 1.2394, 1830.8589, 14.7543],
    [102.165, 0.5564, 346.125, 128.6999, 811.4537]
  ],
  "p_est": [
    [0.0005, 0.8261, 0.0044, 0.0077, 0.1614],
    [0.0176, 0.0132, 0.6599, 0.0495, 0.2599],
    [0.0132, 0.0283, 0.4628, 0.4787, 0.0171],
    [0.0186, 0.5117, 0.0466, 0.4082, 0.0149],
    [0.0006, 0.0028, 0.0062, 0.9884, 0.002],
    [0.3943, 0.0164, 0.0004, 0.5842, 0.0047],
    [0.0736, 0.0004, 0.2492, 0.0927, 0.5842]
  ],
  "EI_Z": {},
  "EI_V": 13.1967,
  "MAE_Z": {},
  "MAE_V": 246.7865,
  "MAE_p": 0.1008,
  "runtime": 0.6381
}
