{
  "X": [
    [0, 2, 6, 3],
    [7, 49, 98, 14],
    [10, 42, 80, 23],
    [8, 33, 111, 15],
    [1, 26, 30, 3],
    [12, 53, 222, 40],
    [74, 456, 590, 111],
    [3, 50, 170, 25],
    [2, 15, 55, 12],
    [41, 217, 923, 132],
    [2, 26, 64, 14],
    [1, 10, 45, 3],
    [12, 167, 154, 24],
    [19, 86, 145, 17],
    [295, 4399, 3074, 452],
    [11, 91, 76, 9],
    [6, 54, 59, 12],
    [2, 10, 13, 0],
    [105, 1292, 2070, 299],
    [2, 89, 38, 2],
    [8, 51, 81, 15],
    [11, 89, 113, 22],
    [10, 67, 193, 28],
    [16, 84, 107, 14],
    [0, 30, 33, 8],
    [14, 117, 140, 22],
    [0, 46, 26, 1],
    [6, 50, 107, 13],
    [2, 16, 13, 0],
    [2, 25, 75, 9],
    [167, 1595, 2078, 324],
    [2, 59, 143, 12],
    [0, 4, 2, 2],
    [13, 36, 57, 12],
    [14, 147, 132, 20],
    [4, 39, 24, 6],
    [4, 55, 41, 10],
    [0, 6, 8, 2],
    [20, 241, 141, 40],
    [1, 3, 1, 2],
    [0, 10, 6, 2],
    [6, 43, 58, 12],
    [1, 26, 33, 1],
    [19, 89, 191, 28],
    [11, 134, 133, 38],
    [12, 102, 163, 25],
    [1, 51, 10, 4],
    [3, 60, 26, 7],
    [4, 122, 52, 9],
    [2, 14, 42, 10],
    [21, 150, 176, 28],
    [8, 70, 40, 12],
    [2, 20, 67, 12],
    [6, 23, 79, 20],
    [7, 26, 111, 19],
    [2, 28, 98, 18],
    [2, 8, 77, 4],
    [14, 363, 265, 50],
    [7, 124, 152, 37],
    [21, 110, 115, 23],
    [18, 195, 107, 25],
    [34, 414, 228, 61],
    [24, 250, 139, 26],
    [12, 258, 128, 20],
    [12, 153, 110, 36],
    [7, 53, 26, 11],
    [1, 43, 13, 6],
    [15, 106, 123, 38],
    [35, 236, 311, 62],
    [2, 54, 30, 13],
    [7, 166, 66, 22],
    [1, 4, 9, 1],
    [17, 174, 186, 37],
    [16, 161, 262, 50],
    [2, 12, 7, 1],
    [3, 68, 34, 15],
    [1, 22, 7, 0],
    [7, 74, 63, 13],
    [6, 105, 76, 26],
    [2, 71, 30, 14],
    [6, 77, 46, 15],
    [12, 123, 127, 26],
    [3, 69, 20, 6],
    [1, 86, 21, 10],
    [10, 148, 60, 20],
    [8, 41, 30, 5],
    [0, 42, 10, 6],
    [4, 50, 19, 8],
    [9, 75, 113, 26],
    [10, 141, 200, 43],
    [2, 86, 25, 7],
    [6, 31, 11, 6],
    [1, 18, 7, 3],
    [1, 6, 10, 2],
    [3, 4, 2, 1],
    [2, 18, 10, 3],
    [29, 111, 130, 27],
    [2, 81, 49, 14],
    [6, 136, 71, 13],
    [8, 59, 47, 14],
    [2, 28, 15, 9],
    [2, 14, 3, 6],
    [0, 8, 8, 3],
    [0, 3, 1, 3],
    [2, 29, 14, 5],
    [0, 48, 5, 6],
    [101, 235, 363, 57],
    [185, 1048, 1427, 313],
    [115, 604, 900, 289],
    [0, 4, 1, 1]
  ],
  "W": [
    [0, 2, 7, 0, 2],
    [7, 8, 108, 33, 12],
    [10, 6, 80, 33, 26],
    [6, 13, 104, 32, 12],
    [4, 5, 27, 15, 9],
    [12, 9, 228, 38, 40],
    [116, 76, 611, 343, 85],
    [15, 11, 170, 27, 25],
    [1, 1, 52, 17, 13],
    [45, 41, 933, 162, 132],
    [2, 3, 67, 26, 8],
    [0, 1, 47, 8, 3],
    [28, 12, 168, 113, 36],
    [21, 34, 131, 62, 19],
    [895, 481, 3213, 3180, 451],
    [16, 10, 86, 67, 8],
    [17, 2, 67, 38, 7],
    [2, 3, 13, 5, 2],
    [237, 183, 2105, 933, 308],
    [25, 1, 47, 55, 3],
    [15, 7, 79, 37, 17],
    [16, 4, 120, 68, 27],
    [15, 19, 184, 46, 34],
    [23, 15, 113, 60, 10],
    [9, 8, 27, 23, 4],
    [28, 10, 135, 94, 26],
    [14, 3, 25, 21, 10],
    [15, 8, 105, 34, 14],
    [5, 1, 15, 9, 1],
    [6, 3, 81, 16, 5],
    [313, 239, 2143, 1150, 319],
    [13, 3, 147, 40, 13],
    [4, 0, 2, 0, 2],
    [8, 14, 58, 30, 8],
    [46, 23, 122, 111, 11],
    [6, 4, 25, 38, 0],
    [13, 8, 38, 42, 9],
    [0, 1, 7, 7, 1],
    [67, 14, 154, 179, 28],
    [1, 0, 2, 1, 3],
    [1, 0, 6, 7, 4],
    [11, 3, 66, 23, 16],
    [1, 3, 32, 21, 4],
    [30, 18, 192, 54, 33],
    [21, 13, 150, 80, 52],
    [14, 26, 161, 77, 24],
    [9, 2, 13, 39, 3],
    [10, 8, 21, 50, 7],
    [25, 6, 55, 87, 14],
    [3, 2, 43, 8, 12],
    [42, 22, 171, 106, 34],
    [13, 10, 36, 64, 7],
    [5, 3, 76, 8, 9],
    [3, 4, 82, 10, 29],
    [4, 4, 108, 21, 26],
    [9, 2, 96, 20, 19],
    [3, 1, 74, 3, 10],
    [53, 11, 326, 247, 55],
    [25, 14, 162, 76, 43],
    [36, 23, 115, 74, 21],
    [44, 8, 131, 135, 27],
    [90, 38, 263, 289, 57],
    [41, 25, 159, 178, 36],
    [57, 21, 131, 179, 30],
    [38, 18, 122, 107, 26],
    [13, 5, 31, 36, 12],
    [15, 4, 8, 28, 8],
    [21, 11, 157, 65, 28],
    [46, 30, 345, 164, 59],
    [16, 2, 29, 40, 12],
    [39, 15, 74, 109, 24],
    [3, 1, 8, 2, 1],
    [38, 22, 199, 120, 35],
    [23, 15, 294, 106, 51],
    [2, 0, 12, 7, 1],
    [16, 3, 42, 51, 8],
    [7, 1, 9, 13, 0],
    [32, 9, 54, 52, 10],
    [36, 9, 76, 73, 19],
    [16, 1, 37, 60, 3],
    [19, 3, 44, 68, 10],
    [20, 12, 140, 85, 31],
    [13, 6, 19, 49, 11],
    [20, 2, 24, 57, 15],
    [44, 11, 56, 114, 13],
    [9, 12, 27, 29, 7],
    [9, 0, 11, 36, 2],
    [17, 7, 22, 31, 4],
    [14, 8, 121, 55, 25],
    [27, 6, 207, 102, 52],
    [22, 3, 28, 56, 11],
    [6, 5, 17, 23, 3],
    [1, 1, 9, 16, 2],
    [2, 0, 12, 5, 0],
    [2, 1, 2, 3, 2],
    [3, 1, 11, 17, 1],
    [27, 34, 133, 77, 26],
    [19, 2, 53, 56, 16],
    [14, 5, 76, 116, 15],
    [15, 1, 59, 45, 8],
    [4, 5, 20, 21, 4],
    [5, 1, 5, 10, 4],
    [2, 0, 7, 7, 3],
    [5, 0, 1, 1, 0],
    [5, 0, 18, 26, 1],
    [22, 1, 4, 26, 6],
    [40, 119, 396, 129, 72],
    [205, 209, 1567, 718, 274],
    [150, 107, 998, 426, 227],
    [1, 0, 1, 4, 0]
  ],
  "method": "mult",
  "cond_prob": [
    [
      [0, 1, 0, 0],
      [0, 0.39469528371, 0.53076865863, 0.074536057656],
      [7.9301644616e-18, 0.14453890881, 0.66453333124, 0.19092775995],
      [0, 1, 0, 0],
      [8.3266726847e-17, 0.099418535441, 0.14336468203, 0.75721678253]
    ],
    [
      [0.0064482545392, 0.92184088019, 0.0056589684703, 0.0660518968],
      [0.43154757778, 0.10783936466, 0.44129569991, 0.019317357641],
      [0.029129528161, 0.076755488149, 0.83018324865, 0.063931735043],
      [0.002213677152, 0.98090552764, 0.0088777523993, 0.0080030428102],
      [0.023620100712, 0.085410315765, 0.37310541153, 0.51786417199]
    ],
    [
      [0.014679565944, 0.88151279694, 0.010867435516, 0.092940201601],
      [0.58058250591, 0.062806250446, 0.33841733568, 0.018193907969],
      [0.062171693376, 0.003668927969, 0.84784527217, 0.086314106481],
      [0.0097496598119, 0.94854845343, 0.024991767132, 0.016710119623],
      [0.041316733123, 0.046631589504, 0.35417198237, 0.55787969501]
    ],
    [
      [0.0080695983132, 0.87887167715, 0.013637141916, 0.099421582623],
      [0.38884953113, 0.065831090176, 0.52310600306, 0.022213375633],
      [0, 0, 0.92964688733, 0.07035311267],
      [0.083067624927, 0.82260394619, 0.079532406472, 0.014796022407],
      [0.01986454231, 0.045636623885, 0.40745715161, 0.52704168219]
    ],
    [
      [0, 0.97882240141, 0, 0.021177598589],
      [0.19358372486, 0.18211838488, 0.6168606308, 0.0074372594579],
      [0, 0.17403747523, 0.82323471366, 0.0027278111119],
      [0, 1, 0, 0],
      [0.0035645972992, 0.16390073765, 0.5209288419, 0.31160582315]
    ],
    [
      [0.0085304844701, 0.88863823297, 0.0097808787074, 0.093050403851],
      [0.42781734767, 0.080165376052, 0.47044603415, 0.021571242128],
      [0.030598292463, 0.012246975426, 0.88359391858, 0.073560813528],
      [0.0037235667, 0.96388320655, 0.019472403573, 0.012920823173],
      [0.023234296028, 0.054874514345, 0.38623125938, 0.53565993024]
    ],
    [
      [0.011302386059, 0.8908685672, 0.011567730402, 0.086261316343],
      [0.50017259264, 0.079740534172, 0.39950896556, 0.020577907631],
      [0.047904354901, 0.023715869658, 0.849421529, 0.078958246441],
      [0.0079682875161, 0.9521139897, 0.025954100086, 0.013963622701],
      [0.031448502517, 0.065099656247, 0.35760766285, 0.54584417838]
    ],
    [
      [0.0018544044468, 0.91512314645, 0.0092326594413, 0.07378978966],
      [0.16871678837, 0.1315655057, 0.67277832945, 0.026939376484],
      [0.0055565909341, 0.03946529037, 0.89251719412, 0.062460924573],
      [0.00042265666879, 0.97425995588, 0.015813647913, 0.0095037395399],
      [0.0064106828972, 0.072472562756, 0.41224227959, 0.50887447475]
    ],
    [
      [0.0078080684609, 0.87111253489, 0.010725796887, 0.11035359976],
      [0.40981391271, 0.068575050655, 0.49862071024, 0.022990326399],
      [0, 0, 0.91713494371, 0.082865056291],
      [0.07912892592, 0.80529963218, 0.09686748923, 0.018703952669],
      [0.018245098322, 0.02847835903, 0.39637608485, 0.5569004578]
    ],
    [
      [0.0070900238514, 0.89700552964, 0.010314769283, 0.085589677223],
      [0.36945483584, 0.086481570334, 0.52307194888, 0.020991644949],
      [0.024039654707, 0.0097181654566, 0.90313325956, 0.063108920279],
      [0.002959551577, 0.96433823075, 0.02133098579, 0.011371231886],
      [0.019885268639, 0.059084583563, 0.41674950464, 0.50428064316]
    ],
    [
      [0.0043566025778, 0.86011764056, 0.0088451327745, 0.12668062409],
      [0.30587834085, 0.095915804081, 0.5606883148, 0.037517540273],
      [0.0014853309605, 0, 0.88106183542, 0.11745283362],
      [0.034404799977, 0.90979481129, 0.031129820785, 0.024670567944],
      [0.0099512248201, 0.042169026621, 0.30746580955, 0.64041393901]
    ],
    [
      [0.0037705873129, 0.94097542405, 0.0072624501888, 0.047991538452],
      [0.30625710001, 0.10725548523, 0.57203037043, 0.014457044326],
      [0.013637421269, 0.038778866407, 0.91161032751, 0.035973384813],
      [0.0012646191065, 0.97742001947, 0.016125670885, 0.0051896905433],
      [0.014222382494, 0.083592545976, 0.48442628983, 0.4177587817]
    ],
    [
      [0.006277723523, 0.94786712436, 0.00025591506568, 0.045599237049],
      [0.44371057865, 0.11858092037, 0.42394737117, 0.013761129805],
      [0.032516079822, 0.13016021084, 0.79746482888, 0.039858880452],
      [0, 1, 0, 0],
      [0.02880542743, 0.11582872366, 0.41476040755, 0.44060544136]
    ],
    [
      [0.0077290189851, 0.9179830125, 0.013462015448, 0.060825953071],
      [0.41539769768, 0.084318778911, 0.48537559047, 0.014907932933],
      [0.030476548678, 0.022350179952, 0.89946350503, 0.047709766338],
      [0.0036104091412, 0.95940449969, 0.030396575283, 0.0065885158826],
      [0.026205033499, 0.076029773684, 0.44738004067, 0.45038515215]
    ],
    [
      [0.0055189315013, 0.93621295302, 0.0027165015304, 0.055551613953],
      [0.39952257763, 0.11848751735, 0.4650041803, 0.016985724721],
      [0.027103182339, 0.091088002539, 0.82884300243, 0.052965812692],
      [0, 0.99602843328, 0, 0.0039715667213],
      [0.023963795146, 0.097695656817, 0.40982073968, 0.46851980835]
    ],
    [
      [0.010837851663, 0.93530730972, 0.0025666110223, 0.051288227595],
      [0.54709517737, 0.092258417272, 0.34854620631, 0.012100199049],
      [0.055446088605, 0.090630566839, 0.80543773602, 0.048485608532],
      [0.0038271011328, 0.9930164388, 0, 0.0031564600687],
      [0.041357900468, 0.09827109051, 0.40072835781, 0.45964265121]
    ],
    [
      [0.01399128222, 0.88316612347, 0.011279076375, 0.091563517935],
      [0.60349967668, 0.068117828783, 0.31070287017, 0.01767962437],
      [0.059454369198, 0.031689665916, 0.82244148885, 0.086414476038],
      [0.0080078244829, 0.95488518969, 0.022066452746, 0.015040533084],
      [0.038201254609, 0.063013631283, 0.32067785773, 0.57810725637]
    ],
    [
      [0, 1, 0, 0],
      [0.51515263761, 0.12520059882, 0.35964676357, 0],
      [0.02674569774, 0.16934631785, 0.80390798441, 0],
      [0, 1, 0, 0],
      [0.053424008275, 0.21144803573, 0.73512795599, 0]
    ],
    [
      [0.0045602849599, 0.92192836688, 0.0081540244103, 0.065357323751],
      [0.32601065032, 0.1170864572, 0.53619144571, 0.020711446759],
      [0.018187250724, 0.055884287029, 0.86779769208, 0.058130770171],
      [0.00084275145197, 0.97412164623, 0.017157769026, 0.0078778332939],
      [0.016846797323, 0.083065698881, 0.41305883548, 0.48702866832]
    ],
    [
      [0, 0.98558783972, 0, 0.014412160284],
      [0.45342427249, 0.12081912098, 0.4199220998, 0.0058345067378],
      [0.030713606716, 0.18690018291, 0.764043777, 0.01834243337],
      [0, 1, 0, 0],
      [0.03434540395, 0.1517254297, 0.55667346042, 0.25725570593]
    ],
    [
      [0.011106298085, 0.89910197058, 0.015176347822, 0.074615383512],
      [0.50326976388, 0.074653903984, 0.40573690663, 0.016339425499],
      [0.044388155554, 0.0093121205127, 0.8847163447, 0.061583379237],
      [0.0066119944968, 0.95143950713, 0.031919060994, 0.010029437382],
      [0.03289465273, 0.061880813481, 0.40344705579, 0.501777478]
    ],
    [
      [0.012715002003, 0.91324460882, 0.0078468118502, 0.066193577331],
      [0.5751261183, 0.075975501013, 0.33507060069, 0.013827779997],
      [0.056897268195, 0.051261015644, 0.83298183496, 0.058859881203],
      [0.007293550677, 0.96790230865, 0.017314100561, 0.0074900401102],
      [0.043423032049, 0.078352051454, 0.38514776202, 0.49307715448]
    ],
    [
      [0.0050310802343, 0.91473986386, 0.010651942252, 0.069577113653],
      [0.32643758595, 0.10055261571, 0.55337055412, 0.019639244225],
      [0.016829512609, 0.024335660568, 0.9048022761, 0.05403255072],
      [0.0013901705673, 0.96790704535, 0.022200291787, 0.0085024923003],
      [0.01651886757, 0.069615197442, 0.43592200332, 0.47794393166]
    ],
    [
      [0.013459406824, 0.90745348507, 0.010723765424, 0.06836334268],
      [0.54268509064, 0.075341345464, 0.36719336031, 0.01478020359],
      [0.057891755237, 0.032559233452, 0.84994028322, 0.059608728091],
      [0.010300322542, 0.95934581191, 0.02196204721, 0.0083918183347],
      [0.039036958918, 0.075850756653, 0.38844781542, 0.49666446901]
    ],
    [
      [0, 0.85267073819, 0.019321561977, 0.12800769983],
      [0, 0.12566273294, 0.81859727384, 0.055739993225],
      [0, 0, 0.88660624312, 0.11339375688],
      [4.5039706203e-19, 0.91965353204, 0.047463245748, 0.03288322221],
      [0, 0.042157563958, 0.31182613379, 0.64601630225]
    ],
    [
      [0.012557660938, 0.90410563337, 0.016645435752, 0.066691269938],
      [0.51815407395, 0.072567721047, 0.39540562356, 0.013872581443],
      [0.049105295381, 0.0069191532956, 0.89104699342, 0.052928557904],
      [0.009031241147, 0.93921947643, 0.043583642578, 0.0081656398486],
      [0.038026661924, 0.06687109908, 0.43044865575, 0.46465358325]
    ],
    [
      [0, 1, 0, 0],
      [2.9490299092e-17, 0.24382173092, 0.75321064668, 0.0029676223999],
      [0, 0.30711988891, 0.69288011109, 0],
      [0, 1, 0, 0],
      [0, 0.25905375845, 0.64183652827, 0.09910971328]
    ],
    [
      [0.0063156451951, 0.91574251084, 0.013800198942, 0.064141645018],
      [0.38076524474, 0.093244356804, 0.50921944286, 0.016770955599],
      [0.023618040484, 0.016660281691, 0.91031371219, 0.049407965635],
      [0.0023445596834, 0.96333945859, 0.02685730303, 0.0074586786995],
      [0.021395291727, 0.072502593813, 0.44451095643, 0.46159115803]
    ],
    [
      [0.0059030550907, 0.99409694491, 0, 0],
      [0.72813375592, 0.059045104745, 0.21282113934, 0],
      [0.076176533253, 0.11936886708, 0.80445459967, 0],
      [0, 1, 0, 0],
      [0.099702969829, 0.17993716453, 0.72035986564, 0]
    ],
    [
      [0.0035034012115, 0.91027924931, 0.0083782825082, 0.077839066974],
      [0.28298286662, 0.11639887743, 0.57512897996, 0.025489275997],
      [0.01302758537, 0.040363725073, 0.8775449295, 0.069063760052],
      [0.0011030265385, 0.97295376809, 0.015709950669, 0.010233254704],
      [0.011429630662, 0.070481170306, 0.3783689729, 0.53972022614]
    ],
    [
      [0.0063605021459, 0.91975047832, 0.0074068476245, 0.066482171905],
      [0.40174942477, 0.10734229659, 0.4715870481, 0.019321230547],
      [0.027632096768, 0.062158318394, 0.84916084791, 0.06104873693],
      [0.0021081557348, 0.9752562238, 0.014574761104, 0.0080608593592],
      [0.023044162509, 0.083740933262, 0.39642532871, 0.49678957551]
    ],
    [
      [0.0022529221003, 0.93815589487, 0.0094487830369, 0.050142399994],
      [0.18736540701, 0.13317285976, 0.66151751744, 0.017944215784],
      [0.0086041204119, 0.042345468621, 0.91024249011, 0.038807920858],
      [0.00072478804653, 0.97534085368, 0.018757561683, 0.0051767965885],
      [0.0088321976346, 0.089695134834, 0.48743575037, 0.41403691716]
    ],
    [
      [0, 0.90490176858, 0, 0.095098231424],
      [0, 0.18796804168, 0.76364701006, 0.048384948262],
      [0, 0.12696966571, 0.78360709585, 0.089423238447],
      [5.7245874707e-17, 0.98415900058, 0.0063951294517, 0.0094458699713],
      [0, 0.063226797143, 0.21639290415, 0.72038029871]
    ],
    [
      [0.015528667846, 0.86896349738, 0.010965860212, 0.10454197456],
      [0.56914653483, 0.055061757008, 0.35298111011, 0.022810598052],
      [0.066774922528, 0, 0.8383573288, 0.094867748672],
      [0.024858106898, 0.92924686743, 0.027716199008, 0.018178826661],
      [0.036128807002, 0.050002674974, 0.31429081703, 0.599577701]
    ],
    [
      [0.0078977323359, 0.88413876082, 0.024575986404, 0.083387520436],
      [0.40579923491, 0.0823612746, 0.49039529638, 0.021444194109],
      [0.029281037352, 0.0060887378383, 0.895808859, 0.06882136581],
      [0.0044085192496, 0.92779854301, 0.054064164785, 0.013728772959],
      [0.021971792354, 0.064258490571, 0.39096451997, 0.52280519711]
    ],
    [
      [0.012031387947, 0.80099372415, 0.01472258549, 0.17225230241],
      [0.55678531802, 0.059496786664, 0.34797804075, 0.035739854568],
      [0.047444649669, 0.0055651632049, 0.80209825484, 0.14489193228],
      [0.013540898908, 0.88991898496, 0.064928840868, 0.031611275268],
      [0.018454690118, 0.035353566107, 0.19382115822, 0.75237058556]
    ],
    [
      [0.0045414935298, 0.89932014022, 0.011916008437, 0.084222357814],
      [0.38177192445, 0.1016719671, 0.49145363675, 0.025102471694],
      [0.019378677173, 0.046565068228, 0.85567752741, 0.078378727193],
      [0, 0.95538420905, 0.028636489055, 0.015979301896],
      [0.016710606211, 0.066650340843, 0.35499824607, 0.56164080688]
    ],
    [
      [1.1102230246e-16, 0.84958067171, 0.0074144233092, 0.14300490498],
      [0, 0.11171360075, 0.8295095833, 0.05877681595],
      [0, 0, 0.87547017879, 0.12452982121],
      [0, 0.83894746302, 0.11951564671, 0.041536890273],
      [0, 0.015654158141, 0.20558963822, 0.77875620364]
    ],
    [
      [0.01325885492, 0.88553451306, 0.0085132149343, 0.092693417089],
      [0.55969410423, 0.079348476235, 0.34010487135, 0.020852548181],
      [0.05528934961, 0.05040759009, 0.80375367281, 0.090549387488],
      [0.0099054678675, 0.95489328597, 0.017177478131, 0.01802376803],
      [0.035296452604, 0.066772924824, 0.31483257864, 0.58309804393]
    ],
    [
      [0, 0.97585061682, 0, 0.024149383182],
      [1, 0, 0, 0],
      [0.29919093729, 0.18771041432, 0.44092544748, 0.072173200915],
      [0, 1, 0, 0],
      [0.13387270848, 0.21624285152, 0.039383035011, 0.610501405]
    ],
    [
      [6.162975822e-33, 0.96403932412, 0, 0.035960675883],
      [5.5511151231e-17, 0.21840894514, 0.75456456935, 0.027026485507],
      [0, 0.23290878315, 0.76709121685, 0],
      [0, 1, 0, 0],
      [0, 0.15962699424, 0.34936317473, 0.49100983103]
    ],
    [
      [0.009688955953, 0.93681812423, 0, 0.053492919813],
      [0.5705103097, 0.093595131976, 0.32257424349, 0.013320314842],
      [0.052890685424, 0.11868794599, 0.77660586899, 0.051815499593],
      [0.0019100587852, 0.99432236395, 0, 0.0037675772668],
      [0.040448372838, 0.10696227694, 0.36101811977, 0.49157123045]
    ],
    [
      [0.0025905925181, 0.9764428079, 0.0061386684379, 0.014827931147],
      [0.25193794268, 0.13924950325, 0.60407426761, 0.0047382864671],
      [0.0056744617411, 0.097055914651, 0.89151708389, 0.005752539718],
      [0, 0.99709287989, 0.0029071201092, 0],
      [0.015003200933, 0.14026723396, 0.64801058049, 0.19671898462]
    ],
    [
      [0.010593900314, 0.91276413309, 0.011701576532, 0.064940390069],
      [0.48929138967, 0.081098639507, 0.41491723678, 0.014692734044],
      [0.044032790931, 0.028675818702, 0.87571936428, 0.05157202609],
      [0.0054765412854, 0.9668301209, 0.020248956536, 0.0074443812833],
      [0.034088148136, 0.074021720523, 0.42269335902, 0.46919677232]
    ],
    [
      [0.0015435966454, 0.94196535044, 0, 0.056491052915],
      [0.43035692993, 0.13866743146, 0.4112671164, 0.019708522217],
      [0.02809890705, 0.17297380038, 0.73789997287, 0.061027319698],
      [0, 0.99801199255, 0, 0.001988007446],
      [0.022271313921, 0.12748118405, 0.32631791454, 0.52392958749]
    ],
    [
      [0.0045842425768, 0.91775237161, 0.0075592493361, 0.070104136472],
      [0.34140085466, 0.11422060232, 0.52223290062, 0.022145642399],
      [0.016542226847, 0.05770465873, 0.86098718859, 0.064765925829],
      [0, 0.97380361366, 0.016875564811, 0.0093208215272],
      [0.016504160846, 0.079516784566, 0.39157330163, 0.51240575296]
    ],
    [
      [0, 0.92514908041, 0, 0.074850919592],
      [0.44678681558, 0.1328431219, 0.39377794963, 0.026592112895],
      [0.0048442018117, 0.25418478561, 0.64862314974, 0.092347862841],
      [0, 0.9960672116, 0, 0.0039327883951],
      [0.014483915097, 0.085649522335, 0.26011438472, 0.63975217785]
    ],
    [
      [0.0034591384386, 0.90877269736, 0.009179813285, 0.078588350912],
      [0.34079344907, 0.11032042042, 0.52435328548, 0.02453284503],
      [0.0067089142839, 0.068554771645, 0.85442077817, 0.070315535904],
      [0, 0.96183428534, 0.02439910279, 0.013766611872],
      [0.014024831869, 0.07119217022, 0.36436915747, 0.55041384044]
    ],
    [
      [0.0041614131507, 0.95842455795, 0, 0.0374140289],
      [0.39842129948, 0.12696591795, 0.46079170436, 0.013821078221],
      [0.021462174097, 0.157264768, 0.78564935568, 0.035623702223],
      [0, 1, 7.3695838704e-17, 0],
      [0.023215521362, 0.11628773596, 0.43032394368, 0.43017279899]
    ],
    [
      [0.0052558005916, 0.9138024415, 0.0067691688942, 0.074172589015],
      [0.40700111979, 0.1029759476, 0.46801397837, 0.022008954239],
      [0.021971555545, 0.055273349893, 0.85058078764, 0.07217430692],
      [0.0017755169911, 0.9763040335, 0.012064067185, 0.009856382323],
      [0.017604111191, 0.072121205574, 0.36434817754, 0.5459265057]
    ],
    [
      [0.011072011888, 0.91382487716, 0.013380727735, 0.061722383218],
      [0.49127347565, 0.082558065159, 0.41194125975, 0.014227199438],
      [0.045255316072, 0.032788477984, 0.87108259013, 0.050873615815],
      [0.0075216604572, 0.95831296544, 0.02799527093, 0.006170103175],
      [0.035029528809, 0.076913931004, 0.42507882618, 0.46297771401]
    ],
    [
      [0.012149935515, 0.85300496125, 0.016016765902, 0.11882833733],
      [0.5131230353, 0.065292193313, 0.39362646424, 0.027958307146],
      [0.045157737324, 0.015152502195, 0.83592966328, 0.1037600972],
      [0.014109552012, 0.89668956337, 0.057421839718, 0.031779044895],
      [0.026018658981, 0.046341633663, 0.2981502544, 0.62948945296]
    ],
    [
      [0.0029613363579, 0.9183782055, 0.0046600148662, 0.074000443281],
      [0.29295064037, 0.13945935442, 0.53854055342, 0.029049451794],
      [0.013159078156, 0.084275069312, 0.81974139622, 0.082824456314],
      [0.00099656731502, 0.98129479802, 0.0079250087666, 0.0097836258951],
      [0.01091987986, 0.081607473037, 0.33303689808, 0.57443574902]
    ],
    [
      [0.0073812964904, 0.92811917452, 0.004987425965, 0.059512103021],
      [0.48984162168, 0.10438299953, 0.3887599247, 0.017015454094],
      [0.038177935513, 0.087746012012, 0.81373084956, 0.060345202913],
      [0.0030587090704, 0.98203047628, 0.00787476293, 0.0070360517177],
      [0.029562476588, 0.095952852776, 0.36639037, 0.50809430064]
    ],
    [
      [0.010683075733, 0.89997841717, 0.010054064838, 0.079284442258],
      [0.48262003538, 0.069466659407, 0.43209931293, 0.015813992282],
      [0.038161635702, 0.0047071771398, 0.90309979423, 0.054031392927],
      [0.0049076645354, 0.96229513625, 0.0230080737, 0.0097891255128],
      [0.030856536327, 0.054063334665, 0.4312861217, 0.48379400731]
    ],
    [
      [0.0038068523456, 0.89137201147, 0.013083354629, 0.091737781556],
      [0.25789314706, 0.1003221028, 0.61548802525, 0.026296724887],
      [0.0085807263076, 0, 0.92103234073, 0.070386932964],
      [0.021463367663, 0.94091686224, 0.02484454757, 0.012775222524],
      [0.010364997683, 0.05045633928, 0.40711989981, 0.53205876322]
    ],
    [
      [0.0064030355479, 0.94470333063, 0.011417829712, 0.037475804112],
      [0.34768976458, 0.078245691439, 0.56583189248, 0.0082326515014],
      [0.018935287089, 0.01898886344, 0.94867473473, 0.013401114746],
      [0.0025628760971, 0.97553518262, 0.017667073475, 0.0042348678122],
      [0.02242012559, 0.075586287429, 0.61449830283, 0.28749528415]
    ],
    [
      [0.00047325058008, 0.94542927152, 0, 0.0540974779],
      [0.39560594021, 0.13923716384, 0.44520241293, 0.019954483019],
      [0.025924355214, 0.1785378142, 0.73772677545, 0.05781105513],
      [0, 0.99918515259, 0, 0.00081484741141],
      [0.021307501402, 0.11561053978, 0.35643353927, 0.50664841955]
    ],
    [
      [0.0028555878074, 0.93019166568, 0.00078796404151, 0.066164782472],
      [0.30269568154, 0.14581862496, 0.52600903615, 0.025476657353],
      [0.013303891268, 0.11717501658, 0.79955343978, 0.069967652369],
      [0, 0.99239545868, 0, 0.0076045413159],
      [0.012456752974, 0.099984652605, 0.35089574764, 0.53666284678]
    ],
    [
      [0.014337426895, 0.897049499, 0.011956242344, 0.076656831763],
      [0.53289560908, 0.075972348877, 0.37365407252, 0.017477969518],
      [0.057178596175, 0.033148047459, 0.84024148774, 0.06943186863],
      [0.011823595874, 0.95521431731, 0.022322743668, 0.010639343148],
      [0.036988998482, 0.069569955868, 0.3664703565, 0.52697068915]
    ],
    [
      [0.0098132811601, 0.93081301139, 0, 0.059373707453],
      [0.63653674196, 0.080983803825, 0.26970738462, 0.012772069595],
      [0.084196495616, 0.12266133011, 0.73096554086, 0.062176633419],
      [0, 0.99736262721, 0, 0.0026373727857],
      [0.05356225065, 0.099398820395, 0.33651315076, 0.5105257782]
    ],
    [
      [0.0037786944233, 0.92574955531, 0, 0.070471750269],
      [0.50708379875, 0.1096176199, 0.36321751271, 0.020081068635],
      [0.048095963448, 0.13000936077, 0.74500466359, 0.076890012194],
      [0, 0.99301209768, 0, 0.0069879023215],
      [0.030552539692, 0.093756357089, 0.32037733323, 0.55531376999]
    ],
    [
      [0.0092509784715, 0.94800406409, 0, 0.042744957438],
      [0.53720335294, 0.11003823481, 0.34054358734, 0.012214824917],
      [0.054928815215, 0.16454753872, 0.73521144479, 0.045312201274],
      [0, 1, 0, 0],
      [0.040470678888, 0.11716163458, 0.37743862766, 0.46492905888]
    ],
    [
      [0.0042258190787, 0.95738264898, 0, 0.038391531941],
      [0.38923659847, 0.12825807744, 0.46903612959, 0.013469194512],
      [0.021880246928, 0.13950258607, 0.80108033582, 0.037536831177],
      [0, 1, 0, 0],
      [0.023961579908, 0.11536435355, 0.4402905762, 0.42038349035]
    ],
    [
      [0.0054613055905, 0.8958280149, 0.00060436572256, 0.098106313786],
      [0.4336053062, 0.11255193505, 0.42285015857, 0.030992600172],
      [0.02863185759, 0.0845420009, 0.77833811097, 0.10848803054],
      [0, 0.97889273849, 0, 0.021107261509],
      [0.019018778846, 0.072190518251, 0.28494160423, 0.62384909867]
    ],
    [
      [0.0075973764972, 0.91808916101, 0, 0.074313462495],
      [0.65881238774, 0.081516882197, 0.24389479582, 0.015775934247],
      [0.09752855943, 0.12289868048, 0.69450199269, 0.085070767397],
      [0, 0.9928828841, 0, 0.0071171159032],
      [0.048648902042, 0.091967797795, 0.27091368729, 0.58846961287]
    ],
    [
      [0, 0.92279605656, 0.0081937190713, 0.069010224372],
      [0.25, 0.13381610051, 0.59283545451, 0.023348444976],
      [0, 0.072489264636, 0.86821877147, 0.059291963889],
      [0, 0.97680285035, 0.014081144184, 0.0091160054666],
      [0, 0.086550102844, 0.39571627336, 0.51773362379]
    ],
    [
      [0.0071291745546, 0.90456553484, 0, 0.088305290609],
      [0.54602400625, 0.10413116289, 0.32465631616, 0.025188514698],
      [0.051036865584, 0.12396349158, 0.71430844679, 0.11069119604],
      [0, 0.9851780421, 0, 0.014821957903],
      [0.029686977459, 0.084280002212, 0.26008408485, 0.62594893548]
    ],
    [
      [0.0097987762327, 0.91272515833, 0.0047178051673, 0.072758260274],
      [0.51324519009, 0.093950349175, 0.37417100681, 0.01863345392],
      [0.047226151334, 0.074795398354, 0.80557524541, 0.072403204899],
      [0.0054936356646, 0.97882154101, 0.0060707239801, 0.0096140993428],
      [0.033185120869, 0.082457408195, 0.34981003997, 0.53454743097]
    ],
    [
      [0.0057191174955, 0.88025369976, 0.01178985606, 0.10223732669],
      [0.43959327006, 0.095884119814, 0.43747209763, 0.027050512503],
      [0.026255748128, 0.042293465631, 0.83256272354, 0.098888062703],
      [0.0014229247277, 0.94549653309, 0.024737126024, 0.028343416163],
      [0.017581157928, 0.056483394797, 0.31688450702, 0.60905094026]
    ],
    [
      [0, 0.93636060749, 0, 0.063639392514],
      [0.37963788977, 0.14979431928, 0.44646267925, 0.024105111699],
      [0.012334210439, 0.21366343845, 0.69928050317, 0.074721847937],
      [0, 0.9982081985, 0, 0.0017918014993],
      [0.016362503373, 0.10913472654, 0.31484594069, 0.5596568294]
    ],
    [
      [0.096071742285, 0.68233868989, 0.16072813444, 0.060861433388],
      [0.67637971345, 0.024713072424, 0.29241888319, 0.0064883309386],
      [0, 0, 0.96676786002, 0.033232139985],
      [0.0036065174821, 0.94586958522, 0.045131430666, 0.0053924666367],
      [0.028192024727, 0.036531687479, 0.40099097205, 0.53428531575]
    ],
    [
      [0.0065816597777, 0.91761492783, 0.0044507454332, 0.071352666959],
      [0.43398341652, 0.10873549432, 0.43632734633, 0.020953742827],
      [0.030760858723, 0.079416222361, 0.81911768784, 0.070705231074],
      [0.0020458378101, 0.98318006685, 0.0054976217612, 0.0092764735788],
      [0.023867152622, 0.084371874159, 0.35907244464, 0.53268852857]
    ],
    [
      [0.0059035046061, 0.92302973431, 0.0040402347335, 0.067026526354],
      [0.41516443575, 0.11846024725, 0.44509464153, 0.02128067548],
      [0.028244229086, 0.097367600556, 0.80537219093, 0.06901597943],
      [0.0018672761127, 0.98747497911, 0.0025247030238, 0.0081330417558],
      [0.022255259583, 0.092058628495, 0.35654141813, 0.52914469379]
    ],
    [
      [0.020637387066, 0.95753430835, 0, 0.021828304582],
      [0.98819174821, 0.003449395685, 0.0080146044058, 0.00034425170231],
      [0.15345961388, 0.24744983024, 0.56211715577, 0.036973400106],
      [0, 1, 0, 0],
      [0.11720985931, 0.1155334204, 0.25459413073, 0.51266258956]
    ],
    [
      [0.004526243527, 0.87402087868, 0, 0.12145287779],
      [0.47946032633, 0.10504559071, 0.37959115869, 0.03590292427],
      [0.032186122747, 0.090793349673, 0.73873505715, 0.13828547042],
      [0, 0.9686710792, 0, 0.031328920801],
      [0.017172746149, 0.060622930448, 0.22929426543, 0.69291005797]
    ],
    [
      [0, 1, 0, 0],
      [0.68337345178, 0.075807999735, 0.24081854848, 0],
      [0.03518072758, 0.21379911114, 0.75102016128, 0],
      [0, 1, 0, 0],
      [0.069093163409, 0.19949342977, 0.73141340682, 0]
    ],
    [
      [0.011553962315, 0.85190325431, 0.045409142906, 0.091133640464],
      [0.44824100903, 0.06644784266, 0.46510518202, 0.020205966291],
      [0.013750365952, 0, 0.91633552759, 0.069914106455],
      [0.030743205451, 0.8778655734, 0.074541949916, 0.016849271235],
      [0.025493767978, 0.049205546128, 0.40026609032, 0.52503459558]
    ],
    [
      [0.0053101259637, 0.87187610276, 0.013666502404, 0.10914726887],
      [0.39543189097, 0.10013908797, 0.4728516809, 0.031577340158],
      [0.024415707684, 0.034239922455, 0.83466502346, 0.1066793464],
      [0.0011152145161, 0.94579764804, 0.025910225416, 0.027176912032],
      [0.016470736998, 0.056091899762, 0.31191329196, 0.61552407128]
    ],
    [
      [0.0067956439801, 0.81477843596, 0.0077156395449, 0.17071028052],
      [0.49706713336, 0.088641787475, 0.36931288045, 0.044978198718],
      [0.031722078947, 0.044328759206, 0.75151400031, 0.17243516154],
      [0.0029817595319, 0.93520565271, 0.018965409335, 0.042847178427],
      [0.01386002334, 0.040799994745, 0.18776477181, 0.75757521011]
    ],
    [
      [0.01632843587, 0.84467677933, 0.021906810899, 0.1170879739],
      [0.59753242146, 0.057765030727, 0.3241336222, 0.020568925616],
      [0.057845592567, 0.0014087962338, 0.84100157595, 0.099744035253],
      [0.01462502701, 0.8865821664, 0.065593257191, 0.033199549395],
      [0.035745454448, 0.042827175074, 0.31469588957, 0.60673148091]
    ],
    [
      [0.007256332131, 0.93012930864, 0.0018607739997, 0.060753585227],
      [0.47325020032, 0.11046627081, 0.3988325874, 0.017450941469],
      [0.037766493258, 0.10992389083, 0.79227870295, 0.060030912954],
      [0, 0.99533546816, 0, 0.0046645318371],
      [0.028663287011, 0.09932126022, 0.36315403412, 0.50886141865]
    ],
    [
      [0, 0.96419395601, 0, 0.035806043985],
      [0.4303346391, 0.13655676602, 0.4197646731, 0.013343921779],
      [0.0089673900701, 0.27585743394, 0.69777764222, 0.017397533768],
      [0, 1, 0, 0],
      [0.022510159462, 0.12771333916, 0.38396697811, 0.46580952327]
    ],
    [
      [0.0011535897565, 0.96767695384, 0, 0.031169456399],
      [0.31945342148, 0.16878099425, 0.48746651464, 0.024299069632],
      [0.0070527595113, 0.30696454055, 0.63535451994, 0.050628180004],
      [0, 1, 0, 0],
      [0.011250342243, 0.12944999743, 0.31843723281, 0.54086242751]
    ],
    [
      [0.011904685954, 0.86970158354, 0.017010914623, 0.10138281588],
      [0.50844496919, 0.078404300202, 0.38957247452, 0.023578256089],
      [0.04307525735, 0.039268353103, 0.82815108944, 0.089505300104],
      [0.0097074587729, 0.92901270107, 0.038532613697, 0.022747226464],
      [0.028033418863, 0.058785178976, 0.32284950512, 0.59033189704]
    ],
    [
      [0.01050995589, 0.93501087493, 0.0041030369509, 0.050376132228],
      [0.5117120347, 0.097184897913, 0.38094389247, 0.01015917492],
      [0.047557401166, 0.077929141498, 0.83123688941, 0.04327656793],
      [0.0078537259907, 0.9879954204, 0.004150853614, 0],
      [0.036151156492, 0.09467561982, 0.40399645557, 0.46517676811]
    ],
    [
      [0, 0.83623368047, 0.0077731508383, 0.15599316869],
      [0, 0.16886721801, 0.75614119813, 0.074991583865],
      [0, 0.050908698544, 0.80412454359, 0.14496675787],
      [0, 0.93978267254, 0.018831944129, 0.041385383334],
      [0, 0.040862490224, 0.20336083718, 0.7557766726]
    ],
    [
      [0, 0.89482877111, 0, 0.10517122889],
      [0.48357754498, 0.11777442786, 0.36554158132, 0.033106445844],
      [0.024652787793, 0.14999662106, 0.70502785032, 0.12032274083],
      [0, 0.98014570822, 0, 0.019854291784],
      [0.018148963429, 0.069761819534, 0.23264905594, 0.67944016109]
    ],
    [
      [0.0079576545454, 0.90287924275, 0.0068465305767, 0.082316572126],
      [0.46773193873, 0.095020675106, 0.415174377, 0.022073009174],
      [0.035678704742, 0.053485491318, 0.82848164362, 0.082354160321],
      [0.0035221716894, 0.96991572241, 0.013343497492, 0.013218608412],
      [0.025435784393, 0.071296640752, 0.34410329264, 0.55916428221]
    ],
    [
      [0.0065024153707, 0.916085577, 0.0073997596611, 0.070012247973],
      [0.41166692669, 0.10527173866, 0.46294894617, 0.02011238848],
      [0.028574934577, 0.058829175372, 0.84776608222, 0.064829807833],
      [0.0026000646062, 0.97374928592, 0.014760517895, 0.0088901315819],
      [0.022581061108, 0.079499856226, 0.38518001861, 0.51273906406]
    ],
    [
      [0, 0.97274515427, 0, 0.027254845728],
      [0.41508869295, 0.13666730615, 0.43247292817, 0.015771072727],
      [0.018761119627, 0.24311274569, 0.69759311574, 0.040533018942],
      [0, 1, 0, 0],
      [0.020856597419, 0.12567707347, 0.37908854317, 0.47437778595]
    ],
    [
      [0.0071182655897, 0.88037869367, 0, 0.11250304074],
      [0.71586052418, 0.081322955503, 0.17835001133, 0.02446650899],
      [0.13302372564, 0.14821874587, 0.56682095739, 0.1519365711],
      [0, 0.9825467715, 0, 0.017453228498],
      [0.038861483224, 0.064272878717, 0.15743122257, 0.73943441549]
    ],
    [
      [0.0072588489391, 0.88636301182, 0.0024494612608, 0.10392867798],
      [0.6791970881, 0.070509063489, 0.22947976441, 0.020814084006],
      [0.030610017243, 0.13900252401, 0.70898827622, 0.12139918252],
      [0, 0.97967139216, 0, 0.02032860784],
      [0.019026953892, 0.058681467005, 0.19358814416, 0.72870343495]
    ],
    [
      [0.018184216889, 0.81337339979, 0.015411461848, 0.15303092147],
      [1, 0, 0, 0],
      [0.052245454855, 0, 0.81639572798, 0.13135881717],
      [0.067337221593, 0.87465064008, 0.034485668117, 0.023526470208],
      [0.023694194397, 0.024821656091, 0.14388894283, 0.80759520668]
    ],
    [
      [0.18053109302, 0.81415075714, 0, 0.0053181498398],
      [1, 0, 0, 0],
      [0.27575625133, 0, 0.72424374867, 0],
      [0.19850955276, 0.79056616191, 0.010924285335, 0],
      [0.24594832652, 0, 0.25936982332, 0.49468185016]
    ],
    [
      [0.018429321791, 0.83330278813, 0.0126666887, 0.13560120138],
      [0.76429968166, 0.034059764399, 0.18586082853, 0.015779725412],
      [0.074050808511, 0.011531239067, 0.79481800607, 0.11959994635],
      [0.019657980579, 0.90023046677, 0.048753781169, 0.031357771484],
      [0.031667789496, 0.035270306439, 0.2043267587, 0.72873514536]
    ],
    [
      [0.013383693659, 0.90539004361, 0.0058273683577, 0.075398894375],
      [0.54294837956, 0.082417301355, 0.35681673061, 0.017817588477],
      [0.061867599537, 0.054561611491, 0.81137646239, 0.072194326579],
      [0.012422425916, 0.96798493362, 0.0098185858509, 0.009774054615],
      [0.038210685854, 0.075413321522, 0.34776121557, 0.53861477705]
    ],
    [
      [0.0020076090908, 0.93055858852, 0, 0.067433802392],
      [0.35231476117, 0.12994905457, 0.49388347076, 0.023852713494],
      [0.019268496761, 0.11123612667, 0.80051258696, 0.068982789604],
      [0, 0.99402824153, 0, 0.0059717584661],
      [0.014749723537, 0.093649529348, 0.34906662184, 0.54253412528]
    ],
    [
      [0.0077194194978, 0.92776980765, 0.0048551196671, 0.059655653182],
      [0.47873359371, 0.10033667857, 0.404950911, 0.015978816724],
      [0.036078989439, 0.079615583367, 0.82775134162, 0.056554085571],
      [0.0027174485792, 0.99213425644, 0.0013335593274, 0.0038147356561],
      [0.029402195061, 0.091412081159, 0.38956526162, 0.48962046216]
    ],
    [
      [0.021948812506, 0.86634026897, 0.0062926635225, 0.105418255],
      [0.73595721116, 0.049801440761, 0.19925785531, 0.014983492768],
      [0.099545260682, 0.044478990493, 0.7469366097, 0.10903913913],
      [0.013367747762, 0.95252031881, 0.012221805819, 0.021890127611],
      [0.057511446467, 0.058427467395, 0.26088886974, 0.6231722164]
    ],
    [
      [0, 0.85754622635, 0, 0.14245377365],
      [0.39439116982, 0.15597200962, 0.38788414565, 0.061752674913],
      [0, 0.17602723271, 0.62267444209, 0.2012983252],
      [0, 0.954092969, 0, 0.045907031003],
      [0.007011037725, 0.058364510848, 0.1517726075, 0.78285184392]
    ],
    [
      [0.0072219963854, 0.82379336498, 0, 0.16898463863],
      [0.87756325131, 0.029706773404, 0.072821975127, 0.019908000157],
      [0.18028174351, 0.096149751455, 0.50514019449, 0.21842831054],
      [0, 0.92337001905, 0, 0.076629980948],
      [0.046229512298, 0.034219363471, 0.10036926311, 0.81918186112]
    ],
    [
      [0, 0.87216487735, 0.022043415898, 0.10579170675],
      [6.2450045135e-17, 0.1383158257, 0.82002841207, 0.041655762231],
      [0, 0, 0.90675815933, 0.093241840667],
      [0, 0.88495358487, 0.085184818619, 0.029861596514],
      [5.5511151231e-17, 0.020331717079, 0.33743744085, 0.64223084207]
    ],
    [
      [5.0074178554e-33, 0.42440488244, 0.004930236788, 0.57066488078],
      [4.1633363423e-17, 0.046636519581, 0.83293671184, 0.12042676858],
      [0, 0, 0.95912582086, 0.040874179136],
      [0, 0.87797558782, 0.016222995196, 0.10580141698],
      [0, 0, 0, 1]
    ],
    [
      [0.019395845739, 0.82168739879, 0.0081607745277, 0.15075598094],
