{
  "X": [
    [29, 26, 36, 9],
    [24, 19, 33, 24],
    [17, 26, 40, 17],
    [21, 18, 46, 15],
    [16, 36, 35, 13],
    [28, 16, 41, 15],
    [25, 28, 28, 19],
    [27, 13, 35, 25],
    [28, 21, 27, 24],
    [29, 15, 27, 29],
    [32, 16, 29, 23],
    [23, 24, 29, 24],
    [45, 20, 19, 16],
    [49, 20, 16, 15],
    [54, 18, 13, 15],
    [42, 24, 20, 14],
    [57, 14, 19, 10],
    [57, 14, 15, 14],
    [50, 21, 18, 11],
    [43, 15, 18, 24],
    [43, 12, 26, 19],
    [47, 16, 23, 14],
    [43, 12, 26, 19],
    [51, 13, 14, 22],
    [45, 9, 17, 29],
    [26, 12, 47, 15],
    [23, 14, 47, 16],
    [31, 8, 44, 17],
    [28, 9, 46, 17],
    [29, 11, 44, 16],
    [31, 7, 44, 18],
    [45, 13, 31, 11],
    [55, 12, 11, 22],
    [47, 9, 31, 13],
    [45, 16, 17, 22],
    [45, 13, 27, 15],
    [43, 13, 27, 17],
    [48, 14, 24, 14],
    [63, 11, 22, 4],
    [60, 7, 25, 8],
    [50, 7, 35, 8],
    [57, 13, 22, 8],
    [56, 7, 27, 10],
    [58, 17, 15, 10],
    [43, 25, 21, 11],
    [50, 29, 14, 7],
    [61, 21, 7, 11],
    [50, 23, 16, 11],
    [48, 23, 16, 13],
    [55, 22, 12, 11]
  ],
  "W": [
    [56, 6, 8, 3, 8, 4, 8, 7],
    [48, 9, 8, 9, 4, 9, 6, 7],
    [59, 3, 3, 9, 7, 5, 7, 7],
    [57, 6, 4, 7, 8, 9, 2, 7],
    [55, 6, 4, 12, 6, 4, 7, 6],
    [49, 7, 4, 7, 9, 9, 7, 8],
    [24, 49, 5, 0, 4, 3, 7, 8],
    [6, 55, 8, 6, 8, 3, 8, 6],
    [5, 61, 8, 7, 4, 5, 7, 3],
    [7, 56, 7, 5, 9, 5, 5, 6],
    [6, 55, 4, 8, 2, 9, 7, 9],
    [6, 56, 7, 10, 4, 7, 4, 6],
    [5, 36, 28, 9, 6, 4, 5, 7],
    [8, 3, 56, 6, 3, 6, 11, 7],
    [5, 4, 66, 7, 10, 1, 6, 1],
    [8, 6, 42, 9, 12, 8, 9, 6],
    [7, 7, 60, 7, 9, 4, 1, 5],
    [7, 4, 62, 5, 7, 6, 6, 3],
    [7, 5, 41, 16, 7, 5, 9, 10],
    [4, 9, 13, 50, 7, 3, 6, 8],
    [4, 4, 10, 57, 7, 8, 8, 2],
    [5, 4, 9, 53, 9, 5, 6, 9],
    [9, 10, 7, 50, 5, 9, 5, 5],
    [6, 7, 5, 61, 4, 6, 5, 6],
    [10, 5, 7, 54, 5, 7, 7, 5],
    [8, 6, 5, 6, 52, 9, 8, 6],
    [6, 6, 7, 5, 64, 6, 3, 3],
    [8, 5, 12, 7, 51, 7, 4, 6],
    [5, 3, 7, 7, 57, 10, 9, 2],
    [10, 6, 9, 5, 50, 9, 6, 5],
    [8, 7, 4, 6, 55, 4, 8, 8],
    [9, 5, 9, 3, 13, 46, 9, 6],
    [3, 7, 9, 5, 7, 55, 5, 9],
    [5, 7, 4, 8, 11, 58, 3, 4],
    [3, 8, 10, 9, 7, 52, 6, 5],
    [13, 2, 2, 9, 5, 58, 2, 9],
    [7, 6, 7, 10, 7, 53, 7, 3],
    [8, 6, 3, 6, 10, 29, 32, 6],
    [7, 6, 3, 6, 8, 4, 54, 12],
    [4, 8, 9, 8, 3, 10, 53, 5],
    [9, 9, 6, 5, 11, 4, 51, 5],
    [5, 6, 2, 8, 6, 11, 56, 6],
    [6, 3, 5, 5, 5, 7, 62, 7],
    [3, 7, 9, 5, 4, 5, 49, 18],
    [7, 7, 6, 8, 9, 8, 5, 50],
    [5, 6, 6, 4, 4, 5, 7, 63],
    [3, 8, 6, 3, 2, 8, 7, 63],
    [9, 7, 3, 8, 6, 8, 4, 55],
    [5, 7, 6, 7, 6, 9, 8, 52],
    [6, 4, 0, 5, 8, 6, 8, 63]
  ],
  "method": "mult",
  "cond_prob": [
    [
      [0.091109361034, 0.35021396765, 0.47013928187, 0.088537389443],
      [0.21642671663, 0.24958262287, 0.30116142534, 0.23282923516],
      [0.72066820479, 0.1894441227, 0.030199526132, 0.05968814638],
      [0.5917104814, 0.10173499943, 0.13344882273, 0.17310569644],
      [0.18544530893, 0.050362307849, 0.64678037443, 0.11741200879],
      [0.64245253655, 0.09015423942, 0.15763980793, 0.1097534161],
      [0.79156570998, 0.035038451757, 0.16512904947, 0.0082667887916],
      [0.66756287176, 0.2894201514, 0.013922051856, 0.029094924978]
    ],
    [
      [0.025380809522, 0.26046267945, 0.49260291751, 0.22155359352],
      [0.12312534529, 0.1583247978, 0.26012562455, 0.45842423235],
      [0.60838640976, 0.17533941385, 0.042506815058, 0.17376736133],
      [0.39833750088, 0.07437308551, 0.13333918007, 0.39395023354],
      [0.11335421908, 0.035077455254, 0.60107888574, 0.25048943993],
      [0.47662750022, 0.072826682267, 0.17389620781, 0.2766496097],
      [0.7124142402, 0.035288855222, 0.22384331579, 0.028453588786],
      [0.60055920425, 0.28475886186, 0.023054412806, 0.091627521084]
    ],
    [
      [0.0031086774779, 0.33388684899, 0.50715517448, 0.15584929905],
      [0.11307459837, 0.22156668008, 0.29269897288, 0.37265974867],
      [0.5633380051, 0.24674332167, 0.048695225167, 0.14122344806],
      [0.38663992296, 0.11189786566, 0.16129224837, 0.34016996301],
      [0.098395435776, 0.04855033395, 0.65539143434, 0.19766279594],
      [0.45540309693, 0.10687883743, 0.20440351591, 0.23331454972],
      [0.66739711261, 0.051487141008, 0.25826339861, 0.022852347775],
      [0.52428965549, 0.37914408594, 0.026347209399, 0.070219049177]
    ],
    [
      [0.03348895594, 0.23276508969, 0.60066688542, 0.13307906895],
      [0.1583871717, 0.16061950355, 0.35724289083, 0.32375043392],
      [0.68521712961, 0.15614706254, 0.051499350676, 0.10713645718],
      [0.48730061551, 0.072102693066, 0.17520856862, 0.2653881228],
      [0.1222512806, 0.029971542744, 0.69782253285, 0.14995464381],
      [0.54579542899, 0.066017153741, 0.21400228016, 0.1741851371],
      [0.71605263927, 0.028171200447, 0.24066872081, 0.015107439473],
      [0.66665132428, 0.2498709483, 0.02801922531, 0.055458502107]
    ],
    [
      [0, 0.45460166393, 0.44388990769, 0.10150842839],
      [0.10394174683, 0.33356464145, 0.28167334417, 0.28082026755],
      [0.50276671659, 0.35154840652, 0.044762870619, 0.10092200626],
      [0.32297061542, 0.24067755275, 0.16510001635, 0.27125181548],
      [0.097455615465, 0.078293191665, 0.66654754307, 0.1577036498],
      [0.4463038628, 0.16708585457, 0.20372896999, 0.18288131264],
      [0.64647363228, 0.081101513575, 0.25531555422, 0.017109299921],
      [0.43239511627, 0.49923053548, 0.022392219276, 0.045982128975]
    ],
    [
      [0.060489149019, 0.22728655207, 0.57116511075, 0.14105918817],
      [0.17836643318, 0.15339895294, 0.33409881461, 0.33413579927],
      [0.71160910836, 0.14030329328, 0.044341682006, 0.10374591635],
      [0.51747094562, 0.065388516611, 0.15546530716, 0.26167523061],
      [0.14259529542, 0.028534899612, 0.6704552243, 0.15841458067],
      [0.579337644, 0.059560568822, 0.18962378291, 0.17147800427],
      [0.7483631664, 0.024653811167, 0.21233193192, 0.014651090516],
      [0.69784937418, 0.22559969934, 0.022694925582, 0.053856000903]
    ],
    [
      [0.043814979495, 0.39676185056, 0.44204362245, 0.11737954749],
      [0.17327579751, 0.27526657071, 0.26179752572, 0.28966010606],
      [0.6394991186, 0.23908180655, 0.033922514877, 0.087496559975],
      [0.50501299936, 0.12266169153, 0.13134153647, 0.24098377263],
      [0.15228492704, 0.061158924416, 0.62482095829, 0.16173519026],
      [0.5678644071, 0.1129838056, 0.1605214316, 0.15863035571],
      [0.75424700216, 0.049066253158, 0.18326949759, 0.01341724709],
      [0.58349610958, 0.35839921282, 0.016190889414, 0.041913788181]
    ],
    [
      [0.032847211642, 0.21372652585, 0.61315943969, 0.14026682281],
      [0.12768538567, 0.14437641475, 0.38182163375, 0.34611656583],
      [0.66175774161, 0.15478388714, 0.059129037883, 0.12432933336],
      [0.45113496801, 0.068288267754, 0.18799086468, 0.29258589956],
      [0.1062878219, 0.02673175351, 0.71001058859, 0.156969836],
      [0.5113368753, 0.063394573658, 0.23093445347, 0.19433409757],
      [0.68567304099, 0.027402461458, 0.26911413786, 0.017810359698],
      [0.65160854138, 0.25094664823, 0.032345807108, 0.065099003283]
    ],
    [
      [0.036671907746, 0.34560675262, 0.49156001035, 0.12616132928],
      [0.15252142161, 0.24017083495, 0.29647190311, 0.31083584034],
      [0.63400995878, 0.22483704612, 0.040997621054, 0.10015537404],
      [0.47914266446, 0.11020155666, 0.14880480563, 0.26185097326],
      [0.13275364579, 0.050426420273, 0.65452804761, 0.16229188633],
      [0.54101168471, 0.10188491904, 0.18341655795, 0.1736868383],
      [0.72696253351, 0.044669981818, 0.21286889112, 0.015498593543],
      [0.58731489352, 0.34253929687, 0.02084067758, 0.049305132025]
    ],
    [
      [0.044927021079, 0.27042202448, 0.50775853614, 0.1768924183],
      [0.17099448581, 0.16658861837, 0.27040413299, 0.39201276282],
      [0.68124639042, 0.15649309007, 0.037194721318, 0.1250657982],
      [0.48795579248, 0.072641496359, 0.12958997763, 0.30981273353],
      [0.14587022831, 0.035535427546, 0.61237636807, 0.20621797608],
      [0.56022935974, 0.068308411735, 0.16249920967, 0.20896301885],
      [0.7603825813, 0.030118079322, 0.19056479384, 0.018934545541],
      [0.66423736527, 0.25124546407, 0.019673088664, 0.064844082001]
    ],
    [
      [0.039170958802, 0.25981203554, 0.57211731238, 0.12889969328],
      [0.16306308183, 0.17721317571, 0.34464377093, 0.31507997152],
      [0.67812588517, 0.17040273503, 0.048241256415, 0.10323012338],
      [0.4927588285, 0.08003829953, 0.16784230515, 0.25936056682],
      [0.12746106461, 0.034183441941, 0.68841621292, 0.14993928053],
      [0.55131062699, 0.07331778438, 0.20499182738, 0.17037976125],
      [0.72205665881, 0.031200287207, 0.23203986978, 0.014703184205],
      [0.65231291045, 0.26953964806, 0.025571921868, 0.052575519623]
    ],
    [
      [0.024969498453, 0.35642440927, 0.50082847192, 0.11777762036],
      [0.099799526826, 0.26387819668, 0.32728707237, 0.30903520412],
      [0.55704165271, 0.27900252349, 0.051372020554, 0.11258380324],
      [0.40559651409, 0.13274839269, 0.17765277749, 0.28400231574],
      [0.099565625738, 0.054045017891, 0.68984536137, 0.156543995],
      [0.46475951934, 0.12401414147, 0.22061470405, 0.19061163515],
      [0.65697270963, 0.056978593405, 0.26790715627, 0.018141540698],
      [0.50444713672, 0.41526325057, 0.025918033038, 0.054371579673]
    ],
    [
      [0.05088808826, 0.35777898347, 0.47691138568, 0.1144215426],
      [0.22050780948, 0.24241254311, 0.26585459209, 0.27122505532],
      [0.7107966033, 0.19845787521, 0.019802766984, 0.070942754506],
      [0.55684197828, 0.10264972465, 0.12592054792, 0.21458774915],
      [0.17259830917, 0.051526033023, 0.62997870286, 0.14589695495],
      [0.61123121727, 0.093151310584, 0.15569631476, 0.13992115738],
      [0.77920247043, 0.038668420392, 0.171530918, 0.010598191181],
      [0.64526694918, 0.30406885151, 0.013800469063, 0.036863730251]
    ],
    [
      [0.026801354608, 0.29715039924, 0.52576587362, 0.15028237253],
      [0.11845173224, 0.20274659383, 0.31109822252, 0.36770345142],
      [0.56747869215, 0.22758629648, 0.061303412033, 0.14363159934],
      [0.39883375136, 0.10066400355, 0.16774202934, 0.33276021575],
      [0.09987011625, 0.041541699921, 0.67347224619, 0.18511593764],
      [0.46410197746, 0.095997418831, 0.21310152544, 0.22679907827],
      [0.66611935547, 0.045174283342, 0.26631223153, 0.022394129655],
      [0.54955565348, 0.35260195298, 0.027524950796, 0.070317442751]
    ],
    [
      [0.040925157682, 0.33856293227, 0.45538231732, 0.16512959272],
      [0.15463691289, 0.21558058585, 0.25194810902, 0.37783439223],
      [0.64812740833, 0.2063193368, 0.024123682292, 0.12142957257],
      [0.47058217274, 0.097207059381, 0.12200120012, 0.31020956776],
      [0.14427490803, 0.048736562898, 0.59793716541, 0.20905136366],
      [0.54264607354, 0.091901117722, 0.15542122907, 0.21003157967],
      [0.75287277132, 0.041765522394, 0.18606886851, 0.019292837777],
      [0.60371061906, 0.31747746948, 0.017918451011, 0.060893460446]
    ],
    [
      [0.026907864654, 0.40278494805, 0.44917688464, 0.12113030265],
      [0.12282832871, 0.28749725274, 0.27975208337, 0.30992233518],
      [0.54656212972, 0.30212754678, 0.042111112229, 0.10919921127],
      [0.41951831933, 0.14520475046, 0.15206237775, 0.28321455246],
      [0.11093933128, 0.066187564339, 0.65289331617, 0.16997978822],
      [0.48209764289, 0.13652638478, 0.19073523673, 0.19064073559],
      [0.6834320824, 0.064266165968, 0.23410159781, 0.018200153821],
      [0.49625848802, 0.43194663934, 0.020554706867, 0.051240165765]
    ],
    [
      [0.043972390348, 0.23658302114, 0.62148781003, 0.097956778482],
      [0.18871549407, 0.16999500703, 0.38846081789, 0.25282868101],
      [0.72819935672, 0.14840232797, 0.049014984045, 0.074383331268],
      [0.54822481098, 0.072968825813, 0.1807063957, 0.1980999675],
      [0.13753244943, 0.029840982623, 0.7228760585, 0.10975050945],
      [0.59457538327, 0.064952932876, 0.21444151835, 0.1260301655],
      [0.73388101655, 0.026196588188, 0.22960639855, 0.010315996711],
      [0.69833502691, 0.23689103614, 0.026251758714, 0.038522178239]
    ],
    [
      [0.043266692887, 0.2560457549, 0.54346583984, 0.15722171237],
      [0.16572966703, 0.16516645207, 0.3046939746, 0.3644099063],
      [0.69007032246, 0.15517675269, 0.037489820357, 0.11726310449],
      [0.4915718154, 0.072405717182, 0.1444790816, 0.29154338582],
      [0.13799362644, 0.033142467864, 0.64827446541, 0.18058944028],
      [0.55874152344, 0.067451500092, 0.17961850241, 0.19418847406],
      [0.74548862752, 0.02932868826, 0.2079773462, 0.017205338022],
      [0.66688637377, 0.25044941651, 0.022234201038, 0.060430008679]
    ],
    [
      [0.034049134469, 0.35340976696, 0.51451331521, 0.098027783365],
      [0.15150947839, 0.25977997174, 0.32929264366, 0.25941790621],
      [0.62501097183, 0.24879932191, 0.045131176015, 0.081058530249],
      [0.48459898434, 0.1240415548, 0.1684647488, 0.22289471206],
      [0.12500117286, 0.052581584528, 0.69472936242, 0.1276878802],
      [0.5382364752, 0.11191038828, 0.20451211167, 0.14534102484],
      [0.70644166979, 0.048636211581, 0.23273358074, 0.012188537894],
      [0.57009094582, 0.36764457603, 0.022586105599, 0.039678372553]
    ],
    [
      [0.035335204701, 0.33511444785, 0.47394531729, 0.15560503016],
      [0.14038740451, 0.22074150236, 0.27221988761, 0.36665120552],
      [0.61470124616, 0.22037709358, 0.039233058346, 0.12568860191],
      [0.44441960221, 0.10369751208, 0.13600654638, 0.31587633932],
      [0.12671934356, 0.048233571802, 0.62655555539, 0.19849152925],
      [0.51515986499, 0.097626398883, 0.17464027884, 0.21257345729],
      [0.7228390589, 0.04473139196, 0.2122077805, 0.020221768647],
      [0.57669085957, 0.34052353945, 0.020103282203, 0.06268231878]
    ],
    [
      [0.029563210157, 0.28365290104, 0.58191641505, 0.10486747376],
      [0.13477006339, 0.20988407903, 0.37707772621, 0.27826813137],
      [0.62048125746, 0.21992592602, 0.060158998714, 0.099433817808],
      [0.43790241861, 0.10189016887, 0.21335605878, 0.24685135373],
      [0.10202184585, 0.038571082217, 0.73229063959, 0.12711643235],
      [0.4989961267, 0.09337680027, 0.24503952291, 0.16258755012],
      [0.66361154492, 0.040399077297, 0.2818354869, 0.014153890877],
      [0.58120108826, 0.33932429884, 0.030051770772, 0.049422842125]
    ],
    [
      [0.03556251995, 0.34752118075, 0.53224311601, 0.084673183289],
      [0.1614334573, 0.26090401135, 0.34928894119, 0.22837359017],
      [0.64454147116, 0.23801718188, 0.04697675886, 0.0704645881],
      [0.50739952738, 0.1243736765, 0.17834870202, 0.1898780941],
      [0.12895190509, 0.050963053833, 0.71117423267, 0.10891080841],
      [0.55629981906, 0.10867610449, 0.21069789177, 0.12432618468],
      [0.71101246598, 0.045539336947, 0.23331499406, 0.010133203016],
      [0.58614048247, 0.35661494787, 0.023601011268, 0.03364355839]
    ],
    [
      [0.035675109348, 0.25748061327, 0.59387637752, 0.11296789986],
      [0.15640741436, 0.183684901, 0.37115443531, 0.28875324933],
      [0.67134855158, 0.17884565502, 0.053796768049, 0.09600902535],
      [0.48440452335, 0.08337955446, 0.19146580827, 0.24075011392],
      [0.11916752817, 0.033714012406, 0.71548730554, 0.13163115389],
      [0.54185189823, 0.076332955471, 0.22432861124, 0.15748653506],
      [0.70317421591, 0.032239124969, 0.25110428769, 0.013482371431],
      [0.64136160789, 0.28163317528, 0.028356998398, 0.048648218433]
    ],
    [
      [0.05191256475, 0.36414236785, 0.42952698838, 0.15441807902],
      [0.19175722827, 0.2278506506, 0.23426765784, 0.34612446329],
      [0.68721711207, 0.18782417013, 0.02746122735, 0.097497490443],
      [0.5519560396, 0.091998117166, 0.094440454167, 0.26160538906],
      [0.18137956441, 0.052164705965, 0.56929552733, 0.1971602023],
      [0.60729616865, 0.087537782907, 0.13033289601, 0.17483315243],
      [0.79840447407, 0.037440365393, 0.14894624895, 0.015208911589],
      [0.6465837329, 0.29134964878, 0.013479982301, 0.048586636012]
    ],
    [
      [0.047683939933, 0.24584612582, 0.48399520835, 0.2224747259],
      [0.15934208235, 0.14150295555, 0.2434340932, 0.4557208689],
      [0.67689505803, 0.13748311481, 0.033206647447, 0.15241517972],
      [0.47518463839, 0.055378303845, 0.10178701501, 0.36765004276],
      [0.14655792335, 0.031011147769, 0.57092059601, 0.25151033287],
      [0.54678612416, 0.058270406171, 0.14578544141, 0.24915802826],
      [0.77074965237, 0.026378749764, 0.17850376297, 0.024367834899],
      [0.67453485149, 0.22672278448, 0.017860939432, 0.080881424599]
    ],
    [
      [0.030992826521, 0.33655826203, 0.5124869323, 0.11996197915],
      [0.13812056127, 0.23790883327, 0.31920693851, 0.30476366696],
      [0.61160545824, 0.23713840382, 0.047684746489, 0.10357139145],
      [0.45296475737, 0.11345964589, 0.16713393273, 0.26644166402],
      [0.10758569891, 0.04864487737, 0.68853711367, 0.15523231005],
      [0.51176153546, 0.10506659758, 0.20645260503, 0.17671926193],
      [0.69592257175, 0.046370835154, 0.241663263, 0.0160433301],
      [0.56330457474, 0.36125522116, 0.024721020271, 0.050719183826]
    ],
    [
      [0.033092717903, 0.42007882412, 0.43251356541, 0.11431489256],
      [0.14072872421, 0.29784424109, 0.26988386095, 0.29154317375],
      [0.58778870788, 0.28173878673, 0.036496554675, 0.093975950715],
      [0.46046739297, 0.14261513878, 0.14108052305, 0.2558369452],
      [0.13565630049, 0.074851957384, 0.62656890215, 0.16292283997],
      [0.52259080071, 0.1326318031, 0.17460337646, 0.17017401973],
      [0.7177336148, 0.059133979325, 0.20765524623, 0.015477159642],
      [0.52315484916, 0.41449879285, 0.017913736171, 0.044432621817]
    ],
    [
      [0.043043232039, 0.23419179148, 0.56879542005, 0.15396955644],
      [0.1684188188, 0.15126178045, 0.32321812166, 0.35710127909],
      [0.6981454388, 0.14159945359, 0.045658830465, 0.11459627714],
      [0.49814641596, 0.065123418899, 0.15340690256, 0.28332326258],
      [0.13580225686, 0.025627667955, 0.66433754305, 0.17423253214],
      [0.56297490802, 0.060230905752, 0.18902071645, 0.18777346977],
      [0.74271859945, 0.025747210214, 0.21504137094, 0.0164928194],
      [0.68519600311, 0.23058052396, 0.02454442556, 0.059679047374]
    ],
    [
      [0.035113429435, 0.32206130594, 0.50167395483, 0.1411513098],
      [0.14414402976, 0.21644990951, 0.2976155539, 0.34179050683],
      [0.62771930266, 0.21357584555, 0.043621758199, 0.11508309359],
      [0.45741468931, 0.10020484543, 0.15145044523, 0.29093002002],
      [0.12179719078, 0.045045299934, 0.65418964081, 0.17896786847],
      [0.52246525903, 0.093730297246, 0.18881521397, 0.19498922975],
      [0.71685249071, 0.041715916066, 0.2235097922, 0.017921801028],
      [0.5886489693, 0.33177529581, 0.022364172179, 0.057211562711]
    ],
    [
      [0.039476322166, 0.30438830662, 0.51955190982, 0.13658346139],
      [0.15874811159, 0.20448103666, 0.30709423632, 0.32967661543],
      [0.65911167192, 0.19259081947, 0.042420118512, 0.1058773901],
      [0.48632799243, 0.091776096242, 0.15074102547, 0.27115488586],
      [0.13648671809, 0.04093363953, 0.65520042248, 0.16737921991],
      [0.54973563773, 0.08485398497, 0.18573880468, 0.17967157262],
      [0.73320648639, 0.036755610296, 0.21411712675, 0.015920776565],
      [0.62358150741, 0.30122627089, 0.022011232707, 0.053180988994]
    ],
    [
      [0.050824212375, 0.22609124903, 0.55134886884, 0.17173566975],
      [0.18347596988, 0.13881266586, 0.29792829208, 0.37978307218],
      [0.72055109391, 0.12456451342, 0.038937492335, 0.11594690033],
      [0.51816653646, 0.057498774323, 0.13507781561, 0.28925687361],
      [0.16506773885, 0.024577008587, 0.62162624717, 0.18872900539],
      [0.58676098393, 0.053470484368, 0.16755737764, 0.19221115407],
      [0.77155179951, 0.022419600197, 0.18946221547, 0.016566384825],
      [0.71496086859, 0.20391955447, 0.020265414113, 0.060854162822]
    ],
    [
      [0.033954871246, 0.29831532282, 0.57818175365, 0.089548052291],
      [0.1592925981, 0.22253994843, 0.37768358293, 0.24048387054],
      [0.65945393055, 0.20946180761, 0.054180703363, 0.076903558481],
      [0.50299229514, 0.10293086942, 0.19051883829, 0.20355799715],
      [0.11962970862, 0.040744391682, 0.73040456627, 0.10922133343],
      [0.54191508741, 0.091500845468, 0.23734858761, 0.12923547951],
      [0.69909103213, 0.038136815148, 0.25199351916, 0.010778633561],
      [0.61313023096, 0.32109435934, 0.027921232209, 0.03785417749]
    ],
    [
      [0.05533964909, 0.37120516911, 0.34628255872, 0.22717262308],
      [0.18241277192, 0.20416234802, 0.16499496689, 0.44842991316],
      [0.67678345564, 0.17461579115, 0.018362906138, 0.13023784707],
      [0.50459986832, 0.08405616825, 0.073406988781, 0.33793697465],
      [0.19746881901, 0.053397514469, 0.45852923895, 0.29060442756],
      [0.61057633291, 0.080380409482, 0.080251560853, 0.22879169676],
      [0.82697377022, 0.036846866816, 0.11489319591, 0.021286167054],
      [0.64935470141, 0.276276182, 0.0084311063716, 0.065938010213]
    ],
    [
      [0.038169590078, 0.23713701366, 0.6303134136, 0.094379982661],
      [0.17063545257, 0.1740280697, 0.40643145164, 0.24890502609],
      [0.70152356019, 0.16279821059, 0.056300379987, 0.07937784923],
      [0.51986676197, 0.077564627085, 0.19882533966, 0.20374327128],
      [0.12208258728, 0.029759979909, 0.74119889453, 0.10695853828],
      [0.560302704, 0.066934661522, 0.24399979962, 0.12876283486],
      [0.7068202328, 0.028126144969, 0.2543055204, 0.010748101833],
      [0.67218738867, 0.25761500063, 0.02987893861, 0.040318672084]
    ],
    [
      [0.034291599082, 0.40001953654, 0.3995004407, 0.16618842367],
      [0.13325746816, 0.25818115881, 0.22440895791, 0.38415241513],
      [0.58073962797, 0.25692500262, 0.031675836943, 0.13065953246],
      [0.42897491079, 0.12271869618, 0.11513762478, 0.33316876826],
      [0.13347564837, 0.062866326302, 0.57324383378, 0.23041419154],
      [0.50312749294, 0.12200044992, 0.14300215591, 0.23186990122],
      [0.73378146244, 0.056245862782, 0.18746667029, 0.022506004486],
      [0.53264940687, 0.38784219428, 0.015922211313, 0.063586187537]
    ],
    [
      [0.03489998385, 0.2784313992, 0.57179133947, 0.11487727748],
      [0.15448898851, 0.1978829044, 0.35488058082, 0.29274752627],
      [0.6594297594, 0.19257545737, 0.050854606828, 0.097140176401],
      [0.48321413694, 0.091189507699, 0.17882063016, 0.2467757252],
      [0.12049634787, 0.037405575179, 0.70508104668, 0.13701703027],
      [0.53352894459, 0.083048201052, 0.22215455114, 0.16126830322],
      [0.70496841884, 0.035508661552, 0.24549418641, 0.014028733194],
      [0.62360423539, 0.30043651751, 0.027166551991, 0.048792695112]
    ],
    [
      [0.029997925409, 0.3065279072, 0.54384426877, 0.11962989862],
      [0.13431052548, 0.21887349875, 0.34036203081, 0.30645394496],
      [0.61274099273, 0.2263616641, 0.052751275658, 0.10814606752],
      [0.4428077816, 0.10585885969, 0.18031754168, 0.27101581703],
      [0.10841620804, 0.042960531638, 0.69989028249, 0.14873297783],
      [0.49115684057, 0.099050802653, 0.22976833974, 0.18002401703],
      [0.68019212989, 0.043397680363, 0.26014432206, 0.016265867687],
      [0.57177189614, 0.34791446228, 0.026839783018, 0.053473858554]
    ],
    [
      [0.033232233546, 0.37655225984, 0.44909027267, 0.14112523394],
      [0.13925834648, 0.25366561547, 0.26525034267, 0.34182569538],
      [0.60040474558, 0.24788123535, 0.038032377006, 0.11368164207],
      [0.44851302949, 0.12005919402, 0.13632519285, 0.29510258364],
      [0.12843363277, 0.0579559779, 0.62405478552, 0.1895556038],
      [0.51255500383, 0.11662151947, 0.17014717275, 0.20067630395],
      [0.71743182349, 0.055829990668, 0.20611764887, 0.020620536973],
      [0.5500083081, 0.37557430222, 0.018857807601, 0.055559582076]
    ],
    [
      [0.053216921133, 0.34988980493, 0.52463317792, 0.072260096019],
      [0.21785635119, 0.2546201467, 0.3344013112, 0.19312219091],
      [0.71848905955, 0.1951776961, 0.036800726667, 0.049532517678],
      [0.60196749195, 0.10420993058, 0.14893891056, 0.14488366691],
      [0.1770898421, 0.048275077554, 0.68345230079, 0.09118277956],
      [0.642676187, 0.091619572875, 0.17522048409, 0.090483756042],
      [0.80586038112, 0.028046695411, 0.16609292347, 0],
      [0.67076560412, 0.29542144579, 0.014967169491, 0.018845780605]
    ],
    [
      [0.04106724091, 0.22384560024, 0.61988861207, 0.11519854678],
      [0.17182102656, 0.15591409493, 0.38002394866, 0.29224092985],
      [0.70684765027, 0.14738785428, 0.053155209055, 0.092609286393],
      [0.51275089074, 0.068344739444, 0.18315353807, 0.23575083175],
      [0.12699658235, 0.027687895396, 0.71642839682, 0.12888712544],
      [0.56599752315, 0.061550484293, 0.22092989683, 0.15152209573],
      [0.72687998438, 0.020697499193, 0.24597068217, 0.0064518342511],
      [0.68638453896, 0.23770404982, 0.028319692475, 0.047591718742]
    ],
    [
      [0.035376196557, 0.2019935392, 0.65320442969, 0.10942583455],
      [0.15689776579, 0.14472406502, 0.41265970271, 0.28571846647],
      [0.69480114369, 0.14590661117, 0.062429135615, 0.096863109527],
      [0.48961002414, 0.06594641846, 0.20580878438, 0.23863477302],
      [0.11134364193, 0.023839520679, 0.74424341419, 0.12057342321],
      [0.53960548256, 0.05961096369, 0.24712280518, 0.15366074857],
      [0.68374334575, 0.019457753805, 0.28741999064, 0.0093789098062],
      [0.67971294626, 0.23626915528, 0.034003154687, 0.050014743772]
    ],
    [
      [0.035299491872, 0.41308241545, 0.44173584676, 0.10988224592],
      [0.1509394529, 0.29232644985, 0.27417486469, 0.28255923257],
      [0.60697890594, 0.26844907085, 0.036944350539, 0.087627672674],
      [0.48079191193, 0.13723458677, 0.13992422528, 0.24204927602],
      [0.13899399507, 0.065102459658, 0.64151506612, 0.15438847916],
      [0.54158169973, 0.12703415314, 0.17218406617, 0.15920008095],
      [0.72870671843, 0.060206366386, 0.19826780673, 0.012819108454],
      [0.54310563604, 0.39771790461, 0.017812795578, 0.041363663772]
    ],
    [
      [0.032170746455, 0.22056604281, 0.56727487919, 0.17998833154],
      [0.12744797586, 0.13997041196, 0.31592889019, 0.41665272199],
      [0.63108872613, 0.15800054557, 0.053016890342, 0.15789383796],
      [0.4105402736, 0.06601832423, 0.16354145559, 0.35989994658],
      [0.10489888847, 0.027714449392, 0.66359032701, 0.20379633513],
      [0.48094564472, 0.063373280888, 0.20958703423, 0.24609404016],
      [0.67636982174, 0.027977779419, 0.2673245119, 0.028327886935],
      [0.62720624165, 0.25997008873, 0.029513101713, 0.083310567903]
    ],
    [
      [0.036310239303, 0.40889903788, 0.39376288967, 0.16102783315],
      [0.14100499741, 0.26371071808, 0.21990217332, 0.37538211119],
      [0.59478655105, 0.25398248872, 0.029502148212, 0.12172881202],
      [0.44719509766, 0.12316169857, 0.11105416183, 0.31858904194],
      [0.1426924506, 0.064845506165, 0.56800908491, 0.22445295833],
      [0.52253031251, 0.11801982129, 0.14208816207, 0.21736170412],
      [0.74184985037, 0.066424236072, 0.16843762404, 0.023288289512],
      [0.54338421218, 0.38452268165, 0.012371402589, 0.059721703575]
    ],
    [
      [0.025928984472, 0.29647669899, 0.56780398527, 0.10979033127],
      [0.12510876079, 0.21869778262, 0.36556780775, 0.29062564884],
      [0.59941466473, 0.23500324234, 0.059589863703, 0.10599222923],
      [0.42844860493, 0.10856223676, 0.19913675881, 0.26385239949],
      [0.096229587694, 0.040698820712, 0.72744043437, 0.13563115723],
      [0.4821400764, 0.10001439892, 0.24395887901, 0.17388664567],
      [0.65557341013, 0.044098050585, 0.28445656612, 0.015871973175],
      [0.53835210009, 0.354567329, 0.051896928483, 0.055183642433]
    ],
    [
      [0.030929200424, 0.31958088908, 0.5601378183, 0.08935209219],
      [0.14266229453, 0.24329479054, 0.36860669315, 0.24543622178],
      [0.62215121237, 0.24200019138, 0.053530701924, 0.082317894324],
      [0.47075024244, 0.11852551434, 0.19345293702, 0.2172713062],
      [0.10996305255, 0.045615799111, 0.73213757765, 0.11228357069],
      [0.51917576109, 0.10722751347, 0.23354931767, 0.14004740777],
      [0.67753965045, 0.045819903986, 0.26462301988, 0.012017425687],
      [0.56499941933, 0.36471243673, 0.03085740876, 0.039430735178]
    ],
    [
      [0.052496421716, 0.3218733005, 0.43776304504, 0.18786723275],
      [0.186015142, 0.19064508366, 0.22245407067, 0.40088570367],
      [0.69341118125, 0.16375614255, 0.026881783545, 0.11595089266],
      [0.518103226, 0.07923857945, 0.099520192929, 0.30313800162],
      [0.17617870504, 0.044198387736, 0.55223709245, 0.22738581478],
      [0.59703805236, 0.074824936754, 0.12472275024, 0.20341426065],
      [0.80323859456, 0.032980439158, 0.14619557314, 0.017585393144],
      [0.68076636258, 0.25985884908, 0.0051047908043, 0.054269997538]
    ],
    [
      [0.039058254935, 0.29694298969, 0.53454042477, 0.12945833061],
      [0.15952052077, 0.20347334777, 0.31795403114, 0.31905210031],
      [0.66082276656, 0.19284920595, 0.043892415785, 0.1024356117],
      [0.48869565632, 0.092306162448, 0.15571289988, 0.26328528135],
      [0.13147753018, 0.040772436255, 0.67113609743, 0.15661393614],
      [0.54979660861, 0.085156054104, 0.1916498662, 0.17339747109],
      [0.72777609344, 0.036836475576, 0.22021703813, 0.015170392857],
      [0.6280264743, 0.30023588706, 0.020821706291, 0.050915932354]
    ],
    [
      [0.031190473948, 0.29069191005, 0.53130881561, 0.14680880038],
      [0.13029106417, 0.19729652046, 0.31397264388, 0.35843977149],
      [0.6115123095, 0.20971017637, 0.04951477133, 0.1292627428],
      [0.42744280958, 0.094708280889, 0.16386778526, 0.31398112427],
      [0.10902937627, 0.039821263222, 0.67226480827, 0.17888455224],
      [0.49212109721, 0.089293396742, 0.20648227337, 0.21210323267],
      [0.68921226631, 0.040542624284, 0.2498946213, 0.020350488103],
      [0.57065139219, 0.32456416611, 0.034815346337, 0.069969095358]
    ],
    [
      [0.044999981948, 0.31007029929, 0.47178565395, 0.1731440648],
      [0.16467963128, 0.19267613882, 0.25413511685, 0.38850911305],
      [0.66536514632, 0.17861793988, 0.034437966609, 0.1215789472],
      [0.48646422374, 0.084492615458, 0.11972125339, 0.30932190742],
      [0.15116005855, 0.042938794378, 0.59537566421, 0.21052548287],
      [0.56079266358, 0.07989476352, 0.15100217554, 0.20831039736],
      [0.766687065, 0.035821628407, 0.17890475702, 0.018586549569],
      [0.64970519833, 0.28312632712, 0.0072044907756, 0.059963983782]
    ]
  ],
  "expected_outcome": [
    [
      [5.1021242179, 1.2182788571, 0.1834119712, 1.9088704886, 0, 2.9639683019, 1.0515595079, 0.19708326985, 0.18335953873, 0.31448914755, 0.23502575281, 0.14981699072, 0.2544404413, 0.21441083686, 0.20462578841, 0.21526291723, 0.30780673244, 0.30286685021, 0.23834394128, 0.14134081881, 0.11825284063, 0.17781259975, 0.32107598413, 0.3114753885, 0.47683939933, 0.24794261217, 0.19855630742, 0.34434585632, 0.17556714717, 0.39476322166, 0.406593699, 0.30559384122, 0.16601894727, 0.19084795039, 0.10287479725, 0.45369979005, 0.20998547786, 0.26585786837, 0.37251844793, 0.16426896364, 0.31838576902, 0.17649745936, 0.19302447873, 0.10893071791, 0.1815028913, 0.15464600212, 0.15748926515, 0.35152429442, 0.15595236974, 0.26999989169],
      [19.6119821885, 12.5022086137, 19.6993240904, 13.2676101124, 25.0030915161, 11.1370410512, 9.5222844135, 1.2823591551, 1.7280337631, 1.8929541713, 1.5588722132, 2.1385464556, 1.7888949173, 2.3772031939, 1.6928146614, 3.2222795844, 1.656081148, 1.7923202843, 2.4738683687, 1.3404577914, 1.1346116041, 1.7376059038, 2.3173255194, 2.1848542071, 2.4584612582, 2.6924660962, 2.5204729447, 1.8735343318, 1.6103065297, 3.0438830662, 1.8087299922, 2.6848379053, 1.1136155073, 1.1856850683, 1.2000586096, 3.6196081896, 2.1456953504, 3.0124180787, 2.4492286345, 0.89538240096, 1.8179418528, 2.0654120772, 1.3233962569, 1.2266971136, 2.075336893, 1.5979044454, 0.9656199015, 2.6724869072, 1.4534595503, 1.8604217958],
      [26.3277997847, 23.6449400403, 29.9221552945, 34.2380124689, 24.4139449227, 27.9870904267, 10.6090469389, 3.6789566382, 2.4578000518, 3.554309753, 3.4327038743, 3.0049708315, 2.3845569284, 4.206126989, 2.2769115866, 3.5934150771, 4.3504146702, 3.8042608789, 3.6015932065, 1.8957812692, 2.3276656602, 2.66121558, 5.3448873977, 2.5771619303, 4.8399520835, 4.0998954584, 2.5950813925, 4.5503633604, 2.5083697742, 5.1955190982, 4.4107909507, 5.2036357828, 1.0388476762, 3.151567068, 1.1985013221, 7.4332874131, 3.8069098814, 3.5927221813, 3.6724322455, 2.4795544483, 5.8788398672, 2.2086792338, 3.4036492751, 1.181288669, 3.9746278969, 2.8006890915, 1.3132891351, 4.8108638229, 2.6565440781, 2.8307139237],
      [4.9580938088, 10.634572489, 9.1951086439, 7.5855069301, 5.5829635612, 6.9119002201, 2.8171091397, 0.84160093687, 0.6308066464, 1.2382469281, 0.77339815967, 0.70666572218, 0.57210771299, 1.2022589803, 0.82564796362, 0.96904242121, 0.68569744938, 1.1005519866, 0.68619448356, 0.62242012062, 0.41946989504, 0.42336591644, 1.0167110988, 0.92650847412, 2.224747259, 0.95969583317, 0.68588935539, 1.2317564515, 0.70575654899, 1.3658346139, 1.373885358, 0.80593247062, 0.68151786925, 0.47189991331, 0.49856527101, 1.4934046072, 0.83740929031, 1.1290018716, 0.50582067213, 0.46079418711, 0.98483251099, 0.54941122961, 1.0799299893, 0.48308349945, 0.76853231888, 0.44676046095, 0.56360169824, 1.1651249755, 0.73404400192, 1.0388643888]
    ],
    [
      [1.2985602998, 1.1081281076, 0.33922379511, 0.9503230302, 0.62365048097, 1.2485650322, 8.4905140779, 7.022696212, 9.3038067179, 9.5756912056, 8.9684695007, 5.5887735022, 7.9382811413, 0.35535519672, 0.61854765157, 0.73696997226, 1.3210084585, 0.66291866812, 0.75754739194, 1.2634866406, 0.53908025354, 0.64573382918, 1.5640741436, 1.3423005979, 0.79671041174, 0.82872336761, 0.84437234527, 0.84209409399, 0.43243208927, 0.95248866957, 1.2843317892, 0.7964629905, 1.2768894035, 1.194448168, 1.0660597452, 0.30897797702, 0.80586315291, 0.83555007886, 1.3071381071, 1.3745682125, 1.4120798921, 0.90563671737, 0.38234392758, 0.98703498187, 0.87576132553, 0.85597376716, 1.488121136, 1.1166436454, 0.91203744917, 0.65871852511],
      [1.4974957372, 1.4249231802, 0.66470004023, 0.9637170213, 2.0013878487, 1.0737926706, 13.4880619646, 7.9407028111, 14.6504209317, 9.3289626288, 9.7467246641, 14.7771790142, 8.7268515519, 0.60823978148, 0.86232234341, 1.7249835164, 1.1899650492, 0.66066580829, 1.2988998587, 1.9866735212, 0.83953631613, 1.0436160454, 1.83684901, 1.5949545542, 0.70751477775, 1.4274529996, 1.7870654465, 0.75630890225, 0.64934972853, 1.2268862199, 0.97168866103, 1.1126997421, 1.4291364362, 1.2181964879, 2.0654492704, 0.3957658088, 1.3132409925, 1.5219936928, 1.5277208802, 1.2473127595, 1.3025165852, 1.7539586991, 0.41991123587, 1.8459750266, 1.5308844783, 1.4597687433, 1.5251606693, 1.4243134344, 1.3810756432, 0.77070455529],
      [1.8069685521, 2.341130621, 0.87809691864, 2.143457345, 1.690040065, 2.3386917023, 12.8280787603, 21.000189856, 18.0847860896, 15.1426314474, 18.9554074014, 18.3280760526, 9.5707653151, 0.93329466755, 1.0077924361, 1.6785125002, 2.7192257252, 1.2187758984, 1.6464632183, 2.4499789885, 1.5083109048, 1.3971557647, 3.7115443531, 1.6398736049, 1.217170466, 1.915241631, 1.6193031657, 1.6160906083, 0.8928466617, 1.8425654179, 2.0854980446, 1.8884179147, 1.1549647682, 2.8450201615, 1.7952716633, 0.70976116164, 2.0421721849, 1.591502056, 2.0064078672, 3.0401915893, 3.7139373244, 1.6450491881, 0.94778667058, 1.5393152132, 2.5589746543, 2.2116401589, 1.7796325654, 2.225678218, 2.1978085072, 1.0165404674],
      [1.3969754109, 4.1258180912, 1.117979246, 1.9425026035, 1.6849216053, 2.3389505949, 14.1933451972, 19.0364111209, 18.9609862608, 21.9527147182, 17.3293984338, 17.3059714309, 9.7641019916, 1.1031103543, 1.5113375689, 1.8595340111, 1.7698007671, 1.4576396252, 1.2970895311, 3.2998608497, 1.1130725255, 0.91349436067, 2.8875324933, 2.422871243, 2.2786043445, 1.8285820017, 1.7492590425, 1.7855063954, 1.0253715205, 1.9780596926, 2.6584815052, 1.2024193527, 3.1390093921, 1.7423351826, 3.073219321, 0.58549505254, 1.8387236697, 2.0509541723, 1.1587331455, 2.3379274388, 2.5714661982, 1.6953553954, 1.249958166, 2.6276747783, 2.0343795419, 1.4726173307, 3.2070856293, 2.2333647022, 2.5090784004, 1.5540364522]
    ],
    [
      [5.7653456383, 4.8670912781, 1.6900140153, 2.7408685184, 2.0110668664, 2.8464364334, 3.197495593, 5.2940619329, 5.0720796702, 4.7687247329, 2.7125035407, 3.899291569, 19.9023048924, 31.7788067602, 42.77640895, 22.9556094483, 43.6919614032, 42.7843599924, 25.625449845, 7.9911162001, 6.2048125746, 5.8008732404, 4.6994398611, 3.4360855604, 4.7382654062, 3.0580272912, 4.1145209552, 8.3777452656, 4.3940351186, 5.9320050473, 2.8822043756, 5.9350853749, 6.0910511008, 2.8060942408, 5.8073962797, 1.3188595188, 4.2891869491, 1.8012142367, 2.1554671787, 6.3616288524, 4.1688068621, 1.2139578119, 3.1554436307, 5.3530789594, 3.5964879884, 3.7329072742, 4.1604670875, 1.9824682997, 3.669073857, 0],
      [1.5155529816, 1.4027153108, 0.74022996501, 0.62458825016, 1.4061936261, 0.56121317313, 1.1954090327, 1.2382710971, 1.798696369, 1.0954516305, 0.68161094012, 1.9530176645, 5.5568205059, 12.744832603, 13.617076229, 12.6893569648, 8.9041396781, 9.6209586668, 10.2007721982, 2.8649022166, 2.1992592602, 2.1421546369, 1.2519195851, 0.93912085066, 0.96238180364, 1.1856920191, 1.9721715071, 1.6991934431, 1.4950309188, 1.7333173752, 0.49825805369, 1.8851562685, 1.5715421204, 0.65119284236, 2.5692500262, 0.38515091474, 1.5845316487, 0.74364370605, 0.58553308831, 1.3264906886, 0.87543966702, 0.5368981417, 0.79000272784, 2.2858423985, 1.410019454, 1.4520011483, 0.98253685528, 0.57854761785, 1.2582610582, 0],
      [0.24159620905, 0.34005452046, 0.1460856755, 0.2059974027, 0.17905148248, 0.17736672802, 0.16961257438, 0.47303230306, 0.32798096844, 0.26036304923, 0.19296502566, 0.35960414388, 0.55447747556, 3.4329910738, 1.5921630312, 1.7686667136, 2.9408990427, 2.3243688621, 1.8503782166, 0.5100297585, 0.60158998714, 0.42279082974, 0.37657737634, 0.13730613675, 0.23244653213, 0.23842373245, 0.25547588273, 0.54790596558, 0.30535230739, 0.38178106661, 0.15574996934, 0.48762633026, 0.16526615524, 0.22520151995, 0.31675836943, 0.10170921366, 0.36925892961, 0.11409713102, 0.11040218, 0.47839688149, 0.37457481369, 0.073888701079, 0.26508445171, 0.2655193339, 0.35753918222, 0.32118421155, 0.16129070127, 0.13167724735, 0.29708862798, 0],
      [0.47750517104, 1.3901388907, 0.42367034419, 0.4285458287, 0.40368802506, 0.41498366541, 0.43748279988, 0.99463466691, 0.80124299233, 0.87546058737, 0.41292049352, 0.78808662268, 1.9863971262, 8.043369563, 8.0143517897, 4.5863668732, 4.4629998761, 7.2703124787, 3.3233997402, 1.6339518248, 0.99433817808, 0.6341812929, 0.67206317745, 0.48748745221, 1.066906258, 0.51785695724, 0.65783165501, 1.3751553257, 0.80558165516, 0.95289651087, 0.46378760134, 0.69213202632, 1.1721406236, 0.31751139692, 1.3065953246, 0.1942803528, 0.75702247261, 0.3410449262, 0.14859755303, 0.83348357754, 0.58117865716, 0.17525534535, 0.78946918978, 1.0955593082, 0.63595337538, 0.49390736595, 0.69570535595, 0.30730683511, 0.77557645682, 0]
    ],
    [
