{
  "X": [
    [2, 27, 86, 1],
    [61, 574, 574, 158],
    [4, 49, 67, 13],
    [6, 69, 123, 22],
    [35, 134, 356, 22],
    [28, 173, 296, 42],
    [16, 185, 183, 38],
    [0, 8, 86, 5],
    [11, 28, 116, 16],
    [7, 63, 202, 18],
    [29, 303, 409, 57],
    [13, 117, 147, 26],
    [47, 482, 514, 96],
    [68, 581, 839, 100],
    [38, 371, 465, 77],
    [25, 257, 351, 47],
    [33, 342, 529, 62],
    [5, 6, 18, 3],
    [7, 33, 157, 12],
    [0, 105, 177, 18],
    [11, 144, 106, 31],
    [9, 57, 95, 12],
    [17, 87, 280, 19],
    [8, 55, 214, 20],
    [10, 40, 107, 16],
    [2, 24, 113, 4],
    [2, 35, 116, 8],
    [16, 117, 240, 37],
    [3, 22, 131, 7],
    [1, 3, 43, 1],
    [5, 31, 94, 14],
    [24, 148, 202, 33],
    [15, 96, 75, 17],
    [50, 423, 549, 66],
    [31, 293, 454, 50],
    [5, 21, 74, 3],
    [2, 11, 33, 1],
    [8, 37, 148, 12],
    [7, 67, 213, 21],
    [1, 9, 69, 10],
    [0, 4, 6, 0],
    [3, 18, 73, 2],
    [6, 54, 103, 18],
    [0, 4, 44, 0],
    [10, 33, 38, 16],
    [45, 423, 295, 67],
    [2, 6, 16, 7],
    [1, 19, 19, 5],
    [1, 18, 34, 3],
    [2, 22, 34, 10],
    [39, 444, 315, 104],
    [1, 7, 10, 2],
    [66, 717, 657, 137],
    [2, 18, 12, 1],
    [2, 8, 3, 2],
    [3, 35, 37, 7],
    [5, 25, 39, 10],
    [0, 20, 5, 2],
    [16, 144, 153, 34],
    [2, 16, 27, 1],
    [1, 20, 22, 9],
    [0, 13, 4, 4],
    [20, 215, 297, 38],
    [4, 58, 67, 19],
    [2, 6, 14, 5],
    [3, 36, 48, 6],
    [4, 37, 105, 12],
    [0, 3, 38, 1],
    [3, 1, 39, 4],
    [4, 12, 67, 5],
    [0, 7, 0, 1],
    [16, 152, 269, 38],
    [17, 97, 186, 21],
    [1, 19, 55, 4],
    [19, 179, 264, 36],
    [10, 77, 113, 15],
    [8, 79, 97, 9],
    [5, 93, 46, 17],
    [4, 53, 133, 14],
    [2, 4, 37, 4],
    [13, 82, 117, 10],
    [3, 34, 125, 8],
    [23, 105, 140, 31],
    [8, 18, 127, 7],
    [19, 107, 248, 42],
    [6, 28, 44, 19],
    [7, 90, 100, 21],
    [55, 419, 794, 106],
    [14, 167, 271, 54],
    [83, 512, 807, 180],
    [1, 59, 114, 12]
  ],
  "W": [
    [17, 5, 29, 41, 13, 4, 7],
    [56, 95, 525, 249, 189, 117, 136],
    [10, 17, 37, 38, 7, 12, 12],
    [24, 10, 71, 67, 16, 17, 15],
    [31, 14, 161, 195, 72, 44, 30],
    [34, 24, 170, 157, 86, 30, 38],
    [23, 28, 145, 95, 62, 31, 38],
    [7, 1, 11, 55, 13, 8, 4],
    [16, 7, 40, 61, 24, 12, 11],
    [29, 20, 54, 117, 32, 24, 14],
    [40, 30, 345, 189, 66, 65, 63],
    [13, 14, 116, 74, 28, 23, 35],
    [39, 45, 500, 219, 154, 81, 101],
    [106, 43, 600, 417, 177, 120, 125],
    [47, 34, 392, 236, 93, 75, 74],
    [24, 15, 298, 163, 73, 61, 46],
    [51, 32, 364, 250, 107, 73, 89],
    [4, 0, 7, 14, 2, 3, 2],
    [18, 7, 29, 102, 22, 15, 16],
    [21, 14, 99, 96, 39, 11, 20],
    [9, 17, 139, 50, 38, 12, 27],
    [17, 13, 49, 43, 23, 18, 10],
    [31, 26, 84, 172, 45, 22, 23],
    [29, 13, 55, 131, 32, 23, 14],
    [22, 5, 48, 52, 26, 13, 7],
    [16, 3, 31, 68, 15, 4, 6],
    [19, 2, 36, 63, 27, 4, 10],
    [21, 19, 122, 141, 49, 26, 32],
    [18, 1, 24, 84, 15, 14, 7],
    [12, 1, 9, 19, 3, 2, 2],
    [16, 2, 40, 46, 17, 2, 21],
    [17, 21, 153, 107, 51, 20, 38],
    [6, 4, 98, 26, 32, 18, 19],
    [45, 42, 425, 279, 161, 68, 68],
    [30, 39, 292, 228, 104, 69, 66],
    [10, 2, 16, 52, 12, 2, 9],
    [7, 6, 11, 20, 2, 0, 1],
    [31, 19, 35, 72, 24, 12, 12],
    [33, 6, 82, 114, 42, 21, 10],
    [7, 1, 18, 39, 18, 3, 3],
    [2, 1, 2, 1, 0, 2, 2],
    [10, 3, 15, 37, 23, 5, 3],
    [8, 9, 49, 77, 21, 6, 11],
    [2, 4, 8, 31, 2, 0, 1],
    [8, 12, 30, 22, 10, 9, 6],
    [18, 24, 436, 152, 81, 66, 53],
    [4, 1, 9, 8, 2, 3, 4],
    [1, 5, 14, 10, 4, 5, 5],
    [5, 5, 18, 18, 2, 5, 3],
    [1, 2, 24, 20, 6, 7, 8],
    [19, 37, 452, 155, 81, 77, 81],
    [0, 0, 7, 7, 4, 1, 1],
    [48, 51, 752, 298, 148, 166, 114],
    [1, 2, 16, 5, 3, 3, 3],
    [3, 0, 8, 0, 2, 2, 0],
    [5, 2, 40, 16, 6, 5, 8],
    [10, 5, 27, 19, 2, 8, 8],
    [0, 0, 22, 2, 0, 0, 3],
    [15, 13, 151, 80, 30, 30, 28],
    [0, 4, 10, 17, 2, 7, 6],
    [3, 2, 20, 11, 5, 6, 5],
    [0, 1, 13, 1, 2, 1, 3],
    [34, 14, 234, 142, 69, 40, 37],
    [15, 13, 52, 33, 16, 5, 14],
    [0, 2, 6, 7, 2, 3, 7],
    [8, 10, 26, 28, 13, 2, 6],
    [12, 20, 32, 41, 14, 23, 16],
    [7, 6, 9, 14, 1, 3, 2],
    [5, 0, 3, 25, 7, 3, 4],
    [16, 5, 6, 31, 12, 11, 7],
    [0, 0, 5, 0, 1, 0, 2],
    [22, 23, 145, 161, 56, 38, 30],
    [18, 22, 98, 90, 50, 22, 21],
    [8, 2, 19, 32, 12, 3, 3],
    [37, 21, 155, 142, 71, 26, 46],
    [12, 13, 64, 57, 38, 16, 15],
    [12, 10, 75, 40, 28, 14, 14],
    [2, 18, 74, 31, 15, 4, 17],
    [16, 12, 60, 69, 17, 19, 11],
    [11, 2, 5, 14, 5, 3, 7],
    [12, 7, 78, 65, 33, 13, 14],
    [20, 5, 27, 74, 25, 7, 12],
    [22, 17, 108, 67, 39, 22, 24],
    [18, 15, 24, 72, 14, 10, 7],
    [55, 15, 116, 118, 40, 47, 25],
    [7, 5, 29, 29, 9, 3, 15],
    [3, 0, 96, 93, 8, 9, 9],
    [91, 55, 435, 431, 163, 103, 96],
    [32, 31, 183, 152, 66, 18, 24],
    [124, 136, 527, 431, 126, 123, 115],
    [20, 20, 58, 69, 7, 2, 10]
  ],
  "method": "mvn_cdf",
  "mvncdf_method": "genz",
  "mvncdf_samples": 5000,
  "mvncdf_error": 1e-06,
  "cond_prob": [
    [
      [0.0091618665231, 7.4954016901e-05, 0.98000731069, 0.01075586877],
      [0.020343201374, 0.23593221768, 0.6253253439, 0.11839923704],
      [0.015818177551, 0.68995008104, 0.25557918308, 0.03865255833],
      [0.0046118706818, 0.0031934535392, 0.986915832, 0.0052788437763],
      [0.040063134386, 0.12284294696, 0.83284938454, 0.0042445341145],
      [0.081778769021, 0.10070381504, 0.77219160753, 0.045325808408],
      [0.043891820128, 0.33983400218, 0.53282721937, 0.08344695833]
    ],
    [
      [0.025748556877, 0.00020543468108, 0.90747104512, 0.066574963326],
      [0.02844095156, 0.31695794673, 0.29294899032, 0.36165211139],
      [0.019072090803, 0.77487599422, 0.10454176774, 0.10151014724],
      [0.013384646739, 0.0090355781441, 0.94388913929, 0.033690635827],
      [0.089881106098, 0.26803444881, 0.62110185113, 0.020982593965],
      [0.15088748955, 0.18269885874, 0.47977793935, 0.18663571236],
      [0.059830393465, 0.44447284145, 0.24557618354, 0.25012058154]
    ],
    [
      [0.019434368241, 0.00024727024613, 0.93097647787, 0.049341883645],
      [0.021926555082, 0.3970698136, 0.30199841557, 0.27900521575],
      [0.012363850091, 0.83224636352, 0.090220351948, 0.065169434438],
      [0.0099401971192, 0.010718820746, 0.95477519612, 0.024565786018],
      [0.065545972627, 0.3134384988, 0.60610028026, 0.014915248313],
      [0.12000941776, 0.23043785469, 0.50492594618, 0.14462678137],
      [0.044043795377, 0.53280521515, 0.24054870686, 0.18260228261]
    ],
    [
      [0.017225363065, 0.00016093069786, 0.92382821491, 0.058785491325],
      [0.021372261007, 0.28162957049, 0.33184876506, 0.36514940344],
      [0.01540493304, 0.74871869862, 0.1268655548, 0.10901081354],
      [0.0088850943176, 0.0070283814334, 0.95458917246, 0.029497351787],
      [0.065642179589, 0.22959939632, 0.68463416901, 0.020124255081],
      [0.11347298446, 0.16035902242, 0.54113268072, 0.18503531241],
      [0.046437774156, 0.40814580977, 0.28644867797, 0.2589677381]
    ],
    [
      [0.033265521951, 8.4281854465e-05, 0.94550837525, 0.021141820942],
      [0.062647897801, 0.22196899869, 0.51916319687, 0.19621990664],
      [0.050785615829, 0.65895275639, 0.22368143771, 0.066580190069],
      [0.017025010316, 0.0036515195586, 0.96878356678, 0.010539903346],
      [0.13239294626, 0.12503095373, 0.73500145221, 0.0075746478121],
      [0.23649239111, 0.090364817273, 0.60170510813, 0.071437683486],
      [0.13023987427, 0.30711136847, 0.42892686069, 0.13372189658]
    ],
    [
      [0.030804359923, 0.0001556799723, 0.92220268104, 0.046837279067],
      [0.041123329472, 0.2909975536, 0.35888198761, 0.30899712931],
      [0.028846491123, 0.74679363831, 0.13386460558, 0.090495264989],
      [0.015912195103, 0.0068072411923, 0.9537250738, 0.023555489901],
      [0.11270743196, 0.21266847418, 0.65919295979, 0.015431134068],
      [0.19335145034, 0.14773059173, 0.51874385699, 0.14017410094],
      [0.085854910612, 0.40465158549, 0.29803923818, 0.21145426572]
    ],
    [
      [0.025373020776, 0.00030301277394, 0.91100460613, 0.063319360322],
      [0.024651984244, 0.41321364469, 0.2576902148, 0.30444415627],
      [0.013685347661, 0.83975156554, 0.076077569831, 0.070485516968],
      [0.013101499712, 0.013244908874, 0.94182904988, 0.031824541537],
      [0.078709674064, 0.35178300945, 0.55180932325, 0.017697993241],
      [0.13852825468, 0.25068553269, 0.44564142304, 0.16514478959],
      [0.049050537748, 0.54826183895, 0.20408498821, 0.19860263509]
    ],
    [
      [0.0052943062681, 4.4089401637e-05, 0.96872010716, 0.025941497167],
      [0.010997539221, 0.12941124631, 0.57885909961, 0.28073211485],
      [0.011890037723, 0.53745413398, 0.32792657073, 0.12272925757],
      [0.0026877921247, 0.0018897927059, 0.98264967325, 0.012772741921],
      [0.024708328584, 0.077154081431, 0.88720458827, 0.010933001716],
      [0.047340151722, 0.060230956901, 0.7787812797, 0.11364761167],
      [0.026272084846, 0.20783148769, 0.54865279185, 0.21724363561]
    ],
    [
      [0.031862782825, 6.2696245807e-05, 0.92458524323, 0.043489277697],
      [0.052516030463, 0.14495847746, 0.44069858931, 0.36182690276],
      [0.053953217016, 0.55283383296, 0.23988386745, 0.15332908257],
      [0.016472659684, 0.0027470540624, 0.95888782255, 0.021892463704],
      [0.13420165535, 0.09755518554, 0.75195015367, 0.016293005435],
      [0.22349934828, 0.065245609721, 0.56762993387, 0.14362510813],
      [0.11945543371, 0.21847533187, 0.39576148809, 0.26630774633]
    ],
    [
      [0.014185195426, 0.00013397571514, 0.95207656696, 0.033604261896],
      [0.021944060557, 0.29187669998, 0.4280459972, 0.25813324227],
      [0.015312675873, 0.75117509008, 0.15849320556, 0.075019028484],
      [0.0072224592245, 0.0057736914941, 0.97035148607, 0.01665236321],
      [0.055998791909, 0.1982385431, 0.73381008059, 0.011952584399],
      [0.10448861224, 0.14965033977, 0.62758955534, 0.11827149265],
      [0.04654215346, 0.41323836773, 0.36095529327, 0.17926418554]
    ],
    [
      [0.018402115772, 0.00011735173384, 0.95027727457, 0.031203257925],
      [0.030003202158, 0.26737325758, 0.45222215436, 0.2504013859],
      [0.022201648277, 0.72231865691, 0.17792736493, 0.077552329876],
      [0.0093873511172, 0.0050655375914, 0.97004943608, 0.015497675216],
      [0.073257731101, 0.17453288398, 0.74099980697, 0.01120957795],
      [0.13467083254, 0.13015802822, 0.6260743649, 0.10909677434],
      [0.063767801649, 0.37869414898, 0.38269876043, 0.17483928893]
    ],
    [
      [0.023349912565, 0.00015565943324, 0.93501232158, 0.041482106424],
      [0.032483548653, 0.30378384934, 0.37778388516, 0.28594871685],
      [0.022145433647, 0.75979564501, 0.13677455736, 0.081284363984],
      [0.011977032052, 0.006760385835, 0.96054529064, 0.020717291474],
      [0.087345695515, 0.2173810977, 0.68131901343, 0.013954193354],
      [0.15574751339, 0.15665067437, 0.55592587861, 0.13167593363],
      [0.067889457144, 0.42283089932, 0.31369365733, 0.19558598621]
    ],
    [
      [0.02237987846, 0.000156939907, 0.93405455845, 0.043408623181],
      [0.030740909258, 0.30112600112, 0.37483257848, 0.29330051114],
      [0.021184712209, 0.75677940255, 0.13742771157, 0.084608173672],
      [0.01149487629, 0.0068205263109, 0.95997823385, 0.02170636355],
      [0.083496997546, 0.2188027294, 0.68307970257, 0.014620570485],
      [0.1480567582, 0.15748870469, 0.55713588781, 0.1373186493],
      [0.064422461909, 0.42060487325, 0.31294010225, 0.20203256259]
    ],
    [
      [0.023867361234, 0.00015022045649, 0.9410036907, 0.03497872761],
      [0.035068225116, 0.30823710991, 0.4041400249, 0.25255464007],
      [0.023699507739, 0.759486161, 0.14532397585, 0.071490355406],
      [0.012218200592, 0.0065065993798, 0.96384130057, 0.017433899455],
      [0.089158737189, 0.20971430947, 0.68932743112, 0.011799522222],
      [0.16094763295, 0.15370145608, 0.57256291226, 0.1127879987],
      [0.072366821521, 0.42397279969, 0.33228963481, 0.17137074398]
    ],
    [
      [0.022933110856, 0.00015645418155, 0.93363885969, 0.043271575273],
      [0.031536195112, 0.30067745089, 0.3748849444, 0.2929014096],
      [0.021737814225, 0.75632511216, 0.13745425677, 0.084482816841],
      [0.011780761618, 0.0068008742748, 0.9597770642, 0.021641299909],
      [0.085509247682, 0.21798066545, 0.68195014344, 0.014559943431],
      [0.15145340762, 0.15665227833, 0.55531318931, 0.13658112475],
      [0.066048505085, 0.41969384789, 0.31270723955, 0.20155040748]
    ],
    [
      [0.017737633413, 0.00011504182078, 0.95036186524, 0.031785459522],
      [0.028961168465, 0.26258339167, 0.4527355591, 0.25571988077],
      [0.021681499625, 0.71804582635, 0.18018725002, 0.080085423998],
      [0.0090486861125, 0.0049660645567, 0.97019865725, 0.015786592078],
      [0.071037553051, 0.17213522263, 0.7453412717, 0.011485952619],
      [0.13054434285, 0.12830651986, 0.62936967766, 0.11177945963],
      [0.061859758728, 0.37376729064, 0.38499421063, 0.17937874]
    ],
    [
      [0.017152412149, 0.00012121545524, 0.9528715357, 0.029854836698],
      [0.028042001743, 0.27688581383, 0.45497856884, 0.24009361559],
      [0.02030574409, 0.73169047643, 0.17521557389, 0.072788205592],
      [0.0087375381771, 0.0052245871791, 0.97123121714, 0.014806657509],
      [0.068086768193, 0.17982504105, 0.74138864259, 0.010699548163],
      [0.12639441747, 0.13548490397, 0.63294312793, 0.10517755063],
      [0.059318609206, 0.39040357443, 0.38334957651, 0.16692823985]
    ],
    [
      [0.36508573809, 0.00010066499845, 0.58110548688, 0.053708110032],
      [0.37073154373, 0.15252384623, 0.15567313091, 0.32107147913],
      [0.30290567351, 0.53025437763, 0.068428537428, 0.098411411436],
      [0.22156117206, 0.0053632387511, 0.74064299263, 0.032432596555],
      [0.74889148919, 0.0650674078, 0.17817126791, 0.0078698351025],
      [0.86054836956, 0.024266884822, 0.074066766398, 0.04111797922],
      [0.61384738235, 0.15169266996, 0.091038797325, 0.14342115036]
    ],
    [
      [0.017513699957, 0.00010199028491, 0.94996594057, 0.03241836919],
      [0.029247834427, 0.24045673828, 0.45953814575, 0.27075728154],
      [0.022868609518, 0.6989899566, 0.19033894848, 0.087802485405],
      [0.0089330065465, 0.0044051505425, 0.97056659138, 0.016095251526],
      [0.072010567956, 0.1567873752, 0.75924057045, 0.011961486402],
      [0.13210468639, 0.11596943617, 0.63564140099, 0.11628447646],
      [0.063576697575, 0.34854310476, 0.39604866701, 0.19183153065]
    ],
    [
      [0.0079330779814, 0.0001624164264, 0.95743286153, 0.034471644065],
      [0.011567013104, 0.33316200158, 0.405645722, 0.24962526331],
      [0.0074427826589, 0.78724017937, 0.13842850165, 0.066888536316],
      [0.0040259441818, 0.0069722847583, 0.9719855607, 0.017016210356],
      [0.030561331273, 0.2350971183, 0.7223337758, 0.012007774632],
      [0.0585590862, 0.18280416288, 0.63624785845, 0.12238889247],
      [0.024210296611, 0.46608383282, 0.33822966316, 0.17147620742]
    ],
    [
      [0.026321829252, 0.00023359605679, 0.90567728561, 0.067767289081],
      [0.027588477731, 0.34379280597, 0.27547012412, 0.35314859218],
      [0.017452791148, 0.79702618893, 0.092613835375, 0.092907184552],
      [0.01366264899, 0.010268079903, 0.94183032496, 0.034238946148],
      [0.088983502962, 0.29483594723, 0.59559704728, 0.020583502526],
      [0.15088740395, 0.20202278551, 0.46202619235, 0.18506361818],
      [0.057293960813, 0.47552041819, 0.22737679538, 0.23980882561]
    ],
    [
      [0.026664523045, 0.00018209907776, 0.93549960459, 0.037653773286],
      [0.035906203875, 0.3467452486, 0.3642826779, 0.25306586962],
      [0.022190325858, 0.79338576856, 0.11943834834, 0.064985557238],
      [0.013646164326, 0.0078971192166, 0.95969036437, 0.018766352091],
      [0.095478288166, 0.24381762647, 0.64862078334, 0.012083302019],
      [0.1727361027, 0.17733709184, 0.53443049581, 0.11549630965],
      [0.072722747355, 0.46785349785, 0.29240440885, 0.16701934594]
    ],
    [
      [0.02405423245, 0.00011042079077, 0.95018773225, 0.02564761451],
      [0.041316097021, 0.26600452141, 0.47505567151, 0.21762371006],
      [0.030334597475, 0.71763636614, 0.18524962587, 0.066779410513],
      [0.012266618386, 0.0047674706738, 0.97022677137, 0.012739139566],
      [0.095112178232, 0.16294517958, 0.73281932688, 0.0091233153088],
      [0.17464044057, 0.12091056366, 0.61598139247, 0.088467603305],
      [0.086362547382, 0.37026270998, 0.39441306048, 0.14896168216]
    ],
    [
      [0.015088725479, 0.00010720858166, 0.94658703835, 0.038217027593],
      [0.023900022801, 0.23888179537, 0.43576796347, 0.30145021836],
      [0.018939553459, 0.69856258761, 0.18320800477, 0.099289854156],
      [0.0077124827827, 0.0046381830894, 0.96864026622, 0.019009067911],
      [0.061994779636, 0.16482511821, 0.75904904033, 0.014131061826],
      [0.11242187279, 0.12093422236, 0.6305913396, 0.13605256525],
      [0.052526032084, 0.35021750532, 0.38060689702, 0.21664956558]
    ],
    [
      [0.030644552824, 0.00010405630632, 0.91253127435, 0.056720116518],
      [0.042071266944, 0.20138445693, 0.36220892594, 0.39433535019],
      [0.036801894993, 0.65327065061, 0.1680302955, 0.1418971589],
      [0.015919033122, 0.0045809131969, 0.95083056691, 0.028669486769],
      [0.12224781863, 0.15422085772, 0.70336611842, 0.020165205233],
      [0.20011164335, 0.10147659607, 0.52301408287, 0.17539767771],
      [0.094158956265, 0.29937568132, 0.32068036653, 0.28578499589]
    ],
    [
      [0.0088079143169, 5.8836475757e-05, 0.97541772366, 0.015715525552],
      [0.019489156771, 0.18392617316, 0.62219228229, 0.17439238778],
      [0.017554638226, 0.62217454971, 0.29493352645, 0.065337285613],
      [0.0044469962383, 0.002513143477, 0.98531408024, 0.0077257800413],
      [0.039643273557, 0.098939422264, 0.85504757564, 0.0063697285366],
      [0.078887324282, 0.079406759185, 0.77475475888, 0.066951157657],
      [0.043791529202, 0.27571950094, 0.55281940143, 0.12766956843]
    ],
    [
      [0.0096544996506, 0.0001020214433, 0.96007892972, 0.030164549186],
      [0.016528829418, 0.24738175841, 0.47510808968, 0.26098132249],
      [0.012755954835, 0.71042176775, 0.19374672096, 0.083075556455],
      [0.0049031457993, 0.0043838089784, 0.97581985138, 0.014893193837],
      [0.040584030315, 0.16110109159, 0.7868912046, 0.011423673488],
      [0.07705742978, 0.12372325566, 0.68347057637, 0.11574873819],
      [0.036279983592, 0.36298814965, 0.41405004667, 0.18668182009]
    ],
    [
      [0.021832068074, 0.00012996316923, 0.92859225676, 0.049445711997],
      [0.030348571396, 0.25320743808, 0.37575308906, 0.34069090147],
      [0.023344370901, 0.71387299802, 0.15357463999, 0.10920799109],
      [0.01125256965, 0.0056700641779, 0.95827053046, 0.024806835709],
      [0.085243154071, 0.18950097628, 0.70788018398, 0.017375685665],
      [0.14732821526, 0.13259421233, 0.56086214937, 0.15921542304],
      [0.065972534613, 0.36669027464, 0.3248094611, 0.24252772965]
    ],
    [
      [0.010715978903, 7.9385491858e-05, 0.96279768296, 0.026406952641],
      [0.020043911206, 0.21050500408, 0.52036788792, 0.2490831968],
      [0.016854326297, 0.6656329816, 0.23104126873, 0.086471423369],
      [0.0054384600778, 0.0034095181033, 0.97811597352, 0.013036048302],
      [0.046516099004, 0.12924834127, 0.81392753342, 0.010308026298],
      [0.088563013821, 0.099378540266, 0.70762696995, 0.10443147597],
      [0.044716515447, 0.31412638605, 0.4602440855, 0.180913013]
    ],
    [
      [0.0060095379522, 1.2612377947e-05, 0.98688293139, 0.0070949182812],
      [0.017795917491, 0.050422016525, 0.82433290879, 0.10744915719],
      [0.025865861901, 0.30108212105, 0.60771588617, 0.06533613088],
      [0.0030305692326, 0.00053573089623, 0.99293716836, 0.0034965315065],
      [0.029566430943, 0.021622076094, 0.9457016581, 0.0031098348629],
      [0.062698623954, 0.018506966099, 0.88495197112, 0.033842438831],
      [0.044314267026, 0.082194478202, 0.78825880449, 0.085232450282]
    ],
    [
      [0.015706346895, 6.6597035042e-05, 0.94490224555, 0.039324810516],
      [0.027055847977, 0.16120185403, 0.46903069136, 0.34271160663],
      [0.026688603003, 0.58978849523, 0.2443106715, 0.13921223026],
      [0.0080400212628, 0.0028868199038, 0.96948881415, 0.019584344683],
      [0.06922027694, 0.10890516518, 0.80639926377, 0.01547529411],
      [0.12327061359, 0.078117458709, 0.65214502409, 0.14646690362],
      [0.062837424604, 0.24861423007, 0.43056948977, 0.25797885555]
    ],
    [
      [0.037997260392, 0.00014783910318, 0.91977538047, 0.042079520037],
      [0.052719875818, 0.28726435837, 0.37132419587, 0.28869156995],
      [0.037055601194, 0.73949693078, 0.13873320505, 0.084714262974],
      [0.019648411774, 0.006473784979, 0.95268514082, 0.021192662423],
      [0.13765919302, 0.19958143961, 0.64906179625, 0.013697571114],
      [0.23425985712, 0.13721758799, 0.50535077149, 0.1231717834],
      [0.10852228049, 0.39340071278, 0.30359761873, 0.19447938801]
    ],
    [
      [0.043328363842, 0.00018488944583, 0.90842987707, 0.04805686964],
      [0.053763541396, 0.32255506624, 0.32621240237, 0.29746898999],
      [0.034978047958, 0.77184530681, 0.11275569625, 0.080420948977],
      [0.022478251959, 0.0081295191416, 0.94510906654, 0.024283162358],
      [0.14831760858, 0.23544487606, 0.6015200859, 0.014717429462],
      [0.24950188699, 0.15927518032, 0.46047409766, 0.13074883503],
      [0.10878868534, 0.43366630811, 0.26152920048, 0.19601580607]
    ],
    [
      [0.02677390965, 0.00016644318003, 0.93670991251, 0.036349734661],
      [0.03761490246, 0.32675236743, 0.38441845669, 0.25121427343],
      [0.024434482568, 0.77439515233, 0.13285252963, 0.068317835468],
      [0.013725237093, 0.0072201205798, 0.96091166729, 0.018142975034],
      [0.09708697576, 0.22551608549, 0.66550065537, 0.011896283375],
      [0.17412679428, 0.16410675621, 0.54881033164, 0.11295611787],
      [0.076603294365, 0.44346960874, 0.3118094743, 0.1681176226]
    ],
    [
      [0.018910181746, 0.00013752304818, 0.9507327315, 0.030219563701],
      [0.02966526664, 0.30158284664, 0.43545562949, 0.23329625723],
      [0.020317677329, 0.75419069205, 0.15860715662, 0.066884474003],
      [0.0096361902989, 0.005929839006, 0.96944104396, 0.014992926736],
      [0.072926286202, 0.19822353374, 0.71833078878, 0.010519391279],
      [0.13522820286, 0.14912501098, 0.61237132059, 0.10327546556],
      [0.061704763946, 0.41813000477, 0.36071441509, 0.15945081619]
    ],
    [
      [0.035019208524, 0.00016167134607, 0.94020563912, 0.024613481012],
      [0.053016179745, 0.35307766762, 0.40586593192, 0.18804022071],
      [0.03135242782, 0.79578911503, 0.12679376084, 0.046064696306],
      [0.01783027954, 0.0069990157272, 0.96292953037, 0.012241174362],
      [0.12733916079, 0.21871180832, 0.64605765044, 0.0078913804533],
      [0.23497078128, 0.15858484304, 0.53103692697, 0.075407448713],
      [0.10470718796, 0.46252605467, 0.31365357577, 0.1191131816]
    ],
    [
      [0.029569338314, 0.00010293352407, 0.9564577533, 0.013869974861],
      [0.057837012866, 0.29410371945, 0.51282785681, 0.13523141088],
      [0.036868626529, 0.75607625272, 0.17051473481, 0.036540385942],
      [0.014844670867, 0.0044285506791, 0.97385216387, 0.0068746145865],
      [0.1249722577, 0.15477701758, 0.71531898772, 0.0049317370018],
      [0.25023223187, 0.11317568839, 0.58971839389, 0.04687368585],
      [0.11994344195, 0.39396034134, 0.39918059194, 0.086915624771]
    ],
    [
      [0.019103470103, 8.9584503246e-05, 0.95528410103, 0.02552284436],
      [0.03479295113, 0.22973655341, 0.50426983036, 0.2312006651],
      [0.027827224446, 0.68146099596, 0.21368991818, 0.077021861418],
      [0.0097208053237, 0.0038607310382, 0.97376815506, 0.012650308575],
      [0.079476208272, 0.13894809491, 0.77205218202, 0.0095235148071],
      [0.14783152225, 0.10409917598, 0.65459350464, 0.093475797137],
      [0.075165623406, 0.33039368861, 0.43152615931, 0.16291452867]
    ],
    [
      [0.012566313172, 8.8804035149e-05, 0.94907745058, 0.038267432217],
      [0.020801522175, 0.20639348985, 0.45684676847, 0.3159582195],
      [0.018023910359, 0.65828808552, 0.20998684558, 0.11370115854],
      [0.0064214356058, 0.003839909455, 0.97071454426, 0.019024110682],
      [0.053542961934, 0.1414765617, 0.79029633176, 0.014684144609],
      [0.097114906133, 0.10397442679, 0.65726807391, 0.14164259317],
      [0.046911815649, 0.31039329529, 0.40963342258, 0.23306146648]
    ],
    [
      [0.0069878425265, 3.9710218679e-05, 0.903138471, 0.089833976251],
      [0.0084792251045, 0.067823949672, 0.315115667, 0.60858115822],
      [0.012769875895, 0.38578123142, 0.24898985353, 0.35245903915],
      [0.0036689316554, 0.0017599098445, 0.94912242126, 0.045448737237],
      [0.03390939776, 0.071570452918, 0.85577200187, 0.038748147451],
      [0.050322926519, 0.043495646099, 0.58141994747, 0.32476147992],
      [0.022805296398, 0.12174263001, 0.33622477099, 0.51922730259]
    ],
    [
      [1.4987473929e-17, 1.4389765298e-18, 2.650461947e-14, 1],
      [0.0047845333108, 0.46542813516, 0.45975911149, 0.070028220037],
      [2.0410684272e-18, 2.1541818299e-15, 8.098228266e-16, 1],
      [2.7038734649e-17, 3.1309399203e-16, 1.1566449289e-13, 1],
      [2.9812215594e-16, 1.9202054572e-14, 1.7303589964e-13, 1],
      [0.069460508201, 0.8033847223, 3.587598259e-17, 0.1271547695],
      [0.011884707743, 0.92516621675, 1.3613150324e-18, 0.062949075504]
    ],
    [
      [0.013883563268, 0.00010526763314, 0.96866185856, 0.017349310536],
      [0.026167761966, 0.28407913973, 0.52457120136, 0.16518189694],
      [0.018060933375, 0.74385166694, 0.19090782598, 0.047179573702],
      [0.0070105791557, 0.0045038067524, 0.97994782926, 0.0085377848291],
      [0.057329385088, 0.16328939416, 0.77295096969, 0.006430251062],
      [0.11312583683, 0.12895888266, 0.69115893152, 0.066756348994],
      [0.054893532969, 0.39835671474, 0.43445771387, 0.11229203842]
    ],
    [
      [0.025299762558, 0.00022332934095, 0.88926323008, 0.085213678017],
      [0.024537463165, 0.30747305706, 0.24885019916, 0.41913928061],
      [0.016723955172, 0.77599874192, 0.090005447641, 0.11727185527],
      [0.013239359648, 0.0099049007382, 0.93349414397, 0.04336159564],
      [0.087808304594, 0.29000914545, 0.59577312145, 0.0264094285],
      [0.1424469554, 0.18921940635, 0.43988286431, 0.22845077394],
      [0.052875641871, 0.4415288415, 0.21261848595, 0.29297703068]
    ],
    [
      [0.0024496383428, 1.5518796312e-05, 0.99318160294, 0.0043532399256],
      [0.0076010354651, 0.065938234246, 0.86018739613, 0.066273334157],
      [0.010316678741, 0.36854504517, 0.58255503488, 0.038583241205],
      [0.001246954175, 0.00065895018206, 0.99594382367, 0.0021502719771],
      [0.011552176495, 0.027157211351, 0.95935228627, 0.0019383258795],
      [0.024556773131, 0.023962788474, 0.93004735835, 0.021433080045],
      [0.018590669381, 0.108358024, 0.81977677047, 0.05327453614]
    ],
    [
      [0.10797778355, 0.00022352291909, 0.77746152221, 0.11433717133],
      [0.087355339795, 0.2578002504, 0.17936566211, 0.4754787477],
      [0.065101684318, 0.71939513067, 0.071213250762, 0.14428993425],
      [0.059713208241, 0.010529261555, 0.86807352256, 0.06168400764],
      [0.31299861177, 0.23723388127, 0.42100317163, 0.028764335334],
      [0.42095351646, 0.12521274162, 0.25095717546, 0.20287656646],
      [0.18264371408, 0.35459390057, 0.14668577165, 0.31607661371]
    ],
    [
      [0.039180122875, 0.00023098399957, 0.90670008295, 0.053888810174],
      [0.043920027144, 0.36198556561, 0.29657340284, 0.29752100441],
      [0.026663039756, 0.80198644656, 0.095794108969, 0.075556404719],
      [0.020340987034, 0.010149706442, 0.94226806295, 0.027241243576],
      [0.12735636, 0.28036575924, 0.57648598933, 0.015791891427],
      [0.21609456113, 0.19282911312, 0.44925292408, 0.14182340167],
      [0.087696882258, 0.48150918745, 0.23574717119, 0.1950467591]
    ],
    [
      [0.025433253538, 7.4982697002e-05, 0.80483080546, 0.16966095831],
      [0.018073268078, 0.076847642453, 0.15458849245, 0.75049059702],
      [0.026969104461, 0.45421812294, 0.12122041244, 0.39759236016],
      [0.013872153031, 0.0034825183504, 0.89358992236, 0.08905540626],
      [0.12048768844, 0.12648051431, 0.68654898894, 0.066482808307],
      [0.1432459807, 0.058783795243, 0.34854902955, 0.4494211945],
      [0.051557909322, 0.14307572314, 0.17067983361, 0.63468653392]
    ],
    [
      [0.013029190708, 0.00025282961106, 0.93330336501, 0.053414614668],
      [0.014061433341, 0.40205791524, 0.28042939902, 0.3034512524],
      [0.0077002741281, 0.8448387153, 0.080684550237, 0.066776460337],
      [0.0066451916036, 0.010934655396, 0.95599740265, 0.026422750352],
      [0.044622097016, 0.33242774107, 0.60657805773, 0.016372104186],
      [0.082844793863, 0.24587127014, 0.50743871046, 0.16384522554],
      [0.028430872064, 0.54939013218, 0.22474507741, 0.19743391835]
    ],
    [
      [0.0093400353927, 0.00012029613747, 0.96881031597, 0.021729352495],
      [0.016483825013, 0.30790034278, 0.48008254067, 0.19553329154],
      [0.010760943435, 0.7733398727, 0.16324244988, 0.052656733988],
      [0.004716382924, 0.0051420550087, 0.97946886922, 0.010672692844],
      [0.038420912252, 0.18803139999, 0.76549223565, 0.0080554521031],
      [0.076682639934, 0.14981245943, 0.68861411808, 0.08489078255],
      [0.034620544089, 0.43483325993, 0.39740818721, 0.13313800877]
    ],
    [
      [0.014102037202, 0.00012907307972, 0.90382898503, 0.081939904688],
      [0.015875891857, 0.20794644007, 0.28771596569, 0.48846170238],
      [0.013860645847, 0.68351625216, 0.1324230026, 0.1702000994],
      [0.0073468120789, 0.0056962468293, 0.94559248267, 0.041364458426],
      [0.058025107937, 0.19905664781, 0.71296157047, 0.029956673785],
      [0.093110345145, 0.12846334281, 0.51689401924, 0.26153229281],
      [0.037341085357, 0.32668285495, 0.26793013154, 0.36804592816]
    ],
    [
      [0.028638332227, 0.00022295504754, 0.89841935193, 0.072719360792],
      [0.029809126543, 0.32436756919, 0.27296862213, 0.37285468213],
      [0.019685601268, 0.78143446596, 0.095914801361, 0.10296513141],
      [0.014943760138, 0.0098452213024, 0.9382702864, 0.03694073216],
      [0.097273416561, 0.28294528735, 0.59749951825, 0.022281777839],
      [0.16083883647, 0.18980889524, 0.45413737424, 0.19521489405],
      [0.062468881314, 0.45301892572, 0.22785216399, 0.25666002898]
    ],
    [
      [0.018788581777, 0.00018096798497, 0.90578163978, 0.075248810459],
      [0.017074545133, 0.26366884732, 0.211973659, 0.50728294854],
      [0.012442481336, 0.78951306414, 0.080967812138, 0.11707664238],
      [0.0096282425334, 0.0078977124283, 0.94568573105, 0.036788313992],
      [0.074607261286, 0.27191124424, 0.62836084987, 0.025120644608],
      [0.12557639552, 0.17679851454, 0.44707061724, 0.2505544727],
      [0.040701552271, 0.42160162869, 0.19768838909, 0.34000842996]
    ],
    [
      [0.023533376644, 0.0001800074063, 0.92870317494, 0.047583441009],
      [0.030162520292, 0.32217507188, 0.34791929545, 0.29974311238],
      [0.01990742433, 0.77505238693, 0.12219205402, 0.082848134722],
      [0.012110187376, 0.0078374007245, 0.95621342504, 0.023838986863],
      [0.084884502644, 0.24266817504, 0.65694724225, 0.015500080067],
      [0.14948452232, 0.17353340245, 0.5323988319, 0.14458324333],
      [0.062560801924, 0.4454329402, 0.28756432021, 0.20444193767]
    ],
    [
      [0.028388753521, 0.00022911749363, 0.94926598847, 0.022116140514],
      [0.038502842968, 0.45879336295, 0.34915229774, 0.15355149635],
      [0.018529366688, 0.86297798973, 0.087811967259, 0.030680676322],
      [0.014264323242, 0.0098366640282, 0.96499890051, 0.01090011222],
      [0.09944838284, 0.29711676993, 0.59670843933, 0.0067264079008],
      [0.19880979023, 0.22435205636, 0.50964158988, 0.067196563533],
      [0.073442078268, 0.5780366343, 0.25613098671, 0.092390300726]
    ],
    [
      [0.11722000104, 0.00037460054449, 0.7541492054, 0.12825619301],
      [0.060622128771, 0.33032149302, 0.093167111288, 0.51588926692],
      [0.036119748574, 0.83905456226, 0.03072834485, 0.094097344314],
      [0.062496598009, 0.017554438891, 0.85344455363, 0.066504409467],
      [0.32661677465, 0.35499486193, 0.29285931521, 0.02552904821],
      [0.48611952437, 0.16909959057, 0.15264690896, 0.19213397611],
      [0.14072474828, 0.48010312744, 0.079210017858, 0.29996210642]
    ],
    [
      [0.018004949195, 0.00012941708045, 0.94493397121, 0.036931662512],
      [0.027355883087, 0.27918721711, 0.40727066834, 0.28618623146],
      [0.019503099594, 0.74386175013, 0.15285676657, 0.083778383702],
      [0.0091751169849, 0.0055930311173, 0.96691033646, 0.018321515434],
      [0.072084962685, 0.19259760909, 0.72217447081, 0.013142957407],
      [0.13280694396, 0.14147487739, 0.59778033752, 0.12793784113],
      [0.058791165791, 0.39839560445, 0.34455261676, 0.198260613]
    ],
    [
      [0.038014341102, 0.00014328053764, 0.9002780682, 0.061564310159],
      [0.046708758813, 0.25118325604, 0.31329940629, 0.38880857886],
      [0.035424887624, 0.71869393763, 0.12560777023, 0.12027340452],
      [0.019755310719, 0.0063308457812, 0.94272961897, 0.031184224525],
      [0.14322696458, 0.19881087641, 0.63766705521, 0.020295103802],
      [0.23415225791, 0.12819521927, 0.46318402289, 0.17446849993],
      [0.10168519242, 0.36122173195, 0.26698900948, 0.27010406615]
    ],
    [
      [0.0050741824782, 0.00020225310285, 0.96043635903, 0.034287205389],
      [0.0069940705422, 0.4032978974, 0.33580954772, 0.25389848433],
      [0.0039039256834, 0.84672353065, 0.094252560045, 0.055119983617],
      [0.0025843731635, 0.0086307956994, 0.97204813871, 0.016736692425],
      [0.018405489252, 0.29476007528, 0.67505904022, 0.011775395243],
      [0.035371114228, 0.23572361478, 0.6005132797, 0.1283919913],
      [0.013789933666, 0.55290225981, 0.26865533196, 0.16465247456]
    ],
    [
      [0.027891987277, 0.00017955107956, 0.91593577203, 0.055992689614],
      [0.033867898031, 0.30577224284, 0.32321649543, 0.33714336369],
      [0.02309235032, 0.76400916239, 0.11711831232, 0.095780174967],
      [0.014435382189, 0.0078682166352, 0.94948441714, 0.02821198404],
      [0.1001917735, 0.24074374589, 0.64098098267, 0.018083497946],
      [0.17075783824, 0.16588943831, 0.50009862667, 0.16325409679],
      [0.071108242208, 0.42751967521, 0.26972352118, 0.2316485614]
    ],
    [
      [0.016415504571, 0.00019676134376, 0.96613700414, 0.017250729945],
      [0.024746217296, 0.43854234387, 0.40635122988, 0.13036020896],
      [0.01237202441, 0.85421603036, 0.10615629061, 0.027255654621],
      [0.0082496199469, 0.0084007312844, 0.97488232028, 0.0084673284844],
      [0.059699691464, 0.27295167631, 0.66173793694, 0.0056106952873],
      [0.12178132144, 0.21812523036, 0.60109935893, 0.058994089272],
      [0.04750678262, 0.56600336142, 0.3055442724, 0.080945583563]
    ],
    [
      [0.012084157367, 0.00018944636303, 0.86177057356, 0.12595582271],
      [0.0098927419524, 0.22587714212, 0.19732814682, 0.56690196911],
      [0.0083084716935, 0.71939168697, 0.087449311331, 0.18485053001],
      [0.0064224619713, 0.0085262344821, 0.92045994691, 0.064591356635],
      [0.046477500053, 0.27710948343, 0.63334854676, 0.043064469759],
      [0.067799501265, 0.16317797621, 0.41851189971, 0.35051062281],
      [0.02349804355, 0.36123242924, 0.18659886763, 0.42867065958]
    ],
    [
      [0.0063844446216, 0.00023780616364, 0.87781628622, 0.115561463],
      [0.0048380658993, 0.27470697417, 0.17054233671, 0.54991262323],
      [0.0036012456967, 0.7863598329, 0.066056702129, 0.14398221928],
      [0.0033642139442, 0.010540130804, 0.92830344478, 0.057792210469],
      [0.022798083057, 0.34158906772, 0.59781506338, 0.037797785845],
      [0.033730103537, 0.21238652698, 0.40854083632, 0.34534253316],
      [0.01097436939, 0.43603141283, 0.15916670732, 0.39382751046]
    ],
    [
      [0.0191161571, 0.00013908914778, 0.94504403959, 0.035700714165],
      [0.028727007921, 0.29249085714, 0.41404766542, 0.26473446952],
      [0.020105932047, 0.74840866466, 0.15403862433, 0.07744677897],
      [0.009767664569, 0.0060144537355, 0.96645863302, 0.017759248672],
      [0.073748808626, 0.20051141609, 0.71331869327, 0.012421082022],
      [0.13448643207, 0.14821882704, 0.59732940727, 0.11996533362],
      [0.060436444064, 0.41007907836, 0.34669755237, 0.1827869252]
    ],
    [
      [0.019856524639, 0.00022993801474, 0.89682183342, 0.083091703928],
      [0.019386104909, 0.31829968329, 0.25207070986, 0.41024350194],
      [0.012935650378, 0.78530149415, 0.089194504876, 0.11256835059],
      [0.010348545997, 0.01015387928, 0.93738825671, 0.042109318016],
      [0.06927427607, 0.30040425913, 0.60438807783, 0.025933386968],
      [0.11472088127, 0.20034399594, 0.45590630395, 0.22902881884],
      [0.041682609158, 0.45648585401, 0.21510233237, 0.28672920446]
    ],
    [
      [0.022479693176, 7.6664940729e-05, 0.92011228473, 0.057331357156],
      [0.032090872906, 0.15661195186, 0.3554691622, 0.45582801302],
      [0.031686810998, 0.61181860151, 0.18268159092, 0.17381299657],
      [0.011534926438, 0.0033493782282, 0.95652837347, 0.028587321859],
      [0.10110357476, 0.1239338968, 0.75306490108, 0.021897627354],
      [0.17215737812, 0.081626167374, 0.5476275244, 0.1985889301],
      [0.078028304453, 0.24932364361, 0.3327252815, 0.33992277044]
    ],
    [
      [0.023420361303, 0.0003063129248, 0.93242744329, 0.043845882478],
      [0.024553817524, 0.46337500247, 0.27874872797, 0.23332245204],
      [0.01222369441, 0.86649849641, 0.073450924761, 0.047826884415],
      [0.011917421753, 0.013232968872, 0.95311990257, 0.021729706801],
      [0.073110993251, 0.36001851269, 0.55468093791, 0.012189556146],
      [0.13786702441, 0.26968516385, 0.47130336698, 0.12114444476],
      [0.047259768301, 0.59567558017, 0.2118612509, 0.14520340062]
    ],
    [
      [0.010162422165, 8.4914906878e-05, 0.96719375234, 0.022558910591],
      [0.019473051871, 0.22907302006, 0.53668744083, 0.21476648724],
      [0.015681882117, 0.68360980204, 0.22862993614, 0.072078379703],
      [0.005145915036, 0.0036384366685, 0.98009707562, 0.011118572673],
      [0.043655808834, 0.1366123334, 0.81099636313, 0.0087354946436],
      [0.084560032272, 0.10701594035, 0.71880027706, 0.089623750325],
      [0.042724566078, 0.33553145541, 0.46752748558, 0.15421649293]
    ],
    [
      [0.0020623787638, 9.908257466e-06, 0.99338877728, 0.0045389357033],
      [0.0064698005431, 0.041942567608, 0.88109826852, 0.070489363326],
      [0.010038071685, 0.25881255166, 0.68499397253, 0.046155404127],
      [0.0010473975784, 0.00042054429577, 0.99629701159, 0.0022350465312],
      [0.0098623749362, 0.017346775696, 0.97077106493, 0.0020197844374],
      [0.020887955868, 0.015304023214, 0.94119698511, 0.022611035807],
      [0.016098887464, 0.069642591455, 0.85678841261, 0.057470108468]
    ],
    [
      [0.026188904916, 3.1291976309e-05, 0.92319896491, 0.050580838202],
      [0.041757516257, 0.068600169261, 0.41393464689, 0.47570766759],
      [0.058373402251, 0.39367648176, 0.30118880849, 0.2467613075],
      [0.013479683535, 0.0013681935119, 0.95991172052, 0.025240402431],
      [0.12322575139, 0.051183462383, 0.80550489259, 0.020085893636],
      [0.20472933278, 0.033353289936, 0.58011272809, 0.18180464919],
      [0.10746542469, 0.11490488683, 0.40898713758, 0.3686425509]
    ],
    [
      [0.017805350398, 0.00011020485401, 0.95399623365, 0.028088211095],
      [0.030064068459, 0.26736794826, 0.46174946601, 0.24081851727],
      [0.021526285466, 0.73325717857, 0.17437241775, 0.070844118222],
      [0.0090490594462, 0.0047480238867, 0.97230542454, 0.013897492126],
