{
  "X": [
    [209, 97, 390, 56],
    [81, 74, 198, 19],
    [37, 39, 63, 10],
    [41, 10, 61, 4],
    [54, 43, 66, 13],
    [27, 15, 27, 1],
    [4, 32, 23, 1],
    [60, 51, 84, 7],
    [225, 357, 464, 30],
    [172, 249, 380, 39],
    [109, 64, 179, 22],
    [194, 248, 549, 51],
    [132, 113, 280, 33],
    [171, 283, 478, 62],
    [86, 113, 183, 22],
    [3, 6, 8, 1],
    [61, 61, 195, 35],
    [63, 130, 218, 29],
    [51, 51, 149, 21],
    [156, 223, 548, 69],
    [131, 117, 274, 34],
    [25, 95, 168, 19],
    [93, 165, 337, 35],
    [101, 213, 386, 45],
    [106, 146, 248, 30],
    [126, 306, 510, 55],
    [31, 109, 154, 26],
    [105, 74, 262, 16],
    [3, 3, 3, 0],
    [17, 16, 20, 2],
    [7, 13, 22, 5],
    [10, 4, 15, 3],
    [17, 15, 29, 0],
    [6, 6, 8, 3],
    [60, 46, 163, 24],
    [270, 129, 662, 63],
    [146, 89, 354, 45],
    [53, 35, 80, 11],
    [77, 61, 245, 24],
    [31, 18, 47, 11],
    [57, 38, 126, 16],
    [102, 113, 226, 24],
    [163, 202, 586, 72],
    [102, 178, 133, 16],
    [47, 187, 148, 18],
    [78, 268, 232, 26],
    [123, 202, 524, 59],
    [10, 4, 10, 0],
    [11, 20, 9, 0],
    [40, 45, 49, 12],
    [6, 2, 11, 0],
    [18, 6, 15, 1],
    [48, 28, 84, 17],
    [48, 95, 118, 11],
    [2147, 2780, 5606, 667],
    [306, 278, 675, 88],
    [690, 551, 1128, 143],
    [509, 307, 630, 50]
  ],
  "W": [
    [285, 233, 151, 32, 51],
    [111, 120, 99, 18, 24],
    [48, 40, 50, 6, 5],
    [40, 46, 21, 8, 1],
    [57, 48, 53, 9, 9],
    [28, 20, 19, 0, 3],
    [0, 15, 37, 4, 4],
    [59, 47, 71, 7, 18],
    [288, 220, 469, 39, 60],
    [201, 215, 349, 37, 38],
    [134, 100, 99, 23, 18],
    [244, 316, 372, 56, 54],
    [189, 181, 153, 17, 18],
    [220, 270, 383, 72, 49],
    [94, 103, 150, 25, 32],
    [1, 4, 9, 1, 3],
    [85, 116, 98, 33, 20],
    [86, 136, 168, 31, 19],
    [67, 84, 85, 28, 8],
    [220, 333, 337, 55, 51],
    [177, 172, 145, 31, 31],
    [38, 93, 143, 20, 13],
    [114, 191, 245, 44, 36],
    [129, 244, 294, 48, 30],
    [120, 143, 219, 25, 23],
    [153, 299, 436, 65, 44],
    [42, 85, 138, 38, 17],
    [132, 175, 111, 23, 16],
    [0, 2, 4, 1, 2],
    [19, 9, 20, 2, 5],
    [9, 15, 19, 3, 1],
    [13, 10, 7, 1, 1],
    [16, 19, 17, 5, 4],
    [9, 5, 9, 0, 0],
    [85, 119, 54, 12, 23],
    [400, 419, 191, 50, 64],
    [193, 249, 108, 36, 48],
    [60, 54, 45, 14, 6],
    [94, 168, 86, 32, 27],
    [29, 36, 34, 4, 4],
    [76, 71, 73, 6, 11],
    [119, 142, 144, 29, 31],
    [172, 408, 313, 56, 74],
    [92, 78, 220, 18, 21],
    [56, 69, 243, 14, 18],
    [92, 123, 339, 27, 23],
    [137, 364, 287, 69, 51],
    [10, 6, 7, 0, 1],
    [12, 3, 24, 0, 1],
    [48, 23, 62, 4, 9],
    [5, 8, 4, 2, 0],
    [20, 8, 9, 0, 3],
    [64, 42, 50, 8, 13],
    [62, 54, 133, 10, 13],
    [2973, 3463, 3528, 652, 584],
    [371, 438, 391, 67, 80],
    [706, 754, 763, 127, 162],
    [669, 367, 370, 27, 63]
  ],
  "method": "mvn_pdf",
  "cond_prob": [
    [
      [0.61750916414, 0.024603553056, 0.35050665324, 0.0073806295692],
      [0.054090541199, 0.005697496466, 0.82321696385, 0.11699499848],
      [0.020295203601, 0.57253275754, 0.39482425954, 0.012347779322],
      [0.031575376569, 0.055264004664, 0.51507162415, 0.39808899462],
      [0.3202314574, 0.0086191404894, 0.43520188404, 0.23594751807]
    ],
    [
      [0.58680730753, 0.039076982451, 0.36768008793, 0.0064356220859],
      [0.050097348288, 0.0094046162933, 0.86638181474, 0.074116220683],
      [0.013752236912, 0.67135115783, 0.30825798156, 0.006638623701],
      [0.032770658441, 0.095397739841, 0.59873423552, 0.2730973662],
      [0.32922349012, 0.014707377119, 0.49695566907, 0.15911346369]
    ],
    [
      [0.66001675265, 0.039513738004, 0.29219235044, 0.0082771589024],
      [0.063580517447, 0.010956064758, 0.79164291446, 0.13382050334],
      [0.015936487387, 0.72091494151, 0.25416731631, 0.0089812547939],
      [0.034075854173, 0.091227343642, 0.44857783577, 0.42611896642],
      [0.35493913609, 0.014397369648, 0.38184355407, 0.2488199402]
    ],
    [
      [0.8143364831, 0.00056854645355, 0.18474558063, 0.00034938981693],
      [0.12677162441, 0, 0.82699730697, 0.046231068626],
      [0.057618393507, 0.45842804855, 0.47817007322, 0.0057834847217],
      [0.097587865762, 0.043289632889, 0.65074201846, 0.20838048289],
      [0.60435676363, 0.003952059095, 0.32079296906, 0.070898208218]
    ],
    [
      [0.75771648656, 0.034214252419, 0.2012134587, 0.0068558023223],
      [0.10017361271, 0.013904628871, 0.75152567399, 0.13439608443],
      [0.024561965473, 0.7425662764, 0.22341243932, 0.0094593188033],
      [0.053203187996, 0.10029461739, 0.42693584472, 0.41956634989],
      [0.46902377711, 0.013744580041, 0.30825762405, 0.2089740188]
    ],
    [
      [0.79344902947, 0.026029084359, 0.18052188618, 0],
      [0.12398061357, 0.012280263767, 0.82439699885, 0.03934212381],
      [0.027677071896, 0.73615993179, 0.23490112963, 0.0012618666887],
      [0.086218771612, 0.12792709208, 0.61220116172, 0.17365297459],
      [0.59265017919, 0.012847219532, 0.33144191571, 0.063060685571]
    ],
    [
      [0.71754827209, 0.051854405153, 0.22866592429, 0.0019313984691],
      [0.099507663312, 0.023759938448, 0.86502210166, 0.011710296579],
      [0.0090121473981, 0.82998739302, 0.16100045958, 0],
      [0.050648387557, 0.20645196217, 0.60335451382, 0.13954513645],
      [0.49283551159, 0.027064883183, 0.41355835385, 0.066541251375]
    ],
    [
      [0.74567437564, 0.025299322658, 0.22627924181, 0.0027470598976],
      [0.097360551158, 0.009529079521, 0.83098054623, 0.06212982309],
      [0.024974499038, 0.6781320393, 0.29229550003, 0.0045979616248],
      [0.066280540096, 0.1002763902, 0.59181428451, 0.24162878519],
      [0.51067292892, 0.011675761319, 0.37209769814, 0.10555361162]
    ],
    [
      [0.62549033509, 0.043913798203, 0.32821084321, 0.0023850234956],
      [0.060948194463, 0.012089976274, 0.86916703811, 0.057794791152],
      [0.014873736722, 0.71605714142, 0.26782833012, 0.0012407917305],
      [0.040619391513, 0.12282615561, 0.61366687283, 0.22288758005],
      [0.381504032, 0.017866865689, 0.4785672317, 0.12206187061]
    ],
    [
      [0.66602713046, 0.033179813984, 0.29486730198, 0.0059257535711],
      [0.068827911154, 0.0095839788795, 0.83773244063, 0.083855669336],
      [0.018554525706, 0.67691820984, 0.29696745684, 0.0075598076192],
      [0.043758540628, 0.095050724048, 0.56182098324, 0.29936975208],
      [0.40094606327, 0.013393944937, 0.42605733552, 0.15960265628]
    ],
    [
      [0.68067973279, 0.021984285356, 0.28992975592, 0.0074062259292],
      [0.070666321254, 0.0060902479988, 0.83085563198, 0.092387798769],
      [0.024438199862, 0.59372398885, 0.37116696483, 0.010670846459],
      [0.044902815156, 0.065442111707, 0.55860475265, 0.33105032048],
      [0.40389650807, 0.00895763872, 0.41502281554, 0.17212303767]
    ],
    [
      [0.61125452906, 0.031446449232, 0.35165973473, 0.0056392869742],
      [0.055067316189, 0.0083408575004, 0.86309279081, 0.073499035504],
      [0.01752209603, 0.62512537466, 0.35039509902, 0.0069574302887],
      [0.036483000609, 0.080319134545, 0.60718581649, 0.27601204835],
      [0.34983991176, 0.011978602016, 0.48348741244, 0.15469407378]
    ],
    [
      [0.60341362328, 0.037735783587, 0.35041621004, 0.0084343830907],
      [0.052043353612, 0.0091364394756, 0.82966218202, 0.1091580249],
      [0.014752882556, 0.67024815484, 0.30573850602, 0.0092604565916],
      [0.030793443748, 0.083828485921, 0.51803383274, 0.36734423759],
      [0.31968325675, 0.013399411462, 0.44543971002, 0.22147762177]
    ],
    [
      [0.60264269389, 0.040928726416, 0.34890944654, 0.0075191331466],
      [0.053218153158, 0.010057627334, 0.84428076926, 0.092443450252],
      [0.014041495481, 0.68814770642, 0.2898860815, 0.0079247166029],
      [0.03281176006, 0.096909578599, 0.54995931151, 0.32031934983],
      [0.33284421423, 0.015144073277, 0.46246274325, 0.18954896924]
    ],
    [
      [0.66398602704, 0.036784312836, 0.29338729993, 0.0058423601916],
      [0.068576567627, 0.010696990944, 0.84020417009, 0.080522271334],
      [0.016977638645, 0.70206231736, 0.27396766919, 0.0069923748108],
      [0.043560149002, 0.10606858666, 0.56281363645, 0.28755762789],
      [0.40269617096, 0.014981945504, 0.42859603117, 0.15372585237]
    ],
    [
      [0.81176080634, 0.012863646948, 0.17081345469, 0.0045620920186],
      [0.080370541662, 0.00069354714311, 0.85827297471, 0.06066293649],
      [0.017772893885, 0.65517530726, 0.30128792351, 0.025763875348],
      [0.057758636683, 0.077507730377, 0.62557404866, 0.23915958428],
      [0.54968078179, 0.0034255562495, 0.35297642876, 0.093917233205]
    ],
    [
      [0.56608124475, 0.028151801679, 0.396921259, 0.0088456945723],
      [0.04330160969, 0.0066874388994, 0.82770669042, 0.12230426099],
      [0.016442485214, 0.57037494145, 0.40177938955, 0.011403183785],
      [0.024978391601, 0.053155702417, 0.50686917777, 0.41499672821],
      [0.27122284994, 0.009023575144, 0.45733269267, 0.26242088224]
    ],
    [
      [0.56412624688, 0.050129844027, 0.3771926717, 0.0085512373927],
      [0.045505199153, 0.011393860499, 0.84744692424, 0.095654016109],
      [0.01053538827, 0.71701521711, 0.26448865955, 0.0079607350719],
      [0.027599787665, 0.10780788501, 0.53997091849, 0.32462140884],
      [0.29846826506, 0.017824604048, 0.48081343471, 0.20289369618]
    ],
    [
      [0.61448749499, 0.023742395175, 0.35311167058, 0.0086584392615],
      [0.053382797926, 0.0062475074521, 0.84366507918, 0.096704615443],
      [0.020678791839, 0.55592231901, 0.41104238961, 0.012356499538],
      [0.033548672208, 0.055818041759, 0.5653692011, 0.34526408493],
      [0.33101533524, 0.0085208264887, 0.46308883409, 0.19737500418]
    ],
    [
      [0.55292588466, 0.034900125103, 0.40308126467, 0.0090927255616],
      [0.042215454181, 0.0083935384457, 0.84924107138, 0.10014993599],
      [0.013523601845, 0.61732289605, 0.35908384942, 0.010069652684],
      [0.026226868271, 0.070705476828, 0.55435281902, 0.34871483588],
      [0.28036524619, 0.011770725132, 0.49067024899, 0.21719377969]
    ],
    [
      [0.60984650438, 0.044368752064, 0.33804184114, 0.0077429024182],
      [0.05515048759, 0.011210845591, 0.84109678742, 0.092541879396],
      [0.013418049176, 0.71302261885, 0.26608837917, 0.0074709527983],
      [0.033672926094, 0.10690033625, 0.54224957446, 0.3171771632],
      [0.34134861354, 0.016654041472, 0.4550127385, 0.18698460648]
    ],
    [
      [0.47492689932, 0.042575627602, 0.47294043517, 0.0095570379055],
      [0.029218220759, 0.0090934785682, 0.87375387005, 0.087934430618],
      [0.0060972709016, 0.63484144135, 0.34857586946, 0.010485418293],
      [0.019611318189, 0.078710858083, 0.58782170281, 0.31385612092],
      [0.22856516865, 0.013837643832, 0.55125924307, 0.20633794445]
    ],
    [
      [0.58491742453, 0.034368986173, 0.37438059796, 0.0063329913311],
      [0.049433824971, 0.0085994798041, 0.86687094837, 0.075095746856],
      [0.015328415447, 0.63405820025, 0.34324759559, 0.0073657887143],
      [0.032564422717, 0.08261891318, 0.6055352732, 0.27928139091],
      [0.32470157361, 0.012776213672, 0.5002513265, 0.16227088622]
    ],
    [
      [0.57842254698, 0.041888984751, 0.37215114601, 0.0075373222655],
      [0.048173685436, 0.0097415439196, 0.85453921989, 0.087545550753],
      [0.012792166396, 0.6808516217, 0.29848191851, 0.0078742933932],
      [0.030278862479, 0.09566245242, 0.56610996277, 0.30794872233],
      [0.31382766248, 0.015240325123, 0.48526567525, 0.18566633715]
    ],
    [
      [0.67635158082, 0.027365341136, 0.28930258141, 0.006980496632],
      [0.069613642152, 0.0079700509449, 0.82363591892, 0.09878038798],
      [0.021362673958, 0.6366470851, 0.33188954848, 0.010100692464],
      [0.0430247518, 0.076113585871, 0.53682074829, 0.34404091403],
      [0.39691369922, 0.010777847641, 0.40867060868, 0.18363784446]
    ],
    [
      [0.58254680467, 0.039239212575, 0.37142010181, 0.0067938809476],
      [0.049191380407, 0.0093488185453, 0.86057477138, 0.080885029663],
      [0.013717119969, 0.66640751939, 0.31254035114, 0.0073350094978],
      [0.031606182825, 0.092464807383, 0.58407578043, 0.29185322937],
      [0.32106931714, 0.014482109014, 0.49155338531, 0.17289518854]
    ],
    [
      [0.5173704182, 0.058478107311, 0.41469774357, 0.0094537309183],
      [0.036816414084, 0.01242087858, 0.85296572968, 0.097796977652],
      [0.0063815646884, 0.73073325438, 0.25458907957, 0.00829610136],
      [0.022144287473, 0.11342292786, 0.53632427526, 0.32810850941],
      [0.25993578749, 0.019816732379, 0.50394072392, 0.21630675621]
    ],
    [
      [0.64016603342, 0.026812877756, 0.33240999084, 0.00061109798303],
      [0.062540650182, 0.0076868639721, 0.87958406633, 0.050188419512],
      [0.020645505571, 0.60470926818, 0.37195371197, 0.0026915142847],
      [0.043900334922, 0.079078482245, 0.65840927003, 0.2186119128],
      [0.39075693659, 0.010872817606, 0.48527464758, 0.11309559822]
    ],
    [
      [0.996481631, 0.00032211316134, 0.0031637035298, 3.2552307903e-05],
      [0.40346273904, 0.018523994763, 0.57801326619, 0],
      [0, 0.702365429, 0.297634571, 0],
      [0.35235146124, 0.14372296243, 0.50392557633, 0],
      [0.92036153033, 0.0048836660209, 0.074754803644, 0]
    ],
    [
      [0.71265230991, 0.034067296328, 0.24452595558, 0.0087544381835],
      [0.080338106431, 0.011662802741, 0.84382704741, 0.064172043422],
      [0.014393439353, 0.74606689785, 0.22996158365, 0.0095780791506],
      [0.052877950472, 0.12423127783, 0.57800171859, 0.24488905311],
      [0.46858769316, 0.015591126487, 0.40086566146, 0.1149555189]
    ],
    [
      [0.62736827825, 0.030109192041, 0.33402024928, 0.0085022804305],
      [0.047216991911, 0.0055471104803, 0.76337243013, 0.18386346748],
      [0.017098868016, 0.65724098905, 0.32237791541, 0.0032822275167],
      [0.020445670888, 0.049652977247, 0.35372646524, 0.57617488662],
      [0.25921511214, 0.0092728906754, 0.35687151593, 0.37464048125]
    ],
    [
      [0.68686599043, 0.013241404321, 0.2941081501, 0.005784455149],
      [0.056805297085, 0.002655277579, 0.75804609686, 0.18249332847],
      [0.024416508928, 0.53873484856, 0.41800843464, 0.018840207874],
      [0.024176869168, 0.025479264793, 0.3358042955, 0.61453957054],
      [0.30759672188, 0.0046857633447, 0.33426974211, 0.35344777267]
    ],
    [
      [0.73748248149, 0.036225774292, 0.22629174422, 0],
      [0.1027040736, 0.017638602383, 0.87965732402, 0],
      [0, 0.77548403675, 0.22451596325, 0],
      [0.17198834023, 0.16614435159, 0.66186730818, 0],
      [0.59724029918, 0.017825945847, 0.38493375497, 0]
    ],
    [
      [0.52223244095, 0.07822350865, 0.3995440504, 0],
      [0.18503308829, 0.032539914642, 0.18242699707, 0.6],
      [0.04163806556, 0.57036542766, 0.38799650678, 0],
      [9.3912013612e-05, 0.00018803326618, 0.0014853241587, 0.99823273056],
      [0.0074856324025, 0.00025326475649, 0.010429147407, 0.98183195543]
    ],
    [
      [0.55816121159, 0.05013269528, 0.38230982124, 0.0093962718888],
      [0.043447924831, 0.011052291486, 0.83573215292, 0.10976763077],
      [0.010376636736, 0.71887014234, 0.26267955987, 0.0080736610603],
      [0.02554153824, 0.10095820095, 0.51047778209, 0.36302247872],
      [0.28344161378, 0.017087483341, 0.46700475564, 0.23246614724]
    ],
    [
      [0.56655537595, 0.029099050313, 0.39706964495, 0.0072759287791],
      [0.046046865014, 0.0068365024662, 0.8688012187, 0.078315413817],
      [0.01628609434, 0.57866920762, 0.39637098198, 0.0086737160673],
      [0.030193065881, 0.066122511851, 0.61190556194, 0.29177886033],
      [0.30412368538, 0.010374079594, 0.51316087075, 0.17234136428]
    ],
    [
      [0.59499471842, 0.041300214836, 0.35596205741, 0.0077430093404],
      [0.05148810111, 0.010100102694, 0.84829390917, 0.090117887024],
      [0.013583846048, 0.68793821844, 0.29086676787, 0.0076111676412],
      [0.032108589669, 0.09685310097, 0.55730936219, 0.31372894717],
      [0.32755244933, 0.01521028624, 0.47077899099, 0.18645827344]
    ],
    [
      [0.72779864317, 0.02878409061, 0.23601761445, 0.0073996517723],
      [0.087926211193, 0.010070381081, 0.81212013353, 0.089883274192],
      [0.022505148925, 0.69547844072, 0.27311955779, 0.0088968525606],
      [0.054908178, 0.09699592872, 0.53402025312, 0.31407564016],
      [0.46710330197, 0.012446858404, 0.3696320463, 0.15081779332]
    ],
    [
      [0.59919599006, 0.031724682331, 0.36439907561, 0.0046802520067],
      [0.052756217731, 0.0082022982004, 0.87357893589, 0.065462548174],
      [0.016595277416, 0.62452901345, 0.35305233742, 0.0058233717085],
      [0.035509817662, 0.081326354996, 0.62743631668, 0.25572751066],
      [0.34255645678, 0.012146490612, 0.50165787076, 0.14363918185]
    ],
    [
      [0.79964462867, 0.011155512659, 0.18919985867, 0],
      [0.11230440227, 0.0049395098785, 0.68886823569, 0.19388785216],
      [0.05249482581, 0.51083209879, 0.42449862566, 0.012174449737],
      [0.04776842318, 0.028483492709, 0.3243025725, 0.59944551161],
      [0.44786237909, 0.0041106118681, 0.24594601281, 0.30208099623]
    ],
    [
      [0.62635812401, 0.019256216126, 0.34626646007, 0.0081191997942],
      [0.054622016913, 0.0057341637642, 0.81409440087, 0.12554941845],
      [0.025454269129, 0.49084081913, 0.4684781319, 0.01522677984],
      [0.030801298359, 0.038210663017, 0.50118253326, 0.42980550537],
      [0.31596817618, 0.0062507429837, 0.42518615855, 0.25259492229]
    ],
    [
      [0.64799861456, 0.040425797744, 0.30660003073, 0.0049755569737],
      [0.065176696823, 0.011480108007, 0.8500416582, 0.073301536966],
      [0.015659243752, 0.71346354353, 0.26553622298, 0.0053409897363],
      [0.04189989538, 0.11419475913, 0.57709407009, 0.2668112754],
      [0.39235631783, 0.016411498338, 0.44631408827, 0.14491809556]
    ],
    [
      [0.62000610105, 0.02832552493, 0.34452584799, 0.0071425260304],
      [0.056001881696, 0.0077047315173, 0.8470311376, 0.089262249186],
      [0.018874003843, 0.60471498049, 0.36683481409, 0.0095762015678],
      [0.035685305248, 0.070080471745, 0.57409080845, 0.32014341456],
      [0.34600327824, 0.010597080276, 0.4619522692, 0.18144737228]
    ],
    [
      [0.79297051123, 0.035684544615, 0.16699569853, 0.0043492456314],
      [0.12877575154, 0.017991947394, 0.7707839583, 0.082448342765],
      [0.025559443407, 0.77481890943, 0.19240782034, 0.0072138268248],
      [0.078578613093, 0.13957973193, 0.49833176644, 0.28350988853],
      [0.56974817915, 0.016240702343, 0.29597879607, 0.11803232244]
    ],
    [
      [0.60589048639, 0.05206713632, 0.33391136458, 0.0081310127133],
      [0.054094851559, 0.013626266077, 0.82912463192, 0.10315425044],
      [0.012066930998, 0.74545937363, 0.23459668977, 0.0078770055963],
      [0.031410973441, 0.11802164456, 0.50910643322, 0.34146094878],
      [0.33142056356, 0.019172066111, 0.44204879451, 0.20735857582]
    ],
    [
      [0.62177236233, 0.053486269154, 0.31804379523, 0.0066975732871],
      [0.05927430124, 0.01524921682, 0.83644367407, 0.089032807868],
      [0.012652646491, 0.75861944507, 0.22218453393, 0.0065433745162],
      [0.035519789783, 0.13174760073, 0.53101573122, 0.30171687826],
      [0.35904009254, 0.020627498761, 0.44345292106, 0.17687948764]
    ],
    [
      [0.59142472326, 0.03619765845, 0.36607275185, 0.00630486644],
      [0.050961439915, 0.0089397358092, 0.8628077584, 0.077291065878],
      [0.014927548123, 0.65164130556, 0.32641450858, 0.0070166377357],
      [0.033188549643, 0.088045338002, 0.59502257399, 0.28374353836],
      [0.33040455976, 0.013542626253, 0.49114681123, 0.16490600277]
    ],
    [
      [0.8227491426, 0.0046823726108, 0.17256848479, 0],
      [0.13639932056, 0.0021362234936, 0.86146445594, 0],
      [0.040958139064, 0.56224581315, 0.39679604779, 0],
      [0.10448019876, 0.063087386737, 0.75582372159, 0.076608692908],
      [0.66740567719, 0.0046382409099, 0.3279560819, 0]
    ],
    [
      [0.79156849153, 0.03895787417, 0.1694736343, 0],
      [0.13290700427, 0.018060025388, 0.84903297035, 0],
      [0.019405150288, 0.81079076898, 0.16980408073, 0],
      [0.084465682342, 0.19644310198, 0.65261533698, 0.066475878699],
      [0.63673348192, 0.019346978321, 0.34391953976, 0]
    ],
    [
      [0.70338448769, 0.033625065753, 0.26299044655, 0],
      [0.074563742082, 0.0095602624705, 0.66751648625, 0.2483595092],
      [0.026700669194, 0.69146830094, 0.28183102986, 0],
      [0.02644575644, 0.05189548438, 0.27915454445, 0.64250421473],
      [0.30681711189, 0.0097215790165, 0.27038192804, 0.41307938105]
    ],
    [
      [0.86660747005, 0.0045318411871, 0.12886068876, 0],
      [0.13348267836, 0.0039005762677, 0.86261674537, 0],
      [0.051038835738, 0.46673898792, 0.48222217634, 0],
      [0.19747293994, 0.039590116126, 0.76293694393, 0],
      [0.72811602199, 0.0024992068947, 0.25236666402, 0.017018107097]
    ],
    [
      [0.76660757347, 0.012624316205, 0.20928673803, 0.011481372292],
      [0.099031690959, 0.0050357477665, 0.84196303059, 0.053969530689],
      [0.029255181217, 0.63167314521, 0.33034059982, 0.0087310737538],
      [0.071104417035, 0.073277527274, 0.62648971153, 0.22912834416],
      [0.53743279063, 0.0073897956267, 0.36849853212, 0.086678881625]
    ],
    [
      [0.63220997329, 0.020480780393, 0.34730924632, 0],
      [0.053769669296, 0.0050774797795, 0.76051937061, 0.18063348031],
      [0.028578791273, 0.52248425387, 0.43977445584, 0.0091624990179],
      [0.025353181353, 0.034112477124, 0.38964667732, 0.5508876642],
      [0.28065158344, 0.0060664149011, 0.36342295839, 0.34985904327]
    ],
    [
      [0.61536901331, 0.038290152008, 0.33944997658, 0.0068908581071],
      [0.055452419458, 0.0095752706944, 0.85392125936, 0.081051050484],
      [0.014612542328, 0.68373396048, 0.29341188741, 0.008241609787],
      [0.035286113715, 0.09802253833, 0.57360734298, 0.29308400497],
      [0.35048932749, 0.014777217759, 0.46788453784, 0.16684891691]
    ],
    [
      [0.58081696425, 0.048117271152, 0.3636446454, 0.0074211191901],
      [0.049723299411, 0.011505438195, 0.84925085575, 0.08952040664],
      [0.011997784075, 0.7129967193, 0.2681793533, 0.0068261433192],
      [0.030601582608, 0.10946969197, 0.55148342621, 0.30844529922],
      [0.3180804201, 0.01759821153, 0.47641233458, 0.18790903379]
    ],
    [
      [0.64580054579, 0.032044720375, 0.31494760095, 0.0072071328856],
      [0.062325298617, 0.0085929328679, 0.82985296925, 0.099228799268],
      [0.01843627943, 0.65439691344, 0.31811548211, 0.009051325026],
      [0.038164749277, 0.082147992749, 0.53729882207, 0.34238843591],
      [0.36679866576, 0.012182443454, 0.42870831167, 0.19231057911]
    ],
    [
      [0.73297272442, 0.026623810496, 0.23478335707, 0.005620108015],
      [0.091715690923, 0.0095395327312, 0.80854250624, 0.090202270108],
      [0.025133344167, 0.67058508259, 0.29578895947, 0.0084926137722],
      [0.057956485975, 0.090529643386, 0.53582780896, 0.31568606168],
      [0.47426179187, 0.011463576447, 0.36336291601, 0.15091171567]
    ],
    [
      [0.6705570052, 0.041902125869, 0.28273515874, 0.0048057101925],
      [0.07279756892, 0.012861733822, 0.83737301361, 0.076967683649],
      [0.01689973402, 0.72941699538, 0.24833779719, 0.0053454734118],
      [0.045763988155, 0.12160208121, 0.55873258724, 0.27390134339],
      [0.41574803906, 0.01713773012, 0.42164314275, 0.14547108807]
    ]
  ],
  "expected_outcome": [
    [
      [175.9901117791, 65.1356111362, 31.6808041273, 32.5734593239, 43.1898397339, 22.216572825, 0, 43.9947881627, 180.1412165062, 133.871453223, 91.2110841944, 149.1461050916, 114.0451748, 132.5813926564, 62.414686542, 0.81176080634, 48.1169058033, 48.5148572321, 41.1706621642, 121.6436946253, 107.9428312752, 18.0472221742, 66.6805863965, 74.6165085598, 81.1621896983, 89.1296611144, 21.7295575646, 84.501916411, 0, 13.5403938883, 5.6463145042, 8.9292578756, 11.7997197038, 4.7000919685, 47.4437029855, 226.6221503817, 114.8339806546, 43.6679185901, 56.3244230652, 23.1896942316, 47.6032174247, 77.1118351321, 106.6410493811, 72.9532870329, 33.9298672377, 57.2030573346, 81.0251870867, 8.227491426, 9.4988218984, 33.7624554093, 4.3330373503, 15.3321514695, 40.4614382904, 38.1528788251, 1726.7688347256, 239.5920024864, 517.4787434429, 448.6026364782],
      [7.012012621, 4.337545052, 1.8966594242, 0.022741858142, 1.9502123879, 0.72881436206, 0, 1.4926600368, 12.6471738826, 6.6691426107, 2.9458942377, 7.6729336126, 7.1320630979, 9.0043198115, 3.4577254065, 0.012863646948, 2.3929031428, 4.3111665863, 1.5907404767, 7.6780275227, 7.8532691154, 1.6178738489, 3.9180644238, 5.4036790329, 3.2838409363, 6.0035995239, 2.4560805071, 3.5392998638, 0, 0.64727863022, 0.27098272837, 0.17213825617, 0.57961238868, 0.70401157785, 4.2612790988, 11.6396201253, 7.9709414634, 1.7270454366, 2.9821201391, 0.32350986711, 1.4634724256, 4.8106699315, 4.871990288, 3.2829781045, 2.9157596339, 4.9207367621, 4.9590792077, 0.046823726108, 0.46749449004, 1.6140031561, 0.022659205936, 0.25248632409, 1.3107699451, 2.3739894245, 143.0526471344, 11.8885912592, 18.7964102103, 28.0325222066],
      [99.8943961727, 40.8124897602, 14.0252328212, 7.3898232253, 11.4691671458, 5.0546128129, 0, 13.3504752666, 94.5247228444, 59.2683276985, 38.8505872934, 85.804975274, 66.228663698, 76.7600782398, 27.5784061935, 0.17081345469, 33.7383070153, 32.4385697658, 23.6584819286, 88.6778782285, 59.8334058814, 17.9717365365, 42.679388168, 48.0074978351, 34.7163097695, 56.8272755766, 17.4173052298, 43.8781187914, 0, 4.6459931559, 3.0061822435, 3.8234059513, 3.6206679075, 3.5958964536, 32.4963348051, 158.8278579813, 68.7006770793, 14.1610568669, 34.253513107, 5.4867959013, 26.3162509654, 36.4854036565, 59.2584458536, 15.3636042645, 18.6990364164, 29.2600291608, 50.1519670034, 1.7256848479, 2.0336836116, 12.6235414346, 0.64430344379, 4.1857347606, 22.2277917645, 21.0458985477, 1081.1155307879, 116.8455599538, 165.7570500883, 189.1498211964],
      [2.1034794272, 0.71435405153, 0.39730362731, 0.013975592677, 0.39078073237, 0, 0, 0.16207653396, 0.68688676673, 1.1910764678, 0.99243427451, 1.3759860217, 1.5940984041, 1.6542092922, 0.54918185801, 0.0045620920186, 0.75188403864, 0.73540641577, 0.58011543052, 2.0003996235, 1.370493728, 0.36316744041, 0.72196101175, 0.97231457225, 0.83765959583, 1.039463785, 0.39705669857, 0.08066493376, 0, 0.16633432549, 0.076520523874, 0.075197916937, 0, 0, 0.79868311055, 2.9103715117, 1.4944008027, 0.44397910634, 0.43994368863, 0, 0.61705918436, 0.59209127987, 1.2285144772, 0.40013059809, 0.45533671195, 0.61617674241, 0.86376670229, 0, 0, 0, 0, 0.22962744583, 0, 0.42723320264, 22.0629873521, 2.6738463006, 3.9677962586, 3.2150201188]
    ],
    [
      [12.6030960995, 6.0116817946, 2.5432206979, 5.8314947227, 4.80833341, 2.4796122714, 1.4926149497, 4.5759459044, 13.4086027818, 14.7980008981, 7.0666321254, 17.4012719159, 9.4198470037, 14.3689013528, 7.0633864656, 0.32148216665, 5.0229867241, 6.1887070848, 4.4841550258, 14.0577462423, 9.4858838655, 2.7172945306, 9.4418605694, 11.7543792465, 9.9547508277, 14.7082227417, 3.1293951972, 10.9446137819, 0.80692547809, 0.72304295788, 0.70825487866, 0.56805297085, 1.9513773983, 0.92516544143, 5.1703030549, 19.2936364408, 12.8205371763, 4.7480154044, 8.8630445788, 4.0429584818, 3.8781632008, 9.2550909489, 22.848767732, 10.0445086199, 3.7325447576, 7.2907390525, 18.5499641292, 0.81839592337, 0.3987210128, 1.7149660679, 1.0678614269, 0.79225352767, 2.2583261104, 2.9944306507, 172.191785859, 27.2984807942, 69.1536309557, 26.7167077935],
      [1.3275166766, 1.1285539552, 0.43824259032, 0, 0.66742218582, 0.24560527534, 0.35639907672, 0.44786673749, 2.6597947802, 2.0605554591, 0.60902479988, 2.6357109701, 1.6536955451, 2.7155593802, 1.1017900673, 0.0027741885724, 0.77574291233, 1.5495650278, 0.52479062598, 2.7950483024, 1.9282654417, 0.84569350684, 1.6425006426, 2.3769367164, 1.1397172851, 2.7952967451, 1.0557746793, 1.3452011951, 0.037047989526, 0.10496522467, 0.083206657204, 0.02655277579, 0.33513344528, 0.16269957321, 1.3152226869, 2.8644945333, 2.5149255707, 0.5438005784, 1.3779860977, 0.17782235563, 0.40712562726, 1.630175337, 3.1435304591, 1.4033718967, 0.94021235932, 1.8756536688, 3.2540638345, 0.012817340961, 0.054180076163, 0.21988603682, 0.031204610142, 0.040285982132, 0.21325415074, 0.5170646175, 39.8433324708, 3.7637045962, 7.1928076793, 4.7202563126],
      [191.8095525782, 103.9658177683, 31.6657165783, 38.0418761205, 36.0732323513, 16.4879399771, 12.9753315249, 39.0560856729, 191.2167483846, 180.1124747355, 83.0855631979, 272.7373218948, 150.1688549448, 227.955807699, 86.5410295197, 3.4330918988, 96.013976089, 115.2527816966, 70.867866651, 282.7972767705, 144.6686474367, 81.2591099151, 165.5723511385, 208.5075696534, 117.7799364061, 257.311856644, 72.5020870231, 153.9272116083, 1.1560265324, 7.5944434267, 11.4505864519, 7.5804609686, 16.7134891564, 0.91213498536, 99.4521261971, 364.0277106365, 211.2251833841, 43.8544872108, 146.7612612303, 24.799256485, 57.800702462, 120.705915465, 345.5887041408, 60.1211487478, 57.2095996026, 102.8825719109, 314.0620240566, 5.1687867357, 2.547098911, 15.3528791837, 6.900933963, 6.7357042447, 31.9418135658, 46.1117480056, 2940.9557134767, 363.4756005304, 609.6410497033, 307.3158959949],
      [27.2598346458, 8.8939464819, 5.3528201335, 2.1266291568, 6.4510120528, 0.7868424762, 0.17565444868, 2.9201016852, 12.7148540534, 18.0289689073, 9.2387798769, 23.2256952192, 19.7576025064, 24.959731568, 8.2937939474, 0.24265174596, 14.1872942746, 13.0089461908, 8.1231876972, 33.3499286847, 15.9172032561, 8.1779020475, 14.3432876495, 21.3611143837, 14.1255954811, 24.1846238692, 8.3127431004, 8.7829734147, 0, 0.5775483908, 2.7579520122, 1.8249332847, 0, 3, 13.0623480611, 32.8141583893, 22.4393538689, 4.8536968063, 10.9977080932, 6.9799626776, 8.9140087099, 10.4088182491, 36.4189976681, 6.4309707356, 7.1176432805, 10.9510353678, 28.1339479797, 0, 0, 5.7122687116, 0, 0.43175624551, 7.586606173, 4.3767567262, 310.0091681936, 43.4622140792, 68.0125116617, 28.247139899]
    ],
    [
      [3.0645757438, 1.3614714543, 0.79682436937, 1.2099862637, 1.3017841701, 0.52586436603, 0.33344945373, 1.7731894317, 6.9757825227, 6.4755294715, 2.4193817864, 6.5182197233, 2.2571910311, 5.377892769, 2.5466457967, 0.15995604496, 1.611363551, 1.7699452293, 1.7576973063, 4.5574538217, 1.9456171305, 0.87190973893, 3.7554617846, 3.7608969204, 4.6784255968, 5.9806643063, 0.880655927, 2.2916511184, 0, 0.28786878705, 0.32487849229, 0.1709155625, 0, 0.37474259004, 0.56033838373, 3.1106440189, 1.4670553732, 1.0127317016, 1.4271938578, 1.7848240775, 1.8581616464, 2.2549311002, 5.907563203, 5.6230775495, 2.9322642324, 4.2892471604, 4.2842063112, 0.28670697345, 0.4657236069, 1.65544149, 0.20415534295, 0.26329663095, 1.4289395636, 1.9434681296, 42.3281822178, 7.2085852572, 19.1767415994, 6.2529015873],
      [86.4524463882, 66.4637646248, 36.0457470754, 9.6269890197, 39.3560126494, 13.987038704, 30.7095335419, 48.1473747905, 335.8307993272, 236.2444552328, 58.7786748962, 232.5466393738, 102.54796769, 263.5605715586, 105.3093476035, 5.8965777654, 55.8967442623, 120.4585564737, 47.2533971162, 208.0378159677, 103.3882797336, 90.7823261128, 155.3442590615, 200.1703767809, 139.4257116361, 290.5536784545, 100.8411891047, 67.1227287678, 2.809461716, 14.921337957, 12.487578792, 3.7711439399, 13.1832286247, 5.1332888489, 38.8189876861, 110.5258186548, 74.2973275915, 31.2965298325, 53.7094951568, 17.368291359, 35.8313797963, 102.7387502681, 189.2757888947, 170.4601600748, 181.146627793, 257.1719918778, 187.0210546968, 3.935720692, 19.4589784555, 42.8710346584, 1.8669559517, 5.6850583069, 26.1242126934, 90.9366167438, 2515.4524256972, 255.8691931542, 511.656418016, 269.8842882905],
      [59.6184631905, 30.5175401745, 12.7083658156, 10.0415715375, 11.8408592839, 4.4631214629, 5.9570170044, 20.7529805024, 125.6114868285, 103.6416424366, 36.745529518, 130.3469768354, 46.7779914204, 111.0263692135, 41.0951503782, 2.7115913116, 39.3743801758, 44.4340948049, 34.9386031168, 121.0112572562, 38.5828149802, 49.8463493324, 84.0956609189, 87.7536840411, 72.6838111175, 136.2675930981, 35.1332929806, 41.2868620282, 1.190538284, 4.5992316729, 6.1251803929, 2.9260590425, 3.8167713753, 3.491968561, 14.1846962329, 75.7068575575, 31.41361093, 12.2903801007, 30.3625010185, 14.4329532724, 34.198903629, 38.2372161097, 114.8192968116, 42.3297204743, 57.0069956147, 75.3205570008, 93.6809639619, 2.7775723345, 4.0752979376, 17.4735238516, 1.9288887054, 2.9730653984, 21.988722792, 39.0237810249, 946.136758455, 124.3831535035, 225.6869760764, 91.8849849599],
      [1.8645146776, 0.6572237464, 0.44906273969, 0.12145317916, 0.50134389658, 0.023975467085, 0, 0.32645527536, 0.58193132162, 2.6383728591, 1.0564137994, 2.5881640674, 1.4168498585, 3.0351664589, 1.0488562216, 0.23187487813, 1.117512011, 1.3374034921, 1.0503024607, 3.3934729544, 1.0832881557, 1.4994148159, 1.804618235, 2.3150422576, 2.2120516497, 3.1980641411, 1.1448619877, 0.2987580856, 0, 0.19156158301, 0.062362322817, 0.13188145511, 0, 0, 0.43597769726, 1.6566797689, 0.82200610525, 0.40035836523, 0.50080996693, 0.41393129106, 1.1115549283, 0.76910252203, 2.9973510907, 1.5870419015, 1.9141123599, 2.218203961, 2.0137750301, 0, 0, 0, 0, 0.078579663784, 0.45812495089, 1.0961341017, 24.08263363, 3.5390680852, 6.4798643082, 1.9778251624]
    ],
    [
      [1.0104120502, 0.58987185193, 0.20445512504, 0.78070292609, 0.47882869197, 0, 0.20259355023, 0.46396378067, 1.584156269, 1.6190660032, 1.0327647486, 2.0430480341, 0.52348854372, 2.3624467243, 1.0890037251, 0.057758636683, 0.82428692283, 0.85559341762, 0.93936282181, 1.4424777549, 1.0438607089, 0.39222636378, 1.4328345995, 1.453385399, 1.075618795, 2.0544018836, 0.84148292399, 1.0097077032, 0.35235146124, 0.10575590094, 0.061337012665, 0.024176869168, 0.85994170116, 0, 0.30649845888, 1.5096532941, 1.1559092281, 0.768714492, 1.1363141652, 0.19107369272, 0.18480779016, 1.215096966, 1.9983770939, 1.4144150357, 0.43975362817, 0.95903432414, 2.2900099254, 0, 0, 0.10578302576, 0.39494587988, 0, 0.20282545082, 0.35286113715, 19.9522318601, 2.5570382016, 7.3604737189, 1.2356276802],
      [1.7684481492, 1.7171593171, 0.54736406185, 0.34631706311, 0.90265155647, 0, 0.82580784869, 0.7019347314, 4.7902200687, 3.5168767898, 1.5051685693, 4.4978715345, 1.4250842607, 6.9774896592, 2.6517146666, 0.077507730377, 1.7541381798, 3.3420444353, 1.5629051692, 3.8888012255, 3.3139104237, 1.5742171617, 3.6352321799, 4.5917977162, 1.9028396468, 6.0102124799, 4.3100712585, 1.8188050916, 0.14372296243, 0.24846255567, 0.14895893174, 0.025479264793, 0.83072175793, 0, 1.2114984114, 3.3061255926, 3.4867116349, 1.3579430021, 2.6024433599, 0.11393397084, 0.2292639781, 3.3116480149, 3.9245064177, 2.5124351748, 1.6523030238, 3.5571852197, 6.0751283221, 0, 0, 0.20758193752, 0.079180232251, 0, 0.27289981699, 0.9802253833, 71.3742391642, 5.5039155142, 11.4972647101, 3.2832561928],
      [16.4822919728, 10.7772162393, 2.6914670146, 5.2059361477, 3.8424226025, 0, 2.4134180553, 4.1426999916, 23.9330080405, 20.7873763799, 12.8479093111, 34.0024057237, 8.8065751565, 39.5970704284, 14.0703409112, 0.62557404866, 16.7266828665, 16.7390984732, 15.8303376308, 30.4894050463, 16.8097368082, 11.7564340562, 26.6435520207, 27.1732782128, 13.4205187074, 37.9649257277, 20.3803224598, 15.1434132107, 0.50392557633, 1.1560034372, 1.0611793957, 0.3358042955, 3.3093365409, 0, 6.1257333851, 30.5952780968, 20.0631370388, 7.4762835437, 20.0779621337, 1.29721029, 3.0070951995, 16.7357280325, 32.1490852733, 8.969971796, 7.1274900651, 14.337424743, 41.0565576056, 0, 0, 1.1166181778, 1.5258738879, 0, 3.1171734186, 5.7360734298, 359.5671938857, 35.9990210784, 68.0501317383, 15.0857798555],
      [12.7388478278, 4.9157525917, 2.5567137985, 1.6670438631, 3.776097149, 0, 0.55818054582, 1.6914014963, 8.6926156218, 11.0766808271, 7.6141573711, 15.4566747077, 6.2448520391, 23.0629931881, 7.1889406971, 0.23915958428, 13.6948920309, 10.0632636739, 9.6673943781, 19.1793159733, 9.8324920592, 6.2771224184, 12.2883811999, 14.7815386721, 8.6010228509, 18.9704599088, 12.4681233577, 5.0280739945, 0, 0.48977810621, 1.7285246599, 0.61453957054, 0, 0, 4.3562697446, 14.5889430165, 11.2942420982, 4.3970589622, 8.1832803412, 2.3977820464, 2.5788330322, 7.7375269866, 17.9280312151, 5.1031779936, 4.7804532829, 8.1463557131, 19.5783041469, 0, 0, 2.5700168589, 0, 0, 4.4071013136, 2.9308400497, 201.10633509, 22.9400252059, 40.0921298327, 7.3953362716]
    ],
    [
      [16.3318043275, 7.9013637629, 1.7746956804, 0.60435676363, 4.221213994, 1.7779505376, 1.9713420464, 9.1921127205, 22.8902419203, 15.2359504041, 7.2701371453, 18.8913552351, 5.7542986215, 16.3093664974, 12.8862774707, 1.6490423454, 5.4244569988, 5.6708970362, 2.6481226819, 14.2986275557, 10.5818070198, 2.9713471925, 11.6892566499, 9.4148298743, 9.1290150822, 14.127049954, 4.4189083873, 6.2521109855, 1.8407230607, 2.3429384658, 0.25921511214, 0.30759672188, 2.3889611967, 0, 6.519157117, 19.4639158645, 15.7225175678, 2.8026198118, 9.249024333, 1.7914495164, 3.475649938, 12.1630458528, 25.60424259, 11.9647117621, 5.9655701441, 8.2579221283, 16.8506325475, 0.66740567719, 0.63673348192, 2.7613540071, 0, 1.6122983719, 3.6484705848, 4.5563612574, 185.7589653376, 29.3438932606, 76.8304102832, 26.1921264608],
      [0.43957616496, 0.35297705086, 0.07198684824, 0.003952059095, 0.12370122037, 0.038541658596, 0.10825953273, 0.21016370375, 1.0720119414, 0.50896990762, 0.16123749696, 0.64684450888, 0.24118940631, 0.74205959058, 0.47942225611, 0.010276668748, 0.18047150288, 0.33866747691, 0.06816661191, 0.60030698171, 0.51627528562, 0.17988936982, 0.4599436922, 0.45720975368, 0.24789049574, 0.6372127966, 0.33688445045, 0.1739650817, 0.0097673320418, 0.077955632436, 0.0092728906754, 0.0046857633447, 0.071303783389, 0, 0.39301211685, 0.66394109402, 0.7300937395, 0.074681150426, 0.32795524654, 0.016442447473, 0.06875817282, 0.50875644848, 0.78418394042, 0.34105474921, 0.34509719, 0.4744324715, 0.69067393892, 0.0046382409099, 0.019346978321, 0.087494211149, 0, 0.02216938688, 0.078863393715, 0.19210383087, 10.2773555335, 0.9745954763, 1.8570993844, 1.0796769975],
      [22.1952960859, 11.9269360577, 1.9092177703, 0.32079296906, 2.7743186165, 0.99432574712, 1.6542334154, 6.6977585666, 28.7140339019, 16.1901787496, 7.4704106797, 26.108320272, 8.0179147803, 22.6606744193, 13.7150729974, 1.0589292863, 9.1466538534, 9.1354552594, 3.7047106727, 25.0241826985, 14.1053948935, 7.1663701598, 18.009047754, 14.5579702576, 9.3994239996, 21.6283489535, 8.5669923067, 7.7643943613, 0.14950960729, 2.0043283073, 0.35687151593, 0.33426974211, 1.5397350199, 0, 10.7411093797, 32.8422957278, 22.5973915677, 2.2177922778, 13.5447625104, 0.98378405126, 4.677047744, 13.8357367363, 34.1844679207, 6.2155547175, 7.9568783012, 10.1994171844, 25.0484873725, 0.3279560819, 0.34391953976, 2.4334373523, 0, 1.1054955964, 4.7244984591, 6.082498992, 278.2248033947, 34.2966649339, 58.8647923936, 26.5635179933],
      [12.0333234217, 3.8187231285, 1.244099701, 0.070898208218, 1.8807661692, 0.18918205671, 0.2661650055, 1.8999650092, 7.3237122364, 6.0649009387, 3.0982146781, 8.353479984, 3.9865971918, 9.2878994928, 4.9192272758, 0.28175169962, 5.2484176449, 3.8549802275, 1.5790000334, 11.0768827641, 5.796522801, 2.6823932778, 5.8417519038, 5.5699901144, 4.2236704225, 7.6073882959, 3.6772148556, 1.8095295715, 0, 0.57477759449, 0.37464048125, 0.35344777267, 0, 0, 5.3467213864, 11.0298473136, 8.949997125, 0.9049067599, 3.87825791, 1.2083239849, 2.7785441452, 4.4924609624, 13.4271055489, 2.4786787712, 3.7324543647, 4.0682282157, 8.410206141, 0, 0, 3.7177144295, 0, 0.26003664488, 4.5481675625, 2.1690359198, 109.7388757343, 15.3848463291, 24.4476979388, 9.1646785483]
    ]
  ],
  "prob": [
    [0.62148431676, 0.038392572365, 0.33339298824, 0.0067301226401],
