{
  "X": [
    [21, 15, 33, 202, 11],
    [22, 18, 69, 184, 9],
    [32, 25, 52, 230, 12],
    [15, 10, 32, 138, 7],
    [19, 40, 49, 290, 8],
    [19, 37, 52, 257, 13],
    [14, 33, 65, 238, 18],
    [16, 18, 55, 192, 7],
    [11, 35, 17, 139, 2],
    [19, 35, 36, 213, 8],
    [44, 46, 81, 330, 19],
    [9, 54, 82, 228, 29],
    [18, 16, 35, 190, 9],
    [35, 35, 109, 292, 13],
    [20, 38, 61, 213, 16],
    [101, 142, 226, 741, 9],
    [33, 30, 50, 245, 10],
    [18, 34, 72, 227, 10],
    [22, 29, 58, 199, 13],
    [21, 42, 31, 245, 7],
    [24, 31, 52, 139, 11],
    [32, 29, 61, 215, 8],
    [29, 19, 45, 193, 4],
    [24, 53, 60, 252, 10],
    [10, 25, 26, 147, 9],
    [5, 33, 28, 155, 6],
    [15, 17, 38, 176, 7],
    [22, 33, 47, 261, 9]
  ],
  "W": [
    [4, 18, 14, 20, 31, 54, 111, 30],
    [15, 9, 29, 21, 34, 80, 86, 28],
    [10, 23, 14, 26, 55, 60, 120, 43],
    [0, 18, 23, 10, 23, 44, 61, 23],
    [20, 14, 16, 38, 43, 77, 158, 40],
    [10, 9, 30, 39, 47, 56, 148, 39],
    [10, 20, 35, 37, 39, 77, 119, 31],
    [13, 12, 8, 22, 36, 74, 87, 36],
    [13, 4, 11, 30, 27, 29, 73, 17],
    [3, 11, 11, 35, 33, 51, 129, 38],
    [6, 30, 30, 41, 71, 126, 176, 40],
    [7, 33, 15, 43, 25, 136, 109, 34],
    [12, 10, 15, 15, 36, 53, 103, 24],
    [25, 11, 34, 33, 57, 133, 131, 60],
    [32, 17, 10, 27, 36, 84, 106, 36],
    [35, 11, 105, 111, 159, 250, 408, 140],
    [9, 16, 20, 28, 37, 61, 151, 46],
    [10, 5, 14, 27, 36, 87, 140, 42],
    [12, 13, 11, 23, 39, 69, 111, 43],
    [5, 5, 25, 30, 40, 64, 148, 29],
    [41, 10, 9, 17, 27, 55, 69, 29],
    [21, 7, 24, 26, 50, 83, 109, 25],
    [8, 11, 40, 17, 36, 54, 92, 32],
    [16, 17, 22, 59, 37, 78, 132, 38],
    [13, 9, 6, 28, 18, 36, 86, 21],
    [13, 7, 25, 31, 12, 33, 78, 28],
    [1, 15, 22, 19, 20, 57, 88, 31],
    [9, 12, 26, 31, 42, 67, 156, 29]
  ],
  "method": "mcmc",
  "mcmc_stepsize": 3000,
  "mcmc_samples": 1000,
  "burn_in": 10000,
  "cond_prob": [
    [
      [0.49999999956, 1.5215253695e-14, 7.4591349255e-11, 0.50000000036, 3.6892444927e-13],
      [0.055555555783, 0.16666666656, 0.11111111118, 0.66666666646, 1.2408676899e-11],
      [0.071428571309, 0.14285714286, 0.071428571531, 0.71428571427, 2.3487753326e-11],
      [0.050000000264, 0.049999999914, 0.20000000038, 0.69999999944, 5.9293578828e-12],
      [0.064516128935, 0.032258064503, 0.16129032243, 0.70967741945, 0.03225806468],
      [0.074074074186, 0.037037036997, 0.11111111099, 0.74074074083, 0.037037036992],
      [0.072072072014, 0.045045045069, 0.10810810813, 0.72972972974, 0.045045045044],
      [0.066666666583, 0.033333333452, 0.099999999925, 0.70000000015, 0.099999999893]
    ],
    [
      [0.2, 1.1394126728e-14, 0.2, 0.6, 3.768825599e-15],
      [0.11111111111, 0.11111111111, 0.22222222222, 0.55555555556, 9.1542246144e-14],
      [0.068965517241, 0.13793103448, 0.20689655172, 0.58620689655, 1.1572874716e-15],
      [0.047619047619, 0.047619047619, 0.33333333333, 0.57142857143, 7.1237809699e-14],
      [0.058823529412, 0.058823529412, 0.23529411765, 0.61764705882, 0.029411764706],
      [0.0625, 0.05, 0.225, 0.6375, 0.025],
      [0.06976744186, 0.058139534884, 0.22093023256, 0.60465116279, 0.046511627907],
      [0.071428571429, 0.035714285714, 0.21428571429, 0.60714285714, 0.071428571429]
    ],
    [
      [0.3, 2.9494752367e-18, 0.1, 0.6, 1.7209702843e-18],
      [0.13043478261, 0.086956521739, 0.13043478261, 0.65217391304, 3.849385801e-18],
      [0.071428571429, 0.14285714286, 0.14285714286, 0.64285714286, 8.4769374991e-15],
      [0.076923076923, 0.11538461538, 0.15384615385, 0.65384615385, 6.8621047524e-15],
      [0.090909090909, 0.054545454545, 0.18181818182, 0.65454545455, 0.018181818182],
      [0.083333333333, 0.066666666667, 0.15, 0.66666666667, 0.033333333333],
      [0.083333333333, 0.066666666667, 0.14166666667, 0.65833333333, 0.05],
      [0.06976744186, 0.06976744186, 0.13953488372, 0.6511627907, 0.06976744186]
    ],
    [
      [0, 0, 0, 0, 0],
      [0.22222209654, 1.4986623341e-08, 0.11111127518, 0.66666660572, 7.5762198373e-09],
      [0.086956528014, 0.13043468013, 0.13043483288, 0.65217391633, 4.2650167726e-08],
      [7.440937042e-08, 5.5480054042e-08, 0.3999996131, 0.60000024822, 8.7954193243e-09],
      [0.043478373552, 0.043478233833, 0.21739131465, 0.69565207005, 7.9163022846e-09],
      [0.06818183505, 0.045454527209, 0.13636368401, 0.72727269197, 0.022727261765],
      [0.065573745385, 0.049180364776, 0.14754091385, 0.68852463767, 0.049180338314],
      [0.04347824224, 0.04347829156, 0.13043485571, 0.65217389493, 0.13043471556]
    ],
    [
      [0.15, 0.05, 0.1, 0.7, 5.5090434993e-16],
      [0.14285714286, 0.071428571429, 0.071428571429, 0.71428571429, 1.6591028222e-15],
      [1.887304917e-15, 0.25, 0.0625, 0.6875, 6.8921264221e-16],
      [0.026315789474, 0.13157894737, 0.13157894737, 0.71052631579, 3.9707484645e-16],
      [0.046511627907, 0.093023255814, 0.16279069767, 0.6976744186, 9.5036311499e-17],
      [0.038961038961, 0.090909090909, 0.12987012987, 0.72727272727, 0.012987012987],
      [0.044303797468, 0.094936708861, 0.12025316456, 0.72151898734, 0.018987341772],
      [0.025, 0.075, 0.1, 0.7, 0.1]
    ],
    [
      [0.3, 7.6868494451e-14, 0.1, 0.6, 7.5650165598e-18],
      [0.22222222222, 1.6054363104e-13, 0.11111111111, 0.66666666667, 4.3420682844e-14],
      [0.033333333333, 0.13333333333, 0.13333333333, 0.66666666667, 0.033333333333],
      [0.025641025641, 0.15384615385, 0.12820512821, 0.66666666667, 0.025641025641],
      [0.042553191489, 0.10638297872, 0.17021276596, 0.65957446809, 0.021276595745],
      [0.035714285714, 0.089285714286, 0.14285714286, 0.71428571429, 0.017857142857],
      [0.047297297297, 0.094594594595, 0.13513513514, 0.68918918919, 0.033783783784],
      [0.025641025641, 0.076923076923, 0.12820512821, 0.66666666667, 0.10256410256]
    ],
    [
      [0.3, 9.0622067022e-18, 0.1, 0.6, 3.806891064e-18],
      [0.05, 0.2, 0.15, 0.6, 8.4601033891e-18],
      [0.028571428571, 0.14285714286, 0.17142857143, 0.62857142857, 0.028571428571],
      [0.027027027027, 0.081081081081, 0.24324324324, 0.62162162162, 0.027027027027],
      [0.025641025641, 0.076923076923, 0.17948717949, 0.69230769231, 0.025641025641],
      [0.025974025974, 0.077922077922, 0.16883116883, 0.67532467532, 0.051948051948],
      [0.033613445378, 0.084033613445, 0.17647058824, 0.63865546218, 0.067226890756],
      [0.032258064516, 0.064516129032, 0.16129032258, 0.64516129032, 0.096774193548]
    ],
    [
      [0.23076923072, 7.6134650911e-11, 0.15384615385, 0.61538461536, 1.1458173625e-12],
      [2.4615693018e-12, 0.16666666661, 0.16666666667, 0.66666666672, 3.5179761544e-14],
      [4.4918057116e-11, 0.24999999992, 0.12500000012, 0.62499999987, 4.1132394349e-11],
      [0.04545454544, 0.04545454547, 0.27272727278, 0.6363636363, 1.5233541876e-12],
      [0.055555555565, 0.055555555564, 0.2222222222, 0.66666666667, 2.0754883601e-14],
      [0.054054054044, 0.054054054059, 0.18918918917, 0.68918918922, 0.01351351351],
      [0.045977011494, 0.057471264361, 0.18390804597, 0.66666666669, 0.045977011482],
      [0.055555555582, 0.055555555555, 0.16666666668, 0.6666666666, 0.055555555582]
    ],
    [
      [0.15384616583, 0.15384663237, 0.076923753697, 0.61538344481, 3.2905553337e-09],
      [0.49999672996, 4.1601481157e-06, 1.2403441515e-06, 0.49999786468, 4.8664060398e-09],
      [0.090908611298, 0.27272734078, 1.0766710053e-06, 0.63636276792, 2.0333237556e-07],
      [0.03333331691, 0.23333249557, 0.066667437949, 0.66666649145, 2.5812126045e-07],
      [0.03703685296, 0.18518370474, 0.11111110153, 0.66666827749, 6.3273058412e-08],
      [0.034482847047, 0.13793184697, 0.13793029933, 0.6896547877, 2.1895495311e-07],
      [0.041095867749, 0.16438391363, 0.082191245566, 0.71232888815, 8.4912934037e-08],
      [1.3384032137e-06, 0.11764660224, 0.058824230033, 0.70588219987, 0.11764562946]
    ],
    [
      [0.33333333333, 1.2251957443e-15, 2.2679916619e-13, 0.66666666667, 3.489211561e-16],
      [0.18181818182, 0.090909090909, 0.090909090909, 0.63636363636, 4.9108429092e-15],
      [3.4403688362e-14, 0.27272727273, 0.090909090909, 0.63636363636, 1.9158354369e-14],
      [0.057142857143, 0.14285714286, 0.14285714286, 0.65714285714, 1.0721104766e-14],
      [0.060606060606, 0.090909090909, 0.18181818182, 0.66666666667, 1.9257359769e-14],
      [0.058823529412, 0.098039215686, 0.098039215686, 0.72549019608, 0.019607843137],
      [0.054263565891, 0.10852713178, 0.10852713178, 0.68992248062, 0.038759689922],
      [0.052631578947, 0.10526315789, 0.10526315789, 0.68421052632, 0.052631578947]
    ],
    [
      [0.5, 8.5599856815e-22, 1.695572713e-21, 0.5, 1.9722433189e-26],
      [0.1, 0.1, 0.13333333333, 0.63333333333, 0.033333333333],
      [0.066666666667, 0.13333333333, 0.13333333333, 0.63333333333, 0.033333333333],
      [0.073170731707, 0.09756097561, 0.17073170732, 0.63414634146, 0.024390243902],
      [0.084507042254, 0.084507042254, 0.16901408451, 0.6338028169, 0.028169014085],
      [0.079365079365, 0.087301587302, 0.16666666667, 0.63492063492, 0.031746031746],
      [0.079545454545, 0.085227272727, 0.15340909091, 0.64204545455, 0.039772727273],
      [0.075, 0.075, 0.15, 0.625, 0.075]
    ],
    [
      [0.42857142857, 2.9673578953e-17, 0.14285714286, 0.42857142857, 8.4985313438e-16],
      [0.030303030303, 0.18181818182, 0.18181818182, 0.54545454545, 0.060606060606],
      [3.9573929182e-16, 0.2, 0.2, 0.53333333333, 0.066666666667],
      [7.438862902e-21, 0.13953488372, 0.23255813953, 0.55813953488, 0.06976744186],
      [2.3980331329e-16, 0.12, 0.28, 0.56, 0.04],
      [0.022058823529, 0.13235294118, 0.19852941176, 0.58088235294, 0.066176470588],
      [0.018348623853, 0.12844036697, 0.20183486239, 0.57798165138, 0.073394495413],
      [3.5563059389e-18, 0.11764705882, 0.17647058824, 0.55882352941, 0.14705882353]
    ],
    [
      [0.24999999992, 1.3888882973e-11, 0.083333333333, 0.66666666673, 6.7638784708e-12],
      [0.10000000019, 0.099999999893, 0.10000000001, 0.69999999991, 5.6001915236e-14],
      [0.066666666612, 0.19999999986, 0.066666666793, 0.66666666674, 8.8802622041e-15],
      [0.066666666683, 2.0546447183e-13, 0.26666666693, 0.66666666638, 2.6126971344e-13],
      [0.055555555499, 0.05555555566, 0.16666666656, 0.6944444445, 0.027777777784],
      [0.056603773528, 0.056603773549, 0.11320754711, 0.7547169813, 0.01886792451],
      [0.058252427222, 0.058252427196, 0.12621359221, 0.70873786406, 0.048543689308],
      [0.041666666704, 0.041666666663, 0.12500000013, 0.70833333309, 0.083333333412]
    ],
    [
      [0.16, 0.04, 0.2, 0.6, 4.6123146604e-23],
      [0.090909090909, 0.18181818182, 0.18181818182, 0.54545454545, 2.0771627988e-22],
      [0.058823529412, 0.11764705882, 0.23529411765, 0.58823529412, 1.4258647124e-25],
      [0.060606060606, 0.060606060606, 0.30303030303, 0.57575757576, 1.2476184009e-17],
      [0.070175438596, 0.070175438596, 0.22807017544, 0.61403508772, 0.017543859649],
      [0.067669172932, 0.067669172932, 0.21804511278, 0.61654135338, 0.03007518797],
      [0.068702290076, 0.068702290076, 0.2213740458, 0.60305343511, 0.038167938931],
      [0.066666666667, 0.066666666667, 0.21666666667, 0.6, 0.05]
    ],
    [
      [0.125, 0.09375, 0.15625, 0.59375, 0.03125],
      [0.058823529412, 0.23529411765, 0.11764705882, 0.58823529412, 7.3272814918e-14],
      [6.2124001145e-14, 0.3, 0.1, 0.6, 1.4517552122e-14],
      [0.037037037037, 0.074074074074, 0.25925925926, 0.59259259259, 0.037037037037],
      [0.055555555556, 0.083333333333, 0.22222222222, 0.61111111111, 0.027777777778],
      [0.047619047619, 0.10714285714, 0.16666666667, 0.64285714286, 0.035714285714],
      [0.056603773585, 0.10377358491, 0.16981132075, 0.60377358491, 0.066037735849],
      [0.055555555556, 0.083333333333, 0.16666666667, 0.61111111111, 0.083333333333]
    ],
    [
      [0.11428571429, 0.11428571429, 0.17142857143, 0.6, 5.7391834871e-27],
      [0.18181818182, 0.090909090909, 0.18181818182, 0.54545454545, 1.8261038368e-26],
      [0.085714285714, 0.13333333333, 0.18095238095, 0.6, 2.092936591e-42],
      [0.081081081081, 0.11711711712, 0.1981981982, 0.6036036036, 5.5571467641e-36],
      [0.081761006289, 0.11320754717, 0.19496855346, 0.60377358491, 0.0062893081761],
      [0.08, 0.116, 0.184, 0.616, 0.004],
      [0.080882352941, 0.11519607843, 0.18382352941, 0.61029411765, 0.0098039215686],
      [0.078571428571, 0.11428571429, 0.17857142857, 0.60714285714, 0.021428571429]
    ],
    [
      [0.33333333333, 9.4658237991e-20, 0.11111111111, 0.55555555556, 6.9107079087e-19],
      [0.125, 0.125, 0.125, 0.625, 3.6913183734e-18],
      [0.05, 0.2, 0.1, 0.65, 2.9296843263e-18],
      [0.071428571429, 0.071428571429, 0.21428571429, 0.64285714286, 1.3302423669e-16],
      [0.081081081081, 0.081081081081, 0.13513513514, 0.67567567568, 0.027027027027],
      [0.081967213115, 0.065573770492, 0.13114754098, 0.70491803279, 0.016393442623],
      [0.086092715232, 0.079470198675, 0.13245033113, 0.66887417219, 0.033112582781],
      [0.086956521739, 0.065217391304, 0.13043478261, 0.65217391304, 0.065217391304]
    ],
    [
      [0.3, 1.032737808e-15, 0.1, 0.6, 3.069937438e-18],
      [0.2, 0.2, 2.5965217935e-16, 0.6, 3.0106302424e-16],
      [1.3606479711e-15, 0.28571428571, 0.14285714286, 0.57142857143, 2.8662574824e-17],
      [0.037037037037, 0.074074074074, 0.2962962963, 0.59259259259, 5.0601457586e-16],
      [0.027777777778, 0.083333333333, 0.25, 0.63888888889, 4.0672696219e-16],
      [0.045977011494, 0.091954022989, 0.19540229885, 0.64367816092, 0.022988505747],
      [0.042857142857, 0.092857142857, 0.19285714286, 0.63571428571, 0.035714285714],
      [0.047619047619, 0.071428571429, 0.19047619048, 0.61904761905, 0.071428571429]
    ],
    [
      [0.16666666667, 0.083333333333, 0.16666666667, 0.58333333333, 6.628838815e-14],
      [0.15384615385, 0.076923076923, 0.15384615385, 0.61538461538, 1.6178744437e-16],
      [0.18181818182, 0.18181818182, 0.090909090909, 0.54545454545, 3.7616222556e-14],
      [0.04347826087, 0.13043478261, 0.21739130435, 0.60869565217, 1.7629757392e-14],
      [0.051282051282, 0.076923076923, 0.23076923077, 0.61538461538, 0.025641025641],
      [0.057971014493, 0.086956521739, 0.17391304348, 0.65217391304, 0.028985507246],
      [0.063063063063, 0.09009009009, 0.18018018018, 0.62162162162, 0.045045045045],
      [0.046511627907, 0.06976744186, 0.16279069767, 0.60465116279, 0.11627906977]
    ],
    [
      [0.4, 7.5347537142e-15, 5.9011807028e-12, 0.59999999999, 4.2081465679e-16],
      [0.39999999999, 8.8551925276e-15, 6.0013253279e-12, 0.6, 2.7655455965e-12],
      [0.08, 0.16, 0.079999999999, 0.68, 1.6173355669e-15],
      [0.033333333333, 0.2, 0.066666666666, 0.7, 1.4347072719e-12],
      [0.05, 0.125, 0.125, 0.7, 3.6721899864e-13],
      [0.046875, 0.109375, 0.109375, 0.71875, 0.015625],
      [0.054054054054, 0.11486486486, 0.087837837838, 0.72297297297, 0.02027027027],
      [0.034482758621, 0.10344827586, 0.06896551724, 0.68965517241, 0.10344827586]
    ],
    [
      [0.14634146342, 0.097560975606, 0.19512195122, 0.53658536586, 0.024390243902],
      [0.2, 0.1, 0.2, 0.5, 1.5043041384e-15],
      [4.4237465403e-12, 0.44444444445, 0.11111111111, 0.44444444444, 4.2776481769e-13],
      [0.05882352941, 0.11764705883, 0.29411764707, 0.5294117647, 1.8575591372e-14],
      [0.074074074074, 0.11111111112, 0.25925925926, 0.51851851851, 0.03703703704],
      [0.090909090907, 0.10909090909, 0.2, 0.56363636364, 0.036363636363],
      [0.086956521739, 0.11594202898, 0.1884057971, 0.56521739131, 0.043478260869],
      [0.068965517242, 0.10344827586, 0.1724137931, 0.51724137931, 0.13793103448]
    ],
    [
      [0.19047619048, 0.047619047619, 0.14285714286, 0.61904761905, 1.5615710685e-17],
      [0.14285714286, 0.14285714286, 0.14285714286, 0.57142857143, 2.5742267222e-19],
      [0.083333333333, 0.16666666667, 0.16666666667, 0.58333333333, 5.1968032339e-18],
      [0.076923076923, 0.076923076923, 0.23076923077, 0.61538461538, 1.7189608044e-17],
      [0.08, 0.08, 0.2, 0.62, 0.02],
      [0.084337349398, 0.072289156627, 0.1686746988, 0.66265060241, 0.012048192771],
      [0.091743119266, 0.082568807339, 0.17431192661, 0.61467889908, 0.036697247706],
      [0.08, 0.08, 0.16, 0.6, 0.08]
    ],
    [
      [0.25, 1.1567372584e-12, 0.125, 0.625, 1.1686697875e-13],
      [0.18181818182, 0.090909090911, 0.090909090909, 0.63636363636, 2.1014984512e-14],
      [0.1, 0.1, 0.15, 0.65, 1.8664031882e-13],
      [0.058823529413, 0.058823529411, 0.23529411765, 0.64705882353, 1.2457528097e-13],
      [0.083333333334, 0.055555555555, 0.19444444444, 0.66666666667, 1.5099418837e-14],
      [0.092592592592, 0.055555555555, 0.14814814815, 0.7037037037, 8.0005858899e-14],
      [0.097826086956, 0.065217391304, 0.15217391304, 0.66304347826, 0.021739130435],
      [0.093749999999, 0.062500000001, 0.125, 0.65625, 0.0625]
    ],
    [
      [0.125, 0.125, 0.125, 0.625, 1.8239909709e-17],
      [0.17647058824, 0.11764705882, 0.11764705882, 0.58823529412, 2.0249317205e-18],
      [0.045454545455, 0.22727272727, 0.13636363636, 0.59090909091, 3.1260142231e-18],
      [0.050847457627, 0.13559322034, 0.16949152542, 0.62711864407, 0.016949152542],
      [0.054054054054, 0.10810810811, 0.21621621622, 0.62162162162, 2.2773413823e-14],
      [0.051282051282, 0.12820512821, 0.14102564103, 0.66666666667, 0.012820512821],
      [0.05303030303, 0.12878787879, 0.14393939394, 0.62878787879, 0.045454545455],
      [0.052631578947, 0.13157894737, 0.13157894737, 0.63157894737, 0.052631578947]
    ],
    [
      [0.23076923069, 0.076923076993, 0.07692307686, 0.6153846154, 5.3411444615e-11],
      [0.11111111099, 0.1111111113, 0.11111111107, 0.66666666647, 1.8003875601e-10],
      [0.16666666655, 0.16666666673, 3.6971375278e-11, 0.66666666645, 2.2944593095e-10],
      [0.0357142857, 0.17857142844, 0.10714285725, 0.64285714291, 0.035714285706],
      [5.1988730266e-11, 0.11111111107, 0.22222222218, 0.66666666664, 6.0954444629e-11],
      [0.027777777818, 0.11111111116, 0.13888888893, 0.69444444432, 0.027777777767],
      [0.034883720925, 0.1046511628, 0.11627906974, 0.69767441865, 0.046511627897],
      [6.2261796648e-11, 0.095238095202, 0.095238095244, 0.66666666679, 0.1428571427]
    ],
    [
      [0.23076921596, 0.07692308625, 0.076923073214, 0.61538462441, 1.6389905771e-10],
      [0.14285714224, 0.28571426834, 1.427395232e-09, 0.57142858758, 4.1552031527e-10],
      [2.4173918301e-09, 0.20000000969, 0.11999999307, 0.67999999235, 2.4614746203e-09],
      [3.8951392976e-09, 0.16129032134, 0.16129032422, 0.67741935046, 8.6286161751e-11],
      [3.1987835107e-10, 0.083333328728, 0.24999998998, 0.66666668067, 3.0224650143e-10],
      [1.9821519782e-09, 0.12121212463, 0.12121212105, 0.75757575052, 1.8205829243e-09],
      [0.012820512103, 0.14102563923, 0.11538461452, 0.67948718606, 0.05128204809],
      [8.425963508e-11, 0.14285713854, 0.10714286976, 0.67857141604, 0.071428575573]
    ],
    [
      [0.99999999696, 4.598159148e-11, 1.7044205858e-09, 1.2699952924e-09, 1.8906363832e-11],
      [0.13333333292, 0.066666666923, 0.13333333306, 0.66666666709, 7.9903449394e-12],
      [0.045454545663, 0.13636363645, 0.13636363674, 0.68181818113, 6.9050251561e-12],
      [0.052631579015, 0.10526315757, 0.15789473731, 0.68421052599, 1.0700012045e-10],
      [0.050000000043, 0.050000000014, 0.24999999982, 0.64999999996, 1.5947953756e-10],
      [0.052631578852, 0.052631578985, 0.1403508772, 0.73684210515, 0.017543859816],
      [0.056818181892, 0.056818181803, 0.14772727261, 0.70454545467, 0.034090909025],
      [0.032258064562, 0.064516129004, 0.12903225802, 0.67741935516, 0.09677419325]
    ],
    [
      [0.22222222222, 2.3342386855e-14, 0.11111111111, 0.66666666667, 1.8749540591e-20],
      [0.16666666667, 0.083333333333, 0.083333333333, 0.66666666667, 5.8351209611e-15],
      [0.076923076923, 0.11538461538, 0.11538461538, 0.69230769231, 6.2144414573e-15],
      [0.032258064516, 0.1935483871, 0.096774193548, 0.67741935484, 2.2587554569e-15],
      [0.047619047619, 0.071428571429, 0.16666666667, 0.69047619048, 0.02380952381],
      [0.044776119403, 0.074626865672, 0.14925373134, 0.71641791045, 0.014925373134],
      [0.057692307692, 0.083333333333, 0.12179487179, 0.71153846154, 0.025641025641],
      [0.034482758621, 0.068965517241, 0.10344827586, 0.68965517241, 0.10344827586]
    ]
  ],
  "expected_outcome": [
    [
      [1.9999999983, 3, 3, 0, 3, 3, 3, 2.9999999993, 2.0000001558, 1, 3, 3, 2.999999999, 4, 4, 4, 3, 3, 2, 2, 6.0000000001, 4, 2, 2, 2.999999999, 2.9999998075, 0.99999999696, 2],
      [6.0861014779e-14, 1.7091190092e-13, 2.9494752367e-17, 0, 1, 7.6868494451e-13, 9.0622067022e-17, 9.8975046184e-10, 2.0000062208, 3.675587233e-15, 5.1359914089e-21, 2.0771505267e-16, 1.6666659567e-10, 1, 3, 4, 8.5192414191e-19, 1.032737808e-14, 1, 3.7673768571e-14, 3.9999999999, 1, 9.253898067e-12, 2, 1.0000000009, 1.0000001212, 4.598159148e-11, 2.1008148169e-13],
      [2.9836539702e-10, 3, 1, 0, 2, 1, 1, 2, 1.0000087981, 6.8039749856e-13, 1.0173436278e-20, 1, 1, 5, 5, 6, 1, 1, 2, 2.9505903514e-11, 7.9999999998, 3, 1, 2, 0.99999999918, 0.99999995179, 1.7044205858e-09, 1],
      [2.0000000014, 9, 6, 0, 14, 6, 6, 7.9999999997, 7.9999847826, 2, 3, 3, 8.0000000007, 15, 19, 21, 5, 6, 7, 3, 22.0000000003, 13, 5, 10, 8.0000000002, 8.0000001173, 1.2699952924e-09, 6],
      [1.4756977971e-12, 5.6532383985e-14, 1.7209702843e-17, 0, 1.1018086999e-14, 7.5650165598e-17, 3.806891064e-17, 1.4895625713e-11, 4.2777219338e-08, 1.0467634683e-15, 1.1833459913e-25, 5.9489719406e-15, 8.116654165e-11, 1.1530786651e-21, 1, 2.0087142205e-25, 6.2196371179e-18, 3.069937438e-17, 7.954606578e-13, 2.104073284e-15, 1, 3.2792992439e-16, 9.3493582999e-13, 2.9183855534e-16, 6.9434877999e-10, 2.1306877502e-09, 1.8906363832e-11, 1.6874586532e-19]
    ],
    [
      [1.0000000041, 1, 3, 3.9999977377, 2, 2, 1, 2.9538831622e-11, 1.9999869199, 2, 3, 1, 1.0000000019, 1, 1, 2, 2, 1, 2, 2, 2, 1, 2, 3, 0.99999999887, 0.99999999568, 1.9999999938, 2],
      [2.9999999981, 1, 2, 2.6975922013e-07, 1, 1.4448926794e-12, 4, 1.9999999994, 1.6640592463e-05, 1, 3, 6, 0.99999999893, 2, 4, 1, 2, 1, 1, 4.4275962638e-14, 1, 1, 1, 2, 1.0000000017, 1.9999998784, 1.0000000038, 1],
      [2.0000000013, 2, 3, 2.0000029532, 1, 1, 3, 2, 4.961376606e-06, 1, 4, 6, 1.0000000001, 2, 2, 2, 2, 1.2982608967e-15, 2, 3.0006626639e-11, 2, 1, 1, 2, 0.99999999963, 9.991766624e-09, 1.9999999959, 1],
      [11.9999999963, 5, 15, 11.9999989029, 10, 6, 12, 8.0000000006, 1.9999914587, 7, 19, 18, 6.9999999991, 6, 10, 6, 10, 3, 8, 3, 5, 4, 7, 10, 5.9999999982, 4.0000001131, 10.0000000063, 8],
      [2.2335618418e-10, 8.2388021529e-13, 8.8535873424e-17, 1.3637195707e-07, 2.3227439511e-14, 3.907861456e-13, 1.6920206778e-16, 4.2215713853e-13, 1.9465624159e-08, 5.4019272001e-14, 1, 2, 5.6001915236e-13, 2.2848790786e-21, 1.2456378536e-12, 2.0087142205e-25, 5.9061093975e-17, 1.5053151212e-15, 2.1032367769e-15, 1.3827727982e-11, 1.5043041384e-14, 1.8019587056e-18, 2.3116482963e-13, 3.4423839249e-17, 1.6203488041e-09, 2.9086422069e-09, 1.1985517409e-10, 7.0021451533e-14]
    ],
    [
      [0.99999999832, 2, 1, 2.0000001443, 3.0196878672e-14, 1, 1, 3.5934445693e-10, 0.99999472428, 3.7844057198e-13, 2, 5.9360893772e-15, 0.99999999918, 2, 6.2124001145e-13, 9, 1, 1.9049071596e-14, 2, 2, 3.9813718863e-11, 2, 4, 1, 0.99999999932, 6.0434795752e-08, 1.0000000046, 2],
      [2.0000000001, 4, 2, 2.9999976429, 4, 4, 5, 1.9999999993, 3.0000007485, 3, 4, 3, 2.9999999979, 4, 3, 14, 4, 4, 2, 4, 4, 4, 4, 5, 1.0000000004, 5.0000002423, 3.000000002, 3],
      [1.0000000014, 6, 2, 3.0000011563, 1, 4, 6, 1.000000001, 1.1843381058e-05, 1, 4, 3, 1.0000000019, 8, 1, 19, 2, 2, 1, 2, 0.99999999997, 4, 6, 3, 2.2182825167e-10, 2.9999998269, 3.0000000084, 3],
      [9.9999999998, 17, 9, 15.0000000756, 11, 20, 22, 4.999999999, 6.9999904472, 7, 19, 8, 10.0000000011, 20, 6, 63, 13, 8, 6, 17, 3.9999999999, 14, 26, 13, 3.9999999987, 16.9999998089, 14.9999999849, 18],
      [3.2882854656e-10, 3.3561336678e-14, 1.1867712499e-13, 9.8095385769e-07, 1.1027402275e-14, 1, 1, 3.2905915479e-10, 2.2366561311e-06, 2.1074189806e-13, 1, 1, 1.3320393306e-13, 4.8479400222e-24, 1.4517552122e-13, 2.1975834206e-40, 5.8593686527e-17, 4.0127604753e-16, 4.1377844812e-13, 4.0433389172e-14, 3.8498833592e-12, 1.2472327761e-16, 7.4656127529e-12, 6.8772312909e-17, 1.3766755857e-09, 6.1536865508e-08, 1.5191055343e-10, 1.6157547789e-13]
    ],
    [
      [1.0000000053, 1, 2, 7.440937042e-07, 1, 1, 1, 0.99999999968, 0.99999950729, 2, 3, 3.1987110479e-19, 1.0000000002, 2, 1, 9, 2, 1, 1, 0.99999999999, 0.99999999997, 2, 1, 3, 0.99999999961, 1.2074931823e-07, 1.0000000013, 1],
      [0.99999999828, 1, 3, 5.5480054042e-07, 5, 6, 3, 1.0000000003, 6.9999748671, 5, 4, 6, 3.0819670775e-12, 2, 2, 13, 2, 2, 3, 5.9999999999, 2.0000000001, 2, 0.99999999999, 8, 4.9999999962, 4.9999999616, 1.9999999939, 6],
      [4.0000000076, 7, 4, 3.999996131, 5, 5, 9, 6.0000000013, 2.0000231385, 5, 7, 10, 4.000000004, 10, 7, 22, 6, 8, 5, 2, 5.0000000001, 6, 4, 10, 3.000000003, 5.0000000509, 3.0000000089, 3],
      [13.9999999888, 12, 17, 6.0000024822, 27, 26, 23, 13.9999999987, 19.9999947436, 23, 26, 24, 9.9999999957, 19, 16, 67, 18, 16, 14, 21.0000000001, 8.9999999998, 16, 11, 37, 18.0000000015, 20.9999998641, 12.9999999939, 21],
      [1.1858715766e-10, 1.4959940037e-12, 1.7841472356e-13, 8.7954193243e-08, 1.5088844165e-14, 1, 1, 3.3513792128e-11, 7.7436378136e-06, 3.7523866679e-13, 1, 3, 3.9190457016e-12, 4.117140723e-16, 1, 6.1684329081e-34, 3.7246786274e-15, 1.3662393548e-14, 4.0548442003e-13, 4.3041218156e-11, 3.1578505332e-13, 4.4692980914e-16, 2.1177797764e-12, 1, 0.99999999975, 2.6748710143e-09, 2.0330022885e-09, 7.0021419164e-14]
    ],
    [
      [1.999999997, 2, 5, 1.0000025917, 2, 2, 1, 2.0000000003, 0.99999502993, 2, 6, 5.9950828322e-15, 1.999999998, 4, 2, 13, 3, 1, 2, 2, 2, 4, 3, 2, 9.3579714478e-10, 3.8385402129e-09, 1.0000000009, 2],
      [0.99999999959, 2, 3, 0.99999937815, 4, 5, 3, 2.0000000003, 4.9999600281, 3, 6, 3, 2.0000000038, 4, 3, 18, 3, 3, 3, 5, 3.0000000001, 4, 2, 4, 1.9999999992, 0.99999994474, 1.0000000003, 3],
      [4.9999999954, 8, 10, 5.0000002369, 7, 8, 7, 7.9999999993, 2.9999997412, 6, 12, 7, 5.9999999961, 13, 8, 31, 5, 9, 9, 5, 7, 10, 7, 8, 3.9999999992, 2.9999998798, 4.9999999964, 7],
      [22.0000000029, 21, 36, 15.9999976112, 30, 31, 27, 24.0000000001, 18.0000434924, 22, 45, 14, 25.000000002, 35, 22, 96, 25, 23, 24, 28, 13.9999999999, 31, 24, 23, 11.9999999995, 8.000000168, 12.9999999992, 29],
      [1.0000000051, 1, 1, 1.8207495255e-07, 4.0865613945e-15, 1, 1, 7.4717580963e-13, 1.7083725771e-06, 6.3549287238e-13, 2, 1, 1.0000000002, 1, 1, 1, 1, 1.4642170639e-14, 1, 1.4688759946e-11, 1.0000000001, 1, 5.4357907812e-13, 8.4261631144e-13, 1.0971800033e-09, 3.6269580172e-09, 3.1895907512e-09, 1]
    ],
    [
      [4.000000006, 5, 5, 3.0000007422, 3, 2, 2, 3.9999999993, 1.0000025644, 3, 10, 3, 2.999999997, 9, 4, 20, 5, 4, 4, 3, 4.9999999999, 7, 5, 4, 1.0000000014, 6.5411015282e-08, 2.9999999946, 3],
      [1.9999999978, 4, 4, 1.9999991972, 7, 5, 6, 4.0000000003, 4.0000235621, 5, 11, 18, 2.9999999981, 9, 9, 29, 4, 8, 6, 7, 6, 6, 3, 10, 4.0000000018, 4.0000001127, 3.0000000022, 5],
      [5.9999999936, 18, 9, 6.0000020963, 10, 8, 13, 13.9999999985, 3.9999786806, 5, 21, 27, 5.999999997, 29, 14, 46, 8, 17, 12, 7, 11.0000000001, 14, 8, 11, 5.0000000014, 3.9999999947, 8.0000000005, 10],
      [40.000000005, 51, 40, 31.9999984467, 56, 40, 52, 51.0000000022, 19.9999888432, 37, 80, 79, 40.0000000089, 82, 54, 154, 43, 56, 45, 46, 31, 55, 38, 52, 24.9999999957, 24.999999767, 41.9999999933, 48],
      [1.9999999976, 2, 2, 0.99999951765, 1, 1, 4, 0.99999999971, 6.3496936401e-06, 1, 4, 9, 0.99999999902, 4, 3, 1, 1, 2, 2, 0.99999999999, 2, 1, 4.3203163805e-12, 1, 0.99999999961, 6.0079236502e-08, 1.0000000095, 1]
    ],
    [
      [7.9999999935, 6, 10, 3.9999984685, 7, 7, 4, 4, 2.9999983457, 7, 14, 2, 6.0000000038, 9, 6, 33, 13, 6, 7, 8, 6, 10, 9, 7, 2.9999999995, 0.99999994401, 5.0000000065, 9],
      [5.0000000026, 5, 8, 3.0000022513, 15, 14, 10, 4.9999999994, 12.0000256947, 14, 15, 14, 6.0000000012, 9, 11, 47, 12, 13, 10, 17, 7.9999999999, 9, 6, 17, 9.0000000005, 10.9999998599, 4.9999999987, 13],
      [12.0000000026, 19, 17, 8.9999957449, 19, 20, 21, 15.9999999993, 5.9999609263, 14, 27, 22, 12.9999999977, 29, 18, 75, 20, 27, 20, 13, 13.0000000001, 19, 14, 19, 9.9999999972, 8.9999999327, 12.9999999895, 19],
      [81.0000000013, 52, 79, 42.0000028981, 114, 102, 76, 58.0000000023, 52.0000088346, 89, 113, 63, 72.9999999984, 79, 64, 249, 101, 89, 69, 107, 39.0000000001, 67, 61, 83, 60.0000000035, 53.0000005124, 62.0000000111, 111],
      [4.9999999999, 4, 6, 3.0000006372, 3, 5, 8, 3.999999999, 6.1986441847e-06, 5, 7, 8, 4.9999999988, 5, 7, 4, 5, 5, 5, 3, 3, 4, 2, 6, 3.9999999992, 3.999999751, 2.9999999942, 4]
    ],
    [
      [1.9999999975, 2, 3, 0.99999957153, 1, 1, 1, 2.000000001, 2.2752854634e-05, 2, 3, 1.2091440192e-16, 1.0000000009, 4, 2, 11, 4, 2, 2, 1, 2, 2, 3, 2, 1.3074977296e-09, 2.3592697822e-09, 1.0000000014, 1],
      [1.0000000036, 1, 3, 1.0000007059, 3, 3, 2, 2, 1.999992238, 4, 3, 4, 0.99999999992, 4, 3, 16, 3, 3, 3, 3.0000000001, 3, 2, 2, 5, 1.9999999992, 3.9999998791, 1.9999999991, 2],
      [2.9999999977, 6, 6, 3.0000016814, 4, 5, 5, 6.0000000006, 1.0000119106, 4, 6, 6, 3.0000000032, 13, 6, 25, 6, 8, 7, 2, 5, 4, 4, 5, 2.0000000001, 3.0000003533, 3.9999999987, 3],
      [21.0000000044, 17, 28, 14.9999995834, 28, 26, 20, 23.9999999975, 11.9999973978, 26, 25, 19, 16.9999999941, 36, 22, 85, 30, 26, 26, 20, 15, 15, 21, 24, 14.0000000027, 18.9999996492, 21.00000001, 20],
      [2.9999999968, 2, 3, 2.9999984578, 4, 4, 3, 2.000000001, 1.9999757008, 2, 3, 5, 2.0000000019, 3, 3, 3, 3, 3, 5, 3, 4, 2, 2, 2, 2.9999999967, 2.000000116, 2.9999999908, 3]
    ]
  ],
  "prob": [
    [0.2064343163, 0.05630028522, 0.13404828098, 0.59785518709, 0.0053619304176],
    [0.12732091398, 0.11936343995, 0.12732097603, 0.61803710993, 0.0079575601113],
    [0.060558998325, 0.16459627104, 0.14130436787, 0.62732917752, 0.0062111852492],
    [0.047511312623, 0.11651580907, 0.19343893606, 0.63235293789, 0.010181004357],
    [0.060209422007, 0.086387398918, 0.19458987767, 0.6439790938, 0.014834207606],
    [0.058740603099, 0.088345875463, 0.16494359994, 0.66447367809, 0.023496243406],
    [0.061406024894, 0.092682934872, 0.15294116395, 0.65652798056, 0.036441895727],
    [0.053231960456, 0.08269961294, 0.14733841636, 0.63878326676, 0.077946743487]
  ],
  "iterations": 1,
  "time": 0.033599,
  "message": "Converged",
  "status": 0,
  "miniter": 0,
  "maxiter": 1000,
  "maxtime": 3600,
  "param_threshold": 0.001,
  "ll_threshold": "-Inf",
  "initial_prob": "group_proportional",
  "candidates_id": ["Scott Burnett.c", "Mark Graham Jones.c", "Valerie Anne Simpson.c", "Tavish Hamilton Scott.c", "Other candidates votes.c"],
  "group_id": ["Christian Party \"Proclaiming Christ's Lordship\".p", "Uncertain or Blank.p", "Scottish Green Party.p", "Conservative and Unionist Party [The].p", "Labour Party [The].p", "Scottish National Party.p", "Liberal Democrats.p", "Other parties votes.p"]
}
