{
  "Z_true": {},
  "V_true": [
    [232, 128, 399, 248, 99],
    [1023, 42, 198, 366, 43],
    [84, 4261, 656, 729, 348],
    [74, 79, 8024, 739, 247],
    [28, 21, 156, 10199, 146],
    [190, 404, 621, 1106, 405]
  ],
  "p_true": [
    [0.2098, 0.1157, 0.3608, 0.2242, 0.0895],
    [0.6118, 0.0251, 0.1184, 0.2189, 0.0257],
    [0.0138, 0.7011, 0.1079, 0.1199, 0.0573],
    [0.0081, 0.0086, 0.8757, 0.0807, 0.027],
    [0.0027, 0.002, 0.0148, 0.9667, 0.0138],
    [0.0697, 0.1482, 0.2278, 0.4057, 0.1486]
  ],
  "Z_est": {},
  "V_est": [
    [0, 0, 311.5348, 794.4652, 0],
    [1226.8102, 0, 0, 445.1898, 0],
    [10.4245, 4935, 247.7956, 158.9158, 725.8641],
    [0, 0, 9059.0483, 103.9517, 0],
    [251.1255, 0, 87.3081, 10211.5664, 0],
    [142.6398, 0, 348.3132, 1672.911, 562.1359]
  ],
  "p_est": [
    [0, 0, 0.2817, 0.7183, 0],
    [0.7337, 0, 0, 0.2663, 0],
    [0.0017, 0.8119, 0.0408, 0.0261, 0.1194],
    [0, 0, 0.9887, 0.0113, 0],
    [0.0238, 0, 0.0083, 0.9679, 0],
    [0.0523, 0, 0.1278, 0.6137, 0.2062]
  ],
  "EI_Z": {},
  "EI_V": 12.3857,
  "MAE_Z": {},
  "MAE_V": 258.4078,
  "MAE_p": 0.0825,
  "runtime": 0.0357
}
