{
  "Z_true": {},
  "V_true": [
    [20, 424, 523, 579],
    [866, 2035, 180, 58],
    [222, 6244, 100, 151],
    [241, 3844, 15984, 477],
    [93, 1854, 303, 753],
    [64, 356, 173, 168]
  ],
  "p_true": [
    [0.0129, 0.2743, 0.3383, 0.3745],
    [0.2759, 0.6483, 0.0573, 0.0185],
    [0.0331, 0.9296, 0.0149, 0.0225],
    [0.0117, 0.1871, 0.778, 0.0232],
    [0.031, 0.6174, 0.1009, 0.2507],
    [0.0841, 0.4678, 0.2273, 0.2208]
  ],
  "Z_est": [
    [
      [0, 0.4112, 0.5619, 0.028, 0.2183, 0.0341, 0.0175, 0.1185, 0.2603, 0.2884, 0.4186, 0.2722, 0.3415, 0.4901, 0, 0, 0, 0.2786, 0.0129, 1.8583, 0.6897, 0.0064, 0, 0.0796, 0.0165, 0, 0.2704, 0.2998, 1.0181, 1.0918, 0.2739, 0.7959, 0.0668, 0.0923, 0.0405, 0.101, 0.4867, 0.0865, 0.0777, 0.337, 0.294, 0.349, 0, 4.1735, 0.2722, 1.2987, 0.0435],
      [0, 2.6877, 5.7603, 0.1752, 1.5924, 0.5031, 0.1122, 2.0315, 2.7865, 2.0442, 2.6861, 4.5864, 7.108, 8.7741, 0, 0, 0, 3.0571, 0.1045, 12.9654, 6.5806, 0.1541, 0, 0.1504, 0.394, 0, 3.5072, 6.8312, 9.5982, 11.8523, 3.6912, 9.4342, 1.1534, 0.2861, 1.0414, 1.4609, 4.7059, 1.0688, 0.8512, 3.3711, 2.787, 4.818, 0.1007, 53.907, 2.4986, 8.0949, 0.433],
      [0, 12.3287, 25.9198, 1.0913, 9.9037, 0.8536, 0.5364, 11.9463, 11.2565, 8.0649, 10.7457, 8.9366, 10.8368, 16.4433, 0, 0, 0, 17.3255, 0.4234, 53.6987, 21.4696, 0.6948, 0, 0.3828, 1.3684, 0, 16.693, 20.2988, 33.3222, 36.1792, 12.7603, 29.2346, 3.7871, 0.6216, 6.074, 8.0856, 18.8928, 3.1512, 4.9446, 7.7292, 10.6949, 14.4793, 0.0579, 213.827, 11.27, 31.5724, 2.2919],
      [0, 7.5724, 20.7581, 0.7055, 6.2856, 1.6091, 0.3339, 5.9037, 8.6967, 2.6024, 12.1497, 11.2047, 10.7138, 16.2925, 0, 0, 0, 8.3388, 0.4592, 45.4776, 16.2601, 1.1446, 0, 0.3873, 1.2211, 0, 7.5294, 19.5702, 42.0615, 42.8767, 15.2745, 24.5353, 6.9927, 0, 1.8441, 3.3524, 9.9145, 4.6935, 5.1266, 5.5627, 13.2242, 17.3538, 0.8414, 171.0925, 9.9592, 41.034, 1.2316]
    ],
    [
      [0.3255, 24.159, 31.4485, 3.7044, 15.1206, 3.1446, 1.978, 12.3792, 30.4236, 13.076, 22.4134, 28.4127, 25.6196, 43.1029, 0, 2.8282, 0.7653, 25.612, 2.5542, 89.5989, 47.5324, 1.8044, 6.7833, 2.811, 2.2634, 0, 17.9539, 22.9823, 43.0226, 53.7296, 21.211, 18.2092, 2.4489, 0.7689, 1.5582, 6.1832, 22.0759, 12.0696, 4.9135, 30.02, 19.1123, 41.2623, 0, 236.6875, 29.1334, 128.07, 23.6757],
      [0.1616, 15.2077, 31.6854, 1.7907, 10.6684, 4.4695, 0.6758, 20.5713, 31.9187, 9.1104, 13.7768, 47.2238, 52.7652, 76.4992, 1.4638, 0.1167, 1.5923, 27.643, 1.528, 60.9073, 44.5153, 4.0727, 0.7204, 0.1371, 5.1314, 0, 22.8299, 50.8846, 39.9239, 57.6032, 28.0242, 21.1227, 4.0631, 1.8786, 3.7469, 8.6592, 20.7618, 14.5273, 5.3679, 29.459, 17.7137, 56.1441, 0, 302.4227, 26.1847, 78.4979, 22.9512],
      [0.5129, 7.7814, 15.9134, 1.2192, 7.3972, 0.8247, 0.2808, 13.4791, 14.3544, 3.8136, 6.1431, 10.3521, 9.2118, 16.2681, 0.3131, 0.0157, 0.9647, 17.4997, 0.6524, 28.1914, 16.2025, 1.9973, 0.4963, 0.0183, 1.9511, 0, 12.1176, 16.8348, 15.4927, 19.6356, 10.7946, 7.2928, 1.4826, 0.3524, 2.4138, 5.3113, 9.2914, 4.7445, 3.404, 7.5948, 7.5771, 18.847, 0, 134.075, 13.1743, 34.3025, 13.5675],
      [0, 1.8518, 4.9528, 0.2857, 1.8139, 0.5612, 0.0654, 2.5704, 4.3032, 0, 2.6667, 5.0114, 3.4034, 6.1297, 0.2231, 0.0395, 0.6777, 3.2453, 0.2654, 9.3023, 4.7498, 1.1256, 0, 0.0336, 0.6542, 0, 2.0987, 6.2983, 7.5608, 9.0317, 4.9702, 2.3753, 1.0054, 0, 0.2811, 0.8463, 1.8708, 2.6586, 1.3146, 1.9262, 3.5968, 8.7466, 0, 41.8147, 4.5076, 17.1296, 2.8056]
    ],
    [
      [0, 0.4528, 0.5694, 0.0396, 0.1891, 0.06, 0.0025, 0.0535, 0.1091, 0.6104, 0.1474, 0.6288, 0.5049, 0.6196, 0, 0.0258, 0.0259, 0.1226, 0.0151, 0.6146, 0.5044, 0, 0.1509, 0.0099, 0.0117, 0, 0.1766, 0, 0.5804, 0.7035, 0.1575, 0.2684, 0.0763, 0.0075, 0.014, 0.0613, 0.1587, 0.0891, 0.0292, 0.224, 0.186, 0.3821, 0, 3.0262, 0.3663, 1.0801, 0.1368],
      [0, 148.9741, 248.9842, 11.4171, 59.2746, 12.0557, 2.7656, 47.2663, 50.6721, 38.6597, 43.3097, 318.409, 254.181, 320.1304, 3.502, 4.6343, 9.6981, 57.3123, 8.0864, 219.6406, 220.3328, 8.5828, 5.4861, 3.7722, 21.9719, 0.8695, 94.0766, 188.4704, 231.5878, 320.6443, 92.2597, 132.6945, 32.4714, 0.9762, 19.1298, 35.2784, 66.2925, 37.7335, 11.9703, 79.4192, 72.4039, 230.3457, 0, 1808.3048, 139.2301, 328.4235, 51.1411],
      [0, 7.7805, 12.6645, 0.7731, 4.2096, 0.2322, 0.1186, 3.1447, 2.2843, 1.7299, 1.9418, 8.2261, 6.5247, 8.3339, 0.1039, 0.0681, 0.586, 3.6739, 0.306, 10.2949, 8.0846, 0.4182, 0.363, 0.0616, 0.8084, 0.0941, 5.0698, 6.4149, 9.0767, 11.0447, 3.571, 4.6167, 1.1929, 0.0163, 1.2531, 2.1955, 2.9891, 1.2299, 0.7598, 2.1821, 3.1175, 7.8459, 0, 80.8035, 7.0889, 14.6492, 3.0468],
      [0, 7.7925, 16.7819, 0.7703, 4.3267, 0.6522, 0.1134, 2.5356, 2.9345, 0, 3.6012, 14.7362, 6.7894, 10.916, 0.394, 0.2718, 1.69, 2.8913, 0.5925, 14.4499, 10.0782, 0.999, 0, 0.1563, 1.2081, 0.0364, 3.677, 10.1147, 18.7551, 21.6075, 7.0118, 6.4204, 3.2594, 0, 0.6031, 1.4649, 2.5597, 2.9474, 1.2407, 2.1746, 6.2925, 15.4263, 0, 107.8655, 10.3148, 30.8472, 2.6753]
    ],
    [
      [0, 1.7567, 3.4063, 0.2227, 1.9861, 0.2681, 0, 0.1801, 1.4469, 0, 2.1568, 2.444, 3.3797, 3.8314, 0, 0.2343, 0.2061, 1.9852, 0.0543, 3.2068, 2.5605, 0, 0, 0.0874, 0.0517, 0, 1.4526, 0, 3.6396, 4.0227, 0.999, 2.0998, 0.2585, 0.1175, 0.0073, 0.5429, 1.9253, 0.5661, 0.3723, 1.2041, 1.5287, 2.3128, 0, 16.4452, 1.7044, 6.595, 0.857],
      [0, 74.6025, 175.8087, 7.1766, 61.4027, 9.1325, 2.6469, 55.7496, 77.5921, 40.7478, 87.657, 179.3893, 241.612, 265.7176, 0.4246, 3.3895, 5.9889, 88.5842, 3.3352, 159.2306, 138.1825, 7.2035, 5.4924, 2.2314, 16.4803, 0.3038, 84.2777, 178.9773, 176.9944, 224.9259, 71.6161, 123.5163, 15.4916, 1.9165, 26.9511, 29.9209, 93.4444, 28.8083, 11.2923, 55.4523, 68.3994, 171.0933, 0.1301, 1240.1215, 76.6271, 267.7369, 32.2274],
      [11, 312.1585, 722.6984, 44.6465, 378.5199, 14.8529, 11.9597, 309.4315, 284.4984, 143.2522, 317.8052, 325.1026, 356.8298, 469.5473, 1.4908, 6.8648, 30.1602, 475.7023, 13.1316, 598.8957, 407.3158, 29.1369, 31.5076, 5.4282, 52.1593, 9.5558, 363.9669, 484.2918, 553.5381, 621.9027, 223.4979, 347.4205, 45.9137, 3.966, 146.9679, 153.4825, 337.7577, 77.1825, 61.9587, 115.4426, 236.9444, 466.5956, 0.8699, 4451.3259, 315.9669, 941.1147, 158.8411],
      [0, 4.4823, 14.0866, 0.9542, 6.0913, 0.7465, 0.3933, 3.6387, 5.4627, 0, 8.381, 10.0641, 6.1785, 9.9037, 0.0846, 0.5114, 0.6448, 4.7284, 0.4789, 12.667, 6.9412, 0.6596, 0, 0.2529, 1.3086, 0.1404, 2.3027, 11.7309, 14.8279, 17.1486, 5.887, 6.9633, 1.3363, 0, 0.0737, 1.0537, 2.8726, 2.4431, 1.3767, 0.901, 6.1274, 12.9982, 0, 86.1073, 6.7016, 25.5535, 2.0745]
    ],
    [
      [0.1198, 0.1708, 0.2179, 0.0053, 0.0825, 0.0089, 0.0021, 0.0232, 0.1078, 0.5076, 0.0614, 0.1892, 0.1441, 0.2133, 0, 0.0121, 0.0028, 0.0467, 0.0087, 0.3238, 0.1223, 0.0019, 0.2613, 0.012, 0.0035, 0, 0.0599, 0.0457, 0.2564, 0.256, 0.0577, 0.1172, 0.009, 0.0137, 0.0048, 0.0199, 0.0664, 0.0355, 0.0093, 0.0768, 0.0802, 0.1784, 0, 1.3237, 0.1222, 0.4114, 0.0286],
      [1.697, 49.228, 91.8137, 1.4403, 24.8087, 3.3258, 0.7994, 17.8872, 47.0202, 14.2368, 16.7658, 111.9193, 94.3557, 128.9402, 1.6096, 0.8238, 1.7206, 21.098, 3.7783, 102.7039, 49.2344, 4.6791, 3.169, 1.7089, 3.9516, 0.6855, 31.5622, 65.6171, 98.5384, 113.5347, 32.2567, 56.4511, 5.6445, 0.9426, 5.4871, 11.5696, 26.5649, 15.8534, 4.0371, 29.248, 30.4749, 102.1982, 0.6896, 730.7902, 45.5973, 111.9564, 11.363],
      [2.1832, 7.1051, 13.0168, 0.27, 4.8472, 0.1684, 0.1044, 3.2965, 5.9557, 1.7603, 2.106, 7.0501, 4.8608, 7.9036, 0.0922, 0.0468, 0.2892, 3.753, 0.4353, 13.4073, 5.0538, 0.6432, 0.5697, 0.1091, 0.4196, 0.2202, 4.723, 6.1531, 10.7949, 10.9226, 3.502, 5.4959, 0.5773, 0.0437, 0.993, 1.9942, 3.3508, 1.4545, 0.7134, 2.1194, 3.6742, 9.6871, 0.0494, 91.4711, 6.4651, 13.8121, 1.8791],
      [0, 7.4961, 17.9516, 0.2844, 5.2616, 0.4969, 0.094, 2.7931, 7.9164, 0.4953, 4.0668, 14.8413, 7.6394, 12.9428, 0.2982, 0.1172, 0.9875, 3.1024, 0.7777, 19.565, 6.5895, 1.6758, 0, 0.17, 0.6252, 0.0943, 3.6549, 10.1841, 23.4102, 22.2868, 7.1836, 7.9358, 1.7691, 0, 0.5151, 1.4164, 3.0179, 3.6567, 1.2401, 2.5558, 7.7706, 19.9364, 0.2609, 126.415, 9.8155, 30.8201, 1.7294]
    ],
    [
      [0.5547, 5.0495, 6.7961, 0, 4.4033, 0.4843, 0, 1.2454, 2.6522, 2.5175, 1.8025, 7.0531, 4.0102, 7.7427, 0, 0.8996, 0, 2.955, 0.3547, 15.3976, 10.5907, 0.1873, 1.8045, 0, 0.6533, 0, 4.0865, 2.6722, 9.4828, 12.1965, 3.3009, 4.5095, 0.1405, 0, 0.3751, 2.0917, 3.2869, 1.153, 0.598, 7.1381, 4.7988, 6.5154, 0, 49.3439, 4.4014, 25.5448, 1.2585],
      [0.1414, 2.3, 4.9477, 0, 2.2532, 0.5134, 0, 1.4941, 2.0105, 1.201, 0.8047, 8.4722, 5.9781, 9.9385, 0, 0.0357, 0, 2.3055, 0.1676, 7.5522, 7.1544, 0.3078, 0.1322, 0, 1.0707, 0.1413, 3.7464, 4.2194, 6.3573, 9.4396, 3.1521, 3.7812, 0.176, 0, 0.6437, 2.111, 2.2304, 1.0088, 0.4811, 5.0504, 3.221, 6.4006, 0.0795, 45.4538, 2.8622, 11.2905, 0.8843],
      [0.3039, 0.8457, 1.7872, 0, 1.1224, 0.0681, 0, 0.7019, 0.6507, 0.3792, 0.2582, 1.3325, 0.7361, 1.5037, 0, 0.0046, 0, 1.0456, 0.0515, 2.512, 1.8737, 0.1095, 0.0633, 0, 0.2932, 0.1298, 1.4298, 1.0067, 1.7755, 2.3152, 0.8742, 0.9395, 0.0464, 0, 0.2983, 0.9309, 0.7182, 0.2374, 0.2194, 0.9319, 0.9918, 1.5452, 0.0228, 14.4974, 1.035, 3.549, 0.3736],
      [0, 3.8048, 10.4691, 0, 5.221, 0.9342, 0, 2.5586, 3.6866, 0.9023, 2.1347, 12.1422, 5.2756, 10.8152, 0, 0.0601, 0, 3.6939, 0.4262, 15.5381, 10.3812, 1.3954, 0, 0, 1.9828, 0.7289, 4.7373, 7.1018, 16.3845, 20.0487, 7.6729, 5.7698, 0.6371, 0, 0.6829, 2.8663, 2.7645, 2.6008, 1.7014, 4.8797, 8.9884, 13.5387, 0.8977, 84.7049, 6.7014, 33.6157, 1.4836]
    ]
  ],
  "V_est": [
    [17.8719, 195.7458, 710.1944, 622.1878],
    [1172.9492, 1277.1192, 514.1606, 174.771],
    [13.1922, 6092.8421, 250.9907, 359.975],
    [76.1162, 4690.0031, 15472.6, 307.2807],
    [5.8218, 2329.7783, 265.5431, 401.8568],
    [220.0487, 171.5115, 49.5111, 319.9286]
  ],
  "p_est": [
    [0.0116, 0.1266, 0.4594, 0.4025],
    [0.3737, 0.4069, 0.1638, 0.0557],
    [0.002, 0.9071, 0.0374, 0.0536],
    [0.0037, 0.2283, 0.7531, 0.015],
    [0.0019, 0.7758, 0.0884, 0.1338],
    [0.2892, 0.2254, 0.0651, 0.4204]
  ],
  "EI_Z": {},
  "EI_V": 8.3389,
  "MAE_Z": {},
  "MAE_V": 248.1656,
  "MAE_p": 0.0874,
  "runtime": 0.017
}
