{
  "Z_true": {},
  "V_true": [
    [9, 555, 42, 1244, 82],
    [133, 864, 134, 16851, 694],
    [348, 135, 7769, 1113, 418],
    [107, 66, 526, 600, 378],
    [503, 21, 272, 324, 49],
    [105, 57, 253, 837, 702]
  ],
  "p_true": [
    [0.0047, 0.2873, 0.0217, 0.6439, 0.0424],
    [0.0071, 0.0463, 0.0072, 0.9023, 0.0372],
    [0.0356, 0.0138, 0.7941, 0.1138, 0.0427],
    [0.0638, 0.0394, 0.3137, 0.3578, 0.2254],
    [0.4303, 0.018, 0.2327, 0.2772, 0.0419],
    [0.0537, 0.0292, 0.1295, 0.4284, 0.3593]
  ],
  "Z_est": [
    [
      [2, 4, 2, 3, 3, 2, 2, 3, 4, 3, 2, 2, 3, 4, 1.0931, 0, 0.5745, 4, 3, 4, 1.9996, 2, 2, 2, 2, 3, 6, 3, 3, 5, 3, 5, 0.2652, 5, 4, 2, 1.9984, 2, 6, 4, 3, 3, 3, 3, 2, 5, 0.9966, 8, 3],
      [1, 1, 1.9306e-22, 1, 1.3336e-18, 5.5858e-11, 1, 1, 2.987e-21, 1, 4.9483e-20, 2.0068e-13, 2.5511e-13, 1, 0.7765, 0.6199, 1.2927, 1, 9.1944e-11, 1, 0.9999, 4.726e-11, 1, 1, 1, 1.6571e-07, 13, 2, 1, 3, 3, 6, 0.0236, 1, 1, 1, 0.0004, 1.2932e-15, 23, 9, 8.2603e-11, 7.6835e-15, 2.6793e-12, 2.2756e-14, 8.7496e-11, 3, 0.9966, 13, 5],
      [2, 7, 2, 7, 8, 3, 6, 9, 7, 23, 7, 3, 4, 13, 1.2032, 0.7536, 2.4736, 8, 5, 12, 3.0005, 2, 2, 2, 2, 7, 30, 8, 6, 15, 9, 17, 1.6974, 18, 16, 5, 3.9961, 6, 60, 10, 6, 3, 3, 2, 1, 30, 1.9966, 39, 9],
      [22, 31, 15, 20, 14, 12, 27, 16, 12, 32, 12, 10, 5, 21, 3.6402, 2.4991, 5.2089, 20, 11, 22, 6.9998, 9, 9, 14, 13, 6, 107, 25, 12, 38, 32, 51, 0.9971, 38, 25, 11, 9.0026, 11, 135, 41, 7, 11, 12, 10, 4, 61, 8.0033, 92, 19],
      [2, 2, 1, 2, 1, 1, 3, 2, 1, 3, 1, 1, 5.1602e-13, 2, 0.287, 0.1274, 0.4502, 1, 5.8938e-07, 2, 0.0002, 1, 1, 1, 1, 1, 10, 2, 1, 4, 3, 5, 0.0167, 4, 2, 1, 1.0025, 1, 14, 3, 9.0521e-11, 1, 1, 1, 3.2507e-10, 5, 0.0069, 14, 1]
    ],
    [
      [14, 19, 8, 20, 23, 6, 18, 11, 27, 20, 13, 9, 4, 35, 2.3514, 0, 0.1178, 16, 5, 19, 1.0002, 7, 6, 10, 1, 3, 30, 11, 8, 20, 11, 15, 0.0297, 42, 31, 3, 1.0001, 5, 19, 11, 7, 11, 12, 8, 7, 35, 0, 51, 3],
      [25, 12, 12, 22, 9, 9, 23, 12, 13, 17, 8, 6, 8, 20, 8.1005, 2.1939, 1.0986, 20, 8, 12, 8.9991, 7, 12, 16, 10, 7, 92, 31, 9, 31, 27, 34, 0.826, 34, 22, 10, 3.9979, 14, 96, 38, 6, 10, 11, 14, 4, 37, 6.0033, 102, 18],
      [66, 80, 44, 119, 152, 46, 96, 72, 138, 270, 121, 57, 74, 242, 8.4768, 4.9899, 2.6134, 88, 42, 92, 37.9998, 32, 24, 34, 28, 45, 207, 98, 50, 113, 74, 85, 21.7726, 315, 232, 63, 27.9971, 81, 250, 41, 52, 47, 38, 35, 68, 295, 36.0034, 301, 26],
      [500, 339, 332, 300, 265, 167, 431, 126, 224, 375, 201, 150, 85, 394, 25.8012, 17.1546, 5.6651, 221, 88, 176, 81.0016, 146, 101, 183, 121, 36, 730, 304, 94, 286, 259, 245, 16.2276, 651, 366, 123, 53.006, 147, 559, 166, 62, 151, 161, 153, 186, 592, 120.9899, 706, 57],
      [51, 30, 24, 33, 20, 20, 53, 19, 29, 35, 22, 17, 12, 45, 2.2702, 2.6617, 0.5051, 17, 7, 17, 7.9993, 22, 15, 18, 14, 8, 70, 35, 9, 35, 29, 26, 4.1441, 71, 29, 13, 5.999, 16, 60, 12, 7, 19, 16, 19, 29, 51, 13.0034, 113, 3]
    ],
    [
      [2, 5, 1, 9, 16, 2, 3, 5, 19, 17, 8, 3, 4, 28, 1.3153, 0, 0.2608, 8, 2, 11, 0.0001, 1, 1, 2, 2.5786e-11, 5, 10, 3, 4, 11, 4, 7, 1.5511, 25, 23, 1, 1.0012, 3, 10, 3, 6, 4, 3, 1, 2, 19, 0, 24, 2],
      [3, 3, 3, 10, 8, 4, 8, 10, 8, 17, 8, 5, 6, 16, 2.3921, 1.0184, 1.2792, 9, 5, 8, 2.0004, 4, 5, 4, 2, 9, 33, 11, 6, 16, 9, 17, 0.1486, 21, 17, 4, 2.0014, 8, 57, 14, 7, 5, 4, 4, 1, 23, 1.0001, 52, 11],
      [12, 25, 7, 62, 116, 16, 23, 44, 103, 253, 91, 26, 82, 194, 5.4272, 2.9637, 4.8173, 45, 27, 62, 18.9995, 8, 8, 7, 9, 68, 72, 36, 33, 64, 29, 46, 47.9223, 191, 176, 39, 21.0028, 47, 143, 14, 50, 20, 11, 9, 28, 173, 12.9897, 152, 17],
      [80, 98, 55, 149, 200, 58, 104, 76, 163, 351, 151, 68, 91, 315, 10.2831, 7.1382, 7.8706, 109, 54, 116, 36.9993, 36, 33, 38, 33, 54, 253, 107, 61, 157, 93, 129, 30.9612, 393, 278, 71, 37.9972, 85, 321, 55, 60, 62, 45, 35, 74, 346, 42.0103, 354, 35],
      [8, 8, 4, 16, 15, 7, 12, 11, 21, 33, 16, 7, 13, 36, 0.5824, 0.8796, 0.7721, 8, 4, 11, 3.0008, 5, 5, 3, 4, 12, 24, 12, 6, 19, 10, 14, 6.4168, 43, 22, 8, 3.9974, 9, 34, 4, 7, 8, 4, 4, 11, 30, 4, 57, 1]
    ],
    [
      [1, 1, 3.8227e-22, 1, 2, 9.8002e-12, 1, 8.7598e-17, 2, 1, 1, 1.4661e-13, 1.2189e-12, 2, 0.1894, 0, 0.0215, 1.2091e-16, 1.9651e-07, 1, 0.0001, 3.8824e-11, 6.5033e-10, 2.0277e-14, 3.1275e-08, 6.7181e-09, 3, 1, 2.2767e-11, 1, 2.2372e-18, 1, 0.1447, 3, 2, 5.5211e-09, 0, 1.4502e-15, 1, 1.4069e-12, 2.522e-11, 1, 1, 1.2576e-12, 1.7065e-11, 3, 8.9485e-09, 3, 8.1127e-08],
      [1, 5.8361e-27, 1.3929e-24, 1, 1.3336e-18, 3.1107e-11, 1, 1, 1, 1, 4.7969e-22, 4.6542e-14, 3.3366e-13, 1, 0.3189, 0.0769, 0.1552, 1, 1.9646e-07, 1.6913e-17, 0.0001, 2.1414e-11, 1, 1, 1, 1, 9, 2, 1, 2, 2, 4, 0.0003, 2, 1, 1.4447e-07, 0, 1, 9, 2, 8.8523e-12, 2.9552e-14, 3.7006e-13, 1, 4.6961e-10, 3, 1.6743e-06, 7, 1.0876e-07],
      [6, 7, 3, 10, 18, 7, 8, 10, 14, 31, 17, 8, 7, 22, 0.6933, 0.9502, 0.6334, 5, 5, 8, 4.0002, 4, 4, 6, 4, 12, 23, 9, 8, 12, 6, 12, 3.0181, 28, 18, 4, 2.0043, 8, 23, 4, 10, 6, 5, 4, 5, 28, 2.0137, 24, 2],
      [39, 27, 16, 29, 29, 16, 31, 13, 23, 40, 25, 13, 10, 33, 2.6682, 2.792, 1.0917, 14, 9, 13, 10.9995, 11, 9, 18, 16, 8, 76, 29, 13, 26, 23, 33, 3.2471, 55, 25, 10, 4.9956, 12, 49, 11, 9, 16, 17, 18, 16, 53, 8.9864, 55, 3],
      [3, 2, 1, 3, 2, 2, 3, 1, 2, 3, 2, 1, 1, 3, 0.1303, 0.181, 0.0981, 1, 4.3249e-12, 1, 1.0001, 1, 1, 1, 1, 1, 7, 3, 1, 3, 2, 3, 0.5899, 6, 2, 3.04e-07, 0.0001, 1, 5, 4.2727e-17, 1, 1, 1, 2, 2, 4, 1, 8, 1.1498e-08]
    ],
    [
      [3.4811e-17, 6.7719e-19, 5.7357e-22, 1, 1, 1.4099e-11, 1.7349e-36, 4.8397e-18, 3, 1, 1.236e-19, 2.3379e-13, 4.1208e-14, 3, 0, 0, 0, 1, 1.9645e-07, 2, 5.8572e-06, 9.2245e-13, 2.2692e-10, 4.2678e-15, 3.0461e-08, 1.6375e-10, 1, 1.6104e-25, 2.4557e-11, 1, 1.6578e-15, 2.4602e-21, 0.0077, 1, 2, 5.6673e-09, 6.1367e-07, 4.3008e-16, 1.1075e-54, 2.1097e-12, 7.4686e-11, 1, 1.942e-12, 1.5098e-14, 3.1791e-14, 2, 0.0034, 2, 5.8621e-08],
      [3.5464e-29, 5.9412e-28, 3.8135e-22, 1, 2.6672e-18, 1.0531e-11, 2.1473e-36, 1.4119e-16, 1, 1, 2.4705e-20, 2.9822e-13, 5.5895e-13, 2, 0, 0.0355, 0, 1, 6.7202e-11, 1, 0, 1.8663e-11, 9.0581e-10, 7.8729e-15, 6.1904e-06, 1.3724e-07, 3, 1, 5.1793e-11, 2, 4.6039e-30, 1, 0.0009, 1, 1, 2.0866e-10, 8.6766e-07, 9.9975e-10, 4, 2, 3.263e-11, 7.6067e-15, 2.1243e-12, 6.311e-13, 1.691e-11, 2, 0, 5, 2],
      [2, 3, 1, 7, 13, 2, 3, 4, 17, 23, 7, 5, 4, 26, 0, 0.1922, 0, 5, 5, 12, 1.0003, 2, 1, 1, 1.6827e-08, 4, 10, 5, 3, 8, 2, 4, 3.0528, 13, 19, 3, 0.0018, 4, 13, 3, 6, 5, 1, 1, 1, 22, 0, 16, 3],
      [17, 15, 9, 18, 25, 8, 16, 10, 29, 33, 15, 17, 6, 45, 0, 0.7251, 0, 16, 11, 25, 3.0001, 13, 7, 11, 5, 5, 32, 17, 9, 25, 8, 12, 4.6477, 31, 32, 8, 0.9985, 10, 30, 15, 9, 19, 10, 8, 4, 47, 2, 40, 9],
      [3, 2, 5.7193e-22, 3, 2, 5.4309e-09, 3, 1, 4, 3, 2, 1, 1, 5, 0, 0.0472, 0, 1, 2, 2, 1.9995, 1, 8.7989e-10, 1, 6.1813e-06, 1, 3, 2, 2.2994e-11, 2, 2, 2, 0.2909, 3, 2, 2, 0.9997, 9.9975e-10, 3, 2.1107e-12, 2, 3, 2.4913e-12, 8.5176e-10, 1, 3, 1.9965, 7, 1.3745e-08]
    ],
    [
      [1, 2, 1.6976e-24, 2, 2, 1.1284e-09, 1, 2.2975e-18, 2, 2, 1, 1, 1.9023e-13, 3, 0.0509, 0, 0.0254, 1, 1.9645e-07, 1, 6.2566e-06, 7.4899e-11, 1.1383e-10, 1, 6.1984e-06, 1.4404e-08, 2, 1, 1.6339e-11, 2, 1, 1, 0.0016, 3, 2, 1.4015e-10, 0.0003, 4.9987e-09, 1, 4.6862e-16, 5.0626e-11, 2, 1, 1, 3.0704e-10, 3, 9.1397e-07, 4, 2.4128e-08],
      [2, 1, 1.9273e-24, 2, 2.8304e-27, 2.4435e-11, 2, 1.396e-17, 1, 2, 4.4005e-22, 2.9786e-13, 4.051e-13, 1, 0.412, 0.0554, 0.1743, 1, 5.8938e-07, 1, 0.0005, 1.1055e-12, 7.4407e-10, 1, 6.3418e-06, 1.8231e-08, 8, 3, 3.2115e-11, 3, 3, 2, 0.0006, 2, 1, 1.8726e-10, 0.0003, 1, 9, 2, 4.7401e-13, 1, 1.8695e-13, 1, 5.2827e-10, 4, 0, 8, 1],
      [6, 9, 4, 13, 14, 5, 10, 5, 13, 40, 12, 9, 7, 22, 0.1995, 0.1505, 0.4622, 7, 6, 9, 2.9997, 4, 1, 3, 2, 6, 20, 13, 4, 12, 8, 8, 2.5368, 25, 21, 4, 3.9979, 8, 25, 2, 4, 8, 4, 5, 8, 33, 2.9966, 26, 2],
      [46, 41, 30, 32, 26, 20, 45, 10, 22, 56, 21, 25, 8, 36, 1.6074, 0.691, 1.1636, 18, 12, 19, 6.9997, 20, 8, 19, 12, 5, 73, 40, 7, 31, 30, 23, 1.9194, 52, 35, 8, 8.0001, 16, 56, 10, 5, 27, 16, 22, 23, 68, 10.0101, 62, 6],
      [6, 5, 4, 5, 4, 4, 7, 4, 5, 8, 4, 5, 3, 6, 0.7302, 0.1032, 0.1745, 3, 3, 4, 2.0002, 6, 3, 4, 4, 4, 8, 7, 3, 6, 5, 4, 0.5416, 7, 5, 2, 2.0013, 4, 8, 3, 2, 5, 4, 5, 6, 8, 1.9932, 12, 2]
    ]
  ],
  "V_est": [
    [145.9274, 100.7096, 449.1211, 1131.3511, 104.8909],
    [638.4992, 959.2192, 4572.853, 11278.8459, 1226.5827],
    [321.1284, 484.8403, 2752.1225, 5619.2599, 605.6489],
    [33.3557, 58.5514, 468.313, 1025.7805, 90.9994],
    [22.0111, 31.0365, 293.2472, 742.3713, 80.3339],
    [44.0782, 63.643, 460.3432, 1171.3914, 214.5442]
  ],
  "p_est": [
    [0.0755, 0.0521, 0.2325, 0.5856, 0.0543],
    [0.0342, 0.0514, 0.2449, 0.6039, 0.0657],
    [0.0328, 0.0496, 0.2813, 0.5744, 0.0619],
    [0.0199, 0.0349, 0.2793, 0.6117, 0.0543],
    [0.0188, 0.0265, 0.2508, 0.6351, 0.0687],
    [0.0226, 0.0326, 0.2356, 0.5995, 0.1098]
  ],
  "EI_Z": {},
  "EI_V": 35.9126,
  "MAE_Z": {},
  "MAE_V": 842.5326,
  "MAE_p": 0.1369,
  "runtime": 0.4007
}
