{
  "X": [
    [11, 20, 6, 22, 41],
    [10, 22, 16, 19, 33],
    [13, 25, 8, 23, 31],
    [12, 24, 10, 13, 41],
    [19, 21, 16, 12, 32],
    [14, 33, 11, 10, 32],
    [14, 22, 11, 17, 36],
    [17, 24, 8, 17, 34],
    [22, 17, 13, 10, 38],
    [16, 19, 9, 22, 34],
    [16, 25, 11, 16, 32],
    [18, 24, 10, 19, 29],
    [21, 14, 10, 6, 49],
    [29, 12, 8, 15, 36],
    [25, 9, 14, 13, 39],
    [19, 20, 9, 11, 41],
    [20, 15, 4, 11, 50],
    [20, 14, 8, 13, 45],
    [24, 13, 5, 8, 50],
    [31, 5, 9, 9, 46],
    [31, 9, 8, 15, 37],
    [18, 13, 8, 14, 47],
    [27, 12, 9, 12, 40],
    [23, 8, 12, 8, 49],
    [24, 13, 8, 10, 45],
    [10, 8, 21, 31, 30],
    [9, 8, 19, 39, 25],
    [15, 11, 19, 30, 25],
    [16, 3, 15, 38, 28],
    [10, 8, 16, 38, 28],
    [13, 7, 11, 40, 29],
    [10, 6, 17, 37, 30],
    [8, 6, 15, 44, 27],
    [13, 6, 15, 33, 33],
    [14, 6, 16, 31, 33],
    [11, 9, 17, 34, 29],
    [5, 10, 24, 31, 30],
    [12, 10, 11, 27, 40],
    [21, 11, 18, 21, 29],
    [21, 4, 16, 21, 38],
    [18, 5, 18, 20, 39],
    [18, 5, 12, 18, 47],
    [26, 4, 18, 18, 34],
    [26, 5, 12, 19, 38],
    [21, 9, 15, 18, 37],
    [24, 8, 10, 14, 44],
    [21, 6, 15, 17, 41],
    [19, 12, 12, 12, 45],
    [24, 9, 12, 17, 38],
    [17, 10, 14, 19, 40]
  ],
  "W": [
    [60, 11, 11, 18],
    [52, 15, 20, 13],
    [62, 6, 17, 15],
    [52, 15, 12, 21],
    [62, 13, 8, 17],
    [66, 9, 5, 20],
    [64, 13, 10, 13],
    [69, 15, 9, 7],
    [65, 12, 12, 11],
    [63, 8, 19, 10],
    [69, 9, 11, 11],
    [72, 8, 15, 5],
    [32, 40, 10, 18],
    [14, 60, 15, 11],
    [12, 58, 14, 16],
    [23, 60, 10, 7],
    [20, 60, 13, 7],
    [18, 57, 10, 15],
    [11, 65, 10, 14],
    [10, 66, 10, 14],
    [8, 59, 17, 16],
    [18, 56, 15, 11],
    [11, 69, 10, 10],
    [13, 66, 9, 12],
    [11, 68, 10, 11],
    [17, 8, 59, 16],
    [12, 13, 64, 11],
    [14, 15, 59, 12],
    [7, 16, 66, 11],
    [14, 13, 62, 11],
    [8, 14, 70, 8],
    [22, 9, 52, 17],
    [7, 12, 70, 11],
    [10, 16, 63, 11],
    [4, 14, 69, 13],
    [11, 17, 63, 9],
    [11, 11, 67, 11],
    [19, 12, 34, 35],
    [9, 12, 12, 67],
    [10, 12, 12, 66],
    [9, 18, 9, 64],
    [16, 15, 11, 58],
    [11, 13, 15, 61],
    [8, 9, 8, 75],
    [16, 17, 17, 50],
    [8, 10, 17, 65],
    [14, 13, 12, 61],
    [12, 9, 12, 67],
    [12, 21, 11, 56],
    [12, 13, 14, 61]
  ],
  "method": "mult",
  "cond_prob": [
    [
      [0.090096971401, 0.30795216686, 0.048300490671, 0.16793685405, 0.38571351701],
      [0.2207653294, 0.088988931904, 0.027608711573, 0.04768971317, 0.61494731395],
      [0.02856869203, 0.024869129832, 0.10023712828, 0.62861482885, 0.217710221],
      [0.16672663295, 0.029760050401, 0.090257013358, 0.21569338303, 0.49756292027]
    ],
    [
      [0.082939407387, 0.36773748459, 0.11985074964, 0.1194453057, 0.31002705268],
      [0.22434335711, 0.11711652689, 0.075606260778, 0.037460230487, 0.54547362473],
      [0.028429912166, 0.032060353615, 0.26878569725, 0.48153406872, 0.18918996825],
      [0.15888909944, 0.036724759575, 0.23171823509, 0.1587264822, 0.41394142369]
    ],
    [
      [0.11719313351, 0.37304296291, 0.059493168399, 0.14765838717, 0.30261234801],
      [0.30143989269, 0.1130167735, 0.035655169852, 0.043989378265, 0.50589878569],
      [0.040713000766, 0.033032017658, 0.13526539744, 0.60377392524, 0.1872156589],
      [0.22986338246, 0.038185577586, 0.117689379, 0.20078657324, 0.41347508772]
    ],
    [
      [0.087713305123, 0.38837716461, 0.074896727931, 0.093115822052, 0.35589698029],
      [0.22292712088, 0.11634493333, 0.044436956829, 0.027446286806, 0.58884470215],
      [0.036419233536, 0.04099474023, 0.20343056045, 0.45617039536, 0.26298507043],
      [0.1766820912, 0.040808158828, 0.15238513299, 0.13022879097, 0.49989582601]
    ],
    [
      [0.15166759125, 0.31444662531, 0.13579477827, 0.10075385499, 0.29733715018],
      [0.35631976789, 0.087183240397, 0.074436019123, 0.027428167752, 0.45463280484],
      [0.053365237959, 0.028186203648, 0.31283076904, 0.41940692658, 0.18621086278],
      [0.26034664183, 0.028206348091, 0.23551104376, 0.12008588391, 0.35585008241]
    ],
    [
      [0.10576345647, 0.44436181927, 0.087377058532, 0.082772537532, 0.2797251282],
      [0.2856691882, 0.14169159993, 0.055059899034, 0.025895432443, 0.49168388039],
      [0.046597916823, 0.049905487379, 0.25205814409, 0.43207300782, 0.21936544389],
      [0.22514379791, 0.049455009493, 0.18791371141, 0.12235047217, 0.41513700901]
    ],
    [
      [0.11508645885, 0.31841897794, 0.093178958194, 0.13567889665, 0.33763670836],
      [0.28084967829, 0.091690570933, 0.053030990115, 0.03835991478, 0.53606884588],
      [0.038220425107, 0.026954234329, 0.2026561952, 0.53256520342, 0.19960394194],
      [0.20722164422, 0.029963564358, 0.16947582204, 0.16956848768, 0.42377048171]
    ],
    [
      [0.14148790792, 0.32421781881, 0.072199625027, 0.14277284177, 0.31932180648],
      [0.33619074077, 0.090951493827, 0.03999395935, 0.039285557712, 0.49357824834],
      [0.047867985722, 0.027984804697, 0.1601002507, 0.57172494438, 0.1923220145],
      [0.25582096897, 0.030659988936, 0.13191625869, 0.17918275703, 0.40242002638]
    ],
    [
      [0.1916634457, 0.24897079731, 0.11119324405, 0.077526698473, 0.37064581446],
      [0.38563984858, 0.059091832635, 0.052157663715, 0.018069595503, 0.48504105957],
      [0.074910950902, 0.024811401763, 0.28462738203, 0.35773829938, 0.25791196593],
      [0.3046838964, 0.020681883092, 0.1784927004, 0.085512069354, 0.41062945076]
    ],
    [
      [0.15280219868, 0.28755659598, 0.070469261494, 0.1426995119, 0.34647243194],
      [0.34358029508, 0.076147962972, 0.036905520047, 0.03715531016, 0.50621091174],
      [0.051214248515, 0.02457560142, 0.15462998836, 0.56275575155, 0.20682441016],
      [0.26385852758, 0.025916025937, 0.12271945627, 0.17079452031, 0.4167114699]
    ],
    [
      [0.13955632124, 0.34064475873, 0.091396924226, 0.12139753509, 0.30700446071],
      [0.3365148872, 0.096898087411, 0.051359538612, 0.033895251363, 0.48133223542],
      [0.049742766412, 0.030980274462, 0.2133924091, 0.51104129224, 0.19484325779],
      [0.25477376082, 0.032506895364, 0.16845127911, 0.15374199617, 0.39052606854]
    ],
    [
      [0.17210532046, 0.31948345439, 0.083414099436, 0.13358748301, 0.29140964271],
      [0.39659464887, 0.086785043519, 0.044748876043, 0.035623369435, 0.43624806214],
      [0.059458211147, 0.028187177645, 0.1888406327, 0.54419238688, 0.17932159162],
      [0.30273551188, 0.029369378273, 0.14803244671, 0.16288023331, 0.35698242982]
    ],
    [
      [0.13098716069, 0.31480915652, 0.092179393233, 0.057005913463, 0.40501837609],
      [0.28455977582, 0.080504682218, 0.046828519797, 0.014376082916, 0.57373093924],
      [0.059266773546, 0.036013120239, 0.27299513235, 0.30579721681, 0.32592775706],
      [0.23264075689, 0.029074061283, 0.16574457189, 0.070422970673, 0.50211763927]
    ],
    [
      [0.15634033765, 0.35905492653, 0.07652171333, 0.13784307414, 0.27023994835],
      [0.38258822104, 0.10291579307, 0.0438159602, 0.039191994394, 0.4314880313],
      [0.054629641373, 0.03147319803, 0.17511284674, 0.57087754715, 0.1679067667],
      [0.29109384719, 0.034524732026, 0.14440368902, 0.17861423203, 0.35136349973]
    ],
    [
      [0.13853792393, 0.29980917766, 0.13426754639, 0.12458942648, 0.30279592554],
      [0.33216115478, 0.084074022909, 0.075342260391, 0.034708712818, 0.4737138491],
      [0.044579716529, 0.024153794977, 0.28281066966, 0.47520745972, 0.17324835911],
      [0.23552651875, 0.026273215565, 0.23129645471, 0.14741673533, 0.35948707564]
    ],
    [
      [0.092858078607, 0.43419581962, 0.086543208739, 0.10895627057, 0.27744662247],
      [0.25950041337, 0.14272718562, 0.05656334, 0.035332057134, 0.50587700388],
      [0.036240409618, 0.042738317118, 0.22152392854, 0.50695734563, 0.1925399991],
      [0.19640166923, 0.047680789822, 0.1856877585, 0.1604559993, 0.40977378315]
    ],
    [
      [0.10690405523, 0.37752465588, 0.039875111478, 0.10655857964, 0.36913759777],
      [0.25835609896, 0.10717859145, 0.022540336177, 0.029902586202, 0.58202238722],
      [0.044810783439, 0.039850889699, 0.10955926227, 0.53064054551, 0.27513851908],
      [0.21430762388, 0.039231283919, 0.081055256999, 0.14868325934, 0.51672257587]
    ],
    [
      [0.10256192719, 0.36907930304, 0.075247650215, 0.13060908501, 0.32250203455],
      [0.26360248491, 0.11132048354, 0.045252961502, 0.038970704574, 0.54085336548],
      [0.036419753604, 0.032951373953, 0.17503373686, 0.55196780118, 0.2036273344],
      [0.19950006474, 0.037162454678, 0.14838194684, 0.1768779853, 0.43807754845]
    ],
    [
      [0.11721429856, 0.39789293621, 0.049417446152, 0.086354006615, 0.34912131246],
      [0.28364706256, 0.11269974262, 0.027987155941, 0.024256624156, 0.55140941473],
      [0.053487988912, 0.045468624885, 0.14778209733, 0.47001657533, 0.28324471353],
      [0.23830960103, 0.041726312797, 0.10191563232, 0.12228587737, 0.49576257648]
    ],
    [
      [0.18464884366, 0.19239179166, 0.10975586389, 0.12031042839, 0.3928930724],
      [0.36691157732, 0.044725314768, 0.051043042361, 0.027749897411, 0.50957016814],
      [0.059833403719, 0.015601050217, 0.23308207577, 0.46513589012, 0.22634758017],
      [0.27802956948, 0.014932695253, 0.16764948984, 0.12618412258, 0.41320412285]
    ],
    [
      [0.1713724369, 0.33595106639, 0.073806789251, 0.13202828418, 0.28684142328],
      [0.39822495029, 0.09104216088, 0.040143969768, 0.035665338695, 0.43492358037],
      [0.061000036886, 0.029830670925, 0.17189416089, 0.55573136804, 0.18154376325],
      [0.30846154332, 0.031056697845, 0.13457465235, 0.16536004066, 0.36054706583]
    ],
    [
      [0.09837577336, 0.35170630088, 0.07395247861, 0.12312545355, 0.3528399936],
      [0.24507300811, 0.10277396674, 0.043099538447, 0.035635116341, 0.57341837037],
      [0.035684891628, 0.032076235023, 0.17566111932, 0.52898285763, 0.22759489639],
      [0.1879051595, 0.03476235843, 0.14312406058, 0.16363499378, 0.47057342771]
    ],
    [
      [0.13095985299, 0.36013644603, 0.094381157411, 0.13627122291, 0.27825132066],
      [0.3335243344, 0.1074200399, 0.056244670398, 0.040272951318, 0.46253800399],
      [0.044196736812, 0.030455720694, 0.20889839696, 0.54949693686, 0.16695220867],
      [0.24495653278, 0.034770982008, 0.17917292043, 0.17757119047, 0.36352837431]
    ],
    [
      [0.12493617878, 0.25633197281, 0.13711905575, 0.10135459714, 0.38025819553],
      [0.27949079204, 0.06721064329, 0.071777866206, 0.026308221089, 0.55521247738],
      [0.041985325302, 0.021608611388, 0.30213612439, 0.40707539196, 0.22719454696],
      [0.20363874981, 0.02158769341, 0.22678638823, 0.11508632324, 0.43290084531]
    ],
    [
      [0.11469008386, 0.38559943772, 0.081278187158, 0.11026179331, 0.30817049795],
      [0.29197794772, 0.11495374228, 0.048419984421, 0.032576413217, 0.51207191236],
      [0.043959443168, 0.037029155295, 0.20427322489, 0.50473687957, 0.21000129708],
      [0.22526756059, 0.039086836763, 0.16200247629, 0.1508667981, 0.42277632826]
    ],
    [
      [0.11705868336, 0.31648100808, 0.11177574683, 0.10909091706, 0.34559364468],
      [0.28124694341, 0.087755229497, 0.062417822175, 0.030317933735, 0.53826207118],
      [0.041568079024, 0.028082714259, 0.2593700102, 0.45220735711, 0.21877183941],
      [0.20856853875, 0.028749011605, 0.20006364575, 0.1343673179, 0.42825148599]
    ],
    [
      [0.10618034164, 0.36973674701, 0.10129925356, 0.13265054205, 0.29013311573],
      [0.28268285184, 0.11308914612, 0.06267736815, 0.04085092308, 0.50069971082],
      [0.036299783763, 0.031408974264, 0.22630232884, 0.52916811795, 0.17682079519],
      [0.20413362154, 0.036036059052, 0.19562785902, 0.17628141776, 0.38792104262]
    ],
    [
      [0.14653334562, 0.41262880147, 0.093894490959, 0.096763293464, 0.25018006849],
      [0.37619155676, 0.12220595137, 0.056085493509, 0.028766184016, 0.41675081435],
      [0.060107642266, 0.042190140904, 0.25161551199, 0.46321428833, 0.18287241652],
      [0.2913310263, 0.041771551727, 0.18768378826, 0.13308296058, 0.34613067313]
    ],
    [
      [0.20748296648, 0.19237852662, 0.090210149228, 0.14481469593, 0.36511366174],
      [0.41169935539, 0.043575071482, 0.041624024535, 0.033258070056, 0.46984347854],
      [0.065162680368, 0.014878466774, 0.18508318678, 0.53049703347, 0.2043786326],
      [0.31345416999, 0.01461043157, 0.13693833701, 0.15127390092, 0.38372316051]
    ],
    [
      [0.11641418004, 0.3418550535, 0.086663231079, 0.13227228565, 0.32279524974],
      [0.29065337908, 0.098320409931, 0.050297218411, 0.038208296529, 0.52252069605],
      [0.040323861284, 0.029510950034, 0.19616089146, 0.5346954288, 0.19930886842],
      [0.21685159829, 0.032386251334, 0.16219432217, 0.17034260131, 0.41822522689]
    ],
    [
      [0.15086761418, 0.35620311362, 0.052944740104, 0.11910904253, 0.32087548956],
      [0.35465125453, 0.095538315059, 0.028898052655, 0.032360199565, 0.4885521782],
      [0.059241066818, 0.034513477813, 0.13588891267, 0.54566599763, 0.22469054507],
      [0.28613879429, 0.033976307041, 0.10079743797, 0.15605354337, 0.42303391733]
    ],
    [
      [0.12369401496, 0.227838518, 0.10822079338, 0.16108454671, 0.37916212695],
      [0.28113005602, 0.060090223312, 0.057228059499, 0.042389480635, 0.55916218053],
      [0.035906927785, 0.016608014863, 0.20525062769, 0.54609821575, 0.19613621391],
      [0.19966960805, 0.018865578634, 0.17565078855, 0.17989351255, 0.42592051222]
    ],
    [
      [0.10104512028, 0.35591480002, 0.07693638784, 0.14104733993, 0.32505635194],
      [0.26161959904, 0.10484090091, 0.046250329667, 0.04220452847, 0.54508464191],
      [0.034644957685, 0.030006598156, 0.1724056363, 0.56419090865, 0.1987518992],
      [0.19451311748, 0.034334822253, 0.14864896285, 0.18755427503, 0.43494882239]
    ],
    [
      [0.14396873065, 0.29133912675, 0.080412559116, 0.11331581034, 0.37096377314],
      [0.32002207171, 0.074326635935, 0.041576814241, 0.029160911528, 0.53491356659],
      [0.052840425296, 0.026496840886, 0.19280540582, 0.48520992305, 0.24264740494],
      [0.2499413313, 0.025593947909, 0.14031365116, 0.13605648936, 0.44809458027]
    ],
    [
      [0.14475643527, 0.3584489447, 0.071607712462, 0.087604182556, 0.33758272502],
      [0.33591172573, 0.094139437377, 0.038621125732, 0.023517482191, 0.50781022897],
      [0.062302532097, 0.037619376467, 0.20133940038, 0.4397287544, 0.25900993666],
      [0.27320952719, 0.033658264198, 0.13573318494, 0.1142833228, 0.44311570086]
    ],
    [
      [0.11390852072, 0.38690101894, 0.08594657121, 0.10932745055, 0.30391643858],
      [0.29344788146, 0.11458349678, 0.051497687339, 0.032604579284, 0.50786635514],
      [0.04400203136, 0.037114784113, 0.21691393008, 0.49273842731, 0.20923082714],
      [0.2246825383, 0.038698250761, 0.17039579504, 0.14913906156, 0.41708435433]
    ],
    [
      [0.054875398798, 0.43203551773, 0.10966121978, 0.089402662349, 0.31402520135],
      [0.1597264363, 0.14404934437, 0.074115906371, 0.030075261176, 0.59203305178],
      [0.022109081005, 0.043162642009, 0.28878525982, 0.42032484773, 0.22561816943],
      [0.11754593161, 0.046772616686, 0.2357995613, 0.13229652489, 0.46758536551]
    ],
    [
      [0.094309936671, 0.34433826072, 0.06279046123, 0.12527537328, 0.3732859681],
      [0.23200723095, 0.098500750136, 0.036069999633, 0.035791386638, 0.59763063265],
      [0.034674710222, 0.031668731714, 0.15064823502, 0.53873412672, 0.24427419633],
      [0.18053319277, 0.033813878328, 0.12116039112, 0.16632060112, 0.49817193666]
    ],
    [
      [0.10744458909, 0.48105879733, 0.090340893858, 0.11946348131, 0.20169223842],
      [0.32610727943, 0.16830361361, 0.064205623004, 0.042167589785, 0.39921589418],
      [0.041676251975, 0.045942265312, 0.22840781269, 0.54484236591, 0.13913130411],
      [0.24044050192, 0.054519163876, 0.20414313101, 0.185822949, 0.3150742542]
    ],
    [
      [0.1458697953, 0.2256236545, 0.10902283491, 0.16166771103, 0.35781600426],
      [0.32445354102, 0.057939916539, 0.056779651084, 0.041817233756, 0.51900965761],
      [0.042286598753, 0.016137270914, 0.20601741423, 0.55108507575, 0.18447364036],
      [0.23170259143, 0.018186668596, 0.17486800231, 0.17849260792, 0.39675012973]
    ],
    [
      [0.1127863626, 0.2645270634, 0.12267093893, 0.16217842736, 0.33783720771],
      [0.27420849078, 0.074314538845, 0.069852422457, 0.04584784153, 0.53577670638],
      [0.032317769328, 0.01870733587, 0.22918203224, 0.54765185043, 0.17214101213],
      [0.18835146289, 0.022435184426, 0.20697141094, 0.18833713462, 0.39390480714]
    ],
    [
      [0.12402390109, 0.21287701069, 0.085035479849, 0.14328670215, 0.43477690622],
      [0.26452225122, 0.05283325772, 0.042455598503, 0.035526406384, 0.60466248617],
      [0.038855914561, 0.016621522706, 0.17375401768, 0.52851372137, 0.24225482368],
      [0.1987861571, 0.017487812185, 0.1376629153, 0.15963824937, 0.48642486606]
    ],
    [
      [0.18968112945, 0.21837344027, 0.12558519042, 0.1345208814, 0.33183935847],
      [0.39821099194, 0.053009450844, 0.061716551404, 0.032841022455, 0.45422198336],
      [0.0586723399, 0.016704581902, 0.25325567157, 0.48880814306, 0.18255926357],
      [0.29061917011, 0.01701387284, 0.19427135005, 0.14322442094, 0.35487118606]
    ],
    [
      [0.16138572071, 0.29600413967, 0.074119267402, 0.14332891749, 0.32516195473],
      [0.36551279529, 0.077067668639, 0.03931957798, 0.037750291625, 0.48034966647],
      [0.054109928695, 0.024341212737, 0.16194235214, 0.56573522874, 0.19387127768],
      [0.27929257557, 0.025850144412, 0.12953389508, 0.17245792098, 0.39286546396]
    ],
    [
      [0.13607215768, 0.33853833653, 0.094905074457, 0.11547826446, 0.31500616688],
      [0.32675348808, 0.094591201856, 0.053325348021, 0.032238534603, 0.49309142744],
      [0.049363760876, 0.030628298365, 0.22458677834, 0.49215617379, 0.20326498863],
      [0.24770581501, 0.031592865028, 0.17445088769, 0.1460564351, 0.40019399717]
    ],
    [
      [0.13712849997, 0.3997617455, 0.051595914818, 0.076083956582, 0.33542988313],
      [0.32442395994, 0.10868847525, 0.028573967282, 0.02093542273, 0.5173781748],
      [0.066539967452, 0.047611475248, 0.16317440783, 0.43318452145, 0.28948962802],
      [0.27627079024, 0.040644080918, 0.10492191456, 0.10650039195, 0.47166282233]
    ],
    [
      [0.1400498859, 0.26843116498, 0.099264257214, 0.12531557171, 0.36693912019],
      [0.31241870738, 0.069505940698, 0.051836832975, 0.032501971963, 0.53373654698],
      [0.046985313821, 0.022375248096, 0.21714679798, 0.49454980289, 0.21894283721],
      [0.23449847084, 0.022964820105, 0.16784316381, 0.14583691215, 0.42885663308]
    ],
    [
      [0.098164732969, 0.46445308552, 0.058805827182, 0.066203856615, 0.31237249771],
      [0.26036337919, 0.14248282707, 0.036514796705, 0.02041778233, 0.54022121471],
      [0.050857753227, 0.059522695637, 0.19859159748, 0.40320064241, 0.28782731124],
      [0.22049146069, 0.053067207304, 0.13335495564, 0.10334545883, 0.48974091754]
    ],
    [
      [0.13767163283, 0.36712325616, 0.075821594799, 0.12159423696, 0.29778927925],
      [0.33875690202, 0.10486126446, 0.043684917556, 0.03478687556, 0.47791004041],
      [0.051264520422, 0.033944866535, 0.18415656822, 0.5334386481, 0.19719539672],
      [0.26199475231, 0.035690168685, 0.14579173625, 0.16089092111, 0.39563242164]
    ],
    [
      [0.096528675227, 0.40903498961, 0.076960655146, 0.11330436879, 0.30417131123],
      [0.25850825379, 0.12683635168, 0.048246625139, 0.035283805535, 0.53112496386],
      [0.037527674488, 0.039392521589, 0.19507346908, 0.51768801305, 0.21031832179],
      [0.19856900038, 0.042861144355, 0.15985329393, 0.16197736582, 0.43673919551]
    ]
  ],
  "expected_outcome": [
    [
      [5.4058182841, 4.3128491841, 7.2659742777, 4.5610918664, 9.4033906572, 6.9803881268, 7.3655333661, 9.7626656464, 12.4581239705, 9.6265385169, 9.6293861655, 12.3915830733, 4.1915891422, 2.1887647271, 1.6624550871, 2.135735808, 2.1380811045, 1.8461146893, 1.2893572842, 1.8464884366, 1.3709794952, 1.7707639205, 1.4405583829, 1.6241703241, 1.2615909224, 1.9899976171, 1.2741640997, 2.0514668386, 1.4523807654, 1.6297985206, 1.2069409134, 2.721268329, 0.70731584193, 1.4396873065, 0.57902574109, 1.252993728, 0.60362938678, 1.7918887968, 0.96700130177, 1.458697953, 1.0150772634, 1.9843824174, 2.0864924239, 1.2910857656, 2.1771545228, 1.0970279997, 1.9606984026, 1.1779767956, 1.652059594, 1.1583441027],
      [18.4771300117, 19.1223491987, 23.1286637004, 20.1956125596, 19.4956907693, 29.3278800717, 20.3788145884, 22.3710294977, 16.1831018255, 18.1160655468, 23.5044883524, 23.0028087159, 10.0738930087, 5.0267689715, 3.5977101319, 9.9865038512, 7.5504931177, 6.6434274547, 4.3768222983, 1.9239179166, 2.6876085311, 6.3307134158, 3.9615009063, 3.3323156466, 4.2415938149, 5.3801771374, 4.4368409641, 5.7768032206, 1.3466496864, 4.785970749, 2.849624909, 5.0124473961, 2.4914036001, 2.9133912675, 1.4337957788, 4.2559112083, 4.752390695, 6.5424269537, 4.3295291759, 2.256236545, 2.3807435706, 3.4060321711, 2.402107843, 2.3680331174, 5.4166133844, 3.198093964, 3.7580363097, 5.5734370262, 4.405479074, 4.9084198753],
      [2.8980294403, 6.2322389812, 3.6885764408, 3.8946298524, 8.4192762529, 5.7668858631, 5.9634533244, 4.9817741269, 7.2275608631, 4.4395634741, 6.3063877716, 6.0058151594, 2.9497405835, 1.0713039866, 1.6112105567, 1.990493801, 0.79750222957, 1.3544577039, 0.54359190767, 1.0975586389, 0.59045431401, 1.331144615, 1.0381927315, 1.7825477247, 0.89406005874, 1.9001876961, 1.2155910427, 1.3145228734, 0.63147104459, 1.2132852351, 0.42355792083, 2.3808574544, 0.53855471488, 0.80412559116, 0.28643084985, 0.94541228331, 1.2062734175, 1.1930187634, 0.81306804472, 1.0902283491, 1.1040384504, 1.3605676776, 1.3814370946, 0.59295413921, 1.5184811913, 0.41276731855, 1.389699601, 0.70566992618, 0.90985913759, 0.92352786175],
      [10.0762112431, 6.2111558963, 9.1548200044, 4.8420227467, 6.2467390093, 5.4629874771, 8.6834493857, 9.8513260819, 5.0392354008, 8.99006925, 8.3764299215, 9.6182987765, 1.8241892308, 1.9298030379, 1.4950731178, 2.505994223, 2.1311715928, 2.3509635302, 0.94989407277, 1.2031042839, 1.0562262734, 2.2162581639, 1.498983452, 1.3176097628, 1.2128797264, 1.8545455899, 1.5918065046, 1.3546861085, 1.0137028715, 1.851811999, 0.95287234024, 3.5438600276, 0.98733137948, 1.1331581034, 0.35041673022, 1.202601956, 0.98342928583, 2.3802320923, 1.0751713318, 1.6166771103, 1.4596058462, 2.2925872343, 1.4797296954, 1.1466313399, 1.8476522314, 0.60867165266, 1.754418004, 0.79444627938, 1.4591308435, 1.3596524255],
      [23.1428110208, 16.1214067396, 18.7619655768, 18.5066429749, 18.4349033112, 18.4618584614, 21.6087493353, 22.0332046472, 24.0919779402, 21.8277632123, 21.1833077889, 20.9814942749, 12.9605880348, 3.7833592769, 3.6335511065, 6.3812723168, 7.3827519555, 5.8050366219, 3.8403344371, 3.928930724, 2.2947313862, 6.3511198848, 3.0607645273, 4.9433565419, 3.3898754775, 5.8750919595, 3.4815973888, 3.5025209588, 2.5557956321, 4.5191334963, 2.5670039165, 8.341566793, 2.2753944636, 3.7096377314, 1.3503309001, 3.3430808244, 3.4542772148, 7.0924333939, 1.8152301458, 3.5781600426, 3.0405348694, 6.9564304996, 3.6502329431, 2.6012956378, 5.04009867, 2.683439065, 5.1371476827, 3.7484699726, 3.573471351, 3.6500557348]
    ],
    [
      [2.4284186235, 3.3651503567, 1.8086393562, 3.3439068132, 4.6321569826, 2.5710226938, 3.6510458178, 5.0428611116, 4.627678183, 2.7486423607, 3.0286339848, 3.1727571909, 11.382391033, 22.9552932621, 19.2653469771, 15.5700248025, 15.5013659374, 15.0253416397, 18.4370590662, 24.2161641032, 23.4952720671, 13.724088454, 23.0131790733, 18.4463922743, 19.8545004449, 2.2499755473, 3.6748770739, 5.6428733514, 6.5871896862, 3.778493928, 4.9651175634, 2.5301705042, 3.1394351885, 5.1203531474, 4.7027641602, 4.9886139848, 1.7569907993, 2.7840867714, 3.9132873531, 3.8934424922, 4.9357528341, 3.9678337683, 5.1767428952, 3.2896151576, 5.5548092973, 3.2442395994, 4.061443196, 2.3432704127, 7.1138949424, 3.3606072992],
      [0.97887825095, 1.7567479033, 0.67810064103, 1.745174, 1.1333821252, 1.2752243994, 1.1919774221, 1.3642724074, 0.70910199162, 0.60918370378, 0.8720827867, 0.69428034815, 3.2201872887, 6.174947584, 4.8762933287, 8.5636311369, 6.4307154867, 6.3452675619, 7.3254832702, 2.9518707747, 5.3714874919, 5.7553421373, 7.4119827529, 4.4359024571, 7.8168544752, 0.70204183598, 1.4701588995, 1.8330892705, 0.69720114371, 1.2781653291, 1.3375364108, 0.54081200981, 1.2580908109, 1.189226175, 1.3179521233, 1.9479194452, 1.5845427881, 1.1820090016, 2.0196433633, 0.69527899846, 1.3376616992, 0.79249886579, 0.68912286098, 0.69360901776, 1.6080504315, 1.0868847525, 0.90357722907, 1.2823454436, 2.2020865536, 1.6488725718],
      [0.30369582731, 1.1340939117, 0.21393101911, 0.66655435243, 0.9676682486, 0.4955390913, 0.68940287149, 0.59990939025, 0.62589196458, 0.29524416038, 0.46223584751, 0.35799100834, 1.8731407919, 2.628957612, 4.3698511027, 3.3938004, 1.3524201706, 2.5794188056, 1.8191651362, 3.3688407959, 2.3684942163, 2.4135741531, 3.8808822575, 4.7373391696, 3.2925589406, 0.4993425774, 0.81480578595, 0.84128240263, 0.66598439257, 0.65386383934, 0.40457273716, 0.51505253549, 0.55500395601, 0.66522902786, 0.54069576024, 0.87546068476, 0.81527497008, 0.43283999559, 0.77046747605, 0.68135581301, 1.2573436042, 0.63683397754, 0.80231516825, 0.35387620182, 0.90653091635, 0.28573967282, 0.67387882868, 0.32863317035, 0.91738326867, 0.62720612681],
      [0.52458684487, 0.56190345731, 0.26393626959, 0.41169430209, 0.35656618078, 0.23305889199, 0.49867889214, 0.58928336568, 0.21683514603, 0.29724248128, 0.30505726226, 0.28498695548, 0.57504331666, 2.3515196636, 2.0131053434, 2.119923428, 1.7941551721, 2.2213301607, 1.5766805702, 1.8314932291, 2.104254983, 1.9955665151, 2.778833641, 1.7363425919, 2.2151960987, 0.24254346988, 0.53106200004, 0.43149276024, 0.5321291209, 0.49670785487, 0.45304279391, 0.38150532571, 0.50645434164, 0.46657458445, 0.32924475067, 0.55427784782, 0.33082787293, 0.42949663966, 0.50601107742, 0.50180680508, 0.82526114754, 0.53289609576, 0.42693329191, 0.33975262463, 0.54805508826, 0.2093542273, 0.42252563552, 0.18376004097, 0.73052438676, 0.45868947196],
      [6.7644204534, 8.182104371, 3.0353927141, 8.8326705323, 5.9102264629, 4.4251549235, 6.9688949964, 7.403673725, 5.8204927148, 4.0496872939, 4.3319901187, 3.4899844971, 22.9492375698, 25.8892818783, 27.4754032481, 30.3526202326, 34.9213432332, 30.8286418321, 35.8416119573, 33.6316310972, 25.6604912417, 32.1114287405, 31.9151222753, 36.6440235071, 34.8208900406, 4.3060965695, 6.5090962406, 6.2512622153, 7.5174956566, 6.7927690487, 6.8397304947, 5.0324596248, 6.5410157029, 8.5586170654, 7.1093432056, 8.6337280374, 6.5123635696, 7.1715675917, 4.7905907301, 6.2281158913, 9.6439807149, 9.0699372926, 5.9048857837, 4.3231469982, 8.3825542665, 5.173781748, 6.9385751108, 4.8619909324, 10.0361108486, 6.9046245302]
    ],
    [
      [0.31425561233, 0.56859824332, 0.69212101301, 0.43703080243, 0.42692190367, 0.23298958411, 0.38220425107, 0.4308118715, 0.89893141082, 0.97307072179, 0.54717043054, 0.89187316721, 0.59266773546, 0.81944462059, 0.62411603141, 0.36240409618, 0.58254018471, 0.36419753604, 0.53487988912, 0.59833403719, 1.0370006271, 0.53527337441, 0.44196736812, 0.37786792772, 0.43959443168, 2.4525166624, 2.3231861608, 3.5463508937, 4.3007369043, 2.5000793996, 4.1468746773, 1.8671602448, 2.425147038, 3.3289467936, 4.2988747147, 2.7721279757, 1.4813084274, 1.1789401475, 0.5001150237, 0.50743918504, 0.29085992395, 0.42741506017, 0.88008509851, 0.43287942956, 0.83918393489, 1.1311794467, 0.56382376585, 0.61029303873, 0.56390972465, 0.52538744283],
      [0.27356042816, 0.64120707231, 0.56154430019, 0.49193688276, 0.22548962918, 0.24952743689, 0.26954234329, 0.25186324228, 0.29773682116, 0.46693642698, 0.34078301908, 0.42280766468, 0.36013120239, 0.47209797045, 0.33815312968, 0.42738317118, 0.51806156609, 0.32951373953, 0.45468624885, 0.15601050217, 0.50712140573, 0.48114352534, 0.30455720694, 0.19447750249, 0.37029155295, 1.6568801413, 2.0101743529, 2.4892183133, 0.98197880712, 1.8296789021, 2.4159434469, 0.86361677288, 2.1004618709, 1.6693009758, 2.5957369763, 2.3382313991, 2.8918970146, 1.0767368783, 0.55130718375, 0.19364725096, 0.16836602283, 0.18283674976, 0.25056872853, 0.1947297019, 0.5206810722, 0.80939507921, 0.26850297715, 0.71427234765, 0.37339353188, 0.55149530225],
      [1.1026084111, 5.375713945, 2.2995117565, 2.4411667254, 2.5026461523, 1.2602907204, 2.026561952, 1.4409022563, 3.4155285843, 2.9379697788, 2.3473165001, 2.8326094905, 2.7299513235, 2.6266927012, 3.9593493753, 2.2152392854, 1.4242704095, 1.7503373686, 1.4778209733, 2.3308207577, 2.9222007351, 2.6349167899, 2.0889839696, 2.7192251195, 2.0427322489, 15.3028306017, 14.4833490457, 14.8453152072, 12.2154903277, 12.1619752705, 9.5122238869, 10.67303264, 12.0683945413, 12.1467405668, 13.892418626, 13.6655775952, 19.3486124078, 5.1220399906, 2.7408937523, 2.4722089707, 2.0626382902, 1.9112941945, 3.7988350736, 1.2955388172, 3.8179752319, 2.7739649332, 2.6057615758, 2.3830991698, 2.0257222504, 2.7310285672],
      [6.9147631174, 9.6306813744, 10.264156729, 5.4740447443, 3.3552554126, 2.1603650391, 5.3256520342, 5.1455244994, 4.2928595926, 10.6923592794, 5.6214542146, 8.1628858033, 3.0579721681, 8.5631632073, 6.652904436, 5.0695734563, 6.8983270917, 5.5196780118, 4.7001657533, 4.6513589012, 9.4474332568, 7.9347428645, 5.4949693686, 3.6636785276, 5.0473687957, 26.6802340694, 33.8667595487, 27.3296430112, 35.0128042093, 33.1511165856, 38.196619834, 28.3971072188, 39.4933636057, 30.5682251522, 30.3412840534, 31.0425209205, 28.1617647981, 18.3169603084, 6.5381083909, 6.613020909, 4.9288666539, 5.8136509351, 7.3321221458, 4.5258818299, 8.3666549544, 7.3641368647, 5.9345976347, 4.8384077089, 5.8678251291, 7.2476321827],
      [2.394812431, 3.783799365, 3.1826662013, 3.1558208452, 1.4896869022, 1.0968272194, 1.9960394194, 1.7308981305, 3.0949435911, 3.929663793, 2.1432758356, 2.6898238743, 3.2592775706, 2.5186015005, 2.4254770276, 1.925399991, 3.576800748, 2.036273344, 2.8324471353, 2.2634758017, 3.0862439753, 3.4139234459, 1.6695220867, 2.0447509227, 2.1000129708, 12.9075385251, 11.316530892, 10.7894725746, 13.4889897516, 12.3571498422, 15.7283381549, 10.1990831235, 13.9126329441, 15.2867865115, 17.8716856296, 13.1815421096, 15.1164173521, 8.3053226752, 1.6695756494, 2.2136836843, 1.5492691092, 2.6648030605, 2.7383889536, 1.5509702215, 3.4555048067, 4.9213236763, 2.6273140465, 3.4539277349, 2.169149364, 2.944456505]
    ],
    [
      [3.0010793931, 2.0655582928, 3.4479507369, 3.7103239153, 4.425892911, 4.5028759582, 2.6938813748, 1.7907467828, 3.3515228603, 2.6385852758, 2.802511369, 1.5136775594, 4.1875336241, 3.2020323191, 3.7684243, 1.3748116846, 1.5001533671, 2.9925009711, 3.3363344144, 3.8924139727, 4.9353846931, 2.0669567545, 2.4495653278, 2.4436649978, 2.4779431665, 3.33709662, 2.245469837, 3.4959723156, 3.4479958699, 2.3853675812, 2.2891103543, 3.3943833369, 2.1396442923, 2.7493546443, 3.5517238535, 2.0221428447, 1.2930052477, 6.3186617471, 16.1095136284, 15.2923710347, 12.0544936247, 11.5295971116, 17.7277693768, 20.9469431674, 12.3852907506, 17.9576013658, 14.3044067214, 14.7729278661, 14.6717061295, 12.1127090233],
      [0.53568090722, 0.47742187447, 0.5727836638, 0.85697133538, 0.47950791755, 0.98910018987, 0.38952633666, 0.21461992255, 0.22750071401, 0.25916025937, 0.35757584901, 0.14684689136, 0.52333310309, 0.37977205229, 0.42037144904, 0.33376552875, 0.27461898743, 0.55743682017, 0.58416837915, 0.20905773354, 0.49690716551, 0.38238594273, 0.34770982008, 0.25905232092, 0.42995520439, 0.45998418568, 0.39639664958, 0.50125862072, 0.16071474727, 0.35624876467, 0.27181045633, 0.32071483679, 0.37768304478, 0.281533427, 0.43755743458, 0.34828425685, 0.51449878354, 1.1834857415, 3.6527839797, 1.2003201273, 1.4358518033, 1.0142931067, 1.0378462432, 1.9387608309, 1.5796432514, 2.6418652597, 1.4008540264, 3.5555028894, 1.9986494464, 2.6145298057],
      [1.6246262405, 3.0123370562, 1.7653406849, 3.2000877927, 4.0036877439, 3.7582742283, 2.2031856865, 0.9234138108, 1.9634197044, 1.2271945627, 1.8529640702, 0.74016223354, 2.9834022939, 1.5884405792, 3.7007432753, 1.2998143095, 0.56738679899, 2.2257292026, 1.4268188525, 2.3470928577, 2.1531944376, 1.5743646664, 1.7917292043, 2.7214366588, 1.7820272392, 3.2010183321, 2.1519064492, 2.2522054591, 1.5063217071, 1.7841375439, 0.80637950373, 2.9860634053, 1.6351385913, 1.5434501628, 1.7645314043, 1.5335621554, 2.5937951743, 4.2406136891, 13.6775897776, 11.5412881526, 13.2461702999, 7.9844490872, 11.8505523533, 9.7150421308, 8.7225443845, 6.8199244465, 10.2384329927, 8.9347820279, 8.1643372303, 9.75105093],
      [3.8824808945, 2.0634442686, 3.0117985985, 2.7348046105, 2.0414600265, 2.4470094434, 2.2043903398, 1.2542792992, 0.9406327629, 1.7079452031, 1.6911619579, 0.81440116657, 1.2676134721, 1.9647565523, 2.3586677654, 1.1231919951, 1.0407828154, 2.6531697794, 1.7120022832, 1.7665777161, 2.6457606505, 1.7999849315, 1.7757119047, 1.3810358789, 1.6595347791, 2.1498770864, 1.9390955954, 1.5969955269, 1.6640129101, 1.8737686145, 1.248428347, 3.0581897133, 2.0630970254, 1.496621383, 1.4856831964, 1.342251554, 1.4552617738, 5.8212210393, 12.4501375827, 11.780512123, 12.0535766155, 9.2590184632, 8.7366896771, 12.9343440738, 7.3028217548, 6.9225254768, 8.8960516413, 6.9241457418, 9.0098915821, 9.8806193151],
      [8.9561325648, 5.381238508, 6.2021263158, 10.4978123462, 6.049451401, 8.3027401803, 5.5090162622, 2.8169401846, 4.5169239583, 4.167114699, 4.2957867539, 1.7849121491, 9.0381175068, 3.864998497, 5.7517932102, 2.8684164821, 3.6170580311, 6.5711632267, 6.9406760707, 5.7848577199, 5.7687530532, 5.1763077048, 3.6352837431, 5.1948101437, 4.6505396109, 6.8520237758, 4.2671314688, 4.1535680776, 4.2209547656, 4.6004774958, 3.3842713386, 7.2406487078, 4.7844370463, 4.9290403829, 5.7605041112, 3.753759189, 5.1434390207, 17.436017783, 21.1099750316, 26.1855085624, 25.2099076567, 28.2126422313, 21.6471423496, 29.4649097971, 20.0096998586, 30.6580834512, 26.1602546182, 32.8126414749, 22.1554156118, 26.641090926]
    ]
  ],
  "prob": [
    [0.12853504386, 0.33534618575, 0.087332907039, 0.12023050227, 0.32855536108],
    [0.30682808564, 0.096537730654, 0.04936337625, 0.033828615069, 0.51344219239],
    [0.046936289709, 0.031458868613, 0.20538013779, 0.50306268384, 0.21316202005],
    [0.23437118104, 0.032596099935, 0.16079891018, 0.1528731189, 0.41936068994]
  ],
  "iterations": 17,
  "time": 6.1e-05,
  "message": "Converged",
  "status": 0,
  "miniter": 0,
  "maxiter": 1000,
  "maxtime": 3600,
  "param_threshold": 0.001,
  "ll_threshold": "-Inf",
  "initial_prob": "group_proportional",
  "ballotbox_id": ["1", "2", "3", "4", "5", "6", "7", "8", "9", "10", "11", "12", "13", "14", "15", "16", "17", "18", "19", "20", "21", "22", "23", "24", "25", "26", "27", "28", "29", "30", "31", "32", "33", "34", "35", "36", "37", "38", "39", "40", "41", "42", "43", "44", "45", "46", "47", "48", "49", "50"],
  "candidates_id": ["1", "2", "3", "4", "5"],
  "group_id": ["1", "2", "3", "4"]
}
