{
  "X": [
    [33, 12, 37, 10, 8],
    [43, 14, 23, 10, 10],
    [30, 16, 33, 14, 7],
    [45, 20, 19, 11, 5],
    [40, 17, 27, 10, 6],
    [52, 15, 20, 9, 4],
    [38, 15, 30, 15, 2],
    [41, 11, 25, 18, 5],
    [41, 15, 22, 18, 4],
    [41, 19, 23, 14, 3],
    [37, 11, 30, 16, 6],
    [34, 18, 30, 16, 2],
    [39, 11, 23, 26, 1],
    [39, 6, 28, 25, 2],
    [40, 5, 26, 24, 5],
    [36, 9, 26, 24, 5],
    [36, 10, 28, 21, 5],
    [35, 4, 23, 32, 6],
    [41, 7, 25, 25, 2],
    [34, 11, 28, 26, 1],
    [34, 8, 31, 25, 2],
    [38, 6, 24, 28, 4],
    [47, 5, 22, 25, 1],
    [30, 11, 33, 23, 3],
    [28, 6, 28, 33, 5],
    [34, 16, 20, 24, 6],
    [28, 20, 25, 24, 3],
    [27, 19, 19, 30, 5],
    [33, 18, 31, 18, 0],
    [28, 23, 24, 18, 7],
    [30, 18, 23, 28, 1],
    [26, 22, 22, 20, 10],
    [25, 19, 21, 27, 8],
    [39, 15, 21, 20, 5],
    [27, 12, 32, 24, 5],
    [29, 21, 18, 26, 6],
    [38, 16, 26, 15, 5],
    [23, 13, 29, 34, 1],
    [10, 18, 21, 49, 2],
    [26, 17, 22, 32, 3],
    [19, 9, 26, 46, 0],
    [26, 12, 25, 34, 3],
    [18, 10, 28, 42, 2],
    [21, 16, 23, 34, 6],
    [16, 6, 29, 47, 2],
    [19, 10, 24, 45, 2],
    [29, 8, 24, 38, 1],
    [20, 11, 17, 52, 0],
    [21, 9, 27, 40, 3],
    [17, 18, 22, 42, 1]
  ],
  "W": [
    [68, 10, 14, 8],
    [67, 12, 6, 15],
    [65, 13, 14, 8],
    [67, 17, 7, 9],
    [65, 12, 10, 13],
    [63, 9, 20, 8],
    [55, 18, 14, 13],
    [54, 13, 19, 14],
    [61, 12, 12, 15],
    [61, 14, 12, 13],
    [68, 10, 13, 9],
    [68, 9, 11, 12],
    [33, 40, 12, 15],
    [11, 70, 11, 8],
    [16, 63, 6, 15],
    [12, 67, 12, 9],
    [16, 58, 13, 13],
    [10, 58, 13, 19],
    [11, 62, 17, 10],
    [11, 63, 9, 17],
    [10, 59, 17, 14],
    [9, 67, 12, 12],
    [19, 59, 11, 11],
    [11, 63, 12, 14],
    [11, 62, 13, 14],
    [13, 14, 63, 10],
    [14, 10, 67, 9],
    [7, 12, 67, 14],
    [10, 15, 61, 14],
    [18, 13, 60, 9],
    [14, 10, 63, 13],
    [4, 14, 72, 10],
    [13, 21, 55, 11],
    [15, 12, 63, 10],
    [12, 11, 62, 15],
    [15, 9, 59, 17],
    [14, 16, 64, 6],
    [13, 16, 32, 39],
    [6, 9, 16, 69],
    [11, 10, 17, 62],
    [14, 10, 14, 62],
    [12, 13, 16, 59],
    [8, 19, 11, 62],
    [13, 16, 17, 54],
    [14, 12, 10, 64],
    [12, 8, 12, 68],
    [14, 10, 8, 68],
    [12, 13, 11, 64],
    [17, 8, 11, 64],
    [13, 9, 9, 69]
  ],
  "method": "mult",
  "cond_prob": [
    [
      [0.37611112487, 0.12649097409, 0.3808851403, 0.025901299764, 0.090611460978],
      [0.33401693763, 0.018373525201, 0.39236825189, 0.21038540806, 0.044855877221],
      [0.23515412205, 0.18262450473, 0.31760051838, 0.1705880443, 0.094032810544],
      [0.079748227356, 0.081855809866, 0.32734725287, 0.50510008496, 0.0059486249473]
    ],
    [
      [0.48294969931, 0.15326565889, 0.22520640159, 0.019971293124, 0.11860694708],
      [0.47471870482, 0.024622514814, 0.25679155918, 0.17891349889, 0.064953722297],
      [0.31275435918, 0.22931654067, 0.19453550144, 0.13588534068, 0.12750825803],
      [0.12977836086, 0.12569138035, 0.24536963253, 0.48929970498, 0.0098609212836]
    ],
    [
      [0.35346185914, 0.17856807066, 0.34949392832, 0.035390718088, 0.083085423786],
      [0.30529953767, 0.025220780237, 0.35016519312, 0.27931541419, 0.039999074777],
      [0.20285513775, 0.23668514289, 0.26751145333, 0.21380083885, 0.079147427186],
      [0.063255017004, 0.09752326409, 0.25352360815, 0.58109512941, 0.0046029813459]
    ],
    [
      [0.49670916908, 0.22936895158, 0.18928220297, 0.026007387549, 0.058632288824],
      [0.48508034405, 0.036600708075, 0.21441725618, 0.23199468606, 0.031907005636],
      [0.30103470339, 0.32113653464, 0.15298937579, 0.16586163739, 0.058977748797],
      [0.11378093603, 0.16026813022, 0.1757300455, 0.54606536955, 0.0041555186901]
    ],
    [
      [0.45556944184, 0.18377235672, 0.26934708381, 0.020823990295, 0.070487127344],
      [0.44350434289, 0.029247616437, 0.30417353766, 0.18483807036, 0.038236432652],
      [0.2892041683, 0.26950362132, 0.22807333143, 0.13893669837, 0.074282180574],
      [0.11301842096, 0.13915016083, 0.27092050653, 0.47149925799, 0.0054116537025]
    ],
    [
      [0.5869715695, 0.14742001904, 0.20107391602, 0.021101511887, 0.043432983549],
      [0.55304922114, 0.022726475179, 0.21976913932, 0.18164220155, 0.02281296281],
      [0.39399556717, 0.2284982951, 0.18002058029, 0.14909001472, 0.048395542721],
      [0.1544136408, 0.11840596562, 0.21445189514, 0.50918973388, 0.003538764571]
    ],
    [
      [0.46007191207, 0.1747593221, 0.31153418014, 0.02839700052, 0.025237585164],
      [0.40985160283, 0.025441908822, 0.32195095274, 0.23023029335, 0.012525242256],
      [0.28408689111, 0.24936690978, 0.25662198838, 0.18405067437, 0.025873536365],
      [0.094956270978, 0.11009904762, 0.26076357463, 0.53256937154, 0.0016117352331]
    ],
    [
      [0.51612339266, 0.12123397596, 0.26619468834, 0.033906115336, 0.062541827704],
      [0.43439767644, 0.016686589424, 0.25991705174, 0.25966841474, 0.029330267659],
      [0.3203544141, 0.17385902222, 0.22043713328, 0.22089005104, 0.064459379354],
      [0.1018884929, 0.073093891935, 0.21316669489, 0.60802874032, 0.0038221799517]
    ],
    [
      [0.50801568462, 0.17130880216, 0.23374263357, 0.036093854907, 0.050839024745],
      [0.43637992486, 0.024057700553, 0.23292157163, 0.28230961198, 0.024331190988],
      [0.30256329696, 0.23572792147, 0.18571277221, 0.22572458327, 0.050271426098],
      [0.096241536121, 0.099081922884, 0.17958577122, 0.62211011973, 0.0029806500395]
    ],
    [
      [0.48538999234, 0.21313291781, 0.23642411917, 0.028412098524, 0.036640872158],
      [0.45204673072, 0.032446919693, 0.25542173262, 0.24107136135, 0.019013255612],
      [0.2937383835, 0.29798903236, 0.1908515504, 0.18060933736, 0.036811696375],
      [0.10339965071, 0.13858571871, 0.2042219487, 0.5513771765, 0.0024155053844]
    ],
    [
      [0.44213436657, 0.1220078398, 0.32220558526, 0.041952819314, 0.071699389061],
      [0.35109445912, 0.015845569039, 0.2967925464, 0.30453201944, 0.031735406001],
      [0.25789759248, 0.16434959341, 0.25066069183, 0.25767317068, 0.069418951606],
      [0.073738745259, 0.062103857307, 0.21782273692, 0.64263251903, 0.0037021414878]
    ],
    [
      [0.41289499439, 0.20169005749, 0.32228989244, 0.038593198157, 0.024531857519],
      [0.34822822916, 0.027817831771, 0.31530562174, 0.29711768446, 0.01153063287],
      [0.23522933255, 0.26538768308, 0.24490182339, 0.23128116924, 0.023199991736],
      [0.070276819442, 0.10478435801, 0.22239088355, 0.6012554149, 0.0012925241049]
    ],
    [
      [0.51803317681, 0.17764684098, 0.24971392918, 0.038673784701, 0.015932268326],
      [0.43301887189, 0.024191410959, 0.24215900721, 0.29322047826, 0.0074102316853],
      [0.30582939163, 0.24276974834, 0.19670763555, 0.23907324907, 0.015619975402],
      [0.093111407883, 0.097369281878, 0.1821025801, 0.62653238836, 0.00088434178195]
    ],
    [
      [0.49113255638, 0.14948324907, 0.29098018952, 0.032468411468, 0.035935593568],
      [0.42085035904, 0.02070962621, 0.28925348281, 0.25207344345, 0.01711308849],
      [0.30207102815, 0.21355937668, 0.23877118982, 0.20889909262, 0.036699312727],
      [0.097171333181, 0.089860427553, 0.23351306952, 0.5772649663, 0.0021902034405]
    ],
    [
      [0.50269027573, 0.11602569212, 0.26135389893, 0.028422808632, 0.091507324578],
      [0.44371742392, 0.016570206907, 0.26763570686, 0.22720863752, 0.044868024796],
      [0.3201560613, 0.17161907185, 0.22211122622, 0.18932608939, 0.096787551234],
      [0.1118068405, 0.078458877298, 0.23586064599, 0.56760765824, 0.0062659779715]
    ],
    [
      [0.43205854017, 0.19879638857, 0.25595252381, 0.029339533388, 0.083853014065],
      [0.40244069818, 0.029975140648, 0.27657437975, 0.24759887995, 0.043410901482],
      [0.25698805382, 0.27451086936, 0.20312167986, 0.18255978792, 0.082819609047],
      [0.09120494237, 0.12758573532, 0.21917195167, 0.55658315169, 0.0054542189549]
    ],
    [
      [0.43551622986, 0.18701727522, 0.27206157941, 0.024711313031, 0.080693602478],
      [0.4146857283, 0.028901946142, 0.30053637947, 0.21316409188, 0.042711854213],
      [0.26804199577, 0.26692944327, 0.22343555184, 0.15911267551, 0.082480333596],
      [0.10001415674, 0.13076449994, 0.25351671424, 0.50999150914, 0.0057131199443]
    ],
    [
      [0.50363383996, 0.087399939034, 0.2520373711, 0.037224395933, 0.11970445397],
      [0.41497270065, 0.011680053772, 0.24095086135, 0.27761329026, 0.054783093975],
      [0.30878301412, 0.12435817706, 0.20626475908, 0.23866341297, 0.12193063676],
      [0.097428359478, 0.051495941054, 0.19797097365, 0.64597286159, 0.0071318642259]
    ],
    [
      [0.53022386185, 0.14263307855, 0.26129027094, 0.031674687994, 0.034178100659],
      [0.4561202938, 0.019909589721, 0.26076877731, 0.24685529437, 0.016346044797],
      [0.33184095845, 0.20703673047, 0.2182071448, 0.20739129885, 0.035523867424],
      [0.10861330243, 0.088946250808, 0.21717371606, 0.5831078643, 0.0021588664036]
    ],
    [
      [0.43109659501, 0.24576141997, 0.27644555815, 0.028248417257, 0.018448009619],
      [0.40763160153, 0.037608820481, 0.30327502058, 0.24179742566, 0.0096871317457],
      [0.25405016444, 0.33639139403, 0.21742369004, 0.17407634906, 0.018058402437],
      [0.089058014076, 0.15443099524, 0.23180435532, 0.52353361441, 0.0011730209506]
    ],
    [
      [0.45281681724, 0.15827445431, 0.32399931531, 0.029655485924, 0.035253927215],
      [0.39631754859, 0.022487269713, 0.32900493121, 0.23504079612, 0.017149454374],
      [0.27933247922, 0.22645032566, 0.26674352739, 0.19134988722, 0.036123780513],
      [0.091965760927, 0.097911895144, 0.26709723339, 0.54081780811, 0.0022073024318]
    ],
    [
      [0.49676985938, 0.14375849969, 0.25095758985, 0.033951660424, 0.074562390658],
      [0.42822934461, 0.020051361556, 0.25097742517, 0.26503242363, 0.035709445044],
      [0.30209108214, 0.20303430598, 0.20364345015, 0.21592761, 0.075303551723],
      [0.098897910196, 0.087019591065, 0.20272646425, 0.60678454746, 0.0045714870236]
    ],
    [
      [0.60944216039, 0.10506588021, 0.23401912611, 0.03407578473, 0.017397048554],
      [0.5009883836, 0.014013082216, 0.22317336664, 0.25387396184, 0.0079512057069],
      [0.39298796735, 0.15711848165, 0.20133952786, 0.22992579669, 0.018628226449],
      [0.12315147107, 0.064615134497, 0.19183181474, 0.61931767175, 0.0010839079485]
    ],
    [
      [0.36991997639, 0.23033622019, 0.322179568, 0.025728195911, 0.051836039507],
      [0.3547394081, 0.035783155099, 0.35844529068, 0.22341391313, 0.027618232988],
      [0.21892233523, 0.3164338187, 0.25444636683, 0.1592457111, 0.050951768134],
      [0.078641716122, 0.14898833219, 0.27796082392, 0.491014687, 0.0033944407743]
    ],
    [
      [0.40046467889, 0.14124947399, 0.31663137405, 0.042745035144, 0.098909437926],
      [0.32485681514, 0.018571761303, 0.29799403548, 0.31399454032, 0.044582847759],
      [0.22725547658, 0.18602762852, 0.23978731496, 0.25370285955, 0.093226720394],
      [0.066928946405, 0.071844792592, 0.21476262282, 0.64137075079, 0.0050928873906]
    ],
    [
      [0.51810748386, 0.14607919184, 0.23052001064, 0.033886678904, 0.071406634759],
      [0.4478778655, 0.020689772707, 0.23125793951, 0.26575958402, 0.034414838264],
      [0.31642004142, 0.20619030817, 0.18799476909, 0.21690447732, 0.07249040399],
      [0.10394474863, 0.089761502326, 0.18797748227, 0.61386948593, 0.004446780833]
    ],
    [
      [0.44532812187, 0.18071399214, 0.30173365464, 0.036422420298, 0.035801811057],
      [0.3787977059, 0.025194797982, 0.29785432073, 0.28117096792, 0.016982207461],
      [0.26085046456, 0.24461081247, 0.23601135198, 0.22366756487, 0.034859806117],
      [0.080554000846, 0.10014124569, 0.22185192463, 0.5954417503, 0.0020110785323]
    ],
    [
      [0.47267855276, 0.18242740716, 0.23824236413, 0.040893298728, 0.065758377212],
      [0.39839972237, 0.025199020145, 0.2330664212, 0.31243609226, 0.030898744033],
      [0.27001660909, 0.24094451096, 0.18180794514, 0.24476145408, 0.062469480729],
      [0.082803169618, 0.097972688573, 0.16978138094, 0.64586521875, 0.0035775421163]
    ],
    [
      [0.48701868532, 0.15757309151, 0.33373330331, 0.02167491986, 0],
      [0.44409617772, 0.02353805539, 0.35319166727, 0.17917409962, 0],
      [0.31953262734, 0.23902273639, 0.2924577933, 0.14898684297, 0],
      [0.11376383638, 0.11277843024, 0.31701561169, 0.45644212169, 0]
    ],
    [
      [0.41074118951, 0.20854563485, 0.27256495816, 0.026771219068, 0.081376998418],
      [0.39133581181, 0.032552727764, 0.3013525434, 0.2315303849, 0.04322853213],
      [0.24559199519, 0.28813902832, 0.21758877329, 0.16781448585, 0.080865717356],
      [0.08925299317, 0.13874351075, 0.24064870224, 0.52586698419, 0.0054878096563]
    ],
    [
      [0.49626028921, 0.16952290707, 0.2812482668, 0.040311280147, 0.01265725678],
      [0.40573039176, 0.022713179598, 0.26686426601, 0.29892272797, 0.005769434654],
      [0.29068004076, 0.22951737815, 0.2200192878, 0.24745728382, 0.012326009482],
      [0.085539327462, 0.089535341699, 0.19711262266, 0.62713532597, 0.00067738220267]
    ],
    [
      [0.41170831241, 0.19114249783, 0.25427957312, 0.025986941728, 0.11688267492],
      [0.39626578806, 0.03015324876, 0.28405535274, 0.226797715, 0.062727895439],
      [0.24803143046, 0.26619917165, 0.20462102465, 0.16406028101, 0.11708809223],
      [0.093304757782, 0.13278135002, 0.23438082627, 0.53130510161, 0.0082279643243]
    ],
    [
      [0.39688968979, 0.20278669318, 0.25360354703, 0.039351189511, 0.10736888049],
      [0.34781256316, 0.029093610492, 0.25790474793, 0.31275028663, 0.052438791795],
      [0.22110684062, 0.2611576044, 0.18864178575, 0.22967873047, 0.09941503876],
      [0.070484515847, 0.110234895, 0.18301580588, 0.63035150955, 0.0059132737216]
    ],
    [
      [0.56036626022, 0.1275751326, 0.22916698504, 0.027260418109, 0.055631204029],
      [0.49783680063, 0.018572000161, 0.23627225909, 0.2197620881, 0.027556852023],
      [0.36401023317, 0.19151794758, 0.19878197725, 0.18562114088, 0.060068701116],
      [0.12845317956, 0.089570006059, 0.21351110951, 0.56450698012, 0.003958724758]
    ],
    [
      [0.42982548545, 0.10845409946, 0.36927168586, 0.031033654274, 0.061415074953],
      [0.36066059628, 0.014911787627, 0.35961853791, 0.23608241954, 0.028726658647],
      [0.26845701551, 0.15660137397, 0.30806981821, 0.20309055908, 0.063781233233],
      [0.084582829415, 0.065408452573, 0.29554111874, 0.55071551834, 0.0037520809337]
    ],
    [
      [0.47812905738, 0.1963766253, 0.21402257054, 0.034523051512, 0.076948695272],
      [0.42897790672, 0.028870352222, 0.22286460668, 0.28080434927, 0.038482785106],
      [0.27998415489, 0.26586236292, 0.16740899107, 0.21181827242, 0.074926218704],
      [0.093983956789, 0.1183068889, 0.17110737617, 0.61190632587, 0.0046954522693]
    ],
    [
      [0.51531836697, 0.13488984734, 0.27545719628, 0.021054421666, 0.053280167743],
      [0.47806788314, 0.020502058122, 0.29654223854, 0.17732639714, 0.027561423059],
      [0.34262204965, 0.20723067853, 0.24450891192, 0.14676706171, 0.058871298197],
      [0.12987813107, 0.10407890139, 0.282056316, 0.47981885548, 0.0041677960577]
    ],
    [
      [0.44179100915, 0.1607216566, 0.34493348426, 0.033678752368, 0.01887509762],
      [0.37323854247, 0.022203529487, 0.33830690607, 0.25738503621, 0.0088659857605],
      [0.26625878198, 0.22439360183, 0.2779479846, 0.21246593775, 0.018933693841],
      [0.082267274293, 0.091801298151, 0.26173215864, 0.56311182513, 0.0010874437914]
    ],
    [
      [0.31075756283, 0.28754238205, 0.28540433796, 0.039711295907, 0.076584421256],
      [0.2849300492, 0.04308338839, 0.30409218998, 0.32910662145, 0.038787750983],
      [0.16297795285, 0.35075583215, 0.20076925857, 0.21841940927, 0.06707754716],
      [0.052092183698, 0.14871681809, 0.19622465264, 0.59902280335, 0.0039435422181]
    ],
    [
      [0.51010787201, 0.18919755989, 0.21198326816, 0.02012076922, 0.068590530717],
      [0.50650191378, 0.030698180478, 0.24450401101, 0.18058511873, 0.037710776002],
      [0.32725441541, 0.28191700516, 0.18218910193, 0.13524687688, 0.073392600628],
      [0.13463975735, 0.15371023146, 0.2289122046, 0.47716230966, 0.0055754969347]
    ],
    [
      [0.48836903841, 0.13707669894, 0.33512946807, 0.039424794585, 0],
      [0.38871006521, 0.017824053391, 0.30982954692, 0.28363633448, 0],
      [0.29269094241, 0.19078209377, 0.26901070058, 0.24751626324, 0],
      [0.083890093384, 0.072435110879, 0.235406978, 0.60826781774, 0]
    ],
    [
      [0.50971582517, 0.14474364442, 0.25232240013, 0.023221786745, 0.069996343534],
      [0.47411536065, 0.021990895785, 0.27259096457, 0.19524033614, 0.036062442847],
      [0.33022391814, 0.21772307682, 0.21888933116, 0.15756758342, 0.075596090461],
      [0.12454348803, 0.10873619956, 0.25198432554, 0.50946956532, 0.0052664215415]
    ],
    [
      [0.42021739629, 0.15800663774, 0.32583672254, 0.031660603073, 0.064278640368],
      [0.36665178818, 0.022486417913, 0.33022321644, 0.24964861738, 0.030989960088],
      [0.25274500932, 0.22085883384, 0.2624827756, 0.19944668492, 0.064466696307],
      [0.082391891844, 0.095230988683, 0.26123889379, 0.55727326616, 0.0038649595277]
    ],
    [
      [0.39930302788, 0.20163391753, 0.23949305122, 0.025327285085, 0.13424271829],
      [0.39390157986, 0.032481733668, 0.27434747197, 0.22585549521, 0.073413719292],
      [0.23817529308, 0.27908515143, 0.19117351071, 0.15816328324, 0.13340276154],
      [0.092635268697, 0.14364599998, 0.22682053641, 0.52730136821, 0.0095968267001]
    ],
    [
      [0.41842494056, 0.097846256119, 0.37601101857, 0.03991936354, 0.06779842121],
      [0.32961342028, 0.012583707389, 0.34405405725, 0.28421409142, 0.029534723659],
      [0.24897314682, 0.13525555275, 0.29968133633, 0.2488164462, 0.067273517889],
      [0.071368433437, 0.051330241157, 0.26229196814, 0.61145736416, 0.0035519931014]
    ],
    [
      [0.48231006125, 0.1398953041, 0.28122753587, 0.032821536687, 0.063745562101],
      [0.41443058476, 0.019638588475, 0.28075416702, 0.25490403987, 0.030272619883],
      [0.29501055738, 0.19890228211, 0.23058225448, 0.21043168004, 0.065073225991],
      [0.095777920912, 0.085598890744, 0.22875891213, 0.58597560259, 0.0038886736234]
    ],
    [
      [0.609250083, 0.10036377567, 0.23834541679, 0.02383803794, 0.028202686604],
      [0.53747228031, 0.014455429147, 0.24426879088, 0.19006153026, 0.013741969404],
      [0.41764357852, 0.15991585195, 0.21894974875, 0.17123502157, 0.032255799214],
      [0.15063714518, 0.076392734137, 0.2412423383, 0.52958918317, 0.0021385992185]
    ],
    [
      [0.54313649606, 0.18532207373, 0.22663185646, 0.044909573753, 0],
      [0.43712079377, 0.024348654554, 0.21186840752, 0.32666214415, 0],
      [0.31075651602, 0.24636414847, 0.17370045799, 0.26917887752, 0],
      [0.08942400312, 0.093862193741, 0.15263489524, 0.66407890789, 0]
    ],
    [
      [0.46902428426, 0.11896314701, 0.30046698403, 0.029563624924, 0.081981959769],
      [0.40782549178, 0.016898408882, 0.3034681666, 0.23235341363, 0.039454519113],
      [0.29421348472, 0.17330738461, 0.25245195534, 0.19427163134, 0.085755543994],
      [0.098857302706, 0.07713939396, 0.25899445272, 0.55969302402, 0.0053158266018]
    ],
    [
      [0.42457334802, 0.25810045944, 0.2540540211, 0.030162164691, 0.033110006746],
      [0.40329029863, 0.040035776305, 0.28036586659, 0.2589398492, 0.017368209276],
      [0.24449661312, 0.34553441646, 0.19610101945, 0.18204805985, 0.031819891126],
      [0.085230828469, 0.15959673718, 0.20888115845, 0.5442526134, 0.0020386624962]
    ]
  ],
  "expected_outcome": [
    [
      [25.575556491, 32.357629854, 22.9750208443, 33.2795143282, 29.6120137193, 36.9792088786, 25.3039551639, 27.8706632036, 30.9889567618, 29.6087895328, 30.0651369264, 28.0768596185, 17.0950948348, 5.4024581201, 8.0430444117, 5.184702482, 6.9682596778, 5.0363383996, 5.8324624804, 4.7420625451, 4.5281681724, 4.4709287344, 11.5794010474, 4.0691197402, 4.4051114678, 6.7353972901, 6.2345937062, 3.3087498694, 4.8701868532, 7.3933414112, 6.9476440489, 1.6468332496, 5.1595659673, 8.4054939033, 5.1579058254, 7.1719358608, 7.2144571376, 5.743283119, 1.864545377, 5.6111865921, 6.8371665377, 6.116589902, 3.3617391703, 5.1909393624, 5.8579491679, 5.787720735, 8.529501162, 6.5176379528, 7.9734128324, 5.5194535243],
      [8.6013862382, 10.2687991454, 11.6069245932, 15.3677197557, 11.9452031867, 9.2874611994, 9.6117627156, 6.546634702, 10.4498369315, 13.0011079863, 8.2965331063, 13.7149239096, 5.8623457523, 1.6443157398, 1.856411074, 2.3855566628, 2.9922764035, 0.87399939034, 1.5689638641, 2.7033756197, 1.5827445431, 1.2938264972, 1.996251724, 2.5336984221, 1.5537442139, 1.8990294939, 2.5299958899, 1.2769918502, 1.5757309151, 3.7538214272, 2.373320699, 0.76456999131, 2.6362270113, 1.913626989, 1.3014491935, 2.9456493794, 1.8884578628, 2.0893815357, 1.7252542923, 2.0811731588, 1.9190737852, 1.736923733, 1.2640531019, 2.6212409278, 1.3698475857, 1.6787436492, 1.4050928593, 2.2238648847, 2.0223734992, 3.3553059728],
      [25.9001895404, 15.0888289068, 22.7171053406, 12.6819075991, 17.5075604474, 12.6676567095, 17.1343799079, 14.3745131703, 14.2583006479, 14.4218712694, 21.9099797978, 21.915712686, 8.240559663, 3.2007820847, 4.1816623829, 3.0714302858, 4.3529852706, 2.520373711, 2.8741929804, 3.0409011396, 3.2399931531, 2.2586183086, 4.4463633962, 3.543975248, 3.4829451145, 2.9967601384, 4.224271165, 1.6676965489, 3.3373330331, 4.9061692469, 3.9374757351, 1.0171182925, 3.2968461114, 3.4375047756, 4.4312602303, 3.210338558, 3.8564007479, 4.4841352954, 1.7124260278, 2.3318159498, 4.6918125529, 3.0278688016, 2.6066937803, 3.1134096658, 5.26415426, 3.3747304304, 3.3368358351, 2.7195822775, 5.1079387286, 3.3027022743],
      [1.7612883839, 1.3380766393, 2.3003966757, 1.7424949658, 1.3535593692, 1.3293952489, 1.5618350286, 1.8309302281, 2.2017251493, 1.7331380099, 2.8527917134, 2.6243374746, 1.2762348951, 0.35715252615, 0.45476493811, 0.35207440066, 0.39538100849, 0.37224395933, 0.34842156794, 0.31073258983, 0.29655485924, 0.30556494382, 0.64743990986, 0.28301015503, 0.47019538659, 0.44052682575, 0.50991388417, 0.28625309109, 0.2167491986, 0.48188194322, 0.56435792205, 0.10394776691, 0.51156546364, 0.40890627163, 0.37240385129, 0.51784577268, 0.29476190332, 0.43782378078, 0.23826777544, 0.22132846142, 0.55194712419, 0.27866144094, 0.25328482458, 0.3292547061, 0.55887108956, 0.39385844024, 0.33373253116, 0.53891488504, 0.5025816237, 0.39210814098],
      [6.1615793465, 7.9466654545, 5.4005525461, 3.9283633512, 4.5816632774, 2.7362779636, 1.388067184, 3.377258696, 3.1011805095, 2.2350932016, 4.8755584561, 1.6681663113, 0.52576485476, 0.39529152925, 1.4641171933, 1.0062361688, 1.2910976396, 1.1970445397, 0.37595910724, 0.2029281058, 0.35253927215, 0.67106151593, 0.33054392253, 0.57019643457, 1.0880038172, 0.92828625187, 0.50122535479, 0.46030864049, 0, 1.4647859715, 0.17720159492, 0.46753069968, 1.3957954464, 0.83446806043, 0.73698089944, 1.1542304291, 0.7459223484, 0.24537626905, 0.45950652754, 0.75449583789, 0, 0.83995612241, 0.51422912294, 1.7451553378, 0.94917789695, 0.76494674521, 0.39483761246, 0, 1.3936933161, 0.4304300877]
    ],
    [
      [3.3401693763, 5.6966244579, 3.9688939897, 8.2463658488, 5.3220521146, 4.9774429903, 7.377328851, 5.6471697937, 5.2365590983, 6.3286542301, 3.5109445912, 3.1340540624, 17.3207548758, 29.4595251328, 27.9541977068, 26.9635267778, 24.0517722412, 24.0684166377, 28.2794582157, 25.6807908966, 23.3827353665, 28.6913660886, 29.5583146321, 22.3485827105, 20.1411225387, 6.270290117, 3.787977059, 4.7807966684, 6.6614426658, 5.0873655536, 4.0573039176, 5.5477210329, 7.3040638263, 5.9740416075, 3.9672665591, 3.8608011604, 7.6490861303, 5.9718166795, 2.5643704428, 5.0650191378, 3.8871006521, 6.1634996885, 6.9663839755, 6.3024252777, 3.9553610433, 3.3154446781, 5.3747228031, 5.682570319, 3.2626039342, 3.6296126877],
      [0.18373525201, 0.29547017777, 0.32787014308, 0.62221203727, 0.35097139724, 0.20453827661, 0.4579543588, 0.21692566251, 0.28869240664, 0.4542568757, 0.15845569039, 0.25036048594, 0.96765643835, 1.4496738347, 1.0439230351, 2.0083344234, 1.6763128762, 0.67744311876, 1.2343945627, 2.3693556903, 1.3267489131, 1.3434412243, 0.82677185072, 2.2543387712, 1.1514492008, 0.2896568179, 0.25194797982, 0.30238824174, 0.35307083084, 0.42318546093, 0.22713179598, 0.42214548264, 0.61096582033, 0.22286400194, 0.1640296639, 0.25983317, 0.32803292996, 0.35525647179, 0.38775049551, 0.30698180478, 0.17824053391, 0.28588164521, 0.42724194035, 0.51970773869, 0.15100448867, 0.1571087078, 0.14455429147, 0.3165325092, 0.13518727106, 0.36032198675],
      [3.9236825189, 3.0814987101, 4.5521475106, 3.6450933551, 3.650082452, 1.9779222539, 5.7951171493, 3.3789216726, 2.7950588595, 3.5759042567, 2.967925464, 2.8377505956, 9.6863602882, 20.2477437966, 16.8610495323, 18.5304834429, 17.431110009, 13.9751499582, 16.1676641931, 19.1063262967, 19.4112909415, 16.8154874861, 13.1672286317, 22.5820533131, 18.4756301997, 3.2376111532, 2.9785432073, 2.7967970544, 5.297875009, 3.9175830641, 2.6686426601, 3.9767749384, 5.4159997065, 2.8352671091, 3.955803917, 2.0057814602, 4.7446758166, 5.4129104971, 2.7368297098, 2.4450401101, 3.0982954692, 3.5436825394, 6.2742411123, 4.3895595516, 4.128648687, 2.2460333361, 2.4426879088, 2.7542892978, 2.4277453328, 2.5232927993],
      [2.1038540806, 2.1469619867, 3.6311003845, 3.9439096629, 2.2180568443, 1.6347798139, 4.1441452802, 3.3756893916, 3.3877153437, 3.374999059, 3.0453201944, 2.6740591602, 11.7288191302, 17.6451410416, 14.3141441637, 16.5891249566, 12.3635173292, 16.1015708348, 15.3050282511, 15.2332378164, 13.8674069708, 17.7571723831, 14.9785637487, 14.0750765269, 19.4676614997, 3.7206341763, 2.8117096792, 3.7492331071, 2.6876114944, 3.0098950036, 2.9892272797, 3.17516801, 6.5677560192, 2.6371450572, 2.5969066149, 2.5272391434, 2.8372223542, 4.1181605794, 2.961959593, 1.8058511873, 2.8363633448, 2.5381243699, 4.7433237302, 3.6136879234, 3.4105690971, 2.0392323189, 1.9006153026, 4.246607874, 1.858827309, 2.3304586428],
      [0.44855877221, 0.77944466756, 0.51998797211, 0.54241909581, 0.45883719182, 0.20531666529, 0.22545436061, 0.38129347957, 0.29197429185, 0.26618557857, 0.31735406001, 0.10377569583, 0.29640926741, 1.1979161943, 2.8266855621, 2.9085303993, 2.4772875443, 3.1774194506, 1.0134547774, 0.61028929998, 1.011817808, 2.392532818, 0.4691211367, 1.7399486782, 2.7641365611, 0.4818077357, 0.16982207461, 0.3707849284, 0, 0.56197091769, 0.05769434654, 0.87819053614, 1.1012146277, 0.33068222428, 0.31599324512, 0.34634506595, 0.44098276895, 0.14185577217, 0.34908975885, 0.37710776002, 0, 0.46881175701, 0.58880924168, 1.1746195087, 0.35441668391, 0.24218095906, 0.13741969404, 0, 0.3156361529, 0.15631388349]
    ],
    [
      [3.2921577087, 1.8765261551, 2.8399719285, 2.1072429237, 2.892041683, 7.8799113435, 3.9772164755, 6.0867338679, 3.6307595635, 3.524860602, 3.3526687023, 2.5875226581, 3.6699526995, 3.3227813097, 1.9209363678, 3.0838566458, 3.4845459451, 4.0141791836, 5.6412962936, 2.2864514799, 4.7486521467, 3.6250929857, 4.3228676408, 2.6270680228, 2.9543211955, 19.9344626097, 17.4769811256, 18.0911128089, 19.4914902677, 14.7355197115, 18.3128425676, 17.858262993, 12.1608762341, 22.93264469, 16.6443349614, 16.5190651384, 21.9278111777, 8.5202810235, 2.6076472455, 5.5633250619, 4.0976731937, 5.2835826902, 2.7801951026, 4.0489799823, 2.4897314682, 3.5401266886, 3.3411486282, 3.4183216763, 3.2363483319, 2.2004695181],
      [2.5567430662, 1.375899244, 3.3135920004, 2.2479557425, 2.6950362132, 4.569965902, 3.4911367369, 3.3033214221, 2.8287350576, 3.5758683883, 2.1365447143, 2.9192645139, 2.9132369801, 2.3491531435, 1.0297144311, 3.2941304323, 3.4700827626, 1.6166563018, 3.5196244181, 3.0275225463, 3.8496555362, 2.4364116718, 1.7283032981, 3.7972058244, 2.4183591708, 12.9899894148, 16.3889244355, 16.1432822342, 14.5803869201, 17.288341699, 14.4595948231, 19.1663403591, 14.363668242, 12.0656306976, 9.7092851862, 15.685879412, 13.2627634259, 7.1805952585, 5.6120933144, 4.7925890877, 2.6709493128, 3.4835692292, 2.4294471723, 4.7444475743, 1.3525555275, 2.3868273853, 1.2793268156, 2.7100056332, 1.9063812307, 3.1098097481],
      [4.4464072573, 1.1672130086, 3.7451603466, 1.0709256305, 2.2807333143, 3.6004116057, 3.5927078373, 4.1883055324, 2.2285532665, 2.2902186048, 3.2585889937, 2.6939200573, 2.3604916267, 2.626483088, 1.3326673573, 2.4374601583, 2.9046621739, 2.681441868, 3.7095214617, 1.9568132103, 4.5346399656, 2.4437214019, 2.2147348065, 3.053356402, 3.1172350944, 11.8436704527, 15.8127605829, 12.1811323244, 17.8399253913, 13.0553263971, 13.8612151313, 14.7327137745, 10.3752982165, 12.5232645667, 19.1003287291, 9.8771304729, 15.6485703626, 8.8943355071, 3.2123081371, 3.0972147328, 3.7661498081, 3.5022292986, 2.8873105316, 3.2499496821, 2.9968133633, 2.7669870538, 1.75159799, 1.9107050379, 2.7769715087, 1.764909175],
      [2.3882326201, 0.81531204407, 2.9932117439, 1.1610314617, 1.3893669837, 2.9818002944, 2.5767094411, 4.1969109699, 2.7086949992, 2.1673120483, 3.3497512188, 2.5440928616, 2.8688789889, 2.2978900188, 1.1359565364, 2.1907174551, 2.0684647817, 3.1026243687, 3.5256520804, 1.5666871415, 3.2529480827, 2.59113132, 2.5291837636, 1.9109485332, 3.2981371741, 13.6649820714, 14.9857268461, 16.3990174237, 9.0881974209, 10.0688691511, 15.5898088806, 11.8123402326, 12.6323301756, 11.6941318754, 12.5916146629, 12.4972780731, 9.3930919493, 6.798910008, 3.4947105483, 2.2991969069, 3.4652276854, 2.5210813347, 2.1939135341, 2.6887758151, 2.488164462, 2.5251801605, 1.3698801725, 2.9609676527, 2.1369879448, 1.6384325386],
      [1.3164593476, 0.76504954816, 1.1080639806, 0.41284424158, 0.74282180574, 0.96791085442, 0.3622295091, 1.2247282077, 0.60325711317, 0.4417403565, 0.90244637088, 0.2551999091, 0.18743970482, 0.40369244, 0.58072530741, 0.99383530856, 1.0722443368, 1.5850982779, 0.60390574621, 0.16252562193, 0.61410426872, 0.90364262068, 0.20491049094, 0.61142121761, 1.2119473651, 4.5668954514, 2.3356070098, 4.1854552088, 0, 4.8519430413, 0.77653859739, 8.4303426408, 5.4678271318, 3.7843281703, 3.9544364604, 4.4206469035, 3.7677630846, 0.60587820291, 1.0732407546, 1.2476742107, 0, 1.2095374474, 0.70913365938, 2.2678469462, 0.67273517889, 0.7808787119, 0.25804639371, 0, 0.94331098394, 0.28637902013]
    ],
    [
      [0.63798581885, 1.946675413, 0.50604013604, 1.0240284243, 1.4692394724, 1.2353091264, 1.2344315227, 1.4264389007, 1.4436230418, 1.3441954593, 0.66364870733, 0.8433218333, 1.3966711182, 0.77737066545, 1.6771026075, 0.82084448133, 1.3001840376, 1.8511388301, 1.0861330243, 1.5139862393, 1.287520653, 1.1867749224, 1.3546661817, 1.1009840257, 0.93700524967, 1.0394474863, 0.72498600761, 1.1592443746, 1.5926937093, 0.80327693853, 1.112011257, 0.93304757782, 0.77532967432, 1.2845317956, 1.2687424412, 1.5977272654, 0.7792687864, 3.2084236974, 3.5943606751, 8.3476649555, 5.2011857898, 7.348065794, 5.1082972943, 5.0023045096, 4.5675797399, 6.512898622, 10.243325872, 5.7231361997, 6.3268673732, 5.8809271644],
      [0.65484647892, 1.8853707052, 0.78018611272, 1.442413172, 1.8089520907, 0.94724772494, 1.431287619, 1.0233144871, 1.4862288433, 1.8016143432, 0.55893471576, 1.2574122961, 1.4605392282, 0.71888342042, 1.1768831595, 1.1482716178, 1.6999384992, 0.97842288002, 0.88946250808, 2.6253269191, 1.370766532, 1.0442350928, 0.71076647947, 2.0858366506, 1.0058270963, 0.89761502326, 0.90127121124, 1.37161764, 1.5788980233, 1.2486915967, 1.1639594421, 1.3278135002, 1.212583845, 0.89570006059, 0.98112678859, 2.0112171114, 0.62447340835, 3.5802506279, 10.2614604485, 9.5300343503, 4.4909768745, 6.4154357741, 5.9043212984, 7.756883999, 3.2851354341, 5.8207245706, 5.1947059213, 6.0071803995, 4.9369212135, 11.0121748656],
      [2.618778023, 3.680544488, 2.0281888652, 1.5815704095, 3.5219665848, 1.7156151611, 3.3899264702, 2.9843337285, 2.6937865683, 2.6548853331, 1.9604046323, 2.6686906026, 2.7315387015, 1.8681045562, 3.5379096898, 1.9725475651, 3.2957172852, 3.7614484994, 2.1717371606, 3.9406740405, 3.7393612674, 2.432717571, 2.1101499621, 3.8914515349, 3.0066767195, 1.8797748227, 1.9966673216, 2.3769393331, 4.4382185637, 2.1658383201, 2.5624640946, 2.3438082627, 2.0131738646, 2.1351110951, 4.4331167811, 2.9088253949, 1.692337896, 10.2075541869, 13.5395010325, 14.1925566853, 14.5952326361, 14.8670752071, 16.1968114148, 12.248308966, 16.7866859613, 15.5556060247, 16.4044790044, 9.7686332957, 16.5756449738, 14.4127999333],
      [4.0408006797, 7.3394955746, 4.6487610352, 4.914588326, 6.1294903538, 4.073517871, 6.92340183, 8.5124023644, 9.331651796, 7.1679032945, 5.7836926713, 7.2150649787, 9.3979858253, 4.6181197304, 8.5141148736, 5.0092483652, 6.6298896188, 12.2734843702, 5.831078643, 8.9000714449, 7.5714493136, 7.2814145696, 6.8124943892, 6.874205618, 8.979190511, 6.1386948593, 5.3589757527, 9.0421130626, 6.3901897037, 4.7328028577, 8.1527592376, 5.3130510161, 6.9338666051, 5.6450698012, 8.260732775, 10.4024075397, 2.8789131329, 21.9613611799, 41.3325734309, 29.5840631989, 37.7126046996, 30.058704354, 34.5509425018, 28.4742738835, 39.1332713062, 39.8463409763, 36.0120644555, 42.5010501052, 35.820353537, 37.5534303245],
      [0.047588999579, 0.14791381925, 0.036823850767, 0.037399668211, 0.070351498132, 0.028310116568, 0.02095255803, 0.053510519323, 0.044709750593, 0.031401569998, 0.03331927339, 0.015510289259, 0.013265126729, 0.017521627524, 0.093989669573, 0.049087970594, 0.074270559276, 0.13550542029, 0.021588664036, 0.019941356161, 0.030902234045, 0.054857844283, 0.011922987433, 0.04752217084, 0.071300423468, 0.04446780833, 0.018099706791, 0.050085589628, 0, 0.049390286906, 0.0088059686347, 0.082279643243, 0.065046010938, 0.03958724758, 0.056281214005, 0.079822688579, 0.025006776346, 0.042410307864, 0.27210441305, 0.34568080995, 0, 0.31071887095, 0.23962749072, 0.5182286418, 0.22732755849, 0.26442980639, 0.14542474686, 0, 0.34021290252, 0.14066771223]
    ]
  ],
  "prob": [
    [0.46775308265, 0.16606949233, 0.27537905762, 0.031487221371, 0.059311146031],
    [0.41408871375, 0.024234654797, 0.28233285866, 0.2499442457, 0.0293995271],
    [0.28560447249, 0.23210289513, 0.22367844032, 0.19878135739, 0.059832834671],
    [0.096662025066, 0.10419914724, 0.22896132263, 0.56637659641, 0.0038009086582]
  ],
  "iterations": 19,
  "time": 6e-05,
  "message": "Converged",
  "status": 0,
  "miniter": 0,
  "maxiter": 1000,
  "maxtime": 3600,
  "param_threshold": 0.001,
  "ll_threshold": "-Inf",
  "initial_prob": "group_proportional",
  "ballotbox_id": ["1", "2", "3", "4", "5", "6", "7", "8", "9", "10", "11", "12", "13", "14", "15", "16", "17", "18", "19", "20", "21", "22", "23", "24", "25", "26", "27", "28", "29", "30", "31", "32", "33", "34", "35", "36", "37", "38", "39", "40", "41", "42", "43", "44", "45", "46", "47", "48", "49", "50"],
  "candidates_id": ["1", "2", "3", "4", "5"],
  "group_id": ["1", "2", "3", "4"]
}
