{
  "X": [
    [31, 64, 135, 320, 25, 32],
    [22, 3, 18, 83, 3, 8],
    [50, 120, 491, 604, 93, 78],
    [9, 16, 37, 86, 1, 11],
    [31, 14, 54, 135, 11, 10],
    [25, 32, 191, 338, 34, 29],
    [24, 13, 149, 279, 36, 35],
    [24, 27, 149, 215, 37, 23],
    [15, 5, 20, 101, 2, 9],
    [16, 17, 50, 216, 26, 10],
    [28, 30, 251, 399, 38, 47],
    [25, 28, 292, 299, 41, 34],
    [12, 18, 76, 232, 11, 13],
    [35, 50, 390, 504, 60, 79],
    [62, 80, 501, 819, 80, 84],
    [41, 66, 452, 521, 56, 73],
    [22, 32, 291, 374, 65, 50],
    [1, 1, 2, 27, 0, 4],
    [13, 13, 37, 189, 4, 12],
    [16, 14, 84, 221, 8, 25],
    [3, 1, 13, 73, 4, 8],
    [3, 2, 0, 23, 0, 1],
    [9, 19, 98, 101, 31, 13],
    [4, 12, 39, 137, 7, 6],
    [24, 13, 80, 247, 31, 12],
    [25, 15, 54, 258, 9, 10],
    [13, 1, 4, 43, 0, 2],
    [1, 5, 21, 9, 4, 1],
    [18, 13, 29, 113, 9, 16],
    [6, 3, 20, 97, 3, 1],
    [10, 3, 36, 125, 15, 10],
    [5, 18, 46, 96, 9, 11],
    [9, 16, 135, 174, 6, 28],
    [28, 16, 81, 235, 16, 15],
    [8, 1, 12, 118, 6, 5],
    [0, 1, 2, 48, 2, 0],
    [8, 9, 26, 113, 15, 6],
    [17, 21, 171, 196, 28, 27],
    [10, 9, 96, 93, 20, 20],
    [16, 18, 136, 210, 28, 23],
    [35, 46, 314, 575, 71, 68],
    [3, 4, 14, 63, 4, 4],
    [3, 0, 11, 31, 1, 1],
    [12, 13, 35, 57, 4, 15],
    [14, 12, 56, 237, 10, 10],
    [2, 0, 11, 25, 0, 4],
    [2, 1, 5, 20, 0, 2],
    [5, 1, 10, 81, 2, 2],
    [12, 24, 73, 188, 23, 18],
    [7, 15, 54, 121, 6, 15],
    [10, 3, 13, 55, 6, 3],
    [5, 1, 2, 31, 1, 1],
    [5, 7, 46, 128, 8, 13],
    [5, 0, 4, 35, 0, 2],
    [9, 17, 22, 130, 16, 7],
    [1, 7, 25, 41, 1, 1],
    [1, 2, 8, 17, 5, 2],
    [0, 1, 10, 12, 2, 1],
    [7, 29, 53, 67, 3, 14],
    [1, 0, 13, 25, 0, 2],
    [14, 21, 75, 141, 1, 8],
    [0, 2, 8, 25, 1, 7],
    [2, 3, 12, 12, 0, 6],
    [3, 2, 17, 12, 2, 0],
    [1, 2, 16, 15, 1, 1],
    [5, 5, 10, 22, 0, 6],
    [0, 1, 16, 10, 1, 2],
    [2, 1, 10, 16, 0, 3],
    [32, 51, 186, 449, 33, 35],
    [4, 3, 13, 20, 3, 3],
    [6, 35, 36, 107, 6, 15],
    [1, 0, 4, 24, 4, 4],
    [6, 14, 88, 160, 23, 26],
    [4, 0, 4, 50, 1, 4],
    [8, 3, 6, 46, 2, 5],
    [0, 0, 4, 1, 1, 2],
    [21, 18, 118, 283, 25, 35],
    [24, 7, 97, 191, 25, 25],
    [8, 2, 23, 53, 11, 3],
    [39, 33, 180, 383, 61, 38],
    [6, 10, 86, 33, 13, 5],
    [7, 7, 46, 124, 9, 11],
    [3, 0, 3, 25, 1, 2],
    [6, 11, 55, 117, 7, 20],
    [15, 15, 92, 134, 17, 20],
    [16, 16, 91, 141, 18, 17],
    [3, 18, 115, 148, 27, 26],
    [1, 3, 44, 20, 3, 14],
    [13, 17, 164, 210, 26, 32],
    [11, 7, 63, 110, 16, 1],
    [9, 37, 32, 118, 9, 4],
    [8, 6, 25, 111, 4, 4],
    [22, 12, 92, 116, 7, 9],
    [12, 3, 14, 106, 3, 7],
    [0, 8, 13, 7, 2, 1],
    [29, 13, 87, 227, 13, 18],
    [2, 3, 11, 37, 3, 4],
    [3, 2, 89, 128, 22, 16],
    [144, 175, 836, 1737, 153, 141],
    [10, 26, 122, 199, 27, 20],
    [69, 169, 538, 1079, 72, 165],
    [18, 31, 82, 221, 4, 10]
  ],
  "W": [
    [189, 389, 29],
    [19, 113, 5],
    [573, 779, 84],
    [44, 110, 6],
    [58, 183, 14],
    [195, 425, 29],
    [136, 363, 37],
    [154, 298, 23],
    [16, 132, 4],
    [76, 241, 18],
    [216, 525, 52],
    [249, 409, 61],
    [67, 272, 23],
    [366, 685, 67],
    [460, 1063, 103],
    [402, 706, 101],
    [271, 488, 75],
    [3, 28, 4],
    [39, 222, 7],
    [77, 268, 23],
    [15, 82, 5],
    [1, 27, 1],
    [121, 129, 21],
    [38, 162, 5],
    [87, 303, 17],
    [56, 295, 20],
    [5, 53, 5],
    [28, 13, 0],
    [30, 158, 10],
    [16, 112, 2],
    [37, 148, 14],
    [61, 108, 16],
    [142, 199, 27],
    [86, 281, 24],
    [13, 133, 4],
    [2, 51, 0],
    [32, 131, 14],
    [155, 287, 18],
    [100, 135, 13],
    [114, 291, 26],
    [332, 727, 50],
    [13, 75, 4],
    [10, 33, 4],
    [47, 74, 15],
    [63, 268, 8],
    [10, 28, 4],
    [6, 23, 1],
    [10, 90, 1],
    [94, 215, 29],
    [64, 138, 16],
    [15, 71, 4],
    [2, 37, 2],
    [46, 154, 7],
    [5, 40, 1],
    [45, 142, 14],
    [29, 45, 2],
    [12, 22, 1],
    [11, 14, 1],
    [83, 83, 7],
    [8, 32, 1],
    [87, 166, 7],
    [7, 33, 3],
    [14, 20, 1],
    [17, 18, 1],
    [14, 22, 0],
    [13, 31, 4],
    [17, 12, 1],
    [6, 25, 1],
    [221, 523, 42],
    [20, 22, 4],
    [67, 130, 8],
    [2, 34, 1],
    [116, 180, 21],
    [3, 58, 2],
    [9, 58, 3],
    [4, 2, 2],
    [115, 364, 21],
    [97, 251, 21],
    [28, 70, 2],
    [229, 461, 44],
    [90, 51, 12],
    [50, 144, 10],
    [4, 30, 0],
    [67, 135, 14],
    [110, 158, 25],
    [105, 170, 24],
    [137, 168, 32],
    [52, 27, 6],
    [197, 243, 22],
    [65, 128, 15],
    [69, 133, 7],
    [26, 129, 3],
    [95, 142, 21],
    [8, 131, 6],
    [19, 8, 4],
    [92, 279, 16],
    [13, 44, 3],
    [79, 157, 24],
    [886, 2129, 171],
    [144, 240, 20],
    [627, 1307, 158],
    [84, 260, 22]
  ],
  "method": "mult",
  "cond_prob": [
    [
      [0.0013093123746, 0.27668001574, 0.55760323854, 0.027290309603, 0.076960747022, 0.060156376715],
      [0.078003153305, 0.02345060293, 0.046813984521, 0.80016976802, 0.018990609624, 0.032571881595],
      [0.014114252604, 0.089144568432, 0.39318441162, 0.1233135077, 0.10576109204, 0.27448216761]
    ],
    [
      [0.003465993263, 0.12110945302, 0.68449430789, 0.028341143413, 0.067938830201, 0.094650272212],
      [0.19257041134, 0.0048121833216, 0.027014580325, 0.72481661568, 0.011756266046, 0.039029943284],
      [0.034737929208, 0.031028735455, 0.38839211467, 0.1114481407, 0.07614083259, 0.35825224738]
    ],
    [
      [0, 0.17069542792, 0.67029379129, 0.0048285202029, 0.10030978586, 0.053872474725],
      [0.063094248771, 0.022644308792, 0.087579677618, 0.76072751121, 0.031129937341, 0.034824316266],
      [0.010114050086, 0.054185753004, 0.4606796277, 0.10269674629, 0.13419370849, 0.23813011443]
    ],
    [
      [0.00047899696343, 0.27638593516, 0.61434502585, 0.01707335922, 0.011981327917, 0.079735354893],
      [0.080902994187, 0.030212185941, 0.067767189055, 0.76914056975, 0.00342431594, 0.048552745129],
      [0.013265795507, 0.085946399912, 0.41907134445, 0.10721825367, 0.01602446971, 0.35847373675]
    ],
    [
      [0.0025418895164, 0.18128681779, 0.65581681944, 0.023659614856, 0.090885818881, 0.045809039518],
      [0.16625935553, 0.014596672369, 0.051885687094, 0.72157792613, 0.021717883536, 0.023962475342],
      [0.030507738993, 0.058155251755, 0.46196740961, 0.11278441835, 0.12530355842, 0.21128162288]
    ],
    [
      [9.8848703957e-05, 0.12544561268, 0.71712634086, 0.013958731985, 0.094272133499, 0.049098332276],
      [0.058128733274, 0.015021148689, 0.086529989199, 0.78147105362, 0.028078295312, 0.030770779903],
      [0.009517684868, 0.039797149479, 0.49603855597, 0.10871894735, 0.12702270552, 0.2189049568]
    ],
    [
      [4.5292808303e-05, 0.068283528158, 0.72897515422, 0.012601106543, 0.12305295565, 0.067041962622],
      [0.06512373611, 0.0082229752659, 0.090689657038, 0.75429201914, 0.037750893585, 0.043920718857],
      [0.0095655127096, 0.019689193217, 0.45781171678, 0.094006663811, 0.15030334218, 0.2686235713]
    ],
    [
      [0, 0.1295280757, 0.69188545087, 0, 0.12902326086, 0.049563212571],
      [0.079612583605, 0.02051255282, 0.10622873616, 0.71450553746, 0.044317371384, 0.03482321857],
      [0.011976090678, 0.040866765314, 0.46928161699, 0.090319558107, 0.17060178934, 0.21695417957]
    ],
    [
      [0.0012230866829, 0.17773313461, 0.67547494109, 0.021651994692, 0.037500574727, 0.086416268202],
      [0.11292471473, 0.014817091181, 0.056891058133, 0.75930337529, 0.0092086052207, 0.046855155453],
      [0.018592067278, 0.050103452606, 0.42069531727, 0.1063806368, 0.046113728808, 0.35811479723]
    ],
    [
      [0.0018807746773, 0.19305597056, 0.53295374646, 0.043015937727, 0.18877608361, 0.040317486961],
      [0.064808118086, 0.0053061539553, 0.012903507943, 0.87134519031, 0.029980155522, 0.015656874181],
      [0.013239148094, 0.05827572967, 0.35476499192, 0.15203321486, 0.24598889804, 0.17569801741]
    ],
    [
      [0, 0.096344875929, 0.75958830725, 0.0042750859778, 0.081877470005, 0.057914260836],
      [0.052564124365, 0.014523321402, 0.11485750277, 0.74900091967, 0.028064984789, 0.040989147002],
      [0.0077660520795, 0.030091597375, 0.51209109, 0.093290357699, 0.10731441278, 0.24944649007]
    ],
    [
      [0, 0.06923926498, 0.80511436103, 0, 0.084730007198, 0.040916366792],
      [0.059804771524, 0.022242190912, 0.13853080452, 0.71784771301, 0.031209568502, 0.030364951532],
      [0.0088499745329, 0.027251916999, 0.57159713205, 0.088529268508, 0.11700843754, 0.18676327037]
    ],
    [
      [0.00048296380493, 0.17839816579, 0.69360836848, 0.02340888625, 0.064428466246, 0.039673149428],
      [0.043320802271, 0.017124246115, 0.065046476297, 0.83603992256, 0.016670782853, 0.021797769903],
      [0.0080166611877, 0.060414258636, 0.51459120692, 0.13168459499, 0.093427818496, 0.19186545977]
    ],
    [
      [0, 0.095083149156, 0.7493020219, 0, 0.086395561983, 0.069219266962],
      [0.050403764978, 0.019235514723, 0.12163107809, 0.72740867375, 0.030818665385, 0.050502303076],
      [0.0070659849263, 0.030197609303, 0.48415181336, 0.085448634056, 0.10848415709, 0.28465180126]
    ],
    [
      [0, 0.12416555564, 0.73344431143, 0.0068572974441, 0.084327446244, 0.051205389241],
      [0.057457757013, 0.017665441559, 0.10453223948, 0.757821501, 0.027727794742, 0.034795266208],
      [0.0089553815096, 0.0398590294, 0.50968782693, 0.099819297243, 0.11392940696, 0.22774905796]
    ],
    [
      [0, 0.11052067991, 0.7656617488, 0, 0.070502553015, 0.05331501828],
      [0.056880480471, 0.025023886543, 0.12809839425, 0.72525942651, 0.025554272606, 0.039183539617],
      [0.0083404038377, 0.038651710661, 0.53234168951, 0.088780642426, 0.095214428, 0.23667112557]
    ],
    [
      [0, 0.086121638025, 0.73834818174, 0, 0.12178866556, 0.053741514674],
      [0.044095207353, 0.013606910307, 0.11081606732, 0.75231023743, 0.04140785021, 0.037763727384],
      [0.006420517488, 0.02694485154, 0.49105869196, 0.091634721786, 0.15717654309, 0.22676467414]
    ],
    [
      [0.00081561868365, 0.2889434523, 0.46455710081, 0.049907450132, 0, 0.19577637807],
      [0.027102179823, 0, 0, 0.93609216298, 0, 0.036805657194],
      [0.059673027223, 0.033292410773, 0.15158217439, 0.15992427152, 0, 0.59552811609]
    ],
    [
      [0.00082943966314, 0.23137927903, 0.63106182322, 0.027853362712, 0.041475769334, 0.06740032604],
      [0.058065842293, 0.015658717056, 0.042313691243, 0.8421731251, 0.0089947754516, 0.032793848859],
      [0.011004980576, 0.071424704491, 0.42784991978, 0.13589786894, 0.05508640653, 0.29873611968]
    ],
    [
      [0.00067448940596, 0.12989287894, 0.72328128979, 0.023183780183, 0.045768843885, 0.077198717798],
      [0.058683319289, 0.011660096614, 0.0658762597, 0.80829916822, 0.011791639247, 0.043689516933],
      [0.0096058585313, 0.037971409973, 0.4631523081, 0.11263790626, 0.057201726203, 0.31943079093]
    ],
    [
      [0.0007292293897, 0.054767930504, 0.65998887181, 0.036995121581, 0.12213153231, 0.12538731441],
      [0.036088642363, 0.0014413927012, 0.018046861668, 0.87595030434, 0.019178312275, 0.049294486654],
      [0.0059585770769, 0.012057368189, 0.32406485323, 0.12342964409, 0.11908108178, 0.41540847564]
    ],
    [
      [0.0015122233932, 0.89975399289, 0, 0.031095771145, 0, 0.06763801257],
      [0.10982560868, 0.029833726706, 0, 0.84268002387, 0, 0.017660640742],
      [0.033196342135, 0.29473538606, 0, 0.21654358441, 0, 0.4555246874]
    ],
    [
      [0, 0.13251056762, 0.6504265731, 0.0068905173309, 0.16585557621, 0.044316765745],
      [0.068013880171, 0.016313921377, 0.078487168727, 0.7599756706, 0.049390707408, 0.027818651713],
      [0.010771878947, 0.041034545756, 0.43683523284, 0.10139932834, 0.21714638204, 0.19281263209]
    ],
    [
      [0.00019072072962, 0.20923967401, 0.65669285012, 0.020014182996, 0.07652762957, 0.037334942572],
      [0.024510152599, 0.022770649646, 0.071389674591, 0.8370211344, 0.021758636866, 0.022549751894],
      [0.0044215782466, 0.072009428977, 0.49610888236, 0.12840745452, 0.1134101808, 0.18564247508]
    ],
    [
      [0.0011407377433, 0.11178701688, 0.65336342758, 0.025864913442, 0.17052965259, 0.037314251769],
      [0.078101529993, 0.0088712748522, 0.051639687969, 0.80095287812, 0.040718244376, 0.019716384689],
      [0.013881895799, 0.034501955951, 0.44179743213, 0.12123708586, 0.22507601054, 0.16350561973]
    ],
    [
      [0.0016210415092, 0.19871802501, 0.66020519091, 0.034259898355, 0.06714261351, 0.038053230705],
      [0.083185866038, 0.0086890101848, 0.025307532574, 0.85707082103, 0.011307102179, 0.014439667996],
      [0.018469559719, 0.065426629748, 0.47813935998, 0.16227767443, 0.095220925037, 0.18046585108]
    ],
    [
      [0.29297132373, 0.15251939125, 0.4291954709, 0.050475521669, 0, 0.074838292452],
      [0.21053263592, 0, 0, 0.78646076221, 0, 0.0030066018721],
      [0.075382735569, 0.047480608747, 0.3708045291, 0.21304039888, 0, 0.2932917277]
    ],
    [
      [0, 0.14140979868, 0.7069511451, 0, 0.12445296173, 0.027186094488],
      [0.076923076923, 0.080040433613, 0.092720610545, 0.69230769231, 0.039639774739, 0.018368411873],
      [0.013228210767, 0.055218039958, 0.51194115146, 0.097597749701, 0.1796224194, 0.1423924287]
    ],
    [
      [0.0007086238424, 0.25728120465, 0.53262811207, 0.0157004431, 0.10082892638, 0.092852689963],
      [0.11275287962, 0.028855735004, 0.061631384509, 0.70668738216, 0.030103592585, 0.059969026122],
      [0.01637863052, 0.07223577299, 0.32833978855, 0.087238032541, 0.12187645802, 0.37393131738]
    ],
    [
      [0.00065924599771, 0.11967587421, 0.77433300251, 0.026213150528, 0.067097055296, 0.012021671456],
      [0.053271914352, 0.0089189045406, 0.056929952245, 0.85950783793, 0.015310402082, 0.0060609888462],
      [0.011498828324, 0.043134352014, 0.61725865422, 0.15785587144, 0.10584104104, 0.064411252961]
    ],
    [
      [0.0011887230086, 0.060885997951, 0.66774310566, 0.030459656374, 0.17827938902, 0.06144312799],
      [0.066194923311, 0.0034856257406, 0.038461469572, 0.8255353674, 0.036947199636, 0.029375414338],
      [0.011369185623, 0.016524676156, 0.40008625671, 0.12098273848, 0.20967693287, 0.24136021016]
    ],
    [
      [0.0010872873255, 0.24387418162, 0.57737238245, 0.035736595632, 0.083798513703, 0.058131039267],
      [0.044469005504, 0.017558576182, 0.040479667777, 0.84893089692, 0.01911528163, 0.029446571988],
      [0.0081889299188, 0.076709293354, 0.4005300344, 0.13347067495, 0.1139900155, 0.26711105187]
    ],
    [
      [0.00087465408723, 0.096317532811, 0.76785568934, 0.031212239204, 0.026656026625, 0.077083857936],
      [0.043614876545, 0.0078408029103, 0.063485043911, 0.83597002408, 0.0066003967858, 0.042488855771],
      [0.0072755069282, 0.028244094878, 0.49373956947, 0.11888249044, 0.033383898477, 0.3184744398]
    ],
    [
      [0.0020217734838, 0.14515664695, 0.68353838353, 0.032092906185, 0.090912230025, 0.046278059825],
      [0.097423982449, 0.0086255156555, 0.038809668622, 0.81504797858, 0.018649961148, 0.021442893544],
      [0.018749517175, 0.045531602614, 0.47125758892, 0.13381367027, 0.12253788064, 0.20810974038]
    ],
    [
      [0.0010874611191, 0.057897932987, 0.65641457161, 0.038927729291, 0.17366322966, 0.072009075333],
      [0.059658770534, 0.0014289602093, 0.015241613807, 0.87857878666, 0.022471477094, 0.022620391698],
      [0.012811631115, 0.014318790833, 0.35986898318, 0.16074022342, 0.18841789024, 0.26384248122]
    ],
    [
      [0, 0.25190771533, 0.50071226507, 0.038634089291, 0.20874593031, 0],
      [0, 0.0097291092026, 0.019579911174, 0.93966140826, 0.03102957136, 0],
      [0, 0.079769850254, 0.36523032616, 0.23692570814, 0.31807411544, 0]
    ],
    [
      [0.0010901543986, 0.20370183068, 0.53116459071, 0.031053741829, 0.19402159157, 0.038968090808],
      [0.059590689929, 0.012296424538, 0.030424157517, 0.84042544833, 0.039591280336, 0.01767199935],
      [0.011338191326, 0.06219355741, 0.35836917589, 0.1364676093, 0.25748938183, 0.17414208424]
    ],
    [
      [0, 0.078070939445, 0.76787506748, 0, 0.095498107149, 0.058555885927],
      [0.058728916409, 0.029136724238, 0.1492071405, 0.67804711325, 0.038229459899, 0.046650645709],
      [0.0080444994855, 0.029820251659, 0.50871751213, 0.077804360963, 0.12366324449, 0.25195013127]
    ],
    [
      [0, 0.05568385576, 0.74112460012, 0, 0.12257724522, 0.080614298901],
      [0.073148175061, 0.023501693437, 0.11945833176, 0.68168806275, 0.043588418177, 0.058615318821],
      [0.0096151051361, 0.019914293076, 0.44312809234, 0.074777809937, 0.1429106942, 0.30965400531]
    ],
    [
      [0, 0.10027017923, 0.74120325629, 0, 0.1078150221, 0.050711542379],
      [0.054300244525, 0.019629880131, 0.13160780311, 0.71411445219, 0.041127399366, 0.039220220679],
      [0.0076395708918, 0.032957863435, 0.507883003, 0.084334400511, 0.14388516404, 0.22329999812]
    ],
    [
      [5.3620032729e-05, 0.1063713271, 0.6956552384, 0.01347819184, 0.1161917995, 0.068249823126],
      [0.047623821431, 0.012563612988, 0.083841166557, 0.77790082704, 0.034732741962, 0.043337830018],
      [0.0071935993742, 0.031019455204, 0.44179865529, 0.099826780963, 0.14347238319, 0.27668912598]
    ],
    [
      [0.00041722094528, 0.19151180933, 0.62488904748, 0.022677527108, 0.10605366137, 0.054450733763],
      [0.039568191969, 0.017031500785, 0.055832042628, 0.82965576047, 0.02735312452, 0.030559379633],
      [0.0067404325159, 0.058245979958, 0.42225979641, 0.12025252816, 0.14245451581, 0.25004674715]
    ],
    [
      [0.015412685349, 0, 0.85817420443, 0.049651791399, 0.051308113251, 0.025453205567],
      [0.08384369468, 0, 0, 0.9032045373, 0.0060009078854, 0.0069508601349],
      [0.019757805513, 0, 0.60456448891, 0.17443308878, 0.072222226819, 0.12902238997]
    ],
    [
      [0.00414642395, 0.23393475956, 0.57618998818, 0.032502049386, 0.049179162611, 0.10404761632],
      [0.15435978014, 0.014296646532, 0.037032956705, 0.72875713879, 0.011108371207, 0.05444510662],
      [0.025499622918, 0.063140963832, 0.34524211729, 0.10295836055, 0.057770659197, 0.40538827621]
    ],
    [
      [0.0010033401707, 0.15225715988, 0.68691088185, 0.034054087524, 0.079988929931, 0.045785600639],
      [0.051690516637, 0.0075482155111, 0.033265811091, 0.87183413864, 0.015275206747, 0.02038611137],
      [0.010466388806, 0.048109646298, 0.47617213387, 0.15038041617, 0.10836775077, 0.20650366409]
    ],
    [
      [0.0019709227631, 0, 0.85063507045, 0.041010119995, 0, 0.1063838868],
      [0.069097355444, 0, 0.023511095588, 0.86084406731, 0, 0.046547481655],
      [0.011391204982, 0, 0.45883465477, 0.12156622882, 0, 0.40820791142]
    ],
    [
      [0.0020823072207, 0.14926980191, 0.71089568582, 0.037325470318, 0, 0.10042673474],
      [0.085787098217, 0.0029707390356, 0.014795364709, 0.85451179201, 0, 0.041935006033],
      [0.014402897684, 0.036054190722, 0.3943324968, 0.12227596196, 0, 0.43293445284]
    ],
    [
      [0.00096400032228, 0.077655236026, 0.75869695293, 0.037141517097, 0.082262346547, 0.043279947082],
      [0.055304640796, 0.0022326074643, 0.021372218363, 0.89389428849, 0.011905706537, 0.015290538349],
      [0.012942325168, 0.02251296796, 0.48953081811, 0.17809886483, 0.10586294616, 0.19105207777]
    ],
    [
      [0.0012659757307, 0.20548797701, 0.57460569771, 0.034942912117, 0.1285933253, 0.055104112134],
      [0.053928106523, 0.013341363532, 0.036304607855, 0.8413861825, 0.027990257153, 0.027049482436],
      [0.009877771688, 0.062611620764, 0.38557150782, 0.13163231114, 0.16876972875, 0.24153705985]
    ],
    [
      [0.0011217897832, 0.19248744861, 0.64590993062, 0.034412980822, 0.051996558031, 0.074071292142],
      [0.049197299891, 0.012794347416, 0.042728742984, 0.84607065979, 0.011639523484, 0.037569426431],
      [0.0086861293066, 0.057198959114, 0.4228248693, 0.12748863599, 0.066622877832, 0.31717852846]
    ],
    [
      [0.0023264133898, 0.14862512933, 0.60324887908, 0.027076932113, 0.17304854066, 0.045674105426],
      [0.13891983011, 0.0084224742046, 0.033701950833, 0.76222464792, 0.035437572865, 0.021293524065],
      [0.025448965271, 0.043156847895, 0.38960707615, 0.11897400402, 0.22205105416, 0.2007620525]
    ],
    [
      [0.0022016517759, 0.29035644012, 0.50879151755, 0.035421419111, 0.11372492715, 0.049504044286],
      [0.13314220135, 0.0071269731422, 0.0092841431368, 0.82602658473, 0.012782010573, 0.011638087064],
      [0.034667623212, 0.077794556747, 0.31945183442, 0.18308676336, 0.14980787724, 0.23519134503]
    ],
    [
      [0.00031108094641, 0.11162749526, 0.70393708924, 0.021711600485, 0.083477938759, 0.078934795308],
      [0.032148845624, 0.010679837573, 0.068632744285, 0.81978568452, 0.022415857214, 0.046337030783],
      [0.0049668643479, 0.03149146168, 0.43563589643, 0.10775299449, 0.10113897231, 0.31901381075]
    ],
    [
      [0.11649308537, 0, 0.72045764856, 0.04824332152, 0, 0.11480594456],
      [0.10973295196, 0, 0, 0.86477300048, 0, 0.025494047563],
      [0.028216494906, 0, 0.39771175722, 0.16786337319, 0, 0.40620837469]
    ],
    [
      [0.001957370651, 0.32679906036, 0.38974463577, 0.046503632036, 0.19065710331, 0.044338197876],
      [0.061456058696, 0.0062466890698, 0.0052062426455, 0.88470157079, 0.027021825622, 0.015367613177],
      [0.013225570417, 0.10050088827, 0.26587178106, 0.16283667902, 0.25595222234, 0.20161285889]
    ],
    [
      [0.00036975511064, 0.20767837704, 0.72360803065, 0.030089001342, 0.022923882915, 0.015330952948],
      [0.021776338818, 0.018124127743, 0.06155384986, 0.88454795483, 0.0057159228918, 0.0082818058544],
      [0.0046709274983, 0.080870658761, 0.62272193374, 0.1613804968, 0.038995432659, 0.091360550533]
    ],
    [
      [0, 0.13646421981, 0.53196122387, 0.010908954363, 0.2543440412, 0.066321560756],
      [0.045180965454, 0.014888853518, 0.059673711078, 0.76285898008, 0.07526216215, 0.042135327719],
      [0.006018760014, 0.034874584856, 0.30364366981, 0.08619498588, 0.29210393833, 0.27716406111]
    ],
    [
      [0, 0.077655849188, 0.7533196527, 0.0072648073293, 0.12141706668, 0.040342624108],
      [0, 0.008773025219, 0.086717236376, 0.84367268747, 0.035824981014, 0.025012069919],
      [0, 0.022963305863, 0.49944251108, 0.10866949477, 0.16286253234, 0.20606215595]
    ],
    [
      [0.0009246405034, 0.31116634952, 0.55317531928, 0.021825978527, 0.026250906406, 0.086656805768],
      [0.082261889444, 0.030227153919, 0.054220786536, 0.77616487206, 0.0070067899079, 0.050118508135],
      [0.013645430628, 0.094905602122, 0.36944617392, 0.10953705733, 0.034230172272, 0.37823556372]
    ],
    [
      [0, 0, 0.94086323094, 0.0065457981668, 0, 0.052590970889],
      [0.031117517235, 0, 0.15099098349, 0.77681229593, 0, 0.041079203345],
      [0.0042394484895, 0, 0.64138268075, 0.089640144911, 0, 0.26473772584]
    ],
    [
      [0.0017426825637, 0.20560288771, 0.71520563619, 0.031915806065, 0.0073191641581, 0.038213823306],
      [0.082717178588, 0.015655703873, 0.053361586467, 0.82665627153, 0.0017160660959, 0.019893193443],
      [0.016762138754, 0.073385989419, 0.55986947109, 0.14262625685, 0.011195106617, 0.19616103727]
    ],
    [
      [0, 0.16952138918, 0.61316298576, 0.0084564438362, 0.046340639537, 0.16251854169],
      [0, 0.021328564195, 0.085314847967, 0.74990492707, 0.016338805276, 0.12711285549],
      [0, 0.036502552441, 0.29748970559, 0.064647433226, 0.045478316375, 0.55588199237]
    ],
    [
      [0, 0.14510426402, 0.67111737694, 0, 0, 0.18377835904],
      [0.099522645913, 0.046670015477, 0.11499783199, 0.59760804054, 0, 0.14120146608],
      [0.0095470817462, 0.035139994141, 0.30440008293, 0.047839189194, 0, 0.60307365198]
    ],
    [
      [0, 0.084882734851, 0.83364257026, 0, 0.081474694885, 0],
      [0.16494700319, 0.028862017126, 0.11866658714, 0.66091460008, 0.026609792467, 0],
      [0.030953942624, 0.037477199254, 0.69207773703, 0.10353719854, 0.13595392255, 0]
    ],
    [
      [0, 0.069042430028, 0.85759742775, 0, 0.042702791885, 0.03065735034],
      [0.045454545455, 0.046972999073, 0.18152890962, 0.68181818182, 0.018280041528, 0.025945322511],
      [0.0069451310502, 0.035451268152, 0.63220239724, 0.087595917005, 0.064019281697, 0.17378600485]
    ],
    [
      [0.0015595156097, 0.30056161186, 0.55261403234, 0.018240423716, 0, 0.12702441648],
      [0.15772441051, 0.025331946613, 0.050079097768, 0.69117598362, 0, 0.075688561494],
      [0.022567392839, 0.076852175206, 0.31589138721, 0.084104749888, 0, 0.50058429486]
    ],
    [
      [0, 0.046061220009, 0.83927833106, 0, 0.045875561368, 0.068784887565],
      [1.9829778036e-18, 0.016839429563, 0.10121162052, 0.82515287862, 0.013634803784, 0.043161267509],
      [0, 0.014886105096, 0.51772892579, 0.098165456501, 0.056497811337, 0.31272170128]
    ],
    [
      [0, 0.081423779875, 0.83284033427, 0, 0, 0.085735885851],
      [0.079669620504, 0.019515968088, 0.1797198172, 0.63777485776, 0, 0.083319736442],
      [0.0082594874029, 0.023558118542, 0.50996256426, 0.055628555951, 0, 0.40259127385]
    ],
    [
      [0.0011962887201, 0.18695869968, 0.64583436354, 0.031550344083, 0.082867292006, 0.051593011973],
      [0.059790942738, 0.013722248194, 0.046481918645, 0.83459887376, 0.019015179817, 0.02639083685],
      [0.011070408113, 0.059652180122, 0.45144195731, 0.13171816627, 0.11289022435, 0.23322706384]
    ],
    [
      [0.022800405703, 0.14217180311, 0.57722857014, 0.083834771559, 0.10806030437, 0.065904145116],
      [0.15512862177, 0, 0, 0.80751432411, 0.013709518965, 0.023647535159],
      [0.032790551748, 0.039140984455, 0.36385714931, 0.13949735963, 0.13429612382, 0.29041783104]
    ],
    [
      [0.00040291023849, 0.42299666999, 0.41954109163, 0.020547813689, 0.05294824405, 0.083563270399],
      [0.045469759279, 0.042990478841, 0.042806778826, 0.80530978288, 0.014449241904, 0.048973958265],
      [0.0077420384746, 0.13380760766, 0.29073320164, 0.11662808848, 0.071758275139, 0.3793307886]
    ],
    [
      [0.00016177987608, 0, 0.59846512474, 0.012942044018, 0.26631978819, 0.12211126318],
      [0.0293248171, 0, 0.074590215106, 0.70354404509, 0.094564697608, 0.097976225099],
      [0.0026326588359, 0, 0.2670024369, 0.053618379008, 0.25216070497, 0.42458582029]
    ],
    [
      [0.00095605322378, 0.10622485234, 0.63334461186, 0.040540079409, 0.12828691878, 0.090647484391],
      [0.032117602331, 0.0060457302491, 0.037723213401, 0.8492216566, 0.028137987411, 0.046753810006],
      [0.0051394955447, 0.02808027064, 0.36865936249, 0.11606917145, 0.14542284228, 0.33662885759]
    ],
    [
      [0.0011631879546, 0, 0.72682187698, 0.03876350734, 0.082513076483, 0.15073835124],
      [0.068461742659, 0, 0.020576382544, 0.85534469074, 0.010467409083, 0.045149774973],
      [0.012864680963, 0, 0.31305209075, 0.13685870749, 0.072675521878, 0.46454899892]
    ],
    [
      [0.0025503405728, 0.26361856276, 0.48961904142, 0.031802757198, 0.093979752847, 0.11842954521],
      [0.13628207707, 0.0076063283688, 0.014067804226, 0.78203653708, 0.014732571911, 0.045274681339],
      [0.02422882152, 0.062088629937, 0.25916532737, 0.1185520115, 0.09989768451, 0.43606752515]
    ],
    [
      [0, 0, 0.6743755051, 0, 0.15453289924, 0.17109159565],
      [0, 0, 0.32999585401, 0.5, 0.052859396114, 0.11714474988],
      [0, 0, 0.32125313579, 0, 0.1380748054, 0.54067205882]
    ],
    [
      [0.00023997283619, 0.11067158607, 0.69127439475, 0.01562500704, 0.10071113399, 0.081477905318],
      [0.057134794799, 0.012690777285, 0.081311231699, 0.76704019457, 0.029920071384, 0.051902930266],
      [0.0083494198502, 0.031110698596, 0.42410267927, 0.095261588969, 0.12034826705, 0.32082734626]
    ],
    [
      [0.00076236378033, 0.054956829061, 0.71836507718, 0.018558007712, 0.13131280368, 0.07604491859],
      [0.094147434603, 0.0053896190502, 0.072814345835, 0.74586388015, 0.036025483898, 0.045759236461],
      [0.014049744184, 0.015066342834, 0.43058031947, 0.094668539707, 0.15334578976, 0.29228926404]
    ],
    [
      [0.001486663725, 0.057881543529, 0.65111173259, 0.022441843199, 0.22760286624, 0.039475350717],
      [0.11317361936, 0.0049439212176, 0.056349930936, 0.74526709952, 0.057990679819, 0.02227474914],
      [0.018110030075, 0.016621147981, 0.41218816093, 0.10146571193, 0.28388607903, 0.16772887005]
    ],
    [
      [0.0019560929941, 0.12137977187, 0.62648679138, 0.033516548466, 0.15775146054, 0.058909334743],
      [0.082278501602, 0.0079343663631, 0.041271332145, 0.80292561191, 0.035338357782, 0.030251830201],
      [0.014128760584, 0.035142939729, 0.3979191058, 0.11763643892, 0.19508937722, 0.24008337775]
    ],
    [
      [0, 0.061279006922, 0.80810376079, 0, 0.10393327932, 0.026683952965],
      [0.11339165711, 0.080190365555, 0.12228541009, 0.62777890964, 0.036544634533, 0.019809023074],
      [0.018085457293, 0.032931727811, 0.58617546784, 0.081939634015, 0.14851904167, 0.13234867137]
    ],
    [
      [0.00088346034379, 0.11176799886, 0.69533601938, 0.030726648104, 0.094776749278, 0.06650912403],
      [0.047736179869, 0.0075596623254, 0.047312085523, 0.84190149193, 0.021398393465, 0.034092186883],
      [0.0081817081711, 0.032300868205, 0.44202587155, 0.12298527563, 0.11797938771, 0.27652688873]
    ],
    [
      [0.0019153163559, 0, 0.69843613878, 0.035655829883, 0.12659703503, 0.13739567995],
      [0.099744624486, 0, 0.0068751814957, 0.82857922268, 0.016453728663, 0.048347242673],
      [0.015678727919, 0, 0.29585799937, 0.11082011431, 0.11278304552, 0.46486011288]
    ],
    [
      [0.0010109686719, 0.13948474255, 0.65749612771, 0.034646156066, 0.06194237691, 0.10541962809],
      [0.043234147093, 0.0084582956181, 0.041662437399, 0.83775445693, 0.013853898159, 0.055036764801],
      [0.0068325172425, 0.036618024335, 0.38023788533, 0.11298970414, 0.069970321119, 0.39335154783]
    ],
    [
      [0.0027485741352, 0.11790094815, 0.67622034872, 0.038676727556, 0.096411922944, 0.068041478502],
      [0.090535288859, 0.0074624337933, 0.043304951097, 0.80233142555, 0.021497609593, 0.034868291111],
      [0.015723248214, 0.034073246585, 0.43094317471, 0.1190877893, 0.11992264642, 0.28024989477]
    ],
    [
      [0.0020226061625, 0.12779692892, 0.67972609922, 0.031578352282, 0.10196771064, 0.05690830278],
      [0.09063704784, 0.0097420570701, 0.051847067527, 0.7932461842, 0.024270413236, 0.030257230128],
      [0.015805342504, 0.038548865073, 0.45061492093, 0.11801757069, 0.13197583887, 0.24503746194]
    ],
    [
      [0.0002423301866, 0.11173868904, 0.66699718018, 0.026054014291, 0.12289007327, 0.072077713027],
      [0.017140388451, 0.0099562451374, 0.061286854304, 0.83808812128, 0.032075269814, 0.041453121016],
      [0.0027254845195, 0.031848450591, 0.41641233724, 0.11349361461, 0.14923170727, 0.28628840577]
    ],
    [
      [0, 0.039715485367, 0.75561687865, 0, 0.045427156562, 0.15924047942],
      [0.036115397522, 0.03192189512, 0.090881274293, 0.72557323298, 0.013875250115, 0.10163294997],
      [0.0041473778183, 0.012150598778, 0.37568798407, 0.06825378493, 0.043859350943, 0.49590090346]
    ],
    [
      [0.001336399124, 0.076875341585, 0.71643722545, 0.035755047765, 0.092404158455, 0.077191827618],
      [0.051657003738, 0.0056759314123, 0.054067109687, 0.82489829585, 0.022054943555, 0.041646715756],
      [0.0083671574615, 0.021650289753, 0.44197995145, 0.11390771356, 0.1107740682, 0.30332081957]
    ],
    [
      [0.0019066273354, 0.087518657455, 0.73515450873, 0.033515073406, 0.13704289086, 0.0048622422159],
      [0.082989426858, 0.0066128697955, 0.051668785273, 0.82555866071, 0.030809679251, 0.0023605781085],
      [0.016894839023, 0.030989328776, 0.57342349453, 0.14333411048, 0.20990487665, 0.025453350539]
    ],
    [
      [0.0018851151301, 0.46396312877, 0.38784623393, 0.040090068014, 0.082945993259, 0.023269460899],
      [0.065872200488, 0.027664953826, 0.021309215861, 0.85733914803, 0.01705746891, 0.010757012886],
      [0.015560627305, 0.1867293223, 0.34349773562, 0.17252551704, 0.14401187143, 0.1376749263]
    ],
    [
      [0.00095606763801, 0.17083995417, 0.69057886341, 0.029173145128, 0.069392860309, 0.039059109343],
      [0.06153398888, 0.010775756424, 0.043004618993, 0.85118430457, 0.014725838743, 0.01877549239],
      [0.012419225299, 0.056029537653, 0.49911790039, 0.14624097903, 0.098717478052, 0.18747487958]
    ],
    [
      [0.0047055679285, 0.10765803133, 0.77062010895, 0.03850122437, 0.044839676254, 0.033675391172],
      [0.14743958592, 0.0071335803926, 0.047856236351, 0.77172763215, 0.0096586567677, 0.016184308423],
      [0.029359516506, 0.036167552775, 0.57121448038, 0.13128856761, 0.065176261659, 0.16679362108]
    ],
    [
      [0.001063354723, 0.1586454062, 0.67104533229, 0.025164938417, 0.069490888344, 0.074590080028],
      [0.090773684638, 0.01117702596, 0.046767979935, 0.80187548259, 0.014731411857, 0.03467441502],
      [0.016690079106, 0.044441058272, 0.41750532837, 0.12549871223, 0.085709656666, 0.31015516536]
    ],
    [
      [0, 0.35499997149, 0.55603317979, 0, 0.070613170031, 0.018353678687],
      [0, 0.085226735612, 0.067430999371, 0.81333003466, 0.021108742735, 0.01290348762],
      [0, 0.1432966642, 0.47398039725, 0.12333993068, 0.12236995688, 0.137013051]
    ],
    [
      [0.0019486475431, 0.11294021978, 0.7205907351, 0.029722701565, 0.074741608087, 0.060056087925],
      [0.10225003171, 0.0074098930165, 0.04702236596, 0.79684522607, 0.01644422411, 0.030028259141],
      [0.018310348754, 0.033883726779, 0.47415076676, 0.12160583647, 0.095989595578, 0.25605972565]
    ],
    [
      [0.00063366418345, 0.1760445409, 0.60652362393, 0.025893990761, 0.11005616508, 0.080848015153],
      [0.044787884124, 0.012931845603, 0.045902211959, 0.82573235911, 0.026641962396, 0.044003736811],
      [0.0070318213901, 0.047473253937, 0.3651651876, 0.11038477312, 0.13234116951, 0.33760379444]
    ],
    [
      [0, 0.018833176425, 0.77660391636, 0.0082910016018, 0.13927682659, 0.056995079023],
      [0.01869317347, 0.0024195569885, 0.10090087069, 0.79619309114, 0.043799933617, 0.037993374095],
      [0.0027154902172, 0.0055128589668, 0.49195224624, 0.097612315169, 0.17168921339, 0.23051787601]
    ],
    [
      [0.00068058880541, 0.15170754938, 0.686471322, 0.021603321808, 0.090576923377, 0.048960294635],
      [0.066428496009, 0.015163161606, 0.068476033649, 0.79743021017, 0.024284736409, 0.028217362157],
      [0.011524738688, 0.048565732117, 0.47953762029, 0.11772245279, 0.12307977821, 0.2195696779]
    ],
    [
      [0.00026017850175, 0.14802694279, 0.66600988744, 0.018560943783, 0.11377031403, 0.053371733457],
      [0.040946690098, 0.015696646382, 0.071186927419, 0.80856190486, 0.031739240771, 0.03186859047],
      [0.0067664336111, 0.045846255339, 0.45048568138, 0.11361834645, 0.14998284974, 0.23330043347]
    ],
    [
      [0.00050644980874, 0.21070924727, 0.62575409337, 0.021411372641, 0.061072731759, 0.080546105153],
      [0.051537566299, 0.020631612116, 0.062255847749, 0.80188304824, 0.016460278504, 0.047231647096],
      [0.0083725115014, 0.062783448897, 0.40685943323, 0.11084762855, 0.077176032799, 0.33396094503]
    ],
    [
      [0.00091206678405, 0.2661792946, 0.65630680624, 0.025262231451, 0.02175689755, 0.029582703377],
      [0.067749819039, 0.024736904093, 0.057413500488, 0.82947402117, 0.0053753159355, 0.01525043927],
      [0.014019701814, 0.1004247359, 0.54285082494, 0.14612395695, 0.035219930116, 0.16136085028]
    ]
  ],
  "expected_outcome": [
    [
      [0.24746003881, 0.065853871997, 0, 0.021075866391, 0.14742959195, 0.019275497272, 0.0061598219292, 0, 0.019569386926, 0.14293887547, 0, 0, 0.03235857493, 0, 0, 0, 0, 0.002446856051, 0.032348146862, 0.051935684259, 0.010938440845, 0.0015122233932, 0, 0.0072473877255, 0.099244183663, 0.090778324517, 1.4648566186, 0, 0.021258715272, 0.010547935963, 0.043982751318, 0.066324526857, 0.12420088039, 0.17387251961, 0.014136994548, 0, 0.034884940755, 0, 0, 0, 0.017801850866, 0.0054238722887, 0.15412685349, 0.19488192565, 0.063210430755, 0.019709227631, 0.012493843324, 0.0096400032228, 0.11900171868, 0.071794546122, 0.034896200848, 0.0044033035518, 0.014309723535, 0.58246542684, 0.088081679296, 0.010722898208, 0, 0, 0.076745161782, 0, 0.15161338304, 0, 0, 0, 0, 0.020273702926, 0, 0, 0.26437980714, 0.45600811406, 0.026994985979, 0.00032355975217, 0.11090217396, 0.0034895638637, 0.022953065156, 0, 0.027596876162, 0.073949286692, 0.041626584301, 0.44794529564, 0, 0.04417301719, 0.0076612654234, 0.067734901018, 0.30234315487, 0.21237364706, 0.033199235565, 0, 0.26327062743, 0.1239307768, 0.13007294398, 0.024857758588, 0.44702895321, 0.0085068377844, 0, 0.17927557397, 0.0082376343848, 0, 0.60300168159, 0.037465704252, 0.31754403008, 0.07661360986],
      [52.2925229758, 2.3010796074, 97.8084801989, 12.160981147, 10.5146354319, 24.4618944722, 9.2865598295, 19.9473236576, 2.8437301537, 14.6722537627, 20.8104932006, 17.2405769801, 11.952677108, 34.8004325912, 57.1161555946, 44.4293133238, 23.3389639047, 0.86683035691, 9.0237918822, 10.001751678, 0.82151895756, 0.89975399289, 16.0337786816, 7.9511076125, 9.7254704686, 11.1282094005, 0.76259695627, 3.959474363, 7.7184361394, 1.9148139874, 2.2527819242, 14.8763250787, 13.6770896591, 12.4834716381, 0.75267312883, 0.50381543067, 6.5184585817, 12.100995614, 5.568385576, 11.4308004327, 35.3152805977, 2.4896535213, 0, 10.9949336991, 9.5922010726, 0, 0.89561881146, 0.77655236026, 19.3158698386, 12.3191967108, 2.2293769399, 0.58071288024, 5.1348647819, 0, 14.7059577163, 6.022672934, 1.6375706377, 0.85421434107, 25.8268070099, 0, 17.8874512312, 1.1866497243, 2.0314596963, 1.4430064925, 0.96659402039, 3.9073009542, 0.78304074015, 0.48854267925, 41.3178726294, 2.8434360622, 28.3407768893, 0, 12.3220828717, 0, 2.3725670648, 0, 12.7272323977, 5.3308124189, 1.6206832188, 27.7959677586, 5.5151106229, 5.5883999431, 0, 9.3454777509, 12.969104296, 13.4186775363, 15.308200398, 2.0652052391, 15.1444422923, 5.6887127345, 32.013455885, 4.4418388084, 10.227512976, 1.2691632496, 6.7449994583, 10.3905002199, 2.2885790316, 1.4878209376, 134.4128887477, 21.3158797615, 132.1146980381, 22.359060746],
      [105.3870120842, 13.0053918499, 384.0783424094, 27.0311811372, 38.0373755273, 139.8396364673, 99.1406209744, 106.5503594337, 10.8075990574, 40.5044847311, 164.0710743666, 200.4734758962, 46.4717606881, 274.2445400149, 337.3843832583, 307.7960230158, 200.0923572527, 1.3936713024, 24.6114111056, 55.692659314, 9.8998330771, 0, 78.7016153447, 24.9543283045, 56.8426181993, 36.971490691, 2.1459773545, 19.7946320629, 15.9788433621, 12.3893280401, 24.7064949094, 35.2197153297, 109.0355078858, 58.7843009833, 8.5333894309, 1.0014245301, 16.9972669028, 119.0206354592, 74.1124600124, 84.4971712169, 230.9575391487, 8.1235576173, 8.5817420443, 27.0809294444, 43.2753855567, 8.5063507045, 4.2653741149, 7.5869695293, 54.0129355846, 41.3382355594, 9.0487331862, 1.0175830351, 32.3811061052, 3.6022882428, 17.5385086095, 20.9846328888, 6.3835346865, 8.2865161797, 45.9135515001, 7.5269058476, 62.2228903488, 4.2921409003, 9.3956432772, 14.1719236945, 12.0063639885, 7.1839824204, 14.267731628, 4.9970420056, 142.7293943417, 11.5445714028, 28.1092531395, 1.1969302495, 73.4679749754, 2.180465631, 4.4065713728, 2.6975020204, 79.4965553968, 69.6814124866, 18.2311285126, 143.465475226, 72.7293384714, 34.7668009691, 2.7937445551, 44.0522405565, 74.384238359, 71.3712404181, 91.3786136853, 39.2920776897, 141.1381334142, 47.7850430671, 26.7613901412, 17.9550504487, 73.2089103502, 5.3683626583, 10.564630416, 66.2943476289, 7.884807111, 61.3517093924, 608.2135912907, 95.9054237918, 392.347816542, 55.1297717244],
