{
  "Z_true": {},
  "V_true": [
    [573, 39, 17, 9, 56, 0],
    [16, 111, 88, 299, 267, 0],
    [12, 42, 890, 40, 162, 0],
    [49, 86, 532, 308, 366, 0],
    [33, 316, 103, 4304, 231, 1],
    [33, 736, 62, 118, 5830, 1],
    [312, 523, 244, 567, 1043, 22]
  ],
  "p_true": [
    [0.8256, 0.0562, 0.0245, 0.013, 0.0807, 0],
    [0.0205, 0.1421, 0.1127, 0.3828, 0.3419, 0],
    [0.0105, 0.0366, 0.7766, 0.0349, 0.1414, 0],
    [0.0365, 0.0641, 0.3967, 0.2297, 0.2729, 0],
    [0.0066, 0.0634, 0.0206, 0.8629, 0.0463, 0.0002],
    [0.0049, 0.1086, 0.0091, 0.0174, 0.8599, 0.0001],
    [0.1151, 0.1929, 0.09, 0.2091, 0.3847, 0.0081]
  ],
  "Z_est": [
    [
      [18.5728, 20.6324, 21.7763, 18.1917, 9.8077, 14.5388, 15.3557, 13.6599, 6.2413, 10.3168, 18.8639, 19.7996, 7.4991, 5.5309, 3.3428, 4.3638, 9.6289, 9.3192, 14.2785, 7.3475, 4.7021, 0.8081, 3.3536, 15.8363, 6.4644, 5.4224, 9.8211, 9.6603, 2.2346, 1.7465, 3.3457, 22.3138, 14.8503, 6.184, 13.9144, 17.6786, 7.6233, 17.2413, 20.7455, 6.5471, 17.5315, 9.1922, 12.4232, 7.2655, 4.211, 6.2642, 17.622, 7.2, 61.526],
      [0, 0, 0, 0, 0, 0, 0.0099, 0, 0.0009, 0, 0, 0.0012, 0, 0, 0, 0, 0.0039, 0, 0.0031, 0, 0, 0, 0, 0, 0, 0.0011, 0.0011, 0, 0.0003, 0, 0, 0.0032, 0, 0, 0.0013, 0, 0, 0.0009, 0, 0, 0, 0, 0, 0.0015, 0, 0, 0, 0, 0],
      [0.0004, 0.0005, 0.0001, 0, 0, 0.0007, 0.0051, 0.0001, 0, 0.0012, 0.0008, 0, 0.0009, 0.0002, 0.0029, 0.0004, 0.0007, 0.0003, 0, 0, 0.0001, 0, 0, 0.0012, 0.0004, 0, 0.0004, 0.0008, 0.0002, 0.0002, 0, 0.0026, 0.0018, 0.0006, 0.0004, 0.0009, 0, 0.0008, 0.0006, 0, 0.0047, 0, 0.0012, 0, 0.0002, 0, 0, 0, 0.0011],
      [0.0099, 0.0065, 0.0094, 0, 0.0062, 0, 0.0026, 0.0207, 0, 0.0072, 0.0209, 0, 0.0054, 0.0019, 0.0048, 0.0014, 0.0011, 0.0025, 0, 0.0028, 0.0002, 0.0001, 0, 0.0044, 0.0021, 0.0013, 0, 0.0027, 0.0004, 0.0007, 0.0012, 0.0139, 0.0156, 0.0067, 0, 0.0099, 0.0011, 0, 0.0043, 0.0005, 0.0417, 0.0063, 0.0046, 0.0019, 0.0007, 0.0007, 0.0105, 0.0008, 0.0123],
      [3.4168, 2.3541, 4.2142, 3.8083, 2.1861, 2.4605, 6.6267, 3.3193, 1.7578, 1.6749, 4.1144, 3.1993, 3.4946, 0.4657, 0.6495, 0.6337, 2.3655, 1.678, 1.709, 0.6498, 1.2976, 0.1917, 0.6462, 2.1581, 0.5331, 1.5752, 1.1756, 1.3362, 0.7645, 0.2526, 0.6531, 1.6666, 3.1323, 1.8087, 2.0839, 4.3105, 1.3747, 3.7571, 2.2344, 1.4523, 4.4221, 1.8015, 1.5711, 0.7289, 1.7878, 0.7344, 3.361, 0.7991, 12.4606],
      [0, 0.0065, 0, 0, 0, 0, 0, 0, 0, 0, 0, 0, 0, 0.0012, 0, 0.0007, 0, 0, 0.0094, 0, 0, 0, 0.0002, 0, 0, 0, 0.0019, 0, 0, 0, 0, 0, 0, 0, 0, 0, 0.0009, 0, 0.0152, 0, 0, 0, 0, 0.0022, 0.0004, 0.0006, 0.0065, 0, 0]
    ],
    [
      [0.7072, 1.2756, 1.0172, 1.3415, 0.2244, 0.731, 0.4122, 0.7498, 0.26, 0.4957, 0.8577, 0.7885, 0.3454, 1.5196, 0.2204, 0.2536, 0.5328, 0.6486, 1.0379, 0.7532, 0.3623, 0.2317, 1.3329, 0.6976, 0.954, 0.3894, 2.2409, 0.7604, 0.8247, 0.6963, 1.6306, 2.4037, 1.4367, 0.4495, 0.5826, 0.4979, 0.681, 0.861, 0.2629, 0.6207, 0.2752, 1.2909, 0.6588, 0.8785, 0.2354, 0.6486, 0.442, 0.835, 4.6048],
      [1.5041, 1.9366, 2.4627, 3.4815, 1.7291, 2.037, 3.9645, 1.6318, 1.6829, 0.9096, 6.9506, 2.3122, 2.0213, 1.7679, 2.3974, 1.8002, 2.9855, 3.5634, 3.0487, 1.2118, 1.4678, 0.7245, 2.7436, 2.4926, 1.6787, 2.3124, 5.5829, 3.6823, 4.7404, 5.3487, 9.9727, 5.2205, 3.2078, 0.9127, 1.7982, 1.5792, 1.5772, 3.9475, 0.827, 3.7983, 3.1702, 8.879, 1.1415, 2.3618, 1.196, 2.5, 0.9592, 2.7552, 11.3699],
      [2.3076, 2.4897, 2.7528, 5.7359, 0.9865, 3.3259, 2.7155, 4.1968, 0.429, 2.7529, 2.8891, 2.4629, 2.4311, 1.5791, 0.9012, 0.5974, 3.3425, 3.2521, 2.6655, 3.5499, 2.3463, 2.5923, 0, 1.1743, 2.8615, 0.6061, 5.6363, 1.6556, 6.2827, 2.3937, 2.3374, 3.2546, 3.8415, 1.9201, 1.8539, 1.3161, 3.2638, 3.4818, 0.4163, 1.7036, 1.9378, 1.9806, 1.6335, 3.8409, 1.2864, 1.2502, 1.5423, 1.4586, 17.5729],
      [4.1681, 4.3994, 5.7313, 10.515, 1.7476, 4.7431, 7.2158, 6.7443, 3.7398, 2.3173, 7.5635, 5.2477, 4.8889, 5.4279, 1.9281, 2.2648, 6.6687, 5.528, 4.7346, 3.7255, 4.2659, 3.7271, 7.6953, 2.1854, 5.3365, 2.7664, 9.3551, 3.2072, 8.6632, 4.1986, 10.3274, 8.4334, 7.7342, 4.2193, 2.5682, 2.5361, 5.1063, 6.0609, 0.6675, 4.464, 2.8421, 8.4479, 2.3649, 5.3306, 3.6018, 3.5491, 2.8372, 3.5434, 26.3915],
      [3.3131, 3.7683, 5.036, 6.926, 1.3124, 3.163, 4.692, 4.6772, 1.8883, 2.0917, 4.7391, 3.1886, 4.3133, 3.5177, 1.1798, 0.9987, 3.4705, 3.0079, 3.3455, 1.7596, 2.5577, 1.5482, 4.0745, 2.4501, 2.1693, 2.9309, 6.9609, 2.6944, 7.7467, 2.7354, 7.7319, 4.6878, 7.7798, 3.4985, 2.1971, 3.0707, 3.2226, 4.6488, 0.7532, 3.4135, 1.7747, 6.4015, 2.2013, 2.4026, 2.5983, 1.967, 2.1514, 2.4078, 22.7257],
      [0, 0.1303, 0, 0, 0, 0, 0, 0, 0, 1.4326, 0, 0, 0, 0.1878, 1.3732, 0.0854, 0, 0, 0.1679, 0, 0, 0.1763, 0.1537, 0, 0, 0.9947, 0.2239, 0, 1.7423, 1.6273, 0, 0, 0, 0, 0, 0, 0.1491, 0, 0.073, 0, 0, 0, 0, 0.1856, 0.0821, 0.085, 0.0678, 0, 0.3352]
    ],
    [
      [0, 0, 0, 0.0347, 0, 0.0273, 0, 0, 0.0007, 0.0027, 0, 0.041, 0, 0, 0.0597, 0, 0, 0.0096, 0.0179, 0.0002, 0.0015, 0.0001, 0.3528, 0.0051, 0.0003, 0.0013, 0.0002, 0.0019, 0, 0.0042, 0, 0, 0, 0, 0.0109, 0.0078, 0.0035, 0.0113, 0, 0.0109, 0, 0.0053, 0.0002, 0.005, 0, 0.003, 0.0275, 0.0059, 0.019],
      [0, 0, 0, 0, 0, 0, 0, 0, 0.0091, 0, 0, 0.0157, 0, 0, 0.9696, 0, 0.0291, 0, 0.0369, 0.0005, 0.0002, 0, 0.0026, 0.0005, 0.0001, 0.0044, 0.0045, 0.0005, 0.0008, 0, 0, 0.0128, 0, 0, 0.0063, 0.0017, 0, 0.0058, 0, 0.0008, 0, 0, 0.0013, 0.0068, 0, 0, 0, 0, 0],
      [15.973, 38.3491, 37.1007, 46.1838, 16.9906, 34.8616, 26.8726, 32.3733, 2.6181, 6.9755, 20.4009, 32.3082, 17.3895, 5.5426, 23.9991, 12.4328, 27.7275, 24.3553, 30.8221, 1.6956, 3.6212, 0.8195, 2.9998, 4.8356, 0.7817, 2.702, 9.081, 1.9641, 2.0994, 4.7446, 0, 12.3413, 12.4686, 10.9938, 13.5546, 7.4567, 11.0488, 12.9903, 14.3694, 8.2559, 5.2959, 6.1557, 4.8537, 11.2573, 7.0153, 8.1699, 31.159, 18.7722, 68.0444],
      [1.5959, 3.8419, 4.4061, 4.8096, 1.6724, 2.7486, 3.9776, 3.082, 1.2217, 0.313, 3.0337, 3.8165, 1.9498, 1.0244, 3.1142, 2.5942, 3.0898, 2.3089, 2.9971, 0.0892, 0.3389, 0.0566, 1.7762, 0.471, 0.0705, 0.6162, 0.8084, 0.196, 0.1528, 0.4434, 0, 1.7366, 1.4073, 1.3571, 1.0121, 0.7744, 0.926, 1.2196, 1.2461, 1.1721, 0.4108, 1.4168, 0.375, 0.8144, 1.0574, 1.2508, 3.2487, 2.5229, 5.7577],
      [6.4312, 16.5867, 19.4932, 15.9719, 6.337, 9.3624, 13.1498, 10.5447, 3.1504, 1.4242, 9.5654, 11.8186, 8.6607, 3.3744, 8.8575, 5.8058, 8.1536, 6.3262, 10.8859, 0.2145, 1.0382, 0.1197, 4.8105, 2.6877, 0.1473, 3.3276, 3.0734, 0.8374, 0.6959, 1.435, 0, 4.9093, 7.1241, 5.6491, 4.416, 4.7595, 2.976, 4.7731, 7.1552, 4.5603, 1.2933, 5.4222, 1.7698, 1.8658, 3.8868, 3.5261, 12.4095, 8.699, 25.1228],
      [0, 0.2224, 0, 0, 0, 0, 0, 0, 0, 0.2846, 0, 0, 0, 0.0586, 0, 0.1672, 0, 0, 0.24, 0, 0, 0.0042, 0.0581, 0, 0, 0.3485, 0.0324, 0, 0.051, 0.3727, 0, 0, 0, 0, 0, 0, 0.0456, 0, 0.2292, 0, 0, 0, 0, 0.0508, 0.0405, 0.0502, 0.1553, 0, 0.0561]
    ],
    [
      [0.3755, 3.6493, 2.3057, 1.4768, 0.2898, 1.0364, 0.4229, 0.0148, 0.2367, 0.1166, 0.6311, 1.3155, 0.1109, 0.6153, 0, 0.5215, 0.4672, 0.7648, 1.4323, 0.0642, 0.0207, 0.0252, 0.2015, 0.194, 0.0218, 0.1535, 0.057, 0.0887, 0.0291, 0.1401, 0.0891, 0.4596, 0.7416, 0.1784, 0.3004, 0.2269, 0.1071, 0.1031, 0.6048, 0.2685, 0.0835, 0.3659, 0.5095, 0.0337, 0.1069, 0.5278, 1.1817, 1.4934, 1.8542],
      [0, 0, 0, 0, 0, 0, 0.0571, 0, 0.0826, 0, 0, 0.0077, 0, 0, 0, 0, 0.0878, 0, 0.0315, 0, 0, 0, 0, 0, 0, 0.0006, 0, 0, 0.0003, 0, 0, 0.0005, 0, 0, 0.0008, 0, 0, 0.0001, 0, 0, 0, 0, 0, 0.0001, 0, 0, 0, 0, 0],
      [13.0206, 80.5293, 66.6647, 65.2869, 15.3743, 48.3405, 34.3924, 52.3627, 3.9528, 7.671, 27.7314, 41.2735, 8.5431, 6.8644, 29.1825, 15.7492, 40.3645, 43.5741, 36.6254, 3.3093, 1.4844, 3.1795, 2.0002, 3.5816, 0.7367, 2.6918, 1.475, 2.1521, 2.3638, 6.6539, 1.6626, 6.3541, 22.3667, 12.4428, 10.0355, 6.4309, 5.3107, 4.4207, 10.2473, 7.7975, 7.7744, 5.8467, 13.7345, 1.5628, 6.4485, 10.6535, 39.9738, 27.3834, 72.3737],
      [4.5916, 28.4723, 27.9626, 24.018, 5.3, 13.6088, 18.1067, 17.0515, 6.7256, 1.2037, 14.5109, 17.4031, 3.3417, 4.5013, 13.0979, 11.6511, 16.0164, 14.6611, 12.8154, 0.626, 0.4947, 0.7936, 3.7964, 1.2236, 0.2415, 2.1531, 0.4678, 0.7585, 0.6063, 2.1856, 1.247, 3.1851, 8.8675, 5.3101, 2.6633, 2.3422, 1.5799, 1.476, 3.1343, 3.9305, 2.1299, 4.775, 3.7471, 0.4033, 3.4381, 5.813, 14.684, 13.0856, 21.7218],
      [0.0123, 0.1915, 0.067, 0.2183, 0.0359, 0.0143, 0.0209, 0.5709, 0.0023, 0.0087, 0.1266, 0.0003, 0.0043, 0.0141, 0.7196, 0.0557, 0.0639, 0, 0, 0.0005, 0.0001, 0.0013, 0.0015, 0.0009, 0, 0.001, 0, 0.0007, 0.0005, 0.0204, 0.0014, 0.0006, 0.0243, 0.0688, 0, 0, 0.0018, 0.0002, 0.008, 0.0035, 0.0122, 0.0125, 0.009, 0, 0.0053, 0.0021, 0.1143, 0.0375, 0.0503],
      [0, 0.1575, 0, 0, 0, 0, 0, 0, 0, 0, 0, 0, 0, 0.005, 0, 0.0225, 0, 0, 0.0955, 0, 0, 0.0004, 0.0004, 0, 0, 0, 0.0001, 0, 0, 0, 0, 0, 0, 0, 0, 0, 0.0005, 0, 0.0056, 0, 0, 0, 0, 0.0001, 0.0012, 0.0036, 0.0462, 0, 0]
    ],
    [
      [0.2494, 0.1523, 0.4994, 0.2179, 0.0925, 0.2058, 0, 0.0924, 0, 0, 0.0841, 0.1052, 0, 0, 0, 0.228, 0, 0.1632, 0.0255, 0, 0.0131, 0, 0, 0.1805, 0.0473, 0, 0.0283, 0.221, 0, 0, 0, 0, 0.1645, 0.1773, 0.1242, 0.2064, 0.1994, 0.0881, 0.0886, 0.1066, 0, 0, 0, 0.1229, 0, 0.2328, 0.2941, 0.123, 0.5859],
      [4.439, 5.0804, 6.5359, 4.1943, 8.1701, 6.0965, 6.9134, 1.0469, 8.2574, 2.9168, 10.9858, 5.8775, 2.9063, 1.9136, 4.6281, 6.0623, 4.4526, 6.4048, 4.9608, 2.8097, 4.202, 0.6535, 3.905, 9.5944, 3.166, 8.5793, 4.865, 10.3639, 2.3766, 5.1632, 4.9552, 5.7452, 2.8839, 0.082, 7.3065, 7.3668, 3.5511, 8.0405, 6.1483, 12.7324, 12.2383, 9.924, 4.1059, 4.4352, 3.1976, 9.5703, 3.33, 9.2169, 20.88],
      [0.0178, 0.1305, 0.0063, 0.4436, 0, 0.0401, 0.132, 0.0017, 0, 0.0783, 0.023, 0, 0.0376, 0.026, 0.4296, 0.0999, 0.0095, 0.018, 0, 0, 0.0445, 0, 0, 0.0291, 0.0497, 0, 0.0194, 0.0586, 0.047, 0.1613, 0, 0.0304, 0.0297, 0.0525, 0.0161, 0.0277, 0, 0.0227, 0.0041, 0, 0.157, 0, 0.042, 0, 0.0438, 0.0001, 0.2868, 0.0078, 0.0515],
      [104.9754, 88.4412, 117.1698, 113.9706, 63.4189, 99.129, 90.2524, 45.701, 129.1555, 75.311, 93.4815, 91.2031, 54.1317, 55.6213, 37.4988, 63.1599, 66.143, 70.8753, 52.6713, 67.1812, 89.2656, 74.1027, 90.6774, 60.2851, 70.8566, 76.1643, 55.7276, 67.743, 32.3642, 39.7621, 38.6452, 65.2112, 55.0805, 59.5074, 71.3799, 82.8005, 98.2813, 84.6997, 35.6772, 107.3481, 96.9049, 73.4608, 62.3157, 67.2542, 83.2371, 99.2491, 99.5742, 85.051, 355.782],
      [21.3184, 19.0381, 25.7887, 19.1736, 12.3185, 16.5285, 14.7022, 8.1579, 16.5871, 17.6939, 15.4255, 13.8141, 11.9244, 9.2847, 6.4435, 7.2795, 8.3948, 9.5387, 9.1776, 8.0091, 13.4747, 8.0629, 12.2888, 16.911, 6.8804, 20.2564, 10.2814, 14.6134, 7.2122, 6.9134, 7.3997, 9.0132, 13.8414, 13.1808, 15.1734, 24.5986, 15.822, 16.149, 10.0042, 20.8129, 16.6998, 14.6152, 14.5364, 6.9703, 15.3946, 13.7591, 19.2921, 14.6012, 77.7006],
      [0, 0.1575, 0, 0, 0, 0, 0, 0, 0, 0, 0, 0, 0, 0.1545, 0, 0.1704, 0, 0, 0.1648, 0, 0, 0.1809, 0.1288, 0, 0, 0, 0.0783, 0, 0, 0, 0, 0, 0, 0, 0, 0, 0.1462, 0, 0.0777, 0, 0, 0, 0, 0.2174, 0.1268, 0.1887, 0.2227, 0, 0]
    ],
    [
      [2.1947, 1.8691, 1.4622, 1.335, 1.0313, 1.55, 0, 1.724, 1.2724, 0.1034, 1.7346, 1.6032, 0.0125, 1.3668, 0, 1.4679, 0.4017, 0.9158, 1.0325, 3.2058, 1.4978, 0.8791, 1.7725, 2.0872, 2.765, 0, 2.3844, 3.0586, 0, 0, 1.1021, 3.5169, 1.3937, 1.307, 2.9616, 1.9124, 2.5913, 2.1012, 1.6999, 2.542, 0.8169, 1.8441, 1.219, 1.6703, 0, 2.5466, 1.2973, 1.9172, 12.5586],
      [9.5971, 7.7574, 8.4124, 8.1935, 16.9161, 10.7781, 16.2903, 1.2631, 28.0158, 9.6551, 28.4654, 11.6464, 7.3706, 6.48, 12.2507, 18.149, 6.6581, 12.6199, 7.0714, 14.1606, 16.3508, 4.6448, 16.7632, 17.8929, 12.8143, 21.9728, 16.815, 30.7744, 8.8136, 18.6329, 16.4927, 24.1209, 5.618, 0.7401, 23.6098, 13.8365, 11.8555, 25.1754, 12.8363, 37.8787, 26.7073, 26.2013, 5.7551, 10.5652, 10.9246, 23.0921, 6.0936, 16.2321, 68.2583],
      [1.4544, 0.8919, 0.836, 1.2105, 0.9098, 1.5545, 1.1108, 1.0602, 0, 2.9949, 1.1737, 0.9909, 0.8915, 0.5796, 0.9491, 0.737, 0.6458, 1.0116, 0.3913, 2.4832, 2.433, 1.3868, 0, 0.8026, 1.9045, 0, 1.5073, 1.5011, 1.2502, 1.4035, 0, 1.3981, 0.7153, 1.033, 2.1229, 1.0605, 2.2899, 1.9642, 0.6129, 1.4473, 1.6891, 0, 0.7521, 1.3214, 1.2303, 1.0211, 0.8683, 0.7464, 10.2072],
      [1.8524, 0.9456, 1.0998, 1.3883, 1.2509, 1.1045, 1.4303, 0.8331, 2.6596, 2.5119, 2.451, 1.1927, 1.2944, 1.3624, 1.3586, 1.5101, 0.6972, 1.0232, 0.4575, 2.8384, 2.4754, 2.0137, 2.3069, 0.9573, 2.4188, 2.017, 1.1491, 2.0615, 1.1605, 2.2898, 1.5414, 2.3357, 1.1601, 2.1626, 1.3754, 1.6273, 2.4392, 1.7025, 0.5556, 2.6358, 2.5709, 2.3615, 0.6853, 1.2458, 2.1754, 1.818, 1.1202, 1.1116, 9.9606],
      [133.9014, 85.4085, 98.1895, 94.8728, 76.892, 93.0129, 105.1686, 51.1196, 171.0523, 141.7346, 117.1753, 88.5668, 90.431, 75.9417, 38.4417, 60.9184, 42.5972, 59.4295, 42.94, 115.312, 165.2431, 67.8916, 154.7866, 101.2599, 92.0973, 153.0102, 114.8389, 138.6044, 82.7757, 68.6737, 76.8638, 119.6284, 87.1129, 100.7573, 157.9303, 150.5633, 154.4788, 163.0568, 68.0679, 196.4962, 93.2158, 115.5932, 63.5885, 58.9897, 146.3359, 103.2875, 83.483, 79.9927, 825.0153],
      [0, 0.1275, 0, 0, 0, 0, 0, 0, 0, 0, 0, 0, 0, 0.2695, 0, 0.2176, 0, 0, 0.1072, 0, 0, 0.184, 0.3709, 0, 0, 0, 0.3053, 0, 0, 0, 0, 0, 0, 0, 0, 0, 0.3453, 0, 0.2273, 0, 0, 0, 0, 0.2077, 0.3338, 0.2347, 0.1376, 0, 0]
    ],
    [
      [7.9005, 6.4213, 4.9392, 5.4024, 3.5543, 3.9107, 1.8091, 3.759, 3.9889, 8.9648, 4.8287, 6.347, 2.0321, 7.9674, 3.3772, 3.1653, 2.9694, 3.1789, 4.1754, 9.6292, 3.4025, 2.0558, 4.9867, 6.9994, 4.7472, 6.0334, 10.4681, 6.2091, 2.9117, 5.4128, 2.8325, 9.3059, 4.4133, 2.7038, 9.1058, 5.47, 4.7944, 5.5941, 4.5983, 5.9042, 3.2929, 6.3016, 8.1893, 5.0243, 3.4468, 9.777, 7.1353, 7.4254, 30.8515],
      [10.4599, 6.2256, 7.589, 9.1307, 17.1847, 7.0885, 14.7648, 5.0581, 16.9513, 7.5184, 24.5982, 12.1393, 7.7018, 5.8386, 12.7542, 13.9885, 10.7829, 11.4118, 7.8477, 9.8174, 8.9792, 3.9772, 9.5857, 16.0196, 5.3408, 17.1295, 16.7314, 19.1788, 10.068, 14.8552, 11.5795, 12.8969, 6.2902, 3.2652, 18.2771, 11.2158, 7.0161, 16.8299, 9.1884, 23.5898, 23.8842, 25.9957, 8.9962, 8.6295, 11.6818, 23.8376, 9.6171, 15.7958, 48.4918],
      [1.2262, 0.609, 0.6395, 1.1394, 0.7388, 0.8767, 0.7717, 1.0051, 0, 1.5262, 0.781, 0.9645, 0.7063, 0.4082, 0.5357, 0.3833, 0.9095, 0.7887, 0.4957, 1.9619, 1.0705, 1.022, 0, 0.5757, 0.6655, 0, 1.2805, 0.6677, 0.9566, 0.6428, 0, 0.6189, 0.5763, 0.5572, 1.4166, 0.7072, 1.0868, 1.1195, 0.3494, 0.7957, 1.141, 0.017, 0.9831, 1.0176, 0.9756, 0.9052, 1.1698, 0.6316, 5.7492],
      [22.8067, 10.8931, 13.621, 21.2985, 13.604, 12.6659, 20.0147, 16.5674, 28.4979, 13.3359, 20.9385, 21.1369, 14.388, 14.0607, 7.9975, 13.8185, 18.3838, 13.601, 9.3241, 23.5369, 20.1592, 16.3063, 22.7478, 10.8731, 13.0739, 15.2817, 21.492, 13.031, 13.0525, 10.1198, 9.2379, 16.0841, 11.7349, 12.4369, 20.0011, 13.9096, 17.6662, 19.8414, 5.715, 21.4489, 17.0998, 19.5318, 14.5075, 14.9498, 27.4894, 26.3193, 22.5252, 15.6846, 87.3742],
      [24.6068, 12.6528, 16.2114, 19.0291, 13.9181, 11.4583, 17.6397, 15.6103, 19.5619, 16.3719, 17.8537, 17.4123, 17.1718, 12.4016, 6.7085, 8.3081, 12.9544, 10.0197, 8.942, 15.0546, 16.3887, 9.1846, 16.3919, 16.5323, 7.1726, 21.8986, 21.6699, 14.9134, 15.8045, 8.9695, 9.3501, 12.0941, 15.9852, 14.0368, 23.1993, 22.6974, 15.1242, 20.6151, 8.777, 22.2614, 14.5821, 20.1539, 18.324, 9.0428, 26.9914, 19.7238, 23.1887, 14.4627, 101.9247],
      [0, 0.1982, 0, 0, 0, 0, 0, 0, 0, 0.2828, 0, 0, 0, 0.3235, 0.6268, 0.3362, 0, 0, 0.2152, 0, 0, 0.4542, 0.2879, 0, 0, 0.6568, 0.3581, 0, 0.2067, 0, 0, 0, 0, 0, 0, 0, 0.3124, 0, 0.3719, 0, 0, 0, 0, 0.3361, 0.4151, 0.4371, 0.3639, 0, 0.6087]
    ]
  ],
  "V_est": [
    [582.7964, 0.0283, 0.0326, 0.2481, 110.8488, 0.0458],
    [41.9589, 147.3466, 132.8043, 261.7261, 187.8908, 9.2734],
    [0.6714, 1.1098, 752.824, 84.3224, 304.6049, 2.4675],
    [26.0147, 0.2692, 939.9517, 371.9204, 2.5055, 0.3387],
    [5.1197, 293.2314, 2.6756, 3957.9006, 727.058, 2.0147],
    [83.7254, 773.2194, 64.5455, 88.6971, 5766.7443, 3.0684],
    [287.7136, 637.7954, 43.1663, 880.1853, 855.3478, 6.7916]
  ],
  "p_est": [
    [0.8398, 0, 0, 0.0004, 0.1597, 0.0001],
    [0.0537, 0.1887, 0.17, 0.3351, 0.2406, 0.0119],
    [0.0006, 0.001, 0.6569, 0.0736, 0.2658, 0.0022],
    [0.0194, 0.0002, 0.7009, 0.2773, 0.0019, 0.0003],
    [0.001, 0.0588, 0.0005, 0.7935, 0.1458, 0.0004],
    [0.0123, 0.114, 0.0095, 0.0131, 0.8506, 0.0005],
    [0.1061, 0.2353, 0.0159, 0.3247, 0.3155, 0.0025]
  ],
  "EI_Z": {},
  "EI_V": 10.0878,
  "MAE_Z": {},
  "MAE_V": 88.5853,
  "MAE_p": 0.0491,
  "runtime": 0.314
}
