{
  "Z_true": {},
  "V_true": [
    [32, 175, 68, 1133, 725],
    [1180, 198, 843, 279, 91],
    [343, 647, 3809, 257, 151],
    [377, 1109, 311, 18064, 629],
    [130, 3614, 715, 660, 192],
    [115, 108, 123, 318, 327]
  ],
  "p_true": [
    [0.015, 0.082, 0.0319, 0.5312, 0.3399],
    [0.4554, 0.0764, 0.3254, 0.1077, 0.0351],
    [0.0659, 0.1243, 0.7315, 0.0494, 0.029],
    [0.0184, 0.0541, 0.0152, 0.8816, 0.0307],
    [0.0245, 0.6805, 0.1346, 0.1243, 0.0362],
    [0.116, 0.109, 0.1241, 0.3209, 0.33]
  ],
  "Z_est": [
    [
      [0.1741, 0.245, 0.0111, 0, 0.02, 0.0933, 0.0077, 0.0538, 0.0721, 0.0638, 0, 0.0076, 0, 0.089, 0.2177, 0.2595, 0.069, 0.4235, 0.2791, 0.0816, 0.0253, 0.1842, 0.2766, 0.27, 0.1984, 0.0622, 0.1297, 0.0944, 0.2703, 0.0598, 0.0117, 0.0242, 0, 2.0778, 0.1616, 0.3051, 0.0468],
      [5.4311, 4.2199, 0.4429, 0, 1.614, 1.7375, 0.2331, 1.2795, 2.3264, 0.6201, 0, 0.1472, 0, 2.308, 5.6621, 5.5221, 2.4963, 7.9189, 5.5812, 2.0063, 1.6795, 2.1346, 8.6625, 3.6544, 3.6349, 1.5905, 3.0158, 1.3776, 4.2146, 0.4957, 0.2945, 0.1992, 0, 47.3049, 3.0233, 4.4484, 0.8503],
      [1.9962, 1.6681, 0.0756, 0, 0.3616, 0.9223, 0.0387, 0.5058, 0.7029, 0.3379, 0, 0.1095, 0, 0.937, 2.22, 2.7447, 1.0533, 3.2907, 2.4514, 0.7468, 0.8891, 1.1082, 4.0551, 2.1033, 1.411, 0.6319, 1.4876, 0.7633, 3.0035, 0.1778, 0.0735, 0.2043, 0, 19.699, 1.5982, 1.9512, 0.571],
      [68.3802, 78.3323, 0.5764, 0, 7.4883, 12.0535, 2.4389, 17.6871, 13.1775, 7.6211, 0, 1.9077, 0, 26.687, 45.4202, 39.0169, 23.6979, 57.2209, 66.7767, 21.5681, 14.7689, 25.4968, 77.1983, 42.3329, 49.96, 13.5476, 28.8117, 18.4745, 44.5307, 10.4308, 3.8135, 3.7524, 0, 585.8085, 41.646, 62.2731, 18.6182],
      [18.0184, 15.5347, 1.894, 0, 2.516, 5.1933, 0.2816, 3.4738, 3.7211, 1.3571, 0, 0.828, 0, 6.9789, 16.4801, 13.4568, 5.6835, 19.1459, 17.9117, 4.5972, 3.6372, 6.0763, 22.8075, 9.6394, 11.7956, 3.1678, 8.5552, 4.2902, 13.9809, 2.8359, 0.8068, 1.8198, 0, 142.1098, 10.5709, 17.0221, 2.9137]
    ],
    [
      [42.6593, 20.2855, 7.2054, 3.7525, 12.47, 28.7185, 19.6571, 60.7031, 42.9531, 16.5929, 1.8378, 1.4113, 0, 31.3131, 73.4495, 48.0633, 36.9744, 54.8275, 83.9845, 23.1344, 12.1788, 44.6559, 97.4227, 73.8879, 42.501, 16.6951, 46.7222, 34.8128, 63.4883, 6.0739, 2.3656, 3.197, 0.8539, 418.2147, 71.7131, 190.1386, 55.9363],
      [2.7965, 0.7672, 0.331, 0.1835, 1.9828, 1.1102, 1.2324, 3.0959, 2.8735, 0.3151, 0.0106, 0.0387, 0, 1.7446, 4.1813, 2.2062, 2.8723, 2.1817, 3.6713, 1.1972, 1.3795, 1.0769, 6.7975, 2.1593, 1.6948, 0.8898, 2.3703, 1.0731, 2.1716, 0.0862, 0.0865, 0.0348, 0.0124, 21.1169, 2.892, 6.1506, 2.0762],
      [13.9123, 4.1319, 1.5043, 1.2835, 6.241, 8.1257, 2.8488, 16.6926, 12.3105, 2.355, 0.1059, 0.4261, 0.1558, 9.5864, 22.1722, 14.9664, 16.4183, 12.2485, 21.7646, 6.0654, 9.8973, 7.5708, 43.0817, 16.7769, 8.9233, 4.8438, 15.8114, 8.1047, 21.0384, 0.4433, 0.3362, 0.5773, 0.117, 118.2691, 20.8054, 36.64, 20.5957],
      [5.1771, 2.0758, 0.5764, 0.3857, 1.4444, 1.1689, 1.8983, 6.285, 2.5876, 0.5611, 0.0458, 0.0671, 0.6054, 2.9598, 4.9754, 2.334, 4.0027, 2.338, 6.4585, 1.8784, 1.759, 1.881, 8.9493, 3.678, 3.4239, 1.1025, 3.3124, 2.1152, 3.3913, 0.2664, 0.1474, 0.0986, 0.0056, 38.5856, 5.8837, 12.8104, 7.3766],
      [2.4547, 0.7396, 0.3829, 0.3948, 0.8618, 0.8767, 0.3633, 2.2234, 1.2753, 0.1759, 0, 0.0569, 0.2388, 1.3962, 3.2216, 1.43, 1.7324, 1.4044, 3.1212, 0.7245, 0.7854, 0.8155, 4.7488, 1.498, 1.4569, 0.4689, 1.7837, 0.8942, 1.9104, 0.1302, 0.0643, 0.0924, 0.011, 16.8137, 2.7058, 6.2605, 2.0151]
    ],
    [
      [1.5193, 1.1816, 0.1265, 0.0248, 0.3261, 1.0385, 0.5367, 0.735, 0.6327, 0.7778, 0.0907, 0.0587, 0, 1.431, 3.8885, 1.7434, 1.3916, 5.5019, 3.1289, 0.8071, 0.4489, 2.5817, 2.7032, 2.5689, 2.2166, 0.7682, 2.8446, 2.1421, 2.1154, 0.6685, 0.1235, 0.1027, 0.0322, 22.3543, 2.0237, 7.0184, 0.5682],
      [20.1936, 9.2601, 2.1824, 0.8726, 11.1746, 8.3924, 7.0531, 7.5815, 8.9028, 3.2474, 0.1828, 0.5044, 0, 16.2011, 44.1707, 16.215, 22.0135, 44.825, 27.3711, 8.6712, 17.5077, 12.9649, 37.2325, 15.146, 17.8959, 8.5771, 28.8728, 13.6177, 14.4414, 2.4874, 1.4238, 0.3878, 0.4682, 222.8281, 16.5079, 44.9619, 4.5697],
      [95.776, 47.5572, 5.1762, 5.9847, 33.1662, 58.3737, 15.7528, 39.0248, 34.9751, 23.7085, 2.699, 6.0038, 1.6742, 84.9613, 222.3474, 104.3218, 119.873, 239.1648, 154.4403, 42.0455, 118.4876, 87.0348, 224.309, 112.3102, 89.7878, 44.7036, 183.3679, 97.815, 133.3034, 12.4689, 5.8096, 5.9747, 5.2368, 1185.4123, 112.4896, 253.4412, 39.9392],
      [1.2331, 0.8516, 0.3942, 0.0633, 0.5419, 0.3796, 0.3874, 0.5071, 0.3022, 0.1946, 0.0275, 0.0139, 0.2718, 0.8908, 1.9076, 0.6598, 1.0241, 1.7802, 1.5708, 0.4403, 0.8586, 0.7499, 1.6821, 0.861, 1.1907, 0.3456, 1.2874, 0.8803, 0.7868, 0.2555, 0.0561, 0.0312, 0.0557, 13.4509, 1.1032, 3.1554, 0.5356],
      [10.278, 5.1495, 1.1207, 1.0546, 2.7912, 3.8158, 1.27, 3.1517, 2.1873, 1.0717, 0, 0.4191, 1.054, 7.5159, 19.6858, 6.0599, 7.6978, 16.7281, 13.4889, 3.0359, 5.6972, 5.6687, 15.0733, 6.114, 8.909, 2.6055, 12.6274, 6.545, 7.353, 2.1198, 0.587, 0.5036, 0.2072, 102.9544, 8.8756, 26.4231, 2.3874]
    ],
    [
      [3.079, 3.2027, 0.5432, 0, 0.5219, 3.5766, 0.7822, 2.2177, 3.3031, 2.7027, 0.0388, 0.2664, 0, 3.5614, 4.5704, 5.3592, 2.1329, 5.5652, 6.8456, 1.8992, 0.2228, 3.2147, 6.1378, 7.8108, 4.283, 1.3568, 2.4561, 2.426, 6.0437, 1.6089, 0.1833, 0.2709, 0.107, 47.2917, 3.2049, 8.6587, 1.5148],
      [45.4946, 21.2385, 6.3532, 1.0926, 15.6711, 28.717, 7.6481, 23.8236, 39.1615, 12.5934, 0.2575, 1.6482, 0, 40.6007, 50.5322, 48.0808, 34.6895, 45.5889, 59.4515, 20.0199, 9.7169, 17.1802, 80.2169, 47.6404, 32.9845, 14.3315, 24.5199, 15.2648, 39.5999, 4.4123, 1.8161, 0.7361, 2.0104, 469.3428, 25.7716, 51.6218, 8.4642],
      [5.5491, 2.3681, 0.8417, 0.3037, 2.165, 4.8796, 0, 3.1274, 5.131, 2.4596, 0.0349, 0.4159, 0, 5.5541, 7.0267, 7.791, 4.8916, 6.7867, 8.8638, 2.5581, 1.642, 3.0575, 11.8187, 9.3131, 3.9497, 2.0301, 3.9275, 2.9873, 8.7831, 0.1756, 0, 0.4258, 0.266, 65.9267, 4.7957, 7.2017, 2.6775],
      [678.6566, 510.1031, 15.2801, 21.3849, 106.4791, 244.7636, 96.6915, 392.8934, 296.4247, 180.6121, 12.6688, 26.1388, 9.4995, 556.1771, 488.3533, 413.4426, 392.9824, 396.8226, 845.237, 255.4604, 100.2627, 243.904, 854.9089, 653.3946, 541.0125, 146.869, 278.2754, 247.7035, 500.1861, 130.0801, 26.0927, 21.2598, 6.8951, 6913.2349, 429.7828, 869.9593, 280.9978],
      [23.2208, 13.0875, 2.9817, 1.2187, 5.1629, 13.0633, 0.8782, 9.938, 10.9797, 3.6322, 0, 1.5307, 0.5005, 19.1068, 22.5174, 18.3264, 12.3036, 17.2366, 29.6021, 7.0624, 3.1556, 7.6435, 32.9177, 18.841, 16.7704, 4.4126, 10.8211, 7.6184, 20.3871, 4.7232, 0.908, 1.3074, 0.7215, 217.2039, 14.445, 30.5586, 5.3457]
    ],
    [
      [0.6771, 0.8085, 0.0202, 0.0248, 0.0919, 0.5677, 0.372, 0.4045, 0.4965, 0.4571, 0.0327, 0.0447, 0, 0.7995, 1.9889, 1.531, 0.6876, 2.7523, 2.0555, 0.611, 0.2144, 1.604, 1.7511, 2.1729, 1.8995, 0.2715, 1.3664, 1.0801, 1.0666, 0.2423, 0.0269, 0.0687, 0.0069, 15.9873, 1.0304, 3.0109, 0.2203],
      [70.4149, 49.3943, 3.3149, 3.4078, 26.0389, 36.2173, 20.2987, 32.8175, 54.4052, 15.2197, 0.5491, 3.3237, 0, 70.607, 175.6822, 111.0006, 85.1413, 176.3295, 139.7891, 51.3563, 66.0241, 63.4124, 186.5028, 100.0309, 118.6929, 23.9806, 107.7888, 53.8508, 56.9418, 7.298, 2.7826, 2.4111, 1.509, 1235.0205, 65.7146, 149.6566, 14.146],
      [15.3936, 11.5746, 0.2729, 0.9427, 3.3798, 11.4002, 1.7919, 7.6961, 9.7068, 4.9241, 0.1603, 1.4599, 0.17, 17.0338, 40.8764, 32.7586, 21.338, 43.4186, 36.5053, 11.3375, 20.7743, 19.55, 51.9732, 34.2475, 27.4356, 5.6223, 31.6088, 17.699, 24.1831, 1.5573, 0.4179, 1.3147, 0.3802, 306.0282, 20.5872, 39.0469, 5.5417],
      [16.8145, 17.1032, 0.1355, 0.8806, 2.3279, 4.7639, 3.8898, 8.5429, 5.9126, 3.4688, 0.2579, 0.6951, 0.6233, 15.4394, 26.856, 14.9854, 15.2769, 24.256, 31.7533, 10.3465, 10.9196, 14.2603, 31.6471, 21.9966, 30.9098, 3.7804, 19.4354, 13.5666, 11.4002, 2.7671, 0.5763, 0.689, 0.0436, 291.9511, 17.0869, 39.8434, 5.7334],
      [6.6999, 5.1194, 0.2565, 0.7441, 1.1615, 3.0509, 0.6476, 2.539, 2.4789, 0.9302, 0, 0.4765, 0.2066, 6.1203, 14.5964, 7.7244, 5.5561, 12.2436, 12.8967, 3.3486, 4.0677, 5.1732, 14.1259, 7.5521, 11.0622, 1.3451, 8.8006, 4.8035, 5.4082, 1.1353, 0.1962, 0.5165, 0.0603, 107.0129, 6.5808, 16.4422, 1.3585]
    ],
    [
      [2.8912, 2.2767, 0.0936, 0.1978, 0.5701, 2.0053, 0.6443, 1.8859, 2.5425, 1.4056, 0, 0.2114, 0, 2.806, 4.8849, 3.0435, 1.7445, 7.9296, 2.7063, 1.4667, 0.9098, 3.7595, 2.7086, 3.2896, 2.9015, 1.8462, 2.4811, 3.4446, 3.0155, 0.3466, 0.289, 0.3364, 0, 30.0741, 2.8662, 9.8683, 2.7135],
      [6.6693, 3.12, 0.3756, 0.4435, 3.5185, 2.8256, 1.5347, 3.402, 6.3306, 1.0043, 0, 0.3377, 0, 5.5386, 9.7715, 4.9753, 4.7871, 11.156, 4.1359, 2.7491, 3.6923, 3.231, 6.5879, 3.369, 4.0969, 3.6305, 4.4325, 3.8159, 3.6306, 0.2204, 0.5966, 0.231, 0, 52.3869, 4.0905, 11.1608, 3.8936],
      [5.3728, 2.7001, 0.1293, 0.4854, 1.6865, 3.2985, 0.5677, 2.9534, 4.1737, 1.2149, 0, 0.5848, 0, 4.9274, 8.3573, 5.4174, 4.4257, 10.0907, 3.9747, 2.2466, 4.3097, 3.6786, 6.7624, 4.249, 3.4927, 3.1683, 4.7967, 4.6308, 5.6885, 0.1772, 0.3627, 0.5033, 0, 47.6647, 4.7239, 10.719, 5.6749],
      [3.7385, 2.534, 0.0375, 0.2855, 0.7183, 0.8705, 0.6941, 2.0846, 1.5954, 0.5423, 0, 0.1774, 0, 2.846, 3.4875, 1.5613, 2.016, 3.5823, 2.2038, 1.3063, 1.4313, 1.708, 2.6143, 1.7369, 2.503, 1.3549, 1.8777, 2.26, 1.705, 0.2002, 0.314, 0.169, 0, 28.9691, 2.4974, 6.9585, 3.7384],
      [18.3282, 9.3693, 1.3641, 3.5877, 4.5066, 7.0001, 1.5593, 7.6742, 8.3578, 1.8329, 0, 1.6887, 0, 13.882, 23.4987, 10.0025, 9.0266, 22.2414, 10.9793, 5.2313, 6.6569, 7.6229, 14.3268, 7.3555, 11.0059, 6.0001, 10.412, 9.8487, 9.9603, 1.0555, 1.4378, 1.7603, 0, 129.9052, 11.8219, 35.2935, 10.9796]
    ]
  ],
  "V_est": [
    [6.3662, 136.1274, 59.8907, 1531.5144, 399.1013],
    [1790.8509, 84.8602, 507.1476, 142.6121, 65.5293],
    [76.2221, 718.906, 4048.9176, 40.7273, 322.2269],
    [146.9605, 1348.2931, 199.7256, 18184.8907, 610.1302],
    [46.4439, 3381.0716, 880.1092, 720.9366, 282.4388],
    [110.1564, 181.7418, 173.2093, 90.3189, 435.5736]
  ],
  "p_est": [
    [0.003, 0.0638, 0.0281, 0.718, 0.1871],
    [0.6912, 0.0328, 0.1957, 0.055, 0.0253],
    [0.0146, 0.1381, 0.7776, 0.0078, 0.0619],
    [0.0072, 0.0658, 0.0097, 0.8875, 0.0298],
    [0.0087, 0.6366, 0.1657, 0.1357, 0.0532],
    [0.1112, 0.1834, 0.1748, 0.0911, 0.4395]
  ],
  "EI_Z": {},
  "EI_V": 6.5398,
  "MAE_Z": {},
  "MAE_V": 160.1073,
  "MAE_p": 0.0551,
  "runtime": 0.114
}
