{
  "Z_true": {},
  "V_true": [
    [24, 439, 74, 794, 250, 53],
    [219, 686, 714, 8422, 2165, 500],
    [530, 40, 418, 68, 14042, 169],
    [77, 20, 1668, 238, 1146, 50],
    [217, 55, 109, 289, 1297, 592]
  ],
  "p_true": [
    [0.0147, 0.2687, 0.0453, 0.4859, 0.153, 0.0324],
    [0.0172, 0.054, 0.0562, 0.6628, 0.1704, 0.0394],
    [0.0347, 0.0026, 0.0274, 0.0045, 0.9198, 0.0111],
    [0.0241, 0.0063, 0.5214, 0.0744, 0.3582, 0.0156],
    [0.0848, 0.0215, 0.0426, 0.1129, 0.5068, 0.2313]
  ],
  "Z_est": [
    [
      [3, 2, 3, 4, 2, 2, 3, 2, 2, 2, 1.9903, 2, 0, 2, 2.9994, 3, 3, 3, 2, 2, 2, 3, 2, 4, 3, 3, 2, 3, 3, 1, 4, 5, 2, 1.9989, 2, 2, 2, 2, 2, 1.9936, 2, 1.8316, 3, 3, 3, 3, 4, 1, 3, 2, 3, 5, 2, 5, 2, 5, 3],
      [3, 1, 1, 2, 2.3357e-09, 3, 1, 1, 2, 1, 0.002, 1, 0.3363, 1, 2.0008, 2.1926e-14, 1, 3.1528e-29, 2.643e-14, 2, 8.4934e-07, 3, 6.8896e-10, 1, 2, 1, 3, 5.5654e-20, 9.1246e-10, 1, 1, 4, 0, 0.0008, 1, 1, 1, 2.3535e-08, 0, 0.0061, 1, 0.058, 2.599e-22, 3.2617e-22, 1, 4, 2, 2, 3.2629e-10, 0.0001, 3, 4, 1, 2, 1, 9, 2],
      [2, 1, 2, 6, 1, 3, 2, 2, 1, 2, 0.0004, 1, 0, 1.4083e-06, 2.0005, 1, 1, 2, 1, 2, 7.0483e-06, 5, 1, 3, 1, 4, 3, 2, 1, 3.7754e-06, 1, 3, 0, 0.0003, 2, 1, 2, 9.0939e-06, 0, 0.0002, 1, 0.0162, 1, 2, 2, 7, 2, 1, 2, 1, 5, 4, 2.1909e-07, 5, 2, 9, 1],
      [8, 5, 9, 22, 3, 11, 10, 6, 6, 9, 0.006, 3, 0.5324, 1, 8.9991, 3, 5, 6, 3, 9, 2.0004, 15, 3, 14, 8, 15, 10, 8, 2, 3, 7, 19, 1, 4.0107, 6, 4, 8, 1, 1.0001, 1.0196, 4, 0.9988, 8, 7, 9, 19, 7, 6, 6, 5, 17, 17, 1, 20, 4, 33, 5],
      [26, 6, 21, 51, 9, 20, 15, 10, 13, 15, 3.9978, 9, 2.9509, 6, 11.0008, 9, 19, 25, 10, 13, 4.9996, 25, 7, 28, 10, 27, 11, 8, 7, 0, 11, 35, 4, 2.9885, 7, 4, 12, 2, 5.9999, 2.9805, 13, 4.0779, 12, 9, 14, 42, 21, 8, 10, 6.9999, 24, 25, 1, 52, 9, 62, 12],
      [1, 9.1645e-14, 1, 2, 6.593e-10, 2.0279e-12, 1, 6.9548e-20, 9.8242e-12, 1, 0.0035, 1.1235e-10, 0.1804, 3.5591e-06, 0.9994, 1.7457e-14, 4.1056e-16, 1.374e-29, 1.7881e-10, 1, 6.6957e-07, 1, 2.4408e-12, 2, 1, 2, 5.465e-15, 1, 6.6815e-08, 1, 6.7287e-10, 2, 6.1301e-07, 0.0008, 1, 1.2448e-08, 1, 2.3912e-08, 1.1755e-07, 0.0001, 8.0524e-10, 0.0176, 1, 1, 1, 2, 1, 1, 3.2641e-10, 1, 2, 2, 1.0618e-07, 2, 9.5708e-07, 7, 1.9575e-08]
    ],
    [
      [9, 6, 11, 20, 4, 11, 9, 8, 5, 4, 0.005, 3, 0, 2, 2.0003, 5, 5, 9, 3, 4, 2.9999, 9, 6, 10, 4, 16, 6, 13, 3, 2, 8, 12, 2, 0.9961, 5, 1, 2, 3, 2, 0.0101, 4, 0.0145, 7, 10, 11, 5, 9, 1, 3, 1, 15, 7, 3, 21, 3.6957e-07, 23, 4],
      [9, 6, 8, 19, 6, 9, 9, 12, 5, 12, 1.9931, 6, 0.0776, 4, 7.9989, 5, 6, 6, 3, 9, 1, 15, 6, 18, 9, 15, 12, 15, 6, 8, 8, 17, 3, 2.9861, 14, 6, 14, 4, 1.9999, 3.9937, 4, 0.9118, 11, 15, 11, 22, 6, 7, 9, 5.9999, 15, 15, 3, 16, 3, 50, 8],
      [16, 30, 28, 58, 9, 44, 29, 44, 13, 23, 0.9988, 9, 0, 2, 5.0002, 14, 13, 17, 12, 17, 5.9995, 34, 16, 36, 13, 45, 32, 32, 8, 13, 12, 14, 4, 3.9966, 25, 19, 21, 12, 4.9999, 6.002, 7, 3.9361, 31, 33, 34, 35, 16, 6, 18, 5, 46, 16, 22, 33, 16, 60, 5],
      [39, 85, 84, 189, 24, 126, 105, 119, 52, 92, 5.0079, 18, 0.1564, 7, 19.0004, 23, 33, 52, 31, 57, 12.0007, 91, 36, 138, 51, 155, 97, 133, 20, 83.0001, 43, 75, 11, 28.0058, 76, 64, 85, 42.0001, 13.0001, 11.0109, 24, 2.9963, 135, 98, 118, 90, 40, 25, 52, 27.0001, 131, 56, 49, 125, 21, 199, 23],
      [124, 95, 201, 432, 77, 222, 161, 206, 111, 151, 33.9926, 49, 0.6898, 32, 21.9991, 74, 125, 211, 93, 81, 34.9997, 155, 89, 274, 65, 272, 102, 133, 60, 13.9999, 67, 133, 36, 24.0225, 92, 61, 124, 69, 48.0001, 37.9851, 66, 15.1015, 189, 133, 184, 196, 110, 37, 80, 42, 187, 83, 49, 322, 50, 378, 48],
      [5, 13, 14, 20, 1, 9, 12, 15, 7, 12, 1.0026, 2, 0.0762, 1, 2.0012, 3, 3, 5, 3, 11, 1.0003, 9, 4, 19, 7, 20, 8, 16, 2, 30, 5, 8, 1, 3.9929, 14, 9, 13, 4, 0, 0.9983, 2, 0.0396, 17, 19, 16, 11, 6, 4, 6, 6.0001, 15, 8, 11, 14, 3, 43, 3]
    ],
    [
      [17, 5, 15, 28, 7, 12, 9, 8, 6, 3, 1.0003, 5, 0, 5, 1.0002, 9, 14, 19, 6, 3, 6.0003, 11, 9, 9, 3, 18, 4, 8, 6, 2.0819e-06, 9, 16, 5, 1.0048, 3, 1, 1, 2, 4.9999, 0.9958, 8, 1.0815, 6, 8, 12, 7, 16, 1, 3, 5.3824e-06, 13, 8, 2, 36, 1, 24, 5],
      [16, 3, 9, 26, 7, 10, 8, 11, 7, 10, 1.0039, 7, 0.5504, 5, 4.9982, 6, 13, 11, 2, 6, 0.9999, 18, 6, 14, 6, 16, 8, 7, 5, 6.9667e-06, 6, 19, 5, 1.0125, 9, 2, 11, 3, 1, 2.9903, 5, 0.0115, 6, 9, 10, 26, 9, 4, 6, 3, 13, 15, 1, 23, 4, 51, 7],
      [26, 23, 36, 86, 17, 45, 28, 42, 12, 23, 0.9979, 17, 0, 7.9999, 5.9988, 28, 34, 41, 19, 14, 7, 41, 26, 35, 10, 52, 19, 20, 14, 2, 12, 19, 10.9999, 1.0008, 19, 8, 21, 14.9999, 11, 9.9875, 13, 10.0452, 28, 26, 32, 50, 28, 5, 19, 5, 38, 19, 19, 63, 20, 63, 10],
      [75, 62, 115, 275, 45, 142, 106, 117, 63, 88, 13.9808, 34, 1.1716, 20, 17.9999, 43, 85, 122, 56, 46, 27.999, 114, 60, 121, 40, 176, 65, 87, 35, 6, 50, 98, 23.0001, 19.9848, 60, 35, 83, 41, 33.9998, 19.9694, 52, 16.0543, 116, 74, 121, 120, 72, 22.0001, 54, 19, 118, 69, 41, 223, 36, 209, 32],
      [232, 69, 272, 629, 144, 244, 161, 202, 131, 143, 83.023, 87, 6.6861, 82, 20.003, 136, 316, 492, 163, 63, 73.0009, 190, 143, 242, 50, 307, 66, 84, 100, 1, 73, 173, 77, 15.9841, 69, 32, 119, 68.0001, 119.0003, 63.057, 137, 56.7068, 159, 100, 185, 262, 196, 31, 80, 29.0001, 166, 97, 40, 570, 77, 394, 65],
      [10, 9, 18, 29, 3, 10, 12, 15, 8, 12, 2.994, 4, 0.5919, 3, 2, 5, 7, 13, 6, 8, 2.9999, 11, 7, 16, 5, 22, 5, 10, 4, 2, 6, 11, 2, 2.0131, 10, 5, 13, 4, 2, 0.9999, 5, 1.1008, 14, 15, 16, 15, 11, 4, 6, 3.9999, 13, 9, 9, 25, 4, 45, 4]
    ],
    [
      [3, 2, 3, 5, 1, 3, 2, 2, 1, 1.8917e-19, 0.0013, 1, 0, 6.955e-07, 0.0001, 1, 2, 1, 3.4117e-10, 1, 1, 1, 2, 1, 4.4068e-12, 4, 1, 2, 6.6714e-08, 0, 1, 2, 1.5585e-06, 0, 1, 4.8353e-10, 7.7194e-14, 9.0672e-06, 0.0001, 0.0001, 1.1356e-11, 0.0508, 1, 2, 2, 2, 2, 1.5544e-06, 1, 0, 4, 1, 1, 5, 6.2717e-07, 5, 7.7259e-09],
      [2, 1, 1, 4, 1, 2, 2, 3, 1, 2, 0.0003, 1, 0, 0, 1.0007, 1.5151e-14, 2, 3.1449e-29, 5.0913e-10, 1, 0.0001, 3, 1, 2, 1, 3, 2, 2, 4.3584e-10, 2.2204e-06, 9.0925e-12, 2, 0, 0.0002, 3, 1, 2, 0, 1.4103e-07, 0.0099, 8.3246e-10, 0.0157, 1, 3, 2, 7, 1, 0, 2, 0, 3, 3, 5.6555e-08, 3, 1, 10, 2.8053e-08],
      [4, 9, 7, 16, 2, 11, 7, 11, 2, 5, 0.0023, 2, 0, 4.4252e-08, 1.0005, 4, 4, 3, 2, 3, 1.0004, 6, 5, 6, 1, 11, 7, 6, 1, 0, 1, 3, 1, 0.0001, 6, 4, 5, 2, 0, 2.0059, 2.2088e-10, 0.9663, 7, 9, 7, 13, 4, 7.2933e-07, 5, 1.0001, 11, 3, 6, 8, 5, 12, 1.2261e-08],
      [15, 29, 22, 54, 8, 35, 27, 32, 11, 21, 1.0049, 6, 0, 4, 5.0008, 8, 13, 14, 7, 13, 3.9997, 20, 14, 28, 8, 41, 23, 26, 5, 6.9999, 5, 15, 5.9999, 1.0049, 19, 17, 21, 9.9999, 3, 4.9918, 4, 1.9472, 33, 28, 27, 34, 13, 4, 17, 5, 35, 12, 16, 34, 9, 43, 6],
      [43, 31, 55, 119, 27, 65, 43, 58, 24, 35, 7.9891, 17, 0, 12, 6.9974, 23, 51, 49, 23, 20, 13.9999, 35, 35, 52, 11, 71, 25, 27, 19, 2, 11, 24, 16, 1.9938, 26, 17, 31, 14, 12.9999, 15.9879, 9, 11.0043, 46, 38, 44, 72, 38, 8.9999, 28, 7.9999, 52, 22, 16, 86, 23, 84, 7],
      [1, 4, 3, 5, 2, 2, 3, 4, 1, 2, 0.0021, 8.5072e-11, 0, 7.5096e-07, 0.0006, 3.4029e-14, 1, 1, 1.9539e-10, 3, 1.9999, 1, 2, 3, 1, 5, 2, 3, 9.4143e-10, 2, 1, 1, 9.3873e-07, 0.001, 3, 2, 3, 0, 3.7799e-06, 0.0045, 1.9225e-11, 0.0158, 4, 5, 3, 4, 2, 0, 2, 1, 4, 1, 3, 3, 1, 9, 3.3686e-10]
    ],
    [
      [1, 1, 2, 3, 1, 2, 1, 1, 1.1034e-12, 5.342e-18, 0.0031, 1, 0, 0, 0, 1, 1, 1, 1, 1, 0.9999, 1, 1, 1, 1, 3, 1.7229e-12, 2, 1, 0, 1, 2, 0, 0.0002, 1, 1.1042e-08, 3.0429e-15, 9.121e-06, 0, 0.0004, 1, 0.0216, 1, 2, 2, 1, 1, 7.7848e-06, 1.4449e-12, 0.0001, 2, 1, 2.8682e-07, 5, 3.6975e-07, 5, 2.2542e-08],
      [1, 4.1135e-14, 1, 3, 1, 1, 1, 1, 1, 2, 0.0008, 1, 0.0357, 1.4236e-06, 0.0015, 1, 1, 9.848e-30, 1.7333e-10, 1, 2.0335e-06, 2, 2.4437e-12, 2, 1, 3, 1, 1, 1, 1, 1, 2, 1.1055e-06, 0.0004, 2, 2.674e-09, 1, 9.0511e-06, 0, 0.0002, 8.671e-10, 0.003, 1, 2, 1, 3, 2.2182e-14, 1, 1, 1, 2, 2, 3.0853e-07, 3, 1.722e-07, 11, 2.4773e-08],
      [2, 5, 5, 11, 2, 8, 5, 7, 1, 4, 0.0005, 2, 0, 0, 4.8296e-06, 4, 2, 3, 3, 4, 1.0001, 5, 3, 6, 2, 11, 3, 4, 2, 2, 2, 2, 0, 0.0022, 4, 2, 2, 2, 0.0001, 1.0044, 1, 1.0362, 5, 6, 6, 6, 2, 0, 2, 2, 5, 2, 4, 9, 3, 13, 1.5628e-08],
      [7, 15, 17, 36, 6, 26, 18, 20, 9, 19, 1.0004, 5, 0.1396, 1, 1.9999, 7, 7, 10, 9, 14, 4.0001, 14, 7, 22, 10, 38, 9, 19, 5, 19.9999, 8, 15, 2, 5.9937, 14, 11, 10, 7, 2, 2.0082, 6, 1.0034, 24, 20, 23, 17, 7, 5, 8, 10, 17, 10, 10, 34, 4, 46, 3],
      [25, 18, 40, 86, 19, 46, 29, 35, 20, 33, 7.9974, 15, 0.6732, 8.9999, 2.9998, 23, 27, 45, 27, 20, 10.9999, 24, 18, 46, 14, 67, 10, 21, 17, 4, 13, 27, 7, 6.0112, 18, 11, 15, 12.9999, 9.9999, 9.9896, 16, 6.1096, 35, 28, 36, 37, 20, 7, 13, 16, 25, 14, 12, 90, 11, 87, 10],
      [3, 4, 5, 5, 1, 5, 4, 4, 3, 5, 0.9977, 3, 0.1515, 2, 1.9988, 3, 2, 3, 3, 4, 1, 3, 3, 5, 3, 6, 3, 4, 3, 9, 3, 3, 2, 2.9923, 4, 4, 3, 2, 1.9999, 1.9972, 2, 1.8262, 5, 6, 5, 3, 3, 3, 3, 3, 4, 4, 4, 7, 3, 12, 2]
    ]
  ],
  "V_est": [
    [148.8137, 73.404, 106.0178, 429.567, 834.9957, 41.2018],
    [352.0258, 525.9609, 1127.933, 3640.1787, 6561.7903, 498.1112],
    [442.0828, 496.5666, 1307.0299, 4117.1597, 8385.4614, 518.6996],
    [70.0523, 82.0269, 252.9757, 924.9492, 1763.9721, 105.0237],
    [54.0254, 62.0415, 189.0436, 699.1454, 1353.7805, 200.9635]
  ],
  "p_est": [
    [0.0911, 0.0449, 0.0649, 0.2629, 0.511, 0.0252],
    [0.0277, 0.0414, 0.0888, 0.2865, 0.5164, 0.0392],
    [0.029, 0.0325, 0.0856, 0.2697, 0.5493, 0.034],
    [0.0219, 0.0256, 0.0791, 0.2891, 0.5514, 0.0328],
    [0.0211, 0.0242, 0.0739, 0.2732, 0.529, 0.0785]
  ],
  "EI_Z": {},
  "EI_V": 37.9076,
  "MAE_Z": {},
  "MAE_V": 893.7343,
  "MAE_p": 0.1254,
  "runtime": 0.4758
}
