{
  "Z_true": {},
  "V_true": [
    [16, 67, 1177, 302],
    [618, 884, 252, 136],
    [641, 11375, 569, 896],
    [240, 337, 12820, 1264],
    [124, 886, 673, 1206]
  ],
  "p_true": [
    [0.0102, 0.0429, 0.7535, 0.1933],
    [0.327, 0.4677, 0.1333, 0.072],
    [0.0475, 0.8438, 0.0422, 0.0665],
    [0.0164, 0.023, 0.8744, 0.0862],
    [0.0429, 0.3067, 0.233, 0.4174]
  ],
  "Z_est": [
    [
      [0, 0, 0, 0, 0, 0, 0, 0, 0, 0, 0, 0, 0, 0, 0, 0, 0, 0, 0, 0, 0, 0, 0, 0, 0, 0, 0, 0, 0, 0, 0, 0, 0, 0, 0, 0, 0, 0, 0],
      [0, 0, 0, 0, 0, 0, 0, 0, 0, 0, 0, 0, 0, 0, 0, 0, 0, 0, 0, 0, 0, 0, 0, 0, 0, 0, 0, 0, 0, 0, 0, 0, 0, 0, 0, 0, 0, 0, 0],
      [55, 24, 31, 53, 51, 48, 50, 1, 0, 1, 69, 49, 12, 60, 18, 66, 122, 45, 7, 32, 39, 19, 41, 17, 22, 2, 15, 8, 12, 22, 9, 63, 115, 51, 3, 152, 21, 140, 17],
      [0, 0, 0, 0, 0, 0, 0, 0, 0, 0, 0, 0, 0, 0, 0, 0, 0, 0, 0, 0, 0, 0, 0, 0, 0, 0, 0, 0, 0, 0, 0, 0, 0, 0, 0, 0, 0, 0, 0]
    ],
    [
      [34.539, 14.9669, 70.805, 22.4504, 36.8416, 24.753, 27, 0, 0, 0, 26.4799, 24.1773, 4.6052, 40.2955, 16.1182, 57.565, 53, 45.4764, 12.0887, 31.6608, 40.8712, 10.3617, 24.1773, 14.3913, 15.5426, 4.6052, 11.513, 8.0591, 7.4835, 18.9965, 8.0591, 40.8712, 50.6572, 33.9634, 1, 82.8936, 17.8452, 108.2222, 32.2364],
      [5.9077, 2.56, 12.1107, 3.84, 6.3015, 4.2338, 5.3169, 2.1671, 0.6819, 0.8738, 4.5292, 4.1354, 0.7877, 6.8923, 2.7569, 9.8461, 9.9446, 7.7784, 2.0677, 5.4154, 6.9907, 1.7723, 4.1354, 2.4615, 2.6585, 0.7877, 1.9692, 1.3785, 1.28, 3.2492, 1.3785, 6.9907, 8.6646, 5.8092, 0.1969, 14.1784, 3.0523, 18.5107, 5.5138],
      [7.5741, 3.2821, 15.5269, 4.9232, 8.079, 5.4281, 6.8167, 0.5049, 0.9188, 0.1262, 5.8068, 5.3019, 1.0099, 8.8364, 3.5346, 12.6235, 17.8904, 9.9725, 2.6509, 6.9429, 8.9627, 2.2722, 5.3019, 3.1559, 3.4083, 1.0099, 2.5247, 1.7673, 1.6411, 4.1657, 1.7673, 8.9627, 11.1086, 7.4478, 0.2525, 18.1778, 3.9133, 23.7321, 7.0691],
      [11.9793, 5.191, 24.5575, 7.7865, 12.7779, 8.5851, 14.8664, 1.328, 0.3993, 0, 9.1841, 8.3855, 1.5972, 13.9758, 5.5903, 19.9654, 20.1651, 15.7727, 4.1927, 10.981, 14.1754, 3.5938, 8.3855, 4.9914, 5.3907, 1.5972, 3.9931, 2.7952, 2.5955, 6.5886, 2.7952, 14.1754, 17.5696, 11.7796, 0.5506, 28.7502, 6.1893, 37.535, 11.1806]
    ],
    [
      [5.461, 4.2988, 7.7252, 16.0286, 13.9144, 5.4133, 0, 0, 0, 0, 25.1876, 21.3598, 0, 34.4977, 19.623, 5.435, 0, 17.4047, 3.5664, 11.9092, 6.9483, 9.6169, 18.7003, 1.1057, 12.546, 2.1789, 3.1666, 0.3264, 16.52, 5.8591, 4.2101, 3.1288, 18.1822, 7.483, 0, 20.1064, 12.428, 103.032, 4.7446],
      [160.6077, 114.2729, 135.9729, 197.3578, 211.147, 133.2982, 177.3321, 8.1128, 5.1889, 2.9536, 689.166, 414.309, 139.5541, 642.366, 338.2189, 416.8914, 313.0635, 469.3291, 96.8594, 323.4413, 421.5085, 440.1906, 379.4931, 210.5022, 346.8286, 165.527, 162.8389, 174.5894, 269.8147, 159.1262, 263.2898, 392.4356, 493.8101, 198.2646, 79.8255, 965.1351, 236.5803, 1165.9904, 128.8576],
      [9.9702, 2.087, 2.3343, 5.522, 3.8803, 14.4519, 8.2405, 0.0962, 0.8111, 0.0464, 0, 0, 0, 0, 4.6163, 7.2813, 17.1233, 23.5511, 1.7314, 5.7818, 20.0811, 0.3529, 6.1973, 16.2349, 0, 1.2852, 0, 5.4013, 0.0214, 2.8445, 0, 14.8888, 8.8272, 3.6329, 0, 32.6826, 0, 0, 2.3034],
      [16.9612, 14.3414, 4.9676, 21.0916, 22.0583, 16.8366, 31.4274, 0.7909, 0, 0, 76.6464, 42.3313, 13.4459, 61.1364, 43.5419, 41.3923, 31.8132, 36.7151, 9.8428, 32.8678, 22.4622, 27.8397, 37.6093, 13.1572, 34.6254, 11.009, 15.9945, 9.6829, 34.6439, 16.1702, 21.5001, 39.5468, 50.1805, 25.6194, 32.1745, 98.076, 23.9917, 126.9777, 13.0944]
    ],
    [
      [0, 1.7343, 1.4699, 3.521, 18.244, 1.8338, 0, 0, 0, 0, 8.3325, 3.4629, 0.3948, 8.2068, 2.2588, 0, 0, 4.119, 0.345, 3.4301, 3.1806, 1.0214, 3.1224, 1.5031, 2.9114, 0.2159, 1.3204, 0.6145, 0.9965, 3.1445, 0.7308, 0, 18.1606, 4.5536, 0, 0, 3.7269, 10.7458, 9.019],
      [0, 0, 28.1908, 0, 0, 0, 0, 0.195, 0.1125, 1.1726, 10.185, 6.7034, 1.8825, 10.9633, 4.3725, 13.2597, 6.0727, 7.9733, 1.3306, 8.9665, 6.1568, 1.9772, 6.0443, 2.9096, 20.0116, 0.418, 3.3158, 1.1896, 1.929, 13.307, 6.3387, 9.1629, 4.5727, 0, 1.3021, 34.0557, 4.3242, 20.8013, 7.9865],
      [413.7384, 235.0387, 147.3393, 391.7124, 451.0865, 429.4619, 511.6993, 7.31, 6.8875, 2.8274, 531.2256, 359.678, 89.013, 620.6334, 248.5396, 477.5421, 854.7293, 453.2194, 126.759, 365.877, 349.9658, 112.3911, 343.5695, 165.3885, 160.8151, 23.7575, 134.1429, 67.6174, 109.6498, 230.8646, 75.4858, 549.9211, 943.6887, 445.4092, 65.1257, 1213.5893, 229.1621, 1121.4807, 310.1241],
      [18.2616, 25.2269, 0, 28.7665, 27.6695, 38.7043, 48.3007, 0.495, 0, 0, 36.2568, 47.1557, 10.7097, 42.1965, 16.8291, 32.1981, 21.1979, 30.6884, 4.5655, 1.7264, 23.6969, 7.6102, 23.2638, 11.1988, 20.2619, 1.6087, 20.2209, 4.5785, 7.4246, 15.6839, 5.4447, 10.916, 24.578, 36.0372, 14.5722, 61.3549, 31.7868, 140.9722, 22.8704]
    ],
    [
      [0, 0, 0, 0, 0, 0, 0, 0, 0, 0, 0, 0, 0, 0, 0, 0, 0, 0, 0, 0, 0, 0, 0, 0, 0, 0, 0, 0, 0, 0, 0, 0, 0, 0, 0, 0, 0, 0, 0],
      [29.4847, 10.1671, 13.7256, 48.8022, 33.5515, 28.4679, 21.351, 1.5251, 1.0167, 0, 68.1197, 51.8523, 16.7758, 77.7785, 39.6518, 61.0027, 55.9192, 55.9192, 14.7423, 41.1768, 51.344, 34.0599, 50.3273, 38.1267, 30.5014, 16.2674, 22.876, 20.8426, 28.9763, 19.3175, 29.993, 55.4108, 57.9526, 25.9262, 10.6755, 129.6308, 33.0431, 133.6976, 8.6421],
      [1.7173, 0.5922, 0.7994, 2.8425, 1.9542, 1.6581, 1.2436, 0.0888, 0.3826, 0, 3.9676, 3.0201, 0.9771, 4.5302, 2.3095, 3.5531, 3.257, 3.257, 0.8587, 2.3983, 2.9905, 1.9838, 2.9313, 2.2207, 1.7765, 0.9475, 1.3324, 1.214, 1.6877, 1.1251, 1.7469, 3.2274, 3.3754, 1.5101, 0.6218, 7.5503, 1.9246, 7.7872, 0.5034],
      [26.798, 9.2407, 12.4749, 44.3553, 30.4943, 25.8739, 19.4055, 1.3861, 0.6007, 0, 61.9127, 47.1275, 15.2471, 70.6913, 36.0387, 55.4442, 50.8238, 50.8238, 13.399, 37.4248, 46.6655, 30.9563, 45.7414, 34.6526, 27.7221, 14.7851, 20.7916, 18.9434, 26.336, 17.5573, 27.2601, 50.3618, 52.672, 23.5638, 9.7027, 117.8189, 30.0323, 121.5152, 7.8546]
    ]
  ],
  "V_est": [
    [0, 0, 1562, 0],
    [1074.572, 189.125, 244.3905, 381.9125],
    [442.1076, 11644.0508, 222.2785, 1172.5631],
    [122.3204, 247.1834, 13376.4669, 915.0293],
    [0, 1468.6407, 85.8641, 1334.4952]
  ],
  "p_est": [
    [0, 0, 1, 0],
    [0.5686, 0.1001, 0.1293, 0.2021],
    [0.0328, 0.8637, 0.0165, 0.087],
    [0.0083, 0.0169, 0.9124, 0.0624],
    [0, 0.5084, 0.0297, 0.4619]
  ],
  "EI_Z": {},
  "EI_V": 8.412,
  "MAE_Z": {},
  "MAE_V": 290.0701,
  "MAE_p": 0.0943,
  "runtime": 0.5465
}
