{
  "Z_true": {},
  "V_true": [
    [778, 16, 48, 21, 593, 34],
    [53, 1341, 191, 563, 915, 102],
    [113, 528, 542, 3366, 602, 237],
    [298, 285, 311, 80, 18379, 325],
    [225, 201, 3399, 576, 808, 197],
    [45, 87, 120, 101, 674, 331]
  ],
  "p_true": [
    [0.5221, 0.0107, 0.0322, 0.0141, 0.398, 0.0228],
    [0.0167, 0.4237, 0.0603, 0.1779, 0.2891, 0.0322],
    [0.021, 0.098, 0.1006, 0.6247, 0.1117, 0.044],
    [0.0151, 0.0145, 0.0158, 0.0041, 0.934, 0.0165],
    [0.0416, 0.0372, 0.6287, 0.1065, 0.1495, 0.0364],
    [0.0331, 0.0641, 0.0884, 0.0744, 0.4963, 0.2437]
  ],
  "Z_est": [
    [
      [44.7557, 60.2024, 3.4848, 4.356, 3.7203, 5.561, 25.1806, 14.687, 13.6628, 12.106, 7.1385, 0.9582, 0.9164, 0.6607, 36.6564, 45.8415, 52.8812, 71.6816, 46.0846, 20.2212, 25.352, 21.8407, 67.9367, 30.793, 45.8603, 9.9002, 29.8153, 22.321, 45.1587, 4.7878, 12.3184, 0.719, 1.7726, 1.4403, 125.9406, 9.2832, 51.7729, 3.4825],
      [0.0324, 0.0185, 0.0024, 0.003, 0.0048, 0.0136, 0.0176, 0.0148, 0.0242, 0.0128, 0.0142, 0, 0.0035, 0.0011, 0.0333, 0.0336, 0.027, 0.0594, 0.0501, 0.024, 0.0195, 0.0298, 0.0605, 0.0085, 0.0314, 0.0067, 0.0297, 0.015, 0.0362, 0.0036, 0.0164, 0.0014, 0.0031, 0.0008, 0.0787, 0.0068, 0.047, 0.0028],
      [1.2677, 0.9128, 0.0487, 0.2253, 0.146, 0.2538, 0.8574, 0.4696, 0.5675, 1.0928, 0.2511, 0.0013, 0.0145, 0.0378, 1.4599, 1.9594, 1.3257, 2.9988, 2.0058, 1.2966, 0.6631, 1.1074, 3.1196, 0.9316, 1.9556, 0.2378, 1.4878, 0.7699, 1.4348, 0.2167, 0.5881, 0.0823, 0.023, 0.034, 5.5021, 0.5247, 1.6093, 0.0556],
      [0.4422, 0.291, 0.0199, 0.038, 0.0513, 0.1111, 0.3019, 0.1843, 0.2509, 0.2289, 0.0775, 0.0017, 0.0195, 0.0108, 0.3434, 0.4751, 0.6601, 0.8694, 0.6803, 0.2697, 0.2499, 0.4724, 1.0391, 0.2882, 0.6002, 0.0995, 0.4918, 0.2377, 0.555, 0.0639, 0.2028, 0.0078, 0.0067, 0.0147, 1.6577, 0.1805, 0.7024, 0.0265],
      [16.3883, 14.5923, 0.2378, 1.072, 1.3094, 3.4643, 7.0512, 5.8541, 7.8128, 5.2562, 5.548, 0.0389, 0.2278, 0.1795, 19.4048, 20.0465, 15.1721, 18.3458, 19.7493, 9.4901, 5.5553, 13.4071, 26.2918, 9.5723, 19.8804, 2.2571, 11.7531, 8.3771, 20.1568, 2.6589, 7.3809, 1.1033, 0.1051, 0.4563, 54.5778, 3.1887, 19.9444, 1.305],
      [2.1137, 1.983, 0.2065, 0.3057, 0.7682, 0.5961, 1.5913, 0.7902, 1.6818, 1.3034, 0.9708, 0, 0.8184, 0.1101, 3.1022, 3.6439, 2.9339, 6.045, 3.4298, 3.6983, 2.1601, 2.1426, 5.5523, 1.4064, 3.6721, 0.4987, 3.4223, 1.2792, 2.6585, 1.2691, 1.4934, 0.0862, 0.0896, 0.0539, 12.243, 0.8161, 3.924, 0.1276]
    ],
    [
      [0.116, 0.1216, 0.0194, 0.0944, 0.0579, 0.0094, 0.1245, 0.0845, 0.0586, 0.0583, 0.0102, 0, 0.0396, 0.0011, 0.0649, 0.1927, 0.1353, 0.1566, 0.1576, 0.049, 0.0787, 0.0377, 0.1952, 0.2275, 0.0816, 0.0415, 0.0737, 0.1238, 0.1621, 0.0147, 0.0202, 0, 0.0016, 0.0287, 0.4374, 0.0636, 0.3127, 0.0822],
      [46.9773, 23.99, 3.9645, 24.5326, 22.4174, 33.1375, 50.3309, 48.8577, 86.3919, 40.8405, 19.4858, 2.5654, 2.9889, 1.5868, 31.9657, 75.0375, 45.1081, 65.1854, 102.3723, 24.8949, 23.9451, 47.206, 98.7706, 55.3532, 33.9845, 16.6594, 41.4613, 44.6094, 68.6799, 5.6592, 18.7975, 2.6509, 0.683, 7.7787, 173.7305, 26.9701, 157.5974, 20.992],
      [0.8017, 0.4925, 0.1156, 0.7813, 0.3088, 0.175, 1.0531, 0.6027, 0.767, 1.4959, 0.1088, 0.0143, 0.8744, 0.0147, 0.6313, 1.9458, 0.8558, 1.5536, 1.6613, 0.7093, 0.5119, 0.799, 2.1849, 1.7449, 0.8455, 0.2625, 0.9188, 0.9963, 1.2122, 0.1582, 0.2886, 0.046, 0.0088, 0.122, 4.6424, 0.8573, 2.2431, 0.1309],
      [8.7876, 4.8922, 1.3108, 4.607, 2.2729, 2.3048, 11.7805, 7.4051, 10.7957, 9.9788, 1.0052, 0.1551, 2.3722, 0.1429, 4.7376, 14.9822, 13.5287, 13.9708, 17.6934, 4.5938, 5.7245, 10.7146, 22.9493, 16.7801, 8.2043, 3.5631, 9.5451, 9.7193, 14.6814, 1.3987, 3.2349, 0.1464, 0.1187, 1.8088, 43.9032, 9.3263, 31.4123, 2.5781],
      [35.1601, 26.7679, 1.8412, 14.0411, 6.3869, 7.7282, 29.5271, 25.4366, 36.2541, 24.7014, 7.743, 1.2652, 1.7248, 0.1941, 28.4318, 67.9437, 33.2988, 32.0901, 55.5282, 17.5313, 14.1406, 32.7477, 62.593, 60.6581, 29.3025, 8.5665, 24.5876, 36.873, 57.6528, 6.352, 12.4475, 2.0745, 0.1331, 5.9228, 156.5406, 17.6247, 96.3763, 13.5932],
      [2.1574, 1.7358, 0.7485, 1.9436, 1.5562, 0.645, 3.1838, 1.6135, 3.7326, 2.9251, 0.647, 0, 0, 0.0604, 2.1686, 5.898, 3.0733, 5.0435, 4.5872, 3.2218, 2.5992, 2.4951, 6.307, 4.2362, 2.5816, 0.9071, 3.4135, 2.6782, 3.6117, 1.4172, 1.2112, 0.0821, 0.0548, 0.3389, 16.746, 2.158, 9.0583, 0.6236]
    ],
    [
      [4.413, 4.4871, 0.6227, 1.5651, 1.5474, 0.638, 2.0146, 2.8197, 1.2885, 1.1176, 0.5053, 1.1834, 0.9575, 0.1151, 3.4019, 7.9529, 5.4668, 10.7074, 4.5795, 1.1323, 3.7845, 2.1117, 5.88, 5.9283, 2.7021, 1.4318, 4.6992, 4.5056, 5.2235, 0.2621, 1.2111, 0.1738, 0.2529, 0.3783, 13.0026, 0.8903, 9.6203, 0.6703],
      [20.2787, 9.2335, 1.1975, 6.7726, 10.1566, 16.5802, 9.1723, 20.3784, 16.7658, 7.7391, 9.5052, 3.2755, 0.9489, 0.6826, 19.0134, 35.9559, 20.039, 51.7189, 33.8498, 7.143, 13.4458, 18.3739, 33.5794, 15.8618, 12.7277, 6.3282, 29.4916, 19.3639, 25.9969, 1.2866, 10.7289, 4.044, 0.6232, 1.6405, 58.1531, 4.5188, 56.63, 4.1214],
      [12.7448, 6.995, 1.2793, 8.8693, 3.7984, 3.1812, 7.1368, 9.2906, 5.5653, 10.6314, 1.919, 0.676, 0.1195, 0.3679, 13.8176, 34.378, 14.0376, 45.0025, 20.2073, 7.5383, 10.2886, 11.429, 27.3162, 18.4055, 11.7468, 3.8007, 24.0176, 15.9685, 16.8104, 1.3246, 6.2319, 2.9678, 0.4346, 1.0626, 57.0534, 5.3391, 30.1395, 1.2701],
      [113.2177, 56.6449, 13.1801, 38.6911, 30.8994, 34.7488, 64.6455, 92.6631, 62.705, 56.9379, 15.3498, 7.0895, 3.7035, 3.5255, 84.3606, 212.9071, 179.3335, 327.6648, 173.8517, 39.9431, 95.9233, 124.4692, 231.4618, 143.6233, 91.947, 41.7861, 201.7763, 125.9829, 165.0966, 10.3004, 56.2964, 7.6339, 5.197, 12.9154, 434.5608, 47.6462, 334.1078, 16.0063],
      [6.2156, 4.228, 0.2107, 1.5261, 1.2617, 1.6799, 2.1981, 4.3846, 2.9005, 1.9067, 1.5793, 0.7756, 0.1231, 0.0373, 6.9004, 13.2492, 6.1129, 9.6542, 7.5301, 2.0876, 3.2006, 5.224, 8.6814, 7.166, 4.4945, 1.332, 7.0683, 6.525, 8.8926, 0.6039, 2.8997, 1.2802, 0.0238, 0.5048, 21.4622, 1.2, 14.1484, 1.0966],
      [6.1303, 4.4114, 1.5097, 3.5758, 4.3364, 2.1719, 3.8326, 4.4637, 4.7749, 3.6672, 2.1413, 0, 0.1474, 0.2715, 8.5062, 18.5569, 9.0103, 26.2522, 9.9816, 6.1557, 9.3572, 6.3923, 14.0812, 8.0152, 6.3819, 2.3213, 15.947, 7.654, 8.9801, 2.2224, 4.6319, 0.9004, 0.4685, 0.4984, 36.7678, 2.4056, 21.3541, 0.8353]
    ],
    [
      [10.8257, 10.523, 1.2465, 1.5452, 0.3582, 1.1702, 6.659, 4.5333, 3.5698, 3.1616, 1.1552, 0, 0, 0.149, 5.1737, 6.4276, 8.1918, 10.9575, 9.3657, 2.7246, 2.6617, 1.7967, 11.5183, 9.8223, 5.7622, 2.78, 4.3817, 4.2872, 8.2217, 0, 0.664, 0, 0.4974, 0.7842, 26.1471, 2.9846, 11.4638, 1.3926],
      [6.7317, 3.3473, 0.4654, 0.9235, 0.9333, 0.3417, 4.0629, 3.4776, 4.997, 3.2476, 1.0026, 0, 0, 0.4505, 4.0484, 3.9486, 3.7972, 7.175, 8.5403, 2.5177, 1.3603, 2.6269, 8.7472, 1.9125, 3.3749, 1.7125, 3.7594, 2.4208, 5.52, 0.4302, 0.8231, 0, 0.4359, 0.422, 13.3734, 1.8915, 8.7705, 0.9249],
      [2.304, 1.827, 0.5115, 0.0394, 0.8887, 0.679, 1.4168, 1.0037, 0.9221, 1.6292, 0.9192, 0, 0, 0.3184, 1.762, 1.5785, 1.3616, 3.6344, 2.733, 1.3625, 0.7699, 0.7934, 3.4271, 2.469, 1.3153, 0.3275, 1.5798, 0.9459, 1.9254, 1.2035, 0.1791, 0.0282, 0.1469, 0, 7.4738, 1.249, 1.4678, 0],
      [2.0217, 1.51, 0.3618, 0.3041, 0.9148, 2.825, 1.179, 1.4846, 2.1679, 1.5642, 0.5731, 0.4187, 0.4593, 0, 0, 0.7945, 1.3647, 2.5824, 2.7195, 0.8651, 0.6276, 0.8027, 2.7674, 2.7293, 1.2832, 0.3062, 1.2214, 0.6625, 1.9121, 0.7595, 0.1043, 0, 0, 0, 6.795, 0.6814, 2.7424, 0.2176],
      [1053.9999, 829.9325, 36.4148, 103.3903, 80.9049, 233.8089, 512.1651, 465.1771, 612.4739, 407.2841, 282.0778, 22.5813, 33.5407, 23.7429, 728.3723, 741.3948, 648.6922, 735.9208, 1071.6324, 325.2408, 160.0746, 369.8554, 1193.6122, 844.369, 666.6585, 186.7965, 471.5438, 424.6088, 949.975, 149.6068, 119.5928, 33.6672, 17.6943, 71.4972, 3017.6402, 278.5645, 1166.9038, 139.3372],
      [1.1171, 1.8601, 0, 0.7975, 0, 1.1752, 2.5172, 0.3237, 2.8693, 2.1133, 1.2721, 0, 0, 0.3393, 2.6436, 2.856, 2.5925, 4.7299, 3.0091, 0.2893, 0.5058, 1.1248, 4.9278, 1.6979, 2.6058, 1.0773, 2.5139, 1.0748, 1.4458, 0, 0.6367, 0.3046, 0.2255, 0.2966, 12.5706, 1.629, 4.6517, 0.1277]
    ],
    [
      [5.4387, 5.7367, 0.7415, 0.6303, 0.8749, 1.0627, 2.9666, 3.7741, 1.8761, 1.038, 0.8779, 0.6257, 0.0617, 0.0039, 4.0191, 8.2507, 7.7098, 12.2057, 6.7642, 0.822, 4.0408, 2.5304, 6.9893, 5.9062, 5.9705, 1.7463, 4.9358, 3.517, 7.0478, 1.6905, 1.0682, 0.0222, 0.1052, 0.305, 17.9171, 1.3692, 5.9554, 0.665],
      [1.73, 0.8117, 0.1223, 0.2, 0.6236, 1.6509, 0.9336, 1.8417, 1.645, 0.5048, 1.0748, 0.091, 0.0366, 0.0065, 1.5581, 2.6187, 1.9285, 4.2149, 3.419, 0.367, 1.0566, 1.5215, 2.7672, 1.0236, 1.9175, 0.5332, 2.175, 1.051, 2.4432, 0.4325, 0.6476, 0.0308, 0.0362, 0.1065, 5.418, 0.4754, 2.4295, 0.2774],
      [116.8212, 66.7711, 11.4001, 28.2045, 27.1028, 39.6378, 78.6756, 92.8923, 60.5659, 74.5045, 25.3422, 2.2829, 0.9691, 0.8687, 121.04, 264.432, 146.7759, 377.6784, 221.3428, 41.3363, 80.5679, 100.414, 240.7381, 136.1787, 192.64, 35.2324, 186.7916, 93.1718, 168.2952, 21.6173, 41.284, 3.3709, 2.9793, 8.6976, 581.2988, 61.7014, 139.2324, 10.0241],
      [14.1206, 7.2898, 1.4936, 1.5775, 3.2289, 5.8659, 9.5673, 12.5842, 9.2025, 5.3464, 2.6407, 0.3038, 0.3803, 0.0438, 9.9941, 22.3653, 25.5437, 38.158, 26.0875, 2.9086, 10.4335, 14.849, 27.932, 14.5347, 20.5191, 5.0433, 21.4868, 9.9628, 22.6135, 2.129, 4.9139, 0.0904, 0.2968, 1.1698, 61.0286, 7.2889, 21.0782, 1.5524],
      [16.0897, 11.3426, 0.5567, 1.3329, 2.5678, 5.6702, 6.8073, 12.2993, 8.8129, 3.7353, 5.7302, 0.6966, 0.1919, 0.0163, 17.0994, 28.9151, 17.9744, 24.0981, 23.3474, 3.1583, 7.2491, 12.9204, 21.7156, 14.9536, 20.8512, 3.424, 15.7094, 10.7397, 25.27, 2.7014, 5.3505, 0.3348, 0.0879, 1.0312, 62.1241, 3.8915, 18.4471, 2.2846],
      [10.7997, 8.0481, 2.6857, 2.0548, 7.602, 5.1125, 8.0495, 8.6085, 9.8976, 4.8709, 5.3342, 0, 3.3602, 0.0608, 14.2894, 27.4183, 18.0677, 42.6449, 21.0392, 6.4078, 14.6521, 10.7647, 23.8579, 11.4033, 20.1017, 4.0209, 23.9013, 8.5577, 17.3303, 5.4293, 5.7359, 0.1509, 0.4946, 0.6899, 72.2135, 5.2736, 18.8573, 1.1966]
    ],
    [
      [4.4509, 4.9292, 0.885, 0.809, 0.4413, 0.5586, 2.0547, 2.1014, 1.5443, 1.5185, 0.313, 0.2328, 0.0247, 0.0703, 2.684, 3.3346, 3.6151, 7.2912, 4.0484, 1.051, 2.0822, 1.6828, 4.4805, 4.3227, 2.6232, 1.1003, 2.0942, 2.2453, 4.1863, 0.2448, 0.7183, 0.085, 0.3701, 0.0635, 11.5552, 1.4091, 5.8749, 0.7073],
      [3.2499, 1.5989, 0.2478, 0.5683, 0.8641, 2.2761, 1.4826, 2.4298, 3.1761, 1.6553, 0.9174, 0.0681, 0.022, 0.2724, 2.3811, 2.4056, 2.1002, 5.6463, 4.7687, 1.0533, 1.1726, 2.2418, 4.0751, 1.8404, 1.9641, 0.7601, 2.083, 1.5399, 3.3238, 0.1879, 0.9865, 0.2728, 0.2186, 0.0516, 8.2463, 1.1373, 5.5256, 0.6816],
      [5.0605, 3.0015, 0.6449, 1.8802, 0.7553, 1.0732, 2.8604, 2.7412, 2.6122, 5.6461, 0.4597, 0.0255, 0.0225, 0.3925, 4.2893, 5.7063, 3.6435, 12.1323, 7.0497, 2.757, 2.1985, 3.4572, 8.2141, 5.2705, 4.4968, 1.1391, 4.2045, 3.1475, 5.3221, 0.4797, 1.4282, 0.5048, 0.4075, 0.0837, 20.0295, 3.3287, 7.3079, 0.5193],
      [4.4103, 2.3721, 0.6338, 0.7823, 0.6328, 1.1443, 2.5257, 2.6787, 2.8779, 2.9438, 0.3537, 0.0313, 0.0652, 0.2771, 2.5644, 3.4759, 4.5693, 8.7546, 5.9676, 1.4197, 2.0412, 3.6922, 6.8505, 4.0445, 3.4462, 1.2019, 3.4786, 2.4349, 5.1415, 0.3485, 1.2477, 0.1215, 0.3808, 0.0913, 15.0547, 2.8767, 7.9569, 0.6191],
      [34.1465, 25.1368, 1.7389, 4.6377, 3.5693, 7.6484, 12.2512, 17.8484, 18.7457, 14.1162, 5.3217, 0.6424, 0.1916, 0.8299, 29.7912, 30.4507, 21.7496, 38.891, 36.2126, 10.4919, 9.7797, 21.8455, 36.106, 28.281, 23.8128, 5.6238, 17.3379, 17.8763, 39.0527, 3.0771, 9.3286, 3.5401, 0.9559, 0.5876, 103.6551, 10.5305, 47.1801, 6.3835],
      [7.6819, 5.9616, 2.8496, 2.3226, 3.7372, 2.2994, 4.8254, 4.2004, 7.0438, 6.12, 1.6346, 0, 1.674, 1.1578, 8.29, 9.6269, 7.3223, 22.2845, 10.9531, 7.2271, 6.7256, 6.0806, 13.2738, 7.241, 7.6569, 2.1748, 8.8019, 4.756, 8.9737, 2.662, 3.2908, 0.4759, 1.6671, 0.1223, 40.4591, 4.7177, 16.1547, 1.0892]
    ]
  ],
  "V_est": [
    [981.2522, 0.7886, 37.5356, 12.2235, 379.2125, 78.9877],
    [3.5347, 1598.1598, 32.9364, 333.126, 1091.7824, 105.4607],
    [119.2441, 617.3225, 453.1627, 3758.7933, 170.3656, 269.1118],
    [182.9029, 118.5144, 50.1928, 47.723, 19210.7454, 67.9215],
    [137.2621, 49.7217, 3902.8794, 445.6253, 419.5285, 450.983],
    [87.804, 73.4931, 134.2931, 109.5089, 699.3657, 253.5353]
  ],
  "p_est": [
    [0.6586, 0.0005, 0.0252, 0.0082, 0.2545, 0.053],
    [0.0011, 0.5049, 0.0104, 0.1053, 0.345, 0.0333],
    [0.0221, 0.1146, 0.0841, 0.6976, 0.0316, 0.0499],
    [0.0093, 0.006, 0.0026, 0.0024, 0.9763, 0.0035],
    [0.0254, 0.0092, 0.722, 0.0824, 0.0776, 0.0834],
    [0.0647, 0.0541, 0.0989, 0.0806, 0.515, 0.1867]
  ],
  "EI_Z": {},
  "EI_V": 7.912,
  "MAE_Z": {},
  "MAE_V": 160.3719,
  "MAE_p": 0.0362,
  "runtime": 0.031
}
