{
  "Z_true": {},
  "V_true": [
    [2639, 991, 772, 106],
    [1032, 4652, 508, 218],
    [1038, 348, 17600, 734],
    [186, 575, 344, 226],
    [204, 192, 846, 682]
  ],
  "p_true": [
    [0.5854, 0.2198, 0.1713, 0.0235],
    [0.161, 0.7257, 0.0793, 0.034],
    [0.0526, 0.0176, 0.8925, 0.0372],
    [0.1397, 0.432, 0.2585, 0.1698],
    [0.106, 0.0998, 0.4397, 0.3545]
  ],
  "Z_est": [
    [
      [1.9731, 15, 19, 20, 0.6137, 6, 7, 12.0008, 15, 11, 12, 14, 25, 33, 10, 11, 19, 12, 2.2919, 1.9575, 9.4231, 0, 0.0969, 18, 5, 16, 13, 10, 3.9933, 15, 56, 31, 12, 24, 2.2554, 0.4067, 1.005, 13, 37, 11.9997, 18, 4.6745, 0.4877, 0.7716, 10.1479, 0, 8, 47, 1.1324, 30, 2.9861, 85, 31.9987],
      [1.3753, 18, 23, 29, 0.2578, 8, 13, 24.9986, 34, 26, 25, 14, 41, 44, 17.9988, 14, 36, 17, 2.2156, 1.9764, 2.6424, 0.1767, 0.1517, 11, 2, 18, 9, 5, 2.0067, 12, 57, 35, 7, 14, 1.6648, 0.3607, 1.9727, 17, 32, 13.0003, 10, 3.5093, 1.4062, 2.332, 12.0739, 0, 9.0005, 67, 0.6782, 32, 4.0075, 96, 19],
      [5.1347, 45, 73, 100, 2.1285, 23, 26, 52.0006, 66, 41, 42, 62, 59, 94, 40.0002, 48, 70, 59, 1.7036, 3.905, 16.1609, 1.8233, 0.7514, 67, 28, 85, 57, 47, 13.9796, 39, 123, 107, 47, 79, 3.7979, 1.0045, 5.1431, 37, 104, 37.0004, 44, 8.9734, 1.9498, 2.7319, 26.6304, 0, 28.9992, 217, 6.6726, 112, 10.0098, 276, 58.0008],
      [0.5168, 6, 7, 9, 0, 2, 4, 5, 6, 4, 6, 4, 7, 9, 5.001, 5, 9, 4, 0.7888, 1.1611, 0.7735, 0, 0, 4, 1, 5, 2, 2, 0.0203, 5, 22, 12, 2, 4, 0.2818, 0.2281, 0.8792, 6, 10, 2.9996, 6, 0.8429, 0.1562, 0.1645, 4.1478, 0, 2.0003, 20, 0.5168, 8, 0.9966, 26, 3.0005]
    ],
    [
      [0.7841, 21, 27, 30, 1.1713, 11, 12, 25.9997, 29, 26, 29, 15, 52, 46, 15.0016, 14, 35, 15, 0.9307, 1.2157, 6.1005, 0, 0.4238, 12, 4, 21, 12, 8, 3.9798, 15, 52, 44, 11, 22, 2.8806, 1.4016, 3.2653, 22, 35, 11, 11, 2.517, 0.467, 0.84, 15.2218, 0, 12.9988, 75, 0.8718, 34, 3.0027, 106, 18.0003],
      [0.6508, 28, 38, 46, 0.7189, 15, 27, 65.0022, 77, 64, 72, 18, 83, 67, 35.9992, 22, 68, 24, 1.0201, 2.1789, 4.3587, 0, 0.9215, 7, 2, 27, 11, 8, 7.0002, 14, 55, 55, 8, 16, 3.4099, 2.2765, 5.111, 29, 31, 13, 8, 4.1761, 1.8766, 3.3379, 20, 0.1799, 16, 111, 0.9761, 38, 7.012, 122, 12.0004],
      [2.4011, 67, 112, 159, 4.1098, 42, 51, 131.9972, 148, 102, 115, 71, 120, 139, 72.9998, 71, 132, 79, 0.7063, 4.592, 14.3508, 0, 3.6547, 43, 27, 121, 59, 50, 35.0065, 43, 114, 161, 50, 79, 7.1059, 5.4584, 9.8752, 63, 99, 35.0001, 30, 6.744, 2.3928, 3.5775, 42.7783, 0.8201, 51.0014, 354, 4.7641, 130, 17.9823, 349, 34.9996],
      [0.164, 9, 11, 15, 0, 3, 8, 14.0008, 15, 12, 17, 4, 14, 14, 9.9994, 8, 17, 5, 0.3428, 1.0134, 0.19, 0, 0, 3, 1, 7, 2, 2, 2.0135, 6, 20, 18, 3, 4, 0.6036, 1.8635, 1.7485, 10, 9, 2.9999, 4, 0.5629, 0.2636, 0.2446, 7, 0, 2.9998, 33, 0.388, 9, 1.003, 33, 1.9998]
    ],
    [
      [5.8817, 50, 85, 98, 2.6106, 28, 26, 60.0003, 67, 46, 45, 65, 68, 96, 35.9994, 47, 70, 55, 1.2551, 4.412, 25.218, 0, 1.4793, 75, 42, 92, 65, 72, 19.0201, 49.0001, 125, 128, 61, 110, 5.0754, 4.3985, 8.9253, 44, 107, 31.0006, 53, 8.5863, 0.8982, 1.1962, 27.7782, 0, 41.0012, 262, 3.5461, 121, 9.0143, 305, 63.0013],
      [4.5918, 68, 118, 154, 1.6044, 45, 60, 146.9959, 174, 111, 113, 71, 118, 139, 83.0023, 69, 144, 93, 1.1432, 7.0519, 9.1729, 1.8233, 2.9268, 55, 25, 119, 52, 52, 31.9728, 46, 135, 156, 43, 72, 5.0045, 6.9142, 10.9686, 65, 96, 39.999, 34, 9.0906, 2.9794, 4.5633, 40.7783, 0.8201, 52.9985, 392, 5.6239, 135, 16.9825, 355, 37.9993],
      [19.5308, 161, 363, 527, 10.785, 126, 112, 302.0047, 343, 180, 181, 307, 166, 295, 177.999, 243, 273, 309, 1.0657, 16.4847, 53.8596, 19.1767, 14.5939, 306, 319, 541, 324, 431, 164.0274, 142.9999, 283, 465, 287, 404, 12.0337, 18.9202, 31.4008, 139, 309, 107.9998, 145, 23.3971, 4.6522, 5.7564, 87.5174, 4.1799, 173.0005, 1250, 32.6043, 476, 45.0056, 1012, 120.9997],
      [1.9957, 22, 36, 50, 0, 11, 17, 31.9992, 35, 21, 27, 21, 19, 30, 24.9994, 27, 35, 21, 0.536, 4.0514, 1.7494, 0, 0, 21, 14, 35, 16, 24, 8.9797, 20, 50, 53, 17, 23, 0.8864, 5.7671, 4.7053, 22, 30, 9.0006, 21, 2.9261, 0.4701, 0.4841, 14.9261, 0, 10.9998, 116, 2.2257, 34, 3.9976, 96, 6.9996]
    ],
    [
      [0.1284, 6, 5, 6, 0.465, 2, 2, 6.9983, 7, 5, 7, 4, 6, 7, 2.9996, 2, 7, 4, 0.274, 0.106, 0.8629, 0, 0, 3, 3.7716e-09, 2, 1, 3, 0.0068, 4, 8, 6, 1, 4, 0.5435, 0.2767, 0.1267, 2, 4, 1.9998, 3, 0, 0.1471, 0.0942, 3, 0, 1, 19, 0.3075, 5, 0.9993, 16, 0.9999],
      [0.0946, 8, 7, 11, 0.3329, 4, 5, 17.0019, 19, 12, 19, 4, 11, 11, 6.9998, 3, 15, 7, 0.3399, 0.1199, 0.0279, 0, 0, 2, 9.8076e-07, 3, 1, 2, 0.0068, 4, 8, 7, 1, 2, 0.7289, 0.6606, 0.3313, 4, 3, 1.9999, 2, 0, 0.7378, 0.3925, 5.0739, 0, 2.0002, 29, 0.3373, 6, 2.0052, 21, 0.0003],
      [0.7497, 22, 22, 39, 2.2021, 12, 12, 38.9994, 41, 19, 34, 21, 19, 24, 15.001, 13, 29, 26, 0.2781, 0.6036, 1.0068, 0, 0, 16, 6, 19, 7, 21, 4.9932, 14, 20, 23, 10, 17, 1.5677, 1.5877, 2.0743, 11, 14, 8.0003, 9, 0, 1.0051, 0.48, 12.9261, 0, 8.9997, 97, 4.0613, 24, 5.9951, 56, 2],
      [0.0274, 3, 2, 3, 0, 1, 1, 3.0003, 4, 3, 5, 2, 1, 3, 2.9996, 1, 3, 2, 0.108, 0.1705, 0.1024, 0, 0, 1, 3.7774e-09, 1, 1, 2, 0.9932, 1, 3, 2, 1, 2, 0.1598, 0.475, 0.4677, 1, 1, 1, 1, 0, 0.11, 0.0333, 2, 0, 0.0002, 8, 0.294, 1, 1.0004, 5, 0.9999]
    ],
    [
      [0.2327, 4, 8, 8, 0.1394, 2, 2, 6.0008, 5, 5, 7, 5, 9, 10, 4.9994, 5, 7, 3, 0.2483, 0.3088, 0.3955, 0, 0, 7, 2, 5, 5, 6, 1, 6.9999, 16, 13, 5, 6, 0.2451, 0.5166, 0.6777, 5, 8, 1.9999, 6, 1.2223, 0, 0.0979, 2.8522, 0, 3, 24, 0.1422, 6, 0.9975, 35, 6.9999],
      [0.2874, 5, 12, 13, 0.086, 3, 5, 15.0014, 14, 12, 19, 5, 16, 14, 11, 7, 14, 6, 0.2812, 0.6729, 0.7981, 0, 0, 5, 1, 6, 4, 4, 2.0135, 6.0001, 17, 16, 3, 4, 0.1919, 0.788, 1.6164, 8, 7, 3.0007, 4, 1.2241, 0, 0.3743, 4.0739, 0, 4.0009, 37, 0.3846, 7, 1.9928, 41, 4],
      [1.1837, 14, 37, 47, 0.7746, 10, 11, 30.9981, 28, 20, 31, 25, 23, 31, 24, 25, 29, 21, 0.2463, 2.4147, 2.6218, 0, 0, 32, 16, 31, 24, 37, 10.9932, 21, 37, 51, 25, 25, 0.4947, 3.0292, 4.5066, 18, 24, 7.9994, 19, 2.8855, 0, 0.4543, 10.1478, 0, 14.9993, 118, 1.8977, 27, 5.0073, 120, 13.9999],
      [0.2961, 4, 6, 6, 0, 2, 3, 4.9997, 5, 3, 7, 3, 5, 5, 4.0006, 4, 5, 3, 0.2242, 0.6036, 0.1846, 0, 0, 4, 2, 4, 2, 4, 1.9933, 5, 9, 7, 3, 3, 0.0684, 1.6663, 1.1993, 5, 4, 2, 4, 0.6681, 0, 0.0736, 2.9261, 0, 2.9998, 13, 0.5756, 4, 1.0024, 12, 2.0003]
    ]
  ],
  "V_est": [
    [767.216, 888.8062, 2605.5015, 246.4763],
    [974.0741, 1398.2069, 3672.3181, 365.401],
    [2917.2982, 3834.0074, 11866.9952, 1101.6992],
    [172.3357, 270.1915, 809.5311, 78.9417],
    [268.076, 366.788, 1115.6541, 173.4818]
  ],
  "p_est": [
    [0.1702, 0.1972, 0.578, 0.0547],
    [0.152, 0.2181, 0.5729, 0.057],
    [0.1479, 0.1944, 0.6018, 0.0559],
    [0.1295, 0.203, 0.6082, 0.0593],
    [0.1393, 0.1906, 0.5799, 0.0901]
  ],
  "EI_Z": {},
  "EI_V": 35.3842,
  "MAE_Z": {},
  "MAE_V": 1199.2751,
  "MAE_p": 0.1859,
  "runtime": 0.3345
}
