{
  "Z_true": {},
  "V_true": [
    [9, 1041, 830, 127, 31],
    [291, 2069, 11008, 893, 711],
    [170, 451, 351, 13008, 303],
    [757, 113, 331, 512, 50],
    [72, 386, 386, 523, 401]
  ],
  "p_true": [
    [0.0044, 0.5108, 0.4073, 0.0623, 0.0152],
    [0.0194, 0.1382, 0.7352, 0.0596, 0.0475],
    [0.0119, 0.0316, 0.0246, 0.9107, 0.0212],
    [0.4294, 0.0641, 0.1877, 0.2904, 0.0284],
    [0.0407, 0.2183, 0.2183, 0.2958, 0.2268]
  ],
  "Z_est": {},
  "V_est": [
    [0, 1801.9667, 0, 236.0333, 0],
    [724.2388, 289.689, 12462.0722, 0, 1496],
    [0, 200.3442, 0, 14082.6558, 0],
    [574.7612, 0, 443.9278, 744.311, 0],
    [0, 1768, 0, 0, 0]
  ],
  "p_est": [
    [0, 0.8842, 0, 0.1158, 0],
    [0.0484, 0.0193, 0.8324, 0, 0.0999],
    [0, 0.014, 0, 0.986, 0],
    [0.326, 0, 0.2518, 0.4222, 0],
    [0, 1, 0, 0, 0]
  ],
  "EI_Z": {},
  "EI_V": 18.2179,
  "MAE_Z": {},
  "MAE_V": 507.5364,
  "MAE_p": 0.1326,
  "runtime": 0.0315
}
