{
  "Z_true": {},
  "V_true": [
    [2639, 991, 772, 106],
    [1032, 4652, 508, 218],
    [1038, 348, 17600, 734],
    [186, 575, 344, 226],
    [204, 192, 846, 682]
  ],
  "p_true": [
    [0.5854, 0.2198, 0.1713, 0.0235],
    [0.161, 0.7257, 0.0793, 0.034],
    [0.0526, 0.0176, 0.8925, 0.0372],
    [0.1397, 0.432, 0.2585, 0.1698],
    [0.106, 0.0998, 0.4397, 0.3545]
  ],
  "Z_est": {},
  "V_est": [
    [4087.9029, 0, 139.1903, 280.9068],
    [0, 5727.152, 131.7461, 551.1019],
    [478.3058, 0, 19241.6942, 0],
    [0, 1030.848, 160.1494, 140.0026],
    [532.7913, 0, 397.2199, 993.9887]
  ],
  "p_est": [
    [0.9068, 0, 0.0309, 0.0623],
    [0, 0.8935, 0.0206, 0.086],
    [0.0243, 0, 0.9757, 0],
    [0, 0.7745, 0.1203, 0.1052],
    [0.2769, 0, 0.2065, 0.5166]
  ],
  "EI_Z": {},
  "EI_V": 17.0253,
  "MAE_Z": {},
  "MAE_V": 577.0386,
  "MAE_p": 0.1339,
  "runtime": 0.0108
}
