{
  "X": [
    [25, 26, 40, 16, 62, 146, 14],
    [4, 3, 2, 5, 21, 7, 0],
    [1, 0, 1, 2, 3, 9, 0],
    [90, 50, 99, 97, 240, 608, 36],
    [18, 14, 22, 14, 50, 109, 5],
    [42, 53, 64, 130, 216, 455, 15],
    [13, 10, 19, 11, 42, 99, 5],
    [1, 1, 2, 4, 12, 8, 2],
    [7, 12, 78, 47, 145, 118, 22],
    [71, 76, 93, 249, 349, 603, 32],
    [53, 86, 82, 173, 321, 471, 42],
    [43, 30, 133, 55, 148, 305, 33],
    [40, 84, 83, 178, 443, 517, 42],
    [55, 95, 128, 330, 608, 643, 93],
    [43, 67, 74, 214, 388, 524, 40],
    [12, 9, 59, 45, 131, 166, 11],
    [10, 7, 32, 51, 53, 139, 17],
    [10, 18, 70, 39, 112, 173, 8],
    [44, 110, 93, 246, 419, 516, 51],
    [53, 84, 118, 186, 337, 596, 48],
    [86, 68, 141, 136, 264, 436, 42],
    [25, 52, 54, 93, 172, 280, 23],
    [33, 72, 89, 110, 376, 476, 35],
    [58, 146, 191, 216, 561, 699, 58],
    [16, 3, 6, 12, 11, 29, 1],
    [9, 22, 35, 33, 40, 168, 6],
    [19, 23, 25, 16, 41, 106, 6],
    [107, 135, 282, 211, 444, 907, 83],
    [20, 40, 81, 40, 90, 236, 25],
    [56, 56, 147, 155, 265, 555, 95],
    [37, 38, 52, 66, 138, 190, 10],
    [58, 121, 157, 260, 457, 621, 55],
    [0, 3, 0, 0, 1, 3, 0],
    [7, 16, 16, 79, 173, 154, 40],
    [71, 75, 159, 208, 453, 750, 46],
    [8, 13, 38, 40, 95, 124, 16],
    [114, 122, 317, 203, 419, 677, 97],
    [14, 4, 37, 11, 62, 105, 3]
  ],
  "W": [
    [61, 30, 73, 98, 29, 22, 16],
    [4, 0, 20, 5, 7, 3, 3],
    [2, 0, 2, 3, 5, 2, 2],
    [189, 59, 294, 345, 146, 111, 76],
    [39, 20, 60, 69, 22, 18, 4],
    [142, 37, 279, 262, 156, 75, 24],
    [31, 13, 55, 49, 26, 14, 11],
    [2, 2, 15, 3, 7, 1, 0],
    [24, 52, 175, 65, 77, 12, 24],
    [152, 58, 467, 379, 234, 124, 59],
    [110, 49, 433, 285, 169, 140, 42],
    [91, 96, 189, 166, 116, 50, 39],
    [99, 57, 526, 313, 194, 129, 69],
    [99, 81, 736, 390, 410, 132, 104],
    [101, 56, 487, 291, 262, 93, 60],
    [31, 35, 157, 85, 82, 23, 20],
    [27, 23, 75, 81, 63, 20, 20],
    [35, 50, 132, 110, 55, 28, 20],
    [111, 60, 517, 277, 256, 192, 66],
    [153, 64, 451, 340, 218, 139, 57],
    [153, 88, 339, 263, 167, 110, 53],
    [36, 26, 233, 156, 118, 99, 31],
    [88, 57, 449, 247, 172, 133, 45],
    [166, 103, 728, 402, 229, 187, 114],
    [11, 5, 18, 17, 18, 2, 7],
    [44, 31, 53, 88, 48, 36, 13],
    [33, 17, 59, 70, 23, 29, 5],
    [182, 194, 620, 514, 340, 213, 106],
    [44, 45, 134, 117, 70, 83, 39],
    [116, 96, 330, 349, 227, 125, 86],
    [52, 38, 174, 117, 64, 61, 25],
    [147, 86, 621, 356, 270, 170, 79],
    [0, 0, 2, 3, 0, 2, 0],
    [13, 14, 205, 118, 83, 20, 32],
    [158, 109, 540, 412, 315, 168, 60],
    [27, 24, 114, 69, 59, 26, 15],
    [173, 232, 595, 425, 220, 192, 112],
    [31, 30, 72, 67, 16, 7, 13]
  ],
  "method": "mvn_pdf",
  "cond_prob": [
    [
      [0.27028518231, 0.034616074563, 0.034144251045, 0, 0.0083790823464, 0.6522111205, 0.00036428923306],
      [0.030018118818, 0, 0.94490603842, 0, 0.0023985988177, 0.016319172611, 0.0063580713317],
      [0.0057651086588, 0.076344560512, 0.03688693272, 0.08751880514, 0.64938322399, 0.12611375556, 0.01798761342],
      [0.050453720282, 0.051386221703, 0.024442602681, 0.016356298063, 0.056408731329, 0.76350137189, 0.037451054052],
      [0.025111682414, 0.00072458475313, 0.024106312523, 0.24918043821, 0.21211736475, 0.38742346265, 0.1013361547],
      [0.0058943522351, 0.5897871308, 0.034174155932, 0.023471047611, 0.024802459141, 0.31633307684, 0.0055377774476],
      [0.086801765968, 0.017692935756, 0.18943649304, 0.016600891196, 0.11167683201, 0.21884373516, 0.35894734687]
    ],
    [
      [0.66395586495, 0.020850222862, 0.025641253477, 0.0056451166378, 0.0059703560263, 0.27793718605, 0],
      [0.059669554895, 0.00015326557626, 0.93312066609, 1.4063947801e-05, 0.00050828012736, 0.0056545323925, 0.00087963697542],
      [0, 0.0047707122333, 0.039419021351, 0.10016416583, 0.82807189508, 0.027574205503, 0],
      [0.11137668602, 0.082499405244, 0.030846977444, 0.057265992916, 0.13540793099, 0.58260300738, 0],
      [0, 0.055114362525, 0.025138453937, 0.34685002595, 0.38979069779, 0.1831064598, 0],
      [0.011319032387, 0.58857230101, 0.042817446709, 0.053070487363, 0.065240753645, 0.23897997889, 0],
      [0.25111200432, 0.085723465656, 0.21679938472, 0.033548202842, 0.27112795795, 0.14168898452, 0]
    ],
    [
      [0.16907315268, 0, 0.029830057238, 0.0083998053216, 0.0072886245509, 0.78540836021, 0],
      [0.01098341752, 1.3795592648e-05, 0.97893384451, 7.2190005514e-06, 0.00015499166766, 0.0093656978965, 0.00054103381415],
      [0.0087614500182, 0, 0.03218821786, 0.10386681447, 0.73855745202, 0.11662606563, 0],
      [0.029259210863, 0, 0.030518178011, 0.033357650258, 0.040796208845, 0.86606875202, 0],
      [0.02516048173, 0, 0.046381578925, 0.29862452852, 0.19774983068, 0.43208358014, 0],
      [0.060235187298, 0, 0.049507823398, 0.055354878255, 0.040503408989, 0.79439870206, 0],
      [0.15514018938, 0, 0.22674268718, 0.035780705258, 0.15808162448, 0.4242547937, 0]
    ],
    [
      [0.2856183482, 0.011838781021, 0.025750778665, 0.00071027960491, 0.0045237761109, 0.6715580364, 0],
      [0.04978014572, 0, 0.92633229468, 0, 0.00073554045873, 0.019473211833, 0.0036788073098],
      [0.0047630184643, 0.030095119034, 0.035220921882, 0.12656084374, 0.63262826794, 0.15998875813, 0.010743070817],
      [0.049943111453, 0.017768613823, 0.018836675599, 0.029127929797, 0.043099687185, 0.82242573379, 0.018798248349],
      [0.027659530497, 0.00067255951825, 0.019804195575, 0.29050994299, 0.17685016085, 0.43047163576, 0.054031974817],
      [0.0097604449066, 0.28946745614, 0.045665214917, 0.047316409122, 0.032562358569, 0.5706421335, 0.0045859828477],
      [0.12274607731, 0.0073059513306, 0.19296897265, 0.025541581937, 0.11585475382, 0.30214345967, 0.23343920327]
    ],
    [
      [0.29562781701, 0.022585625691, 0.016758466876, 0, 0.0049831851616, 0.65875806249, 0.0012868427724],
      [0.063052989013, 0.00084948523724, 0.9046799046, 0, 0.0010974728274, 0.024000038547, 0.0063201097737],
      [0.0047143750106, 0.048880558398, 0.019922210334, 0.09925313665, 0.6764814636, 0.13806079298, 0.01268746302],
      [0.052764970977, 0.034609572062, 0.010741970418, 0.021496199808, 0.050075926846, 0.80708899122, 0.023222368672],
      [0.028462670136, 0.0028675288589, 0.013121109406, 0.26542640391, 0.20975939817, 0.42061057685, 0.059752312663],
      [0.0084913291375, 0.42587530077, 0.02633426776, 0.034936732711, 0.03194679839, 0.46753783785, 0.0048777333873],
      [0.12669679772, 0.013108967122, 0.13840297359, 0.023332984863, 0.13745760567, 0.29663326172, 0.26436740932]
    ],
    [
      [0.19490046674, 0.022996012171, 0.030158339968, 0.0032927023428, 0.0046893300299, 0.74396314874, 0],
      [0.029397543709, 0.00029276325055, 0.94836319508, 0.00010021252277, 0.00050687728142, 0.018503824073, 0.0028355840883],
      [0.0029978043629, 0.042753270551, 0.031177208228, 0.17426144466, 0.6112340921, 0.13446192476, 0.0031142553339],
      [0.030296405513, 0.031149975255, 0.019330640582, 0.049717467382, 0.047458740576, 0.8094379237, 0.01260884699],
      [0.014119311404, 0.0021112963006, 0.017631091478, 0.39751451093, 0.17136398483, 0.36094660111, 0.036313203947],
      [0.0049392841913, 0.38665647866, 0.040144083745, 0.064378665433, 0.030716775064, 0.47086322086, 0.0023014920475],
      [0.078721668762, 0.012736662863, 0.21265633446, 0.043464386556, 0.13792996605, 0.31094029297, 0.20355068834]
    ],
    [
      [0.2426065115, 0.01848091078, 0.023774533367, 0, 0.00655515187, 0.70820664451, 0.00037624797544],
      [0.041739878265, 0.00091370012635, 0.93221093781, 0, 0.0019232420027, 0.019691013488, 0.0035212283112],
      [0.011510464479, 0.051300324266, 0.038020388336, 0.081947234114, 0.61770706715, 0.18870488535, 0.010809636308],
      [0.044341246263, 0.027620950134, 0.01774310535, 0.0095373185792, 0.03863574873, 0.84675406729, 0.015367563658],
      [0.028356647487, 0.0034621566414, 0.020906997134, 0.21145128933, 0.16881575167, 0.51796673759, 0.049040420145],
      [0.0083202393576, 0.35865658723, 0.036907127495, 0.024946324348, 0.025182698558, 0.5424793385, 0.0035076845118],
      [0.11609335701, 0.011732816277, 0.19303927664, 0.016235586358, 0.10572549472, 0.35073153976, 0.20644192923]
    ],
    [
      [0.20771346721, 0.014709195219, 0.010494715978, 0.0031134562326, 0.0017961937697, 0.76217297159, 0],
      [0.028619475639, 0.0019964927098, 0.93679252663, 0.00087296926251, 0, 0.016953286856, 0.014765248902],
      [0.020398239958, 0.034480457559, 0.0035314483083, 0.12163262924, 0.69918019483, 0.097257608798, 0.023519421307],
      [0.027982147002, 0.019215180597, 0.0053945507501, 0.036493192027, 0.051554157051, 0.78143419219, 0.07792658038],
      [0.018787069756, 0.0074231269345, 0.0028559097086, 0.28603892419, 0.18735007798, 0.30239410285, 0.19515078858],
      [0.0059045856445, 0.33977433042, 0.016278769945, 0.055785664984, 0.042591673004, 0.52182205464, 0.017842921364],
      [0.018483991443, 0.0022069844905, 0.020136702924, 0.010621591089, 0.054922153508, 0.091770996098, 0.80185758045]
    ],
    [
      [0.1709762634, 0.020550842018, 0.080938899498, 0.0024673724742, 0.0069755816274, 0.71789725781, 0.00019378316555],
      [0.0075065235959, 0.00046342618666, 0.9781236105, 0, 0.0021327183197, 0.0080134297877, 0.003760291614],
      [0, 0.026513297438, 0.056924588058, 0.11223496221, 0.6838669186, 0.10236667558, 0.018093558115],
      [0.023728643298, 0.026894414591, 0.047005822624, 0.039910105083, 0.067083950582, 0.75063323832, 0.044743825499],
      [0.00029482716003, 0.010656842313, 0.039830043996, 0.30619411666, 0.22693490668, 0.31603617542, 0.10005308777],
      [0.0039625329174, 0.34313286689, 0.10603398269, 0.053069334251, 0.043310056848, 0.44119864298, 0.0092925834305],
      [0.037234022943, 0.0065227653778, 0.32660567106, 0.020488702088, 0.11211702701, 0.16746956347, 0.32956224805]
    ],
    [
      [0.25769493121, 0.020025467298, 0.025269865362, 0.0012505128635, 0.0059675698653, 0.6897916534, 0],
      [0.044820988916, 0.00033003084127, 0.93041918784, 0, 0.0010853233931, 0.020157518028, 0.0031869509838],
      [0.0043942851167, 0.035600977165, 0.023831701665, 0.21393027745, 0.59559180933, 0.12092791712, 0.0057230321562],
      [0.042749632763, 0.028318893343, 0.015928503557, 0.06260669867, 0.053581605056, 0.77981703812, 0.016997628493],
      [0.017353984733, 0.0018332298299, 0.012718935981, 0.47257804175, 0.1582665194, 0.2995418928, 0.037707395508],
      [0.0074272486124, 0.35888723294, 0.036410198076, 0.090728351407, 0.034766731812, 0.46841892437, 0.0033613127811],
      [0.10160508266, 0.01097419668, 0.17859770278, 0.056660446385, 0.13958876386, 0.2844370908, 0.22813671684]
    ],
    [
      [0.26240311708, 0.022768554101, 0.028677874496, 0.0029006195301, 0.0045593479367, 0.67851287231, 0.00017761455057],
      [0.040425617638, 0.00027016324774, 0.93516963832, 0, 0.00048363214311, 0.01716196754, 0.0064889811149],
      [0.0042312337064, 0.041146288143, 0.028121571324, 0.17803822982, 0.61685154022, 0.11681535819, 0.014795778601],
      [0.043434883475, 0.032129274075, 0.018662729306, 0.053905780876, 0.051138330668, 0.7689106821, 0.031818319504],
      [0.01885971227, 0.0018825984691, 0.015894168484, 0.40655444959, 0.17172996938, 0.31597953428, 0.069099567527],
      [0.0072673653436, 0.39812196424, 0.039677794763, 0.070504847973, 0.033131600151, 0.44471301247, 0.0065834150527],
      [0.089024127389, 0.010804786603, 0.17346660838, 0.03925833554, 0.12244866073, 0.24146881201, 0.32352866935]
    ],
    [
      [0.27098121302, 0.016278347124, 0.048566912571, 0, 0.0055821684146, 0.65827601459, 0.00031534428556],
      [0.021542565866, 0.00057752756794, 0.95961575441, 0, 0.0026888896059, 0.011604311744, 0.0039709508101],
      [0.0076334656674, 0.039290334893, 0.062961312472, 0.104133414, 0.60986098486, 0.15622633377, 0.019894154345],
      [0.048009318074, 0.024551162891, 0.030977709482, 0.022230364513, 0.043618119355, 0.79642899808, 0.034184327608],
      [0.026559833101, 0.0022371297304, 0.03539007358, 0.25142683872, 0.17239530353, 0.41753747924, 0.094453342097],
      [0.0087990180338, 0.32845365405, 0.081990688898, 0.036977818823, 0.029431280649, 0.50662091382, 0.007726625727],
      [0.085627177938, 0.0071710687032, 0.28744942876, 0.015747179813, 0.083593232788, 0.2175252487, 0.30288666329]
    ],
    [
      [0.19931077024, 0.024430282846, 0.023130088096, 0.0035503073189, 0.0062038590854, 0.74335439769, 2.029472181e-05],
      [0.036848789837, 0.0003772788356, 0.93275611785, 0.00023758831285, 0.00076060740984, 0.022815337203, 0.0062042805474],
      [0.0014222480455, 0.036063726188, 0.014312156799, 0.14586102752, 0.68696983659, 0.10616985108, 0.0092011537844],
      [0.030044954894, 0.032242932721, 0.01179390638, 0.051750246103, 0.065518397105, 0.78508255674, 0.023567006057],
      [0.012948309521, 0.0020231362111, 0.010696939969, 0.37802659546, 0.22078075703, 0.32375839718, 0.05176586463],
      [0.0048395341104, 0.39741818382, 0.029799440345, 0.066171562581, 0.042490971537, 0.45447900264, 0.004801304966],
      [0.070716049633, 0.012158044202, 0.15078262651, 0.041173310765, 0.17646766373, 0.27672953754, 0.27197276763]
    ],
    [
      [0.22779823446, 0.023889632206, 0.028721373186, 0.0036700409454, 0.005921526194, 0.70990073, 9.8463009399e-05],
      [0.035357423841, 0.00029025227292, 0.93773250969, 2.5251468127e-05, 0.00074222841994, 0.018026472316, 0.0078258619953],
      [0.0025978607002, 0.035819077575, 0.021660245013, 0.16890732679, 0.65566639042, 0.10084233779, 0.014506761714],
      [0.035332085083, 0.031828778573, 0.016914496137, 0.058936200341, 0.06257638105, 0.7584236867, 0.03598837212],
      [0.014283959983, 0.0018597904531, 0.01310393783, 0.40981787497, 0.19570539639, 0.29173267438, 0.073496365993],
      [0.0058288459199, 0.39396552844, 0.037432813244, 0.076388976749, 0.040303746867, 0.43871848039, 0.0073616083934],
      [0.069871668704, 0.010282571142, 0.15719145278, 0.040625348665, 0.14249124367, 0.22820431863, 0.35133339641]
    ],
    [
      [0.20571004693, 0.022432070553, 0.018359079498, 0.0033483073414, 0.0053578574448, 0.74479263823, 0],
      [0.045680830239, 0.0004286061281, 0.91881728367, 0.00011002618838, 0.00097393606866, 0.027429727713, 0.0065595899915],
      [0.0025949852576, 0.039142862773, 0.011996800143, 0.17237166735, 0.63891779476, 0.12587016637, 0.0091057233459],
      [0.032015285972, 0.030229480477, 0.0083258266931, 0.05244862362, 0.053760384187, 0.80216538591, 0.021055013143],
      [0.014299792852, 0.0021742588479, 0.0072122274914, 0.40164791619, 0.18378143603, 0.34261211115, 0.048272257445],
      [0.0054286395818, 0.3821951549, 0.025431496483, 0.069679059533, 0.035358614287, 0.47752418372, 0.0043828514952],
      [0.080559058667, 0.01228667863, 0.13619958453, 0.045603357327, 0.15279984608, 0.30561430432, 0.26693717045]
    ],
    [
      [0.1897635428, 0.0099014869703, 0.056559526585, 0.0014299387503, 0.0059253969746, 0.73642010792, 0],
      [0.012961601746, 0, 0.97252679946, 0, 0.0017922559031, 0.010991922474, 0.0017274204134],
      [0.0036386236131, 0.014182752422, 0.05405884155, 0.1098610455, 0.6711128791, 0.13872316122, 0.0084226966038],
      [0.03017524642, 0.012330986937, 0.034151975664, 0.030822741161, 0.054910882632, 0.81902816007, 0.018580007115],
      [0.01398368357, 0, 0.034812913486, 0.2863247524, 0.21109240769, 0.40434164326, 0.049444599596],
      [0.0060298644588, 0.23173795049, 0.093909299138, 0.050268520146, 0.041273818416, 0.57219168226, 0.0045888650907],
      [0.062108266185, 0.0044127511327, 0.34017439269, 0.022637454819, 0.12312807209, 0.25364530058, 0.1938937625]
    ],
    [
      [0.18197314037, 0.0096048239412, 0.028859863198, 0.0025111573916, 0.0031084782625, 0.7735173251, 0.00042521174451],
      [0.025310984213, 0, 0.94654933287, 0, 0.00019289706639, 0.020392795509, 0.007553990347],
      [0.0025837149715, 0.019358939951, 0.034459221476, 0.22784850682, 0.53576576934, 0.15967606913, 0.020307778316],
      [0.029311741824, 0.0083179752871, 0.018973805652, 0.052743978834, 0.034402052238, 0.82131758714, 0.034932859023],
      [0.0099693980797, 0, 0.016382130616, 0.4277002469, 0.12099416725, 0.34771838181, 0.077235675343],
      [0.0056365214474, 0.2266740718, 0.046404214733, 0.090128622209, 0.028297741258, 0.59392046847, 0.0089383600772],
      [0.059787017732, 0.0040755911502, 0.16843353229, 0.041180522726, 0.087702408026, 0.26794503797, 0.37087589011]
    ],
    [
      [0.15899455012, 0.019933044266, 0.05140966984, 0.0021877760345, 0.005613572309, 0.76186138743, 0],
      [0.012206963888, 0.00053545527227, 0.97283200725, 0, 0.00080201547506, 0.01282711492, 0.00079644319754],
      [0, 0.031408790929, 0.046722829343, 0.11770085619, 0.67635155505, 0.12401217549, 0.0038037929979],
      [0.018935060037, 0.029051752486, 0.03193112683, 0.036618765345, 0.057857803032, 0.81172799856, 0.013877493709],
      [0.010444047377, 0.0020783011116, 0.030773875205, 0.31608747768, 0.22023098087, 0.38015431249, 0.040231005269],
      [0.0033837867279, 0.34395196095, 0.069911733457, 0.050314218231, 0.038960545523, 0.49061663074, 0.0028611243722],
      [0.053640865655, 0.0094478021595, 0.31145660478, 0.028262062574, 0.14585306862, 0.26940279199, 0.18193680421]
    ],
    [
      [0.21165067469, 0.025599230812, 0.026944398717, 0.0035929019328, 0.0065607153394, 0.72543467695, 0.00021740156536],
      [0.034066587508, 0.00037526278784, 0.93829837808, 0, 0.00099324517525, 0.019460316921, 0.0068062095246],
      [0.0018306710882, 0.037202553954, 0.018723042562, 0.1835372014, 0.64602317426, 0.1006347521, 0.012048604643],
      [0.031959729392, 0.033560474869, 0.015215951632, 0.064802104972, 0.063611268133, 0.76149499981, 0.029355471193],
      [0.012317322108, 0.0020792574602, 0.011364291915, 0.44382938257, 0.18992861147, 0.28296202973, 0.057519104756],
      [0.0049702718314, 0.40260925366, 0.033336491362, 0.082793708301, 0.040401539777, 0.42984266543, 0.0060460696437],
      [0.069029563843, 0.011708046473, 0.1591935209, 0.049175117498, 0.15483399013, 0.24816331351, 0.30789644765]
    ],
    [
      [0.20634019829, 0.02153460229, 0.038134168752, 0.0028900510315, 0.004085889303, 0.72682622115, 0.00018886918264],
      [0.024699271237, 0.00021107325909, 0.95584968605, 1.0215601989e-05, 0.00026408103348, 0.014308805854, 0.0046568669653],
      [0.0022799591041, 0.040218629069, 0.039506946918, 0.16809867682, 0.6060081673, 0.12983931783, 0.014048302958],
      [0.032140480473, 0.029215802175, 0.024393076235, 0.047634487074, 0.046158218646, 0.79226996617, 0.028187969224],
      [0.014800535842, 0.001840710559, 0.02204540768, 0.37949214689, 0.16766596642, 0.34867678502, 0.065478447596],
      [0.0053099223621, 0.37155271579, 0.052067236547, 0.063459219179, 0.030840072836, 0.47079938427, 0.0059714490164],
      [0.068922374799, 0.010045970443, 0.22520295683, 0.035067018532, 0.11432507288, 0.25434824915, 0.29208835737]
    ],
    [
      [0.35296421053, 0.019457988745, 0.043268771436, 0.0028507527713, 0.0042530406068, 0.57680053529, 0.00040470061842],
      [0.035154084421, 0.00034096338335, 0.94933739875, 0.00025068570693, 0.00046526718278, 0.010453487467, 0.0039981130873],
      [0.0014009593251, 0.040175574842, 0.048385609133, 0.15676524978, 0.62121512071, 0.11668737341, 0.015370112803],
      [0.062826462347, 0.031123944601, 0.031577708529, 0.047833544033, 0.051231163094, 0.74300021121, 0.032406966185],
      [0.027899170925, 0.0021495943498, 0.028412129028, 0.36795898005, 0.1796587086, 0.32060228532, 0.073319131725],
      [0.0096114281634, 0.38502970632, 0.069418385362, 0.061978504349, 0.03343828837, 0.43371406812, 0.006809619316],
      [0.11675873412, 0.0089727488883, 0.25942792647, 0.029270709053, 0.10493213973, 0.20027182883, 0.2803659129]
    ],
    [
      [0.26319108112, 0.019407529612, 0.03436653811, 0.0024610054966, 0.0034453351666, 0.67702145316, 0.00010705732774],
      [0.033988661867, 0.00020963931609, 0.94725141244, 6.3116439373e-05, 0.00018679203817, 0.014200378747, 0.0040999991512],
      [0.0051682337185, 0.042024828029, 0.041321849093, 0.16042892887, 0.59991864926, 0.13787897197, 0.013258539055],
      [0.044982009333, 0.028433061805, 0.02375754275, 0.042485656798, 0.042110845601, 0.79351379251, 0.024717091207],
      [0.022259640123, 0.001954481009, 0.022810673601, 0.35783887699, 0.16380123005, 0.37029580737, 0.061039290862],
      [0.0079681994469, 0.36895045463, 0.051589765624, 0.057416906556, 0.028634473081, 0.48004287769, 0.0053973229728],
      [0.096920473511, 0.010058450699, 0.22584045533, 0.032025763005, 0.1083037474, 0.26209405089, 0.26475705916]
    ],
    [
      [0.19089836395, 0.019740989863, 0.027965933442, 0.00094490142979, 0.005543314899, 0.7547493199, 0.00015717651877],
      [0.029822240876, 0.00029934237165, 0.94357805695, 0, 0.00079580864163, 0.020166681792, 0.0053378693714],
      [0.0018676531058, 0.034931642389, 0.026702353898, 0.10359502092, 0.69228314008, 0.12908230713, 0.011537882482],
      [0.029474214543, 0.02665435214, 0.017429997202, 0.029704383417, 0.057048242429, 0.81569908229, 0.023989727981],
      [0.0149811621, 0.0019753223244, 0.017480306945, 0.28492716746, 0.22331091661, 0.39599123087, 0.061333893693],
      [0.0050958236749, 0.35477803274, 0.039883616277, 0.044282444737, 0.039883317276, 0.51067415729, 0.0054026080045],
      [0.06950810169, 0.010056981591, 0.1810966365, 0.025970302795, 0.15170716814, 0.28815055847, 0.27351025082]
    ],
    [
      [0.1943394662, 0.031067770886, 0.043955883902, 0.0028764929101, 0.0053399124744, 0.72242047363, 0],
      [0.020293198574, 0, 0.96303042123, 7.9166381503e-05, 0.00048265871655, 0.012830676384, 0.0032838787114],
      [0.00083786067142, 0.049335346108, 0.039755180006, 0.14029790543, 0.64485075512, 0.11531383225, 0.0096091204096],
      [0.029527385299, 0.040988454034, 0.02761712492, 0.045013792566, 0.056220201885, 0.77745707451, 0.023175966789],
      [0.013668677792, 0.0018093538937, 0.025114072043, 0.35786098634, 0.20245458158, 0.34403280566, 0.05505952269],
      [0.0039918177401, 0.46210101658, 0.050761928137, 0.051172891608, 0.03206161656, 0.39583592619, 0.0040748031846],
      [0.063972636558, 0.014228310556, 0.25634852249, 0.03300378658, 0.13731902035, 0.24969822089, 0.24542950258]
    ],
    [
      [0.72230647649, 0.010577580065, 0.024001055528, 0.022613294319, 0.008493852872, 0.21189178826, 0.00011595246516],
      [0.39288917379, 0.0030967156026, 0.54028315848, 0.010092582725, 0.0038302445638, 0.048185796442, 0.0016223284015],
      [0, 0, 0, 0.22296225974, 0.46841628718, 0.30184478462, 0.0067766684565],
      [0.093439662661, 0.058752672642, 0.10162847266, 0.073384590308, 0.027997447241, 0.63834099377, 0.0064561607195],
      [0, 0.053910479101, 0.043206745179, 0.340842717, 0.094396414401, 0.44639883363, 0.021244810692],
      [0.065370598512, 0.41640446312, 0.024655023966, 0.050364071948, 0.015521934972, 0.4258867973, 0.0017971101792],
      [0.62442391821, 0.0094528651861, 0.068551014349, 0.029147869786, 0.035683899145, 0.1794722471, 0.053268186231]
    ],
    [
      [0.13099963516, 0.024932813824, 0.017141856022, 0.0045526095024, 0.0028020804705, 0.81957100502, 0],
      [0.028302865032, 0.00103909573, 0.93287821326, 0.0015786800935, 0.00035977789947, 0.032345430845, 0.0034959371443],
      [0, 0.058238926813, 0.022980438739, 0.17975119569, 0.5419752219, 0.19077966343, 0.0062745534303],
      [0.013197903198, 0.033463228577, 0.0084852208428, 0.041523480155, 0.030296649165, 0.86205640161, 0.010977116455],
      [0.0075290955489, 0.0032296631299, 0.010698561808, 0.35881290004, 0.13178856263, 0.45114336301, 0.036797853834],
      [0.00054111488667, 0.40211076271, 0.022855390159, 0.050494737279, 0.019927707023, 0.50234970424, 0.0017205836936],
      [0.062795002568, 0.016023515412, 0.15581123264, 0.04069513307, 0.11011653833, 0.40187778016, 0.21268079782]
    ],
    [
      [0.35661481157, 0.025241464227, 0.032236283695, 3.9956830544e-05, 0.0035907663293, 0.58090750801, 0.0013692093341],
      [0.043194108852, 0, 0.93802313357, 0, 0.00076341715601, 0.013874393252, 0.004144947172],
      [0.0037059626529, 0.075327142207, 0.051299533581, 0.11902332387, 0.5712871007, 0.16260904019, 0.016747896798],
      [0.063776056957, 0.040570978819, 0.026565775146, 0.024330753225, 0.036441177991, 0.78199189576, 0.026323362103],
      [0.038027642579, 0.0015392406728, 0.028424557798, 0.27527414156, 0.15703414387, 0.42906818125, 0.070632092278],
      [0.0074812043292, 0.50928582321, 0.044514703194, 0.029047465495, 0.019895385448, 0.38452154896, 0.0052538693638],
      [0.14456897584, 0.015614072896, 0.23176828078, 0.019894167021, 0.084590746395, 0.2482256775, 0.25533807956]
    ],
    [
      [0.27718385512, 0.020021533622, 0.036653754238, 0.0013783818835, 0.0032729868703, 0.66125388018, 0.00023560808885],
      [0.033746536933, 0.0002064128326, 0.94754454488, 0, 0.0006206871769, 0.013516968574, 0.0043648496057],
      [0.0054805220409, 0.051286286708, 0.051274499711, 0.13509326374, 0.57694515278, 0.16274931583, 0.017170959198],
      [0.048567852553, 0.030147583623, 0.025201336032, 0.030317830246, 0.036710951996, 0.80121462124, 0.027839824306],
      [0.026730968422, 0.0021645583277, 0.027491906926, 0.29467870933, 0.15376937481, 0.41892464389, 0.076239838284],
      [0.0082107486627, 0.38589479962, 0.056001693365, 0.041420635977, 0.024313490229, 0.4781852966, 0.0059733355423],
      [0.10194803393, 0.010293763198, 0.24043480604, 0.022590467896, 0.087246397856, 0.25483739314, 0.28264913794]
    ],
    [
      [0.21524491906, 0.01861541421, 0.053418303137, 0.00061907877174, 0.0036014935128, 0.70768488893, 0.00081590237368],
      [0.016431767627, 0.00090668620412, 0.96679708355, 0, 0.0012432833808, 0.010752098064, 0.0038690811716],
      [0.005767598362, 0.050938935908, 0.074879458553, 0.12030575267, 0.53717482561, 0.18844205971, 0.022491369188],
      [0.03660009547, 0.027656676628, 0.028692178896, 0.023014804492, 0.032332729903, 0.81980341739, 0.031900097219],
      [0.021497547442, 0.0031562513783, 0.038257782733, 0.2538272847, 0.13679404168, 0.4564689892, 0.089998102866],
      [0.0068246707529, 0.34363239797, 0.079091149517, 0.033371389863, 0.02247686779, 0.50665247304, 0.0079510510673],
      [0.068293555745, 0.0086165561672, 0.32077649549, 0.015931340067, 0.066155578432, 0.2360205162, 0.2842059579]
    ],
    [
      [0.23681982398, 0.014598318027, 0.039453107118, 0.0035553866728, 0.0047978706008, 0.7007754936, 0],
      [0.028206336068, 0, 0.94895341565, 0.0008170630262, 0.00095977395323, 0.015169483658, 0.0058939276429],
      [0.0044975250866, 0.028535466372, 0.043548120827, 0.15946569945, 0.60788571566, 0.13725427408, 0.018813198522],
      [0.040534908397, 0.019485388417, 0.026429049023, 0.045574303037, 0.046914023409, 0.77421884466, 0.046843483054],
      [0.017904100246, 0.00039585161982, 0.023054793578, 0.33361858837, 0.1587469159, 0.33437651749, 0.13190323279],
      [0.0076775910208, 0.3005670976, 0.061466435804, 0.065530194331, 0.034540298202, 0.52032873656, 0.0098896464869],
      [0.060073211786, 0.0049854084978, 0.17223896595, 0.023922449581, 0.081662106837, 0.18387120391, 0.47324665343]
    ],
    [
      [0.38881571761, 0.020285249307, 0.025341190841, 0.0030639430469, 0.0044949214446, 0.55799897775, 0],
      [0.064840489325, 0.00045542207484, 0.91389949208, 0.00036599243842, 0.00072798948548, 0.017048294703, 0.0026623198908],
      [0, 0.03880282709, 0.029682555677, 0.16502354153, 0.64853798026, 0.11391934706, 0.0040337483857],
      [0.065520755916, 0.037910221637, 0.020674840338, 0.053417093062, 0.056676556708, 0.75048719367, 0.015313338669],
      [0.03013376438, 0.0022485741597, 0.017506488952, 0.4017714383, 0.19416283943, 0.31613691868, 0.038039976102],
      [0.009111660023, 0.4146178509, 0.040778032371, 0.067739123684, 0.036317341569, 0.42903854275, 0.0023974487],
      [0.16669373865, 0.012203020033, 0.19049924409, 0.040696501569, 0.14480220901, 0.25212544027, 0.19297984638]
    ],
    [
      [0.21714401166, 0.027780374149, 0.04239941121, 0.0031289155831, 0.0049363882651, 0.70452378008, 8.7119050714e-05],
      [0.023345868657, 0.00011759035882, 0.95940579463, 0, 0.00048066128557, 0.012655044929, 0.0039950401388],
      [0.002517286469, 0.046234383363, 0.039509709061, 0.17987576795, 0.60584338844, 0.11412575267, 0.011893712049],
      [0.034124708783, 0.037353252833, 0.02696851759, 0.056171188674, 0.052026072029, 0.7666881253, 0.026668134796],
      [0.014556092437, 0.001784535451, 0.022594938371, 0.41906890478, 0.17216760075, 0.31223661005, 0.057591318169],
      [0.0051026600663, 0.43188799026, 0.05174661266, 0.067542985987, 0.030964457018, 0.40772340573, 0.0050318882731],
      [0.070415913781, 0.012583281473, 0.24334821661, 0.040624587807, 0.12321238353, 0.23945242735, 0.27036318944]
    ],
    [
      [0, 0.53594440591, 6.7611268607e-09, 2.6045224063e-05, 0.00027992804633, 0.46373546836, 1.4145698742e-05],
      [5.2209174724e-06, 0.00040817483868, 0.99717143273, 6.0426550571e-07, 1.8651697818e-05, 0.0023916985268, 4.2170247559e-06],
      [0, 0.45312370049, 0, 0, 0.35653007557, 0.19034622393, 0],
      [0, 0.11265058329, 0, 0, 0.068522590559, 0.81882682615, 0],
      [0.00030362206551, 0.040662537033, 0.0023206553386, 0.075427217847, 0.10324053555, 0.77802749634, 1.7935829493e-05],
      [0, 0.87790042457, 0, 0, 0.040686038589, 0.081413536845, 0],
      [5.930316884e-06, 0.18515971064, 1.6638682528e-16, 0.0057190482558, 0.030436104426, 0.77867917993, 2.6434640364e-08]
    ],
    [
      [0.17437792709, 0.02141780433, 0.018122633281, 0.00490183204, 0.0080725799882, 0.77310722327, 0],
      [0.036589343927, 0.00033961040229, 0.90876986436, 0.00058805234553, 0.001843531872, 0.027470432469, 0.024399164621],
      [0, 0.024388246808, 0, 0.17209761122, 0.69230497487, 0.10028069008, 0.010928477023],
      [0.020345755033, 0.02888574112, 0.0013951725182, 0.067151610285, 0.077365939293, 0.73821386312, 0.066641918629],
      [0.0075387712107, 0.0014107280481, 0.0020904810497, 0.39578331064, 0.20334010468, 0.25635597433, 0.13348063003],
      [0.0040608608004, 0.34970787855, 0.023933442969, 0.090101940839, 0.051045702163, 0.46570863527, 0.015441539413],
      [0.03478443164, 0.0061705609761, 0.069525578832, 0.033502798036, 0.12248136241, 0.16582887978, 0.56770638832]
    ],
    [
      [0.23168570407, 0.014028641933, 0.029861038057, 0.0023661951062, 0.0046684930336, 0.7173899278, 0],
      [0.035231455825, 0, 0.94226390711, 5.3124663697e-05, 0.00059411067059, 0.017997180955, 0.0038602207769],
      [0.0040052580486, 0.02643336483, 0.03194913933, 0.13800949072, 0.6572381118, 0.13292867842, 0.0094359568458],
      [0.038391735457, 0.01924285589, 0.01984734002, 0.039448675332, 0.051218584578, 0.81128929241, 0.020561516314],
      [0.019061270168, 0.00020616230015, 0.01911919772, 0.33327619501, 0.19520675194, 0.3806942204, 0.052436202468],
      [0.0074321896507, 0.29795412903, 0.047756769295, 0.059185812126, 0.038339975064, 0.54457388342, 0.0047572414108],
      [0.088671462564, 0.0076694356292, 0.2016644377, 0.031952558234, 0.13759566915, 0.28751553368, 0.24493090305]
    ],
    [
      [0.17285342392, 0.016672184471, 0.047319838391, 0.0028972928837, 0.0053742879154, 0.75486244709, 2.0525334747e-05],
      [0.015376139298, 0, 0.96699808904, 0.000158605908, 0.00027246992287, 0.011821426259, 0.0053732695679],
      [0, 0.024798762614, 0.042304075856, 0.1339933203, 0.66743615503, 0.11432316243, 0.017144523763],
      [0.022772054064, 0.022673987714, 0.029361965564, 0.043089106454, 0.057171823636, 0.78476633845, 0.040164724115],
      [0.010148646252, 0.00085214786279, 0.025889937994, 0.33313680015, 0.20244060913, 0.33538010533, 0.092151753281],
      [0.0041203310213, 0.30826063694, 0.067128175546, 0.062156759617, 0.041650821997, 0.50753846766, 0.0091448072234],
      [0.045783983021, 0.0062155763107, 0.22619540327, 0.02656218213, 0.11925734217, 0.21132369697, 0.36466181613]
    ],
    [
      [0.33922747433, 0.020359546876, 0.043346051673, 0.0027538878623, 0.0037402240437, 0.59057281522, 0],
      [0.034347225803, 0.00037496987932, 0.94784722674, 0.00067484181128, 0.00071942153488, 0.011717067733, 0.0043192464992],
      [0.0037460411599, 0.045932457214, 0.052572210708, 0.15871134121, 0.58823341082, 0.13118804784, 0.019616491043],
      [0.060527265499, 0.031991705676, 0.030828047669, 0.043918892411, 0.044005067981, 0.74568168983, 0.043047330929],
      [0.028313606625, 0.0020920994729, 0.028824878211, 0.34415223751, 0.15808997189, 0.33223124277, 0.10629596352],
      [0.0095259410749, 0.39608565098, 0.06734200261, 0.056254988993, 0.028574368501, 0.4339501365, 0.0082669113358],
      [0.10119762575, 0.0085340317082, 0.23167011713, 0.024587380951, 0.082311870928, 0.18510390169, 0.36659507184]
    ],
    [
      [0.2428090031, 0.0073958206605, 0.029849717779, 0, 0.0068762860858, 0.71306917237, 0],
      [0.0318521273, 0, 0.94616599839, 0, 0.0028076018037, 0.019174272504, 0],
      [0.0096975834947, 0.01727412608, 0.035091002464, 0.077139179784, 0.71791917329, 0.14287893488, 0],
      [0.044560533566, 0.011609660106, 0.022217062186, 0.016570232498, 0.0578290508, 0.84087895977, 0.0063345010733],
      [0.023907798913, 0.00031065287473, 0.022278583187, 0.23727801126, 0.23502270879, 0.44772710323, 0.03347514174],
      [0.008931093796, 0.23880706916, 0.052498653413, 0.039336505412, 0.04393803506, 0.61388288182, 0.0026057613381],
      [0.10681022193, 0.0055788711122, 0.22697196525, 0.020305366167, 0.15922697003, 0.32558769545, 0.15551891007]
    ]
  ],
  "expected_outcome": [
    [
      [16.4873961211, 2.6558234598, 0.33814630536, 53.9818678097, 11.5294848634, 27.6758662775, 7.5208018565, 0.41542693442, 4.1034303217, 39.1696295439, 28.8643428785, 24.6592903845, 19.7317662535, 22.5520252113, 20.77671474, 5.8826698269, 4.9132747899, 5.5648092543, 23.4932248903, 31.5700503388, 54.0035242115, 9.4748789205, 16.7990560275, 32.2603513886, 7.9453712414, 5.7639839469, 11.7682887819, 50.4474616319, 9.4707764388, 27.4710995815, 20.2184173155, 31.9201697137, 0, 2.2669130522, 36.6063412424, 4.6670424458, 58.6863530585, 7.5270790962],
      [2.1115805483, 0.08340089145, 0, 2.237529613, 0.88083940195, 3.2654337283, 0.57290823418, 0.029418390438, 0.49322020843, 3.0438710293, 2.5045409511, 1.4813295883, 2.4185980017, 2.3650735884, 2.2656391258, 0.30694609608, 0.25933024641, 0.69765654931, 2.8415146201, 3.2947941504, 2.9770722779, 0.69867106604, 1.7372071079, 5.157249967, 0.11635338071, 1.0970438082, 0.83296831948, 3.6439191192, 0.81907822526, 1.6934048912, 1.054832964, 4.0837149999, 0, 0.27843145629, 2.2165254255, 0.45014898072, 3.5222016096, 0.22927044048],
      [2.0827993137, 0.10256501391, 0.059660114476, 4.8668971676, 0.65358020814, 4.2824842755, 0.73701053438, 0.020989431957, 1.942533588, 3.841019535, 3.1545661946, 4.419589044, 2.2898787215, 2.8434159454, 1.8542670293, 1.7533453241, 0.77921630635, 1.7993384444, 2.9908282575, 5.8345278191, 6.6201220297, 1.237195372, 2.4610021429, 7.2966767277, 0.26401161081, 0.75424166498, 1.0637973619, 6.6709832713, 2.350405338, 4.5765604257, 1.3177419237, 6.2327134479, 0, 0.23559423265, 4.718044013, 1.2776356366, 7.4988669395, 0.92534125114],
      [0, 0.022580466551, 0.016799610643, 0.13424284533, 0, 0.46756373268, 0, 0.0062269124652, 0.05921693938, 0.19007795525, 0.31906814831, 0, 0.35148042457, 0.36333405359, 0.33817904148, 0.044328101259, 0.067801249574, 0.076572161208, 0.39881211455, 0.44217780782, 0.43616517402, 0.088596197877, 0.083151325821, 0.47749782308, 0.24874623751, 0.2003148181, 0.001318575408, 0.25086550279, 0.027239465957, 0.41242485405, 0.15932503844, 0.45995059071, 0, 0.06372381652, 0.37385882678, 0.078226907861, 0.47642260017, 0],
      [0.51112402313, 0.023881424105, 0.014577249102, 0.85499368497, 0.1943442213, 0.66588486424, 0.20320970797, 0.0035923875394, 0.16741395906, 0.90707061952, 0.50152827303, 0.50797732573, 0.61418204945, 0.58623109321, 0.54114360193, 0.18368730621, 0.083928913088, 0.19647503082, 0.72823940267, 0.62514106335, 0.65071521284, 0.124032066, 0.48781171111, 0.88642547074, 0.093432381592, 0.1232915407, 0.11849528887, 0.5956836104, 0.15846571456, 0.55655298969, 0.23373591512, 0.72564907497, 0, 0.10494353985, 0.73762189931, 0.14510577372, 0.64705875956, 0.21316486866],
      [39.7848783505, 1.1117487442, 1.5708167204, 126.9244688793, 25.6915644371, 105.6427671217, 21.9544059797, 1.5243459432, 17.2295341876, 104.8483313171, 74.6364159539, 59.9031173275, 73.5920853718, 70.2801722701, 75.2240564614, 22.8290233454, 20.8849677776, 26.6651485599, 80.523249141, 111.2044118356, 88.2504818994, 24.3727723139, 66.4179401511, 119.9217986229, 2.3308096709, 36.061124221, 19.1699477643, 120.3482061922, 31.138135113, 81.2899572579, 29.0159468432, 103.5649956723, 0, 10.0503939025, 113.347608593, 20.3812860713, 102.1690970327, 22.1051443435],
      [0.022221643217, 0, 0, 0, 0.050186868124, 0, 0.011663687239, 0, 0.0046507959731, 0, 0.019537600563, 0.028696329986, 0.0020091774591, 0.0097478379305, 0, 0, 0.011480717102, 0, 0.024131573755, 0.028896984944, 0.061919194618, 0.0038540637988, 0.013831533652, 0, 0.0012754771168, 0, 0.045183908026, 0.04288067217, 0.035899704442, 0, 0, 0.012806500455, 0, 0, 0, 0.00055418403817, 0, 0]
    ],
    [
      [0.90054356455, 0, 0, 2.9370285975, 1.2610597803, 1.0877091172, 0.54261841744, 0.057238951278, 0.39033922699, 2.5996173572, 1.9808552643, 2.0680863232, 2.1003810207, 2.8639513311, 2.5581264934, 0.45365606112, 0.58215263689, 0.6103481944, 2.0439952505, 1.5807533592, 3.093559429, 0.88370520855, 1.6998677299, 2.0901994532, 1.9644458689, 0.87738881599, 0.73429985048, 6.5468281649, 0.73942954323, 2.7078082625, 2.4639385944, 2.0077447045, 0, 0.51225081498, 3.8402286849, 0.36902734314, 7.9685563864, 0.95556381901],
      [0, 0, 0, 0, 0.016989704745, 0.010832240271, 0.011878101643, 0.0039929854195, 0.024098161706, 0.019141788794, 0.013237999139, 0.055442646522, 0.021504893629, 0.023510434107, 0.024001943174, 0, 0, 0.026772763613, 0.022515767271, 0.013508688582, 0.030004777734, 0.0054506222183, 0.017062515184, 0, 0.015483578013, 0.032211967629, 0, 0.040044089525, 0.040800879185, 0, 0.017306038844, 0.010112770859, 0, 0.004754545632, 0, 0, 0.086993012003, 0],
      [28.3471811526, 0, 0, 54.653605386, 18.093598092, 35.0894382178, 12.1187421915, 1.8735850533, 50.8624277458, 53.9643128946, 45.8233122775, 92.123112423, 53.1670987177, 75.9563332846, 51.4537678856, 34.0384379812, 21.7706346559, 48.6416003624, 56.297902685, 61.1743799071, 83.5416910902, 24.6285367235, 53.783949246, 99.1921333869, 2.7014157924, 28.9192246109, 15.9463932707, 183.8236417064, 43.5058687598, 91.0995279027, 34.7281806991, 82.5088983383, 0, 12.7227781011, 102.7067658749, 23.2079541371, 219.9005566035, 28.3849799518],
      [0, 0, 0, 0, 0, 0.0037078633426, 0, 0.001745938525, 0, 0, 0, 0, 0.013542533832, 0.0020453689183, 0.0061614665492, 0, 0, 0, 0, 0.00065379852732, 0.02206034221, 0.0016410274237, 0, 0.0081541372948, 0.050462913624, 0.048939082899, 0, 0, 0, 0.078438050515, 0.01390771266, 0, 0, 0.0082327328375, 0.0057905883429, 0.003806541792, 0.15656330022, 0],
      [0.071957964531, 0, 0, 0.043396887065, 0.021949456548, 0.018754459413, 0.025002146035, 0, 0.11090135263, 0.0629487568, 0.023697975012, 0.25813340217, 0.043354622361, 0.060120502015, 0.054540419845, 0.062728956609, 0.0044366325269, 0.040100773753, 0.059594710515, 0.016901186143, 0.040943512085, 0.0048565929924, 0.045361092573, 0.049713847805, 0.019151222819, 0.011153114884, 0.012978091652, 0.12041331232, 0.055947752136, 0.092138299511, 0.027663600448, 0.041336870559, 0, 0.025809446208, 0.064758063094, 0.0065392781489, 0.16690579609, 0.084228054111],
