{
  "Z_true": {},
  "V_true": [
    [1056, 64, 83, 384, 14],
    [122, 6734, 259, 1261, 184],
    [91, 213, 7443, 841, 283],
    [38, 56, 49, 8719, 121],
    [434, 885, 879, 1414, 271]
  ],
  "p_true": [
    [0.6596, 0.04, 0.0518, 0.2399, 0.0087],
    [0.0143, 0.7867, 0.0303, 0.1473, 0.0215],
    [0.0103, 0.024, 0.839, 0.0948, 0.0319],
    [0.0042, 0.0062, 0.0055, 0.9706, 0.0135],
    [0.1118, 0.2279, 0.2264, 0.3642, 0.0698]
  ],
  "Z_est": [
    [
      [14, 4, 4, 4, 7, 6, 5, 4, 3, 6, 3, 3, 3, 5, 4, 3, 4, 3, 3, 2.9999, 3, 2, 3, 3, 2, 3, 3, 2, 4, 4, 2, 2, 2, 3, 2, 1.9928, 2, 2, 3, 3, 1.9986, 0.9996, 2.0001, 2.9999, 2, 2, 3, 2, 2, 4, 4, 2, 1.9999, 2, 4, 2, 3, 3.9995, 2.0003, 3, 3, 3, 2, 2, 2, 5, 2, 2, 2],
      [57, 7, 7, 10, 12, 9, 7, 9, 5, 11, 5, 6, 3, 8, 9, 3, 7, 5, 6, 3.9998, 8, 4, 4, 5.0001, 2, 7, 5, 3, 5, 6.9999, 4, 2, 3, 5, 2, 0.0035, 2, 2, 4, 3, 1, 2, 2.9999, 2, 5, 1, 7, 2, 5, 6, 7, 4, 2, 5, 7, 4, 5, 2.9997, 1.9997, 5, 2.9999, 4, 6, 4.9999, 2, 10, 2, 1, 4],
      [75, 5, 7, 8, 10, 8, 7, 4, 4, 8, 5, 7, 6, 10, 6, 3, 5, 4, 5, 2.9999, 7, 5, 6, 5, 3, 7, 4, 4, 4, 5.0001, 4, 3, 5, 5, 2, 1.0001, 2, 4, 5, 4, 0.9987, 2, 3.9999, 3, 5, 3, 5, 2, 3, 5, 5, 4, 2.0001, 2, 3, 2, 2, 3.0005, 0.9997, 2, 4, 4, 4, 4.0001, 4, 5, 2, 3, 3],
      [128, 17, 4, 12, 18, 19, 15, 15, 9, 15, 6, 6, 9, 12, 10, 6, 9, 9, 10, 6.0004, 14, 4, 4, 4, 2, 15, 8, 6, 6, 6, 6, 2, 4, 6, 2, 0, 2, 1, 3, 2, 0.0027, 1.0004, 1.0001, 0.0001, 3, 1, 8.9999, 2, 6, 16, 14, 3, 1, 5, 19, 12, 11, 12.0003, 5.0003, 11, 2, 8, 7, 11.9999, 3, 22, 2, 1, 4],
      [4, 2.6095e-10, 1, 1.9035e-11, 7.7298e-15, 4.5155e-16, 2.4784e-08, 1, 1.5445e-07, 1, 2.61e-10, 1, 7.612e-08, 5.2288e-10, 1, 3.3681e-08, 1.6016e-12, 2.1584e-09, 1, 1.7616e-09, 5.8039e-09, 7.0948e-08, 1.2108e-10, 6.0717e-09, 2.3451e-07, 2.5506e-10, 2.6748e-14, 7.2741e-10, 3.2843e-12, 2.5139e-12, 8.8514e-09, 1.5943e-09, 3.4058e-08, 1.7242e-06, 7.0838e-06, 0.0035, 0, 7.6743e-08, 0, 5.0176e-08, 1.5778e-06, 1.0427e-06, 4.5465e-09, 0, 8.8781e-12, 1.5182e-10, 6.9039e-09, 2.3583e-07, 3.9598e-15, 1.0113e-12, 1.3057e-10, 7.7862e-07, 0.0001, 1.352e-09, 6.7804e-10, 1.1226e-06, 1.1976e-10, 4.1034e-07, 1.6606e-07, 7.9657e-12, 0, 2.0665e-07, 4.9397e-08, 2.6695e-08, 6.0743e-08, 3.6672e-09, 3.0387e-09, 6.1463e-10, 1.5972e-10]
    ],
    [
      [61, 8, 7, 14, 10, 15, 11, 10, 3, 12, 6, 5, 5, 9, 12, 4, 9, 6, 10, 4, 9, 4, 3, 6, 3, 9, 8, 6, 7, 7, 4, 4, 3, 6, 2, 0.9967, 3, 2, 4.9999, 3, 0.9987, 2.9996, 2.9999, 2, 4, 3, 5.9999, 3, 8, 7, 8, 4, 1.9999, 5, 8, 3, 6, 4.9997, 1.9997, 6, 3.0001, 5, 10, 5, 2, 11, 2, 3, 4],
      [295, 27, 36, 53, 39, 39, 29, 39, 28, 43, 22, 23, 10, 30, 42, 28, 43, 30, 37, 25.0005, 33, 22, 22, 31.9999, 27, 25, 37, 24, 32, 39.9997, 21, 30, 28, 25, 28, 26.9959, 35, 26.9999, 23.0002, 34, 25.9931, 31.9987, 33.0005, 47.0001, 26, 31, 34.0001, 20, 40, 24, 39, 23, 21.0002, 32, 21, 13, 22, 12.9995, 14.0006, 30, 34.0001, 22, 32, 24, 14, 27, 33, 25, 34],
      [383, 22, 37, 42, 31, 32, 23, 19, 21, 30, 25, 27, 17, 37, 26, 23, 38, 24, 34, 19, 28, 29, 30, 37.9996, 37, 26, 31, 28, 25, 30.0003, 29, 44, 37, 31, 34, 42.9996, 35.9999, 40, 24.9999, 38, 30.0002, 36.003, 50.9997, 56, 38, 48, 24.9998, 28, 31, 21, 28, 29, 27.9997, 22, 11, 7, 11, 10.001, 6.9998, 18, 37.9999, 21, 22, 20, 23, 18, 34, 43, 35],
      [657, 62, 21, 60, 53, 73, 51, 67, 49, 52, 25, 24, 24, 45, 45, 43, 60, 46, 61, 36.9993, 55, 23, 24, 30.0004, 26, 55, 56, 41, 36, 34, 42, 26, 29, 36, 38, 8.0006, 27.0001, 18, 18, 25, 13.004, 24.9996, 17.0001, 13.9999, 25, 22, 43.0001, 30, 59, 63, 71, 18, 11.0002, 42, 57, 40, 46, 34.9998, 37.0002, 74, 20.9999, 42, 38, 51.9999, 20, 65, 34, 20, 39],
      [25, 2, 6, 2, 1, 1, 2, 5, 4, 3, 1, 5, 1, 2, 5, 2, 5, 1, 5, 2.0002, 2, 2, 4, 0, 4, 2, 3, 2, 1, 5.0823e-11, 1, 4.755e-08, 1, 2, 2, 5.0072, 3, 1, 1, 4, 6.004, 2.9991, 5.9998, 5, 4, 7, 1, 2, 3, 1, 2, 3, 3, 3, 1, 1, 2, 1, 2.9997, 2, 3, 1, 1, 2.4515e-08, 1, 1, 2, 8, 5]
    ],
    [
      [76, 6, 9, 11, 10, 11, 7, 4, 2, 9, 8, 8, 8, 11, 8, 3, 7, 5, 6, 3.9998, 5, 5, 5, 6.0001, 3, 8, 7, 6, 7, 6, 5, 6, 5, 8, 2, 3.0104, 2, 4, 3.9999, 4, 2.0027, 3.0009, 4.9999, 3.0001, 7, 4, 3, 3, 6, 6, 6, 4, 2, 4, 5, 2, 3, 2.9997, 6.5336e-06, 4, 3.9999, 4, 4, 4, 3, 6, 2, 4, 4],
      [366, 19, 40, 40, 35, 28, 19, 17, 20, 30, 23, 28, 14, 35, 35, 24, 31, 24, 26, 23.0008, 25, 23, 28, 30.9999, 33, 21, 32, 30, 29, 33, 23, 43, 35.9999, 28, 30, 45.9896, 33.9999, 37.0001, 24, 37, 27.0053, 31.9991, 53.9992, 55.9999, 38, 43, 18.9999, 19, 30, 19, 29, 24, 26, 23, 13, 7, 11, 7.9997, 7.9997, 17, 33.9997, 17, 20, 19.0002, 24, 14, 37, 42, 33],
      [479, 17, 45, 35, 32, 26, 18, 9, 17, 26, 32, 39, 30, 44, 22, 23, 26, 23, 26, 21.0004, 22, 32, 40, 39.0002, 50, 26, 33, 36, 25, 27.9998, 36, 67, 56, 37, 40, 79.0111, 38.0001, 60, 29.0001, 44, 37.0039, 39.0022, 83.0011, 73, 54, 74, 16.0001, 30, 22, 18, 24, 32, 36.0005, 18, 9, 7, 7, 7.9997, 6.0014, 12, 41.0004, 17, 13, 19.9999, 49, 10, 43, 82, 39],
      [819, 46, 26, 48, 52, 55, 36, 31, 39, 40, 30, 33, 41, 53, 36, 40, 45, 41, 45, 37.9991, 41, 26, 33, 31.9999, 34, 50, 54, 50, 35, 31.0002, 51, 38, 42, 43, 44, 13.9965, 26.9999, 28, 20, 28, 15.9947, 25.9983, 28.9997, 19.0001, 38, 34, 25, 31, 47, 52, 56, 20, 15.9995, 32, 38, 26, 25, 23.9997, 20.9986, 45, 22.9999, 32, 21, 46.9999, 39, 34, 40, 36, 40],
      [31, 2, 7, 2, 1, 1, 2, 2, 3, 2, 2, 7, 2, 2, 4, 2, 4, 1, 4, 1.9999, 2, 3, 6, 1, 5, 1, 3, 2, 1, 0, 2, 5.4758e-11, 1, 3, 2, 9.9924, 3, 2, 1, 5, 6.9933, 2.9996, 11, 7, 6, 10, 0, 2, 2, 1, 1, 3, 5, 3, 1, 4.5009e-07, 1, 0.001, 1.0003, 1, 3, 1, 1.6598e-06, 0, 3, 7.2987e-09, 2, 16, 5]
    ],
    [
      [105, 12, 3, 9, 10, 15, 13, 12, 5, 11, 6, 4, 8, 9, 7, 4, 8, 6, 7, 6.0003, 7, 3, 2, 2.9999, 1, 10, 7, 5, 5, 4.9998, 5, 1, 2, 6, 2, 0.0035, 1, 1, 1.0001, 1, 0.0014, 1.0004, 0.0001, 0, 3, 1, 5, 2, 8, 13, 9, 1, 0.0001, 5, 13, 7, 8, 7.0005, 2.9994, 12, 1, 5, 6, 6.9998, 2, 20, 1, 1, 3],
      [505, 36, 13, 33, 36, 38, 34, 45, 36, 34, 18, 14, 15, 28, 30, 25, 36, 31, 31, 28.9989, 31, 16, 14, 15, 17, 26, 30, 24, 24, 28.0005, 22, 14, 16, 21, 20, 5.0073, 14, 12, 8.9998, 12, 3.9985, 14.0017, 8.0006, 6, 17, 14, 24.9999, 14, 39, 39, 40, 9, 5.9999, 30, 33, 25, 29, 17.001, 24.9997, 52, 16, 22, 27, 31.9999, 14, 46, 28, 12, 29],
      [661, 29, 15, 28, 30, 32, 31, 22, 28, 26, 23, 19, 30, 37, 19, 22, 30, 26, 29, 24.0002, 27, 22, 20, 18.0001, 24, 29, 28, 32, 21, 21, 32, 23, 24, 27, 27, 10.0001, 15.9999, 18, 10, 16, 5.9987, 16.9979, 11.9998, 8, 25, 24, 20.9999, 22, 29, 34, 31, 11, 7.9998, 21, 18, 16, 16, 14.9992, 13.9991, 32, 18.9997, 23, 19, 28.9999, 29, 29, 30, 23, 32],
      [1136, 88, 11, 41, 54, 78, 69, 83, 72, 48, 26, 19, 44, 45, 35, 43, 52, 54, 54, 49.0006, 57, 20, 18, 15.9999, 20, 61, 52, 45, 29, 26.9997, 50, 13, 21, 35, 33, 2.9891, 14, 11, 11.0001, 12, 4.0001, 12.9996, 4.9997, 4, 18, 14, 35.0002, 26, 60, 108, 80, 9, 5.0001, 43, 98, 85, 66, 54.9995, 73.0014, 137, 13.0002, 48, 33, 79.0004, 26, 114, 33, 13, 36],
      [43, 4, 2, 1, 2, 2, 4, 7, 6, 3, 1, 3, 2, 2, 3, 3, 5, 2, 5, 3.9999, 3, 2, 3, 0.0001, 3, 3, 3, 2, 1, 7.1751e-11, 2, 1.6014e-06, 6.0464e-06, 2, 1, 0.9999, 1, 9.2691e-06, 6.3864e-06, 1, 1.0013, 1.0004, 1.9998, 0, 4, 3, 1, 1, 3, 2, 2, 2, 2.0001, 4, 3, 2, 4, 1.9997, 6.0005, 4, 1, 1, 3.2331e-06, 2, 2, 2, 2, 5, 5]
    ],
    [
      [31, 5, 3, 3, 4, 7, 4, 3, 1, 5, 4, 4, 3, 4, 3, 1, 3, 2, 4, 2, 3, 2, 2, 2, 1, 3, 3, 1, 3, 2.0001, 2, 1, 1, 3, 1, 0.9966, 0, 1, 1.0001, 1, 0.9986, 0.9996, 1, 0, 2, 1, 1.0001, 1, 4, 4, 3, 2, 1.0002, 2, 4, 1, 3, 2.0005, 0.0006, 2, 1.8631e-06, 1, 2, 1.0001, 1, 5, 2.2918e-07, 1, 1],
      [152, 14, 15, 14, 15, 18, 12, 14, 12, 15, 12, 15, 5, 13, 15, 11, 17, 9, 17, 11, 14, 9, 12, 10.0001, 12, 8, 14, 8, 15, 13, 9, 11, 8, 12, 12, 18.0036, 11, 11, 8, 16, 15.003, 11.0004, 14.9998, 13, 11, 11, 8.0001, 9, 20, 12, 13, 12, 9.9999, 12, 10, 4, 11, 6, 7.0003, 11, 5.0002, 7, 10, 5, 7, 12, 12, 14, 12],
      [200, 12, 16, 11, 13, 15, 11, 7, 9, 11, 15, 20, 10, 17, 9, 10, 14, 8, 16, 8.9995, 12, 12, 17, 12.0001, 18, 9, 13, 10, 12, 9.9999, 13, 17, 12, 15, 16, 29.989, 11, 18, 10, 19, 19.9985, 12.997, 22.9995, 16.9999, 16, 18, 6.0001, 13, 15, 11, 9, 15, 13.9999, 8, 6, 2, 5, 4.9995, 4, 7, 5.9999, 7, 7, 4.0001, 13, 7, 13, 27, 13],
      [342, 36, 9, 16, 22, 37, 24, 26, 22, 20, 16, 19, 15, 22, 17, 19, 24, 15, 29, 18.0005, 24, 10, 13, 8.9999, 14, 19, 24, 16, 20, 11.0001, 20, 11, 9, 18, 19, 6.0138, 8.9999, 8, 7, 13, 9.9985, 10.0022, 7.0004, 4, 11, 8, 12.9998, 14, 30, 34, 25, 10, 6.0002, 17, 30, 16, 25, 21.0008, 18.9996, 29, 3, 14, 13, 11.9998, 11, 29, 14, 12, 15],
      [16, 3, 5, 3, 3, 3, 3, 4, 4, 4, 3, 6, 3, 2, 3, 3, 4, 2, 4, 2, 3, 3, 4, 1.9999, 4, 2, 4, 3, 2, 2, 2, 1, 2, 4, 3, 4.9969, 3, 3, 3, 5, 5.0013, 2.0009, 5.0003, 4, 3, 5, 2, 3, 3, 2, 2, 3, 2.9998, 3, 3, 2, 3, 2.9992, 2.9995, 3, 2.9999, 3, 2, 1, 3, 2, 3, 7, 4]
    ]
  ],
  "V_est": [
    [216.9905, 382.0027, 366.9991, 625.004, 10.0037],
    [449.9942, 2275.989, 2358.0025, 3275.0041, 201.0102],
    [424.0133, 2242.9931, 2726.021, 3246.9859, 230.9867],
    [472.0055, 2109.0078, 2218.9944, 3981.9905, 201.0018],
    [177.9965, 942.0075, 1042.9829, 1490.0154, 229.9977]
  ],
  "p_est": [
    [0.1355, 0.2386, 0.2292, 0.3904, 0.0062],
    [0.0526, 0.2659, 0.2755, 0.3826, 0.0235],
    [0.0478, 0.2528, 0.3073, 0.366, 0.026],
    [0.0525, 0.2348, 0.247, 0.4433, 0.0224],
    [0.0458, 0.2426, 0.2686, 0.3837, 0.0592]
  ],
  "EI_Z": {},
  "EI_V": 47.351,
  "MAE_Z": {},
  "MAE_V": 1208.322,
  "MAE_p": 0.1751,
  "runtime": 0.4618
}
