{
  "X": [
    [11, 24, 72, 172, 35],
    [8, 29, 22, 177, 23],
    [1, 1, 0, 10, 0],
    [9, 30, 61, 230, 41],
    [0, 3, 2, 18, 2],
    [3, 7, 4, 32, 7],
    [3, 9, 10, 36, 5],
    [3, 23, 18, 76, 12],
    [7, 24, 24, 94, 11],
    [29, 79, 91, 282, 44],
    [263, 796, 856, 2572, 326],
    [101, 345, 414, 1571, 177],
    [69, 200, 117, 470, 46],
    [94, 323, 361, 923, 122],
    [6, 11, 17, 57, 3],
    [2, 13, 5, 18, 2],
    [6, 10, 11, 44, 3],
    [451, 1332, 716, 2393, 258],
    [185, 351, 247, 720, 70],
    [63, 130, 119, 321, 43],
    [7, 24, 44, 134, 23],
    [7, 5, 11, 110, 12],
    [10, 27, 59, 148, 16],
    [7, 25, 29, 151, 11],
    [30, 65, 288, 452, 67],
    [17, 37, 72, 301, 34],
    [7, 12, 35, 74, 19],
    [1, 3, 25, 62, 9],
    [2, 9, 4, 43, 2],
    [10, 71, 41, 284, 27],
    [1, 2, 3, 12, 3],
    [0, 0, 7, 10, 0],
    [27, 106, 118, 770, 95],
    [9, 14, 69, 139, 13],
    [0, 1, 4, 8, 1],
    [38, 105, 233, 630, 117],
    [0, 6, 5, 25, 2],
    [11, 45, 198, 381, 67],
    [15, 22, 62, 195, 29],
    [0, 5, 14, 10, 2],
    [9, 12, 88, 163, 21],
    [0, 3, 9, 22, 4],
    [3, 3, 33, 36, 4],
    [9, 14, 62, 67, 22],
    [10, 11, 41, 96, 19],
    [10, 24, 16, 109, 20],
    [17, 36, 50, 279, 45],
    [3, 13, 10, 38, 6],
    [0, 6, 5, 17, 6],
    [13, 17, 30, 74, 13],
    [9, 23, 43, 97, 13],
    [6, 17, 15, 58, 6],
    [16, 31, 61, 177, 29],
    [12, 19, 32, 70, 12],
    [14, 58, 83, 170, 32],
    [10, 21, 32, 71, 17],
    [13, 31, 34, 84, 17],
    [10, 18, 26, 65, 15],
    [41, 120, 104, 183, 19],
    [9, 25, 18, 41, 13],
    [1, 3, 10, 7, 5],
    [14, 25, 57, 179, 25],
    [18, 36, 103, 251, 43],
    [8, 16, 44, 89, 27],
    [3, 13, 21, 53, 4],
    [23, 34, 130, 212, 43],
    [21, 31, 158, 140, 35],
    [29, 84, 176, 441, 65],
    [29, 28, 108, 181, 48],
    [0, 0, 3, 3, 2],
    [2, 8, 27, 36, 20],
    [25, 64, 79, 222, 49],
    [19, 62, 56, 254, 46],
    [26, 28, 40, 178, 17],
    [1, 5, 12, 40, 11],
    [0, 0, 2, 3, 3],
    [12, 40, 64, 247, 51],
    [6, 17, 14, 64, 5],
    [6, 38, 29, 157, 32],
    [13, 24, 53, 168, 25],
    [12, 30, 41, 133, 29],
    [12, 40, 129, 221, 44],
    [16, 30, 106, 114, 29],
    [9, 43, 46, 179, 29],
    [0, 2, 3, 23, 4],
    [6, 11, 23, 36, 13],
    [5, 20, 30, 105, 17],
    [3, 9, 25, 55, 9],
    [8, 18, 96, 114, 34],
    [16, 57, 69, 160, 31],
    [27, 41, 146, 339, 51],
    [0, 1, 8, 5, 3],
    [8, 27, 39, 97, 17],
    [25, 43, 241, 247, 57],
    [65, 302, 147, 782, 49],
    [184, 568, 621, 1687, 302],
    [101, 292, 378, 839, 181],
    [0, 0, 5, 7, 1]
  ],
  "W": [
    [22, 32, 171, 70, 19],
    [7, 11, 209, 16, 16],
    [0, 0, 11, 0, 1],
    [21, 28, 242, 49, 31],
    [0, 3, 17, 2, 3],
    [3, 6, 33, 4, 7],
    [4, 7, 39, 7, 6],
    [3, 17, 87, 17, 8],
    [10, 25, 101, 13, 11],
    [28, 116, 279, 66, 36],
    [213, 777, 2834, 658, 331],
    [129, 541, 1476, 302, 160],
    [27, 230, 504, 85, 56],
    [110, 367, 956, 250, 140],
    [4, 17, 55, 12, 6],
    [2, 13, 16, 6, 3],
    [6, 5, 51, 7, 5],
    [205, 1761, 2281, 500, 403],
    [69, 501, 697, 184, 122],
    [39, 168, 335, 77, 57],
    [17, 10, 156, 29, 20],
    [1, 8, 119, 9, 8],
    [9, 21, 165, 49, 16],
    [18, 48, 137, 12, 8],
    [75, 100, 446, 226, 55],
    [16, 47, 317, 60, 21],
    [15, 5, 92, 23, 12],
    [7, 5, 65, 18, 5],
    [1, 8, 44, 2, 5],
    [9, 95, 280, 33, 16],
    [2, 1, 14, 2, 2],
    [2, 1, 10, 3, 1],
    [43, 172, 740, 94, 67],
    [23, 25, 129, 52, 15],
    [1, 2, 8, 3, 0],
    [68, 117, 659, 176, 103],
    [0, 6, 26, 5, 1],
    [45, 47, 397, 153, 60],
    [19, 24, 217, 49, 14],
    [3, 2, 15, 9, 2],
    [18, 14, 180, 65, 16],
    [0, 1, 27, 8, 2],
    [9, 6, 38, 21, 5],
    [16, 16, 81, 48, 13],
    [17, 9, 106, 29, 16],
    [4, 42, 104, 13, 16],
    [17, 30, 319, 33, 28],
    [5, 7, 46, 6, 6],
    [5, 7, 18, 2, 2],
    [6, 26, 79, 20, 16],
    [13, 32, 88, 33, 19],
    [5, 22, 59, 12, 4],
    [15, 49, 171, 54, 25],
    [11, 23, 68, 29, 14],
    [20, 53, 205, 57, 22],
    [7, 29, 67, 22, 26],
    [8, 30, 98, 26, 17],
    [6, 20, 76, 14, 18],
    [32, 135, 192, 69, 39],
    [5, 22, 53, 16, 10],
    [4, 2, 12, 7, 1],
    [23, 13, 195, 40, 29],
    [16, 34, 289, 68, 44],
    [21, 28, 88, 28, 19],
    [5, 21, 44, 17, 7],
    [45, 48, 227, 97, 25],
    [44, 43, 156, 118, 24],
    [59, 65, 497, 132, 42],
    [22, 23, 210, 89, 50],
    [1, 0, 4, 2, 1],
    [9, 8, 40, 18, 18],
    [21, 77, 234, 65, 42],
    [28, 76, 252, 44, 37],
    [11, 72, 140, 40, 26],
    [2, 8, 44, 11, 4],
    [0, 0, 4, 2, 2],
    [18, 47, 258, 42, 49],
    [6, 16, 69, 8, 7],
    [7, 57, 141, 26, 31],
    [22, 37, 166, 38, 20],
    [10, 37, 143, 27, 28],
    [27, 58, 235, 99, 27],
    [20, 31, 135, 88, 21],
    [16, 26, 201, 28, 35],
    [3, 3, 23, 2, 1],
    [3, 5, 50, 15, 16],
    [13, 26, 98, 27, 13],
    [9, 10, 58, 18, 6],
    [22, 13, 138, 72, 25],
    [24, 72, 153, 53, 31],
    [43, 37, 388, 104, 32],
    [3, 0, 6, 3, 5],
    [9, 32, 99, 32, 16],
    [45, 43, 309, 169, 47],
    [28, 342, 793, 89, 93],
    [174, 545, 1837, 511, 295],
    [102, 240, 972, 291, 186],
    [1, 1, 7, 4, 0]
  ],
  "method": "mcmc",
  "mcmc_stepsize": 3000,
  "mcmc_samples": 1000,
  "burn_in": 10000,
  "cond_prob": [
    [
      [0.090909139349, 0.045454649263, 0.22727253986, 0.54545470015, 0.090908971385],
      [0.06249995317, 0.093749986896, 0.21875010455, 0.53125007303, 0.093749882354],
      [0.029239777315, 0.081871345354, 0.23391809033, 0.54385961935, 0.11111116765],
      [0.028571385945, 0.071428548979, 0.22857152832, 0.5714286121, 0.099999924654],
      [7.8731756255e-08, 0.052631560604, 0.21052633417, 0.52631560542, 0.21052642107]
    ],
    [
      [0.28544033961, 0.1425861687, 0.00017015171032, 0.57144227521, 0.00036106476128],
      [4.9247363512e-07, 0.27231493755, 0.09085331012, 0.63639437018, 0.00043688968213],
      [0.028697279625, 0.11006301505, 0.090885133531, 0.68425465544, 0.086099916353],
      [0.00026114128855, 0.062474739466, 0.062696325941, 0.8119481045, 0.062619688809],
      [1.5645248494e-07, 0.062729158096, 0.062580525227, 0.62494833389, 0.24974182634]
    ],
    [
      [0, 0, 0, 0, 0],
      [0, 0, 0, 0, 0],
      [0.083709794694, 0.083624512251, 0, 0.83266569306, 0],
      [0, 0, 0, 0, 0],
      [0.079192258371, 0.080130365242, 0, 0.84067737639, 0]
    ],
    [
      [0.095233828137, 0.047625448284, 0.14286140996, 0.61904335192, 0.095235961699],
      [0.035712685554, 0.10713965682, 0.14286194335, 0.60714125696, 0.10714445731],
      [0.02066097188, 0.08677611893, 0.16528944134, 0.61983563646, 0.10743783138],
      [0.020409992026, 0.061228147317, 0.18367072625, 0.63264940369, 0.10204173071],
      [2.8906225735e-06, 0.064514683725, 0.16128598665, 0.61290611643, 0.16129032258]
    ],
    [
      [0, 0, 0, 0, 0],
      [0, 0.15226468602, 0.080235623164, 0.70163131443, 0.065868376384],
      [0, 0.11594811879, 0.079894060508, 0.73308679481, 0.071071025892],
      [0, 0.12273759177, 0.08989490924, 0.70248739165, 0.08488010734],
      [0, 0.108870913, 0.073768094463, 0.67588525387, 0.14147573867]
    ],
    [
      [0.14858193943, 0.070544224443, 0.022564492786, 0.6738037402, 0.084505603142],
      [0.059627874764, 0.22758383104, 0.073468163662, 0.51048411927, 0.12883601126],
      [0.0504743757, 0.13013158601, 0.082678560499, 0.60439152612, 0.13232395167],
      [0.075716306049, 0.06761277861, 0.060790905358, 0.71891048283, 0.076969527158],
      [0.032566758692, 0.12258155536, 0.074277345965, 0.58501739581, 0.18555694417]
    ],
    [
      [0.19480020286, 0.041394815099, 0.088512188879, 0.56320121616, 0.112091577],
      [0.01430310464, 0.21866470876, 0.13644416074, 0.53692965887, 0.093658366989],
      [0.045039484105, 0.15694335122, 0.161122309, 0.5708159236, 0.066078932075],
      [0.020867818609, 0.071572458471, 0.20908096292, 0.63107353551, 0.067405224482],
      [0.036343807624, 0.11366164524, 0.15725088798, 0.55155862569, 0.14118503346]
    ],
    [
      [0.58221289502, 0.040455681685, 0.026143264806, 0.34443784928, 0.0067503092111],
      [0.0072784831095, 0.28627966049, 0.11712586328, 0.52935977107, 0.059956222045],
      [0.011568668464, 0.17042463352, 0.14791336911, 0.58893722984, 0.081156099077],
      [0.0020110813191, 0.12314586421, 0.1201170008, 0.63658251592, 0.11814353776],
      [0.01112057041, 0.13643198988, 0.12749730051, 0.4885160722, 0.236434067]
    ],
    [
      [0.19994044089, 0.19997880786, 0.10004368823, 0.49997899763, 5.8065399471e-05],
      [0.040002189688, 0.19997847825, 0.1600043266, 0.55998816181, 0.040026843647],
      [0.03959693575, 0.148516717, 0.16830421867, 0.58418445676, 0.059397671819],
      [4.442161667e-05, 0.076933854596, 0.076962113389, 0.76911494723, 0.076944663168],
      [6.116883437e-05, 0.090947403471, 0.090929217557, 0.54539832105, 0.27266388909]
    ],
    [
      [0.10714285714, 0.14285714286, 0.14285714286, 0.53571428571, 0.071428571429],
      [0.060344827586, 0.15517241379, 0.1724137931, 0.53448275862, 0.077586206897],
      [0.05376344086, 0.1541218638, 0.17562724014, 0.53405017921, 0.082437275986],
      [0.045454545455, 0.13636363636, 0.18181818182, 0.56060606061, 0.075757575758],
      [0.027777777778, 0.13888888889, 0.16666666667, 0.52777777778, 0.13888888889]
    ],
    [
      [0.065727699531, 0.16431924883, 0.17370892019, 0.53051643192, 0.065727699531],
      [0.054054054054, 0.16731016731, 0.17760617761, 0.53410553411, 0.066924066924],
      [0.054340155258, 0.16549047283, 0.17854622442, 0.53422724065, 0.067395906845],
      [0.053191489362, 0.1641337386, 0.17781155015, 0.53799392097, 0.066869300912],
      [0.054380664653, 0.16314199396, 0.1752265861, 0.53172205438, 0.075528700906]
    ],
    [
      [0.054263565891, 0.13178294574, 0.15503875969, 0.59689922481, 0.062015503876],
      [0.03696857671, 0.13493530499, 0.16081330869, 0.60073937153, 0.066543438078],
      [0.038617886179, 0.13211382114, 0.15921409214, 0.60230352304, 0.067750677507],
      [0.03642384106, 0.12913907285, 0.15562913907, 0.60927152318, 0.069536423841],
      [0.0375, 0.13125, 0.15625, 0.6, 0.075]
    ],
    [
      [0.14814814815, 0.18518518519, 0.11111111111, 0.51851851852, 0.037037037037],
      [0.073913043478, 0.2347826087, 0.12608695652, 0.51739130435, 0.047826086957],
      [0.075396825397, 0.22023809524, 0.13293650794, 0.52182539683, 0.049603174603],
      [0.070588235294, 0.21176470588, 0.12941176471, 0.52941176471, 0.058823529412],
      [0.071428571429, 0.21428571429, 0.125, 0.51785714286, 0.071428571429]
    ],
    [
      [0.072727272727, 0.17272727273, 0.19090909091, 0.5, 0.063636363636],
      [0.049046321526, 0.1825613079, 0.19891008174, 0.50408719346, 0.065395095368],
      [0.051255230126, 0.17677824268, 0.19979079498, 0.50627615063, 0.06589958159],
      [0.048, 0.176, 0.196, 0.516, 0.064],
      [0.05, 0.17142857143, 0.19285714286, 0.5, 0.085714285714]
    ],
    [
      [0.28152948704, 0.071847141009, 0.13733568095, 0.47892683735, 0.030360853651],
      [0.062927067467, 0.13424090834, 0.16152259967, 0.62317834533, 0.018131079184],
      [0.057721591502, 0.12631499663, 0.19094551338, 0.60098083088, 0.024037067608],
      [0.022908858547, 0.090761134722, 0.2054908367, 0.66006443882, 0.020774731216],
      [0.059088011627, 0.065676260505, 0.12281330086, 0.58592363597, 0.16649879104]
    ],
    [
      [0.055456611404, 0.28734187018, 0.117945728, 0.51402760179, 0.025228188624],
      [0.054709698602, 0.37667994164, 0.10540302506, 0.41207970626, 0.05112762844],
      [0.046907716966, 0.31539286247, 0.12313797202, 0.46786714634, 0.046694302203],
      [0.035528481291, 0.25919264628, 0.17335390029, 0.47987315506, 0.052051817082],
      [0.071388778718, 0.30901178039, 0.12784608809, 0.41659844771, 0.0751549051]
    ],
    [
      [0.25137607024, 0.065645293942, 0.14340359085, 0.5338564162, 0.0057186287757],
      [0.1336972187, 0.33022205361, 0.030386067693, 0.40532097588, 0.10037368412],
      [0.064668192851, 0.13903567867, 0.16822618811, 0.5901891482, 0.037880792169],
      [0.041957578329, 0.023238914684, 0.18528607884, 0.73893112881, 0.010586299345],
      [0.046295320275, 0.14030519071, 0.022221994149, 0.69961843273, 0.091559062139]
    ],
    [
      [0.092682926829, 0.25853658537, 0.13658536585, 0.46341463415, 0.048780487805],
      [0.088018171493, 0.25894378194, 0.13855763771, 0.46450880182, 0.049971607041],
      [0.087242437527, 0.25865848312, 0.13985094257, 0.46427005699, 0.04997807979],
      [0.086, 0.258, 0.138, 0.468, 0.05],
      [0.086848635236, 0.25806451613, 0.13895781638, 0.46401985112, 0.052109181141]
    ],
    [
      [0.14492753623, 0.21739130435, 0.14492753623, 0.44927536232, 0.04347826087],
      [0.11776447106, 0.2255489022, 0.15568862275, 0.45708582834, 0.043912175649],
      [0.11621233859, 0.22238163558, 0.15925394548, 0.45767575323, 0.044476327116],
      [0.11413043478, 0.22282608696, 0.15760869565, 0.46195652174, 0.04347826087],
      [0.11475409836, 0.22131147541, 0.15573770492, 0.45901639344, 0.049180327869]
    ],
    [
      [0.12820512821, 0.20512820513, 0.15384615385, 0.46153846154, 0.051282051282],
      [0.089285714286, 0.20238095238, 0.17857142857, 0.47023809524, 0.059523809524],
      [0.092537313433, 0.19104477612, 0.17910447761, 0.47462686567, 0.062686567164],
      [0.090909090909, 0.18181818182, 0.16883116883, 0.49350649351, 0.064935064935],
      [0.087719298246, 0.17543859649, 0.17543859649, 0.47368421053, 0.087719298246]
    ],
    [
      [0.17646401847, 0.058823802598, 0.17648214172, 0.52940431614, 0.058825721067],
      [6.3314935315e-07, 0.19999551506, 0.2999975009, 0.50000621571, 1.3518054946e-07],
      [0.025640894444, 0.10256445436, 0.1923066902, 0.58333407624, 0.096153884754],
      [3.8220635984e-06, 0.10344992954, 0.17240973543, 0.6206884034, 0.10344810957],
      [7.4906953512e-07, 0.099996868413, 0.15000512918, 0.5499992438, 0.19999800954]
    ],
    [
      [0.82932706836, 0.012689550825, 4.2036912994e-05, 0.13517236175, 0.022768982156],
      [0.10683928853, 0.12063749886, 0.018525768244, 0.75085655426, 0.0031408901059],
      [0.042948933385, 0.033451029102, 0.087300040548, 0.76026978425, 0.076030212715],
      [0.0079650505245, 0.0042350184228, 0.033835443153, 0.85994398923, 0.094020498673],
      [0.016668761977, 0.00042785367227, 0.019816000442, 0.70579687193, 0.25729051198]
    ],
    [
      [0.22217800022, 7.6145017086e-06, 0.22225547936, 0.55555258727, 6.3186442661e-06],
      [0.047612327173, 0.19046434255, 0.19050303227, 0.52380499322, 0.047615304798],
      [0.03636240655, 0.1030330571, 0.2363562541, 0.56364190079, 0.060606381462],
      [0.020415497548, 0.10203024633, 0.22449552868, 0.59183996924, 0.061218758207],
      [2.3916675173e-05, 0.062515236485, 0.18750463607, 0.62494060838, 0.12501560239]
    ],
    [
      [0.11111134208, 0.1110924883, 0.11108389063, 0.66666888875, 4.3390238809e-05],
      [0.020835520032, 0.1458203686, 0.12501834174, 0.66665381619, 0.041671953441],
      [0.029194422111, 0.10949580042, 0.13867961634, 0.67883864885, 0.043791512285],
      [1.5788631978e-06, 0.083330264792, 0.083335003449, 0.74999909546, 0.083334057438],
      [2.9513176468e-05, 8.7103444998e-06, 0.12506026067, 0.62496159852, 0.24993991729]
    ],
    [
      [0.066666666667, 0.066666666667, 0.30666666667, 0.49333333333, 0.066666666667],
      [0.03, 0.09, 0.31, 0.5, 0.07],
      [0.031390134529, 0.071748878924, 0.32286995516, 0.5, 0.07399103139],
      [0.030973451327, 0.070796460177, 0.32300884956, 0.50442477876, 0.070796460177],
      [0.018181818182, 0.054545454545, 0.30909090909, 0.50909090909, 0.10909090909]
    ],
    [
      [0.125, 0.0625, 0.125, 0.625, 0.0625],
      [0.042553191489, 0.10638297872, 0.14893617021, 0.63829787234, 0.063829787234],
      [0.034700315457, 0.082018927445, 0.16088328076, 0.64984227129, 0.072555205047],
      [0.033333333334, 0.066666666667, 0.15, 0.68333333333, 0.066666666667],
      [6.9443976807e-13, 0.047619047619, 0.14285714286, 0.66666666667, 0.14285714286]
    ],
    [
      [0.13283582165, 0.13326295716, 0.1991774879, 0.46751338101, 0.067210352284],
      [0.00091048877644, 0.39667718017, 0.19978899088, 0.3998670723, 0.0027562678674],
      [0.043366034949, 0.076092113109, 0.26072089648, 0.50038334851, 0.11943760695],
      [0.043742108904, 0.043914669318, 0.21808688054, 0.56337356413, 0.1308827771],
      [0.00059720926807, 0.00059649511968, 0.16758933318, 0.49959199046, 0.33162497197]
    ],
    [
      [0.039361028123, 0.084045967823, 0.22091295353, 0.58385656826, 0.071823482268],
      [0.016737652706, 0.058153320675, 0.18592719086, 0.64573450108, 0.093447334676],
      [0.0068237227063, 0.027459879877, 0.25559052877, 0.6325671354, 0.077558733247],
      [0.0060001608773, 0.01277765967, 0.26022209723, 0.6191553979, 0.10184468432],
      [0.017847933582, 0.021204311166, 0.24531825014, 0.48453411074, 0.23109539437]
    ],
    [
      [0.10965561796, 0.1540096209, 0.45710182391, 0.26462454235, 0.014608394883],
      [0.022996698947, 0.13896621908, 0.039001985818, 0.76986138922, 0.029173706931],
      [0.035604758395, 0.15123950356, 0.067133359816, 0.71225639776, 0.033765980469],
      [0.021152284136, 0.10948897975, 0.025625337659, 0.80887145271, 0.034861945744],
      [0.019491370562, 0.1721489021, 0.045152756465, 0.72389198737, 0.039314983507]
    ],
    [
      [0.22222222448, 0.22222177089, 5.1358551677e-07, 0.55555524183, 2.4921464365e-07],
      [0.021052626601, 0.17894750612, 0.094736717226, 0.65263152994, 0.05263162011],
      [0.021428568842, 0.16071421532, 0.099999981638, 0.65714297183, 0.060714262373],
      [1.9681662654e-08, 0.15151516602, 0.090909389205, 0.69696920949, 0.060606215598],
      [3.2951967346e-08, 0.12500063832, 0.062500158669, 0.62499946585, 0.18749970421]
    ],
    [
      [0.11447111054, 0.09540058126, 0.11623976312, 0.57584916645, 0.098039378623],
      [0.064423031324, 0.12702496672, 0.10775255897, 0.55034095251, 0.15045849048],
      [0.039462649128, 0.09278331858, 0.14635109476, 0.58092065556, 0.14048228197],
      [0.043326470404, 0.091917776138, 0.18301631876, 0.54583101003, 0.13590842467],
      [0.033752359492, 0.099685929182, 0.12240997529, 0.53670475834, 0.2074469777]
    ],
    [
      [0, 0, 0.40408115816, 0.59591884184, 0],
      [0, 0, 0.38954456724, 0.61045543276, 0],
      [0, 0, 0.40667552993, 0.59332447007, 0],
      [0, 0, 0.44059947124, 0.55940052876, 0],
      [0, 0, 0.41373940347, 0.58626059653, 0]
    ],
    [
      [0.06976744186, 0.093023255814, 0.093023255814, 0.67441860465, 0.06976744186],
      [0.023255813953, 0.10465116279, 0.10465116279, 0.68604651163, 0.081395348837],
      [0.022972972973, 0.094594594595, 0.10810810811, 0.69054054054, 0.083783783784],
      [0.021276595745, 0.085106382979, 0.095744680851, 0.70212765957, 0.095744680851],
      [0.014925373134, 0.089552238806, 0.10447761194, 0.68656716418, 0.10447761194]
    ],
    [
      [0.086967224282, 0.043465645976, 0.26085757281, 0.56521831538, 0.043491241548],
      [0.079991932936, 0.040033872796, 0.27996297124, 0.55998894844, 0.040022274596],
      [0.031005468014, 0.077506122456, 0.27908375446, 0.56589265693, 0.046511998135],
      [0.019233097103, 0.038475540413, 0.30767217873, 0.59615777378, 0.038461409972],
      [8.6063303894e-06, 2.8361625192e-05, 0.26669626165, 0.53332653696, 0.19994023343]
    ],
    [
      [0, 0.069867531704, 0.29578238759, 0.57220489916, 0.062145181543],
      [0, 0.082862826523, 0.26354792813, 0.59889658795, 0.054692657398],
      [0, 0.074451380911, 0.27275143439, 0.57479835866, 0.077998826036],
      [0, 0.056265255989, 0.331703427, 0.54387168522, 0.068159631792],
      [0, 0, 0, 0, 0]
    ],
    [
      [0.044117647059, 0.088235294118, 0.20588235294, 0.55882352941, 0.10294117647],
      [0.042735042735, 0.094017094017, 0.20512820513, 0.55555555556, 0.10256410256],
      [0.033383915023, 0.09559939302, 0.20789074355, 0.55993930197, 0.10318664643],
      [0.028409090909, 0.090909090909, 0.21022727273, 0.56818181818, 0.10227272727],
      [0.029126213592, 0.087378640777, 0.20388349515, 0.56310679612, 0.11650485437]
    ],
    [
      [0, 0, 0, 0, 0],
      [0, 0.18864627277, 0.1027976996, 0.64932257347, 0.05923345416],
      [0, 0.15133942842, 0.13914941191, 0.65945528159, 0.050055878076],
      [0, 0.15932104761, 0.12750178559, 0.66780194894, 0.045375217865],
      [0, 0.13669198643, 0.12782016474, 0.61921749308, 0.11627035575]
    ],
    [
      [0.066666666666, 0.044444444444, 0.26666666666, 0.53333333334, 0.088888888888],
      [1.162302298e-12, 0.10638297872, 0.27659574468, 0.53191489361, 0.085106382978],
      [0.015113350126, 0.065491183879, 0.2846347607, 0.54156171285, 0.093198992444],
      [0.013071895425, 0.058823529412, 0.28758169935, 0.54901960784, 0.091503267974],
      [3.0314775802e-13, 0.050000000001, 0.26666666667, 0.55, 0.13333333333]
    ],
    [
      [0.1049695022, 0.10511632884, 0.15804156696, 0.57880053829, 0.053072063708],
      [0.041550428207, 0.12488376111, 0.16713162113, 0.58310085699, 0.083333332571],
      [0.046108660923, 0.064516129025, 0.19807954666, 0.60373805946, 0.087557603933],
      [0.040873259858, 0.061281423517, 0.20413856485, 0.61207409942, 0.081632652352],
      [1.9932405825e-09, 0.00019926676822, 0.14285714418, 0.64325567356, 0.2136879135]
    ],
    [
      [0, 0.11767304804, 0.47420105109, 0.36339988441, 0.044726016463],
      [0, 0.24654869636, 0.43626247207, 0.2716098544, 0.045578977164],
      [0, 0.17060912146, 0.44342523212, 0.31764021913, 0.06832542729],
      [0, 0.14770115064, 0.4605257564, 0.32970167971, 0.062071413247],
      [0, 0.13271814276, 0.45438080657, 0.31733111681, 0.095569933857]
    ],
    [
      [0.11111054849, 4.6088927371e-07, 0.2777785489, 0.55555511698, 0.055555324734],
      [0.071428253261, 0.071429657036, 0.28571211731, 0.50000075314, 0.071429219252],
      [0.027777626437, 0.049999763833, 0.30000029246, 0.55555572516, 0.06666659211],
      [0.015385237146, 0.030769317239, 0.32307599073, 0.56923073832, 0.061538716571],
      [8.8015279469e-08, 8.3718707415e-07, 0.25000152729, 0.56249805198, 0.18749949552]
    ],
    [
      [0, 0, 0, 0, 0],
      [0, 0.13774551189, 0.21135459807, 0.56770725385, 0.083192636189],
      [0, 0.076879339763, 0.23158605213, 0.58881969154, 0.10271491657],
      [0, 0.076145212908, 0.2605079263, 0.56621569381, 0.097131166987],
      [0, 0.088675305623, 0.22587929201, 0.50221776206, 0.18322764031]
    ],
    [
      [0.073640719427, 0.020246014249, 0.44520009975, 0.40406703683, 0.056846129738],
      [0.032406409332, 0.084279923697, 0.38022499832, 0.47359240074, 0.029496267918],
      [0.040879221854, 0.028340172912, 0.42568347025, 0.45983024962, 0.045266885361],
      [0.024235398016, 0.033535243482, 0.4250742555, 0.46269595732, 0.054459145687],
      [0.016088256074, 0.10618792916, 0.32186357543, 0.466335535, 0.089524704336]
    ],
    [
      [0.12500067081, 0.06247154157, 0.31253773732, 0.37496227867, 0.12502777163],
      [0.062434904841, 0.12496218917, 0.312415773, 0.37508370767, 0.12510342532],
      [0.049388041722, 0.08640622102, 0.35804057342, 0.38268646618, 0.12347869766],
      [0.041660203676, 0.062522538483, 0.39584190403, 0.37505411847, 0.12492123534],
      [6.9971820063e-05, 0.07700573526, 0.30761892268, 0.46146636704, 0.15383900321]
    ],
    [
      [0.17629622384, 0.058831670222, 0.17642932773, 0.52958570928, 0.058857068928],
      [0.11094165921, 0.22199118036, 0.22287141759, 0.44410890667, 8.683617181e-05],
      [0.047185714121, 0.066012239151, 0.24525995518, 0.53776926017, 0.10377283138],
      [0.034443321404, 0.034530204816, 0.2413061157, 0.58612193791, 0.10359842016],
      [0.00024670277069, 0.0002042308294, 0.18746412912, 0.5624365628, 0.24964837449]
    ],
    [
      [0.49477375673, 0.00010406073556, 0.0025002323605, 0.50013870111, 0.002483249063],
      [0.071154751294, 0.16696173093, 0.070960391653, 0.59545248254, 0.095470643585],
      [0.048372962699, 0.13410346792, 0.10566756304, 0.60609016843, 0.10576583792],
      [1.9621910029e-05, 0.079374040515, 0.077776431259, 0.76665633232, 0.076173573994],
      [8.5138323443e-05, 0.12553549175, 0.063071403685, 0.56190819324, 0.249399773]
    ],
    [
      [0.11764705928, 0.11764705882, 0.058823530333, 0.64705882169, 0.058823529872],
      [0.033333333072, 0.1333333349, 0.10000000078, 0.63333333125, 0.1],
      [0.037617554859, 0.081504702047, 0.12539184938, 0.65203761807, 0.10344827564],
      [0.030303030303, 0.060606060843, 0.09090909162, 0.69696969555, 0.12121212169],
      [0.035714285714, 0.071428571149, 0.10714285658, 0.64285714202, 0.14285714453]
    ],
    [
      [0.11886923003, 0.16293941973, 0.11701486543, 0.51925482586, 0.08192165895],
      [0.044489048071, 0.27460701377, 0.17486063711, 0.46341644531, 0.042626855745],
      [0.037679546394, 0.18816465593, 0.13770484174, 0.55316953533, 0.083281420608],
      [0.011880121514, 0.1301304286, 0.13915804946, 0.64053241619, 0.078298984224],
      [0.048281775018, 0.13778284342, 0.17025503272, 0.47846960522, 0.16521074362]
    ],
    [
      [0, 0.18310204737, 0.14702175033, 0.52646135479, 0.14341484751],
      [0, 0.23454128764, 0.13650515317, 0.47175304691, 0.15720051229],
      [0, 0.16032332405, 0.15349686447, 0.50806773587, 0.17811207561],
      [0, 0.12686099725, 0.17049366904, 0.49212644526, 0.21051888845],
      [0, 0.15157946115, 0.10271213887, 0.46797488073, 0.27773351925]
    ],
    [
      [0.33329989253, 9.4537733896e-06, 0.16669545516, 0.49997324782, 2.1950720874e-05],
      [0.11537355204, 0.11538906713, 0.19231949914, 0.49999434328, 0.076923538401],
      [0.07595010996, 0.13923623715, 0.2151833255, 0.49367761134, 0.07595271605],
      [0.050006656467, 0.099998450225, 0.20000532257, 0.54999508364, 0.099994487106],
      [0.062518529722, 0.062512237031, 0.18749569534, 0.4999921637, 0.1874813742]
    ],
    [
      [0.23075455543, 0.076932090805, 0.23076786593, 0.46153060374, 1.4884098875e-05],
      [0.031251418324, 0.18749205866, 0.21874100139, 0.50000886307, 0.062506658558],
      [0.045454664372, 0.1136354692, 0.25000032002, 0.52273018567, 0.068179360733],
      [0.030306555744, 0.12121683663, 0.21213207165, 0.57573995427, 0.060604581701],
      [9.7835738195e-07, 0.1052663181, 0.21052206167, 0.52632335281, 0.15788728907]
    ],
    [
      [0.220453814, 0.18482616486, 0.091488481124, 0.49066697255, 0.012564567469],
      [0.060095787347, 0.21342057759, 0.14252301474, 0.5568428912, 0.027117729126],
      [0.05040497888, 0.14687680303, 0.1642601364, 0.58001689092, 0.058441190766],
      [0.0078970309922, 0.15815477021, 0.13257286372, 0.62814411392, 0.073231221157],
      [0.12674137063, 0.2042569618, 0.031207214555, 0.38434889982, 0.2534455532]
    ],
    [
      [0.19999999199, 0.066666686129, 0.13333336911, 0.53333325819, 0.066666694571],
      [0.040816324364, 0.14285712922, 0.18367347387, 0.55102040757, 0.081632664976],
      [0.046783621947, 0.093567253653, 0.2105263116, 0.5614035159, 0.087719296907],
      [0.037037046867, 0.092592592539, 0.18518518334, 0.59259258635, 0.092592590906],
      [0.040000013697, 0.080000000185, 0.16000000242, 0.560000011, 0.1599999727]
    ],
    [
      [0.27270375754, 0.090930576979, 0.18184597846, 0.45449622146, 2.3465558384e-05],
      [0.043489298202, 0.21740513168, 0.21738286726, 0.4782416802, 0.04348102266],
      [0.073527553037, 0.13234571132, 0.23528509952, 0.48531246486, 0.073529171269],
      [0.06896373522, 0.10344795091, 0.20691653484, 0.5172301173, 0.10344166172],
      [0.071441634322, 0.071424762745, 0.21428014374, 0.42857585052, 0.21427760868]
    ],
    [
      [0.10000001628, 0.20000000161, 0.20000003024, 0.44999992998, 0.050000021887],
      [0.037735861289, 0.16981130007, 0.24528300373, 0.47169811084, 0.075471724069],
      [0.039024379077, 0.16097562721, 0.23414633026, 0.4780487855, 0.087804877957],
      [0.03508773592, 0.15789470194, 0.22807022147, 0.49122806097, 0.087719279698],
      [1.6725219935e-08, 0.13636361251, 0.22727272143, 0.45454550103, 0.18181814831]
    ],
    [
      [0.42236322019, 0.0052993935242, 0.14328559932, 0.42709559241, 0.0019561945628],
      [0.035486680596, 0.20508159856, 0.2066807004, 0.45038909882, 0.10236192161],
      [0.059805757177, 0.13471681785, 0.2379636363, 0.46218915542, 0.10532463326],
      [0.046049178787, 0.1356414514, 0.18361975088, 0.54414990652, 0.090539712406],
      [0.038241386817, 0.11559227541, 0.19307932083, 0.46196444733, 0.19112256962]
    ],
    [
      [0.24983627809, 0.24991486106, 0.12505112558, 0.37507497307, 0.00012276220509],
      [0.066743773565, 0.23330059463, 0.16667755404, 0.46659702436, 0.066681053409],
      [0.071412140975, 0.16328015303, 0.21427229734, 0.45922167669, 0.091813731955],
      [0.03848959305, 0.15385787626, 0.15383181202, 0.57686511326, 0.076955605409],
      [0.058816313732, 0.11764138193, 0.17652659542, 0.41172189551, 0.2352938134]
    ],
    [
      [0.33309195577, 0.16666772796, 0.16680624011, 0.33318420291, 0.00024987324807],
      [0.050067275732, 0.19985615848, 0.19989194688, 0.45019999381, 0.099984625096],
      [0.065794540286, 0.13159182471, 0.21049586754, 0.4868617483, 0.10525601916],
      [0.071413103567, 0.07148209912, 0.14305105396, 0.64254071324, 0.071513030119],
      [0.055551902172, 0.11117457761, 0.16671794073, 0.4444351139, 0.22212046558]
    ],
    [
      [0.125, 0.25, 0.21875, 0.375, 0.03125],
      [0.088888888889, 0.26666666667, 0.22222222222, 0.38518518519, 0.037037037037],
      [0.083333333333, 0.25520833333, 0.22916666667, 0.39583333333, 0.036458333333],
      [0.086956521739, 0.24637681159, 0.21739130435, 0.40579710145, 0.04347826087],
      [0.076923076923, 0.25641025641, 0.20512820513, 0.38461538462, 0.076923076923]
    ],
    [
      [0.49283284885, 0.20505350893, 0.061831932906, 0.21826343212, 0.022018277191],
      [0.050214705077, 0.30811273536, 0.17598141557, 0.36188591981, 0.10380522418],
      [0.079561144443, 0.22771389901, 0.19793138332, 0.38077411174, 0.11401946149],
      [0.066874817557, 0.19311786983, 0.13171152232, 0.53724101318, 0.071054777118],
      [0.014437450765, 0.20375297124, 0.12215015198, 0.31703084708, 0.34262857894]
    ],
    [
      [0.071457813352, 0.10917262057, 0.37897949052, 0.24648949625, 0.1939005793],
      [0.034035847072, 0.12882708095, 0.37884928809, 0.30168431457, 0.15660346932],
      [0.03222523972, 0.11816153334, 0.37965727042, 0.27942589401, 0.19053006251],
      [0.033433456947, 0.10785195637, 0.41020083127, 0.26306017576, 0.18545357966],
      [0.025359977174, 0.13275326108, 0.2990903978, 0.21614142749, 0.32665493645]
    ],
    [
      [0.13043478275, 0.086956521551, 0.17391304341, 0.56521739094, 0.043478261353],
      [3.0717836611e-10, 0.15384615371, 0.23076923045, 0.53846153772, 0.076923077808],
      [0.046153846089, 0.082051282012, 0.19487179492, 0.59487179505, 0.082051281931],
      [0.025000000055, 0.075000000284, 0.17499999979, 0.64999999981, 0.075000000068],
      [0.034482758733, 0.068965517326, 0.17241379327, 0.58620689626, 0.13793103441]
    ],
    [
      [0.18749999937, 0.0625, 0.18750000251, 0.49999999749, 0.062500000629],
      [0.029411766183, 0.11764705823, 0.23529411942, 0.52941176264, 0.088235293527],
      [0.038062283528, 0.079584775156, 0.23183390969, 0.55709342609, 0.093425605536],
      [0.029411764707, 0.073529411912, 0.22058823618, 0.58823529294, 0.088235294265],
      [0.022727273184, 0.068181817954, 0.2272727259, 0.54545454659, 0.13636363636]
    ],
    [
      [0.095247893747, 0.047632139168, 0.23808232632, 0.47618984979, 0.14284779098],
      [0.071423044869, 0.10714998555, 0.21429257049, 0.4642809414, 0.14285345769],
      [0.034090171941, 0.1022675538, 0.24999776139, 0.47727227389, 0.13637223898],
      [0.035711437247, 0.071425015962, 0.25001199719, 0.50000904063, 0.14284250897],
      [4.9263822363e-06, 0.052635805296, 0.21052317106, 0.52631229237, 0.21052380489]
    ],
    [
      [0.047424258849, 0.1512167042, 0.34113276073, 0.44229858686, 0.017927689359],
      [0.041086436657, 0.18190002025, 0.19560220795, 0.54376209533, 0.037649239821],
      [0.026068626192, 0.12148246681, 0.21833835481, 0.59573784307, 0.038372709119],
      [0.023458161489, 0.1157000692, 0.24337432915, 0.56547580019, 0.05199163997],
      [0.050607891174, 0.15884090538, 0.20606266031, 0.50627848081, 0.078210062324]
    ],
    [
      [0.088888888802, 0.066666669919, 0.28888888289, 0.46666667619, 0.088888882199],
      [0.041666679291, 0.10416666967, 0.29166665747, 0.47916666018, 0.083333333381],
      [0.048458146474, 0.079295152278, 0.29955946662, 0.47577093569, 0.096916298934],
      [0.05154639018, 0.072164949918, 0.28865981231, 0.49484534708, 0.09278350052],
      [0.040000012039, 0.040000000006, 0.27999999976, 0.47999995259, 0.16000003561]
    ],
    [
      [0.068181807798, 0.068181817696, 0.40909091943, 0.36363639563, 0.090909059442],
      [0.069767430722, 0.11627903826, 0.39534879197, 0.34883723206, 0.06976750698],
      [0.051282063574, 0.083333351218, 0.41666663118, 0.35897437929, 0.089743574734],
      [0.050847449282, 0.076271178228, 0.41525427345, 0.37288132864, 0.084745770397],
      [0.041666666798, 0.041666648131, 0.37500011497, 0.37499990265, 0.16666666746]
    ],
    [
      [0.067796610169, 0.10169491525, 0.22033898305, 0.54237288136, 0.067796610169],
      [0.030769230769, 0.12307692308, 0.21538461538, 0.55384615385, 0.076923076923],
      [0.036217303823, 0.10663983903, 0.22334004024, 0.55331991952, 0.080482897384],
      [0.030303030303, 0.098484848485, 0.2196969697, 0.56818181818, 0.083333333333],
      [0.02380952381, 0.095238095238, 0.21428571429, 0.54761904762, 0.11904761905]
    ],
    [
      [0.13636363634, 0.045454545489, 0.27272727274, 0.45454545443, 0.090909090995],
      [0.086956521723, 0.13043478272, 0.26086956522, 0.43478260863, 0.086956521714],
      [0.071428571429, 0.07142857142, 0.28095238093, 0.45714285718, 0.11904761905],
      [0.06741573032, 0.067415730312, 0.26966292141, 0.48314606739, 0.11235955057],
      [0.060000000046, 0.060000000015, 0.25999999999, 0.43999999999, 0.17999999995]
    ],
    [
      [0, 0, 0.38036348433, 0.3781607213, 0.24147579437],
      [0, 0, 0, 0, 0],
      [0, 0, 0.36289322013, 0.39948297619, 0.23762380368],
      [0, 0, 0.41669615257, 0.35249791154, 0.23080593588],
      [0, 0, 0.33467132999, 0.31891155085, 0.34641711916]
    ],
    [
      [0.19183808626, 0.1037941236, 0.24035381698, 0.34856071529, 0.11545325787],
      [0.0021225411073, 0.2238929755, 0.26544276184, 0.37255251998, 0.13598920157],
      [0.0032664750801, 0.076618765082, 0.31642972134, 0.40218660131, 0.20149843719],
      [0.0046473240765, 0.060098640089, 0.28675931027, 0.43627875506, 0.21221597051],
      [0.0023425587923, 0.062676831042, 0.2719120619, 0.33011398662, 0.33295456165]
    ],
    [
      [0.14285714037, 0.14285714286, 0.1428571441, 0.47619047495, 0.095238097726],
      [0.051948051609, 0.15584415686, 0.19480519514, 0.49350649317, 0.10389610322],
      [0.055555555332, 0.14529914541, 0.18376068287, 0.50427350494, 0.11111111145],
      [0.046153846154, 0.13846153565, 0.16923077044, 0.53846154168, 0.10769230608],
      [0.047619050729, 0.14285714472, 0.16666666853, 0.49999999254, 0.14285714348]
    ],
    [
      [0.14285714075, 0.1071428591, 0.10714285622, 0.57142857146, 0.071428572462],
      [0.039473683028, 0.15789473848, 0.11842104956, 0.57894737, 0.10526315893],
      [0.039682539691, 0.1428571425, 0.13492063502, 0.57936507969, 0.10317460311],
      [0.022727276061, 0.13636363505, 0.13636364042, 0.61363635955, 0.090909088913],
      [0.027027027027, 0.1351351343, 0.10810810964, 0.56756756698, 0.16216216205]
    ],
    [
      [0.27272658317, 0.09090980359, 0.090909109731, 0.54545301925, 1.4842594853e-06],
      [0.083333799968, 0.12500008556, 0.12499998053, 0.61111045732, 0.055555676631],
      [0.085714271119, 0.092856865766, 0.150000265, 0.61428586728, 0.057142730833],
      [0.074999397696, 0.075000786357, 0.14999945684, 0.65000054387, 0.049999815234],
      [0.076923081654, 0.076922820728, 0.11538407004, 0.61538541105, 0.11538461653]
    ],
    [
      [0.1486427901, 0.11553771398, 0.14117660788, 0.44768830123, 0.14695458682],
      [0.0076351116827, 0.15870919911, 0.1997813945, 0.52836492797, 0.10550936674],
      [0.010574775123, 0.065440726121, 0.1684493548, 0.59001187315, 0.1655232708],
      [0.0078238419361, 0.041766021683, 0.19715117895, 0.63501014543, 0.118248812],
      [0.022570289913, 0.040108197836, 0.13474026211, 0.48301748887, 0.31956376127]
    ],
    [
      [0, 0, 0, 0, 0],
      [0, 0, 0, 0, 0],
      [0, 0, 0.26541283049, 0.39190592005, 0.34268124946],
      [0, 0, 0.25690593481, 0.38632077451, 0.35677329068],
      [0, 0, 0.21226840421, 0.32986738539, 0.4578642104]
    ],
    [
      [0.11111110969, 0.11111110798, 0.11111111296, 0.55555556137, 0.11111110799],
      [0.02127659697, 0.12765957643, 0.1489361714, 0.59574467706, 0.10638297813],
      [0.027131783029, 0.093023255451, 0.1627906961, 0.59689922709, 0.12015503833],
      [0.023809523145, 0.095238098008, 0.14285714621, 0.61904761298, 0.11904761966],
      [0.020408162744, 0.081632651862, 0.14285714643, 0.59183672937, 0.1632653096]
    ],
    [
      [0.064933766292, 0.14447406656, 0.10284570643, 0.68751455844, 0.00023190228058],
      [0.032489872209, 0.22701673901, 0.0640322024, 0.63826457101, 0.038196615367],
      [0.069964580525, 0.14759116317, 0.16912705611, 0.55382541387, 0.05949178633],
      [0.00071627906165, 0.12397956618, 0.048352400204, 0.82592566897, 0.0010260855846],
      [0.036753308313, 0.18932299834, 0.043117778594, 0.69161722918, 0.039188685574]
    ],
    [
      [0.28338579288, 0.14282648688, 8.1386986702e-05, 0.57348313194, 0.0002232013211],
      [0.017818543154, 0.17475439992, 0.10499859981, 0.59690518389, 0.10552327322],
      [0.021269793599, 0.14189853369, 0.12056464316, 0.59580650884, 0.12046052071],
      [5.0109758932e-05, 0.11629244938, 0.11626588429, 0.65261895845, 0.11477259812],
      [9.636737887e-06, 0.12928764072, 0.096515562105, 0.5801681267, 0.19401903373]
    ],
    [
      [0.13636362635, 0.045454547333, 0.18181818305, 0.59090907845, 0.045454564814],
      [0.054054057079, 0.1351351187, 0.16216219121, 0.56756753752, 0.081081095498],
      [0.042168665828, 0.084337344935, 0.19879516275, 0.5903614765, 0.084337349983],
      [0.026315808924, 0.078947370876, 0.18421054835, 0.63157889192, 0.078947379935],
      [4.2094275031e-08, 0.050000060706, 0.15000005219, 0.5999999197, 0.1999999253]
    ],
    [
      [0.1983132881, 0.099999995889, 0.10000000877, 0.49999998879, 0.10168671845],
      [0.02748289807, 0.16193423136, 0.16193422383, 0.54076847042, 0.10788017632],
      [0.048892071612, 0.11888111748, 0.18187715718, 0.53852051735, 0.11182913637],
      [0.037661747165, 0.1111111084, 0.14877286127, 0.59103082106, 0.11142346211],
      [0.035413088445, 0.10744406265, 0.14225474641, 0.53661787702, 0.17827022548]
    ],
    [
      [0.11111039904, 0.0740737304, 0.25925858938, 0.48148316512, 0.07407411607],
      [0.017241379421, 0.12068916391, 0.29310262149, 0.48276010276, 0.086206732419],
      [0.025532036142, 0.089361541412, 0.29361697432, 0.49361719895, 0.097872249177],
      [0.020201830548, 0.080808843594, 0.29293007191, 0.51514996692, 0.09090928703],
      [3.5192907902e-07, 0.074074074991, 0.25925925764, 0.48148074458, 0.18518557086]
    ],
    [
      [0.14999839126, 0.099998391857, 0.35000241416, 0.3500008024, 0.050000000328],
      [0.032258064799, 0.16128928463, 0.35483974662, 0.35483923013, 0.096773673818],
      [0.051851851315, 0.096297249621, 0.37036894123, 0.38518530388, 0.096296653949],
      [0.045454728588, 0.090908725019, 0.35227473676, 0.40908999598, 0.10227181366],
      [0.047619815373, 0.095236563761, 0.33333027002, 0.3809539118, 0.14285943905]
    ],
    [
      [0.12499994712, 0.12500009015, 0.124999999, 0.56249989844, 0.062500065282],
      [0.03846156636, 0.19230762946, 0.11538457182, 0.57692314829, 0.076923084073],
      [0.024875625728, 0.14427860694, 0.15422884777, 0.58208957773, 0.094527341833],
