{
  "X": [
    [0, 7, 5, 2],
    [3, 17, 31, 5],
    [0, 29, 32, 2],
    [7, 76, 57, 8],
    [20, 225, 185, 27],
    [8, 94, 111, 7],
    [0, 6, 4, 1],
    [0, 6, 5, 2],
    [0, 23, 16, 5],
    [0, 7, 7, 2],
    [8, 114, 88, 11],
    [9, 197, 148, 26],
    [0, 2, 4, 0],
    [5, 36, 24, 6],
    [0, 3, 4, 1],
    [6, 39, 43, 12],
    [0, 4, 4, 0],
    [1, 3, 3, 1],
    [3, 33, 88, 6],
    [0, 6, 12, 0],
    [1, 12, 4, 2],
    [5, 64, 58, 10],
    [0, 9, 9, 0],
    [1, 32, 17, 4],
    [3, 45, 30, 11],
    [0, 12, 8, 4],
    [2, 97, 45, 8],
    [1, 9, 3, 1],
    [24, 379, 300, 44],
    [14, 159, 157, 24],
    [1, 24, 13, 4],
    [2, 22, 75, 5],
    [15, 177, 209, 31],
    [4, 112, 95, 19],
    [1, 20, 80, 5],
    [0, 38, 61, 7],
    [17, 164, 153, 19],
    [14, 255, 185, 22],
    [5, 90, 121, 10],
    [55, 339, 249, 34],
    [0, 11, 19, 0],
    [0, 1, 4, 2],
    [11, 103, 101, 12],
    [0, 7, 4, 0],
    [0, 7, 10, 2],
    [11, 288, 337, 39],
    [3, 29, 31, 2],
    [15, 202, 224, 42],
    [1, 7, 14, 1],
    [1, 10, 11, 2],
    [106, 764, 928, 122],
    [30, 299, 349, 53],
    [5, 39, 25, 3],
    [1, 17, 11, 1],
    [25, 261, 254, 37],
    [7, 13, 45, 3],
    [8, 129, 74, 11],
    [11, 216, 195, 26],
    [1, 14, 18, 4],
    [2, 22, 16, 1],
    [6, 147, 91, 16],
    [9, 83, 70, 10],
    [0, 3, 9, 0],
    [0, 4, 5, 1],
    [5, 22, 37, 4],
    [3, 45, 47, 13],
    [7, 95, 82, 15],
    [3, 25, 10, 3],
    [1, 14, 7, 2],
    [2, 73, 33, 8],
    [1, 7, 4, 0],
    [8, 43, 46, 8],
    [3, 32, 19, 10],
    [0, 7, 6, 3],
    [19, 145, 157, 19],
    [0, 25, 21, 3],
    [2, 4, 3, 1],
    [1, 6, 4, 2],
    [0, 23, 20, 8],
    [0, 8, 5, 0],
    [0, 5, 4, 1],
    [0, 4, 3, 1],
    [6, 44, 52, 8],
    [7, 46, 57, 11],
    [1, 3, 3, 1],
    [4, 44, 21, 10],
    [0, 3, 2, 1],
    [3, 14, 18, 8],
    [8, 53, 47, 16],
    [0, 5, 5, 0],
    [1, 10, 17, 1],
    [0, 3, 3, 1],
    [2, 11, 25, 0],
    [0, 17, 13, 1],
    [3, 18, 22, 0],
    [0, 11, 14, 2],
    [4, 19, 32, 1],
    [0, 12, 15, 2],
    [0, 3, 2, 1],
    [0, 4, 7, 3],
    [0, 5, 6, 1],
    [0, 10, 9, 1],
    [4, 12, 13, 3],
    [5, 14, 13, 1],
    [0, 7, 4, 0],
    [0, 4, 3, 3],
    [0, 7, 9, 3],
    [3, 8, 13, 5],
    [0, 0, 2, 4],
    [0, 4, 2, 0],
    [0, 5, 8, 3],
    [1, 12, 17, 0],
    [0, 7, 7, 4],
    [0, 28, 38, 6],
    [0, 3, 2, 3],
    [1, 8, 5, 0],
    [0, 16, 7, 4],
    [5, 9, 35, 2],
    [0, 3, 4, 1],
    [0, 4, 2, 0],
    [1, 11, 44, 1],
    [2, 10, 17, 2],
    [2, 33, 22, 1],
    [0, 5, 5, 2],
    [0, 7, 7, 1],
    [5, 66, 72, 16],
    [2, 37, 24, 4],
    [8, 13, 15, 3],
    [0, 15, 30, 3],
    [4, 15, 20, 1],
    [2, 32, 23, 7],
    [2, 19, 12, 5],
    [6, 37, 40, 5],
    [2, 18, 6, 0],
    [1, 13, 33, 1],
    [0, 7, 7, 0],
    [1, 13, 31, 5],
    [1, 28, 28, 6],
    [2, 42, 60, 9],
    [1, 5, 6, 5],
    [0, 3, 4, 1],
    [0, 7, 4, 1],
    [2, 10, 14, 5],
    [0, 1, 5, 1],
    [0, 3, 10, 1],
    [0, 11, 7, 2],
    [0, 13, 27, 3],
    [2, 24, 31, 4],
    [1, 7, 36, 5],
    [4, 17, 70, 3],
    [4, 23, 30, 9],
    [0, 14, 36, 2],
    [2, 63, 100, 6],
    [1, 11, 14, 2],
    [2, 0, 6, 1],
    [1, 29, 23, 8],
    [0, 17, 12, 2],
    [8, 19, 28, 2],
    [1, 14, 15, 2],
    [6, 62, 40, 7],
    [3, 11, 18, 1],
    [1, 9, 6, 1],
    [1, 11, 17, 6],
    [5, 31, 17, 2],
    [11, 73, 62, 16],
    [0, 16, 5, 1],
    [0, 4, 3, 1],
    [3, 21, 5, 4],
    [6, 30, 39, 8],
    [4, 24, 24, 3],
    [1, 8, 8, 0],
    [1, 3, 9, 0],
    [2, 23, 31, 6],
    [0, 4, 9, 0],
    [2, 37, 19, 10],
    [3, 28, 37, 10],
    [7, 39, 95, 9],
    [0, 4, 5, 3],
    [0, 13, 12, 3],
    [0, 5, 4, 0],
    [3, 21, 45, 5],
    [1, 13, 7, 1],
    [2, 30, 34, 6],
    [3, 15, 21, 2],
    [0, 1, 3, 2],
    [3, 18, 12, 3],
    [7, 40, 72, 7],
    [1, 7, 30, 3],
    [1, 8, 30, 4],
    [2, 8, 17, 2],
    [1, 13, 27, 2],
    [6, 41, 38, 6],
    [2, 35, 33, 0],
    [4, 27, 35, 3],
    [2, 58, 35, 3],
    [0, 4, 5, 2],
    [2, 13, 12, 3],
    [1, 2, 5, 2],
    [1, 22, 38, 4],
    [11, 60, 67, 9],
    [3, 14, 23, 2],
    [0, 15, 11, 4],
    [5, 18, 33, 4],
    [3, 12, 12, 1],
    [4, 50, 76, 13],
    [3, 19, 24, 6],
    [0, 3, 8, 0],
    [0, 11, 6, 0],
    [7, 44, 60, 7],
    [0, 3, 4, 0],
    [1, 27, 34, 4],
    [2, 14, 26, 2],
    [2, 34, 31, 9],
    [1, 13, 22, 2],
    [0, 2, 3, 4],
    [1, 3, 1, 1],
    [2, 6, 2, 0],
    [3, 21, 19, 4],
    [0, 10, 15, 6],
    [0, 5, 4, 2],
    [0, 13, 11, 6],
    [1, 11, 23, 2],
    [1, 25, 17, 3],
    [0, 20, 12, 2],
    [0, 9, 8, 1],
    [0, 5, 1, 1],
    [0, 21, 29, 3],
    [2, 39, 50, 9],
    [3, 8, 9, 2],
    [1, 15, 20, 3],
    [1, 7, 8, 1],
    [1, 1, 8, 1],
    [0, 1, 5, 0],
    [1, 4, 9, 2],
    [1, 22, 27, 2],
    [2, 17, 18, 5],
    [2, 13, 16, 6],
    [3, 10, 12, 3],
    [0, 13, 11, 3],
    [1, 8, 8, 1],
    [2, 32, 36, 6],
    [0, 7, 6, 2],
    [0, 1, 8, 0],
    [0, 2, 3, 2],
    [0, 6, 5, 0],
    [0, 12, 3, 3],
    [1, 11, 7, 2],
    [1, 10, 11, 1],
    [1, 6, 9, 6],
    [0, 8, 5, 2],
    [0, 5, 2, 1],
    [0, 9, 4, 0],
    [0, 5, 2, 0],
    [0, 5, 9, 4],
    [0, 10, 14, 0],
    [0, 8, 6, 0],
    [0, 7, 1, 1],
    [0, 5, 4, 2],
    [47, 200, 186, 47],
    [191, 1458, 1590, 317],
    [87, 794, 1077, 197],
    [4, 31, 30, 5]
  ],
  "W": [
    [0, 9, 1, 0, 4],
    [3, 37, 7, 2, 7],
    [6, 38, 12, 3, 4],
    [11, 96, 13, 7, 21],
    [35, 282, 59, 19, 62],
    [21, 135, 41, 4, 19],
    [1, 7, 2, 0, 1],
    [1, 8, 1, 1, 2],
    [2, 31, 2, 0, 9],
    [2, 9, 1, 0, 4],
    [14, 144, 30, 12, 21],
    [15, 245, 56, 12, 52],
    [0, 5, 1, 0, 0],
    [6, 41, 9, 3, 12],
    [0, 3, 3, 0, 2],
    [12, 52, 19, 4, 13],
    [1, 7, 0, 0, 0],
    [0, 3, 0, 2, 3],
    [7, 59, 42, 9, 13],
    [1, 10, 5, 2, 0],
    [2, 13, 0, 1, 3],
    [6, 85, 27, 5, 14],
    [0, 10, 2, 2, 4],
    [0, 36, 3, 5, 10],
    [5, 59, 11, 0, 14],
    [1, 14, 3, 2, 4],
    [5, 114, 16, 2, 15],
    [0, 12, 2, 0, 0],
    [15, 531, 110, 22, 69],
    [8, 231, 68, 11, 36],
    [3, 31, 2, 2, 4],
    [3, 49, 42, 2, 8],
    [16, 271, 78, 24, 43],
    [7, 153, 33, 12, 25],
    [5, 52, 41, 2, 6],
    [11, 59, 21, 4, 11],
    [18, 235, 63, 7, 30],
    [41, 321, 59, 20, 35],
    [26, 135, 38, 1, 26],
    [33, 441, 86, 18, 99],
    [3, 16, 9, 1, 1],
    [1, 4, 0, 0, 2],
    [7, 146, 40, 7, 27],
    [0, 7, 3, 0, 1],
    [0, 12, 4, 0, 3],
    [42, 415, 127, 30, 61],
    [3, 43, 11, 3, 5],
    [17, 283, 100, 25, 58],
    [0, 13, 6, 0, 4],
    [0, 14, 7, 0, 3],
    [124, 1133, 396, 67, 200],
    [52, 414, 161, 27, 77],
    [4, 52, 10, 1, 5],
    [4, 16, 4, 1, 5],
    [26, 368, 112, 11, 60],
    [4, 38, 16, 0, 10],
    [19, 128, 34, 8, 33],
    [24, 290, 84, 7, 43],
    [1, 18, 14, 0, 4],
    [2, 29, 5, 0, 5],
    [10, 173, 37, 9, 31],
    [12, 108, 26, 4, 22],
    [3, 6, 2, 0, 1],
    [0, 3, 5, 0, 2],
    [5, 30, 20, 1, 12],
    [13, 50, 17, 9, 19],
    [16, 108, 30, 12, 33],
    [2, 28, 3, 1, 7],
    [0, 17, 4, 0, 3],
    [3, 79, 15, 6, 13],
    [1, 5, 1, 0, 5],
    [7, 62, 17, 3, 16],
    [3, 40, 6, 4, 11],
    [1, 8, 4, 0, 3],
    [24, 217, 52, 3, 44],
    [6, 32, 5, 2, 4],
    [1, 7, 0, 2, 0],
    [1, 6, 0, 0, 6],
    [7, 30, 4, 0, 10],
    [2, 11, 0, 0, 0],
    [0, 6, 1, 1, 2],
    [1, 4, 1, 0, 2],
    [13, 57, 17, 5, 18],
    [12, 58, 19, 5, 27],
    [0, 6, 0, 0, 2],
    [6, 46, 9, 2, 16],
    [1, 5, 0, 0, 0],
    [4, 13, 9, 2, 15],
    [14, 75, 15, 6, 14],
    [1, 8, 1, 0, 0],
    [1, 15, 9, 3, 1],
    [0, 3, 0, 1, 3],
    [0, 20, 14, 3, 1],
    [7, 18, 3, 1, 2],
    [2, 25, 7, 2, 7],
    [2, 15, 2, 4, 4],
    [2, 32, 9, 4, 9],
    [3, 16, 5, 3, 2],
    [3, 2, 0, 0, 1],
    [2, 6, 0, 2, 4],
    [1, 9, 0, 1, 1],
    [1, 13, 3, 2, 1],
    [2, 16, 5, 4, 5],
    [1, 19, 3, 2, 8],
    [3, 4, 1, 0, 3],
    [1, 3, 1, 1, 4],
    [1, 12, 0, 2, 4],
    [2, 10, 4, 2, 11],
    [0, 0, 2, 1, 3],
    [1, 4, 1, 0, 0],
    [0, 6, 5, 1, 4],
    [1, 19, 8, 0, 2],
    [3, 10, 0, 1, 4],
    [6, 41, 9, 4, 12],
    [2, 2, 0, 0, 4],
    [0, 7, 2, 3, 2],
    [2, 15, 2, 2, 6],
    [1, 21, 21, 5, 3],
    [0, 5, 1, 0, 2],
    [0, 3, 2, 0, 1],
    [6, 25, 21, 5, 0],
    [1, 21, 3, 0, 6],
    [2, 45, 3, 2, 6],
    [0, 10, 0, 0, 2],
    [0, 11, 2, 0, 2],
    [6, 105, 16, 8, 24],
    [4, 49, 4, 5, 5],
    [0, 22, 4, 2, 11],
    [1, 22, 16, 4, 5],
    [0, 22, 9, 4, 5],
    [5, 34, 9, 6, 10],
    [0, 28, 6, 0, 4],
    [4, 66, 11, 2, 5],
    [4, 15, 1, 2, 4],
    [1, 30, 12, 3, 2],
    [0, 9, 4, 0, 1],
    [1, 33, 11, 1, 4],
    [4, 37, 8, 3, 11],
    [5, 62, 21, 9, 16],
    [0, 13, 0, 0, 4],
    [0, 6, 1, 1, 0],
    [1, 7, 2, 1, 1],
    [0, 18, 2, 2, 9],
    [1, 3, 1, 1, 1],
    [0, 5, 7, 0, 2],
    [0, 14, 2, 0, 4],
    [6, 17, 12, 4, 4],
    [2, 43, 10, 0, 6],
    [3, 28, 9, 2, 7],
    [7, 50, 26, 4, 7],
    [6, 40, 5, 1, 14],
    [2, 32, 10, 7, 1],
    [4, 113, 35, 9, 10],
    [2, 17, 7, 0, 2],
    [0, 4, 4, 0, 1],
    [1, 46, 6, 0, 8],
    [0, 24, 4, 2, 1],
    [1, 30, 12, 6, 8],
    [1, 18, 1, 2, 10],
    [3, 76, 14, 6, 16],
    [1, 18, 5, 1, 8],
    [1, 13, 1, 0, 2],
    [2, 22, 4, 1, 6],
    [3, 40, 2, 1, 9],
    [10, 98, 18, 7, 29],
    [1, 19, 1, 0, 1],
    [1, 6, 0, 0, 1],
    [2, 20, 4, 2, 5],
    [1, 53, 14, 3, 12],
    [2, 30, 13, 2, 8],
    [1, 9, 3, 0, 4],
    [1, 7, 3, 0, 2],
    [10, 31, 9, 3, 9],
    [2, 6, 0, 1, 4],
    [1, 48, 5, 3, 11],
    [4, 38, 10, 8, 18],
    [6, 72, 53, 5, 14],
    [1, 2, 2, 0, 7],
    [2, 16, 7, 1, 2],
    [1, 3, 2, 1, 2],
    [4, 38, 20, 4, 8],
    [1, 15, 2, 0, 4],
    [0, 51, 11, 3, 7],
    [2, 20, 8, 3, 8],
    [0, 2, 1, 0, 3],
    [3, 21, 5, 0, 7],
    [10, 65, 24, 9, 18],
    [0, 23, 14, 2, 2],
    [2, 15, 13, 9, 4],
    [0, 17, 7, 2, 3],
    [1, 27, 11, 1, 3],
    [2, 67, 8, 3, 11],
    [5, 41, 13, 6, 5],
    [3, 40, 9, 4, 13],
    [1, 74, 0, 1, 22],
    [0, 6, 2, 0, 3],
    [0, 19, 3, 2, 6],
    [0, 6, 2, 1, 1],
    [5, 46, 12, 0, 2],
    [5, 91, 23, 6, 22],
    [0, 27, 9, 1, 5],
    [2, 16, 5, 4, 3],
    [2, 34, 9, 7, 8],
    [0, 15, 5, 1, 7],
    [7, 85, 26, 7, 18],
    [2, 26, 10, 3, 11],
    [0, 6, 4, 0, 1],
    [0, 11, 3, 1, 2],
    [9, 66, 24, 3, 16],
    [0, 3, 3, 1, 0],
    [3, 42, 11, 2, 8],
    [0, 26, 13, 1, 4],
    [5, 49, 11, 4, 7],
    [0, 23, 7, 5, 3],
    [0, 0, 2, 3, 4],
    [1, 2, 1, 0, 2],
    [0, 5, 1, 1, 3],
    [4, 27, 7, 1, 8],
    [2, 14, 4, 1, 10],
    [0, 9, 1, 0, 1],
    [1, 17, 4, 1, 7],
    [2, 18, 5, 2, 10],
    [2, 27, 11, 1, 5],
    [1, 23, 4, 0, 6],
    [1, 9, 1, 2, 5],
    [1, 6, 0, 0, 0],
    [6, 35, 8, 0, 4],
    [9, 61, 13, 3, 14],
    [0, 9, 6, 2, 5],
    [2, 25, 7, 3, 2],
    [2, 7, 3, 1, 4],
    [2, 4, 2, 1, 2],
    [2, 3, 0, 1, 0],
    [1, 5, 5, 1, 4],
    [3, 31, 9, 3, 6],
    [0, 23, 8, 2, 9],
    [3, 18, 8, 4, 4],
    [0, 19, 4, 1, 4],
    [3, 15, 2, 2, 5],
    [2, 8, 2, 0, 6],
    [3, 52, 12, 1, 8],
    [1, 7, 2, 0, 5],
    [0, 7, 2, 0, 0],
    [1, 4, 0, 0, 2],
    [1, 8, 1, 0, 1],
    [1, 12, 0, 0, 5],
    [1, 13, 3, 2, 2],
    [1, 16, 3, 0, 3],
    [0, 6, 7, 5, 4],
    [2, 8, 1, 1, 3],
    [1, 5, 0, 1, 1],
    [3, 6, 2, 1, 1],
    [1, 4, 1, 0, 1],
    [1, 8, 5, 0, 4],
    [4, 14, 4, 0, 2],
    [0, 11, 1, 1, 1],
    [1, 6, 0, 0, 2],
    [0, 7, 1, 1, 2],
    [41, 255, 72, 8, 104],
    [237, 2011, 701, 78, 529],
    [125, 1205, 419, 64, 342],
    [5, 41, 3, 2, 19]
  ],
  "method": "mult",
  "cond_prob": [
    [
      [5.2041704279e-17, 0.44751978611, 0.53157830909, 0.020901904801],
      [1.3481509611e-33, 0.63288976713, 0.36711023287, 0],
      [0, 0.019389818901, 0.97487627843, 0.0057339026733],
      [0, 0.18176322051, 0.70464312748, 0.11359365201],
      [3.4211388289e-49, 0.32115056922, 0.18028290644, 0.49856652433]
    ],
    [
      [0.002899354963, 0.28923880625, 0.68184158589, 0.026020252893],
      [0.035676315446, 0.40055710552, 0.52373623455, 0.040030344478],
      [0.025344188614, 0.010989529032, 0.95769480684, 0.005971475517],
      [0.0080564679239, 0.10594781465, 0.76607153991, 0.11992417752],
      [0.21110800107, 0.14612119207, 0.19146111945, 0.45130968742]
    ],
    [
      [0, 0.45538990546, 0.53140978383, 0.013200310706],
      [1.0682244563e-17, 0.62877395096, 0.36813506649, 0.0030909825454],
      [0, 0.022676079796, 0.97336172394, 0.0039621962613],
      [0, 0.20247143833, 0.72320622789, 0.074322333789],
      [8.2121296447e-48, 0.37368078951, 0.24311234985, 0.38320686063]
    ],
    [
      [0.0024959771337, 0.48536797476, 0.49767621196, 0.014459836149],
      [0.020506154873, 0.64872907896, 0.32032355951, 0.010441206667],
      [0.029489554342, 0.025352284523, 0.94063232364, 0.0045258374985],
      [0.0085678626754, 0.22133535757, 0.68889774183, 0.081199037925],
      [0.21717210184, 0.30971588077, 0.17733312171, 0.29577889569]
    ],
    [
      [0.002368750117, 0.48676165883, 0.49423502558, 0.016634565479],
      [0.020718783045, 0.65031805422, 0.31418386247, 0.01477930026],
      [0.028248053869, 0.025831010642, 0.94064827808, 0.0052726574036],
      [0.0080745398841, 0.22108503248, 0.67850589282, 0.092334534823],
      [0.19765073373, 0.30401621623, 0.17277523414, 0.32555781591]
    ],
    [
      [0.0023536032674, 0.42639853851, 0.55903970873, 0.012208149496],
      [0.020041625313, 0.57691003919, 0.39403750523, 0.0090108302683],
      [0.025093276802, 0.02014569028, 0.95131065973, 0.0034503731874],
      [0.0077356585054, 0.1863978, 0.7402314628, 0.065635078696],
      [0.22027304901, 0.29427425788, 0.21581263212, 0.26964006099]
    ],
    [
      [1.6268750613e-16, 0.54164271927, 0.42496588011, 0.033391400629],
      [0, 0.75026985948, 0.22725915169, 0.022470988831],
      [4.1633363423e-17, 0.028460594527, 0.96037632181, 0.011163083662],
      [1.3877787808e-16, 0.22079043032, 0.57188731638, 0.2073222533],
      [0, 0.14954707535, 0.063467414426, 0.78698551023]
    ],
    [
      [0, 0.45090379393, 0.51287546187, 0.036220744197],
      [4.3368086899e-19, 0.62380176595, 0.33198544502, 0.044212789029],
      [0, 0.020253164081, 0.9694399244, 0.010306911522],
      [1.1102230246e-16, 0.1716695271, 0.6369175669, 0.191412906],
      [0, 0.18337969365, 0.11244174333, 0.70417856302]
    ],
    [
      [4.5970172113e-17, 0.44746083977, 0.52941455408, 0.023124606148],
      [0, 0.62666888663, 0.36382134088, 0.0095097724978],
      [0, 0.021912345254, 0.9712245217, 0.0068631330461],
      [4.1633363423e-17, 0.18868093691, 0.68861901828, 0.1227000448],
      [1.9134494076e-48, 0.29272423828, 0.19114003125, 0.51613573046]
    ],
    [
      [1.5166698312e-33, 0.38705179398, 0.59266933906, 0.020278866957],
      [9.6296497219e-35, 0.56549241929, 0.43450758071, 0],
      [0, 0.015563792258, 0.97931660036, 0.0051196073768],
      [0, 0.15082046416, 0.74414269417, 0.10503684167],
      [0, 0.28022521155, 0.23119412377, 0.48858066468]
    ],
    [
      [0.0023004806579, 0.50556807916, 0.47498468059, 0.017146759602],
      [0.020847525331, 0.67209589773, 0.29051019564, 0.016546381294],
      [0.02845967495, 0.027724558437, 0.93819097445, 0.0056247921613],
      [0.0079615231504, 0.23274293755, 0.66231397779, 0.096981561512],
      [0.19125814746, 0.31026598166, 0.16301187295, 0.33546399792]
    ],
    [
      [0.0012352061365, 0.50914484558, 0.47038631113, 0.019233637154],
      [0.010125539467, 0.68482005195, 0.29004877999, 0.015005628595],
      [0.015615959915, 0.028625377799, 0.94929751786, 0.0064611444256],
      [0.0042614761879, 0.23397816655, 0.65365196351, 0.10810839375],
      [0.10721313979, 0.33021452758, 0.17072633986, 0.39184599277]
    ],
    [
      [0, 0.26332121778, 0.73667878222, 0],
      [0, 0.39861730116, 0.60138269884, 0],
      [0, 0.0069134942205, 0.99308650578, 0],
      [0, 0.090974399027, 0.90902560097, 0],
      [0, 0.40906396113, 0.59093603887, -0]
    ],
    [
      [0.0035249659511, 0.53721033587, 0.43801755937, 0.021247138813],
      [0.03728540475, 0.69514815058, 0.2388761478, 0.028690296865],
      [0.045918238909, 0.030600744151, 0.91618152053, 0.0072994964105],
      [0.012305353626, 0.24780971326, 0.61779037101, 0.1220945621],
      [0.24999736654, 0.27140233114, 0.12324731551, 0.35535298681]
    ],
    [
      [2.4286128664e-17, 0.53693900835, 0.44343015017, 0.019630841476],
      [0, 0.72126614085, 0.27873385915, 0],
      [0, 0.0302073149, 0.9697926851, 0],
      [0, 0.22180310689, 0.65302401686, 0.12517287626],
      [0, 0.37278981637, 0.12721018363, 0.5]
    ],
    [
      [0.0035747867499, 0.45064068239, 0.50816437017, 0.037620160687],
      [0.048495702477, 0.57813434764, 0.29494052601, 0.078429423873],
      [0.040704498758, 0.022541000777, 0.92543945044, 0.011315050028],
      [0.010831148993, 0.18083623567, 0.62103181863, 0.1873007967],
      [0.20143199675, 0.18290013667, 0.11520333634, 0.50046453023]
    ],
    [
      [0, 0.33212153619, 0.66787846381, 0],
      [0, 0.52398263769, 0.47601736231, 0],
      [1.1102230246e-16, 0.01042276806, 0.98957723194, 0],
      [0, 0.12709554196, 0.87290445804, 0],
      [0, 0.49306122894, 0.50693877106, -0]
    ],
    [
      [0.0031087706929, 0.44130812591, 0.54324303712, 0.012340066281],
      [0.00049354408619, 0.64983909718, 0.34966735873, 0],
      [0.029466558296, 0.015358823952, 0.95221084234, 0.0029637754083],
      [0.01005706104, 0.17146315366, 0.74983410425, 0.068645681052],
      [0.32613508189, 0.23585213371, 0.15044323843, 0.28756954597]
    ],
    [
      [0.0014274258562, 0.3348908552, 0.64753390391, 0.016147815031],
      [0.0099890804553, 0.43748906563, 0.54937080117, 0.0031510527493],
      [0.013381181546, 0.013815006534, 0.96880073202, 0.0040030799008],
      [0.0042832646303, 0.13318485577, 0.78299449232, 0.079537387281],
      [0.13846871273, 0.23577039733, 0.25521570984, 0.37054518009]
    ],
    [
      [0, 0.3847811405, 0.6152188595, 0],
      [0, 0.52096724074, 0.47903275926, 0],
      [0, 0.015486041212, 0.98451395879, 0],
      [0, 0.164058123, 0.835941877, 0],
      [5.5511151231e-17, 0.52947353809, 0.47052646191, 0]
    ],
    [
      [0.0028787460578, 0.61540863297, 0.35396464859, 0.027747972377],
      [0.029094174835, 0.74759140477, 0.19438148842, 0.028932931983],
      [0.044388999885, 0.039373931644, 0.90526284737, 0.0109742211],
      [0.010470673838, 0.28887504654, 0.52810915193, 0.17254512769],
      [0.20184918706, 0.25387314185, 0.079000733828, 0.46527693726]
    ],
    [
      [0.0022126257509, 0.49116458469, 0.48129411052, 0.025328679044],
      [0.023138004473, 0.65432435703, 0.28914974561, 0.033387892891],
      [0.027000820722, 0.026446668078, 0.938375003, 0.0081775082034],
      [0.0073030561426, 0.21517921269, 0.64037357909, 0.13714415207],
      [0.16103260179, 0.2603918602, 0.14260814172, 0.43596739629]
    ],
    [
      [0, 0.45543522177, 0.54456477823, 0],
      [0, 0.61265426003, 0.38734573997, 0],
      [0, 0.020343231602, 0.9796567684, 0],
      [0, 0.20729558556, 0.79270441444, 0],
      [0, 0.60454494134, 0.39545505866, 0]
    ],
    [
      [0.00081184908912, 0.55501733984, 0.42880706357, 0.015363747504],
      [0.0038697615153, 0.73786657642, 0.25826366206, 0],
      [0.011146330266, 0.033158487392, 0.95014318897, 0.0055519933692],
      [0.0029744069904, 0.26807282453, 0.63611115809, 0.09284161039],
      [0.08123775597, 0.39969636641, 0.16715228083, 0.35191359679]
    ],
    [
      [0.0017160285509, 0.50559278246, 0.45847401644, 0.034217172551],
      [0.019996451393, 0.65802321984, 0.26611829135, 0.055862037419],
      [0.021892422864, 0.028341077647, 0.93823458551, 0.01153191398],
      [0.0055347371178, 0.21599350487, 0.59709373141, 0.18137802661],
      [0.11220089811, 0.23835101879, 0.12043359197, 0.52901449113]
    ],
    [
      [0, 0.53565296429, 0.42506124233, 0.039285793373],
      [0, 0.71248038829, 0.22675938106, 0.06076023065],
      [0, 0.030950345783, 0.9550287229, 0.014020931318],
      [0, 0.22465157687, 0.56053448285, 0.21481394028],
      [1.1102230246e-16, 0.23686685215, 0.1035380721, 0.65959507575]
    ],
    [
      [0.00080852165411, 0.587395715, 0.39294159291, 0.018854170433],
      [0.0062285134109, 0.76392826619, 0.21609339243, 0.01374982797],
      [0.012116451705, 0.038919377682, 0.94148455376, 0.0074796168551],
      [0.0030146949924, 0.29101469867, 0.59073220247, 0.11523840387],
      [0.072400949709, 0.3846973093, 0.1436952022, 0.39920653879]
    ],
    [
      [0.0072783984652, 0.62206070215, 0.29823822982, 0.07242266957],
      [0.062822229319, 0.74315375137, 0.11550757441, 0.0785164449],
      [0.12306662408, 0.041077491764, 0.80695455355, 0.028901330602],
      [0.01960999669, 0.21222539531, 0.32759347255, 0.44057113545],
      [0, 0, 0, 1]
    ],
    [
      [0.0020012569352, 0.48694364373, 0.48960240031, 0.021452699028],
      [0.019463396778, 0.64830693297, 0.30754379576, 0.0246858745],
      [0.024156871923, 0.026187984551, 0.94276910851, 0.0068860350199],
      [0.0066937788907, 0.21714462752, 0.65937517255, 0.11678642103],
      [0.1569622958, 0.28676817149, 0.16143989445, 0.39482963826]
    ],
    [
      [0.0023742099245, 0.46195174337, 0.51196703685, 0.023707009855],
      [0.024750861747, 0.61618704572, 0.32830018225, 0.030761910279],
      [0.027365346246, 0.023665750392, 0.94171156907, 0.0072573342941],
      [0.007689685961, 0.19925329187, 0.66784625396, 0.12521076821],
      [0.17550353241, 0.25455892373, 0.15789516985, 0.41204237401]
    ],
    [
      [0.0015626241343, 0.52391003593, 0.44133747545, 0.033189864491],
      [0.016657126423, 0.67636189901, 0.2640052262, 0.042975748359],
      [0.020613930707, 0.029772437777, 0.93820311129, 0.011410520221],
      [0.0051261329501, 0.22581270979, 0.58652380774, 0.18253734951],
      [0.10686527029, 0.23747018192, 0.11059293081, 0.54507161698]
    ],
    [
      [0.0012961467899, 0.30137290679, 0.67482908747, 0.022501858957],
      [0.012291432797, 0.38525052024, 0.58712706311, 0.015330983852],
      [0.011691796472, 0.011909028601, 0.97104619016, 0.0053529847637],
      [0.0037001191534, 0.11378206471, 0.77635121865, 0.10616659748],
      [0.11192195781, 0.18635780716, 0.23370552762, 0.46801470742]
    ],
    [
      [0.002131575589, 0.423514446, 0.5499876977, 0.024366280716],
      [0.022598809412, 0.56893753367, 0.37669247958, 0.031771177342],
      [0.023065310569, 0.020384081849, 0.94954503013, 0.0070055774554],
      [0.006666570096, 0.1764567544, 0.69270294985, 0.12417372566],
      [0.16005873333, 0.23759945931, 0.17272445872, 0.42961734864]
    ],
    [
      [0.0010189371769, 0.4778972511, 0.49478854942, 0.026295262306],
      [0.010164605866, 0.64320868593, 0.31546580258, 0.031160905628],
      [0.012298577136, 0.025580796455, 0.95370108622, 0.0084195401863],
      [0.0033200459487, 0.20716503641, 0.64958039488, 0.13993452276],
      [0.079679565815, 0.27654574301, 0.16012447103, 0.48365022014]
    ],
    [
      [0.00071055265375, 0.25899525365, 0.71419815371, 0.02609603998],
      [0.0072930148674, 0.33027709101, 0.64022624674, 0.022203647384],
      [0.006105125727, 0.0097501192694, 0.97823773315, 0.0059070218528],
      [0.0019414092626, 0.093618814098, 0.78627194872, 0.11816782792],
      [0.060502915049, 0.15727041351, 0.24282557405, 0.53940109739]
    ],
    [
      [5.3050615741e-33, 0.36890666444, 0.6093848612, 0.021708474368],
      [0, 0.5111620811, 0.47718986943, 0.011648049463],
      [0, 0.016283396439, 0.97796043203, 0.0057561715335],
      [0, 0.14797699199, 0.74391305201, 0.10810995599],
      [0, 0.25905496482, 0.23906754087, 0.50187749431]
    ],
    [
      [0.0031611409616, 0.46696325703, 0.50854179922, 0.02133380279],
      [0.032755393865, 0.61741612221, 0.32227909171, 0.027549392211],
      [0.036356250281, 0.023868642166, 0.93326004869, 0.0065150588593],
      [0.010365383775, 0.2039151276, 0.67158889254, 0.11413059609],
      [0.22941934834, 0.25235807679, 0.15380519156, 0.36441738331]
    ],
    [
      [0.0020908031073, 0.51023691064, 0.46906232577, 0.018609960489],
      [0.019440428773, 0.67537963746, 0.28565504466, 0.0195248891],
      [0.026238590715, 0.028490646462, 0.93906601469, 0.00620474813],
      [0.0072271902193, 0.23501239021, 0.65291837993, 0.10484203963],
      [0.17089367943, 0.31149220264, 0.16028322403, 0.3573308939]
    ],
    [
      [0.0012476035274, 0.38445474961, 0.60016229778, 0.014135349086],
      [0.0089624685557, 0.53128478565, 0.45473839072, 0.0050143550713],
      [0.012581703059, 0.017190496929, 0.96644662919, 0.0037811708228],
      [0.0039320029414, 0.1611834009, 0.7620985451, 0.072786051059],
      [0.12598432054, 0.28716569857, 0.25073180985, 0.33611817103]
    ],
    [
      [0.0043003400719, 0.50293042834, 0.47864455752, 0.014124674063],
      [0.041687799047, 0.653015039, 0.28887057292, 0.016426589029],
      [0.051630019233, 0.026900270978, 0.9169596389, 0.0045100708926],
      [0.014980206692, 0.23355602902, 0.67140813801, 0.080055626279],
      [0.32084791943, 0.28188112967, 0.15019122742, 0.24707972348]
    ],
    [
      [0, 0.41327884325, 0.58672115675, 0],
      [0, 0.5533707748, 0.4466292252, 0],
      [1.1102230246e-16, 0.01817216865, 0.98182783135, 0],
      [0, 0.18438100771, 0.81561899229, 0],
      [0, 0.55830054789, 0.44169945211, 0]
    ],
    [
      [0, 0.10885362128, 0.85636172969, 0.034784649027],
      [0, 0.20095600868, 0.70083468957, 0.09820930175],
      [5.0306980803e-17, 0.0023586285575, 0.99257833212, 0.005063039324],
      [1.3877787808e-16, 0.029373833992, 0.83197479778, 0.13865136823],
      [0, 0.043661171991, 0.17014975602, 0.78618907199]
    ],
    [
      [0.002704655345, 0.45967094027, 0.52107523872, 0.016549165669],
      [0.025270467941, 0.61561866953, 0.34260853342, 0.016502329105],
      [0.03059625542, 0.023058763451, 0.94137816525, 0.0049668158763],
      [0.0089905147575, 0.20326642551, 0.69789739426, 0.089845665467],
      [0.22239982493, 0.27988007963, 0.17745255849, 0.32026753695]
    ],
    [
      [5.5511151231e-17, 0.64180577907, 0.35819422093, 0],
      [0, 0.87340331834, 0.12659668166, 0],
      [0, 0.039969753819, 0.96003024618, 0],
      [0, 0.35120525498, 0.64879474502, 0],
      [2.7755575616e-17, 0.76626751014, 0.23373248986, 0]
    ],
    [
      [0, 0.37285082191, 0.60081000685, 0.026339171231],
      [1.9660199394e-17, 0.52679258992, 0.46177045623, 0.01143695385],
      [0, 0.015263673862, 0.97801571051, 0.006720615625],
      [0, 0.14142742262, 0.72463894436, 0.13393363302],
      [0, 0.2058114085, 0.18223056106, 0.61195803043]
    ],
    [
      [0.0010263426854, 0.43165987297, 0.54664750688, 0.020666277467],
      [0.0094792984815, 0.5887727594, 0.3819810643, 0.019766877815],
      [0.011316720707, 0.021198072603, 0.96142666501, 0.0060585416801],
      [0.0032863010582, 0.18423994826, 0.70475018864, 0.10772356204],
      [0.089953642226, 0.28377436912, 0.2012290313, 0.42504295735]
    ],
    [
      [0.0030667388948, 0.44083799565, 0.54415594175, 0.011939323708],
      [0.028182074888, 0.59286472572, 0.36887272287, 0.010080476519],
      [0.033203218311, 0.02077588792, 0.9426304748, 0.0033904189718],
      [0.010195554145, 0.1934043449, 0.73036457912, 0.066035521833],
      [0.27662969986, 0.27511100107, 0.1891952262, 0.25906407287]
    ],
    [
      [0.0017562452577, 0.45464480164, 0.51677401087, 0.026824942226],
      [0.018840638805, 0.60999938697, 0.3342614914, 0.036898482827],
      [0.020199500869, 0.023268290605, 0.94833156947, 0.0082006390602],
      [0.005591029209, 0.19284482933, 0.66249381807, 0.13907032338],
      [0.12893995227, 0.24988382874, 0.15902305776, 0.46215316123]
    ],
    [
      [0.0018100033448, 0.33613929012, 0.65173093633, 0.010319770207],
      [0.0055345782327, 0.45807401139, 0.53639141038, 0],
      [0.016527683156, 0.01278895971, 0.97068335713, 0],
      [0.0055208254649, 0.13224655331, 0.80877147833, 0.053461142895],
      [0.20722109601, 0.24207602342, 0.30070288057, 0.25]
    ],
    [
      [0.0021384707124, 0.48477374254, 0.4864355865, 0.02665220024],
      [0.024853642901, 0.65503907333, 0.28847574705, 0.03163153672],
      [0.025619322244, 0.024184657945, 0.94196730261, 0.008228717206],
      [0.0069436253567, 0.20316379752, 0.64130352299, 0.14858905414],
      [0.15757124789, 0.22005345594, 0.12252280767, 0.49985248849]
    ],
    [
      [0.0034052654132, 0.43024256586, 0.54411835385, 0.022233814881],
      [0.037249664925, 0.56880271207, 0.36266202313, 0.031285599874],
      [0.036738170186, 0.020705857089, 0.93617258298, 0.0063833897433],
      [0.010776705233, 0.18162699161, 0.69320933606, 0.1143869671],
      [0.24051761042, 0.22913960606, 0.16231941771, 0.36802336582]
    ],
    [
      [0.0025073857603, 0.44988422979, 0.52255973708, 0.025048647375],
      [0.027203420244, 0.59943440626, 0.33818948253, 0.035172690967],
      [0.028322796691, 0.022636811493, 0.9415162821, 0.0075241097203],
      [0.0079944238749, 0.19121260009, 0.67081779528, 0.12997518076],
      [0.17963091231, 0.24198583128, 0.15740579238, 0.42097746404]
    ],
    [
      [0.005038451727, 0.53037742059, 0.44570070898, 0.018883418695],
      [0.050957696357, 0.67522560256, 0.25010148031, 0.023715220771],
      [0.063639579706, 0.029250877118, 0.9008486281, 0.0062609150748],
      [0.017587500711, 0.24469591122, 0.62806215769, 0.10965443038],
      [0.33521253695, 0.24591086043, 0.11507434983, 0.3038022528]
    ],
    [
      [0.0015476441694, 0.56172928863, 0.42894731964, 0.0077757475653],
      [0.00025403475161, 0.75307436454, 0.24667160071, 0],
      [0.021012867046, 0.032370428433, 0.94387003933, 0.0027466651917],
      [0.0059078592383, 0.27937299544, 0.66490709534, 0.049812049991],
      [0.17995710797, 0.45900766074, 0.17941557149, 0.1816196598]
    ],
    [
      [0.0026039097917, 0.46658132505, 0.5082002482, 0.022614516959],
      [0.026972230678, 0.62078111773, 0.32293241338, 0.029314238208],
      [0.03015241552, 0.024055567754, 0.93883045933, 0.006961557401],
      [0.0085025877362, 0.20305434872, 0.66820081864, 0.12024224491],
      [0.19226530754, 0.25822687998, 0.15747408289, 0.39203372959]
    ],
    [
      [0.0053353538135, 0.21867247043, 0.76294573136, 0.013046444401],
      [0.05827639032, 0.28463269844, 0.64350903021, 0.013581881031],
      [0.041375482357, 0.0073971970022, 0.94856219738, 0.0026651232614],
      [0.014663749522, 0.079317953273, 0.8467950846, 0.059223212606],
      [0.41021480349, 0.11909124254, 0.23178787687, 0.2389060771]
    ],
    [
      [0.0018439057293, 0.59217024689, 0.39282053197, 0.013165315407],
      [0.011134976322, 0.78738266446, 0.19681658277, 0.0046657764462],
      [0.027288255135, 0.038859745482, 0.92868160837, 0.0051703910126],
      [0.0070813127422, 0.30250722108, 0.60789272254, 0.082518743638],
      [0.16834053471, 0.40068167099, 0.14865366161, 0.28232413269]
    ],
    [
      [0.0015022014688, 0.48132493636, 0.49600915763, 0.021163704546],
      [0.014131118833, 0.64848319377, 0.31491999083, 0.022465696563],
      [0.018023911987, 0.025692192456, 0.94953680768, 0.0067470878811],
      [0.0050095667142, 0.21385440472, 0.66611621696, 0.1150198116],
      [0.12364760766, 0.29611512407, 0.17081575608, 0.4094215122]
    ],
    [
      [0.001502710785, 0.5011916013, 0.45771847979, 0.039587208124],
      [0.020091977213, 0.68399044376, 0.22043670241, 0.075480876613],
      [0.019267018997, 0.027282626416, 0.94024414297, 0.013206211613],
      [0.0047138323803, 0.20476604052, 0.58043412393, 0.21008600317],
      [0.091775858357, 0.20125591028, 0.1027507188, 0.60421751256]
    ],
    [
      [0.0026104619782, 0.49148218511, 0.49840387852, 0.0075034743868],
      [0.016546989262, 0.66103870112, 0.32153563469, 0.00087867493574],
      [0.030592713985, 0.024811733107, 0.94229933297, 0.0022962199379],
      [0.0092685019876, 0.22911670968, 0.71699332619, 0.044621462141],
      [0.2723905635, 0.34457092638, 0.19343243444, 0.18960607568]
    ],
    [
      [0.0012988354905, 0.55257541146, 0.42712109947, 0.019004653577],
      [0.010540355528, 0.73362758221, 0.24050473472, 0.015327327545],
      [0.017924125271, 0.033848276641, 0.94126642694, 0.0069611711446],
      [0.0046730720941, 0.26460172094, 0.61913527191, 0.11158993505],
      [0.11155741468, 0.35235072384, 0.15233531144, 0.38375655004]
    ],
    [
      [0.0029038393072, 0.48446917745, 0.49499726351, 0.017629719733],
      [0.027648688835, 0.64314853165, 0.31033773925, 0.018865040267],
      [0.034315474594, 0.0253360535, 0.93482686307, 0.0055216088386],
      [0.0098219636679, 0.2177891835, 0.67485997694, 0.097528875896],
      [0.22943660636, 0.28165610578, 0.16084630235, 0.3280609855]
    ],
    [
      [0, 0.23504934228, 0.76495065772, 0],
      [3.7007434154e-17, 0.31997545847, 0.68002454153, 0],
      [0, 0.007227333959, 0.99277266604, 0],
      [0, 0.085785087811, 0.91421491219, 0],
      [0, 0.36054455439, 0.63945544561, 0]
    ],
    [
      [0, 0.64418232506, 0.33801523181, 0.017802443127],
      [0, 0.81427259674, 0.18572740326, 0],
      [0, 0.15279755492, 0.84720244508, 0],
      [1.3877787808e-16, 0.30645127393, 0.56339824156, 0.13015048451],
      [0, 0.39659721758, 0.10340278242, 0.5]
    ],
    [
      [0.003407812277, 0.41506465756, 0.56668764278, 0.014839887382],
      [0.029789103616, 0.54846808091, 0.41221599021, 0.0095268252583],
      [0.03534005305, 0.018743967933, 0.94185805576, 0.0040579232615],
      [0.010944531713, 0.17570304886, 0.73480422653, 0.078548192896],
      [0.28096185312, 0.24333765645, 0.18567639483, 0.2900240956]
    ],
    [
      [0.0013559456529, 0.47150548234, 0.49948168956, 0.027656882446],
      [0.014640700345, 0.6349114091, 0.31225952655, 0.038188364003],
      [0.016121970344, 0.024665597383, 0.95051130041, 0.0087011318633],
      [0.0043653643218, 0.20114693005, 0.64866582189, 0.14582188374],
      [0.10194610076, 0.25764319729, 0.15247774759, 0.48793295435]
    ],
    [
      [0.0017002924353, 0.49987065431, 0.48039556025, 0.018033492998],
      [0.013386514414, 0.67535432945, 0.29919449994, 0.0120646562],
      [0.020949773947, 0.027288175838, 0.94586649105, 0.0058955591702],
      [0.0058388620882, 0.22823711111, 0.66484996145, 0.10107406535],
      [0.14631794548, 0.31837307097, 0.17110517497, 0.36420380858]
    ],
    [
      [0.0036696921743, 0.6092587107, 0.36820897074, 0.01886262639],
      [0.03351795971, 0.75837675715, 0.18912910392, 0.018976179225],
      [0.055234181849, 0.039585249112, 0.89774249139, 0.007438077654],
      [0.013877934351, 0.30266450865, 0.56487655419, 0.11858100281],
      [0.26779675198, 0.30364473179, 0.1014090172, 0.32714949902]
    ],
    [
      [0.0022381603125, 0.59073223303, 0.38035279682, 0.026676809837],
      [0.02254318772, 0.76849810472, 0.17894701065, 0.030011696915],
      [0.033260817653, 0.036826519666, 0.91969370131, 0.010218961372],
      [0.0080123125611, 0.27419366127, 0.5542102551, 0.16358377106],
      [0.16124084605, 0.26274204706, 0.093042004573, 0.48297510232]
    ],
    [
      [0.0010130310898, 0.62034277193, 0.3567562197, 0.021887977282],
      [0.0081000827505, 0.80724855051, 0.16654923934, 0.018102127406],
      [0.016499399882, 0.044521837842, 0.92955406198, 0.0094247002978],
      [0.0038498902537, 0.31274316496, 0.54686031593, 0.13654662886],
      [0.083574156131, 0.37092689513, 0.119066816, 0.42643213273]
    ],
    [
      [0.0017001035244, 0.54895549194, 0.44934440454, 0],
      [0, 0.71559356253, 0.28440643747, 0],
      [0.020471002693, 0.026248169375, 0.95328082793, 0],
      [0.006571751632, 0.2659887226, 0.72743952577, 0],
      [0.19556577876, 0.56936570521, 0.23506851604, 0]
    ],
    [
      [0.0039423517405, 0.43521923699, 0.53999152222, 0.020846889055],
      [0.044703408783, 0.57249759961, 0.35236550135, 0.030433490259],
      [0.042451668592, 0.020625068527, 0.93098689738, 0.0059363654972],
      [0.012567451441, 0.18389499308, 0.69451361988, 0.1090239356],
      [0.27758821706, 0.22226893881, 0.15394250911, 0.34620033502]
    ],
    [
      [0.0024091817858, 0.53521226898, 0.42294210152, 0.03943644772],
      [0.030534091167, 0.67147242782, 0.22299808002, 0.074995400996],
      [0.032639010443, 0.031655201363, 0.9216264348, 0.014079353398],
      [0.0077952439176, 0.22866576538, 0.55331712087, 0.21022186983],
      [0.1403994336, 0.22098834642, 0.097111218409, 0.54150100157]
    ],
    [
      [0, 0.52855637973, 0.42724076364, 0.04420285663],
      [0, 0.72042124995, 0.18581790192, 0.093760848135],
      [0, 0.029001951344, 0.95561477968, 0.015383268974],
      [0, 0.21080970543, 0.54924417475, 0.23994611982],
      [0, 0.19735527177, 0.087918967436, 0.7147257608]
    ],
    [
      [0.0030437960955, 0.41966426078, 0.56031640183, 0.016975541297],
      [0.030020929714, 0.56382529349, 0.38752452264, 0.018629254157],
      [0.0321042895, 0.019675097689, 0.94346453239, 0.0047560804233],
      [0.009746254213, 0.17895589162, 0.72268982754, 0.088608026629],
      [0.24349421203, 0.25040900679, 0.18707635857, 0.31902042261]
    ],
    [
      [0, 0.46511608365, 0.51256394235, 0.022319974003],
      [2.9614631203e-17, 0.6403859702, 0.34340524794, 0.016208781859],
      [0, 0.023700885691, 0.96942873999, 0.006870374315],
      [0, 0.20010260769, 0.6776712524, 0.12222613991],
      [0, 0.29956070199, 0.18329055173, 0.51714874627]
    ],
    [
      [0.029034767514, 0.4428792316, 0.46884814789, 0.059237853],
      [0.26053926066, 0.46877246756, 0.22318906625, 0.047499205522],
      [0.27708491417, 0.01502050751, 0.69526559743, 0.012628980887],
      [0.073595203935, 0.13785674773, 0.48441419416, 0.30413385417],
      [0.87474469931, 0.0032418700793, 0.0018311453599, 0.12018228525]
    ],
    [
      [0.0015834503093, 0.4294721344, 0.55460573096, 0.014338684326],
      [0, 0.61694522531, 0.38305477469, 0],
      [0.015303379879, 0.016782758864, 0.96431848294, 0.0035953783126],
      [0.0050446412921, 0.1732049643, 0.74503623524, 0.076714159167],
      [0.16640275828, 0.31147608562, 0.19117760348, 0.33094355261]
    ],
    [
      [0, 0.42925723182, 0.53588470008, 0.034858068094],
      [0, 0.58857356021, 0.36043228773, 0.050994152067],
      [3.2959746044e-17, 0.020883493836, 0.96885173404, 0.010264772124],
      [0, 0.17074650289, 0.65532054373, 0.17393295338],
      [3.3964356908e-33, 0.22544585957, 0.15604315314, 0.61851098728]
    ],
    [
      [0, 0.45851635624, 0.54148364376, 0],
      [5.6027052928e-33, 0.64390611705, 0.35609388295, 0],
      [0, 0.019866836658, 0.98013316334, 0],
      [0, 0.20718749314, 0.79281250686, 0],
      [5.5511151231e-17, 0.61413527559, 0.38586472441, -0]
    ],
    [
      [0, 0.48327601994, 0.49917827312, 0.017545706932],
      [0, 0.66608896998, 0.33391103002, 0],
      [0, 0.021037506708, 0.97398196233, 0.0049805309665],
      [0, 0.20041662189, 0.69601289237, 0.10357048574],
      [0, 0.39100602575, 0.16326948261, 0.44572449165]
    ],
    [
      [0, 0.49823995428, 0.48185107298, 0.01990897274],
      [0, 0.68339975317, 0.31660024683, 0],
      [0, 0.020857346191, 0.97354881525, 0.0055938385598],
      [1.3877787808e-16, 0.20182892381, 0.67921566848, 0.1189554077],
      [0, 0.37365184342, 0.13909956223, 0.48724859435]
    ],
    [
      [0.0027136077099, 0.42575001479, 0.55347694729, 0.018059430204],
      [0.025581889627, 0.5735616671, 0.38349952302, 0.017356920251],
      [0.028974674044, 0.020014255844, 0.94590941985, 0.0051016502658],
      [0.0086969509318, 0.18088430801, 0.71556908265, 0.094849658408],
      [0.22058339876, 0.25153171632, 0.18261229567, 0.34527258925]
    ],
    [
      [0.0023531350246, 0.41706875677, 0.56267065531, 0.017907452898],
      [0.019531540049, 0.56581176815, 0.4025347988, 0.012121893004],
      [0.024826199565, 0.019404419818, 0.95076296459, 0.005006416026],
      [0.0074955117132, 0.17620798165, 0.72304373336, 0.09325277328],
      [0.19739843358, 0.25660624004, 0.19337847452, 0.35261685186]
    ],
    [
      [0.0038500042631, 0.30068467995, 0.67602997499, 0.019435340796],
      [0.057083947051, 0.46023444592, 0.4555784582, 0.027103148822],
      [0.028305663401, 0.0084227811935, 0.95970770463, 0.0035638507742],
      [0.010445269509, 0.10070766537, 0.79466425015, 0.09418281497],
      [0.32874815885, 0.11929666223, 0.1332646254, 0.41869055353]
    ],
    [
      [0.0023234459613, 0.59797945173, 0.37069563629, 0.029001466025],
