{
  "X": [
    [37, 17, 21, 19, 6],
    [47, 16, 17, 14, 6],
    [38, 9, 33, 16, 4],
    [39, 16, 24, 13, 8],
    [37, 12, 19, 22, 10],
    [30, 17, 27, 21, 5],
    [31, 15, 26, 25, 3],
    [36, 15, 20, 20, 9],
    [32, 13, 21, 26, 8],
    [30, 8, 24, 30, 8],
    [33, 9, 32, 22, 4],
    [35, 6, 24, 26, 9],
    [26, 12, 34, 19, 9],
    [28, 10, 33, 23, 6],
    [30, 5, 36, 19, 10],
    [35, 7, 31, 20, 7],
    [29, 12, 26, 23, 10],
    [22, 22, 22, 27, 7],
    [27, 18, 19, 28, 8],
    [31, 16, 23, 25, 5],
    [25, 17, 31, 22, 5],
    [26, 18, 25, 24, 7],
    [27, 21, 19, 29, 4],
    [29, 18, 25, 23, 5],
    [19, 24, 27, 25, 5],
    [18, 10, 27, 38, 7],
    [19, 9, 27, 41, 4],
    [14, 4, 20, 60, 2],
    [23, 12, 17, 43, 5],
    [16, 13, 26, 42, 3],
    [19, 6, 26, 45, 4],
    [19, 13, 19, 46, 3],
    [22, 5, 24, 45, 4],
    [15, 8, 36, 31, 10],
    [12, 8, 35, 33, 12],
    [17, 3, 26, 38, 16],
    [11, 4, 30, 30, 25],
    [13, 6, 30, 35, 16],
    [5, 5, 23, 50, 17],
    [9, 4, 28, 47, 12],
    [11, 9, 26, 35, 19],
    [14, 9, 26, 37, 14],
    [25, 17, 12, 37, 9],
    [23, 15, 16, 38, 8],
    [27, 16, 18, 32, 7],
    [23, 18, 14, 36, 9],
    [27, 9, 13, 36, 15],
    [15, 16, 16, 43, 10],
    [25, 17, 14, 36, 8],
    [27, 13, 12, 38, 10]
  ],
  "W": [
    [64, 7, 7, 12, 4, 6],
    [62, 8, 9, 4, 9, 8],
    [61, 8, 9, 9, 7, 6],
    [62, 12, 10, 5, 7, 4],
    [58, 10, 9, 7, 8, 8],
    [58, 7, 7, 12, 9, 7],
    [50, 11, 12, 9, 9, 9],
    [46, 12, 9, 13, 12, 8],
    [27, 37, 9, 10, 5, 12],
    [8, 59, 8, 9, 5, 11],
    [14, 55, 9, 9, 7, 6],
    [16, 57, 4, 8, 8, 7],
    [8, 51, 14, 9, 9, 9],
    [7, 65, 9, 7, 5, 7],
    [7, 63, 9, 4, 9, 8],
    [11, 56, 12, 7, 10, 4],
    [9, 43, 22, 9, 8, 9],
    [3, 10, 55, 8, 14, 10],
    [10, 3, 60, 9, 11, 7],
    [2, 12, 60, 8, 7, 11],
    [7, 6, 56, 12, 7, 12],
    [6, 12, 58, 10, 6, 8],
    [13, 11, 54, 7, 7, 8],
    [9, 5, 60, 3, 13, 10],
    [7, 7, 59, 9, 7, 11],
    [7, 12, 9, 58, 6, 8],
    [11, 7, 6, 62, 10, 4],
    [6, 6, 7, 66, 3, 12],
    [9, 4, 12, 59, 5, 11],
    [11, 9, 11, 57, 6, 6],
    [7, 10, 7, 58, 11, 7],
    [4, 6, 8, 66, 9, 7],
    [10, 14, 10, 52, 6, 8],
    [8, 11, 8, 24, 43, 6],
    [9, 7, 7, 5, 61, 11],
    [10, 8, 6, 7, 57, 12],
    [6, 14, 10, 6, 60, 4],
    [7, 8, 14, 7, 55, 9],
    [5, 3, 7, 11, 63, 11],
    [9, 7, 5, 10, 60, 9],
    [10, 7, 7, 12, 52, 12],
    [9, 11, 5, 10, 47, 18],
    [4, 7, 16, 7, 10, 56],
    [12, 6, 11, 10, 12, 49],
    [10, 7, 9, 6, 7, 61],
    [9, 7, 4, 7, 16, 57],
    [8, 10, 6, 5, 6, 65],
    [9, 6, 10, 6, 7, 62],
    [11, 10, 4, 8, 10, 57],
    [8, 10, 4, 5, 8, 65]
  ],
  "method": "mult",
  "cond_prob": [
    [
      [0.47239997067, 0.19630107426, 0.20309613866, 0.077280503332, 0.050922313073],
      [0.34901936742, 0.042032183532, 0.34524352927, 0.16933831714, 0.094366602645],
      [0.25882578593, 0.30123008313, 0.22298094327, 0.18296447538, 0.033998712289],
      [0.11113252018, 0.068580145404, 0.20831395799, 0.60360320392, 0.0083701725058],
      [0.010670074704, 0.0093405091791, 0.30363654764, 0.41016728242, 0.26618558606],
      [0.2052954791, 0.19211948305, 0.049204402125, 0.44141861421, 0.11196202152]
    ],
    [
      [0.5766009607, 0.17361844088, 0.15318923406, 0.058299991695, 0.038291372671],
      [0.46192559195, 0.040315015986, 0.2823457027, 0.13857835962, 0.076835329754],
      [0.34555688553, 0.29142478393, 0.18397772318, 0.15105870362, 0.027981903743],
      [0.16618991192, 0.074328382628, 0.19252937306, 0.55922878812, 0.0077235442734],
      [0.017160798456, 0.010888368915, 0.30179978052, 0.40839118878, 0.26175986333],
      [0.28630432152, 0.19416354976, 0.042413896416, 0.38113304983, 0.095985182476]
    ],
    [
      [0.49219694609, 0.10371376939, 0.30905440845, 0.06529340009, 0.029741475983],
      [0.32780145467, 0.020018702799, 0.47354582455, 0.12898754981, 0.049646468167],
      [0.28606873526, 0.16885859243, 0.35998196018, 0.16401685122, 0.021073860915],
      [0.11764143428, 0.036819590066, 0.32213427268, 0.51843267152, 0.0049720314585],
      [0.011347041773, 0.0050380745004, 0.4716806452, 0.35389356477, 0.15804067376],
      [0.2581001091, 0.12250023875, 0.090377412935, 0.45020444681, 0.078817792411]
    ],
    [
      [0.48459567225, 0.18307992711, 0.21464510824, 0.060275209458, 0.05740408294],
      [0.35789041369, 0.039181845646, 0.36457943623, 0.1321193585, 0.10622894593],
      [0.2756391103, 0.29166010594, 0.24462207381, 0.14827714677, 0.039801563174],
      [0.12948890723, 0.072639045146, 0.2500378767, 0.53710718618, 0.010726984742],
      [0.011405320631, 0.0090754227046, 0.33423438576, 0.33428587565, 0.31099899525],
      [0.23062047687, 0.19620413072, 0.056967554139, 0.37821506064, 0.13799277764]
    ],
    [
      [0.50556043414, 0.14584066883, 0.18451173546, 0.092228710013, 0.071858451563],
      [0.35454307597, 0.02963930087, 0.29770736131, 0.19185176968, 0.12625849217],
      [0.28559122927, 0.23082469212, 0.2089030355, 0.2251806155, 0.049500427615],
      [0.1089459355, 0.04668246939, 0.17342203401, 0.66011230182, 0.010837259285],
      [0.0098665198048, 0.0059974389855, 0.23842830806, 0.42315455604, 0.3225531771],
      [0.20121973568, 0.13075960162, 0.040959103416, 0.48260544965, 0.14445610963]
    ],
    [
      [0.41664074775, 0.21019533869, 0.25926155664, 0.077861913968, 0.036040442948],
      [0.29859511074, 0.043646254646, 0.42756556048, 0.16546295968, 0.06473011445],
      [0.21860472025, 0.30913314464, 0.2726948443, 0.17650433108, 0.023062959726],
      [0.093312098235, 0.0699311683, 0.25334410607, 0.57776236597, 0.0056502614264],
      [0.0093390321778, 0.009928436287, 0.38497552993, 0.40974303417, 0.18601396743],
      [0.18609416081, 0.21154622232, 0.064599122863, 0.45641832171, 0.081342172304]
    ],
    [
      [0.45051188204, 0.18485874323, 0.24984145056, 0.093817719707, 0.020970204465],
      [0.31956301937, 0.038003309706, 0.40781525481, 0.19734671921, 0.037271696907],
      [0.23703566808, 0.27264120069, 0.26356182223, 0.21330085967, 0.013460449331],
      [0.091208877778, 0.055621330956, 0.22076100433, 0.6294351558, 0.0029736311315],
      [0.010180419463, 0.0088081555229, 0.37412342217, 0.49788809895, 0.1089999039],
      [0.19220257697, 0.17774513421, 0.059480952634, 0.52537293365, 0.045198402534]
    ],
    [
      [0.51876638527, 0.18998800531, 0.17403774719, 0.062405106587, 0.054802755639],
      [0.40008361917, 0.042434237229, 0.30889454437, 0.14269525973, 0.1058923395],
      [0.29856673083, 0.30685096379, 0.20090432913, 0.15517811641, 0.03849985984],
      [0.14160061176, 0.077063065015, 0.20747569019, 0.56337215654, 0.010488476492],
      [0.013067803758, 0.010088332899, 0.2907382287, 0.36887407809, 0.31723155655],
      [0.24250530255, 0.20026871518, 0.045431126785, 0.38237513403, 0.12941972146]
    ],
    [
      [0.48305974683, 0.20279381568, 0.17634208458, 0.086062091982, 0.051742260935],
      [0.36262411868, 0.044008848117, 0.30449349338, 0.19155304361, 0.097320496212],
      [0.26231266138, 0.30942556357, 0.19204522838, 0.20192137582, 0.034295170847],
      [0.10886392861, 0.067813352577, 0.17355679597, 0.64159058773, 0.0081753351134],
      [0.010809356355, 0.0095447038875, 0.26156981568, 0.45194098599, 0.26613513809],
      [0.19891226002, 0.18830563446, 0.040570204596, 0.46456944194, 0.10764245898]
    ],
    [
      [0.49597702983, 0.17528309574, 0.18328785479, 0.097859794784, 0.047592224854],
      [0.36011221425, 0.036636950678, 0.30599867174, 0.21069607437, 0.086556088967],
      [0.26968616946, 0.26879658035, 0.1999419676, 0.22996796378, 0.031607318811],
      [0.10276039944, 0.053730797053, 0.16596515447, 0.67062132983, 0.0069223192101],
      [0.01057258079, 0.007824462948, 0.25911250513, 0.48974539766, 0.23274505347],
      [0.19703750831, 0.15713297678, 0.040734130173, 0.50960290599, 0.09549247875]
    ],
    [
      [0.50122612864, 0.17876897064, 0.22578174901, 0.071673427788, 0.022549723924],
      [0.37381948279, 0.038400292401, 0.38712270515, 0.15853342707, 0.04212409259],
      [0.27918380817, 0.28066198267, 0.2522576338, 0.17255825726, 0.015338318094],
      [0.1210293796, 0.063879063373, 0.23820224504, 0.57306797774, 0.0038213342524],
      [0.013241771006, 0.0098935946587, 0.39541860989, 0.44479202062, 0.13665400383],
      [0.24040112819, 0.19343904368, 0.060573856498, 0.45096826317, 0.054617708458]
    ],
    [
      [0.54712365817, 0.13757351476, 0.17609566891, 0.089060704612, 0.050146453551],
      [0.39613006427, 0.028637768135, 0.29308902758, 0.19123179228, 0.090911347728],
      [0.31540196523, 0.22379145379, 0.20360290957, 0.22190157354, 0.03530209786],
      [0.12147771278, 0.045131646565, 0.17080010946, 0.65477589873, 0.0078146324708],
      [0.012182877736, 0.0064028244553, 0.25987927174, 0.46579520307, 0.255739823],
      [0.23013262928, 0.13054053951, 0.041427836964, 0.49143592757, 0.10646306667]
    ],
    [
      [0.4275757501, 0.22032369862, 0.24628686281, 0.05707279702, 0.048740891455],
      [0.31696603828, 0.047115584715, 0.41992450262, 0.12548003518, 0.090513839203],
      [0.23125367841, 0.33575065404, 0.2673397606, 0.13344364749, 0.032212259449],
      [0.11390833704, 0.08702980227, 0.28694475986, 0.50299379949, 0.0091233013414],
      [0.010222429853, 0.011064498907, 0.39084787417, 0.32052093562, 0.26734426145],
      [0.20783850911, 0.24177125292, 0.06700182723, 0.36369895192, 0.11968945881]
    ],
    [
      [0.43310802753, 0.22467559493, 0.23000984143, 0.07815546218, 0.034051073932],
      [0.3223774021, 0.048082946386, 0.39352159503, 0.17254018723, 0.063477869251],
      [0.22700582869, 0.33232258372, 0.24180354317, 0.1770732412, 0.021794803229],
      [0.098816538571, 0.075748456567, 0.22927502128, 0.59070750311, 0.0054524804666],
      [0.010234471582, 0.011098390846, 0.36023809285, 0.43393644592, 0.18449259881],
      [0.19111557359, 0.22367193806, 0.056781343848, 0.45256329057, 0.075867853927]
    ],
    [
      [0.4982070325, 0.11826010337, 0.26251931429, 0.067531740722, 0.053481809123],
      [0.33893797714, 0.023132081992, 0.41055778429, 0.13627910584, 0.091093050729],
      [0.29033441215, 0.19453793758, 0.30690491064, 0.17014834329, 0.038074396337],
      [0.12164271223, 0.042677003517, 0.2801235634, 0.54638495044, 0.0091717704176],
      [0.010769053594, 0.0053450912322, 0.3762501642, 0.34312026049, 0.26451543048],
      [0.24088132091, 0.12902854037, 0.071024905234, 0.42856653543, 0.13049869806]
    ],
    [
      [0.54550366207, 0.14048488402, 0.21139088146, 0.065861236081, 0.036759336375],
      [0.40129528788, 0.029761970446, 0.35750328188, 0.14371909527, 0.067720364526],
      [0.32175675798, 0.23364900991, 0.25014786352, 0.1679600392, 0.026486329389],
      [0.14039092645, 0.053512281586, 0.23778441527, 0.56166851761, 0.0066438590882],
      [0.014072981433, 0.0075935581658, 0.36164732556, 0.39940412596, 0.21728200888],
      [0.26860525581, 0.15610372947, 0.058247836193, 0.42565702569, 0.091386152837]
    ],
    [
      [0.48784514381, 0.18315489649, 0.19876359609, 0.070752604087, 0.059483759518],
      [0.35950095455, 0.039041228003, 0.33696194688, 0.15464304806, 0.10985282251],
      [0.2740018811, 0.28929677874, 0.22407337911, 0.17180727875, 0.040820682306],
      [0.12158568749, 0.067838438066, 0.21666663098, 0.58349597001, 0.01041327346],
      [0.010995107565, 0.0087000005098, 0.29743523765, 0.37465865863, 0.30821099564],
      [0.21769545175, 0.18450587076, 0.049632865558, 0.41398468207, 0.13418112986]
    ],
    [
      [0.46872248485, 0.21315853173, 0.19577832131, 0.077029571518, 0.045311090591],
      [0.35394088733, 0.046825457564, 0.34071524738, 0.17265149063, 0.0858669171],
      [0.25337812011, 0.32354813164, 0.21282566999, 0.18027137095, 0.029976707315],
      [0.11080775192, 0.07540062717, 0.20305679689, 0.60319027157, 0.0075445524464],
      [0.01100293114, 0.010646028315, 0.30651127347, 0.42594385898, 0.24589590809],
      [0.20369719921, 0.20955383182, 0.04767674935, 0.43926416545, 0.099808054169]
    ],
    [
      [0.52752684881, 0.15608915908, 0.17176651615, 0.08397093447, 0.060646541493],
      [0.38499261822, 0.033149270645, 0.28884638937, 0.18186895739, 0.11114276438],
      [0.30177691848, 0.25044075676, 0.19748008576, 0.20788626635, 0.042415972647],
      [0.1215952978, 0.053806045577, 0.17351502245, 0.64125850544, 0.009825128739],
      [0.011431883163, 0.0071926483993, 0.24794467666, 0.42841238692, 0.30501840486],
      [0.22107849894, 0.14785871526, 0.040297779446, 0.46184106267, 0.12892394368]
    ],
    [
      [0.56742433131, 0.1331322753, 0.19365522186, 0.069200337569, 0.036587833968],
      [0.42043747132, 0.028701125849, 0.33061434292, 0.15215853459, 0.068088525315],
      [0.33891520195, 0.22304970865, 0.23245972933, 0.17885966037, 0.026715699688],
      [0.14428190438, 0.050618536487, 0.2157995014, 0.58276254372, 0.0065375140087],
      [0.014724294359, 0.0073444651731, 0.33471364347, 0.42265923283, 0.22055836417],
      [0.27407169972, 0.14534764431, 0.052365018727, 0.4385477168, 0.08966792044]
    ],
    [
      [0.47349474099, 0.1458283038, 0.28186319636, 0.059345085197, 0.039468673654],
      [0.3286321413, 0.029448757357, 0.45088746638, 0.12220886476, 0.068822770201],
      [0.26993914413, 0.23320839128, 0.32297028365, 0.14637698806, 0.027505192883],
      [0.1208499579, 0.055657147139, 0.31529824666, 0.50111763935, 0.007077008949],
      [0.01108704924, 0.0072598111958, 0.43973812682, 0.32685942684, 0.2150555859],
      [0.24415772125, 0.16997486321, 0.081344562657, 0.40120458984, 0.10331826303]
    ],
    [
      [0.4869325626, 0.16137826983, 0.22064545346, 0.072403471721, 0.058640242393],
      [0.34675046196, 0.033426241081, 0.36192612094, 0.15298690312, 0.1049102729],
      [0.27546535788, 0.25601733207, 0.25077430958, 0.17720911952, 0.040533880952],
      [0.11780014317, 0.058340561382, 0.23380158983, 0.58009936801, 0.0099583376179],
      [0.010539784533, 0.0074199463755, 0.31786220054, 0.36873815498, 0.29543991357],
      [0.21907825427, 0.16404866335, 0.055558332391, 0.42739736384, 0.13391738615]
    ],
    [
      [0.49595302611, 0.19714302333, 0.17599467219, 0.097979090515, 0.032930187852],
      [0.37235206508, 0.043037226238, 0.30428100537, 0.21826051523, 0.062069188089],
      [0.26578344588, 0.29613617442, 0.18939435851, 0.22713042, 0.021555601199],
      [0.10266457149, 0.060930199653, 0.15943708579, 0.67218517943, 0.0047829636378],
      [0.011452035109, 0.0096589625928, 0.27018818108, 0.53228140014, 0.17641942107],
      [0.19896610964, 0.17858859431, 0.039489281264, 0.51598184706, 0.066974167729]
    ],
    [
      [0.5356986295, 0.14825330639, 0.2156438737, 0.068835419199, 0.031568771214],
      [0.39412178326, 0.031739480047, 0.36555276462, 0.15031249747, 0.058273474605],
      [0.31120441848, 0.24153542714, 0.25175300749, 0.17308038096, 0.022426765928],
      [0.13368906558, 0.055324977176, 0.23582233402, 0.56962263058, 0.0055409926505],
      [0.013834878031, 0.0081404180576, 0.37090891073, 0.4187280608, 0.18838773238],
      [0.26063830164, 0.16302536071, 0.058729269297, 0.43979941896, 0.077807649387]
    ],
    [
      [0.38840383282, 0.2220962682, 0.26729120258, 0.078953394798, 0.0432553016],
      [0.27509894853, 0.04577160343, 0.43624168929, 0.16593078938, 0.076956969374],
      [0.19992161818, 0.32057259101, 0.27646319058, 0.17583140032, 0.027211199903],
      [0.085625816068, 0.073200991773, 0.25816709557, 0.57630881233, 0.0066972842648],
      [0.0082124623602, 0.0099817357003, 0.37635458288, 0.39278977258, 0.21266144648],
      [0.16923171897, 0.21868259009, 0.065170938785, 0.45127138017, 0.09564337198]
    ],
    [
      [0.45019079398, 0.18174255208, 0.23575288932, 0.061618933781, 0.07069483084],
      [0.31968761221, 0.037317131669, 0.38648856199, 0.12989767035, 0.12660902378],
      [0.25104893945, 0.2867844755, 0.26500195397, 0.14887076093, 0.048293870156],
      [0.11713401979, 0.070602328195, 0.27019384698, 0.52910875235, 0.012961052677],
      [0.0093992040954, 0.0080412650032, 0.33002491835, 0.30307684371, 0.34945776885],
      [0.20815182482, 0.19067497718, 0.061238691604, 0.37286799404, 0.16706651236]
    ],
    [
      [0.49518489845, 0.17506783627, 0.22844254745, 0.063736326149, 0.037568391671],
      [0.36481970976, 0.037260705621, 0.38867002124, 0.13944954242, 0.069800020962],
      [0.27905101654, 0.27962159152, 0.25966413179, 0.15570607837, 0.025957181784],
      [0.12710668764, 0.067100184952, 0.25859239019, 0.54039448173, 0.0068062554835],
      [0.012341153257, 0.0092455008712, 0.38227677485, 0.3747011986, 0.22143537242],
      [0.24179523086, 0.19414300178, 0.062726877432, 0.40756582424, 0.093769065692]
    ],
    [
      [0.50227180402, 0.093914337171, 0.25155105595, 0.11882039717, 0.033442405687],
      [0.32440456265, 0.017555971804, 0.37549618471, 0.22791823571, 0.05462504513],
      [0.27418040647, 0.1451598696, 0.27707652171, 0.28121774001, 0.022365462218],
      [0.088115705491, 0.024646663755, 0.19470729686, 0.68839869646, 0.0041316374426],
      [0.009358331772, 0.0037175856677, 0.31503472716, 0.52229944703, 0.14958990837],
      [0.19433633311, 0.082546159382, 0.054710702157, 0.60196828114, 0.066438524212]
    ],
    [
      [0.55320316655, 0.1779224781, 0.15139633063, 0.064721098382, 0.052756926334],
      [0.43225151029, 0.040286122765, 0.27325726453, 0.15013634015, 0.10406876226],
      [0.3242113843, 0.29466892243, 0.17889685137, 0.16435325251, 0.037869589401],
      [0.15115962672, 0.072732432221, 0.18228163022, 0.58367475782, 0.010151553017],
      [0.014221819288, 0.0097214169777, 0.2611668807, 0.39206865683, 0.3228212262],
      [0.25620828011, 0.18700935518, 0.039379907827, 0.39231347701, 0.12508897988]
    ],
    [
      [0.4104648704, 0.23528850816, 0.24456491449, 0.075375284808, 0.03430642214],
      [0.30332400509, 0.050314031681, 0.41710295684, 0.16531189718, 0.06394710921],
      [0.21196075347, 0.34335844477, 0.25443663902, 0.16855751724, 0.021686645504],
      [0.094393665363, 0.08078749328, 0.24751730292, 0.57175000572, 0.0055515327189],
      [0.0095095020994, 0.01155395719, 0.37947301442, 0.41101618162, 0.18844734467],
      [0.18301770357, 0.23789162225, 0.06122216474, 0.43967775169, 0.078190757754]
    ],
    [
      [0.53538832633, 0.12359878889, 0.23182947133, 0.074276448651, 0.034906964798],
      [0.37832644007, 0.02523507905, 0.37838233335, 0.15590130744, 0.062154840093],
      [0.31154634097, 0.20391737901, 0.27218540183, 0.18742923439, 0.024921643801],
      [0.1267982395, 0.043729463938, 0.24225049769, 0.58137803095, 0.0058437679237],
      [0.012710241979, 0.0062213822924, 0.36977318286, 0.41623336369, 0.19506182918],
      [0.25520015879, 0.13384935332, 0.062163889233, 0.46383838579, 0.08494821287]
    ],
    [
      [0.52321263538, 0.23320545052, 0.15358122168, 0.06237329117, 0.027627401245],
      [0.43566693595, 0.056162886868, 0.29568770267, 0.15438071264, 0.058101761867],
      [0.29062762224, 0.36773501827, 0.17236748347, 0.15042616924, 0.018843706792],
      [0.14389751624, 0.096054724557, 0.1868112007, 0.56786073654, 0.005375821967],
      [0.015997496192, 0.015167148842, 0.3165054268, 0.45131501396, 0.2010149142],
      [0.24912612681, 0.25270431293, 0.041199396482, 0.38954032884, 0.067429834941]
    ],
    [
      [0.55120232791, 0.094504058079, 0.22735209095, 0.085434642196, 0.041506880866],
      [0.37725161852, 0.018705206702, 0.35898108533, 0.17350088246, 0.071561206995],
      [0.32487575422, 0.15736768509, 0.26983403241, 0.217977232, 0.029945296277],
      [0.12146310917, 0.031059234735, 0.22030124172, 0.62073890939, 0.0064375049868],
      [0.012027063147, 0.004364401402, 0.33186725346, 0.43842596838, 0.21331531361],
      [0.24806244447, 0.096384654183, 0.057415606579, 0.50286389656, 0.09527339821]
    ],
    [
      [0.46714085523, 0.18750299368, 0.25652371093, 0.055868374914, 0.032964065244],
      [0.34268839242, 0.039653828646, 0.43493699734, 0.12195933411, 0.060761447493],
      [0.25897941719, 0.29623125605, 0.28758396081, 0.13469218706, 0.022513178896],
      [0.12406368001, 0.074471327343, 0.30181617979, 0.49340768437, 0.006241128482],
      [0.011954266941, 0.010181657648, 0.44307295623, 0.33971196659, 0.19507915259],
      [0.24052671402, 0.2200125575, 0.074592297631, 0.3785426895, 0.086325741356]
    ],
    [
      [0.45055156821, 0.20377463076, 0.25073089402, 0.064840754866, 0.030102152134],
      [0.3316054345, 0.043254616464, 0.42716151403, 0.1422621471, 0.055716287907],
      [0.24202660353, 0.31303365731, 0.27306880825, 0.15189269224, 0.019978238663],
      [0.1109342406, 0.075295515124, 0.27471789314, 0.53374076378, 0.0053115873475],
      [0.011157625758, 0.010753845498, 0.42145633469, 0.38394627996, 0.1726859141],
      [0.21781688849, 0.22523593025, 0.068684185358, 0.41409562975, 0.074167366157]
    ],
    [
      [0.60823947065, 0.076249254697, 0.19538515437, 0.076876424311, 0.04324969597],
      [0.42838483022, 0.015485974795, 0.31830646095, 0.16127350658, 0.076549227451],
      [0.37786248342, 0.13521815405, 0.24577337424, 0.20799491677, 0.033151071528],
      [0.1453293163, 0.027294586241, 0.20727962823, 0.61270809683, 0.0073883723989],
      [0.014372383847, 0.0038316227115, 0.31250190737, 0.43310747292, 0.23618661316],
      [0.28598863075, 0.081834959828, 0.051966011521, 0.47672234824, 0.10348804966]
    ],
    [
      [0.47658264092, 0.13511385907, 0.23835105803, 0.07327624465, 0.076676197332],
      [0.32246462759, 0.026294727588, 0.37304520785, 0.14776299513, 0.13043244184],
      [0.27071615611, 0.21974139158, 0.27432660779, 0.18143528525, 0.053780559271],
      [0.11234318954, 0.047659224208, 0.24978024493, 0.57727734289, 0.012939998435],
      [0.0091352904434, 0.0054967102711, 0.3096426309, 0.33557245995, 0.34015290844],
      [0.20915523246, 0.13548723701, 0.059254658546, 0.42470827417, 0.17139459781]
    ],
    [
      [0.49649245478, 0.13990913112, 0.23746101114, 0.077808481694, 0.048328921261],
      [0.3449325596, 0.028110804728, 0.38155562938, 0.16101757789, 0.084383428411],
      [0.2798278252, 0.22460075826, 0.27097329812, 0.19099324709, 0.033604871326],
      [0.11305593177, 0.047840607562, 0.24006024758, 0.59117649461, 0.0078667184805],
      [0.010655912448, 0.0064077189883, 0.34490530495, 0.39821125454, 0.23981980908],
      [0.22339374077, 0.14367215163, 0.06043922161, 0.46182232076, 0.11067256522]
    ],
    [
      [0.35549404359, 0.2027491341, 0.24604903301, 0.13270891333, 0.06299887597],
      [0.23069197465, 0.037999121262, 0.37073831992, 0.2574476013, 0.10312298287],
      [0.16930413778, 0.27781326679, 0.23873957541, 0.27689295325, 0.03725006677],
      [0.056609212826, 0.048792378922, 0.17581459989, 0.71153422797, 0.0072495803938],
      [0.0055144982149, 0.0067605668814, 0.26184502963, 0.49708387464, 0.22879603064],
      [0.11666024069, 0.15304774527, 0.046026332322, 0.57826501907, 0.10600066264]
    ],
    [
      [0.44771955188, 0.14380719703, 0.25477166983, 0.11409510826, 0.039606472995],
      [0.29475909908, 0.027256261524, 0.38839307493, 0.2239876205, 0.065603943975],
      [0.23276224897, 0.21427747143, 0.26870191543, 0.25880334622, 0.025455017956],
      [0.079336101876, 0.038214555654, 0.20111088796, 0.67630377954, 0.0050346749721],
      [0.0082045720941, 0.0056087693055, 0.31731885839, 0.50045235662, 0.16841544359],
      [0.17016280537, 0.12506610324, 0.054911509258, 0.57307569953, 0.076783882602]
    ],
    [
      [0.41458634575, 0.23153015784, 0.21812836178, 0.07527544995, 0.06047968468],
      [0.30440229892, 0.049076422161, 0.37038286168, 0.16456083238, 0.11157758486],
      [0.21614443939, 0.34401770837, 0.23014550026, 0.17081203549, 0.038880316493],
      [0.096863487958, 0.081065233177, 0.22607272729, 0.58590693921, 0.010091612359],
      [0.0087184202435, 0.01036036574, 0.31015436703, 0.37689061684, 0.29387623015],
      [0.17526176821, 0.22325631434, 0.052118020536, 0.41930121563, 0.13006268129]
    ],
    [
      [0.4537995878, 0.21038917166, 0.21593219859, 0.076429545597, 0.043449496357],
      [0.33615117429, 0.044987757471, 0.36964604046, 0.16841449158, 0.080800536205],
      [0.24213410894, 0.31925651949, 0.23282970244, 0.17723610556, 0.028543563575],
      [0.10566005656, 0.073272688248, 0.2224578232, 0.59140339271, 0.0072060392841],
      [0.010407111658, 0.010243710362, 0.33379627252, 0.41598972508, 0.22956318038],
      [0.19898733997, 0.21003677917, 0.053403983048, 0.4408208193, 0.096751078509]
    ],
    [
      [0.53810082891, 0.18224154662, 0.16568971097, 0.072250220718, 0.041717692787],
      [0.41604358038, 0.040955627799, 0.29642770224, 0.16570790621, 0.080865183381],
      [0.30787363548, 0.29317388741, 0.19086105522, 0.17884994705, 0.029241474839],
      [0.13622717228, 0.069028544862, 0.18423602455, 0.60305304561, 0.0074552126977],
      [0.013945357677, 0.010045651468, 0.28756997511, 0.43997234911, 0.24846666664],
      [0.2446793651, 0.18758227547, 0.042073427877, 0.42965497216, 0.096009959394]
    ],
    [
      [0.49059608386, 0.17851253546, 0.2130749153, 0.078988637564, 0.038827827817],
      [0.35898884797, 0.037934358811, 0.36044087706, 0.17142111922, 0.071214796943],
      [0.27097824025, 0.27724131362, 0.23682083434, 0.1886973199, 0.026262291897],
      [0.11347975253, 0.06170306906, 0.21630703845, 0.60217520698, 0.0063349329841],
      [0.011521017132, 0.0089016204968, 0.33461011809, 0.43556515401, 0.20940209027],
      [0.21875329288, 0.1800898098, 0.05306795172, 0.46050266813, 0.087586277469]
    ],
    [
      [0.49613109596, 0.16020199259, 0.25414166335, 0.058833323791, 0.030691924316],
      [0.35890322352, 0.033667485965, 0.4255989558, 0.12619096472, 0.055639369996],
      [0.28358804695, 0.25726903501, 0.29228322817, 0.14538509039, 0.021474599478],
      [0.13024524052, 0.062834996236, 0.29264650959, 0.5085939048, 0.005679348855],
      [0.012825334145, 0.0087926061814, 0.43953605133, 0.35677028088, 0.18207572747],
      [0.25786455329, 0.1882957202, 0.07361438042, 0.39955924308, 0.080666103016]
    ],
    [
      [0.49478627385, 0.21795396824, 0.18534824288, 0.066494405719, 0.035417109313],
      [0.38868505573, 0.04970498166, 0.33691635024, 0.15496524427, 0.069728368098],
      [0.2729432257, 0.33848147626, 0.20590001821, 0.15872919387, 0.023946085964],
      [0.12843169343, 0.08458593153, 0.21140255114, 0.56908418084, 0.0064956430687],
      [0.013326528241, 0.012472285069, 0.33447526685, 0.42095809956, 0.21876782028],
      [0.23113088043, 0.2305527651, 0.048374456199, 0.40624460449, 0.083697293779]
    ],
    [
      [0.54644780524, 0.10207753634, 0.20880881095, 0.071891352693, 0.07077449478],
      [0.37682767715, 0.020444670139, 0.33344833265, 0.14698600634, 0.12229331371],
      [0.33100994335, 0.17374782018, 0.25450626827, 0.18825645074, 0.052479517461],
      [0.13554443127, 0.03782148145, 0.22718733945, 0.58707153172, 0.012375216101],
      [0.011424537976, 0.0045296261812, 0.29214079342, 0.35252361232, 0.3393814301],
      [0.24944462365, 0.10537300541, 0.053100701581, 0.42873824781, 0.16334342155]
    ],
    [
      [0.35400144325, 0.19969315394, 0.29184022801, 0.099013881853, 0.055451292953],
      [0.23283547815, 0.038164701601, 0.44449235382, 0.19310301735, 0.091404449076],
      [0.17714770961, 0.28076196829, 0.29389132091, 0.21422790245, 0.033971098735],
      [0.067651836582, 0.057036345792, 0.24469592806, 0.6231446023, 0.007471287264],
      [0.0062908333417, 0.0075377108277, 0.3471359546, 0.41283631297, 0.22619918826],
      [0.13922861924, 0.17763710937, 0.063962635116, 0.50887144152, 0.11030019476]
    ],
    [
      [0.49912981337, 0.20281546373, 0.19232966038, 0.070056716758, 0.035668345762],
      [0.38395307209, 0.045282229766, 0.34221268303, 0.15979949403, 0.068752521074],
      [0.27683105421, 0.31631677182, 0.21462710338, 0.1680037623, 0.024221308288],
      [0.12546349725, 0.07612628383, 0.21210543366, 0.57998208021, 0.0063227050528],
      [0.012994444097, 0.011200748895, 0.33486330416, 0.42797338303, 0.21296811981],
      [0.23096368556, 0.21228056904, 0.049659405168, 0.42364217602, 0.083454164216]
    ],
    [
      [0.54685329592, 0.14947238914, 0.186056669, 0.073368755671, 0.044248890265],
      [0.40521989881, 0.032162578317, 0.3192569394, 0.16120490695, 0.082155676521],
      [0.31925899037, 0.2453116073, 0.21860033088, 0.18519826509, 0.031630806353],
      [0.13557472667, 0.055358013301, 0.20239607962, 0.59893412376, 0.0077370566497],
      [0.013443577849, 0.0077995875388, 0.30618440309, 0.42317773783, 0.2493946937],
      [0.25188882381, 0.15573452922, 0.047762671051, 0.44156642452, 0.1030475514]
    ]
  ],
  "expected_outcome": [
    [
      [30.233598123, 35.7492595632, 30.0240137112, 30.0449316798, 29.3225051799, 24.1651633695, 22.5255941018, 23.8632537226, 13.0426131644, 3.9678162386, 7.0171658009, 8.7539785307, 3.4206060008, 3.0317561927, 3.4874492275, 6.0005402827, 4.3906062943, 1.4061674545, 5.2752684881, 1.1348486626, 3.3144631869, 2.9215953756, 6.4473893394, 4.8212876655, 2.7188268297, 3.1513355578, 5.447033883, 3.0136308241, 4.9788284989, 4.5151135744, 3.7477182843, 2.0928505415, 5.5120232791, 3.7371268419, 4.0549641139, 6.0823947065, 2.8594958455, 3.4754471835, 1.777470218, 4.0294759669, 4.1458634575, 4.0841962902, 2.1524033157, 5.8871530064, 4.9613109596, 4.4530764646, 4.3715824419, 3.1860129893, 5.4904279471, 4.3748263674],
      [12.5632687526, 10.7643433343, 6.326539933, 11.3509554808, 8.4587587921, 12.1913296443, 9.2429371615, 8.7394482443, 5.4754330233, 1.4022647659, 2.502765589, 2.2011762362, 1.7625895889, 1.5727291645, 0.82782072356, 1.5453337242, 1.6483940684, 0.63947559518, 1.5608915908, 0.26626455059, 1.0207981266, 0.96826961895, 2.5628593033, 1.3342797575, 1.5546738774, 1.2721978646, 1.925746199, 0.56348602302, 1.6013023029, 2.5881735897, 0.86519152224, 0.93282180208, 0.94504058079, 1.5000239495, 1.8339716769, 0.76249254697, 0.81068315441, 0.97936391782, 1.0137456705, 1.2942647733, 2.3153015784, 1.8935025449, 0.72896618646, 2.1421504255, 1.6020199259, 1.9615857142, 0.81662029074, 1.7972383854, 2.230970101, 1.1957791132],
      [12.9981528745, 9.4977325119, 18.8523189153, 13.3079967108, 10.7016806567, 15.0371702851, 12.4920725281, 8.0057363706, 4.7612362835, 1.4663028384, 3.1609444861, 2.8175307025, 1.9702949025, 1.61006889, 1.8376352, 2.3252996961, 1.7888723648, 0.58733496394, 1.7176651615, 0.38731044372, 1.9730423745, 1.3238727208, 2.2879307385, 1.9407948633, 1.8710384181, 1.6502702252, 2.512868022, 1.5093063357, 1.3625669757, 2.6902140594, 1.6228062993, 0.61432488673, 2.2735209095, 2.0521896874, 2.2565780462, 1.9538515437, 1.4301063482, 1.662227078, 1.230245165, 2.2929450285, 2.1812836178, 1.9433897873, 0.66275884387, 2.5568989836, 2.5414166335, 1.6681341859, 1.6704704876, 2.6265620521, 2.1156262642, 1.488453352],
      [4.9459522133, 3.6145994851, 3.9828974055, 3.7370629864, 5.3492651808, 4.5159910101, 4.6908859854, 2.870634903, 2.3236764835, 0.78287835827, 1.003427989, 1.4249712738, 0.45658237616, 0.54708823526, 0.47272218505, 0.72447359689, 0.63677343678, 0.23108871455, 0.8397093447, 0.13840067514, 0.41541559638, 0.43442083033, 1.2737281767, 0.61951877279, 0.55267376358, 0.43133253647, 0.70109958764, 0.71292238302, 0.58248988544, 0.82912813289, 0.51993514056, 0.24949316468, 0.85434642196, 0.44694699931, 0.58356679379, 0.76876424311, 0.4396574679, 0.54465937186, 0.66354456667, 1.0268559744, 0.7527544995, 0.68786591037, 0.28900088287, 0.94786365077, 0.58833323791, 0.59844965147, 0.57513082154, 0.89112493668, 0.77062388434, 0.58695004537],
      [3.2590280367, 2.3740651056, 1.8142300349, 3.5590531423, 4.1677901906, 2.090345691, 1.0485102232, 2.5209267594, 1.3970410452, 0.38073779883, 0.31569613494, 0.80234325682, 0.38992713164, 0.23835751752, 0.37437266386, 0.40435270013, 0.53535383566, 0.13593327177, 0.60646541493, 0.073175667936, 0.27628071558, 0.35184145436, 0.42809244207, 0.28411894093, 0.3027871112, 0.49486381588, 0.41325230839, 0.20065443412, 0.474812337, 0.37737064353, 0.24434875358, 0.11050960498, 0.41506880866, 0.26371252195, 0.27091936921, 0.4324969597, 0.46005718399, 0.33830244883, 0.31499437985, 0.35645825695, 0.6047968468, 0.39104546721, 0.16687077115, 0.46593393381, 0.30691924316, 0.31875398382, 0.56619595824, 0.49906163657, 0.39235180338, 0.35399112212]
    ],
    [
      [2.4431355719, 3.6954047356, 2.6224116374, 4.2946849643, 3.5454307597, 2.0901657752, 3.5151932131, 4.80100343, 13.4170923912, 21.2466206407, 20.5600715536, 22.5794136636, 16.1652679524, 20.9545311368, 21.3530925601, 22.472536121, 15.4585410457, 3.5394088733, 1.1549778547, 5.0452496559, 1.9717928478, 4.1610055435, 4.0958727158, 1.9706089163, 1.9256926397, 3.8362513465, 2.5537379683, 1.9464273759, 1.7290060412, 2.7299160458, 3.7832644007, 2.6140016157, 5.2815226593, 3.7695723166, 2.3212380415, 3.4270786418, 4.5145047863, 2.7594604768, 0.69207592394, 2.0633136935, 2.1308160924, 3.6976629171, 2.9123050626, 2.1539330878, 2.5123225646, 2.7207953901, 3.7682767715, 1.3970128689, 3.8395307209, 4.0521989881],
      [0.29422528473, 0.32252012789, 0.16014962239, 0.47018214776, 0.2963930087, 0.30552378252, 0.41803640676, 0.50921084675, 1.6283273803, 2.16158009, 2.1120160821, 1.6323527837, 2.4028948204, 3.1253915151, 1.4573211655, 1.666670345, 1.6787728041, 0.46825457564, 0.099447811936, 0.34441351019, 0.17669254414, 0.40111489297, 0.47340948862, 0.15869740024, 0.32040122401, 0.44780558003, 0.26082493934, 0.10533583082, 0.16114449106, 0.45282628513, 0.2523507905, 0.33697732121, 0.26187289382, 0.43619211511, 0.30278231525, 0.12388779836, 0.36812618623, 0.22488643783, 0.11399736379, 0.19079383067, 0.34353495513, 0.49486533218, 0.28668939459, 0.22760615287, 0.23567240176, 0.34793487162, 0.20444670139, 0.22898820961, 0.45282229766, 0.32162578317],
      [2.4167047049, 2.2587656216, 3.7883665964, 4.3749532348, 2.9770736131, 2.9929589234, 4.4859678029, 3.7067345324, 11.2662592552, 18.0539216326, 21.2917487831, 16.7060745723, 21.4161496336, 25.5789036771, 25.8651404105, 20.0201837854, 14.4893637158, 3.4071524738, 0.8665391681, 3.967372115, 2.7053247983, 4.3431134513, 3.347091059, 1.8277638231, 3.0536918251, 4.6378627439, 2.7206901487, 2.2529771083, 1.0930290581, 3.7539266116, 3.7838233335, 1.774126216, 5.0257351946, 4.7843069707, 2.9901305982, 2.5464516876, 5.2226329099, 3.052445035, 1.1122149598, 2.7187515245, 2.5926800318, 4.066106445, 2.0749939157, 2.1626452623, 2.9791926906, 2.3584144517, 3.3344833265, 2.6669541229, 3.4221268303, 3.192569394],
      [1.18536822, 1.1086268769, 1.0319003985, 1.585432302, 1.9185176968, 1.1582407178, 2.1708139113, 1.7123431168, 7.0874626135, 12.4310683877, 8.7193384887, 10.90021216, 6.3994817942, 11.2151121697, 8.585583668, 8.0482693352, 6.6496510665, 1.7265149063, 0.54560687216, 1.8259024151, 0.73325318858, 1.8358428374, 2.4008656676, 0.75156248733, 1.1615155256, 1.5587720442, 0.97614679694, 1.3675094143, 0.60054536061, 1.4878070746, 1.5590130744, 0.92628427585, 2.4290123544, 1.3415526752, 0.99583502969, 1.2901880526, 2.0686819318, 1.2881406231, 0.77234280389, 1.5679133435, 1.1519258267, 1.8525594074, 1.1599553435, 1.0285267153, 0.88333675301, 1.0847567099, 1.4698600634, 1.1586181041, 1.5979949403, 1.6120490695],
      [0.66056621852, 0.61468263803, 0.39717174534, 1.2747473511, 1.2625849217, 0.45311080115, 0.40998866598, 1.2707080741, 3.6008583598, 5.1068092491, 2.3168250925, 5.1819468205, 4.6162057994, 4.1260615013, 5.7388621959, 3.7923404134, 4.7236713679, 0.858669171, 0.33342829314, 0.81706230377, 0.41293662121, 1.2589232748, 0.68276106898, 0.29136737303, 0.53869878562, 1.5193082853, 0.48860014673, 0.32775027078, 0.41627504904, 0.57552398289, 0.62154840093, 0.3486105712, 1.0018568979, 0.66837592242, 0.39001401535, 0.61239381961, 1.8260541857, 0.67506742729, 0.30936894861, 0.45922760783, 0.781043094, 0.88880589826, 0.56605628367, 0.42728878166, 0.38947558997, 0.48809857668, 1.2229331371, 0.54842669446, 0.68752521074, 0.82155676521]
    ],
    [
      [1.8117805015, 3.1100119698, 2.5746186173, 2.756391103, 2.5703210634, 1.5302330418, 2.8444280169, 2.6871005775, 2.3608139524, 2.1574893557, 2.5126542736, 1.2616078609, 3.2375514978, 2.0430524582, 2.6130097093, 3.8610810958, 6.0280413842, 13.9357966059, 18.1066151088, 20.3349121173, 15.1165920711, 15.9769907572, 14.3523060773, 18.6722651088, 11.7953754728, 2.259440455, 1.6743060992, 1.9192628453, 3.8905366116, 2.3315682882, 2.1808243868, 2.3250209779, 3.2487575422, 2.0718353375, 1.6941862247, 2.2671749005, 2.7071615611, 3.9175895529, 1.1851289644, 1.1638112448, 1.5130110757, 1.2106705447, 4.9259781677, 2.9807606427, 2.5522924226, 1.0917729028, 1.9860596601, 1.7714770961, 1.1073242168, 1.2770359615],
      [2.1086105819, 2.6228230554, 1.5197273318, 2.9166010594, 2.077422229, 2.1639320125, 3.2716944082, 2.7616586741, 2.7848300722, 2.1503726428, 2.525957844, 0.89516581518, 4.7005091566, 2.9909032535, 1.7508414383, 2.803788119, 6.3645291322, 17.7951472404, 15.0264454054, 13.3829825191, 13.0596699116, 14.8490052598, 15.9913534185, 14.4921256283, 18.9137828698, 2.5810602795, 1.6777295491, 1.0161190872, 3.5360270692, 3.7769428925, 1.427421653, 2.9418801461, 1.5736768509, 2.3698500484, 2.1912356012, 0.81130892429, 2.1974139158, 3.1444106156, 1.9446928676, 1.0713873572, 2.4081239586, 1.5962825974, 4.6907821986, 3.0496544498, 2.3154213151, 1.353925905, 1.0424869211, 2.8076196829, 1.2652670873, 0.98124642922],
      [1.5608666029, 1.6557995086, 3.2398376416, 2.4462207381, 1.8801273195, 1.9088639101, 3.1627418668, 1.8081389622, 1.7284070554, 1.5995357408, 2.2703187042, 0.81441163829, 3.7427566485, 2.1762318885, 2.7621441958, 3.0017743622, 4.9296143404, 11.7054118494, 11.8488051459, 13.94758376, 18.0863358844, 14.5449099555, 10.2272953596, 15.1051804496, 16.3113282441, 2.3850175857, 1.5579847907, 1.939535652, 2.1467622164, 2.7988030292, 1.9052978128, 1.3789398677, 2.6983403241, 2.3006716865, 1.9114816577, 1.4746402455, 2.7432660779, 3.7936261737, 1.6711770278, 1.3435095771, 1.6110185018, 1.1641485122, 3.0537768835, 2.6050291777, 2.6305490535, 0.82360007283, 1.5270376096, 2.9389132091, 0.85850841352, 0.87440132354],
      [1.2807513276, 1.3595283325, 1.476151661, 1.4827714677, 2.0266255395, 1.2355303175, 2.5596103161, 1.3966030477, 1.8172923824, 1.8397437103, 1.5530243154, 0.88760629415, 1.8682110649, 1.5936591708, 1.5313350896, 2.0155204704, 3.7797601325, 9.914925402, 12.4731759811, 10.7315796224, 8.1971113314, 10.2781289322, 12.2650426798, 10.3848228577, 10.3740526191, 1.3398368483, 0.93423647025, 1.9685241801, 1.9722390301, 1.8541326896, 1.3120046407, 1.2034093539, 2.17977232, 1.0775374965, 1.0632488457, 1.2479695006, 1.8143528525, 2.6739054593, 1.9382506728, 1.2940167311, 1.1956842484, 0.88618052781, 2.8615991528, 2.0756705189, 1.3084658135, 0.63491677546, 1.1295387045, 2.1422790245, 0.67201504921, 0.74079306035],
      [0.23799098602, 0.25183713369, 0.18966474823, 0.39801563174, 0.44550384854, 0.16144071808, 0.16152539197, 0.34649873856, 0.30865653762, 0.25285855049, 0.13804486285, 0.14120839144, 0.45097163228, 0.19615322906, 0.34266956703, 0.31783595266, 0.89805501074, 1.6487189023, 2.5449583588, 1.6029419813, 1.5402908015, 2.3509650952, 1.1640024647, 1.3456059557, 1.6054607943, 0.43464483141, 0.1557430907, 0.15655823552, 0.45443507281, 0.23855310054, 0.17445150661, 0.15074965433, 0.29945296277, 0.18010543117, 0.13984767064, 0.19890642917, 0.53780559271, 0.47046819857, 0.26075046739, 0.12727508978, 0.27216221545, 0.14271781787, 0.46786359742, 0.28888521087, 0.1932713953, 0.095784343858, 0.31487710477, 0.33971098735, 0.096885233151, 0.12652322541]
    ],
    [
