{
  "X": [
    [22, 17, 15, 29, 17],
    [21, 11, 14, 40, 14],
    [21, 13, 16, 43, 7],
    [29, 19, 16, 30, 6],
    [23, 13, 16, 31, 17],
    [15, 19, 21, 33, 12],
    [32, 13, 13, 34, 8],
    [16, 15, 20, 35, 14],
    [9, 29, 15, 40, 7],
    [11, 32, 20, 25, 12],
    [9, 35, 17, 29, 10],
    [12, 31, 10, 25, 22],
    [16, 38, 16, 21, 9],
    [13, 38, 13, 20, 16],
    [5, 32, 14, 33, 16],
    [9, 40, 11, 26, 14],
    [13, 31, 16, 27, 13],
    [18, 14, 27, 31, 10],
    [18, 16, 13, 28, 25],
    [20, 18, 14, 22, 26],
    [8, 14, 25, 28, 25],
    [14, 23, 17, 31, 15],
    [12, 15, 17, 32, 24],
    [14, 19, 20, 24, 23],
    [13, 23, 13, 35, 16],
    [21, 22, 29, 21, 7],
    [16, 20, 39, 15, 10],
    [10, 22, 30, 28, 10],
    [25, 16, 35, 18, 6],
    [13, 26, 32, 22, 7],
    [13, 21, 38, 25, 3],
    [15, 25, 33, 18, 9],
    [14, 28, 29, 19, 10],
    [15, 24, 31, 20, 10],
    [17, 23, 30, 13, 17],
    [26, 31, 26, 8, 9],
    [18, 30, 27, 9, 16],
    [18, 34, 26, 12, 10],
    [19, 35, 17, 18, 11],
    [22, 34, 22, 15, 7],
    [18, 32, 33, 7, 10],
    [12, 29, 36, 18, 5],
    [8, 22, 33, 20, 17],
    [7, 20, 34, 20, 19],
    [10, 21, 41, 16, 12],
    [8, 23, 42, 18, 9],
    [15, 16, 39, 17, 13],
    [13, 23, 22, 24, 18],
    [8, 14, 42, 19, 17],
    [9, 19, 30, 24, 18]
  ],
  "W": [
    [56, 2, 11, 5, 15, 11],
    [61, 7, 11, 7, 5, 9],
    [57, 11, 9, 5, 9, 9],
    [51, 7, 5, 13, 11, 13],
    [59, 10, 7, 7, 6, 11],
    [54, 10, 9, 5, 10, 12],
    [65, 10, 4, 5, 8, 8],
    [63, 7, 8, 6, 11, 5],
    [25, 44, 8, 7, 6, 10],
    [3, 58, 8, 12, 9, 10],
    [3, 59, 11, 5, 9, 13],
    [14, 51, 14, 6, 7, 8],
    [8, 51, 6, 8, 15, 12],
    [10, 55, 6, 10, 9, 10],
    [7, 66, 3, 12, 6, 6],
    [8, 62, 5, 7, 12, 6],
    [8, 44, 23, 10, 5, 10],
    [7, 5, 61, 8, 7, 12],
    [12, 6, 62, 7, 11, 2],
    [8, 6, 65, 12, 5, 4],
    [4, 6, 67, 7, 6, 10],
    [14, 5, 59, 11, 6, 5],
    [10, 8, 63, 8, 4, 7],
    [8, 6, 52, 11, 9, 14],
    [5, 10, 57, 9, 6, 13],
    [12, 10, 8, 60, 4, 6],
    [5, 12, 7, 56, 11, 9],
    [6, 7, 12, 57, 13, 5],
    [7, 8, 7, 56, 7, 15],
    [3, 6, 10, 61, 9, 11],
    [9, 10, 5, 62, 7, 7],
    [7, 9, 1, 60, 13, 10],
    [7, 9, 12, 62, 6, 4],
    [11, 9, 5, 28, 40, 7],
    [7, 9, 9, 10, 53, 12],
    [9, 10, 10, 4, 63, 4],
    [6, 7, 6, 8, 59, 14],
    [12, 9, 6, 4, 58, 11],
    [8, 9, 6, 8, 63, 6],
    [9, 8, 11, 7, 61, 4],
    [8, 7, 5, 8, 55, 17],
    [10, 5, 7, 9, 42, 27],
    [12, 9, 10, 6, 6, 57],
    [11, 7, 5, 7, 4, 66],
    [6, 12, 9, 15, 5, 53],
    [6, 16, 7, 7, 12, 52],
    [6, 11, 8, 10, 9, 56],
    [10, 11, 11, 8, 13, 47],
    [12, 7, 13, 11, 6, 51],
    [15, 11, 9, 6, 7, 52]
  ],
  "method": "mult",
  "cond_prob": [
    [
      [0.28902847828, 0.076472043209, 0.070274259857, 0.41785450737, 0.14637071129],
      [0.048555624916, 0.50600328917, 0.035058829504, 0.24359042114, 0.16679183527],
      [0.12647598981, 0.14665402311, 0.096279444933, 0.2729457653, 0.35764477685],
      [0.16938492639, 0.25005943516, 0.36865562425, 0.16901725619, 0.042882758008],
      [0.21146143777, 0.43861125876, 0.21832762928, 0.023217921197, 0.10838175299],
      [0.039768006544, 0.1786398465, 0.43864289002, 0.11336850895, 0.229580748]
    ],
    [
      [0.26736561679, 0.05134612316, 0.071878939312, 0.49496568454, 0.11444363619],
      [0.053436547339, 0.40524214952, 0.042655073234, 0.34349761287, 0.15516861704],
      [0.12756544968, 0.10741900837, 0.10742025715, 0.35269951481, 0.30489576998],
      [0.16725410621, 0.17938395136, 0.40366122811, 0.21390692572, 0.035793788587],
      [0.23662773276, 0.35696613149, 0.27057667616, 0.033315088938, 0.10251437065],
      [0.039935966959, 0.13030044883, 0.48891622947, 0.14595621838, 0.19489113636]
    ],
    [
      [0.2690314507, 0.050015337526, 0.080955323958, 0.54333857998, 0.056659307841],
      [0.056673821799, 0.41419479406, 0.050651145206, 0.39748108868, 0.08099915026],
      [0.14387995347, 0.11721333157, 0.13564305911, 0.4339974042, 0.16926625165],
      [0.16027341841, 0.16615663428, 0.43311391967, 0.2235783991, 0.016877628542],
      [0.24380558852, 0.35468989207, 0.31210234656, 0.037430006993, 0.051972165846],
      [0.041226788792, 0.13012212353, 0.56525960713, 0.16436213758, 0.099029342977]
    ],
    [
      [0.38623770225, 0.072876205294, 0.062621564556, 0.42380114522, 0.05446338268],
      [0.073175825773, 0.54271649937, 0.035267069499, 0.27877871886, 0.070061886502],
      [0.2099896458, 0.17364279972, 0.10661829934, 0.34406037816, 0.16568887698],
      [0.23101611229, 0.24307228163, 0.33466433838, 0.17496716484, 0.01628010286],
      [0.29499268789, 0.43545146313, 0.20288143622, 0.02457533969, 0.042099073076],
      [0.065282332483, 0.20916730996, 0.47916111246, 0.14130580239, 0.1050834427]
    ],
    [
      [0.30968950398, 0.05626320192, 0.080233076001, 0.40532627601, 0.14848794209],
      [0.059792700401, 0.42783611538, 0.046015287172, 0.2717858765, 0.19457002054],
      [0.13807850988, 0.10996177112, 0.11205905016, 0.26992972935, 0.36997093949],
      [0.18243703219, 0.18494700165, 0.42393793165, 0.16494709252, 0.043730941982],
      [0.24330918463, 0.34642846532, 0.26797442254, 0.024211657875, 0.11807626964],
      [0.041797277967, 0.12897262137, 0.49261392573, 0.10800558683, 0.22861058811]
    ],
    [
      [0.22052553363, 0.080667351025, 0.10800758713, 0.48352586897, 0.10727365925],
      [0.036032701791, 0.51814791189, 0.052441934849, 0.27439591696, 0.11898153451],
      [0.098718286001, 0.15826092603, 0.15147055798, 0.32329461169, 0.2682556183],
      [0.10883988556, 0.22202653447, 0.47784387351, 0.16481071831, 0.026478988158],
      [0.15145982167, 0.43347791104, 0.31524594526, 0.025234501414, 0.074581820624],
      [0.025409580221, 0.15783972164, 0.56576269466, 0.10997450473, 0.14101349875]
    ],
    [
      [0.39014434139, 0.054489030175, 0.069980845048, 0.41467382978, 0.070711953608],
      [0.083685171414, 0.46012451419, 0.044549316504, 0.30875461847, 0.10288637942],
      [0.20946387491, 0.12818828459, 0.11768093277, 0.33243595051, 0.21223095722],
      [0.23718730074, 0.18479799636, 0.38240319723, 0.17413400444, 0.02147750122],
      [0.32028217452, 0.35056794805, 0.24452340165, 0.025887400605, 0.05873907518],
      [0.063632351944, 0.15084837821, 0.52053166874, 0.1334779838, 0.1315096173]
    ],
    [
      [0.20764770711, 0.068855377575, 0.1182910263, 0.47351543354, 0.13169045548],
      [0.035769151027, 0.4668912328, 0.060458716582, 0.28304864289, 0.1538322567],
      [0.089407826248, 0.12989261566, 0.15950925449, 0.30437232956, 0.31681797404],
      [0.10139986557, 0.1875578994, 0.51923601782, 0.15967686256, 0.032129354653],
      [0.14622514516, 0.3800211661, 0.3545676256, 0.025350403334, 0.093835659801],
      [0.022555829235, 0.12692596647, 0.58599503323, 0.10146951308, 0.16305365799]
    ],
    [
      [0.18996759325, 0.064666604171, 0.082568494728, 0.60737898517, 0.055418322682],
      [0.034755031464, 0.46278399786, 0.045147828237, 0.38807689659, 0.069236245855],
      [0.097187229454, 0.14528464558, 0.13290396979, 0.46572701143, 0.15889714375],
      [0.10896553622, 0.20672347986, 0.42721390119, 0.24114383991, 0.015953242826],
      [0.1656755371, 0.43802101421, 0.30704101222, 0.040255103163, 0.049007333307],
      [0.027424366978, 0.15917041768, 0.5475672041, 0.17399849486, 0.091839516382]
    ],
    [
      [0.32099408308, 0.054673832107, 0.094811263095, 0.43778143431, 0.091739387407],
      [0.065178901527, 0.43623723032, 0.057983731903, 0.31244109345, 0.1281590428],
      [0.15756876677, 0.11836767007, 0.14709218411, 0.32335959096, 0.25361178809],
      [0.17512406351, 0.16672206443, 0.46727374155, 0.16566341961, 0.025216710903],
      [0.25148340293, 0.33254888091, 0.31690448666, 0.026041991422, 0.073021238068],
      [0.042397668448, 0.1240213304, 0.57797967092, 0.11540045602, 0.14020087421]
    ],
    [
      [0.28119629753, 0.060276863897, 0.086010769846, 0.50246164379, 0.070054424932],
      [0.0544452055, 0.45934951977, 0.050231248316, 0.34252400249, 0.093450023917],
      [0.14267733477, 0.13502928431, 0.13809263848, 0.38404988854, 0.20015085389],
      [0.15786388885, 0.1893042249, 0.43713412654, 0.19585606936, 0.019841690362],
      [0.22933475432, 0.38183039529, 0.29961902557, 0.031136269425, 0.058079555385],
      [0.039507579622, 0.14569036982, 0.55961897288, 0.14115675002, 0.11402632765]
    ],
    [
      [0.30433333069, 0.063551347986, 0.060554369356, 0.40778659586, 0.16377435611],
      [0.055082908416, 0.45061932711, 0.032847958832, 0.25846257747, 0.20298722816],
      [0.13199403344, 0.12124457487, 0.082806871579, 0.26553313695, 0.39842138316],
      [0.19361625446, 0.22556712765, 0.34865076597, 0.17976888877, 0.052396963148],
      [0.24277178765, 0.39358231009, 0.20632989483, 0.024722808477, 0.13259319895],
      [0.04420727794, 0.15784132701, 0.40625550512, 0.11785168378, 0.27384420615]
    ],
    [
      [0.40415051602, 0.068257468494, 0.072926173488, 0.38377423245, 0.070891609548],
      [0.07882959289, 0.52155167419, 0.042695615662, 0.26212203875, 0.094801078513],
      [0.2117116648, 0.15735439555, 0.12044847377, 0.30176668686, 0.20871877902],
      [0.23184762281, 0.21849275944, 0.37684180946, 0.15236824775, 0.020449560538],
      [0.3003745184, 0.39363149858, 0.23089068378, 0.02162493975, 0.053478359486],
      [0.06216664362, 0.17966464203, 0.51512952316, 0.11732552823, 0.12571366296]
    ],
    [
      [0.36192130735, 0.073555426169, 0.069348051025, 0.35999077467, 0.13518444079],
      [0.064134060565, 0.51097985745, 0.036902230662, 0.2236404687, 0.16434338263],
      [0.16410020748, 0.14683223258, 0.099201913691, 0.24521382275, 0.3446518235],
      [0.21091055785, 0.23926803919, 0.36482631435, 0.14536918184, 0.039625906778],
      [0.2597882526, 0.40977267522, 0.21231044829, 0.01962180323, 0.098506820657],
      [0.051031199488, 0.17759658414, 0.4504158106, 0.101059429, 0.21989697677]
    ],
    [
      [0.15394148341, 0.055627644167, 0.084821719104, 0.56713587355, 0.13847327977],
      [0.027784320619, 0.39428419494, 0.046082193139, 0.3599000406, 0.1719492507],
      [0.066885842044, 0.10658048839, 0.11652685542, 0.37089789345, 0.3391089207],
      [0.09067808784, 0.1831056276, 0.45324904047, 0.23189022037, 0.041077023721],
      [0.13597224986, 0.38130317826, 0.32039681035, 0.038082787911, 0.12424497361],
      [0.019785764013, 0.12275944335, 0.50589077363, 0.14559884455, 0.20596517446]
    ],
    [
      [0.26133036016, 0.072149855104, 0.070306600177, 0.47591459699, 0.12029858756],
      [0.045091704156, 0.48790442998, 0.03643760684, 0.28806779895, 0.14249846007],
      [0.1191606649, 0.14487872811, 0.10123291244, 0.32614115927, 0.30858653527],
      [0.15445668733, 0.23803827464, 0.37675772945, 0.19497190314, 0.035775405442],
      [0.20418973242, 0.4372665031, 0.23486852422, 0.028239494062, 0.095435746202],
      [0.036848435562, 0.17429168093, 0.45934173886, 0.1336901467, 0.19582799794]
    ],
    [
      [0.33296127342, 0.06525848835, 0.078872123354, 0.43739770377, 0.085510411111],
      [0.063416559386, 0.48788389811, 0.045088226667, 0.29198287861, 0.11162843723],
      [0.166021952, 0.14325393702, 0.12402589404, 0.32760894231, 0.23908927463],
      [0.1897155806, 0.20762711909, 0.4054012579, 0.17273050688, 0.024525535539],
      [0.25682826795, 0.39119029092, 0.25937849725, 0.025634933109, 0.06696801077],
      [0.048010748909, 0.16110399862, 0.52327390428, 0.1255708749, 0.14204047329]
    ],
    [
      [0.3376412599, 0.047680397323, 0.10243884516, 0.46705629522, 0.045183202395],
      [0.075654549976, 0.42160161075, 0.068600821446, 0.36510865371, 0.069034364115],
      [0.18545826289, 0.11515207044, 0.17683585031, 0.3842225576, 0.13833125876],
      [0.18073582566, 0.1426613877, 0.49157265747, 0.17286948786, 0.012160641318],
      [0.27511073235, 0.30400038425, 0.35465773067, 0.028884108654, 0.037347044075],
      [0.046497013706, 0.11210945919, 0.6427008922, 0.12744328116, 0.071249353745]
    ],
    [
      [0.32006721758, 0.056528354778, 0.066519752982, 0.4320308618, 0.12485381286],
      [0.062800497971, 0.43636027369, 0.038910421284, 0.2952229294, 0.16670587766],
      [0.15107510517, 0.11714109691, 0.09859686305, 0.30508716835, 0.32809976652],
      [0.2006589737, 0.19780742473, 0.3750451015, 0.18717806896, 0.039310431121],
      [0.26575579335, 0.36677987183, 0.23512405245, 0.027234555045, 0.10510572733],
      [0.048457900814, 0.14577497106, 0.46036905463, 0.12940424004, 0.21599383347]
    ],
    [
      [0.39163120176, 0.068062788596, 0.06659333828, 0.34391943102, 0.12979324035],
      [0.073094264011, 0.50094208615, 0.037104689244, 0.22382052723, 0.16503843337],
      [0.18318139819, 0.13990095486, 0.097864813065, 0.24085618851, 0.33819664538],
      [0.23407431652, 0.22729386159, 0.35749541407, 0.14214984177, 0.03898656605],
      [0.28686744339, 0.39007981677, 0.20749605871, 0.019133445322, 0.096423235807],
      [0.05793975666, 0.17177207048, 0.44981809181, 0.10079369112, 0.21967638993]
    ],
    [
      [0.18774458468, 0.057110817926, 0.12211338013, 0.50271020712, 0.13032101015],
      [0.034439941625, 0.41355486383, 0.066978457448, 0.32193427789, 0.16309245921],
      [0.081539517878, 0.10909346144, 0.16676046244, 0.3271367507, 0.31546980754],
      [0.093100361422, 0.1583329182, 0.54361182792, 0.17244700617, 0.032507886288],
      [0.14177122134, 0.33744207862, 0.39211379687, 0.028823222253, 0.099849680926],
      [0.020345477288, 0.10572695028, 0.60411269494, 0.10802699702, 0.16178788047]
    ],
    [
      [0.26186374083, 0.091364918022, 0.081841431187, 0.48521416945, 0.079715740504],
      [0.041294764277, 0.56807453462, 0.038492519588, 0.26657130228, 0.085566879238],
      [0.12528026363, 0.19199389852, 0.1229424029, 0.34737732543, 0.21240610952],
      [0.13911610114, 0.27113542335, 0.39028530259, 0.17819435731, 0.021268815611],
      [0.18150807693, 0.4956926398, 0.24123377643, 0.025543162818, 0.056022344021],
      [0.035276756466, 0.20978534157, 0.50281172075, 0.12937837782, 0.12274780339]
    ],
    [
      [0.24314867665, 0.057111741198, 0.083477951164, 0.49661325835, 0.11964837264],
      [0.045935241041, 0.42561805029, 0.047096583349, 0.32729569427, 0.15405443104],
      [0.11220555987, 0.11584618786, 0.12107110562, 0.34324192819, 0.30763521846],
      [0.14167190328, 0.1859606784, 0.43715305917, 0.20017051161, 0.035043847541],
      [0.20189258573, 0.37105627129, 0.29495216399, 0.031329079506, 0.10076989948],
      [0.032917208548, 0.13194629054, 0.51649569159, 0.13326261003, 0.1853781993]
    ],
    [
      [0.29446313521, 0.069134413036, 0.078526884959, 0.4301777355, 0.1276978313],
      [0.052357173783, 0.48436487445, 0.041730171343, 0.26673015098, 0.15481762945],
      [0.13376721677, 0.13804183313, 0.11208084589, 0.29257803821, 0.32353206599],
      [0.16874636256, 0.22132918624, 0.40278883657, 0.17035571583, 0.036779898793],
      [0.22134280144, 0.40618299595, 0.25058982935, 0.024522264848, 0.097362108407],
      [0.040016434469, 0.16033798652, 0.48517074309, 0.11574419982, 0.19873063609]
    ],
    [
      [0.26273072564, 0.072214971148, 0.049204056496, 0.54098188495, 0.074868361765],
      [0.046440011289, 0.50324467017, 0.026023273101, 0.33395017192, 0.090341873519],
      [0.1338040444, 0.16176524271, 0.078809122372, 0.41289816087, 0.21272342965],
      [0.17290826412, 0.26561609783, 0.29040786724, 0.24628163807, 0.024786132735],
      [0.22783319154, 0.4893463941, 0.18133359917, 0.03560768382, 0.065879131365],
      [0.046322798981, 0.21755129844, 0.39560345369, 0.18917901409, 0.1513434348]
    ],
    [
      [0.36357872774, 0.064270370532, 0.072863750633, 0.4095642277, 0.089722923387],
      [0.070789603011, 0.49048714373, 0.042337673071, 0.27725493062, 0.11913064957],
      [0.18249038387, 0.14152817239, 0.11468889194, 0.30713661105, 0.25415594075],
      [0.2142314835, 0.21109961425, 0.38195904362, 0.16631502538, 0.026394833255],
      [0.28088465958, 0.38686534758, 0.23817036137, 0.023920973566, 0.070158657907],
      [0.055261134923, 0.16623882352, 0.49917879333, 0.12274340577, 0.15657784246]
    ],
    [
      [0.32633525207, 0.057222856453, 0.10433238682, 0.37444586179, 0.13766364287],
      [0.063743467789, 0.43758186358, 0.060879336638, 0.25426276835, 0.18353256364],
      [0.14561952082, 0.11205236136, 0.14608010733, 0.24956592177, 0.34668208872],
      [0.17175409059, 0.16783996779, 0.48857804327, 0.13562656021, 0.036201338147],
      [0.23637625337, 0.32245778391, 0.31975690459, 0.020449124873, 0.10095993327],
      [0.039199546513, 0.1170364485, 0.56517534419, 0.088574254953, 0.19001440584]
    ],
    [
      [0.16357425383, 0.057318037462, 0.070725823869, 0.59428887142, 0.11409301342],
      [0.029959937719, 0.41091097518, 0.038653744118, 0.37802549911, 0.14244984388],
      [0.075494811184, 0.11602378732, 0.10235206913, 0.40942784647, 0.2967014859],
      [0.10367216285, 0.20239749694, 0.39868602825, 0.25912167696, 0.036122635006],
      [0.15298797059, 0.41724418126, 0.27983640169, 0.041909609501, 0.10802183697],
      [0.024042713562, 0.14330809819, 0.46837809276, 0.1718607098, 0.19241038569]
    ],
    [
      [0.44125993659, 0.043068588918, 0.074856575611, 0.37367092494, 0.067143973934],
      [0.10729133653, 0.41086611278, 0.054393388868, 0.31600019452, 0.1114489673],
      [0.24483772487, 0.10492289842, 0.13034344504, 0.30978346892, 0.21011246276],
      [0.26937714996, 0.14664416492, 0.4064307011, 0.15705657179, 0.020491412232],
      [0.37090246284, 0.28208771101, 0.26616325457, 0.023692731639, 0.05715383994],
      [0.072846350403, 0.12115280889, 0.55706777061, 0.12155945266, 0.12737361744]
    ],
    [
      [0.2441582798, 0.074467928202, 0.073103797416, 0.52118726442, 0.087082730161],
      [0.042182358515, 0.50445131652, 0.037733386087, 0.31294931668, 0.1026836222],
      [0.11795099206, 0.15791287445, 0.11080428999, 0.37599226607, 0.23733957743],
      [0.14266504106, 0.24262411471, 0.37979343009, 0.20948932525, 0.025428088888],
      [0.19364624839, 0.46005348154, 0.24522331883, 0.031143972654, 0.069932978579],
      [0.035733807944, 0.18563920827, 0.48205653112, 0.15013455825, 0.14643589442]
    ],
    [
      [0.24056080341, 0.061367141208, 0.095903400397, 0.55790506524, 0.04426358975],
      [0.046517854114, 0.46477416736, 0.055358690165, 0.37494765809, 0.058401630272],
      [0.12700204585, 0.14213355104, 0.15878856919, 0.43990386903, 0.13217196489],
      [0.13062246549, 0.18570366948, 0.46310181382, 0.20858148092, 0.011990570292],
      [0.19865760454, 0.39456246949, 0.33501225777, 0.034777112358, 0.036990555843],
      [0.033349219902, 0.14477670479, 0.59900483447, 0.15234664646, 0.070522594371]
    ],
    [
      [0.27205777318, 0.067663261031, 0.077618020333, 0.44297330673, 0.13968763872],
      [0.04821223431, 0.46919314849, 0.041062989472, 0.27257333652, 0.16895829121],
      [0.12011985473, 0.13104386623, 0.10747270948, 0.29188154725, 0.34948202232],
      [0.15881065827, 0.22005097874, 0.40274242776, 0.17774718356, 0.040648751676],
      [0.20905380688, 0.40449338518, 0.25222610256, 0.025627662034, 0.10859904335],
      [0.036786466406, 0.15566923414, 0.47257049346, 0.11775117953, 0.21722262647]
    ],
    [
      [0.2703133433, 0.087271178448, 0.079094903094, 0.42832356017, 0.13499701498],
      [0.042665665819, 0.53973309041, 0.037265209812, 0.23502034803, 0.14531568593],
      [0.11740579661, 0.16630370432, 0.10774380092, 0.27790274396, 0.33064395418],
      [0.1482893021, 0.2668517543, 0.38601497625, 0.16185128036, 0.036992686978],
      [0.18595153177, 0.46757456865, 0.23020780247, 0.022255299562, 0.094010797545],
      [0.035037909142, 0.19252533134, 0.46213469528, 0.10941352949, 0.20088853475]
    ],
    [
      [0.22246571864, 0.051795894547, 0.085095186016, 0.53194462444, 0.10869857635],
      [0.043842481794, 0.39758876229, 0.049954729466, 0.36284612165, 0.1457679048],
      [0.10498761133, 0.10703803808, 0.12581720536, 0.37379001858, 0.28836712664],
      [0.13189899597, 0.17075848162, 0.44904737914, 0.21610935404, 0.032185789225],
      [0.19610768444, 0.35426873407, 0.31748005199, 0.035169026655, 0.096974502846],
      [0.030803464616, 0.12170538792, 0.53104083524, 0.14412946356, 0.17232084866]
    ],
    [
      [0.26915172393, 0.047594277142, 0.089707501792, 0.43690905129, 0.15663744585],
      [0.054223121871, 0.37314660354, 0.053847430069, 0.30411467581, 0.21466816871],
      [0.11775018357, 0.091177248998, 0.12298966927, 0.28417612403, 0.38390677414],
      [0.15744932253, 0.15477548738, 0.4674006707, 0.17453514329, 0.0458393761],
      [0.22259826048, 0.30514882373, 0.3141256441, 0.02695321393, 0.13117405776],
      [0.034651422085, 0.10398931726, 0.52106198462, 0.10963605457, 0.23066122147]
    ],
    [
      [0.42479533043, 0.067781274295, 0.101428011, 0.31156253165, 0.094432852625],
      [0.083693007551, 0.51864187478, 0.059459994528, 0.21178330607, 0.12642181707],
      [0.20920843899, 0.1460449918, 0.15646257778, 0.22790561509, 0.26037837633],
      [0.21611781409, 0.19152539354, 0.46021090275, 0.10812696602, 0.024018923599],
      [0.28351648871, 0.35034417321, 0.28684561689, 0.01549482612, 0.063798895062],
      [0.05418015383, 0.14650910336, 0.58439415976, 0.077315397039, 0.13760118601]
    ],
    [
      [0.30235923682, 0.065183982086, 0.083123445277, 0.38393408168, 0.16539925414],
      [0.05463862141, 0.4581462516, 0.044748781897, 0.23916302632, 0.20330331877],
      [0.12893835407, 0.12169679779, 0.11106231304, 0.24296437389, 0.3953381612],
      [0.17293404067, 0.20720392138, 0.42315274418, 0.14940234941, 0.047306944361],
      [0.22310128321, 0.37273546273, 0.25958834267, 0.021013655305, 0.12356125608],
      [0.038805506234, 0.14193408835, 0.4808450353, 0.095610988616, 0.2428043815]
    ],
    [
      [0.29420552578, 0.076030940957, 0.090790064282, 0.43562619876, 0.10334727022],
      [0.051369665632, 0.51612424913, 0.047191901366, 0.26264778873, 0.12266639514],
      [0.1376277694, 0.15566091161, 0.13304342485, 0.30286713998, 0.27080075417],
      [0.15693006956, 0.22534108132, 0.43150092231, 0.1586657431, 0.027562183717],
      [0.20939471363, 0.41934831489, 0.27366060298, 0.023134302887, 0.07446206561],
      [0.038156803746, 0.16720292699, 0.53136154643, 0.11007450322, 0.15320421961]
    ],
    [
      [0.23336098439, 0.05698135106, 0.045426343587, 0.57058833005, 0.093642990921],
      [0.045008296332, 0.42685052433, 0.026075056515, 0.37930306818, 0.12276305465],
      [0.11687081656, 0.12485679226, 0.071252881567, 0.4240754292, 0.26294408041],
      [0.16790787411, 0.227718857, 0.29116788569, 0.27953854784, 0.033666835355],
      [0.23238935837, 0.43945041176, 0.19156016692, 0.042217423031, 0.094382639927],
      [0.043004266064, 0.177971615, 0.37761711695, 0.20413895364, 0.19726804834]
    ],
    [
      [0.30707998901, 0.065689951958, 0.071348287849, 0.49250909868, 0.063372672503],
      [0.059036282565, 0.49063647977, 0.040814061123, 0.32672918322, 0.082783993328],
      [0.16124863423, 0.15091656419, 0.11733981561, 0.38417541587, 0.1863195701],
      [0.18325124142, 0.21774451814, 0.37954529985, 0.2005534112, 0.018905529389],
      [0.25189671226, 0.41743116771, 0.24793141519, 0.030120294129, 0.052620410705],
      [0.048557640728, 0.17604141691, 0.50933773972, 0.15158014702, 0.11448305562]
    ],
    [
      [0.35851807071, 0.083813125882, 0.11609743319, 0.32250449609, 0.11906687413],
      [0.060869986851, 0.55387120368, 0.058737562452, 0.18898506337, 0.13753618364],
      [0.16035457512, 0.16416049342, 0.16271867568, 0.21426783369, 0.2984984221],
      [0.16775891268, 0.21803014997, 0.48348369434, 0.10286052603, 0.027866716983],
      [0.21804741006, 0.39521208235, 0.29882945778, 0.014588462304, 0.073322587508],
      [0.03982111591, 0.15799827545, 0.58121540312, 0.069665217174, 0.15129998835]
    ],
    [
      [0.21427004654, 0.070871987392, 0.09526080726, 0.57571600017, 0.043881158639],
      [0.038547432856, 0.49791744692, 0.051141268066, 0.35862647632, 0.053767375838],
      [0.11120612974, 0.16126914769, 0.15504337888, 0.44491331526, 0.12756802842],
      [0.11443428967, 0.21071935811, 0.45270266902, 0.21040610633, 0.011737576864],
      [0.17067422346, 0.43854299054, 0.32108149065, 0.034291463438, 0.035409831916],
      [0.029183343494, 0.16413060016, 0.58494505123, 0.15330668409, 0.068434321029]
    ],
    [
      [0.2431509144, 0.078798813917, 0.07784816194, 0.48062263037, 0.11957947938],
      [0.039798669935, 0.5116107299, 0.038381732571, 0.27574427353, 0.13446459406],
      [0.10904245198, 0.15602775892, 0.11011118713, 0.32365565128, 0.30116295069],
      [0.1371840057, 0.24925785259, 0.39211487788, 0.18744113837, 0.034002125466],
      [0.18041800235, 0.45768498755, 0.24480473168, 0.026950394084, 0.090141884346],
      [0.032547084068, 0.18135297642, 0.47344386377, 0.12780947014, 0.1848466056]
    ],
    [
      [0.22816209244, 0.072214965241, 0.069901196452, 0.49796320686, 0.131758539],
      [0.038208828734, 0.48152161908, 0.035359271908, 0.29290727414, 0.15200300614],
      [0.10101942729, 0.14144577322, 0.097773710613, 0.3314771361, 0.32828395277],
      [0.13670598178, 0.24302662568, 0.37411553855, 0.20631270642, 0.039839147562],
      [0.18076490401, 0.44856954991, 0.23475647686, 0.029785792092, 0.10612327712],
      [0.031812961636, 0.17365983634, 0.44358697356, 0.13815351974, 0.21278670871]
    ],
    [
      [0.32911112672, 0.069987466721, 0.095809753638, 0.41339633698, 0.09169531594],
      [0.060112058375, 0.5068973523, 0.052794196509, 0.26494589855, 0.11525049427],
      [0.15839296975, 0.14882124475, 0.14557340549, 0.29893869155, 0.24827368846],
      [0.17236327606, 0.20553850326, 0.4482240346, 0.14965964656, 0.024214539515],
      [0.23392407523, 0.38896929545, 0.28868612924, 0.022186704457, 0.066233795621],
      [0.042327295492, 0.15494984679, 0.5605805171, 0.1056946536, 0.13644768702]
    ],
    [
      [0.26232355981, 0.069109316812, 0.10520330335, 0.49439156411, 0.068972255915],
      [0.047518815239, 0.49509652643, 0.057464942674, 0.31398228686, 0.085937428802],
      [0.12923800105, 0.15033243542, 0.16359401864, 0.36574492167, 0.19109062323],
      [0.13345076959, 0.1969501311, 0.47821603096, 0.17369377387, 0.017689294478],
      [0.19358285044, 0.39801061826, 0.3291713076, 0.027514874056, 0.051720349649],
      [0.032720184617, 0.14825117643, 0.59710854991, 0.12243110751, 0.099488981537]
    ],
    [
      [0.4114636919, 0.043630784705, 0.07524517526, 0.38836062396, 0.081299724173],
      [0.095927931679, 0.4031914245, 0.05292308752, 0.31753456545, 0.13042299085],
      [0.21859519539, 0.10240447123, 0.12619905759, 0.30986983016, 0.24293144563],
      [0.25129455257, 0.14940072061, 0.41045753043, 0.163808873, 0.025038323393],
      [0.34770172119, 0.28819951608, 0.26953329982, 0.024746360483, 0.069819102425],
      [0.065343552989, 0.1192645372, 0.54354855571, 0.12247581142, 0.14936754269]
    ],
    [
      [0.29078587354, 0.059816657405, 0.0458321824, 0.49408304764, 0.10948223902],
      [0.055217994125, 0.44822851055, 0.02614723757, 0.32792992299, 0.14247633476],
      [0.1416145123, 0.12835337965, 0.070289300674, 0.36063892932, 0.29910387805],
      [0.20330688269, 0.23394885329, 0.28588273662, 0.23834363965, 0.03851788775],
      [0.26427573732, 0.42434959082, 0.17647827816, 0.033884266932, 0.10101212676],
      [0.051613399619, 0.18195351027, 0.36892863206, 0.17364930127, 0.22385515678]
    ],
    [
      [0.23655839797, 0.05448688787, 0.10738029421, 0.47212570591, 0.12944871404],
      [0.044997638786, 0.41052401834, 0.061404024781, 0.31423654505, 0.16883777304],
      [0.1051603556, 0.10682061878, 0.1503697716, 0.31481462891, 0.32283462511],
      [0.12510143225, 0.16141516115, 0.50654657381, 0.17247384077, 0.034462992023],
      [0.1840853447, 0.33187140784, 0.35399310984, 0.02776617435, 0.10228396327],
      [0.027929895727, 0.11039196671, 0.57496956954, 0.11056004525, 0.17614852277]
    ],
    [
      [0.23481095966, 0.061529085359, 0.07015120929, 0.51170287739, 0.1218058683],
      [0.042644529173, 0.44210370846, 0.038301329575, 0.32525478658, 0.15169564621],
      [0.10779703131, 0.12455107708, 0.10145788754, 0.35243380772, 0.31376019635],
      [0.14491845099, 0.21264140403, 0.38636149782, 0.2182345195, 0.037844127661],
      [0.19974351935, 0.40927276, 0.25286076639, 0.032913878467, 0.10520907579],
      [0.034064646348, 0.153143352, 0.4618041405, 0.1473044579, 0.20368340325]
    ]
  ],
  "expected_outcome": [
    [
      [16.1855947835, 16.3093026244, 15.3347926898, 19.6981228148, 18.2716807347, 11.9083788162, 25.3593821905, 13.0818055478, 4.7491898313, 0.96298224924, 0.8435888926, 4.2606666296, 3.2332041282, 3.6192130735, 1.0775903839, 2.0906428813, 2.6636901874, 2.3634888193, 3.840806611, 3.1330496141, 0.75097833871, 3.6660923717, 2.4314867665, 2.3557050816, 1.3136536282, 4.3629447329, 1.6316762603, 0.98144552296, 3.0888195561, 0.7324748394, 2.1650472306, 1.9044044123, 1.8921934031, 2.4471229051, 1.8840620675, 3.8231579739, 1.8141554209, 3.5304663094, 1.8668878751, 2.763719901, 2.8681445657, 2.1427004654, 2.9178109728, 2.5097830169, 1.9746667603, 1.5739413589, 2.4687821514, 2.9078587354, 2.8387007756, 3.5221643948],
      [4.2824344197, 3.1321135128, 2.850874239, 3.71668647, 3.3195289133, 4.3560369554, 3.5417869614, 4.3378887872, 1.6166651043, 0.16402149632, 0.18083059169, 0.88971887181, 0.54605974795, 0.73555426169, 0.38939350917, 0.57719884083, 0.5220679068, 0.33376278126, 0.67834025733, 0.54450230877, 0.2284432717, 1.2791088523, 0.57111741198, 0.55307530429, 0.36107485574, 0.77124444639, 0.28611428227, 0.34390822477, 0.30148012243, 0.22340378461, 0.55230427087, 0.47364282722, 0.61089824914, 0.56975484002, 0.33315993999, 0.61003146865, 0.39110389251, 0.91237129148, 0.45585080848, 0.59120956762, 0.67050500706, 0.70871987392, 0.94558576701, 0.79436461765, 0.41992480032, 0.41465590087, 0.26178470823, 0.59816657405, 0.65384265444, 0.92293628039],
      [3.935358552, 4.384615298, 4.6144534656, 3.1936997924, 4.733751484, 5.832409705, 4.5487549281, 7.4523346571, 2.0642123682, 0.28443378929, 0.25803230954, 0.84776117099, 0.5834093879, 0.69348051025, 0.59375203372, 0.56245280141, 0.63097698683, 0.71707191613, 0.79823703578, 0.53274670624, 0.48845352052, 1.1457800366, 0.83477951164, 0.62821507967, 0.24602028248, 0.8743650076, 0.52166193409, 0.42435494321, 0.52399602928, 0.21931139225, 0.86313060357, 0.54332614233, 0.55366432166, 0.93604704618, 0.62795251254, 0.91285209898, 0.49874067166, 1.0894807714, 0.3634107487, 0.64213459065, 0.92877946549, 0.9526080726, 0.93417794328, 0.76891316097, 0.57485852183, 0.63121982012, 0.45147105156, 0.458321824, 1.2885635305, 1.0522681393],
      [23.3998524125, 30.192906757, 30.9702990587, 21.6138584062, 23.9142502846, 26.1103969241, 26.9537989356, 29.831472313, 15.1844746291, 1.3133443029, 1.5073849314, 5.709012342, 3.0701938596, 3.5999077467, 3.9699511148, 3.807316776, 3.4991816301, 3.2693940666, 5.1843703416, 2.7513554481, 2.0108408285, 6.7929983723, 4.9661325835, 3.441421884, 2.7049094248, 4.9147707325, 1.8722293089, 3.5657332285, 2.6156964746, 1.5635617933, 5.0211455872, 3.1008131471, 2.9982649212, 5.8513908689, 3.058363359, 2.8040627848, 2.3036044901, 5.2275143852, 4.5647066404, 4.4325818882, 2.5800359687, 5.7571600017, 5.7674715644, 5.4775952755, 2.4803780219, 2.9663493847, 2.3301637438, 4.9408304764, 5.6655084709, 7.6755431609],
      [8.1967598323, 6.9810618079, 3.2295805469, 2.7776325167, 8.7607885834, 5.7927775994, 4.5962769845, 8.2964986949, 1.3854580671, 0.27521816222, 0.2101632748, 2.2928409856, 0.56713287638, 1.3518444079, 0.96931295838, 0.96238870049, 0.68408328889, 0.31628241676, 1.4982457544, 1.0383459228, 0.5212840406, 1.1160203671, 1.1964837264, 1.0215826504, 0.37434180882, 1.0766750806, 0.68831821436, 0.68455808051, 0.47000781754, 0.26124819048, 0.39837230775, 0.97781347106, 0.94497910488, 1.1956843399, 1.0964621209, 0.84989567363, 0.99239552483, 1.2401672426, 0.74914392737, 0.57035405253, 0.95253499302, 0.43881158639, 1.4349537525, 1.449343929, 0.55017189564, 0.41383353549, 0.48779834504, 1.0948223902, 1.5533845685, 1.8270880245]
    ],
    [
      [0.097111249833, 0.37405583137, 0.62341203979, 0.51223078041, 0.59792700401, 0.36032701791, 0.83685171414, 0.25038405719, 1.5292213844, 3.7803762886, 3.2122671245, 2.8092283292, 4.0203092374, 3.5273733311, 1.8337651609, 2.7956856577, 2.790328613, 0.37827274988, 0.37680298782, 0.43856558406, 0.20663964975, 0.20647382139, 0.36748192832, 0.3141430427, 0.46440011289, 0.70789603011, 0.76492161347, 0.20971956404, 0.85833069225, 0.25309415109, 0.46517854114, 0.43391010879, 0.38399099237, 0.39458233614, 0.48800809684, 0.83693007551, 0.38247034987, 0.46232699069, 0.40507466699, 0.47229026052, 0.42608990796, 0.19273716428, 0.35818802941, 0.26746180114, 0.7213447005, 0.76030104383, 1.0552072485, 0.60739793537, 0.31498347151, 0.4690898209],
      [1.0120065783, 2.8366950467, 4.5561427346, 3.7990154956, 4.2783611538, 5.1814791189, 4.6012451419, 3.2682386296, 20.3624959057, 25.3017593587, 27.1016216667, 22.9815856828, 26.5991353835, 28.1038921597, 26.0227568661, 30.2500746588, 21.4668915168, 2.1080080538, 2.6181616421, 3.0056525169, 2.481329183, 2.8403726731, 3.4049444023, 2.9061892467, 5.0324467017, 4.9048714373, 5.2509823629, 2.8763768262, 3.2869289022, 3.0267078991, 4.6477416736, 4.2227383364, 4.8575978137, 3.5782988607, 3.3583194319, 5.1864187478, 3.2070237612, 4.6451182422, 3.841654719, 3.9250918381, 3.8770984258, 2.4895872346, 4.6044965691, 3.3706513336, 6.0827682276, 7.9215444229, 4.4351056695, 4.9305136161, 2.8736681284, 4.8631407931],
      [0.070117659008, 0.29858551264, 0.55716259727, 0.24686948649, 0.46015287172, 0.52441934849, 0.44549316504, 0.42321101607, 1.9865044424, 3.3630564504, 2.9636436507, 1.6752459005, 2.1774763988, 2.0296226864, 3.0414247471, 2.2591316241, 1.9838819734, 0.34300410723, 0.2334625277, 0.22262813546, 0.40187074469, 0.19246259794, 0.37677266679, 0.25038102806, 0.26023273101, 0.42337673071, 0.73055203965, 0.27057620883, 0.43514711094, 0.22640031652, 0.55358690165, 0.36956690525, 0.3353868883, 0.4495925652, 0.48462687062, 0.59459994528, 0.31324147328, 0.4247271123, 0.23467550864, 0.32651248899, 0.41116293716, 0.25570634033, 0.34543559314, 0.24751490335, 0.63353035811, 0.91943908278, 0.58215396272, 0.28761961327, 0.42982817346, 0.42131462533],
      [0.48718084228, 2.4044832901, 4.3722919755, 1.951451032, 2.717858765, 2.7439591696, 3.0875461847, 1.9813405003, 17.0753834498, 18.1215834202, 20.2089161471, 13.1815914512, 13.3682239762, 12.3002257784, 23.7534026795, 17.8602035349, 12.8472466586, 1.8255432685, 1.7713375764, 1.3429231634, 1.9316056673, 1.3328565114, 2.6183655542, 1.6003809059, 3.3395017192, 2.7725493062, 3.0511532202, 2.6461784938, 2.5280015562, 1.8776959001, 3.7494765809, 2.4531600287, 2.1151831322, 3.2656150948, 2.7370320823, 2.1178330607, 1.6741411843, 2.3638300986, 3.4137276136, 2.6138334657, 1.3228954436, 1.7931323816, 2.4816984618, 2.050350919, 3.1793507826, 5.0237165897, 3.4928802199, 3.6072291529, 2.1996558154, 3.5778026523],
      [0.33358367054, 1.0861803192, 0.89099065286, 0.49043320551, 1.9457002054, 1.1898153451, 1.0288637942, 1.0768257969, 3.0463948176, 7.4332244822, 5.5135514111, 10.3523486364, 4.8348550042, 9.0388860444, 11.3486505463, 8.8349045246, 4.9116512382, 0.34517182058, 1.0002352659, 0.99023060022, 0.97855475525, 0.42783439619, 1.2324354483, 0.92890577671, 0.90341873519, 1.1913064957, 2.2023907637, 0.99714890713, 0.89159173842, 0.6161017332, 0.58401630272, 1.5206246209, 1.3078411734, 1.3119111432, 1.9320135184, 1.2642181707, 1.4231232314, 1.1039975563, 1.1048674918, 0.66227194662, 0.96275328549, 0.26883687919, 1.2101813465, 1.064021043, 1.3830059312, 1.3749988608, 1.4346528994, 1.5672396824, 1.1818644113, 1.6686521084]
    ],
    [
      [1.3912358879, 1.4032199465, 1.2949195812, 1.049948229, 0.96654956914, 0.88846457401, 0.83785549963, 0.71526260999, 0.77749783563, 1.2605501342, 1.5694506825, 1.8479164682, 1.2702699888, 0.9846012449, 0.20065752613, 0.59580332452, 3.8185048959, 11.3129540361, 9.3666565204, 11.9067908824, 5.4631476978, 7.3915355542, 7.0689502718, 6.9558952722, 7.6268305311, 1.459923071, 1.0193366457, 0.90593773421, 1.7138640741, 1.1795099206, 0.63501022924, 0.12011985473, 1.4088695593, 0.52493805666, 1.0597516521, 2.0920843899, 0.77363012445, 0.82576661639, 0.70122489933, 1.7737349766, 0.80177287559, 0.77844290818, 1.0904245198, 0.50509713644, 1.4255367278, 0.90466600735, 1.7487615631, 1.5577596353, 1.3670846228, 0.97017328176],
      [1.6131942542, 1.1816090921, 1.0549199841, 0.86821399859, 0.76973239784, 1.4243483343, 0.51275313837, 1.0391409253, 1.1622771646, 0.94694136055, 1.4853221274, 1.6974240482, 0.94412637327, 0.88099339548, 0.31974146517, 0.72439364053, 3.2948405515, 7.024276297, 7.2627480082, 9.0935620659, 7.3092619163, 11.3276400129, 7.2983098351, 7.1781753228, 9.2206188342, 1.1322253791, 0.78436652954, 1.3922854479, 0.73446028893, 1.5791287445, 0.71066775521, 0.13104386623, 1.9956444519, 0.53519019039, 0.82059524098, 1.460449918, 0.73018078675, 0.93396546964, 0.74914075359, 1.6600822061, 0.82080246709, 1.1288840339, 1.5602775892, 0.70722886612, 1.3393912027, 1.0523270479, 0.81923576987, 1.4118871762, 1.3886680441, 1.1209596937],
      [1.0590738943, 1.1816228287, 1.220787532, 0.53309149671, 0.78441335113, 1.3632350218, 0.47072373108, 1.2760740359, 1.0632317583, 1.1767374729, 1.5190190233, 1.1592962021, 0.72269084264, 0.59521148215, 0.34958056627, 0.50616456222, 2.8525955628, 10.7869868691, 6.1130055091, 6.3612128492, 11.1729509836, 7.2536017709, 7.6274796543, 5.8282039864, 4.4921199752, 0.91751113553, 1.0225607513, 1.2282248295, 0.91240411527, 1.1080428999, 0.79394284596, 0.10747270948, 1.2929256111, 0.6290860268, 1.1069070234, 1.5646257778, 0.66637387827, 0.79826054908, 0.4275172894, 1.2907379717, 0.81359337839, 1.0853036522, 1.1011118713, 0.48886855307, 1.3101606494, 1.1451581305, 1.0095924607, 0.77318230741, 1.9548070308, 0.91312098788],
      [3.0024034183, 3.8796946629, 3.9059766378, 1.7203018908, 1.8895081055, 2.9096515052, 1.3297438021, 2.4349786365, 3.7258160914, 2.5868767276, 4.224548774, 3.7174639173, 1.8106001212, 1.4712829365, 1.1126936803, 1.6307057964, 7.5350056732, 23.4375760136, 18.9154044379, 15.6556522529, 21.9181622972, 20.4952622001, 21.624241476, 15.214057987, 23.5351951695, 2.4570928884, 1.7469614524, 4.9131341577, 2.1684842824, 3.7599226607, 2.1995193452, 0.29188154725, 3.3348329276, 1.8689500929, 2.5575851163, 2.2790561509, 1.4577862433, 1.8172028399, 2.5444525752, 4.2259295746, 1.0713391684, 3.1143932068, 3.2365565128, 1.6573856805, 2.690448224, 2.5602144517, 2.4789586413, 3.9670282225, 4.0925901758, 3.1719042695],
      [3.9340925453, 3.3538534698, 1.5233962649, 0.82844438491, 2.5897965764, 2.4143005647, 0.84892382886, 2.5345437924, 1.27117715, 2.0288943047, 2.2016593928, 5.5778993642, 1.2523126741, 2.067910941, 1.0173267621, 1.5429326764, 5.4990533165, 8.4382067841, 20.3421855245, 21.9827819497, 21.1364771051, 12.5319604618, 19.3810187627, 16.8236674316, 12.1252354901, 2.033247526, 2.426774621, 3.5604178307, 1.4707872393, 2.3733957743, 0.66085982443, 0.34948202232, 3.9677274501, 1.4418356332, 3.4551609672, 2.6037837633, 2.3720289672, 1.624804525, 1.5776644825, 2.0495152711, 1.4924921105, 0.89297619897, 3.0116295069, 1.6414197639, 2.2344631961, 1.3376343626, 1.943451565, 3.2901426585, 4.1968501265, 2.8238417672]
    ],
    [
