{
  "Z_true": {},
  "V_true": [
    [22, 48, 632, 546],
    [1488, 552, 865, 136],
    [616, 3650, 501, 269],
    [160, 67, 22660, 431],
    [217, 537, 538, 336],
    [72, 91, 815, 296]
  ],
  "p_true": [
    [0.0176, 0.0385, 0.5064, 0.4375],
    [0.4893, 0.1815, 0.2844, 0.0447],
    [0.1223, 0.7248, 0.0995, 0.0534],
    [0.0069, 0.0029, 0.9718, 0.0185],
    [0.1333, 0.3299, 0.3305, 0.2064],
    [0.0565, 0.0714, 0.6397, 0.2323]
  ],
  "Z_est": [
    [
      [1.3147, 0.8671, 0.1762, 0.8112, 0.5315, 0.9231, 0.0271, 1.007, 0.122, 0.1958, 1.355, 1.6503, 0.8671, 2.2937, 0.0407, 0, 0.3916, 0.6154, 0.5016, 0.9231, 8.8689, 1.3986, 0, 0.028, 0.028, 0.028, 0.2238, 0.0559, 1.1748, 0.6993, 0.8671, 0.0559, 0.5965, 3.7153, 2.0757, 0, 0.4196, 0, 0.3636, 0.8405, 0.4745, 0.5287, 0.8391, 0.1678, 0.2517, 0.4067, 2.1013, 0, 0.4474, 0.5315, 0.1958, 2.3496, 0.1678],
      [2.5489, 1.6812, 0.5965, 1.355, 1.0304, 1.7896, 0.0621, 1.9523, 0.657, 0.3796, 3.8596, 3.1996, 1.6812, 12.8223, 0.0542, 0, 0.7592, 1.1931, 1.6269, 1.7896, 2.6386, 1.4371, 0.3837, 0.0542, 0.0542, 0.0542, 0.4339, 0.7666, 5.2922, 1.3558, 1.6812, 0.0958, 0.6233, 0.2325, 3.1454, 0, 2.5523, 0, 0.705, 2.3815, 0.923, 2.2036, 1.6269, 0.3254, 0.4881, 0.479, 4.5713, 0, 1.6269, 1.0304, 0.3796, 4.5554, 0.3254],
      [19.7503, 13.0268, 4.6224, 12.3423, 7.9842, 13.8672, 1.9205, 15.1279, 2.2356, 2.9415, 23.9441, 32.7387, 13.0268, 26.0827, 0.4234, 0, 5.8831, 9.2448, 13.1456, 13.8672, 18.9099, 19.5168, 0.6163, 0.4202, 0.4202, 0.4202, 3.3618, 0.5311, 14.6347, 10.5055, 13.0268, 0.7258, 8.4479, 4.2022, 28.8781, 0, 6.8145, 0, 5.4629, 27.1866, 7.1437, 4.3016, 12.6066, 2.5213, 3.782, 7.153, 35.9361, 0, 7.9842, 7.9842, 2.9415, 35.2984, 2.5213],
      [23.3861, 15.4249, 5.6048, 14.4915, 9.454, 16.4201, 1.9903, 17.9128, 2.9855, 3.483, 34.8413, 21.4113, 15.4249, 40.8014, 0.4817, 0, 6.9661, 10.9467, 14.7258, 16.4201, 14.5826, 27.6475, 0, 0.4976, 0.4976, 0.4976, 3.9806, 0.6463, 20.8983, 12.4394, 15.4249, 1.1224, 8.3323, 1.85, 23.9008, 0, 5.2137, 0, 6.4685, 25.5914, 8.4588, 6.9661, 14.9273, 2.9855, 4.4782, 7.9612, 40.3912, 0, 8.9416, 9.454, 3.483, 41.7965, 2.9855]
    ],
    [
      [96.4832, 49.942, 11.0025, 49.0879, 24.1892, 55.3767, 1.7358, 89.5814, 7.6171, 16.5945, 77.972, 78.9748, 53.0299, 126.8472, 1.4418, 0, 33.9521, 25.6715, 31.3147, 30.5517, 45.8657, 66.991, 0, 6.5496, 9.7017, 0.7167, 106.3187, 4.2043, 28.7237, 38.9318, 60.561, 2.2267, 36.8005, 6.593, 121.0272, 0, 20.9451, 3.2169, 17.5589, 52.4733, 27.9494, 26.4135, 25.1795, 19.4659, 33.6154, 25.3903, 131.1833, 1.4333, 27.9294, 30.9694, 45.7026, 227.6665, 30.816],
      [5.2482, 2.1689, 6.5756, 1.011, 1.6182, 1.1565, 0.2624, 5.5401, 1.291, 0.7872, 7.5845, 3.1199, 3.3676, 20.0611, 0.0875, 0, 4.0746, 1.5307, 2.2742, 9.4426, 2.799, 2.2041, 0.5441, 0.3499, 2.2508, 0.0437, 5.9479, 0.4573, 3.6309, 1.4804, 9.6071, 0.0545, 0.6018, 0.3499, 4.626, 0, 1.2246, 0.1749, 1.1371, 3.6737, 1.7057, 1.487, 1.2246, 1.0489, 1.5061, 0.9413, 19.0825, 0.1223, 3.2465, 0, 2.4929, 11.5919, 1.8806],
      [16.1776, 9.4157, 5.9991, 14.6645, 10.2913, 18.885, 3.583, 27.7736, 1.9003, 0.3046, 21.4704, 41.3267, 18.7749, 27.1975, 0.4444, 0, 22.8929, 7.1879, 17.3365, 25.5251, 14.2201, 20.2192, 0.4559, 0.9611, 1.7844, 0.2222, 20.2028, 0.2857, 5.0142, 9.6669, 24.018, 0.6666, 10.8873, 0.9177, 38.3735, 0, 5.462, 0.5293, 6.9093, 26.3892, 8.6654, 5.507, 1.108, 5.959, 10.2207, 12.9383, 55.2875, 0.4444, 9.1098, 9.1098, 7.8113, 52.8213, 9.5541],
      [2.091, 1.4734, 3.4228, 1.2366, 0.9013, 3.5818, 0.4188, 2.1049, 0.1917, 0.3137, 2.9731, 1.5786, 1.8277, 2.8942, 0.0263, 0, 1.0804, 0.6099, 1.0746, 6.4805, 1.1152, 1.5857, 0, 0.1394, 0.2631, 0.0174, 3.5306, 0.0526, 1.6313, 0.9209, 1.8138, 0.0523, 0.7104, 0.1394, 1.9733, 0, 0.3683, 0.0789, 0.3947, 1.4637, 0.6796, 0.5925, 0.4879, 0.5262, 0.6578, 0.73, 3.4467, 0, 0.7144, 0.9209, 0.9932, 3.9203, 0.7493]
    ],
    [
      [4.9655, 3.1848, 0.5662, 3.3155, 1.2196, 1.069, 0.0445, 7.3286, 0.392, 6.372, 4.0072, 2.628, 0, 4.0286, 1.4893, 0.3175, 0.9221, 3.3143, 1.6116, 1.5681, 2.8748, 3.7459, 0, 2.5499, 0.4791, 2.8703, 1.314, 0.1782, 1.6987, 3.157, 2.9176, 0.1307, 1.9165, 0.6098, 6.2287, 0, 0.6459, 0.7466, 0.8095, 2.7005, 1.5245, 8.2926, 2.0935, 1.0849, 1.4916, 1.0913, 1.2367, 0.0668, 1.4676, 3.2469, 2.6949, 23.2249, 1.423],
      [117.016, 118.2781, 44.503, 87.0156, 52.8114, 35.1395, 1.6717, 278.3308, 40.1078, 79.0944, 249.738, 97.1283, 60.1796, 267.1076, 3.8287, 3.9825, 48.478, 78.4521, 76.0597, 70.2096, 75.2245, 71.8972, 2.847, 14.6121, 20.2479, 7.2887, 49.4994, 7.3672, 104.3093, 53.6262, 109.4935, 5.6159, 38.3044, 12.5374, 145.6167, 0, 24.239, 6.8083, 27.374, 148.1105, 101.1352, 146.6982, 79.3697, 33.2486, 43.9877, 29.7923, 257.9095, 2.7802, 113.3563, 81.1143, 101.1352, 383.0481, 28.4182],
      [0.0624, 8.334, 2.7031, 9.9266, 6.4446, 2.2171, 0.102, 18.3468, 0, 1.5009, 6.9417, 7.5176, 3.6721, 0, 2.3847, 0.0395, 2.7451, 6.6059, 5.9659, 4.2841, 3.7198, 4.6808, 0.153, 1.02, 0, 2.0484, 1.3678, 0, 0, 14.1715, 6.6812, 0.117, 3.4159, 0.4893, 10.8837, 0, 1.479, 0.5967, 1.8169, 29.191, 9.8631, 8.0779, 2.9905, 1.847, 2.7031, 11.6128, 15.4024, 0.153, 8.7835, 6.3024, 6.1711, 37.7939, 1.6586],
      [17.9561, 13.2031, 5.2277, 12.7423, 8.5244, 9.5743, 0.1818, 28.9938, 2.5002, 6.0327, 28.3131, 10.7261, 8.1483, 20.8639, 0.2973, 0.6606, 5.8548, 10.6276, 8.3627, 7.9383, 8.1809, 20.676, 0, 1.818, 2.2729, 0.7926, 6.8188, 0.4546, 11.992, 10.0453, 11.9078, 1.1365, 4.3632, 1.3635, 16.2709, 0, 2.6361, 2.8483, 2.9997, 17.998, 8.4772, 10.9313, 9.5463, 8.8195, 4.8176, 6.5036, 27.4515, 0, 7.3925, 12.3363, 10.9988, 40.9331, 2.5002]
    ],
    [
      [2.8123, 0.7811, 0.1186, 0.7697, 0.2555, 0.5476, 0.0183, 0.6561, 0.0821, 0.2464, 0.6228, 0.8305, 0.5385, 0.9463, 0.0274, 0.6825, 0.0048, 0.7952, 0.3377, 0.3285, 3.822, 0.8839, 0, 0.459, 0.1004, 0.0365, 1.0678, 0.0091, 0.3559, 0.3086, 0.6297, 0.0353, 0.4016, 0.1278, 2.149, 0, 0.2282, 0.0365, 0.1572, 0.5658, 0.3194, 0.3559, 0.292, 0.2099, 0.7132, 0, 1.4146, 0.0183, 0.2711, 0.3468, 1.0542, 2.455, 0.3103],
      [2.2091, 0.6009, 0.4493, 0.4343, 0.2632, 0.1886, 0.0902, 0.6056, 0.2105, 0.3948, 1.237, 0.5088, 0.5312, 1.566, 0.0158, 0.0175, 0.272, 0.3948, 0, 0.4679, 0.7767, 0.4606, 0.0175, 0.0702, 1.8318, 0.0042, 0.2939, 0.0526, 0.5922, 0, 0.6819, 0.0307, 0, 0.0702, 0.7545, 0, 0.1623, 0.0167, 0.1404, 0, 0.3708, 0.7062, 0.3992, 0.133, 0.2456, 0, 2.2999, 0.0263, 0.2502, 0.1836, 1.0593, 0.8436, 1.5521],
      [941.0176, 771.8746, 297.6345, 667.298, 618.4956, 665.3061, 96.6486, 648.3746, 88.5209, 133.0781, 613.3996, 1351.2055, 568.7343, 934.5207, 16.9326, 3.9605, 230.0684, 611.5238, 576.6194, 501.1499, 616.3341, 873.3758, 7.9825, 34.1425, 36.6069, 20.9153, 257.9107, 8.9194, 348.5482, 285.8426, 730.153, 33.7028, 368.9436, 82.6565, 1166.2776, 7, 134.4556, 17.874, 155.3756, 1232.4069, 358.5557, 177.5629, 245.2902, 142.172, 450.4348, 342.2967, 1845.1083, 18.9554, 267.9152, 340.6208, 360.845, 1695.1361, 197.7393],
      [7.9611, 1.7434, 0.7975, 1.498, 1.9857, 1.9577, 0.2429, 1.3637, 0.1864, 0.2807, 2.7406, 1.4552, 1.1961, 1.967, 0.0243, 0.3394, 0.6548, 1.2862, 1.0429, 1.0537, 1.0671, 2.2798, 0, 1.3283, 3.4609, 0.044, 0.7276, 0.0189, 1.5037, 0.8489, 1.5355, 1.2312, 0.6548, 0.1455, 1.819, 0, 0.154, 0.0728, 0.3268, 0.0272, 0.7541, 0.375, 1.0186, 0.4851, 0.6063, 0.7033, 3.1772, 0, 0.5635, 0.8489, 5.0415, 3.5653, 0.3983]
    ],
    [
      [8.4091, 6.2034, 1.133, 3.9977, 1.7921, 2.0678, 0.1743, 9.4128, 0.7844, 3.5842, 8.0183, 6.8927, 4.5492, 15.8531, 0, 0, 3.722, 3.5842, 3.2248, 2.6192, 4.5492, 12.9582, 0, 0.4136, 0.6893, 0.3486, 8.0694, 0.5514, 7.0305, 2.8949, 3.9977, 0.5514, 4.2735, 2.7373, 11.4822, 0, 2.7571, 0, 1.1028, 5.4036, 4.7233, 3.3991, 3.5842, 2.0678, 4.9154, 3.0996, 19.0238, 0.4806, 2.8761, 2.8949, 4.3385, 13.2339, 1.2797],
      [18.5773, 13.7046, 3.6546, 8.8318, 3.9591, 4.3113, 0.9136, 23.1982, 5.5629, 9.0237, 18.5773, 11.6305, 7.8122, 54.1726, 0, 0, 8.2228, 7.9182, 13.7046, 5.7864, 10.05, 28.6274, 0, 0.9136, 1.5227, 0.6091, 10.6591, 2.7299, 20.695, 6.3166, 8.8318, 1.2031, 5.3103, 2.7409, 17.2453, 0, 8.7113, 0, 2.4364, 19.2151, 11.6305, 9.3321, 8.0558, 4.1474, 9.4409, 3.5092, 48.8521, 2.6569, 7.2991, 6.3955, 8.5273, 29.2364, 2.7409],
      [12.0142, 8.8629, 2.3635, 5.7117, 2.5604, 2.9543, 0.746, 13.9838, 1.2507, 4.0153, 4.0911, 13.9853, 7.2284, 12.9065, 0, 0, 5.3178, 5.1208, 15.5351, 3.7421, 6.4995, 18.5137, 0, 0.4561, 0.5054, 0.3939, 3.6488, 0.1356, 4.8816, 4.136, 5.7117, 0.7878, 11.7787, 1.7726, 12.4081, 0, 4.4503, 0, 1.5756, 24.6115, 7.3023, 2.6134, 3.4763, 2.9543, 6.7269, 8.7357, 29.6105, 1.8625, 4.53, 4.136, 4.9309, 18.9076, 1.7726],
      [21.9994, 16.2291, 4.849, 10.4587, 4.6884, 5.6666, 1.1661, 24.4053, 3.402, 9.3768, 30.3133, 17.4915, 13.4101, 32.0677, 0, 0, 9.7374, 9.3768, 12.5356, 6.8523, 11.9013, 33.9007, 0, 1.2167, 2.2826, 0.6484, 12.6226, 0.583, 18.3929, 7.6525, 10.4587, 1.4576, 9.6375, 1.7491, 21.8644, 0, 4.0813, 0, 2.8852, 27.7697, 13.3439, 8.6555, 10.8837, 5.8305, 9.9167, 8.6555, 40.5136, 0, 8.2949, 7.5736, 10.2034, 34.622, 3.2068]
    ],
    [
      [0.0153, 0.0216, 0.0034, 0.0179, 0.0121, 0.0158, 0, 0.0142, 0.0023, 0.007, 0.0246, 0.0237, 0.0154, 0.0311, 0.0008, 0, 0.0074, 0.0195, 0.0096, 0.0094, 0.0195, 0.0224, 0, 0, 0.0016, 0, 0.0063, 0.0011, 0.0163, 0.0084, 0.0268, 0, 0.0115, 0.2168, 0.0372, 0, 0.0042, 0, 0.0079, 0.0161, 0.0089, 0.0102, 0.0116, 0.0037, 0.0126, 0.0121, 0.0404, 0.0011, 0.0084, 0.0105, 0.0141, 0.0701, 0.0032],
      [0.4006, 0.5664, 0.221, 0.3523, 0.3177, 0.4144, 0, 0.373, 0.1708, 0.3203, 1.0036, 0.4128, 0.4282, 1.2705, 0.0138, 0, 0.1934, 0.5111, 0.3345, 0.3039, 0.5111, 0.3737, 0.2077, 0, 0.0925, 0, 0.1658, 0.6263, 0.4804, 0.221, 0.7045, 0, 0.1601, 0.0691, 0.6121, 0, 0.1105, 0, 0.2072, 0.6192, 0.2348, 0.573, 0.3239, 0.0967, 0.3315, 0.2781, 1.2846, 0.4143, 0.221, 0.2763, 0.4057, 1.7245, 0.0829],
      [22.9779, 32.486, 12.6775, 27.0569, 18.2238, 23.7702, 0, 21.3932, 7.0926, 10.1595, 33.1532, 52.2262, 24.5635, 46.2926, 0.815, 0, 11.0928, 29.3166, 23.3974, 17.4315, 29.3166, 31.6936, 0.7923, 0, 1.683, 0, 9.5081, 1.1281, 22.9214, 12.6775, 40.4094, 0, 15.5266, 3.9617, 44.179, 0, 6.3387, 0, 12.8597, 51.2147, 13.4698, 13.9371, 16.5285, 5.5464, 19.1325, 18.2635, 75.6552, 1.5847, 12.6775, 15.8468, 17.3001, 99.0426, 4.754],
      [5.6063, 7.9261, 3.0981, 6.5729, 4.4463, 5.7996, 0, 5.2196, 1.7342, 2.5131, 13.8186, 7.3373, 5.9929, 11.4058, 0.1704, 0, 2.7065, 7.1528, 5.2584, 4.2552, 7.1528, 7.9103, 0, 0, 1.2229, 0, 2.3198, 0.2446, 7.5819, 3.0931, 9.8593, 0, 3.3018, 0.7525, 9.1716, 0, 1.5466, 0, 1.9252, 10.1499, 3.2864, 3.4797, 5.1361, 1.3532, 4.5234, 4.4463, 16.0198, 0, 3.0931, 3.8664, 4.2801, 24.1628, 1.1599]
    ]
  ],
  "V_est": [
    [44.5156, 81.461, 526.4308, 595.5927],
    [2144.4865, 164.6897, 666.8729, 64.9509],
    [132.8573, 4136.1452, 284.9854, 482.012],
    [30.5367, 24.4836, 23198.4192, 64.5605],
    [221.75, 519.2037, 322.2159, 564.8304],
    [0.8539, 19.0168, 1012.0758, 242.0536]
  ],
  "p_est": [
    [0.0357, 0.0653, 0.4218, 0.4772],
    [0.7052, 0.0542, 0.2193, 0.0214],
    [0.0264, 0.8213, 0.0566, 0.0957],
    [0.0013, 0.001, 0.9949, 0.0028],
    [0.1362, 0.3189, 0.1979, 0.3469],
    [0.0007, 0.0149, 0.7944, 0.19]
  ],
  "EI_Z": {},
  "EI_V": 6.8372,
  "MAE_Z": {},
  "MAE_V": 202.524,
  "MAE_p": 0.0634,
  "runtime": 6.553
}
