{
  "Z_true": {},
  "V_true": [
    [443, 43, 29, 447, 353, 45],
    [26, 40, 52, 74, 772, 250],
    [81, 180, 161, 162, 12764, 581],
    [188, 129, 152, 2249, 605, 231],
    [57, 71, 1289, 463, 910, 138],
    [40, 1016, 44, 351, 519, 112],
    [40, 61, 84, 143, 898, 821]
  ],
  "p_true": [
    [0.3257, 0.0316, 0.0213, 0.3287, 0.2596, 0.0331],
    [0.0214, 0.0329, 0.0428, 0.061, 0.6359, 0.2059],
    [0.0058, 0.0129, 0.0116, 0.0116, 0.9164, 0.0417],
    [0.0529, 0.0363, 0.0428, 0.6328, 0.1702, 0.065],
    [0.0195, 0.0242, 0.4402, 0.1581, 0.3108, 0.0471],
    [0.0192, 0.488, 0.0211, 0.1686, 0.2493, 0.0538],
    [0.0195, 0.0298, 0.041, 0.0699, 0.4387, 0.4011]
  ],
  "Z_est": [
    [
      [0, 0.4174, 5.2169, 3.8605, 5.2169, 1.0434, 4.0692, 5.7386, 0, 2.5041, 4.5909, 1.5651, 2.1911, 3.0258, 6.782, 7.6167, 0.1043, 0.2087, 0.5217, 3.7562, 3.3388, 4.2779, 3.6519, 3.4432, 10.5382, 10.9556, 8.4515, 10.3296, 9.5992, 0.313, 4.7996, 1.2521, 10.7469, 1.1477],
      [0, 0, 0, 0, 0, 0, 0, 0, 0, 0, 0, 0, 0, 0, 0, 0, 0, 0, 0, 0, 0, 0, 0, 0, 0, 0, 0, 0, 0, 0, 0, 0, 0, 0],
      [0, 0.0103, 0.129, 0.0955, 0.129, 0.0258, 0.1006, 0.1419, 0.0155, 0.0619, 0.1135, 0.0387, 0.0542, 0.0748, 0.1677, 0.1884, 0.0026, 0.0052, 0.0129, 0.0929, 0.0826, 0.1058, 0.0903, 0.0852, 0.2606, 0.271, 0.209, 0.2555, 0.2374, 0.0077, 0.1187, 0.031, 0.2658, 0.0284],
      [0, 1.8485, 30.6809, 22.7038, 30.6809, 6.1362, 23.9311, 33.749, 4.3077, 14.7268, 26.9992, 9.2043, 12.886, 17.7949, 39.8851, 44.7941, 0.6136, 1.2272, 3.0681, 22.0902, 19.6358, 25.1583, 21.4766, 20.2494, 61.9754, 64.4298, 49.703, 60.7481, 56.4528, 1.8409, 28.2264, 7.3634, 63.2026, 6.7498],
      [0, 1.1145, 13.9312, 10.3091, 13.9312, 2.7862, 10.8664, 15.3243, 1.6717, 6.687, 12.2595, 4.1794, 5.8511, 8.0801, 18.1106, 20.3396, 0.2786, 0.5572, 1.3931, 10.0305, 8.916, 11.4236, 9.7519, 9.1946, 28.1411, 29.2556, 22.5686, 27.5838, 25.6334, 0.8359, 12.8167, 3.3435, 28.6983, 3.0649],
      [0, 0.6093, 0.0419, 0.031, 0.0419, 0.0084, 0.0327, 0.0461, 0.005, 0.0201, 0.0369, 0.0126, 0.0176, 0.0243, 0.0545, 0.0612, 0.0008, 0.0017, 0.0042, 0.0302, 0.0268, 0.0344, 0.0294, 0.0277, 0.0847, 0.0881, 0.0679, 0.083, 0.0772, 0.0025, 0.0386, 0.0101, 0.0864, 0.0092]
    ],
    [
      [0, 0.3263, 4.7311, 3.5891, 7.015, 2.7734, 4.2416, 7.9938, 0, 5.2205, 5.3836, 3.0997, 5.7099, 6.8519, 6.6887, 9.7884, 0.3263, 0.2916, 0.1631, 6.1993, 3.4259, 7.9938, 9.9515, 5.3836, 13.2143, 14.5194, 7.8307, 7.5044, 9.9515, 0.1631, 4.5679, 1.4683, 28.06, 1.7945],
      [0.6071, 0, 0, 0, 0, 0, 0, 0, 0, 0, 0, 0, 0, 0, 0, 0, 0, 0, 0, 0, 0, 0, 0, 0, 0, 0, 0, 0, 0, 0, 0, 0, 0, 0],
      [0, 0.0076, 0.1109, 0.0841, 0.1644, 0.065, 0.0994, 0.1873, 0.1739, 0.1223, 0.1262, 0.0726, 0.1338, 0.1606, 0.1567, 0.2294, 0.0076, 0.0306, 0.0038, 0.1453, 0.0803, 0.1873, 0.2332, 0.1262, 0.3097, 0.3402, 0.1835, 0.1759, 0.2332, 0.0038, 0.107, 0.0344, 0.6575, 0.0421],
      [0.0589, 0.1159, 1.6808, 1.2751, 2.4923, 0.9853, 1.5069, 2.84, 0.7258, 1.8547, 1.9127, 1.1012, 2.0286, 2.4343, 2.3763, 3.4776, 0.1159, 1.4772, 0.058, 2.2025, 1.2171, 2.84, 3.5355, 1.9127, 4.6947, 5.1584, 2.7821, 2.6661, 3.5355, 0.058, 1.6229, 0.5216, 9.969, 0.6376],
      [0.334, 0.668, 9.6858, 7.3478, 14.3616, 5.6779, 8.6838, 16.3656, 1.336, 10.6877, 11.0217, 6.3458, 11.6897, 14.0276, 13.6937, 20.0395, 0.668, 2.6719, 0.334, 12.6917, 7.0138, 16.3656, 20.3735, 11.0217, 27.0533, 29.7252, 16.0316, 15.3636, 20.3735, 0.334, 9.3518, 3.0059, 57.4465, 3.6739],
      [0, 0.8822, 12.7915, 9.7039, 18.9667, 7.4985, 11.4682, 21.6132, 1.7643, 14.1148, 14.5559, 8.3806, 15.438, 18.5256, 18.0845, 26.4652, 0.8822, 3.5287, 0.4411, 16.7613, 9.2628, 21.6132, 26.9063, 14.5559, 35.728, 39.2567, 21.1722, 20.29, 26.9063, 0.4411, 12.3504, 3.9698, 75.8669, 4.852]
    ],
    [
      [0, 0.2832, 7.824, 7.633, 8.5165, 0, 9.6081, 13.3393, 0, 18.777, 11.8331, 3.7224, 0, 5.9266, 21.5282, 17.4289, 2.3801, 0, 3.184, 2.4304, 16.2905, 0, 14.1206, 2.6881, 3.7522, 10.0592, 14.2136, 29.4964, 8.8272, 0, 0, 2.3976, 26.4147, 0],
      [0.067, 0, 15.5795, 15.3542, 20.251, 4.1761, 12.4898, 26.154, 0, 4.693, 25.7487, 4.1014, 9.0983, 1.9977, 8.875, 21.1576, 2.4844, 0.2117, 1.745, 9.7253, 9.232, 1.222, 11.6972, 7.2801, 0, 1.2804, 12.0594, 22.9044, 0, 8.8481, 7.0635, 0, 35.351, 0],
      [0, 0.5621, 32.1782, 0.396, 17.0341, 3.566, 3.5347, 40.6707, 1.4123, 13.7211, 18.1209, 4.5738, 10.2269, 6.6915, 14.5098, 22.5081, 0, 4.5234, 0.0845, 9.5296, 11.9693, 0, 3.9301, 0, 18.298, 19.9501, 17.2575, 20.9901, 19.2789, 18.878, 11.624, 5.1127, 62.1728, 0],
      [0.6973, 0, 13.4298, 0, 7.3188, 0, 0.8264, 0, 2.98, 6.0296, 4.7133, 0, 6.5304, 3.313, 7.4783, 11.5776, 0, 2.4527, 0, 0, 0, 8.8123, 29.8275, 10.6507, 92.6162, 8.3552, 0, 28.0434, 32.3686, 0, 15.0452, 1.3691, 21.2081, 0],
      [2.2357, 10.0497, 531.8724, 269.6404, 486.2233, 168.2473, 368.7894, 557.6517, 40.6965, 402.9603, 514.62, 179.9535, 406.594, 272.56, 358.2858, 537.5319, 16.7948, 9.3091, 14.6608, 190.7476, 294.9851, 389.7586, 324.8817, 314.1403, 863.0393, 732.4044, 448.6871, 519.3714, 658.9495, 119.8064, 288.0817, 138.6235, 1123.586, 57.319],
      [0, 4.1049, 36.1161, 29.9764, 42.6563, 11.0105, 46.7515, 37.1843, 3.9112, 49.819, 43.9641, 12.6489, 45.5504, 23.5113, 43.323, 61.7958, 0.3407, 0.503, 2.3258, 20.5671, 20.5232, 17.2071, 5.5429, 17.2409, 46.2943, 26.9506, 47.7824, 51.1944, 42.5758, 32.4675, 17.1856, 19.4971, 153.2674, 9.681]
    ],
    [
      [0, 0.3416, 11.0223, 17.1312, 6.2985, 0.1701, 7.9415, 11.8438, 0, 7.5992, 13.8977, 2.3277, 5.2793, 4.5869, 9.2423, 12.8708, 1.1595, 0.4108, 2.0294, 3.1492, 5.0662, 0, 6.3669, 5.9562, 19.1008, 15.7461, 16.4087, 16.02, 17.1838, 0.2028, 4.701, 2.6015, 17.8, 1.8702],
      [0.0491, 0, 3.9502, 1.8156, 2.2572, 4.426, 2.8461, 4.8921, 0, 2.7234, 4.9807, 0.8342, 1.9628, 1.6439, 3.3123, 4.6126, 0.3435, 0.1472, 0.1472, 6.3703, 1.8156, 2.3554, 2.2818, 2.1346, 6.364, 5.6431, 5.1558, 5.7413, 5.8344, 1.1286, 2.4535, 0, 6.3792, 0],
      [0, 0.0717, 1.6639, 0.7648, 0.9508, 0.2377, 1.1988, 1.7879, 0.279, 1.1472, 2.098, 0.3514, 0.8268, 0.6924, 1.3952, 1.943, 0.0693, 0.062, 0.062, 0.4754, 0.7648, 0.9922, 0.9611, 0, 2.8834, 2.377, 1.8189, 2.4184, 2.5941, 0.4754, 1.0335, 1.3251, 2.6871, 0.0079],
      [1.2424, 2.1031, 84.6505, 20.6103, 48.3717, 9.6357, 60.9905, 90.3124, 14.1961, 58.3616, 106.7333, 17.5399, 42.0624, 35.2272, 70.9803, 98.8466, 7.2353, 3.1547, 1.536, 18.9442, 38.9077, 57.0472, 48.8975, 46.642, 147.1739, 120.9293, 87.3402, 123.0325, 132.2947, 24.017, 54.7232, 19.9796, 136.7027, 10.5739],
      [0.7085, 1.417, 57.0344, 32.4469, 32.5911, 8.1478, 41.0931, 61.2854, 9.5648, 39.3218, 71.9129, 12.3811, 28.3401, 23.7348, 47.8238, 66.5991, 4.9595, 2.1255, 2.1255, 16.2955, 26.2145, 34.0081, 32.9453, 30.8198, 98.8359, 81.4776, 62.3481, 82.8947, 88.9169, 16.2955, 35.4251, 13.4615, 92.1052, 15.0822],
      [0, 0.0666, 2.6787, 1.2312, 1.5307, 0.3827, 1.93, 2.8784, 2.9601, 1.8468, 3.3775, 0.5657, 1.5286, 1.1147, 2.2461, 3.1279, 0.2329, 0.0998, 0.0998, 0.7653, 1.2312, 1.5972, 1.5473, 1.4475, 4.642, 3.8267, 2.9283, 3.8933, 4.1761, 3.8807, 1.6638, 0.6322, 4.3259, 0.4659]
    ],
    [
      [0, 0.0016, 0.0811, 0.0546, 0.0819, 0, 0.0972, 0.1156, 0, 0.0482, 0.1349, 0.0249, 0, 0.0434, 0.0658, 0.122, 0.004, 0.0032, 0.0024, 0.0329, 0.0723, 0, 0.0586, 0.049, 0.1782, 0.1534, 0.1236, 0.1606, 0.1437, 0.0353, 0.0699, 0.0297, 0.1574, 0.004],
      [0, 0.0689, 3.48, 2.3429, 3.5144, 3.3901, 4.1691, 4.9615, 0, 2.0673, 5.7885, 1.0681, 2.9287, 1.8606, 2.8253, 5.2372, 0.1723, 0.1378, 0.1034, 1.4127, 7.4526, 3.9279, 2.5152, 2.1018, 7.649, 6.5809, 5.3061, 6.891, 6.1675, 1.516, 2.9976, 0, 6.7532, 0.0012],
      [0, 0.5574, 28.1468, 18.9503, 28.4255, 8.3604, 33.7204, 40.1301, 6.131, 16.7209, 46.8184, 8.6391, 23.6879, 15.0488, 22.8519, 42.3595, 1.3934, 1.1147, 0.836, 11.4259, 25.0813, 25.0584, 20.3437, 11.2425, 61.8672, 53.2281, 42.9169, 55.7362, 49.8839, 12.262, 24.2453, 11.586, 54.6215, 1.3934],
      [0, 0.2253, 11.3775, 7.6601, 11.4902, 0, 13.6305, 16.2214, 3.2539, 6.7589, 18.925, 3.4921, 9.5751, 6.083, 9.2372, 17.1226, 0.5632, 0.4506, 0.3379, 4.6186, 5.7867, 18.2223, 8.2234, 12.6286, 25.008, 21.5159, 17.3479, 22.5297, 20.1641, 4.9565, 9.8004, 4.168, 22.0791, 0.5632],
      [0, 1.1422, 57.6829, 38.836, 58.254, 18.1806, 69.1052, 82.2409, 12.5646, 34.267, 95.9477, 17.7046, 48.6132, 30.8403, 46.8316, 86.8098, 2.8556, 2.2845, 1.7134, 23.4158, 51.4006, 66.5298, 41.6916, 34.8382, 126.7881, 109.0834, 87.9521, 114.2235, 102.23, 25.1292, 49.6872, 21.1313, 111.939, 3.0266],
      [0, 0.0046, 0.2318, 0.156, 0.2341, 0.0688, 0.2777, 0.3304, 0.0505, 0.1377, 0.3855, 0.0711, 0.1951, 0.1239, 0.1882, 0.3488, 0.0115, 0.0092, 0.0069, 0.0941, 0.2065, 0.2616, 0.1675, 0.14, 0.5094, 0.4383, 0.3534, 0.4589, 0.4108, 0.101, 0.1996, 0.0849, 0.4498, 0.0115]
    ],
    [
      [0, 0.5692, 0.0685, 0.0518, 0.07, 0.0131, 0.059, 0.0583, 0, 0.0255, 0.0795, 0.0175, 0.0306, 0.0313, 0.0496, 0.0685, 0.0015, 0.0007, 0, 0.0313, 0.0415, 0, 0.0372, 0.043, 0.1283, 0.0853, 0.0736, 0.1174, 0.0685, 0.0066, 0.0605, 0.008, 0.1261, 0.0015],
      [0.9988, 0.9311, 46.9418, 35.4561, 47.9406, 8.9889, 40.4499, 39.9505, 5.9983, 17.4783, 54.4326, 11.9851, 20.974, 21.4734, 33.9579, 46.9418, 0.9988, 0.4994, 0, 21.4734, 28.4647, 33.4585, 25.4684, 29.4635, 87.8911, 58.4276, 50.4375, 80.4004, 46.9418, 4.4944, 41.4486, 5, 86.393, 0.9988],
      [0, 0.7903, 24.7632, 18.7042, 25.2901, 4.7419, 21.3385, 21.0751, 3.9516, 9.2204, 28.7148, 6.3225, 11.0644, 11.3279, 17.9138, 24.7632, 0.5269, 0.2634, 0, 11.3279, 15.016, 17.6504, 13.4354, 15.5429, 46.3652, 30.8223, 26.6073, 42.4136, 24.7632, 2.3709, 21.8654, 2.8978, 45.5749, 0.5269],
      [1.001, 0.7071, 22.1567, 16.7354, 22.6281, 4.2428, 19.0925, 18.8568, 3.5356, 8.2498, 25.6924, 5.657, 9.8998, 10.1355, 16.0283, 22.1567, 0.4714, 0.2357, 0, 10.1355, 13.4355, 15.8414, 12.0212, 13.9069, 41.4849, 27.578, 23.8067, 37.9493, 22.1567, 2.1214, 19.5639, 2.5928, 40.7778, 0.4714],
      [0.0002, 0.0003, 0.0092, 0.0069, 0.0094, 0.0018, 0.0079, 0.0078, 0.0015, 0.0034, 0.0106, 0.0023, 0.0041, 0.0042, 0.0066, 0.0092, 0.0002, 0.0001, 0, 0.0042, 0.0056, 0.0065, 0.005, 0.0058, 0.0172, 0.0114, 0.0098, 0.0157, 0.0092, 0.0009, 0.0081, 0.0011, 0.0169, 0.0002],
      [0, 0.0019, 0.0605, 0.0457, 0.0618, 0.0116, 0.0522, 0.0515, 1.513, 0.0225, 0.0702, 0.0155, 0.027, 0.0277, 0.0438, 0.0605, 0.0013, 0.0006, 0, 0.0277, 0.0367, 0.0431, 0.0328, 0.038, 0.1133, 0.0753, 0.065, 0.1037, 0.0605, 0.0058, 0.0534, 0.5003, 0.1114, 0.0013]
    ],
    [
      [0, 0.0607, 1.0561, 0.6798, 0.8012, 0, 0.9833, 0.9104, 0, 0.8255, 1.0804, 0.2428, 0.789, 0.5341, 0.6434, 1.1047, 0.0243, 0.085, 0.0993, 0.4006, 0.7648, 0.7283, 0.8133, 0.437, 2.0879, 1.481, 0.8983, 1.3717, 1.2261, 0.2792, 0.8012, 0.2428, 2.6949, 0.1821],
      [0.2781, 0, 0.0485, 0.0312, 0.0368, 0.0189, 0.0451, 0.0418, 0.0017, 0.0379, 0.0496, 0.0111, 0.0362, 0.0245, 0.0295, 0.0507, 0.0011, 0.0039, 0.0045, 0.0184, 0.0351, 0.0362, 0.0373, 0.0201, 0.0958, 0.068, 0.0412, 0.063, 0.0563, 0.0128, 0.0368, 0, 0.1237, 0],
      [0, 0.0005, 0.008, 0.0051, 0.0061, 0.0031, 0.0074, 0.0069, 0.0367, 0.0062, 0.0082, 0.0018, 0.006, 0.004, 0.0049, 0.0083, 0.0002, 0.0006, 0.0007, 0.003, 0.0058, 0.006, 0.0061, 0.0033, 0.0158, 0.0112, 0.0068, 0.0104, 0.0093, 0.0021, 0.0061, 0.013, 0.0204, 0.0014],
      [0.0003, 0, 0.0238, 0.0153, 0.018, 0, 0.0221, 0.0205, 0.0008, 0.0186, 0.0243, 0.0055, 0.0177, 0.012, 0.0145, 0.0248, 0.0005, 0.0019, 0, 0.009, 0.0172, 0.0785, 0.0183, 0.0098, 0.047, 0.0333, 0.0202, 0.0309, 0.0276, 0.0063, 0.018, 0.0055, 0.0606, 0.0041],
      [0.7217, 3.6083, 62.7842, 40.4128, 47.6294, 24.9584, 58.4543, 54.1243, 2.165, 49.0727, 64.2276, 14.4332, 46.9078, 31.753, 38.2479, 65.6709, 1.4433, 5.0516, 5.7733, 23.8147, 45.4645, 46.9078, 48.3511, 25.9797, 124.1252, 88.0423, 53.4027, 81.5473, 72.8875, 16.5981, 47.6294, 14.4332, 160.2081, 10.8332],
      [0, 1.3306, 23.0794, 14.8557, 17.5085, 9.0195, 21.4877, 19.8961, 0.7958, 18.0391, 23.61, 5.3056, 17.2433, 11.6724, 14.0599, 24.1406, 0.5306, 1.857, 2.1222, 8.7543, 16.7127, 17.2433, 17.7738, 9.5501, 45.6283, 32.3643, 19.6308, 29.9767, 26.7934, 6.1015, 17.5085, 5.3056, 58.8923, 3.9792]
    ]
  ],
  "V_est": [
    [141.275, 0, 3.5097, 834.5397, 378.9292, 1.7464],
    [196.2224, 0.6071, 4.7958, 71.8711, 405.4658, 535.0379],
    [262.6747, 300.8475, 413.3053, 315.6436, 11613.0583, 1023.4705],
    [246.326, 94.6018, 36.4163, 1840.9953, 1270.7389, 64.9217],
    [2.1494, 105.3887, 804.7851, 334.0173, 1674.9406, 6.719],
    [2.0234, 1037.1591, 547.9526, 491.326, 0.203, 3.3359],
    [24.3291, 1.3958, 0.2353, 0.6069, 1477.6642, 542.7687]
  ],
  "p_est": [
    [0.1039, 0, 0.0026, 0.6136, 0.2786, 0.0013],
    [0.1616, 0.0005, 0.004, 0.0592, 0.334, 0.4407],
    [0.0189, 0.0216, 0.0297, 0.0227, 0.8337, 0.0735],
    [0.0693, 0.0266, 0.0102, 0.518, 0.3576, 0.0183],
    [0.0007, 0.036, 0.2749, 0.1141, 0.572, 0.0023],
    [0.001, 0.4982, 0.2632, 0.236, 0.0001, 0.0016],
    [0.0119, 0.0007, 0.0001, 0.0003, 0.7219, 0.2652]
  ],
  "EI_Z": {},
  "EI_V": 17.6594,
  "MAE_Z": {},
  "MAE_V": 228.008,
  "MAE_p": 0.0877,
  "runtime": 2.3108
}
