{
  "X": [
    [5, 6, 12, 24, 0],
    [5, 5, 9, 24, 0],
    [3, 8, 8, 16, 0],
    [8, 10, 18, 19, 1],
    [3, 3, 7, 17, 2],
    [9, 5, 14, 34, 3],
    [2, 6, 9, 14, 0],
    [3, 0, 2, 4, 0],
    [8, 4, 11, 16, 1],
    [4, 9, 11, 20, 1],
    [1, 0, 2, 7, 0],
    [3, 1, 4, 6, 0],
    [0, 0, 1, 4, 1],
    [2, 0, 6, 9, 0],
    [3, 1, 4, 10, 0],
    [3, 1, 7, 9, 1],
    [4, 2, 10, 27, 1],
    [2, 0, 4, 6, 0],
    [0, 0, 5, 1, 1],
    [2, 0, 2, 6, 0],
    [5, 3, 16, 25, 0],
    [3, 0, 10, 8, 1],
    [1, 1, 4, 17, 0],
    [0, 0, 4, 9, 0],
    [1, 2, 2, 6, 0],
    [2, 5, 9, 10, 0],
    [2, 2, 3, 3, 0],
    [4, 12, 27, 35, 4],
    [0, 0, 4, 4, 1],
    [1, 0, 2, 5, 0],
    [5, 15, 46, 34, 4],
    [7, 19, 49, 37, 0],
    [2, 0, 5, 9, 1],
    [0, 5, 5, 10, 1],
    [2, 0, 3, 9, 2],
    [2, 0, 2, 3, 0],
    [0, 0, 4, 6, 1],
    [1, 1, 1, 15, 0],
    [2, 0, 4, 8, 0],
    [2, 2, 4, 10, 0],
    [0, 1, 0, 6, 0],
    [0, 0, 4, 9, 0],
    [1, 7, 6, 5, 3],
    [1, 1, 6, 20, 1],
    [2, 0, 2, 7, 0],
    [1, 1, 1, 5, 0],
    [2, 2, 4, 10, 0],
    [1, 1, 0, 11, 0],
    [4, 1, 8, 15, 1],
    [5, 3, 10, 7, 0],
    [1, 1, 10, 17, 0],
    [2, 2, 8, 21, 0],
    [1, 1, 4, 6, 0],
    [0, 0, 5, 8, 1],
    [3, 0, 0, 8, 0],
    [2, 0, 0, 5, 0],
    [1, 0, 1, 4, 0],
    [2, 1, 2, 6, 0],
    [1, 0, 3, 5, 0],
    [5, 24, 39, 34, 4],
    [2, 13, 33, 22, 3],
    [3, 15, 27, 30, 6],
    [7, 19, 27, 40, 6],
    [1, 12, 26, 25, 3],
    [4, 26, 20, 20, 3],
    [0, 8, 13, 7, 2],
    [8, 20, 50, 32, 7],
    [3, 34, 28, 42, 3],
    [0, 1, 8, 3, 1],
    [3, 16, 19, 15, 3],
    [1, 7, 28, 29, 4],
    [3, 16, 33, 32, 10],
    [10, 12, 46, 38, 12],
    [10, 15, 37, 56, 3],
    [9, 6, 24, 30, 3],
    [2, 10, 26, 24, 2],
    [9, 19, 44, 21, 3],
    [4, 15, 66, 18, 0],
    [3, 27, 39, 32, 1],
    [9, 23, 28, 31, 2],
    [4, 15, 42, 32, 1],
    [9, 36, 44, 38, 14],
    [3, 3, 19, 14, 1],
    [10, 9, 30, 25, 3],
    [1, 1, 10, 11, 1],
    [5, 12, 26, 30, 2],
    [4, 15, 22, 24, 4],
    [6, 12, 21, 24, 2],
    [3, 14, 32, 31, 1],
    [4, 28, 39, 29, 3],
    [1, 20, 31, 28, 7],
    [8, 19, 31, 17, 4],
    [4, 21, 28, 22, 9],
    [3, 27, 58, 27, 12],
    [6, 24, 41, 27, 4],
    [4, 13, 23, 14, 0],
    [5, 8, 16, 13, 2],
    [6, 10, 18, 38, 4],
    [2, 4, 21, 16, 1],
    [0, 0, 8, 8, 1],
    [1, 12, 21, 19, 2],
    [11, 12, 35, 35, 5],
    [3, 9, 13, 10, 1],
    [3, 3, 22, 26, 2],
    [12, 16, 33, 28, 5],
    [7, 14, 31, 50, 5],
    [4, 2, 17, 32, 2],
    [1, 2, 7, 6, 0],
    [4, 6, 12, 7, 1],
    [0, 6, 7, 12, 0],
    [10, 23, 52, 44, 3],
    [3, 8, 15, 40, 1],
    [13, 26, 44, 36, 2],
    [12, 16, 53, 55, 9],
    [7, 31, 62, 60, 7],
    [15, 49, 97, 88, 10],
    [7, 6, 26, 19, 0],
    [7, 6, 38, 33, 4],
    [8, 19, 39, 49, 9],
    [4, 6, 13, 16, 0],
    [3, 9, 30, 16, 1],
    [10, 22, 51, 52, 6],
    [5, 12, 38, 43, 10],
    [5, 18, 41, 37, 4],
    [8, 35, 75, 58, 6],
    [14, 49, 81, 70, 7],
    [5, 11, 20, 14, 4],
    [3, 10, 58, 39, 7],
    [2, 20, 35, 33, 9],
    [4, 29, 33, 33, 5],
    [4, 15, 28, 27, 3],
    [15, 28, 58, 94, 5],
    [1, 1, 1, 3, 0],
    [5, 2, 2, 12, 0],
    [1, 2, 5, 9, 1],
    [1, 1, 1, 4, 0],
    [8, 5, 22, 35, 2],
    [4, 12, 29, 27, 2],
    [2, 6, 6, 9, 2],
    [5, 9, 24, 27, 4],
    [5, 17, 31, 27, 1],
    [2, 5, 8, 15, 2],
    [1, 1, 5, 12, 1],
    [2, 4, 8, 17, 0],
    [1, 0, 5, 5, 0],
    [4, 2, 13, 24, 0],
    [8, 11, 24, 26, 1],
    [0, 11, 24, 17, 2],
    [5, 11, 25, 20, 6],
    [4, 14, 48, 22, 3],
    [7, 9, 27, 20, 7],
    [2, 4, 13, 5, 0],
    [3, 7, 20, 33, 5],
    [6, 20, 57, 36, 3],
    [2, 5, 5, 13, 2],
    [2, 2, 13, 15, 0],
    [2, 0, 5, 14, 0],
    [5, 2, 9, 21, 0],
    [5, 10, 17, 31, 3],
    [14, 21, 33, 36, 5],
    [4, 4, 6, 10, 0],
    [6, 6, 20, 18, 0],
    [4, 3, 8, 14, 0],
    [10, 2, 16, 19, 3],
    [4, 1, 11, 14, 0],
    [4, 3, 4, 20, 2],
    [2, 3, 10, 12, 1],
    [1, 1, 6, 10, 1],
    [5, 4, 1, 5, 0],
    [4, 2, 8, 20, 1],
    [6, 9, 28, 29, 1],
    [6, 0, 8, 19, 0],
    [2, 3, 10, 16, 2],
    [1, 1, 7, 9, 1],
    [1, 0, 3, 5, 0],
    [7, 3, 12, 20, 1],
    [1, 1, 12, 12, 1],
    [6, 1, 11, 16, 0],
    [1, 0, 0, 6, 0],
    [9, 1, 5, 15, 2],
    [5, 9, 13, 21, 1],
    [4, 5, 16, 19, 1],
    [8, 2, 10, 6, 0],
    [6, 1, 5, 16, 0],
    [2, 3, 11, 11, 3],
    [2, 2, 2, 0, 0],
    [3, 1, 2, 11, 0],
    [4, 2, 4, 4, 0],
    [2, 3, 17, 15, 0],
    [2, 0, 2, 8, 0],
    [1, 2, 7, 21, 0],
    [0, 0, 6, 7, 0],
    [0, 0, 3, 11, 2],
    [0, 1, 0, 7, 0],
    [1, 0, 3, 10, 0],
    [1, 2, 7, 7, 2],
    [1, 2, 6, 14, 0],
    [0, 4, 9, 10, 2],
    [0, 5, 12, 9, 1],
    [3, 7, 12, 12, 0],
    [1, 1, 5, 2, 0],
    [1, 7, 20, 11, 5],
    [1, 0, 3, 3, 0],
    [0, 1, 10, 7, 0],
    [2, 2, 2, 10, 1],
    [3, 1, 8, 5, 1],
    [2, 3, 13, 12, 1],
    [0, 3, 5, 9, 5],
    [1, 8, 19, 8, 1],
    [4, 1, 5, 4, 0],
    [4, 4, 14, 12, 3],
    [4, 10, 19, 16, 2],
    [0, 2, 3, 10, 0],
    [2, 1, 6, 4, 1],
    [0, 1, 6, 11, 0],
    [2, 3, 4, 7, 1],
    [1, 2, 5, 5, 0],
    [2, 2, 5, 9, 0],
    [0, 2, 1, 4, 0],
    [4, 1, 7, 19, 2],
    [4, 4, 14, 21, 2],
    [3, 1, 9, 15, 0],
    [1, 4, 6, 3, 1],
    [3, 1, 16, 27, 4],
    [3, 3, 5, 13, 0],
    [7, 11, 20, 16, 4],
    [3, 0, 4, 17, 0],
    [8, 7, 15, 21, 0],
    [6, 4, 14, 10, 2],
    [9, 5, 13, 38, 0],
    [2, 1, 3, 2, 1],
    [4, 2, 21, 36, 3],
    [1, 4, 10, 9, 1],
    [1, 2, 4, 6, 4],
    [2, 2, 4, 10, 0],
    [8, 6, 10, 8, 0],
    [3, 7, 4, 4, 1],
    [10, 1, 5, 5, 1],
    [4, 1, 10, 11, 0],
    [1, 0, 2, 4, 0],
    [0, 1, 1, 4, 1],
    [2, 0, 5, 5, 2],
    [0, 0, 6, 3, 0],
    [1, 1, 1, 4, 2],
    [3, 1, 9, 9, 1],
    [3, 5, 7, 18, 0],
    [0, 0, 3, 5, 0],
    [0, 0, 0, 6, 1],
    [2, 7, 11, 18, 1],
    [5, 2, 10, 6, 0],
    [2, 3, 14, 24, 3],
    [4, 4, 9, 20, 3],
    [0, 2, 10, 13, 1],
    [1, 7, 7, 10, 0],
    [1, 3, 11, 11, 0],
    [1, 6, 15, 16, 1],
    [1, 6, 12, 16, 4],
    [0, 1, 2, 7, 0],
    [1, 5, 12, 9, 0],
    [16, 31, 67, 80, 8],
    [0, 1, 6, 4, 0],
    [0, 2, 7, 7, 1],
    [4, 4, 8, 16, 0],
    [4, 4, 7, 7, 0],
    [12, 7, 28, 24, 1],
    [8, 23, 26, 22, 3],
    [6, 15, 38, 16, 7],
    [1, 2, 7, 7, 2],
    [4, 19, 47, 36, 12],
    [0, 2, 2, 6, 1],
    [3, 3, 8, 12, 1],
    [0, 0, 1, 8, 0],
    [2, 0, 4, 7, 0],
    [2, 1, 2, 3, 0],
    [6, 0, 6, 13, 1],
    [2, 7, 11, 7, 1],
    [2, 1, 2, 12, 2],
    [2, 3, 9, 33, 1],
    [3, 1, 3, 11, 1],
    [9, 19, 36, 61, 3],
    [5, 6, 7, 18, 0],
    [11, 10, 47, 33, 6],
    [4, 0, 0, 4, 1],
    [1, 0, 1, 4, 0],
    [1, 1, 4, 8, 0],
    [3, 0, 2, 4, 0],
    [1, 0, 2, 6, 0],
    [3, 4, 9, 11, 0],
    [4, 8, 14, 24, 1],
    [15, 5, 16, 25, 1],
    [5, 11, 27, 30, 7],
    [7, 5, 13, 43, 0],
    [3, 2, 2, 16, 0],
    [2, 2, 9, 11, 1],
    [6, 1, 3, 8, 0],
    [0, 0, 1, 5, 0],
    [7, 4, 13, 32, 2],
    [13, 6, 24, 76, 1],
    [4, 38, 47, 30, 5],
    [12, 7, 14, 29, 3],
    [36, 79, 146, 135, 17],
    [25, 100, 150, 145, 19],
    [23, 121, 231, 203, 27],
    [15, 23, 57, 65, 10],
    [7, 23, 32, 55, 10],
    [8, 13, 33, 38, 7],
    [14, 13, 40, 48, 2],
    [6, 12, 17, 24, 3],
    [1, 1, 7, 4, 1],
    [9, 24, 32, 57, 5],
    [1, 2, 13, 29, 1],
    [25, 51, 106, 85, 9],
    [205, 317, 581, 748, 59],
    [7, 16, 22, 43, 2]
  ],
  "W": [
    [15, 13, 8, 3, 4, 2, 2],
    [13, 7, 5, 6, 7, 5, 0],
    [5, 10, 4, 7, 1, 8, 0],
    [10, 20, 8, 7, 1, 7, 3],
    [3, 13, 3, 6, 4, 2, 1],
    [20, 14, 3, 13, 7, 7, 1],
    [7, 10, 2, 1, 5, 6, 0],
    [3, 3, 0, 1, 1, 1, 0],
    [13, 17, 2, 1, 3, 3, 1],
    [10, 6, 10, 9, 6, 4, 0],
    [2, 2, 1, 3, 1, 1, 0],
    [2, 5, 0, 0, 6, 1, 0],
    [0, 0, 1, 1, 2, 0, 2],
    [6, 5, 0, 2, 4, 0, 0],
    [4, 5, 2, 4, 1, 1, 1],
    [4, 7, 0, 3, 3, 4, 0],
    [10, 13, 3, 5, 11, 2, 0],
    [4, 5, 0, 1, 2, 0, 0],
    [3, 0, 0, 1, 2, 1, 0],
    [2, 2, 0, 4, 2, 0, 0],
    [12, 18, 5, 8, 4, 2, 0],
    [4, 5, 1, 0, 6, 6, 0],
    [1, 5, 2, 7, 3, 4, 1],
    [0, 3, 0, 4, 4, 2, 0],
    [1, 3, 0, 2, 4, 1, 0],
    [2, 9, 4, 6, 1, 4, 0],
    [0, 3, 1, 0, 4, 2, 0],
    [7, 40, 9, 6, 7, 9, 4],
    [1, 3, 0, 2, 2, 1, 0],
    [1, 2, 0, 1, 3, 1, 0],
    [3, 54, 17, 15, 5, 7, 3],
    [7, 63, 17, 16, 0, 5, 4],
    [1, 6, 2, 0, 7, 1, 0],
    [0, 6, 0, 3, 9, 3, 0],
    [1, 4, 0, 3, 6, 2, 0],
    [2, 0, 0, 0, 3, 1, 1],
    [0, 3, 0, 2, 5, 1, 0],
    [2, 1, 1, 5, 7, 2, 0],
    [5, 2, 0, 1, 5, 1, 0],
    [4, 4, 1, 1, 6, 1, 1],
    [2, 1, 3, 1, 0, 0, 0],
    [2, 0, 0, 2, 2, 6, 1],
    [3, 7, 2, 3, 0, 5, 2],
    [10, 5, 2, 3, 4, 4, 1],
    [3, 4, 0, 2, 2, 0, 0],
    [1, 3, 1, 0, 3, 0, 0],
    [6, 5, 3, 0, 2, 2, 0],
    [1, 2, 0, 2, 4, 3, 1],
    [3, 9, 3, 7, 5, 2, 0],
    [7, 10, 2, 4, 0, 2, 0],
    [5, 9, 2, 4, 7, 2, 0],
    [8, 12, 2, 1, 10, 0, 0],
    [5, 2, 1, 2, 2, 0, 0],
    [3, 4, 0, 0, 4, 3, 0],
    [1, 3, 0, 1, 5, 1, 0],
    [1, 1, 0, 1, 4, 0, 0],
    [1, 0, 0, 1, 2, 2, 0],
    [1, 2, 1, 4, 2, 1, 0],
    [0, 5, 0, 0, 4, 0, 0],
    [4, 44, 17, 18, 3, 16, 4],
    [5, 43, 10, 4, 3, 7, 1],
    [4, 31, 17, 10, 3, 12, 4],
    [7, 41, 22, 19, 3, 4, 3],
    [2, 23, 12, 12, 4, 14, 0],
    [4, 24, 21, 7, 1, 10, 6],
    [1, 10, 7, 6, 1, 3, 2],
    [12, 56, 19, 18, 3, 7, 2],
    [3, 44, 36, 12, 3, 9, 3],
    [0, 8, 1, 1, 0, 2, 1],
    [5, 21, 14, 6, 3, 5, 2],
    [1, 36, 9, 16, 0, 6, 1],
    [4, 44, 8, 15, 4, 12, 7],
    [8, 41, 15, 24, 8, 18, 4],
    [17, 42, 12, 21, 11, 16, 2],
    [8, 26, 5, 13, 6, 4, 10],
    [3, 28, 10, 9, 7, 5, 2],
    [12, 54, 10, 5, 1, 12, 2],
    [3, 62, 13, 6, 1, 17, 1],
    [7, 43, 19, 14, 4, 15, 0],
    [6, 48, 14, 9, 1, 11, 4],
    [7, 51, 10, 13, 3, 6, 4],
    [8, 49, 32, 18, 12, 15, 7],
    [2, 14, 7, 3, 4, 9, 1],
    [4, 35, 12, 9, 4, 10, 3],
    [2, 15, 1, 3, 0, 2, 1],
    [9, 28, 8, 9, 3, 15, 3],
    [5, 24, 9, 10, 1, 18, 2],
    [5, 31, 7, 9, 1, 9, 3],
    [7, 33, 21, 11, 1, 6, 2],
    [1, 50, 25, 11, 0, 13, 3],
    [4, 34, 18, 11, 2, 11, 7],
    [5, 42, 7, 6, 2, 13, 4],
    [6, 37, 19, 11, 1, 4, 6],
    [6, 68, 23, 8, 4, 10, 8],
    [4, 55, 20, 16, 0, 6, 1],
    [1, 34, 9, 2, 1, 4, 3],
    [7, 16, 7, 6, 1, 5, 2],
    [3, 23, 9, 15, 12, 12, 2],
    [0, 17, 7, 10, 1, 9, 0],
    [1, 8, 0, 4, 1, 3, 0],
    [3, 18, 14, 8, 2, 7, 3],
    [4, 46, 11, 14, 5, 13, 5],
    [3, 18, 6, 4, 2, 2, 1],
    [8, 22, 2, 12, 6, 5, 1],
    [13, 31, 19, 10, 1, 13, 7],
    [11, 40, 16, 25, 1, 10, 4],
    [3, 21, 5, 8, 3, 14, 3],
    [2, 4, 2, 2, 3, 1, 2],
    [1, 11, 5, 1, 3, 7, 2],
    [0, 7, 7, 5, 0, 5, 1],
    [7, 50, 19, 17, 18, 19, 2],
    [3, 28, 2, 18, 8, 5, 3],
    [4, 71, 15, 11, 1, 13, 6],
    [12, 63, 14, 18, 10, 25, 3],
    [11, 76, 32, 26, 4, 9, 9],
    [13, 130, 44, 30, 3, 25, 14],
    [2, 28, 5, 10, 3, 9, 1],
    [7, 40, 3, 19, 6, 10, 3],
    [9, 52, 19, 21, 3, 14, 6],
    [4, 14, 4, 5, 5, 5, 2],
    [5, 36, 6, 5, 5, 2, 0],
    [5, 71, 21, 11, 14, 13, 6],
    [6, 57, 11, 19, 2, 9, 4],
    [4, 51, 19, 16, 4, 9, 2],
    [4, 83, 34, 27, 5, 25, 4],
    [9, 117, 33, 34, 5, 17, 6],
    [3, 28, 3, 8, 1, 9, 2],
    [8, 50, 11, 17, 6, 15, 10],
    [6, 51, 13, 14, 1, 9, 5],
    [1, 54, 25, 12, 3, 6, 3],
    [4, 36, 13, 11, 3, 6, 4],
    [14, 86, 27, 37, 16, 18, 2],
    [2, 3, 1, 0, 0, 0, 0],
    [5, 5, 0, 4, 3, 3, 1],
    [6, 5, 1, 1, 4, 0, 1],
    [1, 1, 1, 1, 2, 1, 0],
    [3, 26, 9, 14, 10, 7, 3],
    [5, 24, 13, 14, 12, 4, 2],
    [1, 3, 8, 7, 0, 4, 2],
    [3, 33, 8, 4, 10, 10, 1],
    [7, 31, 14, 8, 11, 8, 2],
    [9, 8, 2, 6, 4, 1, 2],
    [5, 1, 1, 2, 6, 5, 0],
    [2, 12, 3, 2, 5, 7, 0],
    [1, 5, 0, 2, 1, 1, 1],
    [2, 20, 4, 5, 4, 5, 3],
    [13, 25, 6, 12, 4, 7, 3],
    [6, 25, 6, 8, 0, 6, 3],
    [7, 39, 4, 5, 6, 3, 3],
    [6, 46, 11, 7, 3, 13, 5],
    [3, 41, 7, 6, 4, 5, 4],
    [1, 13, 3, 2, 3, 2, 0],
    [4, 33, 8, 12, 3, 7, 1],
    [6, 76, 9, 12, 3, 15, 1],
    [6, 10, 2, 2, 3, 3, 1],
    [1, 12, 1, 7, 3, 7, 1],
    [3, 6, 2, 5, 4, 1, 0],
    [4, 16, 2, 7, 7, 1, 0],
    [7, 30, 8, 8, 3, 7, 3],
    [11, 43, 20, 11, 2, 20, 2],
    [7, 9, 1, 3, 3, 1, 0],
    [13, 16, 3, 8, 5, 5, 0],
    [9, 10, 2, 2, 2, 3, 1],
    [13, 15, 7, 6, 6, 0, 3],
    [6, 15, 0, 2, 7, 0, 0],
    [4, 10, 2, 10, 3, 2, 2],
    [5, 6, 1, 5, 3, 7, 1],
    [4, 8, 0, 4, 1, 2, 0],
    [1, 4, 3, 3, 1, 2, 1],
    [8, 9, 3, 8, 2, 3, 2],
    [8, 35, 6, 6, 6, 11, 1],
    [7, 13, 0, 3, 7, 2, 1],
    [4, 13, 2, 4, 4, 5, 1],
    [5, 7, 0, 1, 5, 1, 0],
    [1, 3, 1, 3, 1, 0, 0],
    [7, 12, 6, 8, 3, 4, 3],
    [4, 9, 4, 1, 5, 2, 2],
    [10, 10, 0, 3, 7, 4, 0],
    [2, 1, 0, 2, 1, 1, 0],
    [8, 5, 3, 5, 4, 5, 2],
    [11, 20, 9, 5, 3, 1, 0],
    [6, 14, 5, 8, 6, 4, 2],
    [3, 16, 1, 1, 2, 2, 1],
    [8, 9, 2, 2, 6, 0, 1],
    [3, 13, 2, 7, 1, 1, 3],
    [3, 1, 1, 1, 0, 0, 0],
    [5, 7, 0, 2, 0, 3, 0],
    [3, 7, 1, 2, 0, 0, 1],
    [2, 18, 1, 6, 2, 6, 2],
    [0, 2, 0, 0, 7, 3, 0],
    [2, 6, 1, 11, 4, 6, 1],
    [0, 5, 3, 1, 2, 1, 1],
    [1, 5, 0, 5, 3, 2, 0],
    [0, 4, 1, 1, 0, 2, 0],
    [1, 4, 0, 3, 4, 1, 1],
    [2, 7, 3, 3, 2, 2, 0],
    [5, 5, 6, 1, 5, 1, 0],
    [0, 13, 4, 3, 2, 2, 1],
    [0, 18, 1, 3, 1, 3, 1],
    [6, 21, 2, 2, 0, 3, 0],
    [0, 6, 0, 0, 1, 1, 1],
    [0, 19, 7, 4, 1, 8, 5],
    [1, 4, 0, 2, 0, 0, 0],
    [0, 12, 1, 2, 1, 2, 0],
    [1, 7, 4, 2, 1, 2, 0],
    [3, 8, 3, 1, 1, 2, 0],
    [4, 15, 6, 4, 2, 0, 0],
    [3, 12, 2, 2, 0, 3, 0],
    [5, 19, 5, 0, 4, 3, 1],
    [4, 6, 0, 1, 0, 3, 0],
    [5, 16, 3, 8, 1, 2, 2],
    [4, 22, 7, 4, 3, 8, 3],
    [0, 5, 1, 4, 4, 1, 0],
    [1, 8, 2, 1, 0, 1, 1],
    [2, 11, 0, 1, 1, 3, 0],
    [2, 4, 2, 2, 3, 2, 2],
    [2, 3, 2, 1, 5, 0, 0],
    [1, 11, 0, 1, 2, 2, 1],
    [1, 0, 2, 2, 1, 0, 1],
    [2, 8, 2, 10, 7, 4, 0],
    [6, 15, 3, 4, 9, 6, 2],
    [6, 8, 0, 6, 4, 3, 1],
    [2, 5, 1, 2, 0, 3, 2],
    [7, 24, 2, 12, 2, 3, 1],
    [5, 12, 3, 2, 1, 1, 0],
    [1, 32, 9, 5, 2, 7, 2],
    [7, 3, 2, 3, 4, 4, 1],
    [8, 16, 5, 10, 5, 6, 1],
    [5, 16, 1, 2, 3, 8, 1],
    [10, 18, 5, 15, 13, 3, 1],
    [1, 7, 0, 0, 0, 0, 1],
    [4, 25, 4, 14, 7, 7, 5],
    [3, 13, 2, 5, 1, 1, 0],
    [1, 5, 2, 5, 2, 0, 2],
    [3, 5, 2, 2, 3, 3, 0],
    [4, 9, 7, 1, 9, 2, 0],
    [6, 4, 4, 2, 3, 0, 0],
    [4, 9, 0, 1, 5, 3, 0],
    [6, 8, 0, 1, 8, 1, 2],
    [1, 1, 0, 1, 1, 3, 0],
    [0, 0, 1, 1, 3, 2, 0],
    [1, 3, 0, 1, 6, 2, 1],
    [1, 2, 0, 0, 2, 4, 0],
    [0, 0, 1, 1, 7, 0, 0],
    [3, 6, 1, 2, 5, 4, 2],
    [6, 8, 2, 8, 4, 5, 0],
    [1, 2, 0, 2, 2, 1, 0],
    [0, 1, 0, 2, 3, 1, 0],
    [2, 19, 2, 4, 4, 8, 0],
    [2, 7, 1, 2, 4, 7, 0],
    [2, 16, 0, 4, 12, 11, 1],
    [1, 15, 5, 6, 8, 5, 0],
    [4, 9, 0, 2, 6, 5, 0],
    [1, 4, 4, 2, 4, 9, 1],
    [3, 5, 2, 9, 6, 1, 0],
    [3, 18, 2, 4, 2, 9, 1],
    [3, 12, 2, 2, 9, 9, 2],
    [2, 1, 1, 1, 2, 3, 0],
    [4, 17, 4, 0, 1, 1, 0],
    [13, 72, 28, 37, 21, 27, 4],
    [0, 6, 2, 0, 0, 1, 2],
    [0, 10, 3, 2, 0, 1, 1],
    [2, 5, 4, 4, 11, 5, 1],
    [2, 7, 4, 2, 4, 3, 0],
    [3, 39, 4, 12, 6, 5, 3],
    [7, 39, 14, 12, 2, 4, 4],
    [6, 45, 12, 9, 0, 6, 4],
    [2, 12, 1, 1, 1, 0, 2],
    [5, 60, 19, 20, 4, 5, 5],
    [3, 2, 0, 5, 0, 1, 0],
    [3, 14, 4, 4, 2, 0, 0],
    [2, 2, 0, 0, 2, 2, 1],
    [3, 5, 0, 2, 3, 0, 0],
    [3, 1, 0, 0, 3, 1, 0],
    [7, 5, 1, 4, 8, 0, 1],
    [3, 11, 3, 2, 4, 4, 1],
    [3, 4, 2, 4, 5, 1, 0],
    [7, 11, 4, 9, 9, 6, 2],
    [8, 2, 0, 2, 4, 2, 1],
    [18, 52, 19, 28, 3, 5, 3],
    [6, 3, 7, 10, 4, 5, 1],
    [7, 57, 13, 13, 2, 13, 2],
    [0, 2, 0, 1, 4, 2, 0],
    [1, 0, 0, 1, 4, 0, 0],
    [2, 3, 0, 2, 4, 2, 1],
    [0, 3, 0, 2, 3, 1, 0],
    [0, 2, 0, 1, 6, 0, 0],
    [1, 12, 3, 7, 3, 1, 0],
    [5, 15, 9, 5, 13, 4, 0],
    [12, 25, 7, 7, 7, 3, 1],
    [5, 32, 12, 7, 10, 9, 5],
    [6, 16, 10, 28, 3, 5, 0],
    [4, 3, 3, 6, 5, 2, 0],
    [1, 7, 1, 1, 11, 4, 0],
    [9, 2, 2, 1, 2, 1, 1],
    [0, 0, 0, 0, 3, 2, 1],
    [9, 13, 3, 7, 15, 8, 3],
    [31, 26, 12, 24, 15, 9, 3],
    [2, 56, 33, 11, 9, 9, 4],
    [10, 19, 6, 6, 17, 6, 1],
    [31, 155, 68, 64, 18, 53, 24],
    [20, 159, 93, 70, 17, 68, 12],
    [18, 258, 117, 108, 19, 54, 31],
    [16, 68, 22, 24, 17, 17, 6],
    [20, 34, 19, 16, 16, 17, 5],
    [11, 43, 11, 12, 7, 9, 6],
    [11, 42, 14, 22, 13, 13, 2],
    [6, 19, 8, 11, 7, 10, 1],
    [1, 6, 2, 2, 0, 1, 2],
    [15, 40, 21, 28, 15, 7, 1],
    [6, 15, 3, 15, 5, 1, 1],
    [20, 126, 53, 34, 16, 17, 10],
    [236, 775, 259, 266, 167, 139, 68],
    [20, 28, 17, 11, 10, 3, 1]
  ],
  "method": "mult",
  "cond_prob": [
    [
      [0.23521151545, 0.0021702460162, 0.052238262516, 0.71037997602, 0],
      [0.062916361616, 0.058362425486, 0.6131775181, 0.2655436948, 0],
      [0.0066047414327, 0.61828702625, 0.15780629686, 0.21730193546, 0],
      [0.010326767045, 0.0035857701458, 0.062101478805, 0.923985984, 0],
      [0.088364566512, 0, 0.026362612248, 0.88527282124, 0],
      [0.03267679076, 0.070925523048, 0.41950748883, 0.47689019736, 0],
      [0.075642243538, 0.054915105963, 0.42594904453, 0.44349360597, 0]
    ],
    [
      [0.27716597118, 0.0027588110996, 0.059581503023, 0.6604937147, 0],
      [0.0552164615, 0.1026952262, 0.65664907123, 0.18543924107, 0],
      [0.0020343579147, 0.74433325067, 0.14353134073, 0.11010105068, 0],
      [0.01313499083, 0.0087377231285, 0.074699274309, 0.90342801173, 0],
      [0.10540399181, 0.0017296113515, 0.036204250111, 0.85666214673, 0],
      [0.036703493393, 0.091813800151, 0.44192297236, 0.4295597341, 0],
      ["NaN", "NaN", "NaN", "NaN", "NaN"]
    ],
    [
      [0.35952922318, 0.019429992756, 0.035845265054, 0.58519551901, 0],
      [0.06052950151, 0.23698784187, 0.46688612235, 0.23559653427, 0],
      [0.00054177471515, 0.9111610744, 0.049778496402, 0.038518654479, 0],
      [0.015219935368, 0.038642695311, 0.052129764186, 0.89400760514, 0],
      [0.13588798204, 0.0068569456985, 0.027231109343, 0.83002396292, 0],
      [0.044058030068, 0.20137143838, 0.32008237587, 0.43448815568, 0],
      ["NaN", "NaN", "NaN", "NaN", "NaN"]
    ],
    [
      [0.48304726868, 0.0046805875841, 0.053878093727, 0.45833683344, 5.7216576653e-05],
      [0.090871609329, 0.1330987307, 0.58497837362, 0.18173482356, 0.0093164627935],
      [0.0084049796212, 0.76376703857, 0.12238400993, 0.099842062223, 0.0056019096578],
      [0.030030004758, 0.01560024419, 0.085918469686, 0.85567444503, 0.012776836337],
      [0.22029634522, 0.00020709396637, 0.032802958453, 0.74089169431, 0.0058019080534],
      [0.069379253788, 0.12023213688, 0.43980755029, 0.35296188804, 0.017619171],
      [0.12289804488, 0.076683146735, 0.35656480418, 0.26061755698, 0.18323644723]
    ],
    [
      [0.37119850731, 0, 0.023522827956, 0.60527866474, 0],
      [0.08449197257, 0.066402531653, 0.43571632032, 0.35092410679, 0.062465068668],
      [0.0080780391407, 0.65124228083, 0.10400472305, 0.1988744821, 0.037800474875],
      [0.012321613254, 0.0039359019863, 0.032932445668, 0.90795694148, 0.042853097611],
      [0.13128073868, 0, 0.010238454021, 0.83872681555, 0.019753991739],
      [0.052512391173, 0.06738741073, 0.28734877828, 0.51235801105, 0.080393408764],
      [0.059697300643, 0.024650012626, 0.13985913622, 0.19816223798, 0.57763131254]
    ],
    [
      [0.33163206962, 0.0029971287879, 0.06674253227, 0.59680048736, 0.0018277819559],
      [0.06052479275, 0.11462654362, 0.58731361924, 0.17546107998, 0.062073964407],
      [0.0010077505477, 0.82494266437, 0.087157411147, 0.049423068842, 0.037469105093],
      [0.016559412088, 0.010668178733, 0.072993362963, 0.84902406994, 0.05075497628],
      [0.13439416753, 0.0012843779741, 0.038047048252, 0.80168891259, 0.024585493657],
      [0.04385100962, 0.096143808459, 0.39374266163, 0.38415236603, 0.082110154263],
      [0.053999660219, 0.039774191905, 0.20984476406, 0.12106406698, 0.57531731683]
    ],
    [
      [0.19413096221, 0.05332864894, 0.079658194088, 0.67288219476, 0],
      [0.020654868977, 0.24010244287, 0.5652230639, 0.17401962426, 0],
      [0, 0.93811454824, 0.033092298037, 0.028793153726, 0],
      [0.007749027635, 0.028734121268, 0.083216259945, 0.88030059115, 0],
      [0.065303696478, 0.018186055708, 0.04656630359, 0.86994394422, 0],
      [0.016711177453, 0.20496358874, 0.40132160474, 0.37700362906, 0],
      ["NaN", "NaN", "NaN", "NaN", "NaN"]
    ],
    [
      [0.61952547927, 1.7975346148e-33, 0.009229889184, 0.37124463155, 0],
      [0.22455139361, 0, 0.51760761139, 0.25784099499, 0],
      ["NaN", "NaN", "NaN", "NaN", "NaN"],
      [0.027860231701, 0, 0.030624549101, 0.9415152192, 0],
      [0.3011054213, 0, 0.0066385160076, 0.69225606269, 0],
      [0.13880372835, 0, 0.38222443316, 0.47897183849, 0],
      ["NaN", "NaN", "NaN", "NaN", "NaN"]
    ],
    [
      [0.42007065059, 0.0021473205749, 0.044843081734, 0.53275163607, 0.00018731102923],
      [0.098570289908, 0.11336520377, 0.51786762215, 0.2456103349, 0.024586549267],
      [0.0027351488529, 0.83820511651, 0.085249642119, 0.057970132176, 0.015839960337],
      [0.015156413392, 0.0086927883937, 0.047887115232, 0.90285050385, 0.02541317913],
      [0.1847246886, 0, 0.019523561371, 0.7857967253, 0.0099550247256],
      [0.064393467414, 0.10269847602, 0.36613290106, 0.42745501263, 0.03932014288],
      [0.095405434786, 0.051677918925, 0.23793457411, 0.24030705571, 0.37467501646]
    ],
    [
      [0.28944664445, 0.025143779789, 0.10708740358, 0.57742652285, 0.00089564932089],
      [0.035686819131, 0.1111325831, 0.75118758989, 0.068139077674, 0.033853930205],
      [0.0019551640204, 0.73385550397, 0.16902854293, 0.077127457715, 0.018033331363],
      [0.0095786279066, 0.02655161238, 0.12759147229, 0.80156844197, 0.034709845461],
      [0.11193926435, 0.015190780843, 0.068077436578, 0.78801892033, 0.016773597902],
      [0.028504440804, 0.10327561684, 0.54373178136, 0.27584905716, 0.048639103845],
      ["NaN", "NaN", "NaN", "NaN", "NaN"]
    ],
    [
      [0.33662706252, 0, 0.0088404992991, 0.65453243818, 0],
      [0.072891759504, 0, 0.58125521831, 0.34585302218, 0],
      [0.015742661974, 0, 0.3703917795, 0.61386555853, 0],
      [0.0062289146282, 0, 0.022060984101, 0.97171010127, 0],
      [0.10378464858, 0, 0.0083543256498, 0.88786102577, 0],
      [0.042748301515, 0, 0.37487950733, 0.58237219116, 0],
      ["NaN", "NaN", "NaN", "NaN", "NaN"]
    ],
    [
      [0.5233222912, 0.0016490500042, 0.062567464861, 0.41246119394, 0],
      [0.087659853071, 0.16706138287, 0.62309119089, 0.12218757317, 0],
      ["NaN", "NaN", "NaN", "NaN", "NaN"],
      ["NaN", "NaN", "NaN", "NaN", "NaN"],
      [0.24084075712, 0.00093703524838, 0.051080165963, 0.70714204167, 0],
      [0.070011609521, 0.15577277418, 0.45292812004, 0.32128749626, 0],
      ["NaN", "NaN", "NaN", "NaN", "NaN"]
    ],
    [
      ["NaN", "NaN", "NaN", "Inf", "Inf"],
      ["NaN", "NaN", "NaN", "NaN", "NaN"],
      [0, 0, 0.49546072075, 0.45704071751, 0.047498561733],
      [0, 0, 0.051382561917, 0.93453765157, 0.014079786516],
      [0, 0, 0.0037618933886, 0.99532067847, 0.00091742814379],
      ["NaN", "NaN", "NaN", "NaN", "NaN"],
      [0, 0, 0.22281646528, 0.30889013699, 0.46829339773]
    ],
    [
      [0.2499148622, 0, 0.13812785082, 0.61195728698, 0],
      [0.024623699912, 0, 0.91142775299, 0.063948547102, 0],
      ["NaN", "NaN", "NaN", "NaN", "NaN"],
      [0.0093926494891, 0, 0.13468906924, 0.85591828127, 0],
      [0.089651757067, 0, 0.086178997913, 0.82416924502, 0],
      ["NaN", "NaN", "NaN", "NaN", "NaN"],
      ["NaN", "NaN", "NaN", "NaN", "NaN"]
    ],
    [
      [0.43697100904, 0.0001061437845, 0.015976922211, 0.54694592496, 0],
      [0.11832108925, 0.01362273061, 0.54424520968, 0.32381097046, 0],
      [0.096155547557, 0.43838330294, 0.16984006299, 0.29562108651, 0],
      [0.0122274676, 0.0013338144199, 0.034268961885, 0.9521697561, 0],
      [0.17584886968, 3.6722499849e-05, 0.018174760217, 0.8059396476, 0],
      [0.076605957894, 0.030694729511, 0.36755825573, 0.52514105687, 0],
      [0.1668347245, 0.018628456251, 0.3523772733, 0.46215954594, 0]
    ],
    [
      [0.43312259861, 0.00098532584354, 0.075997396416, 0.4891496307, 0.00074504842869],
      [0.066194210233, 0.091323994638, 0.63294516421, 0.15159075589, 0.057945875029],
      ["NaN", "NaN", "NaN", "NaN", "NaN"],
      [0.022421423405, 0.0098165342339, 0.095537736973, 0.81412622741, 0.058098077975],
      [0.17688283477, 0.00036086742799, 0.05404152461, 0.74258139224, 0.026133380952],
      [0.051559339848, 0.081564632294, 0.45416412003, 0.32803583175, 0.084676076075],
      ["NaN", "NaN", "NaN", "NaN", "NaN"]
    ],
    [
      [0.22626999295, 0.00031858792823, 0.046287536093, 0.72695717831, 0.00016670472441],
      [0.061826965447, 0.024956787858, 0.5896468881, 0.28376599629, 0.0398033623],
      [0.0058946733364, 0.52627808306, 0.19475741441, 0.24008253566, 0.032987293533],
      [0.0079709321726, 0.0020930549161, 0.056200736093, 0.90679440129, 0.026940875531],
      [0.073898000893, 0.00014784855591, 0.021458819771, 0.89136707705, 0.013128253729],
      [0.031566414516, 0.040725010343, 0.38519607627, 0.49110640207, 0.051406096793],
      ["NaN", "NaN", "NaN", "NaN", "NaN"]
    ],
    [
      [0.3565970022, 0, 0.061524198649, 0.58187879915, 0],
      [0.058692698454, 0, 0.72460691255, 0.216700389, 0],
      ["NaN", "NaN", "NaN", "NaN", "NaN"],
      [0.013244845292, 0, 0.067566732739, 0.91918842197, 0],
      [0.13345182682, 0, 0.03165095496, 0.83489721822, 0],
      ["NaN", "NaN", "NaN", "NaN", "NaN"],
      ["NaN", "NaN", "NaN", "NaN", "NaN"]
    ],
    [
      [0, 0, 0.8544216929, 0.13623080997, 0.0093474971311],
      ["NaN", "NaN", "NaN", "NaN", "NaN"],
      ["NaN", "NaN", "NaN", "NaN", "NaN"],
      [2.7755575616e-17, 0, 0.53305502629, 0.12095395464, 0.34599101908],
      [0, 0, 0.52939061722, 0.23517680773, 0.23543257505],
      [0, 0, 0.84489866057, 0, 0.15510133943],
      ["NaN", "NaN", "NaN", "NaN", "NaN"]
    ],
    [
      [0.56715223011, 0, 0.037130585349, 0.39571718454, 0],
      [0.11099937821, 0, 0.78600879615, 0.10299182563, 0],
      ["NaN", "NaN", "NaN", "NaN", "NaN"],
      [0.04210458207, 0, 0.071925420323, 0.88596999761, 0],
      [0.23763922753, 0, 0.033009777851, 0.72935099462, 0],
      ["NaN", "NaN", "NaN", "NaN", "NaN"],
      ["NaN", "NaN", "NaN", "NaN", "NaN"]
    ],
    [
      [0.27512412395, 0.00051076807174, 0.070780763422, 0.65358434455, 0],
      [0.060853439079, 0.021538207399, 0.67402362226, 0.24358473126, 0],
      [0.0078547523348, 0.5005410553, 0.24780735658, 0.24379683578, 0],
      [0.0085317041111, 0.0026456020764, 0.082638337838, 0.90618435597, 0],
      [0.1052665971, 0.00017800319112, 0.039858113153, 0.85469728656, 0],
      [0.037277413105, 0.040800472045, 0.47931484999, 0.44260726486, 0],
      ["NaN", "NaN", "NaN", "NaN", "NaN"]
    ],
    [
      [0.39694064743, 0, 0.15576538161, 0.44645861746, 0.00083535350503],
      [0.042291932198, 0, 0.82159607219, 0.086282165076, 0.049829830537],
      [0.011685213043, 0, 0.6391925472, 0.25068545096, 0.098436788797],
      ["NaN", "NaN", "NaN", "NaN", "NaN"],
      [0.16353724882, 0, 0.12034997569, 0.6872514097, 0.028861365791],
      [0.034644840554, 0, 0.65127761855, 0.23476013261, 0.079317408293],
      ["NaN", "NaN", "NaN", "NaN", "NaN"]
    ],
    [
      [0.24614034779, 0, 0.020027649227, 0.73383200298, 0],
      [0.052625304647, 0.015073734805, 0.4456255312, 0.48667542935, 0],
      [0.010790613974, 0.42937589509, 0.1368535685, 0.42297992243, 0],
      [0.0042790012051, 0.0011552688209, 0.016818227821, 0.97774750215, 0],
      [0.06332455672, 0, 0.002354147806, 0.93432129547, 0],
      [0.0425865225, 0.0093690767177, 0.2660053419, 0.68203905889, 0],
      [0.078879132432, 0.02031634718, 0.289326152, 0.61147836839, 0]
    ],
    [
      ["NaN", "NaN", "NaN", "NaN", "NaN"],
      [0, 0, 0.81549968235, 0.18450031765, 0],
      ["NaN", "NaN", "NaN", "NaN", "NaN"],
      [0, 0, 0.078352962938, 0.92164703706, 0],
      [0, 0, 0.040021140078, 0.95997885992, 0],
      [0, 0, 0.54000227044, 0.45999772956, 0],
      ["NaN", "NaN", "NaN", "NaN", "NaN"]
    ],
    [
      [0.37023795312, 0.045090127085, 0.04713865299, 0.5375332668, 0],
      [0.039064932447, 0.45881181755, 0.44979920696, 0.052324043051, 0],
      ["NaN", "NaN", "NaN", "NaN", "NaN"],
      [0.011891540247, 0.052483215353, 0.065193590098, 0.8704316543, 0],
      [0.11458109775, 0.020046318253, 0.046888276096, 0.8184843079, 0],
      [0.030459778044, 0.39332271656, 0.28552344156, 0.29069406383, 0],
      ["NaN", "NaN", "NaN", "NaN", "NaN"]
    ],
    [
      [0.46468572111, 0.0020189652751, 0.04599222071, 0.48730309291, 0],
      [0.061560130711, 0.13390667201, 0.64150946692, 0.16302373036, 0],
      [0.00395854618, 0.78876527527, 0.1243187203, 0.082957458252, 0],
      [0.020782136684, 0.023311799823, 0.10977826074, 0.84612780275, 0],
      [0.17724084932, 0.0020916413852, 0.042769212186, 0.77789829711, 0],
      [0.049704881812, 0.12344461999, 0.48392917462, 0.34292132358, 0],
      ["NaN", "NaN", "NaN", "NaN", "NaN"]
    ],
    [
      ["NaN", "NaN", "NaN", "NaN", "NaN"],
      [0.10789213192, 0.1976701016, 0.60675019746, 0.087687569025, 0],
      [0, 0.96302753901, 0.025447303021, 0.011525157972, 0],
      ["NaN", "NaN", "NaN", "NaN", "NaN"],
      [0.36736488621, 0.025644992337, 0.049254127876, 0.55773599358, 0],
      [0.10343202971, 0.17069109343, 0.47864279655, 0.24723408032, 0],
      ["NaN", "NaN", "NaN", "NaN", "NaN"]
    ],
    [
      [0.22983393291, 0, 0.032029024439, 0.73813704266, 0],
      [0.034609667108, 0.1128046785, 0.52613452796, 0.28924595738, 0.037205169059],
      [0.0029459325429, 0.70711242023, 0.11645901859, 0.15249196947, 0.020990659159],
      [0.0089186245838, 0.0078911406531, 0.049315221954, 0.90149220986, 0.032382802951],
      [0.078773445876, 0, 0.018711824501, 0.88777424461, 0.014740485013],
      [0.025185836198, 0.097198141843, 0.36482099961, 0.46160352242, 0.051191499935],
      [0.037165999508, 0.050417739396, 0.24300536085, 0.27824250199, 0.39116839825]
    ],
    [
      [1.4311468677e-17, 0, 0.20026515598, 0.79322974737, 0.0065050966461],
      [0, 0, 0.85931314196, 0.017884274923, 0.12280258312],
      ["NaN", "NaN", "NaN", "NaN", "NaN"],
      [3.469446952e-17, 0, 0.17714219468, 0.68232658034, 0.14053122498],
      [4.1633363423e-17, 0, 0.12898658791, 0.79149445811, 0.079518953982],
      [0, 0, 0.60953785296, 0.20547535097, 0.18498679607],
      ["NaN", "NaN", "NaN", "NaN", "NaN"]
    ],
    [
      [0.4152176588, 0, 0.033941018018, 0.55084132318, 0],
      [0.072190452971, 0, 0.7100375883, 0.21777195873, 0],
      ["NaN", "NaN", "NaN", "NaN", "NaN"],
      [0.015389153866, 0, 0.054548520233, 0.9300623259, 0],
      [0.12561930505, 0, 0.0090234015022, 0.86535729345, 0],
      [0.048154366245, 0, 0.46436508065, 0.48748055311, 0],
      ["NaN", "NaN", "NaN", "NaN", "NaN"]
    ],
    [
      [0.37206212347, 0, 0.048137605435, 0.57978240194, 1.7869147714e-05],
      [0.045196535015, 0.07146774718, 0.66844670802, 0.18458906723, 0.030299942564],
      [0.0052493152134, 0.61201824419, 0.21688019306, 0.14473971347, 0.021112534074],
      [0.016076738107, 0.0058661138948, 0.092200228407, 0.85017665842, 0.035680261173],
      [0.13938644412, 0, 0.033575551483, 0.8106025021, 0.016435502295],
      [0.035785289117, 0.075347466833, 0.50119972571, 0.34253934898, 0.045128169368],
      [0.055127354702, 0.040335841624, 0.3377408018, 0.20961006848, 0.3571859334]
    ],
    [
      [0.38930625079, 0.00014608872436, 0.041826188714, 0.56872147177, 0],
      [0.052495794942, 0.10202649271, 0.63966017331, 0.20581753904, 0],
      [0.0052868967739, 0.68548253015, 0.17394833908, 0.13528223399, 0],
      [0.01808616981, 0.0076587028932, 0.068561265428, 0.90569386187, 0],
      ["NaN", "NaN", "NaN", "NaN", "NaN"],
      [0.042133947886, 0.09743215911, 0.48281519641, 0.3776186966, 0],
      [0.094423865383, 0.07710132094, 0.48511194177, 0.34336287191, 0]
    ],
    [
      [0.39937356883, 0, 0.045793910122, 0.55448671387, 0.00034580718068],
      [0.075898198131, 0, 0.6082882721, 0.23982602886, 0.075987500907],
      [0.020505397569, 0, 0.40801475993, 0.43714933318, 0.13433050932],
      ["NaN", "NaN", "NaN", "NaN", "NaN"],
      [0.15047939797, 1.1896683614e-17, 0.010619671129, 0.81526148552, 0.023639445383],
      [0.050870661488, 0, 0.41410923951, 0.42542804795, 0.10959205106],
      ["NaN", "NaN", "NaN", "NaN", "NaN"]
    ],
    [
      ["NaN", "NaN", "NaN", "NaN", "Inf"],
      [0, 0.44629848818, 0.48512679256, 0.016458468524, 0.052116250741],
      ["NaN", "NaN", "NaN", "NaN", "NaN"],
      [0, 0.17828192418, 0.098577655284, 0.66635267964, 0.056787740892],
      [0, 0.058692084987, 0.089722239026, 0.81840233642, 0.033183339572],
      [0, 0.41971151117, 0.32866870919, 0.1788567074, 0.072763072243],
      ["NaN", "NaN", "NaN", "NaN", "NaN"]
    ],
    [
      [0.46196298285, 0, 0.034059002977, 0.50283514358, 0.0011428705845],
      [0.088412165798, 0, 0.52990881153, 0.19454985752, 0.18712916514],
      ["NaN", "NaN", "NaN", "NaN", "NaN"],
      [0.021277935936, 0, 0.045186276054, 0.80017746178, 0.13335832623],
      [0.16732796812, 5.5510021854e-17, 0.011118897073, 0.75959710629, 0.061956028519],
      [0.058293368723, 0, 0.32201677014, 0.38042520161, 0.23926465952],
      ["NaN", "NaN", "NaN", "NaN", "NaN"]
    ],
    [
      [0.54501856762, 0, 0.093237833666, 0.36174359872, 0],
      ["NaN", "NaN", "Inf", "NaN", "NaN"],
      ["NaN", "NaN", "NaN", "NaN", "NaN"],
      ["NaN", "NaN", "NaN", "NaN", "NaN"],
      [0.25835108846, 0, 0.074818195664, 0.66683071587, 0],
      [0.023133115585, 0, 0.8404879939, 0.13637889051, 0],
      [0.11177648379, 0, 0.74858175177, 0.13964176444, 0]
    ],
    [
      ["NaN", "NaN", "NaN", "NaN", "NaN"],
      [1.1102230246e-16, 0, 0.84501102321, 0.046848943134, 0.10814003365],
      ["NaN", "NaN", "NaN", "NaN", "NaN"],
      [1.3877787808e-17, 0, 0.16721696252, 0.72609714664, 0.10668589084],
      [0, 0, 0.10768102322, 0.83150880883, 0.060810167948],
      [2.7755575616e-17, 0, 0.59212788922, 0.24971483317, 0.15815727761],
      ["NaN", "NaN", "NaN", "NaN", "NaN"]
    ],
    [
      [0.20749610316, 0.00013054172335, 0.017489906434, 0.77488344868, 0],
      [0.071244480794, 0.089813327245, 0.42011270541, 0.41882948655, 0],
      [0.0037074997384, 0.85673817025, 0.059997273252, 0.079557056763, 0],
      [0.0038201513942, 0.002249631444, 0.010428314329, 0.98350190283, 0],
      [0.043614268204, 0.00012389492607, 0.0016034228568, 0.95465841401, 0],
      [0.092827589374, 0.020535998679, 0.21077233841, 0.67586407353, 0],
      ["NaN", "NaN", "NaN", "NaN", "NaN"]
    ],
    [
      [0.28139774592, 0, 0.17510416878, 0.5434980853, 0],
      [0.024664183496, 0, 0.91624163622, 0.059094180282, 0],
      ["NaN", "NaN", "NaN", "NaN", "NaN"],
      [0.011930113272, 0, 0.13591491366, 0.85215497307, 0],
      [0.10167155509, 0, 0.085284419046, 0.81304402587, 0],
      [0.023395014727, 0, 0.72965887475, 0.24694611053, 0],
      ["NaN", "NaN", "NaN", "NaN", "NaN"]
    ],
    [
      [0.2799656657, 0.03206412648, 0.071636105344, 0.61633410248, 0],
      [0.04228840918, 0.15406234454, 0.6352146994, 0.16843454688, 0],
      [0, 0.94861466043, 0.027034066829, 0.024351272738, 0],
      [0.012418534692, 0.014610283819, 0.073089370748, 0.89988181074, 0],
      [0.097636406171, 0.01048510626, 0.034898405324, 0.85698008225, 0],
      [0.032808347687, 0.13052545798, 0.4264800918, 0.41018610253, 0],
      [0.079938381079, 0.098833076126, 0.4366028197, 0.3846257231, 0]
    ],
    [
      [0, 0, 0, 1, 0],
      [0, 0.021755637226, 0, 0.97824436277, 0],
      [0, 0.32608145426, 0, 0.67391854574, 0],
      [0, 0, 0, 1, 0],
      ["NaN", "NaN", "NaN", "NaN", "NaN"],
      ["NaN", "NaN", "NaN", "NaN", "NaN"],
      ["NaN", "NaN", "NaN", "NaN", "NaN"]
    ],
    [
      [0, 0, 0.077839576133, 0.92216042387, 0],
      ["NaN", "NaN", "NaN", "NaN", "NaN"],
      ["NaN", "NaN", "NaN", "NaN", "NaN"],
      [0, 0, 0.07463176059, 0.92536823941, 0],
      [0, 0, 0.036198466328, 0.96380153367, 0],
      [0, 0, 0.51149084402, 0.48850915598, 0],
      [0, 0, 0.55371532975, 0.44628467025, 0]
    ],
    [
      [0.29320450089, 0.10687973831, 0.075746070801, 0.5149500283, 0.0092196616981],
      [0.0075782747752, 0.36650313961, 0.4773899971, 0.059248251168, 0.089280337342],
      [0, 0.9671466947, 0.020221588036, 0.0010924354939, 0.011539281772],
      [0.003911293048, 0.096941890152, 0.10695056568, 0.66987365245, 0.12232259867],
      ["NaN", "NaN", "NaN", "NaN", "NaN"],
      [0.0061651652261, 0.33113706683, 0.35555049255, 0.17868071042, 0.12846656497],
      [0.012389434318, 0.11651720689, 0.145992236, 0.067601388229, 0.65749973456]
    ],
    [
      [0.059848185312, 0.00016344431326, 0.045872462859, 0.89390536239, 0.00021054512473],
      [0.029499999016, 0.014680896421, 0.62440571451, 0.29440567546, 0.037007714586],
      [0.028692336843, 0.43524785238, 0.21089328037, 0.29306625041, 0.032100279995],
      [0.0023267681268, 0.0012858228898, 0.05150047862, 0.9266253009, 0.018261629461],
      [0.020722554596, 7.8934541023e-05, 0.02366143243, 0.9483300748, 0.00720700363],
      [0.023311333642, 0.0095341983554, 0.37714238314, 0.54385419552, 0.046157889347],
      [0.01351762078, 0.01215536975, 0.23974353996, 0.25417251397, 0.48041095554]
    ],
    [
      [0.39627076632, 0, 0.0073149080854, 0.59641432559, 0],
      [0.12145819102, 0, 0.48553229195, 0.39300951703, 0],
      ["NaN", "NaN", "NaN", "NaN", "NaN"],
      [0.018558101843, 0, 0.015505550515, 0.96593634764, 0],
      [0.14411936663, 0, 0.0024575034483, 0.85342312992, 0],
      ["NaN", "NaN", "NaN", "NaN", "NaN"],
      ["NaN", "NaN", "NaN", "NaN", "NaN"]
    ],
    [
      [0.37594347193, 0, 0.0028954027065, 0.62116112537, 0],
      [0.13723743104, 0.052194517515, 0.32274348895, 0.48782456249, 0],
      [0.004569717078, 0.84341644746, 0.027249761034, 0.12476407443, 0],
      ["Inf", "NaN", "NaN", "NaN", "NaN"],
      [0.069258172624, 0, 0.00054145646534, 0.93020037091, 0],
      ["NaN", "NaN", "NaN", "NaN", "NaN"],
      ["NaN", "NaN", "NaN", "NaN", "NaN"]
    ],
    [
      [0.22318223603, 0.00049736706362, 0.025468644932, 0.75085175198, 0],
      [0.07316180354, 0.030892269069, 0.54861215217, 0.34733377522, 0],
      [0.025621649301, 0.58098970519, 0.12808584087, 0.26530280464, 0],
      ["NaN", "NaN", "NaN", "NaN", "NaN"],
      [0.075045324212, 0, 0.011677813547, 0.91327686224, 0],
      [0.034070984909, 0.049792668349, 0.34825710994, 0.5678792368, 0],
      ["NaN", "NaN", "NaN", "NaN", "NaN"]
    ],
    [
      [0.25936357472, 0.00025633791685, 0, 0.74038008737, 0],
      [0.088374062947, 0.29614385234, 0, 0.61548208472, 0],
      ["Inf", "NaN", "NaN", "NaN", "NaN"],
      [0.0048192483818, 0.0058530788948, 0, 0.98932767272, 0],
      [0.03760249739, 0.00018459573889, 0, 0.96221290687, 0],
      [0.097996742866, 0.089327995893, 0, 0.81267526124, 0],
      [0.10984958447, 0.12702742899, 0, 0.76312298654, 0]
    ],
    [
      [0.49261225092, 0, 0.038784009793, 0.46852467305, 7.906623098e-05],
      [0.10626538853, 0.0086715523776, 0.61574049306, 0.22555988217, 0.043762683872],
      [0.088574957193, 0.29278088601, 0.27527625141, 0.29513476565, 0.048233139743],
      [0.021217935394, 0.0011252719189, 0.072308216882, 0.86874199833, 0.036606577471],
      [0.19986304348, 7.3191102335e-05, 0.029809526112, 0.7540648972, 0.016189342103],
      [0.076104556876, 0.017685255817, 0.43047481508, 0.41373213502, 0.06200323721],
      ["NaN", "NaN", "NaN", "NaN", "NaN"]
    ],
    [
      [0.54821151419, 0.0056756157691, 0.11701818107, 0.32909468897, 0],
      [0.084799103716, 0.10173823468, 0.71836781611, 0.095094845494, 0],
      [0.0024637746177, 0.83645067478, 0.11290355658, 0.048181994026, 0],
      [0.040767098463, 0.016667948503, 0.15498783232, 0.78757712072, 0],
      ["NaN", "NaN", "NaN", "NaN", "NaN"],
      [0.073266210222, 0.10165759962, 0.57571806449, 0.24935812567, 0],
      ["NaN", "NaN", "NaN", "NaN", "NaN"]
    ],
    [
      [0.1111421881, 0.00019973919562, 0.10003931499, 0.78861875772, 0],
      [0.01951531942, 0.012061838043, 0.77372105616, 0.19470178637, 0],
      [0.027391359924, 0.41653413282, 0.31483424191, 0.24124026535, 0],
      [0.002097816969, 0.0015246439313, 0.10094835156, 0.89542918754, 0],
      [0.026096255424, 0.00013231347929, 0.060496941435, 0.91327448966, 0],
