{
  "X": [
    [8, 3, 16, 2, 220, 11, 6],
    [25, 63, 74, 110, 239, 238, 28],
    [15, 18, 23, 14, 224, 36, 22],
    [29, 17, 37, 31, 580, 111, 37],
    [39, 28, 52, 51, 575, 120, 94],
    [28, 49, 25, 137, 110, 273, 16],
    [35, 55, 73, 82, 326, 243, 36],
    [42, 71, 98, 148, 276, 380, 43],
    [29, 62, 89, 151, 124, 341, 26],
    [50, 73, 88, 269, 247, 608, 51],
    [105, 103, 136, 412, 461, 910, 75],
    [34, 32, 33, 101, 194, 230, 23],
    [27, 37, 32, 128, 152, 321, 16],
    [56, 93, 102, 238, 346, 620, 55],
    [75, 100, 150, 271, 577, 750, 92],
    [56, 70, 66, 208, 185, 487, 39],
    [6, 4, 4, 10, 29, 15, 2],
    [57, 52, 83, 203, 418, 537, 70],
    [36, 22, 48, 128, 159, 264, 24],
    [22, 21, 42, 14, 274, 92, 46],
    [17, 13, 29, 28, 250, 83, 56],
    [9, 3, 11, 3, 210, 9, 13],
    [8, 14, 33, 21, 170, 61, 19],
    [13, 9, 20, 11, 203, 41, 43],
    [14, 15, 17, 17, 335, 53, 27],
    [22, 21, 28, 13, 476, 61, 58],
    [30, 43, 34, 102, 161, 294, 42],
    [8, 2, 4, 14, 19, 55, 9],
    [1, 4, 3, 9, 11, 27, 2],
    [36, 46, 66, 160, 196, 409, 34],
    [17, 37, 49, 159, 104, 278, 19],
    [86, 104, 180, 332, 459, 954, 71],
    [57, 58, 101, 231, 184, 551, 40],
    [6, 10, 65, 8, 147, 186, 20],
    [38, 57, 91, 268, 380, 595, 51],
    [10, 8, 9, 28, 83, 82, 9],
    [207, 150, 138, 402, 1025, 952, 173],
    [27, 3, 12, 63, 135, 193, 9]
  ],
  "W": [
    [4, 14, 219, 9, 8, 2, 10],
    [119, 42, 255, 156, 100, 74, 31],
    [14, 11, 237, 33, 18, 19, 20],
    [43, 31, 612, 71, 40, 20, 25],
    [57, 34, 638, 96, 56, 26, 52],
    [151, 33, 118, 226, 34, 66, 10],
    [100, 34, 346, 168, 93, 76, 33],
    [167, 52, 301, 310, 103, 90, 35],
    [176, 29, 156, 265, 99, 77, 20],
    [313, 49, 291, 476, 115, 106, 36],
    [438, 109, 549, 711, 173, 168, 54],
    [104, 40, 195, 191, 35, 53, 29],
    [149, 32, 176, 255, 45, 41, 15],
    [275, 64, 362, 525, 128, 124, 32],
    [312, 91, 571, 581, 190, 175, 95],
    [236, 50, 233, 392, 93, 85, 22],
    [15, 5, 28, 12, 5, 3, 2],
    [257, 70, 461, 410, 115, 66, 41],
    [135, 37, 174, 219, 59, 30, 27],
    [32, 30, 271, 63, 56, 28, 31],
    [39, 14, 279, 67, 32, 16, 29],
    [1, 7, 217, 9, 14, 2, 8],
    [16, 15, 174, 43, 45, 12, 21],
    [13, 12, 222, 29, 24, 14, 26],
    [18, 12, 338, 39, 25, 17, 29],
    [20, 23, 494, 41, 36, 23, 42],
    [138, 38, 178, 235, 44, 49, 24],
    [14, 0, 38, 44, 4, 6, 5],
    [11, 3, 10, 25, 2, 5, 1],
    [191, 41, 220, 329, 86, 65, 15],
    [152, 30, 108, 253, 73, 37, 10],
    [370, 109, 535, 758, 219, 151, 44],
    [260, 56, 224, 443, 134, 83, 22],
    [14, 6, 147, 166, 77, 8, 24],
    [360, 64, 386, 418, 120, 103, 29],
    [38, 12, 87, 61, 16, 10, 5],
    [456, 212, 1151, 720, 187, 197, 124],
    [90, 38, 135, 144, 18, 8, 9]
  ],
  "method": "mult",
  "cond_prob": [
    [
      [0.0093174611014, 0.011068568182, 0.0026224503466, 0.6713108023, 0.00029247661233, 0.30059052697, 0.0047977144889],
      [0.53990713474, 0.020090940461, 0.023443470827, 0.03110721401, 0.046389712531, 0.33280472719, 0.0062568002417],
      [0.012174488145, 0.0058479401611, 0.021872034797, 2.5846300832e-06, 0.9397922504, 0.00084375702396, 0.019466944839],
      [0.011541494561, 0.0084930112857, 0.016339826434, 0.041728795208, 0.00013242960229, 0.91852024195, 0.0032442009633],
      [0.0001888499792, 0.013837978662, 0.8655685669, 0.0030171562191, 0.0029499564861, 0.11410185239, 0.00033563935763],
      [0.023660577953, 0.67618434928, 0.024682257392, 0.056047198965, 0.00057607274102, 0.21206714176, 0.0067824019027],
      [0.041191259049, 0.041370892011, 0.1079811435, 4.5147716909e-05, 0.59545798568, 0.0056695068266, 0.20828406522]
    ],
    [
      [0.0060099859815, 0.0094652644284, 0.0008075990417, 0.71621633239, 0.00014838903882, 0.26044117959, 0.0069112495262],
      [0.46909738471, 0.023736901125, 0.0099873802252, 0.05424435695, 0.032583386904, 0.39787367694, 0.012476913152],
      [0.014955813115, 0.0095309977092, 0.012820273934, 6.2647963224e-06, 0.9079050966, 0.0014140929944, 0.05336746085],
      [0.0088155006243, 0.0086040499179, 0.0059565548565, 0.062020697596, 7.9576185512e-05, 0.90898834976, 0.0055352710614],
      [0.00033394746377, 0.032281166383, 0.6804703861, 0.01049328189, 0.0041013686204, 0.27099466645, 0.0013251830969],
      [0.019517045867, 0.63323956785, 0.0097210918791, 0.089300541624, 0.00037417623549, 0.23534194071, 0.012505635835],
      [0.03795918185, 0.05028899629, 0.047402340097, 8.2195162274e-05, 0.43227499987, 0.0071351027671, 0.42485718397]
    ],
    [
      [0.010732157564, 0.010508325527, 0.0012431321039, 0.75500260419, 0.00016786856511, 0.21413587607, 0.0082100359784],
      [0.64399512689, 0.019727204782, 0.011507853128, 0.041061364965, 0.027582497263, 0.24503473071, 0.011091222263],
      [0.023254527394, 0.0092080061546, 0.017182961622, 5.5008818393e-06, 0.89413847403, 0.0010072267592, 0.055203303159],
      [0.018320138802, 0.011114052892, 0.010671235909, 0.07307429235, 0.00010474701403, 0.87906470318, 0.0076508298524],
      [0.00043885789614, 0.026408812114, 0.79675213209, 0.0077994823162, 0.0034159232858, 0.16402590683, 0.0011588854698],
      [0.032518779975, 0.67449650727, 0.013953521284, 0.084464352987, 0.00039453129217, 0.18032478772, 0.013847519467],
      [0.056632517883, 0.046623746491, 0.06096728258, 6.9163486496e-05, 0.4078843797, 0.0048706596642, 0.42295225019]
    ],
    [
      [0.0088305365435, 0.0079058485072, 0.00096273052231, 0.64960093896, 0.00018370470014, 0.32541208357, 0.0071041571915],
      [0.52241252956, 0.015013497332, 0.0090143709714, 0.036836200854, 0.030536248814, 0.37647813367, 0.0097090187921],
      [0.017961950235, 0.0065067680437, 0.012493828147, 4.5899610775e-06, 0.91677666716, 0.0014420636771, 0.044814132775],
      [0.010544645648, 0.0058502226273, 0.0057810049971, 0.045301345046, 8.0199126313e-05, 0.92781054809, 0.0046320344609],
      [0.00040862591636, 0.022467552684, 0.68194915078, 0.0078344131391, 0.0042284885058, 0.28197726646, 0.001134502521],
      [0.02966972548, 0.55741159309, 0.011990863475, 0.082943691656, 0.00047924727825, 0.30420674368, 0.013298135342],
      [0.049238885699, 0.037111709045, 0.049910830861, 6.5038825073e-05, 0.47199083518, 0.0078585396901, 0.3838241607]
    ],
    [
      [0.0095353809884, 0.0092118946568, 0.00091122137255, 0.7277278372, 0.00015508736786, 0.23966323544, 0.012795342975],
      [0.59205589419, 0.018392851995, 0.0089709377378, 0.043577622844, 0.02710670966, 0.29150886076, 0.018387122817],
      [0.021683424263, 0.0084763535896, 0.013219648929, 5.7749827626e-06, 0.86520802193, 0.0011881510944, 0.090218625208],
      [0.014877444636, 0.0089069421764, 0.0071492020243, 0.06658860219, 8.8466037769e-05, 0.89148836039, 0.010900982549],
      [0.0004951645557, 0.029371722826, 0.72089165229, 0.0098932916252, 0.0040059114391, 0.23304918238, 0.002293074886],
      [0.031091477966, 0.62627116854, 0.011014085179, 0.090538165234, 0.00039266786986, 0.21744770336, 0.023244731851],
      [0.042942874269, 0.034919336784, 0.03814863319, 5.9123602132e-05, 0.3218548552, 0.0046781145804, 0.55739706237]
    ],
    [
      [0.0087507978165, 0.0087138339757, 0.00074716811819, 0.72417879781, 0.00015074015949, 0.2491956258, 0.0082630363225],
      [0.57136691624, 0.018198438109, 0.0076961247458, 0.045732577028, 0.027567925961, 0.31701389575, 0.012424122165],
      [0.021060915405, 0.0084852722516, 0.011473318606, 6.1339959696e-06, 0.89585565906, 0.0013087220756, 0.061809978603],
      [0.013300560217, 0.0082075529643, 0.0057109158515, 0.065059193259, 8.3761771889e-05, 0.900781087, 0.0068569289357],
      [0.00051425164692, 0.031434431368, 0.67648236674, 0.011236772646, 0.0044067451177, 0.27425005482, 0.0016753776588],
      [0.029842251693, 0.61327122291, 0.0094450516114, 0.094912893122, 0.00039908762668, 0.23642703171, 0.01570246132],
      [0.049922554425, 0.041808241802, 0.039637061323, 7.5145547174e-05, 0.39725755369, 0.0061657891866, 0.46513365403]
    ],
    [
      [0.010027399043, 0.0089105630498, 0.00092844208327, 0.67870115544, 0.00016787115085, 0.29297602086, 0.0082885483706],
      [0.5727191146, 0.016332863802, 0.0083922950882, 0.037536428917, 0.026941749494, 0.32714078126, 0.010936766836],
      [0.021881807161, 0.0078678982129, 0.012924315153, 5.2006692362e-06, 0.89981655698, 0.0013949293628, 0.056109292464],
      [0.013160432049, 0.0072473727256, 0.0061271808442, 0.052539006839, 8.0549421004e-05, 0.91490568283, 0.0059397752901],
      [0.00049106829919, 0.026783894729, 0.68979666445, 0.0087554461042, 0.0040893831533, 0.26868276545, 0.0014007778118],
      [0.032422602262, 0.59333108712, 0.011126944257, 0.084181157555, 0.0004214530668, 0.26358504822, 0.014931707513],
      [0.054108249906, 0.040442359735, 0.046555223408, 6.6473515111e-05, 0.41759853134, 0.0068568473449, 0.43437231475]
    ],
    [
      [0.0084335033037, 0.0092466084277, 0.0010766529846, 0.71034658549, 0.00015435106388, 0.26130620786, 0.009436090864],
      [0.54830085948, 0.01937866549, 0.011127358481, 0.045050289861, 0.028324309362, 0.33358220922, 0.01423630811],
      [0.019695002239, 0.0087383806955, 0.016040420102, 5.8436502037e-06, 0.88582200221, 0.0013321837387, 0.068366167366],
      [0.012259935646, 0.0083304893547, 0.007870273156, 0.061081893116, 8.2036517487e-05, 0.90288514569, 0.0074902265241],
      [0.00038188957642, 0.025696485655, 0.73890399883, 0.0084983935806, 0.0034764687058, 0.22156831618, 0.0014744474695],
      [0.027383544573, 0.61733806152, 0.012959593276, 0.08872931173, 0.0003892094425, 0.23612674467, 0.017073534787],
      [0.044334032073, 0.040894471936, 0.052608042556, 6.8008941729e-05, 0.37423904674, 0.0059624586023, 0.48189393915]
    ],
    [
      [0.0093215306358, 0.0094273735188, 0.0010379835544, 0.70596328391, 0.00013072344221, 0.26462508568, 0.0094940192628],
      [0.5750055679, 0.018602124799, 0.010100200565, 0.04215488936, 0.022587168533, 0.31806339139, 0.013486657459],
      [0.02506179736, 0.010255208714, 0.017800887695, 6.6853166032e-06, 0.86607088284, 0.0015527721817, 0.079251765894],
      [0.013384065192, 0.0083883341302, 0.0074938523081, 0.059957133697, 6.8619769659e-05, 0.90326519982, 0.0074427950867],
      [0.00043210410089, 0.026824306361, 0.72983639204, 0.0086475173536, 0.0030144694126, 0.22972656486, 0.0015186458686],
      [0.029738716962, 0.61929206115, 0.012272366455, 0.086619145776, 0.00032377649131, 0.23487826166, 0.016875671504],
      [0.051424146336, 0.043735068645, 0.053199320622, 7.0895568723e-05, 0.33284890149, 0.0063326439168, 0.51238902342]
    ],
    [
      [0.0092646597619, 0.0077246327869, 0.0008347678309, 0.70212580375, 0.00013758936341, 0.26972795983, 0.010184586669],
      [0.56988312822, 0.015324783852, 0.0081669832359, 0.042235508598, 0.023901216153, 0.32594282303, 0.014545556914],
      [0.023874203186, 0.00805533174, 0.013723195236, 6.386923151e-06, 0.8714061437, 0.0015177329032, 0.081417006311],
      [0.013118370957, 0.0067785825183, 0.0059435858388, 0.05891959595, 7.1228582983e-05, 0.90729420158, 0.0078744345705],
      [0.00050178587337, 0.025674660702, 0.68459295293, 0.010067712002, 0.0037065444887, 0.27355289786, 0.001903446153],
      [0.033221842095, 0.56873158163, 0.011096795453, 0.097032872959, 0.00038316064647, 0.26918246275, 0.020351284473],
      [0.049529788855, 0.034741925692, 0.041480341762, 6.8507974219e-05, 0.33928644948, 0.0062606953252, 0.52863229091]
    ],
    [
      [0.0094274974595, 0.0065491756214, 0.00080646701159, 0.7190794582, 0.00013095769325, 0.25547534584, 0.0085310981753],
      [0.58572401228, 0.013198245774, 0.0080149390775, 0.043974171961, 0.02310875492, 0.31360312637, 0.012376749615],
      [0.025782636146, 0.0072489980106, 0.014071508979, 6.9484298677e-06, 0.87901355516, 0.0015260522725, 0.072350301006],
      [0.014037236148, 0.0060436786346, 0.0060382625308, 0.063502755169, 7.129383457e-05, 0.90337026903, 0.0069365046503],
      [0.00053390812197, 0.022757110733, 0.6896649208, 0.010788941424, 0.0036885432957, 0.27089942792, 0.0016671477072],
      [0.037672383861, 0.53593897069, 0.011949092013, 0.1108450803, 0.00040650015173, 0.28418798515, 0.018999987835],
      [0.056631109975, 0.033105231095, 0.045038825239, 7.8930457236e-05, 0.3627667346, 0.0066665937849, 0.49571257485]
    ],
    [
      [0.0087996855057, 0.0066046423943, 0.00089902444668, 0.73188949707, 0.00015432070823, 0.24504213084, 0.0066106990371],
      [0.57746913328, 0.013907555473, 0.0093363788515, 0.046504451443, 0.028452250663, 0.31430971222, 0.010020518073],
      [0.021047238886, 0.006391930033, 0.0137200672, 6.1478078207e-06, 0.90847991623, 0.0012787824924, 0.049075917348],
      [0.013594768727, 0.0063232931878, 0.0069846478937, 0.066700447829, 8.716310517e-05, 0.90073329949, 0.0055763797684],
      [0.00046021199595, 0.021204112322, 0.72305698575, 0.010084304342, 0.0040146571824, 0.23998671435, 0.001193014066],
      [0.035361782362, 0.54913848539, 0.013393195592, 0.11283402295, 0.00048150555327, 0.27398909375, 0.014801914393],
      [0.055177934265, 0.034841295994, 0.052426544119, 8.3309651384e-05, 0.44647579626, 0.006664299288, 0.40433082042]
    ],
    [
      [0.0084344273559, 0.0096367758396, 0.00074656530949, 0.69845228038, 0.00014233356596, 0.276341741, 0.006245876546],
      [0.54539622904, 0.019939939226, 0.0076177177068, 0.04369300218, 0.025785651479, 0.34826443671, 0.0093030236509],
      [0.021758819728, 0.010058631283, 0.012287075919, 6.3408748044e-06, 0.9042958982, 0.0015557374604, 0.050037496535],
      [0.011714373827, 0.0082941859655, 0.0052140857456, 0.057333250311, 7.2271397295e-05, 0.91263553043, 0.0047363023268],
      [0.00048232140112, 0.033834360506, 0.65391667534, 0.010544970834, 0.0040489449588, 0.29594028491, 0.0012324420524],
      [0.026476185246, 0.62797174374, 0.0086863599718, 0.084256711892, 0.00034687090641, 0.24133800993, 0.010924118314],
      [0.055645582644, 0.053486068063, 0.045786472775, 8.3809151619e-05, 0.43330682226, 0.0079078701186, 0.40378337499]
    ],
    [
      [0.0088508274112, 0.0088916530237, 0.00090404177477, 0.70515851445, 0.00016377769576, 0.26538610989, 0.010645075757],
      [0.55634039948, 0.018064022737, 0.0090573747181, 0.043428353539, 0.029134235818, 0.32840682891, 0.015568784803],
      [0.019490027575, 0.0079238691885, 0.012700498954, 5.480345852e-06, 0.88588780701, 0.0012761772825, 0.072716139644],
      [0.012699009329, 0.007906532493, 0.0065224440608, 0.059948412968, 8.5914393819e-05, 0.90449765161, 0.00834003515],
      [0.00045375020629, 0.027972102508, 0.70119128194, 0.0095681824821, 0.004176068976, 0.25475548179, 0.0018831321001],
      [0.029336996164, 0.60456370989, 0.011109387753, 0.090069010891, 0.00042162437144, 0.24483552426, 0.019663746671],
      [0.043231564198, 0.036541018923, 0.041047592326, 6.2856766876e-05, 0.36895147936, 0.0056290174993, 0.50453647093]
    ],
    [
      [0.0082649473328, 0.0067278359849, 0.0008888822976, 0.69753720799, 0.00016778988544, 0.27721263755, 0.0092006989581],
      [0.53409091914, 0.014091781363, 0.0091815844633, 0.044307852645, 0.030773132821, 0.35368143093, 0.01387329863],
      [0.018063313024, 0.0059509522761, 0.012394092107, 5.3828225791e-06, 0.89991660692, 0.0013232020346, 0.062346450815],
      [0.011451094316, 0.0057770992981, 0.0061928103029, 0.057284857423, 8.4997534563e-05, 0.91224802997, 0.0069611111509],
      [0.00042761533884, 0.021357567879, 0.6941529609, 0.0095550849414, 0.0043175507562, 0.26854656443, 0.0016426557517],
      [0.031956778862, 0.5326238027, 0.012743039047, 0.10397811745, 0.00050393991975, 0.29836797693, 0.019826345089],
      [0.043576878499, 0.029848170113, 0.04356813189, 6.7155858018e-05, 0.40792233542, 0.0063485872097, 0.46866874101]
    ],
    [
      [0.011201122237, 0.0091963011016, 0.00077178673957, 0.70530744913, 0.00012925723524, 0.26282411851, 0.010569965044],
      [0.61964745167, 0.016391940223, 0.0067840829249, 0.038088433055, 0.020173916384, 0.28535092547, 0.01356325027],
      [0.030177680391, 0.010026135038, 0.013265280527, 6.7021185815e-06, 0.85659664176, 0.0015459870296, 0.088381573134],
      [0.016166110017, 0.0082255198903, 0.0056011474489, 0.060281651151, 6.8204794607e-05, 0.90132760463, 0.0083297620642],
      [0.00064033083327, 0.032264649348, 0.66932288376, 0.010665992384, 0.0036753742516, 0.28134577639, 0.0020849930288],
      [0.036187089256, 0.61116418029, 0.0092431813969, 0.087750969036, 0.00032428817344, 0.23630055086, 0.019029740995],
      [0.058982879391, 0.040740513725, 0.037776325399, 6.7724115541e-05, 0.31404426467, 0.0060078020727, 0.54238049063]
    ],
    [
      [0.015959385359, 0.01510535502, 0.0009734209876, 0.71346795827, 0.00019976683659, 0.24759981728, 0.0066942962494],
      [0.72716334533, 0.019316055466, 0.0061298235163, 0.026090890344, 0.022316878434, 0.19283296103, 0.0061500458819],
      [0.028741507877, 0.010975052217, 0.011183678992, 4.264902186e-06, 0.91020043999, 0.0009574094771, 0.037937646544],
      [0.0234049592, 0.013710996817, 0.0071809975566, 0.058699947661, 0.0001070156722, 0.89154354659, 0.0053525365026],
      [0.00067766643413, 0.039727339088, 0.74958314146, 0.0075844830379, 0.0042283521882, 0.1972183492, 0.00098066859237],
      [0.030817877601, 0.77228045324, 0.0069478019856, 0.050182431239, 0.00029796829019, 0.13229005442, 0.0071834132276],
      [0.077493226268, 0.061818752091, 0.043961595632, 5.9078544449e-05, 0.44931107149, 0.0051015330384, 0.36225474293]
    ],
    [
      [0.0087757373678, 0.0082873164566, 0.00081660622784, 0.68021750493, 0.00015769981565, 0.29011225417, 0.011632881032],
      [0.53933798833, 0.016468563927, 0.0080022656774, 0.04096185299, 0.027438203922, 0.35115045447, 0.016640670682],
      [0.019890182097, 0.0076014576081, 0.01180809783, 5.4394134365e-06, 0.8774839398, 0.0014357671335, 0.081775116121],
      [0.01163840182, 0.006811440404, 0.005445798978, 0.053435378276, 7.6465798857e-05, 0.91416820735, 0.0084243073715],
      [0.00047154050141, 0.027328457153, 0.66427411937, 0.0096704227614, 0.0042144692986, 0.29188409262, 0.0021568982856],
      [0.029638096721, 0.57661645571, 0.010224925836, 0.088501519741, 0.0004136600681, 0.27271087684, 0.021894465083],
      [0.041779496396, 0.03320283608, 0.036141211191, 5.9079909714e-05, 0.34619035958, 0.0059972210549, 0.53662979579]
    ],
    [
      [0.0097888581549, 0.0067101068082, 0.00083258838108, 0.73385426869, 0.00013808272159, 0.24139208141, 0.0072840138352],
      [0.60748627672, 0.013346608307, 0.0081656148608, 0.044100982017, 0.024045291646, 0.29242703368, 0.010428192764],
      [0.025692580518, 0.0071259826225, 0.013940901277, 6.7741975005e-06, 0.89250495208, 0.0013825314808, 0.059346277828],
      [0.015303146658, 0.006500661973, 0.006545108882, 0.067766902654, 7.892019751e-05, 0.89758779088, 0.0062174687543],
      [0.000545943954, 0.02297960329, 0.70832470804, 0.010798723547, 0.0038308789326, 0.25211831684, 0.0014018253994],
      [0.038792187547, 0.55460482194, 0.01222963383, 0.11170673175, 0.00042485374499, 0.26615850409, 0.016083267094],
      [0.061531877172, 0.035495393844, 0.048644465168, 8.3854994019e-05, 0.40054254102, 0.0065815453975, 0.44712032241]
    ],
    [
      [0.012647996527, 0.012724870803, 0.0013565745696, 0.53704187277, 0.00027899066836, 0.41541431512, 0.020535379544],
      [0.5471537735, 0.017585341372, 0.0092436845095, 0.022068770684, 0.033751688355, 0.34977138721, 0.020425354368],
      [0.016282177185, 0.0066275380254, 0.01114020969, 2.3905124278e-06, 0.88275666582, 0.0011648209123, 0.082026197852],
      [0.011909055536, 0.0074246640962, 0.0064228758657, 0.029408330454, 9.6036399924e-05, 0.93418183622, 0.010557201427],
      [0.00042686907216, 0.026374296772, 0.69886067368, 0.0047032781934, 0.0046840802083, 0.26255899548, 0.0023918065895],
      [0.029326863806, 0.61691377919, 0.011657468251, 0.047127829058, 0.00050218419616, 0.26794686368, 0.026525011811],
      [0.034530444333, 0.02923234832, 0.034417275882, 2.6199442428e-05, 0.35113319044, 0.0049096971849, 0.5457508444]
    ],
    [
      [0.010477289834, 0.0084348166142, 0.0010439593309, 0.6750363474, 0.0001725800185, 0.28709349747, 0.017741509333],
      [0.58392022848, 0.014842492719, 0.0090568504658, 0.035385166493, 0.0265791583, 0.30775119808, 0.022464905461],
      [0.020943913829, 0.0068199056288, 0.013311113834, 4.6747012205e-06, 0.84765212131, 0.0012493573158, 0.11001891338],
      [0.01385660059, 0.006912037359, 0.0069425531497, 0.052019327756, 8.3436256279e-05, 0.90737589824, 0.012810146647],
      [0.00046939414523, 0.023221569171, 0.72093946725, 0.0078656658437, 0.0038469776588, 0.24091341761, 0.0027435083276],
      [0.033947700421, 0.57954466858, 0.012531897301, 0.082892978305, 0.00043388490662, 0.25864100653, 0.032007863957],
      [0.037333739379, 0.02528736564, 0.03456090201, 4.3039491531e-05, 0.28325691723, 0.0044238124813, 0.61509422377]
    ],
    [
      [0.0045255625661, 0.0033531643264, 0.0003716589331, 0.90771915754, 8.4164676326e-05, 0.080657007974, 0.0032892839815],
      [0.64352101433, 0.014640582162, 0.0079895069898, 0.076541857908, 0.032109820359, 0.21487906937, 0.010318148885],
      [0.020065331578, 0.006009085675, 0.01050972841, 8.851744762e-06, 0.91736206559, 0.00076668054806, 0.045278256459],
      [0.018495063584, 0.0084876174525, 0.0076378009367, 0.14152538055, 0.0001257149028, 0.81639115035, 0.0073372722187],
      [0.00057800105062, 0.026426634322, 0.75395589649, 0.019258760608, 0.0053508204845, 0.19297946329, 0.0014504237603],
      [0.033772638978, 0.60358659236, 0.010268148453, 0.17114376903, 0.00048678976827, 0.1670871658, 0.013654895615],
      [0.055068751573, 0.034456423042, 0.042006583408, 0.00012530890463, 0.47103399238, 0.0041750567265, 0.39313388397]
    ],
    [
      [0.0041289727386, 0.0084051646811, 0.0006667326736, 0.77196699832, 0.00013151675049, 0.20833945966, 0.0063611551755],
      [0.42616337456, 0.027221071697, 0.010643151241, 0.072806487171, 0.037274239207, 0.41106900028, 0.014822675848],
      [0.011606609657, 0.0095552130207, 0.011952012833, 7.3389950324e-06, 0.91009435313, 0.0012732262157, 0.055511246148],
      [0.0073795708127, 0.0093074350629, 0.0059914714286, 0.078642474452, 8.5922815331e-05, 0.89238659668, 0.0062065287448],
      [0.0002765183118, 0.034607433092, 0.6847720311, 0.013133975098, 0.0043827764417, 0.2613568598, 0.0014704061572],
      [0.014887563432, 0.65097447734, 0.0089035157827, 0.10329306642, 0.00036785389299, 0.20880416585, 0.012769357286],
      [0.029240853986, 0.050089364953, 0.043835845868, 9.5469125196e-05, 0.42919410877, 0.006369965288, 0.44117439201]
    ],
    [
      [0.0095602168361, 0.0067686710583, 0.00091352622292, 0.69108041115, 0.00016856657519, 0.27565894303, 0.015849665131],
      [0.57526286879, 0.012756458499, 0.0084878587137, 0.037539853501, 0.027802139669, 0.31665817639, 0.021492644441],
      [0.019819294011, 0.005674670093, 0.01207952503, 4.7921233818e-06, 0.85923094733, 0.0012400410214, 0.10195073039],
      [0.013102440265, 0.0057475261905, 0.0062955969901, 0.053441627352, 8.4447984465e-05, 0.90946981796, 0.011858543259],
      [0.00047562622354, 0.020701164374, 0.70639831142, 0.0086404690856, 0.00417316176, 0.25688933059, 0.0027219365532],
      [0.035588755136, 0.53873380663, 0.012596490947, 0.094551792609, 0.00048674179489, 0.28519863669, 0.032843776202],
      [0.037178187623, 0.022142819226, 0.033003530503, 4.6412456513e-05, 0.30189076058, 0.0046191450543, 0.60111914456]
    ],
    [
      [0.0077848894902, 0.0083123387494, 0.00063718473958, 0.71848894326, 0.00016941734195, 0.257790779, 0.0068164474169],
      [0.54109485373, 0.018226263515, 0.0068886163789, 0.046038746089, 0.032512585122, 0.34448375483, 0.010755180328],
      [0.017187466311, 0.0074228279681, 0.0089737403002, 5.384236123e-06, 0.91849634223, 0.0012367728556, 0.046677466103],
      [0.011452984611, 0.0075772339753, 0.0047138135916, 0.060446229464, 9.1112565248e-05, 0.91024367311, 0.0054749526852],
      [0.00050205695295, 0.032941250332, 0.63640010707, 0.01181135097, 0.0054362982329, 0.31139153463, 0.0015174018149],
      [0.026980653724, 0.6101238561, 0.008181871678, 0.092710678213, 0.00045558130365, 0.24839397575, 0.013153383226],
      [0.046877782911, 0.042107901705, 0.035655250876, 7.5845999803e-05, 0.46976331145, 0.0067005171133, 0.39881938995]
    ],
    [
      [0.010037100826, 0.011245090217, 0.00097222281869, 0.63213048496, 0.0002199618853, 0.33193813974, 0.013456999561],
      [0.54152873252, 0.019393282452, 0.0082673995739, 0.032032861026, 0.033205481549, 0.34887004861, 0.016702194269],
      [0.0166439365, 0.0075443733494, 0.010285256596, 3.5790578125e-06, 0.8951269224, 0.0011973719277, 0.069198560165],
      [0.011658611511, 0.0080941135714, 0.0056787520897, 0.042210166317, 9.3406761764e-05, 0.92373023811, 0.0085347116439],
      [0.0004531532642, 0.031180300356, 0.67337451533, 0.0073139170034, 0.0049401380385, 0.28064112889, 0.0020968471179],
      [0.026912139174, 0.63184294019, 0.0096619565315, 0.063447995763, 0.00045785375169, 0.24757846527, 0.020098649326],
      [0.038355457698, 0.036163822729, 0.0345369048, 4.2624911094e-05, 0.38725603076, 0.0054843842208, 0.49816077488]
    ],
    [
      [0.0092498441805, 0.010798996252, 0.00089280378461, 0.66379535174, 0.00016307245064, 0.29965742064, 0.015442510957],
      [0.54254146149, 0.02031445147, 0.0082824623883, 0.037739864852, 0.02685930244, 0.3433511022, 0.020911355154],
      [0.019702705546, 0.00930731759, 0.012133070979, 4.9741041995e-06, 0.85534519049, 0.0013929154541, 0.10211382584],
      [0.011846817361, 0.0085711263495, 0.0057501256901, 0.050230042677, 7.6357235057e-05, 0.91272660035, 0.010798930336],
      [0.00045633260316, 0.03270581191, 0.67472221224, 0.0086423362957, 0.0040018933034, 0.27684257325, 0.0026288403914],
      [0.026145577534, 0.63206015464, 0.0093547350575, 0.072088145913, 0.00035788675447, 0.23567204235, 0.024321457749],
      [0.036406657173, 0.035758407293, 0.032671488713, 4.7507701753e-05, 0.29619426513, 0.0051162910586, 0.59380538293]
    ],
    [
      [0.032397593694, 0.0030989619112, 0.00078013152635, 0.67643829923, 7.1253989228e-05, 0.27404643587, 0.01316732378],
      [0.86956459127, 0.0019343183018, 0.0024019268352, 0.012161650411, 0.0038902871565, 0.1041367548, 0.0059104712199],
      [0.12550636069, 0.0048287063396, 0.019223268527, 8.7229778562e-06, 0.6893619569, 0.0022920314336, 0.15877895313],
      [0.043678714325, 0.0025838924154, 0.0052859715714, 0.05139607466, 3.505658423e-05, 0.8873483611, 0.0096719293474],
      [0.0016199769662, 0.0095870955534, 0.71851487658, 0.0085377135359, 0.0017800211628, 0.25768131632, 0.0022789998806],
      [0.15127418428, 0.33419759331, 0.013385295311, 0.11495356028, 0.0002554440353, 0.35201403072, 0.033919892053],
      [0.15323334233, 0.012164197439, 0.033990712921, 5.4327964106e-05, 0.15387961113, 0.0054903005605, 0.64118750765]
    ],
    [
      [0.0037091646942, 0.0098905068034, 0.0014937480765, 0.70773839164, 0.00018925195871, 0.26459279872, 0.012386138107],
      [0.39357748843, 0.026787564776, 0.019989872971, 0.054209741362, 0.04490551192, 0.43637304052, 0.024156780019],
      [0.0065365915534, 0.0070207612158, 0.016828427434, 4.0804468731e-06, 0.89868118129, 0.0010044899107, 0.069924468151],
      [0.0052625367473, 0.0086817828045, 0.010672897135, 0.055643318598, 9.8030937418e-05, 0.9100720979, 0.0095693358818],
      [8.7454444723e-05, 0.014431312468, 0.86093919195, 0.0041301275503, 0.0022275800436, 0.11717813491, 0.0010061986338],
      [0.010441490779, 0.67723322767, 0.015543691356, 0.071533949635, 0.00041021673621, 0.20546651919, 0.019370904632],
      [0.013082351376, 0.029150660082, 0.04937886454, 4.1800617889e-05, 0.3157604515, 0.0039578993829, 0.5886279725]
    ],
    [
      [0.0090333681688, 0.0080452214841, 0.00087575108962, 0.69568911545, 0.00015258392113, 0.27471582282, 0.011488137066],
      [0.55829767442, 0.015979484318, 0.0085776770468, 0.041829889968, 0.0265362135, 0.33235269487, 0.016426365874],
      [0.02102957845, 0.0075786097459, 0.01300584962, 5.7072328693e-06, 0.87395716656, 0.0013960755655, 0.083027012824],
      [0.012566573246, 0.0069358806286, 0.0061260261962, 0.057267929778, 7.7604042174e-05, 0.9082999184, 0.0087260677055],
      [0.00046940394317, 0.025660219769, 0.69099206149, 0.0095556261369, 0.0039439177851, 0.2673189354, 0.0020598354747],
      [0.031372235434, 0.57625657935, 0.011273738283, 0.092968987289, 0.00041147402098, 0.26548444009, 0.022232545535],
      [0.043475066598, 0.032572812213, 0.039171819645, 6.0991933712e-05, 0.33880259204, 0.0057376635966, 0.54017905398]
    ],
    [
      [0.0052877344642, 0.0093193231541, 0.00068167186652, 0.76441487733, 0.000140726017, 0.2107185495, 0.0094371176648],
      [0.47473327864, 0.026713087297, 0.009634729619, 0.06624831447, 0.035320626145, 0.36787660218, 0.019473361648],
      [0.013525777981, 0.0096445722947, 0.01112245498, 6.8812658638e-06, 0.88948474792, 0.0011762250946, 0.075039340462],
      [0.0093437227537, 0.010204822701, 0.0060568223403, 0.079838247329, 9.0910424813e-05, 0.88536113208, 0.0091043423706],
      [0.0003478048581, 0.037638473467, 0.68241735028, 0.013276149585, 0.004604851602, 0.25957370318, 0.0021416670311],
      [0.017929103755, 0.65693984205, 0.0085655127995, 0.099603902487, 0.00037041182812, 0.198761217, 0.017830010079],
      [0.02959625288, 0.043878373225, 0.035449072125, 7.7811427822e-05, 0.36392270412, 0.0051150082999, 0.52196077792]
    ],
    [
      [0.0082845953658, 0.0075946379596, 0.00091915949739, 0.70018429697, 0.00014241451338, 0.27357826154, 0.009296634154],
      [0.53819816793, 0.016002112557, 0.0095507610806, 0.044757078869, 0.026274752592, 0.35111555293, 0.014101574037],
      [0.020909858685, 0.0077579391267, 0.014800826553, 6.2424300079e-06, 0.88224932976, 0.0015081851859, 0.072767618263],
      [0.011603981223, 0.0065928283331, 0.0064738612922, 0.058152913237, 7.293323808e-05, 0.90999281004, 0.0071106726381],
      [0.00041944413948, 0.023592638814, 0.70204575867, 0.0093892870796, 0.0035860101783, 0.25934271796, 0.0016241431577],
      [0.03004521354, 0.56427615283, 0.012359725425, 0.097932488836, 0.0004011989515, 0.27619402564, 0.018791194784],
      [0.046007224821, 0.035491085547, 0.047452634776, 7.1032498642e-05, 0.36471584978, 0.0065998586364, 0.49966231394]
    ],
    [
      [0.010420282095, 0.0075360360796, 0.00084402377848, 0.70891508044, 0.00013290594229, 0.2613734969, 0.010778174759],
      [0.60402815404, 0.014090166112, 0.0077820082411, 0.040169650117, 0.021758964743, 0.29766358486, 0.014507471889],
      [0.027432216912, 0.0080284237904, 0.014174908761, 6.5847013424e-06, 0.86079152104, 0.0015024425427, 0.088063902257],
      [0.015140648926, 0.0067860540622, 0.0061666510482, 0.061017514496, 7.060387622e-05, 0.90226730002, 0.0085512275741],
      [0.00056548782789, 0.025098593415, 0.69294836863, 0.010180054861, 0.0035874441026, 0.26560182261, 0.0020182285509],
      [0.037929426467, 0.56425567378, 0.011388970016, 0.099406196868, 0.00037570251331, 0.26478013126, 0.021863899097],
      [0.05423955424, 0.033003386433, 0.040832894474, 6.7313826951e-05, 0.31923604686, 0.0059066891184, 0.54671411505]
    ],
    [
      [0.0093743681307, 0.014134032507, 0.0017272955568, 0.47153236138, 0.00028688275059, 0.48864239604, 0.014302663631],
      [0.45111888155, 0.021000263279, 0.012647896463, 0.020623232696, 0.037300583409, 0.44202018626, 0.01528895635],
      [0.012046533068, 0.0073429502774, 0.014148465689, 2.0723224079e-06, 0.90805436579, 0.00136843632, 0.057037176534],
      [0.0076509945587, 0.0071464055139, 0.0070870174834, 0.022166829104, 8.5580176027e-05, 0.94949123343, 0.0063719397307],
      [0.00025588631651, 0.023729025992, 0.71753896061, 0.0033080059807, 0.0038976500951, 0.24992259838, 0.0013478726215],
      [0.019439932053, 0.6322035204, 0.013256227299, 0.036628992172, 0.00046120468542, 0.28150790389, 0.016502219499],
      [0.030106466316, 0.03816476109, 0.05142123179, 2.672226224e-05, 0.42427210658, 0.0067861768888, 0.44922253507]
    ],
    [
      [0.0062963932576, 0.0065673780799, 0.00088716508811, 0.67453190926, 0.00017512513473, 0.30131927895, 0.010222750228],
      [0.45052432515, 0.01518569556, 0.010116360259, 0.047304699331, 0.0354567659, 0.42439536477, 0.017016789024],
      [0.013197381199, 0.0055707319051, 0.011863315874, 4.9924614221e-06, 0.90151571241, 0.0013791097269, 0.066468756427],
      [0.0081104752582, 0.0052427933851, 0.0057464003995, 0.051507178938, 8.2476022492e-05, 0.92212024616, 0.0071904298373],
      [0.0003183107942, 0.020374055608, 0.67885806812, 0.0090301451695, 0.0044034055139, 0.28523270367, 0.0017833111254],
      [0.024202373376, 0.51840588354, 0.012642725877, 0.099958025002, 0.00052281864962, 0.32236953073, 0.021898642827],
      [0.031270666265, 0.027443350238, 0.04095804352, 6.1166906644e-05, 0.40110589366, 0.0064979839133, 0.4926628955]
    ],
    [
      [0.0094001739596, 0.0086221905336, 0.00064012476858, 0.66459946883, 0.00017343700303, 0.3070088255, 0.0095557793989],
      [0.55842449373, 0.015827352699, 0.0057924075336, 0.036283473291, 0.027858614062, 0.34319297325, 0.012620685436],
      [0.01971971817, 0.0073125002352, 0.0085657805587, 4.8217596025e-06, 0.90055897729, 0.0014007367104, 0.062437465278],
      [0.011803873825, 0.0067072150547, 0.004042162537, 0.048564679349, 7.9602146066e-05, 0.92225345586, 0.0065490112323],
      [0.00056129288337, 0.031679300724, 0.60685093232, 0.010312016899, 0.0051545907507, 0.34347293217, 0.0019689342543],
      [0.029697279004, 0.59672406104, 0.0074890368771, 0.079419036483, 0.00042478571281, 0.26943947494, 0.016806325948],
      [0.046932260423, 0.036220404194, 0.029699440836, 5.9211496714e-05, 0.3995860366, 0.0066154217229, 0.48088722473]
    ],
    [
      [0.010940480212, 0.0082737644823, 0.00074782365626, 0.70417040302, 0.00014670779804, 0.26524321455, 0.010477606274],
      [0.60977346547, 0.014996945503, 0.0066847464119, 0.038735964316, 0.023284236999, 0.29285278528, 0.013671856026],
      [0.026561925529, 0.0081303928822, 0.011584163764, 6.041532609e-06, 0.87345187099, 0.0014066615625, 0.078858943739],
      [0.015690620028, 0.0073543583344, 0.0053932241706, 0.059904437206, 7.6930828381e-05, 0.9033744546, 0.0082059748325],
      [0.00064113364208, 0.029747188981, 0.66126080349, 0.010933175172, 0.0042756247917, 0.29102333562, 0.00211873831],
      [0.037727478672, 0.58383832317, 0.0095627822251, 0.093690547909, 0.000393028553, 0.25464935729, 0.02013848219],
      [0.056183826697, 0.035759376592, 0.035708910081, 6.6097260403e-05, 0.34735756513, 0.0059183746881, 0.51900584955]
    ],
    [
      [0.0097498712695, 0.0030168827152, 0.00071843659369, 0.65423008254, 0.00018604652216, 0.32628828345, 0.0058103969066],
      [0.55393179743, 0.0054850844903, 0.0064389021556, 0.035806907996, 0.029597970446, 0.36113922565, 0.0076001118305],
      [0.019764649801, 0.0024742910515, 0.0092951876592, 4.6490089843e-06, 0.93039848896, 0.0014424776373, 0.036620255885],
      [0.011689318637, 0.0022412456677, 0.0043321732283, 0.046193199757, 8.154658287e-05, 0.93165923979, 0.0038032763399],
      [0.00054545832262, 0.010377703269, 0.63129850081, 0.0096263215427, 0.0051777971491, 0.34185272536, 0.0011214935464],
      [0.04941010572, 0.33294486176, 0.013499744512, 0.12698222738, 0.00073196308901, 0.46002204462, 0.016409052926],
      [0.059524641876, 0.015528684334, 0.040831970859, 7.2360765357e-05, 0.52447913513, 0.0086345105481, 0.35092869648]
    ]
  ],
  "expected_outcome": [
    [
      [0.037269844406, 0.7151883318, 0.1502502059, 0.37971307137, 0.54351671634, 1.3213704703, 1.0027399043, 1.4083950517, 1.6405893919, 2.8998385055, 4.1292438873, 0.91516729259, 1.256729676, 2.4339775381, 2.5786635678, 2.643464848, 0.23939078038, 2.2553645035, 1.3214958509, 0.40473588886, 0.40861430353, 0.0045255625661, 0.066063563817, 0.12428281887, 0.14012801082, 0.20074201652, 1.2764784969, 0.45356631172, 0.040800811636, 1.7253733202, 0.80373563855, 3.0653002854, 2.7092733447, 0.13124115383, 2.2667015727, 0.35720661046, 4.9888589768, 0.87748841425],
      [0.044274272727, 1.126366467, 0.14711655737, 0.33995148581, 0.52507799544, 1.3157889303, 0.89105630498, 1.5441836074, 1.6592177393, 2.4178100623, 2.8685389222, 0.686882809, 1.4358796001, 2.4452045815, 2.0990848273, 2.17032706, 0.2265803253, 2.1298403293, 0.90586441911, 0.40719586569, 0.32895784795, 0.0033531643264, 0.1344826349, 0.087992723758, 0.14962209749, 0.22490180434, 1.4902614827, 0.043385466757, 0.10879557484, 1.5366373035, 1.4165371194, 2.810016045, 1.9593693807, 0.1978764551, 2.3642561088, 0.32764324028, 3.7728366039, 0.27151944437],
      [0.010489801386, 0.096104285962, 0.017403849454, 0.041397412459, 0.051939618235, 0.11282238585, 0.092844208327, 0.17980104842, 0.18268510558, 0.26128233107, 0.35323255108, 0.093498542455, 0.11123823111, 0.24861148806, 0.27733127685, 0.18214167054, 0.014601314814, 0.20986780055, 0.11239943145, 0.043410386227, 0.040714413906, 0.0003716589331, 0.010667722778, 0.011875840898, 0.011469325312, 0.019444456374, 0.12320692228, 0.010921841369, 0.016431228842, 0.16726845812, 0.10361412371, 0.34008901403, 0.21944618241, 0.024182137795, 0.31937943172, 0.024324741206, 0.34100758726, 0.064659293432],
      [2.6852432092, 85.2297435549, 10.5700364587, 27.9328403754, 41.4804867202, 109.3509984686, 67.8701155444, 118.627879777, 124.2495379681, 219.7653765748, 314.9568026895, 76.1165076948, 104.069389777, 193.9185914734, 217.631608894, 166.4525579955, 10.702019374, 174.8158987679, 99.0703262726, 17.1853399286, 26.3264175487, 0.90771915754, 12.3514719732, 8.984045345, 12.9328009787, 12.6426096991, 91.6037585395, 9.4701361892, 7.7851223081, 132.8766210519, 116.1910613541, 259.0681898789, 184.3179209149, 6.6014530594, 242.8314873327, 25.2547798156, 321.1017037792, 58.8807074289],
      [0.0011699064493, 0.017658295619, 0.0023501599116, 0.0078993021059, 0.008839979968, 0.022761764083, 0.016787115085, 0.025776627668, 0.023007325829, 0.043065470748, 0.057359469645, 0.016049353656, 0.021207701328, 0.045038866335, 0.052350444259, 0.030504707516, 0.0029965025488, 0.040528852623, 0.018641167414, 0.0089277013875, 0.0067306207213, 8.4164676326e-05, 0.0021042680078, 0.0021913654775, 0.0030495121551, 0.0043992377059, 0.022503998188, 0.00099755584919, 0.0020817715458, 0.029143528935, 0.021390354583, 0.052693369951, 0.034555544995, 0.0040163585082, 0.063045048502, 0.0065906061153, 0.066898755908, 0.016744186995],
      [1.2023621079, 30.9925003711, 2.997902265, 13.9927195936, 13.6608044203, 37.6285394961, 29.2976020859, 43.6381367134, 46.574015079, 84.4248514283, 111.8982014795, 25.4843816076, 41.1749194091, 72.9811802195, 86.4903429149, 62.0264919681, 3.7139972592, 74.5588493209, 32.5879309908, 13.2932580839, 11.1966464012, 0.080657007974, 3.3334313545, 3.5835662593, 4.640234022, 6.6387627947, 41.3527240484, 3.8366501022, 2.9105207859, 52.4707221577, 32.0292195246, 101.2239567698, 67.9571091951, 6.8409935446, 108.4749404236, 11.6663353691, 120.9509058361, 29.3659455105],
      [0.019190857955, 0.82243869362, 0.1149405037, 0.30547875923, 0.72933454956, 1.2477184847, 0.82885483706, 1.5758271743, 1.6709473902, 3.1877756273, 3.7366210008, 0.68751269986, 0.93063560536, 2.9273958332, 2.8706180749, 2.4945117503, 0.10041444374, 2.9896504252, 0.98334186775, 0.65713214542, 0.69191886399, 0.0032892839815, 0.10177848281, 0.2060456467, 0.1226960535, 0.26913999123, 2.131066512, 0.18434253291, 0.13624751918, 2.1942341796, 1.434441885, 3.439754637, 2.8023254373, 0.20023729083, 3.680190082, 0.36311961716, 4.7777884608, 0.52293572159]
    ],
    [
