{
  "Z_true": {},
  "V_true": [
    [16, 703, 218, 216],
    [439, 62, 907, 25],
    [344, 126, 13471, 285],
    [182, 10809, 2514, 716],
    [105, 497, 1505, 581]
  ],
  "p_true": [
    [0.0139, 0.6097, 0.1891, 0.1873],
    [0.3064, 0.0433, 0.6329, 0.0174],
    [0.0242, 0.0089, 0.9469, 0.02],
    [0.0128, 0.7601, 0.1768, 0.0503],
    [0.0391, 0.1849, 0.5599, 0.2161]
  ],
  "Z_est": [
    [
      [0.4146, 0.0417, 0, 0.1112, 0.4319, 0.3415, 0.1112, 0.1963, 0.0916, 0, 0, 0.144, 0.3474, 0.4843, 0.1112, 0.264, 0.2918, 0.2501, 0.0131, 0.0834, 1.6676, 0.0445, 0.1807, 0.3057, 0.288, 0.1946, 0.4864, 0.3011, 0.3474, 0.4974, 0.1529, 0.1251, 0.1571, 0, 1.0995, 1.2997, 0, 0.0785, 0.0278, 0, 0.1112, 0.0131, 0.1251, 0.1946, 0.4974, 0.0262, 1.0006, 0.0916, 1.0864, 0.403],
      [8.4037, 1.0872, 0, 1.7985, 19.3004, 5.2637, 3.5164, 8.7729, 3.5664, 0, 1.3112, 8.2288, 15.8267, 22.7157, 14.8376, 12.8909, 28.1241, 32.3986, 0.5849, 6.399, 57.5295, 1.1697, 15.8181, 26.3477, 12.8669, 18.7156, 29.4111, 13.4518, 21.7767, 22.1912, 8.1881, 7.0183, 7.0183, 0, 49.1283, 23.103, 0, 3.0961, 3.5412, 2.3394, 1.1697, 0.5849, 3.5092, 15.2064, 22.2247, 1.1697, 59.9319, 4.094, 48.5435, 8.8477],
      [5.1658, 0.6888, 0, 1.3775, 11.3648, 3.0995, 2.0265, 5.1658, 2.6788, 0, 0.6888, 2.1419, 6.442, 12.7423, 8.6097, 7.5765, 14.9429, 18.5969, 0.3444, 3.7883, 34.0943, 0.6399, 9.6428, 16.1372, 7.5765, 11.0204, 17.2194, 7.9209, 12.7423, 13.0867, 4.8518, 4.2731, 4.1326, 0, 28.9285, 13.0867, 0, 2.4794, 2.0663, 1.4299, 0.5973, 0.3444, 2.1066, 8.9541, 13.0867, 0.6888, 31.144, 2.4107, 28.5841, 5.1658],
      [1.0159, 0.1823, 0, 0.7128, 1.9029, 0.2952, 0.346, 0.8649, 0.6632, 0, 0, 0.4854, 1.3839, 1.0576, 1.4416, 1.2686, 1.6411, 2.7543, 0.0577, 0.7294, 5.7086, 0.1459, 2.3584, 3.2094, 1.2686, 2.0695, 2.8831, 1.3262, 2.1335, 2.2247, 0.8073, 0.5835, 0.6919, 0, 4.8436, 0.5106, 0, 0.346, 0.3647, 0.2306, 0.1218, 0.0577, 0.2591, 1.645, 2.1912, 0.1153, 4.9234, 0.4036, 4.786, 0.5835]
    ],
    [
      [30.4367, 2.2971, 2.2733, 6.0622, 24.5868, 5.578, 6.3171, 16.1049, 1.3343, 1.6911, 0, 4.0199, 19.5254, 25.7642, 6.0622, 14.504, 15.9132, 13.6399, 6.0622, 4.7826, 100.5576, 1.9434, 7.4656, 16.671, 16.2382, 10.6088, 26.522, 12.0598, 18.9443, 24.1641, 8.4501, 6.8199, 22.1113, 0.7831, 43.0311, 9.473, 0, 1.7228, 1.5155, 0, 4.8461, 4.4944, 6.1855, 10.6088, 24.2382, 3.7889, 54.5596, 14.8906, 100.7641, 24.4543],
      [6.1771, 0.4662, 0.3496, 0.3697, 7.882, 0.8158, 1.282, 3.2383, 0.0473, 0.2331, 0, 0.8158, 5.6552, 5.8887, 4.8201, 8.8088, 5.5024, 8.0241, 0.3149, 1.3986, 12.7379, 0.2621, 1.5151, 4.1957, 2.9137, 3.1468, 6.6376, 2.4475, 6.8328, 1.1207, 3.6902, 2.5641, 2.0676, 1.2894, 6.9929, 1.6317, 0, 0.3496, 6.0835, 0.6993, 0.6993, 0.3149, 0.6162, 2.2144, 6.5267, 0.8158, 27.6488, 3.0716, 18.6589, 5.1786],
      [11.2776, 0.8511, 0.0879, 1.7006, 10.0009, 0, 2.3406, 5.958, 0.4256, 0, 0, 1.4895, 5.5421, 9.1498, 3.6174, 7.4099, 6.5963, 12.2627, 1.9151, 4.1723, 34.8968, 0.4914, 2.7662, 8.4657, 3.4384, 8.0164, 10.2137, 4.4685, 8.0858, 7.8731, 8.6428, 11.4037, 7.4475, 0.6384, 4.1927, 1.8346, 0, 0.6384, 2.3406, 5.0593, 0, 0.9634, 1.7437, 4.0429, 22.2044, 1.4895, 25.3215, 5.5324, 26.9622, 10.9656],
      [5.1086, 0.3856, 0.2892, 0.8675, 4.5302, 0.6061, 1.0603, 2.6989, 0.1928, 0.0758, 0, 0.6747, 3.2772, 2.1973, 2.5003, 3.2772, 2.988, 5.0733, 0.7078, 1.6466, 15.8077, 0.3031, 1.253, 6.6676, 2.4097, 5.228, 4.6266, 2.0242, 4.137, 3.8421, 2.2169, 1.2123, 3.3736, 0.2892, 5.7833, 1.0607, 0, 0.2892, 1.0603, 0.2414, 0.4546, 0.2273, 0.4546, 2.1339, 3.0307, 0.9058, 11.4702, 2.5054, 15.6149, 1.4014]
    ],
    [
      [4.7779, 0.4226, 0.4226, 1.1269, 1.4625, 1.2678, 0.872, 4.2907, 0.2817, 0.4226, 0, 0.4595, 2.282, 3.3723, 1.1269, 2.5701, 2.9582, 2.5356, 0.3304, 0.6667, 8.3833, 2.7072, 2.9704, 3.099, 3.2583, 1.9721, 4.9303, 5.4735, 3.5216, 4.5395, 1.5495, 1.2678, 13.691, 0.1409, 8.7104, 2.113, 0, 1.8042, 0.2817, 0, 2.343, 0.8452, 1.731, 1.9721, 3.8175, 0.7043, 10.1423, 2.6764, 51.4552, 2.0427],
      [0, 0.0236, 0.0472, 0, 0.2115, 0.1002, 0.1026, 0.6204, 0, 0.7818, 1.765, 0.1016, 0.2923, 0.3981, 0.4298, 0.3716, 0.9682, 1.0628, 0, 0, 0, 0.042, 0.7635, 1.1724, 0.555, 0.7899, 1.6467, 0.5967, 0.905, 0.5386, 0.4338, 0.1944, 0.2739, 0.1265, 1.2573, 0.1213, 0.2352, 0.1016, 0.1186, 0.0008, 1.4606, 0.0417, 0.2177, 0.6039, 0.552, 0.6853, 1.9659, 1.9993, 2.1054, 0.2768],
      [203.6294, 24.407, 24.4358, 23.6654, 133.997, 59.4844, 64.8656, 393.1235, 41.605, 6.7767, 7.235, 17.3953, 184.9708, 252.2296, 137.9381, 235.48, 314.3017, 392.4411, 24.6318, 61.0869, 380.6731, 24.1753, 485.3882, 746.5251, 294.2096, 503.9351, 1050.8747, 501.5703, 514.2328, 416.77, 275.306, 123.2357, 996.1099, 21.676, 797.285, 75.577, 3.7648, 150.9055, 39.4109, 26.9425, 21.0831, 53.0564, 137.9381, 444.2155, 350.6076, 139.845, 1092.3427, 234.8522, 1295.5342, 175.3784],
      [0.5927, 1.1468, 0.0944, 0.2077, 0.3291, 0.1476, 0.1597, 0.9655, 0.1133, 0.0189, 0, 0.0436, 0.4549, 0, 0.5052, 0.5783, 0.7719, 0.9606, 0.0378, 0.2464, 0.9437, 0.0755, 1.878, 3.2035, 4.9771, 1.3029, 1.5483, 1.3595, 1.3406, 1.1518, 1.7106, 0.3021, 0.9252, 0.0566, 2.7473, 0.1887, 0, 0.1888, 0.1888, 0.0566, 0.1133, 0.0566, 0.1133, 1.2085, 0.0229, 0.7653, 2.5491, 0.4721, 4.9052, 0.3021]
    ],
    [
      [1.8445, 0.145, 0.1776, 0.3866, 0.8231, 0.435, 0.3866, 1.1116, 0.2141, 0.145, 0, 0.1809, 1.7384, 1.8417, 0.3866, 0.9183, 1.0149, 0.87, 1.5943, 0.2325, 8.2847, 0.2417, 0.6283, 1.0633, 1.3545, 0.6766, 1.6916, 7.1481, 1.2083, 1.5466, 0.4171, 0.435, 1.9332, 0.0369, 2.8032, 0.725, 0, 0.251, 0.0967, 0, 0.3866, 0.4125, 0.435, 0.6766, 1.4983, 0.2417, 3.4798, 0.7123, 8.1196, 1.7363],
      [135.9736, 11.2994, 25.258, 24.8318, 186.5518, 70.0879, 80.2603, 159.8297, 41.3863, 13.7954, 6.9238, 46.3213, 387.2979, 426.7385, 212.0906, 326.4917, 561.5122, 538.9413, 22.1002, 44.2025, 583.7118, 17.3536, 262.1131, 412.0234, 287.6793, 411.3269, 544.0114, 309.375, 457.1648, 273.1494, 89.1344, 162.1444, 138.874, 8.2694, 546.6382, 113.6068, 5, 50.8991, 46.3325, 36.7878, 11.8184, 21.8427, 39.8802, 312.9038, 378.1073, 105.035, 977.227, 152.2383, 900.3815, 178.7044],
      [27.8627, 1.5673, 4.5046, 4.2054, 24.2572, 7.2958, 14.581, 23.7931, 13.1834, 0.6619, 1.0762, 0, 62.45, 58.8874, 20.0332, 58.2065, 108.0071, 93.5481, 7.1087, 10.6116, 115.8337, 2.8141, 53.2209, 104.9185, 45.3221, 105.526, 114.6882, 100.431, 82.3924, 66.7965, 17.6881, 66.058, 47.7071, 0.9569, 102.9964, 4.1008, 0, 13.3835, 3.6174, 9.0192, 0, 4.5285, 6.3391, 108.9575, 88.4877, 20.8188, 165.8495, 30.2107, 172.7489, 39.1966],
      [12.3192, 1.9883, 2.0598, 5.5762, 11.368, 3.1813, 4.772, 11.2656, 3.2163, 0.3977, 0, 2.4979, 19.5137, 11.5324, 12.4895, 13.3835, 19.4657, 26.6406, 1.1968, 7.9534, 32.1698, 1.5907, 24.0377, 34.9948, 32.6441, 37.4705, 32.6088, 43.046, 28.2345, 25.5075, 5.7604, 6.3627, 19.4858, 0.7367, 40.5622, 5.5674, 0, 3.4665, 2.9534, 1.193, 1.7949, 1.2163, 2.3457, 43.462, 15.9067, 6.9046, 52.4437, 9.8386, 76.75, 6.3627]
    ],
    [
      [1.5263, 0.0936, 0.1265, 0.3131, 0.6957, 1.3777, 0.3131, 1.2965, 0.0783, 0.7413, 0, 0.1957, 1.1068, 2.5374, 0.3131, 0.7436, 0.8218, 0.7044, 0, 0.2348, 1.1068, 0.0632, 1.7551, 0.861, 0.861, 0.5479, 1.3697, 1.0175, 0.9784, 1.2523, 0.4305, 0.3522, 2.1074, 0.0391, 2.3559, 1.3894, 0, 1.1435, 0.0783, 0, 0.3131, 0.2348, 0.5235, 0.5479, 0.9487, 0.239, 2.8177, 0.629, 6.5747, 0.3637],
      [1.4456, 0.1236, 0.3452, 0, 2.0543, 0.7323, 0.8386, 3.5387, 0, 0.1897, 0, 0.5326, 3.9279, 8.259, 4.8218, 6.4369, 2.893, 5.5732, 0, 0, 3.0208, 0.1726, 4.7902, 4.2607, 1.9851, 3.0208, 7.2932, 3.129, 12.3206, 0, 1.5536, 1.0789, 2.7662, 0.3147, 5.9832, 2.5372, 0.7648, 1.5536, 0.9242, 0.1726, 0.8519, 0.2158, 0.7768, 2.0714, 2.5893, 1.2941, 17.2264, 1.5967, 9.3109, 0.9926],
      [27.0645, 2.4858, 4.9717, 3.0511, 26.3802, 9.1203, 11.1862, 50.9596, 3.1073, 1.5614, 0, 5.9732, 42.5951, 55.9909, 34.8017, 39.3271, 39.1519, 78.1512, 0, 13.341, 43.5021, 1.8793, 68.9819, 73.9535, 28.4534, 43.5021, 120.004, 46.6094, 79.5467, 48.4737, 22.5112, 16.0295, 92.6029, 3.7287, 92.5973, 17.4008, 1.2352, 27.5933, 10.5648, 2.5491, 6.3197, 3.1073, 13.8724, 29.83, 37.6136, 16.1579, 137.3423, 22.994, 122.1706, 14.2935],
      [16.9636, 1.2969, 2.5566, 3.6358, 14.8699, 3.7697, 5.662, 26.2052, 1.8144, 0.5077, 0, 3.2985, 22.3703, 14.2127, 16.0634, 16.4924, 20.1333, 31.5712, 0, 9.4242, 22.3703, 1.8848, 35.4729, 39.9248, 14.7005, 22.9292, 40.3331, 24.2441, 35.1544, 28.2739, 11.5047, 7.5394, 24.5235, 1.9175, 48.0636, 6.6726, 0, 5.7096, 5.4328, 1.2783, 3.5153, 1.4421, 2.8273, 15.5507, 18.8485, 8.309, 63.6136, 11.7803, 90.9439, 7.3502]
    ]
  ],
  "V_est": [
    [14.5324, 683.0196, 391.8526, 63.5955],
    [784.8673, 195.0137, 314.9372, 138.1818],
    [179.7925, 27.0582, 13977.1206, 42.0287],
    [62.6871, 11155.6279, 2236.4495, 766.2355],
    [44.1208, 136.2806, 1694.6402, 812.9585]
  ],
  "p_est": [
    [0.0126, 0.5924, 0.3399, 0.0552],
    [0.5477, 0.1361, 0.2198, 0.0964],
    [0.0126, 0.0019, 0.9825, 0.003],
    [0.0044, 0.7844, 0.1573, 0.0539],
    [0.0164, 0.0507, 0.6304, 0.3024]
  ],
  "EI_Z": {},
  "EI_V": 6.1994,
  "MAE_Z": {},
  "MAE_V": 209.0498,
  "MAE_p": 0.0784,
  "runtime": 3.639
}
