{
  "X": [
    [38, 90, 81, 429, 49, 43],
    [30, 43, 131, 147, 70, 29],
    [14, 32, 70, 248, 35, 23],
    [23, 71, 180, 417, 67, 26],
    [54, 142, 366, 1011, 171, 73],
    [23, 37, 59, 282, 35, 29],
    [30, 65, 153, 395, 96, 34],
    [26, 60, 194, 346, 86, 39],
    [10, 61, 92, 264, 40, 14],
    [32, 62, 137, 319, 45, 32],
    [6, 11, 13, 63, 8, 9],
    [20, 47, 38, 167, 24, 16],
    [0, 3, 3, 13, 2, 0],
    [6, 15, 30, 105, 18, 10],
    [10, 42, 29, 70, 14, 11],
    [13, 43, 67, 238, 42, 26],
    [33, 68, 88, 570, 65, 49],
    [27, 46, 71, 300, 53, 20],
    [53, 102, 146, 741, 77, 42],
    [23, 50, 103, 180, 36, 16],
    [15, 54, 114, 150, 45, 27],
    [12, 28, 38, 176, 24, 20],
    [36, 153, 132, 459, 60, 43],
    [1, 0, 6, 46, 6, 3],
    [34, 42, 78, 361, 68, 19],
    [53, 118, 237, 460, 118, 50],
    [16, 45, 82, 115, 27, 18],
    [83, 125, 285, 558, 141, 57],
    [23, 50, 170, 230, 72, 42],
    [14, 19, 41, 159, 23, 21],
    [2, 15, 60, 10, 9, 23],
    [25, 147, 144, 430, 69, 58],
    [11, 20, 20, 126, 24, 10],
    [3, 12, 42, 39, 10, 8],
    [17, 25, 130, 128, 49, 31],
    [19, 28, 96, 97, 45, 20],
    [39, 108, 265, 512, 119, 41],
    [23, 75, 107, 241, 42, 26],
    [35, 65, 166, 343, 96, 43],
    [14, 29, 40, 116, 27, 10],
    [19, 14, 32, 179, 23, 14],
    [15, 22, 39, 87, 25, 12],
    [15, 40, 61, 249, 29, 19],
    [5, 10, 11, 69, 7, 7],
    [32, 61, 230, 372, 103, 51],
    [21, 54, 111, 184, 41, 14],
    [51, 61, 206, 444, 110, 29],
    [0, 7, 1, 12, 8, 1],
    [35, 122, 154, 525, 98, 60],
    [1, 3, 7, 26, 10, 1],
    [25, 49, 91, 318, 57, 36],
    [12, 35, 110, 137, 30, 14],
    [12, 44, 105, 183, 34, 17],
    [21, 106, 168, 254, 57, 30],
    [31, 110, 69, 246, 21, 25],
    [0, 1, 1, 1, 1, 0],
    [135, 341, 710, 1922, 361, 216],
    [17, 49, 77, 206, 39, 19],
    [52, 227, 402, 856, 149, 101],
    [5, 39, 34, 84, 7, 8]
  ],
  "W": [
    [19, 17, 63, 101, 500, 30],
    [17, 40, 45, 141, 191, 16],
    [9, 18, 27, 61, 279, 28],
    [26, 27, 55, 197, 457, 22],
    [57, 70, 110, 402, 1123, 55],
    [14, 11, 25, 69, 327, 19],
    [33, 41, 50, 164, 447, 38],
    [21, 33, 60, 202, 407, 28],
    [8, 14, 51, 113, 281, 14],
    [21, 25, 53, 141, 365, 22],
    [4, 1, 9, 14, 73, 9],
    [12, 7, 25, 61, 194, 13],
    [0, 0, 3, 2, 16, 0],
    [6, 8, 17, 31, 116, 6],
    [7, 3, 37, 40, 87, 2],
    [15, 20, 21, 72, 282, 19],
    [19, 24, 52, 112, 641, 25],
    [22, 30, 38, 71, 336, 20],
    [50, 28, 55, 172, 821, 35],
    [15, 25, 34, 115, 199, 20],
    [18, 15, 41, 126, 189, 16],
    [7, 8, 23, 53, 195, 12],
    [22, 23, 143, 160, 511, 24],
    [1, 3, 3, 5, 48, 2],
    [37, 28, 39, 76, 409, 13],
    [45, 59, 101, 265, 518, 48],
    [7, 11, 36, 105, 138, 6],
    [58, 60, 96, 318, 669, 48],
    [20, 32, 55, 175, 290, 15],
    [14, 14, 17, 49, 172, 11],
    [1, 11, 17, 59, 20, 11],
    [27, 26, 116, 151, 519, 34],
    [3, 13, 15, 28, 140, 12],
    [3, 9, 17, 32, 51, 2],
    [12, 26, 29, 142, 156, 15],
    [19, 21, 30, 101, 128, 6],
    [33, 53, 87, 292, 588, 31],
    [15, 20, 65, 113, 285, 16],
    [29, 36, 62, 181, 426, 14],
    [3, 16, 29, 43, 136, 9],
    [10, 7, 19, 34, 199, 12],
    [13, 10, 17, 47, 105, 8],
    [9, 14, 31, 71, 277, 11],
    [7, 2, 6, 17, 75, 2],
    [34, 49, 64, 256, 419, 27],
    [12, 21, 37, 118, 224, 13],
    [35, 41, 57, 220, 507, 41],
    [1, 5, 4, 2, 14, 3],
    [39, 57, 123, 148, 593, 34],
    [0, 2, 3, 7, 34, 2],
    [25, 17, 42, 105, 369, 18],
    [8, 16, 25, 117, 156, 16],
    [8, 21, 37, 103, 211, 15],
    [19, 23, 66, 192, 314, 22],
    [23, 5, 86, 90, 288, 10],
    [0, 1, 0, 1, 2, 0],
    [107, 188, 238, 778, 2224, 150],
    [10, 21, 43, 81, 243, 9],
    [35, 82, 219, 419, 967, 65],
    [2, 4, 25, 41, 98, 7]
  ],
  "method": "mult",
  "cond_prob": [
    [
      [0.62196813633, 0.011405568436, 0.015290606257, 0.08800178853, 0.24818545232, 0.015148448124],
      [0.0077840388361, 0.0012733402936, 0.17539896129, 0.0064315099188, 0.74583455141, 0.063277598248],
      [0.020533302703, 0.79053329096, 0.034642713697, 0.020927900448, 0.006390620626, 0.12697217157],
      [0.072176730093, 0.047441216101, 0.72301347451, 0.012891806091, 0.090858668207, 0.053618105],
      [0.029879111197, 0.063624590095, 0, 0.83400699572, 0.036819832568, 0.035669470417],
      [0.084242444707, 0.11180640702, 0.084028141695, 0.25315341148, 0.12053460532, 0.34623498978]
    ],
    [
      [0.62438677515, 0.0059908134714, 0.018304727104, 0.060671504809, 0.27757117911, 0.013075000359],
      [0.00332425225, 0, 0.17238771015, 0, 0.77335839124, 0.050929646352],
      [0.031614879765, 0.71933813127, 0.060419877844, 0.012106720264, 0.015561853154, 0.1609585377],
      [0.01669949851, 0.020725425685, 0.80074645251, 0, 0.11575758934, 0.046071033957],
      [0.072820412333, 0.033158821523, 0.034116872427, 0.7436370042, 0.077520832346, 0.038746057171],
      [0.097903568603, 0.079520020708, 0.10330276831, 0.21181963777, 0.1573982399, 0.35005576471]
    ],
    [
      [0.52008270563, 0.0095054385419, 0.028118357102, 0.11145892447, 0.3152732139, 0.015561360357],
      [0.0046376076196, 2.0054919876e-05, 0.22888052816, 0.0057323561038, 0.71178789136, 0.048941561833],
      [0.017199879626, 0.74218015817, 0.068122406898, 0.026659486698, 0.0087757661802, 0.13706230243],
      [0.015818373222, 0.023525298488, 0.84450913348, 0.008816631356, 0.072886667817, 0.034443895638],
      [0.021942570379, 0.028839592727, 0.030989845058, 0.85241761758, 0.03923106101, 0.026579313249],
      [0.060160144995, 0.085497721978, 0.1295198707, 0.27898397544, 0.13292359232, 0.31291469457]
    ],
    [
      [0.45400417516, 0.012541979274, 0.027080393437, 0.12902287081, 0.36480115634, 0.012549424982],
      [0.0036298084544, 0.00043884820658, 0.20410098354, 0.0070957854619, 0.74862346024, 0.036111114092],
      [0.012456362474, 0.80459949734, 0.054625319588, 0.02767136434, 0.0081434223708, 0.092504033889],
      [0.012888074603, 0.03164534996, 0.82661733679, 0.017163221553, 0.083829793059, 0.027856224037],
      [0.014710653447, 0.038829467755, 0.011440654159, 0.87878672015, 0.037223332479, 0.019009172014],
      [0.052321243618, 0.11044938988, 0.12312710636, 0.31569128909, 0.15131436831, 0.24709660275]
    ],
    [
      [0.44595690429, 0.011172537288, 0.025532392676, 0.1227529646, 0.37975134099, 0.014833860157],
      [0.003564969526, 0.0002532977559, 0.18839569599, 0.0065972984065, 0.75950551071, 0.041683227603],
      [0.01356192674, 0.77523195435, 0.055686976966, 0.027957548969, 0.0096416092868, 0.11791998369],
      [0.014048620788, 0.029350269494, 0.81368469445, 0.015436442826, 0.092896036343, 0.034583936097],
      [0.016370329437, 0.034656159157, 0.010541118367, 0.87086583644, 0.043844682895, 0.023721873708],
      [0.051048566041, 0.097313536067, 0.11440844247, 0.295966462, 0.15538955074, 0.28587344268]
    ],
    [
      [0.58470402844, 0.009468462609, 0.017616820353, 0.091926322064, 0.27858364713, 0.017700719406],
      [0.0064229443067, 0.00067755276619, 0.17597939257, 0.0060046389611, 0.74525187172, 0.065663599676],
      [0.020476322518, 0.74311837294, 0.044238958829, 0.023415489402, 0.0081615322904, 0.16058932402],
      [0.026422645288, 0.034969080107, 0.77806861629, 0.012432633141, 0.091873407085, 0.056233618089],
      [0.033708001259, 0.043348837772, 0.0010398146683, 0.83956721307, 0.042730522972, 0.039605610255],
      [0.072942327098, 0.089162770568, 0.08867701608, 0.24554015083, 0.12557231281, 0.37810542262]
    ],
    [
      [0.45822001235, 0.010300946176, 0.023101894149, 0.10598961684, 0.38942978129, 0.012957749188],
      [0.0036817909379, 9.7197166382e-05, 0.16973151402, 0.004973722343, 0.78484348538, 0.036672290154],
      [0.015015407098, 0.78320982277, 0.05406551809, 0.024896915182, 0.011450447629, 0.11136188923],
      [0.01624579751, 0.030265509668, 0.80288081409, 0.010099472329, 0.10720644538, 0.033301961021],
      [0.020452690287, 0.037491024317, 0.01483653323, 0.84499930876, 0.058554086696, 0.023666356715],
      [0.057114538401, 0.099304239439, 0.11239435917, 0.28112025772, 0.17479416159, 0.27527244368]
    ],
    [
      [0.4759994528, 0.0080340349171, 0.024704353743, 0.097533996284, 0.37868269836, 0.015045463896],
      [0.0034038421495, 0, 0.17802863601, 0.0033780386995, 0.77219224685, 0.042997236283],
      [0.017981186153, 0.72947300976, 0.06682981312, 0.024122346444, 0.013346751263, 0.14824689326],
      [0.016860233148, 0.019371778894, 0.82048100873, 0.001036888448, 0.10464517666, 0.037604914123],
      [0.023974424491, 0.024361614598, 0.035882067408, 0.82297641799, 0.063616020176, 0.029189455338],
      [0.058909130979, 0.079808150099, 0.11626105703, 0.25828987237, 0.16908815059, 0.31764363893]
    ],
    [
      [0.41299031652, 0.013884187265, 0.023402269041, 0.13421732738, 0.40518738463, 0.010318515167],
      [0.0031569649545, 0.00060613951177, 0.17056154799, 0.0078552847849, 0.7898082003, 0.028011862465],
      [0.010604587324, 0.83543467975, 0.041747961284, 0.031805509474, 0.008371124661, 0.072036137504],
      [0.048124576649, 0.040055020083, 0.75877166082, 0.026321388678, 0.10186565021, 0.024861703566],
      [0, 0.042767041325, 0, 0.90213836691, 0.040423251511, 0.014671340259],
      [0.048069203118, 0.12353685712, 0.111041177, 0.33707202785, 0.17175047237, 0.20853026254]
    ],
    [
      [0.62179171243, 0.0097339770989, 0.022771509507, 0.096548022713, 0.23479830927, 0.014356468988],
      [0.007554468242, 0.00059836159433, 0.23938486889, 0.0065728202587, 0.68718191947, 0.058707561546],
      [0.02174268964, 0.76261796702, 0.056340790979, 0.023683684025, 0.006132942546, 0.12948192579],
      [0.024509386451, 0.030556385436, 0.831138682, 0.0093357154103, 0.065262369337, 0.039197461368],
      [0.033819520271, 0.040847710067, 0.021387849404, 0.84457590428, 0.029913204983, 0.029455810991],
      [0.081872790615, 0.097455030367, 0.11609070282, 0.27119976486, 0.11110580311, 0.32227590822]
    ],
    [
      [0.58757853083, 0.0086823314409, 0.017376670737, 0.084162877636, 0.2850248443, 0.017174745052],
      [0.0056620480138, 0.00057844598226, 0.16596688649, 0.0050451248671, 0.76218617044, 0.060561324202],
      [0.019832776495, 0.74315787546, 0.044996644578, 0.021263518392, 0.0087642822553, 0.16198490282],
      [0.024388545647, 0.031775824342, 0.78893528334, 0.0092984596668, 0.091473635225, 0.054128251776],
      [0.034062929162, 0.041946997899, 0.0068919146557, 0.82512282114, 0.048762903546, 0.043212433601],
      [0.070832819148, 0.085475440185, 0.090150321408, 0.23364303564, 0.13094589556, 0.38895248806]
    ],
    [
      [0.63251532928, 0.015159028823, 0.0093660362516, 0.082470048896, 0.24814571398, 0.012343842771],
      [0.0082343325561, 0.0022613882504, 0.13949010331, 0.0065673339922, 0.7895037394, 0.053943102494],
      [0.018383343693, 0.84845661991, 0.018833358641, 0.018218676644, 0.0051707204636, 0.090937280646],
      [0.16092243547, 0.076136806839, 0.58300911504, 0.017472799652, 0.10921028849, 0.053248554504],
      [0.0045767914771, 0.098117847634, 0, 0.83049571016, 0.036155496669, 0.03065415406],
      [0.091417385995, 0.14704913695, 0.067445142964, 0.25591635456, 0.13003563792, 0.3081363416]
    ],
    [
      [-0, 0.0088473620949, 0.028729324926, 0.082527141788, 0.87989617119, 0],
      [0, 7.6657132488e-05, 0.037840333238, 0.00064072654865, 0.96144228308, 0],
      [0, 0.88664418161, 0.079846770982, 0.014577735432, 0.018931311974, 0],
      [0, 0.011194864171, 0.89585126549, 0.00051439351678, 0.092439476825, 0],
      [0, 0.019854857926, 0.060547322255, 0.80970237542, 0.1098954444, 0],
      [0, 0.11179366992, 0.19394910289, 0.29133161325, 0.40292561394, 0]
    ],
    [
      [0.47128597017, 0.0076956164074, 0.023790681475, 0.11349366128, 0.36654836796, 0.017185702712],
      [0.0028597796598, 0, 0.17847569272, 0.0067080955519, 0.76262365711, 0.049332774961],
      [0.015998644275, 0.7140043626, 0.061832384918, 0.031980283494, 0.011433887384, 0.16475043733],
      [0.015051004022, 0.020107747665, 0.81278889308, 0.015567180383, 0.094267580735, 0.042217594121],
      [0.018131035384, 0.015123610616, 0.013275105787, 0.87576478751, 0.049017009454, 0.028688451244],
      [0.051274626625, 0.073012188066, 0.10698864486, 0.2750684175, 0.14951272507, 0.34414339789]
    ],
    [
      [0.5955061953, 0.014087020284, 0.011830212105, 0.073688766047, 0.2908734069, 0.01401439937],
      [0.0063688914471, 0.002199020047, 0.13814541139, 0.0040424298068, 0.79818747642, 0.051056770883],
      [0.020867549381, 0.82081432124, 0.021278715925, 0.0087115573227, 0.0077120213211, 0.12061583481],
      [0.075195955081, 0.066820474836, 0.68889313001, 0.0011396810571, 0.11370572503, 0.054245033988],
      [0.021478068068, 0.099056560574, 0, 0.78898413855, 0.051009245868, 0.039471986935],
      [0.081910253183, 0.11696207427, 0.079857295798, 0.23125821539, 0.14897277087, 0.34103939049]
    ],
    [
      [0.44275990386, 0.017032263945, 0.025189984394, 0.11509988386, 0.37804989856, 0.021868065378],
      [0.0033100464341, 0.0017583012079, 0.18236959523, 0.0046923577187, 0.74786808018, 0.060001619227],
      [0.0093195698677, 0.8042111642, 0.039159920375, 0.017291813152, 0.0067329455712, 0.12328458683],
      [0.01338365114, 0.047107715007, 0.79103160886, 0.0076516716797, 0.090048081535, 0.050777271776],
      [0.015315070721, 0.07135499142, 0.011868018597, 0.81803120824, 0.043322318316, 0.040108392709],
      [0.04285351162, 0.12142381619, 0.097439101009, 0.24109502251, 0.13316539081, 0.36402315786]
    ],
    [
      [0.5432892593, 0.0095593556297, 0.017136581016, 0.10465693806, 0.3069275127, 0.018430353298],
      [0.0055787295033, 0.00052353072034, 0.16062209915, 0.0070434077942, 0.76226872909, 0.063963503739],
      [0.018792110224, 0.73836945799, 0.041909995633, 0.027567247468, 0.0087045556212, 0.16465663306],
      [0.076742301006, 0.035277352884, 0.71059605026, 0.016978752104, 0.10170617419, 0.058699369561],
      [0.017712257632, 0.036368057856, 0, 0.8703674757, 0.040171235558, 0.035380973251],
      [0.064709199142, 0.085904283251, 0.08213588718, 0.26407229441, 0.13121749466, 0.37196084135]
    ],
    [
      [0.56567217483, 0.0091317544146, 0.020358543995, 0.098854993199, 0.29509550403, 0.010887029523],
      [0.006057546215, 7.3768261451e-05, 0.19273840053, 0.0069120233876, 0.75511719227, 0.039101069334],
      [0.020924637406, 0.78467421828, 0.05354050794, 0.02704906369, 0.0089978781206, 0.10481369457],
      [0.023407043211, 0.030884552564, 0.81195391713, 0.013237060268, 0.088984227321, 0.031533199506],
      [0.030743696549, 0.035056957988, 0.0083717831617, 0.86238219019, 0.042300005209, 0.021145366904],
      [0.079328371871, 0.10036634722, 0.1136886728, 0.29448589226, 0.14908909422, 0.26304162162]
    ],
    [
      [0.55399000939, 0.013699134787, 0.020650937108, 0.11674182965, 0.28162593567, 0.013292153399],
      [0.0058968851019, 0.0010661953175, 0.20566825152, 0.007878721925, 0.73112342753, 0.048366518602],
      [0.015172668298, 0.81878629682, 0.041163268529, 0.024097732773, 0.0060915899147, 0.094688443668],
      [0.048173505666, 0.04388676214, 0.775064758, 0.0167369468, 0.079647130305, 0.036490897093],
      [0.016590229543, 0.054039256209, 0, 0.87716277362, 0.029308088409, 0.022899652218],
      [0.068413387475, 0.12391974374, 0.10381782736, 0.3025010574, 0.12431322298, 0.27703476104]
    ],
    [
      [0.63888128217, 0.01276382498, 0.018809350677, 0.094146004316, 0.22585477017, 0.0095447676966],
      [0.0085015972957, 0.0025173438615, 0.22527186675, 0.007997441675, 0.71359523262, 0.0421165178],
      [0.020235016705, 0.83348409223, 0.041939737051, 0.022313075376, 0.0040419010633, 0.077986177575],
      [0.028852946917, 0.049320342562, 0.81126526607, 0.015631140854, 0.06593441618, 0.028995887414],
      [0.036771676383, 0.06569012151, 0.00046387399366, 0.85377788938, 0.023407112263, 0.019889326472],
      [0.09402988857, 0.13314881589, 0.11361477441, 0.29649240731, 0.11971998975, 0.24299412407]
    ],
    [
      [0.45574397151, 0.01494457941, 0.025845763831, 0.093299436432, 0.39008327993, 0.020082968889],
      [0.0034225059466, 0.0019104202423, 0.17404990007, 0.0014473897971, 0.76502429956, 0.05414548438],
      [0.011170660207, 0.78740398327, 0.048623180997, 0.0096528093329, 0.0091996916611, 0.13394967453],
      [0, 0.04521527455, 0.80400684304, 0, 0.10046220396, 0.050315678446],
      [0.029144428374, 0.073801666048, 0.031532378534, 0.76390971662, 0.058416337706, 0.043195472722],
      [0.048686055776, 0.11082115478, 0.10412472269, 0.22026235464, 0.15168897399, 0.36441673813]
    ],
    [
      [0.55161169551, 0.009545382521, 0.014780400538, 0.099937718055, 0.30550189196, 0.018622911415],
      [0.0055727392134, 0.00059912404854, 0.14531923401, 0.0072130349683, 0.77597780916, 0.065318058599],
      [0.018537239948, 0.74310548573, 0.035295647601, 0.02804858595, 0.0085068984987, 0.16650614227],
      [0.10616743408, 0.038158094505, 0.66107299536, 0.021803082807, 0.10853023614, 0.064268157106],
      [0.0064671457067, 0.039855543626, 0, 0.87367492917, 0.041647693828, 0.038354687673],
      [0.06498435667, 0.086896095186, 0.073776222928, 0.25628663674, 0.1320502338, 0.38600645468]
    ],
    [
      [0.57279094143, 0.011740393455, 0.017943174423, 0.10303621525, 0.28156490332, 0.012924372122],
      [0.0063374534808, 0.001144930413, 0.18406407446, 0.0073104198, 0.75289184088, 0.04825128097],
      [0.018331607901, 0.80409637748, 0.036785101501, 0.028161439151, 0.006307567798, 0.10631790617],
      [0.060712667333, 0.043438247213, 0.74859539288, 0.017751603498, 0.089553895757, 0.039948193317],
      [0.017795644005, 0.054895457153, 0, 0.86645442856, 0.035309024081, 0.025545446202],
      [0.075992377876, 0.11366240859, 0.0973435031, 0.28914617737, 0.13398095688, 0.28987457619]
    ],
    [
      [0.3877043673, 0, 0.027730980896, 0.13362262631, 0.43257669611, 0.018365329379],
      [0.0017943261268, 0, 0.17389415582, 0.0073698684346, 0.77442724974, 0.042514399878],
      [0.034231147651, 0, 0.22940777487, 0.11159152192, 0.039841316603, 0.58492823896],
      [0.007909331608, 0, 0.85859276118, 0.013647290588, 0.085254507334, 0.034596109292],
      [0.0083241583209, 0, 0.0048141360471, 0.93395742929, 0.049478626061, 0.0034256502775],
      [0.03255647696, 0, 0.11916044545, 0.3056500718, 0.16168550863, 0.38094749717]
    ],
    [
      [0.51543940816, 0.0070423307446, 0.021942630512, 0.099486916841, 0.34585558789, 0.010233125857],
      [0.0044720186099, 0, 0.17927257545, 0.0056315558884, 0.77801537102, 0.032608479033],
      [0.021564955822, 0.75995120717, 0.06422046163, 0.029847667259, 0.012576820424, 0.11183888769],
      [0.020410573549, 0.02400994278, 0.81522823953, 0.011458141657, 0.10051112203, 0.028381980454],
      [0.028035611953, 0.022380308937, 0.015025629515, 0.85884625924, 0.056276365583, 0.01943582477],
      [0.072671017037, 0.086387282779, 0.12008183682, 0.29679251485, 0.17481062042, 0.24925672809]
    ],
    [
      [0.54943372101, 0.010335387364, 0.019867843201, 0.095817492561, 0.31232876687, 0.012216788998],
      [0.0057998358858, 0.00059843119088, 0.18137729044, 0.0057504306266, 0.76447652546, 0.041997486398],
      [0.019359081673, 0.78992185346, 0.048635299898, 0.023776102301, 0.0093523928942, 0.10895526978],
      [0.023814321817, 0.03507052053, 0.7976454517, 0.011520593864, 0.096362778066, 0.03558633402],
      [0.030996816105, 0.045075055492, 0.0076314218448, 0.84287482223, 0.048313207947, 0.025108676378],
      [0.075226645094, 0.10572763009, 0.10757084194, 0.27677991259, 0.15279418548, 0.28190078481]
    ],
    [
      [0.64223681721, 0.010722780857, 0.014291654576, 0.07437907874, 0.24475028408, 0.013619384533],
      [0.0082029654999, 0.0022231075762, 0.16979431175, 0.0049720593321, 0.75681861249, 0.057988943356],
      [0.023418678505, 0.79182531511, 0.034006587045, 0.017526047681, 0.0070869583339, 0.12613641332],
      [0.046278066321, 0.056084719383, 0.74551677484, 0.0061555776335, 0.09382338844, 0.052141473388],
      [0.037359350396, 0.071345469109, 0, 0.80965880043, 0.044021934802, 0.03761444526],
      [0.092708319075, 0.11003412239, 0.088120416242, 0.23574432809, 0.13002166419, 0.34337115002]
    ],
    [
      [0.60022338662, 0.0092459558647, 0.018178820542, 0.077271965379, 0.28410601732, 0.010973854273],
      [0.0074952152408, 0.00071304295367, 0.17816431316, 0.0034121808974, 0.76855544144, 0.04165980631],
      [0.024557779647, 0.7867020398, 0.049636969687, 0.019112259762, 0.010148103184, 0.10984284792],
      [0.031941426938, 0.035463726424, 0.79502534129, 0.0010345405795, 0.10048956911, 0.036045395665],
      [0.045990723014, 0.048684877811, 0.015719035385, 0.8055492847, 0.056768385237, 0.027287693848],
      [0.092804507353, 0.10520641467, 0.10742765264, 0.25494297594, 0.15626195634, 0.28335649306]
    ],
    [
      [0.49816283858, 0.0075756184353, 0.025700847887, 0.086499553069, 0.36121315828, 0.020847983754],
      [0.0038187233859, 0, 0.18170410872, 0, 0.75369463476, 0.060782533136],
      [0.018427762261, 0.68271934131, 0.068206885808, 0.01646910347, 0.013479613448, 0.2006972937],
      [0.0037830275593, 0.018197882803, 0.82216140834, 0, 0.10280668573, 0.05305099557],
      [0.035827420881, 0.02779086516, 0.049831513141, 0.77292354402, 0.067928383956, 0.045698272845],
      [0.056602351825, 0.070329564802, 0.10604583823, 0.21442536552, 0.14838189554, 0.40421498409]
    ],
    [
      [0.56638528019, 0.008610923931, 0.018470284625, 0.11507900683, 0.26720262284, 0.024251881595],
      [0.0057898449839, 0.00021441304614, 0.19183877158, 0.0098868785773, 0.70392361977, 0.08834647204],
      [0.018443401401, 0.68679749394, 0.046115047991, 0.030464243473, 0.0066624696271, 0.21151734356],
      [0.060856772694, 0.028465795056, 0.74224084888, 0.022566357514, 0.076755055489, 0.069115170368],
      [0.011941451297, 0.02923335346, 0, 0.88864899533, 0.025752122653, 0.044424077259],
      [0.058190812609, 0.070720648396, 0.081992345656, 0.25265515912, 0.10005525496, 0.43638577926]
    ],
    [
      [0.55443783459, 0.014271088024, 0.039091327133, 0.071313169359, 0.264068377, 0.056818203892],
      [0, 0, 0.2931251224, 0, 0.54263728361, 0.16423759399],
      [0, 0.63163068163, 0.074800924644, 0, 0, 0.29356839372],
      [0, 0, 0.86755047392, 0, 0.02413573221, 0.10831379387],
      [0.055334645927, 0.17357442297, 0.15271810241, 0.44880174081, 0.035388166319, 0.13418292157],
      [0.03080629517, 0.070592624077, 0.11137059983, 0.086604728589, 0.057740906955, 0.64288484538]
    ],
    [
      [0.44850574893, 0.016992005124, 0.026691401387, 0.11393267232, 0.3721671569, 0.021711015336],
      [0.0034962851481, 0.002104386605, 0.19288582404, 0.0041095518962, 0.73768218431, 0.059721768006],
      [0.0094967326967, 0.79883996466, 0.04413655144, 0.012895430569, 0.0063175173703, 0.12831380326],
      [0.013139768372, 0.048089642354, 0.80193276191, 0.0021639412256, 0.085553044311, 0.049120841824],
      [0.015813481234, 0.081988302637, 0.016441934097, 0.80306451845, 0.041657575152, 0.041034188425],
      [0.044309370216, 0.11787061309, 0.10350735074, 0.24128998086, 0.13235666946, 0.36066601563]
    ],
    [
      [0.63724208811, 0.0076642050722, 0.010257091495, 0.075647435807, 0.25997496252, 0.0092142169982],
      [0.0080460249293, 0.00038660424278, 0.12246543534, 0.008374256756, 0.82058669594, 0.040140982787],
      [0.027522832557, 0.79500120761, 0.031782258643, 0.027426053225, 0.0097754774044, 0.10849217057],
      [0.15517776717, 0.042730741898, 0.60825034945, 0.020033851895, 0.12955558749, 0.04425170209],
      [0.021131169117, 0.040278769664, 0, 0.86657091256, 0.048817798936, 0.023201349726],
      [0.10562431383, 0.10095624079, 0.072452866819, 0.28099382877, 0.16198063361, 0.27799211618]
    ],
    [
      [0.5301697038, 0.0077495827201, 0.044071926449, 0.10233807043, 0.29229210306, 0.023378613549],
      [0, 0, 0.30237887995, 0, 0.62888754501, 0.068733575037],
      [0.01292239789, 0.66443949451, 0.12110768658, 0.0012673036073, 0.0057592531071, 0.19450386431],
      [0, 0, 0.91624000071, 0, 0.046988786233, 0.036771213058],
      [0.021497072626, 0.010702554805, 0.14641079384, 0.74960188156, 0.032492197213, 0.039295499952],
      [0.046729710272, 0.067724775061, 0.15045656033, 0.22087283383, 0.10224263281, 0.41197348771]
    ],
    [
      [0.55589924576, 0.0059854367394, 0.0224304674, 0.082767097489, 0.31213040451, 0.020787348099],
      [0.0051542304561, 0, 0.18370063112, 0, 0.7422543102, 0.068890828224],
      [0.023485334111, 0.64689501696, 0.066666241789, 0.021360485428, 0.012710073465, 0.22888284825],
      [0.011782060231, 0.012489096556, 0.81649011628, 0, 0.10008220874, 0.059156518196],
      [0.043938830108, 0.022376191804, 0.03578965954, 0.78962171959, 0.059940063063, 0.04833353589],
      [0.065774288006, 0.060272109005, 0.099767571337, 0.21375683307, 0.13499383144, 0.42543536714]
    ],
    [
      [0.54503532779, 0.0066749291984, 0.02564849237, 0.068943272316, 0.33610709338, 0.017590884941],
      [0.0011357629167, 0, 0.17719432074, 0, 0.76567784539, 0.055992070949],
      [0.022216650565, 0.7060665816, 0.065727059391, 0.010346384418, 0.015027316846, 0.18061600718],
      [0, 0.015555330237, 0.82199151911, 0, 0.11232852186, 0.050124628786],
      [0.058892225113, 0.036412415361, 0.048169985066, 0.73550516657, 0.076647001968, 0.04437320592],
      [0.069295569884, 0.076550229537, 0.10548076814, 0.20583749537, 0.15465233448, 0.38818360258]
    ],
    [
      [0.4928545459, 0.010990967036, 0.022989420727, 0.10330090771, 0.358095534, 0.011768624623],
      [0.004357224878, 0.00040010737092, 0.18099634883, 0.0049812971211, 0.7736115773, 0.035653444494],
      [0.015955077145, 0.79847253867, 0.053101182192, 0.023395442369, 0.010198452715, 0.098877306913],
      [0.018047302602, 0.032758483281, 0.81021189695, 0.0085217265101, 0.099781442402, 0.030679148259],
      [0.023567408135, 0.042913548248, 0.016743615728, 0.84176090389, 0.05267949117, 0.022335032832],
      [0.064171839094, 0.10807542081, 0.11618128455, 0.28541619955, 0.1671756905, 0.2589795655]
    ],
    [
      [0.58247672992, 0.011644625473, 0.021749644575, 0.092183314625, 0.27847667064, 0.013469014764],
      [0.0062903909972, 0.0013913305595, 0.20641052037, 0.0047253627068, 0.73197814734, 0.049204248024],
      [0.018613461505, 0.79523492852, 0.050165360392, 0.01770145562, 0.0070261645627, 0.1112586294],
      [0.023115763971, 0.039831370714, 0.81496515094, 0.0039303464253, 0.080312169966, 0.037845197979],
      [0.031876913562, 0.059000655298, 0.018930480963, 0.82010875976, 0.040439013241, 0.029644177174],
      [0.076885283719, 0.11194387512, 0.11240921046, 0.26231392081, 0.13288701983, 0.30356069006]
    ],
    [
      [0.50726817523, 0.0078255487551, 0.020815339754, 0.081503421631, 0.36603360754, 0.016553907086],
      [0.0047422239667, 0, 0.15719041385, 0.0018279069593, 0.78645969804, 0.049779757182],
      [0.020318081094, 0.72076151324, 0.057317599524, 0.019342770434, 0.014269425649, 0.16799061005],
      [0.019897251866, 0.025276594342, 0.78842182271, 0, 0.11799536093, 0.048408970159],
      [0.033673781545, 0.033798279131, 0.028354831738, 0.78920115506, 0.076216642692, 0.038755309829],
      [0.065167735831, 0.079479627076, 0.1000214891, 0.2265465927, 0.16873726768, 0.36004728762]
    ],
    [
      [0.68635653392, 0.0061864763422, 0.013163621551, 0.062695130078, 0.22439350177, 0.0072047363403],
      [0.009355907092, 0, 0.16765237445, 0.0052358389894, 0.78300006937, 0.034755810095],
      [0.036337297246, 0.77626530065, 0.050258750915, 0.02433332911, 0.011483581916, 0.10132174016],
      [0.041622808864, 0.029120752033, 0.78499165525, 0.010721360289, 0.1026010197, 0.030942403867],
      [0.057192232827, 0.032091225575, 0.0083500910644, 0.82481784907, 0.056000321646, 0.021548279822],
      [0.12994775767, 0.094794204057, 0.1033682008, 0.26513651961, 0.15976743535, 0.24698588251]
    ],
    [
      [0.6363512306, 0.0033848415952, 0.015572843072, 0.080931407331, 0.25258996247, 0.01116971493],
      [0.0075435633049, 0, 0.17476487447, 0.0063992392868, 0.76367089789, 0.04762142505],
      [0.04082764557, 0.64226620381, 0.072424746439, 0.038813309294, 0.013951272789, 0.1917168221],
      [0.03336517205, 0.015243386382, 0.79973748903, 0.014737960433, 0.096078896212, 0.040837095891],
      [0.047512057523, 0.0030826163369, 0.0041957133562, 0.87222984389, 0.04941320692, 0.023566561971],
      [0.10155351569, 0.052614826965, 0.10156880672, 0.27780073215, 0.1469516049, 0.31951051358]
    ],
    [
      [0.58472669328, 0.010253425777, 0.014877014076, 0.075081971103, 0.30067849993, 0.014382395831],
      [0.0069798675786, 0.0012402043771, 0.15249852896, 0.0030345099064, 0.78498078535, 0.051266103834],
      [0.021983857573, 0.77834213548, 0.039587793397, 0.016913623695, 0.010557675851, 0.132614914],
      [0.032212463029, 0.041021654922, 0.76277803071, 0.0022549254257, 0.11183646297, 0.049896462939],
      [0.045643089315, 0.056047978717, 0.00043387002256, 0.79761636447, 0.062762475905, 0.037496221572],
      [0.081064824043, 0.10117894641, 0.089062155477, 0.2312947387, 0.15193967854, 0.34545965684]
    ],
    [
      [0.56254749846, 0.01111924927, 0.020340374069, 0.10969502095, 0.28111105007, 0.015186807173],
      [0.0058681360889, 0.00074047364272, 0.19761150895, 0.0078243755566, 0.73291721848, 0.05503828729],
      [0.017244570108, 0.78084445883, 0.044753119193, 0.026824290368, 0.006777439801, 0.1235561217],
      [0.039276454691, 0.036521855508, 0.78253681209, 0.017474563044, 0.081342220312, 0.042848094354],
      [0.020878984435, 0.043181192076, 0, 0.87611933952, 0.031994340531, 0.027826143433],
      [0.068020905789, 0.10264908687, 0.10026501407, 0.28599086617, 0.12375717159, 0.31931695552]
    ],
    [
      [0.52191190813, 0.014797092823, 0.014191206811, 0.12837456011, 0.29377322749, 0.02695200463],
      [0.0046073920145, 0.0011157537694, 0.15654514429, 0.0083030216238, 0.7389723568, 0.090456331502],
      [0.010535878481, 0.77234169211, 0.025893556937, 0.023935269057, 0.0047428228411, 0.16255078058],
      [0.06960620306, 0.13219407491, 0.60612296254, 0.024500085735, 0.087183313744, 0.08039336002],
      [0, 0.037540633398, 0, 0.89373721872, 0.023495920932, 0.045226226955],
      [0.045440568079, 0.09864595592, 0.064059779498, 0.24718378024, 0.096437676693, 0.44823223957]
    ],
    [
      [0.47542504434, 0.0076602715995, 0.023734175834, 0.10761452805, 0.36677150409, 0.018794476091],
      [0.0030009587238, 0, 0.17734218681, 0.0056237352285, 0.75938319222, 0.054649927021],
      [0.01732145142, 0.7008461348, 0.061589751148, 0.028611304841, 0.012093085164, 0.17953827263],
      [0.016373663122, 0.018346653931, 0.80490437358, 0.012232957217, 0.10079639132, 0.047345960831],
      [0.0213231972, 0.022042405302, 0.018397665741, 0.84993054564, 0.054198866162, 0.034107319956],
      [0.053846342149, 0.07232914484, 0.10360685972, 0.25858829039, 0.14936421822, 0.36226514468]
    ],
    [
      [0.60732489849, 0.012187519104, 0.020845708071, 0.081709171954, 0.26937832096, 0.0085543814175],
      [0.0070403478475, 0.0019802686124, 0.20596458496, 0.0029052080499, 0.7490080326, 0.033101557933],
      [0.019765074531, 0.83784257342, 0.048634475043, 0.014710011228, 0.0071906608673, 0.071857204911],
      [0.021500195555, 0.046460489929, 0.8230796616, 0, 0.083352441015, 0.025607211905],
      [0.040566816371, 0.069538659791, 0.026319188904, 0.7985138322, 0.044592969514, 0.020468533215],
      [0.092996631775, 0.13484548527, 0.12355548151, 0.27285474909, 0.14983260007, 0.22591505229]
    ],
    [
      [0.56022478927, 0.0058959019346, 0.019533557018, 0.083918284392, 0.32283719896, 0.0075902684316],
      [0.0052987182801, 0, 0.17146633998, 0.0044261215391, 0.79227755912, 0.026531261084],
      [0.028312558447, 0.76184511275, 0.067298166873, 0.029020786295, 0.014538523225, 0.098984852411],
      [0.027310339845, 0.018838740177, 0.81215499507, 0.0074997509162, 0.11084071784, 0.023355456154],
      [0.038971564516, 0.01925085613, 0.021196520209, 0.83931902772, 0.065446179052, 0.015815852372],
      [0.092541734606, 0.08448207582, 0.12267013151, 0.29371980459, 0.1907915021, 0.21579475138]
    ],
    [
      [0, 0.034341027524, 0.0081472058955, 0.14674525865, 0.80028318459, 0.010483323341],
      [0, 0.044931682876, 0, 0, 0.94012370922, 0.014944607908],
      [0, 0.95441246169, 0, 0, 0.011899039312, 0.033688499],
      [0, 0.20704249308, 0.49592639705, 0.011044082021, 0.25247556531, 0.033511462541],
      [0, 0.12462615363, 0, 0.78297844426, 0.083031377356, 0.0093640247556],
      [1.9954341436e-32, 0.25483319145, 0, 0.2898227859, 0.26137056616, 0.19397345649]
    ],
    [
      [0.47683835898, 0.011118657578, 0.026196679891, 0.11679968871, 0.34991719189, 0.019129422955],
      [0.00384870912, 0.00016345504654, 0.19981990526, 0.0062872608622, 0.73372386322, 0.056156806494],
      [0.013584193697, 0.74971047528, 0.055733754058, 0.025703873662, 0.0082988601258, 0.14696884318],
      [0.0149668812, 0.029699983798, 0.81490014256, 0.011655301694, 0.084390789263, 0.044386901489],
      [0.017803089236, 0.036818470368, 0.017557454659, 0.85355616147, 0.041205126536, 0.033059697729],
      [0.051198277078, 0.091579894911, 0.10931033602, 0.26591392374, 0.13487449029, 0.34712307795]
    ],
    [
      [0.4219777394, 0.0043972402767, 0.013128477608, 0.052281537003, 0.50457102385, 0.0036439818675],
      [0, 0, 0.079732741551, 0, 0.91210494055, 0.0081623178987],
      [0.017053871089, 0.79782093083, 0.065581539908, 0.020977237329, 0.031569374899, 0.066997045943],
      [0.010952542649, 0.014503344186, 0.76169557103, 0, 0.19927736569, 0.013571176438],
      [0.022364616763, 0.010700697795, 0.031931247262, 0.74895518863, 0.17463080984, 0.011417439708],
      [0.055886809128, 0.070595036593, 0.11312924651, 0.23629593731, 0.37434644985, 0.14974652061]
    ],
    [
      [0.48749091826, 0.0093679177638, 0.020134349615, 0.099931096289, 0.36349069992, 0.019585018155],
      [0.0042616156441, 0.00038264744359, 0.15895879691, 0.0051675612929, 0.77324515907, 0.057984219645],
      [0.01655975112, 0.72699894354, 0.04890706429, 0.024547158201, 0.010783558246, 0.1722035246],
      [0.019306666628, 0.030356779369, 0.7765942851, 0.011548082874, 0.10720244555, 0.054991740482],
      [0.024437302567, 0.0367524227, 0.0069114684275, 0.83686977965, 0.055213813219, 0.039815213435],
      [0.055566965981, 0.082013089474, 0.091528512596, 0.24252200074, 0.14913897172, 0.37923045948]
    ],
    [
      [0.5557722084, 0.012492910986, 0.025353864175, 0.1044297948, 0.29011985501, 0.011831366624],
      [0.0053734134365, 0.001081471736, 0.22502541797, 0.0050711194564, 0.72244390541, 0.041004671984],
      [0.015629030702, 0.81410155795, 0.053606542151, 0.020207969122, 0.0063576164854, 0.090097283589],
      [0.017923740391, 0.037745366856, 0.84197852949, 0.0018913489328, 0.071591026011, 0.028869988317],
      [0.024745159764, 0.052524874205, 0.02769719783, 0.83818610896, 0.034883863681, 0.021962795557],
      [0.069987462585, 0.12000786984, 0.12652175207, 0.28749397993, 0.13393534273, 0.26205359285]
    ],
    [
      [0.5296116332, 0.012176771716, 0.02828210428, 0.11100031112, 0.30548649228, 0.013442687401],
      [0.0047480414887, 0.00061229575467, 0.23543981016, 0.0046671888287, 0.71096881827, 0.043563845493],
      [0.01474130791, 0.79557738308, 0.060928018662, 0.020575933949, 0.0065697398532, 0.10160761655],
      [0.015538180325, 0.031419969743, 0.85139954072, 0.0024029082237, 0.069309466311, 0.029929934679],
      [0.021701050389, 0.045299896016, 0.03745959378, 0.83754540119, 0.034425562732, 0.02356849589],
      [0.06257436432, 0.11058863325, 0.13180289869, 0.28553985271, 0.1320009158, 0.27749333523]
    ],
    [
      [0.49639952979, 0.019264652712, 0.024166692002, 0.10126576717, 0.34403807595, 0.014865282381],
      [0.0042484161932, 0.0035839914698, 0.19282261386, 0.0029745287882, 0.75133108636, 0.045039363327],
      [0.010407565512, 0.85103369614, 0.038385221917, 0.0095102117924, 0.0055360285165, 0.085127276118],
      [0.0052889957655, 0.070538823346, 0.8011097409, 0, 0.085529186594, 0.03753325339],
      [0.027117564675, 0.10358354367, 0.013852829602, 0.78295424136, 0.042225247818, 0.030266572877],
      [0.056972433773, 0.15066495704, 0.10952860627, 0.25146502256, 0.14258872944, 0.28878025092]
    ],
    [
      [0.67112789485, 0.017152362765, 0.015074688739, 0.09496244758, 0.18800226376, 0.0136803423],
      [0.0099061711359, 0.0020586506971, 0.23114523537, 0.0080340687121, 0.68118650625, 0.067669367837],
      [0.018348536075, 0.84213910589, 0.024908434202, 0.015730794363, 0.0026533343671, 0.096219795105],
      [0.099510949355, 0.066470643919, 0.71589956467, 0.0092033883911, 0.063351831134, 0.045563622533],
      [0.014152839252, 0.10342556193, 0, 0.82930505133, 0.022318259688, 0.030798287806],
      [0.090455031375, 0.14023195089, 0.092446982057, 0.27546853095, 0.091250505445, 0.31014699927]
    ],
    [
      [0, 0.13473485172, 0.031217642824, 0.090295808105, 0.74375169735, 0],
      [0, 0, 0.060163198133, 0, 0.93983680187, 0],
      [0, 1, 0, 0, 0, 0],
      [0, 0.08740215556, 0.89301197864, 0, 0.019585865804, 0],
      [0, 0.45629892222, 0.023412411615, 0.5, 0.020288666164, 0],
      [0, 0.89311999703, 0.025805924375, 0.041163899612, 0.039910178988, -0]
    ],
    [
      [0.51154965133, 0.012090391227, 0.02280503499, 0.10606700134, 0.32901023232, 0.018477688787],
      [0.0047577403502, 0.0010101643526, 0.18950116921, 0.0055354599734, 0.74088984269, 0.058305623427],
      [0.015071180709, 0.76827701011, 0.04744775579, 0.021963769939, 0.0079715294411, 0.13926875401],
      [0.018643197851, 0.037133012108, 0.79764824713, 0.0098335906494, 0.088674211322, 0.048067740943],
      [0.023613499393, 0.05063965683, 0.011178989369, 0.83565737326, 0.042965792868, 0.035944688283],
      [0.058413070229, 0.10102939084, 0.10139111298, 0.25486836991, 0.13377953975, 0.35051851631]
    ],
    [
      [0.56996675602, 0.010181902452, 0.020683560436, 0.090830852675, 0.29522528958, 0.013111638847],
      [0.0059423835882, 0.00076344131186, 0.19103517829, 0.0047356329285, 0.75112282262, 0.046400541262],
      [0.019547055938, 0.78207864929, 0.051236548505, 0.020940216677, 0.0087324513666, 0.11746507822],
      [0.023269795504, 0.034429275005, 0.80797488417, 0.0072345248214, 0.089131273516, 0.037960246979],
      [0.031952692088, 0.047466049432, 0.017057796109, 0.82772265305, 0.046849736673, 0.028951072652],
      [0.076184596208, 0.10330505565, 0.10969377703, 0.26324585156, 0.14383925045, 0.30373146909]
    ],
    [
      [0.50515043672, 0.011735011272, 0.026130962602, 0.11579067923, 0.32385073646, 0.017342173709],
      [0.0045686185476, 0.000454903952, 0.21293922283, 0.0062426529174, 0.72161989257, 0.054174709192],
      [0.014625442165, 0.76615369587, 0.055792354315, 0.024502352, 0.0072262041472, 0.1316999515],
      [0.016231895682, 0.031058401108, 0.82344064024, 0.010859818576, 0.077948224228, 0.040461020171],
      [0.02095031086, 0.040683304144, 0.019624186373, 0.85178414515, 0.037036420673, 0.029921632805],
      [0.056646481039, 0.098616737131, 0.11396396862, 0.27452125017, 0.12977430128, 0.32647726176]
    ],
    [
      [0.6228861479, 0.020223634359, 0.022837782274, 0.11562808714, 0.20460744939, 0.013816898942],
      [0.007229918057, 0.0039434759301, 0.26702015333, 0.0078712066209, 0.65389886567, 0.060036380387],
      [0.010791781319, 0.87790587869, 0.026142360189, 0.012117433267, 0.0005946917826, 0.072447854757],
      [0.062189085512, 0.080821125159, 0.76799616689, 0.0040898506442, 0.049090560048, 0.035813211749],
      [0.0044085711402, 0.12733521248, 0, 0.82903025031, 0.013825868207, 0.025400097862],
      [0.067674431612, 0.17194498659, 0.10640599642, 0.28881068006, 0.084667756817, 0.2804961485]
    ]
  ],
  "expected_outcome": [
    [
