{
  "Z_true": {},
  "V_true": [
    [554, 46, 78, 1074, 63],
    [901, 363, 331, 13159, 604],
    [151, 581, 9152, 885, 645],
    [29, 85, 320, 332, 488],
    [10, 729, 261, 221, 45],
    [74, 101, 243, 454, 566]
  ],
  "p_true": [
    [0.3052, 0.0253, 0.043, 0.5917, 0.0347],
    [0.0587, 0.0236, 0.0216, 0.8568, 0.0393],
    [0.0132, 0.0509, 0.8018, 0.0775, 0.0565],
    [0.0231, 0.0678, 0.2552, 0.2648, 0.3892],
    [0.0079, 0.5758, 0.2062, 0.1746, 0.0355],
    [0.0515, 0.0702, 0.169, 0.3157, 0.3936]
  ],
  "Z_est": [
    [
      [31.0335, 2.4827, 16.1374, 1.862, 11.7927, 5.0197, 50.0176, 97.8257, 41.7148, 12.3131, 10.5514, 15.5167, 7.5056, 22.9366, 31.7654, 11.1721, 20.4821, 13.1066, 29.1184, 25.815, 5.0298, 13.1066, 3.724, 25.5579, 69.515, 57.8979, 11.4292, 1.2413, 23.9354, 6.2067, 19.2408, 21.1028, 7.448, 11.6452, 39.5074, 15.728, 14.9145, 21.2476, 13.0357, 39.7229, 1.966, 66.0648, 11.0532, 96.666, 29.7921],
      [5.0756, 0.406, 2.6393, 0.2901, 1.9287, 0.5221, 3.2729, 7.295, 6.1922, 1.9287, 1.7257, 2.5378, 1.1606, 7.4471, 6.1898, 1.8272, 3.4329, 2.1318, 4.7711, 3.2884, 0.8121, 2.1278, 0.6091, 5.0814, 13.0581, 25.2222, 0.7737, 0.203, 3.3851, 1.0151, 3.1469, 3.4514, 1.2181, 1.354, 4.5457, 3.2368, 2.4179, 3.4521, 1.2573, 6.4968, 0.5076, 16.2483, 1.354, 1.9229, 2.031],
      [1.317, 0.1054, 0.6849, 0.0783, 0.5005, 0.0921, 3.7934, 4.5569, 1.6068, 0.5005, 0.4478, 0.6585, 0.3161, 2.5596, 2.6568, 0.4741, 0.8692, 0.5532, 1.185, 0.8376, 0.1463, 0.6058, 0.158, 0.8059, 1.2614, 1.3811, 2.1652, 0.0527, 0.7734, 0.2634, 0.8166, 0.8956, 0.3161, 0.4741, 1.6068, 0.4968, 0.6322, 0.8189, 3.527, 1.6858, 0.2072, 16.9776, 0.3176, 2.4077, 1.2644],
      [12.0134, 0.9611, 6.247, 0.7208, 4.5651, 3.2652, 33.8848, 61.383, 10.8023, 4.0447, 4.0845, 6.0067, 2.8832, 8.6178, 12.9744, 4.3248, 7.9288, 4.973, 11.2926, 9.6107, 1.9221, 6.8639, 1.4416, 7.2341, 26.9099, 24.8321, 13.2897, 0.4805, 9.4801, 2.4027, 7.4483, 8.1691, 2.8832, 4.3248, 14.6563, 6.247, 5.7664, 8.1691, 5.7664, 15.3771, 2.2632, 46.0614, 4.0845, 26.5573, 14.7943],
      [0.5605, 0.0448, 0.2915, 0.0488, 0.213, 0.1009, 1.0313, 1.9394, 0.6838, 0.213, 0.1906, 0.2803, 0.1345, 0.4388, 0.4135, 0.2018, 0.2869, 0.2354, 0.6329, 0.4484, 0.0897, 0.2959, 0.0673, 0.3207, 1.2556, 0.6667, 0.3421, 0.0224, 0.426, 0.1121, 0.3475, 0.3812, 0.1345, 0.2018, 0.6838, 0.2915, 0.269, 0.3122, 0.4135, 0.7175, 0.0561, 1.6479, 0.1906, 1.4461, 0.1181]
    ],
    [
      [5.0441, 0.4035, 10.7406, 0.3026, 1.8405, 0.7062, 2.2245, 0, 14.7947, 7.3516, 4.6706, 4.1215, 1.6141, 3.1391, 3.4553, 1.9168, 2.9697, 1.5808, 4.4738, 5.2441, 1.9189, 2.3267, 3.9673, 3.9344, 9.5839, 8.7768, 0, 0.5146, 7.396, 3.996, 4.0275, 7.6588, 1.2106, 4.5068, 7.5993, 2.4212, 6.5599, 3.5569, 1.9168, 6.4565, 0.3026, 6.469, 6.3567, 17.0897, 2.2245],
      [3.1032, 0.3389, 2.0144, 0.1633, 1.1007, 0.2178, 1.3303, 3.4373, 11.5936, 2.4182, 1.0888, 3.1032, 0.6533, 1.8773, 2.0664, 0.908, 2.3955, 0.5293, 3.4035, 2.735, 0.5989, 1.1977, 0.7226, 1.9055, 12.8346, 16.6781, 0.4322, 0.1633, 1.9055, 2.565, 5.2374, 4.8689, 2.321, 0.7622, 2.5588, 3.204, 1.3611, 4.476, 0.7077, 6.152, 0.4591, 5.7603, 0.7622, 5.172, 0],
      [6.1131, 0.6486, 11.4088, 0, 2.2341, 0.3243, 2.7002, 0, 30.7274, 12.7277, 4.9634, 10.4188, 1.7229, 3.8104, 8.9999, 2.3849, 3.6048, 1.0112, 5.4771, 6.8525, 2.2204, 7.7532, 4.5495, 3.3718, 5.554, 6.081, 0.8772, 0.5943, 3.4054, 3.0017, 8.205, 5.858, 5.8301, 2.331, 9.2244, 3.7905, 6.6779, 4.0134, 8.6978, 10.4753, 2.1872, 11.6916, 1.3986, 10.6012, 4.0586],
      [387.3752, 75.7671, 256.9436, 21.5941, 140.7987, 35.4236, 173.8064, 449.0734, 499.1384, 235.2841, 170.5845, 322.0271, 123.3169, 245.27, 265.4427, 150.3836, 235.408, 122.6382, 443.0749, 355.3453, 144.7645, 324.1667, 88.5604, 215.9754, 570.5639, 546.1952, 56.465, 29.537, 582.0452, 196.4239, 336.431, 658.5037, 292.264, 329.9675, 599.9421, 417.4604, 232.4361, 282.6885, 175.84, 643.3573, 98.7697, 752.5729, 151.9905, 847.3947, 183.049],
      [44.3644, 23.8419, 23.8927, 4.9399, 17.0258, 2.3281, 16.9386, 56.4893, 48.746, 36.2185, 13.6927, 25.3295, 13.6927, 23.9032, 26.0358, 18.4068, 18.6221, 14.2404, 47.5706, 34.8231, 12.4974, 31.5557, 9.2002, 20.8129, 55.4636, 43.269, 6.2256, 2.1908, 60.2479, 13.0135, 24.0992, 44.1106, 28.3743, 36.4325, 53.6754, 30.124, 23.965, 20.2652, 26.8377, 69.559, 7.2813, 76.5062, 18.492, 85.7424, 7.6679]
    ],
    [
      [10.2487, 0.7334, 5.2043, 0.4703, 5.8525, 1.0409, 9.5165, 18.2896, 11.0035, 4.1635, 2.9739, 9.5998, 5.508, 5.5962, 6.84, 3.1631, 6.2883, 3.9538, 4.7252, 5.3918, 1.487, 2.6649, 1.1193, 5.7991, 8.6169, 12.9365, 2.2304, 0.4461, 5.7499, 2.0817, 3.695, 7.4349, 1.7843, 4.5634, 9.8139, 3.5687, 4.3122, 4.9491, 2.441, 10.931, 0.4461, 14.5722, 3.42, 35.9612, 5.9478],
      [24.8639, 2.0718, 10.811, 0.9549, 11.7162, 1.2732, 7.9573, 22.5987, 32.1474, 11.1402, 6.1126, 24.9502, 3.8195, 32.2456, 23.9993, 7.9573, 20.3322, 10.5036, 11.6046, 8.5438, 0.739, 5.6382, 1.5595, 11.7057, 34.0571, 40.9416, 2.5463, 0.9549, 10.359, 6.8573, 15.8299, 19.734, 5.8429, 4.4561, 10.5214, 15.5963, 4.0248, 14.9597, 4.1378, 41.2067, 2.4968, 43.6111, 4.0592, 30.2376, 6.2978],
      [301.924, 31.0508, 223.5325, 16.7799, 265.8333, 15.5044, 297.6102, 594.8969, 429.7253, 152.5284, 116.8552, 498.08, 82.5526, 547.831, 430.2481, 265.5058, 275.5112, 158.4624, 185.1608, 126.0784, 21.16, 105.6018, 22.9233, 165.7037, 265.5135, 290.7082, 117.2523, 16.8771, 161.6145, 81.0362, 145.4751, 280.4837, 89.0484, 111.4938, 272.5902, 181.2081, 159.4645, 191.8674, 96.1017, 647.2499, 42.0448, 725.809, 66.7136, 506.8443, 207.3718],
      [9.5928, 0.9598, 0, 0.3367, 3.6971, 0.6727, 14.0079, 41.0942, 0, 0, 0, 7.9695, 2.0693, 9.7321, 3.6998, 4.6336, 15.0289, 1.7477, 0, 0, 0.3848, 1.9079, 0, 2.9734, 5.1626, 5.7719, 2.0683, 0.3046, 3.7453, 1.5071, 0, 14.2039, 1.6193, 4.9865, 4.8901, 6.9222, 0, 4.5325, 0.1067, 11.7362, 0.7536, 10.9744, 0.8766, 9.7, 3.6074],
      [20.3705, 4.1842, 5.4521, 2.4583, 7.9009, 0.5089, 6.9081, 25.1206, 11.1239, 5.1679, 3.0583, 4.4004, 4.0507, 11.5952, 6.2129, 7.7402, 4.8394, 5.3325, 9.5095, 2.9861, 0.2293, 3.1871, 0.3979, 4.8181, 8.6498, 9.6418, 4.9027, 0.4173, 13.5313, 2.5176, 0, 10.1434, 2.7051, 11.5002, 7.1844, 5.7047, 5.1985, 4.6913, 6.2129, 20.8762, 1.2588, 20.0333, 3.9306, 22.2569, 1.7751]
    ],
    [
      [1.7297, 0.1202, 1.0515, 0.0824, 0.6589, 0, 0.453, 2.1415, 2.6769, 0.906, 0.6009, 1.0296, 0.2059, 1.0515, 0.9472, 0.5708, 0.7825, 0.6589, 1.1943, 0.9472, 0.1647, 0.6009, 0.4118, 1.1717, 1.7297, 1.7297, 0.3295, 0.1297, 2.5533, 0.7825, 1.7709, 1.2017, 0.7765, 1.0296, 3.5005, 0.721, 1.8916, 0.9914, 0.3706, 2.7266, 0.0901, 2.9442, 0.691, 1.9768, 0.4942],
      [4.0696, 0.3827, 2.36, 0.1914, 1.5503, 0, 1.0659, 4.5286, 6.4421, 2.2324, 1.3147, 2.4224, 0.4845, 4.4364, 2.2286, 1.3565, 1.9859, 1.5503, 2.81, 2.2286, 0.3876, 1.4032, 0.969, 3.3031, 4.2535, 4.289, 0.5103, 0.2785, 6.0076, 1.841, 4.1665, 4.13, 3.2945, 0.893, 2.9978, 4.0906, 1.5946, 2.1015, 0.8292, 7.2075, 1.0659, 9.1679, 1.0084, 4.651, 1.1628],
      [0.8521, 0.0797, 0.5903, 0.0413, 0.6725, 0, 0.2269, 1.0727, 1.3408, 0.4538, 0.3064, 0.5157, 0.1031, 0.557, 0.4744, 0.2888, 0.3919, 0.33, 0.4807, 0.4744, 0.0825, 0.3919, 0.2063, 0.557, 0.6825, 0.7473, 0.28, 0.068, 1.2789, 0.3919, 3.1006, 0.7199, 1.3251, 0.2864, 6.9917, 0.8458, 0.6188, 0.4332, 0.1857, 1.6514, 0.4084, 1.8542, 0.2888, 0.9901, 0.533],
      [30.7123, 4.9474, 18.264, 1.4625, 11.2866, 0, 8.0437, 38.0247, 47.5309, 15.9228, 10.2374, 18.2811, 3.6562, 17.9838, 16.8186, 10.2374, 13.8936, 11.6999, 21.2061, 16.8186, 2.925, 13.8936, 7.3124, 19.7436, 30.7123, 30.7123, 5.85, 2.1937, 45.3372, 13.8936, 31.4435, 36.3694, 24.8623, 19.0133, 62.1558, 30.8306, 21.9373, 15.3561, 6.5812, 53.3808, 8.2251, 64.3495, 10.2374, 35.0997, 9.0087],
      [4.6363, 1.47, 2.7341, 0.2225, 1.8316, 0, 1.2105, 6.2325, 7.0092, 2.485, 1.5407, 2.7512, 0.5502, 2.9713, 2.5311, 1.5464, 1.9461, 1.7608, 3.3089, 2.5311, 0.4402, 2.7103, 1.1005, 2.2247, 4.622, 4.5218, 1.0303, 0.3301, 6.823, 2.0909, 2.5185, 4.579, 3.7416, 3.7777, 9.3541, 4.512, 3.9576, 2.1178, 1.0333, 8.0335, 1.2105, 9.6843, 1.7744, 5.2823, 0.8013]
    ],
    [
      [0, 0, 0, 0, 0, 0, 0, 0, 0, 0, 0, 0, 0, 0, 0, 0, 0, 0, 0, 0, 0, 0, 0, 0, 0, 0, 0, 0, 0, 0, 0, 0, 0, 0, 0, 0, 0, 0, 0, 0, 0, 0, 0, 0, 0],
      [18.3734, 2.5263, 17.7217, 1.2631, 12.0378, 1.8053, 10.1371, 29.8943, 41.6569, 14.7367, 8.8497, 21.0791, 5.0526, 27.7302, 26.5898, 11.7036, 14.7028, 17.7399, 16.4727, 15.2056, 7.3723, 10.6272, 2.5343, 11.4042, 37.9046, 29.4508, 3.1678, 1.2631, 11.4042, 8.9929, 24.0755, 26.981, 8.8699, 5.8947, 24.2275, 20.6313, 14.572, 19.8619, 5.4736, 47.3855, 3.1678, 85.5314, 6.1761, 48.673, 10.5999],
      [0.5904, 0.0794, 0.5882, 0.0814, 0.67, 0.0611, 0.3257, 0.9771, 1.2011, 0.4479, 0.3052, 0.6718, 0.1832, 0.9979, 1.1019, 0.67, 0.4682, 0.57, 0.479, 0.4886, 0.2443, 0.4275, 0.0814, 0.3664, 0.68, 0.7445, 0.1018, 1.4008, 0.3664, 0.2109, 0.7736, 0.7172, 0.285, 0.285, 0.855, 0.3735, 0.4682, 0.6311, 6.3251, 1.425, 0.1018, 2.7482, 0.2036, 1.5675, 0.5311],
      [9.2992, 1.2826, 8.9785, 1.2826, 5.8093, 1.0574, 5.1306, 15.5671, 14.9543, 6.2564, 4.4893, 10.5818, 3.4306, 7.5779, 11.6544, 6.0926, 7.3752, 8.9785, 8.3372, 7.6959, 4.0785, 9.2646, 1.2826, 5.7719, 17.0943, 14.7504, 1.6033, 1.2826, 5.7719, 4.4893, 12.1851, 19.2342, 4.4893, 6.9395, 15.85, 10.2612, 7.3752, 10.0132, 7.6959, 19.4104, 1.6033, 43.2893, 3.2066, 24.6909, 7.6822],
      [0.737, 0.1117, 0.7116, 1.3728, 0.4829, 0.0762, 0.4066, 1.5614, 1.1877, 0.5591, 0.3558, 0.6673, 0.3336, 0.694, 0.6539, 0.5338, 0.4537, 0.7116, 0.7111, 0.61, 0.305, 0.6806, 0.1017, 0.4575, 1.3212, 1.0543, 0.1271, 0.0534, 0.4575, 0.3069, 0.9658, 1.0676, 0.3558, 0.8808, 1.0674, 0.734, 0.5845, 0.4938, 4.5055, 1.7791, 0.1271, 3.431, 0.4137, 2.0685, 0.1868]
    ],
    [
      [1.944, 0.2602, 1.8662, 0.2827, 0.8553, 0.2333, 1.7884, 4.7432, 3.8101, 3.2658, 1.2032, 3.7324, 1.1664, 2.2767, 2.9922, 2.1772, 1.4774, 0.6998, 2.4883, 2.6019, 1.3996, 1.3009, 0.7776, 2.5368, 5.5545, 5.6591, 1.0109, 0.6684, 5.3653, 0.9331, 3.2658, 2.6019, 0.7806, 2.255, 5.5788, 1.5611, 1.3219, 2.255, 1.2359, 4.163, 0.1951, 7.9499, 1.4791, 9.3062, 1.5414],
      [1.5142, 0.2743, 1.4536, 0.1372, 0.6662, 0.1817, 1.2366, 3.2461, 2.9678, 2.5438, 0.9085, 2.9072, 0.8296, 3.2633, 2.9261, 1.2474, 1.1508, 0.5451, 1.9382, 1.9987, 1.0902, 1.0058, 0.6057, 1.6002, 4.892, 9.4183, 0.5697, 0.1372, 1.9387, 0.7287, 2.5438, 2.8346, 1.4536, 0.6401, 2.1488, 2.241, 1.0296, 2.1488, 0.5944, 4.5515, 0.3028, 7.6809, 0.6401, 4.3434, 0.9085],
      [0.2034, 0.0361, 0.1953, 0.0192, 0.0895, 0.018, 0.3436, 0.4963, 0.3987, 0.3417, 0.122, 3.6552, 0.122, 0.2441, 0.5189, 0.6763, 0.1546, 0.0732, 0.2174, 0.2685, 0.1465, 0.2197, 0.0814, 0.1953, 0.3087, 0.338, 0.3235, 1.0071, 0.5614, 0.0958, 1.6292, 0.3256, 0.1953, 0.1296, 0.7318, 0.2853, 0.1383, 0.236, 0.1627, 0.5126, 0.0507, 0.9194, 0.0777, 0.5892, 0.2411],
      [11.0072, 3.082, 10.5669, 1.6033, 4.8432, 1.5811, 10.1266, 26.8575, 21.5741, 18.4921, 6.6043, 21.1338, 6.6438, 11.8185, 15.4101, 12.328, 8.3655, 3.9626, 14.0892, 14.5295, 7.9252, 11.9033, 4.4029, 10.3016, 28.557, 27.7381, 5.7237, 2.2014, 32.6203, 5.2834, 18.4921, 27.5198, 10.8819, 12.7683, 28.5057, 19.2787, 7.4849, 15.2406, 8.0099, 27.7381, 2.3851, 49.7525, 6.6043, 38.5573, 8.8583],
      [10.3313, 3.3474, 9.918, 2.9577, 4.5458, 0.9859, 9.5048, 25.6568, 20.2493, 17.3565, 6.1619, 16.5713, 6.2382, 12.3975, 13.1528, 11.571, 7.8518, 3.7193, 13.2669, 13.6014, 7.4385, 12.5703, 4.1325, 9.3661, 27.6878, 19.8465, 5.3723, 0.9859, 28.5143, 4.959, 16.0691, 19.7181, 10.6886, 13.207, 26.0348, 13.6339, 7.0253, 9.1196, 9.9971, 26.0348, 2.0663, 46.6973, 6.1988, 38.2038, 3.4507]
    ]
  ],
  "V_est": [
    [1084.9479, 168.9917, 63.8513, 478.0091, 19.2],
    [197.3653, 127.2838, 248.5793, 13466.0602, 1318.7113],
    [277.536, 613.9734, 9987.8282, 213.9775, 320.6849],
    [48.589, 115.245, 34.1722, 918.4523, 137.5414],
    [0, 791.5212, 32.873, 405.1473, 36.4585],
    [110.5617, 87.9849, 17.696, 643.3536, 578.4037]
  ],
  "p_est": [
    [0.5978, 0.0931, 0.0352, 0.2634, 0.0106],
    [0.0129, 0.0083, 0.0162, 0.8768, 0.0859],
    [0.0243, 0.0538, 0.8751, 0.0187, 0.0281],
    [0.0387, 0.0919, 0.0273, 0.7324, 0.1097],
    [0, 0.6252, 0.026, 0.32, 0.0288],
    [0.0769, 0.0612, 0.0123, 0.4474, 0.4022]
  ],
  "EI_Z": {},
  "EI_V": 11.6526,
  "MAE_Z": {},
  "MAE_V": 252.8215,
  "MAE_p": 0.0921,
  "runtime": 8.007
}
