{
  "X": [
    [41, 91, 190, 138, 14],
    [34, 90, 92, 63, 6],
    [28, 70, 125, 91, 17],
    [29, 56, 144, 115, 14],
    [34, 88, 158, 113, 4],
    [38, 76, 136, 107, 7],
    [50, 89, 194, 128, 4],
    [13, 85, 83, 26, 3],
    [37, 107, 149, 85, 5],
    [34, 98, 132, 97, 7],
    [39, 87, 149, 80, 6],
    [25, 54, 143, 90, 10],
    [20, 51, 118, 97, 8],
    [35, 19, 183, 192, 13],
    [21, 18, 127, 124, 15],
    [34, 18, 163, 180, 15],
    [37, 15, 135, 173, 11],
    [15, 19, 130, 151, 21],
    [16, 17, 167, 200, 8],
    [19, 16, 108, 125, 4],
    [16, 19, 120, 121, 3],
    [28, 19, 145, 128, 19],
    [23, 49, 114, 144, 5],
    [32, 43, 116, 119, 4],
    [26, 33, 83, 76, 4],
    [14, 17, 175, 123, 20],
    [12, 19, 165, 148, 18],
    [28, 18, 238, 167, 12],
    [21, 18, 109, 160, 21],
    [34, 22, 171, 249, 14],
    [38, 51, 183, 199, 26],
    [23, 23, 108, 123, 6],
    [38, 18, 136, 203, 29],
    [45, 40, 151, 199, 6],
    [25, 30, 115, 177, 18],
    [17, 11, 81, 109, 7],
    [17, 15, 68, 110, 11],
    [33, 18, 119, 174, 10],
    [31, 28, 132, 156, 24],
    [22, 25, 119, 168, 17],
    [28, 19, 139, 171, 12],
    [33, 14, 142, 177, 10],
    [22, 34, 171, 254, 17],
    [33, 26, 177, 149, 12],
    [41, 30, 157, 219, 8],
    [40, 48, 152, 190, 20],
    [53, 36, 167, 178, 5],
    [43, 37, 184, 205, 12],
    [33, 27, 115, 131, 19],
    [35, 35, 118, 181, 11],
    [35, 41, 153, 149, 20],
    [36, 17, 117, 180, 9],
    [18, 28, 94, 107, 14],
    [14, 14, 71, 107, 10],
    [14, 17, 111, 123, 12],
    [30, 29, 109, 180, 23],
    [24, 27, 108, 145, 11],
    [35, 39, 154, 158, 6],
    [41, 26, 139, 176, 11],
    [27, 39, 131, 204, 10],
    [26, 22, 130, 172, 15],
    [49, 17, 168, 236, 20],
    [15, 19, 71, 141, 9],
    [54, 76, 145, 217, 3],
    [65, 70, 139, 243, 6],
    [42, 38, 139, 213, 11],
    [43, 49, 151, 228, 6],
    [43, 52, 126, 197, 11],
    [41, 53, 134, 131, 16],
    [31, 65, 189, 201, 7],
    [39, 52, 144, 179, 4],
    [29, 19, 117, 132, 5],
    [21, 123, 52, 66, 11],
    [36, 57, 117, 166, 3],
    [48, 49, 123, 159, 3],
    [31, 71, 145, 137, 7],
    [41, 70, 109, 132, 6],
    [24, 20, 109, 136, 4],
    [21, 25, 116, 156, 8],
    [23, 16, 95, 126, 5],
    [29, 32, 127, 140, 7],
    [28, 23, 140, 177, 13],
    [26, 32, 119, 123, 3],
    [28, 51, 172, 136, 10],
    [44, 54, 117, 150, 6],
    [37, 61, 199, 158, 8],
    [32, 32, 122, 155, 4],
    [20, 22, 106, 168, 16],
    [19, 33, 143, 154, 6],
    [38, 39, 138, 238, 19],
    [17, 24, 100, 96, 4],
    [295, 485, 1177, 1459, 59]
  ],
  "W": [
    [24, 34, 83, 173, 109, 51],
    [14, 29, 83, 86, 49, 24],
    [12, 26, 67, 111, 82, 33],
    [10, 32, 62, 116, 98, 40],
    [28, 35, 86, 128, 78, 42],
    [26, 38, 74, 111, 89, 26],
    [20, 40, 89, 151, 115, 50],
    [16, 7, 71, 74, 19, 23],
    [22, 36, 104, 119, 66, 36],
    [11, 33, 93, 108, 84, 39],
    [31, 28, 78, 128, 55, 41],
    [14, 16, 46, 108, 94, 44],
    [16, 20, 43, 97, 76, 42],
    [14, 22, 14, 156, 173, 63],
    [11, 14, 12, 112, 114, 42],
    [17, 14, 16, 144, 160, 59],
    [20, 30, 10, 106, 162, 43],
    [12, 13, 16, 104, 141, 50],
    [11, 14, 12, 137, 181, 53],
    [6, 13, 7, 87, 115, 44],
    [9, 6, 8, 101, 111, 44],
    [4, 15, 16, 127, 130, 47],
    [8, 18, 46, 110, 130, 23],
    [10, 20, 38, 110, 102, 34],
    [5, 18, 28, 86, 66, 19],
    [6, 12, 13, 149, 121, 48],
    [5, 6, 18, 150, 130, 53],
    [9, 16, 18, 208, 153, 59],
    [14, 10, 10, 94, 132, 69],
    [8, 27, 12, 158, 224, 61],
    [13, 20, 38, 165, 168, 93],
    [7, 10, 17, 94, 114, 41],
    [9, 22, 13, 126, 174, 80],
    [18, 29, 33, 132, 162, 67],
    [11, 18, 24, 104, 148, 60],
    [8, 13, 10, 74, 90, 30],
    [3, 15, 8, 64, 104, 27],
    [18, 17, 16, 103, 143, 57],
    [11, 23, 20, 110, 128, 79],
    [17, 7, 18, 97, 149, 63],
    [9, 18, 12, 115, 152, 63],
    [11, 23, 9, 119, 166, 48],
    [18, 12, 26, 146, 228, 68],
    [13, 25, 17, 144, 131, 67],
    [19, 26, 28, 139, 188, 55],
    [16, 34, 41, 127, 167, 65],
    [11, 39, 28, 146, 159, 56],
    [18, 35, 31, 155, 157, 85],
    [27, 14, 31, 86, 119, 48],
    [22, 19, 26, 101, 159, 53],
    [22, 18, 28, 135, 126, 69],
    [15, 21, 13, 103, 158, 49],
    [14, 10, 18, 90, 99, 30],
    [3, 10, 12, 70, 87, 34],
    [12, 10, 17, 93, 95, 50],
    [15, 20, 23, 90, 153, 70],
    [16, 15, 24, 89, 129, 42],
    [10, 34, 30, 121, 140, 57],
    [17, 32, 23, 114, 156, 51],
    [16, 20, 28, 131, 158, 58],
    [13, 17, 19, 119, 154, 43],
    [19, 26, 10, 151, 200, 84],
    [4, 17, 12, 67, 126, 29],
    [20, 38, 60, 126, 193, 58],
    [21, 43, 53, 133, 210, 63],
    [8, 30, 40, 127, 190, 48],
    [14, 33, 40, 138, 204, 48],
    [16, 32, 42, 120, 170, 49],
    [14, 29, 44, 114, 107, 67],
    [15, 29, 55, 164, 167, 63],
    [14, 24, 45, 125, 165, 45],
    [10, 16, 19, 104, 119, 34],
    [9, 13, 111, 54, 59, 27],
    [14, 25, 42, 111, 147, 40],
    [11, 41, 34, 114, 139, 43],
    [11, 18, 63, 134, 118, 47],
    [15, 24, 54, 97, 104, 64],
    [10, 15, 14, 91, 122, 41],
    [5, 15, 16, 108, 142, 40],
    [10, 16, 12, 81, 111, 35],
    [6, 19, 22, 112, 118, 58],
    [7, 15, 21, 115, 154, 69],
    [12, 18, 25, 102, 102, 44],
    [5, 28, 43, 150, 114, 57],
    [15, 33, 43, 117, 126, 37],
    [19, 24, 51, 174, 131, 64],
    [16, 21, 15, 98, 136, 59],
    [10, 12, 14, 103, 146, 47],
    [10, 21, 24, 120, 131, 49],
    [17, 21, 28, 123, 211, 72],
    [9, 14, 12, 79, 81, 46],
    [103, 205, 434, 951, 1272, 510]
  ],
  "method": "mvn_pdf",
  "cond_prob": [
    [
      [0.27209464692, 0.15093476727, 0.45094692239, 0.096058164098, 0.029965499328],
      [0.68148789759, 0.080066790179, 0.19050385462, 0.047828628672, 0.00011282893736],
      [0.0045085274396, 0.9345757527, 0.059430840494, 0.0012989930046, 0.00018588636313],
      [0.029147905687, 0.024943458272, 0.81813883334, 0.11119860672, 0.016571195977],
      [0.023803624739, 0.0010368011859, 0.081371413946, 0.87321123737, 0.020576922757],
      [0.064465674468, 0.052103483044, 0.34038981875, 0.38320059669, 0.15984042705]
    ],
    [
      [0.3292393717, 0.19667277416, 0.37275534997, 0.079677260185, 0.021655243982],
      [0.73743894506, 0.094793926576, 0.13397539461, 0.033436593165, 0.00035514058267],
      [0.0046190928627, 0.95519337464, 0.037531672469, 0.0016896661577, 0.00096619386979],
      [0.04276258283, 0.039994072476, 0.79455377355, 0.10756003197, 0.01512953918],
      [0.034934315498, 0.00099925583638, 0.075559673572, 0.86991186557, 0.018594889524],
      [0.093007129122, 0.072002226124, 0.32279005466, 0.3707821126, 0.1414184775]
    ],
    [
      [0.25337944678, 0.14134056718, 0.4577579273, 0.083942559012, 0.063579499727],
      [0.67797296509, 0.078509576302, 0.20110017863, 0.04238593818, 3.1341797243e-05],
      [0.0028106714852, 0.92211489677, 0.069080254652, 0.0058980333207, 9.6143774136e-05],
      [0.02969629373, 0.027100202663, 0.82620683153, 0.098709018213, 0.018287653868],
      [0.025344425157, 0.0020043644807, 0.098634480104, 0.83085723334, 0.04315949692],
      [0.05361524515, 0.039651083137, 0.29857386359, 0.28510583368, 0.32305397445]
    ],
    [
      [0.22249083606, 0.066291673931, 0.56169264285, 0.10183367966, 0.047691167497],
      [0.64581768473, 0.039418482685, 0.26082377661, 0.053940055981, 0],
      [0.0065960220106, 0.84240149234, 0.14606510962, 0.0048739169103, 6.3459119519e-05],
      [0.019885307673, 0.0093098141986, 0.84347540202, 0.1079893847, 0.019340091409],
      [0.016796840353, 0.00029808493236, 0.090322522082, 0.86548955683, 0.027092995803],
      [0.043679657971, 0.018441212977, 0.35714805314, 0.36521633422, 0.21551474169]
    ],
    [
      [0.23253067786, 0.11544664337, 0.52763594498, 0.11114583159, 0.013240902206],
      [0.61364334294, 0.072571588416, 0.2455205295, 0.068258052917, 6.4862200455e-06],
      [0.0027733487703, 0.9066371077, 0.086589085651, 0.003994741564, 5.7163113516e-06],
      [0.020433735833, 0.020171361437, 0.82622491025, 0.12971852641, 0.0034514660704],
      [0.014466228774, 0.00068174439864, 0.073230424034, 0.90558850418, 0.0060330986093],
      [0.048315047424, 0.038609209558, 0.37422742988, 0.47417767577, 0.064670637362]
    ],
    [
      [0.2601442295, 0.1180485202, 0.50267998121, 0.09286619218, 0.026261076913],
      [0.65710641392, 0.067789982335, 0.22012572193, 0.054675480877, 0.00030240093133],
      [0.0051687130948, 0.90652252075, 0.083142799812, 0.0045957188481, 0.0005702474926],
      [0.024133809769, 0.020659847819, 0.82575734992, 0.11674447801, 0.012704514483],
      [0.019303632494, 0.0014978209026, 0.083798448126, 0.87982815742, 0.015571941063],
      [0.05718635995, 0.032519363161, 0.35753262096, 0.41939940254, 0.13336225339]
    ],
    [
      [0.31645113921, 0.10463755349, 0.49999004058, 0.070548786443, 0.0083724802779],
      [0.72959539784, 0.050544078551, 0.18937750696, 0.030480916252, 2.1003948521e-06],
      [0.00640970164, 0.89885567409, 0.092315036561, 0.0024163511415, 3.2365644064e-06],
      [0.033475740608, 0.016631243512, 0.8691160343, 0.078796664526, 0.0019803170572],
      [0.037338267062, 0.0014101538302, 0.12004439864, 0.83558890392, 0.005618276547],
      [0.091359206247, 0.044276906663, 0.46334867266, 0.34327424151, 0.057740972917]
    ],
    [
      [0.22378319287, 0.34576009353, 0.37892387064, 0.039927345024, 0.011605497939],
      [0.61898116556, 0.20019499187, 0.15981012759, 0.020930627793, 8.3087185285e-05],
      [0.0031355168576, 0.96707714018, 0.02873217002, 0.00025789415913, 0.00079727877941],
      [0.032788366505, 0.06819413534, 0.83555636807, 0.055613324312, 0.0078478057777],
      [0.039784446005, 0.00081691877914, 0.12560853446, 0.81836757593, 0.015422524825],
      [0.073118933166, 0.18878735372, 0.41568824842, 0.24052033296, 0.081885131744]
    ],
    [
      [0.25580559337, 0.14241759037, 0.50497221101, 0.082259093957, 0.014545511291],
      [0.66161671291, 0.081817525521, 0.21510883177, 0.041451699651, 5.230142778e-06],
      [0.0042760208331, 0.92387690996, 0.069580903459, 0.0022573158652, 8.8498794744e-06],
      [0.025779694884, 0.024331330035, 0.85171764896, 0.091362786739, 0.0068085393779],
      [0.024825803292, 0.00079143163759, 0.098102887059, 0.86520944688, 0.011070431127],
      [0.066752289051, 0.052514463739, 0.41891913005, 0.37464674387, 0.087167373296]
    ],
    [
      [0.2699187356, 0.17316706599, 0.46467178108, 0.073322510582, 0.01891990674],
      [0.67899356603, 0.092099704309, 0.19274623384, 0.036008978057, 0.00015151776968],
      [0.0038391555997, 0.93817288982, 0.05510998556, 0.0024587126361, 0.00041925638392],
      [0.028939477545, 0.028183223557, 0.84410285267, 0.088361890345, 0.010412555886],
      [0.028192414893, 0.0014474570802, 0.10274351247, 0.85221274223, 0.015403873326],
      [0.071113803406, 0.067703044609, 0.40023571535, 0.34993695713, 0.11101047951]
    ],
    [
      [0.32685704877, 0.15502622437, 0.42963366948, 0.07153925298, 0.016943804408],
      [0.68644078142, 0.085290010804, 0.1862228901, 0.042007344118, 3.8973563737e-05],
      [0.0048923835682, 0.93713546265, 0.056381057107, 0.001580702876, 1.0393798545e-05],
      [0.033765613288, 0.030767588224, 0.82641048141, 0.10079563997, 0.0082606771013],
      [0.029882770914, 0.00080296214203, 0.08291623616, 0.87447354501, 0.011924485775],
      [0.080486165587, 0.066514303535, 0.38362093315, 0.37768038551, 0.091698212212]
    ],
    [
      [0.26014748445, 0.17360167262, 0.49541011525, 0.050310088793, 0.020530638886],
      [0.67592612636, 0.092851783407, 0.20764129726, 0.023344841047, 0.00023595192573],
      [0.0028212760207, 0.94463628127, 0.05191359499, 0, 0.00062884771603],
      [0.029206000814, 0.027897390745, 0.87900258408, 0.051514260584, 0.012379763775],
      [0.040986080237, 0.0027341344686, 0.15711650969, 0.77372120037, 0.025442075228],
      [0.077418156109, 0.076380733403, 0.46938048338, 0.2415638255, 0.13525680161]
    ],
    [
      [0.20237889621, 0.17906055868, 0.49809393905, 0.096106757232, 0.024359848817],
      [0.59271999708, 0.10897191342, 0.24104673629, 0.057042489127, 0.00021886408292],
      [0.0020312306876, 0.94552324483, 0.051833872967, 0.00019204713487, 0.00041960437929],
      [0.018101495849, 0.026918338946, 0.83302390621, 0.10925851277, 0.012697746225],
      [0.015331915984, 0.0014660931476, 0.086025436679, 0.88126773329, 0.015908820897],
      [0.045217240173, 0.061323602572, 0.37236794337, 0.3985419192, 0.12254929469]
    ],
    [
      [0.30734836664, 0.089485368898, 0.48795803858, 0.092194876794, 0.023013349092],
      [0.72580747845, 0.043630991386, 0.18826033023, 0.042211248181, 8.9951756366e-05],
      [0.0078291033506, 0.90434941921, 0.087720470708, 4.9872652889e-05, 5.1134077879e-05],
      [0.032369972793, 0.012954077732, 0.83963361392, 0.10264509063, 0.012397244931],
      [0.027891094061, 0.00039807076066, 0.090912211271, 0.86432836465, 0.016470259257],
      [0.075315489936, 0.032329028385, 0.382351068, 0.38473785437, 0.12526655931]
    ],
    [
      [0.26282635846, 0.12824405913, 0.47681699439, 0.090653731418, 0.0414588566],
      [0.685565823, 0.069318314356, 0.20076667856, 0.044312857356, 3.6326730587e-05],
      [0.0044206103707, 0.93690041606, 0.058559979798, 0.00011899377367, 0],
      [0.027750173089, 0.020886177279, 0.83222192027, 0.099069645754, 0.020072083607],
      [0.024943514805, 0.0018270697404, 0.092749542078, 0.85211603813, 0.028363835245],
      [0.059675265161, 0.043536098814, 0.34426802231, 0.33676124654, 0.21575936717]
    ],
    [
      [0.36594496008, 0.066319992752, 0.4396512773, 0.099945810404, 0.028137959462],
      [0.80706076326, 0.029875856296, 0.14344923193, 0.01955015113, 6.3997382358e-05],
      [0.012212555953, 0.873674169, 0.11286023223, 0.0011647227313, 8.832008071e-05],
      [0.042476695696, 0.0073482365265, 0.82060969701, 0.11329975034, 0.016265620427],
      [0.030838912202, 0.00027539602459, 0.082351770015, 0.86670809216, 0.019825829595],
      [0.088708711275, 0.023276305208, 0.34521687714, 0.3901716059, 0.15262650047]
    ],
    [
      [0.29407226314, 0.094355775057, 0.49763266884, 0.085708047274, 0.028231245684],
      [0.70868780706, 0.047117448269, 0.19938533826, 0.044641448047, 0.00016795836307],
      [0.0071212719548, 0.89351590585, 0.095133982029, 0.004146326192, 8.2513970536e-05],
      [0.029343515317, 0.012717676143, 0.83285456938, 0.11099323421, 0.014091004948],
      [0.023711631772, 0.00039018124587, 0.086483671032, 0.87134243555, 0.0180720804],
      [0.065930484538, 0.031463231612, 0.36794203706, 0.39493895269, 0.1397252941]
    ],
    [
      [0.18485394519, 0.094161027806, 0.54941781908, 0.1100582922, 0.061508915717],
      [0.5861568255, 0.061263723032, 0.28522098842, 0.067223508591, 0.0001349544657],
      [0.0030832729497, 0.89844403689, 0.097691945411, 0.0007807447467, 0],
      [0.015266877742, 0.012705355053, 0.84429673775, 0.10477888672, 0.022952142737],
      [0.01286865012, 0.00043093709242, 0.096089537088, 0.85971557679, 0.03089529891],
      [0.034202932139, 0.026328312422, 0.33561113479, 0.33352004841, 0.27033757225]
    ],
    [
      [0.18119670649, 0.10620068011, 0.58146584376, 0.11272360306, 0.018413166582],
      [0.5653109715, 0.068561993261, 0.29521653994, 0.0708942913, 1.620399727e-05],
      [0.0036241107019, 0.91094786236, 0.085228168386, 0.00019985854974, 0],
      [0.014070902591, 0.014160086664, 0.85503673048, 0.10883785897, 0.0078944213],
      [0.011263500216, 0.00082034992973, 0.091551240934, 0.88599907705, 0.010365831868],
      [0.039294077454, 0.034945944428, 0.41013772556, 0.42431136529, 0.091310887272]
    ],
    [
      [0.26267924756, 0.2057334928, 0.45405700305, 0.067169857271, 0.010360399324],
      [0.65806645904, 0.10549058806, 0.19282303207, 0.043610447651, 9.4731749558e-06],
      [0.0029720800205, 0.95184081147, 0.042703121083, 0.0024805999023, 3.387526971e-06],
      [0.028494662168, 0.032696139992, 0.83871397101, 0.096051387789, 0.0040438390365],
      [0.027768590791, 0.001844964265, 0.10035909826, 0.86372561085, 0.0063017358377],
      [0.072178009941, 0.083513651098, 0.40819602135, 0.37108556482, 0.065026752786]
    ],
    [
      [0.24608237372, 0.23283059987, 0.44865520391, 0.065174097159, 0.0072577253358],
      [0.70429071146, 0.1378116775, 0.1402400014, 0.017657609632, 0],
      [0.0027069522055, 0.95036445705, 0.040304885965, 0.0066191531048, 4.5516798675e-06],
      [0.029265321273, 0.037627479784, 0.83873044766, 0.091929383647, 0.00244736764],
      [0.029841310954, 0.0013650680155, 0.10701432024, 0.85828081699, 0.0034984838003],
      [0.074310813309, 0.102791838, 0.4138149843, 0.35682945019, 0.052252914206]
    ],
    [
      [0.44039155133, 0.10689074234, 0.35835708584, 0.038449125644, 0.055911494852],
      [0.76891822702, 0.039829995653, 0.17796534008, 0.013231134992, 5.5302251473e-05],
      [0.008193668562, 0.90301617189, 0.088498283924, 0.00027650615077, 1.5369473703e-05],
      [0.039092846577, 0.014745748071, 0.84560980647, 0.080847509973, 0.019704088914],
      [0.042456350073, 0.00098377430129, 0.11621019514, 0.80432327239, 0.036026408103],
      [0.087009461012, 0.032470801733, 0.36130528136, 0.27263091909, 0.2465835368]
    ],
    [
      [0.29155203679, 0.13935498647, 0.4381871415, 0.11252809232, 0.018377742924],
      [0.6967360861, 0.069890976729, 0.17526445088, 0.058073386737, 3.5099561323e-05],
      [0.0049736026385, 0.93033712837, 0.060340191298, 0.0043023545437, 4.6723144613e-05],
      [0.031151736384, 0.02308169405, 0.79917053827, 0.13659213269, 0.010003898608],
      [0.021705234592, 0.0016285591225, 0.070006718901, 0.89603761558, 0.010621871803],
      [0.071703345022, 0.046996330018, 0.32845483849, 0.44984875522, 0.10299673125]
    ],
    [
      [0.38273693779, 0.13243159479, 0.3816398478, 0.091820857367, 0.011370762251],
      [0.78021049778, 0.056433570527, 0.12789745329, 0.035453845958, 4.632443021e-06],
      [0.0061779436689, 0.93975502784, 0.053483860193, 0.00058124902868, 1.9192654362e-06],
      [0.046654081265, 0.025324451273, 0.80171833147, 0.12035706494, 0.0059460710522],
      [0.035247839152, 0.0017395857537, 0.075954687444, 0.8795943627, 0.007463524951],
      [0.10607147866, 0.055093946957, 0.3428491526, 0.42331543838, 0.072669983406]
    ],
    [
      [0.42596183523, 0.16195733399, 0.3319985789, 0.062996743934, 0.017085507954],
      [0.79028884008, 0.064035958024, 0.11154333738, 0.033922501462, 0.00020936306378],
      [0.0054968710506, 0.95386014697, 0.039476732575, 0.00087038694897, 0.00029586245324],
      [0.053142179666, 0.033323582826, 0.78304988422, 0.11873739034, 0.011746962942],
      [0.040441291946, 0.002576835259, 0.074984562706, 0.86872478131, 0.013272528783],
      [0.11851192597, 0.068083301067, 0.31240038626, 0.39488364651, 0.10612074019]
    ],
    [
      [0.19340294917, 0.1109035108, 0.59218887066, 0.04528321205, 0.058221457326],
      [0.56902778617, 0.067637168769, 0.31448507639, 0.048736007253, 0.00011396142155],
      [0.0031840449658, 0.9046443273, 0.091896377434, 0.00027525029803, 0],
      [0.014184741447, 0.013834792042, 0.87959977469, 0.074556889198, 0.017823802623],
      [0.017210416345, 0.0012572271945, 0.1323943978, 0.81034758518, 0.038790373487],
      [0.036955613188, 0.032271836463, 0.40413134147, 0.27039283521, 0.25624837367]
    ],
    [
      [0.2318055344, 0.087899425464, 0.5632942783, 0.062728568519, 0.054272193321],
      [0.66999594723, 0.053280314016, 0.24821582757, 0.028507911184, 0],
      [0.0053978931956, 0.87030258238, 0.12240263231, 0.0018411548757, 5.5737242685e-05],
      [0.017351226009, 0.0087507251757, 0.84721740936, 0.10629491468, 0.020385724778],
      [0.015222171032, 0.00030842015478, 0.093992904903, 0.86411007798, 0.026366425928],
      [0.040420159088, 0.023069266214, 0.3620622117, 0.36233248232, 0.21211588067]
    ],
    [
      [0.29691545234, 0.061585520417, 0.55523416413, 0.062525659529, 0.023739203584],
      [0.70828042017, 0.029943742914, 0.22664959491, 0.035066186921, 6.0055087815e-05],
      [0.010408337381, 0.82504388032, 0.16220875257, 0.0022542693183, 8.4760407875e-05],
      [0.027647639881, 0.0041511036873, 0.87494116375, 0.082583945253, 0.010676147428],
      [0.026294079738, 0.0002565376028, 0.11760584116, 0.83901023691, 0.01683330459],
      [0.068376624377, 0.020562046841, 0.44873365594, 0.34389163332, 0.11843603952]
    ],
    [
      [0.28244683378, 0.14698761771, 0.41108458527, 0.11412958926, 0.045351373975],
      [0.70830066334, 0.077984985624, 0.1668276952, 0.046886655838, 0],
      [0.0042858517322, 0.92900618714, 0.055529544357, 0.01098826296, 0.00019015381096],
      [0.031545783932, 0.025394613927, 0.77811724653, 0.14147671458, 0.023465641034],
      [0.021607099386, 0.0019908264955, 0.066314258209, 0.88683656025, 0.023251255662],
      [0.059455628519, 0.046701142287, 0.27717014715, 0.39800289042, 0.21867019162]
    ],
    [
      [0.29617238763, 0.1586399791, 0.44993848437, 0.066411920279, 0.028837228619],
      [0.68499051456, 0.076776985522, 0.18656112087, 0.05158094644, 9.0432598406e-05],
      [0.0043624137778, 0.95018729903, 0.045394314439, 2.3193319525e-05, 3.2779429456e-05],
      [0.029272686854, 0.024267776548, 0.7993628129, 0.13277761902, 0.01431910468],
      [0.02082903437, 0.0016330858229, 0.070562615059, 0.8912979445, 0.015677320251],
      [0.062176062598, 0.050090722145, 0.3231681947, 0.43354323593, 0.13102178462]
    ],
    [
      [0.32268667165, 0.16928178212, 0.39006342262, 0.082354051478, 0.035614072139],
      [0.73745879465, 0.081616641396, 0.14627034865, 0.034654215304, 0],
      [0.0044256842745, 0.94722029246, 0.046197961021, 0.0021194214804, 3.6640766196e-05],
      [0.03865288406, 0.0309995733, 0.79543377636, 0.1148945843, 0.020019181983],
      [0.031030175169, 0.0019892996501, 0.079905607268, 0.86241566097, 0.024659256939],
      [0.078461570698, 0.061543021026, 0.30728527843, 0.35819717802, 0.19451295183]
    ],
    [
      [0.36475234054, 0.1446864767, 0.40292630414, 0.073163668331, 0.014471210293],
      [0.78460477145, 0.065250532794, 0.13271818845, 0.017426507302, 0],
      [0.0055666014746, 0.94395352509, 0.050400658112, 7.7307870123e-05, 1.9074541371e-06],
      [0.042349326707, 0.026709758468, 0.82213000262, 0.10030569004, 0.0085052221565],
      [0.037972186373, 0.0022579167287, 0.09118253294, 0.85683601619, 0.011751347771],
      [0.10235091999, 0.061447795259, 0.37367058041, 0.37083498306, 0.091695721283]
    ],
    [
      [0.38396461066, 0.093756038219, 0.38358608041, 0.082925130264, 0.055768140448],
      [0.78148346047, 0.038601730266, 0.13285648006, 0.046966054436, 9.2274767259e-05],
      [0.0093931760055, 0.91873851154, 0.071391569054, 0.00047674340513, 0],
      [0.045110270001, 0.016163182661, 0.76798446858, 0.14320933186, 0.027532746894],
      [0.030406145432, 0.00042306318339, 0.065509411026, 0.87807709883, 0.025584281529],
      [0.078187597006, 0.028164786638, 0.25665139697, 0.37980539943, 0.25719081995]
    ],
    [
      [0.35803143864, 0.11427515607, 0.40370841964, 0.11284868078, 0.011136304869],
      [0.76136092081, 0.051002558051, 0.141481451, 0.046150199346, 4.8707987303e-06],
      [0.0069446418338, 0.92966270725, 0.063143599894, 0.0002483520566, 6.9896746158e-07],
      [0.041979038181, 0.020462304826, 0.79308704471, 0.13951008971, 0.0049615225723],
      [0.028569451835, 0.0011354868503, 0.067244025183, 0.89845703795, 0.0045939981792],
      [0.090706119155, 0.043285530764, 0.32784366553, 0.47248955756, 0.065675126995]
    ],
    [
      [0.27535305504, 0.12921594068, 0.42170497249, 0.13068096738, 0.043045064397],
      [0.69631957233, 0.067737881604, 0.17283841285, 0.063054390489, 4.9742731601e-05],
      [0.0047713959251, 0.9392480974, 0.055772118954, 0.00020838772596, 0],
      [0.030290404295, 0.02180975188, 0.77540082805, 0.14924218076, 0.023256835012],
      [0.019031287461, 0.0013122343733, 0.059996583263, 0.89788246024, 0.021777434662],
      [0.055933633326, 0.039249392723, 0.27317404294, 0.4335789685, 0.19806396252]
    ],
    [
      [0.28076152762, 0.069137326465, 0.46777186129, 0.15251608121, 0.029813203416],
      [0.7091935496, 0.034459831221, 0.18900799965, 0.06709943184, 0.00023918769083],
      [0.0084662726355, 0.88581773137, 0.10551677625, 2.7451741721e-05, 0.00017176800295],
      [0.030588466, 0.0069868712985, 0.79767322839, 0.1483727066, 0.016378727711],
      [0.016366685156, 0.00019149105668, 0.061454311612, 0.90611239836, 0.015875113816],
      [0.057106025331, 0.020216119918, 0.30622821352, 0.47925360261, 0.13719603862]
    ],
    [
      [0.28785910784, 0.25503135878, 0.34932379861, 0.055440179109, 0.052345555662],
      [0.67744974284, 0.12133722074, 0.16680151595, 0.034411520462, 0],
      [0.0026277822178, 0.95109990735, 0.033561872059, 0.012582890659, 0.00012754771],
      [0.031156096672, 0.040793665623, 0.77337115753, 0.12885628503, 0.025822795148],
      [0.023201578722, 0.0015416083928, 0.070583652425, 0.87706097244, 0.027612188021],
      [0.057285181557, 0.075367647442, 0.27203914646, 0.36132222796, 0.23398579658]
    ],
    [
      [0.37749135486, 0.070598752935, 0.41855387243, 0.11027504095, 0.023080978832],
      [0.77503114902, 0.029754329704, 0.14466885244, 0.050454652834, 9.101600857e-05],
      [0.011832656929, 0.88447318135, 0.10226698532, 0.0013413631428, 8.5813260975e-05],
      [0.044251966417, 0.0073007301171, 0.7863099939, 0.14919423358, 0.012943075981],
      [0.0246256195, 0.00023197501067, 0.062595506938, 0.89987016167, 0.012676736879],
      [0.083524341034, 0.022573338809, 0.30577721361, 0.47521788029, 0.11290722626]
    ],
    [
      [0.28467601665, 0.13476161056, 0.43081205516, 0.10478529542, 0.044965022213],
      [0.70318232213, 0.069508639274, 0.17668903067, 0.050518772396, 0.00010123552948],
      [0.0044207536308, 0.9317809531, 0.06061980486, 0.003109247377, 6.9241037159e-05],
      [0.031686059395, 0.023027992457, 0.80128248003, 0.12225965624, 0.021743811879],
      [0.024634255528, 0.001838083476, 0.078578215912, 0.86964796656, 0.025301478526],
      [0.062889925244, 0.044493046373, 0.30108530571, 0.3653132042, 0.22621851848]
    ],
    [
      [0.3030743494, 0.13799457546, 0.44697664584, 0.076868084797, 0.03508634451],
      [0.78002870718, 0.076154274235, 0.12148827105, 0.02232874753, 0],
      [0.0050958655408, 0.92713356758, 0.060691466079, 0.0070033732164, 7.5727585732e-05],
      [0.032880326443, 0.023054049634, 0.80342416439, 0.12165430954, 0.01898715],
      [0.025594051232, 0.0016681439944, 0.076625488765, 0.87393472219, 0.022177593815],
      [0.068141337009, 0.046790663675, 0.31919350734, 0.38720855518, 0.1786659368]
    ],
    [
      [0.30225938398, 0.12751940688, 0.45960867723, 0.087569211895, 0.023043320016],
      [0.71030871846, 0.062501226782, 0.18092088141, 0.046163943257, 0.00010523008982],
      [0.0054693334872, 0.93075468943, 0.063725243391, 0, 5.0733696343e-05],
      [0.032000006377, 0.020691015287, 0.82582030947, 0.10889417007, 0.0125944988],
      [0.026979499856, 0.0015895300556, 0.085243398987, 0.87003030308, 0.016157268018],
      [0.073771299977, 0.046621772324, 0.36374461721, 0.3906903252, 0.12517198529]
    ],
    [
      [0.31719694553, 0.0961010191, 0.47692088709, 0.088084207894, 0.021696940379],
      [0.73311984853, 0.045758303061, 0.17876129554, 0.042260156948, 0.00010039591915],
      [0.0072863134497, 0.92223807206, 0.070402370451, 3.6406751852e-05, 3.6837290679e-05],
      [0.033557817957, 0.015057445734, 0.83428225794, 0.10524329182, 0.011859186549],
      [0.028978739756, 0.0005945664997, 0.088391941036, 0.86645667839, 0.015578074321],
      [0.078742690113, 0.035411897701, 0.37616850424, 0.38964587716, 0.12003103078]
    ],
    [
      [0.22800345789, 0.13717986653, 0.48180952352, 0.12180747775, 0.031199674319],
      [0.65080077182, 0.082828124791, 0.21960433225, 0.046722557141, 4.421399112e-05],
      [0.0037797406391, 0.93097537669, 0.065002685755, 0.0001652322796, 7.6964637535e-05],
      [0.021938654863, 0.02095438247, 0.81267505981, 0.12845876594, 0.015973136919],
      [0.015423830488, 0.0013266916523, 0.073616026084, 0.89171249212, 0.017920959653],
      [0.048064386443, 0.043671170204, 0.3318690306, 0.4290745683, 0.14732084445]
    ],
    [
      [0.26922838114, 0.13304612371, 0.49544835899, 0.081777563026, 0.020499573135],
      [0.68313108258, 0.070514888636, 0.2071377211, 0.039101992589, 0.00011431509346],
      [0.0047926039646, 0.92684013377, 0.068214288336, 8.2474508062e-05, 7.0499416476e-05],
      [0.027779268214, 0.021122697981, 0.85251507442, 0.087524998967, 0.011057960418],
      [0.027918857725, 0.0018923209951, 0.10597850449, 0.84754013364, 0.016670183149],
      [0.069890966096, 0.051666915552, 0.41157806865, 0.34815794688, 0.11870610282]
    ],
    [
      [0.34666000398, 0.076101635365, 0.4369998641, 0.12339063906, 0.016847857494],
      [0.75526928311, 0.034003442816, 0.15835302235, 0.052366018198, 8.2335314571e-06],
      [0.010521937754, 0.88836335332, 0.10091530481, 0.00019499584927, 4.4082627132e-06],
      [0.037910476771, 0.00955007126, 0.79998297429, 0.14206609297, 0.010490384709],
      [0.025483504622, 0.00026003944168, 0.066648773285, 0.90022104542, 0.0073866372282],
      [0.080388893933, 0.02580833094, 0.32775623023, 0.47817923706, 0.087867307835]
    ],
    [
      [0.2761339181, 0.12696294307, 0.44775035135, 0.10946328138, 0.039689506085],
      [0.70209189419, 0.066911233221, 0.1839606115, 0.047036261084, 0],
      [0.0048942559414, 0.93027261204, 0.064615520681, 0.00021761133367, 0],
      [0.029730466616, 0.020791299145, 0.80836360235, 0.12041125417, 0.020703377726],
      [0.022745895639, 0.0012900413544, 0.076451752505, 0.87577499482, 0.023737315677],
      [0.060549762804, 0.041484646, 0.3154227242, 0.38605814064, 0.19648472636]
    ],
    [
      [0.38838807455, 0.12578224258, 0.40954182187, 0.066430702321, 0.0098571586843],
      [0.7744328833, 0.052940073199, 0.13961549696, 0.033008364092, 3.1824452386e-06],
      [0.0067370960932, 0.93127523167, 0.061672260094, 0.00031412868718, 1.2834592578e-06],
      [0.043793608534, 0.022455194856, 0.82250800985, 0.1074239338, 0.0038192529609],
      [0.037488374395, 0.0017078377143, 0.088268775618, 0.86719571857, 0.0053392937032],
      [0.1068159226, 0.052250381155, 0.37861263454, 0.40009155151, 0.062229510199]
    ],
    [
      [0.28178689271, 0.1001057001, 0.47146483793, 0.12726479007, 0.019377779198],
      [0.70062963502, 0.051537826765, 0.19146591027, 0.05636094457, 5.6833801565e-06],
      [0.006678815051, 0.90814605414, 0.085101769605, 6.9941548305e-05, 3.4196527822e-06],
      [0.029103460389, 0.014981868692, 0.81175424579, 0.13418489392, 0.0099755312106],
      [0.020517555253, 0.00039779378522, 0.072056561485, 0.89652980695, 0.010498282528],
      [0.064311328283, 0.033612970722, 0.3416397994, 0.46094816803, 0.099487733558]
    ],
    [
      [0.41018004766, 0.044429240383, 0.42854766955, 0.055952999385, 0.060890043023],
      [0.75842181294, 0.017900430391, 0.20412842625, 0.01924956204, 0.00029976838217],
      [0.024204252225, 0.80517310483, 0.16911610023, 0.0014698760915, 3.6666620828e-05],
      [0.039494853485, 0.0031967188735, 0.81314560408, 0.12057335015, 0.023589473415],
      [0.027781844711, 0.00034853802584, 0.087890768457, 0.8559881604, 0.027990688408],
      [0.080298012347, 0.005688424714, 0.31123525939, 0.35296478727, 0.24981351628]
    ],
    [
      [0.35837189663, 0.15392995627, 0.39154576932, 0.071381966326, 0.024770411456],
      [0.74089011349, 0.067907371945, 0.14115820075, 0.049920786207, 0.00012352760301],
      [0.0055608164055, 0.94010779011, 0.050185105136, 0.0040103695348, 0.00013591881028],
      [0.040575080066, 0.027169305232, 0.78061079836, 0.13737725764, 0.014267558706],
      [0.027878605261, 0.0018076471639, 0.065669038871, 0.88947942028, 0.015165288428],
      [0.082331010719, 0.053754389144, 0.30407748514, 0.43536795, 0.124469165]
    ],
    [
      [0.32267133216, 0.17762450715, 0.39054536085, 0.07397330009, 0.035185499752],
      [0.73093863981, 0.085303454803, 0.14869493462, 0.035062970766, 0],
      [0.0043379080411, 0.94503641234, 0.04664844991, 0.003905771231, 7.1458475247e-05],
      [0.038406738032, 0.032237786567, 0.80121644735, 0.10852631548, 0.019612712571],
      [0.031898894796, 0.0020500266585, 0.083373007018, 0.85706998971, 0.025608081816],
      [0.078531932928, 0.065005428482, 0.31530604876, 0.34768436284, 0.19347222699]
    ],
    [
      [0.37988278438, 0.087065852186, 0.4007802785, 0.11175593286, 0.020515152075],
      [0.78270319157, 0.037155435195, 0.13584286447, 0.044227188286, 7.1320472684e-05],
      [0.0097230903465, 0.91303998849, 0.077129880956, 6.6816422793e-05, 4.0223783032e-05],
      [0.044906779357, 0.014199405377, 0.79040455556, 0.13818951454, 0.012299745172],
      [0.029261900162, 0.00033769870861, 0.065649846548, 0.89203553086, 0.012715023726],
      [0.091628827295, 0.031190470978, 0.31323596406, 0.45344668504, 0.11049805262]
    ],
    [
      [0.26954432429, 0.235649831, 0.37281790367, 0.071722395549, 0.050265545496],
      [0.67575944494, 0.12295143322, 0.15858155245, 0.042670035835, 3.7533551435e-05],
      [0.0018463627395, 0.9556795488, 0.035370768753, 0.0069916066068, 0.00011171309915],
      [0.033139272088, 0.041973004767, 0.78282015897, 0.11664388389, 0.025423680277],
      [0.026795708392, 0.0016092456647, 0.079788325867, 0.8603732106, 0.031433509481],
      [0.060008028751, 0.077742346852, 0.27350671394, 0.32561465952, 0.26312825094]
    ],
    [
      [0.32787458189, 0.10680453642, 0.43293435045, 0.083440286074, 0.048946245163],
      [0.71541245545, 0.04782523224, 0.16726392249, 0.069377949721, 0.00012044010054],
      [0.0064279527052, 0.92530150163, 0.068196391953, 5.4664590016e-05, 1.948911821e-05],
      [0.031934360471, 0.015796655313, 0.76582680922, 0.16290724505, 0.02353492995],
      [0.01861294195, 0.00045031227857, 0.053899611964, 0.9063375908, 0.020699543007],
      [0.056776031906, 0.028022735546, 0.26214876866, 0.46471665048, 0.18833581341]
    ],
    [
      [0.22041149754, 0.065363449311, 0.53739749748, 0.13905584776, 0.037771707911],
      [0.62946151845, 0.03737841161, 0.25368524178, 0.079292931703, 0.00018189646422],
      [0.0069077938136, 0.85861512361, 0.13392922196, 0.00035055822016, 0.00019730239246],
      [0.02080928922, 0.0039988274044, 0.82104141608, 0.13619212624, 0.017958341056],
      [0.01002704566, 0.0001873011409, 0.071946122047, 0.89890745234, 0.018932078818],
      [0.041103622302, 0.017114256675, 0.33091695098, 0.44940730616, 0.16145786388]
    ],
    [
      [0.30207476762, 0.11935336615, 0.40692323195, 0.12166675763, 0.049981876637],
      [0.72181427269, 0.059501478376, 0.16107090309, 0.057526388629, 8.6957211239e-05],
      [0.0051981115371, 0.93267450966, 0.061559214722, 0.00056816407806, 0],
      [0.034307836216, 0.020512710605, 0.77570791454, 0.14340110851, 0.026070430136],
      [0.022927447965, 0.0011969883674, 0.063752344603, 0.88858131476, 0.023541904306],
      [0.061677595262, 0.036269614904, 0.26701500697, 0.40217660236, 0.2328611805]
    ],
    [
      [0.3019145306, 0.1011758362, 0.46624845883, 0.098204281549, 0.032456892832],
      [0.70878836435, 0.04963414279, 0.18550108488, 0.055930711977, 0.000145695996],
      [0.0067686259871, 0.91147454849, 0.081599215506, 0, 0.00015761001608],
      [0.030694489832, 0.015143005311, 0.81292051408, 0.12436298655, 0.016879004231],
      [0.022721161973, 0.00038708299736, 0.074090889201, 0.88357377089, 0.019227094934],
      [0.064577512664, 0.032467241331, 0.33074944651, 0.41762972779, 0.1545760717]
    ],
    [
      [0.24921738982, 0.15598644047, 0.4987783073, 0.083190185793, 0.012827676614],
      [0.66276015189, 0.086206165434, 0.21303618916, 0.037997493516, 0],
      [0.0036030067883, 0.93207374569, 0.06193655845, 0.0023820306, 4.6584765479e-06],
      [0.024827524672, 0.023929072263, 0.84750122884, 0.098586745782, 0.0051554284403],
      [0.023344590918, 0.0020113336138, 0.098180142466, 0.86883483018, 0.0076291028213],
      [0.06304416702, 0.059121213162, 0.41435124749, 0.3901552628, 0.073328109531]
    ],
    [
      [0.31863129914, 0.083236652845, 0.46234809429, 0.11099268487, 0.024791268861],
      [0.74049440042, 0.039589729463, 0.17505205746, 0.044702351092, 0.00016146156268],
      [0.0088065169789, 0.89397611908, 0.09705995124, 3.4983055125e-05, 0.00012242964498],
      [0.035035737347, 0.011027773935, 0.82013346348, 0.12021084435, 0.013592180888],
      [0.025046330358, 0.00032280503421, 0.077398791577, 0.88134659158, 0.015885481453],
      [0.074188149356, 0.028414333451, 0.34777669327, 0.42132823471, 0.12829258921]
    ],
    [
      [0.26116014962, 0.17753630565, 0.38696457721, 0.15128655789, 0.023052409626],
      [0.66556733484, 0.094729364598, 0.16360762535, 0.076017841241, 7.7833961827e-05],
      [0.0034211341154, 0.95452442333, 0.041561211466, 0.00041692472911, 7.6306362529e-05],
      [0.029456910582, 0.031085267675, 0.7452216906, 0.1807638739, 0.013472257249],
      [0.015398603617, 0.0017282512196, 0.048709401919, 0.92323670357, 0.01092703967],
      [0.053835594761, 0.055050244938, 0.25952712699, 0.52579168467, 0.10579534864]
    ],
    [
      [0.29386459064, 0.089963228706, 0.45212401684, 0.12333191964, 0.040716244178],
      [0.71847872632, 0.045081912043, 0.18071449339, 0.055689385785, 3.5482455662e-05],
      [0.0074362372973, 0.90688193025, 0.085537579084, 0.0001436715967, 5.8177376697e-07],
      [0.031309263701, 0.013232576459, 0.80217549354, 0.13143083001, 0.021851836291],
      [0.022199813947, 0.00034046164698, 0.070541767509, 0.88456165263, 0.02235630427],
      [0.062319993891, 0.028051654771, 0.30471422007, 0.40894121978, 0.19597291149]
    ],
    [
      [0.38623721331, 0.089331647893, 0.39176179075, 0.10366328801, 0.029006060029],
      [0.79142702779, 0.038127293998, 0.13024443296, 0.040127898592, 7.3346666856e-05],
      [0.0097508629826, 0.92807873479, 0.062048909256, 8.9129581338e-05, 3.2363391579e-05],
      [0.046677496392, 0.015221673676, 0.78324314155, 0.13695920883, 0.017898479554],
      [0.030916124105, 0.00036588369888, 0.066352228611, 0.88369009646, 0.018675667127],
      [0.092325652602, 0.031654193255, 0.29773239916, 0.42342048862, 0.15486726636]
    ],
    [
      [0.20403282761, 0.22669557026, 0.42344196906, 0.10536729099, 0.040462342076],
      [0.60900030158, 0.13653126751, 0.19867801338, 0.055639196375, 0.00015122114481],
      [0.002016296762, 0.94736701393, 0.036831276645, 0.013627987934, 0.00015742472976],
      [0.020123022438, 0.035282958941, 0.75863225132, 0.16479636479, 0.021165402516],
      [0.010656016997, 0.0014400495484, 0.05531444124, 0.91302660391, 0.0195628883],
      [0.038474736432, 0.06408198317, 0.26512931524, 0.4616006934, 0.17071327176]
    ],
    [
      [0.34813308126, 0.20554975554, 0.3505661273, 0.089836373779, 0.0059146621241],
      [0.74761436539, 0.091896537748, 0.12337566685, 0.037111709246, 1.7207637182e-06],
      [0.0030082707994, 0.96410913746, 0.031892777565, 0.00098951177023, 3.0241000209e-07],
      [0.046836700969, 0.04088574217, 0.78185654864, 0.12879697422, 0.0016240340007],
      [0.033521560972, 0.0012135162482, 0.072093931983, 0.89153184005, 0.0016391507516],
      [0.1047657009, 0.089044414796, 0.32687554238, 0.43861367219, 0.040700669737]
    ],
    [
      [0.40046670958, 0.19357404807, 0.29763359277, 0.098708244104, 0.0096174054725],
      [0.7875343354, 0.079944151248, 0.096166205478, 0.036352612119, 2.6957599006e-06],
      [0.0044127943628, 0.96569420576, 0.029039860095, 0.00085252989046, 6.0989056464e-07],
      [0.058512214431, 0.043249383439, 0.73758520987, 0.15456622406, 0.006086968197],
      [0.035769323137, 0.0017020887326, 0.05600559468, 0.90191658161, 0.0046064118361],
      [0.11426447933, 0.082634078575, 0.27326075136, 0.46601572268, 0.063824968054]
    ],
    [
      [0.40445396024, 0.066844462714, 0.42760524709, 0.073387473106, 0.027708856844],
      [0.77975200495, 0.027127391465, 0.14291798185, 0.050057821129, 0.00014480060618],
