{
  "X": [
    [55, 201, 268, 787, 64],
    [99, 601, 476, 1528, 131],
    [49, 284, 228, 989, 82],
    [56, 382, 320, 989, 74],
    [44, 164, 266, 488, 53],
    [21, 50, 352, 212, 38],
    [24, 19, 294, 56, 34],
    [43, 78, 95, 483, 29],
    [12, 61, 68, 192, 23],
    [68, 383, 256, 1488, 68],
    [49, 306, 292, 1163, 89],
    [41, 224, 193, 812, 54],
    [26, 26, 708, 69, 59],
    [9, 12, 31, 77, 2],
    [23, 104, 96, 351, 32],
    [78, 184, 169, 863, 63],
    [42, 78, 115, 353, 32],
    [15, 25, 48, 129, 16],
    [38, 102, 88, 411, 26],
    [1, 2, 28, 15, 3],
    [50, 339, 214, 1085, 71],
    [35, 190, 120, 681, 46],
    [11, 7, 117, 17, 14],
    [2, 2, 77, 2, 8],
    [4, 35, 39, 127, 9],
    [7, 23, 25, 56, 8],
    [0, 3, 4, 3, 0],
    [46, 92, 92, 454, 26],
    [0, 7, 7, 27, 1],
    [7, 5, 50, 125, 21],
    [96, 362, 511, 1698, 122],
    [29, 39, 90, 231, 29],
    [123, 303, 712, 1146, 117],
    [23, 24, 61, 275, 26]
  ],
  "W": [
    [77, 301, 862, 135],
    [137, 660, 1834, 204],
    [76, 298, 1102, 156],
    [101, 392, 1159, 169],
    [40, 329, 554, 92],
    [15, 372, 224, 62],
    [3, 272, 57, 95],
    [46, 102, 511, 69],
    [14, 98, 220, 24],
    [146, 341, 1637, 139],
    [103, 387, 1288, 121],
    [65, 316, 859, 84],
    [6, 656, 68, 158],
    [7, 30, 78, 16],
    [26, 134, 387, 59],
    [90, 212, 931, 124],
    [36, 146, 371, 67],
    [15, 52, 135, 31],
    [44, 99, 450, 72],
    [0, 30, 9, 10],
    [95, 287, 1223, 154],
    [66, 165, 751, 90],
    [2, 111, 19, 34],
    [0, 64, 5, 22],
    [8, 46, 146, 14],
    [3, 39, 68, 9],
    [0, 4, 5, 1],
    [40, 129, 494, 47],
    [1, 7, 31, 3],
    [9, 63, 105, 31],
    [135, 614, 1809, 231],
    [12, 120, 237, 49],
    [93, 820, 1271, 217],
    [11, 73, 282, 43]
  ],
  "method": "mcmc",
  "mcmc_stepsize": 3000,
  "mcmc_samples": 1000,
  "burn_in": 10000,
  "cond_prob": [
    [
      [0.051948051948, 0.14285714286, 0.19480519481, 0.57142857143, 0.038961038961],
      [0.039867109635, 0.14950166113, 0.1926910299, 0.57142857143, 0.046511627907],
      [0.039443155452, 0.14617169374, 0.19605568445, 0.57192575406, 0.046403712297],
      [0.037037037037, 0.14074074074, 0.19259259259, 0.57777777778, 0.051851851852]
    ],
    [
      [0.036496350365, 0.21897810219, 0.16788321168, 0.53284671533, 0.043795620438],
      [0.034848484848, 0.21212121212, 0.1696969697, 0.53787878788, 0.045454545455],
      [0.034896401309, 0.21155943293, 0.16739367503, 0.54034896401, 0.045801526718],
      [0.03431372549, 0.21078431373, 0.16666666667, 0.53431372549, 0.053921568627]
    ],
    [
      [0.052631578947, 0.17105263158, 0.13157894737, 0.60526315789, 0.039473684211],
      [0.026845637584, 0.17785234899, 0.14429530201, 0.60402684564, 0.046979865772],
      [0.029945553539, 0.17332123412, 0.13974591652, 0.60707803993, 0.049909255898],
      [0.025641025641, 0.17307692308, 0.13461538462, 0.60256410256, 0.064102564103]
    ],
    [
      [0.039603960396, 0.21782178218, 0.16831683168, 0.53465346535, 0.039603960396],
      [0.030612244898, 0.20918367347, 0.18112244898, 0.54081632653, 0.038265306122],
      [0.030198446937, 0.20966350302, 0.17515099223, 0.54443485764, 0.040552200173],
      [0.029585798817, 0.20710059172, 0.17159763314, 0.54437869822, 0.047337278107]
    ],
    [
      [0.075000000125, 0.14999999987, 0.25000000004, 0.47500000004, 0.049999999917],
      [0.042553191535, 0.1641337386, 0.2613981763, 0.48024316109, 0.051671732472],
      [0.043321299597, 0.16245487368, 0.2635379061, 0.48014440437, 0.050541516258],
      [0.032608695688, 0.15217391288, 0.2608695654, 0.48913043458, 0.065217391449]
    ],
    [
      [0.19778816284, 0.065565579081, 0.46107583971, 0.27555958068, 1.0837691341e-05],
      [0.0294793499, 0.078311856124, 0.52236274126, 0.31361707849, 0.056228974233],
      [0.026859744008, 0.071134987752, 0.53042218226, 0.31779061217, 0.05379247381],
      [0.016939947367, 0.06371400934, 0.51532828758, 0.32283799948, 0.081179756231]
    ],
    [
      [0.33361849458, 3.4244023533e-05, 0.66499021605, 0.00058040342126, 0.00077664192737],
      [0.055129988839, 0.047732495379, 0.69133278, 0.12863323052, 0.077171505257],
      [0.052808868994, 0.03532730549, 0.68359257807, 0.15800456665, 0.070266680795],
      [0.052565073887, 0.042136864335, 0.68418669728, 0.12635536619, 0.094755998304]
    ],
    [
      [0.065217391307, 0.13043478261, 0.13043478263, 0.65217391302, 0.021739130437],
      [0.05882352942, 0.10784313725, 0.13725490197, 0.65686274509, 0.039215686273],
      [0.058708414871, 0.10567514677, 0.12915851271, 0.66731898239, 0.039138943249],
      [0.057971014491, 0.10144927535, 0.13043478263, 0.65217391304, 0.057971014493]
    ],
    [
      [0.14279735539, 0.21431780582, 0.14279620867, 0.4999454377, 0.00014319241905],
      [0.030611225214, 0.17348770665, 0.20416098962, 0.53053534721, 0.061204731309],
      [0.031821025989, 0.16817567329, 0.19087517506, 0.54549575791, 0.063632367755],
      [1.2968168565e-05, 0.16662947267, 0.1666890659, 0.54163471277, 0.12503378049]
    ],
    [
      [0.034246575342, 0.17123287671, 0.1095890411, 0.65753424658, 0.027397260274],
      [0.029325513196, 0.17008797654, 0.11436950147, 0.6568914956, 0.029325513196],
      [0.02993280391, 0.16921197312, 0.11362248015, 0.65729993891, 0.02993280391],
      [0.028776978417, 0.1654676259, 0.10791366906, 0.6618705036, 0.035971223022]
    ],
    [
      [0.038834951456, 0.16504854369, 0.14563106796, 0.61165048544, 0.038834951456],
      [0.023255813953, 0.16279069767, 0.15503875969, 0.61240310078, 0.046511627907],
      [0.025621118012, 0.16071428571, 0.15450310559, 0.61257763975, 0.046583850932],
      [0.02479338843, 0.15702479339, 0.14876033058, 0.61157024793, 0.057851239669]
    ],
    [
      [0.061538461538, 0.16923076923, 0.13846153846, 0.6, 0.030769230769],
      [0.028481012658, 0.17088607595, 0.14873417722, 0.61392405063, 0.037974683544],
      [0.030267753201, 0.16880093132, 0.14551804424, 0.61466821886, 0.040745052386],
      [0.02380952381, 0.16666666667, 0.14285714286, 0.60714285714, 0.059523809524]
    ],
    [
      [0.33333319118, 2.4686643277e-07, 0.66666617067, 1.2519118969e-07, 2.6609811062e-07],
      [0.028963416513, 0.03201218614, 0.79725612623, 0.076219501604, 0.065548769509],
      [0.014705914334, 0.014705884478, 0.82352934429, 0.088235354468, 0.058823502434],
      [0.025316439529, 0.025316482698, 0.79113916934, 0.082278494258, 0.075949414179]
    ],
    [
      [0.092489057804, 0.08617236749, 0.19723813996, 0.62319372474, 0.00090671001173],
      [0.058331396118, 0.086464400455, 0.29094767711, 0.55245938976, 0.011797136552],
      [0.077179907098, 0.096890003391, 0.21348576182, 0.59926870197, 0.013175625727],
      [0.036412622385, 0.077840071841, 0.26493833033, 0.58255646752, 0.038252507917]
    ],
    [
      [0.07692307728, 0.15384615402, 0.15384615393, 0.57692307578, 0.038461538989],
      [0.037313432791, 0.17910447779, 0.15671641857, 0.57462686487, 0.052238805977],
      [0.036175710547, 0.17054263565, 0.16020671805, 0.58139534922, 0.05167958653],
      [0.03389830534, 0.16949152502, 0.15254237327, 0.57627118623, 0.067796610139]
    ],
    [
      [0.066666666667, 0.13333333333, 0.12222222222, 0.63333333333, 0.044444444444],
      [0.056603773585, 0.14150943396, 0.12735849057, 0.6320754717, 0.042452830189],
      [0.056928034372, 0.13533834586, 0.1245972073, 0.63694951665, 0.046186895811],
      [0.056451612903, 0.12903225806, 0.12096774194, 0.63709677419, 0.056451612903]
    ],
    [
      [0.11111111305, 0.13888888693, 0.16666666565, 0.5555555566, 0.027777777771],
      [0.061643835006, 0.1301369863, 0.19178082435, 0.56849314754, 0.047945206812],
      [0.067385444796, 0.12398921867, 0.18598382676, 0.57142857206, 0.051212937718],
      [0.059701492536, 0.11940298425, 0.17910447692, 0.56716418193, 0.074626864365]
    ],
    [
      [0.14347687724, 0.076861287248, 0.19485005998, 0.52319044745, 0.06162132809],
      [0.074012298932, 0.12871914966, 0.20112285952, 0.53992683117, 0.056218860717],
      [0.058123251974, 0.10483829951, 0.21198191787, 0.55839087363, 0.066665657014],
      [0.037179621952, 0.09679078952, 0.19359037075, 0.57074774602, 0.10169147176]
    ],
    [
      [0.090909090912, 0.15909090909, 0.11363636364, 0.61363636363, 0.022727272733],
      [0.050505050504, 0.15151515152, 0.15151515151, 0.61616161616, 0.030303030303],
      [0.055555555555, 0.15333333333, 0.13111111111, 0.62, 0.04],
      [0.055555555556, 0.15277777778, 0.125, 0.61111111111, 0.055555555555]
    ],
    [
      [0, 0, 0, 0, 0],
      [0.017971452145, 0.03948335446, 0.61422383291, 0.27458179986, 0.053739560624],
      [0.030038179571, 0.049207137532, 0.45785828157, 0.39752921032, 0.065367191007],
      [0.01905128195, 0.037263512842, 0.54525604787, 0.31847831112, 0.079950846223]
    ],
    [
      [0.042105263158, 0.2, 0.11578947368, 0.61052631579, 0.031578947368],
      [0.02787456446, 0.19512195122, 0.12195121951, 0.61672473868, 0.038327526132],
      [0.027800490597, 0.19215044971, 0.12264922322, 0.61733442355, 0.040065412919],
      [0.025974025974, 0.18831168831, 0.11688311688, 0.61688311688, 0.051948051948]
    ],
    [
      [0.060606060606, 0.18181818182, 0.10606060606, 0.62121212121, 0.030303030303],
      [0.030303030303, 0.18181818182, 0.11515151515, 0.6303030303, 0.042424242424],
      [0.031957390146, 0.17709720373, 0.11185086551, 0.63648468708, 0.042609853529],
      [0.022222222222, 0.16666666667, 0.11111111111, 0.64444444444, 0.055555555556]
    ],
    [
      [0.39708103303, 0.033237371816, 0.49365719501, 0.052672022898, 0.023352377244],
      [0.063413278618, 0.049439155904, 0.70851205327, 0.099734960046, 0.07890055216],
      [0.054138542355, 0.013733720751, 0.74613123325, 0.11995912171, 0.066037381936],
      [0.062892108902, 0.034848184024, 0.68209865485, 0.10426035519, 0.11590069703]
    ],
    [
      [0, 0, 0, 0, 0],
      [0.023802552432, 0.02206922362, 0.85696641679, 0.017919014111, 0.079242793046],
      [0.023291249829, 0.035564329182, 0.789625501, 0.037294588214, 0.11422433178],
      [0.016371836146, 0.018624911019, 0.82754644638, 0.030305007083, 0.10715179937]
    ],
    [
      [0.13399161578, 0.039048660127, 0.12654995197, 0.69605663922, 0.0043531329017],
      [0.019979770316, 0.10727709054, 0.30336512617, 0.51095021714, 0.058427795829],
      [0.013668173943, 0.18419404702, 0.14441562677, 0.62261464848, 0.035107503787],
      [0.00096030311219, 0.20432383496, 0.21058021939, 0.50186415855, 0.082271483987]
    ],
    [
      [0.25432070629, 0.21808302499, 0.030414025992, 0.48011005331, 0.017072189417],
      [0.056655551103, 0.19097878419, 0.25382341035, 0.42457653535, 0.073965719005],
      [0.057134760392, 0.20655254277, 0.18655895598, 0.49488058593, 0.054873154924],
      [0.015811964605, 0.094667270332, 0.25818176794, 0.48325612426, 0.14808287286]
    ],
    [
      [0, 0, 0, 0, 0],
      [0, 0.24861719049, 0.48652347843, 0.26485933108, 0],
      [0, 0.34318871921, 0.32643502277, 0.33037625802, 0],
      [0, 0.28958764198, 0.42173097244, 0.28868138558, 0]
    ],
    [
      [0.075, 0.15, 0.125, 0.625, 0.025],
      [0.062015503876, 0.12403100775, 0.13178294574, 0.6511627907, 0.031007751938],
      [0.064777327935, 0.12955465587, 0.12955465587, 0.63765182186, 0.038461538462],
      [0.063829787234, 0.12765957447, 0.12765957447, 0.63829787234, 0.042553191489]
    ],
    [
      [0, 0.15448846447, 0.13226491964, 0.69721911916, 0.016027496727],
      [0, 0.13717263824, 0.24235438222, 0.59754409511, 0.022928884427],
      [0, 0.17748583881, 0.14517502495, 0.65419646551, 0.023142670728],
      [0, 0.1277473549, 0.2236095438, 0.61329392806, 0.035349173243]
    ],
    [
      [0.10947935236, 0.10750933119, 0.22618805906, 0.55267012401, 0.0041531333837],
      [0.031626499264, 0.030906034816, 0.25644732804, 0.58569224929, 0.095327888594],
      [0.028698970099, 0.019415444231, 0.23553973106, 0.62113763882, 0.095208215792],
      [0.032542726282, 0.0015069090833, 0.22827271098, 0.57767435817, 0.16000329548]
    ],
    [
      [0.044444444444, 0.13333333333, 0.17777777778, 0.60740740741, 0.037037037037],
      [0.034201954397, 0.1319218241, 0.18403908795, 0.60749185668, 0.042345276873],
      [0.034273079049, 0.12935323383, 0.18352681039, 0.60917634052, 0.043670536208],
      [0.030303030303, 0.12554112554, 0.18181818182, 0.61038961039, 0.051948051948]
    ],
    [
      [0.16666348991, 0.16666054968, 0.16666385116, 0.50001210301, 6.2498271433e-09],
      [0.066662806278, 0.091662708309, 0.22501395777, 0.54999354484, 0.066666982803],
      [0.067511463351, 0.092829738764, 0.21518238471, 0.5569675289, 0.06750888428],
      [0.061230297012, 0.081630618771, 0.20408436077, 0.55100663336, 0.10204809009]
    ],
    [
      [0.05376344086, 0.13978494624, 0.29032258065, 0.47311827957, 0.043010752688],
      [0.051219512195, 0.1256097561, 0.2987804878, 0.47682926829, 0.04756097561],
      [0.051140833989, 0.12588512982, 0.29583005507, 0.47836349331, 0.048780487805],
      [0.05069124424, 0.12442396313, 0.29493087558, 0.47465437788, 0.055299539171]
    ],
    [
      [0.18166723916, 0.09083418332, 0.091285254896, 0.63621296692, 3.5570400599e-07],
      [0.054760600708, 0.068504560879, 0.15069623663, 0.67119869993, 0.054839901851],
      [0.053203200789, 0.056734612832, 0.15245872616, 0.67731980271, 0.060283657516],
      [0.046531020816, 0.046530935364, 0.13957386387, 0.65116204431, 0.11620213564]
    ]
  ],
  "expected_outcome": [
    [
      [4, 5, 4, 4, 3.000000005, 2.9668224426, 1.0008554837, 3.0000000001, 1.9991629754, 5, 4, 4, 1.9999991471, 0.64742340463, 2.0000000093, 6, 4.0000000698, 2.1521531585, 4.0000000001, 0, 4, 4, 0.79416206606, 0, 1.0719329262, 0.76296211887, 0, 3, 0, 0.98531417121, 6, 1.9999618789, 5, 1.9983396307],
      [11, 30, 13, 22, 5.999999995, 0.98348368622, 0.0001027320706, 5.9999999999, 3.0004492815, 25, 17, 11, 1.4811985966e-06, 0.60320657243, 4.0000000046, 12, 4.9999999296, 1.1529193087, 7, 0, 19, 12, 0.066474743632, 0, 0.31238928101, 0.65424907498, 0, 6, 0.15448846447, 0.96758398072, 18, 1.9999265961, 13, 0.99917601652],
      [15, 23, 10, 17, 10.0000000017, 6.9161375956, 1.9949706481, 6.000000001, 1.9991469214, 16, 15, 9, 3.999997024, 1.3806669797, 4.0000000022, 11, 5.9999999634, 2.9227508997, 5.0000000001, 0, 11, 7, 0.98731439003, 0, 1.0123996157, 0.091242077977, 0, 5, 0.13226491964, 2.0356925315, 24, 1.9999662139, 27, 1.0041378039],
      [44, 73, 46, 54, 19.0000000017, 4.1333937102, 0.0017412102638, 29.9999999989, 6.9992361279, 96, 63, 39, 7.5114713812e-07, 4.3623560732, 14.9999999703, 57, 20.0000000374, 7.8478567118, 26.9999999995, 0, 58, 41, 0.1053440458, 0, 5.5684531138, 1.4403301599, 0, 25, 0.69721911916, 4.9740311161, 82, 6.0001452361, 44, 6.9983426362],
      [3, 6, 3, 4, 1.9999999967, 0.00016256537012, 0.0023299257821, 1.0000000001, 0.0020046938667, 4, 4, 2, 1.5965886637e-06, 0.0063469700821, 1.0000000137, 4, 0.99999999974, 0.92431992135, 1.0000000003, 0, 3, 2, 0.046704754487, 0, 0.034825063214, 0.051216568251, 0, 1, 0.016027496727, 0.037378200454, 5, 7.499792572e-08, 4, 3.9127440659e-06]
    ],
    [
      [12, 23, 8, 12, 14.000000015, 10.9663181629, 14.9953569643, 6.0000000009, 2.999900071, 10, 9, 9, 19.0000012327, 1.7499418835, 4.999999994, 12, 8.9999999109, 3.8486395445, 4.9999999999, 0.53914356436, 8, 5, 7.0388739265, 1.5233633557, 0.91906943454, 2.209566493, 0, 8, 0, 1.9924694536, 21, 7.9995367533, 42, 3.9975238517],
      [45, 140, 53, 82, 54, 29.1320104782, 12.9832387432, 10.9999999999, 17.0017952516, 58, 63, 54, 20.999994108, 2.5939320137, 24.0000000236, 30, 18.9999999996, 6.6933957822, 15, 1.1845006338, 56, 30, 5.4877463053, 1.4124303117, 4.9347461648, 7.4481725834, 0.99446876196, 16, 0.96020846766, 1.9470801934, 81, 10.999524997, 103, 5.0008329442],
      [58, 112, 43, 71, 86.0000000033, 194.3189397476, 188.0425161603, 14.0000000005, 20.0077769829, 39, 60, 47, 523.0000188095, 8.7284303134, 21.0000000885, 27, 28.0000003547, 10.4583886952, 15, 18.4267149872, 35, 19, 78.6448379133, 54.8458506746, 13.954795804, 9.8991130038, 1.9460939137, 17, 1.6964806756, 16.1561816665, 113, 27.0016749324, 245, 11.0008252739],
      [172, 355, 180, 212, 157.9999999983, 116.6655531966, 34.9882387022, 66.9999999988, 51.9924640263, 224, 237, 194, 49.9999930522, 16.5737816929, 76.9999998929, 134, 82.9999995402, 28.0761952208, 61, 8.2374539959, 177, 104, 11.0705805651, 1.1468169031, 23.5037099886, 16.5584848785, 1.0594373243, 84, 4.1828086658, 36.898611705, 373, 65.9992253809, 391, 48.9975050951],
      [14, 30, 14, 15, 16.9999999833, 20.9171784148, 20.99064943, 3.9999999999, 5.9980636683, 10, 18, 12, 42.9999927976, 0.35391409656, 7.0000000009, 9, 7.0000001946, 2.9233807573, 3, 1.6121868187, 11, 7, 8.7579612897, 5.0715387549, 2.6876786081, 2.8846630412, 0, 4, 0.16050219099, 6.0056569814, 26, 8.0000379364, 39, 4.0033128351]
    ],
    [
      [34, 64, 33, 35, 23.9999999767, 6.0165826577, 3.0101055327, 29.9999999991, 7.0006257176, 49, 33, 26, 1.0000021747, 6.0200327537, 13.9999999817, 53, 25.0000000193, 7.8466390165, 24.9999999999, 0.27034361614, 34, 24, 1.0286323047, 0.11645624914, 1.9955533956, 3.8851637067, 0, 32, 0, 3.0133918604, 62, 16.0002168142, 65, 15.0033026225],
      [126, 388, 191, 243, 90.00000002, 15.9342372566, 2.0136564129, 54.0000000009, 36.9986481228, 277, 207, 145, 1.0000001445, 7.5574202645, 65.9999999955, 126, 46.0000001265, 14.153170434, 69, 0.44286423778, 235, 133, 0.26094069426, 0.17782164591, 26.8923308647, 14.0455729086, 1.7159435961, 64, 5.5020610032, 2.0386216443, 234, 22.000648087, 160, 15.9991608187],
      [169, 307, 154, 203, 145.9999999783, 118.8145688271, 38.9647769498, 65.9999999972, 41.9925385141, 186, 199, 125, 55.9999954115, 16.6518894216, 61.9999998866, 116, 68.9999997282, 28.6175589119, 59, 4.1207245341, 150, 84, 14.1764934317, 3.948127505, 21.0846815088, 12.6860090068, 1.6321751138, 64, 4.5004257734, 24.7316717615, 332, 50.9982251758, 376, 42.9933607759],
      [493, 991, 669, 631, 266.0000000184, 71.1850971251, 9.0062602992, 341.0000000028, 120.0090667394, 1076, 789, 528, 6.0000041038, 46.7429587536, 225.0000001491, 593, 212.0000002329, 75.3827679407, 279.0000000003, 3.5777628929, 755, 478, 2.2792233125, 0.18647294107, 90.901738678, 33.6518798432, 1.6518812901, 315, 20.2800904309, 65.2194520757, 1102, 132.0013043486, 608, 191.0041843635],
      [40, 84, 55, 47, 28.0000000067, 12.0495141335, 4.0052008053, 20, 13.9991209061, 49, 60, 35, 3.9999981655, 1.0276988067, 19.9999999871, 43, 18.9999998932, 8.9998636969, 17.9999999998, 0.58830471906, 49, 32, 1.2547102568, 0.5711216589, 5.1256955528, 3.7313745348, 0, 19, 0.71742279256, 9.9968626581, 79, 15.9996055744, 62, 16.9999914194]
    ],
    [
      [5, 7, 4, 5, 3.0000000033, 1.0502767368, 4.9936820193, 3.9999999999, 0.00031123604555, 4, 3, 2, 3.9999974456, 0.58260195816, 2.0000000151, 7, 3.9999999999, 1.1525682805, 4.0000000001, 0.1905128195, 4, 2, 2.1383317027, 0.3601803952, 0.013444243571, 0.14230768145, 0, 3, 0, 1.0088245147, 7, 3.0002845536, 11, 2.0008338951],
      [19, 43, 27, 35, 13.999999985, 3.9502685791, 4.0030021118, 6.9999999994, 3.9991073442, 23, 19, 14, 4.0000042663, 1.2454411495, 9.9999999763, 16, 7.9999999444, 3.0005144751, 11, 0.37263512842, 29, 15, 1.1848382568, 0.40974804241, 2.8605336895, 0.85200543299, 0.28958764198, 6, 0.38324206469, 0.046714181583, 29, 3.9999003198, 27, 2.0008302206],
      [26, 34, 21, 29, 24.0000000167, 31.9503538298, 64.9977362417, 9.0000000013, 4.0005375816, 15, 18, 12, 124.9999887551, 4.2390132853, 9.0000000227, 15, 11.9999999537, 6.0013014932, 8.9999999999, 5.4525604787, 18, 10, 23.1913542649, 18.2060218204, 2.9481230714, 2.3236359115, 0.42173097244, 6, 0.67082863141, 7.0764540404, 42, 10.0001336779, 64, 6.0016761463],
      [78, 109, 94, 92, 44.9999999817, 20.015955968, 12.0037597883, 44.9999999995, 12.9992331064, 92, 74, 51, 13.0000020928, 9.3209034804, 33.9999999877, 79, 38.0000001895, 17.6931801268, 44.0000000001, 3.1847831112, 95, 58, 3.5448520766, 0.66671015582, 7.0260982197, 4.3493051184, 0.28868138558, 30, 1.8398817842, 17.9079051032, 141, 26.9993250345, 103, 27.9999679052],
      [7, 11, 10, 8, 6.0000000133, 5.0331448863, 9.0018198389, 4, 3.0008107317, 5, 7, 5, 12.0000074403, 0.61204012667, 3.9999999982, 7, 4.9999999125, 3.1524356244, 3.9999999999, 0.79950846223, 8, 5, 3.940623699, 2.3573395862, 1.1518007758, 1.3327458557, 0, 2, 0.10604751973, 4.96010216, 12, 5.0003564143, 12, 4.9966918327]
    ]
  ],
  "prob": [
    [0.06068021243, 0.16286187534, 0.16261006311, 0.57959835215, 0.034249496962],
    [0.03833003165, 0.13692237967, 0.28679504523, 0.48898446173, 0.048968081722],
    [0.038277198814, 0.15747890916, 0.17458193117, 0.58492944593, 0.044732514934],
    [0.035884700969, 0.13580996562, 0.24207845122, 0.52288643824, 0.063340443948]
  ],
  "iterations": 1,
  "time": 0.011942,
  "message": "Converged",
  "status": 0,
  "miniter": 0,
  "maxiter": 1000,
  "maxtime": 3600,
  "param_threshold": 0.001,
  "ll_threshold": "-Inf",
  "initial_prob": "group_proportional",
  "candidates_id": ["COOPER, Peter Ernest.c", "WANG, Kenneth.c", "TAWA, Koro Alaster Richard.c", "WONG, Pansy.c", "Other candidates votes.c"],
  "group_id": ["ACT New Zealand.p", "Labour Party.p", "National Party.p", "Other parties votes.p"]
}
