{
  "X": [
    [217, 121, 471, 40],
    [76, 82, 242, 29],
    [61, 43, 193, 17],
    [43, 39, 65, 14],
    [38, 19, 46, 9],
    [69, 53, 108, 5],
    [36, 34, 49, 5],
    [3, 33, 31, 6],
    [62, 55, 111, 7],
    [354, 468, 574, 65],
    [204, 275, 456, 58],
    [116, 79, 255, 19],
    [215, 275, 522, 68],
    [145, 167, 313, 38],
    [245, 360, 615, 84],
    [71, 99, 179, 32],
    [2, 3, 5, 1],
    [89, 90, 297, 35],
    [107, 148, 247, 32],
    [55, 71, 177, 20],
    [207, 254, 643, 74],
    [179, 133, 319, 29],
    [41, 143, 213, 19],
    [128, 353, 526, 44],
    [108, 238, 432, 58],
    [101, 296, 558, 67],
    [110, 193, 365, 36],
    [64, 190, 416, 44],
    [112, 102, 304, 31],
    [22, 14, 33, 5],
    [16, 16, 39, 3],
    [6, 5, 17, 1],
    [81, 43, 185, 14],
    [336, 166, 777, 70],
    [170, 116, 405, 51],
    [59, 38, 86, 11],
    [33, 36, 67, 9],
    [80, 61, 288, 37],
    [22, 20, 47, 5],
    [56, 49, 114, 15],
    [14, 29, 40, 2],
    [162, 143, 319, 30],
    [136, 274, 694, 88],
    [125, 233, 181, 21],
    [73, 212, 144, 30],
    [101, 366, 303, 30],
    [118, 244, 605, 59],
    [16, 5, 20, 1],
    [33, 26, 65, 5],
    [22, 26, 21, 2],
    [8, 2, 17, 1],
    [51, 40, 94, 9],
    [22, 9, 34, 0],
    [10, 11, 23, 2],
    [12, 11, 14, 0],
    [55, 104, 192, 16],
    [588, 1043, 2038, 260],
    [285, 313, 481, 37],
    [183, 172, 319, 53],
    [884, 669, 1375, 144],
    [225, 220, 410, 31]
  ],
  "W": [
    [278, 337, 160, 32, 42],
    [79, 201, 98, 22, 29],
    [96, 133, 53, 18, 14],
    [45, 51, 54, 7, 4],
    [45, 34, 26, 2, 5],
    [67, 82, 78, 5, 3],
    [36, 31, 47, 2, 8],
    [8, 18, 40, 4, 3],
    [63, 73, 76, 7, 16],
    [413, 347, 603, 37, 61],
    [267, 271, 353, 51, 51],
    [142, 163, 118, 18, 28],
    [263, 356, 348, 51, 62],
    [169, 210, 228, 18, 38],
    [287, 422, 464, 60, 71],
    [90, 115, 127, 26, 23],
    [5, 3, 3, 0, 0],
    [93, 210, 149, 31, 28],
    [128, 148, 190, 38, 30],
    [68, 121, 90, 26, 18],
    [226, 453, 365, 69, 65],
    [221, 205, 169, 35, 30],
    [52, 139, 186, 17, 22],
    [127, 359, 482, 49, 34],
    [125, 298, 309, 54, 50],
    [142, 373, 392, 68, 47],
    [140, 238, 257, 26, 43],
    [65, 284, 264, 59, 42],
    [146, 209, 146, 30, 18],
    [14, 23, 28, 4, 5],
    [20, 29, 17, 3, 5],
    [13, 10, 4, 1, 1],
    [93, 123, 70, 15, 22],
    [449, 529, 254, 44, 73],
    [231, 301, 158, 24, 28],
    [77, 52, 50, 7, 8],
    [39, 56, 37, 4, 9],
    [100, 226, 87, 31, 22],
    [24, 27, 29, 4, 10],
    [63, 86, 59, 15, 11],
    [24, 24, 32, 3, 2],
    [198, 212, 186, 28, 30],
    [151, 532, 387, 51, 71],
    [129, 111, 280, 18, 22],
    [79, 72, 266, 19, 23],
    [127, 153, 455, 38, 27],
    [184, 415, 330, 52, 45],
    [24, 9, 7, 1, 1],
    [47, 41, 36, 2, 3],
    [18, 16, 35, 0, 2],
    [11, 13, 3, 0, 1],
    [58, 62, 51, 9, 14],
    [22, 26, 12, 4, 1],
    [14, 14, 16, 0, 2],
    [13, 9, 13, 0, 2],
    [103, 83, 153, 15, 13],
    [732, 1452, 1334, 221, 190],
    [377, 273, 408, 14, 44],
    [190, 272, 206, 26, 33],
    [942, 988, 880, 95, 167],
    [319, 252, 272, 11, 32]
  ],
  "method": "mvn_pdf",
  "cond_prob": [
    [
      [0.6780462931, 0.0053009678972, 0.30910769443, 0.0075450445713],
      [0.042321607321, 0.02064069791, 0.88407060825, 0.052967086519],
      [0.02405099373, 0.69723259205, 0.26370690377, 0.015009510454],
      [0.0050544811336, 0.026307433561, 0.66285753447, 0.30578055084],
      [0.2435915823, 0.0040800744583, 0.56504095865, 0.18728738459]
    ],
    [
      [0.71301275366, 0.006643772809, 0.27216442376, 0.0081790497697],
      [0.048585083649, 0.028337319434, 0.85764358673, 0.065434010186],
      [0.021569026607, 0.76393405507, 0.20045388025, 0.014043038074],
      [0.0054932731526, 0.034520394101, 0.61109316464, 0.34889316811],
      [0.26454393209, 0.0053225749854, 0.51807309323, 0.2120603997]
    ],
    [
      [0.56613244381, 0.0077668899914, 0.41636257554, 0.0097380906581],
      [0.02660118166, 0.023278458116, 0.89621053488, 0.053909825346],
      [0.013728912875, 0.7277146382, 0.24517185067, 0.013384598251],
      [0.0031305375426, 0.028913949894, 0.66934079157, 0.29861472099],
      [0.16638186966, 0.0049297649094, 0.62792494824, 0.20076341719]
    ],
    [
      [0.79659637625, 0.0035231851479, 0.18595974334, 0.01392069526],
      [0.068389601523, 0.019761178751, 0.76838472021, 0.14346449952],
      [0.046201451818, 0.6982122713, 0.2471238812, 0.0084623956794],
      [0.0055068940472, 0.017016593311, 0.38765569199, 0.58982082065],
      [0.28296668364, 0.0027644371185, 0.3464778476, 0.36779103164]
    ],
    [
      [0.75316208569, 0.0040036814277, 0.24283423289, 0],
      [0.063340750484, 0.02074289647, 0.77949492122, 0.13642143182],
      [0.030812482394, 0.69502410657, 0.23202432618, 0.042139084859],
      [0.0040975286996, 0.015236066367, 0.36900589899, 0.61166050594],
      [0.2289602056, 0.0026953904573, 0.35979758397, 0.40854681997]
    ],
    [
      [0.83377990234, 0.0023698329859, 0.16107676183, 0.0027735028385],
      [0.087325646962, 0.025506137102, 0.85763596956, 0.029532246375],
      [0.058646828417, 0.64895396016, 0.28109534393, 0.01130386749],
      [0.012582572418, 0.024604890705, 0.72348003886, 0.23933249801],
      [0.44622600453, 0.0027615338929, 0.44629014396, 0.10472231762]
    ],
    [
      [0.80344477062, 0.0034588400271, 0.18808347015, 0.0050129191981],
      [0.074467839913, 0.021152585268, 0.84854484973, 0.055834725091],
      [0.037991727206, 0.70506154416, 0.23428608137, 0.022660647265],
      [0.0088226891806, 0.026806518173, 0.63001488788, 0.33435590476],
      [0.37052858292, 0.0035307504583, 0.45657864161, 0.16936202501]
    ],
    [
      [0.34885893833, 0.015166435552, 0.60266187044, 0.033312755674],
      [0, 0.036203464141, 0.86219492279, 0.10160161307],
      [0, 0.80219898411, 0.17796679221, 0.019834223682],
      [0.0010837604058, 0.030142045655, 0.47929724023, 0.48947695371],
      [0.068264483914, 0.006159538047, 0.54111192563, 0.38446405241]
    ],
    [
      [0.77464212394, 0.0037600553541, 0.217693133, 0.0039046877062],
      [0.065978623089, 0.020523459653, 0.87483705062, 0.03866086664],
      [0.034761375475, 0.69742794994, 0.26522130241, 0.0025893721707],
      [0.0086266510769, 0.02863901845, 0.71704488151, 0.24568944897],
      [0.35492847579, 0.0037441645675, 0.51538092327, 0.12594643638]
    ],
    [
      [0.73270999782, 0.0060460565434, 0.2528370963, 0.0084068493373],
      [0.053673987793, 0.027628731102, 0.84897088688, 0.06972639423],
      [0.025573844462, 0.75357304326, 0.20417266324, 0.016680449039],
      [0.005961141804, 0.032673921749, 0.59047183801, 0.37089309844],
      [0.28072633898, 0.0049562092172, 0.49216077945, 0.22215667235]
    ],
    [
      [0.65891759914, 0.0072719394415, 0.32343202761, 0.010378433807],
      [0.038434602673, 0.026508043366, 0.86638648049, 0.06867087347],
      [0.018056460129, 0.74793280178, 0.21702231559, 0.016988422497],
      [0.0042526479045, 0.03123228339, 0.60028372259, 0.36423134611],
      [0.21690996543, 0.0051291556128, 0.54175617956, 0.2362046994]
    ],
    [
      [0.68885883541, 0.0038683165239, 0.30111172969, 0.0061611183741],
      [0.044683641569, 0.018418163409, 0.8943964791, 0.042501715926],
      [0.030161597093, 0.63547322031, 0.31913755523, 0.015227627366],
      [0.0055392817061, 0.020846891311, 0.70141463919, 0.27219918779],
      [0.258565581, 0.0031233706259, 0.57756475961, 0.16074628877]
    ],
    [
      [0.67939072633, 0.0070253974502, 0.30337460331, 0.010209272915],
      [0.041860758652, 0.027138339041, 0.85919410894, 0.071806793369],
      [0.019745848057, 0.75161997072, 0.21200151728, 0.016632663939],
      [0.0045891404413, 0.031574106099, 0.58921315983, 0.37462359363],
      [0.23084205822, 0.0051135895183, 0.524402861, 0.23964149127]
    ],
    [
      [0.70710261466, 0.0051678523662, 0.27800108224, 0.0097284507418],
      [0.047259093798, 0.021672084818, 0.85697499568, 0.074093825699],
      [0.026007119091, 0.70602834506, 0.24739348213, 0.020571053725],
      [0.0051301650928, 0.025058334262, 0.58253428085, 0.3872772198],
      [0.25140216582, 0.0039469065345, 0.50425623759, 0.24039469006]
    ],
    [
      [0.69294203092, 0.0065122327202, 0.2901457777, 0.010399958663],
      [0.044445944406, 0.026081030298, 0.85388057338, 0.075592451919],
      [0.021803671082, 0.74351165245, 0.21708220486, 0.017602471604],
      [0.0047853973066, 0.029899986701, 0.57572905058, 0.38958556541],
      [0.23894959671, 0.0048082885159, 0.50874188371, 0.24750023106]
    ],
    [
      [0.66146715575, 0.0070870498135, 0.31767341963, 0.013772374807],
      [0.037865723239, 0.025660951934, 0.84580345512, 0.090669869706],
      [0.01867185259, 0.74482544129, 0.21989010665, 0.016612599464],
      [0.0037861547631, 0.027338120294, 0.52945788394, 0.43941784101],
      [0.20189706554, 0.0046753857639, 0.49782810291, 0.29559944579]
    ],
    [
      [0.39441686571, 0.012749014762, 0.51941010571, 0.073424013818],
      [0.008321616424, 0.032622990748, 0.75678250664, 0.20227288619],
      [0.00098360738552, 0.94612865131, 0.044200650517, 0.0086870907827],
      [2.5047066964e-08, 1.3567759021e-06, 7.2462993727e-06, 0.99999137188],
      [0.0016072641007, 0.00036225845317, 0.020461219352, 0.97756925809]
    ],
    [
      [0.70980268846, 0.0028481835073, 0.27912360668, 0.0082255213617],
      [0.046799813522, 0.018554851393, 0.86936374042, 0.065281594665],
      [0.038131217279, 0.57258898624, 0.36425491724, 0.02502487924],
      [0.0054954528022, 0.014825928646, 0.62832065278, 0.35135796578],
      [0.26101709723, 0.0022584786987, 0.52582843522, 0.21089598885]
    ],
    [
      [0.69299635533, 0.0065280681834, 0.29221457731, 0.0082609991734],
      [0.04450422198, 0.026389762043, 0.86847088724, 0.060635128735],
      [0.021192352776, 0.74671794629, 0.21637669832, 0.01571300261],
      [0.0051255347809, 0.032380733064, 0.62644831088, 0.33604542127],
      [0.24961747718, 0.0050614946107, 0.53820780991, 0.20711321829]
    ],
    [
      [0.65613220019, 0.0068535900589, 0.32885205847, 0.0081621512746],
      [0.03783725909, 0.024051206519, 0.88269116817, 0.055420366222],
      [0.018536174407, 0.74124517095, 0.2270735608, 0.013145093849],
      [0.0044617307228, 0.031565687819, 0.65462594739, 0.30934663407],
      [0.22335785231, 0.0050548121427, 0.57641853175, 0.1951688038]
    ],
    [
      [0.70085081765, 0.0043361099183, 0.28662717666, 0.0081858957731],
      [0.046164169063, 0.019384037374, 0.87210628765, 0.062345505913],
      [0.029203911801, 0.66436126068, 0.28730763333, 0.019127194184],
      [0.005371705904, 0.022120359112, 0.63203953248, 0.34046840251],
      [0.25638878634, 0.003398543075, 0.53353993633, 0.20667273426]
    ],
    [
      [0.70898517309, 0.0057306473553, 0.28037666968, 0.0049075098767],
      [0.048373804959, 0.025572286861, 0.87560104456, 0.050452863621],
      [0.023586977812, 0.74073253163, 0.22351727417, 0.012163216394],
      [0.0058795654844, 0.033111285061, 0.66656125787, 0.29444789158],
      [0.27352208961, 0.0049505102035, 0.54781595022, 0.17371144997]
    ],
    [
      [0.59057600158, 0.008215852584, 0.3922663404, 0.0089418054347],
      [0.028893885349, 0.025487484451, 0.89525455634, 0.050364073863],
      [0.011948866066, 0.74384896682, 0.23161769962, 0.012584467493],
      [0.003467219354, 0.032578713173, 0.67260264386, 0.29135142361],
      [0.18147118349, 0.0054667897301, 0.62030135881, 0.19276066797]
    ],
    [
      [0.70292765005, 0.0053087257205, 0.28530604427, 0.00645757996],
      [0.047096742075, 0.022307800803, 0.88134841952, 0.049247037599],
      [0.025730976161, 0.71108505142, 0.25168554161, 0.011498430802],
      [0.0057691963469, 0.029105374481, 0.67630457439, 0.28882085478],
      [0.26868932082, 0.0043568590859, 0.55619689902, 0.17075692107]
    ],
    [
      [0.6476748155, 0.0070816310423, 0.33474581599, 0.010497737466],
      [0.036551908106, 0.025065774143, 0.8709374915, 0.06744482625],
      [0.017725529279, 0.73720530665, 0.22749678758, 0.017572376493],
      [0.0040656501682, 0.029690374799, 0.60665068586, 0.35959328917],
      [0.20902891582, 0.0049095086365, 0.55123512269, 0.23482645285]
    ],
    [
      [0.5632375911, 0.0080083340747, 0.41666901441, 0.012085060413],
      [0.026075420865, 0.023200335268, 0.88718043723, 0.063543806642],
      [0.0092254719977, 0.72471236748, 0.24779153168, 0.01827062884],
      [0.0029398308286, 0.027848640171, 0.62629442397, 0.34291710503],
      [0.15910290557, 0.00485395576, 0.5998382047, 0.23620493397]
    ],
    [
      [0.63103082063, 0.0067890922605, 0.35302493126, 0.0091551558556],
      [0.034339036315, 0.023173503727, 0.88576917671, 0.056718283248],
      [0.017799688168, 0.72210232568, 0.24422324247, 0.015874743676],
      [0.0040163053279, 0.028863775811, 0.6487072134, 0.31841270546],
      [0.20474536445, 0.004732030813, 0.58445778379, 0.20606482094]
    ],
    [
      [0.62414904581, 0.0058892155596, 0.36163387627, 0.0083278623608],
      [0.033268153715, 0.020928364476, 0.89554125749, 0.050262224322],
      [0.019672407618, 0.68938156458, 0.27612582403, 0.014820203772],
      [0.004026944647, 0.025475323328, 0.67645624273, 0.29404148929],
      [0.2035964529, 0.0041373417108, 0.60361773931, 0.18864846608]
    ],
    [
      [0.65890271285, 0.0047765849154, 0.32724888739, 0.009071814841],
      [0.038775631149, 0.018440277283, 0.88057749993, 0.062206591633],
      [0.024472317261, 0.66260173243, 0.29392005576, 0.01900589455],
      [0.0044402024465, 0.021550999814, 0.63812382206, 0.33588497568],
      [0.22166292334, 0.0034565400532, 0.5624956751, 0.21238486151]
    ],
    [
      [0.9267799467, 0.00051194221185, 0.070390892332, 0.0023172187548],
      [0.18192408896, 0.0073185096446, 0.75003058558, 0.060726815814],
      [0.059302685172, 0.49221141046, 0.39791981998, 0.050566084384],
      [0.022208444698, 0.0096517989456, 0.57900620653, 0.38913354983],
      [0.6183035473, 0.00079607968238, 0.26120885069, 0.11969152233]
    ],
    [
      [0.67451316435, 0.010379415269, 0.30933368602, 0.0057737343582],
      [0.037743910588, 0.041895130883, 0.87736656712, 0.042994391406],
      [0.011472456238, 0.84557433663, 0.13698025833, 0.0059729488038],
      [0.0047820764215, 0.053588300797, 0.68760102368, 0.25402859911],
      [0.24115706412, 0.0083848547748, 0.59564567409, 0.15481240702]
    ],
    [
      [0.44213373367, 0.032254120503, 0.49943919079, 0.026172955031],
      [0.013984899728, 0.066180485393, 0.8900919237, 0.029742691182],
      [0.0013671849653, 0.9529060634, 0.044280915795, 0.0014458358393],
      [0.0017811472381, 0.090844062201, 0.70089236871, 0.20648242185],
      [0.10516257789, 0.016423263734, 0.72835525081, 0.15005890757]
    ],
    [
      [0.71109633711, 0.0028159811409, 0.28056931899, 0.0055183627578],
      [0.048366811594, 0.016361143461, 0.89478199833, 0.040490046613],
      [0.038206198826, 0.57750620181, 0.36743548005, 0.016852119316],
      [0.0061761767512, 0.016509090504, 0.71128876096, 0.26602597178],
      [0.27962937518, 0.0023919374646, 0.56632056911, 0.15165811824]
    ],
    [
      [0.65128197646, 0.0039105269626, 0.33589674592, 0.0089107506597],
      [0.038570487079, 0.016037622134, 0.8863417627, 0.059050128087],
      [0.027635016789, 0.60938072099, 0.34184178451, 0.021142477708],
      [0.0044072257632, 0.017560320343, 0.65187427942, 0.32615817447],
      [0.21859442063, 0.0028070418849, 0.57256557609, 0.20603296139]
    ],
    [
      [0.6488412608, 0.0054999406898, 0.33177543369, 0.013883364819],
      [0.036918486293, 0.019897527133, 0.85961411652, 0.083569870058],
      [0.021744099113, 0.68443196228, 0.26769630504, 0.026127633575],
      [0.003691101937, 0.020851816526, 0.5434633854, 0.43199369614],
      [0.19575179555, 0.0035594427664, 0.50988886786, 0.29079989383]
    ],
    [
      [0.69643949484, 0.0035113506059, 0.28681347313, 0.013235681429],
      [0.044326524108, 0.022769721892, 0.8546998396, 0.078203914401],
      [0.022875106102, 0.72667869499, 0.23055769109, 0.019888507825],
      [0.0046536300899, 0.025508786078, 0.56158938912, 0.40824819471],
      [0.23660611601, 0.0041380266424, 0.50149507899, 0.25776077836]
    ],
    [
      [0.71028352772, 0.012069651492, 0.26797074131, 0.0096760794837],
      [0.046119385928, 0.058565123555, 0.81551689842, 0.079798592094],
      [0.01217302779, 0.86315324272, 0.11498053283, 0.0096931966549],
      [0.0048365196881, 0.057232111902, 0.54754249027, 0.39038887814],
      [0.24961207779, 0.0093375827167, 0.49286056682, 0.24818977268]
    ],
    [
      [0.64921787533, 0.0045462266717, 0.33497778051, 0.011258117484],
      [0.036776953899, 0.016375962815, 0.87380098897, 0.073046094318],
      [0.024423927927, 0.64592763577, 0.30568689216, 0.023961544151],
      [0.0039811964413, 0.018725168122, 0.59633437407, 0.38095926137],
      [0.20537827575, 0.0031011460557, 0.54282151037, 0.24869906782]
    ],
    [
      [0.71570403593, 0.0038550338346, 0.27435531754, 0.0060856126981],
      [0.047035373121, 0.016886762111, 0.8876711239, 0.048406740865],
      [0.027947095206, 0.66658234569, 0.28265901389, 0.022811545218],
      [0.0057301261207, 0.021983264534, 0.67699324197, 0.29529336738],
      [0.27197617979, 0.0032715527959, 0.55432676631, 0.1704255011]
    ],
    [
      [0.74062270611, 0.0062220513035, 0.24550440196, 0.007650840625],
      [0.054627570059, 0.028885047611, 0.84700512843, 0.069482253897],
      [0.02335874677, 0.77184113322, 0.19091406469, 0.013886055324],
      [0.0061164188985, 0.035149797283, 0.59903917576, 0.35969460806],
      [0.28844419519, 0.0052748049182, 0.49466037985, 0.21162062004]
    ],
    [
      [0.54157479505, 0.015221788963, 0.43656520434, 0.0066382116389],
      [0.022754986488, 0.042623482552, 0.90089668557, 0.033724845394],
      [0.0040463789945, 0.85676841154, 0.13644868792, 0.0027365215473],
      [0.0029148391472, 0.058353099891, 0.72147806353, 0.21725399744],
      [0.15892829887, 0.010032507305, 0.68506121913, 0.1459779747]
    ],
    [
      [0.70429389382, 0.0057746697503, 0.28276029533, 0.0071711411033],
      [0.047083081125, 0.023639134095, 0.87430970131, 0.054968083475],
      [0.023949037285, 0.73034306937, 0.23198723168, 0.013720661675],
      [0.0056163304744, 0.030759587407, 0.6508423617, 0.31278172042],
      [0.26521392124, 0.004667987062, 0.54288645431, 0.18723163739]
    ],
    [
      [0.63372868649, 0.0054846237644, 0.3486431652, 0.012143524543],
      [0.034030435681, 0.019835850816, 0.87217557776, 0.073958135743],
      [0.021215964364, 0.67511950455, 0.28086193009, 0.022802600989],
      [0.0037154810054, 0.021407821594, 0.58822533118, 0.38665136622],
      [0.19440434954, 0.0036070706226, 0.54456923732, 0.25741934252]
    ],
    [
      [0.78619255887, 0.0065492812859, 0.20132617076, 0.0059319890879],
      [0.07008148901, 0.036829547868, 0.8324935822, 0.060595380924],
      [0.028386238311, 0.81109887992, 0.14862423114, 0.011890650626],
      [0.0081436023621, 0.045615635179, 0.60605432608, 0.34018643638],
      [0.35033559346, 0.0062861403953, 0.4590169891, 0.18436127704]
    ],
    [
      [0.72830837058, 0.0071620589743, 0.25128092641, 0.013248644041],
      [0.050472099054, 0.031467717575, 0.81213239275, 0.10592779062],
      [0.02293094942, 0.78364237527, 0.1751201109, 0.018306564412],
      [0.0047499650343, 0.031559921272, 0.47852894699, 0.4851611667],
      [0.24520720484, 0.0052178847681, 0.4348380454, 0.314736865]
    ],
    [
      [0.64997799627, 0.0089770996689, 0.33301136764, 0.0080335364209],
      [0.037126682801, 0.032206554636, 0.87834597279, 0.052320789773],
      [0.014527708881, 0.78725542111, 0.18841925572, 0.0097976142927],
      [0.0044235000223, 0.040870966797, 0.65541520641, 0.29929032677],
      [0.22200783199, 0.0065923015124, 0.58089197321, 0.19050789328]
    ],
    [
      [0.53654205796, 0.0075819573811, 0.44426661692, 0.011609367737],
      [0.019295922899, 0.023014242143, 0.89795035968, 0.059739475276],
      [0.013490057395, 0.7015631066, 0.26858319261, 0.016363643397],
      [0.0027324369718, 0.025691899455, 0.65064196134, 0.32093370223],
      [0.14832550378, 0.0044934534219, 0.62532683703, 0.22185420578]
    ],
    [
      [0.63891913874, 0, 0.34722010827, 0.013860752989],
      [0.033624882683, 0.01395995938, 0.92266434453, 0.029750813402],
      [0.019642747166, 0.69304654764, 0.27860141908, 0.0087092861142],
      [0.0044447365376, 0.019950293819, 0.7607043746, 0.21490059505],
      [0.22137275949, 0.0030842382498, 0.65182399246, 0.12371900979]
    ],
    [
      [0.64262750282, 0.002471938528, 0.33772876125, 0.017171797404],
      [0.035018293458, 0.01910464148, 0.88923536172, 0.056641703347],
      [0.020228178817, 0.69560816239, 0.26803261934, 0.016131039458],
      [0.0040385436791, 0.023536719274, 0.64160863096, 0.33081610609],
      [0.20815527029, 0.003853768011, 0.57856894433, 0.20942201738]
    ],
    [
      [0.90416694666, 0.0020348055062, 0.091334922123, 0.002463325713],
      [0.14440725875, 0.023407302355, 0.78008000485, 0.052105434041],
      [0.065421813428, 0.73094238147, 0.17848010929, 0.025155695815],
      [0.017594540575, 0.030844589166, 0.59861149929, 0.35294937097],
      [0.56235767507, 0.0029366559067, 0.31394374953, 0.12076191949]
    ],
    [
      [0.66703696901, 0.0022028895071, 0.3257242839, 0.005035857582],
      [0.028445166685, 0.0049792359834, 0.90781608003, 0.058759517299],
      [0.023524641254, 0.63641671281, 0.32806886628, 0.011989779658],
      [0.0043016218614, 0.011311511775, 0.7280434118, 0.25634345456],
      [0.22223225019, 0.0017880092168, 0.63121723785, 0.14476250274]
    ],
    [
      [0.73032440244, 0.0054297691731, 0.25838600631, 0.0058598220786],
      [0.051684606561, 0.023030080287, 0.87520603525, 0.050079277901],
      [0.025172452753, 0.74309759615, 0.2200871652, 0.011642785904],
      [0.0063840802494, 0.032543427427, 0.66902267869, 0.29204981363],
      [0.29253480278, 0.0047385828459, 0.5360848511, 0.16664176327]
    ],
    [
      [0.83761705613, 0.00232764405, 0.16005529982, 0],
      [0.089247881111, 0.017341573073, 0.89341054582, 0],
      [0.04958292166, 0.69207809632, 0.25833898202, 0],
      [0.034863775639, 0.047508248434, 0.91762797593, 0],
      [0.51752969377, 0.002940781438, 0.47952952479, 0]
    ],
    [
      [0.63682044595, 0.0046218673951, 0.34996009738, 0.0085975892766],
      [0.031144222758, 0.01598820391, 0.898065284, 0.054802289336],
      [0.016679053307, 0.66905855175, 0.27214008935, 0.042122305596],
      [0.0034914337135, 0.019202667916, 0.62547733535, 0.35182856302],
      [0.1908148926, 0.0032610868557, 0.5867016156, 0.21922240494]
    ],
    [
      [0.7947911256, 0.0018830015911, 0.20332587281, 0],
      [0.064004414074, 0.031923142161, 0.90407244376, 0],
      [0.021518965354, 0.82122599368, 0.15725504097, 0],
      [0.009389692839, 0.050733588015, 0.82084108902, 0.11903563013],
      [0.40596454546, 0.0061373910072, 0.58789806353, 0]
    ],
    [
      [0.48017996374, 0.006769064143, 0.5013835658, 0.011667406322],
      [0.018857552022, 0.016742329679, 0.91195713263, 0.052442985672],
      [0.015268060669, 0.66370953484, 0.30018493541, 0.020837469086],
      [0.0022333394371, 0.021115278771, 0.67577007366, 0.30088130813],
      [0.12359796488, 0.0037603860266, 0.66155419171, 0.21108745738]
    ],
    [
      [0.64520172691, 0.0074073907237, 0.33635744412, 0.011033438243],
      [0.03572140327, 0.026351369098, 0.86781462683, 0.070112600798],
      [0.017783800641, 0.74334978788, 0.2218996992, 0.016966712276],
      [0.0040033487915, 0.030429728199, 0.59718219133, 0.36838473168],
      [0.20650804325, 0.0050632373544, 0.54593710376, 0.24249161563]
    ],
    [
      [0.67570804722, 0.0067103999413, 0.3095649211, 0.0080166317398],
      [0.041713996229, 0.025853368832, 0.87637597372, 0.056056661218],
      [0.020214405565, 0.7419952734, 0.22407555774, 0.013714763296],
      [0.0049115320419, 0.032414746004, 0.64614582699, 0.31652789496],
      [0.23986150701, 0.0050984441028, 0.55851169963, 0.19652834925]
    ],
    [
      [0.779114641, 0.0059154661645, 0.20473386298, 0.010236029849],
      [0.069988704872, 0.035674166666, 0.80068177246, 0.093655356004],
      [0.027523310728, 0.77743594087, 0.17467607462, 0.020364673778],
      [0.0064878648732, 0.032934929222, 0.49249009041, 0.46808711549],
      [0.30584254507, 0.0049871550424, 0.40991243035, 0.27925786953]
    ],
    [
      [0.77499975624, 0.0044719877175, 0.21428119477, 0.0062470612806],
      [0.067514954727, 0.025521342315, 0.84523651038, 0.061727192577],
      [0.034355569478, 0.72275981679, 0.22742929136, 0.01545532237],
      [0.0078505008575, 0.030003016008, 0.6213080289, 0.34083845424],
      [0.33692668044, 0.0041519525016, 0.47240361155, 0.1865177555]
    ],
    [
      [0.64178185643, 0.0091945789536, 0.3393612449, 0.0096623197254],
      [0.036028009178, 0.029439519796, 0.8773700838, 0.057162387226],
      [0.015920854716, 0.76858703861, 0.20300545103, 0.012486655646],
      [0.0041947634928, 0.036502490394, 0.63962642411, 0.319676322],
      [0.21299733145, 0.0059677634241, 0.57478526297, 0.20624964216]
    ]
  ],
  "expected_outcome": [
    [
      [188.4968694829, 56.3280075392, 54.3487146058, 35.8468369313, 33.8922938559, 55.8632534569, 28.9240117423, 2.7908715066, 48.8024538083, 302.609229101, 175.9309989699, 97.8179546287, 178.6797610238, 119.5003418769, 198.8743628733, 59.5320440173, 1.9720843286, 66.0116500264, 88.7035334823, 44.616989613, 158.3922847879, 156.685723253, 30.7099520824, 89.2718115566, 80.9593519373, 79.9797379363, 88.3443148877, 40.5696879776, 96.1997960762, 12.9749192538, 13.490263287, 5.7477385377, 66.1319593509, 292.4256074311, 149.8823312442, 53.6258411026, 27.7010575809, 64.921787533, 17.1768968623, 46.6592304849, 12.9977950813, 139.4501909763, 95.6930316601, 101.418840094, 57.5363612755, 82.5472055257, 98.7237386644, 15.3340593297, 30.2034926326, 16.2750050398, 7.3374066591, 42.3588153416, 18.4275752349, 8.9154862433, 10.3322846328, 49.4585362649, 472.287664097, 254.7419338017, 148.0317817908, 730.0497703741, 204.7284121996],
      [1.4736690754, 0.52485805191, 0.74562143917, 0.15854333166, 0.18016566424, 0.15877881006, 0.12451824098, 0.12133148441, 0.23688348731, 2.4970213524, 1.9416078309, 0.54930094639, 1.8476795294, 0.8733670499, 1.8690107907, 0.63783448321, 0.063745073812, 0.26488106618, 0.83559272748, 0.466044124, 0.97996084154, 1.2664730655, 0.42722433437, 0.6742081665, 0.88520388029, 1.1371834386, 0.95047291647, 0.38279901137, 0.69738139765, 0.0071671909659, 0.20758830539, 0.41930356654, 0.26188624611, 1.7558266062, 1.2704862993, 0.27037399666, 0.4707164082, 0.45462266717, 0.09252081203, 0.39198923212, 0.36532293512, 1.1433846106, 0.82817818842, 0.84485728588, 0.56580265897, 1.140091658, 1.3950801581, 0, 0.11618111082, 0.036626499112, 0.024231784578, 0.31492661204, 0.051208169101, 0.064706143531, 0.024479020684, 0.69721360673, 5.4222100097, 2.5298207779, 1.1239385712, 4.2126124299, 2.9330706862],
      [85.9319390509, 21.5009894771, 39.9708072518, 8.3681884504, 10.9275404798, 10.7921430428, 6.7710049256, 4.8212949636, 13.7146673789, 104.4217207703, 86.3563513727, 42.7578656158, 79.7875206702, 46.9821828979, 83.2718381998, 28.5906077669, 2.5970505285, 25.9584954208, 37.403465896, 22.3619399763, 64.7777419258, 61.9632439987, 20.3978497006, 36.233867622, 41.8432269992, 59.1670000464, 49.4234903761, 23.5062019576, 47.7783375594, 0.98547249264, 6.1866737204, 6.4927094803, 26.0929466665, 150.8176389165, 76.6401251833, 22.0846374307, 10.450858911, 33.4977780514, 6.5845276209, 15.4667773237, 10.4775649043, 55.9865384746, 52.6451179455, 25.9710760278, 19.8511931863, 42.2924436908, 81.745057514, 8.3332825986, 15.8732517786, 1.6440285982, 3.5829671229, 14.9863883658, 3.521216596, 4.8994413633, 2.6432363465, 51.6425072772, 246.2136490995, 116.7059752545, 38.8994339666, 201.8528854697, 108.2562371218],
      [2.0975223908, 0.6461449318, 0.93485670318, 0.62643128671, 0, 0.18582469018, 0.18046509113, 0.26650204539, 0.24599532549, 3.4720287763, 2.7710418265, 0.87487880912, 2.6850387765, 1.6441081754, 2.9847881362, 1.2395137326, 0.36712006909, 0.76497348664, 1.0574078942, 0.55502628667, 1.8500124447, 1.0845596827, 0.4649738826, 0.82011265492, 1.3122171832, 1.7160785787, 1.2817218198, 0.54131105345, 1.3244849668, 0.032441062568, 0.11547468716, 0.3402484154, 0.51320773648, 4.0009270462, 3.2070572731, 1.0191474701, 0.37736709987, 1.1258117484, 0.14605470476, 0.48200295938, 0.15931707933, 1.4198859385, 1.8336722059, 0.76522659234, 1.0466428792, 1.0202591255, 2.1361236635, 0.33265807174, 0.80707447797, 0.044339862834, 0.055394433402, 0.33986968056, 0, 0.12036624987, 0, 1.2017428511, 8.0764767938, 3.0222701659, 1.9448456714, 5.8847317263, 3.0822799924]
    ],
    [
      [14.2623816673, 9.7656018135, 3.5379571608, 3.4878696777, 2.1535855165, 7.1607030509, 2.3085030373, 0, 4.8164394855, 18.6248737642, 10.4157773244, 7.2834335757, 14.9024300802, 9.9244096976, 18.7561885393, 4.3545581725, 0.024964849272, 9.8279608397, 6.5866248531, 4.5783083499, 20.9123685854, 9.9166300165, 4.0162500635, 16.9077304051, 10.8924686155, 9.7261319825, 8.172690643, 9.4481556552, 8.1041069102, 4.1842540461, 1.0945734071, 0.13984899728, 5.949117826, 20.4037876648, 11.1124643742, 2.3049792536, 2.582685612, 8.3115915811, 1.2699550743, 4.6979710251, 0.54611967572, 9.9816131984, 18.1041917825, 7.7790452801, 3.6339911319, 5.6803824685, 8.0078080029, 0.30262394415, 1.4357500318, 2.31051614, 0.36978716691, 3.2044456068, 2.3204449089, 0.43601911861, 0.57603972666, 1.5651768178, 51.8674775477, 11.3879209706, 19.0369277251, 66.7047752699, 9.0790583129],
      [6.9559151956, 5.6958012063, 3.0960349294, 1.0078201163, 0.70525847998, 2.0915032424, 0.6557301433, 0.65166235454, 1.4982125547, 9.5871696923, 7.1836797522, 3.0021606357, 9.6612486985, 4.5511378118, 11.0061947857, 2.9510094725, 0.097868972244, 3.8965187925, 3.9056847824, 2.9101959888, 8.7809689302, 5.2423188066, 3.5427603387, 8.0085004883, 7.4696006946, 8.653725055, 5.5152938871, 5.9436555113, 3.8540179521, 0.16832572182, 1.2149587956, 0.66180485393, 2.0124206457, 8.4839021086, 5.9891556671, 1.1840255384, 3.2796469191, 3.7009675961, 0.45594257699, 2.4841140945, 1.0229635813, 5.0114964281, 10.5526726341, 4.0880798133, 2.2656756654, 4.9276028593, 9.5509104893, 0.12563963442, 0.78329030069, 0.37451683768, 0.064730067785, 1.4278649778, 0.4508808999, 0.22383485474, 0.28730827945, 1.3896133633, 38.2621879302, 7.0579696911, 9.7033733331, 25.2150862069, 7.4187589887],
      [297.9317949801, 172.3863609329, 119.1960011388, 39.1876207306, 26.5028273216, 70.326149504, 26.3048903416, 15.5195086102, 63.8631046951, 294.5928977458, 234.7907362128, 145.7866260927, 305.8731027821, 179.9647490938, 360.3376019651, 97.2673973389, 2.2703475199, 182.566385488, 128.5336913118, 106.8056313483, 395.0641483059, 179.4982141346, 124.4403833308, 316.4040826084, 259.5393724673, 330.9183030851, 210.8130640567, 254.3337171261, 184.0406974864, 17.2507034684, 25.4436304466, 8.900919237, 110.0581857949, 468.8747924686, 258.7438490714, 44.4443916592, 45.6689463117, 197.4790235068, 23.9671203454, 72.8424410452, 21.6215204536, 185.3536566767, 463.9974073679, 92.4067876241, 58.4735322779, 134.3869338368, 372.6493992684, 8.3039791008, 36.4586498303, 12.4812800776, 11.8016090404, 54.2627741856, 23.2286741912, 12.5729139759, 8.1366519939, 75.6924420081, 1260.0668381639, 239.2506408256, 217.7854421087, 835.0936722569, 221.0972611175],
      [17.849908157, 13.1522360474, 7.170006771, 7.3166894755, 4.6383286819, 2.4216442027, 1.7308764778, 1.8288290352, 2.8222432647, 24.1950587977, 18.6098067105, 6.9277796959, 25.5632184392, 15.5597033968, 31.9000147099, 10.4270350162, 0.60681865856, 13.7091348797, 8.9739990527, 6.7058643129, 28.2425141785, 10.3428370423, 7.000606267, 17.6796864982, 20.0985582225, 23.7018398774, 13.4989514131, 14.2744717073, 13.0011776513, 1.3967167637, 1.2468373508, 0.29742691182, 4.9802757333, 31.237517758, 25.1545308873, 4.0666035488, 4.4687211573, 16.5084173159, 1.3069820034, 5.9754738352, 0.80939628945, 11.6532336968, 39.3457282155, 6.7260872825, 7.6268009249, 8.0050808353, 24.7918822394, 0.26775732062, 2.3223098372, 0.83368694465, 0.76387372488, 3.1049152299, 0, 0.76723205071, 0, 4.3527678108, 101.8034963581, 15.3034685126, 25.4742568331, 60.9864662664, 14.4049215809]
    ],
    [
      [3.8481589969, 2.1137646075, 0.72763238238, 2.4948783982, 0.80112454224, 4.5744526165, 1.7856111787, 0, 2.6418645361, 15.4210282104, 6.3739304257, 3.559068457, 6.8715551239, 5.9296231527, 10.1169033823, 2.371325279, 0.0029508221566, 5.6815513746, 4.0265470275, 1.6682556966, 10.6594278073, 3.9861992502, 2.2224890883, 12.4023305094, 5.4771885471, 3.6163850231, 4.5745198593, 5.1935156112, 3.5729583201, 1.6604751848, 0.19503175605, 0.0054687398613, 2.6744339178, 7.0192942643, 3.4355676598, 1.1437553051, 0.45040202822, 2.1248817296, 0.81046576097, 1.3781660594, 0.12948412782, 4.4545209349, 8.2105782088, 7.9481467272, 6.0996325458, 6.6101075411, 4.4517189402, 0.13749923016, 0.7282144374, 2.28976347, 0.070573923762, 1.2837950904, 0.59499505992, 0.26686485291, 0.2797465496, 2.3360132823, 23.7235900551, 8.2474774707, 5.66980201, 30.2329011405, 4.3304724827],
      [111.5572147277, 74.865537397, 38.5688758246, 37.7034626504, 18.0706267708, 50.6184088924, 33.1378925757, 32.0879593643, 53.0045241958, 454.4045450883, 264.0202790278, 74.9858399968, 261.5637498109, 160.9744626732, 344.9894067368, 94.5928310441, 2.8383859539, 85.3157589497, 141.8764097954, 66.7120653853, 242.4918601497, 125.1837978447, 138.3559078289, 342.7429947867, 227.7964397541, 284.087248054, 185.5802977004, 181.9967330491, 96.7398529349, 13.781919493, 14.3747637227, 3.8116242536, 40.4254341264, 154.7827031325, 108.1402500395, 36.3339347493, 31.9366699807, 56.1957043117, 19.3308880249, 45.53862686, 27.4165891693, 135.8438109021, 261.271248262, 227.1076863789, 208.4488718218, 358.2012166036, 231.5158251769, 4.8513258335, 25.0418938459, 25.5829833514, 1.9092501384, 37.8979774035, 8.3049371558, 10.704936828, 10.6759379178, 101.54755883, 991.6286170308, 302.7340715464, 160.1518038195, 636.0286387747, 209.0556745012],
      [42.1931046028, 19.6444802643, 12.9941080857, 13.3446895848, 6.0326324807, 21.9254368269, 11.0114458242, 7.1186716884, 20.1568189831, 123.116115931, 76.608877405, 37.6582315171, 73.7765280145, 56.4057139247, 100.7261430568, 27.926043545, 0.13260195155, 54.273982669, 41.1115726812, 20.4366204717, 104.8672861659, 37.7744193346, 43.0808921291, 121.3124310576, 70.2965073624, 97.1342804176, 62.7653733157, 72.8972175439, 42.9123281406, 11.1417549594, 2.3286643915, 0.17712366318, 25.7204836036, 86.8278132654, 42.2960161958, 11.5278845544, 4.2542797149, 26.5947596175, 8.1971114028, 11.2639298164, 4.3663580133, 43.1496250916, 108.6935669464, 41.6147847186, 46.5819494988, 85.7307613522, 88.6324535618, 1.9502099335, 9.6491742962, 6.2468038251, 0.98420659884, 11.224445425, 3.1000677843, 4.3542414295, 2.0443155326, 45.9282951175, 296.0141987381, 91.4228275581, 35.9832713723, 200.1377763996, 55.2174826805],
      [2.4015216726, 1.3762177312, 0.70938370728, 0.45696936669, 1.0956162063, 0.88170166418, 1.0650504214, 0.79336894727, 0.19679228497, 10.0583107703, 5.9969131416, 1.7968600291, 5.7881670507, 4.6902002494, 8.1675468241, 2.1098001319, 0.026061272348, 3.7287070068, 2.985470496, 1.1830584464, 6.9814258772, 2.0555835705, 2.3407109537, 5.5422436464, 5.4298643364, 7.1620865053, 4.0798091247, 3.9125337958, 2.7748606043, 1.4158503628, 0.10154012966, 0.0057833433573, 1.1796483521, 5.3701893378, 4.1281661049, 0.99442539126, 0.35864827623, 2.0846543412, 0.66153481134, 0.8192772641, 0.087568689514, 2.5520430715, 8.8246065829, 3.3293821753, 4.8695461336, 4.4579145032, 5.4000023211, 0.0609650028, 0.58071742049, 0.88044935352, 0.035969338975, 0.5937820811, 0, 0.67395688954, 0, 3.1881327702, 22.633594176, 5.5956234248, 4.1951227982, 13.6006836852, 3.3963703356]
    ],
    [
      [0.16174339627, 0.12085200936, 0.056349675767, 0.03854825833, 0.0081950573992, 0.062912862088, 0.017645378361, 0.0043350416233, 0.060386557538, 0.22056224675, 0.21688504313, 0.09970707071, 0.23404616251, 0.09234297167, 0.28712383839, 0.09844002384, 0, 0.17035903687, 0.19477032167, 0.11600499879, 0.37064770738, 0.20578479195, 0.058942729018, 0.282690621, 0.21954510909, 0.19990849635, 0.10442393853, 0.23758973417, 0.1332060734, 0.088833778791, 0.014346229265, 0.0017811472381, 0.092642651269, 0.19391793358, 0.088586446489, 0.032575410629, 0.019346078752, 0.12341708968, 0.022920504483, 0.091746283478, 0.0087445174416, 0.15725725328, 0.18948953128, 0.14658484252, 0.090249335651, 0.16809300085, 0.14208672253, 0.0044447365376, 0.0080770873581, 0, 0, 0.057456722244, 0.13945510256, 0, 0, 0.033500091557, 0.88474008292, 0.068761448587, 0.1686844867, 0.74579758146, 0.046142398421],
      [0.84183787396, 0.75944867021, 0.5204510981, 0.11911615318, 0.030472132733, 0.12302445352, 0.053613036346, 0.12056818262, 0.20047312915, 1.2089351047, 1.5928464529, 0.37524404359, 1.610279411, 0.45105001671, 1.7939992021, 0.71079112763, 0, 0.45960378802, 1.2304678564, 0.82070788329, 1.5263047787, 1.1588949771, 0.55383812394, 1.4261633496, 1.6032802391, 1.8937075316, 0.75045817108, 1.5030440764, 0.64652999441, 0.038607195782, 0.16076490239, 0.090844062201, 0.24763635756, 0.7726540951, 0.50044359663, 0.17856150255, 0.22892844761, 0.58048021178, 0.087933058135, 0.52724695924, 0.17505929967, 0.86126844739, 1.0917989013, 0.82108143322, 0.59963850417, 1.5530967383, 1.3359787717, 0.019950293819, 0.047073438548, 0, 0, 0.29289084684, 0.19003299374, 0, 0, 0.31672918157, 6.724969932, 0.45380644405, 0.85630815978, 2.8502865208, 0.40152739433],
      [21.211441103, 13.444049622, 12.0481342483, 2.7135898439, 0.73801179798, 3.6174001943, 1.2600297758, 1.9171889609, 5.0193141705, 21.8474580062, 30.6144698522, 12.6254635054, 30.0498711515, 10.4856170552, 34.543743035, 13.7659049824, 0, 19.4779402361, 23.8050358136, 17.0202746322, 43.610727741, 23.3296440255, 11.4342449456, 33.1389241453, 32.7591370365, 42.58802083, 16.8663875484, 39.9109183212, 19.1437146619, 2.3160248261, 2.062803071, 0.70089236871, 10.6693314145, 28.6824682946, 13.0431212495, 3.9311257238, 2.1901699611, 18.4863655961, 2.7079729679, 8.9855876364, 2.1644341906, 18.2235861277, 29.9994918903, 10.9089778694, 9.0920499928, 24.9057778435, 33.8333819896, 0.7607043746, 1.2832172619, 0, 0, 6.0212041082, 3.6705119037, 0, 0, 10.1365511049, 131.9772642836, 9.0460415779, 12.8047423507, 59.024262745, 7.0358906652],
      [9.7849776268, 7.6756496984, 5.3750649778, 4.1287457446, 1.2233210119, 1.1966624901, 0.66871180953, 1.9579078149, 1.7198261428, 13.7230446423, 18.5757986518, 4.8995853803, 19.1058032749, 6.9709899564, 23.3751339246, 11.4248638662, 0, 10.892096939, 12.7697260083, 8.0430124857, 23.4923197729, 10.3056762054, 4.9529742014, 14.1522218842, 19.4180376152, 23.318363142, 8.278730342, 17.3484478682, 10.0765492703, 1.5565341993, 0.76208579732, 0.20648242185, 3.9903895767, 14.3509596767, 10.3678487074, 2.857737363, 1.5615555126, 11.8097371024, 1.1811734695, 5.3954191209, 0.65176199231, 8.7578881716, 19.7192196771, 6.1233558548, 9.2180621674, 11.3730324174, 16.6885525162, 0.21490059505, 0.66163221218, 0, 0, 2.6284483227, 0, 0, 0, 4.5132196219, 81.4130257016, 4.4313905295, 12.1702650028, 32.3796531527, 3.516439542]
    ],
    [
