{
  "Z_true": {},
  "V_true": [
    [23, 51, 802, 182],
    [643, 1139, 180, 35],
    [644, 10511, 397, 557],
    [195, 297, 11705, 556],
    [25, 520, 160, 394],
    [146, 554, 460, 646]
  ],
  "p_true": [
    [0.0217, 0.0482, 0.758, 0.172],
    [0.322, 0.5704, 0.0901, 0.0175],
    [0.0532, 0.868, 0.0328, 0.046],
    [0.0153, 0.0233, 0.9178, 0.0436],
    [0.0227, 0.4732, 0.1456, 0.3585],
    [0.0808, 0.3068, 0.2547, 0.3577]
  ],
  "Z_est": [
    [
      [0.2509, 0.509, 0.3527, 0.7939, 1.7094, 0.8241, 0.4066, 0.5451, 0.1201, 0.1124, 0.2164, 0.2409, 0.0791, 1.4096, 1.1246, 0.0597, 2.2563, 0.2306, 0.3808, 0.1718, 0.4861, 0, 0.0098, 1.5382, 1.2962, 0.4469, 0.6657, 0.3166, 0.5086, 0.8056, 2.2838, 0.3937, 0.7716, 1.8062, 0.1481, 0.0281, 1.4861, 0.3833, 4.6945, 0.3535],
      [0.1563, 0.3282, 0.3495, 0.6387, 1.0403, 0.3166, 0.3479, 0.3132, 0.0324, 0.1596, 0.1344, 0.2209, 0.0423, 0.7717, 0.865, 0.0441, 1.5789, 0.1935, 0.1459, 0.1625, 0.1139, 0, 0.0051, 0.9475, 0.6458, 0.3358, 0.5899, 0.2247, 0.3169, 0.3923, 1.4992, 0.144, 0.5802, 1.6693, 0.0579, 0.0322, 1.2546, 0.1624, 1.5789, 0.1989],
      [7.5081, 25.9586, 19.041, 25.1419, 46.5898, 11.6795, 16.9714, 18.8111, 1.8329, 9.6064, 7.532, 7.3843, 7.8383, 41.233, 79.5674, 1.8677, 107.1062, 5.3506, 5.2611, 5.4296, 11.2989, 0, 0.9797, 68.0824, 19.6866, 14.954, 16.266, 14.2254, 13.0347, 20.5244, 86.9544, 11.3981, 35.3448, 81.1718, 5.7379, 0.9204, 66.4906, 5.3474, 66.3429, 5.3634],
      [0.0847, 0.2041, 0.2568, 0.4256, 0.6606, 0.1797, 0.274, 0.3306, 0.0146, 0.1215, 0.1172, 0.1539, 0.0403, 0.5857, 0.443, 0.0285, 1.0587, 0.2253, 0.2122, 0.2362, 0.1011, 0, 0.0053, 0.432, 0.3714, 0.2633, 0.4784, 0.2333, 0.1398, 0.2777, 1.2626, 0.0641, 0.3034, 1.3527, 0.0561, 0.0193, 0.7687, 0.1069, 1.3836, 0.0841]
    ],
    [
      [32.6385, 26.4385, 21.3572, 28.5626, 43.2127, 11.8443, 17.6863, 21.1994, 3.2275, 5.962, 5.7486, 4.86, 11.5785, 44.9606, 38.6608, 7.0309, 43.6545, 5.1762, 0.7498, 8.7043, 6.2936, 0.9275, 9.4261, 71.238, 73.1903, 14.2116, 39.1962, 11.8036, 19.602, 22.6579, 88.2785, 23.5636, 32.2501, 45.3711, 6.1071, 0.8954, 85.5178, 16.1858, 150.453, 30.9348],
      [22.5509, 18.966, 23.4225, 25.6612, 29.4642, 4.8488, 16.8638, 13.3967, 0.7165, 9.0933, 3.8853, 4.864, 6.3928, 27.4848, 33.0241, 5.5739, 34.2713, 4.6058, 0.2358, 8.7913, 1.4619, 0.0671, 5.104, 48.6652, 40.6702, 11.8643, 38.875, 9.1829, 13.4551, 12.2239, 65.0534, 9.2153, 26.9784, 46.6171, 2.5183, 1.0551, 80.925, 7.3921, 56.2409, 19.1628],
      [1.7225, 2.5559, 2.1488, 1.7098, 2.2549, 0.2942, 1.4015, 1.3634, 0.0537, 0.9172, 0.3537, 0.2626, 1.9845, 2.4634, 5.2715, 0.3795, 3.9935, 0.2064, 0.0134, 0.5044, 0.2386, 0.0054, 1.4296, 6.0968, 1.9249, 0.8898, 1.8253, 0.9817, 0.9347, 1.085, 6.4696, 1.2211, 2.7274, 3.8687, 0.3613, 0.047, 7.3818, 0.3952, 4.1324, 0.867],
      [0.0881, 0.0396, 0.0716, 0.0665, 0.0682, 0.0127, 0.0484, 0.0405, 0.0023, 0.0275, 0.0124, 0.0134, 0.0442, 0.0912, 0.0437, 0.0156, 0.0807, 0.0116, 0.001, 0, 0.0058, 0, 0.0402, 0, 0.2146, 0.0343, 0.1034, 0.0318, 0.0082, 0.0332, 0.1985, 0, 0.0441, 0.1431, 0.0134, 0.0024, 0.1754, 0.0269, 0.1737, 0.0354]
    ],
    [
      [2.3776, 13.9537, 4.6563, 10.4247, 23.7258, 7.6152, 13.2434, 8.5276, 2.1051, 1.2782, 5.7966, 3.906, 3.5783, 6.439, 18.126, 3.7641, 19.4588, 2.6548, 2.0388, 1.2357, 5.5199, 0.0475, 2.0432, 12.2219, 4.9355, 8.5821, 16.0263, 6.545, 9.4797, 15.3211, 13.9673, 5.5223, 2.4203, 4.7594, 1.4017, 1.3445, 19.6371, 5.6813, 58.2871, 2.8796],
      [70.2177, 418.9972, 232.9222, 397.5854, 677.5856, 149.647, 559.9433, 226.992, 28.7086, 189.1676, 164.4099, 172.0087, 80.224, 167.0574, 660.7001, 127.0359, 644.4216, 103.3833, 35.74, 57.2962, 63.3249, 1.5033, 46.2043, 350.1185, 116.845, 304.0724, 694.5232, 218.5413, 273.1138, 354.9347, 432.4783, 96.057, 86.2374, 210.2493, 27.3931, 73.0549, 794.9805, 118.3262, 994.3509, 76.934],
      [1.578, 16.7366, 6.3642, 7.81, 15.4127, 2.7022, 13.9501, 6.9925, 0.5732, 5.7712, 4.4409, 2.3935, 6.2615, 4.4219, 33.1321, 2.433, 22.7285, 1.587, 0.7932, 1.3375, 3.1229, 0.0225, 3.4865, 13.5106, 1.5957, 6.6935, 9.1044, 7.0229, 5.7846, 9.3617, 12.8522, 3.9587, 2.6064, 5.2327, 1.1466, 0.7218, 21.811, 1.8434, 22.9114, 1.0851],
      [4.8267, 33.3125, 22.0573, 34.18, 55.276, 11.0355, 56.8633, 30.4879, 1.613, 18.783, 18.3526, 15.6918, 9.9361, 16.0818, 44.0418, 10.7671, 55.3911, 14.3749, 6.428, 10.1305, 7.0324, 0.4268, 6.2659, 21.1489, 8.6239, 30.652, 71.346, 28.8907, 14.622, 32.3825, 46.7022, 5.462, 5.736, 21.7585, 3.0585, 5.8788, 62.5715, 10.1492, 112.4506, 4.1013]
    ],
    [
      [0.4414, 1.1271, 0.317, 1.3106, 2.764, 0.7389, 0.8581, 0.9593, 0.1978, 0, 0.393, 0.2694, 0.3142, 1.7103, 1.8042, 0.5457, 3.7506, 0.3875, 0.5225, 0.3223, 0.1269, 0.025, 0.1696, 2.5936, 1.0612, 0.8141, 1.7803, 0.8156, 0.9783, 1.7733, 3.5174, 0.5439, 0.624, 1.168, 0.3302, 0.2214, 2.5722, 0.929, 5.5111, 1.2373],
      [3.9352, 10.1916, 10.8148, 16.2543, 24.9984, 5.9524, 13.3263, 7.7808, 1.1688, 5.8002, 3.1822, 3.8429, 1.1814, 13.7808, 30.6014, 5.0594, 41.7748, 4.9357, 2.7992, 7.1444, 3.1115, 0.7475, 0.4838, 23.3026, 8.2677, 9.2258, 26.2626, 8.872, 8.9051, 13.7062, 35.2433, 3.8267, 6.8253, 23.0986, 1.0807, 3.7148, 40.1771, 6.9565, 45.9238, 10.174],
      [87.6881, 362.5604, 267.8384, 293.1031, 511.7613, 98.4166, 294.9404, 207.8482, 29.1422, 164.0417, 83.0029, 58.5807, 79.4207, 339.2632, 1235.836, 101.329, 1301.0682, 59.3593, 42.0707, 97.4163, 140.0602, 13.8886, 43.7381, 731.3385, 114.5604, 187.7851, 324.4924, 249.0746, 163.1884, 329.0799, 932.1213, 131.6804, 189.584, 510.7815, 61.2458, 48.9882, 961.7671, 105.0196, 843.1649, 128.8078],
      [1.9353, 5.1209, 7.0298, 9.332, 13.4763, 2.892, 8.8752, 6.4116, 0.4912, 4.1582, 2.4218, 2.307, 1.0838, 9.2457, 7.7584, 3.0659, 23.4064, 4.3176, 2.6075, 6.117, 2.7014, 1.3389, 0.6085, 5.7653, 4.1107, 6.1749, 17.4647, 7.2378, 2.9281, 8.4406, 25.1179, 0.949, 2.9667, 15.9519, 1.3432, 2.0756, 20.4836, 4.0949, 32.4001, 3.7809]
    ],
    [
      [0.0005, 0.0026, 0, 0.0009, 0.0028, 0, 0, 0.0022, 0, 0, 0.0006, 0.0001, 0.0027, 0.0013, 0, 0.0006, 0.0016, 0.0006, 0.0019, 0, 0, 0, 0.001, 0.0024, 0.0005, 0.0006, 0, 0.0009, 0.0025, 0.0007, 0.0023, 0.0001, 0.0005, 0, 0.0002, 0.0009, 0, 0, 0, 0.0002],
      [7.005, 28.2374, 19.2203, 28.9979, 41.6083, 4.0163, 44.8367, 17.4851, 0.7892, 20.9815, 5.1051, 4.0113, 4.5011, 19.2537, 43.2355, 5.4805, 46.833, 6.9597, 4.3563, 2.1962, 7.6844, 0.6821, 2.0583, 32.0599, 14.7729, 12.9202, 51.3649, 17.362, 20.7817, 41.0149, 48.9356, 3.5238, 8.9096, 37.305, 1.3212, 12.4342, 78.7315, 7.2622, 54.319, 3.3971],
      [1.444, 10.1349, 4.6973, 5.141, 8.4652, 0.6483, 9.9096, 4.7349, 0.1613, 5.6477, 1.2408, 0.5783, 3.8772, 4.6087, 18.2865, 0.9982, 14.4896, 0.8241, 0.6491, 0.3186, 3.3372, 0.0836, 1.6278, 10.6045, 1.983, 2.5791, 6.428, 4.9429, 3.8359, 9.6841, 12.9384, 1.2297, 2.3995, 8.2257, 0.5104, 1.4675, 19.0766, 1.0361, 10.5256, 0.3935],
      [0.5504, 2.625, 2.0824, 2.8603, 3.9238, 0.3354, 5.2538, 2.7779, 0.0495, 2.3708, 0.6535, 0.4103, 0.6191, 2.1363, 3.478, 0.5207, 4.6757, 1.2156, 0.9927, 0.4852, 0.9783, 0.2343, 0.3129, 2.3332, 1.2436, 1.5001, 6.2072, 2.6941, 1.3799, 4.3003, 6.1237, 0.2463, 0.6904, 4.4692, 0.1682, 1.0975, 7.192, 0.7017, 7.1554, 0.2092]
    ],
    [
      [1.2911, 4.9691, 1.3168, 2.9074, 7.5853, 2.9774, 3.8056, 2.7664, 0.3495, 0.6474, 1.8448, 1.7236, 1.4472, 2.4792, 5.2844, 0.599, 5.8782, 0.5503, 0.3063, 0.5659, 1.5734, 0, 0.3503, 5.4059, 1.5164, 4.9447, 4.3315, 1.5182, 4.4289, 4.4415, 5.9507, 0.9764, 0.9335, 1.8953, 1.0127, 0.5097, 5.7867, 1.8206, 20.0543, 0.5945],
      [5.1349, 20.2795, 8.2707, 14.8625, 29.3033, 7.2188, 20.682, 10.0323, 0.5845, 5.7978, 7.2831, 10.0523, 4.6584, 8.6517, 25.5739, 2.8063, 26.1204, 2.9221, 0.7227, 3.4094, 2.3034, 0, 1.1445, 20.9062, 4.7983, 23.5814, 24.3843, 6.8171, 17.4275, 13.7279, 24.7901, 2.2331, 4.4691, 11.0606, 2.6287, 3.7087, 30.9314, 4.9007, 42.5864, 2.1332],
      [2.0592, 14.0535, 3.9104, 5.0942, 11.5161, 2.2591, 8.827, 5.2498, 0.2367, 3.0158, 3.4297, 2.8005, 7.6179, 4.0098, 20.9066, 0.9925, 15.6139, 0.6727, 0.2125, 0.9934, 1.9423, 0, 1.7382, 13.3673, 1.2494, 9.0985, 5.8839, 3.7524, 6.2217, 6.265, 12.6642, 1.5119, 2.338, 4.7196, 1.9979, 0.8551, 14.473, 1.3583, 15.9228, 0.4831],
      [8.5148, 38.6978, 18.5021, 30.1358, 56.5953, 12.5446, 49.6853, 32.9515, 0.8293, 13.539, 19.4424, 21.4236, 13.2766, 19.8593, 42.2351, 5.6022, 53.3875, 10.8549, 3.7585, 16.0312, 6.1809, 0, 3.767, 31.3206, 8.4359, 56.3754, 60.4003, 21.9123, 23.922, 29.5656, 63.595, 3.2786, 7.2595, 27.3245, 7.3606, 6.9265, 57.8088, 9.9204, 114.4366, 2.7892]
    ]
  ],
  "V_est": [
    [30.2169, 18.5913, 995.8348, 13.357],
    [1131.3573, 790.841, 72.7381, 2.0636],
    [351.5282, 10497.2869, 291.2945, 968.8904],
    [45.5264, 494.4309, 11925.0543, 287.9884],
    [0.0312, 811.9506, 199.7642, 87.2539],
    [117.34, 458.8992, 219.3141, 1010.4467]
  ],
  "p_est": [
    [0.0286, 0.0176, 0.9412, 0.0126],
    [0.5665, 0.396, 0.0364, 0.001],
    [0.029, 0.8669, 0.0241, 0.08],
    [0.0036, 0.0388, 0.9351, 0.0226],
    [0, 0.7388, 0.1818, 0.0794],
    [0.065, 0.2541, 0.1214, 0.5595]
  ],
  "EI_Z": {},
  "EI_V": 7.1863,
  "MAE_Z": {},
  "MAE_V": 184.5789,
  "MAE_p": 0.0837,
  "runtime": 0.15
}
