{
  "Z_true": {},
  "V_true": [
    [45, 53, 50, 1501, 168, 3020, 42],
    [44, 1018, 31, 99, 718, 232, 67],
    [258, 566, 280, 369, 7923, 983, 393],
    [119, 99, 144, 648, 94, 8234, 130],
    [72, 58, 1415, 193, 406, 1293, 75],
    [750, 24, 46, 152, 305, 1046, 79],
    [41, 95, 47, 56, 356, 260, 462]
  ],
  "p_true": [
    [0.0092, 0.0109, 0.0102, 0.3076, 0.0344, 0.619, 0.0086],
    [0.0199, 0.4608, 0.014, 0.0448, 0.325, 0.105, 0.0303],
    [0.024, 0.0525, 0.026, 0.0343, 0.7355, 0.0913, 0.0365],
    [0.0126, 0.0105, 0.0152, 0.0684, 0.0099, 0.8697, 0.0137],
    [0.0205, 0.0165, 0.4029, 0.055, 0.1156, 0.3682, 0.0214],
    [0.3122, 0.01, 0.0192, 0.0633, 0.127, 0.4355, 0.0329],
    [0.0311, 0.0721, 0.0357, 0.0425, 0.2703, 0.1974, 0.3508]
  ],
  "Z_est": [
    [
      [0.0045, 0, 0.0667, 0, 0.1283, 0, 0, 0.0846, 0.0981, 0.0678, 0.1115, 0.0017, 0.0022, 0, 0.1373, 0, 0.1288, 0.0422, 0.1014, 0.2377, 0, 0.1754, 0.1356, 0, 0, 0, 0, 0.0493, 0.1154, 0.1025, 0.0314, 0.0717, 0, 0, 0.0073, 0.1765, 0, 0.1821, 0.042],
      [0.0088, 0.2488, 0.1655, 0.025, 0.1538, 0.128, 0.1018, 0.4487, 0.3122, 0.2251, 0.1886, 0.003, 0.0052, 0.0088, 0.1344, 0.0465, 0.1155, 0.106, 0.0414, 0.0957, 0.0839, 0.1879, 0.1942, 0.0265, 0.1531, 0.0078, 0.6597, 0.075, 0.2335, 0.1892, 0.0719, 0.0879, 0.0543, 0.055, 0.0198, 0.2166, 0.058, 0.9418, 0.0724],
      [0.0066, 0.2548, 0.0981, 0, 0.1888, 0, 0.1632, 0.1245, 0.1443, 0.0997, 0.164, 0.0025, 0.091, 0.0066, 0.164, 0.0692, 0, 0.2561, 0, 0, 0.0734, 0.258, 0.1995, 0.0346, 0, 0.0082, 0.0684, 2.979, 0.1698, 0.1509, 0.0462, 0, 0, 0.09, 0.4107, 0, 0.0239, 0.2679, 0.0618],
      [1.6358, 45.0644, 29.0379, 1.9114, 45.0343, 36.9257, 39.3844, 41.2101, 43.913, 35.6269, 52.6784, 1.6906, 0.8962, 3.0182, 45.7892, 12.2228, 22.8738, 45.3802, 18.2469, 40.2324, 23.2966, 72.4065, 52.7905, 6.0764, 32.4162, 0.8542, 21.0123, 19.5081, 56.4521, 39.4863, 13.1042, 25.0709, 30.5647, 17.838, 2.6716, 60.6904, 6.2231, 92.7723, 17.5169],
      [0.3629, 3.8283, 2.8821, 0.3836, 1.8979, 2.8909, 1.9695, 1.5463, 3.5212, 3.1056, 4.0992, 0.0013, 0.2059, 0.1901, 3.1589, 1.1101, 1.6823, 2.7073, 0.8927, 1.7957, 1.8772, 4.4612, 3.8932, 0.1977, 5.4237, 1.3791, 1.234, 2.3087, 5.6333, 2.918, 1.2763, 1.8914, 0.9547, 1.3192, 0.9306, 5.0533, 0.7824, 5.8965, 1.4383],
      [5.9814, 134.5928, 86.6097, 5.6795, 181.5832, 130.0452, 156.3692, 107.5767, 127.0008, 81.8676, 141.7462, 1.3008, 2.7995, 4.7759, 149.6042, 70.5462, 68.1941, 148.4963, 47.7135, 114.6291, 63.6636, 235.4921, 184.7724, 18.6632, 85.9995, 7.6726, 60.0206, 63.0746, 143.3835, 140.1421, 41.4667, 100.8703, 104.4262, 45.694, 8.9593, 248.8443, 21.4989, 224.9198, 55.864],
      [0, 0.0111, 0.1401, 0.0005, 0.0138, 0.0102, 0.0119, 0.0091, 0.0105, 0.0073, 0.012, 0.0002, 0, 0.0005, 0.012, 0.005, 0.0056, 0.0118, 0.004, 0.0094, 0.0053, 0.0188, 0.0145, 0.0015, 0.0075, 0.0781, 0.005, 0.0053, 0.0124, 0.011, 0.0034, 0.0077, 0, 0.0039, 0.0008, 0.0189, 0.4137, 0.0195, 0.0045]
    ],
    [
      [0.0431, 1.5395, 1.2283, 0.0431, 0.7613, 0.7159, 0.5906, 2.3233, 2.1351, 1.5697, 1.1238, 0.0428, 0.4433, 0.0286, 0.977, 0.4009, 1.7784, 0.7704, 1.6383, 1.1449, 0.4623, 0.9131, 1.1127, 0.1569, 0.0081, 0, 0.0049, 4.578, 1.134, 1.1287, 0.4176, 0.6732, 0.3443, 0.2736, 0.0875, 1.1934, 0.243, 4.2089, 0.6812],
      [2.0193, 64.9756, 49.7082, 2.3081, 33.8362, 30.3468, 24.6565, 110.5111, 86.9973, 63.3815, 46.6825, 0.8699, 1.3941, 1.6046, 39.8896, 12.7463, 31.507, 30.9855, 12.5661, 27.818, 20.0688, 40.1996, 46.6825, 6.6689, 39.035, 2.3952, 32.0605, 20.5472, 53.2363, 47.6612, 18.0495, 26.7679, 15.0516, 12.4212, 4.4061, 50.3536, 12.9127, 218.0418, 22.8844],
      [0.0589, 2.1034, 1.6654, 0.0573, 1.0399, 0.9638, 0.8233, 2.9952, 2.7923, 2.0546, 1.5768, 0.5066, 0.2602, 0.0377, 1.3704, 0.5572, 0.0377, 1.3854, 0.4913, 0.9387, 0.6577, 1.3445, 1.6067, 0.2143, 1.2055, 0.0918, 0.9795, 2.5278, 1.6357, 1.5469, 0.58, 0.9018, 0.4803, 0.3979, 0.1727, 1.6191, 0.3556, 5.54, 2.3084],
      [0.4993, 17.484, 13.5748, 0.5188, 9.551, 8.8168, 7.6126, 24.9439, 23.3384, 17.3927, 13.6037, 0.9727, 0.6004, 0.2806, 11.8515, 4.5554, 8.8921, 9.7271, 4.627, 8.8493, 5.7234, 12.5004, 13.408, 1.8567, 11.5886, 0.7603, 9.1087, 8.1905, 13.9789, 13.0232, 4.7348, 7.7695, 4.8944, 3.6252, 0.9985, 14.4652, 2.7182, 46.4449, 8.0224],
      [0.2243, 9.5647, 7.2728, 0.0336, 4.5978, 4.1135, 4.6542, 9.8223, 9.3586, 7.264, 9.8072, 0.2936, 1.169, 0.0224, 7.6088, 2.7058, 3.268, 6.4355, 2.2153, 4.3858, 4.3455, 7.2199, 9.3045, 0.5392, 5.3797, 0.6912, 3.2517, 5.6217, 6.9968, 7.3791, 3.1157, 4.6173, 2.2623, 2.034, 0.2569, 8.1928, 0.5485, 16.1302, 2.8869],
      [0.1517, 12.2059, 12.3575, 0.0356, 3.1516, 4.9845, 2.6146, 11.2137, 25.202, 18.2081, 4.1154, 0.3109, 0.1329, 0.0238, 6.2228, 7.0016, 9.4522, 3.6339, 4.4314, 4.8069, 0.7047, 0.7484, 4.7951, 1.5511, 6.7079, 1.0555, 6.5337, 8.4761, 0.9266, 8.1682, 2.0683, 6.2151, 0.9389, 0.2257, 0.0713, 7.0784, 0.202, 4.2875, 11.1603],
      [0.0035, 0.1269, 0.1929, 0.0035, 0.0623, 0.0588, 0.0482, 0.1904, 0.1763, 0.1293, 0.0905, 0.0035, 0, 0.0024, 0.0799, 0.0329, 0.0646, 0.0623, 0.0306, 0.0564, 0.0376, 0.074, 0.0905, 0.0129, 0.0752, 0.0059, 0.0611, 0.0588, 0.0917, 0.0928, 0.0341, 0.0552, 0.0282, 0.0223, 0.0071, 0.0975, 0.02, 0.3466, 0.0564]
    ],
    [
      [0.0227, 0, 0, 0, 0.327, 0, 0, 1.4163, 0, 1.0424, 1.5409, 0.0397, 0.0684, 0, 1.3518, 0, 0.8975, 0, 0.4315, 3.6188, 0, 1.6316, 1.405, 0, 0, 0, 0, 0.9008, 6.4496, 1.0056, 0.4872, 0, 0, 0, 0, 1.354, 0, 6.6661, 0],
      [0.461, 13.0234, 7.0011, 1.0349, 8.0867, 6.9748, 3.61, 34.26, 16.5403, 10.676, 6.8917, 0.1094, 0.2523, 0.5515, 5.6884, 1.9691, 4.9425, 4.4851, 1.7503, 4.0475, 3.1428, 8.8694, 7.8048, 1.1792, 8.6672, 0.3282, 9.3952, 3.1724, 14.9298, 10.9646, 3.8147, 3.7194, 2.2972, 2.6785, 0.7657, 11.885, 5.709, 98.6493, 3.063],
      [0.0556, 4.3095, 2.5379, 0, 1.7661, 0, 0.6532, 0, 1.193, 2.5588, 8.4688, 0.3001, 0.0209, 0, 4.6716, 2.072, 0, 2.6422, 0, 0, 1.5714, 4.0051, 3.4488, 0.2016, 0, 0.0973, 0.7038, 3.5761, 15.3105, 2.5522, 1.196, 0, 0, 3.0868, 0.9387, 0, 0.751, 2.9941, 0.9526],
      [0.0383, 3.9832, 0.0581, 0.1124, 1.2027, 5.0615, 1.1796, 0.0852, 0.0882, 2.3939, 0.1078, 0.3003, 0.0148, 0.3514, 6.2197, 0.0241, 4.5647, 1.7656, 0.6071, 1.0835, 0.0475, 2.6836, 0.1003, 0.1401, 1.2001, 0.0023, 1.1332, 0.0452, 0.1169, 1.6417, 0.0256, 0.0452, 2.2818, 5.2155, 0.006, 2.2186, 0.0128, 3.5626, 0.6319],
      [7.0124, 451.6274, 335.2537, 17.8055, 217.2531, 191.7254, 220.8693, 432.8568, 412.5879, 326.1611, 481.5241, 12.4877, 2.401, 20.7374, 368.8921, 130.2896, 142.4211, 317.1428, 104.471, 202.301, 208.9103, 515.8469, 453.1903, 22.3576, 241.5236, 12.7176, 144.3468, 273.2528, 673.9794, 299.2318, 149.5235, 220.1562, 107.5098, 155.1432, 112.7173, 395.3191, 92.512, 687.5443, 121.9207],
      [0.2009, 31.1798, 0.0123, 1.0083, 17.258, 13.2635, 12.7729, 11.0896, 3.2912, 7.5695, 16.9441, 0.5537, 0.0336, 0.7323, 45.2601, 13.9281, 13.3068, 43.9319, 19.8128, 4.3042, 0, 17.3628, 9.0502, 0.3246, 0, 0.1567, 8.3063, 20.9955, 31.7099, 24.1478, 4.9018, 17.5519, 9.983, 13.325, 3.2289, 48.8921, 3.0934, 49.4355, 4.7327],
      [0.2092, 15.8766, 20.1369, 1.0388, 8.1065, 5.9747, 11.9151, 20.2922, 18.2993, 17.5983, 28.5225, 0.2092, 0.2092, 0.6275, 15.9162, 7.7171, 7.8674, 10.0324, 1.9273, 11.6449, 12.328, 25.6006, 21.0006, 4.7968, 5.6091, 0.6979, 12.1147, 16.0572, 24.504, 15.4563, 12.0512, 15.5273, 2.9282, 6.551, 17.3433, 18.3312, 5.9218, 51.1481, 5.6991]
    ],
    [
      [0.1553, 1.8626, 2.4072, 0.1007, 1.8123, 1.3592, 1.6613, 4.8881, 2.8146, 3.0535, 21.0515, 0.522, 0.1326, 0.0503, 4.1711, 0.7551, 2.7297, 3.2218, 5.463, 4.6585, 1.5102, 7.8094, 10.1106, 0.2014, 1.2585, 0, 0.7551, 3.505, 7.5619, 2.1929, 4.5042, 1.9769, 0.7551, 0.7551, 0.7306, 5.6595, 0.4027, 9.7832, 0.7258],
      [0.0338, 0.7852, 0, 0.1994, 2.072, 0.6948, 0, 10.3478, 0.6475, 0.3987, 0.9821, 0, 0, 0.0387, 0, 0, 0.3527, 0, 0, 0, 0.517, 1.3409, 1.1815, 0, 0.476, 0, 0.3455, 0, 1.2612, 0.5488, 0.36, 0, 0, 0.3624, 0.195, 0, 0.1981, 9.336, 0],
      [0.1357, 6.9011, 8.1928, 0.0905, 3.3873, 1.7641, 2.3974, 2.5331, 4.4779, 3.5298, 11.2551, 0.1667, 0.9518, 0.0452, 6.6908, 2.7306, 1.0856, 7.6553, 0.6333, 2.0807, 6.4941, 21.8886, 16.4975, 1.6906, 1.4475, 0.0517, 2.2621, 4.1045, 10.96, 6.3916, 4.6445, 1.5379, 1.357, 3.521, 4.6403, 3.483, 5.2751, 12.0371, 1.7176],
      [0.2787, 16.2816, 4.8071, 0.597, 17.9282, 13.0378, 12.2949, 11.9164, 13.0885, 10.6047, 16.6585, 2.0614, 0.1249, 1.214, 15.6145, 1.9978, 6.9452, 8.0683, 7.9107, 14.1055, 8.2541, 42.5773, 16.3369, 2.4279, 12.911, 0.1873, 6.5673, 3.7458, 20.6788, 13.7996, 3.1349, 5.5615, 10.0631, 6.3461, 0.4994, 18.0112, 1.0613, 32.9586, 4.7237],
      [0.7768, 8.5965, 12.0688, 0.3413, 2.4895, 3.4301, 7.183, 3.3943, 9.9945, 2.1134, 10.2798, 1.3777, 1.1422, 0.4257, 7.9756, 1.2694, 3.2774, 3.1, 1.0211, 8.4757, 9.0822, 21.5614, 11.0395, 0.3112, 11.8197, 3.2008, 3.2482, 5.3043, 13.2447, 2.916, 4.1708, 5.04, 1.6264, 3.4483, 3.6751, 3.8543, 3.319, 16.6568, 3.1537],
      [12.5439, 284.8713, 199.1318, 11.2825, 340.6438, 289.5016, 359.406, 225.932, 231.6507, 136.2174, 363.6997, 11.7964, 3.5727, 13.9882, 298.9815, 153.7889, 128.6919, 390.53, 133.3659, 302.8948, 184.3084, 451.6211, 426.4461, 43.346, 166.2746, 15.2835, 126.3001, 173.9496, 459.5517, 349.7636, 129.2342, 205.8323, 222.1376, 133.2153, 74.5165, 482.214, 67.5387, 673.3893, 100.8742],
      [0.0758, 5.7016, 5.3922, 0.3887, 1.667, 1.2123, 4.0576, 5.9884, 5.3262, 9.0825, 8.0732, 0.0758, 0.0758, 0.2379, 5.5665, 2.4582, 2.9174, 2.4247, 0.6062, 3.7847, 3.834, 8.2014, 7.3878, 2.0229, 2.8128, 0.2767, 3.5217, 4.3908, 8.7417, 7.3874, 2.9513, 4.0514, 1.0608, 2.3517, 7.743, 3.778, 4.205, 14.8389, 1.805]
    ],
    [
      [0.0136, 0.1663, 0.1773, 0.0061, 0.1455, 0, 0, 0.1637, 0.1334, 0.097, 0.2789, 0, 0.0085, 0, 0.2456, 0, 0.2839, 0.2577, 0.63, 0.7949, 0, 0.2941, 0.3577, 0, 0, 0, 0, 0.1152, 0.332, 0.2107, 0.0879, 0.1091, 0, 0, 0.1016, 0.2759, 0, 0.3502, 0.0364],
      [0.0016, 0.0435, 0.0261, 0.0022, 0.0239, 0.0203, 0.0183, 0.0725, 0.0496, 0.0359, 0.034, 0, 0.001, 0.1109, 0.0212, 0.0073, 0.0187, 0.0167, 0.0065, 0.0151, 0.0151, 0.032, 0.0364, 0.0043, 0.7908, 0.0013, 0.0199, 0.0118, 0.0425, 0.0324, 0.0128, 0.0139, 0.0086, 0.0095, 0.0059, 0.036, 0.4633, 0.1523, 0.0125],
      [2.6481, 82.4731, 57.5668, 1.7598, 44.4899, 34.6126, 46.635, 48.4167, 43.2247, 33.5676, 93.1252, 0, 2.6616, 0.7804, 75.7886, 26.6773, 21.9867, 79.7595, 12.8128, 40.3757, 40.3705, 101.1318, 112.8466, 7.512, 27.6743, 0.6654, 20.947, 42.4575, 112.3561, 64.5351, 28.6735, 30.1405, 26.8753, 26.1502, 33.4336, 68.7764, 24.0815, 111.3232, 13.7151],
      [0.0789, 1.577, 1.0361, 0.0364, 0.8686, 0.9787, 0.9491, 0.9737, 0.8037, 0.5906, 1.6384, 0, 0.0352, 0.7099, 1.4392, 0.4853, 0.4797, 1.5075, 0.3039, 5.8994, 0.7213, 1.7424, 2.0806, 0.1268, 1.2973, 0.0098, 0.3918, 0.6771, 1.9438, 1.234, 0.5119, 0.6428, 3.1277, 0.4322, 0.0033, 1.6216, 0.007, 2.0893, 0.2209],
      [0.7443, 2.8721, 2.0821, 0.0982, 1.4298, 1.243, 1.525, 3.1356, 2.2627, 0.3192, 3.042, 0, 0.0405, 2.2274, 2.4341, 0.8424, 0.8942, 2.2353, 0.6216, 1.4975, 1.5121, 3.2566, 3.182, 0.1686, 1.4466, 0.0508, 0.8485, 1.5812, 4.0276, 1.9983, 0.9521, 1.3307, 0.8375, 0.9228, 0.8241, 2.6327, 0.642, 4.1986, 0.659],
      [5.5134, 90.7597, 56.0405, 2.0949, 48.9839, 43.0967, 56.8082, 55.1721, 41.4724, 29.3507, 85.7696, 0, 1.2532, 7.1646, 81.9728, 26.9542, 29.3045, 86.12, 18.6052, 68.3463, 38.3318, 87.4252, 117.3532, 6.1586, 36.7496, 0.2721, 20.7016, 31.1109, 100.1649, 70.905, 27.7266, 39.7193, 42.1509, 20.456, 32.5909, 108.5467, 21.7776, 112.746, 9.3416],
      [0, 0.1082, 0.0711, 0.0024, 0.0584, 0.0486, 0.0645, 0.0657, 0.0535, 0.0389, 0.1119, 0, 0, 0.0067, 0.0985, 0.0334, 0.0322, 0.1034, 0.0201, 0.0711, 0.0493, 0.118, 0.1435, 0.0297, 0.0413, 0.0006, 0.0913, 0.0462, 0.1332, 0.0845, 0.0353, 0.0438, 0, 0.0292, 0.0407, 0.1107, 0.0286, 0.1405, 0.0146]
    ],
    [
      [1.4396, 28.5782, 28.5782, 1.4396, 30.5441, 23.311, 27.704, 32.4424, 32.6404, 33.4528, 77.2987, 0, 0, 0.916, 35.9915, 11.5905, 16.3496, 55.8854, 26.5433, 42.9912, 25.2317, 53.0227, 55.2327, 2.9216, 21.5073, 0, 13.3089, 36.1047, 72.5505, 27.6942, 15.7224, 20.938, 11.4137, 12.3401, 5.9438, 48.0051, 6.3805, 80.5063, 4.3905],
      [0.0064, 0.1402, 0.1402, 0.0064, 0.1678, 0.1317, 0.1806, 0.1338, 0.1615, 0.1657, 0.3442, 0, 0, 0.0085, 0.1444, 0, 0.0659, 0, 0, 0, 0.1402, 0.2634, 0.2634, 0.0255, 0.1296, 0.0064, 0.0829, 0, 0.3505, 0.1402, 0.0637, 0, 0, 0.0744, 0.0276, 0.2464, 0.0382, 0.3505, 0.0149],
      [0.0759, 1.6691, 1.6691, 0.0759, 1.9978, 1.5679, 2.1496, 1.5932, 1.922, 1.9726, 4.0968, 0, 0, 0.1012, 2.0737, 0.7587, 0.784, 4.0846, 0, 2.4025, 1.6691, 3.1359, 3.1359, 0.3035, 1.5426, 0.0759, 0.9863, 2.1383, 4.1727, 1.6691, 0.7587, 1.2897, 1.138, 1.6576, 0.3288, 2.9335, 0.4552, 4.1727, 0.177],
      [0.9558, 23.5888, 20.1184, 1.0384, 25.3894, 20.6305, 25.5657, 22.4677, 25.5077, 24.5199, 45.5805, 0, 0, 1.8442, 26.8409, 8.8968, 11.2817, 40.7227, 14.5526, 28.7241, 18.9616, 41.2961, 36.8341, 3.8231, 20.7435, 0.8732, 15.9948, 21.2148, 47.1973, 21.9362, 9.0621, 15.5873, 20.0023, 11.3436, 3.3705, 36.0757, 5.1563, 55.7081, 1.8489],
      [0.0766, 2.3944, 2.0461, 0.1003, 1.845, 1.518, 4.2081, 0.9277, 2.4265, 6.4505, 3.9083, 0, 0, 0.2303, 2.3732, 0.849, 0.4565, 3.1886, 1.0638, 2.0541, 1.9033, 3.4668, 3.2632, 0.2475, 1.6921, 0.6559, 1.0288, 2.0103, 4.5339, 1.9074, 0.9169, 1.4475, 1.002, 2.0617, 0.5426, 2.9447, 0.5572, 4.6136, 0.1031],
      [0.4103, 8.8497, 12.6684, 0.304, 18.1227, 14.1085, 24.188, 4.691, 12.4442, 10.5172, 28.858, 0, 0, 0.8525, 13.6077, 7.5506, 1.6962, 43.3588, 7.2496, 17.706, 17.3146, 21.3504, 23.8061, 3.468, 14.6643, 1.3532, 7.1377, 15.6106, 34.246, 11.8733, 3.1219, 11.135, 11.4439, 7.1092, 2.6331, 24.4244, 4.7105, 17.6999, 0.383],
      [0.0354, 0.7796, 0.7796, 0.0354, 0.9331, 0.7323, 1.004, 0.7441, 0.8977, 0.9213, 1.9135, 0, 0, 0.0472, 0.9686, 0.3544, 0.3662, 1.76, 0.5906, 1.1221, 0.7796, 1.4647, 1.4647, 1.2108, 0.7205, 0.0354, 0.4607, 0.9213, 1.949, 0.7796, 0.3544, 0.6024, 0, 0.4134, 0.1536, 1.3702, 0.702, 1.949, 0.0827]
    ],
    [
      [0.3212, 4.8534, 4.5422, 0.4105, 2.2814, 1.6138, 3.0442, 5.6816, 4.1785, 3.7168, 5.5947, 0.394, 1.3449, 0.005, 4.1259, 2.2535, 1.8321, 3.8225, 1.1924, 3.5539, 2.7957, 4.1538, 4.6457, 0.7202, 2.2261, 0, 0.9312, 3.747, 6.8566, 2.6653, 1.7493, 2.2311, 2.4868, 1.6312, 1.1293, 3.3357, 0.9737, 11.3032, 1.1242],
      [0.4692, 7.7832, 6.9589, 1.4241, 3.6596, 2.7036, 4.4329, 10.226, 7.2915, 6.1172, 7.8768, 0.0178, 0.3474, 0.6771, 6.1219, 3.2308, 2.9977, 5.4067, 1.6357, 5.0238, 4.0322, 6.1068, 6.8371, 1.0956, 3.7484, 0.2612, 1.4364, 5.1936, 9.9462, 4.4636, 2.6273, 3.411, 3.5883, 2.399, 1.5799, 5.2625, 1.6206, 20.5283, 1.9528],
      [0.0193, 0.2891, 0.2698, 0.0166, 0.1301, 0.0916, 0.1783, 0.3373, 0.2458, 0.2168, 0.3132, 0.0241, 0.0145, 0.0289, 0.2409, 0.1349, 0.106, 0.2168, 0.0626, 0.2024, 0.1638, 0.2361, 0.265, 0.0434, 0.1301, 0.0096, 0.053, 0.2168, 0.3951, 0.1542, 0.1012, 0.1301, 0.1494, 0.0964, 1.0753, 0.1879, 0.0578, 0.665, 0.0675],
      [0.5132, 11.021, 8.3678, 0.7855, 8.026, 6.549, 8.0137, 11.403, 10.2605, 8.8712, 12.7326, 1.9751, 0.3286, 1.5816, 10.2449, 3.8178, 4.9628, 9.8286, 3.7517, 9.1058, 5.9956, 13.7936, 11.4496, 1.549, 6.8433, 0.3129, 0.7919, 6.6185, 14.6322, 7.879, 3.4265, 5.3227, 7.0659, 4.1993, 0.4505, 10.9173, 1.8212, 24.4642, 3.0353],
      [1.8027, 3.1165, 2.3944, 0.2376, 1.4869, 0.0791, 1.591, 10.3171, 2.8485, 2.5861, 3.3393, 0.8396, 0.0414, 0.1667, 2.5572, 0.9336, 1.0006, 2.1906, 0.7146, 1.4903, 2.3695, 0.1871, 3.1274, 0.1781, 1.7145, 0.3045, 0.042, 1.9211, 4.5843, 0.6494, 1.0447, 1.5169, 0.8073, 1.0708, 0.0535, 1.0032, 0.6389, 4.9599, 0.8382],
      [0.1984, 8.5407, 9.1797, 1.5952, 0.2569, 0, 3.8412, 3.3249, 3.9386, 2.2695, 4.867, 1.0382, 0.2081, 1.4627, 5.3509, 6.2304, 1.3543, 5.9292, 0.8216, 5.3126, 3.677, 0, 3.7768, 0.4884, 1.6041, 0.2063, 0, 7.7827, 11.0174, 0, 1.4805, 0.6761, 6.9194, 1.9748, 0, 0, 0.1788, 15.522, 0.6442],
      [0.6761, 24.396, 24.2873, 2.5306, 11.159, 7.963, 15.8988, 28.7102, 22.2365, 21.2224, 30.2764, 0.7114, 0.7151, 2.0779, 21.3583, 11.399, 9.7466, 17.6055, 4.8213, 17.3112, 14.9662, 24.5226, 24.8984, 4.9253, 10.7335, 0.9054, 7.7456, 19.5204, 34.5681, 16.1884, 10.5705, 13.7122, 9.9828, 8.6284, 9.7116, 18.2935, 6.7089, 60.5574, 6.3378]
    ]
  ],
  "V_est": [
    [2.3021, 5.9512, 6.6757, 1153.524, 87.1007, 3622.5395, 0.9067],
    [36.9195, 1364.248, 45.8824, 371.5044, 185.5912, 202.1718, 2.6827],
    [30.6566, 333.3914, 72.6359, 50.3531, 9283.5237, 523.6519, 477.7874],
    [123.0687, 32.675, 176.7066, 385.3812, 215.4052, 8378.2883, 156.475],
    [5.6731, 2.2267, 1643.0277, 39.2729, 60.6186, 1759.0114, 2.1697],
    [1020.9113, 4.015, 60.7349, 755.2553, 71.016, 460.6684, 29.399],
    [109.4687, 170.4927, 7.3369, 262.709, 66.7446, 121.6687, 578.5795]
  ],
  "p_est": [
    [0.0005, 0.0012, 0.0014, 0.2364, 0.0179, 0.7425, 0.0002],
    [0.0167, 0.6176, 0.0208, 0.1682, 0.084, 0.0915, 0.0012],
    [0.0028, 0.0309, 0.0067, 0.0047, 0.8618, 0.0486, 0.0444],
    [0.013, 0.0035, 0.0187, 0.0407, 0.0228, 0.8849, 0.0165],
    [0.0016, 0.0006, 0.4678, 0.0112, 0.0173, 0.5009, 0.0006],
    [0.425, 0.0017, 0.0253, 0.3144, 0.0296, 0.1918, 0.0122],
    [0.0831, 0.1295, 0.0056, 0.1995, 0.0507, 0.0924, 0.4393]
  ],
  "EI_Z": {},
  "EI_V": 14.6434,
  "MAE_Z": {},
  "MAE_V": 206.5559,
  "MAE_p": 0.0613,
  "runtime": 1.6227
}
