{
  "Z_true": {},
  "V_true": [
    [111, 444, 470, 118, 11359, 585],
    [479, 140, 62, 6030, 574, 524],
    [18, 28, 18, 108, 562, 427],
    [5, 3, 558, 17, 246, 20],
    [266, 348, 30, 512, 770, 613]
  ],
  "p_true": [
    [0.0085, 0.0339, 0.0359, 0.009, 0.868, 0.0447],
    [0.0613, 0.0179, 0.0079, 0.7722, 0.0735, 0.0671],
    [0.0155, 0.0241, 0.0155, 0.093, 0.4841, 0.3678],
    [0.0059, 0.0035, 0.6572, 0.02, 0.2898, 0.0236],
    [0.1048, 0.1371, 0.0118, 0.2017, 0.3033, 0.2414]
  ],
  "Z_est": [
    [
      [0.9563, 1.0493, 0, 0, 0, 2.0972, 0, 0, 0, 0.142, 0.1982, 0, 0, 0, 0.3723, 4.3728, 1.1831, 1.4937, 0.5116, 13.4498, 3.5847, 0, 0, 0, 0, 0, 0, 0.9053, 0.0482, 0, 0, 0.1764, 0, 0, 6.6296, 0, 4.7167, 0.1366],
      [0.0771, 0, 0, 0, 0.4566, 4.6429, 0, 0.7911, 3.0775, 0, 0, 2.5616, 0.1364, 4.9783, 0.8242, 3.1071, 0, 0, 2.0951, 4.6151, 1.4409, 4.6665, 2.4485, 0, 0, 0, 0, 2.3927, 0.5944, 0, 0, 0.1118, 34.3224, 0, 0, 1.3875, 20.6923, 0.3024],
      [0, 0, 0, 1.8735, 0, 2.8202, 10.4332, 5.6204, 2.0237, 0, 0, 10.4397, 0, 11.0146, 0, 7.6906, 4.6998, 3.3662, 3.2262, 1.103, 0.6235, 8.3017, 9.6257, 11.3381, 3.117, 0, 16.8835, 9.2893, 0, 0.4038, 9.9601, 0, 0.2033, 0, 0, 2.3931, 48.2846, 0],
      [0.109, 0.6203, 3.0861, 0.8361, 3.4251, 28.9723, 9.2433, 0, 0, 0, 0, 0.0864, 2.8984, 0, 0, 4.3926, 2.4394, 10.1325, 0, 0, 0, 0, 0, 0, 4.1628, 3.437, 1.9015, 0, 0.1509, 1.4816, 6.1935, 0.4817, 15.1417, 0, 16.9965, 1.9137, 0, 0.4275],
      [11.8576, 17.3304, 239.8747, 107.5963, 70.5858, 714.1949, 564.5969, 321.3554, 478.2566, 48.3427, 69.7516, 402.9853, 19.9652, 627.7701, 134.2487, 477.9542, 269.4645, 360.3552, 175.5037, 578.5179, 223.3534, 332.014, 576.3525, 524.8931, 183.3502, 353.4193, 362.6086, 310.5707, 16.4183, 15.503, 276.6591, 9.4002, 446.612, 82.1465, 973.5239, 227.3727, 1278.5195, 50.1335],
      [0, 0, 14.0392, 5.6942, 2.5325, 30.2725, 61.7266, 20.2331, 35.6422, 4.5153, 4.0502, 15.927, 0, 38.2369, 3.5547, 26.4827, 13.2132, 31.6524, 9.6635, 10.3141, 13.9975, 19.0178, 7.5733, 43.7687, 2.3699, 53.1437, 28.6064, 14.8421, 0.7883, 7.6117, 41.1873, 1.8299, 17.7206, 9.8535, 52.8501, 0.9329, 68.7868, 0]
    ],
    [
      [1.7295, 2.1357, 2.5792, 0, 0, 45.0591, 16.3289, 0, 10.1987, 2.0714, 3.0794, 0, 0, 0.948, 6.947, 84.7773, 5.3183, 9.2547, 9.1894, 17.8394, 4.3133, 0.0817, 1.3184, 3.0394, 2.2859, 6.8712, 4.3135, 5.435, 0.5496, 0.5903, 6.4558, 0.4188, 16.1864, 0, 29.8999, 2.0027, 26.0472, 3.2664],
      [0.989, 0, 0, 0, 0.2767, 5.904, 5.3859, 0.8627, 8.4356, 0.6325, 0, 5.6137, 2.9902, 6.1596, 1.8859, 28.9467, 0, 1.1187, 1.4324, 6.9395, 4.2129, 8.812, 2.0184, 1.4537, 0, 0, 1.2213, 1.7416, 1.5939, 0, 0, 0.265, 11.3784, 0, 0.3843, 3.0486, 11.5516, 0.2407],
      [0, 0, 0, 2.1891, 0, 0, 6.2793, 2.8186, 2.8329, 0, 0, 3.9596, 0, 12.942, 0, 0, 1.2988, 2.2602, 3.7105, 4.3567, 1.0534, 1.4931, 13.8973, 19.6882, 0.6648, 0, 3.2179, 2.0018, 0, 0.1696, 2.0454, 0, 4.8476, 0, 4.7019, 0.9204, 6.3612, 0],
      [31.3977, 44.9394, 141.3848, 39.8836, 15.3117, 1091.0774, 403.8977, 44.918, 220.5782, 36.7916, 29.6616, 118.8022, 26.0098, 124.8313, 52.3567, 706.4576, 108.9722, 190.0163, 66.3608, 361.4927, 82.9788, 111.0464, 95.2128, 82.1871, 56.6522, 157.8372, 108.6192, 88.9371, 19.8091, 13.9116, 169.7174, 8.4859, 402.2303, 53.6077, 619.7289, 76.3728, 526.394, 66.6624],
      [2.8838, 3.9249, 12.2366, 4.688, 1.325, 85.9594, 36.7099, 4.1308, 33.5442, 4.3966, 11.9086, 10.9117, 0, 12.3146, 9.4489, 34.8183, 10.764, 17.2248, 6.8588, 33.2026, 8.0279, 23.8234, 10.9217, 9.0411, 5.0661, 14.4969, 9.9764, 8.3396, 1.0474, 1.247, 15.5881, 0.7794, 36.9438, 4.9882, 55.6494, 7.1971, 48.4789, 7.8306],
      [0, 0, 0.7994, 0.2393, 0.0866, 0, 2.3982, 0.2699, 1.4104, 1.1079, 0.3504, 0.7128, 0, 0.8045, 0.3615, 0, 0.6467, 1.1253, 0.4481, 2.1691, 2.4138, 0.7434, 0.6314, 0.5906, 0.331, 6.7947, 0.6517, 0.5448, 0, 0.0815, 6.1932, 0.0509, 2.4135, 5.4042, 3.6355, 0.4583, 3.1671, 0]
    ],
    [
      [0.0055, 0, 0, 0, 0, 0, 0, 0, 0, 0, 0, 0, 0, 0, 0, 0, 0, 0, 0, 0, 0, 0, 0, 0, 0, 0, 0, 0, 0, 0, 0, 0.0027, 0, 0, 0, 0, 0, 0],
      [0.3662, 0, 1.8312, 0.7325, 0.3662, 14.4665, 6.5923, 3.6624, 9.8885, 0.3662, 1.6481, 5.3105, 0.1831, 5.3105, 4.2118, 15.5652, 4.0635, 6.2261, 2.7468, 13.0015, 5.4936, 4.9443, 4.3949, 6.9586, 2.3806, 9.8885, 6.2261, 3.6624, 0.3717, 0, 6.5923, 0.1831, 18.6783, 3.2962, 22.5238, 3.2962, 11.1703, 0.7325],
      [0, 0, 0.0273, 0.0109, 0.0055, 0.2156, 0.0983, 0.0546, 0.1474, 0.0055, 0, 0.0791, 0.0027, 0.0791, 0.0628, 0.232, 1.5303, 0.0928, 0.0409, 0.1938, 0.0819, 0.0737, 0.0655, 0.1037, 0.0355, 0.1224, 0.0928, 0.0546, 0, 0.0082, 0.0983, 0, 0.2784, 0, 0.3357, 0.0491, 0.1665, 0.0109],
      [0.0153, 0, 0.0763, 0.0305, 0.0153, 0.6027, 0.2746, 0.1526, 0.412, 0.0153, 0.0687, 0.2212, 0.0076, 0.2212, 0.1755, 0.6484, 3.6932, 0.2594, 0.1144, 0.5416, 0.2289, 0.206, 0.1831, 0.2899, 0.0992, 0.437, 0.2594, 0.1526, 0.0153, 0.5722, 0.2746, 0.0076, 0.7781, 0.1373, 0.9383, 0.1373, 0.4654, 0.0305],
      [1.4279, 0, 7.1397, 2.8559, 1.4279, 56.4033, 25.7028, 14.2793, 38.5542, 1.4279, 6.4257, 20.705, 0.714, 20.705, 16.4212, 60.6871, 34.2704, 24.2749, 10.7095, 50.6916, 21.419, 19.2771, 17.1352, 27.1307, 9.2816, 38.5542, 24.2749, 14.2793, 1.4279, 2.1419, 25.7028, 0.714, 72.8246, 12.8514, 87.8179, 12.8514, 43.5519, 2.8559],
      [0.1851, 0, 0.9256, 0.3702, 0.1851, 7.3119, 3.332, 1.8511, 4.998, 0.1851, 0.8576, 2.6841, 0.0926, 2.6841, 2.1288, 7.8672, 4.4427, 3.1469, 1.3883, 6.5714, 2.7767, 2.499, 2.2213, 3.5171, 1.2032, 4.998, 3.1469, 1.8511, 0.1851, 0.2777, 3.332, 0.0926, 9.4406, 1.7151, 11.3843, 1.666, 5.6459, 0.3702]
    ],
    [
      [0, 0, 0.1662, 0, 0, 0.1738, 0.1511, 0, 0.1284, 0.9716, 1.8985, 0.2644, 0.0076, 0.7706, 0.0453, 0.0378, 0.2493, 0.1284, 0.0604, 0.1587, 0.0378, 0.0604, 0.612, 0.4835, 0.068, 0.0378, 0.204, 0.204, 0, 0.0076, 0.0831, 0, 0.0604, 0.0151, 0.4306, 0.1662, 0.9897, 0.1735],
      [0, 0, 0.0625, 0.0255, 0.9199, 0.0653, 0.0568, 0.1249, 0.0483, 0.0057, 0.017, 0.0994, 0.0028, 0.2896, 0.017, 0.0142, 0.0937, 0.0483, 0.0227, 0.0596, 0.0142, 0.0227, 0.2299, 0.1817, 0.0255, 0.0142, 0.0766, 0.0766, 0, 0, 0.0312, 0, 0.0227, 0.0057, 0.1618, 0.0625, 0.3719, 0.017],
      [0, 0, 18.9727, 8.8477, 11.9218, 22.4371, 19.5105, 43.2212, 16.5839, 0.9945, 4, 34.1434, 0.9755, 99.5037, 5.8532, 4.8776, 32.1924, 16.5839, 7.8042, 20.4861, 4.8776, 7.8042, 79.0176, 62.4337, 8.7797, 4.8776, 26.3392, 26.3392, 0, 0.9784, 10.7308, 0, 7.8042, 1, 55.605, 21.4616, 127.7939, 4.9891],
      [0, 0, 2.7059, 0.0888, 1.0992, 0.2269, 0.1973, 0.4341, 0.1677, 0.0197, 0.0592, 0.3453, 0.0099, 1.0063, 0.0592, 0.0493, 0.3256, 0.1677, 0.0789, 0.2072, 0.0493, 0.0789, 0.7991, 0.6314, 0.0888, 0.0493, 0.2664, 0.2664, 0, 0.0099, 0.1085, 0, 0.0789, 0.0197, 0.5624, 0.217, 1.2924, 0.7951],
      [0, 0, 0.0362, 0.0148, 0.023, 0.0378, 0.0329, 0.1067, 0.0279, 0.0033, 0.0099, 0.0575, 0.0016, 0.1676, 0.0099, 0.0082, 0.0542, 0.0279, 0.0131, 0.0345, 0.0082, 0.0131, 0.1331, 0.1052, 0.0148, 0.0082, 0.0444, 0.0444, 0, 0.0016, 0.0181, 0, 0.0131, 0.0033, 0.0937, 0.0362, 0.2153, 0.0099],
      [0, 0, 0.0566, 0.0231, 0.036, 0.0591, 0.0514, 0.1131, 0.0437, 0.0051, 0.0154, 0.09, 0.0026, 0.2622, 0.0154, 0.0129, 0.0848, 0.0437, 0.0206, 0.054, 0.0129, 0.0206, 0.2082, 0.1645, 0.0231, 0.0129, 0.0694, 0.0694, 0, 0.0026, 0.0283, 0, 0.0206, 0.9562, 0.1465, 0.0566, 0.3367, 0.0154]
    ],
    [
      [3.3088, 2.815, 10.2546, 0, 0, 50.6699, 22.52, 1, 13.6728, 2.815, 3.8239, 7.7356, 0.9924, 15.2814, 6.6353, 39.8121, 9.2493, 23.1232, 7.2386, 28.5521, 12.0643, 10.8578, 13.0696, 14.4771, 8.6461, 17.091, 15.4825, 10.4557, 0.4021, 0.4021, 11.4611, 0.4021, 28.7532, 2.9849, 45.0399, 5.8311, 46.2464, 4.4236],
      [2.5677, 2, 8.1063, 1.242, 4.9805, 53.9213, 23.965, 8.5589, 14.5502, 2.9956, 3.3349, 9.4148, 1.6875, 16.262, 7.0611, 42.3667, 9.8428, 24.6069, 7.703, 30.3842, 12.8384, 11.5546, 13.9083, 15.4061, 5.5939, 16.0973, 16.476, 11.1266, 0.4401, 0, 10.3764, 0.4401, 30.5982, 2.6982, 47.93, 6.2052, 49.2139, 4.7074],
      [0, 0, 0, 0.0788, 0.0727, 1.527, 0.6787, 7.2852, 0.4121, 0, 0, 1.3782, 0.0217, 0.4605, 0.0841, 1.1998, 0.2787, 0.6969, 0.2181, 0.8605, 0.3636, 0.3272, 0.3939, 0.4363, 1.403, 0, 0.4666, 0.3151, 0, 0.4401, 2.1654, 0, 0.8665, 0, 1.3574, 0.1757, 1.3937, 0],
      [1.478, 2.4403, 3.7469, 0.161, 0.1486, 3.1207, 1.387, 0.4953, 0.8421, 0.1734, 0.2105, 0.5449, 0.0743, 0.9412, 0.4087, 2.452, 0.5696, 1.4241, 0.4458, 1.7585, 0.743, 0.6687, 0.8049, 0.8916, 2.9971, 3.2395, 0.9535, 0.644, 0.0248, 0.0248, 0.7059, 0.0248, 1.7709, 0.2353, 2.7739, 0.3591, 2.8482, 3.0844],
      [1.8306, 0.7447, 2.7128, 4.8451, 0.6383, 13.4045, 5.9576, 2.1277, 3.6171, 0.8295, 0.9043, 2.3405, 0.3192, 4.0426, 1.8712, 10.5321, 2.4469, 6.1171, 1.9149, 7.5533, 3.1915, 2.8724, 3.4575, 3.8299, 2.2873, 4.5214, 4.0958, 2.766, 0.1064, 0.1064, 3.032, 0.1064, 7.6065, 1.0107, 11.9151, 1.5426, 12.2343, 1.1702],
      [2.8149, 6, 26.1793, 6.6732, 6.1598, 129.3565, 57.4918, 20.5328, 34.9057, 7.1865, 8.7264, 22.5861, 2.9049, 39.0123, 16.9395, 101.6373, 23.6127, 59.0318, 18.4795, 72.8914, 30.7992, 27.7193, 33.3658, 36.959, 22.0727, 44.0508, 39.5256, 26.6926, 1.0266, 1.0266, 29.2592, 1.0266, 73.4047, 12.071, 114.9836, 14.8863, 118.0635, 8.6144]
    ]
  ],
  "V_est": [
    [42.0235, 95.7224, 184.735, 118.53, 11933.3584, 712.6308],
    [330.5319, 125.4953, 103.7104, 6595.5324, 606.6945, 47.0355],
    [0.0082, 207.3326, 4.4555, 12.7583, 828.915, 107.5304],
    [8.8458, 3.2875, 819.7415, 12.562, 1.4298, 3.1334],
    [497.5906, 531.1622, 25.3576, 45.6173, 140.6023, 1298.6699]
  ],
  "p_est": [
    [0.0032, 0.0073, 0.0141, 0.0091, 0.9118, 0.0545],
    [0.0423, 0.0161, 0.0133, 0.8446, 0.0777, 0.006],
    [7.0521e-06, 0.1786, 0.0038, 0.011, 0.714, 0.0926],
    [0.0104, 0.0039, 0.9655, 0.0148, 0.0017, 0.0037],
    [0.196, 0.2092, 0.01, 0.018, 0.0554, 0.5115]
  ],
  "EI_Z": {},
  "EI_V": 12.3993,
  "MAE_Z": {},
  "MAE_V": 210.3334,
  "MAE_p": 0.0844,
  "runtime": 1.4583
}
