{
  "Z_true": {},
  "V_true": [
    [20, 1121, 171, 1815, 92],
    [176, 477, 219, 11278, 352],
    [144, 245, 8419, 575, 392],
    [900, 111, 384, 969, 153],
    [43, 98, 531, 454, 923]
  ],
  "p_true": [
    [0.0062, 0.3482, 0.0531, 0.5638, 0.0286],
    [0.0141, 0.0382, 0.0175, 0.9021, 0.0282],
    [0.0147, 0.0251, 0.8613, 0.0588, 0.0401],
    [0.3576, 0.0441, 0.1526, 0.385, 0.0608],
    [0.021, 0.0478, 0.2592, 0.2216, 0.4505]
  ],
  "Z_est": [
    [
      [0.0573, 0.1926, 0.055, 0.3141, 0.1788, 0.3577, 0, 0.3577, 0.2843, 0.0894, 0.1605, 0.0382, 0.2064, 0.0252, 0.0183, 0.0115, 0.1903, 0.2018, 0.1169, 0.0046, 0, 0.1192, 0, 0.0138, 0, 0, 0.266, 0.1399, 0, 0.3783, 0, 0.0871, 0.5067, 0, 1.0456, 0.376, 0.83, 0],
      [12.7367, 42.7952, 12.2272, 69.7969, 39.7384, 79.4768, 51.7773, 73.7401, 63.1738, 19.8692, 35.6627, 5.0947, 45.852, 5.6041, 4.0757, 1.9285, 42.2857, 44.8331, 25.9828, 1.0189, 18.4784, 26.4923, 2.5473, 3.0568, 6.814, 30.568, 59.0981, 31.0775, 5.7498, 84.062, 3.835, 19.3597, 107.4856, 0.5095, 232.3167, 83.5525, 184.4269, 39.5232],
      [0.4038, 1.3569, 0.3877, 2.213, 1.2599, 2.5199, 5.7651, 8.4951, 2.003, 0.63, 1.1307, 0.1615, 1.4538, 0.1777, 0.1292, 0.0808, 1.3407, 1.4215, 0.8238, 0.0323, 0.5815, 0.84, 0.0808, 0.1061, 0.3231, 1.1985, 1.8737, 1.0786, 5.3364, 2.6652, 1.9937, 0.6138, 3.5698, 0, 7.3658, 2.6491, 5.8474, 1.2438],
      [11.764, 39.5269, 11.2934, 64.4665, 36.7036, 73.4071, 51.2909, 73.4071, 58.3492, 18.4114, 32.9391, 4.7056, 42.3503, 5.1761, 3.7645, 2.9793, 39.0563, 41.4091, 23.9985, 0.9411, 16.9401, 24.469, 2.3528, 2.8234, 10.9883, 28.2335, 54.5848, 28.7041, 9.8817, 77.6421, 2.1591, 17.8812, 109.4378, 0.4905, 214.5746, 77.1716, 170.3421, 36.233],
      [0.0382, 0.1285, 0.0367, 0.2095, 0.1193, 0.2386, 0.1667, 0, 0.1896, 0, 0.107, 0, 0.1376, 0.0168, 0.0122, 0, 0.1269, 0.1346, 0.078, 0.0031, 0, 0.0795, 0.0191, 0, 1.8747, 0, 0.1774, 0, 0.0321, 0.2523, 0.0122, 0.0581, 0, 0, 0.6973, 0.2508, 0.5536, 0]
    ],
    [
      [0, 2.0508, 0.4168, 3.8964, 0, 2.2192, 0, 1.352, 3.6464, 0, 3.182, 0.0819, 8.1752, 0.4916, 2.0665, 0.0836, 3.9604, 12.8194, 0, 1.5674, 0, 1.4609, 0, 0.1571, 0, 0, 3.1957, 0.1557, 0, 1.8095, 0, 0.3141, 2.6289, 0, 20.7774, 5.2954, 9.6346, 0],
      [2.7014, 11.6978, 4.1845, 9.5066, 6.9056, 17.1297, 0, 0, 7.6243, 6.7345, 9.1152, 1.8746, 0, 0.8577, 2.022, 0, 4.6097, 3.2849, 3.7201, 1.5775, 2.4256, 3.5487, 0.274, 0.3513, 0, 0.9739, 5.5753, 0, 0, 6.5389, 0.0715, 9.8898, 0, 0.0312, 0, 1.9951, 39.6031, 2.3358],
      [4.3328, 1.3606, 0, 0, 5.5767, 16.4793, 7.5169, 6.758, 0, 0, 0, 2.8583, 0, 0, 4.3257, 1.1862, 16.9103, 0, 6.4714, 0.5845, 0.8922, 0, 0.2533, 3.9949, 0, 2.18, 5.1547, 3.9746, 3.3511, 2.9188, 0.0831, 0.5067, 5.5004, 0, 45.4826, 0, 0, 0.8591],
      [125.5252, 312.0267, 100.3987, 775.9437, 385.9167, 289.1415, 372.1948, 189.89, 610.4608, 214.2655, 451.4945, 7.1851, 499.8226, 70.6506, 34.1386, 29.7302, 558.7983, 687.6342, 513.7405, 21.0461, 77.6823, 250.0997, 22.0925, 18.4967, 42.5182, 73.8461, 448.8308, 262.8698, 56.9655, 250.7637, 5.7542, 34.774, 376.8707, 0.9688, 1995.6697, 560.7146, 1143.1888, 74.8051],
      [0.4405, 10.8641, 0, 8.6533, 1.601, 0.0303, 2.2883, 0, 18.2685, 0, 2.2083, 0, 4.0022, 0, 1.4472, 0, 4.7214, 17.2614, 5.068, 0.2245, 0, 2.8907, 0.3802, 0, 0.4818, 0, 5.2435, 0, 0.6835, 2.9691, 0.0911, 0.5154, 0, 0, 15.0704, 3.9949, 37.5735, 0]
    ],
    [
      [0, 2.1042, 0.5498, 3.7749, 0, 11.1181, 0, 5.1654, 5.3927, 0, 9.4519, 0.2852, 13.3806, 0.6979, 0.3489, 0.0634, 4.0286, 3.796, 0, 0.1798, 0, 1.7976, 0, 0.0944, 0, 0, 23.4332, 2.7281, 0, 0.789, 0, 2.3552, 1.2358, 0, 16.104, 3.6268, 8.5966, 0],
      [1.6284, 3.6411, 1.0922, 10.1835, 9.181, 8.0141, 0, 0, 12.6106, 2.2322, 13.1435, 0.2562, 2.9474, 8.2645, 0.6038, 0, 6.9712, 6.5687, 4.0803, 0.3111, 1.9297, 4.3675, 0.6221, 1.4034, 0, 3.385, 2.3429, 1.3673, 0, 18.9352, 0, 6.4403, 0, 0.0951, 0, 6.2759, 29.9477, 3.3926],
      [84.6088, 187.0773, 48.7582, 328.3712, 298.9476, 418.8678, 247.0842, 354.6415, 472.7541, 110.3435, 370.8014, 13.4586, 203.6254, 55.0379, 31.0229, 5.6405, 358.173, 326.3459, 211.9973, 15.9815, 84.7776, 147.8644, 31.9397, 23.5022, 20.7749, 177.2751, 521.1043, 247.5378, 127.365, 557.0678, 9.9364, 92.9274, 363.8136, 0.8802, 1431.7521, 316.0426, 749.2184, 93.5487],
      [2.1963, 4.9108, 1.2832, 12.3982, 7.8475, 0, 6.2928, 17.1931, 12.5855, 9.4242, 10.0191, 0, 5.6018, 1.9997, 0.8144, 0.296, 9.4021, 8.8592, 5.5031, 0.4195, 1.2927, 4.1952, 0.839, 0, 2.0788, 4.3399, 0.114, 6.3668, 0, 0, 0, 0, 21.9506, 0.0247, 65.4503, 14.8715, 20.0628, 3.0587],
      [0.5665, 1.2666, 0.3166, 2.2722, 2.024, 0, 1.623, 0, 6.6571, 0, 2.5841, 0, 1.4448, 0, 0.21, 0, 2.425, 13.4302, 1.4193, 0.1082, 0, 11.7753, 0.5992, 0, 0.1464, 0, 2.0056, 0, 0.635, 7.208, 0.0636, 3.277, 0, 0, 9.6935, 2.1831, 5.1746, 0]
    ],
    [
      [7.2439, 14.1429, 4.4843, 32.7701, 25.9915, 35.8746, 34.9569, 26.2161, 52.4321, 12.7092, 36.9095, 1.3812, 35.8746, 3.7944, 4.1394, 2.4146, 31.3903, 25.8711, 21.4407, 1.0348, 5.8261, 12.0732, 1, 2.4146, 0.6799, 11.5456, 46.568, 29.3206, 6.506, 22.7666, 0.8933, 2.0697, 21.7317, 0, 157.2964, 33.8049, 75.8886, 5.1742],
      [0.3973, 0.7756, 0.2459, 1.7971, 10.0312, 1.9674, 2.043, 1.4377, 2.8754, 3.6804, 2.0241, 0.0757, 1.9674, 0.2081, 0.227, 0, 1.7214, 1.4188, 1.3053, 0.0568, 1.8223, 0.6621, 0.4493, 0.1348, 0.1324, 0.6621, 2.5538, 1.6079, 0, 1.2485, 0.0757, 0.1135, 1.1918, 0.3642, 4.3561, 1.8539, 4.1617, 0.2838],
      [2.5152, 4.9107, 1.5571, 11.3785, 11.8576, 12.4565, 15.2331, 9.1292, 18.2056, 5.3898, 12.8158, 0.4791, 12.4565, 1.3175, 1.4373, 0.9733, 10.8994, 8.983, 10.6251, 0.3593, 2.5152, 4.1921, 0.5989, 0.8384, 0.8384, 4.7318, 16.1694, 10.2103, 3.6504, 7.9051, 0.9656, 0.7186, 7.5457, 0.1198, 58.8868, 11.7378, 26.3502, 1.7966],
      [10.8363, 21.1566, 6.7082, 49.0213, 51.0854, 53.6655, 55.7295, 39.2171, 78.4341, 23.2206, 55.2135, 2.0641, 53.6655, 5.6762, 6.1922, 3.6121, 46.9573, 38.7011, 35.605, 1.548, 10.8363, 18.0605, 2.5801, 3.6121, 5.3469, 18.0605, 69.6619, 43.8612, 10.8363, 34.0569, 2.0641, 3.0961, 32.5089, 0.516, 235.3024, 50.5694, 113.5231, 7.7402],
      [0.0073, 0.0142, 0.0045, 0.033, 0.0344, 0.0361, 0.0375, 0, 0.0528, 0, 0.0371, 0, 0.0361, 0.0038, 0.0042, 0, 0.0316, 0.026, 0.024, 0.001, 0, 0.0121, 0.3717, 0, 0.0024, 0, 0.0469, 0, 0.0073, 0.0229, 0.0014, 0.0021, 0.0219, 0, 0.1583, 0.034, 0.0764, 0.0052]
    ],
    [
      [2.6988, 6.5095, 1.494, 10.2445, 6.8297, 8.4304, 7.0431, 4.9088, 10.2445, 3.2014, 6.2961, 0.2134, 7.3632, 2.9908, 0.4269, 0.4269, 8.4304, 11.3117, 5.4424, 0.2134, 1.1739, 5.5491, 0, 0.3201, 0.3201, 2.4544, 8.5371, 5.6558, 1.494, 7.2565, 0.1067, 1.1739, 7.8968, 0, 37.7767, 7.8968, 23.0502, 1.8258],
      [0.5362, 1.0903, 0.2502, 1.7158, 1.1439, 1.412, 1.1796, 0.8222, 1.7158, 1.4837, 1.0545, 0.6989, 1.2333, 2.0656, 0.0715, 0.0715, 1.412, 1.8946, 0.9115, 0.0357, 0.344, 0.9294, 0.1072, 0.0536, 0.0536, 0.4111, 1.4299, 0.9473, 0.2502, 1.2154, 0.0179, 0.1966, 1.3226, 0, 6.3272, 1.3226, 3.8606, 0.4647],
      [1.1393, 1.2946, 0.2971, 2.0374, 1.3582, 1.6766, 1.4007, 0.9762, 2.0374, 0.6367, 1.2521, 0.0424, 1.4643, 0.4669, 0.0849, 1.1193, 1.6766, 2.2496, 1.0823, 0.0424, 0.2334, 1.1036, 0.1273, 1.5584, 0.0637, 3.6145, 1.6978, 3.1987, 0.2971, 1.4431, 0.0212, 0.2334, 1.5705, 0, 7.5127, 1.5705, 4.584, 0.5518],
      [0.6782, 1.379, 0.3165, 2.1703, 1.4469, 1.786, 1.4921, 4.2928, 2.1703, 0.6782, 1.3338, 0.0452, 1.5599, 0.4974, 0.0904, 1.3824, 1.786, 2.3964, 1.153, 0.0452, 0.2487, 1.1756, 0.1356, 0.0678, 0.0678, 0.52, 1.8086, 1.1982, 0.3165, 1.5373, 0.0226, 0.2487, 4.232, 0, 8.0029, 1.6729, 4.8831, 8.1629],
      [24.9475, 50.7266, 11.6422, 79.832, 53.2213, 65.6951, 54.8845, 35, 79.832, 24, 49.0634, 1, 57.3792, 15.9794, 3.3263, 1, 65.6951, 88.1478, 42.4107, 1.6632, 9, 43.2423, 5.6298, 1, 2.4947, 16, 66.5267, 42, 11.6422, 56.5477, 0.8316, 9.1474, 58.9781, 0, 294.3805, 61.5372, 179.622, 14.9948]
    ]
  ],
  "V_est": [
    [6.6235, 1616.6229, 69.1534, 1520.8497, 5.7505],
    [91.439, 167.1604, 149.5121, 11946.9154, 146.9732],
    [121.0982, 172.2344, 9140.8668, 261.6917, 79.1089],
    [846.6315, 55.9293, 312.7508, 1300.5423, 1.1461],
    [217.2079, 40.0529, 51.7169, 61.0009, 1679.0213]
  ],
  "p_est": [
    [0.0021, 0.5022, 0.0215, 0.4725, 0.0018],
    [0.0073, 0.0134, 0.012, 0.9556, 0.0118],
    [0.0124, 0.0176, 0.9351, 0.0268, 0.0081],
    [0.3364, 0.0222, 0.1243, 0.5167, 0.0005],
    [0.106, 0.0195, 0.0252, 0.0298, 0.8194]
  ],
  "EI_Z": {},
  "EI_V": 10.4723,
  "MAE_Z": {},
  "MAE_V": 251.8541,
  "MAE_p": 0.0694,
  "runtime": 0.4234
}
