{
  "X": [
    [1, 1, 14, 22, 2],
    [2, 17, 34, 127, 4],
    [9, 17, 112, 207, 5],
    [55, 68, 552, 807, 34],
    [18, 24, 119, 251, 10],
    [60, 47, 288, 907, 33],
    [2, 3, 13, 14, 2],
    [1, 1, 16, 23, 0],
    [43, 41, 639, 612, 26],
    [30, 52, 257, 560, 21],
    [54, 39, 231, 790, 18],
    [1, 1, 15, 8, 1],
    [265, 227, 2354, 3618, 132],
    [12, 37, 221, 347, 6],
    [4, 28, 114, 144, 6],
    [2, 3, 15, 36, 2],
    [32, 20, 261, 329, 45],
    [0, 0, 10, 20, 0],
    [24, 25, 310, 366, 17],
    [5, 9, 75, 74, 4],
    [3, 7, 68, 53, 2],
    [8, 13, 99, 73, 9],
    [32, 33, 282, 318, 11],
    [23, 14, 140, 240, 11],
    [0, 1, 6, 12, 1],
    [0, 2, 25, 37, 2],
    [26, 16, 231, 220, 8],
    [0, 3, 9, 12, 0],
    [1, 1, 26, 22, 0],
    [5, 12, 35, 84, 5],
    [15, 13, 174, 126, 9],
    [1, 1, 44, 44, 1],
    [10, 7, 86, 142, 4],
    [18, 18, 48, 222, 9],
    [20, 21, 93, 214, 10],
    [16, 20, 98, 199, 5],
    [29, 19, 90, 353, 17],
    [20, 19, 163, 263, 10],
    [1, 4, 14, 25, 0],
    [20, 31, 143, 267, 10],
    [14, 11, 35, 138, 7],
    [11, 13, 228, 162, 11],
    [27, 49, 598, 500, 28],
    [12, 15, 190, 220, 8],
    [21, 13, 69, 161, 9],
    [18, 21, 198, 278, 7],
    [18, 38, 221, 374, 17],
    [36, 31, 258, 407, 11],
    [35, 19, 162, 318, 13],
    [16, 19, 83, 298, 7],
    [28, 15, 122, 192, 6],
    [8, 10, 28, 102, 3],
    [41, 34, 313, 465, 15],
    [21, 24, 164, 265, 15],
    [30, 31, 276, 409, 20],
    [40, 36, 268, 439, 17],
    [28, 12, 187, 318, 13],
    [14, 16, 122, 198, 7],
    [20, 12, 124, 217, 17],
    [20, 16, 135, 248, 5],
    [18, 11, 183, 285, 10],
    [23, 18, 156, 305, 10],
    [2, 1, 16, 12, 0],
    [0, 2, 4, 7, 0],
    [18, 70, 233, 389, 18],
    [116, 231, 667, 1751, 84],
    [101, 132, 552, 1079, 43]
  ],
  "W": [
    [0, 19, 18, 2, 1],
    [23, 96, 46, 4, 15],
    [17, 170, 120, 25, 18],
    [75, 691, 620, 82, 48],
    [43, 197, 134, 29, 19],
    [95, 752, 316, 107, 65],
    [1, 11, 16, 4, 2],
    [2, 16, 21, 1, 1],
    [84, 419, 697, 94, 67],
    [46, 458, 283, 93, 40],
    [69, 661, 265, 79, 58],
    [2, 6, 17, 1, 0],
    [300, 2780, 2726, 528, 262],
    [68, 259, 251, 18, 27],
    [34, 97, 127, 13, 25],
    [4, 30, 18, 4, 2],
    [23, 263, 300, 62, 39],
    [0, 17, 10, 2, 1],
    [29, 283, 370, 41, 19],
    [12, 62, 75, 8, 10],
    [10, 34, 75, 4, 10],
    [18, 45, 104, 22, 13],
    [26, 224, 339, 58, 29],
    [13, 163, 184, 43, 25],
    [0, 14, 6, 0, 0],
    [3, 28, 28, 0, 7],
    [11, 168, 247, 55, 20],
    [3, 8, 11, 1, 1],
    [0, 21, 24, 4, 1],
    [9, 63, 53, 7, 9],
    [13, 73, 207, 27, 17],
    [2, 32, 43, 11, 3],
    [13, 99, 101, 25, 11],
    [27, 181, 59, 22, 26],
    [26, 188, 96, 28, 20],
    [22, 162, 108, 22, 24],
    [37, 303, 99, 45, 24],
    [23, 189, 204, 41, 18],
    [2, 21, 14, 2, 5],
    [53, 191, 168, 30, 29],
    [13, 115, 43, 27, 7],
    [13, 114, 265, 18, 15],
    [67, 331, 670, 69, 65],
    [23, 132, 246, 29, 15],
    [9, 139, 77, 33, 15],
    [29, 215, 225, 34, 19],
    [39, 289, 265, 52, 23],
    [38, 292, 308, 68, 37],
    [23, 253, 210, 43, 18],
    [25, 233, 113, 30, 22],
    [18, 128, 160, 43, 14],
    [8, 75, 39, 18, 11],
    [28, 355, 378, 76, 31],
    [22, 209, 194, 40, 24],
    [32, 283, 332, 71, 48],
    [43, 317, 328, 74, 38],
    [23, 231, 233, 48, 23],
    [19, 151, 143, 23, 21],
    [14, 163, 149, 33, 31],
    [17, 177, 149, 50, 31],
    [16, 190, 213, 55, 33],
    [30, 211, 197, 48, 26],
    [1, 10, 15, 1, 4],
    [1, 5, 6, 0, 1],
    [78, 312, 276, 19, 43],
    [162, 1588, 797, 132, 170],
    [102, 874, 673, 129, 129]
  ],
  "method": "mvn_cdf",
  "mvncdf_method": "genz",
  "mvncdf_samples": 5000,
  "mvncdf_error": 0.001,
  "cond_prob": [
    [
      ["NaN", "NaN", "NaN", "NaN", "NaN"],
      [0.025083465538, 0.038521468603, 0.0013030805998, 0.88241655305, 0.052675432207],
      [0.0087073084149, 0.0064043998842, 0.75919725771, 0.18745009476, 0.038240939227],
      [0.17441534145, 0.00062788818989, 0.12030032213, 0.64035493023, 0.064301517998],
      [0.017851920412, 0.15155712224, 0.069090185555, 0.5792739258, 0.18222684599]
    ],
    [
      [0.00022760799454, 0.34184528284, 0.039057400456, 0.61550781923, 0.0033618894735],
      [0.010924494055, 0.053229955702, 0.0096042658515, 0.90691661115, 0.019324673241],
      [0.0045090546317, 0.0085527659893, 0.67638260739, 0.2919369716, 0.018618600395],
      [0.14432068152, 0.00019003935393, 0.090853951288, 0.72816715877, 0.036468169066],
      [0.010754289847, 0.24221969029, 0.046843634857, 0.62917041057, 0.071011974435]
    ],
    [
      [0.0013473212257, 0.28221094207, 0.095463876373, 0.61868696983, 0.0022908904977],
      [0.022572893902, 0.04684964487, 0.021622269732, 0.89450605675, 0.01444913475],
      [0.0045022989953, 0.0042314731147, 0.83699143317, 0.14669404074, 0.0075807539821],
      [0.17061700723, 0.00042780282249, 0.17122823522, 0.63577622608, 0.021950728639],
      [0.018555695307, 0.20663902848, 0.11009168816, 0.6065889625, 0.058124625564]
    ],
    [
      [0.0023831312268, 0.29272361338, 0.096518682293, 0.60433930233, 0.004035270771],
      [0.03882125141, 0.048107153109, 0.021977005963, 0.86553958022, 0.025555009297],
      [0.0089020171523, 0.0040100507309, 0.82650834916, 0.14680902131, 0.013770561639],
      [0.25622180479, 0.00021262727378, 0.15206072486, 0.55747221128, 0.034032631802],
      [0.030548787634, 0.2145837356, 0.09730899557, 0.55942474695, 0.098133734246]
    ],
    [
      [0.0025128284446, 0.27992790243, 0.076348393135, 0.63667092087, 0.0045399551115],
      [0.040760557705, 0.040364200221, 0.018564342296, 0.87528473304, 0.02502616674],
      [0.011069438923, 0.0040227300012, 0.79601595309, 0.17308227933, 0.015809598662],
      [0.26773925078, 0.00032331824665, 0.12719308712, 0.57224985006, 0.032494493798],
      [0.032335548464, 0.18225951065, 0.089742443308, 0.60019931118, 0.095463186398]
    ],
    [
      [0.0025687475615, 0.19595431726, 0.080841382373, 0.71630775655, 0.0043277962617],
      [0.036913336064, 0.025364302337, 0.016514136587, 0.89764826952, 0.023559955496],
      [0.010812949712, 0.0018922730821, 0.79018505426, 0.18081718829, 0.016292534659],
      [0.24804711235, 9.8536179633e-05, 0.11814332231, 0.60171970839, 0.031991320773],
      [0.031372417407, 0.13387512058, 0.085563466608, 0.65226191006, 0.096927085342]
    ],
    [
      [0.0011608891884, 0.66530076561, 0.014863814753, 0.31257195957, 0.0061025708851],
      [0.048942561754, 0.12274753671, 0.0044176499829, 0.76223217428, 0.061660077269],
      [0.011340289356, 0.006487428506, 0.77305449247, 0.16482459645, 0.044293193226],
      [0.31012107505, 0.00093575900577, 0.10822785237, 0.50138045841, 0.079334855163],
      [0.019271000809, 0.43846721921, 0.067379373258, 0.33007937327, 0.14480303345]
    ],
    [
      [0.0021469908779, 0.17215694088, 0.079109398381, 0.74658666986, 0],
      [0.028533844309, 0.02589331016, 0.0081056708932, 0.93746717464, 0],
      [0.012548963219, 0.0053229461852, 0.74144597093, 0.24068211967, 0],
      [0.24058926716, 0.00016338070677, 0.064108925104, 0.69513842703, 0],
      [0.035047014541, 0.12944790508, 0.077616154347, 0.75788892604, 0]
    ],
    [
      [0.0022803076794, 0.21065523424, 0.11370250144, 0.6693970792, 0.0039648774433],
      [0.035186639875, 0.030658119014, 0.026643859231, 0.88488406362, 0.022627318259],
      [0.0070089289099, 0.0011683094679, 0.85029847387, 0.13090944751, 0.010614840243],
      [0.22621354019, 0.00010202398289, 0.18066541469, 0.56352708777, 0.029491933361],
      [0.028596355509, 0.14381054483, 0.12902429244, 0.60878793321, 0.089780874016]
    ],
    [
      [0.00132272003, 0.33161543568, 0.076722739631, 0.58687503892, 0.0034640657405],
      [0.022996817393, 0.055799824506, 0.018899596042, 0.87965471756, 0.022649044497],
      [0.0055357683729, 0.0051201123962, 0.80491851383, 0.17037645718, 0.014049148215],
      [0.18384537395, 0.00016102495635, 0.14574031608, 0.63637597252, 0.033877312489],
      [0.018559257132, 0.24313508015, 0.086723754473, 0.5680596185, 0.083522289744]
    ],
    [
      [0.0028571392637, 0.19478891011, 0.07165028279, 0.72805182981, 0.0026518380267],
      [0.040444493422, 0.025567259904, 0.014622816643, 0.90508266581, 0.014282764219],
      [0.013060041916, 0.0023224741421, 0.76848013087, 0.20491588112, 0.01122147195],
      [0.27274657714, 8.1323851926e-05, 0.10389970708, 0.60242728625, 0.020845105675],
      [0.035537181673, 0.13858148576, 0.078192019757, 0.68293650915, 0.064752803662]
    ],
    [
      [0.0072619261685, 0.33225623129, 0.080004525955, 0.55352396643, 0.026953350157],
      [0.06080003992, 0.041138355156, 0.013623978289, 0.82708846552, 0.057349161117],
      [0.015109854474, 0.0051819589762, 0.85734954916, 0.089928389156, 0.032430248232],
      [0.36380838209, 0.00056410389677, 0.18330474259, 0.40163865838, 0.050684113048],
      ["NaN", "NaN", "NaN", "NaN", "NaN"]
    ],
    [
      [0.0023761577026, 0.24166877123, 0.086071490738, 0.66628098032, 0.0036026000097],
      [0.036384641049, 0.036346858709, 0.018125854471, 0.88817828277, 0.020964363005],
      [0.009514999878, 0.0030951451456, 0.80064268799, 0.17383554118, 0.012911625801],
      [0.24490054319, 0.00013320023428, 0.13414789192, 0.59203612408, 0.028782240574],
      [0.030123946946, 0.17155498485, 0.093155049402, 0.62026458412, 0.084901434679]
    ],
    [
      [0.0014381959432, 0.28988394073, 0.071872149644, 0.63504061274, 0.001765100942],
      [0.024222296759, 0.042374829459, 0.025053159038, 0.89767454088, 0.010675173865],
      [0.005638497202, 0.004159102812, 0.81373589287, 0.17064888352, 0.0058176235998],
      [0.20367565898, 0.00013202289609, 0.14038426791, 0.63602460551, 0.019783444698],
      [0.020266783549, 0.1950555549, 0.10552961855, 0.63104516978, 0.048102873219]
    ],
    [
      [0.00043530506667, 0.40125450405, 0.064975319864, 0.53005832283, 0.0032765481882],
      [0.016437594427, 0.067750200685, 0.025203570712, 0.86946150969, 0.021147124489],
      [0.0020694162283, 0.0036781057343, 0.82551856674, 0.15659163371, 0.012142277586],
      [0.13885604841, 0.00051235234224, 0.17554111121, 0.65340131227, 0.031689175762],
      [0.012912339117, 0.29247189549, 0.088928013744, 0.53035584174, 0.075331909914]
    ],
    [
      [0.0021284979707, 0.27889840413, 0.066177464977, 0.64709106257, 0.0057045703564],
      [0.031074237784, 0.045923471932, 0.0082181021075, 0.87768791629, 0.037096271883],
      [0.0097843688364, 0.0063124400907, 0.77265316863, 0.18626861263, 0.024981409809],
      [0.20968873579, 0.00092406685079, 0.1107029677, 0.63578876215, 0.042895467514],
      [0.022192646198, 0.19469101825, 0.069089085331, 0.59250409249, 0.12152315774]
    ],
    [
      [0.0030036333133, 0.23456549828, 0.097209361014, 0.65078000997, 0.014441497419],
      [0.043428690761, 0.033318934582, 0.0274530445, 0.82653707769, 0.069262252468],
      [0.012109850295, 0.0034629671432, 0.79978206019, 0.1608434985, 0.023801623878],
      [0.25475788427, 0.00030506020007, 0.13349556092, 0.49157733512, 0.11986415949],
      [0.027723765403, 0.12267461203, 0.085453619493, 0.45953753876, 0.30461046431]
    ],
    [
      ["NaN", "NaN", "NaN", "NaN", "NaN"],
      [0, 0, 0.022846480634, 0.97715351937, 0],
      [0, 0, 0.89129383572, 0.10870616428, 0],
      [0, 0, 0.24830328491, 0.75169671509, 0],
      [0, 0, 0.20206490223, 0.79793509777, 0]
    ],
    [
      [0.0022455665486, 0.27023322532, 0.08187487632, 0.64131879008, 0.00432754173],
      [0.035227840178, 0.041831223071, 0.019398771281, 0.87761290738, 0.025929258093],
      [0.0094607590783, 0.0041314019457, 0.79827965664, 0.17174442517, 0.016383757175],
      [0.24156856139, 0.00024140464136, 0.13212132713, 0.59046904723, 0.035599659609],
      [0.029505680205, 0.19928863297, 0.071333102451, 0.59382284486, 0.10604973952]
    ],
    [
      [0.0022643347243, 0.29602040133, 0.14757910619, 0.54962578833, 0.0045103694275],
      [0.038505390434, 0.050836660276, 0.03749245678, 0.84325881935, 0.029906673163],
      [0.0064197999918, 0.0038613301811, 0.89765205362, 0.08115489498, 0.010911921225],
      [0.23011335101, 0.0004040139115, 0.23893421576, 0.49604381563, 0.034504603683],
      [0.026310196888, 0.2003050372, 0.16691406576, 0.5067476092, 0.099723090946]
    ],
    [
      [0.0021322347056, 0.29100868123, 0.10580073913, 0.59836491009, 0.0026934348453],
      [0.03369403424, 0.046399602877, 0.029617275924, 0.87326241238, 0.017026674574],
      [0.0080114221222, 0.0047338318199, 0.85638778417, 0.12266416604, 0.0082027958423],
      [0.24119579903, 0.00018140937609, 0.15832758911, 0.57662892026, 0.023666282226],
      [0.026744063353, 0.21565636658, 0.10726110578, 0.58191007439, 0.068428389896]
    ],
    [
      [0.0021141422009, 0.37560368398, 0.097020818079, 0.51718256838, 0.0080787873574],
      [0.036357219866, 0.06288484688, 0.033802543818, 0.80856010447, 0.058395284967],
      [0.0075888338581, 0.0046685934317, 0.86498777889, 0.10254402427, 0.020210769546],
      [0.23838996418, 0.00029937100856, 0.18389985943, 0.49976485347, 0.077645951909],
      [0.022465585624, 0.22439966921, 0.13292191465, 0.43431567442, 0.1858971561]
    ],
    [
      [0.0024506287638, 0.36642290242, 0.062639414329, 0.56587394208, 0.0026131124006],
      [0.04356894429, 0.061486625515, 0.018441368215, 0.85942593894, 0.017077123035],
      [0.012635301248, 0.0057198551547, 0.78765536864, 0.18250010204, 0.011489372918],
      [0.29199182366, 0.00023725178082, 0.11877601043, 0.5656173445, 0.023377569627],
      [0.033032663299, 0.2671451352, 0.080563109406, 0.55525953829, 0.063999553801]
    ],
    [
      [0.0026317543635, 0.25159682222, 0.0479111093, 0.69371766234, 0.0041426517775],
      [0.041847300303, 0.034711505706, 0.013259124053, 0.8876708923, 0.022511177636],
      [0.015758874864, 0.004691150847, 0.71756568196, 0.24194012271, 0.020044169621],
      [0.28741761735, 0.00021138252187, 0.084490203355, 0.59756319739, 0.030317599388],
      [0.035443468922, 0.16796018707, 0.062030165342, 0.64316459513, 0.091401583532]
    ],
    [
      ["NaN", "NaN", "NaN", "NaN", "NaN"],
      [0, 0.069098989287, 0.03228021645, 0.83523233719, 0.063388457076],
      [0, 0.0054356916625, 0.92467949495, 0.051124546566, 0.018760266822],
      ["NaN", "NaN", "NaN", "NaN", "NaN"],
      ["NaN", "NaN", "NaN", "NaN", "NaN"]
    ],
    [
      [0, 0.15563794242, 0.097184243142, 0.73675480419, 0.010423010244],
      [0, 0.022049737969, 0.026927786223, 0.92424160963, 0.026780866178],
      [0, 0.00086800423117, 0.83043537709, 0.15287007351, 0.01582654517],
      ["NaN", "NaN", "NaN", "NaN", "NaN"],
      [0, 0.12734134159, 0.10032552827, 0.6615154942, 0.11081763593]
    ],
    [
      [0.0022318645234, 0.30809481151, 0.081928168103, 0.60442909156, 0.003316064307],
      [0.044757126857, 0.046117444743, 0.031699475388, 0.85845018689, 0.018975766118],
      [0.0087996572508, 0.0035808114588, 0.86071410494, 0.11879841691, 0.0081070094373],
      [0.28373886066, 0.00027535027625, 0.17135327944, 0.52020396597, 0.024428543656],
      [0.03385497506, 0.19818108306, 0.13762319983, 0.55886107442, 0.071479667635]
    ],
    [
      [0, 0.55396352218, 0.015834851018, 0.4302016268, 0],
      [0, 0.10106122083, 0.005548495829, 0.89339028334, 0],
      [0, 0.005651650579, 0.78891109722, 0.2054372522, 0],
      [0, 0.038979273333, 0.15976822067, 0.801252506, 0],
      [0, 0.42847223709, 0.070317190215, 0.5012105727, 0]
    ],
    [
      ["NaN", "NaN", "NaN", "NaN", "NaN"],
      [0.021116121171, 0.037701792889, 0.061048767331, 0.88013331861, 0],
      [0.00077407335228, 0.0027317630112, 0.95375186452, 0.042742299119, 0],
      [0.12653239114, 0.0039089007428, 0.38244669491, 0.4871120132, 0],
      [0.031854130379, 0.1270644341, 0.29814435799, 0.54293707753, 0]
    ],
    [
      [0.0019253370365, 0.43180164076, 0.030192544521, 0.53183329014, 0.0042471875406],
      [0.033305215998, 0.074476179004, 0.0089950434659, 0.85309607117, 0.030127490366],
      [0.017006851184, 0.010857328643, 0.63066613417, 0.30649311329, 0.034976572717],
      [0.25445270484, 8.0289445889e-05, 0.059531220177, 0.64109858504, 0.044837200494],
      [0.022434590236, 0.31619839019, 0.035506189865, 0.52629142287, 0.099569406847]
    ],
    [
      [0.002974424149, 0.32160288315, 0.090725483692, 0.58008210829, 0.0046151007137],
      [0.047823441276, 0.052934147604, 0.024285155221, 0.84540715746, 0.029550098438],
      [0.012771947598, 0.005450591782, 0.80101276509, 0.16162224932, 0.019142446213],
      [0.30457796392, 0.00038700786421, 0.13277519678, 0.52508141587, 0.037178415569],
      [0.035460182008, 0.2244851784, 0.097245864405, 0.5359533094, 0.10685546579]
    ],
    [
      [0.00062251378579, 0.12651542969, 0.1764866168, 0.69400620502, 0.0023692347083],
      [0.0032500296448, 0.015001392193, 0.051909758651, 0.91650669921, 0.013332120305],
      [0.00041621898078, 0.00039169132729, 0.8943938144, 0.1006155166, 0.0041827586933],
      [0.077379603917, 3.626501124e-05, 0.26170572022, 0.63997722016, 0.020901190692],
      [0.008560321511, 0.083227649421, 0.21607251604, 0.63918552656, 0.052953986463]
    ],
    [
      [0.0022323423619, 0.19537141535, 0.083044925367, 0.71653312361, 0.0028181933119],
      [0.031595482368, 0.027514764451, 0.014944544, 0.90998186858, 0.015963340606],
      [0.0093815760369, 0.0020695597857, 0.78583149618, 0.19202339973, 0.010693968271],
      [0.22405867235, 7.7538555419e-05, 0.12254354466, 0.63063386353, 0.022686380903],
      [0.026729164206, 0.13865871977, 0.091666943976, 0.67605949486, 0.066885677181]
    ],
    [
      [0.0032496053207, 0.24948470383, 0.050918888975, 0.69202312447, 0.0043236773994],
      [0.047740310356, 0.03553285143, 0.0098302649833, 0.88281938367, 0.024077189563],
      [0.019081011728, 0.0050291559384, 0.70850603159, 0.24520435715, 0.022179443598],
      [0.32147256256, 0.00020398316906, 0.07388624704, 0.57356489427, 0.030872312961],
      [0.041272631292, 0.17427919452, 0.054559951424, 0.63229163269, 0.09759659007]
    ],
    [
      [0.0031096840613, 0.29398139545, 0.095528348454, 0.60278991535, 0.0045906566941],
      [0.050189185681, 0.047509977992, 0.021702865514, 0.85198397052, 0.028614000294],
      [0.011347156777, 0.0040568127356, 0.83750600902, 0.13161392965, 0.015476091825],
      [0.30836326696, 0.00039466605682, 0.14222800393, 0.51480428435, 0.034209778706],
      [0.038004139047, 0.20120515919, 0.10265816239, 0.55525092678, 0.10288161259]
    ],
    [
      [0.0028557496606, 0.29335031664, 0.084756895218, 0.61683746322, 0.0021995752589],
      [0.04545545609, 0.047965365554, 0.018861597844, 0.87388538819, 0.013832192322],
      [0.011675762881, 0.0047053479319, 0.81409175727, 0.16130672768, 0.0082204042386],
      [0.2925815523, 0.00035389823468, 0.13242629058, 0.55535500148, 0.019283257405],
      [0.036483878296, 0.21916418652, 0.093520053215, 0.59255026249, 0.058281619481]
    ],
    [
      [0.0031740681111, 0.20351623699, 0.07198677023, 0.71551626132, 0.0058066633456],
      [0.044692956578, 0.026386733412, 0.014509112519, 0.88313382341, 0.031277374084],
      [0.014338892534, 0.002584189952, 0.77480047273, 0.18422519334, 0.024051251441],
      [0.28954427318, 0.00011295795483, 0.099449952073, 0.56959037436, 0.041302442433],
      [0.037147957614, 0.13390837893, 0.0733222402, 0.62777036882, 0.12785105444]
    ],
    [
      [0.0023279255155, 0.27412564848, 0.064185302938, 0.65588509097, 0.0034760320935],
      [0.035668018227, 0.042473789893, 0.013521341547, 0.88752954079, 0.02080730954],
      [0.011965182022, 0.0053164756974, 0.75222099309, 0.21424817207, 0.016249177117],
      [0.24971300715, 0.0003284706417, 0.10415908626, 0.61687171388, 0.028927722064],
      [0.029226213463, 0.19830752537, 0.069144408443, 0.62073290704, 0.08258894568]
    ],
    [
      [0.0011867314032, 0.38132645354, 0.094605358018, 0.52288145704, 0],
      [0.022131297639, 0.072209052113, 0.025521704945, 0.8801379453, 0],
      [0.0035219094834, 0.0063441662365, 0.88152828932, 0.10860563496, 0],
      [0.17014858522, 0.0015963076578, 0.19664585469, 0.63160925242, 0],
      [0.028653076712, 0.32578921119, 0.10802914404, 0.53752856806, 0]
    ],
    [
      [0.0025393454376, 0.30488223549, 0.061074816416, 0.62754197129, 0.0039616313707],
      [0.042982898662, 0.043512198483, 0.018091337135, 0.87403572617, 0.021377839555],
      [0.012645336716, 0.0048186479571, 0.7764113635, 0.1914039135, 0.014720738332],
      [0.28448587503, 0.00037831327571, 0.11542865308, 0.57160837063, 0.028098787978],
      [0.034368559594, 0.19688032254, 0.083021402659, 0.60328769785, 0.082442017356]
    ],
    [
      [0.0029999170548, 0.29556545013, 0.050263801569, 0.64592564251, 0.0052451887325],
      [0.043012760426, 0.046604078758, 0.0099333807165, 0.86848487365, 0.031964906449],
      [0.01622687573, 0.00656274175, 0.71325657738, 0.23578815084, 0.028165654296],
      [0.29905397279, 0.00044791912973, 0.080039613046, 0.57735210031, 0.04310639472],
      [0.034617243924, 0.21484119705, 0.053304202498, 0.57140128329, 0.12583607324]
    ],
    [
      [0.0021824330985, 0.29082650354, 0.08958698285, 0.6121300608, 0.0052740197122],
      [0.03520908073, 0.045507244134, 0.028342729376, 0.85875746811, 0.032183477647],
      [0.0083478972434, 0.0041518326113, 0.82766001951, 0.14211445087, 0.017725799765],
      [0.24159857309, 0.00023861921972, 0.14633664559, 0.56801537632, 0.043810785782],
      [0.026455072092, 0.19512658898, 0.10935555213, 0.55062343945, 0.11843934734]
    ],
    [
      [0.0016344349341, 0.27836626346, 0.10488190778, 0.61074706113, 0.0043703326955],
      [0.027274217499, 0.045416415009, 0.025320572309, 0.87457109914, 0.027417696048],
      [0.0050692841009, 0.0036448176694, 0.84045590041, 0.13689141845, 0.013938579374],
      [0.18965944633, 0.00029217887099, 0.17874148028, 0.59344589512, 0.037860999396],
      [0.021227764966, 0.19776059691, 0.11004903586, 0.5681830149, 0.10277958737]
    ],
    [
      [0.0017715463705, 0.253178941, 0.065999778009, 0.67606453574, 0.002985198874],
      [0.026360532199, 0.03834120549, 0.020564190588, 0.89726713492, 0.017466936807],
      [0.0095817477077, 0.0053653094304, 0.73837956531, 0.23131175226, 0.015361625294],
      [0.19945061255, 0.00032841598183, 0.10648443377, 0.66744167811, 0.026294859584],
      [0.022565765546, 0.18576366993, 0.069207353537, 0.65018360984, 0.072279601152]
    ],
    [
      [0.0029428754203, 0.31826112602, 0.073818186083, 0.59964120676, 0.0053366057164],
      [0.055026445117, 0.048067102619, 0.017200739076, 0.84791682909, 0.031788884096],
      [0.014326710961, 0.005062051521, 0.7928750313, 0.16736700386, 0.020369202354],
      [0.35081985833, 0.00041309390893, 0.11071516211, 0.50020596772, 0.037845917933],
      [0.042975078742, 0.20339416904, 0.082650388906, 0.55658224423, 0.11439811908]
    ],
    [
      [0.0022101168619, 0.26101189237, 0.092364065451, 0.64199630598, 0.0024176193362],
      [0.034798082146, 0.041451137791, 0.019116405416, 0.88980951229, 0.014824862353],
      [0.0086527492547, 0.0038539507969, 0.8188737222, 0.16041035208, 0.0082092256742],
      [0.23441337843, 0.0002839833154, 0.14816429344, 0.59588964714, 0.021248697678],
      [0.028283973719, 0.19167716496, 0.10143376137, 0.61686761913, 0.061737480822]
    ],
    [
      [0.0012710240581, 0.3452724442, 0.066567771874, 0.58290358346, 0.0039851764101],
      [0.022781689628, 0.05875119961, 0.015443866348, 0.87661231414, 0.026410930273],
      [0.0060380172631, 0.0058392580866, 0.77623659551, 0.19344794192, 0.018438187219],
      [0.17969258275, 0.00030238518786, 0.12834598716, 0.65216987521, 0.039489169683],
      [0.018366647015, 0.26052828549, 0.067995233847, 0.55431579737, 0.098794036282]
    ],
    [
      [0.0026796027763, 0.26779916633, 0.07376348983, 0.6533344961, 0.0024232449663],
      [0.041203756039, 0.041689236932, 0.015339920242, 0.88731293964, 0.014454147151],
      [0.012280392302, 0.0046071409471, 0.77886520603, 0.19442288826, 0.0098243724586],
      [0.27685419286, 0.00027195327739, 0.11422766945, 0.58803538714, 0.020610797269],
      [0.034006280746, 0.19494276381, 0.082696370121, 0.62727715853, 0.061077426798]
    ],
    [
      [0.0038645685018, 0.2500527345, 0.059872876741, 0.68206580681, 0.0041440134537],
      [0.056846825005, 0.035996584583, 0.012821424763, 0.87103302099, 0.023302144661],
      [0.018730200158, 0.004600684783, 0.72754689994, 0.22972285717, 0.019399357951],
      [0.36462835684, 0.00020306942302, 0.08148624329, 0.52566102267, 0.02802130778],
      [0.050917045607, 0.17593196763, 0.060574773356, 0.6164393419, 0.096136871502]
    ],
    [
      [0.0020755214209, 0.24279067683, 0.045108438045, 0.70753960062, 0.0024857630874],
      [0.030495586728, 0.035992704084, 0.0097393016666, 0.90965049654, 0.014121910979],
      [0.013133257206, 0.0056387559711, 0.67461714281, 0.29209716171, 0.014513682307],
      [0.22605670539, 0.00026403094603, 0.075135685428, 0.67665023438, 0.021893343855],
      [0.026221865038, 0.17721966702, 0.050782911837, 0.68438445391, 0.061391102195]
    ],
    [
      [0.0039230607881, 0.29049316937, 0.05648000598, 0.64647831278, 0.0026254510851],
      [0.05898164088, 0.044811584544, 0.013555330586, 0.86704702186, 0.015604422128],
      [0.01944120394, 0.0067343138983, 0.72003730274, 0.23985370961, 0.013933469806],
      [0.38490283622, 0.00041971425698, 0.07420262518, 0.52108471909, 0.01939010525],
      [0.051308591813, 0.20997872807, 0.060828304001, 0.61415250802, 0.063731868095]
    ],
    [
      [0.0021658851502, 0.33771522132, 0.035963064393, 0.62161875204, 0.0025370770983],
      [0.03400694202, 0.055342543149, 0.007130825909, 0.8872397411, 0.016279947817],
      [0.015600574868, 0.0095260696462, 0.65430137273, 0.30357057223, 0.017001410528],
      [0.25204373945, 0.00057821873868, 0.06666442651, 0.65712367764, 0.023589937661],
      [0.026085685218, 0.25142389453, 0.041797302559, 0.61969008057, 0.061003037131]
    ],
    [
      [0.0023613269534, 0.30851383217, 0.06056492476, 0.62553755266, 0.003022363461],
      [0.040741230332, 0.046975133539, 0.016441287358, 0.87821367362, 0.017628675146],
      [0.012087007288, 0.0051485020394, 0.7784660442, 0.19211488514, 0.012183561335],
      [0.27466721917, 0.00030759731462, 0.11577397838, 0.58490778698, 0.024343418155],
      [0.03313382794, 0.21664287504, 0.07769477512, 0.60150567732, 0.071022844579]
    ],
    [
      [0.0023104885013, 0.3169576367, 0.072551713929, 0.60322513363, 0.0049550272397],
      [0.038016689539, 0.051329223038, 0.015607475729, 0.86394724923, 0.031099362465],
      [0.010780890097, 0.0053086763144, 0.78492798507, 0.17857004016, 0.020412408367],
      [0.25574836557, 0.00035197386514, 0.12335527716, 0.57828134493, 0.04226303847],
      [0.028427243225, 0.21896509241, 0.080485819882, 0.557926266, 0.11419557848]
    ],
    [
      [0.0020885540054, 0.26870020151, 0.071953075354, 0.65311363727, 0.0041445318628],
      [0.032318115888, 0.041335510062, 0.016057733236, 0.88567093987, 0.024617700946],
      [0.0095970688625, 0.0045146409222, 0.77429681802, 0.19426544808, 0.017326024115],
      [0.23006712721, 0.00024869287009, 0.11826831141, 0.6165420389, 0.034873829609],
      [0.026378053778, 0.19139846301, 0.076866028985, 0.60801821039, 0.097339243841]
    ],
    [
      [0.002702476049, 0.28548519567, 0.067339333185, 0.64102281663, 0.0034501784628],
      [0.04198432617, 0.044848734912, 0.014113990455, 0.87820884611, 0.020844102354],
      [0.013167167125, 0.0052292121523, 0.76223408452, 0.203916577, 0.0154529592],
      [0.283346293, 0.00028838589997, 0.10531367503, 0.58294420731, 0.028107438761],
      [0.033902779881, 0.20448856517, 0.074323211145, 0.60582384396, 0.081461599839]
    ],
    [
      [0.0031280118984, 0.17433491117, 0.073113650254, 0.74514494541, 0.0042784812676],
      [0.044083658805, 0.021413385631, 0.013748803639, 0.89800556652, 0.022748585405],
      [0.013513986191, 0.0013289592753, 0.75344176236, 0.21436194783, 0.017353344339],
      [0.2858819236, 7.2257273388e-05, 0.10017207966, 0.58438752662, 0.029486212841],
      [0.037984322913, 0.11872561314, 0.077487910807, 0.67067153337, 0.095130619777]
    ],
    [
      [0.0024914559996, 0.26563761565, 0.080195893257, 0.64847626915, 0.0031987659467],
      [0.038502782779, 0.041672657894, 0.015647781115, 0.88474119089, 0.019435587323],
      [0.010876846304, 0.0044038930816, 0.79291781692, 0.17918873888, 0.012612704814],
      [0.25799917771, 0.00029845347955, 0.12561174926, 0.59005021461, 0.026040404946],
      [0.030922477508, 0.19160442, 0.087483096517, 0.61370887935, 0.076281126627]
    ],
    [
      [0.0031305751562, 0.20796464089, 0.078358980958, 0.70331940551, 0.007226397485],
      [0.045112575169, 0.027769566054, 0.016578491521, 0.87250654854, 0.038032818715],
      [0.013310245063, 0.0020499860623, 0.76747677441, 0.19154304416, 0.025619950304],
      [0.28674249973, 0.00010434621394, 0.10969901882, 0.55100962892, 0.052444506312],
      [0.037325586773, 0.13719885201, 0.071824940004, 0.58747514763, 0.16617547359]
    ],
    [
      [0.0022296045118, 0.23144775467, 0.087888249375, 0.67664035191, 0.0017940395354],
      [0.033276687468, 0.034658801163, 0.020554561658, 0.90171192538, 0.009798024326],
      [0.0089053297355, 0.003234938534, 0.8060648781, 0.17620238606, 0.0055924675709],
      [0.23689986359, 0.00011605668357, 0.13645938318, 0.60978358686, 0.016741109677],
      [0.029039862301, 0.1755797319, 0.094874398417, 0.65002478576, 0.050481221622]
    ],
    [
      [0.0018137861119, 0.17240480062, 0.082837304174, 0.73958117905, 0.0033629300451],
      [0.026909898033, 0.020901389489, 0.019094152531, 0.91526805067, 0.017826509281],
      [0.006066380365, 0.0011195152922, 0.78892511437, 0.1921500551, 0.011738934877],
      [0.19606353741, 5.0179427912e-05, 0.12821341962, 0.64920892741, 0.026463936126],
      [0.023711067288, 0.12209219883, 0.089512930678, 0.68579753835, 0.078886264855]
    ],
    [
      [0.0025026747691, 0.22027025925, 0.062968845331, 0.7110399341, 0.003218286548],
      [0.035875207991, 0.031409056972, 0.012485217339, 0.90218267236, 0.01804784534],
      [0.01272386688, 0.0035130616756, 0.73643227195, 0.23251427134, 0.014816528149],
      [0.25108272559, 0.00010255164588, 0.095803560795, 0.62761821689, 0.02539294508],
      [0.030641471805, 0.15644559894, 0.069262511112, 0.66835662478, 0.075293793367]
    ],
    [
      [0.007159935003, 0.12997530628, 0.28852083918, 0.57434391955, 0],
      [0.095094893382, 0.022909782662, 0.07641861558, 0.80557670838, 0],
      [0.0092961195314, 0.0042899766308, 0.93856507781, 0.04784882603, 0],
      [0.47266713996, 0.0003276896091, 0.21857286687, 0.30843230356, 0],
      [0.10744554956, 0.14406238201, 0.16256099276, 0.58593107567, 0]
    ],
    [
      [0, 0.66087029039, 0.0033955687334, 0.33573414087, 0],
      [0, 0.13586766978, 0, 0.86413233022, 0],
      [0, 0.021376883129, 0.65846979498, 0.32015332189, 0],
      ["NaN", "NaN", "NaN", "NaN", "NaN"],
      [0, 0.53153006193, 0.04578566141, 0.42268427666, 0]
    ],
    [
      [0.0016620957892, 0.42490755965, 0.057848727725, 0.51171580923, 0.0038658076066],
      [0.030724022148, 0.072587096256, 0.019275320067, 0.85107601715, 0.026337544384],
      [0.0087329120302, 0.0042428105593, 0.78653012105, 0.18290511215, 0.017589044207],
      [0.26066365671, 0, 0.11105020465, 0.58529940619, 0.042986732447],
      [0.021431823731, 0.30323303724, 0.076317025069, 0.51041743858, 0.08860067538]
    ],
    [
      [0.002190398338, 0.40485895731, 0.057533300738, 0.53136609532, 0.0040512482856],
      [0.039695175827, 0.069515095334, 0.015019220226, 0.8476707533, 0.028099755311],
      [0.012494668602, 0.0063235238395, 0.76340285512, 0.19686659069, 0.020912361745],
      [0.28684350841, 0, 0.10845426123, 0.56351167906, 0.041190551305],
      [0.028162483942, 0.29401781779, 0.065182620858, 0.51489012882, 0.097746948591]
    ],
    [
      [0.0028042667041, 0.37192090982, 0.05949968067, 0.5625834573, 0.0031916855096],
      [0.049494760549, 0.062367142822, 0.014565151705, 0.85247165341, 0.021101291513],
      [0.015191609488, 0.0060781004255, 0.76026482218, 0.20271250088, 0.015752967027],
      [0.32791028653, 0.00014654362992, 0.10058868034, 0.54366251793, 0.027691971565],
      [0.038226076968, 0.27477301285, 0.066410270458, 0.54262235946, 0.077968280266]
    ]
  ],
  "expected_outcome": [
    [
      [0, 0.0052349838745, 0.022904460838, 0.17873484201, 0.10805162312, 0.24403101834, 0.0011608891884, 0.0042939817558, 0.19154584507, 0.060845121382, 0.19714260919, 0.014523852337, 0.71284731079, 0.09779732414, 0.014800372267, 0.0085139918827, 0.069083566206, 0, 0.065121429909, 0.027172016692, 0.021322347056, 0.038054559616, 0.063716347858, 0.034212806725, 0, 0, 0.024550509758, 0, 0, 0.017328033328, 0.038667513937, 0.0012450275716, 0.029020450705, 0.087739343658, 0.080851785594, 0.062826492534, 0.11744052011, 0.053542286857, 0.0023734628063, 0.13458530819, 0.038998921713, 0.02837163028, 0.10950714058, 0.040745566521, 0.026485878783, 0.064093388996, 0.049569938267, 0.1018249055, 0.088885075542, 0.051888035524, 0.070615094186, 0.017327081202, 0.066117154695, 0.050830747029, 0.066833728174, 0.11620647011, 0.071944273664, 0.047337663992, 0.043828052186, 0.037903276701, 0.029020577791, 0.075080243074, 0.007159935003, 0, 0.12964347156, 0.35484453076, 0.28603520382],
      [0, 7.8624415054, 4.7975860152, 21.9542710035, 12.0368998047, 18.6156601393, 0.66530076561, 0.34431388177, 17.6950396759, 15.2543100412, 13.4404347973, 0.66451246257, 72.5006313681, 19.7121079699, 13.6426531377, 1.1155936165, 5.3950064605, 0, 7.8367635342, 3.552244816, 2.9100868123, 6.7608663116, 9.526995463, 3.2707586888, 0, 0.46691382726, 3.3890429266, 1.6618905665, 0, 3.8862147669, 4.180837481, 0.25303085938, 2.5398283996, 6.7360870035, 7.6435162816, 6.4537069661, 7.5301007688, 6.304889915, 0.76265290707, 16.158758481, 3.8423508517, 3.7807445461, 18.6505396521, 5.823115643, 2.8643501342, 7.5693448786, 13.4656253238, 10.1763683206, 5.7512128935, 6.0697669207, 5.2288770486, 2.7017217705, 8.6383873007, 6.9730680074, 8.5984064482, 12.2758634138, 4.0097029569, 5.0471146973, 2.9115049725, 3.9346118294, 2.7584768099, 6.6081077774, 0.12997530628, 0.66087029039, 33.1427896525, 65.5871510849, 37.9359328016],
      [0, 0.89832021048, 1.6228858983, 7.2389011719, 3.2829809048, 7.6799313254, 0.014863814753, 0.15821879676, 9.551010121, 3.529246023, 4.9438695125, 0.16000905191, 25.8214472214, 4.8873061758, 2.2091608754, 0.26470985991, 2.2358153033, 0, 2.3743714133, 1.7709492743, 1.0580073913, 1.7463747254, 1.6286247725, 0.6228444209, 0, 0.29155272943, 0.90120984913, 0.047504553053, 0, 0.27173290069, 1.179431288, 0.3529732336, 1.0795840298, 1.3748100023, 2.4837370598, 1.8646516948, 2.6635104985, 1.4762619676, 0.18921071604, 3.23696527, 0.6534294204, 1.164630777, 7.0270878211, 1.5179948942, 0.66436367475, 2.6785578981, 2.5961431031, 2.8030126135, 1.377076165, 1.1277109511, 1.0166401076, 0.28770451514, 1.6958178933, 1.5961377064, 2.3024984113, 2.895591327, 1.6816139558, 1.5237219719, 1.0970257334, 1.4941002394, 1.3253968668, 1.8890653599, 0.28852083918, 0.0033955687334, 4.5122007626, 9.3203947196, 6.0689674284],
      [0, 14.1566798424, 10.5176784872, 45.3254476747, 27.3768495976, 68.0492368721, 0.31257195957, 1.4931733397, 56.2293546528, 26.9962517903, 50.2355762572, 1.1070479329, 199.8842940967, 43.1827616662, 18.0219829763, 2.5883642503, 14.9679402293, 0, 18.5982449124, 6.5955094599, 5.9836491009, 9.3092862309, 14.7127224942, 9.0183296105, 0, 2.2102644126, 6.6487200071, 1.2906048804, 0, 4.7864996112, 7.5410674078, 1.38801241, 9.3149306069, 18.6846243607, 15.672537799, 13.5704241909, 26.4741016688, 15.0853570924, 1.0457629141, 33.2597244781, 8.3970333526, 7.9576907903, 40.9200530955, 15.5494843221, 5.3967708608, 18.6178928736, 22.7332397548, 24.8267108516, 15.6875135565, 17.6884900155, 11.63660963, 4.9729500163, 17.5150514745, 13.2709529398, 20.8996363927, 27.5639811152, 17.1383337445, 12.3210491138, 9.8464716771, 11.5028859824, 11.8332988648, 21.3311980231, 0.57434391955, 0.33573414087, 39.9138331201, 86.0813074425, 57.3835126442],
      [0, 0.077323457889, 0.038945138461, 0.30264530783, 0.19521806979, 0.41114064486, 0.0061025708851, 0, 0.33304970524, 0.15934702406, 0.18297682384, 0.053906700314, 1.0807800029, 0.12002686405, 0.1114026384, 0.022818281426, 0.33215444065, 0, 0.12549871017, 0.05412443313, 0.026934348453, 0.14541817243, 0.067940922415, 0.053854473107, 0, 0.031269030733, 0.036476707377, 0, 0, 0.038224687865, 0.059996309278, 0.0047384694166, 0.036636513055, 0.11673928978, 0.11935707405, 0.048390655697, 0.21484654379, 0.079948738151, 0, 0.20996646265, 0.068187453522, 0.068562256259, 0.2928122906, 0.068659574103, 0.048029451448, 0.070110960751, 0.15542188, 0.092083308719, 0.095312309435, 0.062144077185, 0.047258119532, 0.020296616786, 0.084626176908, 0.10901059927, 0.13262501961, 0.1483576739, 0.098405069156, 0.060776552987, 0.10116956479, 0.030498672102, 0.053806880722, 0.096548596441, 0, 0, 0.30153299332, 0.65630222227, 0.32555192198]
    ],
    [
      [0.47658584522, 1.0487514293, 3.8373919633, 26.8254847244, 8.0298298679, 27.7588287202, 0.5383681793, 0.45654150894, 14.7432021075, 10.5325423661, 26.7338101517, 0.36480023952, 101.1493021163, 6.2735748606, 1.5944466595, 0.93222713351, 11.4217456702, 0, 9.9694787703, 2.3873342069, 1.1455971641, 1.636074894, 9.759443521, 6.8211099493, 0, 0, 7.5191973119, 0, 0.4434385446, 2.0982286079, 3.4911112131, 0.10400094863, 3.1279527545, 8.6409961744, 9.4355669081, 7.3637838866, 13.5419658433, 6.741255445, 0.46475725041, 8.2097336444, 4.946467449, 4.0138352033, 9.027765992, 3.4795902502, 7.6486758713, 7.4815876614, 6.5839083025, 12.0314967632, 14.3822467263, 7.1054717076, 7.5496500326, 2.5505206515, 14.4631367677, 7.9454881137, 9.1460267963, 13.3090313958, 10.1833251839, 5.8139201996, 7.3533497525, 5.8899736818, 5.1128806262, 7.5696688861, 0.95094893382, 0, 9.5858949101, 63.0359392133, 43.2584207195],
      [0.73190790346, 5.1100757473, 7.9644396279, 33.2420427981, 7.9517474436, 19.0739553577, 1.3502229038, 0.41429296256, 12.845751867, 25.5563196238, 16.8999587967, 0.24683013094, 101.0442672103, 10.9750808299, 6.5717694664, 1.377704158, 8.762879795, 0, 11.8382361292, 3.1518729371, 1.5775864978, 2.8298181096, 13.7730041154, 5.6579754301, 0.96738585002, 0.61739266313, 7.7477307168, 0.80848976666, 0.79173765066, 4.6919992772, 3.8641927751, 0.48004455016, 2.7239616806, 6.4314461088, 8.9318758625, 7.7703892197, 7.9951802238, 8.0275462897, 1.5163900944, 8.3108299103, 5.3594690572, 5.1878258312, 15.032833368, 5.0610391247, 6.681327264, 8.9119946251, 16.9790966872, 12.173257184, 9.1071358995, 8.3863000517, 5.7358828216, 4.1506907362, 16.6761724064, 10.727807615, 11.6979493475, 14.2170489671, 4.9464920808, 6.292571342, 4.5264392669, 6.1346078059, 3.971264003, 6.6273110211, 0.22909782662, 0.6793383489, 22.6471740319, 110.3899713902, 54.5088828262],
      [0.024758531396, 0.92200952174, 3.6757858545, 15.1861111203, 3.6571754322, 12.4186307136, 0.048594149812, 0.12969073429, 11.163777018, 8.6560149873, 9.6656818009, 0.081743869734, 50.3898754307, 6.4887681909, 2.4447463591, 0.24654306323, 7.2201507036, 0.38839017078, 5.4898522725, 2.3245323203, 1.0069873814, 1.5211144718, 4.1308664802, 2.1612372206, 0.4519230303, 0.75397801424, 5.3255118653, 0.044387966632, 1.2820241139, 0.56668773835, 1.7728163311, 1.6611122768, 1.479509856, 1.779277962, 4.0801387166, 3.0555788507, 4.3962610933, 2.5555335525, 0.53595580385, 3.4554453928, 1.1423387824, 3.2310711488, 8.3811094342, 2.7144731576, 2.3909027316, 4.1100271645, 4.4632773747, 4.4792567107, 3.243820465, 2.2692572883, 1.735082315, 0.53481194317, 5.8366570122, 3.2619624273, 4.5443385057, 4.4741349743, 3.1759736407, 2.3628149483, 2.702294118, 3.6381574135, 3.627888981, 2.6343808585, 0.7641861558, 0, 6.0138998608, 23.8505217192, 12.7299425899],
