{
  "X": [
    [19, 16, 48, 17],
    [21, 15, 41, 23],
    [20, 21, 39, 20],
    [17, 21, 45, 17],
    [16, 15, 49, 20],
    [26, 15, 42, 17],
    [20, 15, 52, 13],
    [23, 13, 45, 19],
    [22, 22, 37, 19],
    [20, 14, 39, 27],
    [26, 12, 40, 22],
    [16, 13, 49, 22],
    [25, 24, 37, 14],
    [36, 34, 22, 8],
    [27, 40, 26, 7],
    [42, 24, 27, 7],
    [34, 19, 33, 14],
    [28, 39, 26, 7],
    [27, 33, 33, 7],
    [26, 29, 38, 7],
    [37, 30, 22, 11],
    [27, 39, 30, 4],
    [21, 40, 30, 9],
    [33, 28, 29, 10],
    [25, 37, 31, 7],
    [29, 33, 26, 12],
    [15, 35, 36, 14],
    [17, 30, 34, 19],
    [20, 33, 30, 17],
    [22, 25, 39, 14],
    [21, 27, 32, 20],
    [25, 22, 29, 24],
    [19, 33, 32, 16],
    [21, 27, 31, 21],
    [22, 19, 40, 19],
    [22, 25, 36, 17],
    [25, 29, 28, 18],
    [17, 30, 39, 14],
    [17, 37, 41, 5],
    [20, 35, 35, 10],
    [12, 45, 37, 6],
    [21, 43, 31, 5],
    [17, 36, 38, 9],
    [13, 36, 41, 10],
    [15, 40, 40, 5],
    [14, 44, 34, 8],
    [16, 26, 47, 11],
    [25, 31, 38, 6],
    [11, 39, 44, 6],
    [13, 38, 39, 10]
  ],
  "W": [
    [60, 11, 15, 14],
    [68, 9, 13, 10],
    [55, 13, 13, 19],
    [62, 12, 15, 11],
    [64, 9, 16, 11],
    [61, 15, 13, 11],
    [64, 13, 11, 12],
    [57, 16, 14, 13],
    [56, 6, 24, 14],
    [64, 10, 7, 19],
    [64, 10, 15, 11],
    [68, 11, 10, 11],
    [36, 32, 16, 16],
    [11, 60, 14, 15],
    [17, 65, 7, 11],
    [11, 68, 12, 9],
    [18, 59, 16, 7],
    [11, 69, 4, 16],
    [14, 63, 13, 10],
    [12, 63, 11, 14],
    [15, 65, 13, 7],
    [6, 67, 19, 8],
    [15, 61, 8, 16],
    [12, 62, 14, 12],
    [11, 58, 10, 21],
    [11, 15, 61, 13],
    [14, 10, 59, 17],
    [12, 13, 59, 16],
    [9, 10, 56, 25],
    [12, 12, 60, 16],
    [19, 8, 65, 8],
    [13, 14, 62, 11],
    [9, 12, 67, 12],
    [9, 8, 68, 15],
    [13, 13, 65, 9],
    [12, 11, 65, 12],
    [9, 18, 63, 10],
    [17, 12, 30, 41],
    [13, 13, 10, 64],
    [15, 13, 7, 65],
    [10, 11, 11, 68],
    [8, 20, 12, 60],
    [11, 15, 13, 61],
    [12, 17, 18, 53],
    [10, 13, 14, 63],
    [15, 12, 15, 58],
    [14, 12, 18, 56],
    [16, 16, 13, 55],
    [14, 12, 6, 68],
    [21, 13, 10, 56]
  ],
  "method": "mvn_cdf",
  "mvncdf_method": "genz",
  "mvncdf_samples": 5000,
  "mvncdf_error": 1e-06,
  "cond_prob": [
    [
      [0.17501799295, 0.025553639363, 0.57081135634, 0.22861701135],
      [0.37374214553, 0.35916784116, 0.24612526802, 0.020964745284],
      [0.20420203148, 0.26681973405, 0.33902800258, 0.18995023189],
      [0.083593474716, 0.45632409609, 0.44917205834, 0.010910370857]
    ],
    [
      [0.20082592405, 0.030942126368, 0.47959574583, 0.28863620375],
      [0.38814506097, 0.40023610778, 0.18761569112, 0.024003140134],
      [0.21987749456, 0.29561891857, 0.25928357281, 0.22522001406],
      [0.091332630742, 0.53462323106, 0.36090759191, 0.013136546294]
    ],
    [
      [0.19187535043, 0.03106167063, 0.48064855312, 0.29641442582],
      [0.3781687684, 0.40520640756, 0.1916713643, 0.024953459741],
      [0.20560338635, 0.29831985106, 0.26297544457, 0.23310131803],
      [0.088134924848, 0.53430308958, 0.36404256973, 0.01351941584]
    ],
    [
      [0.16728935126, 0.044549095144, 0.55876317706, 0.22939837653],
      [0.28690284289, 0.50553376143, 0.1907283758, 0.016835019886],
      [0.16340188788, 0.39425680874, 0.27912330112, 0.16321800226],
      [0.059810272113, 0.60383866151, 0.32827116368, 0.0080799026938]
    ],
    [
      [0.14973098023, 0.026585872608, 0.57327620124, 0.25040694592],
      [0.33019800449, 0.39066615395, 0.25531911155, 0.023816730007],
      [0.17411423347, 0.27758284226, 0.3391062321, 0.20919669216],
      [0.070801107603, 0.4720809042, 0.44528926589, 0.011828722307]
    ],
    [
      [0.24000446397, 0.025538749242, 0.50336299874, 0.23109378806],
      [0.46224792757, 0.3230505705, 0.195635981, 0.019065520924],
      [0.26781337095, 0.25514171766, 0.28690519421, 0.19013971717],
      [0.11668136501, 0.46599455737, 0.40604563638, 0.01127844124]
    ],
    [
      [0.17800538122, 0.026358428774, 0.61399463605, 0.18164155396],
      [0.36851467738, 0.35924431437, 0.25583030957, 0.01641069868],
      [0.2080324646, 0.27326141655, 0.36267570145, 0.1560304174],
      [0.081651147523, 0.446029915, 0.46390453845, 0.00841439903]
    ],
    [
      [0.19229241518, 0.018637879234, 0.53017855736, 0.25889114822],
      [0.4474782972, 0.27860848722, 0.24791085336, 0.026002362223],
      [0.23912672464, 0.19198740882, 0.3351942702, 0.23369159634],
      [0.10731839726, 0.37737751326, 0.50073345275, 0.014570636723]
    ],
    [
      [0.23284919731, 0.041961890433, 0.47187039018, 0.25331852208],
      [0.37753023683, 0.45319254437, 0.15190215347, 0.017375065325],
      [0.22277815249, 0.35937868626, 0.23871899065, 0.17912417061],
      [0.089481133673, 0.61177867523, 0.2887994031, 0.0099407879998]
    ],
    [
      [0.18090483163, 0.019019566818, 0.41534976935, 0.3847258322],
      [0.44631878916, 0.30544676944, 0.2079900964, 0.040244345006],
      [0.2123588991, 0.1990382263, 0.25127106123, 0.33733181336],
      [0.11113826998, 0.43607416024, 0.42900324345, 0.023784326325]
    ],
    [
      [0.24449495528, 0.020462501877, 0.45827173744, 0.27677080541],
      [0.50743009652, 0.27725834313, 0.19078773124, 0.024523829105],
      [0.28403059279, 0.21103435429, 0.26904370959, 0.23589134332],
      [0.13659770314, 0.42608182856, 0.42189790253, 0.015422565764]
    ],
    [
      [0.14631390343, 0.023080440487, 0.55139497699, 0.2792106791],
      [0.34492528623, 0.35932723479, 0.26744830282, 0.028299176162],
      [0.17274086174, 0.24485330772, 0.33607851786, 0.24632731268],
      [0.075019717832, 0.43982946787, 0.47088831632, 0.014262497984]
    ],
    [
      [0.19353356839, 0.025931104867, 0.5194014399, 0.26113388684],
      [0.40525414819, 0.35352585751, 0.21802736916, 0.023192625144],
      [0.22010643273, 0.26198007472, 0.29991495738, 0.21799853518],
      [0.094454002972, 0.47156370298, 0.42121282439, 0.012769469656]
    ],
    [
      [0.26870731958, 0.031633670777, 0.40386923292, 0.29578977672],
      [0.46641112028, 0.35517607713, 0.15695910357, 0.02145369903],
      [0.26757573244, 0.28714987949, 0.23044674081, 0.21482764725],
      [0.12119398841, 0.52794079987, 0.33744604134, 0.013419170373]
    ],
    [
      [0.19139134465, 0.041878294967, 0.51687951458, 0.2498508458],
      [0.32724214329, 0.47336279419, 0.18122606701, 0.018168995513],
      [0.18745274478, 0.36707534918, 0.26477863554, 0.1806932705],
      [0.073134827889, 0.59065321829, 0.32683800719, 0.0093739466345]
    ],
    [
      [0.25148169203, 0.020541386952, 0.48481844287, 0.24315847814],
      [0.51825626676, 0.26073429394, 0.19983857081, 0.021170868484],
      [0.2800935606, 0.20535721688, 0.30379637586, 0.21075284667],
      [0.13785409333, 0.40229486377, 0.44715837853, 0.012692664375]
    ],
    [
      [0.15392518551, 0.015099862663, 0.48070530781, 0.35026964401],
      [0.43946955852, 0.25989054934, 0.25935890117, 0.041280990962],
      [0.21027971872, 0.15695758853, 0.30110367415, 0.33165901861],
      [0.11899451647, 0.34227214931, 0.51385015425, 0.024883179978]
    ],
    [
      [0.16854107613, 0.03110551264, 0.4767994191, 0.32355399212],
      [0.35059509185, 0.42264996655, 0.19906695395, 0.027687987644],
      [0.18248668396, 0.29888398805, 0.26285667588, 0.25577265211],
      [0.079657441398, 0.53741478809, 0.36836541616, 0.014562354346]
    ],
    [
      [0.16890195897, 0.028883428189, 0.57324858547, 0.22896602737],
      [0.34388724284, 0.3835650022, 0.25277177115, 0.019775983812],
      [0.18622816176, 0.28204726519, 0.34587228156, 0.18585229149],
      [0.074577109928, 0.46780257651, 0.44766745479, 0.0099528587779]
    ],
    [
      [0.13618931045, 0.020266583561, 0.61867958633, 0.22486451966],
      [0.33791614799, 0.32738723084, 0.31086981495, 0.023826806216],
      [0.15832805092, 0.22800383123, 0.40237640358, 0.21129171427],
      [0.070821948793, 0.38581338532, 0.53194750833, 0.011417157555]
    ],
    [
      [0.22470590961, 0.025934303876, 0.40361551869, 0.34574426782],
      [0.45643183172, 0.34650082496, 0.16757916468, 0.029488178641],
      [0.24477532956, 0.25354071754, 0.22683866156, 0.27484529134],
      [0.11941891531, 0.50813340903, 0.35461158238, 0.017836093274]
    ],
    [
      [0.17251069882, 0.034630997097, 0.62784842055, 0.16500988353],
      [0.32471408413, 0.42443986717, 0.23749198014, 0.013354068562],
      [0.18986526923, 0.32960442657, 0.3476347718, 0.1328955324],
      [0.069460319701, 0.50813685839, 0.4157080619, 0.0066947600096]
    ],
    [
      [0.13365957274, 0.033216900697, 0.51620685835, 0.31691666821],
      [0.28847118505, 0.46444389087, 0.21928540443, 0.02779951965],
      [0.14608407028, 0.32136632917, 0.28140585317, 0.25114374737],
      [0.062990210727, 0.54656052737, 0.37680985099, 0.013639410914]
    ],
    [
      [0.18434191882, 0.021038307447, 0.47592868729, 0.31869108644],
      [0.42819791361, 0.31766765198, 0.22302419321, 0.031110241203],
      [0.21744009858, 0.21967829195, 0.28588777764, 0.27699383183],
      [0.10399746101, 0.43454932514, 0.44394309554, 0.017510118307]
    ],
    [
      [0.16405874521, 0.029515881094, 0.53966031982, 0.26676505387],
      [0.34410038644, 0.40315306921, 0.22935827166, 0.023388272688],
      [0.18500301926, 0.29076224873, 0.30684709875, 0.21738763325],
      [0.075921116969, 0.49871817262, 0.41335674408, 0.012003966333]
    ],
    [
      [0.28797636535, 0.035581376207, 0.46826127537, 0.20818098307],
      [0.46407489321, 0.36738800109, 0.15357175797, 0.014965347733],
      [0.2972744727, 0.31641321021, 0.22886504587, 0.15744727122],
      [0.12162889655, 0.5629802354, 0.30477330891, 0.010617559146]
    ],
    [
      [0.14681945109, 0.037832513443, 0.58926284762, 0.22608518785],
      [0.28294315514, 0.47037168015, 0.22899785835, 0.017687306362],
      [0.15871419322, 0.35139524909, 0.31234139138, 0.17754916631],
      [0.058145756548, 0.55139757501, 0.38156569781, 0.0088909706257]
    ],
    [
      [0.14761728961, 0.027683307528, 0.52326729826, 0.3014321046],
      [0.33513627962, 0.40182169792, 0.23465769599, 0.028384326464],
      [0.16796497505, 0.27935037263, 0.30346649576, 0.24921815656],
      [0.073857471047, 0.4923268232, 0.41945323935, 0.014362466407]
    ],
    [
      [0.19472373, 0.029594927045, 0.47290313881, 0.30277820415],
      [0.39230872929, 0.38893223656, 0.19270758239, 0.026051451758],
      [0.21161045645, 0.28457697434, 0.26247233764, 0.24134023157],
      [0.093989431599, 0.51387664159, 0.37764658924, 0.014487337574]
    ],
    [
      [0.18245643644, 0.022430053539, 0.585501075, 0.20961243502],
      [0.40154096013, 0.32084383367, 0.25790623119, 0.019708975011],
      [0.22017504164, 0.23790946466, 0.35661581039, 0.18529968332],
      [0.092157515266, 0.41278190163, 0.48451712728, 0.010543455826]
    ],
    [
      [0.19174556022, 0.030213352743, 0.50108045739, 0.27696062964],
      [0.3794076852, 0.39656608266, 0.20039694554, 0.023629286602],
      [0.20763839235, 0.29518106106, 0.27620414787, 0.22097639872],
      [0.087645578671, 0.51546657509, 0.38422819913, 0.012659647112]
    ],
    [
      [0.19998158127, 0.020118021723, 0.42381675252, 0.35608364448],
      [0.46176699046, 0.30312882964, 0.19987128979, 0.035232890121],
      [0.22813424827, 0.20858993397, 0.25667086261, 0.30660495515],
      [0.1179243984, 0.43971873335, 0.42111385243, 0.021243015819]
    ],
    [
      [0.17283783514, 0.033708697262, 0.54297000631, 0.25048346128],
      [0.33711483316, 0.42820948825, 0.21363420583, 0.021041472758],
      [0.18604458445, 0.31945132774, 0.29679120095, 0.19771288687],
      [0.074264923063, 0.53063355968, 0.38437757379, 0.010723943474]
    ],
    [
      [0.18590492055, 0.024638997353, 0.47827250326, 0.31118357883],
      [0.40876027791, 0.35108387707, 0.21096363632, 0.029192208698],
      [0.21279354407, 0.24842054246, 0.27756645808, 0.2612194554],
      [0.097381967943, 0.47298333267, 0.41341297187, 0.016221727524]
    ],
    [
      [0.16175669103, 0.016874608137, 0.57887390368, 0.24249479716],
      [0.40469004208, 0.27833830734, 0.29067933585, 0.026292314733],
      [0.20847358478, 0.19861563262, 0.36078331293, 0.23212746967],
      [0.090166237961, 0.35478466469, 0.54132919768, 0.013719899668]
    ],
    [
      [0.18439082379, 0.023418113122, 0.55089741402, 0.24129364906],
      [0.40228344741, 0.33316928185, 0.24195517224, 0.022592098497],
      [0.21726069648, 0.24466828852, 0.32898905637, 0.20908195863],
      [0.093137558631, 0.43439598815, 0.46025448287, 0.012211970349]
    ],
    [
      [0.21030460356, 0.028005890978, 0.47344706646, 0.288242439],
      [0.41959334013, 0.36468867725, 0.19104690012, 0.024671082503],
      [0.23082014856, 0.27197522382, 0.26453118722, 0.2326734404],
      [0.10242203004, 0.50166386414, 0.38188453312, 0.014029572706]
    ],
    [
      [0.1653871055, 0.02455555896, 0.51054231766, 0.29951501788],
      [0.38293875978, 0.34967115548, 0.2379779085, 0.029412176241],
      [0.19475333735, 0.23922461835, 0.30651966792, 0.25950237638],
      [0.087889865535, 0.44784768425, 0.44853787635, 0.015724573867]
    ],
    [
      [0.21180425289, 0.027195796853, 0.56260393315, 0.1983960171],
      [0.41628482842, 0.34487002754, 0.22246871928, 0.016376424764],
      [0.23923412636, 0.27164697579, 0.32388180864, 0.16523708921],
      [0.098057775411, 0.46065999367, 0.43225861397, 0.0090236169476]
    ],
    [
      [0.21737890436, 0.019346693327, 0.37306453855, 0.39020986376],
      [0.49872853155, 0.2911611062, 0.17368521386, 0.03642514839],
      [0.24796121625, 0.20169529243, 0.22241278955, 0.32793070177],
      [0.13497815737, 0.45119472076, 0.3906367032, 0.023190418672]
    ],
    [
      [0.16589906636, 0.034395280377, 0.54166371484, 0.25804193843],
      [0.32538373631, 0.43854665942, 0.21489182147, 0.021177782802],
      [0.17720687253, 0.3250297018, 0.29577925758, 0.20198416809],
      [0.070482058268, 0.53724796217, 0.38159151209, 0.010678467468]
    ],
    [
      [0.25849132764, 0.032713373133, 0.47936711145, 0.22942818778],
      [0.44857251548, 0.3671334037, 0.167650483, 0.016643597824],
      [0.26828710973, 0.30195522568, 0.25568521092, 0.17407245366],
      [0.11438000283, 0.52760504721, 0.34819361224, 0.009821337719]
    ],
    [
      [0.17720118663, 0.022571267738, 0.46836521796, 0.33186232766],
      [0.41158902286, 0.33797393995, 0.21873577404, 0.031701263149],
      [0.20732156277, 0.23228145095, 0.27791650023, 0.28248048605],
      [0.098040175254, 0.4560728195, 0.42682984908, 0.019057156163]
    ],
    [
      [0.13116598021, 0.024540406687, 0.53932570484, 0.30496790827],
      [0.31498372931, 0.39270390905, 0.26166303556, 0.030649326075],
      [0.16057557602, 0.25443502515, 0.32290034761, 0.26208905123],
      [0.067115439852, 0.46046135972, 0.45720569212, 0.015217508311]
    ],
    [
      [0.18807572129, 0.030239926059, 0.58203163878, 0.19965271387],
      [0.36892999257, 0.38497771315, 0.22948328169, 0.016609012592],
      [0.20893204469, 0.29727048934, 0.33078226888, 0.16301519709],
      [0.082346569614, 0.486750154, 0.42225859271, 0.0086446836783]
    ],
    [
      [0.17707712288, 0.037225564438, 0.52899701153, 0.25670030115],
      [0.33664937813, 0.45285616126, 0.19025222647, 0.020242234135],
      [0.1864192384, 0.34746486283, 0.26900003292, 0.19711586586],
      [0.074034074382, 0.57051175586, 0.34496871431, 0.010485455449]
    ],
    [
      [0.1516651525, 0.016242798688, 0.53217143236, 0.29992061645],
      [0.39063165684, 0.27210963778, 0.30131898852, 0.035939716866],
      [0.19511311913, 0.18534393899, 0.3476442189, 0.27189872298],
      [0.0917502578, 0.36064956555, 0.52934861611, 0.018251560539]
    ],
    [
      [0.28855419022, 0.021982182975, 0.50618526652, 0.18327836029],
      [0.54051205031, 0.26121799085, 0.18341479341, 0.014855165425],
      [0.32533916359, 0.22821827252, 0.28330802008, 0.16313454381],
      [0.1521640978, 0.42405127496, 0.41401268039, 0.0097719468483]
    ],
    [
      [0.14082485448, 0.027588087125, 0.58627231097, 0.24531474742],
      [0.31433396761, 0.39909661706, 0.2637193486, 0.022850066723],
      [0.16371571614, 0.28255613725, 0.34570842206, 0.20801972455],
      [0.065558362279, 0.47132555398, 0.45203256836, 0.011083515385]
    ],
    [
      [0.1523854783, 0.030379903158, 0.51942993557, 0.29780468297],
      [0.32625443943, 0.42310363399, 0.22392126597, 0.026720660609],
      [0.16917676032, 0.29783627572, 0.29204264004, 0.24094432392],
      [0.070715282529, 0.51839730035, 0.39739548763, 0.013491929488]
    ]
  ],
  "expected_outcome": [
    [
      [10.5010795767, 13.6561628356, 10.5531442735, 10.371939778, 9.5827827344, 14.6402723019, 11.3923443982, 10.9606676655, 13.0395550495, 11.5779092241, 15.6476771379, 9.949345433, 6.967208462, 2.9557805154, 3.2536528591, 2.7662986123, 2.7706533392, 1.8539518375, 2.3646274255, 1.6342717254, 3.3705886442, 1.0350641929, 2.0048935912, 2.2121030258, 1.8046461974, 3.1677400189, 2.0554723152, 1.7714074753, 1.75251357, 2.1894772373, 3.6431656442, 2.5997605566, 1.5555405163, 1.673144285, 2.1028369834, 2.2126898855, 1.892741432, 2.8115807934, 2.7534552876, 3.2606835655, 1.6589906636, 2.0679306211, 1.949213053, 1.5739917625, 1.8807572129, 2.6561568433, 2.1233121351, 4.6168670435, 1.9715479627, 3.2000950442],
      [1.5332183618, 2.104064593, 1.7083918847, 2.7620438989, 1.7014958469, 1.5578637037, 1.6869394415, 1.0623591163, 2.3498658642, 1.2172522764, 1.3096001202, 1.5694699531, 0.9335197752, 0.34797037855, 0.71193101443, 0.22595525647, 0.27179752794, 0.34216063904, 0.40436799465, 0.24319900273, 0.38901455814, 0.20778598258, 0.49825351046, 0.25245968937, 0.32467469203, 0.39139513828, 0.5296551882, 0.33219969034, 0.26635434341, 0.26916064246, 0.57405370213, 0.2615342824, 0.30337827536, 0.22175097618, 0.21936990578, 0.28101735747, 0.2520530188, 0.41744450232, 0.35354535909, 0.29020039991, 0.34395280377, 0.26170698507, 0.24828394512, 0.29448488024, 0.30239926059, 0.55838346657, 0.22739918163, 0.35171492761, 0.38623321974, 0.63797796631],
      [34.2486813806, 32.6125107165, 26.4356704216, 34.643316978, 36.6896768795, 30.7051429229, 39.2956567069, 30.2201777698, 26.42474185, 26.5823852385, 29.3293911959, 37.4948584352, 18.6984518365, 4.4425615622, 8.7869517479, 5.3330028716, 8.6526955406, 5.2447936101, 8.0254801966, 7.424155036, 6.0542327803, 3.7670905233, 7.7431028753, 5.7111442475, 5.936263518, 5.150874029, 8.2496798667, 6.2792075791, 4.2561282493, 7.0260129, 9.5205286904, 5.5096177827, 4.8867300568, 4.3044525294, 7.5253607478, 6.6107689682, 4.2610235982, 8.6792194003, 7.313851131, 5.5959680782, 5.4166371484, 3.8349368916, 5.1520173976, 6.4719084581, 5.8203163878, 7.9349551729, 7.4504000531, 8.0989642643, 8.2078123536, 10.908028647],
      [13.7170206809, 19.6272618549, 16.3027934202, 14.2226993451, 16.0260445392, 14.0967210714, 11.6250594533, 14.7567954484, 14.1858372363, 24.622453261, 17.713331546, 18.9863261787, 9.4008199263, 3.2536875439, 4.2474643786, 2.6747432596, 6.3048535923, 3.5590939134, 3.2055243832, 2.6983742359, 5.1861640174, 0.99005930118, 4.7537500231, 3.8242930373, 2.9344155926, 2.2899908138, 3.1651926299, 3.6171852552, 2.7250038373, 2.5153492203, 5.2622519632, 4.6290873783, 2.2543511515, 2.8006522095, 3.152432363, 2.8955237888, 2.594181951, 5.091755304, 2.5791482224, 5.8531479564, 2.5804193843, 1.8354255022, 3.6504856043, 3.6596148992, 1.9965271387, 3.8505045173, 4.1988886302, 2.9324537646, 3.4344064639, 6.2538983424]
    ],
    [
      [4.1111636008, 3.4933055487, 4.9161939892, 3.4428341147, 2.9717820404, 6.9337189136, 4.7906908059, 7.1596527552, 2.265181421, 4.4631878916, 5.0743009652, 3.7941781485, 12.968132742, 27.9846672166, 21.2707393135, 35.2414261398, 25.9287039529, 24.1910613378, 21.6648962986, 21.2887173235, 29.6680690615, 21.7558436364, 17.596742288, 26.5482706437, 19.9578224138, 6.9611233981, 2.8294315514, 4.3567716351, 3.9230872929, 4.8184915216, 3.0352614816, 6.4647378664, 4.045377998, 3.2700822233, 5.260970547, 4.4251179215, 7.5526801223, 4.5952651174, 5.4117027694, 6.4834709102, 3.5792210994, 8.9714503096, 6.173835343, 5.3547233983, 4.7960899033, 4.0397925376, 4.6875798821, 8.648192805, 3.7720076114, 4.2413077125],
      [3.9508462528, 3.60212497, 5.2676832983, 6.0664051371, 3.5159953855, 4.8457585575, 4.6701760868, 4.4577357954, 2.7191552662, 3.0544676944, 2.7725834313, 3.9525995827, 11.3128274402, 21.3105646277, 30.7685816226, 17.729931988, 15.3335424112, 29.1628476922, 24.1645951387, 20.6253955429, 22.5225536227, 28.4374711006, 28.331077343, 19.695394423, 23.3828780143, 5.5108200164, 4.7037168015, 5.2236820729, 3.8893223656, 3.850126004, 3.1725286613, 4.2438036149, 5.138513859, 2.8086710166, 3.6183979955, 3.6648621004, 6.5643961905, 4.1960538658, 4.483310358, 3.7850943806, 4.8240132536, 7.3426680739, 5.0696090993, 6.6759664539, 5.004710271, 5.4342739351, 3.2653156533, 4.1794878536, 4.7891594048, 5.5003472419],
      [2.7073779483, 1.68854122, 2.4917277359, 2.2887405096, 2.297872004, 2.934539715, 3.3257940244, 3.9665736538, 0.91141292082, 2.079900964, 1.9078773124, 2.9419313311, 6.9768758132, 9.4175462139, 11.7796943555, 13.5890228153, 15.3021751692, 13.7356198226, 15.9246215826, 19.584798342, 10.8926457041, 15.9119626692, 13.3764096704, 13.8274999787, 13.3027797561, 2.3035763695, 2.2899785835, 3.0505500479, 1.9270758239, 3.0948747743, 1.6031755643, 2.798198057, 2.5636104699, 1.6877090905, 3.778831366, 2.6615068946, 3.4388442022, 2.855734902, 2.8920933506, 2.2579077801, 2.3638100362, 3.35300966, 3.2810366105, 4.4482716045, 2.983282662, 2.2830267177, 3.6158278622, 2.9346366945, 3.1646321832, 2.9109764576],
      [0.23061219813, 0.21602826121, 0.32439497664, 0.20202023864, 0.21435057006, 0.28598281386, 0.21333908285, 0.41603779556, 0.10425039195, 0.40244345006, 0.24523829105, 0.31129093778, 0.74216400461, 1.2872219418, 1.1809847083, 1.4396190569, 2.4355784667, 1.9104711474, 1.2458869801, 1.5010887916, 1.9167316117, 0.89472259368, 1.6957706987, 1.9288349546, 1.3565198159, 0.22448021599, 0.17687306362, 0.36899624403, 0.26051451758, 0.23650770013, 0.18903429282, 0.49326046169, 0.2524976731, 0.23353766958, 0.34180009153, 0.24851308347, 0.44407948505, 0.35294611489, 0.21289352194, 0.47352692908, 0.23295561082, 0.33287195648, 0.47551894724, 0.52103854327, 0.21591716369, 0.24290680961, 0.43127660239, 0.23768264681, 0.27420080068, 0.34736858792]
    ],
    [
      [3.0630304723, 2.8584074292, 2.6728440225, 2.4510283182, 2.7858277355, 3.4815738224, 2.2883571106, 3.347774145, 5.3466756597, 1.4865122937, 4.2604588919, 1.7274086174, 3.5217029237, 3.7460602542, 1.3121692135, 3.3611227272, 3.3644754995, 0.72994673582, 2.4209661029, 1.7416085602, 3.1820792843, 3.6074401154, 1.1686725622, 3.0441613801, 1.8500301926, 18.1337428348, 9.3641374001, 9.9099335277, 11.8501855613, 13.2105024984, 13.4964955027, 14.1443233929, 12.4649871581, 14.4699609966, 13.5507830106, 14.1219452709, 14.541669359, 5.8426001204, 2.3923412636, 1.7357285137, 1.9492755979, 3.2194453168, 2.695180316, 2.8903603683, 2.9250486257, 2.796288576, 3.5120361444, 4.2294091267, 0.98229429685, 1.6917676032],
      [4.0022960108, 3.8430459414, 3.8781580638, 5.9138521311, 4.4413254762, 3.3168423296, 3.0058755821, 2.6878237235, 8.6250884701, 1.3932675841, 3.1655153144, 2.4485330772, 4.1916811955, 4.0200983129, 2.5695274442, 2.4642866025, 2.5113214165, 1.1955359522, 3.6666144474, 2.5080421436, 3.2960293281, 6.2624841047, 2.5709306334, 3.0754960873, 2.9076224873, 19.3012058231, 20.7323196964, 16.4816719849, 15.936310563, 14.2745678793, 19.1867689691, 12.9325759059, 21.4032389584, 16.8925968872, 12.9100161204, 15.9034387538, 17.1344391005, 7.1767385506, 2.7164697579, 1.411867047, 3.5753267197, 3.6234627082, 3.0196588623, 4.5798304526, 4.1617868507, 5.2119729424, 3.3361909017, 2.9668375427, 1.6953368235, 2.9783627572],
      [5.0854200386, 3.3706864466, 3.4186807794, 4.1868495167, 5.4256997137, 3.7297675248, 3.989432716, 4.6927197828, 5.7292557756, 1.7588974286, 4.0356556439, 3.3607851786, 4.798639318, 3.2262543713, 1.8534504488, 3.6455565103, 4.8176587863, 1.0514267035, 4.4963396603, 4.4261404393, 2.9489026003, 6.6050606642, 2.2512468254, 4.0024288869, 3.0684709875, 13.9607677979, 18.4281420912, 17.9045232501, 14.6984509077, 21.3969486231, 17.9532696113, 15.9135934818, 19.8850104634, 18.8745191491, 23.4509153404, 21.3842886643, 16.665464795, 9.1955900377, 3.2388180864, 1.5568895268, 3.2535718334, 3.0682225311, 3.612914503, 5.8122062569, 4.6309517643, 4.0350004938, 6.2575959402, 3.683004261, 2.0742505324, 2.9204264004],
      [2.8492534783, 2.9278601828, 3.0303171343, 2.4482700339, 3.3471470746, 2.4718163233, 1.7163345914, 3.2716823488, 4.2989800946, 2.3613226936, 3.5383701498, 2.4632731268, 3.4879765628, 3.0075870616, 1.2648528935, 2.52903416, 5.3065442977, 1.0230906084, 2.4160797894, 2.3242088569, 3.5729887874, 2.5250151157, 2.009149979, 3.8779136457, 2.1738763325, 9.6042835443, 10.4754008123, 14.7038712373, 13.515052968, 11.1179809991, 14.363465917, 19.0095072194, 13.2467634201, 17.7629229672, 15.0882855286, 13.5903273111, 14.6584267455, 7.7850712914, 1.6523708921, 2.2955149124, 2.221825849, 2.0888694439, 3.6722463187, 4.7176029221, 2.2822127593, 2.9567379879, 4.8941770137, 2.1207490696, 1.2481183473, 2.4094432392]
    ],
    [
      [1.170308646, 0.91332630742, 1.6745635721, 0.65791299325, 0.77881218364, 1.2834950151, 0.97981377028, 1.3951391644, 1.2527358714, 2.1116271295, 1.5025747346, 0.82521689615, 1.5112640476, 1.8179098262, 0.80448310678, 1.2406868399, 0.83296161528, 1.2745190624, 0.74577109928, 0.9915072831, 0.8359324072, 0.55568255761, 1.0078433716, 1.2479695321, 1.5943434564, 1.5811756552, 0.98847786132, 1.1817195368, 2.34973579, 1.4745202443, 0.70116462937, 1.2971683824, 0.89117907676, 1.4607295191, 0.81149614165, 1.1176507036, 1.0242203004, 3.603484487, 6.2756976263, 8.7735802288, 4.7927799622, 6.8628001698, 5.9804506905, 3.5571183121, 5.1878338857, 4.2939763142, 5.1380144368, 8.369025379, 4.457968635, 3.9600558216],
      [6.3885373452, 5.3462323106, 10.151758702, 6.6422252767, 5.1928899462, 5.1259401311, 5.35235898, 4.9059076724, 8.5649014532, 8.2854090446, 4.6869001142, 4.8381241465, 7.5450192478, 7.9191119981, 6.4971854011, 3.6206537739, 2.3959050452, 8.5986366095, 4.6780257651, 5.4013873945, 3.5569338632, 4.0650948671, 8.7449684379, 5.2145919017, 10.4730816249, 7.3187430602, 9.3737587752, 7.8772291711, 12.8469160397, 6.604510426, 4.1237326007, 4.8369060668, 6.3676027161, 7.09474999, 3.1930619822, 5.2127518579, 5.0166386414, 18.3617550541, 29.4822395949, 29.3276568492, 36.5328614276, 31.6563028329, 27.8204419896, 24.4044520652, 30.6652597018, 33.0896818401, 20.1963756706, 23.3228201227, 32.0501376705, 29.0302488198],
      [6.2884088167, 3.6090759191, 6.9168088249, 3.6109828005, 4.8981819248, 4.4665020002, 5.5668544614, 6.5095348858, 4.0431916434, 8.1510616256, 4.6408769278, 5.1797714795, 6.7394051902, 5.0616906201, 3.5952180791, 4.0244254068, 3.5969510797, 5.8938466586, 4.4766745479, 7.4472651167, 2.4822810767, 3.3256644952, 6.0289576158, 5.3273171464, 8.6804916257, 3.9620530158, 6.4866168629, 6.7112518296, 9.4411647309, 7.7522740365, 3.073825593, 4.6322523767, 4.6125308854, 6.201194578, 4.8719627791, 5.5230537944, 3.8188453312, 18.3900529304, 27.6645512941, 25.3913857083, 25.9482228224, 20.8916167342, 26.036620794, 24.2319016822, 26.6022913408, 20.0081854298, 29.6435225024, 22.7706974217, 30.7382146483, 22.2541473073],
      [0.152745192, 0.13136546294, 0.25686890096, 0.088878929631, 0.13011594537, 0.12406285364, 0.10097278836, 0.1894182774, 0.139171032, 0.45190220018, 0.1696482234, 0.15688747783, 0.2043115145, 0.20128755559, 0.10311341298, 0.11423397937, 0.17418225985, 0.23299766953, 0.099528587779, 0.15984020577, 0.12485265292, 0.053558080077, 0.21823057462, 0.21012141969, 0.25208329299, 0.13802826889, 0.15114650064, 0.22979946252, 0.36218343936, 0.16869529322, 0.1012771769, 0.23367317401, 0.12868732169, 0.24332591286, 0.12347909702, 0.14654364419, 0.14029572706, 0.64470752856, 0.57751148465, 1.5073772137, 0.7261357878, 0.58928026314, 1.162486526, 0.80652794046, 0.54461507173, 0.60815641603, 1.0220873902, 0.53745707666, 0.75367904618, 0.75554805131]
    ]
  ],
  "prob": [
    [0.18839713037, 0.027372839899, 0.51618417755, 0.26804585218],
    [0.38920159685, 0.36719796426, 0.21921387125, 0.024386567635],
    [0.21125175316, 0.26966673418, 0.29686932167, 0.22221219099],
    [0.091908566503, 0.47950410032, 0.41537666662, 0.013210666559]
  ],
  "iterations": 116,
  "time": 23.683112,
  "message": "Converged",
  "status": 0,
  "miniter": 0,
  "maxiter": 1000,
  "maxtime": 3600,
  "param_threshold": 0.001,
  "ll_threshold": "-Inf",
  "initial_prob": "group_proportional",
  "ballotbox_id": ["1", "2", "3", "4", "5", "6", "7", "8", "9", "10", "11", "12", "13", "14", "15", "16", "17", "18", "19", "20", "21", "22", "23", "24", "25", "26", "27", "28", "29", "30", "31", "32", "33", "34", "35", "36", "37", "38", "39", "40", "41", "42", "43", "44", "45", "46", "47", "48", "49", "50"],
  "candidates_id": ["1", "2", "3", "4"],
  "group_id": ["1", "2", "3", "4"]
}
