{
  "X": [
    [42, 15, 14, 29],
    [29, 21, 16, 34],
    [34, 16, 13, 37],
    [48, 17, 10, 25],
    [34, 25, 10, 31],
    [41, 18, 11, 30],
    [39, 13, 18, 30],
    [36, 15, 13, 36],
    [40, 19, 14, 27],
    [43, 12, 13, 32],
    [39, 15, 6, 40],
    [33, 19, 14, 34],
    [54, 20, 15, 11],
    [49, 33, 9, 9],
    [59, 22, 13, 6],
    [44, 32, 14, 10],
    [51, 31, 9, 9],
    [43, 37, 12, 8],
    [41, 34, 10, 15],
    [47, 29, 12, 12],
    [48, 30, 15, 7],
    [50, 25, 13, 12],
    [45, 33, 11, 11],
    [40, 33, 16, 11],
    [45, 30, 10, 15],
    [36, 17, 31, 16],
    [37, 21, 29, 13],
    [38, 18, 39, 5],
    [35, 24, 28, 13],
    [43, 17, 23, 17],
    [40, 21, 28, 11],
    [40, 21, 28, 11],
    [39, 24, 24, 13],
    [45, 19, 28, 8],
    [42, 19, 33, 6],
    [40, 20, 31, 9],
    [40, 21, 29, 10],
    [36, 15, 31, 18],
    [44, 23, 23, 10],
    [47, 17, 18, 18],
    [49, 21, 20, 10],
    [37, 18, 24, 21],
    [37, 15, 35, 13],
    [33, 17, 29, 21],
    [42, 22, 23, 13],
    [39, 19, 30, 12],
    [47, 15, 26, 12],
    [43, 21, 31, 5],
    [35, 21, 25, 19],
    [38, 13, 28, 21]
  ],
  "W": [
    [72, 7, 14, 7],
    [62, 13, 15, 10],
    [62, 13, 15, 10],
    [70, 13, 9, 8],
    [59, 16, 10, 15],
    [63, 13, 6, 18],
    [57, 10, 12, 21],
    [63, 16, 11, 10],
    [63, 15, 5, 17],
    [66, 11, 11, 12],
    [68, 13, 10, 9],
    [63, 11, 10, 16],
    [29, 37, 18, 16],
    [17, 54, 16, 13],
    [9, 59, 16, 16],
    [11, 65, 10, 14],
    [12, 63, 12, 13],
    [8, 66, 12, 14],
    [13, 62, 10, 15],
    [16, 62, 12, 10],
    [8, 62, 11, 19],
    [15, 66, 9, 10],
    [10, 49, 22, 19],
    [7, 73, 15, 5],
    [13, 63, 8, 16],
    [12, 15, 64, 9],
    [10, 15, 59, 16],
    [12, 8, 70, 10],
    [14, 9, 66, 11],
    [14, 14, 55, 17],
    [14, 9, 70, 7],
    [9, 8, 70, 13],
    [15, 12, 56, 17],
    [13, 14, 67, 6],
    [12, 8, 61, 19],
    [13, 14, 64, 9],
    [14, 11, 61, 14],
    [17, 12, 33, 38],
    [10, 15, 13, 62],
    [21, 13, 12, 54],
    [17, 6, 17, 60],
    [14, 15, 15, 56],
    [3, 18, 16, 63],
    [16, 12, 7, 65],
    [12, 7, 19, 62],
    [11, 16, 10, 63],
    [9, 22, 8, 61],
    [7, 16, 15, 62],
    [12, 16, 11, 61],
    [13, 13, 12, 62]
  ],
  "method": "mvn_cdf",
  "mvncdf_method": "genz",
  "mvncdf_samples": 5000,
  "mvncdf_error": 1e-06,
  "cond_prob": [
    [
      [0.42166139907, 0.1239356249, 0.067453136348, 0.38694983968],
      [0.54751162504, 0.36445242342, 0.052370621417, 0.035665330124],
      [0.36868589065, 0.16426697399, 0.42987746382, 0.03716967154],
      [0.39667157005, 0.12753478373, 0.37927335984, 0.096520286382]
    ],
    [
      [0.28279407537, 0.15291115133, 0.065474290749, 0.49882048255],
      [0.39817570821, 0.49398707642, 0.057175023972, 0.050662191398],
      [0.27100708577, 0.21951223551, 0.45980725088, 0.04967342783],
      [0.2872660165, 0.17638023256, 0.40251397622, 0.13383977471]
    ],
    [
      [0.30441299303, 0.10495891875, 0.046990854151, 0.54363723406],
      [0.49718914894, 0.39388323059, 0.046192498401, 0.062735122066],
      [0.352511572, 0.18471822158, 0.39688547253, 0.065884733886],
      [0.35940527998, 0.13748276557, 0.33241202695, 0.1706999275]
    ],
    [
      [0.46979966186, 0.13076131175, 0.051926649785, 0.3475123766],
      [0.5777040271, 0.35509755658, 0.037694680897, 0.029503735429],
      [0.43930490429, 0.1831429334, 0.34404747114, 0.033504691166],
      [0.47340361033, 0.14225863702, 0.29739618145, 0.086941571201]
    ],
    [
      [0.31417244425, 0.18479630771, 0.039101616964, 0.46192963108],
      [0.39724992492, 0.53144219079, 0.029709085506, 0.04159879878],
      [0.33660524041, 0.3084486989, 0.3051004548, 0.049845605882],
      [0.36097937893, 0.23064627408, 0.26901751775, 0.13935682923]
    ],
    [
      [0.38794007596, 0.13396300625, 0.046485217648, 0.43161170014],
      [0.51828268582, 0.40425948318, 0.037021829912, 0.040436001092],
      [0.40075884068, 0.20824818593, 0.34463374581, 0.046359227583],
      [0.41966500099, 0.15978821663, 0.29754517493, 0.12300160745]
    ],
    [
      [0.37264480698, 0.099625942018, 0.066025419082, 0.46170383192],
      [0.55676031646, 0.33648748229, 0.058291445444, 0.04846075581],
      [0.35607318894, 0.14367326862, 0.45414094476, 0.046112597681],
      [0.3741828014, 0.11021445753, 0.39259949029, 0.12300325078]
    ],
    [
      [0.3218611585, 0.098123713404, 0.05710946979, 0.52290565831],
      [0.5245498179, 0.36173597986, 0.053907577697, 0.059806624547],
      [0.35042901161, 0.16197933335, 0.42797835798, 0.05961329705],
      [0.35672138629, 0.120877263, 0.3684570227, 0.15394432802]
    ],
    [
      [0.39043756934, 0.14409109959, 0.069503391213, 0.39596793986],
      [0.4951886483, 0.41682234381, 0.052515785234, 0.035473222659],
      [0.33847539749, 0.18847782323, 0.43727871124, 0.035768068042],
      [0.36462942389, 0.14845464298, 0.38872653268, 0.098189400455]
    ],
    [
      [0.40732809691, 0.091948695785, 0.055296678589, 0.44542652872],
      [0.59858736818, 0.30588818097, 0.049448570556, 0.046075880293],
      [0.4170624591, 0.13966220113, 0.39637538592, 0.046899953853],
      [0.42632502319, 0.1039723839, 0.34395863035, 0.12574396257]
    ],
    [
      [0.33784302786, 0.098892769216, 0.026876510523, 0.5363876924],
      [0.55000485267, 0.36323378196, 0.025474105811, 0.061287259555],
      [0.45912760378, 0.20410030873, 0.25926764061, 0.077504446882],
      [0.44040643996, 0.14267232579, 0.22650397846, 0.19041725579]
    ],
    [
      [0.31370568853, 0.14222661136, 0.055623585891, 0.48844411421],
      [0.44580836824, 0.45834834638, 0.047055026309, 0.048788259072],
      [0.31909405936, 0.21979583727, 0.40906167421, 0.052048429167],
      [0.33749284672, 0.16830416888, 0.35505593703, 0.13914704737]
    ],
    [
      [0.51435209781, 0.11462180166, 0.05704803876, 0.31397806177],
      [0.61016559866, 0.32272521279, 0.039483422285, 0.027625766266],
      [0.46459325308, 0.16228708365, 0.34530964702, 0.027810016255],
      [0.4841872153, 0.11365244334, 0.32141811906, 0.080742222305]
    ],
    [
      [0.45154454217, 0.16692742129, 0.036698238514, 0.34482979803],
      [0.51789901092, 0.43446488997, 0.025086473559, 0.02254962555],
      [0.44987352891, 0.2528436059, 0.26189218467, 0.035390680519],
      [0.4642757655, 0.21281073506, 0.23014164261, 0.092771856828]
    ],
    [
      [0.52160676665, 0.099679296154, 0.049664462842, 0.32904947435],
      [0.63353244326, 0.30196015106, 0.036266953995, 0.028240451679],
      [0.4884411324, 0.156658639, 0.32762655572, 0.027273672879],
      [0.52069445786, 0.11993693073, 0.27223513038, 0.087133481035]
    ],
    [
      [0.35431377582, 0.13106724174, 0.064387106729, 0.4502318757],
      [0.49299715773, 0.41069109635, 0.053432717718, 0.042879028202],
      [0.33318699415, 0.18511041109, 0.43864998867, 0.043052606086],
      [0.35426140852, 0.14411925957, 0.38458192142, 0.1170374105]
    ],
    [
      [0.43148336067, 0.13566893243, 0.038930720305, 0.39391698659],
      [0.54771665138, 0.38848429951, 0.029383682564, 0.034415366546],
      [0.4510964071, 0.21448011608, 0.29219142372, 0.042232053099],
      [0.47226452209, 0.16408926651, 0.25096693317, 0.11267927824]
    ],
    [
      [0.36618533583, 0.16271197327, 0.051499367, 0.41960332389],
      [0.46185414778, 0.46314282528, 0.038706587314, 0.03629643962],
      [0.35762026325, 0.239034307, 0.36177297668, 0.041572453068],
      [0.38112459275, 0.18679386808, 0.31865862927, 0.11342290991]
    ],
    [
      [0.27491802439, 0.11970889305, 0.034633682613, 0.57073939995],
      [0.4578676667, 0.44340241962, 0.034477336453, 0.064252577223],
      [0.36198852458, 0.23468569381, 0.32759731317, 0.075728468432],
      [0.36362635325, 0.17146987767, 0.27061212112, 0.19429164796]
    ],
    [
      [0.37250585546, 0.11869236013, 0.053854451117, 0.45494733329],
      [0.53016650637, 0.3798922596, 0.045542347977, 0.044398886047],
      [0.3774372211, 0.18128501235, 0.39424405463, 0.047033711922],
      [0.39458878307, 0.1384198286, 0.34185851316, 0.12513287517]
    ],
    [
      [0.42393564304, 0.13764008807, 0.064173102801, 0.37425116609],
      [0.53217403045, 0.38770221393, 0.047833389632, 0.032290365988],
      [0.37466334732, 0.18311572637, 0.40835330442, 0.033867621896],
      [0.40244201265, 0.14406092752, 0.36126448384, 0.092232575992]
    ],
    [
      [0.37419177359, 0.096155027474, 0.06571747738, 0.46393572155],
      [0.56662058123, 0.32641850455, 0.058889758045, 0.048071156171],
      [0.35830806509, 0.13800210318, 0.45839998204, 0.045289849696],
      [0.3764668385, 0.10630135037, 0.3957957892, 0.12143602193]
    ],
    [
      [0.32778346583, 0.15702673814, 0.030615729374, 0.48457406666],
      [0.50985083881, 0.42198560902, 0.023542627816, 0.04462092435],
      [0.40463230808, 0.25353324109, 0.28911825965, 0.052716191191],
      [0.4297601076, 0.19645964038, 0.22533632486, 0.14844392715]
    ],
    [
      [0.24936373128, 0.097289441048, 0.071388509874, 0.5819583178],
      [0.43793114935, 0.40828351832, 0.0807180151, 0.073067317234],
      [0.26320979547, 0.14641245996, 0.52644643365, 0.063931310922],
      [0.26531635817, 0.11353962941, 0.46217179412, 0.1589722183]
    ],
    [
      [0.29608017682, 0.10172323137, 0.03581212646, 0.56638446535],
      [0.5075250162, 0.39023341325, 0.036630976172, 0.065610594372],
      [0.38809708422, 0.19996164258, 0.33732094201, 0.0746203312],
      [0.38634792666, 0.14615077744, 0.27696480061, 0.19053649529]
    ],
    [
      [0.24648927335, 0.075097623278, 0.042616413379, 0.63579668999],
      [0.51303745708, 0.34932591452, 0.048107029915, 0.08952959849],
      [0.34527453996, 0.15489504777, 0.41098744477, 0.088842967504],
      [0.34149077501, 0.096803615662, 0.33916336534, 0.22254224399]
    ],
    [
      [0.29936436894, 0.10814289309, 0.045814002432, 0.54667873554],
      [0.49228496835, 0.40209241914, 0.044836970981, 0.060785641524],
      [0.35550687095, 0.19379058232, 0.3855725868, 0.065129959933],
      [0.36263774206, 0.14415096427, 0.32317762895, 0.17003366472]
    ],
    [
      [0.45517763414, 0.14685530517, 0.091083731392, 0.3068833293],
      [0.53528629311, 0.38021676406, 0.061344583346, 0.023152359484],
      [0.33644183778, 0.16492130055, 0.47679793284, 0.021838928834],
      [0.37324947498, 0.13341855872, 0.42920765768, 0.064124308614]
    ],
    [
      [0.31112873945, 0.14407146537, 0.045427814254, 0.49937198093],
      [0.44495989616, 0.46777343667, 0.038622775566, 0.048643891606],
      [0.34572718472, 0.24184872242, 0.35626649012, 0.056157602738],
      [0.35875773931, 0.18427147967, 0.30736011564, 0.14961066538]
    ],
    [
      [0.30069712982, 0.077857157421, 0.032515483442, 0.58893022932],
      [0.56545068711, 0.32518302268, 0.035480603528, 0.073885686677],
      [0.42748797958, 0.16725974563, 0.32165250132, 0.083599773464],
      [0.41523938742, 0.1177077549, 0.25746366226, 0.20958919542]
    ],
    [
      [0.37585732475, 0.13013200531, 0.048264222504, 0.44574644744],
      [0.51502327189, 0.40352581735, 0.039520813148, 0.041930097612],
      [0.39168156135, 0.20490255127, 0.35603386098, 0.047382026408],
      [0.40980073216, 0.15650964986, 0.30742033397, 0.12626928402]
    ],
    [
      [0.34458818162, 0.12020996423, 0.041980287955, 0.49322156619],
      [0.51093720765, 0.40228619844, 0.037121031576, 0.049655562334],
      [0.39530828263, 0.20759897484, 0.33992446069, 0.057168281834],
      [0.40638965309, 0.15574771987, 0.2881677945, 0.14969483255]
    ],
    [
      [0.34660276067, 0.14671741878, 0.042155486476, 0.46452433408],
      [0.48788410691, 0.4360165238, 0.033342147646, 0.04275722165],
      [0.38176382482, 0.24009099406, 0.32621346801, 0.051931713108],
      [0.39748509009, 0.18314981087, 0.28124906059, 0.13811603846]
    ],
    [
      [0.45748507249, 0.12262373572, 0.055609844272, 0.36428134752],
      [0.57760697685, 0.34848957537, 0.041998866889, 0.031904580882],
      [0.42626375994, 0.17201001057, 0.36681059873, 0.034915630766],
      [0.4515252503, 0.13297861922, 0.32189591758, 0.093600212907]
    ],
    [
      [0.47422481709, 0.14723261005, 0.069892613781, 0.30864995907],
      [0.54583449096, 0.38192099028, 0.047792080854, 0.024452437909],
      [0.38789584651, 0.18177935327, 0.40427799564, 0.026046804581],
      [0.41850366478, 0.14448491357, 0.36516959569, 0.071841825953]
    ],
    [
      [0.40719251167, 0.1302563639, 0.063452945304, 0.39909817913],
      [0.53041009425, 0.38402005987, 0.04953545245, 0.036034393428],
      [0.37153233503, 0.18002459992, 0.41106941849, 0.037373646564],
      [0.39610074696, 0.14002443805, 0.36208140455, 0.10179341043]
    ],
    [
      [0.39983048968, 0.13950646261, 0.056026503417, 0.40463654429],
      [0.51435096841, 0.4065142364, 0.0431913711, 0.035943424096],
      [0.38119560874, 0.20087146502, 0.37850348045, 0.039429445802],
      [0.40478829506, 0.15611727036, 0.33260170826, 0.10649272632]
    ],
    [
      [0.31033473664, 0.091678891127, 0.058222211099, 0.53976416113],
      [0.52423727922, 0.35295928313, 0.059442147972, 0.063361289684],
      [0.33406738444, 0.15993068437, 0.44669073459, 0.059311196612],
      [0.34689694316, 0.11350233278, 0.38319457919, 0.15640614486]
    ],
    [
      [0.43043663006, 0.16840202622, 0.048270801756, 0.35289054197],
      [0.49405427975, 0.44389917521, 0.033280004654, 0.028766540379],
      [0.4039043761, 0.23962900688, 0.32192532804, 0.034541288982],
      [0.43226509096, 0.1884608209, 0.28532254022, 0.093951547915]
    ],
    [
      [0.41151093399, 0.10943130083, 0.037132510047, 0.44192525514],
      [0.57796688186, 0.34784052801, 0.031044946724, 0.043147643406],
      [0.46372662409, 0.18632146432, 0.29806874066, 0.051883170935],
      [0.46807455474, 0.14182896734, 0.25451213563, 0.13558434229]
    ],
    [
      [0.47860623479, 0.17416627794, 0.041787993929, 0.30543949334],
      [0.53862082177, 0.40885863386, 0.029529885536, 0.022990658835],
      [0.45077152842, 0.2350362747, 0.28755502261, 0.026637174266],
      [0.48366273474, 0.19537296002, 0.24268040426, 0.078283900981]
    ],
    [
      [0.278558674, 0.096022146241, 0.040490093132, 0.58492908663],
      [0.4963907604, 0.38889623306, 0.042483384478, 0.072229622055],
      [0.36109020209, 0.18947138853, 0.3711071334, 0.078331275976],
      [0.36024439439, 0.13709587388, 0.30421240799, 0.19844732374]
    ],
    [
      [0.31595198843, 0.090730825569, 0.067331664515, 0.52598552149],
      [0.52861385398, 0.34539008494, 0.066476769797, 0.059519291279],
      [0.32561481223, 0.13783363625, 0.48457715902, 0.051974392502],
      [0.322193428, 0.1063396093, 0.42619987759, 0.14526708511]
    ],
    [
      [0.28151125309, 0.10662030902, 0.057121605557, 0.55474683233],
      [0.47376666199, 0.40584916172, 0.055505941034, 0.06487823526],
      [0.31574801463, 0.18037797797, 0.43972294721, 0.064151060192],
      [0.32330480541, 0.13577976232, 0.37346069331, 0.16745473895]
    ],
    [
      [0.39308485684, 0.16635804566, 0.042749227861, 0.39780786964],
      [0.46926134921, 0.46646403073, 0.030840588483, 0.03343403158],
      [0.39941492016, 0.25377272096, 0.30522929565, 0.041583063235],
      [0.42585783258, 0.19898756848, 0.26670023283, 0.10845436611]
    ],
    [
      [0.38616939179, 0.13552882442, 0.068349025431, 0.40995275836],
      [0.50667174056, 0.40198145707, 0.053796388862, 0.037550413509],
      [0.34400109558, 0.18261830847, 0.43522582459, 0.038154771357],
      [0.36824152033, 0.14264548515, 0.38549299517, 0.10361999934]
    ],
    [
      [0.42939960879, 0.096429691792, 0.057706665839, 0.41646403358],
      [0.6044950799, 0.30608817849, 0.048542127979, 0.040874613628],
      [0.42008941823, 0.14147395941, 0.39620454804, 0.042232074314],
      [0.43652505128, 0.10827133255, 0.34418140281, 0.11102221336]
    ],
    [
      [0.46969998376, 0.16244182673, 0.073044301538, 0.29481388798],
      [0.51695836067, 0.41692483944, 0.049081768635, 0.017035031252],
      [0.37726110236, 0.16426022474, 0.43265057634, 0.025828096562],
      [0.41109275901, 0.15362799001, 0.37642315392, 0.058856097063]
    ],
    [
      [0.27926696355, 0.12092978956, 0.044461998915, 0.55534124798],
      [0.45224031958, 0.44252637702, 0.043379399067, 0.061853904333],
      [0.34938123764, 0.21426746818, 0.37071363627, 0.065637657909],
      [0.34204507836, 0.16154157943, 0.32016094384, 0.17625239837]
    ],
    [
      [0.2968164082, 0.075196505314, 0.047224965323, 0.58076212117],
      [0.54734216601, 0.32316032303, 0.052923401499, 0.076574109453],
      [0.36095338948, 0.1431890112, 0.42021665611, 0.075640943203],
      [0.36169785008, 0.10491490147, 0.34198641312, 0.19140083533]
    ]
  ],
  "expected_outcome": [
    [
      [30.359620733, 17.5332326729, 18.873605568, 32.8859763305, 18.5361742106, 24.4402247855, 21.2407539979, 20.2772529853, 24.5975668682, 26.8836543958, 22.9733258943, 19.7634583775, 14.9162108364, 7.6762572169, 4.6944608999, 3.8974515341, 5.1778003281, 2.9294826867, 3.5739343171, 5.9600936873, 3.3914851443, 5.6128766039, 3.2778346583, 1.745546119, 3.8490422987, 2.9578712802, 2.9936436894, 5.4621316097, 4.3558023523, 4.2097598175, 5.2620025465, 3.1012936346, 5.19904141, 5.9473059423, 5.6906978051, 5.2935026517, 5.5976268556, 5.2756905229, 4.3043663006, 8.6417296137, 8.1363059914, 3.899821436, 0.94785596528, 4.5041800495, 4.7170182821, 4.2478633097, 3.8645964791, 3.2878998863, 3.3512035626, 3.8586133066],
      [8.923364993, 9.4804913822, 6.5074529628, 9.1532918226, 10.9029821547, 8.4396693939, 5.678678695, 6.1817939444, 9.0777392741, 6.0686139218, 6.7247083067, 8.960276516, 3.3240322483, 2.8377661619, 0.89711366538, 1.4417396592, 1.6280271892, 1.3016957862, 1.5562156096, 1.8990777621, 1.1011207046, 1.4423254121, 1.5702673814, 0.68102608733, 1.3224020078, 0.90117147933, 1.0814289309, 1.762263662, 2.0170005152, 1.0900002039, 1.8218480743, 1.0818896781, 2.2007612816, 1.5941085643, 1.7667913206, 1.6933327307, 1.9530904765, 1.5585411492, 1.6840202622, 2.2980573173, 2.9608267251, 1.3443100474, 0.27219247671, 1.7059249443, 1.996296548, 1.4908170686, 0.86786722613, 1.1370927871, 1.4511574747, 0.97755456908],
      [4.856625817, 4.0594060265, 2.9134329574, 3.6348654849, 2.3069954008, 2.9285687118, 3.7634488877, 3.5978965968, 4.3787136464, 3.6495807868, 1.8276027156, 3.5042859112, 1.654393124, 0.62387005474, 0.44698016557, 0.70825817402, 0.46716864366, 0.411994936, 0.45023787397, 0.86167121787, 0.51338482241, 0.9857621607, 0.30615729374, 0.49971956912, 0.46555764398, 0.51139696055, 0.45814002432, 1.0930047767, 0.63598939955, 0.45521676819, 0.67569911506, 0.3778225916, 0.63233229713, 0.72292797553, 0.83871136537, 0.82488828896, 0.78437104783, 0.98977758869, 0.48270801756, 0.77978271098, 0.71039589679, 0.56686130385, 0.20199499354, 0.91394568891, 0.51299073434, 0.75183927975, 0.51935999255, 0.51131011077, 0.53354398698, 0.6139245492],
      [27.8603884569, 30.9268699184, 33.7055085118, 24.325866362, 27.2538482339, 27.1915371088, 26.3171184194, 32.9430564735, 24.9459802112, 29.3981508956, 36.4743630834, 30.7719791954, 9.1053637914, 5.8621065665, 2.9614452692, 4.9525506327, 4.7270038391, 3.3568265911, 7.4196121993, 7.2791573327, 2.9940093287, 6.9590358233, 4.8457406666, 4.0737082246, 7.3629980495, 7.6295602799, 5.4667873554, 3.6825999516, 6.991207733, 8.2450232104, 6.2404502641, 4.4389940957, 6.9678650112, 4.7356575178, 3.7037995089, 5.1882763287, 5.66491162, 9.1759907393, 3.5289054197, 9.280430358, 5.1924713867, 8.1890072128, 1.5779565645, 8.8759493173, 4.7736944356, 4.5094803419, 3.7481763022, 2.0636972158, 6.6640949757, 7.5499075751]
    ],
    [
      [3.8325813752, 5.1762842068, 6.4634589363, 7.5101523523, 6.3559987987, 6.7376749157, 5.5676031646, 8.3927970864, 7.4278297244, 6.58446105, 7.1500630847, 4.9038920507, 22.5761271504, 27.9665465898, 37.3784141525, 32.0448152525, 34.5061490369, 30.4823737537, 28.3877953355, 32.8703233952, 32.994789888, 37.3969583613, 24.9826911016, 31.9689739026, 31.9740760209, 7.6955618562, 7.3842745253, 4.2822903449, 4.0046390655, 7.9163096196, 4.635209447, 4.0874976612, 5.8546092829, 8.086497676, 4.3666759277, 7.4257413195, 5.6578606525, 6.2908473506, 7.4108141963, 7.5135694642, 3.2317249306, 7.445861406, 9.5150493717, 5.6851999439, 3.2848294445, 8.106747849, 13.2988917578, 8.2713337707, 7.2358451133, 7.1154481582],
      [2.551166964, 6.4218319934, 5.1204819977, 4.6162682355, 8.5030750527, 5.2553732813, 3.3648748229, 5.7877756777, 6.2523351572, 3.3647699906, 4.7220391655, 5.0418318101, 11.9408328732, 23.4611040583, 17.8156489127, 26.6949212627, 24.4745108692, 30.5674264686, 27.4909500166, 23.5533200953, 24.0375372636, 21.5436213004, 20.6772948422, 29.8046968371, 24.5847050348, 5.2398887178, 6.0313862871, 3.0417341125, 4.20996093, 4.5525623175, 3.6317323562, 3.2182895875, 5.2321982856, 4.8788540552, 3.0553679222, 5.3762808382, 4.4716566004, 4.2355113975, 6.6584876282, 4.5219268641, 2.4531518031, 5.833443496, 6.2170215289, 4.8701899406, 3.2652482151, 6.4317033131, 6.7339399268, 6.6707974311, 7.0804220323, 4.2010841994],
      [0.36659434992, 0.74327531163, 0.60050247921, 0.49003085166, 0.4753453681, 0.48128378885, 0.58291445444, 0.86252124315, 0.78773677852, 0.54393427612, 0.33116337555, 0.5176052894, 1.4608866245, 1.3546695722, 2.1397502857, 3.4731266517, 1.8511720015, 2.5546347627, 2.1375948601, 2.8236255746, 2.9656701572, 3.886724031, 1.153588763, 5.8924151023, 2.3077514988, 0.72160544872, 0.67255456472, 0.49075666677, 0.34760498009, 0.49672844939, 0.35568731833, 0.2969682526, 0.40010577175, 0.58798413645, 0.38233664683, 0.6934963343, 0.4751050821, 0.71330577566, 0.49920006981, 0.40358430742, 0.17717931322, 0.63725076717, 1.1965818563, 0.66607129241, 0.21588411938, 0.8607422218, 1.0679268155, 0.78530829815, 0.69407038507, 0.68800421949],
      [0.24965731087, 0.65860848818, 0.81555658685, 0.38354856058, 0.66558078049, 0.5256680142, 0.4846075581, 0.95690599275, 0.53209833988, 0.50683468323, 0.79673437422, 0.53667084979, 1.0221533518, 1.2176797797, 1.6661866491, 2.7871368331, 2.1681680924, 2.3955650149, 3.9836597878, 2.7527309349, 2.0020026912, 3.1726963073, 2.1864252932, 5.3339141581, 4.1334674454, 1.3429439773, 0.91178462286, 0.18521887587, 0.43779502445, 1.0343996135, 0.37737087851, 0.39724449867, 0.5130866598, 0.44666413234, 0.19561950327, 0.50448150799, 0.39537766506, 0.7603354762, 0.43149810569, 0.56091936427, 0.13794395301, 1.0834443308, 1.071347243, 0.77853882311, 0.23403822106, 0.60080661614, 0.89924149982, 0.27256050003, 0.98966246932, 0.99546342289]
    ],
    [
      [5.1616024691, 4.0651062866, 5.28767358, 3.9537441386, 3.3660524041, 2.4045530441, 4.2728782672, 3.8547191278, 1.6923769875, 4.5876870501, 4.5912760378, 3.1909405936, 8.3626785554, 7.1979764625, 7.8150581184, 3.3318699415, 5.4131568852, 4.291443159, 3.6198852458, 4.5292466532, 4.1212968205, 3.2247725858, 8.9019107777, 3.948146932, 3.1047766737, 22.0975705576, 20.9749053858, 23.5509286448, 22.8179941918, 23.5118388772, 27.4177092942, 27.6715797842, 21.37877419, 28.5596719157, 23.6616466369, 23.7780694419, 23.2529321328, 11.0242236864, 5.2507568893, 5.564719489, 7.6631159831, 5.4163530314, 5.2098369957, 2.2102361024, 7.5888834829, 3.4400109558, 3.3607153458, 5.6589165354, 3.8431936141, 4.3314406738],
      [2.2997376358, 3.2926835327, 2.7707733237, 1.6482864006, 3.084486989, 1.2494891156, 1.7240792235, 1.7817726669, 0.94238911614, 1.5362842124, 2.0410030873, 2.1979583727, 2.9211675057, 4.0454976945, 2.506538224, 1.8511041109, 2.573761393, 2.868411684, 2.3468569381, 2.1754201482, 2.01427299, 1.2420189286, 5.5777313039, 2.1961868993, 1.5996931406, 9.9132830572, 11.4336443567, 11.5444910382, 15.9620156798, 9.1992860099, 14.3431785889, 14.531928239, 13.4450956675, 11.5246707083, 11.0885405495, 11.5215743946, 12.253159366, 5.2777125841, 3.1151770894, 2.2358575719, 3.9956166699, 2.8420708279, 2.2053381799, 1.2626458458, 4.8216816982, 1.8261830847, 1.1317916753, 2.463903371, 2.35694215, 1.7182681344],
      [6.0182844935, 6.8971087632, 5.953282088, 3.0964272403, 3.051004548, 2.0678024748, 5.4496913371, 4.7077619378, 2.1863935562, 4.3601292451, 2.5926764061, 4.0906167421, 6.2155736463, 4.1902749547, 5.2420248916, 4.3864998867, 3.5062970846, 4.3412757202, 3.2759731317, 4.7309286556, 4.4918863487, 4.1255998384, 6.3606017122, 7.8966965048, 2.698567536, 26.303196465, 22.7487826215, 33.3758552986, 23.5135883476, 17.6908875724, 24.9223702684, 23.7947122485, 18.2679542084, 24.5763101147, 24.6609577341, 26.3084427834, 23.0887123073, 14.7407942413, 4.1850292646, 3.5768248879, 4.8884353844, 5.5666070011, 7.7532345444, 3.0780606305, 5.7993566174, 4.3522582459, 3.1696363843, 6.4897586451, 4.0778499989, 5.0425998733],
      [0.52037540155, 0.74510141745, 0.98827100829, 0.30154222049, 0.49845605882, 0.2781553655, 0.55335117217, 0.65574626755, 0.17884034021, 0.51589949239, 0.77504446882, 0.52048429167, 0.5005802926, 0.56625088831, 0.43637876606, 0.43052606086, 0.50678463719, 0.49886943682, 0.75728468432, 0.56440454307, 0.37254384085, 0.40760864726, 1.1597562062, 0.95896966383, 0.5969626496, 5.6859499202, 3.8426676361, 1.5287250184, 3.7064017807, 4.5979875405, 3.3167418486, 4.0017797284, 2.908175934, 2.3393472613, 1.5888550795, 2.3919133801, 2.4051961939, 1.9572694882, 0.44903675677, 0.62259805122, 0.45283196253, 1.1749691396, 0.83159028003, 0.44905742134, 0.79007820146, 0.38154771357, 0.33785659451, 0.38742144843, 0.722014237, 0.90769131844]
    ],
    [
      [2.7767009903, 2.872660165, 3.5940527998, 3.7872288826, 5.414690684, 7.5539700177, 7.8578388294, 3.5672138629, 6.1987002061, 5.1159002783, 3.9636579596, 5.3998855476, 7.7469954447, 6.0355849515, 8.3311113257, 4.9596597192, 6.1394387871, 5.3357442985, 5.4543952988, 3.9458878307, 7.6463982404, 3.764668385, 8.1654420444, 1.3265817909, 6.1815668265, 3.0734169751, 5.802203873, 3.7324947498, 3.9463351324, 7.0590695861, 2.8686051251, 5.2830654901, 6.7572465315, 2.7091515018, 7.9515696308, 3.5649067227, 5.6670361308, 13.1820838401, 26.8004356398, 25.2760259561, 29.0197640846, 20.1736860859, 20.2981859642, 21.0148123519, 26.40318562, 23.199215781, 26.6280281279, 25.4877510586, 20.8647497802, 22.4252667047],
      [0.8927434861, 1.7638023256, 1.3748276557, 1.1380690962, 3.4596941113, 2.8761878994, 2.3145036081, 1.20877263, 2.5237289306, 1.2476686067, 1.2840509321, 2.692866702, 1.8184390935, 2.7665395557, 1.9189908917, 2.0176696339, 2.1331604646, 2.6151141531, 2.5720481651, 1.384198286, 2.7371576228, 1.0630135037, 3.7327331673, 0.56769814703, 2.338412439, 0.87123254096, 2.3064154283, 1.3341855872, 2.0269862764, 2.0010318333, 1.095567549, 2.0247203583, 3.1135467847, 0.79787171529, 2.7452133579, 1.2602199425, 2.1856417851, 4.3130886458, 11.6845708961, 7.6587642362, 11.7223776011, 7.6773689372, 6.6993953859, 8.8256845511, 12.3372292458, 8.9866655644, 6.6045512857, 9.5249353808, 9.8540363451, 6.5047238914],
      [2.6549135189, 4.0251397622, 3.3241202695, 2.3791694516, 4.0352627663, 5.3558131487, 8.244589296, 3.684570227, 6.6083510556, 4.1275035642, 2.0385358062, 5.6808949925, 5.1426899049, 2.991841354, 4.355762086, 5.3841468998, 3.2625701312, 4.4612208098, 4.0591818168, 3.4185851316, 6.864025193, 3.957957892, 4.2813901724, 2.3108589706, 4.4314368098, 3.0524702881, 5.1708420632, 4.2920765768, 3.3809612721, 4.3768822584, 2.1519423378, 3.7461813285, 4.78123403, 1.9313755055, 6.9382223182, 3.258732641, 4.6564239156, 14.5613940094, 17.6899974934, 13.7436553239, 14.5608242554, 17.0358948474, 26.8505922879, 24.2749450654, 16.5354144355, 24.2860586959, 20.9950655712, 23.3382355427, 19.5298175741, 21.2031576134],
      [0.67564200467, 1.3383977471, 1.706999275, 0.69553256961, 2.0903524385, 2.2140289342, 2.5830682664, 1.5394432802, 1.6692198077, 1.5089275508, 1.7137553021, 2.226352758, 1.2918755569, 1.2060341388, 1.3941356966, 1.638523747, 1.4648306171, 1.5879207387, 2.9143747194, 1.2513287517, 1.7524189438, 1.2143602193, 2.8204346159, 0.7948610915, 3.0485839246, 2.0028801959, 2.7205386356, 0.64124308614, 1.6457173191, 3.5630163222, 0.88388498813, 1.9460328232, 2.3479726538, 0.56160127744, 1.3649946931, 0.91614069389, 1.4908981685, 5.9434335048, 5.8249959707, 7.3215544838, 4.6970340589, 11.1130501295, 9.151826362, 10.8845580315, 6.7241706987, 6.5280599587, 6.7723550151, 3.6490780179, 10.7513963006, 11.8668517905]
    ]
  ],
  "prob": [
    [0.36783461477, 0.12434025444, 0.052793001915, 0.45503212887],
    [0.51809739346, 0.39132873748, 0.044512834723, 0.046061034338],
    [0.3784765555, 0.19218020063, 0.37953330067, 0.049809943196],
    [0.39438310613, 0.14673864116, 0.32756526863, 0.13131298407]
  ],
  "iterations": 79,
  "time": 14.247542,
  "message": "Converged",
  "status": 0,
  "miniter": 0,
  "maxiter": 1000,
  "maxtime": 3600,
  "param_threshold": 0.001,
  "ll_threshold": "-Inf",
  "initial_prob": "group_proportional",
  "ballotbox_id": ["1", "2", "3", "4", "5", "6", "7", "8", "9", "10", "11", "12", "13", "14", "15", "16", "17", "18", "19", "20", "21", "22", "23", "24", "25", "26", "27", "28", "29", "30", "31", "32", "33", "34", "35", "36", "37", "38", "39", "40", "41", "42", "43", "44", "45", "46", "47", "48", "49", "50"],
  "candidates_id": ["1", "2", "3", "4"],
  "group_id": ["1", "2", "3", "4"]
}
