{
  "X": [
    [5, 15, 31, 58, 4],
    [9, 92, 177, 216, 25],
    [0, 8, 9, 12, 0],
    [72, 474, 588, 568, 25],
    [66, 369, 462, 1007, 42],
    [35, 191, 381, 233, 19],
    [55, 133, 363, 404, 10],
    [50, 119, 305, 408, 6],
    [113, 567, 1513, 1358, 38],
    [80, 317, 916, 768, 24],
    [4, 7, 37, 11, 0],
    [37, 304, 314, 501, 23],
    [2, 4, 14, 37, 1],
    [3, 8, 9, 25, 2],
    [0, 6, 10, 16, 0],
    [1, 2, 6, 7, 0],
    [0, 6, 8, 10, 0],
    [74, 171, 571, 1016, 28],
    [7, 15, 58, 56, 0],
    [11, 8, 30, 29, 1],
    [16, 162, 151, 133, 5],
    [1, 19, 14, 84, 1],
    [8, 115, 103, 98, 3],
    [35, 275, 275, 262, 5],
    [13, 50, 70, 107, 5],
    [25, 198, 241, 188, 3],
    [8, 82, 77, 133, 6],
    [10, 94, 105, 172, 7],
    [23, 154, 132, 201, 19],
    [1, 26, 12, 128, 1],
    [17, 182, 166, 288, 13],
    [10, 100, 83, 145, 12],
    [39, 188, 283, 179, 11],
    [1, 25, 36, 62, 4],
    [13, 43, 72, 152, 2],
    [42, 117, 306, 287, 6],
    [12, 54, 91, 154, 6],
    [1, 23, 24, 71, 6],
    [1, 23, 16, 71, 2],
    [4, 41, 23, 80, 0],
    [37, 97, 205, 355, 7],
    [28, 137, 346, 245, 17],
    [15, 73, 173, 221, 3],
    [3, 33, 87, 47, 4],
    [64, 270, 574, 522, 12],
    [24, 248, 566, 316, 23],
    [30, 108, 259, 204, 6],
    [12, 162, 188, 254, 6],
    [13, 62, 141, 84, 3],
    [24, 100, 257, 184, 8],
    [4, 34, 33, 53, 1],
    [8, 87, 57, 139, 8],
    [4, 11, 5, 59, 1],
    [7, 49, 126, 203, 4],
    [16, 191, 168, 319, 14],
    [0, 2, 7, 6, 2],
    [4, 42, 26, 76, 2],
    [4, 44, 9, 119, 1],
    [7, 14, 34, 143, 2],
    [11, 43, 62, 139, 5],
    [3, 28, 23, 106, 0],
    [5, 15, 24, 57, 2],
    [23, 44, 151, 185, 9],
    [24, 28, 132, 125, 2],
    [13, 53, 107, 201, 7],
    [14, 36, 89, 209, 4],
    [28, 83, 176, 406, 7],
    [0, 12, 10, 45, 0],
    [0, 17, 30, 73, 0],
    [20, 181, 124, 167, 8],
    [55, 62, 231, 277, 9],
    [162, 320, 649, 659, 57],
    [117, 280, 491, 580, 41],
    [0, 0, 0, 1, 0]
  ],
  "W": [
    [3, 35, 57, 11, 7],
    [13, 166, 263, 56, 21],
    [1, 15, 10, 3, 0],
    [90, 567, 770, 235, 65],
    [47, 519, 1078, 243, 59],
    [61, 374, 287, 106, 31],
    [75, 290, 490, 60, 50],
    [68, 229, 491, 55, 45],
    [168, 1284, 1643, 347, 147],
    [141, 783, 915, 177, 89],
    [8, 30, 13, 5, 3],
    [37, 353, 605, 154, 30],
    [3, 14, 35, 1, 5],
    [6, 12, 23, 3, 3],
    [1, 12, 14, 4, 1],
    [0, 6, 8, 2, 0],
    [0, 7, 12, 5, 0],
    [85, 555, 1030, 142, 48],
    [14, 41, 66, 3, 12],
    [12, 26, 34, 2, 5],
    [21, 176, 178, 69, 23],
    [3, 8, 96, 7, 5],
    [23, 106, 146, 36, 16],
    [46, 283, 372, 111, 40],
    [8, 66, 142, 21, 8],
    [39, 246, 268, 82, 20],
    [23, 58, 181, 38, 6],
    [6, 117, 200, 53, 12],
    [11, 170, 240, 91, 17],
    [2, 16, 136, 9, 5],
    [12, 180, 359, 84, 31],
    [12, 89, 191, 44, 14],
    [55, 276, 241, 92, 36],
    [6, 31, 71, 15, 5],
    [14, 58, 183, 15, 12],
    [44, 266, 374, 40, 34],
    [17, 72, 182, 27, 19],
    [5, 19, 78, 16, 7],
    [2, 14, 88, 6, 3],
    [4, 29, 97, 14, 4],
    [37, 175, 408, 38, 43],
    [43, 301, 330, 72, 27],
    [24, 124, 276, 44, 17],
    [16, 68, 58, 25, 7],
    [45, 546, 654, 134, 63],
    [31, 488, 480, 134, 44],
    [28, 215, 276, 61, 27],
    [14, 167, 336, 79, 26],
    [15, 128, 107, 30, 23],
    [21, 215, 250, 70, 17],
    [7, 27, 67, 17, 7],
    [6, 67, 154, 63, 9],
    [1, 10, 63, 5, 1],
    [15, 82, 258, 28, 6],
    [15, 186, 389, 98, 20],
    [0, 8, 6, 2, 1],
    [2, 24, 95, 20, 9],
    [2, 12, 139, 20, 4],
    [7, 31, 146, 8, 8],
    [8, 71, 140, 29, 12],
    [3, 14, 128, 10, 5],
    [3, 20, 63, 13, 4],
    [18, 156, 175, 45, 18],
    [19, 130, 120, 21, 21],
    [8, 112, 209, 43, 9],
    [7, 95, 211, 31, 8],
    [22, 184, 416, 56, 22],
    [0, 7, 50, 7, 3],
    [2, 23, 83, 10, 2],
    [20, 152, 214, 100, 14],
    [89, 182, 292, 31, 40],
    [112, 711, 728, 166, 130],
    [103, 470, 664, 157, 115],
    [0, 0, 1, 0, 0]
  ],
  "method": "mvn_pdf",
  "cond_prob": [
    [
      [0.39856023193, 0.083983418211, 0.44260008167, 0.05208380808, 0.022772460113],
      [0.00053897267558, 0.13446327056, 0.64879912433, 0.21619863243, 0],
      [0.00086314915589, 0.04359310559, 0.09839658171, 0.85714716354, 0],
      [0.10453174858, 0.61500064596, 0.031628787593, 0.090143698094, 0.15869511978],
      [0.36948664634, 0.11314587881, 0.14395836892, 0.061118205639, 0.3122909003]
    ],
    [
      [0.24118004709, 0.1094902056, 0.5270203734, 0.031487220265, 0.090822153641],
      [0, 0.15964240877, 0.71869435373, 0.12166323751, 0],
      [0, 0.085887870497, 0.18006733418, 0.73404479533, 0],
      [0.05732961255, 0.70862776768, 0.024780935436, 0.03376475596, 0.17549692837],
      [0.12639052786, 0.085920121014, 0.10000148354, 0.021426724072, 0.66626114352]
    ],
    [
      [0, 0.30254403035, 0.61035025462, 0.087105715023, 0],
      [0, 0.2718722472, 0.51388574809, 0.21424200471, 0],
      [0, 0.084721690814, 0.063489821556, 0.85178848763, 0],
      [0, 0.92405178453, 0.015488436151, 0.060459779322, 0],
      [0.023964812152, 0.55518430868, 0.2738372267, 0.14495287277, 0.0020607796955]
    ],
    [
      [0.35458619134, 0.15174095573, 0.46062902535, 0.022924799913, 0.010119027676],
      [0.0005410837042, 0.23920391068, 0.66645625651, 0.093463005999, 0.00033574310825],
      [0.00096239787113, 0.1488227264, 0.19512815053, 0.65408982196, 0.00099690323777],
      [0.058050603604, 0.82553517645, 0.027459570019, 0.030628986992, 0.058325662932],
      [0.3907309248, 0.24800662824, 0.18401562175, 0.032250288534, 0.14499653669]
    ],
    [
      [0.42550114, 0.11070666035, 0.40274216376, 0.044006874314, 0.017043161571],
      [0.00055644992667, 0.19206693584, 0.61660009542, 0.19077651881, 0],
      [0.00091749675378, 0.07661288031, 0.10066193916, 0.82180768377, 0],
      [0.082168659016, 0.70789519693, 0.024983015729, 0.068757215122, 0.1161959132],
      [0.4196034452, 0.16113270221, 0.14358009393, 0.055965716308, 0.21971804235]
    ],
    [
      [0.297738839, 0.11426090192, 0.54922008885, 0.024183935532, 0.014596234698],
      [8.6271426492e-05, 0.17311023647, 0.73620113059, 0.090483365516, 0.00011899599437],
      [0.00033855277725, 0.11436643008, 0.21356554665, 0.67063938289, 0.0010900876],
      [0.059566042493, 0.76026722295, 0.037160913354, 0.038858394307, 0.10414742689],
      [0.33530645665, 0.1895279186, 0.22341880757, 0.035209953001, 0.21653686418]
    ],
    [
      [0.35431390295, 0.083779646396, 0.52566842565, 0.029523339254, 0.0067146857472],
      [0.00042101254774, 0.13317174657, 0.7485561079, 0.11776760084, 8.3532135435e-05],
      [0.00081416782768, 0.073806582963, 0.1872027749, 0.73782432535, 0.0003521489587],
      [0.093032188107, 0.73553616996, 0.046737104762, 0.061963825401, 0.062730711769],
      [0.44646980236, 0.15598648329, 0.23920021595, 0.047627927332, 0.11071557108]
    ],
    [
      [0.35436569092, 0.086167237171, 0.52708004776, 0.032387024143, 0],
      [0, 0.13356723398, 0.73930290217, 0.12712986385, 0],
      [0, 0.069690252446, 0.17563375679, 0.75467599076, 0],
      [0.10098005631, 0.74600296952, 0.046799322257, 0.06783645336, 0.03838119855],
      [0.45220510934, 0.16234786702, 0.24551232996, 0.05351171414, 0.08642297955]
    ],
    [
      [0.24208874838, 0.08643310725, 0.63410899665, 0.031092193985, 0.0062769537319],
      [2.3467000193e-05, 0.11657487944, 0.77534559995, 0.10805605361, 0],
      [0.00043132375218, 0.069741241832, 0.20970798635, 0.72011944807, 0],
      [0.064130170533, 0.75551106667, 0.056428019004, 0.065575366891, 0.0583553769],
      [0.33562669758, 0.17721015177, 0.3183346535, 0.055249204705, 0.11357929244]
    ],
    [
      [0.25840381753, 0.086139480994, 0.61737672625, 0.031072494019, 0.0070074812093],
      [0.00021372343252, 0.11860413504, 0.77132282387, 0.1096722879, 0.00018702976135],
      [0.00039731565099, 0.070059165913, 0.20600575583, 0.72299549185, 0.00054227075804],
      [0.067576752512, 0.74880087556, 0.054494888304, 0.064598710459, 0.064528773166],
      [0.34913581197, 0.17242026587, 0.30183425502, 0.053601462065, 0.12300820508]
    ],
    [
      [0.24305257968, 0.050127826315, 0.68684899322, 0.019970600784, 0],
      [0.0054683291523, 0.058917202151, 0.86520241336, 0.070412055335, 0],
      [0.0027779115924, 0.054798623543, 0.3025688344, 0.63985463046, 0],
      [0.10769061753, 0.74628366467, 0.087472454535, 0.05855326326, 0],
      [0.43898784988, 0.1292202985, 0.39279284449, 0.038999007125, 0]
    ],
    [
      [0.40628465893, 0.15670066893, 0.38847565418, 0.03070915216, 0.017829865797],
      [0.00067617328076, 0.26603445587, 0.59827757665, 0.13446202516, 0.00054976904451],
      [0.0012219385654, 0.12692480673, 0.13435929363, 0.73614125206, 0.0013527090146],
      [0.061062716438, 0.78501136836, 0.020357286704, 0.038369350133, 0.095199278361],
      [0.38619490959, 0.22035511758, 0.13373404805, 0.037477635724, 0.22223828905]
    ],
    [
      [0.19517382345, 0.099199417343, 0.60240931608, 0.096496144937, 0.0067212981982],
      [0.00051342401284, 0.10752406022, 0.60821224973, 0.2802307594, 0.0035195066327],
      [0.0011877982956, 0.015021221347, 0.065316657514, 0.90981903299, 0.0086552898545],
      [0.037230193702, 0.72535552077, 0.039229176548, 0.15487693376, 0.043308175212],
      [0.26569749189, 0.18919332738, 0.2704976732, 0.15774756904, 0.11686393849]
    ],
    [
      [0.36816799452, 0.16396891493, 0.38646733708, 0.081395753474, 0],
      [0.00082480438558, 0.23302026168, 0.47822209841, 0.28793283552, 0],
      [0.00084349824069, 0.073576522661, 0.028570823116, 0.89700915598, 0],
      [0.048391055984, 0.69021675729, 0.011980795307, 0.077324260009, 0.17208713141],
      [0.2055069176, 0.15234435906, 0.083153159665, 0.064416028421, 0.49457953526]
    ],
    [
      [0, 0.16652155565, 0.73685019071, 0.096628253631, 0],
      [0, 0.1280538022, 0.63424142139, 0.23770477641, 0],
      [0, 0.039343224111, 0.078735325464, 0.88192145042, 0],
      [0, 0.83451757108, 0.038266955633, 0.12721547329, 0],
      [0, 0.40795739606, 0.39689037362, 0.19515223032, 0]
    ],
    [
      [0.56305178717, 0.04935780785, 0.35796199134, 0.021128930371, 0.0084994832729],
      [0, 0.098676838236, 0.78882059375, 0.11250256801, 0],
      [0, 0.052008478297, 0.15777630384, 0.79021521786, 0],
      [0.5, 0.4959355721, 0.0024330033611, 0.001631424537, 0],
      [0.65850907497, 0.073395496067, 0.12520112301, 0.027269430417, 0.11562487554]
    ],
    [
      [0.00054486365197, 0.10095309394, 0.85814492478, 0.039557216772, 0.00079990085629],
      [0, 0.10897165146, 0.79136240245, 0.099665946096, 0],
      [0, 0.066587452099, 0.18371530845, 0.74969723945, 0],
      [0, 0.88762980292, 0.051175896299, 0.061194300778, 0],
      [0.006362869867, 0.34237721181, 0.54088313499, 0.098729270009, 0.011647513319]
    ],
    [
      [0.40954520637, 0.062408305588, 0.46702896837, 0.048791822105, 0.012225697567],
      [0.00029141970297, 0.096353465973, 0.69765403936, 0.20535397298, 0.00034710197508],
      [0.00046115825785, 0.020985362211, 0.12473680047, 0.85318101165, 0.00063566741288],
      [0.11663449878, 0.60266863949, 0.046125367036, 0.1110385978, 0.12353289689],
      [0.45812141022, 0.10469271926, 0.18907998412, 0.069527442297, 0.17857844411]
    ],
    [
      [0.19864200422, 0.090224282289, 0.67405097518, 0.037082738319, 0],
      [0, 0.11262586198, 0.76870470292, 0.1186694351, 0],
      [0, 0.061502190806, 0.18823182057, 0.75026598862, 0],
      [0.050611531042, 0.81533814413, 0.058026120554, 0.076024204277, 0],
      [0.33893144565, 0.21783672343, 0.37075125068, 0.072480580233, 0]
    ],
    [
      [0.58601929083, 0.090593586045, 0.29955802416, 0.016492912622, 0.0073361863422],
      [0, 0.12376471114, 0.75255801396, 0.11824323382, 0.0054340410779],
      [0, 0.060757716428, 0.1816020481, 0.75021595728, 0.0074242781875],
      [0.21730747651, 0.62430374283, 0.037877104751, 0.05143799338, 0.069073682528],
      [0.70663071139, 0.076124926735, 0.11771430044, 0.023508486942, 0.076021574488]
    ],
    [
      [0.29832503266, 0.23086678622, 0.43723617486, 0.025131353479, 0.008440652782],
      [0, 0.31067195547, 0.58988596888, 0.09944207565, 0],
      [1.0593693547e-05, 0.18689188715, 0.18189990764, 0.63119761152, 0],
      [0.035765090726, 0.88215557878, 0.02519676876, 0.026662117522, 0.030220444214],
      [0.31589119029, 0.36252358604, 0.16875431307, 0.033807621873, 0.11902328873]
    ],
    [
      [0.14022666992, 0.21372587029, 0.56426267546, 0.075454794068, 0.0063299902665],
      [0, 0.23682750693, 0.55364076893, 0.20918440052, 0.00034732361081],
      [0, 0.084747112948, 0.068316494853, 0.84408494136, 0.0028514508351],
      [0, 0.88267387413, 0.020438417655, 0.071138214511, 0.025749493702],
      [0.11586399805, 0.42995247434, 0.23532667854, 0.11400770823, 0.10484914085]
    ],
    [
      [0.1999224664, 0.30649283648, 0.45827820501, 0.027060259026, 0.0082462330858],
      [0, 0.35039823797, 0.554964897, 0.094599278671, 3.7586357871e-05],
      [0, 0.2052974183, 0.20534010713, 0.58891291374, 0.00044956083243],
      [0, 0.92604762495, 0.024740058157, 0.023460111447, 0.025752205445],
      [0.21261145455, 0.46858212286, 0.1726890293, 0.032765067819, 0.11335232547]
    ],
    [
      [0.324241199, 0.20958112173, 0.43703519357, 0.023101917713, 0.0060405679839],
      [0, 0.29963359634, 0.60800725842, 0.092359145233, 0],
      [0, 0.18353049975, 0.19638677494, 0.62008272531, 0],
      [0.052411477444, 0.88786751656, 0.024975585255, 0.025758217679, 0.0089872030643],
      [0.35668077124, 0.34340800976, 0.17505391806, 0.03174344263, 0.093113858315]
    ],
    [
      [0.65335831837, 0.07776563095, 0.2401611801, 0.014218877788, 0.014495992787],
      [0, 0.23481031784, 0.65523297335, 0.10849197191, 0.0014647368984],
      [0, 0.13206264726, 0.16725540505, 0.69703003514, 0.0036519125501],
      [0.13786814429, 0.67960885058, 0.020858139784, 0.029120947747, 0.1325439176],
      [0.60973780286, 0.10696402527, 0.080630733203, 0.016996742325, 0.18567069634]
    ],
    [
      [0.32810398439, 0.18067191226, 0.46460658289, 0.021107262807, 0.0055102576505],
      [0, 0.26456694057, 0.65145369353, 0.083979365901, 0],
      [0, 0.17766132579, 0.21098432902, 0.61135434519, 0],
      [0.056767126116, 0.87879062313, 0.027046609741, 0.02523832559, 0.012157315428],
      [0.37745201336, 0.3098130817, 0.19305562418, 0.030269276433, 0.089410004328]
    ],
    [
      [0.25660014578, 0.20886371505, 0.48227168134, 0.031538702854, 0.020725754978],
      [0, 0.28849501167, 0.60180456452, 0.10866322971, 0.0010371940953],
      [0, 0.14719940137, 0.1614508699, 0.6882971809, 0.0030525478352],
      [0.017150980682, 0.84361414331, 0.021113133664, 0.030786245966, 0.087335496382],
      [0.24107656353, 0.2938324639, 0.16303000946, 0.036745903563, 0.26531505955]
    ],
    [
      [0.36305798763, 0.1460621895, 0.44157148077, 0.035904629544, 0.013403712556],
      [0.00049683024457, 0.23007108604, 0.62482763781, 0.14344248696, 0.0011619589481],
      [0.00088102393385, 0.10733422255, 0.12997338784, 0.75959311625, 0.0022182494194],
      [0.057543007875, 0.79344876773, 0.023966589779, 0.0473117718, 0.077729862814],
      [0.37812822762, 0.2238067163, 0.16506922208, 0.047971174438, 0.18502465956]
    ],
    [
      [0.55314698524, 0.12996144021, 0.26598845798, 0.022056313366, 0.028846803207],
      [0, 0.30099276684, 0.56391188326, 0.13509534989, 0],
      [0, 0.14591344872, 0.12702635534, 0.72706019594, 0],
      [0.10384214563, 0.70095809939, 0.015598272113, 0.031955787921, 0.14764569495],
      [0.43916164176, 0.15266112108, 0.076666986042, 0.022867490852, 0.30864276027]
    ],
    [
      [0.15860523178, 0.2449219385, 0.49138404757, 0.098044846664, 0.0070439354944],
      [0, 0.26511544232, 0.46696400759, 0.2676138912, 0.00030665889477],
      [0, 0.082421021645, 0.018215055906, 0.89774684622, 0.0016170762258],
      [0, 0.87787743732, 0.014069088755, 0.082840519341, 0.025212954587],
      [0.13655790729, 0.43163063328, 0.18838767628, 0.13659045741, 0.10683332574]
    ],
    [
      [0.32090510482, 0.19604944489, 0.43452866732, 0.033396392317, 0.015120390656],
      [0, 0.28685958342, 0.5831167699, 0.1290473934, 0.00097625327645],
      [0, 0.1363013471, 0.13736627891, 0.72417291327, 0.002159460718],
      [0.0391570625, 0.83582732972, 0.019981628819, 0.036398521003, 0.068635457963],
      [0.31806275781, 0.28616136581, 0.15586085352, 0.043069704933, 0.19684531793]
    ],
    [
      [0.34979274243, 0.20852298916, 0.37278969963, 0.027859207035, 0.041035361745],
      [0, 0.33153197356, 0.55000158958, 0.11846643685, 0],
      [0, 0.16211038303, 0.14398785232, 0.69390176465, 0],
      [0.052519561593, 0.7713770516, 0.01635158279, 0.02780429385, 0.13194751017],
      [0.24940188434, 0.22055036098, 0.096802335374, 0.025967904179, 0.40727751513]
    ],
    [
      [0.34149630156, 0.13853681818, 0.49057192344, 0.02034113217, 0.0090538246463],
      [0.00083250551756, 0.21713293879, 0.70058014466, 0.080932987878, 0.00052142315107],
      [0.0010645253466, 0.15032891311, 0.21762553906, 0.6298554039, 0.0011256185868],
      [0.060549537586, 0.82288334073, 0.031033877344, 0.02892985398, 0.056603390361],
      [0.39335621735, 0.23659023579, 0.20432090706, 0.030195393632, 0.13553724617]
    ],
    [
      [0.049539997263, 0.23948845933, 0.63610573643, 0.05094183025, 0.02392397673],
      [0, 0.17376313529, 0.67442676636, 0.1515758114, 0.00023428695069],
      [0, 0.077723521396, 0.13640218962, 0.78539058067, 0.00048370831658],
      [0, 0.77217799048, 0.032085968878, 0.060807685203, 0.13492835543],
      [0.14055200328, 0.21507443472, 0.22205816569, 0.064130471872, 0.35818492443]
    ],
    [
      [0.41516416609, 0.1101170424, 0.43443543585, 0.034253345639, 0.0060300100238],
      [0.00022019632144, 0.189072344, 0.66363815206, 0.14681475396, 0.00025455366314],
      [0.00040341596507, 0.090171375382, 0.13545767363, 0.77333402912, 0.00063350590549],
      [0.084418222152, 0.78188299981, 0.030703840818, 0.058101127205, 0.044893810016],
      [0.48623598618, 0.18854656355, 0.18146493266, 0.051129432921, 0.092623084688]
    ],
    [
      [0.43672124905, 0.087166773833, 0.44938795881, 0.020674491858, 0.006049526449],
      [0, 0.15480510299, 0.74850665919, 0.096633341591, 5.4896238759e-05],
      [0, 0.1001570843, 0.21086034377, 0.68854591188, 0.00043666004342],
      [0.11772499254, 0.73901850493, 0.040789871725, 0.044605596303, 0.0578610345],
      [0.53162545118, 0.14608867148, 0.19502338324, 0.031925252908, 0.095337241191]
    ],
    [
      [0.2716476204, 0.12092077922, 0.55550079379, 0.040816028698, 0.011114777903],
      [0, 0.16829309303, 0.68879999703, 0.14193179831, 0.00097511163152],
      [0, 0.081301232944, 0.14582191248, 0.77046746576, 0.0024093888212],
      [0.047507808417, 0.77935374999, 0.035580386339, 0.062573903813, 0.074984151436],
      [0.32101471716, 0.20988781104, 0.23487516933, 0.061708624368, 0.1725136781]
    ],
    [
      [0.15393430453, 0.15315661389, 0.58289699277, 0.065942476508, 0.044069612308],
      [0, 0.18638470087, 0.62084275462, 0.19277254451, 0],
      [0, 0.061509880537, 0.10043817422, 0.83805194524, 0],
      [0, 0.76017161112, 0.024700812347, 0.075302155255, 0.13982542128],
      [0.032904068195, 0.24748445061, 0.15144458738, 0.0621032941, 0.50606359972]
    ],
    [
      [0.21777848616, 0.26344377099, 0.44315829454, 0.04862493927, 0.026994509047],
      [0, 0.33608759731, 0.50521007131, 0.15778786909, 0.00091446229524],
      [0, 0.13397441621, 0.086382477847, 0.77645848986, 0.0031846160809],
      [0.011778333054, 0.84556950025, 0.012915874486, 0.036881741457, 0.092854550752],
      [0.16459100979, 0.30157348931, 0.12052970506, 0.048027465806, 0.36527833005]
    ],
    [
      [0.3817816006, 0.25732324267, 0.32223706242, 0.038658094312, 0],
      [0, 0.39173456028, 0.45163574439, 0.15662969534, 0],
      [0, 0.14850510789, 0.082442222122, 0.76905266999, 0],
      [0.048180962268, 0.90527301932, 0.010459099143, 0.036086919266, 0],
      [0.44958503146, 0.38289676134, 0.11757305732, 0.049945149872, 0]
    ],
    [
      [0.37767490559, 0.098534131232, 0.47871882984, 0.038242537207, 0.0068295961238],
      [0.00029324027063, 0.15868317899, 0.68706343351, 0.1539327578, 2.7389429817e-05],
      [0.00058133772785, 0.072419946432, 0.13909376529, 0.78786441683, 4.0533722642e-05],
      [0.085837539056, 0.75154246408, 0.03695586532, 0.070161101934, 0.055503029615],
      [0.45292323648, 0.17392393119, 0.20690054216, 0.058883478338, 0.10736881184]
    ],
    [
      [0.30477572806, 0.092679438224, 0.5644447465, 0.021413362314, 0.016686724905],
      [0, 0.14415140149, 0.77311193564, 0.082736662865, 0],
      [0.0010055570007, 0.10426008153, 0.24169969439, 0.65303466708, 0],
      [0.074653053746, 0.7098896862, 0.043420884258, 0.039539562699, 0.13249681309],
      [0.34028851902, 0.15212325915, 0.22722149837, 0.03063708322, 0.24972964023]
    ],
    [
      [0.24427906025, 0.088088235991, 0.63044037217, 0.032769228924, 0.0044231026676],
      [0, 0.11970564061, 0.76787090297, 0.11242345641, 0],
      [6.9580569498e-05, 0.068833692496, 0.19832982247, 0.73276690446, 0],
      [0.072338342807, 0.77057776277, 0.055340257344, 0.0686040365, 0.03313960058],
      [0.34913007255, 0.18463895348, 0.32231981025, 0.059458039576, 0.084453124144]
    ],
    [
      [0.10287863963, 0.1089653268, 0.75096535443, 0.027749117497, 0.0094415616531],
      [0, 0.092858538912, 0.81660281815, 0.085894271714, 0.0046443712284],
      [0, 0.066133520257, 0.2586986519, 0.67070034388, 0.0044674839613],
      [0, 0.79221045049, 0.066670621529, 0.058272260409, 0.082846667573],
      [0.19342025227, 0.18588124116, 0.397753621, 0.051111026859, 0.17183385871]
    ],
    [
      [0.40995179025, 0.090849385556, 0.47041294058, 0.023091178787, 0.0056947048364],
      [0, 0.16040804455, 0.73790075486, 0.1016912006, 0],
      [0, 0.10032793134, 0.20106096166, 0.698611107, 0],
      [0.10438767493, 0.76428570752, 0.040000375684, 0.046703240489, 0.044623001382],
      [0.50101938093, 0.16349576866, 0.2076775596, 0.036311162283, 0.091496128527]
    ],
    [
      [0.21281712687, 0.10468627985, 0.65242370833, 0.01816369149, 0.011909193464],
      [0, 0.14610797994, 0.79090021186, 0.062178493476, 0.0008133147214],
      [0, 0.12430372196, 0.29186233722, 0.58208929887, 0.0017446419461],
      [0.040342813707, 0.78437351187, 0.048255121589, 0.03264939016, 0.09437916267],
      [0.27265300069, 0.19732259052, 0.30126030668, 0.029907704684, 0.19885639742]
    ],
    [
      [0.37211998164, 0.080097831719, 0.52243769984, 0.019842808797, 0.0055016779981],
      [0.00012840471082, 0.13543303255, 0.78042720606, 0.084011356686, 0],
      [0.00085875371391, 0.097537251487, 0.24299490289, 0.65860909191, 0],
      [0.10403924248, 0.7479383087, 0.048766426376, 0.044655279773, 0.054600742674],
      [0.48035643278, 0.15165335087, 0.24216851463, 0.0326621568, 0.093159544925]
    ],
    [
      [0.22720714518, 0.17416146362, 0.56004198412, 0.031171598298, 0.0074178087883],
      [0, 0.22849139961, 0.66650069991, 0.10500790049, 0],
      [0, 0.13108056759, 0.17910872395, 0.68981070846, 0],
      [0.02071808353, 0.87672117785, 0.029106293456, 0.037791612494, 0.035662832671],
      [0.27624505264, 0.31152430827, 0.24514872727, 0.04866703121, 0.11841488061]
    ],
    [
      [0.23573403311, 0.10798213796, 0.62714075151, 0.024431364991, 0.0047117124329],
      [0, 0.15087252907, 0.76527079152, 0.083856679412, 0],
      [0.00015845507766, 0.10662650255, 0.23372647249, 0.65948856988, 0],
      [0.06095196015, 0.81865519851, 0.046965317633, 0.044292786856, 0.029134736846],
      [0.3312380872, 0.2217344557, 0.31393631858, 0.043731042514, 0.089360096005]
    ],
    [
      [0.37350147446, 0.068969380001, 0.53200153124, 0.01860722915, 0.0069203851425],
      [0, 0.11610594034, 0.80228942844, 0.080630917873, 0.0009737133496],
      [0.00011312472961, 0.086748893223, 0.26141489242, 0.65005938229, 0.001663707332],
      [0.11385091106, 0.70988651505, 0.054521374038, 0.046333529569, 0.075407670279],
      [0.47991906351, 0.12997567574, 0.24503067302, 0.030318129538, 0.1147564582]
    ],
    [
      [0.22958027572, 0.19040905064, 0.53823993151, 0.03640612174, 0.005364620386],
      [0, 0.24802067532, 0.63195762595, 0.12002169873, 0],
      [0, 0.12601350268, 0.1510186053, 0.72296789202, 0],
      [0.025029419968, 0.8904289869, 0.02519792025, 0.039566682096, 0.019776990781],
      [0.2810625615, 0.34148299354, 0.23183619703, 0.056155560216, 0.089462687718]
    ],
    [
      [0.34460659039, 0.17251297458, 0.41943196967, 0.046122272654, 0.017326192707],
      [0.00012807508443, 0.2597068214, 0.5626135609, 0.17633321292, 0.0012183296947],
      [0.0001799591399, 0.10456881354, 0.093812223741, 0.7988012897, 0.0026377138789],
      [0.046277519858, 0.79770099484, 0.016507159591, 0.053651901615, 0.085862424095],
      [0.33117577426, 0.24508946198, 0.14458512129, 0.057052520363, 0.2220971221]
    ],
    [
      [0.9887672392, 0.0037956206344, 0.0049194357027, 0.0017432347545, 0.00077446970713],
      [0, 0.28039087479, 0.45461717344, 0.26270070593, 0.0022912458459],
      [0, 0.089444712549, 0.0069891566222, 0.8924419385, 0.01112419233],
      [0.40568521304, 0.51028815471, 0.0014126166449, 0.029031572162, 0.053582443442],
      [0.9828066956, 0.0058379673467, 0.0015288794488, 0.0022497197647, 0.0075767378373]
    ],
    [
      [0.23128121087, 0.087464777981, 0.63812027208, 0.034037886519, 0.0090958525515],
      [0.00011195767937, 0.11685753534, 0.76721933226, 0.11511562667, 0.00069554805295],
      [0.0002651038851, 0.063597471801, 0.19455101199, 0.73947915193, 0.0021072603941],
      [0.057261137733, 0.7383661009, 0.053839141591, 0.068572986892, 0.081960632887],
      [0.3083154414, 0.17055198048, 0.30242560267, 0.057380913975, 0.16132606148]
    ],
    [
      [0.34172216619, 0.18624694389, 0.41898700931, 0.034916245256, 0.018127635357],
      [5.1545123746e-05, 0.28307268171, 0.578085662, 0.13794755052, 0.0008425606487],
      [8.2744631401e-05, 0.13014315359, 0.12709563486, 0.74076826504, 0.0019102018845],
      [0.044273755429, 0.81327053249, 0.0191061488, 0.038810266048, 0.084539297237],
      [0.32467822102, 0.2614289057, 0.14393285926, 0.042787537682, 0.22717247633]
    ],
    [
      [0.01759832496, 0.0557656951, 0.37772047577, 0.023641380937, 0.52527412323],
      [0, 0.088794273443, 0.76801389669, 0.14319182986, 0],
      [0, 0.05229214685, 0.14112165409, 0.80658619906, 0],
      [0, 0.48377628165, 0.0038486820659, 0.0063993339232, 0.50597570237],
      [0, 0.0083403680651, 0.0014615377658, 0.0021494988998, 0.98804859527]
    ],
    [
      [0.29230799945, 0.23087053909, 0.42859953259, 0.039432256001, 0.0087896728713],
      [0.00013800133743, 0.32035523693, 0.53757718644, 0.14140961751, 0.00051995777614],
      [0.00028064302906, 0.1373387043, 0.11039617011, 0.75030753759, 0.0016769449776],
      [0.030982361576, 0.88001278206, 0.015885703049, 0.038248222182, 0.034870931132],
      [0.30730707219, 0.35581118732, 0.15951091544, 0.053680461486, 0.12369036357]
    ],
    [
      [0.46649904641, 0.23128964384, 0.2512609173, 0.04344658723, 0.0075038052199],
      [0.00044340153616, 0.40801839814, 0.39696193486, 0.19436118145, 0.00021508401613],
      [0.0027992127581, 0.1424776374, 0.023898698851, 0.83069982837, 0.00012462262259],
      [0.045474332912, 0.87679181667, 0.0036601685496, 0.044969927932, 0.029103753933],
      [0.44077596428, 0.32524300081, 0.084703108978, 0.053524486385, 0.095753439542]
    ],
    [
      [0.37748745049, 0.084132551121, 0.4598585713, 0.070497203078, 0.0080242240084],
      [0.00034668502515, 0.12307028696, 0.61108939162, 0.26478969364, 0.00070394276143],
      [0.0010308656283, 0.020658143839, 0.06879006583, 0.90690551909, 0.0026154056078],
      [0.084114308316, 0.67980955046, 0.035765117804, 0.13302175439, 0.067289269034],
      [0.44042747032, 0.14266598029, 0.18846853838, 0.1032074066, 0.12523060441]
    ],
    [
      [0.40430583698, 0.10256532609, 0.42752111849, 0.054107338396, 0.011500380044],
      [0.00059932376781, 0.16469319389, 0.61324179092, 0.22004792391, 0.0014177675108],
      [0.0010583547456, 0.055788348261, 0.087450369928, 0.85300930142, 0.0026936256415],
      [0.081032102782, 0.71487715665, 0.028534555549, 0.090662065355, 0.084894119662],
      [0.4354083893, 0.16203786045, 0.16409249965, 0.0744363834, 0.1640248672]
    ],
    [
      [0.2648327947, 0.19206061715, 0.49112156872, 0.05198501943, 0],
      [0, 0.24957060126, 0.57818539005, 0.17224400869, 0],
      [0, 0.10436455401, 0.095104807067, 0.80053063893, 0],
      [0.033045740344, 0.88883324516, 0.02138638127, 0.056734633224, 0],
      [0.37500884249, 0.33656687329, 0.20895214317, 0.079472141051, 0]
    ],
    [
      [0.46683778763, 0.07182742365, 0.41507854818, 0.038022518952, 0.008233721584],
      [0, 0.1295354038, 0.6912205203, 0.17723687051, 0.0020072053908],
      [0, 0.044802733037, 0.12337539593, 0.82581141714, 0.0060104538869],
      [0.11161690193, 0.68428074767, 0.038245004907, 0.084439537403, 0.081417808091],
      [0.537116728, 0.11889693803, 0.16512973544, 0.054340441688, 0.12451615685]
    ],
    [
      [0.44098660332, 0.052521884192, 0.45248160191, 0.043393018962, 0.010616891612],
      [0, 0.078100217608, 0.72535096967, 0.19516297268, 0.0013858400419],
      [0, 0.017413007408, 0.13718441141, 0.8435770623, 0.0018255188758],
      [0.13337489509, 0.582586253, 0.052119947724, 0.11139026746, 0.12052863673],
      [0.50335393673, 0.089295247578, 0.18599501401, 0.063052998995, 0.15830280268]
    ],
    [
      [0.45276680697, 0.047991206514, 0.4587167467, 0.037016754324, 0.0035084854858],
      [0, 0.070159449196, 0.75851977036, 0.17132078045, 0],
      [0, 0.020405887362, 0.15854773265, 0.82104637999, 0],
      [0.15626906172, 0.64745996691, 0.058907028229, 0.10709466251, 0.03026928063],
      [0.57694192244, 0.091527280583, 0.21019219788, 0.059544128496, 0.061794470598]
    ],
    [
      [0.45483937175, 0.073023546722, 0.41798428414, 0.042085832616, 0.01206696477],
      [0, 0.12874595705, 0.67765616955, 0.19271627016, 0.00088160324134],
      [0, 0.04430668789, 0.11813910774, 0.83590127956, 0.0016529248116],
      [0.11483871698, 0.64406085426, 0.037510394202, 0.089617905872, 0.11397212869],
      [0.49146891067, 0.11572777045, 0.16162380773, 0.058017077863, 0.17316243328]
    ],
    [
      [0.58697891308, 0.050988035858, 0.31724104349, 0.038219912474, 0.0065720950898],
      [0, 0.11163913871, 0.66098279012, 0.22603780651, 0.0013402646628],
      [0, 0.02380526711, 0.10350371369, 0.86986549322, 0.0028255259787],
      [0.15227226374, 0.62447142891, 0.037124740654, 0.10614106018, 0.079990506518],
      [0.64633842906, 0.081979989424, 0.12447463563, 0.053359632401, 0.093847313479]
    ],
    [
      [0.45683150607, 0.076191606462, 0.41067124329, 0.048924502814, 0.0073811413572],
      [0, 0.13209225616, 0.64865299309, 0.21869672041, 0.00055803033826],
      [0, 0.039372680622, 0.10061762121, 0.8588810069, 0.001128691272],
      [0.11548873129, 0.67534937313, 0.03647345864, 0.10387173988, 0.068816697057],
      [0.52192445063, 0.12819134044, 0.16880171877, 0.071461276361, 0.1096212138]
    ],
    [
      [0.057796289621, 0.16749542832, 0.69233403809, 0.080266980061, 0.0021072639012],
      [0, 0.17181208211, 0.6219306381, 0.20625727979, 0],
      [0, 0.062646570276, 0.087898452469, 0.84945497726, 0],
      [0, 0.87866679242, 0.030096687799, 0.091236519782, 0],
      [0, 0.5047731215, 0.34696203175, 0.14826484675, 0]
    ],
    [
      [0, 0.16790747468, 0.74266712738, 0.089425397936, 0],
      [0, 0.13187799562, 0.70202178425, 0.16610022013, 0],
      [0, 0.050245770707, 0.13327241044, 0.81648181886, 0],
      [0, 0.85477640752, 0.047447658926, 0.097775933558, 0],
      [0, 0.45641405373, 0.41603902605, 0.12754692022, 0]
    ],
    [
      [0.41894251394, 0.20421263003, 0.33961265048, 0.025444767416, 0.011787438141],
      [0.0015446040368, 0.34016950167, 0.5403577296, 0.11710524048, 0.00082292421244],
      [0.0023725177226, 0.17181087828, 0.14632301998, 0.67782480323, 0.0016687807802],
      [0.05199292365, 0.84316290208, 0.02089681183, 0.032047556191, 0.051899806248],
      [0.40566848214, 0.29472607035, 0.11932604512, 0.030846042027, 0.14943336036]
    ],
    [
      [0.37222792585, 0.067403403845, 0.50949186194, 0.042510727816, 0.0083660805411],
      [0.00069358870031, 0.10591654343, 0.72593919097, 0.16666374031, 0.00078693658583],
      [0.0011411675227, 0.037121617802, 0.14738483137, 0.81296120609, 0.0013911772094],
      [0.10483574481, 0.67140412829, 0.049035229337, 0.093432834668, 0.081292062886],
      [0.45405881124, 0.12678114445, 0.2244457165, 0.065066360846, 0.12964796697]
    ],
    [
      [0.58747222996, 0.070814929506, 0.30291080607, 0.021324797421, 0.017477237049],
      [0, 0.1800851714, 0.68473659011, 0.13517823849, 0],
      [0, 0.093340642575, 0.15158214209, 0.75507721534, 0],
      [0.14559352837, 0.62213721174, 0.026682515627, 0.044764403086, 0.16082234118],
      [0.55411218873, 0.098472354496, 0.10342443936, 0.025944549601, 0.21804646781]
    ],
    [
      [0.45259095803, 0.093747412159, 0.41139075603, 0.028569636946, 0.013701236836],
      [0, 0.17669605692, 0.68887909222, 0.13409625858, 0.00032859227342],
      [0, 0.090252045578, 0.15359840534, 0.75518420572, 0.00096534335858],
      [0.10134547575, 0.70525032753, 0.031469965194, 0.051949598677, 0.10998463285],
      [0.47366862288, 0.14474095745, 0.15585611391, 0.038553793677, 0.18718051209]
    ],
    [
      [0.35021158112, 0.089356826663, 0.50982353934, 0.036163956354, 0.014444096523],
      [0.0001195191916, 0.11162248164, 0.76721306055, 0.12070593658, 0.00033900205021],
      [0, 0, 0, 1, 0],
      [0.040348175898, 0.82932521567, 0.018178282361, 0.040674600999, 0.071473725075],
      [0.43964771385, 0.14829360046, 0.1592584458, 0.049762436487, 0.20303780341]
    ]
  ],
  "expected_outcome": [
    [
      [1.1956806958, 3.1353406122, 0, 31.9127572203, 19.9985535799, 18.1620691792, 26.5735427212, 24.0968669828, 40.6709097276, 36.434938272, 1.9444206374, 15.0325323805, 0.58552147034, 2.2090079671, 0, 0, 0, 34.8113425417, 2.780988059, 7.03223149, 6.2648256858, 0.42068000977, 4.5982167272, 14.9150951542, 5.226866547, 12.7960553913, 5.9018033529, 2.1783479258, 6.0846168376, 0.31721046355, 3.8508612578, 4.1975129091, 18.782296586, 0.29723998358, 5.8122983253, 19.2157349581, 4.6180095467, 0.76967152263, 0.43555697232, 1.5271264024, 13.973971507, 13.1053563065, 5.862697446, 1.6460582341, 18.447830561, 6.5973309328, 10.419359486, 3.1809000325, 3.5360104967, 7.8435309637, 1.6070619301, 2.0676395424, 0.9887672392, 3.469218163, 5.1258324928, 0, 0.5846159989, 0.93299809282, 2.6424121534, 3.2344466958, 0.79449838411, 1.4005133629, 7.9377588598, 8.6025693325, 3.638714974, 4.1088523916, 10.0502931336, 0, 0, 8.3788502788, 33.1282854011, 65.7968897553, 46.6168686773, 0],
      [0.25195025463, 1.4233726727, 0.30254403035, 13.6566860154, 5.2032130367, 6.969915017, 6.2834734797, 5.8593721276, 14.520762018, 12.1456668201, 0.40102261052, 5.7979247504, 0.29759825203, 0.9838134896, 0.16652155565, 0, 0, 5.304705975, 1.263139952, 1.0871230325, 4.8482025106, 0.64117761086, 7.0493352391, 9.6407315994, 0.6221250476, 7.046204578, 4.8038654461, 0.87637313699, 1.4295758423, 0.489843877, 2.3525933387, 2.5022758699, 7.6195249999, 1.436930756, 1.5416385936, 3.8353380487, 2.0556532467, 0.76578306944, 0.52688754197, 1.0292929707, 3.6457628556, 3.9852158436, 2.1141176638, 1.7434452287, 4.08822235, 3.2452746754, 2.2427392881, 2.4382604906, 1.6197320694, 1.44835698, 1.3328633545, 1.0350778475, 0.0037956206344, 1.3119716697, 2.7937041583, 0, 0.46174107818, 0.46257928768, 0.58892785785, 0.82052260874, 0.57618185145, 0.21548227095, 0.94539391546, 0.91183292376, 0.58418837378, 0.35691625101, 1.6762153422, 0, 0.33581494936, 4.0842526005, 5.9989029422, 7.9312721047, 9.6559834523, 0],
      [1.327800245, 6.8512648543, 0.61035025462, 41.4566122813, 18.9288816969, 33.5024254197, 39.425131924, 35.8414432478, 106.530311438, 87.0501184007, 5.4947919458, 14.3735992046, 1.8072279482, 2.3188040225, 0.73685019071, 0, 0, 39.6974623112, 9.4367136525, 3.5946962899, 9.1819596721, 1.6927880264, 10.5403987151, 20.1036189043, 1.9212894408, 18.1196567328, 11.0922486708, 2.6494288846, 2.9258730378, 0.98276809513, 5.2143440078, 4.4734763956, 26.9814557892, 3.8166344186, 6.0820961019, 19.7730701877, 9.4435134944, 2.9144849638, 0.88631658908, 1.2889482497, 17.7125967042, 24.2711240995, 15.130568932, 12.0154456708, 21.1685823259, 20.2251349582, 14.6282555956, 7.8405877776, 9.4071112726, 11.1720321561, 3.7676795206, 2.516591818, 0.0049194357027, 9.5718040812, 6.2848051396, 0, 0.85719906517, 0.5025218346, 3.2190099991, 3.4201689479, 1.4733647061, 1.2452356446, 8.1446688344, 8.7156181874, 3.3438742731, 2.2206873045, 9.0347673525, 0, 1.4853342548, 6.7922530095, 45.344775713, 33.9260102794, 42.3732478708, 0],
      [0.15625142424, 0.40933386344, 0.087105715023, 2.0632319921, 2.0683230928, 1.4752200675, 2.2142504441, 2.2023176418, 5.2234885895, 4.3812216567, 0.15976480627, 1.1362386299, 0.28948843481, 0.48837452085, 0.096628253631, 0, 0, 4.1473048789, 0.51915833647, 0.19791495146, 0.52775842306, 0.2263643822, 0.6223859576, 1.0626882148, 0.1137510223, 0.82318324948, 0.72539016565, 0.21542777726, 0.24261944703, 0.19608969333, 0.4007567078, 0.33431048442, 1.1187622693, 0.3056509815, 0.47954683895, 0.90967764176, 0.69387248786, 0.32971238254, 0.09724987854, 0.15463237725, 1.4149738767, 0.92077457951, 0.78646149418, 0.44398587995, 1.0391030454, 0.5630744362, 0.5555986463, 0.43640237618, 0.36647047487, 0.39075181215, 0.25484285218, 0.27673363593, 0.0017432347545, 0.51056829779, 0.52374367884, 0, 0.078864512002, 0.086893174461, 0.49348042154, 0.43285870717, 0.15595505829, 0.11406755686, 0.78107434132, 0.70331833216, 0.33668666093, 0.26753938732, 1.0763390619, 0, 0.17885079587, 0.50889534831, 3.7834547756, 2.3883773112, 2.9426726055, 0],
      [0.06831738034, 1.1806879973, 0, 0.91071249085, 0.80102859382, 0.89037031659, 0.50360143104, 0, 1.054528227, 0.98805485051, 0, 0.65970503449, 0.020163894595, 0, 0, 0, 0, 1.0391842932, 0, 0.088034236106, 0.17725370842, 0.018989970799, 0.18966336097, 0.27786612726, 0.11596794229, 0.21490004837, 0.4766923645, 0.080422275335, 0.31731483527, 0.014087870989, 0.18144468787, 0.49242434094, 0.49796035555, 0.14354386038, 0.084420140333, 0.26617916376, 0.18895122436, 0.22034806154, 0.053989018094, 0, 0.25269505658, 0.71752917091, 0.10615446402, 0.15106498645, 0.25626171764, 0.36918499739, 0.15404698395, 0.10384932304, 0.070675686494, 0.14532808799, 0.037552342702, 0.10395715624, 0.00077446970713, 0.13643778827, 0.27191453036, 0, 0.017579345743, 0.01500761044, 0.056169568059, 0.092003040353, 0, 0.024701164752, 0.19110404902, 0.06666122423, 0.096535718162, 0.046004665629, 0.16238510986, 0, 0, 0.23574876281, 0.74458116815, 1.9574505495, 1.4112273941, 0]
    ],
    [
      [0.018864043645, 0, 0, 0.30679446028, 0.28879751194, 0.032265513508, 0.12209363884, 0, 0.030131628248, 0.16734544766, 0.16404987457, 0.23868916811, 0.0071879361797, 0.0098976526269, 0, 0, 0, 0.16173793515, 0, 0, 0, 0, 0, 0, 0, 0, 0, 0.058129138614, 0, 0, 0, 0, 0.22977152285, 0, 0.012771386643, 0, 0, 0, 0, 0, 0.05131704736, 0, 0, 0, 0, 0, 0.027607012826, 0, 0, 0, 0, 0.0085810306567, 0, 0.0091805297081, 0.0095873930167, 0, 0.0033120320983, 0.0053208184339, 0.01074723578, 0.042551987514, 0, 0, 0, 0, 0, 0, 0, 0, 0, 0.2347798136, 0.12623314346, 0, 0, 0],
