{
  "Z_true": {},
  "V_true": [
    [16, 67, 1177, 302],
    [618, 884, 252, 136],
    [641, 11375, 569, 896],
    [240, 337, 12820, 1264],
    [124, 886, 673, 1206]
  ],
  "p_true": [
    [0.0102, 0.0429, 0.7535, 0.1933],
    [0.327, 0.4677, 0.1333, 0.072],
    [0.0475, 0.8438, 0.0422, 0.0665],
    [0.0164, 0.023, 0.8744, 0.0862],
    [0.0429, 0.3067, 0.233, 0.4174]
  ],
  "Z_est": [
    [
      [11.077, 4.8336, 6.2434, 10.6742, 10.2714, 9.6672, 10.07, 0.2014, 0, 0.2014, 13.8966, 9.8686, 2.4168, 12.084, 3.6252, 13.2924, 24.5708, 9.063, 1.4098, 6.4448, 7.8546, 3.8266, 8.2574, 3.4238, 4.4308, 0.4028, 3.021, 1.6112, 2.4168, 4.4308, 1.8126, 12.6882, 23.161, 10.2714, 0.6042, 30.6128, 4.2294, 28.196, 3.4238],
      [9.702, 4.2336, 5.4684, 9.3492, 8.9964, 8.4672, 8.82, 0.1764, 0, 0.1764, 12.1716, 8.6436, 2.1168, 10.584, 3.1752, 11.6424, 21.5208, 7.938, 1.2348, 5.6448, 6.8796, 3.3516, 7.2324, 2.9988, 3.8808, 0.3528, 2.646, 1.4112, 2.1168, 3.8808, 1.5876, 11.1132, 20.286, 8.9964, 0.5292, 26.8128, 3.7044, 24.696, 2.9988],
      [19.2555, 8.4024, 10.8531, 18.5553, 17.8551, 16.8048, 17.505, 0.3501, 0, 0.3501, 24.1569, 17.1549, 4.2012, 21.006, 6.3018, 23.1066, 42.7122, 15.7545, 2.4507, 11.2032, 13.6539, 6.6519, 14.3541, 5.9517, 7.7022, 0.7002, 5.2515, 2.8008, 4.2012, 7.7022, 3.1509, 22.0563, 40.2615, 17.8551, 1.0503, 53.2152, 7.3521, 49.014, 5.9517],
      [14.971, 6.5328, 8.4382, 14.4266, 13.8822, 13.0656, 13.61, 0.2722, 0, 0.2722, 18.7818, 13.3378, 3.2664, 16.332, 4.8996, 17.9652, 33.2084, 12.249, 1.9054, 8.7104, 10.6158, 5.1718, 11.1602, 4.6274, 5.9884, 0.5444, 4.083, 2.1776, 3.2664, 5.9884, 2.4498, 17.1486, 31.303, 13.8822, 0.8166, 41.3744, 5.7162, 38.108, 4.6274]
    ],
    [
      [18.36, 7.956, 37.638, 11.934, 19.584, 13.158, 16.524, 1.224, 0.612, 0.306, 14.076, 12.852, 2.448, 21.42, 8.568, 30.6, 30.906, 24.174, 6.426, 16.83, 21.726, 5.508, 12.852, 7.65, 8.262, 2.448, 6.12, 4.284, 3.978, 10.098, 4.284, 21.726, 26.928, 18.054, 0.612, 44.064, 9.486, 57.528, 17.136],
      [11.856, 5.1376, 24.3048, 7.7064, 12.6464, 8.4968, 10.6704, 0.7904, 0.3952, 0.1976, 9.0896, 8.2992, 1.5808, 13.832, 5.5328, 19.76, 19.9576, 15.6104, 4.1496, 10.868, 14.0296, 3.5568, 8.2992, 4.94, 5.3352, 1.5808, 3.952, 2.7664, 2.5688, 6.5208, 2.7664, 14.0296, 17.3888, 11.6584, 0.3952, 28.4544, 6.1256, 37.1488, 11.0656],
      [17.004, 7.3684, 34.8582, 11.0526, 18.1376, 12.1862, 15.3036, 1.1336, 0.5668, 0.2834, 13.0364, 11.9028, 2.2672, 19.838, 7.9352, 28.34, 28.6234, 22.3886, 5.9514, 15.587, 20.1214, 5.1012, 11.9028, 7.085, 7.6518, 2.2672, 5.668, 3.9676, 3.6842, 9.3522, 3.9676, 20.1214, 24.9392, 16.7206, 0.5668, 40.8096, 8.7854, 53.2792, 15.8704],
      [12.78, 5.538, 26.199, 8.307, 13.632, 9.159, 11.502, 0.852, 0.426, 0.213, 9.798, 8.946, 1.704, 14.91, 5.964, 21.3, 21.513, 16.827, 4.473, 11.715, 15.123, 3.834, 8.946, 5.325, 5.751, 1.704, 4.26, 2.982, 2.769, 7.029, 2.982, 15.123, 18.744, 12.567, 0.426, 30.672, 6.603, 40.044, 11.928]
    ],
    [
      [3.5705, 2.4975, 2.7935, 4.44, 4.6435, 3.145, 4.0145, 0.1665, 0.111, 0.0555, 14.6335, 8.843, 2.8305, 13.653, 7.511, 8.7135, 6.697, 10.1195, 2.072, 6.919, 8.7135, 8.843, 8.177, 4.4585, 7.289, 3.33, 3.367, 3.515, 5.9385, 3.404, 5.3465, 8.325, 10.5635, 4.3475, 2.072, 20.646, 5.0505, 25.826, 2.7565],
      [174.8773, 122.3235, 136.8211, 217.464, 227.4311, 154.037, 196.6237, 8.1549, 5.4366, 2.7183, 716.7251, 433.1158, 138.6333, 668.7018, 367.8766, 426.7731, 328.0082, 495.6367, 101.4832, 338.8814, 426.7731, 433.1158, 400.4962, 218.3701, 357.0034, 163.098, 164.9102, 172.159, 290.8581, 166.7224, 261.8629, 407.745, 517.3831, 212.9335, 101.4832, 1011.2076, 247.3653, 1264.9156, 135.0089],
      [4.7478, 3.321, 3.7146, 5.904, 6.1746, 4.182, 5.3382, 0.2214, 0.1476, 0.0738, 19.4586, 11.7588, 3.7638, 18.1548, 9.9876, 11.5866, 8.9052, 13.4562, 2.7552, 9.2004, 11.5866, 11.7588, 10.8732, 5.9286, 9.6924, 4.428, 4.4772, 4.674, 7.8966, 4.5264, 7.1094, 11.07, 14.0466, 5.781, 2.7552, 27.4536, 6.7158, 34.3416, 3.6654],
      [9.8044, 6.858, 7.6708, 12.192, 12.7508, 8.636, 11.0236, 0.4572, 0.3048, 0.1524, 40.1828, 24.2824, 7.7724, 37.4904, 20.6248, 23.9268, 18.3896, 27.7876, 5.6896, 18.9992, 23.9268, 24.2824, 22.4536, 12.2428, 20.0152, 9.144, 9.2456, 9.652, 16.3068, 9.3472, 14.6812, 22.86, 29.0068, 11.938, 5.6896, 56.6928, 13.8684, 70.9168, 7.5692]
    ],
    [
      [7.4304, 4.5064, 3.0444, 7.2928, 8.5484, 8.084, 9.632, 0.1376, 0.1204, 0.0688, 10.0792, 7.1724, 1.7544, 11.7304, 4.6784, 8.9956, 15.1704, 8.5312, 2.2876, 6.536, 6.5876, 2.1156, 6.4672, 3.1132, 3.5088, 0.4472, 2.7348, 1.2728, 2.064, 4.5236, 1.5136, 9.804, 17.0452, 8.3592, 1.3932, 22.5148, 4.6268, 22.2568, 6.02],
      [7.9488, 4.8208, 3.2568, 7.8016, 9.1448, 8.648, 10.304, 0.1472, 0.1288, 0.0736, 10.7824, 7.6728, 1.8768, 12.5488, 5.0048, 9.6232, 16.2288, 9.1264, 2.4472, 6.992, 7.0472, 2.2632, 6.9184, 3.3304, 3.7536, 0.4784, 2.9256, 1.3616, 2.208, 4.8392, 1.6192, 10.488, 18.2344, 8.9424, 1.4904, 24.0856, 4.9496, 23.8096, 6.44],
      [400.6368, 242.9788, 164.1498, 393.2176, 460.9178, 435.878, 519.344, 7.4192, 6.4918, 3.7096, 543.4564, 386.7258, 94.5948, 632.4868, 252.2528, 485.0302, 817.9668, 459.9904, 123.3442, 352.412, 355.1942, 114.0702, 348.7024, 167.8594, 189.1896, 24.1124, 147.4566, 68.6276, 111.288, 243.9062, 81.6112, 528.618, 919.0534, 450.7164, 75.1194, 1213.9666, 249.4706, 1200.0556, 324.59],
      [15.984, 9.694, 6.549, 15.688, 18.389, 17.39, 20.72, 0.296, 0.259, 0.148, 21.682, 15.429, 3.774, 25.234, 10.064, 19.351, 32.634, 18.352, 4.921, 14.06, 14.171, 4.551, 13.912, 6.697, 7.548, 0.962, 5.883, 2.738, 4.44, 9.731, 3.256, 21.09, 36.667, 17.982, 2.997, 48.433, 9.953, 47.878, 12.95]
    ],
    [
      [5.2374, 1.806, 2.4381, 8.6688, 5.9598, 5.0568, 3.7926, 0.2709, 0.1806, 0, 12.1002, 9.2106, 2.9799, 13.8159, 7.0434, 10.836, 9.933, 9.933, 2.6187, 7.3143, 9.1203, 6.0501, 8.9397, 6.7725, 5.418, 2.8896, 4.0635, 3.7023, 5.1471, 3.4314, 5.3277, 9.8427, 10.2942, 4.6053, 1.8963, 23.0265, 5.8695, 23.7489, 1.5351],
      [8.5318, 2.942, 3.9717, 14.1216, 9.7086, 8.2376, 6.1782, 0.4413, 0.2942, 0, 19.7114, 15.0042, 4.8543, 22.5063, 11.4738, 17.652, 16.181, 16.181, 4.2659, 11.9151, 14.8571, 9.8557, 14.5629, 11.0325, 8.826, 4.7072, 6.6195, 6.0311, 8.3847, 5.5898, 8.6789, 16.0339, 16.7694, 7.5021, 3.0891, 37.5105, 9.5615, 38.6873, 2.5007],
      [9.0828, 3.132, 4.2282, 15.0336, 10.3356, 8.7696, 6.5772, 0.4698, 0.3132, 0, 20.9844, 15.9732, 5.1678, 23.9598, 12.2148, 18.792, 17.226, 17.226, 4.5414, 12.6846, 15.8166, 10.4922, 15.5034, 11.745, 9.396, 5.0112, 7.047, 6.4206, 8.9262, 5.9508, 9.2394, 17.0694, 17.8524, 7.9866, 3.2886, 39.933, 10.179, 41.1858, 2.6622],
      [35.1422, 12.118, 16.3593, 58.1664, 39.9894, 33.9304, 25.4478, 1.8177, 1.2118, 0, 81.1906, 61.8018, 19.9947, 92.7027, 47.2602, 72.708, 66.649, 66.649, 17.5711, 49.0779, 61.1959, 40.5953, 59.9841, 45.4425, 36.354, 19.3888, 27.2655, 24.8419, 34.5363, 23.0242, 35.7481, 66.0431, 69.0726, 30.9009, 12.7239, 154.5045, 39.3835, 159.3517, 10.3003]
    ]
  ],
  "V_est": [
    [314.5868, 275.5368, 546.8562, 425.1764],
    [578.34, 373.464, 535.626, 402.57],
    [249.3985, 12215.1341, 331.6326, 684.8348],
    [252.1692, 269.7624, 13596.6114, 542.457],
    [260.8767, 424.9719, 452.4174, 1750.4451]
  ],
  "p_est": [
    [0.2014, 0.1764, 0.3501, 0.2722],
    [0.306, 0.1976, 0.2834, 0.213],
    [0.0185, 0.9061, 0.0246, 0.0508],
    [0.0172, 0.0184, 0.9274, 0.037],
    [0.0903, 0.1471, 0.1566, 0.6059]
  ],
  "EI_Z": {},
  "EI_V": 10.1232,
  "MAE_Z": {},
  "MAE_V": 349.0799,
  "MAE_p": 0.1047,
  "runtime": 80.989
}
