{
  "X": [
    [8, 48, 116, 28],
    [0, 1, 10, 7],
    [58, 380, 901, 146],
    [21, 205, 428, 111],
    [36, 283, 617, 153],
    [25, 240, 705, 154],
    [10, 71, 287, 62],
    [42, 306, 775, 184],
    [1, 3, 58, 52],
    [23, 206, 631, 100],
    [12, 72, 307, 65],
    [32, 178, 569, 118],
    [19, 158, 423, 97],
    [45, 285, 752, 172],
    [57, 296, 602, 166],
    [7, 45, 96, 27],
    [0, 8, 20, 5],
    [0, 23, 73, 17],
    [3, 11, 30, 13],
    [2, 3, 21, 8],
    [22, 156, 359, 109],
    [56, 306, 765, 155],
    [42, 245, 578, 127],
    [38, 277, 524, 136],
    [12, 215, 480, 122],
    [69, 658, 1328, 292],
    [48, 469, 1047, 208],
    [44, 385, 741, 158],
    [53, 460, 925, 205],
    [47, 498, 1073, 177],
    [23, 86, 209, 19],
    [59, 458, 789, 208],
    [19, 63, 212, 35],
    [76, 468, 1528, 414],
    [7, 74, 108, 40]
  ],
  "W": [
    [3, 110, 51, 18, 5, 13],
    [2, 8, 1, 2, 0, 5],
    [35, 800, 444, 91, 33, 82],
    [24, 372, 250, 36, 30, 53],
    [39, 557, 324, 71, 44, 54],
    [27, 638, 291, 45, 65, 58],
    [14, 263, 97, 18, 18, 20],
    [34, 700, 382, 55, 40, 96],
    [5, 44, 51, 2, 5, 7],
    [20, 583, 241, 42, 25, 49],
    [16, 271, 94, 18, 17, 40],
    [22, 532, 206, 51, 23, 63],
    [18, 377, 209, 35, 22, 36],
    [51, 675, 351, 65, 27, 85],
    [33, 570, 348, 81, 31, 58],
    [5, 93, 52, 12, 7, 6],
    [2, 20, 9, 0, 1, 1],
    [3, 66, 29, 2, 2, 11],
    [1, 25, 21, 4, 1, 5],
    [2, 21, 4, 3, 1, 3],
    [20, 336, 191, 43, 19, 37],
    [38, 675, 375, 104, 35, 55],
    [58, 473, 300, 76, 35, 50],
    [70, 445, 331, 60, 35, 34],
    [33, 414, 263, 35, 31, 53],
    [83, 1107, 800, 151, 67, 139],
    [69, 866, 600, 102, 35, 100],
    [28, 611, 465, 92, 50, 82],
    [44, 791, 549, 103, 47, 109],
    [54, 855, 668, 83, 43, 92],
    [7, 181, 97, 39, 2, 11],
    [45, 652, 543, 106, 72, 96],
    [12, 190, 79, 32, 3, 13],
    [99, 1475, 584, 118, 76, 134],
    [25, 89, 80, 18, 5, 12]
  ],
  "method": "mult",
  "cond_prob": [
    [
      [0.0030481045073, 0.27815692923, 0.17980032912, 0.53899463714],
      [0.012014830928, 0.039869791733, 0.82536485153, 0.12275052581],
      [0.0030581999986, 0.5578726045, 0.3483658973, 0.0907032982],
      [0.38408004236, 0.5245813468, 0.05823659077, 0.03310202007],
      [0.00071350475609, 0.14304513751, 0.27465244415, 0.58158891358],
      [0.001387520559, 0.2945347424, 0.3691624918, 0.33491524525]
    ],
    [
      [0, 0.054964067384, 0.14618743052, 0.79884850209],
      [0, 0.0083471640235, 0.80741810002, 0.18423473596],
      [0, 0.22433317163, 0.54749693403, 0.22816989434],
      [0, 0.54876323035, 0.23434575387, 0.21689101578],
      [0, 0.024263312417, 0.20062574797, 0.77511093961],
      [0, 0.06990892569, 0.36705920292, 0.56303187139]
    ],
    [
      [0.0047591202416, 0.33730177787, 0.22199623448, 0.4359428674],
      [0.015852040312, 0.041085388423, 0.85789290001, 0.085169671253],
      [0.0040394502428, 0.5695260337, 0.36342957297, 0.063004943086],
      [0.44073481074, 0.48355937273, 0.054925928743, 0.020779887786],
      [0.0011328664052, 0.17681758577, 0.3444910778, 0.47755847002],
      [0.0019928781139, 0.32845783986, 0.41861692677, 0.25093235526]
    ],
    [
      [0.0036505023655, 0.29425072198, 0.18818984996, 0.51390892569],
      [0.013884276158, 0.040890857293, 0.83079675535, 0.1144281112],
      [0.0035109328616, 0.56330906234, 0.34916424977, 0.084015755034],
      [0.40953868473, 0.50542913505, 0.055752500504, 0.029279679714],
      [0.00086013465385, 0.15264392262, 0.28911965595, 0.55737628677],
      [0.0016285737696, 0.30528865854, 0.37817330403, 0.31490946366]
    ],
    [
      [0.003450616426, 0.29886367941, 0.18987671545, 0.50780898871],
      [0.01304644391, 0.041309380742, 0.83309750796, 0.11254666739],
      [0.0032838104248, 0.56592587884, 0.34855025505, 0.082240055686],
      [0.39066700435, 0.52255392442, 0.0572820692, 0.029497002038],
      [0.00081449526271, 0.15533520227, 0.29219489453, 0.55165540794],
      [0.0015326281803, 0.30869410271, 0.37981609265, 0.30995717646]
    ],
    [
      [0.0033608741113, 0.29468222141, 0.20718402118, 0.49477288329],
      [0.011853945658, 0.037989236795, 0.84785069326, 0.10230612429],
      [0.0031303952655, 0.54620206251, 0.37222579193, 0.07844175029],
      [0.38637501921, 0.52130758975, 0.063234879539, 0.029082511502],
      [0.00078524039058, 0.15159845344, 0.31558810677, 0.5320281994],
      [0.0014601431115, 0.29772922377, 0.40537555998, 0.29543507314]
    ],
    [
      [0.0033395673229, 0.24730864964, 0.21303249907, 0.53631928397],
      [0.011474433406, 0.030982172929, 0.8500229942, 0.10752039947],
      [0.0033448976703, 0.49390631603, 0.41172329607, 0.091025490226],
      [0.42333883743, 0.4727049223, 0.070119754864, 0.033836485404],
      [0.00075787458216, 0.12346198237, 0.31530740327, 0.56047273978],
      [0.0014685112755, 0.252940465, 0.42211174058, 0.32347928315]
    ],
    [
      [0.0045842420535, 0.28368598426, 0.19321798117, 0.51851179252],
      [0.017008188044, 0.038481054215, 0.83169865099, 0.11281210675],
      [0.0044509464186, 0.54799199779, 0.36184508523, 0.085711970553],
      [0.470720614, 0.44919233515, 0.0527950154, 0.027292035453],
      [0.0010722853989, 0.14612328667, 0.29463847566, 0.55816595228],
      [0.0020400294129, 0.29357815436, 0.38721725098, 0.31716456525]
    ],
    [
      [0.0012272238409, 0.013425305383, 0.10171960987, 0.88362786091],
      [0.0071949291123, 0.0028427911227, 0.69466022214, 0.29530205762],
      [0.0033014893569, 0.072340272712, 0.52920436347, 0.39515387446],
      [0.63731066807, 0.082124527832, 0.10658423914, 0.17398056496],
      [0.00025681579346, 0.0061748022689, 0.13922815394, 0.854340228],
      [0.00072413794766, 0.018447547226, 0.27143533203, 0.7093929828]
    ],
    [
      [0.0035637254222, 0.3248995681, 0.22332244279, 0.44821426369],
      [0.01184645571, 0.03946581254, 0.86141001078, 0.087277720971],
      [0.0030794482567, 0.55881433088, 0.37223608139, 0.065870139477],
      [0.37997638455, 0.53250566017, 0.063136243833, 0.024381711451],
      [0.00084092435458, 0.16878845881, 0.34356717438, 0.48680344246],
      [0.001496908897, 0.31737270418, 0.42247480229, 0.25865558464]
    ],
    [
      [0.0041287292506, 0.24679593666, 0.22631787199, 0.52275746209],
      [0.013472803845, 0.029368945258, 0.8575517408, 0.099606510096],
      [0.0040419005335, 0.48166550707, 0.42750622172, 0.086786370684],
      [0.47459021487, 0.427883769, 0.067580293836, 0.029945722298],
      [0.00093195374316, 0.12255812756, 0.33317215634, 0.54333776236],
      [0.0017833163078, 0.24793581477, 0.44046315384, 0.30981771508]
    ],
    [
      [0.0041746700565, 0.27978002159, 0.20506073169, 0.51098457666],
      [0.014787868683, 0.036213295422, 0.84297724099, 0.1060215949],
      [0.0040004132515, 0.53368555512, 0.37904668727, 0.083267344357],
      [0.44946569571, 0.46379520573, 0.05863072249, 0.028108376074],
      [0.0009688335126, 0.14294194983, 0.31026870184, 0.54582051482],
      [0.0018307003424, 0.28532409018, 0.40500813366, 0.30783707581]
    ],
    [
      [0.0034126486385, 0.27068586398, 0.19664005658, 0.52926143081],
      [0.012522431354, 0.036281993789, 0.83757467665, 0.1136208982],
      [0.0033735227158, 0.53274935448, 0.37500417792, 0.088872944885],
      [0.40903750113, 0.49658193023, 0.062205883898, 0.032174684747],
      [0.00079035678975, 0.13800309271, 0.29694641376, 0.56426013674],
      [0.0015198149398, 0.28035390988, 0.39447722902, 0.32364904616]
    ],
    [
      [0.0045123249166, 0.28138068154, 0.20038591015, 0.51372108339],
      [0.016265061191, 0.03708212087, 0.83806968758, 0.10858313036],
      [0.0043458141077, 0.53917858347, 0.37224808149, 0.084227520939],
      [0.46739550295, 0.4499987864, 0.055299139217, 0.027306571426],
      [0.0010506677084, 0.14427310316, 0.30417985995, 0.55049636918],
      [0.001990112011, 0.28859320045, 0.39800194723, 0.31141474031]
    ],
    [
      [0.0046649686304, 0.28042912853, 0.17165630784, 0.543249595],
      [0.018966399459, 0.041684444189, 0.80988759452, 0.12946156184],
      [0.0047303756581, 0.56578473653, 0.33574984483, 0.093735042974],
      [0.4790833693, 0.44523841217, 0.047026162546, 0.028652055987],
      [0.0010998500715, 0.14558692072, 0.26384468356, 0.58946854565],
      [0.0021434611673, 0.29964159021, 0.35520762589, 0.34300732273]
    ],
    [
      [0.003683685964, 0.27939177086, 0.16717268321, 0.54975185996],
      [0.015329771204, 0.042237232936, 0.81049908423, 0.13193391163],
      [0.0037685607732, 0.57169721996, 0.33034304619, 0.094191173068],
      [0.43499589512, 0.48430177218, 0.049736404135, 0.030965928564],
      [0.00086809141546, 0.14462259694, 0.25715308787, 0.59735622377],
      [0.001707065295, 0.30120777604, 0.34954546965, 0.34753968901]
    ],
    [
      [0, 0.31476699815, 0.16623554158, 0.51899746028],
      [0, 0.046619011382, 0.83609519537, 0.11728579325],
      [0, 0.61752194714, 0.30618299976, 0.076295053101],
      [-0, 0.88059789072, 0.077254401841, 0.042147707436],
      [0, 0.16243072914, 0.26068165605, 0.57688761482],
      [0, 0.33761618964, 0.34813908035, 0.31424473002]
    ],
    [
      [0, 0.26731658931, 0.19255009622, 0.54013331448],
      [0, 0.036405721181, 0.84726668993, 0.11632758889],
      [0, 0.53774571707, 0.37252788443, 0.089726398498],
      [0, 0.84187100048, 0.10362038592, 0.0545086136],
      [0, 0.13507416632, 0.29001928235, 0.57490655132],
      [0, 0.27951399436, 0.39077351131, 0.32971249434]
    ],
    [
      [0.0039164752691, 0.14269514643, 0.13815863219, 0.71522974612],
      [0.018537477997, 0.024222580455, 0.77046308387, 0.18677685768],
      [0.0058042820419, 0.42723979067, 0.39698831466, 0.16996761264],
      [0.62135015681, 0.2872353101, 0.047207534821, 0.04420699827],
      [0.00086350936592, 0.068800764599, 0.19949405178, 0.73084167426],
      [0.0020411093453, 0.17316618484, 0.32653337091, 0.49825933491]
    ],
    [
      [0.0039759442211, 0.12217818591, 0.16343711743, 0.71040875244],
      [0.016519876271, 0.017693248003, 0.80701446088, 0.15877241485],
      [0.0057883791513, 0.36993690846, 0.46255000237, 0.16172471002],
      [0.66286830232, 0.24234899229, 0.053664800555, 0.041117904833],
      [0.00085649227055, 0.056712845842, 0.23106790608, 0.71136275581],
      [0.0020174698664, 0.14450143038, 0.37738635465, 0.47609474509]
    ],
    [
      [0.0031638698771, 0.2527932185, 0.1673470288, 0.57669588282],
      [0.013159409898, 0.038406649926, 0.80813822091, 0.14029571927],
      [0.0034119662358, 0.54280815526, 0.3481721596, 0.10560771891],
      [0.40676267639, 0.49864182215, 0.056916185588, 0.037679315871],
      [0.00073482721775, 0.12924092422, 0.25343331838, 0.61659093019],
      [0.0014807647396, 0.27515045876, 0.35281967729, 0.37054909921]
    ],
    [
      [0.0040272950004, 0.2886824412, 0.20893025059, 0.49836001321],
      [0.014069704699, 0.036877863506, 0.84696420925, 0.10208822255],
      [0.003777321328, 0.53868210056, 0.3779773123, 0.07956326581],
      [0.43239860871, 0.48009682134, 0.059960305072, 0.027544264869],
      [0.00093761106382, 0.1479992637, 0.31710196047, 0.53396116477],
      [0.0017501216603, 0.29173055532, 0.40887427738, 0.29764504564]
    ],
    [
      [0.0042739203558, 0.29297254689, 0.22098371268, 0.48176982008],
      [0.014260587374, 0.035735768996, 0.85578671017, 0.094216933456],
      [0.0039013548308, 0.53215554787, 0.38911489079, 0.07482820651],
      [0.44354258876, 0.46968171977, 0.061122059083, 0.025653632386],
      [0.00099223597884, 0.14976484769, 0.33447796118, 0.51476495515],
      [0.0018242273066, 0.29079998715, 0.42480838151, 0.28256740404]
    ],
    [
      [0.0044661126389, 0.30766748843, 0.19701549476, 0.49085090418],
      [0.016351035436, 0.041176567016, 0.83714954645, 0.10532285109],
      [0.0041344088233, 0.56673158482, 0.35181738248, 0.077316623877],
      [0.4473530455, 0.47499784711, 0.052477925816, 0.025171181573],
      [0.0010569365379, 0.16032754319, 0.30398191483, 0.53463360544],
      [0.001957276985, 0.31356233072, 0.38887779473, 0.29560259756]
    ],
    [
      [0.0020621598061, 0.29218130995, 0.19265720794, 0.51309932231],
      [0.007741371579, 0.040079120656, 0.83937538282, 0.11280412495],
      [0.0019780812682, 0.55783178215, 0.35649751918, 0.083692617406],
      [0.28225134317, 0.61240774693, 0.069652250619, 0.035688659286],
      [0.00048370319975, 0.15089442007, 0.29464547546, 0.55397640127],
      [0.00091479631234, 0.30143360343, 0.38495495869, 0.31269664157]
    ],
    [
      [0.0032724642736, 0.30797365089, 0.20409525586, 0.48465862898],
      [0.011698085977, 0.04027432168, 0.84631380872, 0.10171378363],
      [0.002996870956, 0.56088139735, 0.36047731264, 0.075644419054],
      [0.36972709514, 0.5401732692, 0.06179917281, 0.028300462846],
      [0.00077141501126, 0.15989908826, 0.31361735435, 0.52571214238],
      [0.0014197789929, 0.31071081561, 0.39871041528, 0.28915899012]
    ],
    [
      [0.0033417884687, 0.3039577934, 0.214790828, 0.47790959013],
      [0.011456897323, 0.038114686624, 0.85428506233, 0.096143353723],
      [0.0030281207521, 0.54781529485, 0.37538654035, 0.073770044048],
      [0.37669119739, 0.53079861141, 0.064743959086, 0.027766232121],
      [0.00078221894782, 0.1566948149, 0.32774514001, 0.51477782614],
      [0.0014315141564, 0.30278424519, 0.41431965586, 0.2814645848]
    ],
    [
      [0.0035336506347, 0.31587532818, 0.2051876339, 0.47540338728],
      [0.012572902478, 0.04109969679, 0.84713056208, 0.099196838653],
      [0.0031874744173, 0.5668051203, 0.35700101537, 0.073006389909],
      [0.3834979965, 0.53048976479, 0.059470685612, 0.026541553091],
      [0.00083643714987, 0.16465835461, 0.31663035557, 0.51787485267],
      [0.001526049619, 0.31722571972, 0.39905531881, 0.28219291186]
    ],
    [
      [0.0036176435299, 0.30978687446, 0.19871446419, 0.48788101782],
      [0.013197547863, 0.041333519891, 0.84104244895, 0.1044264833],
      [0.003330653068, 0.56729831956, 0.35286439675, 0.076506630626],
      [0.39325542251, 0.52165973319, 0.057756545238, 0.027328299052],
      [0.00085595973059, 0.16142577556, 0.30650132402, 0.5312169407],
      [0.0015800569314, 0.31464000717, 0.39082909468, 0.29295084122]
    ],
    [
      [0.0040394619041, 0.32803204929, 0.23173313639, 0.43619535241],
      [0.013011278717, 0.038645780099, 0.86590167628, 0.082441264907],
      [0.003429902533, 0.55397577186, 0.37950250231, 0.063091823297],
      [0.4056156714, 0.50968442675, 0.062151178394, 0.022548723452],
      [0.00095170671208, 0.17021478992, 0.35591148799, 0.47292201538],
      [0.0016760756387, 0.31651336258, 0.43297526866, 0.24883529312]
    ],
    [
      [0.0058762561704, 0.37828837841, 0.27379340074, 0.34204196468],
      [0.01641819308, 0.038550412043, 0.88949134418, 0.055540050699],
      [0.0043648070535, 0.56026679576, 0.39251392906, 0.042854468126],
      [0.46798487302, 0.46089751701, 0.05743289246, 0.013684717507],
      [0.0013993315024, 0.19814695736, 0.42525253386, 0.37520117727],
      [0.002270793454, 0.33998518429, 0.4768541052, 0.18088991706]
    ],
    [
      [0.0040036004976, 0.30783652562, 0.18996699117, 0.49819288271],
      [0.01511333663, 0.04250075058, 0.83205039397, 0.11033551882],
      [0.003750204142, 0.57355277489, 0.34321629155, 0.079480729419],
      [0.41982319022, 0.50000561303, 0.053255896017, 0.026915300729],
      [0.00095030423561, 0.16092086673, 0.29394939383, 0.54417943521],
      [0.0017713382854, 0.31671978129, 0.37848822289, 0.30302065753]
    ],
    [
      [0.004832705672, 0.26929207775, 0.23239387819, 0.49348133839],
      [0.015413595758, 0.031310566556, 0.86173561497, 0.091540222716],
      [0.0045003226494, 0.50023886179, 0.41767806125, 0.077582754316],
      [0.49337864268, 0.41913065997, 0.062252714229, 0.025237983121],
      [0.0011018767566, 0.13502589709, 0.3456048406, 0.51826738555],
      [0.0020527982863, 0.2660433433, 0.44490665536, 0.28699720306]
    ],
    [
      [0.0037221588934, 0.24527509472, 0.1826005386, 0.56840220779],
      [0.014434461472, 0.034792675448, 0.82134981734, 0.12942304574],
      [0.0039572567049, 0.51862927822, 0.3744081697, 0.10300529537],
      [0.4478949187, 0.45792328885, 0.058850052513, 0.035331739936],
      [0.00085572952988, 0.12419224052, 0.27364941834, 0.60130261161],
      [0.0017089990016, 0.2618784217, 0.37750238391, 0.35891019539]
    ],
    [
      [0.0027001890261, 0.29450049995, 0.17192878903, 0.53087052199],
      [0.011043536448, 0.043873555103, 0.81900304846, 0.12607985999],
      [0.0026683756584, 0.58074960722, 0.3281151054, 0.088466911718],
      [0.34611694785, 0.56391604792, 0.056617357766, 0.033349646469],
      [0.00064012946708, 0.15352965085, 0.26598656745, 0.57984365223],
      [0.0012331055158, 0.31283343326, 0.35415368856, 0.33177977266]
    ]
  ],
  "expected_outcome": [
    [
      [0.0091443135219, 0, 0.16656920846, 0.087612056771, 0.13457404061, 0.090743601006, 0.04675394252, 0.15586422982, 0.0061361192044, 0.071274508444, 0.06605966801, 0.091842741243, 0.061427675493, 0.23012857075, 0.1539439648, 0.01841842982, 0, 0, 0.0039164752691, 0.0079518884422, 0.063277397542, 0.15303721002, 0.24788738064, 0.31262788473, 0.068051273603, 0.27161453471, 0.23058340434, 0.098942217772, 0.15917631531, 0.21813094282, 0.041133793193, 0.18016202239, 0.057992468063, 0.36849373045, 0.067504725652],
      [0.83447078769, 0.10992813477, 11.8055622256, 7.0620173276, 11.6556834971, 7.9564199782, 3.4623210949, 9.6453234648, 0.067126526916, 6.4979913621, 3.9487349866, 6.155160475, 4.8723455516, 14.3504147585, 9.2541612415, 1.3969588543, 0.62953399629, 0.80194976792, 0.14269514643, 0.24435637181, 5.05586437, 10.9699327657, 16.9924077196, 21.5367241899, 9.6419832283, 25.5618130238, 20.9730877443, 8.8445091891, 13.6306224761, 17.7137306615, 2.6480186489, 13.8526436529, 3.231504933, 24.2822343775, 7.3625124988],
      [0.53940098737, 0.29237486105, 7.7698682069, 4.516556399, 7.4051919027, 5.5939685719, 2.982454987, 6.5694113599, 0.50859804934, 4.4664488557, 3.6210859519, 4.5113360973, 3.5395210184, 10.2196814178, 5.6646581587, 0.83586341606, 0.33247108315, 0.57765028865, 0.13815863219, 0.32687423486, 3.3469405761, 7.9393495224, 12.8170553352, 13.7910846329, 6.3576878619, 16.9399062362, 14.8205671322, 5.7452537492, 8.7434364245, 12.5135893653, 1.9165538052, 8.5485146028, 2.7887265383, 18.0774533213, 4.2982197257],
      [1.6169839114, 1.5976970042, 15.2580003591, 12.3338142166, 19.8045505595, 13.3588678489, 7.5084699756, 17.6294009456, 4.4181393045, 8.9642852737, 8.3641193935, 11.2416606865, 9.5267057546, 26.1997752529, 17.927236635, 2.7487592998, 1.0379949206, 1.6203999434, 0.71522974612, 1.4208175049, 11.5339176564, 18.9376805019, 27.9426495645, 34.3595632925, 16.9322776361, 40.2266662052, 32.9757617191, 13.3112948439, 21.4667647841, 23.5545490303, 2.3942937528, 22.4186797219, 5.9217760606, 56.2718185707, 13.2717630498]
    ],
    [
      [1.3216314021, 0, 12.6816322494, 5.1649507308, 7.2668692581, 7.5628173296, 3.0177759857, 11.905731631, 0.31657688094, 6.9064836789, 3.6511298421, 7.8671461396, 4.7209566203, 10.9789163042, 10.8108476918, 1.425668722, 0, 0, 0.46343694992, 0.34691740169, 4.4215617256, 9.4970506718, 6.7452578281, 7.2762107692, 3.2049278337, 12.9497811765, 9.9216730817, 7.6820434139, 10.4392603596, 11.124643303, 2.9716929474, 9.8538954827, 2.928583194, 21.2908306707, 0.98287474384],
      [4.3856770907, 0.066777312188, 32.8683107385, 15.211398913, 23.0093250733, 24.2371330751, 8.1483114803, 26.9367379505, 0.1250828094, 23.0085687108, 7.958984165, 19.2654731645, 13.6783116585, 25.0304315871, 23.7601331876, 3.928062663, 0.93238022763, 2.402777598, 0.60556451138, 0.37155820807, 12.9046343751, 24.8925578668, 16.9030187353, 18.323572322, 16.5927559514, 44.5836741, 33.0073186162, 25.1119147388, 32.6948142339, 33.0421419849, 6.9776245798, 27.7104893782, 5.9490076457, 51.3191962862, 3.9047464042],
      [90.7901336686, 6.4593448001, 686.3143200099, 309.056392991, 464.0353119322, 540.9287423005, 223.5560474739, 582.1890556945, 30.5650497742, 502.2020362841, 232.396521757, 448.4638922068, 315.7656530989, 565.6970391168, 461.6359288737, 75.3764148338, 16.7219039074, 55.9196015355, 19.2615770967, 16.9473036784, 271.5344422252, 571.7008412421, 404.7871139119, 372.5315481715, 347.501408487, 936.8693862503, 739.8108639783, 517.5967734305, 665.2645771173, 740.3459332166, 160.9979332962, 542.4968568665, 163.7297668443, 1211.4909805737, 72.8912713127],
      [13.5025578386, 1.4738778877, 68.1357370023, 42.5672573652, 62.6884937364, 65.2713072949, 28.2778650601, 78.968474724, 12.9932905355, 50.8829113262, 26.9933642359, 56.4034884891, 42.8350786224, 73.2936129919, 73.7930902468, 12.2698537812, 2.345715865, 7.6776208665, 4.669421442, 3.3342207118, 47.1393616741, 68.9095502192, 44.5646095247, 46.8686687373, 46.7009077279, 112.5971584732, 83.2601443239, 60.6092684168, 82.6013482891, 70.4872814956, 10.0527491765, 71.9387582726, 17.392642316, 190.8989924694, 11.2211075393]
    ],
    [
      [0.15596819993, 0, 1.7935159078, 0.8777332154, 1.0639545776, 0.91094502226, 0.32445507402, 1.7002615319, 0.1683759572, 0.74214702987, 0.37993865015, 0.82408512981, 0.70506624761, 1.5253807518, 1.646170729, 0.1959651602, 0, 0, 0.12188992288, 0.023153516605, 0.65168555103, 1.416495498, 1.1704064492, 1.3684893205, 0.52023537354, 2.3974967648, 1.8168724513, 1.482175604, 1.8285285343, 2.291174892, 0.42338628419, 2.0363608491, 0.3555254893, 2.3110379156, 0.21347005268],
      [28.4515028294, 0.22433317163, 252.8695589636, 140.8272655848, 183.3599847449, 158.9448001917, 47.908912655, 209.3329431572, 3.6893539083, 134.674253741, 45.2765576643, 109.9392243541, 111.344615086, 189.2516827972, 196.8930883136, 29.7282554381, 5.5576975243, 15.5946257951, 8.972035604, 1.4797476339, 103.6763576541, 202.0057877092, 159.64666436, 187.5881545761, 146.7097587047, 448.7051178814, 328.6891769125, 263.56438094, 311.4467774383, 370.0558156004, 54.3458791883, 311.4391567633, 39.5188700812, 302.8794984822, 46.459968578],
      [17.7666607624, 0.54749693403, 161.3627303982, 87.2910624414, 112.9302826351, 108.3177054516, 39.937159719, 138.2248225595, 26.9894225371, 89.7088956151, 40.1855848413, 78.0836175786, 78.3758731855, 130.6590766013, 116.8409460025, 17.1778384021, 2.7556469978, 10.8033086484, 8.3367546078, 1.8502000095, 66.5008824828, 141.7414921141, 116.7344672378, 116.4515536, 93.7588475439, 288.381850111, 225.2319242076, 166.0054721482, 193.7225538136, 253.507671545, 38.0738511192, 186.3664463132, 32.9965668385, 218.6543711058, 26.2492084319],
      [4.6258682082, 0.22816989434, 27.9741947304, 21.0039387585, 26.6457780424, 22.8265493344, 8.829472552, 32.7419727514, 20.1528475974, 15.874703614, 8.1579188443, 17.1530729375, 18.5744454809, 29.5638598497, 32.6197949549, 4.8979409995, 0.68665547791, 2.6020655564, 3.5693198653, 0.64689884007, 20.1710743121, 29.8362246787, 22.4484619529, 25.5918025034, 22.0111583779, 60.5155352429, 44.2620264286, 33.9479713077, 42.0021402138, 42.1453379626, 4.1568834082, 43.1580360744, 6.129037591, 60.1550924964, 7.0773529374]
    ],
    [
      [6.9134407624, 0, 40.1068677774, 14.7433926503, 27.7373573086, 17.3868758646, 7.6200990738, 25.8896337701, 1.2746213361, 15.9590081511, 8.5426238676, 22.9227504811, 14.3163125395, 30.380707692, 38.8057529133, 5.2199507415, 0, 0, 2.4854006272, 1.988604907, 17.4907950847, 44.9694553062, 33.7092367461, 26.8411827298, 9.8787970109, 55.8287913669, 38.4225021335, 35.2818156784, 40.505308519, 33.6661007264, 18.2514100478, 44.5012581637, 15.7881165658, 52.8516004069, 6.2301050613],
      [9.4424642425, 1.0975264607, 44.0039029185, 18.1954488619, 37.1013286335, 23.4588415386, 8.5086886014, 24.7055784331, 0.16424905566, 22.365237727, 7.701907842, 23.6535554921, 17.3803675579, 29.2499211162, 36.0643113856, 5.8116212662, 0, 1.683742001, 1.1489412404, 0.72704697687, 21.4415983526, 49.9300694199, 35.6958107023, 28.4998708268, 21.4342711424, 81.5661636491, 54.1414583634, 48.8050583609, 53.730952519, 42.3038074203, 17.9750031634, 53.0005949812, 13.412181119, 54.0349480842, 10.1504888625],
      [1.0482586339, 0.46869150775, 4.9982595156, 2.0070900182, 4.0670269132, 2.8455695793, 1.2621555876, 2.903725847, 0.21316847828, 2.651722241, 1.2164452891, 2.990166847, 2.1772059364, 3.5944440491, 3.8091191662, 0.59683684962, 0, 0.20724077184, 0.18883013929, 0.16099440167, 2.4473959803, 6.2358717275, 4.6452764903, 3.148675549, 2.4378287717, 9.3316750943, 6.6038838267, 5.4713030763, 5.9489241595, 5.1585478067, 2.239882806, 5.6451249778, 1.9920868553, 6.9443061965, 1.0191124398],
      [0.59583636127, 0.43378203156, 1.8909697885, 1.0540684697, 2.0942871447, 1.3087130176, 0.60905673727, 1.5010619499, 0.34796112993, 1.024031881, 0.53902300136, 1.4335271798, 1.1261139661, 1.7749271427, 2.320816535, 0.37159114277, 0, 0.1090172272, 0.17682799308, 0.1233537145, 1.6202105825, 2.8646035464, 1.9496760613, 1.5102708944, 1.249103075, 4.2733698897, 2.8321556764, 2.4418228844, 2.8148148024, 1.8715440465, 0.53370398279, 2.8530218773, 0.80761545986, 4.1691453124, 0.60029363644]
    ],
    [
      [0.0035675237805, 0, 0.037384591372, 0.025804039615, 0.035837791559, 0.051040625388, 0.013641742479, 0.042891415956, 0.0012840789673, 0.021023108865, 0.015843213634, 0.02228317079, 0.017387849375, 0.028368028127, 0.034095352217, 0.0060766399082, 0, 0, 0.00086350936592, 0.00085649227055, 0.013961717137, 0.032816387234, 0.034728259259, 0.036992778827, 0.014994799192, 0.051684805754, 0.027377663174, 0.041821857494, 0.040230107338, 0.040923388619, 0.0027986630047, 0.068421904964, 0.0033056302698, 0.065035444271, 0.0032006473354],
      [0.71522568757, 0, 5.8349803303, 4.5793176786, 6.8347489, 9.8538994734, 2.2223156826, 5.8449314667, 0.030874011344, 4.2197114702, 2.0834881686, 3.287664846, 3.0360680396, 3.8953737853, 4.5131945424, 1.0123581786, 0.16243072914, 0.27014833265, 0.068800764599, 0.056712845842, 2.4555775602, 5.1799742294, 5.2417696692, 5.6114640116, 4.6777270221, 10.7132389131, 5.4843185215, 8.2329177307, 7.5870114511, 7.3192359665, 0.39629391473, 11.5863024043, 0.40507769128, 9.4386102795, 0.76764825426],
      [1.3732622208, 0, 11.3682055675, 8.6735896786, 12.8565753591, 20.5132269399, 5.6755332589, 11.7855390263, 0.69614076968, 8.5891793595, 5.6639266577, 7.1361801422, 6.5328211028, 8.2128562186, 8.1791851903, 1.8000716151, 0.26068165605, 0.58003856471, 0.19949405178, 0.23106790608, 4.8152330491, 11.0985686165, 11.7067286413, 10.639367019, 9.1340097394, 21.0123627416, 11.4710799005, 15.8315177784, 14.4055622288, 15.3041939836, 0.85050506773, 21.1643563558, 1.0368145218, 20.7973557935, 1.3299328373],
      [2.9079445679, 0, 15.7594295107, 16.7212886031, 24.2728379493, 34.5818329613, 10.088509316, 22.326638091, 4.27170114, 12.1700860614, 9.2367419601, 12.553871841, 12.4137230083, 14.8634019679, 18.2735249151, 4.1814935664, 0.57688761482, 1.1498131026, 0.73084167426, 0.71136275581, 11.7152276735, 18.6886407668, 18.0167734302, 18.7121761905, 17.1732684393, 35.2227135396, 18.0172239148, 25.8937426335, 24.9671962128, 20.3356466613, 0.75040235454, 39.180919335, 1.5548021567, 45.6989984827, 2.8992182612]
    ],
    [
      [0.018037767267, 0, 0.16341600534, 0.086314409787, 0.082761921734, 0.084688300467, 0.029370225509, 0.19584282363, 0.0050689656336, 0.073348535955, 0.07133265231, 0.11533412157, 0.054713337833, 0.16915952093, 0.1243207477, 0.01024239177, 0, 0, 0.010205546726, 0.0060524095993, 0.054788295363, 0.096256691319, 0.091211365328, 0.066547417491, 0.048484204554, 0.19734928002, 0.14315141564, 0.12513606876, 0.17222620552, 0.15419895876, 0.024978727994, 0.1700484754, 0.026686377722, 0.22900586622, 0.01479726619],
      [3.8289516511, 0.34954462845, 26.9335428684, 16.1802989026, 16.6694815464, 17.2682949788, 5.0588093, 28.1835028183, 0.12913283058, 15.5512625047, 9.9174325907, 17.9754176816, 10.0927407556, 24.5304220381, 17.3792122321, 1.8072466562, 0.33761618964, 3.0746539379, 0.86583092419, 0.43350429115, 10.1805669741, 16.0451805426, 14.5399993574, 10.6611192446, 15.9759809815, 43.1888033701, 30.2784245186, 26.0125090169, 34.295760782, 29.1192293576, 3.7398370272, 30.4050990038, 3.4585634629, 35.0917085079, 3.7540011992],
      [4.7991123934, 1.8352960146, 34.326587995, 20.0431851135, 20.5100690033, 23.5117824788, 8.4422348115, 37.1728560936, 1.9000473242, 20.701265312, 17.6185261536, 25.5155124208, 14.2011802449, 33.8301655148, 20.6020423018, 2.0972728179, 0.34813908035, 4.2985086244, 1.6326668546, 1.132159064, 13.0543280597, 22.4880852559, 21.2404190755, 13.2218450209, 20.4026128107, 55.4207477237, 41.4319655858, 32.722536142, 42.6003713199, 39.8337247168, 5.2453951572, 36.3348693975, 5.7837865196, 50.5853194436, 4.2498442627],
      [4.3538981882, 2.815159357, 20.5764531312, 16.6902015741, 16.7376875286, 17.135234242, 6.4695856629, 30.4477982644, 4.9657508796, 12.6741236473, 12.3927086033, 19.393735776, 11.6513656617, 26.4702529262, 19.8944247185, 2.0852381341, 0.31424473002, 3.6268374377, 2.4912966745, 1.4282842353, 13.7103166708, 16.3704775102, 14.1283702019, 10.050488317, 16.5729220032, 40.1930996262, 28.14645848, 23.1398187723, 31.9316416926, 22.8928469668, 1.9897890876, 29.0899831233, 3.7309636397, 48.0939661823, 3.9813572719]
    ]
  ],
  "prob": [
    [0.00381927675, 0.29182667285, 0.20094996783, 0.50340408257],
    [0.013782287207, 0.038544906235, 0.84087215724, 0.10680064932],
    [0.0036121025454, 0.5486439871, 0.36649109035, 0.081252820006],
    [0.4162932447, 0.49615392086, 0.059006055521, 0.028546778917],
    [0.00089392295328, 0.15046821714, 0.30655663944, 0.54208122048],
    [0.0016752867083, 0.29765594402, 0.39682514536, 0.30384362391]
  ],
  "iterations": 147,
  "time": 0.000292,
  "message": "Converged",
  "status": 0,
  "miniter": 0,
  "maxiter": 1000,
  "maxtime": 3600,
  "param_threshold": 0.001,
  "ll_threshold": "-Inf",
  "initial_prob": "random",
  "adjust_prob_cond_method": "",
  "adjust_prob_cond_every": false,
  "candidates_id": ["DAVIS, Moetu Tipene.c", "HENARE, Raymond Tau.c", "CARTER, Christopher Joseph.c", "Other candidates votes.c"],
  "group_id": ["Green Party.p", "Labour Party.p", "National Party.p", "New Zealand First Party.p", "United Future New Zealand.p", "Other parties votes.p"]
}
