{
  "X": [
    [2, 0, 25, 8, 2],
    [18, 12, 69, 300, 22],
    [5, 9, 33, 199, 20],
    [0, 0, 53, 7, 2],
    [2, 1, 10, 6, 4],
    [1, 0, 9, 1, 0],
    [1, 7, 80, 20, 8],
    [4, 6, 19, 49, 8],
    [2, 3, 76, 22, 7],
    [20, 3, 89, 73, 14],
    [22, 17, 271, 359, 31],
    [5, 16, 120, 216, 22],
    [14, 35, 112, 366, 35],
    [9, 13, 46, 148, 12],
    [10, 19, 134, 235, 27],
    [6, 1, 41, 41, 5],
    [9, 15, 130, 283, 30],
    [5, 11, 55, 142, 23],
    [13, 12, 76, 164, 11],
    [9, 14, 210, 112, 15],
    [19, 28, 241, 357, 29],
    [11, 11, 257, 211, 16],
    [8, 11, 47, 178, 16],
    [7, 19, 78, 275, 27],
    [28, 23, 137, 325, 38],
    [24, 11, 223, 263, 29],
    [16, 11, 109, 215, 34],
    [21, 24, 177, 248, 38],
    [7, 15, 64, 191, 26],
    [16, 53, 306, 591, 51],
    [13, 10, 116, 195, 25],
    [35, 43, 640, 662, 82],
    [8, 22, 310, 205, 37],
    [11, 10, 80, 136, 14],
    [3, 7, 56, 135, 16],
    [4, 13, 142, 154, 19],
    [15, 5, 394, 271, 41],
    [9, 19, 281, 168, 33],
    [27, 26, 83, 315, 27],
    [10, 3, 27, 65, 13],
    [26, 26, 185, 441, 52],
    [30, 46, 198, 563, 76],
    [13, 29, 171, 198, 25],
    [21, 2, 64, 122, 19],
    [9, 8, 35, 83, 11],
    [31, 19, 186, 202, 28],
    [7, 10, 81, 111, 15],
    [20, 17, 173, 307, 30],
    [34, 22, 209, 337, 43],
    [18, 21, 373, 242, 37],
    [27, 54, 512, 522, 58],
    [3, 9, 90, 141, 18],
    [6, 3, 66, 64, 6],
    [2, 0, 78, 26, 8],
    [9, 14, 302, 206, 34],
    [5, 2, 69, 17, 11],
    [4, 9, 216, 104, 22],
    [0, 0, 41, 5, 1],
    [42, 34, 529, 531, 69],
    [1, 1, 33, 7, 0],
    [4, 0, 11, 10, 1],
    [1, 1, 9, 6, 2],
    [0, 5, 81, 30, 10],
    [5, 0, 72, 16, 3],
    [3, 4, 73, 39, 8],
    [0, 0, 25, 1, 0],
    [6, 6, 60, 85, 9],
    [0, 5, 40, 17, 5],
    [3, 3, 129, 42, 17],
    [0, 1, 57, 15, 9],
    [0, 1, 71, 19, 11],
    [4, 13, 182, 141, 30],
    [0, 0, 7, 2, 2],
    [4, 5, 83, 74, 18],
    [5, 1, 27, 57, 7],
    [4, 1, 161, 51, 11],
    [0, 0, 3, 2, 0],
    [5, 15, 239, 306, 31],
    [29, 31, 656, 661, 78],
    [4, 1, 50, 101, 6],
    [127, 26, 627, 674, 119],
    [2, 3, 56, 59, 3]
  ],
  "W": [
    [5, 1, 8, 21, 1, 0, 1],
    [10, 12, 286, 38, 33, 8, 34],
    [4, 11, 194, 24, 13, 7, 13],
    [3, 0, 5, 46, 2, 3, 3],
    [2, 4, 5, 6, 1, 4, 1],
    [0, 1, 1, 6, 0, 1, 2],
    [9, 2, 32, 56, 7, 4, 6],
    [5, 7, 43, 10, 5, 6, 10],
    [6, 8, 17, 57, 5, 6, 11],
    [4, 24, 60, 42, 14, 18, 37],
    [34, 23, 351, 167, 38, 44, 43],
    [14, 16, 180, 83, 32, 27, 27],
    [9, 23, 340, 79, 35, 34, 42],
    [6, 9, 132, 37, 9, 9, 26],
    [15, 13, 229, 89, 28, 20, 31],
    [3, 9, 41, 24, 2, 7, 8],
    [6, 11, 293, 66, 34, 34, 23],
    [2, 11, 131, 27, 24, 21, 20],
    [9, 18, 164, 37, 14, 16, 18],
    [26, 10, 143, 144, 14, 11, 12],
    [18, 26, 350, 159, 48, 31, 42],
    [24, 19, 215, 172, 29, 30, 17],
    [2, 8, 169, 29, 19, 6, 27],
    [11, 15, 256, 44, 23, 15, 42],
    [11, 32, 316, 75, 19, 44, 54],
    [15, 30, 256, 148, 34, 36, 31],
    [12, 16, 207, 77, 27, 24, 22],
    [21, 18, 241, 120, 27, 44, 37],
    [5, 10, 180, 44, 18, 24, 22],
    [17, 24, 594, 188, 80, 55, 59],
    [5, 17, 193, 65, 17, 25, 37],
    [43, 55, 636, 454, 91, 110, 73],
    [23, 21, 213, 210, 31, 42, 42],
    [6, 14, 130, 54, 13, 13, 21],
    [7, 3, 137, 29, 13, 10, 18],
    [12, 4, 150, 94, 13, 40, 19],
    [36, 29, 262, 284, 36, 57, 22],
    [29, 19, 187, 183, 31, 44, 17],
    [7, 33, 277, 48, 39, 23, 51],
    [1, 8, 60, 21, 12, 3, 13],
    [15, 32, 422, 122, 42, 31, 66],
    [25, 37, 528, 126, 44, 59, 94],
    [9, 20, 215, 117, 18, 26, 31],
    [6, 20, 118, 39, 11, 20, 14],
    [2, 10, 65, 28, 7, 15, 19],
    [19, 33, 200, 126, 31, 26, 31],
    [4, 4, 118, 60, 15, 10, 13],
    [18, 23, 293, 109, 27, 43, 34],
    [12, 52, 322, 121, 34, 48, 56],
    [43, 42, 250, 273, 27, 24, 32],
    [48, 28, 526, 348, 90, 69, 64],
    [12, 9, 126, 59, 15, 25, 15],
    [1, 4, 58, 54, 11, 7, 10],
    [5, 3, 25, 61, 8, 9, 3],
    [32, 17, 193, 215, 50, 27, 31],
    [10, 3, 19, 45, 6, 17, 4],
    [19, 10, 97, 155, 32, 21, 21],
    [3, 0, 2, 28, 7, 3, 4],
    [75, 66, 527, 303, 58, 108, 68],
    [1, 2, 6, 23, 3, 5, 2],
    [2, 3, 10, 5, 3, 1, 2],
    [0, 2, 6, 9, 0, 2, 0],
    [11, 3, 30, 53, 14, 8, 7],
    [1, 3, 18, 57, 7, 5, 5],
    [7, 5, 35, 53, 8, 7, 12],
    [0, 0, 1, 25, 0, 0, 0],
    [5, 6, 77, 48, 10, 9, 11],
    [4, 4, 15, 21, 7, 7, 9],
    [13, 2, 47, 92, 12, 9, 19],
    [5, 2, 17, 40, 11, 2, 5],
    [2, 0, 17, 61, 8, 7, 7],
    [14, 9, 137, 121, 25, 25, 39],
    [4, 1, 0, 3, 2, 1, 0],
    [7, 5, 75, 56, 10, 18, 13],
    [2, 5, 50, 25, 6, 3, 6],
    [5, 6, 54, 118, 15, 13, 17],
    [0, 0, 3, 1, 0, 0, 1],
    [7, 3, 295, 218, 27, 6, 40],
    [71, 51, 605, 477, 90, 72, 89],
    [0, 6, 94, 36, 17, 2, 7],
    [69, 145, 594, 465, 79, 100, 121],
    [4, 5, 52, 49, 7, 2, 4]
  ],
  "method": "mvn_pdf",
  "cond_prob": [
    [
      [0.075116837322, 0, 0.834787934, 0.0070218839606, 0.083073344719],
      [0.99896222788, 0, 0, 0.00010850932966, 0.0009292627919],
      [0.0096285335406, 0, 0.045427921142, 0.91166698128, 0.033276564034],
      [0, 0, 0.95675763732, 0.0010530010051, 0.04218936167],
      [0.013151248746, 0, 0.30368770079, 0.40642178603, 0.27673926443],
      [0.11373529522, 0.0036210247524, 0.34269106705, 0.13160801439, 0.40834459859],
      [0.53527406844, 0, 0.067038876262, 0.24291141345, 0.15477564184]
    ],
    [
      [0.037381513863, 2.1164180971e-05, 0.8756160138, 0.015501660812, 0.071479647341],
      [0.77618068972, 0.001208916499, 0.066355969478, 0.11448171875, 0.041772705551],
      [0.0052076821396, 0.032937879186, 0.023020109796, 0.9160420965, 0.022792232378],
      [0.00090157020296, 0, 0.96934515835, 0.0063505121622, 0.023402759281],
      [0.0045307986615, 0.01486232157, 0.28705212817, 0.52135223434, 0.17220251726],
      [0.049120105088, 0.029356026446, 0.39565420593, 0.23953887299, 0.28633078954],
      [0.18370243025, 0.054110090871, 0.099727850943, 0.50355614672, 0.15890348121]
    ],
    [
      [0.0090810450507, 0.00016702860749, 0.81084724631, 0.021147596357, 0.15875708367],
      [0.36708281166, 0.0039984648466, 0.12261988018, 0.31848867354, 0.18781016978],
      [0.0020271995232, 0.039558987185, 0.0037595616705, 0.9261233838, 0.028530867821],
      [0.00048653993021, 0.00016980330897, 0.9372606601, 0.0092754710029, 0.052807525658],
      [0.00089938201697, 0.016413027096, 0.18801722134, 0.51766713659, 0.27700323296],
      [0.0085261223725, 0.031712042467, 0.25883549104, 0.23688637641, 0.46403996772],
      [0.034572030993, 0.064728948417, 0.071393016281, 0.54873915644, 0.28056684787]
    ],
    [
      [0, 0, 0.97056058019, 0.004112984163, 0.025326435644],
      [0.030025690708, 0.0010123970345, 0.56008140871, 0.2835952726, 0.12528523095],
      [0, 0, 0.087722289498, 0.89256781187, 0.019709898636],
      [0, 0, 0.98578274704, 0.0030203623244, 0.011196890637],
      [0, 0, 0.58534033727, 0.29407481819, 0.12058484454],
      [0, 0, 0.7143913153, 0.10966555092, 0.17594313378],
      [0, 0, 0.32994860924, 0.48957967737, 0.18047171339]
    ],
    [
      [0.0075353419068, 0.0093209381807, 0.85975465255, 0.0058002406172, 0.11758882674],
      [0.46306750289, 0.022090174152, 0.16033984736, 0.16490030179, 0.18960217381],
      [0.0085309295332, 0.085624858378, 0.041966977165, 0.84275371618, 0.021123518741],
      [0.0013786325567, 0.027694486914, 0.9657406249, 0, 0.0051862556334],
      [0.0015785807201, 0.022782546874, 0.27826696087, 0.3213048246, 0.37606708694],
      [0.0099087885794, 0.046371448757, 0.31220274094, 0.10748361231, 0.52403340942],
      [0.040519126577, 0.090437871757, 0.10777474565, 0.36379045686, 0.39747779916]
    ],
    [
      [0.00078327748228, 3.4202151207e-07, 0.99749828234, 0.00027191773767, 0.0014461804139],
      [0.68462579741, 0, 0.29800796062, 0.017366241979, 0],
      [0.018946361219, 0, 0.32572605374, 0.65532758504, 0],
      [0.014256515573, 0, 0.97090321787, 0.014840266562, 0],
      [0.00029665037623, 0.00010988688492, 0.971011898, 0.018822709236, 0.0097588555049],
      [0.012012092552, 0, 0.97932973852, 0.0086581689241, 0],
      [0.099438327694, 0, 0.78575846996, 0.11480320234, 0]
    ],
    [
      [0, 0, 0.95579177591, 0.00704270845, 0.037165515636],
      [0.24985002832, 0.0090081710967, 0.51879225561, 0.069748649212, 0.15260089576],
      [0.010525004299, 0.16586535221, 0.25221811688, 0.50308204784, 0.068309478773],
      [0, 0, 0.94046646826, 0.036526417128, 0.023007114609],
      [0.00083343763095, 0.031074879162, 0.68158692374, 0.095743433016, 0.19076132645],
      [0.0032542400117, 0.048811843609, 0.6836507095, 0.033271268285, 0.2310119386],
      [0.024108130387, 0.21025347644, 0.35291270643, 0.14162072185, 0.2711049649]
    ],
    [
      [0.010283446241, 0, 0.87058474452, 0.018794764143, 0.1003370451],
      [0.45982236665, 0.0077691236013, 0.12883672368, 0.28162158945, 0.12195019661],
      [0.0049804339325, 0.085734298982, 0.0075400572976, 0.87273959801, 0.02900561178],
      [0, 0, 0.95874883176, 0.0079553117376, 0.033295856498],
      [0.0014665327134, 0.04079402366, 0.2279058617, 0.52524733162, 0.2045862503],
      [0.011762704062, 0.080553274776, 0.31822257154, 0.24079575766, 0.34866569196],
      [0.043775865517, 0.15717515116, 0.078464369241, 0.52563080173, 0.19495381235]
    ],
    [
      [0.0015399730456, 0.00073221246303, 0.95750086273, 0.0046618750752, 0.035565076691],
      [0.24611908661, 0.0075360547495, 0.42085873442, 0.20183773484, 0.12364838938],
      [0, 0.071759735335, 0.087544389217, 0.81044258233, 0.030253293121],
      [0, 0.0012682278359, 0.97814169429, 0.0040095892337, 0.016580488638],
      [4.9528913163e-05, 0.018444448786, 0.55261615302, 0.27583286405, 0.15305700523],
      [0.0035933040403, 0.030025466312, 0.64478849441, 0.10592678767, 0.21566594757],
      [0, 0.12461261437, 0.27399836595, 0.3942301217, 0.20715889798]
    ],
    [
      [0.0087368203656, 0, 0.96081190054, 0.0047389011814, 0.025712377915],
      [0.59452401755, 0, 0.24465003453, 0.10855097295, 0.052274974978],
      [0.013160043536, 0.023085564147, 0.099523847676, 0.83670669236, 0.027523852286],
      [0, 0, 0.98152426135, 0.0086417012491, 0.0098340374048],
      [0.0030477999295, 0.0062998456228, 0.60355183513, 0.2685970907, 0.11850342862],
      [0.019610935246, 0.01069892782, 0.69833379659, 0.10597018241, 0.16538615793],
      [0.12192453113, 0.036056421939, 0.29918831626, 0.3822336621, 0.16059706857]
    ],
    [
      [0.0124114204, 0, 0.94036814911, 0.0086835451173, 0.038536885368],
      [0.6039208782, 0.0019298417392, 0.17923076072, 0.15902186093, 0.055896658405],
      [0.0058975722527, 0.036469785336, 0.057980611216, 0.88227524123, 0.017376789965],
      [0, 0, 0.98538929475, 0.0035327971422, 0.011077908105],
      [0.0023837330218, 0.013301363188, 0.44040303409, 0.41270611515, 0.13120575455],
      [0.021805723346, 0.024503242036, 0.56954115443, 0.17902651607, 0.20512336411],
      [0.10622674337, 0.059793593867, 0.19067075774, 0.49345746017, 0.14985144485]
    ],
    [
      [0.0055146167604, 0.00039438904273, 0.90732460007, 0.020816157795, 0.065950236335],
      [0.29809851818, 0.0075118317583, 0.18301583967, 0.40951743169, 0.1018563787],
      [0, 0.054515055404, 0.016536773738, 0.9120357716, 0.01691239926],
      [0, 0, 0.96920879855, 0.0087685853234, 0.022022616131],
      [0, 0.027252990076, 0.24864413066, 0.59136406864, 0.13273881063],
      [0, 0.063943874604, 0.38522044792, 0.30413833452, 0.24669734296],
      [0.005674780537, 0.12825922133, 0.095951419893, 0.6343214143, 0.13579316394]
    ],
    [
      [0.011897569465, 0.00017357957349, 0.88006853216, 0.021085267222, 0.086775051581],
      [0.45200424913, 0.0076896419872, 0.13191693013, 0.30845612795, 0.099933050794],
      [0.0029420884602, 0.073452034055, 0.0064781501384, 0.89603082789, 0.021096899458],
      [0, 0, 0.96117487362, 0.010248481648, 0.028576644732],
      [0.0013329617126, 0.037124448782, 0.22910481106, 0.56658456331, 0.16585321514],
      [0.01324724182, 0.077676789057, 0.33646319086, 0.27875737278, 0.29385540548],
      [0.04760605206, 0.1406551882, 0.082178354236, 0.57017666022, 0.15938374529]
    ],
    [
      [0.023572411984, 0.00039527163564, 0.86142798213, 0.026207557462, 0.088396776792],
      [0.61002793095, 0.0052114148965, 0.078822370998, 0.24146508177, 0.064473201385],
      [0, 0.06440748708, 0, 0.91780479864, 0.017787714276],
      [0.027906852117, 0.0095946703271, 0.91983747578, 0.013167118063, 0.029493883713],
      [0.0024576227847, 0.033460868764, 0.19393450942, 0.62056378336, 0.14958321567],
      [0.024451255444, 0.073046391792, 0.30153463137, 0.31991387233, 0.28105384906],
      [0.080522335277, 0.12059112286, 0.06264699605, 0.59876358572, 0.13747596009]
    ],
    [
      [0.010237865339, 0.00018829965536, 0.91055968654, 0.011528308331, 0.067485840129],
      [0.5052511013, 0.0045581544546, 0.17338806212, 0.21849354465, 0.098309137472],
      [0.0038109750877, 0.062280221752, 0.037983563868, 0.87096421789, 0.024961021401],
      [0.00067773183023, 0.00035056756643, 0.97427449198, 0.0032231141255, 0.021474094493],
      [0.0016193885131, 0.023936727339, 0.33902815469, 0.45166740177, 0.18374832769],
      [0.014579833151, 0.044662376391, 0.44773391252, 0.19943350499, 0.29359037294],
      [0.064780539795, 0.09938942933, 0.13649765807, 0.50366577068, 0.19566660213]
    ],
    [
      [0.0060482005252, 0, 0.96196773151, 0.0047886884743, 0.027195379488],
      [0.53215580341, 0, 0.27527068521, 0.1291122796, 0.063461231783],
      [0.0095794225672, 0.016394412008, 0.08918851439, 0.85543053389, 0.029407117142],
      [0, 0, 0.98305387254, 0.0057746007715, 0.011171526693],
      [0.0017430939999, 0.0057805278524, 0.58727861214, 0.28080560152, 0.12439216449],
      [0.013705801896, 0.0089610399036, 0.69058426136, 0.1097623059, 0.17698659094],
      [0.08753375515, 0.031692596582, 0.29724894424, 0.41030422072, 0.17322048331]
    ],
    [
      [0.0077332433511, 5.0306768172e-05, 0.93552417578, 0.007343519473, 0.049348754624],
      [0.49609326796, 0.0025487589898, 0.23028333744, 0.17836520006, 0.092709435541],
      [0.0045689439841, 0.041892210887, 0.062577598061, 0.86253156125, 0.028429685821],
      [0.00042201996914, 0, 0.98203479173, 0.002176641083, 0.015366547219],
      [0.001583442106, 0.013387796383, 0.44736311427, 0.36566791129, 0.17199773595],
      [0.01328632287, 0.023528396972, 0.55398762971, 0.15164116058, 0.25755648987],
      [0.070628203382, 0.062699715063, 0.2025339327, 0.45826119487, 0.20587695398]
    ],
    [
      [0.0059592358419, 0.00016499761255, 0.902396648, 0.01140643203, 0.080072686514],
      [0.36852058587, 0.0053100156914, 0.21271603942, 0.268089572, 0.14536378702],
      [0, 0.059290257477, 0.039161399336, 0.87369504648, 0.027853296704],
      [0, 0.00052527973403, 0.9710146515, 0.0035289487417, 0.024931120023],
      [0.00050079199105, 0.021637066765, 0.327346336, 0.43652047296, 0.21399533229],
      [0.0079107402138, 0.039220485551, 0.42577786337, 0.189441699, 0.33764921186],
      [0.037810526575, 0.090856687549, 0.1355072086, 0.50120510543, 0.23462047184]
    ],
    [
      [0.010447985993, 0.00022204650464, 0.94538622466, 0.0087114630995, 0.03523227974],
      [0.56532319311, 0.0036091004871, 0.1946787284, 0.1805774861, 0.055811491899],
      [0.0050160022054, 0.057417003623, 0.054740093472, 0.86941902802, 0.013407872682],
      [0.00061242518425, 0.00055250160051, 0.98645774926, 0.002273400964, 0.010103922992],
      [0.0020131525711, 0.020323349269, 0.43358128627, 0.42517246805, 0.11890974384],
      [0.018259654304, 0.037577031083, 0.5693758621, 0.18603712495, 0.18875032757],
      [0.086918219535, 0.089469290679, 0.18504683408, 0.50407539444, 0.13449026126]
    ],
    [
      [0.006844922692, 0.00020620292382, 0.95983708541, 0.0053059030252, 0.027805885946],
      [0.56083298839, 0.002593954192, 0.29835253209, 0.072248661719, 0.065971863611],
      [0.010208876985, 0.086329217227, 0.14535698781, 0.71741912187, 0.04068579611],
      [0.0021700314021, 0.00089717638322, 0.9697896745, 0.017336609079, 0.0098065086391],
      [0.002035938669, 0.015347472016, 0.67248142095, 0.16900311464, 0.14113205373],
      [0.014210974297, 0.023176764518, 0.71931084079, 0.061158730694, 0.1821426897],
      [0.10471036139, 0.08538489179, 0.35814907772, 0.25111367722, 0.20064199188]
    ],
    [
      [0.0095206443515, 0.00013231275352, 0.93997357262, 0.0093852989412, 0.040988171329],
      [0.52162403055, 0.0041480101272, 0.20504183415, 0.20122241679, 0.067963708387],
      [0.0041743298504, 0.060983009759, 0.051529930737, 0.86706991957, 0.016242810085],
      [0.00061973876433, 0.0002499347928, 0.98455726975, 0.0027860796145, 0.011786977083],
      [0.0017613467988, 0.022521125604, 0.41456208925, 0.42995380527, 0.13120163308],
      [0.015895077686, 0.041872488889, 0.54445933736, 0.18926630706, 0.208506789],
      [0.074513277179, 0.098259901782, 0.17600206227, 0.50420916912, 0.14701558965]
    ],
    [
      [0.0054055419136, 6.9567850174e-05, 0.96274634169, 0.0062656101997, 0.025512938347],
      [0.44060415122, 0.0025736447547, 0.31166998704, 0.18144457332, 0.063707643663],
      [0.0042183142257, 0.041296563613, 0.081042561876, 0.85884386725, 0.014598693032],
      [0.0008922025682, 0.00018826920051, 0.98815633149, 0.0060041350037, 0.0047590617403],
      [0.0013363296986, 0.012084659276, 0.54543868533, 0.33483911205, 0.10630121365],
      [0.010805145342, 0.021041975901, 0.67156909189, 0.13833690481, 0.15824688206],
      [0.063263752888, 0.062151367404, 0.27179550561, 0.46221143461, 0.14057793948]
    ],
    [
      [0.014591877936, 0.00014187140362, 0.89794721982, 0.013889399095, 0.073429631746],
      [0.58209575468, 0.0031945850288, 0.130020564, 0.20200762504, 0.082681471254],
      [0.0053656893637, 0.048818879405, 0.027553571474, 0.89391997269, 0.024341887067],
      [0.00090552349767, 0.0003796345185, 0.97094046581, 0.0042863239987, 0.02348805218],
      [0.0021741052734, 0.019569219331, 0.30108968221, 0.49422142899, 0.1829455642],
      [0.019656355068, 0.037533854186, 0.41324674198, 0.22590147539, 0.30366157338],
      [0.082286755267, 0.078360787558, 0.1166640573, 0.53384316362, 0.18884523625]
    ],
    [
      [0.0069714072177, 0.00024482083529, 0.896245458, 0.016021559419, 0.080516754526],
      [0.36604146989, 0.0055513127797, 0.18247062343, 0.32016008131, 0.1257765126],
      [0, 0.053115718368, 0.023149621044, 0.89990950162, 0.023825158971],
      [0, 0.00027337495194, 0.96827665487, 0.0056864052348, 0.02576356494],
      [0.0006630767634, 0.022528176938, 0.27771859556, 0.51594089238, 0.18314925836],
      [0.0088228882091, 0.044664073106, 0.39143620743, 0.24299894554, 0.31207788571],
      [0.030597580562, 0.09800656459, 0.10987366666, 0.56863577796, 0.19288641023]
    ],
    [
      [0.015268368632, 0.00014101078894, 0.91288969827, 0.010584935831, 0.061115986482],
      [0.61177963507, 0.0029800461541, 0.14510146414, 0.16608678028, 0.074052074367],
      [0.0052084968471, 0.052595575981, 0.042904887501, 0.87452771797, 0.024763321701],
      [0.00065502249068, 0.000286931093, 0.9766876072, 0.0030582280698, 0.019312211143],
      [0.0024589052243, 0.019385600699, 0.36270720827, 0.43884538376, 0.17660290205],
      [0.022779288537, 0.035821884737, 0.47205070287, 0.19127326551, 0.27807485834],
      [0.10205703773, 0.079942152237, 0.14525525172, 0.48582549591, 0.1869200624]
    ],
    [
      [0.012031379857, 0, 0.93762479257, 0.007835160098, 0.042508667479],
      [0.60291050713, 0.0014663230841, 0.18345397641, 0.14884458986, 0.063324603511],
      [0.0060436573818, 0.032002498249, 0.06237630765, 0.87634916564, 0.023228371083],
      [0, 0, 0.98317405483, 0.0035128453233, 0.013313099845],
      [0.0023620859446, 0.011389050751, 0.45125131536, 0.38636628231, 0.14863126563],
      [0.021213768321, 0.020585569286, 0.56861626046, 0.16320949487, 0.22637490707],
      [0.10777520055, 0.052743952774, 0.19810270474, 0.46902748315, 0.17235065879]
    ],
    [
      [0.023775204537, 0.00013579369455, 0.85070491215, 0.013888160516, 0.1114959291],
      [0.67477712856, 0.0019558071602, 0.090332897682, 0.14216042026, 0.090773746336],
      [0.0068684306379, 0.041304839315, 0.028325031587, 0.89392678312, 0.029574915338],
      [0.0012130008, 0.00024487119067, 0.95631826977, 0.0074708616943, 0.034752996548],
      [0.0031246655103, 0.015521315079, 0.27095588581, 0.44950796629, 0.26089016732],
      [0.028133514706, 0.028019335878, 0.34640455558, 0.19257317449, 0.40486941935],
      [0.12016031651, 0.059390053317, 0.10076855137, 0.46282743706, 0.25685364174]
    ],
    [
      [0.023691537861, 7.2142835059e-05, 0.88992468996, 0.012038411593, 0.074273217756],
      [0.70162143705, 0.0031364391448, 0.1004220653, 0.13088213367, 0.063937924828],
      [0.0058439701412, 0.070701853154, 0.035548000283, 0.86096927615, 0.02693690027],
      [0, 0, 0.97016515578, 0.0055343519989, 0.024300492221],
      [0.0033524981524, 0.02792245858, 0.32478838165, 0.44659540701, 0.19734125461],
      [0.032035265359, 0.050929967879, 0.4173537202, 0.19268146118, 0.30699958539],
      [0.134184484, 0.10562317615, 0.11849317785, 0.45128478046, 0.19041438154]
    ],
    [
      [0.011822346811, 0.00025654515687, 0.86072372464, 0.01775149957, 0.10944588382],
      [0.47383393281, 0.0052708066247, 0.12943003063, 0.26429409961, 0.12717113032],
      [0.0037004785282, 0.061433624595, 0.012830909253, 0.89569571641, 0.026339271218],
      [0.00084151184113, 0.00063017688883, 0.95535398859, 0.0076274592376, 0.035546863443],
      [0.0014566045808, 0.025703348938, 0.23698591504, 0.51273828398, 0.22311584746],
      [0.013248431282, 0.050019542763, 0.32677285428, 0.23663454283, 0.37332462885],
      [0.052511593115, 0.099868167754, 0.088574860615, 0.53631573668, 0.22272964183]
    ],
    [
      [0.0071941032424, 6.7890339283e-05, 0.93589224711, 0.0097741171615, 0.047071642151],
      [0.44105268994, 0.0056507078231, 0.23087721779, 0.23447248065, 0.087946903804],
      [0.0023178372573, 0.06928989228, 0.049473145995, 0.85936158976, 0.019557534704],
      [0, 0, 0.98199619879, 0.0036189528021, 0.01438484841],
      [0.0011833653202, 0.026505623194, 0.39890054723, 0.42828607466, 0.1451243896],
      [0.011510659849, 0.049550810015, 0.52151199507, 0.18803845908, 0.22938807598],
      [0.054031946411, 0.11625912637, 0.16866510122, 0.49932799666, 0.16171582933]
    ],
    [
      [0.0078951608929, 1.2843247837e-05, 0.93967310127, 0.0066760925941, 0.045742801993],
      [0.50897985011, 0.0020681977301, 0.23565044895, 0.1652544071, 0.08804709611],
      [0.0054744795489, 0.037267342882, 0.067324482105, 0.86038422504, 0.029549470422],
      [0.00023243341319, 0, 0.9828117824, 0.0024114561691, 0.014544328019],
      [0.0016985196118, 0.011661891702, 0.471009266, 0.34800375438, 0.16762656831],
      [0.01408129464, 0.020214640155, 0.57559582437, 0.14238079592, 0.24772744492],
      [0.077169643769, 0.055907056308, 0.21681440076, 0.44515704891, 0.20495185025]
    ],
    [
      [0.0081706628482, 0.00010533911582, 0.93348093974, 0.0091469939642, 0.049096064331],
      [0.47476524643, 0.0035610112213, 0.22140373526, 0.2122865183, 0.08798348879],
      [0.0032428471301, 0.0498809518, 0.052384755151, 0.87217033863, 0.022321107293],
      [0.00030332683626, 0.00023717017156, 0.98175242767, 0.0025367942771, 0.01517028104],
      [0.0014405772455, 0.01772595467, 0.40978145257, 0.41544035877, 0.15561165674],
      [0.013328953466, 0.032546921474, 0.53025896896, 0.18048985129, 0.24337530481],
      [0.064919648972, 0.079101793986, 0.17852341017, 0.49890307528, 0.1785520716]
    ],
    [
      [0.0028476584808, 0.00011902981883, 0.95304714399, 0.005203012394, 0.038783155319],
      [0.3082104721, 0.0049664155148, 0.3858204622, 0.18199557329, 0.11900707691],
      [0, 0.074167812248, 0.090185816185, 0.80155550557, 0.034090866002],
      [0, 0, 0.97878731592, 0.0072926506361, 0.013920033446],
      [0.00042854301666, 0.01890403167, 0.54722870957, 0.27230624008, 0.16113247567],
      [0, 0.031357265895, 0.63726788011, 0.10632735734, 0.22504749666],
      [0.034495216843, 0.099814129289, 0.27365309121, 0.37829528349, 0.21374227918]
    ],
    [
      [0.01274134348, 0.00022439177344, 0.9219854392, 0.010773505422, 0.054275320125],
      [0.58185155775, 0.003593615583, 0.15677501689, 0.18627209296, 0.071507716817],
      [0.0048667765188, 0.055921374438, 0.040989852259, 0.87644240349, 0.021779593291],
      [0.00080863775694, 0.0010686155744, 0.97892631939, 0.0018199575741, 0.017376469706],
      [0.0021155139847, 0.021003595018, 0.36294359117, 0.45619176046, 0.15774553937],
      [0.019514037979, 0.039361987114, 0.48411408143, 0.20240457467, 0.2546053188],
      [0.086671360421, 0.087433645024, 0.14622787351, 0.51095272125, 0.16871439979]
    ],
    [
      [0.0065284849092, 7.9070482744e-05, 0.91929723658, 0.0083487600703, 0.065746447961],
      [0.44561521634, 0.0027710342326, 0.22194084453, 0.20603460578, 0.12363829912],
      [0.0039080383514, 0.040160163598, 0.054315399176, 0.87021200489, 0.031404393987],
      [0.00052339281474, 7.435386777e-05, 0.97702127543, 0.0020861604387, 0.02029481745],
      [0.001246303078, 0.013184898715, 0.39290776167, 0.38379273961, 0.20886829693],
      [0.01017940606, 0.023221803099, 0.49056435251, 0.15960975062, 0.31642468771],
      [0.052715517235, 0.060189611921, 0.1728236505, 0.46991713437, 0.24435408597]
    ],
    [
      [0.0069844699536, 0.00022384266436, 0.93871166747, 0.009242538919, 0.044837480993],
      [0.45828109256, 0.004567321909, 0.22729358609, 0.22668806079, 0.083169938648],
      [0.0032846511634, 0.060686854799, 0.049497508921, 0.86717789713, 0.019353087984],
      [0.00067177178463, 0.0009547387657, 0.98314728884, 0.0015080584414, 0.013718142169],
      [0.0012794090329, 0.021991824013, 0.4065910106, 0.4281975918, 0.14194016456],
      [0.011606230677, 0.041066719309, 0.53446678411, 0.18726966206, 0.22559060384],
      [0.055070327554, 0.097774129055, 0.17481366603, 0.51087052899, 0.16147134838]
    ],
    [
      [0.0048573839696, 0, 0.9416329564, 0.0076859064514, 0.045823753179],
      [0.41745782949, 0.0010419590457, 0.27771859807, 0.20143085389, 0.10235075949],
      [0.0033044065647, 0.012135634204, 0.075482502053, 0.880645401, 0.028432056177],
      [0, 0, 0.97669396244, 0.0080350010852, 0.015271036479],
      [0.0011366578895, 0.0069685502363, 0.4684243116, 0.35862096216, 0.16484951812],
      [0.010046953191, 0.012386975278, 0.58065750434, 0.14981565749, 0.2470929097],
      [0.056341208452, 0.037878255766, 0.22405092686, 0.47367864182, 0.20805096711]
    ],
    [
      [0.0039225797796, 0, 0.94986272299, 0.0049152485465, 0.041299448679],
      [0.37052793642, 0.0046599323347, 0.35518673806, 0.15267042305, 0.11695497014],
      [0.0036241945244, 0.081086198397, 0.096592910824, 0.78041809362, 0.038278602633],
      [0, 0, 0.9793559551, 0.0061933448388, 0.014450700059],
      [0.00095631110044, 0.019760719832, 0.55400233471, 0.25108991441, 0.17419071995],
      [0.0074810360236, 0.031733917734, 0.62642450806, 0.096060191099, 0.23830034709],
      [0.047628164068, 0.10232161708, 0.27550989245, 0.34557166979, 0.22896865661]
    ],
    [
      [0.019685451466, 0.0002249861688, 0.89298623397, 0.018708150181, 0.068395178212],
      [0.60267252069, 0.0046374100473, 0.10690907286, 0.22231017692, 0.063470819483],
      [0.0063208214245, 0.063460508111, 0.011370402229, 0.90210305462, 0.016745213615],
      [0.0012976617794, 0.00013108256772, 0.96915374061, 0.0075193577923, 0.021898157246],
      [0.0026546932684, 0.029712782864, 0.25863623895, 0.56348588692, 0.145510398],
      [0.02442006192, 0.061542352523, 0.3802885729, 0.27624213038, 0.25750688228],
      [0.088150174421, 0.11149539638, 0.092522852845, 0.56783947486, 0.13999210149]
    ],
    [
      [0.04543199557, 0.0001158728938, 0.79915223591, 0.012732438067, 0.14256745756],
      [0.81974103407, 0.001124690053, 0.043244674532, 0.073847433921, 0.062042167422],
      [0.0084523391468, 0.03681661736, 0.021989522217, 0.89573571124, 0.037005810039],
      [0.00057894325279, 0.00077794999541, 0.94198735957, 0.011273020303, 0.04538272688],
      [0.0048029058039, 0.012606648716, 0.23973039801, 0.4131298158, 0.32973023167],
      [0.048544106086, 0.020479657733, 0.28614356693, 0.16204641328, 0.48278625597],
      [0.20569802976, 0.042525681337, 0.07835300054, 0.38245499696, 0.29096829141]
    ],
    [
      [0.013678581463, 0.00011920291654, 0.89307815499, 0.012609988061, 0.080514072566],
      [0.55325913722, 0.0030311352305, 0.14466423802, 0.19981118346, 0.099234306067],
      [0.0048067337678, 0.045851204775, 0.034094837573, 0.88843899843, 0.026808225451],
      [0.00082597712496, 0.00014006729835, 0.96904474681, 0.0045089273224, 0.02548028144],
      [0.0020250462035, 0.017658791906, 0.31472946079, 0.45927643779, 0.20631026331],
      [0.018384049529, 0.033028139505, 0.41563254918, 0.20339214675, 0.32956311504],
      [0.080399402299, 0.072263294222, 0.12514916839, 0.50531483181, 0.21687330328]
    ],
    [
      [0.014615141914, 0.00021178753835, 0.86750402805, 0.016361208169, 0.10130783433],
      [0.52693791201, 0.0046743350714, 0.12639084198, 0.22958839027, 0.11240852067],
      [0.0046606894742, 0.061450617809, 0.018455168128, 0.88927617687, 0.026157347716],
      [0.00097509760225, 0.00019191016534, 0.95905459956, 0.0070825202813, 0.032695872388],
      [0.0018662883685, 0.02556386052, 0.25836544087, 0.49489242831, 0.21931198193],
      [0.017077761123, 0.049074434972, 0.34955505773, 0.22529796734, 0.35899477884],
      [0.06877135929, 0.099270707485, 0.09637129814, 0.51700142014, 0.21858521495]
    ],
    [
      [0.006511460499, 0, 0.93981748074, 0.0073156253732, 0.046355433389],
      [0.48201437343, 0.0060910549831, 0.24593956207, 0.17321693305, 0.092738076466],
      [0.0048396217392, 0.098081198292, 0.071392633573, 0.79721274018, 0.028473806212],
      [0, 0, 0.97355104431, 0.010763499076, 0.015685456614],
      [0.0014956718677, 0.038836078326, 0.45709719183, 0.33825964404, 0.16431141393],
      [0.012216814154, 0.066361460476, 0.54684814982, 0.1368663394, 0.23770723616],
      [0.061807466171, 0.17310560921, 0.19103747359, 0.39234044394, 0.18170900709]
    ],
    [
      [0.034191068797, 0, 0.87744652616, 0.010558715044, 0.077803689996],
      [0.7929073043, 0, 0.072763853765, 0.08413950781, 0.050189334121],
      [0.0076676026378, 0.010651666238, 0.046455368163, 0.89973915128, 0.035486211683],
      [0, 0, 0.96639677045, 0.0075999332137, 0.026003296337],
      [0.0051455764623, 0.0072331457071, 0.34662950533, 0.41397955416, 0.22701221833],
      [0.048734679116, 0.012502088317, 0.42730444744, 0.17175931077, 0.33969947435],
      [0.21433110475, 0.029535501054, 0.12498734068, 0.41423421401, 0.21691183951]
    ],
    [
      [0.02465268139, 0.00039755796496, 0.8606787434, 0.026042729194, 0.088228288051],
      [0.62338249143, 0.0053386760454, 0.072292821729, 0.23628417534, 0.062701835454],
      [0, 0.062604239913, 0, 0.91522413898, 0.022171621107],
      [0.024986585407, 0.010488638617, 0.91890685299, 0.013677803019, 0.031940119965],
      [0.002891154337, 0.033009614851, 0.18912755565, 0.62665380126, 0.14831787389],
      [0.026550635604, 0.072746567758, 0.29372690562, 0.32535129281, 0.28162459821],
      [0.08414461669, 0.11897867514, 0.057711891491, 0.60240417205, 0.13676064463]
    ],
    [
      [0.021208994809, 0.00012093882879, 0.91626860829, 0.0084909073702, 0.053910550704],
      [0.71538257766, 0.0026635378507, 0.11940563719, 0.10890072909, 0.053647518215],
      [0.0062020543008, 0.070195332621, 0.053705690074, 0.84315074462, 0.026746178383],
      [0, 0, 0.97950922231, 0.0027354857471, 0.01775529194],
      [0.0034863610524, 0.024396590038, 0.40639121357, 0.39178888081, 0.17393695453],
      [0.033612877632, 0.042722293322, 0.50191806422, 0.16200697884, 0.25973978598],
      [0.15377358596, 0.096892418432, 0.15623268061, 0.41653199408, 0.17656932093]
    ],
    [
      [0.026630317598, 0.00017547982498, 0.89692418533, 0.0080551991492, 0.068214818101],
      [0.79683432624, 0.001785032278, 0.080460736261, 0.073254478371, 0.047665426846],
      [0.0068162193378, 0.069334745149, 0.053623315662, 0.83615750609, 0.034068213766],
      [0, 0.00013008849454, 0.97555583707, 0.0021175930578, 0.022196481379],
      [0.0041877666472, 0.022302391264, 0.38618367515, 0.36906382016, 0.21826234678],
      [0.039946745549, 0.037327723646, 0.46029875137, 0.14661158255, 0.31581519688],
      [0.18765719904, 0.084233816072, 0.14106278465, 0.37531129696, 0.21173490327]
    ],
    [
      [0.014903337574, 0.0001099125652, 0.9193613754, 0.011932859986, 0.053692514471],
      [0.60161960491, 0.002631501367, 0.14535110176, 0.18573762219, 0.064660169772],
      [0.0050626933121, 0.043086339219, 0.038980328827, 0.89363569429, 0.019234944356],
      [0.00078941899706, 0.00011766821183, 0.97854601047, 0.00376679465, 0.016780107667],
      [0.0023564571691, 0.017155855072, 0.35325702601, 0.47717367248, 0.15005698926],
      [0.022506787292, 0.033059193021, 0.48039095263, 0.21726089665, 0.24678217041],
      [0.096872264781, 0.071047659686, 0.14208581614, 0.53063224866, 0.15936201073]
    ],
    [
      [0.0095458594339, 9.9792359888e-05, 0.93217927743, 0.0083864356754, 0.049788635097],
      [0.52322742027, 0.003085617925, 0.20658787994, 0.18321313022, 0.083885951648],
      [0.0043475378757, 0.048721539552, 0.055765559167, 0.86622445232, 0.024940911087],
      [0.00048754887818, 0.00025656986414, 0.9815842741, 0.002100326419, 0.015571280737],
      [0.0017715671129, 0.016513299667, 0.4221657481, 0.39596651779, 0.16358286733],
      [0.015808786192, 0.029688243044, 0.53543250293, 0.16825037078, 0.25082009705],
      [0.078565503635, 0.073794318136, 0.18372635928, 0.47598191883, 0.18793190011]
    ],
    [
      [0.0045363541559, 0.00016512665163, 0.94097921713, 0.0063912811244, 0.047928020934],
      [0.37471299059, 0.0045858785287, 0.30646157526, 0.19559397747, 0.11864557815],
      [0.0014703310153, 0.06619352703, 0.07190878658, 0.82912429806, 0.031303057316],
      [0, 5.7145879719e-05, 0.98088106103, 0.0037381001338, 0.015323692957],
      [0.00089275764192, 0.019080119359, 0.4798648647, 0.32293281776, 0.17722944053],
      [0.008106029405, 0.032312956933, 0.57386832088, 0.12947758812, 0.25623510466],
      [0.046273726585, 0.092051121378, 0.22436219213, 0.41818761913, 0.21912534078]
    ],
    [
      [0.011062440183, 0, 0.93740183009, 0.0083478581288, 0.043187871595],
      [0.57485123213, 0.0044307383959, 0.19212432774, 0.16160597171, 0.066987730022],
      [0.0057790631682, 0.0763024133, 0.05906208822, 0.83791251726, 0.020943918051],
      [0, 0, 0.98241105108, 0.0045472036586, 0.013041745265],
      [0.0021755032349, 0.027806936126, 0.4365177813, 0.38813870341, 0.14536107593],
      [0.018936406931, 0.050174276834, 0.54710229374, 0.16352874238, 0.22025828011],
      [0.091108965244, 0.1215034465, 0.18191981587, 0.44584309561, 0.15962467678]
    ],
    [
      [0.0047953945767, 0.00041880027617, 0.91019354856, 0.01575886319, 0.068833393394],
      [0.30556370059, 0.0056156570242, 0.20784964002, 0.36020640046, 0.12076460191],
      [0, 0.046939658653, 0.026666199983, 0.9047348015, 0.021659339869],
      [0, 0, 0.97216069244, 0.0049077084423, 0.022931599121],
      [0, 0.020914436842, 0.28838247177, 0.53030605105, 0.16039704034],
      [0, 0.048198723629, 0.41642313606, 0.25474247036, 0.28063566996],
      [0.012825463985, 0.10075678999, 0.11688620851, 0.59731624842, 0.1722152891]
    ],
    [
      [0.02943712722, 8.7905157521e-05, 0.91842536721, 0.01041306782, 0.041636532589],
      [0.82409228398, 0.0010136560475, 0.069068386189, 0.081025608408, 0.024800065379],
      [0.0041299182381, 0.036961303779, 0.044810032457, 0.89725652168, 0.016842223846],
      [0, 0, 0.98247194917, 0.0040823817501, 0.01344566908],
      [0.0043311954606, 0.013846020041, 0.38171427469, 0.47016278885, 0.12994572096],
      [0.048024370192, 0.025618839337, 0.50965759467, 0.20685371172, 0.20984548408],
      [0.20508447377, 0.052046375564, 0.13863737661, 0.47843909673, 0.12579267733]
    ],
    [
      [0.0041310535425, 0, 0.94138052498, 0.0046525064416, 0.049835915041],
      [0.47666431237, 0, 0.27563861253, 0.13247696966, 0.11522010544],
      [0.0060406772025, 0, 0.10433653162, 0.84607663994, 0.043546151238],
      [0, 0, 0.97548932924, 0.0051013125992, 0.019409358159],
      [0.0044117876229, 0, 0.52367934063, 0.26271434251, 0.20919452924],
      [0.014126112247, 0, 0.59721102504, 0.098717191699, 0.28994567101],
      [0.078635184635, 0, 0.2628617376, 0.37534700884, 0.28315606893]
    ],
    [
      [0.0051731358018, 0.00021489359763, 0.938536507, 0.0072317135079, 0.048843750095],
      [0.39530973752, 0.0037106306123, 0.27849935191, 0.21240740805, 0.11007287191],
      [0.0016603060717, 0.051272410472, 0.063151627497, 0.85604399951, 0.027871656445],
      [0, 0.00061226389341, 0.98162465258, 0.00194726016, 0.015815823367],
      [0.0008848503812, 0.016094835485, 0.45018580757, 0.36274974594, 0.17008476063],
      [0.0089482158707, 0.027994279447, 0.55793094149, 0.15049295665, 0.25463360654],
      [0.048642280552, 0.075556238932, 0.20714040592, 0.46199062141, 0.20667045318]
    ],
    [
      [0.026758405218, 0.0015698398948, 0.91078618312, 0.00049846637962, 0.060387105384],
      [0.88728992652, 0.0009418022855, 0.059649023391, 0.021565927776, 0.030553320032],
      [0.003187401177, 0.073783729163, 0.14021398064, 0.72219410019, 0.060620788828],
      [0, 0, 0.97522600472, 0, 0.02477399528],
      [0.0055388643118, 0.01222310244, 0.52257519664, 0.20463751529, 0.25502532132],
      [0.047132504332, 0.01913788807, 0.54437377682, 0.066030731872, 0.32332509891],
      [0.2938749466, 0.045225657066, 0.19353746708, 0.21457052891, 0.25279140035]
    ],
    [
      [0.0030831388243, 0.00033471240402, 0.9492073595, 0.0055706219977, 0.041804167276],
      [0.31932653121, 0.0042814927292, 0.35580239936, 0.20126103285, 0.11932854385],
      [0, 0.06048636418, 0.080287693013, 0.82813330345, 0.031092639358],
      [0, 0.00059557608564, 0.98160562214, 0.0029306308409, 0.014868170935],
      [0, 0.016912706847, 0.51258832453, 0.30608296368, 0.16441600494],
      [0, 0.033266088223, 0.60936238991, 0.12155138363, 0.23582013823],
      [0.035626430964, 0.083406640311, 0.25099152138, 0.41672074974, 0.2132546576]
    ],
    [
      [0, 0, 0.98678593627, 0.0037353503051, 0.0094787134219],
      [0.046784222377, 0.00074020928026, 0.71723073609, 0.17003661762, 0.065208214631],
      [0, 0, 0.17535300979, 0.8088146168, 0.015832373416],
      [0, 0, 0.98393887988, 0.016061120116, 0],
      [0, 0, 0.78495935029, 0.18154040757, 0.033500242138],
      [0, 0, 0.85349641929, 0.065374936508, 0.081128644198],
      [0, 0, 0.52086070623, 0.36363642244, 0.11550287134]
    ],
    [
      [0.0075706223585, 9.8224698457e-05, 0.9454925083, 0.0069568647823, 0.039881779864],
      [0.48965344676, 0.0029026891963, 0.25164923082, 0.17549128229, 0.080303350937],
      [0.0044783717263, 0.047955454209, 0.068258206685, 0.85524904042, 0.024058926961],
      [0.00056747430014, 0.000157310626, 0.98417683022, 0.0029218359827, 0.012176548869],
      [0.0015953211099, 0.014872124959, 0.48192832594, 0.35477878781, 0.14682544018],
      [0.013654693234, 0.026050705427, 0.59426648501, 0.14717251567, 0.21885560066],
      [0.073761672512, 0.070658922635, 0.22307257173, 0.45327130178, 0.17923553134]
    ],
    [
      [0.0019169855007, 0.00081148592777, 0.994629569, 0.0026419595748, 0],
      [0.33041601911, 0.028350111744, 0.50643238544, 0.13480148371, 0],
      [0.0042621917225, 0.054776988043, 0.13793630982, 0.80302451041, 0],
      [0, 0, 0.99169511637, 0.0083048836252, 0],
      [0.0016752743478, 0.054326306813, 0.74346870885, 0.20052970999, 0],
      [0.016772781331, 0.062603429934, 0.84718061632, 0.073443172419, 0],
      [0.11139404813, 0.068915146107, 0.44479545823, 0.37489534754, 0]
    ],
    [
