{
  "Z_true": {},
  "V_true": [
    [396, 97, 2334, 11261, 773],
    [215, 2929, 361, 200, 351],
    [60, 73, 96, 494, 89],
    [11, 5, 2526, 69, 26],
    [317, 264, 208, 627, 770]
  ],
  "p_true": [
    [0.0266, 0.0065, 0.1571, 0.7578, 0.052],
    [0.053, 0.7221, 0.089, 0.0493, 0.0865],
    [0.0739, 0.0899, 0.1182, 0.6084, 0.1096],
    [0.0042, 0.0019, 0.9579, 0.0262, 0.0099],
    [0.145, 0.1208, 0.0952, 0.2868, 0.3522]
  ],
  "Z_est": [
    [
      [32.3619, 0.8353, 6.0208, 45.9088, 23.4432, 25.6692, 42.8984, 38.2442, 27.8463, 23.3307, 33.5426, 56.4452, 9.0312, 25.7731, 4.5156, 19.5375, 18.0625, 30.1041, 19.5677, 39.1354, 21.0729, 21.8649, 1.5052, 8.2786, 2.2578, 0, 9.0312, 0, 3.6068, 59.4556, 9.0312, 79.0233, 7.6149],
      [0.1524, 0, 4.8509, 3.5115, 0.7547, 1.0619, 0.3483, 0.2927, 0.3213, 0.1234, 0.3635, 0.1427, 0.0411, 0.1089, 0.029, 0.0895, 0.2975, 0.4475, 0.1258, 0.1451, 0, 0.0847, 0.0266, 3.1463, 1.5406, 0.2679, 0.2177, 0.0115, 0.0242, 0.895, 0.0847, 0.5757, 0],
      [126.8005, 2.3184, 37.9362, 87.5721, 43.2196, 58.2632, 148.3106, 166.9912, 111.9895, 130.0341, 148.3367, 140.6254, 76.968, 156.1083, 38.5885, 141.1277, 51.9066, 68.2746, 128.8586, 188.504, 83.3672, 97.6654, 8.861, 25.8423, 3.8932, 0.991, 19.5952, 5.1967, 8.0129, 203.851, 47.0367, 288.8029, 12.3657],
      [468.9502, 8.8055, 164.3623, 496.2299, 248.5049, 304.1214, 532.4562, 563.0134, 444.4851, 400.5815, 478.5035, 481.4036, 171.4316, 452.0082, 153.4505, 396.7182, 337.3431, 419.5645, 455.1153, 575.4302, 370.1094, 369.6654, 43.419, 181.119, 28.1182, 5.302, 171.4015, 14.1387, 35.3561, 1094.165, 162.047, 1079.0442, 41.8086],
      [1.7351, 0.0408, 0.8298, 4.7777, 1.0776, 3.8843, 1.9865, 1.4585, 1.3579, 0.9304, 2.2538, 1.383, 0.5281, 3.0016, 0.4163, 2.5271, 1.3903, 1.6093, 1.3327, 1.7853, 1.4506, 5.7197, 2.1882, 0.6137, 1.1902, 0.4391, 0.7544, 1.6531, 0, 4.6333, 2.8004, 33.5539, 0.2108]
    ],
    [
      [1.816, 0.8578, 0.3379, 2.5761, 1.7737, 1.6893, 2.4072, 1.9426, 1.5626, 1.3092, 1.4301, 3.1674, 0.5068, 1.3514, 0.1664, 1.0558, 1.0136, 3.4459, 1.098, 2.196, 1.1825, 0.4785, 0.1198, 0.4645, 0.0832, 0, 0.5068, 0, 0.1144, 3.3363, 0.5068, 4.4343, 0.4785],
      [60.1138, 11.6905, 45.163, 359.7284, 297.7062, 418.8879, 137.8772, 115.7216, 92.1544, 48.6635, 72.8877, 56.297, 16.2212, 42.9384, 11.4502, 35.3049, 114.5889, 178.108, 49.6177, 57.2512, 108.7773, 33.0546, 10.6799, 58.4475, 6.3723, 5.7251, 79.9318, 8.5877, 8.7157, 335.2604, 33.3965, 230.3346, 32.2353],
      [8.7915, 1.4142, 0, 3.35, 0.3252, 0.428, 7.2009, 11.7051, 0, 1.3409, 0, 0.6374, 2.1348, 0.4664, 0.1244, 0.4275, 0.4793, 1.7178, 1.261, 0.6607, 1.0804, 0.3575, 0.1166, 0.2739, 0.0285, 0.0057, 0.1655, 0.0933, 0.0855, 0, 0.3498, 3.1441, 4.5334],
      [17.699, 1.7019, 6.0629, 29.5181, 26.8533, 46.4716, 20.2566, 21.0751, 12.2322, 7.4843, 4.9596, 12.7256, 6.6158, 6.517, 2.929, 10.3241, 13.1975, 23.5071, 12.5844, 15.2102, 18.226, 4.8929, 2.2369, 6.7863, 0.8509, 0.5474, 5.3612, 0.5456, 1.17, 42.8662, 5.3765, 40.0358, 4.8929],
      [11.5799, 0.3356, 5.4363, 35.8273, 25.3415, 27.5232, 13.2581, 10.5556, 9.0508, 6.202, 9.7226, 9.1726, 3.5214, 8.7269, 1.33, 7.8878, 11.7208, 14.2213, 7.4388, 9.6819, 9.7338, 7.2165, 1.8469, 4.0278, 0.665, 0.7218, 5.0347, 2.7734, 0.9144, 29.5371, 5.3704, 54.0513, 3.86]
    ],
    [
      [0, 0, 0, 0, 0, 0, 0, 0, 0, 0, 0, 0, 0, 0, 0, 0, 0, 0, 0, 0, 0, 0, 0, 0, 0, 0, 0, 0, 0, 0, 0, 0, 0],
      [2.2629, 0.2552, 1.1483, 11.5967, 9.1954, 13.5038, 3.9552, 3.5725, 4.5932, 1.9821, 3.5725, 1.8149, 0.6607, 1.5881, 0.3691, 1.3058, 3.5725, 5.6907, 2.0209, 1.8456, 3.8162, 1.5771, 0.2552, 0.8931, 0, 0, 2.7684, 0.3828, 0.1276, 13.3967, 1.145, 4.0828, 0.3828],
      [0.0631, 0.0035, 0.0158, 0.1073, 0.1267, 0.0194, 0.0545, 0.053, 0.0633, 0.0608, 0.0493, 0.0299, 0.4985, 0.0352, 0.0053, 0.044, 0.0493, 0.0598, 0.0572, 0.0457, 0.0581, 0.0317, 0.0026, 0.0123, 0, 0, 0.0246, 0.7048, 0.0018, 0.1848, 0.0158, 0.0563, 0.0053],
      [18.6567, 1.7397, 7.8284, 49.2455, 62.6275, 64.422, 26.9646, 24.3551, 31.3137, 21.9373, 24.3551, 15.1412, 10.8309, 18.3593, 2.6231, 23.6296, 24.3551, 28.2281, 27.8971, 24.0871, 29.0985, 16.3764, 1.7399, 6.0888, 0, 0, 11.1969, 1.3157, 0.8698, 91.3317, 7.8284, 27.8344, 2.6095],
      [0.0174, 0.0017, 0.0074, 0.0504, 0.0505, 0.0548, 0.0256, 0.0194, 0.0298, 0.0198, 0.0232, 0.0141, 0.0099, 0.0174, 0.0025, 0.0207, 0.0232, 0.0214, 0.0248, 0.0215, 0.0273, 0.0149, 0.0023, 0.0058, 0, 0, 0.01, 0.5968, 0.0008, 0.0868, 0.0107, 0.0265, 0.0025]
    ],
    [
      [0, 0, 0, 0, 0, 0, 0, 0, 0, 0, 0, 0, 0, 0, 0, 0, 0, 0, 0, 0, 0, 0, 0, 0, 0, 0, 0, 0, 0, 0, 0, 0, 0],
      [0.1856, 0, 2.6075, 0.4554, 0.1242, 0.1552, 1.1669, 0.9805, 4.6695, 0, 1.6249, 0.4781, 0, 0.3647, 0.0972, 0.2998, 0.3208, 0.3001, 0, 0.4862, 0.8901, 0.2836, 0.0103, 0.2277, 0.0103, 0, 0.0931, 0.018, 0.1656, 19.1426, 0.2836, 1.9286, 0.1656],
      [103.55, 0, 35.048, 43.428, 11.844, 14.805, 120.5251, 119.7364, 109.3915, 102.7931, 154.9589, 144.1019, 48.9036, 154.9589, 67.116, 136.2059, 30.597, 28.623, 86.784, 185.5559, 84.8807, 104.6219, 0.987, 21.714, 0.987, 0, 8.883, 3.972, 15.792, 240.9642, 125.3489, 257.3713, 15.8006],
      [0.1883, 0, 2.7765, 0.0797, 0.0217, 0.0272, 0.2209, 0.2191, 1.8794, 0.166, 0.2842, 1.2973, 0.0732, 0.2842, 0.7296, 0.2498, 0.0561, 0.0525, 0.1575, 1.7999, 0.1653, 0.1919, 0.0018, 0.0398, 0.0018, 0, 0.0163, 0, 0.0358, 0.4743, 0.2299, 0.443, 0.0204],
      [0.0761, 0, 0.568, 0.037, 0.0101, 0.0126, 0.0872, 0.064, 0.0596, 0.0408, 0.132, 0.1227, 0.0232, 1.3922, 0.0572, 1.2444, 0.0261, 0.0244, 0.0585, 0.158, 0.064, 0.9025, 0.0008, 0.0185, 0.0008, 0, 0.0076, 0.0099, 0.0066, 0.4188, 1.1375, 0.2571, 0.0134]
    ],
    [
      [8.8221, 1.3069, 1.6413, 12.5151, 16.7831, 12.6415, 11.6944, 5.8131, 7.5911, 6.3601, 9.0273, 15.3874, 2.462, 4.8755, 1.318, 4.4067, 4.924, 6.45, 5.3343, 10.6686, 5.7446, 3.6567, 0.375, 2.2568, 0.659, 0, 2.462, 0, 2.2788, 16.2081, 2.462, 21.5424, 2.9066],
      [0.2854, 0.0544, 0.2304, 1.708, 4.2195, 5.3911, 0.6524, 0.4328, 2.2617, 0.2311, 0.5514, 0.2673, 0.077, 0, 0.0544, 0, 4.2203, 0.4537, 0.2356, 0.2718, 0.5165, 0, 0.0279, 0.2854, 0.0768, 0.007, 6.9889, 0, 0.967, 1.3053, 0.0902, 1.0783, 0.2164],
      [4.795, 1.2638, 0, 1.5425, 1.4845, 1.4845, 0.9089, 0.5142, 0.5556, 0.7711, 0.6552, 0.6054, 1.4951, 0.4312, 0.1659, 0.1949, 0.9679, 0.3248, 4.0392, 1.2337, 0.6137, 0.3234, 0.0328, 0.1575, 0.0912, 0.0033, 0.3317, 0.0332, 0.1078, 0, 0.2488, 1.6254, 4.295],
      [13.5059, 0.753, 4.9699, 20.9268, 31.9926, 26.9578, 14.1017, 9.3374, 13.0896, 9.8308, 11.8976, 12.4323, 5.0485, 7.8313, 4.2678, 7.0783, 12.0482, 9.6478, 13.2457, 16.4726, 20.4008, 5.8735, 0.6024, 4.966, 2.029, 0.1506, 6.0241, 0, 4.5683, 28.1627, 4.5181, 26.6426, 4.6687],
      [55.5916, 1.6219, 26.1584, 149.3075, 124.5204, 132.5251, 63.6426, 45.9026, 43.502, 29.8069, 56.8685, 44.3076, 16.9174, 38.8619, 14.194, 35.3201, 57.8397, 48.1236, 44.1452, 59.3533, 46.7244, 29.1464, 2.9618, 19.3342, 8.144, 0.8391, 24.1933, 3.9668, 5.0782, 141.3239, 22.681, 145.1113, 18.9133]
    ]
  ],
  "V_est": [
    [745.0163, 20.0825, 2858.215, 11148.173, 89.5132],
    [43.4091, 3173.8902, 52.6993, 431.7139, 354.2874],
    [0, 103.3333, 2.5397, 704.8873, 1.2397],
    [0, 37.536, 2580.2489, 12.1835, 7.0316],
    [210.5746, 33.1579, 31.2971, 354.0423, 1556.9281]
  ],
  "p_est": [
    [0.0501, 0.0014, 0.1923, 0.7502, 0.006],
    [0.0107, 0.7825, 0.013, 0.1064, 0.0873],
    [0, 0.1273, 0.0031, 0.8681, 0.0015],
    [0, 0.0142, 0.9785, 0.0046, 0.0027],
    [0.0963, 0.0152, 0.0143, 0.162, 0.7122]
  ],
  "EI_Z": {},
  "EI_V": 10.0524,
  "MAE_Z": {},
  "MAE_V": 197.4445,
  "MAE_p": 0.0694,
  "runtime": 3.466
}
