{
  "X": [
    [112, 46, 319, 680, 42],
    [326, 817, 1821, 3290, 125],
    [31, 11, 53, 169, 9],
    [2, 0, 3, 7, 0],
    [9, 0, 8, 24, 0],
    [36, 12, 74, 200, 6],
    [59, 36, 225, 412, 18],
    [116, 218, 673, 849, 53],
    [63, 26, 161, 393, 23],
    [11, 76, 150, 200, 15],
    [7, 22, 29, 109, 1],
    [13, 14, 43, 110, 8],
    [38, 26, 114, 251, 19],
    [59, 24, 124, 295, 16],
    [36, 24, 93, 369, 19],
    [38, 21, 49, 154, 10],
    [33, 98, 141, 351, 26],
    [15, 81, 108, 217, 14],
    [24, 70, 143, 244, 9],
    [23, 58, 86, 130, 3],
    [45, 90, 163, 210, 14],
    [18, 39, 118, 166, 10],
    [19, 93, 143, 204, 16],
    [13, 71, 156, 185, 6],
    [41, 66, 142, 263, 20],
    [73, 314, 528, 638, 35],
    [45, 116, 238, 699, 22],
    [4, 43, 71, 110, 9],
    [19, 86, 176, 252, 22],
    [49, 86, 183, 252, 17],
    [57, 96, 205, 488, 25],
    [14, 4, 24, 132, 12],
    [7, 15, 52, 74, 6],
    [34, 20, 50, 208, 10],
    [47, 7, 37, 262, 5],
    [23, 38, 43, 263, 13],
    [16, 13, 18, 143, 6],
    [18, 35, 54, 134, 7],
    [27, 11, 49, 160, 2],
    [5, 3, 8, 41, 1],
    [19, 48, 81, 217, 9],
    [50, 7, 38, 178, 6],
    [15, 13, 63, 68, 5],
    [22, 13, 46, 119, 2],
    [5, 4, 18, 72, 0],
    [29, 16, 113, 228, 9],
    [42, 21, 131, 158, 14],
    [12, 24, 47, 129, 4],
    [41, 32, 138, 350, 13],
    [10, 2, 12, 59, 6],
    [20, 10, 60, 204, 14],
    [3, 24, 18, 59, 1],
    [4, 3, 8, 66, 1],
    [5, 2, 13, 59, 1],
    [29, 56, 105, 150, 6],
    [21, 41, 84, 121, 2],
    [13, 21, 81, 122, 0],
    [17, 18, 63, 122, 4],
    [10, 32, 54, 121, 3],
    [12, 1, 15, 36, 5],
    [12, 25, 23, 147, 1],
    [22, 28, 63, 75, 1],
    [83, 215, 260, 724, 26],
    [7, 23, 35, 102, 4],
    [15, 4, 20, 96, 4],
    [18, 51, 63, 218, 8],
    [28, 15, 87, 214, 16],
    [20, 58, 84, 143, 9],
    [15, 42, 58, 114, 7],
    [37, 7, 44, 157, 6],
    [4, 7, 16, 69, 2],
    [42, 14, 35, 116, 7],
    [16, 8, 42, 128, 19],
    [10, 21, 59, 144, 1],
    [4, 12, 20, 37, 1],
    [10, 21, 34, 113, 3],
    [6, 24, 33, 80, 4],
    [72, 23, 227, 346, 17],
    [216, 133, 660, 1056, 57],
    [224, 156, 474, 896, 71],
    [0, 0, 1, 3, 1]
  ],
  "W": [
    [66, 336, 685, 81, 31],
    [323, 1948, 3306, 573, 229],
    [14, 61, 170, 20, 8],
    [0, 4, 7, 1, 0],
    [9, 5, 24, 0, 3],
    [25, 75, 191, 22, 15],
    [43, 224, 420, 42, 21],
    [127, 664, 852, 191, 75],
    [34, 169, 403, 38, 22],
    [8, 154, 230, 47, 13],
    [6, 30, 102, 19, 11],
    [13, 37, 108, 24, 6],
    [15, 121, 252, 36, 24],
    [25, 129, 299, 41, 24],
    [28, 98, 362, 39, 14],
    [18, 58, 165, 21, 10],
    [18, 193, 347, 67, 24],
    [9, 132, 224, 53, 17],
    [18, 174, 232, 57, 9],
    [18, 107, 131, 29, 15],
    [27, 203, 208, 57, 27],
    [18, 127, 165, 28, 13],
    [11, 169, 209, 65, 21],
    [10, 170, 182, 51, 18],
    [21, 180, 247, 44, 40],
    [49, 612, 650, 205, 72],
    [34, 283, 679, 89, 35],
    [3, 80, 107, 34, 13],
    [21, 191, 252, 67, 24],
    [29, 244, 252, 40, 22],
    [34, 268, 467, 71, 31],
    [13, 21, 125, 13, 14],
    [5, 48, 69, 21, 11],
    [7, 52, 214, 37, 12],
    [8, 56, 266, 16, 12],
    [15, 66, 252, 29, 18],
    [10, 22, 147, 13, 4],
    [8, 63, 144, 17, 16],
    [14, 53, 158, 11, 13],
    [2, 9, 43, 4, 0],
    [14, 88, 211, 43, 18],
    [16, 60, 181, 15, 7],
    [7, 65, 64, 22, 6],
    [10, 48, 122, 17, 5],
    [3, 18, 73, 4, 1],
    [20, 117, 225, 21, 12],
    [25, 132, 157, 31, 21],
    [18, 30, 124, 32, 12],
    [37, 146, 331, 39, 21],
    [2, 14, 62, 5, 6],
    [13, 59, 207, 19, 10],
    [1, 20, 63, 17, 4],
    [2, 6, 62, 3, 9],
    [1, 13, 61, 4, 1],
    [23, 116, 148, 36, 23],
    [11, 92, 114, 41, 11],
    [10, 77, 114, 26, 10],
    [12, 69, 112, 17, 14],
    [7, 56, 111, 31, 15],
    [6, 19, 38, 2, 4],
    [5, 34, 147, 14, 8],
    [20, 75, 71, 15, 8],
    [52, 307, 731, 156, 62],
    [9, 35, 95, 19, 13],
    [4, 20, 104, 9, 2],
    [16, 68, 218, 38, 18],
    [12, 94, 200, 31, 23],
    [17, 96, 147, 36, 18],
    [8, 62, 119, 35, 12],
    [7, 60, 162, 12, 10],
    [2, 18, 68, 4, 6],
    [11, 45, 126, 26, 6],
    [7, 46, 126, 19, 15],
    [12, 50, 144, 21, 8],
    [8, 15, 39, 12, 0],
    [3, 32, 119, 20, 7],
    [8, 41, 75, 15, 8],
    [79, 218, 314, 32, 42],
    [161, 692, 1014, 128, 127],
    [106, 574, 862, 151, 128],
    [1, 1, 2, 1, 0]
  ],
  "method": "mvn_pdf",
  "cond_prob": [
    [
      [0.35471726098, 0.00022369222184, 0.4119367975, 0.21829731438, 0.014824934923],
      [0.092698972815, 0.074683096118, 0.70829169853, 0.096877553039, 0.027448679499],
      [0.066915951629, 0.0095059040398, 0.031062681974, 0.8676466801, 0.024868782253],
      [0.074424833564, 0.32043964335, 0.2267316038, 0.25798738552, 0.12041653376],
      [0.18271060172, 0.065684301296, 0.15994563887, 0.37235923559, 0.21930022253]
    ],
    [
      [0.22948893643, 0.00069095397008, 0.53862847159, 0.22234969856, 0.0088419394432],
      [0.045196127981, 0.17328310253, 0.69499312111, 0.074225721397, 0.012301926983],
      [0.042974703254, 0.029086053829, 0.040295796694, 0.87296925821, 0.014674188011],
      [0.028971623138, 0.59247824182, 0.17796180876, 0.15764207697, 0.042946249311],
      [0.11388641431, 0.19518591274, 0.20140938335, 0.36454185716, 0.12497643243]
    ],
    [
      [0.45755169708, 0.00020320827869, 0.3043600008, 0.22602818718, 0.011856906662],
      [0.14109063976, 0.081544137148, 0.63148516322, 0.11958905919, 0.026291000682],
      [0.081650216534, 0.0082737746442, 0.021861469729, 0.86908572995, 0.019128809143],
      [0.10261507801, 0.32012966537, 0.18168082686, 0.28987781636, 0.10569661339],
      [0.23920117546, 0.061135190377, 0.12051078272, 0.39581539459, 0.18333745685]
    ],
    [
      [0.84738612022, 2.3528820762e-05, 0.067835561827, 0.084618336618, 0.00013645251832],
      [0.28486798372, 0.024329183116, 0.58933796806, 0.10071167903, 0.00075318606916],
      [0.12667969623, 0.0018476099299, 0.010436176828, 0.86059662387, 0.00043989313986],
      [0.28148708216, 0.14051663158, 0.1856331888, 0.38907802422, 0.0032850732441],
      [0.57552876875, 0.012626913779, 0.062907449931, 0.34848201218, 0.00045485535503]
    ],
    [
      [0.55012806704, 8.9450099925e-05, 0.29795764452, 0.15024970903, 0.0015751293161],
      [0.17169224734, 0.037662364965, 0.70238544424, 0.08453019013, 0.0037297533178],
      [0.12419508277, 0.0049438736835, 0.027759189984, 0.8395916762, 0.0035101773646],
      [0.17368895505, 0.2416530812, 0.26726519739, 0.29599095761, 0.021401808749],
      [0.39017783697, 0.036942958157, 0.1621724211, 0.37872516276, 0.031981621015]
    ],
    [
      [0.39351475103, 0.00020618265442, 0.3583295439, 0.24151387226, 0.0064356501629],
      [0.11215993388, 0.075903187308, 0.68128371037, 0.11755112544, 0.013102043004],
      [0.067738431897, 0.0080550639905, 0.024716133279, 0.88954283036, 0.0099475404697],
      [0.089404441473, 0.32607718923, 0.21524134067, 0.31191868273, 0.0573583459],
      [0.2217769593, 0.066598680298, 0.15244114086, 0.45399986996, 0.10518334958]
    ],
    [
      [0.29042554373, 0.0002780400534, 0.49570428787, 0.20413838899, 0.0094537393634],
      [0.067117911001, 0.082236911848, 0.75499415602, 0.080157740207, 0.015493280922],
      [0.058694090601, 0.012661539433, 0.039991489784, 0.87164278547, 0.01701009471],
      [0.057911645429, 0.38009004837, 0.25937476853, 0.22952678715, 0.073096750516],
      [0.16397425787, 0.089581109676, 0.21081777447, 0.38206527209, 0.15356158589]
    ],
    [
      [0.23146564346, 0.00050299750464, 0.57198870316, 0.18554620521, 0.010496450667],
      [0.046163669874, 0.12792092081, 0.74835295147, 0.062759401267, 0.014803056582],
      [0.050704313386, 0.024783389887, 0.050036527983, 0.85407550639, 0.020400262357],
      [0.035056961427, 0.51885071777, 0.2268376565, 0.15796992375, 0.061284740557],
      [0.124286732, 0.15388551816, 0.23138819929, 0.32943972732, 0.16099982324]
    ],
    [
      [0.36353252654, 0.00023785626067, 0.40712827899, 0.21504214935, 0.014059188862],
      [0.095053902066, 0.079748957101, 0.70341800117, 0.095662679101, 0.026116460561],
      [0.069153398221, 0.010212818903, 0.030961247247, 0.86581575025, 0.02385678538],
      [0.07526445402, 0.33836659993, 0.22160422892, 0.25148026401, 0.11328445312],
      [0.1886942553, 0.070514300238, 0.15933098737, 0.37044986223, 0.21101059486]
    ],
    [
      [0.15047615456, 0.00093545360084, 0.69321645084, 0.14193418388, 0.013437757112],
      [0.024057756125, 0.19209382302, 0.73005873092, 0.038546981468, 0.015242708465],
      [0.040002900946, 0.055917083759, 0.073060732519, 0.79923277088, 0.031786511898],
      [0.015423262414, 0.66323457504, 0.18591325624, 0.081963325322, 0.053465580988],
      [0.072769182043, 0.25924794413, 0.25182814807, 0.22761984885, 0.1885348769]
    ],
    [
      [0.22852576775, 0.00071509589878, 0.45257609694, 0.31308586865, 0.0050971707559],
      [0.047776716442, 0.19636089169, 0.6363283022, 0.11188731798, 0.0076467716809],
      [0.030935745496, 0.022005116677, 0.024248247285, 0.91660084077, 0.0062100497771],
      [0.026698583522, 0.60210022308, 0.13938401964, 0.20842678323, 0.023390390533],
      [0.10477711002, 0.19057739938, 0.15571915108, 0.48122958802, 0.067696751491]
    ],
    [
      [0.27041354331, 0.00031863617092, 0.47397758461, 0.23863902252, 0.016651213378],
      [0.06151428943, 0.094289619671, 0.72414114171, 0.092857911691, 0.027197037498],
      [0.046300490596, 0.012402883818, 0.032256387481, 0.88330663315, 0.025733604956],
      [0.046635959267, 0.38818527605, 0.21577527779, 0.23486718732, 0.11453629958],
      [0.12812585931, 0.087113398314, 0.16890230693, 0.37907716683, 0.23678126862]
    ],
    [
      [0.3368618099, 0.00027863564965, 0.43097219587, 0.21631724363, 0.015570114963],
      [0.083521606875, 0.088888481859, 0.7086889997, 0.091403721616, 0.027497189947],
      [0.063423192549, 0.011861909066, 0.032430856411, 0.86606795533, 0.026216086646],
      [0.064410995566, 0.36799992397, 0.21700709339, 0.23420707533, 0.11637491175],
      [0.16896995118, 0.079991821867, 0.16300216574, 0.36087394391, 0.22716211731]
    ],
    [
      [0.42873963047, 0.00021490687774, 0.36733290181, 0.1942320567, 0.0094805041437],
      [0.12110107446, 0.078065728829, 0.68821133721, 0.09354815037, 0.019073709131],
      [0.088641122868, 0.010055050903, 0.030418091306, 0.85335376392, 0.017531971003],
      [0.098551054915, 0.34083895866, 0.22262937311, 0.25291955386, 0.085061059449],
      [0.24514366326, 0.070289735773, 0.15853134188, 0.3692352301, 0.15680002899]
    ],
    [
      [0.30192975499, 0.00028370240478, 0.37884551823, 0.30138017322, 0.017560851156],
      [0.079201326478, 0.0956068837, 0.6579547579, 0.13448605247, 0.032750979457],
      [0.042765394873, 0.0090753127156, 0.021430358733, 0.90452456534, 0.022204368336],
      [0.053512270075, 0.34670671786, 0.17651085336, 0.30183691896, 0.12143323975],
      [0.13353014794, 0.071754835211, 0.12625756502, 0.44282468001, 0.22563277182]
    ],
    [
      [0.53307985433, 0.00031486286696, 0.28214087511, 0.1722713364, 0.012193071305],
      [0.16513853392, 0.12754383199, 0.58832649655, 0.091776229777, 0.02721490777],
      [0.11725956877, 0.015842894609, 0.025033385542, 0.81757102784, 0.024293123239],
      [0.1067950857, 0.44748470795, 0.15079010416, 0.19772793584, 0.097202166351],
      [0.28536745251, 0.097526976615, 0.11463590395, 0.30909604768, 0.19337361924]
    ],
    [
      [0.27028384538, 0.00085951728773, 0.42675475896, 0.28100616123, 0.021095717138],
      [0.056118628368, 0.22919674605, 0.58440652074, 0.099172940685, 0.031105164148],
      [0.039945489799, 0.028661486084, 0.025197178469, 0.87841627563, 0.027779570017],
      [0.027807313034, 0.60947065332, 0.11533314206, 0.16307636407, 0.084312527516],
      [0.10288024998, 0.18739766576, 0.12252397158, 0.35496962186, 0.23222849082]
    ],
    [
      [0.21242773624, 0.0011300767097, 0.53956989653, 0.23210891597, 0.014763374553],
      [0.037064452762, 0.25399958661, 0.62175226885, 0.068870412829, 0.018313278943],
      [0.037012523558, 0.044416287197, 0.037425842934, 0.85820915496, 0.022936191346],
      [0.018706802658, 0.69063192853, 0.12471895822, 0.11537240732, 0.050569903271],
      [0.086106354066, 0.26307746659, 0.16471218214, 0.31256230628, 0.17354169092]
    ],
    [
      [0.24415247575, 0.000647068193, 0.48167547789, 0.26463735924, 0.0088876189303],
      [0.051189002003, 0.17436509946, 0.66688167615, 0.094323636771, 0.013240585619],
      [0.038891731547, 0.023264156668, 0.03063069784, 0.89458925405, 0.012624159896],
      [0.031232075911, 0.57158113841, 0.16191016912, 0.19111048119, 0.044166135368],
      [0.11553108385, 0.17539147597, 0.171803453, 0.41597914234, 0.12129484484]
    ],
    [
      [0.30564248463, 0.0011503967029, 0.48376236371, 0.20355089023, 0.0058938647182],
      [0.056576468025, 0.27653379243, 0.59477601407, 0.064323001376, 0.0077907240971],
      [0.059088641026, 0.050436798447, 0.037387483532, 0.84287135204, 0.010215724956],
      [0.027601977092, 0.73199367201, 0.11536507729, 0.10428100953, 0.020758264071],
      [0.1399284613, 0.30422748764, 0.16723162648, 0.31068885258, 0.077923572003]
    ],
    [
      [0.33769385216, 0.00077169120329, 0.45743572106, 0.19407861621, 0.010020119366],
      [0.071032471113, 0.20881709379, 0.63564613226, 0.069513509038, 0.014990793797],
      [0.068833836155, 0.035557122001, 0.037311075379, 0.84006333692, 0.01823462955],
      [0.040376732977, 0.63791525389, 0.14396381618, 0.13116601947, 0.046578177482],
      [0.16398500618, 0.2148663452, 0.16768020592, 0.31308706142, 0.14038138128]
    ],
    [
      [0.22174275605, 0.00054619295422, 0.55462113124, 0.21152893623, 0.011560983537],
      [0.044028719408, 0.13968410274, 0.72851629764, 0.071442102274, 0.016328777943],
      [0.042842418579, 0.023814032669, 0.042662995798, 0.87072796318, 0.019952589775],
      [0.031151685617, 0.53284919166, 0.20467686813, 0.16796170309, 0.063360551507],
      [0.1112795571, 0.15723648109, 0.20951113118, 0.35307692911, 0.16889590153]
    ],
    [
      [0.21747282948, 0.000983544957, 0.56310288722, 0.20444889808, 0.013991840255],
      [0.038532565304, 0.22401768156, 0.6582428584, 0.061593310692, 0.017613584047],
      [0.042432696163, 0.04328564478, 0.043788754867, 0.84616056839, 0.024332335801],
      [0.021341018376, 0.6670653326, 0.14503662902, 0.11320668228, 0.053350337722],
      [0.09499756783, 0.24633224641, 0.18530469233, 0.29651835216, 0.17684714127]
    ],
    [
      [0.17791774548, 0.00073150069602, 0.6158415551, 0.19904034122, 0.0064688575143],
      [0.031989354397, 0.16887343903, 0.73009940884, 0.060784781978, 0.0082530157575],
      [0.036535229703, 0.033835303012, 0.050302578378, 0.86750010665, 0.01182678226],
      [0.02165553986, 0.6147918259, 0.19647118217, 0.13658131884, 0.030500133233],
      [0.093326027092, 0.21966381058, 0.24294530183, 0.34651383177, 0.097551028734]
    ],
    [
      [0.31832751302, 0.00057565402886, 0.41762696315, 0.24969443107, 0.013775438722],
      [0.073339010638, 0.17049816733, 0.63572084679, 0.097881725152, 0.022560250085],
      [0.052750873096, 0.021551900052, 0.027681157312, 0.87764574023, 0.020370329314],
      [0.043387174305, 0.54160112882, 0.1497378988, 0.19226304462, 0.073010753459],
      [0.14531914117, 0.15053659181, 0.14385734568, 0.37863655504, 0.1816503663]
    ],
    [
      [0.22519004734, 0.00097006287921, 0.5740113715, 0.19057928267, 0.0092492356151],
      [0.040077159219, 0.22034370503, 0.67039670869, 0.057537710853, 0.011644716217],
      [0.047285709212, 0.045830083728, 0.048132394987, 0.84151562014, 0.017236191932],
      [0.02304105823, 0.67700281584, 0.15383196328, 0.10963882036, 0.036485342291],
      [0.10695822972, 0.26272292168, 0.20543023823, 0.29940077375, 0.12548783662]
    ],
    [
      [0.23086748194, 0.00060986180183, 0.45507618403, 0.30352190052, 0.0099245716967],
      [0.050321179426, 0.16996299309, 0.65214035976, 0.11225970037, 0.015315767347],
      [0.032848307074, 0.01953242188, 0.025842470677, 0.90923333172, 0.012543468651],
      [0.030030932294, 0.54282149918, 0.15512266294, 0.22216428694, 0.049860618652],
      [0.1044313966, 0.15743967634, 0.15506455698, 0.45453141283, 0.12853295724]
    ],
    [
      [0.16060630831, 0.00084776113221, 0.59260772174, 0.23126087145, 0.014677337368],
      [0.028273444662, 0.19296256051, 0.69116404741, 0.069196900544, 0.018403046875],
      [0.028346089573, 0.033733647536, 0.041360681778, 0.87342265313, 0.023136927987],
      [0.016861224789, 0.62277962399, 0.16293517982, 0.13715880097, 0.060265170434],
      [0.069979698171, 0.21272846821, 0.19379652433, 0.33577084333, 0.18772446596]
    ],
    [
      [0.19031613685, 0.0007427180481, 0.58013669519, 0.21168218762, 0.017122262289],
      [0.03496170991, 0.17490760738, 0.70179386079, 0.066028048837, 0.022308773075],
      [0.036462997189, 0.032049475809, 0.044268882507, 0.85802491491, 0.029193729581],
      [0.021930669815, 0.58890110886, 0.17518055799, 0.13743101069, 0.076556652642],
      [0.084617664688, 0.18893784578, 0.1941724951, 0.31212909442, 0.22014290002]
    ],
    [
      [0.33635054407, 0.00075062956581, 0.43919354551, 0.21103792045, 0.012667360413],
      [0.072341400944, 0.20753999254, 0.62352119597, 0.077232950555, 0.019364459993],
      [0.063824523738, 0.032172636482, 0.033348226312, 0.84920715258, 0.021447460887],
      [0.040236368989, 0.62004317626, 0.1382469233, 0.14257743193, 0.058896099523],
      [0.15537155788, 0.19869506281, 0.15315676738, 0.32370438745, 0.16907222448]
    ],
    [
      [0.30035512445, 0.00055723020515, 0.39847157605, 0.28744780315, 0.013168266148],
      [0.071171307152, 0.16913356112, 0.62186946591, 0.11569857006, 0.022127095757],
      [0.044368544908, 0.018557965013, 0.023530658995, 0.89623228276, 0.017310548326],
      [0.041150181208, 0.52370370503, 0.14332537345, 0.22193981902, 0.069880921288],
      [0.13345690248, 0.14147621254, 0.13352169876, 0.42336790109, 0.16817728514]
    ],
    [
      [0.3111979795, 0.00020720311684, 0.33731760968, 0.31815882925, 0.033118378463],
      [0.085347328838, 0.073997175005, 0.62592550689, 0.14939254515, 0.065337444111],
      [0.040567489599, 0.0061634627497, 0.01756326122, 0.89662335505, 0.039082431376],
      [0.053491226996, 0.25156113305, 0.15355403291, 0.31267312667, 0.22872048038],
      [0.11271905958, 0.04321781902, 0.092051885436, 0.38711180367, 0.3648994323]
    ],
    [
      [0.19511596765, 0.000347752858, 0.58710262124, 0.20671769591, 0.010715962338],
      [0.038966968216, 0.090142494824, 0.78511510886, 0.070450864546, 0.015324563551],
      [0.03834573405, 0.015467412332, 0.045523825211, 0.88172082897, 0.018942199441],
      [0.033716817453, 0.42328561417, 0.26642565757, 0.20330715641, 0.073264754392],
      [0.10576038513, 0.10847905558, 0.23817436613, 0.37533442851, 0.17225176465]
    ],
    [
      [0.47111104034, 0.00023517047064, 0.30915385429, 0.21019682195, 0.0093031129456],
      [0.14345488086, 0.093110941868, 0.63322323691, 0.10985749572, 0.020353444641],
      [0.089823654979, 0.010221382857, 0.023700917201, 0.86025843686, 0.015995608108],
      [0.10448442952, 0.36543106539, 0.18231908875, 0.26624140132, 0.081524015012],
      [0.25954114558, 0.074554067047, 0.1289160223, 0.38712637686, 0.14986238821]
    ],
    [
      [0.61230472252, 0.00013072500715, 0.16510785707, 0.21759203388, 0.0048646615189],
      [0.26521442589, 0.073861070276, 0.48368303477, 0.16207312878, 0.015168340282],
      [0.11274443587, 0.0055094460308, 0.012330016357, 0.86131403715, 0.0081020645974],
      [0.17947763914, 0.2693147877, 0.12960288562, 0.36519373154, 0.056410955996],
      [0.36381080422, 0.044683975339, 0.074613775529, 0.43279166303, 0.084099781889]
    ],
    [
      [0.31989304038, 0.0006592465595, 0.29604731393, 0.36616203031, 0.017238368826],
      [0.082159883729, 0.21972244235, 0.50611309224, 0.16039014306, 0.031614438625],
      [0.037440746642, 0.01750600712, 0.013881219813, 0.91308952815, 0.018082498273],
      [0.037738808887, 0.545366623, 0.092222843511, 0.24495643239, 0.079715292213],
      [0.12080006666, 0.14353209566, 0.084482709279, 0.4610310169, 0.1901541115]
    ],
    [
      [0.39279922746, 0.00046426812702, 0.28947206484, 0.30168339976, 0.015581039817],
      [0.10874161347, 0.17051294329, 0.54565664048, 0.14385690149, 0.031231901273],
      [0.053778157572, 0.014601697226, 0.015936678561, 0.89626678457, 0.019416682069],
      [0.056796778081, 0.48988539317, 0.11182773661, 0.25086159243, 0.090628499709],
      [0.16570221868, 0.11447518555, 0.092549942482, 0.42880980428, 0.198462849]
    ],
    [
      [0.30570939743, 0.00095124425043, 0.48233191321, 0.20062845274, 0.010378992375],
      [0.058908466269, 0.23962787283, 0.62095834669, 0.066173311985, 0.01433200223],
      [0.05974092537, 0.042214628958, 0.037558843949, 0.84224338462, 0.018242217106],
      [0.030828411051, 0.6843039043, 0.12857766351, 0.11515005205, 0.041139969086],
      [0.13923646164, 0.25134242492, 0.16568266777, 0.3053052738, 0.13843317187]
    ],
    [
      [0.41439032465, 0.00025512536983, 0.34571869471, 0.23528329866, 0.004352556619],
      [0.11813667621, 0.09478689759, 0.66317010083, 0.11500106024, 0.0089052651324],
      [0.072420613767, 0.010162428488, 0.024241940963, 0.88630974287, 0.0068652739101],
      [0.089035292451, 0.3878599194, 0.19743100057, 0.28884184959, 0.036831937992],
      [0.23868964512, 0.084653602038, 0.15048528508, 0.45357494796, 0.072596519799]
    ],
    [
      [0.4104370862, 0.00027441033249, 0.32831457047, 0.25496918198, 0.0060047510167],
      [0.10803436385, 0.10384761862, 0.65519677948, 0.12077530998, 0.012145928069],
      [0.060995585982, 0.0098002763186, 0.019863732361, 0.90067169681, 0.0086687085238],
      [0.075220190808, 0.42039343189, 0.17045195647, 0.28565986847, 0.048274552361],
      [0.21353548859, 0.086578142004, 0.13090832879, 0.46805197403, 0.10092606659]
    ],
    [
      [0.24869384144, 0.00064560986625, 0.47327266944, 0.26763427439, 0.0097536048659],
      [0.052430893845, 0.17562139696, 0.66125379796, 0.096054099827, 0.014639811404],
      [0.039077338944, 0.022925238112, 0.02962734832, 0.89467923245, 0.013690842178],
      [0.031566155035, 0.57014372877, 0.15790215675, 0.19213949248, 0.048248466976],
      [0.11575138143, 0.17258274181, 0.16586450859, 0.41438821629, 0.13141315188]
    ],
    [
      [0.70591420924, 0.00010111825287, 0.12998648464, 0.1589149858, 0.0050832020679],
      [0.3470715408, 0.065244100492, 0.43458096965, 0.13499628708, 0.018107101978],
      [0.16503452337, 0.0054470058408, 0.012411412819, 0.80627341774, 0.010833640231],
      [0.24401483764, 0.24767881605, 0.12119729634, 0.31675097064, 0.070358079323],
      [0.4560380694, 0.037711958168, 0.064150656817, 0.34532746052, 0.096771855088]
    ],
    [
      [0.33146103585, 0.00025338598669, 0.48012633566, 0.17974352212, 0.0084157203876],
      [0.077583332513, 0.077445201359, 0.75835690915, 0.072392963769, 0.014221593212],
      [0.072077541197, 0.012598904826, 0.041884080311, 0.85681980926, 0.01661966441],
      [0.069458407307, 0.37560648623, 0.26787446411, 0.21655119959, 0.070509442759],
      [0.1954534412, 0.086226840307, 0.21394818631, 0.35678790492, 0.14758362726]
    ],
    [
      [0.42318143608, 0.00026671008665, 0.37536217949, 0.19687875668, 0.0043109176671],
      [0.11481433004, 0.094869690287, 0.6898730107, 0.091999889067, 0.0084430799096],
      [0.085404644613, 0.012317787532, 0.030433789912, 0.86394606915, 0.0078977087921],
      [0.091376240307, 0.41089517946, 0.21645310874, 0.24430904051, 0.036966430984],
      [0.25674349426, 0.093530744516, 0.17228176686, 0.40122152279, 0.076222471574]
    ],
    [
      [0.24953662402, 0.00030367641683, 0.47078324724, 0.27610381371, 0.0032726386062],
      [0.056304180284, 0.091781792688, 0.73905062127, 0.10750349938, 0.0053599063711],
      [0.037472259442, 0.010403557361, 0.027594139688, 0.92003413514, 0.0044959083699],
      [0.045221095329, 0.41460243552, 0.22699489402, 0.28951265368, 0.023668921445],
      [0.13812769231, 0.09794359746, 0.19377137462, 0.51771963401, 0.052437701597]
    ],
    [
      [0.28690599016, 0.00025411189873, 0.46840882433, 0.235355262, 0.0090758116161],
      [0.068550358015, 0.078095489064, 0.74217777567, 0.095741948419, 0.015434428829],
      [0.051022778139, 0.010207047143, 0.033234596708, 0.89110284908, 0.014432728934],
      [0.05780463624, 0.35405495534, 0.24830657796, 0.26840504696, 0.071428783506],
      [0.15666373301, 0.079349853159, 0.19260794684, 0.42753154266, 0.14384692433]
    ],
    [
      [0.37645559721, 0.00023585099076, 0.45042464971, 0.16167982425, 0.011204077838],
      [0.09348701399, 0.075434704142, 0.7426916451, 0.06853740268, 0.019849234086],
      [0.090377126706, 0.012826079153, 0.043295436813, 0.82938867703, 0.024112680296],
      [0.082654991672, 0.35849897262, 0.26091607692, 0.20150203761, 0.096427921176],
      [0.21931983878, 0.078698255095, 0.19804129834, 0.31371955307, 0.19022105471]
    ],
    [
      [0.21464717392, 0.00045878515373, 0.54942197617, 0.22904528129, 0.0064267834713],
      [0.043749214931, 0.12110211728, 0.74624392019, 0.079558729044, 0.0093460185597],
      [0.038985284703, 0.018864571052, 0.039437757398, 0.89225214194, 0.010460244909],
      [0.033334621705, 0.5020446323, 0.22365448084, 0.2018603449, 0.039105920258],
      [0.11657659927, 0.1435587484, 0.22348707357, 0.41500965858, 0.10136792018]
    ],
    [
      [0.28790250116, 0.00030837013569, 0.42045224669, 0.28184709215, 0.0094897898696],
      [0.071850958654, 0.098716179466, 0.69306260481, 0.11955569214, 0.016814564934],
      [0.04376595481, 0.010577106303, 0.025526116968, 0.90727025071, 0.012860571213],
      [0.05259234405, 0.38766433947, 0.20175830724, 0.29062897541, 0.067356033835],
      [0.14467126559, 0.088551085654, 0.15919519904, 0.47012711011, 0.13745533961]
    ],
    [
      [0.4929228544, 0.00016511857201, 0.26484210206, 0.21293602462, 0.029133900347],
      [0.15223056073, 0.069879124699, 0.59357660813, 0.11662597115, 0.067687735297],
      [0.085252761209, 0.0067584730967, 0.01882241235, 0.84141085425, 0.047755499095],
      [0.098383231809, 0.248934987, 0.14686420633, 0.2538347253, 0.25198284956],
      [0.19672921315, 0.038814901531, 0.081206845943, 0.29418524017, 0.38906379921]
    ],
    [
      [0.28442966789, 0.00024309535542, 0.4315287297, 0.25992438479, 0.023874122271],
      [0.06951637123, 0.076724215506, 0.7037260577, 0.10835624147, 0.041677114101],
      [0.045310016703, 0.0087638620224, 0.027373963879, 0.88442153844, 0.034130618957],
      [0.051427237928, 0.3058473414, 0.20547764003, 0.26673964699, 0.17050813365],
      [0.12239835579, 0.059944403601, 0.13971806226, 0.37309574586, 0.3048434325]
    ],
    [
      [0.1991161044, 0.0016481112719, 0.56466290139, 0.22843299016, 0.0061398927744],
      [0.029754583887, 0.3316552344, 0.57314433339, 0.058784872587, 0.0066609757336],
      [0.033921470457, 0.06390631573, 0.037368656416, 0.85533793953, 0.0094656178685],
      [0.01267445687, 0.79376495496, 0.094603601486, 0.083436485026, 0.015520501658],
      [0.07804123039, 0.38361122254, 0.1650819693, 0.30225039616, 0.071015181618]
    ],
    [
      [0.25202029807, 0.00030944898033, 0.39798763537, 0.3444137451, 0.0052688724804],
      [0.061142212697, 0.10122446452, 0.68372293698, 0.14457716625, 0.0093332195504],
      [0.030753498337, 0.0087046650502, 0.018867716726, 0.93578701333, 0.0058871065596],
      [0.042768286912, 0.40359687136, 0.17843060023, 0.33912254632, 0.03608169518],
      [0.12262070968, 0.088474808401, 0.14325162928, 0.5698290099, 0.075823842749]
    ],
    [
      [0.3054896245, 0.00020568466497, 0.42799270661, 0.26108711642, 0.0052248678037],
      [0.073299942118, 0.067011981724, 0.74071391652, 0.10969568472, 0.0092784749152],
      [0.047131621551, 0.0073229713696, 0.025893537659, 0.91214531856, 0.0075065508622],
      [0.063914528942, 0.32702474484, 0.24215064352, 0.32156630637, 0.045343776331],
      [0.16996031825, 0.066536726016, 0.17740648684, 0.49760960923, 0.088486859662]
    ],
    [
      [0.30601083762, 0.00076623942946, 0.49417052048, 0.1923437001, 0.006708702365],
      [0.0618494012, 0.20013777725, 0.66205890861, 0.066289900262, 0.0096640126759],
      [0.063188167343, 0.035824190155, 0.040771124737, 0.84781927746, 0.012397240304],
      [0.036828853907, 0.64383943111, 0.15672053546, 0.13114867172, 0.031462507798],
      [0.15664557404, 0.22564263291, 0.19081429299, 0.32775657495, 0.099140925108]
    ],
    [
      [0.31115290892, 0.0005136313826, 0.4757326802, 0.20809599876, 0.0045047807337],
      [0.068595786229, 0.14679400361, 0.69907725348, 0.078428824496, 0.0071041321894],
      [0.060617310538, 0.022726709256, 0.037080912867, 0.87169303385, 0.0078820334934],
      [0.047676363673, 0.55122394188, 0.19270526476, 0.18138974907, 0.027004680607],
      [0.17377579042, 0.1651083387, 0.20048781799, 0.38808691645, 0.072541136439]
    ],
    [
      [0.21919623992, 0.0003382926864, 0.56063690664, 0.21662881798, 0.0031997427724],
      [0.045857583704, 0.091411633613, 0.78073726053, 0.077221828881, 0.0047716932709],
      [0.042151034314, 0.014703943764, 0.042803427293, 0.89483266464, 0.005508929987],
      [0.040522901969, 0.43670853246, 0.27255087341, 0.2271762438, 0.023041448361],
      [0.13301478449, 0.11767135162, 0.25532302511, 0.43837567228, 0.055615166499]
    ],
    [
      [0.29241610462, 0.00036390488523, 0.44163327738, 0.2589946286, 0.0065920845162],
      [0.069496180111, 0.11232514797, 0.7018249628, 0.10514198459, 0.011211724531],
      [0.047217634443, 0.013343284648, 0.02848440672, 0.90137901969, 0.009575654497],
      [0.050817953294, 0.44503030827, 0.20292282755, 0.25620571652, 0.045023194359],
      [0.15447370462, 0.11066824658, 0.17586912034, 0.45764673453, 0.10134219392]
    ],
    [
      [0.22432240604, 0.00060827526303, 0.50053029194, 0.26851835922, 0.0060206675369],
      [0.046223649585, 0.16273858945, 0.68781801788, 0.094355895445, 0.0088638476412],
      [0.035133404413, 0.021582390569, 0.031134522543, 0.90369625856, 0.0084534239133],
      [0.029578774491, 0.56470974966, 0.17369233618, 0.20096987647, 0.031049263197],
      [0.11093188828, 0.17340007393, 0.18602896315, 0.44346917198, 0.086169902655]
    ],
    [
      [0.59341611472, 0.00011911270796, 0.22161813512, 0.15094002623, 0.033906611214],
      [0.20408547158, 0.056812688845, 0.55666605652, 0.093165416476, 0.089270366583],
      [0.12863919705, 0.0062152272634, 0.020168565478, 0.77342198184, 0.071555028375],
      [0.1286872101, 0.19875170531, 0.13610499504, 0.19969234765, 0.3367637419],
      [0.22663219556, 0.026920616107, 0.065987696236, 0.20273019186, 0.47772930024]
    ],
    [
      [0.32416442006, 0.00099704397775, 0.33782524291, 0.33142841174, 0.0055848813053],
      [0.071415958052, 0.29141223839, 0.50291630326, 0.12538903264, 0.0088664676636],
      [0.041034744014, 0.028857049982, 0.017114437605, 0.90660308512, 0.0063906832817],
      [0.030493147914, 0.68583779674, 0.084577338658, 0.17838698132, 0.020704735369],
      [0.13292830705, 0.23945396737, 0.10478837938, 0.45627172199, 0.066557624212]
    ],
    [
      [0.38107713702, 0.00066420573185, 0.42382346126, 0.19029880048, 0.0041363955068],
      [0.085611154871, 0.19573688299, 0.638588095, 0.073379982438, 0.0066838847008],
      [0.078042644538, 0.031081394207, 0.034885528848, 0.84832691255, 0.0076635198566],
      [0.05061760162, 0.63324695043, 0.14989922441, 0.14460897248, 0.021627251067],
      [0.20636253184, 0.20903171655, 0.17383221807, 0.34586720187, 0.064906331665]
    ],
    [
      [0.29477721809, 0.0009585234834, 0.44880251396, 0.24643581963, 0.009025924837],
      [0.059523158223, 0.24747812758, 0.59561688335, 0.084475660428, 0.012906170414],
      [0.049484817056, 0.036238729891, 0.030097258948, 0.87071912227, 0.013460071837],
      [0.030187696879, 0.67159928195, 0.12049041149, 0.14203878205, 0.035683827624],
      [0.1307771153, 0.24278355803, 0.15007543136, 0.36187829268, 0.11448560264]
    ],
    [
      [0.21295011821, 0.00073467426993, 0.48561770335, 0.29193446133, 0.0087630428482],
      [0.042715832309, 0.1928121587, 0.65198372283, 0.099900054327, 0.012588231832],
      [0.030626484677, 0.023977280719, 0.027628362314, 0.90643816608, 0.011329706211],
      [0.024307971279, 0.60107026926, 0.14577680689, 0.18947384474, 0.039371107819],
      [0.095123381772, 0.19054602502, 0.16277638781, 0.43677532156, 0.11477888384]
    ],
    [
      [0.4787729765, 0.00017668035518, 0.31464409918, 0.19669487356, 0.0097113704017],
      [0.14355691, 0.070821010281, 0.6612239003, 0.10298793926, 0.021410240154],
      [0.093967125525, 0.0080448578774, 0.024952155458, 0.85539305747, 0.017642803665],
      [0.1145295174, 0.31000761393, 0.20447553444, 0.27511454172, 0.09587279251],
      [0.26779594591, 0.057508370967, 0.13368695774, 0.3738967691, 0.16711195628]
    ],
    [
      [0.25292147699, 0.00092798750282, 0.46398665179, 0.27223100388, 0.0099328798249],
      [0.049933880258, 0.23711925192, 0.60743419896, 0.091541567661, 0.013971101197],
      [0.03873772058, 0.032144038406, 0.028292767575, 0.88722826442, 0.013597209018],
      [0.025546009615, 0.65655771813, 0.12318358472, 0.15559615694, 0.039116530607],
      [0.1085212974, 0.22939490154, 0.14989582274, 0.38872205276, 0.12346592556]
    ],
    [
      [0.31968224442, 0.00022442751773, 0.39582239266, 0.26839689947, 0.015874035936],
      [0.0838462939, 0.075835655714, 0.69060351995, 0.12001789455, 0.029696635891],
      [0.049976622632, 0.0079435585643, 0.024744704989, 0.89510437403, 0.02223073978],
      [0.063179407108, 0.30675967101, 0.20624010368, 0.30078901532, 0.12303180288],
      [0.15191556836, 0.061043503395, 0.14184198448, 0.4249358758, 0.22026306797]
    ],
    [
      [0.26791655913, 0.0010614614395, 0.5166187476, 0.20327298687, 0.011130244963],
      [0.04875719739, 0.25022605053, 0.62348651684, 0.063081131902, 0.014449103344],
      [0.051963916566, 0.046608786948, 0.039957200677, 0.84214256585, 0.019327529955],
      [0.025131021924, 0.69843425598, 0.12761953931, 0.10802290825, 0.040792274537],
      [0.11799275801, 0.26963083894, 0.17155344153, 0.29818934008, 0.14263362145]
    ],
    [
      [0.27614929258, 0.00082979591695, 0.51683423641, 0.19572597336, 0.010460701736],
      [0.052935154708, 0.20717445485, 0.66132202698, 0.064197650395, 0.014370713071],
      [0.055517091375, 0.037875569431, 0.04138057281, 0.84632193705, 0.018904829335],
      [0.030562935381, 0.64959885193, 0.15100681809, 0.12327843363, 0.045552960964],
      [0.13110597712, 0.22792002136, 0.18493565297, 0.31051576403, 0.14552258453]
    ],
    [
      [0.62224204405, 0.00013467984087, 0.19794259885, 0.17352898523, 0.0061516920216],
      [0.24970815195, 0.070992765517, 0.54101847515, 0.1203872638, 0.017893343591],
      [0.1363999955, 0.0067940096717, 0.017656063295, 0.8268569485, 0.012292983033],
      [0.18525969916, 0.28461209505, 0.15878969732, 0.29800973579, 0.073328772681],
      [0.38499172839, 0.048114468509, 0.09335551369, 0.36124720322, 0.11229108619]
    ],
    [
      [0.23257638101, 0.00051906054787, 0.44790521836, 0.31088487932, 0.0081144607566],
      [0.050354120414, 0.15149700075, 0.66950369954, 0.11588425001, 0.01276092928],
      [0.031121586933, 0.015867881767, 0.023445395824, 0.91966135452, 0.0099037809582],
      [0.031094954035, 0.52693591194, 0.15873870204, 0.23958967097, 0.043640761017],
      [0.10711257757, 0.14084437236, 0.15391154694, 0.48554339505, 0.11258810808]
    ],
    [
      [0.75689689159, 0.00011800658876, 0.13944540215, 0.098336039124, 0.0052036605536],
      [0.36333463233, 0.075178226499, 0.46078969765, 0.082397087078, 0.018300356446],
      [0.24793925069, 0.0089959421707, 0.018791429897, 0.70856177732, 0.015711599923],
      [0.27306554466, 0.30652537373, 0.1371804499, 0.20694821598, 0.076280415739],
      [0.53270445529, 0.048366798009, 0.075371161781, 0.23422975699, 0.10932782794]
    ],
    [
      [0.31443501729, 0.00022467570851, 0.36404556777, 0.25423279672, 0.067061942513],
      [0.079082243032, 0.073491955405, 0.61650538517, 0.1095477783, 0.1213726381],
      [0.047606799576, 0.0077463155133, 0.022052460703, 0.83077626024, 0.091818163964],
      [0.044908205911, 0.22489136229, 0.13776539027, 0.20742790833, 0.3850071332],
      [0.086716292055, 0.035677880507, 0.075817344162, 0.23526878588, 0.56651969739]
    ],
    [
      [0.19116520605, 0.00045518965614, 0.58395634413, 0.22037088448, 0.0040523756941],
      [0.03770239082, 0.11619527882, 0.76641734091, 0.07399320787, 0.005691781581],
      [0.036219867165, 0.019455287598, 0.043637222852, 0.89382131675, 0.0068663056375],
      [0.03018808853, 0.50616459637, 0.24160067856, 0.19712123543, 0.024925401106],
      [0.10983983333, 0.15037919089, 0.2510144511, 0.42179245902, 0.066974065648]
    ],
    [
      [0.19930649209, 0.00075861291011, 0.61461849877, 0.17981114184, 0.0055052543861],
      [0.034529595973, 0.17732348811, 0.72750426933, 0.053696333163, 0.0069463134201],
      [0.042292113905, 0.036902356859, 0.050508129808, 0.85958962787, 0.010707771555],
      [0.022243719234, 0.65587667538, 0.18080230417, 0.11618242318, 0.024894878037],
      [0.10552241541, 0.24002718632, 0.24195695248, 0.32406188359, 0.088431562198]
    ],
    [
      [0.25590686307, 0.00059332645357, 0.52177217157, 0.21517427027, 0.0065533686448],
      [0.051485870535, 0.15673836565, 0.70801376578, 0.074276845479, 0.0094851525558],
      [0.048222784801, 0.025386656333, 0.038798426126, 0.87646182691, 0.011130305827],
      [0.034648560728, 0.57751712029, 0.18637762391, 0.16641298791, 0.03504370715],
      [0.13442674314, 0.18082369599, 0.20540862063, 0.37859252421, 0.10074841603]
    ],
    [
      [0.22239075301, 0.0010190157245, 0.46233112638, 0.30262937897, 0.011629725906],
      [0.042185996208, 0.25510544224, 0.58876839327, 0.098076645427, 0.015863522861],
      [0.030353605103, 0.03166685689, 0.02505186555, 0.89859352006, 0.014334152401],
      [0.020136325681, 0.67125488362, 0.11067326121, 0.15618790251, 0.041747626984],
      [0.087852296669, 0.23556978095, 0.13761516363, 0.40205773467, 0.13690502408]
    ],
    [
      [0.31962572035, 0.0002229537363, 0.44488210665, 0.22684178087, 0.0084274383928],
      [0.080284528115, 0.071636247075, 0.73628408687, 0.096786937547, 0.015008200389],
      [0.058985679527, 0.0092762087544, 0.032810627496, 0.8850789149, 0.013848569321],
      [0.069167041913, 0.33059694197, 0.25269521227, 0.27683339944, 0.07070740441],
      [0.1799233005, 0.071597819997, 0.1887267135, 0.4234155976, 0.13633656839]
    ],
    [
      [0.34486046035, 0.00030240327654, 0.43801891928, 0.20773219148, 0.0090860256141],
      [0.085748957685, 0.095885653886, 0.71476473597, 0.087621852666, 0.01597879979],
      [0.068509050392, 0.013517609068, 0.034776618109, 0.86717735595, 0.016019366482],
      [0.068021702646, 0.40612223576, 0.22635042074, 0.2304044513, 0.06910118956],
      [0.19226918813, 0.096039801042, 0.18405266483, 0.3830098367, 0.14462850931]
    ],
    [
      [0.44783872419, 0.00032470713955, 0.33806278393, 0.20157506704, 0.012198717702],
      [0.12752639023, 0.1180336864, 0.6324106747, 0.097439686637, 0.024589562032],
      [0.08948734633, 0.014612512351, 0.027021163055, 0.84722710735, 0.021651870919],
      [0.086900151828, 0.42955473116, 0.17203151171, 0.2201298368, 0.091383768502],
      [0.23525447131, 0.097232231301, 0.13392361697, 0.35037492327, 0.18321475714]
    ],
    [
      [0.017281516142, 6.1015370891e-05, 0.16475173076, 0.4996073719, 0.31829836583],
      [0.006642707092, 0.0105181418, 0.33603795981, 0.11827114637, 0.52853004493],
      [0.0011808156725, 0.00050935583257, 0.0022002244105, 0.86351656829, 0.13259303579],
      [6.073761726e-05, 0.0001201182167, 0.00065716954572, 0.0054217683181, 0.9937402063],
      [0.085820673523, 0.070902764168, 0.1145422088, 0.56614542658, 0.16258892693]
    ]
  ],
  "expected_outcome": [
    [
