{
  "X": [
    [61, 112, 219, 590, 62, 26],
    [42, 48, 144, 495, 38, 25],
    [25, 26, 55, 160, 32, 7],
    [39, 135, 174, 471, 34, 19],
    [6, 35, 46, 112, 9, 6],
    [5, 11, 22, 35, 9, 3],
    [3, 4, 8, 32, 2, 0],
    [20, 11, 27, 132, 9, 0],
    [18, 10, 28, 127, 20, 3],
    [87, 71, 263, 760, 98, 18],
    [82, 72, 272, 610, 76, 24],
    [17, 30, 142, 176, 49, 19],
    [16, 17, 47, 165, 18, 4],
    [2, 3, 6, 35, 8, 1],
    [8, 12, 37, 75, 17, 5],
    [6, 14, 97, 25, 15, 13],
    [10, 12, 122, 26, 16, 7],
    [32, 68, 152, 230, 45, 17],
    [31, 59, 296, 168, 52, 17],
    [4, 3, 17, 94, 14, 3],
    [25, 18, 74, 195, 27, 7],
    [3, 0, 4, 8, 5, 1],
    [7, 7, 6, 67, 4, 1],
    [20, 55, 114, 201, 34, 17],
    [45, 79, 236, 354, 60, 22],
    [32, 78, 150, 188, 41, 6],
    [3, 14, 18, 54, 15, 9],
    [18, 15, 75, 59, 25, 9],
    [16, 29, 135, 116, 25, 13],
    [49, 58, 204, 390, 66, 20],
    [24, 21, 111, 90, 29, 12],
    [5, 10, 10, 101, 5, 1],
    [63, 43, 205, 276, 53, 29],
    [23, 43, 34, 171, 10, 1],
    [23, 30, 45, 267, 27, 13],
    [1, 1, 3, 65, 6, 0],
    [2, 1, 6, 27, 4, 1],
    [17, 14, 100, 147, 32, 7],
    [37, 55, 209, 263, 53, 15],
    [56, 71, 291, 471, 88, 10],
    [38, 58, 167, 367, 35, 13],
    [45, 52, 152, 275, 35, 12],
    [81, 137, 280, 990, 79, 19],
    [38, 64, 152, 336, 49, 5],
    [26, 37, 137, 220, 42, 14],
    [9, 3, 7, 61, 13, 5],
    [0, 10, 2, 27, 3, 0],
    [1, 5, 9, 8, 1, 0],
    [13, 5, 8, 99, 8, 6],
    [1, 2, 6, 63, 7, 2],
    [9, 23, 51, 56, 25, 7],
    [32, 41, 183, 231, 75, 30],
    [37, 36, 97, 321, 32, 6],
    [811, 828, 3019, 5244, 847, 255],
    [52, 140, 308, 499, 82, 54],
    [64, 224, 418, 850, 94, 56],
    [18, 93, 75, 226, 15, 19]
  ],
  "W": [
    [41, 245, 345, 428, 11],
    [20, 240, 290, 228, 14],
    [8, 87, 91, 117, 2],
    [36, 174, 284, 372, 6],
    [15, 23, 76, 94, 6],
    [3, 18, 27, 34, 3],
    [1, 16, 16, 16, 0],
    [2, 76, 76, 42, 3],
    [2, 43, 97, 63, 1],
    [32, 329, 451, 476, 9],
    [17, 289, 359, 462, 9],
    [11, 79, 102, 240, 1],
    [12, 78, 101, 76, 0],
    [1, 13, 28, 13, 0],
    [9, 24, 61, 59, 1],
    [6, 15, 17, 131, 1],
    [7, 17, 18, 150, 1],
    [19, 102, 133, 286, 4],
    [21, 93, 91, 415, 3],
    [7, 6, 98, 21, 3],
    [10, 85, 128, 121, 2],
    [1, 7, 4, 9, 0],
    [5, 17, 57, 10, 3],
    [21, 85, 124, 207, 4],
    [42, 157, 196, 397, 4],
    [22, 94, 97, 276, 6],
    [8, 17, 45, 43, 0],
    [8, 41, 37, 114, 1],
    [13, 60, 62, 195, 4],
    [34, 158, 213, 378, 4],
    [13, 56, 56, 157, 5],
    [4, 32, 74, 20, 2],
    [26, 163, 143, 326, 11],
    [14, 87, 94, 86, 1],
    [16, 115, 180, 91, 3],
    [1, 4, 64, 7, 0],
    [0, 4, 28, 8, 1],
    [17, 51, 84, 159, 6],
    [27, 136, 147, 318, 4],
    [27, 224, 274, 456, 6],
    [31, 163, 215, 265, 4],
    [22, 131, 180, 235, 3],
    [34, 394, 598, 553, 7],
    [28, 130, 204, 269, 13],
    [14, 103, 131, 225, 3],
    [4, 52, 30, 11, 1],
    [7, 2, 20, 8, 5],
    [4, 2, 6, 12, 0],
    [4, 47, 66, 21, 1],
    [3, 8, 55, 12, 3],
    [7, 25, 44, 92, 3],
    [32, 79, 182, 283, 16],
    [15, 135, 211, 162, 6],
    [297, 2310, 3492, 4786, 119],
    [92, 162, 395, 471, 15],
    [150, 265, 614, 654, 23],
    [40, 35, 182, 183, 6]
  ],
  "method": "mvn_pdf",
  "cond_prob": [
    [
      [0.00049212996382, 0.66381673213, 0.048850374278, 0.08505446286, 0.018425183261, 0.18336111751],
      [0.14386116697, 0.0072083183094, 0.022000955976, 0.78260648499, 0.038603369921, 0.0057197038332],
      [0.019601349329, 0.028864953815, 0.0088728435986, 0.90177239026, 0.033839145686, 0.0070493173099],
      [0.043385802576, 0.1666702796, 0.48509163543, 0.18410976245, 0.089365756833, 0.031376763109],
      [0.036567976707, 0.15674429659, 0.084231766859, 0.44215683895, 0.16942660633, 0.11087251456]
    ],
    [
      [0.00023692690294, 0.51327994006, 0.063103732059, 0.079700437811, 0.017256985577, 0.32642197759],
      [0.12606192258, 0.0073325818951, 0.0313318055, 0.78937559282, 0.037490488838, 0.0084076083626],
      [0.014972284965, 0.025493536422, 0.013117512894, 0.90396155639, 0.032255801961, 0.010199307366],
      [0.030650000143, 0.11814169418, 0.56988556117, 0.15869319982, 0.075148411289, 0.047481133389],
      [0.029302669209, 0.11751069342, 0.10573609656, 0.40178200389, 0.15493733034, 0.19073120658]
    ],
    [
      [0.00071954790028, 0.63352844258, 0.048457809984, 0.079418300404, 0.036709423005, 0.20116647613],
      [0.1851398332, 0.0086432185169, 0.019762132444, 0.70836025975, 0.071107711278, 0.0069868448039],
      [0.027214086129, 0.029770084191, 0.0074861712239, 0.8610568637, 0.065849493767, 0.0086233009838],
      [0.054075208164, 0.14715277642, 0.44501779267, 0.15952054571, 0.16183329938, 0.032400377657],
      [0.041898467546, 0.12692997288, 0.072354337121, 0.35861627658, 0.29657688706, 0.10362405883]
    ],
    [
      [0.00028762602598, 0.78352475434, 0.031478664289, 0.057322321577, 0.0087703952494, 0.11861623852],
      [0.12399320189, 0.0029775746436, 0.027230362884, 0.81155615322, 0.028198979119, 0.006043728244],
      [0.016295135127, 0.03396531097, 0.018125384325, 0.90229288294, 0.021939084863, 0.0073822017735],
      [0.033912622891, 0.25552579869, 0.43692707586, 0.18548007883, 0.058664219203, 0.029490204528],
      [0.02858570707, 0.26221090462, 0.07403392914, 0.41264294741, 0.12064229331, 0.10188421845]
    ],
    [
      [5.079430886e-05, 0.74216579953, 0.038421499099, 0.074884938683, 0.010549959995, 0.13392700838],
      [0.099260661512, 0.0080438671609, 0.021589444966, 0.83794426155, 0.027994739545, 0.0051670252707],
      [0.011569798967, 0.029458630433, 0.012962004154, 0.91873258414, 0.020112536906, 0.0071644453982],
      [0.028585144693, 0.21496550762, 0.46249072665, 0.20185524125, 0.062883036737, 0.02922034305],
      [0.024989091329, 0.20614840547, 0.077979943077, 0.46765647204, 0.12638555541, 0.096840532679]
    ],
    [
      [0.00064647946024, 0.7260390051, 0.051202142458, 0.02731956034, 0.019920900174, 0.17487191247],
      [0.17835234235, 0.013567860731, 0.054901221088, 0.63627273124, 0.10237784799, 0.014527996606],
      [0.027883757967, 0.065996321272, 0.023870522303, 0.76837255052, 0.094565166291, 0.019311681649],
      [0.028156248419, 0.17999381575, 0.58347675796, 0.061670890626, 0.10993220169, 0.036770085555],
      [0.025848162674, 0.22532369394, 0.12515257336, 0.20742100377, 0.26882722948, 0.14742733677]
    ],
    [
      [0.038626318276, 0.79056949196, 0.047037194653, 0.10825746305, 0.015509532065, 0],
      [0.11730758067, 0.011206054387, 0.013179823484, 0.83264220432, 0.025664337146, 0],
      [0.017355368064, 0.025543814058, 0.0034851263395, 0.93168326406, 0.021932427481, 0],
      [0.050422906376, 0.16383953831, 0.48039522551, 0.22890844019, 0.076433889619, 0],
      [0.035531348775, 0.14244681211, 0.077281296225, 0.57815830968, 0.14346127619, 0.023120957032]
    ],
    [
      [0.00077788619058, 0.74667408313, 0.069895282224, 0.091650264867, 0.091002483592, 0],
      [0.19874763477, 0.0096190852358, 0.027186296852, 0.73119201171, 0.033254971434, 0],
      [0.026420362587, 0.030778046652, 0.011762510569, 0.89799704478, 0.033042035416, 0],
      [0.061823042313, 0.14203761983, 0.56090784416, 0.15785028463, 0.077381209067, 0],
      [0.09636955044, 0.15696325912, 0.1139902057, 0.45620640762, 0.17647057712, 0]
    ],
    [
      [0.0011000527693, 0.57471974657, 0.056131827064, 0.1169606538, 0.048499024345, 0.20258869545],
      [0.23187475581, 0.0049163934722, 0.015496055813, 0.68049002585, 0.062663757461, 0.0045590115996],
      [0.030228511209, 0.019071311269, 0.0069329699856, 0.87686698016, 0.059735081316, 0.0071651460636],
      [0.079881357138, 0.10638503371, 0.42039313069, 0.19113404982, 0.17640855893, 0.025797869721],
      [0.062494307717, 0.08698127094, 0.06414062407, 0.4074653671, 0.30041828047, 0.078500149702]
    ],
    [
      [0.00085305537971, 0.56711435666, 0.077904525233, 0.13401057057, 0.037340896099, 0.18277659607],
      [0.15811676609, 0.0027094395765, 0.023143594167, 0.76420230595, 0.049280179941, 0.0025477142762],
      [0.02224300844, 0.014238439653, 0.010890999381, 0.90457196759, 0.044951837614, 0.0031037473195],
      [0.051527563484, 0.093961135044, 0.51925513745, 0.19347442299, 0.12236482544, 0.019416915586],
      [0.043729906571, 0.090433155774, 0.090614062776, 0.47036892836, 0.23033071663, 0.074523229891]
    ],
    [
      [0.00067415103726, 0.571617649, 0.072764932458, 0.093403220481, 0.025699198739, 0.23584084828],
      [0.17533403533, 0.0056162135939, 0.027663581374, 0.73846998285, 0.046729753671, 0.0061864331777],
      [0.02496303055, 0.022829193499, 0.011083335616, 0.88998352888, 0.043257050986, 0.0078838604672],
      [0.047529222573, 0.11132017985, 0.5580684811, 0.1553499369, 0.096817922329, 0.030914257244],
      [0.044086047292, 0.11486785336, 0.1068517086, 0.41317360993, 0.19989482119, 0.12112595961]
    ],
    [
      [0.00019955847536, 0.42972548142, 0.065755350132, 0.064526028714, 0.034280926273, 0.40551265499],
      [0.12380025039, 0.0061585242583, 0.038386005181, 0.73196160613, 0.08797704617, 0.011716567866],
      [0.015733661738, 0.02367457936, 0.017491206019, 0.85110646766, 0.077727689935, 0.014266395288],
      [0.023291877967, 0.092843860987, 0.5681689961, 0.12648893843, 0.13943498662, 0.049771339892],
      [0.022700866578, 0.089162556435, 0.099534661471, 0.29504187515, 0.2801020002, 0.21345804016]
    ],
    [
      [0.00068064739046, 0.60162608488, 0.083408639729, 0.11430820931, 0.033882442569, 0.16609397612],
      [0.14129784774, 0.0044923951962, 0.026507769252, 0.77131668939, 0.053242277457, 0.0031430209668],
      [0.019623770392, 0.018500554006, 0.010213061543, 0.89957832619, 0.048221269069, 0.0038630188024],
      [0.039323674973, 0.099493739494, 0.56447330402, 0.16589722067, 0.11276532726, 0.01804673358],
      [0.036668684813, 0.10319496587, 0.10724182176, 0.44723430946, 0.2323270983, 0.073333119799]
    ],
    [
      [0.00042997591722, 0.61458859217, 0.050055366717, 0.082336853783, 0.083088597025, 0.16950061439],
      [0.096423588129, 0.010542969988, 0.02359044989, 0.72470006727, 0.13620339816, 0.0085395265581],
      [0.015314809318, 0.031153454581, 0.017287139308, 0.84203853892, 0.079260681113, 0.014945376754],
      [0.0244037475, 0.1058504669, 0.39686376031, 0.14765255244, 0.30207447352, 0.023154999326],
      [0.016017516212, 0.074671779974, 0.05165528384, 0.26634303483, 0.5370567932, 0.054255591945]
    ],
    [
      [0.0010355815564, 0.54651544639, 0.084389961308, 0.074213698663, 0.045953478848, 0.24789183323],
      [0.17023737803, 0.0060217238238, 0.036794386728, 0.68369542147, 0.09539525564, 0.0078558343061],
      [0.027084151625, 0.024236369193, 0.016106780905, 0.83749816521, 0.083389446423, 0.011685086649],
      [0.037619321918, 0.090876462273, 0.58071664677, 0.11075839628, 0.15026738198, 0.029761790787],
      [0.03330945088, 0.09670981582, 0.11262927242, 0.30125313883, 0.34440078649, 0.11169753556]
    ],
    [
      [0.00023620418675, 0.31040087562, 0.069028490486, 0.021712062566, 0.016565125515, 0.58205724163],
      [0.18672166737, 0.010696835912, 0.085631829922, 0.58346634015, 0.094713737223, 0.038769589426],
      [0.027336892006, 0.042254507018, 0.039439934048, 0.74534163636, 0.092601671455, 0.053025359108],
      [0.020703585675, 0.08526487913, 0.72128426434, 0.025197897372, 0.089484910209, 0.058064463271],
      [0.020860876823, 0.089116422299, 0.14263410055, 0.14600014839, 0.18315153641, 0.41823691553]
    ],
    [
      [0.00077868361424, 0.48304196454, 0.15240164254, 0.0419758837, 0.030506844246, 0.29129498136],
      [0.25821464559, 0.0066045967164, 0.092645802487, 0.54389940734, 0.08711472929, 0.011520818576],
      [0.041944318441, 0.034010211237, 0.044656926722, 0.76862520428, 0.093883071114, 0.016880268205],
      [0.032044143513, 0.051945128591, 0.78877673028, 0.016124498935, 0.082414054863, 0.028695443819],
      [0.043280980748, 0.10247501318, 0.23787563699, 0.20595037205, 0.25349818286, 0.15691981418]
    ],
    [
      [0.00048627849786, 0.66612262396, 0.049221681904, 0.059472775482, 0.020789028195, 0.20390761196],
      [0.16761800785, 0.0086618255509, 0.029019830542, 0.72792737159, 0.058647122645, 0.0081258418174],
      [0.023678502571, 0.03823012, 0.011627520338, 0.86265693512, 0.053598705971, 0.010208216],
      [0.040564892591, 0.17019643314, 0.51111582991, 0.13463422058, 0.10715952158, 0.036329102189],
      [0.035730946217, 0.17484452498, 0.094794442272, 0.34566647629, 0.21168772195, 0.1372758883]
    ],
    [
      [0.00044955650003, 0.5968269191, 0.10482228844, 0.055039177728, 0.027340468203, 0.21552159003],
      [0.18303592263, 0.0095357415789, 0.060893041265, 0.66277502297, 0.075372022034, 0.0083882495269],
      [0.026605067793, 0.037918954407, 0.025644487769, 0.826709832, 0.072152405916, 0.010969252112],
      [0.027572440062, 0.10052363005, 0.68740553844, 0.070195767987, 0.089446526613, 0.024856096851],
      [0.034864904709, 0.13729313677, 0.17624408895, 0.28142056829, 0.24335821201, 0.12681908927]
    ],
    [
      [0.0010980656712, 0.40135371478, 0.14760482888, 0.1308487557, 0.081283647563, 0.23781098741],
      [0.14487981542, 0.0015593205693, 0.03748875678, 0.71069918063, 0.10149807202, 0.0038748545812],
      [0.017120564273, 0, 0.020714099524, 0.87055908351, 0.083628671324, 0.007977581366],
      [0.064407844805, 0.0022617543918, 0.63485990612, 0.11808474741, 0.16465724821, 0.015728499063],
      [0.030884869379, 0.044557076975, 0.12659795844, 0.34176458212, 0.38953801093, 0.066657502149]
    ],
    [
      [0.00088296857831, 0.53769260364, 0.087141651714, 0.10738717449, 0.036727404718, 0.23016819686],
      [0.18201682938, 0.0025421619336, 0.028278298026, 0.72438784245, 0.057294972352, 0.0054798958597],
      [0.026822961916, 0.01524403204, 0.011866271611, 0.88469231986, 0.054135443039, 0.0072389715344],
      [0.049542541065, 0.084906162301, 0.5701433961, 0.15120294064, 0.11852752952, 0.025677430383],
      [0.045876611581, 0.09105422987, 0.10934722829, 0.40849444381, 0.24574276115, 0.099484725303]
    ],
    [
      [0.19066394224, 0, 0.069970330824, 0.091516937662, 0.21660774212, 0.43124104715],
      [0.26735697885, 0, 0.08154736549, 0.52099253757, 0.10747069487, 0.022632423225],
      [0.047497526329, 0, 0.045165561807, 0.69211150922, 0.19989158193, 0.015333820714],
      [0.083094122279, 0, 0.3531706515, 0.16589880694, 0.35905900734, 0.038777411935],
      [0.0263331352, 0.0092229084166, 0.025331345205, 0.11280760419, 0.79812537548, 0.028179631513]
    ],
    [
      [0.0010061996997, 0.71833614306, 0.052157380935, 0.099928494639, 0.020906604549, 0.10766517712],
      [0.23709952628, 0.0063768215982, 0.016453375521, 0.70485858167, 0.033320904886, 0.0018907900507],
      [0.034318173939, 0.02591357097, 0.0064166629038, 0.89808307483, 0.033253781101, 0.0020147362525],
      [0.079683589024, 0.14156941488, 0.48517843838, 0.18870472967, 0.090110587834, 0.014753240211],
      [0.070435083354, 0.13571520781, 0.080657180716, 0.4799930254, 0.17748006437, 0.055719438352]
    ],
    [
      [0.00019718187062, 0.63546275059, 0.048085902361, 0.055231538245, 0.018960902406, 0.24206172453],
      [0.13662659027, 0.0094072300028, 0.031968355601, 0.75257651259, 0.059492273081, 0.0099290384502],
      [0.017776299521, 0.039211327101, 0.013044365677, 0.86499608087, 0.052970210395, 0.012001716432],
      [0.029318586773, 0.17053277337, 0.52304711011, 0.13177184446, 0.10229902551, 0.043030659777],
      [0.027347601308, 0.17329476006, 0.096158171777, 0.33371207353, 0.20019336702, 0.16929402631]
    ],
    [
      [0.0005917214772, 0.60599500048, 0.074081857311, 0.087711694679, 0.026855710069, 0.20476401598],
      [0.15751693522, 0.0066700404522, 0.029977218377, 0.74747270802, 0.052676033722, 0.0056870642048],
      [0.021988878249, 0.025867647594, 0.011517333089, 0.88548196491, 0.048013526821, 0.007130649336],
      [0.039756542796, 0.11820965526, 0.56794830649, 0.14560552997, 0.10158851058, 0.026891454913],
      [0.037955310373, 0.12543039046, 0.11231593689, 0.40075828623, 0.21515823148, 0.10838184457]
    ],
    [
      [0.00057516404941, 0.7846656763, 0.049536669479, 0.054403812328, 0.019579361587, 0.091239316258],
      [0.18477825703, 0.008904928188, 0.033454776971, 0.71153704526, 0.059237709797, 0.0020872827565],
      [0.026449340008, 0.047294420337, 0.015090221691, 0.85341222501, 0.054697941636, 0.0030558513194],
      [0.042792767896, 0.19550733404, 0.52058039952, 0.1270434019, 0.10287105499, 0.011205041657],
      [0.040300051653, 0.2254514839, 0.10358374431, 0.34561152057, 0.21713296826, 0.067920231313]
    ],
    [
      [2.7870464239e-05, 0.37735820694, 0.022407002462, 0.031172056005, 0.019229337277, 0.54980552685],
      [0.098312957049, 0.018503528676, 0.030842045292, 0.70050323305, 0.13120143858, 0.020636797359],
      [0.0087552664876, 0.061299846977, 0.026387279196, 0.80303470406, 0.10052290328, 0],
      [0.021731855221, 0.18390886612, 0.37462794527, 0.13268620715, 0.18819093484, 0.098854191397],
      [0.010810414058, 0.10819753822, 0.042306556535, 0.16755821587, 0.26926402371, 0.40186325161]
    ],
    [
      [0.0006574525816, 0.46771650897, 0.084832336852, 0.044899303545, 0.040354451339, 0.36153994671],
      [0.27344855709, 0.0071698944001, 0.052453351566, 0.54479497756, 0.1094581393, 0.012675080084],
      [0.043834332903, 0.032321449491, 0.026177476335, 0.76112570763, 0.11772421079, 0.018816822856],
      [0.044870288804, 0.084848663516, 0.62345991823, 0.069611930828, 0.13594003168, 0.041269166941],
      [0.046266297596, 0.095660985868, 0.12775658799, 0.20680019524, 0.33642126734, 0.18709466597]
    ],
    [
      [0.00036532800328, 0.53219849554, 0.090532651005, 0.060597639688, 0.023302592918, 0.29300329284],
      [0.15608741728, 0.0080754653903, 0.050508215932, 0.71195901299, 0.062612502167, 0.010757386241],
      [0.021690730786, 0.031297997225, 0.020141639058, 0.85547898492, 0.057777787725, 0.013612860284],
      [0.026473712338, 0.098288084258, 0.66117664145, 0.093378412573, 0.084720046702, 0.035963102676],
      [0.030701621216, 0.12255984406, 0.15358896902, 0.31155059688, 0.20942105404, 0.17217791478]
    ],
    [
      [0.00082975355463, 0.54160392615, 0.073741820858, 0.12588675529, 0.035588415367, 0.22234932879],
      [0.15716917127, 0.0032310942562, 0.022770410392, 0.76261815693, 0.04967916435, 0.0045320028018],
      [0.02204653453, 0.015055209961, 0.010325924426, 0.90163954124, 0.045231534495, 0.0057012553456],
      [0.050988064389, 0.093944713059, 0.51677578454, 0.18873453949, 0.12274339442, 0.0268135041],
      [0.042414780965, 0.089273090155, 0.08859619725, 0.45882582889, 0.22734149268, 0.09354861006]
    ],
    [
      [0.00063398173531, 0.49111851965, 0.10167638912, 0.052644771138, 0.03422538527, 0.31970095309],
      [0.26386326718, 0.0057606604008, 0.054681240105, 0.57889638274, 0.085786956002, 0.011011493564],
      [0.041656296424, 0.029552108434, 0.025999721215, 0.79654883627, 0.090414285014, 0.015828752642],
      [0.042249701601, 0.07725381229, 0.66486664111, 0.070480802406, 0.11013575817, 0.035013284416],
      [0.049891904821, 0.10181913207, 0.15520209057, 0.2450399465, 0.27929729226, 0.16874963379]
    ],
    [
      [0.00022984772301, 0.76764285317, 0.038052440977, 0.089377405616, 0.015413551761, 0.089283900752],
      [0.10561620845, 0.0086941184244, 0.01587034092, 0.83587828229, 0.031903087385, 0.0020379625303],
      [0.011597508861, 0.030670594761, 0.0047431345389, 0.92564130202, 0.025484848, 0.0018626118223],
      [0.035149967294, 0.20122686813, 0.44238720442, 0.21904797094, 0.085926856442, 0.016261132773],
      [0.029073468529, 0.17852771143, 0.070601641177, 0.50798478812, 0.15651555789, 0.057296832854]
    ],
    [
      [0.00046486836306, 0.44829569786, 0.078386071144, 0.074188225624, 0.026862394134, 0.37180274288],
      [0.24374418283, 0.0033072727208, 0.035423654947, 0.65390089124, 0.055248709567, 0.0083752886999],
      [0.035758105905, 0.0204176611, 0.016522554829, 0.85902086878, 0.055658176227, 0.012622633154],
      [0.053762644453, 0.082457557168, 0.59369271595, 0.12574637542, 0.1012720153, 0.043068691704],
      [0.056143671411, 0.091303384368, 0.11648687753, 0.33199620358, 0.21111290034, 0.19295696278]
    ],
    [
      [0.0010626103583, 0.862083738, 0.022859917179, 0.054928477123, 0.0080070626893, 0.051058194652],
      [0.17610433114, 0, 0.016132313789, 0.78221073455, 0.025552620527, 0],
      [0.029201307437, 0.033172025627, 0.013401054095, 0.90205377302, 0.022171839819, 0],
      [0.056698418827, 0.31984700677, 0.35998545261, 0.1972201077, 0.063499621062, 0.0027493930275],
      [0.043059727868, 0.30581467692, 0.058001850217, 0.42468348834, 0.11970278215, 0.048737474508]
    ],
    [
      [0.00038574537058, 0.56381289451, 0.040285181931, 0.073686313909, 0.022234827851, 0.29959503642],
      [0.13813278913, 0.008359929202, 0.018982278712, 0.77180863705, 0.054181535567, 0.0085348303427],
      [0.018462168628, 0.02948015393, 0.0058599084519, 0.88754015979, 0.048618380535, 0.01003922866],
      [0.040575057941, 0.15732691273, 0.44953883656, 0.17747465875, 0.12144118706, 0.05364334696],
      [0.031012232973, 0.13147502123, 0.069885796227, 0.38520100244, 0.2036365486, 0.17878939853]
    ],
    [
      [0.089329973689, 0.55762363587, 0.059731211762, 0.21369107161, 0.079624107075, 0],
      [0.076083552053, 0.0017286425272, 0.010411674281, 0.84071034015, 0.071065790987, 0],
      [0.0042986945153, 0, 0.003480230192, 0.93003107218, 0.062190003117, 0],
      [0.047317052731, 0.062208827718, 0.38226962269, 0.27163984979, 0.23656464707, 0],
      [0.020631317359, 0.04971234013, 0.04493127179, 0.51029446521, 0.35316986079, 0.021260744716]
    ],
    [
      [0.00054673169773, 0.41538305653, 0.10457158125, 0.075995968161, 0.042072024966, 0.3614306374],
      [0.17789999191, 0.0041640647469, 0.039251592586, 0.68548641387, 0.085032553164, 0.0081653837256],
      [0.035569915628, 0.017271965284, 0.0087315123129, 0.83129902659, 0.08463918088, 0.022488399307],
      [0.032280835832, 0.054039314179, 0.68266058321, 0.083959279889, 0.12073255726, 0.02632742963],
      [0.034195708141, 0.067414199622, 0.13722661921, 0.31000736092, 0.32411226464, 0.12704384747]
    ],
    [
      [0.001215877217, 0.46206103353, 0.11800858345, 0.15688332287, 0.055259913371, 0.20657126956],
      [0.1467349254, 0, 0.03107498795, 0.75802880263, 0.061216291274, 0.0029449927489],
      [0.022092897336, 0.0002663023318, 0.017618313014, 0.90038023573, 0.055997797615, 0.0036444539702],
      [0.046550234933, 0.036301472992, 0.59287504899, 0.17207738393, 0.13565720261, 0.016538656541],
      [0.039759693585, 0.058443138076, 0.11032643547, 0.44687845519, 0.27754006707, 0.067052210614]
    ],
    [
      [0.00056593436489, 0.60286076153, 0.091387040929, 0.076263967841, 0.030849468571, 0.19807282676],
      [0.16594027594, 0.0071311106516, 0.040677837373, 0.7138111872, 0.066478428367, 0.0059611604747],
      [0.023598264931, 0.028566148622, 0.016112539359, 0.86239012808, 0.061739203536, 0.0075937154744],
      [0.033969555946, 0.10394867671, 0.62288668963, 0.11225510616, 0.10396420292, 0.022975768631],
      [0.036394627258, 0.12450633688, 0.13846335562, 0.34851970624, 0.24742966065, 0.10468631336]
    ],
    [
      [0.00059826039607, 0.62759611817, 0.096038811421, 0.096453805081, 0.038111612682, 0.14120139225],
      [0.15223821789, 0.0059925448216, 0.036334131968, 0.73702389278, 0.066993375184, 0.0014178373577],
      [0.021215553666, 0.02391009644, 0.015297768753, 0.87651052642, 0.061209403952, 0.0018566507679],
      [0.034766342114, 0.099726571462, 0.60374919683, 0.13337324454, 0.11749501934, 0.010889625709],
      [0.035995408899, 0.11431529308, 0.12781402276, 0.38671858869, 0.26922748538, 0.065929201193]
    ],
    [
      [0.000551508678, 0.62915006352, 0.079659118445, 0.096941376802, 0.021354767578, 0.17234316498],
      [0.1451412303, 0.0068742441775, 0.030931937789, 0.77478341562, 0.038210079221, 0.004059092896],
      [0.019858162176, 0.025236539374, 0.012418916889, 0.90391300591, 0.033584135564, 0.0049892400871],
      [0.037378849759, 0.11859646125, 0.58993993512, 0.15692771063, 0.076189116807, 0.020967926431],
      [0.037495659547, 0.13048200812, 0.12112788264, 0.44449524647, 0.17476354801, 0.091635655209]
    ],
    [
      [0.00059283367996, 0.64999483163, 0.078515945123, 0.069354579287, 0.021513513871, 0.18002829641],
      [0.21615096349, 0.0085979654236, 0.03686024463, 0.68398462581, 0.048604163606, 0.0058020370426],
      [0.031399761096, 0.034481810923, 0.015279251973, 0.86398731738, 0.047086081632, 0.0077657769917],
      [0.046239060114, 0.12728627196, 0.60548775473, 0.11607655724, 0.08125825565, 0.023652100301],
      [0.051015106042, 0.151593452, 0.13468981477, 0.35883506449, 0.19612416369, 0.107742399]
    ],
    [
      [0.00040280894672, 0.69769919142, 0.050264334456, 0.099926294372, 0.018683193526, 0.13302417728],
      [0.12518492229, 0.007205590797, 0.020844738237, 0.81063683794, 0.03350583463, 0.0026220761137],
      [0.015594128973, 0.026992732341, 0.0093009268427, 0.9171950482, 0.028038482508, 0.0028786811319],
      [0.03996015436, 0.16854866001, 0.47729433443, 0.20850141658, 0.085460711486, 0.020234723127],
      [0.034312946826, 0.15573739888, 0.081780652919, 0.48966709258, 0.16238379771, 0.076118111085]
    ],
    [
      [0.00073287370379, 0.69038943607, 0.069913754906, 0.10291885451, 0.029158001526, 0.10688707928],
      [0.15697041922, 0.0077139762674, 0.025615559955, 0.75986174585, 0.049838298706, 0],
      [0.020260066468, 0.027097937818, 0.011182283527, 0.89590573606, 0.045553976129, 0],
      [0.047949763679, 0.13523990608, 0.53206669723, 0.17011578125, 0.10976917894, 0.0048586728273],
      [0.041675772931, 0.13528960189, 0.10040497498, 0.44694844634, 0.22182129698, 0.053859906884]
    ],
    [
      [0.00047075329722, 0.55799116156, 0.074673799734, 0.07586431557, 0.030228527556, 0.26077144228],
      [0.15107035337, 0.0068955766239, 0.034110006802, 0.73278830432, 0.066952435335, 0.0081833235552],
      [0.020920183732, 0.026729358274, 0.013111241032, 0.86805552239, 0.060917299483, 0.010266395092],
      [0.033755275053, 0.1094547362, 0.57946677316, 0.1275187088, 0.1153830187, 0.034421488086],
      [0.032560700459, 0.11633925602, 0.11454652226, 0.3512404413, 0.24645144481, 0.13886163515]
    ],
    [
      [0.0010742446535, 0.22292557843, 0.029735087122, 0.039359214774, 0.036977926316, 0.66992794871],
      [0.15111988693, 0.011930236197, 0.035616360859, 0.68491405963, 0.11258860864, 0.003830847745],
      [0.025766982966, 0.021860129492, 0.016320301785, 0.79307504203, 0.12255186703, 0.020425676692],
      [0.031499075272, 0.071410442979, 0.40834942599, 0.11395797334, 0.26703013049, 0.10775295194],
      [0.017969584133, 0.046606646507, 0.047556147437, 0.1812430726, 0.38359319896, 0.32303135036]
    ],
    [
      [0, 0.87146833476, 0.010502268747, 0.094929154, 0.023100242497, 0],
      [0, 0.039536870691, 0.0053364924122, 0.92067045898, 0.034456177915, 0],
      [0, 0, 0, 0.95549150217, 0.044508497835, 0],
      [0, 0.335856207, 0.22238982882, 0.31468566489, 0.1270682993, 0],
      [0, 0.22675965187, 0.027338500684, 0.57336792833, 0.17253391912, 0]
    ],
    [
      [0.04975925586, 0.7987037649, 0.0847172918, 0.051139148382, 0.015680539057, 0],
      [0.14722029932, 0.011355552002, 0.045917826144, 0.75922151935, 0.036284803179, 0],
      [0.021662760957, 0.040721180139, 0.0082438804206, 0.89459221216, 0.034779966324, 0],
      [0.031378817681, 0.1281788963, 0.7099859915, 0.075787257901, 0.054669036622, 0],
      [0.03219682067, 0.1849750515, 0.19952020322, 0.38942672493, 0.15986503471, 0.034016164964]
    ],
    [
      [0.00069969209076, 0.27566602941, 0.021988453513, 0.064513323579, 0.016628034586, 0.62050446683],
      [0.1989434604, 0.0070943229806, 0.0094031154291, 0.7341565545, 0.045906111351, 0.0044964353399],
      [0.030812257703, 0.019622890423, 0.0015219122085, 0.89884045982, 0.044789624034, 0.0044128558099],
      [0.074816877636, 0.10497248555, 0.34906038787, 0.21732214615, 0.12675435346, 0.12707374933],
      [0.042095154081, 0.064369737941, 0.039385409659, 0.34935322686, 0.15794401921, 0.34685245225]
    ],
    [
      [4.8760352201e-05, 0.42890734955, 0.060732684751, 0.17294883481, 0.057438512495, 0.27992385805],
      [0.067896078008, 0.00057159425944, 0.013597887122, 0.84992541447, 0.063647563852, 0.0043614622927],
      [0, 0, 0.0041640644871, 0.92982575038, 0.056140747081, 0.0098694380553],
      [0.033576544878, 0.046756904239, 0.44269517727, 0.25402090913, 0.19452772556, 0.028422738924],
      [0.017922185451, 0.049207448805, 0.055884391573, 0.4976943332, 0.29881005184, 0.080481589131]
    ],
    [
      [0.00070357196293, 0.64655566766, 0.050737750672, 0.034047950726, 0.0351533171, 0.23280174188],
      [0.182505523, 0.014449225721, 0.045989839365, 0.60004168385, 0.14384596607, 0.013167761999],
      [0.028256959967, 0.057705545058, 0.024942276221, 0.74287575858, 0.12862477185, 0.017594688319],
      [0.033822904045, 0.16402882359, 0.52302828804, 0.08157965548, 0.15604187516, 0.041498453689],
      [0.025807836882, 0.16106131027, 0.093009035975, 0.18958685565, 0.38081171739, 0.14972324383]
    ],
    [
      [0.00082718401534, 0.43476160672, 0.084459657409, 0.060323803677, 0.044757981869, 0.37486976631],
      [0.19279785002, 0.0050783922706, 0.045911536633, 0.63516467823, 0.10952486839, 0.011522674458],
      [0.030000915013, 0.022715873506, 0.026004789698, 0.80656069872, 0.10018651902, 0.014531204045],
      [0.037954739691, 0.07506140198, 0.60103306176, 0.09942470798, 0.14563959907, 0.040886489526],
      [0.033821380937, 0.081860616059, 0.11531571042, 0.24752432357, 0.34158293626, 0.17989503275]
    ],
    [
      [0.00077805939816, 0.64931661082, 0.075092711062, 0.10343048748, 0.026818558732, 0.1445635725],
      [0.17340884033, 0.0064546727237, 0.02608147478, 0.74743186575, 0.044561012635, 0.0020621337829],
      [0.025110867895, 0.024231468885, 0.010594969993, 0.89667652819, 0.04112275087, 0.0022634141652],
      [0.049392945981, 0.12051360871, 0.55231200175, 0.16463897597, 0.09681999978, 0.016322467815],
      [0.046347548272, 0.12547091249, 0.1070878811, 0.4458298761, 0.20337408589, 0.071889696136]
    ],
    [
      [0.0006406403712, 0.59083825682, 0.082032024263, 0.076953845741, 0.028167606317, 0.22136762649],
      [0.20757095259, 0.0067070617719, 0.035455535924, 0.68588214476, 0.058034599013, 0.0063497059428],
      [0.030002667521, 0.028129696334, 0.014997814632, 0.86227460233, 0.056136653667, 0.0084585655115],
      [0.046133418418, 0.10948102877, 0.59452709907, 0.12192602926, 0.10058957595, 0.027342848539],
      [0.048377931143, 0.12455984667, 0.12567341146, 0.35425265585, 0.22792766471, 0.11920849017]
    ],
    [
      [0.00035651511994, 0.58957498593, 0.066638857972, 0.049404283251, 0.020180056924, 0.27384530081],
      [0.17037516795, 0.010942017246, 0.045428768589, 0.69662201387, 0.065201388115, 0.011430644226],
      [0.024002959493, 0.042936603107, 0.019543712901, 0.83920632598, 0.060623988548, 0.013686409976],
      [0.030589035737, 0.13731244141, 0.6047967846, 0.097179144729, 0.09030972382, 0.039812869698],
      [0.031854571268, 0.15682509118, 0.1287141608, 0.28961091772, 0.20656363285, 0.18643162618]
    ],
    [
      [0, 0.66013845888, 0.067469152566, 0.068211907234, 0.017788367246, 0.18639211407],
      [0.13396837514, 0.0094978660623, 0.037119466241, 0.76598666746, 0.04661537317, 0.0068122519312],
      [0.016387641336, 0.036164749736, 0.01546508117, 0.88322706564, 0.040321960382, 0.0084335017375],
      [0.027138397294, 0.14739000151, 0.58973002489, 0.13116647396, 0.076641244094, 0.027933858252],
      [0.029906825124, 0.16800344931, 0.12452054106, 0.37815020734, 0.17815711788, 0.12126185929]
    ],
    [
      [0.0011892672608, 0.76253974173, 0.024152473351, 0.046627015027, 0.005688313828, 0.15980318881],
      [0.15257058104, 0.011187442791, 0.02109304879, 0.7777471521, 0.027798538193, 0.009603237084],
      [0.0241742994, 0.031256558776, 0.020138163425, 0.89138209033, 0.019542000024, 0.013506888048],
      [0.043841428682, 0.2987259754, 0.37852797165, 0.1777731967, 0.052629641304, 0.048501786267],
      [0.031625838923, 0.29188377307, 0.05997996711, 0.35828894, 0.10194170785, 0.15627977305]
    ]
  ],
  "expected_outcome": [
    [
      [0.020177328516, 0.0047385380589, 0.0057563832022, 0.010354536935, 0.0007619146329, 0.0019394383807, 0.038626318276, 0.0015557723812, 0.0022001055385, 0.027297772151, 0.011460567633, 0.0021951432289, 0.0081677686856, 0.00042997591722, 0.0093202340075, 0.0014172251205, 0.0054507852997, 0.0092392914593, 0.0094406865007, 0.0076864596986, 0.0088296857831, 0.19066394224, 0.0050309984987, 0.0041408192829, 0.024852302042, 0.012653609087, 0.00022296371391, 0.0052596206528, 0.0047492640427, 0.028211620857, 0.008241762559, 0.00091939089206, 0.01208657744, 0.014876545017, 0.0061719259294, 0.089329973689, 0, 0.020669912688, 0.015280227852, 0.016153030694, 0.017096769018, 0.013042340959, 0.013695504188, 0.020520463706, 0.0065905461611, 0.0042969786139, 0, 0.19903702344, 0.0027987683631, 0.0001462810566, 0.0049250037405, 0.026469888491, 0.011670890972, 0.19027019025, 0.032799391035, 0, 0.047570690431],
      [27.2164860172, 10.2655988012, 5.0682275407, 28.2068911561, 11.132486993, 2.1781170153, 0.79056949196, 1.4933481663, 1.1494394931, 18.147659413, 9.717500033, 4.7269802956, 7.2195130185, 0.61458859217, 4.9186390176, 1.8624052537, 3.3812937518, 12.6563298552, 12.5333653011, 2.8094760034, 5.3769260364, 0, 3.5916807153, 13.3447177623, 25.4517900202, 17.2626448786, 3.0188656555, 3.7417320718, 6.918580442, 18.414533489, 6.3845407554, 3.0705714127, 11.6556881443, 12.069172332, 9.0210063122, 0.55762363587, 0, 7.85503757, 16.2772405614, 16.9450951905, 19.5036519692, 14.2998862958, 23.7217725083, 19.33090421, 7.8118762618, 0.8917023137, 6.1002783433, 3.1948150596, 1.1026641176, 1.2867220486, 4.5258896736, 13.9123714151, 9.7397491623, 175.4789622763, 54.2408987051, 99.0207688319, 30.5015896691],
      [2.0028653454, 1.2620746412, 0.38766247987, 1.1332319144, 0.57632248649, 0.15360642737, 0.047037194653, 0.13979056445, 0.11226365413, 2.4929448075, 1.2370038518, 0.72330885145, 1.0009036768, 0.050055366717, 0.75950965178, 0.41417094291, 1.0668114978, 0.93521195618, 2.2012680572, 1.0332338022, 0.87141651714, 0.069970330824, 0.26078690467, 1.0098039496, 3.1114380071, 1.0898067285, 0.1792560197, 0.67865869482, 1.1769244631, 2.5072219092, 1.3217930585, 0.15220976391, 2.0380378497, 0.3200388405, 0.64456291089, 0.059731211762, 0, 2.0061459187, 2.4674501051, 2.5930479084, 2.4694326718, 1.7273507927, 1.7089873715, 1.9575851374, 1.0454331963, 0.11894034849, 0.073515881229, 0.3388691672, 0.087953814053, 0.18219805425, 0.35516425471, 2.7027090371, 1.1263906659, 24.363511206, 6.1307749334, 10.1203728848, 0.96609893403],
      [3.4872329773, 1.5940087562, 0.63534640323, 2.0636035768, 1.1232740802, 0.081958681021, 0.10825746305, 0.18330052973, 0.2339213076, 4.2883382581, 1.5878547482, 0.70978631585, 1.3716985118, 0.082336853783, 0.66792328797, 0.1302723754, 0.2938311859, 1.1299827342, 1.1558227323, 0.9159412899, 1.0738717449, 0.091516937662, 0.49964247319, 1.1598623031, 3.6838911765, 1.1968838712, 0.24937644804, 0.35919442836, 0.78776931594, 4.2801496797, 0.6843820248, 0.35750962246, 1.9288938662, 0.76899867973, 1.1789810225, 0.21369107161, 0, 2.6670164887, 2.0591271317, 2.6042527372, 3.0051826808, 1.5258007443, 3.3974940087, 2.8817279262, 1.062100418, 0.1574368591, 0.664504078, 0.20455659353, 0.25805329431, 0.51884650443, 0.23833565508, 1.9303617176, 1.5514573122, 22.855292185, 4.5451940591, 10.2317860851, 1.8650806011],
      [0.75543251368, 0.34513971154, 0.29367538404, 0.31573422898, 0.15824939992, 0.059762700523, 0.015509532065, 0.18200496718, 0.096998048691, 1.1949086752, 0.43688637856, 0.377090189, 0.40658931083, 0.083088597025, 0.41358130963, 0.099390753088, 0.21354790972, 0.39499153571, 0.57414983226, 0.56898553294, 0.36727404718, 0.21660774212, 0.10453302274, 0.39817895053, 1.1279398229, 0.43074595492, 0.15383469822, 0.32283561071, 0.30293370794, 1.2100061225, 0.44493000851, 0.061654207042, 0.69842224749, 0.11209887765, 0.35575724562, 0.079624107075, 0, 0.9394185273, 0.83293565141, 1.0290135424, 0.6619977949, 0.47329730516, 0.63522857989, 0.81642404273, 0.42319938579, 0.14791170526, 0.16170169748, 0.062722156229, 0.066512138343, 0.17231553748, 0.2460732197, 1.4322554198, 0.40227838098, 8.3657790761, 1.856565237, 2.668255087, 0.22753255312],
      [7.517805818, 6.5284395518, 1.609331809, 4.2701845868, 2.0089051257, 0.5246157374, 0, 0, 0.4051773909, 5.8488510741, 4.0092944208, 4.4606392048, 1.9931277135, 0.16950061439, 2.2310264991, 3.4923434498, 2.0390648695, 3.8742446273, 4.5259533907, 1.6646769119, 2.3016819686, 0.43124104715, 0.53832588558, 5.0832962151, 8.6000886712, 2.0072649577, 4.3984442148, 2.8923195737, 3.809042807, 7.5598771788, 4.1561123902, 0.35713560301, 9.6668713148, 0.71481472512, 4.7935205828, 0, 0, 3.5117115826, 5.3479663226, 3.8124375909, 5.3426381143, 3.9606225211, 4.5228220275, 2.99283822, 3.650800192, 2.6797117948, 0, 0, 2.4820178673, 0.83977157414, 1.6296121932, 11.9958325218, 2.1684535876, 65.7461850663, 25.1937676743, 27.9588171111, 6.3921275522]
    ],
    [
      [35.2459859066, 30.2548614204, 16.1071654888, 21.5748171293, 2.2829952148, 3.2103421622, 1.8769212907, 15.1048202425, 9.9706144998, 52.0204160438, 50.6715362108, 9.7802197809, 11.0212321238, 1.2535066457, 4.0856970728, 2.8008250105, 4.389648975, 17.0970368006, 17.0223408044, 0.86927889254, 15.471430497, 1.8714988519, 4.0306919467, 11.6132601729, 24.7301588296, 17.3691561608, 1.6713202698, 11.2113908407, 9.3652450365, 24.8327290614, 14.7763429623, 3.3797186704, 39.730301801, 15.3210768089, 15.8852707495, 0.30433420821, 0.71159996762, 7.4834811952, 22.5678775275, 34.1013608073, 23.6580205388, 28.3157762168, 49.3228593807, 20.4061544989, 15.5602463967, 7.8582341203, 0, 0.29444059865, 9.3503426388, 0.54316862406, 4.5626380749, 15.2310301517, 23.4101934447, 479.4889004728, 27.6007772082, 35.5016194113, 5.3399703364],
      [1.7660379858, 1.7598196548, 0.75196001097, 0.51809798799, 0.1850089447, 0.24422149315, 0.17929687019, 0.73105047792, 0.2114049193, 0.89140562067, 1.6230857286, 0.4865234164, 0.3504068253, 0.13705860984, 0.14452137177, 0.16045253868, 0.11227814418, 0.8835062062, 0.88682396683, 0.0093559234158, 0.21608376436, 0, 0.10840596717, 0.79961455024, 1.047196351, 0.83706324967, 0.3145599875, 0.2939656704, 0.48452792342, 0.51051289249, 0.32259698245, 0.27821178958, 0.53908545348, 0, 0.96139185823, 0.006914570109, 0.016656258988, 0, 0.96983104861, 1.34233004, 1.1205018009, 1.1263334705, 2.839002774, 1.0028169148, 0.71024439226, 0.62037228225, 0.079073741382, 0.022711104003, 0.33343318009, 0.0045727540755, 0.36123064303, 0.40119298938, 0.87138081771, 15.493312693, 1.7726067938, 2.5169345065, 0.39156049768],
      [5.3902342141, 7.51963332, 1.7193055226, 4.7380831419, 0.49655723421, 0.98822197958, 0.21087717574, 2.0661585607, 0.66633039998, 7.6142424809, 7.994775017, 3.0324944093, 2.0676060017, 0.30667584857, 0.88306528147, 1.2844774488, 1.5749786423, 2.9600227153, 5.6630528377, 0.22493254068, 2.4036553322, 0.57083155843, 0.27970738386, 2.7173102261, 4.7064232851, 3.1447490353, 0.52431476997, 2.1505874142, 3.0304929559, 3.5977248419, 3.0621494459, 0.50785090944, 5.7740557563, 1.4035112996, 2.1829620518, 0.041646697126, 0.15700637035, 1.5848243855, 5.5321858828, 8.1388455609, 5.0419058595, 4.8286920466, 8.2128268653, 3.3300227942, 3.5133307006, 1.8520507647, 0.010672984824, 0.091835652288, 0.44194642517, 0.10878309697, 1.1497459841, 3.627011394, 3.5209990953, 81.9022879839, 7.3594605115, 9.836658554, 0.73825670765],
