{
  "X": [
    [7, 1, 9, 6, 4, 5, 15, 6, 37, 10],
    [4, 2, 8, 5, 4, 10, 16, 3, 42, 6],
    [8, 5, 6, 10, 3, 8, 11, 5, 36, 8],
    [1, 2, 7, 12, 7, 4, 9, 7, 40, 11],
    [4, 2, 8, 9, 2, 3, 17, 6, 42, 7],
    [9, 6, 5, 6, 6, 8, 11, 6, 34, 9],
    [2, 5, 3, 7, 11, 13, 16, 9, 26, 8],
    [4, 1, 7, 8, 2, 10, 16, 9, 33, 10],
    [5, 3, 13, 10, 3, 9, 11, 7, 26, 13],
    [8, 1, 10, 7, 7, 15, 16, 3, 15, 18],
    [6, 3, 14, 5, 9, 16, 9, 2, 18, 18],
    [6, 3, 10, 4, 5, 24, 9, 4, 17, 18],
    [5, 0, 12, 5, 5, 20, 10, 4, 19, 20],
    [7, 3, 12, 14, 5, 20, 6, 5, 10, 18],
    [7, 1, 10, 13, 5, 15, 10, 3, 15, 21],
    [13, 2, 8, 12, 4, 12, 11, 4, 20, 14],
    [16, 3, 9, 11, 2, 15, 13, 7, 11, 13],
    [26, 4, 3, 5, 8, 5, 21, 7, 10, 11],
    [26, 11, 2, 10, 2, 6, 25, 4, 7, 7],
    [20, 7, 5, 8, 6, 13, 18, 4, 10, 9],
    [30, 10, 1, 12, 3, 11, 10, 5, 8, 10],
    [19, 7, 0, 8, 2, 11, 20, 5, 11, 17],
    [29, 6, 3, 4, 6, 7, 17, 9, 10, 9],
    [31, 12, 2, 3, 1, 5, 20, 5, 10, 11],
    [25, 10, 1, 6, 7, 6, 19, 6, 12, 8],
    [7, 4, 6, 16, 8, 14, 9, 8, 12, 16],
    [10, 7, 9, 15, 8, 5, 10, 6, 10, 20],
    [10, 10, 4, 19, 5, 9, 8, 4, 15, 16],
    [6, 9, 5, 19, 8, 14, 8, 6, 10, 15],
    [7, 8, 6, 24, 11, 10, 3, 6, 14, 11],
    [9, 6, 3, 21, 7, 7, 11, 8, 6, 22],
    [7, 5, 11, 20, 8, 13, 11, 3, 9, 13],
    [7, 4, 7, 33, 8, 8, 6, 2, 8, 17],
    [12, 3, 7, 11, 6, 5, 10, 4, 25, 17],
    [10, 4, 7, 5, 6, 6, 15, 2, 24, 21],
    [11, 2, 4, 7, 8, 4, 6, 5, 35, 18],
    [20, 0, 3, 6, 2, 6, 7, 6, 26, 24],
    [22, 1, 4, 7, 3, 4, 9, 5, 27, 18],
    [21, 2, 3, 3, 4, 3, 8, 6, 32, 18],
    [12, 0, 2, 6, 1, 5, 12, 9, 33, 20],
    [12, 2, 8, 3, 4, 1, 10, 6, 36, 18],
    [13, 2, 5, 10, 8, 4, 8, 13, 19, 18],
    [6, 3, 8, 10, 14, 12, 11, 11, 4, 21],
    [8, 3, 7, 12, 13, 9, 16, 13, 11, 8],
    [2, 1, 5, 15, 12, 10, 10, 20, 13, 12],
    [7, 7, 3, 7, 17, 12, 6, 18, 14, 9],
    [5, 3, 11, 13, 17, 7, 12, 15, 6, 11],
    [7, 2, 8, 12, 19, 6, 13, 12, 8, 13],
    [8, 3, 7, 10, 18, 12, 10, 16, 9, 7],
    [8, 4, 8, 9, 18, 5, 5, 12, 14, 17]
  ],
  "W": [
    [57, 14, 6, 6, 7, 10],
    [58, 7, 9, 3, 13, 10],
    [61, 5, 9, 7, 11, 7],
    [70, 5, 4, 10, 5, 6],
    [66, 5, 7, 6, 6, 10],
    [58, 8, 10, 8, 6, 10],
    [59, 10, 5, 5, 8, 13],
    [59, 8, 6, 7, 10, 10],
    [18, 44, 11, 9, 8, 10],
    [10, 53, 14, 7, 7, 9],
    [6, 60, 9, 5, 8, 12],
    [7, 62, 9, 4, 8, 10],
    [7, 66, 4, 4, 11, 8],
    [2, 56, 8, 16, 11, 7],
    [6, 61, 10, 9, 5, 9],
    [8, 51, 8, 13, 9, 11],
    [9, 47, 28, 0, 7, 9],
    [11, 9, 58, 5, 7, 10],
    [6, 7, 65, 10, 7, 5],
    [7, 10, 53, 6, 12, 12],
    [4, 10, 55, 12, 10, 9],
    [7, 9, 59, 12, 6, 7],
    [6, 5, 61, 9, 8, 11],
    [10, 10, 66, 4, 7, 3],
    [5, 10, 58, 7, 11, 9],
    [11, 7, 6, 63, 6, 7],
    [11, 10, 10, 54, 8, 7],
    [8, 7, 8, 61, 8, 8],
    [7, 6, 7, 64, 9, 7],
    [9, 7, 8, 55, 13, 8],
    [7, 11, 7, 60, 7, 8],
    [6, 12, 8, 52, 9, 13],
    [5, 7, 6, 71, 4, 7],
    [10, 11, 3, 20, 43, 13],
    [6, 11, 7, 9, 57, 10],
    [10, 7, 9, 9, 54, 11],
    [7, 6, 6, 5, 67, 9],
    [10, 11, 12, 5, 53, 9],
    [12, 7, 8, 10, 54, 9],
    [6, 5, 7, 11, 63, 8],
    [13, 3, 5, 10, 60, 9],
    [9, 9, 8, 8, 43, 23],
    [8, 7, 9, 12, 8, 56],
    [5, 8, 12, 8, 9, 58],
    [8, 5, 7, 13, 11, 56],
    [10, 7, 12, 10, 7, 54],
    [10, 13, 9, 9, 5, 54],
    [5, 11, 9, 8, 9, 58],
    [14, 9, 9, 11, 8, 49],
    [10, 5, 9, 11, 10, 55]
  ],
  "method": "mvn_pdf",
  "cond_prob": [
    [
      [0.0068337821773, 0.0071076091286, 0.077028109602, 0.041435688266, 0.021132702654, 0.028410886688, 0.17577117743, 0.048453150952, 0.5522877757, 0.041539117404],
      [0.051132366148, 0, 0.20415559205, 0.064014764218, 0.017786643581, 0.15605371177, 0.1012251377, 0.0095957324085, 0.1655791221, 0.23045693003],
      [0.5601170427, 0.044209526131, 0.00079260826026, 0.020952664844, 0.0081372026081, 0.029127380205, 0.24494133094, 0.027933124198, 0.013451093904, 0.050338026208],
      [0.082208597855, 0.045841647493, 0.082549571417, 0.27803117602, 0.060011534269, 0.073388953776, 0.067769170855, 0.041572583734, 0.03941943648, 0.2292073281],
      [0.26738405208, 0, 0.026685100067, 0.008757207081, 0.0044657292981, 0.0023196082734, 0.074877372016, 0.028557911024, 0.37511949293, 0.21183352724],
      [0.016897908194, 0.0054559237928, 0.10643706854, 0.088675557503, 0.21062704122, 0.056449223224, 0.11634863439, 0.24868905173, 0.025842944297, 0.12457664711]
    ],
    [
      [0.00015097504149, 0.015117968073, 0.079164233887, 0.040089242483, 0.021304681053, 0.076108406981, 0.15981093864, 0.015841008194, 0.57151709784, 0.020895447807],
      [0.014305352401, 0.00097015048377, 0.19570734661, 0.056253987571, 0.015624374363, 0.34107963142, 0.086654861609, 0.0034102530902, 0.16203398956, 0.12396005288],
      [0.26302399986, 0.092303786486, 0.0014978985218, 0.033624823602, 0.013146868999, 0.11431814228, 0.38404053067, 0.024280118305, 0.024393780324, 0.049370050948],
      [0.027080627648, 0.060658321947, 0.092731443451, 0.28894981389, 0.061616085291, 0.18507650112, 0.068256286583, 0.024265880762, 0.045534464207, 0.14583057511],
      [0.10668412466, 0.0013006710602, 0.038072750049, 0.011750413939, 0.0062135695405, 0.009159841633, 0.095269774431, 0.019387417084, 0.54202476808, 0.17013666952],
      [0.005575447846, 0.0086749030373, 0.12519018406, 0.095881778769, 0.22710113975, 0.149498425, 0.12247408245, 0.1513994624, 0.031530099751, 0.082674476944]
    ],
    [
      [0.0077956822714, 0.039079984131, 0.066914655977, 0.079986959958, 0.019411412039, 0.073963162214, 0.12534393716, 0.044628643562, 0.50407570947, 0.03879985322],
      [0.039629370467, 0.0017581912063, 0.14767038881, 0.11518606354, 0.015215842883, 0.28252170703, 0.065002247235, 0.007316220633, 0.13404304937, 0.19165691883],
      [0.45603176114, 0.17456792543, 0.0011724355408, 0.041437077859, 0.0077214607098, 0.058981305976, 0.17587703621, 0.025849731992, 0.011349294202, 0.047011970934],
      [0.049452439376, 0.12475528805, 0.04734203741, 0.39961081815, 0.040757696747, 0.10278707706, 0.034167718225, 0.027073130145, 0.024416365336, 0.1496374295],
      [0.25266651068, 0.0014885287273, 0.024840029737, 0.018793869915, 0.0046254033489, 0.0074650800478, 0.060092113423, 0.029610468005, 0.37796521263, 0.22245278349],
      [0.013790283669, 0.020936835816, 0.08066679036, 0.16684616115, 0.19059259868, 0.10616877086, 0.077989713736, 0.21331385608, 0.021498704484, 0.10819628516]
    ],
    [
      [0, 0.010633850498, 0.073760026737, 0.085952918188, 0.049743972576, 0.032589035361, 0.098227329926, 0.066958591299, 0.52616487881, 0.055969396608],
      [0, 0.010645028286, 0.16245396024, 0.12457188353, 0.038585328711, 0.14588058758, 0.053354828809, 0.010956110909, 0.1397000103, 0.31385226163],
      [0.21316550104, 0.11139175724, 0.0013072239385, 0.082875015755, 0.036024816286, 0.056385109293, 0.26677407423, 0.070064769064, 0.02404628242, 0.13796545073],
      [0, 0.053428835563, 0.050616746798, 0.41599952536, 0.10081742071, 0.051322587961, 0.026649915023, 0.039421209897, 0.026062407962, 0.23568135073],
      [0.029467599165, 0.035627202218, 0.027453867627, 0.021279258262, 0.012162470542, 0.0034510950799, 0.050573856732, 0.044921343611, 0.40237660278, 0.37268670398],
      [0, 0.007402321333, 0.062643770888, 0.12709078354, 0.35198490853, 0.038890465775, 0.045141338389, 0.22650669354, 0.016877701474, 0.12346201653]
    ],
    [
      [0.0061304438254, 0.014683326571, 0.076403999264, 0.062567086566, 0.0030679426957, 0.017968019743, 0.17456346804, 0.042975031341, 0.56785741254, 0.033783269413],
      [0.024068371035, 0.00087511664525, 0.21884210197, 0.10260155539, 0.011354104399, 0.13861462858, 0.11187543101, 0.0085412806173, 0.18777552786, 0.1954518825],
      [0.33746072378, 0.084341417713, 0.0012085124591, 0.04593233472, 0.0065508265052, 0.034991352801, 0.37335456932, 0.03654055992, 0.021217535599, 0.058402167178],
      [0.034672882514, 0.057415596561, 0.080225009818, 0.41074452762, 0.036467000618, 0.058512174164, 0.068192710392, 0.036266941072, 0.040674864251, 0.17682829299],
      [0.13641882474, 0.00073897647372, 0.032337975788, 0.015956728995, 0.0025234996939, 0.0022267981474, 0.09399039612, 0.030937766164, 0.48041704336, 0.20445199051],
      [0.0086273542353, 0.0087207500885, 0.11792880379, 0.1475830627, 0.14609464727, 0.051166425058, 0.13328533303, 0.24619293655, 0.030745893792, 0.1096547935]
    ],
    [
      [0.0065910302564, 0.043233074822, 0.051531098261, 0.044641097572, 0.036355714294, 0.066101293886, 0.13133673021, 0.051557824038, 0.52258626684, 0.046065869822],
      [0.061363232213, 0.0013105360661, 0.12323084905, 0.06505043794, 0.026910242789, 0.25969948229, 0.071649912512, 0.0090867360017, 0.14592228308, 0.23577628806],
      [0.53613236726, 0.17817624626, 0.00070648070701, 0.017424911751, 0.010536547876, 0.040313675554, 0.14201267396, 0.023163999104, 0.0090547948964, 0.042478302632],
      [0.080222453433, 0.18176625051, 0.041161371256, 0.23017540708, 0.074438684806, 0.099003205809, 0.039319941143, 0.034210166863, 0.027960245877, 0.19174227322],
      [0.32392825331, 0.00081961245817, 0.016539367954, 0.0089396452394, 0.0069927586197, 0.0056332800958, 0.053923563629, 0.028867251534, 0.33408165071, 0.22027461645],
      [0.018014156749, 0.024118723042, 0.05897575236, 0.082112259175, 0.29332551197, 0.085956701374, 0.075104269731, 0.22584274827, 0.020389843833, 0.1161600335]
    ],
    [
      [0, 0.045669223082, 0.028456619285, 0.06585104551, 0.059425859965, 0.104486947, 0.19761139325, 0.083909748883, 0.37243282905, 0.042156333971],
      [0.012660584854, 0.0013137008301, 0.075459301196, 0.073035011479, 0.054098067128, 0.42271178347, 0.089333778622, 0.013255404966, 0.090714953567, 0.16741741389],
      [0.17296269273, 0.25912143071, 0, 0.032115707827, 0.033588912935, 0.10415059082, 0.28596029409, 0.052369725277, 0.010540849124, 0.04918979649],
      [0.016407170893, 0.15442044959, 0.024429694646, 0.24828811384, 0.15740965267, 0.15466464153, 0.047828567003, 0.046706419901, 0.017659576397, 0.13218571353],
      [0.11562278304, 0.0018359425551, 0.016806583745, 0.018238919246, 0.021917603183, 0.013125213503, 0.11494213861, 0.069940595432, 0.35569370472, 0.27187651596],
      [0.00012019761881, 0.016152452918, 0.023835792849, 0.064346749064, 0.44788922595, 0.093005724788, 0.066085276744, 0.22014348284, 0.010212444997, 0.058208652235]
    ],
    [
      [0.0057208817777, 0.0059858838942, 0.072051857801, 0.061724391564, 0.0055900709096, 0.080502635877, 0.1828923298, 0.071497445325, 0.46967441563, 0.044360087417],
      [0.019461541714, 0, 0.152782931, 0.075979522519, 0.0098381746415, 0.31201689511, 0.090313378631, 0.011714382708, 0.12028173385, 0.20761143983],
      [0.30853799457, 0.057289282008, 0.0012769334325, 0.039316537828, 0.007078922124, 0.091532518277, 0.34814744211, 0.059748282556, 0.015483993505, 0.071588093586],
      [0.030947923369, 0.037331675839, 0.06266229168, 0.33228406615, 0.036908834313, 0.14528776434, 0.060961982629, 0.056895751077, 0.028583596808, 0.20813611379],
      [0.13723219425, 0, 0.029044484078, 0.015324867863, 0.002305102754, 0.0085922845921, 0.094808810021, 0.054668475616, 0.38516315976, 0.27286062107],
      [0.0066590267927, 0.0041775427316, 0.078993445865, 0.10352883489, 0.12675940187, 0.11020770164, 0.10231388813, 0.33844909551, 0.018233487058, 0.1106775755]
    ],
    [
      [0.00097612878726, 0.017984317533, 0.067821819927, 0.048851077912, 0.013570808531, 0.027231876015, 0.11527676414, 0.058712233419, 0.62271845018, 0.026856523562],
      [0.01495162238, 0.0072823952383, 0.22126283811, 0.094239893444, 0.013318769526, 0.15524838719, 0.084897813871, 0.013595420833, 0.21256641715, 0.18263644226],
      [0.29328674276, 0.13568767728, 0.00086716222198, 0.04679477745, 0.010451170879, 0.046827193211, 0.30771387478, 0.069437020935, 0.02654123254, 0.062393147941],
      [0.027232251457, 0.081888593584, 0.084212553746, 0.3612105676, 0.047947145358, 0.070483147222, 0.051124831708, 0.061749732486, 0.04765194356, 0.16649923328],
      [0.10076565022, 0.0018464078561, 0.031431187956, 0.014095749796, 0.0037401679338, 0.0021117496249, 0.065061538585, 0.048851872552, 0.55331573471, 0.17877994077],
      [0.0047188661935, 0.011152383875, 0.10247410928, 0.10957216273, 0.15932910559, 0.051255574815, 0.082404601851, 0.36346114787, 0.029079861444, 0.086552186345]
    ],
    [
      [0.0054960950153, 0.0091738102463, 0.06074119605, 0.044443404932, 0.044701256264, 0.055651804165, 0.22491991878, 0.035790345051, 0.47761468506, 0.041467484438],
      [0.028653048906, 0, 0.15428743902, 0.066081415857, 0.035517527465, 0.23095624917, 0.11127854504, 0.0088781697487, 0.13250638211, 0.23184122268],
      [0.35085783514, 0.042661398249, 0.0015393983618, 0.027918027237, 0.021493740742, 0.056926475015, 0.39091156307, 0.027353589817, 0.014483154046, 0.065854818322],
      [0.040895477193, 0.039280319364, 0.059807033136, 0.27230355698, 0.12197877885, 0.10444607526, 0.07808624662, 0.029974144705, 0.030488462085, 0.22273990581],
      [0.16497049185, 2.206301164e-05, 0.025233649452, 0.011153702647, 0.011128540943, 0.00595380908, 0.11244130657, 0.026458976191, 0.3751233672, 0.26751409305],
      [0.0081506647195, 0.0039872939361, 0.066501935151, 0.075355301285, 0.3819883192, 0.070336767971, 0.11628701886, 0.15484127212, 0.017663103974, 0.10488832278]
    ],
    [
      [0.0040457567192, 0.028650757, 0.073884204932, 0.032660800482, 0.049532587106, 0.051603852455, 0.1224556654, 0.024186642291, 0.57661912932, 0.036360604295],
      [0.025103925312, 0.0044636960419, 0.19788439621, 0.046043434954, 0.035586321197, 0.22907148442, 0.074543522683, 0.00083419152778, 0.16881397873, 0.21765504892],
      [0.33875629016, 0.19306436707, 0.00089013114692, 0.023362008689, 0.02729337861, 0.061508728726, 0.24684732803, 0.021140139438, 0.019994170599, 0.067143457533],
      [0.035788480893, 0.12729016403, 0.076070009885, 0.21150543583, 0.14235083818, 0.10085292852, 0.045288455192, 0.021283503238, 0.038031969579, 0.20153821466],
      [0.14481848652, 0.0015801665554, 0.031732405216, 0.0078356614575, 0.012071743386, 0.0059935977931, 0.06448564236, 0.018424020409, 0.47136505781, 0.24169321849],
      [0.0069327527419, 0.014466853271, 0.086784210537, 0.059246545906, 0.45947138834, 0.070024653034, 0.069058439958, 0.11339647668, 0.022534887885, 0.098083791648]
    ],
    [
      [0.004441404954, 0.033289728163, 0.055649021111, 0.031127702009, 0.028153453794, 0.085295602867, 0.13174105377, 0.043611721857, 0.54752000149, 0.039170309988],
      [0.024876167464, 0.0032832458299, 0.13674144483, 0.034547072425, 0.025899809308, 0.33271098288, 0.071549923927, 0.011715270874, 0.14706443743, 0.21161164504],
      [0.32719806769, 0.19968711556, 0.0011065579723, 0.019224848932, 0.014464022064, 0.089222919492, 0.23394347308, 0.034183619084, 0.017120037374, 0.063849338755],
      [0.037752139084, 0.14366808986, 0.054960795974, 0.19745071293, 0.075439659248, 0.16340494245, 0.046734155748, 0.036627246815, 0.035001761316, 0.20896049658],
      [0.1561254588, 0.0015745553721, 0.023780309885, 0.0068144170983, 0.0076628574681, 0.007340192942, 0.067969733089, 0.033138311954, 0.43976265061, 0.25583151278],
      [0.0081792946625, 0.017895781898, 0.071244258834, 0.062284576669, 0.27038999511, 0.12595022528, 0.08055315947, 0.22491030981, 0.023717628266, 0.11487477]
    ],
    [
      [0.0084312505642, 0, 0.062161077534, 0.034964663735, 0.031503612521, 0.065433292063, 0.15586068424, 0.050412451424, 0.55127560568, 0.039957362241],
      [0.021700365822, 0, 0.15761287385, 0.046276068307, 0.029139937337, 0.27061832654, 0.087429819988, 0.013281179089, 0.15107079697, 0.2228706321],
      [0.39985165923, 0, 0.00081960301126, 0.026726266894, 0.018623725218, 0.081660674823, 0.32846300829, 0.046216632606, 0.020008964374, 0.077629465555],
      [0.060203403058, 0, 0.068980631386, 0.24566833876, 0.095264633409, 0.13899895727, 0.061609715954, 0.047391383076, 0.039367044617, 0.24251589247],
      [0.14498208026, 0, 0.025831176676, 0.0078336305392, 0.0084272018363, 0.0064038681275, 0.078425874681, 0.037534988269, 0.4324094365, 0.25815174311],
      [0.0092167462204, 0, 0.074884862758, 0.065659810886, 0.28849827418, 0.091009540798, 0.089453946582, 0.24790476081, 0.022048790348, 0.11132326743]
    ],
    [
      [0.0052098922739, 0.027798381072, 0.083622651957, 0.091017451046, 0.038307321631, 0.086433610026, 0.11947350839, 0.082991743304, 0.42236913834, 0.042776301957],
      [0.026289854661, 0.0064254432681, 0.17836654302, 0.10777932217, 0.030701148075, 0.29742371558, 0.049083672465, 0.014304531485, 0.090055044335, 0.19957072493],
      [0.36378142773, 0.14753247241, 0.0012416896925, 0.053763946512, 0.018347476624, 0.083892964549, 0.19565871746, 0.059846096536, 0.01104185543, 0.06489335306],
      [0.031756410691, 0.081575724307, 0.058243638467, 0.39048307976, 0.072988042041, 0.1123552509, 0.027854935973, 0.04864736745, 0.016659341996, 0.15943620842],
      [0.18651178032, 0.0021601019977, 0.035368068295, 0.022045394457, 0.010603981908, 0.0085842021242, 0.059798272788, 0.062054269864, 0.33426997933, 0.27860394892],
      [0.0067663968667, 0.010763703521, 0.073335400386, 0.12314040983, 0.25326982542, 0.086878679031, 0.049091087036, 0.29903416146, 0.011475021799, 0.086245314647]
    ],
    [
      [0.0049541714409, 0.0099380334415, 0.055868910329, 0.078869185031, 0.028551864108, 0.051291079994, 0.14367422584, 0.035600870973, 0.54520550496, 0.046046153881],
      [0.028379588593, 0, 0.13920826536, 0.11007090144, 0.026725160603, 0.2077746569, 0.079382253026, 0.0085510046869, 0.14828304602, 0.25162512338],
      [0.40279263436, 0.057833500504, 0.00084674925467, 0.054652416437, 0.015999652672, 0.058546188238, 0.27872428324, 0.030374916475, 0.018212585367, 0.082017073452],
      [0.035826711935, 0.034926802917, 0.047298355829, 0.42138012029, 0.06567608239, 0.082502944155, 0.043565870221, 0.025729255416, 0.029583525536, 0.21351033131],
      [0.16163962036, 0.00030529886172, 0.021978388361, 0.018309686692, 0.0070696600993, 0.00491089157, 0.068821820172, 0.025070108632, 0.40609697526, 0.28579754999],
      [0.0089505793737, 0.0051298970829, 0.06989307935, 0.15355180241, 0.26800271665, 0.073939623528, 0.085799160565, 0.17823560907, 0.02273763372, 0.13375989825]
    ],
    [
      [0.0074854068583, 0.016216405841, 0.039564926176, 0.053422277201, 0.01664047194, 0.037410434603, 0.15457635945, 0.033453025534, 0.61470940931, 0.026521283086],
      [0.055635908705, 0.0064794760241, 0.12290360576, 0.10014341841, 0.017149165283, 0.18954753583, 0.10953454819, 0.010815009563, 0.20706744423, 0.18072388801],
      [0.64691908545, 0.057606388542, 0.00074188625399, 0.023278149395, 0.0055911563465, 0.026073475194, 0.18102419395, 0.017496000779, 0.012555197137, 0.028714466943],
      [0.11080635433, 0.071845596039, 0.043160296927, 0.35843765072, 0.049139724634, 0.077175605846, 0.061167213829, 0.031261232941, 0.04268439433, 0.1543219304],
      [0.35907873252, 0.0014851927307, 0.013571586697, 0.011542728838, 0.0034814110882, 0.0032185844383, 0.063669858468, 0.020291978894, 0.38789580664, 0.13576411969],
      [0.023194683507, 0.011964080421, 0.066021224214, 0.1377734754, 0.20703549311, 0.072086750746, 0.12370282812, 0.22289258759, 0.034134918806, 0.10119395808]
    ],
    [
      [0.0071012293362, 0.020086798181, 0.067921950909, 0.11594567486, 0.017785352848, 0.067051380845, 0.16006973274, 0.095891612199, 0.41090523129, 0.037241036793],
      [0.036991038974, 0.00460887821, 0.15950157364, 0.14412568714, 0.010705602217, 0.25605444208, 0.083205446642, 0.013226729435, 0.10141868862, 0.19016191305],
      [0.44153805916, 0.089918253895, 0.0043067457633, 0.051667379356, 0.0056300875797, 0.058954153587, 0.23023549137, 0.058640139515, 0.0088061010365, 0.050303588739],
      [0.042388203303, 0.053012239657, 0.044006176739, 0.50518253142, 0.032847186855, 0.08304722413, 0.037536145935, 0.053715234612, 0.017543441785, 0.13072161557],
      [0.24936150277, 0.0013144638155, 0.027379388914, 0.025908859914, 0.0040162041272, 0.0074313184181, 0.078083783302, 0.068156071632, 0.31068756669, 0.22766084041],
      [0.0098793253797, 0.0084099094162, 0.064431541896, 0.17272588771, 0.12789029323, 0.073249251699, 0.072837352399, 0.37736697766, 0.012643417507, 0.08056604311]
    ],
    [
      [0.0063919979026, 0.012146888918, 0.054089819339, 0.047836503505, 0.070060772703, 0.040805803608, 0.17302930496, 0.07044807636, 0.47914341237, 0.046047420339],
      [0.035054418748, 0, 0.14135808436, 0.072542758959, 0.059346007797, 0.17837558113, 0.097786402786, 0.013873098549, 0.13498576001, 0.26667788766],
      [0.4127925183, 0.061896986623, 0.0054979604185, 0.031788541865, 0.018899769564, 0.037882363183, 0.28807238948, 0.056287535389, 0.014214597234, 0.072667337937],
      [0.046361232997, 0.04879578637, 0.046898292561, 0.26097437875, 0.17605828899, 0.068942994579, 0.054433323318, 0.052155753923, 0.026513258353, 0.21886669016],
      [0.19525197652, 0, 0.020827111332, 0.011339395752, 0.015186215104, 0.0036976716188, 0.081489830306, 0.048436800549, 0.34721291266, 0.27655808616],
      [0.0073662192132, 0.0032380065908, 0.043362628162, 0.059293053866, 0.46124358447, 0.037798019129, 0.066580600161, 0.22356998471, 0.012704730401, 0.084843173304]
    ],
    [
      [0.0064713822425, 0.03434901956, 0.042014073667, 0.093232936954, 0.018882489806, 0.052557788341, 0.23651493724, 0.045526810044, 0.4398704313, 0.030580130845],
      [0.038679575886, 0.0020532101915, 0.11277070222, 0.14570467311, 0.01630338768, 0.2329083275, 0.13532665849, 0.0089732843548, 0.12522698539, 0.18205319518],
      [0.362692967, 0.14754521135, 0.0038060440323, 0.042371087991, 0.0068881862647, 0.044074811059, 0.31438907158, 0.03049977103, 0.010988022035, 0.036744827655],
      [0.04332425947, 0.10859028216, 0.032157515584, 0.45832395309, 0.039339342409, 0.076633078921, 0.063445509584, 0.029780516596, 0.021026397672, 0.12737914452],
      [0.23187679185, 0.0017340405899, 0.017910603622, 0.023381403793, 0.0048568890666, 0.0057924273719, 0.12204717609, 0.034784465603, 0.35283914872, 0.2047770533],
      [0.011798336483, 0.018210713526, 0.052835679829, 0.18392791794, 0.17949151853, 0.07651089556, 0.14190975726, 0.22804892143, 0.017965812883, 0.089300446567]
    ],
    [
      [0.0041367414809, 0.020293872857, 0.094141771126, 0.072579696746, 0.037093697323, 0.11400810865, 0.14306979437, 0.034492124566, 0.44867714468, 0.031507048198],
      [0.018909666674, 0.0019312912353, 0.18827967347, 0.083580565334, 0.024163946324, 0.3852311407, 0.061390333946, 0.004812467609, 0.095185676699, 0.13651523802],
      [0.32971890606, 0.11894776682, 0.0049152421915, 0.052317993222, 0.023680384267, 0.10409543044, 0.26901549502, 0.027702813047, 0.014706001009, 0.054899967928],
      [0.029625327658, 0.063953166442, 0.07357830074, 0.36068767858, 0.079107680497, 0.17372184815, 0.04056204362, 0.02299204627, 0.022311731327, 0.13346017671],
      [0.17095360596, 0.0023285533, 0.044036349153, 0.021103179251, 0.011429122574, 0.008081565959, 0.082542211007, 0.028898296064, 0.40016254908, 0.23046456765],
      [0.0064707403684, 0.010228058142, 0.10231641975, 0.12215988385, 0.30265406129, 0.14110534491, 0.074409005858, 0.14645412751, 0.016013682486, 0.078188675844]
    ],
    [
      [0.008500503858, 0.035687053337, 0.028997157879, 0.10973753176, 0.021816368283, 0.095539745981, 0.11490876361, 0.049828676516, 0.49599358676, 0.038990612016],
      [0.058219263049, 0.0026344581155, 0.048615248259, 0.14289704941, 0.015956404058, 0.35895176421, 0.053121142822, 0.0090230294929, 0.11837684319, 0.1922047974],
      [0.46715142595, 0.1539724652, 0, 0.046432297385, 0.0094603151068, 0.078621039974, 0.13913104897, 0.035272017541, 0.01543265668, 0.054526733203],
      [0.067098694958, 0.097859174777, 0, 0.46216400958, 0.039238975424, 0.12060688421, 0.023915899336, 0.028913323055, 0.021164010711, 0.13903902795],
      [0.27553559423, 0.0024446124522, 0.0099377452421, 0.023895250726, 0.005277506392, 0.0096446260962, 0.051290316379, 0.034868098125, 0.35561472916, 0.23149152119],
      [0.014437405006, 0.018185044212, 0.033164603718, 0.19926471117, 0.18991226516, 0.12893747822, 0.061894652044, 0.23053924182, 0.019260631503, 0.10440396715]
    ],
    [
      [0.018209304005, 0.01436244591, 0, 0.045543738555, 0.012200665225, 0.066041678002, 0.12207763652, 0.036008491479, 0.62898899551, 0.056567044792],
      [0.058475052208, 0.0015413547732, 0, 0.067589448078, 0.0099801173361, 0.28024006918, 0.068118614355, 0.0076162497464, 0.16835824267, 0.33808085165],
      [0.28755707861, 0.10342165252, 0, 0.047085098472, 0.0060650253005, 0.094404386221, 0.28782041265, 0.043384538146, 0.029415471833, 0.10084633625],
      [0.04268442778, 0.058981611793, 0, 0.28683840247, 0.034186153053, 0.12891259049, 0.046158787317, 0.031988825658, 0.040063523747, 0.33018567769],
      [0.10627754174, 0.0010829193555, 0, 0.011038618155, 0.0026487866838, 0.0066812786947, 0.056298800363, 0.024359994557, 0.43972020391, 0.35189185654],
      [0.032930482922, 0.0099194756254, 0, 0.11236792128, 0.1486873197, 0.12266429804, 0.094183774109, 0.22709724086, 0.032465214412, 0.21968427304]
    ],
    [
      [0.0048900886465, 0.013699460755, 0.054433267302, 0.028905156825, 0.033264933025, 0.048173044769, 0.11604111795, 0.073010178715, 0.59721358344, 0.030369168578],
      [0.035203476114, 0.00073115650995, 0.16519848942, 0.050904817254, 0.032171985217, 0.23837974607, 0.074886750759, 0.015171092484, 0.18723889571, 0.20011359046],
      [0.43814436654, 0.085562700307, 0.0061147075444, 0.015669104143, 0.022085506822, 0.061652583889, 0.23440825404, 0.05902568832, 0.018758515095, 0.058578573296],
      [0.055480833539, 0.068748533572, 0.065840677438, 0.2213353558, 0.11010007517, 0.11114053098, 0.050266474785, 0.07459017389, 0.043676026059, 0.19882131877],
      [0.18478176868, 0.00047083452011, 0.022716458608, 0.0065832180342, 0.0087347100949, 0.0055522718674, 0.058786253273, 0.053708112988, 0.46311825307, 0.19554811886],
      [0.0082049161249, 0.0065744778089, 0.063646638463, 0.051958697595, 0.29377783658, 0.064870220917, 0.064338885686, 0.34404909172, 0.021656758266, 0.080922476843]
    ],
    [
      [0.0080330884934, 0.041063241369, 0.038533700316, 0.036483213511, 0.014143933517, 0.044010331098, 0.18543895167, 0.064697949601, 0.51718399515, 0.050411595277],
      [0.049020572064, 0.0016010768108, 0.1040447634, 0.057754898242, 0.012301775337, 0.19899456822, 0.10822145726, 0.01301868283, 0.1497501345, 0.30529207134],
      [0.43104597052, 0.1643755525, 0.0028609770627, 0.013857177113, 0.0021446369801, 0.030713199866, 0.24113749864, 0.041149349565, 0.011898453946, 0.060817183808],
      [0.066479032322, 0.16240593135, 0.035620032516, 0.21687306444, 0.037074157281, 0.079350383332, 0.062245063936, 0.050936631193, 0.030269156709, 0.25874654693],
      [0.23840558954, 0.0010380137333, 0.013431230508, 0.0073954332769, 0.0027755199653, 0.0035637465498, 0.079069401919, 0.040370137791, 0.33695136365, 0.27699956306],
      [0.015224694675, 0.022560177135, 0.049630711027, 0.074594967444, 0.14209053396, 0.066844018826, 0.11528497721, 0.34021303837, 0.021874856891, 0.15168202445]
    ],
    [
      [0.0048023440855, 0.026385487571, 0.022073068942, 0.044116302396, 0.048643681436, 0.038868670673, 0.14185857291, 0.05093360002, 0.59707601352, 0.025242258446],
      [0.063072269515, 0.0017795166786, 0.050579605834, 0.087768633718, 0.0530914114, 0.21966859312, 0.10428174384, 0.013433880786, 0.21559199189, 0.19073235321],
      [0.3763181397, 0.15343760413, 0, 0.034262818629, 0.019600462739, 0.043924707715, 0.26462473643, 0.048061992947, 0.017330179708, 0.042439358003],
      [0.047016121977, 0.11795514426, 0.023519415881, 0.29786856123, 0.14575027887, 0.079713297472, 0.054729451354, 0.046808425979, 0.039335658976, 0.147303644],
      [0.19267512456, 0.0011977595915, 0, 0.012346461861, 0.011818402652, 0.0044865939031, 0.075568084016, 0.040526343009, 0.48975182274, 0.17162940767],
      [0.0078082508848, 0.012448332254, 0.024355853975, 0.077066406802, 0.43764291763, 0.050443561408, 0.0761444334, 0.22777209402, 0.021214436386, 0.065103713235]
    ],
    [
      [0.0056504927556, 0.012019042353, 0.052882875156, 0.034392695638, 0.029404169995, 0.075441671241, 0.15304332711, 0.073056116337, 0.53162644443, 0.032483164984],
      [0.028979149677, 0.00038514153121, 0.13461337171, 0.053211941801, 0.024431488774, 0.33055106396, 0.084662435294, 0.013099483, 0.14693474205, 0.1831311822],
      [0.3915804382, 0.070490953899, 0.0010368906311, 0.023382849124, 0.015409920578, 0.083862875785, 0.283280522, 0.059339951889, 0.016661517378, 0.054954080514],
      [0.051521567361, 0.053976817563, 0.062187597972, 0.23211508356, 0.090211520766, 0.15250929638, 0.063099855371, 0.064298206707, 0.036904442426, 0.19317561189],
      [0.18000580851, 0.00031914881194, 0.022496484491, 0.0083489994752, 0.0078855811941, 0.0074285222498, 0.078941802249, 0.055677760022, 0.42684627585, 0.21204961715],
      [0.0085163297059, 0.0056706315272, 0.059567978339, 0.062222199884, 0.24034784139, 0.10006430125, 0.082180217272, 0.33768472076, 0.019648469241, 0.084097310629]
    ],
    [
      [0.0077551252238, 0.027613364887, 0.10042822697, 0.045772997765, 0.038758301043, 0.03473171716, 0.18352372951, 0.062937262632, 0.44738003339, 0.051099241419],
      [0.039576107742, 0.0023064908542, 0.23807130567, 0.062992802432, 0.029555191989, 0.14113946602, 0.092384995533, 0.011355423144, 0.11335949371, 0.26925872291],
      [0.44674979684, 0.11551408187, 0.00022542308206, 0.022751197122, 0.0157574356, 0.028518948339, 0.25507315379, 0.038670333906, 0.010692584584, 0.066047044868],
      [0.057918869481, 0.10036328909, 0.083618351209, 0.24176566936, 0.093431317288, 0.0484385321, 0.060211722194, 0.050565374082, 0.024441212553, 0.23924566265],
      [0.2307716598, 0.0018230443363, 0.035426854536, 0.0093392860066, 0.0089702600288, 0.001526003003, 0.079968217067, 0.040396753613, 0.30174645161, 0.29003147],
      [0.01109176376, 0.011977899104, 0.10193091632, 0.07271379936, 0.28621131412, 0.041925458605, 0.0879255353, 0.25053261589, 0.014928822727, 0.12076187481]
    ],
    [
      [0.0057524081896, 0.02496699138, 0.029635389461, 0.034147441615, 0.013695711719, 0.037768579947, 0.11075403681, 0.025024127643, 0.6918859068, 0.02636940644],
      [0.045142315301, 0.00086092987896, 0.10371553461, 0.069829168321, 0.015676167486, 0.21683978478, 0.083767790475, 0.0063980172202, 0.25598074105, 0.20178955088],
      [0.47166928573, 0.15451850944, 0.00037532616336, 0.023843229222, 0.007328724366, 0.042910377551, 0.21141105354, 0.021036152267, 0.020691782541, 0.046215559184],
      [0.067464749655, 0.13745068103, 0.040021922608, 0.28032372625, 0.048934533598, 0.099651549642, 0.057617893849, 0.029347747392, 0.047612864787, 0.19157433118],
      [0.20150732186, 3.0346073944e-05, 0.012157221352, 0.0085367772658, 0.0032692651977, 0.0044899336037, 0.055539331639, 0.018418746046, 0.53086249463, 0.16518856233],
      [0.017152742205, 0.021669396577, 0.061913810356, 0.10990361695, 0.21386383348, 0.090253231193, 0.10966232075, 0.20614613511, 0.044528573616, 0.12490633976]
    ],
    [
      [0.0042624455155, 0.031220847163, 0.052809956446, 0.049255610974, 0.033683586924, 0.0924112591, 0.15139519277, 0.057261574132, 0.49382174426, 0.033877782723],
      [0.022447766085, 0.0013453133941, 0.12395117776, 0.068066113809, 0.02582482868, 0.36964951641, 0.076697269416, 0.0099633867563, 0.124787887, 0.17726674069],
      [0.30961701225, 0.16988688373, 0.00089891792904, 0.030989089699, 0.01676516618, 0.09560827331, 0.26357245921, 0.043691117868, 0.014551686261, 0.054419393567],
      [0.033862867069, 0.11673480749, 0.05084582479, 0.27059060698, 0.08549360657, 0.14920653322, 0.052096047772, 0.047606245449, 0.028202380361, 0.1653610803],
      [0.16144952526, 0.0012595661085, 0.023792384221, 0.012785316316, 0.0095798844189, 0.0087758589239, 0.082305124574, 0.045948197248, 0.41802767203, 0.23607647091],
      [0.006841139917, 0.014544318465, 0.058866652606, 0.085289102667, 0.27629999656, 0.11968075977, 0.080021377306, 0.2533167645, 0.017922467576, 0.087217420633]
    ],
    [
      [0.0046396896755, 0.031818106345, 0.066439289368, 0.076440884908, 0.056018591861, 0.067766729858, 0.071589940304, 0.058945215224, 0.53982511016, 0.026516442293],
      [0.024173607705, 0.0020437670962, 0.16923983258, 0.11447401777, 0.046735337748, 0.28636356019, 0.038960726324, 0.011561649278, 0.14935492034, 0.15709258096],
      [0.35592644394, 0.20017917486, 0.001825631216, 0.056677390534, 0.031747411049, 0.081775256992, 0.14900854283, 0.052579962216, 0.019086882722, 0.051193303646],
      [0.032212755844, 0.10843846993, 0.059843389211, 0.37973597331, 0.11743908451, 0.10944459016, 0.0028356430288, 0.047061979266, 0.030152171508, 0.11283594323],
      [0.16318430412, 0.0023535203795, 0.031629627382, 0.021517913936, 0.013977349251, 0.0094581121878, 0.037642770711, 0.049377073997, 0.47299963937, 0.19785968866],
      [0.0060648078129, 0.012898207913, 0.062523869416, 0.11151042173, 0.40923135402, 0.073618067087, 0.030697590563, 0.21720137484, 0.017003719954, 0.059250586663]
    ],
    [
      [0.0089300170771, 0.025936065639, 0.038799668084, 0.066453767199, 0.034773243272, 0.047805574349, 0.26010378924, 0.097802444213, 0.35980370618, 0.059591724753],
      [0.04635245221, 0.0022242001383, 0.091670697438, 0.091612505612, 0.027191094898, 0.18701600166, 0.1308385307, 0.016070926869, 0.091359578364, 0.31566401211],
      [0.42333484025, 0.089955700672, 0, 0.027918010352, 0.011722318468, 0.03231678219, 0.29660538258, 0.048622800831, 0.0065557594713, 0.062968405184],
      [0.060149577469, 0.084552838398, 0.022715290334, 0.30857218814, 0.07583839112, 0.0661511023, 0.067807682938, 0.060186981428, 0.012682247545, 0.24134370032],
      [0.25211116239, 0.00151941185, 0.012488779542, 0.013924357132, 0.0077278657585, 0.0037964045654, 0.10547759117, 0.058668938755, 0.22727721062, 0.31700827822],
      [0.011314529945, 0.010060655933, 0.033710721844, 0.089982275853, 0.22137881205, 0.048290814501, 0.10712598063, 0.34704270402, 0.0098316314229, 0.12126187379]
    ],
    [
      [0.0051215391949, 0.019121461566, 0.12062699825, 0.057772027172, 0.028984781799, 0.0771989435, 0.20014995406, 0.026722251161, 0.43428500829, 0.030017035004],
      [0.023645373479, 0.0019734229578, 0.26319873951, 0.073106293516, 0.021364616545, 0.27664614029, 0.092523807914, 0.0027159301489, 0.10141138581, 0.14341428983],
      [0.34170953975, 0.099960373403, 0, 0.036550250673, 0.014815610359, 0.079107019622, 0.34717643623, 0.019754482338, 0.013158587046, 0.047767700576],
      [0.041599520841, 0.075091281679, 0.091021045264, 0.32494799998, 0.076814813265, 0.13585139163, 0.065178315885, 0.014481639545, 0.027490929302, 0.14752306261],
      [0.18525300833, 0.0017324361136, 0.052266473095, 0.016564375004, 0.0090980337982, 0.0092781445264, 0.1111519066, 0.021409236258, 0.37843111239, 0.21481527389],
      [0.0093382927997, 0.010889891967, 0.14725850191, 0.11056268733, 0.25961064876, 0.11049391024, 0.11705873119, 0.13102392999, 0.018205868388, 0.085557537433]
    ],
    [
      [0.0057926776649, 0.014447621579, 0.071335340269, 0.084065393946, 0.031355755989, 0.048013259311, 0.12230957329, 0.025106757018, 0.5580421195, 0.039531501431],
      [0.031937248598, 0.00035398214361, 0.18020494613, 0.12382460085, 0.025894210384, 0.19983143433, 0.066401117883, 0.0038826978099, 0.14780977678, 0.21985998509],
      [0.45202955862, 0.084661428355, 0.0011815186203, 0.056527430833, 0.016845963194, 0.053370593064, 0.22950600473, 0.020397729885, 0.017367107753, 0.068112664949],
      [0.044878788529, 0.047354897962, 0.064919843412, 0.42401973445, 0.076466049866, 0.077693572899, 0.039127795233, 0.010497902253, 0.031369956944, 0.18367145845],
      [0.19334292687, 0.00037407267585, 0.028699016124, 0.019751912969, 0.0079292661381, 0.0049317699308, 0.059913202283, 0.0180890201, 0.42035409961, 0.24661471329],
      [0.010790403818, 0.0076602001428, 0.092956373896, 0.16990392025, 0.30001133759, 0.072131335598, 0.075554572755, 0.1295991158, 0.023176425286, 0.11821631486]
    ],
    [
      [0.0062914557689, 0.024520916798, 0.074620343583, 0.060141343544, 0.02796716894, 0.041441838428, 0.17438665023, 0.031633216897, 0.52452860612, 0.034468459693],
      [0.036603090535, 0.0026123202781, 0.19874072958, 0.093366627169, 0.024206880134, 0.18366870294, 0.099234494772, 0.0053835572092, 0.15191426234, 0.20426933504],
      [0.41735618827, 0.12044477997, 0.00079124562104, 0.035642832509, 0.012742185397, 0.04020168238, 0.28297068765, 0.022829668486, 0.014632678569, 0.05238805115],
      [0.050090893237, 0.094613805929, 0.069999923135, 0.35389063521, 0.070996989747, 0.07384473888, 0.057991254534, 0.024167806652, 0.029191661202, 0.17521229148],
      [0.21220939873, 0.0065481674661, 0.031760749961, 0.012966134077, 0.0094940610618, 0.0030839674121, 0.086536440839, 0.020374814492, 0.39931963762, 0.21770662834],
      [0.011966220876, 0.014682588418, 0.099966468532, 0.12532836144, 0.27597243479, 0.064239650761, 0.11036538042, 0.16896050308, 0.021937028909, 0.10658136277]
    ],
    [
      [0.0034165179383, 0.054345739479, 0.088776322892, 0.04500401134, 0.040633828802, 0.062220742148, 0.25871574, 0.022637779608, 0.38660531382, 0.037644003967],
      [0.019941101859, 0, 0.21284530688, 0.062408560087, 0.031645387271, 0.24714652595, 0.12830884127, 0.0021654896956, 0.10224915081, 0.19328963618],
      [0.20623790562, 0.26213980649, 0.00089528990807, 0.023357655851, 0.016466141542, 0.052266447574, 0.36616564925, 0.013409541983, 0.010350232378, 0.048711329404],
      [0.025691034789, 0.19983986346, 0.073614563811, 0.2330462777, 0.092527716749, 0.09902034452, 0.07347659991, 0.015124851151, 0.021853804372, 0.16580494354],
      [0.13724440292, 0, 0.042946014987, 0.017365665729, 0.015733154162, 0.014568355357, 0.1307345095, 0.010287245109, 0.3531194764, 0.27800117584],
      [0.026233315312, 0.0040388146578, 0.1009322729, 0.07927187342, 0.35632955385, 0.082061927263, 0.13599923207, 0.10239895102, 0.015868143765, 0.096865915744]
    ],
    [
      [0.0029136049564, 0.014523470117, 0.050201025395, 0.057834203176, 0.055349679113, 0.041357693126, 0.086885518723, 0.041228506946, 0.61391661349, 0.035789684961],
      [0.0237193986, 0.0013847462168, 0.14426017729, 0.09743896993, 0.052665230704, 0.1995532098, 0.054241659278, 0.0090992237162, 0.19527142297, 0.2223659615],
      [0.37809421589, 0.10771555111, 0.0016683413982, 0.051409188819, 0.037632675888, 0.06006669378, 0.21518725693, 0.044052858169, 0.025071040612, 0.079102177399],
      [0.030712313994, 0.056141260413, 0.048468714731, 0.3535898647, 0.15291285911, 0.076288682131, 0.029195475338, 0.033936961388, 0.037147529743, 0.18160633845],
      [0.13099473325, 0.0054403902763, 0.026991689248, 0.019627449043, 0.0020183407346, 0.007601389421, 0.038635230162, 0.036705188707, 0.49469991418, 0.23728567497],
      [0.0047139814149, 0.0069617906041, 0.052671252773, 0.09406467716, 0.47763148902, 0.050170653472, 0.042336925332, 0.16727561803, 0.020015582304, 0.084158029888]
    ],
    [
      [0.014045326852, 0, 0.050225204485, 0.080772696984, 0.018172210388, 0.10500472236, 0.13011504757, 0.058183461477, 0.4900796468, 0.053401683085],
      [0.035831033476, 0, 0.09803684655, 0.092807402889, 0.011550538693, 0.36054350389, 0.05487246342, 0.0085559288695, 0.10592915793, 0.23187312428],
      [0.53927623383, 0, 0.00066603864076, 0.043377752532, 0.0075529777963, 0.092523032292, 0.19266578303, 0.037949533076, 0.01251416938, 0.073474479416],
      [0.072536800607, 0, 0.037258454921, 0.39202719777, 0.037085448878, 0.15134125023, 0.034404883101, 0.036656207073, 0.023444041965, 0.21524571546],
      [0.23802514147, 0, 0.020239663995, 0.020374772892, 0.0026418590495, 0.0080310344011, 0.056732399733, 0.041391119719, 0.32205078216, 0.29051322658],
