{
  "X": [
    [25, 17, 11, 14, 9, 2, 2, 8, 5, 7],
    [25, 7, 10, 5, 22, 3, 6, 15, 4, 3],
    [37, 7, 10, 7, 15, 6, 2, 9, 3, 4],
    [29, 10, 5, 15, 10, 6, 3, 9, 5, 8],
    [30, 7, 12, 8, 10, 3, 3, 14, 6, 7],
    [37, 6, 11, 4, 11, 5, 3, 14, 3, 6],
    [33, 11, 10, 4, 14, 7, 2, 9, 3, 7],
    [19, 8, 12, 12, 21, 5, 2, 7, 1, 13],
    [20, 22, 8, 7, 19, 4, 4, 13, 0, 3],
    [10, 20, 4, 4, 27, 8, 7, 12, 2, 6],
    [8, 19, 5, 3, 24, 4, 8, 14, 8, 7],
    [14, 24, 5, 3, 23, 3, 2, 13, 3, 10],
    [14, 14, 7, 3, 22, 6, 6, 11, 4, 13],
    [10, 21, 8, 3, 22, 7, 3, 10, 5, 11],
    [14, 20, 6, 7, 18, 4, 4, 15, 6, 6],
    [15, 19, 6, 2, 22, 3, 6, 9, 9, 9],
    [6, 29, 2, 4, 24, 4, 4, 21, 2, 4],
    [10, 20, 5, 6, 14, 8, 3, 21, 7, 6],
    [10, 22, 7, 5, 10, 6, 2, 23, 8, 7],
    [4, 15, 10, 6, 19, 6, 2, 23, 7, 8],
    [5, 24, 3, 6, 22, 5, 6, 18, 6, 5],
    [8, 25, 3, 3, 19, 7, 3, 24, 3, 5],
    [4, 20, 10, 10, 8, 10, 6, 26, 3, 3],
    [6, 25, 3, 4, 16, 5, 3, 29, 2, 7],
    [7, 21, 11, 2, 9, 3, 5, 26, 6, 10],
    [12, 12, 9, 10, 14, 6, 12, 16, 3, 6],
    [12, 13, 5, 11, 11, 10, 12, 18, 1, 7],
    [16, 10, 8, 11, 17, 5, 13, 9, 1, 10],
    [13, 10, 11, 8, 16, 4, 14, 19, 2, 3],
    [10, 10, 11, 16, 11, 3, 8, 22, 1, 8],
    [11, 12, 9, 15, 17, 4, 9, 15, 0, 8],
    [5, 13, 15, 10, 16, 8, 10, 11, 4, 8],
    [7, 4, 11, 13, 14, 4, 15, 22, 1, 9],
    [12, 24, 10, 8, 15, 4, 7, 10, 3, 7],
    [17, 34, 17, 4, 9, 2, 6, 7, 1, 3],
    [14, 39, 9, 3, 9, 1, 3, 14, 5, 3],
    [13, 30, 14, 4, 12, 6, 4, 12, 2, 3],
    [16, 34, 7, 3, 12, 7, 4, 11, 4, 2],
    [11, 35, 8, 4, 15, 8, 7, 10, 1, 1],
    [18, 36, 7, 5, 11, 7, 5, 7, 1, 3],
    [16, 37, 7, 3, 12, 7, 2, 9, 2, 5],
    [16, 32, 9, 1, 5, 11, 5, 12, 0, 9],
    [7, 15, 11, 4, 18, 12, 6, 14, 5, 8],
    [12, 8, 16, 6, 18, 13, 4, 13, 2, 8],
    [9, 13, 12, 3, 17, 14, 5, 19, 3, 5],
    [12, 14, 13, 3, 16, 18, 5, 12, 2, 5],
    [7, 13, 10, 5, 15, 12, 3, 19, 5, 11],
    [9, 13, 10, 5, 20, 19, 2, 13, 4, 5],
    [11, 11, 12, 3, 17, 22, 3, 14, 1, 6],
    [13, 14, 7, 5, 10, 20, 3, 21, 2, 5]
  ],
  "W": [
    [57, 13, 6, 8, 8, 8],
    [56, 7, 10, 9, 4, 14],
    [67, 3, 13, 2, 8, 7],
    [58, 8, 8, 7, 11, 8],
    [64, 9, 7, 5, 7, 8],
    [60, 7, 5, 12, 8, 8],
    [57, 7, 8, 9, 8, 11],
    [60, 9, 3, 6, 8, 14],
    [31, 43, 9, 8, 7, 2],
    [11, 54, 16, 8, 5, 6],
    [4, 63, 5, 8, 9, 11],
    [9, 58, 16, 1, 5, 11],
    [7, 57, 10, 9, 7, 10],
    [11, 53, 10, 8, 9, 9],
    [6, 52, 9, 15, 11, 7],
    [12, 60, 5, 6, 5, 12],
    [7, 42, 26, 9, 10, 6],
    [10, 11, 51, 5, 7, 16],
    [6, 8, 56, 8, 16, 6],
    [9, 9, 53, 12, 7, 10],
    [6, 5, 68, 7, 9, 5],
    [10, 8, 67, 3, 6, 6],
    [8, 8, 60, 10, 5, 9],
    [8, 4, 59, 9, 8, 12],
    [6, 6, 57, 11, 10, 10],
    [11, 10, 8, 52, 6, 13],
    [6, 11, 10, 50, 10, 13],
    [6, 8, 6, 65, 10, 5],
    [5, 11, 5, 62, 9, 8],
    [8, 5, 7, 65, 10, 5],
    [8, 9, 5, 60, 9, 9],
    [4, 11, 15, 52, 8, 10],
    [3, 10, 6, 67, 8, 6],
    [8, 7, 6, 30, 41, 8],
    [13, 5, 11, 8, 57, 6],
    [1, 9, 9, 10, 63, 8],
    [5, 8, 8, 11, 61, 7],
    [8, 12, 6, 5, 58, 11],
    [10, 15, 5, 7, 56, 7],
    [9, 8, 6, 10, 55, 12],
    [7, 14, 6, 7, 56, 10],
    [4, 6, 16, 9, 48, 17],
    [9, 8, 8, 6, 9, 60],
    [8, 6, 7, 15, 7, 57],
    [9, 9, 4, 14, 8, 56],
    [7, 12, 2, 7, 11, 61],
    [16, 11, 9, 7, 5, 52],
    [13, 11, 10, 7, 10, 49],
    [6, 6, 11, 6, 13, 58],
    [10, 8, 10, 6, 7, 59]
  ],
  "method": "mvn_pdf",
  "cond_prob": [
    [
      [0.38890963605, 0.021118641991, 0.12794290064, 0.19201376722, 0.076910318166, 0.0045657166095, 0.0076641269808, 0.054795991252, 0.051688542488, 0.074390358594],
      [0.073461776179, 0.4491850144, 0.021847883853, 0.010083948657, 0.17193090183, 0.011012010338, 0.026997834728, 0.065434501509, 0.087349648534, 0.082696479978],
      [0.0074691349489, 0.43683728314, 0.038335582277, 0.053120923182, 0.082801019532, 0.02179782369, 0.012245279376, 0.21766636719, 0.080472017036, 0.049254569632],
      [0.075181492686, 0.04248268225, 0.13448495495, 0.2988231446, 0.085162693702, 0.011940821624, 0.11169855527, 0.15492949997, 0.0023457373113, 0.082950417629],
      [0.097319180301, 0.71915640962, 0.083685452424, 0.0054817281314, 0.022480656709, 0.011957994571, 0.01269850867, 0.026464367708, 0.012745056881, 0.0080106449835],
      [0.056540932628, 0.15533697319, 0.18098192759, 0.021369926847, 0.12788215254, 0.1593275684, 0.017940590354, 0.15860385431, 0.039331148937, 0.082684925219]
    ],
    [
      [0.40451921202, 0.022323301521, 0.11655648931, 0.071130144652, 0.20553506183, 0.0063464205529, 0.0061732757686, 0.093755844249, 0.044365293463, 0.029294956633],
      [0.068504170176, 0.17310118895, 0.017384492399, 0.003784492161, 0.41315251939, 0.012408878655, 0.10364777707, 0.10423554614, 0.062427039501, 0.041353895555],
      [0.0087953839728, 0.18145572002, 0.034305624449, 0.019187019046, 0.21090616331, 0.025663682962, 0.048595677144, 0.38201292127, 0.063079838425, 0.025997969404],
      [0.055837717619, 0.014644127541, 0.084921716973, 0.078363230123, 0.15724099671, 0.010189738887, 0.36828068695, 0.19607202013, 0.002179806469, 0.032269958608],
      [0.1498339662, 0.45475435351, 0.11024923936, 0.0037662647967, 0.090676720672, 0.022182198713, 0.079732231858, 0.068865021193, 0.014696690894, 0.0052433128072],
      [0.048397555175, 0.055201073573, 0.12877117837, 0.0055725809705, 0.26507367256, 0.15147607314, 0.057810731148, 0.22569903003, 0.026382205966, 0.035615899068]
    ],
    [
      [0.5064790694, 0.0092970859875, 0.10682890001, 0.091334781843, 0.13889028064, 0.019176201654, 0.011722025197, 0.047923288083, 0.027636768106, 0.040711599086],
      [0.1257861436, 0.17526134639, 0.022440859957, 0.0076677091339, 0.37013021415, 0.043706065561, 0.04760480777, 0.081601051249, 0.057049265822, 0.068752536359],
      [0.010905522868, 0.18681251709, 0.04664729827, 0.035009205032, 0.19448818251, 0.092189511365, 0.024482565425, 0.30547495324, 0.059001936162, 0.044988308043],
      [0.11026965428, 0.015180229913, 0.12601934382, 0.1475792857, 0.15492379477, 0.039458774337, 0.17975256236, 0.16666538618, 0.00095803092342, 0.059192937728],
      [0.23882151558, 0.39036884123, 0.1309773219, 0.0060466570984, 0.070214374168, 0.06600875774, 0.031800964525, 0.04620528806, 0.011715452435, 0.0078408272575],
      [0.05938009842, 0.038491041125, 0.1241241399, 0.0084164279268, 0.16915022847, 0.39694643345, 0.019946242436, 0.12431272511, 0.016360555424, 0.04287210773]
    ],
    [
      [0.42819261943, 0.015351782767, 0.048795913061, 0.20276081945, 0.086766178544, 0.019730943536, 0.013047286363, 0.054664357845, 0.047346059193, 0.083344039811],
      [0.10501357118, 0.21054518678, 0.011661952155, 0.015754359487, 0.24224728693, 0.039053966329, 0.050105795126, 0.086894799502, 0.1115654046, 0.12715767791],
      [0.011205610157, 0.20345577072, 0.023004002435, 0.075892548337, 0.11579014489, 0.074506085509, 0.023064605017, 0.29348829275, 0.10340907877, 0.076183861432],
      [0.079684103851, 0.015882419357, 0.062265052487, 0.31850933058, 0.087828719373, 0.030415412115, 0.15647437159, 0.15269370447, 0.0017357346734, 0.094511151504],
      [0.20273289883, 0.4798148744, 0.075825623407, 0.010872601096, 0.046753626149, 0.060165623856, 0.034335154953, 0.050675129027, 0.022608021186, 0.016216447099],
      [0.055903001041, 0.051056048202, 0.077821522608, 0.019691660407, 0.12177140834, 0.38404938912, 0.02311086052, 0.14501501955, 0.03416179051, 0.087419299701]
    ],
    [
      [0.42191195722, 0.013588592545, 0.13101827104, 0.10760726913, 0.087103727697, 0.012352769791, 0.013551227069, 0.085916566887, 0.054071841346, 0.072877777281],
      [0.094930514257, 0.18363969585, 0.025995999659, 0.0084678738742, 0.22725645776, 0.019269932068, 0.057814120867, 0.14643490734, 0.13586495871, 0.10032553961],
      [0.0078199069935, 0.15648492693, 0.042798402004, 0.029869613298, 0.095947996045, 0.032111851054, 0.023213209496, 0.44738089858, 0.11119862171, 0.053174573884],
      [0.074544606289, 0.014271930212, 0.13089459365, 0.13882585624, 0.085598050877, 0.015504026189, 0.19077151637, 0.27121162407, 0.0012726810341, 0.077105115067],
      [0.18433540257, 0.41895859659, 0.1546464139, 0.0068410579165, 0.043884988696, 0.02939372142, 0.038873220297, 0.084145536078, 0.026410906077, 0.012510156452],
      [0.053181238928, 0.047263562341, 0.16803499715, 0.010727491372, 0.12165401999, 0.19099177581, 0.027991473671, 0.26333529878, 0.04337342822, 0.073446713731]
    ],
    [
      [0.53430038111, 0.0090215124438, 0.11383704766, 0.044613138427, 0.096839286814, 0.02029217945, 0.010130950199, 0.07816521942, 0.032555726588, 0.060244557886],
      [0.13848822372, 0.17470198226, 0.025268979488, 0.0034710245794, 0.27222823714, 0.035118278245, 0.041055030941, 0.14879229568, 0.067416032867, 0.093459915089],
      [0.011284388746, 0.15392528194, 0.042327187883, 0.019551144478, 0.1188532588, 0.060775233461, 0.017127897454, 0.46816741927, 0.056881350047, 0.051106837917],
      [0.11344482379, 0.013837631488, 0.13168124915, 0.096381530426, 0.10784984228, 0.030349528768, 0.13915504384, 0.28866231652, 0.0022778162748, 0.076360217469],
      [0.25361175071, 0.37429710025, 0.13848530747, 0.0018454224925, 0.049850173893, 0.050739575926, 0.026292420815, 0.080243760429, 0.013440713665, 0.011193774345],
      [0.065738216549, 0.038217573497, 0.13665011186, 0.0037271318605, 0.12459741734, 0.30783177067, 0.017364798953, 0.22772572339, 0.019434739972, 0.058712515907]
    ],
    [
      [0.50978540213, 0.02198402974, 0.10856326424, 0.049187861606, 0.12888037983, 0.019616157451, 0.0057832921828, 0.051185114698, 0.032371875175, 0.072642622941],
      [0.10856993017, 0.28283650607, 0.020161618222, 0.0028017981611, 0.29330307323, 0.038616750383, 0.027603958652, 0.074900039959, 0.056728725492, 0.094477599664],
      [0.010096748566, 0.29509597378, 0.040039114995, 0.019027695875, 0.15130216747, 0.07972394205, 0.013608977526, 0.27310438236, 0.056825768743, 0.061175228629],
      [0.11663573657, 0.029775119852, 0.13656706635, 0.10963000975, 0.1517952044, 0.042787214348, 0.12222934081, 0.18837615422, 0.0019547653714, 0.10024938833],
      [0.17872745917, 0.54859173601, 0.099376477728, 0.0010185670803, 0.048636412062, 0.050389908657, 0.0158824775, 0.036710606901, 0.010369835126, 0.010296519771],
      [0.056538843295, 0.068143364122, 0.12057584287, 0.0026944645406, 0.14863921466, 0.38050600344, 0.012829902503, 0.12584026186, 0.018413119755, 0.065818982962]
    ],
    [
      [0.27871146614, 0.020294531686, 0.12931689843, 0.16914364824, 0.19156547436, 0.01914276421, 0.0098796145815, 0.049437268678, 0.008912596061, 0.12359573762],
      [0.053938148347, 0.17201995215, 0.021788584049, 0.011801207379, 0.40726051754, 0.021014311334, 0.030033087753, 0.060753139521, 0.024723101292, 0.19666795064],
      [0.0058373803839, 0.19683810808, 0.044763526465, 0.05191323637, 0.22971554135, 0.045360133537, 0.015906343735, 0.24141150273, 0.027722962554, 0.14053126479],
      [0.048892153523, 0.015841156907, 0.11763825855, 0.21033136865, 0.17567203897, 0.019286648969, 0.10966738575, 0.12707533897, 0, 0.1755956497],
      [0.12809261908, 0.48185872641, 0.14697901073, 0.011482346435, 0.095588469409, 0.038344585575, 0.024744085016, 0.042897696574, 0.0056936799728, 0.024318780796],
      [0.032590191551, 0.049551246608, 0.14492404437, 0.016827396185, 0.2380600191, 0.22169631188, 0.016660664963, 0.11836553636, 0.0081441426617, 0.15318044631]
    ],
    [
      [0.44345907899, 0.023326823332, 0.13337046189, 0.14122188194, 0.1245984212, 0.0215845637, 0.010296604469, 0.076541873592, 0, 0.025600290881],
      [0.099684433896, 0.32893586664, 0.028808170519, 0.014823431427, 0.28936159369, 0.038223516941, 0.048580565101, 0.11480210738, 0, 0.036780314399],
      [0.024246155986, 0.30227616786, 0.044583327166, 0.040386620762, 0.12920098544, 0.059438865328, 0.019445524326, 0.35517621501, 0, 0.025246138128],
      [0.07898978678, 0.027670096027, 0.13925948072, 0.19341026551, 0.11775974284, 0.029597193267, 0.15197123801, 0.22215875087, 0, 0.039183445976],
      [0.1434281912, 0.57579329904, 0.11533364434, 0.0070440397476, 0.043702990779, 0.039236837797, 0.023134534415, 0.049770567576, 0, 0.0025558951091],
      [0.056103428629, 0.080113419428, 0.15205152422, 0.012322059681, 0.14204633336, 0.32044104908, 0.019559799106, 0.18423069309, 0, 0.033131693412]
    ],
    [
      [0.40272089182, 0.022369491068, 0.089924827251, 0.12600168974, 0.17923349491, 0.031882638624, 0.011810743101, 0.062577665202, 0.015959177128, 0.057519381162],
      [0.074895424254, 0.23877249336, 0.018097430039, 0.013585951813, 0.3624252728, 0.041409998237, 0.071460503447, 0.083884549319, 0.023656484174, 0.071811892561],
      [0.0077076432561, 0.23996624722, 0.029892960139, 0.035857077236, 0.18406918222, 0.10869082947, 0.034014641154, 0.28545700748, 0.029507018039, 0.044837393801],
      [0.063146199454, 0.021168619681, 0.082798931587, 0.15261053522, 0.15206711268, 0.047884451609, 0.25826427333, 0.1620432441, 0, 0.060016632349],
      [0.13934574994, 0.51056257047, 0.085663597336, 0.0066583551183, 0.069149376551, 0.082572444761, 0.046767206814, 0.045260831621, 0.0056583417742, 0.0083615256141],
      [0.033416107143, 0.049766531963, 0.077428146094, 0.0087417869831, 0.15834602084, 0.47969332704, 0.027838360099, 0.11531963152, 0.0077658181193, 0.041684270204]
    ],
    [
      [0.37019526118, 0.018177931173, 0.10205121917, 0.13196376677, 0.14728087167, 0.011077477107, 0.012525203814, 0.084942948887, 0.058127646262, 0.06365767396],
      [0.067878581927, 0.20258828032, 0.021283175198, 0.013532515059, 0.30388414449, 0.018721293657, 0.073810186081, 0.11102948297, 0.10502911706, 0.08224322324],
      [0.0062389065935, 0.19475652254, 0.031564208798, 0.034254149454, 0.14349123648, 0.033582056442, 0.034821109056, 0.37387435478, 0.10055102634, 0.046866429521],
      [0.056107808374, 0.016506745021, 0.090422741191, 0.15453572828, 0.11950293282, 0.015216758442, 0.26959317524, 0.2134359353, 0.00079570074318, 0.063882474593],
      [0.14300291565, 0.48914376264, 0.10928026809, 0.0078395525544, 0.063261049082, 0.029450466301, 0.05617044952, 0.068499147829, 0.022805872225, 0.010546516104],
      [0.04325318664, 0.059645107111, 0.12602088178, 0.012862176162, 0.1839405749, 0.20195909498, 0.0421338608, 0.22472901733, 0.039661950237, 0.065794150069]
    ],
    [
      [0.5242432729, 0.018404269297, 0.086464781434, 0.11391681506, 0.10997276543, 0.0060069152451, 0.0030377985784, 0.050517471, 0.015497130467, 0.071938780599],
      [0.12075188695, 0.27016233727, 0.023746599095, 0.015184857185, 0.29473733756, 0.0093965256035, 0.024642625984, 0.087906520362, 0.035352596076, 0.11811871392],
      [0.011384121006, 0.28426080364, 0.039000678916, 0.043185878395, 0.15312032198, 0.02797507417, 0.01248923438, 0.31441743134, 0.038417163525, 0.075749292656],
      [0.11748179862, 0.025465018147, 0.11348919639, 0.20037343406, 0.13303093456, 0.013731352652, 0.10118356629, 0.18756204335, 0.00055011263833, 0.10713254329],
      [0.21392249066, 0.53367307004, 0.098125600408, 0.0070199491368, 0.050473252847, 0.01875500065, 0.0155420691, 0.043533599041, 0.0066366316234, 0.012318336494],
      [0.082632810278, 0.083903889839, 0.14694419623, 0.015234519426, 0.18910519837, 0.16780288502, 0.014969622169, 0.18280505819, 0.014697033292, 0.1019047872]
    ],
    [
      [0.50140598801, 0.0098041144237, 0.11488544988, 0.085835161698, 0.10385474421, 0.013668388426, 0.007293112277, 0.044639057158, 0.019995407295, 0.09861857663],
      [0.12380147898, 0.1576855506, 0.029314494684, 0.01180260485, 0.29443018731, 0.034081662181, 0.060814503638, 0.081417271452, 0.054080559856, 0.15257168645],
      [0.012783717858, 0.18107593494, 0.055107886434, 0.035484868441, 0.15719137082, 0.062674731436, 0.028904420365, 0.30206270777, 0.052803789832, 0.11191057211],
      [0.10200682953, 0.01212066587, 0.13824632299, 0.13637609131, 0.11440251612, 0.02505407513, 0.18523817236, 0.1509072571, 0.0013532210591, 0.13429484853],
      [0.24624062238, 0.37504618595, 0.15733432879, 0.0065430253944, 0.057269262508, 0.045031526453, 0.037750342805, 0.046105667626, 0.010599499361, 0.01807953874],
      [0.066389078103, 0.039812617115, 0.16282395811, 0.0098370707695, 0.14880749229, 0.2794211861, 0.026208135221, 0.13452100622, 0.016302685376, 0.11587677069]
    ],
    [
      [0.37016689721, 0.020640015094, 0.15891763978, 0.09270247205, 0.13926152113, 0.022278973297, 0.0045609856716, 0.054223309358, 0.033305548092, 0.10394263831],
      [0.071548309697, 0.24477987707, 0.027173073613, 0.009739355045, 0.30220019319, 0.038372004428, 0.029635847904, 0.074315959345, 0.069649637626, 0.13258574208],
      [0.0069256404059, 0.24974475794, 0.054601698382, 0.02772019774, 0.15302977028, 0.076719392312, 0.014303462008, 0.26764049439, 0.063393768051, 0.085920818491],
      [0.069894736817, 0.023522774198, 0.17480851755, 0.13379361793, 0.14033239809, 0.0379264737, 0.11874077377, 0.1691018315, 0.0019226211186, 0.12995625533],
      [0.13143076153, 0.51155011141, 0.15580679987, 0.0052536350656, 0.054888789744, 0.054638175833, 0.0188683701, 0.040281832299, 0.012939862572, 0.014341661579],
      [0.036090284929, 0.056671730384, 0.16277630421, 0.0076948170677, 0.14495078147, 0.35098508487, 0.01292811973, 0.11922685169, 0.019603418245, 0.089072607401]
    ],
    [
      [0.4807104037, 0.014178003926, 0.085401212529, 0.18515512227, 0.08693411223, 0.0096907534838, 0.0039848630425, 0.060418978098, 0.03173143361, 0.041795117114],
      [0.12603092834, 0.23307886336, 0.026377623483, 0.010993448549, 0.25887209172, 0.025827731217, 0.035540012981, 0.11586813253, 0.090314647458, 0.077096520366],
      [0.010807912168, 0.21497704171, 0.037759815095, 0.066695259889, 0.11944111146, 0.04039062711, 0.015237427748, 0.37437553271, 0.076898300762, 0.043416971354],
      [0.097046786015, 0.017358555139, 0.10338558007, 0.29613995125, 0.094680855943, 0.018266448474, 0.10879825423, 0.20534516688, 0.0021863409567, 0.05679206105],
      [0.22598546201, 0.46892068794, 0.11222131957, 0.011022028887, 0.045085089849, 0.030990554177, 0.021321035204, 0.059756209936, 0.016312170313, 0.0083854421171],
      [0.074759460321, 0.063075973112, 0.14155710737, 0.02197300233, 0.14656110382, 0.23148642696, 0.017766870907, 0.21506680476, 0.029848005126, 0.057905245293]
    ],
    [
      [0.5048134536, 0.018710749134, 0.1003226135, 0.068074217932, 0.11817596357, 0.006579837662, 0.0090543180702, 0.046329222969, 0.058233616125, 0.06970600743],
      [0.10607858204, 0.23263382702, 0.024166091408, 0.0049209669269, 0.27580916465, 0.0093494598338, 0.061476794441, 0.068809570286, 0.11473542058, 0.10202012281],
      [0.011135339199, 0.25209824643, 0.039943360084, 0.023169258298, 0.149278817, 0.02893987469, 0.029705480199, 0.26267101006, 0.13713615933, 0.065922454716],
      [0.10511720912, 0.02320096478, 0.12174812516, 0.10944580034, 0.1319866112, 0.013612677364, 0.23928260946, 0.15982822794, 0.00046912894076, 0.095308645697],
      [0.19987913701, 0.50194395001, 0.10949888109, 0.0038826474534, 0.052325799954, 0.019993058925, 0.038004466389, 0.038569195125, 0.024212992248, 0.011689871796],
      [0.074312333228, 0.075668718197, 0.15570526639, 0.0079930865321, 0.18611631715, 0.16947780215, 0.035707927251, 0.15419205947, 0.050625903357, 0.090200586271]
    ],
    [
      [0.34306266997, 0.035382655929, 0.063227139689, 0.13899395599, 0.20733056528, 0.015465666686, 0.0080894139148, 0.11508619308, 0.02056509575, 0.05279664371],
      [0.04598765546, 0.323048615, 0, 0.013629606215, 0.35370730305, 0.02481428067, 0.041379663611, 0.12150003606, 0.02608864857, 0.049844191361],
      [0.0031743142168, 0.29378322072, 0.0078087487471, 0.03184013214, 0.16087080533, 0.037944349674, 0.018802051454, 0.39308331198, 0.024744413571, 0.027948652162],
      [0.052100121507, 0.03321778532, 0.055361619706, 0.16537858096, 0.17219022971, 0.021550179364, 0.15074027343, 0.29576179374, 0, 0.05369941626],
      [0.09144075424, 0.66557586402, 0.045932277437, 0.0068205489507, 0.063771783033, 0.028513913965, 0.023365292477, 0.065059594329, 0.0045517162152, 0.0049682553363],
      [0.033539829214, 0.098532855273, 0.066134200504, 0.011690448868, 0.2204847464, 0.23064944993, 0.021043251246, 0.25979615594, 0.011908195803, 0.046220866823]
    ],
    [
      [0.50315387188, 0.016184505388, 0.068387754451, 0.14917078003, 0.099284129142, 0.012634661659, 0.0059892023327, 0.051051788039, 0.04017022048, 0.053973086596],
      [0.11765018839, 0.24503405602, 0.014845630745, 0.012630269776, 0.2678997602, 0.026252052884, 0.041086552908, 0.087933874256, 0.099411396358, 0.087256218467],
      [0.010088251467, 0.24273648854, 0.028570263484, 0.054711375958, 0.13046104329, 0.053043562054, 0.023773567918, 0.30485349126, 0.09432186034, 0.057440095697],
      [0.1042119096, 0.021376129203, 0.085118353076, 0.2458443025, 0.11374668414, 0.02369671305, 0.14696265753, 0.18233702794, 0.0013058849102, 0.075400338056],
      [0.21393867193, 0.50862862523, 0.082391299863, 0.0094119470445, 0.047971314637, 0.036878692216, 0.025572068109, 0.046879156553, 0.018253199986, 0.010075024425],
      [0.071323633283, 0.068496149484, 0.10583788845, 0.017748369783, 0.15638846972, 0.28143904539, 0.022617885404, 0.17092763832, 0.035003483342, 0.07021743682]
    ],
    [
      [0.52991726394, 0.014428534035, 0.091515472594, 0.10565775851, 0.076675936001, 0.012465074186, 0.0030315054379, 0.052771205326, 0.047480266642, 0.066056983329],
      [0.13153566834, 0.22381005723, 0.021787085566, 0.010102736486, 0.22091827147, 0.027584222758, 0.026839218235, 0.096201277755, 0.12668521059, 0.11453625158],
      [0.0097999073658, 0.21910585988, 0.045278505432, 0.044943979119, 0.10113027021, 0.05719981097, 0.010946299162, 0.32853230441, 0.10942061243, 0.07364245101],
      [0.12135876136, 0.020682017666, 0.12696473947, 0.19440624392, 0.097611864739, 0.026308662013, 0.10177799037, 0.20662381751, 0.0003309014364, 0.10393500152],
      [0.23754191277, 0.45820458831, 0.11746915366, 0.008512175671, 0.037699085806, 0.039311256558, 0.01629704715, 0.051035064421, 0.020193899547, 0.0137358161],
      [0.074645926996, 0.059381771733, 0.1409649669, 0.012820660716, 0.1208704649, 0.27698282624, 0.013187965176, 0.17440032133, 0.04138880249, 0.085356293515]
    ],
    [
      [0.25387991717, 0.015661877493, 0.17747868161, 0.1372611656, 0.17927334468, 0.015471780981, 0.0034251232917, 0.071434231876, 0.053925018356, 0.092188858947],
      [0.04602015287, 0.18357189903, 0.028706303307, 0.0099024260367, 0.3720903802, 0.024587072204, 0.024187304889, 0.09377312374, 0.10229535645, 0.11486598128],
      [0, 0.17348895762, 0.051562380693, 0.043966110233, 0.18009916765, 0.051232440824, 0.0076900830552, 0.32156380013, 0.096027153057, 0.074369906745],
      [0.028717246899, 0.029181057309, 0.17646860129, 0.18000000049, 0.16378971437, 0.023700851723, 0.092141840859, 0.20032926452, 0.0014399264623, 0.10423149607],
      [0.1011219362, 0.45653343737, 0.19692200328, 0.008717149332, 0.079555730975, 0.040936930062, 0.018036853665, 0.059964075177, 0.022556852685, 0.015655031249],
      [0.024843885346, 0.046607450809, 0.19154517205, 0.012430378173, 0.19701039016, 0.23531822265, 0.011195367849, 0.16465526922, 0.032940042841, 0.083453820892]
    ],
    [
      [0.36673908409, 0.021561017482, 0.063014660939, 0.15880446572, 0.22059137417, 0.01288811319, 0.013606992096, 0.048312357592, 0.036754232619, 0.057727702105],
      [0.060307693809, 0.21534803548, 0.0093995438911, 0.0096155452987, 0.4208440979, 0.018849061836, 0.079019563806, 0.058253199939, 0.062811028387, 0.065552229658],
      [0.010192020288, 0.25549724386, 0.017646998299, 0.051988496187, 0.22174383322, 0.047472557744, 0.03842950529, 0.22890766751, 0.076254625167, 0.051867052436],
      [0.054490268811, 0.020035095467, 0.055762553241, 0.18622881174, 0.179453379, 0.017675035778, 0.30453389368, 0.12197676079, 0.0016427014292, 0.058201500064],
      [0.13427550551, 0.5468896125, 0.065072052981, 0.0092242454005, 0.089723302094, 0.032845425306, 0.059744175676, 0.037602456933, 0.015119996915, 0.0095032266784],
      [0.043011643106, 0.071565790914, 0.079786416212, 0.015451569536, 0.28599344689, 0.23619160137, 0.048123806368, 0.13217580528, 0.026505213749, 0.061194706569]
    ],
    [
      [0.49451145639, 0.022968885178, 0.064241283153, 0.083469989984, 0.16995809199, 0.018176048323, 0.0074522162853, 0.063609853249, 0.01951159707, 0.056100578378],
      [0.089626192368, 0.26855962781, 0.010537771186, 0.0054970256287, 0.35961556758, 0.029674949127, 0.042333728456, 0.085331356103, 0.037853515978, 0.070970265762],
      [0.010965596262, 0.27859054499, 0.018139469637, 0.024949364414, 0.18266284615, 0.064149680876, 0.025967487444, 0.31034002984, 0.035492752532, 0.048742227862],
      [0.09385345974, 0.027981858126, 0.074471937362, 0.12624476503, 0.18047248106, 0.031727385063, 0.18391835182, 0.20790178867, 0.00053553011912, 0.072892443005],
      [0.16615527911, 0.57015941987, 0.061963576824, 0.004214299569, 0.065671041107, 0.042855831741, 0.027005832954, 0.046669083628, 0.0070538601169, 0.0082517750855],
      [0.054114815622, 0.075227586333, 0.077123876716, 0.0076160644814, 0.2082733596, 0.32174902658, 0.022199382928, 0.16412479197, 0.013351955134, 0.056219140636]
    ],
    [
      [0.25880677098, 0.02045672734, 0.18899973239, 0.29499876087, 0.07485331077, 0.024732987789, 0.011983512838, 0.069638576295, 0.019041394477, 0.036488226248],
      [0.063871252972, 0.2808016769, 0.04171514006, 0.022349857705, 0.21085622773, 0.054458535534, 0.095389389982, 0.12105437959, 0.047950141932, 0.061553397595],
      [0.0060247906582, 0.24199629777, 0.065231821071, 0.06873636454, 0.071916567151, 0.085892116762, 0.040312262473, 0.35491497561, 0.038631362855, 0.026343441119],
      [0.034990241446, 0.01774373087, 0.14959360924, 0.30881641972, 0.053545001812, 0.030497921257, 0.21793491655, 0.15373490032, 0.00065352546262, 0.032489733322],
      [0.095716608739, 0.48220254632, 0.19573500329, 0.013959161093, 0.030869754783, 0.064844068815, 0.049357086823, 0.054435574411, 0.0075497189387, 0.0053304767881],
      [0.025400323413, 0.053522762207, 0.19619562748, 0.019896575149, 0.078836763432, 0.39819347234, 0.032905158827, 0.15222566014, 0.011322454235, 0.031501202775]
    ],
    [
      [0.39855195991, 0.03014901136, 0.065557800754, 0.10881033152, 0.17178456918, 0.012141426652, 0.006625936888, 0.09625442611, 0.019864840283, 0.090259697343],
      [0.064211423274, 0.30463689714, 0.0093440457352, 0.0063799741147, 0.31666246508, 0.017566034781, 0.033518249581, 0.11346655486, 0.034281812087, 0.099932543357],
      [0.008433157062, 0.28818867432, 0.0086238751224, 0.028107522285, 0.15296270554, 0.03314289591, 0.018886600106, 0.37168069605, 0.025562215915, 0.06441165769],
      [0.06642143836, 0.03123272162, 0.065134610199, 0.14261873149, 0.15757024116, 0.018769857482, 0.14285565312, 0.27323359074, 0, 0.10216315582],
      [0.11720795854, 0.64040425585, 0.054264855837, 0.0050661061396, 0.057921376145, 0.025203891372, 0.021468529976, 0.060833478586, 0.0057501463089, 0.011879401252],
      [0.043477145619, 0.094399999531, 0.075751870027, 0.010129683671, 0.204397565, 0.20888447839, 0.020096748532, 0.24176392994, 0.012481843329, 0.088616735972]
    ],
    [
      [0.42566899983, 0.018998183096, 0.18161177453, 0.058693052482, 0.080879284308, 0.0066503506113, 0.0083534500053, 0.066964160041, 0.03767039861, 0.11451034649],
      [0.091559904112, 0.24195504231, 0.034791696947, 0.0037928560839, 0.19953803458, 0.013524877984, 0.05589927376, 0.1041100264, 0.083868841046, 0.17095944678],
      [0.016244354662, 0.24135182746, 0.056687535158, 0.01148197946, 0.088034180082, 0.020000335189, 0.032747162222, 0.35614766214, 0.084051778289, 0.09325318534],
      [0.077053668863, 0.021765500208, 0.19380566625, 0.082101640501, 0.078854719727, 0.010909708391, 0.19261716287, 0.20164258652, 0.0024963162634, 0.1387530304],
      [0.15854401539, 0.47754400349, 0.19004905489, 0.001962511663, 0.033144274578, 0.018097726136, 0.034071456045, 0.054303743483, 0.015931583258, 0.016351631067],
      [0.053766784922, 0.066236594507, 0.24380367895, 0.0047868557232, 0.11007031593, 0.1437945469, 0.028839205873, 0.19120322529, 0.029303788811, 0.12819500309]
    ],
    [
      [0.45740359727, 0.025655763199, 0.095053873813, 0.11020490826, 0.12581518767, 0.015024052086, 0.0078354239011, 0.060931588694, 0.047440026922, 0.054635578182],
      [0.085904414848, 0.30946613318, 0.016323523026, 0.0072553518412, 0.26444090794, 0.024369534588, 0.050306074444, 0.081412809185, 0.091540210595, 0.068981040355],
      [0.0082940266055, 0.31036430495, 0.031490799761, 0.031175710373, 0.13128644284, 0.047424607223, 0.023541796282, 0.28567986198, 0.087839620783, 0.042902829199],
      [0.086075681207, 0.025981122657, 0.10544635015, 0.15955470882, 0.12595367693, 0.02760991662, 0.20557578045, 0.18901914635, 0.0061311067009, 0.068652510116],
      [0.14205974182, 0.60458886185, 0.08187156063, 0.0049836260482, 0.04361125406, 0.031405245489, 0.028792602778, 0.039912871227, 0.015687721583, 0.0070865145167],
      [0.054990015001, 0.089358406477, 0.12036970677, 0.010695399458, 0.16231335299, 0.2759612374, 0.027670694022, 0.16628559224, 0.034392057977, 0.05796353767]
    ],
    [
      [0.51381658142, 0.02015537933, 0.061522218149, 0.12883526246, 0.09757908112, 0.025750240787, 0.0083974498186, 0.066464177526, 0.014847171188, 0.062632438199],
      [0.11509956002, 0.27216467111, 0.010175297791, 0.011051935079, 0.2447887288, 0.0511539581, 0.060645823944, 0.10594100076, 0.034005870717, 0.094973153668],
      [0.011065498875, 0.25561323671, 0.020969299678, 0.041527078356, 0.11391652535, 0.097784986178, 0.026988500798, 0.34567787611, 0.03067637118, 0.055780626766],
      [0.098728603246, 0.026254293765, 0.056708828175, 0.18915906771, 0.095642123403, 0.033607963961, 0.20687645741, 0.20882359577, 0.0010044274759, 0.08319463908],
      [0.19097224752, 0.525865775, 0.062653933503, 0.0078360038002, 0.040201638233, 0.068198828046, 0.034962615055, 0.052546897145, 0.005941718277, 0.010820343422],
      [0.053399824999, 0.058288579731, 0.065174205759, 0.01183330247, 0.1075816685, 0.45712066738, 0.024552092956, 0.15480280043, 0.0092653943552, 0.057981463429]
    ],
    [
      [0.58332443716, 0.014628611167, 0.063665810732, 0.081510487775, 0.12464061249, 0.013683130626, 0.0061363792638, 0.0276601586, 0.013772101126, 0.070978271061],
      [0.14092682912, 0.21621325959, 0.014509905519, 0.0076230131222, 0.3445321742, 0.029295917079, 0.045548102231, 0.048963024439, 0.034431513911, 0.11795626079],
      [0.015450861964, 0.26501838975, 0.033785375886, 0.037165005034, 0.20789577859, 0.069690315499, 0.026189335342, 0.21522053066, 0.040531774815, 0.08905263246],
      [0.12656798943, 0.024728725717, 0.092243333231, 0.1556160797, 0.16341197558, 0.034271968823, 0.18501768742, 0.098704502782, 0.0041096192906, 0.11532811803],
      [0.26301514619, 0.46852575997, 0.080681693569, 0.006142799169, 0.063449166884, 0.042678056869, 0.029636201169, 0.02528129538, 0.0070483070737, 0.013541573733],
      [0.084572559557, 0.059957429309, 0.099316008081, 0.010097953161, 0.19845083561, 0.32218668888, 0.023829840171, 0.096481206863, 0.012223261688, 0.092884216675]
    ],
    [
      [0.52837035527, 0.016906602727, 0.10257172936, 0.078205335302, 0.12993168207, 0.010763203457, 0.0075559859922, 0.065078737814, 0.029461265115, 0.031155102897],
      [0.11769526373, 0.23273251553, 0.021604305901, 0.0053184893416, 0.32725075888, 0.021344122793, 0.055237173468, 0.10368672021, 0.068810124785, 0.04632052537],
      [0.011268730543, 0.23327123026, 0.040817985123, 0.026332560025, 0.16237205756, 0.041241687785, 0.025986579647, 0.36382729882, 0.065594576711, 0.029287293527],
      [0.10570704868, 0.0215878293, 0.1265079702, 0.11806616144, 0.14351447874, 0.022894171554, 0.2046267406, 0.21971317268, 0.0073543397142, 0.030028087098],
      [0.20928309395, 0.48138339899, 0.11358652642, 0.0038352678797, 0.057800375439, 0.029444702459, 0.033902033266, 0.0543746272, 0.013026049892, 0.0033639245146],
      [0.071221475751, 0.064769644601, 0.14745389658, 0.008023465062, 0.19007773667, 0.22759365432, 0.029087755915, 0.20041594297, 0.024325738366, 0.037030689766]
    ],
    [
      [0.39572797821, 0.019107364025, 0.11402562522, 0.16445705711, 0.11137099316, 0.010820664105, 0.0044287793477, 0.086719174834, 0.018047967657, 0.075294396333],
      [0.087494179175, 0.25851523389, 0.022906868795, 0.01247642843, 0.27381148964, 0.020520755628, 0.036977133137, 0.13625795973, 0.040077836498, 0.11096211508],
      [0.0075320623897, 0.22525897126, 0.038732729163, 0.047327189137, 0.11845298166, 0.035268412613, 0.014735481792, 0.41872245099, 0.033600138181, 0.060369582819],
      [0.070309879078, 0.020595933977, 0.11912177843, 0.21723918282, 0.10296327562, 0.019033546846, 0.11339191535, 0.24258662401, 0.0042487345741, 0.090509129302],
      [0.15258074691, 0.53042426412, 0.12132347992, 0.0088409039343, 0.047461441844, 0.028351253669, 0.021639738042, 0.069161624913, 0.0077028037405, 0.012513742915],
      [0.049606246523, 0.066954753963, 0.14919623066, 0.016343030932, 0.14871528018, 0.20865178781, 0.017932769815, 0.24683056717, 0.013366064854, 0.082403268088]
    ],
    [
      [0.4322165645, 0.023253283153, 0.0906808235, 0.15567781346, 0.15482172687, 0.011194097983, 0.0053026349022, 0.056569710012, 0, 0.070283345614],
      [0.10228119134, 0.28983620248, 0.016782163815, 0.010342271099, 0.34932277267, 0.019549311336, 0.036324762504, 0.080560683422, 0, 0.095000641333],
      [0.025631836113, 0.30190742325, 0.033407043704, 0.048687817146, 0.17962877949, 0.039422010048, 0.017726789795, 0.2924040603, 0, 0.06118424016],
      [0.076296131416, 0.026317563142, 0.10069554796, 0.22017102813, 0.15367456863, 0.021223109285, 0.13605465988, 0.17473496357, 0, 0.090832427985],
      [0.15100272455, 0.59358333476, 0.087757137918, 0.0072696714402, 0.059969400721, 0.026589188848, 0.02168929714, 0.041427288484, 0, 0.01071195614],
      [0.061865019487, 0.086067443877, 0.12499240006, 0.015818803985, 0.21768651212, 0.22496712301, 0.020393204683, 0.16704805078, 0, 0.081161441995]
    ],
    [
      [0.28626195666, 0.022856975232, 0.19956568174, 0.12044903698, 0.15166437678, 0.025373544666, 0.0074688864295, 0.044268846039, 0.064916083463, 0.07717461201],
      [0.050748414902, 0.24916705643, 0.028822936625, 0.0091814602174, 0.30697096482, 0.04034779443, 0.042672422444, 0.055166224977, 0.12212511814, 0.094797607007],
      [0.0032237257585, 0.25632232633, 0.059727447724, 0.035514178098, 0.15729807691, 0.081839299478, 0.021934424476, 0.20242926885, 0.12023071594, 0.061480536429],
      [0.043489295268, 0.030455868271, 0.18656119342, 0.16785965165, 0.14893007039, 0.039732979956, 0.16859258595, 0.11655531077, 0.001398569764, 0.096424474552],
      [0.092569861665, 0.52011961946, 0.17815472101, 0.0068202822977, 0.055881604607, 0.057361287348, 0.026711506691, 0.02888571483, 0.021986014183, 0.011509387912],
      [0.024636147579, 0.057823747756, 0.18623534282, 0.010123097389, 0.14657742288, 0.37020853339, 0.019120491741, 0.088769522975, 0.034488488622, 0.062017204844]
    ],
    [
      [0.35034942496, 0.0081696457948, 0.128068723, 0.1526997396, 0.13739875505, 0.013745774702, 0.0099233217713, 0.093910978059, 0.015740047269, 0.08999358979],
      [0.12967921826, 0.066235376815, 0.026312504959, 0.012354006185, 0.34439299548, 0.027315537519, 0.073282356106, 0.14818915286, 0.036282419077, 0.13595643275],
      [0.0066163800043, 0.10462044951, 0.044756110459, 0.045755483595, 0.15103253231, 0.046999336616, 0.030518617009, 0.46441554416, 0.030630898866, 0.074654647471],
      [0.043906364684, 0, 0.11546220579, 0.17862353736, 0.11391060871, 0.023406721988, 0.20006623583, 0.22744463093, 0.0040559832683, 0.093123711442],
      [0.1796179634, 0.31599003411, 0.18117348345, 0.011580437276, 0.078039913635, 0.04840226121, 0.057584632517, 0.099572077232, 0.0088158148459, 0.019223382324],
      [0.038965186916, 0.026249054088, 0.14979607722, 0.013901219398, 0.16355808222, 0.24135713636, 0.031529985176, 0.23575256369, 0.010648812748, 0.088241882184]
    ],
    [
      [0.36106107405, 0.016092005657, 0.097333468374, 0.1419341136, 0.17280369913, 0.010899946401, 0.0072099978219, 0.051080587127, 0.047210582874, 0.094374524969],
      [0.069048101582, 0.19467110081, 0.017039898007, 0.0096360855564, 0.36925949358, 0.017788145546, 0.04172565798, 0.068606015205, 0.091774757939, 0.1204507438],
      [0.0071694351842, 0.2135328693, 0.035590607386, 0.044051218495, 0.19878543758, 0.037864922608, 0.021599928411, 0.26350006867, 0.096496654472, 0.081408857896],
      [0.06528869562, 0.014820312895, 0.10414874926, 0.1992817016, 0.16401737479, 0.018717642293, 0.16338735701, 0.15264496079, 0.004230482959, 0.11346272278],
      [0.15267713223, 0.49530472019, 0.11549118518, 0.010670639636, 0.074382888205, 0.032603814645, 0.034748055904, 0.043568920056, 0.024158109354, 0.016394534605],
      [0.045841849441, 0.059408264852, 0.12861353153, 0.014602488531, 0.2337277083, 0.20785102563, 0.024293729837, 0.14555477983, 0.035439391541, 0.1046672305]
    ],
    [
      [0.44221075157, 0.022124012141, 0.1976243178, 0.11296195979, 0.10780978942, 0.0053279485931, 0.011015391888, 0.040122023418, 0.013257801164, 0.047546004221],
      [0.10651401351, 0.28271234276, 0.041105359658, 0.0096910335449, 0.28510822885, 0.013618994398, 0.085549824407, 0.068217213512, 0.032512980641, 0.074970008716],
      [0.012535212976, 0.30150927703, 0.084296390742, 0.043018047389, 0.15026320133, 0.028389505475, 0.042449681469, 0.25447800179, 0.033154554688, 0.049906127119],
      [0.078602366737, 0.022210779718, 0.2038964118, 0.15087849809, 0.10023243576, 0.0098029931778, 0.26351026492, 0.11637441391, 0.00025589906097, 0.054235936833],
      [0.16795428016, 0.49711675081, 0.17326270831, 0.012713948522, 0.048344448877, 0.010376633576, 0.045520524759, 0.028768800532, 0.0040593265731, 0.011882577875],
      [0.063098319342, 0.078147174524, 0.29849185067, 0.013019630556, 0.16042388444, 0.14674417947, 0.043225376106, 0.12787544445, 0.011159128823, 0.057815011621]
    ],
    [
      [0.44105035938, 0.020075307433, 0.088766645081, 0.10795210253, 0.10728244735, 0.0051334240131, 0.00437489779, 0.085341531154, 0.090695360438, 0.049327924835],
      [0.095787265812, 0.23910494655, 0.016745925415, 0.0080612360114, 0.23892338589, 0, 0.02868516409, 0.1198994362, 0.18614847199, 0.066644168037],
      [0.014645249328, 0.21629336373, 0.028716161625, 0.029316610915, 0.10723020456, 0.0081299941206, 0.012259451054, 0.38496258003, 0.1608434574, 0.037602927242],
      [0.098299318285, 0.025460033484, 0.10630484993, 0.17353850148, 0.11806807779, 0, 0.12026819692, 0.29023365032, 0.00027339935747, 0.067553972432],
      [0.17574267289, 0.53945822783, 0.10117130191, 0.011404763535, 0.052101730691, 0, 0.020348257722, 0.067637774892, 0.018862500955, 0.013272769577],
      [0.063784428655, 0.080108901504, 0.13315425653, 0.012720269703, 0.1642806784, 0.11521207861, 0.017812670024, 0.27592300016, 0.074413215163, 0.062590501251]
    ],
    [
      [0.37061977177, 0.014826684567, 0.14775931901, 0.13925264327, 0.15196378063, 0.016227276181, 0.0060479378862, 0.076222457175, 0.024220178207, 0.052859951312],
      [0.08026156375, 0.19909712445, 0.027465098046, 0.010611848682, 0.36629958347, 0.030379878235, 0.041214494317, 0.11561348699, 0.052744549355, 0.07631237271],
      [0.0072707943451, 0.18561050737, 0.050608789864, 0.041288333823, 0.16774722531, 0.055467341566, 0.018263317161, 0.3823457863, 0.047253341738, 0.044144562518],
      [0.064903464897, 0.014607708819, 0.148370531, 0.18752641315, 0.14082350692, 0.025630989813, 0.13593197287, 0.21965144973, 0.0016503921795, 0.060903570616],
      [0.15483243214, 0.43213598774, 0.1609281997, 0.012120711385, 0.068400699083, 0.049306845076, 0.030654036972, 0.06386127042, 0.015542707968, 0.012217109514],
