{
  "X": [
    [0, 0, 4, 9, 0],
    [24, 44, 112, 457, 22],
    [9, 25, 72, 230, 10],
    [13, 19, 52, 274, 21],
    [21, 22, 154, 243, 22],
    [13, 29, 157, 198, 12],
    [2, 7, 19, 12, 4],
    [9, 28, 68, 206, 12],
    [33, 43, 214, 239, 22],
    [45, 113, 695, 511, 36],
    [19, 40, 252, 178, 17],
    [5, 7, 10, 6, 0],
    [4, 13, 23, 37, 3],
    [0, 6, 12, 23, 1],
    [0, 4, 6, 15, 1],
    [25, 70, 196, 273, 13],
    [21, 26, 98, 112, 9],
    [0, 9, 11, 17, 2],
    [7, 27, 62, 111, 8],
    [4, 13, 16, 24, 5],
    [21, 45, 106, 205, 23],
    [3, 8, 15, 41, 0],
    [15, 40, 179, 138, 8],
    [3, 10, 23, 26, 0],
    [2, 3, 18, 12, 1],
    [39, 42, 481, 164, 25],
    [39, 156, 298, 609, 44],
    [22, 85, 180, 373, 40],
    [33, 57, 182, 320, 20],
    [28, 115, 257, 514, 25],
    [9, 24, 176, 76, 6],
    [0, 1, 6, 2, 4],
    [82, 148, 652, 723, 49],
    [1, 3, 8, 16, 4],
    [59, 86, 643, 483, 40],
    [34, 87, 245, 324, 34],
    [20, 47, 99, 232, 20],
    [33, 118, 422, 432, 44],
    [21, 55, 175, 209, 15],
    [31, 165, 352, 591, 47],
    [14, 20, 70, 179, 13],
    [7, 13, 32, 124, 7],
    [370, 831, 3194, 4733, 321],
    [31, 114, 302, 422, 59],
    [91, 326, 691, 949, 141],
    [9, 62, 109, 149, 5]
  ],
  "W": [
    [0, 5, 3, 4, 1, 0],
    [20, 41, 335, 137, 103, 23],
    [10, 37, 153, 89, 45, 12],
    [13, 26, 220, 62, 38, 20],
    [16, 38, 175, 181, 44, 8],
    [15, 32, 117, 192, 42, 11],
    [1, 3, 12, 20, 6, 2],
    [12, 20, 161, 86, 33, 11],
    [29, 55, 148, 263, 43, 13],
    [39, 122, 319, 797, 100, 23],
    [20, 46, 106, 279, 39, 16],
    [1, 8, 4, 14, 1, 0],
    [2, 22, 16, 31, 7, 2],
    [0, 8, 13, 20, 1, 0],
    [0, 6, 12, 7, 0, 1],
    [23, 74, 175, 240, 51, 14],
    [12, 24, 67, 111, 43, 9],
    [0, 5, 21, 11, 1, 1],
    [3, 31, 71, 66, 32, 12],
    [2, 10, 21, 19, 8, 2],
    [15, 48, 147, 128, 46, 16],
    [2, 13, 24, 18, 4, 6],
    [14, 30, 103, 194, 28, 11],
    [1, 7, 19, 30, 5, 0],
    [1, 4, 9, 19, 1, 2],
    [25, 55, 98, 513, 51, 9],
    [32, 200, 402, 349, 123, 40],
    [24, 111, 237, 209, 81, 38],
    [18, 80, 214, 220, 64, 16],
    [26, 156, 319, 307, 96, 35],
    [7, 33, 39, 184, 19, 9],
    [1, 2, 3, 5, 1, 1],
    [59, 163, 462, 788, 147, 35],
    [2, 3, 13, 10, 4, 0],
    [32, 121, 300, 733, 98, 27],
    [27, 119, 221, 268, 64, 25],
    [22, 45, 183, 108, 40, 20],
    [31, 116, 310, 476, 80, 36],
    [17, 60, 158, 193, 36, 11],
    [27, 256, 345, 423, 107, 28],
    [16, 30, 102, 93, 42, 13],
    [5, 20, 94, 38, 21, 5],
    [324, 1153, 3157, 3627, 936, 252],
    [23, 134, 332, 314, 76, 49],
    [69, 356, 692, 789, 200, 92],
    [7, 111, 84, 116, 9, 7]
  ],
  "method": "mvn_cdf",
  "mvncdf_method": "genz",
  "mvncdf_samples": 5000,
  "mvncdf_error": 1e-06,
  "cond_prob": [
    [
      [0.00031212284036, 0.0083584239351, 0.093162266195, 0.89265505732, 0.0055121297107],
      [0.00112927994, 0.098952008481, 0.03183362036, 0.86447062491, 0.0036144663053],
      [0.00043109001423, 0.0066320686658, 0.0024534241617, 0.98853654066, 0.0019468765022],
      [0.0016723562401, 0.0013787676167, 0.93770045257, 0.059154928286, 9.349528351e-05],
      [0.0018615590428, 0.0015048712297, 0.0087410175419, 0.98486301349, 0.0030295386911],
      [0.0002246538055, 0.05354411766, 0.02212239491, 0.91059749151, 0.013511342113]
    ],
    [
      [0.37150176239, 0.030762881733, 0.048505571374, 0.47926247831, 0.069967306195],
      [0.01276931693, 0.43809439434, 0.024973738192, 0.49654849344, 0.027614057101],
      [0.0085367956965, 0.048612927277, 0.0034035702425, 0.91136727728, 0.028079429506],
      [0.052478057605, 0.021534582744, 0.77940730684, 0.14405380629, 0.0025262465269],
      [0.054145838029, 0.010224156996, 0.011787056573, 0.87376352069, 0.050079427709],
      [0.0023457231001, 0.22740553738, 0.017062748111, 0.50399814318, 0.24918784823]
    ],
    [
      [0.28169225621, 0.029245441707, 0.048775092358, 0.56806991857, 0.072217291155],
      [0.0089725470289, 0.39099751611, 0.023420218358, 0.55001230114, 0.026597417359],
      [0.0055013256338, 0.039616506056, 0.0029262556832, 0.92715611383, 0.024799798801],
      [0.038599249596, 0.019882819293, 0.77345459223, 0.16553941993, 0.002523918948],
      [0.035373660914, 0.008444884978, 0.010273757752, 0.90104875736, 0.044858938992],
      [0.0016158125937, 0.19849599432, 0.01568119226, 0.54732552763, 0.23688147319]
    ],
    [
      [0.37601309344, 0.020942880717, 0.047579871016, 0.46227151383, 0.093192640996],
      [0.014907932916, 0.35085606978, 0.028661732322, 0.56245001783, 0.043124247154],
      [0.0088184773104, 0.034392578892, 0.0034532387707, 0.91452871756, 0.038806987469],
      [0.052799832524, 0.014720048954, 0.78976827598, 0.13934447692, 0.0033673656293],
      [0.054898269072, 0.0070848454369, 0.011719426915, 0.8584616264, 0.067835832179],
      [0.0023448358449, 0.15570508095, 0.016760163442, 0.48897683475, 0.336213085]
    ],
    [
      [0.39837368607, 0.019709712416, 0.05868289448, 0.40349918364, 0.11973452339],
      [0.017199556557, 0.35582050679, 0.038170040426, 0.5291914103, 0.05961848592],
      [0.010556074386, 0.036192127232, 0.0047761484702, 0.89278540635, 0.055690243563],
      [0.04940112444, 0.012162617232, 0.82781925678, 0.10682886906, 0.0037881324812],
      [0.064071360896, 0.0072751212317, 0.01581271264, 0.81775133569, 0.09508946954],
      [0.0024353270225, 0.14198293999, 0.02009232485, 0.41399426974, 0.42149513839]
    ],
    [
      [0.27740220586, 0.037317580333, 0.057148095396, 0.53945417973, 0.088677938685],
      [0.0081615534734, 0.45853902588, 0.025183052223, 0.47824006911, 0.029876299308],
      [0.0056307877233, 0.052099968759, 0.003542088675, 0.90737874734, 0.031348407503],
      [0.034337067976, 0.022817074019, 0.79862127777, 0.14144188731, 0.00278269293],
      [0.036245087022, 0.011118073806, 0.01245407872, 0.88334533232, 0.056837428135],
      [0.0014795915053, 0.23384064631, 0.016971791904, 0.47898363871, 0.26872433157]
    ],
    [
      [0.40222755554, 0.10598482105, 0.090436940608, 0.18672995908, 0.21462072373],
      [0.0041799411904, 0.86781905599, 0.017691700435, 0.077571674582, 0.032737627799],
      [0.010868718455, 0.27210184462, 0.0091713616463, 0.5773097085, 0.13054836678],
      [0.024694176929, 0.038010699634, 0.90488197397, 0.028833631644, 0.0035795178243],
      [0.075831141203, 0.057120015799, 0.033769086671, 0.5788146464, 0.25446510992],
      [0.00090280621313, 0.43682196343, 0.013972510199, 0.093106440813, 0.45519627934]
    ],
    [
      [0.27967238968, 0.047068085526, 0.04616716713, 0.53586129739, 0.091231060276],
      [0.0073055560401, 0.52116901817, 0.018192673121, 0.42578716025, 0.027545592411],
      [0.0055799629451, 0.065236224725, 0.0028311937417, 0.89435583727, 0.031996781313],
      [0.039790557557, 0.033190577452, 0.76171819613, 0.16199936068, 0.0033013081803],
      [0.036365976605, 0.014071608513, 0.010072205887, 0.88080142448, 0.058688784517],
      [0.0013902541208, 0.27831498278, 0.012868141034, 0.44763260111, 0.25979402096]
    ],
    [
      [0.41951408476, 0.029432173178, 0.049504737289, 0.3985526888, 0.10299631597],
      [0.01576865934, 0.459933704, 0.027897720669, 0.4520064694, 0.044393446588],
      [0.011205655495, 0.054122236297, 0.0040430086868, 0.88263762643, 0.047991473096],
      [0.059832139742, 0.020817164438, 0.79457540378, 0.12103235121, 0.0037429408265],
      [0.069152463517, 0.011066500864, 0.013616646176, 0.82281271723, 0.083351672218],
      [0.0025780846116, 0.21201937585, 0.016958595508, 0.40818906787, 0.36025487616]
    ],
    [
      [0.32812786196, 0.043958473917, 0.081867212108, 0.45056785735, 0.095478594663],
      [0.0096568796493, 0.52780271741, 0.035747134733, 0.39492287001, 0.031870398204],
      [0.0078054382709, 0.071043395466, 0.0058945735667, 0.87606751701, 0.039189075682],
      [0.031016578447, 0.020444568712, 0.85618207708, 0.090065844285, 0.0022909314725],
      [0.049700195582, 0.015024677062, 0.020515076168, 0.84447697084, 0.070283080342],
      [0.0017939676499, 0.27745520831, 0.024701058857, 0.40525899105, 0.29079077413]
    ],
    [
      [0.35682184112, 0.037613408542, 0.093979319204, 0.41522211484, 0.096363316293],
      [0.011486153852, 0.50467395068, 0.045316966139, 0.40296702779, 0.035555901539],
      [0.0090707191374, 0.065809263215, 0.0072966487533, 0.87510793196, 0.042715436934],
      [0.029685003513, 0.01549689045, 0.87933293102, 0.073445781858, 0.0020393931599],
      [0.0568802952, 0.013668481112, 0.024977219081, 0.82907574418, 0.075398260426],
      [0.0020533128116, 0.25415335395, 0.030119919835, 0.3980156766, 0.3156577368]
    ],
    [
      [0.99137257959, 0.0013335321085, 0.001323832758, 0.0056689513311, 0.0003011042147],
      [0.17322376794, 0.64489283687, 0.013317562677, 0.16437692934, 0.004188903173],
      [0.2303185933, 0.11692653093, 0.0036167933558, 0.64055981691, 0.0085782655049],
      [0.59585899972, 0.015966248125, 0.35786437993, 0.030059604514, 0.00025076771427],
      [0.74168135474, 0.0093910759115, 0.0052057477911, 0.23786185249, 0.0058599690695],
      [0.055952657777, 0.55659850329, 0.016438507987, 0.3082653544, 0.062744976548]
    ],
    [
      [0.40674336309, 0.032467141936, 0.031292989326, 0.44522912403, 0.084267381609],
      [0.012066443755, 0.47951588918, 0.015621180453, 0.4601216802, 0.032674806416],
      [0.0084928397908, 0.053999310269, 0.0022415174351, 0.90032666352, 0.034939668986],
      [0.070142652551, 0.029974482917, 0.72073469844, 0.17525502208, 0.0038931440082],
      [0.054822526144, 0.011329580722, 0.0077965181464, 0.8630874695, 0.062963905486],
      [0.0021143565511, 0.23280101177, 0.010172037418, 0.44594570047, 0.30896689379]
    ],
    [
      [0.02213608451, 0.051740301706, 0.01019986277, 0.81069079725, 0.10523295377],
      [0.00066712838882, 0.48900035328, 0.0032793077413, 0.48572958219, 0.021323628398],
      [0.00045652301485, 0.04898319196, 0.00045878201285, 0.92828285573, 0.021818647287],
      [0.011024596195, 0.073796218489, 0.4310211382, 0.47764992679, 0.0065081203254],
      [0.0027167035282, 0.010756352977, 0.0016324324682, 0.94276682184, 0.042127689186],
      [0.00012889599117, 0.24296918507, 0.0023142885625, 0.50728911498, 0.2472985154]
    ],
    [
      [0.027489285259, 0.050432781737, 0.05921554852, 0.76417934822, 0.098683036265],
      [0.0012771350361, 0.4895865217, 0.017013165614, 0.46971705783, 0.022406119818],
      [0.0008770370093, 0.049053362716, 0.0023652218924, 0.9243920354, 0.023312342986],
      [0.005761152114, 0.017210653416, 0.86758676947, 0.10784176486, 0.0015996601471],
      [0.0048594505029, 0.010725696202, 0.0085092564196, 0.93142707538, 0.044478521491],
      [0.00024689386542, 0.24106482198, 0.011821832772, 0.489819751, 0.25704670038]
    ],
    [
      [0.36523553821, 0.050798997411, 0.055567141417, 0.46074694202, 0.067651380941],
      [0.009881731472, 0.57100801301, 0.022514989275, 0.37559950725, 0.020995758999],
      [0.0084252202503, 0.080593476701, 0.0039145541758, 0.8798370071, 0.027229741773],
      [0.046425570098, 0.031968593464, 0.79489282749, 0.12451897164, 0.0021940373108],
      [0.054751338765, 0.017355118508, 0.013888328358, 0.86423216453, 0.049773049841],
      [0.0020525945991, 0.33479655391, 0.017393896562, 0.43108360717, 0.21467334777]
    ],
    [
      [0.59546639118, 0.032035319096, 0.061695662386, 0.25883068739, 0.051971939943],
      [0.024446656065, 0.57881866465, 0.039084335147, 0.33225454054, 0.025395803603],
      [0.022618341578, 0.087012689122, 0.0073604772777, 0.8472476422, 0.035760849824],
      [0.069240988162, 0.018968604846, 0.84448657103, 0.065723620917, 0.0015802150426],
      [0.13577418396, 0.017144790685, 0.023998592461, 0.76303997953, 0.060042453372],
      [0.004993872772, 0.33085670935, 0.029684569233, 0.37555985782, 0.25890499082]
    ],
    [
      [0.13997506275, 0.17721700166, 0.15565180268, 0.38957325789, 0.13758287502],
      [0.0011312920851, 0.86019586268, 0.019111210307, 0.10583176305, 0.013729871888],
      [0.0025662590604, 0.25669498668, 0.0086320674987, 0.68392847188, 0.048178214883],
      [0.0053834022605, 0.030628686013, 0.9341917751, 0.028661781002, 0.0011343556219],
      [0.019128831248, 0.061756348667, 0.03599115933, 0.77808276544, 0.10504089531],
      [0.00031675649249, 0.59429506215, 0.019482197322, 0.16322146406, 0.22268451997]
    ],
    [
      [0.4097312952, 0.038922731894, 0.095604685103, 0.38950849012, 0.066232797681],
      [0.01270931218, 0.53435525428, 0.046091055732, 0.3821059214, 0.02473845641],
      [0.010583047974, 0.072708601502, 0.0078056395194, 0.87755569278, 0.031347018224],
      [0.031397427946, 0.015216849055, 0.88681439422, 0.065242501826, 0.0013288269541],
      [0.067150580281, 0.01515148562, 0.026910370607, 0.83519186051, 0.055595702982],
      [0.0025243734486, 0.29802393959, 0.034039959325, 0.42016214883, 0.24524957881]
    ],
    [
      [0.55093754418, 0.065117816063, 0.040581727203, 0.20212017603, 0.14124273653],
      [0.010694402989, 0.7811831563, 0.014599469778, 0.15374807159, 0.039774899339],
      [0.017271551667, 0.18502286391, 0.0047626990862, 0.69465137013, 0.09829151521],
      [0.069422130433, 0.048374570657, 0.81283881186, 0.064258353149, 0.0051061338986],
      [0.11289710406, 0.03767487438, 0.01645093933, 0.65591604409, 0.17706103814],
      [0.0020358965814, 0.39104639281, 0.010273092426, 0.16204626655, 0.43459835163]
    ],
    [
      [0.45108362822, 0.036091070795, 0.048995351776, 0.35305342071, 0.11077652851],
      [0.015785485516, 0.53493017597, 0.026005583157, 0.37818544741, 0.045093307947],
      [0.012962949319, 0.072482713853, 0.0043523817809, 0.85386083525, 0.0563411198],
      [0.063878167875, 0.025572074371, 0.79913755755, 0.10738303508, 0.0040291651251],
      [0.079906350534, 0.014759289429, 0.01461658625, 0.79317169352, 0.097546080271],
      [0.002652363042, 0.25305579841, 0.016246668707, 0.35116385628, 0.37688131356]
    ],
    [
      [0.47114684977, 0.021455094333, 0.044464449341, 0.44072777689, 0.022205829668],
      [0.015394584792, 0.38866470291, 0.026521079072, 0.55856156721, 0.010858066012],
      [0.0092767689973, 0.037520160236, 0.0032477923166, 0.9400251206, 0.0099301578462],
      [0.054634071579, 0.014499224918, 0.80380833549, 0.12627853496, 0.00077983305329],
      [0.060688785128, 0.0078895251619, 0.011363857702, 0.90238547996, 0.017672352049],
      [0.0031685182123, 0.22444687429, 0.020376927427, 0.64117914928, 0.11082853079]
    ],
    [
      [0.40397318636, 0.059543347549, 0.10721911822, 0.3683440321, 0.060920315776],
      [0.010261602188, 0.64527690086, 0.041175518629, 0.2853201018, 0.017965876521],
      [0.010948604631, 0.11253287044, 0.0089510658647, 0.83839145759, 0.029176001483],
      [0.029415834674, 0.021631779509, 0.89037053924, 0.057443337245, 0.0011385093313],
      [0.071027115502, 0.024085592238, 0.031652518156, 0.82008300914, 0.053151764965],
      [0.0023100747969, 0.40776961477, 0.034466121988, 0.35520707793, 0.20024711051]
    ],
    [
      [0.43134654098, 0.10276617752, 0.042292640502, 0.39761699562, 0.025977645384],
      [0.005374887889, 0.79563605554, 0.0093956984578, 0.18494335367, 0.0046500044439],
      [0.0083068615047, 0.17199075573, 0.0029425875404, 0.80570695115, 0.011052844079],
      [0.054377215497, 0.072643866799, 0.75235543719, 0.11966246143, 0.00096101908736],
      [0.060616358606, 0.039536056684, 0.011489882407, 0.86632543879, 0.022032263517],
      [0.0015840827653, 0.61848140789, 0.010297659478, 0.30417399585, 0.065462854013]
    ],
    [
      [0.64605195387, 0.015601181489, 0.087399425861, 0.22463547344, 0.026311965338],
      [0.022943517639, 0.4648700964, 0.070402655312, 0.42224655464, 0.019537176],
      [0.01694512892, 0.04983226511, 0.010524914855, 0.90074326833, 0.021954422784],
      [0.035221488257, 0.0061851554886, 0.920249245, 0.037801429162, 0.00054268208963],
      [0.10929225151, 0.0097707859247, 0.035211613453, 0.80866572597, 0.037059623137],
      [0.0045702272583, 0.24632965409, 0.05218444676, 0.47353934676, 0.22337632514]
    ],
    [
      [0.46821698224, 0.027174531837, 0.10245642667, 0.2753559838, 0.12679607545],
      [0.020359720927, 0.48997914126, 0.066617745628, 0.36009468089, 0.062948711301],
      [0.016957026824, 0.067545578418, 0.011316343899, 0.82436366907, 0.079817381789],
      [0.036969274118, 0.010632410934, 0.9035643372, 0.046290118585, 0.0025438591607],
      [0.098372519375, 0.012980196627, 0.035829174159, 0.72234912594, 0.1304689839],
      [0.002999636433, 0.20339302542, 0.036493805614, 0.29306615987, 0.46404737266]
    ],
    [
      [0.3591296389, 0.042552966097, 0.062506846866, 0.44733835259, 0.088472195555],
      [0.010859361322, 0.52617234483, 0.028123781064, 0.4043746928, 0.03046981998],
      [0.0086164655846, 0.069618943704, 0.0045517278439, 0.88043741299, 0.036775449873],
      [0.04220707465, 0.024663123783, 0.81904989672, 0.11143252572, 0.0026473791295],
      [0.05488726035, 0.014724479841, 0.015842492777, 0.84861258928, 0.065933177754],
      [0.0020361357361, 0.27940482847, 0.019615105632, 0.41883670499, 0.28010722517]
    ],
    [
      [0.31835027175, 0.038786876932, 0.063319664847, 0.4598649465, 0.11967823998],
      [0.0098267905433, 0.49279459246, 0.029169736901, 0.42600704671, 0.042201833386],
      [0.00737986297, 0.061561196787, 0.0044669177079, 0.87838715333, 0.04820486921],
      [0.036855328213, 0.02217266661, 0.82451741933, 0.11292944332, 0.0035251425226],
      [0.046625097922, 0.012905554264, 0.015416270575, 0.83932503855, 0.085728038688],
      [0.0016535416086, 0.23448400768, 0.018253014764, 0.39596479326, 0.34964464269]
    ],
    [
      [0.49106231415, 0.026364576764, 0.049499725668, 0.36650865808, 0.066564725339],
      [0.020365946178, 0.45567772552, 0.030909909899, 0.46115429212, 0.031892126283],
      [0.014365837685, 0.053388903488, 0.0044463992278, 0.89357207721, 0.034226782392],
      [0.069862671307, 0.018681300667, 0.79749021822, 0.11153478403, 0.0024310257763],
      [0.088116901011, 0.010842977867, 0.014874148699, 0.82719376286, 0.058972209559],
      [0.003672371989, 0.23228494192, 0.020734436221, 0.45959574611, 0.28371250376]
    ],
    [
      [0.3186242648, 0.04040128571, 0.059954988684, 0.51046178791, 0.07055767289],
      [0.009416345553, 0.48906705414, 0.026381089413, 0.45136322881, 0.023772282091],
      [0.0068668578951, 0.059426777929, 0.0039241005881, 0.90341511193, 0.026367151656],
      [0.038331336149, 0.023965837703, 0.80543596697, 0.13010600516, 0.0021608540241],
      [0.044269333043, 0.012720933445, 0.013823659512, 0.88134455798, 0.047841516019],
      [0.0018280108599, 0.26882157847, 0.019050568876, 0.48406631968, 0.22623352211]
    ],
    [
      [0.39396231249, 0.034469960742, 0.13240525994, 0.37518385572, 0.063978611102],
      [0.013344163876, 0.5018955348, 0.068255661713, 0.39113342257, 0.025371217046],
      [0.010874137437, 0.06693106612, 0.011337480268, 0.87940419793, 0.031453118247],
      [0.02375667913, 0.010422322666, 0.9161757579, 0.048653605868, 0.00099163443624],
      [0.067765218374, 0.01375368751, 0.038477695464, 0.82497409798, 0.055029300669],
      [0.0026084560275, 0.27553673119, 0.049618695277, 0.42297070645, 0.24926541105]
    ],
    [
      [0.0024372846217, 0.00089690390555, 0.0091713733408, 0.0088261054727, 0.97866833266],
      [0.00050419690225, 0.071911775309, 0.017562499998, 0.037258881707, 0.87276264608],
      [0.00033265592063, 0.0056363199728, 0.0021937165715, 0.074113727065, 0.91772358047],
      [0.0013141808578, 0.0012046725076, 0.96546211533, 0.0052285362476, 0.026790495058],
      [0.0008572380929, 0.00049122115667, 0.0032735474283, 0.028575208275, 0.96680278505],
      [5.5980520481e-07, 0.00010108768628, 5.5838131539e-05, 0.00017448304354, 0.99966803133]
    ],
    [
      [0.40931063904, 0.038060519637, 0.057256064704, 0.41275361196, 0.082619164658],
      [0.013642419198, 0.51690739939, 0.02832138978, 0.40986739249, 0.031261399139],
      [0.010677458955, 0.067466964956, 0.0045222819583, 0.88011498682, 0.037218307309],
      [0.052287073405, 0.023939637022, 0.80948823756, 0.11160123051, 0.0026838215054],
      [0.067115390515, 0.014086220219, 0.015535434395, 0.83739753093, 0.065865423942],
      [0.0025363243319, 0.27215087242, 0.019586516895, 0.42091182393, 0.28481446242]
    ],
    [
      [0.11327313546, 0.022236489163, 0.020501169256, 0.24492891933, 0.59906028679],
      [0.0041064063314, 0.46382132515, 0.011942938475, 0.29202136535, 0.22810796469],
      [0.0032929617835, 0.049203897791, 0.001925787757, 0.66123776587, 0.28433958679],
      [0.026940987702, 0.025580048339, 0.80349686312, 0.11717369598, 0.026808404861],
      [0.017122525734, 0.0082807030033, 0.0054557340385, 0.51600474056, 0.45313629666],
      [0.00016844161767, 0.04015472301, 0.0017215238014, 0.063267998613, 0.89468731296]
    ],
    [
      [0.42857986753, 0.027037025471, 0.076136016407, 0.37803390381, 0.090213186782],
      [0.017188722413, 0.44330706181, 0.045408049745, 0.45292885222, 0.041167313816],
      [0.012224406835, 0.052544763472, 0.0065884533072, 0.88410208691, 0.044540289474],
      [0.043598748537, 0.013564799027, 0.85898468349, 0.081516799843, 0.0023349691072],
      [0.074602130512, 0.010646400402, 0.021967244925, 0.81626457508, 0.07651964908],
      [0.0028800710539, 0.21026695962, 0.028302721355, 0.41925741346, 0.33929283451]
    ],
    [
      [0.44756037053, 0.032234229355, 0.080801161215, 0.34316536275, 0.096238876146],
      [0.01692934205, 0.50418716054, 0.045773162079, 0.39133791399, 0.041772421346],
      [0.013560505518, 0.067181542963, 0.0074763949403, 0.86087160658, 0.050909950001],
      [0.042798753893, 0.015287744671, 0.86962883863, 0.069932815527, 0.0023518472832],
      [0.082577960609, 0.013557484223, 0.024848294568, 0.79183824656, 0.087178014043],
      [0.0029008683424, 0.24433316974, 0.02917079157, 0.37049095526, 0.35310421508]
    ],
    [
      [0.42919423016, 0.038470123273, 0.07745161887, 0.37211108336, 0.082772944335],
      [0.014246570739, 0.53834926954, 0.038841168794, 0.3766814084, 0.031881582523],
      [0.011920893842, 0.074401753059, 0.0066195782724, 0.86647288686, 0.040584887965],
      [0.041294975729, 0.018480229173, 0.86144343698, 0.076735194538, 0.0020461635794],
      [0.074486392762, 0.015366540055, 0.022552083795, 0.81638628381, 0.071208699577],
      [0.0026710418743, 0.28446883913, 0.027072530301, 0.39028150873, 0.29550607997]
    ],
    [
      [0.33703902641, 0.050997401059, 0.083507292614, 0.41255611381, 0.1159001661],
      [0.0093300825964, 0.57853460304, 0.034382797377, 0.34124912443, 0.036503392559],
      [0.0084444004346, 0.087110611813, 0.0063473981554, 0.84783716407, 0.050260425527],
      [0.031270096898, 0.023315234036, 0.8616161304, 0.08106631695, 0.0027322217182],
      [0.053704841196, 0.018387549389, 0.022057013262, 0.81584789972, 0.090002696436],
      [0.0017108978964, 0.30004446582, 0.023450045883, 0.34567613032, 0.32911846008]
    ],
    [
      [0.43869619535, 0.041508078949, 0.086001157411, 0.35849133435, 0.07530323394],
      [0.014163890049, 0.56355842283, 0.041891155854, 0.35224066479, 0.028145866468],
      [0.012565147426, 0.082619122324, 0.0075748955274, 0.85923607654, 0.038004758184],
      [0.039088683272, 0.018438987894, 0.8723636087, 0.068387590844, 0.0017211292853],
      [0.078682387864, 0.017103846897, 0.025861889513, 0.81149861499, 0.06685326074],
      [0.0027772718903, 0.31158112767, 0.030546475755, 0.38175931599, 0.27333580869]
    ],
    [
      [0.28866879438, 0.040300410843, 0.057447533811, 0.49940382956, 0.11417943141],
      [0.0085498170992, 0.4865929218, 0.025271434093, 0.44117731236, 0.038408514649],
      [0.0062686914209, 0.059536239988, 0.0037800649542, 0.88757886335, 0.042836140288],
      [0.036292436106, 0.024933155262, 0.80233546755, 0.13279447935, 0.0036444617353],
      [0.039992617424, 0.012619102227, 0.01318147595, 0.85723646702, 0.076970337376],
      [0.0014732228344, 0.23749766529, 0.016197239355, 0.41987858556, 0.32495328696]
    ],
    [
      [0.33113357301, 0.025662971761, 0.034516427099, 0.51993382372, 0.088753204407],
      [0.011595017426, 0.37924231461, 0.018275643836, 0.55490125307, 0.035985771066],
      [0.0069910114217, 0.037671719347, 0.0022461140355, 0.92011110345, 0.032980051744],
      [0.05930562909, 0.022876201694, 0.71520370073, 0.19855795092, 0.0040565175721],
      [0.044336391477, 0.0079133615038, 0.0077709016224, 0.88114151682, 0.058837828579],
      [0.0019320057593, 0.17770489331, 0.011319182627, 0.5107211088, 0.2983228095]
    ],
    [
      [0.41529984541, 0.023080409096, 0.049551770802, 0.43900600311, 0.073061971589],
      [0.01566220101, 0.38998602368, 0.02942596847, 0.53137319533, 0.033552611513],
      [0.0097764460259, 0.039836433643, 0.0037356025463, 0.91476544635, 0.031886071432],
      [0.053428431612, 0.015279575848, 0.80456845594, 0.12425239122, 0.0024711453763],
      [0.061452232409, 0.008226610894, 0.012744920887, 0.86155902451, 0.0560172113],
      [0.0026763553788, 0.18686909628, 0.018688837613, 0.50252463797, 0.28924107276]
    ],
    [
      [0.38055359248, 0.031488838186, 0.074955834009, 0.4298981573, 0.083103578031],
      [0.013655979903, 0.45596308711, 0.039731483726, 0.45696438443, 0.033685064828],
      [0.0097395156926, 0.054429261696, 0.0057822151064, 0.89350786008, 0.036541147427],
      [0.039226826397, 0.015930811821, 0.84912901174, 0.093538339732, 0.0021750103119],
      [0.060729379756, 0.011287605299, 0.019717443122, 0.8440915547, 0.064174017124],
      [0.0024287174957, 0.23007275094, 0.026288140955, 0.44885064928, 0.29235974133]
    ],
    [
      [0.40332980268, 0.035736912934, 0.10491261238, 0.33079864481, 0.12522202719],
      [0.014377358606, 0.52433967042, 0.055856096295, 0.35434906249, 0.051077812191],
      [0.012355142177, 0.075056255956, 0.0097881365331, 0.83601526617, 0.066785199169],
      [0.03083959348, 0.013520637876, 0.89940400526, 0.053792870767, 0.0024428926125],
      [0.074736666535, 0.01505475042, 0.032327923502, 0.76424950717, 0.11363115238],
      [0.0023271102012, 0.24019578776, 0.033626921164, 0.31689844136, 0.40695173952]
    ],
    [
      [0.39544349175, 0.046723554499, 0.066471634801, 0.34032559305, 0.1510357259],
      [0.012278461539, 0.58947445032, 0.030600273307, 0.31446747202, 0.053179342819],
      [0.011579010738, 0.092852930548, 0.005887344991, 0.81339556967, 0.076285144051],
      [0.045267082928, 0.026317390561, 0.84159429101, 0.082426799573, 0.0043944359268],
      [0.071256723051, 0.018984535791, 0.019802721576, 0.75776823234, 0.13218778725],
      [0.0020004371274, 0.27217009865, 0.018545241733, 0.28297646193, 0.42430776056]
    ],
    [
      [0.37590805113, 0.034537334456, 0.095547471708, 0.44299086491, 0.05101627779],
      [0.012197567403, 0.47642826342, 0.047348461173, 0.44453552979, 0.019490178207],
      [0.0090046912969, 0.058427857643, 0.0071264209252, 0.90354321419, 0.021897815943],
      [0.029812058874, 0.013771269729, 0.87956282131, 0.075805650266, 0.0010481998259],
      [0.057352318741, 0.012292485962, 0.024721347411, 0.86654213541, 0.039091712473],
      [0.0024587592521, 0.27173991128, 0.035513433881, 0.4956473739, 0.19464052168]
    ]
  ],
  "expected_outcome": [
    [
      [0, 7.4300352478, 2.8169225621, 4.8881702147, 6.3739789772, 4.1610330879, 0.40222755554, 3.3560686762, 12.1659084581, 12.7969866166, 7.1364368224, 0.99137257959, 0.81348672619, 0, 0, 8.4004173789, 7.1455966942, 0, 1.2291938856, 1.1018750884, 6.7662544232, 0.94229369954, 5.655624609, 0.43134654098, 0.64605195387, 11.705424556, 11.4921484447, 7.6404065219, 8.8391216548, 8.2842308849, 2.7577361874, 0.0024372846217, 24.1493277031, 0.22654627093, 13.714555761, 12.0841300043, 9.4422730636, 10.4482098188, 7.4578353209, 7.7940574482, 5.2981371682, 2.076499227, 123.2993639626, 9.2765854617, 27.2856009306, 2.6313563579],
      [0, 0.61525763465, 0.29245441707, 0.27225744932, 0.31535539865, 0.55976370499, 0.10598482105, 0.56481702631, 0.85353302215, 1.7143804828, 0.75226817085, 0.0013335321085, 0.064934283872, 0, 0, 1.1683769405, 0.38442382915, 0, 0.11676819568, 0.13023563213, 0.54136606193, 0.042910188665, 0.83360686568, 0.10276617752, 0.015601181489, 0.67936329593, 1.3616949151, 0.93088504636, 0.47456238175, 1.0504334285, 0.2412897252, 0.00089690390555, 2.2455706586, 0.044472978325, 0.86518481508, 0.87032419259, 0.84634271202, 1.5809194328, 0.70563734214, 1.0881110928, 0.41060754817, 0.11540204548, 10.2023835722, 0.82194899748, 3.2239252604, 0.24176134119],
      [0, 0.97011142747, 0.48775092358, 0.61853832321, 0.93892631169, 0.85722143094, 0.090436940608, 0.55400600556, 1.4356373814, 3.1928212722, 1.8795863841, 0.001323832758, 0.062585978652, 0, 0, 1.2780442526, 0.74034794864, 0, 0.28681405531, 0.081163454406, 0.73493027664, 0.088928898683, 1.5010676551, 0.042292640502, 0.087399425861, 2.5614106667, 2.0002190997, 1.5196719563, 0.89099506202, 1.5588297058, 0.92683681961, 0.0091713733408, 3.3781078175, 0.041002338512, 2.436352525, 2.1816313528, 1.7039356151, 2.588726071, 1.462019676, 1.5510834129, 0.55226283359, 0.24775885401, 24.2856902191, 2.4129900848, 4.5865428013, 0.66883230196],
      [0, 9.5852495662, 5.6806991857, 6.0095296798, 6.4559869383, 8.0918126959, 0.18672995908, 6.4303355686, 11.5580279753, 17.5721464366, 8.3044422968, 0.0056689513311, 0.89045824807, 0, 0, 10.5971796664, 3.1059682487, 0, 1.1685254704, 0.40424035206, 5.2958013106, 0.88145555378, 5.1568164493, 0.39761699562, 0.22463547344, 6.8838995951, 14.3148272827, 11.036758716, 6.5971558454, 13.2720064858, 2.62628699, 0.0088261054727, 24.3524631059, 0.48985783865, 12.0970849219, 9.2654647943, 8.1864438339, 12.7892395283, 6.094352684, 13.483903398, 8.3189411795, 2.1950300155, 139.2870029639, 7.6083688306, 23.4824659207, 3.1009360544],
      [0, 1.3993461239, 0.72217291155, 1.211504333, 1.9157523742, 1.3301690803, 0.21462072373, 1.0947727233, 2.986893163, 3.7236651919, 1.9272663259, 0.0003011042147, 0.16853476322, 0, 0, 1.5559817616, 0.62366327932, 0, 0.19869839304, 0.28248547305, 1.6616479276, 0.044411659337, 0.85288442086, 0.025977645384, 0.026311965338, 3.1699018863, 2.8311102578, 2.8722777594, 1.1981650561, 1.8344994951, 0.44785027772, 0.97866833266, 4.8745307148, 1.1981205736, 2.886821977, 2.5984496559, 1.8210047754, 3.5929051491, 1.280154977, 3.0828446481, 1.4200512705, 0.36530985795, 26.9255592822, 2.8801066255, 10.421465087, 0.35711394453]
    ],
    [
      [0.0056463996999, 0.52354199412, 0.33198424007, 0.3876062558, 0.65358314917, 0.26116971115, 0.012539823571, 0.1461111208, 0.8672762637, 1.1781393172, 0.52836307717, 1.3857901435, 0.26546176262, 0.0053370271106, 0.0076628102168, 0.73124812893, 0.58671974556, 0.0056564604253, 0.39398867758, 0.10694402989, 0.75770330477, 0.20012960229, 0.30784806563, 0.037624215223, 0.091774070555, 1.119784651, 2.1718722643, 1.0907737503, 1.6292756942, 1.4689499063, 0.44035740789, 0.0010083938045, 2.2237143293, 0.012319218994, 2.0798354119, 2.0145917039, 0.64109568325, 1.0822895812, 0.84983340296, 2.1887531774, 0.34785052279, 0.31324402019, 15.7453448277, 1.9265660532, 4.3711323079, 1.3539299817],
      [0.4947600424, 17.9618701678, 14.4669080961, 9.1222578142, 13.5211792582, 14.6732488283, 2.603457168, 10.4233803635, 25.2963537201, 64.3919315235, 23.2150017315, 5.159142695, 10.5493495619, 3.9120028263, 2.9375191302, 42.2545929626, 13.8916479515, 4.3009793134, 16.5650128825, 7.811831563, 25.6766484468, 5.0526411379, 19.3583070258, 5.5694523888, 1.8594803856, 26.9488527691, 105.2344689661, 54.7001997634, 36.4542180417, 76.2944604455, 16.5625526483, 0.14382355062, 84.2559061007, 1.3914639755, 53.6401544788, 59.9982721041, 24.2257171295, 67.1100139524, 33.8135053701, 124.5677879804, 11.3772694382, 7.7997204735, 525.7254394379, 70.2615158363, 209.8529043137, 52.8835372401],
      [0.1591681018, 1.0239232659, 0.86654807924, 0.74520504037, 1.4504615362, 0.80585767114, 0.053075101306, 0.36385346241, 1.5343746368, 4.3611504374, 2.0845804424, 0.10654050142, 0.34366596997, 0.02623446193, 0.10207899369, 1.6661092064, 0.93802404352, 0.095556051534, 1.4288227277, 0.14599469778, 1.2482679916, 0.34477402793, 1.2352655589, 0.065769889205, 0.28161062125, 3.6639760095, 5.6247562128, 3.237840796, 2.472792792, 4.1154499484, 2.2524368365, 0.035124999996, 4.6163865342, 0.035828815426, 5.4943740191, 5.4470062874, 1.7478525957, 3.9884044957, 2.5134693513, 6.4694871279, 0.54826931507, 0.58851936941, 45.8104007365, 7.4847169035, 10.8936972972, 5.2556791902],
      [4.3223531246, 20.358488231, 20.3504551424, 14.6237004636, 20.1092735915, 15.3036822116, 0.23271502374, 8.5157432051, 24.8603558171, 48.180590141, 18.5364832782, 1.3150154347, 10.1226769644, 3.8858366575, 2.818302347, 27.7943635361, 7.974108973, 0.52915881523, 11.8452835635, 1.5374807159, 18.1529014755, 7.2613003737, 8.5596030541, 1.2946034757, 1.6889862186, 19.8052074488, 80.8749385607, 47.2867821845, 36.8923433694, 70.4126636936, 12.9074029447, 0.074517763414, 66.8083849761, 0.87606409604, 54.8043911185, 46.5692117644, 16.950663378, 39.5848984338, 21.1344398876, 112.9413919641, 16.647037592, 10.6274639066, 526.8799352512, 47.4827743733, 111.9504200377, 49.3434438071],
      [0.018072331527, 1.1321763412, 0.98410444227, 1.121230426, 2.265502465, 0.95604157785, 0.098212883397, 0.55091184823, 2.4416395623, 3.8881885809, 1.6355714708, 0.033511225384, 0.71884574114, 0.17058902719, 0.13443671891, 1.5536861659, 0.60949928647, 0.068649359438, 0.76689214872, 0.39774899339, 2.1644787815, 0.14115485816, 0.53897629564, 0.032550031108, 0.078148704001, 3.4621791215, 6.093963996, 4.6844035058, 2.5513701027, 3.7084760061, 0.83725016253, 1.7455252922, 5.0956080597, 0.68432389408, 4.9812449717, 4.9709181402, 1.4346712135, 4.2343935369, 1.6887519881, 9.8325797501, 1.079573132, 0.67105223025, 38.8388797468, 6.8444268336, 18.9318460434, 2.1634097809]
    ],
    [
      [0.0012932700427, 2.8598265583, 0.84170282198, 1.9400650083, 1.8473130176, 0.65880216362, 0.13042462145, 0.89837403416, 1.6584370132, 2.4899348084, 0.96149622857, 0.9212743732, 0.13588543665, 0.0059347991931, 0.010524444112, 1.4744135438, 1.5154288857, 0.053891440268, 0.75139640614, 0.36270258502, 1.9055535499, 0.22264245593, 1.1277062769, 0.15783036859, 0.15250616028, 1.6617886287, 3.463819165, 1.7490275239, 3.0742892646, 2.1905276685, 0.42409136003, 0.00099796776188, 4.9329860373, 0.042808503186, 3.6673220504, 2.9968717195, 2.1815235732, 2.6177641347, 1.9852932933, 2.1626985402, 0.71308316501, 0.91898592644, 30.7476510414, 4.1019072027, 8.0126754309, 0.75639406894],
      [0.019896205998, 16.2853306379, 6.0613254265, 7.5663673562, 6.3336222656, 6.0956963448, 3.2652221354, 10.5030321808, 8.010090972, 22.6628431536, 6.9757819008, 0.46770612371, 0.8639889643, 0.63678149548, 0.58864035259, 14.1038584226, 5.8298501712, 5.3905947203, 5.1623107066, 3.8854801421, 10.6549589364, 0.90048384567, 11.5908856549, 3.2678243588, 0.44849038599, 6.6194666849, 27.986815369, 14.5900036384, 11.4252253465, 18.9571421593, 2.6103115787, 0.016908959918, 31.1697378097, 0.63965067128, 15.7634290415, 14.8471209949, 13.6155208099, 27.0042896619, 13.0538213271, 20.5400027957, 3.8425153734, 3.7446247624, 171.8331791737, 24.9186769774, 64.2542279392, 4.907940042],
      [0.007360272485, 1.1401960312, 0.44771711953, 0.75971252955, 0.83582598229, 0.41442437497, 0.11005633976, 0.45582219242, 0.59836528564, 1.8803689678, 0.77344476785, 0.014467173423, 0.035864278961, 0.0059641661671, 0.028382662708, 0.68504698076, 0.49315197761, 0.18127341747, 0.55420040588, 0.10001668081, 0.6398001218, 0.077947015598, 0.92195978406, 0.055909163267, 0.094724233696, 1.1090017021, 1.8297945932, 1.0586594968, 0.95152943476, 1.2517880876, 0.44216173045, 0.0065811497144, 2.0892942647, 0.025035240841, 1.9765359921, 1.6522832818, 1.2113828239, 1.9676934282, 1.1968334933, 1.3041224092, 0.22910363162, 0.35114663935, 18.2544530908, 3.249661329, 4.0740427337, 0.59861935772],
      [2.965609622, 305.3080378881, 141.8548854155, 201.1963178628, 156.237446111, 106.1633134387, 6.927716502, 143.9912898012, 130.630368711, 279.4655379276, 92.7614407878, 2.5622392676, 14.4052266163, 12.0676771244, 11.0927044248, 153.9714762426, 56.7655920273, 14.3624979094, 62.3064541874, 14.5876787727, 125.5175427814, 22.5606028945, 86.3543201313, 15.3084320718, 8.106689415, 80.7876395688, 353.9358400239, 208.1777553381, 191.2244245222, 288.1894207065, 34.2967637192, 0.22234118119, 406.6131239114, 8.5960909564, 265.2306260736, 190.2526250536, 158.5645382956, 262.8295208619, 135.7593000931, 306.2147078555, 93.8513325521, 85.9879519572, 2820.8043142675, 277.5570683669, 562.8697342132, 75.8976299921],
      [0.0058406295067, 9.4066088845, 3.7943692165, 8.5375372431, 9.7457926236, 3.6677636779, 1.5665804013, 5.1514817915, 7.1027380182, 12.5013151427, 4.527836315, 0.034313062019, 0.55903470378, 0.28364241473, 0.27974811584, 4.7652048102, 2.3959769382, 1.0117425126, 2.2256382939, 2.0641218194, 8.2821446106, 0.23832378831, 3.0051281528, 0.21000403751, 0.19758980506, 7.8221034154, 14.7837308489, 11.4245540028, 7.3245314319, 8.4111213781, 1.2266716116, 2.7531707414, 17.1948579769, 3.6964146283, 13.3620868423, 11.2510989502, 7.4270344975, 15.5807319133, 6.0047517931, 14.7784683994, 3.3639652778, 2.9972907146, 115.3604024266, 22.172686124, 52.789319683, 1.8394165392]
    ],
    [
      [0.0066894249603, 7.1894938919, 3.435333214, 3.2735896165, 8.9416035236, 6.5927170513, 0.49388353859, 3.4219879499, 15.7358527521, 24.7202130226, 8.2821159801, 8.3420259961, 2.1744222291, 0.22049192389, 0.040328064798, 11.1421368235, 7.685749686, 0.059217424865, 2.0722302444, 1.3190204782, 8.1764054881, 0.98341328842, 5.7066719268, 1.6313164649, 0.66920827689, 18.9652376223, 14.7302690529, 7.7027635964, 15.3697876876, 11.7677201977, 4.3712289598, 0.0065709042888, 41.2022138428, 0.26940987702, 31.9578826773, 11.4700660434, 4.4598573787, 14.8845661232, 7.5441158714, 15.3517004727, 5.5154235054, 2.0302804012, 142.2756993406, 9.6836323527, 35.71572843, 3.4581988293],
      [0.0055150704666, 2.9502378359, 1.7695709171, 0.91264303516, 2.2014337189, 4.3808782117, 0.76021399268, 2.8543896609, 5.4749142472, 16.2943212633, 4.3236324356, 0.22352747375, 0.92920897043, 1.4759243698, 0.12047457391, 7.6724624313, 2.1055151379, 0.33691554615, 1.0043120376, 0.91911684248, 3.2732255194, 0.26098604852, 4.1965652248, 2.179316004, 0.11751795428, 5.4544268091, 8.6074302001, 4.6340873215, 4.1098861468, 7.3575121748, 1.9177073705, 0.0060233625378, 18.8644339731, 0.25580048339, 9.9429976866, 4.0971155718, 1.9958647507, 11.098051401, 3.5587246636, 10.546724676, 2.1274867575, 0.58062388223, 57.7810544751, 4.2454802932, 20.7644211529, 1.5974672885],
      [3.7508018103, 106.7788010366, 68.8374587084, 48.9656331106, 149.835285478, 153.3352853312, 18.0976394794, 65.5077648675, 208.9733311948, 682.3771154352, 245.3338877542, 5.010101319, 22.3427756517, 8.6204227639, 6.0731073863, 190.774278597, 93.7380093846, 10.2761095261, 58.5297500185, 15.4439374254, 102.2896073662, 14.4685500388, 172.7318846125, 22.5706631156, 17.484735655, 463.5285049849, 285.8484139547, 172.3241406406, 175.4478480078, 247.2688418595, 168.5763394537, 4.8273105766, 637.8767311937, 8.0349686312, 629.6357729959, 233.0605287518, 93.0358911939, 410.1292780695, 168.3661764799, 339.3879027729, 66.5139441677, 30.5736013257, 3079.7909255746, 282.4128576529, 664.0178956077, 102.0292872715],
