{
  "Z_true": {},
  "V_true": [
    [677, 19, 2306, 238, 53],
    [7, 593, 119, 1583, 29],
    [210, 1140, 1115, 18108, 506],
    [335, 56, 10631, 160, 223],
    [56, 56, 390, 758, 190],
    [60, 227, 528, 573, 1323]
  ],
  "p_true": [
    [0.2056, 0.0058, 0.7003, 0.0723, 0.0161],
    [0.003, 0.2544, 0.0511, 0.6791, 0.0124],
    [0.01, 0.0541, 0.0529, 0.8591, 0.024],
    [0.0294, 0.0049, 0.9321, 0.014, 0.0196],
    [0.0386, 0.0386, 0.269, 0.5228, 0.131],
    [0.0221, 0.0837, 0.1948, 0.2114, 0.488]
  ],
  "Z_est": {},
  "V_est": [
    [523.7529, 0, 2769.2471, 0, 0],
    [0, 1308.625, 503.4855, 518.8894, 0],
    [341.4159, 239.9547, 109.8465, 19831.3004, 556.4825],
    [0, 0, 11405, 0, 0],
    [78.769, 0, 301.4208, 1069.8102, 0],
    [401.0623, 542.4202, 0, 0, 1767.5175]
  ],
  "p_est": [
    [0.1591, 0, 0.8409, 0, 0],
    [0, 0.5614, 0.216, 0.2226, 0],
    [0.0162, 0.0114, 0.0052, 0.9408, 0.0264],
    [0, 0, 1, 0, 0],
    [0.0543, 0, 0.2079, 0.7378, 0],
    [0.1479, 0.2001, 0, 0, 0.652]
  ],
  "EI_Z": {},
  "EI_V": 13.4333,
  "MAE_Z": {},
  "MAE_V": 378.5424,
  "MAE_p": 0.0938,
  "runtime": 0.064
}
