{
  "X": [
    [17, 11, 24, 70, 6],
    [4, 4, 9, 38, 5],
    [19, 17, 41, 155, 13],
    [49, 52, 166, 587, 28],
    [38, 11, 72, 366, 31],
    [38, 37, 114, 379, 22],
    [59, 57, 182, 726, 43],
    [16, 10, 43, 257, 16],
    [71, 86, 222, 855, 51],
    [32, 57, 180, 591, 45],
    [1, 4, 11, 75, 2],
    [2, 1, 1, 8, 0],
    [13, 10, 29, 156, 10],
    [3, 4, 5, 107, 7],
    [8, 7, 14, 166, 3],
    [4, 1, 6, 65, 2],
    [9, 17, 32, 298, 3],
    [10, 6, 20, 143, 6],
    [3, 21, 58, 69, 7],
    [4, 3, 13, 106, 9],
    [6, 9, 10, 60, 2],
    [4, 10, 14, 124, 6],
    [8, 2, 10, 74, 2],
    [2, 2, 10, 119, 6],
    [23, 39, 93, 201, 25],
    [14, 17, 33, 81, 15],
    [28, 43, 131, 306, 35],
    [4, 4, 17, 96, 3],
    [3, 5, 4, 38, 4],
    [0, 0, 1, 19, 2],
    [5, 6, 25, 159, 8],
    [29, 14, 63, 465, 23],
    [15, 20, 30, 152, 18],
    [34, 20, 74, 404, 22],
    [19, 12, 46, 112, 15],
    [1, 7, 18, 120, 7],
    [17, 30, 58, 94, 10],
    [24, 21, 58, 247, 13],
    [11, 7, 31, 96, 3],
    [28, 31, 82, 386, 42],
    [14, 22, 42, 190, 7],
    [17, 12, 59, 180, 17],
    [21, 26, 83, 189, 15],
    [47, 55, 155, 400, 41],
    [36, 40, 120, 470, 30],
    [22, 25, 58, 269, 9],
    [31, 36, 99, 330, 28],
    [31, 16, 98, 329, 19],
    [1, 0, 1, 11, 0],
    [4, 0, 3, 23, 0],
    [29, 49, 77, 413, 39],
    [2, 3, 7, 72, 6],
    [11, 19, 68, 149, 11],
    [17, 30, 147, 88, 12],
    [31, 57, 279, 288, 42],
    [24, 33, 249, 66, 18],
    [18, 29, 134, 66, 11],
    [14, 39, 162, 114, 20],
    [20, 17, 179, 86, 25],
    [27, 50, 174, 254, 23],
    [3, 5, 10, 13, 0],
    [6, 11, 31, 13, 8],
    [29, 34, 110, 183, 45],
    [0, 2, 6, 44, 2],
    [2, 3, 6, 7, 0],
    [17, 18, 41, 192, 19],
    [6, 3, 10, 29, 4],
    [0, 9, 16, 73, 4],
    [0, 1, 1, 1, 0],
    [475, 771, 2268, 7396, 572],
    [102, 58, 216, 555, 67],
    [170, 115, 393, 1132, 99],
    [32, 7, 50, 253, 7]
  ],
  "W": [
    [4, 13, 20, 67, 17, 7],
    [0, 6, 7, 37, 5, 5],
    [9, 21, 27, 161, 21, 6],
    [32, 71, 139, 545, 83, 12],
    [32, 46, 57, 342, 31, 10],
    [30, 54, 92, 347, 61, 6],
    [45, 82, 148, 677, 93, 22],
    [16, 27, 31, 249, 15, 4],
    [46, 88, 193, 796, 130, 32],
    [66, 36, 129, 548, 104, 22],
    [5, 4, 11, 65, 5, 3],
    [0, 3, 1, 7, 0, 1],
    [6, 7, 19, 148, 30, 8],
    [9, 4, 3, 100, 7, 3],
    [7, 9, 10, 162, 7, 3],
    [2, 3, 7, 64, 1, 1],
    [14, 7, 28, 280, 23, 7],
    [10, 10, 12, 130, 18, 5],
    [4, 8, 53, 60, 25, 8],
    [12, 4, 9, 97, 9, 4],
    [5, 9, 6, 53, 13, 1],
    [8, 5, 6, 119, 17, 3],
    [3, 7, 5, 69, 8, 4],
    [11, 3, 6, 111, 7, 1],
    [44, 25, 83, 159, 58, 12],
    [9, 15, 30, 80, 19, 7],
    [32, 36, 112, 275, 67, 21],
    [9, 4, 14, 90, 3, 4],
    [1, 1, 5, 39, 6, 2],
    [5, 0, 0, 16, 1, 0],
    [9, 7, 20, 154, 10, 3],
    [31, 35, 48, 433, 34, 13],
    [10, 12, 34, 142, 24, 13],
    [24, 41, 62, 375, 36, 16],
    [8, 14, 46, 95, 29, 12],
    [7, 3, 16, 111, 13, 3],
    [5, 15, 56, 84, 34, 15],
    [10, 30, 52, 229, 31, 11],
    [8, 11, 28, 82, 12, 7],
    [35, 30, 84, 349, 42, 29],
    [11, 15, 46, 174, 25, 4],
    [11, 17, 55, 168, 18, 16],
    [7, 20, 80, 179, 31, 17],
    [45, 49, 128, 350, 98, 28],
    [17, 34, 112, 434, 68, 31],
    [22, 21, 51, 239, 39, 11],
    [21, 28, 85, 313, 56, 21],
    [19, 42, 89, 294, 34, 15],
    [1, 0, 2, 9, 0, 1],
    [1, 4, 1, 21, 1, 2],
    [48, 34, 77, 368, 62, 18],
    [4, 2, 5, 75, 3, 1],
    [7, 16, 55, 140, 34, 6],
    [12, 15, 139, 76, 42, 10],
    [27, 30, 248, 254, 104, 34],
    [6, 17, 255, 55, 38, 19],
    [8, 14, 113, 64, 43, 16],
    [9, 14, 153, 98, 62, 13],
    [23, 19, 167, 71, 30, 17],
    [32, 26, 164, 216, 68, 22],
    [0, 3, 10, 13, 4, 1],
    [2, 8, 28, 11, 14, 6],
    [14, 24, 101, 171, 64, 27],
    [2, 1, 6, 41, 3, 1],
    [0, 4, 3, 7, 3, 1],
    [11, 16, 39, 179, 26, 16],
    [4, 4, 9, 22, 10, 3],
    [4, 2, 12, 70, 10, 4],
    [1, 0, 0, 0, 1, 1],
    [597, 577, 2024, 6740, 1236, 308],
    [49, 108, 200, 492, 92, 57],
    [64, 166, 380, 1039, 187, 73],
    [13, 52, 37, 223, 13, 11]
  ],
  "method": "mvn_cdf",
  "mvncdf_method": "genz",
  "mvncdf_samples": 5000,
  "mvncdf_error": 1e-06,
  "cond_prob": [
    [
      [0.020371745122, 0.038175631736, 0.077727244335, 0.56032963234, 0.30339574647],
      [0.83171424646, 0.01489169737, 0.057041030954, 0.082050197265, 0.014302827949],
      [0.039758685002, 0.067702601913, 0.87718478913, 0.0050412742111, 0.010312649748],
      [0.0020743805359, 0.0073404364328, 0.010006915426, 0.96808678354, 0.012491484069],
      [0.070442905494, 0.49744697958, 0.24475391383, 0.092668493074, 0.094687708022],
      [0.56779160374, 0.050177925014, 0.081797424159, 0.022003506112, 0.27822954098]
    ],
    [
      [0.0039784252192, 0.031916338663, 0.058377976447, 0.45175575107, 0.4539715086],
      [0.52750110715, 0.045589766916, 0.14362904259, 0.22118300844, 0.0620970749],
      [0, 0.077292636335, 0.90206844725, 0.0062434370736, 0.014395479341],
      [0, 0.0046186690589, 0.0078072277923, 0.97572143775, 0.011852665394],
      [0.014640184386, 0.54035449789, 0.21621823343, 0.080525265966, 0.14826181833],
      [0.15235848703, 0.062549939907, 0.090757603646, 0.024975672619, 0.6693582968]
    ],
    [
      [0.011643650878, 0.066665512464, 0.16780579142, 0.28938358249, 0.46450146275],
      [0.67079334387, 0.039092006164, 0.18952820249, 0.069086928153, 0.03149951932],
      [0.012443931143, 0.057775574894, 0.92092351987, 0.0022657098264, 0.0065912642649],
      [0.013429965253, 0.014295912349, 0.01726088285, 0.93264430189, 0.022368937657],
      [0.024970833594, 0.53280670782, 0.32393556023, 0.031143112671, 0.087143785683],
      [0.29765814478, 0.088092497318, 0.17717861412, 0.012301688402, 0.42476905538]
    ],
    [
      [0.0063246596208, 0.030208809103, 0.074977567393, 0.63910770473, 0.24938125916],
      [0.56571509567, 0.0282029652, 0.13395665522, 0.24393770333, 0.028187580591],
      [0.014447022745, 0.059985825893, 0.90642570511, 0.010171080135, 0.0089703661189],
      [0.0013540249973, 0.0034647585598, 0.0054900929095, 0.98305980685, 0.0066313166853],
      [0.026908679732, 0.45688643725, 0.28140414616, 0.13788174384, 0.096918993017],
      [0.30436157473, 0.073584172789, 0.1456647955, 0.050284741923, 0.42610471506]
    ],
    [
      [0.0081582150138, 0.013032954472, 0.059471485877, 0.52142108576, 0.39791625888],
      [0.6710228981, 0.010864873244, 0.096934996028, 0.18098228631, 0.040194946321],
      [0.035957799997, 0.02025093689, 0.91572387571, 0.010755154428, 0.017312232974],
      [0.00071157297143, 0, 0.0087603292008, 0.98031372661, 0.010214371219],
      [0.047443063108, 0.27973148179, 0.30753293679, 0.15432284346, 0.21096967485],
      [0.31081962947, 0.025718194942, 0.091208809184, 0.032499363556, 0.53975400285]
    ],
    [
      [0.0071169399899, 0.031042804075, 0.08059668927, 0.61021173391, 0.27103183276],
      [0.59536860354, 0.026896659723, 0.13373318726, 0.2156265172, 0.028375032278],
      [0.015074699444, 0.057235520281, 0.90969280662, 0.0088663130661, 0.0091306605909],
      [0.0016737305487, 0.0037854823373, 0.0058565789566, 0.98065237545, 0.0080318327048],
      [0.029057437607, 0.45278178338, 0.29132974899, 0.12595681181, 0.10087421822],
      [0.31607111099, 0.06956287158, 0.14423690248, 0.044062574953, 0.42606654]
    ],
    [
      [0.0062979439654, 0.028799137704, 0.074403321267, 0.60855175808, 0.28194783898],
      [0.56963944948, 0.027262270327, 0.13480125795, 0.23588068898, 0.032416333272],
      [0.014550532659, 0.057750598754, 0.90756114289, 0.0097780812145, 0.010359644479],
      [0.0014068230582, 0.0033440206088, 0.0056360086433, 0.98132575169, 0.008287396004],
      [0.02730072979, 0.44282812917, 0.28414912772, 0.13397525322, 0.1117467601],
      [0.28914962501, 0.067023911636, 0.13807506879, 0.045843905906, 0.45990748866]
    ],
    [
      [0.0049203504328, 0.026986691615, 0.092542014203, 0.46573307498, 0.40981786877],
      [0.52184931895, 0.029183197572, 0.19288233856, 0.20425454926, 0.051830595664],
      [0.008905541765, 0.042921541532, 0.93108702148, 0.0060240362476, 0.011061858973],
      [0.0019592114704, 0.0048513533371, 0.007253192486, 0.97314963435, 0.01278660836],
      [0.019748162267, 0.40179246885, 0.33679626772, 0.094245510268, 0.14741759089],
      [0.19280122415, 0.053706199641, 0.14745450524, 0.029677810096, 0.57636026088]
    ],
    [
      [0.0067214297365, 0.031280156563, 0.062107353126, 0.633772956, 0.26611810457],
      [0.59173015101, 0.028865981373, 0.10971592026, 0.2398004307, 0.029887516651],
      [0.018213768236, 0.073442243661, 0.88492359389, 0.011975688949, 0.011444705268],
      [0.0015010885726, 0.0031350278891, 0.0048780514207, 0.9831073729, 0.0073784592172],
      [0.029384976525, 0.48437242487, 0.23881818281, 0.14089115886, 0.10653325694],
      [0.31526219441, 0.074457999307, 0.11776607679, 0.048855583579, 0.44365814591]
    ],
    [
      [0.0069055756778, 0.033398178521, 0.1157938476, 0.55778467592, 0.28611772228],
      [0.55921502078, 0.0283199288, 0.1890072382, 0.19390395956, 0.02955385266],
      [0.010527222634, 0.044100842222, 0.93215415084, 0.0061458936383, 0.0070718906703],
      [0.0023977356481, 0.0055317521217, 0.0059395225604, 0.9764795628, 0.0096514268654],
      [0.024368302522, 0.41855725149, 0.36343686789, 0.10070272169, 0.092934856415],
      [0.28210077, 0.069356355296, 0.193325791, 0.037680231517, 0.41753685218]
    ],
    [
      [0, 0.042855925484, 0.016583010999, 0.89772223507, 0.042838828452],
      [0.15626662985, 0.030627973724, 0.068907171353, 0.72536990679, 0.018828318276],
      [0, 0.098283499523, 0.86049027044, 0.041226230033, 0],
      [0, 0.0020242604034, 0.0021777088365, 0.99579803076, 0],
      [0, 0.43418359997, 0.14100953608, 0.36404374649, 0.060763117459],
      [0.12497782686, 0.093198352287, 0.10982150998, 0.20310997842, 0.46889233245]
    ],
    [
      [0.0023876458363, 0.042206037407, 0.008493679425, 0.94601892958, 0.00089370774977],
      [0.56381266159, 0.026907478776, 0.097066085566, 0.31221377407, 0],
      [0.0087970132087, 0.33589594082, 0.64543741389, 0.0098696320775, 0],
      [0, 0, 0, 1, 0],
      [0.031247918213, 0.44772952043, 0.25473798749, 0.14650167574, 0.11978289813],
      [0.29976500204, 0.58338162285, 0.06336432941, 0.053489045702, 0]
    ],
    [
      [0.015173402189, 0.015481395936, 0.06255967519, 0.63848966603, 0.26829586065],
      [0.79982892054, 0.0072616995802, 0.057120366114, 0.12031669171, 0.015472322057],
      [0.039178064156, 0.035030485549, 0.90342881841, 0.01117497342, 0.011187658463],
      [0, 0, 0.0047961268156, 0.98448348728, 0.010720385908],
      [0.073208800682, 0.29953354204, 0.32294170142, 0.17156770608, 0.13274824977],
      [0.54618873796, 0.025586780092, 0.082696753099, 0.03299167093, 0.31253605792]
    ],
    [
      [0.0033983386135, 0.017883256624, 0.032550265304, 0.63291284872, 0.31325529074],
      [0.51458396816, 0.023654638369, 0.084285050007, 0.32952926202, 0.047947081444],
      [0.013969213691, 0.067551445151, 0.88240065707, 0.016947460368, 0.019131223715],
      [0.0014678011493, 0.0030691200553, 0.0021206337322, 0.98472956449, 0.0086128805761],
      [0.020420647505, 0.44087840289, 0.18476959872, 0.1859213453, 0.16801000558],
      [0.19314893043, 0.049572325228, 0.07241829225, 0.053473022186, 0.6313874299]
    ],
    [
      [0.0092988465957, 0.054322333384, 0.090315400531, 0.66383320784, 0.18223021165],
      [0.6680573869, 0.035127073308, 0.11370923387, 0.16927388823, 0.013832417701],
      [0.015269228114, 0.080018583747, 0.89318743941, 0.0071201049164, 0.0044046438084],
      [0.0020341205823, 0.0052763915064, 0.0083383529917, 0.9815844671, 0.0027666678213],
      [0.025419475133, 0.61450524799, 0.22869386873, 0.087565843255, 0.043815564882],
      [0.42074515011, 0.11570066969, 0.15362147718, 0.042952309747, 0.26698039327]
    ],
    [
      [0.014727926993, 0.0099376266976, 0.022488669237, 0.65858965371, 0.29425612336],
      [0.90196470027, 0.0031912722878, 0.013569650851, 0.071674281862, 0.0096000947275],
      [0.074858390291, 0.073371037222, 0.81756559702, 0.016803562076, 0.017401413395],
      [0, 0.0014759254552, 0, 0.98614456263, 0.01237951191],
      [0.10935594856, 0.3482495972, 0.16435164271, 0.20929828305, 0.16874452849],
      [0.6312853646, 0.01424484286, 0.027002887156, 0.027622620808, 0.29984428457]
    ],
    [
      [0.0060960836712, 0.055880563732, 0.054078801402, 0.80733945256, 0.076605098639],
      [0.58300606057, 0.027137126983, 0.081210888013, 0.29641354875, 0.012232375686],
      [0.020690915073, 0.093426202679, 0.86698770866, 0.018895173583, 0],
      [0, 0, 0.003367406783, 0.99663259322, 0],
      [0.054361179311, 0.55287701242, 0.19958542753, 0.19317638074, 0],
      [0.42913709406, 0.099372465458, 0.12363228417, 0.084729300699, 0.26312885561]
    ],
    [
      [0.0076465298467, 0.013091539728, 0.059255877784, 0.74290594315, 0.17710010949],
      [0.64835832878, 0.01034165082, 0.090660901954, 0.23380651403, 0.016832604416],
      [0.020809707495, 0.031688420516, 0.92668100833, 0.013409195976, 0.0074116676791],
      [0, 0, 0.0057554633947, 0.99032312999, 0.0039214066142],
      [0.055999836415, 0.2892603883, 0.3329019411, 0.22333891761, 0.098498916565],
      [0.43644757366, 0.035744011768, 0.12804298428, 0.061971532144, 0.33779389815]
    ],
    [
      [0.0016377039978, 0.045831020931, 0.077846282826, 0.67665640427, 0.19802858798],
      [0.23465345191, 0.098655498186, 0.25297063965, 0.3800676532, 0.033652757055],
      [0, 0.080127865588, 0.90028712586, 0.01194044416, 0.0076445643949],
      [0, 0, 0.0059328730494, 0.98787384076, 0.0061932861898],
      [0, 0.5846405251, 0.24072211858, 0.11290673247, 0.061730623848],
      [0.13952769609, 0.14558024089, 0.19695084171, 0.065611357419, 0.45232986389]
    ],
    [
      [0.015495868665, 0.00027198548269, 0.048734568134, 0.61505145581, 0.32044612191],
      [0.5781134193, 0.012334493555, 0.10343865963, 0.26513385943, 0.040979568089],
      [0.01439902104, 0.03137276601, 0.9271177952, 0.012317111635, 0.01479330612],
      [0.0011535095073, 0, 0.0058748023962, 0.98426502629, 0.0087066618032],
      [0.030695320558, 0.28345378793, 0.29930345331, 0.19813041093, 0.18841702727],
      [0.24596410056, 0.028489803635, 0.098445868711, 0.047777959771, 0.57932226732]
    ],
    [
      [0.0058582355513, 0.042035352336, 0.064511875206, 0.72272299201, 0.1648715449],
      [0.58301865982, 0.037145803228, 0.11178316503, 0.25141726529, 0.016635106641],
      [0.013267276178, 0.085983948006, 0.88485655259, 0.010636602812, 0.0052556204191],
      [0.00051767038506, 0.0013999451447, 0.0089014643645, 0.98915098911, 2.9930992561e-05],
      [0.020621365592, 0.59590270786, 0.21124488679, 0.12111699392, 0.051114045844],
      [0.34842294374, 0.11867502645, 0.14429168359, 0.060286691561, 0.32832365466]
    ],
    [
      [0.0051132200572, 0.038185843108, 0.10022032828, 0.59150144156, 0.264979167],
      [0.53278879653, 0.035785783549, 0.18248576433, 0.21970794302, 0.029231712581],
      [0.0079377226065, 0.05291390041, 0.92682255928, 0.0060121885475, 0.0063136291597],
      [0.0017887445009, 0.0046304770498, 0.0070982242532, 0.97777116042, 0.0087113937744],
      [0.017264818055, 0.49297343998, 0.31289882962, 0.097156556823, 0.079706355526],
      [0.24705380625, 0.088841895458, 0.18696813562, 0.042315354987, 0.43482080768]
    ],
    [
      [0.010838997908, 0.010691340123, 0.074284488029, 0.76973366526, 0.13445150868],
      [0.73291245192, 0.0058820608626, 0.083686081557, 0.16833108748, 0.009188318176],
      [0.021444166926, 0.019014622362, 0.94588516959, 0.0097088857649, 0.0039471553543],
      [0, 0, 0.0051001297081, 0.99395564913, 0.00094422115804],
      [0.058554566113, 0.21664493893, 0.44446848319, 0.20929428501, 0.071037726751],
      [0.56535961982, 0.024629732585, 0.13856532541, 0.051660723167, 0.21978459901]
    ],
    [
      [0.01313326241, 0, 0.056536299563, 0.65020597123, 0.28012446679],
      [0.47604395694, 0.013247282808, 0.14231151432, 0.3272655492, 0.041131696736],
      [0.0077541668786, 0.023941972544, 0.94700056639, 0.010678597856, 0.010624696335],
      [0.00026351761064, 0, 0.0059605296464, 0.98468885095, 0.0090871017954],
      [0.023848665261, 0.25517985572, 0.35336711666, 0.20611379907, 0.16149056329],
      [0.1846861298, 0.030347326244, 0.13397415618, 0.058607033025, 0.59238535475]
    ],
    [
      [0.006898357411, 0.031736647352, 0.057996051192, 0.64944114692, 0.25392779712],
      [0.60414465302, 0.028733071645, 0.10057714424, 0.23874836838, 0.027796762707],
      [0.019450909117, 0.078346932926, 0.87803628613, 0.012668504475, 0.011497367349],
      [0.0017914066544, 0.0027129344979, 0.0041826214929, 0.98420870495, 0.0071043324043],
      [0.029955538663, 0.50042775647, 0.22493975456, 0.14328023848, 0.10139671183],
      [0.32968129926, 0.077191569361, 0.11209923422, 0.050413044612, 0.43061485255]
    ],
    [
      [0.0086200038146, 0.05179059169, 0.065333176821, 0.30714849308, 0.5671077346],
      [0.69348933525, 0.043309215666, 0.10580781395, 0.1037542419, 0.053639393235],
      [0.020893032631, 0.10766344076, 0.85112583925, 0.0034258856838, 0.016891801668],
      [0.0091388582299, 0.0092385748544, 0.016817848381, 0.94507964178, 0.019725076755],
      [0.025687134637, 0.59867366095, 0.17926580298, 0.045826446154, 0.15054695528],
      [0.23916067735, 0.077208238631, 0.077090127833, 0.014214220571, 0.59232673561]
    ],
    [
      [0.0053802671416, 0.031125096902, 0.072501053738, 0.56765195445, 0.32334162777],
      [0.54315454369, 0.032247947828, 0.14397977503, 0.24006113308, 0.040556600372],
      [0.012534282, 0.063450214881, 0.90279423376, 0.0091610930208, 0.01206017634],
      [0.00088983894124, 0.0040319934808, 0.0059557610525, 0.9790615271, 0.010060879423],
      [0.022652790862, 0.46491057299, 0.26860220609, 0.12024543668, 0.12358899338],
      [0.24323740944, 0.070420957762, 0.13093133814, 0.041358573236, 0.51405172142]
    ],
    [
      [0.0060511504516, 0.043148192082, 0.10759102935, 0.67682223695, 0.16638739117],
      [0.56238799619, 0.035432613415, 0.17347659801, 0.21266122262, 0.016041569764],
      [0.0082750771299, 0.054064196616, 0.92892451608, 0.0057994340908, 0.002936776081],
      [0.0024464020022, 0.0069987023581, 0.0060692159655, 0.98332956658, 0.0011561130903],
      [0.017309665392, 0.54773644185, 0.30109078537, 0.091790006557, 0.04207310083],
      [0.32700785125, 0.1099861318, 0.22083233142, 0.050432971866, 0.29174071367]
    ],
    [
      [0.016661325383, 0.034505535421, 0.020737570238, 0.25178496521, 0.67631060375],
      [0.95389035044, 0.0068852698632, 0.0078444544175, 0.017444191007, 0.013935734277],
      [0.079956644714, 0.15874592861, 0.71451472459, 0.0079897527603, 0.038792949321],
      [0.0045611971332, 0.010542202328, 0, 0.95897532184, 0.025921278697],
      [0.078731837853, 0.61450428239, 0.061290956977, 0.045973147568, 0.19949977521],
      [0.48969369265, 0.033353983265, 0.015549305255, 0.0074728213666, 0.45393019746]
    ],
    [
      [0, 0, 0.044921042902, 0.64477290146, 0.31030605564],
      [0.59254184375, 0.025718617214, 0.11207538627, 0.23755686544, 0.032107287319],
      [8.7810290447e-07, 0.0013761030468, 0.99260444878, 0.0029635674235, 0.003055002643],
      [0, 0, 0.01240008775, 0.97185340346, 0.015746508785],
      [0, 0, 0.57699338148, 0.22648103727, 0.19652558125],
      [0.30977941764, 0.064551505751, 0.11725085104, 0.047276938442, 0.46114128713]
    ],
    [
      [0.0046012813625, 0.023573894154, 0.077539793683, 0.56531196153, 0.32897306927],
      [0.53198586586, 0.025247429947, 0.16138128001, 0.24055541129, 0.040830012893],
      [0.0093956010817, 0.043031912875, 0.9300724425, 0.0073951797122, 0.010104863832],
      [0.0012045604947, 0.003552756114, 0.0060121282072, 0.97868849803, 0.010542057154],
      [0.020684477078, 0.40393525557, 0.32125909797, 0.12402190645, 0.13009926293],
      [0.21814276605, 0.054662562756, 0.14418844105, 0.04071770396, 0.54228852619]
    ],
    [
      [0.0067830484024, 0.014832899617, 0.056280848641, 0.66999252671, 0.25211067663],
      [0.60816557249, 0.013612352814, 0.099278566723, 0.25089677259, 0.028046735383],
      [0.025082326902, 0.034498246242, 0.91451482514, 0.013933587458, 0.011971014258],
      [0.0010545130008, 0, 0.0051842900631, 0.98658878405, 0.0071724128865],
      [0.040562759371, 0.3209989957, 0.29873266645, 0.2022561684, 0.13744941009],
      [0.34340314023, 0.037989699226, 0.11400953797, 0.054644554968, 0.4499530676]
    ],
    [
      [0.0076351823667, 0.031611069221, 0.027272993787, 0.55131650238, 0.38216425224],
      [0.68536763323, 0.028228992748, 0.047024982336, 0.19856471488, 0.040813676813],
      [0.049946123816, 0.14125791845, 0.75924063347, 0.019807883563, 0.029747440706],
      [0.00091424090028, 0.0027318337474, 0, 0.98480416184, 0.011549763517],
      [0.035849073126, 0.5550820804, 0.11566743566, 0.13029742617, 0.16310398464],
      [0.30852833885, 0.064037065059, 0.044059252346, 0.035481626753, 0.547893717]
    ],
    [
      [0.0069665302835, 0.02001413479, 0.055349440162, 0.66675625992, 0.25091363485],
      [0.6126959503, 0.018099778626, 0.096073940932, 0.24564492176, 0.027485408383],
      [0.021068785943, 0.052824461551, 0.90027533597, 0.013856118332, 0.0119752982],
      [0.0013496483405, 0.0017643797679, 0.0041967140367, 0.98574831578, 0.0069409420756],
      [0.037789599615, 0.39002147899, 0.26606102403, 0.18216709188, 0.12396080548],
      [0.3462163043, 0.050002348027, 0.11022164991, 0.053355931768, 0.440203766]
    ],
    [
      [0.0084111119536, 0.010990237807, 0.027110511654, 0.69573820324, 0.25774993535],
      [0.70444248181, 0.0087426482546, 0.041284472794, 0.22044509496, 0.025085302181],
      [0.043631732584, 0.058032108382, 0.84788857854, 0.025988527599, 0.024459052901],
      [0, 0, 0.0021512122206, 0.98812525791, 0.0097235298706],
      [0.066001692983, 0.3035898722, 0.18532376738, 0.2639969202, 0.18108774724],
      [0.42911729697, 0.026341478554, 0.051958688332, 0.052048382339, 0.4405341538]
    ],
    [
      [0, 0.016316059889, 0.031420431742, 0.71143081276, 0.24083269561],
      [0.23472854746, 0.06030309529, 0.11606849142, 0.5352306397, 0.053669226136],
      [0, 0.07059343325, 0.89058105143, 0.021348151902, 0.017477363416],
      [0, 0.00080773739911, 0.0025352462281, 0.98850104619, 0.0081559701844],
      [0, 0.4089122715, 0.20138258583, 0.23901065429, 0.15069448838],
      [0.098604785876, 0.056621660683, 0.094389577856, 0.08065577615, 0.66972819943]
    ],
    [
      [0.0078241992867, 0.053273715187, 0.063110359244, 0.64899547686, 0.22679624943],
      [0.62583670736, 0.04216514742, 0.098778686648, 0.21114870621, 0.022070752357],
      [0.023877542991, 0.10757934844, 0.8482517323, 0.012202042586, 0.0080893336789],
      [0.00072307855634, 0, 0.0098719813227, 0.98462021007, 0.0047847300478],
      [0.025284632956, 0.62547432151, 0.18089087729, 0.10296841389, 0.065381754346],
      [0.35438465776, 0.12070558458, 0.11474230907, 0.046363594613, 0.36380385398]
    ],
    [
      [0.0064976998824, 0.026838640232, 0.051965294606, 0.68270981538, 0.2319885499],
      [0.59653510042, 0.025146472464, 0.093348321641, 0.25877425318, 0.026195852302],
      [0.020225610926, 0.073389371808, 0.88052303054, 0.014473012132, 0.011388974591],
      [0.0012519552132, 0.0029858252729, 0.0031509171305, 0.98641078573, 0.006200516657],
      [0.031596540362, 0.474426316, 0.225210181, 0.16606350904, 0.1027034536],
      [0.33827706595, 0.070000209674, 0.10814765295, 0.056458082592, 0.42711698883]
    ],
    [
      [0.00617740532, 0.015788560425, 0.044340280986, 0.82938371217, 0.1043100411],
      [0.58898156378, 0.014990261111, 0.080409523176, 0.3049151144, 0.010703537542],
      [0.021965732972, 0.05041986875, 0.90741983468, 0.020194563601, 0],
      [0, 0, 0.0035046621522, 0.99649533785, 0],
      [0.055680180115, 0.4085380372, 0.26396443907, 0.25836381848, 0.013453525141],
      [0.45551155305, 0.056369410431, 0.12829458012, 0.090347534034, 0.26947692237]
    ],
    [
      [0.0049296491256, 0.021249652195, 0.03085756787, 0.61866589707, 0.32429723374],
      [0.55502928167, 0.025366939042, 0.071091070652, 0.30166630373, 0.046846404909],
      [0.025312425391, 0.092894708664, 0.83476093186, 0.021716392034, 0.025315542056],
      [0.0021859095616, 0.0036303874057, 0, 0.98628894101, 0.007894762022],
      [0.028566300009, 0.44876006004, 0.16250934469, 0.18511078571, 0.17505350956],
      [0.24440251933, 0.054385198202, 0.063515250081, 0.051139108522, 0.58655792387]
    ],
    [
      [0.0073235819897, 0.03473445079, 0.033577806882, 0.73809119289, 0.18627296745],
      [0.64174193363, 0.029684488476, 0.055393032965, 0.25404154502, 0.019138999904],
      [0.031832301392, 0.13258366839, 0.80083622045, 0.022261262989, 0.012486546775],
      [0.0020970461483, 0, 0.0014787911147, 0.99219427314, 0.0042298895985],
      [0.033191392899, 0.58765701328, 0.13641365771, 0.16606659986, 0.076671336243],
      [0.40858871932, 0.095594909024, 0.073407848068, 0.063221770665, 0.35918675292]
    ],
    [
      [0.006377562428, 0.02101994692, 0.056164812427, 0.60727626474, 0.30916141348],
      [0.60586723705, 0.020203582, 0.10366531907, 0.23464786491, 0.035615996962],
      [0.018606619717, 0.054136422408, 0.90133855799, 0.011841095604, 0.01407730428],
      [0.0016217954848, 0.0027093979117, 0.0039031392482, 0.98295461781, 0.0088110495488],
      [0.033231846867, 0.40071431545, 0.26260110321, 0.15745626988, 0.1459964646],
      [0.29600655087, 0.048736245639, 0.10398179363, 0.0443186548, 0.50695675506]
    ],
    [
      [0.0076594543694, 0.038712343941, 0.067453055235, 0.6095954231, 0.27657972336],
      [0.62759259559, 0.032146417038, 0.10776272394, 0.20468296602, 0.027815297411],
      [0.01852923065, 0.081518999054, 0.87935732849, 0.0098462694155, 0.010748172392],
      [0.0019662065387, 0.003334569726, 0.0054895054035, 0.98087592376, 0.008333794568],
      [0.028994337948, 0.53342144969, 0.22748902271, 0.1149384382, 0.095156751455],
      [0.33302458875, 0.084212494465, 0.1170121579, 0.041858189817, 0.42389256907]
    ],
    [
      [0.0076215798161, 0.026507108934, 0.066451907764, 0.62818436177, 0.27123504172],
      [0.62339460076, 0.022507312973, 0.10805712873, 0.21802492923, 0.028016028316],
      [0.019504391937, 0.058877108822, 0.89940313208, 0.011119029382, 0.011096337774],
      [0.0016307672304, 0.0028235721885, 0.0050362204984, 0.98273199725, 0.0077774428302],
      [0.035162737436, 0.43364040467, 0.27004266166, 0.14675321491, 0.11440098133],
      [0.34276480371, 0.060108639619, 0.12015735426, 0.045972583145, 0.43099661927]
    ],
    [
      [0.0059096929611, 0.019781752483, 0.041292825664, 0.71782515681, 0.21519057208],
      [0.57646910479, 0.020099814286, 0.08023510626, 0.29664084978, 0.026555124884],
      [0.023597969943, 0.068649022299, 0.87464541306, 0.019524331951, 0.013583262751],
      [0.0017014087739, 0.0026184131485, 0.0021772741005, 0.98813409105, 0.0053688129274],
      [0.03501438236, 0.41726406781, 0.21615170652, 0.21474017287, 0.11682967043],
      [0.33991043919, 0.057460584092, 0.095693196301, 0.066836483616, 0.4400992968]
    ],
    [
      [0.0080243835512, 0.025672237519, 0.048673908104, 0.77053750944, 0.14709196139],
      [0.640498354, 0.020636759295, 0.074941616864, 0.25009080831, 0.013832461523],
      [0.026663694362, 0.080874011351, 0.87428786103, 0.018174433253, 0],
      [0, 0.0027510337391, 0.0039118994895, 0.99333706677, 0],
      [0.050594418155, 0.47252396958, 0.22124697231, 0.19752023747, 0.058114402481],
      [0.45817885521, 0.071939306641, 0.10937665969, 0.068956682031, 0.29154849643]
    ],
    [
      [0.0091789185144, 0.032667284694, 0.072203298006, 0.55815585966, 0.32779463913],
      [0.67195369367, 0.024481696043, 0.10369407138, 0.17015604279, 0.029714496116],
      [0.021241358203, 0.065855431457, 0.89222888012, 0.0086493874515, 0.012024942764],
      [0.0023514958757, 0.0041929661015, 0.0063484361882, 0.97670478248, 0.010402319352],
      [0.037024356778, 0.47146712565, 0.25773826027, 0.11338620727, 0.12038405004],
      [0.35131626916, 0.062677639626, 0.11049708719, 0.034330252002, 0.44117875202]
    ],
    [
      [0.0051832325499, 0.013328445888, 0.04574653952, 0.72783273236, 0.20790904968],
      [0.53894626544, 0.014413803094, 0.095889301583, 0.32319054592, 0.027560083954],
      [0.022281075185, 0.039832934037, 0.90757948715, 0.018052967007, 0.012253536623],
      [0.0013194486765, 0, 0.0047860966926, 0.98836984762, 0.0055246070149],
      [0.034279994747, 0.32260132206, 0.27114821891, 0.24484579332, 0.12712467096],
      [0.31528813394, 0.041853581253, 0.11351592374, 0.072331261373, 0.45701109969]
    ],
    [
      [0, 0, 0, 1, 0],
      [0.59254184375, 0.025718617214, 0.11207538627, 0.23755686544, 0.032107287319],
      [0.0038899758243, 0, 0.5, 0.49611002418, 0],
      [0, 0, 0, 1, 0],
      [0.031247918213, 0.44772952043, 0.25473798749, 0.14650167574, 0.11978289813],
      [0.99222004835, 0, 0, 0.0077799516486, 0]
    ],
    [
      [0.0076973557489, 0, 0.08543012112, 0.90687252313, 0],
      [0.67849272548, 0, 0.12528493326, 0.19622234126, 0],
      [0.0075892643487, 0, 0.9879011447, 0.0045095909498, 0],
      [0, 0, 0, 1, 0],
      [0.049337341943, 0, 0.76093900183, 0.18972365623, 0],
      [0.61070256802, 0, 0.33229499965, 0.05700243233, 0]
    ],
    [
      [0.0056371693186, 0.033279509238, 0.035157494126, 0.61786480479, 0.30806102253],
      [0.57745194862, 0.036068804272, 0.073245871791, 0.27283895255, 0.04039442277],
      [0.02386694087, 0.12505584557, 0.81123961132, 0.018796662053, 0.02104094019],
      [0.002285854314, 0.0017320561466, 0.00044592393009, 0.98575870395, 0.0097774616566],
      [0.025615367972, 0.55528679031, 0.14426927978, 0.14480281551, 0.13002574643],
      [0.26827488727, 0.082320357852, 0.069324178719, 0.048980243849, 0.53110033231]
    ],
    [
      [0.004119780035, 0.030845765805, 0.06273190369, 0.17792383777, 0.7243787127],
      [0.71790643563, 0.029656770677, 0.12164070107, 0.065849096241, 0.064946996391],
      [0.0079557873537, 0.056589394635, 0.917213314, 0.0034915749559, 0.014749929057],
      [0.0046051215715, 0.011359516958, 0.015689655584, 0.94718455075, 0.021161155139],
      [0.014281080902, 0.54561698786, 0.22310182738, 0.03056863824, 0.18643146562],
      [0.11970171127, 0.045541686795, 0.073694762161, 0.0086013609548, 0.75246047882]
    ],
    [
      [0.0051540113856, 0.030698802461, 0.097145814189, 0.56979251376, 0.2972088582],
      [0.51663807794, 0.030755699221, 0.18690108741, 0.23011123382, 0.035593901614],
      [0.0088903386842, 0.047373788942, 0.92822799674, 0.0067443977003, 0.0087634779327],
      [0.00087368757484, 0.0045674692456, 0.0056150057471, 0.97850007197, 0.010443765467],
      [0.019899645931, 0.4302868411, 0.3362402864, 0.1095210382, 0.10405218837],
      [0.23497330393, 0.069710085268, 0.17645858988, 0.040834235843, 0.47802378508]
    ],
    [
      [0.0093253561594, 0.040402828189, 0.11021754488, 0.5688319817, 0.27122228907],
      [0.6412056236, 0.028346357781, 0.14791352518, 0.15983348773, 0.022701005708],
      [0.015811026026, 0.056905915051, 0.91789357626, 0.0035234999262, 0.0058659827331],
      [0.0030192558572, 0.0058411977722, 0.0090227485738, 0.97462461439, 0.0074921834074],
      [0.030665966001, 0.4753322328, 0.32141810158, 0.092192229509, 0.080391470104],
      [0.35548447373, 0.077216369445, 0.16861903249, 0.034320308104, 0.36435981623]
    ],
    [
      [0.0058059398417, 0.026589327192, 0.089330852587, 0.5820203746, 0.29625350578],
      [0.54320101032, 0.02576000985, 0.16578743602, 0.23030963877, 0.034941905044],
      [0.011202810106, 0.044957654305, 0.92556547922, 0.0082588152671, 0.010015241104],
      [0.0011143427747, 0.0025539099232, 0.0071089762342, 0.97973507144, 0.0094876996282],
      [0.024677732273, 0.40052123831, 0.33426376882, 0.12523834335, 0.11529891725],
      [0.26233485845, 0.060496696993, 0.16191450391, 0.042661137716, 0.47259280293]
    ],
    [
      [0.0090858989862, 0.032160702927, 0.087828148707, 0.55212282942, 0.31880241996],
      [0.65805117457, 0.023868383521, 0.12475603214, 0.16480700445, 0.028517405319],
      [0.018560330328, 0.055306649711, 0.90969550892, 0.0059014979974, 0.010536013041],
      [0.002415762074, 0.0038921333819, 0.0074947986445, 0.9765173436, 0.0096799623036],
      [0.03525078462, 0.44526216795, 0.30089802912, 0.10637283224, 0.11221618607],
      [0.3449122987, 0.061265677269, 0.13334130284, 0.03316002293, 0.42732069826]
    ],
    [
      [0.011907460502, 0.057511770925, 0.20634162973, 0.42697504139, 0.29726409745],
      [0.63361255706, 0.032845027572, 0.22009689583, 0.093818886155, 0.019626633388],
      [0.0042769184741, 0.052866106312, 0.94083034225, 0, 0.002026632962],
      [0.028974259593, 0.014441031664, 0.021930806737, 0.92464532841, 0.010008573593],
      [0.028088135321, 0.4606597682, 0.41010554701, 0.041953243489, 0.059193305972],
      [0.34304564355, 0.085850585878, 0.24474822459, 0.018090298387, 0.3082652476]
    ],
    [
      [0.0053231691221, 0.030182503203, 0.076831612373, 0.57733569325, 0.31032702205],
      [0.53940845655, 0.030970987686, 0.15118723658, 0.23999672884, 0.038436590352],
      [0.011383534964, 0.058799205254, 0.90917188029, 0.0087726402727, 0.011872739217],
      [0.00093442125212, 0.0037038116792, 0.0058287271003, 0.97988852569, 0.0096445142738],
      [0.022283359543, 0.45217790602, 0.28529233032, 0.12137436091, 0.1188720432],
      [0.24504235864, 0.069267809365, 0.14071205817, 0.042117284668, 0.50286048915]
    ],
    [
      [0.007959885543, 0.024128399534, 0.11302266923, 0.46484168031, 0.39004736539],
      [0.61397300509, 0.0195935018, 0.17572082497, 0.15263224777, 0.038080420366],
      [0.013929141222, 0.02869803818, 0.94373095119, 0.0029414633921, 0.010700406021],
      [0.0030481183265, 0.0012189111371, 0.013314244905, 0.96815146103, 0.014267264598],
      [0.030515213983, 0.34810341214, 0.39213498914, 0.090945740725, 0.13830064401],
      [0.27608212535, 0.044150167384, 0.16172664839, 0.026486959041, 0.49155409983]
    ],
    [
      [0.0064646017072, 0.033801209667, 0.070250128435, 0.67764869773, 0.21183536246],
      [0.5690160421, 0.031023892283, 0.12351358447, 0.25305739887, 0.023389082276],
      [0.015732909027, 0.070801000159, 0.89503000477, 0.011953375593, 0.0064827104543],
      [0.0017925611889, 0.0036404249318, 0.0054040071598, 0.98585133691, 0.0033116698073],
      [0.026548395596, 0.49700755166, 0.25601542339, 0.14113403842, 0.07929459093],
      [0.3284561115, 0.087160489403, 0.14451852613, 0.056108741794, 0.38375613118]
    ],
    [
      [0.011445004522, 0.13039121705, 0.1120728987, 0.62786569125, 0.11822518847],
      [0.75960695507, 0.057236147975, 0.099656617134, 0.083500279825, 0],
      [0.0061616382236, 0.12963843566, 0.86419992611, 0, 0],
      [0, 0.0010255132481, 0.02739724264, 0.97157724411, 0],
      [0.014221844576, 0.8248717724, 0.13727724, 0.023629143024, 0],
      [0.60267537426, 0.21908843762, 0.15375777315, 0.024478414968, 0]
    ],
    [
      [0.0049262175989, 0.044957639848, 0.082549156255, 0.34946450843, 0.51810247787],
      [0.56190347509, 0.049853339534, 0.17456131527, 0.14959800704, 0.064083863061],
      [0.0026708392089, 0.080381529401, 0.90140174759, 0, 0.0155458838],
      [0.0017942568436, 0.0093278039503, 0.011836941805, 0.95625862077, 0.020782376627],
      [0.029078348325, 0.5499093561, 0.24269089868, 0.035063020799, 0.1432583761],
      [0.16555042741, 0.076539725331, 0.11188054856, 0.015759967849, 0.63026933085]
    ],
    [
      [0.0074583817444, 0.020777528842, 0.048990704456, 0.38264261134, 0.54013077362],
      [0.67773722207, 0.020360090275, 0.090500101218, 0.15107926643, 0.060323320005],
      [0.026292165854, 0.063151954135, 0.88098679817, 0.01145825033, 0.018110831514],
      [0.0058218607338, 0.0087281963592, 0.011054864236, 0.96904622827, 0.0053488503977],
      [0.038850141567, 0.3813202231, 0.22648156782, 0.10276435966, 0.25058370785],
      [0.24046049366, 0.035004044686, 0.065824406237, 0.021333100385, 0.63737795503]
    ],
    [
      [0, 0.010784080975, 0.017955627975, 0.79835877841, 0.17290151264],
      [0, 0.1315854606, 0.092323952589, 0.72764824586, 0.048442340951],
      [0, 0.07469229158, 0.88785928467, 0.022984898774, 0.014463524972],
      [0, 0.00073485902766, 0, 0.99023062684, 0.0090345141282],
      [0, 0.43065895237, 0.15910982359, 0.28168253905, 0.12854868499],
      [0, 0.076586550714, 0.067279612663, 0.09322148694, 0.76291234968]
    ],
    [
      [0.0044682416741, 0.13336338074, 0.36113502377, 0.40433039831, 0.096702955515],
      [0.36688586863, 0.093978216239, 0.45445266812, 0.084683247012, 0],
      [0.018653448385, 0.045625962362, 0.93572058925, 0, 0],
      [0.022632292725, 0.0309986726, 0, 0.94636903468, 0],
      [0.020314552407, 0.67969139575, 0.29275254231, 0.0072415095341, 0],
      [0.25712647403, 0.23114435253, 0.49676993282, 0.014959240623, 0]
    ],
    [
      [0.0064304668471, 0.025245056354, 0.039692480655, 0.60373456697, 0.32489742917],
      [0.62356866082, 0.024749441839, 0.074743218056, 0.23871336425, 0.038225315043],
      [0.02505775952, 0.086651680086, 0.85251691253, 0.01609376774, 0.019679880123],
      [0.0021472412749, 0.0035583694871, 0.0010690334706, 0.9841623695, 0.0090629862674],
      [0.033098653502, 0.47616763806, 0.1831206706, 0.15552387177, 0.15208916606],
      [0.29562453069, 0.058099441216, 0.072927325517, 0.043947761694, 0.52940094088]
    ],
    [
      [0.0080053212228, 0.0073138003995, 0.023070895276, 0.77008585014, 0.19152413296],
      [0.78456086859, 0.0042150082678, 0.02657048201, 0.16865717909, 0.01599646204],
      [0.054619070613, 0.040554251247, 0.85672743574, 0.025479818045, 0.022619424353],
      [0, 0, 0, 0.98155543343, 0.01844456657],
      [0.064844341975, 0.25360628886, 0.19612880313, 0.32694921859, 0.15847134744],
      [0.56324006182, 0.017611205159, 0.043199845958, 0.050665933084, 0.32528295398]
    ],
    [
      [0, 0.063637034768, 0.099805282972, 0.62352111953, 0.21303656273],
      [0, 0.095922925675, 0.50163680565, 0.36487091469, 0.03756935398],
      [0, 0.085159166055, 0.90323498755, 0.0060501397134, 0.0055557066788],
      [0, 0, 0.0070854986209, 0.98255572123, 0.010358780146],
      [0, 0.64929915747, 0.23267327346, 0.071380313977, 0.0466472551],
      [0, 0.25967611056, 0.23399194204, 0.052717097459, 0.45361484994]
    ],
    [
      [0, 0, 0.096019371207, 0.90398062879, 0],
      [0.59254184375, 0.025718617214, 0.11207538627, 0.23755686544, 0.032107287319],
      [0.00054383520406, 0.067214730349, 0.92475105556, 0.0069720498642, 0.0005183290259],
      [9.3518708404e-05, 0.0056402776843, 0.0086848352093, 0.98500822763, 0.00057314077056],
      [0, 0.7292422782, 0.23189351464, 0.03886420716, 0],
      [0, 0.2707577218, 0.67208711415, 0.057155164047, 0]
    ],
    [
      [0.005488376479, 0.02684534751, 0.057777463103, 0.62956009207, 0.28032872084],
      [0.54621055025, 0.028297042718, 0.11638493202, 0.2730201136, 0.036087361409],
      [0.016229910447, 0.068575825861, 0.8889191249, 0.013073506835, 0.013201631952],
      [0.001112599117, 0.0029185204873, 0.0046358490654, 0.98356761027, 0.0077654210585],
      [0.026380236376, 0.45256210684, 0.24292662038, 0.154527918, 0.1236031184],
      [0.27144715192, 0.067567760417, 0.11583608589, 0.051678707041, 0.49347029473]
    ],
    [
      [0.0083216691867, 0.022631967178, 0.051766584021, 0.60301691411, 0.31426286551],
      [0.66146880575, 0.018846598885, 0.08234013083, 0.20554433398, 0.031800130551],
      [0.026825457024, 0.063385281188, 0.87995077169, 0.013746934078, 0.016091556019],
      [0.0015934723542, 0.0026952806555, 0.0038472559758, 0.98280018446, 0.0090638065532],
      [0.043123927058, 0.41411246729, 0.235491678, 0.1585452143, 0.14872671335],
      [0.35152852801, 0.048317888034, 0.088113414015, 0.041756944787, 0.47028322516]
    ],
    [
