{
  "Z_true": {},
  "V_true": [
    [1082, 1561, 754, 177],
    [423, 6627, 698, 373],
    [213, 406, 15959, 544],
    [61, 675, 443, 669],
    [111, 260, 1054, 734]
  ],
  "p_true": [
    [0.3027, 0.4368, 0.211, 0.0495],
    [0.0521, 0.816, 0.086, 0.0459],
    [0.0124, 0.0237, 0.9321, 0.0318],
    [0.033, 0.3653, 0.2397, 0.362],
    [0.0514, 0.1204, 0.4882, 0.34]
  ],
  "Z_est": [
    [
      [134.1407, 39.2515, 59.6262, 23.6268, 70.1783, 101.4737, 67.757, 29.8639, 92.5095, 20.6777, 37.8902, 14.8387, 2.8177, 35.6591, 1.4128, 40.122, 0, 2.4509, 29.0703, 59.0379, 47.4448, 59.2251, 44.1007, 25.4177, 79.2182, 0, 5.9933, 4.7873, 7.5667, 141.8718, 19.1087, 140.3534, 25.7269],
      [65.2462, 21.1221, 33.9555, 16.6932, 41.7902, 53.1643, 34.179, 19.4406, 45.9463, 7.8167, 19.8217, 9.8861, 0.8217, 15.7329, 0.1577, 19.8814, 0.7489, 1.2961, 13.4742, 37.0357, 26.969, 30.0736, 22.3906, 8.4337, 48.825, 0.8567, 3.2489, 0.5112, 2.6954, 76.979, 9.3042, 58.343, 18.0234],
      [101.0883, 30.3479, 51.1214, 22.2119, 65.3494, 102.362, 67.8338, 35.5386, 73.7166, 15.4618, 34.1623, 18.1727, 1.3591, 29.4971, 0.423, 36.8046, 1.2459, 2.2365, 23.2514, 62.6077, 54.5863, 57.5274, 46.3302, 22.1486, 92.6943, 1.1433, 4.7271, 2.7015, 7.6961, 143.4853, 15.5386, 90.603, 25.1402],
      [0.5248, 0.2785, 0.2968, 0.4681, 0.682, 0, 0.2302, 0.1569, 0.8276, 0.0438, 0.1258, 0.1024, 0.0015, 0.111, 0.0064, 0.1919, 0.0052, 0.0164, 0.2041, 0.3188, 0, 0.1739, 0.1785, 0, 0.2625, 0, 0.0307, 0, 0.0418, 0.6639, 0.0486, 0.7007, 0.1095]
    ],
    [
      [10.2264, 3.8326, 5.2389, 0.9978, 3.371, 4.9428, 2.7279, 1.091, 4.9298, 2.9957, 4.769, 1.5541, 0.5538, 4.656, 0.3045, 3.3246, 0, 0.1787, 1.7936, 5.2913, 1.4085, 3.104, 4.0473, 5.6733, 4.0406, 0, 0.1492, 0.5058, 0.8891, 12.1099, 2.2269, 12.7691, 0.6055],
      [486.6072, 239.211, 358.0214, 164.2791, 272.4435, 235.7322, 173.2148, 110.3297, 280.2379, 120.4912, 299.9996, 158.3091, 18.4915, 232.7126, 5.3426, 203.5733, 4.979, 20.4323, 96.5376, 472.7082, 90.1544, 198.0362, 268.0563, 53.5446, 337.3664, 11.5002, 10.7255, 4.8092, 23.4327, 850.2897, 123.8441, 495.0203, 54.2061],
      [29.9815, 9.1728, 19.7767, 1.7478, 16.861, 22.9245, 16.8044, 9.9791, 18.3867, 12.5114, 24.5317, 14.2027, 1.3847, 22.0392, 0.5979, 18.2469, 0.3482, 1.4725, 7.2858, 36.2074, 9.0603, 18.8812, 29.3399, 8.1399, 32.4031, 0.4998, 0.6586, 0.6056, 3.6537, 79.079, 9.5462, 29.137, 3.3646],
      [67.1849, 35.7836, 46.963, 33.9754, 46.3245, 22.4005, 29.2528, 17.6001, 54.4456, 21.0017, 41.6998, 28.9341, 1.57, 38.5922, 2.7551, 36.8552, 0.6728, 3.9166, 18.383, 70.7931, 10.3768, 30.9786, 51.5564, 7.6422, 49.19, 0, 1.4667, 0.0795, 9.0244, 146.5214, 15.3829, 81.0736, 4.8238]
    ],
    [
      [16.3095, 4.184, 7.5717, 1.3589, 5.7035, 8.4004, 10.0546, 1.3642, 13.5705, 4.8852, 5.9497, 1.9817, 1.1787, 7.7168, 0.9718, 6.7022, 0, 0.1898, 4.4275, 6.9784, 2.1306, 7.8096, 7.3007, 0, 8.2019, 0, 0.4531, 0.4776, 0.0281, 20.6266, 4.0346, 30.9055, 2.0793],
      [44.8642, 19.048, 35.877, 19.9383, 35.5076, 16.6207, 25.1869, 11.6652, 49.1343, 5.0314, 18.8266, 11.8873, 1.4387, 13.9506, 0.2731, 18.7125, 0.5716, 1.5771, 12.8424, 38.9884, 7.3567, 18.9435, 13.2323, 0, 33.2444, 1.1546, 2.288, 0, 0, 66.2263, 11.1576, 66.0986, 14.6795],
      [794.8995, 266.4484, 547.7389, 207.1621, 569.2143, 885.9789, 1044.9179, 338.784, 818.1524, 247.3703, 454.8935, 332.045, 38.3758, 484.0602, 24.0383, 548.3143, 13.3564, 31.8498, 271.0262, 820.507, 458.5127, 722.614, 820.3548, 293, 1318.0707, 15.8454, 34.9537, 59.5224, 89.3799, 2090.3742, 249.8105, 1095.4912, 212.8986],
      [5.9268, 3.3195, 4.8123, 6.5407, 8.5746, 0, 3.8406, 2.1866, 14.1428, 0.7131, 2.3302, 3.086, 0.0069, 2.2723, 0.7168, 4.271, 0.072, 0.3833, 3.7039, 6.5263, 0, 2.6329, 3.1122, 0, 3.4831, 0, 0.3051, 0, 0.592, 13.7729, 0.9974, 12.5046, 1.3426]
    ],
    [
      [2.7963, 0.822, 1.3556, 0.4311, 1.1336, 1.0763, 0.7981, 0.3449, 1.2218, 0.7633, 0.9589, 0.4972, 0.0527, 1.1493, 0.0649, 0.6089, 0, 0.0311, 0.7291, 1.3007, 0.3643, 0.6, 1.0964, 0.4332, 1.2196, 0, 0, 0.0623, 0.0854, 3.1946, 0.5065, 1.9143, 0.0131],
      [81.1727, 27.5296, 48.5594, 21.5834, 43.6582, 36.7636, 26.0458, 15.0943, 37.7353, 18.0823, 32.0306, 22.4307, 1.1187, 32.0804, 0.6173, 19.3905, 0.4561, 1.235, 21.2161, 53.1811, 13.7702, 19.6964, 36.3842, 9.6347, 49.2306, 0.8771, 0, 1.0015, 2.1723, 112.0967, 15.7105, 47.9719, 0.5787],
      [13.6402, 4.2185, 7.8866, 2.7685, 7.378, 7.556, 5.6176, 3.0115, 6.5947, 3.9356, 6.0274, 4.5181, 0.1981, 6.5969, 0.1705, 3.9144, 0.0785, 0.2289, 3.9304, 9.7999, 2.9615, 4.0833, 8.3035, 2.6594, 10.2114, 0.1229, 0, 0.2917, 0.6682, 22.9064, 2.8569, 8.1789, 0.0909],
      [67.3908, 24.4299, 38.1983, 25.2169, 43.8303, 22.604, 26.5384, 14.5493, 43.4481, 19.2188, 26.9831, 24.5539, 0.6305, 32.1733, 2.1474, 21.0862, 0.4654, 1.505, 24.1244, 47.7183, 9.904, 18.6202, 42.2159, 10.2727, 43.3383, 0, 0, 0.6445, 5.0741, 115.8023, 11.926, 46.9349, 0.3174]
    ],
    [
      [7.5272, 2.91, 4.2076, 1.5855, 4.6136, 4.1068, 3.6623, 1.336, 5.7684, 2.6781, 3.4322, 1.1283, 0.397, 3.8189, 0.246, 4.2423, 0, 0.1494, 1.9795, 4.3918, 1.6518, 3.2612, 3.4549, 1.4758, 6.3197, 0, 0.4043, 0.1671, 0.4307, 11.1971, 1.1234, 9.0577, 0.5751],
      [58.1096, 25.0892, 38.5867, 18.5061, 44.6005, 35.7192, 30.3734, 14.4702, 45.9461, 16.5783, 29.3215, 12.4868, 2.1294, 27.5234, 0.6094, 34.4423, 1.2445, 1.4595, 14.9297, 45.0866, 15.7497, 27.2502, 28.9365, 8.3869, 64.3336, 0.6114, 3.7375, 0.6781, 2.6996, 99.4083, 8.9837, 59.5661, 6.5123],
      [44.3905, 17.8125, 28.4763, 12.1096, 34.1973, 32.1786, 28.8263, 12.6868, 36.1496, 15.7209, 24.3852, 11.0615, 1.6824, 24.8065, 0.7703, 30.7197, 0.9709, 1.2123, 12.5063, 36.8781, 14.8792, 24.8941, 28.6716, 10.0521, 58.6205, 0.3886, 2.6606, 0.8788, 3.6021, 89.1551, 7.2478, 45.5899, 4.5058],
      [32.9727, 15.1883, 20.7295, 14.7988, 30.5886, 14.9955, 21.138, 9.507, 36.1359, 12.0227, 16.8611, 9.3235, 0.7911, 18.8512, 1.3743, 25.5957, 0.7846, 1.1788, 11.5845, 27.6435, 7.7193, 17.5944, 22.937, 6.0852, 38.7261, 0, 2.1975, 0.276, 4.2677, 70.2395, 4.6451, 39.7862, 2.4067]
    ]
  ],
  "V_est": [
    [1463.2194, 764.8645, 1339.1138, 6.8024],
    [110.3086, 6474.6397, 508.8316, 1027.2202],
    [193.5467, 616.3233, 16199.9615, 112.1685],
    [25.6253, 849.1062, 161.4055, 811.863],
    [97.3, 824.0663, 698.6877, 538.946]
  ],
  "p_est": [
    [0.4094, 0.214, 0.3747, 0.0019],
    [0.0136, 0.7973, 0.0627, 0.1265],
    [0.0113, 0.036, 0.9461, 0.0066],
    [0.0139, 0.4595, 0.0873, 0.4393],
    [0.0451, 0.3817, 0.3236, 0.2496]
  ],
  "EI_Z": {},
  "EI_V": 8.9961,
  "MAE_Z": {},
  "MAE_V": 295.2874,
  "MAE_p": 0.081,
  "runtime": 0.001
}
