{
  "Z_true": {},
  "V_true": [
    [1082, 1561, 754, 177],
    [423, 6627, 698, 373],
    [213, 406, 15959, 544],
    [61, 675, 443, 669],
    [111, 260, 1054, 734]
  ],
  "p_true": [
    [0.3027, 0.4368, 0.211, 0.0495],
    [0.0521, 0.816, 0.086, 0.0459],
    [0.0124, 0.0237, 0.9321, 0.0318],
    [0.033, 0.3653, 0.2397, 0.362],
    [0.0514, 0.1204, 0.4882, 0.34]
  ],
  "Z_est": [
    [
      [138.7506, 40.4641, 62.0673, 24.4843, 73.1464, 106.81, 72.5069, 31.6126, 96.7232, 21.8385, 39.8096, 16.0542, 2.9533, 37.7921, 1.5114, 42.5157, 0, 2.5926, 30.5834, 62.3989, 49.7363, 62.7512, 47.6278, 27.2498, 84.6626, 0, 6.1437, 5.0675, 8.1817, 151.1584, 20.1628, 145.8247, 26.6226],
      [79.3881, 25.7252, 41.6209, 20.3035, 51.5844, 66.5283, 43.8272, 24.447, 57.2042, 9.7288, 24.5711, 12.297, 1.0102, 19.5624, 0.1833, 25.1721, 0.9907, 1.6097, 16.6363, 46.0003, 33.2954, 38.1784, 28.2291, 10.7754, 62.3358, 1.0809, 4.1347, 0.3119, 3.4759, 96.4248, 11.456, 72.1579, 22.4576],
      [82.8613, 24.6996, 41.247, 17.885, 52.943, 83.6617, 53.666, 28.9311, 58.6067, 12.4328, 27.6193, 14.6277, 1.0365, 23.6455, 0.3017, 29.2819, 1.0093, 1.7922, 18.6966, 50.5467, 45.9682, 46.0704, 37.1431, 17.9748, 74.0016, 0.9191, 3.7215, 2.6206, 6.3406, 115.3653, 12.3812, 71.7283, 19.8898],
      [0, 0.1112, 0.0647, 0.3271, 0.3261, 0, 0, 0.0093, 0.4659, 0, 0, 0.021, 0, 0, 0.0036, 0.0303, 0, 0.0055, 0.0837, 0.0541, 0, 0, 0, 0, 0, 0, 0, 0, 0.0017, 0.0515, 0, 0.289, 0.0301]
    ],
    [
      [12.1186, 4.7167, 6.4892, 1.2354, 4.2019, 8.3399, 4.1916, 0.8572, 6.0649, 4.5891, 6.2371, 2.0112, 0.8349, 6.4448, 0.3998, 4.1134, 0, 0.2324, 2.2131, 6.6494, 1.384, 4.7998, 6.3971, 4.0029, 7.1408, 0, 0.1813, 0.6054, 0.3703, 15.0832, 3.008, 15.3462, 0.738],
      [494.6954, 243.3928, 364.8998, 167.7524, 279.2782, 240.7412, 178.8738, 113.5981, 288.6165, 123.8882, 306.5172, 162.0252, 18.9654, 238.8835, 5.6123, 210.8437, 5.1949, 20.9198, 99.0544, 483.2991, 92.3913, 203.8071, 276.0491, 51.3112, 349.5268, 11.6509, 11.1411, 4.954, 23.0126, 873.5932, 126.2473, 507.5492, 55.1349],
      [24.5582, 6.6204, 14.771, 0, 12.9278, 20.4003, 12.555, 8.0111, 12.9668, 10.2472, 19.7854, 11.281, 0.93, 17.5735, 0.4098, 13.729, 0.2662, 1.1116, 5.5976, 28.4265, 9.7943, 14.5069, 23.27, 14.2427, 24.9139, 0.3491, 0.4659, 0.4405, 5.0956, 62.2872, 7.2418, 19.2952, 2.4228],
      [62.6277, 33.2702, 43.84, 32.0123, 42.5921, 16.5186, 26.3796, 16.5337, 50.3519, 18.2755, 38.4604, 27.6826, 1.2696, 35.0982, 2.578, 33.3139, 0.5389, 3.7362, 17.1348, 66.625, 7.4304, 27.8862, 47.2838, 5.4433, 41.4185, 0, 1.2118, 0, 8.5215, 137.0364, 14.5029, 75.8094, 4.7043]
    ],
    [
      [10.7832, 2.4143, 4.3291, 0.4802, 2.3807, 0, 4.1297, 0, 8.7526, 2.3731, 2.8861, 0.4797, 0.7602, 4.1569, 0.8068, 3.7448, 0, 0.012, 2.7583, 2.7246, 0, 2.8251, 1.8031, 0, 0, 0, 0.2712, 0, 0, 9.5005, 2.3477, 23.6017, 1.0537],
      [24.4474, 12.2119, 23.0358, 14.3975, 22.3588, 0, 12.1477, 4.4314, 34.2022, 0.4188, 9.3427, 5.4574, 1.0232, 5.0296, 0.0327, 10.3629, 0.2937, 0.9757, 7.3536, 21.928, 0, 8.0193, 0.241, 0, 12.4608, 0.7566, 1.7295, 0, 0, 28.5669, 6.4041, 46.3155, 10.6463],
      [826.5912, 277.0619, 567.3586, 215.4404, 590.0288, 911, 1067.7226, 349.3406, 843.443, 255.208, 469.7712, 341.9407, 39.2166, 498.8134, 24.5675, 562.8515, 13.7063, 32.8353, 280.1536, 846.7393, 468, 741.1556, 841.956, 293, 1350.5392, 16.2434, 35.9887, 60, 89.9583, 2151.3501, 257.2483, 1129.5369, 218.8867],
      [0.1783, 1.312, 1.2766, 4.6819, 4.2316, 0, 0, 0.228, 8.6022, 0, 0, 1.1222, 0, 0, 0.5931, 1.0408, 0, 0.177, 1.7346, 1.6081, 0, 0, 0, 0, 0, 0, 0.0106, 0, 0.0417, 1.5825, 0, 5.546, 0.4133]
    ],
    [
      [1.953, 0.5612, 0.9267, 0.2781, 0.7648, 0.7279, 0.5508, 0.2277, 0.8499, 0.5489, 0.6591, 0.3382, 0.0368, 0.813, 0.0508, 0.4262, 1.1102e-16, 0.0206, 0.5135, 0.8798, 0.2436, 0.4111, 0.7652, 0.3048, 0.8394, 0, 0, 0.1589, 0.0577, 2.2052, 0.3512, 1.3422, 0.0085],
      [93.6108, 31.7148, 55.9532, 24.8228, 51.0503, 42.9572, 30.8959, 17.6227, 44.3718, 21.5121, 37.2753, 25.9886, 1.309, 37.7846, 0.7585, 23.2363, 0.5552, 1.4287, 24.8474, 61.6606, 16.1652, 23.205, 42.941, 11.6123, 58.6691, 0.9776, 0, 1.2048, 2.629, 131.6253, 18.0511, 55.8336, 0.6528],
      [2.5606, 0.6654, 1.3816, 0.1372, 1.3066, 1.6431, 1.1307, 0.6393, 1.1323, 0.9006, 1.2438, 0.9404, 0.0378, 1.4178, 0.0269, 0.7925, 0.0156, 0.0441, 0.7216, 1.9476, 0.6375, 0.8371, 1.8319, 0.6162, 2.1427, 0.0224, 0, 0.0576, 0.1628, 4.8178, 0.5575, 1.413, 0.0175],
      [66.8756, 24.0586, 37.7384, 24.7619, 42.8783, 22.6719, 26.4226, 14.5103, 42.646, 19.0384, 26.8218, 24.7327, 0.6163, 31.9846, 2.1637, 20.545, 0.4291, 1.5066, 23.9175, 47.5121, 9.9536, 18.5468, 42.4619, 10.4666, 42.3488, 0, 0, 0.5787, 5.1506, 115.3518, 12.0402, 46.4112, 0.3212]
    ],
    [
      [7.3947, 2.8438, 4.1876, 1.522, 4.5061, 4.1222, 3.621, 1.3025, 5.6093, 2.6504, 3.4082, 1.1167, 0.4147, 3.7931, 0.2312, 4.1999, 0, 0.1423, 1.9317, 4.3472, 1.636, 3.2128, 3.4068, 1.4425, 6.3572, 0, 0.4038, 0.1682, 0.3903, 11.0527, 1.1304, 8.8853, 0.5772],
      [43.8583, 18.9553, 29.4903, 13.7238, 33.7283, 27.7734, 23.2554, 10.9008, 34.6052, 12.4521, 22.2938, 9.2318, 1.6921, 20.7399, 0.4132, 26.385, 0.9655, 1.0662, 11.1083, 34.1121, 12.148, 20.7902, 21.5399, 6.3011, 50.0075, 0.5341, 2.9947, 0.5293, 1.8825, 74.7898, 6.8414, 45.1438, 5.1085],
      [47.4286, 18.9528, 30.2418, 12.5374, 35.7938, 34.295, 28.9257, 13.0779, 36.8514, 16.2114, 25.5803, 11.2101, 1.7791, 25.5498, 0.694, 31.3451, 1.0026, 1.2168, 12.8306, 38.34, 15.5999, 25.43, 28.799, 10.1663, 60.4026, 0.4659, 2.8239, 0.8813, 3.4428, 91.1796, 7.5712, 47.0266, 4.7832],
      [44.3184, 20.2481, 28.0803, 19.2168, 39.9718, 20.8095, 28.1978, 12.7188, 46.9341, 15.6861, 22.7177, 12.4414, 1.1141, 24.9172, 1.6616, 33.07, 1.032, 1.5747, 15.1294, 37.2007, 10.616, 23.5671, 30.2543, 8.0901, 51.2326, 0, 2.7776, 0.4213, 5.2845, 92.9778, 6.4569, 52.9444, 3.5311]
    ]
  ],
  "V_est": [
    [1539.8043, 952.7044, 1079.6163, 1.875],
    [140.9977, 6633.4203, 406.4945, 940.0875],
    [95.3753, 324.5908, 16667.6536, 34.3803],
    [17.8149, 992.9227, 31.7994, 805.4629],
    [96.0079, 625.3617, 722.4361, 715.1942]
  ],
  "p_est": [
    [0.4308, 0.2666, 0.3021, 0.0005],
    [0.0174, 0.8168, 0.0501, 0.1158],
    [0.0056, 0.019, 0.9735, 0.002],
    [0.0096, 0.5373, 0.0172, 0.4359],
    [0.0445, 0.2897, 0.3346, 0.3313]
  ],
  "EI_Z": {},
  "EI_V": 8.7903,
  "MAE_Z": {},
  "MAE_V": 288.5329,
  "MAE_p": 0.0746,
  "runtime": 0.001
}
