{
  "X": [
    [1, 2, 14, 0],
    [32, 293, 348, 33],
    [43, 559, 792, 85],
    [4, 22, 48, 3],
    [22, 160, 406, 29],
    [4, 30, 17, 5],
    [2, 7, 13, 1],
    [14, 145, 342, 20],
    [35, 212, 319, 33],
    [17, 106, 159, 4],
    [27, 165, 339, 33],
    [39, 670, 361, 68],
    [34, 656, 389, 40],
    [56, 810, 520, 67],
    [0, 7, 2, 1],
    [4, 9, 7, 1],
    [1, 19, 32, 4],
    [31, 200, 519, 26],
    [3, 17, 15, 3],
    [111, 563, 707, 117],
    [62, 466, 460, 55],
    [2, 25, 33, 7],
    [9, 15, 33, 0],
    [3, 8, 6, 1],
    [3, 49, 57, 7],
    [0, 2, 10, 1],
    [24, 240, 404, 24],
    [26, 495, 535, 65],
    [58, 563, 624, 123],
    [72, 738, 702, 133],
    [26, 231, 255, 48],
    [26, 347, 395, 54],
    [3, 59, 53, 15],
    [1, 6, 5, 0],
    [2, 57, 158, 4],
    [9, 89, 172, 11],
    [28, 214, 373, 23],
    [14, 99, 88, 19],
    [6, 34, 72, 12],
    [39, 202, 136, 18],
    [26, 195, 263, 46],
    [51, 571, 519, 88],
    [0, 1, 1, 2],
    [311, 4181, 4986, 618],
    [36, 293, 355, 48],
    [163, 806, 1039, 179],
    [26, 119, 180, 12]
  ],
  "W": [
    [0, 1, 0, 11, 4, 1],
    [23, 49, 165, 393, 64, 12],
    [53, 84, 279, 916, 123, 24],
    [2, 7, 13, 53, 2, 0],
    [18, 35, 68, 448, 35, 13],
    [3, 9, 13, 25, 4, 2],
    [1, 3, 3, 15, 1, 0],
    [20, 49, 53, 369, 24, 6],
    [23, 81, 56, 369, 61, 9],
    [13, 26, 41, 184, 17, 5],
    [26, 45, 49, 416, 23, 5],
    [25, 91, 342, 517, 134, 29],
    [29, 91, 268, 608, 107, 16],
    [42, 142, 340, 749, 150, 30],
    [0, 2, 4, 2, 2, 0],
    [0, 3, 5, 11, 1, 1],
    [0, 4, 12, 37, 3, 0],
    [29, 74, 64, 571, 28, 10],
    [1, 5, 9, 17, 5, 1],
    [114, 188, 245, 774, 136, 41],
    [45, 113, 239, 555, 61, 30],
    [2, 9, 10, 37, 7, 2],
    [0, 8, 6, 37, 4, 2],
    [1, 3, 4, 8, 2, 0],
    [3, 10, 24, 70, 5, 4],
    [0, 0, 1, 10, 1, 1],
    [28, 55, 103, 452, 40, 14],
    [47, 97, 205, 675, 82, 15],
    [86, 106, 260, 749, 133, 34],
    [92, 140, 354, 868, 147, 44],
    [32, 65, 103, 302, 43, 15],
    [64, 49, 144, 480, 70, 15],
    [12, 9, 37, 63, 8, 1],
    [1, 3, 1, 6, 1, 0],
    [9, 8, 21, 174, 7, 2],
    [13, 21, 39, 185, 15, 8],
    [34, 54, 72, 436, 33, 9],
    [9, 34, 42, 109, 21, 5],
    [11, 15, 14, 75, 6, 3],
    [17, 69, 84, 173, 34, 18],
    [27, 48, 82, 313, 42, 18],
    [37, 125, 254, 653, 132, 28],
    [1, 0, 0, 1, 1, 1],
    [443, 715, 2000, 5794, 950, 194],
    [24, 73, 157, 401, 62, 15],
    [82, 258, 375, 1241, 157, 74],
    [4, 63, 57, 194, 15, 4]
  ],
  "method": "mvn_cdf",
  "mvncdf_method": "genz",
  "mvncdf_samples": 5000,
  "mvncdf_error": 1e-06,
  "cond_prob": [
    [
      [0.0019202210791, 0.0082568134929, 0.97646150329, 0.01336146214],
      [0.41984696406, 0.21145734138, 0.35233862607, 0.016357068487],
      [0.000748627317, 0.80563965365, 0.1757831475, 0.017828571539],
      [0.00026603541655, 0.030004705485, 0.96894104945, 0.00078820964824],
      [0.0027026495449, 0.57007282064, 0.41049707856, 0.016727451252],
      [0.34667964553, 0.13262023517, 0.45445826531, 0.066241853986]
    ],
    [
      [0.0206421231, 0.03896988208, 0.60746763121, 0.33292036361],
      [0.50348739225, 0.33903186336, 0.099868107511, 0.057612636875],
      [0.0018439859273, 0.89902174064, 0.039761865141, 0.059372408293],
      [0.0033048220912, 0.18695785649, 0.79674090074, 0.012996420672],
      [0.0082941787548, 0.81053572626, 0.11095029643, 0.070219798561],
      [0.42906957761, 0.18955336069, 0.11497132234, 0.26640573936]
    ],
    [
      [0.012290802577, 0.036410663048, 0.55464034415, 0.39665819023],
      [0.3820439794, 0.41030851065, 0.11846989417, 0.089177615773],
      [0.001160258877, 0.88547606239, 0.038434501262, 0.074929177472],
      [0.0021431187023, 0.18999892459, 0.79095221264, 0.01690574407],
      [0.0052203384077, 0.79885971854, 0.10726793399, 0.088652009071],
      [0.29553449955, 0.20789673991, 0.12356156228, 0.37300719826]
    ],
    [
      [0.016167804979, 0.029713705291, 0.63555878696, 0.31855970277],
      [0.54985375661, 0.28376138337, 0.11042715382, 0.055957706195],
      [0.0017994158938, 0.88174391204, 0.050632119765, 0.065824552306],
      [0.0025524429345, 0.14299232629, 0.84308954989, 0.011365680882],
      [0.0079472262313, 0.77643435193, 0.13902104089, 0.076597380955],
      [0.44137739712, 0.15772094624, 0.12718180142, 0.27371985521]
    ],
    [
      [0.013624576673, 0.029012316672, 0.60907338059, 0.34828972606],
      [0.44698716645, 0.33821886011, 0.13420699182, 0.080586981615],
      [0.0015743848571, 0.8666896366, 0.051620206019, 0.080115772527],
      [0.0022847528862, 0.1459250563, 0.83759609851, 0.014194092302],
      [0.0068944879156, 0.76060388531, 0.14023099713, 0.092270629651],
      [0.34619742938, 0.17220744039, 0.14074370592, 0.3408514243]
    ],
    [
      [0.014195264663, 0.063692967999, 0.35893676684, 0.5631750005],
      [0.34518106529, 0.52238414798, 0.052621506819, 0.079813279913],
      [0.00076322354741, 0.93195076603, 0.013840776514, 0.05344523391],
      [0.0027451901414, 0.38115175181, 0.59249592812, 0.023607129924],
      [0.003637656548, 0.88823058324, 0.040935044139, 0.067196716072],
      [0.27969322275, 0.27849838773, 0.058653240951, 0.38315514856]
    ],
    [
      [0.021099665397, 0.03749791712, 0.62457349064, 0.31682892685],
      [0.70910905229, 0.20712602558, 0.05712217616, 0.026642745975],
      [0.001782864058, 0.92054304157, 0.035833645922, 0.041840448453],
      [0.0030546753638, 0.17323737757, 0.814680257, 0.0090276900646],
      [0.0082178422738, 0.83764965801, 0.10316530671, 0.050967193008],
      [0.6130802236, 0.14378412782, 0.082893815799, 0.16024183278]
    ],
    [
      [0.0064900341253, 0.033451616455, 0.67834795452, 0.2817103949],
      [0.25721647451, 0.47937430164, 0.18336966983, 0.080039554022],
      [0.00066896938709, 0.89048658366, 0.051119783631, 0.057724663323],
      [0.00097891928585, 0.15113257642, 0.83756453233, 0.010323971966],
      [0.0029588096078, 0.78954747827, 0.14032678888, 0.067166923239],
      [0.2049931762, 0.25001204049, 0.19711620452, 0.34787857879]
    ],
    [
      [0.012889618783, 0.04015175451, 0.56487269854, 0.38208592816],
      [0.3788605084, 0.42711421115, 0.11348888315, 0.080536397299],
      [0.0011157379857, 0.89733685818, 0.035800549677, 0.065746854154],
      [0.0021718559575, 0.20269428167, 0.77949680534, 0.015637057028],
      [0.0050595385982, 0.81578345661, 0.10073320536, 0.078423799438],
      [0.30328336639, 0.22382527801, 0.12251934911, 0.35037200649]
    ],
    [
      [0.026007188814, 0.05385199935, 0.71099461437, 0.20914619747],
      [0.51278272028, 0.36800395851, 0.090958981928, 0.028254339286],
      [0.0017392419828, 0.93585592514, 0.034628346146, 0.027776486729],
      [0.0034561100552, 0.21505956754, 0.7747216137, 0.0067627087055],
      [0.0079783068005, 0.85995646116, 0.098568369232, 0.033496862812],
      [0.49825295848, 0.23383944608, 0.11915082679, 0.14875676865]
    ],
    [
      [0.020143412697, 0.036177476271, 0.4836865486, 0.45999256243],
      [0.51075964291, 0.32543539972, 0.082213014948, 0.081591942421],
      [0.0018924242784, 0.87922271119, 0.033342045179, 0.085542819353],
      [0.0038853431383, 0.20943031993, 0.76523377936, 0.021450557574],
      [0.0085522745367, 0.79629864217, 0.09346036407, 0.10168871922],
      [0.39816187043, 0.16688520194, 0.086861553411, 0.34809137422]
    ],
    [
      [0.013906320781, 0.066097466306, 0.43436480359, 0.48563140933],
      [0.31275102919, 0.54084694982, 0.067306099763, 0.079095921232],
      [0.00075813032159, 0.92897575731, 0.017378405947, 0.052887706423],
      [0.0024541434797, 0.34926863384, 0.6273647294, 0.020912493283],
      [0.0035805031941, 0.87982537279, 0.05090977741, 0.065684346606],
      [0.26407371714, 0.29864351732, 0.076511192095, 0.36077157344]
    ],
    [
      [0.016180079263, 0.094419396335, 0.47540204454, 0.41399847987],
      [0.28486651147, 0.60474198714, 0.057644670606, 0.052746830779],
      [0.00063366938092, 0.95333372717, 0.013661944952, 0.032370658499],
      [0.0023681190473, 0.41379223074, 0.56905514349, 0.014784506718],
      [0.0030347077436, 0.91561691758, 0.040582188504, 0.040766186174],
      [0.27341667481, 0.37910490951, 0.074401759074, 0.27307665661]
    ],
    [
      [0.015212037669, 0.077295838634, 0.48467794016, 0.42281418354],
      [0.30525233536, 0.56581981255, 0.067224322675, 0.061703529412],
      [0.00072001347181, 0.94241761341, 0.016835886629, 0.040026486484],
      [0.0023790392656, 0.36175847318, 0.6197019786, 0.016160508953],
      [0.0034174051638, 0.89706002959, 0.049565587241, 0.049956978003],
      [0.27798195728, 0.33673217664, 0.082354947824, 0.30293091825]
    ],
    [
      [0.0014505275433, 0.051152145072, 0.28590811838, 0.66148920901],
      [0.023117255093, 0.84438651646, 1.0245789586e-24, 0.13249622845],
      [8.873770852e-05, 0.95002260184, 6.0384276986e-25, 0.049888660452],
      [1.3867322091e-24, 1.5221024622e-20, 1.1010704557e-19, 1],
      [0.00043658051803, 0.93327793359, 6.7025018752e-25, 0.06628548589],
      [0.0051526820769, 0.19636004342, 0.051105958848, 0.74738131565]
    ],
    [
      [0.13143548964, 0.04289912419, 0.2844484905, 0.54121689567],
      [0.9494967519, 0.039038718665, 0.004594810129, 0.0068697193034],
      [0.0089127190503, 0.92436977668, 0.015362329532, 0.051355174734],
      [0.027494865663, 0.31397379034, 0.63948522168, 0.019046122315],
      [0.041759625143, 0.85077965377, 0.044197531182, 0.063263189906],
      [0.91846025575, 0.031289124057, 0.0075145264135, 0.042736093783]
    ],
    [
      [0.0027285563767, 0.018945023291, 0.36899562261, 0.60933079772],
      [0.19246532572, 0.43149777164, 0.15416106305, 0.22187583959],
      [0.00043250495276, 0.803324148, 0.042184240732, 0.15405910632],
      [0.00069840387386, 0.14824723406, 0.8217789507, 0.029275411365],
      [0.0018959267844, 0.70308691522, 0.11541118657, 0.17960597142],
      [0.074195378856, 0.12888009921, 0.095738283073, 0.70118623886]
    ],
    [
      [0.010580948094, 0.035017286288, 0.6773138058, 0.27708795982],
      [0.35422437968, 0.42395932177, 0.15506577636, 0.066750522194],
      [0.001048473633, 0.89500323234, 0.049170450964, 0.054777843063],
      [0.0015869818281, 0.15724894806, 0.83103078363, 0.010133286485],
      [0.0046516215757, 0.7960805709, 0.13534920572, 0.0639186018],
      [0.29454196316, 0.23069671335, 0.17378647541, 0.30097484808]
    ],
    [
      [0.014640514323, 0.033736897907, 0.48672517006, 0.46489741771],
      [0.51271869579, 0.32766049809, 0.082714212011, 0.076906594102],
      [0.0013925012321, 0.88965276433, 0.032479505828, 0.076475228611],
      [0.0026657990273, 0.1912311435, 0.78840792746, 0.01769513002],
      [0.0063656807487, 0.80863675296, 0.092675084247, 0.092322482046],
      [0.37534869808, 0.16857431064, 0.088637306233, 0.36743968505]
    ],
    [
      [0.018998866566, 0.03848858316, 0.5383394646, 0.40417308568],
      [0.47886349268, 0.35338363924, 0.093671417395, 0.074081450685],
      [0.0017061845701, 0.89015396817, 0.035470029545, 0.072669817716],
      [0.0033506791878, 0.20307094276, 0.7761379587, 0.017440419356],
      [0.0077090932469, 0.80652676474, 0.099419218016, 0.086344923997],
      [0.38749230204, 0.18708888915, 0.10208482787, 0.32333398093]
    ],
    [
      [0.018472846757, 0.051214651731, 0.56361764769, 0.36669485382],
      [0.42363571638, 0.42663038744, 0.088862665977, 0.060871230211],
      [0.0012857047997, 0.91892901192, 0.028763356588, 0.051021926692],
      [0.0029549767459, 0.24524644561, 0.73746885735, 0.014329720296],
      [0.005930179882, 0.84988391458, 0.082301054517, 0.061884851024],
      [0.368063287, 0.24243502634, 0.10396473999, 0.28553694667]
    ],
    [
      [0.003753942034, 0.024744280945, 0.40723245555, 0.56426932148],
      [0.20067680832, 0.46923009592, 0.14085181606, 0.1892412797],
      [0.00047331107314, 0.8354450264, 0.036992033368, 0.12708962916],
      [0.00085856387319, 0.17335247443, 0.79790488332, 0.027884078386],
      [0.0021121774258, 0.74496598768, 0.10289153017, 0.15003030472],
      [0.10544876062, 0.16501160404, 0.10329913553, 0.62624049981]
    ],
    [
      [0.080708156908, 0.034982909026, 0.72673981719, 0.15756911687],
      [0.8594056866, 0.096437097589, 0.035548228916, 0.0086089868918],
      [0.0077981419061, 0.91303176043, 0.049250610992, 0.029919486673],
      [0.011046251941, 0.14680504846, 0.83695970373, 0.0051889958675],
      [0.034211483157, 0.79696375915, 0.13440308048, 0.034421677219],
      [0.84137150751, 0.06417475532, 0.048743692706, 0.045710044466]
    ],
    [
      [0.10087391874, 0.050919140112, 0.43197591689, 0.41623102427],
      [0.94495936015, 0.044175772771, 0.0059959672897, 0.0048688997907],
      [0.0060807737386, 0.93984578276, 0.017764428551, 0.036309014947],
      [0.016778027494, 0.27892977374, 0.69158296666, 0.012709232105],
      [0.028813395353, 0.87407509009, 0.051991735383, 0.045119779173],
      [0.92360231604, 0.037144371979, 0.010269911122, 0.028983400864]
    ],
    [
      [0.0065241658038, 0.045535926731, 0.54307314368, 0.40486676379],
      [0.22627233107, 0.5576513475, 0.12255359191, 0.093522729527],
      [0.00049418591807, 0.91133466227, 0.029801946326, 0.058369205484],
      [0.0010852513006, 0.23013211759, 0.75313835947, 0.015644271641],
      [0.0022790924385, 0.84137076185, 0.085423873648, 0.070926272069],
      [0.17506230761, 0.28247513481, 0.12868418727, 0.41377837031]
    ],
    [
      [0.00039363064006, 0.018746154192, 0.7554590729, 0.22540114227],
      [0.37672386925, 0.43883032651, 0.10175085309, 0.082694951145],
      [5.3423026745e-05, 0.86583124601, 0.076971859592, 0.057143471368],
      [3.9919140852e-05, 0.06913729805, 0.92565572017, 0.0051670626402],
      [0.00022332489782, 0.72338901125, 0.2108923894, 0.065495274451],
      [8.1248050487e-09, 0.13405472509, 0.19778117891, 0.66816408787]
    ],
    [
      [0.010864722592, 0.041995378279, 0.67769160389, 0.26944829524],
      [0.33346005341, 0.46529124459, 0.14184279701, 0.05940590499],
      [0.00091418703319, 0.91207763092, 0.041752488445, 0.045255693601],
      [0.001579324761, 0.1828280431, 0.80603613619, 0.0095564959442],
      [0.004125831629, 0.82524418219, 0.11691658314, 0.053713403041],
      [0.28981423573, 0.26447389458, 0.16606936042, 0.27964250926]
    ],
    [
      [0.0080401125104, 0.051509288988, 0.51808323828, 0.42236736022],
      [0.24024391295, 0.5612671254, 0.10689910367, 0.091589857976],
      [0.00055429678062, 0.9151155132, 0.026198970246, 0.058131219775],
      [0.0013651621239, 0.26176792415, 0.71937309322, 0.017493820511],
      [0.0025708189741, 0.8511410309, 0.075380614257, 0.07090753587],
      [0.19271857977, 0.29441375926, 0.11546817996, 0.39739948101]
    ],
    [
      [0.014032067663, 0.038044939116, 0.44395351363, 0.50396947959],
      [0.40598060465, 0.39995302842, 0.088454019966, 0.10561234696],
      [0.0012583478707, 0.87913767516, 0.029227000475, 0.090376976494],
      [0.0028592549148, 0.23203979505, 0.7400122399, 0.025088710139],
      [0.0057343860801, 0.80334072114, 0.082617766343, 0.10830712643],
      [0.29893312978, 0.19285752756, 0.087809353203, 0.42039998946]
    ],
    [
      [0.014379949013, 0.045027698564, 0.45995407913, 0.48063827329],
      [0.38391270359, 0.43798325677, 0.084817330338, 0.093286709308],
      [0.0011137596122, 0.89822389506, 0.026153167672, 0.074509177655],
      [0.0027441623195, 0.25711884143, 0.71770732947, 0.022429666786],
      [0.0051312138858, 0.82985989231, 0.074739950273, 0.090268943536],
      [0.29803420412, 0.22246934126, 0.088683246285, 0.39081320834]
    ],
    [
      [0.010212470453, 0.039880160304, 0.4711876364, 0.47871973284],
      [0.32609389697, 0.46140878219, 0.10292871638, 0.10956860445],
      [0.00087951480734, 0.88753022138, 0.0297200516, 0.081870212217],
      [0.0019698629414, 0.23059780827, 0.74502819625, 0.022404132538],
      [0.0040200084105, 0.81325479461, 0.084287873967, 0.098437323009],
      [0.23912925826, 0.22161197679, 0.10188134232, 0.43737742263]
    ],
    [
      [0.015258380433, 0.052737086379, 0.53180411313, 0.40020042006],
      [0.37456118094, 0.46620310424, 0.088907055201, 0.070328659624],
      [0.0010295907715, 0.91875827415, 0.026319089429, 0.053893045646],
      [0.0025239196319, 0.26137548356, 0.71995131429, 0.016149282517],
      [0.0047726702788, 0.85385429452, 0.075677947996, 0.065695087209],
      [0.31725708037, 0.25858776027, 0.10157503142, 0.32258012793]
    ],
    [
      [0.0066858802076, 0.034804962037, 0.38300806267, 0.57550109508],
      [0.27243369405, 0.48040730816, 0.097785512432, 0.14937348536],
      [0.0006346407044, 0.86937036756, 0.02632353637, 0.10367145536],
      [0.0015288337988, 0.240669638, 0.72726220226, 0.030539325939],
      [0.0029074101672, 0.79701286724, 0.074914763043, 0.12516495955],
      [0.16942331569, 0.20179139925, 0.08531897885, 0.54346630621]
    ],
    [
      [0.010539495018, 0.10042786304, 0.79427391174, 0.094758730204],
      [0.23447099316, 0.68794126283, 0.066633027127, 0.010954716883],
      [0.00033303907699, 0.98137654926, 0.012984549716, 0.0053058619426],
      [0.001106628553, 0.333779911, 0.66240954691, 0.0027039135343],
      [0.0016175819826, 0.95227674646, 0.039423935051, 0.0066817365066],
      [0.31593822445, 0.51660616718, 0.10917042151, 0.058285186856]
    ],
    [
      [0.0049062201376, 0.038690405494, 0.75246266778, 0.20394070658],
      [0.19885705332, 0.54624731333, 0.19833473933, 0.056560894008],
      [0.00044504453433, 0.9135269045, 0.049583985816, 0.036444065151],
      [0.00066431623273, 0.15735147358, 0.83532007994, 0.0066641302516],
      [0.0019881430518, 0.81758312694, 0.1375813461, 0.042847383907],
      [0.17529841619, 0.31377289442, 0.23546937168, 0.27545931772]
    ],
    [
      [0.0085157672989, 0.037189262955, 0.69604921597, 0.25824575378],
      [0.30268794382, 0.46871710768, 0.16437376694, 0.064221181562],
      [0.00079695316293, 0.90390286442, 0.047442951112, 0.047857231304],
      [0.00123392658, 0.16184560539, 0.827856876, 0.0090635920317],
      [0.0035589109734, 0.80867816148, 0.13153937762, 0.056223549925],
      [0.25575647901, 0.25919488082, 0.18758094882, 0.29746769135]
    ],
    [
      [0.016864644588, 0.047786823786, 0.64008495199, 0.29526357964],
      [0.41685473039, 0.42389982586, 0.10723315192, 0.052012291832],
      [0.0012568978545, 0.91995040838, 0.034942078333, 0.043850615438],
      [0.0024949061892, 0.2118472478, 0.77501382432, 0.010644021695],
      [0.005742333169, 0.84253612418, 0.099036446918, 0.052685095728],
      [0.37196541804, 0.247546943, 0.12899602461, 0.25149161435]
    ],
    [
      [0.011606233443, 0.041146937652, 0.42338125502, 0.52386557388],
      [0.35444484931, 0.44870328482, 0.086410521551, 0.11044134433],
      [0.00096301661382, 0.8889125233, 0.025610000551, 0.084514459537],
      [0.0023824728689, 0.25432585118, 0.71776964692, 0.025522029031],
      [0.0044337431413, 0.81993640959, 0.07319723223, 0.10243261504],
      [0.25690613519, 0.21359077065, 0.084938916191, 0.44456417797]
    ],
    [
      [0.0075354540666, 0.026196103537, 0.51743175033, 0.44883669207],
      [0.32919765727, 0.39674153662, 0.14490546702, 0.12915533909],
      [0.00092712392667, 0.84755997077, 0.046002705297, 0.1055102],
      [0.0014496805678, 0.15236020203, 0.82598477687, 0.020205340537],
      [0.0040865543392, 0.74721347258, 0.12607656857, 0.12262340451],
      [0.21440363564, 0.17157570037, 0.13012072275, 0.48389994124]
    ],
    [
      [0.02452626644, 0.071155707875, 0.55240876362, 0.35190926206],
      [0.4341536744, 0.45500259127, 0.066373304157, 0.044470430171],
      [0.0012544644761, 0.94239409624, 0.020617553652, 0.035733885628],
      [0.0036218254135, 0.31525505696, 0.66850465483, 0.012618462798],
      [0.0059070709105, 0.88960137702, 0.060239607064, 0.044251945005],
      [0.40899268122, 0.28001844757, 0.084192722637, 0.22679614857]
    ],
    [
      [0.012661510882, 0.034827427376, 0.45376861898, 0.49874244276],
      [0.39789866871, 0.39375802361, 0.096891542989, 0.11145176469],
      [0.0012238825533, 0.87095233232, 0.032163173487, 0.095660611644],
      [0.0025822428111, 0.21314992658, 0.75961832802, 0.02464950259],
      [0.0055401266711, 0.79022344937, 0.090328056808, 0.11390836715],
      [0.28512482388, 0.18514193768, 0.09387800744, 0.435855231]
    ],
    [
      [0.011323185632, 0.044493517985, 0.46014078135, 0.48404251503],
      [0.33087633522, 0.47368401831, 0.092812348892, 0.10262729758],
      [0.00088597473784, 0.89702916915, 0.026421179623, 0.075663676486],
      [0.0021667512401, 0.25483503043, 0.72039583096, 0.02260238737],
      [0.0040817646219, 0.82873360605, 0.075510340586, 0.091674288743],
      [0.25053180514, 0.23467458742, 0.094660745163, 0.42013286228]
    ],
    [
      [0.00076052538242, 0.053958281648, 0.92083753353, 0.024443659444],
      [0.37672386925, 0.43883032651, 0.10175085309, 0.082694951145],
      [7.8876587841e-05, 0.96678901587, 0.02584265799, 0.0072894495535],
      [0.00023985629375, 0.26472758037, 0.73199916315, 0.0030334001871],
      [0.00035508500093, 0.91848296792, 0.072476480176, 0.0086854668984],
      [2.2506410015e-05, 0.7133030999, 0.23044829444, 0.05622609925]
    ],
    [
      [0.010985334286, 0.041141032396, 0.55313562439, 0.39473800892],
      [0.33491454402, 0.45946885657, 0.11731963243, 0.088296966989],
      [0.00093197751561, 0.89734889521, 0.034474509658, 0.067244617618],
      [0.0018764222362, 0.21005085131, 0.77153091991, 0.016541806545],
      [0.0042366902175, 0.81817741345, 0.097206987471, 0.080378908862],
      [0.26415710147, 0.23691360771, 0.12446837186, 0.37446091896]
    ],
    [
      [0.012949029969, 0.034714035877, 0.54192046787, 0.41041646628],
      [0.40294782349, 0.39022140736, 0.11517897469, 0.091651794469],
      [0.0012712040176, 0.87944139592, 0.038983117595, 0.080304282471],
      [0.0023156354313, 0.18594207313, 0.7938787732, 0.017863518234],
      [0.0057033638077, 0.79101971907, 0.10851793271, 0.094758984413],
      [0.30715403476, 0.19494856795, 0.11849763494, 0.37939976235]
    ],
    [
      [0.018734951782, 0.033504599551, 0.44741459371, 0.50034585496],
      [0.49684410928, 0.32427325859, 0.082152928786, 0.096729703344],
      [0.0018784256074, 0.86469583631, 0.032943964742, 0.10048177334],
      [0.0039021506569, 0.20875149254, 0.76184766696, 0.025498689851],
      [0.0084558927885, 0.7806075265, 0.091989910634, 0.11894667008],
      [0.37045760015, 0.15818377771, 0.082475048361, 0.38888357377]
    ],
    [
      [0.011654838438, 0.034942567242, 0.67874450548, 0.27465808884],
      [0.37866624726, 0.40877844208, 0.14907080813, 0.063484502521],
      [0.0011550006932, 0.89594413727, 0.0489576292, 0.053943232835],
      [0.0017414173221, 0.15650083782, 0.83182877992, 0.0099289649341],
      [0.005126297387, 0.79695776988, 0.13493035691, 0.062985575818],
      [0.31710950062, 0.22400324528, 0.16836729569, 0.29051995841]
    ]
  ],
  "expected_outcome": [
    [
      [0, 0.4747688313, 0.65141253656, 0.032335609958, 0.24524238011, 0.042585793988, 0.021099665397, 0.12980068251, 0.29646123201, 0.33809345458, 0.52372873013, 0.34765801953, 0.46922229863, 0.63890558211, 0, 0, 0, 0.30684749472, 0.014640514323, 2.1658707886, 0.83127810408, 0.0075078840679, 0, 0.10087391874, 0.019572497411, 0, 0.30421223257, 0.37788528799, 1.206757819, 1.3229553092, 0.32679905448, 0.97653634771, 0.080230562491, 0.010539495018, 0.044155981238, 0.11070497489, 0.57339791601, 0.10445610098, 0.082889994732, 0.41694652948, 0.34186079383, 0.41895786838, 0.00076052538242, 4.8665030885, 0.31077671925, 1.5362660461, 0.046619353752],
      [0, 0.89630728783, 1.9297651415, 0.059427410582, 0.52222170009, 0.191078904, 0.03749791712, 0.6690323291, 0.92349035373, 0.70007599155, 0.94061438305, 1.6524366576, 2.7381624937, 3.2464252226, 0, 0, 0, 1.0155013024, 0.033736897907, 4.3876984802, 2.3046593279, 0.049488561889, 0, 0.050919140112, 0.13660778019, 0, 1.1758705918, 2.4209365824, 3.271864764, 4.1425482679, 1.2761651297, 3.3751735282, 0.41765954445, 0.10042786304, 0.34821364945, 0.48346041842, 1.6247520087, 0.37032243886, 0.2881571389, 1.2096470339, 0.94034053915, 1.6462601654, 0.053958281648, 18.2254773512, 0.83313686104, 2.7473771632, 0.13977026897],
      [0, 13.9717555179, 29.3959382399, 1.2711175739, 10.9633208506, 1.0768103005, 0.62457349064, 13.5669590904, 12.9920720665, 9.2429299868, 12.5758502637, 10.8591200897, 13.7866592916, 20.3564734866, 0, 0, 0, 19.6421003682, 0.48672517006, 61.370698964, 25.362794146, 0.81446491109, 0, 0.43197591689, 1.629219431, 0, 18.9753649089, 24.3499121993, 38.1800021725, 42.3157752798, 15.0780043648, 34.0354632402, 4.596096752, 0.79427391174, 6.7721640101, 9.0486398076, 21.7628883676, 3.8104312952, 5.6917492536, 9.3909489816, 12.2517527124, 17.0252089101, 0.92083753353, 245.0390816067, 13.006091229, 36.6879966843, 2.7149780219],
      [0, 7.657168363, 21.022884082, 0.63711940554, 6.2692150691, 1.6895250015, 0.31682892685, 5.634207898, 8.7879763478, 2.7189005671, 11.9598066231, 12.1407852331, 12.0059559161, 17.7581957086, 0, 0, 0, 8.0355508347, 0.46489741771, 46.0757317672, 16.501268422, 1.128538643, 0, 0.41623102427, 1.2146002914, 0, 7.5445522667, 19.8512659303, 43.3413752444, 44.2187211431, 15.319031451, 25.6128268838, 6.906013141, 0.094758730204, 1.8354663593, 3.3571947991, 10.0389617077, 4.7147901649, 4.9372036128, 5.9824574551, 13.4660459547, 17.9095730561, 0.024443659444, 174.8689379535, 9.8499951908, 41.0283601064, 1.0986323554]
    ],
    [
      [0.41984696406, 24.6708822203, 32.09169427, 3.8489762963, 15.6445508259, 3.1066295876, 2.1273271569, 12.6036072511, 30.6877011804, 13.3323507273, 22.9841839309, 28.4603436562, 25.922852544, 43.3458316214, 0.046234510187, 2.8484902557, 0.76986130289, 26.212604096, 2.563593479, 90.0263366237, 47.8708359506, 1.8060912749, 6.8752454928, 2.8348780804, 2.2627233107, 0, 18.3403029374, 23.3036595563, 43.0339440928, 53.7477785023, 21.1961033028, 18.3534978659, 2.4519032464, 0.70341297947, 1.5908564266, 6.3564468203, 22.5101554408, 12.0511248765, 4.937964859, 29.9566035335, 19.0991360979, 41.3595419028, 0, 239.4638989726, 29.4151911145, 128.1857801954, 23.8559735777],
      [0.21145734138, 16.6125613047, 34.4659148947, 1.9863296836, 11.8376601038, 4.7014573318, 0.62137807674, 23.4893407805, 34.596251103, 9.5681029211, 14.6445929875, 49.2170724333, 55.0315208299, 80.3464133822, 1.6887730329, 0.11711615599, 1.7259910865, 31.3729898107, 1.6383024905, 66.4361241773, 48.2092337802, 4.2230708633, 0.77149678071, 0.13252731831, 5.576513475, 0, 25.5910184524, 54.4429111642, 42.3950210127, 61.3176559472, 29.9915708426, 22.8439521077, 4.3236657735, 2.0638237885, 4.3699785067, 9.8430592612, 22.8905905964, 15.2559116837, 5.9511230493, 31.3951787979, 18.9003851334, 59.2105022885, 0, 328.5202324455, 28.4861627371, 83.662500715, 25.7530418513],
      [0.35233862607, 4.8935372681, 9.9514711103, 0.77299007674, 4.6972447138, 0.47359356137, 0.17136652848, 8.9851138214, 9.1925995353, 2.3649335301, 3.6995856727, 6.1248550784, 5.2456650251, 9.5458538199, 2.0491579172e-24, 0.013784430387, 0.6166442522, 11.4748674509, 0.41357106005, 17.6102264703, 10.0414812554, 1.2676663446, 0.28438583133, 0.017987901869, 1.2255359191, 0, 7.8013538358, 10.3692130559, 9.3761261164, 11.8744262474, 6.690366565, 4.3564457048, 0.88006961189, 0.19989908138, 1.5866779147, 3.4518491057, 5.7905902039, 2.9379577327, 2.1735820053, 4.5797579868, 4.6507940635, 11.6015436115, 0, 83.8835371846, 8.4080651522, 21.1954556268, 9.3914609122],
      [0.016357068487, 2.8230192069, 7.490919725, 0.39170394336, 2.8205443565, 0.71831951922, 0.079928237925, 3.9219381471, 6.5234481812, 0.73461282145, 3.6716374089, 7.1977288321, 4.7999616009, 8.7619011766, 0.2649924569, 0.02060915791, 0.88750335835, 4.9395386424, 0.38453297051, 13.9273127287, 6.8784490138, 1.7031715173, 0.068871895134, 0.014606699372, 0.93522729527, 0, 3.2673247744, 8.8842162236, 11.1949087781, 13.0601393031, 7.1219592896, 3.4461043216, 1.3443613682, 0.032864150648, 0.45248715207, 1.3486448128, 2.8086637589, 3.7550057071, 1.9373300864, 3.0684596818, 5.3496847052, 12.8284121972, 0, 63.1323313973, 6.6905809962, 24.9562634628, 3.9995236588]
    ],
    [
      [0, 0.30425767801, 0.32371222668, 0.02339240662, 0.10705817028, 0.0099219061164, 0.0053485921739, 0.035455377516, 0.062481327198, 0.071308921293, 0.092728789643, 0.25928056998, 0.16982339409, 0.24480458042, 0.00035495083408, 0.044563595251, 0.0051900594331, 0.067102312511, 0.012532511089, 0.41801521967, 0.30728344712, 0.0047331107314, 0.046788851436, 0.024323094955, 0.011860462034, 5.3423026745e-05, 0.094161264419, 0.11363084003, 0.32717044637, 0.39427090273, 0.090590025156, 0.1482610711, 0.023481706063, 0.00033303907699, 0.0093459352209, 0.031081173354, 0.090496645527, 0.04044669778, 0.012979734973, 0.105375016, 0.10035836937, 0.22503758341, 0, 1.8639550312, 0.19957903077, 0.70440960277, 0.065835039513],
      [0, 148.3385872054, 247.0478214065, 11.4626708565, 58.9348952886, 12.1153599584, 2.7616291247, 47.1957889339, 50.2508640583, 38.3700929308, 43.0819128483, 317.7097089996, 255.4934388811, 320.421988561, 3.8000904074, 4.6218488834, 9.639889776, 57.2802068697, 8.006874879, 218.0877222014, 219.6240338488, 8.354450264, 5.4781905626, 3.7593831311, 21.8720318945, 0.86583124601, 93.9439959848, 187.5986802056, 228.5757955417, 317.9712588515, 91.4156128017, 132.3011914781, 32.1667035998, 0.98137654926, 19.1840649945, 35.2522117124, 66.236429403, 37.3343259785, 11.8658395908, 79.1611040846, 71.4180912498, 227.8454089649, 0, 1794.697790416, 138.0722991588, 324.2609386158, 51.0688158245],
      [0, 6.5607077483, 10.7232258521, 0.65821755695, 3.5101740093, 0.17993009468, 0.10750093777, 2.7093485325, 2.0048307819, 1.419762192, 1.6337602138, 5.9434148337, 3.6614012471, 5.7242014539, 2.4153710794e-24, 0.076811647661, 0.50621088879, 3.1469088617, 0.29231555245, 8.6901572386, 6.8744422246, 0.36992033368, 0.29550366595, 0.071057714203, 0.71524671183, 0.076971859592, 4.3005063098, 5.3707889005, 7.5990201235, 9.2582213559, 3.0611653148, 3.7899488778, 0.9739708457, 0.012984549716, 1.0412637021, 1.8502750934, 2.5158296399, 1.0756200231, 0.64403787415, 1.7318745067, 2.6373802259, 6.7109796242, 0, 68.9490193161, 6.1203494624, 12.3539867784, 2.7905848644],
      [0, 9.7964473683, 20.9052405147, 0.85571917998, 5.4478725318, 0.69478804082, 0.12552134536, 3.0594071561, 3.6818238326, 1.1388359559, 4.1915981483, 18.0875955968, 8.6753364777, 13.6090054046, 0.19955464181, 0.25677587367, 1.8487092758, 3.5057819561, 0.6882770575, 17.8041053403, 12.1942404794, 1.2708962916, 0.17951692004, 0.14523605979, 1.4008609316, 0.057143471368, 4.6613364409, 11.9169000539, 23.4980138884, 26.3762488899, 8.4326318584, 7.7605985731, 3.8358438485, 0.0053058619426, 0.76532536817, 1.8664320209, 3.1572443115, 3.5496073006, 1.4771428, 3.0016463927, 7.8441701548, 19.2185738276, 0, 134.4892352367, 12.607772348, 37.680665003, 3.0747642716]
    ],
    [
      [0.002926389582, 1.2987950819, 1.9630967313, 0.13527947553, 1.023569293, 0.068629753534, 0.045820130457, 0.36122121648, 0.80141484831, 0.63592425015, 1.6163027455, 1.268792179, 1.4398163807, 1.7819004099, 2.7734644182e-24, 0.3024435223, 0.025840943333, 0.90616662382, 0.045318583464, 2.5934256913, 1.640012094, 0.031766863308, 0.40871132181, 0.13422421995, 0.075967591043, 0.00039919140852, 0.71385479197, 0.92148443365, 2.1415819312, 2.3819328933, 0.59489860832, 1.2114814233, 0.096316529327, 0.0066397713182, 0.1155910245, 0.2282764173, 1.0877790985, 0.25968954271, 0.10872604258, 0.62657579654, 0.80824199988, 1.4148885598, 0.00023985629375, 10.8719904366, 0.92856980795, 4.8425689652, 0.33783496049],
      [0.33005176034, 73.4744376019, 174.0390149231, 7.5785932935, 65.3744252226, 9.5287937953, 2.5985606635, 55.7679206973, 74.7941899367, 39.570960427, 87.123013091, 180.5718836932, 251.58567629, 270.9570964121, 3.0442049245e-20, 3.4537116937, 5.4851476602, 89.7891493416, 3.2509294394, 157.1769096956, 136.1117773128, 6.4140415538, 5.4317867931, 2.2314381899, 16.1092482312, 0.6913729805, 82.6382754816, 176.6933487992, 173.7978064926, 223.1791543602, 69.6405380986, 125.460232111, 15.1621871942, 2.002679466, 27.3791564029, 29.9414369965, 92.3654000387, 27.7215177783, 11.427015152, 54.5391248539, 66.7159270203, 166.4072748727, 0.26472758037, 1217.0346324836, 74.5627713258, 259.0606022375, 30.3611625373],
      [10.6583515439, 313.1191739923, 724.512226777, 44.6837461442, 375.243052133, 14.8123982031, 12.2202038551, 309.0613124306, 287.6343211718, 142.5487769211, 318.3372522129, 324.3475651005, 345.9855272447, 464.1567819725, 2.2021409113e-19, 7.0343374385, 30.405821176, 474.5185774517, 13.4029347668, 600.7307800313, 409.2952158289, 29.5224806827, 30.967509038, 5.5326637333, 52.7196851629, 9.2565572017, 364.3283335596, 485.5768379225, 554.2691676818, 622.9699619763, 224.9985152667, 345.5766308575, 45.8175187423, 3.9744572815, 145.3456939088, 153.1535220603, 337.906027404, 78.2368915146, 61.9488582652, 115.6513052855, 237.7605366691, 470.4184776148, 0.73199916315, 4470.2501499563, 318.3453880546, 945.4529546917, 161.374783305],
      [0.0086703061307, 5.107593324, 15.4856615685, 0.60238108676, 6.3589533515, 0.5901782481, 0.13541535097, 3.8095456556, 5.7700740432, 1.2443384018, 8.9234319506, 10.8117590273, 8.9889800846, 12.1042212055, 2, 0.20950734546, 1.0831902205, 5.7861065829, 0.30081721035, 13.4988845818, 7.9529947643, 1.0317109003, 0.1919928471, 0.10167385684, 1.0950990149, 0.051670626402, 4.3195361668, 11.8083288446, 18.7914438943, 19.4689507701, 6.7660480264, 7.7516556082, 1.9239775342, 0.016223481206, 1.1595586638, 1.6767645259, 4.6407934588, 2.7819011644, 1.5154005403, 2.1829940641, 7.7152943107, 14.7593589527, 0.0030334001871, 95.8432271235, 7.1632708117, 31.6438741056, 1.9262191972]
    ],
    [
      [0.010810598179, 0.5308274403, 0.64210162415, 0.015894452463, 0.24130707705, 0.014550626192, 0.0082178422738, 0.071011430587, 0.30863185449, 0.13563121561, 0.19670231435, 0.47978742801, 0.32471372856, 0.51261077457, 0.00087316103607, 0.041759625143, 0.0056877803531, 0.13024540412, 0.031828403744, 1.0484366816, 0.3617409728, 0.014785241981, 0.13684593263, 0.057626790706, 0.011395462192, 0.00022332489782, 0.16503326516, 0.21080715588, 0.76267334865, 0.75428844122, 0.17286036165, 0.33408691952, 0.023259281338, 0.0016175819826, 0.013917001363, 0.053383664601, 0.18949699458, 0.093108605968, 0.024519326035, 0.20084041096, 0.23268532018, 0.53879293008, 0.00035508500093, 4.0248557067, 0.35360855608, 1.3275751678, 0.076894460805],
      [2.2802912826, 51.8742864803, 98.2597453798, 1.5528687039, 26.6211359857, 3.552922333, 0.83764965801, 18.9491394786, 49.7627908529, 14.6192598396, 18.3148687699, 117.8965999539, 97.9710101809, 134.5590044389, 1.8665558672, 0.85077965377, 2.1092607457, 22.2902559853, 4.0431837648, 109.6876400047, 51.8429187892, 5.2147619138, 3.1878550366, 1.7481501802, 4.2068538092, 0.72338901125, 33.0097672878, 69.7935645337, 106.844315912, 121.9894041689, 34.9699561684, 59.7698006161, 6.3761029379, 0.95227674646, 5.7230818886, 12.1301724222, 27.8036920981, 17.2186646013, 4.4832808355, 30.2464468187, 33.1893848737, 109.3928359985, 0.91848296792, 777.2685427766, 49.0432225824, 122.5553816606, 11.9543665482],
      [1.6419883142, 7.1008189715, 13.1939558803, 0.27804208178, 4.9080848995, 0.16374017656, 0.10316530671, 3.3678429331, 6.1447255269, 1.6756622769, 2.1495883736, 6.8219101729, 4.3422941699, 7.4348380861, 1.340500375e-24, 0.044197531182, 0.34623355971, 3.7897777602, 0.46337542123, 13.5210136502, 5.0203643255, 0.72024071117, 0.53761232191, 0.10398347077, 0.42711936824, 0.2108923894, 4.6766633254, 6.1812103691, 10.9881629236, 10.9867726901, 3.6243785806, 5.2974563597, 0.59931810434, 0.039423935051, 0.96306942272, 1.9730906644, 3.2682027483, 1.5371418768, 0.75645941141, 2.0481466402, 3.7937783859, 9.9673649573, 0.072476480176, 92.3466380977, 6.7281118279, 14.4424159696, 2.0239553537],
      [0.066909805009, 4.4940671079, 10.9041971157, 0.15319476191, 3.2294720378, 0.26878686429, 0.050967193008, 1.6120061577, 4.7838517657, 0.5694466678, 2.3388405422, 8.8017024452, 4.3619819206, 7.4935467005, 0.13257097178, 0.063263189906, 0.53881791427, 1.7897208504, 0.46161241023, 11.7429096636, 3.7749759125, 1.0502121331, 0.13768670888, 0.090239558347, 0.35463136034, 0.065495274451, 2.1485361216, 5.8144179413, 14.4048478157, 13.2695346997, 4.2328048894, 4.5986561046, 1.0013196764, 0.0066817365066, 0.29993168735, 0.84335324888, 1.738608159, 2.1510849159, 0.73574042705, 1.5045661302, 4.7841514202, 12.1010061141, 0.0086854668984, 76.359963419, 5.8750570336, 18.674627202, 0.94478363727]
    ],
    [
      [0.34667964553, 5.1488349313, 7.0928279891, 0, 4.500566582, 0.55938644551, 0, 1.2299590572, 2.7295502975, 2.4912647924, 1.9908093522, 7.6581377972, 4.3746667969, 8.3394587185, 0, 0.91846025575, 0, 2.9454196316, 0.37534869808, 15.8871843838, 11.0418986101, 0.21089752124, 1.682743015, 0, 0.70024923045, 8.1248050487e-09, 4.0573993003, 2.8907786966, 10.1637264125, 13.1135049813, 3.5869388739, 4.7588562056, 0.16942331569, 0, 0.35059683239, 2.0460518321, 3.3476887624, 1.2845306759, 0.64321090692, 7.361868262, 5.1322468299, 7.014890544, 2.2506410015e-05, 51.2464776843, 4.6073105214, 27.4138624112, 1.2684380025],
      [0.13262023517, 2.2746403283, 4.9895217578, 0, 2.2386967251, 0.55699677546, 0, 1.5000722429, 2.014427502, 1.1691972304, 0.8344260097, 8.6606620022, 6.0656785521, 10.1019652992, 0, 0.031289124057, 0, 2.3069671335, 0.16857431064, 7.6706444553, 7.2730507901, 0.33002320809, 0.12834951064, 0, 1.1299005392, 0.13405472509, 3.7026345241, 4.4162063889, 6.5571559371, 9.7886510152, 3.3241796519, 3.8788164041, 0.20179139925, 0, 0.62754578883, 2.0735590466, 2.227922487, 1.0679538533, 0.5147271011, 5.0403320563, 3.3325548782, 6.5708884477, 0.7133030999, 45.9612398955, 2.9242285193, 11.7055995508, 0.89601298113],
      [0.45445826531, 1.3796558681, 2.9654774948, 0, 1.829668177, 0.1173064819, 0, 1.1826972271, 1.102674142, 0.59575413396, 0.43430776706, 2.2188245707, 1.1904281452, 2.4706484347, 0, 0.0075145264135, 0, 1.7378647541, 0.088637306233, 4.1854779428, 3.1189421996, 0.20659827106, 0.097487385412, 0, 0.51473674907, 0.19778117891, 2.3249710459, 1.7320226993, 2.9855180089, 3.9020628365, 1.5282201348, 1.5236254713, 0.08531897885, 0, 0.47093874335, 1.5006475905, 1.1609642215, 0.42469458096, 0.39036216826, 1.5154690075, 1.6898041339, 2.6505008646, 0.23044829444, 24.1468641412, 1.7774645241, 6.1031535787, 0.67346918277],
      [0.066241853986, 3.1968688723, 8.9521727583, 0, 4.4310685158, 0.76631029713, 0, 2.0872714727, 3.1533480584, 0.74378384326, 1.7404568711, 10.4623756299, 4.3692265058, 9.0879275475, 0, 0.042736093783, 0, 3.0097484808, 0.36743968505, 13.2566932182, 8.5661084002, 1.2524809996, 0.091420088932, 0, 1.6551134812, 0.66816408787, 3.9149951297, 5.9609922152, 14.2935996416, 17.1957811669, 6.5606613394, 4.838701919, 0.54346630621, 0, 0.55091863543, 2.3797415308, 2.2634245291, 2.2228208898, 1.4516998237, 4.0823306743, 7.8453941581, 11.7637201437, 0.05622609925, 72.645418279, 5.6909964353, 28.7773844592, 1.1620798336]
    ]
  ],
  "prob": [
    [0.013735406723, 0.043626103927, 0.53244260636, 0.41019588299],
    [0.37672386925, 0.43883032651, 0.10175085309, 0.082694951145],
    [0.0011039929193, 0.90121119352, 0.031445040326, 0.066239773235],
    [0.002382504876, 0.2261481828, 0.75400337026, 0.017465942066],
    [0.005045977795, 0.82620056941, 0.089145906294, 0.079607546503],
    [0.30266392946, 0.23044452047, 0.10993255359, 0.35695899648]
  ],
  "iterations": 124,
  "time": 2.073195,
  "message": "Converged",
  "status": 0,
  "miniter": 0,
  "maxiter": 1000,
  "maxtime": 3600,
  "param_threshold": 0.001,
  "ll_threshold": "-Inf",
  "initial_prob": "random",
  "adjust_prob_cond_method": "",
  "adjust_prob_cond_every": true,
  "candidates_id": ["HUNT, Reuben Timothy.c", "COSGROVE, Clayton James.c", "DOOCEY, Matthew Maurice.c", "Other candidates votes.c"],
