{
  "X": [
    [55, 67, 446, 545, 35],
    [43, 51, 283, 350, 39],
    [57, 73, 398, 504, 41],
    [2, 0, 85, 40, 0],
    [32, 37, 517, 403, 48],
    [3, 12, 60, 22, 2],
    [1, 2, 17, 17, 4],
    [6, 3, 43, 39, 9],
    [28, 41, 204, 301, 28],
    [66, 56, 725, 804, 92],
    [2, 12, 77, 47, 6],
    [3, 4, 98, 60, 4],
    [3, 5, 70, 53, 19],
    [6, 29, 54, 39, 6],
    [4, 9, 82, 20, 6],
    [52, 34, 565, 444, 62],
    [20, 28, 305, 157, 16],
    [8, 10, 50, 35, 7],
    [12, 4, 85, 143, 11],
    [16, 9, 140, 103, 16],
    [4, 6, 75, 92, 21],
    [1, 5, 23, 3, 0],
    [3, 9, 75, 133, 26],
    [10, 8, 65, 153, 29],
    [1, 1, 26, 24, 10],
    [2, 1, 21, 22, 4],
    [0, 5, 62, 4, 2],
    [2, 22, 30, 37, 2],
    [3, 1, 47, 5, 1],
    [5, 4, 83, 53, 4],
    [0, 2, 40, 14, 6],
    [4, 4, 103, 90, 11],
    [3, 9, 142, 73, 8],
    [6, 20, 82, 74, 6],
    [3, 0, 46, 48, 5],
    [1, 1, 7, 6, 4],
    [0, 1, 6, 4, 1],
    [4, 6, 63, 48, 6],
    [1, 4, 33, 27, 11],
    [12, 4, 65, 73, 36],
    [34, 14, 334, 513, 56],
    [19, 7, 261, 482, 67],
    [8, 4, 102, 219, 27],
    [4, 2, 124, 213, 30],
    [8, 5, 91, 168, 17],
    [27, 13, 288, 415, 46],
    [5, 0, 52, 67, 10],
    [11, 6, 124, 241, 33],
    [8, 9, 134, 174, 25],
    [21, 4, 162, 484, 56],
    [3, 1, 41, 76, 7],
    [6, 3, 81, 141, 16],
    [0, 4, 5, 23, 6],
    [22, 14, 223, 452, 62],
    [4, 19, 109, 78, 10],
    [0, 4, 59, 18, 4],
    [15, 20, 263, 288, 30],
    [3, 4, 123, 47, 5],
    [4, 9, 66, 29, 4],
    [3, 13, 62, 21, 2],
    [2, 1, 58, 28, 8],
    [49, 54, 579, 454, 72],
    [29, 37, 331, 312, 47],
    [6, 10, 326, 176, 14],
    [22, 98, 181, 191, 20],
    [0, 2, 3, 7, 0],
    [0, 2, 4, 13, 1],
    [5, 5, 79, 33, 1],
    [1, 1, 44, 26, 8],
    [11, 2, 107, 88, 5],
    [26, 20, 220, 391, 38],
    [4, 2, 65, 49, 4],
    [23, 17, 71, 209, 39],
    [36, 46, 462, 381, 50],
    [43, 35, 562, 325, 49],
    [9, 7, 42, 143, 28],
    [15, 8, 238, 240, 31],
    [7, 14, 173, 166, 50],
    [40, 57, 693, 595, 77],
    [11, 6, 155, 186, 30],
    [87, 101, 803, 756, 170],
    [0, 15, 131, 86, 13]
  ],
  "W": [
    [56, 45, 506, 269, 89, 103, 80],
    [36, 42, 364, 152, 67, 51, 54],
    [64, 55, 462, 239, 92, 73, 88],
    [2, 2, 36, 65, 8, 9, 5],
    [111, 110, 363, 307, 35, 43, 68],
    [9, 2, 25, 50, 4, 5, 4],
    [1, 9, 11, 13, 2, 3, 2],
    [2, 15, 37, 35, 0, 7, 4],
    [31, 33, 284, 126, 55, 37, 36],
    [84, 93, 791, 422, 107, 130, 116],
    [15, 7, 45, 52, 11, 3, 11],
    [16, 9, 51, 73, 7, 4, 9],
    [7, 11, 44, 56, 15, 7, 10],
    [18, 0, 33, 41, 11, 15, 16],
    [15, 5, 21, 59, 8, 8, 5],
    [86, 90, 424, 356, 51, 89, 61],
    [57, 54, 166, 173, 12, 32, 32],
    [13, 27, 27, 24, 7, 3, 9],
    [9, 17, 126, 60, 17, 10, 16],
    [18, 50, 79, 87, 18, 19, 13],
    [10, 10, 78, 46, 28, 9, 17],
    [4, 2, 3, 18, 1, 1, 3],
    [16, 34, 102, 43, 26, 7, 18],
    [6, 39, 131, 42, 22, 9, 16],
    [2, 4, 22, 16, 4, 7, 7],
    [6, 6, 18, 10, 4, 1, 5],
    [7, 2, 11, 46, 2, 2, 3],
    [17, 2, 34, 21, 2, 13, 4],
    [2, 1, 6, 45, 2, 0, 1],
    [5, 23, 43, 56, 5, 12, 5],
    [3, 2, 14, 28, 8, 1, 6],
    [21, 11, 81, 61, 19, 6, 13],
    [13, 7, 72, 103, 25, 4, 11],
    [21, 5, 71, 64, 5, 12, 10],
    [6, 9, 42, 26, 6, 8, 5],
    [1, 1, 7, 6, 2, 1, 1],
    [1, 1, 5, 5, 0, 0, 0],
    [7, 3, 50, 42, 6, 9, 10],
    [4, 5, 17, 31, 7, 3, 9],
    [7, 14, 69, 42, 8, 20, 30],
    [13, 24, 500, 223, 76, 50, 65],
    [23, 56, 432, 142, 71, 49, 63],
    [6, 19, 213, 71, 17, 11, 23],
    [10, 23, 173, 80, 27, 13, 47],
    [8, 9, 174, 53, 7, 18, 20],
    [25, 29, 381, 184, 73, 41, 56],
    [5, 2, 58, 34, 11, 10, 14],
    [7, 24, 215, 76, 34, 23, 36],
    [10, 9, 160, 85, 37, 18, 31],
    [12, 33, 444, 105, 41, 27, 65],
    [2, 13, 68, 20, 9, 4, 12],
    [7, 15, 119, 46, 32, 10, 18],
    [2, 1, 25, 2, 4, 0, 4],
    [23, 37, 422, 129, 56, 38, 68],
    [23, 9, 80, 69, 16, 14, 9],
    [5, 3, 18, 42, 3, 4, 10],
    [26, 36, 267, 178, 40, 31, 38],
    [21, 8, 41, 80, 12, 11, 9],
    [14, 1, 29, 51, 3, 9, 5],
    [5, 2, 16, 59, 10, 6, 3],
    [2, 3, 24, 35, 10, 10, 13],
    [120, 195, 392, 328, 61, 50, 62],
    [58, 110, 281, 185, 35, 35, 52],
    [20, 11, 176, 223, 51, 20, 31],
    [54, 24, 204, 136, 32, 29, 33],
    [1, 1, 7, 2, 0, 1, 0],
    [2, 3, 13, 1, 0, 0, 1],
    [15, 10, 38, 45, 3, 9, 3],
    [8, 11, 17, 30, 9, 3, 2],
    [8, 6, 84, 60, 25, 16, 14],
    [33, 42, 346, 131, 52, 41, 50],
    [8, 5, 50, 42, 8, 2, 9],
    [24, 86, 132, 31, 24, 25, 37],
    [101, 155, 311, 268, 43, 48, 49],
    [91, 125, 283, 328, 68, 71, 48],
    [5, 44, 116, 29, 17, 7, 11],
    [18, 27, 217, 150, 37, 31, 52],
    [8, 6, 179, 141, 31, 14, 31],
    [110, 105, 549, 420, 109, 80, 89],
    [25, 32, 150, 106, 30, 18, 27],
    [111, 324, 633, 511, 93, 97, 148],
    [27, 29, 81, 92, 6, 1, 9]
  ],
  "method": "mult",
  "cond_prob": [
    [
      [0.0001624226358, 0.42565953652, 0.57337192033, 0.00080590207259, 2.1844472096e-07],
      [0.13407739716, 0.034943998565, 0.33078908318, 0.38788379935, 0.11230572176],
      [0.020515394907, 0.014099676697, 0.092001441275, 0.85488737203, 0.018496115091],
      [0.0024288259392, 0.046179658133, 0.94889354616, 0.0020334595292, 0.00046451024315],
      [0.0084788230126, 0.062228694613, 0.3762996235, 0.49036391301, 0.062628945869],
      [0.34648164158, 0.12607503141, 0.45429608913, 0.071387584521, 0.0017596533642],
      [0.018513164115, 0.043871743973, 0.21146758557, 0.54230972737, 0.18383777897]
    ],
    [
      [0.00019335976664, 0.46726015681, 0.53191113666, 0.00063505353729, 2.9322503965e-07],
      [0.16629311383, 0.039725353423, 0.31901279056, 0.3179985501, 0.15697019209],
      [0.035833783809, 0.026568199476, 0.13563185168, 0.76976368981, 0.032202475231],
      [0.0030884733304, 0.05391776589, 0.9406162557, 0.0017115084967, 0.00066599658614],
      [0.011245017016, 0.075783172184, 0.38868790286, 0.43057817955, 0.093705728386],
      [0.401508944, 0.13360129427, 0.40811087585, 0.054490942975, 0.0022879429038],
      [0.023433532055, 0.050976035969, 0.20839357112, 0.45443130491, 0.26276555595]
    ],
    [
      [0.00020285697106, 0.45771002847, 0.54131699177, 0.00076988374844, 2.3903812926e-07],
      [0.16575110056, 0.037168756096, 0.30892704395, 0.3665917644, 0.12156133499],
      [0.031211883592, 0.020291542659, 0.087541819909, 0.84004619037, 0.020908563475],
      [0.0031896991869, 0.052208689575, 0.94202453345, 0.0020426040102, 0.00053447378032],
      [0.010920401556, 0.068995828316, 0.36632569691, 0.48309134234, 0.070666730884],
      [0.40584400141, 0.1269255043, 0.40157264078, 0.063854931641, 0.0018029218783],
      [0.023377150592, 0.047687830192, 0.20181561279, 0.52378232484, 0.20333708159]
    ],
    [
      [0.00011003309655, 4.1633363423e-17, 0.99863020687, 0.0012597600378, 0],
      [0.07290826238, 0, 0.44875712467, 0.47833461295, 0],
      [0, 0, 0.15617122916, 0.84382877084, 0],
      [0, 0, 1, 0, 0],
      [0.0040115859377, 0, 0.45540744661, 0.54058096746, 0],
      [0.19677600662, 3.0839528462e-18, 0.70649185347, 0.09673213991, 0],
      [0.010177332401, 0, 0.29627496661, 0.69354770099, 0]
    ],
    [
      [0.00016999457984, 0.22788916928, 0.77095525291, 0.00098519242386, 3.9080254054e-07],
      [0.10980950034, 0.014646570194, 0.34770690861, 0.37075248112, 0.15708453973],
      [0.011705946162, 0, 0.11305256023, 0.84676173658, 0.028479757029],
      [0.0019458104626, 0.01755191264, 0.97796343412, 0.0019027521151, 0.00063609066444],
      [0.0070438566098, 0.026480493782, 0.40160895494, 0.47592848546, 0.088938209209],
      [0.32116652264, 0.059664373441, 0.53933519356, 0.077054452861, 0.002779457498],
      [0.014687762368, 0.017828778937, 0.21552392053, 0.50262319081, 0.24933634735]
    ],
    [
      [0.00014310952533, 0.53980313998, 0.45951940677, 0.00053413735338, 2.0636487444e-07],
      [0.15391943278, 0.052397197606, 0.32864994638, 0.32455475614, 0.14047866709],
      [0.020169149407, 0.083108729034, 0.17790596985, 0.70154948281, 0.017266668898],
      [0.0030120511425, 0.069370138569, 0.92761781029, 0, 0],
      [0.0096702426844, 0.096949736615, 0.38757835365, 0.42674419024, 0.07905747681],
      [0.38294906105, 0.16738139546, 0.39610589349, 0.051748537086, 0.0018151129114],
      [0.020653895104, 0.066511566731, 0.21191070086, 0.46040668372, 0.24051715358]
    ],
    [
      [6.0821028344e-05, 0.50763649496, 0.49144320411, 0.00085898379022, 4.9611079013e-07],
      [0.041081437801, 0.030588840008, 0.26298180305, 0.40004850866, 0.26529941048],
      [0, 0.0043041541719, 0.059054211464, 0.88391305624, 0.052728578123],
      [0, 0.038350071077, 0.85058604152, 0.10947106447, 0.0015928229395],
      [0.0029880158713, 0.054817892247, 0.2979050291, 0.50599278874, 0.13829627404],
      [0.20444894254, 0.16597630826, 0.52092765872, 0.10324548997, 0.0054016005116],
      [0.0054416897017, 0.031801307898, 0.13795633413, 0.46540746706, 0.3593932012]
    ],
    [
      [0.00021537446028, 0.37504405104, 0.62383110564, 0.00090873382796, 7.3503274789e-07],
      [0.13000356593, 0.019832830041, 0.25564647363, 0.31553369831, 0.27898343209],
      [0.025653725538, 0.0017158271187, 0.021872730676, 0.86809408595, 0.08266363072],
      [0.0029779935859, 0.033962863643, 0.9594948684, 0.0021193963273, 0.0014448780456],
      [0.0090682482268, 0.040001921146, 0.32779089537, 0.45030869552, 0.17283023974],
      [0.41897009605, 0.087229483343, 0.41998888606, 0.068759981103, 0.0050515534392],
      [0.015826867326, 0.022406808255, 0.14652676324, 0.3975492846, 0.41769027658]
    ],
    [
      [0.00017957220356, 0.49356763096, 0.50550284718, 0.00074965032972, 2.9932905605e-07],
      [0.14933885801, 0.040416698601, 0.29268353114, 0.36260509409, 0.15495581815],
      [0.025129056227, 0.019675175649, 0.071801949141, 0.85244842755, 0.030945391431],
      [0.0029987194294, 0.059391215642, 0.93478708498, 0.0021122066981, 0.00071077325112],
      [0.0098179484756, 0.07506529943, 0.34715105818, 0.47797251562, 0.08999317829],
      [0.38609368027, 0.14524080042, 0.39991718991, 0.066339645687, 0.0024086837085],
      [0.020175194291, 0.049780784639, 0.18349124221, 0.49739572268, 0.24915705618]
    ],
    [
      [0.00016202987562, 0.28388017695, 0.71505993171, 0.00089742634039, 4.3512563612e-07],
      [0.10911792071, 0.019066039476, 0.33686109863, 0.35252575053, 0.18242919065],
      [0.01390340773, 0.0039927922698, 0.11359024317, 0.83062165197, 0.037891904861],
      [0.0019866517824, 0.025305742211, 0.97009227881, 0.001856665324, 0.00075866187704],
      [0.0071075031664, 0.034946183834, 0.39445030756, 0.45872603273, 0.10476997271],
      [0.31976618921, 0.078069311877, 0.52523287027, 0.073682703503, 0.0032489251441],
      [0.014416835013, 0.022890942694, 0.20596209928, 0.47131073238, 0.28541939063]
    ],
    [
      [9.8303904054e-05, 0.42257135884, 0.57664843582, 0.00068160999734, 2.9144668141e-07],
      [0.09046211332, 0.035987722339, 0.35526267699, 0.35401907811, 0.16426840924],
      [0.0082216897326, 0.029563868745, 0.17857956182, 0.76116018748, 0.022474692223],
      [0, 0.047932923652, 0.95206707635, 0, 0],
      [0.0054440725988, 0.063368675196, 0.39908944731, 0.44253946023, 0.089558344663],
      [0.26973297359, 0.13901317026, 0.51966971986, 0.06890724319, 0.0026768931028],
      [0.011475535534, 0.042957681797, 0.21553394471, 0.47134346132, 0.25868937663]
    ],
    [
      [0.00017207472632, 0.17966280708, 0.81899070295, 0.001174122772, 2.9246613897e-07],
      [0.10819782744, 0.010581128526, 0.34781751775, 0.41974637398, 0.1136571523],
      [0.010096755265, 0.0014798220309, 0.077492477273, 0.89359429829, 0.017336647137],
      [0, 0.0073446735474, 0.97256154277, 0.020093783682, 0],
      [0.0065429274407, 0.018582247576, 0.38972030249, 0.52337313847, 0.061781384022],
      [0.33380882316, 0.042981953915, 0.53523794022, 0.086024253223, 0.0019470294842],
      [0.014166228237, 0.012947698745, 0.21640980572, 0.57284802955, 0.18362823775]
    ],
    [
      [0.00012086234307, 0.31922338779, 0.67966288333, 0.00099175126281, 1.1152685351e-06],
      [0.064482378383, 0.015805925645, 0.24679873777, 0.30345465142, 0.36945830678],
      [0.0050438134617, 0.0028471857873, 0.070852666625, 0.82789094441, 0.093365389713],
      [0, 0.021381959034, 0.88737840544, 0.048989196876, 0.042250438648],
      [0.0044274400792, 0.031296370283, 0.31150918434, 0.42618560132, 0.22658140397],
      [0.27572781274, 0.091006379711, 0.53649039682, 0.087804374456, 0.0089710362738],
      [0.0071413718718, 0.016241501057, 0.12887951221, 0.34770453552, 0.50003307934]
    ],
    [
      [0.00010994161123, 0.65832956463, 0.34101396861, 0.0005462851313, 2.4001723276e-07],
      [0.12608021812, 0.071928294062, 0.26751039713, 0.36197152897, 0.17250956172],
      [0.015632351626, 0.12848608213, 0.067386109263, 0.76917505927, 0.019320397709],
      [0.0061633359529, 0.15515260431, 0.83868405973, 0, 0],
      [0.0078900189329, 0.12897745697, 0.30616652004, 0.46119661461, 0.095769389449],
      [0.32577016952, 0.25208516149, 0.3556489819, 0.063943978052, 0.0025517090364],
      [0.016007120139, 0.084296306279, 0.15933712883, 0.47344171751, 0.26691772724]
    ],
    [
      [0.00016288965966, 0.3455682292, 0.65363203993, 0.00063624542519, 5.9578703485e-07],
      [0.11802356695, 0.023462627675, 0.32069876221, 0.26483849499, 0.27297654818],
      [0.018203335458, 0.013055234608, 0.26979950522, 0.64417590154, 0.054766023172],
      [0.00036183093029, 0.036614672028, 0.96302349704, 0, 0],
      [0.0080825543069, 0.046522515644, 0.40569453899, 0.37359575097, 0.16610464009],
      [0.35818658212, 0.094510880655, 0.48926463646, 0.053491640788, 0.0045462599785],
      [0.014733531888, 0.027294135373, 0.18963525026, 0.34437415545, 0.42396292703]
    ],
    [
      [0.00020014578004, 0.22423559685, 0.77457829726, 0.00098542954259, 5.3056694476e-07],
      [0.1199230651, 0.013378044792, 0.32438483488, 0.34428669407, 0.19802736116],
      [0.016531388166, 0, 0.10387365477, 0.83548888987, 0.04410606719],
      [0.0031022964691, 0.017732705484, 0.97641141037, 0.0018941290848, 0.00085945858894],
      [0.0080153757714, 0.025179173944, 0.39003006697, 0.46006241196, 0.11671297136],
      [0.35620079166, 0.055455544193, 0.51196372137, 0.072814851882, 0.0035650908978],
      [0.015825096003, 0.01605229808, 0.19820385187, 0.4600679755, 0.30985077855]
    ],
    [
      [0.00015367785627, 0.2806320338, 0.71849745393, 0.0007165952243, 2.3918546737e-07],
      [0.12317998979, 0.022221550723, 0.40092574926, 0.33421375883, 0.1194589514],
      [0.015530522202, 0.011630065425, 0.25873935342, 0.70093552293, 0.013164536024],
      [0, 0.02855040632, 0.97144959368, 0, 0],
      [0.0078229288212, 0.039872755715, 0.45949752734, 0.42580392586, 0.067002862259],
      [0.31577872505, 0.079065232082, 0.54276470475, 0.06055369957, 0.0018376385424],
      [0.017583121266, 0.028926208912, 0.26567816911, 0.48465464976, 0.20315785096]
    ],
    [
      [0.00023437580173, 0.42816701562, 0.57095468436, 0.00064365590654, 2.6831305802e-07],
      [0.20192153055, 0.075037672412, 0.4190631831, 0.18234690975, 0.12163070419],
      [0.027364455546, 0.0059760343719, 0.09223733679, 0.84097645423, 0.033445719061],
      [0.003505375895, 0.044593340933, 0.94970706382, 0.0016237532012, 0.00057046615368],
      [0.013338934227, 0.065517462196, 0.40559443408, 0.43098502004, 0.084564149455],
      [0.45807865028, 0.10510755533, 0.38605682287, 0.04890567523, 0.0018512962914],
      [0.028277108671, 0.044697070004, 0.22024155863, 0.46214660031, 0.24463766238]
    ],
    [
      [0.00033734892661, 0.22459646536, 0.77379283245, 0.0012729325252, 4.2073994322e-07],
      [0.17881730598, 0.011295065867, 0.28215457345, 0.38925402217, 0.13847903253],
      [0.023532073589, 0, 0.015296709989, 0.93350163619, 0.027669580229],
      [0.008974295383, 0.012760868375, 0.97514524012, 0.0024399222144, 0.00067967390854],
      [0.012122623783, 0.021865084012, 0.3483769506, 0.53420062588, 0.083434715728],
      [0.48533437038, 0.042026515051, 0.39723635269, 0.073203040584, 0.0021997212938],
      [0.024633897162, 0.014312000677, 0.1817728254, 0.54938641822, 0.22989485854]
    ],
    [
      [0.00021308105038, 0.25371699759, 0.74506525223, 0.0010042470836, 4.2204214811e-07],
      [0.13307288412, 0.015391812657, 0.32264768642, 0.36453234623, 0.16435527057],
      [0.016577965703, 0.002425909451, 0.085020709672, 0.86333134868, 0.03264406649],
      [0.0049455099785, 0.017865721645, 0.97718876838, 0, 0],
      [0.008757291357, 0.028713745927, 0.38421121121, 0.48269438582, 0.095623365678],
      [0.37962673611, 0.06080534714, 0.48376827339, 0.073010686345, 0.0027889570139],
      [0.017850957373, 0.018876135257, 0.20130640229, 0.49818674687, 0.26377975821]
    ],
    [
      [0.00012651749447, 0.29342199043, 0.70544959037, 0.0010011105871, 7.9112768897e-07],
      [0.07431743116, 0.0162746251, 0.28355553385, 0.33809823016, 0.28775417973],
      [0.0050405957145, 0, 0.043235324104, 0.87080713813, 0.08091694205],
      [0.0015667997978, 0.021669680072, 0.96946570267, 0.0059049734128, 0.0013928440471],
      [0.0048989289756, 0.030764431364, 0.34191621235, 0.45324859056, 0.16917183675],
      [0.27831705733, 0.082770349339, 0.54584875401, 0.086827070051, 0.0062367692675],
      [0.0087233958654, 0.017640667012, 0.15622814253, 0.40835393384, 0.40905386075]
    ],
    [
      [0, 0.55805882478, 0.44194117522, 0, 0],
      [0.22275687496, 0.065159478125, 0.43603529114, 0.27604835577, 0],
      [0, 0.23358592049, 0.59633280136, 0.17008127815, 0],
      [0, 0.06963651926, 0.93036348074, 0, 0],
      [0.013669257371, 0.12193334528, 0.49245680719, 0.37194059016, 0],
      [0.5408169927, 0.12889638404, 0.30474917254, 0.025537450721, 0],
      [0, 0.14413363572, 0.3424725599, 0.51339380438, 0]
    ],
    [
      [6.9614733372e-05, 0.34665002336, 0.65213814274, 0.0011415090063, 7.1016184557e-07],
      [0.042148904626, 0.020125267349, 0.27185790133, 0.39926210013, 0.26660582657],
      [0.0014116507262, 0, 0, 0.93565960715, 0.062928742127],
      [0.0009261637221, 0.015234805071, 0.94350767366, 0.038988059848, 0.0013432976992],
      [0.0026333692274, 0.035845587687, 0.30902255801, 0.50446002567, 0.1480384594],
      [0.17531693024, 0.11479538519, 0.58804035398, 0.11532515714, 0.0065221734431],
      [0.0047957711809, 0.021038385674, 0.1444956732, 0.46499006564, 0.36468010431]
    ],
    [
      [0.00018345751535, 0.43466998809, 0.56411143059, 0.0010344184774, 7.0532009325e-07],
      [0.11115416412, 0.024923427437, 0.23580212534, 0.36269965727, 0.26542062583],
      [0.013626665191, 0, 0.0030544908464, 0.91527181132, 0.068047032638],
      [0.0027760410513, 0.044654050456, 0.94718741863, 0.0038650159933, 0.0015174738739],
      [0.0075232399047, 0.048030968957, 0.28976590401, 0.49531928207, 0.15936060506],
      [0.37590146316, 0.11651297888, 0.41667170866, 0.085607077652, 0.005306771646],
      [0.013348471485, 0.027449884705, 0.13200896119, 0.44488006224, 0.38231262038]
    ],
    [
      [6.0232659784e-05, 0.19399371692, 0.80494980416, 0.00099496925257, 1.2770119958e-06],
      [0.030319452482, 0.0081824267946, 0.27041915454, 0.28640339604, 0.40467557014],
      [0, 0, 0.022687846558, 0.81600161421, 0.16131053923],
      [0, 0.0042793600459, 0.98211406508, 0.011625222413, 0.0019813524619],
      [0.0020438444224, 0.016138417469, 0.33878284513, 0.39957403136, 0.24346086162],
      [0.12113602608, 0.055631939966, 0.68426205011, 0.12785073346, 0.011119250389],
      [0.0032105949288, 0.0081194069454, 0.1357857681, 0.31730087807, 0.53558335195]
    ],
    [
      [0.00028109539363, 0.13891518572, 0.8493536362, 0.0071769955416, 0.0042730871409],
      [0.1602734602, 0.0070022437988, 0.30628835512, 0.334358145, 0.19207779588],
      [0.019793002633, 0, 0.071997495125, 0.86618050653, 0.042028995713],
      [0.0044809798998, 0, 0.9843309576, 0.010366645089, 0.00082141741377],
      [0.010417134286, 0.013923981054, 0.38775718976, 0.47145806876, 0.11644362614],
      [0.49264515114, 0.025521006005, 0.4190114552, 0.059989320864, 0.0028330667924],
      [0.020255026356, 0.0086556985272, 0.19136866993, 0.46201039848, 0.31771020671]
    ],
    [
      [0, 0.34811906416, 0.65164471608, 0.00023621975794, 0],
      [2.7583719243e-32, 0.036407995038, 0.51083117533, 0.1598347707, 0.29292605894],
      [0, 0.012701032678, 0.75133991769, 0.23595904964, 0],
      [0, 0.03272518269, 0.96727481731, 0, 0],
      [5.6464578361e-33, 0.06463797486, 0.57753896959, 0.20239874842, 0.15542430713],
      [0, 0.15330490375, 0.80883297698, 0.03307168626, 0.0047904330055],
      [3.2201906627e-35, 0.13646501346, 0.29490001761, 0.20406216832, 0.36457280062]
    ],
    [
      [0, 0.66881865502, 0.33043173869, 0.00074940948514, 1.9680666516e-07],
      [0.052168323199, 0.072747865969, 0.2591744126, 0.46906338561, 0.14684601263],
      [0, 0.058345152579, 0, 0.92209743125, 0.019557416168],
      [0, 0.17274126501, 0.82373622848, 0.0028508788004, 0.00067162770457],
      [0.0029366477035, 0.1176876762, 0.26762615027, 0.53931745446, 0.072432071367],
      [0.14350623031, 0.33273249495, 0.42043387764, 0.10076908672, 0.0025583103914],
      [0.0060522660486, 0.07809689825, 0.1412395273, 0.56232977848, 0.21228152992]
    ],
    [
      [0.0017894391116, 0.20126668742, 0.79618399738, 0.0007593419915, 5.3409534003e-07],
      [0.65319198476, 0.0041467994119, 0.13243501455, 0.11178494991, 0.098441251372],
      [0.16720982327, 0.0016514452368, 0.1520831141, 0.63478831238, 0.044267305008],
      [0.023749587072, 0.011859130641, 0.96439128229, 0, 0],
      [0.073061530188, 0.019610311131, 0.39728671486, 0.37848613564, 0.13155530818],
      [1, 0, 0, 0, 0],
      [0.12511571879, 0.010529653211, 0.17051717342, 0.32099422055, 0.37284323403]
    ],
    [
      [0.00011440057628, 0.25748733382, 0.74142530522, 0.00097273584141, 2.2454703366e-07],
      [0.08161774995, 0.017755018527, 0.37974563523, 0.41669593515, 0.10418566114],
      [0, 0.0024862258758, 0.12528012216, 0.86127089546, 0.010962756506],
      [0, 0.018935878811, 0.98106412119, 0, 0],
      [0.005027702262, 0.030165278994, 0.40793492323, 0.50208185002, 0.054790245499],
      [0.25342050329, 0.073153558827, 0.58545911244, 0.086159920606, 0.0018069048293],
      [0.011207039486, 0.021642375564, 0.23338077173, 0.56643060207, 0.16733921116]
    ],
    [
      [7.4292138316e-32, 0.27777145901, 0.72160978041, 0.00061805470287, 7.0587448968e-07],
      [0, 0.018012035853, 0.36906291498, 0.27110338642, 0.34182166275],
      [3.2588573478e-19, 0.0034305027129, 0.30795136874, 0.62091473596, 0.067703392586],
      [0, 0.021510021271, 0.97848997873, 0, 0],
      [0, 0.032829150224, 0.42732958362, 0.35029215807, 0.18954910808],
      [0, 0.1058713593, 0.80801009744, 0.078036824008, 0.0080817192455],
      [0, 0.018641559431, 0.19355991593, 0.31379311183, 0.4740054128]
    ],
    [
      [0.00016220148132, 0.14334113575, 0.85540374097, 0.0010924044641, 5.1733389299e-07],
      [0.095127934931, 0.0080113481738, 0.34226452054, 0.36699883497, 0.18759736138],
      [0.0087951208769, 0, 0.088599733254, 0.86470081062, 0.037904335247],
      [0.0016844436047, 0.0047644545311, 0.99087385827, 0.0019135116289, 0.00076373196754],
      [0.0060298851017, 0.014603621437, 0.39822831047, 0.47481206433, 0.10632611866],
      [0.31049845471, 0.035126268174, 0.56939297311, 0.081475129911, 0.0035071740971],
      [0.012113237581, 0.0094502443532, 0.20531017139, 0.48248480385, 0.29064154282]
    ],
    [
      [0.00012783503497, 0.30043686448, 0.69865833874, 0.00077662913158, 3.326083641e-07],
      [0.1001735757, 0.022174238103, 0.37118259647, 0.34621403491, 0.16025555482],
      [0.011365933789, 0.0036185471689, 0.20859559695, 0.75134920652, 0.025070715574],
      [0, 0.029527148983, 0.97047285102, 0, 0],
      [0.0061994319752, 0.0397442284, 0.42447273449, 0.44036151117, 0.089222093968],
      [0.29483826492, 0.086394038262, 0.54789965142, 0.06821276865, 0.0026552767558],
      [0.013130638439, 0.027098862775, 0.23074180164, 0.47157944125, 0.25744925589]
    ],
    [
      [0.00013998545435, 0.50945109176, 0.48961802231, 0.00079059849054, 3.0197916997e-07],
      [0.11979162407, 0.041701426368, 0.28701906606, 0.38958269591, 0.16190518759],
      [0.013586629729, 0.0327101121, 0.030977026397, 0.89255309489, 0.030173136886],
      [0.0024037910193, 0.062105614272, 0.93246328461, 0.0022900714638, 0.00073723863051],
      [0.0075237776975, 0.075027689943, 0.32960391707, 0.49762462715, 0.090219988143],
      [0.340755327, 0.1607781387, 0.41984705929, 0.075981632821, 0.0026378421826],
      [0.015292603662, 0.049136655444, 0.17197228148, 0.51177469118, 0.25182376823]
    ],
    [
      [0.00015284336135, 0, 0.99852026003, 0.0013263465753, 5.50030767e-07],
      [0.077564656176, 4.6222318665e-33, 0.34944285175, 0.39457471806, 0.17841777402],
      [0, 2.3111159333e-33, 0.060658273237, 0.90637533206, 0.032966394705],
      [0, 0, 0.99592508933, 0.0033742348733, 0.00070067579434],
      [0.0048892284748, 0, 0.39829420626, 0.49857166434, 0.098244900926],
      [0.27778547682, 0, 0.62532492013, 0.093371847033, 0.0035177560156],
      [0.0098763697605, 0, 0.20596567538, 0.50939412852, 0.27476382634]
    ],
    [
      [0.00021272409812, 0.56600350611, 0.43325813237, 0.00052427473034, 1.3626928612e-06],
      [0.134456673, 0.016905539209, 0.1486711991, 0.16415132515, 0.53581526354],
      [0.019204639668, 0, 0, 0.71638840337, 0.26440695696],
      [0.0040591394396, 0.040348128914, 0.93987721058, 0.0016825625554, 0.01403295851],
      [0.010107933061, 0.044673887483, 0.24639979305, 0.30482028309, 0.39399810331],
      [0.67502942332, 0.070038402168, 0.21744874667, 0.030352903504, 0.0071305243346],
      [0.011297999141, 0.015616004067, 0.068559072264, 0.17051673151, 0.73401019301]
    ],
    [
      [0, 0.69767099797, 0.30200003596, 0.00032849284586, 4.7321638325e-07],
      [0, 0.027157138977, 0.19973700466, 0.20909684578, 0.56400901058],
      [1.5237083214e-32, 0.0014322052376, 0.15654699077, 0.75662947411, 0.085391329883],
      [0, 0.053602167372, 0.94310560111, 0.0014854581633, 0.0018067733574],
      [0, 0.064437586919, 0.29451886347, 0.34835702381, 0.2926865258],
      [0, 0.25944773137, 0.64723064913, 0.082585237729, 0.010736381777],
      [0, 0.015190571798, 0.055284189772, 0.13272522517, 0.79680001326]
    ],
    [
      [0.00013668288107, 0.35653673612, 0.64257898302, 0.00074721293414, 3.8504194155e-07],
      [0.10726064222, 0.025717358693, 0.34222030568, 0.33589851519, 0.18890317822],
      [0.011487079306, 0.010588797188, 0.15902451637, 0.78409839162, 0.034801215523],
      [0.0018431883739, 0.033056633274, 0.96266251453, 0.0016995274211, 0.00073813640528],
      [0.0068255328987, 0.04727752561, 0.40094336229, 0.43782197298, 0.10713160622],
      [0.31626306373, 0.10198027189, 0.51182180843, 0.066806790288, 0.0031280656609],
      [0.013817264517, 0.030778471352, 0.20801783238, 0.44825812809, 0.29912830366]
    ],
    [
      [8.206872894e-05, 0.45089976074, 0.54798443564, 0.0010327427348, 9.9215468102e-07],
      [0.049260128831, 0.023218039355, 0.21607433595, 0.3474322883, 0.36401520756],
      [0, 0.0037284962657, 0.055298347084, 0.8572310775, 0.083742079154],
      [0, 0.03441489517, 0.78903490306, 0.11471551087, 0.061834690897],
      [0.0031788299274, 0.044610336161, 0.26411896031, 0.47347250244, 0.21461937116],
      [0.24031921541, 0.14360788701, 0.50059541573, 0.10621965045, 0.0092578313996],
      [0.0011290694685, 0.02299650659, 0.10854641255, 0.38851466273, 0.47881334865]
    ],
    [
      [0.00025924094104, 0.24418563881, 0.75453838559, 0.0010153732304, 1.3614294057e-06],
      [0.11575020986, 0.010345275322, 0.23232603764, 0.26286927198, 0.37870920519],
      [0.018335797212, 0, 0.0047375103798, 0.80056755179, 0.17635914061],
      [0.0030111313801, 0.013903381746, 0.97291847062, 0.0019897063366, 0.0081773099142],
      [0.0087098442822, 0.022159416678, 0.3173944517, 0.3992891681, 0.25244711924],
      [0.42546111639, 0.052548073443, 0.44642863699, 0.067354433562, 0.0082077396165],
      [0.013571458925, 0.011122927939, 0.12694914794, 0.31495306079, 0.53340340441]
    ],
    [
      [0.00022965826382, 0.23334188079, 0.76536047409, 0.0010674323744, 5.5449034848e-07],
      [0.13101789843, 0.013128118824, 0.30456616161, 0.35448540608, 0.19680241505],
      [0.018064195825, 0.0013969383218, 0.070309785852, 0.86625946344, 0.043969616563],
      [0.0026431286527, 0.019356073647, 0.97502050134, 0.0020728469692, 0.0009074493957],
      [0.0088380466419, 0.024986815707, 0.37016928971, 0.47878260836, 0.11722323958],
      [0.3887600635, 0.054287594184, 0.47876389456, 0.074661519764, 0.0035269279842],
      [0.017251916276, 0.015741990938, 0.18592616136, 0.47332219718, 0.30775773425]
    ],
    [
      [0.00013811125051, 0.12926792672, 0.86930915673, 0.0012840688687, 7.3643285621e-07],
      [0.070350429788, 0.0064988728121, 0.3088666817, 0.38087655169, 0.23340746401],
      [0.0030128255631, 0, 0.040984239191, 0.90327621629, 0.052726718957],
      [0.0014145276333, 0.0051673970136, 0.98574640114, 0.0065991440222, 0.0010725301936],
      [0.0045380299975, 0.011824968124, 0.35890185464, 0.49181516439, 0.13291998285],
      [0.25901368476, 0.033359512165, 0.6028487019, 0.099584432396, 0.0051936687854],
      [0.0085861130622, 0.0072212952249, 0.17470725169, 0.47127717101, 0.33820816901]
    ],
    [
      [0.00017826080898, 0.22443234946, 0.77417864454, 0.0012100115455, 7.3364936824e-07],
      [0.094372768091, 0.01130532065, 0.28298999769, 0.37030440462, 0.24102750894],
      [0.009612699872, 0, 0.035093913648, 0.90005349609, 0.055239890394],
      [0.002028233528, 0.01668212791, 0.9765507529, 0.003552047303, 0.0011868383643],
      [0.0062223826163, 0.021223947045, 0.33881915295, 0.49268267775, 0.14105183964],
      [0.33123517884, 0.054744213444, 0.51831889475, 0.09070126563, 0.0050004473324],
      [0.011520465932, 0.012660012246, 0.16115555094, 0.46174116411, 0.35292280677]
    ],
    [
      [9.0807492937e-05, 0.091687526226, 0.90678184162, 0.0014391416528, 6.8300829155e-07],
      [0.045790796497, 0.0044539003533, 0.3162281937, 0.42004767265, 0.2134794368],
      [0.00081743015139, 0, 0.012001622324, 0.94376285531, 0.043418092214],
      [0.00089398915278, 0.002752075518, 0.98935863932, 0.0060392433172, 0.00095605269445],
      [0.0028143917279, 0.0077809934032, 0.35253173345, 0.52042583727, 0.11644704415],
      [0.18467907514, 0.024779826962, 0.66694203968, 0.11848629949, 0.0051127587284],
      [0.0054500532704, 0.0048573279955, 0.17543314899, 0.51018253572, 0.30407693403]
    ],
    [
      [0.00014625143424, 0.24557803064, 0.7532674617, 0.0010077169159, 5.3931025829e-07],
      [0.09091368311, 0.014526668797, 0.32322758428, 0.36249514592, 0.20883691789],
      [0.0085108137224, 0.00080010853692, 0.080524101703, 0.86505273706, 0.045112238976],
      [0.0017069133744, 0.020094303199, 0.9753196273, 0.0019841999901, 0.00089495613872],
      [0.0058530415589, 0.026614378954, 0.37770787878, 0.47072131321, 0.11910338749],
      [0.29662694085, 0.065479459019, 0.55126206005, 0.082611575547, 0.0040199645403],
      [0.011450130892, 0.016774393286, 0.18975029362, 0.46615427755, 0.31587090466]
    ],
    [
      [0.00022270237765, 0.21186074335, 0.78678623607, 0.0011297757639, 5.4244180604e-07],
      [0.12464760893, 0.011694442599, 0.30690190892, 0.36790148706, 0.18885455249],
      [0.015503941192, 0, 0.058088269379, 0.88533485707, 0.041072932358],
      [0.0026605418811, 0.016087847256, 0.97735007383, 0.003036026614, 0.00086551041428],
      [0.0082942713036, 0.021969932413, 0.36820434318, 0.49051955178, 0.11101190132],
      [0.37714967942, 0.049233638004, 0.49128245756, 0.078889813121, 0.0034444118895],
      [0.016330211074, 0.013960615384, 0.18651154836, 0.48908916825, 0.29410845694]
    ],
    [
      [0.00026512693679, 9.8766623542e-35, 0.99826501428, 0.0014690168325, 8.4194590218e-07],
      [0.11477182326, 2.5214402377e-34, 0.2937572301, 0.36469699702, 0.22677394963],
      [0.0078387420176, 1.0323806398e-34, 0.018770911472, 0.91900149717, 0.054388849343],
      [0.0023757555776, 0, 0.99433137816, 0.0022203366408, 0.0010725296194],
      [0.0076585451992, 0, 0.36015287676, 0.49720876236, 0.13497981568],
      [0.39495561303, 0, 0.5154573878, 0.085151963377, 0.0044350357931],
      [0.014279133185, 0, 0.17206608737, 0.46891904433, 0.34473573512]
    ],
    [
      [0.00015611884872, 0.23759777311, 0.76106063776, 0.0011848121741, 6.5811274413e-07],
      [0.086549867385, 0.012725168762, 0.29267649879, 0.38120632274, 0.22684214233],
      [0.005860068348, 0, 0.034738508825, 0.9083496904, 0.051051732431],
      [0.0018052734037, 0.017151688524, 0.97531917626, 0.0046417894492, 0.0010820723613],
      [0.0056160622898, 0.023405385854, 0.3435071166, 0.4972061656, 0.13026526965],
      [0.30223478289, 0.061672281638, 0.53767262701, 0.093688479482, 0.004731828981],
      [0.010618020917, 0.014267711484, 0.16693306627, 0.47597084659, 0.33221035473]
    ],
    [
      [0.00013609005014, 0.29494608984, 0.70396377006, 0.00095350248769, 5.4756265735e-07],
      [0.088188561633, 0.018420682833, 0.31542246474, 0.35762248982, 0.22034580097],
      [0.0081297112289, 0.0016968449141, 0.079031327214, 0.86124262991, 0.04989948673],
      [0.0016909491248, 0.026006134464, 0.96933678892, 0.0019987735549, 0.00096735393963],
      [0.0056896647634, 0.033787165709, 0.3691953688, 0.46524480517, 0.12608299556],
      [0.28938922899, 0.083330492765, 0.54097485792, 0.082022799846, 0.0042826204811],
      [0.010997866277, 0.021053623849, 0.18339176182, 0.45524767226, 0.32930907579]
    ],
    [
      [0.00026652832511, 0.13531148043, 0.86286543286, 0.0015557366759, 8.2170283378e-07],
      [0.1161257104, 0.0057659407734, 0.26162998816, 0.39400925268, 0.22246910798],
      [0.010954937029, 0, 0.0092539156234, 0.93122174462, 0.048569402728],
      [0.0027425936205, 0.005409823716, 0.98338461047, 0.007260669486, 0.001202302709],
      [0.0078105076943, 0.010962297168, 0.31754707834, 0.5313861764, 0.1322939404],
      [0.39823893027, 0.027513339062, 0.47404776939, 0.095607855093, 0.0045921061784],
      [0.014461644814, 0.0065483132392, 0.15121511654, 0.49824547068, 0.32952945473]
    ],
    [
      [0.00014247896341, 0.14882679922, 0.84993502899, 0.0010953194724, 3.73356989e-07],
      [0.089920298016, 0.0081614369299, 0.36205804562, 0.3944575494, 0.14540267003],
      [0.0067348227029, 6.5155460011e-05, 0.091292406732, 0.87814619064, 0.023761424466],
      [0.0014836464369, 0.010106173516, 0.98593386605, 0.0019236748978, 0.00055263910074],
      [0.0054823733792, 0.014443679871, 0.40735907147, 0.49318816576, 0.079526709524],
      [0.288611265, 0.035486572169, 0.58807898765, 0.085184239417, 0.0026389357549],
      [0.011610322908, 0.0098128560311, 0.22068889804, 0.52816802565, 0.22971989737]
    ],
    [
      [0.00017197228814, 0.17922511294, 0.81937111164, 0.0012312536349, 5.4949929486e-07],
      [0.095398979812, 0.009400335815, 0.31239018507, 0.39384555451, 0.18896494479],
      [0.0073719520941, 0, 0.042916937611, 0.9117623379, 0.037948772393],
      [0.001856684508, 0.0093539286506, 0.98152268824, 0.0064232367203, 0.00084346187985],
      [0.0060712471649, 0.017092602914, 0.36225880399, 0.50759989072, 0.10697745521],
      [0.31950343576, 0.043148054065, 0.54233092041, 0.091312710013, 0.0037048797495],
      [0.011990413519, 0.010871923355, 0.18365551533, 0.50734373356, 0.28613841423]
    ],
    [
      [0, 0.78369447508, 0.21592328738, 0.00038179198671, 4.4555364179e-07],
      [0, 0.077492625638, 0.19905188105, 0.3125917404, 0.41086375291],
      [5.1347814889e-18, 0.048682121579, 0.054757516263, 0.79139485199, 0.10516551017],
      [0, 0.14135875614, 0.85425013787, 0.0022135511301, 0.0021775548615],
      [0, 0.14206020897, 0.23088113491, 0.40168688276, 0.22537177336],
      [1.1969591984e-16, 0.4651488651, 0.4367192303, 0.088730941829, 0.0094009627707],
      [4.9364009556e-32, 0.071776759144, 0.092034705553, 0.32264968567, 0.51353884963]
    ],
    [
      [0.00017724214135, 0.25563073951, 0.74306809583, 0.0011232650583, 6.5746764705e-07],
      [0.099432736742, 0.014120985819, 0.29045850843, 0.36662922678, 0.22935854223],
      [0.010065507496, 0, 0.045922554118, 0.8905122162, 0.053499722182],
      [0.0020955621822, 0.01969543077, 0.97279390073, 0.0043097673001, 0.0011053390222],
      [0.0065820565797, 0.026391410806, 0.34665594208, 0.48623758002, 0.13413301051],
      [0.33124626353, 0.065488568394, 0.51208033248, 0.086576652518, 0.0046081830761],
      [0.012396872112, 0.016041490332, 0.16795518474, 0.46378751494, 0.33981893788]
    ],
    [
      [7.6760706841e-05, 0.42513147011, 0.57409108116, 0.00070029098707, 3.9703861119e-07],
      [0.0658808181, 0.035153355078, 0.33888926794, 0.3470304464, 0.21304611248],
      [0.0031992615544, 0.0287070829, 0.14306674181, 0.78453987444, 0.040487039287],
      [0.0011468616175, 0.045255984329, 0.95098869955, 0.0017650449921, 0.00084340951491],
      [0.0040753546041, 0.062073281901, 0.38200280867, 0.43502644393, 0.11682211089],
      [0.2094250789, 0.15245845639, 0.55794016943, 0.076246873268, 0.0039294220065],
      [0.0081195540632, 0.039863949025, 0.19545942191, 0.43864021123, 0.31791686377]
    ],
    [
      [6.4146353042e-49, 0.32259187438, 0.67678580202, 0.00062198169575, 3.4190677553e-07],
      [5.0623810587e-33, 0.027250234674, 0.43148356181, 0.33798883437, 0.20327736915],
      [0, 0.0044920609782, 0.36859727356, 0.62469289279, 0.002217772676],
      [0, 0.029944340114, 0.97005565989, 0, 0],
      [0, 0.045097633534, 0.45457393352, 0.39718268127, 0.10314575167],
      [0, 0.13172998525, 0.78324575232, 0.08098579054, 0.004038471895],
      [0, 0.030455770009, 0.24478268554, 0.42229603122, 0.30246551323]
    ],
    [
      [0.00013016981947, 0.31327190961, 0.68564971057, 0.00094780053313, 4.094676245e-07],
      [0.09014293514, 0.021334099797, 0.33048279, 0.38158790523, 0.17645226983],
      [0.0079351100464, 0.0024531076259, 0.081970097821, 0.87302468314, 0.034617001362],
      [0.0016578828566, 0.028729114554, 0.9668346954, 0.0020367494125, 0.000741557779],
      [0.0056792256626, 0.037991743158, 0.37581165843, 0.48227222797, 0.098245144777],
      [0.27971568892, 0.091937596577, 0.54135910157, 0.083699580146, 0.0032880327902],
      [0.011561500155, 0.024958037121, 0.19680359737, 0.49717064998, 0.26950621537]
    ],
    [
      [0, 0.13294297663, 0.86605303216, 0.0010036348411, 3.5637165791e-07],
      [0.068106896582, 0.0084242668338, 0.39257640991, 0.38311941952, 0.14777300715],
      [0, 0.0012603484421, 0.18179684701, 0.7987914539, 0.01815135065],
      [0, 0.0052161587826, 0.99478384122, 0, 0],
      [0, 0.014540898587, 0.43660967386, 0.46986441004, 0.078985017516],
      [0.21599861871, 0.036988722636, 0.6592997412, 0.084971854577, 0.0027410628691],
      [0.0087955579428, 0.010052181701, 0.23825375344, 0.51005059796, 0.23284790895]
    ],
    [
      [0.00016692068666, 0.38584920239, 0.61314942492, 0.00083392976105, 5.2224191297e-07],
      [0.11667446269, 0.025160082636, 0.28987420625, 0.33424108189, 0.23405016653],
      [0.015139836994, 0.0079137787499, 0.080240565412, 0.84574096181, 0.050964857033],
      [0.0011291194551, 0.04144476608, 0.95665458889, 0, 0.00077152557503],
      [0.0076984759776, 0.048098509494, 0.35350217403, 0.45427531879, 0.13642552171],
      [0.36551283745, 0.10460585465, 0.45622047833, 0.069697171754, 0.0039636578151],
      [0.014327463528, 0.028804041954, 0.16863651749, 0.42749910136, 0.36073287566]
    ],
    [
      [0.00011656320729, 0.62051715855, 0.378793273, 0.00057282003314, 1.8520773109e-07],
      [0.13407763545, 0.064042230181, 0.29124148386, 0.37521143409, 0.13542721642],
      [0.015669169535, 0.043309999926, 0.070570330393, 0.85017837326, 0.020272126885],
      [0.0043553653736, 0.10858856744, 0.88705606718, 0, 0],
      [0.008129666649, 0.11394395282, 0.33004219177, 0.47463587582, 0.073248312942],
