{
  "X": [
    [122, 621, 718, 77],
    [57, 296, 269, 40],
    [57, 307, 519, 49],
    [84, 516, 404, 59],
    [2, 7, 29, 2],
    [71, 593, 503, 30],
    [10, 43, 44, 5],
    [7, 116, 104, 21],
    [18, 55, 109, 12],
    [4, 8, 14, 0],
    [3, 12, 15, 2],
    [28, 50, 54, 10],
    [120, 892, 558, 41],
    [44, 392, 273, 31],
    [24, 179, 74, 7],
    [47, 613, 441, 10],
    [50, 579, 226, 35],
    [20, 180, 141, 7],
    [73, 398, 969, 39],
    [15, 129, 155, 12],
    [37, 232, 376, 18],
    [24, 149, 129, 9],
    [18, 96, 62, 7],
    [1, 3, 4, 1],
    [3, 14, 39, 1],
    [2, 11, 4, 0],
    [7, 22, 28, 2],
    [18, 184, 104, 14],
    [31, 146, 145, 9],
    [7, 25, 33, 3],
    [9, 45, 123, 4],
    [3, 10, 30, 1],
    [6, 19, 14, 0],
    [73, 579, 779, 38],
    [17, 82, 70, 3],
    [18, 130, 331, 4],
    [11, 152, 139, 15],
    [14, 134, 252, 9],
    [154, 330, 375, 32],
    [35, 94, 106, 12],
    [88, 190, 215, 25],
    [67, 151, 162, 19],
    [69, 164, 123, 24],
    [64, 145, 162, 9],
    [106, 229, 163, 32],
    [2, 16, 14, 1],
    [34, 193, 237, 9],
    [63, 622, 643, 32],
    [324, 1621, 1776, 158],
    [16, 49, 99, 3],
    [99, 311, 398, 39],
    [493, 1743, 1878, 169],
    [134, 444, 406, 28]
  ],
  "W": [
    [331, 390, 676, 53, 88],
    [135, 211, 264, 20, 32],
    [126, 227, 490, 35, 54],
    [215, 346, 386, 55, 61],
    [4, 6, 30, 0, 0],
    [274, 362, 473, 48, 40],
    [20, 28, 45, 4, 5],
    [59, 65, 108, 9, 7],
    [40, 32, 81, 17, 24],
    [10, 3, 8, 5, 0],
    [13, 5, 13, 0, 1],
    [36, 33, 44, 19, 10],
    [491, 471, 531, 49, 69],
    [152, 269, 262, 27, 30],
    [84, 92, 76, 15, 17],
    [281, 323, 427, 38, 42],
    [210, 359, 231, 42, 48],
    [69, 120, 134, 6, 19],
    [216, 234, 915, 43, 71],
    [45, 86, 158, 14, 8],
    [120, 131, 362, 25, 25],
    [78, 82, 128, 7, 16],
    [42, 67, 66, 1, 7],
    [4, 0, 5, 0, 0],
    [4, 12, 35, 1, 5],
    [8, 6, 3, 0, 0],
    [14, 11, 31, 1, 2],
    [88, 112, 97, 9, 14],
    [90, 79, 134, 10, 18],
    [15, 13, 32, 4, 4],
    [22, 26, 120, 7, 6],
    [5, 9, 30, 0, 0],
    [7, 17, 12, 2, 1],
    [317, 311, 730, 51, 60],
    [45, 48, 72, 4, 3],
    [72, 67, 316, 8, 20],
    [58, 91, 130, 16, 22],
    [60, 78, 244, 17, 10],
    [243, 200, 335, 72, 41],
    [66, 56, 92, 24, 9],
    [122, 127, 215, 42, 12],
    [102, 85, 149, 42, 21],
    [101, 113, 103, 51, 12],
    [94, 94, 148, 30, 14],
    [173, 131, 142, 57, 27],
    [8, 11, 13, 1, 0],
    [123, 112, 215, 7, 16],
    [252, 384, 642, 34, 48],
    [868, 948, 1688, 188, 187],
    [31, 33, 93, 2, 8],
    [180, 195, 387, 36, 49],
    [1039, 1028, 1881, 143, 192],
    [312, 250, 402, 10, 38]
  ],
  "method": "mvn_pdf",
  "cond_prob": [
    [
      [0.26004319466, 0.64362206911, 0.072980892401, 0.023353843827],
      [0.023325281043, 0.88086464393, 0.027826371944, 0.067983703081],
      [0.0044654672614, 0.048813888415, 0.93007806989, 0.016642574431],
      [0.39822229321, 0.11569747662, 0.27400588719, 0.21207434298],
      [0.025900297357, 0.27704132942, 0.44239726312, 0.25466111011]
    ],
    [
      [0.29289324039, 0.62232066875, 0.056407648673, 0.028378442182],
      [0.02663439813, 0.86730765608, 0.021880807759, 0.084177138034],
      [0.0062707007241, 0.058996070007, 0.90937525064, 0.025357978626],
      [0.435307032, 0.10820485886, 0.20549867548, 0.25098943366],
      [0.030528610417, 0.28114342984, 0.36060412554, 0.32772383421]
    ],
    [
      [0.27258369168, 0.61162705777, 0.089111562722, 0.02667768783],
      [0.025039968906, 0.8602643012, 0.034889148252, 0.079806581645],
      [0.0038566306802, 0.038292248408, 0.94212833653, 0.015722784386],
      [0.37793887185, 0.099340762803, 0.30301848955, 0.2197018758],
      [0.024099068953, 0.23415332388, 0.48194581709, 0.25980179008]
    ],
    [
      [0.23546706997, 0.68975208337, 0.053818861436, 0.020961985227],
      [0.020165792336, 0.90193738081, 0.019600890627, 0.05829593623],
      [0.0053232298327, 0.068845914992, 0.90615287406, 0.019677981116],
      [0.41130611584, 0.1411966995, 0.23037359265, 0.217123592],
      [0.026774571849, 0.33896965733, 0.37288552482, 0.261370246]
    ],
    [
      [0.38413918863, 0.47785097636, 0.085288946935, 0.052720888073],
      [0.028514043093, 0.74666214783, 0.035823155927, 0.18900065315],
      [0.00313627029, 0.022589862504, 0.94709889995, 0.027174967252],
      [0.32812937331, 0.049551154538, 0.20645753909, 0.41586193306],
      [0.014417271614, 0.10131966362, 0.31547278987, 0.56879027489]
    ],
    [
      [0.18192499865, 0.7372370473, 0.069012462958, 0.011825491087],
      [0.015032376264, 0.92905854726, 0.024223543355, 0.031685533122],
      [0.0032922242056, 0.058854946244, 0.92897586292, 0.0088769666314],
      [0.35833294936, 0.17024796063, 0.33342587017, 0.13799321984],
      [0.020527794049, 0.35922822473, 0.47438076106, 0.14586322017]
    ],
    [
      [0.31961955753, 0.62207819268, 0.041331778857, 0.01697047093],
      [0.028965904698, 0.90220170562, 0.016526714101, 0.052305675579],
      [0.0081454863567, 0.071739555293, 0.90101906025, 0.019095898104],
      [0.54064756165, 0.1180740614, 0.16904958569, 0.17222879126],
      [0.040632767524, 0.35172859232, 0.34524635838, 0.26239228178]
    ],
    [
      [0.12122651618, 0.7552513901, 0.050497808856, 0.073024284862],
      [0.0084890766659, 0.80888895278, 0.015045470921, 0.16757649963],
      [0.0026629063539, 0.072803871932, 0.85739632081, 0.067136900899],
      [0.15397289935, 0.11153320318, 0.15883053699, 0.57566336047],
      [0.0081234134668, 0.21788797851, 0.2087201521, 0.56526845593]
    ],
    [
      [0.26443386798, 0.56159485735, 0.15020121678, 0.023770057882],
      [0.025397778595, 0.83743465938, 0.061934797429, 0.075232764599],
      [0.0021923992263, 0.02064284691, 0.96881948517, 0.00834526869],
      [0.3128386124, 0.077170628102, 0.44081295883, 0.16917780066],
      [0.017792908619, 0.16407885839, 0.63739121013, 0.18073702285]
    ],
    [
      [0.20550540484, 0.46937184916, 0.32042073473, 0.0047020112722],
      [0.021423683373, 0.82015359969, 0.14209366629, 0.016329050654],
      [0.00057650263069, 0.0055304668214, 0.99330311137, 0.00058991917667],
      [0.1659004788, 0.041278002509, 0.77096516909, 0.021856349598],
      [0.0065929267703, 0.062476585133, 0.91545997639, 0.015470511709]
    ],
    [
      [0.20404565036, 0.606444429, 0.13538270229, 0.054127218352],
      [0.016052699237, 0.77816972829, 0.046877682572, 0.1588998899],
      [0.0012445947379, 0.016717760148, 0.96619979289, 0.015837852227],
      [0.16808825679, 0.059486225832, 0.33807334358, 0.4343521738],
      [0.0083198877504, 0.1097813516, 0.45027457226, 0.43162418839]
    ],
    [
      [0.4416161211, 0.47001893779, 0.067226116126, 0.02113882498],
      [0.050040159855, 0.8372932168, 0.032966331415, 0.079700291926],
      [0.0077194689126, 0.036652273711, 0.93985487907, 0.015773378311],
      [0.56070759018, 0.068768616351, 0.20967284539, 0.16085094808],
      [0.04790855867, 0.22303820023, 0.46479845938, 0.26425478172]
    ],
    [
      [0.18983899984, 0.74742459591, 0.051579804596, 0.011156599653],
      [0.015610946132, 0.93664813905, 0.01801115083, 0.029729763986],
      [0.0044980938758, 0.078135366495, 0.90641003648, 0.010956503153],
      [0.40383918965, 0.18662400006, 0.26898707695, 0.14054973335],
      [0.02443015713, 0.41531948812, 0.40350156679, 0.15674878796]
    ],
    [
      [0.19401255751, 0.73115890034, 0.05768483594, 0.017143706211],
      [0.015944563974, 0.9181025963, 0.020165757278, 0.045787082446],
      [0.0040940438548, 0.068099691792, 0.91276461067, 0.01504165368],
      [0.37110864243, 0.16359500253, 0.27065319102, 0.19464316401],
      [0.022131681257, 0.36050565723, 0.40234708518, 0.21501557633]
    ],
    [
      [0.17582324272, 0.79020370401, 0.026285418439, 0.007687634832],
      [0.013898245566, 0.95746382397, 0.0088600016101, 0.019777928851],
      [0.0072686598992, 0.14388149417, 0.83554205705, 0.013307788887],
      [0.46654162146, 0.24249759452, 0.17032307152, 0.12063771249],
      [0.028993081771, 0.56350313474, 0.26701325902, 0.14049052447]
    ],
    [
      [0.13593642031, 0.80634745028, 0.0509460511, 0.0067700783164],
      [0.01057010326, 0.95555960917, 0.016818233233, 0.017052054338],
      [0.0032463760339, 0.084879734639, 0.90516893074, 0.0067049585826],
      [0.34382633467, 0.23890803606, 0.3159497296, 0.10131589967],
      [0.018230753912, 0.46670471877, 0.41599313542, 0.099071391898]
    ],
    [
      [0.15092193728, 0.80721133267, 0.029825265372, 0.012041464682],
      [0.011629185698, 0.94851875409, 0.0097643700498, 0.030087690161],
      [0.0057027527154, 0.1344392026, 0.84098205359, 0.018875991087],
      [0.38727093095, 0.24233184733, 0.18739177933, 0.1830054424],
      [0.022294143687, 0.51478743355, 0.26814216967, 0.19477625309]
    ],
    [
      [0.20857046595, 0.72291899743, 0.059108720787, 0.0094018158395],
      [0.017551234391, 0.93534966175, 0.021254396304, 0.025844707557],
      [0.0042362301073, 0.065024684317, 0.92271694792, 0.0080221376528],
      [0.42321598911, 0.17010797381, 0.2939133659, 0.11276267118],
      [0.025881429039, 0.38930597147, 0.45538899485, 0.12942360464]
    ],
    [
      [0.23000082821, 0.64543720482, 0.10829501235, 0.016266954627],
      [0.02076845332, 0.88995081118, 0.041589257302, 0.047691478199],
      [0.0027326902118, 0.033879752209, 0.95535847738, 0.0080290802015],
      [0.34446760544, 0.11339324248, 0.39771593024, 0.14442322184],
      [0.020174163384, 0.24474660339, 0.57885034073, 0.15622889249]
    ],
    [
      [0.18489070647, 0.74233218718, 0.0556977639, 0.017079342457],
      [0.014902464266, 0.9208537901, 0.019192453572, 0.045051292067],
      [0.0039352105233, 0.069721888778, 0.91108658873, 0.015256311964],
      [0.36326231417, 0.1685172997, 0.26799632651, 0.20022405962],
      [0.021098042676, 0.36676167405, 0.39379095003, 0.21834933324]
    ],
    [
      [0.2064239652, 0.69714325973, 0.082133665597, 0.014299109481],
      [0.01765813463, 0.91262935081, 0.029917972588, 0.039794541976],
      [0.0031500129777, 0.046986858738, 0.94076561612, 0.0090975121622],
      [0.3593976896, 0.1418208887, 0.35090331756, 0.14787810413],
      [0.020994686932, 0.30664861695, 0.51213680312, 0.160219893]
    ],
    [
      [0.22890079355, 0.71128199251, 0.048101964671, 0.01171524927],
      [0.019464939938, 0.93046531475, 0.017490458765, 0.032579286546],
      [0.0055914055765, 0.076947046911, 0.9054135291, 0.012048018415],
      [0.45891421003, 0.16536493233, 0.23619750793, 0.13952334971],
      [0.030076310796, 0.40565772563, 0.39225069863, 0.17201526495]
    ],
    [
      [0.34018194571, 0.61456976874, 0.031601035768, 0.013647249782],
      [0.032205945875, 0.91164804748, 0.013013583072, 0.043132423571],
      [0.011559441885, 0.094008179232, 0.87443525923, 0.019997119656],
      [0.59908448596, 0.12386881583, 0.13467702853, 0.14236966968],
      [0.051132624253, 0.407513791, 0.30267506279, 0.23867852196]
    ],
    [
      [0.15481318282, 0.60041540677, 0.01181306267, 0.23295834774],
      [0.0036472984909, 0.23632877067, 0.0018103328375, 0.758213598],
      [0.0024406704797, 0.042242984396, 0.62894899664, 0.32636734848],
      [0.51632538201, 0.13594504879, 0.14691052072, 0.20081904849],
      [0.030788146567, 0.39025945186, 0.30413707542, 0.27481532615]
    ],
    [
      [0.39117910963, 0.49556856287, 0.10517273371, 0.0080795937874],
      [0.036674049547, 0.88338405558, 0.050134597923, 0.029807296947],
      [0.0033936314511, 0.022497855125, 0.97040667236, 0.0037018410674],
      [0.53482713046, 0.070525850111, 0.33468873998, 0.05995827945],
      [0.031022033825, 0.20070912329, 0.67960540146, 0.088663441419]
    ],
    [
      [0.21280354425, 0.70884669156, 0.076303640006, 0.0020461241897],
      [0.016703119371, 0.95178772392, 0.0262801558, 0.0052290009086],
      [0.0011521122641, 0.017167351132, 0.98117042491, 0.00051011169828],
      [0.39058837553, 0.13551040593, 0.46147697852, 0.012424240024],
      [0.014811398552, 0.21855720772, 0.75989883376, 0.0067325599664]
    ],
    [
      [0.39508235981, 0.56994684377, 0.025055082119, 0.0099157143066],
      [0.037731808323, 0.91734231118, 0.011081938945, 0.033843941552],
      [0.013986086847, 0.095310692107, 0.87376441699, 0.016938804053],
      [0.6910843043, 0.10663751739, 0.1011225024, 0.10115567592],
      [0.064005205186, 0.42859559443, 0.28649933807, 0.22089986231]
    ],
    [
      [0.16672202741, 0.75736080406, 0.057558725068, 0.018358443462],
      [0.01322163376, 0.91987612071, 0.019434659007, 0.047467586521],
      [0.0034367949748, 0.068834163669, 0.91190603056, 0.015823010797],
      [0.32910280948, 0.17397338904, 0.27995987673, 0.21696392475],
      [0.018425823306, 0.36183883712, 0.39348324926, 0.22625209031]
    ],
    [
      [0.25866676253, 0.66133346932, 0.068066811952, 0.011932956195],
      [0.023278463556, 0.91543959274, 0.0261753959, 0.035106547803],
      [0.0046230937284, 0.052359651154, 0.93404918202, 0.0089680730997],
      [0.45084915507, 0.13409339136, 0.29145802718, 0.1235994264],
      [0.029779756, 0.33041386267, 0.48677429434, 0.15303208699]
    ],
    [
      [0.28477742907, 0.64770252095, 0.053105029956, 0.014415020024],
      [0.02478551871, 0.91186449284, 0.02046707504, 0.04288291341],
      [0.0055561192065, 0.056841257125, 0.92497023175, 0.012632391919],
      [0.49686490815, 0.12474628448, 0.22599611112, 0.15239269625],
      [0.033353174468, 0.33638482043, 0.42046578258, 0.20979622252]
    ],
    [
      [0.23316615185, 0.66257692183, 0.091334495888, 0.012922430431],
      [0.020348744208, 0.90759681738, 0.034562508824, 0.037491929585],
      [0.0030484728275, 0.038626541102, 0.9510543259, 0.0072706601674],
      [0.38247205666, 0.12386750396, 0.36708678548, 0.1265736539],
      [0.022300673495, 0.27730519151, 0.55836812887, 0.14202600612]
    ],
    [
      [0.50008372164, 0.40962377765, 0.080497104643, 0.0097953960678],
      [0.050139634722, 0.86084286412, 0.045065889888, 0.043951611266],
      [0.0044458499934, 0.021236989982, 0.96892962359, 0.0053875364308],
      [0.63474530457, 0.054893572023, 0.24210814872, 0.068252974681],
      [0.040204233494, 0.18607916313, 0.63292980016, 0.14078680321]
    ],
    [
      [0.53956073996, 0.39808245224, 0.059096967298, 0.0032598404982],
      [0.064405808744, 0.88632535875, 0.034505737944, 0.014763094565],
      [0.0071611491982, 0.026550245599, 0.96410839258, 0.0021802126247],
      [0.73277677226, 0.055966801965, 0.18919269274, 0.022063733037],
      [0.06661046176, 0.24295328154, 0.64007535461, 0.05036090209]
    ],
    [
      [0.17514610257, 0.72231305346, 0.088637079876, 0.013903764094],
      [0.014577776539, 0.91657269654, 0.031332775614, 0.037516751305],
      [0.0025130431311, 0.045722991245, 0.94349004251, 0.0082739231186],
      [0.31288534659, 0.15140868618, 0.38845448885, 0.14725147838],
      [0.017158843902, 0.30554076375, 0.52844742947, 0.14885296288]
    ],
    [
      [0.28273812783, 0.66514912691, 0.043558944863, 0.0085538003912],
      [0.02543307884, 0.93221467256, 0.016913194995, 0.0254390536],
      [0.0072739836008, 0.076310212175, 0.90699444128, 0.0094213629399],
      [0.54826664429, 0.14762112228, 0.20614680895, 0.097965424493],
      [0.040701216114, 0.41904680912, 0.39962293279, 0.14062904198]
    ],
    [
      [0.19157133241, 0.69170217282, 0.10750814977, 0.0092183450022],
      [0.016550940247, 0.91782308801, 0.039650321513, 0.025975650228],
      [0.0022512127481, 0.03597457747, 0.95722674523, 0.0045474645555],
      [0.32436472508, 0.13628292919, 0.44681291784, 0.092539427893],
      [0.017649290466, 0.27624637909, 0.61223595291, 0.093868377537]
    ],
    [
      [0.13326654809, 0.78866820383, 0.06122870042, 0.016836547661],
      [0.010243052037, 0.92761593699, 0.020021772801, 0.042119238172],
      [0.002615231171, 0.067989056105, 0.91559869421, 0.013797018515],
      [0.28008774801, 0.19220352403, 0.31640102494, 0.21130770302],
      [0.014523892145, 0.37053427365, 0.41125964343, 0.20368219077]
    ],
    [
      [0.15577886365, 0.73863286107, 0.092586464839, 0.013001810449],
      [0.012669138625, 0.92081445225, 0.032074328641, 0.034442080482],
      [0.0020999385632, 0.043858086394, 0.94671341858, 0.0073285564661],
      [0.28492759784, 0.15694483349, 0.41637280574, 0.14175476294],
      [0.014837311797, 0.30381220108, 0.54423919573, 0.13711129139]
    ],
    [
      [0.42441500364, 0.49772253142, 0.064741908187, 0.013120556754],
      [0.048549409392, 0.87111616916, 0.031533131993, 0.04880128946],
      [0.0082374675402, 0.042721915388, 0.93844701443, 0.010593602646],
      [0.59020759874, 0.081131116823, 0.22062830076, 0.10803298368],
      [0.053214165914, 0.27009330192, 0.49612256375, 0.18056996842]
    ],
    [
      [0.32619961032, 0.57167908769, 0.082843138938, 0.01927816305],
      [0.032140958812, 0.87056880417, 0.03494303452, 0.062347202499],
      [0.0048102642175, 0.037317346504, 0.94591320976, 0.011959179514],
      [0.45817490249, 0.093281934979, 0.28659735034, 0.16194581218],
      [0.032142589494, 0.24437528188, 0.50997148287, 0.21351064576]
    ],
    [
      [0.4607638733, 0.47696804513, 0.044313276657, 0.017954804912],
      [0.053738252985, 0.85571633285, 0.022094649575, 0.068450764594],
      [0.01249893704, 0.057384653104, 0.90974543882, 0.020370971039],
      [0.62995101006, 0.076154190765, 0.14818108335, 0.14571371582],
      [0.06352809271, 0.28552367773, 0.37587165202, 0.27507657754]
    ],
    [
      [0.38183924392, 0.54953885292, 0.05333819749, 0.015283705666],
      [0.039927198172, 0.88404081751, 0.023830508871, 0.052201475452],
      [0.0086934676043, 0.055385038977, 0.92136037555, 0.014561117871],
      [0.57229061528, 0.096011932206, 0.19576195705, 0.13593549547],
      [0.049281491501, 0.30756960811, 0.42424085619, 0.2189080442]
    ],
    [
      [0.3774956916, 0.53567657941, 0.06543845984, 0.021389269153],
      [0.03935419565, 0.85870403544, 0.029113305298, 0.072828463611],
      [0.0070745825939, 0.04437213195, 0.93182027976, 0.0167330057],
      [0.51862887723, 0.085876365891, 0.22065687011, 0.17483788676],
      [0.041455884328, 0.25475283769, 0.44308800934, 0.26070326865]
    ],
    [
      [0.43732057345, 0.49347204816, 0.059925984193, 0.0092813941984],
      [0.050776056319, 0.88415454726, 0.029793947373, 0.035275449051],
      [0.0089599526772, 0.0448934767, 0.93816335262, 0.0079832180034],
      [0.62804473019, 0.082538763344, 0.21069847297, 0.078718033492],
      [0.05966174354, 0.29278981535, 0.50704177432, 0.14050666679]
    ],
    [
      [0.39663294332, 0.53232098575, 0.051285133983, 0.019760936943],
      [0.042116593909, 0.86631638997, 0.023208696847, 0.068358319271],
      [0.0094018859607, 0.055787969731, 0.91528759488, 0.019522549427],
      [0.56502294216, 0.088715991496, 0.17905067121, 0.16721039514],
      [0.049402476644, 0.28703244273, 0.39160902308, 0.27195605754]
    ],
    [
      [0.17700482445, 0.72212733015, 0.089344466001, 0.011523379408],
      [0.013807556353, 0.92447840194, 0.030520809652, 0.031193232059],
      [0.0015930895611, 0.028517900001, 0.96515762822, 0.0047313822207],
      [0.30812998722, 0.13593261048, 0.42618789327, 0.12974950903],
      [0.014684634839, 0.26179522901, 0.60020748181, 0.12331265434]
    ],
    [
      [0.22849679906, 0.64964181287, 0.10956834291, 0.01229304515],
      [0.020668962153, 0.90084808741, 0.042233644831, 0.036249305603],
      [0.0026308425369, 0.033098870306, 0.95834673078, 0.0059235563734],
      [0.3528506823, 0.11724617406, 0.41696777598, 0.11293536767],
      [0.020435664997, 0.25170984318, 0.60626520131, 0.12158929052]
    ],
    [
      [0.17878777059, 0.75125073171, 0.058387137873, 0.011574359823],
      [0.014582195019, 0.93456689875, 0.02023509369, 0.030615812536],
      [0.0037749813404, 0.070002031117, 0.91608212061, 0.010140866929],
      [0.37368275521, 0.18403404752, 0.29903536296, 0.1432478343],
      [0.021687348516, 0.39364024257, 0.43115707853, 0.15351533039]
    ],
    [
      [0.24515015487, 0.67168779851, 0.065753203817, 0.017408842799],
      [0.021658035326, 0.90386264847, 0.024661752383, 0.049817563816],
      [0.0046744784748, 0.056517861856, 0.92506649361, 0.013741166057],
      [0.4167321208, 0.13420729465, 0.27388935302, 0.17517123153],
      [0.027149551257, 0.32116345216, 0.44159952319, 0.21008747339]
    ],
    [
      [0.41743809911, 0.48968713216, 0.083554647129, 0.0093201215925],
      [0.046870118429, 0.87645753516, 0.041286764264, 0.035385582151],
      [0.0058141131745, 0.031157221409, 0.95731067356, 0.0057179918547],
      [0.5698317667, 0.076581235348, 0.2788341862, 0.074752811746],
      [0.045467032798, 0.23826467279, 0.59765770299, 0.11861059142]
    ],
    [
      [0.38043975177, 0.54780393883, 0.054062934966, 0.017693374436],
      [0.03971466948, 0.87605279788, 0.024066863761, 0.060165668883],
      [0.0086421946325, 0.055111899917, 0.91948622808, 0.016759677373],
      [0.55798836185, 0.094071845985, 0.19412807382, 0.15381171835],
      [0.047477793637, 0.29627787785, 0.41287147696, 0.24337285155]
    ],
    [
      [0.34875130834, 0.58738578506, 0.047770392153, 0.016092514442],
      [0.034799319245, 0.89293448244, 0.020241632776, 0.052024565541],
      [0.0089748167213, 0.066730015811, 0.90714732543, 0.01714784204],
      [0.55353660593, 0.10958824058, 0.18572745146, 0.15114770203],
      [0.04627291671, 0.3365920273, 0.3843915031, 0.23274355289]
    ],
    [
      [0.37504802265, 0.56440571458, 0.048329283725, 0.012216979045],
      [0.039039596126, 0.89818443553, 0.021421182766, 0.041354785573],
      [0.0094908495247, 0.063203694483, 0.91443193341, 0.012873522579],
      [0.59350391143, 0.10470070575, 0.18730602153, 0.11448936129],
      [0.052709181372, 0.34345264624, 0.41508429729, 0.1887538751]
    ]
  ],
  "expected_outcome": [
    [
      [86.0742974339, 39.5405874532, 34.3455451514, 50.6254200429, 1.5365567545, 49.8474496314, 6.3923911507, 7.1523644547, 10.5773547193, 2.0550540484, 2.6525934546, 15.8981803596, 93.2109489198, 29.4899087412, 14.7691523885, 38.1981341068, 31.6936068283, 14.3913621503, 49.6801788926, 8.320081791, 24.7708758235, 17.8542618969, 14.28764172, 0.6192527313, 1.5647164385, 1.702428354, 5.5311530373, 14.6715384121, 23.2800086279, 4.271661436, 5.1296553407, 2.5004186082, 3.7769251797, 55.5213145152, 12.7232157524, 13.7931359332, 7.7294597891, 9.3467318187, 103.1328458851, 21.5291742811, 56.213192543, 38.9476028799, 38.1270648515, 41.1081339045, 68.6174991941, 1.4160385956, 28.1051062848, 45.054518189, 212.7903344272, 12.9405810726, 68.4791553187, 362.3526093648, 117.0149830676],
      [213.0389048745, 84.0132902813, 77.0650092789, 148.2966979246, 1.9114039054, 202.0029509601, 12.4415638536, 44.559832016, 22.4637942941, 4.6937184916, 7.883777577, 16.9206817606, 366.985476594, 111.1361528518, 66.3771111367, 226.5836335273, 169.5143798603, 49.8814108224, 139.414436241, 33.4049484229, 83.6571911671, 55.4799954157, 25.8119302869, 2.4016616271, 1.9822742515, 5.6707735325, 7.9792558127, 66.6477507573, 59.5200122388, 9.7155378143, 14.5766922803, 2.0481188883, 2.7865771657, 228.9732379462, 29.9317107111, 49.8025564432, 45.7427558222, 44.317971664, 120.9465751344, 37.7308197877, 58.1901015055, 56.0529629981, 54.1033345203, 46.3863725268, 92.0915305356, 5.7770186412, 79.9059429834, 189.3151843915, 583.02500911, 15.1803010971, 98.6047089889, 610.2938306825, 176.0945829482],
      [24.1566753847, 7.6150325709, 11.228056903, 11.5710552088, 0.34115578774, 18.9094148505, 0.82663557714, 2.9793707225, 6.0080486714, 3.2042073473, 1.7599751298, 2.4201401805, 25.3256840565, 8.7680950629, 2.2079751489, 14.315840359, 6.263305728, 4.0785017343, 23.3917226669, 2.5063993755, 9.8560398716, 3.7519532444, 1.3272435023, 0.047252250679, 0.42069093486, 0.61042912004, 0.35077114967, 5.0651678059, 6.1260130757, 0.79657544934, 2.0093589095, 0.40248552321, 0.41367877109, 28.0979543208, 1.9601525188, 7.7405867834, 3.5512646244, 5.5551878904, 15.7322836894, 5.4676471699, 5.4062197521, 5.440496144, 6.6092844438, 5.6330425141, 8.8723281791, 0.71475572801, 13.4769061783, 14.7135587441, 57.0737809135, 2.590194061, 9.731328294, 49.6334374472, 15.0787365223],
      [7.7301223068, 3.8310896946, 3.3613886666, 4.5068268237, 0.21088355229, 3.240184558, 0.3394094186, 4.3084328069, 0.95080231528, 0.047020112722, 0.70365383858, 0.76099769927, 5.4778904296, 2.605843344, 0.64576132589, 1.9023920069, 2.5287075833, 0.64872529292, 3.5136621995, 0.76857041058, 1.7158931377, 0.91378944308, 0.57318449085, 0.93183339095, 0.03231837515, 0.016368993517, 0.13882000029, 1.6155430247, 1.0739660576, 0.21622530035, 0.28429346948, 0.048976980339, 0.022818883487, 4.4074932178, 0.3849210176, 0.66372084016, 0.97651976433, 0.78010862691, 3.1882952911, 1.2723587613, 2.1904861993, 1.558937978, 2.1603161845, 0.87245105465, 3.4186420911, 0.092187035261, 1.5120445534, 2.9167386755, 15.1108755494, 0.28892376937, 3.1848073984, 16.7201225056, 3.811697462]
    ],
    [
      [9.0968596066, 5.6198580055, 5.6840729416, 6.9773641484, 0.17108425856, 5.4417202074, 0.81104533156, 0.55178998328, 0.81272891503, 0.06427105012, 0.080263496187, 1.6513252752, 7.3527556284, 4.289087709, 1.278638592, 3.4141433529, 4.1748776655, 2.1061481269, 4.859818077, 1.2816119269, 2.3132156365, 1.5961250749, 2.1577983736, 0, 0.44008859456, 0.10021871623, 0.41504989155, 1.4808229812, 1.8389986209, 0.32221174323, 0.5290673494, 0.4512567125, 1.0948987487, 4.5336885038, 1.2207877843, 1.1089129966, 0.9321177354, 0.98819281278, 9.7098818784, 1.7998936935, 6.8247581291, 3.3938118446, 4.4470241084, 4.772949294, 5.517273802, 0.15188311988, 2.3149237612, 5.5995628875, 20.5318174889, 1.5467139082, 7.7443605486, 35.7737001835, 9.7598990316],
      [343.5372111337, 183.0019154323, 195.2799963718, 312.0703337594, 4.479972887, 336.3191941079, 25.2616477574, 52.5777819309, 26.7979091001, 2.4604607991, 3.8908486414, 27.6306761545, 441.1612734932, 246.9695984053, 88.0866718056, 308.6457537615, 340.5182327189, 112.2419594098, 208.2484898157, 79.1934259482, 119.5544449557, 76.2981558095, 61.0804191813, 0, 10.600608667, 5.7107263435, 10.090765423, 103.0261255196, 72.3197278266, 11.8542384069, 23.597517252, 7.7475857771, 15.0675310987, 285.0541086247, 44.7463042831, 61.4941468967, 84.4130502661, 71.8235272756, 174.223233831, 48.7518530335, 108.6759742715, 75.143469488, 97.0335560049, 83.1105274421, 113.4874470866, 10.1692624213, 100.8949857902, 358.8736891218, 856.861790754, 28.9230986601, 170.8302955859, 917.9366479462, 224.5461088834],
      [10.852285058, 4.6168504371, 7.9198366531, 6.7819081568, 0.21493893556, 8.7689226944, 0.46274799482, 0.97795560984, 1.9819135177, 0.42628099886, 0.23438841286, 1.0878889367, 8.4832520408, 5.4245887078, 0.81512014813, 5.4322893344, 3.5054088479, 2.5505275565, 9.7318862088, 1.6505510072, 3.919254409, 1.4342176188, 0.87191006582, 0, 0.60161517508, 0.1576809348, 0.1219013284, 2.1766818088, 2.0678562761, 0.26607197552, 0.89862522943, 0.40559300899, 0.58659754505, 9.7444932159, 0.81183335976, 2.6565715414, 1.8219813249, 2.501797634, 6.3066263985, 1.9568099331, 2.806020496, 2.025593254, 3.2898034986, 2.800631053, 3.040339287, 0.33572890617, 4.730168221, 7.7702759769, 23.3793412591, 1.3624632207, 4.6930384333, 20.808398494, 5.3552956916],
      [26.5136442016, 17.7613761251, 18.1160940335, 20.1703939354, 1.1340039189, 11.4701629903, 1.4645589162, 10.8924724759, 2.4074484672, 0.048987151961, 0.79449944952, 2.6301096335, 14.0027188376, 12.3167251779, 1.8195694543, 5.5078135512, 10.8014807677, 3.1013649069, 11.1598058986, 3.8744111177, 5.2130849988, 2.6715014968, 2.8898723793, 0, 0.35768756337, 0.031374005452, 0.37228335707, 5.3163696904, 2.7734172764, 0.55747787433, 0.9747901692, 0.3955645014, 0.25097260761, 11.6677096557, 1.2210745728, 1.7403685653, 3.8328506736, 2.6864822776, 9.7602578921, 3.49144334, 8.6932471035, 4.4371254134, 8.229616388, 3.3158922108, 8.9549398244, 0.34312555264, 4.0599222276, 11.7564720138, 47.227050498, 1.167724211, 11.7323054322, 53.4812533762, 10.3386963934]
    ],
    [
      [3.0186558687, 1.6554649912, 1.8897490333, 2.0547667154, 0.094088108699, 1.5572220492, 0.36654688605, 0.28759388622, 0.17758433733, 0.0046120210455, 0.016179731593, 0.33965663215, 2.3884878481, 1.07263949, 0.55241815234, 1.3862025665, 1.3173358773, 0.56765483438, 2.5004115438, 0.62176326268, 1.1403046979, 0.71569991379, 0.76292316444, 0.012203352398, 0.11877710079, 0.0034563367922, 0.43356869225, 0.33336911256, 0.61949455961, 0.17779581461, 0.3658167393, 0.1333754998, 0.085933790378, 1.8345214857, 0.52372681926, 0.7113832284, 0.33998005223, 0.51238500942, 2.759551626, 0.44254430801, 2.6872714636, 1.295326673, 0.72868200717, 1.3260729962, 1.3350678064, 0.020710164295, 0.56563114544, 2.4235380205, 7.8905196654, 0.54071252523, 3.3445293228, 16.8816302528, 3.8153215089],
      [32.9981885686, 15.5749624819, 18.76320172, 26.574523187, 0.67769587513, 27.8383895733, 3.2282799882, 7.8628181687, 1.6720705997, 0.044243734572, 0.21733088193, 1.6127000433, 41.4898796086, 17.8421192494, 10.9349935566, 36.2436466911, 31.0554558015, 8.7133076985, 30.9999732713, 11.0160584269, 17.009242863, 9.8492220046, 6.2045398293, 0.21121492198, 0.78742492939, 0.051502053397, 2.9546314553, 6.6769138759, 7.0161932546, 1.818920228, 4.6351849322, 0.63710969945, 0.31860294719, 33.3777836089, 5.4943352766, 11.3679664806, 8.8385772937, 10.7013730802, 14.3118416548, 3.4331958784, 12.3377004175, 8.2523708076, 4.5703295909, 6.6442345516, 7.9218917018, 0.37073270002, 7.1162571158, 44.941303977, 95.4021508123, 2.897621591, 21.3283052679, 125.5191597396, 25.4078851822],
      [628.7327752471, 240.0750661696, 461.6428848974, 349.7750093867, 28.4129669986, 439.4055831608, 40.5458577111, 92.598802648, 78.4743782991, 7.946424891, 12.5605973075, 41.3536146789, 481.303729369, 239.1443279965, 63.5011963356, 386.5071334277, 194.2668543802, 123.6440710217, 874.1530068005, 143.9516810201, 340.5571530363, 115.8929317245, 57.712727109, 3.1447449832, 33.9642335325, 2.9435112747, 27.0866969268, 88.4548849643, 125.1625903904, 29.599047416, 114.1265191084, 29.0678887078, 11.5693007109, 688.7477310289, 65.3035997725, 302.4836514915, 119.0278302471, 230.9980741326, 314.3797498329, 87.0240152983, 195.5952693457, 137.2826959565, 95.9774888149, 138.8481761877, 129.9708384731, 12.5470491668, 206.0445471185, 588.1247214342, 1561.5122412172, 89.0298926413, 355.841170266, 1706.3441191304, 367.601637232],
      [11.2503803156, 6.6945063574, 7.7041643492, 7.5957007109, 0.81524901755, 4.1988052166, 0.85931541468, 7.250785297, 0.67596676389, 0.0047193534133, 0.20589207895, 0.6940286457, 5.8179031743, 3.9409132641, 1.0113919554, 2.8630173148, 4.3603539411, 1.0749664455, 7.3466083844, 2.4104972903, 3.2932994027, 1.5421463572, 1.3198098973, 1.6318367424, 0.12956443736, 0.0015303350948, 0.52510292566, 1.5348320473, 1.2017217954, 0.4042365414, 0.87247922009, 0.16162609292, 0.026162551497, 6.0399638766, 0.67833813167, 1.4369987996, 1.793612407, 1.7881677777, 3.5488568863, 1.1002445153, 4.3797587733, 2.1696065628, 1.7234995871, 1.1815162645, 2.7722020186, 0.061507968869, 1.2735646203, 6.5104365683, 23.195088305, 0.53177324249, 6.4859951433, 32.2550908772, 5.1751560768]
    ],
    [
      [21.1057815401, 8.70614064, 13.2278605146, 22.6218363713, 0, 17.1999815694, 2.1625902466, 1.3857560942, 5.3182564109, 0.82950239401, 0, 10.6534442134, 19.7881202929, 10.0199333456, 6.998124322, 13.0654007175, 16.2653790999, 2.5392959346, 14.8121070337, 5.0856723984, 8.98494224, 3.2123994702, 0.59908448596, 0, 0.53482713046, 0, 0.6910843043, 2.9619252853, 4.5084915507, 1.9874596326, 2.6773043966, 0, 1.4655535445, 15.9571526762, 2.1930665771, 2.5949178006, 4.4814039682, 4.8437691632, 42.4949471095, 10.9961976599, 26.4579424227, 24.0362058416, 26.4500727388, 18.8413419058, 32.2063077031, 0.30812998722, 2.4699547761, 12.7052136773, 78.3456387109, 1.1396635334, 20.0875810265, 79.1557346474, 5.9350391143],
      [6.1319662607, 2.1640971773, 3.4769266981, 7.7658184727, 0, 8.1719021101, 0.47229624561, 1.0037988286, 1.3119006777, 0.20639001254, 0, 1.3066037107, 9.1445760028, 4.4170650683, 3.6374639178, 9.0785053704, 10.1779375878, 1.0206478429, 4.8759094267, 2.3592421958, 3.5455222176, 1.1575545263, 0.12386881583, 0, 0.070525850111, 0, 0.10663751739, 1.5657605014, 1.3409339136, 0.49898513791, 0.86707252773, 0, 0.11193360393, 7.7218429952, 0.59048448911, 1.0902634335, 3.0752563844, 2.6680621693, 5.8414404112, 2.2387664395, 3.1984760121, 4.0325011526, 4.3796946604, 2.4761629003, 5.0568115153, 0.13593261048, 0.82072321839, 6.2571576158, 25.2309713937, 0.1531624707, 3.3865864555, 15.6711184034, 1.0470070575],
      [14.5223120212, 4.1099735095, 10.6056471343, 12.6705475959, 0, 16.004441768, 0.67619834274, 1.4294748329, 7.4938203001, 3.8548258455, 0, 3.9837840625, 13.1803667704, 7.3076361577, 2.5548460729, 12.0060897247, 7.8704547317, 1.7634801954, 17.1017850004, 3.7519485711, 8.7725829391, 1.6533825555, 0.13467702853, 0, 0.33468873998, 0, 0.1011225024, 2.5196388906, 2.9145802718, 0.90398444446, 2.5696074984, 0, 0.37838538549, 19.8111789311, 0.82458723578, 3.5745033427, 5.062416399, 7.0783376976, 15.8852376546, 6.8783364083, 6.2236055007, 8.2220021962, 11.2535003758, 6.3209541892, 10.2058882589, 0.42618789327, 2.9187744319, 10.1672023406, 51.4911983672, 0.5576683724, 6.9886106574, 26.559025559, 1.8730602153],
      [11.239940178, 5.0197886732, 7.689565653, 11.9417975601, 0, 6.6236745524, 0.68891516504, 5.1809702443, 2.8760226113, 0.10928174799, 0, 3.0561680134, 6.886936934, 5.2553654284, 1.8095656874, 3.8500041875, 7.6862285807, 0.67657602707, 6.2101985391, 2.8031368346, 3.6969526032, 0.976663448, 0.14236966968, 0, 0.05995827945, 0, 0.10115567592, 1.9526753227, 1.235994264, 0.60957078501, 0.88601557727, 0, 0.044127466074, 7.5098253975, 0.39186169797, 0.74031542314, 3.3809232483, 2.4098309699, 7.7783748246, 3.8866994924, 6.1199760645, 5.7092908096, 8.916732225, 2.3615410047, 9.5309925228, 0.12974950903, 0.79054757366, 4.8704263663, 32.9321915282, 0.14950562349, 5.5372218606, 21.6141213901, 1.1448936129]
    ],
    [
      [2.2792261674, 0.97691553335, 1.3013497235, 1.6332488828, 0, 0.82111176196, 0.20316383762, 0.056863894267, 0.42702980685, 0, 0.0083198877504, 0.4790855867, 1.685680842, 0.6639504377, 0.4928823901, 0.7656916643, 1.070118897, 0.49174715174, 1.4323656002, 0.1687843414, 0.52486717331, 0.48122097274, 0.35792836977, 0, 0.15511016912, 0, 0.12801041037, 0.25796152629, 0.536035608, 0.13341269787, 0.13380404097, 0, 0.06661046176, 1.0295306341, 0.12210364834, 0.35298580932, 0.31952562718, 0.14837311797, 2.1817808025, 0.28928330545, 0.76233711252, 1.0349113215, 0.49747061193, 0.83526440956, 1.3338668694, 0, 0.32697063996, 1.0409927288, 5.076966085, 0.36373626238, 2.3264118882, 8.8844000083, 2.0029488921],
      [24.3796369889, 8.9965897549, 12.6442794896, 20.6771490968, 0, 14.369128989, 1.7586429616, 1.5252158496, 3.9378926014, 0, 0.1097813516, 2.2303820023, 28.6570446804, 10.8151697169, 9.5795532906, 19.6015981883, 24.7097968106, 7.396813458, 17.377008841, 2.9340933924, 7.6662154237, 6.49052361, 2.852596537, 0, 1.0035456165, 0, 0.85719118887, 5.0657437196, 5.947449528, 1.3455392817, 1.6638311491, 0, 0.24295328154, 18.3324458248, 1.2571404274, 5.5249275818, 8.1517540203, 3.0381220108, 11.0738253788, 2.1993775369, 3.4262841327, 6.4589617703, 3.0570340523, 4.0990574149, 7.7498759538, 0, 4.0273574908, 18.8947316432, 60.057565554, 1.9061173823, 14.5176160146, 64.6256692414, 13.0512005571],
      [38.9309591542, 11.5393320172, 26.0250741227, 22.7460170141, 0, 18.9752304422, 1.7262317919, 1.4610410647, 15.2973890432, 0, 0.45027457226, 4.6479845938, 27.8416081086, 12.0704125554, 4.5392254033, 17.4717116877, 12.8708241443, 8.6523909022, 41.0983741917, 3.1503276003, 12.8034200779, 6.2760111781, 2.1187254395, 0, 3.3980270073, 0, 0.57299867614, 5.5087654897, 8.7619372981, 1.6818631303, 3.3502087732, 0, 0.64007535461, 31.706845768, 1.1988687984, 12.2447190581, 9.0477121556, 5.4423919573, 20.3410251137, 4.5897433458, 4.5104598243, 8.9090579799, 5.317056112, 7.0985848405, 10.5734436231, 0, 9.7002432209, 20.6955397694, 82.5791108367, 4.7812616239, 20.2307023711, 73.8031685948, 15.7732032969],
      [22.4101776894, 10.4871626946, 14.0292966642, 15.9435850063, 0, 5.8345288068, 1.3119614089, 3.9568791915, 4.3376885485, 0, 0.43162418839, 2.6425478172, 10.815666369, 6.4504672899, 2.388338916, 4.1609984597, 9.3492601482, 2.4590484881, 11.0922513671, 1.7467946659, 4.0054973251, 2.7522442392, 1.6707496537, 0, 0.4433172071, 0, 0.44179972462, 3.1675292644, 2.7545775659, 0.83918489008, 0.85215603674, 0, 0.05036090209, 8.9311777731, 0.42188712594, 1.8773675507, 4.481008197, 1.3711129139, 7.4033687051, 1.9215958118, 3.3009189305, 4.5970689283, 3.1284392238, 1.9670933351, 7.3428135537, 0, 1.9454286483, 7.3687358586, 39.2863575243, 0.94888473133, 11.9252697261, 44.6867621555, 7.1726472538]
    ]
  ],
  "prob": [
    [0.26668452216, 0.65477915142, 0.062446691771, 0.016089634645],
    [0.024208119492, 0.90447759255, 0.024050324659, 0.047263963304],
    [0.0053622438839, 0.058083704702, 0.92317981388, 0.013374237531],
    [0.45056648301, 0.13016542404, 0.25847580408, 0.16079228886],
    [0.030934446813, 0.32778899883, 0.43838193266, 0.2028946217]
  ],
  "iterations": 142,
  "time": 4.610624,
  "message": "Converged",
  "status": 0,
  "miniter": 0,
  "maxiter": 1000,
  "maxtime": 3600,
  "param_threshold": 0.001,
  "ll_threshold": "-Inf",
  "initial_prob": "random",
  "adjust_prob_cond_method": "",
  "adjust_prob_cond_every": false,
  "candidates_id": ["ROCHE, Denise Maree.c", "ARDERN, Jacinda Kate Laurell.c", "KAYE, Nicola Laura.c", "Other candidates votes.c"],
  "group_id": ["Green Party.p", "Labour Party.p", "National Party.p", "New Zealand First Party.p", "Other parties votes.p"]
}
