{
  "X": [
    [8, 6, 21, 27, 1],
    [30, 20, 60, 206, 18],
    [20, 14, 48, 171, 7],
    [8, 12, 18, 93, 2],
    [37, 62, 74, 332, 25],
    [3, 17, 3, 84, 10],
    [115, 219, 166, 637, 54],
    [25, 49, 30, 152, 13],
    [26, 42, 25, 122, 9],
    [2, 2, 0, 6, 0],
    [158, 409, 390, 1614, 165],
    [17, 31, 35, 149, 12],
    [21, 34, 32, 179, 17],
    [3, 6, 7, 33, 3],
    [1, 13, 7, 26, 4],
    [41, 20, 100, 241, 14],
    [54, 99, 117, 408, 34],
    [9, 8, 6, 27, 2],
    [153, 531, 338, 2137, 266],
    [6, 4, 8, 55, 6],
    [36, 36, 77, 285, 30],
    [6, 22, 15, 83, 10],
    [21, 35, 48, 224, 19],
    [174, 807, 350, 2213, 281],
    [32, 86, 48, 296, 37],
    [18, 23, 27, 124, 14],
    [12, 17, 20, 137, 7],
    [10, 9, 31, 104, 2],
    [29, 29, 132, 157, 10],
    [2, 6, 0, 26, 2],
    [0, 1, 3, 13, 1],
    [3, 3, 2, 15, 0],
    [42, 47, 79, 239, 31],
    [33, 32, 80, 200, 9],
    [294, 301, 775, 2568, 250],
    [5, 6, 19, 42, 4],
    [3, 2, 9, 55, 2],
    [16, 22, 27, 117, 12],
    [1, 2, 4, 15, 2],
    [0, 3, 0, 5, 2],
    [7, 11, 10, 41, 6],
    [1, 1, 0, 4, 0],
    [12, 28, 24, 144, 24],
    [25, 40, 22, 103, 12],
    [7, 92, 34, 149, 14],
    [16, 28, 22, 131, 15],
    [0, 5, 3, 32, 1],
    [6, 24, 13, 102, 19],
    [1, 0, 2, 11, 0],
    [1, 0, 1, 3, 5],
    [74, 103, 106, 375, 30],
    [13, 21, 32, 108, 15],
    [116, 89, 215, 486, 43],
    [78, 107, 152, 450, 30],
    [3, 3, 15, 17, 1],
    [84, 82, 98, 327, 28],
    [37, 42, 61, 128, 15],
    [12, 39, 19, 91, 2],
    [4, 2, 1, 6, 1],
    [31, 27, 61, 147, 14],
    [17, 14, 33, 91, 12],
    [4, 17, 13, 59, 9],
    [2, 6, 9, 26, 3],
    [7, 4, 14, 38, 7],
    [2, 8, 0, 32, 6],
    [22, 37, 30, 97, 14],
    [42, 102, 54, 254, 25],
    [32, 45, 32, 156, 22],
    [23, 16, 44, 106, 12],
    [37, 92, 73, 238, 37],
    [21, 41, 49, 160, 16],
    [35, 92, 77, 287, 41],
    [4, 1, 0, 8, 1],
    [10, 28, 14, 94, 9],
    [4, 17, 4, 36, 8],
    [10, 25, 10, 45, 5],
    [23, 45, 44, 132, 20],
    [8, 17, 6, 44, 13],
    [17, 12, 22, 88, 7],
    [6, 20, 7, 72, 9],
    [7, 0, 1, 7, 4],
    [41, 67, 47, 268, 37],
    [9, 37, 13, 83, 14],
    [31, 98, 28, 240, 47],
    [33, 94, 32, 245, 44],
    [21, 46, 29, 131, 23],
    [6, 38, 15, 81, 11],
    [3, 30, 15, 54, 7],
    [18, 17, 17, 84, 8],
    [21, 1, 19, 80, 8],
    [1, 5, 4, 11, 0],
    [8, 3, 8, 13, 3],
    [2, 1, 5, 10, 0],
    [5, 4, 5, 9, 6],
    [0, 3, 4, 9, 0],
    [22, 16, 43, 95, 6],
    [37, 25, 71, 177, 20],
    [29, 31, 50, 194, 33],
    [9, 14, 17, 53, 4],
    [10, 15, 21, 73, 11],
    [28, 25, 36, 165, 18],
    [2, 1, 1, 2, 0],
    [2, 0, 1, 4, 3],
    [18, 49, 34, 148, 27],
    [31, 73, 18, 71, 13],
    [11, 144, 31, 158, 23],
    [13, 113, 25, 135, 19],
    [19, 51, 13, 137, 19],
    [1, 2, 4, 38, 3],
    [3, 20, 16, 75, 18],
    [5, 1, 5, 6, 2],
    [1, 5, 6, 5, 1],
    [9, 2, 18, 36, 5],
    [4, 2, 7, 19, 1],
    [2, 3, 3, 13, 0],
    [4, 9, 0, 20, 2],
    [2, 4, 0, 12, 2],
    [19, 43, 30, 133, 9],
    [155, 154, 481, 1171, 66],
    [268, 491, 618, 2166, 299],
    [147, 236, 269, 946, 164],
    [2, 4, 2, 14, 1]
  ],
  "W": [
    [3, 31, 17, 5, 7],
    [7, 114, 176, 18, 19],
    [3, 98, 132, 17, 10],
    [3, 47, 67, 10, 6],
    [14, 153, 280, 57, 26],
    [11, 7, 63, 22, 14],
    [60, 320, 565, 168, 78],
    [15, 69, 122, 45, 18],
    [12, 56, 108, 35, 13],
    [1, 3, 4, 1, 1],
    [86, 599, 1515, 379, 157],
    [11, 66, 129, 25, 13],
    [5, 53, 165, 32, 28],
    [3, 10, 31, 5, 3],
    [2, 6, 29, 11, 3],
    [12, 222, 137, 22, 23],
    [20, 143, 398, 107, 44],
    [2, 15, 24, 8, 3],
    [118, 546, 2040, 483, 238],
    [2, 19, 47, 6, 5],
    [14, 142, 244, 30, 34],
    [3, 23, 76, 25, 9],
    [17, 79, 212, 25, 14],
    [175, 499, 2191, 740, 220],
    [16, 75, 292, 82, 34],
    [5, 48, 118, 21, 14],
    [3, 57, 109, 15, 9],
    [2, 62, 81, 8, 3],
    [11, 186, 115, 24, 21],
    [1, 9, 17, 7, 2],
    [1, 9, 8, 0, 0],
    [0, 9, 12, 2, 0],
    [11, 135, 221, 39, 32],
    [6, 117, 173, 35, 23],
    [91, 1334, 2208, 286, 269],
    [0, 33, 33, 8, 2],
    [2, 17, 46, 3, 3],
    [7, 52, 103, 16, 16],
    [1, 5, 13, 3, 2],
    [1, 1, 5, 3, 0],
    [1, 13, 40, 13, 8],
    [0, 3, 2, 1, 0],
    [9, 35, 141, 31, 16],
    [13, 62, 85, 36, 6],
    [29, 44, 143, 75, 5],
    [9, 46, 118, 27, 12],
    [1, 4, 30, 2, 4],
    [4, 20, 99, 22, 19],
    [0, 3, 9, 1, 1],
    [0, 2, 2, 0, 6],
    [32, 185, 332, 95, 44],
    [13, 66, 78, 23, 9],
    [22, 369, 411, 81, 66],
    [35, 264, 373, 94, 51],
    [1, 21, 13, 2, 2],
    [29, 208, 265, 71, 46],
    [21, 89, 123, 36, 14],
    [5, 23, 93, 38, 4],
    [0, 3, 6, 3, 2],
    [13, 108, 114, 21, 24],
    [7, 52, 77, 17, 14],
    [6, 24, 48, 17, 7],
    [2, 16, 21, 4, 3],
    [2, 16, 36, 6, 10],
    [2, 7, 20, 11, 8],
    [7, 47, 98, 30, 18],
    [39, 89, 236, 85, 28],
    [14, 58, 149, 48, 18],
    [5, 54, 109, 15, 18],
    [26, 74, 248, 80, 49],
    [16, 66, 154, 35, 16],
    [22, 109, 280, 78, 43],
    [1, 6, 4, 0, 3],
    [10, 22, 85, 26, 12],
    [2, 13, 31, 14, 9],
    [5, 28, 33, 24, 5],
    [9, 51, 130, 42, 32],
    [8, 14, 38, 14, 14],
    [4, 53, 71, 10, 8],
    [6, 17, 64, 14, 13],
    [0, 2, 5, 10, 2],
    [34, 84, 242, 59, 41],
    [9, 20, 78, 30, 19],
    [24, 35, 232, 109, 44],
    [36, 55, 237, 89, 31],
    [17, 30, 136, 50, 17],
    [7, 22, 84, 30, 8],
    [8, 18, 53, 23, 7],
    [5, 33, 73, 17, 16],
    [3, 53, 55, 8, 10],
    [2, 8, 6, 4, 1],
    [1, 10, 15, 4, 5],
    [0, 7, 10, 1, 0],
    [3, 10, 5, 3, 8],
    [1, 4, 8, 1, 2],
    [6, 60, 82, 16, 18],
    [8, 130, 142, 31, 19],
    [12, 78, 176, 34, 37],
    [4, 29, 47, 10, 7],
    [1, 42, 52, 22, 13],
    [7, 62, 138, 29, 36],
    [0, 0, 4, 1, 1],
    [1, 1, 6, 2, 0],
    [11, 33, 147, 64, 21],
    [14, 40, 75, 63, 14],
    [48, 32, 162, 108, 17],
    [27, 31, 133, 97, 17],
    [13, 26, 124, 55, 21],
    [0, 5, 38, 2, 3],
    [4, 17, 82, 15, 14],
    [1, 8, 6, 1, 3],
    [2, 7, 6, 1, 2],
    [1, 20, 34, 8, 7],
    [1, 9, 15, 3, 5],
    [0, 8, 7, 5, 1],
    [1, 8, 14, 9, 3],
    [1, 4, 8, 5, 2],
    [14, 57, 117, 34, 12],
    [31, 600, 1128, 149, 119],
    [114, 841, 2087, 483, 317],
    [93, 317, 928, 222, 202],
    [0, 2, 13, 6, 2]
  ],
  "method": "mvn_pdf",
  "cond_prob": [
    [
      [0.099687702143, 0.67978686872, 0.011711127808, 0.17423960853, 0.034574692797],
      [0.14270909267, 0.00010451348378, 0.56405902222, 0.29311982995, 7.5416735471e-06],
      [0.020893267461, 0.017714068366, 0.11192466335, 0.84556994578, 0.0038980550414],
      [0.093964017534, 0.72701105685, 0.012693071868, 0.13955019656, 0.026781657187],
      [0.35027848376, 0.0030292899121, 0.21612175593, 0.3311609121, 0.099409558298]
    ],
    [
      [0.091456216407, 0.59430263135, 0.0020215486794, 0.18327595166, 0.12894365191],
      [0.18198326153, 0, 0.41128509296, 0.40630424675, 0.00042739875811],
      [0.014011743379, 0.019991353845, 0.063873401693, 0.85788620787, 0.044237293212],
      [0.089706744863, 0.68115160819, 0.00046464466096, 0.11121213897, 0.11746486332],
      [0.23857507518, 0.0031933871807, 0.097329803166, 0.2846627959, 0.37623893858]
    ],
    [
      [0.096933723972, 0.57921554089, 0.0010730361177, 0.2267196025, 0.096058096524],
      [0.14524402559, 0, 0.39959459406, 0.45515716318, 4.2171597904e-06],
      [0.011814536771, 0.011934382684, 0.057747256244, 0.89780636206, 0.020697462244],
      [0.090059528636, 0.62704037683, 0.0033603724643, 0.19908939165, 0.080450330423],
      [0.23847534793, 0.0027328456983, 0.11567465172, 0.38194797512, 0.26116917953]
    ],
    [
      [0.042525584367, 0.71130889788, 0.0021837221171, 0.2059197958, 0.038061999827],
      [0.11975904334, 0.00087042169494, 0.31948403784, 0.55988415556, 2.3415715431e-06],
      [0.010165843583, 0.025633780898, 0.036155253027, 0.92135604822, 0.006689074274],
      [0.040722561646, 0.80661601052, 0.0006454754316, 0.12074417922, 0.031271773182],
      [0.19256851227, 0.0069233435593, 0.091473724717, 0.52156471304, 0.18746970641]
    ],
    [
      [0.058870759722, 0.71133944124, 0.00091442623135, 0.14067634098, 0.088199031827],
      [0.15944956975, 5.2213316604e-05, 0.37443125454, 0.46588996444, 0.00017699795342],
      [0.010992798555, 0.03033392381, 0.050914862631, 0.87141057891, 0.036347836097],
      [0.054598111704, 0.76142996474, 0.0012547979309, 0.10817798703, 0.07453913859],
      [0.2149980473, 0.005317404926, 0.091212733426, 0.33031766586, 0.35815414849]
    ],
    [
      [0.049286548136, 0.48897514985, 0.00035708895536, 0.30846970927, 0.1529115038],
      [0.057372597587, 0.00086601426322, 0.21640705662, 0.72471729051, 0.00063704102552],
      [0.0010099370419, 0.015410932229, 0.0098794692208, 0.95049836689, 0.023201294619],
      [0.03707667691, 0.48217662295, 0.0049181057674, 0.35240729091, 0.12342130346],
      [0.08406620441, 0.0026026297463, 0.05361555267, 0.56424676076, 0.29546885242]
    ],
    [
      [0.059615379993, 0.7937483135, 0.0009472009101, 0.090330270309, 0.055358835292],
      [0.21872628367, 0.00024349871203, 0.38680476524, 0.39420554172, 1.9910653392e-05],
      [0.016031588339, 0.053691162101, 0.061162983651, 0.83553717932, 0.033577086592],
      [0.054036616096, 0.83485271927, 0.00097861751367, 0.064367124431, 0.045764922691],
      [0.29864958346, 0.0090566433131, 0.09543781492, 0.28900291296, 0.30785304535]
    ],
    [
      [0.073062170639, 0.71047503472, 0.00093408075991, 0.1429213697, 0.072607344185],
      [0.20461771972, 0, 0.33386622538, 0.46150874097, 7.3139320752e-06],
      [0.01479313924, 0.031169204181, 0.044705153909, 0.87867380958, 0.030658693094],
      [0.068165973246, 0.76498008695, 0.00096355558245, 0.10485841217, 0.061031972052],
      [0.27295627757, 0.0064515364698, 0.080657247734, 0.33862461177, 0.30131032645]
    ],
    [
      [0.084865461723, 0.75088544273, 0.0011991657063, 0.10824746135, 0.054802468494],
      [0.27856847236, 0.00041953293011, 0.32704456914, 0.39394661737, 2.0808203235e-05],
      [0.01726820581, 0.044687840101, 0.052125186013, 0.85544595062, 0.030472817459],
      [0.077124745511, 0.80125919047, 0.00098090586236, 0.074781651797, 0.045853506362],
      [0.37057289899, 0.0073478804565, 0.077481718871, 0.2795768778, 0.26502062388]
    ],
    [
      [0.022058554535, 0.89890915919, 0, 0.079032286279, 0],
      [0.46161770777, 0.013486117313, 0, 0.52489617492, 0],
      [0.0070713598503, 0.01961902717, 0, 0.97330961298, 0],
      [0.016664113765, 0.96073391837, 0, 0.022601967864, 0],
      [0.54813876898, 0.021422461823, 0, 0.43043876919, 0]
    ],
    [
      [0.055069880758, 0.73088185951, 0.00083666164985, 0.11752148663, 0.095690111448],
      [0.14589125688, 9.1272571893e-05, 0.44589926284, 0.40800271823, 0.00011548948051],
      [0.01010789431, 0.034926911792, 0.069105083317, 0.84248567562, 0.043374434959],
      [0.050404012996, 0.77117840807, 0.0018696750919, 0.096457273828, 0.080090630013],
      [0.20037290814, 0.0057235655278, 0.11102917561, 0.29666508653, 0.3862092642]
    ],
    [
      [0.059601353871, 0.71209595336, 0.0015242427644, 0.14205050005, 0.084727949949],
      [0.16007289149, 0, 0.3983456625, 0.44123078181, 0.00035066420235],
      [0.011836464513, 0.030222745843, 0.057160469024, 0.8643583194, 0.036422001223],
      [0.055725026442, 0.76786139442, 0.0014344430385, 0.10252236082, 0.072456775279],
      [0.21996497585, 0.0055134952925, 0.098681386515, 0.32699466745, 0.34884547488]
    ],
    [
      [0.069198532952, 0.77626181581, 0.0005502333991, 0.074043674375, 0.079945743461],
      [0.17802334682, 0.00011178841852, 0.38078042139, 0.44104320521, 4.1238155816e-05],
      [0.013299785727, 0.032232310882, 0.054902112333, 0.86672092998, 0.032844861075],
      [0.059967737932, 0.77014951679, 0.0015169049609, 0.10523868565, 0.063127154667],
      [0.25376206053, 0.0053446536445, 0.096732035907, 0.31706787014, 0.32709337978]
    ],
    [
      [0.068624875252, 0.65642631415, 0.0022173209057, 0.1689130408, 0.10381844889],
      [0.14244348506, 0, 0.45353186614, 0.40273228233, 0.001292366473],
      [0.014171063923, 0.015790398233, 0.068084720335, 0.86341855034, 0.038535267174],
      [0.064817994741, 0.70579713476, 0.0029921254579, 0.13652513176, 0.089867613278],
      [0.20209918945, 0.0040776795095, 0.1108141394, 0.33911244503, 0.34389654661]
    ],
    [
      [0.017503780397, 0.80310465491, 0.0029039629428, 0.10644563855, 0.070041963202],
      [0.073832702649, 0.0002857948529, 0.62138514283, 0.30343165353, 0.0010647061325],
      [0.0024502334114, 0.057036108932, 0.09782487502, 0.78263443925, 0.060054343389],
      [0.01329093471, 0.88071993346, 0.0011927055727, 0.043246306994, 0.061550119261],
      [0.10157972419, 0.016703164648, 0.13861336008, 0.26480356219, 0.47830018889]
    ],
    [
      [0.095715413051, 0.50234232061, 0.0051073951325, 0.27788229417, 0.11895257704],
      [0.14165735847, 0, 0.40148512076, 0.45685752077, 0],
      [0.011446969782, 0.010018946951, 0.05951360281, 0.89278821092, 0.026232269537],
      [0.094310416204, 0.57017342667, 0.0056711021903, 0.22349124092, 0.10635381401],
      [0.20697467157, 0.0024122188555, 0.11003854856, 0.39192394185, 0.28865061917]
    ],
    [
      [0.098816138129, 0.65607948416, 0.0017055991193, 0.15465458951, 0.088744189079],
      [0.16745262399, 7.0838887903e-05, 0.50769981278, 0.32477672433, 0],
      [0.01528957579, 0.024439684343, 0.094064047172, 0.83575561392, 0.030451078778],
      [0.092351697091, 0.70979959738, 0.0024400017382, 0.1200135605, 0.075395143298],
      [0.27525157394, 0.0043802060991, 0.15150554157, 0.29526480267, 0.27359787573]
    ],
    [
      [0.15155596924, 0.62892587788, 0.004558788468, 0.16021465628, 0.05474470814],
      [0.38285154812, 0.0092683648627, 0.28864833313, 0.31677288724, 0.0024588666482],
      [0.014911704272, 0.029766956492, 0.060301736353, 0.86051820625, 0.034501396629],
      [0.13505729203, 0.7340747363, 0.0033031471777, 0.076991931343, 0.050572893148],
      [0.50525853366, 0.0053726416894, 0.062496858745, 0.219868326, 0.20700363991]
    ],
    [
      [0.044207037047, 0.72281545332, 0.00082307538194, 0.12287022829, 0.10928420596],
      [0.13741290682, 0.00017360253018, 0.38982356357, 0.47252743346, 6.2493617428e-05],
      [0.0071746081055, 0.035674778983, 0.051297791404, 0.85557254653, 0.050280274979],
      [0.04055340744, 0.76893473195, 0.0011516099436, 0.09722360446, 0.092136646204],
      [0.16190179066, 0.0060544742373, 0.083426425744, 0.30325352319, 0.44536378617]
    ],
    [
      [0.10104617393, 0.38111482452, 0.0031968579635, 0.31952196112, 0.19512018247],
      [0.18164406547, 2.5412980037e-06, 0.31308602997, 0.50462739867, 0.00063996459056],
      [0.01480660897, 0.0062086742813, 0.036802759038, 0.89329882533, 0.048883132386],
      [0.10841951766, 0.48995360331, 0.0017522650761, 0.21119553881, 0.18867907514],
      [0.20004853615, 0.0012385510426, 0.060945689871, 0.30416349596, 0.43360372698]
    ],
    [
      [0.072670174316, 0.63134680517, 0.0022024201758, 0.16775792951, 0.12602267083],
      [0.16181058502, 0, 0.41326959756, 0.42467302058, 0.00024679684253],
      [0.011911204076, 0.023448242283, 0.061551355027, 0.85679541156, 0.046293787059],
      [0.0703466994, 0.71025108801, 0.00055756381265, 0.10616880549, 0.11267584329],
      [0.20555234444, 0.0038894403043, 0.095577227159, 0.29719633764, 0.39778465046]
    ],
    [
      [0.052473663442, 0.68709104589, 0.00076441560617, 0.13581744225, 0.12385343281],
      [0.11868695435, 0, 0.41995956953, 0.4607486975, 0.0006047786313],
      [0.0072008297723, 0.022657089806, 0.058136195654, 0.86789928433, 0.044106600434],
      [0.047187336406, 0.72678008153, 0.0021157867813, 0.12093405497, 0.10298274031],
      [0.15398139854, 0.0052539998659, 0.096376790533, 0.33462562747, 0.40976218359]
    ],
    [
      [0.071124689013, 0.68058412926, 0.00074696323548, 0.13349460658, 0.11404961192],
      [0.15858491846, 0.00010569079035, 0.41843713953, 0.42251666764, 0.00035558358308],
      [0.01198351716, 0.025383818001, 0.063375283499, 0.85629083621, 0.042966545127],
      [0.06552983797, 0.71957271772, 0.0019360222845, 0.11651572052, 0.096445701506],
      [0.22028001011, 0.0036452050654, 0.10334335308, 0.27894461818, 0.39378681356]
    ],
    [
      [0.04547713582, 0.73969092569, 0.00092700253253, 0.11731064141, 0.096594294551],
      [0.1522438636, 0.00013774533355, 0.41148122574, 0.43608901691, 4.8148418463e-05],
      [0.008811213788, 0.041216849275, 0.056599240766, 0.84367807561, 0.049694620563],
      [0.041619852507, 0.79144971288, 0.0011405606775, 0.084084159634, 0.081705714301],
      [0.18167160469, 0.0068474945015, 0.089344052247, 0.29155125694, 0.43058559162]
    ],
    [
      [0.062485605845, 0.72930843427, 0.00062978794108, 0.10766821304, 0.099907958904],
      [0.1940333802, 0, 0.38627525197, 0.41956698298, 0.00012438485187],
      [0.013812722113, 0.037553585378, 0.055255916151, 0.84321180258, 0.050165973777],
      [0.056959333743, 0.77018742648, 0.0011474726176, 0.087921042471, 0.083784724688],
      [0.22775725198, 0.0061779161711, 0.082072330139, 0.27595332446, 0.40803917724]
    ],
    [
      [0.07972957257, 0.69239791945, 0.0011790546389, 0.12001158137, 0.10668187197],
      [0.21771676718, 4.9050893181e-05, 0.38776878662, 0.39394772699, 0.00051766832128],
      [0.016446857801, 0.032390745023, 0.060837623965, 0.83900829928, 0.051316473933],
      [0.07379683405, 0.74500917102, 0.0014133008789, 0.088897833809, 0.090882860246],
      [0.26146318408, 0.0048825325561, 0.083763144474, 0.25861552664, 0.39127561225]
    ],
    [
      [0.050153495459, 0.74647363581, 0.00027224145522, 0.1284684879, 0.074632139374],
      [0.14649184181, 0.00034778130386, 0.28586044439, 0.56723756723, 6.2365266448e-05],
      [0.010119396702, 0.027365276461, 0.028268008823, 0.90700718775, 0.027240130262],
      [0.044669050123, 0.78031752448, 0.00058320912162, 0.11304412466, 0.061386091617],
      [0.19182828201, 0.0059086174234, 0.068352982997, 0.41362309658, 0.32028702099]
    ],
    [
      [0.064073475019, 0.67633807567, 0.0024726415826, 0.20590003609, 0.051215771642],
      [0.12525055335, 0.00012401256913, 0.41492192188, 0.45969521925, 8.2929568192e-06],
      [0.010322751351, 0.01940259137, 0.059754907031, 0.89955015005, 0.010969600201],
      [0.060613463545, 0.75685422046, 0.0011111120341, 0.13879178375, 0.042629420208],
      [0.26175605811, 0.0043971348879, 0.14028639826, 0.37106663692, 0.22249377183]
    ],
    [
      [0.070984715946, 0.69798639852, 0.0074773655386, 0.15374249254, 0.069809027459],
      [0.1105789421, 0.00014556362785, 0.60473354389, 0.28453315179, 8.79858882e-06],
      [0.012389707773, 0.025924501125, 0.12720665605, 0.81047574866, 0.024003386399],
      [0.066650318819, 0.75876129124, 0.0024451436291, 0.11257703812, 0.059566208195],
      [0.22033623089, 0.0049279124974, 0.22618385348, 0.30852887323, 0.2400231299]
    ],
    [
      [0.031601373255, 0.57335161808, 0, 0.31239077648, 0.082656232188],
      [0.16648765532, 0.0050206465042, 0, 0.82444973387, 0.0040419642974],
      [0.0024908911197, 0.010286551332, 0, 0.95322496653, 0.033997591016],
      [0.024715965102, 0.7417636048, 0, 0.15211952612, 0.081400903977],
      [0.12732641204, 0.0071229785616, 0, 0.49895025239, 0.36660035701]
    ],
    [
      [0, 0.85557034437, 0.0022243760146, 0.020586969115, 0.1216183105],
      [0, 0.010148480552, 0.30668300778, 0.65809937276, 0.025069138907],
      [0, 0.0066366663334, 0.029703569249, 0.8820648345, 0.081594929916],
      ["NaN", "NaN", "NaN", "NaN", "NaN"],
      ["NaN", "NaN", "NaN", "NaN", "NaN"]
    ],
    [
      ["NaN", "NaN", "NaN", "NaN", "NaN"],
      [0.30610813857, 0.013258873051, 0.20197476514, 0.47865822324, 0],
      [0.01982024924, 0.074809937736, 0.015185592808, 0.89018422022, 0],
      [0.0035918809987, 0.99147544486, 0, 0.0049326741457, 0],
      ["NaN", "NaN", "NaN", "NaN", "NaN"]
    ],
    [
      [0.070290339746, 0.72479597184, 0.00061833813432, 0.095719585592, 0.10857576469],
      [0.20220770179, 9.5752459293e-06, 0.44002306086, 0.35771602666, 4.3635439076e-05],
      [0.016380475748, 0.039092123196, 0.07461228198, 0.81210455393, 0.057810565144],
      [0.064747114872, 0.77463549848, 0.00052864334102, 0.067513105783, 0.092575637525],
      [0.24323574689, 0.0054939995203, 0.096254801746, 0.23585323172, 0.41916222012]
    ],
    [
      [0.11216563116, 0.65677043458, 0.0013835538236, 0.16544873261, 0.064231647839],
      [0.16062858586, 0.00026068033556, 0.50760323806, 0.33149794234, 9.5533971466e-06],
      [0.017142605669, 0.020658503047, 0.095539996232, 0.85247669199, 0.014182203057],
      [0.10309162217, 0.69612540003, 0.0038661657316, 0.14489446041, 0.052022351652],
      [0.3025906135, 0.0039377289163, 0.1712341163, 0.33357715308, 0.18866038821]
    ],
    [
      [0.073908021136, 0.6229016206, 0.001202058787, 0.16774909909, 0.13423920039],
      [0.14405357618, 0, 0.44426728141, 0.41166241327, 1.6729137144e-05],
      [0.010224514123, 0.021483817555, 0.069043247213, 0.85464163303, 0.044606788076],
      [0.07039282083, 0.68501045158, 0.0015270383538, 0.12574848979, 0.11732119944],
      [0.1947911729, 0.0035936587836, 0.10912206852, 0.2994958322, 0.3929972676]
    ],
    [
      ["NaN", "NaN", "NaN", "NaN", "NaN"],
      [0.11867072304, 0.0043144247919, 0.49128862529, 0.3827189242, 0.0030073026856],
      [0.0097287468848, 0.016448260748, 0.076582835839, 0.84376903433, 0.053471122193],
      [0.053609977627, 0.66408379746, 0.0070872708876, 0.14178335605, 0.13343559797],
      [0.1669688358, 0.0010804987565, 0.10177180783, 0.19581526, 0.53436359761]
    ],
    [
      [0.08676558048, 0.36613170515, 0.0044897201083, 0.43200849219, 0.11060450207],
      [0.099521545583, 2.3319445906e-06, 0.37494867204, 0.52550987978, 1.7570646935e-05],
      [0.0035146484945, 0.002524703802, 0.04949630175, 0.92812600117, 0.016338344786],
      [0.15531904613, 0.38299359822, 0.0047168281607, 0.35175682555, 0.10521370194],
      [0.16899053166, 0.00085992569827, 0.10863759003, 0.48441617632, 0.23709577629]
    ],
    [
      [0.056838361205, 0.73223155999, 0.0017503330839, 0.12919872151, 0.079981024208],
      [0.18422226994, 2.3680734501e-05, 0.383258368, 0.43193805951, 0.00055762180865],
      [0.013800428199, 0.037045458097, 0.054884281622, 0.85199370129, 0.042276130787],
      [0.053795071746, 0.80970421853, 0.00015373844142, 0.065682651868, 0.070664319412],
      [0.23377551138, 0.0063873750833, 0.087673231892, 0.30178476196, 0.37037911968]
    ],
    [
      [0.058484178968, 0.34666276119, 0.016518505183, 0.41422700169, 0.16410755296],
      [0.075943183877, 0, 0.53634707477, 0.38511237248, 0.002597368875],
      [0.0059875510692, 0.0031144255099, 0.079193430901, 0.87158808784, 0.040116504684],
      [0.081689166706, 0.53659660563, 0.0040495190685, 0.20146172256, 0.17620298604],
      [0.11944711882, 0.001529945139, 0.13004148103, 0.36259041319, 0.38639104183]
    ],
    [
      [0, 0.5102701644, 0, 0.092821788476, 0.39690804713],
      [0, 0.097027295614, 0, 0.88438525409, 0.0185874503],
      [0, 0.056147653916, 0, 0.78504750204, 0.15880484405],
      [0, 0.70398809014, 0, 0.032518482418, 0.26349342745],
      ["NaN", "NaN", "NaN", "NaN", "NaN"]
    ],
    [
      [0.10784371341, 0.71562232392, 0.00085607098103, 0.058181027938, 0.11749686374],
      [0.20710677138, 0.0016645709563, 0.45580137281, 0.33445583172, 0.00097145313309],
      [0.018898029418, 0.023841170072, 0.079332214585, 0.8316144443, 0.04631414163],
      [0.088633929485, 0.71397188514, 0.0029667133957, 0.10434553881, 0.090081933166],
      [0.28645074983, 0.0034321179932, 0.10773377813, 0.24660292291, 0.35578043115]
    ],
    [
      ["NaN", "NaN", "NaN", "NaN", "NaN"],
      [0.31150117497, 0, 0, 0.68849882503, 0],
      [0.032277286914, 0.0040990302224, 0, 0.96362368286, 0],
      [0.00094190126238, 0.99180193956, 0, 0.0072561591825, 0],
      ["NaN", "NaN", "NaN", "NaN", "NaN"]
    ],
    [
      [0.065749333152, 0.56129072293, 0.0019618962533, 0.17903013438, 0.19196791329],
      [0.15135450311, 0.00033867501167, 0.41481337498, 0.43349344689, 0],
      [0.011254575825, 0.021868114963, 0.057969929398, 0.84635153404, 0.062555845775],
      [0.064540831793, 0.63878965143, 0.0019371014536, 0.12538025093, 0.1693521644],
      [0.15769921349, 0.0031654040047, 0.076879038699, 0.24963150444, 0.51262483937]
    ],
    [
      [0.082116173575, 0.70438981278, 0.00062905084088, 0.11330292001, 0.099562042797],
      [0.28717072602, 0, 0.29232080249, 0.41954903691, 0.00095943458151],
      [0.016441310258, 0.041129661523, 0.041089993333, 0.84449800455, 0.056841030341],
      [0.074815799208, 0.7592625779, 0.0008513550833, 0.080985463525, 0.084084804279],
      [0.33950409786, 0.0022430666499, 0.057439061412, 0.13620244632, 0.46461132776]
    ],
    [
      [0.027643475398, 0.79661693565, 0.00090953241847, 0.10179651437, 0.073033542165],
      [0.083540154034, 0.0022775607776, 0.50151108365, 0.41247246726, 0.00019873427957],
      [0.0025057539899, 0.043654638646, 0.076537348235, 0.84084966522, 0.036452593907],
      [0.018612262385, 0.83384551384, 0.0023969069296, 0.085863019591, 0.059282297258],
      [0.1536659873, 0.0033738655517, 0.15650541238, 0.2435767856, 0.44287794916]
    ],
    [
      [0.074100172088, 0.64196385531, 0.001348374795, 0.15906672099, 0.12352087682],
      [0.1959990964, 5.5640800486e-05, 0.34252373303, 0.46096562606, 0.00045590371103],
      [0.014341215244, 0.025672368758, 0.045366231859, 0.86439044606, 0.050229738074],
      [0.070847940903, 0.70903593449, 0.0010319764469, 0.11162457526, 0.10745957289],
      [0.2259985178, 0.0038713400471, 0.070891182008, 0.27933704539, 0.41990191476]
    ],
    [
      [0, 0.97273208245, 0.00021399712931, 0.019643324985, 0.0074105954322],
      [0, 0.02852513198, 0.35609427657, 0.61538059145, 0],
      [0, 0.056945113386, 0.036309238938, 0.90346137171, 0.003284275968],
      [0, 0.97942406734, 0.00025715901211, 0.01423646579, 0.0060823078536],
      [0, 0.061491463341, 0.12140435261, 0.59663005659, 0.22047412746]
    ],
    [
      [0.032783267819, 0.74731853996, 0.00035822276557, 0.096543465255, 0.1229965042],
      [0.12164028377, 0.00023633832172, 0.37228959916, 0.50583377876, 0],
      [0.0045359931684, 0.037845472953, 0.043162330978, 0.8532515606, 0.0612046423],
      [0.029038178547, 0.77986377148, 0.00079722142294, 0.087895877077, 0.10240495147],
      [0.12358726325, 0.0053839094081, 0.06642976251, 0.26797561941, 0.53662344543]
    ],
    [
      ["NaN", "NaN", "NaN", "NaN", "NaN"],
      [0.11585439583, 0, 0.43836449213, 0.44578111205, 0],
      [0.0047488139649, 0, 0.06063437097, 0.93461681506, 0],
      [0.34447521591, 0, 0.011972031482, 0.64355275261, 0],
      [0.26522227092, 0, 0.12722515341, 0.60755257567, 0]
    ],
    [
      ["NaN", "NaN", "NaN", "NaN", "NaN"],
      [0.16234351223, 0, 0.39003220699, 0.38737159914, 0.060252681641],
      [0.015887588456, 0, 0.037979389292, 0.81608578272, 0.13004723953],
      ["NaN", "NaN", "NaN", "NaN", "NaN"],
      [0.10725629977, 0, 0.023996134574, 0.098847539377, 0.76990002628]
    ],
    [
      [0.10180675337, 0.68840743221, 0.0016886889773, 0.13454522258, 0.073551902858],
      [0.22466493194, 0.00045075961735, 0.41377311647, 0.36108967715, 2.1514813111e-05],
      [0.016728627079, 0.031509301151, 0.073274789398, 0.84825928023, 0.030228002147],
      [0.094347073817, 0.73896086239, 0.0022416230632, 0.10239510623, 0.062055334503],
      [0.33323398363, 0.0051182211581, 0.11040343487, 0.28507605631, 0.26616830404]
    ],
    [
      [0.078832983262, 0.55283201637, 0.0011174669347, 0.14240632665, 0.22481120678],
      [0.12496986109, 0.0012007551626, 0.40497837845, 0.4688510053, 0],
      [0.010218974037, 0.014671237148, 0.056071831501, 0.87093867195, 0.048099285364],
      [0.069654635818, 0.54647021763, 0.0052299725408, 0.200670521, 0.17797465301],
      [0.14755819855, 0.0023069381652, 0.084778636313, 0.2951014454, 0.47025478157]
    ],
    [
      [0.10022469969, 0.69425489702, 0.00091249726457, 0.11850650238, 0.086101403645],
      [0.2123615839, 0.00027548806559, 0.46231940685, 0.32496107141, 8.2449779775e-05],
      [0.017773286114, 0.031978747434, 0.087872776353, 0.82459358919, 0.037781600909],
      [0.092584445721, 0.74269623754, 0.0011857680385, 0.090343425032, 0.073190123674],
      [0.31256774924, 0.0048951020278, 0.12382281276, 0.26146119718, 0.29725313879]
    ],
    [
      [0.083203499436, 0.70288107981, 0.0016935135316, 0.14437608047, 0.067845826751],
      [0.17965274328, 0.00031875058586, 0.4441467803, 0.37587522226, 6.5035729956e-06],
      [0.015563438274, 0.030052223377, 0.074945056347, 0.85488096144, 0.024558320563],
      [0.077334659441, 0.75344227488, 0.002299820531, 0.1102160444, 0.056707200752],
      [0.28597907508, 0.0055286057617, 0.12775074277, 0.32323277875, 0.25750879764]
    ],
    [
      [0.066759319613, 0.73082990077, 0.01486620781, 0.15482577832, 0.032718793491],
      [0.11087123735, 0.00041316100051, 0.61644822713, 0.26891199379, 0.0033553807244],
      [0.012760394306, 0.030397801988, 0.12109015718, 0.80994565833, 0.025805988193],
      [0.015749254376, 0.92651799791, 0, 0.023030063393, 0.034702684318],
      [0.20378053061, 0.0061431482773, 0.23277448954, 0.31133433349, 0.24596749808]
    ],
    [
      [0.10604753608, 0.69155687165, 0.001274252825, 0.12708779859, 0.074033540864],
      [0.2572661348, 0.00067953989184, 0.36926471659, 0.37278960872, 0],
      [0.015908063417, 0.033787792115, 0.063516117717, 0.85345310444, 0.033334922314],
      [0.097637268113, 0.74081950193, 0.0019611671139, 0.096954343978, 0.062627718862],
      [0.35359527335, 0.0054686277653, 0.090977642562, 0.27663878539, 0.27331967093]
    ],
    [
      [0.14942592276, 0.67524160112, 0.0014444958249, 0.066516423843, 0.10737155645],
      [0.23893939431, 0.0019279107435, 0.49903861847, 0.25871386209, 0.0013802143843],
      [0.020992653587, 0.029716977874, 0.11689927831, 0.78787448433, 0.044516605897],
      [0.13225912113, 0.66563575836, 0.0074032507596, 0.10969873382, 0.08500313594],
      [0.37521605545, 0.0021619100745, 0.13643573462, 0.19427895591, 0.29190734394]
    ],
    [
      [0.089241297883, 0.77954220716, 0.00077749406212, 0.10059701346, 0.029841987434],
      [0.21786120896, 0.00076609182093, 0.45909022218, 0.32228247703, 0],
      [0.020471148747, 0.043158665012, 0.083462626141, 0.84717021083, 0.0057373492705],
      [0.079097199726, 0.81733267354, 0.0021790551507, 0.08171988837, 0.019671183212],
      [0.40836882034, 0.0030678529221, 0.14805227316, 0.29808314892, 0.14242790466]
    ],
    [
      ["NaN", "NaN", "NaN", "NaN", "NaN"],
      [0.55256558781, 0.068034144618, 0.204712232, 0.15985066287, 0.014837372704],
      [0.028037665827, 0.0092967106112, 0.048086653408, 0.84572321551, 0.068855754648],
      [0.26398331339, 0.57339019922, 0.01218497843, 0.078873459902, 0.071568049064],
      [0.69106365073, 0.0099733524146, 0.030394224131, 0.10474416932, 0.1638246034]
    ],
    [
      [0.090840118014, 0.67890708275, 0.0009127537914, 0.13816061573, 0.09117942971],
      [0.18317500891, 0, 0.45466456973, 0.36196533557, 0.00019508578775],
      [0.015385686168, 0.025391467546, 0.077954612119, 0.84695550845, 0.034312725714],
      [0.084404631191, 0.72250659228, 0.0021797212469, 0.113430474, 0.077478581283],
      [0.27123800104, 0.0044559244225, 0.12299003091, 0.29902865986, 0.30228738376]
    ],
    [
      [0.12938401225, 0.4961717046, 0.0030042564322, 0.20800539894, 0.16343462778],
      [0.17821506392, 0, 0.47555308274, 0.34576463288, 0.0004672204617],
      [0.014912166101, 0.013245983464, 0.084197815014, 0.84331820683, 0.044325828597],
      [0.12600109226, 0.55744155304, 0.0041321670155, 0.16794033687, 0.14448485082],
      [0.2526338023, 0.0021679242491, 0.12119509337, 0.26955097467, 0.35445220541]
    ],
    [
      [0.037945857904, 0.63963176356, 0.0021782861626, 0.17251498674, 0.14772910563],
      [0.09442871801, 0.00073084516765, 0.40859702347, 0.49548367565, 0.00075973769959],
      [0.0027082307815, 0.021543877999, 0.053383845038, 0.86967119157, 0.052692854608],
      [0.035686545049, 0.71022460933, 0.0023213313879, 0.12305882111, 0.12870869313],
      [0.10990989671, 0.0052492331648, 0.082673503468, 0.31958352994, 0.48258383671]
    ],
    [
      [0.018611351039, 0.77229183781, 0.0080810004398, 0.13307750492, 0.067938305786],
      [0.093843903185, 0.00039856185947, 0.46335346336, 0.43881657878, 0.0035874928096],
      [0.0031516595383, 0.04210644618, 0.061211678028, 0.84081971431, 0.052710501944],
      [0.017582179941, 0.88482389191, 0.00060999912766, 0.033222319143, 0.063761609877],
      [0.10825375897, 0.0085027990629, 0.094099116731, 0.30755881753, 0.48158550771]
    ],
    [
      [0.13855739276, 0.38105921204, 0.015203459839, 0.28088245297, 0.18429748239],
      [0.16325429791, 1.7457745133e-05, 0.54403779313, 0.29205217161, 0.00063827959784],
      [0.017532372499, 0.0083661999707, 0.10542335701, 0.82048806226, 0.048190008269],
      [0.14628480583, 0.4880749233, 0.0064468177071, 0.18579787226, 0.1733955809],
      [0.2601942203, 0.00079695132401, 0.14310666317, 0.21130428735, 0.38459787786]
    ],
    [
      [0.032941693264, 0.45945718387, 0, 0.37711542728, 0.13048569559],
      [0.10351061575, 0.024556000121, 0, 0.86645252592, 0.0054808582175],
      [0.0016275769189, 0.0062957771641, 0, 0.9549103234, 0.037166322521],
      [0.02547151577, 0.61503561117, 0, 0.23447188557, 0.12502098749],
      [0.11210051142, 0.0022357956557, 0, 0.43790053186, 0.44776316106]
    ],
    [
      [0.065054517616, 0.80425053728, 0.00086281955309, 0.063684260867, 0.066147864689],
      [0.25630236332, 0.00013389754275, 0.43019352402, 0.31282237991, 0.00054783520421],
      [0.020326086806, 0.062137664653, 0.081529428332, 0.78197716003, 0.054029660178],
      [0.057817080966, 0.83740882936, 0.0018867311674, 0.047572909308, 0.055314449201],
      [0.32066324249, 0.0084553909903, 0.096021040133, 0.21058940865, 0.36427091773]
    ],
    [
      [0.087749307667, 0.74338513005, 0.00069322727697, 0.090044038208, 0.078128296794],
      [0.21929639912, 0.00018874652768, 0.39809360006, 0.38238915002, 3.2104265005e-05],
      [0.016611236441, 0.035365984848, 0.065977440287, 0.84727016149, 0.034775176935],
      [0.07794086103, 0.75824498997, 0.002059767632, 0.09861991069, 0.06313447068],
      [0.30411330328, 0.0069280326987, 0.099888484787, 0.28989991563, 0.29917026361]
    ],
    [
      [0.12539664836, 0.60714479982, 0.0017502885305, 0.13853294253, 0.12717532076],
      [0.27928299743, 0.00063972077137, 0.36215174681, 0.35745490635, 0.00047062864423],
      [0.016457547197, 0.028252726519, 0.063795925648, 0.83648388678, 0.055009913858],
      [0.11808641062, 0.67064358378, 0.0019523720853, 0.098212958197, 0.11110467531],
      [0.32920615723, 0.0034622624923, 0.076188214678, 0.22099072848, 0.37015263712]
    ],
    [
      [0.13682888186, 0.60069472889, 0.0064705920894, 0.1519871014, 0.10401869576],
      [0.21859114805, 0.00050958238895, 0.52622243002, 0.25367025441, 0.001006585127],
      [0.021826107955, 0.025249436267, 0.11802826734, 0.7908602855, 0.044035902935],
      [0.13141358851, 0.67707098297, 0.0021160389021, 0.096919148852, 0.092480240765],
      [0.34231577784, 0.0033753116066, 0.14748967193, 0.21579513346, 0.29102410516]
    ],
    [
      [0.070449475839, 0.73045912413, 0.0019565235194, 0.11177515707, 0.085359719437],
      [0.17285849993, 0, 0.54157256958, 0.28530592013, 0.00026301035569],
      [0.017423563216, 0.040989382993, 0.10291918206, 0.79240123697, 0.046266634755],
      [0.064829108647, 0.7830966355, 0.0018514965304, 0.077579376305, 0.072643383018],
      [0.26264106661, 0.0039788765389, 0.14695272174, 0.22978267252, 0.3566446626]
    ],
    [
      [0.081718810776, 0.69415767664, 0.00091697608158, 0.12438194962, 0.09882458689],
      [0.16318782894, 0, 0.49908328393, 0.33735062303, 0.0003782641058],
      [0.015072286561, 0.027613302147, 0.089341863377, 0.82800365101, 0.039968896908],
      [0.074989082318, 0.73053266145, 0.0027484838085, 0.10891675535, 0.082813017077],
      [0.24852201913, 0.0045240932927, 0.13693673437, 0.27625618713, 0.33376096608]
    ],
    [
      [0.050924877297, 0.75513445166, 0.0015004638005, 0.10031080415, 0.092129403086],
      [0.16251192408, 0, 0.46678178815, 0.37059004999, 0.00011623777858],
      [0.012619636972, 0.044674699337, 0.076107081028, 0.8136435857, 0.05295499696],
      [0.046828152479, 0.8024040159, 0.0015163131311, 0.071668271126, 0.077583247367],
      [0.20883159837, 0.0067584420724, 0.10836092501, 0.2555469236, 0.42050211095]
    ],
    [
      [0.028395249717, 0.94103843347, 0, 0.011335731982, 0.019230584835],
      [0.42807944421, 0.0025804497095, 0, 0.5536692899, 0.015670816179],
      [0.019846605294, 0.0093586706796, 0, 0.94094542327, 0.029849300758],
      ["NaN", "NaN", "NaN", "NaN", "NaN"],
      [0.44124722128, 0.0020147285194, 0, 0.30095561185, 0.25578243835]
    ],
    [
      [0.071422244236, 0.68305573098, 0.0011345436802, 0.15961957035, 0.084767910752],
      [0.1660391621, 0, 0.38030134204, 0.45358303237, 7.6463491908e-05],
      [0.01278546799, 0.023454408035, 0.052240498262, 0.88139849447, 0.030121131248],
      [0.06672141939, 0.73510969538, 0.0016407613129, 0.12449762201, 0.072030501901],
      [0.23428285901, 0.0052471606037, 0.094910241, 0.35576394854, 0.30979579085]
    ],
    [
      [0.018767789885, 0.89545226165, 0, 0.021547914437, 0.064232034027],
      [0.17029630134, 0.0033373501252, 0.2481969663, 0.57729352729, 0.0008758549519],
      [0.0091487497762, 0.082181657147, 0.015015873043, 0.82857862221, 0.065075097828],
      [0.012275405242, 0.89492101815, 0.0001946361193, 0.040988858746, 0.051620081743],
      [0.14368284294, 0.0099093666003, 0.033913607564, 0.24358966729, 0.56890451561]
    ],
    [
      [0.054927714841, 0.74139146234, 0.0015465497131, 0.1356950336, 0.066439239509],
      [0.23714806387, 0, 0.30253949468, 0.45894745044, 0.0013649910057],
      [0.016740142203, 0.045656366608, 0.036480643311, 0.85861756177, 0.042505286107],
      [0.050654299765, 0.82197214307, 0.00054675509575, 0.068850082235, 0.057976719832],
      [0.26341755008, 0.011810231304, 0.060835609743, 0.29684294152, 0.36709366736]
    ],
    [
      [0.069436999044, 0.74311089834, 0.0019821806055, 0.10657373988, 0.078896182126],
      [0.17041851305, 0.0002858662712, 0.51928366631, 0.30959155639, 0.00042039797501],
      [0.017052440648, 0.039630099658, 0.098068732323, 0.80356296308, 0.041685764294],
      [0.063952296815, 0.78731356814, 0.0020741448003, 0.080838695441, 0.065821294802],
      [0.27440340914, 0.0024481224211, 0.14570762841, 0.23103926739, 0.34640157263]
    ],
    [
      [0.06372892519, 0.70122488189, 0, 0.090112068098, 0.14493412482],
      [0.22148566403, 0.0017589874828, 0.29323612424, 0.48243074065, 0.0010884835943],
      [0.018018612037, 0.032940466355, 0.032754458471, 0.84712905851, 0.069157404627],
      [0.05796258253, 0.72074168788, 0.00094795546244, 0.10111644754, 0.1192313266],
      [0.20665613494, 0.0016752691671, 0.045482390163, 0.20846704266, 0.53771916307]
    ],
    [
      [0.087364287715, 0.65099900684, 0.0029554891665, 0.16574748206, 0.092933734211],
      [0.23368132097, 1.9524899776e-05, 0.33894482286, 0.42613586966, 0.0012184616001],
      [0.015857139106, 0.026896022792, 0.048226169202, 0.86766150856, 0.041359160339],
      [0.083931473084, 0.74511932111, 8.3251319628e-05, 0.086294415591, 0.084571538893],
      [0.28753265377, 0.0042697904477, 0.074901488143, 0.28561221447, 0.34768385317]
    ],
    [
      [0.029336809569, 0.79359643613, 0.00041932151954, 0.11666127149, 0.059986161299],
      [0.14821698759, 0.0010520034114, 0.27503023835, 0.57497228911, 0.00072848153944],
      [0.0086849665537, 0.048217513111, 0.024438544489, 0.87990012655, 0.0387588493],
      [0.026514164827, 0.85999654508, 0.00032888371163, 0.061954586851, 0.05120581953],
      [0.18286570666, 0.0072819119236, 0.057946061513, 0.33419470317, 0.41771161673]
    ],
