{
  "X": [
    [21, 68, 68, 237, 34],
    [6, 16, 32, 79, 24],
    [61, 125, 178, 447, 77],
    [33, 76, 140, 287, 39],
    [28, 56, 108, 165, 17],
    [6, 6, 18, 14, 5],
    [12, 26, 61, 114, 16],
    [10, 28, 21, 44, 11],
    [3, 14, 10, 33, 4],
    [4, 8, 7, 19, 8],
    [4, 35, 44, 59, 14],
    [9, 97, 77, 186, 48],
    [11, 100, 70, 225, 37],
    [18, 176, 101, 338, 69],
    [11, 60, 48, 125, 26],
    [20, 151, 70, 292, 45],
    [18, 83, 149, 303, 54],
    [14, 60, 82, 259, 45],
    [45, 159, 214, 446, 75],
    [19, 81, 112, 255, 43],
    [7, 63, 102, 251, 47],
    [28, 264, 188, 521, 100],
    [9, 68, 74, 176, 29],
    [12, 77, 72, 205, 34],
    [12, 166, 112, 300, 64],
    [4, 112, 87, 240, 46],
    [8, 77, 62, 192, 33],
    [12, 49, 64, 101, 20],
    [39, 157, 201, 266, 60],
    [16, 105, 102, 183, 52],
    [7, 35, 45, 74, 21],
    [40, 221, 244, 431, 93],
    [6, 88, 105, 219, 41],
    [14, 124, 237, 256, 58],
    [12, 81, 204, 190, 45],
    [38, 251, 282, 579, 103],
    [12, 68, 100, 195, 63],
    [30, 95, 145, 272, 39],
    [71, 153, 260, 571, 76],
    [63, 159, 200, 681, 89],
    [37, 120, 151, 467, 86],
    [28, 112, 177, 438, 70],
    [15, 81, 85, 246, 47],
    [29, 114, 133, 360, 69],
    [12, 43, 66, 140, 18],
    [33, 111, 145, 332, 61],
    [6, 21, 15, 39, 11],
    [65, 147, 137, 416, 56],
    [11, 39, 24, 103, 13],
    [2, 32, 38, 61, 20],
    [21, 105, 134, 244, 56],
    [15, 63, 58, 179, 34],
    [9, 103, 160, 247, 41],
    [10, 102, 175, 278, 44],
    [5, 48, 51, 78, 17],
    [35, 100, 54, 240, 40],
    [7, 210, 244, 332, 84],
    [69, 276, 368, 689, 146],
    [22, 75, 73, 152, 49],
    [202, 607, 555, 964, 206],
    [29, 61, 74, 126, 26]
  ],
  "W": [
    [28, 32, 219, 97, 24, 11, 17],
    [7, 17, 60, 49, 10, 6, 8],
    [125, 39, 372, 247, 27, 44, 34],
    [75, 36, 224, 178, 21, 20, 21],
    [42, 11, 159, 135, 10, 14, 3],
    [6, 2, 16, 23, 1, 1, 0],
    [21, 11, 98, 81, 6, 7, 5],
    [11, 3, 62, 31, 1, 3, 3],
    [3, 3, 35, 14, 0, 7, 2],
    [7, 2, 22, 9, 2, 0, 4],
    [7, 6, 70, 60, 5, 6, 2],
    [14, 31, 208, 105, 22, 16, 21],
    [8, 35, 250, 75, 37, 17, 21],
    [26, 37, 399, 137, 45, 18, 40],
    [11, 18, 136, 61, 12, 8, 24],
    [11, 59, 348, 96, 18, 18, 28],
    [20, 47, 268, 183, 32, 26, 31],
    [22, 45, 228, 102, 19, 25, 19],
    [54, 68, 447, 277, 33, 45, 15],
    [26, 40, 232, 156, 21, 16, 19],
    [14, 45, 215, 150, 14, 16, 16],
    [26, 73, 576, 267, 60, 43, 56],
    [9, 25, 180, 92, 25, 8, 17],
    [15, 24, 203, 110, 28, 12, 8],
    [14, 41, 353, 148, 44, 26, 28],
    [5, 33, 247, 135, 28, 16, 25],
    [11, 33, 202, 83, 15, 11, 17],
    [18, 7, 113, 82, 3, 12, 11],
    [56, 28, 321, 229, 38, 18, 33],
    [19, 39, 222, 118, 23, 20, 17],
    [12, 8, 77, 51, 11, 9, 14],
    [66, 47, 509, 273, 47, 25, 62],
    [15, 25, 203, 162, 32, 11, 11],
    [18, 31, 282, 278, 25, 44, 11],
    [13, 23, 190, 241, 32, 16, 17],
    [35, 75, 613, 371, 62, 43, 54],
    [14, 41, 177, 137, 25, 19, 25],
    [32, 32, 274, 191, 20, 15, 17],
    [89, 50, 528, 333, 43, 51, 37],
    [110, 106, 558, 283, 57, 33, 45],
    [46, 66, 396, 214, 32, 70, 37],
    [33, 79, 362, 250, 40, 40, 21],
    [12, 31, 227, 118, 20, 31, 35],
    [38, 71, 319, 168, 51, 31, 27],
    [21, 16, 129, 84, 8, 8, 13],
    [49, 49, 309, 205, 25, 18, 27],
    [9, 2, 42, 22, 3, 7, 7],
    [58, 59, 407, 186, 38, 34, 39],
    [16, 17, 110, 30, 1, 3, 13],
    [6, 3, 66, 55, 14, 6, 3],
    [50, 21, 233, 188, 19, 33, 16],
    [23, 17, 180, 80, 13, 16, 20],
    [17, 26, 236, 198, 27, 24, 32],
    [21, 26, 250, 228, 36, 27, 21],
    [11, 8, 85, 78, 1, 8, 8],
    [48, 49, 234, 79, 19, 17, 23],
    [10, 105, 355, 294, 29, 10, 74],
    [106, 72, 713, 479, 64, 68, 46],
    [24, 28, 154, 104, 24, 17, 20],
    [192, 98, 1205, 782, 105, 69, 83],
    [38, 5, 150, 86, 15, 15, 7]
  ],
  "method": "mult",
  "cond_prob": [
    [
      [0.57994424208, 0.0011412006704, 0.015219600254, 0.39575089083, 0.0079440661684],
      [0.00046148223586, 0.019249472579, 0.0043616561458, 0.87413511257, 0.10179227647],
      [0.01997626077, 0.2376659175, 0.020156858761, 0.66787545544, 0.054325507529],
      [0.0028165828217, 0.058358025626, 0.62740516616, 0.2447894412, 0.066630784192],
      [0.0010644424778, 0.1632309005, 0.052847767348, 0.54131040047, 0.2415464892],
      [0.0059820888557, 0.0061916060405, 0.048039970267, 0.76070688118, 0.17907945366],
      [0.00043732653277, 0.33275585661, 0.02146111298, 0.38694856544, 0.25839713844]
    ],
    [
      [0.65110495606, 5.248421637e-05, 0.0081465605628, 0.33021490386, 0.010481095303],
      [0.00048428482445, 0.012168451881, 0.0024210320828, 0.80666078436, 0.17826544685],
      [0.020740648916, 0.18400113153, 0.021166556224, 0.66783860723, 0.1062530561],
      [0.0028905757426, 0.038830882713, 0.60636085273, 0.23978794111, 0.11212974771],
      [0.001020808765, 0.10511934459, 0.049119609108, 0.45777419761, 0.38696603993],
      [0.0057567972246, 0.0040055151098, 0.045759440469, 0.6537953932, 0.29068285399],
      [0.00040080602436, 0.22184515592, 0.019298579961, 0.33185280692, 0.42660265117]
    ],
    [
      [0.453417937, 0.0092938754155, 0.033265681585, 0.49122881713, 0.012793688872],
      [0, 0.018224306494, 0.0040853975587, 0.85311472012, 0.12457557582],
      [0.010685264721, 0.25137899667, 0.025736029957, 0.6448920583, 0.067307650353],
      [0.00068741535169, 0.054966583988, 0.64676978667, 0.22434290408, 0.073233309904],
      [0.00035340206851, 0.16380843263, 0.054922953472, 0.49686876934, 0.28404644249],
      [0.0038296807207, 0.0046626262105, 0.051376750094, 0.72616712802, 0.21396381496],
      [0, 0.33558239348, 0.018030061676, 0.34251677571, 0.30387076914]
    ],
    [
      [0.41912840775, 0.0078569178055, 0.047160835732, 0.51611738927, 0.0097364494433],
      [0, 0.017944333912, 0.0057244469405, 0.8772922806, 0.099038938544],
      [0.0062766095615, 0.24798636543, 0.037679589725, 0.655284243, 0.052773192282],
      [0.00047727851336, 0.046383412493, 0.70012848768, 0.20131647705, 0.051694344267],
      [0.00014639609328, 0.16752256723, 0.06884367557, 0.53016874333, 0.23331861778],
      [0.003568949174, 0.0050446560324, 0.063508720208, 0.75604258364, 0.17183509095],
      [0, 0.34955594437, 0.022755558784, 0.37315595584, 0.25453254101]
    ],
    [
      [0.57024416472, 0.0065562777129, 0.043710753457, 0.37414222547, 0.0053465786372],
      [0.0002930801954, 0.022503368882, 0.0059941215982, 0.88794704655, 0.083262382776],
      [0.022208282567, 0.28301303416, 0.040200246727, 0.61431898491, 0.040259451631],
      [0.0030468961232, 0.05262918174, 0.7245825968, 0.18342361922, 0.036317706114],
      [0.00095372123248, 0.20446413477, 0.077773724333, 0.52490334198, 0.19190507769],
      [0.0066875390547, 0.005591612213, 0.074880094746, 0.76818627393, 0.14465448006],
      [0.00030351182937, 0.41672113084, 0.020554883293, 0.35868685598, 0.20373361806]
    ],
    [
      [0.80356137189, 0.00056125992641, 0.011722870829, 0.17594294577, 0.0082115515914],
      [0.0013610010724, 0.021979899785, 0.0071882586983, 0.72291933157, 0.24655150888],
      [0.04837133092, 0.30556434044, 0.035347184352, 0.49834719085, 0.11236995344],
      [0.01702008791, 0.038553624194, 0.74971012757, 0.1150987475, 0.079617412823],
      [0.0017121877266, 0.17244026076, 0.044766705206, 0.32747770619, 0.45360314012],
      [0.0087942621646, 0.0044695766571, 0.061631668656, 0.55019970987, 0.37490478265],
      ["NaN", "NaN", "NaN", "NaN", "NaN"]
    ],
    [
      [0.49591545265, 0.0032050509371, 0.036130896641, 0.45548763474, 0.0092609650329],
      [6.3314145713e-05, 0.014925431254, 0.0048987966449, 0.87247572345, 0.10763673451],
      [0.015067249701, 0.20630297777, 0.035908492191, 0.68351399492, 0.059207285418],
      [0.00088099508791, 0.039568700145, 0.68804621006, 0.21585542965, 0.055648665057],
      [0.00062631757291, 0.13801202368, 0.067294306374, 0.53502552368, 0.25904182869],
      [0.0046343201469, 0.0039693295684, 0.060632555486, 0.74496152935, 0.18580226545],
      [0.00018596391408, 0.29798004078, 0.021679086241, 0.38879631231, 0.29135859676]
    ],
    [
      [0.71662878745, 0.006876700844, 0.015101096896, 0.2510157504, 0.010377664408],
      [0.00052438370695, 0.026844686295, 0.0044299975001, 0.77991149847, 0.18828943403],
      [0.030968637212, 0.37816154415, 0.019808068176, 0.48918003102, 0.081881719433],
      [0.0055505468014, 0.091484506976, 0.62429882905, 0.18304274617, 0.095623371003],
      [0.001046554233, 0.23717649672, 0.047749697848, 0.36132878228, 0.35269846891],
      [0.0069442800146, 0.0068955263379, 0.049539189932, 0.62415686562, 0.31246413809],
      [0.00050277821399, 0.43464123409, 0.014288915455, 0.2206019388, 0.32996513344]
    ],
    [
      [0.73199748409, 0.0006870225407, 0.0078545305964, 0.25457057939, 0.0048903833857],
      [0.00041666143207, 0.021497768405, 0.0060203696019, 0.88305589054, 0.08900931002],
      [0.020357978199, 0.33595637585, 0.017337199774, 0.58494939346, 0.041399052722],
      [0.0025959715159, 0.084011815793, 0.63978553508, 0.22059591574, 0.053010761867],
      ["NaN", "NaN", "NaN", "NaN", "NaN"],
      [0.007601423529, 0.011861086088, 0.050837355986, 0.76894369432, 0.16075644008],
      [0.00033738027368, 0.45788972437, 0.01935716216, 0.32147156928, 0.20094416392]
    ],
    [
      [0.546698377, 0.01686780324, 0.027231966205, 0.37464595336, 0.034555900195],
      [0, 0.017007915912, 0.0044115157822, 0.72641300611, 0.25216756219],
      [0.0078686982279, 0.27329457726, 0.02938823379, 0.5495125551, 0.13993593563],
      [0, 0.048763183825, 0.66724592241, 0.14280139728, 0.14118949648],
      [0, 0.14113706155, 0.044228542404, 0.333422912, 0.48121148405],
      ["NaN", "NaN", "NaN", "NaN", "NaN"],
      [0, 0.27857151707, 0.015085418783, 0.22082942565, 0.4855136385]
    ],
    [
      [0.50718697505, 0.0066494668783, 0.032948933436, 0.43784011768, 0.015374506955],
      [0, 0.03306489983, 0.0055842869177, 0.79894157003, 0.16240924322],
      [0.0057503136249, 0.39365003543, 0.031619473166, 0.49739052238, 0.071589655405],
      [0.00036718662809, 0.082971651309, 0.67964186589, 0.16737957828, 0.069639717896],
      [0.00029728451246, 0.25069213614, 0.060413737494, 0.38186938457, 0.30672745728],
      [0.003922163108, 0.0072910873349, 0.068693059376, 0.65198263292, 0.26811105726],
      [5.9311020432e-05, 0.4620277848, 0.014874812938, 0.23005788627, 0.29298020497]
    ],
    [
      [0.51026870107, 0.00095050430648, 0.023393279461, 0.44962794926, 0.015759565894],
      [1.1853487506e-05, 0.032121056532, 0.0069070872958, 0.80004199754, 0.16091800514],
      [0.0083816067737, 0.3542358525, 0.027993331371, 0.53196012052, 0.077429088837],
      [0.00040573871851, 0.081062971832, 0.64829244186, 0.18305635718, 0.087182490417],
      [0.00030277549999, 0.22455223463, 0.055184345625, 0.40707752958, 0.31288311466],
      [0.0039359835892, 0.010934209959, 0.057770817642, 0.65975896509, 0.26760002372],
      [1.2245431674e-05, 0.41348449067, 0.020317446441, 0.26302072011, 0.30316509734]
    ],
    [
      [0.75874825419, 0.00047673019722, 0.011400464864, 0.22437732697, 0.0049972237826],
      [0.00029724900241, 0.024211416417, 0.0091784751643, 0.86048263114, 0.10583022828],
      [0.018480404122, 0.31122210555, 0.039657477357, 0.58010944553, 0.050530567443],
      [0.0018916704992, 0.059960443958, 0.73861492173, 0.14169657636, 0.057836387458],
      [0.00098170143003, 0.21713528084, 0.068886369681, 0.48582394355, 0.22717270449],
      [0.006707747266, 0.011334057872, 0.066884922035, 0.73157491298, 0.18349835985],
      [0.0003466322337, 0.41045440598, 0.028153420405, 0.33434405965, 0.22670148173]
    ],
    [
      [0.52676990709, 0.00091750020206, 0.019610978892, 0.44031559195, 0.012386021872],
      [6.1507903171e-06, 0.02875315859, 0.0056043780422, 0.83194860071, 0.13368771187],
      [0.010277456827, 0.3419424193, 0.022337247119, 0.56123365923, 0.064209217527],
      [0.00074809712286, 0.082295147883, 0.63775550106, 0.19820993953, 0.080991314407],
      [0.00042228146061, 0.22774585418, 0.050843063327, 0.44771665025, 0.27327215078],
      [0.0044445935723, 0.0094580784873, 0.051606308007, 0.70486471937, 0.22962630057],
      [3.8872668855e-05, 0.41960021792, 0.01952089805, 0.29619726062, 0.26464275074]
    ],
    [
      [0.7056024493, 0.0004778008367, 0.010465465669, 0.27666637605, 0.0067879081374],
      [0.00047565984556, 0.021570762739, 0.0073730346629, 0.84318120608, 0.12739933667],
      [0.021884740833, 0.31725070761, 0.032121127804, 0.56784346047, 0.060899963275],
      [0.0026779961654, 0.06841802085, 0.68107449829, 0.17925028963, 0.068579195069],
      [0.0012058557574, 0.2136627607, 0.062107670216, 0.45920569984, 0.26381801348],
      [0.0074178313833, 0.0097871340611, 0.061262433983, 0.70463915908, 0.21689344149],
      [0.00067982253638, 0.40185936472, 0.02511483176, 0.31128534132, 0.26106063966]
    ],
    [
      [0.82469874813, 0.00060478459099, 0.0074465004121, 0.16381271456, 0.0034372523063],
      [0.01722134585, 0.026908735957, 0.0045966305502, 0.84011881988, 0.11115446776],
      [0.026852159375, 0.3542454929, 0.018621777334, 0.5496684641, 0.050612106293],
      [0.0037145682869, 0.090190576788, 0.63379656612, 0.20139325341, 0.070905035394],
      [0.0013717164306, 0.25022276535, 0.049809041795, 0.46496845056, 0.23362802587],
      [0.0094486954131, 0.012888445005, 0.050152019257, 0.73217745432, 0.195333386],
      [0.00058346193913, 0.45478583072, 0.018669261923, 0.30228734451, 0.22367410091]
    ],
    [
      [0.62755414084, 0.00011880835833, 0.011726752283, 0.35286024948, 0.0077400490452],
      [0.00028013065201, 0.016239500573, 0.0095380961192, 0.86113162009, 0.11281065257],
      [0.018308279254, 0.22415677113, 0.04675981867, 0.65040975691, 0.060365374041],
      [0.0018335139857, 0.041952174667, 0.71296661421, 0.18600330363, 0.057244393511],
      [0.00093869600171, 0.14874812297, 0.076930747772, 0.5165132271, 0.25686920616],
      [0.0058684328443, 0.0059410738882, 0.070439852638, 0.72613118165, 0.19161945898],
      [0.00035424571787, 0.30866763949, 0.032884920525, 0.37785017613, 0.28024301814]
    ],
    [
      [0.50049094754, 0.00053726550762, 0.022706056138, 0.46469721232, 0.011568518495],
      [4.2747954721e-05, 0.016111127452, 0.0077848500123, 0.85604259988, 0.1200186747],
      [0.012271434928, 0.20530157845, 0.035522540982, 0.67878198571, 0.068122459928],
      [0.00070789983871, 0.043463258283, 0.68595001339, 0.19677493471, 0.073103893777],
      [0.00055915901408, 0.13412436339, 0.062229881305, 0.52232848568, 0.28075811061],
      [0.0041700159136, 0.0053281438096, 0.05613464226, 0.72836205028, 0.20600514774],
      [0.00012148051235, 0.28103161542, 0.026230210706, 0.38358504033, 0.30903165303]
    ],
    [
      [0.63097858243, 0.0002992256521, 0.019251244186, 0.34100416771, 0.008466780024],
      [0.00049472297548, 0.024936362165, 0.0083816440133, 0.84481737232, 0.12136989853],
      [0.02178210982, 0.28706270405, 0.037228143522, 0.59332401685, 0.060603025761],
      [0.0029005706228, 0.05962721381, 0.68643127892, 0.18930438206, 0.061736554578],
      [0.0010095757985, 0.19335770391, 0.067877574908, 0.47385920737, 0.26389593801],
      [0.007006030192, 0.0078500853244, 0.066737114318, 0.71191041254, 0.20649635763],
      [0.00032445829054, 0.381356279, 0.02432709923, 0.32078145695, 0.27321070652]
    ],
    [
      [0.56836398957, 0.00039891202356, 0.01905220014, 0.40274029103, 0.0094446072318],
      [0.00020167611558, 0.021064683571, 0.0050704003157, 0.85745823668, 0.11620500332],
      [0.016495325202, 0.26151854012, 0.028653595126, 0.63261702691, 0.06071551264],
      [0.0017898861639, 0.057818552135, 0.65386824927, 0.22195148734, 0.064571825099],
      [0.00077593405521, 0.17456635969, 0.061392773238, 0.50149656765, 0.26176836537],
      [0.0054609348897, 0.0065522226106, 0.057977570731, 0.73038104496, 0.19962822681],
      [0.00024536655831, 0.3518061257, 0.022834550499, 0.34849031885, 0.27662363839]
    ],
    [
      [0.39337215241, 0.00044300685509, 0.02308620434, 0.56779192334, 0.015306713048],
      [0, 0.016375916419, 0.003713460955, 0.84862494021, 0.13128568242],
      [0.0065223477323, 0.22364368686, 0.024971590092, 0.67068631552, 0.074176059788],
      [0.00029040688552, 0.049247569188, 0.6281822952, 0.24308001398, 0.079199714748],
      [0.00031196364444, 0.14178839603, 0.055174971724, 0.50163378059, 0.30109088802],
      [0.0026461186015, 0.0050965765769, 0.05099522473, 0.7172224035, 0.2240396766],
      [1.3667641675e-05, 0.29498567758, 0.020317377908, 0.35654996537, 0.3281333115]
    ],
    [
      [0.67915730589, 0.00075862384482, 0.0096276138473, 0.30286906885, 0.0075873875666],
      [0.00023686480467, 0.024320169774, 0.0050910067098, 0.84654585457, 0.12380610414],
      [0.016455995477, 0.34737628601, 0.021441813398, 0.55653405895, 0.058191846161],
      [0.001931527183, 0.08665602618, 0.63040248003, 0.20991468749, 0.071095279125],
      [0.0008492273319, 0.23593414227, 0.05380728032, 0.45491108731, 0.25449826277],
      [0.006141944011, 0.011141048091, 0.054642089255, 0.71527325154, 0.21280166711],
      [0.00027125948694, 0.43471232228, 0.020215093019, 0.29759468317, 0.24720664204]
    ],
    [
      [0.65253568587, 0.00041184319072, 0.011168646407, 0.32877810549, 0.0071057190429],
      [0.00019264941939, 0.020226999499, 0.0074107012618, 0.86536636227, 0.10680328755],
      [0.016171801476, 0.28196360553, 0.038199675777, 0.61042432413, 0.053240593086],
      [0.0015209004152, 0.058722080732, 0.69665754832, 0.1866959382, 0.056403532335],
      [0.00082756960712, 0.19327565765, 0.069342860879, 0.50087170293, 0.23568220893],
      [0.0057668736869, 0.0083918462573, 0.065663537468, 0.73574976557, 0.18442797702],
      [0.00027595636582, 0.37857128178, 0.028641102582, 0.34980250809, 0.24270915119]
    ],
    [
      [0.58182206535, 0.0006888951981, 0.012771748805, 0.39555974597, 0.0091575446839],
      [0.00016256436246, 0.021206331522, 0.0037559879166, 0.86066403316, 0.11421108304],
      [0.014768955472, 0.29307655652, 0.016096984512, 0.61802537163, 0.058032131858],
      [0.0016942244113, 0.075196461277, 0.60289977016, 0.24967660822, 0.070532935926],
      [0.00071777210904, 0.1978749077, 0.049907853413, 0.49730156427, 0.25419790251],
      [0.0052079646714, 0.0076589273579, 0.04846701834, 0.73980355923, 0.1988625304],
      [0.00021395424021, 0.38526979459, 0.01907417106, 0.33562539474, 0.25981668536]
    ],
    [
      [0.57333598374, 0.00087437433054, 0.016645242628, 0.3979439324, 0.011200466898],
      [2.5295781703e-05, 0.029400754342, 0.007178099982, 0.82765659896, 0.13573925094],
      [0.01054061566, 0.36495476844, 0.02735267963, 0.5342339138, 0.062918022475],
      [0.00076339776223, 0.084628192749, 0.65669066162, 0.18359504822, 0.074322699653],
      [0.00045431688262, 0.24369928121, 0.056643866492, 0.42996885943, 0.26923367599],
      [0.0044621185213, 0.012199789558, 0.058973761694, 0.69343397363, 0.2309303566],
      [8.6924259519e-05, 0.44244139804, 0.02147509805, 0.27822544831, 0.25777113135]
    ],
    [
      [0.45160052464, 0.00087003516486, 0.013680302711, 0.52112770038, 0.012721437102],
      [3.3389936906e-07, 0.025166933556, 0.0033269092049, 0.84895432468, 0.12255149866],
      [0.0065863609825, 0.33372752174, 0.014888722166, 0.58471744026, 0.060079954852],
      [0.00047391865513, 0.088158572816, 0.59674134741, 0.24029862647, 0.074327534647],
      [0.00028983908411, 0.22279390661, 0.048617412989, 0.46956465862, 0.25873418269],
      [0.0026304995598, 0.0089029172772, 0.048740884945, 0.72746136488, 0.21226433334],
      [3.8907587474e-05, 0.41809439023, 0.017722899379, 0.30904616744, 0.25509763537]
    ],
    [
      [0.52651404631, 0.00065195339957, 0.018887757648, 0.44282075887, 0.011125483766],
      [1.5840348038e-05, 0.025013372762, 0.0063506850438, 0.84839920084, 0.12022090101],
      [0.010372763764, 0.30028314023, 0.026784167131, 0.60191491879, 0.060645010085],
      [0.00069718195897, 0.06985736282, 0.65490135858, 0.20287756203, 0.071666534611],
      [0.00050246864641, 0.20147391539, 0.05622313639, 0.48012832241, 0.26167215717],
      [0.004171887281, 0.0088178240228, 0.054587902331, 0.72422983446, 0.20819255191],
      [7.2387427976e-05, 0.38781923393, 0.021860797947, 0.32574669206, 0.26450088864]
    ],
    [
      [0.56734152808, 0.0087551928754, 0.036079668937, 0.37695393855, 0.01086967155],
      [9.2334565045e-05, 0.027913037872, 0.005817476904, 0.8293798678, 0.13679728286],
      [0.01469678126, 0.33430133084, 0.040038319295, 0.54723005224, 0.063733516364],
      [0.00068383526267, 0.066950791443, 0.70099129619, 0.16998106055, 0.061393016561],
      [0.00069180236558, 0.22112064222, 0.068819324525, 0.43213329081, 0.27723494008],
      [0.0056531444053, 0.0066849248422, 0.07104507921, 0.68723540713, 0.22938144441],
      [4.3839874737e-05, 0.42158354139, 0.022293484464, 0.28095476411, 0.27512437016]
    ],
    [
      [0.59676998025, 0.011809407404, 0.04676448819, 0.33408007599, 0.010576048164],
      [6.0258297038e-05, 0.034476657188, 0.0090922983898, 0.81377857884, 0.14259220728],
      [0.016567216755, 0.36430439479, 0.059234379358, 0.49792435814, 0.061969650952],
      [0.00049594675819, 0.061961480369, 0.7561171289, 0.12674047051, 0.054684973465],
      [0.00060411946177, 0.24338216455, 0.086286211136, 0.40074913051, 0.26897837433],
      [0.0068174267175, 0.0093098078915, 0.09054852968, 0.6599947062, 0.23332952951],
      [5.6826273626e-05, 0.44928297744, 0.031902922959, 0.25878961078, 0.25996766255]
    ],
    [
      [0.64422170233, 0.00061101153094, 0.023143925752, 0.31956630483, 0.01245705556],
      [0.00010369561032, 0.037689047315, 0.014601839242, 0.77221301433, 0.1753924035],
      [0.015883167769, 0.37166062383, 0.051047786834, 0.4821411686, 0.079267252973],
      [0.00071176378915, 0.068286467707, 0.7282235087, 0.12623817882, 0.076540080976],
      [0.00070985453449, 0.23521110725, 0.072888188092, 0.3697344054, 0.32145644472],
      [0.0063313212533, 0.013512502236, 0.079405767548, 0.61771197861, 0.28303843035],
      [0.00016112210113, 0.42776180851, 0.027251017587, 0.23660924845, 0.30821680335]
    ],
    [
      [0.52496096249, 0.008998191828, 0.043710731371, 0.40659072255, 0.015739391762],
      [1.2784553247e-05, 0.02800374275, 0.010607445829, 0.80265952919, 0.15871649768],
      [0.0083474431935, 0.31754134837, 0.056300362008, 0.54065475556, 0.077156090872],
      [0.00028958137442, 0.052199617828, 0.74469337292, 0.13369072344, 0.069126704434],
      [0.000125171171, 0.19836994085, 0.079890058072, 0.41196323791, 0.309651592],
      [0.0044555268009, 0.008996947688, 0.080414985605, 0.64776632176, 0.25836621815],
      [9.7698114678e-05, 0.37800611028, 0.033828303869, 0.27782139353, 0.3102464942]
    ],
    [
      [0.5212687784, 0.010537103384, 0.041520804993, 0.4138714568, 0.012801856421],
      [8.2707992322e-06, 0.03039781218, 0.010357889642, 0.81988819226, 0.13934783512],
      [0.010535232273, 0.32946548564, 0.056410737152, 0.53829779539, 0.065290749552],
      [0.0003070280864, 0.056366396763, 0.74828994693, 0.13381149018, 0.061225138044],
      [0.00040696138565, 0.21733176502, 0.079752039077, 0.42653495836, 0.27597427615],
      [0.0050272452644, 0.0086064677396, 0.080491615727, 0.67431597297, 0.2315586983],
      [7.7607856195e-05, 0.40903452984, 0.03251530815, 0.28581583512, 0.27255671904]
    ],
    [
      [0.3446809562, 0.0009928042894, 0.023373885821, 0.61563209727, 0.015320256419],
      [0, 0.024129442833, 0.0030658858558, 0.84972180627, 0.12308286505],
      [0.0037788428922, 0.31439290759, 0.017072911885, 0.60260668635, 0.062148651288],
      [0.00022229177455, 0.077078266744, 0.60923275264, 0.24384224727, 0.069624441564],
      [3.2435004988e-05, 0.20622769401, 0.051773817502, 0.47628293867, 0.26568311481],
      [0.0023301238436, 0.0067228666893, 0.051870051997, 0.72742800949, 0.21164894798],
      [0, 0.40001769724, 0.016718617588, 0.31346453236, 0.26979915281]
    ],
    [
      [0.5790273344, 0.00043587448049, 0.01860819296, 0.39012205823, 0.011806539926],
      [1.8776660047e-05, 0.028660771197, 0.011759646637, 0.81546566081, 0.1440951447],
      [0.011533089079, 0.34410811013, 0.0612586242, 0.51750960159, 0.065590574996],
      [0.00033216249482, 0.055318673362, 0.76271670504, 0.12928152188, 0.052350937223],
      [0.0005501578143, 0.22319899589, 0.091465792635, 0.40675353447, 0.27803151919],
      [0.00493146234, 0.0093116732147, 0.10004256014, 0.65278243047, 0.23293187384],
      [0.00013775655502, 0.42699123464, 0.027437272045, 0.26628467585, 0.27914906091]
    ],
    [
      [0.65759354958, 0.00019972568589, 0.014428021576, 0.31859508572, 0.009183617441],
      [0.00014020029941, 0.020988329281, 0.0084061670709, 0.8304670119, 0.13999829145],
      [0.016949087258, 0.30063262144, 0.058093573035, 0.55815173275, 0.066172985518],
      [0.00042367767473, 0.043987517125, 0.77689582532, 0.12998525518, 0.048707724699],
      [0.00074311397758, 0.19259278346, 0.099950766952, 0.42989081259, 0.27682252302],
      [0.0061598553827, 0.0070868805278, 0.09941450546, 0.66323762952, 0.2241011291],
      [0.00019347156234, 0.38336018424, 0.032962615736, 0.29493757747, 0.28854615099]
    ],
    [
      [0.69965780077, 0.00048512515364, 0.010373756029, 0.28268741452, 0.0067959035262],
      [0.00033635238907, 0.020244046017, 0.0050769668621, 0.85742230404, 0.11692033069],
      [0.019923021964, 0.30893316332, 0.034548103907, 0.58020826763, 0.056387443175],
      [0.0024060972527, 0.067073302168, 0.67824816865, 0.19299767427, 0.059274757656],
      [0.0010395450953, 0.21034161622, 0.067498354275, 0.47332745558, 0.24779302883],
      [0.0068962479402, 0.0088309360473, 0.066280696533, 0.7185538749, 0.19943824457],
      [0.00037565817884, 0.40339967579, 0.026168886006, 0.32009895569, 0.24995682433]
    ],
    [
      [0.62967584977, 0.00035221750632, 0.010715880888, 0.34769077282, 0.011565279014],
      [8.9082773582e-05, 0.020120266863, 0.0072640824488, 0.78802723009, 0.18449933782],
      [0.016329780791, 0.26965208797, 0.034238715816, 0.58083697429, 0.098942441139],
      [0.0012184803647, 0.054972961745, 0.65884860773, 0.18683147035, 0.09812847981],
      [0.00070330679575, 0.15855143504, 0.060297384934, 0.4133993103, 0.36704856293],
      [0.0053569122952, 0.0071717917046, 0.059973143438, 0.63119826244, 0.29629989013],
      [0.00016874784321, 0.31241491064, 0.02330855921, 0.28365628463, 0.38045149768]
    ],
    [
      [0.67841227183, 0.00016121030421, 0.011731589562, 0.30345911093, 0.0062358173771],
      [0.00063045604866, 0.019282171217, 0.0056170716819, 0.87052342731, 0.10394687374],
      [0.026429916297, 0.26887370792, 0.036614366938, 0.61643826613, 0.051643742721],
      [0.0045901556945, 0.055012440227, 0.68857264098, 0.20060852764, 0.051216235452],
      [0.0012607412854, 0.18660079331, 0.071547615395, 0.50672086631, 0.2338699837],
      [0.0078665255303, 0.0065054551838, 0.06757832723, 0.73914670446, 0.1789029876],
      [0.0005237174245, 0.37467306144, 0.026500273842, 0.3523898344, 0.2459131129]
    ],
    [
      [0.61608422792, 0.0013075108993, 0.021484784698, 0.3547022187, 0.0064212577884],
      [0.00060173191038, 0.017808059955, 0.0061608304531, 0.87994944234, 0.095479935337],
      [0.026731024536, 0.22350084628, 0.037540071217, 0.66210880403, 0.050119253933],
      [0.0047098063371, 0.044934617981, 0.69226627775, 0.20761123754, 0.05047806039],
      [0.0012952632275, 0.15582062667, 0.071709543416, 0.54458837548, 0.22658619121],
      [0.0074205508904, 0.005297559409, 0.064499536775, 0.75712868655, 0.16565366637],
      [0.00059260109448, 0.32570517383, 0.028675616272, 0.39662639538, 0.24840021342]
    ],
    [
      [0.48786748404, 0.0039146785692, 0.020785458278, 0.47867227291, 0.0087601062043],
      [0.00014733269023, 0.016523368997, 0.0038302168973, 0.8838854275, 0.09561365392],
      [0.015493259862, 0.21454350699, 0.021892641781, 0.69513848689, 0.052932104473],
      [0.0016479813278, 0.05138775949, 0.63381280437, 0.25027019336, 0.062881261456],
      [0.00066600086139, 0.14773035231, 0.054862819491, 0.56223771767, 0.23450310967],
      [0.0048307245342, 0.0051995429275, 0.04853803379, 0.77266389078, 0.16876780796],
      [0.00022146251742, 0.31039289799, 0.022078733823, 0.40877768789, 0.25852921778]
    ],
    [
      [0.60314741038, 0.00020095116826, 0.014328533857, 0.37314402422, 0.0091790803687],
      [0.00052106569714, 0.01777301346, 0.0052509692919, 0.85507145882, 0.12138349273],
      [0.020465057482, 0.22911823334, 0.022956446474, 0.66051816533, 0.066942097369],
      [0.0029408309681, 0.053407616622, 0.63037872096, 0.23651629301, 0.076756538439],
      [0.0010333095837, 0.15042336677, 0.054574348456, 0.51512751533, 0.27884145986],
      [0.0062548768496, 0.0060542694771, 0.049275711296, 0.73026462422, 0.20815051816],
      [0.00044380838857, 0.30865784856, 0.021806633476, 0.3680641687, 0.30102754087]
    ],
    [
      [0.61124572434, 0.00027094506789, 0.01164000458, 0.36876579638, 0.0080775296262],
      [0.00042781468148, 0.017396037785, 0.0053631689643, 0.8673915884, 0.10942139017],
      [0.018964696113, 0.23326869231, 0.026603169162, 0.66167563807, 0.059487804352],
      [0.0025868805189, 0.051547163593, 0.64564539747, 0.23643265395, 0.063787904461],
      [0.00097350455618, 0.1562005144, 0.060722163131, 0.52664226814, 0.25546154977],
      [0.005934620855, 0.0060696187674, 0.055778859533, 0.74344087568, 0.18877602517],
      [0.00032517133184, 0.32361471368, 0.023354856622, 0.37470109594, 0.27800416243]
    ],
    [
      [0.75628810361, 0.00033130641936, 0.0082685695006, 0.23072782229, 0.0043841981842],
      [0.00050974930498, 0.015675880712, 0.0035461700891, 0.86331349159, 0.11695470831],
      [0.023126459429, 0.25535436296, 0.024500876595, 0.63570637272, 0.061311928299],
      [0.0032577553765, 0.059562013197, 0.64103439846, 0.225504649, 0.070641183964],
      [0.0012280788264, 0.17041322916, 0.057070664929, 0.50962638393, 0.26166164316],
      [0.0073286055252, 0.0074908081131, 0.052622221195, 0.73179241284, 0.20076595233],
      [0.00065345015983, 0.33930955534, 0.023268163766, 0.36215886367, 0.27460996707]
    ],
    [
      [0.59340099506, 0.00026088583647, 0.019551398615, 0.37721363673, 0.0095730837632],
      [0.00038611089794, 0.022836630066, 0.0085343998843, 0.84560515338, 0.12263770577],
      [0.018335723798, 0.26440447898, 0.03478815706, 0.61835106999, 0.064120570176],
      [0.0019525077359, 0.056326069154, 0.68283443089, 0.1899278404, 0.068959151824],
      [0.00097558212797, 0.17474138321, 0.063940986952, 0.49028818583, 0.27005386188],
      [0.0060346171828, 0.0080163035016, 0.060721245354, 0.71662946277, 0.20859837119],
      [0.00034827043556, 0.34816893482, 0.025709223293, 0.34243839176, 0.28333517969]
    ],
    [
      [0.49115492749, 0.0049361139441, 0.033537465716, 0.46218044871, 0.0081910441397],
      [0, 0.019773008656, 0.0055651755801, 0.88177336272, 0.092888453044],
      [0.012401955177, 0.250142625, 0.039067308149, 0.65034198284, 0.048046128841],
      [0.00052110553656, 0.050353140814, 0.6989355063, 0.20197591102, 0.048214336331],
      [0.00055435621761, 0.17392776619, 0.071562248547, 0.53560468591, 0.21835094313],
      [0.0046408465829, 0.0058032284012, 0.065561655582, 0.76152598928, 0.16246828015],
      [4.306287951e-05, 0.35723561991, 0.027647222847, 0.38066915853, 0.23440493583]
    ],
    [
      [0.5533688251, 0.0040618814047, 0.023806154566, 0.40793837173, 0.01082476719],
      [0.00021176427059, 0.021585760545, 0.0039937578384, 0.84613944329, 0.12806927405],
      [0.017302431736, 0.26943133922, 0.026771421317, 0.61999038336, 0.066504424368],
      [0.0019659030738, 0.060536548805, 0.64560112848, 0.22023871067, 0.071657708966],
      [0.00074443332606, 0.17695846543, 0.058153964491, 0.48192356639, 0.28221957036],
      [0.0055468637153, 0.0061757215445, 0.055661473113, 0.71433003406, 0.21828590757],
      [0.00024574829705, 0.35347646656, 0.020794375496, 0.33030344978, 0.29517995986]
    ],
    [
      [0.59116736685, 0.016293686468, 0.020270869321, 0.35708162763, 0.015186449736],
      [8.811041067e-05, 0.029715225267, 0.003985919634, 0.79961327014, 0.16659747455],
      [0.014751093523, 0.36110942979, 0.016681705218, 0.52841714797, 0.079040623498],
      [0.00086686043858, 0.088966915695, 0.61468196563, 0.20037710208, 0.09510715616],
      [0.00053818078653, 0.22657328627, 0.047047251192, 0.40044249119, 0.32539879056],
      [0.0055837253693, 0.0088897979091, 0.048023085869, 0.65822192058, 0.27928147027],
      [0, 0.41830139008, 0.015521731318, 0.25376306185, 0.31241381675]
    ],
    [
      [0.77458420009, 0, 0.0067181752044, 0.21485274241, 0.0038448822931],
      [0.0022443981013, 0.018399265508, 0.0056616754144, 0.88131890863, 0.092375752345],
      [0.043578691699, 0.27281938264, 0.023508098107, 0.6155230092, 0.044570818357],
      [0.008777231721, 0.064542499783, 0.65362389297, 0.21887614282, 0.0541802327],
      [0.0027573704962, 0.19701588907, 0.060225003822, 0.52819996414, 0.21180177247],
      [0.011650196908, 0.0085071100871, 0.056070609993, 0.76162381617, 0.16214826684],
      [0.0018389105468, 0.38708215674, 0.024090155936, 0.36782281118, 0.2191659656]
    ],
    [
      [0.56384185857, 0.0068039192271, 0.017638899606, 0.40396727983, 0.007748042769],
      [0.00021359093381, 0.024665686448, 0.0055268882922, 0.8701235595, 0.099470274825],
      [0.017370341915, 0.28371020879, 0.025149873988, 0.62426483279, 0.049504742512],
      [0.0013937251888, 0.065616822289, 0.67881022381, 0.18951568683, 0.064663541882],
      [0.00079399131045, 0.19995547127, 0.055460041492, 0.51419648638, 0.22959400955],
      [0.0059280471172, 0.0070393036311, 0.051805390302, 0.75781624049, 0.17741101846],
      [0.00029013216247, 0.39031689267, 0.02170395692, 0.35401350703, 0.23367551123]
    ],
    [
      [0.31531903486, 0.023727379508, 0.038595145931, 0.59622786465, 0.026130575056],
      [0, 0.02714252643, 0.0045259335038, 0.7795533089, 0.18877823117],
      [0.0013492437932, 0.35336342346, 0.024679625569, 0.52818722924, 0.092420477938],
      [0.00015034117006, 0.078172779811, 0.63642787559, 0.18926093814, 0.095988065288],
      [8.4720003146e-07, 0.20945443695, 0.052655085895, 0.38018024959, 0.35770938037],
      [0.0017925125604, 0.0068968043616, 0.056344606162, 0.6280490213, 0.30691705561],
      [0, 0.39365878741, 0.01574134649, 0.24114884524, 0.34945102086]
    ],
    [
      [0.3999127951, 0.024256530928, 0.045724059108, 0.51199612254, 0.018110492323],
      [0, 0.026547240912, 0.004687130082, 0.81525628782, 0.15350934118],
      [0.0035451987608, 0.33806658076, 0.026717943676, 0.55584838115, 0.075821895648],
      [0.0004625238369, 0.072728114989, 0.64994551878, 0.19781536984, 0.079048472554],
      [1.6537109504e-05, 0.21254100572, 0.055284735457, 0.42111791707, 0.31103980464],
      [0.0027594014363, 0.0069972170675, 0.058170533447, 0.67585741746, 0.25621543059],
      [0, 0.40738094918, 0.014393208074, 0.26708214303, 0.31114369971]
    ],
    [
      [0.53246904812, 0.0043051268331, 0.020370899363, 0.43119085819, 0.011664067493],
      [8.0099519044e-05, 0.021980691127, 0.0051160474565, 0.84447765169, 0.1283455102],
      [0.014264268717, 0.26762482889, 0.024338204204, 0.62633686185, 0.067435836337],
      [0.0011774546272, 0.062946287846, 0.63927581308, 0.21754394167, 0.079056502782],
      [0.0006444691598, 0.17541730969, 0.053525455311, 0.48688801438, 0.28352475146],
      [0.0049337647856, 0.0066511703023, 0.050386550811, 0.71749701842, 0.22053149568],
      [0.00013835633062, 0.34661471772, 0.020976948644, 0.33864216175, 0.29362781556]
    ],
    [
      [0.43236776247, 0.00055206422967, 0.032092938004, 0.52418027481, 0.010806960478],
      [0, 0.024689619641, 0.0066059735603, 0.86603320616, 0.10267120064],
      [0.006415619743, 0.30566824474, 0.047334254245, 0.59100213721, 0.049579744064],
      [0.00024931863811, 0.057194781157, 0.72210214983, 0.17474618284, 0.045707567537],
      [0.0002792667001, 0.20869831818, 0.081950249326, 0.48864345725, 0.22042870855],
      [0.0032722651287, 0.0079954944263, 0.079534424594, 0.73411409403, 0.17508372182],
      [6.9413831549e-06, 0.40811455978, 0.031689754712, 0.3338659932, 0.22632275092]
    ],
    [
      [0.40149309486, 0.00058937178012, 0.031175732423, 0.55561336477, 0.011128436166],
      [0, 0.0233485321, 0.0055442071182, 0.86991932871, 0.10118793207],
      [0.0057014041471, 0.29130726711, 0.03875358517, 0.6136604189, 0.050577324678],
      [0.00024701835573, 0.056928272637, 0.69867099497, 0.19656952517, 0.047584188864],
      [0.00018420344458, 0.19743412984, 0.075392648678, 0.50345940011, 0.22352961793],
      [0.0029756467419, 0.0070364382138, 0.072300094971, 0.74425523832, 0.17343258176],
      [0, 0.39411837684, 0.026168531981, 0.34580145197, 0.23391163921]
    ],
    [
      [0.42961711128, 0.017967669893, 0.032499556954, 0.50387812024, 0.016037541637],
      [0, 0.032022154397, 0.0041033851875, 0.81378576421, 0.15008869621],
      [0.0026023481216, 0.41495220951, 0.015054111262, 0.50178301676, 0.06560831435],
      [0.00036970530224, 0.10316635592, 0.62497872175, 0.20007439757, 0.071410819459],
      [0.00040403393887, 0.26825089922, 0.04952085174, 0.39439271471, 0.28743150039],
      [0.0029713922572, 0.0081872647824, 0.054215773412, 0.68169545592, 0.25293011362],
      [0, 0.48681447608, 0.012311374879, 0.23021734587, 0.27065680318]
    ],
    [
      [0.60568358138, 0.0095928159805, 0.013020634952, 0.36285434417, 0.0088486235217],
      [0.00090344401373, 0.030712665779, 0.0035618699336, 0.84663585898, 0.1181861613],
      [0.023448248067, 0.32835830744, 0.014283901751, 0.57702393314, 0.056885609601],
      [0.0030000340001, 0.088241744538, 0.60591124419, 0.22294934721, 0.079897630062],
      [0.0010999314899, 0.22593459314, 0.045173384655, 0.47233895398, 0.25545313673],
      [0.0074303638494, 0.010083993391, 0.044416344063, 0.7315633585, 0.2065059402],
      [0.00051355302722, 0.42449988231, 0.016421062479, 0.30653123416, 0.25203426802]
    ],
    [
      [0.47162061549, 0.00098660942269, 0.019836630646, 0.49245117137, 0.015104973071],
      [4.8021129937e-06, 0.039633012766, 0.01630406143, 0.79802893753, 0.14602918616],
      [0.0061457504107, 0.39858104265, 0.053866278286, 0.47808078019, 0.063326148459],
      [0.00020572972054, 0.073831901039, 0.73914166216, 0.12893480967, 0.057885897412],
      [0.00031743214892, 0.262073902, 0.082941635732, 0.38644026257, 0.26822676755],
      [0.0031482298064, 0.014650936404, 0.091335968633, 0.65189700097, 0.23896786419],
      [5.0791788222e-06, 0.47134008104, 0.031633279119, 0.24231352986, 0.2547080308]
    ],
    [
      [0.5437563667, 0.0061851440928, 0.032465076764, 0.40496655494, 0.012626857503],
      [5.2713063978e-05, 0.02523117066, 0.0059629473954, 0.82533525344, 0.14341791544],
      [0.014906235208, 0.29973173229, 0.037882903659, 0.57595713281, 0.071521996037],
      [0.00068151508941, 0.061799503896, 0.68352671888, 0.18280650351, 0.071185758623],
      [0.00057507879559, 0.19366289208, 0.065543785728, 0.44298451983, 0.29723372357],
      [0.0053048469966, 0.0070396293303, 0.065602032664, 0.68273002334, 0.23932346767],
      [0.00012834172104, 0.37704180576, 0.022909141084, 0.29676098256, 0.30315972887]
    ],
    [
      [0.70944752205, 0.0006563018335, 0.012605833056, 0.26691386054, 0.01037648252],
      [0.00094668845825, 0.029498847926, 0.0061648216581, 0.78024260793, 0.18314703403],
      [0.02745221826, 0.34315830655, 0.024700916623, 0.51699400747, 0.087694551093],
      [0.0049869295713, 0.078887751796, 0.63509588456, 0.18458616781, 0.096443266267],
      [0.0016511137457, 0.21145693038, 0.054402824626, 0.38675318023, 0.34573595101],
      [0.0085663288647, 0.010784500325, 0.05750600844, 0.62730835588, 0.29583480649],
      [0.00076077929377, 0.39246363916, 0.019383095598, 0.24934586735, 0.3380466186]
    ],
    [
