{
  "X": [
    [172, 607, 17],
    [49, 42, 12],
    [506, 1221, 52],
    [330, 710, 63],
    [409, 831, 43],
    [399, 941, 68],
    [397, 743, 51],
    [33, 208, 2],
    [23, 124, 3],
    [20, 13, 0],
    [82, 227, 10],
    [26, 104, 5],
    [28, 122, 7],
    [81, 249, 2],
    [21, 41, 1],
    [58, 159, 3],
    [8, 0, 0],
    [174, 90, 12],
    [29, 105, 6],
    [16, 121, 5],
    [12, 16, 2],
    [35, 157, 2],
    [33, 62, 3],
    [26, 136, 7],
    [150, 163, 18],
    [236, 211, 34],
    [292, 413, 39],
    [38, 51, 1],
    [15, 33, 0],
    [4, 1, 2],
    [268, 703, 16],
    [131, 145, 14],
    [190, 116, 15],
    [324, 519, 31],
    [280, 307, 22],
    [450, 595, 43],
    [200, 402, 18],
    [498, 729, 47],
    [288, 433, 28],
    [196, 376, 14],
    [303, 498, 18],
    [7, 27, 1],
    [195, 493, 31],
    [21, 69, 2],
    [29, 60, 4],
    [146, 166, 5],
    [333, 111, 20],
    [405, 55, 9],
    [353, 128, 26],
    [259, 45, 12],
    [276, 79, 15],
    [698, 314, 63],
    [98, 63, 7],
    [451, 302, 24],
    [57, 13, 3],
    [377, 364, 31],
    [26, 35, 4],
    [21, 79, 2],
    [145, 194, 14],
    [44, 29, 3],
    [28, 117, 2],
    [44, 69, 5],
    [145, 159, 41],
    [1704, 2917, 140],
    [172, 251, 23],
    [772, 1126, 121],
    [130, 222, 6]
  ],
  "W": [
    [34, 40, 114, 585, 14, 9],
    [3, 8, 34, 41, 11, 6],
    [74, 86, 400, 1090, 70, 59],
    [49, 55, 257, 634, 60, 48],
    [53, 68, 301, 750, 68, 43],
    [93, 59, 318, 803, 74, 61],
    [47, 49, 312, 660, 73, 50],
    [9, 3, 23, 194, 6, 8],
    [9, 3, 22, 112, 1, 3],
    [1, 1, 19, 12, 0, 0],
    [17, 15, 56, 192, 31, 8],
    [9, 5, 17, 91, 6, 7],
    [10, 4, 23, 113, 1, 6],
    [10, 10, 50, 242, 11, 9],
    [6, 1, 14, 39, 1, 2],
    [12, 3, 47, 143, 9, 6],
    [0, 0, 6, 1, 0, 1],
    [5, 5, 135, 85, 24, 22],
    [3, 2, 16, 112, 1, 6],
    [16, 5, 8, 101, 6, 6],
    [2, 2, 8, 12, 3, 3],
    [14, 5, 21, 142, 6, 6],
    [2, 3, 26, 58, 8, 1],
    [20, 5, 19, 115, 7, 3],
    [10, 6, 113, 156, 22, 24],
    [20, 18, 160, 208, 39, 36],
    [29, 33, 209, 394, 48, 31],
    [2, 4, 25, 50, 5, 4],
    [2, 3, 7, 31, 3, 2],
    [0, 2, 3, 2, 0, 0],
    [24, 66, 164, 673, 35, 25],
    [6, 20, 98, 137, 19, 10],
    [11, 18, 123, 114, 26, 29],
    [23, 29, 210, 534, 39, 39],
    [15, 26, 207, 293, 33, 35],
    [25, 54, 313, 575, 65, 56],
    [26, 37, 135, 383, 16, 23],
    [43, 70, 342, 707, 64, 48],
    [18, 38, 199, 413, 35, 46],
    [9, 19, 146, 365, 31, 16],
    [19, 46, 198, 500, 23, 33],
    [3, 1, 4, 23, 1, 3],
    [38, 39, 123, 449, 43, 27],
    [6, 0, 14, 68, 1, 3],
    [4, 3, 23, 47, 8, 8],
    [11, 9, 115, 151, 15, 16],
    [7, 8, 270, 124, 30, 25],
    [7, 11, 351, 46, 21, 33],
    [9, 9, 298, 127, 29, 35],
    [3, 5, 208, 43, 35, 22],
    [5, 11, 229, 74, 19, 32],
    [19, 34, 575, 312, 68, 67],
    [4, 6, 78, 58, 6, 16],
    [27, 25, 342, 300, 46, 37],
    [1, 5, 47, 10, 1, 9],
    [21, 37, 261, 345, 73, 35],
    [2, 2, 18, 37, 3, 3],
    [6, 3, 17, 71, 2, 3],
    [13, 20, 102, 182, 16, 20],
    [2, 4, 28, 25, 7, 10],
    [6, 2, 21, 110, 1, 7],
    [7, 3, 31, 62, 10, 5],
    [3, 6, 134, 161, 17, 24],
    [150, 230, 1247, 2730, 237, 167],
    [14, 26, 126, 227, 29, 24],
    [79, 117, 566, 1051, 83, 123],
    [12, 44, 76, 200, 11, 15]
  ],
  "method": "mult",
  "cond_prob": [
    [
      [0.34945075732, 0.58816127418, 0.062387968503],
      [0.33225018828, 0.60913239541, 0.058617416309],
      [0.97831871748, 0, 0.021681282516],
      [0.034122503386, 0.95923224471, 0.0066452519058],
      [0.67265943596, 0.1046023408, 0.22273822324],
      [0.65793737137, 0.0024361040158, 0.33962652461]
    ],
    [
      [0.10811100535, 0.71904920912, 0.17283978553],
      [0.41115164758, 0.43208636356, 0.15676198886],
      [0.95379023876, 0, 0.046209761245],
      [0.088325540345, 0.87158859421, 0.04008586545],
      [0.5684717361, 0.054693165397, 0.3768350985],
      [0.5138415724, 0.0082340470676, 0.47792438053]
    ],
    [
      [0.0081474943095, 0.93729974942, 0.054552756273],
      [0.31613822962, 0.62928855927, 0.054573211107],
      [0.94838643416, 0.033924473675, 0.017689092168],
      [0.013298297569, 0.98182283378, 0.0048788686511],
      [0.63946150732, 0.16257764447, 0.19796084821],
      [0.6711385449, 0.040404899017, 0.28845655608]
    ],
    [
      [0.0089329827856, 0.90007445322, 0.090992563994],
      [0.31038544657, 0.59739154314, 0.092223010283],
      [0.9437216055, 0.025057575452, 0.031220819046],
      [0.014730539331, 0.97286673915, 0.01240272152],
      [0.56512504486, 0.13570648544, 0.2991684697],
      [0.55641598002, 0.034585797506, 0.40899822247]
    ],
    [
      [0.021320787758, 0.91942442166, 0.059254790587],
      [0.34125206687, 0.60082561647, 0.057922316655],
      [0.97800267943, 0.0043644126795, 0.017632907889],
      [0.021047857723, 0.97271382792, 0.0062383143604],
      [0.66236805824, 0.13767376574, 0.19995817601],
      [0.68509604512, 0.027988104826, 0.28691585006]
    ],
    [
      [0.0073577856321, 0.91832683319, 0.074315381177],
      [0.30218786548, 0.62158465493, 0.076227479593],
      [0.91881899662, 0.055158146227, 0.026022857157],
      [0.012393556279, 0.97938081348, 0.0082256302373],
      [0.57853992911, 0.1596624535, 0.26179761739],
      [0.58259377874, 0.051213189939, 0.36619303132]
    ],
    [
      [0.0084711359245, 0.92275245432, 0.068776409756],
      [0.32880393089, 0.60254099349, 0.068655075627],
      [0.94051322379, 0.038590075709, 0.0208967005],
      [0.014763553692, 0.97763119823, 0.0076052480746],
      [0.62502797879, 0.14546530367, 0.22950671754],
      [0.63358700573, 0.044209286865, 0.3222037074]
    ],
    [
      [0.0035408520675, 0.98818864411, 0.0082705038221],
      [0.26767550615, 0.71441995358, 0.017904540265],
      [0.92683330433, 0.068912519264, 0.004254176403],
      [0.0054905397198, 0.99375058219, 0.00075887808807],
      [0.62410166233, 0.29423050797, 0.081667829705],
      [0.75477064171, 0.10313230076, 0.14209705753]
    ],
    [
      [0.0034201285077, 0.94228065501, 0.05429921648],
      [0.24986070998, 0.69387362377, 0.056265666253],
      [0.8801934086, 0.095147634604, 0.024658956793],
      [0.0055556897697, 0.99081320334, 0.0036311068949],
      [0.52233017977, 0.23829488845, 0.23937493178],
      [0.57027143009, 0.045077203423, 0.38465136649]
    ],
    [
      [0.012347042609, 0.98765295739, 0],
      [0.49132734656, 0.50867265344, 0],
      [0.99487343943, 0.0051265605696, 0],
      [0.049477521804, 0.9505224782, 0],
      ["NaN", "NaN", "NaN"],
      ["NaN", "NaN", "NaN"]
    ],
    [
      [0.0069859057158, 0.95173507616, 0.04127901812],
      [0.29778110308, 0.65732588266, 0.044893014253],
      [0.90076527759, 0.089809679506, 0.0094250429042],
      [0.011150161686, 0.98536230847, 0.0034875298426],
      [0.6280967037, 0.19878372216, 0.17311957414],
      [0.66997983166, 0.072426849925, 0.25759331842]
    ],
    [
      [0.034899927678, 0.91284558809, 0.052254484228],
      [0.27803134149, 0.6665264417, 0.055442216812],
      [0.93252273835, 0.049970923072, 0.017506338574],
      [0.0089015658636, 0.98738372709, 0.0037147070454],
      [0.5723172687, 0.20836204238, 0.21932068892],
      [0.59984446938, 0.07145148384, 0.32870404678]
    ],
    [
      [0.035003970359, 0.86969878061, 0.095297249031],
      [0.26576948914, 0.63725114679, 0.096979364069],
      [0.95629300872, 0.0019584061811, 0.041748585096],
      [0.010505156262, 0.97821210282, 0.011282740921],
      [0.49102155816, 0.15428053077, 0.35469791107],
      [0.48567315392, 0.0027860192403, 0.51154082684]
    ],
    [
      [0.31614523217, 0.66978596097, 0.014068806865],
      [0.35660074247, 0.6306734276, 0.012725829927],
      [0.99598230459, 0, 0.0040176954084],
      [0.031355306199, 0.96780932288, 0.00083537092207],
      [0.78849581188, 0.15969751664, 0.051806671479],
      [0.91244299924, 0.0032085882887, 0.084348412472]
    ],
    [
      [0.2036521785, 0.75874668875, 0.037601132748],
      [0.41474809121, 0.55291304341, 0.032338865386],
      [0.99159151826, 0, 0.0084084817445],
      [0.078534858455, 0.91817749671, 0.003287644836],
      [0.79624981063, 0.083976426622, 0.11977376275],
      [0.81097414591, 0.000854012907, 0.18817184118]
    ],
    [
      [0.0067640597932, 0.96679398621, 0.026441953995],
      [0.31826824334, 0.65462462321, 0.027107133446],
      [0.94736744676, 0.045637346662, 0.0069952065832],
      [0.011078978682, 0.98704045348, 0.0018805678365],
      [0.69264478621, 0.19847389526, 0.10888131852],
      [0.76994325458, 0.059432182927, 0.1706245625]
    ],
    [
      ["NaN", "NaN", "NaN"],
      ["NaN", "NaN", "NaN"],
      [1, 0, 0],
      [1, 0, 0],
      ["NaN", "NaN", "NaN"],
      [1, 0, 0]
    ],
    [
      [0.0045174004536, 0.92061494891, 0.074867650632],
      [0.47900243285, 0.45972853533, 0.061269031821],
      [0.98377814502, 0.004863770621, 0.01135808436],
      [0.043004140093, 0.94518503366, 0.011810826244],
      [0.76531296072, 0.073202470372, 0.16148456891],
      [0.76134037685, 0.015640290669, 0.22301933248]
    ],
    [
      [0.47650429862, 0.41546020071, 0.10803550066],
      [0.72078958461, 0.18328064734, 0.095929768045],
      [0.96475440332, 0, 0.035245596676],
      [0.06193113777, 0.92255419904, 0.01551466319],
      [0.61269787637, 0.058373627133, 0.3289284965],
      [0.52397536252, 0.00043569724948, 0.47558894023]
    ],
    [
      [0.052529240572, 0.91024111545, 0.037229643979],
      [0.2420596657, 0.70450895465, 0.053431379644],
      [0.8659881597, 0.10477529635, 0.029236543953],
      [0.00559923256, 0.9913687654, 0.0030320020378],
      [0.51855761746, 0.24836799376, 0.23307438878],
      [0.55741005858, 0.076156956757, 0.36643298467]
    ],
    [
      [0.0051104407016, 0.93504244633, 0.059847112964],
      [0.34364145513, 0.59149066618, 0.064867878694],
      [0.92854533095, 0.061701396818, 0.0097532722325],
      [0.0090700702986, 0.98390593453, 0.0070239951755],
      [0.63401599452, 0.14780275715, 0.21818124832],
      [0.62108157787, 0.06768103822, 0.31123738391]
    ],
    [
      [0.094062722943, 0.88604182804, 0.019895449017],
      [0.31290163466, 0.66786645206, 0.019231913287],
      [0.99302638861, 0.001545621358, 0.0054279900341],
      [0.014528875976, 0.98436596506, 0.0011051589684],
      [0.70507381941, 0.21091952937, 0.084006651219],
      [0.82858603995, 0.029689980751, 0.1417239793]
    ],
    [
      [0.0094277128024, 0.93066898711, 0.059903300084],
      [0.33936131091, 0.60211499132, 0.058523697773],
      [0.96511597085, 0.018263774494, 0.016620254651],
      [0.016600607202, 0.97789172172, 0.0055076710789],
      [0.65435056086, 0.13924297568, 0.20640646346],
      [0.67240569489, 0.02579524979, 0.30179905532]
    ],
    [
      [0.039076638004, 0.88635521692, 0.074568145073],
      [0.26082331919, 0.66119014122, 0.077986539591],
      [0.94322635417, 0.019286403866, 0.037487241966],
      [0.0073547078807, 0.98533586705, 0.0073094250711],
      [0.51026508964, 0.17903221233, 0.31070269803],
      [0.52513429369, 0.011217695035, 0.46364801128]
    ],
    [
      [0.015744973904, 0.90017336477, 0.08408166133],
      [0.39821352865, 0.52389574439, 0.077890726966],
      [0.97459335547, 0.0051936235397, 0.020213020987],
      [0.041839868361, 0.94549079264, 0.012669338998],
      [0.67472179049, 0.098456728116, 0.22682148139],
      [0.66472171106, 0.02522503148, 0.31005325746]
    ],
    [
      [0.1079957647, 0.78357204272, 0.10843219257],
      [0.44240444176, 0.46247034663, 0.095125211608],
      [0.97513016983, 0, 0.024869830172],
      [0.095409525273, 0.88426604079, 0.020324433936],
      [0.67974963392, 0.068354404182, 0.2518959619],
      [0.65279335006, 0.011414851627, 0.33579179831]
    ],
    [
      [0.10293903873, 0.80629816954, 0.090762791728],
      [0.38398290525, 0.5311334168, 0.084883677949],
      [0.97588128699, 0, 0.024118713009],
      [0.053366136932, 0.93250895361, 0.014124909454],
      [0.65426191264, 0.091631844599, 0.25410624276],
      [0.6436552666, 0.0091320665939, 0.34721266681]
    ],
    [
      [0.2521566731, 0.72705325528, 0.020790071623],
      [0.43189572695, 0.54979634885, 0.018307924202],
      [0.99780872527, 0, 0.0021912747332],
      [0.061911805166, 0.93576331699, 0.0023248778474],
      [0.83101114486, 0.10481438406, 0.06417447108],
      [0.89305990793, 0.0086175811036, 0.098322510962]
    ],
    [
      [0.33263189466, 0.66736810534, 0],
      [0.40821576399, 0.59178423601, 0],
      [1, 0, 0],
      [0.046910637615, 0.95308936239, 0],
      [0.88702584879, 0.11297415121, 0],
      [0.99739080314, 0.0026091968625, 0]
    ],
    [
      ["NaN", "NaN", "NaN"],
      [0.37350007277, 0.029571370869, 0.59692855636],
      [0.87285676308, 0, 0.12714323692],
      [0.31721478262, 0.47042862913, 0.21235658825],
      ["NaN", "NaN", "NaN"],
      ["NaN", "NaN", "NaN"]
    ],
    [
      [0.47570256032, 0.4886944169, 0.035603022776],
      [0.3604852997, 0.60646664723, 0.033048053069],
      [0.9895682852, 0, 0.010431714803],
      [0.035761494886, 0.96106582277, 0.0031726823442],
      [0.7504135805, 0.12500753085, 0.12457888866],
      [0.80679794495, 0.0028789189513, 0.1903231361]
    ],
    [
      [0.037936563764, 0.87249924707, 0.089564189169],
      [0.40348560459, 0.51401369608, 0.082500699327],
      [0.97854521781, 0, 0.02145478219],
      [0.053939732193, 0.93253679374, 0.013523474065],
      [0.67384343089, 0.085820419928, 0.24033614918],
      [0.66124686828, 0.0096601874601, 0.32909294426]
    ],
    [
      [0.1002570351, 0.82569411349, 0.074048851407],
      [0.51522826452, 0.42521676115, 0.059554974332],
      [0.98786717614, 0, 0.012132823855],
      [0.13354785709, 0.85462336465, 0.011828778258],
      [0.78443611643, 0.059746534152, 0.15581734942],
      [0.77571056728, 0.0097582618288, 0.21453117089]
    ],
    [
      [0.42932930966, 0.50036399021, 0.070306700124],
      [0.40777587761, 0.5294064051, 0.062817717284],
      [0.98258546384, 0, 0.017414536158],
      [0.07440606709, 0.91567230098, 0.0099216319311],
      [0.72154247487, 0.080692786991, 0.19776473814],
      [0.72010209421, 0.00058500158348, 0.27931290421]
    ],
    [
      [0.019946416871, 0.91699038725, 0.063063195884],
      [0.41526326342, 0.52734631047, 0.057390426112],
      [0.98531342273, 0.0007918441799, 0.01389473309],
      [0.051629609707, 0.94017789577, 0.0081924945244],
      [0.72821630304, 0.097821802358, 0.17396189461],
      [0.73672762138, 0.019142441029, 0.24412993759]
    ],
    [
      [0.13762962205, 0.79472855328, 0.067641824662],
      [0.40090463491, 0.53676489858, 0.062330466508],
      [0.98359562361, 0, 0.016404376389],
      [0.053776850366, 0.93712849926, 0.0090946503791],
      [0.70859074205, 0.099026560154, 0.1923826978],
      [0.71544449606, 0.015372645765, 0.26918285817]
    ],
    [
      [0.2501216282, 0.6895546257, 0.060323746098],
      [0.37518759482, 0.56887970121, 0.055932703974],
      [0.98342177854, 0, 0.01657822146],
      [0.049312528539, 0.94350875656, 0.0071787148997],
      [0.70896359162, 0.10084604786, 0.19019036052],
      [0.72273220258, 0.001984359055, 0.27528343837]
    ],
    [
      [0.21343589234, 0.71579484388, 0.070769263774],
      [0.40176595715, 0.53354679645, 0.064687246401],
      [0.982396828, 0, 0.017603172],
      [0.063613607155, 0.92664176411, 0.0097446287309],
      [0.70966991392, 0.088511452607, 0.20181863347],
      [0.71510895215, 0.0015017867953, 0.28338926106]
    ],
    [
      [0.12085184388, 0.81752562543, 0.06162253069],
      [0.38498972815, 0.5573504411, 0.057659830755],
      [0.98438686975, 0, 0.015613130245],
      [0.042865297758, 0.94962513483, 0.007509567412],
      [0.70335174456, 0.11174968082, 0.18489857461],
      [0.71698676142, 0.02171309711, 0.26130014147]
    ],
    [
      [0.082687608464, 0.8676748115, 0.049637580032],
      [0.3590565555, 0.59390853805, 0.047034906441],
      [0.98487607058, 0.0016518687787, 0.01347206064],
      [0.030067045031, 0.96503893681, 0.0048940181553],
      [0.70383594696, 0.13241950451, 0.16374454853],
      [0.74052780453, 0.020079690928, 0.23939250454]
    ],
    [
      [0.48692804151, 0.46504857944, 0.048023379054],
      [0.42140342327, 0.53593840346, 0.042658173272],
      [0.98860313674, 0, 0.011396863264],
      [0.069509121235, 0.92489178284, 0.0055990959291],
      [0.77051026304, 0.087898017063, 0.1415917199],
      [0.79224521211, 0.0013140794344, 0.20644070846]
    ],
    [
      [0.042312751993, 0.94439074699, 0.013296501019],
      [0.29305599728, 0.67386564446, 0.033078358261],
      [0.93888407743, 0.054883825733, 0.0062320968366],
      [0.0083714898172, 0.98982937756, 0.0017991326237],
      [0.62305243253, 0.23382385199, 0.14312371548],
      [0.66962424623, 0.091175758598, 0.23919999517]
    ],
    [
      [0.13764538606, 0.79284695338, 0.069507660557],
      [0.33238467095, 0.59955595333, 0.068059375721],
      [0.97587411523, 0.0011673570699, 0.022958527703],
      [0.02683840065, 0.96492973861, 0.0082318607363],
      [0.63374294705, 0.13054167579, 0.23571537716],
      [0.64713216203, 0.01773348058, 0.33513435739]
    ],
    [
      [0.22544948423, 0.71906734319, 0.055483172574],
      ["NaN", "NaN", "NaN"],
      [0.98364670366, 0, 0.016353296342],
      [0.045419616613, 0.94937587191, 0.005204511472],
      [0.68730207411, 0.12309604734, 0.18960187855],
      [0.70013774653, 0.0016468677654, 0.29821538571]
    ],
    [
      [0, 0.96116612977, 0.03883387023],
      [0.27713418961, 0.67594516813, 0.046920642264],
      [0.7981213929, 0.1937614715, 0.0081171356004],
      [0.0024273260332, 0.99362128641, 0.0039513875533],
      [0.59530356119, 0.24896561136, 0.15573082745],
      [0.61691157267, 0.12238259747, 0.26070582986]
    ],
    [
      [0.011519567834, 0.95951282788, 0.028967604284],
      [0.40934036792, 0.56398102054, 0.026678611537],
      [0.97836476219, 0.016640542523, 0.004994695285],
      [0.029396975337, 0.96771364122, 0.0028893834415],
      [0.78974591504, 0.12141352949, 0.08884055547],
      [0.83700886181, 0.031869034468, 0.13112210372]
    ],
    [
      [0.039998670828, 0.84615979952, 0.11384152965],
      [0.55695268894, 0.36302170379, 0.080025607274],
      [0.98405883217, 0.00083333549252, 0.015107832339],
      [0.16925397909, 0.81043293414, 0.020313086764],
      [0.76743704116, 0.045052152675, 0.18751080617],
      [0.7423159386, 0.0040983510411, 0.25358571036]
    ],
    [
      [0.00062123931206, 0.92750682637, 0.071871934316],
      [0.56859533103, 0.39410068887, 0.037303980099],
      [0.99488951978, 0.00050402015936, 0.0046064600581],
      [0.056644457257, 0.92931944092, 0.014036101822],
      [0.86426417549, 0.049399796433, 0.086336028082],
      [0.87211177336, 0.006343744074, 0.12154448257]
    ],
    [
      [0.0021323447178, 0.87887983474, 0.11898782054],
      [0.50902306674, 0.4022839262, 0.088693007063],
      [0.9796417578, 0.0026805444374, 0.017677697759],
      [0.081723261714, 0.89633770454, 0.021939033747],
      [0.73388450165, 0.054707557181, 0.21140794117],
      [0.70871007674, 0.0071233221318, 0.28416660113]
    ],
    [
      [0.00066612698148, 0.89636996486, 0.10296390816],
      [0.56977236681, 0.37055262836, 0.059675004829],
      [0.99093861748, 0.00074320863967, 0.0083181738844],
      [0.083025889131, 0.89650782067, 0.020466290201],
      [0.81907119351, 0.046397034234, 0.13453177226],
      [0.80892283384, 0.0059003218028, 0.18517684435]
    ],
    [
      [0.0006588124054, 0.90364875221, 0.095692435384],
      [0.52917595096, 0.40446223032, 0.066361818722],
      [0.98705366419, 0.0019936631926, 0.010952672614],
      [0.059889320279, 0.92248431373, 0.017626365988],
      [0.78569611499, 0.05552003103, 0.15878385398],
      [0.77438892162, 0.0080438446425, 0.21756723374]
    ],
    [
      [0.012287536296, 0.86212219728, 0.12559026643],
      [0.48737786646, 0.41370439237, 0.098917741173],
      [0.97491790494, 0.0032099947185, 0.021872100345],
      [0.087777165455, 0.88907415487, 0.023148679679],
      [0.70526535958, 0.056467439883, 0.23826720054],
      [0.67572199909, 0.0071202942945, 0.31715770661]
    ],
    [
      [0.0078697782813, 0.92052113163, 0.071609090086],
      [0.4552222102, 0.48333197362, 0.061445816172],
      [0.98137331404, 0.0065441862213, 0.012082499737],
      [0.039140639299, 0.95043169352, 0.010427667186],
      [0.74859661306, 0.081334757376, 0.17006862956],
      [0.74552077329, 0.018401896145, 0.23607733056]
    ],
    [
      [0.055279668039, 0.8796953808, 0.065024951156],
      [0.49389120294, 0.45260320189, 0.053505595174],
      [0.98904166913, 0, 0.01095833087],
      [0.11198312433, 0.87853361608, 0.0094832595846],
      [0.78584888532, 0.067543898647, 0.14660721603],
      [0.78821437897, 0.0071902840273, 0.20459533701]
    ],
    [
      [0.00050781947004, 0.9042823167, 0.095209863826],
      [0.49182349917, 0.44634294862, 0.061833552214],
      [0.99002005549, 0.001562262508, 0.0084176820053],
      [0.015984223488, 0.96597253294, 0.018043243574],
      [0.79514845196, 0.05512573655, 0.14972581149],
      [0.78382682111, 0.0084139484878, 0.2077592304]
    ],
    [
      [0.051669025171, 0.88295800737, 0.065372967456],
      [0.43550165355, 0.50618045408, 0.058317892368],
      [0.98636182523, 0, 0.013638174771],
      [0.064393177874, 0.92652419468, 0.0090826274491],
      [0.74095430578, 0.088431035801, 0.17061465842],
      [0.74444692049, 0.017796921923, 0.23775615759]
    ],
    [
      [0.37305752732, 0.50548896942, 0.12145350326],
      [0.40608863201, 0.48516866941, 0.10874269857],
      [0.97017727043, 0, 0.029822729571],
      [0.091217978029, 0.88794415019, 0.020837871777],
      [0.6302279414, 0.05491705505, 0.31485500355],
      [0.57092260078, 0, 0.42907739922]
    ],
    [
      [0.0055584895543, 0.95296322841, 0.041478282037],
      [0.2896288165, 0.66805115797, 0.042320025523],
      [0.95431135675, 0.031231092994, 0.014457550254],
      [0.0087581370753, 0.98865546519, 0.0025863977316],
      [0.61598005176, 0.20784475497, 0.17617519327],
      [0.67356057084, 0.045637012024, 0.28080241713]
    ],
    [
      [0.10223479573, 0.83005303408, 0.067712170189],
      [0.39991791645, 0.53756029869, 0.062521784862],
      [0.98360925202, 0, 0.016390747981],
      [0.0537128481, 0.93734849112, 0.0089386607795],
      [0.70675857692, 0.098794405779, 0.1944470173],
      [0.71302850178, 0.013998435344, 0.27297306288]
    ],
    [
      [0.011055641243, 0.94232716484, 0.04661719392],
      [0.46544438505, 0.494524574, 0.040031040946],
      [0.98719271788, 0.0082855648431, 0.0045217172762],
      [0.033311912177, 0.96044257909, 0.0062455087324],
      [0.79446385323, 0.089591829835, 0.11594431693],
      [0.80806702996, 0.026704427258, 0.16522854278]
    ],
    [
      [0.0052479252985, 0.96597590623, 0.028776168476],
      [0.29626384058, 0.67571361354, 0.028022545881],
      [0.98439157382, 0.008613166826, 0.0069952593524],
      [0.0081461770317, 0.99038431933, 0.0014695036379],
      [0.64883620876, 0.23333183215, 0.11783195909],
      [0.73697800493, 0.070890553391, 0.19213144167]
    ],
    [
      [0.026864085901, 0.9094553201, 0.063680594003],
      [0.37057088675, 0.56861435667, 0.060814756577],
      [0.98179910589, 0.0017319727955, 0.016468921314],
      [0.033056988597, 0.95975107976, 0.00719193164],
      [0.67870455938, 0.12172724083, 0.19956819979],
      [0.68557751379, 0.030487835816, 0.28393465039]
    ],
    [
      [0.018868182535, 0.781030007, 0.20010181047],
      [0.3239665631, 0.48093676998, 0.19509666693],
      [0.91211327591, 0.019074979733, 0.06881174436],
      [0.020437841227, 0.93226703156, 0.047295127212],
      [0.45848720055, 0.064085595972, 0.47742720348],
      [0.40381842732, 0.0012831192509, 0.59489845343]
    ],
    [
      [0.066722156375, 0.87764483456, 0.055633009063],
      [0.36935862496, 0.57793208984, 0.0527092852],
      [0.98403290454, 0.0011457127302, 0.014821382725],
      [0.034364560465, 0.95943611104, 0.0061993284922],
      [0.70260751478, 0.12090080804, 0.17649167718],
      [0.72824508841, 0.018479734889, 0.25327517671]
    ],
    [
      [0.013232709014, 0.90769658924, 0.079070701743],
      [0.36196795739, 0.56157250653, 0.076459536081],
      [0.969824222, 0.0085441770136, 0.021631600988],
      [0.026794072062, 0.96250775171, 0.01069817623],
      [0.64578607163, 0.11659132117, 0.23762260721],
      [0.64148636561, 0.031016180233, 0.32749745415]
    ],
    [
      [0.069691532212, 0.83149412343, 0.09881434436],
      [0.36973818161, 0.53612523444, 0.094136583947],
      [0.97214310463, 0, 0.027856895367],
      [0.043819800836, 0.93997302676, 0.016207172403],
      [0.6256075298, 0.095978446602, 0.2784140236],
      [0.60993470595, 0.013881704281, 0.37618358977]
    ],
    [
      [0.35238340191, 0.61700987626, 0.030606721837],
      [0.40903472534, 0.56315897678, 0.027806297884],
      [0.9926806254, 0, 0.0073193745956],
      [0.05370877061, 0.94348659472, 0.0028046346709],
      [0.80324861057, 0.098405010409, 0.098346379017],
      [0.85017699288, 0.0024741632273, 0.14734884389]
    ]
  ],
  "expected_outcome": [
    [
      [0.85498635059, 0.029759208444, 0.040844087769, 0.029652819387, 0.076551293199, 0.046355737442, 0.026971985869, 0.0021588561616, 0.002085251053, 0.0020233614639, 0.0080453521199, 0.021278472659, 0.023713230492, 0.22524908459, 0.14145539797, 0.0054987262515, 0, 0.0071344451096, 0.10267594157, 0.056936992071, 0.00069240750136, 0.089211121187, 0.0012773495372, 0.052944469688, 0.020845246562, 0.23593881098, 0.25779580721, 0.037991743219, 0.049007309352, 0, 0.80007947456, 0.02291711905, 0.13348754909, 0.73342093035, 0.040622502089, 0.27007680125, 0.49617653107, 0.72809276651, 0.16703342391, 0.056927052374, 0.67188075924, 0.0085993562769, 0.36412976331, 0.1119534474, 0, 0.0098493314794, 0.035877651125, 0.0084027519677, 0.014982703335, 0.0038613827663, 0.0063649697909, 0.047368027507, 0.0061451734543, 0.21100475675, 0.00098123701363, 0.11355656533, 0.058173064284, 0.0022593393144, 0.11408301426, 0.0028985284175, 0.0021331053751, 0.015422404904, 0.0046259969096, 0.78355894508, 0.012550187477, 0.46523484072, 0.30809606348],
      [29.9981927035, 2.42319726, 68.3395234663, 43.1285478619, 48.6816173254, 83.7534385937, 42.7460437008, 8.9003279858, 8.2363437372, 0.99797663854, 16.034023865, 8.2932929948, 8.5722466467, 9.5584150085, 5.535843663, 11.5346989619, 0, 4.6378413761, 2.4083258954, 15.115280345, 1.8659611199, 13.4774615325, 1.8353800374, 17.7901234928, 8.99370392, 17.3415715995, 25.4441338158, 1.9058404934, 1.9509926906, 0, 21.950743554, 5.3320458428, 10.012035499, 20.0945300586, 13.8107426896, 22.5960699092, 23.3371338652, 38.3194933608, 16.3971386496, 8.3220272294, 17.0732616958, 2.951207148, 34.005211261, 5.3794538724, 3.8096943954, 10.5919758133, 6.2485112032, 6.7026448452, 8.0628888265, 2.7995671916, 4.6223720219, 16.7355722695, 3.7000973276, 24.8469838916, 0.93569760141, 19.281681899, 1.6319275421, 5.6219415679, 11.7754929835, 1.9028199117, 5.7240427046, 6.4126853112, 2.3438068501, 138.0726851194, 12.6129799544, 68.8648117884, 11.1931663659],
      [3.1468209459, 0.54704353152, 5.6196324459, 5.8417993188, 4.2418313814, 9.2002056688, 4.2269843133, 0.097513157992, 0.76157101178, 0, 0.95793078287, 0.68542853256, 1.4040401228, 0.21633590691, 0.32270093906, 0.45980231184, 0, 0.35502417881, 0.48899816304, 0.82778266291, 0.13334647264, 0.43332734636, 0.16334261302, 2.1569320375, 0.98545083348, 2.4224895895, 3.2980703769, 0.056167763429, 0, 0, 1.2491769715, 0.64503703814, 0.85447695188, 2.172049011, 1.1486348083, 2.1338532895, 2.1666896037, 3.9524138727, 1.4358279265, 0.62104571823, 1.2548575449, 0.040193495719, 3.6306589757, 0.5085926802, 0.19030560463, 0.39817485526, 0.71561114571, 0.28895240282, 0.9221284702, 0.19657142563, 0.37126300832, 2.2170597029, 0.29375749896, 1.9420113516, 0.063321161581, 1.6047615357, 0.30989939365, 0.37579909278, 1.1104240022, 0.094281559895, 0.27382419002, 0.57189228386, 0.65156715297, 11.1437559355, 1.3744698582, 9.6699533708, 0.49873757061]
    ],
    [
      [19.4009117298, 3.6832512071, 37.8409220253, 23.0193943379, 31.0683421279, 24.6363386708, 21.3327549514, 1.320228413, 1.2123655051, 0.52213173591, 6.3513945241, 2.102849962, 1.6345918055, 5.1937973543, 0.55463294592, 1.3870154043, 0, 2.4805715768, 1.0447679609, 1.9585977938, 0.84379360838, 2.4277085846, 1.3569862685, 2.0472160883, 2.8361154308, 9.0120975185, 15.6996518159, 2.1441035254, 1.6802173179, 0.73173550102, 33.1163020719, 9.5224925667, 9.8287638677, 14.9876414724, 12.8076197361, 26.5330281329, 18.4107847273, 35.0434517507, 18.4267289234, 9.0886067243, 24.3024856348, 0.45173284687, 17.8693345615, 0, 1.1505962144, 4.4541140136, 4.3113902605, 5.786131527, 4.4985142004, 2.633315837, 5.5912010387, 16.8154916591, 2.934368983, 13.2896163971, 2.4569622512, 18.5775620668, 0.9919930065, 1.3273549675, 9.8262267608, 2.0018338515, 0.92427639303, 1.4210455731, 2.3278006805, 110.0702634447, 11.7637199952, 53.8583875148, 22.9354812898],
      [17.5907427447, 3.0876237789, 42.3386202731, 26.0583152392, 32.2253324585, 29.0218484964, 23.730337594, 1.598404491, 1.5484791236, 0.47786826409, 7.8081139606, 2.5322876757, 1.8581326993, 4.6348358854, 0.40626677627, 1.5063411319, 0, 2.2285198047, 0.70829011356, 2.6722423521, 1.0169086494, 2.4391748258, 1.4289793978, 2.4550145662, 2.6682762464, 7.2649621778, 14.2013571361, 1.7691848839, 1.3197826821, 0.0040065896879, 30.1100028222, 8.6881562188, 7.1247902708, 11.9027052533, 11.5633428224, 23.7076980618, 16.1109029679, 29.8148139088, 17.0697600245, 8.812658381, 19.3654981656, 0.50140756276, 17.9427357389, 0, 1.6808256465, 4.2741213065, 3.0853235796, 4.8669610167, 3.7676673601, 2.1168509805, 4.7601349032, 14.0140635528, 2.7000799863, 10.3351788628, 2.2798702399, 16.1437484377, 0.7665527268, 1.4996698252, 8.7791312589, 1.8430088348, 0.99524395479, 1.3717922653, 2.4930036558, 105.6413242441, 12.0261270089, 51.0355077753, 19.6277097633],
      [3.0083455255, 1.229125014, 5.8204577016, 5.9222904229, 4.7063254136, 5.3418128328, 3.9369074547, 0.081367095964, 0.23915537133, 0, 0.84049151527, 0.36486236227, 0.50727549514, 0.17136676027, 0.039100277814, 0.1066434638, 0, 0.29090861846, 0.2469419255, 0.36915985412, 0.13929774219, 0.13311658955, 0.2140343337, 0.49776934551, 0.49560832281, 1.7229403037, 3.0989910479, 0.086711590631, 0, 1.2642579093, 2.7736951059, 1.7893512145, 1.0464458614, 2.1096532743, 1.6290374415, 3.7592738054, 2.4783123048, 5.1417343405, 2.5035110521, 1.0987348947, 2.3320161996, 0.046859590367, 3.1879296996, 0, 0.16857813907, 0.27176467987, 0.60328615993, 0.34690745632, 0.73381843957, 0.24983318248, 0.64866405812, 3.1704447881, 0.36555103061, 1.3752047402, 0.2631675089, 2.2786894955, 0.2414542667, 0.1729752073, 1.3946419803, 0.15515731371, 0.080479652177, 0.20716216153, 1.1791956636, 14.2884123112, 2.210152996, 12.1061047099, 1.4368089469]
    ],
    [
      [111.9947753012, 32.2208615559, 377.1340942698, 241.8691806161, 293.561669745, 288.6697872781, 293.2317865265, 20.1586501488, 19.243360138, 18.9934013802, 47.6929476303, 15.1981963607, 22.1316909235, 49.8228257114, 13.9002011793, 44.5644556143, 6, 133.4912229337, 15.5487056166, 6.2181245999, 7.2071639506, 20.8901793447, 25.2551620049, 17.7878003605, 110.6715348532, 155.753885241, 204.0053237662, 24.9962888351, 7, 2.4870942405, 162.4809571416, 95.8295535057, 121.4800155288, 206.45354629, 204.1442813772, 307.9519286207, 132.9369873893, 336.1123346573, 196.023398934, 143.641172765, 195.8333026945, 3.5741129233, 120.2682133733, 13.8112840699, 17.0517174622, 113.2503380926, 265.3787799582, 349.5264722734, 292.0921550627, 206.3759325443, 226.4436582394, 560.5800534054, 77.0603891236, 338.1119440463, 46.6555933289, 257.4776942461, 17.4530189056, 16.0673079594, 100.3744332563, 27.7343825795, 20.7550616913, 30.4271757307, 123.5524182515, 1226.621288436, 122.2796917265, 550.3741427929, 75.4969043127],
      [0, 0, 16.3783563363, 7.7043905222, 2.5383814101, 21.9325968734, 12.6727082129, 2.8347213285, 2.2984927623, 0.0065986198485, 8.1995508117, 1.6414621291, 0.087035250037, 0, 0, 2.210799182, 0, 0.044481586524, 0, 1.619621223, 0.78198279252, 0.06271724594, 0.33332534088, 0.70805897477, 0.039757798223, 0, 0, 0, 0, 0, 0, 0, 0, 0, 0.011104103207, 0, 0, 0, 0, 0.46600757337, 0, 0.42419831799, 0.27744276463, 0, 5.9356350563, 1.3085077211, 0.015242530005, 0.011984735095, 0.054114380441, 0.010472430812, 0.030928630382, 0.12503902476, 0.034579894746, 0, 0.0049742233704, 0, 0, 0.73457975664, 0, 0.23977171263, 0.17655799063, 0.10374503801, 0.17315789545, 2.7606208658, 1.0960122136, 0, 0],
      [2.0052246988, 1.7791384441, 6.4875493939, 7.4264288617, 4.8999488449, 7.3976158486, 6.0955052606, 0.0066285226644, 0.45814709967, 0, 0.10750155799, 0.16034151019, 0.78127382643, 0.17717428864, 0.099798820668, 0.2247452037, 0, 1.4642954798, 0.45129438341, 0.16225417711, 0.0108532569, 0.047103409392, 0.41151265424, 0.50414066472, 2.2887073486, 4.246114759, 4.9946762338, 0.0037111649254, 0, 0.51290575952, 1.5190428584, 2.1704464943, 1.5199844712, 3.54645371, 2.8446145196, 5.0480713793, 2.0630126107, 5.8876653427, 2.976601066, 1.8928196617, 2.1666973055, 0.0016887587004, 2.4543438621, 0.18871593012, 0.012647481487, 0.4411541863, 4.6059775118, 1.4615429916, 5.8537305568, 1.6135950249, 2.5254131302, 14.2949075698, 0.90503098161, 3.8880559537, 0.33943244768, 3.5223057539, 0.54698109441, 0.19811228394, 1.6255667437, 0.025845707833, 0.068380318079, 0.46907923127, 10.274423853, 17.6180906982, 2.6242960598, 15.6258572071, 0.50309568728]
    ],
    [
      [23.5470438206, 3.6264473596, 0.98196488984, 0.63267594305, 6.0587849138, 0.67419403192, 0.6600977594, 0.072158946306, 0.042153090858, 0.48244352247, 0.14502931942, 0.054875844544, 0.54379746382, 8.0693430441, 3.9534869322, 0.10732704678, 1, 3.3736521252, 8.2611153095, 0.03831098296, 0.0073733578914, 1.5338321004, 0.13721854074, 0.057297633266, 5.2284433254, 20.6129751963, 19.6874007271, 2.9629491828, 1.4833545073, 0.7811702585, 23.6582112311, 6.1402483693, 15.8320321386, 45.1130535689, 12.7675108053, 27.8333577685, 19.7747382382, 45.5857352147, 14.6263564337, 8.2153644404, 38.1902001245, 0.013043796197, 9.1436037658, 4.1854661932, 0.0077285743084, 2.4703717759, 22.9109045631, 4.0436169871, 11.7375688979, 4.8790850004, 5.4239607859, 29.7880316071, 1.8016294011, 34.6488347108, 0.30885605309, 19.7598047929, 3.8786833745, 0.042125348044, 8.8176189386, 0.58053789267, 0.06070436832, 1.4680030559, 1.3170156891, 69.7506702604, 2.7664347024, 38.1256348761, 9.5238313865],
      [558.4975039177, 36.1000459866, 1087.6826096724, 628.3669474253, 742.1254872014, 799.6558124009, 657.5806825989, 193.9178675637, 111.8002119568, 11.5175564775, 191.8096086407, 90.9222239501, 111.3847839882, 233.9080572546, 34.9996786131, 142.8744550472, 0, 81.4183236468, 101.8343343132, 100.9409434993, 11.9869166059, 140.4555365962, 57.7910783769, 114.4910073141, 149.7693985305, 184.58377312, 370.4879053848, 46.9761109306, 29.5166454927, 0.99599341031, 648.3343637711, 129.817350387, 97.6680667452, 484.8829179889, 279.2951365159, 544.3964909304, 361.4709252195, 657.0266819108, 396.9337699909, 356.0545803127, 460.1126631318, 22.984152937, 437.6417192637, 63.5525831713, 46.9796902595, 148.5000715514, 100.2949093505, 41.8541955403, 114.4332115878, 37.9729081097, 68.3044562013, 279.4719894153, 56.0689674757, 264.3131060325, 9.6631773913, 324.0112781749, 32.4793131745, 70.9454344602, 172.361183995, 24.4088846509, 109.9283450607, 60.386406523, 153.1149722574, 2652.8147691749, 223.0427264077, 1000.6350523291, 190.3621234189],
      [2.9554522616, 1.2735066538, 1.3354254377, 5.0003766316, 1.8157278848, 2.6699935672, 1.7592196417, 0.0099734900401, 0.15763495238, 0, 0.045362039922, 0.022900205365, 1.071418548, 0.022599701225, 0.046834454667, 0.018217905994, 0, 0.20802422796, 1.9045503773, 0.02074551774, 0.0057100362567, 0.010631303389, 0.071703082318, 0.45169505259, 1.002158144, 2.8032516837, 3.8246938881, 0.060939886603, 0, 0.22283633119, 1.0074249978, 1.0424012436, 0.49990111617, 4.0040284422, 0.93735267882, 2.770151301, 1.7543365423, 4.3875828745, 1.4398735754, 0.73005524686, 1.6971367437, 0.0028032667767, 2.2146769704, 0.26195063554, 0.012581166233, 0.029556672681, 0.79418608646, 0.10218747261, 0.82921951433, 0.14800688988, 0.27158301277, 2.7399789775, 0.12940312317, 1.0380592567, 0.027966555569, 1.2289170321, 0.642003451, 0.012440191754, 0.82119706647, 0.010577456399, 0.010950571015, 0.1455904211, 6.5680120535, 7.4345605647, 1.1908388898, 12.2393127948, 0.11404519457]
    ],
    [
      [10.0143924489, 6.3792196561, 49.2971346707, 36.8882644315, 48.3756949578, 47.5995966623, 49.2362464422, 4.7810798725, 0.64771885006, 0, 22.0819272278, 4.0546066567, 0.57111785899, 9.5238709108, 0.82148526477, 7.0940815159, 0, 18.2212376267, 0.63178948732, 3.9262236352, 2.0200896404, 4.9388408911, 5.5768315278, 4.3202665124, 15.2953937848, 27.0218822236, 32.5174065854, 4.3093880281, 2.797504136, 0, 27.8729535389, 13.0052614719, 20.4937807603, 28.8561479704, 24.6420507474, 47.5867814441, 11.8262234986, 46.6979965096, 25.7306943692, 23.1783255725, 18.1529768519, 0.74867213604, 29.5461358001, 0.74492792667, 5.4153993282, 12.3260646187, 22.4472192464, 17.5424599323, 20.7250209199, 27.8033926721, 14.5117947159, 46.9976726054, 4.4856187262, 36.1324369191, 0.76772328879, 55.1958782464, 1.9083436725, 1.441128043, 11.6895550376, 5.6135491038, 0.77477008082, 7.1899134688, 8.0408187785, 175.3135312859, 19.6483452036, 54.0663024165, 9.1001541942],
      [0.87119605352, 0.38578611093, 5.646490887, 4.2939078931, 5.0661973952, 5.8980414126, 5.7158427402, 0.6203630201, 0.086537374442, 0, 3.0372126683, 0.51416359751, 0.065501608142, 0.84289353733, 0.054910605185, 0.80108201981, 0, 1.5475707977, 0.043998407174, 0.56818847462, 0.27352614502, 0.51059982612, 0.60376706237, 0.53592028942, 1.3875921191, 1.78185458, 2.7535733139, 0.33096991177, 0.20249586401, 0, 2.4658196712, 1.1184030606, 1.1759365241, 2.0757621683, 2.131277394, 4.0432490129, 0.99284930286, 3.6997226945, 2.3205676582, 2.2314475892, 1.3647854745, 0.085552225468, 2.9549807303, 0.058416447947, 1.3076892049, 1.1697767336, 1.3490723282, 1.3860203235, 1.5964049092, 2.018127881, 1.158224802, 3.5421665747, 0.39495855209, 2.4657849156, 0.065283822828, 4.40276293, 0.12220655665, 0.16722446133, 0.99784344957, 0.50354177079, 0.086754437251, 0.68738977029, 0.81555579671, 16.5750642925, 2.0157906227, 4.9418108249, 0.74528971571],
      [3.1144114975, 4.234994233, 15.0563744423, 18.8178276754, 14.5581076469, 20.5023619251, 18.0479108176, 0.59855710736, 0.26574377549, 0, 5.8808601039, 1.4312297458, 0.36338053287, 0.63323555182, 0.12360413004, 1.1048364643, 0, 4.2311915757, 0.32421210551, 1.5055878902, 0.70638421454, 0.55055928277, 1.8194014099, 2.1438131982, 5.3170140961, 10.1962631965, 12.7290201008, 0.35964206017, 0, 0, 4.6612267899, 4.8763354676, 4.3302827156, 8.0680898613, 6.2266718586, 13.369969543, 3.1809271985, 13.602280796, 6.9487379726, 5.5902268383, 3.4822376736, 0.16577563849, 10.4988834696, 0.19665562538, 1.2769114669, 1.5041586477, 6.2037084254, 2.0715197442, 6.6785741709, 5.1784794469, 3.3299804821, 17.4601608199, 1.1194227217, 7.4017781653, 0.16699288838, 13.4013588236, 0.96944977087, 0.3916474957, 3.3126015128, 0.88290912537, 0.13847548193, 2.1226967609, 8.1436254248, 45.1114044216, 7.3358641737, 23.9918867586, 1.15455609]
    ],
    [
