{
  "X": [
    [8, 6, 7, 121, 4, 9],
    [30, 75, 320, 374, 29, 20],
    [40, 100, 373, 389, 28, 31],
    [9, 23, 82, 134, 6, 9],
    [11, 25, 89, 240, 11, 11],
    [40, 72, 280, 336, 24, 19],
    [19, 20, 70, 141, 6, 5],
    [7, 15, 61, 182, 9, 3],
    [17, 44, 167, 334, 21, 12],
    [10, 13, 103, 153, 13, 3],
    [23, 39, 226, 320, 26, 10],
    [13, 5, 14, 156, 5, 5],
    [22, 39, 176, 306, 34, 9],
    [17, 16, 81, 192, 6, 5],
    [13, 31, 115, 234, 18, 14],
    [36, 124, 621, 371, 29, 25],
    [8, 12, 52, 85, 4, 6],
    [13, 26, 35, 217, 4, 16],
    [44, 151, 397, 719, 42, 32],
    [5, 24, 59, 152, 6, 5],
    [9, 10, 34, 107, 4, 4],
    [7, 12, 28, 146, 4, 4],
    [10, 15, 44, 134, 6, 0],
    [30, 126, 261, 732, 35, 30],
    [30, 40, 309, 275, 24, 25],
    [22, 59, 245, 293, 24, 25],
    [21, 47, 184, 194, 14, 17],
    [29, 48, 130, 311, 8, 26],
    [6, 23, 77, 42, 11, 11],
    [106, 138, 554, 856, 55, 80],
    [12, 52, 206, 122, 22, 16],
    [59, 94, 448, 473, 29, 63],
    [27, 51, 202, 387, 24, 44],
    [58, 143, 555, 692, 55, 73],
    [26, 47, 237, 255, 22, 32],
    [23, 44, 257, 240, 28, 27],
    [6, 12, 31, 66, 6, 9],
    [17, 21, 88, 239, 15, 7],
    [5, 8, 3, 80, 1, 2],
    [14, 26, 68, 263, 14, 20],
    [45, 34, 168, 302, 23, 6],
    [42, 47, 235, 426, 28, 17],
    [8, 12, 52, 109, 4, 4],
    [15, 11, 14, 136, 5, 4],
    [7, 11, 34, 183, 3, 5],
    [23, 23, 69, 174, 10, 12],
    [7, 12, 26, 138, 4, 6],
    [2, 8, 14, 83, 0, 6],
    [32, 45, 127, 227, 12, 3],
    [19, 38, 156, 187, 14, 4],
    [22, 41, 137, 313, 26, 5],
    [17, 39, 121, 323, 22, 7],
    [56, 72, 247, 616, 33, 11],
    [4, 3, 7, 105, 4, 2],
    [5, 7, 29, 128, 4, 5],
    [65, 47, 378, 387, 23, 8],
    [139, 249, 969, 1836, 127, 73],
    [10, 42, 149, 221, 13, 12],
    [56, 223, 471, 801, 35, 45],
    [0, 16, 54, 123, 0, 5]
  ],
  "W": [
    [7, 4, 9, 121, 6, 8],
    [26, 84, 244, 386, 78, 30],
    [31, 136, 252, 433, 75, 34],
    [9, 33, 51, 137, 20, 13],
    [11, 39, 48, 242, 30, 17],
    [36, 85, 211, 356, 55, 28],
    [23, 33, 37, 138, 19, 11],
    [9, 17, 42, 186, 16, 7],
    [22, 49, 117, 322, 52, 33],
    [17, 15, 68, 148, 27, 20],
    [20, 45, 175, 306, 66, 32],
    [13, 6, 12, 146, 9, 12],
    [14, 33, 141, 309, 56, 33],
    [14, 16, 49, 181, 42, 15],
    [19, 27, 84, 225, 44, 26],
    [32, 165, 445, 376, 140, 48],
    [6, 18, 35, 83, 16, 9],
    [8, 30, 27, 223, 10, 13],
    [30, 209, 265, 739, 90, 52],
    [11, 35, 36, 149, 15, 5],
    [8, 12, 30, 105, 4, 9],
    [11, 10, 19, 139, 11, 11],
    [12, 13, 43, 118, 14, 9],
    [26, 140, 166, 766, 61, 55],
    [36, 49, 256, 283, 52, 27],
    [21, 66, 182, 308, 64, 27],
    [12, 54, 148, 202, 38, 23],
    [32, 52, 89, 330, 32, 17],
    [6, 25, 54, 45, 19, 21],
    [78, 188, 433, 911, 106, 73],
    [11, 54, 176, 120, 54, 15],
    [53, 118, 346, 503, 101, 45],
    [19, 54, 166, 400, 72, 24],
    [50, 184, 384, 739, 136, 83],
    [23, 55, 181, 278, 59, 23],
    [22, 34, 213, 242, 85, 23],
    [8, 14, 16, 67, 14, 11],
    [13, 24, 68, 231, 31, 20],
    [4, 9, 2, 70, 5, 9],
    [10, 38, 44, 277, 17, 19],
    [41, 43, 125, 290, 62, 17],
    [34, 61, 179, 405, 74, 42],
    [5, 19, 32, 108, 18, 7],
    [10, 7, 13, 141, 8, 6],
    [9, 14, 27, 165, 8, 20],
    [17, 18, 58, 176, 21, 21],
    [9, 5, 20, 132, 10, 17],
    [5, 10, 9, 82, 6, 1],
    [27, 50, 105, 207, 38, 19],
    [21, 43, 132, 174, 29, 19],
    [24, 46, 122, 307, 27, 18],
    [18, 40, 110, 305, 30, 26],
    [60, 73, 215, 577, 71, 39],
    [4, 3, 3, 105, 5, 5],
    [1, 7, 24, 132, 3, 11],
    [52, 70, 243, 381, 121, 41],
    [110, 312, 747, 1828, 222, 174],
    [9, 53, 118, 205, 32, 30],
    [43, 230, 385, 795, 95, 83],
    [0, 28, 35, 120, 5, 10]
  ],
  "method": "mult",
  "cond_prob": [
    [
      [0.79807655532, 0.0021238192367, 0.0097507943426, 0.18180841476, 0.0073720142301, 0.00086840211684],
      [0.0030075870982, 0.70124701257, 0.17525957275, 0.027068691681, 0.00066937847626, 0.092747757423],
      [0.017858019293, 0.071899462829, 0.71813624279, 0.017685648851, 0.071019694594, 0.10340093164],
      [0.01427581976, 0.019236727547, 0.0044314086314, 0.89135812048, 0.016286870728, 0.054411052858],
      [0.067978572424, 0.032093842611, 0.56971055358, 0.10546005158, 0.14995242588, 0.074804553923],
      [0.016462898713, 0.089697276603, 0.037209900791, 0.6267062365, 0.11894932384, 0.11097436356]
    ],
    [
      [0.76374292128, 0.0026144896258, 0.026637555531, 0.19752171088, 0.0090839926792, 0.00039933000384],
      [0.0023453262999, 0.59083012426, 0.35233241891, 0.022098346551, 0.00062017953765, 0.031773604444],
      [0.0087314342562, 0.041447825718, 0.8775391601, 0.0090597747105, 0.040942977364, 0.022278827854],
      [0.013977441256, 0.022284449703, 0.011433055695, 0.90991567672, 0.018901399735, 0.023487976891],
      [0.036484432132, 0.020433551626, 0.77171558924, 0.059461564804, 0.094140111518, 0.017764750683],
      [0.015526594489, 0.099015491181, 0.092068657549, 0.61741029886, 0.13006443773, 0.04591452019]
    ],
    [
      [0.79862990329, 0.0021736401317, 0.026007649362, 0.16517449337, 0.0075306394708, 0.00048367437259],
      [0.002752444886, 0.54813590006, 0.38481706762, 0.020674660921, 0.00057518476724, 0.043044741744],
      [0.009454940213, 0.035565536849, 0.88427153714, 0.0078210993237, 0.035035533932, 0.027851352544],
      [0.017265427347, 0.021814847418, 0.013144813827, 0.89582828695, 0.018451255357, 0.033495369101],
      [0.039950900309, 0.017734100339, 0.7864774229, 0.051913328051, 0.081463425762, 0.022460822642],
      [0.018761599117, 0.09479036612, 0.10354836426, 0.5946754568, 0.12418136064, 0.064042853066]
    ],
    [
      [0.75539065413, 0.0022945353089, 0.029433684, 0.20554043176, 0.0067553843738, 0.00058531042605],
      [0.0022270684733, 0.53191545094, 0.39491576182, 0.023227919558, 0.00046591902689, 0.047247880183],
      [0.0074901611901, 0.033237498585, 0.89291829999, 0.0085985007088, 0.027873677684, 0.029881861845],
      [0.012585781725, 0.018742396218, 0.012099510283, 0.91003944167, 0.013475346185, 0.033057523918],
      [0.032104538143, 0.016767501569, 0.80303167234, 0.057792303021, 0.065921772938, 0.024382211987],
      [0.014415187276, 0.086009521285, 0.10053140489, 0.63575716613, 0.096503565352, 0.066783155066]
    ],
    [
      [0.72807153643, 0.0021621684608, 0.030685631697, 0.22903269253, 0.0095207827219, 0.00052718816059],
      [0.0022297043877, 0.50828683931, 0.41916111036, 0.026377469256, 0.00066902795612, 0.043275848739],
      [0.007049792864, 0.029986974979, 0.89045411486, 0.0091813714801, 0.037580151708, 0.025747594106],
      [0.01121055184, 0.016006870029, 0.011434377886, 0.91717919576, 0.017209462541, 0.02695954194],
      [0.029670377424, 0.014866983444, 0.78701635847, 0.060627215114, 0.087170626916, 0.020648438632],
      [0.012842804536, 0.073435321437, 0.095019071144, 0.6414720466, 0.12281339258, 0.054417363695]
    ],
    [
      [0.7869003839, 0.0023841404808, 0.025296006075, 0.17687580608, 0.0081563128418, 0.00038735062531],
      [0.0026166551406, 0.5812464462, 0.36094578481, 0.021342621731, 0.0006005691692, 0.033247922948],
      [0.0095363609593, 0.039909146252, 0.88034332325, 0.0085659018526, 0.038824221253, 0.022821046438],
      [0.016058220631, 0.022571088401, 0.012059209228, 0.90515146711, 0.018851179896, 0.02530883474],
      [0.039947058233, 0.019726800902, 0.77617854985, 0.05636928498, 0.089533587413, 0.018244718619],
      [0.017684480447, 0.099429831471, 0.096280341173, 0.60886173485, 0.12868915198, 0.049054460084]
    ],
    [
      [0.75080160401, 0.0020215578695, 0.029887719761, 0.2095899478, 0.0073573153779, 0.00034185517973],
      [0.0024898120981, 0.5072817375, 0.43419519901, 0.025622435256, 0.00054886108172, 0.029861955051],
      [0.0077192370485, 0.029211932041, 0.90661395075, 0.0087463662768, 0.03029486834, 0.017413645545],
      [0.012952215344, 0.016452443946, 0.012240622136, 0.92448936228, 0.014624020887, 0.019241335406],
      [0.03279081157, 0.014625774579, 0.80897775375, 0.058344616848, 0.071159658065, 0.014101385185],
      [0.015110135527, 0.076914589381, 0.10362226627, 0.65791453133, 0.10683276247, 0.039605715026]
    ],
    [
      [0.68819023303, 0.0028380741853, 0.03412775489, 0.2613287401, 0.013280487597, 0.00023471019601],
      [0.0017285625481, 0.56659661652, 0.38968560748, 0.025108000978, 0.0007784402477, 0.016102772235],
      [0.0058737374065, 0.035333664081, 0.89203899043, 0.0093910715821, 0.047072646971, 0.010289889534],
      [0.0092376520371, 0.018640568784, 0.011275543853, 0.92889671179, 0.021294914217, 0.010654609319],
      [0.024493503282, 0.017335220076, 0.78021724926, 0.061407702621, 0.10837718022, 0.0081691445343],
      [0.010440364301, 0.084545434398, 0.092473561175, 0.64064925487, 0.15065204896, 0.021239336302]
    ],
    [
      [0.68673309202, 0.0031326400592, 0.032779393766, 0.26504167981, 0.011884135578, 0.00042905876472],
      [0.0017289886905, 0.58696030454, 0.35800031258, 0.024459268719, 0.0006692322756, 0.028181893188],
      [0.0063461009051, 0.040401627222, 0.88030732568, 0.0098856952414, 0.043582722187, 0.019476528763],
      [0.0094306314371, 0.020160418817, 0.010620797537, 0.92205709502, 0.018670320834, 0.019060736355],
      [0.026495568481, 0.019893275659, 0.77309850841, 0.064815698087, 0.10018457578, 0.015512373584],
      [0.010720659947, 0.091727166227, 0.08754399721, 0.64017108478, 0.13168896538, 0.038148126456]
    ],
    [
      [0.6597040446, 0.0026332958683, 0.041339500653, 0.28106308491, 0.015017548941, 0.00024252502325],
      [0.0016353959567, 0.50374208077, 0.45191902881, 0.025901905816, 0.00084472616518, 0.015956862479],
      [0.0048773957009, 0.027608458193, 0.90528387088, 0.0085049011246, 0.044772877389, 0.00895249671],
      [0.0084726222384, 0.016091131068, 0.012708673151, 0.93009089066, 0.022396019326, 0.010240663556],
      [0.020485599345, 0.013657736358, 0.79889457759, 0.05607581011, 0.10371973477, 0.0071665418287],
      [0.009515929188, 0.072520771936, 0.10353389377, 0.63734572623, 0.15680045863, 0.020283220245]
    ],
    [
      [0.75275217601, 0.0021926979804, 0.025711699869, 0.20913557246, 0.0099456278587, 0.00026222581553],
      [0.0025921270203, 0.5624397792, 0.38420724075, 0.02641969661, 0.00076673955124, 0.023574416872],
      [0.0088994067128, 0.036210655636, 0.88296933958, 0.0099879723612, 0.046692420568, 0.015240205144],
      [0.013112297314, 0.017915051551, 0.010576613144, 0.92377311314, 0.019835227067, 0.014787697788],
      [0.036590814802, 0.017557939394, 0.76375178106, 0.064488744628, 0.10565714441, 0.011953575704],
      [0.014991216535, 0.081977584385, 0.087667587239, 0.64500397282, 0.14059756162, 0.029762077407]
    ],
    [
      [0.7753494601, 0.0013601617077, 0.014680710914, 0.20095401222, 0.0072536172566, 0.00040203780586],
      [0.0039406018051, 0.56308301544, 0.33826073379, 0.038596300493, 0.00084981995551, 0.055269528516],
      [0.01433136602, 0.036324824411, 0.84100344969, 0.01545181678, 0.055110251643, 0.037778291455],
      [0.013689922548, 0.011626692979, 0.006303265922, 0.9294916379, 0.015127439354, 0.023761041294],
      [0.055877633331, 0.016649920049, 0.68592163889, 0.094519242946, 0.11898515709, 0.028046407692],
      [0.016889656555, 0.057815377984, 0.05655095722, 0.69953903671, 0.11742268574, 0.051782285787]
    ],
    [
      [0.79316927169, 0.0023255506855, 0.021042463227, 0.17090975672, 0.012332517963, 0.00022043971551],
      [0.002825919643, 0.62463489267, 0.32832012817, 0.02253663907, 0.00099236852091, 0.020690051923],
      [0.010938168666, 0.045200285635, 0.8510396699, 0.0096047385055, 0.068139557694, 0.015077579601],
      [0.016436656661, 0.022803617522, 0.010387286862, 0.90593549762, 0.02951694077, 0.014920000565],
      [0.043634741102, 0.021255061166, 0.71390612955, 0.060148440542, 0.14958574658, 0.011469881059],
      [0.01738103647, 0.0965485604, 0.079638592888, 0.58504727179, 0.19360757982, 0.02777695864]
    ],
    [
      [0.7818533346, 0.0020157063632, 0.021808250003, 0.18991172049, 0.004168919437, 0.00024206910225],
      [0.0029263588761, 0.58439293928, 0.36163111881, 0.026546583173, 0.0003556407608, 0.024147359098],
      [0.010821176698, 0.039734835877, 0.89847188295, 0.01080730891, 0.023366394273, 0.016798401287],
      [0.014844960752, 0.018288929607, 0.0099548433297, 0.93250553481, 0.0092312113397, 0.015174520161],
      [0.04560555937, 0.019720989595, 0.79540507657, 0.071484548246, 0.054292305302, 0.013491520922],
      [0.018241469611, 0.090172220293, 0.088732341413, 0.69930426518, 0.070673015251, 0.032876688256]
    ],
    [
      [0.67391236886, 0.0037634368712, 0.032322311659, 0.27519350391, 0.014063612463, 0.0007447662329],
      [0.001476790466, 0.62311355457, 0.30955876742, 0.022249016138, 0.00069389012852, 0.042907981284],
      [0.0060642035194, 0.047606148023, 0.85252125561, 0.010059614114, 0.050585272807, 0.033163505926],
      [0.0086946845761, 0.022912327227, 0.0099043964626, 0.90627702753, 0.020899163636, 0.031312400566],
      [0.025173412966, 0.023293491587, 0.74403260946, 0.065565481037, 0.11568330113, 0.026251703823],
      [0.0095476177753, 0.10080168239, 0.078872372468, 0.60756766269, 0.14263563061, 0.060575034071]
    ],
    [
      [0.75585926835, 0.0025564366434, 0.030542123498, 0.20447620816, 0.0061964982668, 0.0003694650784],
      [0.0022566431604, 0.55645208444, 0.39036044011, 0.022116222588, 0.00040902484697, 0.028405584853],
      [0.0078142215284, 0.03643554385, 0.90368263635, 0.0084339505211, 0.025104243872, 0.018529403875],
      [0.013566598253, 0.021248991207, 0.012785403912, 0.91863850694, 0.012573309378, 0.021187190309],
      [0.03354189346, 0.018458534247, 0.81667446399, 0.056875025282, 0.059267924764, 0.015182158259],
      [0.015640369975, 0.097943325953, 0.10684356838, 0.64693336932, 0.089669939505, 0.04296942687]
    ],
    [
      [0.80828007809, 0.00160395716, 0.020944801771, 0.16366121524, 0.0050329085751, 0.00047703916082],
      [0.0031797403001, 0.52567700636, 0.39130643917, 0.025680092898, 0.00048213997357, 0.053674581299],
      [0.010666020304, 0.032225534028, 0.88499466598, 0.0094774174927, 0.028823422373, 0.033812939823],
      [0.016199624947, 0.016411905756, 0.010778760742, 0.91023070314, 0.012575975951, 0.033803029461],
      [0.045015437121, 0.015974916369, 0.78202232997, 0.062646997399, 0.067225082222, 0.027115236921],
      [0.018978776176, 0.077192138728, 0.091642158001, 0.64952041033, 0.092674096323, 0.069992420445]
    ],
    [
      [0.82114319373, 0.0020088351942, 0.015151119645, 0.15754457028, 0.0034990896974, 0.0006531914585],
      [0.0032533458281, 0.62726594206, 0.27429905079, 0.023966699405, 0.00032470284309, 0.070890259074],
      [0.014663166706, 0.05247293647, 0.83483847057, 0.01188973807, 0.026038351977, 0.060097336209],
      [0.017600258422, 0.021135645702, 0.0080212352196, 0.89676045698, 0.0089907574302, 0.047491646247],
      [0.061024544418, 0.025700464766, 0.72827085567, 0.077578424298, 0.059809824395, 0.04761588645],
      [0.020757941808, 0.099889052641, 0.068672615714, 0.64559225622, 0.06634575598, 0.098742377635]
    ],
    [
      [0.78100635277, 0.0022121194755, 0.024075540503, 0.18376734568, 0.0085952154588, 0.00034342611264],
      [0.0027823102974, 0.5740819666, 0.36724060054, 0.023720073002, 0.00067692791621, 0.031498121644],
      [0.0099436376959, 0.038822854591, 0.87780517097, 0.0093359909966, 0.042885209246, 0.0212071365],
      [0.015498570832, 0.020326975759, 0.011141845193, 0.91198118639, 0.019281575647, 0.021769846181],
      [0.041152772544, 0.018963744562, 0.7647974127, 0.060698495191, 0.097633604859, 0.016753970148],
      [0.017367095091, 0.091060339347, 0.090506035683, 0.62445665418, 0.13370047331, 0.042909402387]
    ],
    [
      [0.58630447321, 0.0037803979248, 0.043080028437, 0.35250031317, 0.013782445237, 0.00055234201664],
      [0.001130236657, 0.56823996695, 0.37526234269, 0.025830333264, 0.00061616274255, 0.028920957692],
      [0.0039830424387, 0.037207020338, 0.89094122095, 0.010019885294, 0.038684151367, 0.01916467961],
      [0.0058716769846, 0.01840776969, 0.010556199928, 0.93016864942, 0.016394375182, 0.018601328792],
      [0.016874823464, 0.018558650171, 0.7918862742, 0.066586313887, 0.09063342913, 0.015460509144],
      [0.0068325180903, 0.085824357473, 0.089137197833, 0.66026275314, 0.11975346852, 0.038189704941]
    ],
    [
      [0.79363044878, 0.0018507139207, 0.020760234456, 0.17704308523, 0.0063764322994, 0.00033908531509],
      [0.0029672078745, 0.57249730003, 0.36250572035, 0.02590071437, 0.00056914298226, 0.035559914396],
      [0.010652319403, 0.037124231507, 0.88154013552, 0.010232292851, 0.036472578043, 0.023978442678],
      [0.015170582571, 0.017723127264, 0.0099940560857, 0.9197209569, 0.01491119228, 0.022480084895],
      [0.04432261369, 0.01814803774, 0.7677594778, 0.066719490941, 0.084080316421, 0.018970063407],
      [0.017775038041, 0.083497774725, 0.085038524458, 0.65681139728, 0.11032147408, 0.046555791413]
    ],
    [
      [0.67726243339, 0.0035917819848, 0.029885000821, 0.28087768011, 0.0079386593544, 0.0004444443415],
      [0.0015052454083, 0.64493272111, 0.30241704341, 0.023791935981, 0.00041023550765, 0.026942818591],
      [0.0064479928465, 0.049776715987, 0.87954117635, 0.011218181425, 0.031324550001, 0.021691383392],
      [0.0084838399967, 0.021955632468, 0.0091819620282, 0.92974338914, 0.011844481568, 0.018790694797],
      [0.027373468513, 0.02484836522, 0.78196556126, 0.07469485933, 0.073588888965, 0.017528856712],
      [0.01012081043, 0.10535882869, 0.079575671875, 0.67651791815, 0.088835853821, 0.039590917029]
    ],
    [
      [0.72448026838, 0.0030076291873, 0.021417818046, 0.24247842277, 0.008615861622, 0],
      [0.0020923328208, 0.69177712642, 0.27899765679, 0.026557002732, 0.00057588123913, 0],
      [0.0096915588904, 0.05825472721, 0.87099758676, 0.013540263668, 0.047515863467, 0],
      [0.010723544895, 0.021616014274, 0.0077407603949, 0.94480371437, 0.015115966069, 0],
      [0.039270841513, 0.027770925419, 0.74042020282, 0.086073706064, 0.10646432418, 0],
      [0.013003101904, 0.10531647825, 0.06811660735, 0.69854513531, 0.11501867718, 0]
    ],
    [
      [0.73616052117, 0.0031344671268, 0.029224944021, 0.2207712595, 0.010260421236, 0.00044838694515],
      [0.0019613090127, 0.61083083655, 0.33439615968, 0.021366464872, 0.0006058630337, 0.03083936685],
      [0.0076551605735, 0.04504881674, 0.87351171796, 0.0091840880688, 0.04192548577, 0.022674730891],
      [0.012103385204, 0.02392465389, 0.011233723582, 0.91000815793, 0.019119066521, 0.023611012874],
      [0.032078428426, 0.022277128157, 0.77039858736, 0.06045258917, 0.096657696173, 0.018135570717],
      [0.013371248354, 0.10568416584, 0.089973820622, 0.61431846457, 0.13076623785, 0.045886062764]
    ],
    [
      [0.73752679672, 0.0023129120006, 0.031321038982, 0.21822865175, 0.0099137737527, 0.00069682680417],
      [0.0022241107488, 0.5134896219, 0.40545468975, 0.023889195566, 0.00066232217089, 0.054280059865],
      [0.0072266889395, 0.03132621698, 0.88151211849, 0.0085480629544, 0.038172509145, 0.033214403491],
      [0.012155205166, 0.01769461931, 0.012064720535, 0.90277827506, 0.018513785483, 0.036793394446],
      [0.030460619083, 0.0155785021, 0.78206302063, 0.056603277784, 0.088576596288, 0.02671798411],
      [0.01348667491, 0.078568376287, 0.097044957663, 0.61170792412, 0.1273319195, 0.071860147517]
    ],
    [
      [0.75130023048, 0.0028020510215, 0.028530938222, 0.20660209038, 0.01008758467, 0.00067710523204],
      [0.002099711797, 0.58109792457, 0.34565709155, 0.021162171391, 0.00063055919528, 0.049352541492],
      [0.0078585587065, 0.040894108973, 0.86588169411, 0.0087215112948, 0.041862211729, 0.034781915184],
      [0.012859971138, 0.022473290666, 0.011521880704, 0.89591006442, 0.019750855017, 0.037483938056],
      [0.03298783053, 0.02024684739, 0.76470005232, 0.057492879024, 0.096718774083, 0.027853616654],
      [0.013949424921, 0.097532435315, 0.090608232389, 0.59349871862, 0.13283955912, 0.071571629628]
    ],
    [
      [0.8301493228, 0.0019463177323, 0.019394366876, 0.14240634148, 0.0056665222359, 0.00043712888056],
      [0.0033012421822, 0.58750426564, 0.34122631614, 0.021168175648, 0.00051409944249, 0.046285900946],
      [0.012552942432, 0.04189251784, 0.86887057136, 0.0088616590806, 0.034694126588, 0.033128182696],
      [0.020165017178, 0.022594642148, 0.011335472531, 0.89480248416, 0.016060149083, 0.035042234895],
      [0.052424534249, 0.020617916272, 0.76274467048, 0.058080125936, 0.079761521542, 0.026371231522],
      [0.022394569251, 0.10042465169, 0.09127152171, 0.60658188377, 0.11079057076, 0.068536802821]
    ],
    [
      [0.76003430726, 0.002873696973, 0.027502288326, 0.20384125274, 0.0048990792757, 0.00084937542019],
      [0.0021023208821, 0.58801900979, 0.32811884347, 0.020536518966, 0.00030114423629, 0.060922162658],
      [0.0083341468655, 0.043703596729, 0.87232757534, 0.0089652383737, 0.02119662956, 0.045472813134],
      [0.013252536053, 0.023336414053, 0.011243791816, 0.89483276286, 0.0097132233337, 0.047621271882],
      [0.036011828211, 0.022276237798, 0.79288838465, 0.060849586054, 0.050483204749, 0.037490758538],
      [0.015077784345, 0.10627092476, 0.092770416475, 0.62178691355, 0.068687610821, 0.095406350048]
    ],
    [
      [0.79904190831, 0.0029748443196, 0.028389028321, 0.15496925887, 0.013582135392, 0.0010428247848],
      [0.0019155056524, 0.58821267082, 0.32277219368, 0.014812923747, 0.00079367033555, 0.071493035772],
      [0.0073986255889, 0.041936765148, 0.8379626596, 0.0062944099709, 0.054535292485, 0.051872247209],
      [0.015476113018, 0.029424807644, 0.014128736563, 0.8367467374, 0.03280444279, 0.071419162585],
      [0.031130234925, 0.020732658897, 0.73867463774, 0.041491014473, 0.12649755038, 0.041473903582],
      [0.014379287443, 0.10961793615, 0.09522322284, 0.47277664155, 0.19078358876, 0.11721932326]
    ],
    [
      [0.8147789565, 0.0017787745672, 0.021139670511, 0.15443044693, 0.0072639616506, 0.00060818984502],
      [0.0033948602936, 0.53477164274, 0.3734680039, 0.023093456157, 0.00066278137406, 0.064609255535],
      [0.011719099553, 0.034934624222, 0.86199357026, 0.0087801986922, 0.040549458984, 0.042023048293],
      [0.018900763651, 0.018928072041, 0.011329360009, 0.88733245174, 0.018869188852, 0.044640163707],
      [0.048521914412, 0.017078199436, 0.7516863371, 0.057130058516, 0.092357003622, 0.033226486914],
      [0.02067564015, 0.082778187044, 0.089836874138, 0.59318564842, 0.12763813986, 0.085885510395]
    ],
    [
      [0.74696493018, 0.0031900255701, 0.026376224031, 0.21002937196, 0.0127673814, 0.00067206685879],
      [0.0019285759848, 0.6280519297, 0.30250037461, 0.020346052081, 0.00075528194816, 0.046417785679],
      [0.0080174031636, 0.048945502048, 0.8416888972, 0.0093112113858, 0.055721116834, 0.036315869373],
      [0.012182245824, 0.024969320418, 0.010394390756, 0.8917217811, 0.024397710807, 0.036334551097],
      [0.033007151869, 0.023742853863, 0.72834043666, 0.060159503946, 0.12625806239, 0.028491991275],
      [0.012866046367, 0.10554240956, 0.079585582018, 0.5743635762, 0.16004507009, 0.06759731576]
    ],
    [
      [0.78748778676, 0.0022119539048, 0.025237921219, 0.17795602002, 0.0062356711895, 0.00087064690424],
      [0.0026443571304, 0.53945805129, 0.36099387125, 0.021538996332, 0.00046055017208, 0.074904173822],
      [0.0094814723119, 0.036530797265, 0.86561315167, 0.0085055378325, 0.029274173061, 0.050594867858],
      [0.015699484777, 0.02031845757, 0.011675042889, 0.88314741296, 0.013982755469, 0.055176846339],
      [0.040313170503, 0.018334373638, 0.77497372587, 0.056824432187, 0.068483826991, 0.041070470814],
      [0.017352186094, 0.089804446948, 0.093542393631, 0.596369963, 0.095640154565, 0.10729085576]
    ],
    [
      [0.78501169536, 0.0022910263256, 0.020929092557, 0.18277712043, 0.0080612944624, 0.00092977086218],
      [0.0026801177133, 0.58121749406, 0.30982281105, 0.022877129543, 0.0006156797895, 0.082786767847],
      [0.01071975543, 0.043661562199, 0.82951013179, 0.010075912877, 0.043677181811, 0.062355455896],
      [0.014932186112, 0.020423404265, 0.0093939292764, 0.88050679406, 0.017542211444, 0.057201474847],
      [0.044271181774, 0.021266689271, 0.72072032426, 0.06534522023, 0.099267858067, 0.049128726401],
      [0.016372539796, 0.089609137923, 0.074674947637, 0.58972307165, 0.11923009244, 0.11039021056]
    ],
    [
      [0.7725611964, 0.002394492718, 0.027536101839, 0.18747330735, 0.0092674342684, 0.00076746741827],
      [0.0024296238184, 0.54540930675, 0.36851948348, 0.021235833502, 0.00064053935011, 0.061765213096],
      [0.0085406258092, 0.036275116858, 0.86615107577, 0.0082214368086, 0.039905517103, 0.040906227654],
      [0.014687315181, 0.020956292194, 0.01213730792, 0.88608712316, 0.019799502939, 0.046332458604],
      [0.035900270121, 0.01800098422, 0.76670157397, 0.054302171722, 0.092263944266, 0.032831055697],
      [0.015761520144, 0.089909407227, 0.09441625656, 0.58106544376, 0.13139384409, 0.087453528215]
    ],
    [
      [0.78081373288, 0.0023424206218, 0.026081544565, 0.18089028311, 0.0090115860109, 0.00086043281106],
      [0.0024637411918, 0.54882186171, 0.35642902483, 0.020897770959, 0.00063535189561, 0.070752249415],
      [0.0088544560938, 0.037031254093, 0.85745580329, 0.0082702101775, 0.040509293687, 0.047878982661],
      [0.014987567158, 0.021048692018, 0.011800141604, 0.87902396165, 0.019767905715, 0.053371731855],
      [0.037196212196, 0.018347711867, 0.75784064258, 0.054561788854, 0.093682691149, 0.03837095335],
      [0.015976062995, 0.089787913551, 0.091192787174, 0.57218453238, 0.13070021474, 0.10015848916]
    ],
    [
      [0.75058414896, 0.0030949259064, 0.026148757806, 0.20850051868, 0.010865552387, 0.00080609625641],
      [0.0020095153573, 0.61751523496, 0.30314360557, 0.020436603078, 0.00065003645769, 0.056245004586],
      [0.0083457422644, 0.04798598397, 0.84245618167, 0.0093460744771, 0.04788265576, 0.043983361856],
      [0.012622138591, 0.024367805302, 0.010364924687, 0.88795648709, 0.020880640926, 0.043808003405],
      [0.034675102567, 0.023511923435, 0.73647870565, 0.060985629043, 0.10948613455, 0.034862504752],
      [0.013513416882, 0.10444719661, 0.080447238672, 0.58044876153, 0.13857027804, 0.08257310826]
    ],
    [
      [0.73806698844, 0.0029440405853, 0.028856064732, 0.21572576984, 0.013097049491, 0.0013100869173],
      [0.0017327794975, 0.5731360268, 0.31778843524, 0.019864658151, 0.00073636409536, 0.086741736213],
      [0.0066803686624, 0.039945977629, 0.83149985379, 0.0084268350292, 0.050680885696, 0.062766079194],
      [0.01083519729, 0.021718988889, 0.010701153163, 0.86613431157, 0.023595433693, 0.067014915392],
      [0.028004687864, 0.019672501964, 0.72922985906, 0.055366588992, 0.11771940467, 0.050006957449],
      [0.011161126693, 0.089946799587, 0.0800732151, 0.54308560206, 0.15352847555, 0.12220478101]
    ],
    [
      [0.78361494048, 0.0018850781822, 0.020504059658, 0.18447296675, 0.0092566657521, 0.00026628917913],
      [0.0031275419423, 0.57756631854, 0.36262430118, 0.027521045472, 0.00084267646018, 0.028318116398],
      [0.011145126325, 0.038187847016, 0.86754467719, 0.010797259913, 0.053335168261, 0.018989921294],
      [0.015117379771, 0.01738468849, 0.0095162758244, 0.92018242712, 0.02083806089, 0.016961167909],
      [0.044965786987, 0.018149751812, 0.73534364533, 0.068363529125, 0.11857510057, 0.014602186176],
      [0.017273830272, 0.079611093006, 0.078867025886, 0.64189579782, 0.14820295608, 0.034149296932]
    ],
    [
      [0.81341291275, 0.0019713478297, 0.0056971878143, 0.17637974994, 0.0022887902413, 0.00025001142069],
      [0.0035475704914, 0.79946394082, 0.13009741294, 0.032949345294, 0.00026081070163, 0.033680919753],
      [0.0286779608, 0.11388995244, 0.73932562138, 0.029288181889, 0.037798454235, 0.051019829254],
      [0.01454367173, 0.019335634178, 0.0028042112492, 0.94080831546, 0.0054841610982, 0.017024006286],
      [0.10564164905, 0.049095670328, 0.56364857208, 0.16859038543, 0.077426455581, 0.035597267534],
      [0.019369668846, 0.10383847344, 0.027260555767, 0.76256995639, 0.046749207734, 0.040212137821]
    ],
    [
      [0.78822789572, 0.0018042499069, 0.022310499143, 0.17678081945, 0.010151340579, 0.00072519520527],
      [0.0029619112312, 0.52227527918, 0.37552966306, 0.025070774799, 0.00087829225109, 0.073284079475],
      [0.0099568888118, 0.032757423338, 0.84918740544, 0.0092780145195, 0.052460970136, 0.046359297757],
      [0.015178396427, 0.016761973414, 0.010432375868, 0.88806743312, 0.023027440951, 0.046532380221],
      [0.040743044312, 0.015787975165, 0.72944536687, 0.0595567308, 0.1183236605, 0.036143222351],
      [0.016396256344, 0.072511910382, 0.08175996518, 0.58575329568, 0.15502511398, 0.088553458434]
    ],
    [
      [0.78402708411, 0.0018682092036, 0.021099688388, 0.18340865378, 0.0094352050632, 0.00016115946006],
      [0.0032665141867, 0.57380234292, 0.37704060536, 0.027695247478, 0.00086942923625, 0.017325860821],
      [0.011329383557, 0.037264613341, 0.87599768585, 0.010578308285, 0.053515027088, 0.011314981879],
      [0.015777932878, 0.017426579351, 0.009908522701, 0.92502440593, 0.021484355205, 0.010378203934],
      [0.045621347411, 0.017703464353, 0.74233900225, 0.066923467097, 0.11871737778, 0.0086953411129],
      [0.018054247773, 0.07982940473, 0.082210083848, 0.64640536628, 0.15258942805, 0.020911469317]
    ],
    [
      [0.78422412658, 0.0017950027034, 0.021695565472, 0.1840051474, 0.0079631887638, 0.000316969083],
      [0.0032566409929, 0.54760807679, 0.38669105485, 0.027732856707, 0.00073236920131, 0.03397900146],
      [0.011046063828, 0.034931516111, 0.8779024649, 0.010359127555, 0.044054306761, 0.021706520848],
      [0.015628991393, 0.016598851787, 0.010101891756, 0.9194676514, 0.017975442042, 0.020227171622],
      [0.045159115703, 0.016850255336, 0.75539560337, 0.066530054049, 0.099128264285, 0.016936707256],
      [0.018090749349, 0.076872993812, 0.084774004913, 0.65014423824, 0.12891246848, 0.041205545197]
    ],
    [
      [0.81558507503, 0.0014361112827, 0.020065906071, 0.15809343204, 0.0045511079501, 0.00026836762452],
      [0.0035263586628, 0.51999807589, 0.41511225118, 0.027477473226, 0.0004827550736, 0.033403085969],
      [0.011344149079, 0.030631876932, 0.90044612865, 0.0097251048733, 0.027667577906, 0.020185162561],
      [0.017093178887, 0.015477249528, 0.010877211467, 0.9245559026, 0.01197777493, 0.020018682585],
      [0.04771337895, 0.015130116093, 0.79272305033, 0.064039344229, 0.064264775919, 0.016129334478],
      [0.020537260669, 0.074635308633, 0.094842391378, 0.67705941482, 0.090442637304, 0.042482987192]
    ],
    [
      [0.84102752979, 0.0022434747361, 0.011017132868, 0.13899149646, 0.0064610636617, 0.00025930248491],
      [0.003364923686, 0.74313720795, 0.20302290396, 0.021346061241, 0.00060515741322, 0.028523745755],
      [0.01935480638, 0.075769868582, 0.79838744375, 0.013513885818, 0.062148456252, 0.030825539218],
      [0.02058100521, 0.026993855842, 0.0066581791712, 0.90521397801, 0.018972689063, 0.0215802927],
      [0.075404693706, 0.034682258497, 0.65025148434, 0.082554751509, 0.13425514815, 0.022851663794],
      [0.023179984285, 0.12254431721, 0.054532391628, 0.62183052919, 0.13496238333, 0.042950394352]
    ],
    [
      [0.69671694129, 0.0022259951534, 0.027349639516, 0.26900011819, 0.0043028589062, 0.00040444694569],
      [0.0021379029685, 0.54756200812, 0.3842315255, 0.031704124251, 0.00030940640659, 0.034055032754],
      [0.0074342947239, 0.034800429421, 0.90421699524, 0.012134547005, 0.019147792895, 0.022265940719],
      [0.0091790036903, 0.014410882052, 0.0089043140002, 0.94260645122, 0.0067998874125, 0.018099461629],
      [0.031661690891, 0.017432215493, 0.80680606091, 0.081027534338, 0.045022682493, 0.018049815878],
      [0.011747658402, 0.074053736505, 0.082750625929, 0.73609096199, 0.05448822369, 0.040868793481]
    ],
    [
      [0.82380374091, 0.0022886694567, 0.017442106322, 0.14944958501, 0.0065186604584, 0.00049723784592],
      [0.0030220367414, 0.64541993409, 0.28225065435, 0.020379114485, 0.00054244500248, 0.048385815328],
      [0.013391845243, 0.052734594553, 0.84086577518, 0.0099427198906, 0.042725443792, 0.040339621342],
      [0.019072719388, 0.025201953869, 0.0096634921851, 0.89070907546, 0.01752079565, 0.037831963448],
      [0.055085395536, 0.025551995253, 0.72658723566, 0.064199170866, 0.096949397295, 0.031626805393],
      [0.020963444786, 0.11110680019, 0.077053289235, 0.59747418931, 0.12008663362, 0.073315642849]
    ],
    [
      [0.71793674176, 0.0042085850175, 0.026040391405, 0.24468285035, 0.006524705393, 0.00060672607571],
      [0.0014437549192, 0.70416511925, 0.24141906853, 0.018979112822, 0.0003087966481, 0.03368414783],
      [0.0075252013896, 0.065051331678, 0.85487311451, 0.010887583629, 0.028669678739, 0.032993090055],
      [0.010007900015, 0.02898397119, 0.0090091604512, 0.91215128397, 0.010960542452, 0.028887141927],
      [0.032257715104, 0.03275634796, 0.76698428837, 0.073168628508, 0.067923525552, 0.026909494506],
      [0.011524162464, 0.13452603443, 0.075371478636, 0.6406097323, 0.079217902218, 0.058750689957]
    ],
    [
      [0.58234600639, 0.0041925013076, 0.036193038632, 0.37567313415, 0, 0.0015953195212],
      [0.00094019887184, 0.60546082965, 0.29171867718, 0.025095071176, 0, 0.076785223121],
      [0.0040946208682, 0.046652454086, 0.87453973223, 0.012020777051, 0, 0.062692415768],
      [0.0049422410297, 0.018856815181, 0.0081744956097, 0.91822934153, 0, 0.049797106653],
      [0.018419104522, 0.024589983603, 0.81892015005, 0.084589310377, 0, 0.053481451444],
      [0.0062735631458, 0.09648067012, 0.075525025136, 0.70965475622, 0, 0.11206598538]
    ],
    [
      [0.79348899458, 0.0022686293085, 0.018722146721, 0.17931503883, 0.0061107026849, 9.4487874877e-05],
      [0.003053505203, 0.64954013948, 0.31215469179, 0.025247033773, 0.00052507628659, 0.0094795534635],
      [0.012811437004, 0.051046845591, 0.87787067612, 0.011664173066, 0.039119939572, 0.0074869286421],
      [0.016289443814, 0.021793632877, 0.0090545250581, 0.93226094666, 0.014332279373, 0.0062691722144],
      [0.052336485411, 0.024593621008, 0.75431026786, 0.074839495041, 0.0880859087, 0.0058342219749],
      [0.01942805326, 0.104049453, 0.078308949305, 0.67875439955, 0.10628754514, 0.013171599744]
    ],
    [
      [0.74245323671, 0.0026681480596, 0.026429522739, 0.21905579548, 0.0092260308492, 0.00016726616635],
      [0.0022567502178, 0.60871438886, 0.35051096914, 0.02453411335, 0.00063070392863, 0.013353074502],
      [0.0085189320807, 0.042975446945, 0.88654325536, 0.010197272541, 0.042277661027, 0.0094874320467],
      [0.01234565768, 0.020910271593, 0.010427158879, 0.92960993707, 0.017652642154, 0.0090543326219],
      [0.03532778533, 0.021011480263, 0.77313428548, 0.066402847489, 0.096620800435, 0.0075028009981],
      [0.014276675155, 0.096813377629, 0.087432708965, 0.65607518028, 0.12695535046, 0.018446707505]
    ],
    [
      [0.73378775258, 0.0026481370708, 0.024908556411, 0.22292001965, 0.01556998104, 0.00016555325375],
      [0.0023008843062, 0.61861949413, 0.33882792489, 0.025615744984, 0.0010916831313, 0.013544268557],
      [0.0086591670424, 0.043609225616, 0.85458286889, 0.010615399497, 0.072936519917, 0.0095968190341],
      [0.0119601649, 0.020225003931, 0.0095772954656, 0.9204765765, 0.029031586852, 0.0087293723507],
      [0.034329633766, 0.020389026661, 0.71260842748, 0.066091348706, 0.15932373512, 0.0072578282582],
      [0.012996331617, 0.087974352441, 0.075463774206, 0.61083372746, 0.19602862573, 0.016703188551]
    ],
    [
      [0.72164833597, 0.002847687468, 0.024484011845, 0.23766495535, 0.013111981789, 0.0002430275826],
      [0.0021415673452, 0.63463794889, 0.31737928833, 0.026020871144, 0.0008759586814, 0.018944365605],
      [0.0086097901863, 0.047732847019, 0.85529182354, 0.011518753916, 0.062508309095, 0.014338476244],
      [0.011008237152, 0.020490618432, 0.0088689342606, 0.92452719355, 0.023032303757, 0.012072712852],
      [0.034532586231, 0.022570934466, 0.72131002713, 0.072534857216, 0.13808392204, 0.010967672913],
      [0.012420550027, 0.09255998232, 0.072563084922, 0.63703811472, 0.16143211754, 0.023986150479]
    ],
    [
      [0.74450674284, 0.0026255320853, 0.022924666973, 0.22037321894, 0.0093832469151, 0.00018659224755],
      [0.0024627902725, 0.63192351409, 0.32287496854, 0.026253646531, 0.00068206730222, 0.015803013257],
      [0.0099146584656, 0.047926565849, 0.86984382923, 0.011640329468, 0.048690304421, 0.011984312565],
      [0.012632829366, 0.020510865972, 0.0090181148218, 0.92988709804, 0.017893844882, 0.010057246917],
      [0.040288357458, 0.022987271684, 0.74419948277, 0.074325704779, 0.10890160084, 0.0092975824711],
      [0.01474549572, 0.095769153269, 0.076313110482, 0.6631771402, 0.12933984712, 0.020655253208]
    ],
    [
      [0.75519151646, 0.0016042704903, 0.019572090637, 0.21212464038, 0.011233150252, 0.00027433178156],
      [0.002752491948, 0.56494150934, 0.36844363592, 0.032544676476, 0.0010506529745, 0.03026703334],
      [0.009135117357, 0.031337188103, 0.86633345932, 0.011879034668, 0.062476878069, 0.018838322483],
      [0.011334477168, 0.012994968197, 0.0079417243404, 0.93015913408, 0.022189229148, 0.01538046707],
      [0.036721622604, 0.014723349534, 0.71995304214, 0.074645880043, 0.13960020467, 0.014355901013],
      [0.013212231121, 0.061476356624, 0.067642806711, 0.66069025029, 0.16522558926, 0.031752765993]
    ],
    [
      [0.87053391917, 0.0010599507492, 0.014368787181, 0.10997347907, 0.003816208405, 0.00024765543096],
      [0.0043346003415, 0.52877187561, 0.39956107657, 0.025565283591, 0.00054114742462, 0.041226016457],
      [0.014197519788, 0.030803178193, 0.8888815852, 0.0092027500777, 0.031579611308, 0.025335355431],
      [0.022303224914, 0.016197765778, 0.011032073685, 0.91005893162, 0.014232599132, 0.026175404867],
      [0.059371011726, 0.015039139857, 0.77291233569, 0.059955799762, 0.072690983494, 0.020030729471],
      [0.025983071546, 0.075985286791, 0.093356971799, 0.64631886634, 0.10450226338, 0.05385354015]
    ],
    [
      [0.80435739165, 0.0014911286548, 0.023877765444, 0.16514568727, 0.0050000501688, 0.0001279768118],
      [0.0036448757067, 0.49265672431, 0.46133405224, 0.026991061291, 0.00049869834599, 0.014874588105],
      [0.010842721655, 0.027597351266, 0.91807909599, 0.0088427995492, 0.026303329687, 0.0083347018546],
      [0.018209029164, 0.015566444695, 0.012551966264, 0.93171231292, 0.012741388618, 0.0092188583412],
      [0.045680557714, 0.01372257319, 0.81437085532, 0.05853904527, 0.060983513734, 0.0067034547734],
      [0.021788262409, 0.0745128691, 0.10888034032, 0.68102013193, 0.094386733607, 0.019411662634]
    ],
    [
      [0.77601530947, 0.0021021490136, 0.023709475628, 0.18818084512, 0.0096620064801, 0.00033021428741],
      [0.0029042826047, 0.56485108316, 0.37487023701, 0.025193814135, 0.00078925339374, 0.031391329698],
      [0.01012538064, 0.037323861422, 0.87350167364, 0.0096744431221, 0.048750935716, 0.020623705462],
      [0.015263760433, 0.018903186731, 0.010738460787, 0.9134080945, 0.021208879986, 0.020477617566],
      [0.041412903108, 0.018027463793, 0.75261355447, 0.062188611026, 0.10964640183, 0.016111065772],
      [0.017073944761, 0.084518983052, 0.087068351266, 0.6245020977, 0.14655942589, 0.040277197327]
    ],
    [
      [0.72368500812, 0.0026805799985, 0.028296710401, 0.23650943329, 0.0083470924874, 0.00048117569683],
      [0.0020375184071, 0.57933301512, 0.35645504798, 0.025162540795, 0.00054199469171, 0.036469883007],
      [0.0075195259885, 0.040076001294, 0.88134939829, 0.010222748702, 0.03550155802, 0.025330767706],
      [0.010780817178, 0.019289797291, 0.010251683861, 0.92110026207, 0.014665093131, 0.023912346472],
