{
  "X": [
    [2, 3, 1, 177, 29, 0],
    [2, 14, 5, 69, 152, 10],
    [4, 2, 5, 67, 40, 1],
    [2, 1, 1, 30, 18, 1],
    [90, 146, 76, 757, 1160, 58],
    [85, 63, 52, 585, 639, 33],
    [43, 116, 201, 1025, 1800, 43],
    [6, 8, 30, 60, 120, 4],
    [3, 2, 18, 10, 51, 1],
    [15, 33, 5, 143, 149, 6],
    [15, 27, 54, 258, 286, 7],
    [18, 37, 75, 597, 553, 18],
    [5, 8, 11, 79, 76, 4],
    [44, 21, 118, 276, 624, 32],
    [42, 89, 38, 337, 997, 29],
    [8, 9, 1, 75, 34, 0],
    [5, 8, 17, 140, 123, 5],
    [5, 0, 3, 17, 31, 1],
    [8, 1, 5, 25, 37, 1],
    [12, 10, 4, 27, 63, 5],
    [11, 7, 25, 142, 75, 0],
    [2, 2, 0, 29, 12, 0],
    [9, 10, 3, 55, 58, 1],
    [4, 9, 7, 44, 91, 3],
    [7, 3, 9, 35, 35, 1],
    [31, 38, 11, 94, 277, 14],
    [27, 4, 19, 90, 142, 10],
    [19, 22, 7, 83, 94, 6],
    [7, 7, 21, 48, 99, 2],
    [1, 0, 5, 52, 39, 0],
    [6, 14, 8, 96, 64, 3],
    [3, 3, 10, 63, 54, 2],
    [5, 1, 2, 24, 25, 3],
    [11, 21, 3, 74, 163, 16],
    [8, 12, 1, 90, 138, 10],
    [15, 22, 5, 142, 185, 8],
    [12, 6, 1, 109, 123, 11],
    [30, 32, 18, 168, 241, 16],
    [4, 3, 2, 37, 13, 0],
    [8, 6, 1, 28, 12, 1],
    [21, 8, 5, 81, 47, 2],
    [23, 17, 10, 141, 117, 6],
    [10, 5, 1, 56, 16, 1],
    [27, 26, 13, 159, 229, 6],
    [25, 13, 13, 137, 141, 8],
    [0, 1, 4, 8, 11, 0],
    [7, 12, 1, 84, 34, 3],
    [3, 2, 3, 23, 10, 1],
    [5, 11, 3, 40, 52, 5],
    [2, 0, 8, 50, 32, 2],
    [6, 6, 2, 75, 46, 4],
    [22, 18, 15, 91, 98, 8],
    [5, 6, 1, 64, 10, 1],
    [18, 18, 3, 66, 79, 4],
    [7, 1, 1, 42, 29, 4],
    [5, 12, 22, 111, 165, 6],
    [12, 35, 92, 376, 473, 13],
    [5, 2, 25, 27, 56, 0],
    [3, 3, 2, 41, 10, 2],
    [5, 5, 2, 64, 60, 0],
    [10, 14, 33, 102, 189, 1],
    [19, 30, 37, 190, 323, 4],
    [9, 14, 23, 167, 265, 6],
    [18, 28, 40, 167, 411, 12],
    [8, 5, 18, 43, 117, 5],
    [23, 17, 17, 200, 166, 2],
    [3, 14, 1, 29, 18, 3],
    [3, 5, 1, 43, 24, 2],
    [13, 29, 12, 33, 144, 10],
    [5, 11, 24, 46, 126, 1],
    [6, 1, 19, 15, 85, 2],
    [9, 3, 7, 46, 59, 5],
    [17, 23, 4, 208, 185, 11],
    [5, 5, 17, 55, 87, 2],
    [7, 6, 18, 14, 40, 4],
    [3, 2, 8, 12, 47, 2],
    [2, 4, 4, 30, 53, 3],
    [3, 4, 5, 83, 64, 2],
    [31, 32, 1, 114, 135, 10],
    [3, 5, 7, 46, 64, 5],
    [1, 1, 10, 19, 26, 0],
    [7, 10, 34, 118, 216, 3],
    [28, 7, 6, 94, 58, 1],
    [30, 37, 10, 79, 219, 5],
    [1, 6, 3, 32, 25, 0],
    [6, 5, 13, 72, 54, 6],
    [10, 5, 11, 58, 70, 3],
    [25, 9, 23, 81, 150, 4],
    [4, 6, 19, 33, 114, 7],
    [18, 18, 15, 186, 152, 9],
    [2, 8, 31, 122, 212, 3],
    [4, 5, 3, 21, 42, 1],
    [4, 4, 11, 60, 103, 2],
    [1, 4, 8, 60, 87, 1],
    [11, 17, 36, 134, 188, 1],
    [3, 3, 10, 26, 30, 1],
    [8, 10, 5, 24, 64, 5],
    [28, 52, 62, 473, 410, 8],
    [26, 38, 6, 104, 321, 9],
    [12, 24, 9, 60, 184, 4],
    [16, 27, 13, 80, 283, 12],
    [12, 24, 2, 73, 210, 6],
    [13, 3, 1, 62, 24, 0],
    [8, 15, 87, 180, 404, 11],
    [71, 73, 221, 495, 846, 59],
    [79, 103, 181, 513, 757, 58]
  ],
  "W": [
    [2, 20, 173, 11, 6],
    [8, 133, 76, 28, 7],
    [10, 23, 76, 8, 2],
    [0, 13, 34, 3, 3],
    [89, 987, 891, 214, 106],
    [96, 502, 682, 121, 56],
    [343, 1288, 1203, 269, 125],
    [41, 78, 75, 13, 21],
    [12, 48, 16, 2, 7],
    [14, 127, 152, 46, 12],
    [85, 195, 276, 55, 36],
    [93, 390, 663, 76, 76],
    [16, 59, 87, 14, 7],
    [262, 428, 303, 62, 60],
    [66, 822, 421, 159, 64],
    [1, 25, 80, 14, 7],
    [19, 75, 174, 13, 17],
    [6, 19, 19, 10, 3],
    [9, 29, 25, 10, 4],
    [5, 61, 28, 19, 8],
    [17, 60, 151, 20, 12],
    [0, 9, 29, 4, 3],
    [7, 41, 56, 26, 6],
    [4, 68, 61, 15, 10],
    [10, 33, 36, 6, 5],
    [14, 227, 121, 71, 32],
    [36, 88, 131, 16, 21],
    [9, 76, 86, 47, 13],
    [17, 74, 68, 14, 11],
    [8, 18, 58, 4, 9],
    [8, 52, 103, 21, 7],
    [14, 36, 65, 13, 7],
    [10, 12, 30, 5, 3],
    [9, 135, 82, 52, 10],
    [5, 101, 114, 27, 12],
    [8, 141, 170, 38, 20],
    [6, 83, 134, 22, 17],
    [20, 180, 205, 63, 37],
    [4, 9, 41, 2, 3],
    [2, 5, 39, 9, 1],
    [5, 31, 99, 16, 13],
    [9, 97, 167, 35, 6],
    [0, 15, 63, 5, 6],
    [28, 161, 190, 51, 30],
    [14, 125, 142, 32, 24],
    [1, 9, 10, 3, 1],
    [0, 17, 101, 18, 5],
    [6, 6, 22, 5, 3],
    [1, 49, 43, 15, 8],
    [7, 27, 55, 2, 3],
    [6, 33, 81, 16, 3],
    [26, 70, 113, 29, 14],
    [2, 9, 58, 12, 6],
    [5, 75, 71, 25, 12],
    [6, 18, 43, 8, 9],
    [26, 110, 144, 20, 21],
    [117, 323, 448, 50, 63],
    [24, 46, 30, 8, 7],
    [4, 8, 38, 7, 4],
    [5, 38, 77, 10, 6],
    [30, 133, 136, 30, 20],
    [53, 238, 224, 55, 33],
    [38, 179, 196, 42, 29],
    [50, 306, 223, 67, 30],
    [28, 93, 50, 12, 13],
    [30, 110, 226, 37, 22],
    [1, 17, 32, 13, 5],
    [0, 18, 49, 8, 3],
    [16, 127, 38, 38, 22],
    [45, 81, 55, 20, 12],
    [62, 40, 17, 5, 4],
    [8, 43, 57, 15, 6],
    [7, 132, 244, 43, 22],
    [22, 69, 63, 5, 12],
    [16, 36, 9, 17, 11],
    [20, 33, 14, 4, 3],
    [18, 29, 33, 9, 7],
    [14, 35, 94, 14, 4],
    [7, 125, 134, 33, 24],
    [17, 44, 49, 11, 9],
    [6, 23, 25, 2, 1],
    [33, 158, 153, 30, 14],
    [6, 47, 112, 21, 8],
    [7, 196, 97, 65, 15],
    [3, 13, 38, 8, 5],
    [23, 32, 82, 9, 10],
    [19, 46, 66, 13, 13],
    [43, 106, 98, 23, 22],
    [29, 86, 48, 14, 6],
    [18, 110, 208, 37, 25],
    [42, 137, 161, 19, 19],
    [5, 29, 23, 14, 5],
    [19, 74, 69, 12, 10],
    [13, 45, 79, 16, 8],
    [51, 114, 155, 43, 24],
    [15, 13, 26, 10, 9],
    [7, 50, 33, 18, 8],
    [35, 319, 509, 125, 45],
    [14, 251, 151, 63, 25],
    [19, 130, 88, 42, 14],
    [12, 230, 105, 68, 16],
    [2, 172, 99, 42, 12],
    [0, 13, 78, 7, 5],
    [162, 266, 203, 28, 46],
    [202, 696, 596, 134, 137],
    [151, 611, 604, 176, 149]
  ],
  "method": "mcmc",
  "mcmc_stepsize": 3000,
  "mcmc_samples": 1000,
  "burn_in": 10000,
  "cond_prob": [
    [
      [0.052187306075, 0.043365590362, 0.0052352199491, 0.88790673434, 0.011305149272, 0],
      [0.0062221195179, 0.043703274596, 0.0053749770718, 0.80200697617, 0.14269265265, 0],
      [0.0095894578465, 0.0114003903, 0.0050283705138, 0.83941781962, 0.13456396172, 0],
      [0.0059052070091, 0.0053496186354, 0.00031691427049, 0.94390323324, 0.04452502684, 0],
      [0.0078749188252, 0.0013483334197, 0.0014393104672, 0.59697144147, 0.39236599581, 0]
    ],
    [
      [0.12499670814, 0.12499713313, 5.2332953072e-07, 0.24999968241, 0.50000418642, 1.7665697515e-06],
      [0.0075186622363, 0.060150069117, 0.022556169867, 0.27067574671, 0.60150530534, 0.037594046729],
      [4.9829247304e-08, 0.052631567047, 0.026315669922, 0.28947486515, 0.59210404639, 0.039473801669],
      [1.8940265565e-07, 0.035715638358, 1.0621820928e-06, 0.28571618281, 0.64285314808, 0.035713779163],
      [5.023882634e-06, 3.8246873303e-06, 6.5226903703e-07, 0.14285505118, 0.71428074667, 0.14285470131]
    ],
    [
      [0.14097310228, 0.0046491251997, 0.0059041411316, 0.48409921935, 0.35945068983, 0.0049237222095],
      [0.018019307091, 0.037051102046, 0.081578977438, 0.56223392047, 0.29959927368, 0.0015174192725],
      [0.02561043878, 0.014143155062, 0.036301522746, 0.58288402878, 0.3372020692, 0.0038587854296],
      [0.0269387694, 0.0024536446093, 0.034441984806, 0.46653737353, 0.46728661551, 0.0023416121369],
      [0.0069607058541, 0.0034122296935, 0.015095250228, 0.59807123012, 0.074529811654, 0.30193077245]
    ],
    [
      [0, 0, 0, 0, 0, 0],
      [0.039973912912, 0.027896276573, 0.020475471037, 0.53414001627, 0.35318500114, 0.024329322076],
      [0.038595022546, 0.015615755995, 0.018207996972, 0.5876210153, 0.3293559475, 0.010604261683],
      [0.034204421735, 0.026333175023, 0.015236619993, 0.50338916194, 0.40752006953, 0.013316551779],
      [0.02183170013, 0.0091377252214, 0.023012373162, 0.5222992608, 0.32931085386, 0.094408086825]
    ],
    [
      [0.056179775281, 0.067415730337, 0.022471910112, 0.32584269663, 0.50561797753, 0.022471910112],
      [0.038500506586, 0.065856129686, 0.033434650456, 0.33029381966, 0.50658561297, 0.025329280648],
      [0.039281705948, 0.062850729517, 0.034792368126, 0.33221099888, 0.50617283951, 0.024691358025],
      [0.03738317757, 0.060747663551, 0.032710280374, 0.33177570093, 0.51401869159, 0.023364485981],
      [0.037735849057, 0.056603773585, 0.028301886792, 0.33018867925, 0.50943396226, 0.037735849057]
    ],
    [
      [0.072916666667, 0.041666666667, 0.03125, 0.39583333333, 0.4375, 0.020833333333],
      [0.057768924303, 0.045816733068, 0.035856573705, 0.40039840637, 0.43824701195, 0.021912350598],
      [0.057184750733, 0.042521994135, 0.038123167155, 0.40175953079, 0.43841642229, 0.021994134897],
      [0.057851239669, 0.04132231405, 0.03305785124, 0.4132231405, 0.43801652893, 0.01652892562],
      [0.053571428571, 0.035714285714, 0.017857142857, 0.39285714286, 0.44642857143, 0.053571428571]
    ],
    [
      [0.01749271137, 0.037900874636, 0.061224489796, 0.31486880466, 0.55685131195, 0.01166180758],
      [0.013198757764, 0.03649068323, 0.062888198758, 0.31677018634, 0.55745341615, 0.013198757764],
      [0.013300083126, 0.0357439734, 0.063175394846, 0.31753948462, 0.55694098088, 0.013300083126],
      [0.011152416357, 0.033457249071, 0.059479553903, 0.32713754647, 0.55762081784, 0.011152416357],
      [0.008, 0.032, 0.056, 0.312, 0.568, 0.024]
    ],
    [
      [0.073169707733, 0.048780424486, 0.12195036038, 0.24390006679, 0.51219889524, 5.4537021691e-07],
      [0.025640777531, 0.051282279758, 0.12820588728, 0.25641048488, 0.52564032305, 0.012820247501],
      [0.01333360226, 0.026666132069, 0.15999965568, 0.2666682878, 0.51999870528, 0.01333361691],
      [5.040740796e-08, 2.5143015221e-07, 0.076924686391, 0.38461355321, 0.53846145686, 1.6985967132e-09],
      [1.9290796731e-06, 1.0286281514e-06, 0.095237186546, 0.23809436498, 0.57142848865, 0.095237002116]
    ],
    [
      [0.1573861378, 0.00076367696896, 0.16856440007, 0.084763632195, 0.58825765832, 0.00026449464388],
      [0.021841687194, 0.040379941416, 0.24954953937, 0.10458539306, 0.58294215355, 0.00070128542273],
      [0.0021751757964, 0.0021954888244, 0.18614392624, 0.24321955696, 0.56461783866, 0.001648013516],
      [0.010295669651, 0.0027822455489, 0.0048640915722, 0.0086197884066, 0.97226524024, 0.0011729645805],
      [0.001081601286, 0.0017009108735, 0.14440261522, 0.0077121512549, 0.711609833, 0.13349288837]
    ],
    [
      [0.21428571411, 0.071428571841, 1.3536163071e-11, 0.35714285656, 0.35714285658, 9.040819942e-10],
      [0.039370078696, 0.1023622047, 0.023622047177, 0.40157480305, 0.4173228349, 0.015748031486],
      [0.039473684073, 0.092105263106, 0.013157894742, 0.42105263188, 0.42105263156, 0.013157894637],
      [0.021739130739, 0.086956521792, 1.6183810892e-10, 0.41304347797, 0.47826086933, 1.1408875877e-11],
      [1.2436531655e-09, 0.083333333589, 9.5386264168e-12, 0.33333333244, 0.41666666577, 0.16666666695]
    ],
    [
      [0.047058823529, 0.047058823529, 0.082352941176, 0.38823529412, 0.43529411765, 7.734444378e-20],
      [0.020512820513, 0.046153846154, 0.087179487179, 0.39487179487, 0.44102564103, 0.010256410256],
      [0.021739130435, 0.039855072464, 0.083333333333, 0.40579710145, 0.44202898551, 0.0072463768116],
      [0.018181818182, 0.036363636364, 0.072727272727, 0.4, 0.47272727273, 1.0944424682e-21],
      [1.0213861317e-21, 0.027777777778, 0.083333333333, 0.38888888889, 0.41666666667, 0.083333333333]
    ],
    [
      [0.021505376344, 0.043010752688, 0.05376344086, 0.45161290323, 0.41935483871, 0.010752688172],
      [0.012820512821, 0.028205128205, 0.061538461538, 0.45897435897, 0.42564102564, 0.012820512821],
      [0.013574660633, 0.027149321267, 0.057315233786, 0.46304675716, 0.42533936652, 0.013574660633],
      [0.013157894737, 0.026315789474, 0.052631578947, 0.46052631579, 0.43421052632, 0.013157894737],
      [0.013157894737, 0.026315789474, 0.052631578947, 0.44736842105, 0.43421052632, 0.026315789474]
    ],
    [
      [0.12484582025, 0.12485727006, 0.00026812996952, 0.37438836168, 0.37563981238, 6.0566267379e-07],
      [0.016952923368, 0.050812507359, 0.084636486513, 0.42365545434, 0.40691975847, 0.017022869949],
      [0.023008541752, 0.034508169534, 0.068961754877, 0.44848293668, 0.41356854174, 0.01147005542],
      [2.9090156185e-05, 0.0001516818485, 0.00015672772575, 0.42842099177, 0.57123904353, 2.4649716705e-06],
      [1.3428949185e-05, 1.6356550986e-06, 4.1479106617e-05, 0.42831500443, 0.2862410731, 0.28538737875]
    ],
    [
      [0.049618320611, 0.019083969466, 0.10305343511, 0.24427480916, 0.5572519084, 0.026717557252],
      [0.03738317757, 0.021028037383, 0.10981308411, 0.2453271028, 0.55841121495, 0.028037383178],
      [0.036303630363, 0.016501650165, 0.10561056106, 0.25742574257, 0.55775577558, 0.026402640264],
      [0.032258064516, 0.016129032258, 0.096774193548, 0.24193548387, 0.59677419355, 0.016129032258],
      [0.033333333333, 0.016666666667, 0.1, 0.23333333333, 0.55, 0.066666666667]
    ],
    [
      [0.060606060606, 0.060606060606, 0.015151515152, 0.21212121212, 0.63636363636, 0.015151515152],
      [0.026763990268, 0.059610705596, 0.026763990268, 0.21897810219, 0.6496350365, 0.018248175182],
      [0.026128266033, 0.057007125891, 0.026128266033, 0.22565320665, 0.64845605701, 0.016627078385],
      [0.025157232704, 0.056603773585, 0.018867924528, 0.21383647799, 0.66666666667, 0.018867924528],
      [0.015625, 0.046875, 0.015625, 0.21875, 0.65625, 0.046875]
    ],
    [
      [0.60429658514, 0.29189959044, 0.0010747638725, 0.081544877972, 0.02118418257, 0],
      [0.077177162388, 0.096838932695, 0.00042093483377, 0.55852196974, 0.26704100034, 0],
      [0.065977548156, 0.073933030298, 0.012145660597, 0.59286735682, 0.25507640413, 0],
      [0.012359563378, 0.024314373961, 0.00047686680455, 0.65998284351, 0.30286635234, 0],
      [0.0021480879115, 0.0045833475509, 0.0014389831833, 0.61232250336, 0.379507078, 0]
    ],
    [
      [0.10526292101, 0.052631348632, 0.052631353578, 0.42105377779, 0.36842059566, 3.3275508299e-09],
      [0.013333276675, 0.039999999664, 0.066666666396, 0.46666648586, 0.40000029676, 0.013333274649],
      [0.011494252542, 0.022988479645, 0.06321836416, 0.48275862514, 0.40804597514, 0.011494303374],
      [3.6446744721e-09, 1.0261670948e-08, 7.0029763143e-09, 0.46153945958, 0.53846051862, 8.8896203686e-10],
      [5.1531922626e-07, 5.1821443118e-07, 5.2044005059e-07, 0.41176341376, 0.47058823583, 0.11764679644]
    ],
    [
      [0.23658134234, 0, 0.064329908378, 0.19288680525, 0.50076598085, 0.0054359631929],
      [0.10410692854, 0, 0.080540388463, 0.26388368569, 0.54643447854, 0.005034518769],
      [0.066162458865, 0, 0.043573933742, 0.35283869066, 0.52175375867, 0.015671158064],
      [0.028823277316, 0, 0.019057922901, 0.36484100318, 0.57990820839, 0.0073695882072],
      [0.019053604051, 0, 0.021756399607, 0.15884799534, 0.63358184135, 0.16676015965]
    ],
    [
      [0.23694558489, 0.073120428533, 0.0093417342624, 0.27291841712, 0.40636884129, 0.0013049939096],
      [0.09381061195, 0.0078106644863, 0.11165444528, 0.29094899764, 0.49394859611, 0.0018266845359],
      [0.083980080059, 0.00052309581577, 0.052864309563, 0.38575722702, 0.46584089511, 0.011034392434],
      [0.10104999055, 0.0041251382911, 0.011750348201, 0.31505526455, 0.56734388389, 0.00067537450821],
      [0.0092450206028, 0.015269523698, 0.059708564342, 0.32793249835, 0.42467748117, 0.16316691183]
    ],
    [
      [0.39995354525, 1.0282845065e-05, 1.0690113438e-05, 0.20003428825, 0.39998980063, 1.3929131475e-06],
      [0.11475227775, 0.098359451981, 0.032784323977, 0.2131087831, 0.50821207149, 0.032783091702],
      [0.071427986818, 0.10712915361, 0.071424556584, 0.21430196419, 0.50000064192, 0.035715696884],
      [0.052647110267, 0.052644598182, 8.2673065997e-06, 0.31576774877, 0.57891594407, 1.6331403203e-05],
      [8.0756067717e-06, 1.9793545975e-05, 7.2654530582e-06, 0.12501882076, 0.62496171561, 0.24998432902]
    ],
    [
      [0.17647042083, 5.5730731559e-07, 0.05882411904, 0.52940646542, 0.2352984374, 0],
      [0.033332827496, 0.04999960892, 0.10000132875, 0.53332921427, 0.28333702057, 0],
      [0.039734937322, 0.026490136456, 0.10595958225, 0.54304872155, 0.28476662242, 0],
      [2.8519663271e-06, 1.2578313434e-07, 0.050000120531, 0.65000196765, 0.29999493407, 0],
      [5.1760106108e-08, 7.2505788798e-08, 0.083334243386, 0.49999507706, 0.41667055529, 0]
    ],
    [
      [0, 0, 0, 0, 0, 0],
      [0.048754512561, 0.062566885637, 0, 0.59322231422, 0.29545628758, 0],
      [0.04509984352, 0.036634662897, 0, 0.66484855163, 0.25341694196, 0],
      [0.04023740919, 0.061831607009, 0, 0.64847091905, 0.24946006475, 0],
      [0.030788096037, 0.042388792407, 0, 0.59550249956, 0.331320612, 0]
    ],
    [
      [0.42185218302, 0.00034542771451, 5.5627007406e-05, 0.28778987343, 0.28995425856, 2.6302655965e-06],
      [0.049657412712, 0.12145018794, 0.024326449638, 0.39216858151, 0.4119039778, 0.00049339040323],
      [0.05365210213, 0.071037055527, 0.035375516323, 0.42791144144, 0.4120150647, 8.8198885037e-06],
      [0.038681610475, 0.039156956354, 0.00080579766405, 0.420288141, 0.50091190723, 0.00015558727324],
      [0.00014020100231, 0.0036613876523, 4.1087073468e-05, 0.33600444293, 0.49761731488, 0.16253556646]
    ],
    [
      [0.24994023508, 8.9216188524e-06, 4.0716820379e-05, 0.25641858985, 0.49358793747, 3.5991538654e-06],
      [0.029409580317, 0.073526949881, 0.044117784308, 0.26414261032, 0.57391018632, 0.014892888858],
      [0.016394760674, 0.065148912281, 0.06556540978, 0.26356029805, 0.57314774636, 0.016182872852],
      [7.0559359495e-06, 0.0017207392438, 1.053888044e-05, 0.46321447256, 0.53503801592, 9.1774570228e-06],
      [2.0135795239e-05, 2.3698378472e-05, 1.7972004696e-05, 0.19872328695, 0.70121728135, 0.099997625521]
    ],
    [
      [0.2979628225, 0.00070184011024, 0.10234979271, 0.29849470713, 0.30044759596, 4.3241582994e-05],
      [0.058801183526, 0.059295835395, 0.15019181519, 0.36565545603, 0.36599959253, 5.6117324584e-05],
      [0.057133792187, 0.028604359929, 0.082634931929, 0.44229424312, 0.388296067, 0.0010366058339],
      [0.0025030025823, 0.0008514548343, 0.001393965477, 0.49259074518, 0.50263856466, 2.2267274663e-05],
      [0.001619636874, 0.00027066887782, 0.0073901658809, 0.21405713121, 0.5846095374, 0.19205285976]
    ],
    [
      [0.14285714286, 0.14285714286, 6.8113734851e-12, 0.14285714285, 0.57142857142, 2.2806616927e-12],
      [0.066079295154, 0.088105726872, 0.026431718061, 0.19823788546, 0.59471365639, 0.026431718062],
      [0.066115702478, 0.074380165289, 0.03305785124, 0.20661157025, 0.59504132231, 0.024793388429],
      [0.056338028169, 0.070422535211, 0.014084507042, 0.22535211267, 0.60563380282, 0.028169014085],
      [0.0625, 0.062499999999, 9.9843016547e-13, 0.1875, 0.59375, 0.093749999997]
    ],
    [
      [0.13888890896, 1.2578858899e-09, 0.055555540256, 0.30555547179, 0.47222230381, 0.027777773926],
      [0.090909085239, 0.03409089675, 0.056818196041, 0.30681816666, 0.47727276184, 0.034090893464],
      [0.091603053273, 0.0076335878322, 0.076335860552, 0.31297712502, 0.48091602047, 0.030534352853],
      [0.062499975884, 4.6219326914e-09, 0.062500042229, 0.31250003696, 0.56249987718, 6.3128280856e-08],
      [0.04761905636, 4.5748187389e-08, 0.047619090057, 0.28571430385, 0.52380939541, 0.095238108573]
    ],
    [
      [0.22222198675, 0.1111106184, 3.3014496681e-07, 0.33333399141, 0.3333330278, 4.5503570736e-08],
      [0.078947335922, 0.10526335024, 0.052631433552, 0.3552628434, 0.39473700761, 0.013158029276],
      [0.081395501572, 0.093023087896, 0.023255796698, 0.38372093302, 0.39534891686, 0.023255763946],
      [0.063829662302, 0.085106451981, 0.021276777578, 0.34042591829, 0.46808456436, 0.021276625492],
      [0.076922871212, 0.076923154913, 7.8194891227e-08, 0.30769227531, 0.38461606129, 0.15384555908]
    ],
    [
      [0.17630584302, 0.00016400052107, 0.058662960837, 0.23545753925, 0.5294093757, 2.8067040143e-07],
      [0.027101868551, 0.067454653179, 0.12169594056, 0.25664425952, 0.52702783046, 7.5447732911e-05],
      [0.029371169925, 0.029452589508, 0.13227109585, 0.27932989456, 0.52957522059, 2.9568302578e-08],
      [4.1541246804e-07, 1.4625956306e-06, 0.071825951106, 0.28591284128, 0.64225931001, 1.9596685367e-08],
      [1.5477416152e-06, 0.00025191755303, 0.090657475603, 0.18257581999, 0.54520325626, 0.18130998285]
    ],
    [
      [0.067029833697, 0, 0.046547440968, 0.48913377935, 0.39728894599, 0],
      [0.0058739498285, 0, 0.068490743755, 0.49638066123, 0.42925464518, 0],
      [0.0043853180005, 0, 0.049976624185, 0.56083314618, 0.38480491164, 0],
      [0.0032869938599, 0, 0.024373575851, 0.56385266076, 0.40848676953, 0],
      [0.010059312671, 0, 0.044294286503, 0.48537163795, 0.46027476288, 0]
    ],
    [
      [0.24994502061, 4.8775337705e-05, 2.4845511436e-05, 0.49998747677, 0.2499932935, 5.8827453955e-07],
      [0.019230413112, 0.11536385632, 0.03846631414, 0.49998793193, 0.32694969854, 1.7859578294e-06],
      [0.029125901324, 0.067967193309, 0.058245917801, 0.50486295164, 0.33008795068, 0.0097100852403],
      [2.2910165799e-05, 0.047618147112, 9.3242079728e-06, 0.52378984156, 0.42854951158, 1.0265368006e-05],
      [1.3433453501e-06, 1.2466913825e-05, 3.9369715965e-06, 0.42860814763, 0.28572438064, 0.2856497245]
    ],
    [
      [0.13469164496, 0.00024628005903, 0.066779468748, 0.43217429559, 0.36133442109, 0.0047738895561],
      [0.0023575521373, 0.051199012915, 0.10673066012, 0.4450845136, 0.39381247874, 0.00081578249788],
      [0.015633128603, 0.017195735132, 0.077924231728, 0.48868017957, 0.39947836475, 0.0010883602102],
      [0.00027426394567, 0.0014521300839, 0.0066447482571, 0.46297973017, 0.52845597217, 0.00019315538032],
      [0.0013894718616, 0.0023981627942, 0.010189554815, 0.44908131541, 0.27543536045, 0.26150613467]
    ],
    [
      [0.16346448871, 0.0046102031653, 0.041375290009, 0.34186053192, 0.43445235573, 0.014237130466],
      [0.10784817077, 0.046909193449, 0.045212037092, 0.33823085664, 0.44487237161, 0.016927370435],
      [0.064593917142, 0.011735519818, 0.031422390198, 0.44379790697, 0.40506384316, 0.043386422707],
      [0.023586859397, 0.0072767176214, 0.010503835177, 0.39801436731, 0.45294819871, 0.10767002179],
      [0.0051417507884, 0.00084615477302, 0.016170590989, 0.40620511843, 0.30011723169, 0.27151915333]
    ],
    [
      [0.22222218782, 9.2537300111e-07, 1.4329273392e-10, 0.22222204986, 0.555554832, 4.8070330067e-09],
      [0.037037011688, 0.088888858943, 0.0074073980361, 0.25185187578, 0.56296306458, 0.051851790971],
      [0.036585293155, 0.07317066964, 0.024390259053, 0.2560975687, 0.56097566472, 0.04878054473],
      [0.019230952786, 0.057692322343, 2.9938120728e-10, 0.28846146753, 0.59615365852, 0.038461598526],
      [1.482227226e-08, 4.1977796459e-09, 5.9434594763e-10, 0.20000013759, 0.49999980436, 0.30000003844]
    ],
    [
      [0.39988201171, 3.286869339e-06, 6.0695843907e-07, 0.20007376856, 0.40001834781, 2.1978099806e-05],
      [0.029703166742, 0.05940030449, 0.0098993498398, 0.34652677829, 0.5247725646, 0.029697836032],
      [0.026313600753, 0.043861535903, 4.1951426835e-09, 0.35965801543, 0.53507807425, 0.035088769465],
      [1.8935262109e-05, 0.037045546933, 1.1186920552e-08, 0.33332605215, 0.59257837432, 0.037031080144],
      [2.5696884257e-05, 8.9960012297e-06, 1.3487591365e-05, 0.33330078184, 0.49994688874, 0.16670414895]
    ],
    [
      [0.24999968409, 2.350078324e-07, 1.4261292109e-07, 0.37500017077, 0.37499976219, 5.3369635815e-09],
      [0.04255322196, 0.070921931154, 0.0070921961363, 0.37588655447, 0.4893616654, 0.014184430877],
      [0.035294105493, 0.052941231096, 0.023529393229, 0.38235297265, 0.48823525185, 0.017647045689],
      [0.026315746362, 0.052631500961, 3.1271239909e-08, 0.36842083353, 0.55263186974, 1.8133571452e-08],
      [9.6769787168e-08, 0.049999975217, 5.8336263685e-08, 0.34999987145, 0.45000016086, 0.14999983737]
    ],
    [
      [0.33332232577, 8.9512632447e-06, 1.1752701344e-09, 0.33335361549, 0.33331506519, 4.1108846195e-08],
      [0.036143591446, 0.036144144232, 0.012047448358, 0.42168646538, 0.4578340394, 0.036144311185],
      [0.044776259481, 0.02238760757, 4.1680352535e-07, 0.41790869182, 0.47761419063, 0.037312833689],
      [0.04545761758, 1.8764370648e-06, 1.4870517449e-07, 0.40910065136, 0.54543893043, 7.7548870338e-07],
      [3.6234208308e-06, 9.5596426314e-08, 1.562391622e-07, 0.41176015566, 0.41176037203, 0.17647559705]
    ],
    [
      [0.15, 0.099999999998, 6.3128931071e-17, 0.30000000001, 0.44999999999, 1.7584148301e-12],
      [0.055555555556, 0.072222222222, 0.044444444443, 0.32777777778, 0.47222222222, 0.027777777778],
      [0.058536585365, 0.058536585366, 0.034146341464, 0.34634146341, 0.47317073171, 0.029268292682],
      [0.04761904762, 0.047619047622, 0.031746031747, 0.31746031746, 0.52380952381, 0.031746031745],
      [0.054054054057, 0.054054054053, 0.027027027028, 0.32432432432, 0.45945945946, 0.081081081085]
    ],
    [
      [0.13341705007, 0.034623211371, 0.042317457075, 0.52799995169, 0.2616423298, 0],
      [0.048042981448, 0.081387947925, 0.041357875117, 0.58844284546, 0.24076835004, 0],
      [0.068503113485, 0.040916598261, 0.031685052601, 0.65153302538, 0.20736221027, 0],
      [0.072419193984, 0.089527859239, 0.034922014032, 0.5222828986, 0.28084803415, 0],
      [0.026826308609, 0.090793125331, 0.029859370311, 0.61153158211, 0.24098961364, 0]
    ],
    [
      [0.22321795878, 0.057409874801, 0.026079895459, 0.47349399709, 0.21511184918, 0.0046864246958],
      [0.16151774009, 0.12890767993, 0.011664680205, 0.43222910809, 0.25708417285, 0.008596618832],
      [0.13626067062, 0.10530196026, 0.019872693854, 0.51362879109, 0.20826447857, 0.016671405604],
      [0.15198228735, 0.11716058921, 0.011036192799, 0.48115452469, 0.23029436494, 0.0083720410182],
      [0.063968641675, 0.079420097686, 0.015156012555, 0.52995289059, 0.089391488777, 0.22211086871]
    ],
    [
      [0.39975861532, 0.00020365090213, 5.9877979001e-06, 0.4002351505, 0.19979622896, 3.6652068027e-07],
      [0.1290589677, 0.12888702323, 7.345678363e-05, 0.48381460251, 0.25816117628, 4.7734888301e-06],
      [0.12120631818, 0.040435511726, 0.050469349732, 0.49498744857, 0.2828109021, 0.010090469701],
      [0.12510594605, 1.2132622971e-05, 7.5099499139e-05, 0.56243469762, 0.3123682325, 3.8917012468e-06],
      [0.076866022173, 1.3403262843e-05, 1.9757884751e-06, 0.4613737692, 0.38475779714, 0.076987032432]
    ],
    [
      [0.2222222066, 1.2678893051e-07, 1.2640475545e-07, 0.44444420365, 0.33333333439, 2.1596987478e-09],
      [0.072164920152, 0.072164925057, 0.030927864886, 0.44329899749, 0.37113402117, 0.010309271248],
      [0.071856298002, 0.053892216373, 0.035928123285, 0.44910182229, 0.37125746719, 0.017964072855],
      [0.057142886093, 0.028571441596, 0.028571409985, 0.48571415502, 0.40000006587, 4.143134758e-08],
      [1.7716451546e-08, 8.9696547581e-08, 5.0585352751e-09, 0.33333327696, 0.33333343513, 0.33333317544]
    ],
    [
      [0, 0, 0, 0, 0, 0],
      [0.16417455447, 0.0684698752, 0.011125006392, 0.59722975961, 0.15307518373, 0.0059256205958],
      [0.1174912991, 0.062043620712, 0.012758745964, 0.62477834207, 0.18060936946, 0.0023186226832],
      [0.012509862684, 0.0085190859155, 0.00087434316112, 0.79438580503, 0.18220132362, 0.0015095795927],
      [0.012146754327, 0.0036013895953, 0.0041586987593, 0.61809817168, 0.23574589163, 0.12624909401]
    ],
    [
      [0.14285714286, 0.071428571429, 1.4509287023e-13, 0.32142857143, 0.46428571429, 3.6438258663e-16],
      [0.055900621118, 0.068322981366, 0.024844720497, 0.34161490683, 0.49689440994, 0.012422360248],
      [0.057894736842, 0.052631578947, 0.042105263158, 0.34210526316, 0.49473684211, 0.010526315789],
      [0.039215686275, 0.039215686275, 0.019607843137, 0.39215686274, 0.50980392157, 1.0143326685e-13],
      [0.033333333334, 0.033333333333, 4.4777634799e-13, 0.33333333333, 0.53333333333, 0.066666666667]
    ],
    [
      [0.21428571436, 0.071428571553, 2.0448519573e-09, 0.35714286197, 0.35714284811, 1.9632184182e-09],
      [0.071999998992, 0.04800000013, 0.047999999958, 0.39999999913, 0.41600000141, 0.016000000376],
      [0.070422535409, 0.035211267111, 0.042253520948, 0.41549295794, 0.41549295822, 0.021126760377],
      [0.062500001404, 0.031250001556, 0.031249999978, 0.43749999757, 0.43749999845, 1.0350899586e-09],
      [0.041666668837, 1.043381775e-10, 1.1122924195e-10, 0.37500000381, 0.45833333052, 0.12499999662]
    ],
    [
      [0, 0.051713091423, 0.18322941013, 0.24747156489, 0.51758593357, 0],
      [0, 0.047696443994, 0.18082565526, 0.30571771281, 0.46576018793, 0],
      [0, 0.033000565722, 0.16551803333, 0.37177287716, 0.42970852379, 0],
      [0, 0.050359318949, 0.11617498083, 0.33176431911, 0.50170138111, 0],
      [0, 0.037935298568, 0.18563441673, 0.28804729084, 0.48838299386, 0]
    ],
    [
      [0, 0, 0, 0, 0, 0],
      [0.10285284031, 0.078717336823, 0.00065206763811, 0.58554199912, 0.2293407058, 0.0028950503036],
      [0.049860407919, 0.093534729984, 0.0010725386005, 0.59833004453, 0.23851629939, 0.018685979581],
      [0.010038104643, 0.062946655886, 0.043989260674, 0.63736185484, 0.23806988976, 0.0075942341952],
      [0.0069829262652, 0.016351547943, 0.017756351875, 0.42838762614, 0.34516074945, 0.18536079833]
    ],
    [
      [0.22918154166, 0.024048013014, 0.063570086463, 0.44302795055, 0.2349894439, 0.0051829644149],
      [0.030690147486, 0.094389681049, 0.12498629303, 0.49353456356, 0.24424924007, 0.012150074816],
      [0.054889619514, 0.050217969242, 0.072107155162, 0.59867976815, 0.21308502917, 0.01102045876],
      [0.032574131675, 0.025986344802, 0.024176369285, 0.58219975147, 0.33204727154, 0.0030161312222],
      [0.023442525804, 0.018215596097, 0.053807487688, 0.43289041959, 0.25882029889, 0.21282367193]
    ],
    [
      [0.9891780884, 0.0023419861387, 8.4215930017e-06, 0.0030294364466, 0.005404365643, 3.7701776237e-05],
      [0.061149148469, 0.12216305903, 0.020390311, 0.32631580813, 0.42920026954, 0.040781403822],
      [0.023387354932, 0.093087405734, 0.046193026964, 0.37260207969, 0.44137673971, 0.023353392973],
      [0.00035297546491, 0.066740244789, 0.00038133244111, 0.398397672, 0.53356131668, 0.00056645862278],
      [0.00044534282256, 0.00097575034902, 0.0011057741655, 0.25120518229, 0.49764535866, 0.24862259172]
    ],
    [
      [0.10747365769, 0, 0.12641017891, 0.45229923918, 0.30655442081, 0.007262503407],
      [0.01143439154, 0, 0.10777109131, 0.49613605112, 0.37659743529, 0.0080610307439],
      [0.016298930875, 0, 0.074172021258, 0.56804972161, 0.32366662429, 0.017812701961],
      [0.0075238723793, 0, 0.0384485632, 0.49680094648, 0.45289400814, 0.0043326098034],
      [0.0091556272318, 0, 0.016316995579, 0.40063178798, 0.32617864968, 0.24771693953]
    ],
    [
      [0.24091176207, 0.010891228221, 0.018394891714, 0.41662544448, 0.31170438981, 0.0014722837056],
      [0.032972910691, 0.059165354469, 0.029195702812, 0.56108737627, 0.30100852056, 0.016570135205],
      [0.039026236191, 0.043536196335, 0.011285381738, 0.54727808057, 0.33509617793, 0.023777927239],
      [0.018934177714, 0.026791367117, 0.00067776484585, 0.53048682302, 0.41871580407, 0.0043940632399],
      [0.00078379995126, 0.009034052058, 0.00040409953639, 0.38901674064, 0.11808306856, 0.48267823926]
    ],
    [
      [0.15384615343, 0.076923077689, 0.038461538508, 0.34615384649, 0.38461538371, 1.6793851263e-10],
      [0.085714286472, 0.071428571034, 0.071428571987, 0.35714285553, 0.38571428668, 0.028571428302],
      [0.07964601752, 0.070796460223, 0.070796459498, 0.37168141676, 0.3805309732, 0.026548672801],
      [0.068965516462, 0.068965517666, 0.034482759756, 0.34482758648, 0.44827586099, 0.03448275864],
      [0.071428571468, 0.07142857073, 2.4240911634e-10, 0.35714285732, 0.35714285828, 0.14285714196]
    ],
    [
      [0.42661249384, 0.005290426769, 0.022364136998, 0.5362744261, 0.0085054577827, 0.00095305850379],
      [0.097306381302, 0.097873066222, 0.0012761553305, 0.69442894311, 0.10840292748, 0.00071252656028],
      [0.054071465457, 0.084710711131, 0.016044102189, 0.74247464548, 0.10151332436, 0.001185751383],
      [0.0092250156575, 0.014619737793, 0.00080096908563, 0.8064533851, 0.16875991081, 0.00014098155125],
      [0.0040287326955, 0.003317241894, 0.00060279533865, 0.65610343344, 0.18241183244, 0.15353596419]
    ],
    [
      [0.39995517776, 8.038087695e-06, 6.1445566501e-07, 0.20002509681, 0.39999764079, 1.3432093048e-05],
      [0.093332656466, 0.12000011515, 0.013333338338, 0.34666583284, 0.4133356622, 0.013332395003],
      [0.084511072426, 0.084506120816, 0.028166240327, 0.38028066972, 0.40845134638, 0.014084550331],
      [0.080003343342, 0.07999728094, 1.9380337985e-06, 0.32001044014, 0.47999104806, 0.039995949478],
      [0.083325429203, 0.083340381018, 1.2086522665e-05, 0.33331237492, 0.41666794468, 0.083341783653]
    ],
    [
      [0.16657355353, 0.00078853895028, 0.00059387731347, 0.49426567231, 0.33715822826, 0.00062012962915],
      [0.16182704619, 0.00035645736949, 0.0015466249599, 0.49838152322, 0.33634967909, 0.0015386691696],
      [0.071135478281, 0.022672922165, 0.022187863091, 0.5135884495, 0.32417808808, 0.046237198887],
      [0.0016996815115, 0.00048540365803, 0.0013136123201, 0.49691923711, 0.49843396986, 0.0011480955326],
      [0.0016943143517, 0.0011148501444, 0.00044560837364, 0.44487570254, 0.33284742895, 0.21902209564]
    ],
    [
      [0.076920850554, 0.076920853489, 0.038464304067, 0.30769860613, 0.49999503848, 3.4727710173e-07],
      [0.0090914308912, 0.04545345142, 0.072727619024, 0.34545550584, 0.50909032366, 0.018181669163],
      [0.013888547286, 0.03472305739, 0.076387511833, 0.34722213065, 0.51388913255, 0.013889620298],
      [2.4632056101e-06, 8.6067774548e-07, 0.050001564366, 0.39999642399, 0.5499986632, 2.4563656845e-08],
      [1.972911681e-08, 1.9369203358e-06, 0.047621762398, 0.33332453835, 0.52381833552, 0.095233407078]
    ],
    [
      [0.034188034128, 0.034188034218, 0.085470085923, 0.36752136731, 0.47008546987, 0.008547008547],
      [0.0092879256747, 0.040247678019, 0.092879256824, 0.37461300304, 0.47058823553, 0.012383900907],
      [0.011160714309, 0.033482142865, 0.095982142865, 0.37723214294, 0.47098214275, 0.011160714262],
      [7.0700274433e-11, 0.019999999929, 0.079999999788, 0.40000000057, 0.49999999951, 1.4140054893e-10],
      [3.9435221221e-20, 0.03174603169, 0.079365079365, 0.36507936469, 0.47619047647, 0.047619047787]
    ],
    [
      [0.083602598662, 0.041305227676, 0.20911372169, 0.20759480267, 0.45838364931, 0],
      [0.043351763756, 0.021677169035, 0.23872264807, 0.21764583357, 0.47860258557, 0],
      [0.033166793994, 0.00027490141055, 0.23318161688, 0.26646982848, 0.46690685924, 0],
      [0.0003192605779, 0.00026758339999, 0.12546833177, 0.37388495878, 0.50005986547, 0],
      [0.00025694212429, 0.00016243580415, 0.142976244, 0.14583455244, 0.71076982563, 0]
    ],
    [
      [0.30678557469, 0.032751325768, 0.010854043609, 0.53126394681, 0.10999733209, 0.0083477770257],
      [0.037589994069, 0.1722126751, 0.025748958347, 0.59789970983, 0.15382164004, 0.012727022607],
      [0.033800799375, 0.030923834761, 0.040234362117, 0.71613930316, 0.15099289318, 0.027908807405],
      [0.018916199664, 0.020115403405, 0.015536884004, 0.69192915577, 0.24246595296, 0.011036404198],
      [0.013823493692, 0.043844937834, 0.028232052582, 0.50873723091, 0.22361148491, 0.18175080007]
    ],
    [
      [0.20242294972, 0.0014134455824, 0.00053704254263, 0.3919881292, 0.40363843295, 0],
      [0.051498100777, 0.077419341683, 0.0013527490487, 0.4486475492, 0.4210822593, 0],
      [0.025795769029, 0.026503967681, 0.025102489385, 0.49248252853, 0.43011524538, 0],
      [0.003674260936, 0.00039261984649, 0.0010385993819, 0.49939568895, 0.49549883089, 0],
      [0.0013234328833, 0.0010443463688, 0.0004387744967, 0.34605681638, 0.65113662987, 0]
    ],
    [
      [0.099999997378, 0.033333336748, 0.066666672307, 0.26666666878, 0.53333332478, 1.3223378824e-11],
      [0.030075187349, 0.052631578139, 0.090225563982, 0.28571428608, 0.54135338423, 2.1766648273e-10],
      [0.022058823654, 0.036764705603, 0.11764705698, 0.28676470695, 0.53676470676, 5.7138366256e-11],
      [2.760316002e-09, 0.033333333438, 0.066666668426, 0.36666666142, 0.53333333395, 1.0660938225e-11],
      [3.072839769e-09, 1.9958396579e-09, 0.050000000987, 0.29999999504, 0.60000000078, 0.049999998128]
    ],
    [
      [0.056603773585, 0.056603773585, 0.056603773585, 0.30188679245, 0.52830188679, 1.1435680548e-19],
      [0.029411764706, 0.054621848739, 0.067226890756, 0.31092436975, 0.53361344538, 0.0042016806723],
      [0.03125, 0.049107142857, 0.058035714286, 0.32589285714, 0.53125, 0.0044642857143],
      [0.018181818182, 0.036363636364, 0.054545454545, 0.30909090909, 0.58181818182, 1.2206410235e-19],
      [0.030303030303, 0.030303030303, 0.060606060606, 0.30303030303, 0.51515151515, 0.060606060606]
    ],
    [
      [0.078947219446, 0.02631578948, 0.026315863959, 0.34210556106, 0.52631549157, 7.4486078505e-08],
      [0.016759823971, 0.039106050377, 0.04469272162, 0.34078204385, 0.54748616002, 0.011173200169],
      [0.015306108009, 0.02551020408, 0.061224489793, 0.34183683578, 0.5459182807, 0.010204081632],
      [5.3109356392e-12, 0.023809793371, 0.023809523809, 0.38095204399, 0.57142863883, 3.9273825548e-14],
      [6.2679941721e-12, 1.9520577063e-07, 0.034482758625, 0.34482748862, 0.55172423549, 0.068965322053]
    ],
    [
      [0.08, 0.04, 0.04, 0.24, 0.6, 5.9755521009e-18],
      [0.02614379085, 0.045751633987, 0.058823529412, 0.24509803922, 0.60784313725, 0.016339869281],
      [0.022421524664, 0.040358744395, 0.071748878924, 0.2466367713, 0.60538116592, 0.013452914798],
      [0.014925373134, 0.029850746269, 0.044776119403, 0.26865671642, 0.62686567164, 0.014925373134],
      [2.8263826665e-17, 0.033333333333, 0.033333333333, 0.23333333333, 0.6, 0.1]
    ],
    [
      [0.10713885791, 0.035714274768, 0.071430591605, 0.2142757815, 0.57143848395, 2.010268324e-06],
      [0.032258066957, 0.032256859596, 0.10752626617, 0.21505494674, 0.5913984891, 0.021505371439],
      [0.040002217605, 0.020001123151, 0.079998893129, 0.26000335527, 0.5799955254, 0.019998885444],
      [6.4639113522e-08, 2.9151523949e-08, 0.083333370303, 0.16666202166, 0.75000448724, 2.7003406911e-08],
      [7.344738926e-09, 4.2966662136e-06, 0.07692735238, 0.15385046525, 0.61537175741, 0.15384612095]
    ],
    [
      [0.10000069905, 0.033332983798, 0.033332983835, 0.4666652685, 0.36666771529, 3.4953030658e-07],
      [0.045454736117, 0.054545359205, 0.054545549864, 0.46363712626, 0.38181722855, 4.6419134758e-12],
      [0.053097252329, 0.039822916059, 0.039823008847, 0.47345123464, 0.38938085576, 0.0044247323623],
      [0.054053487278, 0.027027593834, 0.02702674362, 0.48648648646, 0.40540568881, 3.7481902004e-14],
      [0.045454545446, 9.5328317439e-07, 4.7666196132e-07, 0.45454450127, 0.4545449779, 0.045454545441]
    ],
    [
      [0.48137967158, 0.044691809653, 0.0018409010651, 0.28919801554, 0.16781322902, 0.015076373141],
      [0.055676337961, 0.27093250512, 0.013510608511, 0.39346782608, 0.24505102332, 0.021361699015],
      [0.043400242015, 0.18942150951, 0.018061279432, 0.46011645205, 0.25826664452, 0.030733872467],
      [0.012214004173, 0.18118851988, 0.013473677169, 0.41858249074, 0.31259683779, 0.061944470249],
      [0.0049065568713, 0.1865033081, 0.0030720018439, 0.37131001917, 0.26760557172, 0.16660254229]
    ],
    [
      [0, 0, 0, 0, 0, 0],
      [0.073570710654, 0.10234469029, 0.0096873776508, 0.48891858878, 0.31022266776, 0.015255964873],
      [0.029422443534, 0.057617950629, 0.016171196519, 0.58054331624, 0.29493624358, 0.021308849502],
