{
  "Z_true": {},
  "V_true": [
    [502, 29, 71, 2231, 75],
    [22, 1035, 1202, 253, 49],
    [65, 722, 6829, 421, 239],
    [892, 439, 392, 20210, 528],
    [47, 164, 756, 709, 905]
  ],
  "p_true": [
    [0.1726, 0.01, 0.0244, 0.7672, 0.0258],
    [0.0086, 0.4041, 0.4693, 0.0988, 0.0191],
    [0.0079, 0.0872, 0.8252, 0.0509, 0.0289],
    [0.0397, 0.0195, 0.0175, 0.8998, 0.0235],
    [0.0182, 0.0635, 0.2929, 0.2747, 0.3506]
  ],
  "Z_est": [
    [
      [24.3535, 15.3388, 0.8726, 26.6682, 19.6947, 31.8532, 19.3986, 15.7358, 16.3054, 40.0374, 0, 0.512, 2.4157, 36.1445, 10.4569, 33.2308, 30.115, 9.1803, 15.0793, 34.4639, 31.9037, 1.3341, 1.7451, 6.0505, 13.9907, 0.512, 12.39, 17.4445, 35.185, 20.8422, 11.0404, 31.2976, 12.418, 5.1827, 56.9503, 7.5501, 44.0102, 4.9619],
      [2.0152, 0.7129, 0.0274, 0.5483, 0.6443, 0.5758, 1.9055, 1.4668, 1.8507, 1.0282, 0, 0.3162, 0.0274, 1.5765, 0.658, 0.8088, 0.7403, 0.2742, 1.2316, 0.8636, 1.4394, 0.0548, 0.0548, 1.3651, 1.4531, 0.0274, 1.0556, 0.4661, 1.412, 3.2135, 0.2879, 0.9459, 0.3701, 0.1234, 2.5361, 0.3153, 3.4135, 1.2201],
      [6.3404, 3.0818, 0.101, 2.5137, 2.2229, 2.6776, 5.2795, 4.7995, 5.1658, 6.2899, 0, 0.101, 0.2094, 6.0373, 1.8188, 2.9555, 5.4642, 0.9473, 2.3998, 4.1643, 5.8352, 0.5052, 0.1516, 1.2596, 3.8649, 0.1537, 11.059, 4.7364, 6.0625, 3.5238, 1.8693, 3.8396, 1.8314, 0, 9.4096, 1.3641, 7.4392, 3.006],
      [78.2866, 41.8646, 1.9986, 84.2679, 60.4359, 95.8907, 43.4148, 53.9959, 49.6763, 88.6376, 0, 2.0705, 2.347, 122.2379, 37.0655, 107.0024, 81.6777, 28.597, 44.2869, 107.5046, 92.8176, 3.1056, 4.0482, 18.3242, 50.6895, 2.2841, 49.4945, 44.3504, 104.3349, 92.4184, 19.8006, 83.9138, 31.379, 4.694, 202.0967, 11.7694, 74.1303, 24.8103],
      [0.0043, 0.0019, 0.0004, 0.0018, 0.0022, 0.0027, 0.0016, 0.002, 0.0018, 0.007, 0, 0.0001, 0.0005, 0.0038, 0.0008, 0.0025, 0.0028, 0.0013, 0.0025, 0.0035, 0.0041, 0.0002, 0.0002, 0.0006, 0.0019, 0.0228, 0.0008, 0.0027, 0.0056, 0.002, 0.0018, 0.0031, 0.0015, 0, 0.0074, 0.0011, 0.0068, 0.0017]
    ],
    [
      [0, 0, 0, 0, 0, 0, 0, 0, 0, 0, 0, 0, 0, 0, 0, 0, 0, 0, 0, 0, 0, 0, 0, 0, 0, 0, 0, 0, 0, 0, 0, 0, 0, 0, 0, 0, 0, 0],
      [111.1343, 44.9074, 0.8137, 32.3627, 36.3997, 35.8992, 112.3353, 97.1215, 113.2695, 54.5202, 0.7674, 1.6275, 1.8684, 88.9141, 38.168, 46.2753, 45.4412, 16.0145, 22.7846, 47.343, 80.5732, 0.8137, 2.4412, 10.5786, 85.6778, 1.8684, 66.0933, 29.4267, 81.3739, 53.7065, 16.1146, 55.9508, 17.9022, 6.5099, 150.9704, 17.6494, 182.2766, 72.9662],
      [29.6193, 16.5854, 0.1863, 9.4427, 10.052, 11.2106, 31.6967, 38.5029, 33.13, 12.4798, 0.2326, 0.3725, 0.7472, 24.8112, 10.595, 13.0259, 13.7079, 4.5714, 5.2154, 12.657, 22.475, 0.1863, 0.5588, 2.4214, 24.0977, 0.9617, 19.3905, 10.5635, 23.5199, 12.2935, 4.8461, 16.4482, 4.0978, 1.4901, 44.1922, 4.966, 41.7234, 21.216],
      [1.2464, 5.5071, 0, 3.1946, 1.5483, 5.8901, 11.968, 16.3756, 17.6005, 0, 0, 0, 0.3844, 3.2748, 3.237, 2.6987, 6.8509, 1.4141, 0, 0, 1.9519, 0, 0, 0, 9.2245, 0.1699, 12.5161, 4.0098, 5.1062, 0, 0.0393, 5.601, 0, 0, 16.8374, 0.3846, 0, 8.8177],
      [0, 0, 0, 0, 0, 0, 0, 0, 0, 0, 0, 0, 0, 0, 0, 0, 0, 0, 0, 0, 0, 0, 0, 0, 0, 0, 0, 0, 0, 0, 0, 0, 0, 0, 0, 0, 0, 0]
    ],
    [
      [5.1375, 3.5842, 0.0917, 1.6924, 2.7165, 2.913, 3.8843, 3.2934, 3.7621, 5.3423, 0.4083, 0.1122, 1.5394, 4.6022, 1.4592, 2.4757, 3.6484, 1.5774, 1.9835, 3.1677, 4.86, 0.4367, 0.0938, 0.9809, 2.8666, 0.0789, 1.4506, 3.7227, 5.0573, 2.8925, 1.6196, 3.1282, 1.6221, 2.3706, 7.3307, 1.7943, 6.4228, 1.0077],
      [20.4851, 5.7468, 0.6648, 6.4018, 7.5011, 5.0138, 21.3308, 7.1094, 15.5747, 18.5388, 0.2205, 2.6156, 0.0799, 17.8794, 6.3409, 9.4293, 7.1613, 3.1244, 7.3671, 11.8817, 18.5921, 2.8279, 0.3878, 1.9542, 13.7166, 0.0799, 7.5544, 3.6934, 18.9605, 13.2092, 4.3419, 11.2635, 7.1692, 2.2572, 28.5282, 4.3711, 45.3502, 11.3157],
      [381.9219, 174.8874, 4.592, 124.3407, 137.9216, 162.6238, 302.5032, 264.0906, 296.1698, 387.9117, 8.3732, 6.0982, 15.6836, 350.7171, 108.6264, 178.9049, 163.823, 55.6872, 145.4544, 229.2557, 355.6706, 31.5803, 5.9959, 33.127, 222.3381, 5.6407, 112.2317, 290.3474, 369.6375, 214.9176, 116.2697, 229.7389, 116.1157, 74.5823, 552.9335, 83.1615, 447.3946, 181.2192],
      [19.0255, 2.0742, 0.083, 1.5142, 8.0479, 4.9226, 8.6317, 3.0387, 5.7181, 12.5034, 0.7695, 0.2264, 2.3897, 6.3812, 6.4641, 7.3577, 2.0224, 2.6519, 3.7449, 9.3589, 21.9307, 2.2162, 0.083, 2.1158, 3.5422, 0.0726, 1.3275, 13.2246, 15.7577, 11.6698, 6.9482, 8.9409, 7.9254, 7.8173, 7.6782, 5.0008, 21.9995, 10.3075],
      [30.4301, 13.7074, 2.5685, 12.0509, 14.8129, 20.5268, 8.6501, 15.4679, 13.7752, 46.7038, 2.2286, 0.9475, 4.3074, 26.4201, 6.1094, 16.8324, 18.3451, 7.9592, 16.4501, 23.336, 28.9466, 1.939, 1.4395, 3.8222, 12.5365, 1.1279, 5.4358, 20.012, 37.587, 13.3108, 13.8206, 20.9285, 10.1677, 16.9727, 50.5295, 7.6723, 45.8329, 13.1499]
    ],
    [
      [15.0816, 12.3671, 0.7242, 26.5529, 18.4424, 31.778, 16.6047, 10.4339, 11.2392, 38.755, 1.2802, 0.2199, 1.4206, 28.2419, 8.4156, 32.3711, 29.3689, 7.5235, 12.2452, 31.7374, 26.5222, 1.0205, 1.9001, 5.5987, 7.9876, 0.3567, 8.3347, 13.62, 29.8842, 12.7408, 11.0486, 29.1703, 12.1845, 4.8867, 43.4406, 6.5759, 44.66, 1.0596],
      [12.8433, 0.4482, 0.487, 0.5451, 2.288, 0.362, 2.9347, 0.9222, 3.8256, 0.6464, 0.0086, 1.3236, 0.0172, 6.2215, 2.6626, 2.277, 0.4654, 0.5158, 1.4084, 2.6879, 4.0223, 0.2893, 1.1019, 3.0418, 4.776, 0.0172, 2.0232, 0.293, 0.8877, 7.5937, 0.181, 0.5947, 1.4626, 0.0776, 2.3082, 0.5825, 17.0753, 3.1818],
      [31.9619, 27.2492, 0.9377, 12.24, 9.1638, 12.4508, 41.7317, 40.379, 40.2415, 37.9307, 0.7348, 0.4165, 1.0934, 43.5572, 9.6241, 13.2983, 15.8954, 3.905, 12.9489, 16.7966, 30.4882, 5.9281, 3.7619, 2.6181, 25.1984, 1.0637, 21.5501, 35.0449, 31.7622, 17.9218, 9.3065, 15.8284, 9.2064, 4.7381, 56.776, 5.6232, 30.6675, 13.7289],
      [735.1766, 396.921, 21.0874, 692.0676, 656.7173, 802.9984, 484.9828, 553.7684, 433.6829, 1047.0445, 31.3775, 16.1561, 34.1211, 991.8521, 316.3982, 923.144, 721.8042, 256.7159, 437.3724, 945.2478, 1136.7434, 52.4245, 44.6236, 101.116, 387.9744, 27.41, 333.1924, 541.4845, 970.6728, 742.5213, 227.4362, 974.3512, 379.9, 121.2866, 2080.2483, 204.6683, 1308.9334, 631.6539],
      [10.9366, 8.0146, 2.7638, 5.5945, 14.3886, 11.4107, 1.7462, 3.4965, 2.0108, 39.6234, 0.5989, 0.8837, 1.3476, 4.1274, 0.8996, 8.9097, 13.4661, 6.3397, 11.0251, 12.5303, 12.2238, 1.3376, 1.6125, 4.6254, 2.0637, 1.1524, 0.8996, 8.5576, 28.793, 2.2224, 8.0278, 4.0553, 7.2464, 3.011, 24.2269, 2.5501, 32.6639, 8.3758]
    ],
    [
      [7.4274, 2.71, 0.3115, 3.0865, 2.1465, 3.4557, 4.1125, 3.5369, 3.6933, 7.8653, 0.3115, 0.1558, 0.6243, 8.0114, 1.6683, 3.9224, 3.8677, 1.7188, 3.6921, 5.631, 6.7142, 0.2087, 0.261, 0.3699, 4.1552, 0.0523, 1.8247, 4.2129, 6.8736, 4.5244, 2.2914, 6.4038, 1.7754, 1.5601, 12.2784, 2.0797, 8.9069, 1.9708],
      [0.5222, 0.1847, 0.0071, 0.1421, 0.167, 0.1492, 0.4937, 0.3801, 0.4795, 0.2664, 0.0036, 0.117, 0.0071, 0.4085, 0.1705, 0.2096, 0.1918, 0.071, 0.2083, 0.2238, 0.373, 0.0142, 0.0142, 0.0604, 0.3765, 0.0071, 0.2735, 0.1208, 0.3659, 0.2771, 0.0746, 0.2451, 0.0959, 0.032, 0.6571, 0.0817, 0.8845, 0.3161],
      [52.1565, 22.1962, 2.183, 19.4629, 16.6396, 23.0371, 36.789, 32.228, 34.2929, 53.3879, 1.6595, 1.0116, 3.2663, 52.8773, 13.3357, 25.8154, 25.1096, 9.8891, 23.9815, 35.1264, 47.531, 1.8002, 1.5318, 2.5738, 30.5009, 0.1802, 15.7686, 34.3079, 49.0178, 30.3432, 15.7085, 38.1449, 13.7487, 10.1895, 81.6887, 12.8852, 61.7753, 18.8299],
      [36.2649, 8.6331, 0.8311, 16.9557, 5.2507, 15.2982, 15.0027, 9.8214, 10.3221, 31.8145, 1.853, 0.5469, 3.7578, 45.254, 6.8353, 19.7971, 18.6449, 9.6211, 18.5958, 30.8886, 31.5563, 0.2537, 1.2453, 0.444, 20.5694, 0.0634, 6.4694, 14.9307, 27.1284, 25.3905, 9.7757, 40.193, 5.7956, 6.2022, 63.1395, 12.1769, 37.9368, 2.4106],
      [46.629, 18.2761, 2.6673, 19.3528, 16.7963, 24.0597, 22.6021, 22.0336, 22.2122, 57.6659, 2.1725, 1.1686, 4.3445, 47.4488, 9.9902, 25.2554, 26.186, 11.6998, 24.5223, 36.1302, 42.8255, 1.7232, 1.9477, 3.5519, 24.398, 0.6969, 10.6638, 27.4277, 48.6145, 26.4647, 16.1498, 38.0131, 12.5844, 12.0163, 78.2362, 12.7765, 61.4965, 14.4726]
    ]
  ],
  "V_est": [
    [696.6657, 37.0259, 128.4807, 2045.7198, 0.1079],
    [0, 1880.8607, 534.2902, 145.8491, 0],
    [101.1272, 370.0401, 6942.4885, 255.4838, 606.8605],
    [595.7948, 92.4005, 693.7689, 20765.2768, 313.759],
    [134.4123, 8.6728, 950.9718, 611.6706, 875.2725]
  ],
  "p_est": [
    [0.2396, 0.0127, 0.0442, 0.7035, 0],
    [0, 0.7344, 0.2086, 0.057, 0],
    [0.0122, 0.0447, 0.8389, 0.0309, 0.0733],
    [0.0265, 0.0041, 0.0309, 0.9245, 0.014],
    [0.0521, 0.0034, 0.3685, 0.237, 0.3391]
  ],
  "EI_Z": {},
  "EI_V": 7.1234,
  "MAE_Z": {},
  "MAE_V": 221.0351,
  "MAE_p": 0.0504,
  "runtime": 0.6267
}
