{
  "X": [
    [0, 2, 5, 0],
    [290, 100, 740, 92],
    [219, 246, 854, 107],
    [3, 8, 5, 2],
    [13, 14, 18, 0],
    [1, 2, 5, 0],
    [2, 2, 9, 2],
    [9, 9, 25, 4],
    [16, 42, 85, 17],
    [16, 24, 61, 9],
    [1, 1, 4, 0],
    [325, 1063, 2677, 220],
    [31, 97, 254, 22],
    [6, 30, 53, 4],
    [15, 42, 244, 25],
    [14, 16, 46, 6],
    [163, 208, 705, 61],
    [37, 41, 138, 17],
    [610, 190, 1069, 193],
    [6, 6, 17, 2],
    [1, 5, 3, 2],
    [9, 11, 26, 4],
    [13, 29, 84, 7],
    [2, 2, 4, 0],
    [5, 3, 14, 4],
    [27, 37, 103, 9],
    [1, 0, 4, 1],
    [14, 19, 38, 9],
    [5, 7, 34, 1],
    [342, 76, 531, 68],
    [43, 28, 157, 14],
    [35, 10, 92, 15],
    [115, 111, 368, 35],
    [11, 12, 38, 8],
    [6, 6, 57, 1],
    [104, 52, 257, 33],
    [22, 5, 44, 3],
    [2, 2, 6, 0],
    [36, 54, 238, 10],
    [2, 1, 9, 0],
    [8, 19, 20, 6],
    [1, 5, 15, 2],
    [12, 13, 44, 9],
    [0, 2, 8, 0],
    [0, 13, 12, 0],
    [4, 1, 8, 3],
    [10, 25, 66, 7],
    [34, 103, 149, 21],
    [1, 0, 14, 0],
    [313, 460, 1138, 144],
    [69, 75, 207, 25],
    [902, 572, 2312, 311],
    [649, 535, 1907, 263],
    [96, 72, 283, 29],
    [264, 304, 1033, 101],
    [123, 174, 523, 54],
    [12, 17, 61, 7],
    [114, 53, 286, 40],
    [8, 10, 53, 6],
    [52, 94, 341, 29],
    [18, 36, 96, 8],
    [2, 3, 0, 2],
    [2, 4, 5, 1],
    [1, 0, 5, 1],
    [2, 1, 5, 0],
    [0, 5, 8, 4],
    [0, 2, 3, 1],
    [25, 111, 202, 26],
    [43, 82, 253, 32],
    [24, 164, 216, 27],
    [10, 81, 157, 10],
    [25, 93, 247, 29],
    [12, 33, 110, 9],
    [22, 92, 179, 24],
    [40, 44, 100, 11],
    [71, 123, 218, 24],
    [44, 18, 92, 15],
    [1, 6, 11, 1],
    [5, 2, 5, 0],
    [1, 9, 6, 2],
    [6, 36, 41, 8],
    [2, 2, 5, 6],
    [5, 7, 14, 3],
    [20, 20, 59, 13],
    [30, 30, 148, 12],
    [20, 8, 30, 17],
    [33, 23, 72, 15],
    [105, 137, 367, 40],
    [16, 19, 51, 7],
    [4, 1, 9, 0],
    [9, 11, 30, 4],
    [10, 7, 20, 7],
    [16, 11, 31, 7],
    [0, 2, 10, 1],
    [29, 61, 147, 18],
    [40, 57, 198, 12],
    [0, 2, 13, 2],
    [0, 0, 9, 1],
    [2, 1, 3, 1],
    [2, 11, 19, 1],
    [14, 35, 75, 6],
    [29, 52, 105, 23],
    [21, 52, 108, 13],
    [2, 3, 9, 2],
    [0, 2, 7, 0],
    [0, 4, 4, 0],
    [26, 100, 126, 21],
    [9, 10, 25, 6],
    [72, 62, 221, 20],
    [56, 81, 151, 44],
    [41, 41, 98, 17],
    [35, 59, 89, 21],
    [11, 14, 45, 16],
    [16, 26, 76, 6],
    [10, 20, 111, 15],
    [762, 345, 2035, 165],
    [926, 694, 2249, 451],
    [381, 356, 976, 250],
    [29, 17, 61, 10]
  ],
  "W": [
    [0, 0, 5, 2, 0, 0],
    [42, 585, 452, 70, 46, 27],
    [71, 397, 670, 191, 36, 61],
    [1, 3, 5, 6, 2, 1],
    [3, 14, 15, 11, 2, 0],
    [0, 5, 2, 1, 0, 0],
    [1, 7, 4, 2, 1, 0],
    [1, 13, 20, 10, 0, 3],
    [4, 35, 65, 44, 3, 9],
    [3, 17, 54, 27, 4, 5],
    [0, 0, 5, 1, 0, 0],
    [198, 840, 2141, 868, 80, 158],
    [28, 88, 193, 76, 9, 10],
    [3, 14, 46, 26, 0, 4],
    [21, 78, 176, 32, 7, 12],
    [9, 23, 35, 12, 2, 1],
    [54, 412, 473, 155, 25, 18],
    [13, 68, 108, 29, 13, 2],
    [62, 1085, 617, 153, 94, 51],
    [1, 8, 14, 7, 0, 1],
    [0, 1, 5, 5, 0, 0],
    [5, 18, 17, 6, 1, 3],
    [11, 18, 75, 20, 2, 7],
    [2, 3, 2, 0, 1, 0],
    [3, 9, 10, 2, 0, 2],
    [7, 36, 94, 31, 5, 3],
    [0, 2, 2, 0, 1, 1],
    [8, 21, 30, 16, 2, 3],
    [3, 14, 21, 4, 1, 4],
    [17, 478, 384, 71, 44, 23],
    [13, 74, 119, 22, 10, 4],
    [5, 58, 70, 8, 6, 5],
    [32, 200, 268, 89, 21, 19],
    [7, 23, 25, 7, 4, 3],
    [1, 23, 43, 3, 0, 0],
    [12, 146, 214, 48, 9, 17],
    [1, 36, 28, 6, 3, 0],
    [0, 1, 5, 2, 2, 0],
    [19, 113, 148, 42, 10, 6],
    [0, 2, 9, 1, 0, 0],
    [8, 11, 15, 13, 4, 2],
    [0, 5, 10, 5, 1, 2],
    [3, 14, 42, 13, 3, 3],
    [1, 4, 5, 0, 0, 0],
    [2, 2, 12, 9, 0, 0],
    [0, 3, 8, 1, 0, 4],
    [4, 29, 50, 22, 0, 3],
    [30, 56, 120, 81, 9, 11],
    [0, 2, 13, 0, 0, 0],
    [138, 555, 851, 360, 95, 56],
    [20, 111, 156, 63, 19, 7],
    [169, 1480, 1729, 475, 161, 83],
    [155, 1154, 1375, 425, 155, 90],
    [22, 179, 198, 59, 15, 7],
    [93, 576, 674, 246, 72, 41],
    [54, 242, 391, 133, 45, 9],
    [4, 26, 45, 17, 3, 2],
    [21, 238, 154, 43, 20, 17],
    [5, 11, 47, 9, 0, 5],
    [31, 128, 237, 83, 22, 15],
    [11, 44, 60, 29, 7, 7],
    [0, 1, 1, 3, 1, 1],
    [2, 2, 6, 2, 0, 0],
    [0, 2, 3, 0, 2, 0],
    [0, 4, 4, 0, 0, 0],
    [1, 1, 7, 6, 0, 2],
    [1, 1, 1, 2, 0, 1],
    [28, 67, 155, 88, 12, 14],
    [24, 81, 209, 65, 10, 21],
    [34, 62, 176, 135, 13, 11],
    [17, 40, 121, 63, 5, 12],
    [13, 56, 217, 74, 10, 24],
    [8, 25, 93, 28, 4, 6],
    [19, 57, 141, 68, 10, 22],
    [10, 55, 70, 38, 10, 12],
    [42, 110, 165, 93, 12, 14],
    [11, 74, 52, 16, 12, 4],
    [1, 3, 8, 5, 1, 1],
    [0, 5, 4, 2, 1, 0],
    [0, 2, 7, 9, 0, 0],
    [11, 9, 41, 25, 2, 3],
    [1, 3, 5, 2, 1, 3],
    [0, 11, 9, 6, 2, 1],
    [13, 29, 43, 14, 4, 9],
    [6, 58, 115, 30, 6, 5],
    [6, 19, 28, 6, 9, 7],
    [6, 57, 51, 19, 4, 6],
    [44, 189, 259, 115, 25, 17],
    [5, 28, 36, 16, 4, 4],
    [0, 8, 5, 1, 0, 0],
    [1, 13, 22, 11, 4, 3],
    [2, 12, 17, 8, 2, 3],
    [3, 20, 26, 10, 4, 2],
    [0, 2, 9, 1, 1, 0],
    [13, 49, 114, 55, 12, 12],
    [12, 98, 128, 42, 16, 11],
    [0, 6, 7, 1, 1, 2],
    [0, 0, 9, 0, 0, 1],
    [0, 3, 2, 2, 0, 0],
    [2, 5, 17, 5, 1, 3],
    [5, 33, 50, 31, 3, 8],
    [13, 44, 81, 54, 10, 7],
    [10, 34, 86, 43, 14, 7],
    [1, 4, 9, 1, 0, 1],
    [0, 2, 5, 1, 0, 1],
    [0, 0, 4, 4, 0, 0],
    [19, 53, 103, 82, 6, 10],
    [1, 11, 25, 9, 3, 1],
    [18, 135, 141, 55, 13, 13],
    [18, 86, 136, 58, 19, 15],
    [11, 46, 86, 34, 14, 6],
    [9, 46, 76, 44, 14, 15],
    [11, 25, 29, 12, 7, 2],
    [11, 31, 53, 17, 6, 6],
    [5, 41, 77, 20, 6, 7],
    [104, 1130, 1650, 269, 93, 61],
    [213, 1254, 1903, 565, 182, 203],
    [102, 398, 926, 324, 110, 103],
    [6, 40, 43, 19, 3, 6]
  ],
  "method": "mult",
  "cond_prob": [
    [
      [0, 0.65885560618, 0.34114439382, 0],
      [-0, 0.0023965587921, 0.99760344121, 0],
      [0, 0.024361471888, 0.97563852811, 0],
      [0, 0.93909632028, 0.06090367972, 0],
      [-0, 0.058085388083, 0.94191461192, -0],
      [0, 0.33177670823, 0.66822329177, -0]
    ],
    [
      [0.0025297830781, 0.53170013694, 0.36199677133, 0.10377330865],
      [0.43565341536, 0, 0.51609764137, 0.048248943274],
      [0.041925191517, 0.027338709086, 0.89335525772, 0.03738084168],
      [0, 0.88877293544, 0.1006604213, 0.010566643263],
      [0.3480739483, 0.00815793657, 0.13782057247, 0.50594754266],
      [0.0027745532784, 0.10081952515, 0.21098011449, 0.68542580708]
    ],
    [
      [0.0024259923344, 0.55880990417, 0.34475006063, 0.094014042868],
      [0.45120031766, 0.0025037408553, 0.50234277171, 0.043953169773],
      [0.039277729317, 0.03932394126, 0.88705035096, 0.034347978461],
      [0, 0.89876135726, 0.092207298179, 0.0090313445596],
      [0.36696261785, 0.0095381761058, 0.13859129636, 0.48490790968],
      [0.0028605827494, 0.1143717617, 0.21586966493, 0.66689799062]
    ],
    [
      [0.00099261078219, 0.7074119839, 0.20864787675, 0.082947528566],
      [0.63545369794, 0.048541431882, 0.2837110766, 0.032293793581],
      [0.041725281741, 0.18633740488, 0.74535755296, 0.026579760425],
      [0, 1, 0, 0],
      [0.44145933801, 0.040607276388, 0.051563353241, 0.46637003237],
      [0.0011012106976, 0.13406214328, 0.11030442219, 0.75453222384]
    ],
    [
      [0.0085569497857, 0.70658105846, 0.28486199175, 0],
      [0.68412410134, 0.020877943357, 0.29499795531, 0],
      [0.10349030446, 0.071465570829, 0.82504412471, 0],
      [0.013801545367, 0.9529683956, 0.03323005903, 0],
      [0.846210083, 0.016664851768, 0.13712506523, 0],
      [0.016966982992, 0.42456657337, 0.55846644364, 0]
    ],
    [
      [0.0003807165968, 0.85843956814, 0.14117971526, 0],
      [0.2, 0.15617692482, 0.64382307518, 0],
      [0, 0.10955768794, 0.89044231206, 0],
      [0, 1, 0, 0],
      [0.50522940278, 0.051999188778, 0.44277140844, 0],
      [0.0025444307448, 0.49928507038, 0.49817049887, 0]
    ],
    [
      [0, 0.46853230359, 0.36090236466, 0.17056533175],
      [0.23154649113, 0, 0.66455501913, 0.10389848974],
      [0.011624788482, 0, 0.92630534445, 0.062069867073],
      [0.11592039861, 0.76573384821, 0.099568903793, 0.018776849396],
      [0.10083461094, 0, 0.082853316035, 0.81631207302],
      [0.00042865201661, 0.023903890956, 0.065947624517, 0.90971983251]
    ],
    [
      [0.0049353042483, 0.52142589573, 0.35452506264, 0.11911373738],
      [0.53714380272, 0, 0.41706121059, 0.045794986691],
      [0.070907072445, 0, 0.88489198716, 0.044200940393],
      [0.057438073806, 0.82658726296, 0.10256170685, 0.013412956383],
      [0.39839608481, 0.0060288897923, 0.1011684129, 0.49440661251],
      [0.0065576911334, 0.070900491567, 0.16674079599, 0.75580102131]
    ],
    [
      [0.0017465218957, 0.51316461657, 0.35119545406, 0.13389340747],
      [0.38337841668, 0, 0.54238904799, 0.074232535338],
      [0.027401519149, 0.014486622502, 0.89401997456, 0.064091883787],
      [0, 0.87026268708, 0.10497145192, 0.024765860997],
      [0.2617614701, 0.0066177734686, 0.12182254126, 0.60979821517],
      [0.00093179708819, 0.077144391007, 0.16845462771, 0.75346918419]
    ],
    [
      [0.005439934528, 0.51108840244, 0.37269587441, 0.11077578863],
      [0.540687224, 0, 0.41848040949, 0.040832366506],
      [0.064860900648, 0, 0.89334445039, 0.041794648959],
      [0.055979092793, 0.81621301355, 0.11404480332, 0.013763090335],
      [0.43673563743, 0.0028420321187, 0.1132286621, 0.44719366836],
      [0.0062261396547, 0.083523059659, 0.19900415124, 0.71124664945]
    ],
    [
      [0.0092886871726, 0.75438055633, 0.2363307565, 0],
      [1, 0, 0, 0],
      [0.19992141612, 0.0043759200564, 0.79570266382, 0],
      [0.00039291939331, 0.97812039972, 0.021486680889, 0],
      [1, 0, 0, 0],
      [0.044875064368, 0.35245690607, 0.60266802956, 0]
    ],
    [
      [0.00024228469995, 0.5755231897, 0.35402761917, 0.070206906427],
      [0.33629334731, 0.010106778334, 0.61683225155, 0.036767622812],
      [0.0081847204898, 0.062199756533, 0.9112905938, 0.018324929174],
      [0, 0.9032381333, 0.093210301666, 0.0035515650375],
      [0.3094958562, 0.013755792248, 0.18995568601, 0.48679266554],
      [0.0011548153566, 0.14098653683, 0.26321064586, 0.59464800195]
    ],
    [
      [0, 0.56236933642, 0.35832573648, 0.079304927096],
      [0.31526725844, 0.0092822805484, 0.63261648804, 0.04283397298],
      [0.0040413733564, 0.056288024417, 0.91623285828, 0.023437743943],
      [0, 0.89743079657, 0.097126877022, 0.0054423264111],
      [0.27398264075, 0.012764217442, 0.18258241796, 0.53067072384],
      [0.001065243303, 0.12536106834, 0.24388023673, 0.62969345163]
    ],
    [
      [0.001017292368, 0.59634140034, 0.33551245813, 0.067128849168],
      [0.38491637092, 0.011631327038, 0.56914016898, 0.034312133059],
      [0.013103333899, 0.077016208026, 0.89224144961, 0.017639008464],
      [0, 0.92082514707, 0.077568447866, 0.001606405066],
      [0.34016209078, 0.012540449185, 0.17117597579, 0.47612148425],
      [0.0013413926573, 0.14098445687, 0.24140348332, 0.61627066716]
    ],
    [
      [0, 0.48690367186, 0.41053425636, 0.10256207177],
      [0.17893591133, 0.0045285676341, 0.75747908794, 0.059056433091],
      [0, 0.014774306116, 0.95525965659, 0.029966037292],
      [0, 0.86509013295, 0.12458892936, 0.010320937692],
      [0.14899984514, 0.0093803523299, 0.19707328095, 0.64454652158],
      [0, 0.0894141682, 0.23361279088, 0.67697304092]
    ],
    [
      [0.0048973161613, 0.53094501754, 0.34228126683, 0.12187639946],
      [0.48398339178, 0, 0.46166562446, 0.054350983757],
      [0.060152010884, 0.012651510213, 0.87970880389, 0.047487675012],
      [0.0025625941278, 0.89036013674, 0.093932471143, 0.013144797987],
      [0.34266447236, 0.0061325262377, 0.10964533606, 0.54155766534],
      [0.0029056884418, 0.082105291312, 0.16487077376, 0.75011824649]
    ],
    [
      [8.2371203622e-05, 0.57356055293, 0.34350917634, 0.082847899524],
      [0.36188342149, 0.016983202325, 0.57834466456, 0.042788711624],
      [0.012776126849, 0.05816931764, 0.90043591753, 0.028618637982],
      [0, 0.9027311603, 0.090213031122, 0.0070558085787],
      [0.31297781814, 0.012401244687, 0.16408691981, 0.51053401737],
      [0.0017793804576, 0.12684458759, 0.23228449267, 0.63909153928]
    ],
    [
      [0.0013517869841, 0.57876201472, 0.32341747476, 0.096468723531],
      [0.43214836508, 0.010841830185, 0.50821441983, 0.048795384903],
      [0.030061043743, 0.055561334342, 0.87718314858, 0.037194473336],
      [0, 0.90893697175, 0.082099377413, 0.0089636508326],
      [0.33421259625, 0.011649165068, 0.13279269949, 0.52134553919],
      [0.0024907339579, 0.11380696018, 0.19701259743, 0.68668970843]
    ],
    [
      [0.0036206671105, 0.53973495183, 0.33419563512, 0.12244874594],
      [0.49445860683, 0, 0.44450743135, 0.061033961822],
      [0.063744500383, 0.023099369525, 0.86333120172, 0.04982492837],
      [0.00129567995, 0.89476199668, 0.090649825614, 0.013292497751],
      [0.35728033447, 0.0070224906093, 0.11132776454, 0.52436941039],
      [0.0034310395989, 0.092655340767, 0.17607299928, 0.72784062036]
    ],
    [
      [0.0060980340667, 0.5046034148, 0.36168379941, 0.12761475172],
      [0.55425738991, 0, 0.4017318146, 0.04401079549],
      [0.061547914971, 0, 0.89460799302, 0.043844092011],
      [0.099067221379, 0.77757068513, 0.1099460794, 0.013416014089],
      [0.37651939689, 0.0048942856594, 0.087661568726, 0.53092474872],
      [0.0047014873899, 0.052401789286, 0.13032722574, 0.81256949758]
    ],
    [
      [0.0020635901295, 0.33756756567, 0.10273203881, 0.55763680539],
      [0.74973564898, 0.0059383348712, 0.1025339403, 0.14179207585],
      [0.050052870204, 0.076037751926, 0.56408482536, 0.30982455251],
      [0, 0.9227745811, 0.015408386582, 0.061817032318],
      [0, 0, 0, 1],
      [0, 0, 0, 1]
    ],
    [
      [0, 0.63089020605, 0.29300259389, 0.076107200061],
      [0.45227563743, 0.033733777063, 0.47875434655, 0.035236238964],
      [0.028697934863, 0.073224549568, 0.87116406003, 0.026913455538],
      [0, 0.92965587371, 0.06562689298, 0.0047172333071],
      [0.3694574419, 0.012732967993, 0.13080452225, 0.48700506785],
      [0.00057206391308, 0.13428514322, 0.19435129736, 0.6707914955]
    ],
    [
      [0.0027677342346, 0.58662247124, 0.34790455589, 0.062705238633],
      [0.4845691195, 0.0028082642557, 0.48649089783, 0.026131718411],
      [0.044188638624, 0.044119797483, 0.89946805433, 0.012223509567],
      [0, 0.90766524854, 0.08944741707, 0.0028873343868],
      [0.45266516254, 0.010963684067, 0.15481065453, 0.38156049886],
      [0.0039760786421, 0.14462670136, 0.26536285704, 0.58603436295]
    ],
    [
      [0, 0.79429687672, 0.20570312328, 0],
      [0.41991033036, 0.083639480734, 0.49645018891, 0],
      [0, 0.062351243283, 0.93764875672, 0],
      [1.3869570516e-05, 0.98451486551, 0.015471264918, 0],
      [0.74026900892, 0.035785317798, 0.22394567328, 0],
      [0.0079482423685, 0.47956919256, 0.51248256507, 0]
    ],
    [
      [0.097586706156, 0.38288390569, 0.34029967891, 0.17922970924],
      [0.4746170132, 0, 0.43159052053, 0.093792466267],
      [0.043162443976, 0, 0.86886341118, 0.087974144841],
      [0.00012057188431, 0.88546118156, 0.092108727039, 0.022309519512],
      [0.27942750109, 0.0043060542175, 0.081285048023, 0.63498139667],
      [0.0019105896028, 0.040212959897, 0.11096735628, 0.84690909422]
    ],
    [
      [0.0039136875709, 0.58348970668, 0.32877471051, 0.083821895244],
      [0.52543499762, 0.0032418449277, 0.43601915032, 0.035304007137],
      [0.061341728377, 0.044506204433, 0.86418866229, 0.029963404897],
      [0.0027229610018, 0.90957791512, 0.080505484438, 0.0071936394357],
      [0.43873600296, 0.0095160641525, 0.12526551069, 0.4264824222],
      [0.0042433331478, 0.12359557651, 0.21538526282, 0.65677582753]
    ],
    [
      [0.0034776536362, 0, 0.86114148479, 0.13538086158],
      [0.31046885442, 0, 0.68953114558, 0],
      [0, 0, 1, 0],
      [0.0004275573671, 0, 0.94442226641, 0.055150176227],
      [0.37906229116, 0, 0.3483194224, 0.27261828644],
      [0, 0, 0.27261828644, 0.72738171356]
    ],
    [
      [0.0066073642731, 0.52934361686, 0.31047172694, 0.15357729193],
      [0.52048922654, 0, 0.40411215982, 0.075398613639],
      [0.074611236149, 0.010174141623, 0.83988638461, 0.075328237615],
      [0.006672834463, 0.88982792268, 0.078897889426, 0.02460135343],
      [0.33014670321, 0.0049880140188, 0.087564737548, 0.57730054522],
      [0.0038238287065, 0.070934675175, 0.13192786132, 0.7933136348]
    ],
    [
      [0, 0.59277527199, 0.39348398922, 0.013740738787],
      [0.31755223945, 0.00048948096759, 0.68195827958, 0],
      [0, 0.018736010532, 0.98126398947, 0],
      [0, 0.89966362683, 0.10033637317, 0],
      [0.46756522316, 0.018316144307, 0.31091839725, 0.20320023529],
      [0.02167585613, 0.30109864442, 0.48833111237, 0.18889438709]
    ],
    [
      [0.0055205920012, 0.53884937896, 0.35332386917, 0.10230615986],
      [0.5829253198, 0, 0.37994383943, 0.037130840773],
      [0.10962650631, 0.0026299041875, 0.85174165967, 0.03600192983],
      [0.0050034049639, 0.89044714195, 0.094335094829, 0.010214358262],
      [0.46980933019, 0.0056477912004, 0.11004035551, 0.41450252309],
      [0.0062789725229, 0.10258380255, 0.20747714296, 0.68366008197]
    ],
    [
      [0.0031132396564, 0.52434394324, 0.38564416211, 0.086898654986],
      [0.44851003036, 0, 0.5165821722, 0.03490779744],
      [0.048608978559, 0.010673182949, 0.91491010317, 0.025807735326],
      [0.00033542764198, 0.88242100917, 0.10911343432, 0.0081301288703],
      [0.39639673387, 0.0071962794035, 0.15101432067, 0.44539266606],
      [0.0034926105269, 0.10704874278, 0.24365102791, 0.64580761878]
    ],
    [
      [0.0041365213951, 0.48576527089, 0.37350092822, 0.1365972795],
      [0.4837671411, 0, 0.45616198027, 0.060070878637],
      [0.068610133425, 0.0026947536211, 0.87535800181, 0.05333711114],
      [0.0012912687642, 0.87529381888, 0.10818859555, 0.015226316804],
      [0.34825993079, 0.0045066969043, 0.11090541976, 0.53632795255],
      [0.003644826969, 0.070630031918, 0.1738198187, 0.75190532241]
    ],
    [
      [0.0029406211466, 0.56770822208, 0.35487865623, 0.074472500537],
      [0.46991074058, 0.001090570083, 0.49912050601, 0.029878183324],
      [0.044590529776, 0.036628714553, 0.89698449694, 0.021796258735],
      [0.00020320857829, 0.89975100529, 0.094640157485, 0.0054056286436],
      [0.42299519094, 0.01017267401, 0.15221602292, 0.41461611213],
      [0.0038160765363, 0.1319611448, 0.25307505902, 0.61114771964]
    ],
    [
      [0, 0.56470102379, 0.32417122212, 0.1111277541],
      [0.40444958311, 0.0089139725047, 0.52411928057, 0.062517163813],
      [0.021570558779, 0.047047841897, 0.88300753577, 0.048374063554],
      [0, 0.90519245893, 0.082805124736, 0.012002416339],
      [0.28911361714, 0.010042162911, 0.12471920693, 0.57612501302],
      [0.00064705012215, 0.096453184779, 0.17411896566, 0.72878079944]
    ],
    [
      [0.00056712607605, 0.63996450907, 0.32849740128, 0.030970963578],
      [0.26084490756, 0.017997961611, 0.70081455209, 0.020342578733],
      [0, 0.050516512231, 0.93799420265, 0.011489285117],
      [0, 0.92462411598, 0.07300572884, 0.0023701551828],
      [0.32284903993, 0.019825441746, 0.27085609883, 0.3864694195],
      [0.0021054036993, 0.19571097451, 0.33760627091, 0.46457735088]
    ],
    [
      [0.0053846155725, 0.53142042267, 0.35268840374, 0.11050655802],
      [0.54706374294, 0, 0.40969178407, 0.04324447299],
      [0.092601392748, 0.0064625601086, 0.8599820403, 0.040954006842],
      [0.0057954508053, 0.88701634268, 0.095634123548, 0.011554082965],
      [0.42959172135, 0.0062394420016, 0.11148459464, 0.452684242],
      [0.0060513508504, 0.09453103753, 0.19545781028, 0.70395980134]
    ],
    [
      [0.0042732389608, 0.50211429254, 0.41091308273, 0.082699385773],
      [0.49803521307, 0, 0.47418238595, 0.027782400975],
      [0.068604176692, 0, 0.90748498508, 0.023910838226],
      [0.13047597241, 0.74740452872, 0.1142971003, 0.0078223985588],
      [0.45422876953, 0.0044861783719, 0.14105294629, 0.40023210581],
      [0.00422469605, 0.09299815357, 0.24721758002, 0.65555957036]
    ],
    [
      [0.0033062304832, 0.64965281785, 0.34704095167, 0],
      [0.5966710649, 0, 0.4033289351, 0],
      [0, 0.00094880675633, 0.99905119324, 0],
      [0, 0.90835412893, 0.091645871072, 0],
      [0.70166446755, 0.089273854182, 0.20906167827, 0],
      [0.01196275694, 0.32074277424, 0.66729446882, 0]
    ],
    [
      [0, 0.54646462514, 0.41019495123, 0.043340423637],
      [0.28763702119, 0.003665808031, 0.69242024154, 0.01627692924],
      [0, 0.034240735064, 0.96080173592, 0.0049575290143],
      [0, 0.88144931986, 0.11696153274, 0.0015891473966],
      [0.34863047745, 0.014781245804, 0.26350550192, 0.37308277483],
      [0.0017853052181, 0.16110385553, 0.36945205364, 0.46765878561]
    ],
    [
      [0.0036073373671, 0.69409185391, 0.30230080872, 0],
      [0.67256764289, 0, 0.32743235711, 0],
      [0.072659438465, 0.0040552814075, 0.92328528013, 0],
      [0.00092976803302, 0.96350246733, 0.035567764634, 0],
      [0.84587530921, 0.0080130914029, 0.14611159939, 0],
      [0.014977094183, 0.31089060593, 0.67413229989, 0]
    ],
    [
      [0.00091671449841, 0.62555568962, 0.26374156837, 0.10978602751],
      [0.52864794319, 0.023184962349, 0.39376355698, 0.05440353748],
      [0.046597020353, 0.078228635163, 0.8244995606, 0.050674783887],
      [0, 0.94469781013, 0.041206365062, 0.014095824808],
      [0.36843996855, 0.016666177341, 0.090055105196, 0.52483874891],
      [0.0024118647032, 0.10967706435, 0.14763587535, 0.7402751956]
    ],
    [
      [0.00079553458759, 0.5436576231, 0.38325032497, 0.072296517337],
      [0.16652218029, 0.046352244032, 0.77139435812, 0.015731217556],
      [0, 0.015624525682, 0.98437547432, 0],
      [0, 0.88021750948, 0.11978249052, 0],
      [0.16738909855, 0.011250642264, 0.21309582407, 0.60826443512],
      [0, 0.099827666688, 0.24363259476, 0.65653973855]
    ],
    [
      [0.0051044251883, 0.50697368313, 0.33425808257, 0.15366380911],
      [0.53433817715, 0, 0.39960297985, 0.066058843002],
      [0.076102423231, 0, 0.84606583026, 0.077831746512],
      [0.018752844152, 0.86727118109, 0.091326153103, 0.022649821659],
      [0.35038824786, 0.0031796838078, 0.088511721485, 0.55792034685],
      [0.0042329170206, 0.065004848356, 0.13841466961, 0.79234756501]
    ],
    [
      [7.6327832943e-17, 0.94613073471, 0.053869265285, 0],
      [1.1102230246e-16, 0.067592943064, 0.93240705694, 0],
      [0, 0.15669949861, 0.84330050139, 0],
      [0, 1, 0, 0],
      [1.1102230246e-16, 0.13176917695, 0.86823082305, -0],
      [1.1102230246e-16, 0.57540737872, 0.42459262128, -0]
    ],
    [
      [9.8607613153e-32, 0.73188870675, 0.26811129325, 0],
      [0, 0.025116099368, 0.97488390063, 0],
      [0, 0.20716586565, 0.79283413435, 0],
      [0, 1, 0, 0],
      [0, 0.090332000498, 0.9096679995, 0],
      [0, 0.43647743149, 0.56352256851, 0]
    ],
    [
      [0.0070507856155, 0.55742393005, 0.33097605191, 0.10454923243],
      [0.76636401417, 0, 0.22383465203, 0.0098013338089],
      [0.17229870526, 0, 0.82642399167, 0.0012773030671],
      [0.010031370783, 0.92685377469, 0.060256264121, 0.0028585904018],
      [0.61919662082, 0.0031883766859, 0.065843947909, 0.31177105459],
      [0.078121736153, 0.018286556327, 0.16421196161, 0.73937974591]
    ],
    [
      [0.00028120421391, 0.54731443591, 0.34008697352, 0.11231738635],
      [0.33464005261, 0.0085405669319, 0.59282930985, 0.063990070602],
      [0.0058534133534, 0.051632885183, 0.89784881468, 0.044664886784],
      [0, 0.89573086689, 0.092113077793, 0.012156055319],
      [0.23378086431, 0.0090719397719, 0.13657748013, 0.62056971578],
      [0.00054766322464, 0.091780828213, 0.17622455826, 0.7314469503]
    ],
    [
      [0.001273014469, 0.59299721604, 0.31765441399, 0.088075355503],
      [0.46774946677, 0.013184263105, 0.477183805, 0.04188246512],
      [0.036091284848, 0.068850540209, 0.86282042254, 0.032237752404],
      [0, 0.92240094013, 0.070956523858, 0.0066425360161],
      [0.3786278402, 0.012047238441, 0.13186202868, 0.47746289268],
      [0.0026576984594, 0.12607260578, 0.20685337319, 0.66441632257]
    ],
    [
      [0.0047063310162, -0, 0.99529366898, 0],
      [0.43584299507, 0, 0.56415700493, 0],
      [0.009870308451, 0, 0.99012969155, 0],
      [0.00049556257226, -0, 0.99950443743, 0],
      [0.68533083189, 0, 0.31466916811, 0],
      [0.0086904365467, 0, 0.99130956345, -0]
    ],
    [
      [0.0017203946457, 0.57230782101, 0.33908170058, 0.08689008377],
      [0.44591632319, 0.0083122859766, 0.50538617269, 0.040385218142],
      [0.034885091283, 0.050198925596, 0.88472912631, 0.03018685681],
      [0, 0.9047115109, 0.08803730682, 0.0072511822765],
      [0.37300923371, 0.011313147637, 0.14320567475, 0.4724719439],
      [0.0027845764738, 0.12353613126, 0.2234811327, 0.65019815956]
    ],
    [
      [0.0033135961433, 0.56489603232, 0.34206820856, 0.089722162981],
      [0.48295528315, 0.0011193644857, 0.47644138741, 0.039483964952],
      [0.049078853154, 0.037275964751, 0.88169974863, 0.031945433467],
      [0.0011793690202, 0.90104921557, 0.089658761805, 0.0081126536003],
      [0.39841740377, 0.0092434755495, 0.13428774495, 0.45805137573],
      [0.0035942336162, 0.11729325398, 0.21835884181, 0.66075367059]
    ],
    [
      [0.003990967787, 0.54627905831, 0.34044941022, 0.10928056368],
      [0.49491285294, 0, 0.45487263506, 0.050214512001],
      [0.06145403748, 0.026097783942, 0.86898462468, 0.043463553901],
      [0.0024300753985, 0.89456811778, 0.091293365571, 0.011708441252],
      [0.37974157393, 0.0075113424024, 0.11995513983, 0.49279194383],
      [0.0037083624058, 0.10152516431, 0.19398804282, 0.70077843047]
    ],
    [
      [0.0027321993389, 0.55724029208, 0.34109523727, 0.098932271313],
      [0.46118244622, 0.0020798020599, 0.48988887551, 0.04684887621],
      [0.043146581214, 0.038318545432, 0.88069828672, 0.037836586631],
      [0, 0.89914891963, 0.09086373997, 0.0099873404003],
      [0.36625291364, 0.0092096376384, 0.1325636506, 0.49197379811],
      [0.0030690597872, 0.11082087228, 0.20748751454, 0.67862255339]
    ],
    [
      [0.0027657558141, 0.5504439143, 0.35179366285, 0.094996667037],
      [0.45608527053, 0, 0.50086690621, 0.043047823257],
      [0.043939584916, 0.031157454649, 0.89086364166, 0.034039318772],
      [2.277186044e-05, 0.89525410961, 0.095530957669, 0.0091921608603],
      [0.3717716865, 0.0087668278481, 0.13775166312, 0.48170982253],
      [0.0031333279921, 0.1099375686, 0.21596581532, 0.67096328808]
    ],
    [
      [0.0007535525416, 0.55108646799, 0.37109013484, 0.077069844631],
      [0.38885851107, 0.0032514864188, 0.5743695583, 0.033520444212],
      [0.021241573503, 0.038601354896, 0.91830718777, 0.021849883827],
      [0, 0.88992226583, 0.10447132075, 0.0056064134218],
      [0.35471333925, 0.010955985552, 0.17256225381, 0.46176842139],
      [0.0022252749596, 0.12558733529, 0.25825073507, 0.61393665468]
    ],
    [
      [0.00070608180698, 0.56793174017, 0.34660198013, 0.084760197885],
      [0.40664303676, 0.0086013561293, 0.54407629536, 0.040679311747],
      [0.023068698633, 0.050683255661, 0.89844263739, 0.027805408314],
      [0, 0.9006757513, 0.09244696123, 0.0068772874746],
      [0.34470573554, 0.011911044596, 0.15468709672, 0.48869612315],
      [0.0025152690442, 0.12301477274, 0.22995479767, 0.64451516055]
    ],
    [
      [0.0016100453169, 0.50345297273, 0.38153455308, 0.11340242888],
      [0.3742645183, 0, 0.57173845365, 0.053997028052],
      [0.031137511022, 0.00046997391055, 0.92867206605, 0.039720449018],
      [0, 0.8696369936, 0.11811379367, 0.012249212728],
      [0.28597339225, 0.0060213325481, 0.14041350585, 0.56759176935],
      [0.0017870850773, 0.081573197148, 0.19462200531, 0.72201771246]
    ],
    [
      [0.0023884772849, 0.5222925792, 0.37535691924, 0.099962024283],
      [0.41804941718, 0, 0.53687260226, 0.045077980562],
      [0.048461953308, 0.014311997939, 0.90303139791, 0.034194650844],
      [0, 0.88322788104, 0.10663347412, 0.01013864484],
      [0.34728806269, 0.0076799409914, 0.14576259429, 0.49926940203],
      [0.0026575662213, 0.099730026452, 0.22202934158, 0.67558306575]
    ],
    [
      [0.0041764923848, 0.48354224886, 0.40612315154, 0.10615810722],
      [0.48743293915, 0, 0.47387274904, 0.038694311807],
      [0.042279687222, 0, 0.92713667936, 0.030583633416],
      [0.067759121874, 0.79939177358, 0.12230129784, 0.010547806703],
      [0.3981383641, 0.0063213048676, 0.1286916879, 0.46684864314],
      [0.004075562227, 0.077552558697, 0.21612967844, 0.70224220064]
    ],
    [
      [0, 0.51955685073, 0.40815672277, 0.072286426501],
      [0.32684414795, 0, 0.64214260919, 0.031013242862],
      [0.013151484936, 0.015543365123, 0.95753952897, 0.013765620973],
      [0, 0.87009356767, 0.12602934924, 0.003877083087],
      [0.31927423526, 0.0095165413331, 0.2026062222, 0.46860300121],
      [0.0015342637968, 0.11885533783, 0.28654975848, 0.5930606399]
    ],
    [
      [0, 0.55923573657, 0.38957441973, 0.051189843698],
      [0.34367421215, 0.0062704760492, 0.63324672306, 0.016808588743],
      [0.0054260107746, 0.045743210642, 0.94664657739, 0.0021842011912],
      [0, 0.88596499012, 0.11403500988, 0],
      [0.36388828475, 0.013668305192, 0.21726979444, 0.40517361562],
      [0.00079371796692, 0.14846435188, 0.31787529675, 0.5328666334]
    ],
    [
      [0.0070795886273, 0.81005664285, 0, 0.18286376852],
      [0.94882612752, 0, 0, 0.051173872482],
      [0.51412107211, 0.18047032686, 0, 0.30540860103],
      [0.0034307380302, 0.92831854725, 0, 0.068250714721],
      [0.52594533724, 0, 0, 0.47405466276],
      [0.00081524903772, 0.0345740314, 0, 0.96461071956]
    ],
    [
      [0.004531137966, 0.65954120141, 0.16371836375, 0.17220929687],
      [0.73238066508, 0.021890931667, 0.1897109689, 0.056017434351],
      [0.087321241811, 0.11583080067, 0.71039349096, 0.086454466554],
      [0.0011244715204, 0.97107546491, 0.015390194456, 0.012409869115],
      [0.049588112715, 0.00063928350345, 0.0052245850723, 0.94454801871],
      [0, 0, 0, 1]
    ],
    [
      [0.0027003016412, 0, 0.8408231462, 0.15647655216],
      [0.28791083036, 0, 0.71208916964, 0],
      [0, 0, 1, 0],
      [0.00033100690548, 0, 0.93674800548, 0.06292098761],
      [0.21208916964, 0, 0.28791083036, 0.5],
      [0.0010611840861, 0, 0.17381545828, 0.82512335763]
    ],
    [
      [0, 1, 0, 0],
      [0.5, 0.013221623014, 0.48677837699, 0],
      [0, 0.23677837699, 0.76322162301, 0],
      [0, 1, 0, 0],
      [0.70519075556, 0.098575828891, 0.19623341555, 0],
      [0.001068381662, 0.93045662781, 0.068474990532, 0]
    ],
    [
      [0, 0.43646268894, 0.33680329068, 0.22673402039],
      [0, 0, 0.82512986479, 0.17487013521],
      [0, 0, 0.83421196045, 0.16578803955],
      [0, 0.75660858969, 0.14121216472, 0.10217924559],
      [0, 0.0044361342855, 0.085098193856, 0.91046567186],
      [1.3877787808e-17, 0.011942886468, 0.075655066532, 0.912402047]
    ],
    [
      [0, 0.4155689766, 0.4970407717, 0.087390251692],
      [0, 0, 0.98446337961, 0.015536620393],
      [0, 0, 1, 0],
      [0, 0.7922155117, 0.1951592103, 0.012625277998],
      [1.1102230246e-16, 0.0050452976334, 0.13982749938, 0.85512720298],
      [0, 0, 0.12817742808, 0.87182257192]
    ],
    [
      [0, 0.57543314015, 0.33915867688, 0.085408182966],
      [0.32175698747, 0.015286823273, 0.61495738792, 0.047998801336],
      [0.0018688447467, 0.076138939149, 0.89509567773, 0.026896538377],
      [0, 0.9107113063, 0.08442320307, 0.0048654906263],
      [0.26235768582, 0.01428003005, 0.16806505445, 0.55529722967],
      [0.00030847670587, 0.1248688595, 0.22253996324, 0.65228270056]
    ],
    [
      [0.0015262933877, 0.55296458625, 0.35323385996, 0.092275260406],
      [0.41491455241, 0.0019124890311, 0.53858076296, 0.044592195597],
      [0.02835180316, 0.038049105445, 0.9017734689, 0.031825622493],
      [0, 0.89470780415, 0.096828783956, 0.0084634118896],
      [0.33881772584, 0.0097856475957, 0.14846267411, 0.50293395246],
      [0.0019802902202, 0.11275293022, 0.22134251726, 0.66392426231]
    ],
    [
      [0, 0.58831052287, 0.32276323962, 0.088926237511],
      [0.32817427628, 0.01655906909, 0.60294452038, 0.05232213425],
      [0.0018218357712, 0.091820774992, 0.87591903782, 0.030438351413],
      [0, 0.9277282797, 0.067568204478, 0.0047035158271],
      [0.25560289487, 0.015037559583, 0.15855320552, 0.57080634003],
      [0.0008831037692, 0.12468340971, 0.2089854233, 0.66544806323]
    ],
    [
      [0, 0.59735780144, 0.35822738692, 0.044414811645],
      [0.21785660548, 0.036488554291, 0.72243080733, 0.023224032897],
      [0, 0.07977364316, 0.92022635684, 0],
      [0, 0.91287308378, 0.087126916216, 0],
      [0.25714715616, 0.019824334289, 0.26284902403, 0.46017948552],
      [0, 0.17688653598, 0.32185600914, 0.50125745488]
    ],
    [
      [0.00087648393354, 0.58164512548, 0.33853306816, 0.078945322428],
      [0.34645298007, 0.0081947233797, 0.601904377, 0.043447919547],
      [0.012189415418, 0.066191928952, 0.89936642784, 0.02225222779],
      [0, 0.90907654207, 0.08621891138, 0.0047045465537],
      [0.29264545271, 0.013487870677, 0.17196704935, 0.52189962727],
      [0.0006533813311, 0.13372989405, 0.23458500938, 0.63103171524]
    ],
    [
      [0.00099681462516, 0.54943246483, 0.37429070117, 0.075280019369],
      [0.3646983083, 0.00049628557552, 0.59823851442, 0.036566891701],
      [0.016802063123, 0.031470945359, 0.93350124209, 0.01822574943],
      [0, 0.88899008542, 0.10614011394, 0.0048698006495],
      [0.32537978865, 0.010809909482, 0.1799402516, 0.48387005027],
      [0.0017427917386, 0.12172886567, 0.25706863655, 0.61945970605]
    ],
    [
      [0, 0.60097441697, 0.32919120483, 0.069834378202],
      [0.33100778334, 0.020775549104, 0.61067178767, 0.037544879889],
      [0.0014748461427, 0.093374793136, 0.89049286363, 0.014657497092],
      [0, 0.92301052436, 0.076842775152, 0.00014670048575],
      [0.29246030435, 0.017021371486, 0.18101084148, 0.50950748268],
      [0, 0.14984111704, 0.24282565066, 0.6073332323]
    ],
    [
      [0.0055806784849, 0.581948385, 0.35768752168, 0.054783414838],
      [0.53645305781, 0, 0.45497314388, 0.0085737983135],
      [0.068761703416, 0.030469978659, 0.89616198308, 0.0046063348492],
      [0.0077333024358, 0.8973521899, 0.09491450766, 0],
      [0.52384071326, 0.0094758406711, 0.15248835487, 0.3141950912],
      [0.0078069309505, 0.15445633507, 0.2947190179, 0.54301771607]
    ],
    [
      [0.0039525902897, 0.59811790397, 0.32494824487, 0.072981260878],
      [0.51127096808, 0.010992047832, 0.44798410409, 0.029752879991],
      [0.054288339618, 0.055566529711, 0.8669301922, 0.023214938468],
      [0.0018667868461, 0.91809199625, 0.076180772467, 0.0038604444408],
      [0.45006009295, 0.011472539293, 0.13628523763, 0.40218213013],
      [0.0044483135267, 0.14151566051, 0.23644327579, 0.61759275017]
    ],
    [
      [0.0054973110445, 0.49049302155, 0.39505783167, 0.10895183574],
      [0.46286515076, 0, 0.4934791992, 0.043655650041],
      [0.063935241102, 0, 0.90027760101, 0.035787157886],
      [0.10713653972, 0.76495841321, 0.11629010857, 0.011614938503],
      [0.38601487159, 0.0020951079724, 0.13353475584, 0.4783552646],
      [0.0041281975194, 0.085025214001, 0.21485226284, 0.69599432564]
    ],
    [
      [0, 0.64255647307, 0.35744352693, 0],
      [0.24181191586, 0.090194159482, 0.66799392466, 0],
      [0, 0.039825340644, 0.96017465936, 0],
      [0, 0.89909888465, 0.10090111535, 0],
      [0.27456425242, 0.14449121831, 0.20569964362, 0.37524488564],
      [0, 0.12827268178, 0.24697220387, 0.62475511436]
    ],
    [
      [0.0045084723349, 0.72990552158, 0.26558600609, 0],
      [0.72079754379, 0, 0.27920245621, 0],
      [0.12414250839, 0.021022542017, 0.85483494959, 0],
      [0.014477781479, 0.95359999203, 0.031922226493, 0],
      [0.87048668453, 0.0087098478742, 0.12080346759, 0],
      [0.018389277073, 0.40353966099, 0.57807106194, 0]
    ],
    [
      [0.0015130065349, 0.42685687564, 0.17914999505, 0.39248012278],
      [0.48505516402, 0.0099507163735, 0.31406241983, 0.19093169978],
      [0.0042699531369, 0.090668142573, 0.72248685583, 0.18257504846],
      [0, 0.92726906325, 0.034940796612, 0.037790140139],
      [0, 0, 0, 1],
      [0, 0, 0, 1]
    ],
    [
      [0, 0.62628135043, 0.25627425337, 0.11744439621],
      [0.472954629, 0.01567702581, 0.44748273734, 0.063885607859],
      [0.027675178316, 0.11626232647, 0.79879879884, 0.057263696377],
      [0, 0.95425131874, 0.031831225334, 0.013917455929],
      [0.30233318164, 0.012452110211, 0.097624275662, 0.58759043248],
      [0.001353221598, 0.10728977964, 0.13728621332, 0.75407078545]
    ],
    [
      [0, 0.49586203533, 0.2514047787, 0.25273318598],
      [0.51609222933, 0, 0.2918431687, 0.19206460197],
      [0, 0, 0.73702967954, 0.26297032046],
      [0.10050648291, 0.75206898234, 0.057473371374, 0.089951163381],
      [0.2507103462, 0, 0.03728424947, 0.71200540433],
      [0, 0, 0.011895441764, 0.98810455824]
    ],
    [
      [0.001875628598, 0.61206154576, 0.28626452, 0.099798305645],
      [0.39285561688, 0.050151500521, 0.50113807078, 0.055854811819],
      [0.0161386409, 0.077360872728, 0.86577600139, 0.04072448498],
      [0, 0.93664749886, 0.055581053481, 0.0077714476601],
      [0.26667022312, 0.016958195533, 0.10920259677, 0.60716898458],
      [0, 0.098284255505, 0.14360569443, 0.75811005006]
    ],
    [
      [0.0082520662595, 0.52573311732, 0.35635446572, 0.10966035071],
      [0.51013128432, 0, 0.44394740424, 0.04592131144],
      [0.07699504601, 0, 0.88100370348, 0.042001250511],
      [0.0081564998393, 0.88164232983, 0.098146607807, 0.012054562521],
      [0.40312677064, 0.005017951368, 0.11754624367, 0.47430903432],
      [0.0068256482965, 0.089156116864, 0.19616894323, 0.70784929161]
    ],
    [
      [0.002413094446, 0.50996428447, 0.39830963388, 0.089312987203],
      [0.40573194159, 0, 0.5567360133, 0.037532045114],
      [0.037201884757, 0.0020296296998, 0.93505883334, 0.025709652207],
      [0, 0.87193222357, 0.11979176452, 0.0082760119117],
      [0.3601465434, 0.0073145065168, 0.16051798278, 0.4720209673],
      [0.0027945627443, 0.10099062633, 0.24616535189, 0.65004945904]
    ],
    [
      [0.079163372595, 0.44491773465, 0.29619734978, 0.17972154297],
      [0.62343708018, 0, 0.28140521034, 0.095157709485],
      [0.12206517159, 0, 0.75813482427, 0.11980000414],
      [0.010989972974, 0.88841559868, 0.071508221691, 0.029086206653],
      [0.41034288421, 0, 0.050970588205, 0.53868652758],
      [0.07183780583, 0, 0.10865102874, 0.81951116543]
    ],
    [
      [0.003526976533, 0.55741527808, 0.30893655232, 0.13012119307],
      [0.50476560861, 0, 0.42479383474, 0.070440556651],
      [0.055034215229, 0.037372689778, 0.84629157063, 0.061301524365],
      [0.0017110662309, 0.9048232379, 0.07713113537, 0.016334560497],
      [0.33712544953, 0.0073441360361, 0.099642365195, 0.55588804924],
      [0.0032402361266, 0.08808051476, 0.15136682853, 0.75731242058]
    ],
    [
      [0.0024614900078, 0.55232421614, 0.36206019067, 0.083154103182],
      [0.44741222652, 0, 0.51697686772, 0.035610905757],
      [0.040662644269, 0.030053409383, 0.90306368844, 0.026220257905],
      [0, 0.8925662751, 0.1008386338, 0.0065950911046],
      [0.38976103834, 0.0092513534259, 0.15117767532, 0.44980993291],
      [0.003243106021, 0.11985270517, 0.24066726676, 0.63623692204]
    ],
    [
      [0.002512181082, 0.5638363347, 0.34814776099, 0.085503723236],
