{
  "X": [
    [103, 198, 540, 837, 131],
    [28, 38, 148, 209, 27],
    [97, 156, 482, 589, 123],
    [20, 27, 106, 367, 50],
    [37, 89, 292, 275, 32],
    [29, 53, 157, 226, 34],
    [7, 2, 107, 570, 54],
    [52, 120, 374, 471, 100],
    [50, 84, 310, 341, 38],
    [24, 24, 73, 112, 22],
    [10, 32, 95, 104, 23],
    [7, 7, 152, 544, 50],
    [6, 2, 60, 436, 44],
    [8, 9, 145, 585, 39],
    [2, 3, 42, 384, 32],
    [4, 0, 119, 699, 58],
    [2, 3, 124, 656, 46],
    [0, 3, 69, 488, 36],
    [1, 2, 42, 248, 30],
    [2, 7, 86, 487, 46],
    [34, 40, 144, 182, 25],
    [7, 16, 33, 86, 12],
    [28, 25, 162, 583, 71],
    [27, 36, 223, 725, 82],
    [23, 24, 127, 730, 89],
    [20, 17, 116, 407, 67],
    [21, 25, 130, 388, 45],
    [36, 26, 159, 749, 106],
    [25, 28, 99, 533, 69],
    [11, 9, 36, 261, 32],
    [5, 10, 82, 276, 33],
    [11, 6, 59, 190, 16],
    [0, 2, 19, 53, 7],
    [44, 66, 249, 734, 91],
    [4, 10, 46, 205, 31],
    [99, 189, 643, 1751, 270],
    [0, 5, 36, 62, 9]
  ],
  "W": [
    [257, 636, 439, 211, 130, 136],
    [59, 158, 125, 40, 40, 28],
    [203, 454, 385, 154, 160, 91],
    [33, 362, 67, 23, 42, 43],
    [139, 202, 263, 59, 33, 29],
    [69, 191, 137, 40, 39, 23],
    [2, 651, 12, 9, 5, 61],
    [154, 406, 295, 119, 63, 80],
    [137, 258, 265, 72, 69, 22],
    [23, 91, 68, 27, 28, 18],
    [45, 87, 90, 13, 10, 19],
    [7, 619, 44, 20, 7, 63],
    [3, 457, 10, 24, 5, 49],
    [9, 664, 39, 12, 9, 53],
    [1, 407, 13, 1, 2, 39],
    [2, 774, 24, 17, 3, 60],
    [5, 719, 29, 15, 12, 51],
    [2, 523, 16, 11, 3, 41],
    [1, 290, 4, 6, 0, 22],
    [3, 518, 17, 19, 6, 65],
    [60, 148, 102, 35, 51, 29],
    [22, 74, 26, 10, 8, 14],
    [35, 404, 148, 112, 69, 101],
    [59, 546, 218, 122, 51, 97],
    [31, 616, 108, 95, 39, 104],
    [30, 307, 110, 63, 41, 76],
    [38, 284, 130, 68, 40, 49],
    [28, 556, 143, 187, 51, 111],
    [28, 444, 84, 78, 35, 85],
    [12, 179, 53, 43, 23, 39],
    [17, 190, 76, 71, 18, 34],
    [11, 126, 49, 47, 27, 22],
    [2, 40, 23, 9, 0, 7],
    [111, 585, 190, 124, 69, 105],
    [13, 173, 39, 37, 8, 26],
    [196, 1740, 460, 171, 103, 282],
    [10, 53, 28, 4, 3, 14]
  ],
  "method": "mcmc",
  "mcmc_stepsize": 3000,
  "mcmc_samples": 1000,
  "burn_in": 10000,
  "cond_prob": [
    [
      [0.066147859922, 0.10894941634, 0.29571984436, 0.45914396887, 0.070038910506],
      [0.056603773585, 0.11163522013, 0.29716981132, 0.46226415094, 0.072327044025],
      [0.054669703872, 0.10933940774, 0.30296127563, 0.46241457859, 0.070615034169],
      [0.056872037915, 0.10900473934, 0.30331753555, 0.45971563981, 0.071090047393],
      [0.053846153846, 0.10769230769, 0.29230769231, 0.47692307692, 0.069230769231],
      [0.051470588235, 0.10294117647, 0.29411764706, 0.46323529412, 0.088235294118]
    ],
    [
      [0.10169491525, 0.067796610169, 0.32203389831, 0.45762711864, 0.050847457627],
      [0.063291139241, 0.094936708861, 0.32278481013, 0.46202531646, 0.056962025316],
      [0.056, 0.088, 0.336, 0.464, 0.056],
      [0.05, 0.075, 0.35, 0.475, 0.05],
      [0.05, 0.075, 0.325, 0.475, 0.075],
      [0.035714285714, 0.071428571429, 0.32142857143, 0.46428571429, 0.10714285714]
    ],
    [
      [0.078817733995, 0.10344827586, 0.33004926108, 0.4039408867, 0.083743842366],
      [0.066079295151, 0.11233480176, 0.33259911894, 0.40528634362, 0.08370044053],
      [0.064935064934, 0.10909090909, 0.33766233767, 0.40519480519, 0.083116883116],
      [0.064935064935, 0.1038961039, 0.33116883118, 0.41558441558, 0.084415584413],
      [0.062500000005, 0.10625, 0.33125, 0.4125, 0.087499999999],
      [0.065934065932, 0.0989010989, 0.32967032967, 0.4065934066, 0.098901098903]
    ],
    [
      [0.090909090909, 0.030303030303, 0.18181818182, 0.63636363636, 0.060606060606],
      [0.03591160221, 0.049723756906, 0.18508287293, 0.64364640884, 0.085635359116],
      [0.029850746269, 0.059701492537, 0.19402985075, 0.64179104478, 0.074626865672],
      [3.1322582325e-16, 0.04347826087, 0.26086956522, 0.60869565217, 0.086956521739],
      [0.02380952381, 0.02380952381, 0.16666666667, 0.69047619048, 0.095238095238],
      [0.023255813953, 0.046511627907, 0.16279069767, 0.62790697674, 0.13953488372]
    ],
    [
      [0.064748201439, 0.12230215827, 0.39568345324, 0.37410071942, 0.043165467626],
      [0.049504950495, 0.12871287129, 0.40594059406, 0.37623762376, 0.039603960396],
      [0.049429657795, 0.1216730038, 0.41064638783, 0.37642585551, 0.041825095057],
      [0.050847457627, 0.1186440678, 0.38983050847, 0.40677966102, 0.033898305085],
      [0.030303030303, 0.12121212121, 0.39393939394, 0.39393939394, 0.060606060606],
      [0.034482758621, 0.10344827586, 0.37931034483, 0.37931034483, 0.10344827586]
    ],
    [
      [0.086956521739, 0.10144927536, 0.30434782609, 0.44927536232, 0.057971014493],
      [0.057591623037, 0.10994764398, 0.31413612565, 0.4502617801, 0.068062827225],
      [0.051094890511, 0.10948905109, 0.32116788321, 0.45255474453, 0.065693430657],
      [0.05, 0.1, 0.325, 0.475, 0.05],
      [0.051282051282, 0.10256410256, 0.30769230769, 0.46153846154, 0.076923076923],
      [0.04347826087, 0.086956521739, 0.30434782609, 0.4347826087, 0.13043478261]
    ],
    [
      [0.49999996321, 8.3854377687e-12, 2.1376684322e-09, 0.50000001485, 1.9791609919e-08],
      [0.0092165897297, 0.0030721964467, 0.14592933844, 0.76958525577, 0.072196619614],
      [3.4855285924e-09, 2.4819048146e-11, 0.25000000782, 0.74999997512, 1.3550602506e-08],
      [4.2806859624e-10, 3.4978690292e-09, 0.11111112102, 0.88888886678, 8.2733200739e-09],
      [7.5199241945e-09, 8.0049635496e-09, 2.2911293021e-08, 0.99999994476, 1.6808783705e-08],
      [1.2501007246e-09, 6.7804018196e-10, 0.13114754708, 0.75409834819, 0.1147541028]
    ],
    [
      [0.064935064935, 0.1038961039, 0.33116883117, 0.41558441558, 0.084415584416],
      [0.046798029557, 0.11083743842, 0.33251231527, 0.42118226601, 0.088669950739],
      [0.04406779661, 0.11186440678, 0.33559322034, 0.42033898305, 0.08813559322],
      [0.042016806723, 0.10084033613, 0.35294117647, 0.42016806723, 0.084033613445],
      [0.031746031746, 0.095238095238, 0.33333333333, 0.46031746032, 0.079365079365],
      [0.0375, 0.1, 0.325, 0.4125, 0.125]
    ],
    [
      [0.07299270073, 0.10218978102, 0.37226277372, 0.40875912409, 0.043795620438],
      [0.058139534884, 0.10465116279, 0.38372093023, 0.41085271318, 0.042635658915],
      [0.060377358491, 0.10188679245, 0.37735849057, 0.41509433962, 0.045283018868],
      [0.055555555556, 0.097222222222, 0.375, 0.43055555556, 0.041666666667],
      [0.057971014493, 0.10144927536, 0.36231884058, 0.42028985507, 0.057971014493],
      [0.045454545455, 0.090909090909, 0.36363636364, 0.40909090909, 0.090909090909]
    ],
    [
      [0.17391302009, 0.086956520725, 0.26086960737, 0.43478258768, 0.043478264143],
      [0.098901095523, 0.10989010585, 0.28571429376, 0.42857141958, 0.07692308528],
      [0.088235294782, 0.10294116028, 0.30882351382, 0.42647062066, 0.073529410462],
      [0.07407407569, 0.074074092863, 0.25925929865, 0.51851847539, 0.074074057402],
      [0.071428598729, 0.071428597781, 0.28571423329, 0.46428570413, 0.10714286607],
      [0.055555555117, 0.055555569272, 0.27777776461, 0.38888891917, 0.22222219183]
    ],
    [
      [0.088888897738, 0.11111112191, 0.35555553494, 0.37777777676, 0.066666668659],
      [0.034482755561, 0.13793103162, 0.35632183559, 0.3908046129, 0.08045976432],
      [0.033333331423, 0.12222222034, 0.37777778214, 0.38888888973, 0.077777776371],
      [1.2153793913e-09, 0.076923079897, 0.38461538096, 0.46153842667, 0.076923111257],
      [1.531344254e-09, 0.099999989589, 0.30000005388, 0.49999996902, 0.099999985978],
      [4.6554384911e-10, 0.10526315778, 0.31578949196, 0.36842102164, 0.21052632816]
    ],
    [
      [0.14285714286, 1.5201751359e-16, 0.14285714286, 0.71428571429, 4.9419969869e-15],
      [0.0096930533118, 0.011308562197, 0.19870759289, 0.71567043619, 0.064620355412],
      [3.888298882e-16, 7.1685495208e-16, 0.25, 0.70454545455, 0.045454545455],
      [4.1078742305e-16, 3.4051606031e-15, 0.2, 0.75, 0.05],
      [2.1041036766e-15, 3.1413041629e-15, 0.14285714286, 0.71428571429, 0.14285714286],
      [9.903330751e-16, 3.7340448625e-16, 0.19047619048, 0.71428571429, 0.095238095238]
    ],
    [
      [0.33332392593, 4.9346422451e-07, 9.411648717e-06, 0.66665723072, 8.9382347924e-06],
      [0.01094091868, 0.0043763024429, 0.11159724334, 0.79431126681, 0.078774268732],
      [1.6527845349e-10, 1.404988789e-07, 0.20000027397, 0.7999887046, 1.0880770026e-05],
      [1.1174109537e-06, 1.1966186375e-13, 0.083332287766, 0.87499745863, 0.041669136191],
      [3.1115910548e-07, 5.3634362724e-06, 5.3771114695e-06, 0.79998924252, 0.19999970577],
      [2.0787782495e-10, 1.6535663632e-09, 0.10204136792, 0.77551034921, 0.12244828101]
    ],
    [
      [0.22222222222, 4.0651360074e-15, 0.11111111111, 0.66666666667, 2.5971134836e-14],
      [0.0090361445783, 0.013554216867, 0.18524096386, 0.74397590361, 0.048192771084],
      [2.9066605737e-16, 1.9646955625e-15, 0.23076923077, 0.74358974359, 0.025641025641],
      [4.5659229963e-15, 6.512416569e-16, 0.16666666667, 0.83333333333, 1.5039714489e-14],
      [1.9530448734e-14, 1.9014616776e-15, 0.11111111111, 0.77777777778, 0.11111111111],
      [1.8106406375e-15, 1.6623687659e-15, 0.16981132075, 0.7358490566, 0.094339622642]
    ],
    [
      [0.99003076111, 2.5073957339e-05, 4.8685285705e-06, 0.0013053552229, 0.0086339411853],
      [0.0024808657308, 0.0073648342544, 0.093281253072, 0.82819839062, 0.068674656324],
      [1.1412798123e-05, 0.00016893188256, 0.07885714, 0.91809892684, 0.0028635884835],
      [3.2195365693e-07, 2.8429337514e-06, 8.4574934403e-05, 0.99989923464, 1.3025540848e-05],
      [1.7507980893e-06, 2.683328596e-05, 6.741092578e-05, 0.99873237572, 0.0011716292702],
      [2.6845268426e-06, 6.0195010493e-06, 0.077158023442, 0.820238452, 0.10259482053]
    ],
    [
      [0.49998886762, 0, 4.263014027e-07, 0.50000974274, 9.6333918757e-07],
      [0.0038759357811, 0, 0.13695060569, 0.79328213184, 0.065891326682],
      [1.1948963348e-06, 0, 0.12500161651, 0.83332848076, 0.04166870784],
      [1.3569161652e-08, 0, 0.11764843587, 0.82352719092, 0.058824359638],
      [1.2388653621e-06, 0, 1.6215285972e-07, 0.99999589402, 2.7049635577e-06],
      [2.5575612649e-07, 0, 0.13333612747, 0.7833296167, 0.083334000074]
    ],
    [
      [0.19999954415, 0.19999954417, 1.2608707047e-06, 0.599999544, 1.0681031832e-07],
      [0.0013908237486, 0.0027816438388, 0.15299021483, 0.78859533648, 0.054241981095],
      [1.1178030105e-10, 2.2881223793e-11, 0.13793174012, 0.82758525893, 0.034483000812],
      [1.6748460773e-13, 1.1839816688e-08, 0.13333400982, 0.8666659665, 1.1844194445e-08],
      [3.8275627418e-12, 1.0938918532e-10, 0.083334033995, 0.74999963459, 0.1666663313],
      [1.3386304739e-11, 3.5198473504e-09, 0.13725471003, 0.78431368091, 0.078431605529]
    ],
    [
      [0, 0.48438395048, 1.1139775611e-05, 0.49998161662, 0.015623293127],
      [0, 0.0037643059619, 0.1181886957, 0.8188929852, 0.059154013138],
      [0, 0.0019530944393, 0.12695494289, 0.87108527598, 6.6866851778e-06],
      [0, 1.4039516922e-06, 0.090913446221, 0.9062471369, 0.002838012927],
      [0, 1.0626412041e-06, 0.010409350235, 0.6666678666, 0.32292172052],
      [0, 0.00076175459808, 0.10060328838, 0.80031509723, 0.098319859796]
    ],
    [
      [0.23790904522, 0.0002378811118, 0.68510468675, 0.051378250792, 0.025370136128],
      [0.0024480484928, 0.0065664866283, 0.13040971383, 0.76438582004, 0.096189931003],
      [0.0016748388986, 0.0030190006087, 0.026735411093, 0.78625234037, 0.18231840903],
      [0.0065755122399, 0.002790336701, 0.12360568629, 0.85108087211, 0.015947592662],
      [0, 0, 0, 0, 0],
      [0.00027293012891, 0.0030301351836, 0.12034102455, 0.81932906101, 0.057026849133]
    ],
    [
      [0.3333333332, 1.0825763423e-10, 3.7515935732e-12, 0.66666666653, 1.5286263253e-10],
      [0.0019305019296, 0.013513513509, 0.13899613899, 0.77413127415, 0.071428571426],
      [1.8232423468e-11, 2.1245747339e-11, 0.17647058834, 0.76470588221, 0.058823529413],
      [1.9521944056e-11, 3.974280921e-11, 0.15789473687, 0.78947368407, 0.052631579],
      [6.5870134366e-13, 5.2706076523e-11, 1.9592161317e-10, 0.99999999968, 7.4629083973e-11],
      [2.5149766041e-12, 7.3821834092e-12, 0.1230769231, 0.76923076921, 0.10769230768]
    ],
    [
      [0.11666666667, 0.083333333335, 0.33333333333, 0.41666666666, 0.050000000001],
      [0.074324324325, 0.10810810811, 0.33783783784, 0.42567567568, 0.054054054054],
      [0.078431372549, 0.098039215687, 0.3431372549, 0.42156862745, 0.058823529412],
      [0.057142857142, 0.085714285713, 0.37142857143, 0.42857142858, 0.057142857143],
      [0.078431372548, 0.078431372549, 0.33333333334, 0.45098039215, 0.058823529411],
      [0.068965517241, 0.068965517241, 0.31034482759, 0.44827586207, 0.10344827586]
    ],
    [
      [0.13478079393, 0.090948393184, 0.18349215481, 0.54602095368, 0.044757704401],
      [0.040307143782, 0.13461090539, 0.20269520286, 0.55457184151, 0.067814906466],
      [0.039750152637, 0.077614463878, 0.26718685076, 0.53793335924, 0.077515173484],
      [5.0868944237e-05, 0.098435027632, 0.30330224082, 0.59809232681, 0.00011953578912],
      [9.8985996355e-05, 0.00015081525826, 0.12516936295, 0.74963508819, 0.1249457476],
      [0.0012349534042, 0.073885392291, 0.21303515366, 0.4989251024, 0.21291939824]
    ],
    [
      [0.085714285714, 0.028571428571, 0.17142857143, 0.65714285714, 0.057142857143],
      [0.032178217822, 0.029702970297, 0.18564356436, 0.67079207921, 0.081683168317],
      [0.027027027027, 0.040540540541, 0.18243243243, 0.66891891892, 0.081081081081],
      [0.026785714286, 0.026785714286, 0.19642857143, 0.66964285714, 0.080357142857],
      [0.028985507246, 0.014492753623, 0.20289855072, 0.68115942029, 0.072463768116],
      [0.029702970297, 0.019801980198, 0.17821782178, 0.67326732673, 0.09900990099]
    ],
    [
      [0.050847457627, 0.016949152542, 0.20338983051, 0.66101694915, 0.067796610169],
      [0.02380952381, 0.03663003663, 0.2032967033, 0.663003663, 0.07326007326],
      [0.022935779817, 0.032110091743, 0.21100917431, 0.66055045872, 0.073394495413],
      [0.024590163934, 0.032786885246, 0.20491803279, 0.66393442623, 0.073770491803],
      [0.019607843137, 0.019607843137, 0.19607843137, 0.6862745098, 0.078431372549],
      [0.020618556701, 0.030927835052, 0.19587628866, 0.65979381443, 0.092783505155]
    ],
    [
      [0.096774193548, 0.032258064516, 0.096774193548, 0.70967741935, 0.064516129032],
      [0.022727272727, 0.027597402597, 0.12662337662, 0.73376623377, 0.089285714286],
      [0.018518518519, 0.018518518519, 0.14814814815, 0.73148148148, 0.083333333333],
      [0.021052631579, 0.021052631579, 0.13684210526, 0.73684210526, 0.084210526316],
      [5.0049681474e-26, 1.1751407815e-25, 0.10256410256, 0.79487179487, 0.10256410256],
      [0.019230769231, 0.019230769231, 0.125, 0.73076923077, 0.10576923077]
    ],
    [
      [0.099999999806, 9.8811387154e-11, 0.16666666696, 0.63333333284, 0.10000000029],
      [0.029315960893, 0.035830618835, 0.18241042329, 0.64820846929, 0.10423452769],
      [0.0272727273, 0.018181818288, 0.20909090944, 0.64545454506, 0.09999999992],
      [0.031746031885, 0.015873015874, 0.17460317488, 0.6825396824, 0.095238094958],
      [0.024390244045, 0.024390243902, 0.17073170774, 0.63414634111, 0.1463414632],
      [0.026315789397, 0.026315789512, 0.18421052589, 0.64473684222, 0.11842105298]
    ],
    [
      [0.078947368425, 0.026315789479, 0.2105263158, 0.63157894735, 0.052631578949],
      [0.035211267606, 0.049295774647, 0.21126760563, 0.63380281691, 0.070422535212],
      [0.030769230768, 0.038461538461, 0.23076923077, 0.63076923077, 0.06923076923],
      [0.029411764705, 0.029411764707, 0.20588235294, 0.66176470588, 0.073529411763],
      [0.025, 0.025000000001, 0.2, 0.64999999999, 0.1],
      [0.020408163265, 0.040816326532, 0.20408163266, 0.63265306122, 0.10204081632]
    ],
    [
      [0.10714285714, 2.9524682542e-22, 0.14285714286, 0.67857142857, 0.071428571429],
      [0.034172661871, 0.025179856115, 0.14748201439, 0.69604316547, 0.097122302158],
      [0.027972027972, 0.034965034965, 0.14685314685, 0.69230769231, 0.097902097902],
      [0.032085561497, 0.021390374332, 0.1550802139, 0.69518716578, 0.096256684492],
      [0.019607843137, 0.019607843137, 0.13725490196, 0.72549019608, 0.098039215686],
      [0.027027027027, 0.018018018018, 0.14414414414, 0.69369369369, 0.11711711712]
    ],
    [
      [0.10714285714, 0.035714285714, 0.10714285714, 0.67857142857, 0.071428571429],
      [0.033783783784, 0.040540540541, 0.13063063063, 0.70495495495, 0.09009009009],
      [0.02380952381, 0.035714285714, 0.15476190476, 0.70238095238, 0.083333333333],
      [0.025641025641, 0.025641025641, 0.12820512821, 0.73076923077, 0.089743589744],
      [0.028571428571, 0.028571428571, 0.11428571429, 0.71428571429, 0.11428571429],
      [0.023529411765, 0.035294117647, 0.12941176471, 0.70588235294, 0.10588235294]
    ],
    [
      [0.16666422078, 2.7794755462e-07, 0.083335288212, 0.66666278902, 0.083337424039],
      [0.033519196787, 0.033519420734, 0.10055856123, 0.74301866241, 0.089384158838],
      [0.018868517807, 0.018869077593, 0.13207474328, 0.75471462798, 0.075473033338],
      [0.02325543078, 0.023255377789, 0.09302489532, 0.79069406039, 0.069770235725],
      [4.2999490985e-06, 1.3493522756e-07, 0.086957330898, 0.73912820394, 0.17391003028],
      [0.025640493835, 0.025640381856, 0.10256265585, 0.74359070231, 0.10256576616]
    ],
    [
      [0.11764703978, 7.6753020697e-08, 0.17647059725, 0.64705853882, 0.058823747391],
      [0.015789458259, 0.026315774159, 0.19999997275, 0.67894745058, 0.07894734425],
      [1.0759946098e-08, 0.052631545519, 0.1973684755, 0.67105256761, 0.078947400613],
      [1.6218107975e-08, 0.014084499597, 0.23943659231, 0.67605636941, 0.070422522466],
      [3.2411367527e-08, 1.7224247076e-09, 0.16666662577, 0.77777774387, 0.055555596229],
      [2.06410165e-08, 1.3656449034e-07, 0.17647069317, 0.67647036689, 0.14705878274]
    ],
    [
      [0.18187154547, 9.3443444513e-05, 0.1821067609, 0.63590449529, 2.3754897065e-05],
      [0.047599297284, 0.023791661978, 0.20631947255, 0.66673651293, 0.05555305526],
      [0.020432106331, 0.04079975879, 0.22451932399, 0.67342878744, 0.04082002345],
      [0.021281186443, 0.021272727145, 0.23398597732, 0.68094105416, 0.042519054941],
      [0.03701134082, 7.5077997337e-05, 0.18522800872, 0.74055063246, 0.037134940002],
      [5.4834858698e-05, 8.6022886026e-06, 0.18184672931, 0.6363246689, 0.18176516464]
    ],
    [
      [0, 0.026810941322, 0.20775939389, 0.65561756498, 0.10981209981],
      [0, 0.021740116488, 0.20295943162, 0.69495932516, 0.080341126727],
      [0, 0.027936956009, 0.29841325477, 0.58879797211, 0.084851817118],
      [0, 0.041035176364, 0.24498849729, 0.63874001816, 0.075236308183],
      [0, 0, 0, 0, 0],
      [0, 0.0092724117656, 0.19967180172, 0.65705404882, 0.1340017377]
    ],
    [
      [0.054054054054, 0.054054054054, 0.20720720721, 0.61261261261, 0.072072072072],
      [0.037606837607, 0.05811965812, 0.21025641026, 0.6188034188, 0.075213675214],
      [0.036842105263, 0.063157894737, 0.21052631579, 0.61578947368, 0.073684210526],
      [0.032258064516, 0.048387096774, 0.21774193548, 0.62903225806, 0.072580645161],
      [0.028985507246, 0.04347826087, 0.20289855072, 0.63768115942, 0.086956521739],
      [0.028571428571, 0.047619047619, 0.20952380952, 0.61904761905, 0.095238095238]
    ],
    [
      [0.07692287528, 1.0114502249e-07, 0.15384597607, 0.69230794815, 0.076923099357],
      [0.017340990373, 0.040462378622, 0.15028896075, 0.68786141007, 0.10404626019],
      [1.6768493916e-08, 0.051282142558, 0.15384656088, 0.6923072999, 0.10256397989],
      [1.9420346539e-07, 0.027026981787, 0.18918897962, 0.7027025808, 0.081081263589],
      [3.1010908948e-08, 3.6257598519e-07, 0.12500076545, 0.74999913418, 0.12499970678],
      [1.2304855525e-07, 9.2191506132e-08, 0.15384607144, 0.69230767204, 0.15384604128]
    ],
    [
      [0.045918367347, 0.061224489796, 0.21428571429, 0.59183673469, 0.086734693878],
      [0.033333333333, 0.064367816092, 0.21781609195, 0.59310344828, 0.091379310345],
      [0.032608695652, 0.067391304348, 0.21739130435, 0.59130434783, 0.091304347826],
      [0.029239766082, 0.058479532164, 0.22807017544, 0.59649122807, 0.087719298246],
      [0.029126213592, 0.058252427184, 0.21359223301, 0.60194174757, 0.097087378641],
      [0.031914893617, 0.063829787234, 0.21631205674, 0.59219858156, 0.095744680851]
    ],
    [
      [0, 0.16239223196, 0.35302961454, 0.4601882501, 0.024389903402],
      [0, 0.035474930768, 0.31646777412, 0.57323662164, 0.07482067347],
      [0, 0.040763357117, 0.37616786288, 0.51279948402, 0.070269295981],
      [0, 0.032307132991, 0.30197939651, 0.63823131721, 0.027482153288],
      [0, 0.0076508027658, 0.065410056724, 0.84100671212, 0.085932428386],
      [0, 0.014453672156, 0.26857599351, 0.54158897103, 0.17538136331]
    ]
  ],
  "expected_outcome": [
    [
      [17, 6, 16.000000001, 3, 9, 6, 0.99999992643, 10, 10, 3.999999462, 4.0000003982, 1, 0.99997177778, 2, 0.99003076111, 0.99997773524, 0.99999772075, 0, 0.23790904522, 0.9999999996, 7, 2.9651774665, 3, 3, 3, 2.9999999942, 3.0000000001, 3, 3, 1.9999706494, 1.9999996763, 2.0005870001, 0, 6, 0.99999737864, 9, 0],
      [28, 4, 21.0000000003, 1, 17, 7, 1.6770875537e-11, 16, 14, 1.9999999767, 5.0000004859, 1.0641225952e-15, 1.4803926735e-06, 3.6586224067e-14, 2.5073957339e-05, 0, 0.99999772083, 0.96876790096, 0.0002378811118, 3.247729027e-10, 5.0000000001, 2.00086465, 1, 1, 1, 2.9643416146e-09, 1.0000000002, 8.2669111118e-21, 1, 3.3353706554e-06, 1.3048013518e-06, 0.0010278778896, 0.053621882643, 6, 1.3148852924e-06, 12, 1.6239223196],
      [76, 19, 66.9999999991, 6, 55, 21, 4.2753368644e-09, 51, 51, 6.0000009694, 15.9999990722, 1, 2.8234946151e-05, 1, 4.8685285705e-06, 8.5260280541e-07, 6.3043535236e-06, 2.2279551222e-05, 0.68510468675, 1.1254780719e-11, 20, 4.0368274057, 6, 12, 3, 5.0000000088, 8.0000000002, 4, 3, 1.0000234585, 3.0000001533, 2.0031743699, 0.41551878778, 23, 1.999997689, 42, 3.5302961454],
      [118, 27, 81.9999999994, 21, 52, 31, 1.0000000297, 64, 56, 9.9999995166, 16.999999954, 5, 1.9999716922, 6, 0.0013053552229, 1.0000194855, 2.99999772, 0.99996323323, 0.051378250792, 1.9999999996, 24.9999999998, 12.0124609809, 23, 39, 22, 18.9999999853, 23.9999999994, 19, 19, 7.9999534682, 10.9999951599, 6.9949494482, 1.31123513, 68, 9.0000033259, 116, 4.601882501],
      [18, 3, 17.0000000002, 2, 6, 4, 3.9583219838e-08, 13, 6, 1.0000000753, 3.0000000896, 3.4593978908e-14, 2.6814704377e-05, 2.3374021352e-13, 0.0086339411853, 1.9266783751e-06, 5.3405159161e-07, 0.031246586255, 0.025370136128, 4.5858789759e-10, 3.0000000001, 0.98466949683, 2, 4, 2, 3.0000000088, 2, 2, 2, 1.0000490885, 1.0000037056, 0.00026130386771, 0.21962419961, 8, 1.0000002916, 17, 0.24389903402]
    ],
    [
      [36, 10, 29.9999999987, 13, 10, 11, 5.999999914, 19, 15, 8.9999996926, 2.9999997338, 6, 4.9999998367, 6, 1.0097123524, 2.9999742946, 1.0000022753, 0, 0.70993406291, 0.99999999955, 11.0000000001, 2.9827286399, 13, 13, 14, 8.9999999941, 10, 19, 15, 5.9999362249, 2.9999970692, 5.9975114578, 0, 22, 2.9999913345, 58, 0],
      [71, 15, 51.0000000001, 18, 26, 21, 1.9999998868, 45, 27, 9.9999996325, 11.9999997512, 7, 1.9999702164, 9, 2.9974875415, 0, 2.0000019201, 1.9687320181, 1.9042811222, 6.9999999978, 15.9999999999, 9.9612069987, 12, 20, 17, 10.9999999824, 13.9999999997, 14, 18, 5.9999763114, 4.9999970902, 2.9977494093, 0.86960465951, 34, 6.9999915017, 112, 1.8801713307],
      [189, 51, 150.9999999986, 67, 82, 60, 94.9999993261, 135, 99, 26.0000007324, 30.9999996967, 123, 50.9999402054, 123, 37.9654700004, 105.9997688065, 109.9999644653, 61.8126878514, 37.8188170111, 71.9999999953, 49.9999999996, 14.9994450114, 75, 111, 78, 55.9999999502, 59.9999999986, 82, 58, 17.9999824602, 37.9999948232, 25.9962535407, 8.1183772649, 123, 25.9999902094, 379, 16.7727920286],
      [294, 73, 184.000000002, 233, 76, 86, 501.0000015043, 171, 106, 38.9999991821, 34.0000013225, 443, 363.0002489308, 494, 337.0767449818, 614.0003700469, 567.0000469321, 428.2810312591, 221.6718878129, 401.0000000088, 63.0000000005, 41.0383162716, 271, 362, 452, 199.0000000734, 180.0000000016, 387, 313, 133.0003405715, 129.0000156099, 84.0088006295, 27.7983730065, 362, 119.000023942, 1032, 30.3815409468],
      [46, 9, 38.0000000006, 31, 8, 13, 46.9999993688, 36, 11, 7.0000007605, 6.9999994959, 40, 35.9998408107, 32, 27.9505851238, 50.999886852, 38.9999844072, 30.9375488714, 27.8950799909, 36.9999999986, 7.9999999999, 5.0183030785, 33, 40, 55, 32, 20.0000000001, 54, 40, 15.999764432, 14.9999954075, 6.9996849627, 3.2136450691, 44, 18.0000030125, 159, 3.9654956939]
    ],
    [
      [24, 7, 24.9999999996, 2, 13, 7, 4.1826343109e-08, 13, 16, 6.0000000452, 2.9999998281, 1.7108515081e-14, 1.6527845349e-09, 1.1335976238e-14, 0.0001483663756, 2.8677512035e-05, 3.2416287303e-09, 0, 0.0066993555945, 3.0995119896e-10, 8, 1.0335039686, 4, 5, 2, 3.000000003, 3.9999999999, 4, 2, 1.0000314437, 8.1775590346e-07, 1.0011732102, 0, 7, 6.5397126272e-07, 15, 0],
      [48, 11, 41.9999999998, 4, 32, 15, 2.9782857775e-10, 33, 27, 6.9999988988, 10.9999998305, 3.1541617891e-14, 1.404988789e-06, 7.6623126937e-14, 0.0021961144733, 0, 6.6355549e-10, 0.031249511028, 0.012076002435, 3.6117770477e-10, 10.0000000001, 2.0179760608, 6, 7, 2, 2.0000000117, 5, 5, 3, 1.0000611124, 3.9999974594, 1.9991881807, 0.64254998821, 12, 2.0000035598, 31, 1.1413739993],
      [133, 42, 130.0000000016, 13, 108, 44, 3.0000000938, 99, 100, 20.9999989394, 34.0000003926, 11, 2.0000027397, 9, 1.02514282, 3.0000387962, 4.0000204636, 2.0312790863, 0.10694164437, 3.0000000017, 35.0000000001, 6.9468581198, 27, 46, 16, 23.0000000381, 30.0000000004, 21, 13, 6.9999613939, 15.0000041378, 11.0014468753, 6.8635048596, 40, 6.0000158745, 100, 10.5327001606],
      [203, 58, 155.9999999994, 43, 99, 62, 8.9999997014, 124, 110, 29.0000022051, 35.0000000754, 31, 7.999887046, 29, 11.9352860489, 19.9998835381, 23.999972509, 13.9373644157, 3.1450093615, 12.9999999976, 42.9999999998, 13.9862673402, 99, 144, 79, 70.9999999561, 81.9999999999, 99, 59, 39.9998752831, 50.9999951384, 32.9980105847, 13.5423533584, 117, 26.9999846962, 272, 14.3583855526],
      [31, 7, 31.9999999996, 5, 11, 9, 1.6260723007e-07, 26, 12, 4.9999999114, 6.9999998734, 2, 0.00010880770026, 1, 0.037226650285, 1.0000489882, 1.0000070236, 0.00010698696285, 0.7292736361, 1, 6, 2.0153945106, 12, 16, 9, 10.9999999912, 8.9999999999, 14, 7, 4.0000707669, 6.0000024466, 2.000181149, 1.9515917937, 14, 3.9999952156, 42, 1.9675402875]
    ],
    [
      [12, 2, 10.0000000001, 7.2041939348e-15, 3, 2, 3.8526173661e-09, 5, 4, 2.0000000436, 1.5799932087e-08, 8.215748461e-15, 2.681786289e-05, 5.4791075955e-14, 3.2195365693e-07, 2.3067574809e-07, 2.512269116e-12, 0, 0.03945307344, 3.7091693706e-10, 2, 0.00050868944237, 3, 3, 2, 2.0000000088, 2, 6, 2, 0.99998352355, 1.1514856662e-06, 1.0002157628, 0, 4, 7.1855282195e-06, 5, 0],
      [23, 3, 16.0000000005, 1, 7, 4, 3.1480821262e-08, 12, 7, 2.0000005073, 1.0000000387, 6.8103212062e-14, 2.8718847301e-12, 7.8148998828e-15, 2.8429337514e-06, 0, 1.7759725032e-07, 1.5443468614e-05, 0.016742020206, 7.5511337499e-10, 2.9999999999, 0.98435027632, 3, 4, 2, 1.0000000001, 2, 4, 2, 0.99998124492, 0.99999947136, 0.99981817582, 0.36931658727, 6, 0.9999983261, 10, 0.12922853196],
      [64, 14, 51.000000001, 6, 23, 13, 1.0000000892, 42, 27, 7.0000010636, 4.9999999525, 4, 1.9999749064, 2, 8.4574934403e-05, 2.0000234098, 2.0000101473, 1.0000479084, 0.74163411772, 3.0000000005, 12.9999999999, 3.0330224082, 22, 25, 13, 11.0000000176, 14.0000000002, 29, 10, 4.0000704988, 16.9999980541, 10.9973409338, 2.2048964757, 27, 6.9999922461, 39, 1.2079175861],
      [97, 19, 63.9999999989, 14, 24, 19, 7.999999801, 50, 31, 13.9999988356, 5.9999995467, 15, 20.9999390072, 10, 0.99989923464, 13.9999622456, 12.9999894974, 9.9687185059, 5.1064852327, 14.9999999974, 15.0000000001, 5.9809232681, 75, 81, 70, 42.9999999912, 44.9999999999, 130, 57, 33.9998445966, 48.000002228, 32.0042295453, 5.7486601634, 78, 25.9999954895, 102, 2.5529252688],
      [15, 2, 12.9999999996, 2, 2, 2, 7.4459880666e-08, 10, 3, 1.9999995499, 1.0000004463, 1, 1.0000592686, 1.8047657387e-13, 1.3025540848e-05, 1.0000141139, 1.7766291668e-07, 0.031218142197, 0.095685555971, 1.000000001, 2, 0.0011953578912, 9, 9, 8, 5.9999999824, 4.9999999999, 18, 7, 3.0001201362, 4.9999990951, 1.9983955822, 0.67712677365, 9, 3.0000067528, 15, 0.10992861315]
    ],
    [
      [7, 2, 10.0000000009, 1, 1, 2, 3.7599620973e-08, 2, 4, 2.0000007644, 1.531344254e-08, 1.4728725736e-14, 1.5557955274e-06, 1.7577403861e-13, 3.5015961786e-06, 3.7165960863e-06, 4.5930752902e-11, 0, 0, 3.9522080619e-12, 4, 0.00079188797084, 2, 1, 1.9519375775e-24, 1.0000000058, 1, 1, 1, 9.8898829265e-05, 5.8340461548e-07, 0.99930620214, 0, 2, 2.4808727159e-07, 3, 0],
      [14, 3, 16.9999999995, 1, 4, 4, 4.0024817748e-08, 6, 7, 2.0000007379, 0.99999989589, 2.198912914e-14, 2.6817181362e-05, 1.7113155099e-14, 5.366657192e-05, 0, 1.3126702239e-09, 3.1879236123e-06, 0, 3.1623645914e-10, 4, 0.001206522066, 1, 1, 4.5830490479e-24, 0.99999999999, 1, 1, 1, 3.1035102338e-06, 3.1003644737e-08, 0.0020271059281, 0, 3, 2.9006078816e-06, 6, 0.022952408297],
      [38, 13, 53.0000000001, 7, 13, 12, 1.145564651e-07, 21, 25, 7.9999985321, 3.0000005388, 1, 2.6885557348e-05, 1, 0.00013482185156, 4.8645857917e-07, 1.0000084079, 0.031228050705, 0, 1.175529679e-09, 17.0000000002, 1.0013549036, 14, 10, 4, 7.0000000175, 8, 7, 4, 2.0000186107, 2.9999992639, 5.0011562353, 0, 14, 1.0000061236, 22, 0.19623017017],
      [62, 19, 65.9999999998, 29, 13, 18, 4.9999997238, 29, 29, 12.9999997155, 4.9999996902, 5, 3.9999462126, 7, 1.9974647514, 2.9999876821, 8.9999956151, 2.0000035998, 0, 5.9999999981, 22.9999999999, 5.9970807055, 47, 35, 31, 25.9999999854, 25.9999999998, 37, 25, 16.9999486906, 13.9999993896, 19.9948670766, 0, 44, 5.9999930735, 62, 2.5230201364],
      [9, 3, 13.9999999998, 4, 2, 3, 8.4043918524e-08, 5, 4, 3.0000002501, 0.99999985978, 1, 0.99999852885, 1, 0.0023432585405, 8.1148906732e-06, 1.9999959756, 0.96876516156, 0, 4.4777450384e-10, 2.9999999999, 0.99956598083, 5, 4, 4, 5.9999999913, 4.0000000001, 5, 4, 3.9999306964, 1.0000007321, 1.0026433801, 0, 6, 0.99999765426, 10, 0.25779728516]
    ],
    [
      [7, 1, 5.9999999998, 1, 1, 1, 7.6256144201e-08, 3, 1, 0.99999999211, 8.8453331331e-09, 6.2390983731e-14, 1.0186013423e-08, 9.5963953789e-14, 0.00010469654686, 1.5345367589e-05, 6.827015417e-10, 0, 0.006004462836, 1.6347347927e-10, 2, 0.017289347659, 3, 2, 2, 1.9999999942, 1, 3, 2, 0.99997925958, 7.01794561e-07, 0.0012063668914, 0, 3, 3.1992624365e-06, 9, 0],
      [14, 2, 8.9999999999, 2, 3, 2, 4.13604511e-08, 8, 2, 1.0000002469, 1.9999999978, 2.3524482634e-14, 8.1024751796e-08, 8.8105544595e-14, 0.00023476054092, 0, 1.7951221487e-07, 0.031231938521, 0.066662974039, 4.798419216e-10, 2, 1.0343954921, 2, 3, 2, 2.0000000029, 2, 2, 3, 0.99997489238, 4.6431926717e-06, 0.00018925034926, 0.064906882359, 5, 2.3969791594e-06, 18, 0.20235141019],
      [40, 9, 29.9999999997, 7, 11, 7, 8.0000003721, 26, 8, 4.999999763, 6.0000003472, 12, 5.000027028, 9, 3.0091629142, 8.0001676484, 6.9999902115, 4.1247348236, 2.6475025401, 8.0000000013, 9.0000000001, 2.9824921513, 18, 19, 13, 13.9999999679, 10.0000000005, 16, 11, 3.999943578, 6.0000035678, 4.0006280449, 1.397702612, 22, 3.9999978576, 61, 3.7600639091],
      [63, 13, 37.0000000005, 27, 11, 10, 45.9999992397, 33, 9, 7.0000005451, 6.9999994112, 45, 38.0000071113, 39, 31.989299628, 46.9997770018, 39.9999977263, 32.8129189862, 18.0252393421, 49.9999999985, 12.9999999999, 6.9849514336, 68, 64, 76, 49.0000000087, 30.9999999995, 77, 60, 29.00003739, 22.9999924742, 13.9991427158, 4.5993783417, 65, 17.9999994729, 167, 7.5822455944],
      [12, 3, 9.0000000002, 6, 3, 3, 7.0000002705, 10, 2, 3.9999994529, 4.0000002349, 6, 5.9999657695, 5, 4.0011980006, 5.0000400044, 4.000011882, 4.0311142516, 1.2545906809, 6.9999999995, 3.0000000001, 2.9808715754, 10, 9, 11, 9.0000000264, 4.9999999999, 13, 9, 4.0000648801, 4.999998613, 3.9988336221, 0.93801216392, 10, 3.9999970733, 27, 2.4553390863]
    ]
  ],
  "prob": [
    [0.079260135075, 0.0800430666, 0.27608585105, 0.49863466395, 0.065976283325],
    [0.02616574979, 0.042430696616, 0.19611765768, 0.65974236109, 0.075543534817],
    [0.039972936748, 0.075271538437, 0.27177550671, 0.54051132316, 0.072468694946],
    [0.033689461088, 0.054658705198, 0.23902453278, 0.59978901732, 0.072838283611],
    [0.036866539536, 0.059928267567, 0.24211645572, 0.57411811599, 0.086970621195],
    [0.023777478979, 0.0404057113, 0.19877638441, 0.62981928641, 0.10722113889]
  ],
  "iterations": 1,
  "time": 0.025878,
  "message": "Converged",
  "status": 0,
  "miniter": 0,
  "maxiter": 1000,
  "maxtime": 3600,
  "param_threshold": 0.001,
  "ll_threshold": "-Inf",
  "initial_prob": "group_proportional",
  "candidates_id": ["CHAL, Kelly.c", "TRASS, Gerald Ivan.c", "ANAE, Arthur.c", "ROBERTSON, H V Ross.c", "Other candidates votes.c"],
  "group_id": ["ACT.p", "Labour Party.p", "National Party.p", "NZ First.p", "United Future.p", "Other parties votes.p"]
}
