{
  "X": [
    [16, 213, 244, 52],
    [23, 336, 352, 93],
    [27, 259, 297, 59],
    [17, 89, 305, 35],
    [35, 386, 713, 84],
    [53, 410, 458, 110],
    [15, 244, 260, 67],
    [16, 237, 225, 71],
    [31, 525, 502, 106],
    [18, 240, 238, 57],
    [42, 553, 717, 137],
    [8, 218, 64, 33],
    [17, 132, 280, 24],
    [2, 8, 3, 0],
    [26, 188, 427, 62],
    [7, 18, 127, 15],
    [45, 346, 254, 59],
    [33, 240, 255, 54],
    [35, 253, 402, 52],
    [34, 201, 176, 38],
    [75, 464, 616, 85],
    [21, 209, 419, 26],
    [9, 53, 106, 12],
    [53, 535, 961, 119],
    [76, 515, 845, 102],
    [68, 414, 510, 67],
    [56, 313, 550, 51],
    [2, 5, 2, 0],
    [4, 24, 132, 12],
    [5, 40, 55, 14],
    [22, 270, 256, 61],
    [79, 204, 453, 40],
    [23, 96, 185, 30],
    [33, 319, 536, 46],
    [39, 366, 649, 70],
    [34, 349, 519, 75],
    [69, 374, 734, 70],
    [53, 493, 489, 54],
    [31, 119, 193, 33],
    [0, 6, 9, 1],
    [286, 2696, 3426, 518],
    [32, 239, 300, 52],
    [160, 656, 756, 136],
    [20, 65, 151, 8]
  ],
  "W": [
    [15, 30, 190, 210, 65, 15],
    [29, 45, 288, 296, 102, 44],
    [19, 56, 213, 258, 79, 17],
    [18, 39, 74, 272, 29, 14],
    [59, 88, 340, 610, 97, 24],
    [40, 88, 346, 397, 114, 46],
    [42, 31, 209, 213, 72, 19],
    [28, 29, 203, 195, 71, 23],
    [44, 74, 467, 411, 129, 39],
    [11, 36, 220, 195, 58, 33],
    [58, 120, 455, 622, 152, 42],
    [7, 15, 189, 56, 41, 15],
    [17, 36, 96, 246, 41, 17],
    [0, 5, 5, 2, 1, 0],
    [23, 69, 151, 392, 44, 24],
    [10, 6, 16, 117, 5, 13],
    [16, 70, 268, 227, 88, 35],
    [12, 78, 170, 251, 50, 21],
    [26, 96, 167, 370, 55, 28],
    [14, 69, 164, 146, 42, 14],
    [20, 135, 375, 580, 72, 58],
    [16, 54, 143, 406, 31, 25],
    [5, 16, 49, 95, 10, 5],
    [70, 114, 413, 916, 118, 37],
    [35, 140, 396, 794, 128, 45],
    [28, 121, 322, 477, 69, 42],
    [22, 106, 244, 525, 43, 30],
    [0, 1, 4, 4, 0, 0],
    [3, 7, 22, 117, 17, 6],
    [2, 20, 30, 50, 5, 7],
    [23, 36, 239, 215, 76, 20],
    [18, 139, 118, 431, 38, 32],
    [9, 40, 90, 156, 19, 20],
    [32, 92, 211, 517, 48, 34],
    [39, 93, 267, 640, 64, 21],
    [33, 104, 228, 517, 73, 22],
    [40, 149, 260, 701, 65, 32],
    [25, 122, 324, 503, 65, 50],
    [14, 59, 79, 177, 36, 11],
    [0, 0, 7, 9, 0, 0],
    [227, 615, 2154, 3134, 586, 210],
    [15, 62, 205, 275, 44, 22],
    [37, 240, 581, 679, 94, 77],
    [0, 35, 51, 145, 11, 2]
  ],
  "method": "mvn_cdf",
  "mvncdf_method": "genz",
  "mvncdf_samples": 5000,
  "mvncdf_error": 0.001,
  "cond_prob": [
    [
      [6.1432485652e-05, 0.1213294799, 0.65932797877, 0.21928110884],
      [0.41420651647, 0.31895897604, 0.24548453535, 0.021349972145],
      [0.0055151276284, 0.77742475226, 0.11465821545, 0.10240190467],
      [0.0030538861785, 0.089349892945, 0.89898766117, 0.0086085597105],
      [0.00029691206891, 0.45272981411, 0.18853673757, 0.35843653625],
      [0.12429289249, 0.38064467705, 0.26121243574, 0.23384999472]
    ],
    [
      [3.7437482286e-05, 0.12603422994, 0.62836693956, 0.24556139302],
      [0.36377893576, 0.35669455798, 0.2541752987, 0.02535120756],
      [0.0043113279608, 0.77954664151, 0.10632205847, 0.10981997206],
      [0.0024956343807, 0.097734943426, 0.89033898263, 0.009430439567],
      [0.00019154536384, 0.44804137479, 0.17248651146, 0.37928056838],
      [0.10520350789, 0.3898762724, 0.24056260102, 0.26435761868]
    ],
    [
      [8.5450383809e-05, 0.13114279292, 0.6519539199, 0.2168178368],
      [0.4061632242, 0.33280569846, 0.24085144963, 0.020179627702],
      [0.0055689736438, 0.7918917795, 0.10695537475, 0.095583872101],
      [0.0032516956934, 0.096502461044, 0.89179379595, 0.0084520473163],
      [0.00023272024584, 0.47530612877, 0.17804164514, 0.34641950584],
      [0.12998365371, 0.39714115676, 0.24680059996, 0.22607458958]
    ],
    [
      [0.00010579232365, 0.073452747088, 0.69999449692, 0.22644696367],
      [0.36722814033, 0.25799760919, 0.34667471098, 0.028099539498],
      [0.0057131101984, 0.68308210246, 0.16220956261, 0.14899522473],
      [0.0029172741109, 0.050068571531, 0.93833641903, 0.0086777353327],
      [0.00032569060239, 0.3291690654, 0.24073780569, 0.42976743831],
      [0.1036060375, 0.27880813278, 0.33338395388, 0.28420187584]
    ],
    [
      [1.2250881278e-05, 0.097811135748, 0.72343307527, 0.17874353811],
      [0.33603984959, 0.31853756527, 0.32575417506, 0.019668410074],
      [0.0046116515508, 0.75862523272, 0.14332903568, 0.093434080046],
      [0.0020915403546, 0.070584775831, 0.92091710223, 0.0064065815813],
      [0.00024667966758, 0.43632154733, 0.24563360007, 0.31779817292],
      [0.1066683901, 0.37022311554, 0.30555489387, 0.21755360048]
    ],
    [
      [2.6139471878e-05, 0.12653120239, 0.61619643877, 0.25724621936],
      [0.47466611097, 0.29837736262, 0.20546148018, 0.021495046237],
      [0.0069012778119, 0.78149844451, 0.099685769248, 0.11191450843],
      [0.0040931516829, 0.10076527557, 0.88538541119, 0.0097561615571],
      [0.00027506161441, 0.44906409508, 0.16661671898, 0.38404412433],
      [0.15617731067, 0.37143393372, 0.22365090933, 0.24873784628]
    ],
    [
      [2.2527302437e-05, 0.078675215512, 0.64173006708, 0.27957219011],
      [0.37159039198, 0.3638278305, 0.24058096123, 0.024000816295],
      [0.0043968704828, 0.7887318404, 0.10338580844, 0.10348548067],
      [0.0026846655533, 0.10957230692, 0.87771887817, 0.010024149349],
      [0.00025594506582, 0.46523956718, 0.17244286583, 0.36206162193],
      [0.10371284019, 0.40715122879, 0.24272031735, 0.24641561368]
    ],
    [
      [3.2375049846e-05, 0.12373275914, 0.57654617535, 0.29968869047],
      [0.40660094851, 0.35648195428, 0.20975368064, 0.027163416575],
      [0.0048773229445, 0.78714586345, 0.088832559184, 0.11914425442],
      [0.0033167570874, 0.11544222829, 0.86992697788, 0.011314036749],
      [0.00028517295963, 0.44713614008, 0.14443254531, 0.40814614165],
      [0.11089367487, 0.39778240559, 0.21088562756, 0.28043829198]
    ],
    [
      [1.3321961091e-05, 0.12881622927, 0.66483251732, 0.20633793145],
      [0.33261973107, 0.37441263504, 0.27163031585, 0.02133731804],
      [0.0037536441178, 0.7990640515, 0.107321756, 0.089860548378],
      [0.0020652501605, 0.09629395779, 0.8940722945, 0.0075684975486],
      [0.00016603572772, 0.48479076867, 0.19144780578, 0.32359538982],
      [0.096470910433, 0.41917469383, 0.26582014937, 0.21853424638]
    ],
    [
      [6.6637957859e-06, 0.1029465749, 0.66665862449, 0.23038813681],
      [0.35828643665, 0.34395757674, 0.27434116388, 0.023414822738],
      [0.0045544342101, 0.77578634782, 0.11491586802, 0.10474334994],
      [0.0024665612597, 0.088798125131, 0.9000621967, 0.0086731169126],
      [0.00026377444016, 0.44751826891, 0.19715479207, 0.35506316457],
      [0.10919276029, 0.38001286045, 0.25945078696, 0.2513435923]
    ],
    [
      [1.0380257838e-05, 0.12134831806, 0.6439141286, 0.23472717308],
      [0.30162572548, 0.38355555824, 0.28865165714, 0.02616705914],
      [0.0030702997559, 0.78229909582, 0.10821562108, 0.10641498334],
      [0.0013548805076, 0.094048054496, 0.89576496047, 0.0088321045223],
      [0.00013498387649, 0.45183498323, 0.18206852857, 0.36596150432],
      [0.084382649381, 0.40029130044, 0.26039172225, 0.25493432792]
    ],
    [
      [7.9075111498e-05, 0.2431135776, 0.47843012458, 0.27837722271],
      [0.36888836422, 0.45847496243, 0.15060415546, 0.022032517886],
      [0.0041566322212, 0.87806778755, 0.041242780801, 0.076532799429],
      [0.0040324558729, 0.18571182882, 0.79771369808, 0.012542017222],
      [0.00039369056993, 0.60356504976, 0.094772524007, 0.30126873567],
      [0.095903911922, 0.55468261464, 0.13596004318, 0.21345343025]
    ],
    [
      [0.00010410021946, 0.10796733033, 0.75594043141, 0.13598813804],
      [0.37788943579, 0.30406072242, 0.30442752877, 0.013622313017],
      [0.0056920341033, 0.78162940579, 0.14232680966, 0.070351750439],
      [0.0029631970207, 0.072423069756, 0.92098608827, 0.0036276449538],
      [0.00034579940326, 0.48537237092, 0.2505086019, 0.26377322778],
      [0.12380300536, 0.38032965018, 0.33487161828, 0.16099572618]
    ],
    [
      ["NaN", "NaN", "NaN", "NaN"],
      [0.37503742005, 0.44367745747, 0.18128512249, 0],
      [0.015389239897, 0.92138353421, 0.063227225895, 0],
      [0.0044326681489, 0.17084434768, 0.82472298417, 0],
      [0.039001363992, 0.83300634627, 0.12799228974, 0],
      ["NaN", "NaN", "NaN", "NaN"]
    ],
    [
      [3.1365198722e-05, 0.095136883957, 0.62889894781, 0.27593280304],
      [0.32765701739, 0.3301793135, 0.30843704791, 0.033726621208],
      [0.004003137522, 0.72275458284, 0.12482703529, 0.14841524434],
      [0.0018722945386, 0.076368799699, 0.91291828201, 0.0088406237511],
      [0.00014065266972, 0.36645611572, 0.18148220976, 0.45192102185],
      [0.085264269099, 0.32637076898, 0.27312924114, 0.31523572078]
    ],
    [
      [0.0001598865907, 0.049874957401, 0.67994813712, 0.27001701889],
      [0.60091684239, 0.15157584426, 0.21996205485, 0.027545258507],
      [0.011326440069, 0.57712440769, 0.20268461791, 0.20886453434],
      [0.0042954968823, 0.028984771645, 0.95649838905, 0.010221342423],
      [0.00031750586285, 0.24618043956, 0.202154599, 0.55134745557],
      [0.20827049032, 0.21043725824, 0.20897753072, 0.37231472072]
    ],
    [
      [2.2723402179e-05, 0.17359121349, 0.6066604224, 0.21972564071],
      [0.5049939074, 0.3219137046, 0.15873447122, 0.014357916781],
      [0.0072599911009, 0.8415439282, 0.076825118964, 0.074370961739],
      [0.0054127411564, 0.13563107364, 0.85084331039, 0.0081128748117],
      [0.00018414166023, 0.55575502634, 0.14556664515, 0.29849418684],
      [0.18455681669, 0.44171749918, 0.18975977546, 0.18396590866]
    ],
    [
      [2.1277673776e-05, 0.15126932904, 0.52981992456, 0.31888946873],
      [0.37380156783, 0.40844479917, 0.18920456936, 0.028549063639],
      [0.0043846195716, 0.81221549107, 0.07127500876, 0.1121248806],
      [0.0036828419487, 0.13976549401, 0.84330052828, 0.013251135759],
      [0.00032080630579, 0.48044224452, 0.12528319086, 0.39395375831],
      [0.1027334955, 0.43553281002, 0.18261242215, 0.27912127233]
    ],
    [
      [7.9470161647e-05, 0.13719596192, 0.64017145, 0.22255311792],
      [0.32553754857, 0.3979407393, 0.25273853726, 0.023783174869],
      [0.0034204399591, 0.80317027282, 0.099286381217, 0.094122906001],
      [0.0017025712201, 0.1042395413, 0.88513780592, 0.0089200815614],
      [0.00020029612365, 0.48360171994, 0.18125939933, 0.33493858461],
      [0.090505285773, 0.42622977067, 0.25148435379, 0.23178058977]
    ],
    [
      [0.00032292625609, 0.1510796496, 0.62207911041, 0.22651831374],
      [0.44143316217, 0.33438403942, 0.20472426791, 0.019458530502],
      [0.005949987229, 0.81048205426, 0.091677235068, 0.091890723444],
      [0.0038212160415, 0.11046285587, 0.87650782634, 0.009208101751],
      [0.00040216132635, 0.49855519772, 0.16776043526, 0.33328220569],
      [0.1418574728, 0.416173859, 0.22241217793, 0.21955649027]
    ],
    [
      [1.3125734711e-06, 0.11895442308, 0.63764963252, 0.24339463182],
      [0.45399391153, 0.31579460545, 0.21161721288, 0.01859427014],
      [0.0065423026685, 0.80017634599, 0.099438750002, 0.093842601339],
      [0.0039398784007, 0.10462687411, 0.88283409445, 0.0085991530413],
      [0.00019970334057, 0.48794817775, 0.16904602595, 0.34280609296],
      [0.15444696686, 0.39839059095, 0.22713902951, 0.22002341268]
    ],
    [
      [0, 0.13849680664, 0.7065856709, 0.15491752246],
      [0.31823086939, 0.38609995522, 0.28086134678, 0.01480782862],
      [0.0037915548073, 0.82406639993, 0.10866844983, 0.063473595426],
      [0.0019704850302, 0.098137902367, 0.8958109102, 0.0040807024072],
      [0.00016788329411, 0.54688525172, 0.19880199322, 0.25414487177],
      [0.09872477645, 0.45182908628, 0.28505747539, 0.16438866188]
    ],
    [
      [0.0002071095195, 0.09776852838, 0.71248167501, 0.18954268709],
      [0.46820101962, 0.2499969524, 0.26363838948, 0.018163638496],
      [0.0077143895841, 0.74651720543, 0.1385795414, 0.10718886358],
      [0.0037956541417, 0.064921869791, 0.92221717811, 0.0090652979559],
      [0.000384825801, 0.41352686516, 0.22916589872, 0.35692241032],
      [0.15306152948, 0.32580335435, 0.30533779135, 0.21579732482]
    ],
    [
      [1.5694756489e-05, 0.12750779364, 0.64022863015, 0.23224788145],
      [0.38495422344, 0.34914699683, 0.24346243888, 0.022436340853],
      [0.0049263399125, 0.79008345494, 0.1041989869, 0.10079121825],
      [0.002866644612, 0.098327805191, 0.89009410245, 0.008711447747],
      [0.00025140689554, 0.46593232651, 0.18149067909, 0.35232558751],
      [0.11956835223, 0.40321475224, 0.2338648187, 0.24335207682]
    ],
    [
      [1.8154489189e-06, 0.1242510047, 0.66705189762, 0.20869528224],
      [0.45296047213, 0.3032254045, 0.22652757044, 0.017286552925],
      [0.0067309160152, 0.7941951544, 0.10893091608, 0.090143013502],
      [0.0036887301082, 0.094070361347, 0.89482948749, 0.0074114210572],
      [0.00033695453636, 0.48086209695, 0.19497238834, 0.32382856018],
      [0.15440101626, 0.38791470541, 0.25225782624, 0.20542645208]
    ],
    [
      [5.8236943101e-05, 0.14954812894, 0.64144541502, 0.2089482191],
      [0.47003967675, 0.31882517781, 0.19525666118, 0.015878484256],
      [0.006786908596, 0.82009604875, 0.091757180717, 0.081359861934],
      [0.004272639174, 0.11242440648, 0.87570208281, 0.007600871545],
      [0.00028840309841, 0.52112246763, 0.17015542351, 0.30843370576],
      [0.16381512408, 0.41857109573, 0.22421529679, 0.1933984834]
    ],
    [
      [2.8746795793e-06, 0.12773055464, 0.67050825269, 0.20175831799],
      [0.4510237903, 0.30582537565, 0.22656940828, 0.016581425772],
      [0.0066904684909, 0.79728332541, 0.10987313288, 0.086153073221],
      [0.0037153744959, 0.095137128685, 0.89391994864, 0.0072275481777],
      [5.425656086e-05, 0.50013484825, 0.17307637739, 0.3267345178],
      [0.15353453437, 0.39275051814, 0.25577198257, 0.19794296492]
    ],
    [
      ["NaN", "NaN", "NaN", "NaN"],
      [1, 0, 0, 0],
      [0.099490380407, 0.90046913962, 4.0479968456e-05, 0],
      [0.15050961959, 0.34953086038, 0.49995952003, 0],
      ["NaN", "NaN", "NaN", "NaN"],
      ["NaN", "NaN", "NaN", "NaN"]
    ],
    [
      [4.4499747449e-05, 0.052723744421, 0.78812495106, 0.15910680477],
      [0.39896076334, 0.19593985836, 0.38540769743, 0.019691680878],
      [0.0068227053794, 0.61549385445, 0.2539444952, 0.12373894497],
      [0.0033619934175, 0.021113294952, 0.96657910378, 0.0089456078511],
      [0.00050185886066, 0.30120337919, 0.32381765217, 0.37447710978],
      [0.10919280143, 0.22311200077, 0.45938952356, 0.20830567424]
    ],
    [
      [0, 0.10060644596, 0.4859062091, 0.41348734494],
      [0.23243066384, 0.46075199383, 0.24767326872, 0.059144073615],
      [0.001065230551, 0.70013588313, 0.11470935577, 0.18408953055],
      [0.00080522396796, 0.11253344696, 0.87564081308, 0.011020515995],
      [0, 0.32923317222, 0.086508586399, 0.58425824138],
      [0.039881229763, 0.32954750409, 0.20269399261, 0.42787727353]
    ],
    [
      [5.3951416846e-05, 0.13360460023, 0.64370793143, 0.22263351692],
      [0.46493016083, 0.30621613289, 0.20998071186, 0.018872994425],
      [0.0062964921509, 0.79522182907, 0.10305641971, 0.095425259071],
      [0.0036960217369, 0.10047397176, 0.88719102718, 0.0086389793285],
      [0.00029843179438, 0.4782953446, 0.17727745526, 0.34412876834],
      [0.14695431068, 0.39464730727, 0.23928850987, 0.21910987219]
    ],
    [
      [0, 0.12417592186, 0.66411571559, 0.21170836256],
      [0.5086387841, 0.27895541472, 0.19534037259, 0.017065428596],
      [0.0077746824629, 0.79080551699, 0.10695703188, 0.094462768661],
      [0.0039369442125, 0.092842809898, 0.89521094491, 0.0080093009768],
      [0.00053710623184, 0.46855183549, 0.19889225337, 0.3320188049],
      [0.17701760898, 0.3704612169, 0.24621414631, 0.20630702781]
    ],
    [
      [0.0001958165958, 0.085603234178, 0.68606747767, 0.22813347155],
      [0.46301680437, 0.23859204621, 0.27530953774, 0.023081611685],
      [0.0081447780527, 0.70506749672, 0.15132600115, 0.13546172408],
      [0.0040929402603, 0.060302563583, 0.92667437391, 0.0089301222426],
      [0.00032332995771, 0.36246119556, 0.21872305642, 0.41849241806],
      [0.15499467507, 0.29679258525, 0.27383653426, 0.27437620542]
    ],
    [
      [3.6925094566e-05, 0.1532419596, 0.66070842459, 0.18601269071],
      [0.30771050282, 0.41830789104, 0.25588560589, 0.01809600026],
      [0.0032792072277, 0.83107845407, 0.09395150216, 0.071690836546],
      [0.0017238284016, 0.11244887082, 0.87948294362, 0.0063443571576],
      [0.00012041386236, 0.54610693379, 0.17128323315, 0.2824894192],
      [0.0911923607, 0.46779936689, 0.25228854918, 0.18871972324]
    ],
    [
      [3.9355194403e-05, 0.14083029119, 0.62450475089, 0.23462560272],
      [0.36162264664, 0.37660173149, 0.23940801052, 0.022367611348],
      [0.0043993781957, 0.80551117922, 0.094657678524, 0.09543176406],
      [0.0027758488245, 0.10911133256, 0.8789552307, 0.009157587917],
      [0.00019907176703, 0.49159075972, 0.16065851597, 0.34755165254],
      [0.11445910433, 0.43424339541, 0.20439413811, 0.24690336215]
    ],
    [
      [3.5320045609e-05, 0.15481584111, 0.56699095593, 0.27815788292],
      [0.29540388715, 0.4457447861, 0.23009448527, 0.028756841477],
      [0.0027905285727, 0.81436744374, 0.078469891378, 0.10437213631],
      [0.0016483769032, 0.12822225678, 0.85863043366, 0.011498932657],
      [0.00014334571768, 0.48783079995, 0.14171648587, 0.37030936846],
      [0.080814298357, 0.45251305309, 0.19141359449, 0.27525905406]
    ],
    [
      [6.8043203168e-05, 0.12966722598, 0.65781177836, 0.21245295246],
      [0.40980637278, 0.333144675, 0.23749688084, 0.019552071381],
      [0.005580999223, 0.79583081878, 0.10580801934, 0.092780162653],
      [0.0032203189898, 0.096982160027, 0.89181644041, 0.0079810805776],
      [0.0002065154354, 0.48335734042, 0.18034851556, 0.33608762859],
      [0.13169380671, 0.40175063112, 0.24701344864, 0.21954211353]
    ],
    [
      [5.5128716681e-05, 0.21228303839, 0.58262641365, 0.20503541924],
      [0.35748435896, 0.45168906721, 0.17578593216, 0.015040641674],
      [0.004514364089, 0.87228489817, 0.06505987933, 0.058140858408],
      [0.0043662667341, 0.16442346825, 0.82459058889, 0.006619676125],
      [0.00028635848696, 0.62207724877, 0.12639223095, 0.25124416179],
      [0.11416061111, 0.53653050264, 0.17848987618, 0.17081901007]
    ],
    [
      [0.00037782347044, 0.12780886448, 0.61105863536, 0.26075467669],
      [0.47612720147, 0.30120130776, 0.19999163439, 0.022679856385],
      [0.0066696184824, 0.78054319544, 0.096758444585, 0.1160287415],
      [0.003938584816, 0.10067003509, 0.88462241741, 0.01076896268],
      [0.00035062253298, 0.44136506908, 0.16635889202, 0.39192541636],
      [0.15150489102, 0.36992250924, 0.22133341448, 0.25723918527]
    ],
    [
      ["NaN", "NaN", "NaN", "NaN"],
      ["NaN", "NaN", "NaN", "NaN"],
      [0, 0.78477568318, 0.096721154137, 0.11850316269],
      [0, 0.056285579752, 0.92477243567, 0.018941984577],
      ["NaN", "NaN", "NaN", "NaN"],
      ["NaN", "NaN", "NaN", "NaN"]
    ],
    [
      [3.2042449551e-05, 0.13874732083, 0.64325184616, 0.21796879056],
      [0.38933437675, 0.35567706035, 0.23507492396, 0.01991363894],
      [0.0050685461357, 0.80706448899, 0.097821669613, 0.090045295259],
      [0.0030794388122, 0.10512581041, 0.88383031018, 0.0079644406008],
      [0.00026385559593, 0.49482434048, 0.17808102348, 0.32683078045],
      [0.1229945508, 0.41864144484, 0.2401104976, 0.21825350676]
    ],
    [
      [8.217197343e-06, 0.12586362299, 0.62319883334, 0.25092932647],
      [0.43185280639, 0.32200664999, 0.22384363088, 0.022296912748],
      [0.0060234677832, 0.78641907101, 0.098906182609, 0.1086512786],
      [0.0036515362107, 0.099799789372, 0.88681272312, 0.0097359512923],
      [0.00028111675073, 0.45536783663, 0.16930679752, 0.37504424909],
      [0.1351659207, 0.38411804136, 0.23522486366, 0.24549117429]
    ],
    [
      [0, 0.12297886756, 0.62508166963, 0.25193946281],
      [0.5624700026, 0.24706535785, 0.1732463816, 0.017218257964],
      [0.0091914659755, 0.78148186784, 0.10127566849, 0.1080509977],
      [0.0048923115221, 0.10065745705, 0.8848528187, 0.0095974127239],
      [0, 0.45604969654, 0.16160531726, 0.3823449862],
      [0.21227374184, 0.34932527257, 0.21358077313, 0.22482021245]
    ],
    [
      ["NaN", "NaN", "NaN", "NaN"],
      [0.52430981565, 0.23561485897, 0.22489409825, 0.015181227122],
      [0.0095249352339, 0.78072388443, 0.14104535225, 0.068705828087],
      [0.0042828651658, 0.074172971687, 0.91661219291, 0.0049319702378],
      [0.00056563980351, 0.48699160079, 0.25310149104, 0.25934126837],
      [0.26807363414, 0.41228666346, 0.12125461155, 0.19838509085]
    ]
  ],
  "expected_outcome": [
    [
      [0.00092148728478, 0.0010856869863, 0.0016235572924, 0.0019042618258, 0.00072280199537, 0.0010455788751, 0.00094614670235, 0.00090650139568, 0.00058616628802, 7.3301753645e-05, 0.00060205495461, 0.00055352578049, 0.0017697037309, 0, 0.0007213995706, 0.001598865907, 0.00036357443487, 0.00025533208531, 0.0020662242028, 0.0045209675852, 2.6251469421e-05, 0, 0.0010355475975, 0.0010986329542, 6.3540712161e-05, 0.0016306344068, 6.3242950744e-05, 0, 0.00013349924235, 0, 0.0012408825875, 0, 0.0017623493622, 0.0011816030261, 0.0015348525817, 0.0011655615051, 0.0027217281267, 0.001378217917, 0.0052895285862, 0, 0.0072736360481, 0.00012325796015, 0, 0],
      [1.8199421985, 3.6549926682, 2.4917130654, 1.3221494476, 5.7708570091, 5.0612480957, 3.3043590515, 3.4645172558, 5.6679140878, 1.1324123239, 7.0382024476, 1.7017950432, 1.8354446156, 0, 2.188148331, 0.49874957401, 2.7774594158, 1.8152319485, 3.5670950099, 2.1151150943, 2.3790884617, 2.2159489062, 0.4888426419, 8.925545555, 4.3487851644, 4.1873476103, 2.8100722021, 0, 0.15817123326, 0.20121289192, 3.0729058054, 2.2351665934, 0.7704291076, 4.9037427072, 5.4923813565, 5.1089227565, 5.1866890392, 5.3070759597, 1.7893241028, 0, 31.4956418284, 1.8879543449, 4.5502180997, 0],
      [9.8899196816, 18.2226412471, 12.387124478, 12.5999009445, 42.6825514406, 24.6478575509, 26.9526628172, 16.1432929098, 29.252630762, 7.3332448694, 37.3470194585, 3.3490108721, 12.8509873339, 0, 14.4646757996, 6.7994813712, 9.7065667584, 6.3578390947, 16.6444577001, 8.7091075458, 12.7529926504, 11.3053707344, 3.562408375, 44.8160041107, 23.3468164167, 17.9604716205, 14.7511815591, 0, 2.3643748532, 0.97181241821, 14.8052824228, 11.9540828806, 6.174607299, 21.142669587, 24.3556852847, 18.7107015457, 26.3124711344, 14.5656603413, 8.554820895, 0, 146.0181690789, 9.3479825001, 23.1280217762, 0],
      [3.2892166326, 7.1212803977, 4.1195388993, 4.0760453461, 10.5458687482, 10.2898487745, 11.7420319846, 8.3912833331, 9.0788689839, 2.5342695049, 13.6141760389, 1.948640559, 2.3117983467, 0, 6.3464544699, 2.7001701889, 3.5156102514, 3.8266736247, 5.7863810658, 3.1712563923, 4.8678926365, 2.4786803594, 0.94771343546, 16.2573517013, 7.3043348783, 5.8505501348, 4.4386829959, 0, 0.47732041432, 0.82697468988, 5.1205708893, 3.810750526, 2.053201244, 5.9524061028, 9.1503985062, 9.1792101363, 8.4981180983, 5.125885481, 3.6505654737, 0, 49.4789154567, 3.763939897, 9.3217601241, 0]
    ],
    [
      [12.426195494, 16.3700521093, 22.7451405552, 14.3218974729, 29.5715067642, 41.7706177652, 11.5193021512, 11.7914275067, 24.613860099, 12.8983117194, 36.1950870572, 5.5333254633, 13.6040196886, 1.8751871002, 22.6083341996, 3.6055010543, 35.3495735177, 29.1565222908, 31.2516046628, 30.4588881898, 61.2891780568, 17.1844669469, 7.4912163139, 43.8847814724, 63.4144660988, 56.8748008864, 47.8085217716, 1, 2.7927253434, 4.6486132767, 16.73748579, 70.7007909895, 18.5206721746, 28.3093662591, 33.6309061376, 30.7220042637, 61.0611495441, 43.6130917928, 28.0915048865, 0, 239.4406417036, 26.7748739961, 134.9928006228, 18.3508435479],
      [9.5687692811, 16.0512551092, 18.637119114, 10.0619067583, 28.0313057441, 26.2572079104, 11.2786627455, 10.3379766742, 27.7065349929, 12.3824727625, 46.0266669892, 6.8771244365, 10.9461860072, 2.2183872873, 22.7823726312, 0.90945506554, 22.5339593221, 31.8586943352, 38.2023109727, 23.0724987199, 42.6322717353, 20.8493975816, 3.9999512384, 39.8027576382, 42.4515566302, 38.5778465153, 32.4174898192, 0, 1.3715790085, 9.2150398766, 11.0237807839, 38.7748026461, 9.5436818482, 38.4843259754, 35.0239610287, 46.3574577543, 49.6385565753, 55.106066199, 17.7708771576, 0, 218.7413921143, 19.9644122992, 59.2956858829, 8.2465200641],
      [7.3645360605, 11.4378884413, 13.4876811795, 13.5203137284, 28.6663674052, 18.0806102555, 7.4580097982, 6.0828567385, 20.1006433731, 9.8762818996, 34.6381988568, 2.2590623319, 10.9593910356, 0.90642561244, 21.2821563058, 1.3197723291, 11.1114129856, 14.7579564101, 24.2628995771, 14.1259744856, 28.568323739, 15.166512726, 4.2182142318, 27.7547180321, 31.7138598616, 23.6260560034, 24.0163572774, 0, 2.697853882, 4.9534653744, 7.5593056268, 27.1523117896, 11.0123815098, 23.5414757416, 22.2649449784, 23.9298264683, 35.3870352448, 21.4458837239, 11.7995064292, 0, 144.571078234, 13.8783051143, 41.5791315829, 7.8712934388],
      [0.64049916434, 1.1408043402, 1.1300591513, 1.0958820404, 1.7308200865, 1.8915640689, 0.74402530513, 0.78773908067, 1.578961535, 0.84293361857, 3.1400470968, 0.33048776829, 0.49040326862, 0, 2.3271368634, 0.16527155104, 1.0050541746, 2.2268269639, 2.2831847874, 1.3426386046, 2.5102264689, 0.79962274547, 0.29061821593, 2.5577428573, 2.4201174095, 1.921296595, 1.7576311318, 0, 0.13784176615, 1.1828814723, 0.67942779929, 2.3720945748, 0.9232644674, 1.6648320239, 2.0801878553, 2.9907115136, 2.9132586358, 1.8349582843, 1.3381115267, 0, 12.2468879481, 1.3824085904, 4.1323819114, 0.53134294926]
    ],
    [
      [1.0478742494, 1.2416624527, 1.1861913861, 0.42277015468, 1.5679615273, 2.3878421229, 0.9189459309, 0.99009655772, 1.752951803, 1.0019755262, 1.3969863889, 0.7856034898, 0.54643527392, 0.076946199484, 0.60447376582, 0.18122304111, 1.9456776151, 0.74538532717, 0.57121347317, 0.97579790555, 2.4533635007, 0.54219233744, 0.37800508962, 2.0345783839, 2.665442742, 2.1853845679, 1.6324743118, 0.39796152163, 0.15009951835, 0.03195691653, 1.5048616241, 0.91741253062, 0.73303002474, 0.69191272505, 1.1746339782, 0.63624051457, 1.451059798, 1.4626539648, 0.52689986011, 0, 10.9176483764, 1.2348108956, 5.3402417318, 0.48577169693],
      [147.7107029289, 224.5094327539, 168.6729490336, 50.5480755821, 257.9325791255, 270.3984618011, 164.8449546444, 159.7906102804, 373.1629120503, 170.6729965211, 355.9460885971, 165.9548118466, 75.0364229562, 4.606917671, 109.1359420087, 9.233990523, 225.5337727566, 138.0766334825, 134.1294355614, 132.9190568984, 300.0661297463, 117.8414951907, 36.5793430663, 326.3044668904, 314.5012811424, 264.0709276984, 194.5371314002, 3.6018765585, 13.540864798, 21.0040764939, 190.0580171485, 93.3150510051, 63.4560747044, 175.3575538079, 215.0714848517, 185.6757771718, 206.9160128834, 282.6203070081, 61.6629124394, 5.4934297822, 1738.4169092908, 161.2159095569, 454.0409652148, 39.8169181058],
      [21.7850609351, 30.6207528403, 22.7814948228, 12.003507633, 48.7318721318, 34.4912761598, 21.6076339648, 18.0330095143, 50.119260054, 25.2814909652, 49.2381075923, 7.7948855715, 13.6633737278, 0.31613612947, 18.8488823294, 3.2429538865, 20.5891318822, 12.1167514891, 16.5808256632, 15.0350665512, 37.2895312509, 15.5395883259, 6.7903975286, 43.0341815886, 43.1366427687, 29.5458121909, 26.8090444221, 0.00016191987383, 5.5867788944, 3.4412806731, 24.6304843096, 12.6209297623, 13.6193401035, 19.8237669558, 25.273600166, 17.8911352341, 27.5100850289, 21.0794009029, 7.6439171222, 0.67704807896, 210.7078763456, 20.2757674348, 58.8411633907, 7.1933129648],
      [19.4563618866, 31.6281519531, 20.3593647575, 11.0256466302, 31.7675872155, 38.7224199162, 21.6284654599, 24.1862836476, 41.9648760927, 23.0435369874, 48.4188174216, 14.4646990922, 6.7537680421, 0, 22.4107018961, 3.3418325494, 19.9314177461, 19.0612297012, 15.7185253022, 15.0700786449, 35.1909755021, 9.076724146, 5.2522543155, 41.6267731372, 35.6966333468, 26.1978755428, 21.0213498659, 0, 2.7222567893, 5.5226859164, 22.8066369179, 11.146606702, 12.1915551674, 15.1267665113, 25.480281004, 23.7968470795, 24.1228422897, 18.8376381242, 9.1662705782, 0.82952213881, 193.9575659872, 22.2735121127, 62.7776296627, 3.5039972325]
    ],
    [
      [0.64131609747, 0.7387077767, 0.8389374889, 0.79349855816, 1.2758396163, 1.6249812181, 0.57183376286, 0.64676763204, 0.84881781595, 0.48097944565, 0.84273567572, 0.22581752888, 0.72894646709, 0.0088653362979, 0.73393945915, 0.50257313523, 1.2286922425, 0.92439332912, 0.62995135142, 0.55789754206, 2.2851294724, 0.80001692225, 0.36058714346, 2.6258464646, 2.9288517059, 2.038048886, 1.9505716103, 0.60203847837, 0.39335322984, 0.040261198398, 0.79464467344, 1.6968229556, 0.63849868061, 0.89121928361, 1.7765432477, 0.85221085896, 2.2574436118, 2.1962321672, 0.69712951244, 0, 9.6509612375, 1.0041724579, 3.3218795235, 0.62101544905],
      [18.7634775185, 28.9295432541, 24.8976349495, 13.6186514565, 43.0567132569, 40.0038144024, 23.338901375, 22.5112345156, 39.5768166517, 17.3156344006, 58.4978898966, 10.399862414, 17.8160751601, 0.34168869535, 29.9365694818, 3.3912182825, 30.7882537161, 35.0811389975, 38.5686302807, 16.1275769569, 60.6835869839, 39.8439883612, 6.1675776301, 90.0682695547, 74.6918669097, 53.6264418888, 49.9469925596, 1.3981234415, 2.4702555094, 5.6266723478, 21.6019039276, 40.0152510659, 9.407199919, 58.1360662135, 69.8312528371, 66.2909067533, 67.9844941791, 82.7050045309, 17.8185962116, 0.50657021777, 329.4642898308, 27.4449420773, 68.3464133403, 10.7550808946],
      [188.7874088448, 263.5403388574, 230.082799354, 255.2275059749, 561.7594323622, 351.4980082413, 186.9541210509, 169.6357606864, 367.4637130399, 175.5121283558, 557.1658054148, 44.6719670926, 226.5625777142, 1.6494459683, 357.8639665486, 111.9103115188, 193.1414314591, 211.6684325979, 327.5009881902, 127.9701426454, 512.0437747797, 363.6992295393, 87.6106319206, 815.3261978445, 710.494613065, 417.7098934982, 469.3079730367, 1.9998380801, 113.0897551422, 43.782040654, 190.7460708433, 385.8359172575, 144.5612023306, 454.6926818525, 562.5313476483, 443.9119342043, 625.1633247242, 414.769066211, 156.5781678816, 8.322951921, 2769.9241920889, 243.8734988594, 600.8150638966, 132.9087679719],
      [1.8077975392, 2.7914101118, 2.1806282076, 2.3603440105, 3.9080147646, 3.8731961382, 2.1351438113, 2.206237166, 3.1106524925, 1.691257798, 5.4935690129, 0.70235296446, 0.89240065863, 0, 3.4655245104, 1.1958970635, 1.8416225822, 3.3260350755, 3.3004301777, 1.3443828556, 4.987508764, 1.6567651773, 0.86120330581, 7.9796861362, 5.8846683194, 3.625615727, 3.7944627933, 0, 1.0466361186, 0.55102579976, 1.8573805556, 3.452008721, 1.3930990698, 3.2800326505, 5.8608562669, 5.9449481835, 5.5947374849, 3.3296970909, 1.9061063943, 0.17047786119, 24.9605568428, 2.6773866054, 6.5166432395, 0.71513568448]
    ],
    [
      [0.019299284479, 0.019537627112, 0.018384899421, 0.0094450274694, 0.023927927755, 0.031357024043, 0.018428044739, 0.020247280133, 0.021418608876, 0.01529891753, 0.020517549226, 0.016141313367, 0.014177775534, 0.039001363992, 0.0061887174675, 0.0015875293143, 0.0162044661, 0.016040315289, 0.011016286801, 0.016890775707, 0.014378640521, 0.0052043821174, 0.00384825801, 0.029666013674, 0.043130180654, 0.01989981379, 0.002333032117, 0, 0.0085316006312, 0, 0.022680816373, 0.02041003681, 0.0061432691965, 0.0057798653933, 0.01274059309, 0.010464237391, 0.013423503301, 0.018613301652, 0.012622411187, 0, 0.15461937921, 0.012369137032, 0, 0.0062220378386],
      [29.4274379172, 45.7002202289, 37.5491841727, 9.5459028966, 42.3231900914, 51.1933068395, 33.4972488366, 31.7466659455, 62.5380091581, 25.956059597, 68.6789174509, 24.7461670401, 19.9002672078, 0.83300634627, 16.1240690917, 1.2309021978, 48.9064423181, 24.022112226, 26.5980945966, 20.9393183044, 35.1322687977, 16.9534428034, 4.1352686516, 54.9800145287, 61.5503484098, 35.9574502667, 21.5057984748, 0, 5.1204574462, 1.6461658611, 36.3504461893, 17.8049697488, 6.8867627157, 26.2131328219, 31.4618086223, 35.6116483961, 31.4182271272, 40.4350211702, 15.8891424869, 0, 289.9670635185, 20.0361848119, 42.8686714745, 5.3569076086],
      [12.2548879419, 17.5936241689, 14.0652899663, 6.9813963649, 23.8264592072, 18.9943059633, 12.4158863394, 10.2547107172, 24.6967669457, 11.4349779403, 27.6744163429, 3.8856734843, 10.2708526778, 0.12799228974, 7.9852172293, 1.010772995, 12.8098647734, 6.2641595431, 9.9692669633, 7.0459382811, 12.1713138685, 6.1628617897, 2.2916589872, 21.415900132, 24.9564657071, 11.7407242221, 7.4422842276, 0, 5.504900087, 0.43254293199, 13.4730866001, 7.557905628, 4.155738072, 8.2215951911, 10.2821450223, 10.3453034687, 11.7226535113, 8.2154950119, 5.9889201128, 0, 104.3554797567, 7.4494990909, 15.1908998223, 2.7841164014],
      [23.2983748564, 38.6866179751, 27.3671409615, 12.4632557111, 30.8264227736, 43.7810301732, 26.0684367792, 28.9783760572, 41.7438052874, 20.5936635451, 55.626148657, 12.3520181623, 10.8147023389, 0, 19.8845249614, 2.7567372779, 26.2674884424, 19.6976879157, 18.4216221533, 13.9978526388, 24.6820386933, 7.8784910247, 3.5692241032, 41.5744193256, 41.4500557025, 21.2819256975, 14.0495842655, 0, 6.3661108662, 2.9212912069, 26.1537863942, 12.6167145864, 7.9513559431, 13.5594921215, 22.2433057623, 27.0325838978, 21.8456958583, 16.3308705162, 14.1093149891, 0, 191.5228373456, 16.5019469602, 35.9404287032, 2.8527539521]
    ],
    [
      [1.8643933874, 4.6289543472, 2.209722113, 1.450484525, 2.5600413624, 7.1841562908, 1.9705439635, 2.550554522, 3.7623655069, 3.6033610895, 3.544071274, 1.4385586788, 2.1046510912, 0, 2.0463424584, 2.7075163741, 6.4594885842, 2.1574034056, 2.5341480016, 1.9860046193, 8.9579240781, 2.4681194112, 0.76530764741, 4.4240290325, 6.9480457319, 6.8802352115, 4.6060360312, 0, 0.65515680857, 0.27916860834, 2.9390862135, 5.6645634875, 3.0998935015, 3.1005402638, 2.4036411908, 1.7779145639, 4.2142018147, 5.7080305556, 1.6665538012, 0, 25.8288556672, 2.9736502554, 16.3450781219, 0.53614726829],
      [5.7096701557, 17.1545559858, 6.7513996649, 3.9033138589, 8.885354773, 17.0859609509, 7.735873347, 9.1489953286, 16.3478130592, 12.5404243948, 16.8122346186, 8.3202392197, 6.4656040531, 0, 7.8328984555, 2.7356843572, 15.4601124713, 9.1461890103, 11.9344335787, 5.826434026, 23.1066542752, 11.2957271569, 1.6290167717, 14.9189458331, 17.4561617436, 17.5799860205, 11.7825155442, 0, 1.3386720046, 2.3068325287, 7.8929461453, 11.8547589407, 5.9358517051, 15.9051784741, 9.1191113036, 9.955287168, 12.8560201958, 26.8265251321, 4.0691476016, 0, 87.9147034171, 8.4505969099, 26.8980459878, 0.82457332692],
      [3.9181865361, 10.584754445, 4.1956101993, 4.6673753544, 7.3333174529, 10.2879418292, 4.6116860296, 4.8503694339, 10.3669858253, 8.5618759697, 10.9364523346, 2.0394006477, 5.6928175107, 0, 6.5551017873, 2.7167078994, 6.6415921413, 3.8348608651, 7.0415619061, 3.113770491, 13.1740637115, 7.1264368848, 1.5266889567, 8.6529982921, 11.3516021809, 9.417042465, 7.6731594771, 0, 2.7563371413, 1.4188579483, 4.7857701974, 7.878852682, 5.4767306851, 8.577810672, 4.2922769003, 4.2110990788, 7.9044303565, 8.9244938089, 2.4346675593, 0, 50.4232044959, 5.1749470004, 16.4457195313, 0.24250922309],
      [3.5077499208, 11.631735222, 3.8432680228, 3.9788262617, 5.2212864116, 11.4419409291, 4.6818966598, 6.4500807155, 8.5228356086, 8.294338546, 10.7072417728, 3.2018014538, 2.736927345, 0, 7.5656572988, 4.8400913693, 6.4388068032, 5.861546719, 6.4898565136, 3.0737908638, 12.7613579352, 4.1097165471, 1.0789866241, 9.0040268424, 9.2441903436, 8.1227363029, 5.9382889476, 0, 1.2498340455, 2.9951409147, 4.3821974438, 6.6018248898, 5.4875241083, 6.4164705901, 5.1849706052, 6.0556991893, 7.0253476331, 8.5409505034, 2.8296310379, 0, 45.8332364197, 5.4008058343, 17.311156359, 0.3967701817]
    ]
  ],
  "prob": [
    [4.1623734959e-05, 0.1288449734, 0.64383227321, 0.22728112966],
    [0.40921822814, 0.33939393219, 0.23083974297, 0.020548096707],
    [0.0054239473695, 0.79724546436, 0.10158858292, 0.095742005344],
    [0.0031494085276, 0.10073468989, 0.88781494223, 0.0083009593557],
    [0.00025539587934, 0.47874556101, 0.17769082697, 0.34330821614],
    [0.13091010136, 0.4025673505, 0.23843537406, 0.22808717408]
  ],
  "iterations": 240,
  "logLik": -529.4860996432,
  "time": 0.232568,
  "message": "Converged",
  "status": 0,
  "miniter": 0,
  "maxiter": 1000,
  "maxtime": 3600,
  "param_threshold": 0.001,
  "ll_threshold": "-Inf",
  "initial_prob": "group_proportional",
  "adjust_prob_cond_method": "project_lp",
  "adjust_prob_cond_every": false,
  "cond_prob_inv": [
    [
      [8.2272396383e-05, 8.6386507386e-05, 0.00010277378145, 0.00010174155657, 0, 3.9455806609e-05, 0, 0, 3.7817179872e-05, 0, 2.8669283553e-05, 7.4410482799e-05, 0.00012354201556, 0, 5.5492274662e-05, 0.00025871041275, 1.6158863772e-05, 0, 0.00011806995445, 0.00025778497667, 0, 0, 0.00019440761493, 2.6912837008e-05, 0, 4.7959835495e-05, 0, 0, 0, 0, 9.4342707706e-05, 0, 0.00011238442189, 7.1612304613e-05, 7.2931906363e-05, 6.8562441477e-05, 7.1602397807e-05, 7.7618828249e-06, 0.00034125990879, 1.1555045451e-05, 4.6034035597e-05, 0, 0, 0],
      [0.76711969415, 0.70066269073, 0.82646228671, 0.83945819812, 0.82539819096, 0.77294048846, 0.75883142487, 0.73365325881, 0.77722769123, 0.70193568731, 0.83424950527, 0.71470427854, 0.79419760449, 0.96061541849, 0.85392048914, 0.50332656652, 0.77129731252, 0.87782364463, 0.88135094454, 0.88804400179, 0.80169639371, 0.80030049553, 0.82051449319, 0.80717866434, 0.81678370028, 0.8220505816, 0.83833686546, 0.5, 0.72908355358, 0.92706678978, 0.75263143964, 0.88616104407, 0.79616825834, 0.8384207883, 0.8391356856, 0.87887908349, 0.87158724177, 0.81918067416, 0.89592666696, 0.73265469451, 0.82082396537, 0.82245241824, 0.82459412092, 0.89378608838],
      [0.073557234017, 0.062689412889, 0.051849982697, 0.029879945708, 0.053200921379, 0.054138333127, 0.069564399971, 0.068260172614, 0.06939409842, 0.064526429611, 0.045063518257, 0.086804134933, 0.03803191422, 0.024634335999, 0.028341776396, 0.029523364222, 0.052605986943, 0.025218241803, 0.020271919035, 0.033568588121, 0.039483878932, 0.031530227526, 0.049760278776, 0.045109902953, 0.04201560509, 0.038866654513, 0.035103843319, 0.25795437856, 0.046446489786, 0.012782766612, 0.077634000186, 0.013748054699, 0.036571732044, 0.026390096276, 0.035943273437, 0.024016005981, 0.025107805717, 0.029275905378, 0.020249876186, 0.11593147246, 0.045638303705, 0.045910780581, 0.043583106487, 0.029380270757],
      [0.050901717382, 0.043762076515, 0.041639291014, 0.047377849841, 0.048417660577, 0.043441336551, 0.049892359048, 0.051195009495, 0.040364981064, 0.036118230337, 0.040130270272, 0.037092400438, 0.049109705101, 0.0039900970349, 0.042020554943, 0.074112887673, 0.038762727645, 0.034473751292, 0.031652830317, 0.022328175292, 0.043260215238, 0.056979408815, 0.04883627566, 0.066726433729, 0.053951571864, 0.042746172479, 0.048755590066, 0.24204562144, 0.071501366565, 0.016104479359, 0.047975066769, 0.033767331842, 0.031334369762, 0.047022128038, 0.062476167828, 0.045921439441, 0.044545787513, 0.045705179835, 0.032183300445, 0.079928103665, 0.046741258409, 0.042765970486, 0.035455570436, 0.044325493359],
