{
  "Z_true": {},
  "V_true": [
    [29, 132, 1321, 598],
    [1971, 2575, 654, 123],
    [631, 7530, 960, 196],
    [302, 558, 15571, 380],
    [274, 1182, 1047, 389],
    [242, 418, 447, 337]
  ],
  "p_true": [
    [0.0139, 0.0635, 0.6351, 0.2875],
    [0.3703, 0.4837, 0.1229, 0.0231],
    [0.0677, 0.8082, 0.103, 0.021],
    [0.018, 0.0332, 0.9262, 0.0226],
    [0.0947, 0.4087, 0.362, 0.1345],
    [0.1676, 0.2895, 0.3096, 0.2334]
  ],
  "Z_est": {},
  "V_est": [
    [0, 451.7116, 872.0818, 756.2067],
    [2456.6783, 2313.9138, 552.4079, 0],
    [0, 8931.1885, 0, 385.8115],
    [0, 0, 16811, 0],
    [0, 698.1861, 1745.2112, 448.6027],
    [992.3217, 0, 19.2991, 432.3792]
  ],
  "p_est": [
    [0, 0.2172, 0.4193, 0.3636],
    [0.4615, 0.4347, 0.1038, 0],
    [0, 0.9586, 0, 0.0414],
    [0, 0, 1, 0],
    [0, 0.2414, 0.6035, 0.1551],
    [0.6872, 0, 0.0134, 0.2994]
  ],
  "EI_Z": {},
  "EI_V": 14.2555,
  "MAE_Z": {},
  "MAE_V": 449.8426,
  "MAE_p": 0.1178,
  "runtime": 0.0141
}
