{
  "X": [
    [58, 319, 612, 38],
    [3, 23, 29, 4],
    [2, 9, 42, 0],
    [1, 6, 18, 0],
    [2, 19, 12, 5],
    [69, 430, 345, 69],
    [143, 584, 1135, 96],
    [35, 175, 286, 33],
    [63, 190, 294, 46],
    [12, 66, 434, 15],
    [62, 293, 448, 42],
    [145, 623, 627, 107],
    [47, 233, 180, 42],
    [20, 123, 178, 27],
    [86, 397, 579, 59],
    [18, 118, 173, 17],
    [0, 6, 11, 2],
    [4, 10, 13, 2],
    [1, 8, 17, 4],
    [53, 349, 631, 49],
    [2, 16, 12, 2],
    [2, 14, 22, 6],
    [1, 14, 63, 2],
    [6, 16, 123, 9],
    [5, 3, 18, 2],
    [50, 307, 315, 32],
    [31, 237, 195, 27],
    [64, 412, 346, 51],
    [42, 213, 280, 28],
    [21, 167, 100, 22],
    [92, 421, 421, 45],
    [61, 324, 357, 44],
    [49, 266, 511, 48],
    [35, 167, 384, 21],
    [7, 21, 132, 9],
    [4, 17, 71, 3],
    [2, 7, 12, 1],
    [13, 75, 278, 17],
    [1, 11, 36, 1],
    [66, 261, 589, 37],
    [27, 171, 241, 23],
    [18, 111, 184, 20],
    [74, 41, 87, 37],
    [7, 70, 83, 9],
    [1, 4, 11, 0],
    [11, 158, 254, 16],
    [510, 2884, 4656, 462],
    [60, 313, 330, 64],
    [170, 749, 988, 151],
    [13, 147, 219, 14]
  ],
  "W": [
    [24, 82, 220, 580, 97, 24],
    [2, 5, 19, 27, 5, 1],
    [4, 6, 5, 34, 3, 1],
    [0, 4, 4, 15, 2, 0],
    [1, 4, 16, 13, 2, 2],
    [39, 67, 321, 326, 126, 34],
    [94, 142, 425, 1040, 211, 46],
    [35, 31, 117, 253, 66, 27],
    [40, 44, 134, 266, 90, 19],
    [25, 27, 41, 405, 22, 7],
    [43, 63, 226, 392, 88, 33],
    [69, 130, 444, 559, 230, 70],
    [21, 38, 184, 177, 69, 13],
    [21, 39, 79, 155, 35, 19],
    [75, 102, 286, 512, 121, 25],
    [8, 52, 71, 158, 20, 17],
    [0, 3, 5, 9, 2, 0],
    [1, 4, 5, 13, 4, 2],
    [0, 5, 6, 14, 4, 1],
    [44, 107, 234, 588, 82, 27],
    [2, 6, 12, 10, 1, 1],
    [4, 9, 11, 12, 4, 4],
    [0, 2, 7, 63, 7, 1],
    [19, 5, 6, 116, 5, 3],
    [5, 0, 4, 10, 8, 1],
    [22, 81, 216, 280, 83, 22],
    [20, 33, 185, 181, 59, 12],
    [53, 62, 338, 303, 98, 19],
    [17, 35, 146, 263, 85, 17],
    [2, 14, 146, 101, 32, 15],
    [36, 60, 344, 364, 147, 28],
    [44, 51, 257, 304, 114, 16],
    [43, 66, 179, 472, 79, 35],
    [26, 44, 105, 352, 59, 21],
    [10, 5, 14, 119, 16, 5],
    [2, 8, 12, 66, 6, 1],
    [0, 1, 5, 11, 3, 2],
    [18, 16, 60, 254, 22, 13],
    [3, 4, 8, 32, 1, 1],
    [47, 66, 174, 528, 104, 34],
    [16, 36, 113, 238, 42, 17],
    [14, 29, 88, 166, 26, 10],
    [30, 1, 46, 76, 79, 7],
    [7, 11, 53, 81, 13, 4],
    [0, 0, 1, 11, 3, 1],
    [13, 24, 114, 240, 29, 19],
    [423, 688, 2044, 4233, 895, 229],
    [31, 94, 234, 310, 60, 38],
    [79, 213, 563, 912, 188, 103],
    [15, 76, 66, 200, 20, 16]
  ],
  "method": "mvn_cdf",
  "mvncdf_method": "genz",
  "mvncdf_samples": 5000,
  "mvncdf_error": 1e-06,
  "cond_prob": [
    [
      [0.18800641979, 0.0070051668127, 0.80498841339, 7.4713914979e-35],
      [0.015525206206, 0.71519643091, 0.26927836289, 2.8298629995e-33],
      [0.033538550487, 0.92002541599, 0.046436033525, 8.4369653186e-30],
      [0.0016759727002, 0.03871421448, 0.95960981282, 2.0831740205e-25],
      [0.42731511845, 0.39795353551, 0.17473134604, 1.0746549666e-29],
      [0.16926977905, 0.38791293154, 0.44281728934, 6.8969818503e-11]
    ],
    [
      [0.14699222021, 0.0069111100443, 0.84609666975, 8.802065828e-35],
      [0.011306429973, 0.72813806603, 0.260555504, 3.2173353451e-33],
      [0.024055315359, 0.93291404704, 0.043030637598, 9.3434155308e-30],
      [0.0011659234106, 0.035901728782, 0.96293234781, 2.3127065827e-25],
      [0.38853239036, 0.42952500282, 0.18194260681, 1.3205196127e-29],
      [0.13559018666, 0.40495922963, 0.45945058363, 8.2642292277e-11]
    ],
    [
      [0.081742867626, 0.0031138161563, 0.91514331622, 5.389712654e-35],
      [0.01014687465, 0.53762229561, 0.45223082974, 3.1328320794e-33],
      [0.026966025282, 0.88040853141, 0.092625443313, 1.1297804489e-29],
      [0.00062605052104, 0.015356994144, 0.98401695534, 1.343354669e-25],
      [0.3687739647, 0.31398058828, 0.31724544702, 1.2924529462e-29],
      [0.10075865567, 0.24116775994, 0.65807358432, 6.6485453026e-11]
    ],
    [
      [0.044068876663, 0.0025285360116, 0.95340258733, 4.595674534e-35],
      [0.0067458300111, 0.50448133362, 0.48877283637, 2.9558683397e-33],
      [0.018991265606, 0.88161826111, 0.099390473287, 1.0932553546e-29],
      [0.0003397493449, 0.011669519651, 0.987990731, 1.0810403827e-25],
      [0.34326361501, 0.30781389158, 0.34892249341, 1.2649832211e-29],
      [0.065006271562, 0.21711681119, 0.71787691719, 6.18171022e-11]
    ],
    [
      [0.24838971116, 0.011453923608, 0.74015636523, 1.5666148791e-34],
      [0.012102481782, 0.83723639464, 0.15066112358, 3.8816793312e-33],
      [0.022986112755, 0.95480284601, 0.022211041237, 1.0043612666e-29],
      [0.0019939395594, 0.064755649798, 0.93325041064, 4.4962806653e-25],
      [0.44022510179, 0.46035959437, 0.099415303841, 1.497307059e-29],
      [0.36358406763, 2.0513369521e-32, 0.63641593213, 2.3730108484e-10]
    ],
    [
      [0.22089041917, 0.01123736221, 0.76787221862, 1.1175464946e-34],
      [0.012837900233, 0.80665773732, 0.18050436245, 2.9774002217e-33],
      [0.025292828088, 0.94630643179, 0.028400740118, 8.0994713932e-30],
      [0.0020124966655, 0.063401929978, 0.93458557336, 3.1806138318e-25],
      [0.38349358059, 0.48890825883, 0.12759816058, 1.231616423e-29],
      [0.15990448607, 0.50054097178, 0.33955454207, 8.2987669304e-11]
    ],
    [
      [0.21202963344, 0.0062928779806, 0.78167748858, 7.6037875375e-35],
      [0.019056809404, 0.69645064197, 0.28449254863, 3.1300214341e-33],
      [0.041754349781, 0.90843965083, 0.04980599939, 9.4698477847e-30],
      [0.0019573617445, 0.035923813905, 0.96211882435, 2.189725574e-25],
      [0.47681349623, 0.35442901545, 0.16875748832, 1.0864106826e-29],
      [0.19693465881, 0.35902685432, 0.4440384868, 7.24324028e-11]
    ],
    [
      [0.15912158861, 0.0083038425487, 0.83257456884, 9.0508912995e-35],
      [0.011501231232, 0.74536929537, 0.2431294734, 2.9996365383e-33],
      [0.024200986153, 0.93499445039, 0.040804563459, 8.7101301457e-30],
      [0.0013632242777, 0.044122900001, 0.95451387572, 2.425868185e-25],
      [0.35647133346, 0.46600706711, 0.17752159944, 1.2819728245e-29],
      [0.13495511468, 0.43434906436, 0.43069582089, 7.8686293917e-11]
    ],
    [
      [0.26243168126, 0.0068995034924, 0.73066881525, 8.94425991e-35],
      [0.022266422379, 0.72662764859, 0.25110592903, 3.4860595212e-33],
      [0.046856029475, 0.91099626637, 0.042147704154, 1.0122420181e-29],
      [0.0025605025578, 0.041798819459, 0.95564067798, 2.7343237065e-25],
      [0.52017491219, 0.34189729796, 0.13792778986, 1.1206569674e-29],
      [0.23154211768, 0.37494967088, 0.39350821136, 8.0914240477e-11]
    ],
    [
      [0.098116306879, 0.004200621515, 0.89768307161, 7.0901129589e-35],
      [0.010923888594, 0.58430223945, 0.40477387196, 3.6238289995e-33],
      [0.027856528704, 0.88995217885, 0.082191292443, 1.2730784803e-29],
      [0.00079692948074, 0.021217667873, 0.97798540265, 1.8064730906e-25],
      [0.34237398221, 0.36334315704, 0.29428286076, 1.5423621241e-29],
      [0.1085529138, 0.28651349143, 0.60493359469, 8.0218768615e-11]
    ],
    [
      [0.19836171054, 0.0064038357709, 0.79523445369, 7.6811793595e-35],
      [0.01749293111, 0.69853750443, 0.28396956446, 3.1081398411e-33],
      [0.038344780098, 0.91197818587, 0.049677034032, 9.4037721332e-30],
      [0.0017947390957, 0.035918071334, 0.96228718957, 2.1735395534e-25],
      [0.45666596027, 0.36857435656, 0.17475968317, 1.1194356252e-29],
      [0.18400790561, 0.36541459842, 0.4505774959, 7.3066937806e-11]
    ],
    [
      [0.24169579567, 0.0085411679209, 0.74976303641, 9.5675954394e-35],
      [0.017520037972, 0.76252327175, 0.21995669028, 3.1765250116e-33],
      [0.03582575128, 0.92823730198, 0.035936946738, 8.9701142105e-30],
      [0.0022908174273, 0.050060714044, 0.94764846853, 2.828749843e-25],
      [0.45800267508, 0.40561019158, 0.13638713334, 1.1525269856e-29],
      [0.19731349281, 0.42843993917, 0.37424656795, 8.0117520358e-11]
    ],
    [
      [0.30096734703, 0.010077115515, 0.68895553745, 1.0903327072e-34],
      [0.019253590663, 0.80218130504, 0.1785651043, 3.2106907108e-33],
      [0.037661246271, 0.93448361164, 0.027855142089, 8.665884509e-30],
      [0.0030336202335, 0.063218701826, 0.93374767794, 3.4516816513e-25],
      [0.48682630414, 0.40732000006, 0.10585369579, 1.1138522347e-29],
      [0.22416150142, 0.46284812111, 0.31299037739, 8.331671119e-11]
    ],
    [
      [0.15637994684, 0.0079374053496, 0.83568264781, 9.7142181133e-35],
      [0.011627723084, 0.73724792537, 0.25112435155, 3.3209568293e-33],
      [0.02466748928, 0.93289895564, 0.042433555078, 9.7176812632e-30],
      [0.001332376053, 0.042085487692, 0.95658213626, 2.5980180823e-25],
      [0.36068035049, 0.45727019548, 0.18204945403, 1.4094988286e-29],
      [0.13530037627, 0.42434282355, 0.4403568001, 8.6152259648e-11]
    ],
    [
      [0.22129628142, 0.0073871234283, 0.77131659515, 8.1319077923e-35],
      [0.017750030954, 0.73169268025, 0.25055728879, 2.9909183448e-33],
      [0.037489948692, 0.92024750804, 0.04226254327, 8.7215260323e-30],
      [0.0020523890854, 0.042429928867, 0.95551768205, 2.3562813554e-25],
      [0.46098605574, 0.38518626381, 0.15382768046, 1.0744892946e-29],
      [0.19293408142, 0.39603760371, 0.4110283148, 7.2717349274e-11]
    ],
    [
      [0.22860888441, 0.0071886105807, 0.76420250501, 8.0034862883e-35],
      [0.018419863171, 0.73036468443, 0.2512154524, 2.9930622176e-33],
      [0.038899216676, 0.91890670552, 0.0421940778, 8.7068276779e-30],
      [0.0021043811768, 0.04161548421, 0.95628013461, 2.3387092777e-25],
      [0.47884391235, 0.37173137111, 0.14942471654, 1.0423152596e-29],
      [0.20077355445, 0.39025299454, 0.40897345094, 7.2091113332e-11]
    ],
    [
      [0.00401897308, 0.0023707509826, 0.99361027594, 1.2653996035e-36],
      [0.0011343542672, 0.49673473907, 0.50213090666, 1.0499708613e-34],
      [0.0031269365324, 0.89271625006, 0.10415681341, 4.3418065471e-31],
      [4.9741561362e-05, 0.010761577428, 0.98918868101, 3.1702592583e-27],
      [0.032001927023, 0.44718616476, 0.52081190822, 6.490845912e-31],
      [0.0074442323544, 0.21900937897, 0.77354638868, 2.3079725006e-12]
    ],
    [
      [0.46506389402, 0.0068679124316, 0.52806819355, 7.4531237134e-35],
      [0.032492544549, 0.80270954281, 0.16479791264, 2.7951285253e-33],
      [0.061499892967, 0.91465915014, 0.023840956892, 7.1020429229e-30],
      [0.0048069320417, 0.05361765833, 0.94157540963, 2.99441758e-25],
      [0.71640621692, 0.22636226739, 0.057231515688, 5.6852711462e-30],
      [0.37676417966, 0.37223302159, 0.25100279869, 6.1977270971e-11]
    ],
    [
      [0.035479864132, 0.0026473007771, 0.96187283509, 8.2678292626e-35],
      [0.0053742584532, 0.4978288223, 0.49679691925, 5.3173557267e-33],
      [0.015387405647, 0.87824406731, 0.10636852705, 2.0617791306e-29],
      [0.00028481448586, 0.012486742915, 0.9872284426, 1.9544956158e-25],
      [0.21610164221, 0.36254567719, 0.4213526806, 2.6942956897e-29],
      [0.049072806508, 0.22173455843, 0.72919263496, 1.1090990425e-10]
    ],
    [
      [0.17859589638, 0.0075679354045, 0.81383616822, 8.0286083104e-35],
      [0.013920138569, 0.72909794286, 0.25698191858, 2.8701731273e-33],
      [0.029704961576, 0.92650738267, 0.043787655758, 8.4544365544e-30],
      [0.0015715200567, 0.041272018891, 0.95715646105, 2.2087453579e-25],
      [0.400766469, 0.42466513205, 0.17456839895, 1.140957573e-29],
      [0.15645783827, 0.40780833697, 0.43573382469, 7.2129338499e-11]
    ],
    [
      [0.27142181203, 0.0076552976797, 0.72092289029, 8.5565823775e-35],
      [0.01682078322, 0.7831630642, 0.20001615258, 2.9443659909e-33],
      [0.033423003997, 0.93625170829, 0.030325287708, 7.9251737881e-30],
      [0.002098339701, 0.04494525044, 0.95295640986, 2.5569495024e-25],
      [0.57612179598, 0.32334415992, 0.1005340441, 8.5998194148e-30],
      [0.22563205476, 0.42208591981, 0.35228202536, 7.4378719073e-11]
    ],
    [
      [0.062167329776, 0.0028355603311, 0.93499710989, 8.0131732733e-35],
      [0.0085047152609, 0.50292217153, 0.48857311321, 5.0665565141e-33],
      [0.024111375057, 0.86928206882, 0.10660655612, 1.9773038074e-29],
      [0.00048485641418, 0.013724525391, 0.98579061819, 1.9511112623e-25],
      [0.30200768803, 0.32632115354, 0.37167115843, 2.2782343944e-29],
      [0.079569964071, 0.22439295671, 0.69603707911, 1.0376178879e-10]
    ],
    [
      [0.045385392898, 0.0068386753463, 0.94777593176, 7.5235692392e-35],
      [0.0036294518348, 0.71437339275, 0.28199715542, 2.5923918625e-33],
      [0.0078601005604, 0.94439908409, 0.047740815351, 7.6470620427e-30],
      [0.00035148420822, 0.032429343055, 0.96721917274, 1.7891827677e-25],
      [0.15259869514, 0.5761493431, 0.27125196176, 1.4673593926e-29],
      [0.043792848413, 0.42240376416, 0.53380338736, 7.2145573872e-11]
    ],
    [
      [0.16374954619, 0.0067581638181, 0.82949229, 8.5193549497e-35],
      [0.01284760431, 0.71995815885, 0.26719423684, 3.1267876842e-33],
      [0.027312695749, 0.92766800476, 0.045019299487, 9.1285595968e-30],
      [0.0013770927156, 0.036328171121, 0.96229473616, 2.3075820947e-25],
      [0.40193731901, 0.41366775937, 0.18439492162, 1.2635545167e-29],
      [0.14884302911, 0.39306079038, 0.45809618043, 7.9248196933e-11]
    ],
    [
      [0.095878355351, 0.0010504787422, 0.90307116591, 4.9032974592e-35],
      [0.01938400326, 0.28586865689, 0.69474733985, 4.7026517055e-33],
      [0.076618689194, 0.72174923985, 0.20163207096, 2.5118894712e-29],
      [0.00074820872727, 0.0051608673634, 0.99409092391, 1.2291090946e-25],
      [0.50895820311, 0.12750144923, 0.36354034767, 1.4645944284e-29],
      [0.14142373779, 0.093289658917, 0.76528660322, 7.3086727198e-11]
    ],
    [
      [0.20375292169, 0.0083304739069, 0.7879166044, 8.326942675e-35],
      [0.014863004617, 0.7525074064, 0.23262958898, 2.7886882641e-33],
      [0.030863888797, 0.93059256929, 0.038543541918, 7.9926868838e-30],
      [0.0018376776599, 0.046618954481, 0.95154336786, 2.3508651881e-25],
      [0.41829896731, 0.42753853153, 0.15416250116, 1.0816701764e-29],
      [0.1701448176, 0.42819857597, 0.40165660636, 7.131783667e-11]
    ],
    [
      [0.19104537471, 0.010743523118, 0.79821110217, 9.9004308924e-35],
      [0.011391918801, 0.79632528117, 0.19228280003, 2.7121228105e-33],
      [0.022730507352, 0.94667691943, 0.03059257322, 7.4682534502e-30],
      [0.0016766028697, 0.058584177581, 0.93973921955, 2.7234226915e-25],
      [0.35665475439, 0.50186866355, 0.14147658206, 1.1679910836e-29],
      [0.14253659236, 0.49449626527, 0.36296714229, 7.5769600429e-11]
    ],
    [
      [0.21513447529, 0.0092485437252, 0.77561698099, 9.3790622715e-35],
      [0.014549941461, 0.77320361105, 0.21224644749, 2.9101606492e-33],
      [0.029577295446, 0.93597733299, 0.034445371562, 8.1677901649e-30],
      [0.0019622904524, 0.052271660582, 0.94576604897, 2.6740799322e-25],
      [0.41306202535, 0.44459448415, 0.1423434905, 1.1420754311e-29],
      [0.17102046651, 0.45239318646, 0.37658634695, 7.6490203877e-11]
    ],
    [
      [0.18476233609, 0.0089317173029, 0.80630594661, 8.6842521248e-35],
      [0.012720082869, 0.76297201311, 0.22430790402, 2.7421726663e-33],
      [0.026215378597, 0.93691561897, 0.036869002437, 7.7982027634e-30],
      [0.0016247412507, 0.04873789609, 0.94963736266, 2.3907053493e-25],
      [0.3809339811, 0.46090427626, 0.15816174264, 1.1318307289e-29],
      [0.15058237789, 0.4486618605, 0.40075576154, 7.2551501086e-11]
    ],
    [
      [0.24960768852, 0.010614416004, 0.73977789548, 1.0951211901e-34],
      [0.015076554925, 0.80413910532, 0.18078433975, 3.0574659017e-33],
      [0.029651086018, 0.94206199917, 0.02828691481, 8.2908677822e-30],
      [0.0023299822138, 0.062029038504, 0.93564097928, 3.2299725809e-25],
      [0.42805913008, 0.45300385811, 0.11893701182, 1.1777757439e-29],
      [0.18413958682, 0.48417147453, 0.33168893857, 8.2899780304e-11]
    ],
    [
      [0.21801554303, 0.0070453266946, 0.77493913027, 7.7545497461e-35],
      [0.018093929072, 0.72172160937, 0.26018446156, 2.9506397139e-33],
      [0.038612194174, 0.91706507085, 0.04432273498, 8.6931384433e-30],
      [0.0020166425798, 0.040352292462, 0.95763106496, 2.2406608887e-25],
      [0.46537689726, 0.37641790583, 0.15820519691, 1.0500212849e-29],
      [0.19387787631, 0.38518217287, 0.42093995075, 7.0726530187e-11]
    ],
    [
      [0.1725521715, 0.0075157682051, 0.8199320603, 8.4358578678e-35],
      [0.013507629978, 0.72707270952, 0.2594196605, 3.0270081481e-33],
      [0.028906198005, 0.92678909803, 0.044304703963, 8.9427823295e-30],
      [0.0015087695753, 0.040694088516, 0.95779714191, 2.3040975431e-25],
      [0.39300023977, 0.42863170841, 0.17836805181, 1.2181129398e-29],
      [0.1519598601, 0.40722550953, 0.4408146303, 7.6185432627e-11]
    ],
    [
      [0.17326453255, 0.0075123972214, 0.81922307023, 8.4345340255e-35],
      [0.013551493356, 0.72703897998, 0.25940952666, 3.0251047186e-33],
      [0.028996960301, 0.92669298035, 0.044310059347, 8.9342511729e-30],
      [0.0015153152703, 0.040721117861, 0.95776356687, 2.3063707353e-25],
      [0.39426583754, 0.42769243952, 0.17804172294, 1.2150513755e-29],
      [0.15250989317, 0.40698276928, 0.44050733747, 7.6123051301e-11]
    ],
    [
      [0.16803524896, 0.0068953723437, 0.8250693787, 7.4182304648e-35],
      [0.013912432687, 0.70950689623, 0.27658067109, 2.819505453e-33],
      [0.030320805069, 0.92161185652, 0.048067338413, 8.4762082294e-30],
      [0.0014607249489, 0.03723263355, 0.9613066415, 2.0209157221e-25],
      [0.40138208558, 0.41137916321, 0.18723875121, 1.1172515343e-29],
      [0.15325022837, 0.38759214445, 0.45915762711, 6.9335949873e-11]
    ],
    [
      [0.088542657778, 0.0034552104739, 0.90800213175, 7.5585704116e-35],
      [0.010894398423, 0.54148264482, 0.44762295676, 4.2568244042e-33],
      [0.029268526771, 0.87577523058, 0.094956242649, 1.5686136344e-29],
      [0.00071016008234, 0.017286625792, 0.98200321413, 1.9081938539e-25],
      [0.34530782528, 0.33222959949, 0.32246257523, 1.7982382543e-29],
      [0.10415001872, 0.25192452353, 0.64392545766, 9.0390982132e-11]
    ],
    [
      [0.14268004607, 0.0036452472805, 0.85367470665, 6.4614848051e-35],
      [0.016611773362, 0.57298265247, 0.41040557417, 3.5837569309e-33],
      [0.042292695188, 0.87647868809, 0.081228616726, 1.238220574e-29],
      [0.0011452655346, 0.019184489591, 0.97967024487, 1.7238107008e-25],
      [0.48453482665, 0.2795695989, 0.23589557445, 1.2098398561e-29],
      [0.16271503354, 0.25813386305, 0.57915110333, 7.4372586891e-11]
    ],
    [
      [0.96745050764, 0.032549492365, 2.634702045e-21, 4.3035803708e-34],
      [0.018494639322, 0.98150536068, 1.9483516996e-22, 3.9915222474e-33],
      [0.029591825893, 0.97040817411, 2.3268486838e-23, 8.5046184925e-30],
      [0.041006214249, 0.95899378575, 1.4835081421e-20, 6.4989839945e-24],
      [0.5862585809, 0.4137414191, 1.1176226282e-22, 1.2152480375e-29],
      [1.6276098484e-12, 4.4690478642e-12, 4.7599425445e-12, 0.99999999999]
    ],
    [
      [0.10922609015, 0.0045488461923, 0.88622506365, 7.3739607665e-35],
      [0.011639015741, 0.60649963515, 0.38186134911, 3.6094323794e-33],
      [0.028791968387, 0.8960759499, 0.075132081712, 1.2298616178e-29],
      [0.00089524720034, 0.023208935473, 0.97589581733, 1.8980944436e-25],
      [0.35802830019, 0.36979822365, 0.27217347616, 1.506384411e-29],
      [0.11757620862, 0.30209042112, 0.58033337018, 8.1177774061e-11]
    ],
    [
      [0.071040122316, 0.0049111094353, 0.92404876825, 6.7118859159e-35],
      [0.0066552113777, 0.65374131994, 0.33960346868, 2.91891076e-33],
      [0.015230161398, 0.92458889616, 0.060180942443, 9.0981759692e-30],
      [0.00053662601248, 0.023821500422, 0.97564187357, 1.6424938973e-25],
      [0.28698490224, 0.43726869893, 0.27574639884, 1.3905275607e-29],
      [0.076726117443, 0.34201688131, 0.58125700118, 7.2758941485e-11]
    ],
    [
      [0.1823008976, 0.006160037759, 0.81153906464, 7.2863018448e-35],
      [0.016447711158, 0.68710750013, 0.29644478871, 3.0138777702e-33],
      [0.036599626533, 0.91074401965, 0.052656353821, 9.2562380663e-30],
      [0.0016212437163, 0.033939642377, 0.96443911391, 2.0253139991e-25],
      [0.44040742801, 0.3722526885, 0.18733988349, 1.1146528393e-29],
      [0.17246989518, 0.35846986315, 0.4690602416, 7.0672672882e-11]
    ],
    [
      [0.22148073447, 0.010436125501, 0.76808314003, 9.0073535612e-35],
      [0.013521818596, 0.79631759231, 0.1901605891, 2.5322601719e-33],
      [0.026872151501, 0.94300128123, 0.030126567269, 6.9405422843e-30],
      [0.0020103723079, 0.059082433875, 0.93890719382, 2.5731006201e-25],
      [0.39926893559, 0.46966509503, 0.13106596938, 1.0215318815e-29],
      [0.16591980723, 0.48312351657, 0.35095667613, 6.920276998e-11]
    ],
    [
      [0.17027531573, 0.0060803565751, 0.8236443277, 8.0526673593e-35],
      [0.015290868976, 0.68484717654, 0.29986195449, 3.3376032673e-33],
      [0.034166627685, 0.91255441376, 0.053278958559, 1.0276347439e-29],
      [0.001477910524, 0.032988210839, 0.96553387864, 2.204779825e-25],
      [0.42771511136, 0.3785985487, 0.19368633995, 1.2623346087e-29],
      [0.16264860367, 0.35861130156, 0.47874009469, 7.8803175929e-11]
    ],
    [
      [0.51929675284, 0.0029145275017, 0.47778871966, 9.59592588e-35],
      [0.084932601034, 0.59761440188, 0.31745299709, 7.2576831633e-33],
      [0.18196022152, 0.76402262152, 0.054017156961, 2.1426328846e-29],
      [0.0077386715491, 0.027112069352, 0.9651492591, 4.5147014746e-25],
      [0.81561096619, 0.11371959136, 0.070669442448, 9.4577243473e-30],
      [0.52455767317, 0.18141544318, 0.29402688355, 9.9347122919e-11]
    ],
    [
      [0.16015380781, 0.010911751259, 0.82893444093, 9.7019020953e-35],
      [0.0091458992137, 0.79980978773, 0.19104431305, 2.5687356103e-33],
      [0.018206455265, 0.95163282113, 0.030160723604, 7.0389976234e-30],
      [0.0013305493783, 0.057258000958, 0.94141144966, 2.5685944585e-25],
      [0.31576635813, 0.53433447854, 0.14989916333, 1.1804453122e-29],
      [0.11913288824, 0.50775624876, 0.37311086292, 7.3992790289e-11]
    ],
    [
      [0.061329993393, 0.0092811018262, 0.92938890478, 1.711153007e-36],
      [0.0030871457139, 0.86132813517, 0.13558471912, 3.2744167794e-35],
      [0.0054604251345, 0.97593148161, 0.018608093253, 8.5460417922e-32],
      [0.00045913184546, 0.04394107453, 0.95559979362, 4.3808469853e-27],
      [0.1535640664, 0.69184342808, 0.15459250552, 2.2881306328e-31],
      [0.048211387838, 0.57553353383, 0.37625507833, 1.3954424655e-12]
    ],
    [
      [0.10267447285, 0.00949143971, 0.88783408744, 8.4953720561e-35],
      [0.0066243785976, 0.76251471857, 0.23086090284, 2.5108362732e-33],
      [0.01380555963, 0.94784633381, 0.038348106557, 7.2187107721e-30],
      [0.00082222167008, 0.047184645583, 0.95199313275, 2.1296075077e-25],
      [0.24205696384, 0.55988976352, 0.19805327264, 1.2610820075e-29],
      [0.083474730645, 0.47688184436, 0.43964342493, 7.0772473632e-11]
    ],
    [
      [0, 0, 0, 0],
      [0, 0, 0, 0],
      [0, 0, 0, 0],
      [0, 0, 0, 0],
      [0, 0, 0, 0],
      [0, 0, 0, 0]
    ],
    [
      [0.31292012618, 0.007581939359, 0.67949793446, 9.3331957873e-35],
      [0.025077532472, 0.75375882183, 0.2211636457, 3.4427175997e-33],
      [0.05102777583, 0.91305919327, 0.035913030901, 9.6673932364e-30],
      [0.0032517092179, 0.048995753519, 0.94775253726, 3.0432881797e-25],
      [0.55204497823, 0.33372760383, 0.11422741793, 1.0404606878e-29],
      [0.26190788623, 0.39056534607, 0.34752676762, 8.0149048915e-11]
    ],
    [
      [0.28828682612, 0.0065992776482, 0.70511389623, 8.4555641937e-35],
      [0.025577643957, 0.72094082532, 0.25348153072, 3.4378593495e-33],
      [0.053854005174, 0.90349788007, 0.042648114757, 9.9956580808e-30],
      [0.0029289914862, 0.041477511378, 0.95559349714, 2.6809800006e-25],
      [0.55309984468, 0.31700080185, 0.12989935347, 1.0308256561e-29],
      [0.2562720677, 0.36029391346, 0.38343401876, 7.7103719189e-11]
    ],
    [
      [0.15437557732, 0.010361010545, 0.83526341213, 8.6015072876e-35],
      [0.0093370597952, 0.78558215537, 0.20508078483, 2.399372103e-33],
      [0.01890043761, 0.94801138998, 0.033088172407, 6.6987120651e-30],
      [0.0012947028106, 0.054288522774, 0.94441677442, 2.2730923758e-25],
      [0.31429508295, 0.52537000343, 0.16033491362, 1.098128697e-29],
      [0.11826743725, 0.49127927392, 0.39045328876, 6.7628634794e-11]
    ]
  ],
  "expected_outcome": [
    [
      [4.512154075, 0.29398444041, 0.3269714705, 0, 0.24838971116, 8.6147263475, 19.930785543, 5.5692556013, 10.4972672502, 2.452907672, 8.5295535532, 16.677009901, 6.3203142877, 3.2839788837, 16.5972211066, 1.8288710753, 0, 0.46506389402, 0, 7.8582194405, 0.54284362407, 0.2486693191, 0, 3.1112413775, 0.47939177676, 4.4825642772, 3.8209074943, 11.4021271904, 3.1409597136, 0.49921537703, 7.8485595492, 7.5922955458, 7.4503748998, 4.3689164729, 0.88542657778, 0.28536009214, 0, 1.9660696228, 0.21312036695, 8.5681421873, 3.5436917515, 2.3838544202, 15.5789025851, 1.1210766547, 0, 1.334768147, 0, 9.7005239115, 22.7746592633, 2.3156336598],
      [0.1681240035, 0.013822220089, 0.012455264625, 0, 0.011453923608, 0.43825712619, 0.59153053018, 0.2906344892, 0.2759801397, 0.10501553788, 0.27536493815, 0.58934058654, 0.21161942582, 0.16668551234, 0.55403425712, 0.057508884645, 0, 0.0068679124316, 0, 0.3329891578, 0.015310595359, 0.011342241324, 0, 0.12840511254, 0.0052523937108, 0.18327042595, 0.21487046236, 0.49017281743, 0.15183919415, 0.021228832009, 0.25363176101, 0.33069380103, 0.32303308052, 0.17927968094, 0.034552104739, 0.0072904945611, 0, 0.081879231462, 0.014733328306, 0.28952177467, 0.16697800802, 0.085124992051, 0.087435825051, 0.076382258812, 0, 0.12338871623, 0, 0.23504012013, 0.52134293421, 0.15541515818],
      [19.3197219215, 1.6921933395, 3.6605732649, 0, 0.74015636523, 29.9470165263, 73.4776839268, 29.1401099095, 29.2267526101, 22.4420767901, 34.1950815086, 51.7336495124, 14.4680662865, 17.549335604, 57.8487446363, 6.1136200401, 0, 0.52806819355, 0, 35.8087914017, 1.4418457806, 3.7399884396, 0, 15.7603535099, 4.5153558295, 17.3341652968, 15.9642220434, 41.1076999922, 13.7072010923, 1.479555791, 27.8978086898, 36.0770106532, 35.2265920197, 21.4518038461, 9.0800213175, 1.7073494133, 0, 15.9520511458, 2.7721463047, 38.142336038, 12.2893302405, 11.5310205878, 14.3336615899, 5.8025410865, 0, 11.5418431367, 0, 21.0644359684, 55.7039978025, 12.528951182],
      [1.7931339595e-33, 1.7604131656e-34, 2.1558850616e-34, 0, 1.5666148791e-34, 4.3584313287e-33, 7.1475602853e-33, 3.1678119548e-33, 3.577703964e-33, 1.7725282397e-33, 3.3029071246e-33, 6.6016408532e-33, 2.2896986852e-33, 2.0399858038e-33, 6.0989308442e-33, 6.4027890307e-34, 0, 7.4531237134e-35, 0, 3.5325876566e-33, 1.7113164755e-34, 3.2052693093e-34, 0, 1.6186774404e-33, 2.4516487296e-34, 1.8319273885e-33, 1.9800861785e-33, 4.9709030039e-33, 1.4763228612e-33, 2.1902423802e-34, 2.7916379086e-33, 3.7117774618e-33, 3.626849631e-33, 1.9287399208e-33, 7.5585704116e-34, 1.292296961e-34, 0, 1.327312938e-33, 2.0135657748e-34, 3.424561867e-33, 1.4411765698e-33, 1.1273734303e-33, 2.878777764e-33, 6.7913314667e-34, 0, 1.1043983673e-33, 0, 2.8932906941e-33, 6.679895713e-33, 1.2902260931e-33]
    ],
    [
      [1.2730669089, 0.056532149864, 0.060881247903, 0.026983320044, 0.048409927129, 0.8601393156, 2.7060669354, 0.35653816819, 0.97972258469, 0.29494499203, 1.1020546599, 2.2776049363, 0.73163644519, 0.45348120027, 1.8105031573, 0.95783288487, 0.0034030628015, 0.1299701782, 0.026871292266, 1.4894548269, 0.10092469932, 0.076542437348, 0.0072589036696, 0.064238021551, 0, 1.203903374, 0.37593332044, 0.90209637057, 0.4452029004, 0.21107176895, 1.0856357443, 0.68888912885, 0.89439856147, 0.61214703821, 0.054471992116, 0.13289418689, 0.018494639322, 0.18622425186, 0.026620845511, 1.0855489364, 0.48678546946, 0.44343520031, 0.084932601034, 0.10060489135, 0, 0.15898508634, 0, 2.3572880524, 5.4480381629, 0.70961654444],
      [58.6461073344, 3.6406903301, 3.2257337737, 2.0179253345, 3.3489455785, 54.0460684005, 98.8959911598, 23.1064481565, 31.9716165378, 15.7761604651, 44.0078627793, 99.1280253273, 30.4828895915, 28.7526690894, 74.6326533856, 37.9789635903, 1.4902042172, 3.2108381712, 2.4891441115, 78.0134798856, 4.6989783852, 4.5262995438, 1.4287467855, 3.5997907942, 0, 60.9530999183, 26.2787342787, 47.9386238849, 26.7040204589, 11.2579474745, 43.303296562, 37.0807081856, 47.9845726788, 31.218303434, 2.7074132241, 4.5838612197, 0.98150536068, 9.7039941624, 2.6149652798, 45.3490950084, 28.667433323, 19.8605681195, 0.59761440188, 8.7979076651, 0, 18.3003532456, 0, 70.8533292522, 153.5603957939, 59.7042438083],
      [22.0808257567, 1.30277752, 2.7133849784, 1.9550913455, 0.60264449432, 12.0937922839, 40.3979419048, 7.5370136753, 11.0486608775, 10.9288945429, 17.8900825608, 28.5943697364, 6.7854739633, 9.7938497103, 25.556843457, 13.0632035249, 1.50639272, 0.65919165056, 2.4839845962, 27.4970652876, 1.2000969155, 4.3971580188, 0.56399431083, 1.3359711842, 0, 18.8429967077, 6.3453324009, 13.1592797445, 7.8507766407, 2.5309807565, 15.6110676937, 13.2304026855, 17.1210287597, 12.1695495278, 2.2381147838, 3.2832445934, 1.9483516996e-22, 6.1097815858, 1.3584138747, 19.5653560552, 6.8457812075, 8.6959966802, 0.31745299709, 2.1014874436, 0, 5.540661668, 0, 20.7893826954, 53.9915660432, 15.5861396473],
      [2.3204876596e-31, 1.6086676726e-32, 1.8796992476e-32, 1.1823473359e-32, 1.5526717325e-32, 1.9948581485e-31, 4.4446304364e-31, 9.2988732686e-32, 1.5338661893e-31, 9.7843382987e-32, 1.9581280999e-31, 4.1294825151e-31, 1.2200624701e-31, 1.2951731634e-31, 3.0507367117e-31, 1.5563923532e-31, 3.1499125838e-34, 1.1180514101e-32, 2.6586778634e-32, 3.0710852462e-31, 1.7666195945e-32, 4.5599008627e-32, 5.1847837249e-33, 1.5633938421e-32, 0, 2.2588374939e-31, 8.9500052746e-32, 1.8042996025e-31, 9.5976043322e-32, 4.2804522624e-32, 1.7703838284e-31, 1.5437741555e-31, 1.9965691143e-31, 1.2405823993e-31, 2.1284122021e-32, 2.8670055447e-32, 3.9915222474e-33, 5.775091807e-32, 1.167564304e-32, 1.9891593284e-31, 9.1161366188e-32, 9.6790494753e-32, 7.2576831633e-33, 2.8256091713e-32, 0, 6.0260070558e-32, 0, 3.2361545437e-31, 7.3226404145e-31, 1.8235227983e-31]
    ],
    [
      [7.3784811071, 0.45705099183, 0.13483012641, 0.075965062423, 0.36777780409, 8.1189978164, 17.7455986571, 2.8315153799, 6.2787079496, 1.1421176769, 8.6659203021, 15.9066335683, 6.9296693138, 1.9487316531, 10.7221253261, 2.761844384, 0.015634682662, 0.30749946484, 0.092324433879, 6.9509610087, 0.40107604797, 0.26522512562, 0.055020703923, 0.16387617449, 0.30647475678, 6.66659998, 4.2051438602, 9.9971258608, 3.8274452752, 4.3290585587, 13.2825947958, 7.4288928872, 5.190455894, 3.1836845322, 0.40975937479, 0.50751234226, 0.14795912947, 1.7275181032, 0.12184129118, 6.3683350168, 3.0365531196, 3.0066632363, 8.37017019, 0.96494212906, 0.0054604251345, 1.5738337979, 0, 11.9404995442, 30.3198049128, 1.2474288823],
      [202.4055915173, 17.7253668938, 4.402042657, 3.5264730444, 15.2768455361, 303.7643646058, 386.0868516021, 109.3943506954, 122.0734996938, 36.488039333, 206.1070700066, 412.1373620801, 171.9449845419, 73.6990174957, 263.1907872988, 65.2423760922, 4.4635812503, 4.5732957507, 5.2694644038, 216.802727544, 11.2350204995, 9.5621027571, 6.6107935886, 5.5660080286, 2.8869969594, 201.0079949657, 175.1352300941, 316.3603385513, 136.789680369, 137.5410518791, 315.470384371, 238.1847981942, 165.8780434829, 96.7692449344, 12.2608532281, 10.517744257, 4.8520408705, 53.764556994, 7.3967111693, 158.4694594184, 106.559144779, 80.3047884105, 35.1450405898, 50.43653952, 0.97593148161, 108.0544820547, 0, 213.655851225, 508.6693064791, 62.5687517388],
      [10.2159273756, 0.81758211436, 0.46312721656, 0.39756189315, 0.3553766598, 9.1166375778, 21.1675497408, 4.7741339247, 5.6477923567, 3.3698429901, 11.2270096912, 15.9560043516, 5.1253461444, 3.3522508512, 12.0870873751, 2.9957795238, 0.52078406706, 0.11920478446, 0.63821116228, 10.2463114474, 0.3639034525, 1.1726721173, 0.33418570745, 0.27011579692, 0.80652828383, 8.3254050542, 5.6596260457, 11.6425355879, 5.3828743559, 4.1298895622, 15.2470208331, 11.3863089186, 7.9315006232, 5.0470705334, 1.3293873971, 0.97474340071, 1.1634243419e-22, 4.5079249027, 0.48144753954, 9.1622055649, 3.4043021014, 4.6885483532, 2.4847892202, 1.598518351, 0.018608093253, 4.3716841475, 0, 8.4036492308, 24.0108886082, 2.1838193789],
      [1.8561323701e-27, 1.7752489508e-28, 5.6489022443e-29, 4.3730214184e-29, 1.6069780266e-28, 2.5999303172e-27, 4.0246853085e-27, 1.019085227e-27, 1.3564043043e-27, 5.2196217693e-28, 2.1252525021e-27, 3.9827307094e-27, 1.5945227497e-27, 7.676968198e-28, 2.4943564452e-27, 6.1818476513e-28, 2.1709032735e-30, 3.5510214614e-29, 1.2370674783e-28, 1.9783381537e-27, 9.5102085457e-29, 2.1750341881e-28, 5.3529434299e-29, 5.4771357581e-29, 1.0047557885e-28, 1.7264203669e-27, 1.3816268883e-27, 2.7607130757e-27, 1.1385376035e-27, 1.2104666962e-27, 2.9904396245e-27, 2.2982950587e-27, 1.5992309599e-27, 8.9000186409e-28, 2.1960590881e-28, 1.4858646888e-28, 4.2523092463e-29, 7.3791697068e-28, 7.2785407754e-29, 1.6105854235e-27, 7.8428127813e-28, 9.0431857464e-28, 9.856111269e-28, 3.7306687404e-28, 8.5460417922e-32, 8.2293302802e-28, 0, 2.2621700173e-27, 5.6275554995e-27, 4.421149963e-28]
    ],
    [
      [0.97206416611, 0.031479932085, 0.021285717715, 0.0050962401735, 0.025921214272, 0.65607391296, 2.0356562143, 0.34489574226, 0.68109368037, 0.3227564397, 0.70353772552, 1.2805669419, 0.53695078133, 0.20651828822, 1.0508232117, 0.33249222593, 0.00044767405226, 0.062490116542, 0.003987402802, 0.92405379336, 0.02098339701, 0.0058182769702, 0.022143505118, 0.15974275501, 0.0074820872727, 0.51454974477, 0.30346511942, 0.59457400708, 0.42730694895, 0.23532820359, 0.73405789903, 0.45866595089, 0.71522880759, 0.51417518201, 0.084509049798, 0.075587525283, 0.45106835674, 0.22739278889, 0.017172032399, 0.85601668219, 0.47846860929, 0.24533314698, 0.58813903773, 0.10777449964, 0.0050504503001, 0.19733320082, 0, 1.0080298576, 2.6712402354, 0.25894056212],
      [22.4542443984, 0.9693466771, 0.52213780089, 0.17504279477, 0.84182344737, 20.6690291728, 37.3607664612, 11.1630937003, 11.1184859761, 8.5931554884, 14.0798839631, 27.9839391506, 11.1897102232, 6.5232505922, 21.7241235799, 6.5752465052, 0.096854196848, 0.69702955829, 0.1748144008, 24.2679471078, 0.4494525044, 0.16469430469, 2.0430486125, 4.21406785, 0.051608673634, 13.0533072548, 10.6037361421, 15.8383131565, 12.8180666716, 6.2649328889, 14.6882344561, 12.3710029089, 19.2203676304, 13.1058870095, 2.0571084693, 1.266176313, 10.5489316433, 5.89506961, 0.76228801351, 17.9201311753, 14.0616192624, 5.4760429993, 2.0605172708, 4.6378980776, 0.48335181983, 11.3243149399, 0, 15.1886835908, 37.8274903765, 10.8577045548],
      [556.5736914355, 25.9991733908, 33.4565764814, 14.8198609651, 12.1322553384, 304.6748969142, 1000.6035773246, 241.4920105574, 254.2004203435, 396.0840880719, 377.2165783114, 529.7354939075, 165.2733389955, 148.2702311196, 489.2250532084, 151.0922612689, 8.9026981291, 12.2404803252, 13.8211981964, 562.8079990988, 9.5295640986, 11.8294874183, 60.9348078824, 111.626189395, 9.9409092391, 266.4321430004, 170.0927987385, 286.5671128364, 249.7546263795, 94.4997389075, 348.5777076448, 291.1703311402, 452.064403562, 338.3799378085, 116.8583824809, 64.6582361617, 1.6318589563e-19, 247.8775376011, 31.2205399541, 509.2238521426, 223.4599121284, 160.2786238537, 73.3513436915, 76.2543274227, 10.5115977299, 228.4783518593, 0, 293.8032865516, 871.5012693881, 188.8833548831],
      [1.2082409319e-22, 6.2443077732e-24, 4.5674058748e-24, 1.621560574e-24, 5.845164865e-24, 1.0368801092e-22, 2.2773145969e-22, 6.1374465081e-23, 7.2733010593e-23, 7.3162160169e-23, 8.5202750494e-23, 1.5812711623e-22, 6.1094765228e-23, 4.0269280276e-23, 1.206416054e-22, 3.6951606587e-23, 2.8532333325e-26, 3.8927428539e-24, 2.7362938621e-24, 1.2987422705e-22, 2.5569495024e-24, 2.3413335148e-24, 1.1271851437e-23, 2.6767952298e-23, 1.2291090946e-24, 6.5824225266e-23, 4.9293950717e-23, 8.1024621945e-23, 6.2875550687e-23, 3.2622723068e-23, 8.1560056348e-23, 7.004456531e-23, 1.0886069871e-22, 7.1136233417e-23, 2.2707506861e-23, 1.1377150626e-23, 7.1488823939e-23, 4.8211598867e-23, 5.2559804714e-24, 1.0693657915e-22, 6.1239794758e-23, 3.6599345096e-23, 3.4311731207e-23, 2.0805615114e-23, 4.8189316838e-26, 5.1110580184e-23, 0, 9.434193357e-23, 2.4450537606e-22, 4.5461847516e-23]
    ],
    [
      [41.4495664897, 1.9426619518, 1.1063218941, 0.68652723002, 0.88045020357, 48.3201911548, 100.6076477045, 23.5271080082, 46.8157420969, 7.5322276085, 40.1866045041, 105.3406152688, 33.5910149859, 12.6238122671, 55.7793127441, 9.5768782471, 0.064003854047, 2.8656248677, 0.86440656886, 32.8628504577, 0.57612179598, 1.2080307521, 1.0681908659, 2.0096865951, 4.0716656248, 34.7188142867, 21.042630509, 40.4800784846, 32.3793883933, 13.6978921625, 68.4104038976, 44.8020273341, 31.1470011654, 23.6815430491, 5.5249252045, 2.9072089599, 1.7587757427, 7.8766226041, 0.28698490224, 45.8023725131, 16.7692952946, 11.1205928953, 64.4332663292, 4.1049626557, 0.4606921992, 7.0196519513, 0, 33.122698694, 103.9827707995, 6.285901659],
      [38.6014929446, 2.1476250141, 0.94194176484, 0.61562778316, 0.92071918874, 61.6024406121, 74.7845222602, 30.756466429, 30.770756816, 7.9935494549, 32.4345433773, 93.2903440637, 28.1050800045, 16.0044568419, 46.6075379208, 7.4346274222, 0.89437232952, 0.90544906958, 1.4501827087, 34.8225408281, 0.32334415992, 1.3052846142, 4.0330454017, 2.0683387968, 1.0200115938, 35.4856981172, 29.6102511492, 43.5702594465, 39.1768634819, 14.4961234594, 55.3334321572, 48.8640147591, 33.7877027221, 24.2713706296, 5.3156735919, 1.6774175934, 1.2412242573, 8.1355609204, 0.43726869893, 38.7142796043, 19.7259339913, 9.8435622661, 8.9838477175, 6.946348221, 2.0755302842, 16.2368031422, 0, 20.02365623, 59.5961507485, 10.5074000686],
      [16.9489405657, 0.90971303405, 0.95173634105, 0.69784498682, 0.19883060768, 16.0773682331, 35.6078300353, 11.7164255628, 12.4135010871, 6.4742229366, 15.3788521186, 31.3690406675, 7.3039050096, 6.371730891, 18.6131493351, 2.9884943307, 1.0416238164, 0.22892606275, 1.6854107224, 14.3146087142, 0.1005340441, 1.4866846337, 1.8987637323, 0.92197460809, 2.9083227814, 12.7954875961, 8.3471183418, 13.9496620689, 13.4437481248, 3.8059843781, 23.2561639452, 20.3339579068, 14.0652961125, 11.0470863213, 5.1594012036, 1.4153734467, 3.3528678845e-22, 5.9878164755, 0.27574639884, 19.4833478826, 5.5047707141, 5.0358448386, 5.5828859534, 1.9486891233, 0.46377751656, 5.7435449065, 0, 6.8536450759, 24.421078452, 3.2066982724],
      [1.0424153176e-27, 6.6025980634e-29, 3.8773588385e-29, 2.5299664423e-29, 2.994614118e-29, 1.5518366929e-27, 2.2923265403e-27, 8.4610206414e-28, 1.0085912707e-27, 3.393196673e-28, 9.851033502e-28, 2.6508120669e-27, 7.6855804195e-28, 4.9332459e-28, 1.3001320464e-27, 2.0846305192e-28, 1.2981691824e-30, 2.2741084585e-29, 1.0777182759e-28, 9.3558520989e-28, 8.5998194148e-30, 9.1129375777e-29, 1.0271515748e-28, 6.3177725834e-29, 1.1716755427e-28, 8.9778624643e-28, 6.8911473935e-28, 1.1192339225e-27, 9.6205611958e-28, 3.7688823805e-28, 1.5435312888e-27, 1.3886487514e-27, 9.5989058666e-28, 6.5917840526e-28, 2.8771812069e-28, 7.2590391368e-29, 3.6457441126e-29, 3.3140457041e-28, 1.3905275607e-29, 1.1592389528e-27, 4.2904339024e-28, 3.2820699825e-28, 7.4716022344e-28, 1.5345789059e-28, 6.8643918984e-31, 3.6571378219e-28, 0, 6.2427641265e-28, 1.9379522334e-27, 2.196257394e-28]
    ],
    [
