{
  "Z_true": {},
  "V_true": [
    [630, 23, 36, 1418, 24],
    [778, 272, 160, 12957, 199],
    [243, 460, 11073, 2191, 186],
    [67, 1269, 342, 992, 50],
    [242, 131, 335, 780, 154]
  ],
  "p_true": [
    [0.2956, 0.0108, 0.0169, 0.6654, 0.0113],
    [0.0542, 0.0189, 0.0111, 0.9019, 0.0139],
    [0.0172, 0.0325, 0.7824, 0.1548, 0.0131],
    [0.0246, 0.4665, 0.1257, 0.3647, 0.0184],
    [0.1474, 0.0798, 0.204, 0.475, 0.0938]
  ],
  "Z_est": [
    [
      [8.0579, 36.7138, 87.086, 12.9405, 161.3771, 28.5424, 0, 0, 2.3995, 0.6807, 0, 3.4498, 16.7278, 16.2792, 12.1967, 19.038, 22.6828, 10.5667, 9.6054, 0.4144, 11.713, 7.5362, 6.5451, 4.3866, 11.6969, 19.562, 1.7313, 7.3426, 0.4111, 12.9068, 2.7567, 19.3905, 3.7574, 27.3978, 3.9265, 11.2271, 19.403, 10.2424, 3.095, 0.8737, 9.9257, 8.6785, 14.3101, 10.5788, 18.4898, 0.7031, 33.3672, 90.1147, 49.3355, 0],
      [0.0077, 0.0126, 0, 0.009, 0.0738, 0.0164, 0, 0.0949, 0, 0, 0, 0.0013, 0.0075, 0.0083, 0, 0.0077, 0.0096, 0.0035, 0.0034, 0, 0.0046, 0.0042, 0, 0.0037, 0.0049, 0.0081, 0.0003, 0.004, 0.0023, 0, 0.0026, 0.0082, 0.001, 0.0141, 0.0016, 0.0054, 0, 0, 0.0003, 0.0017, 0.0051, 0.004, 0.0089, 0.0048, 6.6064e-06, 0.0005, 0, 0.032, 0.0111, 0],
      [1.7224, 5.4121, 7.8358, 2.0849, 27.3535, 5.7023, 0, 0.0825, 0.5422, 0, 0.275, 0.3576, 2.4641, 3.0927, 1.6757, 2.2258, 3.1612, 2.2617, 1.1898, 0.0968, 2.0376, 1.3379, 0.9985, 0.7428, 0.8873, 2.3898, 0.1591, 1.3987, 0.105, 2.1899, 0.5667, 2.2133, 0.421, 2.6884, 0.5627, 1.5774, 2.5162, 1.2938, 0.6084, 0.0938, 1.218, 0.8027, 2.5159, 1.2517, 1.6727, 0.196, 8.6358, 10.1238, 4.5633, 0],
      [12.2121, 44.8615, 93.0782, 11.9656, 246.1957, 52.7319, 0, 0.8226, 3.0582, 2.3193, 0.725, 4.1911, 20.8006, 22.6163, 10.1227, 18.7246, 30.1464, 20.1669, 11.2002, 0.4888, 14.2448, 13.1214, 10.4506, 8.8636, 12.4105, 30.0377, 2.1093, 11.2546, 1.4816, 14.8977, 7.6679, 25.388, 4.8199, 29.8875, 4.5083, 22.183, 22.0808, 13.4629, 7.2935, 1.0308, 13.8492, 11.5123, 26.1651, 11.152, 17.8375, 1.1004, 64.9971, 84.7294, 41.0901, 1],
      [0, 0, 0, 0, 0, 0.0069, 0, 0, 0, 0, 0, 0.0001, 0, 0.0034, 0.0049, 0.0039, 0, 0.0012, 0.0011, 0, 0, 0.0003, 0.0058, 0.0033, 0.0004, 0.0024, 0, 0, 0, 0.0056, 0.0062, 0, 0.0007, 0.0122, 0.001, 0.0072, 0, 0.0009, 0.0028, 0, 0.0021, 0.0026, 0, 0.0126, 0, 0, 0, 0, 0, 0]
    ],
    [
      [8.232, 26.6461, 20.0551, 5.6818, 68.3163, 14.7634, 0, 0, 0.8321, 0.1008, 0, 9.6697, 8.1299, 7.6281, 5.1418, 7.719, 7.4933, 10.6356, 8.6827, 0.1326, 12.9058, 5.5143, 2.6848, 2.7281, 10.5054, 12.6974, 5.5663, 8.633, 0, 4.365, 0.565, 10.806, 7.382, 10.5877, 4.3205, 4.6192, 12.5684, 6.451, 1.5729, 0.9001, 7.2908, 8.6142, 8.1484, 3.8969, 14.3478, 0.9825, 5.1448, 44.7877, 35.2709, 0],
      [16.8307, 38.7101, 11.8959, 7.2301, 131.2744, 37.1406, 0.2379, 0.5601, 0.426, 0, 2, 16.5565, 12.4715, 15.1486, 1.4371, 10.4041, 11.2563, 20.6268, 11.9539, 0.7051, 20.7578, 13.9725, 11.5227, 8.035, 15.1163, 28.5917, 5.5376, 18.0302, 1.0698, 2.094, 6.1635, 19.8674, 9.7288, 14.9573, 7.612, 9.0481, 12.0368, 14.9716, 9.1765, 0.9195, 12.7442, 12.7664, 20.1725, 5.6218, 12.5592, 1.6747, 8.4049, 63.7238, 48.3488, 0],
      [24.0931, 43.217, 19.7429, 9.8462, 127.8769, 34.6352, 0.1745, 0.1903, 1.732, 0, 1.203, 10.8985, 13.1906, 16.0802, 8.2149, 10.1105, 11.4678, 25.8272, 11.8378, 0.3424, 24.8963, 10.9685, 4.4379, 5.5064, 8.9314, 17.2574, 5.6829, 17.3408, 0.6024, 7.389, 2.8155, 12.3109, 9.0375, 11.5012, 6.8472, 7.8606, 17.3652, 8.8684, 4.5196, 0.9236, 9.7585, 8.486, 16.5021, 5.1547, 14.8217, 2.461, 16.2283, 57.1766, 37.885, 0],
      [223.2677, 639.4981, 415.0957, 97.7014, 2057.6053, 573.3048, 4.5876, 3.2497, 17.0099, 2.8992, 6.797, 229.6778, 199.3766, 208.8904, 81.4287, 152.3492, 196.1994, 412.1228, 199.8397, 2.8199, 308.1656, 192.8461, 82.0108, 117.6017, 222.1436, 384.0773, 131.4858, 248.4184, 14.3278, 88.9469, 68.0612, 248.2632, 185.4135, 229.628, 98.0488, 187.3887, 271.5701, 166.2167, 96.4407, 18.2569, 198.4819, 221.6213, 306.5602, 82.5217, 279.905, 23.8819, 218.8942, 851.2835, 608.5316, 3],
      [33.5765, 19.9286, 10.2103, 11.5405, 68.9271, 27.156, 0, 0, 0, 0, 0, 8.1974, 6.8314, 9.2527, 3.7775, 6.4172, 14.5831, 17.7876, 7.6858, 0, 11.2746, 6.6986, 3.3438, 5.1287, 14.3033, 22.3763, 2.7274, 4.5776, 0, 3.2052, 4.3948, 1.7526, 10.4383, 10.3257, 4.1716, 8.0834, 5.4594, 11.4924, 4.2902, 0, 7.7246, 12.5122, 21.6168, 4.8049, 6.3662, 0, 7.3279, 60.0283, 37.9637, 0]
    ],
    [
      [0, 1.7848, 0.8564, 0.1034, 3.2915, 0.0822, 0, 0, 0.0241, 0, 0, 0.3733, 0.7784, 0.6967, 0, 0.6406, 0.7508, 0.1849, 0.4649, 0.0801, 0.8499, 0.3756, 0.232, 0.0504, 0.6749, 0.8045, 0.2753, 0.0192, 0, 0.0199, 0, 0, 0.3842, 0.566, 0.305, 0.182, 0.394, 0.3794, 0, 0.0592, 0.4398, 0.3682, 0.2219, 0.1908, 0.5301, 0, 0, 1.1424, 0.6173, 0],
      [0, 5.6579, 0.5148, 1.6583, 16.824, 3.9452, 0.1658, 0.0899, 0.0192, 0, 0, 1.2983, 2.4085, 2.7493, 0, 2.4607, 2.3097, 3.9961, 1.3208, 0.0603, 2.7099, 2.7972, 0.5538, 0.8918, 2.3022, 4.0363, 0.4663, 1.7799, 0.0568, 0, 0.5466, 3.2399, 0.9547, 2.0023, 0.918, 1.7844, 1.4588, 1.49, 0.909, 0.2038, 1.5414, 1.1308, 3.099, 0.5855, 1.3565, 0.4688, 0.3233, 5.5175, 5.1931, 0],
      [259.6541, 707.1943, 249.4169, 195.5259, 1856.4872, 416.593, 1.7774, 2.6598, 11.3389, 0, 5.5221, 99.1695, 276.7615, 319.4792, 187.9835, 260.1308, 263.3061, 628.468, 147.7912, 7.2664, 350.1108, 249.8607, 68.9384, 68.658, 151.2659, 282.6058, 57.0942, 187.9025, 10.8054, 147.3319, 41.1499, 273.6285, 104.2979, 173.0338, 94.4384, 166.5396, 296.1902, 115.2335, 69.8174, 13.7779, 132.159, 87.3153, 280.7352, 62.118, 202.3463, 54.0617, 187.7677, 559.5425, 475.0803, 0],
      [68.3459, 183.6237, 93.9002, 34.7123, 524.8637, 120.429, 3.0568, 0.2503, 1.6178, 0, 0.4779, 35.7598, 72.3756, 71.8501, 35.1268, 67.6624, 78.2445, 175.6762, 42.8519, 0.5932, 75.6072, 76.1533, 22.8625, 24.9399, 65.4603, 110.4934, 23.1176, 47.2984, 4.1377, 31.1243, 16.8245, 99.1316, 36.6189, 59.4109, 22.8987, 72.2391, 81.957, 37.0949, 25.7465, 3.9591, 46.2192, 38.4499, 91.3796, 16.6711, 67.7672, 8.4695, 44.462, 147.3025, 134.5881, 0],
      [0, 0.7393, 0.3117, 0, 3.5336, 1.9506, 0, 0, 0, 0, 0, 0.3991, 0.676, 1.2247, 0.8896, 1.1056, 1.389, 2.6748, 0.5712, 0, 0.7221, 0.8132, 0.4133, 0.46, 1.2968, 2.06, 0.0466, 0, 0, 0.5238, 0.479, 0, 0.7443, 0.9871, 0.4398, 1.2549, 0, 0.8022, 0.5271, 0, 0.6406, 0.7358, 1.5643, 0.4346, 0, 0, 0.447, 2.495, 2.5212, 0]
    ],
    [
      [0.2031, 0.6704, 0.3215, 0.2521, 1.6821, 0.3732, 0, 0, 0.0204, 0.0482, 0, 0.1805, 0.2216, 0.1625, 0.1594, 0.2166, 0.1964, 0.3468, 0.3277, 0.0386, 0.4455, 0.1511, 0.0708, 0.0799, 0.3981, 0.3357, 0.1662, 0.2609, 0, 0.1198, 0.0085, 0.2469, 0.2275, 0.2595, 0.1524, 0.1396, 0.4029, 0.1525, 0.0246, 0.0179, 0.2291, 0.2018, 0.256, 0.2381, 0.517, 0.0687, 0.0552, 0.6705, 0.8504, 0],
      [22.745, 61.337, 14.7337, 21.6345, 203.8458, 60.7361, 0.5963, 0, 0.5385, 0, 0, 19.6434, 21.517, 20.5238, 5.4353, 18.694, 18.7487, 43.4277, 28.2948, 4.162, 44.7924, 24.5807, 20.8452, 15.716, 36.0467, 48.0525, 10.7351, 35.5941, 2.5269, 5.6982, 4.0047, 31.0711, 19.0252, 23.2374, 16.8984, 17.5835, 26.0008, 22.9735, 9.3955, 0.8325, 25.0278, 18.78, 41.0532, 21.5858, 29.6855, 4.766, 5.6164, 59.9483, 75.792, 0],
      [4.7978, 11.2187, 3.2734, 4.6861, 32.6434, 9.3048, 0.0481, 0, 0.3008, 0, 0, 2.1185, 3.7175, 3.5221, 2.5803, 2.9534, 3.1184, 8.8319, 4.5978, 0.2481, 8.7527, 3.137, 1.1035, 1.7566, 3.4854, 4.6758, 1.7088, 5.5791, 0.2402, 2.3195, 0.2862, 3.151, 2.8736, 2.9387, 2.4477, 2.3623, 5.9545, 2.1524, 0.7099, 0.1383, 3.1446, 2.0964, 5.4988, 3.2193, 5.5327, 1.0947, 1.678, 8.7636, 9.6414, 0],
      [22.9047, 62.486, 26.216, 18.01, 197.4687, 57.8198, 1.3556, 0, 1.1404, 0.9518, 0, 16.6725, 21.0747, 17.2986, 10.5133, 16.683, 19.9689, 52.9176, 29.0587, 0.5513, 41.0348, 20.6659, 7.771, 14.0584, 32.7071, 39.4502, 15.1677, 30.1506, 2.2329, 10.6175, 2.5977, 24.2835, 22.0807, 21.9334, 13.1417, 22.3023, 35.1116, 15.0484, 5.7106, 1.0113, 23.9986, 20.1962, 38.4241, 19.2232, 39.6404, 4.0706, 8.4659, 49.3112, 58.3503, 0],
      [3.3494, 1.2879, 0.4554, 1.4173, 4.36, 1.7661, 0, 0, 0, 0, 0, 0.3851, 0.4692, 0.4931, 0.3117, 0.453, 0.9676, 1.476, 0.721, 0, 0.9746, 0.4653, 0.2095, 0.3892, 1.3627, 1.4858, 0.2221, 0.4152, 0, 0.245, 0.1029, 0.2474, 0.793, 0.631, 0.3597, 0.6124, 0.5302, 0.6733, 0.1594, 0, 0.6001, 0.7256, 1.7679, 0.7336, 0.6243, 0, 0.1846, 2.3064, 2.3658, 0]
    ],
    [
      [6.507, 25.1849, 36.681, 10.0222, 74.3331, 26.2388, 0, 0, 0.7239, 0.1703, 0, 8.3266, 11.1424, 8.2335, 7.5021, 9.3858, 12.8767, 14.266, 8.9193, 0.3342, 13.0859, 7.4227, 6.4673, 3.7551, 10.7247, 16.6004, 7.2609, 7.7443, 1.5889, 8.5885, 1.6698, 11.5566, 6.249, 16.189, 9.2956, 8.8322, 14.2317, 6.7747, 3.3075, 1.1491, 11.1147, 6.1373, 8.0636, 4.0954, 13.1152, 1.2457, 12.4329, 57.2846, 57.9259, 0],
      [0.4166, 1.2823, 0.8556, 0.4681, 4.982, 2.1617, 0, 0.2552, 0.0163, 0, 0, 0.5006, 0.5955, 0.5699, 0.1276, 0.4335, 0.6758, 0.946, 0.4271, 0.0727, 0.7353, 0.6456, 1.0784, 0.3535, 0.5299, 1.3113, 0.2607, 0.5918, 0.3442, 0.2078, 0.2826, 0.8133, 0.2903, 0.7889, 0.57, 0.5787, 0.5036, 0.565, 0.5187, 0.0426, 0.6815, 0.3188, 0.6663, 0.2021, 0.3988, 0.0901, 0.6554, 2.7783, 2.655, 0],
      [0.7325, 1.9578, 1.731, 0.8569, 6.6391, 2.7646, 0, 0.0674, 0.0862, 0, 0, 0.4558, 0.8663, 0.8258, 0.5456, 0.5795, 0.9464, 1.6112, 0.5833, 0.0463, 1.2026, 0.6958, 0.5216, 0.3362, 0.4301, 1.0712, 0.355, 0.7788, 0.2469, 0.7697, 0.1818, 0.6963, 0.37, 0.8379, 0.704, 0.6601, 0.9739, 0.452, 0.3446, 0.0664, 0.72, 0.2996, 0.7479, 0.2563, 0.6267, 0.1866, 1.6903, 3.3935, 2.83, 0],
      [12.2697, 38.5307, 48.7099, 11.6107, 141.8666, 60.7146, 0, 1.6774, 1.1736, 0.8297, 0, 12.6987, 17.3725, 14.3446, 7.8085, 11.5809, 21.4408, 34.1165, 13.0495, 0.5468, 19.9476, 16.2133, 12.9051, 9.5365, 14.2785, 31.9414, 11.1196, 14.8779, 7.8199, 12.4136, 5.8488, 18.9337, 10.067, 22.1402, 13.4025, 21.8869, 20.2804, 11.1771, 9.8087, 1.7419, 19.4512, 10.2203, 18.4711, 5.432, 15.8499, 2.4776, 30.1809, 67.3733, 60.4398, 1],
      [0.0742, 0.0443, 0.0226, 0.0422, 0.1793, 0.1203, 0, 0, 0, 0, 0, 0.0183, 0.0234, 0.0261, 0.0162, 0.0204, 0.0603, 0.0603, 0.0208, 0, 0.0287, 0.0226, 0.0276, 0.0188, 0.0368, 0.0756, 0.0038, 0.0072, 0, 0.0204, 0.0171, 0, 0.0238, 0.0441, 0.0279, 0.0421, 0.0104, 0.0312, 0.0205, 0, 0.0326, 0.0239, 0.051, 0.0143, 0.0095, 0, 0.0405, 0.1704, 0.1493, 0]
    ]
  ],
  "V_est": [
    [870.1636, 0.3892, 123.3045, 1137.0554, 0.0874],
    [463.7173, 762.0909, 724.2177, 11877.7141, 538.26],
    [19.1945, 93.7961, 10860.3327, 3143.8029, 35.8738],
    [12.1679, 1264.4789, 194.4038, 1211.8494, 37.0999],
    [594.7567, 34.2448, 43.7413, 967.5782, 1.679]
  ],
  "p_est": [
    [0.4083, 0.0002, 0.0579, 0.5336, 0],
    [0.0323, 0.053, 0.0504, 0.8268, 0.0375],
    [0.0014, 0.0066, 0.7674, 0.2221, 0.0025],
    [0.0045, 0.4649, 0.0715, 0.4455, 0.0136],
    [0.3622, 0.0209, 0.0266, 0.5893, 0.001]
  ],
  "EI_Z": {},
  "EI_V": 9.8081,
  "MAE_Z": {},
  "MAE_V": 274.7219,
  "MAE_p": 0.0582,
  "runtime": 0.326
}
