{
  "X": [
    [6, 126, 243, 746, 31],
    [2, 2, 7, 37, 1],
    [1, 6, 10, 29, 1],
    [33, 36, 86, 456, 13],
    [6, 2, 8, 17, 4],
    [10, 1, 28, 19, 6],
    [12, 1, 23, 27, 2],
    [41, 74, 105, 343, 17],
    [240, 570, 1075, 3782, 87],
    [5, 19, 33, 216, 10],
    [21, 27, 111, 447, 16],
    [184, 224, 613, 2470, 72],
    [42, 141, 217, 599, 25],
    [156, 522, 624, 2165, 85],
    [5, 11, 11, 38, 0],
    [224, 382, 931, 2789, 97],
    [3, 6, 6, 37, 4],
    [10, 6, 4, 32, 4],
    [6, 6, 17, 86, 3],
    [44, 59, 135, 464, 21],
    [36, 61, 139, 677, 21],
    [1, 4, 6, 13, 1],
    [22, 50, 103, 120, 18],
    [0, 3, 0, 6, 1],
    [39, 68, 140, 459, 8],
    [31, 62, 129, 447, 32],
    [50, 59, 86, 335, 21],
    [8, 16, 25, 132, 2],
    [33, 46, 131, 378, 24],
    [54, 139, 237, 748, 29],
    [29, 63, 159, 476, 7],
    [6, 25, 44, 236, 3],
    [18, 26, 39, 216, 11],
    [28, 38, 103, 229, 15],
    [9, 17, 21, 103, 11],
    [44, 60, 130, 492, 13],
    [43, 62, 123, 516, 19],
    [26, 40, 103, 695, 21],
    [42, 49, 111, 465, 19],
    [30, 147, 128, 491, 18],
    [15, 44, 49, 123, 11],
    [77, 106, 192, 587, 33],
    [38, 56, 154, 375, 21],
    [34, 33, 77, 175, 10],
    [3, 1, 3, 27, 1],
    [32, 107, 114, 315, 14],
    [48, 122, 136, 399, 21],
    [21, 72, 75, 200, 10],
    [5, 6, 9, 23, 0],
    [78, 91, 215, 620, 46],
    [83, 75, 205, 529, 25],
    [276, 233, 668, 1627, 104],
    [192, 179, 437, 1105, 93],
    [1, 0, 1, 2, 1]
  ],
  "W": [
    [25, 271, 709, 114, 33],
    [3, 5, 34, 4, 3],
    [2, 12, 27, 3, 3],
    [24, 105, 450, 28, 17],
    [9, 7, 16, 1, 4],
    [14, 25, 15, 3, 7],
    [6, 25, 28, 2, 4],
    [39, 149, 327, 45, 20],
    [206, 1241, 3556, 600, 151],
    [4, 39, 207, 18, 15],
    [16, 137, 431, 24, 14],
    [121, 734, 2380, 224, 104],
    [31, 264, 569, 129, 31],
    [178, 838, 2048, 371, 117],
    [4, 14, 37, 8, 2],
    [192, 1073, 2636, 395, 127],
    [4, 8, 36, 6, 2],
    [5, 8, 38, 3, 2],
    [3, 21, 80, 10, 4],
    [33, 152, 445, 65, 28],
    [21, 178, 652, 59, 24],
    [3, 4, 14, 1, 3],
    [37, 120, 110, 23, 23],
    [0, 0, 6, 2, 2],
    [29, 167, 423, 71, 24],
    [24, 178, 413, 57, 29],
    [38, 126, 306, 48, 33],
    [10, 35, 123, 12, 3],
    [18, 162, 358, 48, 26],
    [53, 262, 725, 133, 34],
    [41, 158, 445, 70, 20],
    [8, 55, 214, 28, 9],
    [11, 54, 213, 17, 15],
    [56, 95, 210, 37, 15],
    [3, 26, 96, 14, 22],
    [28, 168, 447, 67, 29],
    [33, 162, 478, 63, 27],
    [16, 130, 666, 38, 35],
    [26, 135, 460, 50, 15],
    [35, 160, 466, 117, 36],
    [13, 66, 120, 28, 15],
    [50, 231, 567, 91, 56],
    [23, 178, 338, 71, 34],
    [25, 82, 165, 36, 21],
    [3, 3, 26, 3, 0],
    [25, 145, 311, 72, 29],
    [46, 176, 382, 88, 34],
    [15, 108, 197, 43, 15],
    [6, 9, 22, 5, 1],
    [53, 269, 572, 88, 68],
    [80, 232, 506, 60, 39],
    [188, 806, 1567, 186, 161],
    [118, 570, 1077, 137, 104],
    [0, 2, 3, 0, 0]
  ],
  "method": "mvn_pdf",
  "cond_prob": [
    [
      [0.20788994564, 0.24191974028, 0.49033673704, 0.023526718468, 0.03632685857],
      [0.018496326965, 0.11962162469, 0.67769435853, 0.13707710546, 0.047110584354],
      [0.0061582465612, 0.01393135054, 0.045974962883, 0.93077121518, 0.003164224837],
      [0.00039321267419, 0.59364883638, 0.063084296876, 0.34257528943, 0.0002983646463],
      [0.14048356074, 0.24587209282, 0.096268688078, 0.11070920524, 0.40666645312]
    ],
    [
      [0.31140487707, 0.096404605734, 0.54406595738, 0.034841375436, 0.013283184388],
      [0.022684563759, 0.042882451039, 0.72763083818, 0.19172349127, 0.015078655749],
      [0.0048840316832, 0.0033354885, 0.028140884014, 0.96297680473, 0.00066279107195],
      [0.00059520527317, 0.28821138306, 0.073614810801, 0.63745880793, 0.0001197929346],
      [0.28022510162, 0.13247106228, 0.13137050854, 0.22108868218, 0.23484464539]
    ],
    [
      [0.21141844087, 0.31779158014, 0.43213763372, 0.025372694694, 0.013279650586],
      [0.018539796094, 0.15925203825, 0.64608200191, 0.15847958143, 0.017646582315],
      [0.004790187589, 0.014036103385, 0.031501785385, 0.94875717731, 0.00091474633135],
      [0.00029026329446, 0.6628067941, 0.040592350489, 0.29622811249, 8.2479627803e-05],
      [0.17097092949, 0.39031998717, 0.096768174083, 0.14428589476, 0.1976550145]
    ],
    [
      [0.51069392656, 0.14691560323, 0.29442464655, 0.020988438614, 0.02697738504],
      [0.065625668506, 0.10637475303, 0.59751338021, 0.17926383647, 0.051222361785],
      [0.016758868904, 0.0095062285251, 0.031049044198, 0.94004984174, 0.0026360166281],
      [0.0013416681671, 0.51223332578, 0.053439575424, 0.4326735387, 0.00031189192773],
      [0.36018195314, 0.15647480581, 0.060520772777, 0.10349631589, 0.31932615239]
    ],
    [
      [0.487540129, 0.098855496686, 0.31661438594, 0.017425405652, 0.079564582718],
      [0.052664113771, 0.063988171804, 0.60456117299, 0.1408500425, 0.13793649893],
      [0.013258024716, 0.0057351763851, 0.029629271411, 0.94458353003, 0.0067939974579],
      [0.0013955336413, 0.44188463241, 0.066284084801, 0.48938539212, 0.0010503570217],
      [0.17275054303, 0.054278440271, 0.03266530088, 0.045258613031, 0.69504710279]
    ],
    [
      [0.41918260428, 0.059289870032, 0.46538552161, 0.014951667943, 0.041190336136],
      [0.041235126899, 0.033897084814, 0.76023206803, 0.10274233852, 0.061893381737],
      [0.015923171497, 0.004661620584, 0.058313142353, 0.91630205738, 0.0048000081857],
      [0.0016803638447, 0.3383393807, 0.13201106313, 0.52722302203, 0.00074617029253],
      [0.27416218353, 0.058988263222, 0.087607771448, 0.069315579762, 0.50992620204]
    ],
    [
      [0.7695461112, 0.029307412542, 0.18789953763, 0.0045889344408, 0.0086580041905],
      [0.15552479275, 0.038456892554, 0.70592836633, 0.070872926449, 0.029217021923],
      [0.079754896489, 0.0070594407783, 0.072220277267, 0.83792301055, 0.0030423749193],
      [0.0070677664087, 0.44909074116, 0.13821123004, 0.40522976859, 0.00040049379835],
      [0.72787442842, 0.042984567218, 0.052292491222, 0.030885530223, 0.14596298291]
    ],
    [
      [0.47024819261, 0.22992226238, 0.25518622336, 0.017296650947, 0.027346670706],
      [0.064266618786, 0.1763159852, 0.54791993815, 0.15648094095, 0.055016516915],
      [0.018547843279, 0.017810606873, 0.032249105929, 0.92818930509, 0.0032031388277],
      [0.0010297895261, 0.66457476182, 0.038467819555, 0.29566495584, 0.00026267326709],
      [0.3202193227, 0.23626731124, 0.050667843743, 0.082308563623, 0.31053695869]
    ],
    [
      [0.41245769412, 0.17467685984, 0.37129009682, 0.021405161683, 0.020170187536],
      [0.046747295542, 0.10991600389, 0.65165562794, 0.15843805439, 0.033243018232],
      [0.013571315132, 0.011169739054, 0.038683615344, 0.93462358775, 0.0019517427199],
      [0.00099326141487, 0.54269086516, 0.060830723587, 0.39527426068, 0.00021088916032],
      [0.32704885998, 0.20817231869, 0.085653528482, 0.11808426061, 0.26104103224]
    ],
    [
      [0.31339681485, 0.20691323952, 0.40406942595, 0.031609022339, 0.044011497343],
      [0.029220460328, 0.10915103023, 0.60259242284, 0.19805219946, 0.060983887138],
      [0.0067849366195, 0.0088478912646, 0.028103454452, 0.95342952096, 0.0028341967077],
      [0.00056063504243, 0.49927282145, 0.049898275099, 0.44992161496, 0.00034665344994],
      [0.18077151847, 0.18052441874, 0.06744612248, 0.127726309, 0.44353163131]
    ],
    [
      [0.41672872365, 0.13425696881, 0.38511742229, 0.025921198385, 0.037975686862],
      [0.043782981427, 0.079320450597, 0.63733100776, 0.18068339902, 0.058882161195],
      [0.011169414276, 0.007079606805, 0.033065136966, 0.94566248229, 0.0030233596575],
      [0.0010225986108, 0.43533782813, 0.065102602065, 0.49812793813, 0.00040903306523],
      [0.26815377795, 0.13043877922, 0.072222117974, 0.11665587022, 0.41252945463]
    ],
    [
      [0.49366272485, 0.13244783788, 0.3289213174, 0.020820728851, 0.024147391021],
      [0.061357868475, 0.091521243419, 0.63415215246, 0.16926402455, 0.043704711094],
      [0.016700382137, 0.0087197123023, 0.035281722449, 0.9368931284, 0.0024050547173],
      [0.0013934941829, 0.48346026833, 0.063258038499, 0.45159189659, 0.00029630239552],
      [0.37162373292, 0.14991589848, 0.072053370437, 0.1090913429, 0.29731565525]
    ],
    [
      [0.39071343539, 0.21015542329, 0.35559453955, 0.016920296273, 0.026616305501],
      [0.045334325742, 0.13620584916, 0.64411988817, 0.12913187642, 0.045208060503],
      [0.015790791342, 0.016614372073, 0.045765913559, 0.91864935901, 0.003179564016],
      [0.00090794444502, 0.63780677131, 0.056562334499, 0.30445291627, 0.00027003347322],
      [0.28555173588, 0.23124934546, 0.075625730886, 0.086187301634, 0.32138588614]
    ],
    [
      [0.36191558795, 0.28933913255, 0.30270337526, 0.020054661574, 0.025987242665],
      [0.043358620413, 0.19249581315, 0.5618644154, 0.15698720814, 0.045293942903],
      [0.012652108352, 0.019659342491, 0.033520427333, 0.93149585893, 0.0026722628882],
      [0.00065965809989, 0.68111562907, 0.037548529545, 0.28047048529, 0.00020569798699],
      [0.24970161375, 0.30011621695, 0.060772372025, 0.096295124697, 0.29311467258]
    ],
    [
      [0.50982958035, 0.23952580765, 0.23224345018, 0.0131047629, 0.0052963989235],
      [0.068728232712, 0.20515067868, 0.57973766657, 0.1346687374, 0.011714684636],
      [0.020793904494, 0.021900483256, 0.034538200209, 0.92203417653, 0.00073323550812],
      [0.00093848355818, 0.74023106709, 0.033519516609, 0.225261652, 4.9280740067e-05],
      [0.45360366128, 0.32983320054, 0.059950286809, 0.082940121318, 0.073672730054]
    ],
    [
      [0.43919182822, 0.14743891161, 0.36877142226, 0.019522683299, 0.025075154606],
      [0.050998385637, 0.095089318388, 0.66343630362, 0.14811631074, 0.042359681608],
      [0.015743348249, 0.010275758033, 0.041873833422, 0.9294628582, 0.0026442020988],
      [0.0012006069295, 0.52037010157, 0.068613058813, 0.40951852341, 0.00029770927761],
      [0.33432994912, 0.1687119163, 0.081679462447, 0.10341115072, 0.31186752141]
    ],
    [
      [0.3937052739, 0.15311890313, 0.21077140191, 0.01550047054, 0.22690395052],
      [0.037950721729, 0.092999760656, 0.37401535403, 0.11381618806, 0.38121797552],
      [0.013209314343, 0.011609088875, 0.025687617403, 0.92586818695, 0.023625792429],
      [0.0009229466416, 0.61017686721, 0.038465929269, 0.34799808898, 0.0024361678995],
      [0.037606631433, 0.024051495493, 0.0064857175148, 0.0115657561, 0.92029039946]
    ],
    [
      [0.85095833233, 0.050436277568, 0.031930563452, 0.001291450189, 0.065383376461],
      [0.25366537547, 0.11143567845, 0.20788728701, 0.033121180938, 0.39389047812],
      [0.20888863883, 0.032638924791, 0.035377213782, 0.66483721858, 0.058258004011],
      [0.0064495210929, 0.8621786706, 0.023370460337, 0.10531937842, 0.0026819695514],
      [0.2592484123, 0.025888137732, 0.0033762950921, 0.0031060455576, 0.70838110932]
    ],
    [
      [0.5561880201, 0.094348655652, 0.30035972896, 0.023032794096, 0.026070801193],
      [0.065087632958, 0.068191487935, 0.61994015682, 0.1977165415, 0.049064180785],
      [0.014530846951, 0.0053946318108, 0.027470585834, 0.95042519932, 0.0021787360878],
      [0.0014889965605, 0.38510841145, 0.060815050273, 0.55225610307, 0.00033143864137],
      [0.38187808534, 0.10045241059, 0.060925617942, 0.11372290584, 0.34302098029]
    ],
    [
      [0.48926471975, 0.12941059737, 0.33399002722, 0.017583039285, 0.02975161637],
      [0.060694358267, 0.090096644424, 0.65070620917, 0.14423691197, 0.054265876167],
      [0.019012923327, 0.0098922717397, 0.041521851315, 0.92614313055, 0.0034298230633],
      [0.0014776269607, 0.5144198594, 0.069366377338, 0.41434236492, 0.0003937713882],
      [0.349547055, 0.13936850031, 0.069454270471, 0.087663634666, 0.35396653955]
    ],
    [
      [0.46157052513, 0.15710945407, 0.32629421863, 0.023511251717, 0.031514550452],
      [0.054463870406, 0.10392708903, 0.60372596656, 0.18323782232, 0.054645251683],
      [0.013716315654, 0.0091610378532, 0.030987607315, 0.94335951733, 0.0027755218486],
      [0.0011195647609, 0.50035717603, 0.054379842383, 0.44380869639, 0.00033472044198],
      [0.31140354682, 0.15982166666, 0.064133875929, 0.11073498543, 0.35390592515]
    ],
    [
      [0.16276945604, 0.31837010461, 0.49814535836, 0.0097472919707, 0.010967789019],
      [0.014275365615, 0.14887307135, 0.76464987208, 0.058248411251, 0.013953279702],
      [0.0076388027954, 0.026944964312, 0.069688069344, 0.89419148622, 0.0015366773245],
      [0.00024760348503, 0.84158580644, 0.045561102925, 0.11253107414, 7.4413012044e-05],
      [0.15613166742, 0.45966132215, 0.11879700098, 0.062723739895, 0.20268626956]
    ],
    [
      [0.32408170435, 0.24069021997, 0.38529739559, 0.014891457538, 0.035039222551],
      [0.035175396153, 0.1460428033, 0.65610968753, 0.10683066834, 0.05584144468],
      [0.014359038258, 0.020865153586, 0.05447704269, 0.90570096239, 0.004597803075],
      [0.00070303731662, 0.68976037765, 0.057229356252, 0.25197497447, 0.00033225431172],
      [0.21732156912, 0.2432639826, 0.075049071408, 0.069707014172, 0.3946583627]
    ],
    [
      [0.039357579793, 0.90094796399, 0.019190836606, 0.017489164139, 0.02301445547],
      [0.011685450779, 0.58093699153, 0.18759263111, 0.17801228792, 0.041772638664],
      [0.0019796212995, 0.030310597741, 0.0051773252818, 0.96124948176, 0.0012829739185],
      [4.2825381549e-05, 0.94532659367, 0.0014820289304, 0.053105443038, 4.3108982561e-05],
      [0.031544810177, 0.5329979801, 0.0065279735747, 0.046989487616, 0.38193974854]
    ],
    [
      [0.46339868172, 0.15616693923, 0.34470973983, 0.02148159398, 0.014243045238],
      [0.05527786533, 0.10455039925, 0.64571056568, 0.16949828544, 0.0249628843],
      [0.014934640766, 0.0098970140593, 0.035537949419, 0.93826694129, 0.0013634544686],
      [0.0011665274418, 0.51709847664, 0.05966878854, 0.42190887199, 0.00015733538383],
      [0.39161044057, 0.19880186269, 0.08468458045, 0.1265758638, 0.19832725249]
    ],
    [
      [0.42606862867, 0.17013987699, 0.32427047232, 0.022986949836, 0.056534072188],
      [0.048340828096, 0.10818879004, 0.57685909308, 0.17233057135, 0.09428071744],
      [0.012875213731, 0.010091212069, 0.031320052742, 0.94065432361, 0.005059197847],
      [0.001001088017, 0.52519781911, 0.052342049214, 0.42087798361, 0.00058106004502],
      [0.22594152947, 0.13612935363, 0.050143045574, 0.085194738934, 0.5025913324]
    ],
    [
      [0.56161351597, 0.16090894953, 0.22893239585, 0.019482243747, 0.029062894901],
      [0.082678066171, 0.13322304717, 0.53075461026, 0.19031916437, 0.063025112035],
      [0.019848737313, 0.011208540141, 0.025985504579, 0.93990339555, 0.0030538224181],
      [0.0014709294467, 0.55691124357, 0.041371837856, 0.39991168861, 0.00033430052214],
      [0.3765645111, 0.16285238339, 0.044766448841, 0.091327772853, 0.32448888381]
    ],
    [
      [0.42469853517, 0.22811982368, 0.29998701671, 0.030414322241, 0.016780302202],
      [0.047162856922, 0.14639861436, 0.54536633409, 0.23271974283, 0.028352451799],
      [0.0092102780856, 0.0099886975546, 0.02145563804, 0.95823172245, 0.0011136638715],
      [0.00071867588436, 0.53994477587, 0.03598401553, 0.42322402685, 0.00012850586945],
      [0.31019694788, 0.25424179701, 0.064028624568, 0.15720444112, 0.21432818941]
    ],
    [
      [0.47620719949, 0.12651326902, 0.34043133344, 0.017986449426, 0.038861748617],
      [0.057277001587, 0.085605010239, 0.6447794771, 0.14343324684, 0.068905264233],
      [0.018031259733, 0.0094436072586, 0.041336743336, 0.92681582007, 0.0043725695989],
      [0.0014339491145, 0.50332651744, 0.070684806473, 0.42404090837, 0.00051381861025],
      [0.30869988876, 0.12374683479, 0.064303445187, 0.081462242864, 0.4217875884]
    ],
    [
      [0.39634163783, 0.18636410685, 0.3709313386, 0.017205787936, 0.029157128784],
      [0.045175234145, 0.11848336007, 0.65896259174, 0.12879557383, 0.048583240219],
      [0.015797471341, 0.01450963712, 0.047013137321, 0.91924924027, 0.003430513952],
      [0.00098674763848, 0.60453160519, 0.063109292368, 0.33105591421, 0.00031644059331],
      [0.28590838375, 0.20234037526, 0.077847180101, 0.086476399426, 0.34742766146]
    ],
    [
      [0.34185159687, 0.15756523232, 0.46224614854, 0.023340234705, 0.014996787568],
      [0.033487503447, 0.086253896346, 0.70810919754, 0.15064471775, 0.021504684916],
      [0.01015506439, 0.0091631111462, 0.043696766027, 0.93566688052, 0.0013181779185],
      [0.00081494921689, 0.49150485643, 0.075358616807, 0.43216535117, 0.00015622637936],
      [0.30437296448, 0.21108650225, 0.11940938917, 0.14473417585, 0.22039696824]
    ],
    [
      [0.31780838606, 0.21493640932, 0.4120274021, 0.038676865603, 0.016550936914],
      [0.029040711163, 0.11118376332, 0.60013308696, 0.23721295198, 0.022429486574],
      [0.0056951711297, 0.0076254278404, 0.023733463534, 0.96205918486, 0.00088675263183],
      [0.00050894879552, 0.46145856447, 0.045599028345, 0.49231628201, 0.00011717637408],
      [0.24223959159, 0.24746698396, 0.090893325387, 0.20623814133, 0.21316195773]
    ],
    [
      [0.50529595204, 0.19048871105, 0.24872479006, 0.018809688289, 0.036680858566],
      [0.068161246758, 0.14664734603, 0.53972246672, 0.17138818279, 0.074080757707],
      [0.017911518299, 0.013473208659, 0.028760528255, 0.93594716427, 0.0039075805159],
      [0.0011787096684, 0.6063658375, 0.040676766081, 0.35139808757, 0.00038059918007],
      [0.30964655779, 0.17717502172, 0.044569645168, 0.081031629552, 0.38757714577]
    ],
    [
      [0.34967795731, 0.14727728688, 0.44220372069, 0.022052326161, 0.038788708965],
      [0.034515845424, 0.081292840675, 0.6841423282, 0.14383159892, 0.056217386788],
      [0.010826555563, 0.0089478368271, 0.043618935254, 0.93305403701, 0.0035526353466],
      [0.00088080212522, 0.48801778581, 0.076204278374, 0.43447063172, 0.00042650197625],
      [0.23127244815, 0.14682818781, 0.084955797716, 0.1018916151, 0.43505195122]
    ],
    [
      [0.41173052298, 0.19855333395, 0.32742865878, 0.023582067208, 0.038705417087],
      [0.045265607471, 0.12514700504, 0.58859427529, 0.17723972063, 0.063753391572],
      [0.011414700107, 0.011049688981, 0.029626204348, 0.94468028164, 0.0032291249208],
      [0.00084034121369, 0.56017691026, 0.046738509687, 0.39189211175, 0.00035212708793],
      [0.25096322257, 0.18339134624, 0.057578356891, 0.10083934259, 0.4072277317]
    ],
    [
      [0.51259728183, 0.13843272632, 0.30742674859, 0.023587144455, 0.017956098804],
      [0.064507872532, 0.097853000786, 0.6079107931, 0.19650400215, 0.033224331428],
      [0.015160402363, 0.0080585582696, 0.029119785211, 0.946083468, 0.0015777861574],
      [0.0013207360833, 0.46927808789, 0.054531369095, 0.47466674331, 0.00020306362796],
      [0.40300203643, 0.1640539673, 0.070348166284, 0.1294110001, 0.2331848299]
    ],
    [
      [0.49621689727, 0.152604439, 0.30033053197, 0.023671753079, 0.027176378686],
      [0.061786584546, 0.10660879499, 0.58693620463, 0.19492634354, 0.049742072296],
      [0.014635371437, 0.0088462797259, 0.028342909505, 0.94579738944, 0.002378049892],
      [0.0012206801994, 0.4934648442, 0.050809905789, 0.45421158172, 0.00029298809239],
      [0.3468419115, 0.16084649342, 0.061151667154, 0.11553521522, 0.3156247127]
    ],
    [
      [0.41288285361, 0.15952202886, 0.36249626624, 0.032940740722, 0.032158110562],
      [0.042847810683, 0.09268945806, 0.58974068363, 0.22575966009, 0.048962387533],
      [0.0088880123009, 0.0067252552517, 0.024899430479, 0.95743882983, 0.0020484721403],
      [0.00084123273685, 0.42611254878, 0.050651871173, 0.52210786395, 0.00028648335426],
      [0.27102179831, 0.15780075294, 0.069205349888, 0.15086735693, 0.35110474193]
    ],
    [
      [0.56328526649, 0.11842934933, 0.26699843976, 0.015039677877, 0.036247266549],
      [0.080659842851, 0.095670910543, 0.60375524723, 0.14309989743, 0.076814101943],
      [0.025296588848, 0.010515872754, 0.038578103548, 0.92075925, 0.0048501848492],
      [0.0019133721349, 0.53384572435, 0.062756934384, 0.40094187151, 0.0005420976193],
      [0.36657144593, 0.11645418818, 0.050739482949, 0.068476820885, 0.39775806206]
    ],
    [
      [0.31592746805, 0.33042394331, 0.31245720759, 0.019335641042, 0.021855740002],
      [0.036608330508, 0.21367083738, 0.56530469712, 0.14737545818, 0.037040676802],
      [0.011269137008, 0.023025411472, 0.035462045368, 0.92794087063, 0.0023025355188],
      [0.00052364366731, 0.71579732346, 0.035401568797, 0.24811943124, 0.00015803283754],
      [0.22563693938, 0.35529948131, 0.064873457019, 0.096246973186, 0.25794314911]
    ],
    [
      [0.39394611199, 0.28259552478, 0.27678250653, 0.013379978183, 0.033295878515],
      [0.050412175373, 0.20512059277, 0.56608279086, 0.11492074115, 0.063463699852],
      [0.019030247813, 0.027121730998, 0.043329174865, 0.90570258375, 0.004816262579],
      [0.00077255787783, 0.75254033165, 0.037777566829, 0.2086204282, 0.0002891154496],
      [0.2513677016, 0.27310369928, 0.051487744723, 0.059862423634, 0.36417843076]
    ],
    [
      [0.52052430007, 0.15076690013, 0.2885094008, 0.014713752912, 0.025485646088],
      [0.072163557803, 0.1168352241, 0.62500641792, 0.13427426637, 0.051720533818],
      [0.024085337167, 0.013658765584, 0.042567462476, 0.91620075461, 0.0034876801595],
      [0.0015700382436, 0.59444426155, 0.059627240427, 0.34402266099, 0.00033579878956],
      [0.38443265816, 0.16765642317, 0.062015007288, 0.075736425126, 0.31015948625]
    ],
    [
      [0.45730797572, 0.11927242868, 0.37863173306, 0.018817794903, 0.025970067641],
      [0.052561434705, 0.076958291515, 0.6835420271, 0.14307161586, 0.043866630812],
      [0.016624233467, 0.0085349583694, 0.04402876234, 0.92801049061, 0.0028015552139],
      [0.0013838191847, 0.4748043202, 0.07878742874, 0.44467993006, 0.00034450181806],
      [0.34933776124, 0.13726908211, 0.08410829153, 0.10026222675, 0.32902263838]
    ],
    [
      [0.55453060052, 0.10590605442, 0.30814029481, 0.01259583352, 0.018827216732],
      [0.07713981244, 0.083592175991, 0.68309125884, 0.11731657779, 0.038860174934],
      [0.028693710997, 0.010930978513, 0.051573696014, 0.9058819232, 0.0029196912794],
      [0.0020962951556, 0.53798346152, 0.080991707303, 0.3786133064, 0.00031522962306],
      [0.45940169396, 0.13248802409, 0.07420506538, 0.072915891983, 0.26098932458]
    ],
    [
      [0.7276708466, 0.039056957011, 0.17361654719, 0.014777333195, 0.044878316001],
      [0.088686968901, 0.040863183053, 0.54200952373, 0.18433903156, 0.14410129276],
      [0.017661482437, 0.0031719312447, 0.020336775266, 0.95442382059, 0.0044059904589],
      [0.0022107171844, 0.29771926447, 0.055306083982, 0.6439592298, 0.00080470456639],
      [0.0018422081653, 0.00027762277167, 0.00036340412201, 0.00068654240964, 0.99683022253]
    ],
    [
      [0.3797390941, 0.29813031726, 0.289448208, 0.013539729882, 0.019142650755],
      [0.048877832099, 0.21501389366, 0.58479502239, 0.11513206947, 0.036181182377],
      [0.018699006433, 0.028793945735, 0.045562521053, 0.90414934337, 0.0027951834129],
      [0.00073200557003, 0.75761704017, 0.038325637306, 0.20316362777, 0.00016168917695],
      [0.28673725144, 0.33920558595, 0.063559087771, 0.071291286182, 0.23920678866]
    ],
    [
      [0.42530317947, 0.25716720974, 0.27796656542, 0.015306378077, 0.024256667291],
      [0.05613126218, 0.18980953835, 0.57399239528, 0.13314354102, 0.046923263168],
      [0.018851941147, 0.022326404641, 0.039318620721, 0.91632050795, 0.0031825255377],
      [0.00089415226926, 0.70898934847, 0.040064872208, 0.24982868471, 0.0002229423471],
      [0.30341058157, 0.27640472154, 0.057722048212, 0.076157283829, 0.28630536485]
    ],
    [
      [0.39223005276, 0.32451579548, 0.24955461273, 0.012866285469, 0.020833253562],
      [0.053409012879, 0.2494116369, 0.53841640726, 0.11674655369, 0.042016389264],
      [0.020002801288, 0.032678843757, 0.041028612903, 0.90311712048, 0.0031726215711],
      [0.0007084922094, 0.78504441433, 0.031238000482, 0.18284294591, 0.00016614706793],
      [0.28125725122, 0.35171901, 0.052173356449, 0.064536344619, 0.25031403771]
    ],
    [
      [0.55224875854, 0.15264832869, 0.27810657094, 0.012418802011, 0.0045775398269],
      [0.070106310423, 0.12496652826, 0.67199285866, 0.12330934359, 0.0096249590641],
      [0.021433121017, 0.013812824459, 0.039807707784, 0.9243200283, 0.00062631843958],
      [0.0013324939131, 0.64912482303, 0.052861313274, 0.29662382811, 5.754167692e-05],
      [0.53812425147, 0.23180167595, 0.077846681991, 0.086645755693, 0.065581634898]
    ],
    [
      [0.50182948829, 0.13327827755, 0.31251546631, 0.018811662451, 0.033565105402],
      [0.063926595489, 0.094799382885, 0.62115902847, 0.1575896794, 0.062525313758],
      [0.018493303199, 0.0096060740289, 0.036678715579, 0.93156765274, 0.0036542544535],
      [0.0014695303431, 0.50888919351, 0.062627750325, 0.42658469962, 0.00042882620016],
      [0.33959739348, 0.13577685011, 0.061552426055, 0.088727596021, 0.37434573433]
    ],
    [
      [0.5142595081, 0.12979589794, 0.31688391044, 0.016420155562, 0.022640527958],
      [0.067680856708, 0.0954100926, 0.6511066651, 0.14219852613, 0.043603859461],
      [0.021465027629, 0.010598886945, 0.042141221345, 0.92300034628, 0.0027945178045],
      [0.0016116208011, 0.53120618767, 0.067979143878, 0.3988932348, 0.00030981285846],
      [0.39877182925, 0.15152726707, 0.071498800826, 0.088744948199, 0.28945715465]
    ],
    [
      [0.56043474474, 0.11577671593, 0.28504908945, 0.013895929763, 0.024843520116],
      [0.081269746096, 0.093332445246, 0.64115125561, 0.13179441602, 0.052452137029],
      [0.027666582742, 0.011123325413, 0.044623926988, 0.91297538296, 0.0036107818998],
      [0.0020261304609, 0.54131796992, 0.070214365148, 0.38605112135, 0.00039041312288],
      [0.42448559357, 0.13184662105, 0.062828923483, 0.073252532979, 0.30758632892]
    ],
    [
      [0.5908991213, 0.11800938391, 0.24408301508, 0.012011598289, 0.034996881416],
      [0.093217595941, 0.10366379286, 0.59843898773, 0.12415366854, 0.08052595493],
      [0.033321768079, 0.012974521098, 0.043728246663, 0.90415742942, 0.0058180347383],
      [0.0022466903729, 0.58203919701, 0.063350937743, 0.35178395752, 0.00057921735357],
      [0.39469009956, 0.11858330074, 0.047471253809, 0.055874427954, 0.38338091793]
    ],
    [
      [0.79166962592, 0.061991426539, 0.1217890248, 0.0044823178034, 0.020067604938],
      [0.011219104112, 1.4665006324e-05, 0.0045124925058, 9.6405214424e-05, 0.98415733316],
      [0.28368090728, 0.0010338934954, 0.03227652626, 0.47508455306, 0.2079241199],
      [0.0023012197292, 0.75651518929, 0.04805789462, 0.1926552714, 0.00047042496275],
      [0.57348122493, 0.083838963124, 0.031065743554, 0.026386906979, 0.28522716141]
    ]
  ],
  "expected_outcome": [
    [
      [5.197248641, 0.9342146312, 0.42283688174, 12.2566542375, 4.387861161, 5.8685564599, 4.6172766672, 18.3396795119, 84.9662849881, 1.2535872594, 6.6676595784, 59.733189707, 12.1121164971, 64.4209746548, 2.0393183214, 84.3248310183, 1.5748210956, 4.2547916616, 1.6685640603, 16.1457357516, 9.6929810278, 0.48830836812, 11.9910230611, 0, 13.43856177, 10.225647088, 21.3413136067, 4.2469853517, 8.5717295909, 21.0061068048, 14.0159154716, 2.5424670885, 5.5582554724, 19.5819656092, 1.2351915689, 14.3527238911, 16.3751576098, 6.6061256578, 14.6454169287, 11.0574613819, 5.1212994559, 26.0262150036, 10.5180834415, 13.8632650131, 2.1830125398, 9.4934773526, 19.5639462556, 5.8834507914, 3.3134925512, 26.5969628793, 41.1407606479, 105.3617320104, 69.7260963133, 0],
      [6.0479935071, 0.2892138172, 0.63558316027, 3.5259744775, 0.88969947017, 0.83005818045, 0.17584447525, 8.9669682328, 35.9834331277, 0.82765295809, 2.148111501, 16.0261883832, 6.5148181219, 51.5023655938, 0.95810323062, 28.3082710291, 0.61247561253, 0.25218138784, 0.28304596696, 4.2705497133, 3.2992985355, 0.95511031383, 8.9055381387, 0, 4.5288412375, 4.0833570477, 6.1145400823, 2.2811982368, 2.2772388424, 9.8772976632, 6.4601745252, 1.7194912746, 2.0953758215, 8.2475280651, 0.59566000186, 3.876116337, 5.0359464869, 2.5523524617, 3.0791630825, 11.5648380159, 3.6737418222, 7.5383450065, 2.7432658595, 2.6476513604, 0.11717087103, 7.4532579314, 11.8296916481, 4.8677369322, 0.91588997213, 7.06374871, 10.3836718355, 21.7660225951, 13.9251073019, 0],
      [12.258418426, 1.6321978721, 0.86427526743, 7.0661915173, 2.8495294735, 6.5153973025, 1.1273972258, 9.9522627109, 76.4857599451, 1.6162777038, 6.1618787567, 39.7994794054, 11.023430726, 53.8812007969, 0.9289738007, 70.8041130748, 0.84308560765, 0.15965281726, 0.90107918687, 11.0216708984, 6.8521785912, 1.4944360751, 14.2560036369, 0, 9.9965824552, 7.7824913357, 8.6994310423, 2.9998701671, 6.1277640019, 19.6593609458, 18.95209209, 3.2962192168, 2.7359726906, 24.7634083586, 0.98228597633, 8.6079489606, 9.9109075551, 5.7999402599, 6.9419594338, 10.9360022656, 3.5981725849, 14.42547004, 8.7085298604, 7.7035073702, 0.52084964156, 7.2362052001, 12.7864620094, 3.7433191909, 1.6686394256, 16.5633197145, 25.3507128349, 53.5892288174, 28.8017957796, 0],
      [0.58816796169, 0.10452412631, 0.050745389388, 0.50372252673, 0.15682865087, 0.2093233512, 0.027533606645, 0.67456938693, 4.4094633066, 0.12643608936, 0.41473917417, 2.5193081909, 0.52452918448, 3.5697297602, 0.052419051602, 3.7483551934, 0.06200188216, 0.006457250945, 0.069098382289, 0.58024029639, 0.49373628607, 0.029241875912, 0.5509839289, 0, 0.62296622541, 0.55168679606, 0.7403252624, 0.30414322241, 0.32375608966, 0.91190676063, 0.95694962292, 0.30941492482, 0.20690657118, 1.234930265, 0.070746201625, 0.66044004473, 0.78116785159, 0.52705185156, 0.3910316248, 0.67674743647, 0.17393971639, 0.73568764558, 0.43280928277, 0.314895838, 0.044331999585, 0.33849324706, 0.70409339154, 0.19299428203, 0.074512812064, 0.99701810993, 1.313612445, 2.6124347954, 1.4173685982, 0],
      [0.90817146425, 0.039849553163, 0.026559301172, 0.64745724097, 0.71608124446, 0.5766647059, 0.051948025143, 1.0665201575, 4.1550586324, 0.17604598937, 0.60761098979, 2.9218343135, 0.82510547053, 4.6257291944, 0.021185595694, 4.8144296843, 0.90761580206, 0.3269168823, 0.078212403579, 0.98180334021, 0.66180555948, 0.032903367058, 1.2964512344, 0, 0.4130483119, 1.3568177325, 1.1043900062, 0.16780302202, 0.6995114751, 1.5453278256, 0.6148682903, 0.13240749531, 0.40348944422, 2.172167702, 0.11611625126, 0.50277076651, 0.89682049663, 0.51452976899, 0.94242893028, 0.76495090009, 0.43284642069, 1.2742823044, 0.59731155574, 0.4706804183, 0.134634948, 0.47856626888, 1.1158066954, 0.31249880344, 0.027465238962, 1.7789505863, 1.8112422367, 4.6705817817, 4.1296320071, 0]
    ],
    [
      [5.0125046074, 0.1134228188, 0.22247755312, 6.8906951931, 0.3686487964, 1.0308781725, 3.8881198186, 9.5757261991, 58.0133937672, 1.1395979528, 5.9982684555, 45.0366754603, 11.9682619958, 36.3345239061, 0.96219525796, 54.7212677884, 0.30360577383, 2.0293230038, 1.3668402921, 9.2255424566, 9.6945689322, 0.057101462459, 4.2210475383, 0, 9.2314035101, 8.604667401, 10.4174363375, 1.6506999923, 9.278874257, 11.835911346, 5.2910255447, 1.597239114, 3.6807073249, 3.2790053153, 1.1769057943, 10.8373225853, 10.0094266964, 5.5702153888, 10.8890787849, 5.8573328812, 3.3272035746, 16.6697818524, 9.3559353776, 6.3254646201, 0.2660609067, 7.0872856544, 9.8791021437, 5.7681733909, 0.63095679381, 17.1962541866, 15.7019587563, 65.5034153531, 53.1340296862, 0.022438208223],
      [32.4174602915, 0.21441225519, 1.911024459, 11.1693490679, 0.44791720263, 0.84742712036, 0.96142231384, 26.2710817945, 136.4057608259, 4.2568901791, 10.8669017318, 67.1765926698, 35.9583441793, 161.3114914179, 2.8721095015, 102.0308386307, 0.74399808525, 0.89148542762, 1.4320212466, 13.6946899525, 18.4990218473, 0.59549228542, 17.5251363958, 0, 17.4599166752, 19.2576046276, 16.7861039428, 5.1239515026, 13.8680116587, 31.0426403375, 13.6281156226, 6.1151069827, 7.9189566857, 7.7228198641, 3.253822131, 16.439304132, 17.2706247885, 12.0496295479, 12.9155729233, 34.1873339815, 13.5379591227, 26.9889367664, 13.6985758896, 6.8545584313, 0.12258954916, 31.177014581, 33.40647875, 26.9364567857, 1.1246987543, 25.501033996, 22.1351414832, 75.2259508681, 59.0883619282, 2.9330012649e-05],
      [183.6551711622, 3.6381541909, 7.7529840229, 62.7389049223, 4.2319282109, 19.0058017008, 17.6482091582, 81.6400707849, 808.7046342776, 23.5011044907, 87.3143480635, 465.4676799069, 170.0476504765, 470.8423801025, 8.116327332, 711.8671537859, 2.9921228323, 1.6630982961, 13.0187432932, 98.9073437946, 107.4632220476, 3.0585994883, 78.7331625035, 0, 107.8336644687, 102.6809185674, 66.8750808922, 19.087821693, 104.4542752902, 172.6481990354, 111.881253212, 33.0073197831, 29.1450132027, 64.9935211788, 15.3034511576, 102.1290132416, 95.0836651502, 76.6662888721, 81.5069583767, 90.4487515396, 37.3614641965, 144.3764825385, 121.6704808244, 56.0134832249, 1.6260285712, 84.7952782462, 101.0226615693, 58.148971984, 6.047935728, 167.0917786587, 151.0567463033, 516.7679120238, 341.1102230066, 0.0090249850116],
      [37.1478955791, 0.95861745637, 1.9017549772, 18.8227028293, 0.98595029753, 2.568558463, 1.7718231612, 23.3156602012, 196.6216255038, 7.724035779, 24.7536256655, 124.2397940198, 34.0908153756, 131.5552804208, 1.8853623236, 158.9288014292, 0.91052950451, 0.26496944751, 4.1520473716, 21.9240106191, 32.6163323734, 0.23299364501, 12.8196802007, 0, 28.306213668, 30.6748416996, 23.980214711, 8.1451909991, 23.2361859882, 33.7444403439, 23.8018654039, 13.0467123587, 9.2549618705, 13.664001897, 4.6082327363, 33.0126723611, 31.5780676529, 29.348755812, 19.3184861527, 23.5800733094, 7.584768916, 31.0173555307, 25.4667476238, 9.6199593791, 0.55301709468, 16.6941500737, 23.4332632194, 12.6086277989, 1.1097840923, 42.3916237578, 32.9900580622, 106.2262993099, 70.7675910691, 0.00019281042885],
      [12.7669683599, 0.075393278744, 0.21175898778, 5.3783479874, 0.96555549251, 1.5473345434, 0.73042554808, 8.1974610203, 41.2545856256, 2.3783715984, 8.0668560837, 32.0792579432, 11.9349279727, 37.9563241527, 0.16400558491, 45.4519383657, 3.0497438041, 3.151123825, 1.0303477965, 8.2484131773, 9.7268547996, 0.05581311881, 6.7009733616, 0, 4.1688016781, 16.7819677043, 7.9411641164, 0.99233581295, 11.1626528058, 12.7288089373, 3.3977402168, 1.2336217615, 4.0003609162, 5.3406517449, 1.6575881809, 5.5816876799, 8.058215712, 6.3651103792, 10.3699037623, 5.9265082883, 4.1886041903, 11.9474433119, 7.8082602845, 3.1865343446, 0.43230387827, 5.2462714447, 8.2584943176, 4.5377700405, 0.086624631577, 16.8193094009, 10.116095395, 42.2764224451, 45.8997943099, 1.9683146663]
    ],
    [
      [4.3661968119, 0.16605707723, 0.1293350649, 7.5414910066, 0.21212839546, 0.23884757245, 2.2331371017, 6.0651447521, 48.2595966109, 1.4044818802, 4.8140175531, 39.7469094859, 8.9849602736, 25.9115179058, 0.76937446629, 41.4994659841, 0.47553531633, 7.9377682757, 1.162467756, 8.4607508807, 8.9430378062, 0.10694323914, 1.5794942083, 0.011877727797, 6.3173530438, 5.317463271, 6.0737136177, 1.1328642045, 6.4551909845, 11.4531667219, 4.5190036537, 1.2187666217, 3.8151533976, 2.2735766682, 1.0958112103, 6.7766998561, 6.9957075467, 5.9194161924, 11.6364308702, 5.2514178459, 2.2836297375, 13.656386174, 5.6189909117, 4.7344623146, 0.45919854336, 5.8153910006, 7.2014415182, 3.9405518538, 0.47152866238, 10.5781694297, 10.8613039802, 43.3535351567, 35.8875442208, 0.85104272183],
      [9.8773275329, 0.113406609, 0.37897479139, 4.2778028363, 0.091762822161, 0.069924308759, 0.19766434179, 5.8240684476, 39.7195920758, 1.8315134918, 3.051310533, 20.7529152794, 9.4535777096, 40.2623334223, 0.81031788047, 27.0868981745, 0.41792719951, 1.2402791421, 0.43157054486, 4.4020609241, 5.9729966803, 0.37722950036, 2.2951668945, 0.18186358644, 4.1864369471, 4.1676705844, 3.4298132831, 1.2286097992, 3.3808113986, 10.5194869116, 4.0775844601, 1.6318415578, 2.8697934444, 1.8790457337, 1.0607701421, 3.6021755465, 4.228521709, 4.4790199976, 4.8373014671, 10.7298417459, 3.2546077198, 7.7445200859, 2.8848159289, 1.8036114546, 0.082470212363, 8.9549171234, 8.5286865728, 6.4377322202, 0.3038821381, 5.4946743445, 5.3630367941, 17.4302509214, 13.9735592228, 0.0031016804861],
      [32.5962486843, 0.95679005648, 0.8505482054, 13.9720698892, 0.47406834258, 0.8746971353, 2.0221677635, 10.5454576389, 137.5589361625, 5.8174150715, 14.2510740326, 83.9704994275, 26.0408048152, 68.6498351784, 1.2779134077, 110.3794249011, 0.9247542265, 1.3443341237, 2.1976468667, 18.4772238354, 20.2039199693, 0.97563297082, 5.9924746959, 0.031063951691, 15.0325526042, 12.9351817824, 7.9515644012, 2.6390434789, 14.7985541143, 34.0845245578, 19.4450608822, 5.0789611964, 6.1259925182, 9.1599764033, 2.8441156174, 13.0165439893, 13.5479107436, 16.5830206992, 17.7459276323, 16.5253131414, 5.1995009838, 24.135751224, 14.881721671, 8.5096598423, 0.5287561569, 14.1699440476, 15.0197131154, 8.0826367419, 0.87576957125, 20.980225311, 21.3234580005, 69.9256935896, 47.0953216562, 0.09682957878],
      [659.9167915616, 32.7412113609, 25.6164437874, 423.0224287852, 15.1133364805, 13.7445308607, 23.4618442953, 303.5179027648, 3323.521478039, 197.359910838, 407.580529869, 2229.8056455801, 522.7114852764, 1907.7035190986, 34.1152645317, 2450.064094208, 33.3312547302, 25.2638143061, 76.0340159453, 412.1336930966, 615.0704052989, 12.5186808071, 99.627105863, 5.7674968906, 396.8869161647, 388.4902356514, 287.6104390381, 117.8625018611, 331.8000635862, 666.4556991934, 416.3717618303, 205.8806655608, 199.3567459898, 195.941347772, 90.6893070378, 422.8993101958, 452.0911521524, 637.6542606653, 423.5492549998, 432.420445715, 108.6843100494, 519.4858278657, 313.6675458261, 149.4705173275, 24.8150193354, 281.1904457869, 350.0344340382, 177.9140727346, 20.3350406226, 532.8566973674, 467.0381752161, 1430.6324250952, 973.777551487, 1.4252536592],
      [2.2434354094, 0.022534896446, 0.024698150946, 1.1862074827, 0.10870395933, 0.072000122786, 0.085186497742, 1.0474263967, 6.9403971118, 0.58667871849, 1.3030680124, 5.7240302271, 1.8091719251, 5.4727943949, 0.027129713801, 6.9701167324, 0.85052852746, 2.2138041524, 0.17429888702, 1.5262712632, 1.8096402453, 0.021513482543, 0.50575833825, 0.007697843511, 0.5767412402, 2.0894487108, 0.93446965994, 0.13698065619, 1.5653799164, 2.4871226152, 0.58658917372, 0.18976506321, 0.83231464988, 0.74605342279, 0.30999599239, 0.70527041238, 1.1367078484, 1.3642824454, 2.2310850306, 1.0729815518, 0.57795150948, 1.9775146504, 0.94692566229, 0.4817490611, 0.11455575193, 0.8693020414, 1.2157247554, 0.62500644951, 0.013779005671, 2.0902335474, 1.4140260091, 5.6580952371, 6.2660234132, 0.62377235971]
    ],
    [
      [0.044826244857, 0.0023808210927, 0.00087078988339, 0.037566708679, 0.0013955336413, 0.005041091534, 0.014135532817, 0.046340528676, 0.59595684892, 0.010091430764, 0.024542366658, 0.31214269697, 0.11712483341, 0.24473315506, 0.0075078684654, 0.47423973715, 0.0055376798496, 0.019348563279, 0.014889965605, 0.096045752447, 0.066054320896, 0.00024760348503, 0.016169858282, 8.5650763098e-05, 0.08282344837, 0.057062016969, 0.070604613442, 0.0086241106123, 0.068829557497, 0.13123743592, 0.057046445182, 0.014250566275, 0.020038064363, 0.032589678633, 0.011764776992, 0.088489317581, 0.076902852563, 0.031966844, 0.095668606744, 0.061266309075, 0.021631620579, 0.14287348017, 0.098251162115, 0.075466625603, 0.0066321515532, 0.052704401042, 0.078685399695, 0.030465165004, 0.0066624695655, 0.12931867019, 0.096697248063, 0.37686026573, 0.30779658109, 0],
