{
  "X": [
    [9, 32, 34, 50, 190, 4],
    [3, 5, 0, 5, 13, 2],
    [7, 4, 10, 75, 54, 6],
    [3, 11, 11, 41, 143, 6],
    [4, 3, 5, 38, 86, 12],
    [18, 49, 67, 142, 320, 30],
    [9, 6, 12, 12, 134, 1],
    [3, 3, 9, 66, 109, 5],
    [6, 23, 19, 41, 159, 9],
    [7, 35, 18, 31, 160, 18],
    [3, 12, 4, 6, 159, 2],
    [35, 81, 111, 105, 532, 22],
    [60, 137, 139, 223, 849, 35],
    [2, 8, 0, 21, 13, 3],
    [4, 20, 28, 20, 65, 12],
    [4, 7, 4, 11, 121, 4],
    [4, 4, 13, 78, 103, 3],
    [0, 0, 5, 6, 10, 4],
    [7, 13, 20, 19, 191, 5],
    [8, 13, 18, 32, 165, 6],
    [1, 6, 6, 7, 94, 6],
    [5, 11, 9, 7, 143, 7],
    [11, 48, 60, 53, 507, 9],
    [0, 1, 5, 28, 52, 3],
    [19, 36, 59, 54, 136, 8],
    [30, 110, 129, 142, 445, 39],
    [1, 5, 5, 5, 53, 4],
    [4, 13, 16, 46, 350, 4],
    [4, 21, 19, 28, 174, 9],
    [2, 3, 13, 4, 144, 6],
    [6, 24, 16, 16, 224, 6],
    [12, 17, 45, 110, 243, 16],
    [11, 14, 27, 36, 99, 12],
    [3, 2, 13, 5, 171, 3],
    [0, 5, 2, 6, 71, 1],
    [13, 53, 77, 51, 239, 20],
    [14, 36, 53, 38, 305, 11],
    [36, 66, 101, 111, 311, 21],
    [1, 3, 4, 5, 15, 1],
    [6, 25, 64, 84, 187, 12],
    [0, 3, 1, 20, 44, 2],
    [4, 13, 10, 48, 65, 3],
    [9, 22, 52, 43, 152, 8],
    [9, 41, 65, 65, 201, 11],
    [8, 31, 38, 74, 209, 13],
    [17, 46, 136, 156, 339, 25],
    [12, 52, 103, 100, 315, 17],
    [9, 26, 50, 83, 180, 9],
    [3, 27, 46, 32, 232, 9],
    [52, 159, 190, 193, 500, 30],
    [16, 75, 68, 85, 214, 29],
    [19, 92, 84, 128, 594, 13],
    [9, 30, 26, 29, 179, 9],
    [3, 34, 17, 59, 113, 8],
    [6, 18, 26, 21, 158, 5],
    [4, 16, 32, 10, 127, 9],
    [33, 65, 100, 206, 661, 26],
    [7, 3, 2, 29, 71, 6],
    [2, 19, 12, 14, 40, 3],
    [1, 1, 5, 16, 137, 1],
    [10, 19, 32, 78, 216, 11],
    [9, 15, 27, 79, 236, 14],
    [8, 26, 53, 161, 479, 17],
    [415, 1135, 1439, 1807, 7165, 279],
    [28, 80, 127, 207, 605, 30],
    [55, 133, 216, 411, 901, 91],
    [10, 12, 29, 121, 262, 5]
  ],
  "W": [
    [22, 42, 42, 159, 47, 7],
    [6, 4, 1, 8, 6, 3],
    [10, 51, 21, 46, 13, 15],
    [16, 22, 17, 136, 19, 5],
    [3, 34, 9, 77, 17, 8],
    [30, 80, 111, 297, 90, 18],
    [9, 4, 15, 138, 5, 3],
    [5, 41, 26, 114, 7, 2],
    [11, 28, 26, 152, 33, 7],
    [8, 15, 31, 164, 42, 9],
    [13, 7, 12, 132, 18, 4],
    [60, 63, 139, 484, 121, 19],
    [106, 101, 193, 805, 199, 39],
    [1, 11, 2, 16, 12, 5],
    [6, 5, 40, 60, 27, 11],
    [11, 6, 10, 101, 16, 7],
    [15, 46, 23, 95, 19, 7],
    [4, 5, 9, 2, 2, 3],
    [20, 9, 31, 176, 16, 3],
    [8, 14, 21, 169, 22, 8],
    [3, 5, 8, 92, 11, 1],
    [11, 4, 11, 130, 21, 5],
    [18, 32, 95, 465, 68, 10],
    [1, 16, 11, 52, 6, 3],
    [38, 28, 65, 120, 52, 9],
    [52, 72, 175, 418, 143, 35],
    [3, 3, 5, 49, 9, 4],
    [15, 17, 35, 325, 31, 10],
    [3, 25, 28, 158, 33, 8],
    [6, 1, 16, 140, 7, 2],
    [17, 7, 17, 212, 33, 6],
    [16, 71, 71, 225, 49, 11],
    [16, 29, 34, 92, 23, 5],
    [11, 2, 17, 153, 10, 4],
    [6, 2, 4, 67, 5, 1],
    [22, 34, 97, 219, 66, 15],
    [20, 26, 63, 287, 50, 11],
    [46, 71, 128, 293, 88, 20],
    [3, 2, 4, 13, 7, 0],
    [25, 56, 78, 156, 54, 9],
    [0, 9, 9, 45, 5, 2],
    [7, 44, 9, 64, 17, 2],
    [16, 32, 66, 127, 37, 8],
    [21, 30, 83, 186, 63, 9],
    [16, 40, 71, 184, 48, 14],
    [27, 98, 176, 304, 87, 27],
    [20, 62, 136, 287, 79, 15],
    [10, 52, 82, 153, 51, 9],
    [9, 19, 52, 207, 54, 8],
    [75, 95, 249, 469, 208, 28],
    [27, 44, 101, 202, 93, 20],
    [35, 73, 126, 568, 113, 15],
    [11, 17, 35, 180, 34, 5],
    [8, 37, 35, 99, 50, 5],
    [15, 10, 36, 150, 17, 6],
    [5, 7, 32, 126, 22, 6],
    [49, 100, 136, 633, 137, 36],
    [11, 20, 8, 67, 8, 4],
    [8, 8, 22, 34, 18, 0],
    [8, 7, 10, 130, 5, 1],
    [15, 42, 57, 207, 37, 8],
    [17, 35, 54, 229, 35, 10],
    [27, 87, 85, 460, 59, 26],
    [708, 1126, 1920, 6600, 1582, 304],
    [48, 137, 160, 583, 114, 35],
    [77, 257, 317, 888, 199, 69],
    [18, 88, 48, 258, 15, 12]
  ],
  "method": "mvn_cdf",
  "mvncdf_method": "genz",
  "mvncdf_samples": 5000,
  "mvncdf_error": 1e-06,
  "cond_prob": [
    [
      [0.20432458555, 0.099379644862, 0.042446403349, 0.095226248491, 0.5375486709, 0.021074446848],
      [0.0099922345461, 0.021380388239, 0.05770600121, 0.82329791101, 0.076608694083, 0.011014770915],
      [0.035653909518, 0.10211067677, 0.54922144638, 0.15065262943, 0.1382217571, 0.024139580801],
      [0.0010375574098, 0.0098250937741, 0.017911396897, 0.00020798373357, 0.97101796819, 0],
      [0.049937406427, 0.4889612665, 0.098625207456, 0.095917924256, 0.26655819536, 0],
      [0.010813048134, 0.011950520998, 0.013132781503, 0.35112685445, 0.31870830959, 0.29426848532]
    ],
    [
      [0.37516951171, 0.11360514053, 0, 0.049046371081, 0.42914884385, 0.033030132827],
      [0.019400230648, 0.028019890534, 0, 0.85169814774, 0.076013388125, 0.024868342955],
      [0.18000791766, 0.28790481788, 0, 0.20446796108, 0.26806660456, 0.059552698828],
      [0, 0, 0, 0, 0.99057336283, 0.0094266371715],
      [0.072375765148, 0.64623011213, 0, 0.058774538276, 0.20611042936, 0.016509155086],
      [0.019039832867, 0.013668034662, 0, 0.24727133061, 0.23057910036, 0.4894417015]
    ],
    [
      [0.35688083033, 0.036334243533, 0.025439547107, 0.27980132062, 0.26820194287, 0.033342115548],
      [0.0050069178446, 0, 0.013967495439, 0.95072751307, 0.021386533504, 0.0089115401469],
      [0.078969176248, 0.0176710736, 0.33921180225, 0.45160339181, 0.072985012341, 0.03955954375],
      [0.0026114726468, 0, 0.017537681036, 0.00080070416765, 0.97657192971, 0.0024782124343],
      [0.094054325581, 0.25061618108, 0.079282163937, 0.37829699504, 0.18024583986, 0.017504494503],
      [0.011643480741, 0.00050364433569, 0.0048275303624, 0.61843460481, 0.095271827896, 0.26931891185]
    ],
    [
      [0.14436765755, 0.079085020218, 0.033787485327, 0.32836213014, 0.3413478669, 0.073049839855],
      [0, 0.041314595761, 0.015001751297, 0.91217212011, 0.01691166196, 0.014599870873],
      [0.019591419777, 0.064938018593, 0.35529592803, 0.42010643236, 0.071936068275, 0.068132132963],
      [0, 0.0018037276928, 0.019288261555, 0, 0.97350880578, 0.0053992049724],
      [0.018017897502, 0.39248002545, 0.076057896157, 0.32045888628, 0.16547528055, 0.027510014061],
      [0.0029446580788, 0.0038689607707, 0.0042054662688, 0.48957821716, 0.080447297849, 0.41895539987]
    ],
    [
      [0.28631184485, 0.023143932272, 0.016881446597, 0.12253132133, 0.35004384917, 0.20108760578],
      [0.010929050808, 0, 0.037437865719, 0.90153586109, 0.046493272278, 0.0036039501003],
      [0.055770753215, 0.028382246451, 0.27477643431, 0.24173985907, 0.11281644381, 0.28651426313],
      [0, 0, 0, 0.0026369617668, 0.99736303823, 0],
      [0.13144737947, 0.15736046971, 0.070146407772, 0.21560588994, 0.30171781924, 0.12372203387],
      [0.0041168135136, 0, 0.0013739231, 0.11702273026, 0.053449041221, 0.82403749191]
    ],
    [
      [0.24780722454, 0.078017007694, 0.039133090807, 0.22706880084, 0.30232299321, 0.1056508829],
      [0.0052176387748, 0.0078001390285, 0.025610683236, 0.9117777161, 0.021517555976, 0.028076266882],
      [0.044382755625, 0.067658546449, 0.42370879093, 0.30270010823, 0.067709558657, 0.093840240112],
      [0.00075041287146, 0.0070498716299, 0.02685421088, 0.002818755843, 0.96252674878, 0],
      [0.054469434341, 0.40403233042, 0.096437017818, 0.24220503962, 0.16130642462, 0.04154975318],
      [0.0053758096531, 0.0038143543794, 0.0050246993729, 0.33391014568, 0.072506784041, 0.57936820687]
    ],
    [
      [0.71595169438, 0.049757659536, 0.019584192676, 0.089471032835, 0.11604162822, 0.0091937923481],
      [0.025530219573, 0.010871583474, 0.028598164264, 0.91026829878, 0.018560501865, 0.0061712320476],
      [0.08096015315, 0.18390447394, 0.43166839999, 0.24006325696, 0.051376677497, 0.012027038461],
      [0, 0.0035322122025, 0.034919390501, 0.010366118904, 0.95118227839, 0],
      [0.21627487311, 0.44660411531, 0.07697554894, 0.15426495403, 0.099728241852, 0.0061522667501],
      [0.052845736485, 0.0098872535806, 0.010189991706, 0.58362982534, 0.11631251622, 0.22713467667]
    ],
    [
      [0.1776625396, 0.035708041405, 0.020272759979, 0.55738908915, 0.13094452506, 0.078023044813],
      [0.0038854223015, 0.0015891161056, 0.0060255455523, 0.97381814463, 0.0033293872309, 0.011352384181],
      [0.023080801986, 0.027191820389, 0.19605393653, 0.65975208604, 0.025261897782, 0.068659457274],
      [0.0094775141369, 0.0059604292424, 0.02799685773, 0.0052617051718, 0.93863848442, 0.012665009296],
      [0.038043899898, 0.19532249261, 0.051243135494, 0.61110776658, 0.071520052221, 0.032762653198],
      [0.0027701125582, 0.0012861603145, 0.0019213765643, 0.62768381586, 0.023267783078, 0.34307075162]
    ],
    [
      [0.25291533528, 0.11674562975, 0.038896405372, 0.17196804597, 0.34036556031, 0.07910902332],
      [0.0061682021337, 0.013806211105, 0.0312079392, 0.8913719716, 0.029415795551, 0.028029880409],
      [0.038113507328, 0.10579487677, 0.4530677124, 0.24248842657, 0.078954208469, 0.081581268463],
      [0.0030912270721, 0.0067375087287, 0.020773321822, 0.002856804736, 0.96428896418, 0.002252173461],
      [0.046632455069, 0.53050920328, 0.082404477938, 0.15791154922, 0.15485392505, 0.027688389446],
      [0.0065047041951, 0.0068074758128, 0.0059520045807, 0.31427453638, 0.099632151289, 0.56682912774]
    ],
    [
      [0.2601057015, 0.13897645028, 0.026349671402, 0.15154740976, 0.17251901785, 0.25050174922],
      [0.0070447857792, 0.018514053366, 0.023184051109, 0.84232541684, 0.01660351005, 0.092328182857],
      [0.040667231503, 0.16203057078, 0.30876761677, 0.22030379598, 0.041857744884, 0.22637304009],
      [0, 0.0084545108644, 0.033802144593, 0.020927967041, 0.9368153775, 0],
      [0.083883467843, 0.64677425181, 0.054913714635, 0.13754686784, 0.076881697879, 0],
      [0.0032991972581, 0.0040523939557, 0.0021908904745, 0.12379630557, 0.02293909933, 0.84372211341]
    ],
    [
      [0.099228790198, 0.098085265789, 0, 0, 0.79097465302, 0.011711290991],
      [0.009682599998, 0.027950535612, 0.043422925959, 0.63291097104, 0.26908932251, 0.016943644889],
      [0.033094276483, 0.16099432276, 0.30628603096, 0.083076828894, 0.39040757007, 0.026140970837],
      [0, 0.0084685026541, 0, 0, 0.98846430234, 0.0030671950024],
      [0.067618732671, 0.41345063863, 0, 0, 0.51267046679, 0.006260161905],
      [0.0069947553896, 0.0093380191701, 0.0051517866935, 0.14317531401, 0.61086427518, 0.22447584956]
    ],
    [
      [0.30972183992, 0.097247964968, 0.049368413632, 0.12055698882, 0.37918732278, 0.043917469878],
      [0.010397066928, 0.016370477465, 0.055237972052, 0.8497074152, 0.046473726609, 0.021813341746],
      [0.051317006514, 0.088069835705, 0.56270399144, 0.16439592013, 0.088359782862, 0.045153463346],
      [0.0010764837499, 0.0066565587862, 0.024796905176, 0, 0.96540670784, 0.0020633444487],
      [0.06501923701, 0.48347425696, 0.11666749354, 0.12334457682, 0.19398657927, 0.017507856405],
      [0.012645508943, 0.0089429112828, 0.011767332047, 0.33996246417, 0.17419386072, 0.45248792284]
    ],
    [
      [0.32489563419, 0.1056788976, 0.041530232366, 0.19409915131, 0.2897092104, 0.044086874125],
      [0.0072998816937, 0.011919771099, 0.031136406994, 0.91123017049, 0.023753579085, 0.014660190637],
      [0.049853963744, 0.09547283268, 0.47138803749, 0.27073814313, 0.067368451397, 0.045178571564],
      [0.0023289875795, 0.0086779960749, 0.026889891331, 0.002860849059, 0.95710498006, 0.0021372958954],
      [0.064726307557, 0.49676212207, 0.09294618085, 0.1885445059, 0.14042991357, 0.016590970053],
      [0.011451013264, 0.0083701059866, 0.0085249876201, 0.46962669106, 0.11473177796, 0.38729542411]
    ],
    [
      [0.40759548776, 0.093000094172, 0, 0.39568790293, 0.053299288626, 0.050417226506],
      [0, 0, 0, 0.97776241518, 0, 0.022237584821],
      [0.052123686351, 0.18433471012, 0, 0.69230479744, 0.0083143020511, 0.062922504034],
      [0.050914969855, 0.079754953064, 0, 0.032808649789, 0.8081295067, 0.028391920587],
      [0.056126468488, 0.51502988285, 0, 0.39468525058, 0, 0.03415839809],
      [0, 0.016378528477, 0, 0.64063090634, 0, 0.34299056519]
    ],
    [
      [0.23795836592, 0.13056008702, 0.05958986764, 0.16873886581, 0.29959887503, 0.10355393857],
      [0.0056130873591, 0.015472629161, 0.047575453814, 0.869309662, 0.025616741575, 0.036412426092],
      [0.02935596042, 0.093910126128, 0.5515750935, 0.18929771624, 0.053615269177, 0.082245834535],
      [0.0035786919568, 0.0096427516033, 0.035435395949, 0.0049875719087, 0.94604652206, 0.0003090665222],
      [0.04052584417, 0.54559133912, 0.11585514896, 0.14253291094, 0.12377892239, 0.031715834411],
      [0.0055478764414, 0.0066672758623, 0.0079424550898, 0.26558790325, 0.074990004238, 0.63926448512]
    ],
    [
      [0.16472638191, 0.047908785451, 0.010298974915, 0.064157790037, 0.68976024111, 0.023147826574],
      [0.0091636673117, 0.012078199945, 0.029618678682, 0.79648091966, 0.13344616022, 0.019212374182],
      [0.046870462828, 0.073700884463, 0.36795933274, 0.1715860363, 0.29511436676, 0.0447689169],
      [0, 0.0068091171248, 0, 0.0061207785196, 0.98086900278, 0.0062011015804],
      [0.10008990434, 0.3085808726, 0, 0.092955302023, 0.48496717217, 0.01340674887],
      [0.0089835281958, 0.0055015035128, 0.0042008394868, 0.24200499511, 0.40479609769, 0.33451303601]
    ],
    [
      [0.1479495922, 0.034108524953, 0.03320158726, 0.47496319788, 0.27769971107, 0.032077386635],
      [0.0034250784578, 0, 0.04431640207, 0.93038406855, 0.0173199934, 0.0045544575225],
      [0.035522855955, 0, 0.31809617922, 0.56131891884, 0.057324231074, 0.02773781491],
      [0, 0, 0.016259023098, 0, 0.98220487432, 0.0015361025858],
      [0.041136079888, 0.18319243405, 0.08253754013, 0.52534751035, 0.15411712662, 0.013669308959],
      [0.0035130433055, 0.0011022683977, 0.0049127310014, 0.74084957836, 0.068805550986, 0.18081682795]
    ],
    [
      [0, 0, 0.067273207878, 0.059400381946, 0.80874560949, 0.064580800688],
      [0, 0, 0.059115928886, 0.74715138111, 0.12078398213, 0.072948707878],
      [0, 0, 0.44704955799, 0.16861643388, 0.23941807042, 0.14491593772],
      [0, 0, 0.01052530445, 0.010163675475, 0.9729640098, 0.006347010279],
      [0, 0, 0.17244276008, 0.087043614852, 0.69668174586, 0.043831879207],
      [0, 0, 0.015315124367, 0.10489302705, 0.22234783544, 0.65744401315]
    ],
    [
      [0.22433549643, 0.087131190771, 0.036507822266, 0.11703682558, 0.48999932714, 0.044989337813],
      [0.0073965899841, 0.014510920817, 0.041003893013, 0.85599824655, 0.058827822806, 0.02226252683],
      [0.039306324315, 0.091338200394, 0.49435816923, 0.19084235233, 0.13042938887, 0.053725564872],
      [0.0024679770413, 0.0050797918804, 0.011999067419, 0.00068361664359, 0.97663352474, 0.0031360222731],
      [0.048057909713, 0.46120162533, 0.08998186688, 0.12465149138, 0.25766319809, 0.018443908608],
      [0.0083113976789, 0.0073414362611, 0.0080531785702, 0.30814198538, 0.20571349096, 0.46243851115]
    ],
    [
      [0.45537455956, 0.069452145033, 0.034827117652, 0.21438009396, 0.18290426757, 0.043061816223],
      [0.0080964695372, 0.0070736955991, 0.023275237488, 0.93555129558, 0.013048711691, 0.012954590103],
      [0.069777523335, 0.068259808174, 0.44015125423, 0.32756511334, 0.045975676131, 0.048270624789],
      [0.0022755377402, 0.010499942176, 0.035340573031, 0.0032665046186, 0.94340099707, 0.0052164453685],
      [0.10371503258, 0.41338848401, 0.096556968725, 0.25718391399, 0.1090674869, 0.02008811379],
      [0.014003545623, 0.0053572817142, 0.0069429051305, 0.51228604269, 0.069292685148, 0.39211753969]
    ],
    [
      [0.065583954364, 0.038228219444, 0.017968429553, 0.057584263455, 0.20629027461, 0.61434485857],
      [0.0029364266766, 0.0089679793776, 0.025649217122, 0.57711270327, 0.032641129826, 0.35269254373],
      [0.0099912633601, 0.03513561652, 0.49534245198, 0.23399760244, 0.049374608834, 0.17615845687],
      [0, 0, 0, 0.011062311706, 0.98893768829, 0],
      [0.064403230495, 0.50536236444, 0.16860203512, 0.094817749081, 0.16681462086, 0],
      [0.0002003611991, 0.00040450377476, 0.0004866235747, 0.0089749568806, 0.00569850387, 0.9842350507]
    ],
    [
      [0.23166104075, 0.065404210496, 0.030526100763, 0.070212498369, 0.51649446611, 0.085701683512],
      [0.010840649021, 0.015845826214, 0.049525436095, 0.77261296185, 0.089294235251, 0.061880891565],
      [0.045054123123, 0.077608157532, 0.47557564191, 0.13041968936, 0.15539397957, 0.11594840851],
      [0, 0.005072556002, 0.010436847492, 0, 0.98312838176, 0.0013622147439],
      [0.089636684496, 0.4135243049, 0.088302813569, 0.049678653977, 0.31821414145, 0.04064340161],
      [0.0060800453812, 0.004007592738, 0.0047259654639, 0.13186847082, 0.1525727114, 0.7007452142]
    ],
    [
      [0.1926700662, 0.09223854656, 0.034260569636, 0.092061359632, 0.56102629112, 0.027743166852],
      [0.008120904805, 0.019588306118, 0.04819396329, 0.82097931006, 0.085793304141, 0.017324211589],
      [0.038282387449, 0.10580482562, 0.4945283964, 0.16157827627, 0.16383594919, 0.035970165069],
      [0.0015463007429, 0.0072343081863, 0.010988599424, 0, 0.97963132104, 0.00059947060215],
      [0.041497472047, 0.47345886494, 0.083132714619, 0.096949091612, 0.29368451341, 0.01127734337],
      [0.0094385102282, 0.01022658096, 0.0098181936609, 0.31290831296, 0.30926146568, 0.34834693651]
    ],
    [
      [0, 0.028977606334, 0.083144144533, 0.57775595806, 0.22842546166, 0.081696829415],
      [0, 0, 0.039782781135, 0.9405217128, 0.0076802879221, 0.012015218139],
      [0, 0.003772904731, 0.26461841205, 0.62515490672, 0.040372854481, 0.066080922018],
      [0, 0, 0.016926924614, 0, 0.96886754313, 0.014205532253],
      [0, 0.15460358682, 0.079721756785, 0.61271714513, 0.11927936389, 0.033678147372],
      [0, 0.00063297357734, 0.0036660680211, 0.60696326414, 0.035933368679, 0.35280432558]
    ],
    [
      [0.32862770598, 0.1086646182, 0.072530795225, 0.16238843525, 0.28988047809, 0.037907967255],
      [0.0086233292754, 0.014322009592, 0.061989120033, 0.87376380944, 0.027091020539, 0.01421071112],
      [0.037955196502, 0.074075372487, 0.63886080709, 0.16968324982, 0.050650034421, 0.028775339679],
      [0.0039074624626, 0.010714456271, 0.039400593915, 0.0045872453429, 0.94046071369, 0.0009295283204],
      [0.061885520151, 0.48617635092, 0.15583464318, 0.14978582473, 0.13307500492, 0.013242656101],
      [0.012962626321, 0.0097693364089, 0.016745471654, 0.44390102561, 0.12872834688, 0.38789319312]
    ],
    [
      [0.27911604447, 0.13446686229, 0.054093421857, 0.1683986618, 0.29459663075, 0.069328378825],
      [0.0070892930223, 0.016614556742, 0.045057124643, 0.87898030674, 0.026703314179, 0.025555404673],
      [0.037371052526, 0.10492947027, 0.53336944007, 0.20385855214, 0.058967232225, 0.061504252763],
      [0.0027743856033, 0.0091758787922, 0.033769964557, 0.0038077117993, 0.94768839973, 0.002783659519],
      [0.048810497515, 0.55452968238, 0.10597931937, 0.14336422892, 0.12460784183, 0.022708429985],
      [0.0084573734551, 0.0090158817486, 0.0094996920548, 0.3482495031, 0.099611384947, 0.52516616469]
    ],
    [
      [0.14530191296, 0.083954547067, 0.045910191774, 0.10261463659, 0.53469439106, 0.087524320543],
      [0.0046584519018, 0.013641886597, 0.050189820314, 0.8280152733, 0.05962675033, 0.043867817558],
      [0.020567851352, 0.073230774024, 0.56418323643, 0.14039359691, 0.11476161105, 0.086862930241],
      [0.0013277861938, 0.0044768396997, 0.017835603742, 0, 0.97461357367, 0.0017461966895],
      [0.041020235428, 0.45611241395, 0.11029315689, 0.094206440067, 0.26465056131, 0.033717192352],
      [0.0032590015739, 0.0041699895127, 0.0060501965546, 0.1645710813, 0.12632708967, 0.69562264138]
    ],
    [
      [0.13617469129, 0.052904321847, 0.024870158316, 0.2108210835, 0.55074167424, 0.024488070813],
      [0.0027205293498, 0.005343391421, 0.016786523144, 0.92675548274, 0.041003550956, 0.0073905223886],
      [0.023936824095, 0.06685848673, 0.35757870577, 0.36771050575, 0.15858861769, 0.025326859955],
      [0, 0.0004699509948, 0.0020011139664, 0.0032442000769, 0.99428473496, 0],
      [0.033044494085, 0.30903152794, 0.068539739325, 0.25186619343, 0.32634136126, 0.01117668397],
      [0.0048962471711, 0.004283904328, 0.0051228071586, 0.53507558184, 0.22320918393, 0.22741227557]
    ],
    [
      [0.20349630382, 0.090381882181, 0.032017242018, 0.079651234386, 0.53795380592, 0.05649953168],
      [0.0093886466742, 0.021266450124, 0.049005002929, 0.7935868322, 0.087881335282, 0.038871732787],
      [0.03933154906, 0.10567918326, 0.47814014133, 0.14344116772, 0.15827926116, 0.075128697461],
      [0.00020530172392, 0.0079983203858, 0.010237467164, 0, 0.97856521148, 0.0029936992482],
      [0.059499082658, 0.48225791785, 0.079387200581, 0.069745174662, 0.28542908496, 0.02368153928],
      [0.0072005184878, 0.0074912573656, 0.006700226536, 0.20042900397, 0.21560283378, 0.56257615986]
    ],
    [
      [0.15363274238, 0.043696340344, 0.04424382509, 0.083423005496, 0.46747110172, 0.20753298498],
      [0.0056574241533, 0.0083938384832, 0.056625564881, 0.74948397904, 0.063529023925, 0.11631016952],
      [0.048971429531, 0.040063474165, 0.55592881738, 0.11458435244, 0.10479464166, 0.13565728482],
      [0, 0, 0.02013732686, 0, 0.97986267314, 0],
      [0.040805945594, 0.29803956798, 0.13683764215, 0.11268464784, 0.30846344813, 0.10316874831],
      [0.0016808149614, 0.001067778487, 0.0029805755187, 0.063917906985, 0.057455861348, 0.8728970627]
    ],
    [
      [0.2162628793, 0.12509581651, 0.040836370974, 0.11683807165, 0.45202463613, 0.04894222544],
      [0.0070411030306, 0.020651058566, 0.04523850403, 0.84875831162, 0.054182512687, 0.024128510067],
      [0.034618303642, 0.12013987052, 0.50631469103, 0.17437217782, 0.11114394734, 0.053411009648],
      [0.001035692748, 0.0061907134778, 0.016732262792, 0, 0.97324390128, 0.0027974297],
      [0.043015170307, 0.55493071587, 0.084313635063, 0.10041025402, 0.20035827285, 0.016971951893],
      [0.0077774476863, 0.010215171581, 0.0086954581096, 0.2990965325, 0.18455440276, 0.48966098736]
    ],
    [
      [0.26863505524, 0.047842414243, 0.038789352942, 0.22849862632, 0.34025931618, 0.075975235074],
      [0.0059819248506, 0, 0.027828390307, 0.92013385628, 0.024764587109, 0.021291241449],
      [0.054595839087, 0.027828996272, 0.44116587152, 0.31868893807, 0.079956250312, 0.077764104746],
      [0, 0, 0.024771612367, 0.00061487751731, 0.97214300697, 0.0024705031494],
      [0.067888233566, 0.29046854223, 0.11107723183, 0.28340585151, 0.21092888911, 0.036231251763],
      [0.0067540392595, 0.0023367334164, 0.0058527837323, 0.39657903771, 0.095725395524, 0.49275201036]
    ],
    [
      [0.38658305241, 0.068643132491, 0.046582735789, 0.11386806512, 0.25642338744, 0.12789962675],
      [0.012623416875, 0.012413783263, 0.053793517967, 0.82898958849, 0.032729548937, 0.059450144464],
      [0.065929917516, 0.085705846, 0.53614256899, 0.16039503991, 0.06067323352, 0.091153394067],
      [0, 0, 0.037088061735, 0.0068755697503, 0.95603636851, 0],
      [0.094302845036, 0.41788243288, 0.131503626, 0.1411530923, 0.15809229071, 0.057065713071],
      [0.007601888129, 0.0032830890344, 0.0058263566221, 0.16098159902, 0.058742070457, 0.76356499673]
    ],
    [
      [0.12778507065, 0, 0.060164758999, 0.050863517818, 0.73847313768, 0.022713514853],
      [0.0078329228098, 0.0084244591588, 0.069977370447, 0.72967306079, 0.16284996168, 0.021242225107],
      [0.064272801875, 0, 0.58067881738, 0.083609018547, 0.23811923991, 0.033320122289],
      [0, 0, 0.0072638814256, 0, 0.98864909768, 0.0040870208908],
      [0.045871602772, 0.19707096263, 0.11730934015, 0.077872295826, 0.54852606296, 0.013349735659],
      [0.0068361794061, 0.0031103638411, 0.010556438752, 0.19526972721, 0.43862397714, 0.34560331365]
    ],
    [
      [0, 0.21223793742, 0.031893937097, 0.20287899914, 0.52354321996, 0.029445906386],
      [0, 0.013473259019, 0.014941731595, 0.93201259759, 0.03171982469, 0.0078525871045],
      [0, 0.15729215896, 0.35070148724, 0.32756558949, 0.13063652951, 0.033804234796],
      [0, 0, 0.0022908692035, 0.0054676701452, 0.98737443142, 0.0048670292268],
      [0, 0.61156113124, 0.043527829693, 0.14952239015, 0.18693930941, 0.0084493395052],
      [0, 0.012651565411, 0.0048195801839, 0.49449260151, 0.18397146033, 0.30406479257]
    ],
    [
      [0.25672729994, 0.13404430127, 0.061261552077, 0.11154509872, 0.36492454203, 0.071497205958],
      [0.0089621524478, 0.023163243763, 0.070449669002, 0.81490420403, 0.046099435596, 0.036421295163],
      [0.040704440248, 0.11379662522, 0.59664301532, 0.11283988164, 0.073346006315, 0.06267003126],
      [0, 0.0050514182272, 0.032924653377, 0, 0.95895263165, 0.0030712967414],
      [0.045078417107, 0.5602006491, 0.12119123751, 0.093555786495, 0.15622300839, 0.023750901396],
      [0.0082519990023, 0.0097132670118, 0.011564257128, 0.24794096426, 0.13122478442, 0.59130472818]
    ],
    [
      [0.31704125864, 0.10136233911, 0.050189320589, 0.094447370651, 0.39567625341, 0.041283457606],
      [0.012654592894, 0.020571690006, 0.067828379225, 0.81592831066, 0.058189894868, 0.024827132342],
      [0.062195547035, 0.10425979361, 0.5868730897, 0.10980648566, 0.093515706579, 0.043349377418],
      [0, 0.0053035117768, 0.025170654265, 0, 0.96690552494, 0.002620309019],
      [0.065193547, 0.50472058527, 0.11785025819, 0.095522672729, 0.2003275248, 0.016385412018],
      [0.013832599886, 0.010125921543, 0.013016399469, 0.29117947968, 0.19670784121, 0.47513775821]
    ],
    [
      [0.42403259244, 0.10235536793, 0.051230281927, 0.13141823179, 0.2469029481, 0.044060577816],
      [0.012198798408, 0.016607167197, 0.053826443216, 0.86822198083, 0.028438606743, 0.020707003609],
      [0.059213979546, 0.092416256392, 0.5694382139, 0.17870189779, 0.055969448189, 0.044260204184],
      [0, 0.010654416789, 0.037493322978, 0.0032379532316, 0.94531596266, 0.0032983443398],
      [0.087528599981, 0.51098569349, 0.12156965321, 0.13536023564, 0.1267891026, 0.017766715087],
      [0.017323994031, 0.009738911993, 0.012498253444, 0.37883683747, 0.11621079259, 0.46539121047]
    ],
    [
      [0.1831182148, 0.07319956816, 0.063762936341, 0.23214103876, 0.37766434665, 0.07011389529],
      [0.0035584213487, 0.004017444939, 0.031573938121, 0.92708693247, 0.017094594417, 0.016668668706],
      [0.019301044184, 0.042997720528, 0.60831157862, 0.22514606675, 0.0527130685, 0.051530521422],
      [0, 0, 0.02051506869, 0, 0.95591949105, 0.02356544026],
      [0.052332048025, 0.37148221765, 0.1493744439, 0.22125982168, 0.17071601622, 0.034835452521],
      [0.0025094945708, 0.0024870577576, 0.0057141892593, 0.22558343606, 0.057303828826, 0.70640199352]
    ],
    [
      [0.15178317234, 0.069126126191, 0.065629864306, 0.17932199685, 0.47773038788, 0.056408452425],
      [0.0014771302958, 0.0069760791436, 0.051213707428, 0.87964923767, 0.040586359739, 0.020097485728],
      [0.0055398876119, 0.048804319404, 0.60932584879, 0.20111227451, 0.088327880046, 0.046889789632],
      [0, 0, 0.021341528517, 0.0066023715306, 0.96828006952, 0.0037760304366],
      [0.030586635852, 0.35246606828, 0.1579486647, 0.18797376298, 0.24771091104, 0.023313957144],
      [0.0043235361225, 0.0045868680601, 0.011707025354, 0.37658691084, 0.16291660813, 0.43987905149]
    ],
    [
      [0.035250189459, 0.050247298319, 0.011795675829, 0.69935555435, 0.14458286373, 0.058768418311],
      [0, 0.056964262315, 0, 0.93086949342, 0.0040443669416, 0.0081218773212],
      [0, 0.047052069816, 0.098074998209, 0.77859554599, 0.026186295247, 0.050091090741],
      [0, 0.017180596574, 0, 0, 0.96351966037, 0.01929974306],
      [0, 0.25692415904, 0.023314952125, 0.63296335235, 0.065207704669, 0.021589831814],
      [0, 0.0030526848815, 0.00037512774761, 0.72499894178, 0.021750400244, 0.24982284534]
    ],
    [
      [0.30505351267, 0.13915930322, 0.047393464364, 0.20850783341, 0.25054249092, 0.049343395421],
      [0.0077519872698, 0.012809636693, 0.032936957537, 0.91544681456, 0.014128389575, 0.016926214368],
      [0.038686714781, 0.11033352466, 0.49728011062, 0.25871586291, 0.050205373396, 0.044778413638],
      [0.0052554547854, 0.0099530615927, 0.034450117538, 0.002329728821, 0.9423359322, 0.005675705064],
      [0.048323003206, 0.57726015098, 0.089508377978, 0.1692589689, 0.099534889321, 0.016114609606],
      [0.0087586888217, 0.0094203162127, 0.0085243371198, 0.45291872174, 0.085556141244, 0.43482179486]
    ],
    [
      [0.23476555321, 0.075679594536, 0.055428915277, 0.10147094922, 0.49594731894, 0.036707668822],
      [0.0094702745706, 0.01476396009, 0.070099778195, 0.81854271892, 0.066234100865, 0.020889167358],
      [0.041637010197, 0.067020770906, 0.61635649412, 0.13005653171, 0.10773739527, 0.037191797798],
      [0.0011350812518, 0.0057490831445, 0.022471367344, 0, 0.96777029942, 0.0028741688432],
      [0.053139176673, 0.40818422933, 0.14115511968, 0.11147234238, 0.26997029228, 0.01607883966],
      [0.01029435419, 0.0075448550104, 0.014226595104, 0.30936125575, 0.24236934267, 0.41620359728]
    ],
    [
      [0.21428723291, 0.11277572152, 0.065768335189, 0.20422065189, 0.34738169796, 0.05556636053],
      [0.0041549000863, 0.011772137676, 0.045380844695, 0.89524044596, 0.02626847314, 0.017183198446],
      [0.023471893979, 0.078450172803, 0.57523390577, 0.21753866139, 0.061499085708, 0.043806280352],
      [0, 0.007551584762, 0.032612368904, 0.0037606511519, 0.952836602, 0.0032387931788],
      [0.037618170004, 0.48085080487, 0.13243371349, 0.17877787248, 0.15122001245, 0.019099426708],
      [0.0063565773198, 0.0076651002798, 0.011533430599, 0.42621743956, 0.11755969753, 0.43066775471]
    ],
    [
      [0.19955557581, 0.090566235815, 0.034064457671, 0.18371035909, 0.44090505598, 0.051198315627],
      [0.0046104367705, 0.010741020133, 0.02597711756, 0.90372081441, 0.037092358786, 0.017858252343],
      [0.033154658922, 0.089635234469, 0.42755605837, 0.28060726287, 0.11129441999, 0.057752365385],
      [0.0010952959773, 0.0058860262758, 0.011691921984, 0.0019194218561, 0.9765213289, 0.0028860050064],
      [0.041224836489, 0.44963207828, 0.079619669117, 0.1866636686, 0.22249972358, 0.020360023933],
      [0.0063132801071, 0.0065592273126, 0.0061675762873, 0.40540402143, 0.15714354886, 0.418412346]
    ],
    [
      [0.23746215138, 0.076340342372, 0.066734646332, 0.18281227759, 0.38381384893, 0.052836733404],
      [0.005500737448, 0.0078554013887, 0.050995845619, 0.88444341372, 0.03293399472, 0.018270607103],
      [0.028742140818, 0.052878794618, 0.60122887843, 0.20249932271, 0.071496998146, 0.043153865279],
      [0.0013935659797, 0.0013704244055, 0.030402383349, 0.0043507626491, 0.96000336511, 0.0024794985066],
      [0.050119716866, 0.38279360844, 0.15869062145, 0.18916786914, 0.19798000451, 0.021248179587],
      [0.0076582753234, 0.0052837264208, 0.012440017414, 0.40624061863, 0.13928664951, 0.4290907127]
    ],
    [
      [0.2189216862, 0.10185493885, 0.061763374847, 0.15841592427, 0.40811157629, 0.050932499546],
      [0.0055278567562, 0.013383566105, 0.053612034878, 0.86878905506, 0.038885625402, 0.019801861795],
      [0.027541215235, 0.076932846323, 0.5880824811, 0.18439082714, 0.079188791499, 0.043863838701],
      [0.00041402389896, 0.0061568421276, 0.026873606235, 0.0018043004134, 0.96237846343, 0.0023727638936],
      [0.041810580269, 0.46563993121, 0.13372932412, 0.14894801304, 0.19119474326, 0.018677408098],
      [0.0074248790018, 0.0078456511961, 0.012281821056, 0.37365869075, 0.15667868885, 0.44211026915]
    ],
    [
      [0.22857579174, 0.067825255436, 0.039370457582, 0.16649280235, 0.45988291736, 0.037852775529],
      [0.0063443804074, 0.0080761979195, 0.033573059267, 0.89617010852, 0.041317731245, 0.014518522644],
      [0.038396038565, 0.065506809078, 0.48766038566, 0.25263366833, 0.11336611781, 0.04243698055],
      [0.0028848391781, 0.0017207691455, 0.016445747691, 0.0030980010717, 0.97396205934, 0.00188858357],
      [0.053300647341, 0.37680255414, 0.1035143693, 0.19016424541, 0.25932333281, 0.016894851004],
      [0.0084606367209, 0.0055576520953, 0.0085458319116, 0.42732165005, 0.19054912093, 0.3595651083]
    ],
    [
      [0.13084967593, 0.076149684966, 0.058049461989, 0.10792084408, 0.578153121, 0.04887721204],
      [0.0042589055467, 0.013737959971, 0.068620429394, 0.81439682529, 0.073231189423, 0.025754690378],
      [0.017392040347, 0.063829491638, 0.61321446673, 0.13820299572, 0.12084701641, 0.046513989154],
      [0, 0.0035904687789, 0.021763547207, 0.0001096028528, 0.97072002267, 0.0038163584863],
      [0.01481664569, 0.40630334198, 0.1422608418, 0.11415073841, 0.30189891521, 0.020569516906],
      [0.0046185932501, 0.0063613158451, 0.012434335575, 0.27272366007, 0.2349497929, 0.46891230236]
    ],
    [
      [0.33883680961, 0.13349028518, 0.0568122519, 0.16909083339, 0.25805782451, 0.043711995408],
      [0.0086813037133, 0.016820668179, 0.047678981258, 0.8873362235, 0.023233963744, 0.016248859607],
      [0.045244074292, 0.10410033555, 0.55744955342, 0.20417377603, 0.050419477591, 0.03861278312],
      [0.0034780389903, 0.011492615605, 0.039685543896, 0.0052568613913, 0.9380658014, 0.0020211387137],
      [0.06012018673, 0.55654487183, 0.11269862281, 0.14624629149, 0.10986628505, 0.014523742087],
      [0.012876492895, 0.011353982935, 0.012528766266, 0.43918855038, 0.10996209059, 0.41409011693]
    ],
    [
      [0.26175345096, 0.15282968192, 0.048436581406, 0.17234083549, 0.25962215925, 0.10501729097],
      [0.0067272609775, 0.018220908357, 0.039608475706, 0.87664366315, 0.022249685199, 0.036550006611],
      [0.038557078185, 0.12116885794, 0.48468978505, 0.21389561432, 0.051553215612, 0.090135448897],
      [0.0028405541704, 0.011477351498, 0.037042975022, 0.0082333305556, 0.94040578875, 0],
      [0.043475671094, 0.59524274187, 0.090054501439, 0.13948988953, 0.10198940178, 0.029747794294],
      [0.0062681545207, 0.0078911986071, 0.0069010746372, 0.27676633593, 0.067867854048, 0.63430538225]
    ],
    [
      [0.23947759359, 0.14459488061, 0.041222277903, 0.17560787023, 0.36440953451, 0.034687843164],
      [0.0058389254056, 0.017332567151, 0.033549594087, 0.898284581, 0.032597000021, 0.012397332337],
      [0.036596437164, 0.12994717689, 0.46833616435, 0.24490539047, 0.084892995093, 0.035321836027],
      [0.0015781901424, 0.0068639815487, 0.021376066377, 0.0036212862402, 0.96636765267, 0.00019282301803],
      [0.040223200004, 0.57711155528, 0.078018442613, 0.14438922957, 0.14944141158, 0.010816160959],
      [0.009283865726, 0.012547348168, 0.0093368986262, 0.46986649356, 0.15905744547, 0.33990794845]
    ],
    [
      [0.36166102555, 0.1496336789, 0.039533343219, 0.13429705517, 0.23562952312, 0.079245374039],
      [0.01045777361, 0.021927235368, 0.039644596061, 0.86747523251, 0.025529151285, 0.034966011165],
      [0.055221442971, 0.13893577558, 0.47100584591, 0.19460413635, 0.05628848452, 0.083944314663],
      [0.0045129316229, 0.010007134633, 0.031977397723, 0.0043021282609, 0.94597890638, 0.0032215013776],
      [0.06026717924, 0.62558211852, 0.076962639607, 0.11328632349, 0.09850410972, 0.025397629421],
      [0.0099568554611, 0.0094876243403, 0.0066618295452, 0.26767811653, 0.075727967273, 0.63048760685]
    ],
    [
      [0.15390002864, 0.13134501145, 0.029899651689, 0.22433284435, 0.38953206674, 0.070990397133],
      [0.0014297291046, 0.013376466395, 0.016984586118, 0.91877440183, 0.028687596509, 0.020747220039],
      [0.022781590931, 0.12301440263, 0.35902951339, 0.32508144313, 0.094279053214, 0.075813996702],
      [0, 0.0065706723193, 0.0077320528849, 0.0041588996734, 0.97731287951, 0.0042254956165],
      [0.018004074209, 0.54921159294, 0.055600598447, 0.18898946569, 0.16437655153, 0.023817717183],
      [0.0036680801967, 0.0075460706263, 0.0041673946838, 0.39432590313, 0.10994657702, 0.48034597435]
    ],
    [
      [0.23910692812, 0.14580667428, 0.049380558159, 0.13160816182, 0.39665179603, 0.037445881585],
      [0.0070661962859, 0.021612472727, 0.049670109087, 0.86196162435, 0.042922047105, 0.016767550442],
      [0.034168026821, 0.12445023404, 0.54339578841, 0.1749373381, 0.086477248493, 0.03657136414],
      [0.0026405260784, 0.0064484595887, 0.023754050637, 0.0002689060118, 0.96485282021, 0.0020352374725],
      [0.03878039801, 0.59236360832, 0.092147219716, 0.10637363552, 0.15862410347, 0.01171103497],
      [0.0095565786346, 0.013186075571, 0.011788637223, 0.37663824201, 0.180548142, 0.40828232456]
    ],
    [
      [0.26812606566, 0.11566080065, 0.083237625987, 0.094781313062, 0.33160614295, 0.10658805169],
      [0.0094638186423, 0.02128501248, 0.10227809545, 0.76491611337, 0.044144494342, 0.057912465709],
      [0.04740646486, 0.099021115656, 0.67901376244, 0.044167744856, 0.054646969045, 0.075743943141],
      [0, 0.0058182186459, 0.042058456085, 0, 0.94855713675, 0.0035661885221],
      [0.047234552311, 0.51513688174, 0.17143907129, 0.08271956173, 0.14729322713, 0.0361767058],
      [0.0061593191379, 0.0063197101156, 0.011399961456, 0.15641374127, 0.08760076474, 0.73210650328]
    ],
    [
      [0.29926217744, 0.068152203901, 0.042093322342, 0.24902505615, 0.29687011254, 0.044597127626],
      [0.0055269311612, 0.0059770659978, 0.025393818703, 0.93156880104, 0.019661945066, 0.011871438037],
      [0.043977141034, 0.058683545734, 0.45575474989, 0.33140636499, 0.066429307189, 0.043748891166],
      [0.001479381391, 0.0044436963953, 0.029083598132, 0, 0.96240702655, 0.0025862975326],
      [0.076872466475, 0.36569363244, 0.10750414356, 0.26624522072, 0.16448036591, 0.019204170889],
      [0.0092942411362, 0.0046940479536, 0.0077059462432, 0.53038975744, 0.10320350739, 0.34471249984]
    ],
    [
      [0.44262551684, 0.039803033096, 0, 0.19946787529, 0.21930782649, 0.098795748282],
      [0.012384389205, 0.0028633755073, 0, 0.9358332591, 0.019551475352, 0.029367500834],
      [0.098628254087, 0.044169603523, 0.20542723612, 0.42232791233, 0.075833749541, 0.1536132444],
      [0, 0.00012607641139, 0, 0.014347706912, 0.98486571201, 0.00066050466611],
      [0.13267951012, 0.26716931831, 0.044229819601, 0.320957248, 0.17489702276, 0.060067081215],
      [0.0082423542485, 0.0014351578869, 0.00068588856206, 0.29540263602, 0.051183879619, 0.64305008366]
    ],
    [
      [0.15802878043, 0.23298857042, 0.039156606894, 0.14040111322, 0.3618817594, 0.06754316963],
      [0.0036020018389, 0.027611005718, 0.036623038904, 0.86655265879, 0.037138016628, 0.028473278123],
      [0.017953576883, 0.18343640349, 0.45133504888, 0.19276296539, 0.083899180205, 0.070612825156],
      [0, 0, 0.014078692159, 0.0052352619259, 0.97076274944, 0.0099232964757],
      [0.017331947247, 0.71553347301, 0.054762012497, 0.084754759989, 0.1086736859, 0.018944121354],
      [0.0043870009093, 0.014842634971, 0.0063334181447, 0.27510889043, 0.1116423171, 0.58768573845]
    ],
    [
      [0.10398096618, 0, 0.059436049763, 0.2919672426, 0.52037749895, 0.024238242506],
      [0.0013446192435, 0, 0.014153681745, 0.95366271953, 0.02580728205, 0.0050316974363],
      [0.002470502021, 0, 0.38865034108, 0.45336938981, 0.12842509963, 0.027084667459],
      [0, 0, 0.00093677921045, 1.4146065728e-05, 0.99711990112, 0.0019291736068],
      [0.026197499828, 0.19956924746, 0.082511054201, 0.36443495896, 0.31574177137, 0.011545468176],
      [0.0030474165259, 0.0021537626931, 0.0045958505135, 0.63091534108, 0.16778203563, 0.19150559355]
    ],
    [
      [0.27418123777, 0.065794569371, 0.034521973391, 0.26364327715, 0.29585146075, 0.066007481565],
      [0.0049970532085, 0.0054943068188, 0.019561195271, 0.93516852543, 0.018239639654, 0.016539279615],
      [0.055996288924, 0.059379011354, 0.39413463889, 0.35350804796, 0.06897116054, 0.06801085234],
