{
  "Z_true": {},
  "V_true": [
    [27, 1100, 637, 170, 48],
    [381, 1333, 5953, 1216, 358],
    [417, 124, 143, 13132, 296],
    [1596, 73, 251, 1110, 101],
    [126, 134, 318, 949, 868]
  ],
  "p_true": [
    [0.0136, 0.555, 0.3214, 0.0858, 0.0242],
    [0.0412, 0.1442, 0.6442, 0.1316, 0.0387],
    [0.0295, 0.0088, 0.0101, 0.9306, 0.021],
    [0.5097, 0.0233, 0.0802, 0.3545, 0.0323],
    [0.0526, 0.0559, 0.1328, 0.3962, 0.3624]
  ],
  "Z_est": {},
  "V_est": [
    [0, 1982, 0, 0, 0],
    [433.2036, 782, 6748.8758, 777.4963, 499.4242],
    [0, 0, 0, 14112, 0],
    [2113.7964, 0, 379.4574, 459.2343, 178.512],
    [0, 0, 173.6668, 1228.2694, 993.0638]
  ],
  "p_est": [
    [0, 1, 0, 0, 0],
    [0.0469, 0.0846, 0.7303, 0.0841, 0.054],
    [0, 0, 0, 1, 0],
    [0.6751, 0, 0.1212, 0.1467, 0.057],
    [0, 0, 0.0725, 0.5128, 0.4146]
  ],
  "EI_Z": {},
  "EI_V": 12.8952,
  "MAE_Z": {},
  "MAE_V": 318.3682,
  "MAE_p": 0.0817,
  "runtime": 0.0551
}
