{
  "X": [
    [23, 23, 72, 427, 49],
    [9, 15, 38, 368, 52],
    [12, 18, 27, 767, 143],
    [2, 8, 5, 161, 20],
    [7, 15, 12, 374, 50],
    [3, 9, 22, 440, 53],
    [12, 30, 73, 390, 68],
    [14, 41, 212, 220, 21],
    [3, 6, 30, 83, 15],
    [38, 19, 204, 149, 22],
    [15, 13, 85, 123, 21],
    [61, 37, 392, 492, 75],
    [25, 19, 60, 139, 25],
    [50, 50, 522, 409, 45],
    [11, 43, 84, 251, 16],
    [2, 56, 97, 261, 16],
    [40, 35, 251, 286, 29],
    [26, 21, 276, 185, 34],
    [10, 8, 121, 157, 20],
    [1, 5, 43, 26, 7],
    [2, 8, 44, 29, 9],
    [33, 51, 528, 311, 41],
    [26, 27, 335, 147, 33],
    [22, 38, 247, 227, 21],
    [22, 12, 157, 141, 21],
    [16, 26, 76, 258, 46],
    [6, 14, 36, 154, 30],
    [44, 46, 126, 728, 83],
    [10, 21, 31, 452, 81],
    [28, 80, 274, 381, 36],
    [71, 87, 788, 845, 79],
    [23, 20, 147, 183, 26],
    [26, 62, 268, 299, 31],
    [25, 58, 224, 294, 42],
    [9, 9, 53, 87, 13],
    [7, 7, 38, 55, 9],
    [12, 16, 61, 183, 23],
    [10, 23, 37, 170, 33],
    [20, 29, 146, 487, 53],
    [23, 35, 135, 336, 65],
    [11, 17, 64, 195, 29],
    [18, 29, 75, 316, 36],
    [5, 16, 16, 402, 43],
    [1, 4, 26, 471, 60],
    [35, 32, 365, 411, 32],
    [43, 33, 421, 283, 49],
    [54, 22, 742, 300, 33],
    [57, 41, 513, 316, 42],
    [5, 5, 34, 97, 16],
    [95, 78, 598, 916, 93],
    [14, 28, 124, 210, 23],
    [58, 172, 520, 1097, 158],
    [12, 37, 154, 274, 18]
  ],
  "W": [
    [27, 399, 88, 22, 24, 34],
    [15, 377, 46, 15, 5, 24],
    [16, 804, 37, 24, 13, 73],
    [12, 161, 7, 5, 2, 9],
    [15, 383, 14, 13, 7, 26],
    [9, 446, 28, 10, 6, 28],
    [30, 377, 66, 36, 17, 47],
    [53, 201, 204, 11, 18, 21],
    [4, 80, 30, 5, 7, 11],
    [20, 131, 207, 15, 39, 20],
    [15, 115, 79, 14, 28, 6],
    [47, 436, 410, 46, 66, 52],
    [18, 137, 61, 9, 28, 15],
    [68, 386, 487, 37, 59, 39],
    [93, 185, 79, 12, 13, 23],
    [107, 193, 94, 21, 3, 14],
    [43, 248, 274, 29, 33, 14],
    [24, 156, 282, 26, 32, 22],
    [18, 144, 107, 17, 17, 13],
    [7, 22, 48, 4, 0, 1],
    [10, 28, 45, 3, 1, 5],
    [62, 306, 484, 19, 55, 38],
    [29, 132, 353, 15, 21, 18],
    [52, 203, 238, 14, 34, 14],
    [26, 130, 134, 21, 30, 12],
    [28, 253, 85, 15, 13, 28],
    [15, 141, 43, 9, 7, 25],
    [45, 676, 145, 70, 35, 56],
    [17, 467, 38, 16, 9, 48],
    [96, 340, 266, 37, 33, 27],
    [113, 771, 726, 92, 83, 85],
    [34, 165, 145, 22, 18, 15],
    [72, 281, 266, 22, 27, 18],
    [79, 249, 227, 23, 45, 20],
    [5, 80, 62, 6, 13, 5],
    [2, 52, 41, 3, 11, 7],
    [20, 167, 66, 18, 12, 12],
    [17, 172, 44, 13, 11, 16],
    [40, 441, 151, 47, 19, 37],
    [47, 309, 146, 39, 16, 37],
    [20, 185, 66, 13, 9, 23],
    [36, 296, 87, 17, 19, 19],
    [11, 411, 16, 13, 8, 23],
    [5, 494, 22, 17, 3, 21],
    [40, 384, 345, 29, 48, 29],
    [34, 259, 435, 27, 37, 37],
    [22, 262, 745, 27, 65, 30],
    [40, 304, 501, 33, 58, 33],
    [2, 88, 41, 7, 5, 14],
    [117, 816, 600, 88, 88, 71],
    [27, 211, 117, 13, 18, 13],
    [127, 1105, 565, 61, 64, 83],
    [46, 246, 165, 11, 9, 18]
  ],
  "method": "mvn_cdf",
  "mvncdf_method": "genz",
  "mvncdf_samples": 5000,
  "mvncdf_error": 1e-06,
  "cond_prob": [
    [
      [0.00014738506247, 0.43749420087, 0.042499603116, 0.50900956056, 0.01084925039],
      [0.001244849845, 0.0032496198888, 0.0014914325172, 0.92849413552, 0.065519962226],
      [0.086163142339, 0.028070966593, 0.74922860084, 0.13309085074, 0.0034464394951],
      [0.061360715916, 0.045126118594, 0.028594081487, 0.76922702434, 0.095692059658],
      [0.55072016078, 0.11531424113, 0.14987281557, 0.12520649254, 0.058886289982],
      [0.010286746486, 0.10766167013, 0.0029204382821, 0.32787166382, 0.55125948128]
    ],
    [
      [0.00017657342517, 0.54838393642, 0.0480683463, 0.39097006103, 0.012401082825],
      [0.00026197166852, 0.00194444829, 0, 0.90558671634, 0.092206863706],
      [0.093904772113, 0.030900432492, 0.78084390153, 0.090854816018, 0.0034960778441],
      [0.086240649282, 0.063910196342, 0.037486755959, 0.68547809364, 0.12688430478],
      [0.59978776682, 0.11864510623, 0.14426417942, 0.080803547404, 0.05649940013],
      [0.011934166211, 0.12782856573, 0.0031888791038, 0.24432276448, 0.61272562448]
    ],
    [
      [0.00012565774158, 0.47114379627, 0.037253989616, 0.47282407629, 0.01865248008],
      [0.00044635083, 0.00026187394729, 0, 0.89099764929, 0.10829412594],
      [0.088215716066, 0.033533860637, 0.64879449141, 0.22285357702, 0.0066023548704],
      [0.052208332356, 0.048417385848, 0.024994893379, 0.71076837993, 0.16361100848],
      [0.5015025789, 0.1305674029, 0.13835865716, 0.12281428942, 0.10675707162],
      [0.0082549097556, 0.084260359788, 0, 0.2215355551, 0.68594917536]
    ],
    [
      [9.0319341578e-05, 0.47687572429, 0, 0.47754030879, 0.045493647572],
      [0.00032381057736, 0.00064844913392, 0, 0.91760025475, 0.081427485534],
      [0.090233289754, 0.10983286511, 0.65774811149, 0.13773547669, 0.0044502569473],
      [0.039771277403, 0.048710216069, 0.023757585432, 0.76480041795, 0.12296050315],
      [0.5233720683, 0.13227777436, 0.13848764619, 0.12789885054, 0.077963660607],
      [0.0077276792273, 0.099572701452, 0, 0.27688079459, 0.61581882473]
    ],
    [
      [0.00015016333511, 0.55216239604, 0, 0.41959122736, 0.028096213265],
      [0.00065793765703, 0.0016459086434, 0, 0.91334581789, 0.084350335807],
      [0.099562914276, 0.052928394998, 0.74886682024, 0.095331265831, 0.0033106046588],
      [0.075281662067, 0.066039284833, 0.036049361922, 0.70495532493, 0.11767436625],
      [0.57278997917, 0.13199106964, 0.14960325882, 0.089276421465, 0.056339270905],
      [0.013987891015, 0.13706674341, 0, 0.26041120926, 0.58853415632]
    ],
    [
      [5.22731134e-05, 0.41882856088, 0.033698985877, 0.534111945, 0.013308235131],
      [0, 0.00053802739164, 0, 0.92405883152, 0.075403141086],
      [0.027706695093, 0.037633884583, 0.72395336945, 0.18901419089, 0.021691859982],
      [0.021163894512, 0.041572747644, 0.022264207607, 0.79892822999, 0.11607092025],
      [0.32030975665, 0.1704138802, 0.19097867904, 0.20539460055, 0.11290308355],
      [0.0032230212266, 0.089236543194, 0.002053594005, 0.30531094242, 0.60017589915]
    ],
    [
      [0.00011777278033, 0.54746066586, 0.10109230939, 0.34060337457, 0.010725877402],
      [0.00048055090109, 0.0015829146762, 0.0037040893493, 0.90327493342, 0.090957511651],
      [0.034565099994, 0.017720644186, 0.9008486158, 0.045140321959, 0.0017253180574],
      [0.062735821082, 0.072240572867, 0.086979910075, 0.65726126929, 0.12078242669],
      [0.4031481195, 0.13367275242, 0.33106026701, 0.077993392891, 0.054125468173],
      [0.0089786156753, 0.14759066512, 0.0075633848644, 0.24001477106, 0.59585256328]
    ],
    [
      [0.00014372682005, 0.56641564178, 0.16407484015, 0.26450959725, 0.0048561939998],
      [0.0009519809309, 0.0015257117261, 0.010280964807, 0.93400779063, 0.053233551906],
      [0.026460141577, 0.012981024465, 0.93774344435, 0.022815389605, 0],
      [0.089327266881, 0.08728359232, 0.16462197637, 0.5950047363, 0.063762428121],
      [0.39214284037, 0.1108462532, 0.42894964961, 0.048455430693, 0.01960582613],
      [0.017237827022, 0.24142008881, 0.019331498303, 0.29399219514, 0.42801839073]
    ],
    [
      [6.3016700545e-05, 0.54610410135, 0.072203860799, 0.37057268979, 0.011056331361],
      [0, 0.002117427603, 0.0023662649764, 0.9076292911, 0.087887016321],
      [0.020366454388, 0.024203472994, 0.89375354912, 0.059525718401, 0.0021508050977],
      [0.032284089966, 0.064820173851, 0.060231242169, 0.71833493255, 0.12432956147],
      [0.31117749146, 0.16764495786, 0.33612469593, 0.11146814678, 0.073584707972],
      [0.0044628555933, 0.12931542021, 0.0050225275179, 0.24996751916, 0.61123167752]
    ],
    [
      [0.00031947918519, 0.50139872299, 0.15847745486, 0.33203285897, 0.0077714839878],
      [0.0016574058039, 0.0010508293903, 0.006277290574, 0.92143878568, 0.069575688552],
      [0.057231217084, 0.010413510448, 0.90302979746, 0.027809267957, 0.0015162070536],
      [0.15455551828, 0.059809305869, 0.12378197299, 0.58230165185, 0.079551551007],
      [0.59064135086, 0.066292337487, 0.28059957334, 0.041191229783, 0.02127550853],
      [0.028814143095, 0.15981147386, 0.014042240438, 0.2776680345, 0.51966410811]
    ],
    [
      [0.00013346680247, 0.48985072483, 0.11911659883, 0.37559628217, 0.01530292736],
      [0.00082253026, 0.0026530548958, 0.0034700356623, 0.88471789703, 0.10833648216],
      [0.033564215689, 0.013296156271, 0.90899846174, 0.042055418133, 0.0020857481715],
      [0.06198532636, 0.055502950063, 0.08946148627, 0.64000322957, 0.15304700774],
      [0.40490988424, 0.10447926091, 0.34678838904, 0.075563016667, 0.068259449147],
      [0.0077604418134, 0.09904681047, 0.006797123055, 0.20421831606, 0.68217730861]
    ],
    [
      [0.00020800639528, 0.42298192463, 0.11681130835, 0.44804211629, 0.01195664434],
      [0.00080620299663, 0, 0.0046294136255, 0.91417055522, 0.080393828155],
      [0.0528734213, 0.011145161893, 0.88245600654, 0.051844968959, 0.0016804413102],
      [0.087383182923, 0.044643859571, 0.07951231351, 0.6821420125, 0.10631863149],
      [0.5182193675, 0.077918602406, 0.28210116145, 0.076662917734, 0.045097950912],
      [0.014202149811, 0.10296322821, 0.0078507386514, 0.28209492382, 0.59288895951]
    ],
    [
      [0.0002963514663, 0.62243292175, 0.089297269557, 0.27809858206, 0.0098748751655],
      [0, 0.0014623816752, 0.0040311582704, 0.89262518456, 0.1018812755],
      [0.080305818665, 0.027041837312, 0.85034905884, 0.040641436694, 0.0016618484892],
      [0.16403045857, 0.083065337936, 0.079426834151, 0.55775445491, 0.11572291443],
      [0.65234721731, 0.093186550972, 0.1839136607, 0.039533206632, 0.031019364387],
      [0.023600968212, 0.17263317162, 0.0069775912556, 0.20658184802, 0.59020642089]
    ],
    [
      [0.00025927478639, 0.47519931235, 0.26051195643, 0.25860914929, 0.005420307137],
      [0.0017465424503, 0.0013119025172, 0.01496645583, 0.9210691963, 0.060905902901],
      [0.033364338976, 0.0070446538507, 0.95048538968, 0.0091056174905, 0],
      [0.14014322672, 0.064416942067, 0.22792936007, 0.50563762506, 0.061872846088],
      [0.4523736744, 0.061267157853, 0.44097691816, 0.03105010992, 0.014332139665],
      [0.030369863321, 0.19874658445, 0.030018608773, 0.27966368578, 0.46120125768]
    ],
    [
      [0.00014174936953, 0.38969476596, 0.096312252556, 0.50772925415, 0.0061219779667],
      [0.0023812821991, 0.0058406604937, 0.0060421680669, 0.96001026701, 0.025725622233],
      [0.042913052411, 0.01311717041, 0.87410794622, 0.068852105408, 0.0010097255519],
      [0.060117000888, 0.041345432393, 0.065813646583, 0.77795279985, 0.054771120289],
      [0.47172897887, 0.090942955477, 0.2984117427, 0.10969439345, 0.029221929495],
      [0.013142096754, 0.12883497835, 0.0087615328059, 0.43384795338, 0.41541343872]
    ],
    [
      [0, 0.45984948492, 0.086216247936, 0.44746351491, 0.0064707522324],
      [0, 0.00075837261083, 0.0057847278225, 0.95497118675, 0.038485712817],
      [0.00552444831, 0.030444480193, 0.89337531187, 0.069435250265, 0.0012205093665],
      [0.027834180404, 0.055665469933, 0.067217745217, 0.7830747111, 0.066207893345],
      [0.2733594433, 0.15542857803, 0.38611137999, 0.14028790193, 0.044812696749],
      [0.0054361243202, 0.15376410419, 0.0079444925873, 0.3871156213, 0.4457396576]
    ],
    [
      [0.00021974706061, 0.51844014206, 0.092831636036, 0.37989050462, 0.0086179702201],
      [0.0010114722991, 0.00096900079143, 0.0032639894432, 0.92669131971, 0.068064217761],
      [0.064027817292, 0.019301490247, 0.86255654762, 0.051613973199, 0.0025001716407],
      [0.10678934683, 0.062619957614, 0.072939482734, 0.66894139827, 0.088709814547],
      [0.57098177648, 0.097470242203, 0.23140352407, 0.066739266681, 0.033405190567],
      [0.018342437577, 0.15326118599, 0.0076224947887, 0.29295257195, 0.5278213097]
    ],
    [
      [0.00016074577649, 0.46163227022, 0.13963308019, 0.38602635184, 0.012547551975],
      [0.00070466095395, 0.00082084543825, 0.0046740632317, 0.89923355958, 0.094566870801],
      [0.035377187694, 0.011066477007, 0.91304171231, 0.039370655604, 0.0011439673864],
      [0.074030954071, 0.052853955095, 0.1041086682, 0.64617540821, 0.12283101443],
      [0.42956818202, 0.089676850598, 0.36034466586, 0.0701041179, 0.050306183617],
      [0.010857337829, 0.11037113904, 0.0092743027069, 0.24129613616, 0.62820108426]
    ],
    [
      [0.00018318610196, 0.29795911101, 0.27391712141, 0.39342526564, 0.034515315837],
      [0.00034533695014, 0, 0.0091967383964, 0.92048081397, 0.069977110685],
      [0.021109690122, 0, 0.95721171256, 0.021108462792, 0.00057013452257],
      [0.079505475123, 0.035286478024, 0.19148820551, 0.60977763772, 0.083942203631],
      [0.36114039811, 0.045859375302, 0.51645451092, 0.050351088189, 0.026194627483],
      [0.015173649334, 0.096712038098, 0.022190927853, 0.29910108829, 0.56682229642]
    ],
    [
      [4.7061217552e-05, 0.50720940767, 0.062777043059, 0.3807195706, 0.049246917449],
      [0.00015273709907, 0.00058703994462, 0.0015438792273, 0.81167323849, 0.18604310523],
      [0.019427706314, 0.026208057477, 0.88307200905, 0.071292227158, 0],
      [0.015761254043, 0.038583476146, 0.034544068566, 0.49949486562, 0.41161633562],
      [0.21239506268, 0.13262695697, 0.25666024296, 0.10022846817, 0.29808926922],
      [0.0007354360364, 0.024298604049, 0.00096264687893, 0.058145392836, 0.9158579202]
    ],
    [
      [0.00010407224822, 0.62358881681, 0.12240493353, 0.23751816787, 0.016384009535],
      [0.00062641176421, 0.0065078439448, 0.0055729873887, 0.83381723134, 0.15347552556],
      [0.030949144426, 0.014942809963, 0.93018020538, 0.023927840231, 0],
      [0.062610263068, 0.083795565137, 0.11676555504, 0.52184050541, 0.21498811135],
      [0.37409593552, 0.12446874262, 0.38086458121, 0.047606263964, 0.072964476688],
      [0.0053563048453, 0.10672206301, 0.0061273058766, 0.11761105062, 0.76418327565]
    ],
    [
      [0.00018779902676, 0.507824847, 0.275735555, 0.21131722077, 0.004934578196],
      [0.0015274119808, 0.001690017929, 0.019688223747, 0.90829580733, 0.068798539012],
      [0.019366331378, 0.0097281537672, 0.9705850671, 0, 0.0003204477512],
      [0.1151494972, 0.077973905206, 0.2737396222, 0.46917861167, 0.063958363731],
      [0.3644971851, 0.072772350153, 0.51995564012, 0.028249818944, 0.014525005685],
      [0.024012588948, 0.23171852944, 0.034684568859, 0.24978109488, 0.45980321787]
    ],
    [
      [0.00017620322148, 0.55416434516, 0.13274486055, 0.2983980247, 0.014516566371],
      [0.00095082474132, 0.0012077489316, 0.0054717763124, 0.86607670734, 0.12629294267],
      [0.041656998578, 0.015044723666, 0.91119518603, 0.032103091726, 0],
      [0.091756089555, 0.071377282052, 0.1118001584, 0.56417297328, 0.16089349671],
      [0.4566076209, 0.10362468882, 0.3310234671, 0.052439168543, 0.056305054643],
      [0.011075520027, 0.12290255451, 0.008207150965, 0.17378463314, 0.68403014135]
    ],
    [
      [0.00014728602129, 0.52761409372, 0.15546433548, 0.31059282938, 0.0061814553931],
      [0.00083011748191, 0.0012108208976, 0.0066898453506, 0.93138748159, 0.059881734677],
      [0.028449577158, 0.012583065131, 0.93038044751, 0.028586910196, 0],
      [0.082351283484, 0.073476462793, 0.14063320335, 0.63024606818, 0.073292982196],
      [0.40250597065, 0.10475878789, 0.40987043279, 0.057582581387, 0.025282227275],
      [0.015336210247, 0.19521655113, 0.0159149913, 0.2994697686, 0.47406247872]
    ],
    [
      [0.00030781648762, 0.35756201594, 0.32839242701, 0.30493392986, 0.0088038107105],
      [0.0016942112826, 0, 0.013752793796, 0.89972014092, 0.084832853999],
      [0.032573757185, 0, 0.95123558157, 0.013089137492, 0.0031015237485],
      [0.13910575283, 0.039934769225, 0.23893299298, 0.49789139088, 0.08413509408],
      [0.47198998424, 0.017398045401, 0.4616784512, 0.029880684117, 0.019052835052],
      [0.027162125443, 0.11190133916, 0.028368282066, 0.25016794565, 0.58240030768]
    ],
    [
      [0.0001872828638, 0.58587615308, 0.064560636875, 0.33733399188, 0.012041935307],
      [0, 0.0019343033462, 0.0021455298732, 0.89557282515, 0.10034734163],
      [0.078598135349, 0.027767468063, 0.82730862171, 0.063571496342, 0.0027542785405],
      [0.098319513596, 0.075036242981, 0.054457862829, 0.63896624197, 0.13322013863],
      [0.57476757709, 0.12262333267, 0.18362274788, 0.066566378504, 0.052419963857],
      [0.013112263182, 0.14379311473, 0.0044388071333, 0.21861749018, 0.62003832478]
    ],
    [
      [8.0645085299e-05, 0.50448904439, 0.038984973788, 0.44340889224, 0.013036444503],
      [0.0025948460845, 0.0034165976885, 0.00044465905973, 0.90592091043, 0.08762298674],
      [0.052610429769, 0.034085591158, 0.78483073327, 0.12404495332, 0.0044282924867],
      [0.037148873792, 0.056499801252, 0.029042393151, 0.74896773074, 0.12834120106],
      [0.41537356543, 0.1694023219, 0.18316692919, 0.14060293794, 0.091454245548],
      [0.0051485489444, 0.11163716703, 0.0024502756973, 0.26220620446, 0.61855780387]
    ],
    [
      [0.00022395557859, 0.52711984766, 0.057865205493, 0.40581560297, 0.0089753882999],
      [0, 0.0011467754205, 0.0010093551481, 0.93080250976, 0.067041359668],
      [0.094208775485, 0.033999405763, 0.78578489376, 0.083757750726, 0.0022491742686],
      [0.10639458604, 0.062459087138, 0.044435701867, 0.69676228066, 0.089948344295],
      [0.62481285213, 0.10669770689, 0.15447723852, 0.076659078543, 0.037353123921],
      [0.018099619753, 0.15121280347, 0.0046023142667, 0.30204464314, 0.52404061936]
    ],
    [
      [0.00013456628452, 0.57525516328, 0.041058568498, 0.37020240034, 0.013349301599],
      [0.0006129591873, 0.0010445426467, 0, 0.8972463412, 0.10109615697],
      [0.085830311753, 0.050563588003, 0.74810157535, 0.11110235306, 0.0044021718356],
      [0.068782871127, 0.071541131304, 0.0337432024, 0.68242732908, 0.14350546609],
      [0.53338699037, 0.15217024397, 0.14825035932, 0.092604765339, 0.073587641003],
      [0.01143541114, 0.13119279515, 0, 0.2232989226, 0.63407287111]
    ],
    [
      [0.00013728400414, 0.62206901939, 0.11789726534, 0.25478354444, 0.0051128868342],
      [0.0017249261354, 0, 0.0074760288005, 0.93160205291, 0.059196992157],
      [0.035824862024, 0.018025393721, 0.91518418277, 0.03022889582, 0.00073666566726],
      [0.090703023134, 0.10281795948, 0.12601281945, 0.60908286682, 0.071383331124],
      [0.42668987098, 0.14162650014, 0.35369189049, 0.054078468363, 0.023913270025],
      [0.016079813064, 0.25958075568, 0.013581978294, 0.27535333072, 0.43540412225]
    ],
    [
      [0.0002257679296, 0.46379294327, 0.25105533957, 0.28006043775, 0.0048655114814],
      [0.0019145176335, 0.001808087568, 0.013765679714, 0.93621020992, 0.046301505159],
      [0.028636760128, 0.0066946796862, 0.9479792951, 0.01634451129, 0.00034475379056],
      [0.12102102516, 0.062698312168, 0.21810916065, 0.54309765747, 0.055073844553],
      [0.42457881282, 0.065135212859, 0.4597995752, 0.036518319264, 0.013968079857],
      [0.027460370547, 0.20191243596, 0.030059197662, 0.31379974706, 0.42676824877]
    ],
    [
      [0.00035371880483, 0.4477650994, 0.18072448172, 0.3608413493, 0.010315350771],
      [0, 0, 0.0068284200311, 0.90715585967, 0.086015720302],
      [0.058218393312, 0.0065250609934, 0.90726171125, 0.027054944738, 0.00093988970772],
      [0.15576361744, 0.048536011822, 0.12785231006, 0.57214532573, 0.095702734955],
      [0.59528873152, 0.052888530274, 0.28669500221, 0.039929730731, 0.025198005273],
      [0.026953985298, 0.12067113143, 0.013497954951, 0.25478519817, 0.58409173016]
    ],
    [
      [0.00015705306588, 0.64121556486, 0.12419934329, 0.22906857998, 0.0053594588066],
      [0.0025726095165, 0.0011753086094, 0.0090991163572, 0.91641231096, 0.070740654556],
      [0.038845031231, 0.017676669958, 0.91697263081, 0.025773447698, 0.00073222030479],
      [0.10763526934, 0.10931869654, 0.13754358129, 0.56786794382, 0.07763450901],
      [0.45318897588, 0.134218263, 0.34460502051, 0.044858331037, 0.023129409568],
      [0.018274017961, 0.26507327653, 0.014210080521, 0.24639978177, 0.45604284322]
    ],
    [
      [9.2233561066e-05, 0.52770405558, 0.08210164611, 0.37833194731, 0.011770117444],
      [0, 0.0015242520974, 0.0067355665171, 0.90216190324, 0.089578278148],
      [0.032864387607, 0.021512620016, 0.88150583587, 0.061781525874, 0.0023356306303],
      [0.046499743711, 0.066763716155, 0.067114880493, 0.69339735824, 0.1262243014],
      [0.36295540413, 0.15259755942, 0.31283205935, 0.10173233607, 0.069882641032],
      [0.0065005135474, 0.1323010224, 0.0056952114522, 0.24614807602, 0.60935517657]
    ],
    [
      [6.5428685346e-05, 0.58540968329, 0.033673928199, 0.36887899486, 0.011971964967],
      [0.0042939288967, 0, 0.022578695936, 0.88052623522, 0.09260113995],
      [0.057710363627, 0.035371367321, 0.78222927552, 0.11996104218, 0.0047279513518],
      [0.034108071401, 0.070305047493, 0.028568080218, 0.72868120962, 0.13833759127],
      [0.37320120298, 0.21652083022, 0.18035373792, 0.13356494915, 0.096359279719],
      [0.0043703865465, 0.12866514635, 0.0022225055612, 0.23349799925, 0.63124396229]
    ],
    [
      [7.4293868728e-05, 0.71297718493, 0.044913159362, 0.23562051017, 0.0064148516711],
      [0.00049734303372, 0, 0.0023161946715, 0.91402355124, 0.083162911053],
      [0.05523651211, 0.02526695719, 0.85526064846, 0.060436405001, 0.0037994772356],
      [0.05495649966, 0.11422264859, 0.054032772811, 0.67164947154, 0.1051386074],
      [0.40831128183, 0.23363267208, 0.23002661075, 0.080014821111, 0.048014614237],
      [0.0075712827, 0.23221043525, 0.0045219906715, 0.23236146617, 0.52333482521]
    ],
    [
      [0.00015431181918, 0.50666880405, 0.071097237377, 0.4114296737, 0.010649973054],
      [0.0018340564693, 0.0029480771855, 0.0004602974038, 0.91587747991, 0.078880089029],
      [0.060364923991, 0.021151544151, 0.84528070289, 0.070970172091, 0.0022326568779],
      [0.073081564743, 0.058218365012, 0.054164613958, 0.70747224562, 0.10706321067],
      [0.52135970211, 0.11582056327, 0.22306497747, 0.088889475439, 0.050865281711],
      [0.011229729927, 0.12837631548, 0.0050763678717, 0.27788849134, 0.57742909538]
    ],
    [
      [8.4719123495e-05, 0.75208082979, 0.030140744861, 0.20839907093, 0.0092946352913],
      [0.00065741511655, 0, 0, 0.88147522496, 0.11786735993],
      [0.089333198696, 0.044482462661, 0.78012077811, 0.08189984993, 0.0041637105986],
      [0.066840972165, 0.14032755015, 0.038298402139, 0.59863840953, 0.15589466602],
      [0.45168262543, 0.26152967955, 0.14757081227, 0.070166503545, 0.069050379214],
      [0.0073363821496, 0.22226955684, 0.002570933599, 0.16785955262, 0.59996357479]
    ],
    [
      [0.00015056004368, 0.43898284154, 0.095434098273, 0.45596949617, 0.0094630039691],
      [0.0011771895058, 0.0012404554532, 0.0027558876088, 0.93212974248, 0.062696724949],
      [0.045936987024, 0.014937378966, 0.87446453792, 0.063071348325, 0.0015897477686],
      [0.066448976497, 0.048321208274, 0.068089642956, 0.72883108718, 0.088309085089],
      [0.47278519042, 0.099591068406, 0.28703145083, 0.09646134953, 0.04413094081],
      [0.011684634384, 0.12093984246, 0.0072792871179, 0.32649738871, 0.53359884733]
    ],
    [
      [0.00020400420455, 0.50880092913, 0.084233224432, 0.39148608527, 0.015275756961],
      [0.00018642782868, 0.0017733587335, 0.0028631292543, 0.88938349542, 0.10579358876],
      [0.068638627386, 0.018995970789, 0.85002508065, 0.05952030149, 0.0028200196883],
      [0.092623196623, 0.057367083837, 0.061674560334, 0.64192174147, 0.14641341773],
      [0.55323302872, 0.098448651589, 0.21661325769, 0.070786495378, 0.060918566624],
      [0.012095483164, 0.10682383925, 0.0049067503152, 0.21413940665, 0.66203452063]
    ],
    [
      [0.00021009544525, 0.5256764852, 0.10203947749, 0.3627239457, 0.0093499961737],
      [0.0014069180102, 0.0020135142165, 0.0027714185801, 0.91629677945, 0.07751136974],
      [0.059533051656, 0.015837239566, 0.87808963981, 0.045127925556, 0.0014121434085],
      [0.10494606377, 0.063461725419, 0.081547590203, 0.65199146326, 0.098053157351],
      [0.56148932953, 0.093268400717, 0.24974848513, 0.060872608911, 0.034621175707],
      [0.016897132831, 0.14801279643, 0.0080315976702, 0.27080136078, 0.5562571123]
    ],
    [
      [0.00013542417402, 0.52572483114, 0.04886001363, 0.41517351837, 0.010106212678],
      [0.001449754886, 0.0033482131533, 0.00047163869004, 0.92058514078, 0.074145252493],
      [0.072987693507, 0.03088220574, 0.79341707839, 0.09976249624, 0.0029505261252],
      [0.065572120697, 0.062764927277, 0.038187570046, 0.7296927982, 0.10378258378],
      [0.52145373759, 0.14126466217, 0.17664224023, 0.10448752838, 0.056151831632],
      [0.010195835908, 0.1392131969, 0.0036188095859, 0.28900915195, 0.55796300565]
    ],
    [
      [7.2978207188e-05, 0.64190015758, 0.04406317606, 0.30669098422, 0.0072727039361],
      [0.0004120048223, 0.00096755631138, 0, 0.92684266682, 0.071777772046],
      [0.050410307961, 0.039767911342, 0.82300906667, 0.084486593159, 0.0023261208653],
      [0.046514496854, 0.097362673046, 0.045410636034, 0.71230295362, 0.098409240444],
      [0.39540726677, 0.2262245418, 0.21960271601, 0.10428851754, 0.054476957871],
      [0.011102249438, 0.20998412857, 0, 0.27165352532, 0.50726009667]
    ],
    [
      [7.4933252935e-05, 0.35801020987, 0.131245474, 0.49574127882, 0.014928104058],
      [0, 0, 0.003407808182, 0.90759514076, 0.08899705106],
      [0, 0, 0.9244896971, 0.073728994651, 0.0017813082444],
      [0.011094081793, 0.034736409007, 0.091125381809, 0.73587182323, 0.12717230416],
      [0.27034198108, 0.08738340698, 0.45067794445, 0.1151610833, 0.076435584186],
      [0, 0.064632370315, 0.020017939413, 0.27104533068, 0.64430435959]
    ],
    [
      [0.00020233006133, 0.46253608974, 0.21633541871, 0.31572552854, 0.0052006329502],
      [0.0017284118203, 0.00068488144895, 0.011394595825, 0.9427597401, 0.04343237081],
      [0.029493590196, 0.0075706216406, 0.94150252782, 0.021012919314, 0.00042034102446],
      [0.10526408295, 0.060131384091, 0.18218004366, 0.59521154417, 0.057212945138],
      [0.42564429503, 0.071426037926, 0.44095106474, 0.045476935855, 0.016501666451],
      [0.023080119801, 0.18798060375, 0.024269447648, 0.33302599297, 0.43164383582]
    ],
    [
      [0.00023407272998, 0.51360310598, 0.1581060721, 0.31844150343, 0.0096152457539],
      [0.0012528352022, 0.0011195962386, 0.006464385984, 0.9029669452, 0.088196237378],
      [0.045876593426, 0.011357510558, 0.91427468352, 0.027254630773, 0.0012365817193],
      [0.11851810099, 0.064849455941, 0.129548737, 0.58407746156, 0.10300624451],
      [0.50813189406, 0.081547992154, 0.3316412353, 0.047246047026, 0.031432831462],
      [0.019199196291, 0.14969705022, 0.012759152447, 0.2413673105, 0.57697729054]
    ],
    [
      [0.00020770380081, 0.41477391665, 0.2144270493, 0.3636492084, 0.0069421218507],
      [0.0010072257804, 0.00082196126792, 0.0089204251186, 0.93263809859, 0.056612289246],
      [0.03022875854, 0.0038908616976, 0.94205656232, 0.023823817443, 0],
      [0.097709967396, 0.048926841033, 0.16352176698, 0.62067133157, 0.069170093013],
      [0.43029457413, 0.063732016178, 0.43206996572, 0.052020604838, 0.021882839126],
      [0.020126527033, 0.14324407525, 0.020455970864, 0.32534421078, 0.49082921608]
    ],
    [
      [0.00027695401253, 0.54371934305, 0.21492361219, 0.23522845191, 0.0058516388396],
      [0.002024225964, 0.0016201509183, 0.011999782094, 0.91105415796, 0.073301683059],
      [0.041690037088, 0.009498202496, 0.94091327115, 0.0072676536744, 0.00063083559205],
      [0.1595456162, 0.07819771915, 0.2004007099, 0.49060649746, 0.071249457292],
      [0.50328506907, 0.072656832527, 0.3785675567, 0.029391140468, 0.016099401235],
      [0.031251794689, 0.21834787666, 0.02386155136, 0.24529099539, 0.4812477819]
    ],
    [
      [7.8886672425e-05, 0.4722289618, 0.036860816787, 0.47941729528, 0.011414039469],
      [0.0040339830962, 0.0026090791992, 0.0093988521946, 0.91034264411, 0.073615441398],
      [0.053117444686, 0.030223012299, 0.77994050708, 0.13288989827, 0.0038291376629],
      [0.03451405175, 0.047666722323, 0.026157324887, 0.7836447258, 0.10801717524],
      [0.43019767157, 0.15501484805, 0.18083612711, 0.15322719287, 0.0807241604],
      [0.005317840139, 0.10557559329, 0.0024526195193, 0.30220556097, 0.58444838609]
    ],
    [
      [0.00027612325035, 0.4445991732, 0.1502686969, 0.39699525045, 0.007860756203],
      [2.2905009828e-05, 0, 0.0065401793601, 0.93537574373, 0.058061171902],
      [0.055368223015, 0.0095251526827, 0.89765230299, 0.036574874837, 0.00087944647689],
      [0.12360225435, 0.05019542517, 0.10900125098, 0.64287492843, 0.074326141066],
      [0.55820956879, 0.066978632662, 0.29513764826, 0.055478865787, 0.0241952845],
      [0.024346885152, 0.14021814136, 0.013044664492, 0.32232239468, 0.50006791432]
    ],
    [
      [0.00014925339543, 0.66481354871, 0.13702640505, 0.19327704169, 0.0047337511544],
      [0.0027633369912, 0.0016671203393, 0.010971633558, 0.91011600531, 0.074481903806],
      [0.033629557733, 0.016133550648, 0.93010334714, 0.01955241458, 0.00058112989927],
      [0.11212678408, 0.12113282457, 0.16572108054, 0.52583805803, 0.075181252779],
      [0.43198219094, 0.13384879191, 0.37712478884, 0.037051919669, 0.019992308633],
      [0.018840012955, 0.29435703028, 0.016966193945, 0.22742930313, 0.44240745969]
    ],
    [
      [7.3189063869e-05, 0.77882840479, 0.047228415879, 0.16833635707, 0.0055336332043],
      [0.00074088889323, 0, 0.0036545365867, 0.89823328769, 0.097371286831],
      [0.050494303961, 0.028020687291, 0.86767537639, 0.051937574152, 0.0018720582092],
      [0.068241169247, 0.18255039992, 0.071418511907, 0.56865238137, 0.10913753756],
      [0.3712502697, 0.29377562379, 0.2330134509, 0.059151155246, 0.042809500361],
      [0.0086748486598, 0.32915530067, 0.0055150664192, 0.18379880916, 0.47285597509]
    ],
    [
      [0.00011257973206, 0.58002655101, 0.083006071383, 0.33193004177, 0.0049247561032],
      [0.0022146842289, 0.00050343658698, 0.0026371077165, 0.95634811218, 0.038296659288],
      [0.04006202197, 0.022551651445, 0.88358787596, 0.052846363349, 0.00095208727392],
      [0.066334885415, 0.084389354464, 0.078951245955, 0.70894607717, 0.061378436999],
      [0.43144259565, 0.15635545885, 0.30088246779, 0.083880592407, 0.027438885309],
      [0.01261712703, 0.22991270756, 0.009143709375, 0.34425557496, 0.40407088108]
    ]
  ],
  "expected_outcome": [
    [
      [0.0039793966867, 0.0026486013775, 0.0020105238652, 0.0010838320989, 0.0022524500266, 0.0004704580206, 0.00353318341, 0.0076175214627, 0.00025206680218, 0.0063895837039, 0.0020020020371, 0.0097763005784, 0.0053343263934, 0.017630685475, 0.013182691366, 0, 0.0094491236064, 0.0038578986358, 0.0032973498352, 0.00032942852286, 0.0010407224822, 0.011643539659, 0.0051098934228, 0.0076588731071, 0.008003228678, 0.0052439201865, 0.0012096762795, 0.010078001037, 0.0022876268368, 0.013179264397, 0.025511776045, 0.012026439364, 0.011307820743, 0.0072864513242, 0.00032714342673, 0.00014858773746, 0.0030862363837, 0.0014402250994, 0.0060224017473, 0.0095881976141, 0.0042019089051, 0.0048752702647, 0.00080276027907, 0.00037466626467, 0.0080932024532, 0.0079584728192, 0.0045694836179, 0.011078160501, 0.00015777334485, 0.032306420291, 0.0040298416765, 0.0092950111114, 0.0051786676748],
      [11.8123434236, 8.2257590463, 7.5383007403, 5.7225086915, 8.2824359407, 3.7694570479, 16.4238199758, 30.0200290142, 2.1844164054, 10.0279744598, 7.3477608725, 19.8801504577, 11.2037925915, 32.3135532397, 36.2416132344, 49.2038948867, 22.2929261086, 11.0791744852, 5.3632639982, 3.5504658537, 6.2358881681, 31.4851405142, 16.0707660096, 27.4359328733, 9.2966124143, 16.4045322861, 7.5673356658, 23.7203931448, 9.7793377758, 59.7186258615, 52.4086025897, 15.2240133795, 46.1675206696, 41.6886203905, 2.9270484164, 1.4259543699, 10.1333760809, 12.7853741065, 17.5593136617, 23.913643669, 10.5135297039, 18.9260939212, 7.0609017334, 1.7900510493, 18.5014435896, 17.4625056033, 9.1250261662, 21.748773722, 0.94445792359, 52.0181032646, 17.9499658151, 98.9112074079, 26.6812213464],
      [1.1474892841, 0.7210251945, 0.59606383385, 0, 0, 0.30329087289, 3.0327692817, 8.6959665282, 0.2888154432, 3.1695490972, 1.7867489825, 5.4901314922, 1.607350852, 17.7148130375, 8.9570394877, 9.2251385291, 3.9917603495, 3.3511939246, 4.9305081853, 0.43943930141, 1.2240493353, 17.0956044103, 3.8496009559, 8.0841454452, 8.5382031022, 1.8076978325, 0.58477460682, 2.6039342472, 0.69799566447, 11.3181374722, 28.3692533715, 6.1446323786, 8.9423527168, 6.4860300427, 0.16836964099, 0.089826318723, 1.4219447475, 0.51239266263, 3.8173639309, 3.9589615483, 2.0407895497, 1.7589604907, 0.48469493667, 0.65622737001, 8.6534167484, 5.3756064515, 4.7173950845, 8.5969444874, 0.073721633573, 17.5814375371, 3.6997129364, 5.9980088166, 3.8182792836],
      [13.7432581351, 5.8645509155, 7.5651852207, 5.7304837055, 6.2938684103, 4.807007505, 10.218101237, 14.0190086542, 1.4822907592, 6.6406571795, 5.6339442326, 21.0579794655, 5.0057744771, 17.585422152, 47.2188206356, 47.8785960953, 16.3352916988, 9.2646324442, 7.0816547816, 2.6650369942, 2.3751816787, 13.1016676877, 8.6535427164, 16.1508271279, 7.9282821764, 9.4453517726, 6.6511333836, 18.2617021335, 6.2934408057, 24.4592202658, 31.6468294654, 12.2686058763, 16.4929377587, 29.8882238374, 1.8443949743, 0.47124102034, 8.2285934741, 3.5427842058, 18.2387798469, 18.3998460079, 7.2544789139, 14.9462466614, 3.3736008264, 2.4787063941, 12.6290211416, 10.8270111167, 8.0002825849, 9.4091380765, 0.95883459055, 46.4484443023, 5.2184801257, 21.3787173474, 15.2687819215],
      [0.29292976053, 0.18601624238, 0.29843968127, 0.54592377086, 0.42144319898, 0.11977411618, 0.32177632205, 0.25737828199, 0.044225325444, 0.15542967976, 0.2295439104, 0.56196228398, 0.17774775298, 0.36858088532, 0.5693439509, 0.69237048886, 0.37057271946, 0.30114124739, 0.62127568507, 0.34472842214, 0.16384009535, 0.30594384815, 0.42098042477, 0.32143568044, 0.22889907847, 0.33717418859, 0.19554666755, 0.40389247349, 0.22693812718, 0.49083713608, 0.54980279739, 0.35072192622, 0.38588103407, 0.92983927808, 0.059859824833, 0.012829703342, 0.21299946109, 0.15800879995, 0.37852015876, 0.71796057717, 0.18699992347, 0.36382365639, 0.079999743298, 0.074640520291, 0.20802531801, 0.32691835563, 0.15272668072, 0.23406555358, 0.022828078938, 0.91970847575, 0.12781128117, 0.70277141695, 0.22653878075]
    ],
    [
      [0.49669508816, 0.098763319031, 0.35886606732, 0.052133502955, 0.25199012264, 0, 0.18116768971, 0.19134816711, 0, 0.21712016031, 0.0945909799, 0.35150450653, 0, 0.67416538583, 0.44053720683, 0, 0.25084513018, 0.10992710882, 0.049728520821, 0.0033602161796, 0.017539529398, 0.46738806612, 0.12550886585, 0.16851384883, 0.22024746674, 0, 0.36587329792, 0, 0.28625194047, 0.58647488604, 1.4760930954, 0, 0.72290327413, 0, 0.34351431174, 0.025861837753, 0.30628743038, 0.11307540005, 0.51914057204, 0.057606199061, 0.26027983188, 0.42912744624, 0.16933398197, 0, 0.663710139, 0.32448431737, 0.26389315448, 0.61536469306, 0.35499051246, 0.018690488019, 0.58306410515, 0.81868222701, 0.54481232031],
      [1.2965983356, 0.73305700534, 0.21054665362, 0.10440031056, 0.63038301041, 0.23996021667, 0.59675883294, 0.30666805695, 0.16939420824, 0.13765865013, 0.30510131302, 0, 0.2003462895, 0.50639437164, 1.0805221913, 0.14636591389, 0.24031219628, 0.12805188837, 0, 0.012914878782, 0.18221963045, 0.51714548629, 0.15942285898, 0.24579664221, 0, 0.48937874659, 0.48174027408, 0.77522018425, 0.48780141602, 0, 1.3940355149, 0, 0.33026171925, 0.37953877225, 0, 0, 0.49232888998, 0, 0.54704085487, 0.54796784865, 0.37250013004, 0.99107109336, 0.39766564398, 0, 0.2629944764, 0.28997542579, 0.2153538522, 0.49252587918, 0.22959896953, 0, 0.35176239159, 0, 0.1238454004],
      [0.59508157436, 0, 0, 0, 0, 0, 1.3964416847, 2.0664739263, 0.18930119811, 0.8223250652, 0.39905410117, 2.0184243407, 0.55226868304, 5.7770519503, 1.1178010924, 1.1164524697, 0.80946938192, 0.72915386415, 1.3243303291, 0.033965343, 0.15604364688, 6.0245964667, 0.72227447324, 1.3580386062, 1.7878631935, 0.54281905793, 0.062696927421, 0.6823240801, 0, 2.5418497922, 10.6133390596, 1.1266893051, 2.5568516964, 1.6771560627, 1.8062956749, 0.12044212292, 0.076869666434, 0, 1.2153464355, 0.88470693959, 0.51271243732, 0.13960505225, 0, 1.6834572419, 4.3755247966, 1.6742759699, 2.3371513811, 3.6479337566, 0.82709899313, 5.3367863578, 2.3150146808, 4.0382629283, 0.64872849826],
      [370.4691600736, 341.4061920586, 716.3621100266, 147.7336410155, 349.811448253, 412.1302388591, 340.5346499002, 187.7355659166, 72.6103432879, 120.7084809241, 101.7425581579, 398.5783620773, 122.2896502843, 355.5327097725, 177.6018993964, 184.3094390426, 229.819447287, 140.2804352937, 132.5492372115, 17.8568112469, 23.3468824776, 277.9385170432, 114.3221253692, 189.0716587634, 116.9636183199, 226.5799247633, 127.7348483702, 629.2224966003, 419.0140413401, 316.7446979885, 721.8180718521, 149.680716845, 257.5118593799, 224.6383139062, 70.4420988174, 47.5292246646, 152.9515391453, 151.6137386924, 411.0692164352, 274.8195000852, 169.5149041989, 272.4932016701, 380.9323360633, 448.3519995345, 362.0197401969, 233.8684388061, 244.3511818298, 276.9604640212, 80.1101526818, 763.2666068823, 192.0344771194, 992.5477828967, 235.2616355962],
      [26.1424649283, 34.761987617, 87.0684772525, 13.109825171, 32.306178614, 33.6298009242, 34.2909818925, 10.699943933, 7.0309613057, 9.1144152003, 12.458695448, 35.0517090754, 13.9577347431, 23.5096785196, 4.7592401131, 7.4277425737, 16.8799260046, 14.7524318449, 10.0767039386, 4.0929483152, 4.2973147157, 21.0523529376, 16.6706684328, 12.1559921394, 11.0282710199, 25.3878774322, 12.3548411304, 45.3199591353, 47.2119053034, 20.1269773333, 35.6984604779, 14.1925938499, 19.8781239303, 22.3049912588, 7.408091196, 4.3244713747, 13.1729748679, 20.2731859075, 27.6492557024, 32.6902189275, 14.3396034018, 21.946994738, 29.5006643108, 43.9645432236, 16.6780303911, 22.8428254808, 14.8324197824, 22.28371165, 6.478158843, 47.3779162719, 15.7156817031, 107.595271948, 9.4209781849]
    ],
    [
      [7.5823565258, 4.3196195172, 3.2639814944, 0.63163302828, 1.3938807999, 0.77578746259, 2.2812965996, 5.3978688817, 0.61099363164, 11.8468619364, 2.6515730394, 21.6781027331, 4.8986549386, 16.2484330811, 3.3901311404, 0.51929814114, 17.5436219381, 9.9763669298, 2.258736843, 0.93252990309, 1.3927114992, 9.3733043872, 14.7049204981, 6.7709993636, 4.3648834628, 6.6808415046, 2.2622484801, 13.6602724453, 3.2615518466, 9.5294132984, 20.7902878532, 8.4416670303, 10.3327783075, 7.4602159867, 3.5780425449, 2.2646969965, 3.9840849834, 3.9306607426, 6.9364850406, 10.0212395984, 3.9291814093, 6.3499293351, 0.80656492737, 0, 10.1752886176, 19.9563181401, 22.5204251125, 20.8867085811, 2.1778152321, 33.2209338091, 3.9346582547, 28.5292817382, 6.6102336251],
      [2.4702450602, 1.4214198946, 1.2407528436, 0.76883005577, 0.74099752997, 1.0537487683, 1.1695625162, 2.6481289908, 0.72610418981, 2.1555966628, 1.0503963454, 4.5695163762, 1.649552076, 3.4307464253, 1.0362564624, 2.8617811381, 5.2886083277, 3.1207465158, 0, 1.2579867589, 0.67242644834, 4.7084264233, 5.3107874542, 2.9947695012, 0, 2.3602347854, 1.4656804198, 4.9299138356, 1.9214163441, 4.7947547298, 4.8603374522, 0.94613384405, 4.7019942088, 4.8833647436, 2.1930247739, 1.0359452448, 1.396001914, 1.9572283571, 2.2555442238, 2.7734117352, 1.0452578113, 2.6867518994, 0.63628658146, 0, 2.611864466, 4.9405170926, 2.8986919647, 4.7585994505, 1.2391435043, 5.7150916096, 1.8876254258, 15.8316883192, 3.7210224884],
