{
  "Z_true": {},
  "V_true": [
    [7, 55, 852, 336],
    [154, 163, 13419, 1358],
    [175, 8421, 581, 920],
    [584, 241, 349, 89],
    [36, 491, 620, 1217]
  ],
  "p_true": [
    [0.0056, 0.044, 0.6816, 0.2688],
    [0.0102, 0.0108, 0.889, 0.09],
    [0.0173, 0.834, 0.0575, 0.0911],
    [0.4624, 0.1908, 0.2763, 0.0705],
    [0.0152, 0.2077, 0.2623, 0.5148]
  ],
  "Z_est": [
    [
      [0, 0, 0, 0, 0, 0, 0, 0, 0, 0, 0, 0, 0, 0, 0, 0, 0, 0, 0, 0, 0, 0, 0, 0, 0, 0, 0, 0, 0],
      [6.3885, 2.481, 3.9174, 2.6322, 4.9621, 4.1958, 3.1527, 0.9794, 2.6116, 0.3917, 4.3744, 1.5328, 4.375, 8.0559, 0.8883, 1.6634, 0.4267, 0.8012, 0.5225, 0.9493, 0.5223, 1.3711, 2.2295, 4.5723, 0, 4.3092, 4.048, 5.5738, 1.7628],
      [42.9224, 19.1124, 40.3777, 18.8889, 39.2436, 20.2336, 27.6749, 7.7454, 20.6545, 3.0982, 34.5963, 16.4984, 50.3004, 46.4727, 12.4897, 15.4909, 11.2063, 10.8436, 11.6922, 17.082, 4.1309, 10.8436, 17.04, 27.3672, 0, 34.0799, 30.2386, 52.1526, 13.9418],
      [34.6891, 16.4065, 15.7049, 15.4788, 31.7944, 17.5706, 22.1724, 6.2752, 16.7339, 2.5101, 28.0292, 12.9688, 39.3246, 35.4714, 9.622, 12.8457, 8.3669, 9.3551, 8.7853, 12.9688, 3.3468, 8.7853, 13.7305, 21.0605, 0, 27.6109, 27.7134, 43.2735, 11.2954]
    ],
    [
      [10.8968, 9.6244, 0.3653, 8.4444, 8.735, 6.3377, 19.9719, 38.7866, 17.1681, 5.1139, 27.7612, 9.4973, 13.5805, 12.5626, 5.8536, 5.8445, 12.9367, 11.6421, 8.4014, 16.0723, 17.7716, 7.2721, 7.0795, 14.9764, 3.6528, 17.4904, 12.0542, 33.0716, 1.0958],
      [0.5619, 0.4963, 0.2902, 0.7379, 0.9339, 0.9205, 0.6956, 0.6897, 0.7706, 0.1599, 0.7789, 0, 0, 1.0536, 0.196, 0.367, 0.0942, 0.1768, 0, 0.2095, 6.0313, 0, 0.4919, 1.0089, 0.048, 0, 0.6287, 1.2299, 0],
      [432.521, 382.0143, 120.9441, 335.1808, 346.0015, 242.5393, 808.4702, 815.7771, 684.1362, 123.531, 847.4516, 387.9791, 550.6897, 509.5409, 512.0709, 391.5648, 451.4769, 697.1415, 333.7964, 652.3272, 526.8773, 279.4778, 283.0844, 487.3992, 73.9977, 694.2375, 476.5439, 1241.4469, 123.0527],
      [27.0203, 23.865, 7.4005, 20.6368, 15.3295, 15.2025, 44.8622, 45.7466, 42.9251, 5.1953, 46.0083, 16.5236, 22.7298, 19.8429, 29.8795, 31.2237, 21.4922, 48.0397, 16.8022, 27.3911, 40.3197, 18.25, 15.3442, 30.6155, 5.3015, 44.2721, 37.7732, 170.2517, 9.8515]
    ],
    [
      [0.0585, 0.0468, 0.0017, 0.0534, 0.0401, 0.0317, 0.0629, 0.1236, 0.0785, 0.0234, 0.1269, 0.0434, 0.0635, 0.0618, 0.0176, 0.0267, 0.0468, 0.0187, 0.0384, 0.0198, 0.0601, 0.0351, 0.0334, 0.0685, 0.0565, 0.0952, 0.0551, 0.1236, 0.005],
      [738.5533, 506.122, 145.5006, 376.6327, 476.6758, 469.8101, 354.3063, 153.9879, 393.5056, 67.8513, 513.9468, 172.6233, 424.6926, 907.2533, 100.0431, 187.3356, 48.0599, 90.2349, 58.4553, 105.2494, 71.0027, 160.1068, 246.5336, 514.9276, 24.8362, 703.5827, 388.0803, 627.9705, 149.5375],
      [44.9141, 46.023, 12.6949, 21.08, 31.2841, 14.5701, 40.9342, 14.1546, 39.7929, 6.1254, 76.895, 30.9443, 40.073, 62.6849, 10.1873, 17.3, 25.392, 25.1287, 19.9711, 19.7309, 6.4087, 17.6957, 17.433, 29.3391, 4.279, 66.9116, 29.1607, 60.8554, 14.2156],
      [4.4742, 3.8082, 0.8028, 2.2338, 0, 1.5881, 2.6966, 2.734, 5.623, 0, 4.0313, 1.3889, 3.1708, 0, 0.7521, 4.3377, 0.5014, 2.6177, 0.5353, 0, 0.5285, 7.1624, 0, 1.6648, 2.8283, 6.4105, 3.7039, 7.0505, 1.242]
    ],
    [
      [16.5645, 12.3447, 0.4193, 16.1616, 8.5699, 7.6177, 22.853, 19.2744, 19.7085, 5.8706, 31.869, 10.7917, 16.2346, 15.5152, 6.7093, 6.7093, 11.7412, 10.4743, 9.6446, 18.5042, 10.4743, 9.2047, 8.6127, 18.0919, 4.1776, 27.2323, 13.8379, 25.0748, 0.9522],
      [4.5406, 4.2158, 0.6991, 1.7778, 0.9274, 1.1655, 2.4245, 0.7268, 2.1984, 0.5839, 2.4259, 0.8148, 2.2327, 3.8312, 0.4722, 0.8842, 0.2268, 0.4259, 0.7867, 2.164, 1.1335, 0.8822, 3.3468, 3.2465, 0.1157, 3.3055, 1.8892, 2.7136, 0.103],
      [17.5166, 14.8891, 2.7438, 14.8891, 7.8825, 6.6655, 21.0686, 16.0569, 18.6843, 6.5736, 23.6474, 10.2791, 23.3728, 16.0569, 6.9798, 8.1744, 10.3404, 9.6341, 8.8796, 22.3596, 9.6341, 8.4663, 9.9261, 16.6407, 2.1593, 29.4671, 16.0569, 23.0635, 0.8758],
      [21.3783, 19.5504, 2.1378, 18.1716, 9.6202, 8.5513, 25.654, 18.9419, 23.4088, 3.9718, 23.0577, 12.1144, 23.1598, 19.5968, 7.8387, 12.2321, 7.6916, 12.4657, 10.6892, 19.9721, 11.7581, 10.4467, 12.1144, 19.0208, 3.5474, 34.9951, 23.216, 28.1481, 1.0689]
    ],
    [
      [7.4802, 5.9842, 0.2137, 7.3405, 6.655, 5.0129, 10.1122, 15.8154, 10.0449, 2.9921, 16.2428, 5.6676, 8.1214, 8.8605, 3.4195, 3.4195, 3.2753, 7.865, 4.9156, 9.4037, 7.694, 4.4881, 4.2744, 7.8632, 2.1131, 12.1821, 7.0528, 15.73, 0.9469],
      [2.9557, 2.6848, 0.5927, 2.2193, 2.5008, 2.9081, 1.4209, 0.6163, 1.9139, 2.0132, 2.474, 1.0291, 1.6996, 4.806, 0.4004, 0.7497, 0.1923, 0.3611, 0.2355, 0.4279, 0.3101, 0.6398, 3.3981, 1.2448, 0, 2.8026, 1.3537, 2.5122, 0.5966],
      [4.1259, 3.9612, 1.2395, 3.9612, 3.5884, 1.9915, 5.852, 5.266, 5.7321, 1.6719, 7.4097, 4.299, 7.5641, 6.2447, 2.2723, 2.4699, 1.5845, 5.2521, 6.6608, 12.5004, 2.949, 2.5165, 2.5165, 3.2537, 0.564, 7.3039, 0, 8.4816, 2.9141],
      [83.4381, 72.3698, 19.9541, 71.479, 64.2559, 48.0875, 99.6149, 91.3023, 105.3092, 12.3228, 132.8734, 63.0043, 99.6149, 114.0888, 34.9078, 46.3608, 28.9479, 77.5217, 44.1881, 63.668, 59.047, 46.3555, 43.811, 67.6383, 12.3228, 127.7114, 78.5935, 155.2762, 25.5423]
    ]
  ],
  "V_est": [
    [0, 79.6911, 656.4189, 513.89],
    [364.0609, 18.5712, 13811.2717, 900.0962],
    [1.5165, 9177.4176, 846.1791, 71.8868],
    [385.2359, 50.2606, 382.9837, 444.5198],
    [205.1868, 45.0594, 124.1466, 1989.6072]
  ],
  "p_est": [
    [0, 0.0638, 0.5251, 0.4111],
    [0.0241, 0.0012, 0.915, 0.0596],
    [0.0002, 0.9089, 0.0838, 0.0071],
    [0.305, 0.0398, 0.3032, 0.352],
    [0.0868, 0.0191, 0.0525, 0.8416]
  ],
  "EI_Z": {},
  "EI_V": 10.5022,
  "MAE_Z": {},
  "MAE_V": 315.7808,
  "MAE_p": 0.101,
  "runtime": 3.029
}
