{
  "X": [
    [0, 4, 17, 5, 3],
    [8, 9, 91, 30, 3],
    [20, 25, 159, 247, 39],
    [6, 6, 11, 73, 9],
    [11, 16, 19, 83, 7],
    [85, 122, 1092, 776, 88],
    [41, 59, 281, 362, 64],
    [22, 31, 31, 387, 31],
    [6, 3, 39, 36, 4],
    [13, 35, 101, 391, 41],
    [2, 6, 20, 8, 3],
    [32, 54, 146, 674, 44],
    [8, 22, 45, 131, 14],
    [66, 93, 698, 459, 62],
    [16, 32, 104, 277, 30],
    [15, 52, 97, 284, 31],
    [16, 27, 171, 182, 28],
    [10, 19, 52, 117, 12],
    [33, 52, 359, 520, 62],
    [6, 24, 89, 147, 11],
    [10, 32, 131, 261, 18],
    [52, 65, 122, 577, 46],
    [31, 68, 116, 476, 31],
    [15, 22, 52, 157, 13],
    [29, 57, 172, 350, 47],
    [29, 48, 91, 262, 28],
    [24, 35, 104, 343, 27],
    [0, 0, 26, 12, 0],
    [7, 4, 11, 22, 4],
    [2, 1, 1, 22, 2],
    [1, 3, 9, 19, 0],
    [16, 43, 122, 264, 27],
    [1, 4, 3, 5, 1],
    [0, 1, 9, 18, 1],
    [4, 4, 27, 34, 4],
    [42, 101, 367, 396, 70],
    [247, 605, 1792, 3560, 409],
    [49, 71, 244, 649, 70],
    [140, 151, 558, 1340, 159],
    [12, 9, 57, 82, 6]
  ],
  "W": [
    [1, 4, 18, 4, 2],
    [8, 32, 83, 5, 13],
    [13, 248, 176, 23, 30],
    [4, 87, 9, 2, 3],
    [3, 99, 20, 11, 3],
    [98, 674, 1083, 161, 147],
    [37, 337, 297, 78, 58],
    [14, 405, 33, 32, 18],
    [1, 38, 40, 6, 3],
    [17, 389, 100, 47, 28],
    [0, 8, 25, 5, 1],
    [22, 710, 131, 53, 34],
    [6, 127, 38, 31, 18],
    [88, 361, 667, 151, 111],
    [20, 263, 112, 36, 28],
    [10, 273, 108, 62, 26],
    [22, 173, 156, 34, 39],
    [9, 112, 53, 22, 14],
    [49, 476, 334, 85, 82],
    [10, 139, 80, 33, 15],
    [15, 253, 126, 40, 18],
    [27, 609, 108, 75, 43],
    [24, 493, 112, 68, 25],
    [9, 158, 51, 30, 11],
    [25, 352, 166, 77, 35],
    [24, 267, 90, 48, 29],
    [25, 355, 102, 37, 14],
    [2, 12, 19, 3, 2],
    [3, 25, 13, 4, 3],
    [1, 24, 0, 2, 1],
    [0, 19, 9, 3, 1],
    [9, 253, 126, 51, 33],
    [1, 5, 4, 3, 1],
    [1, 18, 8, 1, 1],
    [4, 28, 29, 8, 4],
    [55, 357, 325, 161, 78],
    [210, 3491, 1702, 748, 462],
    [46, 655, 229, 78, 75],
    [100, 1344, 590, 183, 131],
    [22, 67, 57, 9, 11]
  ],
  "method": "mult",
  "cond_prob": [
    [
      [0, 0.029568426235, 0.35504244581, 0.42181910038, 0.19357002758],
      [0, 0.066559816407, 0, 0.81165685594, 0.12178332765],
      [0, 0.049054609486, 0.89380808831, 0.019644440334, 0.037492861868],
      [1.6653345369e-16, 0.66190211105, 0.010193444091, 0.13685829833, 0.19104614653],
      [9.7144514655e-17, 0.086800446601, 0.2578190941, 0.21526017825, 0.44012028105]
    ],
    [
      [0.43114795187, 0.019377137169, 0.27085069692, 0.25216224549, 0.026461968552],
      [0.12489586169, 0.082992636131, 0.028852617881, 0.73505482186, 0.028204062448],
      [0, 0.0095177946362, 0.98939095874, 0, 0.0010912466231],
      [0.015986137153, 0.75144849368, 0.028444377356, 0.15786565406, 0.046255337751],
      [0.036478317334, 0.12630762487, 0.43447993771, 0.28243226665, 0.12030185345]
    ],
    [
      [0.33540359542, 0.011710964759, 0.21385431508, 0.34852321375, 0.090507910989],
      [0.014398410951, 0.039104867745, 0, 0.86548656742, 0.081010153887],
      [0.062399938139, 0.0097348377779, 0.83799487046, 0.06882087731, 0.021049476314],
      [0.015928638442, 0.50513491796, 0.021773559704, 0.26741055828, 0.18975232561],
      [0.024006651565, 0.060610523176, 0.274400161, 0.31885374184, 0.32212892242]
    ],
    [
      [0.37237313812, 0.013898108007, 0.23446226464, 0.29420334535, 0.085063143884],
      [0.048048551027, 0.051171974942, 0.010008894032, 0.80738222487, 0.08338835513],
      [0.02471094527, 0.0081536823164, 0.91247534796, 0.039766467617, 0.014893556839],
      [0.015096639839, 0.59825495361, 0.023432622312, 0.201680267, 0.16153551724],
      [0.02589724034, 0.074184233311, 0.31074459482, 0.27322477083, 0.3159491607]
    ],
    [
      [0.52308665791, 0.015134537777, 0.17410342267, 0.24505591768, 0.042619463957],
      [0.077727330674, 0.079926104055, 0, 0.79177675241, 0.050569812862],
      [0.065775554337, 0.015081921594, 0.86600117821, 0.042762160634, 0.01037918523],
      [0.024508682015, 0.6744442482, 0.019253332844, 0.18977619859, 0.092017538349],
      [0.050209233551, 0.10712897438, 0.31529316886, 0.31205078709, 0.21531783612]
    ],
    [
      [0.31569646641, 0.011116619971, 0.25680795872, 0.36581325126, 0.050565703642],
      [0.03676213028, 0.033224732096, 0.010145782426, 0.87814441576, 0.041722939433],
      [0.021262769654, 0.0032244578881, 0.92523097049, 0.042999539184, 0.0072822627844],
      [0.016389724925, 0.53201393045, 0.033232204027, 0.30331227883, 0.11505186177],
      [0.024610511802, 0.063746742276, 0.3579526313, 0.35972236275, 0.19396775187]
    ],
    [
      [0.36322571465, 0.011159259204, 0.21135493409, 0.33549107179, 0.078769020271],
      [0.028655414599, 0.038136213569, 0, 0.86050013022, 0.072708241614],
      [0.049844234905, 0.0096824564917, 0.85766392489, 0.064162641098, 0.01864674261],
      [0.018938253012, 0.50445890306, 0.021450825377, 0.27766201463, 0.17749000392],
      [0.027980212696, 0.060546886551, 0.28931926493, 0.32559215367, 0.29656148216]
    ],
    [
      [0.345220138, 0.011365090505, 0.19142430916, 0.38737577761, 0.064614684718],
      [0.021974223467, 0.032019664314, 0, 0.8951051217, 0.050900990516],
      [0.21934481904, 0.0080579530365, 0.690202438, 0.068417870924, 0.013976918996],
      [0.016964736983, 0.51368298589, 0.021034582566, 0.30790784642, 0.14040984815],
      [0.027005941781, 0.064953149292, 0.27057069865, 0.38601799987, 0.25145221041]
    ],
    [
      [0.53288049929, 0.0047148649114, 0.17878780954, 0.23958888147, 0.044027944786],
      [0.087891147848, 0.0092026332253, 0.023077409388, 0.82939960237, 0.050429207165],
      [0.043066965942, 0, 0.91688657448, 0.032577742071, 0.0074687175059],
      [0.041601685299, 0.42198609228, 0.039371307932, 0.32806917785, 0.16897173664],
      [0.051655711009, 0.03788950629, 0.34419326895, 0.32390049279, 0.24236102096]
    ],
    [
      [0.20322306509, 0.011244043275, 0.26714377835, 0.43560934123, 0.082779772046],
      [0.0081505992634, 0.027010728991, 0, 0.90579628616, 0.05904238559],
      [0.055764723422, 0.0053710669839, 0.86475455543, 0.060670444161, 0.013439210007],
      [0.0091997840944, 0.47395440635, 0.027506309867, 0.32223143967, 0.16710806001],
      [0.013062949477, 0.053168353203, 0.31036798792, 0.35814156442, 0.26525914499]
    ],
    [
      [0.5959653034, 0.013809273259, 0.1318911638, 0.18397555771, 0.074358701834],
      [0.057809548334, 0.087040503932, 0, 0.75028168815, 0.10486825958],
      [0.056193695369, 0.070491164326, 0.79084899436, 0.044056967529, 0.03840917842],
      [0.018416659601, 0.68799141323, 0, 0.13384105683, 0.15975087034],
      [0.04059793111, 0.10143979422, 0.2287751411, 0.22711702242, 0.40207011114]
    ],
    [
      [0.2804765997, 0.011559476467, 0.27033333487, 0.38568606617, 0.051944522793],
      [0.030982541417, 0.032174037467, 0.0081025837793, 0.88761058075, 0.041130256582],
      [0.01812931868, 0.0058081998544, 0.91822507743, 0.049539097768, 0.0082983062649],
      [0.014077851955, 0.52850924332, 0.032538671972, 0.31033979375, 0.114534439],
      [0.020907161759, 0.062654730571, 0.36140580563, 0.36393421564, 0.1910980864]
    ],
    [
      [0.31190612141, 0.011335075797, 0.25718230231, 0.36454863257, 0.055027867909],
      [0.035155724642, 0.031722568369, 0.0098008685094, 0.87790872252, 0.04541211596],
      [0.020347981729, 0.0052445425333, 0.91716994481, 0.048226933733, 0.0090105971952],
      [0.015297683454, 0.53441445463, 0.032455181972, 0.29520808033, 0.12262459961],
      [0.02312970829, 0.063171258479, 0.35297929675, 0.35190147069, 0.20881826579]
    ],
    [
      [0.33653443122, 0.0091087871205, 0.2547636373, 0.35136536814, 0.048227776218],
      [0.045403960875, 0.023735561467, 0.014570888785, 0.87542913091, 0.040860457965],
      [0.021181736041, 0, 0.9353606179, 0.037721293765, 0.0057363522978],
      [0.018892419804, 0.51127830256, 0.038331407323, 0.31309383934, 0.11840403098],
      [0.027145647268, 0.057899687906, 0.36619040022, 0.35687079878, 0.19189346583]
    ],
    [
      [0.2756143502, 0.012987754373, 0.22932498046, 0.40986622085, 0.072206694113],
      [0, 0.033310218271, 0, 0.91066045681, 0.056029324922],
      [0.084876625928, 0.019453328132, 0.80827267396, 0.07330736136, 0.014090010624],
      [0.012216602892, 0.52637861694, 0.020037623384, 0.29839592726, 0.14297122952],
      [0.019347613854, 0.066116233805, 0.29162880235, 0.36951062819, 0.2533967218]
    ],
    [
      [0.29448427788, 0.014696796136, 0.22529983023, 0.39850068908, 0.067018406679],
      [0, 0.046809831594, 0, 0.89939124181, 0.053798926597],
      [0.09934276217, 0.0192881287, 0.79822672538, 0.06953877672, 0.013603607031],
      [0.012495098626, 0.5645114738, 0.015098702516, 0.28042283268, 0.12747189237],
      [0.021209338156, 0.076581489926, 0.29239983849, 0.36864540706, 0.24116392637]
    ],
    [
      [0.28971399912, 0.011456521069, 0.27226309788, 0.35676388656, 0.069802495379],
      [0.032474478868, 0.034240868051, 0.023729861169, 0.85146544161, 0.058089350305],
      [0.017602132226, 0.0044190454929, 0.9360853542, 0.031247543297, 0.010645924788],
      [0.01382755143, 0.52302853436, 0.035338125013, 0.27773529862, 0.15007049058],
      [0.020311225627, 0.060306284583, 0.35061882973, 0.32128349205, 0.24748016801]
    ],
    [
      [0.355376708, 0.012960193838, 0.21949945322, 0.35755206294, 0.054611582002],
      [0.022944433848, 0.043372158039, 0, 0.88628210187, 0.047401306241],
      [0.065512329108, 0.0098569836978, 0.85158333895, 0.062033465582, 0.011013882657],
      [0.016807598535, 0.56659531602, 0.021226085639, 0.27893638267, 0.11643461714],
      [0.027850887609, 0.074154247623, 0.31597243374, 0.36386156638, 0.21816086464]
    ],
    [
      [0.25422341742, 0.0085809265795, 0.27252561716, 0.39884455505, 0.065825483792],
      [0.026597713878, 0.019822956908, 0.01212456015, 0.89200139732, 0.049453371747],
      [0.015759134214, 0.00019450440113, 0.92317709287, 0.0516275674, 0.0092417011157],
      [0.013546718421, 0.45021676263, 0.036363487425, 0.34416697895, 0.15570605258],
      [0.017896571304, 0.046468509952, 0.34686473998, 0.35812379216, 0.2306463866]
    ],
    [
      [0.20346066067, 0.013066996697, 0.31119218199, 0.42533088263, 0.046949278023],
      [0.018967280072, 0.030885376973, 0.025823086159, 0.89134060578, 0.032983651018],
      [0.01049077744, 0.0030324518323, 0.94042173352, 0.040381758644, 0.0056732785641],
      [0.0086349830327, 0.55544538104, 0.038475509488, 0.30444259968, 0.093001526757],
      [0.013648321873, 0.066931260853, 0.38634924728, 0.37154669931, 0.16152447068]
    ],
    [
      [0.20508124804, 0.013162111883, 0.2954123062, 0.43509438272, 0.051249951159],
      [0.019229160271, 0.032301165381, 0.0085859987035, 0.90375284637, 0.036130829276],
      [0.011513104557, 0.0049469338496, 0.92487890009, 0.051521068685, 0.0071399928233],
      [0.008931305206, 0.54527544596, 0.032273121047, 0.31251967529, 0.10100045249],
      [0.013938908243, 0.066446776486, 0.3650495268, 0.37953735902, 0.17502742945]
    ],
    [
      [0.40963505483, 0.01025945115, 0.21670936505, 0.31726246877, 0.046133660202],
      [0.055904685164, 0.03427455927, 0.0030291185459, 0.86344156023, 0.043350076793],
      [0.032857151784, 0.0064485544249, 0.90135196213, 0.050264657433, 0.0090776742272],
      [0.023811635326, 0.53759958944, 0.029580733874, 0.29249395517, 0.11651408619],
      [0.036266400286, 0.065892445056, 0.34278016276, 0.35424124477, 0.20081974713]
    ],
    [
      [0.33145270325, 0.014532860396, 0.24152867784, 0.36780303863, 0.044682719886],
      [0.034643000283, 0.048502124086, 0, 0.87935492922, 0.037499946411],
      [0.03815830023, 0.0095163550209, 0.89144974785, 0.052812757123, 0.0080628397739],
      [0.015207641439, 0.59716535554, 0.025581688408, 0.27163420923, 0.090411105381],
      [0.026331469562, 0.082663529478, 0.34485540643, 0.37058367767, 0.17556591686]
    ],
    [
      [0.4085978423, 0.00989524231, 0.21276353652, 0.32385650327, 0.0448868756],
      [0.052005037866, 0.030951593113, 0, 0.87557918538, 0.041464183641],
      [0.039392019444, 0.0054497704533, 0.89248898483, 0.053851946061, 0.0088172792136],
      [0.02349017421, 0.53436447312, 0.028150375913, 0.30003474416, 0.1139602326],
      [0.035647747136, 0.064701692782, 0.33851624252, 0.36329896423, 0.19783535333]
    ],
    [
      [0.33608606074, 0.011469283515, 0.23951591906, 0.34256314048, 0.070365596199],
      [0.040815968601, 0.037443854562, 0.0049549601314, 0.85460663678, 0.062178579923],
      [0.02433766152, 0.0071984631645, 0.90778976517, 0.047576224765, 0.013097885384],
      [0.016955812402, 0.52149934411, 0.029148872473, 0.27636533907, 0.15603063194],
      [0.025285090472, 0.062361049259, 0.32372548169, 0.32676002634, 0.26186835225]
    ],
    [
      [0.40543260406, 0.014643678036, 0.20470646527, 0.32141329758, 0.053803955055],
      [0.039153084376, 0.057205687662, 0, 0.85237763426, 0.051263593704],
      [0.076395074135, 0.012968236886, 0.8453038256, 0.053658694814, 0.011674168565],
      [0.019685453296, 0.59880269159, 0.020446801421, 0.24753167735, 0.11353337635],
      [0.034320191158, 0.084998710537, 0.31131910556, 0.34449825743, 0.22486373531]
    ],
    [
      [0.31792225627, 0.012063381924, 0.24425713834, 0.36846236882, 0.057294854644],
      [0.03513038254, 0.036657208069, 0, 0.88058289937, 0.047629510021],
      [0.026131536821, 0.0069975934667, 0.90351452803, 0.053191644565, 0.010164697121],
      [0.015570462023, 0.54146989576, 0.028120585648, 0.2908670463, 0.12397201026],
      [0.024223852929, 0.066926136467, 0.33533057241, 0.35670593173, 0.21681350646]
    ],
    [
      [0, 0, 0.5369711514, 0.4630288486, 0],
      [0, 0, 0.34870485866, 0.65129514134, 0],
      [0, 0, 1, 0, 0],
      [2.2204460493e-16, 0, 0.16471714741, 0.83528285259, 0],
      [0, 0, 0.62372397553, 0.37627602447, 0]
    ],
    [
      [0.64645769285, 0.0088503067023, 0.11135740978, 0.18157238306, 0.051762207606],
      [0.10351219544, 0.049309569625, 0, 0.76786903772, 0.079309197211],
      [0.16052880231, 0.011875339206, 0.75910752521, 0.048711440011, 0.019776893265],
      [0.042527729941, 0.59122226183, 0.012147553342, 0.19706117546, 0.15704127943],
      [0.071945561903, 0.073813794092, 0.24964657651, 0.27902116191, 0.32557290558]
    ],
    [
      [0.40340662924, 0.0031295234161, 0.32944389616, 0.22111226594, 0.042907685246],
      [0.063070523476, 0.0069060949759, 0.00030321167499, 0.87093253227, 0.058787637602],
      [0, 0, 1, 0, 0],
      [0.02945639495, 0.40562856646, 0.049422882735, 0.3314723355, 0.18401982035],
      [0.023988017439, 0.019867064239, 0.56443325817, 0.21356228855, 0.1781493716]
    ],
    [
      [0.41598702922, 0.013039627766, 0.23215639774, 0.33881694528, 0],
      [0.038858424184, 0.039093013018, 0.0075387617395, 0.91450980106, 0],
      [0.021096536035, 0.0050650743531, 0.9273995559, 0.046438833713, 0],
      [0.013907418692, 0.70432876836, 0.026178306533, 0.25558550642, 0],
      [0.030098860124, 0.0986607784, 0.43163260426, 0.43960775722, 0]
    ],
    [
      [0.31401361931, 0.013282550458, 0.23498751665, 0.38019664919, 0.057519664391],
      [0.017480572125, 0.042538188145, 0, 0.89280213496, 0.047179104772],
      [0.057386717221, 0.0097225088444, 0.85895599586, 0.062983617193, 0.010951160877],
      [0.014500166879, 0.55852775736, 0.022093254328, 0.28683288184, 0.11804593959],
      [0.023668418122, 0.072980112279, 0.31908790607, 0.36772355372, 0.21654000981]
    ],
    [
      [0.60512809813, 0.037310002662, 0.1033237618, 0.20791889329, 0.046319244114],
      [0, 0.13569141724, 0, 0.79943840756, 0.064870175203],
      [0.090161525377, 0.18177660357, 0.66768396533, 0.039038054477, 0.021339851246],
      [0, 0.7993198774, 0, 0.11669482882, 0.083985293777],
      [0.034225800362, 0.15916686469, 0.22594037687, 0.28865236453, 0.29201459356]
    ],
    [
      [0, 0.011879349852, 0.39591484768, 0.53145892304, 0.060746879433],
      [0, 0.018607816602, 0.028914703047, 0.91821435281, 0.034263127541],
      [0, 0.00031341438743, 0.95732085354, 0.036911169962, 0.0054545621067],
      [0, 0.59998178495, 0.031195923195, 0.27684135857, 0.091980933287],
      [0, 0.050690851262, 0.39385774593, 0.36855200812, 0.18689939469]
    ],
    [
      [0.38607089905, 0.0059156131283, 0.1989123423, 0.35468400495, 0.054417140576],
      [0.038760514308, 0, 0, 0.91471484919, 0.046524636507],
      [0.036828598827, 0.0093319444939, 0.85488309711, 0.088394856743, 0.010561502829],
      [0.022628182238, 0.44151674089, 0.023546365913, 0.35982237634, 0.15248633462],
      [0.030341794828, 0.043394307516, 0.30609247184, 0.38180458669, 0.23836683912]
    ],
    [
      [0.31599227912, 0.010579623231, 0.26982328523, 0.33746649738, 0.066138315031],
      [0.038180906614, 0.032156326269, 0.030248356469, 0.84236569776, 0.057048712891],
      [0.020306507274, 0.0021394436768, 0.94197635063, 0.026054793261, 0.0095229051556],
      [0.015961560419, 0.5192762299, 0.044719737585, 0.27107842941, 0.14896404269],
      [0.023338652504, 0.059481026095, 0.35921620956, 0.31542761026, 0.24253650158]
    ],
    [
      [0.3087868808, 0.012955176301, 0.25158726154, 0.3655568959, 0.061113785459],
      [0.035522857496, 0.041428589132, 0.0036237758111, 0.86831717646, 0.051107601105],
      [0.021380075134, 0.0084310005759, 0.91032370059, 0.049119074644, 0.010746149057],
      [0.014762272867, 0.54966351815, 0.028696894889, 0.27899301167, 0.12788430243],
      [0.023189159156, 0.069598125025, 0.33696938948, 0.34556353048, 0.22467979585]
    ],
    [
      [0.32740871229, 0.011478349219, 0.2388312898, 0.35863815249, 0.06364349621],
      [0.037412518483, 0.035553886066, 0, 0.87287582767, 0.054157767783],
      [0.02735544273, 0.0068060608542, 0.90108461428, 0.053104714936, 0.0116491672],
      [0.016580099469, 0.52400056775, 0.02815556348, 0.29029431903, 0.14096945026],
      [0.025018073133, 0.063380911235, 0.32625666731, 0.3462005501, 0.23914379822]
    ],
    [
      [0.39679178969, 0.010093879162, 0.20026741674, 0.32830714324, 0.064539771166],
      [0.034237913455, 0.034029339495, 0, 0.87154380718, 0.060188939867],
      [0.077665948066, 0.007142153749, 0.83831567217, 0.062621425698, 0.014254800313],
      [0.022499840091, 0.50338168676, 0.023703357882, 0.29330041615, 0.15711469912],
      [0.033318208028, 0.060476797051, 0.2979335668, 0.34499077485, 0.26328065327]
    ],
    [
      [0.34213607413, 0.011996419671, 0.21474491676, 0.39173686356, 0.039385725885],
      [0.013842099063, 0.035699753838, 0, 0.91866547656, 0.031792670535],
      [0.054193951315, 0.0074098408995, 0.85017625328, 0.080703813293, 0.0075161412108],
      [0.016601356299, 0.5688349734, 0.022514508064, 0.3061775779, 0.085871584336],
      [0.027919845482, 0.072938142568, 0.32844862016, 0.40686241028, 0.16383098151]
    ]
  ],
  "expected_outcome": [
    [
      [0, 3.449183615, 4.3602467405, 1.4894925525, 1.5692599737, 30.9382537081, 13.4393514421, 4.8330819321, 0.53288049929, 3.4547921065, 0, 6.1704851934, 1.8714367284, 29.6150299476, 5.512287004, 2.9448427788, 6.3737079806, 3.198390372, 12.4569474537, 2.0346066067, 3.0762187206, 11.0601464804, 7.9548648779, 3.6773805807, 8.4021515186, 9.7303824975, 7.9480564067, 0, 1.9393730786, 0.40340662924, 0, 2.8261225738, 0.60512809813, 0, 1.5442835962, 17.3795753519, 64.8452449682, 15.0608007652, 39.6791789691, 7.5269936308],
      [0.029568426235, 0.15501709735, 0.15224254187, 0.055592432029, 0.045403613332, 1.0894287571, 0.41289259055, 0.15911126707, 0.0047148649114, 0.19114873568, 0, 0.25430848228, 0.068010454783, 0.80157326661, 0.25975508747, 0.14696796136, 0.25204346352, 0.11664174454, 0.4204654024, 0.13066996697, 0.19743167825, 0.27700518105, 0.3487886495, 0.08905718079, 0.28673208787, 0.35144827285, 0.3015845481, 0, 0.026550920107, 0.0031295234161, 0, 0.11954295413, 0.037310002662, 0.011879349852, 0.023662452513, 0.58187927773, 2.7205870231, 0.52800406405, 1.0093879162, 0.26392123275],
      [0.35504244581, 2.1668055754, 2.7801060961, 0.93784905854, 0.52231026802, 25.1671799544, 7.8201325612, 2.6799403283, 0.17878780954, 4.541444232, 0, 5.9473333671, 1.5430938139, 22.4192000824, 4.5864996093, 2.2529983023, 5.9897881533, 1.9754950789, 13.3537552406, 3.1119218199, 4.431184593, 5.8511528563, 5.7966882681, 1.9148718287, 5.9878979766, 4.9129551665, 6.1064284586, 1.0739423028, 0.33407222933, 0.32944389616, 0, 2.1148876499, 0.1033237618, 0.39591484768, 0.79564936921, 14.8402806878, 52.8333249229, 10.9862393306, 20.0267416743, 4.7243881687],
      [0.42181910038, 2.0172979639, 4.5308017787, 1.1768133814, 0.73516775305, 35.8496986235, 12.4131696561, 5.4232608865, 0.23958888147, 7.405358801, 0, 8.4850934558, 2.1872917954, 30.9201523962, 8.1973244169, 3.9850068908, 7.8488055043, 3.2179685665, 19.5433831975, 4.2533088263, 6.5264157408, 8.5660866567, 8.8272729272, 2.9147085295, 8.564078512, 7.7139191418, 9.2115592204, 0.92605769721, 0.54471714919, 0.22111226594, 0, 3.4217698427, 0.20791889329, 0.53145892304, 1.4187360198, 18.5606573559, 76.7669481394, 16.4973550145, 32.8307143238, 8.6182109983],
      [0.19357002758, 0.21169574841, 1.1766028429, 0.34025257554, 0.12785839187, 4.9554389569, 2.91445375, 0.90460558605, 0.044027944786, 1.4072561248, 0, 1.1427795015, 0.33016720746, 4.2440443072, 1.4441338823, 0.67018406679, 1.5356548983, 0.49150423802, 3.2254487058, 0.46949278023, 0.76874926739, 1.2456088255, 1.0723852773, 0.4039818804, 1.759139905, 1.2912949213, 1.4323713661, 0, 0.15528662282, 0.042907685246, 0, 0.51767697952, 0.046319244114, 0.060746879433, 0.2176685623, 3.6376073267, 12.8338949463, 2.9276008256, 6.4539771166, 0.86648596947]
    ],
    [
      [0, 3.9966675739, 3.5708059159, 4.1802239394, 7.6950057367, 24.777675809, 9.6568747198, 8.899560504, 3.3398636182, 3.1705831135, 0.46247638667, 21.9976044061, 4.4647770296, 16.3908298758, 0, 0, 5.6180848441, 2.569776591, 12.6605118061, 2.63645193, 4.8649775486, 34.0459532651, 17.0789991394, 8.2167959828, 14.3672209477, 10.4538735285, 12.4712858017, 0, 2.587804886, 1.5136925634, 0.73831005949, 4.4225847475, 0, 0, 1.0852944006, 13.6305836613, 124.0102955192, 24.5051996061, 46.0157556837, 0.92742063722],
      [0.26623926563, 2.6557643562, 9.6980072008, 4.45196182, 7.9126843015, 22.393469433, 12.8519039727, 12.9679640471, 0.34970006256, 10.5071735776, 0.69632403146, 22.8435666017, 4.0287661828, 8.5685376894, 8.7605874054, 12.7790840253, 5.9236701727, 4.8576817004, 9.4357274883, 4.2930673993, 8.1721948414, 20.8732065957, 23.9115471742, 4.8903517118, 13.180236806, 15.2739186057, 13.0133088645, 0, 1.2327392406, 0.16574627942, 0.74276724735, 10.7621616008, 0.67845708619, 0.33494069883, 0, 11.479808478, 144.6272046613, 23.287795373, 45.7354322818, 2.3918835071],
      [0, 0.92328377219, 0, 0.87077378076, 0, 6.8382573553, 0, 0, 0.87694155676, 0, 0, 5.7528344833, 1.2447103007, 5.2600908512, 0, 0, 4.1052659822, 0, 5.7712906315, 3.5894089761, 2.172257672, 1.8447331945, 0, 0, 1.7441459663, 0, 0, 4.1844583039, 0, 0.0072770801998, 0.14323647305, 0, 0, 0.52046465485, 0, 10.7986632594, 12.6506013565, 0, 0, 0],
      [3.2466274238, 23.5217542994, 214.6406687192, 70.2422535636, 78.3858984885, 591.8693362246, 289.9885438835, 362.5175742899, 31.5171848902, 352.3547553144, 6.0022535052, 630.203512336, 111.4944077599, 316.0299162584, 239.5037001401, 245.5338090137, 147.3035213983, 99.2635954096, 424.5926651227, 123.8963442032, 228.6494701311, 525.8359101776, 433.5219801059, 138.3415112901, 300.8215361471, 227.5848283467, 312.6069292765, 7.8155416961, 19.1967259431, 20.9023807745, 17.3756862201, 225.8789401445, 3.9971920378, 16.5278583506, 25.6120157772, 300.7245540991, 3031.295263007, 571.7336671228, 1171.3548768539, 61.5505869298],
      [0.4871333106, 0.90252999833, 20.0905181641, 7.2547868963, 5.0064114733, 28.1212611781, 24.5026774239, 20.614901159, 1.9163098723, 22.9674879945, 0.83894607667, 29.2024821729, 5.7673387269, 14.7506253252, 14.7357124545, 14.6871069611, 10.0494576027, 5.308946299, 23.5398049514, 4.5847274915, 9.1410998069, 26.4001967671, 18.4874735806, 6.5513410152, 21.886860133, 13.6873795191, 16.9084760574, 0, 1.9827299303, 1.4109033025, 0, 11.9363135072, 0.32435087601, 0.61673629574, 1.3026898222, 20.3663905021, 178.4166354559, 35.4733378981, 80.8939351806, 2.1301089258]
    ],
    [
      [0, 0, 10.9823891124, 0.22239850743, 1.3155110867, 23.0275795351, 14.8037377669, 7.2383790285, 1.7226786377, 5.5764723422, 1.4048423842, 2.3749407471, 0.77322330569, 14.1282179395, 9.506182104, 10.7290183143, 2.7459326273, 3.4721534427, 5.2635508275, 0.83926219517, 1.4506511742, 3.5485723927, 4.2737296258, 2.0089929917, 4.0400518123, 6.8755566722, 2.6654167557, 0, 2.08687443, 0, 0.18986882431, 7.2307263698, 0.36064610151, 0, 1.068029366, 6.5996148641, 36.3888878779, 6.2643963852, 45.8229093589, 3.089055225],
      [0.88298297075, 0.78997695481, 1.7133314489, 0.073383140847, 0.30163843188, 3.4920878928, 2.875689578, 0.2659124502, 0, 0.53710669839, 1.7622791082, 0.76087418093, 0.19929261627, 0, 2.1787727508, 2.0831178996, 0.68937109689, 0.52242013598, 0.064964469979, 0.24259614659, 0.62331366505, 0.69644387789, 1.0658317623, 0.27793829312, 1.1949448853, 1.1671413197, 0.7137545336, 0, 0.15437940968, 0, 0.045585669178, 1.2250361144, 0.72710641426, 0.0025073150995, 0.27062639032, 0.69531919496, 14.3495629802, 1.5585879356, 4.2138707119, 0.42236093127],
      [16.0885455896, 82.1194495755, 147.4870972007, 8.2122781316, 17.3200235641, 1002.0251410403, 254.7261856936, 22.776680454, 36.6754629792, 86.4754555426, 19.7712248589, 120.2874851437, 34.8524579028, 623.8855321363, 90.526539483, 86.208486341, 146.0293152546, 45.1339169646, 308.3411490184, 75.2337386816, 116.5347414107, 97.3460119101, 99.8423717594, 45.5169382262, 150.6931010177, 76.077344304, 92.1584818587, 19, 9.8683978278, 0, 8.3465960031, 108.228455479, 2.6707358613, 7.6585668284, 24.7916098161, 306.1423139555, 1549.3709384015, 206.34837667, 494.606246583, 48.460046437],
      [0.35359992601, 0, 12.1124744066, 0.35789820855, 0.85524321268, 46.5685009363, 19.0563044062, 2.2577897405, 1.3031096828, 6.0670444161, 1.1014241882, 6.4896218076, 1.8326234819, 25.1601029416, 8.2104244723, 7.5101878858, 4.8746167543, 3.2877736759, 17.2436075115, 3.2305406915, 6.4916546543, 5.4285830028, 5.9150287978, 2.7464492491, 7.897653311, 4.8292825332, 5.4255477456, 0, 0.63324872015, 0, 0.41794950342, 7.9359357663, 0.15615221791, 0.29528935969, 2.5634508455, 8.4678078099, 83.6006650446, 12.1609797205, 36.9466411617, 4.6001173577],
      [0.67487151362, 0.090573469714, 3.7047078313, 0.13404201155, 0.20758370459, 7.8866905955, 5.5380825553, 0.46123832688, 0.29874870023, 1.3439210007, 0.9602294605, 1.0870781207, 0.34240269342, 3.8261469826, 1.5780811899, 1.4691895593, 1.6607642669, 0.58373578083, 3.0867281726, 0.45386228512, 0.89963909574, 0.98038881654, 0.90303805467, 0.44968123989, 2.1742489737, 1.0506751709, 1.0367991063, 0, 0.25709961244, 0, 0, 1.3798462705, 0.085359404986, 0.043636496853, 0.30628358203, 3.0949441756, 18.2899456957, 2.6676592888, 8.4103321845, 0.42842004901]
    ],
    [
      [6.6613381478e-16, 0.079930685767, 0.36635868416, 0.030193279678, 0.26959550216, 2.6387457129, 1.4771837349, 0.54287158346, 0.24961011179, 0.43238985244, 0.092083298005, 0.7461261536, 0.47422818707, 2.8527553904, 0.43979770411, 0.77469611482, 0.4701367486, 0.36976716777, 1.1514710658, 0.28495444008, 0.35725220824, 1.7858726495, 1.0341196179, 0.7047052263, 1.305597555, 0.9449017582, 0.57610709484, 6.6613381478e-16, 0.17011091976, 0.0589127899, 0.041722256076, 0.73950851085, 0, 0, 0.1810254579, 2.5698112275, 11.0421801044, 1.2932477586, 4.1174707367, 0.14941220669],
      [2.6476084442, 3.7572424684, 11.6181031132, 1.1965099072, 7.4188867302, 85.6542428025, 39.3477944387, 16.4378555483, 2.5319165537, 22.2758570987, 3.4399570662, 28.0109898957, 16.5668480935, 77.2030236864, 18.9496302098, 34.9997113758, 17.7829701681, 12.4650969524, 38.2684248232, 18.3296975744, 21.8110178386, 40.319969208, 40.6072441771, 16.0309341937, 40.1554494968, 28.7425291961, 20.0343861433, 0, 2.3648890473, 0.81125713292, 2.1129863051, 28.4849156255, 2.3979596322, 0.59998178495, 3.5321339271, 83.6034730139, 411.1483115737, 40.8720442847, 92.1188486764, 5.1195147606],
      [0.040773776363, 0.14222188678, 0.50079187319, 0.046865244623, 0.21178666129, 5.3503848483, 1.6731643794, 0.67310664212, 0.23622784759, 1.2927965637, 0, 1.7245496145, 1.0061106411, 5.7880425058, 0.72135444184, 0.93611955602, 1.2014962504, 0.46697388406, 3.0908964311, 1.2696918131, 1.2909248419, 2.2185550405, 1.7395548117, 0.8445112774, 2.2444631804, 0.98144646822, 1.040461669, 0.49415144224, 0.048590213369, 0.098845765471, 0.078534919599, 1.1267559707, 0, 0.031195923195, 0.1883709273, 7.1998777513, 21.4652773772, 2.1961339514, 4.3377144925, 0.20263057258],
      [0.54743319333, 0.78932827029, 6.1504428404, 0.403360534, 2.0875381845, 48.8332768915, 21.6576371413, 9.8530510853, 1.9684150671, 15.1448776647, 0.66920528414, 16.448009069, 9.1514504903, 47.2771697398, 10.7422533814, 17.3862156262, 9.443000153, 6.1366004186, 29.2541932108, 10.0466057895, 12.5007870115, 21.9370466378, 18.4711262274, 9.0010423248, 21.2801311081, 11.8815205127, 10.7620807132, 2.5058485578, 0.78824470184, 0.66294467101, 0.76675651925, 14.6284769738, 0.35008448647, 0.27684135857, 2.8785790107, 43.6436271349, 208.6867727257, 22.6429568847, 53.673976155, 2.7555982011],
      [0.76418458611, 0.23127668876, 4.3643034891, 0.32307103448, 1.0121929218, 18.5233497448, 13.8442203057, 4.4931151408, 1.0138304198, 7.8540788204, 0.79875435169, 6.0703252672, 3.801362588, 17.8790086776, 5.1469642628, 7.9032573272, 5.1023966798, 2.5615615772, 13.2350144691, 3.069050383, 4.0400180998, 8.7385564643, 6.1479551659, 3.4188069779, 12.0143586597, 5.4496020648, 4.5869643797, 0, 0.62816511772, 0.3680396407, 0, 6.0203429191, 0.25195588133, 0.091980933287, 1.219890677, 23.9832108725, 95.657458219, 10.9956171206, 28.7519899394, 0.77284425903]
    ],
    [
      [1.9428902931e-16, 0.47421812534, 0.72019954696, 0.07769172102, 0.15062770065, 3.6177452349, 1.6228523364, 0.48610695206, 0.15496713303, 0.36576258537, 0.04059793111, 0.71084349981, 0.41633474923, 3.0131668467, 0.5417331879, 0.55144279207, 0.79213779945, 0.38991242652, 1.4675188469, 0.20472482809, 0.25090034838, 1.5594552123, 0.65828673904, 0.3921252185, 0.88497816651, 0.99528554358, 0.33913394101, 0, 0.21583668571, 0.023988017439, 0.030098860124, 0.78105779804, 0.034225800362, 0, 0.12136717931, 1.8204148953, 10.7133915302, 1.876355485, 4.3646852516, 0.30711830031],
      [0.1736008932, 1.6419991233, 1.8183156953, 0.22255269993, 0.32138692313, 9.3707711146, 3.51171942, 1.1691566873, 0.11366851887, 1.4887138897, 0.10143979422, 2.1302608394, 1.1370826526, 6.4268653576, 1.8512545465, 1.9911187381, 2.3519450987, 1.0381594667, 3.8104178161, 1.0039689128, 1.1960419767, 2.8333751374, 2.0665882369, 0.7117186206, 2.1826367241, 2.4649626056, 0.93696591054, 0, 0.22144138228, 0.019867064239, 0.0986607784, 2.4083437052, 0.15916686469, 0.050690851262, 0.17357723007, 4.6395200354, 32.1543337617, 4.7535683427, 7.9224604137, 0.80231956825],
      [0.5156381882, 5.6482391902, 8.23200483, 0.93223378446, 0.94587950659, 52.6190368017, 16.7805173657, 4.8702725756, 1.0325798069, 8.6903036616, 0.2287751411, 12.2877973914, 6.3536273415, 40.6471344243, 8.1656064659, 7.6023958007, 13.6741343595, 4.4236140724, 28.4429086784, 5.7952387093, 6.5708914824, 14.7395469986, 8.6213851607, 3.7236786677, 11.330391859, 9.0282540613, 4.6946280137, 1.2474479511, 0.74893972954, 0.56443325817, 0.43163260426, 10.5299009004, 0.22594037687, 0.39385774593, 1.2243698874, 28.018864346, 155.6798579418, 24.469250048, 39.0292972503, 3.6129348217],
      [0.4305203565, 3.6716194664, 9.5656122551, 0.81967431249, 0.93615236127, 52.8791873241, 18.8843449129, 6.9483239977, 0.97170147837, 10.0279638037, 0.22711702242, 12.3737633316, 6.3342264725, 39.6126586641, 10.3462975892, 9.5847805836, 12.5300561901, 5.0940619294, 29.3661509575, 5.5732004896, 6.8316724624, 15.232373525, 9.2645919417, 3.9962886066, 11.4366009218, 9.9904494655, 4.9938830442, 0.75255204895, 0.83706348573, 0.21356228855, 0.43960775722, 12.1348772726, 0.28865236453, 0.36855200812, 1.5272183468, 24.6033536002, 159.6503510833, 25.9650412575, 45.1937915056, 4.4754865131],
      [0.8802405621, 1.5639240948, 9.6638676727, 0.9478474821, 0.64595350836, 28.5132595247, 17.2005659651, 4.5261397873, 0.72708306287, 7.4272560596, 0.40207011114, 6.4973349378, 3.7587287842, 21.3001747073, 7.0951082105, 6.2702620856, 9.6517265522, 3.054252105, 18.913003701, 2.4228670602, 3.1504937302, 8.6352491267, 4.3891479216, 2.1761888866, 9.1653923286, 6.521048324, 3.0353890905, 0, 0.97671871674, 0.1781493716, 0, 7.1458203237, 0.29201459356, 0.18689939469, 0.95346735648, 18.9178471232, 103.802065683, 17.9357848668, 34.4897655788, 1.8021407966]
    ]
  ],
  "prob": [
    [0.32647689409, 0.01152024973, 0.24337108385, 0.35915073355, 0.05948103878],
    [0.033262286883, 0.03689924176, 0.0050435731915, 0.87361250194, 0.051182396223],
    [0.033664079975, 0.0065742508246, 0.90023387265, 0.049049040941, 0.010478755612],
    [0.016260897807, 0.53377299321, 0.029562291417, 0.28847988285, 0.13192393471],
    [0.024934760276, 0.065094268563, 0.33481129085, 0.34789423561, 0.22726544469]
  ],
  "iterations": 131,
  "logLik": -479.412212291,
  "time": 0.001452,
  "message": "Converged",
  "status": 0,
  "miniter": 0,
  "maxiter": 1000,
  "maxtime": 3600,
  "param_threshold": 0.001,
  "ll_threshold": "-Inf",
  "initial_prob": "random",
  "adjust_prob_cond_method": "project_lp",
  "adjust_prob_cond_every": false,
  "candidates_id": ["TUPOU, Patricia Margaret.c", "HALL, John Harold.c", "BROWN, Simeon Peter.c", "WALL, Louisa Hareruia.c", "Other candidates votes.c"],
  "group_id": ["Green Party.p", "Labour Party.p", "National Party.p", "New Zealand First Party.p", "Other parties votes.p"]
}
