{
  "X": [
    [22, 2, 19, 59, 17, 5, 8],
    [14, 22, 69, 62, 24, 10, 17],
    [14, 46, 336, 143, 98, 41, 70],
    [23, 22, 81, 89, 42, 21, 17],
    [33, 68, 400, 158, 106, 54, 76],
    [24, 40, 356, 128, 105, 48, 93],
    [14, 28, 74, 40, 21, 16, 22],
    [7, 4, 29, 29, 16, 2, 2],
    [34, 32, 325, 259, 123, 52, 62],
    [16, 11, 90, 102, 36, 22, 24],
    [17, 10, 145, 79, 51, 28, 25],
    [14, 2, 15, 47, 17, 4, 7],
    [16, 18, 241, 126, 78, 43, 44],
    [18, 3, 15, 76, 10, 20, 18],
    [12, 5, 28, 39, 9, 8, 8],
    [26, 26, 180, 144, 90, 31, 39],
    [14, 7, 63, 55, 30, 20, 23],
    [25, 17, 123, 100, 57, 18, 36],
    [11, 22, 31, 55, 17, 9, 11],
    [26, 39, 180, 52, 47, 24, 52],
    [32, 76, 405, 120, 94, 51, 92],
    [10, 10, 42, 34, 17, 10, 11],
    [35, 21, 59, 92, 34, 21, 15],
    [14, 16, 83, 64, 30, 17, 18],
    [58, 95, 543, 284, 128, 65, 98],
    [18, 1, 26, 58, 25, 7, 5],
    [27, 22, 43, 64, 12, 8, 14],
    [20, 9, 16, 30, 8, 11, 3],
    [9, 5, 17, 64, 9, 6, 5],
    [8, 11, 45, 59, 35, 10, 15],
    [85, 82, 346, 301, 91, 48, 81],
    [6, 37, 312, 96, 71, 26, 48],
    [10, 31, 276, 76, 40, 33, 56],
    [10, 14, 221, 85, 42, 36, 41],
    [37, 43, 301, 112, 72, 26, 70],
    [23, 29, 116, 142, 28, 35, 44],
    [14, 26, 357, 114, 88, 41, 78],
    [4, 10, 87, 13, 24, 2, 20],
    [24, 26, 242, 62, 59, 16, 44],
    [62, 56, 614, 345, 172, 92, 119],
    [18, 13, 261, 87, 73, 37, 42],
    [24, 26, 118, 88, 51, 28, 22],
    [57, 49, 354, 283, 98, 61, 66],
    [57, 101, 467, 244, 112, 71, 105],
    [19, 33, 214, 96, 39, 36, 34],
    [17, 23, 295, 122, 70, 31, 62],
    [18, 18, 291, 110, 66, 39, 44],
    [10, 8, 34, 45, 16, 7, 11],
    [4, 3, 13, 36, 9, 4, 5],
    [15, 20, 75, 79, 25, 28, 9],
    [29, 6, 32, 59, 13, 5, 6],
    [41, 25, 84, 117, 29, 9, 19],
    [13, 8, 64, 40, 32, 5, 5],
    [38, 21, 255, 168, 85, 33, 58],
    [48, 38, 333, 252, 129, 43, 69],
    [29, 11, 69, 57, 35, 6, 24],
    [16, 2, 44, 66, 33, 10, 9],
    [11, 6, 44, 75, 18, 4, 15],
    [17, 4, 23, 40, 12, 8, 12],
    [9, 9, 28, 59, 4, 5, 12],
    [27, 21, 45, 52, 19, 7, 4],
    [21, 3, 21, 63, 14, 2, 3],
    [20, 2, 31, 70, 16, 8, 14],
    [21, 5, 43, 49, 16, 8, 10],
    [41, 51, 369, 219, 157, 39, 85],
    [2, 2, 160, 119, 40, 11, 19],
    [96, 67, 444, 356, 122, 61, 81],
    [28, 29, 126, 93, 41, 12, 26],
    [115, 151, 469, 421, 144, 67, 139],
    [18, 12, 55, 37, 6, 6, 12]
  ],
  "W": [
    [7, 18, 63, 32, 12],
    [7, 58, 48, 84, 21],
    [32, 156, 106, 379, 75],
    [22, 81, 66, 101, 25],
    [45, 215, 139, 431, 65],
    [36, 159, 115, 398, 86],
    [9, 55, 13, 112, 26],
    [7, 17, 24, 33, 8],
    [48, 115, 270, 391, 63],
    [9, 62, 96, 111, 23],
    [24, 30, 86, 186, 29],
    [3, 9, 55, 29, 10],
    [40, 51, 121, 304, 50],
    [3, 25, 92, 30, 10],
    [6, 5, 51, 40, 7],
    [38, 59, 170, 223, 46],
    [21, 40, 46, 93, 12],
    [22, 54, 104, 159, 37],
    [11, 20, 41, 49, 35],
    [10, 68, 53, 240, 49],
    [39, 137, 128, 498, 68],
    [8, 28, 37, 45, 16],
    [12, 111, 70, 55, 29],
    [15, 51, 60, 92, 24],
    [47, 239, 253, 618, 114],
    [13, 23, 64, 33, 7],
    [5, 39, 61, 67, 18],
    [2, 13, 38, 31, 13],
    [5, 13, 62, 30, 5],
    [25, 22, 63, 58, 15],
    [34, 171, 259, 462, 108],
    [33, 131, 55, 332, 45],
    [13, 125, 69, 276, 39],
    [14, 118, 61, 223, 33],
    [40, 164, 90, 309, 58],
    [12, 127, 107, 140, 31],
    [29, 162, 100, 370, 57],
    [13, 28, 12, 91, 16],
    [23, 104, 49, 264, 33],
    [62, 374, 286, 632, 106],
    [24, 127, 86, 261, 33],
    [11, 97, 77, 138, 34],
    [26, 309, 247, 324, 62],
    [50, 344, 179, 480, 104],
    [14, 114, 81, 223, 39],
    [32, 156, 108, 287, 37],
    [6, 120, 102, 319, 39],
    [12, 22, 47, 41, 9],
    [4, 11, 38, 17, 4],
    [11, 20, 90, 100, 30],
    [8, 6, 64, 40, 32],
    [6, 88, 106, 100, 24],
    [15, 12, 53, 75, 12],
    [47, 75, 153, 318, 65],
    [73, 108, 256, 397, 78],
    [24, 31, 74, 89, 13],
    [19, 13, 68, 72, 8],
    [10, 13, 83, 49, 18],
    [8, 20, 45, 29, 14],
    [1, 39, 42, 31, 13],
    [12, 11, 62, 58, 32],
    [5, 6, 69, 28, 19],
    [9, 14, 82, 41, 15],
    [8, 41, 39, 52, 12],
    [91, 98, 232, 451, 89],
    [39, 12, 107, 161, 34],
    [54, 188, 404, 489, 92],
    [20, 37, 95, 167, 36],
    [65, 231, 377, 613, 220],
    [4, 12, 51, 71, 8]
  ],
  "method": "mvn_pdf",
  "cond_prob": [
    [
      [0.022996421336, 0, 0.039584629475, 0.14635678651, 0.75986427275, 0.0027050971855, 0.028492792744],
      [0.14128108821, 0.02632172078, 0.17372639382, 0.4130143844, 0.083829856926, 0.078452448489, 0.083374107382],
      [0.2289782624, 0, 0.0013901603126, 0.68918530033, 0.042706561039, 0.022296858379, 0.015442857539],
      [0.020559154909, 0.018840605217, 0.46656550259, 0.095414191888, 0.20095566021, 0.059136574531, 0.13852831066],
      [0.35103683121, 0.076942471585, 0.048179693542, 0.33910962618, 0.087576516161, 0.022653982003, 0.074500879318]
    ],
    [
      [0.01154385111, 0.00065154960848, 0.082770236366, 0.12079596061, 0.74416190341, 0.0031359073411, 0.036940591546],
      [0.054804881689, 0.1189142619, 0.30361481483, 0.28373112027, 0.07173169552, 0.075190463493, 0.092012762306],
      [0.14462796331, 0, 0.0051455356011, 0.75193261655, 0.055127840363, 0.034565956534, 0.0086000876399],
      [0.013503383627, 0.087941065263, 0.58031750619, 0.042944204758, 0.12384011875, 0.041546848363, 0.10990687305],
      [0.12686111623, 0.36720773717, 0.086537755062, 0.23799735742, 0.075320096378, 0.022280980469, 0.083794957267]
    ],
    [
      [0.0035022420855, 0.00084079861361, 0.10638771364, 0.080108250763, 0.76491274975, 0.0037054832586, 0.040542761885],
      [0, 0.083505181188, 0.4260097479, 0.20639668857, 0.080270684018, 0.095205623274, 0.10861207505],
      [0.082460872285, 0.0016645653083, 0.0091470127546, 0.74823502366, 0.085931749754, 0.060921956154, 0.011638820086],
      [0, 0.036784903984, 0.66743148618, 0.030742501588, 0.11412311493, 0.044147181187, 0.10677081213],
      [0.068627677214, 0.25104484862, 0.16282607836, 0.23032442598, 0.11518852356, 0.037864510437, 0.13412393583]
    ],
    [
      [0.014938176819, 0.0015453585684, 0.069865143584, 0.13400281833, 0.74739252266, 0.0051068912469, 0.027149088798],
      [0.07124891452, 0.088017963659, 0.26118908126, 0.32034275308, 0.073957679635, 0.11772974551, 0.067513862338],
      [0.17193778532, 0.0016928278218, 0.0028792037033, 0.72445946975, 0.04867792126, 0.046596522212, 0.003756269935],
      [0.0098979253958, 0.079992575762, 0.5558645049, 0.050658933619, 0.14149547309, 0.072800773862, 0.089289813371],
      [0.1821045495, 0.26582281068, 0.078972352806, 0.28693190795, 0.082520274631, 0.036931615201, 0.066716489233]
    ],
    [
      [0.0071704297938, 0.001150043592, 0.12469495573, 0.078946144557, 0.73948426422, 0.0045061646293, 0.044047997473],
      [0.03141742536, 0.092896262767, 0.4310312525, 0.1742184724, 0.06760308362, 0.10098863283, 0.10184487051],
      [0.13542044422, 0.00014926998634, 0.0099722273712, 0.69403412796, 0.078432358203, 0.070215474715, 0.011776097543],
      [0.00230163057, 0.061249222942, 0.67392860161, 0.020338561518, 0.09630390648, 0.046223769133, 0.099654307751],
      [0.093955995148, 0.33163673734, 0.15180985856, 0.18082750966, 0.088914825366, 0.036958016164, 0.11589705776]
    ],
    [
      [0.0047096045782, 0.00048867170396, 0.11184602234, 0.06189958048, 0.76367875603, 0.0041202203817, 0.053257144486],
      [0.021485439991, 0.055506651559, 0.44246114431, 0.15660942467, 0.079451463921, 0.1043977682, 0.14008810734],
      [0.11536328003, 0, 0.012590529256, 0.67636374885, 0.10033529637, 0.078862958516, 0.016484186979],
      [0, 0.031826419634, 0.66589248553, 0.01849552016, 0.10845200854, 0.046404082986, 0.12892948314],
      [0.083110372944, 0.21499924659, 0.17615233887, 0.18287986556, 0.11828283183, 0.043190251917, 0.18138509229]
    ],
    [
      [0.025564361012, 0.00060666947074, 0.086402846212, 0.17596566344, 0.65599926573, 0.0065149373435, 0.048946256798],
      [0.086994832112, 0.12397371214, 0.23333804726, 0.30564379234, 0.047621572156, 0.11163518699, 0.090792856997],
      [0.21725727169, 0, 0.003465917973, 0.6983876927, 0.030591199293, 0.043745765852, 0.0065521524876],
      [0.0092090295214, 0.10678306921, 0.5244889599, 0.057354688568, 0.097260309282, 0.075297792007, 0.12960615152],
      [0.19728650563, 0.35447238677, 0.061575436262, 0.23473597406, 0.045614611903, 0.030745485323, 0.075569600057]
    ],
    [
      [0.010819954263, 0.0018145997852, 0.064393685387, 0.098607898138, 0.8154728379, 1.946540019e-05, 0.0088715591274],
      [0.069029301808, 0.054225718911, 0.34023417612, 0.3465920645, 0.10507793775, 0.048599162084, 0.03624163882],
      [0.14780553059, 0.0048776217474, 0.016019509259, 0.75450974401, 0.062630187547, 0.014157406843, 0],
      [0.021566078536, 0.047232541393, 0.65109959233, 0.048901132706, 0.1803200754, 0.021370629172, 0.029509950465],
      [0.18646860795, 0.17371547402, 0.11181355489, 0.3369635476, 0.13145977546, 0.016083682483, 0.0434953576]
    ],
    [
      [0.004684932661, 0.0003427111727, 0.10055567213, 0.084619690859, 0.77002241237, 0.0040738911724, 0.035700689632],
      [0.026412235002, 0.051981131247, 0.41227313906, 0.22220730761, 0.082745170791, 0.10662883917, 0.097752177123],
      [0.092678385451, 0.0027328253453, 0.0091867559804, 0.74174055317, 0.080635519941, 0.063120142417, 0.0099058176949],
      [0, 0.031356598662, 0.66533210237, 0.033576873006, 0.12046615431, 0.05056827643, 0.098699995215],
      [0.090707176752, 0.20646709286, 0.16089905718, 0.25374456766, 0.12141861658, 0.04329368544, 0.12346980352]
    ],
    [
      [0.007165958455, 0.00041589278522, 0.077502445731, 0.10504033161, 0.76795891712, 0.0045932060237, 0.037323248276],
      [0.03771519794, 0.047532488782, 0.32270445857, 0.27967647049, 0.08212381013, 0.12570042799, 0.10454714611],
      [0.10811311792, 0, 0.005750821236, 0.75308772115, 0.064094385392, 0.058981194574, 0.009972759727],
      [0.00464458181, 0.035418400243, 0.59485885193, 0.040391420685, 0.13730295673, 0.066714946851, 0.12066884174],
      [0.11751113914, 0.17903479276, 0.11797348495, 0.30151421386, 0.113174101, 0.047725253522, 0.12306701476]
    ],
    [
      [0.007255632806, 0, 0.10894977824, 0.082763749455, 0.75967921296, 0.0054670134889, 0.035884613051],
      [0.035157754281, 0.039904859161, 0.40253897474, 0.19629235975, 0.073600231718, 0.16386825146, 0.08863756889],
      [0.12756135778, 0, 0.01091789233, 0.68197718233, 0.074905826214, 0.095133800531, 0.009503940822],
      [0.0068651454696, 0.020751808645, 0.66952420532, 0.029826692406, 0.11187674197, 0.068597359063, 0.092558047129],
      [0.1215151158, 0.17044889025, 0.16684810864, 0.23886540527, 0.11409368541, 0.069383741417, 0.11884505322]
    ],
    [
      [0.0097836060223, 0.00011989416555, 0.026146268546, 0.07645959823, 0.8652141238, 0.0017590013187, 0.020517507922],
      [0.090929201351, 0.031546241559, 0.19016629172, 0.35919909681, 0.14821656093, 0.080041298392, 0.099901309241],
      [0.18811353922, 0, 0.0086304948558, 0.69970646421, 0.056396155246, 0.028605839561, 0.0185475069],
      [0.016336209924, 0.025818292892, 0.4192043944, 0.063809394925, 0.28556872002, 0.049951900795, 0.13931108705],
      [0.23322916247, 0.096699364961, 0.057845991416, 0.32035013494, 0.16871271613, 0.025242501164, 0.097920128919]
    ],
    [
      [0.0046949435896, 0, 0.11783474978, 0.093995832756, 0.7369581683, 0.0058020455119, 0.040714260065],
      [0.024077589905, 0.041454577076, 0.40812778456, 0.20858552035, 0.067612530647, 0.15588945597, 0.094252541489],
      [0.08448397527, 0.0044380820026, 0.010724822751, 0.72787404289, 0.069600753936, 0.092681055132, 0.010197268013],
      [0, 0.020949255264, 0.67615314771, 0.034965899584, 0.10303226184, 0.066549739812, 0.098349695781],
      [0.087233683272, 0.17960470093, 0.17247665076, 0.25799824976, 0.10659870757, 0.067440547022, 0.12864746069]
    ],
    [
      [0.015409909518, 0.00062305445195, 0.056139400032, 0.14554454286, 0.62856801917, 0.013980379875, 0.1397346941],
      [0.052101803314, 0.030077860733, 0.14426608357, 0.24608175068, 0.04277979142, 0.25068804768, 0.2340046626],
      [0.1486215819, 0.0030798876797, 0.0090744056431, 0.70867192838, 0.042493731825, 0.088058464565, 0],
      [0.049289666243, 0.029264421135, 0.32885047834, 0.055054501659, 0.085835017835, 0.15521037093, 0.29649554386],
      [0.14993496661, 0.10849020178, 0.052457004115, 0.25618701433, 0.0560327294, 0.093316780059, 0.28358130371]
    ],
    [
      [0.017731810348, 0.0017346614958, 0.12457132314, 0.12863572568, 0.65269239955, 0.0081611280993, 0.066472951696],
      [0.060024040516, 0.077569171705, 0.33506221075, 0.2195549511, 0.042980811274, 0.14589050707, 0.11891830758],
      [0.19799529617, 0.0039131537675, 0.0021959906933, 0.67385226225, 0.03414133229, 0.075710906596, 0.012191058234],
      [0.0076994175085, 0.062498595827, 0.61733363093, 0.031305057674, 0.068788476487, 0.075267564873, 0.1371072567],
      [0.16967887576, 0.27174735675, 0.11027432069, 0.21596331554, 0.053742077151, 0.049945980676, 0.12864807343]
    ],
    [
      [0.0045069667618, 0.00087564151841, 0.088168642532, 0.060103443037, 0.80852474299, 0.0036006773661, 0.034219885799],
      [0.028475834633, 0.067436589437, 0.41397607128, 0.18011633726, 0.097453162026, 0.10541277997, 0.1071292254],
      [0.11642772884, 0.001283585524, 0.010579900289, 0.6838267198, 0.1044518965, 0.070751299284, 0.012678869764],
      [0.0010106399242, 0.045494965077, 0.6427940447, 0.026020365702, 0.13208912745, 0.04815104834, 0.10443980881],
      [0.089795095957, 0.25270391509, 0.15398583393, 0.19643742064, 0.13725272566, 0.040835121388, 0.12898988733]
    ],
    [
      [0.016609748612, 0.00062580531629, 0.082297091267, 0.14434608805, 0.6927597644, 0.0048573913159, 0.058504111038],
      [0.064400651471, 0.041865577419, 0.25165685405, 0.28598920085, 0.057287214146, 0.17830749046, 0.12049301161],
      [0.16859590249, 0.00012446326183, 0.0070226370639, 0.70350782492, 0.041877963687, 0.069674640619, 0.0091965679573],
      [0.011228605824, 0.037743753677, 0.53571357459, 0.04957549367, 0.11134197225, 0.094364396809, 0.16003220319],
      [0.18962478035, 0.14969504913, 0.088423598308, 0.29644027161, 0.073280552763, 0.065397732688, 0.13713801514]
    ],
    [
      [0.0082854448068, 0.00052876032494, 0.079553138518, 0.077629270649, 0.7880964422, 0.0031247884319, 0.042782155066],
      [0.047008420156, 0.057009717162, 0.36073425478, 0.22568044216, 0.091484997215, 0.088274744664, 0.12980742386],
      [0.15477488327, 0, 0.0073570610466, 0.69787154358, 0.080922544004, 0.048209743166, 0.010864224937],
      [0.0070232960716, 0.040327529407, 0.60581427812, 0.030953477774, 0.13721144479, 0.043746612602, 0.13492336123],
      [0.13691820516, 0.20264230731, 0.12650207092, 0.23257212624, 0.12132767901, 0.032294425669, 0.1477431857]
    ],
    [
      [0.013972968597, 0, 0.071694424588, 0.19042857772, 0.67483181511, 0.0066958585302, 0.042376355451],
      [0.052011192485, 0.13877407071, 0.21120048636, 0.35589179406, 0.051075916267, 0.10895542982, 0.082091110297],
      [0.10943155875, 0, 0, 0.79998472543, 0.035099629179, 0.045553942692, 0.0099301439471],
      [0.025643982368, 0.11368941797, 0.49148749033, 0.064919134445, 0.10777362215, 0.075810083599, 0.12067626913],
      [0.11608069859, 0.39010677443, 0.054413273596, 0.2802010981, 0.05243826933, 0.033280891802, 0.073478994143]
    ],
    [
      [0.012662863905, 0.0012301078889, 0.10314864273, 0.064371783011, 0.75566274058, 0.0042764648284, 0.058647397059],
      [0.058584281607, 0.10021394434, 0.37637922029, 0.14934674921, 0.072468751488, 0.10092230986, 0.14208474321],
      [0.24431063414, 0.00026747684158, 0.0091511367109, 0.58202110059, 0.081360720485, 0.068021853636, 0.014867077591],
      [0.0054110297126, 0.068416921518, 0.61268049285, 0.014789280666, 0.10839459047, 0.049392058705, 0.14091562608],
      [0.15596998921, 0.32120231162, 0.11931424619, 0.1388603578, 0.085483216226, 0.033372774477, 0.14579710448]
    ],
    [
      [0.0077981521688, 0.0013082245776, 0.13535632867, 0.069243969448, 0.72125893375, 0.0050515284067, 0.059982862977],
      [0.031257377493, 0.11176549654, 0.42744388246, 0.13920346678, 0.060095263734, 0.10371990768, 0.12651460532],
      [0.15433676784, 0, 0.013009862224, 0.65036904617, 0.081326501863, 0.084051415623, 0.016906406286],
      [0.0034183129399, 0.06961465751, 0.66210179672, 0.01125457793, 0.084538116801, 0.046935625863, 0.12213691223],
      [0.087590959144, 0.38189715848, 0.1436666787, 0.13789106653, 0.075412883039, 0.036188825893, 0.13735242821]
    ],
    [
      [0.0098075930976, 0.001293080225, 0.10283836961, 0.077590736889, 0.75864027664, 0.0052910947871, 0.044538848751],
      [0.045166599292, 0.085438922461, 0.37924835269, 0.18150962312, 0.070721337579, 0.12790532947, 0.1100098354],
      [0.16958511174, 0.0014662267826, 0.0033984795558, 0.66034667996, 0.073374822907, 0.078902327848, 0.012926351206],
      [0.0077867950228, 0.060582051577, 0.63044350238, 0.020071973364, 0.1063546895, 0.060670674139, 0.11409031402],
      [0.12698872278, 0.30105767608, 0.12891486357, 0.18505866862, 0.090615678732, 0.045422221876, 0.12194216834]
    ],
    [
      [0.019006288215, 0.0016850406105, 0.059469106769, 0.11558022913, 0.7747711302, 0.0046893836902, 0.024798821383],
      [0.088345402877, 0.087235983362, 0.24242291864, 0.31254629355, 0.08531661178, 0.11612139519, 0.068011394604],
      [0.2440163225, 0.0048290899254, 0.00095223893366, 0.6483484229, 0.053107569513, 0.044598792072, 0.0041475641622],
      [0.0043029302536, 0.077384391873, 0.53316561524, 0.058184393805, 0.16318677985, 0.071827936984, 0.091947951995],
      [0.26371658908, 0.2311175004, 0.068505558144, 0.25296094498, 0.087579302506, 0.033855191395, 0.062264913491]
    ],
    [
      [0.0092531273456, 0.0012079923223, 0.1062943279, 0.099126370194, 0.73830814093, 0.0052771864846, 0.04053285482],
      [0.041055197773, 0.077955557593, 0.37359629698, 0.22262979809, 0.067183831094, 0.12234268681, 0.095236631662],
      [0.13912096016, 0.0010840088648, 0.0044340490181, 0.71558801612, 0.062585931826, 0.067892895101, 0.0092941389178],
      [0.0059691346906, 0.057386233738, 0.64070763854, 0.029166922164, 0.10463126249, 0.060191812389, 0.10194699599],
      [0.11962375011, 0.27756552676, 0.13087617703, 0.23084778911, 0.088240435079, 0.044589363735, 0.10825695818]
    ],
    [
      [0.0089789187777, 0.0012025345057, 0.12830478084, 0.10332065637, 0.71045309321, 0.0042081915758, 0.043531824715],
      [0.036876684507, 0.08922404583, 0.41542885326, 0.21432756987, 0.060693737427, 0.089397527013, 0.094051582085],
      [0.1354636657, 0, 0.0082666775464, 0.73242181426, 0.060944654829, 0.053723683124, 0.0091795045407],
      [0.0036469479997, 0.061375661336, 0.67823137448, 0.028695539438, 0.090099484535, 0.042337076051, 0.095613916161],
      [0.10735387661, 0.31305943175, 0.14424316249, 0.21827261026, 0.078968616311, 0.032278957983, 0.10582334459]
    ],
    [
      [0.011394301817, 0, 0.047788872381, 0.10152117734, 0.81901496676, 0.0036255426099, 0.016655139093],
      [0.10208455232, 0.019447183367, 0.25372393339, 0.35457100397, 0.11030184596, 0.0994648607, 0.060406620295],
      [0.19699613586, 0, 0.013413902082, 0.68951800083, 0.058476843744, 0.037209343368, 0.0043857741167],
      [0.028651269929, 0, 0.54915244919, 0.062534922292, 0.21625534655, 0.062249751073, 0.08115626097],
      [0.27866925287, 0.078959254652, 0.080367662081, 0.33318387355, 0.13384550562, 0.032790912717, 0.062183538506]
    ],
    [
      [0.044209260447, 0.001185297916, 0.082325074141, 0.20158943261, 0.61715203586, 0.0044559364286, 0.049082962598],
      [0.12525624796, 0.15876378822, 0.20157581594, 0.32548749754, 0.037148393186, 0.068577736737, 0.083190520411],
      [0.26332296669, 0, 0.012798261687, 0.66176913542, 0.021645433307, 0.026781108975, 0.013683093924],
      [0.018574564197, 0.1312791848, 0.49437729714, 0.092876864019, 0.083471321716, 0.050464862534, 0.12895590559],
      [0.25482018101, 0.38925446602, 0.045719163127, 0.20596518238, 0.030694583319, 0.016021952659, 0.057524471489]
    ],
    [
      [0.058739870849, 0.0025276435028, 0.054349140668, 0.15006923644, 0.70079107799, 0.012043853177, 0.021479177369],
      [0.18121594033, 0.097770532925, 0.14231334288, 0.26811547422, 0.048580699656, 0.2253049051, 0.03669910488],
      [0.32192203152, 0.043103665205, 0.012754704222, 0.53123070431, 0.037290818966, 0.05292965696, 0.0007684188174],
      [0, 0.09703359124, 0.42178009607, 0.11190813175, 0.1281919185, 0.17394417521, 0.067142087235],
      [0.40720583355, 0.23676516759, 0.037028194047, 0.19680319341, 0.04429755034, 0.049488625488, 0.028411435575]
    ],
    [
      [0.01575419358, 0.0016109930979, 0.054869998887, 0.25133144405, 0.64126205626, 0.0052252366059, 0.029946077525],
      [0.060685451162, 0.068838514066, 0.16669200943, 0.49173808738, 0.047565507824, 0.10337804795, 0.061102382179],
      [0.10943572867, 0.0077492588984, 0, 0.82349438313, 0.019907309553, 0.031698969555, 0.0077143502006],
      [0.019515519848, 0.08488512019, 0.47693974029, 0.10350034465, 0.12229292965, 0.083461374535, 0.10940497084],
      [0.15236747886, 0.21400733885, 0.050092334844, 0.43781711006, 0.054459407056, 0.032156369026, 0.059099961303]
    ],
    [
      [0.0037353509841, 0.001337968952, 0.081008949387, 0.085167213655, 0.77626115418, 0.0051193227881, 0.047370040054],
      [0.027314646239, 0.094652151615, 0.33836114154, 0.22340785034, 0.081671075102, 0.10428336404, 0.13030977113],
      [0.097290137838, 0.0018144808649, 0.0036712026128, 0.74371339825, 0.078330031672, 0.062454336818, 0.012726411944],
      [0, 0.068272080639, 0.5800901048, 0.032253969561, 0.12676315133, 0.053553423196, 0.13906727048],
      [0.078427688291, 0.32067403127, 0.11028795391, 0.21541150846, 0.10064351471, 0.035804077103, 0.13875122625]
    ],
    [
      [0.019385339744, 0.0013402576889, 0.10056258279, 0.16244445202, 0.66689981543, 0.0041937705586, 0.04517378178],
      [0.073186310597, 0.091990890744, 0.29998247441, 0.3101025373, 0.051951677745, 0.082594557061, 0.090191552136],
      [0.18548446647, 0, 0.005686393559, 0.73208042866, 0.035675062869, 0.034102853609, 0.0069707948353],
      [0.0082045720823, 0.078054751202, 0.60615952323, 0.050503315213, 0.094948831696, 0.047881426299, 0.11424758028],
      [0.18513935389, 0.27928420246, 0.090420309221, 0.27322214908, 0.058661739393, 0.025739671376, 0.087532574578]
    ],
    [
      [0.0033691323711, 0.0011236194471, 0.13590997364, 0.097414512043, 0.71891626679, 0.0034386336225, 0.039827862091],
      [0, 0.084654381715, 0.46575430505, 0.21476588523, 0.065359117931, 0.078327622706, 0.091138687366],
      [0.056650803623, 0.018313527577, 0.0098619111986, 0.78532979797, 0.06981783501, 0.050441332827, 0.0095847917916],
      [0, 0.038138357473, 0.71624517218, 0.031521835875, 0.092210711805, 0.03440576407, 0.087478158598],
      [0.061622765166, 0.27120039679, 0.18145232509, 0.24428003862, 0.09466181116, 0.031747100875, 0.11503556229]
    ],
    [
      [0.0049534141134, 0.0011966742744, 0.17695634025, 0.075419423083, 0.67020772408, 0.0055077842092, 0.065758639985],
      [0.0027476735235, 0.079719971121, 0.50513107388, 0.13580073319, 0.048496885267, 0.10225574164, 0.12584792137],
      [0.102254106, 0.0011249741428, 0.015866895879, 0.698540891, 0.0731959719, 0.090368098407, 0.018649062663],
      [0, 0.037230045393, 0.72954648188, 0.012195120673, 0.062258492379, 0.044226951889, 0.11454290779],
      [0.065041361841, 0.27349566923, 0.20791124431, 0.16613541194, 0.076700588996, 0.043702399702, 0.16701332398]
    ],
    [
      [0.0054546674998, 3.4632797022e-05, 0.14360900003, 0.098133279708, 0.69785747117, 0.0063339123298, 0.048577036475],
      [0.014879478514, 0.041137956744, 0.45198050091, 0.19919763959, 0.057858000301, 0.13208131715, 0.10286510679],
      [0.088967092695, 0, 0.011027524304, 0.73894169856, 0.062899611398, 0.086534053229, 0.011630019809],
      [0, 0.014884241131, 0.71098004354, 0.030393262072, 0.082964369495, 0.05867512029, 0.10210296347],
      [0.083056470787, 0.17654698403, 0.1949862485, 0.25053550176, 0.092873353803, 0.059472749452, 0.14252869167]
    ],
    [
      [0.01263208069, 0.0012617472665, 0.14016942112, 0.0907406089, 0.69255553959, 0.0030385858137, 0.059602016614],
      [0.050476295815, 0.074171983959, 0.44110537723, 0.18260862663, 0.05704831287, 0.069475045579, 0.12511435792],
      [0.19844485582, 0.0007379609362, 0.009700084801, 0.67178985271, 0.061426440936, 0.044842101281, 0.013058703519],
      [0.0055632193553, 0.050289579511, 0.68981803062, 0.022568334787, 0.080994963088, 0.029025496391, 0.12174037625],
      [0.14892297335, 0.26171427908, 0.15560624478, 0.18944583936, 0.075621238399, 0.025515199872, 0.14317422516]
    ],
    [
      [0.013036312788, 0.0015971611523, 0.10123140354, 0.18538787262, 0.62071761649, 0.0074875388566, 0.070542094556],
      [0.044412165325, 0.081782258835, 0.26756139274, 0.31199735868, 0.039813967492, 0.13051831173, 0.1239145452],
      [0.11664808938, 0.0021480196752, 0.0048104887029, 0.78223106663, 0.028780348758, 0.056787080258, 0.0085949065898],
      [0.0073816610393, 0.072620435423, 0.5541215316, 0.050856721704, 0.077232898628, 0.077722110552, 0.16006464106],
      [0.11898197229, 0.26444477837, 0.087522244025, 0.30106502605, 0.051706825988, 0.044419705793, 0.13185944748]
    ],
    [
      [0.0034978929935, 8.4277445029e-05, 0.12794203102, 0.062601751082, 0.75080719416, 0.0039456435234, 0.051121209777],
      [0.003428261055, 0.055809597087, 0.48705393849, 0.15249847945, 0.07568082016, 0.0955485531, 0.12998035066],
      [0.093881185413, 0, 0.01444391617, 0.6971201401, 0.10087180902, 0.076448346333, 0.017234602966],
      [0, 0.015965280024, 0.70584694961, 0.018758340882, 0.1001705917, 0.041516153223, 0.11774268456],
      [0.069387092473, 0.19384644942, 0.20665228233, 0.1899507967, 0.11957892409, 0.04212104228, 0.17846341271]
    ],
    [
      [0.0048805743573, 0.0016454846617, 0.13959730732, 0.042103150041, 0.75349795184, 0, 0.05827553178],
      [0.033108848582, 0.066611291678, 0.53786515094, 0.096252860933, 0.075939407415, 0.039630408201, 0.15059203226],
      [0.14614691648, 0.0012279800938, 0.018551148852, 0.64452951783, 0.12325023426, 0.04204162923, 0.024252573251],
      [0, 0.042766357348, 0.73077109878, 0, 0.09696030601, 0.0015074839972, 0.12799475386],
      [0.078483860956, 0.26293864079, 0.2126391877, 0.12645154558, 0.11098953503, 0.015541748491, 0.19295548145]
    ],
    [
      [0.011803279231, 0.00087324286503, 0.12340923056, 0.072071893772, 0.7466517913, 0.0022766704497, 0.042913891825],
      [0.056070997704, 0.065466971636, 0.46094125923, 0.17220767116, 0.073558237638, 0.064418340844, 0.10733652179],
      [0.22241507758, 0.00042797456656, 0.0097672165031, 0.63569928183, 0.07850971928, 0.04168717346, 0.011493556781],
      [0.0052993723975, 0.042983171635, 0.70185891299, 0.019992463827, 0.10260531375, 0.024275633284, 0.10298513212],
      [0.16968993037, 0.23644916057, 0.16528333631, 0.1819840419, 0.098247667035, 0.024142134707, 0.12420372911]
    ],
    [
      [0.0073232472981, 0.00016323208307, 0.11348530016, 0.094081167714, 0.74055534681, 0.0043340614238, 0.040057644511],
      [0.034233098775, 0.046608506694, 0.4200117915, 0.22336627546, 0.072618495062, 0.10403121897, 0.099130613543],
      [0.12033871624, 0, 0.0086303914589, 0.73122815168, 0.070032377464, 0.060146550103, 0.0096238130579],
      [0.0035870591253, 0.028602137544, 0.68040569639, 0.030719016945, 0.10705438182, 0.049279546371, 0.10035216181],
      [0.11376307089, 0.19322402999, 0.16410197448, 0.2554934952, 0.10602473663, 0.04223609114, 0.12515660167]
    ],
    [
      [0.0044094049398, 0, 0.11786939199, 0.055675611737, 0.78310227613, 0.0043133663138, 0.034629948882],
      [0.026456008417, 0.033684972227, 0.49322729204, 0.14866221071, 0.085389417043, 0.11544536887, 0.097134730701],
      [0.12199714268, 0, 0.014739009058, 0.65293061833, 0.10931618576, 0.088244488499, 0.012772555671],
      [0.0031404857506, 0.011900697398, 0.71725484293, 0.016618283071, 0.11245859102, 0.049529789273, 0.08909731056],
      [0.097661823061, 0.1701795911, 0.21394544605, 0.19073574243, 0.13964258114, 0.052079283378, 0.13575553284]
    ],
    [
      [0.0085985644354, 0.00094106822719, 0.067290546162, 0.074396417813, 0.82172896002, 0.0039640808251, 0.023080362519],
      [0.05375656672, 0.082181245281, 0.33004460151, 0.23394749594, 0.097214230373, 0.12825375143, 0.07460210875],
      [0.16380179584, 0.0015634196412, 0.0078716388576, 0.67416323077, 0.082502289324, 0.064683770217, 0.005413855348],
      [0.0081870493985, 0.063236005455, 0.58653895812, 0.035584534931, 0.15860983944, 0.065538973334, 0.082304639325],
      [0.14554346242, 0.269738688, 0.10873485979, 0.22551463849, 0.12618726393, 0.043845664577, 0.080435422791]
    ],
    [
      [0.009114831231, 0.00079799160402, 0.10957293352, 0.10222497088, 0.73792969864, 0.0040916774632, 0.036267896665],
      [0.042242675265, 0.063714962094, 0.39926046043, 0.238322443, 0.071068699174, 0.097658367789, 0.08773239225],
      [0.13827532515, 0.00017744844659, 0.0068734995797, 0.73082933984, 0.063917861483, 0.052672959835, 0.0072535656641],
      [0.0049738702783, 0.045500054689, 0.66997147871, 0.032036066505, 0.10825628735, 0.047593243988, 0.091668998483],
      [0.12813691048, 0.23395937815, 0.14534045093, 0.25493521584, 0.096626627474, 0.036883042059, 0.10411837506]
    ],
    [
      [0.010914956885, 0.0011388624784, 0.1261808773, 0.10960466969, 0.69615085607, 0.0049222779315, 0.051087499641],
      [0.042549009377, 0.097666762837, 0.3864717499, 0.21492207096, 0.055602597107, 0.098070931904, 0.10471687791],
      [0.15052796746, 0, 0.0078790239017, 0.71871846649, 0.054941051511, 0.057650807215, 0.010282683425],
      [0.0057342990448, 0.068193215548, 0.65219649643, 0.029754635887, 0.085447600147, 0.048324357553, 0.11034939539],
      [0.1165425309, 0.33281679805, 0.12769240969, 0.20820907092, 0.06938334135, 0.033675955879, 0.11167989321]
    ],
    [
      [0.0089426618675, 0.001336489115, 0.14957715342, 0.10556360946, 0.68369436126, 0.0066238357619, 0.044261889114],
      [0.032568541632, 0.078972198115, 0.43121416288, 0.19507589935, 0.050478008508, 0.12688872004, 0.084802469477],
      [0.12888422347, 0.00085409277334, 0.0094769620735, 0.71618427038, 0.054553727441, 0.081380108232, 0.0086666156296],
      [0.0032028186937, 0.055275688519, 0.69814333806, 0.026530070582, 0.073767050731, 0.05795541982, 0.085125613595],
      [0.10277277739, 0.29699483366, 0.16138222995, 0.21426475132, 0.071920044534, 0.049387303291, 0.10327805986]
    ],
    [
      [0.0049191628059, 0.00028518704267, 0.14318634675, 0.079091441521, 0.71402802845, 0.0037299806877, 0.054759852735],
      [0.016481969079, 0.052336346495, 0.4871519779, 0.17250079653, 0.064505395495, 0.082336782139, 0.12468673236],
      [0.10426408572, 0, 0.012712186462, 0.72725875831, 0.079343054358, 0.060936920226, 0.015484994917],
      [0, 0.024879977514, 0.71639031544, 0.021894926888, 0.086614679516, 0.035352557618, 0.11486754303],
      [0.081375090694, 0.20772568689, 0.20122680225, 0.20895026209, 0.098940500013, 0.035371113065, 0.166410545]
    ],
    [
      [0.0050392497103, 0.00033123661517, 0.11301315485, 0.067989589449, 0.77673906789, 0.0041210312425, 0.032766670244],
      [0.025640855385, 0.04021906571, 0.4677447754, 0.18060138484, 0.083637942121, 0.11179078953, 0.090365187022],
      [0.10762535898, 0, 0.011975310746, 0.69912855782, 0.09508421963, 0.076055510185, 0.010131042646],
      [0.00082829549542, 0.018955916056, 0.70626652883, 0.024859632646, 0.1142388471, 0.049834347792, 0.085016432083],
      [0.093611512227, 0.18268685828, 0.19671906747, 0.22252719414, 0.13236486951, 0.048860514994, 0.12322998337]
    ],
    [
      [0.012819802437, 0.001534404917, 0.10332159553, 0.12382477116, 0.69335935587, 0.0054570273864, 0.059683042702],
      [0.049571009963, 0.095504261775, 0.32793969875, 0.24992132713, 0.054963222633, 0.096153630381, 0.12594684936],
      [0.15417390345, 0.00095865029386, 0.00083290144236, 0.73587389452, 0.046297932126, 0.051042478834, 0.01082023933],
      [0.008675637946, 0.073699614978, 0.59964467716, 0.032649508544, 0.090517640155, 0.052137525917, 0.1426753953],
      [0.12819172595, 0.31263917823, 0.10232103885, 0.2323478507, 0.064807863926, 0.031388970579, 0.12830337177]
    ],
    [
      [0.0055388116676, 0.0014222342104, 0.064610404263, 0.11325221065, 0.76962811725, 0.0040859917705, 0.041462230196],
      [0.032098428922, 0.069945993277, 0.28438967314, 0.31363607056, 0.079910058586, 0.098422130947, 0.12159764457],
      [0.078656053195, 0.0070097127836, 0, 0.79273547526, 0.060455949198, 0.048141215534, 0.013001594031],
      [0.015274742182, 0.058070270373, 0.54357818692, 0.043639305116, 0.13827766783, 0.055134408093, 0.14602541949],
      [0.094040349166, 0.24283536375, 0.093110700214, 0.30779453363, 0.098607615984, 0.033590366158, 0.1300210711]
    ],
    [
      [0.0096752653028, 0.0018257688755, 0.11687819609, 0.11785154802, 0.71538548358, 0.0096533611268, 0.028730377002],
      [0.032390505731, 0.091030664543, 0.31148069874, 0.20253588331, 0.050465054628, 0.26075518974, 0.051342003304],
      [0.11717735159, 0.0026701409449, 0.025857027415, 0.68764861288, 0.053499465787, 0.11264328573, 0.0005041156519],
      [0.0073012927853, 0.076570122821, 0.61575819189, 0.051361782213, 0.092107714703, 0.099081639804, 0.05781925578],
      [0.098989034854, 0.34206594281, 0.11939247372, 0.2209453975, 0.0698578399, 0.087754984542, 0.060994326674]
    ],
    [
      [0.03440148095, 0.00087711714415, 0.097494450732, 0.17831970233, 0.65432506536, 0.0041239061703, 0.030458277305],
      [0.14945329237, 0.042253593893, 0.28760581712, 0.33318256024, 0.049038064601, 0.078346680627, 0.060119991145],
      [0.25791986682, 0.0075764350637, 0.010378760515, 0.66589703353, 0.027770855356, 0.02675793568, 0.0036991130319],
      [0, 0.03175698239, 0.65195695481, 0.082812137939, 0.099394024766, 0.050384448099, 0.083695451998],
      [0.3537874038, 0.12450907374, 0.085996582063, 0.30138910489, 0.053689854876, 0.024032589356, 0.056595391273]
    ],
    [
      [0.025464094752, 0.0013725509646, 0.075690506806, 0.14886433318, 0.71495333578, 0.0020598670685, 0.031595311448],
      [0.10265257186, 0.10145298997, 0.26551408691, 0.33926203829, 0.066327936555, 0.050348164096, 0.074442212319],
      [0.24049280615, 0.00096829551052, 0.008575580901, 0.68948972644, 0.041280650398, 0.012911955751, 0.0062809848524],
      [0.0017862183416, 0.094188071682, 0.57579811073, 0.069365148872, 0.12952511009, 0.028540932519, 0.10079640777],
      [0.25595540925, 0.2726022952, 0.070491444269, 0.25955536422, 0.064381734063, 0.013926741482, 0.063087011515]
    ],
    [
      [0.0075533068656, 0.0015229954681, 0.09453008428, 0.049616094672, 0.82999117268, 0.0015240041788, 0.015262341854],
      [0.045949670206, 0.073127718516, 0.48658844749, 0.16484606766, 0.10852533165, 0.062019464271, 0.058943300214],
      [0.18878552531, 0.0034520231303, 0.0169113947, 0.63502942, 0.11581021668, 0.040011420177, 0],
      [0.0088092478552, 0.048966780767, 0.71657530585, 0.020201484898, 0.13786647131, 0.024471626027, 0.043109083294],
      [0.13908149368, 0.27034638853, 0.1752946257, 0.17549459503, 0.14749179979, 0.02307742872, 0.069213668548]
    ],
    [
      [0.01047265412, 0, 0.11068184556, 0.11733482999, 0.70989994864, 0.004411731291, 0.047198990391],
      [0.04751505318, 0.04156070779, 0.38149094114, 0.2596692205, 0.06462751208, 0.096493566209, 0.10864299909],
      [0.14116098909, 0, 0.0073628133582, 0.73935831538, 0.054173811417, 0.048496704483, 0.0094473662696],
      [0.0084841867444, 0.023147796308, 0.66273384722, 0.035515260259, 0.1025240978, 0.049318202825, 0.11827660884],
      [0.14843928542, 0.1618761183, 0.14323475096, 0.28606763749, 0.090713580942, 0.037729951988, 0.13193867489]
    ],
    [
      [0.0078768793507, 0.00046739240354, 0.11147018877, 0.096999629843, 0.73701742331, 0.0038036683064, 0.04236481802],
      [0.037251738292, 0.056686039848, 0.41099650472, 0.2288957897, 0.07160870675, 0.090451190515, 0.10411003018],
      [0.12773723277, 0, 0.0074084033564, 0.73597844065, 0.067667373051, 0.051228377969, 0.009980172201],
      [0.0039623726994, 0.037938460546, 0.67147040656, 0.030605011217, 0.1065485804, 0.043043279467, 0.10643188911],
      [0.11702572464, 0.21515665659, 0.1539070647, 0.25176424966, 0.10053017757, 0.035268678586, 0.12634744825]
    ],
    [
      [0.016268301521, 0.0021249198215, 0.097958814429, 0.089254069031, 0.72731838938, 0.0013207101797, 0.065754795634],
      [0.098713233333, 0.076904386626, 0.34446940273, 0.19765114052, 0.068624970489, 0.055353516447, 0.15828334986],
      [0.29878297125, 0.022871118195, 0.011434686295, 0.57227658779, 0.06131849916, 0.025251952034, 0.0080641852835],
      [0, 0.044207779073, 0.60465934156, 0.04731389389, 0.11145989495, 0.024349480803, 0.16800960972],
      [0.26457774291, 0.226000835, 0.1007375988, 0.16702407191, 0.07380653702, 0.016661207986, 0.15119200637]
    ],
    [
      [0.014075454594, 0, 0.052098011857, 0.13921799834, 0.7689189182, 0.0041428150283, 0.021546801983],
      [0.086940115818, 0.02415346205, 0.22143427429, 0.40477239995, 0.086929217637, 0.11371426204, 0.062056268217],
      [0.16521312963, 0, 0.012326688974, 0.73555767514, 0.043767548448, 0.036783311209, 0.0063516465975],
      [0.019938280988, 0.014261570188, 0.53765121733, 0.068610310891, 0.18647329654, 0.078240880949, 0.094824443113],
      [0.24153697638, 0.082396492477, 0.072798713834, 0.39186906733, 0.10727375997, 0.038549064672, 0.065575925346]
    ],
    [
      [0.0067277422053, 0.00083591507758, 0.13090110797, 0.10689374217, 0.67885406973, 0.001592952368, 0.074194470476],
      [0.028587272425, 0.050837951967, 0.42852197513, 0.22167061408, 0.056697859133, 0.050628118342, 0.16305620892],
      [0.10637284777, 0.0012399649004, 0.012800508738, 0.78405600015, 0.060456853247, 0.024655232494, 0.010418592704],
      [0.0015825164107, 0.034213404709, 0.67639756481, 0.030705569226, 0.081668883243, 0.019158535061, 0.15627352654],
      [0.091922131514, 0.1972985309, 0.16190446347, 0.24822909395, 0.080816279752, 0.018930690162, 0.20089881025]
    ],
    [
      [0.022169707714, 0.00076415591779, 0.0854237135, 0.13200086153, 0.67625168446, 0.0071700834271, 0.076219793451],
      [0.092923890827, 0.044123204893, 0.26336306833, 0.26203292218, 0.053470388734, 0.12678713703, 0.157299388],
      [0.2488011644, 0.0012424960828, 0.0054432383507, 0.64091393227, 0.040281921668, 0.05831631253, 0.0050009347048],
      [0, 0.037374179019, 0.53960699859, 0.051057526974, 0.097754326526, 0.075611128882, 0.19859584001],
      [0.269150866, 0.14083279568, 0.082557160034, 0.24153853071, 0.062358343235, 0.042138556465, 0.16142374788]
    ],
    [
      [0.016324417594, 0.0015588258153, 0.096937245901, 0.27436322354, 0.53717632577, 0.0039979117135, 0.06964204966],
      [0.056116813972, 0.080694749911, 0.23864192708, 0.41988821892, 0.021701494667, 0.0641174148, 0.11883938065],
      [0.11132698662, 0.0079734506658, 0.005469774736, 0.83529753529, 0.0066095803647, 0.021247496541, 0.01207517578],
      [0.012695046756, 0.078944981799, 0.56163018281, 0.071988448154, 0.061071594515, 0.043104103828, 0.17056564213],
      [0.13275691924, 0.23608973569, 0.073520107072, 0.3873736818, 0.03428027515, 0.020523141362, 0.11545613969]
    ],
    [
      [0.026871048167, 0.00027747198905, 0.10912371611, 0.1297046395, 0.70646425911, 0.0050022727124, 0.022556592407],
      [0.11249073251, 0.158076917, 0.3125096227, 0.23688544838, 0.052939922418, 0.08090450587, 0.046192851123],
      [0.27765797052, 0, 0.018033935268, 0.6214575253, 0.043070595039, 0.039779973876, 0],
      [0.014721895464, 0.11107851176, 0.6290552228, 0.060426259836, 0.097542320695, 0.049302037229, 0.037873752221],
