{
  "X": [
    [1, 0, 5, 1, 0],
    [36, 53, 274, 162, 31],
    [5, 5, 10, 8, 1],
    [4, 10, 19, 5, 1],
    [1, 1, 28, 5, 1],
    [25, 24, 68, 29, 4],
    [257, 789, 2172, 894, 219],
    [4, 8, 14, 9, 0],
    [12, 60, 122, 25, 25],
    [15, 43, 101, 27, 14],
    [17, 54, 214, 55, 21],
    [67, 127, 506, 197, 78],
    [1, 6, 22, 5, 1],
    [21, 94, 154, 33, 22],
    [2, 7, 104, 33, 21],
    [29, 56, 128, 49, 19],
    [13, 52, 92, 19, 15],
    [2, 0, 6, 4, 0],
    [25, 15, 110, 51, 16],
    [1, 3, 10, 0, 1],
    [20, 17, 108, 65, 20],
    [13, 13, 39, 27, 12],
    [314, 331, 1954, 1029, 289],
    [3, 2, 17, 9, 4],
    [10, 29, 107, 35, 6],
    [1, 4, 12, 2, 2],
    [20, 23, 126, 60, 20],
    [1, 22, 17, 8, 4],
    [11, 106, 124, 37, 29],
    [18, 30, 32, 42, 2],
    [4, 8, 25, 19, 6],
    [2, 17, 17, 11, 5],
    [53, 127, 1090, 173, 128],
    [1, 2, 22, 1, 2],
    [5, 12, 37, 17, 4],
    [49, 374, 754, 103, 64],
    [1, 11, 32, 3, 3],
    [264, 424, 1328, 786, 146],
    [9, 11, 45, 30, 1],
    [2, 9, 49, 10, 4],
    [1, 2, 11, 3, 1],
    [5, 7, 46, 12, 5],
    [5, 5, 40, 17, 6],
    [6, 21, 20, 12, 2],
    [31, 64, 274, 115, 24],
    [0, 0, 5, 0, 3],
    [11, 23, 156, 35, 20],
    [94, 218, 769, 311, 106],
    [8, 18, 39, 17, 10],
    [116, 174, 938, 398, 126],
    [1, 3, 26, 5, 3],
    [15, 32, 86, 29, 23],
    [7, 55, 103, 17, 8],
    [133, 370, 942, 414, 100],
    [3, 7, 26, 19, 6],
    [43, 76, 220, 103, 27],
    [5, 3, 7, 5, 1],
    [33, 45, 220, 91, 23],
    [3, 8, 48, 35, 6],
    [7, 7, 17, 13, 0],
    [0, 1, 6, 2, 0],
    [31, 30, 155, 89, 23],
    [5, 29, 83, 19, 20],
    [75, 162, 1235, 223, 153],
    [4, 21, 126, 15, 12],
    [28, 86, 218, 49, 19],
    [2, 0, 3, 0, 1],
    [33, 22, 87, 87, 19],
    [3, 15, 52, 14, 10],
    [2, 9, 15, 11, 7],
    [11, 3, 36, 16, 8],
    [2, 8, 77, 16, 18],
    [41, 67, 157, 143, 37],
    [26, 44, 138, 111, 31],
    [10, 15, 44, 14, 8],
    [2, 2, 5, 6, 2],
    [0, 3, 19, 3, 1],
    [1, 7, 35, 9, 4],
    [0, 3, 5, 2, 0],
    [3, 3, 5, 1, 1],
    [15, 54, 92, 32, 23],
    [30, 60, 162, 79, 20],
    [29, 17, 41, 61, 10],
    [34, 51, 124, 61, 22],
    [0, 1, 24, 7, 4],
    [27, 31, 147, 131, 19],
    [8, 2, 16, 18, 4],
    [13, 26, 106, 57, 29],
    [28, 16, 159, 120, 42],
    [56, 34, 229, 174, 45],
    [2, 1, 4, 9, 2],
    [30, 61, 222, 99, 34],
    [30, 38, 146, 133, 35],
    [0, 0, 4, 6, 5],
    [15, 6, 75, 24, 18],
    [0, 0, 7, 1, 1],
    [1, 1, 5, 5, 2],
    [10, 45, 108, 59, 18],
    [2, 1, 5, 2, 0],
    [7, 11, 55, 25, 10],
    [1, 0, 13, 5, 4],
    [0, 1, 5, 0, 0],
    [32, 63, 120, 68, 39],
    [29, 45, 176, 117, 32],
    [15, 85, 123, 40, 11],
    [10, 40, 65, 16, 13],
    [11, 0, 13, 19, 2],
    [32, 20, 70, 68, 13],
    [33, 44, 144, 115, 23],
    [14, 35, 103, 61, 26],
    [0, 14, 27, 9, 1],
    [5, 4, 29, 15, 6],
    [1, 0, 4, 1, 0],
    [0, 1, 6, 0, 1],
    [0, 3, 4, 1, 1],
    [32, 26, 91, 85, 23],
    [24, 34, 122, 80, 22],
    [2, 2, 11, 4, 1],
    [1, 1, 5, 3, 2],
    [24, 30, 129, 62, 20],
    [34, 56, 144, 74, 42],
    [23, 53, 162, 64, 40],
    [6, 12, 59, 26, 18],
    [6, 10, 31, 17, 8],
    [2, 5, 14, 6, 1],
    [0, 1, 6, 7, 1],
    [4, 3, 22, 13, 11],
    [14, 31, 156, 63, 40],
    [30, 75, 225, 78, 48],
    [75, 85, 250, 168, 48],
    [0, 12, 18, 5, 6],
    [5, 1, 10, 8, 1],
    [4, 6, 21, 10, 3],
    [2, 3, 12, 4, 1],
    [0, 4, 8, 1, 4],
    [1, 2, 7, 1, 1],
    [4, 2, 37, 20, 4],
    [3, 0, 8, 5, 1],
    [10, 21, 63, 18, 14],
    [10, 10, 39, 23, 11],
    [15, 31, 166, 48, 47],
    [15, 29, 146, 31, 41],
    [11, 24, 63, 36, 13],
    [10, 6, 61, 16, 13],
    [42, 286, 676, 137, 63],
    [220, 475, 1940, 668, 379],
    [163, 274, 1004, 426, 247],
    [1, 1, 15, 4, 0]
  ],
  "W": [
    [0, 0, 2, 2, 3, 0],
    [6, 22, 71, 186, 245, 26],
    [2, 2, 1, 11, 13, 0],
    [2, 1, 3, 6, 26, 1],
    [0, 0, 2, 7, 26, 1],
    [2, 5, 21, 47, 72, 3],
    [113, 157, 524, 995, 2400, 142],
    [0, 1, 7, 12, 15, 0],
    [11, 3, 54, 39, 123, 14],
    [6, 6, 50, 40, 94, 4],
    [9, 6, 52, 58, 224, 12],
    [38, 37, 131, 228, 498, 43],
    [0, 0, 4, 8, 22, 1],
    [18, 4, 78, 53, 163, 8],
    [5, 1, 8, 30, 89, 34],
    [9, 14, 47, 62, 139, 10],
    [9, 3, 54, 31, 89, 5],
    [0, 1, 0, 5, 5, 1],
    [5, 6, 10, 74, 112, 10],
    [0, 0, 1, 2, 12, 0],
    [5, 15, 22, 79, 94, 15],
    [7, 7, 9, 31, 44, 6],
    [87, 129, 298, 1235, 1947, 221],
    [2, 2, 3, 10, 16, 2],
    [2, 8, 13, 31, 128, 5],
    [1, 1, 1, 2, 14, 2],
    [14, 10, 19, 74, 118, 14],
    [2, 3, 13, 7, 25, 2],
    [12, 5, 70, 55, 160, 5],
    [2, 4, 21, 52, 43, 2],
    [2, 1, 11, 19, 23, 6],
    [2, 2, 17, 10, 19, 2],
    [26, 44, 116, 195, 1067, 123],
    [2, 1, 2, 1, 22, 0],
    [0, 1, 6, 20, 47, 1],
    [22, 21, 260, 107, 887, 47],
    [0, 0, 11, 3, 35, 1],
    [45, 126, 312, 872, 1484, 109],
    [0, 3, 12, 29, 50, 2],
    [2, 4, 10, 11, 45, 2],
    [1, 0, 2, 3, 12, 0],
    [2, 2, 15, 17, 36, 3],
    [4, 1, 5, 21, 37, 5],
    [1, 4, 11, 13, 32, 0],
    [13, 20, 46, 136, 272, 21],
    [0, 0, 0, 1, 6, 1],
    [7, 9, 29, 43, 146, 11],
    [47, 43, 157, 374, 796, 81],
    [2, 2, 14, 26, 45, 3],
    [46, 65, 150, 452, 958, 81],
    [1, 0, 3, 9, 24, 1],
    [7, 5, 21, 36, 102, 14],
    [8, 2, 37, 19, 121, 3],
    [54, 63, 292, 456, 1034, 60],
    [5, 0, 6, 20, 30, 0],
    [20, 15, 67, 143, 209, 15],
    [0, 3, 2, 6, 7, 3],
    [9, 15, 51, 116, 204, 17],
    [4, 0, 11, 35, 47, 3],
    [0, 2, 9, 18, 15, 0],
    [0, 1, 0, 1, 7, 0],
    [14, 16, 30, 97, 149, 22],
    [11, 2, 22, 21, 86, 14],
    [44, 47, 116, 274, 1245, 122],
    [1, 3, 21, 16, 129, 8],
    [15, 7, 65, 73, 226, 14],
    [0, 1, 0, 1, 3, 1],
    [9, 11, 33, 100, 79, 16],
    [5, 3, 14, 16, 53, 3],
    [1, 2, 7, 14, 13, 7],
    [2, 6, 3, 22, 33, 8],
    [8, 5, 14, 17, 59, 18],
    [14, 14, 52, 154, 184, 27],
    [10, 10, 37, 126, 152, 15],
    [3, 5, 19, 17, 44, 3],
    [1, 1, 2, 7, 6, 0],
    [1, 0, 7, 3, 14, 1],
    [2, 2, 11, 8, 27, 6],
    [1, 1, 1, 1, 6, 0],
    [1, 0, 6, 3, 3, 0],
    [10, 10, 50, 42, 92, 12],
    [6, 13, 72, 99, 145, 16],
    [0, 8, 14, 83, 47, 6],
    [9, 5, 53, 92, 122, 11],
    [0, 2, 2, 5, 23, 4],
    [9, 16, 32, 147, 139, 12],
    [0, 1, 2, 25, 18, 2],
    [13, 14, 21, 54, 104, 25],
    [10, 22, 20, 135, 151, 27],
    [17, 22, 31, 232, 203, 33],
    [0, 2, 1, 7, 6, 2],
    [7, 14, 62, 112, 228, 23],
    [12, 12, 36, 153, 151, 18],
    [0, 1, 0, 8, 4, 2],
    [9, 9, 7, 33, 68, 12],
    [0, 0, 2, 1, 6, 0],
    [1, 0, 1, 6, 5, 1],
    [9, 8, 33, 62, 118, 10],
    [0, 1, 2, 3, 2, 2],
    [2, 3, 12, 31, 52, 8],
    [0, 0, 0, 7, 14, 2],
    [0, 1, 1, 0, 4, 0],
    [14, 13, 61, 86, 127, 21],
    [18, 11, 42, 134, 173, 21],
    [11, 4, 64, 41, 146, 8],
    [5, 6, 34, 17, 70, 12],
    [0, 6, 5, 23, 9, 2],
    [4, 18, 25, 74, 74, 8],
    [10, 14, 49, 121, 144, 21],
    [9, 9, 23, 68, 111, 19],
    [2, 1, 17, 8, 22, 1],
    [4, 1, 9, 10, 28, 7],
    [0, 0, 0, 2, 4, 0],
    [0, 0, 1, 0, 5, 2],
    [0, 0, 2, 1, 5, 1],
    [15, 7, 27, 102, 98, 8],
    [8, 8, 34, 87, 131, 14],
    [0, 1, 2, 7, 9, 1],
    [2, 0, 1, 3, 4, 2],
    [7, 7, 26, 86, 127, 12],
    [15, 16, 46, 100, 154, 19],
    [20, 10, 40, 81, 174, 17],
    [3, 3, 10, 31, 61, 13],
    [4, 4, 12, 14, 34, 4],
    [0, 3, 4, 10, 10, 1],
    [2, 1, 2, 5, 2, 3],
    [4, 3, 6, 14, 20, 6],
    [11, 8, 38, 72, 147, 28],
    [24, 10, 87, 99, 218, 18],
    [28, 24, 83, 204, 260, 27],
    [3, 0, 9, 8, 18, 3],
    [0, 3, 3, 10, 8, 1],
    [1, 1, 3, 13, 21, 5],
    [2, 1, 2, 7, 9, 1],
    [2, 0, 2, 0, 11, 2],
    [0, 1, 1, 2, 7, 1],
    [2, 5, 3, 25, 30, 2],
    [1, 1, 0, 9, 5, 1],
    [6, 6, 24, 25, 57, 8],
    [1, 5, 4, 27, 47, 9],
    [7, 13, 20, 63, 175, 29],
    [13, 6, 16, 45, 154, 28],
    [11, 8, 25, 36, 63, 4],
    [5, 6, 7, 19, 59, 10],
    [45, 29, 296, 157, 634, 43],
    [138, 121, 578, 777, 1797, 271],
    [101, 112, 290, 517, 929, 165],
    [2, 1, 1, 6, 11, 0]
  ],
  "method": "mult",
  "cond_prob": [
    [
      [0.08347803866, 0, 0.87100947026, 0.045512491077, -0],
      [0.80046789086, 0, 0.10036409632, 0.099168012817, 0],
      [0.081101005197, 0, 0.9188989948, 0, 0],
      [0.4188989948, 0, 0.081101005197, 0.5, 0],
      [0, 0, 1, 0, 0],
      [0.00092443260787, 0, 0.98565432659, 0.0134212408, -0]
    ],
    [
      [0.011549715155, 0.031514135996, 0.23209050737, 0.030183286592, 0.69466235488],
      [0.27305028655, 0, 0.24385141049, 0.45154410959, 0.031554193363],
      [0.023599050572, 0.59912474322, 0.34378375574, 0.010049827875, 0.023442622598],
      [0.13594219614, 0, 0.063266929278, 0.78362234819, 0.01716852639],
      [0.012093119721, 0.041930850676, 0.91040891219, 0.020985131546, 0.014581985863],
      [0, 0, 0.30831718979, 0.010626080707, 0.6810567295]
    ],
    [
      [0.17810674732, 0.12283308545, 0.1828124587, 0.02772962686, 0.48851808166],
      [0.54091482708, 0.0064230932998, 0.13760864271, 0.30468447311, 0.010368963793],
      [0.016921653512, 0.90362227901, 0.074233703361, 0.0029964550104, 0.0022259091018],
      [0.31986779603, 0.022880383137, 0.019255049115, 0.63799677172, 0],
      [0.002037649338, 0.27586008838, 0.69793219643, 0.024170065854, 0],
      [0.00043763563827, 7.0644227147e-06, 0.27859265046, 0.010939894211, 0.71002275527]
    ],
    [
      [0.36826050685, 0.14438302462, 0.24628641995, 0.040417596867, 0.20065245172],
      [0.62328295523, 0.0033652111303, 0.10677582607, 0.26017848185, 0.0063975257167],
      [0.033072062458, 0.86422133373, 0.096685556925, 0.0060210468912, 0],
      [0.38223210469, 0.010796216231, 0.013581747632, 0.59338993145, 0],
      [0.0094619019226, 0.27110463616, 0.67852709888, 0.040906363041, 0],
      [0.0015777655824, 0.0017069008952, 0.38739960669, 0.017018155981, 0.59229757085]
    ],
    [
      [0.0068440829824, 0.0078589920837, 0.17825660224, 0.017343550549, 0.78969677214],
      [0.29679881935, 0.00032610833727, 0.27233465989, 0.40443486676, 0.026105545654],
      [0.029895960204, 0.37325270973, 0.55874755722, 0.010433380999, 0.027670391845],
      [0.13431543994, 0.036213511505, 0.10563635954, 0.71071733893, 0.013117350081],
      [0, 0, 0.9964689376, 0, 0.0035310623979],
      [0, 0, 0.23485799111, 0.0041118654935, 0.7610301434]
    ],
    [
      [0.03946885263, 0.060230134553, 0.24584776921, 0.026414994076, 0.62803824953],
      [0.58235023005, 0.0014755161127, 0.15729070469, 0.24340764747, 0.015475901678],
      [0.052860216802, 0.71382477603, 0.21621394251, 0.0075090152134, 0.0095920494522],
      [0.41025260461, 0.0043310707719, 0.030038884378, 0.54906960403, 0.0063078362043],
      [0.022422791948, 0.12052110166, 0.82973729431, 0.024107574037, 0.0032112380386],
      [0.00097771822408, 0.00025406927858, 0.34281512969, 0.010141911581, 0.64581117123]
    ],
    [
      [0.01549276404, 0.064451134671, 0.21525865035, 0.032488467565, 0.67230898337],
      [0.32867763744, 0.0029802408166, 0.20275448416, 0.43784659928, 0.027741038308],
      [0.020423096636, 0.76191994412, 0.19711337663, 0.0071170269688, 0.013426555644],
      [0.18082552603, 0.0089608755725, 0.034240476315, 0.76264543338, 0.013327688703],
      [0.0054138617193, 0.15538119168, 0.80670231993, 0.023875240645, 0.0086273860257],
      [0.00021520720841, 0.0012122677807, 0.29859906607, 0.012146346361, 0.68782711258]
    ],
    [
      [0.069258089026, 0.18982000764, 0.65165802142, 0.089263881916, -0],
      [0.46878659757, 0.0027315417891, 0.17351061328, 0.35497124736, 0],
      [0.028734660298, 0.7878860087, 0.17882240951, 0.0045569214951, 0],
      [0.26644310485, 0.016581703102, 0.022407690162, 0.69456750189, 0],
      [0.0088502348103, 0.15220573067, 0.82038934921, 0.018554685302, 0],
      [0.0010516439141, 1.1244362046e-05, 0.96348401931, 0.035453092414, -0]
    ],
    [
      [0.013681890102, 0.049327496553, 0.17654681923, 0.015942562402, 0.74450123171],
      [0.41496658061, 0.0022635443919, 0.21632809974, 0.32685413047, 0.039587644794],
      [0.010857389268, 0.7506474556, 0.21349910489, 0, 0.02499605024],
      [0.25687949863, 0.054838847554, 0.048842591241, 0.61046104522, 0.028978017354],
      [0, 0.13603125539, 0.83406149517, 0, 0.029907249433],
      [0, 0.0032203452992, 0.24183029004, 0.0025777613251, 0.75237160334]
    ],
    [
      [0.014295348121, 0.033279345107, 0.16682296408, 0.015723716655, 0.76987862604],
      [0.43504903168, 0.0011363527877, 0.211764463, 0.31054322995, 0.041506922589],
      [0.024115650152, 0.67598210739, 0.26720813478, 0, 0.032694107677],
      [0.27745378034, 0.0092542693455, 0.055623573898, 0.62553945287, 0.03212892355],
      [0, 0.091747124141, 0.87491190869, 0, 0.033340967166],
      [0, 0, 0.22535158136, 0.0052050514362, 0.7694433672]
    ],
    [
      [0.015576763414, 0.039205428685, 0.20350108294, 0.030056727055, 0.7116599979],
      [0.34910883896, 0.00082491025745, 0.20030247779, 0.41958272223, 0.030181050762],
      [0.029459669378, 0.67155602666, 0.2657653619, 0.011787621295, 0.021431320769],
      [0.19256333374, 0, 0.038790661724, 0.75125775796, 0.017388246581],
      [0.0092168746926, 0.083577179883, 0.85528644462, 0.035218895285, 0.016700605521],
      [0, 0, 0.27607121613, 0.011421192539, 0.71250759133]
    ],
    [
      [0.01503927325, 0.036875061757, 0.20267491108, 0.027019397456, 0.71839135646],
      [0.35380157399, 0.0003814398457, 0.21129339267, 0.40124439767, 0.033279195828],
      [0.029240397426, 0.66024626931, 0.27715445831, 0.0092709046828, 0.024087970277],
      [0.19975634734, 0, 0.045046880924, 0.73396812932, 0.021228642409],
      [0.0079576508463, 0.078498741164, 0.86776528945, 0.024377209766, 0.021401108777],
      [0, 0, 0.2733828097, 0.0099569237377, 0.71666026657]
    ],
    [
      [0.0058526257434, 0.037111246159, 0.15647001958, 0.015220858896, 0.78534524962],
      [0.28419082763, 0.0017852259353, 0.2765584959, 0.40768727518, 0.029778175345],
      [0.003116826915, 0.75896018215, 0.22722039761, 0, 0.010702593323],
      [0.12344158654, 0.15954398196, 0.078140671658, 0.62472177863, 0.014151981209],
      [0, 0.07667655856, 0.92054307223, 0, 0.0027803692123],
      [0, 0.00092312738976, 0.2140454473, 0.0022257709456, 0.78280565436]
    ],
    [
      [0.021032205908, 0.066314113575, 0.19680997406, 0.018905037974, 0.69693866848],
      [0.48515713317, 0.0028140686728, 0.19032014253, 0.292828152, 0.028880503626],
      [0.02091865485, 0.78254527356, 0.18400638989, 0, 0.012529681701],
      [0.3216818242, 0.027395661183, 0.039993191009, 0.59308798823, 0.017841335376],
      [0, 0.18579897631, 0.8038191848, 0, 0.010381838892],
      [0, 0.0024193952705, 0.27518440497, 0.0068416665299, 0.71555453323]
    ],
    [
      [0.00534240547, 0.025222828358, 0.29720700943, 0.046778668928, 0.62544908781],
      [0.11239721818, 0.00051659132587, 0.26667827897, 0.59620607827, 0.024201833254],
      [0.011244215651, 0.51257702794, 0.43956580484, 0.018148191481, 0.018464760089],
      [0.047899663025, 0, 0.052754050904, 0.89934628607, 0],
      [0.0023386294659, 0.008867130857, 0.94108206934, 0.04771217034, 0],
      [0.0037002681192, 0.05834054109, 0.39387748638, 0.023468920673, 0.52061278373]
    ],
    [
      [0.022203543792, 0.051441398647, 0.1786798644, 0.024076313706, 0.72359887946],
      [0.47418855875, 0.0029513294911, 0.16839384376, 0.32506107076, 0.029405197241],
      [0.036715024063, 0.74302904356, 0.19392678717, 0.0076811991343, 0.018647946075],
      [0.29701397856, 0.0077147585902, 0.026694535311, 0.64953855114, 0.019038176397],
      [0.014490739968, 0.14448400452, 0.79698529144, 0.02523816139, 0.018801802684],
      [0.0006842625967, 0.0011752091826, 0.2483791711, 0.0091947222906, 0.74056663483]
    ],
    [
      [0.017905692158, 0.045391326079, 0.17717729421, 0.015539116409, 0.74398657114],
      [0.48587086802, 0.0020192358127, 0.1965268518, 0.2805085902, 0.03507445416],
      [0.022144835908, 0.72775114337, 0.22529593317, 0, 0.024808087552],
      [0.32856177508, 0.017497429709, 0.047179194633, 0.58041533475, 0.026346265826],
      [0, 0.13189418939, 0.84241293081, 0, 0.025692879792],
      [0, 0.0011710878042, 0.24250750584, 0.0051493608749, 0.75117204548]
    ],
    [
      [0.072708327009, 0, 0.84054053039, 0.086751142597, 0],
      [0.4972365666, 0, 0.18798058421, 0.31478284919, 0],
      [0.10727230163, -0, 0.87118077011, 0.021546928265, 0],
      [0.28371711917, 0, 0.017351280359, 0.69893160047, 0],
      [0.016287293997, 0, 0.95151228679, 0.032200419215, 0],
      [0.0027413675796, 0, 0.96770158005, 0.029557052368, 0]
    ],
    [
      [0.019004111839, 0.031651143979, 0.19129576736, 0.021038102571, 0.73701087425],
      [0.45218166031, 0.00068250294646, 0.19786739263, 0.31666999139, 0.032598452724],
      [0.040781187683, 0.63821910655, 0.28808523587, 0.0071647696394, 0.025749700258],
      [0.28337578346, 0, 0.050403349582, 0.64154087744, 0.024679989515],
      [0.0072702645156, 0.075495162472, 0.88091022074, 0.012299728874, 0.024024623399],
      [0, 0, 0.25836718568, 0.0071547278088, 0.73447808651]
    ],
    [
      [0, 0, 0, 0, 1],
      [0.87324333817, 0.00072272488356, 0.075807365639, 0, 0.050226571312],
      [0.02142542202, 0.81814022205, 0.12041632674, 0, 0.040018029193],
      [0.48928728899, 0.35736682133, 0.056959660088, 0, 0.096386229594],
      [0, 0.12226051127, 0.81380536276, 0, 0.063934125968],
      [0, 0, 0, 0, 1]
    ],
    [
      [0.01222776977, 0.02642786776, 0.20860766404, 0.023975359142, 0.72876133929],
      [0.32193649894, 0, 0.24013770662, 0.4013011281, 0.036624666332],
      [0.028243576063, 0.58804922264, 0.34769174829, 0.0067859919791, 0.029229461026],
      [0.17171250336, 0, 0.068984170657, 0.73246731257, 0.026836013413],
      [0.009820927961, 0.041816784713, 0.91593571654, 0.007924994682, 0.024501576104],
      [0, 0, 0.2771980521, 0.0067631510631, 0.71603879684]
    ],
    [
      [0.021635769806, 0.047283191574, 0.15341500838, 0.029348206915, 0.74831782333],
      [0.45025778155, 0.0013063581438, 0.15100326317, 0.36608288128, 0.031349715854],
      [0.035215722645, 0.75381004098, 0.17836873986, 0.012257147541, 0.02034834897],
      [0.27034119832, 0.00055845553335, 0.0033435795052, 0.70431837156, 0.021438395081],
      [0.02242523667, 0.13313821275, 0.769475408, 0.050233410603, 0.024727731984],
      [0.0020860125696, 3.1550124312e-05, 0.21719742066, 0.012921411617, 0.76776360503]
    ],
    [
      [0.015297838684, 0.035085586146, 0.21123816504, 0.028435829371, 0.70994258076],
      [0.34663708277, 0.00044404513465, 0.21336731366, 0.40764050857, 0.031911049866],
      [0.030590769873, 0.63905114653, 0.2962297433, 0.010195028045, 0.023933312253],
      [0.19420283333, 0, 0.04484630359, 0.74143574296, 0.019515120125],
      [0.0097567312643, 0.070597344898, 0.87400257018, 0.027149919306, 0.018493434353],
      [0, 0, 0.28395132853, 0.010716305176, 0.70533236629]
    ],
    [
      [0.012360057427, 0.014502256119, 0.16525121407, 0.023714329314, 0.78417214307],
      [0.36575631375, 0, 0.19955747158, 0.39977578416, 0.034910430508],
      [0.036416162192, 0.57074589978, 0.34614124402, 0.0136148499, 0.033081844111],
      [0.18293361323, 0, 0.03991015384, 0.75158789676, 0.025568336168],
      [0.019073914921, 0.016172361777, 0.8997412479, 0.036073324066, 0.028939151341],
      [0, 0, 0.21849869596, 0.0095615353553, 0.77193976869]
    ],
    [
      [0.017896248167, 0.068087199992, 0.22101601202, 0.039830959314, 0.65316958051],
      [0.33542193711, 0.0019716168216, 0.17769217956, 0.46373518131, 0.021179085198],
      [0.022275669525, 0.76961798206, 0.18612570357, 0.0105031821, 0.011477462746],
      [0.17553151026, 0.0022235107761, 0.026395028361, 0.78587707659, 0.0099728740081],
      [0.012088400873, 0.1466611428, 0.78401363449, 0.051817270602, 0.0054195512358],
      [0.00049123462007, 0.00029275732787, 0.30896105976, 0.015823050437, 0.67443189785]
    ],
    [
      [0.015565798907, 0.076385650471, 0.17016986776, 0.021881182275, 0.71599750059],
      [0.50157590737, 0.0039100810251, 0.14644217581, 0.33042474847, 0.017647087324],
      [0.014170231993, 0.86912477921, 0.10823633629, 0.0028629857262, 0.0056056667831],
      [0.22461713609, 0.012293713111, 0.030988426659, 0.73210072414, 0],
      [0, 0.20043183555, 0.78772420371, 0.011843960747, 0],
      [0.0097268947756, 0.10997318272, 0.24251795746, 0.0074070923949, 0.63037487265]
    ],
    [
      [0.016825790977, 0.042949802707, 0.24629399609, 0.029031569081, 0.66489884114],
      [0.35722976592, 0.00086669527697, 0.22481680829, 0.39169136741, 0.025395363105],
      [0.027919929722, 0.66222044623, 0.28645399765, 0.0072857633865, 0.016119863015],
      [0.20487798457, 0, 0.060714867702, 0.72575432112, 0.0086528266073],
      [0.004243150373, 0.083117350263, 0.89615514543, 0.014339391937, 0.0021449619941],
      [0, 0, 0.33013447467, 0.010024774513, 0.65984075082]
    ],
    [
      [0.0040852234868, 0.081636858334, 0.10618888639, 0.024528903797, 0.78356012799],
      [0.16856439642, 0.018499080038, 0.1611047036, 0.60931440156, 0.042517418387],
      [0, 0.93451524111, 0.055480785654, 0, 0.010003973233],
      [0.068281407789, 0.040733963674, 0.0010438586967, 0.87249107884, 0.017449691003],
      [0.00032666036997, 0.37306640385, 0.61061445894, 0, 0.015992476838],
      [0, 0.010366533382, 0.15519470925, 0.0077807179372, 0.82665803944]
    ],
    [
      [0.0064380524429, 0.05469093862, 0.1029475029, 0.011412058751, 0.82451144729],
      [0.3168675933, 0.0051710895477, 0.20305891042, 0.40668510042, 0.068217306306],
      [0, 0.84852014912, 0.11580956789, 0, 0.035670282998],
      [0.16978918917, 0.12618628366, 0.02262564304, 0.63290811904, 0.048490765091],
      [0, 0.24355020094, 0.69788518517, 0, 0.058564613893],
      [0, 0.0026330199053, 0.14732513335, 0.003936649101, 0.84610519764]
    ],
    [
      [0.19037669757, 0.12119238967, 0.24478051995, 0.050112185734, 0.39353820708],
      [0.48025611121, 0.0046632265996, 0.12928810761, 0.38579255458, 0],
      [0.033846793001, 0.84629126438, 0.10320277675, 0.016659165864, 0],
      [0.23551115986, 0.038031471408, 0, 0.72645736873, 0],
      [0.063691047948, 0.23223980783, 0.65316119617, 0.050907948058, 0],
      [0.0010720662159, 0.0014487562622, 0.37004839132, 0.020968993285, 0.60646179292]
    ],
    [
      [0.014190821531, 0.033069645331, 0.20298708517, 0.039866185511, 0.70988626246],
      [0.30124304546, 0, 0.18928145177, 0.48358096436, 0.025894538409],
      [0.030373826094, 0.64976655271, 0.26890783609, 0.036094977136, 0.014856807971],
      [0.13472441816, 0, 0.017591946613, 0.84381081869, 0.0038728165299],
      [0.033760838232, 0.034192549108, 0.84811832686, 0.080422528869, 0.0035057569355],
      [0, 0, 0.26763161294, 0.026253032828, 0.70611535423]
    ],
    [
      [0.0068580840649, 0.040800890257, 0.10740099711, 0.026482365852, 0.81845766271],
      [0.24408661473, 0.0036028677302, 0.16051831446, 0.54665066711, 0.045141535966],
      [0.016149742801, 0.80129329508, 0.12519985232, 0.022935506409, 0.034421603386],
      [0.11010112077, 0.010605464018, 0.0014887128411, 0.85032342641, 0.027481275963],
      [0.0064159896951, 0.16731918085, 0.73783799824, 0.049409417559, 0.039017413655],
      [0.00032498143088, 0.0020436956332, 0.15097739622, 0.010908563715, 0.83574536301]
    ],
    [
      [0.01276680218, 0.029712521026, 0.23024381727, 0.025795076446, 0.70148178308],
      [0.3139308196, 0.00046040358262, 0.249213309, 0.40282454711, 0.033570920703],
      [0.027402180671, 0.58702371195, 0.35196584089, 0.0082166574707, 0.025391609011],
      [0.18036161825, 0, 0.056146568848, 0.7432140392, 0.020277773698],
      [0.00047416922542, 0.05446341716, 0.92186045527, 0.0072725797412, 0.015929378609],
      [0, 0, 0.30606951966, 0.0078482556511, 0.68608222469]
    ],
    [
      [0.0070662660452, 0.020927945867, 0.15822956395, 0.010466287354, 0.80330993678],
      [0.59315475275, 0, 0.16625244414, 0.21653841774, 0.024054385359],
      [0.044379543828, 0.56930499329, 0.35375137364, 0.0053592741361, 0.027204815102],
      [0.3039536275, 0, 0.04159689862, 0.63720431375, 0.017245160131],
      [0, 0.037251550986, 0.944008581, 0.0052093702513, 0.013530497761],
      [0.00018653294441, 8.6174195528e-07, 0.20670782479, 0.0039591892318, 0.78914559129]
    ],
    [
      [0.006836479688, 0.025320237706, 0.076056132666, 0.012500654153, 0.87928649579],
      [0.36635970752, 0.0017303669362, 0.1680730291, 0.40540409644, 0.0584328],
      [0.021996363979, 0.77449096881, 0.16324424742, 0.0081982794494, 0.032070140342],
      [0.20040672113, 0.0043683981262, 0.018786269056, 0.73894516976, 0.037493441923],
      [0.010496742382, 0.15454807248, 0.75261873564, 0.037481336165, 0.044855113337],
      [0.00018079394903, 0.00019645116228, 0.10365553033, 0.0048800319124, 0.89108719265]
    ],
    [
      [0.019854312533, 0.067360310232, 0.19895912416, 0.028258496112, 0.68556775697],
      [0.41345953616, 0.0026150215149, 0.18307278866, 0.37313345044, 0.027719203226],
      [0.025681140441, 0.78480571202, 0.17101292897, 0.0053703397833, 0.013129878786],
      [0.24372588842, 0.005318778848, 0.034439085182, 0.70005011467, 0.016466132877],
      [0.0080157812927, 0.18911578261, 0.77176072005, 0.020003888885, 0.011103827166],
      [0.00031468686505, 0.0021034911509, 0.27826102939, 0.010583203654, 0.70873758894]
    ],
    [
      [0.0053693873164, 0.016607198188, 0.076502364628, 0.010338013647, 0.89118303622],
      [0.39385858852, 0.001028716532, 0.17328463048, 0.38029816582, 0.051529898658],
      [0.023766980536, 0.69480843899, 0.23381080706, 0.006567620742, 0.041046152678],
      [0.18143969811, 0, 0.03314821835, 0.75509805827, 0.030314025275],
      [0.0055498319935, 0.095917347747, 0.83500295003, 0.01882289849, 0.044706971737],
      [0, 0, 0.10353321619, 0.0036605499033, 0.89280623391]
    ],
    [
      [0.018725186272, 0.054851784677, 0.20359889773, 0.033190639692, 0.68963349162],
      [0.37321715574, 0.0016767561854, 0.1806154087, 0.41748795102, 0.027002728355],
      [0.028952814774, 0.73522785171, 0.20683325972, 0.012791566826, 0.016194506968],
      [0.21323203627, 0.0027063158957, 0.019578505567, 0.75116833671, 0.013314805562],
      [0.014200903414, 0.12772087491, 0.79774323299, 0.04810768062, 0.012227308068],
      [0.00079128893006, 0.00029011785215, 0.28096437125, 0.013774154931, 0.70418006704]
    ],
    [
      [0.032609108669, 0.063991615128, 0.34135852112, 0.062236596332, 0.49980415875],
      [0.38647755894, 0, 0.16493251712, 0.44858992395, 0],
      [0.046261935396, 0.67149281911, 0.25418138074, 0.028063864752, 0],
      [0.1958847358, 0, 0, 0.8041152642, 0],
      [0.031817311457, 0.058841723413, 0.8104106088, 0.098930356326, 0],
      [0.0069505937592, 0, 0.46724771979, 0.025801686449, 0.5]
    ],
    [
      [0.0062606100609, 0.030125556707, 0.21278315916, 0.021435064074, 0.72939561],
      [0.21756369631, 0, 0.2894741174, 0.45648487035, 0.036477315941],
      [0.012591838406, 0.63276764058, 0.33259802061, 0.00062226471656, 0.021420235686],
      [0.090118691872, 0.083993947999, 0.068538594748, 0.73757895764, 0.019769807746],
      [0, 0.037514201174, 0.95053634779, 0, 0.011949451034],
      [0, 0, 0.28124840653, 0.0057996046459, 0.71295198882]
    ],
    [
      [0.0092058473043, 0.011245151357, 0.080263729081, 0.015770467058, 0.8835148052],
      [0.52131789503, 0.00054293608856, 0.1239928189, 0.33515632308, 0.018990026893],
      [0.038233064056, 0.68194988846, 0.24665101328, 0.015037302805, 0.0181287314],
      [0.22045981288, 0, 0.022950994197, 0.74816478843, 0.0084244044909],
      [0.021079048829, 0.052071255977, 0.86313177181, 0.059138380169, 0.0045795432106],
      [0.00011199660845, 7.0364606262e-07, 0.10958868395, 0.0047060017406, 0.88559261405]
    ],
    [
      [0.013279382443, 0.016612518809, 0.22543216343, 0.018798988021, 0.7258769473],
      [0.38062977067, 0, 0.25587718108, 0.33180290488, 0.031690143376],
      [0.034058794956, 0.46445166416, 0.47213942836, 0, 0.029350112523],
      [0.21772351585, 0, 0.096688163544, 0.66441707774, 0.021171242863],
      [0, 0, 0.98393468943, 0, 0.016065310574],
      [0, 0, 0.29664742866, 0.0012352975142, 0.70211727382]
    ],
    [
      [0.016764241512, 0.031244883804, 0.25196451776, 0.030700928017, 0.66932542891],
      [0.35838592502, 0.00048230935787, 0.22147566637, 0.39599358791, 0.023662511341],
      [0.042897011889, 0.60640054564, 0.33472021636, 0.0099800369682, 0.0060021891428],
      [0.19931105424, 0, 0.060626970024, 0.74006197574, 0],
      [0.0046903135367, 0.049798254789, 0.92295621377, 0.022555217907, 0],
      [0.00019966193574, 0, 0.33490378019, 0.01109159241, 0.65380496546]
    ],
    [
      [0.01413430411, 0.060390624853, 0.08579527497, 0.019195450009, 0.82048434606],
      [0.46302905367, 0.01273989664, 0.1095116462, 0.38329179643, 0.031427607061],
      [0.024163935515, 0.89172979921, 0.063753011393, 0.0076123651404, 0.012740888736],
      [0.2400253583, 0.035041210696, 0, 0.70735218453, 0.017581246474],
      [0.023363016644, 0.33200269557, 0.58671484422, 0.036510092152, 0.02140935142],
      [0.00020500827378, 3.3244474976e-06, 0.12693814448, 0.0072999425943, 0.86555358021]
    ],
    [
      [0.015240664123, 0.057036804659, 0.26169135884, 0.033096142583, 0.6329350298],
      [0.311123281, 0.0018665419201, 0.23383926602, 0.42937993543, 0.023790975636],
      [0.020416022926, 0.70819309788, 0.25351727324, 0.0055347889774, 0.012338816975],
      [0.17197387053, 0.0036864237908, 0.057004912078, 0.75866311878, 0.0086716748221],
      [0.0009258172773, 0.11078663698, 0.87884747684, 0.0084989370827, 0.00094113182436],
      [0, 0.00042806213183, 0.3552500335, 0.01131695737, 0.633004947]
    ],
    [
      [0, 0, 0.011776570202, 0, 0.9882234298],
      [0, 0, 0.6260254432, 0, 0.3739745568],
      [0, -0, 0.76059504357, 0, 0.23940495643],
      [0, 0, 0.3324791286, 0, 0.6675208714],
      [0, 0, 0.77792014523, 0, 0.22207985477],
      [0, 0, 0, 0, 1]
    ],
    [
      [0.010404724842, 0.023883864879, 0.19973113338, 0.020469925102, 0.7455103518],
      [0.31387667539, 0, 0.25333863161, 0.39177027578, 0.041014417222],
      [0.0258936895, 0.57593853585, 0.36074282115, 0.0049075855595, 0.03251736794],
      [0.17096185702, 0.013730083601, 0.063481038192, 0.7242357703, 0.027591250881],
      [0, 0.037946587749, 0.93293925046, 0, 0.029114161792],
      [0, 0, 0.26558885084, 0.0042109034652, 0.7302002457]
    ],
    [
      [0.015228764622, 0.053665600441, 0.21684379659, 0.02894677699, 0.68531506136],
      [0.34099668442, 0.001963264314, 0.21393014199, 0.41345196643, 0.029657942845],
      [0.022697914319, 0.72550760119, 0.22950252578, 0.0061314225385, 0.016160536179],
      [0.19281339531, 0.0050140171552, 0.045055288493, 0.74201942425, 0.015097874796],
      [0.0036981119749, 0.12504139703, 0.84506851703, 0.015780325382, 0.010411648585],
      [2.3593917307e-05, 0.00099269846638, 0.29694112909, 0.010148517454, 0.69189406107]
    ],
    [
      [0.0096701663203, 0.030757841918, 0.096350764665, 0.011024253626, 0.85219697347],
      [0.43635179184, 0.0023667776382, 0.177436827, 0.32181278264, 0.062031820882],
      [0.02176583581, 0.75855370124, 0.1746915582, 0, 0.044988904747],
      [0.26166286086, 0.023279315108, 0.02558629922, 0.62796973128, 0.061501793534],
      [0, 0.14899616644, 0.7765486448, 0, 0.074455188754],
      [0, 0.0013030869273, 0.13227006866, 0.0023709714084, 0.864055873]
    ],
    [
      [0.013943663503, 0.036085422128, 0.20346783379, 0.028234634854, 0.71826844572],
      [0.32986193546, 0.00052267750453, 0.2140746989, 0.42191659448, 0.033624093653],
      [0.027705059736, 0.65448613713, 0.28354184224, 0.010036605927, 0.024230354966],
      [0.18241715492, 0, 0.043181519006, 0.75369255915, 0.020708766924],
      [0.0076297000936, 0.07738327346, 0.86687468897, 0.027399645642, 0.020712691832],
      [0, 0, 0.27420184265, 0.010533827228, 0.71526433012]
    ],
    [
      [0.0034692857326, 0.01539548817, 0.13582598417, 0.0072916458907, 0.83801759604],
      [0.25828376766, 0.0010093168315, 0.31082970426, 0.37114793669, 0.058729274561],
      [0.010030011633, 0.60456217545, 0.34953447308, 0, 0.035873339828],
      [0.10738229771, 0.13010199839, 0.16579508166, 0.55474537268, 0.041975249565],
      [0, 0, 0.96435278097, 0, 0.035647219033],
      [0, 0, 0.1789481184, 0, 0.8210518816]
    ],
    [
      [0.018767983229, 0.046533347988, 0.14176686949, 0.021642033185, 0.77128976611],
      [0.46865227717, 0.0019194844946, 0.15663078908, 0.33557726596, 0.037220183296],
      [0.033974166127, 0.75934365944, 0.17226032732, 0.0078487366707, 0.026573110442],
      [0.28543194266, 0.0043740328619, 0.01863648551, 0.66103593825, 0.030521600714],
      [0.014924227686, 0.15234936903, 0.75685657875, 0.030234297351, 0.045635527189],
      [0.0010060059294, 0.0015251049846, 0.19548047026, 0.008900275786, 0.79308814304]
    ],
    [
      [0.020379379104, 0.079355081678, 0.2175533274, 0.031164446231, 0.65154776559],
      [0.40572769437, 0.0025453605688, 0.18377469103, 0.38524817705, 0.022704076976],
      [0.022896492475, 0.80094868884, 0.16380654024, 0.0044026580424, 0.0079456204009],
      [0.22915165214, 0.0080738764667, 0.032710593016, 0.71816455314, 0.011899325231],
      [0.0068064319593, 0.20304121525, 0.77093760431, 0.017657622749, 0.0015571257392],
      [0.00029323300667, 0.0011921468985, 0.30874354051, 0.011863622035, 0.67790745755]
    ],
    [
      [0.017807347076, 0.058997626308, 0.21028060817, 0.033528013149, 0.6793864053],
      [0.35749036931, 0.0022762285139, 0.18910059291, 0.42440493753, 0.026727871733],
      [0.025838056302, 0.74631851142, 0.20254234357, 0.011072672767, 0.014228415935],
      [0.20049814223, 0.0064807914965, 0.027531337622, 0.75256851124, 0.012921217404],
      [0.010170777577, 0.14095025323, 0.80226447042, 0.03700984429, 0.0096046544899],
      [0.00046767796159, 0.00079862816949, 0.29155655192, 0.012988927569, 0.69418821438]
    ],
    [
      [0.0084924347499, 0.02837036197, 0.12916241013, 0.03044890147, 0.80352589168],
      [0.25816041812, 0.0011606039313, 0.18957136675, 0.5087200278, 0.042387583394],
      [0.019214089302, 0.7148535032, 0.21910321102, 0.016718754958, 0.030110441517],
      [0.11965262123, 0, 0.006384800003, 0.84249693152, 0.031465647254],
      [0.014973362197, 0.085634239031, 0.79706242277, 0.063250144419, 0.03907983158],
      [0.00010715052377, 1.6717672846e-06, 0.18539702742, 0.0091706742507, 0.80532347604]
    ],
    [
      [0.019214650638, 0.055969127756, 0.24050628953, 0.025709924431, 0.65860000765],
      [0.40360069994, 0.002301938494, 0.21614760404, 0.35266988726, 0.025279870265],
      [0.026245281031, 0.71515044105, 0.24511442833, 0.00073004978793, 0.012759799804],
      [0.24282142969, 0.0095194126485, 0.06012512827, 0.67685142504, 0.010682604353],
      [0.00038180963108, 0.12228677824, 0.8709122685, 0.001076271315, 0.0053428723166],
      [0, 0.00078641047737, 0.32709573276, 0.0088096921208, 0.66330816464]
    ],
    [
      [0.047376876331, 0.092531207571, 0.25978583946, 0.034691430219, 0.56561464642],
      [0.61768276424, 0.0085075851468, 0.10102839316, 0.27278125745, 0],
      [0.033784431174, 0.8381278509, 0.11415703358, 0.013930684345, 0],
      [0.37050448328, 0.015032415972, 0, 0.61446310075, 0],
      [0.0075224180566, 0.16944672695, 0.76848510132, 0.054545753674, 0],
      [0.26789967296, 0.007299986096, 0.36306834804, 0.028398659576, 0.33333333333]
    ],
    [
      [0.01690953162, 0.036460674271, 0.23794196905, 0.027217932475, 0.68146989259],
      [0.36850359738, 0.00015341218493, 0.22740412634, 0.37608091189, 0.027857952213],
      [0.030938475136, 0.62626243033, 0.31655080456, 0.0064190878474, 0.019829202127],
      [0.21155486403, 0, 0.063273106127, 0.70991985017, 0.015252179668],
      [0.0058923225237, 0.062402788244, 0.90958276949, 0.011172385216, 0.010949734531],
      [0, 0, 0.31816494502, 0.0092107203209, 0.67262433466]
    ],
    [
      [0.0062670753284, 0.026232094363, 0.21606559125, 0.039428659916, 0.71200657914],
      [0.15533880876, 0.00084479670483, 0.23701406775, 0.57562411944, 0.031178207343],
      [0.014237063035, 0.59987339249, 0.34083277012, 0.022312943963, 0.022743830392],
      [0.056628892587, 0, 0.033180739653, 0.89958097282, 0.01060939494],
      [0.017793888612, 0.027584346919, 0.88011967162, 0.065223203705, 0.0092788891394],
      [0, 0, 0.28654223648, 0.0153394513, 0.69811831222]
    ],
    [
      [0.075696953183, 0.13042837113, 0.71177897659, 0.082095699104, 0],
      [0.48844388669, 0, 0.19045583923, 0.32110027407, 0],
      [0.042477726366, 0.67823211957, 0.26977606555, 0.0095140885156, 0],
      [0.28980260297, 0, 0.047657005913, 0.66254039112, 0],
      [0.028291055723, 0.059727394925, 0.88888517501, 0.023096374341, 0],
      [0.0010603824014, 7.1242158913e-06, 0.96888569251, 0.03004680087, 0]
    ],
    [
      [0, 0.20795624428, 0.65250163411, 0.13954212161, -0],
      [0, 0.0013769470913, 0.18788925085, 0.81073380206, 0],
      [0, 0.98938384347, 0.010102873389, 0.00051328313609, 0],
      [0, 3.8449589225e-05, 0.016041212634, 0.98392033778, 0],
      [0, 0.14265494333, 0.82800993379, 0.029335122881, 0],
      [0, 1.1338997799e-05, 0.94665194895, 0.053336712047, -0]
    ],
    [
      [0.022133991151, 0.042525654703, 0.25411683404, 0.039239780518, 0.64198373959],
      [0.37551193246, 0, 0.19641999834, 0.40863551283, 0.019432556367],
      [0.049707353491, 0.64643870248, 0.28802513508, 0.015828808945, 0],
      [0.21210907455, 0, 0.034525347962, 0.75336557749, 0],
      [0.015934548589, 0.066411004394, 0.86413294831, 0.05352149871, 0],
      [0.010994755867, 0.0052836411371, 0.34336919306, 0.017565739758, 0.62278667018]
    ],
    [
      [0.012046549524, 0.053413379363, 0.194366453, 0.026783474482, 0.71339014363],
      [0.31523596357, 0.0018939433743, 0.21161318417, 0.43794846267, 0.033308446221],
      [0.018710538479, 0.7465761745, 0.21200614679, 0.0055119188276, 0.017195221404],
      [0.16780131627, 0.0042642401496, 0.039797413395, 0.77000474986, 0.018132280323],
      [0.003506471394, 0.13790132478, 0.82795629028, 0.016404623435, 0.014231290108],
      [0, 0.0024947233428, 0.26675862671, 0.0090946627586, 0.72165198719]
    ],
    [
      [0.013435080114, 0.033153970279, 0.21607137455, 0.023573739891, 0.71376583517],
      [0.34124570324, 0.00080874199795, 0.24006312731, 0.3826222473, 0.03526018015],
      [0.027718839474, 0.62521062879, 0.31503080335, 0.0070353698367, 0.025004358546],
      [0.20128138724, 0, 0.055599579216, 0.72075130385, 0.022367729691],
      [3.070634522e-06, 0.070665687947, 0.90535493783, 0.0038590941425, 0.020117209442],
      [0, 0, 0.28905850032, 0.0071555529282, 0.70378594675]
    ],
    [
      [0.0087406501003, 0.026581400132, 0.17442048879, 0.02055713115, 0.76970032983],
      [0.29167903679, 0.00069292622569, 0.2432811195, 0.41978148771, 0.044565429776],
      [0.021783462117, 0.62500445551, 0.31407043551, 0.0071777277995, 0.031963919069],
      [0.15821331102, 0, 0.050578963349, 0.76415115308, 0.027056572549],
      [0.00098726014525, 0.060823614384, 0.89786229696, 0.0099897019678, 0.030337126538],
      [0, 0, 0.23334466062, 0.0067845148497, 0.75987082453]
    ],
    [
      [0.025810095533, 0.070809200275, 0.25412126452, 0.026085376209, 0.62317406346],
      [0.47093718991, 0.0024141270982, 0.19962486897, 0.30616316557, 0.020860648446],
      [0.02913092063, 0.74979680742, 0.21250521202, 0.00073377321546, 0.0078332867164],
      [0.3071613479, 0.01395201007, 0.04821317944, 0.62960167279, 0.0010717898033],
      [0, 0.15548491063, 0.84306053298, 0.0014545563865, 0],
      [0, 0.0018631489672, 0.35190897255, 0.0091592915741, 0.63706858691]
    ],
    [
      [0.0081005581761, 0, 0.031230570155, 0, 0.96066887167],
      [0.93167843998, 0, 0.060380781769, 0, 0.0079407782537],
      [0.25276867489, -0, 0.68039398585, 0, 0.066837339254],
      [0.94988235465, 0, 0.03330747302, 0, 0.016810172331],
      [0.037296354559, 0, 0.95562566267, 0, 0.0070779827669],
      [0.006550141698, 0, 0.039434757188, 0, 0.95401510111]
    ],
    [
