{
  "X": [
    [20, 32, 94, 704, 73],
    [31, 17, 131, 551, 49],
    [11, 15, 61, 457, 34],
    [36, 37, 218, 548, 62],
    [47, 17, 321, 559, 44],
    [10, 13, 79, 281, 34],
    [25, 35, 146, 654, 81],
    [19, 24, 144, 251, 38],
    [57, 24, 292, 473, 62],
    [44, 39, 640, 887, 85],
    [25, 16, 255, 425, 47],
    [15, 11, 108, 283, 32],
    [11, 14, 178, 205, 30],
    [75, 41, 519, 844, 97],
    [5, 12, 16, 44, 4],
    [0, 4, 10, 31, 4],
    [1, 4, 11, 21, 2],
    [30, 33, 158, 398, 31],
    [10, 13, 90, 185, 16],
    [38, 23, 195, 371, 37],
    [3, 12, 68, 146, 16],
    [10, 11, 52, 235, 36],
    [9, 19, 40, 167, 25],
    [15, 23, 53, 283, 28],
    [3, 14, 45, 200, 24],
    [11, 17, 142, 114, 27],
    [52, 158, 362, 1271, 122],
    [19, 50, 169, 522, 61],
    [15, 17, 104, 196, 20],
    [40, 57, 224, 563, 69],
    [19, 44, 128, 445, 51],
    [29, 64, 172, 493, 54],
    [2, 1, 80, 58, 12],
    [79, 61, 590, 1220, 134],
    [64, 43, 482, 761, 62],
    [6, 15, 118, 231, 26],
    [4, 6, 59, 114, 14],
    [10, 24, 154, 281, 31],
    [37, 198, 514, 1150, 124],
    [18, 67, 74, 298, 22],
    [16, 13, 128, 152, 19],
    [22, 16, 89, 286, 37],
    [20, 15, 62, 261, 26],
    [13, 20, 56, 246, 31],
    [11, 5, 111, 307, 49],
    [67, 72, 581, 1167, 101],
    [1, 8, 56, 192, 22],
    [92, 187, 558, 1309, 211],
    [8, 37, 59, 129, 7]
  ],
  "W": [
    [29, 656, 105, 50, 22, 61],
    [45, 480, 139, 37, 20, 58],
    [20, 420, 70, 20, 10, 38],
    [33, 494, 246, 44, 30, 54],
    [26, 469, 355, 51, 41, 46],
    [18, 248, 87, 25, 10, 29],
    [39, 621, 150, 44, 22, 65],
    [31, 240, 146, 25, 15, 19],
    [24, 431, 314, 42, 54, 43],
    [62, 717, 671, 76, 61, 108],
    [22, 365, 274, 45, 24, 38],
    [16, 239, 109, 22, 23, 40],
    [12, 183, 196, 18, 11, 18],
    [41, 736, 589, 61, 81, 68],
    [7, 47, 20, 4, 0, 3],
    [4, 27, 12, 4, 1, 1],
    [10, 10, 15, 2, 0, 2],
    [34, 362, 179, 21, 24, 30],
    [19, 150, 92, 14, 18, 21],
    [41, 316, 208, 23, 42, 34],
    [13, 137, 61, 16, 6, 12],
    [14, 214, 54, 16, 16, 30],
    [15, 158, 52, 15, 8, 12],
    [20, 261, 54, 26, 13, 28],
    [19, 174, 48, 22, 5, 18],
    [17, 99, 148, 22, 10, 15],
    [166, 1129, 392, 118, 49, 111],
    [40, 479, 169, 44, 25, 64],
    [23, 170, 110, 23, 12, 14],
    [65, 485, 267, 44, 38, 54],
    [50, 400, 145, 33, 12, 47],
    [84, 405, 213, 53, 19, 38],
    [3, 43, 87, 7, 8, 5],
    [66, 1113, 673, 94, 49, 89],
    [48, 680, 516, 48, 56, 64],
    [20, 212, 123, 14, 13, 14],
    [16, 92, 66, 7, 2, 14],
    [20, 263, 152, 22, 14, 29],
    [238, 984, 565, 87, 50, 99],
    [67, 268, 90, 17, 20, 17],
    [16, 134, 130, 20, 17, 11],
    [18, 238, 99, 24, 28, 43],
    [19, 238, 67, 24, 11, 25],
    [16, 229, 53, 25, 9, 34],
    [7, 294, 116, 23, 6, 37],
    [104, 1010, 591, 91, 76, 116],
    [12, 176, 60, 12, 4, 15],
    [166, 1273, 639, 97, 70, 112],
    [37, 107, 66, 5, 14, 11]
  ],
  "method": "mvn_cdf",
  "mvncdf_method": "genz",
  "mvncdf_samples": 5000,
  "mvncdf_error": 0.001,
  "cond_prob": [
    [
      [0.00040965303114, 0.622707789, 0.0050253996148, 0.36515065277, 0.0067065055885],
      [0.0098164912472, 0.019791139607, 0.0088500133769, 0.87788957031, 0.083652785461],
      [0.04342869032, 0.0022600988146, 0.75476977176, 0.16784189329, 0.031699545815],
      [0.013067192703, 0.011649346503, 0.047847510628, 0.77531526981, 0.15212068036],
      [0.36740054947, 0.0020119345878, 0.23964776094, 0.36670105217, 0.02423870283],
      [0.0041363540455, 0.0015482995896, 0.018577087366, 0.86981127073, 0.10592698827]
    ],
    [
      [0.0065128370491, 0.37463451823, 0.013695055344, 0.5955075952, 0.0096499941835],
      [0.021206560924, 0, 0.017712630766, 0.88715134493, 0.073929463382],
      [0.061962429502, 0, 0.8084403267, 0.11129042634, 0.018306817457],
      [0.028802984658, 0.0037362650483, 0.077215215684, 0.758789417, 0.13145611761],
      [0.51682428735, 0.00016024364973, 0.24345826682, 0.22634297114, 0.013214231037],
      [0.008841365671, 0, 0.030729758861, 0.86720819893, 0.093220676542]
    ],
    [
      [0.0005087052714, 0.51113717567, 0.0062724043694, 0.47558577892, 0.0064959357698],
      [0.0096188891995, 0.010724217785, 0.0090463484887, 0.90767762056, 0.062932923969],
      [0.042113711643, 0.0011309493032, 0.75761034425, 0.17462837697, 0.024516617832],
      [0.012733487055, 0.0075227561515, 0.047869315953, 0.81149555798, 0.12037888286],
      [0.35962547689, 0.001257739853, 0.23909177498, 0.3810208694, 0.019004138878],
      [0.00397389752, 0.00081279063749, 0.018264667919, 0.89472572489, 0.082222919032]
    ],
    [
      [0.00059434803618, 0.6906340043, 0.0062917890461, 0.29668938065, 0.0057904779752],
      [0.0169335634, 0.025983639486, 0.014772134446, 0.85591749265, 0.086393170015],
      [0.05193873613, 0.0022010295491, 0.80477894976, 0.11729437946, 0.023786905107],
      [0.021267674291, 0.015055125335, 0.069987540857, 0.73972832217, 0.15396133735],
      [0.45088655495, 0.0019682197572, 0.26423895867, 0.26435180779, 0.018554458836],
      [0.0069611627762, 0.0020413810287, 0.028012858274, 0.85283317246, 0.11015142546]
    ],
    [
      [0.0010601463863, 0.48483059655, 0.012237224434, 0.49508228814, 0.0067897444881],
      [0.019556231106, 0.0085570706588, 0.018641543071, 0.89147672626, 0.061768428899],
      [0.049429456852, 0, 0.82931561414, 0.10793154519, 0.013323383822],
      [0.024043643089, 0.0063975994328, 0.08443331827, 0.76987727142, 0.11524816779],
      [0.45536130198, 0.00058618029911, 0.2850548879, 0.24674409596, 0.012253533853],
      [0.0077623357345, 0.00067016059419, 0.033446865423, 0.87672453416, 0.081396104084]
    ],
    [
      [0.00058356015128, 0.5381842589, 0.0085032711868, 0.44339721463, 0.0093316951272],
      [0.011224381594, 0.012174968486, 0.013177404435, 0.86845964239, 0.094963603092],
      [0.036283397681, 0.00073965578459, 0.80795611658, 0.1271892801, 0.027831549858],
      [0.01374011932, 0.0076560142543, 0.064102977215, 0.74704808373, 0.16745280548],
      [0.35762406824, 0.0011714389198, 0.29508185248, 0.32183422838, 0.024288411973],
      [0.0044637937318, 0.0008905640175, 0.025288611082, 0.85106369232, 0.11829333885]
    ],
    [
      [0.00065976757265, 0.6010771386, 0.0088710904645, 0.38094374004, 0.008448263321],
      [0.014527776999, 0.017397008227, 0.016345795967, 0.85386453107, 0.097864887738],
      [0.040598844329, 0.0012917142528, 0.82372748992, 0.10939545999, 0.024986491513],
      [0.017507098667, 0.010066638927, 0.075129581308, 0.7245929495, 0.1727037316],
      [0.39620516457, 0.0013948967676, 0.30344100592, 0.27675950882, 0.022199423914],
      [0.0057825682626, 0.0013395770194, 0.030196322787, 0.8386646519, 0.12401688003]
    ],
    [
      [0.001065257285, 0.61914985405, 0.014467638295, 0.35580795753, 0.0095092928449],
      [0.022895819595, 0.018261990074, 0.028002775755, 0.81706518153, 0.11377423305],
      [0.041110012814, 0.000930809987, 0.87411512533, 0.066087554172, 0.0177564977],
      [0.026123268137, 0.0098331279733, 0.11817399745, 0.65416838348, 0.19170122296],
      [0.44303428668, 0.0010120121341, 0.35389587086, 0.18401083045, 0.018046999874],
      [0.0090169708878, 0.0013984351144, 0.049854775511, 0.79532393668, 0.14440588181]
    ],
    [
      [0.00094758143721, 0.62136515957, 0.010760540857, 0.35884717858, 0.0080795395567],
      [0.022727216551, 0.018855205571, 0.022164104939, 0.83854455334, 0.097708919601],
      [0.056962222138, 0.0012600417241, 0.83378487367, 0.087512001686, 0.020480860778],
      [0.030377221293, 0.010539194777, 0.092516004865, 0.69810121903, 0.16846636003],
      [0.51089444116, 0.0010983146745, 0.2750811317, 0.19689203212, 0.016034080352],
      [0.010035973116, 0.0014659138386, 0.038151491662, 0.82659943632, 0.12374718506]
    ],
    [
      [0.00046215466314, 0.50152550441, 0.014904209447, 0.4752881798, 0.0078199516788],
      [0.010304772186, 0.010124351882, 0.024638184826, 0.88031198351, 0.074620707599],
      [0.023743658887, 0, 0.87175804318, 0.089931322319, 0.014566975609],
      [0.014314748173, 0.0068338259238, 0.10269876784, 0.74413580372, 0.13201685435],
      [0.31282114803, 0.00080974325537, 0.39642515767, 0.27363067016, 0.016313280877],
      [0.0044520254486, 0.00071753072796, 0.041422893927, 0.85887714295, 0.094530406944]
    ],
    [
      [0.00077354968532, 0.52244203051, 0.012833223806, 0.45545584636, 0.008495349633],
      [0.014812008006, 0.011315272867, 0.02012351826, 0.86962605106, 0.084123149804],
      [0.034908732103, 0, 0.85221114415, 0.094339772833, 0.018540350911],
      [0.017831031409, 0.0071867415945, 0.092272377429, 0.73592193375, 0.14678791582],
      [0.37443424578, 0.00085908281282, 0.34609790782, 0.2610430861, 0.017565677495],
      [0.0058628441076, 0.00084682560583, 0.037055911621, 0.85094326055, 0.10529115811]
    ],
    [
      [0.00065553299907, 0.51639787625, 0.011896652616, 0.46196047252, 0.0090894656154],
      [0.012268793668, 0.010602464606, 0.018086932535, 0.86991512125, 0.089126687946],
      [0.031945372493, 5.7762962383e-05, 0.84673061545, 0.10037721978, 0.020889029316],
      [0.015220261218, 0.006912708867, 0.084899479883, 0.73847799295, 0.15448955708],
      [0.34963305129, 0.00082060055305, 0.34661143104, 0.28288518558, 0.02004973154],
      [0.0049704564332, 0.00065988421086, 0.033834703181, 0.85012315981, 0.11041179636]
    ],
    [
      [0.00031001534301, 0.70412920218, 0.0080991666779, 0.28060625575, 0.0068553600521],
      [0.010195766079, 0.026191054531, 0.020119750216, 0.83761149278, 0.1058819364],
      [0.026707192882, 0.0022290123132, 0.85624112563, 0.091556506433, 0.023266162739],
      [0.013667466723, 0.014498077263, 0.089717348223, 0.69856067203, 0.18355643576],
      [0.32445655968, 0.0020965767778, 0.37476009731, 0.27445201875, 0.024234747481],
      [0.0044893478352, 0.0020318025536, 0.036686763775, 0.82287123271, 0.13392085312]
    ],
    [
      [0.00067157106665, 0.61604152518, 0.0080428329569, 0.36805314589, 0.0071909249157],
      [0.015620185976, 0.018945864312, 0.015458152386, 0.86272833285, 0.087247464477],
      [0.046818909184, 0.0015405223765, 0.81182801544, 0.11617348089, 0.023639072117],
      [0.019476905063, 0.0109886584, 0.072140364637, 0.74215946102, 0.15523461088],
      [0.42320124738, 0.0014846832369, 0.2810736463, 0.27484459415, 0.019395828945],
      [0.006357043413, 0.0014736198494, 0.028806103065, 0.85266836105, 0.11069487262]
    ],
    [
      [0, 0.94575881915, 0.0044065085965, 0.048386155692, 0.0014485165571],
      [0.022470376355, 0.10613610422, 0.036394538491, 0.77206735624, 0.062931624695],
      [0.17561525541, 0, 0.69620602075, 0.11177723957, 0.016401484262],
      [0.08597615665, 0.089511880225, 0.062362555769, 0.65206117311, 0.11008823425],
      [0.86764876346, 0.0031872231363, 0.064623531904, 0.061020171738, 0.0035203097609],
      [0.029227525484, 0.011081282286, 0.028346830866, 0.84344722763, 0.087897133737]
    ],
    [
      [0, 0.77084129191, 0.0016720030553, 0.2210195585, 0.0064671465361],
      [0, 0.020179765094, 0.0026205682345, 0.87678118452, 0.10041848215],
      [0, 0.011908008822, 0.78722294785, 0.16178445679, 0.039084586537],
      [0, 0.017822594506, 0.038544534825, 0.78128097129, 0.16235189938],
      [0, 0.15478797471, 0.30675559261, 0.5035968272, 0.034859605473],
      [0, 0.002806716228, 0.014947539279, 0.87269559006, 0.10955015443]
    ],
    [
      [0.002206246222, 0.38282849228, 0, 0.59576103732, 0.019204224185],
      [0.0096325434806, 0.0091538198145, 0, 0.90718058783, 0.074033048875],
      [0.056832000275, 0.004599349433, 0.72761401461, 0.1673907388, 0.043563896887],
      [0.010270196618, 0.0045713718665, 0.032353247595, 0.82827664127, 0.12452854265],
      [0.39998096942, 0.00068290472658, 0.20065555196, 0.37909945858, 0.019581115306],
      [0.0042958528102, 0.0010219469349, 0.010541642849, 0.90158469201, 0.082555865398]
    ],
    [
      [0.0006318000567, 0.67924118022, 0.0065408080678, 0.30936734736, 0.0042188642976],
      [0.018929255503, 0.025152133837, 0.015578825063, 0.87777122723, 0.062568558366],
      [0.059241941761, 0.0021807302413, 0.80351997994, 0.11877886488, 0.016278483176],
      [0.025248964135, 0.01470214847, 0.072217326778, 0.76964319092, 0.1181883697],
      [0.48951010733, 0.0017543051304, 0.24719973334, 0.248806297, 0.012729557195],
      [0.0081116636013, 0.0019842756446, 0.028621466053, 0.87776836601, 0.083514228691]
    ],
    [
      [0.00040122339878, 0.55815798975, 0.010752394971, 0.42421117542, 0.0064772164514],
      [0.0097679498416, 0.014357664256, 0.018381055926, 0.8875626824, 0.069930647578],
      [0.0272629941, 0.00084971324378, 0.85378787068, 0.10202119314, 0.016078228834],
      [0.013422469801, 0.0084896440803, 0.086932916426, 0.76582667916, 0.12532829053],
      [0.31901514603, 0.0011832126526, 0.36406762762, 0.29923528512, 0.016498728583],
      [0.0042286483944, 0.0010962901414, 0.034275422707, 0.87199175704, 0.088407881716]
    ],
    [
      [0.0011208994463, 0.48728053217, 0.013050304076, 0.48973380348, 0.0088144608261],
      [0.020670116561, 0.0089682987619, 0.01933512251, 0.87028232456, 0.08074413761],
      [0.051328333882, 0, 0.83262497127, 0.097733765769, 0.018312929082],
      [0.025826056023, 0.0063227970575, 0.08758253118, 0.73895803884, 0.1413105769],
      [0.47298986583, 0.00046578799825, 0.28472995811, 0.22710186601, 0.014712522054],
      [0.0084240937815, 0.0006625983561, 0.035176127601, 0.85437538093, 0.10136179934]
    ],
    [
      [0, 0.6614316563, 0.016067028937, 0.31634624899, 0.0061550657748],
      [0.004919676693, 0.022648976374, 0.037534402039, 0.84988152247, 0.085015422427],
      [0.012159199048, 0.001314394815, 0.92124962854, 0.05390995956, 0.011366818037],
      [0.011041949788, 0.011808267235, 0.15389446415, 0.68356477058, 0.13969054825],
      [0.22753296301, 0.001414500896, 0.53640967958, 0.21951131581, 0.015131540705],
      [0.0035353480416, 0.0017401116676, 0.064326558315, 0.82592653565, 0.10447144633]
    ],
    [
      [0.00050576746516, 0.56263521758, 0.0076722668326, 0.41770576322, 0.0114809849],
      [0.010113699784, 0.013476423399, 0.012623018821, 0.84569413414, 0.11809272385],
      [0.035471438017, 0.0011233749168, 0.79554586317, 0.13121544011, 0.036643883778],
      [0.012408560952, 0.0079987034901, 0.057895908418, 0.7064719586, 0.21522486854],
      [0.34952438066, 0.0013072700517, 0.28805399631, 0.32794299032, 0.033171362654],
      [0.0040734260973, 0.00098648414212, 0.023219571654, 0.81791005532, 0.15381046279]
    ],
    [
      [0.0004415400335, 0.80382364307, 0.0020939129648, 0.18892299253, 0.0047179114013],
      [0.013433093473, 0.039632299506, 0.007075821313, 0.8300508944, 0.10980789131],
      [0.059362329801, 0.004641983471, 0.7043265173, 0.18316450601, 0.048504663418],
      [0.014987601983, 0.024585133411, 0.03683334625, 0.7199604591, 0.20363345926],
      [0.43743757207, 0.0041216440256, 0.18702466209, 0.33934355986, 0.032072561951],
      [0.0049826979046, 0.003134061502, 0.014744595651, 0.83161700992, 0.14552163502]
    ],
    [
      [0.00060136857207, 0.72646258702, 0.0053879132513, 0.26296776969, 0.0045803614638],
      [0.018707992898, 0.029844863019, 0.014325011067, 0.85983227015, 0.077289862867],
      [0.056420615869, 0.0024179038217, 0.80295572105, 0.11721462709, 0.020991132164],
      [0.023272583044, 0.017566956544, 0.068931171774, 0.75104767358, 0.13918161506],
      [0.48001615815, 0.0021575103033, 0.24867832199, 0.25332833069, 0.015819678866],
      [0.0076134289372, 0.0023529893227, 0.027456294911, 0.86336872938, 0.099208557451]
    ],
    [
      [0, 0.57892979631, 0.0073771828875, 0.40511918718, 0.0085738336178],
      [0.0024448290633, 0.015536010002, 0.0134971435, 0.87350119658, 0.095020820855],
      [0.02211083972, 0.0013864548906, 0.81422371386, 0.13341140505, 0.028867586478],
      [0.0079274337885, 0.0091218113468, 0.06101579335, 0.75512659837, 0.16680836315],
      [0.25956883532, 0.0016697402857, 0.33088908818, 0.37968445065, 0.028187885568],
      [0.0022795398045, 0.0011938746633, 0.02398885534, 0.85547624328, 0.11706148691]
    ],
    [
      [0.00067182763779, 0.76465702695, 0.010287634548, 0.21656623763, 0.0078172732292],
      [0.018320888089, 0.032666145206, 0.031654174845, 0.76094210845, 0.15641668341],
      [0.032545858783, 0.0022944648642, 0.88708087543, 0.062323958966, 0.015754841961],
      [0.019799435392, 0.016797775478, 0.11832198639, 0.58447694832, 0.26060385442],
      [0.38156512618, 0.00199158826, 0.40233175465, 0.18678017563, 0.027331355278],
      [0.0071190046002, 0.0025222948971, 0.051798406194, 0.73565764516, 0.20290264914]
    ],
    [
      [0.00041366749394, 0.72329794301, 0.0055130011919, 0.26632114885, 0.0044542394458],
      [0.012932141592, 0.030499082548, 0.014873962197, 0.86640922548, 0.075285588181],
      [0.040709256841, 0.0023958831875, 0.8127601915, 0.12290772785, 0.021226940627],
      [0.01646130378, 0.018347593348, 0.069936670762, 0.757864037, 0.13739039511],
      [0.38442741778, 0.002640234634, 0.29286121963, 0.30165913272, 0.018411995236],
      [0.005347183237, 0.0023919237942, 0.027814563096, 0.86689721203, 0.097549117841]
    ],
    [
      [0.00021999245244, 0.7735901636, 0.0059546108633, 0.21578360062, 0.0044516324573],
      [0.010452900442, 0.036583216535, 0.019569055046, 0.84424406443, 0.089150763548],
      [0.028689096193, 0.0017805396878, 0.8525923652, 0.096572808351, 0.020365190567],
      [0.014075529863, 0.022258777628, 0.088031971716, 0.71927766023, 0.15635606056],
      [0.32891513978, 0.0030815146085, 0.36524979506, 0.2820747072, 0.020678843357],
      [0.0045875300849, 0.0027452726204, 0.03586682574, 0.84304468393, 0.11375568762]
    ],
    [
      [0.0010414556538, 0.59767547948, 0.011457648482, 0.38303417075, 0.0067912456401],
      [0.02134827828, 0.016985072398, 0.0208588369, 0.86210400219, 0.078703810231],
      [0.046753567084, 0.0010212570157, 0.85131971872, 0.084964060063, 0.015941397113],
      [0.025425150899, 0.0096814898958, 0.098156163674, 0.72947385668, 0.13726333885],
      [0.45843456077, 0.0010451306209, 0.31100167931, 0.21581149816, 0.013707131146],
      [0.0084252595194, 0.0013176826849, 0.039692202581, 0.85134645799, 0.099218397229]
    ],
    [
      [0.00057190221747, 0.67403900056, 0.0052960208384, 0.31345495436, 0.0066381220253],
      [0.014889403171, 0.024178650107, 0.012296426242, 0.85493627548, 0.093699245004],
      [0.055232803687, 0.0024701060776, 0.76847753533, 0.14261342478, 0.031206130126],
      [0.018671908799, 0.014098651687, 0.055281595743, 0.7428153088, 0.16913253497],
      [0.44328026285, 0.0020689505292, 0.23387110967, 0.2979492707, 0.022830406246],
      [0.0060758010724, 0.0018951952779, 0.022018474169, 0.84995563092, 0.12005489856]
    ],
    [
      [0.00062974231298, 0.67115758435, 0.006109440499, 0.31566658596, 0.006436646871],
      [0.015172027949, 0.023909195907, 0.013315456341, 0.85768746006, 0.089915859743],
      [0.047776317488, 0.0021361329096, 0.79879691565, 0.12504834699, 0.026242286968],
      [0.018322027095, 0.013850781358, 0.064813793914, 0.74268243378, 0.16033096386],
      [0.42368716522, 0.0019553836952, 0.26604443671, 0.28741948201, 0.020893532363],
      [0.0060268679223, 0.0018758033731, 0.02577455809, 0.85217281416, 0.11414995646]
    ],
    [
      [0.00059204845311, 0.643388821, 0.005230353958, 0.34422123618, 0.00656754041],
      [0.014852171452, 0.021427870328, 0.01144835329, 0.86766968404, 0.084601920886],
      [0.060890358172, 0.0023816831523, 0.74880079084, 0.15716108599, 0.030766081845],
      [0.019162451222, 0.012654720949, 0.050077408664, 0.76448819202, 0.15361722714],
      [0.45876370274, 0.0018528713833, 0.21189239734, 0.3067285329, 0.020762495639],
      [0.0061413667013, 0.0016802177723, 0.019722119128, 0.86468859225, 0.10776770415]
    ],
    [
      [0.029224932603, 0.33333333333, 0.034397650544, 0.58330821189, 0.019735871633],
      [0.0034079041708, 0, 0.021413876955, 0.83013673532, 0.14504148356],
      [0, 0, 0.86070917958, 0.10768627512, 0.031604545305],
      [0.0089193598417, 0, 0.079671896356, 0.66379416269, 0.24761458111],
      [0.21177315432, 0, 0.42158261443, 0.32653605029, 0.040108180949],
      [0.0018329138741, 0, 0.032789505188, 0.7853284539, 0.18004912703]
    ],
    [
      [0.00078041185988, 0.59866634395, 0.008819723235, 0.38444774621, 0.0072857747487],
      [0.01753578474, 0.017530496159, 0.01650830783, 0.86375963943, 0.084665771836],
      [0.05127416788, 0.0012284272673, 0.81404751407, 0.11156708857, 0.021882802212],
      [0.022365669988, 0.010273904666, 0.075535965883, 0.74142740986, 0.1503970496],
      [0.4525022286, 0.0012806728725, 0.27342697424, 0.25533378107, 0.017456343218],
      [0.0072883959294, 0.0013634552193, 0.03024575453, 0.85361559159, 0.10748680273]
    ],
    [
      [0.00087694999198, 0.6073209292, 0.011534253235, 0.37486027183, 0.0054075957356],
      [0.020279912332, 0.018532034285, 0.023126024627, 0.87341525695, 0.064646771806],
      [0.045471551355, 0.0011183896626, 0.85347333567, 0.088383847573, 0.011552875741],
      [0.025313757733, 0.010668260729, 0.10124834842, 0.74411997719, 0.11864965592],
      [0.44563896739, 0.001163552116, 0.31873861423, 0.2226831553, 0.011775710971],
      [0.0083344214222, 0.0014451185141, 0.040923980807, 0.8639101762, 0.085386303057]
    ],
    [
      [0, 0.57433576774, 0.011173964826, 0.406293822, 0.0081964454378],
      [0.0022952504704, 0.015303325239, 0.021449456187, 0.87033210845, 0.090619859659],
      [0.016790943159, 0.00089816324049, 0.86332194599, 0.098060549793, 0.020928397813],
      [0.0094411086801, 0.0088672044351, 0.088914693702, 0.7363024927, 0.15647450048],
      [0.25202148007, 0.0013757429167, 0.40746061009, 0.31643853901, 0.022703627917],
      [0.0028332949428, 0.0011771497211, 0.035631642264, 0.84859521716, 0.11176269591]
    ],
    [
      [0.0013167223339, 0.37339709111, 0.014127369728, 0.59776284989, 0.013395966941],
      [0.014261904721, 0, 0.015043534196, 0.87078683169, 0.099907729395],
      [0.027704608209, 0, 0.8439364962, 0.10303526963, 0.025323625961],
      [0.013640677757, 0.0035323739608, 0.079852540894, 0.73345596225, 0.16951844514],
      [0.34068839647, 0.00045996228675, 0.34549970302, 0.29077496287, 0.022576975355],
      [0.0043908235194, 0, 0.031441499786, 0.84338117352, 0.12078650318]
    ],
    [
      [0.0001530529232, 0.74207083386, 0.009564407563, 0.24349275074, 0.0047189549165],
      [0.0091185956889, 0.032065294255, 0.029229169507, 0.84517503227, 0.08441190828],
      [0.020407077684, 0.0014702656059, 0.89307706637, 0.070613210947, 0.014432379398],
      [0.013803225169, 0.018093435436, 0.12109182775, 0.70245852033, 0.14455299131],
      [0.2902791242, 0.0022745744435, 0.44677748573, 0.24375698253, 0.016911833097],
      [0.0044584060329, 0.0024838255136, 0.050166247242, 0.83617993903, 0.10671158219]
    ],
    [
      [0, 0.7026255252, 0.0066020555238, 0.28520727576, 0.0055651435111],
      [0.0061629751268, 0.028187677976, 0.0171248227, 0.8629398474, 0.085584676792],
      [0.025987583113, 0.0022199120019, 0.83024471503, 0.11814859922, 0.02339919064],
      [0.011212812045, 0.016478871795, 0.073506309467, 0.74586717026, 0.15293483643],
      [0.2987121361, 0.0026661348708, 0.34364549261, 0.33202885334, 0.022947383076],
      [0.0034497632673, 0.0021942525525, 0.029417148534, 0.85597993417, 0.10895890147]
    ],
    [
      [0.00060921271138, 0.80288950205, 0.0022728962284, 0.19209716198, 0.0021312270285],
      [0.013853787845, 0.045213846802, 0.0085781671552, 0.87269114259, 0.059663055612],
      [0.057739136013, 0.0049843953169, 0.73724326555, 0.17594713512, 0.024086067995],
      [0.016832787244, 0.028858098085, 0.045288634628, 0.79236871427, 0.11665176577],
      [0.43357443116, 0.0043694202549, 0.20631906145, 0.33906996933, 0.016667117805],
      [0.0054234916751, 0.0036776922667, 0.017681484558, 0.89184436729, 0.081372964205]
    ],
    [
      [0.0010439881205, 0.62929359075, 0.014180617582, 0.34809927609, 0.0073825274557],
      [0.022472188171, 0.018956908983, 0.029117607466, 0.83769419663, 0.091759098755],
      [0.039274115587, 0.0011553422063, 0.88140343235, 0.062868639466, 0.015298470386],
      [0.025485211517, 0.010326883775, 0.12387116921, 0.68588039396, 0.15443634153],
      [0.42712319619, 0.0010754332138, 0.36731972233, 0.18996853054, 0.014513117725],
      [0.0086899439368, 0.0014602015721, 0.05154962257, 0.82358120052, 0.1147190314]
    ],
    [
      [0.000695453033, 0.61607467914, 0.0063832300579, 0.36863905772, 0.0082075800549],
      [0.015460142376, 0.018363307033, 0.01146657132, 0.85600981691, 0.098700162357],
      [0.053066259791, 0.0018347259229, 0.77804482298, 0.13576244234, 0.031291748959],
      [0.018561403635, 0.010519843815, 0.05737505007, 0.73740303572, 0.17614066676],
      [0.44088154971, 0.0015501800785, 0.24205328678, 0.29202705776, 0.023487925672],
      [0.0061453758469, 0.0014574311998, 0.022677376229, 0.84463368068, 0.12508613605]
    ],
    [
      [0.00082646567641, 0.57915739794, 0.0094405871566, 0.40345764858, 0.0071179006495],
      [0.024139573399, 0.015416598692, 0.019378492599, 0.86258259069, 0.078482744617],
      [0.090279637197, 0.0010713720678, 0.78450378027, 0.10514788391, 0.018997326557],
      [0.041483246239, 0.0090195609581, 0.0751362112, 0.736523792, 0.1378371896],
      [0.62465362035, 0.00077059093459, 0.18922446094, 0.17432888612, 0.011022441647],
      [0.012942210294, 0.0012052423509, 0.030482247538, 0.85602204458, 0.099348255235]
    ],
    [
      [0.00064326844645, 0.74912342761, 0.0071689187906, 0.23782798183, 0.0052364033182],
      [0.021956196152, 0.032115921734, 0.020709725369, 0.8308332559, 0.094384900847],
      [0.049864366621, 0.0018702934242, 0.84563794142, 0.083610319547, 0.019017078985],
      [0.026718102171, 0.01832120824, 0.094064607558, 0.69810370669, 0.16279237534],
      [0.48272645915, 0.0019417794147, 0.29512238976, 0.20416819423, 0.016041177439],
      [0.0090128431935, 0.0024955090865, 0.038713017581, 0.82977892172, 0.11999970842]
    ],
    [
      [0.00086016967687, 0.46987278506, 0.015112753357, 0.4997673628, 0.014386929113],
      [0.01519898003, 0.0053764868373, 0.020894371732, 0.8381865849, 0.12034357651],
      [0.032074969308, 0, 0.85460136731, 0.08923416029, 0.024089503093],
      [0.016667127419, 0.0051182945883, 0.091031770259, 0.67637158261, 0.21081122512],
      [0.36852766263, 0.00064409861891, 0.35641332744, 0.24844055607, 0.025974355236],
      [0.0056830361483, 0.00023291911358, 0.037440436454, 0.80206541002, 0.15457819826]
    ],
    [
      [0.00078681258034, 0.54711199386, 0.013952111791, 0.4315486776, 0.0066004041706],
      [0.015755761201, 0.013816938905, 0.024122253301, 0.87697929884, 0.069325747756],
      [0.033900533264, 0.00033126019022, 0.86748812636, 0.085586313628, 0.012693766555],
      [0.01942511706, 0.0083272799796, 0.10606994224, 0.7414906072, 0.12468705352],
      [0.3744691206, 0.00094110139713, 0.36683392469, 0.24404366044, 0.01371219287],
      [0.0063991267313, 0.001035891276, 0.042829989996, 0.86004630088, 0.089688691121]
    ],
    [
      [0, 0.50887593757, 0.0096752411237, 0.47183339907, 0.0096154222362],
      [0, 0.0060647264503, 0.017213765809, 0.88283876619, 0.093882741556],
      [0.001644583773, 0.012146716913, 0.83534550648, 0.12442962319, 0.026433569643],
      [0.0058946854005, 0.0067459128119, 0.068121263626, 0.75666127322, 0.16257686494],
      [0.20272747214, 0.0012483922841, 0.37818783805, 0.38968049724, 0.028155800291],
      [0.0013119240176, 0.00075662375185, 0.026889161295, 0.85692944692, 0.11411284402]
    ],
    [
      [0.00040819952847, 0.79210916528, 0.0045521359206, 0.19779164501, 0.005138854254],
      [0.017234811729, 0.040186228459, 0.016120136895, 0.80886010047, 0.11759872244],
      [0.054294221444, 0.0022740443686, 0.79655030698, 0.11539423522, 0.031487191984],
      [0.021398675001, 0.024018956079, 0.066891421472, 0.67370635678, 0.21398459067],
      [0.46304482987, 0.003110997945, 0.25891096487, 0.24860997707, 0.026323230248],
      [0.0072277364108, 0.003143632027, 0.027817228452, 0.80355846173, 0.15825294138]
    ],
    [
      [0.0003253695347, 0.82790037762, 0.0027206111478, 0.1690536417, 0],
      [0.0095141610192, 0.053666969359, 0.012007579173, 0.88033649586, 0.044474794586],
      [0.033838915893, 0.0050934377716, 0.80291770539, 0.14526135481, 0.012888586131],
      [0.012015496932, 0.03317163563, 0.059907883755, 0.80001242473, 0.09489255895],
      [0.33098437158, 0.0053985715905, 0.29035554788, 0.35958731805, 0.013674190904],
      [0.0038835420388, 0.0043377484742, 0.023403706474, 0.9024978369, 0.065877166111]
    ]
  ],
  "expected_outcome": [
    [
      [0.011879937903, 0.29307766721, 0.010174105428, 0.019613485194, 0.027563806043, 0.010504082723, 0.025730935333, 0.033022975836, 0.022741954493, 0.028653589114, 0.017018093077, 0.010488527985, 0.0037201841162, 0.027534413732, 0, 0, 0.02206246222, 0.021481201928, 0.0076232445767, 0.0459568773, 0, 0.0070807445122, 0.0066231005025, 0.012027371441, 0, 0.011421069842, 0.068668803995, 0.0087996980976, 0.023953480038, 0.037173644135, 0.031487115649, 0.049732070062, 0.08767479781, 0.051507182752, 0.042093599615, 0, 0.021067557342, 0.003061058464, 0, 0.040817251662, 0.016703809928, 0.012518154594, 0.015702847852, 0.010292295143, 0.0060211877381, 0.081828508356, 0, 0.067761121726, 0.012038672784],
      [18.0585258809, 16.8585533202, 10.2227435134, 22.7909221417, 12.6055955103, 9.6873166603, 23.4420084053, 19.1936454755, 14.9127638296, 31.0945812733, 11.4937246713, 8.2623660201, 8.4495504261, 25.2577025322, 6.6203117341, 3.0833651676, 3.8282849228, 23.0942001274, 10.6050018053, 19.9785018189, 8.5986115319, 7.8768930461, 12.0573546461, 14.5292517404, 10.9996661299, 12.9991694582, 120.0674585405, 30.9436065441, 13.746536028, 43.8125350361, 33.5578792177, 54.0446609636, 1, 39.5119787004, 29.1514046018, 11.4867153547, 5.9743534577, 14.8414166772, 167.2248749979, 53.7935966374, 10.0686974521, 11.0893442245, 11.0039905608, 11.9859748418, 3.2891094954, 56.8996473616, 6.1065112508, 131.4901214369, 30.632313972],
      [0.14573658883, 0.61627749047, 0.12544808739, 0.20762903852, 0.31816783529, 0.15305888136, 0.34597252811, 0.44849678715, 0.25825298057, 0.92406098569, 0.28233092374, 0.19034644186, 0.097190000135, 0.32975615123, 0.030845560176, 0.0066880122212, 0, 0.22238747431, 0.20429550444, 0.53506246712, 0.20887137619, 0.10741173566, 0.031408694472, 0.10775826503, 0.14016647486, 0.17488978732, 0.91515819785, 0.23818443453, 0.26352591508, 0.3442413545, 0.30547202495, 0.43934973247, 0.10319295163, 0.58210173351, 0.55364415527, 0.22347929651, 0.22603791565, 0.19128815126, 1.5712892147, 0.1522840473, 0.22688988131, 0.11489814104, 0.17937115597, 0.11470270065, 0.1057892735, 1.4510196263, 0.11610289348, 0.75565456282, 0.10066261247],
      [10.5893689303, 26.7978417838, 9.5117155784, 9.7907495614, 12.8721394916, 7.9811498634, 14.8568058617, 11.0300466833, 8.6123322859, 29.4678671479, 10.02002862, 7.3913675602, 3.367275069, 15.0901789813, 0.33870308984, 0.88407823401, 5.9576103732, 10.5184898102, 8.0600123331, 20.0790859428, 4.1125012369, 5.8478806851, 2.8338448879, 5.2593553938, 7.6972645565, 3.6816260398, 44.2093107097, 8.631344025, 8.8097859271, 20.3745720336, 15.7833292981, 28.9145838394, 1.7499246357, 25.3735512499, 17.993293048, 8.12587644, 9.5642055983, 4.8698550147, 67.8793316318, 12.8705098527, 5.5695884174, 6.6355030389, 7.665695323, 3.8052477093, 3.4983715396, 44.88106247, 5.6620007889, 32.8334130724, 6.2549847427],
      [0.19448866207, 0.43424973826, 0.1299187154, 0.19108577318, 0.17653335669, 0.16797051229, 0.32948226952, 0.29478807819, 0.19390894936, 0.48483700409, 0.18689769193, 0.14543144985, 0.082264320625, 0.29482792154, 0.0101396159, 0.025868586144, 0.19204224185, 0.14344138612, 0.12306711258, 0.36139289387, 0.080015855073, 0.16073378859, 0.07076867102, 0.091607229275, 0.16290283874, 0.1328936449, 0.739403748, 0.17806529829, 0.15619864972, 0.43147793165, 0.32183234355, 0.55167339444, 0.0592076149, 0.48086113341, 0.25956459531, 0.16392890876, 0.21433547105, 0.09437909833, 1.3245041556, 0.14279221091, 0.11812043929, 0.14773644099, 0.13524011234, 0.083782453092, 0.10070850379, 0.68644203375, 0.11538506683, 0.85304980616, 0]
    ],
    [
      [6.4396182582, 10.1791492437, 4.0399334638, 8.3651803198, 9.1718723889, 2.7836466354, 9.0217495162, 5.4949967028, 9.7954303335, 7.3885216577, 5.4063829224, 2.9322416866, 1.8658251925, 11.4964568786, 1.0561076887, 0, 0.096325434806, 6.852390492, 1.4651924762, 6.5317568333, 0.67399570694, 2.1643317539, 2.1224287687, 4.8827861463, 0.42540025701, 1.8137679208, 14.6003878575, 5.0069393116, 3.6292073076, 7.2213605381, 6.0688111795, 6.0151294379, 0.14653987934, 19.5173284157, 13.7903403856, 0.48659309973, 1.3120952344, 2.3981906662, 6.0643675248, 3.7128151425, 3.0112732149, 3.6795138855, 5.745218469, 5.0279689187, 4.4685001287, 15.9133188132, 0, 21.9399153315, 1.0180152291],
      [12.9829875825, 0, 4.5041714696, 12.8359179062, 4.013266139, 3.0193921844, 10.8035421088, 4.3828776179, 8.1265936009, 7.2591602993, 4.1300745964, 2.5339890408, 4.7929629792, 13.9441561337, 4.9883968982, 0.54485365755, 0.091538198145, 9.105072449, 2.1536496384, 2.8339824088, 3.1029097633, 2.8839546074, 6.261903322, 7.7895092481, 2.7032657403, 3.2339483754, 34.4334641967, 17.5233607201, 2.8874623076, 11.7266453018, 9.5636783627, 8.678287483, 0, 19.5114422248, 12.6017833139, 3.2443049506, 0, 8.433172389, 27.7366751286, 12.117310943, 2.5402258037, 4.3704670738, 3.6691504886, 7.354546077, 1.5806871302, 13.9551082936, 1.0673918552, 51.1570688288, 5.7423657214],
      [5.8056087753, 8.5020627674, 3.7994663653, 7.2974344163, 8.7428837002, 3.2679962998, 10.1507392955, 6.7206661813, 9.5527292286, 17.6655785199, 7.345084165, 4.3227768759, 3.6819142895, 11.3772001559, 1.7105433091, 0.070755342331, 0, 5.6395346729, 2.757158389, 6.1098987131, 5.1422130793, 2.7013260276, 1.1179797675, 3.7388278884, 2.3485029691, 3.1337633096, 16.7927033206, 9.373577367, 3.5460022729, 5.9637667273, 5.3261825363, 4.6365830823, 0.92079670906, 18.3737466148, 15.7256967467, 4.5472847116, 1.3840051461, 7.6872715804, 16.8508255365, 2.2989487976, 3.9017594005, 2.7290439741, 4.6120812386, 4.7425271094, 6.1429452892, 24.363475834, 3.0296227823, 20.5209342671, 1.2848109715],
      [575.8955581216, 425.8326455653, 381.2246006342, 422.8232413704, 418.1025846181, 215.3779913136, 530.2498737942, 196.095643567, 361.4127024889, 631.1836921749, 317.4135086377, 207.9097139778, 153.2829031784, 634.9680529769, 36.2871657434, 23.6730919821, 9.0718058783, 317.7531842578, 133.1344023597, 275.0092145602, 116.433768578, 180.9785447065, 131.1480413154, 224.4162225088, 151.9892082048, 75.3332687364, 978.1760155687, 404.3929068619, 146.5576803726, 414.644093606, 343.0749840245, 351.4062220377, 35.6958796186, 961.3644786908, 593.9223747258, 184.5104069903, 80.1123885152, 222.2810334869, 849.1328098465, 233.8812262131, 112.2510223479, 203.7303364256, 205.2946565849, 190.2608156008, 246.4268559594, 885.7490918257, 155.3796228486, 1029.678907903, 94.1960050573],
      [54.8762272624, 35.4861424236, 26.4318280672, 42.6782259874, 28.9693931538, 23.5509735668, 60.7740952853, 27.3058159311, 42.1125443481, 53.5030473481, 30.7049496785, 21.301278419, 19.3763943604, 64.2141338549, 2.9577863607, 2.711299018, 0.74033048875, 22.6498181283, 10.4895971367, 25.5151474847, 11.6471128725, 25.2718429045, 17.3496468264, 20.1726542084, 16.5336228288, 15.4852516577, 84.9974290564, 42.7032157394, 13.3796477393, 45.4441338268, 35.966343897, 34.263777959, 6.236783793, 94.233004054, 43.9598048281, 19.2114102477, 9.1915111044, 22.2003318776, 84.2153219636, 15.9896989039, 12.2957192331, 23.490638641, 18.6788932189, 21.614142294, 35.3810114926, 70.0190052335, 16.5233625138, 149.7031736695, 4.7588030208]
    ],
    [
      [4.5600124836, 8.6127777007, 2.947959815, 12.7769290879, 17.5474571824, 3.1566555982, 6.0898266494, 6.0020618708, 17.8861377513, 15.9319951135, 9.5649925963, 3.4820456017, 5.2346098048, 27.5763375092, 3.5123051083, 0, 0.85248000412, 10.6043075752, 2.5081954572, 10.6762934475, 0.74171114191, 1.9154576529, 3.0868411496, 3.0467132569, 1.0613203066, 4.8167870999, 15.9580286818, 4.8484572565, 5.1428923792, 14.7471585844, 6.9275660358, 12.9696462906, 0, 34.5075149835, 23.463320499, 2.0652860086, 1.8285041418, 3.1018758079, 14.6829844588, 5.1965222411, 5.1056350263, 5.2535597193, 6.0487356922, 2.6428114309, 3.7206964397, 20.0352151592, 0.09867502638, 34.6940075028, 2.233368449],
      [0.23731037554, 0, 0.079166451227, 0.54145326908, 0, 0.064350053259, 0.19375713792, 0.1358982581, 0.39565310136, 0, 0, 0.0062961628998, 0.43688641339, 0.90736767978, 0, 0.14289610586, 0.068990241495, 0.39035071319, 0.078173618428, 0, 0.080178083715, 0.060662245509, 0.24138314049, 0.13056680637, 0.066549834749, 0.3395807999, 0.93918620949, 0.30091120724, 0.11233827173, 0.65951832272, 0.30973927189, 0.50729851145, 0, 0.82673155093, 0.57708906592, 0.11047407858, 0, 0.2234803721, 1.2542502811, 0.44859557852, 0.15019448682, 0.18163786637, 0.07178192854, 0.099125551481, 0, 0.19577477242, 0.72880301477, 1.4531143515, 0.33616689292],
      [79.2508260345, 112.3732054114, 53.0327240976, 197.9756216406, 294.4070430193, 70.2921821422, 123.5591234874, 127.6208082978, 261.8084503335, 584.9496469768, 233.5058534977, 92.2936370838, 167.823260624, 478.1667010916, 13.9241204151, 9.4466753743, 10.9142102191, 143.8300764087, 78.5484841027, 173.1859940235, 56.1962273409, 42.9594766114, 36.6249788998, 43.359608937, 39.0827382653, 131.2879695629, 318.6019950661, 144.0881097191, 93.6451690597, 205.1835019328, 115.8255527688, 159.4945684496, 74.8816986234, 547.8539769679, 440.3922412053, 106.1885993573, 55.699808749, 135.7477140876, 469.0882639898, 66.3518938999, 114.582446206, 77.0264374755, 52.5617532778, 44.8188108954, 99.1337586079, 512.68548268, 50.120730389, 508.9956461595, 52.9925685558],
      [17.6233987958, 15.4693692613, 12.2239863879, 28.8544173462, 38.3156985416, 11.0654673687, 16.4093189984, 9.6487829091, 27.4787685294, 60.3439172761, 25.8490977563, 10.9411169562, 17.9450752609, 68.4261802424, 2.2355447914, 1.9414134814, 2.510861082, 21.2614168144, 9.3859497689, 20.3286232799, 3.2885075332, 7.0856337661, 9.5245543123, 6.3295898629, 6.4037474424, 9.223945927, 48.179829317, 16.3208046113, 9.346046607, 38.0777844165, 18.1320103132, 33.4753113152, 9.3687059351, 75.0846506088, 45.6060653476, 12.0614476245, 6.8003277958, 10.7332080639, 66.7539585585, 15.8352421609, 8.1729231306, 13.4404817918, 7.0449082221, 4.431346936, 10.3511625936, 50.5815113542, 7.4657773912, 73.7369163084, 9.5872494177],
      [3.3284523106, 2.5446476265, 1.7161632483, 5.8515786562, 4.7298012567, 2.4213448376, 3.747973727, 2.5924486641, 6.4309902844, 9.7744406336, 5.0800561497, 2.2769041954, 4.5601678969, 13.923413477, 0.32802968523, 0.46901503845, 0.6534584533, 2.9138484885, 1.4791970527, 3.8090892491, 0.69337590027, 1.978769724, 2.5222424977, 1.1335211369, 1.385644151, 2.3317166103, 8.3209607256, 3.4417172058, 1.7535536824, 8.3320367436, 3.8051316103, 6.5531754331, 2.7495954415, 14.7271258889, 5.9612838822, 2.574192931, 1.6713593134, 2.1937216684, 13.2205427117, 2.1677461195, 1.9888011502, 3.097883147, 1.2728208793, 1.0079051862, 2.7943823588, 7.5020160342, 1.5860141786, 20.1203156778, 0.85064668462]
    ],
    [
