{
  "X": [
    [1, 13, 22, 3],
    [1, 11, 29, 2],
    [0, 26, 24, 3],
    [39, 494, 408, 71],
    [87, 696, 1213, 117],
    [43, 220, 291, 44],
    [32, 391, 556, 57],
    [90, 704, 672, 76],
    [39, 304, 216, 35],
    [39, 288, 326, 54],
    [12, 197, 241, 22],
    [38, 523, 693, 60],
    [13, 183, 199, 26],
    [1, 14, 16, 2],
    [0, 14, 15, 5],
    [0, 14, 27, 1],
    [26, 502, 701, 75],
    [8, 95, 107, 19],
    [2, 8, 12, 2],
    [2, 17, 10, 3],
    [4, 11, 38, 2],
    [27, 307, 361, 38],
    [18, 254, 188, 27],
    [49, 495, 375, 68],
    [32, 293, 295, 43],
    [13, 247, 122, 33],
    [14, 244, 395, 47],
    [59, 496, 395, 76],
    [44, 594, 550, 76],
    [20, 345, 660, 51],
    [27, 249, 497, 26],
    [5, 10, 19, 1],
    [10, 91, 411, 22],
    [4, 10, 27, 1],
    [37, 336, 747, 48],
    [27, 229, 343, 39],
    [39, 352, 655, 30],
    [25, 105, 501, 39],
    [101, 84, 129, 23],
    [8, 84, 273, 28],
    [13, 223, 296, 39],
    [26, 177, 434, 30],
    [112, 1116, 1593, 153],
    [0, 2, 3, 1],
    [10, 64, 44, 7],
    [96, 970, 1335, 137],
    [1, 67, 123, 11]
  ],
  "W": [
    [0, 6, 10, 21, 1, 1],
    [0, 7, 6, 26, 1, 3],
    [3, 8, 17, 22, 1, 2],
    [39, 80, 396, 373, 87, 37],
    [74, 159, 511, 1116, 179, 74],
    [32, 49, 160, 276, 63, 18],
    [45, 108, 269, 504, 74, 36],
    [43, 140, 523, 606, 164, 66],
    [21, 43, 237, 191, 67, 35],
    [36, 62, 210, 294, 67, 38],
    [13, 47, 137, 225, 28, 22],
    [63, 126, 373, 591, 109, 52],
    [11, 77, 103, 186, 27, 17],
    [0, 5, 11, 14, 3, 0],
    [0, 4, 8, 17, 3, 2],
    [0, 7, 9, 25, 1, 0],
    [24, 147, 370, 651, 65, 47],
    [8, 24, 78, 98, 12, 9],
    [1, 5, 4, 8, 4, 2],
    [0, 6, 11, 10, 2, 3],
    [1, 8, 4, 34, 3, 5],
    [17, 91, 218, 318, 62, 27],
    [19, 40, 196, 171, 35, 26],
    [47, 84, 378, 332, 92, 54],
    [20, 59, 230, 263, 61, 30],
    [11, 32, 214, 110, 32, 16],
    [30, 55, 194, 362, 41, 18],
    [33, 69, 406, 376, 102, 40],
    [51, 92, 469, 495, 109, 48],
    [20, 87, 251, 611, 58, 49],
    [29, 77, 179, 448, 42, 24],
    [0, 3, 3, 18, 7, 4],
    [18, 26, 68, 375, 27, 20],
    [2, 5, 8, 21, 4, 2],
    [33, 88, 239, 687, 76, 45],
    [16, 31, 186, 318, 63, 24],
    [14, 89, 244, 615, 76, 38],
    [25, 49, 71, 450, 51, 24],
    [16, 21, 92, 114, 69, 25],
    [11, 22, 55, 255, 31, 19],
    [13, 35, 193, 277, 27, 26],
    [20, 64, 110, 397, 47, 29],
    [93, 220, 855, 1470, 210, 126],
    [0, 1, 1, 4, 0, 0],
    [2, 14, 46, 43, 12, 8],
    [52, 282, 740, 1214, 140, 110],
    [9, 31, 43, 114, 2, 3]
  ],
  "method": "mvn_pdf",
  "cond_prob": [
    [
      [0.12139818608, 0.23122094698, 0.21803594959, 0.42934491735],
      [0.0017834510099, 0.5770498526, 0.19594084882, 0.22522584757],
      [0.0014953131915, 0.87555171102, 0.0058450608914, 0.11710791489],
      [0.0035416005013, 0.01070502754, 0.9792160782, 0.006537293758],
      [0.60157257493, 0.19654598387, 0.047272550662, 0.15460889054],
      [0.29839997657, 0.36083221198, 0.15509410528, 0.18567370617]
    ],
    [
      [0.073099064505, 0.25987034452, 0.43136781132, 0.23566277966],
      [0.0011308137064, 0.54027377389, 0.32707870292, 0.13151670949],
      [0.0010279727019, 0.92452199401, 0.010350667489, 0.064099365803],
      [0.0095840705298, 0, 0.98254166763, 0.0078742618393],
      [0.30317690902, 0.38725545672, 0.15376470464, 0.15580292961],
      [0.14451790835, 0.42789872066, 0.31616567054, 0.11141770045]
    ],
    [
      [0, 0.45378822835, 0.27046653262, 0.27574523904],
      [0, 0.75043966209, 0.15647561314, 0.093084724772],
      [0, 0.95317657902, 0.0041398187883, 0.042683602195],
      [0, 0.018906594292, 0.96766921314, 0.013424192571],
      [0, 0.66676800932, 0.14365519519, 0.18957679549],
      [0, 0.6742015456, 0.21702034673, 0.10877810767]
    ],
    [
      [0.10935442675, 0.32526555863, 0.28332990697, 0.28205010766],
      [0.0017195257589, 0.65233327404, 0.21069223689, 0.13525496331],
      [0.0018503233706, 0.92084159569, 0.0055900115376, 0.071718069402],
      [0.00097784926109, 0.024997207508, 0.97125952144, 0.002765421796],
      [0.30668851584, 0.42633517323, 0.095393142456, 0.17158316847],
      [0.18427698889, 0.48809705204, 0.1973541951, 0.13027176396]
    ],
    [
      [0.11681678931, 0.27244424407, 0.36002424924, 0.25071471738],
      [0.0019653764481, 0.58327194283, 0.28620260197, 0.12856007876],
      [0.0017849874697, 0.91355289528, 0.0097684155147, 0.074893701734],
      [0.00097041983452, 0.016527108226, 0.98036229673, 0.0021401752144],
      [0.3412145578, 0.37274393348, 0.12669003456, 0.15935147417],
      [0.20230459132, 0.42037757659, 0.25808773222, 0.11923009987]
    ],
    [
      [0.20327875966, 0.27586268513, 0.22908770897, 0.29177084624],
      [0.0036675220957, 0.63881556984, 0.19648585001, 0.16103105805],
      [0.00029794339112, 0.9062084582, 0.0060516819919, 0.087441916418],
      [0, 0.031313037062, 0.96471418813, 0.0039727748075],
      [0.4823418258, 0.30391951106, 0.06479194344, 0.1489467197],
      [0.3266758411, 0.393763912, 0.15167273239, 0.12788751451]
    ],
    [
      [0.096902400843, 0.31578539904, 0.3462283078, 0.24108389232],
      [0.0015120519715, 0.62834663357, 0.25544274274, 0.11469857172],
      [0.0012632968168, 0.92758667618, 0.0082016894302, 0.062948337575],
      [0, 0.019627523912, 0.97771002328, 0.0026624528068],
      [0.28644366086, 0.43617781727, 0.12281010326, 0.15456841861],
      [0.16498423895, 0.47883261656, 0.24366266949, 0.112520475]
    ],
    [
      [0.15381819167, 0.32119057266, 0.31729104281, 0.20770019286],
      [0.0024648998803, 0.65562126748, 0.24038233646, 0.10153149618],
      [0.0020417040262, 0.93707126301, 0.0078247574825, 0.053062275482],
      [0.0011651272735, 0.024148222429, 0.9746866503, 0],
      [0.39698873603, 0.38793819691, 0.09853526229, 0.11653780477],
      [0.24485910201, 0.4554222771, 0.20895025449, 0.090768366402]
    ],
    [
      [0.15312534307, 0.32624141826, 0.2965402569, 0.22409298177],
      [0.0024382519153, 0.66485368611, 0.22367311045, 0.10903495152],
      [0.0021332696169, 0.93512980026, 0.0060151124517, 0.056721817676],
      [0.0012994077572, 0.023823102376, 0.97279052069, 0.0020869691743],
      [0.393694456, 0.39076557615, 0.091042018873, 0.12449794898],
      [0.24423493229, 0.46294151136, 0.19503784251, 0.097785713841]
    ],
    [
      [0.13340815463, 0.2892322206, 0.28666773685, 0.29069188792],
      [0.0022403859344, 0.62080407654, 0.22800527989, 0.14895025764],
      [0.0019015293326, 0.90980625736, 0.0072581981966, 0.081034015114],
      [0.00200613201, 0.022777303345, 0.9730904171, 0.0021261475483],
      [0.36502978045, 0.3690660616, 0.093892970694, 0.17201118726],
      [0.22663903274, 0.43722420942, 0.20105265359, 0.13508410425]
    ],
    [
      [0.090786433532, 0.36925332839, 0.3070759449, 0.23288429318],
      [0.0013136887782, 0.68533838138, 0.21048245142, 0.10286547842],
      [0.0010428289256, 0.94036977459, 0.0062543497235, 0.052333046762],
      [0.00022783009094, 0.02458300012, 0.97228530721, 0.0029038625774],
      [0.26022405216, 0.49161237565, 0.10457936332, 0.14358420887],
      [0.14898319081, 0.53917373374, 0.2075488769, 0.10429419855]
    ],
    [
      [0.075974669951, 0.28770414276, 0.45570199429, 0.180619193],
      [0, 0.57591912892, 0.33769012344, 0.086390747633],
      [0, 0.93667816259, 0.011945413181, 0.051376424227],
      [0, 0.017758204198, 0.9822417958, 0],
      [0.24118362238, 0.45011105928, 0.17979555617, 0.12890976217],
      [0.13316501834, 0.449435961, 0.33045312976, 0.086945890893]
    ],
    [
      [0.10941579241, 0.37686331144, 0.24192506069, 0.27179583546],
      [0.0015991789695, 0.70868829774, 0.16819455518, 0.12151796812],
      [0.0012209258146, 0.934553787, 0.0048173153192, 0.059407971871],
      [0.0030478002058, 0.032864366537, 0.9573169279, 0.0067709053543],
      [0.29515428741, 0.47042144406, 0.077425055988, 0.15699921254],
      [0.17714573798, 0.54190078956, 0.16119029438, 0.11976317808]
    ],
    [
      [0.063510658985, 0.27246926322, 0.43302164867, 0.23099842912],
      [0.00098288975133, 0.57619625268, 0.31545981869, 0.10736103888],
      [0.0039717307542, 0.89625765981, 0.011815102982, 0.087955506458],
      [0.010360699032, 0, 0.98863095247, 0.001008348497],
      [0.26878224217, 0.42006149291, 0.15063381306, 0.16052245186],
      [0.12457455253, 0.45254769674, 0.31164095444, 0.11123679629]
    ],
    [
      [0.0098046521656, 0.17487697034, 0.022680280404, 0.79263809709],
      [0, 0.53686546037, 0.024904018296, 0.43823052133],
      [0, 0.9415198263, 0.00087772518882, 0.057602448516],
      [0, 0.12941395965, 0.87058604035, 0],
      [0, 0.38443411226, 0.012352647215, 0.60321324053],
      [0, 0.48351994864, 0.028170748874, 0.48830930249]
    ],
    [
      [0.0017145438592, 0.36380449843, 0.47940351823, 0.15507743948],
      [0, 0.65036751879, 0.2886229978, 0.061009483408],
      [0, 0.95985495653, 0.0080751151813, 0.032069928286],
      [0, 0.0055161120735, 0.98829038239, 0.0061935055317],
      [0, 0.67082995782, 0.19970341891, 0.12946662328],
      [0.00064099508404, 0.59058926736, 0.33607486441, 0.072694873147]
    ],
    [
      [0.084885216647, 0.30691597601, 0.32458895863, 0.28360984871],
      [0.0012399107282, 0.61898158906, 0.2428683927, 0.13691010752],
      [0, 0.91578942458, 0.0087942028836, 0.075416372539],
      [0, 0.0213842003, 0.97616831871, 0.0024474809913],
      [0.25819377154, 0.43616987147, 0.11853666144, 0.18709969555],
      [0.1488913356, 0.4793506351, 0.23540207929, 0.13635595001]
    ],
    [
      [0.12529281115, 0.2539766169, 0.27496372515, 0.3457668468],
      [0.0021901773223, 0.58031748228, 0.2312868443, 0.1862054961],
      [0.0019250053129, 0.89025350758, 0.0084983698827, 0.099323117222],
      [0.0038619116147, 0.01997651706, 0.97616157133, 0],
      [0.36473672367, 0.33389531256, 0.092034672499, 0.20933329127],
      [0.22662609094, 0.4040390529, 0.20203144721, 0.16730340895]
    ],
    [
      [0.087424624116, 0.19865153707, 0.5265217871, 0.18740205171],
      [0.001488852305, 0.43353166108, 0.43154696374, 0.13343252287],
      [0.0015780547647, 0.91744133981, 0.0150709088, 0.065909696621],
      [0.019260682218, 0, 0.96211587983, 0.01862343795],
      [0.34926527111, 0.32095090066, 0.19330632846, 0.13647749976],
      [0.17383617656, 0.3400605978, 0.39265370325, 0.093449522394]
    ],
    [
      [0.16817861669, 0.33869447829, 0.12594524215, 0.36718166286],
      [0.0023406704272, 0.73299554956, 0.096646900248, 0.16801687976],
      [0.001671741233, 0.91732191914, 0, 0.081006339629],
      [0.013930756102, 0.039733574353, 0.91115840488, 0.035177264664],
      [0.47240531667, 0.33798492502, 0.032307028217, 0.1573027301],
      [0.29448287651, 0.47939333285, 0.081306831088, 0.14481695955]
    ],
    [
      [0.25400035128, 0.22329469419, 0.35806470171, 0.16464025282],
      [0, 0.57226450664, 0.32790065952, 0.099834833836],
      [0.0040266011937, 0.93031111478, 0.010603179112, 0.05505910491],
      [0, 0.0098142427523, 0.98538324378, 0.0048025134676],
      [0.63432580635, 0.21166102296, 0.083345353444, 0.070667817245],
      [0.36538316498, 0.30173549421, 0.24465019136, 0.088231149442]
    ],
    [
      [0.1066587807, 0.30145321175, 0.37507360547, 0.21681440208],
      [0.0016931159215, 0.61142826007, 0.28181135088, 0.10506727313],
      [0.001491133261, 0.92986745881, 0.0092988296936, 0.059342578237],
      [0.00094422808082, 0.017372334005, 0.98005877656, 0.001624661352],
      [0.31481000784, 0.4145790661, 0.13223945981, 0.13837146625],
      [0.18108055973, 0.45540420007, 0.262749387, 0.1007658532]
    ],
    [
      [0.11046966333, 0.37088895537, 0.28341384197, 0.23522753933],
      [0.0016176295927, 0.69647053187, 0.19664345142, 0.10526838712],
      [0.0026623187864, 0.9390888969, 0.0051097029329, 0.053139081384],
      [0.00097152997122, 0.028056552891, 0.96870499653, 0.0022669206105],
      [0.30075494126, 0.46944229462, 0.091840159499, 0.13796260462],
      [0.17776931391, 0.5309505356, 0.18788219932, 0.10339795117]
    ],
    [
      [0.1233474322, 0.33178929648, 0.28786523488, 0.25699803644],
      [0.0019306980763, 0.66229120386, 0.21308202439, 0.12269607367],
      [0.0025444937479, 0.92726597015, 0.0050530797109, 0.065136456391],
      [0.00108693428, 0.025128635119, 0.97129979723, 0.0024846333678],
      [0.33443731901, 0.42058289139, 0.093754048694, 0.1512257409],
      [0.20276996076, 0.48575133993, 0.19563841889, 0.11584028041]
    ],
    [
      [0.12826177084, 0.28623750287, 0.33178234584, 0.25371838045],
      [0.0021303249631, 0.60811981653, 0.26105438388, 0.12869547463],
      [0.0018607699447, 0.91752170443, 0.0085391246186, 0.072078401009],
      [0.0013963945126, 0.017333986932, 0.97811223086, 0.0031573876912],
      [0.36035193756, 0.37445093381, 0.11125146418, 0.15394566445],
      [0.21774594584, 0.43219477413, 0.23227632464, 0.11778295539]
    ],
    [
      [0.096166150367, 0.33603975258, 0.25799734007, 0.30979675699],
      [0.001481147019, 0.66440629974, 0.18835569466, 0.14575685857],
      [0.0016495233382, 0.91847899224, 0.004318352649, 0.075553131776],
      [0.00091959768855, 0.027624701975, 0.96822133788, 0.0032343624567],
      [0.27538126213, 0.44644684108, 0.087649684788, 0.190522212],
      [0.16427634457, 0.5101900412, 0.1813364052, 0.14419720903]
    ],
    [
      [0.072496136862, 0.26280161827, 0.36215602119, 0.30254622368],
      [0, 0.55962343032, 0.28673791186, 0.15363865783],
      [0, 0.89757230783, 0.011038923501, 0.091388768674],
      [0, 0.017836396099, 0.98173983148, 0.00042377242339],
      [0.22931598292, 0.41298826505, 0.14240733843, 0.2152884136],
      [0.13462003302, 0.43435226732, 0.27748128791, 0.15354641176]
    ],
    [
      [0.161216275, 0.31315096312, 0.22459376151, 0.30103900037],
      [0.0026882746743, 0.66672934301, 0.17735466962, 0.1532277127],
      [0.0024725888231, 0.91847557039, 0, 0.079051840788],
      [0.0022813680972, 0.030102948116, 0.96392510509, 0.0036905787012],
      [0.4034307539, 0.36588721403, 0.067456434746, 0.16322559733],
      [0.2620692402, 0.45303519123, 0.15086344525, 0.13403212332]
    ],
    [
      [0.096640800752, 0.32628032651, 0.33226086655, 0.24481800618],
      [0.001491057797, 0.64118580501, 0.24218776093, 0.11513537626],
      [0.00073378577672, 0.92908059448, 0.0076379343925, 0.062547685354],
      [0, 0.021133016905, 0.97643020765, 0.0024367754455],
      [0.28214649938, 0.44586077781, 0.11664426372, 0.15534845908],
      [0.16325058088, 0.49108629848, 0.23216777163, 0.11349534901]
    ],
    [
      [0.071064293182, 0.28553853631, 0.39655442497, 0.24684274554],
      [0, 0.58026044391, 0.29872268055, 0.12101687555],
      [0, 0.91822679477, 0.01026700482, 0.071506200409],
      [0, 0.015883349368, 0.98190613725, 0.0022105133842],
      [0.21253607821, 0.45257473854, 0.15756696576, 0.17732221749],
      [0.12758411429, 0.45668538504, 0.29427522879, 0.12145527188]
    ],
    [
      [0.13315124904, 0.26079617946, 0.44122751032, 0.16482506117],
      [0.0022364387026, 0.56130266911, 0.35168373122, 0.084777160975],
      [0.0021509030617, 0.93767114691, 0.012660410932, 0.047517539099],
      [0.0018520935907, 0.013663296084, 0.98448461033, 0],
      [0.3892819192, 0.35365549369, 0.15329497639, 0.10376761072],
      [0.22507574227, 0.39161594157, 0.30712695441, 0.076181361755]
    ],
    [
      [0.23900786984, 0.36365155816, 0.24913086659, 0.1482097054],
      [0.0034396066804, 0.75106018057, 0.17821191673, 0.06728829602],
      [0.0024779701521, 0.9622548022, 0.0046081733177, 0.030659054334],
      [0, 0.025188236422, 0.97211770039, 0.002694063189],
      [0.51330085606, 0.36717508978, 0.056884590244, 0.062639463912],
      [0.34728531927, 0.45911029191, 0.13880724779, 0.054797141038]
    ],
    [
      [0.060234605502, 0.17598437444, 0.55146133472, 0.21231968534],
      [0.0010938088878, 0.40862294798, 0.47304213146, 0.11724111167],
      [0.00071167128457, 0.88315423479, 0.021899223366, 0.09423487056],
      [0, 0.0058213078175, 0.99007783385, 0.0041008583366],
      [0.2383768804, 0.32321429961, 0.25780347055, 0.18060534944],
      [0.12013843258, 0.3121910063, 0.45227859855, 0.11539196256]
    ],
    [
      [0.20689898964, 0.11156996759, 0.61017905565, 0.07135198712],
      [0.0040271361071, 0.3234162773, 0.62402038037, 0.048536206214],
      [0.0061619264272, 0.91330938424, 0.032128918524, 0.048399770806],
      [0.0022776619441, 0, 0.9974219824, 0.00030035565502],
      [0.67231080237, 0.12839484031, 0.16079876593, 0.038495591386],
      [0.38984840923, 0.16986212156, 0.40672597224, 0.033563496971]
    ],
    [
      [0.10327850846, 0.26533737729, 0.42244524442, 0.20893886984],
      [0.0017129085413, 0.56125861417, 0.33133495792, 0.10569351936],
      [0.0016299489488, 0.92204040423, 0.011822948825, 0.064506697995],
      [0.0009070192931, 0.014169415835, 0.98314590484, 0.0017776600332],
      [0.31965150851, 0.38347023599, 0.15668373145, 0.14019452406],
      [0.18077507933, 0.41349611727, 0.3054876812, 0.10024112221]
    ],
    [
      [0.1054232845, 0.26398010082, 0.3590651209, 0.27153149378],
      [0.0017830101531, 0.57085629599, 0.2873446979, 0.14001599596],
      [0.0016370308894, 0.9060900256, 0.0098601947894, 0.082412748724],
      [0.0010181176468, 0.015829785136, 0.98120135214, 0.0019507450794],
      [0.31956018324, 0.3728844005, 0.129773908, 0.17778150826],
      [0.18739222633, 0.41755998105, 0.26314541734, 0.13190237527]
    ],
    [
      [0.13042776698, 0.31548328239, 0.38129470787, 0.17279424276],
      [0.0020455752488, 0.63205554575, 0.28311246888, 0.082786410122],
      [0.0017683774906, 0.94880821915, 0.010873247277, 0.038550156079],
      [0.0016585931632, 0.01868932935, 0.97965207749, 0],
      [0.36175881464, 0.40797419533, 0.12651137119, 0.10375561884],
      [0.21175700656, 0.45581864752, 0.25555000419, 0.07687434173]
    ],
    [
      [0.090592288357, 0.15797687488, 0.47723414656, 0.27419669021],
      [0.0017678894019, 0.39415306615, 0.44107285274, 0.16300619171],
      [0.0021961871066, 0.84764272486, 0.020452955203, 0.12970813283],
      [0.0036779848621, 0.0032491247021, 0.99171430587, 0.0013585845632],
      [0.32372297942, 0.26243189006, 0.20277268539, 0.21107244513],
      [0.18031965781, 0.27951299637, 0.39131550562, 0.1488518402]
    ],
    [
      [0.74173863137, 0.057029250611, 0.10904014689, 0.092191971127],
      [0.045656062364, 0.45562482654, 0.32319939004, 0.17551972106],
      [0.029223240997, 0.75881169533, 0.047114591848, 0.16485047183],
      [0, 0, 0.99770065459, 0.002299345412],
      [0.92698484169, 0.03260444443, 0.015980305354, 0.024430408524],
      [0.8609164936, 0.058361119875, 0.051724492662, 0.028997893863]
    ],
    [
      [0.054127182944, 0.21028595119, 0.3456408172, 0.38994604867],
      [0.00098339377782, 0.48851550784, 0.29644698029, 0.21405411809],
      [0, 0.86679795538, 0.032844549585, 0.10035749504],
      [0, 0.016669205813, 0.98333079419, 0],
      [0.17041357249, 0.37888027185, 0.14820159271, 0.30250456295],
      [0.11053397775, 0.38261525836, 0.29084554345, 0.21600522044]
    ],
    [
      [0.085823716554, 0.2628990104, 0.32191616111, 0.32936111194],
      [0.0014532035239, 0.5702114972, 0.25826951081, 0.17006578847],
      [0.00131342663, 0.89269279422, 0.010512108676, 0.095481670475],
      [0.00052837108675, 0.020668633988, 0.97880299493, 0],
      [0.27089284451, 0.38509415605, 0.12063387905, 0.22337912038],
      [0.15844125496, 0.43124797502, 0.24466445092, 0.16564631909]
    ],
    [
      [0.11994713233, 0.26319565216, 0.3944487881, 0.22240842741],
      [0.0020223471884, 0.56819338295, 0.31526689897, 0.11451737089],
      [0.0018911901772, 0.9184328314, 0.011033311802, 0.068642666622],
      [0.0013012704423, 0.013945190078, 0.98238965919, 0.0023638802904],
      [0.35576163299, 0.36280735307, 0.13927246572, 0.14215854822],
      [0.20779983096, 0.40537630823, 0.28157854547, 0.10524531534]
    ],
    [
      [0.12038226252, 0.29399513904, 0.34777859805, 0.23784400039],
      [0.0019674553568, 0.61105661729, 0.26850011729, 0.11847581006],
      [0.0017235267447, 0.922850459, 0.0088447272833, 0.066581286974],
      [0.00097390696646, 0.018490714615, 0.97845288224, 0.0020824961739],
      [0.3420639411, 0.39154146757, 0.11919658851, 0.14719800281],
      [0.20343589816, 0.44272853291, 0.24339128781, 0.11044428113]
    ],
    [
      [0.1122726147, 0.41611525987, 0.13854129687, 0.33307082856],
      [0, 0.30355187985, 9.3114704212e-09, 0.69644811084],
      [0, 0.69641229485, 3.5815992248e-05, 0.30355188916],
      [0, 0.25000895633, 0.74999104367, 0],
      [0.31971068757, 0.46436572606, 0.038615449932, 0.17730813644],
      [0.17111986093, 0.61191706403, 0.081752370188, 0.13521070485]
    ],
    [
      [0.25642378065, 0.34327572028, 0.17365908511, 0.22664141397],
      [0, 0.74388702765, 0.13736776309, 0.11874520926],
      [0, 0.94004672311, 0, 0.059953276893],
      [0, 0.053741760261, 0.94005012311, 0.0062081166313],
      [0.54119598984, 0.32083161103, 0.041206204429, 0.096766194699],
      [0.37410007007, 0.43700073573, 0.10161292497, 0.087286269227]
    ],
    [
      [0.15062638851, 0.26773167572, 0.34199527202, 0.23964666375],
      [0.0026096593061, 0.59053273178, 0.28019540267, 0.12666220624],
      [0.0023456174708, 0.91515284437, 0.0094686040324, 0.073032934131],
      [0.00065418700139, 0.017176774918, 0.97979670854, 0.0023723295395],
      [0.40798979643, 0.3393317707, 0.11154297765, 0.14113545522],
      [0.25257265841, 0.39977786383, 0.23731958434, 0.11032989342]
    ],
    [
      [0.042529547571, 0.32871223348, 0.33348976342, 0.29526845553],
      [0, 0.63391719303, 0.23557283926, 0.13050996771],
      [0, 0.92263803875, 0.0073266383784, 0.070035322869],
      [0, 0.018802506688, 0.97709262105, 0.004104872259],
      [0.17147791183, 0.49952481875, 0.12849253262, 0.2005047368],
      [0.091426082734, 0.52472861621, 0.24508159883, 0.13876370223]
    ]
  ],
  "expected_outcome": [
    [
      [0, 0, 0, 4.2648226431, 8.644442409, 6.5049203092, 4.3606080379, 6.6141822419, 3.2156322045, 4.8026935668, 1.1802236359, 4.7864042069, 1.2035737165, 0, 0, 0, 2.0372451995, 1.0023424892, 0.087424624116, 0, 0.25400035128, 1.8131992719, 2.0989236032, 5.7973293133, 2.5652354168, 1.057827654, 2.1748841058, 5.320137075, 4.9286808383, 1.4212858636, 3.8613862223, 0, 1.084222899, 0.41379797928, 3.4081907791, 1.686772552, 1.8259887377, 2.2648072089, 11.8678181019, 0.59539901239, 1.1157083152, 2.3989426467, 11.1955504142, 0, 0.51284756129, 7.8325722023, 0.38276592814],
      [0, 0, 1.361364685, 12.6853567865, 20.1608740611, 8.827605924, 14.2103429567, 13.8111946244, 6.8510697834, 10.4123599416, 4.8002932691, 18.125360994, 4.1454964259, 0, 0, 0, 7.3659834243, 2.0318129352, 0.19865153707, 0, 0.22329469419, 5.1247045998, 7.0468901521, 15.5940969348, 5.7247500573, 3.6964372783, 7.884048548, 10.3339817829, 16.6402966522, 5.7107707262, 7.5630892043, 0, 3.1677187399, 0.22313993518, 8.7561334506, 4.2236816132, 4.4167659535, 3.9494218719, 0.91246800977, 2.3131454631, 3.4176871352, 5.2639130432, 27.341547931, 0, 0.68655144056, 13.9220471377, 2.9584101013],
      [0, 0, 0.81139959785, 11.0498663718, 26.6417944435, 7.3308066869, 15.5802738511, 13.6435148406, 6.2273453949, 10.3200385265, 3.9919872837, 28.7092256401, 2.6611756676, 0, 0, 0, 7.7901350071, 2.1997098012, 0.5265217871, 0, 0.35806470171, 6.376251293, 5.3848629974, 13.5296660394, 6.6356469169, 2.8379707408, 10.8646806358, 7.4115941299, 16.9453041943, 7.9310884994, 12.7955977994, 0, 9.926304025, 1.2203581113, 13.9406930657, 5.7450419344, 5.3381259102, 11.9308536639, 1.7446423503, 3.8020489892, 4.1849100944, 7.8889757621, 32.3434096189, 0, 0.34731817021, 17.7837541451, 3.0014078708],
      [0, 0, 0.82723571711, 10.9999541986, 18.5528890865, 9.3366670798, 10.8487751542, 8.9311082931, 4.7059526172, 10.4649079652, 3.0274958113, 11.379009159, 2.9897541901, 0, 0, 0, 6.8066363691, 2.7661347744, 0.18740205171, 0, 0.16464025282, 3.6858448354, 4.4693232473, 12.0789077125, 5.074367609, 3.4077643268, 9.0763867104, 9.9342870122, 12.4857183152, 4.9368549107, 4.779926774, 0, 3.8217543361, 0.14270397424, 6.8949827046, 4.3445039005, 2.4191193986, 6.8549172553, 1.475071538, 4.2894065353, 4.2816944553, 4.4481685481, 22.119492036, 0, 0.45328282793, 12.4616265149, 2.6574160997]
    ],
    [
      [0.010700706059, 0.0079156959451, 0, 0.13756206071, 0.31249485525, 0.17970858269, 0.16330161292, 0.34508598325, 0.10484483236, 0.13890392794, 0.061743372575, 0, 0.12313678065, 0.0049144487566, 0, 0, 0.18226687705, 0.052564255735, 0.0074442615248, 0.014044022563, 0, 0.15407354885, 0.064705183707, 0.16217863841, 0.12568917283, 0.047396704608, 0, 0.18549095253, 0.13717731732, 0, 0.1722057801, 0.010318820041, 0.028439031083, 0.020135680536, 0.15073595163, 0.055273314746, 0.18205619714, 0.086626580693, 0.95877730965, 0.021634663112, 0.050862123337, 0.12943022006, 0.43284017849, 0, 0, 0.73592392431, 0],
      [3.4622991156, 3.7819164172, 6.0035172967, 52.1866619232, 92.7402389092, 31.3019629222, 67.8614364256, 91.7869774478, 28.5887085026, 38.4898527454, 32.2109039246, 72.5658102442, 54.5689989256, 2.8809812634, 2.1474618415, 4.5525726316, 90.9902935911, 13.9276195747, 2.1676583054, 4.3979732974, 4.5781160531, 55.6399716662, 27.8588212747, 55.6324611244, 35.879069175, 21.2610015918, 30.7792886673, 46.0043246675, 58.989094061, 50.48265862, 43.2203055211, 2.2531805417, 10.6241966474, 1.6170813865, 49.3907580474, 17.6965451757, 56.2529435721, 19.3135002414, 9.5681213573, 10.7473411726, 19.9574024019, 36.3643765089, 134.432455804, 0.30355187985, 10.4144183871, 166.5302303613, 19.6514329838],
      [1.1756450929, 2.2895509204, 1.2518049051, 16.8553789514, 45.5062137131, 9.6278066506, 27.5878162156, 33.6535271039, 9.6179437495, 14.136327353, 9.8926752168, 42.548955554, 12.9509807485, 1.5772990934, 0.099616073185, 2.0203609846, 35.7016537268, 5.5508842632, 2.1577348187, 0.57988140149, 2.6232052762, 25.6448329299, 7.8657380568, 17.8988900488, 15.4022086492, 6.0273822292, 15.7705851521, 12.2374722038, 22.2812740055, 25.9888732076, 27.0796473037, 0.53463575018, 12.2990954181, 3.1201019019, 29.157476297, 8.9076856349, 25.1970097299, 21.6125697843, 6.7871871907, 6.5218335664, 9.0394328783, 20.1770815343, 59.0700258037, 9.3114704212e-09, 1.9231486833, 79.0151035539, 7.3027580171],
      [1.3513550854, 0.9206169664, 0.74467779818, 10.8203970646, 20.4410525224, 7.8905218445, 12.3874457458, 14.2144094651, 4.6885029155, 9.2349159737, 4.834677486, 10.8852342018, 9.3568835452, 0.53680519442, 1.7529220853, 0.42706638385, 20.125785805, 4.4689319064, 0.66716261436, 1.0081012786, 0.79867867069, 9.5611218551, 4.2107354847, 10.3064701884, 7.593033003, 4.6642194744, 8.4501261806, 10.5727121762, 10.5924546161, 10.5284681724, 6.5278413951, 0.20186488806, 3.0482689034, 0.24268103107, 9.301029704, 4.3404958746, 7.3679905008, 7.9873033936, 3.6859141423, 4.7091905979, 5.9523025965, 7.3291117368, 26.0646782138, 0.69644811084, 1.6624329296, 35.7187421605, 4.0458089991]
    ],
    [
      [0.014953131915, 0.0061678362112, 0, 0.73272805474, 0.91212859702, 0.047670942579, 0.33982684372, 1.0678112057, 0.50558489921, 0.39932115985, 0.14286756281, 0, 0.12575535891, 0.043689038296, 0, 0, 0, 0.1501504144, 0.0063122190586, 0.018389153563, 0.016106404775, 0.3250670509, 0.52181448213, 0.9618186367, 0.42797708727, 0.35299799438, 0, 1.0038710622, 0.34414552928, 0, 0.38501164804, 0.0074339104563, 0.048393647351, 0.049295411418, 0.38955779876, 0.30448774544, 0.43148410771, 0.15592928457, 2.6885381717, 0, 0.2534913396, 0.2080309195, 1.4736153667, 0, 0, 1.7357569284, 0],
      [8.7555171102, 5.547131964, 16.2040018433, 364.6532718933, 466.8255294891, 144.9933533118, 249.5208158917, 490.0882705541, 221.6257626606, 191.0593140448, 128.8306591186, 349.3809546468, 96.2590400605, 9.8588342579, 7.5321586104, 8.6386946088, 338.8420870938, 69.4397735914, 3.6697653593, 10.0905411105, 3.7212444591, 202.7111060203, 184.0614237917, 350.5065367168, 211.0299920183, 196.5545043387, 174.1290277182, 372.901081578, 435.7387988098, 230.4749254874, 167.8431352965, 2.8867644066, 60.0544879656, 7.3064750739, 220.3676566114, 168.532744761, 231.5092054734, 60.1826334648, 69.8106759703, 47.6738875458, 172.2897092843, 101.0276114539, 789.0371424436, 0.69641229485, 43.2421492629, 677.2131048309, 39.6734356663],
      [0.058450608914, 0.062104004934, 0.070376919401, 2.2136445689, 4.991660328, 0.9682691187, 2.2062544567, 4.0923481634, 1.4255816511, 1.5242216213, 0.85684591212, 4.4556391165, 0.49618347787, 0.1299661328, 0.0070218015106, 0.072676036632, 3.2538550669, 0.66287285085, 0.060283635202, 0, 0.042412716447, 2.0271448732, 1.0015017749, 1.9100641307, 1.9639986623, 0.92412746689, 2.1415511591, 0, 3.5821912301, 2.5770182099, 2.2662135568, 0.013824519953, 1.4891471889, 0.25703134819, 2.8256847692, 1.8339962308, 2.6530723357, 1.4521598194, 4.33454245, 1.8064502272, 2.0288369745, 1.2136642982, 7.5622418272, 3.5815992248e-05, 0, 7.006766984, 0.31504545027],
      [1.1710791489, 0.38459619482, 0.72562123731, 28.4003554831, 38.2706815859, 13.990706627, 16.9331028078, 27.7515700768, 13.4430707891, 17.017143174, 7.1696274065, 19.1634062367, 6.1190211027, 0.96751057104, 0.46081958813, 0.28862935458, 27.9040578393, 7.7472031433, 0.26363878648, 0.89106973592, 0.22023641964, 12.9366820556, 10.4152599513, 24.6215805158, 16.5780322321, 16.1683702, 17.7294211227, 32.0950473599, 29.3348644308, 17.9480563027, 8.5056394987, 0.091977163001, 6.4079711981, 0.38719816645, 15.4171008207, 15.3287712627, 9.4062380833, 9.2092774312, 15.1662434079, 5.519662227, 18.4279624016, 7.5506933284, 56.9270003625, 0.30355188916, 2.7578507371, 54.0443712568, 3.0115188834]
    ],
    [
      [0.074373610527, 0.24918583378, 0, 0.36473777439, 1.0829885353, 0, 0, 0.70606712773, 0.24818688163, 0.58980281093, 0.051261770461, 0, 0.56689083829, 0.14504978645, 0, 0, 0, 0.37846733824, 0.15408545775, 0.13930756102, 0, 0.3002645297, 0.16613162508, 0.36086218097, 0.36725175681, 0.10115574574, 0, 0.85779440456, 0, 0, 0.82973792863, 0, 0, 0.047830900825, 0.62312225436, 0.32376141167, 1.0200347954, 1.6550931879, 0, 0, 0.14635879103, 0.51660436561, 1.4316432407, 0, 0, 0.79418301969, 0],
      [0.22480557834, 0, 0.41594507443, 9.3239584003, 18.44425278, 8.6423982291, 9.8922720519, 14.6338227919, 4.5502125539, 6.6965271835, 5.531175027, 10.4950986808, 6.1127721758, 0, 2.2000373141, 0.13790280184, 13.9211143954, 1.9576986719, 0, 0.39733574353, 0.33368425358, 5.5244022136, 4.7976705443, 8.3427068597, 4.5588385631, 3.0387172173, 6.4567753877, 11.3187084917, 10.4608433682, 9.7047264638, 6.1211566455, 0.45338825559, 2.1829904316, 0, 9.7343886787, 5.0338716732, 11.4939375502, 1.4621061159, 0, 4.2506474823, 5.7252116145, 5.5362404612, 27.1813504844, 1.0000358253, 2.3108956912, 20.8526047511, 2.1434857624],
      [20.5635376422, 25.5460833584, 21.288722689, 362.2798014954, 1094.0843231455, 266.261115924, 492.7658517335, 590.6601100804, 185.8029894522, 286.0885826264, 218.7641941226, 580.5049013192, 178.06094859, 13.8408333346, 14.7999626859, 24.7072595599, 635.4855754792, 95.6638339899, 7.6969270387, 9.1115840488, 33.5030302885, 311.6586909467, 165.6485544062, 322.4715326812, 257.2435167174, 106.5043471667, 355.3898189951, 362.4358395121, 483.3329527863, 599.9446498585, 441.0491054259, 17.498118607, 371.2791876922, 20.9458616304, 675.4212366241, 312.0220299798, 602.4860276545, 446.2714376427, 113.737874623, 250.7493525177, 271.1284295944, 390.0086946979, 1438.3257368992, 2.9999641747, 40.4221552936, 1189.4732041683, 111.3885588001],
      [0.13728316892, 0.20473080782, 0.29533223656, 1.0315023299, 2.3884355392, 1.0964858469, 1.3418762146, 0, 0.39861111229, 0.62508737919, 0.65336907992, 0, 1.2593883959, 0.014116878959, 0, 0.15483763829, 1.5933101253, 0, 0.1489875036, 0.35177264664, 0.1632854579, 0.51664230993, 0.3876434244, 0.82489827811, 0.83039296278, 0.35577987023, 0.15340561727, 1.3876575917, 1.2062038455, 1.3506236777, 0, 0.048493137402, 1.5378218762, 0.0063074687555, 1.2212524428, 0.62033693526, 0, 0.61136305345, 0.26212537697, 0, 0, 0.93846047531, 3.0612693756, 0, 0.26694901515, 2.880008061, 0.46795543752]
    ],
    [
      [0.60157257493, 0.30317690902, 0, 26.6819008782, 61.0774058456, 30.3875350257, 21.1968309033, 65.1061527085, 26.377528552, 24.4569952903, 7.2862734605, 26.2890148393, 7.96916576, 0.8063467265, 0, 0, 16.7825951502, 4.376840684, 1.3970610844, 0.94481063333, 1.902977419, 19.5182204859, 10.5264229442, 30.7682333494, 21.981468191, 8.8122003882, 9.4019552998, 41.1499368979, 30.7539684329, 12.327092536, 16.3498406065, 3.5931059924, 6.4361757709, 2.6892432095, 24.2935146465, 20.1322915442, 27.4936699127, 16.5098719506, 63.9619540767, 5.2828207473, 7.3141068018, 16.7207967504, 71.8334276319, 0, 6.4943518781, 57.1185715004, 0.34295582366],
      [0.19654598387, 0.38725545672, 0.66676800932, 37.0911600711, 66.7211640929, 19.1469291968, 32.277158478, 63.6218642934, 26.1812936021, 24.7274261269, 13.7651465182, 49.062105462, 12.7013789897, 1.2601844787, 1.1533023368, 0.67082995782, 28.3510416455, 4.0067437507, 1.2838036027, 0.67596985004, 0.63498306889, 25.7039020983, 16.4304803116, 38.693626008, 22.8415069623, 14.2862989146, 16.932518867, 37.3204958307, 48.5988247817, 26.2493348356, 14.853530735, 2.5702256285, 8.7267860894, 0.51357936124, 29.1437379349, 23.4917172316, 31.0060388451, 13.3840263931, 2.2497066657, 11.7452884273, 10.3975422135, 17.0519455943, 82.2237081903, 0, 3.8499793323, 47.5064478974, 0.9990496375],
      [0.047272550662, 0.15376470464, 0.14365519519, 8.2992033936, 22.6775161858, 4.0818924367, 9.0879476413, 16.1597830156, 6.0998152645, 6.2908290365, 2.928222173, 19.5977156226, 2.0904765117, 0.45190143917, 0.037057941646, 0.19970341891, 7.7048829933, 1.10441607, 0.77322531386, 0.064614056433, 0.25003606033, 8.1988465081, 3.2144055825, 8.6253724798, 6.7863393152, 2.8047899132, 5.8387008757, 6.8805563441, 12.7142247456, 9.1388840138, 6.4383890084, 0.39819213171, 6.9606937048, 0.64319506373, 11.9079635902, 8.1757562038, 9.6148642107, 10.3414069548, 1.1026410694, 4.5942493741, 3.2571147344, 6.5458058889, 25.0312835875, 0, 0.49447445315, 15.6160168714, 0.25698506524],
      [0.15460889054, 0.15580292961, 0.18957679549, 14.9277356571, 28.5239138756, 9.3836433408, 11.4380629774, 19.1121999825, 8.3413625814, 11.5247495464, 4.0203578482, 14.0511640761, 4.2389787387, 0.48156735559, 1.8096397216, 0.12946662328, 12.161480211, 2.5119994953, 0.54590999906, 0.3146054602, 0.21200345174, 8.5790309077, 4.8286911618, 13.9127681628, 9.3906855316, 6.096710784, 8.8268249575, 16.6490109273, 16.9329820398, 10.2846886145, 4.3582396501, 0.43847624739, 4.8763444349, 0.15398236554, 10.6547838284, 11.2002350204, 7.8854270315, 10.7646947015, 1.6856981882, 9.3776414513, 6.0312362503, 6.6814517664, 30.9115805903, 0, 1.1611943364, 19.7589637308, 0.4010094736]
    ],
    [
      [0.29839997657, 0.43355372505, 0, 6.8182485889, 14.9705397578, 5.8801651398, 5.9394326021, 16.1607007329, 8.5482226302, 8.6122832443, 3.2776301977, 6.9245809538, 3.0114775457, 0, 0, 0, 6.9978927732, 2.0396348184, 0.34767235312, 0.88344862953, 1.8269158249, 4.8891751128, 4.6220021617, 10.9495778813, 6.5323783753, 2.6284215131, 2.4231605943, 10.4827696079, 7.8360278821, 6.2516216003, 5.4018178144, 1.3891412771, 2.4027686517, 0.77969681845, 8.1348785697, 4.497413432, 8.0467662494, 4.3276717873, 21.52291234, 2.1001455772, 4.119472629, 6.0261950978, 25.632923168, 0, 2.9928005606, 27.7829924249, 0.2742782482],
      [0.36083221198, 1.283696162, 1.3484030912, 18.0595909255, 31.1079406676, 7.087750416, 17.2379741961, 30.0578702884, 16.2029528975, 16.6145199579, 11.8618221424, 23.3706699722, 9.2123134225, 0, 0.96703989728, 0, 22.5294798499, 3.6363514761, 0.6801211956, 1.4381799985, 1.5086774711, 12.2959134018, 13.8047139256, 26.2305723564, 12.965843224, 8.1630406592, 7.8183408118, 18.1214076492, 23.572142327, 22.377583867, 9.3987825976, 1.8364411676, 6.2438201261, 0.33972424312, 18.607325277, 10.0214395453, 17.3211086058, 6.7083119129, 1.4590279969, 7.2696899088, 11.2124473506, 11.7559129387, 55.7837951467, 0, 3.4960058859, 43.9755650217, 1.5741858486],
      [0.15509410528, 0.94849701161, 0.43404069346, 7.3021052188, 19.0984921841, 2.7301091831, 8.7718561017, 13.7907167962, 6.8263244879, 7.6400008363, 4.5660752918, 17.1835627475, 2.7402350044, 0, 0.056341497748, 0, 11.0638977266, 1.8182830249, 0.78530740649, 0.24392049327, 1.2232509568, 7.0942334491, 4.8849371822, 10.56447462, 6.9682897391, 2.9013824832, 4.9946631823, 6.0345378101, 11.1440530382, 14.4194862108, 7.3710469058, 0.55522899115, 9.045571971, 0.81345194449, 13.7469456538, 6.3154900162, 9.7109001591, 9.3915721349, 1.2931123165, 5.5260653255, 6.361275724, 8.1657778186, 30.6673022635, 0, 0.81290339973, 26.1051542774, 0.7352447965],
      [0.18567370617, 0.33425310135, 0.21755621535, 4.8200552667, 8.8230273905, 2.3019752611, 4.0507371001, 5.9907121825, 3.4224999844, 5.1331959615, 2.2944723681, 4.5211863265, 2.0359740274, 0, 0.97661860497, 0, 6.4087296503, 1.5057306806, 0.18689904479, 0.43445087866, 0.44115574721, 2.7206780363, 2.6883467305, 6.2553751424, 3.5334886616, 2.3071553445, 2.7638354116, 5.3612849328, 5.4477767526, 5.9513083219, 1.8283526821, 0.21918856415, 2.3078392512, 0.067126993943, 4.5108504995, 3.1656570065, 2.9212249857, 3.5724441649, 0.72494734658, 4.1040991884, 4.3068042963, 3.052114145, 13.9159794218, 0, 0.69829015381, 12.1362882761, 0.41629110669]
    ]
  ],
  "prob": [
    [0.12471195317, 0.2887364194, 0.34208827041, 0.24446335702],
    [0.0020660186288, 0.60712115755, 0.26746130214, 0.12335152168],
    [0.001816671599, 0.9197353996, 0.0088553576804, 0.069592571118],
    [0.00094320101571, 0.018748226083, 0.97827752693, 0.0020310459739],
    [0.35115220127, 0.38189867513, 0.11659879442, 0.15035032917],
    [0.21090702211, 0.43539094802, 0.2399198209, 0.11378220897]
  ],
  "iterations": 167,
  "time": 6.008576,
  "message": "Converged",
  "status": 0,
  "miniter": 0,
  "maxiter": 1000,
  "maxtime": 3600,
  "param_threshold": 0.001,
  "ll_threshold": "-Inf",
  "initial_prob": "random",
  "adjust_prob_cond_method": "lp",
  "adjust_prob_cond_every": true,
  "candidates_id": ["GUDGEON, William Mulligan.c", "MORONEY, Suzanne Mary.c", "MACINDOE, Timothy Harley.c", "Other candidates votes.c"],
  "group_id": ["Conservative Party.p", "Green Party.p", "Labour Party.p", "National Party.p", "New Zealand First Party.p", "Other parties votes.p"]
}
