{
  "X": [
    [48, 533, 310, 64],
    [24, 245, 206, 26],
    [3, 11, 59, 3],
    [6, 32, 92, 5],
    [15, 67, 188, 20],
    [9, 199, 25, 28],
    [10, 107, 83, 20],
    [9, 34, 54, 7],
    [2, 21, 64, 4],
    [11, 382, 112, 60],
    [12, 226, 132, 34],
    [10, 203, 88, 28],
    [8, 88, 10, 16],
    [11, 402, 139, 60],
    [0, 14, 51, 4],
    [27, 543, 646, 80],
    [25, 301, 197, 32],
    [28, 442, 358, 33],
    [16, 325, 167, 40],
    [5, 114, 318, 13],
    [27, 260, 654, 19],
    [34, 459, 1142, 49],
    [36, 422, 465, 61],
    [23, 277, 510, 32],
    [35, 286, 685, 32],
    [12, 118, 244, 15],
    [4, 10, 60, 4],
    [36, 397, 318, 47],
    [66, 872, 807, 124],
    [12, 76, 223, 12],
    [27, 280, 249, 38],
    [38, 700, 494, 70],
    [6, 57, 159, 15],
    [10, 53, 151, 12],
    [26, 138, 167, 34],
    [3, 45, 97, 17],
    [11, 179, 150, 18],
    [19, 234, 170, 22],
    [30, 321, 438, 55],
    [3, 123, 78, 20],
    [0, 24, 94, 2],
    [4, 56, 202, 19],
    [7, 30, 150, 13],
    [7, 54, 69, 5],
    [4, 22, 96, 12],
    [10, 355, 194, 44],
    [24, 606, 525, 68],
    [2, 19, 89, 5],
    [3, 6, 60, 6],
    [11, 148, 219, 23],
    [0, 18, 14, 1],
    [7, 64, 129, 4],
    [7, 66, 266, 7],
    [14, 55, 137, 9],
    [5, 60, 81, 10],
    [18, 243, 341, 21],
    [22, 209, 195, 26],
    [23, 247, 209, 30],
    [10, 184, 204, 24],
    [20, 474, 621, 63],
    [0, 14, 55, 4],
    [8, 221, 263, 62],
    [74, 909, 1327, 131],
    [16, 171, 172, 20],
    [119, 870, 835, 151],
    [19, 116, 132, 12]
  ],
  "W": [
    [41, 467, 301, 60, 86],
    [18, 218, 203, 30, 32],
    [2, 11, 58, 1, 4],
    [8, 19, 89, 11, 8],
    [15, 62, 180, 12, 21],
    [6, 199, 28, 7, 21],
    [3, 98, 80, 13, 26],
    [3, 36, 50, 7, 8],
    [5, 17, 63, 2, 4],
    [9, 374, 103, 30, 49],
    [4, 219, 109, 20, 52],
    [10, 194, 77, 19, 29],
    [3, 92, 7, 6, 14],
    [11, 365, 134, 44, 58],
    [0, 12, 54, 2, 1],
    [35, 460, 617, 79, 105],
    [24, 282, 187, 32, 30],
    [32, 385, 346, 51, 47],
    [24, 247, 149, 27, 101],
    [14, 83, 302, 22, 29],
    [26, 224, 631, 31, 48],
    [79, 355, 1091, 58, 101],
    [33, 378, 459, 42, 72],
    [37, 230, 488, 35, 52],
    [66, 255, 649, 37, 31],
    [16, 105, 222, 25, 21],
    [2, 9, 61, 2, 4],
    [38, 360, 297, 54, 49],
    [98, 786, 742, 93, 150],
    [17, 70, 217, 5, 14],
    [25, 258, 231, 35, 45],
    [39, 644, 457, 63, 99],
    [6, 49, 156, 12, 14],
    [8, 47, 147, 14, 10],
    [30, 131, 161, 21, 22],
    [3, 52, 87, 9, 11],
    [15, 153, 138, 28, 24],
    [12, 223, 157, 28, 25],
    [27, 293, 402, 51, 71],
    [5, 114, 67, 19, 19],
    [2, 17, 91, 8, 2],
    [11, 44, 196, 10, 20],
    [8, 30, 145, 10, 7],
    [11, 38, 72, 6, 8],
    [4, 26, 90, 4, 10],
    [17, 314, 206, 26, 40],
    [26, 558, 480, 70, 89],
    [2, 15, 87, 2, 9],
    [4, 10, 54, 3, 4],
    [11, 124, 221, 21, 24],
    [6, 11, 14, 1, 1],
    [5, 57, 125, 8, 9],
    [8, 47, 260, 12, 19],
    [27, 45, 132, 6, 5],
    [7, 56, 74, 8, 11],
    [26, 205, 321, 34, 37],
    [20, 185, 183, 33, 31],
    [10, 219, 210, 30, 40],
    [11, 166, 191, 24, 30],
    [28, 423, 581, 73, 73],
    [0, 11, 51, 6, 5],
    [10, 202, 266, 36, 40],
    [111, 767, 1239, 144, 180],
    [16, 154, 162, 29, 18],
    [103, 778, 843, 91, 160],
    [25, 93, 143, 5, 13]
  ],
  "method": "mvn_pdf",
  "cond_prob": [
    [
      [0.59225777738, 0.2002404966, 0.18165573071, 0.025845995306],
      [0.00044742231772, 0.93654499291, 0.0086945772989, 0.054313007477],
      [0.0021421500558, 0.062266077177, 0.9324399055, 0.0031518672634],
      [0.26362849664, 0.38888499963, 0.16358642598, 0.18390007774],
      [0.081930092319, 0.52730742725, 0.093164538684, 0.29759794174]
    ],
    [
      [0.63937815018, 0.16408694511, 0.17612064486, 0.020414259852],
      [0, 0.93501130046, 0.012986544549, 0.052002154991],
      [0, 0.054950169919, 0.94248450827, 0.0025653218086],
      [0.30992023193, 0.35335334902, 0.17549874992, 0.16122766913],
      [0.099799573091, 0.51432770386, 0.10654512513, 0.27932759792]
    ],
    [
      [0.87939771371, 0.025321613753, 0.088615842804, 0.0066648297312],
      [0, 0.86850413916, 0.037352121933, 0.094143738903],
      [0, 0.003214329922, 0.98932833242, 0.0074573376564],
      [0.5582848362, 0.12244570157, 0.19795754361, 0.12131191862],
      [0.17072993409, 0.27173360116, 0.20822353727, 0.34931292748]
    ],
    [
      [0.43573874181, 0.22472028891, 0.31613279858, 0.023408170697],
      [0.00034581967125, 0.94045114671, 0.017706669666, 0.041496363948],
      [0.0022585111626, 0.038836430628, 0.95602325759, 0.0028818006219],
      [0.17213599626, 0.40824140999, 0.26222274974, 0.15739984401],
      [0.051627004932, 0.54832100816, 0.14549883942, 0.25455314749]
    ],
    [
      [0.61420635099, 0.1001429554, 0.25359912949, 0.032051564119],
      [0.0010194809835, 0.85133405924, 0.032116572044, 0.11552988773],
      [0.0015840696207, 0.020318761106, 0.97809716927, 0],
      [0.28798717131, 0.21215558788, 0.24792888681, 0.25192835401],
      [0.094415158422, 0.31009047344, 0.15105468952, 0.44443967861]
    ],
    [
      [0.72049616046, 0.16269637599, 0.082055689588, 0.034751773958],
      [0.00070828282907, 0.91473387108, 0, 0.084557846093],
      [0.017585806368, 0.15086484027, 0.82314903616, 0.0084003172025],
      [0.3114080649, 0.34108041766, 0.078975138767, 0.26853637867],
      [0.088753129601, 0.44666680706, 0.043174613268, 0.42140545007]
    ],
    [
      [0.73337112243, 0.1061188163, 0.13972266295, 0.020787398325],
      [0, 0.90594888811, 0.01650879897, 0.077542312919],
      [0, 0.041949702946, 0.95189552215, 0.0061547749048],
      [0.3861463344, 0.26355864264, 0.16042996138, 0.18986506159],
      [0.10692247252, 0.42755438178, 0.10483609393, 0.36068705177]
    ],
    [
      [0.91704669086, 0.017908084906, 0.060613981568, 0.0044312426707],
      [0, 0.86601063722, 0.038540062722, 0.095449300062],
      [0, 0.010028877448, 0.9761876714, 0.013783451153],
      [0.73269808829, 0.076582948995, 0.12108694435, 0.069632018363],
      [0.13999666368, 0.21654603627, 0.34671545211, 0.29674184795]
    ],
    [
      [0.32292145637, 0.23329928591, 0.39873080591, 0.045048451808],
      [0.0002162257276, 0.90640665262, 0.019547978667, 0.07382914299],
      [0.0011851319734, 0.031420334059, 0.96179400781, 0.0056005261613],
      [0.09992004698, 0.35789616628, 0.2724123352, 0.26977145154],
      [0.02680336812, 0.43232927442, 0.13404579274, 0.40682156472]
    ],
    [
      [0.44338434148, 0.25400576977, 0.24907619501, 0.053533693742],
      [0.0010468392993, 0.90947357401, 0.01029975021, 0.079179836477],
      [0.0011411766526, 0.057223066945, 0.93690820209, 0.0047275543091],
      [0.15015409387, 0.3816303472, 0.17285109199, 0.29536446693],
      [0.040731816679, 0.45363153224, 0.086104695736, 0.41953195535]
    ],
    [
      [0.52488089578, 0.12305664091, 0.33132228571, 0.020740177599],
      [0.001253128368, 0.89904413013, 0.03118957426, 0.068513167244],
      [0.0010256735097, 0.021644845145, 0.97590057795, 0.0014289033964],
      [0.24975442404, 0.26192045163, 0.32649146551, 0.16183365881],
      [0.086906815595, 0.4042194574, 0.21040772668, 0.29846600032]
    ],
    [
      [0.46675312036, 0.20839022529, 0.28985636796, 0.035000286392],
      [0.0013549610839, 0.91342367781, 0.017796013045, 0.067425348057],
      [0.0010276801736, 0.040735857755, 0.95555486942, 0.00268159265],
      [0.18117289037, 0.36262499227, 0.23230089353, 0.22390122382],
      [0.053385863994, 0.47190925348, 0.1261230299, 0.34858185263]
    ],
    [
      [0.87982847738, 0.047017504273, 0.060561763496, 0.012592254852],
      [0, 0.88146049816, 0.015334697536, 0.1032048043],
      [0.0062416192476, 0.039922078857, 0.94967824911, 0.0041580527883],
      [0.57832134126, 0.16316716776, 0.097286907758, 0.16122458322],
      [0.13192108468, 0.39329457842, 0.084003810421, 0.39078052648]
    ],
    [
      [0.3770822014, 0.32809683196, 0.24067864666, 0.054142319975],
      [0, 0.92584579819, 0.0059753175734, 0.068178884236],
      [0, 0.076283661673, 0.91884378534, 0.0048725529915],
      [0.11846119061, 0.45331775229, 0.15368019605, 0.27454086105],
      [0.028272472376, 0.52222804731, 0.073871519157, 0.37562796116]
    ],
    [
      [0.089471464143, 0.35440719827, 0.3297189324, 0.22640240519],
      [0, 0.8303423331, 0.012702651863, 0.15695501504],
      [0, 0.062406746946, 0.93759325305, 0],
      [0, 0.23724117742, 0.092967080698, 0.66979174188],
      [0, 0.19144531289, 0.031598351313, 0.77695633579]
    ],
    [
      [0.36551539743, 0.24814131413, 0.35051476317, 0.035828525273],
      [0, 0.92301111521, 0.018517261164, 0.058471623623],
      [0, 0.041158569847, 0.95579888158, 0.0030425485742],
      [0.13449046174, 0.39623915203, 0.25961077776, 0.20965960847],
      [0.03411632964, 0.5050686705, 0.1426369693, 0.31817803057]
    ],
    [
      [0.57823520986, 0.17865461619, 0.21840603435, 0.024704139599],
      [0, 0.92768691425, 0.015227078006, 0.057086007739],
      [0.0014689540501, 0.046909705589, 0.94909294124, 0.0025283991236],
      [0.26120855044, 0.35642298745, 0.20154315643, 0.18082530567],
      [0.082966231398, 0.49756429493, 0.11781527202, 0.30165420165]
    ],
    [
      [0.46070500147, 0.2492861846, 0.26676293146, 0.023245882471],
      [0.0016974776728, 0.94948766205, 0.015863409167, 0.032951451113],
      [0.001147552504, 0.053367635739, 0.94353302835, 0.0019517834052],
      [0.18717663963, 0.44238830754, 0.2193127504, 0.15112230244],
      [0.056613814078, 0.5838954586, 0.12146373583, 0.23802699149]
    ],
    [
      [0.36649772308, 0.31259541339, 0.29122936459, 0.029677498948],
      [0, 0.94810144019, 0.015167405237, 0.036731154574],
      [0, 0.061057373423, 0.93668532129, 0.0022573052877],
      [0.1309877429, 0.48854394322, 0.21054047826, 0.16992783563],
      [0.036310748396, 0.6042417747, 0.10904396407, 0.25040351283]
    ],
    [
      [0.23528060433, 0.23352763547, 0.50885973217, 0.022332028028],
      [0, 0.93276322417, 0.028542087045, 0.038694688783],
      [0, 0.027917882978, 0.97189478648, 0.00018733054385],
      [0.077548706334, 0.39784354544, 0.38884529534, 0.13576245289],
      [0, 0.55612092545, 0.22207408659, 0.22180498796]
    ],
    [
      [0.51426253986, 0.13607489061, 0.33691119447, 0.012751375061],
      [0.00073085488923, 0.93269105079, 0.039430687378, 0.027147406944],
      [0.0015378279911, 0.024260716091, 0.97420145592, 0],
      [0.25717353543, 0.29814286862, 0.34241201675, 0.1022715792],
      [0.094223195995, 0.4789232643, 0.23066549517, 0.19618804453]
    ],
    [
      [0.30622868023, 0.22482191865, 0.44560204902, 0.023347352092],
      [0, 0.93213907617, 0.026316439668, 0.041544484165],
      [0, 0.031487391776, 0.96851260822, 0],
      [0.12039113833, 0.38240107589, 0.35172722052, 0.14548056526],
      [0.027972754838, 0.53265039166, 0.20205611567, 0.23732073783]
    ],
    [
      [0.57293708868, 0.17740214259, 0.22024636853, 0.029414400202],
      [0.00062121927638, 0.91693457187, 0.016133460871, 0.066310747982],
      [0.0012156178472, 0.046779810059, 0.94817931505, 0.0038252570464],
      [0.25260439551, 0.34227691418, 0.1970194479, 0.20809924241],
      [0.079040305328, 0.46801247103, 0.11311526682, 0.33983195682]
    ],
    [
      [0.38941433366, 0.20984082773, 0.3757057123, 0.025039126307],
      [0.00036348626406, 0.92791932777, 0.023466192657, 0.048250993311],
      [0.00081514448687, 0.033599832989, 0.96460651988, 0.0009785026475],
      [0.15804330143, 0.37138503586, 0.30804889677, 0.16252276594],
      [0.049591572196, 0.50806248526, 0.17676867783, 0.26557726472]
    ],
    [
      [0.39579086113, 0.1740243968, 0.40565394384, 0.024530798231],
      [0.00044080178045, 0.91329479809, 0.030111829805, 0.056152570323],
      [0.0013273870913, 0.024080731458, 0.9727689558, 0.0018229256491],
      [0.1676785192, 0.32038320013, 0.34618624185, 0.16575203882],
      [0.05483287997, 0.45618203794, 0.20685096267, 0.28213411941]
    ],
    [
      [0.37361343232, 0.14940019745, 0.4572627173, 0.019723652935],
      [0.00046680917721, 0.9088834029, 0.038632944712, 0.052016843215],
      [0.0031656542403, 0.017263357499, 0.97766582581, 0.0019051624533],
      [0.16365855828, 0.28850562842, 0.40793232194, 0.13990349136],
      [0.056139567669, 0.43484445055, 0.25653409289, 0.2524818889]
    ],
    [
      [0.93683409981, 0.017600026131, 0.03805658617, 0.0075092878853],
      [0, 0.83198270956, 0.022902077947, 0.14511521249],
      [0, 0.023733390755, 0.96750734258, 0.0087592666605],
      [0.65703158596, 0.093728582088, 0.093973711765, 0.15526612019],
      [0.20306715711, 0.21044039036, 0.12796820124, 0.45852425129]
    ],
    [
      [0.52120425933, 0.19228218812, 0.25973184691, 0.026781705641],
      [0.00049031637382, 0.9252649677, 0.017418018601, 0.056826697328],
      [0.0013471920042, 0.042730332976, 0.95358870017, 0.0023337748452],
      [0.22515474817, 0.36267122444, 0.22698235705, 0.18519167034],
      [0.070596976014, 0.49638231564, 0.13034309977, 0.30267760857]
    ],
    [
      [0.42631992346, 0.20964580741, 0.33071792493, 0.033316344203],
      [0.00020947099388, 0.91535258804, 0.020549415112, 0.063888525854],
      [0.0008886521104, 0.037092608939, 0.95970658566, 0.0023121532896],
      [0.16882691727, 0.35913828806, 0.26297773256, 0.20905706212],
      [0.051304800853, 0.47376666701, 0.14585724927, 0.32907128286]
    ],
    [
      [0.54239798369, 0.12657112166, 0.30672206345, 0.0243088312],
      [0.00074561807301, 0.89495362715, 0.029862522891, 0.074438231887],
      [0.0014056853696, 0.020071481784, 0.9753485303, 0.0031743025478],
      [0.25060635247, 0.26496121471, 0.29583057904, 0.18860185378],
      [0.083498251755, 0.39437281505, 0.18325459635, 0.33887433684]
    ],
    [
      [0.55985483899, 0.15767841084, 0.25786088268, 0.024605867493],
      [0, 0.91522079824, 0.021168944102, 0.063610257662],
      [0.00088525107307, 0.035423817306, 0.96152422473, 0.0021667068923],
      [0.25738419754, 0.31876887513, 0.24136859523, 0.18247833209],
      [0.084237535859, 0.4575835857, 0.14515319132, 0.31302568712]
    ],
    [
      [0.46804130808, 0.20291477908, 0.30445276337, 0.024591149468],
      [0.00085226315316, 0.93139955285, 0.019993246414, 0.047754937586],
      [0.001046269523, 0.038818886871, 0.95828978894, 0.0018450546621],
      [0.19864936278, 0.37448598609, 0.26065712158, 0.16620752955],
      [0.062671479664, 0.51446629453, 0.15041272052, 0.27244950529]
    ],
    [
      [0.46561616014, 0.1653659465, 0.32360503802, 0.045412855334],
      [0.00046994124416, 0.87286299629, 0.025678640739, 0.10098842173],
      [0.0026123983032, 0.030458049007, 0.96692955269, 0],
      [0.17310740029, 0.28286924816, 0.25442336768, 0.28959998386],
      [0.049889498527, 0.36368791998, 0.13614469599, 0.4502778855]
    ],
    [
      [0.61171069802, 0.11422181792, 0.24656148249, 0.027506001566],
      [0.00088564289634, 0.88185169101, 0.026043585359, 0.091219080733],
      [0.00077731746941, 0.024163872289, 0.97187707301, 0.0031817372278],
      [0.2867603603, 0.2468508186, 0.24546412281, 0.2209246983],
      [0.093577848757, 0.36311952921, 0.15010321759, 0.39319940444]
    ],
    [
      [0.61107984813, 0.14065903334, 0.19912827139, 0.049132847133],
      [0.00075512922537, 0.87219522517, 0.017121669277, 0.10992797633],
      [0.00451052848, 0.043208083588, 0.95228138793, 0],
      [0.24941368158, 0.25481057709, 0.16641849125, 0.32935725008],
      [0.072945464958, 0.32796049666, 0.089596427709, 0.50949761067]
    ],
    [
      [0.33595721783, 0.096291725718, 0.50990098825, 0.057850068203],
      [0.0061110971591, 0.7718317954, 0.078130114144, 0.1439269933],
      [0.0029436676273, 0.010879711014, 0.98617662136, 0],
      [0.11618063658, 0.15544143223, 0.37621037191, 0.35216755928],
      [0.033875134678, 0.20276033762, 0.20220651766, 0.56115801004]
    ],
    [
      [0.38323038777, 0.25579710294, 0.33377195939, 0.027200549903],
      [0.00028052470584, 0.93957484118, 0.01821929801, 0.041925336102],
      [0.00075360149617, 0.043657449918, 0.95376771114, 0.0018212374479],
      [0.14540258675, 0.42903167531, 0.25808702733, 0.16747871062],
      [0.043056436167, 0.5571032399, 0.13997862965, 0.25986169428]
    ],
    [
      [0.62680920695, 0.13107978879, 0.22567471401, 0.016436290247],
      [0, 0.92637450017, 0.023349919371, 0.050275580463],
      [0, 0.033638511114, 0.96471877344, 0.0016427154421],
      [0.30842990858, 0.31399333643, 0.23945579538, 0.13812095961],
      [0.11369008305, 0.4708987733, 0.15677046843, 0.25864067521]
    ],
    [
      [0.48248464331, 0.14752836757, 0.34367585351, 0.026311135618],
      [0.00061930300468, 0.89979475609, 0.029630331018, 0.069955609886],
      [0.0018743452378, 0.022952325189, 0.97227080528, 0.002902524297],
      [0.21513703776, 0.28706793894, 0.31007076634, 0.18772425696],
      [0.071351875197, 0.41562775957, 0.18834636848, 0.32467399675]
    ],
    [
      [0.27727502597, 0.24781036409, 0.43121251493, 0.043702095008],
      [0, 0.90884313238, 0.021596812416, 0.069560055203],
      [0, 0.032645668259, 0.9646770932, 0.0026772385401],
      [0.058619366384, 0.37901788906, 0.30777592295, 0.25458682161],
      [0.02630825836, 0.46127533803, 0.15267331734, 0.35974308627]
    ],
    [
      [0, 0.32197699578, 0.59810076564, 0.079922238576],
      [0, 0.94485801907, 0.026423201846, 0.028718779081],
      [0, 0.025912209509, 0.97335246898, 0.00073532150646],
      [0, 0.47040598968, 0.41531663134, 0.11427737898],
      [0, 0.58610035073, 0.22849815452, 0.18540149476]
    ],
    [
      [0.28136483828, 0.2091658892, 0.44149191372, 0.067977358798],
      [0, 0.85462493239, 0.036906187877, 0.10846887973],
      [0, 0.030652337786, 0.96934766221, 0],
      [0.08624239645, 0.28686600164, 0.27805541321, 0.3488361887],
      [0.0021281407185, 0.36095799855, 0.13735103783, 0.49956282291]
    ],
    [
      [0.50956161847, 0.10411153025, 0.32382915355, 0.062497697735],
      [0.00069935684482, 0.77392453263, 0.082972386135, 0.14240372439],
      [0.0049958392115, 0.018741890496, 0.97626227029, 0],
      [0.18250203519, 0.17304887173, 0.24713449859, 0.39731459449],
      [0.050444187045, 0.21447270569, 0.12726014418, 0.60782296309]
    ],
    [
      [0.46355383004, 0.33085805808, 0.17782619441, 0.027761917479],
      [0.00025147514414, 0.95853698493, 0.0069460334083, 0.034265506519],
      [0.0080263987391, 0.076516342026, 0.90928020404, 0.0061770551903],
      [0.1613052044, 0.53938221303, 0.13137033072, 0.16794225185],
      [0.043202484816, 0.64883575373, 0.06544573956, 0.2425160219]
    ],
    [
      [0.51031073176, 0.072565977272, 0.36307122228, 0.054052068695],
      [0.00083613173499, 0.72173298595, 0.11828765447, 0.15914322784],
      [0.0072949140444, 0.0077426019174, 0.98496248404, 0],
      [0.18795009719, 0.13198657655, 0.30199715754, 0.37806616873],
      [0.052867499512, 0.17198979775, 0.1617623901, 0.61338031264]
    ],
    [
      [0.35089556268, 0.39578840921, 0.19488652044, 0.058429507667],
      [0.00043959302981, 0.92523065398, 0.010411277921, 0.063918475067],
      [0.0011033016773, 0.10776015486, 0.8848989227, 0.0062376207672],
      [0.10167474662, 0.5075927291, 0.11530818954, 0.27542433475],
      [0.025647991637, 0.55882922089, 0.053264922047, 0.36225786543]
    ],
    [
      [0.36758410429, 0.21179905819, 0.39304070809, 0.027576129432],
      [0, 0.92401218871, 0.023546643106, 0.05244116818],
      [0.00038934092165, 0.031899454814, 0.96609522177, 0.0016159824954],
      [0.14593119959, 0.36536439857, 0.31444691875, 0.1742574831],
      [0.045401636799, 0.49446266263, 0.17870701096, 0.28142868961]
    ],
    [
      [0.44522796265, 0.13934215133, 0.38870193361, 0.026727952408],
      [0.00043332072182, 0.89521974, 0.032350509578, 0.071996429701],
      [0.0035216930105, 0.013636588166, 0.97913650867, 0.0037052101505],
      [0.16920005488, 0.27762041735, 0.35311396656, 0.20006556121],
      [0.050917429132, 0.39459951024, 0.20513714461, 0.34934591602]
    ],
    [
      [0.42859489057, 0.04899183073, 0.47037883659, 0.052034442109],
      [0.020192189197, 0.51005206254, 0.26758379796, 0.2021719503],
      [0.0086849273878, 0, 0.99131507261, 0],
      [0.15050669628, 0.087068214524, 0.37867570357, 0.38374938562],
      [0.040798094491, 0.11057685202, 0.19390141056, 0.65472364293]
    ],
    [
      [0.4847663855, 0.23145035563, 0.24574236722, 0.038040891646],
      [0.00038843541539, 0.92034145636, 0.013663492247, 0.065606615974],
      [0.0024460730072, 0.051362354618, 0.9419592992, 0.0042322731783],
      [0.18237038034, 0.39020063988, 0.19114388122, 0.23628509856],
      [0.052043485262, 0.49110048712, 0.10064726224, 0.35620876537]
    ],
    [
      [0, 0.76071264526, 0.15473313892, 0.084554215828],
      [0, 0.98251140287, 0.002134808595, 0.015353788533],
      [0, 0.071878882433, 0.92498182, 0.0031392975665],
      [0, 0.80119466329, 0.071039959901, 0.12776537681],
      [0, 0.82059967952, 0.027332832054, 0.15206748843]
    ],
    [
      [0.63101526152, 0.11053844992, 0.24866898079, 0.0097773077702],
      [0.00069376126489, 0.93707305116, 0.035201512894, 0.02703167468],
      [0, 0.027536150298, 0.9724638497, 0],
      [0.33626152153, 0.28123591645, 0.29164106322, 0.090861498793],
      [0.123920792, 0.48247085726, 0.20656212696, 0.18704622378]
    ],
    [
      [0.40559422599, 0.17791149975, 0.39986772725, 0.016626547009],
      [0.0027332903585, 0.93585833773, 0.030509761594, 0.030898610319],
      [0.001599102195, 0.025868244187, 0.97253265362, 0],
      [0.17539944632, 0.34643517767, 0.3593536713, 0.11881170471],
      [0.058222190461, 0.51096844779, 0.22086133636, 0.20994802539]
    ],
    [
      [0.46489607587, 0.19785318961, 0.29494656984, 0.042304164677],
      [0.00042135795825, 0.89833394803, 0.018272786036, 0.082971907973],
      [0.0010277287858, 0.038966135129, 0.95651194813, 0.0034941879505],
      [0.17401855406, 0.33193049191, 0.22653424563, 0.26751670839],
      [0.049814663837, 0.41956468611, 0.11907692303, 0.41154372702]
    ],
    [
      [0.41155926519, 0.16543970954, 0.39264324058, 0.030357784681],
      [0.00042107206352, 0.90020915206, 0.028462932725, 0.070906843151],
      [0.0032492581955, 0.018947166592, 0.972665725, 0.0051378502138],
      [0.16290266549, 0.30280823144, 0.32802962841, 0.20625947465],
      [0.050167152517, 0.41869575804, 0.18691567328, 0.34422141616]
    ],
    [
      [0.39012083683, 0.21622602247, 0.37261906686, 0.02103407384],
      [0.00035416818997, 0.94165478012, 0.022713592639, 0.035277459046],
      [0.0013728283682, 0.034688479999, 0.96393869163, 0],
      [0.16062582297, 0.38967080615, 0.31075919496, 0.13894417591],
      [0.050872915575, 0.53932659463, 0.1801482467, 0.2296522431]
    ],
    [
      [0.55326600318, 0.17501358089, 0.24795056327, 0.023769852658],
      [0, 0.92615802383, 0.018351587176, 0.055490388993],
      [0.0012140115004, 0.04048290039, 0.95589909776, 0.0024039903537],
      [0.24940661988, 0.34853152496, 0.2283474173, 0.17371443786],
      [0.080067657281, 0.4919542864, 0.13486920797, 0.29310884836]
    ],
    [
      [0.72059846045, 0.13060778058, 0.13107924603, 0.017714512935],
      [0, 0.93096802859, 0.011995627682, 0.05703634373],
      [0, 0.056740228684, 0.93772426174, 0.0055355095761],
      [0.385601778, 0.31311732568, 0.14560469051, 0.15567620581],
      [0.10564905138, 0.51257390349, 0.094298234919, 0.28747881021]
    ],
    [
      [0.40172602387, 0.20474518638, 0.36428636871, 0.029242421043],
      [0.00036949453379, 0.9197474016, 0.022830158352, 0.057052945514],
      [0.0013247123486, 0.03131486922, 0.96419923649, 0.0031611819457],
      [0.15867234854, 0.35860144696, 0.29457225524, 0.18815394926],
      [0.048617374045, 0.48273865121, 0.1657085121, 0.30293546264]
    ],
    [
      [0.32543649437, 0.21962782845, 0.42334590434, 0.031589772834],
      [0, 0.91708097057, 0.025060114057, 0.05785891537],
      [0, 0.030511997272, 0.96690590811, 0.0025820946165],
      [0.11145684019, 0.37199273868, 0.32357250447, 0.19297791666],
      [0.037690805808, 0.48003054674, 0.18017480812, 0.30210383933]
    ],
    [
      [0.12633918637, 0.17395419638, 0.66916272209, 0.030543895167],
      [0, 0.89293389391, 0.041639931831, 0.065426174261],
      [0, 0.01027300746, 0.98456995687, 0.0051570356701],
      [0, 0.28233330595, 0.48423842445, 0.2334282696],
      [0, 0.39196079017, 0.28469248056, 0.32334672927]
    ],
    [
      [0.36180818396, 0.2647098508, 0.26952262061, 0.10395934463],
      [0, 0.87474153546, 0.017899638954, 0.10735882559],
      [0, 0.064586207135, 0.93541379287, 0],
      [0.095794229639, 0.30973141585, 0.14562911781, 0.4488452367],
      [0.023333147335, 0.33312123152, 0.065658239547, 0.57788738159]
    ],
    [
      [0.38642776937, 0.20993570016, 0.37379520167, 0.029841328803],
      [0.00036414681339, 0.91920663838, 0.023324890643, 0.057104324166],
      [0.00011332031224, 0.033631229223, 0.96400631271, 0.0022491377556],
      [0.15367385731, 0.36053566521, 0.29811970718, 0.1876707703],
      [0.047543209306, 0.48377453805, 0.16825267895, 0.3004295737]
    ],
    [
      [0.50795238778, 0.18895278534, 0.27725175385, 0.025843073027],
      [0.00050658469583, 0.92563658165, 0.018936053523, 0.054920780136],
      [0.0016470676265, 0.03774188374, 0.95725902938, 0.0033520192559],
      [0.21738732252, 0.35900918592, 0.24318259605, 0.18042089551],
      [0.067982802435, 0.49462612797, 0.13997564729, 0.2974154223]
    ],
    [
      [0.68493166136, 0.14336318157, 0.14267416649, 0.029030990577],
      [0.00092439567103, 0.90605715204, 0.012849827873, 0.080168624413],
      [2.2974493907e-05, 0.064316227895, 0.93031779007, 0.0053430075456],
      [0.33334071517, 0.30248051732, 0.13978377339, 0.22439499411],
      [0.10862179043, 0.4286051301, 0.083307339766, 0.3794657397]
    ],
    [
      [0.6181436321, 0.2370426483, 0.11495073336, 0.029862986247],
      [0.00048262986618, 0.94181458755, 0.0063402259602, 0.051362556624],
      [0.0090403112394, 0.090784004956, 0.89068575606, 0.009489927747],
      [0.25358549981, 0.4419015713, 0.098271988577, 0.20624094031],
      [0.07237173952, 0.56104281424, 0.052089814819, 0.31449563142]
    ]
  ],
  "expected_outcome": [
    [
      [24.2825688727, 11.5088067033, 1.7587954274, 3.4859099345, 9.2130952648, 4.3229769628, 2.2001133673, 2.7511400726, 1.6146072819, 3.9904590733, 2.0995235831, 4.6675312036, 2.6394854321, 4.1479042154, 0, 12.79303891, 13.8776450366, 14.742560047, 8.7959453539, 3.2939284606, 13.3708260364, 24.1920657382, 18.9069239266, 14.4083303454, 26.1221968343, 5.9778149171, 1.8736681996, 19.8057618544, 41.7793524987, 9.2207657228, 13.9963709746, 18.2536110153, 2.7936969608, 4.8936855841, 18.3323954439, 1.0078716535, 5.7484558166, 7.5217104834, 13.0270853693, 1.3863751298, 0, 3.0950132211, 4.0764929478, 5.0990921304, 2.041242927, 5.9652245656, 9.5571867115, 0.89045592531, 1.7143795623, 5.3324302405, 0, 3.1550763076, 3.2447538079, 12.5521940486, 2.8809148564, 10.1431417575, 11.0653200636, 7.2059846045, 4.4189862625, 9.1122218424, 0, 3.6180818396, 42.8934823995, 8.1272382045, 70.5479611196, 15.4535908024],
      [8.2098603607, 2.953565012, 0.050643227506, 1.7977623113, 1.502144331, 0.97617825596, 0.31835644889, 0.053724254717, 1.1664964296, 2.2860519279, 0.49222656365, 2.0839022529, 0.14105251282, 3.6090651516, 0, 8.6849459945, 4.2877107885, 7.9771579072, 7.5022899212, 3.2693868966, 3.5379471558, 17.7609315736, 5.8542707054, 7.7641106262, 11.4856101891, 2.3904031592, 0.035200052262, 7.3067231486, 20.5452891262, 2.1517090681, 3.941960271, 7.9136763842, 0.99219567902, 0.91377454339, 4.2197710003, 0.28887517715, 3.836956544, 1.5729574655, 3.9832659243, 1.2390518204, 0.64395399157, 2.3008247812, 0.83289224199, 3.6394386388, 0.29026390909, 6.7284029566, 5.5067755129, 0.27868430267, 0.19596732292, 2.5459539119, 4.5642758715, 0.55269224959, 1.423291998, 5.3420361195, 1.1580779668, 5.6218765843, 3.5002716179, 1.3060778058, 2.2521970501, 6.1495791966, 0, 2.647098508, 23.3028627175, 3.0232445655, 14.7664077021, 5.9260662075],
      [7.447884959, 3.1701716074, 0.17723168561, 2.5290623886, 3.8039869424, 0.49233413753, 0.41916798885, 0.18184194471, 1.9936540295, 2.2416857551, 1.3252891429, 2.8985636796, 0.18168529049, 2.6474651133, 0, 12.2680167109, 5.2417448245, 8.5364138068, 6.9895047501, 7.1240362504, 8.7596910561, 35.2025618729, 7.2681301614, 13.901111355, 26.7731602934, 7.3162034767, 0.076113172341, 9.8698101826, 32.4103566432, 5.2142750787, 6.446522067, 11.8736577713, 1.9416302281, 1.9724918599, 5.9738481418, 1.5297029648, 5.0065793908, 2.7080965681, 9.2792480447, 2.1560625747, 1.1962015313, 4.8564110509, 2.5906332284, 1.9560881385, 1.4522848891, 3.3130708475, 10.2190584103, 0.77740386721, 1.8815153464, 2.7031660395, 0.9283988335, 1.2433449039, 3.198941818, 7.9635573856, 2.7485026841, 9.6880957384, 4.9590112653, 1.3107924603, 4.0071500559, 11.8536853216, 0, 2.6952262061, 41.4912673858, 4.4360280616, 14.6954391489, 2.8737683339],
      [1.0596858075, 0.36745667734, 0.013329659462, 0.18726536558, 0.48077346179, 0.20851064375, 0.062362194975, 0.013293728012, 0.22524225904, 0.48180324368, 0.082960710397, 0.35000286392, 0.037776764556, 0.59556551972, 0, 1.2539983845, 0.59289935039, 0.74386823906, 0.71225997474, 0.31264839239, 0.33153575159, 1.8444408153, 0.97067520665, 0.92644767337, 1.6190326832, 0.31557844696, 0.015018575771, 1.0177048144, 3.2650017319, 0.4132501304, 0.61514668732, 0.95905482926, 0.27247713201, 0.22004801253, 1.473985414, 0.17355020461, 0.40800824854, 0.19723548296, 0.71040066168, 0.21851047504, 0.15984447715, 0.74775094678, 0.49998158188, 0.30538109226, 0.21620827478, 0.99330163034, 0.71697936523, 0.053455904815, 0.20813776844, 0.4184498081, 0.50732529497, 0.048886538851, 0.13301237607, 1.1422124463, 0.21250449277, 0.54688591983, 0.47539705317, 0.17714512935, 0.32166663148, 0.88451363935, 0, 1.0395934463, 3.3123874971, 0.41348916843, 2.9901920295, 0.74657465617]
    ],
    [
      [0.20894622237, 0, 0, 0.0065705737537, 0.06320782098, 0.14094828298, 0, 0, 0.0036758373692, 0.39151789793, 0.27443511258, 0.26286245028, 0, 0, 0, 0, 0, 0.65352890404, 0, 0, 0.16371149519, 0, 0.23482088647, 0.083601840734, 0.11240445401, 0.049014963607, 0, 0.17651389457, 0.16464420119, 0.052193265111, 0, 0.54885747064, 0.023027120964, 0.041625216128, 0.098921928523, 0.31777705227, 0.042920279994, 0, 0.18145578037, 0, 0, 0, 0.020980705345, 0.0095560554775, 0.02173942511, 0.13803221136, 0, 0.0064998108273, 0.20192189197, 0.048165991508, 0, 0.039544392099, 0.12846464685, 0.018961108121, 0.023580035557, 0.072604478943, 0, 0, 0.06133609261, 0, 0, 0, 0.27930060587, 0.078014043157, 0.71917983206, 0.044884577555],
      [437.3665116872, 203.8324635003, 9.5535455308, 17.8685717876, 52.782711673, 182.0320403446, 88.7829910348, 31.1763829398, 15.4089130945, 340.143116681, 196.8906644981, 177.2041934958, 81.0943658308, 337.9337163397, 9.9641079972, 424.5851129978, 261.6077098198, 365.5527498881, 234.1810557267, 77.4193476062, 208.9227953768, 330.9093720396, 346.6012681673, 213.4214453867, 232.8901735135, 95.4327573041, 7.4878443861, 333.0953883711, 719.4671341999, 62.6467539005, 236.1269659449, 599.8213120333, 42.7702868182, 41.4470294775, 114.2575744967, 40.1352533608, 143.7549507009, 206.5815135371, 263.6398635346, 103.6081170915, 16.0625863242, 37.6034970253, 23.217735979, 36.4244054273, 18.7650576346, 290.5224253504, 515.5988013024, 13.4282961, 5.1005206254, 114.1223405891, 10.8076254316, 53.4131639162, 43.9853418733, 40.4250276615, 50.4117125154, 193.0392299256, 171.3392344088, 203.8819982608, 152.6780686655, 387.9252505526, 9.822272833, 176.6977901626, 705.0314916359, 142.5480335735, 704.9124642895, 87.5887566421],
      [4.0603675986, 2.8310667117, 0.41087334127, 0.33642672366, 1.9912274667, 0, 1.6178622991, 1.387442258, 0.33231563733, 3.8521065785, 6.830516763, 3.4524265308, 1.4107921733, 2.1809909143, 0.15243182236, 8.5179401355, 4.2940359977, 6.1074125294, 3.7463490934, 2.3689932247, 8.8324739726, 9.342336082, 6.0984482091, 5.3972243112, 7.6785166003, 4.0564591948, 0.20611870152, 6.2704866963, 16.151840278, 2.0903766023, 5.4615875783, 12.8756506907, 1.2582533962, 1.2240485119, 2.2429386753, 4.0627659355, 2.7875525955, 5.2070320196, 8.6816869884, 2.4620366154, 0.44919443138, 1.6238722666, 2.4891715841, 0.26394926952, 3.0754790163, 3.2691412672, 13.1390268529, 0.48525764367, 2.6758379796, 1.6942730387, 0.023482894545, 2.0064862349, 1.4339587949, 0.82227537164, 1.5939242326, 4.656286491, 3.3950436275, 2.6270424623, 3.7898062865, 10.600428246, 0.45803925014, 3.6157270687, 17.8901911231, 2.9161522425, 9.9971660848, 0.58964101429],
      [25.3641744918, 11.3364697881, 1.0355811279, 0.78843091501, 7.1628530393, 16.8270113725, 7.5991466661, 3.4361748022, 1.2550954308, 29.6132588425, 15.0043836263, 13.0805175231, 9.4948419959, 24.885292746, 1.8834601804, 26.8969468667, 16.0982541825, 12.6863086785, 9.0725951798, 3.211659169, 6.0810191555, 14.7482918784, 25.0654627371, 11.0977284614, 14.3189054322, 5.4617685375, 1.3060369124, 20.4576110381, 50.2163813209, 5.2106762321, 16.4114464769, 30.7541798053, 4.9484326647, 4.2872967945, 14.4005648995, 7.4842036514, 6.4145764236, 11.2114544433, 20.4969936967, 7.9298462931, 0.48821924437, 4.7726307081, 4.2721117316, 1.3020892477, 4.1377239239, 20.0704011711, 29.2621718447, 1.0799464455, 2.021719503, 8.1352203807, 0.16889167387, 1.5408054568, 1.452234685, 3.7337358588, 3.9707832165, 7.2318791045, 10.2657219637, 12.4909592769, 9.4707889554, 24.4743212014, 0.71968791687, 21.6864827687, 43.7990166352, 8.4578001409, 62.3711897936, 4.776717766]
    ],
    [
      [0.64478716679, 0, 0, 0.20100749347, 0.28513253172, 0.49240257831, 0, 0, 0.074663314327, 0.11754119522, 0.11179841256, 0.079131373369, 0.043691334733, 0, 0, 0, 0.27469440737, 0.39705316639, 0, 0, 0.9703694624, 0, 0.55796859185, 0.39779050959, 0.86147422224, 0.70277524134, 0, 0.40011602526, 0.65937986592, 0.3050337252, 0.20449299788, 0.47814517202, 0.40753413531, 0.114265668, 0.72619508528, 0.25609908357, 0.10399700647, 0, 0.75348678558, 0, 0, 0, 0.72439668566, 0.57790070921, 0.65654226399, 0.22728014553, 0.18688364239, 0.30638729191, 0.46898607894, 0.54058213459, 0, 0, 0.41576657069, 0.13566019973, 0.24044510646, 0.4406779062, 0.22216410458, 0, 0.25302005858, 0, 0, 0, 0.14040386686, 0.26682495549, 0.019367498363, 1.2927645072],
      [18.7420892304, 11.1548844936, 0.18643113548, 3.4564423259, 3.6573769991, 4.2242155275, 3.3559762357, 0.50144387239, 1.9794810457, 5.8939758954, 2.3592881209, 3.1366610471, 0.279454552, 10.2220106641, 3.3699643351, 25.3948375954, 8.7721149451, 18.4652019658, 9.09754864, 8.4312006594, 15.3085118537, 34.3527444278, 21.4719328173, 16.3967184984, 15.6283947165, 3.8324653648, 1.447736836, 12.6909088938, 27.5227158329, 4.3555115471, 8.1829017978, 17.7402313002, 4.7514556451, 3.5520892266, 6.9565014577, 0.94653485821, 6.0247280887, 5.2812462449, 9.2268347261, 2.1872597734, 2.3580110653, 6.0078582061, 2.7175741219, 5.5091766259, 0.69683417257, 22.198591901, 15.3117383108, 1.1863831705, 0, 11.3510803706, 1.0063043541, 3.4420187873, 6.7257434886, 5.143529837, 1.4020903278, 11.1350020797, 7.4083707713, 11.9154480235, 5.9811400211, 17.727470415, 0.52392338046, 17.1799310979, 41.6690930077, 6.1141851658, 54.2185801156, 12.9821127087],
      [280.6644115566, 191.3243551793, 57.3810432805, 85.0860699253, 176.0574904691, 23.0481730125, 76.1516417719, 48.80938357, 60.5930224918, 96.5015448156, 106.3731629964, 73.5777249454, 6.6477477437, 123.125067235, 50.6300356649, 589.7279099344, 177.4803800114, 326.4624278096, 139.5661128722, 293.5122255164, 614.7211186839, 1056.6472555722, 435.2143056066, 470.7279817, 631.3270523151, 217.0418133292, 59.0179478977, 283.2158439519, 712.1022865603, 211.6506310749, 222.1120959122, 437.9384335472, 150.8410102196, 142.865929733, 153.317303457, 85.7973660582, 131.619944137, 151.4608474307, 390.8528637209, 64.6333652444, 88.5750746776, 189.9921417939, 141.5580291925, 65.4681746912, 88.6466235634, 182.2891780754, 463.7257064491, 85.1848762545, 53.5310139211, 208.1730051225, 12.94974548, 121.5579812127, 252.8584899407, 126.2595771538, 71.9772636499, 309.4243200141, 174.9295348894, 196.9220949655, 184.1620541687, 561.7723326128, 50.2130678004, 248.8200689021, 1194.4038214463, 155.0759627592, 784.2578970251, 127.3680631162],
      [0.94871204628, 0.52076032715, 0.43252558407, 0.25648025535, 0, 0.23520888167, 0.49238199239, 0.68917255764, 0.35283314816, 0.48693809383, 0.15575047021, 0.20648263405, 0.029106369518, 0.65292210087, 0, 1.8772524703, 0.47281063612, 0.67531705821, 0.33633848787, 0.056573824244, 0, 0, 1.7557929843, 0.47750929198, 1.1830787462, 0.42294606462, 0.53431526629, 0.69313112904, 1.7156177409, 0.68882365287, 0.50050929212, 0.84318998059, 0, 0.46771537248, 0, 0, 0.2513307678, 0.25790632441, 1.1668147674, 0.17937498219, 0.066914257088, 0, 0, 0.4447479737, 0, 1.284949878, 0.77567159777, 0.3223532831, 0, 0.9353323724, 0.043950165932, 0, 0, 0.46123280947, 0.38020091582, 0, 0.43993023473, 1.162457011, 0.60378575164, 1.5001969722, 0.26300881918, 0, 2.7866816791, 0.54302711945, 4.5041553609, 1.3570596678]
    ],
    [
      [15.8177097986, 9.2976069578, 0.5582848362, 1.8934959588, 3.4558460557, 2.1798564543, 5.0199023472, 5.128886618, 0.19984009396, 4.5046228162, 4.9950884808, 3.442284917, 3.4699280476, 5.2122923868, 0, 10.6247464778, 8.3586736141, 9.5460086209, 3.5366690582, 1.7060715394, 7.9723795982, 6.9826860232, 10.6093846115, 5.53151555, 6.2041052104, 4.0914639569, 1.3140631719, 12.158356401, 15.7009033063, 1.2530317623, 9.0084469138, 12.5149098553, 2.0772888035, 4.0146450442, 5.2376873132, 1.0456257292, 4.0712724289, 8.6360374402, 10.9719889258, 1.1137679613, 0, 0.8624239645, 1.8250203519, 0.96783122639, 0.75180038874, 2.6435434121, 10.215183971, 0.33840010976, 0.45152008885, 3.8297779871, 0, 2.6900921722, 2.1047933558, 1.0441113244, 1.3032213239, 5.4612779811, 8.2304184561, 11.5680533401, 3.8081363649, 8.1363493336, 0, 3.448592267, 22.1290354527, 6.304232353, 30.3340050806, 1.2679274991],
      [23.3330999778, 10.6006004706, 0.12244570157, 4.4906555099, 2.5458670546, 2.3875629236, 3.4262623543, 0.53608064296, 0.71579233255, 11.448910416, 5.2384090327, 6.8898748532, 0.97900300657, 19.9459811008, 0.47448235484, 31.3028930102, 11.4055355985, 22.5618036846, 13.1906864669, 8.7525579998, 9.2424289271, 22.1792624017, 14.3756303957, 12.9984762552, 11.8541784047, 7.2126407104, 0.18745716418, 19.5842461199, 33.3998607892, 1.3248060735, 11.1569106297, 23.5926171237, 3.394430978, 3.4559114604, 5.3510221188, 1.3989728901, 12.0128869086, 8.7918134201, 14.6404648859, 7.2013398921, 3.7632479174, 2.8686600164, 1.7304887173, 3.2362932782, 0.52794630619, 13.1974109565, 25.5755078998, 0.55524083471, 0.26120464357, 8.1942134375, 0.80119466329, 2.2498873316, 4.1572221321, 1.9915829515, 2.4224658516, 13.2488074092, 11.5015403237, 9.3935197703, 8.6064347269, 27.1554699236, 1.6939998357, 11.1503309706, 51.9171357906, 10.4112663917, 27.5257270764, 2.2095078565],
      [9.815185559, 5.2649624977, 0.19795754361, 2.8844502471, 2.9751466417, 0.55282597137, 2.0855894979, 0.84760861047, 0.5448246704, 5.1855327598, 6.5298293102, 4.4137169771, 0.58372144655, 6.7619286263, 0.1859341614, 20.5092514429, 6.4493810058, 11.1849502702, 5.684592913, 8.5545964974, 10.6147725193, 20.4001787899, 8.2748168116, 10.7817113869, 12.8088909484, 10.1983080486, 0.18794742353, 12.2570472806, 24.4569291276, 1.4791528952, 8.4479008332, 16.4213986597, 3.0530804122, 3.4364977193, 3.4947883163, 3.3858933472, 7.2264367652, 6.7047622707, 15.8136090836, 5.847742536, 3.3225330507, 2.7805541321, 2.4713449859, 0.7882219843, 1.2079886301, 2.998012928, 22.0112843126, 0.70622793311, 1.1360271107, 4.0140215056, 0.071039959901, 2.3331285058, 4.3122440556, 1.3592054738, 2.6242370273, 10.5658126286, 7.5354647708, 4.3681407152, 7.0697341258, 23.6207928265, 2.9054305467, 5.2426482412, 42.9292378335, 7.0522952855, 12.7203233787, 0.49135994289],
