{
  "Z_true": {},
  "V_true": [
    [1350, 218, 175],
    [11698, 898, 797],
    [451, 13785, 576],
    [369, 707, 640],
    [603, 1246, 926]
  ],
  "p_true": [
    [0.7745, 0.1251, 0.1004],
    [0.8734, 0.067, 0.0595],
    [0.0304, 0.9307, 0.0389],
    [0.215, 0.412, 0.373],
    [0.2173, 0.449, 0.3337]
  ],
  "Z_est": [
    [
      [80, 18.9997, 38, 47, 25, 34, 20, 16.0016, 56, 9.9998, 25, 9, 3.0708, 0.4344, 20, 17, 10.9999, 43, 34, 34, 23, 36, 1.1311, 2.988, 2.8916, 56, 4.9888, 75, 21],
      [61, 9.0002, 22, 40, 13, 58, 44, 21.9986, 67, 9, 19, 8, 1.7014, 0.3684, 25, 20, 13.0001, 38, 46, 59, 36, 58, 1.4892, 2.6577, 1.1037, 68, 1.9809, 71, 23],
      [14, 3.0001, 6, 9, 5, 5, 4, 2.9998, 9, 1.0002, 5, 1, 0.2277, 0.1973, 5, 4, 2, 8, 6, 5, 5, 7, 0.3797, 0.3543, 0.0047, 11, 0.0304, 18, 3]
    ],
    [
      [459, 234, 431, 335, 209, 169, 131, 92.9957, 290, 100.0002, 253, 143, 21.9958, 7.8761, 153, 210, 105.0001, 527, 220, 131, 195, 312, 5.2157, 16.0804, 55.8602, 409, 73.9641, 439, 80.0001],
      [360, 119.9997, 253, 296, 112, 292, 312, 141.0032, 356, 98.9979, 201, 145, 15.9585, 8.0394, 209, 260, 149.9994, 470, 298, 240, 336, 526, 6.0158, 17.023, 43.0603, 508, 54.959, 434, 89],
      [87, 50.0003, 75, 68, 43, 26, 31, 19.0011, 51, 22.0019, 59, 26, 6.0456, 5.0845, 42, 54, 26.0005, 100, 40, 21, 54, 69, 1.7685, 4.8966, 18.0795, 89, 18.0769, 113, 12.9999]
    ],
    [
      [350, 129.0002, 251, 297, 114, 261, 277, 138.002, 362.9999, 100.0024, 194, 133, 16.161, 6.8463, 182, 242, 120.9995, 401, 275, 236, 310, 453, 8.9268, 15.5467, 49.1792, 521, 57.1104, 416, 102.9998],
      [274.0001, 67.9999, 148, 263, 62, 457, 661, 210.9986, 449.0001, 98.9995, 155, 139, 14.5701, 8.4383, 252, 301, 175.0011, 359, 376, 433, 535, 765, 12.1922, 20.7033, 40.8359, 650, 40.9922, 409, 117.0001],
      [66, 27.9998, 43, 61, 24, 41, 66, 28.9993, 64, 21.9981, 45, 24, 5.2689, 4.7154, 51, 62, 29.9994, 76, 50, 38, 87, 101, 2.881, 5.7501, 16.985, 113, 13.8974, 108, 17.0001]
    ],
    [
      [71, 25.0001, 47, 54, 27, 19, 15, 8.0004, 36, 11.9986, 28, 14, 1.3166, 1.1171, 21, 37, 16.0004, 48, 18, 20, 29, 45, 1.1522, 1.3665, 9.1919, 62, 6.0001, 48, 4],
      [55, 13, 27, 47, 16, 34, 36, 12.9996, 45, 13.0016, 22, 16, 1.2645, 1.2576, 31, 48, 23.9992, 44, 26, 38, 51, 75, 1.4547, 1.2288, 7.8424, 77, 4.0063, 47, 6],
      [14, 6.9999, 9, 12, 6, 5, 5, 2, 6, 2.9998, 7, 3, 0.4188, 0.6253, 6, 9, 4.0003, 9, 3, 4, 9, 11, 0.3931, 0.4047, 3.9657, 14, 1.9936, 14, 1]
    ],
    [
      [84, 48.9999, 49, 67, 28, 34, 42, 26.0002, 70, 18.9991, 44, 26, 6.4557, 1.7261, 31, 43, 17.0001, 102, 49, 27, 54, 80, 1.5743, 3.0185, 7.8771, 90, 12.9366, 79, 9.0001],
      [66, 25.0002, 29, 59, 15, 60, 101, 39.0001, 86, 18.0009, 35, 26, 5.5054, 1.8963, 42, 54, 25.0001, 91, 66, 50, 93, 136, 1.8481, 4.3872, 7.1577, 112, 9.0616, 78, 10.9999],
      [17, 10.9999, 9, 14, 7, 6, 11, 5.9997, 14, 5, 12, 6, 2.0389, 1.3775, 10, 13, 4.9997, 21, 10, 5, 16, 19, 0.5777, 1.5943, 3.9652, 21, 4.0018, 21, 3]
    ]
  ],
  "V_est": [
    [764.5056, 838.3002, 140.1941],
    [5808.9885, 6352.0562, 1231.9553],
    [6020.7741, 7495.7314, 1295.4945],
    [724.1439, 821.0548, 170.8013],
    [1152.5878, 1346.8574, 275.5548]
  ],
  "p_est": [
    [0.4386, 0.481, 0.0804],
    [0.4337, 0.4743, 0.092],
    [0.4065, 0.5061, 0.0875],
    [0.422, 0.4785, 0.0995],
    [0.4153, 0.4854, 0.0993]
  ],
  "EI_Z": {},
  "EI_V": 40.4141,
  "MAE_Z": {},
  "MAE_V": 1855.7632,
  "MAE_p": 0.2304,
  "runtime": 0.2362
}
