{
  "X": [
    [39, 25, 203, 91, 58, 48, 22],
    [30, 26, 69, 103, 108, 108, 46],
    [39, 25, 31, 108, 131, 121, 62],
    [44, 31, 66, 105, 118, 121, 55],
    [44, 44, 113, 87, 87, 76, 41],
    [23, 38, 116, 77, 86, 108, 45],
    [34, 22, 30, 36, 128, 114, 60],
    [12, 23, 19, 35, 63, 92, 25],
    [12, 54, 22, 50, 91, 92, 43],
    [10, 61, 24, 68, 119, 119, 43],
    [38, 56, 102, 102, 118, 91, 38],
    [16, 55, 43, 67, 100, 75, 43],
    [14, 54, 22, 54, 88, 113, 49],
    [29, 10, 32, 28, 148, 140, 90],
    [23, 55, 40, 72, 119, 114, 39],
    [21, 44, 24, 60, 105, 123, 46],
    [22, 8, 8, 28, 157, 128, 50],
    [31, 7, 22, 46, 135, 121, 56],
    [14, 8, 8, 31, 114, 100, 52],
    [11, 7, 17, 21, 99, 95, 52],
    [29, 40, 50, 37, 131, 143, 49],
    [52, 63, 109, 96, 118, 68, 37],
    [29, 12, 27, 28, 127, 114, 84],
    [27, 23, 43, 40, 156, 111, 72],
    [28, 39, 45, 33, 116, 110, 44],
    [45, 93, 55, 89, 132, 106, 60],
    [48, 117, 58, 89, 152, 136, 51],
    [32, 100, 54, 79, 121, 97, 35],
    [15, 83, 23, 66, 91, 114, 39],
    [25, 77, 26, 66, 101, 138, 60],
    [13, 41, 29, 34, 39, 61, 25],
    [15, 40, 8, 29, 60, 65, 33],
    [46, 71, 95, 102, 91, 106, 42],
    [20, 101, 33, 65, 87, 102, 43],
    [27, 96, 26, 53, 89, 72, 37],
    [26, 101, 33, 67, 95, 89, 55],
    [19, 135, 32, 97, 83, 83, 36],
    [9, 36, 12, 45, 33, 99, 15],
    [7, 46, 12, 41, 38, 77, 25],
    [15, 96, 23, 54, 58, 84, 32],
    [12, 42, 13, 24, 48, 72, 37],
    [7, 31, 16, 32, 38, 61, 25],
    [23, 47, 36, 44, 103, 106, 61],
    [49, 50, 136, 99, 114, 114, 34],
    [13, 63, 18, 36, 93, 102, 47],
    [11, 60, 24, 42, 72, 86, 33],
    [22, 57, 97, 75, 69, 77, 18],
    [20, 21, 24, 28, 62, 84, 42],
    [25, 28, 65, 69, 55, 56, 10],
    [12, 37, 50, 52, 53, 53, 10],
    [8, 41, 16, 33, 61, 71, 23],
    [16, 30, 11, 19, 98, 143, 75],
    [14, 82, 21, 77, 84, 76, 47],
    [23, 61, 18, 44, 76, 80, 39],
    [41, 51, 179, 104, 73, 94, 28],
    [8, 61, 24, 58, 87, 62, 50],
    [9, 59, 24, 71, 48, 76, 30],
    [9, 72, 25, 57, 53, 60, 21],
    [9, 89, 30, 58, 70, 69, 27],
    [17, 36, 133, 52, 49, 69, 13],
    [58, 27, 187, 81, 62, 79, 28],
    [40, 18, 157, 90, 58, 42, 31],
    [365, 493, 999, 897, 1140, 1070, 514]
  ],
  "W": [
    [17, 210, 40, 145, 73, 1],
    [18, 83, 106, 145, 137, 1],
    [36, 42, 126, 157, 155, 1],
    [34, 80, 106, 177, 143, 0],
    [28, 130, 75, 133, 125, 1],
    [30, 110, 108, 139, 106, 0],
    [26, 42, 135, 55, 165, 1],
    [21, 21, 93, 59, 74, 1],
    [19, 27, 110, 75, 130, 3],
    [19, 33, 136, 101, 154, 1],
    [30, 121, 98, 147, 149, 0],
    [20, 48, 80, 118, 133, 0],
    [13, 30, 122, 113, 116, 0],
    [46, 50, 149, 40, 192, 0],
    [21, 50, 133, 116, 141, 1],
    [22, 33, 141, 105, 119, 3],
    [15, 14, 137, 55, 180, 0],
    [35, 25, 134, 56, 168, 0],
    [34, 14, 89, 48, 142, 0],
    [35, 23, 99, 24, 120, 1],
    [41, 64, 143, 68, 163, 0],
    [17, 134, 79, 156, 156, 1],
    [28, 46, 114, 32, 199, 2],
    [28, 53, 136, 58, 196, 1],
    [21, 63, 119, 64, 147, 1],
    [28, 73, 105, 159, 214, 1],
    [30, 59, 152, 188, 222, 0],
    [14, 67, 129, 129, 179, 0],
    [22, 36, 117, 134, 120, 2],
    [32, 38, 152, 135, 135, 1],
    [9, 35, 71, 58, 69, 0],
    [12, 9, 80, 66, 81, 2],
    [17, 121, 109, 172, 133, 1],
    [12, 37, 128, 145, 129, 0],
    [27, 32, 95, 118, 128, 0],
    [15, 48, 111, 150, 142, 0],
    [7, 33, 111, 197, 136, 1],
    [10, 16, 104, 69, 50, 0],
    [10, 18, 84, 74, 60, 0],
    [16, 27, 115, 109, 94, 1],
    [11, 15, 94, 52, 76, 0],
    [12, 13, 72, 54, 58, 1],
    [15, 42, 129, 88, 146, 0],
    [30, 166, 100, 160, 140, 0],
    [11, 23, 132, 87, 119, 0],
    [29, 30, 92, 80, 97, 0],
    [15, 109, 75, 118, 97, 1],
    [23, 27, 91, 58, 80, 2],
    [10, 71, 47, 110, 70, 0],
    [11, 55, 46, 88, 67, 0],
    [7, 18, 76, 67, 85, 0],
    [40, 17, 162, 39, 134, 0],
    [26, 22, 82, 137, 133, 1],
    [27, 30, 82, 96, 106, 0],
    [15, 189, 91, 158, 117, 0],
    [25, 27, 84, 102, 110, 2],
    [13, 32, 82, 121, 69, 0],
    [12, 27, 67, 112, 79, 0],
    [12, 37, 76, 123, 104, 0],
    [13, 127, 68, 81, 80, 0],
    [8, 216, 61, 153, 84, 0],
    [5, 164, 46, 143, 78, 0],
    [173, 1131, 1170, 1446, 1551, 7]
  ],
  "method": "mvn_pdf",
  "cond_prob": [
    [
      [0.042414652172, 0.0021239072033, 0.00025686303912, 0.0057227427744, 0.31519851063, 0.36465032777, 0.26963299641],
      [0.081087576364, 0, 0.88643984542, 0.024383524263, 0.0036309414438, 0.0031515127973, 0.0013065997119],
      [0.0032364929105, 0.077749880934, 0.00059865389652, 0.0071189674773, 0.14707510332, 0.62878367519, 0.13543722627],
      [0.10068056094, 0.12388299607, 0.1154228107, 0.57317661164, 0.027611341572, 0.054751706218, 0.0044739728524],
      [0.089346191725, 0.053052170539, 0.001136947097, 0.031242755662, 0.57353148024, 0.10982767726, 0.14186277748],
      [0.00014682808124, 0.018055460582, 1.4944496118e-05, 0.10608472665, 0.12468089811, 0.031361891066, 0.71965525101]
    ],
    [
      [0.019245077404, 0, 7.5989149035e-05, 0.0045960608752, 0.29773547545, 0.38798819971, 0.29035919741],
      [0.16294542715, 0, 0.76949820658, 0.043676371576, 0.010412235744, 0.011042339653, 0.002425419294],
      [0.0038016514191, 0.044036941188, 0.00044401639609, 0.0075299691788, 0.13940462489, 0.65923610244, 0.14554669448],
      [0.06407130472, 0.12084542383, 0.034504181799, 0.65085859652, 0.038257210155, 0.083331198501, 0.0081320844707],
      [0.046975958248, 0.027711619833, 0.00058470629966, 0.02943198805, 0.59370085084, 0.13215251557, 0.16944236117],
      [9.7638341416e-05, 0.013005861004, 4.1872815733e-06, 0.087276472174, 0.1153435998, 0.032752939637, 0.75151930176]
    ],
    [
      [0.026409905554, 0, 0.00057085825526, 0.0056600458157, 0.31317289505, 0.34004977676, 0.31413651857],
      [0.30956666393, 0, 0.62092691639, 0.046018738185, 0.011355054616, 0.010267321711, 0.0018653051703],
      [0.0018883677782, 0.037373803401, 0.0019966431242, 0.01087937633, 0.15812588805, 0.62070641311, 0.1690295082],
      [0.093028977867, 0.11324270327, 0.027179034288, 0.63504272799, 0.043118977923, 0.079460524569, 0.0089270540871],
      [0.065831291313, 0.016133133659, 0.0024633377553, 0.030416258041, 0.59638907424, 0.11364799353, 0.17511891146],
      [0.00010949643502, 0.011160640461, 1.5845415803e-05, 0.076421638055, 0.11501554801, 0.027231118618, 0.770045713]
    ],
    [
      [0.021496227916, 0, 0.00038252944356, 0.0042491876126, 0.28907496685, 0.37880111216, 0.30599597601],
      [0.21924480362, 0, 0.72585392174, 0.031404553857, 0.01070249342, 0.010480564876, 0.002313662492],
      [0.0022442195144, 0.036164450477, 0.0011910364446, 0.0079709135968, 0.13855915982, 0.65727925939, 0.15659096076],
      [0.098150035904, 0.13665260818, 0.04271894094, 0.55466412412, 0.049872961042, 0.10730001484, 0.010641314966],
      [0.056776925438, 0.020832563646, 0.0016166283251, 0.023235639869, 0.58601724901, 0.13020009003, 0.18132090368],
      [0.00010303064111, 0.010946980303, 3.3822239697e-10, 0.054927615573, 0.11170029764, 0.031913579045, 0.79040849645]
    ],
    [
      [0.041980431843, 0.0039334498779, 0, 0.0058248611178, 0.2857551763, 0.36242429644, 0.30008178442],
      [0.15677925137, 0, 0.81007996884, 0.025009139472, 0.0040100958463, 0.0027486239404, 0.0013729205315],
      [0.0037295123197, 0.11082113389, 0, 0.0064138520438, 0.12944963004, 0.6031052254, 0.14648064631],
      [0.081856179203, 0.19074489245, 0.05781657181, 0.59293234684, 0.022976506374, 0.048851280268, 0.0048222230615],
      [0.090212015646, 0.081480429327, 0, 0.033064766725, 0.52486981131, 0.10988716818, 0.16048580881],
      [0.00015801664102, 0.024154000709, 0, 0.11157888393, 0.10421858919, 0.028790383929, 0.7311001256]
    ],
    [
      [0.023042517216, 0.0016836081978, 0.0001015046739, 0.0044636694815, 0.2763569138, 0.3916372392, 0.30271454743],
      [0.06758992764, 0, 0.90692513659, 0.016020012005, 0.0037221210926, 0.0044563941779, 0.0012864084937],
      [0, 0.066069771212, 0.00035848257571, 0.0078670505977, 0.12569539719, 0.65195447435, 0.14805482408],
      [0.066444223513, 0.17977170445, 0.11622449405, 0.51551432032, 0.033495081043, 0.081579322612, 0.0069708540084],
      [0.053189484668, 0.054959335328, 0.00038933059942, 0.024507137789, 0.55725415193, 0.13217047539, 0.17753008429],
      [0.00010324250694, 0.016442110971, 1.2691523122e-09, 0.067767997436, 0.10607025087, 0.0327352085, 0.77688118845]
    ],
    [
      [0.03929257444, 0.0001642215927, 0.000639932159, 0.0037375902297, 0.31003010479, 0.33611506429, 0.31002051249],
      [0.31338139299, 0, 0.64035121932, 0.028071617467, 0.008944711148, 0.0075733396182, 0.0016777194639],
      [0, 0.052731816053, 0.0033199135917, 0.0067871744965, 0.15747458434, 0.61260842539, 0.16707808613],
      [0.12564361439, 0.16732838989, 0.035805890249, 0.54697117946, 0.041052543232, 0.075711193549, 0.0074871892283],
      [0.078217371633, 0.034303943373, 0.0040671131105, 0.022176402783, 0.58139477472, 0.10938860782, 0.17045178655],
      [0.00010944831221, 0.013722970593, 2.4590785908e-05, 0.06502483385, 0.11644281407, 0.027554700418, 0.77712064197]
    ],
    [
      [0.021359264182, 0.0017817224768, 0, 0.0033200212476, 0.28793160679, 0.45704483725, 0.22856254806],
      [0.16297691082, 0, 0.79321756436, 0.027954974493, 0.0073497299185, 0.0081565591364, 0.00034426126578],
      [0.0049057432506, 0.06670786052, 0.00017089153443, 0.0035386799827, 0.12232452417, 0.70098333787, 0.10136896268],
      [0.065292226788, 0.20882900187, 0.039432851452, 0.54925711101, 0.036677891093, 0.096716161148, 0.0037947566382],
      [0.051626056679, 0.059678800091, 0, 0.020603361994, 0.58277317931, 0.15252467921, 0.13279392271],
      [0.00013662787601, 0.021610482435, 0, 0.083309513865, 0.13370033766, 0.046240485155, 0.71500255301]
    ],
    [
      [0.017389757889, 0.0061163683436, 0, 0.0053656652931, 0.29187409261, 0.38656024846, 0.2926938674],
      [0.16060136125, 0, 0.76734184536, 0.05421797905, 0.0082886521861, 0.0083273069406, 0.0012228552152],
      [0, 0.15027257913, 0, 0.0052214471474, 0.12210002541, 0.59054808343, 0.13185786488],
      [0.036127530032, 0.28581735117, 0.017090269005, 0.58000915613, 0.023445856169, 0.052950964599, 0.0045588728955],
      [0.035567595978, 0.12161071363, 0, 0.031002218291, 0.5363073354, 0.11850937456, 0.15700276214],
      [1.8722779048e-06, 0.036037062429, 0, 0.10961088378, 0.10706767399, 0.030895925445, 0.71638658208]
    ],
    [
      [0.010449128895, 0.0055932168774, 0, 0.0048750181342, 0.31789336023, 0.40430132638, 0.25688794948],
      [0.17737615511, 0.00090158595895, 0.70991232694, 0.080229456026, 0.015409932545, 0.014784602876, 0.0013859405501],
      [0, 0.11875244189, 0, 0.0060325478693, 0.13555005853, 0.62371056317, 0.11595438854],
      [0.021312325887, 0.27950359422, 0.0056722100111, 0.59297965318, 0.030987356939, 0.065656136051, 0.0038887237109],
      [0.01165914622, 0.10682830508, 0, 0.028846838925, 0.58933600746, 0.12557567264, 0.13775402967],
      [0, 0.032222446515, 0, 0.10601793043, 0.12922222218, 0.035822985061, 0.69671441581]
    ],
    [
      [0.030415924426, 0.0048910545401, 3.6314966474e-05, 0.0060787632721, 0.34600522839, 0.36071594422, 0.25185677018],
      [0.15789413448, 8.0818750648e-05, 0.7958645253, 0.036237357013, 0.0058411857492, 0.0040819787074, 0],
      [0.004147412578, 0.12589739137, 0.00011531286659, 0.0057012418708, 0.15400364993, 0.59005222795, 0.12008276343],
      [0.056252143816, 0.20633114449, 0.038499296547, 0.62593214879, 0.025557879431, 0.045512761575, 0.0019146253571],
      [0.062461882023, 0.088421924171, 0.00019198480894, 0.032632008912, 0.59103150136, 0.10180609368, 0.12345460504],
      [0.00013142353427, 0.030004374686, 6.9480403327e-10, 0.13732750021, 0.13678289242, 0.031082195733, 0.66467161272]
    ],
    [
      [0.015259691937, 0.0045564160383, 4.0889337927e-06, 0.0034242464862, 0.31492507267, 0.34088622821, 0.32094425572],
      [0.13746512813, 0.00040817737691, 0.81104850301, 0.034062658414, 0.0085633860029, 0.0071158484128, 0.0013362986548],
      [0.00015426389196, 0.11760280782, 1.3945905673e-05, 0.0035602067511, 0.14435214226, 0.57548034511, 0.15883628826],
      [0.04143452052, 0.28695694689, 0.034440605831, 0.52847856023, 0.035302785178, 0.066681445243, 0.0067051361118],
      [0.031540341943, 0.087369434637, 3.3706137465e-05, 0.019933991121, 0.58328237584, 0.10476598921, 0.17307416111],
      [6.1828314893e-05, 0.024472145767, 3.6717951402e-10, 0.068106671858, 0.11275400795, 0.026577329905, 0.76802801584]
    ],
    [
      [0.0096831499303, 0.0031424632168, 0, 0.0021214621025, 0.25905274689, 0.3912780423, 0.33472213556],
      [0.23000125879, 0.00013841435072, 0.68187030336, 0.046532992964, 0.018621782239, 0.020182816816, 0.0026524314767],
      [0, 0.076374535872, 0, 0.0048611413473, 0.11849802214, 0.6397898266, 0.16047647404],
      [0.041852963565, 0.32175188361, 0.01366275132, 0.44476311231, 0.048885932575, 0.11934411377, 0.0097392428439],
      [0.019350831071, 0.071373614855, 0, 0.014871898861, 0.55252406673, 0.13592807969, 0.20595150879],
      [4.1262493105e-05, 0.017586200775, 1.2276568539e-10, 0.036769514219, 0.094696333253, 0.03119830419, 0.81970838495]
    ],
    [
      [0.011869283007, 0, 0.0011734032119, 0.0026488963319, 0.27185676088, 0.34026548449, 0.37218617208],
      [0.32666572248, 0, 0.59167757356, 0.043195633458, 0.018792190737, 0.018164418136, 0.0015044616308],
      [0, 0.021423783232, 0.0038001421852, 0.0041489816124, 0.14507985755, 0.62801282624, 0.19753440918],
      [0.085456896879, 0.16398262567, 0.021373077365, 0.5507044254, 0.053691058169, 0.11396528457, 0.01082663194],
      [0.045325265535, 0.001294537873, 0.0049010442396, 0.01599996781, 0.57703353313, 0.13180752247, 0.22363812895],
      [6.7912994505e-05, 0.0081887413455, 1.2117110585e-10, 0.038993953719, 0.09052313621, 0.024762819796, 0.83746343581]
    ],
    [
      [0.02097047848, 0.0044182907987, 0, 0.0040474673671, 0.34764160038, 0.37868707421, 0.24423508876],
      [0.19578898341, 0.00038620508544, 0.74198782818, 0.043129381408, 0.0096620373132, 0.0087359024638, 0.00030966214234],
      [0.0022912530543, 0.11020886186, 0, 0.0037211147384, 0.15276228756, 0.61597643248, 0.1150400503],
      [0.054118498483, 0.24791651443, 0.025005246474, 0.56893956132, 0.034089241018, 0.067069764323, 0.0028611739457],
      [0.04388361629, 0.081160747556, 0, 0.022476102965, 0.61558280437, 0.11255900518, 0.12433772364],
      [9.8404486295e-05, 0.028145931396, 0, 0.097506223206, 0.14751290603, 0.034998407063, 0.69173812782]
    ],
    [
      [0.018592616368, 0.0026811263424, 0, 0.0029549816894, 0.31955689992, 0.38345178765, 0.27276258803],
      [0.26554612753, 0, 0.66097447788, 0.045050319916, 0.013776771675, 0.012951970969, 0.0017003320305],
      [0.0016926725493, 0.078685969803, 0, 0.0038706429409, 0.1438923238, 0.63775723207, 0.13410115883],
      [0.063448879423, 0.24376704224, 0.020836592665, 0.52975180874, 0.04321293449, 0.091813091118, 0.0071696513275],
      [0.041402672149, 0.06043019017, 0, 0.01752429025, 0.60751302238, 0.12159014338, 0.15153968166],
      [7.4358993149e-05, 0.019853804332, 0, 0.064412911215, 0.13162976495, 0.034424759252, 0.74960440126]
    ],
    [
      [0.019819279942, 0, 0.00023218192581, 0.0017731690688, 0.35837095131, 0.36565505527, 0.25414936248],
      [0.4682588853, 0, 0.45143330999, 0.034170573713, 0.024083065467, 0.019437058355, 0.0026171071713],
      [0.0086620901614, 0, 0.0021193346018, 0.0049128714869, 0.18136575281, 0.66326878372, 0.13967116722],
      [0.14697802977, 0.14545454545, 0.016081242133, 0.44619742907, 0.084064300845, 0.14898740169, 0.012237051033],
      [0.032647713429, 0, 0.0027868542971, 0.012672735774, 0.67675904518, 0.12878291606, 0.14635073526],
      [0.00010883946315, 0.0096376814272, 1.0046534783e-10, 0.035218062901, 0.16045678624, 0.035621161873, 0.758957468]
    ],
    [
      [0.045727892438, 0, 0.0002560913536, 0.0073080994095, 0.32091247655, 0.34883103023, 0.27696441002],
      [0.21280794836, 0, 0.74865758732, 0.025547981498, 0.0063500845785, 0.0051844307012, 0.0014519675376],
      [0.0030409693096, 0.018326292926, 0.00097614656491, 0.013734306042, 0.17008251787, 0.64104415948, 0.15279560781],
      [0.11533830256, 0.081147799071, 0.052409036351, 0.65387638731, 0.033359014463, 0.057515538809, 0.0063539214375],
      [0.10245767991, 0, 0.001243377644, 0.039571680265, 0.58898898215, 0.11631259304, 0.15142568699],
      [0.00023196940792, 0.011184815238, 7.6125740971e-10, 0.11473541585, 0.12456303026, 0.029596226307, 0.71968854218]
    ],
    [
      [0.0070200777277, 0, 0.00017659820382, 0.003487108258, 0.29558448032, 0.38806122238, 0.3056705131],
      [0.37212552939, 0, 0.51761975959, 0.059130700882, 0.023893930124, 0.023814199595, 0.0034158804203],
      [0.010477538578, 0.0073401838888, 0.00046196206043, 0.0058901045281, 0.14545842862, 0.67231876098, 0.15805302134],
      [0.070212714137, 0.15305674237, 0.012524907075, 0.55829123306, 0.060819777204, 0.13303703993, 0.012057586223],
      [0.029921469956, 0, 0.0007394990413, 0.01923528181, 0.61796100841, 0.14260825353, 0.18953448726],
      [6.3695742286e-05, 0.0090367080939, 8.3256338217e-11, 0.044844821056, 0.11491062839, 0.032973216435, 0.7981709302]
    ],
    [
      [0.0092845908878, 0, 0, 0.0041899946174, 0.29810698724, 0.36575359013, 0.32266483712],
      [0.20467798855, 0, 0.71242066481, 0.053804504071, 0.013623369571, 0.01322868003, 0.0022447929608],
      [0.0022594439525, 0.027945962596, 0, 0.0055751791149, 0.14848395993, 0.64702456663, 0.16871088778],
      [0.048927516974, 0.12966949789, 0.021356840233, 0.66868085308, 0.039940133959, 0.083836634457, 0.0075885234082],
      [0.038078622054, 0.0092609746384, 0.00084800453071, 0.024527312504, 0.60405730097, 0.13165033098, 0.19157745432],
      [6.5577042196e-05, 0.0099647971512, 0, 0.072285887887, 0.10756658211, 0.028813663378, 0.78130349243]
    ],
    [
      [0.022856498112, 0.0027991010142, 8.1448112753e-05, 0.0025030870851, 0.30332567356, 0.42388693057, 0.24454726154],
      [0.21345509654, 0, 0.74094922813, 0.026462113999, 0.0092217349265, 0.0093547379967, 0.00055708840602],
      [0.0030588785262, 0.080222554964, 0.00028227549881, 0.002409901559, 0.13133706019, 0.66985586638, 0.11283346288],
      [0.077985265862, 0.26055642585, 0.036492982348, 0.47610642929, 0.042097449393, 0.10151841839, 0.0052430288688],
      [0.053137053318, 0.065617021723, 0.0003314222772, 0.015238926497, 0.59097932627, 0.13698951701, 0.13770673291],
      [0.00011261462815, 0.023065093721, 3.9850835257e-10, 0.062913052166, 0.13671586501, 0.0416512347, 0.73554213937]
    ],
    [
      [0.039940981569, 0.0052393195729, 4.437463502e-05, 0.0050810079239, 0.36281353892, 0.3151680472, 0.27171273018],
      [0.19880600646, 0.00090347876614, 0.76268588876, 0.029037486789, 0.0062886920908, 0.0015846845123, 0.00069376262238],
      [0.0040536991632, 0.14000928147, 0.00020133316897, 0.0055619298868, 0.17023869417, 0.54272006462, 0.13721499752],
      [0.079794912661, 0.2413179703, 0.043070106873, 0.55986986654, 0.030092971218, 0.042011350036, 0.0038428223646],
      [0.076362735644, 0.090082671005, 0.00041341026035, 0.02651239631, 0.59427524172, 0.083171678493, 0.12918186656],
      [0.00016307819005, 0.030632132169, 2.5444185462e-06, 0.1075741691, 0.13918704, 0.026357917225, 0.69608311889]
    ],
    [
      [0.016924549785, 0, 0.0010474769863, 0.0032204542034, 0.23402414837, 0.35100037407, 0.39378299658],
      [0.36674833442, 0, 0.53311059422, 0.063710562606, 0.017220649826, 0.018961773475, 0.00024808545753],
      [0, 0.035834615519, 0.0042640030859, 0.0044489722313, 0.12156732169, 0.63281391325, 0.20107117423],
      [0.071617930069, 0.15069256526, 0.014980641329, 0.62282280328, 0.037516009188, 0.094276550776, 0.0080935000992],
      [0.047054590343, 0.015455324027, 0.0074470192156, 0.022302011516, 0.52486175692, 0.14117222978, 0.24170706821],
      [2.5991205604e-05, 0.0085411306502, 7.4805987204e-05, 0.051764285719, 0.074248680406, 0.024419242895, 0.84092586314]
    ],
    [
      [0.024464777771, 0, 0, 0.0034068047599, 0.32962889282, 0.30524658909, 0.33725293556],
      [0.19269642387, 0, 0.76109772594, 0.028492394295, 0.0091399213397, 0.0072011525028, 0.00137238206],
      [0.0045683341781, 0.056355272693, 0, 0.0049445442973, 0.17109707534, 0.57628606864, 0.18674870485],
      [0.080820399266, 0.17026078367, 0.042658087435, 0.58113964482, 0.044964170123, 0.072342542724, 0.007814371958],
      [0.055066807182, 0.02779701979, 0.00095740537822, 0.020177098506, 0.61374166468, 0.099374172906, 0.18288583156],
      [0.00010494425943, 0.01234158207, 0, 0.061243837775, 0.11548477862, 0.02332372013, 0.78750113714]
    ],
    [
      [0.019385490738, 0.0032351145377, 0.00033134934665, 0.0021277092289, 0.31676725493, 0.39171526023, 0.26643782099],
      [0.26307132336, 0, 0.67813499807, 0.032265948456, 0.012656733504, 0.012152915594, 0.0017180810195],
      [0.00071535889891, 0.086152801588, 0.0018756981551, 0.0020421149163, 0.14028164447, 0.64052069383, 0.12841168814],
      [0.073041728808, 0.29388103461, 0.026653364819, 0.44935821096, 0.047336931533, 0.10268842609, 0.0070403031838],
      [0.04258185569, 0.067001462505, 0.002323112893, 0.012718726681, 0.60335214389, 0.12366035787, 0.14836234047],
      [8.0183620312e-05, 0.022278002421, 1.5761442524e-05, 0.050973355099, 0.13466897398, 0.036251410178, 0.75573231326]
    ],
    [
      [0.032100079138, 0.0059393902358, 8.1477559026e-05, 0.0044466005355, 0.27485774825, 0.37650950811, 0.30606519617],
      [0.25164098711, 0, 0.69412759162, 0.038533003747, 0.0069111836637, 0.0074280576875, 0.0013591761803],
      [0.002580063812, 0.15593381559, 0.00030330984093, 0.0046543699964, 0.1157484215, 0.58165129742, 0.13912872184],
      [0.067509863412, 0.31728412317, 0.026164015545, 0.50271534981, 0.023958042318, 0.056988472076, 0.0053801336666],
      [0.06881452015, 0.12138132991, 0.00062839041276, 0.025957115177, 0.50343908098, 0.11565854641, 0.16412101696],
      [0.00012343060213, 0.036866249878, 2.8871914674e-06, 0.087313794395, 0.1005903261, 0.030003340133, 0.7450999717]
    ],
    [
      [0.045749923139, 0.0066530029159, 0, 0.0041982912319, 0.30928662202, 0.38663529035, 0.24747687035],
      [0.17234958099, 0, 0.80056195633, 0.017575499159, 0.0050786715297, 0.0044342919955, 0],
      [0.0020722686732, 0.17198795054, 0, 0.0045267127964, 0.13008485751, 0.58306214933, 0.10826606116],
      [0.087357537897, 0.33194364774, 0.05684812237, 0.43672266834, 0.028987733346, 0.056167696542, 0.0019725937633],
      [0.08883186966, 0.12726502547, 0.00035764671607, 0.022726012702, 0.52792417797, 0.11240695682, 0.12048831066],
      [0.00021391083036, 0.048353783639, 1.0174674447e-09, 0.094734488013, 0.12960387265, 0.035342690682, 0.69175125317]
    ],
    [
      [0.035573506313, 0.0092715180453, 0, 0.007294553482, 0.33515480976, 0.37220256781, 0.24050304459],
      [0.18890761317, 0, 0.75004670298, 0.043708421048, 0.010030894683, 0.0073063681207, 0],
      [0.0046449866214, 0.2279411728, 0, 0.0086944964603, 0.13603838533, 0.52541833332, 0.097262625476],
      [0.049046774617, 0.32993317051, 0.025735527742, 0.52757904451, 0.026832092774, 0.040143895608, 0.00072949424043],
      [0.066586165527, 0.15589055006, 0.0023854068266, 0.037933660649, 0.52863391645, 0.10246988746, 0.10610041303],
      [0.00015113521258, 0.066565647381, 6.2768247031e-10, 0.15228843964, 0.12934483772, 0.031337248324, 0.62031269109]
    ],
    [
      [0.010012997332, 0.0054535756917, 0, 0.0040692013585, 0.2811942409, 0.43736423727, 0.26190574745],
      [0.24910870311, 0, 0.63864090043, 0.068552835203, 0.019268512099, 0.022254869517, 0.0021741796353],
      [0, 0.12643371584, 0, 0.0094646714556, 0.11401324428, 0.63778257985, 0.11230578858],
      [0.02768192708, 0.3999697988, 6.6623764862e-05, 0.44276962027, 0.035420408183, 0.088423801068, 0.0056678208325],
      [0.017520187648, 0.12011175053, 0, 0.023951130504, 0.54831135879, 0.14189311766, 0.14821245487],
      [0, 0.038956739257, 0, 0.064972082767, 0.11840646661, 0.040143086604, 0.73752162476]
    ],
    [
      [0.017340213325, 0.0045586891206, 0, 0.0029573476352, 0.2588566343, 0.39582792064, 0.32045919498],
      [0.28945969784, 4.0503034926e-05, 0.63408050697, 0.046509072392, 0.012983176692, 0.015036789279, 0.0018902537941],
      [0, 0.11291791484, 0, 0.0045930992031, 0.11103397343, 0.6233104911, 0.14814452143],
      [0.058973456975, 0.34444258679, 0.014110672112, 0.45178800725, 0.033888393402, 0.089769163838, 0.0070277196324],
      [0.040623468041, 0.097504265553, 0, 0.017753489415, 0.52351809412, 0.13235572181, 0.18824496106],
      [5.9778625812e-05, 0.026234710816, 0, 0.051766996105, 0.096187211234, 0.032054337896, 0.79369696532]
    ],
    [
      [0.024131098973, 0.006503291862, 0, 0.0050628897154, 0.22288418446, 0.43041649482, 0.31100204017],
      [0.16465682635, 0, 0.78327852024, 0.037828592267, 0.0032672189117, 0.0085554196833, 0.0024134225465],
      [0.0045877469332, 0.16206771179, 0, 0.0056952637151, 0.083146569637, 0.61299072113, 0.1315119868],
      [0.046928548241, 0.32777874522, 0.027331927443, 0.51800445117, 0.014527910993, 0.058855710664, 0.0065727062744],
      [0.057568773284, 0.15106515382, 0, 0.031620454664, 0.43671977386, 0.14334549912, 0.17968034526],
      [9.3862612182e-05, 0.04242547911, 4.4849687202e-10, 0.098024092579, 0.079694730566, 0.033315841293, 0.74644599339]
    ],
    [
      [0.030571869391, 0.0047015153045, 0.00017204423921, 0.0022610020937, 0.2860510771, 0.35112290332, 0.32511958855],
      [0.29412015958, 5.0308420587e-05, 0.66347513331, 0.025360025302, 0.008180529606, 0.007689450216, 0.0011243935709],
      [0.0024044162449, 0.12261965898, 0.0011440860418, 0.001700256477, 0.12892392428, 0.58481537214, 0.15839228583],
      [0.096005573831, 0.34136977822, 0.027888463634, 0.41571135472, 0.035562976862, 0.076409786844, 0.0070520658817],
      [0.067372065173, 0.093216647181, 0.0011658838108, 0.013276794788, 0.53857953247, 0.1090560541, 0.17733302247],
      [9.8839846114e-05, 0.026301268687, 2.8598753829e-05, 0.04811871972, 0.10387488142, 0.02775201152, 0.79382568006]
    ],
    [
      [0.0279493107, 0.0048432635293, 1.3661580812e-05, 0.0041487722057, 0.26842227284, 0.40986169645, 0.28476102269],
      [0.21037180775, 0.00037283006899, 0.73956535576, 0.035576945965, 0.0058242751089, 0.0071481585127, 0.001140626841],
      [0.0028863819602, 0.11736932972, 8.3153558154e-05, 0.0035354847725, 0.11255601911, 0.63425295214, 0.12931667874],
      [0.065414660971, 0.26098736321, 0.031907895808, 0.54536434677, 0.024574470082, 0.066839205951, 0.0049120572105],
      [0.063938462621, 0.098950758993, 0.00011381299672, 0.025148523679, 0.51979090445, 0.13159993195, 0.16045760531],
      [0.00012013132154, 0.029017724123, 7.6131899287e-07, 0.091871276938, 0.10447884445, 0.034717824589, 0.73979343726]
    ],
    [
      [0.021258438652, 0.006865184862, 0, 0.0037492425073, 0.27696397447, 0.38368583979, 0.30747731973],
      [0.16829297637, 0, 0.78135382264, 0.032165920625, 0.0078501242456, 0.0087461500259, 0.0015910060848],
      [0.0033313728387, 0.17753259387, 0, 0.0073914200217, 0.11309225107, 0.56478239409, 0.13386996812],
      [0.0490515685, 0.41067887697, 0.028206265946, 0.41240966895, 0.028001860562, 0.064442261564, 0.0072094975041],
      [0.046350119802, 0.14453495043, 0, 0.023405940049, 0.50271240148, 0.11965804653, 0.16333854171],
      [8.5352506378e-05, 0.047831185835, 3.924837719e-10, 0.068554374442, 0.10135941429, 0.030582629231, 0.7515870433]
    ],
    [
      [0.041573225298, 0.004304977297, 0.00014615842971, 0.006498940631, 0.32098985292, 0.34002443685, 0.28646240858],
      [0.23445342124, 0, 0.71459081368, 0.032807777075, 0.0093195303227, 0.0068512843567, 0.0019771733188],
      [0.0056239369463, 0.25460197568, 0.00051148706531, 0.010738102361, 0.13082564637, 0.47730669858, 0.12039215301],
      [0.065598696385, 0.42764260325, 0.025346526381, 0.39647373785, 0.032650450822, 0.04431157128, 0.0079764140299],
      [0.078906978546, 0.16589649016, 0.0007005179713, 0.031020773012, 0.49807702656, 0.093962479141, 0.13143573461],
      [0.00016434818322, 0.073139144322, 4.851359675e-10, 0.092279093869, 0.11555251865, 0.026781091952, 0.69208380254]
    ],
    [
      [0.017640818925, 0.0055249447981, 0, 0.0033754926175, 0.26977421757, 0.32829661587, 0.37538791023],
      [0.2730014567, 0, 0.64875147481, 0.048744536964, 0.014210278862, 0.013263843025, 0.0020284096404],
      [0.0013527662593, 0.16702028623, 0, 0.0079085249845, 0.12046496497, 0.52762452582, 0.17562893174],
      [0.048251998443, 0.42943729057, 0.012399528062, 0.40368642416, 0.033590974699, 0.066041500609, 0.0065922834603],
      [0.036925077276, 0.12649493289, 0, 0.022386055912, 0.50606363405, 0.10539675239, 0.20273354748],
      [6.2848300516e-05, 0.035337799448, 1.5482590681e-10, 0.047884678946, 0.086719544523, 0.023003615419, 0.80699151321]
    ],
    [
      [0.025670867141, 0.012107519189, 1.2089077846e-05, 0.0061925876767, 0.28645286898, 0.37969416125, 0.28986990669],
      [0.13765603062, 0, 0.80740094643, 0.039155752737, 0.0070606967672, 0.0070875931864, 0.0016389802562],
      [0.0024563385219, 0.25851632325, 0.00017581459286, 0.014218449636, 0.10838554747, 0.50197934383, 0.1142681827],
      [0.037569803261, 0.40018412747, 0.026928612092, 0.44941757844, 0.028128513913, 0.048824247464, 0.0089471173553],
      [0.048556235282, 0.20079285421, 0.00022963647195, 0.04000155401, 0.4638869033, 0.10838918492, 0.13814363181],
      [0.00010210278913, 0.075834200427, 1.5821512832e-06, 0.11078983727, 0.10109506538, 0.029237231748, 0.68293998023]
    ],
    [
      [0.019287440199, 0.0060063582725, 0, 0.0054110664258, 0.20536848343, 0.56716312443, 0.19676352725],
      [0.20592972052, 0.001071249625, 0.70837099888, 0.064172173837, 0.0060407567205, 0.014415100419, 0],
      [0.002837997059, 0.11669802877, 0, 0.0047452191637, 0.069380988531, 0.74136737439, 0.064970392087],
      [0.038916816867, 0.25152170748, 0.0096531017092, 0.60223738555, 0.014108856234, 0.080629643631, 0.002932488532],
      [0.050636760235, 0.12862407231, 0, 0.037425043168, 0.45321058342, 0.20864149603, 0.12146204483],
      [0.00010348434945, 0.04075897639, 3.4349154784e-10, 0.14805946583, 0.10055909897, 0.06012908319, 0.65038989093]
    ],
    [
      [0.010256759157, 0.0060021392619, 0, 0.0043620965194, 0.21308240858, 0.47194715202, 0.29434944446],
      [0.21566582972, 0.0080578256684, 0.66666666667, 0.074890964402, 0.011654125004, 0.020487202999, 0.0025773855444],
      [0, 0.12457665223, 0, 0.010381394033, 0.07959936259, 0.66223317572, 0.12320941543],
      [0.023081355523, 0.36547621082, 0, 0.50013067872, 0.020139225144, 0.083510566563, 0.0076619632208],
      [0.021790452747, 0.13808765595, 0, 0.028777239187, 0.45804587577, 0.16840650233, 0.18489227402],
      [4.9020317183e-05, 0.036532927436, 1.4897764259e-10, 0.075664453971, 0.082470356112, 0.039608652064, 0.76567458995]
    ],
    [
      [0.02847378197, 0.0078707599696, 0, 0.007826093102, 0.26201141635, 0.4074209128, 0.2863970358],
      [0.16563983819, 0, 0.76957806354, 0.043755561371, 0.0075842051382, 0.010915024422, 0.0025273073335],
      [0.0065817678786, 0.25053822354, 0, 0.018704810941, 0.098090898035, 0.51595621842, 0.11012808119],
      [0.038284748777, 0.42280526728, 0.020379745728, 0.42748995577, 0.024270600588, 0.056653888951, 0.010115792901],
      [0.054702877984, 0.22221885514, 0, 0.04074581637, 0.4211180697, 0.12388357845, 0.13733080235],
      [0.0001324040005, 0.087825616489, 0, 0.11581717692, 0.091996509585, 0.031264347692, 0.67296394531]
    ],
    [
      [0.024380688797, 0.0052745383687, 2.2945766684e-05, 0.0027468161344, 0.2281907025, 0.36485154963, 0.3745327588],
      [0.2032876411, 0, 0.75732408404, 0.02549949949, 0.0055835729156, 0.0075540952045, 0.00075110725097],
      [0.0058670795554, 0.14098198689, 0.0001912619457, 0.0030754977416, 0.097277696312, 0.58140562696, 0.17120085059],
      [0.068799156261, 0.37506177475, 0.030949253994, 0.42253034002, 0.024742603203, 0.072280744424, 0.0056361273457],
      [0.059913634249, 0.12087448715, 0.00016508559797, 0.017455500806, 0.46020302446, 0.12450781423, 0.21688045351],
      [8.6188463042e-05, 0.029495494161, 2.980804159e-10, 0.049248844573, 0.074433701029, 0.025859562127, 0.82087620935]
    ],
    [
      [0.02381383118, 0.0058570989649, 0.00015404233694, 0.0050455739826, 0.2383695973, 0.41726561268, 0.30949424356],
      [0.06686371601, 0.0001137167828, 0.91250861999, 0.015839248637, 0.0013850903097, 0.0026351866336, 0.00065442164184],
      [0.0018959169061, 0.13696315064, 0.00091277929909, 0.004772744926, 0.093568385865, 0.62509203031, 0.13679499205],
      [0.045673236239, 0.25819441186, 0.074538977494, 0.54558743585, 0.015611289984, 0.055076661676, 0.0053179869047],
      [0.055897528699, 0.12227820393, 0.0007707218522, 0.031497087755, 0.47337755597, 0.13698697116, 0.17919193063],
      [8.8279055711e-05, 0.032255579822, 1.2670525589e-05, 0.10135261973, 0.085726970705, 0.032544981258, 0.74801889891]
    ],
    [
      [0.020927542381, 0.0032808001366, 3.8214710122e-06, 0.0021719897614, 0.2660665708, 0.3373129689, 0.37023630654],
      [0.19051059512, 0, 0.7704638763, 0.023165803219, 0.0080865062784, 0.0077732190875, 0],
      [0.0035752897724, 0.091028885272, 2.7930239397e-05, 0.0015784676238, 0.12816529382, 0.59022267142, 0.18540146185],
      [0.077261339787, 0.28304586835, 0.041257957823, 0.46396450897, 0.040478491395, 0.087757665809, 0.0062341678649],
      [0.050852271147, 0.070548119061, 4.2168384975e-05, 0.013438063737, 0.53817765773, 0.1147426785, 0.21219904144],
      [7.6522045994e-05, 0.017240871638, 3.1155754719e-10, 0.042442046399, 0.088830123446, 0.024544916565, 0.82686551959]
    ],
    [
      [0.02479027286, 0.0027952660545, 0, 0.0038923476774, 0.31577819828, 0.42954975092, 0.2231941642],
      [0.17242055104, 0, 0.779764034, 0.031081562898, 0.0083471660619, 0.0083866860038, 0],
      [0.0033269732965, 0.080718360872, 0, 0.0040235763346, 0.135431074, 0.67480443347, 0.10169558203],
      [0.071654471931, 0.20509222665, 0.040994814727, 0.56319411461, 0.035643991052, 0.082570283757, 0.00085009726655],
      [0.055979053595, 0.064496783335, 0, 0.022930529692, 0.59924913226, 0.13592592034, 0.12141858078],
      [0.00012512538998, 0.02398124793, 5.8776641885e-10, 0.096885077203, 0.14588322541, 0.043203176246, 0.68992214723]
    ],
    [
      [0.013503585701, 0.0046475630305, 0, 0.0019807406808, 0.29816904568, 0.35308626881, 0.3286127961],
      [0.22204488241, 0, 0.71249062905, 0.034982692524, 0.015011280191, 0.013471816846, 0.0019986989827],
      [0, 0.12266886283, 0, 0.0029115516997, 0.13479996583, 0.58084755484, 0.15877206479],
      [0.049522227029, 0.40662952012, 0.018536960137, 0.38310345661, 0.04424514636, 0.089660128988, 0.0083025607589],
      [0.028873903448, 0.095628728256, 0, 0.012262893907, 0.56917611622, 0.11204950247, 0.18200885569],
      [5.4740235509e-05, 0.027308311373, 1.7273709606e-10, 0.038614918268, 0.10822434891, 0.027939810963, 0.79785787008]
    ],
    [
      [0.014280870584, 0.004537227917, 0, 0.0053502139391, 0.28394993438, 0.42018756268, 0.2716941905],
      [0.16915767031, 0, 0.75884405654, 0.048024971854, 0.010554845806, 0.011957373557, 0.0014610819338],
      [0, 0.16317814483, 0, 0.0082404633661, 0.11313535976, 0.60106157896, 0.11438445308],
      [0.033081950335, 0.38895201771, 0.015433478798, 0.46280236277, 0.027740883985, 0.066985700646, 0.0050036057606],
      [0.029531635226, 0.14164814071, 0, 0.02702869061, 0.52392868776, 0.1319517336, 0.14591111209],
      [6.7913644421e-05, 0.048225949875, 3.0166438904e-10, 0.08394500644, 0.11210921716, 0.036133404104, 0.71951850847]
    ],
    [
      [0.023645889386, 0.0069743556799, 0.00027186441207, 0.0061494283002, 0.29747265616, 0.46648293397, 0.19900287209],
      [0.10825331183, 0, 0.84205635215, 0.033848515471, 0.0077059542826, 0.0081358662658, 0],
      [0.00057206368731, 0.15401361066, 0.0013533136995, 0.0052436448471, 0.113890262, 0.64782804171, 0.077099063401],
      [0.034165083594, 0.27319584585, 0.041852011616, 0.57021884575, 0.02335467621, 0.057213536979, 0],
      [0.059497081683, 0.13460936753, 0.0017703681544, 0.034866602255, 0.5388123441, 0.14156110624, 0.088883130035],
      [9.9105697295e-05, 0.0501454046, 1.8040543933e-05, 0.15711280818, 0.1355423202, 0.046218770553, 0.61086355022]
    ],
    [
      [0.031769038211, 0.0004966710933, 9.3594159958e-05, 0.0025753048981, 0.2532742519, 0.37166961717, 0.34012152257],
      [0.2125772241, 0, 0.75819353195, 0.015279969691, 0.0062819856166, 0.0068107724041, 0.00085651623907],
      [0, 0.055812778707, 0.00036742602543, 0.0043317138526, 0.12275909129, 0.64487919793, 0.17184979219],
      [0.12783986321, 0.21106751026, 0.059761460611, 0.44573473284, 0.042469012219, 0.10420805961, 0.0089193612562],
      [0.076436950306, 0.045519220836, 0.00033756685198, 0.015001419479, 0.52735263403, 0.13101361449, 0.204338594],
      [2.9489853225e-05, 0.013080220381, 8.0699105952e-06, 0.040647391116, 0.091293927852, 0.02927216061, 0.82566874028]
    ],
    [
      [0.036241678768, 0.0032405181295, 0, 0.0052518458182, 0.31989583655, 0.46301057731, 0.17235954343],
      [0.14500820648, 0, 0.81604100785, 0.024415100652, 0.0074590016966, 0.007076683323, 0],
      [0.0041492249634, 0.085147154261, 0, 0.0059029119164, 0.13257693194, 0.70032192898, 0.071901847948],
      [0.078137362335, 0.17422883797, 0.054072392623, 0.58897605422, 0.03242471689, 0.072160635961, 0],
      [0.079312530315, 0.068578662738, 0.015901789347, 0.030702951017, 0.59248025507, 0.14306641562, 0.069957395887],
      [0.00020667656628, 0.029668632729, 1.2192274762e-09, 0.14438703803, 0.165711175, 0.052018880298, 0.60800759616]
    ],
    [
      [0.017599727406, 0.0056614953981, 0.00019824112859, 0.0045048188342, 0.32470747738, 0.47019359176, 0.1771346481],
      [0.1063403966, 0.0017309405253, 0.84182350037, 0.031941186396, 0.0091353770474, 0.009028599062, 0],
      [2.958120479e-05, 0.12182235271, 0.00082529862845, 0.0039905575984, 0.1280598629, 0.67590618218, 0.069366164776],
      [0.028863615996, 0.27457723404, 0.040659150524, 0.54855114505, 0.032853181601, 0.074495672787, 0],
      [0.050989884219, 0.10561040301, 0.0012172812538, 0.025934557115, 0.59916325876, 0.14453722324, 0.072547392406],
      [0.00010106127382, 0.042178071129, 7.5625430447e-10, 0.12795931024, 0.16472351263, 0.051721435782, 0.61331660819]
    ],
    [
      [0.013538240822, 0.0049593563856, 0, 0.0028273458054, 0.28420980228, 0.43913507598, 0.25533017872],
      [0.15135681531, 0, 0.79309227673, 0.033901101298, 0.0097028774698, 0.01089346797, 0.0010534612242],
      [0, 0.11603991611, 0, 0.0038036530936, 0.11585846535, 0.65307871792, 0.11121924753],
      [0.039821035309, 0.34824316187, 0.025736403268, 0.45568256684, 0.034925195759, 0.090306869352, 0.0052847676053],
      [0.029562356152, 0.10369363572, 0, 0.018237401678, 0.56106644832, 0.14171093219, 0.14572922594],
      [6.5090636653e-05, 0.033290790089, 3.2264128754e-10, 0.06528870271, 0.12205973187, 0.040978097971, 0.7383175864]
    ],
    [
      [0.017310951721, 0.0015269319138, 0.00033979765802, 0.0015316364178, 0.23295026593, 0.37729410999, 0.36904630637],
      [0.34693241227, 0, 0.58348341574, 0.035580472609, 0.014317912464, 0.017727905528, 0.0019578813869],
      [0.001218991628, 0.06642228232, 0.0013754521469, 0.0013353366905, 0.11115598429, 0.6406376913, 0.17785426163],
      [0.082585315104, 0.2916559641, 0.017728303501, 0.42751409418, 0.044954148603, 0.12541633833, 0.010145836183],
      [0.044711992461, 0.058238286477, 0.0011415144907, 0.010779793225, 0.5125231612, 0.14128595538, 0.23131929677],
      [6.6133148867e-05, 0.014225549706, 1.0476058144e-10, 0.030765384599, 0.079552181661, 0.028114584513, 0.84727616627]
    ],
    [
