{
  "Z_true": {},
  "V_true": [
    [97, 215, 909, 172, 2160, 101],
    [93, 131, 309, 708, 181, 300],
    [173, 329, 1226, 6330, 368, 444],
    [101, 284, 1403, 67, 5489, 122],
    [44, 1569, 749, 246, 760, 77],
    [639, 90, 782, 212, 613, 66],
    [37, 107, 266, 335, 204, 421]
  ],
  "p_true": [
    [0.0265, 0.0588, 0.2488, 0.0471, 0.5911, 0.0276],
    [0.054, 0.0761, 0.1794, 0.4111, 0.1051, 0.1742],
    [0.0195, 0.0371, 0.1382, 0.7136, 0.0415, 0.0501],
    [0.0135, 0.038, 0.1879, 0.009, 0.7352, 0.0163],
    [0.0128, 0.4554, 0.2174, 0.0714, 0.2206, 0.0224],
    [0.266, 0.0375, 0.3256, 0.0883, 0.2552, 0.0275],
    [0.027, 0.0781, 0.1942, 0.2445, 0.1489, 0.3073]
  ],
  "Z_est": [
    [
      [4.3006, 3.234, 0.6664, 1.2448, 0.1284, 2.4018, 0.0569, 3.4352, 2.0622, 3.8521, 0.1802, 0.2276, 1.8053, 0.6259, 1.573, 1.4204, 3.0762, 2.581, 0.3454, 0.5299, 5.1052, 1.9796, 1.6757, 1.3214, 1.2693, 1.0241, 0.5866, 1.8267, 1.8799, 3.2826, 0, 0.5347, 0.9962, 0.7459, 3.3814, 0.4303, 1.8105, 1.1602, 0.6827, 0, 2.4797, 0.3608, 7.1966, 0.3134],
      [0.7739, 0.8658, 0.1996, 0.2627, 0.0161, 0.3383, 0.0668, 1.0859, 0.538, 1.7654, 0.0081, 0.3527, 0.3867, 0.3222, 1.0776, 0.7668, 2.014, 0.7239, 0.0322, 0.1055, 1.6758, 0.3467, 0.7149, 0.6704, 0.4091, 1.1972, 0.1916, 0.8711, 0.0644, 1.8464, 0.0198, 0.1424, 3.852, 0.2856, 0.6042, 0.1208, 2.0084, 0.5401, 0.3897, 0, 1.15, 0.0749, 2.0723, 0.2185],
      [7.3789, 5.0324, 1.3011, 1.9449, 0.0985, 3.6878, 0.2857, 8.912, 4.5528, 7.1377, 0.3505, 2.8771, 11.9677, 16.195, 4.5946, 3.2024, 8.5391, 4.9476, 1.4988, 0.6066, 12.0006, 4.6684, 3.0694, 2.8789, 2.0802, 4.5035, 1.1608, 2.8453, 1.7317, 11.033, 0.0402, 1.187, 2.3289, 1.1419, 21.6373, 5.5074, 5.4638, 8.8708, 8.3137, 0, 9.9895, 0.7125, 15.1761, 3.5121],
      [4.1917, 10.4475, 1.0274, 2.8534, 0.4275, 15.3287, 1.1661, 5.4784, 3.2813, 0.3561, 0.0805, 5.1099, 4.1495, 4.0369, 3.1023, 3.5267, 4.9313, 6.4693, 1.193, 0.2442, 0.4911, 3.9209, 1.439, 0.1612, 1.8998, 4.6631, 1.8942, 2.5962, 1.5936, 6.4455, 0.0138, 0.9862, 2.3618, 1.0799, 6.643, 1.2998, 5.64, 2.229, 1.8964, 0, 5.1788, 0.6052, 12.2374, 5.2995],
      [108.0905, 149.7139, 21.5355, 59.2967, 8.3036, 125.4834, 10.3816, 204.1838, 103.0586, 80.1029, 2.229, 37.1094, 111.5229, 116.9572, 82.1801, 59.3842, 158.0205, 66.799, 12.6209, 9.2722, 109.0865, 51.0229, 43.3889, 37.3029, 39.8894, 81.7104, 42.0153, 65.2445, 15.6659, 174.9753, 0.9262, 10.8422, 42.5976, 35.6393, 227.2528, 44.294, 47.736, 70.8992, 58.2321, 0, 141.1135, 10.0474, 222.0445, 43.3942],
      [1.2644, 0.7064, 0.27, 0.3975, 0.0259, 0.76, 0.0429, 0.9048, 0.5071, 1.7858, 0.1518, 0.3232, 1.1679, 0.8629, 0.4723, 0.6996, 1.4188, 1.4793, 0.3096, 0.2416, 2.6408, 1.0616, 0.7121, 0.6653, 0.4521, 0.9017, 0.1515, 0.6161, 0.0644, 2.4172, 0, 0.3075, 0.8634, 0.1073, 1.4812, 0.3477, 1.3412, 0.3006, 0.4854, 0, 1.0884, 0.1991, 4.2731, 0.2623]
    ],
    [
      [12.3915, 8.0994, 1.7663, 3.4115, 0.2861, 7.3624, 0.2806, 9.7064, 5.5189, 12.9036, 0.6478, 0.4622, 4.7761, 2.4267, 5.0349, 5.6293, 9.0737, 7.2247, 0.9629, 1.8349, 13.6788, 4.9135, 8.0783, 4.8534, 4.1324, 5.2168, 1.315, 5.0072, 1.2653, 13.1627, 0, 2.5258, 4.4904, 2.157, 8.8149, 1.3591, 4.9522, 4.006, 2.5422, 0.8529, 8.0283, 1.1886, 26.5175, 1.3978],
      [3.3551, 2.7032, 0.6979, 0.9207, 0.0718, 2.1766, 0.2154, 3.6479, 1.788, 7.1668, 0.0258, 1.51, 1.8046, 1.4566, 4.148, 3.2078, 6.8242, 2.7382, 0.2449, 0.5999, 2.0331, 1.2043, 4.5577, 2.7842, 1.7107, 3.8872, 0.488, 2.9904, 0.3278, 7.5572, 0, 0.9336, 2.416, 1.2177, 2.9665, 0.5893, 0.5469, 2.0237, 1.3277, 0.1013, 4.1837, 0.3628, 10.0359, 0.7826],
      [4.8081, 0.8877, 0.2304, 0.409, 0.0233, 1.0098, 0.0609, 1.5622, 0.7814, 1.9895, 0.0872, 2.3048, 0.4014, 0.3011, 0.914, 1.0187, 1.5449, 0.9814, 0.16, 0.1911, 0.9749, 0.2867, 3.5644, 0.8347, 0.6025, 1.1631, 0.1462, 0.6102, 0.4056, 2.7315, 0, 0.4855, 0.8641, 0.2782, 0.7312, 0.1434, 0.3871, 4.8391, 0.7692, 0.0717, 1.7167, 0.1857, 4.5279, 0.3809],
      [21.3958, 12.1349, 2.2009, 5.3638, 0.2482, 13.0834, 0.8575, 16.5571, 9.0761, 27.7758, 0.8197, 15.6946, 7.0507, 4.9291, 10.7357, 23.247, 17.0158, 7.7023, 1.315, 2.5644, 12.7745, 3.7572, 39.9987, 11.5344, 11.2084, 18.3243, 0.9415, 8.1794, 1.6366, 31.5929, 0, 7.1876, 14.7558, 3.8306, 16.5109, 2.92, 5.0722, 8.985, 6.0023, 0.9393, 17.7834, 2.3961, 57.7493, 4.7023],
      [15.6598, 5.696, 0.7798, 4.9868, 0.0866, 20.6822, 0.9904, 20.3121, 7.6006, 24.7047, 0.5142, 5.6168, 2.4261, 1.8196, 11.825, 11.4682, 9.9401, 4.0429, 1.3036, 1.6488, 5.8919, 1.7329, 21.9251, 13.1486, 7.3676, 16.0754, 0.4332, 3.5203, 1.4419, 43.6942, 0, 11.5378, 14.1561, 5.0634, 4.419, 0.8665, 2.3395, 11.5541, 4.3968, 0.4332, 18.4805, 2.3119, 77.3125, 6.4497],
      [16.3897, 8.4788, 3.3248, 4.9081, 0.2839, 9.6856, 0.5951, 11.2143, 6.2349, 23.4598, 1.9053, 4.4116, 11.5411, 10.067, 6.3425, 9.429, 17.6014, 18.3106, 3.0136, 3.161, 32.6467, 8.1053, 9.8759, 8.8446, 5.9784, 12.3333, 1.676, 7.6924, 0.9229, 31.2615, 0, 4.3296, 11.3177, 1.4531, 17.5575, 4.1218, 13.7021, 3.5921, 5.9618, 2.6016, 13.8074, 2.555, 55.8568, 3.2867]
    ],
    [
      [5.6764, 3.2569, 0.8177, 1.1123, 0.4738, 1.6546, 0.0027, 6.005, 4.494, 7.772, 0.4773, 0.0107, 3.0046, 0.0293, 2.1259, 0.0613, 3.7549, 7.2319, 0.9807, 1.9994, 14.3916, 6.4847, 1.7456, 2.2588, 2.157, 0.048, 0.6006, 4.763, 0.339, 0.1387, 0, 0.024, 0.4108, 1.8818, 2.7882, 0.0187, 4.611, 0.048, 0.032, 1.1807, 1.124, 0.4278, 13.8768, 0.0719],
      [10.8904, 8.2145, 2.1122, 2.6034, 0.0681, 1.4308, 0.4607, 8.815, 2.9266, 34.6569, 0.0341, 3.382, 1.6352, 1.3627, 8.3751, 11.7832, 13.9363, 9.5813, 0.1363, 2.1172, 29.3872, 1.0561, 9.8974, 12.0506, 5.8945, 11.9591, 1.5575, 7.7024, 0.2725, 28.9552, 0.416, 0.9807, 4.8336, 4.3373, 2.555, 0.511, 10.2149, 1.7374, 3.5694, 2.4413, 10.3822, 0.2385, 17.5255, 2.1595],
      [18.3981, 32.6499, 9.0711, 11.4108, 0.4972, 19.8629, 1.6098, 50.2706, 28.409, 34.8362, 3.8999, 18.7711, 93.9496, 61.9873, 28.6978, 13.5914, 52.2585, 31.6452, 5.465, 4.0014, 102.1346, 35.2894, 18.7614, 14.5258, 8.7847, 19.2269, 6.6564, 11.6024, 6.2216, 75.9452, 0.5253, 6.8011, 15.8793, 4.3095, 153.8886, 42.8113, 53.5023, 52.6549, 32.8047, 2.4862, 71.7207, 4.944, 86.4315, 11.419],
      [190.9013, 198.9684, 48.0621, 65.7043, 7.6975, 99.3993, 9.4515, 191.3255, 134.2264, 392.211, 21.2756, 97.3283, 127.7086, 105.0375, 131.0432, 149.3557, 220.0287, 260.0577, 41.7288, 29.0263, 724.5445, 171.027, 106.6997, 150.4678, 85.1028, 219.9476, 37.594, 117.7153, 20.008, 279.4458, 2.6602, 44.0622, 104.7048, 47.3534, 306.0645, 59.3981, 298.9455, 98.5949, 86.7355, 60.5319, 230.1494, 26.9995, 563.0949, 56.0766],
      [15.9908, 16.2201, 5.0687, 6.6131, 1.1462, 5.5293, 0.2464, 6.6027, 0.7367, 43.8397, 0.4039, 2.6194, 15.8966, 11.22, 3.5931, 10.2786, 9.0717, 4.7052, 4.3943, 1.885, 35.6013, 10.2583, 3.2015, 10.0527, 3.374, 12.5944, 1.75, 26.751, 0, 8.9603, 0.3985, 5.5043, 2.2313, 12.8533, 44.0641, 9.2314, 6.7329, 3.2235, 2.6486, 6.4681, 35.1351, 1.2978, 16.3836, 3.262],
      [14.1429, 5.6901, 1.8682, 2.5561, 0.1171, 4.1231, 0.229, 2.9812, 2.2073, 13.6842, 0.9091, 0.8885, 6.8054, 5.3631, 1.1649, 5.9298, 8.95, 10.7788, 2.2949, 2.9706, 18.9408, 16.8844, 1.6944, 3.6442, 4.6871, 2.2239, 0.8415, 1.4659, 0.1589, 22.5548, 0, 1.6277, 8.9402, 0.2648, 9.6396, 2.0296, 14.9933, 0.7413, 3.2098, 2.8918, 2.4887, 1.0924, 41.6877, 1.0109]
    ],
    [
      [10.6961, 8.0741, 1.0817, 2.0464, 0.0688, 4.2328, 0.0004, 2.8847, 1.0712, 1.9532, 0.1723, 0.0017, 1.1808, 0.0047, 0.1294, 0.3205, 0.4497, 1.2567, 0.1985, 0.4592, 2.3624, 0.9806, 1.187, 0.7871, 1.5042, 0.0077, 1.3548, 1.1077, 0.3754, 2.2959, 0, 0.2962, 0.3466, 0.5412, 0.0224, 0.003, 0.9642, 0.0077, 0.0052, 0.3042, 2.6064, 0.4963, 4.4377, 0.0017],
      [5.0774, 6.1959, 1.0349, 0.8161, 0.0062, 0.1298, 0.6131, 6.5307, 3.0191, 5.8669, 0.0031, 1.9185, 0.1483, 0.1236, 17.1894, 3.8946, 31.0087, 3.6024, 0.0124, 0.4866, 6.9016, 1.6312, 7.7853, 2.3506, 2.2692, 8.7151, 1.1062, 13.2271, 0.2861, 10.4488, 0, 1.0338, 1.0988, 1.5471, 0.2318, 0.0464, 2.7867, 0.1576, 0.1082, 0.8723, 7.4022, 0.0216, 12.5918, 0.63],
      [57.3919, 45.703, 14.2021, 16.0896, 1.2853, 30.4912, 1.8768, 110.2645, 52.1181, 92.2628, 3.5623, 33.8382, 174.8176, 184.8557, 51.7452, 38.1498, 92.5946, 60.9518, 9.4114, 7.7129, 138.3897, 60.8067, 36.9638, 36.9496, 26.8444, 58.4811, 10.5634, 31.2551, 9.1888, 130.4593, 0, 16.3098, 22.9097, 12.5169, 290.348, 71.7505, 64.2532, 126.7829, 84.2072, 7.2718, 125.2865, 7.9439, 198.3841, 23.2935],
      [11.7227, 19.8268, 3.3564, 3.0881, 0.7208, 10.6596, 1.1755, 6.3275, 6.0647, 8.6261, 0.203, 5.9359, 1.2407, 1.0246, 13.4485, 21.5015, 6.7637, 21.8357, 1.4144, 1.3179, 33.4363, 4.33, 3.2475, 3.4843, 7.1674, 8.7461, 3.683, 6.0977, 0.9185, 14.2959, 0, 2.104, 1.5223, 2.8821, 2.9137, 0.5683, 12.8849, 0.9846, 0.8405, 6.0452, 13.9563, 2.3827, 25.4414, 5.82],
      [150.4787, 207.121, 62.0967, 91.646, 6.8979, 169.7422, 14.3288, 252.8916, 77.3847, 145.551, 1.9832, 46.0884, 135.8587, 131.2431, 105.4274, 112.6888, 202.268, 75.8368, 14.8804, 11.9486, 125.9557, 59.8601, 46.7292, 59.1368, 65.9486, 116.9354, 49.2763, 92.9436, 10.223, 177.5215, 0, 28.1202, 18.9247, 53.4991, 308.3123, 86.5909, 44.6881, 167.029, 71.7817, 25.395, 192.9945, 32.1308, 338.4357, 48.2248],
      [0.6332, 0.0791, 0.2283, 1.3138, 0.021, 2.7442, 0.0055, 0.1009, 0.3423, 0.7401, 0.0761, 0.2173, 0.7538, 0.7483, 0.06, 0.4449, 2.9154, 0.5166, 0.0829, 0.0748, 0.9544, 0.3915, 0.0873, 0.2915, 0.2663, 0.1146, 0.0164, 0.3688, 0.0082, 0.9786, 0, 0.1359, 0.198, 0.0136, 0.1719, 0.0409, 0.4229, 0.0382, 0.0573, 0.1114, 0.7541, 0.0246, 1.7093, 0.03]
    ],
    [
      [0.2622, 0.3401, 0.1065, 0.0901, 0.0205, 1.4408, 0.0287, 0.4589, 0.254, 0.9055, 0.2145, 0, 0.4138, 0, 0.463, 0.377, 0.9588, 0.3606, 0.041, 0.0533, 0.9219, 0.2049, 0.2827, 0.3524, 0.1885, 0, 0.0738, 0.3893, 0.0794, 0.8195, 0, 0.0779, 0.2417, 0.1147, 0.7293, 0.2008, 0.2786, 0.2918, 0, 0.1024, 0.5941, 0.0656, 1.1063, 0.086],
      [43.9983, 48.9566, 13.7949, 13.0296, 1.6247, 33.3022, 3.9854, 62.0024, 31.7081, 130.9281, 0.8128, 24.2367, 38.7901, 32.2826, 72.9557, 53.7656, 140.0306, 49.4722, 3.1461, 7.3385, 123.755, 23.2379, 48.0421, 49.5305, 27.3238, 68.4176, 10.0592, 59.6319, 6.2067, 122.5, 1.276, 10.2505, 38.061, 17.7497, 59.6506, 12.0335, 40.7944, 41.0179, 25.7673, 11.8395, 77.1365, 5.5152, 142.9492, 11.5152],
      [9.7688, 18.3291, 5.5735, 5.6213, 0.7779, 15.3383, 1.2385, 30.2014, 15.9427, 39.6484, 1.0491, 11.2827, 40.2576, 59.5674, 21.8331, 16.539, 43.0167, 20.2701, 2.7188, 2.7037, 51.7022, 15.9202, 12.0492, 15.5724, 9.2665, 21.2667, 3.98, 15.8593, 3.3079, 45.3206, 0.2945, 4.7503, 11.1393, 5.1203, 77.1252, 21.7651, 13.4518, 32.2238, 18.9737, 3.8893, 37.595, 3.2701, 62.0261, 6.0418],
      [0.4431, 3.7774, 0.9336, 0.1523, 0.3742, 2.4586, 0.2369, 3.8024, 2.5142, 17.1718, 0.0208, 3.2789, 2.6461, 2.39, 2.9678, 3.2745, 5.0616, 1.3809, 1.6643, 0.3964, 13.237, 0.3462, 0.4778, 8.0375, 1.7126, 4.2407, 0.7275, 2.5292, 0.4235, 5.9816, 0.0515, 0.8851, 4.5716, 0.9474, 5.8042, 1.231, 0.4708, 2.2372, 1.6927, 1.0774, 4.6965, 0.5629, 10.9501, 0.7827],
      [5.236, 9.2961, 4.6526, 1.7999, 2.1201, 27.9348, 1.3498, 12.5899, 9.9119, 25.937, 0.3742, 6.0817, 14.9175, 15.8134, 13.1339, 15.5793, 39.9247, 11.3639, 1.5909, 1.6646, 26.0496, 6.62, 5.645, 10.1269, 5.9396, 12.9319, 2.6823, 14.4205, 3.758, 16.9814, 0.3779, 1.9586, 1.9749, 3.6936, 29.6961, 12.57, 8.3323, 23.1815, 5.9099, 7.2289, 21.2326, 5.8875, 38.1003, 1.7181],
      [4.2915, 2.3007, 0.9389, 1.3068, 0.0827, 2.5253, 0.1607, 2.945, 1.669, 6.4092, 0.5286, 1.12, 3.9749, 2.9466, 1.6464, 2.4646, 5.0077, 5.1524, 0.8389, 0.8436, 9.3342, 3.6708, 2.5033, 2.3803, 1.569, 3.1432, 0.4773, 2.1699, 0.2245, 8.3968, 0, 1.0776, 3.0114, 0.3742, 4.9945, 1.1996, 4.672, 1.0477, 1.6565, 0.8625, 3.7453, 0.6987, 14.8681, 0.8562]
    ],
    [
      [38.6469, 28.9764, 6.5536, 12.0857, 1.0216, 20.8904, 0.6294, 31.4783, 19.583, 37.5645, 1.3029, 3.2881, 16.7953, 7.8929, 15.6525, 15.1763, 31.6513, 24.3014, 2.4657, 4.1187, 49.4598, 18.4143, 15.0034, 12.4061, 11.7395, 11.6681, 5.0646, 16.882, 4.0577, 32.2487, 0, 5.5321, 9.4972, 6.5537, 36.2222, 4.978, 17.3494, 12.4665, 8.7247, 2.554, 24.1281, 3.4543, 65.7705, 2.1211],
      [5.9888, 6.0708, 1.6274, 1.8344, 0.1598, 3.5033, 0.4991, 7.4684, 3.8218, 15.2702, 0.0897, 2.6682, 3.9531, 3.383, 9.1718, 6.4034, 16.4489, 5.9022, 0.3196, 0.0591, 14.3642, 2.6935, 5.8977, 5.6175, 3.2767, 8.9988, 1.1984, 7.0764, 0.6293, 14.6092, 0.2349, 1.2575, 4.2474, 2.1188, 6.9873, 1.2969, 4.9643, 4.1632, 2.9047, 0.3191, 8.7608, 0.5987, 16.3014, 1.2399],
      [11.0394, 10.2333, 2.9129, 4.7023, 0.2549, 7.0286, 0.8023, 15.606, 9.0638, 15.9445, 0.1463, 4.4813, 9.437, 17.9841, 8.8421, 7.8686, 17.7641, 10.1172, 0.2926, 0.4389, 23.645, 8.5096, 5.6743, 5.5295, 4.4052, 8.6604, 2.002, 6.1908, 0.7306, 19.6757, 0.1093, 2.7304, 4.5492, 2.1114, 34.1559, 7.3303, 9.5977, 14.8515, 9.101, 0.9086, 16.5026, 1.4923, 27.9718, 0.4207],
      [3.8155, 4.0417, 0.9562, 1.3258, 0.0997, 2.3898, 1.3363, 3.8583, 2.6521, 8.2618, 0.003, 1.7889, 2.4711, 2.0549, 2.7659, 3.3264, 5.1241, 7.2051, 0.006, 0.009, 17.5249, 4.5405, 0.0558, 0.0558, 1.7561, 4.3464, 0.7598, 2.3639, 0.0106, 5.8099, 0.0476, 0.9532, 2.9534, 0.9457, 5.856, 1.1282, 5.3433, 1.9796, 1.682, 0.0075, 4.6558, 0.5695, 11.3805, 0.0075],
      [35.5002, 32.9209, 10.7164, 23.641, 0.444, 22.5962, 4.6647, 44.6366, 32.2756, 42.6249, 0.444, 9.5353, 26.671, 26.2767, 25.4366, 33.5691, 61.6993, 24.5612, 0.888, 1.332, 50.1863, 18.1831, 9.9179, 12.952, 12.4641, 26.744, 5.8338, 16.9743, 1.554, 51.1335, 0.6082, 10.2956, 11.2883, 4.2407, 91.1647, 10.0014, 17.9878, 26.4557, 23.1388, 1.11, 38.0183, 4.7542, 59.1381, 1.11],
      [1.0092, 0.7569, 0.2333, 0.4109, 0.02, 0.5918, 0.0682, 0.9523, 0.6036, 1.3341, 0.0141, 0.2382, 0.6725, 1.4085, 0.1311, 0.6562, 1.3124, 0.9129, 0.0281, 0.0422, 1.8198, 0.659, 0.451, 0.4391, 0.3584, 0.5823, 0.1413, 0.5127, 0.0179, 1.5231, 0, 0.2312, 0.4646, 0.0298, 1.6139, 0.2653, 0.7575, 0.0834, 0.4488, 0.1007, 0.9345, 0.131, 2.4377, 0.1007]
    ],
    [
      [0.0264, 0.0191, 0.0078, 0.009, 0.0008, 0.0172, 0.0013, 0.0315, 0.0165, 0.0491, 0.005, 0.0098, 0.024, 0.0205, 0.0212, 0.0152, 0.0354, 0.0439, 0.0059, 0.0047, 0.0802, 0.0223, 0.0274, 0.0208, 0.0092, 0.0353, 0.0047, 0.0242, 0.0034, 0.052, 0, 0.0093, 0.0172, 0.0056, 0.0416, 0.0102, 0.034, 0.0197, 0.0132, 0.0059, 0.0393, 0.0066, 0.0944, 0.008],
      [1.916, 1.9932, 0.5331, 0.5331, 0.0533, 1.1189, 0.1595, 2.4497, 1.1984, 5.3457, 0.0265, 0.932, 1.2819, 1.0694, 3.0824, 2.1786, 5.7373, 1.9798, 0.1086, 0.2932, 4.8831, 0.8304, 2.105, 1.9961, 1.116, 2.825, 0.3992, 2.5007, 0.2131, 5.0831, 0.0533, 0.4015, 1.4913, 0.7439, 2.0046, 0.4021, 1.6843, 1.36, 0.9331, 0.4265, 2.9846, 0.1884, 5.524, 0.4542],
      [2.2148, 2.1646, 0.7088, 0.8222, 0.063, 1.5815, 0.1259, 4.1834, 2.1322, 4.181, 0.9047, 1.4448, 4.169, 5.1093, 2.3731, 1.6301, 4.2822, 3.0868, 0.4533, 0.3454, 7.153, 2.5189, 1.9176, 1.709, 1.0166, 2.6983, 0.4912, 1.6369, 0.4138, 5.8347, 0.0306, 0.7358, 1.3294, 0.5218, 10.1138, 2.692, 5.344, 9.7771, 2.8305, 0.3723, 5.189, 0.4515, 8.4826, 0.932],
      [6.5298, 5.8033, 3.4634, 3.5123, 0.4321, 6.6805, 0.7763, 13.6508, 8.1853, 23.5974, 3.5974, 5.8634, 9.7333, 8.5269, 9.9365, 5.7682, 15.0748, 24.3492, 3.6784, 1.4418, 49.9917, 9.0782, 19.0816, 12.2591, 2.1528, 16.7318, 2.3999, 9.5183, 1.4093, 22.4285, 0.2269, 3.8216, 8.1303, 2.9609, 20.2076, 4.4546, 18.6433, 7.9896, 6.1506, 3.3986, 17.5798, 2.484, 42.1464, 4.3114],
      [0.044, 0.0319, 1.1502, 0.0167, 0.0015, 0.0319, 0.0383, 3.7832, 0.0319, 3.2399, 0.0514, 0.949, 2.7073, 2.6701, 3.404, 0.0319, 0.0758, 6.6911, 0.3219, 0.2488, 3.2286, 1.3228, 1.1924, 1.28, 0.0167, 12.0086, 0.0091, 7.1458, 0.3571, 3.7338, 0.6892, 2.7413, 0.8272, 0.0106, 0.091, 1.446, 1.1834, 2.657, 0.8922, 0.3647, 9.0256, 2.5703, 7.5853, 1.8412],
      [18.269, 10.988, 5.1366, 6.1067, 0.4493, 11.57, 0.8986, 17.9014, 9.4358, 33.5868, 3.415, 6.8011, 17.0845, 15.6037, 12.1828, 11.376, 24.7944, 29.8493, 4.432, 3.6661, 53.6634, 17.2274, 16.676, 13.735, 6.6888, 22.701, 2.6959, 14.1741, 1.6033, 40.8679, 0, 6.2905, 14.2047, 2.7572, 27.5414, 6.9951, 25.111, 8.1967, 9.1805, 4.432, 24.1817, 4.2992, 72.1673, 5.4531]
    ]
  ],
  "V_est": [
    [73.791, 31.1684, 224.9647, 147.9772, 3141.567, 34.5317],
    [230.256, 100.3316, 46.3672, 488.5506, 426.6564, 429.8382],
    [110.3638, 295.1572, 1360.6099, 6418.4616, 428.0396, 257.368],
    [58.2787, 170.9269, 2670.4848, 310.0066, 4237.0187, 19.2843],
    [13.991, 1840.4224, 853.5893, 128.6206, 488.2896, 120.0872],
    [696.3708, 214.3996, 371.8156, 128.2253, 965.6884, 25.5003],
    [0.9488, 72.5938, 116.1685, 448.1581, 87.7404, 644.3904]
  ],
  "p_est": [
    [0.0202, 0.0085, 0.0616, 0.0405, 0.8598, 0.0095],
    [0.1337, 0.0583, 0.0269, 0.2837, 0.2478, 0.2496],
    [0.0124, 0.0333, 0.1534, 0.7236, 0.0483, 0.029],
    [0.0078, 0.0229, 0.3577, 0.0415, 0.5675, 0.0026],
    [0.0041, 0.5342, 0.2478, 0.0373, 0.1417, 0.0349],
    [0.2899, 0.0893, 0.1548, 0.0534, 0.402, 0.0106],
    [0.0007, 0.053, 0.0848, 0.3271, 0.064, 0.4704]
  ],
  "EI_Z": {},
  "EI_V": 15.825,
  "MAE_Z": {},
  "MAE_V": 218.0012,
  "MAE_p": 0.0662,
  "runtime": 1.4982
}
