{
  "Z_true": {},
  "V_true": [
    [33, 785, 519, 581, 115],
    [999, 31, 41, 1788, 142],
    [242, 66, 49, 14092, 292],
    [72, 374, 2248, 780, 258],
    [98, 182, 379, 754, 419],
    [22, 80, 202, 643, 575],
    [71, 32, 52, 876, 599]
  ],
  "p_true": [
    [0.0162, 0.3861, 0.2553, 0.2858, 0.0566],
    [0.3329, 0.0103, 0.0137, 0.5958, 0.0473],
    [0.0164, 0.0045, 0.0033, 0.956, 0.0198],
    [0.0193, 0.1002, 0.6024, 0.209, 0.0691],
    [0.0535, 0.0993, 0.2069, 0.4116, 0.2287],
    [0.0145, 0.0526, 0.1327, 0.4225, 0.3778],
    [0.0436, 0.0196, 0.0319, 0.5374, 0.3675]
  ],
  "Z_est": [
    [
      [0.0532, 0.0297, 0.0309, 0.0594, 0.0148, 0.0816, 0.0433, 0.0037, 0.0309, 1.1333, 0.1546, 0.0458, 0.0272, 0.0853, 0.0396, 0.0544, 0.0866, 0, 0.0618, 0.0383, 0.1262, 0.1088, 0.0074, 0.0371, 0.0742, 0.4853, 0.0037, 0.0025, 0.0173, 0.0594, 0.0569, 0.1546, 0.0618, 0.073, 0.0322, 0.0656, 0.0012, 0.0866, 0.0173, 0.3451, 0.0309],
      [17.7528, 8.7781, 10.7352, 17.5562, 5.691, 26.0928, 14.6821, 1.6044, 10.3012, 10.5386, 44.1279, 14.2562, 9.8549, 25.454, 12.0658, 15.8038, 24.1561, 47.3911, 17.7814, 12.0617, 43.5999, 34.6457, 3.2455, 12.7086, 21.2942, 3.4953, 1.5313, 0.6325, 5.0482, 19.9432, 16.68, 48.0339, 21.2534, 23.0262, 10.7393, 21.2656, 0.5409, 26.3261, 5.9162, 106.8194, 9.6502],
      [10.5867, 5.9191, 7.0155, 13.1616, 2.9375, 17.1699, 8.48, 0.5344, 6.1373, 5.1698, 28.7618, 9.0174, 5.7709, 16.1402, 8.4009, 10.845, 17.4412, 31.1599, 11.5127, 7.8076, 24.2239, 21.1687, 1.0687, 8.5821, 13.2539, 3.2155, 0.6259, 0.5439, 3.1768, 13.9637, 11.8429, 31.6893, 11.7935, 14.7331, 6.5561, 12.6085, 0.1781, 17.4813, 3.376, 67.5415, 6.1774],
      [14.1059, 9.0983, 6.993, 16.5512, 3.3566, 22.3383, 11.6521, 0.8392, 8.4524, 12.6375, 51.5555, 13.538, 6.1538, 27.0674, 11.3465, 17.0161, 27.9067, 48.0396, 20.4187, 10.9083, 33.5533, 31.7409, 1.6783, 8.3915, 25.2857, 6.7579, 0.8392, 0.7097, 4.7257, 13.6796, 17.0936, 44.4276, 16.5049, 20.8687, 8.5253, 18.8395, 0.2797, 25.8346, 4.5617, 102.8956, 9.054],
      [0.5014, 0.1748, 0.2254, 0.6716, 0, 0.3174, 0.1426, 0.0184, 0.0782, 0.5208, 0.4002, 0.1426, 0.1932, 0.253, 0.1472, 0.2806, 0.4094, 0.4094, 0.2254, 0.184, 0.4968, 0.3358, 0, 0.2806, 0.092, 0.046, 0, 0.1114, 1.0319, 0.3542, 0.3266, 0.6946, 0.3864, 0.299, 0.1472, 0.2208, 0, 0.2714, 0.1288, 1.3984, 0.0874]
    ],
    [
      [35.1153, 10.7752, 21.9696, 38.1139, 15.4966, 26.7914, 19.4109, 3.7422, 12.0823, 41.8985, 104.0927, 59.0363, 18.7111, 41.4486, 24.5562, 21.0101, 39.8933, 33.877, 29.1942, 10.3895, 25.1322, 43.3676, 2.5668, 15.6686, 22.4615, 11.7624, 3.4743, 0.9483, 10.9068, 24.1727, 21.2977, 71.4059, 17.6997, 44.7509, 20.1631, 33.5323, 3.2065, 36.3972, 12.7739, 225.6295, 23.0288],
      [0.5693, 0.2475, 0.3713, 0.6518, 0.231, 0.5198, 0.3713, 0.066, 0.2145, 0.7921, 1.4452, 1.7714, 0.33, 0.8333, 1.1442, 0.3713, 0.7756, 1.0503, 0.5445, 0.264, 0.4785, 0.8333, 0.0495, 0.3053, 0.4455, 0, 0.0578, 0, 0.198, 0.4785, 0.5775, 1.4851, 0.3383, 0.8168, 1.7843, 0.6683, 0.0495, 0.8333, 0.2063, 4.1418, 0.9769],
      [3.2208, 1.472, 2.2661, 3.9308, 1.3873, 3.4698, 2.1655, 0.3931, 1.445, 0.1781, 10.8374, 5.826, 1.9808, 4.6304, 2.8545, 2.3126, 4.5778, 6.8457, 3.0434, 1.6729, 3.4013, 4.9478, 0.4554, 2.0511, 2.5738, 1.14, 0.3623, 0.1464, 1.0476, 3.2774, 6.0239, 8.747, 2.1354, 5.4168, 2.4499, 3.729, 0.44, 5.3871, 1.1325, 22.7655, 5.1045],
      [29.5876, 16.202, 20.101, 35.6858, 10.6867, 31.8094, 22.7918, 3.755, 12.2284, 52.6457, 131.3307, 71.3121, 18.7212, 53.5283, 32.3892, 20.9931, 48.1667, 46.6633, 32.8295, 19.4569, 28.5331, 51.2604, 2.8728, 18.6986, 28.4842, 12.9608, 3.0472, 1.486, 10.8354, 29.6707, 41.2875, 97.2725, 20.4917, 47.4478, 29.299, 42.615, 2.2171, 58.2792, 10.7237, 246.6294, 34.5631],
      [0.5071, 1.3033, 0.2921, 0.6177, 0.1984, 0.4096, 0.2606, 0.0437, 0.0297, 0.4857, 1.294, 0.0542, 0.2569, 0.5594, 0.056, 0.3131, 0.5867, 0.5638, 0.3884, 0.2167, 0.4549, 0.5908, 0.0555, 0.2764, 0.035, 0.1367, 0.0583, 0.4193, 1.0122, 0.4007, 0.8134, 1.0896, 0.335, 0.5677, 0.3036, 0.4554, 0.087, 0.1032, 0.1636, 2.8338, 0.3267]
    ],
    [
      [10.0555, 0, 6.1141, 6.1416, 3.4823, 0, 1.0787, 0.5083, 0.769, 1.1738, 4.9637, 7.261, 3.7968, 0.4297, 0, 4.433, 0.8908, 0, 4.4892, 0, 1.0282, 2.6966, 0, 0.153, 0.5667, 1.8937, 0.8788, 0, 1.9813, 0, 0, 0, 0, 8.4676, 0, 0.0737, 0, 0, 2.8386, 41.2949, 0],
      [2.5891, 0.049, 0.3839, 0.0981, 0.925, 3.2557, 3.9281, 0.145, 0.5183, 1.4782, 0.2329, 1.6829, 1.5653, 3.046, 0.913, 0.0858, 0.1226, 2.2544, 0.9058, 1.0943, 15.7323, 7.1179, 0.4665, 1.5401, 0.7423, 0.0123, 0.1812, 0.0031, 1.0302, 0.1318, 0.0919, 0.288, 1.6827, 2.0801, 2.8153, 5.1259, 0.7805, 1.9235, 0.6652, 7.768, 0.7662],
      [0.8746, 0.4912, 6.0889, 3.8995, 1.2833, 18.8476, 0.6709, 0.1318, 1.8427, 0.2755, 8.9825, 1.5588, 3.3868, 5.6443, 5.1774, 3.018, 4.0676, 16.0496, 1.0673, 2.3169, 1.809, 6.1197, 1.0115, 8.1678, 1.889, 0.2156, 1.746, 0.9534, 1.7885, 12.611, 3.9182, 10.3124, 0.8626, 4.7964, 4.58, 0.9464, 2.9116, 4.6178, 0.2636, 18.8228, 5.2683],
      [790.2291, 155.7957, 388.4568, 930.5112, 273.548, 239.969, 202.4563, 31.1032, 110.395, 168.4273, 668.9852, 257.6312, 173.2232, 357.9677, 206.0156, 246.4387, 538.5163, 480.2095, 213.5335, 209.2554, 319.2152, 422.4288, 47.075, 173.687, 155.2432, 73.1076, 47.9988, 13.6748, 69.5258, 650.106, 371.6888, 1104.0136, 371.423, 369.3918, 299.4703, 280.5129, 189.6983, 418.8103, 117.7919, 1776.0617, 168.7656],
      [16.2517, 5.6641, 4.9562, 24.3497, 1.7614, 1.9277, 0.8661, 0.1118, 0.475, 2.6451, 2.8357, 0.8661, 5.028, 5.9122, 0.894, 9.0245, 13.4028, 2.4865, 11.0042, 4.3333, 22.2153, 3.637, 0.447, 11.4521, 0.5588, 0.7708, 5.1952, 0.3687, 2.6742, 2.1513, 11.3011, 19.3859, 15.0317, 11.2641, 4.1344, 1.341, 12.6097, 1.6484, 2.4408, 38.0527, 4.1998]
    ],
    [
      [0.4642, 0, 0.3673, 0.4948, 0.1939, 0.47, 0.3622, 0.102, 0.2551, 0.1224, 0.8366, 0.4647, 0.3265, 0.4744, 0.2245, 0.4132, 0.7601, 0, 0.3112, 0, 1.0203, 0.7448, 0, 0.3877, 0.3826, 0.4171, 0.0663, 0.0102, 0.0663, 0, 0, 0, 0, 0.5663, 0.1836, 0.4591, 0.1479, 0, 2.1174, 2.5252, 0.2143],
      [15.8034, 6.6258, 11.9078, 13.521, 6.4157, 22.1921, 12.5611, 3.4305, 8.7933, 4.9517, 29.2192, 9.9133, 10.7485, 16.9528, 8.0957, 11.2168, 14.0178, 36.9957, 11.1365, 10.0509, 36.0573, 26.2423, 8.4337, 12.8313, 13.5829, 0.393, 2.1173, 0.3635, 2.6085, 21.3696, 11.9314, 42.0801, 22.2245, 19.2421, 7.0346, 16.2602, 3.5185, 19.7677, 5.9195, 86.0907, 7.4374],
      [29.7601, 22.6313, 36.6704, 53.9702, 20.0963, 66.815, 33.0139, 7.2501, 24.2396, 12.2235, 84.5285, 27.7618, 32.1317, 48.7904, 25.5474, 40.7103, 71.9938, 114.3557, 32.4234, 29.8336, 86.6268, 73.7551, 19.6016, 40.3998, 36.5667, 10.0801, 6.5261, 0.9504, 7.3134, 73.045, 47.4437, 127.3104, 37.2039, 55.4199, 18.7416, 42.9729, 14.8153, 60.7034, 10.01, 246.0226, 21.9609],
      [34.9437, 11.4429, 17.5698, 21.079, 7.6485, 27.0922, 22.4134, 9.0049, 15.809, 4.5996, 38.2301, 12.2414, 16.0007, 20.1384, 8.4327, 19.8996, 51.5369, 52.1713, 12.0845, 13.6693, 55.7442, 35.5364, 11.0625, 16.099, 23.4055, 15.4579, 2.9732, 0.3833, 2.4915, 34.299, 21.4832, 65.3971, 22.5478, 27.8762, 6.8995, 25.9489, 6.9416, 28.395, 10.5792, 124.4007, 9.6971],
      [10.0286, 5.3, 5.4847, 7.9351, 3.6457, 8.4306, 2.6493, 0.2125, 0.903, 2.1027, 11.1856, 3.6189, 4.7926, 6.6439, 1.6998, 8.76, 10.6914, 9.4774, 5.0444, 4.4462, 20.5514, 9.7214, 0.9022, 6.2822, 1.0624, 1.6519, 1.3171, 0.2925, 0.5203, 9.2865, 11.1417, 18.2124, 9.0239, 7.8956, 3.1407, 4.3589, 3.5767, 3.134, 6.3739, 35.9608, 2.6903]
    ],
    [
      [0.432, 0.0885, 0.203, 0.5309, 3.5071, 0.3071, 0.1405, 0.0364, 0.0573, 0.052, 0.2602, 0.0989, 0.1666, 0.2394, 0.0729, 0.1561, 0.2967, 0.3747, 0.2394, 0.1666, 0.4008, 0.4112, 0, 0.2134, 0.0885, 0.0312, 0.0364, 0, 0.0156, 0, 0.2498, 0.7755, 0.2238, 0.2967, 0.2602, 0.2134, 0.0343, 0.4268, 0.0989, 0.9316, 0.0468],
      [0.8211, 0.1731, 0.3895, 0.0192, 0.547, 0.5993, 0.2789, 0.0709, 0.119, 0.107, 0.5266, 0.1996, 0.3216, 0.4707, 0.1485, 0.3054, 0.5723, 0.746, 0.4611, 0.3222, 0.7989, 0.8019, 0.2011, 0.4112, 0.1858, 0.0601, 0.0697, 0, 0.0343, 0.6991, 0.4797, 1.4896, 0.4418, 0.5759, 0.4947, 0.4208, 0.003, 0.8187, 0.1906, 1.8467, 0.098],
      [18.1297, 4.2254, 9.2009, 22.777, 8.8345, 14.5213, 6.5317, 1.6242, 3.0382, 2.4636, 13.2418, 4.8636, 7.5571, 11.1397, 3.8383, 7.5087, 13.9027, 18.5909, 10.5303, 7.5571, 18.4563, 18.5834, 3.1849, 9.849, 4.6776, 1.5607, 1.6439, 0, 0.918, 17.0981, 11.4437, 34.5897, 10.0645, 14.0831, 11.0006, 9.7998, 7.1684, 21.979, 4.2541, 44.7525, 2.6556],
      [49.8135, 8.3224, 22.9133, 60.6614, 36.7153, 34.4977, 15.9462, 4.5559, 5.7339, 4.5952, 25.8001, 10.152, 18.635, 26.9704, 6.428, 15.1617, 31.5185, 40.7971, 28.1113, 18.8083, 43.9398, 48.7392, 7.4716, 23.0853, 9.4231, 3.1657, 3.5807, 0, 1.2363, 41.8594, 27.1513, 91.2505, 22.7242, 33.4218, 32.8567, 24.2555, 20.6633, 52.4006, 11.0314, 95.7049, 4.0782],
      [13.8037, 4.1905, 6.2933, 18.0115, 6.3961, 9.0746, 4.1027, 0.7125, 2.0516, 2.7822, 10.1713, 3.6859, 5.3198, 7.1798, 3.5124, 6.8681, 10.7099, 11.4913, 6.6579, 5.1459, 13.4042, 10.4643, 2.1424, 7.4411, 2.625, 1.1823, 1.6692, 0, 0.7958, 10.3434, 8.6755, 20.8947, 9.5457, 8.6225, 5.3878, 6.3105, 5.131, 6.3749, 3.425, 35.7643, 2.1213]
    ],
    [
      [0.0565, 0.0356, 0.0393, 0.0959, 0.0295, 0.0701, 0.0234, 0.0049, 1.4668, 0.0135, 0.0737, 0.0184, 0.0307, 0.0467, 0.032, 0.059, 0.0565, 0, 0.0307, 0, 0.0836, 0.0565, 0, 0.0676, 0.0209, 0.0086, 0.0049, 0, 0.0086, 0.0651, 0.0529, 0.1045, 0.0541, 0.0344, 0.0221, 0.0455, 0.0037, 0.0774, 0.016, 0.2176, 0.0098],
      [0.0784, 0.0483, 0.0542, 0.1285, 0.0401, 0.0979, 0.0346, 0.1798, 1.9544, 0.02, 0.1058, 0.0277, 0.0429, 0.0669, 0.0445, 0.0802, 0.0786, 0.2631, 0.044, 0.102, 0.1214, 0.0827, 1.166, 0.0913, 0.0321, 0.0117, 0.0069, 0.0001, 0.0124, 0.0902, 0.0725, 0.148, 0.0764, 0.0508, 0.0318, 0.0649, 0.0055, 0.1071, 0.0225, 0.3099, 0.0153],
      [10.0037, 6.1468, 7.5392, 16.6831, 5.2802, 13.8142, 4.955, 1.018, 5.1664, 2.5687, 15.1748, 3.7858, 5.9885, 9.4005, 5.9962, 10.4012, 11.6276, 21.5126, 6.2432, 7.6579, 16.16, 12.0416, 3.5944, 11.7609, 4.8759, 1.7417, 1.0499, 0.7946, 1.678, 13.1465, 10.076, 21.6727, 9.638, 6.2595, 4.5333, 8.6923, 1.3606, 14.4974, 2.8707, 43.718, 1.7391],
      [9.4775, 9.6159, 9.0524, 20.7532, 6.7958, 17.8093, 4.6779, 1.1236, 7.2363, 2.2582, 16.4826, 3.0794, 6.5518, 10.6606, 8.3691, 15.9034, 10.1191, 29.9864, 5.503, 12.0296, 18.6519, 11.5137, 4.5451, 19.3883, 4.6184, 1.9693, 0.8212, 0.8367, 1.437, 14.8038, 11.6351, 20.0332, 11.2901, 5.7482, 4.2954, 11.4702, 0.6159, 22.4118, 2.9522, 44.309, 1.6423],
      [26.384, 13.1533, 15.3149, 40.3393, 11.8544, 25.2085, 9.3092, 1.6736, 4.1761, 6.1396, 28.1631, 8.0887, 12.3861, 17.8253, 11.5582, 21.5562, 24.1181, 37.2379, 13.1791, 15.2106, 32.9831, 22.3054, 6.6945, 23.6919, 7.4527, 3.2687, 2.1171, 1.3685, 3.8639, 24.8944, 21.1635, 43.0416, 22.9414, 15.9071, 9.1174, 16.7271, 1.0144, 25.9062, 7.1386, 88.4455, 4.5934]
    ],
    [
      [5.8233, 1.0709, 2.2758, 7.5636, 2.2758, 3.2798, 1.9411, 0.6024, 1.3387, 1.6064, 4.6185, 2.075, 1.9411, 2.2758, 2.075, 1.8742, 4.016, 3.7483, 1.6734, 1.4056, 2.2088, 3.6144, 0.4258, 1.4725, 1.4056, 0.4016, 0.5355, 0.039, 1.004, 2.7028, 2.3427, 6.5595, 2.9606, 2.8112, 1.3387, 2.6104, 1.6064, 3.012, 1.1379, 14.0562, 0.6693],
      [0.386, 0.0781, 0.1581, 0.0253, 0.1502, 0.2424, 0.1439, 0.5034, 0.0992, 0.1124, 0.3424, 0.149, 0.1368, 0.1763, 0.5884, 0.1367, 0.2771, 0.2995, 0.1268, 0.1049, 0.2117, 0.2763, 0.4376, 0.1121, 0.7172, 0.0277, 0.0359, 0.0008, 0.0685, 0.2876, 0.1669, 0.4752, 0.9829, 0.2082, 0.1, 0.1943, 0.1021, 0.2236, 0.0798, 1.0236, 0.0559],
      [0.4245, 0.1142, 0.219, 0.5778, 0.1809, 0.3622, 0.183, 0.0484, 0.1307, 0.1209, 0.4732, 0.1867, 0.1843, 0.2544, 0.1853, 0.2042, 0.3893, 0.4857, 0.1797, 0.1541, 0.3227, 0.3837, 0.0834, 0.1894, 0.1633, 0.0463, 0.046, 0.6111, 0.0777, 1.8584, 0.2516, 0.6785, 0.3023, 0.2912, 0.1385, 0.251, 0.1261, 0.334, 0.0931, 1.3771, 0.0942],
      [38.8428, 6.5227, 14.9137, 50.7582, 15.2491, 21.4841, 13.0623, 6.6182, 9.145, 10.8364, 30.6159, 14.0459, 12.7143, 14.6671, 14.019, 11.5874, 26.2359, 24.1328, 10.5195, 8.8722, 12.3625, 23.7805, 5.2948, 8.6503, 10.5398, 2.5809, 2.7397, 0.9095, 6.7483, 27.5815, 14.6607, 42.6055, 24.0183, 18.2454, 8.6539, 17.358, 10.5841, 19.8684, 7.3599, 91.9986, 4.1996],
      [41.5235, 8.214, 16.4335, 54.0751, 16.144, 23.6315, 13.6696, 1.2275, 9.2865, 11.3239, 32.9501, 14.5436, 14.0234, 16.6265, 14.1324, 14.1976, 29.0816, 27.3337, 12.5007, 10.4632, 17.8943, 25.9451, 5.7584, 11.5757, 8.1741, 2.9435, 4.643, 1.4396, 7.1015, 29.5696, 17.5781, 47.6812, 26.7359, 20.444, 9.7689, 18.5862, 11.5812, 21.562, 8.3293, 101.5445, 4.981]
    ]
  ],
  "V_est": [
    [3.9217, 783.0808, 497.7704, 736.2222, 12.0049],
    [1277.9514, 27.2889, 147.2444, 1529.5597, 18.9556],
    [117.4607, 76.2181, 179.2869, 14082.3581, 285.6762],
    [15.9523, 630.0556, 1852.2162, 963.6266, 270.1494],
    [12.1813, 17.3206, 437.8396, 1064.1767, 300.4819],
    [3.1372, 6.0113, 362.8646, 422.4742, 727.5128],
    [106.3955, 10.0247, 12.7779, 715.5826, 785.2192]
  ],
  "p_est": [
    [0.0019, 0.3852, 0.2448, 0.3621, 0.0059],
    [0.4258, 0.0091, 0.0491, 0.5097, 0.0063],
    [0.008, 0.0052, 0.0122, 0.9553, 0.0194],
    [0.0043, 0.1688, 0.4963, 0.2582, 0.0724],
    [0.0066, 0.0095, 0.239, 0.5809, 0.164],
    [0.0021, 0.0039, 0.2384, 0.2776, 0.478],
    [0.0653, 0.0062, 0.0078, 0.439, 0.4817]
  ],
  "EI_Z": {},
  "EI_V": 7.1488,
  "MAE_Z": {},
  "MAE_V": 116.3864,
  "MAE_p": 0.0502,
  "runtime": 1.5024
}
