{
  "Z_true": {},
  "V_true": [
    [635, 28, 2167, 106],
    [563, 93, 16090, 394],
    [212, 5471, 1500, 1194],
    [23, 187, 341, 519],
    [52, 390, 820, 962]
  ],
  "p_true": [
    [0.2163, 0.0095, 0.7381, 0.0361],
    [0.0328, 0.0054, 0.9387, 0.023],
    [0.0253, 0.6531, 0.1791, 0.1425],
    [0.0215, 0.1748, 0.3187, 0.485],
    [0.0234, 0.1754, 0.3687, 0.4326]
  ],
  "Z_est": [
    [
      [13.7948, 33.3176, 13.5997, 12.2203, 27.0559, 22.1461, 2.9325, 20.8823, 13.3488, 32.0314, 95.684, 51.5705, 25.94, 30.2872, 18.883, 52.0783, 22.6807, 17.7955, 38.9229, 19.5698, 16.0843, 33.3173, 11.0207, 3.8926, 9.0525, 0.8129, 2.5898, 0, 26.2834, 17.817, 6.1692, 13.5949, 60.7588, 23.398, 37.2863, 27.7248, 36.424, 0.9847, 74.0424, 2.9804, 206.0909, 38.7256],
      [0.0808, 0.4208, 0.2632, 0.224, 0.3822, 0.3148, 0.0155, 0.4722, 0.0437, 0.2296, 1.1246, 0.6888, 0.367, 0.3633, 0.2672, 0.4204, 0.328, 0.2809, 0.6426, 0.2039, 0.6054, 0.5695, 0.2332, 0.0931, 0.0612, 0.0104, 0.0267, 0, 0.1777, 0.2967, 0.161, 0.3267, 0.8946, 0.1795, 0.4418, 0.1994, 0.4616, 0.049, 0.912, 0, 1.448, 0.4742],
      [15.9948, 45.8953, 32.8747, 25.324, 43.2489, 44.2061, 2.0334, 48.1559, 5.5628, 28.6504, 127.0443, 84.1933, 38.3351, 34.0789, 28.6415, 62.0182, 36.7017, 25.7021, 64.9302, 24.1151, 39.821, 64.601, 19.5919, 11.8906, 10.8077, 3.1422, 6.3216, 0, 21.4057, 30.6144, 12.5318, 34.8168, 111.5175, 22.2828, 47.8671, 26.8919, 67.7335, 3.9377, 95.2591, 3.9845, 173.8566, 67.4981],
      [0.1296, 0.3664, 0.2625, 0.2317, 0.3131, 0.333, 0.0186, 0.4896, 0.0447, 0.0886, 1.1471, 0.5474, 0.3578, 0.2706, 0.2083, 0.4832, 0.2896, 0.2215, 0.5044, 0.1112, 0.4892, 0.5122, 0.1542, 0.1237, 0.0786, 0.0344, 0.0619, 0, 0.1332, 0.2719, 0.138, 0.2616, 0.8292, 0.1397, 0.4047, 0.184, 0.3809, 0.0287, 0.7865, 0.0351, 1.6045, 0.3021]
    ],
    [
      [4.3996, 9.6217, 4.9537, 3.4074, 12.7707, 3.1923, 0.8905, 1.8457, 4.0287, 4.2289, 10.3708, 3.795, 3.4699, 5.6466, 3.5584, 9.9134, 3.5752, 5.2023, 7.187, 5.1043, 2.901, 4.6841, 1.6023, 0.1072, 1.3145, 0.1739, 0.3651, 0, 2.4525, 8.1565, 0.6686, 2.1557, 13.1791, 9.2952, 6.6402, 6.4558, 3.6848, 0.0144, 14.0979, 0, 43.4435, 3.5131],
      [1.3769, 6.5938, 6.9892, 3.833, 10.0384, 2.6754, 0.5102, 3.0445, 1.1224, 1.9601, 6.7119, 2.806, 2.6242, 3.7994, 2.7001, 4.494, 2.7793, 4.4679, 6.6551, 3.3091, 10.1443, 4.7006, 1.9027, 0.3076, 0.5161, 0.0136, 0.1446, 0.0046, 1.0757, 7.6089, 0.9851, 4.2935, 11.2797, 4.3649, 4.2819, 2.7531, 2.8398, 1.7903, 9.5446, 0, 19.3579, 2.5311],
      [242.9479, 615.6069, 736.2023, 366.5053, 957.4855, 321.3914, 37.2018, 249.1747, 118.836, 197.6842, 642.5533, 290.4209, 236.4769, 302.8253, 248.404, 560.7808, 269.5611, 349.073, 568.8051, 296.3205, 489.459, 456.9508, 134.4564, 32.4927, 75.2921, 35.586, 35.6234, 10.4342, 109.6228, 668.111, 65.3893, 387.8476, 1188.8726, 444.3476, 397.9429, 314.5223, 332.5161, 121.0783, 849.2752, 46.0356, 1906.0001, 288.5544],
      [11.2757, 28.1776, 33.8548, 19.2543, 39.7055, 13.7409, 2.3975, 14.9351, 5.0129, 5.1268, 33.364, 10.9781, 12.429, 13.7287, 10.3375, 24.8118, 12.0843, 17.2568, 25.3528, 8.266, 34.4957, 20.6645, 6.0385, 2.0925, 2.8773, 2.2266, 1.8669, 0.5612, 3.849, 34.1236, 3.9571, 16.7031, 50.6686, 15.9923, 19.1351, 12.2688, 10.9593, 5.117, 40.0823, 2.9644, 103.1985, 8.4014]
    ],
    [
      [0.7497, 0.9766, 0.3972, 0.3406, 1.057, 0.6197, 0.1705, 0.2543, 0.5813, 0.701, 1.8401, 0.6026, 0.5534, 1.0051, 0.4989, 1.8922, 0.6913, 0.916, 1.8074, 1.2354, 0, 0.9443, 0.3524, 0, 0.614, 0.0099, 0.0326, 0, 0.2384, 0.9379, 0.1397, 0.2319, 1.9512, 1.2084, 0.9818, 0.7622, 0.8508, 0, 2.6947, 1.0084, 6.0562, 0.728],
      [54.6269, 145.8163, 107.5706, 82.9119, 177.3349, 117.1992, 11.0812, 166.3194, 38.9391, 61.3329, 253.9347, 96.5639, 91.8018, 146.3508, 82.4568, 183.806, 118.0198, 165.1964, 359.9495, 144.0229, 297.8333, 222.9493, 86.0964, 14.8166, 48.0235, 2.3122, 4.9373, 2.7026, 23.3191, 188.8425, 43.9616, 128.9869, 359.8565, 117.5125, 137.9774, 70.2864, 125.7982, 34.8074, 390.7039, 1.8993, 557.6524, 96.9184],
      [26.1741, 39.3761, 33.4799, 23.1607, 50.0913, 40.5868, 4.4498, 44.2145, 12.3921, 21.0603, 71.4563, 29.0114, 23.1448, 33.9013, 21.5639, 67.5981, 32.1809, 37.337, 90.9916, 44.551, 50.0949, 62.749, 17.6643, 4.3231, 20.7911, 1.2596, 2.2165, 1.2079, 6.6261, 48.5219, 8.0407, 34.2238, 112.4412, 36.5955, 36.7604, 23.3232, 48.9694, 6.6643, 101.7068, 6.1283, 173.3527, 37.6969],
      [19.4493, 28.8309, 24.5523, 19.5867, 33.5168, 27.5943, 6.2985, 43.2118, 8.0876, 9.9058, 59.7688, 17.8221, 19.5, 24.7428, 14.4803, 47.7037, 23.108, 29.5507, 65.2515, 22.1907, 57.0717, 45.3573, 12.8869, 4.8603, 12.5715, 1.4183, 1.8136, 1.0895, 3.8164, 39.6977, 7.858, 23.5573, 76.7511, 21.6835, 28.2804, 14.6282, 26.3816, 4.5283, 76.8946, 10.964, 152.9387, 18.6566]
    ],
    [
      [0.0003, 0.0005, 0, 0, 0.0007, 0, 0.0001, 0, 0, 0, 0.0003, 0.0001, 0.0004, 0.0002, 0.0003, 0, 0.0007, 0.0004, 0, 0.0009, 0, 0, 0.0001, 0, 0.0001, 0, 0.0002, 0, 0, 0, 0.0006, 0, 0, 0, 0.0016, 0, 0, 0, 0.0005, 0.0065, 0, 0],
      [0.9471, 3.8566, 5.1506, 3.0756, 8.7196, 1.7726, 0.0975, 3.5531, 0.6795, 1.0139, 3.3245, 1.1231, 1.6873, 3.8384, 1.4701, 2.81, 3.2385, 2.4947, 6.4285, 3.6588, 4.816, 5.4577, 1.2503, 0.2405, 0.2707, 0.1629, 0.1281, 0.1005, 0.5248, 5.8401, 2.0058, 3.9261, 7.6812, 3.7134, 5.8638, 1.8048, 2.4638, 2.8731, 6.8383, 0.0426, 10.6981, 0.7812],
      [3.7517, 8.5643, 13.1751, 7.0866, 20.206, 5.0495, 0.3273, 7.6876, 1.7829, 2.8727, 7.6641, 2.783, 3.5187, 7.3169, 3.1807, 8.4798, 7.2773, 4.6464, 13.2983, 9.2631, 6.6696, 12.5786, 2.1316, 0.5985, 0.9854, 0.8347, 0.5262, 0.4644, 1.2665, 12.3139, 3.1073, 8.5417, 19.6301, 9.4996, 12.8532, 4.9495, 7.8915, 4.6321, 14.5743, 1.0884, 27.0659, 2.5045],
      [8.3009, 18.5785, 28.6744, 17.8378, 40.0737, 10.1779, 1.5751, 22.7593, 3.5377, 4.1133, 19.0111, 5.0938, 8.7937, 15.8445, 6.3489, 17.7102, 15.4835, 10.8585, 28.2732, 14.0771, 22.5144, 26.9638, 4.618, 2.161, 1.7438, 3.0024, 1.3455, 1.4351, 2.2087, 29.846, 8.8863, 17.5322, 39.6887, 16.787, 29.2815, 9.2457, 12.6447, 9.4948, 32.5869, 6.8626, 71.236, 3.7143]
    ],
    [
      [0.0555, 0.0835, 0.0494, 0.0317, 0.1157, 0.042, 0.0064, 0.0177, 0.0412, 0.0387, 0.1049, 0.0319, 0.0363, 0.061, 0.0593, 0.1161, 0.0521, 0.0859, 0.0827, 0.0896, 0.0146, 0.0544, 0.0244, 0.0002, 0.019, 0.0033, 0.0122, 0, 0.0256, 0.0886, 0.0219, 0.0175, 0.111, 0.0984, 0.0902, 0.0572, 0.0403, 0.0009, 0.1645, 0.0048, 0.4094, 0.0332],
      [2.9683, 9.3125, 14.0265, 5.9555, 14.525, 6.038, 0.2955, 5.6108, 2.2153, 2.4635, 10.9042, 3.8181, 4.5197, 6.6481, 7.1058, 8.4696, 6.6343, 11.5601, 12.3243, 7.8052, 16.601, 9.3229, 4.5174, 0.5422, 1.1284, 0.501, 0.7633, 0.1923, 1.9027, 13.4118, 4.8866, 6.4667, 15.2881, 7.2297, 9.4351, 3.9563, 4.4367, 1.4802, 18.0012, 0.0581, 28.8437, 3.295],
      [23.1316, 40.5574, 70.2681, 26.9233, 65.9683, 33.7662, 1.9877, 23.7673, 11.4263, 13.7323, 49.2819, 18.5914, 18.5245, 24.8776, 30.2098, 50.1231, 29.279, 42.2415, 49.9748, 38.7503, 44.9555, 42.1205, 15.1558, 2.6951, 8.1237, 5.1775, 6.3124, 1.8935, 9.0789, 55.4387, 14.931, 27.5701, 76.5386, 36.2745, 40.5764, 21.3131, 27.8895, 4.6877, 75.1846, 1.7631, 142.7247, 20.7461],
      [9.8446, 17.0465, 29.656, 13.0895, 25.391, 13.1538, 1.7104, 13.6042, 4.3171, 3.7655, 23.709, 6.5585, 8.9195, 10.4134, 11.6251, 20.2912, 12.0346, 19.1126, 20.6181, 11.355, 29.4289, 17.5022, 6.3024, 1.7625, 2.7288, 3.3182, 2.912, 0.9142, 2.9928, 26.0609, 8.1605, 10.9457, 30.0624, 12.3975, 17.8983, 7.6734, 8.6335, 1.8313, 32.6497, 2.174, 73.0222, 5.9257]
    ]
  ],
  "V_est": [
    [1213.7915, 14.7554, 1694.0801, 13.373],
    [232.0673, 168.9316, 15998.6672, 740.3339],
    [36.6334, 5563.4287, 1588.0798, 1188.8581],
    [0.0146, 126.4237, 292.6395, 650.9222],
    [2.4932, 295.4606, 1344.5333, 581.5128]
  ],
  "p_est": [
    [0.4134, 0.005, 0.577, 0.0046],
    [0.0135, 0.0099, 0.9334, 0.0432],
    [0.0044, 0.6641, 0.1896, 0.1419],
    [0, 0.1182, 0.2735, 0.6083],
    [0.0011, 0.1329, 0.6046, 0.2615]
  ],
  "EI_Z": {},
  "EI_V": 5.7896,
  "MAE_Z": {},
  "MAE_V": 183.8021,
  "MAE_p": 0.0602,
  "runtime": 0.021
}
