{
  "Z_true": {},
  "V_true": [
    [55, 94, 137, 2297, 163, 2461, 91],
    [697, 39, 41, 71, 480, 154, 67],
    [404, 239, 238, 420, 8586, 705, 544],
    [81, 283, 294, 1266, 147, 6691, 231],
    [36, 68, 1359, 217, 275, 675, 91],
    [38, 819, 54, 256, 256, 633, 79],
    [69, 28, 38, 50, 357, 152, 393]
  ],
  "p_true": [
    [0.0104, 0.0177, 0.0259, 0.4336, 0.0308, 0.4645, 0.0172],
    [0.45, 0.0252, 0.0265, 0.0458, 0.3099, 0.0994, 0.0433],
    [0.0363, 0.0215, 0.0214, 0.0377, 0.771, 0.0633, 0.0489],
    [0.009, 0.0315, 0.0327, 0.1408, 0.0163, 0.744, 0.0257],
    [0.0132, 0.025, 0.4994, 0.0798, 0.1011, 0.2481, 0.0334],
    [0.0178, 0.3836, 0.0253, 0.1199, 0.1199, 0.2965, 0.037],
    [0.0635, 0.0258, 0.035, 0.046, 0.3284, 0.1398, 0.3615]
  ],
  "Z_est": [
    [
      [0.0386, 0, 0.1718, 0.387, 0.5939, 1.3738, 1.1211, 1.3701, 0, 0.059, 0, 1.0255, 0, 2.5437, 2.643, 0, 1.7856, 2.3009, 0.2655, 0.4002, 0.4414, 0.0063, 0.0652, 0.1377, 0.1533, 0.2121, 1.3229, 0.0636, 0, 1.3081, 0.2804, 0.1851, 0, 0.1371, 1.0366, 0.3712, 3.4555, 0.8602],
      [0.0249, 0.6266, 0.0917, 0.1818, 0.3055, 1.36, 0.5269, 1.3146, 0, 0, 0, 0.1468, 0, 1.7634, 0, 1.0365, 0.8271, 1.0982, 0.3328, 0.1837, 0.1729, 0.0025, 0.079, 0.0459, 0.0852, 0.1238, 1.4596, 0, 0.0819, 0.7881, 1.414, 0, 0.938, 0.094, 0, 0.1436, 2.4196, 0],
      [0.4606, 0, 0.0212, 0.0267, 0.0404, 0, 0.0939, 1.4043, 1.8312, 0.0113, 0, 0.1182, 0, 0.3728, 0.081, 0, 0.1067, 0, 0.0732, 0.0087, 0.0407, 0.0003, 0.0002, 0.006, 0, 0.0086, 0.0231, 0, 0.095, 0.1687, 0, 1.2861, 0.2216, 0.0364, 0, 0, 0, 0],
      [1.8701, 77.4517, 9.4653, 24.2913, 37.4809, 99.516, 59.5066, 104.7264, 111.873, 198.535, 284.5958, 68.3702, 92.8044, 171.4897, 191.5764, 150.2098, 8.575, 154.1472, 90.6277, 11.9807, 23.2602, 0.8424, 11.099, 7.8563, 11.3987, 10.8409, 79.9373, 8.1334, 6.7323, 118.0966, 108.8081, 228.9742, 166.0755, 4.4488, 215.418, 21.9099, 288.2825, 50.4911],
      [0.0027, 0, 0.0122, 0.0304, 0.0336, 0, 0, 0, 0, 0, 0, 0.326, 0, 1.5985, 2.3698, 0, 0.5494, 0, 0, 2.5207, 0.0767, 0.0002, 0.0101, 0.0121, 0.0288, 0.0265, 0.0541, 0, 0.2152, 0, 0.5714, 0, 0, 0.0083, 4.7512, 0.2423, 0, 0.6041],
      [1.5949, 40.8412, 4.1866, 17.9596, 18.1931, 48.2537, 38.4794, 57.5707, 62.0022, 113.3832, 152.6687, 33.8691, 56.1394, 95.7096, 114.1234, 84.0372, 3.1188, 98.037, 43.6069, 16.5944, 14.6183, 0.1465, 4.7084, 4.8413, 6.2837, 8.672, 53.755, 5.803, 3.7847, 69.6236, 40.2478, 138.4859, 91.8171, 9.1984, 136.9193, 15.1798, 159.8247, 37.9317],
      [0.0081, 0.0805, 0.0511, 0.1232, 0.3526, 0.4966, 0.272, 0.6139, 0.2936, 1.0115, 0.7356, 0.1442, 0.0562, 1.5223, 1.2063, 0.7165, 0.0373, 1.4167, 0.0939, 0.3116, 0.3899, 0.0019, 0.038, 0.1008, 0.0503, 0.1161, 1.448, 0, 0.0908, 1.0149, 0.6784, 1.0686, 0.9478, 0.077, 1.8749, 0.1532, 2.0177, 0.1129]
    ],
    [
      [7.3241, 19.5386, 6.9727, 15.83, 19.7941, 18.6649, 19.3092, 28.1788, 16.5214, 27.6802, 63.4221, 23.017, 17.1849, 35.0841, 48.4257, 30.6637, 3.6174, 37.2646, 22.3804, 16.1671, 8.0717, 4.4169, 6.2927, 6.8446, 6.389, 12.2125, 20.3336, 0, 0.9954, 22.5546, 13.9355, 57.8571, 33.5, 2.6277, 28.5706, 6.6009, 128.6947, 21.4879],
      [0.6576, 1.7393, 0.379, 0.8125, 1.0796, 1.072, 0.9437, 1.747, 0.9403, 1.2912, 2.4196, 0.9227, 1.1253, 1.9949, 2.0811, 1.4502, 0.1767, 1.9514, 0.8204, 0.8455, 0.3551, 0.1798, 0.6566, 0.2571, 0.3806, 0.7675, 1.3685, 0, 0.1403, 1.1141, 1.3607, 2.9263, 1.3252, 0.1872, 1.6191, 0.3219, 5.5099, 0],
      [5.0957, 0.4487, 0.1425, 0.3106, 0.3358, 0.2546, 0.3176, 0.7592, 0.3815, 0.4389, 0.95, 0.4125, 0.2508, 0.6504, 0.9043, 0.35, 0.0287, 0.5857, 0.3341, 0.284, 0.1403, 0.0614, 0.168, 0.1082, 0.0861, 0.1997, 0.3381, 0, 0.218, 0.394, 0.2906, 1.2468, 0.4895, 0.0867, 0.7093, 0.0564, 1.3349, 0],
      [0, 2.0642, 0.3698, 0.9971, 1.2769, 1.3506, 1.0782, 1.9647, 1.0722, 1.847, 4.4193, 1.6221, 1.2455, 2.3288, 3.3757, 1.7066, 0.0874, 2.4858, 1.5097, 0.4951, 0.4178, 0.4192, 0.9098, 0.3711, 0.4634, 0.4766, 1.159, 0, 0.1265, 1.4813, 1.8104, 4.2025, 2.0086, 0.0807, 2.6705, 0.3707, 7.2824, 1.1197],
      [0.7288, 1.3437, 0.3322, 1.0452, 1.0022, 0.9728, 0.9775, 1.508, 0.5917, 1.1519, 2.231, 1.2679, 0.7688, 2.09, 3.1951, 0.8853, 0.1717, 2.0338, 0.8486, 1.3087, 0.4087, 0.2556, 0.6022, 0.3654, 0.4317, 0.8499, 1.0943, 0, 0.1592, 1.1514, 1.1611, 2.7181, 1.1534, 0.2383, 2.6114, 0.3861, 4.6939, 1.3323],
      [0.089, 16.2831, 2.6574, 11.6358, 9.7446, 10.1722, 10.9406, 16.9677, 9.0397, 15.7308, 33.9661, 12.2963, 11.0739, 20.6311, 31.5227, 14.1335, 0.881, 24.2574, 10.669, 10.1411, 4.2173, 1.577, 6.1192, 3.738, 4.095, 7.8935, 12.7055, 0, 1.2682, 13.4811, 10.7435, 38.2424, 16.5611, 2.6771, 26.4623, 4.0783, 60.99, 13.7189],
      [0.1048, 0.5823, 0.1464, 0.3687, 0.7668, 0.513, 0.4331, 0.8746, 0.4532, 0.8601, 1.5918, 0.4615, 0.3508, 1.2207, 1.4953, 0.8107, 0.0371, 1.4213, 0.4377, 0.7587, 0.3891, 0.0901, 0.2516, 0.3156, 0.1542, 0.6002, 1.001, 0, 0.0924, 0.8235, 0.6982, 1.8068, 0.9623, 0.1024, 1.3568, 0.1857, 3.4942, 0.3412]
    ],
    [
      [0, 4.1759, 0.0308, 8.8313, 6.9273, 2.7562, 8.9249, 6.0778, 10.8548, 18.9917, 35.9384, 4.1019, 8.7228, 4.2781, 7.9461, 22.6261, 0, 10.7858, 10.949, 3.454, 0, 1.1015, 0.9336, 0.3901, 1.9756, 0, 2.353, 6.7809, 0, 7.1403, 1.1684, 23.9593, 20.5945, 0, 2.4405, 1.0017, 54.4575, 2.059],
      [0, 6.4143, 2.8518, 2.2393, 5.2308, 1.1914, 2.6281, 3.5726, 9.5738, 6.5119, 5.0878, 0.1483, 7.0444, 2.9844, 0, 6.9357, 0, 2.5908, 0.7691, 0, 0, 0.6446, 1.8795, 0, 1.4673, 0, 2.3938, 0, 0.0216, 1.2532, 1.1377, 8.9774, 2.7746, 0.3941, 0, 0.3273, 9.5349, 0],
      [1.9419, 2.8412, 6.401, 7.2441, 8.8098, 0.954, 4.8506, 9.019, 5.8802, 4.0673, 11.1562, 2.8372, 1.6053, 4.9793, 6.7295, 2.5602, 0, 3.9412, 2.4379, 0, 3.625, 0.0756, 1.1834, 1.9162, 0, 1.9792, 2.0614, 0.8456, 0.0873, 2.9668, 0, 15.642, 3.2764, 4.2337, 3.9322, 0, 7.0036, 0],
      [0, 2.9317, 0, 0, 0, 0.5197, 0, 0, 0.3534, 1.5563, 11.0596, 0.9571, 2.3352, 0, 0, 1.3074, 0, 0.3991, 2.0338, 0, 0, 0, 1.4897, 0, 0, 0, 0, 3.2173, 0, 0, 1.2144, 1.5852, 0.9734, 0, 0, 0, 5.228, 0],
      [213.4055, 224.3915, 215.4085, 567.0794, 557.2267, 105.0984, 309.795, 261.6049, 116.8545, 233.9239, 439.5977, 178.2583, 144.837, 323.862, 522.5011, 177.3361, 26.9887, 401.8733, 147.4252, 243.0178, 241.0688, 205.9094, 160.124, 194.6951, 320.6418, 457.9977, 152.6453, 18.2673, 9.1665, 189.7936, 96.7246, 440.4978, 175.8947, 135.026, 353.6629, 79.6668, 977.8941, 126.7684],
      [0, 2.61, 0, 1.1927, 0, 0.2155, 2.2555, 1.276, 1.065, 3.2946, 9.0634, 0, 3.3205, 0, 0, 2.6102, 0, 4.5979, 1.0834, 0, 0, 0, 0.1134, 0, 0, 0, 0, 3.6232, 0, 1.0776, 0, 7.9885, 1.8773, 0, 0.5214, 0.7352, 9.5035, 1.5674],
      [3.6525, 11.6355, 12.308, 25.4133, 59.8054, 7.2647, 17.5459, 19.4497, 11.4183, 22.6542, 37.0969, 8.6972, 8.1348, 25.8961, 33.8233, 19.6243, 1.0113, 36.8119, 9.3016, 24.5282, 34.3062, 9.2689, 8.2764, 24.9986, 13.9153, 34.0231, 18.5465, 5.2657, 0.7246, 17.7685, 7.755, 36.3498, 18.6091, 7.3461, 25.443, 5.2689, 87.3784, 4.6052]
    ],
    [
      [0.4027, 0, 6.7589, 2.8844, 9.9124, 3.3566, 2.6286, 3.6397, 0, 0, 0, 3.5106, 0, 10.4387, 7.8282, 0, 0.4147, 4.1829, 0.6551, 0.7881, 7.4991, 0.6754, 0.2736, 4.6982, 4.3553, 7.8925, 4.5091, 0, 0, 3.0019, 0.6332, 0, 0, 2.7449, 2.2406, 0.8378, 10.509, 1.9279],
      [0.4451, 1.5586, 0.3575, 0.3755, 0.8018, 3.0925, 1.2171, 3.8921, 0, 0, 0, 0.2795, 0, 5.1988, 0, 3.3468, 0.2185, 2.382, 0.8328, 0, 1.3749, 0.0645, 0.3701, 0, 0.2667, 2.3879, 3.6971, 0, 0.3199, 1.8912, 4.0001, 0, 1.2769, 0.9294, 0, 0.2868, 5.6405, 0],
      [0.1621, 0.7977, 0.4153, 0.4415, 0.7396, 0, 1.1964, 7.0185, 5.9347, 2.4778, 0, 1.5844, 0, 4.3961, 3.4681, 0.3343, 0.0642, 0.8517, 1.521, 1.9184, 1.2394, 0.0657, 0.2153, 0.1819, 0, 0.2297, 1.2781, 0, 0.7119, 2.3347, 0, 4.2417, 3.1476, 3.969, 2.0746, 0, 0.9332, 0],
      [0, 18.3769, 2.3195, 3.639, 9.2466, 27.8631, 13.7004, 31.9233, 29.1291, 53.8951, 87.8791, 22.8801, 27.2101, 50.9197, 54.4684, 45.1265, 1.1558, 38.5591, 29.225, 0, 2.702, 1.376, 5.6748, 1.1862, 3.2284, 0, 16.7753, 1.8407, 1.7575, 32.9591, 41.6315, 78.7759, 51.0601, 3.1791, 37.2341, 4.7226, 78.0957, 10.1378],
      [0.0137, 0, 0.0676, 0.083, 0.0967, 0, 1.314, 0, 0, 0, 0, 1.1012, 0, 5.8277, 8.2196, 0, 0.2953, 0, 0, 14.9528, 0.2266, 0.0123, 0.0727, 0.0598, 0.135, 0.78, 0.1577, 0, 1.1113, 0, 1.588, 0, 0, 1.0685, 6.4155, 0.6247, 0, 1.5473],
      [7.9497, 134.9353, 22.856, 63.2818, 74.1415, 190.3375, 147.2447, 261.624, 229.0696, 416.9579, 620.8705, 161.1898, 227.6728, 443.2611, 503.372, 341.1596, 9.7934, 360.4344, 186.3871, 44.5378, 52.8833, 6.7489, 36.2072, 22.5011, 30.8344, 29.3742, 204.6514, 42.1593, 20.7226, 285.9377, 202.9205, 671.7643, 384.7723, 153.5756, 366.7363, 54.1546, 619.4293, 130.1426],
      [0.0267, 0.3316, 0.2251, 0.2948, 1.0614, 1.3503, 0.6988, 1.9024, 0.8666, 2.6691, 2.2504, 0.4544, 0.1171, 4.9579, 3.6437, 2.0328, 0.0581, 3.5898, 0.3791, 0.8029, 1.0747, 0.0572, 0.1862, 0.3728, 0.1802, 0.3358, 3.9312, 0, 0.3767, 2.8754, 2.2267, 3.218, 2.743, 0.5336, 3.2988, 0.3735, 5.3924, 0.2445]
    ],
    [
      [0.0065, 0, 0.0091, 0.0142, 0.0308, 0.0188, 0.0826, 0, 0, 0, 0, 0.0199, 0, 0.041, 1.5888, 0, 0.0196, 0.0399, 0, 0, 0.016, 2.5367, 0, 0.01, 0.0117, 0.1009, 0.0172, 0.0034, 0, 0.0386, 0.3309, 0, 0, 0, 1.3804, 0.8331, 0.3708, 0.0867],
      [0.2249, 5.9003, 0.9519, 1.7761, 3.1912, 2.142, 4.8295, 5.2615, 4.3051, 5.4377, 6.8629, 1.4551, 2.9918, 6.9753, 5.8953, 5.6025, 0.3952, 5.9821, 2.5077, 2.5959, 1.4312, 0.715, 2.8002, 0.951, 1.6313, 2.1926, 2.8391, 0.0472, 0.0605, 4.2049, 5.2533, 8.7312, 5.8941, 3.0569, 3.0859, 0.9693, 10.8564, 0.3627],
      [6.8535, 66.783, 13.9582, 26.9385, 38.999, 22.3564, 63.0512, 74.9874, 71.5297, 77.1074, 117.4063, 24.8944, 28.6793, 87.531, 129.7041, 60.4179, 3.6481, 74.574, 41.2618, 37.8504, 22.3049, 10.3165, 30.03, 16.39, 15.4442, 23.3518, 28.5315, 2.7961, 1.6841, 58.1233, 47.7464, 151.4815, 91.0545, 54.7398, 80.6107, 8.6406, 120.0435, 11.3452],
      [0, 0.8919, 0.0467, 0.1229, 0.2138, 0.2028, 0.2315, 0.271, 0.4974, 0.7252, 1.4355, 0.1781, 0.2702, 0.3614, 0.5775, 0.6146, 0, 0.433, 0.5005, 0, 0.061, 0, 0.334, 0.0668, 0.1153, 0, 0.0651, 0.02, 0, 0.3336, 0.9497, 1.099, 0.9086, 0, 0.3243, 0.0512, 0.9876, 0.0565],
      [0.0234, 0, 0.0535, 0.1192, 0.1535, 0.0767, 0.1778, 0, 0, 0, 0, 0.1156, 0, 0.6376, 1.331, 0, 0.0627, 0.1645, 0, 0.9596, 0.1181, 0.0692, 0.1846, 0.0948, 0.1296, 0.1809, 0.101, 0, 0.0097, 0.0806, 0.3132, 0, 0, 0.3918, 0.8204, 0.0881, 0, 0.077],
      [0.8592, 25.057, 2.73, 10.4788, 11.8522, 8.4914, 23.1494, 20.7027, 21.0288, 29.1368, 43.9341, 7.8417, 12.4132, 29.5148, 47.1882, 24.1003, 0.8156, 30.8184, 13.8039, 12.8891, 6.9653, 0.1191, 10.9391, 5.6742, 7.2183, 9.2675, 11.0105, 1.0244, 0.2182, 21.0848, 16.5727, 53.6119, 33.0231, 17.7308, 31.1173, 5.0374, 49.9867, 5.8214],
      [0.0326, 1.3679, 0.2506, 0.5503, 1.5595, 0.7119, 1.4781, 1.7774, 1.6389, 2.5929, 3.3612, 0.4952, 0.6455, 2.9389, 3.7152, 2.2646, 0.0588, 2.9881, 0.9261, 1.7051, 1.1035, 0.2435, 0.712, 0.8132, 0.4496, 0.9063, 1.4355, 0.1089, 0.0275, 2.1341, 1.8337, 4.0764, 3.1198, 1.0806, 2.6608, 0.3804, 4.755, 0.2506]
    ],
    [
      [0.0369, 0.7199, 0.4991, 0.4675, 0.6547, 1.5885, 2.0504, 1.9742, 1.114, 2.3962, 4.1293, 1.528, 0.6852, 2.9408, 4.5239, 2.0664, 0.083, 1.5935, 0.9101, 0.677, 0.4444, 0.0536, 0.146, 0.41, 0.3671, 0.4995, 1.0454, 0.7787, 0, 1.6409, 0.5098, 3.01, 2.3129, 0.1368, 1.9043, 0.2415, 5.9412, 0.317],
      [1.3171, 45.4937, 12.6045, 10.8733, 15.9402, 39.8083, 43.7888, 54.0631, 46.4762, 58.7697, 87.2254, 28.2543, 25.1922, 73.1553, 89.9149, 50.9087, 2.2816, 36.9328, 15.9874, 16.7621, 9.0916, 1.175, 7.4097, 7.3607, 10.179, 14.3146, 30.5458, 1.9042, 3.3537, 36.3669, 23.4917, 82.1458, 45.2225, 4.6893, 51.6938, 5.8093, 112.4756, 2.5326],
      [0.0799, 1.1707, 0.4471, 0.3945, 0.474, 0.927, 1.4321, 2.3186, 1.9941, 1.9356, 3.283, 1.1639, 0.5601, 2.3383, 3.6521, 1.2416, 0.0339, 1.1029, 0.6138, 0.541, 0.3348, 0.0344, 0.1804, 0.288, 0.2183, 0.3583, 0.7526, 0.1307, 0.143, 1.2372, 0.4937, 3.311, 1.6063, 0.1998, 2.1294, 0.1115, 2.929, 0.1746],
      [0.1299, 8.2395, 1.7986, 1.9496, 2.7819, 7.5439, 7.4833, 9.1146, 8.0687, 12.4167, 22.5452, 6.9706, 4.1259, 12.9004, 21.002, 9.023, 0.1818, 6.9758, 4.0537, 1.5242, 1.5591, 0.3625, 1.4704, 1.5196, 1.7941, 1.6825, 4.0632, 0.7782, 0.3837, 7.1291, 4.5753, 17.3516, 9.964, 0.2914, 12.353, 0.9455, 22.0607, 1.1949],
      [0.0017, 0, 0.0286, 0.0152, 0.0162, 0.0008, 0.0086, 0, 0, 0, 0, 0.1075, 0, 0.3724, 0.8249, 0, 0.0193, 0, 0, 0.2177, 0.0192, 0.0015, 0.0097, 0.0199, 0.0323, 0.0439, 0.0228, 0, 0.0463, 0, 0.0467, 0, 0, 0.0062, 0.4383, 0.0207, 0, 0.0102],
      [0.4257, 17.8727, 3.4507, 6.1244, 5.7253, 15.4331, 20.5342, 21.5347, 18.5711, 29.084, 48.8236, 14.4997, 10.1613, 30.6146, 52.8203, 20.7205, 0.3859, 18.4188, 8.1327, 7.7457, 4.1958, 0.3546, 2.6853, 4.086, 4.2655, 5.7928, 11.7034, 2.2812, 1.0015, 17.6499, 7.4403, 43.373, 22.7174, 2.5875, 32.9416, 2.758, 50.9583, 3.6835],
      [0.0089, 0.5035, 0.1714, 0.1756, 0.4077, 0.6984, 0.7026, 0.9949, 0.776, 1.3977, 1.9936, 0.476, 0.2754, 1.6782, 2.262, 1.0397, 0.0146, 0.9762, 0.3023, 0.5323, 0.3551, 0.0184, 0.0984, 0.3158, 0.1436, 0.3084, 0.8667, 0.1269, 0.0718, 0.976, 0.4427, 1.8086, 1.1769, 0.089, 1.5395, 0.1134, 2.6352, 0.0872]
    ],
    [
      [0.1912, 0.5657, 0.5576, 0.5856, 1.0867, 0.2413, 0.8831, 0.7594, 0.5098, 0.8729, 1.5102, 0.797, 0.4071, 0.6735, 2.0443, 0.6438, 0.0797, 0.8323, 0.8399, 0.5136, 0.5274, 0.2096, 0.2889, 0.5094, 0.748, 1.0826, 0.4188, 0.3734, 0.0046, 0.3156, 0.1418, 0.9884, 0.5925, 0.3535, 0.427, 0.1137, 3.5713, 0.2613],
      [0.3305, 1.2672, 0.7636, 0.7415, 1.4509, 0.3337, 1.0658, 1.1491, 0.7046, 0.9895, 1.4043, 0.7933, 0.6463, 0.9279, 2.1087, 0.7196, 0.1008, 1.0628, 0.7497, 0.6129, 0.5743, 0.2186, 0.8048, 0.3853, 0.99, 1.2136, 0.696, 0.0486, 0.0221, 0.3817, 0.3425, 1.2193, 0.5688, 0.6491, 0.6012, 0.1418, 3.5631, 0.1046],
      [1.4063, 1.9587, 1.6147, 1.6441, 2.6014, 0.508, 2.0583, 2.493, 1.4486, 1.9617, 3.2045, 1.9895, 0.9046, 1.7322, 5.4609, 1.0959, 0.1185, 1.9445, 1.7581, 1.3975, 1.3149, 0.4461, 1.2226, 1.1097, 1.2514, 1.8726, 1.0152, 0.2276, 0.0607, 0.7752, 0.4694, 2.7907, 1.2041, 1.7346, 1.5438, 0.1915, 5.7558, 0.4803],
      [0, 0.0441, 0, 0, 0, 0.004, 0, 0, 0.0062, 0.0246, 0.0654, 0.0219, 0.0086, 0, 0, 0.0121, 0, 0, 0.0497, 0, 0, 0, 0.0223, 0, 0, 0, 0, 0.0103, 0, 0.0002, 0.0106, 0.0117, 0.0098, 0, 0, 0, 0.0632, 0],
      [5.8242, 13.2649, 8.0975, 11.6277, 16.471, 3.8513, 13.7272, 12.8871, 6.5539, 11.9242, 19.1713, 12.8235, 6.3942, 11.6116, 38.5584, 6.7785, 0.9129, 13.9284, 10.7263, 11.0228, 8.0819, 3.7518, 8.9966, 7.7529, 13.6007, 16.1212, 6.9248, 0.7327, 0.2918, 4.9744, 3.595, 15.7841, 6.952, 10.2609, 11.3003, 1.9713, 42.412, 4.6608],
      [0.0815, 0.4007, 0.1192, 0.3269, 0.3434, 0.0967, 0.3961, 0.3244, 0.2235, 0.4126, 0.6737, 0.3034, 0.2189, 0.2688, 0.9734, 0.2387, 0.0053, 0.4361, 0.317, 0.0918, 0.12, 0.0539, 0.2274, 0.1595, 0.303, 0, 0.1741, 0.109, 0.0047, 0.1454, 0.0753, 0.534, 0.2317, 0.2305, 0.3017, 0.0567, 1.3074, 0.1346],
      [2.1663, 13.4987, 8.8473, 10.0741, 30.0466, 4.965, 14.8695, 17.3871, 10.5535, 19.8145, 27.9706, 12.2715, 6.4202, 16.7859, 45.8543, 12.5113, 0.7828, 22.7959, 12.5593, 17.3612, 18.3815, 3.32, 9.4374, 16.0832, 12.1069, 21.7101, 14.7711, 3.4985, 0.6162, 8.4075, 5.3654, 22.6718, 12.4411, 10.7713, 14.8261, 2.5249, 67.3271, 3.3584]
    ]
  ],
  "V_est": [
    [26.1165, 17.6686, 6.5369, 3311.6984, 14.0442, 1902.2105, 19.725],
    [858.4267, 42.9198, 19.1635, 56.667, 44.0678, 501.4014, 26.3539],
    [302.729, 96.5806, 137.0845, 37.1613, 9746.9301, 59.5921, 755.9225],
    [109.2001, 46.5048, 53.9449, 919.8536, 45.7709, 7762.5923, 55.1335],
    [7.6076, 130.3669, 1843.1661, 12.9466, 6.5342, 663.2282, 57.1505],
    [50.3978, 1205.5113, 40.3369, 238.3083, 2.3306, 571.5544, 26.5605],
    [25.5224, 30.4481, 60.7672, 0.3647, 404.3222, 10.4212, 555.1542]
  ],
  "p_est": [
    [0.0049, 0.0033, 0.0012, 0.6251, 0.0027, 0.359, 0.0037],
    [0.5542, 0.0277, 0.0124, 0.0366, 0.0284, 0.3237, 0.017],
    [0.0272, 0.0087, 0.0123, 0.0033, 0.8753, 0.0054, 0.0679],
    [0.0121, 0.0052, 0.006, 0.1023, 0.0051, 0.8632, 0.0061],
    [0.0028, 0.0479, 0.6774, 0.0048, 0.0024, 0.2437, 0.021],
    [0.0236, 0.5646, 0.0189, 0.1116, 0.0011, 0.2677, 0.0124],
    [0.0235, 0.028, 0.0559, 0.0003, 0.372, 0.0096, 0.5107]
  ],
  "EI_Z": {},
  "EI_V": 15.7363,
  "MAE_Z": {},
  "MAE_V": 211.4378,
  "MAE_p": 0.056,
  "runtime": 0.009
}
