{
  "X": [
    [53, 953, 596, 195],
    [18, 270, 158, 56],
    [119, 1122, 765, 317],
    [54, 195, 536, 79],
    [14, 502, 340, 100],
    [18, 513, 463, 94],
    [11, 199, 142, 36],
    [19, 5, 581, 59],
    [36, 573, 407, 136],
    [14, 192, 131, 64],
    [20, 563, 345, 109],
    [3, 136, 101, 34],
    [40, 23, 697, 76],
    [17, 21, 450, 39],
    [50, 30, 745, 62],
    [12, 14, 405, 31],
    [49, 22, 814, 84],
    [27, 22, 766, 79],
    [31, 6, 660, 85],
    [12, 5, 261, 34],
    [40, 18, 609, 51],
    [22, 243, 185, 75],
    [4, 60, 63, 19],
    [36, 244, 737, 107],
    [34, 165, 661, 89],
    [1, 36, 99, 15],
    [28, 253, 720, 105],
    [33, 191, 893, 109],
    [24, 152, 578, 68],
    [18, 183, 457, 74],
    [22, 141, 658, 96],
    [13, 93, 299, 31],
    [12, 111, 221, 41],
    [8, 89, 223, 34],
    [0, 33, 61, 19],
    [80, 678, 1086, 188],
    [13, 142, 222, 68],
    [103, 624, 1562, 395],
    [3, 92, 107, 28]
  ],
  "W": [
    [500, 1050, 82, 165],
    [133, 305, 17, 47],
    [696, 1244, 98, 285],
    [542, 226, 24, 72],
    [326, 530, 26, 74],
    [419, 537, 31, 101],
    [134, 213, 13, 28],
    [585, 7, 15, 57],
    [371, 626, 40, 115],
    [126, 202, 16, 57],
    [278, 636, 35, 88],
    [96, 142, 12, 24],
    [678, 37, 17, 104],
    [442, 21, 19, 45],
    [751, 33, 27, 76],
    [397, 20, 13, 32],
    [826, 31, 19, 93],
    [764, 27, 22, 81],
    [659, 14, 14, 95],
    [268, 8, 8, 28],
    [587, 30, 24, 77],
    [165, 264, 19, 77],
    [61, 63, 8, 14],
    [583, 326, 83, 132],
    [543, 198, 75, 133],
    [85, 38, 10, 18],
    [622, 292, 63, 129],
    [795, 218, 78, 135],
    [482, 214, 41, 85],
    [409, 223, 36, 64],
    [605, 178, 32, 102],
    [221, 120, 41, 54],
    [179, 124, 39, 43],
    [198, 89, 35, 32],
    [52, 40, 11, 10],
    [985, 737, 133, 177],
    [208, 161, 32, 44],
    [1590, 710, 85, 299],
    [96, 98, 11, 25]
  ],
  "method": "mult",
  "cond_prob": [
    [
      [0.031606807265, 0.019043610271, 0.89860451669, 0.050745065779],
      [0.0089399077193, 0.8963075946, 0, 0.094752497677],
      [0.0061579844589, 0.024767773598, 0.94254277564, 0.026531466306],
      [0.16548326386, 0.0019652308822, 0.42066202458, 0.41188948068]
    ],
    [
      [0.037465798519, 5.6459360665e-06, 0.91256292882, 0.049965626723],
      [0.012563963, 0.88364092516, 0.0047470798205, 0.09904803202],
      [0.0073316924425, 0.023702345148, 0.9427031517, 0.02626281071],
      [0.19277449596, 0.0018261074324, 0.40755994771, 0.39783944889]
    ],
    [
      [0.049481489437, 0.045679839454, 0.82632010081, 0.078518570301],
      [0.016750214197, 0.87387729739, 0, 0.10937248841],
      [0.0098344893257, 0.02655684402, 0.93025410746, 0.033354559193],
      [0.22020995417, 0.0017575546357, 0.34637300809, 0.4316594831]
    ],
    [
      [0.054361398775, 0, 0.89520455946, 0.050434041765],
      [0.025213670773, 0.8598148744, 0.0067064032597, 0.10826505157],
      [0.010808074267, 0.023459771419, 0.93901038877, 0.026721765546],
      [0.25803386787, 0.0016500537638, 0.37148933758, 0.36882674079]
    ],
    [
      [0.01674610884, 0.063139609242, 0.8663475713, 0.053766710618],
      [0.0030823002354, 0.90672128875, 0, 0.090196411017],
      [0.0032195868726, 0.026494829904, 0.94253663567, 0.027748947555],
      [0.092208650467, 0.0022343077466, 0.44682080039, 0.45873624139]
    ],
    [
      [0.016243751027, 0.029257290012, 0.91306723369, 0.041431725274],
      [0.0019503468862, 0.9305621629, 0, 0.06748749021],
      [0.0031062654593, 0.025391185432, 0.95023760171, 0.021264947398],
      [0.099507305074, 0.0023978936375, 0.50462835081, 0.39346645047]
    ],
    [
      [0.032576972105, 0.040707309076, 0.87900212213, 0.047713596689],
      [0.0077773925535, 0.90681273334, 0, 0.085409874108],
      [0.0063232897279, 0.025826530758, 0.94296373128, 0.024886448235],
      [0.17485351277, 0.0020844101052, 0.42697096886, 0.39609110827]
    ],
    [
      [0.021220592851, 0, 0.92445346567, 0.054325941474],
      [0.007848541429, 0.71428571429, 0.15572323922, 0.12214250506],
      [0.0041488065615, 0, 0.967130491, 0.028720702434],
      [0.11348739112, 0, 0.43153864107, 0.45497396782]
    ],
    [
      [0.031923645138, 0.038819982419, 0.87140185956, 0.057854512883],
      [0.008676261711, 0.89033456874, 0, 0.10098916955],
      [0.0062312246232, 0.025610853181, 0.93887454077, 0.029283381427],
      [0.16065859859, 0.0019470640593, 0.40134720411, 0.43604713324]
    ],
    [
      [0.032769616431, 0.11351281419, 0.76690588693, 0.086811682448],
      [0.0074033671604, 0.876815855, 0, 0.11578077784],
      [0.0064310993811, 0.029366880016, 0.92505144737, 0.039150573235],
      [0.14513422058, 0.0019423267112, 0.34331640506, 0.50960704764]
    ],
    [
      [0.020340960583, 5.4617080582e-06, 0.93294397848, 0.04670959923],
      [0.0062122650702, 0.88370141403, 0.017826280942, 0.092260039956],
      [0.0039243739979, 0.022585752051, 0.94929967855, 0.024190195404],
      [0.11655521913, 0.0019759204465, 0.46680193812, 0.4146669223]
    ],
    [
      [0.012157797248, 0.091948968566, 0.83137626004, 0.064516974141],
      [0.0019962747569, 0.89289837749, 0, 0.10510534776],
      [0.0023338096913, 0.027445385715, 0.93692576998, 0.03329503461],
      [0.063390613851, 0.0021660327569, 0.41436540816, 0.52007794523]
    ],
    [
      [0.031720209383, 0, 0.92364641876, 0.044633371859],
      [0.014287816461, 0.6142292265, 0.24519598677, 0.12628697026],
      [0.0062268644559, 0.016089330554, 0.95319128301, 0.024492521979],
      [0.17172300128, 0, 0.4374156227, 0.39086137602]
    ],
    [
      [0.02371500475, 0.0030919612858, 0.93032385687, 0.042869177099],
      [0.0071739325887, 0.90707966321, 0.0061606744111, 0.079585729787],
      [0.0047459334132, 0.025550060844, 0.94629040948, 0.02341359626],
      [0.13949205736, 0.0022050895154, 0.45973251829, 0.39857033484]
    ],
    [
      [0.042799497842, 0, 0.91454505537, 0.042655446785],
      [0.013763652471, 0.88969495262, 0.013707500014, 0.082833894897],
      [0.0084024965815, 0.023706169023, 0.94538967298, 0.022501661414],
      [0.22600669976, 0, 0.42366835189, 0.35032494836]
    ],
    [
      [0.019917858749, 0, 0.94004941544, 0.040032725814],
      [0.0083076088511, 0.68841301711, 0.1975732203, 0.10570615374],
      [0.0039750272575, 0.017826127523, 0.95571412718, 0.02248471804],
      [0.12108695454, 0, 0.48201981288, 0.39689323258]
    ],
    [
      [0.036770644776, 0, 0.91261714598, 0.050612209243],
      [0.027942225517, 0.69827492291, 0.13509966933, 0.13868318225],
      [0.0072398235059, 0.018604073147, 0.94741733849, 0.026738764857],
      [0.18950195459, 0, 0.40848621763, 0.40201182778]
    ],
    [
      [0.022174810112, 0, 0.92601301659, 0.0518121733],
      [0.0077942341684, 0.7977551684, 0.083335157105, 0.11111544032],
      [0.0043412469778, 0.020936838776, 0.94718233698, 0.027539577268],
      [0.12040115208, 0, 0.43750610706, 0.44209274087]
    ],
    [
      [0.026491292921, 0, 0.91583892175, 0.057669785326],
      [0.040723396895, 0.41751081091, 0.31137131106, 0.23039448113],
      [0.005228615954, 0.011060617661, 0.95316645497, 0.030544311413],
      [0.13577799774, 0, 0.40798549306, 0.4562365092]
    ],
    [
      [0.028702339464, 0, 0.90524081306, 0.06605684748],
      [0.051237585421, 0.60863166439, 0.049298990318, 0.29083175987],
      [0.005662751732, 0.016368335612, 0.94297479618, 0.034994116475],
      [0.13759179738, 0, 0.37347399317, 0.48893420945]
    ],
    [
      [0.038503259534, 0, 0.92511353833, 0.036383202137],
      [0.018503208253, 0.58768459366, 0.28249304869, 0.11131914939],
      [0.0076690708997, 0.01539425792, 0.95640850571, 0.020528165473],
      [0.21635626889, 0, 0.44843840784, 0.33520532328]
    ],
    [
      [0.036079190258, 0.055433811102, 0.83908109082, 0.069405907822],
      [0.010182092866, 0.88334452785, 0, 0.10647337928],
      [0.0070763452949, 0.026558991028, 0.93407806328, 0.032286600399],
      [0.1717455913, 0.0018940907267, 0.37407969887, 0.45228061911]
    ],
    [
      [0.027748803733, 0.069821276321, 0.82667264983, 0.075757270115],
      [0.0065500553869, 0.88087788136, 0, 0.11257206325],
      [0.0053956970249, 0.027340043472, 0.93171651205, 0.035547747454],
      [0.13225027905, 0.0019196622145, 0.36565973314, 0.5001703256]
    ],
    [
      [0.023864471723, 0, 0.941537889, 0.034597639281],
      [0.010243626773, 0.74316876485, 0.14089013479, 0.10569747359],
      [0.0046294791774, 0.018235704792, 0.95509256572, 0.022042250315],
      [0.13911624156, 0.0016168118297, 0.47636775622, 0.38289919039]
    ],
    [
      [0.023209541652, 0, 0.9418635415, 0.034926916848],
      [0.0090552572188, 0.82412997061, 0.074983931466, 0.091830840708],
      [0.0048062394588, 0.020991341706, 0.95250805311, 0.021694365729],
      [0.14469030071, 0.0018640239988, 0.4758133425, 0.3776323328]
    ],
    [
      [0.0041983813101, 0.016676669493, 0.94296971814, 0.03615523106],
      [0.0015783801615, 0.90264667751, 0.0066178854197, 0.089157056911],
      [0.00096853851027, 0.024081168467, 0.95068133615, 0.024268956876],
      [0.031859653189, 0.0022832035087, 0.50496005283, 0.46089709047]
    ],
    [
      [0.018014660604, 0, 0.94375748675, 0.03822785265],
      [0.0067162974169, 0.86081365836, 0.038782285378, 0.093687758848],
      [0.0037325517661, 0.02203400109, 0.95105736212, 0.023176085022],
      [0.11316722091, 0.0019710828774, 0.47861862093, 0.40624307529]
    ],
    [
      [0.019181704691, 0, 0.94061445639, 0.04020383892],
      [0.0069496626118, 0.86689017645, 0.033081878015, 0.093078282926],
      [0.0039345171914, 0.022434145705, 0.95017487382, 0.023456463286],
      [0.11798982208, 0.0019857642188, 0.47322976004, 0.40679465366]
    ],
    [
      [0.02162104435, 0, 0.94891028743, 0.029468668222],
      [0.0096481772033, 0.70636864071, 0.18139769896, 0.10258548312],
      [0.0042379566658, 0.017124580684, 0.95858435658, 0.020053106068],
      [0.13341400563, 0.0015882715198, 0.50004912072, 0.36494860213]
    ],
    [
      [0.02112598465, 0, 0.92993377735, 0.048940238002],
      [0.0080772748587, 0.81675087951, 0.063365630894, 0.11180621474],
      [0.0040952852578, 0.020920583079, 0.94812986503, 0.026854266638],
      [0.11579390181, 0.0017408262365, 0.44365428491, 0.43881098705]
    ],
    [
      [0.017619753976, 0, 0.9343308718, 0.048049374227],
      [0.006555412167, 0.78752327978, 0.090635711936, 0.11528559612],
      [0.0034298898591, 0.020192661731, 0.94953201464, 0.026845433768],
      [0.098661068661, 0.0017126570974, 0.45305530755, 0.44657096669]
    ],
    [
      [0.01854823309, 0, 0.96327792537, 0.018173841539],
      [0.0090001822874, 0.76787450102, 0.14532960459, 0.077795712104],
      [0.0041454414543, 0.018422294035, 0.96149511118, 0.015937153331],
      [0.1416825095, 0.0018471448604, 0.54175419229, 0.31471615335]
    ],
    [
      [0.025948045817, 0.0022019320224, 0.9212832645, 0.050566757666],
      [0.0085611017766, 0.8839410931, 0.0067612325802, 0.10073657254],
      [0.0051391935839, 0.023478399796, 0.94449164908, 0.026890757543],
      [0.14170452625, 0.001895372826, 0.42829601166, 0.42810408926]
    ],
    [
      [0.019087583254, 0.041625868163, 0.88704421735, 0.052242331236],
      [0.0058289135595, 0.89602651213, 0.0059468240085, 0.092197750299],
      [0.0039651858144, 0.026888151077, 0.94126679163, 0.02787987148],
      [0.1113469908, 0.002207288629, 0.43411374755, 0.45233197303]
    ],
    [
      [1.100835991e-32, 0, 0.9017125241, 0.098287475903],
      [0, 0.81862546007, 0.0065133452901, 0.17486119464],
      [0, 0.021812008522, 0.93243981765, 0.045748173825],
      [4.6582976967e-35, 0.0015049503393, 0.35935769412, 0.63913735554]
    ],
    [
      [0.036760659394, 0.018163298564, 0.89587615751, 0.049199884529],
      [0.011645850147, 0.89071531328, 0.0064817657487, 0.091157070828],
      [0.007302654016, 0.024868500178, 0.94237912524, 0.02544972057],
      [0.19342658731, 0.0019460706546, 0.41496327591, 0.38966406612]
    ],
    [
      [0.02991281449, 0.025706683835, 0.84823688655, 0.096143615127],
      [0.0081577082955, 0.84339928087, 0.0060034308755, 0.14243957996],
      [0.0054190494698, 0.02483305972, 0.92766375537, 0.042084135443],
      [0.12025759017, 0.0016151734371, 0.33897579671, 0.53915143968]
    ],
    [
      [0.034107358723, 0.012658110602, 0.86505527718, 0.088179253496],
      [0.009536447452, 0.84690170549, 0.006152601757, 0.1374092453],
      [0.0062146051394, 0.024571359891, 0.92934269845, 0.039871336516],
      [0.13869625586, 0.0016214971697, 0.34514927314, 0.51453297383]
    ],
    [
      [0.011883418688, 0.037750651932, 0.89226513279, 0.058100796591],
      [0.0020793697262, 0.89841489425, 0, 0.099505736025],
      [0.0022778385517, 0.025330715586, 0.94245172653, 0.029939719328],
      [0.065214293948, 0.002105596267, 0.43902313042, 0.49365697937]
    ]
  ],
  "expected_outcome": [
    [
      [15.8034036324, 4.982951203, 34.4391166479, 29.4638781362, 5.459231482, 6.8061316804, 4.3653142621, 12.4140468178, 11.8436723463, 4.1289716703, 5.654787042, 1.1671485358, 21.5063019619, 10.4820320994, 32.1424228792, 7.9073899232, 30.3725525851, 16.9415549258, 17.457762035, 7.6922269763, 22.6014133466, 5.9530663926, 1.6926770277, 13.9129870144, 12.6027811171, 0.35686241136, 11.2051188955, 15.2494552293, 10.4213433765, 8.6405277217, 10.6599511554, 4.0991595129, 4.6447002012, 3.7793414842, 5.7243471531e-31, 36.209249503, 6.2218654138, 54.23070037, 1.1408081941],
      [9.5218051357, 0.00075090949684, 31.7931682601, 0, 20.583512613, 12.258804515, 5.4547794161, 0, 14.4022134773, 14.3026145879, 0.0015183548402, 8.8271009823, 0, 1.3666468883, 0, 0, 0, 0, 0, 0, 0, 9.1465788318, 4.2590978556, 0, 0, 1.4175169069, 0, 0, 0, 0, 0, 0, 0.394145832, 8.2419218963, 0, 17.890849086, 5.3469902376, 20.1263958573, 3.6240625855],
      [449.3022583425, 121.3708695333, 575.1187901623, 485.2008712273, 282.4293082435, 382.5751709147, 117.7862843654, 540.8052774197, 323.2900898966, 96.6301417534, 259.3584260172, 79.8121209643, 626.2322719177, 411.2031447344, 686.8233365856, 373.1996179286, 753.8217625803, 707.473944673, 603.537849435, 242.6045378992, 543.0416469989, 138.448379985, 50.4270316397, 548.9165892849, 511.4319030346, 80.1524260417, 587.0171567563, 747.7884928293, 457.3747585407, 380.3429149357, 565.270177437, 212.8844215071, 164.9097043446, 175.6347550348, 46.8890512531, 882.4380151501, 176.4332724021, 1375.4378907148, 85.6574527477],
      [25.3725328894, 6.6454283541, 54.6489249297, 27.3352506365, 17.5279476616, 17.35989289, 6.3936219564, 31.7806757626, 21.4640242798, 10.9382719884, 12.985268586, 6.1936295175, 30.2614261204, 18.9481762779, 32.0342405352, 15.8929921482, 41.8056848346, 39.5845004013, 38.00438853, 17.7032351246, 21.3569396545, 11.4519747906, 4.621193477, 20.1704237008, 18.9653158483, 3.0731946401, 23.7777243482, 31.9620519415, 14.2038980828, 20.0165573426, 29.0698714076, 4.01641898, 9.0514496222, 10.3439815847, 5.1109487469, 48.4618862609, 19.9978719464, 140.205013058, 5.5776764727]
    ],
    [
      [9.3869031053, 3.8320087151, 20.8372664606, 5.6982895946, 1.6336191248, 1.0473362779, 1.6565846139, 0.054939790003, 5.4313398311, 1.4954801664, 3.9510005846, 0.28347101547, 0.52864920906, 0.15065258436, 0.45420053155, 0.16615217702, 0.86620899103, 0.21044432255, 0.57012755653, 0.40990068337, 0.55509624759, 2.6880725167, 0.41265348938, 3.3394223278, 1.7929409293, 0.059978446138, 1.9611588457, 1.5150264494, 2.0647099215, 1.8012322935, 1.1668633657, 1.0800218745, 1.0615766203, 0.51877330679, 0, 8.5829915584, 1.3133910356, 6.7708776909, 0.20377823317],
      [941.1229743337, 269.5104821737, 1087.1033579548, 194.318161615, 480.5622830363, 499.7118814793, 193.1511122011, 5, 557.3494400286, 177.1168027093, 562.0340993241, 126.7915696029, 22.7264813806, 19.0486729275, 29.3599334364, 13.7682603422, 21.6465226102, 21.5393895469, 5.8451513527, 4.8690533151, 17.6305378099, 233.2029553527, 55.4953065256, 242.2730173407, 163.1777341802, 34.3005737453, 251.3575882401, 188.9820584655, 151.1628891128, 182.13544613, 140.1791438007, 92.1449401221, 109.6086955445, 79.7463595798, 32.7450184029, 656.4571858845, 135.7872842201, 601.3002108982, 88.0446596364],
      [0, 1.4478593452, 0, 1.5156471367, 0, 0, 0, 1.0900626746, 0, 0, 11.3375146792, 0, 9.0722515106, 0.12937416263, 0.45234750046, 3.9514644059, 4.1880897492, 2.2500492418, 4.3591983549, 0.39439192255, 8.4747914608, 0, 0, 45.9301839404, 14.8468184303, 0.25147964595, 11.3244273305, 7.2118494073, 38.8191075782, 14.1305356893, 16.1331567246, 17.4395525509, 0.83839283994, 0.52926733676, 0.2605338116, 4.7770613568, 0.96655237096, 4.3683472475, 0],
      [99.4901225611, 30.209649766, 136.0593755846, 24.4679016537, 47.8040978389, 36.2407822429, 18.1923031851, 0.85499753543, 63.2192201403, 23.3877171243, 58.6773854121, 14.9249593816, 4.6726178998, 1.6713003255, 2.7335185316, 2.1141230748, 4.2991786496, 3.0001168887, 3.2255227358, 2.326654079, 3.3395744817, 28.1089721306, 7.092039985, 34.4573763911, 18.1825064602, 3.3879681626, 27.3568255836, 20.2910656778, 21.9532933875, 24.9327858872, 20.520836109, 9.3354854525, 12.4913349953, 8.2055997766, 6.9944477855, 67.1827612003, 22.9327723734, 97.5605641634, 9.7515621305]
    ],
    [
      [0.50495472563, 0.12463877152, 0.96377995392, 0.2593937824, 0.083709258689, 0.096294229238, 0.082202766462, 0.062232098422, 0.24924898493, 0.1028975901, 0.13735308993, 0.028005716296, 0.10585669575, 0.090172734852, 0.2268674077, 0.051675354348, 0.13755664661, 0.095507433512, 0.073200623356, 0.045302013856, 0.18405770159, 0.1344505606, 0.043165576199, 0.38424677172, 0.36046795941, 0.0096853851027, 0.23515076126, 0.30689234093, 0.1737562233, 0.14743026928, 0.10975647549, 0.16996309963, 0.20042854977, 0.1387815035, 0, 0.97125298413, 0.17340958303, 0.52824143685, 0.025056224068],
      [2.030957435, 0.40293986751, 2.6025707139, 0.56303451405, 0.68886557752, 0.78712674839, 0.33574489985, 0, 1.0244341272, 0.46987008026, 0.7905013218, 0.32934462859, 0.27351861941, 0.48545115603, 0.64006656362, 0.2317396578, 0.35347738979, 0.46061045308, 0.15484864726, 0.1309466849, 0.36946219009, 0.50462082953, 0.21872034777, 1.5135634978, 1.574350628, 0.24081168467, 1.3881420687, 1.749863365, 0.70210780805, 0.75314099084, 0.64616517538, 0.75531405544, 0.91565759203, 0.9410852877, 0.23993209375, 3.3075105237, 0.79465791105, 2.0885655908, 0.27863787145],
      [77.2885076022, 16.0259535789, 91.1649025312, 22.5362493305, 24.5059525274, 29.457365653, 12.2585285066, 14.5069573651, 37.5549816308, 14.8008231579, 33.2254887491, 11.2431092398, 16.2042518112, 17.9795177802, 25.5255211705, 12.4242836533, 18.0009294313, 20.8380114135, 13.3443303696, 7.5437983694, 22.953804137, 17.7474832023, 7.4537320964, 79.2726829544, 71.4381039829, 9.5068133615, 59.9166138137, 74.1136401578, 39.3019586199, 34.1326751409, 30.3850244686, 39.4212995584, 36.835174314, 32.944337707, 10.2568379942, 125.3364236564, 29.6852401717, 78.9941293685, 10.3669689919],
      [2.1755802371, 0.44646778208, 3.268746801, 0.6413223731, 0.72147263644, 0.65921336934, 0.32352382705, 0.43081053651, 1.1713352571, 0.62640917176, 0.84665683915, 0.39954041532, 0.41637287364, 0.44485832894, 0.60754485818, 0.29230133452, 0.50803653229, 0.60587069989, 0.42762035978, 0.2799529318, 0.49267597135, 0.61344540758, 0.28438197963, 1.8295067762, 1.6270774297, 0.24268956876, 1.4600933564, 1.8296041363, 0.82217734879, 0.96675359897, 0.85905388056, 0.65342328657, 1.0487395442, 0.97579550182, 0.50322991207, 3.3848128358, 1.3466923342, 3.3890636039, 0.32933691261]
    ],
    [
      [27.3047385367, 9.0604013103, 62.7598369376, 18.5784384868, 6.8234401345, 10.0502378125, 4.8958983576, 6.4687812938, 18.4757388377, 8.2726505732, 10.2568592834, 1.5213747324, 17.8591921333, 6.2771425814, 17.1765091816, 3.8747825454, 17.6236817773, 9.7524933182, 12.8989097851, 3.8525703265, 16.6594327042, 13.2244105301, 1.8515039067, 18.3633438861, 19.2438099941, 0.5734737574, 14.5985714975, 15.9286259804, 11.3401904787, 7.4108097156, 10.0634290034, 7.650855513, 6.0932946287, 3.5631037055, 4.6582976967e-34, 34.2365059545, 5.2913339676, 41.4701805023, 1.6303573487],
      [0.32426309557, 0.085827049323, 0.50090307117, 0.11880387099, 0.16533877325, 0.24218725739, 0.058363482944, 0, 0.22391236682, 0.11071262254, 0.17388099929, 0.051984786165, 0, 0.099229028191, 0, 0, 0, 0, 0, 0, 0, 0.14584498595, 0.026875271003, 0.21341916152, 0.24791519184, 0.041097663156, 0.25426969118, 0.26807816954, 0.13500307918, 0.11141287914, 0.17469102394, 0.099745822459, 0.081501031518, 0.070633236129, 0.015049503393, 0.34445450586, 0.071067631231, 0.48482765375, 0.052639906674],
      [69.4092340553, 19.1553175425, 98.7163073066, 26.7472323055, 33.0647392292, 50.9674634323, 11.9551871279, 24.5977025407, 46.1549284727, 19.5690350887, 41.0785705545, 9.9447697959, 45.4912247605, 20.6879633228, 32.1987947434, 15.4246340122, 37.9892182392, 35.4379946717, 38.7586218405, 10.4572718089, 34.5297574033, 28.8041368128, 5.1192362639, 62.8805438204, 63.2831745522, 9.0892809509, 61.7418020995, 63.8860176057, 42.5041752612, 28.3938742341, 46.2116413699, 29.2547263837, 18.4167285014, 13.8916399215, 3.5935769412, 73.4484998367, 14.9149350552, 103.1996326692, 10.9755782604],
      [67.9617643125, 18.6984540978, 123.0229526847, 26.5555253367, 33.946481863, 39.7401114978, 11.0905510315, 25.9335161655, 50.1454203229, 29.0476017156, 36.4906891628, 12.4818706855, 40.6495831061, 17.9356650676, 26.624696075, 12.7005834424, 37.3870999835, 35.8095120101, 43.3424683744, 13.6901578646, 25.8108098925, 34.8256076712, 7.0023845584, 50.542693132, 50.2251002618, 8.2961476285, 52.4053567118, 54.9172782444, 31.0206311809, 28.0839031712, 45.5502386028, 16.9946722809, 18.4084758383, 14.4746231369, 6.3913735554, 68.970539703, 23.722663346, 153.8453591748, 12.3414244842]
    ]
  ],
  "prob": [
    [0.028957075249, 5.624302259e-06, 0.91891649247, 0.052120807982],
    [0.0094459574891, 0.88132484309, 0.0068184622828, 0.10241073714],
    [0.0056433032268, 0.023473038682, 0.943634769, 0.027248889096],
    [0.15169516398, 0.0018685396406, 0.42286461901, 0.42357167737]
  ],
  "iterations": 83,
  "time": 0.000127,
  "message": "Converged",
  "status": 0,
  "miniter": 0,
  "maxiter": 1000,
  "maxtime": 3600,
  "param_threshold": 0.001,
  "ll_threshold": "-Inf",
  "initial_prob": "random",
  "adjust_prob_cond_method": "lp",
  "adjust_prob_cond_every": false,
  "candidates_id": ["LEWIS, Richard Charles.c", "YEE, Kenneth Ming.c", "ROBERTSON, Harold Valentine Ross.c", "Other candidates votes.c"],
  "group_id": ["Labour Party.p", "National Party.p", "New Zealand First Party.p", "Other parties votes.p"]
}
