{
  "X": [
    [5, 2, 19, 12, 0],
    [51, 33, 266, 222, 54],
    [3, 4, 2, 7, 2],
    [6, 3, 31, 17, 3],
    [72, 82, 605, 219, 67],
    [59, 41, 392, 215, 51],
    [7, 7, 42, 18, 3],
    [11, 8, 74, 46, 9],
    [8, 7, 46, 26, 7],
    [101, 41, 645, 485, 102],
    [62, 55, 518, 315, 112],
    [59, 61, 511, 273, 101],
    [51, 49, 511, 245, 93],
    [8, 7, 69, 60, 13],
    [143, 64, 407, 429, 47],
    [94, 39, 258, 283, 40],
    [55, 17, 157, 208, 34],
    [30, 12, 106, 158, 27],
    [5, 5, 56, 15, 5],
    [0, 5, 17, 5, 3],
    [8, 12, 148, 60, 25],
    [9, 7, 60, 51, 8],
    [91, 97, 363, 342, 49],
    [63, 52, 257, 247, 36],
    [147, 85, 617, 562, 74],
    [24, 23, 131, 127, 12],
    [7, 4, 21, 17, 5],
    [9, 6, 117, 48, 11],
    [5, 12, 95, 17, 6],
    [21, 22, 310, 74, 44],
    [52, 29, 553, 189, 78],
    [39, 54, 561, 185, 84],
    [144, 118, 1339, 551, 157],
    [12, 16, 97, 63, 13],
    [2, 1, 18, 7, 3],
    [14, 1, 22, 19, 6],
    [39, 25, 266, 109, 52],
    [2, 3, 19, 4, 1],
    [5, 1, 50, 27, 4],
    [0, 2, 3, 2, 0],
    [7, 6, 36, 30, 10],
    [92, 44, 362, 350, 49],
    [134, 39, 558, 459, 104],
    [61, 30, 395, 271, 91],
    [12, 7, 113, 39, 7],
    [14, 3, 23, 19, 11],
    [99, 59, 502, 373, 92],
    [0, 0, 12, 8, 1],
    [3, 6, 35, 26, 5],
    [44, 29, 215, 132, 48],
    [4, 4, 31, 13, 5],
    [10, 9, 65, 72, 11],
    [19, 2, 76, 46, 16],
    [28, 21, 159, 140, 25],
    [22, 19, 188, 136, 37],
    [12, 7, 124, 64, 28],
    [45, 26, 174, 160, 52],
    [1, 6, 33, 15, 7],
    [5, 2, 62, 27, 5],
    [27, 10, 110, 110, 29],
    [75, 25, 155, 292, 35],
    [65, 17, 138, 203, 23],
    [19, 10, 68, 92, 9],
    [3, 0, 12, 6, 4],
    [21, 6, 80, 101, 21],
    [13, 7, 72, 98, 13],
    [16, 6, 57, 44, 11],
    [27, 14, 118, 100, 14],
    [41, 21, 147, 137, 19],
    [7, 2, 28, 38, 5],
    [14, 11, 114, 57, 26],
    [7, 10, 105, 26, 12],
    [9, 11, 99, 40, 16],
    [4, 2, 76, 29, 13],
    [8, 3, 96, 49, 20],
    [11, 12, 136, 30, 26],
    [2, 1, 21, 8, 6],
    [10, 7, 78, 42, 13],
    [12, 7, 103, 69, 20],
    [5, 0, 5, 17, 1],
    [7, 6, 42, 26, 12],
    [2, 2, 14, 7, 2],
    [2, 5, 32, 18, 5],
    [0, 1, 4, 6, 0],
    [34, 11, 160, 224, 26],
    [13, 10, 87, 85, 20],
    [33, 9, 117, 75, 32],
    [5, 14, 83, 49, 15],
    [11, 5, 43, 51, 12],
    [1, 0, 2, 5, 0],
    [37, 95, 311, 153, 62],
    [237, 244, 2247, 1201, 378],
    [139, 116, 1380, 768, 254],
    [0, 0, 3, 2, 0]
  ],
  "W": [
    [0, 1, 0, 17, 18, 2],
    [27, 28, 36, 250, 253, 32],
    [0, 1, 1, 12, 4, 0],
    [0, 5, 5, 21, 29, 0],
    [37, 43, 62, 277, 584, 42],
    [28, 27, 39, 257, 359, 48],
    [0, 3, 1, 28, 44, 1],
    [5, 6, 11, 50, 66, 10],
    [4, 3, 3, 33, 47, 4],
    [55, 54, 73, 581, 538, 73],
    [86, 41, 66, 359, 466, 44],
    [38, 41, 53, 327, 497, 49],
    [39, 30, 65, 292, 461, 62],
    [14, 3, 7, 62, 64, 7],
    [16, 53, 74, 552, 358, 37],
    [15, 35, 41, 370, 226, 27],
    [12, 25, 27, 270, 120, 17],
    [5, 23, 12, 176, 100, 17],
    [1, 3, 5, 17, 58, 2],
    [2, 0, 3, 4, 18, 3],
    [0, 12, 18, 59, 142, 22],
    [2, 4, 3, 65, 54, 7],
    [18, 37, 62, 415, 371, 39],
    [6, 29, 36, 318, 253, 13],
    [30, 78, 71, 666, 587, 53],
    [3, 15, 12, 157, 124, 6],
    [6, 3, 5, 19, 20, 1],
    [9, 7, 8, 48, 109, 10],
    [5, 4, 7, 18, 93, 8],
    [11, 16, 29, 82, 306, 27],
    [22, 31, 55, 230, 527, 36],
    [38, 31, 64, 223, 522, 45],
    [72, 89, 135, 654, 1252, 107],
    [9, 7, 14, 67, 94, 10],
    [4, 3, 2, 10, 12, 0],
    [5, 8, 2, 27, 18, 2],
    [30, 19, 39, 140, 237, 26],
    [1, 4, 2, 4, 16, 2],
    [0, 3, 3, 31, 43, 7],
    [0, 1, 2, 1, 3, 0],
    [2, 4, 8, 35, 33, 7],
    [15, 39, 34, 445, 321, 43],
    [53, 53, 58, 585, 495, 50],
    [33, 31, 36, 322, 370, 56],
    [3, 14, 9, 40, 107, 5],
    [2, 4, 4, 40, 16, 4],
    [29, 56, 67, 462, 446, 65],
    [0, 0, 0, 8, 10, 3],
    [4, 2, 9, 29, 28, 3],
    [20, 29, 34, 171, 190, 24],
    [1, 2, 3, 16, 32, 3],
    [4, 4, 11, 78, 58, 12],
    [7, 13, 5, 56, 67, 11],
    [10, 16, 16, 158, 155, 18],
    [20, 17, 22, 153, 167, 23],
    [10, 11, 13, 69, 119, 13],
    [19, 32, 26, 184, 171, 25],
    [1, 2, 7, 21, 27, 4],
    [5, 1, 6, 28, 56, 5],
    [25, 14, 17, 131, 81, 18],
    [17, 37, 20, 359, 132, 17],
    [10, 33, 24, 265, 104, 10],
    [7, 14, 10, 106, 53, 8],
    [2, 2, 0, 8, 11, 2],
    [6, 16, 10, 118, 71, 8],
    [8, 8, 7, 116, 59, 5],
    [2, 7, 13, 57, 50, 5],
    [6, 10, 14, 128, 104, 11],
    [2, 15, 22, 181, 134, 11],
    [2, 4, 2, 49, 22, 1],
    [8, 9, 11, 74, 106, 14],
    [6, 5, 11, 37, 95, 6],
    [4, 7, 11, 46, 90, 17],
    [4, 5, 12, 31, 65, 7],
    [7, 8, 10, 54, 89, 8],
    [5, 8, 10, 41, 133, 18],
    [2, 3, 4, 8, 21, 0],
    [3, 4, 7, 56, 72, 8],
    [7, 14, 14, 70, 93, 13],
    [0, 1, 0, 19, 5, 3],
    [7, 7, 8, 27, 36, 8],
    [0, 1, 1, 8, 17, 0],
    [2, 2, 5, 18, 32, 3],
    [0, 1, 0, 5, 4, 1],
    [10, 19, 12, 263, 134, 17],
    [6, 9, 9, 103, 73, 15],
    [12, 13, 15, 112, 104, 10],
    [9, 4, 13, 53, 79, 8],
    [3, 9, 4, 67, 36, 3],
    [0, 0, 2, 4, 0, 2],
    [16, 19, 82, 195, 315, 31],
    [107, 138, 365, 1396, 2007, 294],
    [67, 110, 222, 885, 1182, 191],
    [0, 0, 0, 2, 3, 0]
  ],
  "method": "mult",
  "cond_prob": [
    [
      [0.012664316504, 0.0032405355055, 0.84897512765, 0.13512002034, 0],
      [0.56020574246, 0.014749841169, 0.15734939717, 0.26769501921, 0],
      [0.0016973407015, 0.45741572161, 0.49715021216, 0.043736725524, 0],
      [0.2555894237, 0.037124967566, 0.054722411167, 0.65256319757, 0],
      [0.0051581096392, 0.074510117414, 0.89881579404, 0.021515978906, 0],
      [0.00096404060319, 0.006471798379, 0.86684266013, 0.12572150089, 0]
    ],
    [
      [0.0039550207315, 0.00099259711731, 0.32370713677, 0.07384625603, 0.59749898935],
      [0.36374666976, 0.01299197381, 0.15919186073, 0.37044610384, 0.09362339186],
      [0.0017267377932, 0.30236125322, 0.44759872293, 0.0580392231, 0.19027406296],
      [0.15623416409, 0.025968641589, 0.033573180568, 0.77088866315, 0.013335350604],
      [0.0061701741759, 0.059817245972, 0.83981064642, 0.045595307164, 0.048606626273],
      [0.00082968870271, 0.0030779958429, 0.49448726551, 0.10270217648, 0.39890287347]
    ],
    [
      [0.00027789283033, 0.00030459070485, 0.0093492395973, 0.0030683854932, 0.98699989137],
      [0.43432204823, 0.049635969288, 0.054552138982, 0.2049507215, 0.256539122],
      [0.00011476416352, 0.66228950255, 0.068177915102, 0.010822420707, 0.25859539747],
      [0.20977165177, 0.16525426982, 0, 0.56104716623, 0.06392691218],
      [0.012075841582, 0.32625582259, 0.46931748648, 0.012915215757, 0.17943563359],
      [0.00011599010314, 0.0045371917438, 0.075838032182, 0.021987069433, 0.89752171654]
    ],
    [
      [0.0035264605588, 0.00076690607217, 0.32372561701, 0.055558466127, 0.61642255024],
      [0.41987627893, 0.0095913812919, 0.17334713219, 0.30935277871, 0.087832428883],
      [0.0009660457158, 0.25312655074, 0.50704914314, 0.046690409896, 0.19216785051],
      [0.18523444846, 0.021465621459, 0.071053529466, 0.70714195359, 0.015104447019],
      [0.00020223996652, 0.042608009973, 0.90020325878, 0.012751828674, 0.044234662608],
      [0.00030003201422, 0.002322610674, 0.51737982145, 0.080980167732, 0.39901736813]
    ],
    [
      [0.0045239641223, 0.0018932572362, 0.40089633216, 0.068080992128, 0.52460545435],
      [0.42486202003, 0.017899685657, 0.1754403055, 0.30928544711, 0.072512541702],
      [0.00098535215771, 0.37338510363, 0.44849089658, 0.041828039618, 0.13531060802],
      [0.19307661362, 0.041193871711, 0.06917014576, 0.68554781792, 0.011011550987],
      [1.9354151273e-05, 0.079444691152, 0.87585275796, 0.011863391243, 0.032819805489],
      [0.00021261511588, 0.0048567732687, 0.57519823713, 0.089605346644, 0.33012702785]
    ],
    [
      [0.0046813257798, 0.0012812196744, 0.39956295904, 0.07604228907, 0.51843220643],
      [0.40683541207, 0.013164312184, 0.17201466054, 0.33745876716, 0.070526848042],
      [0.0015237782581, 0.30955954514, 0.49015499351, 0.052332736649, 0.14642894644],
      [0.17995350641, 0.028458457404, 0.058188142708, 0.7252884644, 0.0081114290742],
      [0.0043052187883, 0.0586481623, 0.87650477963, 0.029325801914, 0.031216037369],
      [0.00065238972863, 0.0034865279417, 0.57150475006, 0.099819879695, 0.32453645258]
    ],
    [
      [0.0041386168772, 0.0020164933101, 0.33957329847, 0.050589336544, 0.60368225479],
      [0.45958741573, 0.024433323636, 0.17112046383, 0.26281137775, 0.08204741905],
      [0.00082565745661, 0.46632229618, 0.36987154005, 0.029945552189, 0.13303495413],
      [0.20072407875, 0.086845093453, 0.085707714609, 0.61105818698, 0.01566492621],
      [0, 0.091423002254, 0.86778950355, 0, 0.040787494193],
      [0.00013789030297, 0.0061030170411, 0.53421290311, 0.071991079226, 0.38755511032]
    ],
    [
      [0.0048054505445, 0.0010776036028, 0.41487717835, 0.088152699596, 0.49108706791],
      [0.38914751619, 0.011749727155, 0.1681953898, 0.36982527784, 0.061082089022],
      [0.0021091955705, 0.29986372243, 0.50286163585, 0.062145873715, 0.13301957244],
      [0.16270139987, 0.02300399924, 0.043488400154, 0.76742304282, 0.0033831579209],
      [0.0071445073567, 0.05220627237, 0.86934082047, 0.047552275251, 0.02375612455],
      [0.0011279020012, 0.0029798733967, 0.58340496162, 0.11470779167, 0.29777947131]
    ],
    [
      [0.0044990008996, 0.0018320391209, 0.33302920161, 0.064503093019, 0.59613666535],
      [0.43866269922, 0.018696793645, 0.15265096095, 0.30827955985, 0.081709986344],
      [0.0012999787985, 0.41302505448, 0.39062875525, 0.042063593579, 0.1529826179],
      [0.19568197926, 0.043096586454, 0.05142251393, 0.69778840176, 0.012010518592],
      [0.004307849181, 0.090532418873, 0.83593118653, 0.027696033731, 0.04153251168],
      [0.00053543381066, 0.0050738147879, 0.51308382954, 0.090556831023, 0.39075009084]
    ],
    [
      [0.0030745691095, 0.00058068056297, 0.38246717178, 0.07011575204, 0.54376182651],
      [0.33840639659, 0.0079935209291, 0.19498986759, 0.37069406698, 0.087916147916],
      [0.00093581162483, 0.19256574074, 0.56365623939, 0.057409245455, 0.18543296278],
      [0.14155951488, 0.015853226499, 0.073460041088, 0.75676899123, 0.012358226301],
      [0.00043713103703, 0.031862427778, 0.90881072291, 0.019372767991, 0.039516950288],
      [0.00010115601652, 0.0017315427994, 0.5570889648, 0.093560904389, 0.34751743199]
    ],
    [
      [0.0028162007664, 0.0010353554185, 0.34237104219, 0.068773070595, 0.58500433103],
      [0.32422800237, 0.013331074253, 0.1831159455, 0.37974202105, 0.099582956819],
      [0.00086238038004, 0.28453127838, 0.47401919982, 0.05305521129, 0.18753193014],
      [0.13345690139, 0.02703449969, 0.059845707009, 0.76360613008, 0.016056761829],
      [0.0010473827303, 0.055254331744, 0.87036467705, 0.025135449702, 0.048198158775],
      [0.00019167224204, 0.002986750802, 0.51564820676, 0.094698383225, 0.38647498697]
    ],
    [
      [0.0025106798629, 0.0011863188705, 0.30258260249, 0.058175998296, 0.63554440048],
      [0.32986910634, 0.015595384319, 0.17810356431, 0.35721119854, 0.11922074649],
      [0.0006458690497, 0.31064417326, 0.43227003094, 0.045950907334, 0.21048901942],
      [0.13867110181, 0.03441698006, 0.062838339998, 0.74054149377, 0.023532084359],
      [0, 0.065251884283, 0.85607039249, 0.014985126228, 0.063692597003],
      [5.7031483183e-06, 0.0034046729643, 0.47498328742, 0.083746502785, 0.43785983368]
    ],
    [
      [0.0026851804546, 0.00095002971809, 0.33956635146, 0.062277164959, 0.5945212734],
      [0.33490901338, 0.01246117229, 0.1878369824, 0.36023418194, 0.10455864999],
      [0.00060769573411, 0.26630262052, 0.48672852459, 0.04902133744, 0.19733982172],
      [0.13975516212, 0.027733660535, 0.069966997544, 0.74392138711, 0.018622792695],
      [0, 0.049929877743, 0.8852738936, 0.013010218486, 0.051786010173],
      [0, 0.0026377552053, 0.51520678212, 0.086371329302, 0.39578413337]
    ],
    [
      [0.0036691706961, 0.00084439683834, 0.3680579271, 0.096396523339, 0.53103198202],
      [0.28653322977, 0.012893617797, 0.17706959681, 0.44493758648, 0.078565969139],
      [0.0012697946736, 0.29730214411, 0.47922231447, 0.067619039017, 0.15458670774],
      [0.10858590215, 0.022444711213, 0.028341138224, 0.83931917114, 0.0013090772729],
      [0.0053625723336, 0.053999074346, 0.85039367999, 0.061719355563, 0.028525317765],
      [0.0006589708057, 0.0029813898231, 0.53986827706, 0.12206789628, 0.33442346603]
    ],
    [
      [0.0057881725638, 0.0014246127665, 0.41587961461, 0.079546059664, 0.49736154039],
      [0.45134321484, 0.013290466207, 0.15874606787, 0.31627343249, 0.060346818596],
      [0.0023223067943, 0.33219359874, 0.48007998407, 0.05287934842, 0.13252476197],
      [0.21105035941, 0.028827172512, 0.043735456932, 0.70982778373, 0.0065592274174],
      [0.0063788994556, 0.063229164336, 0.86760516662, 0.031885765455, 0.030901004137],
      [0.00083523654727, 0.0038336519205, 0.58545523981, 0.10301780235, 0.30685806937]
    ],
    [
      [0.0051176338808, 0.0012758060353, 0.36973094539, 0.07006254711, 0.55381306758],
      [0.44330195415, 0.013231008713, 0.15793500844, 0.31056372902, 0.074968299677],
      [0.0019477028348, 0.32200681348, 0.46555484859, 0.049937577654, 0.16055305745],
      [0.2084799148, 0.029642871873, 0.048349321606, 0.70305718277, 0.010470708953],
      [0.0051796585428, 0.063055768075, 0.86394847452, 0.028078714143, 0.039737384716],
      [0.00072740648163, 0.0035937805154, 0.54433175908, 0.094627539703, 0.35671951422]
    ],
    [
      [0.0032808313486, 0.00072668440469, 0.33282531899, 0.059301225088, 0.60386594016],
      [0.37758531517, 0.0095873593203, 0.17930415146, 0.33123083952, 0.10229233453],
      [0.0010201900477, 0.22760302729, 0.50942509671, 0.049995104239, 0.21195658171],
      [0.16800356756, 0.020801063697, 0.072484150524, 0.71874360964, 0.019967608581],
      [0.0010795708561, 0.041278251488, 0.88769114923, 0.018185783037, 0.051765245392],
      [0.00017295709616, 0.0021550994528, 0.5103150721, 0.083216348727, 0.40414052262]
    ],
    [
      [0.0025663645205, 0.00073738035385, 0.27108356026, 0.065111488671, 0.66050120619],
      [0.30922504028, 0.010919192547, 0.15774835351, 0.39947815166, 0.122629262],
      [0.0011503212902, 0.25442751444, 0.4399134597, 0.059945559241, 0.24456314533],
      [0.12788954664, 0.020554475075, 0.025212749366, 0.80640997456, 0.019933254355],
      [0.0034360045924, 0.050362226948, 0.83886354779, 0.041820583937, 0.065517636734],
      [0.00053104276282, 0.0022488934264, 0.43609469908, 0.097463790663, 0.46366157407]
    ],
    [
      [0.0044396080839, 0.0010070918299, 0.34817082905, 0.064827322696, 0.58155514834],
      [0.45267999811, 0.010919237409, 0.15524575907, 0.30547796471, 0.0756770407],
      [0.0015737193554, 0.29329745234, 0.48204812372, 0.050229014352, 0.17285169023],
      [0.19912872376, 0.02478393128, 0.056389013788, 0.70698260943, 0.01271572174],
      [0.0042001649484, 0.052974980819, 0.87506615839, 0.027028649691, 0.04073004615],
      [0.0004269649655, 0.0029361074677, 0.53170042705, 0.090613834461, 0.37432266606]
    ],
    [
      [0, 0.0053767312782, 0.32378722223, 0.09286285321, 0.57797319328],
      [0, 0.043515170019, 0.20480706772, 0.64979163318, 0.10188612908],
      [0, 0.57113931519, 0.28149368409, 0.045752847956, 0.10161415277],
      [0, 0.059498361216, 0.03723221977, 0.89676221577, 0.0065072032459],
      [0, 0.16676098291, 0.77061082561, 0.038874238137, 0.023753953352],
      [0, 0.012045818234, 0.4960069211, 0.13007686672, 0.36187039394]
    ],
    [
      [0.0017143393782, 0.00074426887383, 0.29941615034, 0.064579011903, 0.63354622951],
      [0.23590097741, 0.01141067112, 0.19260612521, 0.43247583701, 0.12760638924],
      [0.00043899993871, 0.23642388326, 0.47599169343, 0.057319195338, 0.22982622804],
      [0.087479428341, 0.022540067943, 0.058356668515, 0.81182490641, 0.019798928796],
      [0, 0.043893805519, 0.86845068116, 0.026979576537, 0.060675936785],
      [0, 0.0020298934366, 0.4708107204, 0.093171595161, 0.43398779101]
    ],
    [
      [0.002415015514, 0.0013012307163, 0.35302538023, 0.063439807154, 0.57981856639],
      [0.3079960594, 0.01715528116, 0.20035779815, 0.37570571187, 0.098785149428],
      [0.00057391937739, 0.3341008154, 0.45532553242, 0.045065576245, 0.16493415656],
      [0.11940713805, 0.037675516186, 0.085232963882, 0.74213877435, 0.015545607537],
      [0, 0.06393847295, 0.88594060805, 0.007228954147, 0.042891964851],
      [0, 0.0035554109111, 0.53508656608, 0.086530993299, 0.37482702971]
    ],
    [
      [0.0049659259558, 0.0026591659567, 0.36969728636, 0.083063095482, 0.53961452624],
      [0.40642829677, 0.024569434963, 0.14951797766, 0.34979912727, 0.069685163329],
      [0.0018203788364, 0.47409597099, 0.35637562594, 0.047282462174, 0.12042556206],
      [0.17652155014, 0.054529324396, 0.027345862182, 0.73432764583, 0.0072756174542],
      [0.0066589182178, 0.1178883406, 0.79899812774, 0.041896744896, 0.034557868542],
      [0.00084617683666, 0.0072531212994, 0.53695273501, 0.11131073188, 0.34363723497]
    ],
    [
      [0.0034884920289, 0.0016855982215, 0.32563305795, 0.064122243113, 0.60507060869],
      [0.3751724964, 0.020232536624, 0.16666862354, 0.34011189706, 0.097814446383],
      [0.00093267609433, 0.39149621615, 0.39539680563, 0.043251197653, 0.16892310447],
      [0.16253009662, 0.045693248161, 0.055894004207, 0.7186441075, 0.017238543511],
      [0.0014917284049, 0.089784187171, 0.83680815083, 0.021722856627, 0.050193076969],
      [0.00027017689846, 0.0048789844372, 0.49936700537, 0.090020730814, 0.40546310248]
    ],
    [
      [0.004548843699, 0.0014315782369, 0.39033986893, 0.08114465129, 0.52253505784],
      [0.39078608204, 0.014798791684, 0.16563869724, 0.35803893502, 0.070737494018],
      [0.0016221329889, 0.33858867618, 0.46197375161, 0.054787246716, 0.1430281925],
      [0.16967602849, 0.030532932164, 0.041685675199, 0.75020554093, 0.0078998232208],
      [0.005499339858, 0.066813800515, 0.8554326926, 0.038235345448, 0.034018821582],
      [0.00065474301907, 0.0039305126158, 0.55977733859, 0.10693756558, 0.32869984019]
    ],
    [
      [0.0030424166392, 0.0019298002291, 0.40018784828, 0.077158926784, 0.51768100807],
      [0.31645982264, 0.022099074523, 0.19506921439, 0.38852919696, 0.077842691479],
      [0.00055689315173, 0.40109315592, 0.4278957071, 0.045383848843, 0.12507039499],
      [0.12252538688, 0.046166533668, 0.070849157787, 0.74971132627, 0.01074759539],
      [0, 0.085243214942, 0.86435026427, 0.016820953006, 0.033585567785],
      [0.00013449195351, 0.005217028631, 0.57264986875, 0.10091711365, 0.32108149702]
    ],
    [
      [0.012963594278, 0.00044248566434, 0.33126553059, 0.091843525981, 0.56348486349],
      [0.52292852049, 0.012320444283, 0.11288393178, 0.29583270903, 0.05603439441],
      [0.0071426835854, 0.39034515882, 0.39803264532, 0.062705899, 0.14177361327],
      [0.24857992045, 0.026570337162, 0.002114464905, 0.72273527749, 0],
      [0.029655098156, 0.074980017425, 0.80614366397, 0.070254801163, 0.018966419289],
      [0.0015990033053, 0.0042212044997, 0.52054368196, 0.11084492652, 0.36279118372]
    ],
    [
      [0.0037665898645, 0.00067083295725, 0.43915538589, 0.092333114642, 0.46407407665],
      [0.33335152312, 0.0079603728819, 0.1884917161, 0.40870724128, 0.061489146616],
      [0.0012526948993, 0.20897920098, 0.58241791418, 0.068324197194, 0.13902599275],
      [0.12965948729, 0.014991202203, 0.056414310963, 0.79368633566, 0.0052486638876],
      [0.0036181037678, 0.03236319618, 0.90196249204, 0.041312301989, 0.020743906021],
      [0.00045897697668, 0.0019240196041, 0.6047017642, 0.11614726732, 0.2767679719]
    ],
    [
      [0.0051934161581, 0.0024999922425, 0.49685463194, 0.085721647519, 0.40973031214],
      [0.43141015108, 0.019757218157, 0.17890805437, 0.32499168941, 0.044932886985],
      [0.00096858170617, 0.42045867288, 0.45235059246, 0.04311328511, 0.083108867846],
      [0.17996201262, 0.043028939033, 0.06482791793, 0.70641009437, 0.0057710360472],
      [6.343245647e-06, 0.087549855841, 0.88399832412, 0.015325283784, 0.013120193012],
      [0.00021326174608, 0.0060753700241, 0.65686172625, 0.1036248648, 0.23322477718]
    ],
    [
      [0.0034190895551, 0.00074991924962, 0.32601330779, 0.05860666034, 0.61121102307],
      [0.38962899257, 0.0098460885841, 0.17356769742, 0.32418510943, 0.10277211199],
      [0.001129976022, 0.23526866522, 0.49875550714, 0.049670625919, 0.21517522569],
      [0.17556204073, 0.021919391497, 0.064100364891, 0.72002881253, 0.018389390349],
      [0.00096071701838, 0.042987697244, 0.88347014758, 0.017827475439, 0.05475396272],
      [0.00020333634196, 0.0022146933367, 0.50276909882, 0.082605434158, 0.41220743735]
    ],
    [
      [0.0032537873346, 0.00049563129196, 0.32914386412, 0.056871082979, 0.61023563428],
      [0.38314849451, 0.0069940018801, 0.18032001259, 0.3235426898, 0.10599480122],
      [0.0010438474711, 0.17472917187, 0.54101106368, 0.051436234953, 0.23177968202],
      [0.17386405169, 0.016129863425, 0.070447996404, 0.71999537208, 0.019562716394],
      [0, 0.029218122392, 0.90317613112, 0.012160130712, 0.055445615774],
      [0.00012971800812, 0.001509958659, 0.50656793953, 0.080074872323, 0.41171751148]
    ],
    [
      [0.0023955592288, 0.0011126843101, 0.35314837484, 0.059634490836, 0.58370889079],
      [0.32552048319, 0.01405162537, 0.19980468941, 0.35581838152, 0.1048048205],
      [0.00027599696637, 0.28171367447, 0.48726262483, 0.044492483436, 0.1862552203],
      [0.12914874424, 0.038166143293, 0.077423832801, 0.73733026971, 0.01793100996],
      [0, 0.051442245213, 0.89862278921, 0.0013901577126, 0.048544807861],
      [0, 0.0028564552943, 0.53011106025, 0.082348624654, 0.3846838598]
    ],
    [
      [0.0038259548372, 0.0010532746553, 0.39045530543, 0.070376928628, 0.53428853645],
      [0.38094379038, 0.011938627255, 0.1840125345, 0.34318497546, 0.079920072409],
      [0.0010679604568, 0.27379788677, 0.51190342768, 0.051117092868, 0.16211363223],
      [0.16611960717, 0.025582055747, 0.068499049758, 0.72788951955, 0.011909767774],
      [0.0008074499518, 0.050204880624, 0.89472693951, 0.017954959286, 0.03630577063],
      [0.00021690484693, 0.0029134269635, 0.56454797098, 0.093170429648, 0.33915126756]
    ],
    [
      [0.0040217669029, 0.0019235067941, 0.38740448598, 0.09045410223, 0.51619613809],
      [0.34137363939, 0.01879883794, 0.16832198639, 0.40190678141, 0.069598754878],
      [0.0014973265383, 0.39258213877, 0.42192655583, 0.05714219745, 0.12685178141],
      [0.13475742979, 0.037091322196, 0.038075263357, 0.78531238751, 0.0047635971468],
      [0.0055057775264, 0.083187168047, 0.83319956003, 0.050804293712, 0.027303200684],
      [0.00069351671209, 0.0050234247008, 0.55563326519, 0.11810412738, 0.32054566602]
    ],
    [
      [0, 0.00051883935763, 0.46169544484, 0.019612362124, 0.51817335368],
      [0.33600590628, 0.0091008091134, 0.27874119506, 0.29150099219, 0.084651097363],
      [0, 0.21217776559, 0.61731069245, 0.02256979449, 0.14794174747],
      [0.099198228117, 0.054626668404, 0.23640112354, 0.6001907986, 0.0095831813449],
      [0, 0, 0.97653016793, 0, 0.023469832068],
      [0.00018262893466, 0.0017468726054, 0.62457665031, 0.063909490084, 0.30958435807]
    ],
    [
      [0.010599946229, 2.3810412437e-05, 0.3280713066, 0.051892493208, 0.60941244355],
      [0.57728528714, 0.0034706297379, 0.12811389489, 0.21947312157, 0.071657066661],
      [0.0041845196888, 0.15843880812, 0.56448797576, 0.048808947233, 0.22407974919],
      [0.33266443532, 0.0091941995394, 0.040423578164, 0.60621961604, 0.011498170938],
      [0.018554751051, 0.022489561948, 0.89306051959, 0.020651905173, 0.045243262242],
      [0.0022118299532, 0.0010913955832, 0.5196151967, 0.073735370325, 0.40334620744]
    ],
    [
      [0.0043087234204, 0.00081432226051, 0.34367855518, 0.056975817385, 0.59422258175],
      [0.44542627657, 0.010316145437, 0.16556221906, 0.28802505192, 0.090670307011],
      [0.0013585215562, 0.25785356226, 0.49699165476, 0.045489643513, 0.19830661791],
      [0.21399465974, 0.024256388558, 0.067575987582, 0.67640930197, 0.017763662148],
      [0.0016369125128, 0.047517054184, 0.88662212733, 0.013809270146, 0.050414635826],
      [0.00028677203673, 0.0025322461878, 0.52196939262, 0.079771311311, 0.39544027785]
    ],
    [
      [0.0032597270128, 0.003516294012, 0.56284383165, 0.074174972316, 0.356205175],
      [0.33819586844, 0.18089520661, 0.21783937774, 0.23130947751, 0.031760069706],
      [0, 0.49695565809, 0.42640336395, 0.025370892745, 0.051270085209],
      [0.16098919981, 0.056117979801, 0.084188292949, 0.69609110558, 0.0026134218563],
      [0, 0.064878534802, 0.93271462584, 0, 0.0024068393537],
      [0, 0.0082315436596, 0.7264023721, 0.082740454909, 0.18262562934]
    ],
    [
      [0.0031917996201, 0.00028734323227, 0.43756083999, 0.079051156347, 0.47990886081],
      [0.33364710856, 0.0032045664667, 0.20691657872, 0.38999627561, 0.066235470639],
      [0.00098930352544, 0.093320925201, 0.6780127995, 0.067534694794, 0.16014227698],
      [0.12890615367, 0.0070694849673, 0.076271890953, 0.78040035701, 0.0073521133998],
      [0, 0.011336154621, 0.94586373289, 0.017053447749, 0.025746664743],
      [0, 0.0005449774716, 0.61552039024, 0.10024253832, 0.28369209397]
    ],
    [
      [0, 0.0065599548073, 0.72447549749, 0.26896454771, 0],
      [0, 0.043977297612, 0.1432384016, 0.81278430079, 0],
      [0, 0.7099467446, 0.23625231554, 0.053800939865, 0],
      [0, 0.033391618333, 0.0064258135541, 0.96018256811, 0],
      [0, 0.16757919829, 0.79261038459, 0.039810417122, 0],
      [0, 0.012200789557, 0.74273504722, 0.24506416322, 0]
    ],
    [
      [0.0029456079989, 0.001034512879, 0.26461974282, 0.058121590419, 0.67327854589],
      [0.36498130114, 0.014411274304, 0.15205858068, 0.35081499471, 0.11773384917],
      [0.0013421484291, 0.32429641463, 0.39881049895, 0.050513325152, 0.22503761284],
      [0.15464649134, 0.030671797028, 0.037836086759, 0.75298453876, 0.023861086116],
      [0.0032406343401, 0.068174595667, 0.82749042741, 0.033421844315, 0.067672498271],
      [0.0005540374064, 0.0032342867218, 0.43437072272, 0.088430074324, 0.47341087883]
    ],
    [
      [0.004033148649, 0.0012597278761, 0.38042445516, 0.070989021887, 0.54329364642],
      [0.38975567791, 0.013877450989, 0.176367859, 0.34036042479, 0.079638587315],
      [0.0011937788088, 0.31125748377, 0.47972100723, 0.04989188443, 0.15793584576],
      [0.17080835981, 0.030087970074, 0.062804202309, 0.72485233947, 0.011447128342],
      [0.0020994424255, 0.060179337747, 0.87634883587, 0.02283499903, 0.038537384932],
      [0.00034422602428, 0.0034980219835, 0.55462618804, 0.094778099605, 0.34675346435]
    ],
    [
      [0.0040391446741, 0.00056038577657, 0.33894372683, 0.062311092453, 0.59414565027],
      [0.4084811655, 0.0076667336958, 0.1688079213, 0.32081810093, 0.094226078577],
      [0.0015389773378, 0.20019542298, 0.52928053738, 0.054240651, 0.2147444113],
      [0.18882626081, 0.016506538571, 0.060017125581, 0.71726499975, 0.017385075284],
      [0.0031564055893, 0.034760345761, 0.88793454433, 0.023463940366, 0.050684763955],
      [0.00042759064481, 0.0017986383804, 0.51506547148, 0.086670393162, 0.39603790633]
    ],
    [
      [0.0029493223924, 0.00060251565206, 0.29540545528, 0.059626754953, 0.64141595172],
      [0.35059237885, 0.0094058855573, 0.16932409384, 0.35336056741, 0.11731707434],
      [0.001130287433, 0.22207186266, 0.4810890664, 0.054107040755, 0.24160174275],
      [0.15279241171, 0.019447321104, 0.05267876615, 0.75028448175, 0.024797019279],
      [0.0021015035984, 0.041415831158, 0.86375163554, 0.026228735741, 0.066502293958],
      [0.00030188153334, 0.0019295098514, 0.46665533615, 0.086322333587, 0.44479093888]
    ],
    [
      [0.0044830325964, 0.00091333876477, 0.46936641957, 0.086766242968, 0.4384709661],
      [0.38688078043, 0.0089801342822, 0.1885431929, 0.36225677455, 0.053339117837],
      [0.0012473534957, 0.23834519479, 0.57956289296, 0.059685869099, 0.12115868966],
      [0.16020187992, 0.018448572798, 0.065266106881, 0.7492248438, 0.0068585966074],
      [0.0013960698574, 0.037163997971, 0.91545765677, 0.024535513413, 0.021446761987],
      [0.00030782468331, 0.0023881311682, 0.63432329085, 0.10732798367, 0.25565276963]
    ],
    [
      [0.0017609265948, 0.00060639389365, 0.20874418687, 0.018905143495, 0.76998334914],
      [0.52369623596, 0.0094670696371, 0.14942061933, 0.15600470347, 0.16141137161],
      [0, 0.23612447136, 0.41679277973, 0.016372257814, 0.3307104911],
      [0.29754233007, 0.040478524717, 0.12265387202, 0.4540881368, 0.085237136387],
      [0, 0.024327088914, 0.86799077772, 0, 0.10768213337],
      [0, 0.002011659232, 0.3809126764, 0.027289098972, 0.58978656539]
    ],
    [
      [0.0034780302473, 0.0010702926682, 0.33686785421, 0.063091400853, 0.59549242202],
      [0.3779431814, 0.013052733042, 0.17394376394, 0.33728869563, 0.097771625979],
      [0.0010594774046, 0.28961888611, 0.46884320493, 0.04866115915, 0.19181727241],
      [0.16672613844, 0.028545903427, 0.063310971571, 0.72378400391, 0.017632982652],
      [0.0013934353555, 0.057050636745, 0.87118257196, 0.020034646139, 0.050338709797],
      [0.00022132075226, 0.0030884880256, 0.51200601162, 0.087664965751, 0.39701921385]
    ],
    [
      [0, 0, 0.40654780223, 0.085619183008, 0.50783301476],
      [0, 0, 0.27765588851, 0.64301428741, 0.079329824072],
      [0, 0, 0.75221001296, 0.087005233115, 0.16078475392],
      [0, 0, 0.070750470732, 0.92816957675, 0.0010799525148],
      [0, 0, 0.96071543, 0.023147705819, 0.016136864181],
      [0, 0, 0.60894731138, 0.11438877593, 0.27666391269]
    ],
    [
      [0.0019688549754, 0.0016593983524, 0.41190323236, 0.082530086392, 0.50193842792],
      [0.24897457527, 0.017972503783, 0.21090905205, 0.44567446525, 0.076469403646],
      [0.00012338015351, 0.34686203302, 0.47623855786, 0.052347430401, 0.12442859858],
      [0.08596630376, 0.034268324467, 0.070333759478, 0.80561367754, 0.0038179347586],
      [0, 0.065345402317, 0.88744324918, 0.022236807274, 0.024974541226],
      [1.4066374023e-05, 0.0040688091615, 0.58544398126, 0.1073255327, 0.3031476105]
    ],
    [
      [0.0033851850101, 0.0012470262134, 0.31659027142, 0.054069657286, 0.62470786007],
      [0.40774681342, 0.014306758633, 0.16914032728, 0.30306042177, 0.10574567889],
      [0.00073529270791, 0.30935980221, 0.44566066755, 0.041250356567, 0.20299388096],
      [0.18761777052, 0.034210241623, 0.069667699224, 0.68493626856, 0.023568020078],
      [0, 0.063733456585, 0.86769865796, 0.0091837096543, 0.059384175803],
      [0, 0.0034425888158, 0.49311420019, 0.077430655908, 0.42601255509]
    ],
    [
      [0.0034695987133, 0.0011702093872, 0.2785325704, 0.052944747418, 0.66388287408],
      [0.43512080272, 0.014758635375, 0.14884568141, 0.30048413016, 0.10079075033],
      [0.0011678143244, 0.35387988401, 0.40207746368, 0.042473165946, 0.20040167205],
      [0.19050692932, 0.034405207881, 0.053314398405, 0.70296418483, 0.018809279561],
      [0.002303202067, 0.073318547848, 0.84322351403, 0.022853752759, 0.058300983296],
      [0.00032400586292, 0.0036653368708, 0.46045361744, 0.079973482937, 0.45558355689]
    ],
    [
      [0.0028943161284, 0.0011317126649, 0.35927593719, 0.086274909699, 0.55042312431],
      [0.28746404543, 0.01434944659, 0.17697354804, 0.43754511448, 0.083667845468],
      [0.0013008441429, 0.31624989316, 0.45946345355, 0.064768143895, 0.15821766525],
      [0.11008256152, 0.025034115572, 0.027998044719, 0.83125856797, 0.0056267102175],
      [0.0039435563272, 0.059807163785, 0.84975166485, 0.050489384378, 0.03600823066],
      [0.00075760021575, 0.0031541686729, 0.52762166839, 0.1188098104, 0.34965675232]
    ],
    [
      [0.0048979923739, 0.00018054077133, 0.32435063159, 0.057539327015, 0.61303150825],
      [0.45623254068, 0.0031072187519, 0.15674635075, 0.29116692733, 0.092746962489],
      [0.0021957765259, 0.10391805554, 0.58648006959, 0.057715723565, 0.24969037478],
      [0.22328230096, 0.0071000166786, 0.054563715669, 0.69624487601, 0.018809090683],
      [0.0075623802516, 0.015428934964, 0.89790030855, 0.024386081227, 0.05472229501],
      [0.0012021646845, 0.00067386513927, 0.50405035646, 0.081808685348, 0.41226492837]
    ],
    [
      [0.0034134964205, 0.0012885351687, 0.34299446456, 0.07689836015, 0.5754051437],
      [0.33736886114, 0.015448088602, 0.16823066159, 0.38995406775, 0.08899832091],
      [0.0012375860537, 0.3345752722, 0.43963470596, 0.055893411281, 0.1686590245],
      [0.13838264183, 0.0304417047, 0.038200317868, 0.78191048463, 0.011064850968],
      [0.0043442627605, 0.067808848148, 0.84231721581, 0.042890100569, 0.042639572712],
      [0.00057465239651, 0.0036988927693, 0.51385504443, 0.10597969856, 0.37589171184]
    ],
    [
      [0.0022788695904, 0.00096345714636, 0.34097690696, 0.069691838465, 0.58608892784],
      [0.28489898053, 0.01318405599, 0.19174005659, 0.40618721925, 0.10398968764],
      [0.00064210733153, 0.27472475059, 0.4802689497, 0.054683481529, 0.18968071086],
      [0.11152952059, 0.025606637644, 0.061606438836, 0.78526545371, 0.01599194922],
      [0.00019085441884, 0.052278421578, 0.87482802941, 0.024778987087, 0.04792370751],
      [4.8879989309e-05, 0.0027976273624, 0.51447382404, 0.096271245586, 0.38640842303]
    ],
    [
      [0.002201855141, 0.00036447665031, 0.28033639337, 0.058788202349, 0.65830907249],
      [0.30158278354, 0.0072961975813, 0.1763899548, 0.384331322, 0.13039974208],
      [0.0008668319252, 0.17531222538, 0.49850443245, 0.058221618012, 0.26709489223],
      [0.12369497779, 0.01433291469, 0.053385627945, 0.78276785336, 0.025818626212],
      [0.00094540703398, 0.030509563483, 0.86746001995, 0.027664571193, 0.073420438341],
      [0.00014193154155, 0.0013406893874, 0.4511106338, 0.086502042035, 0.46090470324]
    ],
    [
      [0.003748853509, 0.000955825001, 0.26153737495, 0.060830713272, 0.67292723326],
      [0.38085742568, 0.013920683339, 0.14235289562, 0.34379569701, 0.11907329836],
      [0.0018074346251, 0.3173634462, 0.39484443056, 0.051942166879, 0.23404252174],
      [0.17149966489, 0.029488497688, 0.026291569395, 0.74658726308, 0.026133004946],
      [0.0065209351475, 0.068890971781, 0.81117284923, 0.040124317397, 0.07329092644],
      [0.00093290446524, 0.0031475243114, 0.42645344135, 0.090357724915, 0.47910840496]
    ],
    [
      [0.0003984537529, 0.0015475225223, 0.28720235397, 0.040524657871, 0.67032701189],
      [0.13116164926, 0.026220148986, 0.26050264536, 0.40624596467, 0.17586959172],
      [0, 0.3559684351, 0.42350700471, 0.01270293969, 0.2078216205],
      [0.035108487987, 0.14236437085, 0.12691434342, 0.65939416955, 0.03621862819],
      [0, 0.016443237994, 0.91296598052, 0, 0.070590781487],
      [0, 0.0051534800408, 0.47799015911, 0.052696318588, 0.46416004226]
    ],
    [
      [0.0048678031234, 0.00026827197454, 0.4685260009, 0.099281764481, 0.42705615953],
      [0.37884243617, 0.0042999275753, 0.1789326996, 0.38865510023, 0.049269836433],
      [0.0019650897203, 0.13593792519, 0.65327959509, 0.077876832604, 0.1309405574],
      [0.1498306491, 0.0075238773809, 0.049983109928, 0.7910258819, 0.0016364816916],
      [0.0068908887541, 0.017197006732, 0.91080038998, 0.05162239376, 0.013489320775],
      [0.0007760129554, 0.0010060435503, 0.63088216172, 0.12161926762, 0.24571651415]
    ],
    [
      [0.0040375376585, 0.0005727105143, 0.36782209771, 0.071806166772, 0.55576148734],
      [0.37563556352, 0.0094303861771, 0.17741767186, 0.35339511848, 0.084121259962],
      [0.0014506163943, 0.23611314305, 0.52445674759, 0.056798633275, 0.18118085969],
      [0.16310621891, 0.01900806324, 0.058360170452, 0.75031548992, 0.0092100574771],
      [0.0029474868737, 0.040878023925, 0.88862477326, 0.028031685605, 0.039518030336],
      [0.00054678202287, 0.0021420653577, 0.54339147104, 0.09610231627, 0.35781736531]
    ],
    [
      [0.0039432194052, 0.0011145083231, 0.32762124026, 0.070819020958, 0.59650201105],
      [0.38217326774, 0.013391966089, 0.15814878633, 0.35487729452, 0.091408685325],
      [0.001408815871, 0.31233564882, 0.44595754875, 0.054002414664, 0.1862955719],
      [0.16793948482, 0.027564607498, 0.037533272003, 0.75420662352, 0.012756012161],
      [0.003526683914, 0.062778442686, 0.85365161361, 0.03143707606, 0.048606183735],
      [0.00050474820313, 0.0033170065154, 0.50019560008, 0.098570386479, 0.39741225872]
    ],
    [
      [0.0043969707039, 0.0008988569924, 0.38033688662, 0.067074049714, 0.54729323597],
      [0.41804913649, 0.010109491827, 0.17463595394, 0.31863778701, 0.078567630732],
      [0.0014963337776, 0.25376786541, 0.5219893246, 0.051154645988, 0.17159183022],
      [0.19189446912, 0.022097418817, 0.066450920057, 0.70749952821, 0.012057663796],
      [0.0025821785631, 0.04505296312, 0.89155520239, 0.021146517613, 0.039663138309],
      [0.00039158907104, 0.0025645278862, 0.55746659991, 0.089988822068, 0.34958846107]
    ],
    [
      [0.0037287935845, 0.0014772466697, 0.44064921766, 0.089142633072, 0.46500210901],
      [0.33672817715, 0.015225009451, 0.18941448756, 0.39751485674, 0.061117469092],
      [0.0010179530362, 0.33286341158, 0.4931359692, 0.056183620934, 0.11679904526],
      [0.13347938219, 0.02984769509, 0.054508844056, 0.780399507, 0.0017645716659],
      [0.0018509294831, 0.06138041873, 0.88109730011, 0.03074720617, 0.024924145505],
      [0.00032633247114, 0.003857144126, 0.60702482283, 0.11212596198, 0.27666573859]
    ],
    [
      [0.0029714089542, 0, 0.23734719883, 0.035494618228, 0.72418677399],
      [0.51268130013, 0, 0.1363935761, 0.23703203916, 0.11389308461],
      [0.001972882215, 0, 0.59555548507, 0.052366390436, 0.35010524228],
      [0.24608682273, 0, 0.055765876982, 0.66016689495, 0.037980405337],
      [0, 0, 0.90508792637, 0.0050316239464, 0.089880449686],
      [0, 0, 0.42521212212, 0.059131831094, 0.51565604678]
    ],
    [
      [0.0023607433344, 0.00043781845118, 0.2685018135, 0.056461709683, 0.67223791503],
      [0.31654692754, 0.007413637956, 0.17003289238, 0.37262410804, 0.13338243409],
      [0.00099975699666, 0.18063491048, 0.48608984055, 0.057019774974, 0.275255717],
      [0.13381394589, 0.014679210627, 0.048769701475, 0.77529786317, 0.027439278836],
      [0.0016798588362, 0.032796648061, 0.86681418437, 0.027741423229, 0.0709678855],
      [0.00022144214808, 0.0014621138638, 0.43861657135, 0.084282169966, 0.47541770267]
    ],
    [
      [0.0018582837247, 0.00083055723874, 0.35300714421, 0.068652720142, 0.57565129468],
      [0.2519660179, 0.011775352853, 0.20836506118, 0.42326869538, 0.10462487269],
      [0.00053549605672, 0.24466572995, 0.5116376858, 0.055366020541, 0.18779506766],
      [0.094528797075, 0.022487289666, 0.074551611958, 0.79326437552, 0.015167925783],
      [0, 0.043492958064, 0.89206360012, 0.020087233722, 0.04435620809],
      [6.3330791341e-05, 0.0023764965281, 0.52956383237, 0.094650436475, 0.37334590384]
    ],
    [
      [0.0042955296237, 0.00061715902658, 0.3024726651, 0.055259252179, 0.63735539408],
      [0.45178136501, 0.0080625219995, 0.15187256053, 0.29053229421, 0.097751258244],
      [0.0024901762633, 0.22561594949, 0.4907762017, 0.050889351612, 0.23022832094],
      [0.21915946956, 0.017847417696, 0.051664375548, 0.69276985941, 0.018558877785],
      [0.0060182467244, 0.03965002435, 0.87198825606, 0.026066304242, 0.056277168625],
      [0.00071299857742, 0.0019033316931, 0.48151478296, 0.080599333379, 0.43526955339]
    ],
    [
      [0.0043415450114, 0.0012390240775, 0.40186866317, 0.07310913295, 0.51944163479],
      [0.4039210083, 0.013077711949, 0.17736241696, 0.33455521784, 0.071083644957],
      [0.0012605602071, 0.30626225198, 0.49675505106, 0.050287881047, 0.14543425571],
