{
  "X": [
    [4, 4, 7, 17, 18, 1],
    [1, 8, 6, 15, 17, 1],
    [1, 7, 4, 8, 10, 0],
    [6, 15, 25, 90, 118, 8],
    [0, 3, 1, 6, 4, 0],
    [9, 24, 39, 51, 50, 4],
    [34, 84, 100, 305, 385, 32],
    [70, 103, 180, 324, 454, 48],
    [39, 38, 61, 172, 234, 21],
    [62, 94, 213, 481, 785, 52],
    [63, 47, 85, 296, 476, 19],
    [78, 87, 127, 354, 470, 39],
    [5, 18, 19, 41, 28, 5],
    [3, 8, 20, 40, 18, 2],
    [75, 41, 70, 238, 395, 31],
    [0, 5, 1, 3, 0, 0],
    [3, 13, 4, 24, 12, 6],
    [2, 0, 2, 6, 16, 0],
    [0, 3, 0, 2, 11, 0],
    [32, 70, 61, 201, 274, 17],
    [15, 36, 49, 119, 116, 12],
    [5, 8, 10, 43, 27, 2],
    [22, 67, 98, 218, 122, 21],
    [15, 40, 34, 105, 168, 14],
    [69, 177, 167, 494, 441, 44],
    [5, 24, 35, 77, 62, 7],
    [25, 82, 85, 262, 206, 18],
    [1, 2, 8, 9, 9, 1],
    [34, 107, 63, 282, 318, 27],
    [47, 93, 73, 312, 383, 41],
    [53, 107, 88, 451, 820, 41],
    [2, 4, 2, 20, 11, 1],
    [16, 21, 25, 125, 254, 12],
    [5, 10, 14, 53, 94, 2],
    [45, 50, 79, 265, 398, 29],
    [40, 42, 70, 317, 529, 35],
    [57, 30, 32, 224, 500, 15],
    [63, 65, 68, 361, 625, 27],
    [99, 75, 112, 550, 1169, 32],
    [3, 18, 18, 42, 66, 6],
    [4, 9, 14, 29, 40, 3],
    [1, 1, 1, 7, 7, 1],
    [411, 476, 593, 2364, 3794, 267],
    [61, 218, 192, 604, 568, 78],
    [102, 363, 345, 1003, 805, 116],
    [38, 224, 170, 706, 659, 23]
  ],
  "W": [
    [7, 11, 29, 1, 3],
    [9, 8, 28, 1, 2],
    [7, 7, 13, 0, 3],
    [29, 31, 178, 5, 19],
    [5, 3, 5, 0, 1],
    [31, 52, 73, 3, 18],
    [136, 129, 578, 18, 79],
    [129, 237, 654, 47, 112],
    [55, 79, 359, 35, 37],
    [136, 277, 1073, 46, 155],
    [77, 124, 689, 31, 65],
    [132, 179, 693, 44, 107],
    [27, 19, 64, 2, 4],
    [27, 21, 36, 5, 2],
    [65, 99, 558, 33, 95],
    [3, 3, 3, 0, 0],
    [17, 12, 29, 3, 1],
    [1, 1, 22, 0, 2],
    [3, 2, 11, 0, 0],
    [107, 99, 387, 24, 38],
    [53, 72, 171, 13, 38],
    [17, 14, 51, 4, 9],
    [136, 121, 227, 29, 35],
    [50, 46, 231, 17, 32],
    [270, 283, 708, 43, 88],
    [41, 53, 92, 16, 8],
    [149, 145, 317, 32, 35],
    [3, 7, 16, 0, 4],
    [152, 102, 493, 35, 49],
    [152, 111, 573, 44, 69],
    [111, 141, 1162, 50, 96],
    [5, 6, 24, 1, 4],
    [27, 32, 350, 12, 32],
    [12, 12, 141, 5, 8],
    [60, 105, 596, 22, 83],
    [72, 120, 750, 26, 65],
    [49, 56, 658, 22, 73],
    [105, 101, 889, 25, 89],
    [124, 161, 1565, 63, 124],
    [23, 23, 89, 8, 10],
    [7, 21, 60, 3, 8],
    [4, 1, 12, 0, 1],
    [802, 881, 5340, 315, 567],
    [312, 262, 968, 72, 107],
    [487, 430, 1541, 106, 170],
    [378, 236, 1078, 18, 110]
  ],
  "method": "mvn_cdf",
  "mvncdf_method": "genz",
  "mvncdf_samples": 5000,
  "mvncdf_error": 1e-06,
  "cond_prob": [
    [
      [7.3826024568e-05, 0.37603848546, 0.025771071704, 0.59808737584, 2.9240973201e-05, 7.1840022404e-49],
      [0.059621849428, 0.077239206189, 0.56101947285, 0.2788340815, 0.023285390029, 2.0349967998e-48],
      [0.071050759792, 0.0069508294061, 0.0010074633892, 0.3334242814, 0.58756666601, 8.4677848664e-46],
      [0.65713939258, 0.04997292598, 0.098397106404, 0.14778160739, 0.046708967644, 1.2560450816e-48],
      [0.636745468, 0.0063796042517, 0.12951448209, 0.028785178596, 0.19857526706, 9.6790389085e-47]
    ],
    [
      [5.3884509145e-06, 0.67045428191, 0.019058324526, 0.31046759564, 1.4409483239e-05, 3.9573948812e-49],
      [0.0057904489063, 0.17786111537, 0.60310119748, 0.19764935424, 0.015597884002, 1.5252455943e-48],
      [0.010482316996, 0.023785818317, 0.0015245250737, 0.36082379299, 0.60338354663, 9.7123920726e-46],
      [0.12048211238, 0.29048388198, 0.2512942967, 0.26090652054, 0.076833188408, 2.3380517465e-48],
      [0.13721890524, 0.040713733805, 0.38567322076, 0.057848166177, 0.37854597402, 2.0675066802e-46]
    ],
    [
      [4.7640744697e-06, 0.75485640797, 0.0088135510299, 0.23631069012, 1.4586807873e-05, 3.0212867256e-49],
      [0.0083329167124, 0.29893454757, 0.42766774735, 0.2394838929, 0.025580895467, 1.8795384792e-48],
      [0.0099011256627, 0.024852640427, 0.0007276522863, 0.27910411442, 0.68541446721, 7.6937319471e-46],
      [0.14334695616, 0.37421590727, 0.14099970087, 0.24256352321, 0.098873912494, 2.2243257245e-48],
      [0.16760352972, 0.05112387546, 0.21489993027, 0.053589461674, 0.51278320288, 1.9883540923e-46]
    ],
    [
      [1.2198348404e-05, 0.35077197515, 0.028382606838, 0.62080075774, 3.2461917302e-05, 7.4538413842e-49],
      [0.0097770062431, 0.079149430623, 0.58075092586, 0.30366308212, 0.02665955515, 2.1745837113e-48],
      [0.011413360487, 0.0072310759983, 0.0011433940616, 0.35530288623, 0.62490928322, 8.825106008e-46],
      [0.17123235767, 0.11508861597, 0.24120940198, 0.35682201862, 0.11564760576, 2.9563621784e-48],
      [0.15779308923, 0.01407375293, 0.30098550111, 0.066433746902, 0.46071390984, 2.1576965619e-46]
    ],
    [
      [4.5633164935e-07, 0.41738807801, 0.0039784767938, 0.57861412844, 1.8860426887e-05, 4.0663305366e-51],
      [0.00078909404793, 0.18562000499, 0.17538779912, 0.6033652585, 0.034837843346, 2.6846674201e-50],
      [0.00051339350761, 0.0081659475123, 0.00018552624483, 0.37870024137, 0.61243489136, 5.4757458764e-48],
      [0.0044043270037, 0.2194893209, 0.06166168449, 0.58549953009, 0.12894513752, 2.7451281969e-50],
      [0.0049400977883, 0.027705460505, 0.087070903973, 0.11541540889, 0.76486812884, 2.4913912929e-48]
    ],
    [
      [2.1821038399e-05, 0.52491721519, 0.031096780763, 0.44394055533, 2.3627680605e-05, 6.3686873917e-49],
      [0.017526122383, 0.11759932514, 0.62857932188, 0.21687243707, 0.019422793527, 1.858316331e-48],
      [0.027507265487, 0.01435325911, 0.0016767802501, 0.33970768764, 0.61675500751, 1.0107940884e-45],
      [0.28969330125, 0.15700322097, 0.24167901894, 0.23399028772, 0.077634171121, 2.3217693965e-48],
      [0.28405200261, 0.020341568647, 0.31970618196, 0.046204797928, 0.32969544885, 1.7993912381e-46]
    ],
    [
      [1.7093874452e-05, 0.44594685621, 0.02641636405, 0.52759068787, 2.899799026e-05, 7.0619910544e-49],
      [0.01480352702, 0.11066271269, 0.56771487759, 0.28097500035, 0.025843882351, 2.2350323838e-48],
      [0.018071652955, 0.010635786802, 0.0012098669323, 0.34277215939, 0.62731053392, 9.4555987115e-46],
      [0.23322798354, 0.14622030032, 0.21887909663, 0.29996823015, 0.10170438936, 2.7583931725e-48],
      [0.22276948422, 0.018648653726, 0.28222792251, 0.058024200204, 0.41832973933, 2.0855269896e-46]
    ],
    [
      [2.8392670225e-05, 0.49142691792, 0.030255655564, 0.478258082, 3.0951841234e-05, 7.7675717223e-49],
      [0.022827436562, 0.11335967084, 0.6015224396, 0.23666674735, 0.025623705651, 2.2834680078e-48],
      [0.02932711801, 0.0114683091, 0.0013546103925, 0.30374734232, 0.65410262018, 1.0163192654e-45],
      [0.32822616379, 0.1367473423, 0.21228532739, 0.23068090616, 0.092060260366, 2.5728392811e-48],
      [0.30499596587, 0.016982151298, 0.26622760265, 0.043435873107, 0.36835840708, 1.8928196876e-46]
    ],
    [
      [3.9060472112e-05, 0.42325728022, 0.028916675725, 0.54775508851, 3.189507358e-05, 7.9313837392e-49],
      [0.031256637265, 0.096530345468, 0.57694248818, 0.26903781246, 0.026232716629, 2.3168062805e-48],
      [0.037570939986, 0.009118156534, 0.0012028549692, 0.32344118231, 0.6286668662, 9.6593592932e-46],
      [0.40182742311, 0.10312475424, 0.17916957278, 0.23232159185, 0.083556658018, 2.3132879719e-48],
      [0.37735689951, 0.012923317456, 0.22727732226, 0.044190899734, 0.33825156104, 1.720466311e-46]
    ],
    [
      [1.8728403361e-05, 0.40233661201, 0.030972394124, 0.56663235397, 3.9911490184e-05, 8.3069900065e-49],
      [0.014518833187, 0.089648852361, 0.5934293834, 0.27053267421, 0.031870256848, 2.3555609444e-48],
      [0.01568629142, 0.0076324162693, 0.0011252427496, 0.29199436673, 0.68356168283, 8.8160590637e-46],
      [0.23023825622, 0.11963347025, 0.2318112234, 0.29169176838, 0.12662528176, 2.9356135065e-48],
      [0.19789823967, 0.013751296135, 0.26892993586, 0.050820122248, 0.46860040608, 1.9980117984e-46]
    ],
    [
      [4.919450714e-05, 0.37181546074, 0.026298720194, 0.60179619006, 4.0434500737e-05, 8.1742668677e-49],
      [0.040332031633, 0.087296602945, 0.53492176416, 0.30334581035, 0.034103790917, 2.4484598502e-48],
      [0.039182709271, 0.0066747566912, 0.00090713739673, 0.29453217833, 0.65870321831, 8.2437768574e-46],
      [0.4501980057, 0.081309607768, 0.14540980074, 0.22840859316, 0.094673992628, 2.1312619349e-48],
      [0.40501542571, 0.0097789937798, 0.17662887431, 0.041653240446, 0.36692346575, 1.5187026172e-46]
    ],
    [
      [3.6585387024e-05, 0.42652818788, 0.024727000786, 0.54867591276, 3.231319102e-05, 7.7143524845e-49],
      [0.032047526528, 0.10719959118, 0.53588910838, 0.29572531259, 0.02913846133, 2.4703152207e-48],
      [0.034992759127, 0.009218857612, 0.0010251017548, 0.32261232989, 0.63215095162, 9.3452787142e-46],
      [0.39344414115, 0.11026537194, 0.16120526138, 0.24580558851, 0.08927963701, 2.3736161997e-48],
      [0.37118849128, 0.01390396205, 0.20525864119, 0.046987006067, 0.36266189942, 1.7729147593e-46]
    ],
    [
      [2.495956773e-05, 0.54150375249, 0.057394554242, 0.4010655492, 1.1184499074e-05, 5.2831786448e-49],
      [0.012595222908, 0.074210672409, 0.78630606978, 0.12119321113, 0.0056948237757, 9.5592363054e-49],
      [0.048970722754, 0.022352153904, 0.004732601713, 0.47331123558, 0.45063328605, 1.2975715626e-45],
      [0.29351303117, 0.12992133027, 0.37491338026, 0.1717373158, 0.029914942501, 1.5684627668e-48],
      [0.29957307333, 0.017260473907, 0.51826718182, 0.034845876691, 0.13005339425, 1.2517140827e-46]
    ],
    [
      [1.8365399123e-05, 0.25156690262, 0.062391635362, 0.68600425592, 1.8840700571e-05, 6.777191108e-49],
      [0.0083766095559, 0.031870781078, 0.76407199176, 0.18698958721, 0.0086910303987, 1.1111984582e-48],
      [0.022020565614, 0.006555988848, 0.0031650391651, 0.49380687929, 0.47445152708, 1.0198023172e-45],
      [0.20656711474, 0.060316584984, 0.39762158798, 0.28606929995, 0.049425412355, 1.9709824343e-48],
      [0.20107603611, 0.0077668579644, 0.52651786616, 0.055712551017, 0.20892668874, 1.5145849172e-46]
    ],
    [
      [5.768439914e-05, 0.38449349236, 0.023321792379, 0.59208674086, 4.0289999278e-05, 9.0622475381e-49],
      [0.050104844062, 0.095503419139, 0.50231935161, 0.31607138719, 0.036000998002, 2.8755645675e-48],
      [0.045950149165, 0.0068912639368, 0.0008046636754, 0.2897240522, 0.65662987102, 9.1401026384e-46],
      [0.4980508585, 0.079235360147, 0.12168503305, 0.21199208228, 0.089036666031, 2.2298602013e-48],
      [0.45300975936, 0.0096298675929, 0.14940978291, 0.039074382604, 0.34887620753, 1.6062105675e-46]
    ],
    [
      [3.3914989043e-09, 0.97213503424, 0.0004676420143, 0.027397251186, 6.9168755422e-08, 2.7404104179e-52],
      [1.5093418394e-05, 0.81301863132, 0.073707503308, 0.11282327088, 0.0004355010682, 6.6248477364e-51],
      [9.8403345869e-05, 0.25595084186, 0.00063921635178, 0.70341742538, 0.039894113066, 1.3069823591e-47],
      [0, 0, 0, 0, 0, 0],
      [0, 0, 0, 0, 0, 0]
    ],
    [
      [1.9272134368e-05, 0.59148656711, 0.0073824834131, 0.40110154877, 1.012856992e-05, 6.1538103385e-49],
      [0.031405208795, 0.2551909943, 0.30745376456, 0.38933329953, 0.016616732811, 3.5995023339e-48],
      [0.040043914678, 0.024692606054, 0.00063963879784, 0.49522140314, 0.43940243733, 1.5969960949e-45],
      [0.39865275321, 0.21706325988, 0.073529242365, 0.26793913241, 0.042815612143, 2.8821406914e-48],
      [0.53042468427, 0.035818711666, 0.12721885127, 0.068106214282, 0.23843153851, 2.9108230465e-46]
    ],
    [
      [0.00010322870231, 0.068742612537, 0.12525798577, 0.80582442907, 7.1743918745e-05, 1.2187342176e-48],
      [0.004523080283, 0.00057867641216, 0.97851076037, 0.014016994205, 0.002370488726, 1.3875099946e-49],
      [0.049988727346, 0.00088873319996, 0.002235920147, 0.21555774062, 0.73132887868, 7.0668436821e-46],
      [0.54972254571, 0.0038430553834, 0.32217057255, 0.077080617938, 0.047183208421, 8.5976795135e-49],
      [0.40788411219, 0.00061460984681, 0.40529725322, 0.013209254629, 0.17299477011, 5.7230306805e-47]
    ],
    [
      [5.407509371e-07, 0.84193358576, 0.00076602609687, 0.15725175591, 4.8091487896e-05, 3.7542602723e-49],
      [0.0016785868659, 0.46797043182, 0.033161512531, 0.32502748102, 0.17216198776, 4.8097435396e-48],
      [0.00033342997786, 0.0054718892102, 1.9842191584e-05, 0.062253419132, 0.93192141949, 3.299244785e-46],
      [0.00031641489863, 0.32725944018, 0.0086441135714, 0.20564997545, 0.4581300559, 3.6062024347e-48],
      [6.9677281437e-05, 0.014702419854, 0.0030959004901, 0.016676755279, 0.9654552471, 1.1827987676e-46]
    ],
    [
      [2.8759858014e-05, 0.47718002089, 0.020189388596, 0.5025662852, 3.5545454398e-05, 7.2722814041e-49],
      [0.028420949804, 0.13476670929, 0.49562719115, 0.30506463009, 0.036120519669, 2.6243802207e-48],
      [0.026702103628, 0.0099551351044, 0.00081086497319, 0.28636761484, 0.67616428146, 8.5449063108e-46],
      [0.35044716458, 0.13819262633, 0.14811207581, 0.25282084355, 0.11042728973, 2.5148283842e-48],
      [0.31966548297, 0.016828247335, 0.18239664349, 0.046718004082, 0.43439162212, 1.8167867491e-46]
    ],
    [
      [1.4360221037e-05, 0.4310688911, 0.020656503785, 0.54823525262, 2.4992277178e-05, 6.5315916911e-49],
      [0.014169430165, 0.12083690131, 0.50812886381, 0.33151880306, 0.025346001648, 2.3525337151e-48],
      [0.016423273107, 0.010978664428, 0.0010202640322, 0.38395091406, 0.58762688437, 9.4520566659e-46],
      [0.21763389898, 0.15450186256, 0.18879265843, 0.34242301145, 0.096648568579, 2.8110683434e-48],
      [0.22230518929, 0.020965662682, 0.26013903625, 0.070603865271, 0.42598624651, 2.2707626933e-46]
    ],
    [
      [1.4399799405e-05, 0.29504673557, 0.016635698632, 0.68828726554, 1.5900460648e-05, 5.0619588743e-49],
      [0.015017543032, 0.084600857397, 0.45304327017, 0.43049106803, 0.016847261364, 1.9075880572e-48],
      [0.018787198797, 0.0082202205852, 0.00092502401301, 0.54146279537, 0.43060476124, 8.3246760662e-46],
      [0.23692812869, 0.10585091048, 0.15888590434, 0.43513737395, 0.063197682543, 2.2365695318e-48],
      [0.2880648024, 0.016703796131, 0.26014890373, 0.10457130629, 0.33051119145, 2.1308382252e-46]
    ],
    [
      [1.7150145791e-05, 0.36653479985, 0.034118124801, 0.59931157821, 1.8346996829e-05, 6.762855199e-49],
      [0.012632984195, 0.077328820003, 0.62511446173, 0.27102591339, 0.013897820691, 1.8192053618e-48],
      [0.022248967257, 0.010722339487, 0.0019151333887, 0.47699628221, 0.48811727766, 1.1105609058e-45],
      [0.22555466804, 0.1152221108, 0.27128103492, 0.32623732602, 0.061704860211, 2.5321615625e-48],
      [0.24031937994, 0.016369766074, 0.38997922637, 0.070239233005, 0.28309239461, 2.1330690792e-46]
    ],
    [
      [1.4662393539e-05, 0.55589182056, 0.019158895465, 0.42490388131, 3.074026989e-05, 6.7104537807e-49],
      [0.015529549489, 0.16643775606, 0.50874077999, 0.27584283666, 0.033449077799, 2.5931302923e-48],
      [0.015934241467, 0.013372315726, 0.00089909184108, 0.28314312891, 0.68665122206, 9.233501215e-46],
      [0.22666214178, 0.20229436087, 0.1789158401, 0.27090312717, 0.12122453009, 2.9454726736e-48],
      [0.21114301517, 0.025028272753, 0.22513750658, 0.051050351428, 0.48764085406, 2.1725296934e-46]
    ],
    [
      [2.6098698689e-05, 0.46264297556, 0.019104899879, 0.51820206293, 2.3962929429e-05, 6.4328487383e-49],
      [0.026778975342, 0.13646982016, 0.4840883139, 0.3273438279, 0.025319062702, 2.4136943115e-48],
      [0.030847085899, 0.012387208269, 0.00097898528315, 0.37657348477, 0.57921323578, 9.6294522915e-46],
      [0.3407390775, 0.14555315021, 0.15119725549, 0.28208616524, 0.080424351561, 2.4043387679e-48],
      [0.35221067513, 0.020108966133, 0.21082962081, 0.05905672263, 0.3577940153, 1.9668439969e-46]
    ],
    [
      [1.0697955259e-05, 0.38313166512, 0.02476085305, 0.59206682187, 2.9962000209e-05, 7.1715592512e-49],
      [0.0094217166345, 0.095613180833, 0.54901991574, 0.31884366261, 0.027101524183, 2.3044908807e-48],
      [0.010647776274, 0.0084568574833, 0.0010619539984, 0.36020180985, 0.6196316024, 9.0364911787e-46],
      [0.16105219563, 0.13538247853, 0.22427282884, 0.36465712363, 0.11463537337, 3.0510174607e-48],
      [0.15283333441, 0.017061760916, 0.28752678581, 0.069839986771, 0.47273813209, 2.2930821414e-46]
    ],
    [
      [1.749206273e-05, 0.38557081202, 0.019270622924, 0.59511352278, 2.7550213578e-05, 6.6498987097e-49],
      [0.01749725855, 0.11060716012, 0.47761804712, 0.36591903726, 0.028358496948, 2.4309344709e-48],
      [0.01827347261, 0.0090919387293, 0.00087164170603, 0.38166691473, 0.59009603222, 8.7946567475e-46],
      [0.24953583525, 0.1317039619, 0.16609902969, 0.35202647345, 0.10063469971, 2.7041252905e-48],
      [0.2504726475, 0.017647097941, 0.22492739437, 0.071500849057, 0.43545201113, 2.1480125311e-46]
    ],
    [
      [8.6861908365e-06, 0.41512844081, 0.070747786723, 0.51409838367, 1.6702604783e-05, 6.2016080137e-49],
      [0.0032576819017, 0.035025083239, 0.84713532376, 0.10841578566, 0.0061661254376, 8.1213254423e-49],
      [0.012749582383, 0.010220755136, 0.0041701940555, 0.44071704012, 0.53214242831, 1.1437706854e-45],
      [0.10671175276, 0.091641851446, 0.52485873553, 0.22847967954, 0.048307980729, 1.9870271829e-48],
      [0.097880548345, 0.010373047516, 0.66000254977, 0.040398476847, 0.19134537752, 1.4173660688e-46]
    ],
    [
      [1.6802197943e-05, 0.52145704828, 0.01544290421, 0.46305897011, 2.4275197379e-05, 6.0166340314e-49],
      [0.019559515468, 0.17384654629, 0.44601312999, 0.3314998622, 0.029080946059, 2.5597624035e-48],
      [0.020724203123, 0.014493746758, 0.00082502138602, 0.35094802283, 0.61300900591, 9.398842419e-46],
      [0.26199054306, 0.19484756148, 0.14586355269, 0.30020090044, 0.097097442332, 2.6799450161e-48],
      [0.27186365254, 0.026972410368, 0.2042403987, 0.063050649193, 0.4338728892, 2.2005096753e-46]
    ],
    [
      [2.2776633617e-05, 0.44658446349, 0.01826360173, 0.5350984522, 3.0705943067e-05, 7.5306981606e-49],
      [0.023620880729, 0.13279980188, 0.46947756159, 0.34132673824, 0.032775017567, 2.8545349281e-48],
      [0.022985023268, 0.010175576601, 0.0007987001329, 0.33187747499, 0.63416322501, 9.6255136726e-46],
      [0.3047469566, 0.14351734578, 0.1481653407, 0.29805859813, 0.1055117588, 2.8817318135e-48],
      [0.29340180871, 0.018454463128, 0.19252561147, 0.058118805502, 0.43749931119, 2.1962339534e-46]
    ],
    [
      [1.451205273e-05, 0.54629351005, 0.014783622251, 0.43887722408, 3.1131564341e-05, 6.2528863112e-49],
      [0.017288676273, 0.18657933673, 0.43591043476, 0.32202210025, 0.038199451995, 2.72477624e-48],
      [0.015534133867, 0.013192275477, 0.00068620437974, 0.28910607204, 0.68148131423, 8.4826919044e-46],
      [0.2300894907, 0.2088047741, 0.14263083302, 0.29118874463, 0.12728615756, 2.8478759942e-48],
      [0.21760010521, 0.026365238465, 0.18203523599, 0.055805467066, 0.51819395327, 2.1323135193e-46]
    ],
    [
      [6.6496644775e-06, 0.38511871898, 0.0045262603396, 0.61033941594, 8.9550793169e-06, 3.2114783998e-49],
      [0.011253816857, 0.16312518469, 0.19778766719, 0.61248682222, 0.015346509041, 1.9750942862e-48],
      [0.011756605098, 0.012364673103, 0.00033449625009, 0.6415212893, 0.33402293625, 7.1925289117e-46],
      [0.16587392372, 0.17916449688, 0.060965347436, 0.54292365103, 0.051072580938, 2.0448183779e-48],
      [0.28785777246, 0.035997678323, 0.13627563193, 0.17228287891, 0.36758603837, 2.6559376821e-46]
    ],
    [
      [1.830337195e-05, 0.45400165903, 0.020998507774, 0.52494095743, 4.0572388331e-05, 7.8207948387e-49],
      [0.017608479738, 0.1230541163, 0.50975005064, 0.30951093575, 0.040076417572, 2.7438800629e-48],
      [0.015463535136, 0.0084543938485, 0.00076603270575, 0.27223825087, 0.70307778744, 8.3688299865e-46],
      [0.24846509294, 0.14458375261, 0.17252960886, 0.29400672925, 0.14041481634, 3.0139417739e-48],
      [0.21297092835, 0.016464542849, 0.19994871746, 0.051053754574, 0.51956205676, 2.0473054399e-46]
    ],
    [
      [1.3569834997e-05, 0.51095482796, 0.045935590641, 0.44306805541, 2.795615711e-05, 5.7348745705e-49],
      [0.0078936023738, 0.079857675027, 0.73981878847, 0.15589130938, 0.016538624753, 1.2052955294e-48],
      [0.015513331671, 0.012141615364, 0.0022345132711, 0.30988930157, 0.66022123812, 8.3058701726e-46],
      [0.17461727878, 0.1451046966, 0.3617408306, 0.22890311389, 0.089634080128, 2.0464088688e-48],
      [0.1554237986, 0.016939416798, 0.4408069083, 0.041211759201, 0.34561811711, 1.445095512e-46]
    ],
    [
      [2.2651401254e-05, 0.45357513694, 0.022775427667, 0.52359746433, 2.9319662096e-05, 6.9921481069e-49],
      [0.021175226399, 0.1210862186, 0.52856516251, 0.30096984879, 0.028203543698, 2.3886854036e-48],
      [0.023703585721, 0.010653769499, 0.0010321885905, 0.33679551955, 0.62781493664, 9.2688436163e-46],
      [0.29559602322, 0.14156744192, 0.18025000177, 0.28435773608, 0.098228797004, 2.609006992e-48],
      [0.28467500479, 0.018183428733, 0.23433040643, 0.055461461128, 0.40734969892, 1.9890547732e-46]
    ],
    [
      [2.4099291165e-05, 0.3403583302, 0.019582896144, 0.63999053556, 4.4138808593e-05, 8.9660595735e-49],
      [0.023031807417, 0.093250477093, 0.46401991064, 0.3762794478, 0.043418357052, 3.1323240455e-48],
      [0.018132989408, 0.0057776072477, 0.00063847171539, 0.29602816434, 0.67942276729, 8.5454928682e-46],
      [0.29341357819, 0.099491135197, 0.14457071013, 0.32449561347, 0.13802896302, 3.1228125763e-48],
      [0.25243015561, 0.011439065059, 0.16790515657, 0.056584565372, 0.51164105739, 2.1279933889e-46]
    ],
    [
      [4.9239212314e-05, 0.37612441942, 0.016150575092, 0.60762202312, 5.3743154135e-05, 9.2744929951e-49],
      [0.049907534582, 0.10879197092, 0.40684005173, 0.37843961147, 0.056020831302, 3.4333183017e-48],
      [0.032159270923, 0.0055099810111, 0.00045680697319, 0.24378875237, 0.71808518872, 7.6692993445e-46],
      [0.460839052, 0.083731428413, 0.091269169539, 0.23557422086, 0.12858612918, 2.4709190773e-48],
      [0.38490700548, 0.0093409925527, 0.10289707462, 0.039893720027, 0.46296120732, 1.6351941729e-46]
    ],
    [
      [3.3017072064e-05, 0.4130281803, 0.0197993145, 0.56710009422, 3.9393908142e-05, 7.8305896636e-49],
      [0.031997717523, 0.11468948735, 0.4759357606, 0.33808706063, 0.039289973895, 2.7734981055e-48],
      [0.027575785175, 0.0077811247289, 0.00071661558083, 0.29118974813, 0.67273672638, 8.2833099618e-46],
      [0.37240791812, 0.11177878604, 0.13540528472, 0.26632697651, 0.1140810346, 2.5255387766e-48],
      [0.33388584158, 0.01339081112, 0.16387839523, 0.048393354428, 0.44045159765, 1.7930625108e-46]
    ],
    [
      [3.5101580841e-05, 0.3724066176, 0.023243006973, 0.60426274883, 5.2525020676e-05, 9.028555819e-49],
      [0.030697369114, 0.093591637239, 0.50297058565, 0.32543450797, 0.047305900027, 2.8875929607e-48],
      [0.02355872689, 0.0056605379663, 0.00067666564897, 0.24954715247, 0.72055691703, 7.677776793e-46],
      [0.36173480993, 0.092673690269, 0.145669087, 0.26042778941, 0.13949462338, 2.6708222598e-48],
      [0.29549868991, 0.010127702484, 0.16061836909, 0.043137599805, 0.49061763871, 1.727955227e-46]
    ],
    [
      [8.7657077768e-06, 0.55380804461, 0.024227988111, 0.4219224478, 3.2753771737e-05, 6.9622766504e-49],
      [0.0081323370964, 0.1418473387, 0.58065686389, 0.23824609886, 0.031117361453, 2.3493563195e-48],
      [0.0091153614836, 0.012334471224, 0.001079868511, 0.26780262427, 0.70966767451, 9.1693555812e-46],
      [0.14225644626, 0.20572465918, 0.23808374578, 0.27910612359, 0.13482902518, 3.1866839176e-48],
      [0.1252444389, 0.023849753259, 0.28410940435, 0.049626999617, 0.51716940388, 2.2252135391e-46]
    ],
    [
      [1.212569721e-05, 0.58917850085, 0.019099978499, 0.39168792575, 2.1469208683e-05, 5.2908778344e-49],
      [0.013170624152, 0.16845004144, 0.53678477065, 0.25778924144, 0.02380532232, 2.0865235144e-48],
      [0.017032168221, 0.016469099058, 0.0011352049837, 0.33453841822, 0.63082510952, 9.4024924343e-46],
      [0.21591958127, 0.22040473099, 0.19757317305, 0.27268156242, 0.093420952261, 2.5583258268e-48],
      [0.22236684808, 0.029192214954, 0.2743111468, 0.056253632221, 0.41787615795, 2.0810262787e-46]
    ],
    [
      [1.1338923435e-05, 0.20335386252, 0.0090921576551, 0.78750906527, 3.357563442e-05, 1.1544499857e-50],
      [0.013875634673, 0.059496296958, 0.40387655152, 0.48526755566, 0.037483961185, 4.8477443834e-50],
      [0.0092749059519, 0.0033416983977, 0.00029969061787, 0.36753189971, 0.61955180532, 1.1354319969e-47],
      [0.24814573793, 0.068775278483, 0.087209170139, 0.45859754317, 0.13727227028, 4.4151299399e-50],
      [0.21238119532, 0.0091061877439, 0.10279471362, 0.087678095252, 0.58803980806, 3.8515200834e-48]
    ],
    [
      [0, 0, 0, 0, 0, 0],
      [0, 0, 0, 0, 0, 0],
      [0, 0, 0, 0, 0, 0],
      [0, 0, 0, 0, 0, 0],
      [0, 0, 0, 0, 0, 0]
    ],
    [
      [1.3847967e-05, 0.50465377755, 0.022377757089, 0.47293487088, 1.9746516055e-05, 6.1675468432e-49],
      [0.01352716725, 0.1417887949, 0.54026451895, 0.28455042299, 0.019869095906, 2.2037991855e-48],
      [0.019206782455, 0.015869374667, 0.0013463908044, 0.40359495764, 0.55998249444, 1.083949658e-45],
      [0.21443115127, 0.18911749384, 0.21093753306, 0.30662126528, 0.078892556544, 2.744800694e-48],
      [0.23160272208, 0.027300088511, 0.30740225077, 0.067079295224, 0.36661564342, 2.3460587575e-46]
    ],
    [
      [1.3200038886e-05, 0.52824059684, 0.025456123291, 0.44627561992, 1.4459914339e-05, 5.3105769203e-49],
      [0.012181687948, 0.14038199527, 0.57989084189, 0.25379623388, 0.013749241015, 1.7931658658e-48],
      [0.022129505139, 0.020112126039, 0.0018521248792, 0.46052738922, 0.49537885472, 1.1282843306e-45],
      [0.20631246895, 0.20030047608, 0.2424459692, 0.29255184305, 0.058389242731, 2.3888959708e-48],
      [0.23698086223, 0.030765086633, 0.37572146784, 0.068078086707, 0.28845449659, 2.1714603825e-46]
    ],
    [
      [1.0214067552e-05, 0.45186102145, 0.021505850537, 0.52660146037, 2.1453577675e-05, 5.3015355808e-49],
      [0.010028380389, 0.1276437806, 0.52219972264, 0.31843249065, 0.021695625726, 1.9038956638e-48],
      [0.013029378091, 0.01307403976, 0.0011899595667, 0.41325645422, 0.55945016836, 8.5682392947e-46],
      [0.16515047244, 0.1769310343, 0.21179950281, 0.35659553352, 0.089523456935, 2.464276608e-48],
      [0.1772067722, 0.025373354167, 0.30664800494, 0.077492881501, 0.41327898719, 2.0923555285e-46]
    ]
  ],
  "expected_outcome": [
    [
      [0.00051678217197, 4.849605823e-05, 3.3348521288e-05, 0.00035375210372, 2.2816582468e-06, 0.00067645219037, 0.0023247669254, 0.0036626544591, 0.0021483259662, 0.0025470628571, 0.0037879770498, 0.0048292710872, 0.00067390832871, 0.00049586577631, 0.0037494859441, 1.0174496713e-08, 0.00032762628425, 0.00010322870231, 1.6222528113e-06, 0.0030773048075, 0.00076109171496, 0.00024479658988, 0.0023324198276, 0.00073311967696, 0.0070466486461, 0.00043861616562, 0.0026063173468, 2.605857251e-05, 0.0025539340874, 0.0034620483098, 0.001610837853, 3.3248322387e-05, 0.00049419104266, 0.00016283801996, 0.0013590840753, 0.0017351489639, 0.0024127214034, 0.0034667925667, 0.0043525960243, 0.00020161127887, 8.487988047e-05, 4.5355693739e-05, 0, 0.004320565704, 0.0064284189376, 0.0038609175347],
      [2.6322693982, 6.0340885371, 5.2839948558, 10.1723872795, 2.08694039, 16.2724336708, 60.6487724449, 63.3940724117, 23.2791504121, 54.717779234, 28.6297904769, 56.3017208, 14.6206013173, 6.7923063707, 24.9920770037, 2.9164051027, 10.0552716409, 0.068742612537, 2.5258007573, 51.0582622355, 22.8466512282, 5.0157945047, 49.8487327797, 27.7945910279, 124.913603401, 15.7083982701, 57.4500509906, 1.2453853224, 79.2614713386, 67.880838451, 60.6385796154, 1.9255935949, 12.2580447939, 6.1314579355, 27.2145082163, 24.5057997744, 18.4300965515, 43.3679589314, 46.1784205823, 12.737585026, 4.1242495059, 0.81341545007, 0, 157.4519785957, 257.2531706601, 170.8034661082],
      [0.18039750193, 0.17152492073, 0.06169485721, 0.8230955983, 0.019892383969, 0.96400020364, 3.5926255108, 3.9029795678, 1.5904171649, 4.2122456008, 2.0250014549, 3.2639641037, 1.5496529645, 1.6845741548, 1.5159165046, 0.0014029260429, 0.12550221802, 0.12525798577, 0.0022980782906, 2.1602645797, 1.0947947006, 0.28280687674, 4.6400649729, 0.95794477327, 5.1583229674, 1.0151949751, 2.8713228157, 0.21224336017, 2.3473214399, 2.776067463, 1.6409820699, 0.022631301698, 0.5669597099, 0.5512270877, 1.36652566, 1.4099685224, 0.79137817949, 2.0789280225, 2.8821328646, 0.55724372656, 0.1336998495, 0.03636863062, 0, 6.9818602118, 12.3971320428, 8.1292115029],
      [4.1866116309, 2.7942083607, 1.6541748308, 18.0032219745, 2.8930706422, 13.7621572152, 71.7523335508, 61.6952925786, 30.1265298681, 77.0620001396, 46.3383066346, 72.425220484, 10.8287698283, 18.5221149098, 38.4856381558, 0.082191753559, 6.8187263292, 0.80582442907, 0.47175526772, 53.7745925163, 29.0564683888, 11.7008835141, 81.506374636, 21.2451940656, 139.9145569919, 24.2747396967, 88.6719148945, 1.542295151, 70.3849634574, 81.3349647343, 48.7153718732, 3.0516970797, 14.1734058507, 5.3168166649, 31.4158478599, 46.0793185601, 29.7734791331, 59.5455098931, 74.9285808545, 9.7042162994, 2.7418154802, 3.1500362611, 0, 147.5556797138, 217.3362268999, 199.055352019],
      [0.00020468681241, 0.00012968534915, 0.00010210765511, 0.00094139560176, 9.4302134435e-05, 0.00073245809875, 0.0039437266754, 0.0039927875191, 0.0017542290469, 0.005427962665, 0.0031134565567, 0.0042653412147, 0.000301981475, 0.00050869891541, 0.0026188499531, 2.0750626626e-07, 0.00017218568864, 7.1743918745e-05, 0.00014427446369, 0.0038033636206, 0.0013245906904, 0.00027030783102, 0.0024951915687, 0.0015370134945, 0.0064699909458, 0.0012284420086, 0.0041049818231, 5.0107814348e-05, 0.0036898300016, 0.0046673033462, 0.0034556036418, 4.4775396584e-05, 0.0010954544849, 0.00033547388532, 0.0017591797258, 0.0031779942187, 0.0026334145526, 0.0041363603549, 0.0065131025639, 0.00075333674996, 0.00015028446078, 0.00013430253768, 0, 0.0061609130092, 0.0070419782831, 0.0081094523612],
      [5.0288015683e-48, 3.5616553931e-48, 2.1149007079e-48, 2.1616140014e-47, 2.0331652683e-50, 1.9742930914e-47, 9.6043078339e-47, 1.0020167522e-46, 4.3622610566e-47, 1.1297506409e-46, 6.2941854881e-47, 1.018294528e-46, 1.4264582341e-47, 1.8298415992e-47, 5.8904608997e-47, 8.2212312538e-52, 1.0461477575e-47, 1.2187342176e-48, 1.1262780817e-48, 7.7813411023e-47, 3.4617435963e-47, 8.6053300864e-48, 9.1974830706e-47, 3.3552268904e-47, 1.7368691593e-46, 2.940339293e-47, 9.9083490775e-47, 1.8604824041e-48, 9.1452837277e-47, 1.1446661204e-46, 6.9407038055e-47, 1.6057391999e-48, 2.1116146065e-47, 6.8818494846e-48, 4.1952888642e-47, 6.4555628929e-47, 4.5445015676e-47, 8.2221191468e-47, 1.1195409216e-46, 1.6013236296e-47, 3.7036144841e-48, 4.6177999427e-50, 0, 1.9242746151e-46, 2.5862509602e-46, 2.0039804495e-46]
    ],
    [
      [0.65584034371, 0.046323591251, 0.058330416987, 0.30308719353, 0.0023672821438, 0.91135836391, 1.9096549856, 5.4101024651, 2.469274344, 4.0217167927, 5.0011719225, 5.7365072485, 0.23930923525, 0.17590880067, 4.9603795622, 4.5280255183e-05, 0.37686250554, 0.004523080283, 0.0033571737318, 2.8136740306, 1.0201989719, 0.21024560245, 1.5285910875, 0.71435927648, 7.5784500218, 0.49935098163, 2.5371024897, 0.022803773312, 1.9950705777, 2.6219177609, 2.4377033546, 0.067522901144, 0.56347135161, 0.094723228485, 2.2233987719, 2.76381689, 2.7948219366, 3.2317694698, 4.9422764274, 0.18704375322, 0.27658310719, 0.013875634673, 0, 3.5441178194, 5.2381258177, 2.3666977719],
      [0.84963126808, 1.422888923, 2.092541833, 2.4536323493, 0.55686001497, 6.115164907, 14.2754899367, 26.8662419889, 7.625897292, 24.832732104, 10.8247787652, 19.1887268203, 1.4100027758, 0.66928640264, 9.4548384948, 2.439055894, 3.0622919316, 0.00057867641216, 0.93594086364, 13.3419042198, 8.7002568945, 1.1844120036, 9.3567872203, 7.6561367788, 38.6209591039, 5.0674985841, 16.0380382172, 0.24517558267, 17.7323477211, 14.7407780083, 26.3076864786, 0.97875110816, 3.9377317217, 0.95829210032, 12.7140529527, 11.1900572511, 6.0923503714, 11.5836382221, 15.0682535954, 3.2624887901, 3.5374508703, 0.059496296958, 0, 37.1486642635, 60.3642579644, 30.123932221],
      [6.1712142014, 4.8248095798, 2.9936742315, 18.0032787017, 0.52616339735, 32.686124738, 73.2352192094, 142.5608181845, 45.5784565663, 164.3799392016, 66.3302987554, 95.9241503997, 14.9398153258, 16.0455118269, 49.7296158093, 0.22112250992, 3.6894451747, 0.97851076037, 0.066323025061, 49.0670919238, 36.5852781946, 6.3426057824, 75.6388498688, 23.4020758794, 136.9969928341, 29.0980555342, 69.2546168328, 5.9299472663, 45.4933392592, 52.1120093364, 61.4633713008, 1.1867260031, 16.3120016204, 8.8778254616, 55.4993420637, 55.6823892771, 22.783042897, 48.0695118209, 80.9782642895, 13.3551078696, 11.2724801837, 0.40387655152, 0, 141.5493039662, 249.3530620144, 123.239134543],
      [3.0671748965, 1.5811948339, 1.6763872503, 9.4135555458, 1.8100957755, 11.2773667277, 36.245775045, 56.0900191223, 21.253987184, 74.9375507548, 37.6148804833, 52.9348309534, 2.3026710114, 3.9267813314, 31.2910673316, 0.33846981264, 4.6719995944, 0.014016994205, 0.65005496205, 30.2013983785, 23.8693538203, 6.0268749525, 32.7941355198, 12.6887704865, 92.6383032956, 16.8987141183, 53.0582604028, 0.75891049962, 33.8129859439, 37.8872679444, 45.4051161348, 3.6749209333, 9.9043499441, 1.8706957125, 31.6018341234, 45.1535337354, 21.1926182421, 34.1467931237, 52.3949557833, 5.4796602737, 5.4135740701, 0.48526755566, 0, 74.5522108234, 109.1323805672, 75.1500677928],
      [0.25613929032, 0.12478307202, 0.17906626827, 0.82644620964, 0.10451353004, 1.0099852634, 3.3338608233, 6.0728182393, 2.0723846137, 8.8280611469, 4.2288700737, 5.215784578, 0.10820165174, 0.18251163837, 3.5640988022, 0.0013065032046, 0.19940079373, 0.002370488726, 0.34432397552, 3.5759314472, 1.8249121187, 0.23586165909, 1.6816363036, 1.5386575788, 7.1652947446, 1.4363807817, 4.1119820575, 0.043162878063, 2.966256498, 3.63802695, 5.3861227312, 0.092079054244, 1.2824453623, 0.19846349704, 2.9613720883, 5.2102028463, 3.1371665529, 3.9682873634, 7.6162499044, 0.71569931341, 0.49991176872, 0.037483961185, 0, 5.2057031275, 5.9121736363, 5.1201676713],
      [2.2384964798e-47, 1.2201964754e-47, 1.3156769354e-47, 6.7412095051e-47, 8.0540022602e-50, 9.6632449211e-47, 2.883191775e-46, 5.4118191784e-46, 1.8302769616e-46, 6.524903816e-46, 3.0360902142e-46, 4.4218642451e-46, 1.816254898e-47, 2.3335167623e-47, 2.8468089218e-46, 1.9874543209e-50, 4.3194028007e-47, 1.3875099946e-49, 9.6194870792e-48, 2.5981364185e-46, 1.6938242749e-46, 2.6706232801e-47, 2.2012384877e-46, 1.1928399344e-46, 6.8307549015e-46, 1.2213801668e-46, 3.5248549827e-46, 5.6849278096e-48, 2.6109576515e-46, 3.1685337701e-46, 3.8419344984e-46, 1.1850565717e-47, 8.7804162012e-47, 1.4463546353e-47, 2.5081196738e-46, 3.7587888546e-46, 1.922658249e-46, 2.8012330865e-46, 4.6490246667e-46, 5.4035195347e-47, 4.3816993802e-47, 4.8477443834e-50, 0, 5.7739538661e-46, 7.7106132231e-46, 4.4931937667e-46]
    ],
    [
      [2.060472034, 0.29350487588, 0.12871463361, 2.0315781667, 0.002566967538, 2.0080303805, 10.4454154081, 19.1799351784, 13.4879674549, 16.8313906939, 26.9968866876, 24.2499820753, 3.1341262562, 0.7927403621, 25.640183234, 0.00029521003761, 1.1612735257, 1.0997520016, 0.0036677297565, 10.3337141041, 2.8083797012, 0.95814713863, 5.0505155673, 3.6808097789, 21.8397368164, 0.97959541718, 5.7926908175, 0.20399331812, 10.2170321395, 13.1704183327, 18.0506635533, 0.28215852236, 5.4122372975, 2.1873797655, 14.1273370897, 13.599742056, 21.1608002671, 24.5148730207, 36.8694075824, 0.81126717204, 1.0219300933, 0.11129887142, 0, 18.5921654163, 34.1015674197, 14.0456695823],
      [0.20157405278, 0.66600291289, 0.32308432556, 1.2871315277, 0.040829737562, 1.047787915, 6.1474847713, 7.5002741515, 3.2734181957, 8.189582657, 4.5989073602, 6.3886683251, 1.4305378499, 0.23601559853, 3.8453252767, 0.76785252558, 0.71608557556, 0.019552130399, 0.060190781313, 3.8526372854, 1.8773516172, 0.41923124984, 2.4339710634, 3.0890049326, 8.7701434546, 0.77803088846, 2.8821445772, 0.16353208217, 7.1454171516, 5.8306053923, 15.3294241038, 0.29675215446, 2.959037847, 1.7119677663, 6.3496466215, 4.3332054358, 3.6255675053, 6.917419884, 8.8587419172, 1.0977679389, 0.98814594348, 0.040100380772, 0, 15.3615546776, 30.9927862256, 14.0938148611],
      [0.029216438286, 0.042686702063, 0.0094594797219, 0.20352414296, 0.00092763122413, 0.12240495826, 0.69930308687, 0.8859151967, 0.43182493393, 1.2073854703, 0.62501766635, 0.71039551607, 0.30288650963, 0.11394140994, 0.44900233087, 0.0019176490553, 0.018549525137, 0.049190243234, 0.00021826410742, 0.31380474463, 0.17446514951, 0.047176224664, 0.43473527923, 0.20769021529, 0.69312158047, 0.097699767852, 0.27631042081, 0.066723104887, 0.40673554331, 0.45765517615, 0.79736948926, 0.0080279100022, 0.26811144701, 0.31506637123, 0.61518439997, 0.47885378654, 0.30057898836, 0.63707125136, 1.0589817406, 0.096108297477, 0.068112299024, 0.0035962874144, 0, 1.3033062987, 2.8541244389, 1.2827764129],
      [9.6693041607, 10.1030662036, 3.6283534874, 63.2439137489, 1.8935012069, 24.7986611977, 198.1223081252, 198.6507618748, 116.1153844503, 313.3099555019, 202.9326708669, 223.5703446117, 30.2919190773, 17.7770476545, 161.6660211274, 2.1102522761, 14.3614206911, 4.7422702937, 0.68478761046, 110.8242669421, 65.655606305, 27.6146025637, 108.2781560606, 65.4060627779, 266.6140272186, 33.1385665059, 120.9884119692, 7.0514726419, 173.017375254, 190.1657931692, 335.9412557154, 15.3965109431, 95.2833878041, 43.6943915217, 200.7301296539, 222.0211232566, 160.4129990593, 258.8676860904, 390.5412936114, 23.8344335601, 20.0723050933, 4.4103827966, 0, 390.6799189916, 709.6727067865, 445.4904576511],
      [17.0394333143, 16.8947393055, 8.9103880737, 111.2338524137, 3.0621744568, 45.0231155485, 362.5854886086, 427.7831135986, 225.6914049652, 733.461685677, 453.8465174189, 438.0806094719, 28.8405303069, 17.0802549749, 366.3994680311, 0.1196823392, 12.7426706825, 16.089235331, 10.2511356144, 261.6755769238, 100.484197227, 21.9608428232, 110.8026220294, 158.6164322954, 410.0829709299, 57.0061074206, 187.0604422153, 8.5142788529, 302.2134399116, 363.3755279296, 791.8812871382, 8.01655047, 246.0772256044, 93.0911945753, 374.177702235, 509.5670754651, 472.50005418, 598.0629497536, 1127.6715751483, 63.1604230315, 37.8495065709, 7.4346216638, 0, 542.0630546158, 763.3788151293, 603.0872814926],
      [2.4556576113e-44, 2.7194697803e-44, 1.0001851531e-44, 1.5708688694e-43, 2.7378729382e-47, 7.3787968453e-44, 5.4653360553e-43, 6.6467279955e-43, 3.4677099863e-43, 9.4596313754e-43, 5.6799622547e-43, 6.4762781489e-43, 8.3044580009e-44, 3.6712883421e-44, 5.1001772722e-43, 3.9209470774e-47, 4.6312886752e-44, 1.5547056101e-44, 3.6291692635e-45, 3.3068787423e-43, 1.6163016899e-43, 4.2455847938e-44, 2.5209732562e-43, 2.1329387807e-43, 6.8176522224e-43, 8.3135718844e-44, 2.787906189e-43, 1.8300330966e-44, 4.6336293126e-43, 5.5154193344e-43, 9.8568879929e-43, 1.7262069388e-44, 2.9290904953e-43, 1.1711276943e-43, 5.5242307953e-43, 6.4091196511e-43, 5.0463989687e-43, 7.3638625561e-43, 1.2015720681e-42, 8.1607264673e-44, 5.6414954606e-44, 1.3625183962e-46, 0, 1.0492632689e-42, 1.7386861534e-42, 9.2365619597e-43]
    ],
    [
