{
  "X": [
    [25, 34, 2, 16],
    [17, 33, 2, 9],
    [18, 111, 14, 9],
    [149, 654, 63, 28],
    [306, 573, 44, 57],
    [652, 877, 133, 103],
    [116, 92, 9, 6],
    [38, 32, 4, 3],
    [1919, 2731, 593, 335],
    [234, 515, 65, 54],
    [268, 453, 97, 61],
    [17, 89, 3, 7],
    [7, 47, 3, 4],
    [0, 8, 3, 0],
    [180, 396, 102, 19],
    [107, 359, 39, 50],
    [52, 221, 34, 21],
    [10, 23, 3, 4],
    [9, 31, 8, 7],
    [171, 615, 90, 61],
    [113, 552, 35, 29],
    [47, 221, 22, 20],
    [56, 373, 51, 19],
    [510, 546, 64, 75],
    [112, 221, 50, 29],
    [8, 1, 0, 1],
    [7, 4, 0, 0],
    [36, 61, 18, 5],
    [26, 12, 2, 5],
    [22, 11, 1, 3],
    [112, 131, 13, 24],
    [33, 10, 4, 0],
    [15, 9, 1, 4],
    [19, 8, 1, 0],
    [261, 226, 67, 43],
    [364, 352, 89, 63],
    [105, 193, 35, 25],
    [181, 147, 63, 33],
    [78, 45, 28, 15],
    [200, 389, 82, 51],
    [118, 194, 50, 22],
    [66, 82, 23, 12],
    [211, 378, 82, 57],
    [270, 209, 66, 31],
    [401, 520, 81, 74],
    [61, 107, 19, 18],
    [156, 260, 72, 39],
    [220, 225, 54, 43],
    [94, 121, 18, 19],
    [0, 44, 4, 3],
    [16, 59, 5, 3],
    [381, 842, 130, 80],
    [320, 325, 74, 52],
    [149, 459, 34, 35],
    [0, 10, 5, 3],
    [375, 491, 102, 80],
    [212, 501, 77, 60],
    [188, 256, 30, 67],
    [1230, 1514, 182, 263],
    [1027, 1171, 200, 251],
    [0, 4, 0, 0]
  ],
  "W": [
    [5, 30, 41, 1],
    [2, 25, 32, 2],
    [7, 24, 120, 1],
    [39, 154, 696, 5],
    [42, 307, 596, 35],
    [113, 673, 930, 49],
    [8, 119, 90, 6],
    [6, 38, 28, 5],
    [509, 1950, 2932, 187],
    [45, 268, 528, 27],
    [70, 304, 488, 17],
    [9, 17, 89, 1],
    [4, 7, 49, 1],
    [2, 0, 9, 0],
    [62, 180, 443, 12],
    [35, 117, 386, 17],
    [19, 59, 241, 9],
    [5, 9, 24, 2],
    [10, 9, 35, 1],
    [64, 215, 638, 20],
    [28, 119, 566, 16],
    [21, 50, 231, 8],
    [40, 63, 389, 7],
    [79, 532, 543, 41],
    [34, 123, 243, 12],
    [0, 7, 2, 1],
    [1, 5, 5, 0],
    [18, 43, 59, 0],
    [1, 27, 13, 4],
    [2, 21, 10, 4],
    [23, 118, 124, 15],
    [4, 35, 7, 1],
    [2, 14, 9, 4],
    [2, 20, 6, 0],
    [46, 271, 253, 27],
    [69, 386, 382, 31],
    [31, 111, 207, 9],
    [39, 202, 162, 21],
    [23, 82, 55, 6],
    [64, 225, 411, 22],
    [45, 117, 207, 15],
    [16, 68, 94, 5],
    [50, 219, 434, 25],
    [61, 283, 207, 25],
    [70, 426, 544, 36],
    [19, 79, 100, 7],
    [54, 170, 289, 14],
    [54, 245, 228, 15],
    [16, 93, 134, 9],
    [9, 1, 40, 1],
    [2, 13, 67, 1],
    [105, 392, 909, 27],
    [51, 361, 333, 26],
    [31, 165, 463, 18],
    [7, 0, 11, 0],
    [94, 405, 518, 31],
    [63, 238, 528, 21],
    [29, 216, 281, 15],
    [202, 1247, 1570, 170],
    [217, 1083, 1233, 116],
    [0, 0, 4, 0]
  ],
  "method": "mvn_cdf",
  "mvncdf_method": "genz",
  "mvncdf_samples": 5000,
  "mvncdf_error": 0.001,
  "cond_prob": [
    [
      [0.14949174904, 0.078463245833, 0.16277876397, 0.60926624116],
      [0.64816127045, 0.093131622205, 0.0058499786407, 0.2528571287],
      [0.10994986293, 0.75125394324, 0.024633262205, 0.11416293163],
      [0.29975876125, 0.012323431891, 0.00064307049951, 0.68727473636]
    ],
    [
      [0.078314744953, 0.26267336028, 0.40625413997, 0.2527577548],
      [0.60730283255, 0.098666763275, 0.025096056399, 0.26893434778],
      [0.030504652416, 0.93295723902, 0.017323088523, 0.019215020039],
      [0.34232540953, 0.07667627444, 0.0028757386813, 0.57812257735]
    ],
    [
      [0.063874451561, 0.16211017435, 0.673307016, 0.10070835808],
      [0.68483340249, 0.085572701978, 0.07040920643, 0.15918468911],
      [0.0050500086872, 0.89769995656, 0.063225814109, 0.034024220647],
      [0.51087613697, 0.087489145344, 0.0099322405011, 0.39170247719]
    ],
    [
      [0.14865424679, 0.18872120461, 0.58177702202, 0.080847526578],
      [0.83595516457, 0.057684926111, 0.036099434016, 0.070260475305],
      [0.015539450997, 0.91583670767, 0.049887754247, 0.018736087084],
      [0.72998622763, 0.066809171736, 0.0059012693885, 0.19730333125]
    ],
    [
      [0.20153264516, 0.20743729595, 0.46617390784, 0.12485615105],
      [0.8490740204, 0.049215234094, 0.019030724753, 0.082680020749],
      [0.019553852643, 0.91827269806, 0.030986584445, 0.031186864852],
      [0.72045167039, 0.05394367599, 0.0031502583465, 0.22245439527]
    ],
    [
      [0.18269740778, 0.15985797671, 0.55316062418, 0.10428399133],
      [0.85416749615, 0.040727043664, 0.028843443811, 0.076262016373],
      [0.021878569536, 0.89163529203, 0.054679778632, 0.031806359801],
      [0.73782445595, 0.047059727698, 0.0046738296944, 0.21044198666]
    ],
    [
      [0.22286070976, 0.21607661962, 0.48769177312, 0.073370897502],
      [0.89847761365, 0.050731966487, 0.017656141918, 0.033134277944],
      [0.027216182001, 0.9322231541, 0.033079794044, 0.0074808698577],
      [0.80813698623, 0.055699860386, 0.0033672438112, 0.13279590957]
    ],
    [
      [0.17544312016, 0.29352304941, 0.46146415319, 0.069569677235],
      [0.86095973515, 0.077396579754, 0.017461129529, 0.044182555568],
      [0.015015744243, 0.95962983608, 0.019726231165, 0.0056281885145],
      [0.76208610092, 0.085631252536, 0.0030715372308, 0.14921110932]
    ],
    [
      [0.15427234312, 0.13758621806, 0.61609533689, 0.092046101936],
      [0.84219479833, 0.041344342402, 0.037702594766, 0.0787582645],
      [0.021122877016, 0.87703174776, 0.069830697197, 0.032014678029],
      [0.72868045559, 0.047540443304, 0.006116628609, 0.2176624725]
    ],
    [
      [0.10910541474, 0.1980829336, 0.59529918315, 0.097512468505],
      [0.77009881175, 0.075667242513, 0.046467547855, 0.10776639789],
      [0.010812185928, 0.91585714759, 0.048420886798, 0.024909779687],
      [0.62944224513, 0.082773076618, 0.0071113223525, 0.2806733559]
    ],
    [
      [0.11403951368, 0.13439070662, 0.65515354755, 0.096416232157],
      [0.79372680402, 0.051101698232, 0.049560904867, 0.10561059288],
      [0.015428923507, 0.8752076382, 0.073647921551, 0.035715516743],
      [0.65852770284, 0.056259225495, 0.0077971103035, 0.27741596136]
    ],
    [
      [0.19729312503, 0.29896343215, 0.33309225808, 0.17065118474],
      [0.81713795018, 0.069356624517, 0, 0.11350542531],
      [0.0078678012769, 0.95571022267, 0, 0.036421976056],
      [0.63278240805, 0.072056676443, 0.0021696772857, 0.29299123822]
    ],
    [
      [0.1285404953, 0.24413673722, 0.46958333346, 0.15773943402],
      [0.78775159649, 0.063485430764, 0.022563296832, 0.12619967591],
      [0.0076508087235, 0.92878331677, 0.019598845567, 0.043967028939],
      [0.59668721589, 0.06867251402, 0.0033801555854, 0.33126011451]
    ],
    [
      [0, 0.058661813063, 0.94133818694, 0],
      [0.85750242153, 0.04412937853, 0.088154405065, 0.010213794874],
      [0, 0.87585293043, 0.12414706957, 0],
      [0.94012048776, 0.033716722902, 0.022436016638, 0.0037267726973]
    ],
    [
      [0.11070589048, 0.10040342681, 0.74558832256, 0.043302360149],
      [0.84547385175, 0.046172545695, 0.0585924466, 0.049761155959],
      [0.026127450783, 0.85971352822, 0.10180428106, 0.012354739932],
      [0.78137339827, 0.050903025751, 0.010632258625, 0.15709131735]
    ],
    [
      [0.12636431493, 0.1780669975, 0.50947047424, 0.18609821334],
      [0.74159707874, 0.057208457698, 0.032783455121, 0.16841100844],
      [0.017126398909, 0.89413770071, 0.04470595901, 0.044029941372],
      [0.5411529874, 0.055124297849, 0.0044922926205, 0.39923042213]
    ],
    [
      [0.079371609073, 0.14454435883, 0.68067253398, 0.095411498112],
      [0.72918796302, 0.069867449292, 0.066046398205, 0.13489818948],
      [0.0095307482152, 0.88574888568, 0.070882093845, 0.033838272258],
      [0.57477103216, 0.073999580524, 0.0097666381738, 0.34146274914]
    ],
    [
      [0.18046945673, 0.18680131371, 0.4533595825, 0.17936964705],
      [0.83551340116, 0.033805186363, 0.014715224381, 0.11596618809],
      [0.010741705829, 0.90335771707, 0.02485801239, 0.061042564716],
      [0.66011558298, 0.040580772295, 0.0020863853548, 0.29721725937]
    ],
    [
      [0.11539459221, 0.11621382524, 0.54241408531, 0.22597749724],
      [0.73324828235, 0.034574480415, 0.032344112872, 0.19983312436],
      [0.021739378875, 0.84270111663, 0.065159467661, 0.070400036833],
      [0.48594127612, 0.032152341775, 0.0041807629067, 0.4777256192]
    ],
    [
      [0.075604272226, 0.18709542573, 0.63730377029, 0.099996531747],
      [0.69712071123, 0.093520966061, 0.065191314519, 0.14416700819],
      [0.0086497874284, 0.91063860017, 0.054871455029, 0.025840157373],
      [0.53809046419, 0.096572907097, 0.0094218885514, 0.35591474016]
    ],
    [
      [0.12872076486, 0.25117581733, 0.51945616266, 0.10064725515],
      [0.78689476859, 0.083957481131, 0.033785726642, 0.095362023635],
      [0.0094408433017, 0.94260309781, 0.028888011975, 0.019068046909],
      [0.65073898829, 0.091423968595, 0.0052569498167, 0.25258009329]
    ],
    [
      [0.1149341301, 0.21317030643, 0.53738398477, 0.13451157869],
      [0.7539654307, 0.073618724253, 0.037133213635, 0.13528263141],
      [0.0096592085143, 0.9187519875, 0.038161007512, 0.033427796469],
      [0.58210432072, 0.076347279826, 0.0053853628423, 0.33616303661]
    ],
    [
      [0.082174177642, 0.19513126773, 0.64486963258, 0.077824922048],
      [0.73679824431, 0.093229722991, 0.062668985163, 0.10730304753],
      [0.0052924398931, 0.92186771347, 0.054471937958, 0.018367908678],
      [0.6051406263, 0.10210517173, 0.0096406808332, 0.28311352114]
    ],
    [
      [0.20136901476, 0.211914598, 0.46874154128, 0.11797484597],
      [0.85244257092, 0.051336894602, 0.017989583669, 0.078230950807],
      [0.01980117036, 0.92017761974, 0.031798635031, 0.028222574865],
      [0.72781377069, 0.055879788018, 0.0032268513562, 0.21307958994]
    ],
    [
      [0.10364323836, 0.12018577956, 0.68547318166, 0.09069780043],
      [0.78783028731, 0.049665205495, 0.054541881633, 0.10796262556],
      [0.015351137373, 0.86482952873, 0.08181988316, 0.037999450734],
      [0.65355651459, 0.054273978075, 0.0085857312505, 0.28358377608]
    ],
    [
      [0.43022447501, 0.025550588256, 0.38716805145, 0.15705688528],
      [0.90047930071, 0, 0, 0.09952069929],
      [0.40963826116, 0.5, 0, 0.09036173884],
      [0.87736837271, 0, 0, 0.12263162729]
    ],
    [
      [0.96349566874, 0.036504331263, 0, 0],
      [1, 0, 0, 0],
      [0.20730086625, 0.79269913375, 0, 0],
      [0.98795346259, 0.0016072190506, 0.00011797129813, 0.010321347058]
    ],
    [
      [0.091194274022, 0.18053480655, 0.67109484642, 0.057176073008],
      [0.78692631849, 0.079940355484, 0.059303151915, 0.073830174112],
      [0.0088249385183, 0.92055827451, 0.057123003935, 0.013493783034],
      [0.68541463927, 0.092579724693, 0.0095195199916, 0.21248611605]
    ],
    [
      [0.18349423476, 0.11658224877, 0.5599674425, 0.13995607398],
      [0.84380860646, 0.015806772102, 0.026577689482, 0.11380693195],
      [0.017260192545, 0.8728536961, 0.054318070448, 0.055568040909],
      [0.70232272192, 0.027384213802, 0.004075006418, 0.26621805786]
    ],
    [
      [0.24149440454, 0.23207536842, 0.4008832753, 0.12554695174],
      [0.87389749678, 0.043233390067, 0.0020836439355, 0.080785469216],
      [0.011405969995, 0.944334726, 0.015416904999, 0.028842399007],
      [0.76277601464, 0.04615020294, 7.6969190749e-05, 0.19099681323]
    ],
    [
      [0.17977401287, 0.25982869665, 0.4121326108, 0.14826467967],
      [0.81477521609, 0.066546026026, 0.011911583397, 0.10676717449],
      [0.014777889794, 0.93665556999, 0.016815401412, 0.031751138801],
      [0.65928425806, 0.068414548455, 0.0020182223701, 0.27028297112]
    ],
    [
      [0.18582114047, 0.20999187753, 0.604186982, 0],
      [0.8922933164, 0.069682360985, 0.038024322614, 0],
      [0.015096433182, 0.94963406987, 0.035269496952, 0],
      [0.92077433182, 0.073711366316, 0.0055143018595, 0]
    ],
    [
      [0.22675629905, 0.17441547697, 0.39400867093, 0.20481955304],
      [0.84028035669, 0.023395004674, 0.0029927142367, 0.1333319244],
      [0.0094678205715, 0.91164325395, 0.018898295425, 0.059990630052],
      [0.67433800577, 0.029712423763, 0, 0.29594957047]
    ],
    [
      [0.27377532442, 0.32424920122, 0.40197547435, 0],
      [0.91907906605, 0.074449266535, 0.0064716674116, 0],
      [0.011811338349, 0.97708604447, 0.011102617177, 0],
      [0.84412271321, 0.069641441374, 0.0022432686973, 0.083992576715]
    ],
    [
      [0.1395732069, 0.097998303166, 0.67570348727, 0.086725002658],
      [0.84265394848, 0.033634541217, 0.04103364022, 0.082677870087],
      [0.025762146061, 0.83546787503, 0.09727759143, 0.041492387484],
      [0.72972553674, 0.037175740856, 0.0068997205276, 0.22619900188]
    ],
    [
      [0.1486205864, 0.11994443643, 0.63303652127, 0.098398455904],
      [0.83704355917, 0.036805026221, 0.038680453187, 0.087470961423],
      [0.022158232114, 0.85920717972, 0.079046521528, 0.039588066636],
      [0.71554583973, 0.041933906831, 0.0062598025267, 0.23626045091]
    ],
    [
      [0.14534160994, 0.15013880204, 0.59126926734, 0.11325032068],
      [0.81942990832, 0.044317337647, 0.03629893142, 0.099953822609],
      [0.016447387131, 0.88393199987, 0.060824884792, 0.038795728209],
      [0.68145345907, 0.050283187275, 0.0056355747604, 0.26262777889]
    ],
    [
      [0.0831834403, 0.081158436341, 0.77334937498, 0.062308748377],
      [0.79141869025, 0.050485140634, 0.062942671808, 0.09515349731],
      [0.02185477615, 0.81862870507, 0.12276751637, 0.036749002415],
      [0.68327603153, 0.048522493045, 0.011267477081, 0.25693399835]
    ],
    [
      [0.12489849897, 0.059825158167, 0.72595210307, 0.089324239787],
      [0.84067739196, 0.022286398028, 0.039939206011, 0.097097004002],
      [0.034552165303, 0.7572693632, 0.14515904042, 0.063019431079],
      [0.71523654855, 0.024453624664, 0.0073899188937, 0.2529199079]
    ],
    [
      [0.10309749309, 0.14813613456, 0.65370957689, 0.09505679547],
      [0.77408679657, 0.060196295928, 0.053695789122, 0.11202111838],
      [0.012833781425, 0.88691996228, 0.067881220875, 0.032365035417],
      [0.63443395672, 0.065955286647, 0.008266033958, 0.29134472267]
    ],
    [
      [0.13254266715, 0.13368104294, 0.65396382519, 0.07981246473],
      [0.83265874995, 0.04506998211, 0.044194744435, 0.078076523506],
      [0.01812733446, 0.87887068768, 0.073877687992, 0.029124289872],
      [0.72414320006, 0.052328854148, 0.0072107568894, 0.2163171889]
    ],
    [
      [0.13796868938, 0.092426029191, 0.6865809059, 0.083024375534],
      [0.8489236649, 0.030512220556, 0.040099485261, 0.080464629284],
      [0.025161500342, 0.83268877297, 0.098441929501, 0.043707797186],
      [0.74010214493, 0.034721575177, 0.0068798269559, 0.21829645293]
    ],
    [
      [0.12859491271, 0.10208208593, 0.66141209667, 0.1079109047],
      [0.81276350092, 0.037099594307, 0.043517267582, 0.10661963719],
      [0.022474641862, 0.83825618066, 0.09038668564, 0.048882491838],
      [0.67284212378, 0.038716085752, 0.0068516799398, 0.28159011053]
    ],
    [
      [0.13918162063, 0.14705201941, 0.64403785796, 0.069728502009],
      [0.84408012378, 0.049519236209, 0.043552758, 0.062847882008],
      [0.019215256298, 0.89171248725, 0.068640346039, 0.020431910415],
      [0.74630752231, 0.057255924347, 0.0071883408144, 0.18924821252]
    ],
    [
      [0.16412948474, 0.16683242171, 0.55557320261, 0.11346489095],
      [0.83216244244, 0.045842706482, 0.031266989734, 0.090727861341],
      [0.01793679255, 0.89508834064, 0.052596245417, 0.034378621397],
      [0.70144779001, 0.051796672593, 0.0049383523302, 0.24181718507]
    ],
    [
      [0.077999528347, 0.24326840149, 0.57482877905, 0.10390329111],
      [0.6919730153, 0.10971716461, 0.054389578279, 0.14392024181],
      [0.011909438977, 0.92892452503, 0.037272703857, 0.021893332132],
      [0.52302812218, 0.11682740915, 0.0077437326089, 0.35240073606]
    ],
    [
      [0.10912697297, 0.10857589414, 0.68983794996, 0.092459182931],
      [0.79731909647, 0.044476107059, 0.052046807578, 0.10615798889],
      [0.01820774028, 0.85089915764, 0.089216898162, 0.041676203915],
      [0.6643471513, 0.047579068407, 0.0083649889369, 0.27970879136]
    ],
    [
      [0.14095214632, 0.16042491435, 0.5867893534, 0.11183358593],
      [0.81144899187, 0.049386675506, 0.037429277961, 0.10173505466],
      [0.015278968748, 0.89213794682, 0.057264847962, 0.035318236471],
      [0.67333174774, 0.055324483423, 0.0057877653859, 0.26555600345]
    ],
    [
      [0.21348252049, 0.13424370498, 0.51589748353, 0.136376291],
      [0.86364450867, 0.027470410189, 0.022286822185, 0.086598258957],
      [0.027407029157, 0.86570119069, 0.057023059396, 0.049868720756],
      [0.7325331621, 0.032599224467, 0.0035417601396, 0.23132585329]
    ],
    [
      [0, 0.45431846642, 0.41828117213, 0.12740036144],
      [0, 0.73216621122, 0.048275415024, 0.21955837376],
      [0, 0.96700841255, 0.0045399667317, 0.028451620717],
      [0, 0.49863108894, 0.0055953665247, 0.49577354454]
    ],
    [
      [0.28426328229, 0.13083891602, 0.50056517157, 0.084332630126],
      [0.93003327063, 0.017674444017, 0.014599126699, 0.037693158655],
      [0.036999164943, 0.8729032982, 0.056814464422, 0.033283072438],
      [0.8620968661, 0.024033416513, 0.002511893486, 0.1113578239]
    ],
    [
      [0.15821379384, 0.15393849765, 0.58593841584, 0.10190929267],
      [0.83657524209, 0.044130192908, 0.034678378909, 0.084616186091],
      [0.018876729129, 0.88797851283, 0.060212464552, 0.032932293488],
      [0.71448555441, 0.050553850491, 0.0055337602599, 0.22942683484]
    ],
    [
      [0.11736026072, 0.1471452299, 0.65285449999, 0.082640009399],
      [0.80661989226, 0.055159151689, 0.048914775817, 0.089306180238],
      [0.014839259492, 0.88876013647, 0.068593299976, 0.027807304058],
      [0.68782200725, 0.06253900268, 0.0078699053206, 0.24176908475]
    ],
    [
      [0.12878383031, 0.25392444359, 0.50905511897, 0.10823660713],
      [0.78089337217, 0.084806208826, 0.032097599935, 0.10220281907],
      [0.010116129584, 0.94060976032, 0.027717780473, 0.021556329624],
      [0.6375848253, 0.090722153578, 0.0049919424247, 0.26670107869]
    ],
    [
      [0, 0.12388900877, 0.61447068824, 0.26164030299],
      [0.54717848989, 0.050387992657, 0.053988828399, 0.34844468905],
      [0, 0.83025244896, 0.063518652937, 0.1062288981],
      [0.20186154178, 0.035815957753, 0.0051573498603, 0.75716515061]
    ],
    [
      [0.14715932068, 0.14967313804, 0.58748068037, 0.11568686091],
      [0.81737902164, 0.044931982352, 0.036478189007, 0.10121080701],
      [0.017565357661, 0.88258571163, 0.061443834433, 0.038405096273],
      [0.67837628468, 0.050124953081, 0.0056530084235, 0.26584575382]
    ],
    [
      [0.11795072997, 0.17195793947, 0.59423945652, 0.11585187405],
      [0.77612392855, 0.061013757683, 0.043453941335, 0.11940837243],
      [0.012828804967, 0.89822755277, 0.055083282971, 0.033860359294],
      [0.62276190453, 0.065772743952, 0.0065191806211, 0.3049461709]
    ],
    [
      [0.16673669647, 0.14357683125, 0.43168745136, 0.25799902092],
      [0.76690034236, 0.043978208403, 0.02185110505, 0.16727034419],
      [0.033513702145, 0.86058477705, 0.04525814461, 0.060643376192],
      [0.53978743667, 0.034177101773, 0.0029124389618, 0.4231230226]
    ],
    [
      [0.19434413193, 0.1832271481, 0.47426647041, 0.14816224956],
      [0.83485750469, 0.044585844288, 0.020395295365, 0.10016135566],
      [0.020909100524, 0.90019953911, 0.038358769284, 0.040532591078],
      [0.68734052457, 0.047507599104, 0.0031880698932, 0.26196380643]
    ],
    [
      [0.17574000303, 0.15816275896, 0.50713543483, 0.15896180318],
      [0.81796009328, 0.041471089851, 0.025995981294, 0.11457283558],
      [0.021870353204, 0.88138976461, 0.049750660635, 0.046989221553],
      [0.65558183468, 0.043206131349, 0.0039258477209, 0.29728618625]
    ],
    [
      [5.9598515392e-15, 0.49003674619, 0.39855806438, 0.11140518943],
      [0.81914896701, 0.047824922529, 0.036718820923, 0.09630728954],
      [0, 1, 0, 0],
      [0.68529261059, 0.053420277334, 0.0057434160763, 0.255543696]
    ]
  ],
  "expected_outcome": [
    [
      [0.74745874518, 0.15662948991, 0.44712116093, 5.7975156248, 8.4643710969, 20.6448070791, 1.782885678, 1.0526587209, 78.5246226476, 4.9097436635, 7.9827659576, 1.7756381253, 0.51416198121, 0, 6.8637652096, 4.4227510224, 1.5080605724, 0.90234728367, 1.1539459221, 4.8386734225, 3.6041814161, 2.4136167322, 3.2869671057, 15.9081521657, 3.5238701042, 0, 0.96349566874, 1.6414969324, 0.18349423476, 0.48298880908, 4.134802296, 0.74328456188, 0.45351259811, 0.54755064885, 6.4203675176, 10.2548204616, 4.5055899082, 3.2441541717, 2.8726654763, 6.5982395575, 5.9644200216, 2.20749903, 6.4297456353, 8.4900788583, 11.4890639315, 1.4819910386, 5.8928565406, 7.6114159014, 3.4157203278, 0, 0.56852656457, 16.6124483527, 5.9853732965, 3.9922987396, 0, 13.8329761439, 7.4308959879, 4.8353641977, 39.2575146507, 38.1355806566, 0],
      [0.39231622916, 0.52534672056, 1.1347712205, 7.3601269798, 8.7123664299, 18.0639513686, 1.728612957, 1.7611382965, 70.0313849922, 8.9137320119, 9.4073494631, 2.6906708894, 0.97654694887, 0.11732362613, 6.2250124625, 6.2323449125, 2.7463428179, 0.93400656857, 1.1621382524, 11.9741072469, 7.0329228852, 4.4765764351, 7.805250709, 16.7412532416, 4.0863165049, 0, 0.036504331263, 3.249626518, 0.11658224877, 0.46415073683, 5.976060023, 0.83996751014, 0.34883095395, 0.64849840245, 4.5079219456, 8.2761661134, 4.6543028631, 3.1651790173, 1.3759786378, 9.4807126117, 6.0156469322, 1.4788164671, 5.1041042964, 8.9701731838, 11.6782695195, 4.6220996282, 5.8630982833, 8.6629453748, 2.1478992797, 4.0888661978, 0.26167783203, 16.1635422537, 7.5044067247, 7.8716577514, 0.8672230614, 14.0692749761, 10.8333501865, 4.1637281063, 37.0118839159, 34.3213186937, 0],
      [0.81389381987, 0.81250827994, 4.713149112, 22.6893038589, 19.5793041293, 62.5071505323, 3.901534185, 2.7687849192, 313.5925264749, 26.7884632419, 45.8607483284, 2.9978303227, 1.8783333338, 1.8826763739, 46.2264759987, 17.8314665983, 12.9327781456, 2.2667979125, 5.4241408531, 40.7874412988, 14.5447725545, 11.2850636802, 25.7947853034, 37.0305817608, 23.3060881763, 0, 0, 12.0797072355, 0.5599674425, 0.8017665506, 9.4790500484, 2.416747928, 0.78801734186, 0.80395094871, 31.0823604145, 43.6795199677, 18.3293472876, 30.1606256243, 16.6968983707, 41.8374129207, 29.4283721334, 10.9852944944, 33.0706048334, 39.2863093354, 38.8901241827, 10.921746802, 37.2512492978, 31.6866250835, 8.2543597365, 3.7645305492, 1.0011303431, 61.5235336628, 33.2955794995, 15.7807086881, 4.3012948177, 55.2231839549, 37.4370857607, 12.5189360893, 95.8018270221, 110.048389359, 0],
      [3.0463312058, 0.5055155096, 0.70495850659, 3.1530535366, 5.2439583439, 11.78409102, 0.58696718002, 0.41741806341, 46.8514658853, 4.3880610827, 6.749136251, 1.5358606626, 0.6309577361, 0, 2.6847463292, 6.5134374668, 1.8128184641, 0.89684823525, 2.2597749724, 6.3997780318, 2.8181231442, 2.8247431525, 3.1129968819, 9.3200128319, 3.0837252146, 0, 0, 1.0291693141, 0.13995607398, 0.25109390348, 3.4100876325, 0, 0.40963910608, 0, 3.9893501223, 6.7894934574, 3.5107599411, 2.4300411867, 2.0544575151, 6.0836349101, 3.5915609129, 1.3283900086, 5.3955452349, 4.2534386225, 7.9425423663, 1.9741625312, 4.9927958783, 6.0390136403, 2.182020656, 1.146603253, 0.16866526025, 10.7004757308, 4.2146404793, 3.3553348209, 1.8314821209, 10.8745649251, 7.2986680649, 7.4819716067, 29.9287744113, 34.4947112906, 0]
    ],
    [
      [19.4448381136, 15.1825708137, 16.4360016596, 128.7370953435, 260.6657242641, 574.8547249104, 106.9188360245, 32.7164699357, 1642.2798567462, 206.386481548, 241.2929484228, 13.891345153, 5.5142611754, 0, 152.1852933142, 86.7668582128, 43.0220898183, 7.5196206105, 6.5992345412, 149.8809529144, 93.6404774625, 37.6982715352, 46.4182893917, 453.4994477306, 96.9031253392, 6.303355105, 5, 33.837831695, 22.7828323745, 18.3518474324, 96.1434754986, 31.230266074, 11.7639249937, 18.3815813211, 228.3592200371, 323.0988138393, 90.956719824, 159.86657543, 68.9355461407, 174.1695292288, 97.4210737441, 57.7268092132, 177.995206702, 238.8746750302, 354.5012004809, 54.6658682085, 135.5442464003, 198.805003008, 80.3189393063, 0, 12.0904325182, 327.9374949001, 291.1897811043, 128.8474064077, 0, 331.0385037625, 184.7174949946, 165.6504739497, 1041.0673083501, 885.8507810206, 0],
      [2.7939486661, 2.4666690819, 2.0537448475, 8.8834786211, 15.1090768667, 27.4093003859, 6.037104012, 2.9410700306, 80.6214676836, 20.2788209934, 15.5349162626, 1.1790626168, 0.44439801535, 0, 8.3110582251, 6.6933895507, 4.1221795082, 0.30424667727, 0.31117032373, 20.1070077032, 9.9909402546, 3.6809362127, 5.8734725484, 27.3112279285, 6.1088202758, 0, 0, 3.4374352858, 0.42678284675, 0.90790119141, 7.8524310711, 2.4388826345, 0.32753006543, 1.4889853307, 9.1149606698, 14.2067401211, 4.9192244788, 10.1979984081, 1.8274846383, 13.5441665839, 5.2731879068, 2.0748309978, 8.1248111532, 14.0139438473, 19.5289929614, 8.6676560043, 7.5609382, 12.099735499, 2.5547481476, 0.73216621122, 0.22976777222, 17.2990356199, 19.9124537598, 13.9930244563, 0, 18.1974528525, 14.5212743286, 9.4992930151, 55.5985478275, 44.9131903086, 0],
      [0.17549935922, 0.62740140996, 1.6898209543, 5.5593128385, 5.8424324993, 19.4116376849, 2.1010808882, 0.66352292209, 73.5200597946, 12.4533028252, 15.0665150795, 0, 0.15794307782, 0, 10.5466403881, 3.8356642492, 3.8967374941, 0.13243701943, 0.29109701585, 14.0161326216, 4.0205014704, 1.8566606817, 3.9481460653, 9.5704585118, 6.7086514408, 0, 0, 2.5500355323, 0.71759761601, 0.043756522645, 1.4055668409, 1.3308512915, 0.041897999314, 0.12943334823, 11.1201164995, 14.9306549303, 4.0291813876, 12.7144197052, 3.2750148929, 12.0815525525, 5.1707850989, 2.7267649977, 9.5302816006, 12.3254305141, 13.3197376265, 4.296776684, 8.8479572883, 9.1701731005, 2.0726744632, 0.048275415024, 0.18978864709, 13.5939245322, 17.6582340701, 5.2961039893, 0, 14.7736665477, 10.3420380377, 4.7198386909, 25.43293332, 28.1536477419, 0],
      [7.585713861, 6.7233586944, 3.8204325386, 10.8201131969, 25.3827663698, 51.3243370188, 3.9429790754, 1.6789371116, 153.5786157757, 28.8813946333, 32.1056202351, 1.9295922302, 0.88339773138, 0, 8.9570080726, 19.7040879873, 7.9589931794, 1.0436956928, 1.7984981193, 30.9959067609, 11.3480808125, 6.7641315704, 6.7600919946, 41.6188658291, 13.2794029441, 0.69664489503, 0, 3.1746974868, 3.0727871628, 1.6964948535, 12.5985265894, 0, 1.8666469416, 0, 22.4057027936, 33.7637911093, 11.0948743097, 19.2210064567, 7.9619543282, 25.2047516348, 9.1349532502, 5.4715947913, 23.3497005442, 17.7859506084, 38.6500689313, 11.3696991032, 18.0468581114, 24.9250883925, 8.053638083, 0.21955837376, 0.49001106252, 33.1695449478, 32.2395310659, 16.8634651467, 0, 40.9903768373, 28.4191926391, 36.1303943443, 124.9012105024, 124.0823809288, 0]
    ],
    [
      [4.50794438, 0.97614887732, 0.60600104246, 10.8154578936, 11.6540961752, 20.3470696689, 2.4494563801, 0.4204408388, 61.9322754109, 5.7088341699, 7.5293146714, 0.70023431365, 0.37488962745, 0, 11.5744606969, 6.610789979, 2.2969103199, 0.2578009399, 0.76087826061, 5.5185643793, 5.3435173088, 2.2312771668, 2.0587591184, 10.7520355055, 3.7303263815, 0.81927652232, 1.0365043313, 0.52067137258, 0.22438250309, 0.11405969995, 1.8324583345, 0.10567503227, 0.085210385144, 0.070868030092, 6.5178229533, 8.4644446675, 3.4046091362, 3.5404737363, 1.9003690917, 5.2746841658, 3.7523582333, 2.3651810321, 9.7539945682, 3.9775580536, 9.7576151473, 1.1909438977, 5.2620369409, 3.4836048745, 3.672541907, 0, 2.4789440512, 17.1589467781, 4.9414734108, 4.6837679972, 0, 9.0988552685, 6.7736090225, 9.4173503026, 32.8272878224, 26.9661455, 0],
      [30.8014116728, 29.8546316487, 107.7239947867, 637.4223485404, 547.2905280437, 829.2208215883, 83.9000838688, 26.8696354102, 2571.4570844263, 483.572573926, 427.1013274409, 85.0582098174, 45.5103825218, 7.8826763739, 380.8530930034, 345.1371524734, 213.4654814492, 21.6805852096, 29.4945390821, 580.987426908, 533.5133533627, 212.2317091136, 358.6065405405, 499.6564475211, 210.1535754823, 1, 3.9634956687, 54.3129381962, 11.3470980493, 9.44334726, 116.1452906791, 6.6474384891, 8.2047892856, 5.8625162668, 211.3733723814, 328.2171426537, 182.9739239727, 132.6178502206, 41.6498149759, 364.5241044981, 181.9262323488, 78.2727446593, 363.8031824065, 184.5844848603, 486.9280573058, 92.8924525034, 245.909856559, 203.4074518749, 116.0039595526, 38.680336502, 58.4845209792, 807.1724681632, 295.9571254459, 435.5023190279, 9.1327769386, 457.1793986259, 474.2641478619, 241.8243223521, 1413.3132764089, 1086.7535797612, 4],
      [1.0099637504, 0.55433883273, 7.5870976931, 34.7218769556, 18.4680043293, 50.8521941278, 2.977181464, 0.55233447261, 204.7436041806, 25.5662282293, 35.940185717, 0, 0.96034343277, 1.1173236261, 45.0992965097, 17.256500178, 17.0825846167, 0.59659229735, 2.2805813681, 35.0079883086, 16.350614778, 8.8151927353, 21.1895838655, 17.2666588218, 19.8822316078, 0, 0, 3.3702572322, 0.70613491582, 0.15416904999, 2.0851097751, 0.24688647866, 0.17008465882, 0.066615703063, 24.6112306318, 30.1957712237, 12.590751152, 19.8883376518, 7.9837472231, 27.8991817798, 15.2926814144, 9.2535413731, 39.2278215676, 14.2085516302, 28.6123575069, 3.7272703857, 25.7836835688, 13.0563853352, 7.6410899591, 0.18159866927, 3.8065691163, 54.733130278, 22.8415688921, 12.833332359, 0.69870518231, 31.8279062363, 29.0839734085, 12.7175386353, 60.2232677761, 61.3425645634, 0],
      [4.6806801968, 0.61488064126, 4.0829064777, 13.0403166103, 18.5873714518, 29.5799146151, 0.67327828719, 0.15758927841, 93.8670359821, 13.1523636747, 17.4291721708, 3.241555869, 2.154384418, 0, 5.4731497899, 16.9955573696, 8.1550236142, 1.4650215532, 2.4640012892, 16.4860204041, 10.7925145506, 7.7218209842, 7.1451164756, 15.3248581515, 9.2338665283, 0.18072347768, 0, 0.79613319903, 0.72238453182, 0.28842399007, 3.9371412113, 0, 0.53991567047, 0, 10.4975740335, 15.1226414551, 8.0307157392, 5.9533383913, 3.4660687093, 13.3020295563, 6.0287280035, 4.1085329355, 21.2150014577, 4.229405456, 18.70197004, 2.1893332132, 12.0444229313, 8.0525579154, 6.6824085813, 1.1380648287, 2.2299658533, 29.9354547807, 9.2598322512, 9.9805806159, 1.1685178791, 19.8938398693, 17.8782697071, 17.0407887099, 63.6361679926, 57.9377101754, 0]
    ],
    [
      [0.29975876125, 0.68465081906, 0.51087613697, 3.6499311381, 25.2158084637, 36.1533983415, 4.8488219174, 3.8104305046, 136.2632451953, 16.9949406186, 11.1949709483, 0.63278240805, 0.59668721589, 0, 9.3764807793, 9.1996007858, 5.1729392895, 1.320231166, 0.48594127612, 10.7618092838, 10.4118238127, 4.6568345658, 4.2359843841, 29.8403645982, 7.8426781751, 0.87736837271, 0, 0, 2.8092908877, 3.0511040586, 9.8892638708, 0.92077433182, 2.6973520231, 0, 19.702589492, 22.1819210316, 6.1330811317, 14.3487966621, 4.2914192913, 13.9575470479, 10.862148001, 3.7005107247, 16.8210530946, 18.6576880578, 25.2521204403, 3.6611968552, 9.3008601182, 10.0999762161, 6.5927984589, 0, 0.8620968661, 19.291109969, 17.8833721885, 11.4765268555, 0, 21.0296648251, 13.0779999951, 8.09681155, 116.8478891767, 76.0474928228, 0],
      [0.012323431891, 0.15335254888, 0.087489145344, 0.33404585868, 1.8880286597, 2.3059266572, 0.33419916232, 0.42815626268, 8.8900628979, 2.2348730687, 0.95640683342, 0.072056676443, 0.06867251402, 0, 0.61083630901, 0.93711306343, 0.66599622471, 0.08116154459, 0.032152341775, 1.9314581419, 1.4627834975, 0.61077823861, 0.71473620208, 2.2910713088, 0.65128773691, 0, 0, 0, 0.10953685521, 0.18460081176, 1.0262182268, 0.073711366316, 0.11884969505, 0, 1.0037450031, 1.2999511118, 0.45254868547, 1.018972354, 0.14672174798, 1.4510163062, 0.78493281222, 0.17360787588, 0.9679021438, 1.4313981087, 1.8646802133, 0.81779186407, 0.6661069577, 0.82986725134, 0.2933930202, 0.49863108894, 0.024033416513, 1.3649539633, 1.6260140697, 1.6329987644, 0, 1.5538735455, 1.381227623, 0.5126565266, 8.0762918477, 5.0119112365, 0],
      [0.00064307049951, 0.0057514773626, 0.0099322405011, 0.029506346942, 0.11025904213, 0.22901765502, 0.020203462867, 0.015357686154, 1.1438095499, 0.19200570352, 0.13255087516, 0.0021696772857, 0.0033801555854, 0, 0.12758710349, 0.076368974549, 0.087899743564, 0.0041727707096, 0.0041807629067, 0.18843777103, 0.084111197067, 0.043082902739, 0.067484765833, 0.13230090561, 0.10302877501, 0, 0, 0, 0.016300025672, 0.000307876763, 0.030273335552, 0.0055143018595, 0, 0, 0.18629245424, 0.19405387833, 0.050720172844, 0.23661701871, 0.044339513362, 0.18185274708, 0.10816135334, 0.03439913478, 0.17129199849, 0.17970852036, 0.17778068389, 0.054206128262, 0.11710984512, 0.086816480788, 0.031875841256, 0.0055953665247, 0.002511893486, 0.14941152702, 0.20461753834, 0.089854963644, 0, 0.17524326113, 0.13690279304, 0.043686584426, 0.54197188184, 0.45539833563, 0],
      [0.68727473636, 1.1562451547, 0.39170247719, 0.98651665624, 7.7859038345, 10.3116573462, 0.79677545744, 0.74605554659, 40.702882357, 7.5781806092, 4.7160713431, 0.29299123822, 0.33126011451, 0, 1.8850958082, 6.7869171762, 3.0731647422, 0.59443451873, 0.4777256192, 7.1182948032, 4.0412814927, 2.6893042929, 1.981794648, 8.7362631875, 3.4030053129, 0.12263162729, 0, 0, 1.0648722314, 0.7639872529, 4.0542445668, 0, 1.1837982819, 0, 6.1073730507, 7.3240739783, 2.36365001, 5.3956139653, 1.5175194474, 6.4095838988, 3.2447578335, 1.0914822647, 7.0397527631, 4.7312053131, 8.7054186624, 2.4668051524, 3.915923079, 3.9833400518, 2.0819326796, 0.49577354454, 0.1113578239, 6.1945245407, 6.2859962035, 4.8006194165, 0, 8.2412183683, 6.4038695889, 6.346845339, 44.5338470937, 34.4851976052, 0]
    ]
  ],
  "prob": [
    [0.14683475293, 0.15697349703, 0.58581816304, 0.110373587],
    [0.82096080071, 0.048830444561, 0.035065005303, 0.095143749426],
    [0.018288325682, 0.89083792712, 0.057383811173, 0.033489936028],
    [0.68486944768, 0.053283316295, 0.0054203140126, 0.25642692202]
  ],
  "iterations": 92,
  "logLik": -708.7788547278,
  "time": 0.420297,
  "message": "Converged",
  "status": 0,
  "miniter": 0,
  "maxiter": 1000,
  "maxtime": 3600,
  "param_threshold": 0.001,
  "ll_threshold": "-Inf",
  "initial_prob": "group_proportional",
  "adjust_prob_cond_method": "project_lp",
  "adjust_prob_cond_every": false,
  "candidates_id": ["Labour Party.p", "National Party.p", "New Zealand First Party.p", "Other parties votes.p"],
  "group_id": ["GREENING, Tiri Toa ote Rangi Cornelius Thomas.c", "PABLA, Jesse.c", "COLLINS, Judith Anne.c", "Other candidates votes.c"]
}
