{
  "X": [
    [8, 6, 21, 27, 1],
    [30, 20, 60, 206, 18],
    [20, 14, 48, 171, 7],
    [8, 12, 18, 93, 2],
    [37, 62, 74, 332, 25],
    [3, 17, 3, 84, 10],
    [115, 219, 166, 637, 54],
    [25, 49, 30, 152, 13],
    [26, 42, 25, 122, 9],
    [2, 2, 0, 6, 0],
    [158, 409, 390, 1614, 165],
    [17, 31, 35, 149, 12],
    [21, 34, 32, 179, 17],
    [3, 6, 7, 33, 3],
    [1, 13, 7, 26, 4],
    [41, 20, 100, 241, 14],
    [54, 99, 117, 408, 34],
    [9, 8, 6, 27, 2],
    [153, 531, 338, 2137, 266],
    [6, 4, 8, 55, 6],
    [36, 36, 77, 285, 30],
    [6, 22, 15, 83, 10],
    [21, 35, 48, 224, 19],
    [174, 807, 350, 2213, 281],
    [32, 86, 48, 296, 37],
    [18, 23, 27, 124, 14],
    [12, 17, 20, 137, 7],
    [10, 9, 31, 104, 2],
    [29, 29, 132, 157, 10],
    [2, 6, 0, 26, 2],
    [0, 1, 3, 13, 1],
    [3, 3, 2, 15, 0],
    [42, 47, 79, 239, 31],
    [33, 32, 80, 200, 9],
    [294, 301, 775, 2568, 250],
    [5, 6, 19, 42, 4],
    [3, 2, 9, 55, 2],
    [16, 22, 27, 117, 12],
    [1, 2, 4, 15, 2],
    [0, 3, 0, 5, 2],
    [7, 11, 10, 41, 6],
    [1, 1, 0, 4, 0],
    [12, 28, 24, 144, 24],
    [25, 40, 22, 103, 12],
    [7, 92, 34, 149, 14],
    [16, 28, 22, 131, 15],
    [0, 5, 3, 32, 1],
    [6, 24, 13, 102, 19],
    [1, 0, 2, 11, 0],
    [1, 0, 1, 3, 5],
    [74, 103, 106, 375, 30],
    [13, 21, 32, 108, 15],
    [116, 89, 215, 486, 43],
    [78, 107, 152, 450, 30],
    [3, 3, 15, 17, 1],
    [84, 82, 98, 327, 28],
    [37, 42, 61, 128, 15],
    [12, 39, 19, 91, 2],
    [4, 2, 1, 6, 1],
    [31, 27, 61, 147, 14],
    [17, 14, 33, 91, 12],
    [4, 17, 13, 59, 9],
    [2, 6, 9, 26, 3],
    [7, 4, 14, 38, 7],
    [2, 8, 0, 32, 6],
    [22, 37, 30, 97, 14],
    [42, 102, 54, 254, 25],
    [32, 45, 32, 156, 22],
    [23, 16, 44, 106, 12],
    [37, 92, 73, 238, 37],
    [21, 41, 49, 160, 16],
    [35, 92, 77, 287, 41],
    [4, 1, 0, 8, 1],
    [10, 28, 14, 94, 9],
    [4, 17, 4, 36, 8],
    [10, 25, 10, 45, 5],
    [23, 45, 44, 132, 20],
    [8, 17, 6, 44, 13],
    [17, 12, 22, 88, 7],
    [6, 20, 7, 72, 9],
    [7, 0, 1, 7, 4],
    [41, 67, 47, 268, 37],
    [9, 37, 13, 83, 14],
    [31, 98, 28, 240, 47],
    [33, 94, 32, 245, 44],
    [21, 46, 29, 131, 23],
    [6, 38, 15, 81, 11],
    [3, 30, 15, 54, 7],
    [18, 17, 17, 84, 8],
    [21, 1, 19, 80, 8],
    [1, 5, 4, 11, 0],
    [8, 3, 8, 13, 3],
    [2, 1, 5, 10, 0],
    [5, 4, 5, 9, 6],
    [0, 3, 4, 9, 0],
    [22, 16, 43, 95, 6],
    [37, 25, 71, 177, 20],
    [29, 31, 50, 194, 33],
    [9, 14, 17, 53, 4],
    [10, 15, 21, 73, 11],
    [28, 25, 36, 165, 18],
    [2, 1, 1, 2, 0],
    [2, 0, 1, 4, 3],
    [18, 49, 34, 148, 27],
    [31, 73, 18, 71, 13],
    [11, 144, 31, 158, 23],
    [13, 113, 25, 135, 19],
    [19, 51, 13, 137, 19],
    [1, 2, 4, 38, 3],
    [3, 20, 16, 75, 18],
    [5, 1, 5, 6, 2],
    [1, 5, 6, 5, 1],
    [9, 2, 18, 36, 5],
    [4, 2, 7, 19, 1],
    [2, 3, 3, 13, 0],
    [4, 9, 0, 20, 2],
    [2, 4, 0, 12, 2],
    [19, 43, 30, 133, 9],
    [155, 154, 481, 1171, 66],
    [268, 491, 618, 2166, 299],
    [147, 236, 269, 946, 164],
    [2, 4, 2, 14, 1]
  ],
  "W": [
    [3, 31, 17, 5, 7],
    [7, 114, 176, 18, 19],
    [3, 98, 132, 17, 10],
    [3, 47, 67, 10, 6],
    [14, 153, 280, 57, 26],
    [11, 7, 63, 22, 14],
    [60, 320, 565, 168, 78],
    [15, 69, 122, 45, 18],
    [12, 56, 108, 35, 13],
    [1, 3, 4, 1, 1],
    [86, 599, 1515, 379, 157],
    [11, 66, 129, 25, 13],
    [5, 53, 165, 32, 28],
    [3, 10, 31, 5, 3],
    [2, 6, 29, 11, 3],
    [12, 222, 137, 22, 23],
    [20, 143, 398, 107, 44],
    [2, 15, 24, 8, 3],
    [118, 546, 2040, 483, 238],
    [2, 19, 47, 6, 5],
    [14, 142, 244, 30, 34],
    [3, 23, 76, 25, 9],
    [17, 79, 212, 25, 14],
    [175, 499, 2191, 740, 220],
    [16, 75, 292, 82, 34],
    [5, 48, 118, 21, 14],
    [3, 57, 109, 15, 9],
    [2, 62, 81, 8, 3],
    [11, 186, 115, 24, 21],
    [1, 9, 17, 7, 2],
    [1, 9, 8, 0, 0],
    [0, 9, 12, 2, 0],
    [11, 135, 221, 39, 32],
    [6, 117, 173, 35, 23],
    [91, 1334, 2208, 286, 269],
    [0, 33, 33, 8, 2],
    [2, 17, 46, 3, 3],
    [7, 52, 103, 16, 16],
    [1, 5, 13, 3, 2],
    [1, 1, 5, 3, 0],
    [1, 13, 40, 13, 8],
    [0, 3, 2, 1, 0],
    [9, 35, 141, 31, 16],
    [13, 62, 85, 36, 6],
    [29, 44, 143, 75, 5],
    [9, 46, 118, 27, 12],
    [1, 4, 30, 2, 4],
    [4, 20, 99, 22, 19],
    [0, 3, 9, 1, 1],
    [0, 2, 2, 0, 6],
    [32, 185, 332, 95, 44],
    [13, 66, 78, 23, 9],
    [22, 369, 411, 81, 66],
    [35, 264, 373, 94, 51],
    [1, 21, 13, 2, 2],
    [29, 208, 265, 71, 46],
    [21, 89, 123, 36, 14],
    [5, 23, 93, 38, 4],
    [0, 3, 6, 3, 2],
    [13, 108, 114, 21, 24],
    [7, 52, 77, 17, 14],
    [6, 24, 48, 17, 7],
    [2, 16, 21, 4, 3],
    [2, 16, 36, 6, 10],
    [2, 7, 20, 11, 8],
    [7, 47, 98, 30, 18],
    [39, 89, 236, 85, 28],
    [14, 58, 149, 48, 18],
    [5, 54, 109, 15, 18],
    [26, 74, 248, 80, 49],
    [16, 66, 154, 35, 16],
    [22, 109, 280, 78, 43],
    [1, 6, 4, 0, 3],
    [10, 22, 85, 26, 12],
    [2, 13, 31, 14, 9],
    [5, 28, 33, 24, 5],
    [9, 51, 130, 42, 32],
    [8, 14, 38, 14, 14],
    [4, 53, 71, 10, 8],
    [6, 17, 64, 14, 13],
    [0, 2, 5, 10, 2],
    [34, 84, 242, 59, 41],
    [9, 20, 78, 30, 19],
    [24, 35, 232, 109, 44],
    [36, 55, 237, 89, 31],
    [17, 30, 136, 50, 17],
    [7, 22, 84, 30, 8],
    [8, 18, 53, 23, 7],
    [5, 33, 73, 17, 16],
    [3, 53, 55, 8, 10],
    [2, 8, 6, 4, 1],
    [1, 10, 15, 4, 5],
    [0, 7, 10, 1, 0],
    [3, 10, 5, 3, 8],
    [1, 4, 8, 1, 2],
    [6, 60, 82, 16, 18],
    [8, 130, 142, 31, 19],
    [12, 78, 176, 34, 37],
    [4, 29, 47, 10, 7],
    [1, 42, 52, 22, 13],
    [7, 62, 138, 29, 36],
    [0, 0, 4, 1, 1],
    [1, 1, 6, 2, 0],
    [11, 33, 147, 64, 21],
    [14, 40, 75, 63, 14],
    [48, 32, 162, 108, 17],
    [27, 31, 133, 97, 17],
    [13, 26, 124, 55, 21],
    [0, 5, 38, 2, 3],
    [4, 17, 82, 15, 14],
    [1, 8, 6, 1, 3],
    [2, 7, 6, 1, 2],
    [1, 20, 34, 8, 7],
    [1, 9, 15, 3, 5],
    [0, 8, 7, 5, 1],
    [1, 8, 14, 9, 3],
    [1, 4, 8, 5, 2],
    [14, 57, 117, 34, 12],
    [31, 600, 1128, 149, 119],
    [114, 841, 2087, 483, 317],
    [93, 317, 928, 222, 202],
    [0, 2, 13, 6, 2]
  ],
  "method": "mult",
  "cond_prob": [
    [
      [0.055503863678, 0.82595916048, 0.0013350682125, 0.099967936518, 0.017233971117],
      [0.15276362386, 0, 0.54478639806, 0.30244997808, 0],
      [0.01082267193, 0, 0.13072308572, 0.85845424235, 0],
      [0.052195694537, 0.70442450371, 0.1320157941, 0.083774181923, 0.027589825727],
      [0.37897888199, 0, 0.17503500395, 0.3302219772, 0.11576413686]
    ],
    [
      [0.060340339517, 0.74168763409, 0.00095109202336, 0.1132103497, 0.083810584676],
      [0.19208042005, 9.9345442276e-05, 0.41830533338, 0.38914978226, 0.00036511886569],
      [0.010393618169, 0.0094767924339, 0.063595995512, 0.87906179432, 0.037471799561],
      [0.054727057162, 0.72517625156, 0.00010333580743, 0.091513094162, 0.1284802613],
      [0.25610978478, 0.0039880623399, 0.058514689247, 0.23591267782, 0.44547478581]
    ],
    [
      [0.057217399384, 0.747774557, 0.0010305768252, 0.13772260556, 0.056254861236],
      [0.16425273652, 0, 0.40884516023, 0.42668186314, 0.00022024011494],
      [0.00098123192979, 0, 0.054725510895, 0.92950348483, 0.014789772347],
      [0.052914539531, 0.68896646678, 0.00011417712196, 0.16995825881, 0.088046557763],
      [0.2702509836, 0.0044246393824, 0.070437411812, 0.31882591987, 0.33606104533]
    ],
    [
      [0.035874117963, 0.82423225272, 0.00062508470099, 0.11689984487, 0.022368699743],
      [0.12592857422, 0.00013385757122, 0.34909327755, 0.52472270946, 0.00012158119932],
      [0, 0.017103539251, 0.017618532915, 0.96144276354, 0.0038351642931],
      [0.033643058186, 0.83296000119, 7.0240619051e-05, 0.097717940881, 0.03560875912],
      [0.27288401262, 0.0075791323728, 0.068266098285, 0.43224809246, 0.21902266426]
    ],
    [
      [0.047423410349, 0.78154513777, 0.00076711107873, 0.10740437795, 0.062859962847],
      [0.17593915548, 0.00012479053052, 0.39297149596, 0.4306444123, 0.00032014574183],
      [0.0016900264837, 0.024700172553, 0.044071896426, 0.90144604337, 0.028091861169],
      [0.043421258945, 0.77166636147, 8.4135982474e-05, 0.087645071784, 0.097183171814],
      [0.2488139343, 0.0053170846523, 0.058449800513, 0.27719547665, 0.41022370388]
    ],
    [
      [0.030723444736, 0.69354320349, 0.00045553708115, 0.18802726474, 0.087250549949],
      [0.10350902192, 9.7470786272e-05, 0.21902892227, 0.67696843454, 0.00039615048212],
      [0, 0, 0.01707589733, 0.98292410267, 0],
      [0.0054173306172, 0.42360138549, 4.9892886009e-05, 0.45069108784, 0.12024030317],
      [0.12987840578, 0.0036508560936, 0.027493390067, 0.38239276038, 0.45658458768]
    ],
    [
      [0.057435901527, 0.80577591186, 0.00074875732367, 0.090358383205, 0.045681046083],
      [0.22208167141, 0.00013550887446, 0.39944473549, 0.37809478188, 0.00024330234887],
      [0.0093958619092, 0.062764649704, 0.058639419943, 0.84551995174, 0.0236801167],
      [0.052979926268, 0.80157407454, 8.272867611e-05, 0.074280932269, 0.071082338249],
      [0.3369028393, 0.0062001390213, 0.06394344255, 0.26141278782, 0.33154079131]
    ],
    [
      [0.061644184321, 0.77662520619, 0.00069269762333, 0.10959903295, 0.051438878913],
      [0.22339765015, 0.00012040601337, 0.34772756311, 0.42849956648, 0.00025481425576],
      [0.0022734335359, 0.020291045338, 0.041361015036, 0.91525365978, 0.020820846315],
      [0.056874080669, 0.77271991749, 7.6563343366e-05, 0.090123501213, 0.080205937281],
      [0.32356704743, 0.0052450040931, 0.052606583134, 0.2818355762, 0.33674578915]
    ],
    [
      [0.075166404252, 0.78701879567, 0.00064982608813, 0.094705153853, 0.042459820132],
      [0.28111830853, 0.00012518023899, 0.33690355953, 0.38163647307, 0.00021647863207],
      [0.015157308202, 0.046091371091, 0.050590226783, 0.86577540263, 0.022385691293],
      [0.069586559934, 0.78572040837, 7.2073743621e-05, 0.078144798507, 0.066476159444],
      [0.4063737683, 0.0054370759779, 0.05071812922, 0.25023724844, 0.28723377806]
    ],
    [
      [0.058505864457, 0.88001591165, 0, 0.061478223889, 0],
      [0.39382023637, 0.022895422985, 0, 0.58328434064, 0],
      [0, 0.038322197972, 0, 0.96167780203, 0],
      [0.055554607926, 0.89234919849, 0, 0.052096193582, 0],
      [0.7044788185, 0.0056598290134, 0, 0.28986135248, 0]
    ],
    [
      [0.043601682878, 0.7864874374, 0.00093363842138, 0.10014748479, 0.068829756515],
      [0.15522329682, 0.00012212082943, 0.45833067975, 0.38598597684, 0.00033792575535],
      [0.0070560099165, 0.031331666471, 0.068816783767, 0.86011566111, 0.032679878734],
      [0.039737540874, 0.77302968171, 0.0001019187003, 0.081342199098, 0.10578865961],
      [0.2262491558, 0.0053707384263, 0.070596021225, 0.25654647221, 0.44123761234]
    ],
    [
      [0.04811071344, 0.78363753429, 0.00082253298763, 0.10504394523, 0.06238527406],
      [0.17475277581, 0.00012047895147, 0.41358844453, 0.41122925611, 0.00030904459416],
      [0.0042967170421, 0.022984793, 0.053343525091, 0.89190534989, 0.027469614973],
      [0.044044240001, 0.77355955472, 9.021335682e-05, 0.085712391544, 0.09659360038],
      [0.25243972696, 0.005231411319, 0.062349594407, 0.26959890569, 0.41038036162]
    ],
    [
      [0.0521132315, 0.79220450257, 0.00077112603675, 0.10118620938, 0.05372493052],
      [0.19430664599, 0.00012526360022, 0.39853698929, 0.40675718206, 0.00027391906384],
      [0.0050076856503, 0.02871033879, 0.055402484288, 0.88848333324, 0.022396158028],
      [0.047925826358, 0.78557712907, 8.4958315889e-05, 0.082940705819, 0.083471380434],
      [0.28861739391, 0.0055951602026, 0.061769834426, 0.27436020473, 0.36965740673]
    ],
    [
      [0.049599523919, 0.77020564017, 0.00097714706129, 0.10767823392, 0.071539454931],
      [0.16471128787, 0, 0.459390711, 0.37559004046, 0.00030796068133],
      [0.0084557051723, 0, 0.070864833317, 0.89257373151, 0.028105730003],
      [0.045165282274, 0.73543642937, 0.0023371044353, 0.10564718638, 0.11141399754],
      [0.23871175929, 0.0040669775377, 0.064888697949, 0.24101442836, 0.45131813687]
    ],
    [
      [0.015947351683, 0.84062042971, 0.0011053313347, 0.075970870818, 0.066356016452],
      [0.062566449681, 0.00012752928653, 0.62602197753, 0.31094791036, 0.00033613314575],
      [0.004047561895, 0.078046775429, 0.10138920351, 0.77980452273, 0.036711936434],
      [0.014443775983, 0.82143137868, 0.00012009506112, 0.061385889081, 0.10261886119],
      [0.10548192259, 0.0062974373062, 0.10001650825, 0.23093161901, 0.55727251284]
    ],
    [
      [0.0585287733, 0.71141302296, 0.0011375912341, 0.15489583187, 0.074024780632],
      [0.14657961117, 0, 0.40660266999, 0.44681771884, 0],
      [0.0078959466442, 0, 0.059608058659, 0.91883364483, 0.013662349865],
      [0.053757299408, 0.52104744202, 0.00012515848445, 0.31017896031, 0.11489113977],
      [0.2388076419, 0, 0.067456462787, 0.31493782462, 0.37879807069]
    ],
    [
      [0.064368864308, 0.77078116173, 0.0012442780526, 0.10672981978, 0.056875876126],
      [0.18302441003, 9.4890651745e-05, 0.48860558554, 0.32805278631, 0.00022232746579],
      [0.016289517746, 0.0038239703205, 0.10863222025, 0.8502313234, 0.021022968291],
      [0.059224013511, 0.7648084312, 0.00013713434698, 0.087519189694, 0.08831123125],
      [0.3118166948, 0.0048719335561, 0.08759587894, 0.2544826171, 0.3412328756]
    ],
    [
      [0.10512156646, 0.7601257613, 0.00060809807316, 0.091303917834, 0.04284065633],
      [0.36532773548, 0.00010142400157, 0.29778538982, 0.33659069452, 0.00019475618576],
      [0.044186808239, 0.016352786248, 0.058859033253, 0.85675043111, 0.023850941149],
      [0.097415943854, 0.75920933458, 6.7566177589e-05, 0.075438003895, 0.06786915149],
      [0.49000996211, 0.00402852358, 0.039615209712, 0.20100578958, 0.26534051502]
    ],
    [
      [0.037213791385, 0.78098245634, 0.00076379893077, 0.10219635341, 0.07884359994],
      [0.14690040027, 0.0001345352737, 0.41576985183, 0.43676591052, 0.0004293021047],
      [0.0035285616365, 0.033777168766, 0.047757007164, 0.87534577422, 0.03959148821],
      [0.033720213602, 0.76319662853, 8.2897547497e-05, 0.082527723154, 0.12047253717],
      [0.18872279479, 0.0052152018174, 0.056450413844, 0.25588392209, 0.49372766746]
    ],
    [
      [0.076776983708, 0.64159595025, 0.00083488191407, 0.15257108664, 0.1282210975],
      [0.21562740816, 0, 0.32773746994, 0.45608824832, 0.00054687358414],
      [0.0035702231943, 0, 0.033849019355, 0.91918782175, 0.043392935698],
      [0.068411134868, 0.45095024369, 8.9171977425e-05, 0.28607772765, 0.19447172181],
      [0.23425159564, 0.002221327478, 0.035975873163, 0.22217742408, 0.50537377964]
    ],
    [
      [0.051325221647, 0.75370554506, 0.0009243126165, 0.11116824219, 0.082876678482],
      [0.17149493134, 0.00010761034558, 0.4265763885, 0.40144099455, 0.00038007526072],
      [0.0070709952581, 0.013050555812, 0.05888696128, 0.88289657631, 0.038094911338],
      [0.046526728356, 0.73669661827, 0.00010037052161, 0.089814592439, 0.12686169042],
      [0.22964829274, 0.0043413980561, 0.060052434947, 0.24464179381, 0.46131608045]
    ],
    [
      [0.03785120874, 0.77270977221, 0.00089081327101, 0.11051930617, 0.078028899611],
      [0.13484702007, 0.00011463543091, 0.44299118712, 0.421671897, 0.00037526037834],
      [0.0032313630507, 0.0096237245918, 0.055798377247, 0.89951825083, 0.03182828428],
      [0.034348438745, 0.75620388746, 9.6871968758e-05, 0.089406689628, 0.1199441122],
      [0.18674115019, 0.0047482014347, 0.06282575405, 0.26349268296, 0.48219221137]
    ],
    [
      [0.051500443797, 0.75940503375, 0.00090711621761, 0.10700728983, 0.081180116397],
      [0.1761138694, 0.00011055182669, 0.42880443725, 0.39459165379, 0.00037948773273],
      [0.0082926071152, 0.016322109752, 0.062589891712, 0.87500631131, 0.037789080111],
      [0.046688162671, 0.74236162952, 9.8517166553e-05, 0.086464157211, 0.12438753343],
      [0.23473285695, 0.0044323447435, 0.059822036377, 0.23894239256, 0.46207036936]
    ],
    [
      [0.040850441047, 0.78798393276, 0.00079989149112, 0.097743332867, 0.072622401834],
      [0.15887944359, 0.00013380912264, 0.42901756437, 0.41157956471, 0.00038961819624],
      [0.0060061136561, 0.043961753212, 0.055828815705, 0.85645040501, 0.037752912421],
      [0.03712522898, 0.7723283848, 8.7072195594e-05, 0.079165810981, 0.11129350304],
      [0.21335575453, 0.0054219771596, 0.060885844234, 0.2520508021, 0.46828562197]
    ],
    [
      [0.053440279397, 0.77624867413, 0.00076191268692, 0.097131235135, 0.07241789865],
      [0.20255206908, 0.00012691024769, 0.39947725475, 0.39746718098, 0.00037658494749],
      [0.010316452892, 0.037559810347, 0.055371225035, 0.85680317533, 0.039949336395],
      [0.048603521035, 0.76139144706, 8.3010556485e-05, 0.078735410539, 0.11118661081],
      [0.26340168762, 0.004968813668, 0.054465021037, 0.23508914129, 0.44207533639]
    ],
    [
      [0.06131301409, 0.76701808447, 0.00078704900232, 0.095941330096, 0.074940522342],
      [0.22391827944, 0.00011727556408, 0.3984996244, 0.37709232474, 0.0003724958569],
      [0.014997931332, 0.028120934366, 0.060382511169, 0.85364708143, 0.042851541701],
      [0.055704598112, 0.75133382931, 8.5671265734e-05, 0.077694244615, 0.1151816567],
      [0.28612893277, 0.0044999771333, 0.052939097822, 0.21842335829, 0.43800863399]
    ],
    [
      [0.0411790907, 0.79683234981, 0.00052904396267, 0.11115286149, 0.050306654039],
      [0.15958356983, 0.00014047116809, 0.31280697173, 0.52717718051, 0.00029180675788],
      [0, 0.024475386551, 0.016131540998, 0.93886556527, 0.020527507182],
      [0.037973070859, 0.79204376784, 5.8450530633e-05, 0.091361328932, 0.078563381842],
      [0.24562257606, 0.0058913824864, 0.045466750289, 0.32340839758, 0.37961089358]
    ],
    [
      [0.040987593743, 0.81379822315, 0.0008949940717, 0.11509693561, 0.02922225343],
      [0.14172927238, 0.0001120718842, 0.4288455799, 0.42917663059, 0.00013644524943],
      [0, 0.0097723271946, 0.051234555799, 0.92920900556, 0.0097841114428],
      [0.038305862545, 0.81929524832, 0.00010021782641, 0.095877220083, 0.04642145123],
      [0.27478767491, 0.0065115358669, 0.086327765347, 0.37596927355, 0.25640375032]
    ],
    [
      [0.038806862638, 0.81795754127, 0.0014317448787, 0.095719231602, 0.046084619607],
      [0.11409763837, 0, 0.60499412073, 0.2809082409, 0],
      [0.013662251184, 0.0030078170932, 0.14621543208, 0.83335955153, 0.0037549481063],
      [0.035799046418, 0.81349551372, 0.00015821263678, 0.078693008344, 0.071854218881],
      [0.23431560832, 0.0063178929039, 0.12556059796, 0.28443690562, 0.34936899519]
    ],
    [
      [0.038071857836, 0.76741221471, 0, 0.13293323332, 0.061582694141],
      [0.14474897022, 0, 0, 0.85480868639, 0.00044234339818],
      [0, 0, 0, 0.97981658471, 0.020183415288],
      [0.034937317368, 0.74623089839, 0, 0.12168023342, 0.097151550825],
      [0.20731309432, 0.0044857482962, 0, 0.33257250758, 0.4556286498]
    ],
    [
      [6.9333477998e-33, 0.91725151684, 0.00013113482352, 0.027304251924, 0.055313096416],
      [0, 0, 0.30163824919, 0.66436501578, 0.033996735027],
      [0, 0.010343560395, 0.035640577807, 0.87417632575, 0.079839536042],
      [0, 0.87374727288, 1.4900678971e-05, 0.023045394125, 0.10319243231],
      [0, 0, 0, 0, 1]
    ],
    [
      [0.035972593986, 0.91878280883, 0.00015784362606, 0.045086753556, 0],
      [0.32577095036, 0.018523981189, 0.21277858515, 0.4429264833, 0],
      [0, 0.081458303977, 0.0070797395665, 0.91146195646, 0],
      [0.03403072337, 0.92789226079, 1.7929442746e-05, 0.038059086402, 0],
      [0.61407666954, 0.010410259185, 0.035273191449, 0.34023987982, 0]
    ],
    [
      [0.054755758514, 0.77842227739, 0.00088068146055, 0.088684279814, 0.077257002825],
      [0.2010151756, 0.00012231868965, 0.44663854328, 0.35183478214, 0.00038918029282],
      [0.017707306005, 0.038949818331, 0.075683583599, 0.81915813285, 0.048501159219],
      [0.04961016683, 0.76048009579, 9.5582312524e-05, 0.07161133236, 0.11820282271],
      [0.26289146303, 0.0048190105853, 0.061384671097, 0.2093746254, 0.46153022988]
    ],
    [
      [0.062905130851, 0.788067591, 0.0012725663144, 0.11218058425, 0.035574127583],
      [0.17472672122, 0, 0.48846364882, 0.33667425578, 0.00013537418645],
      [0.011307865377, 0, 0.11643411681, 0.86535204461, 0.0069059732053],
      [0.064817652752, 0.77553649604, 0.010433985114, 0.093190518014, 0.056021348078],
      [0.34585496853, 0.0055572648913, 0.10147069578, 0.30297637917, 0.24414069163]
    ],
    [
      [0.048615910326, 0.74955467042, 0.0010464083142, 0.11519983403, 0.085583176904],
      [0.15298923507, 0.00010288116387, 0.45396126525, 0.39257504084, 0.00037157767847],
      [0.0069770835485, 0.010004966006, 0.068500410706, 0.87859739457, 0.035920145172],
      [0.044032904976, 0.73215245859, 0.00011352012717, 0.092987727802, 0.13071338851],
      [0.21371561816, 0.0043372246162, 0.067059759857, 0.25012703817, 0.4647603592]
    ],
    [
      [0.03705580019, 0.75759201587, 0.0010472943735, 0.10242441996, 0.1018804696],
      [0.12670385182, 0, 0.4940280115, 0.37677627358, 0.0024918630985],
      [0.0075075261293, 0.0047965402635, 0.077975305027, 0.86382054161, 0.045900086973],
      [0.033126844151, 0.72932474056, 0.00011220875329, 0.081618151596, 0.15581805494],
      [0.15300488719, 0.0035581234207, 0.061496442337, 0.20367994301, 0.57826060404]
    ],
    [
      [0.061263102119, 0.65290207673, 0.0013400428845, 0.20802661122, 0.076468167045],
      [0.12069762072, 0, 0.39898707592, 0.4801010917, 0.00021421165493],
      [0, 0, 0.043766847049, 0.94759286609, 0.0086402868644],
      [0.056715656726, 0.2289300052, 0.00014873464439, 0.59328314337, 0.12092246006],
      [0.21848909113, 0.0024686103124, 0.066939485114, 0.3510356495, 0.36106716394]
    ],
    [
      [0.048869548013, 0.79406651353, 0.00073137693374, 0.09478830475, 0.06154425677],
      [0.19355210915, 0.00013113086061, 0.40165319268, 0.4043316495, 0.00033191781072],
      [0.0060716175057, 0.037123593982, 0.050383748195, 0.87424363054, 0.032177409778],
      [0.044686267818, 0.78277714601, 8.0124247004e-05, 0.077253877382, 0.095202584538],
      [0.26580291251, 0.0054094427615, 0.057381643127, 0.25175500681, 0.41965099479]
    ],
    [
      [0.037807327735, 0.72002236691, 0.0013952038326, 0.13472848717, 0.10604661435],
      [0.099128606249, 0, 0.5391385879, 0.36139243779, 0.00034036806289],
      [0.0052698884407, 0, 0.079050037888, 0.89421609061, 0.021463983062],
      [0.036943221492, 0.42502938354, 0.045512709305, 0.32804384378, 0.16447084187],
      [0.14360571341, 0.0024447412302, 0.069361618112, 0.2246843073, 0.55990361995]
    ],
    [
      [0, 0.71182745877, 0, 0.076962860047, 0.21120968118],
      [0, 0.0002657013041, 0, 0.99685323483, 0.0028810638667],
      [0, 0.081393991877, 0, 0.75157547334, 0.16703053478],
      [0, 0.62697896018, 0, 0.056102179469, 0.31691886035],
      [0, 0.00074680584919, 0, 0.041142430078, 0.95811076407]
    ],
    [
      [0.066871112187, 0.76698481272, 0.0010138660535, 0.097482692718, 0.067647516319],
      [0.21282156765, 9.7313359645e-05, 0.45638826577, 0.33040579841, 0.00028705481358],
      [0.021794670988, 0.0096667775739, 0.088207170564, 0.84589953755, 0.034431843328],
      [0.06103258553, 0.75469639393, 0.00011091940111, 0.079323304408, 0.10483679673],
      [0.31265475712, 0.0042532361904, 0.067026238017, 0.2175071836, 0.39855858507]
    ],
    [
      [0.0038239170806, 0.9903759584, 0, 0.0058001245219, 0],
      [0.32485114307, 0, 0, 0.67514885693, 0],
      [0.0102298447, 0.0058695637847, 0, 0.98390059152, 0],
      [0.0049868813875, 0.98826087243, 0, 0.006752246182, 0],
      [0.66385182439, 0.0055447482345, 0, 0.33060342738, -0]
    ],
    [
      [0.050417091382, 0.71438035809, 0.00093121276111, 0.11407401329, 0.12019732448],
      [0.16661673648, 9.9956804006e-05, 0.42734255642, 0.4053998201, 0.00054093019991],
      [0.0094862454559, 0.0021290866931, 0.05841367742, 0.87013304369, 0.059837946736],
      [0.044781970109, 0.68429214699, 9.9100632574e-05, 0.090317853604, 0.18050892866],
      [0.18680366989, 0.003363781788, 0.049701810906, 0.20598297215, 0.55414776527]
    ],
    [
      [0.077911131517, 0.74645125855, 0.00057566626572, 0.096995979115, 0.078065964555],
      [0.29701399432, 0.00012103548271, 0.30403534016, 0.39842481643, 0.00040481361029],
      [0.012005951355, 0.046547844094, 0.034426883605, 0.85872546411, 0.048293856834],
      [0.070726709282, 0.73076422293, 6.2609447976e-05, 0.078479496732, 0.11996696161],
      [0.33427004053, 0.0040917775764, 0.03563103365, 0.20329788689, 0.42270926136]
    ],
    [
      [0.022403768634, 0.82388484916, 0.0010210321667, 0.097388116117, 0.055302233925],
      [0.083274720014, 0.00013161530161, 0.52662677169, 0.38968651896, 0.00028037403246],
      [0.0029501691629, 0.048972170016, 0.072124195807, 0.84983374424, 0.026119720773],
      [0.020526207066, 0.81418824202, 0.00011207580365, 0.079531550949, 0.085641924157],
      [0.14497266176, 0.0068819674179, 0.095329285411, 0.30768921013, 0.44512687529]
    ],
    [
      [0.060210451078, 0.74377956245, 0.00071430266744, 0.10945150609, 0.085844177716],
      [0.21721999618, 0.00011333071108, 0.35737090247, 0.42487433825, 0.00042143238972],
      [0.0074941738506, 0.014039571183, 0.042548111437, 0.89262388262, 0.043294260908],
      [0.054482495601, 0.72575471127, 7.7440045672e-05, 0.08827851283, 0.13140684025],
      [0.25922051837, 0.0040603434449, 0.044311810959, 0.22979824084, 0.46260908639]
    ],
    [
      [0, 0.92565258618, 0.000358365905, 0.061138423123, 0.012850624793],
      [0, 0.00024521327934, 0.4519630045, 0.54779178222, 0],
      [0, 0.059158452554, 0.026761842007, 0.91407970544, 0],
      [0, 0.92847760415, 4.0150677585e-05, 0.050942153402, 0.020540091774],
      [0, 0.11041444395, 0.097213513634, 0.5558547445, 0.23651729791]
    ],
    [
      [0.026992875005, 0.78872118894, 0.00065093929188, 0.095989114257, 0.087645882503],
      [0.12204401266, 0.00014872884651, 0.41140114188, 0.46586814616, 0.00053797045701],
      [0.0025911357672, 0.039487407855, 0.038852464672, 0.86881006366, 0.05025892805],
      [0.02428845596, 0.76526057529, 7.0182367758e-05, 0.076992994754, 0.13338779163],
      [0.14001472498, 0.0051134017493, 0.048496599508, 0.24171781228, 0.56465746148]
    ],
    [
      [0.32387684317, 0, 0.0050190277414, 0.67110412909, 0],
      [0.048158795972, 0, 0.43910510442, 0.51273609961, 0],
      [0, 0, 0.065699653461, 0.93430034654, 0],
      [0.35033504633, 0, 0.00065346407046, 0.6490114896, 0],
      [0.50518856575, 0, 0.09073434152, 0.40407709273, 0]
    ],
    [
      [0.11410624053, 0, 0.0026720559424, 0.32264089874, 0.56058080479],
      [0.11858857569, 0, 0.44448725675, 0.364625816, 0.072298351557],
      [0.0056779981394, 0, 0.055512743246, 0.87164426853, 0.067164990089],
      [0.083703402055, 0, 0.00023522403715, 0.2103948804, 0.70566649351],
      [0.12524447539, 0, 0, 0.087909971824, 0.78684555278]
    ],
    [
      [0.073201527893, 0.77184218117, 0.00093572635313, 0.10333994322, 0.050680621362],
      [0.23293605905, 0.00010636829038, 0.41111486957, 0.35562093707, 0.00022176601321],
      [0.018566395602, 0.01526341204, 0.08112598446, 0.86360136293, 0.021442844964],
      [0.067571177173, 0.76835737041, 0.00010346465185, 0.08501535958, 0.078952628184],
      [0.36320625027, 0.0049992973282, 0.067503406885, 0.25252583647, 0.31176520905]
    ],
    [
      [0.049683994165, 0.68143138591, 0.0010329419583, 0.13741493505, 0.13043674291],
      [0.14565430817, 0, 0.41945458333, 0.43428649298, 0.00060461551525],
      [0.0028865807337, 0, 0.049347791717, 0.89940109166, 0.048364535893],
      [0.044050099702, 0.52674889832, 0.00010972002023, 0.23329527163, 0.19579601033],
      [0.16695757181, 0.0029074802029, 0.050101993362, 0.22573565674, 0.55429729789]
    ],
    [
      [0.066077747613, 0.77908480178, 0.0010275746321, 0.095850012831, 0.057959863139],
      [0.21200451612, 0.00010820571726, 0.45480555279, 0.33282568572, 0.00025603965287],
      [0.023667422761, 0.021967900511, 0.10276761725, 0.82535161424, 0.026245445233],
      [0.060646267989, 0.7710827729, 0.00011296656292, 0.078400582445, 0.089757410104],
      [0.32843885821, 0.00505598085, 0.07435611207, 0.23497971297, 0.35716933591]
    ],
    [
      [0.059500351372, 0.78746044006, 0.00099768528498, 0.10592642118, 0.046115102099],
      [0.19078016322, 0.0001094260318, 0.44144813768, 0.36745880419, 0.00020346887165],
      [0.010522281404, 0.014167839859, 0.084177970705, 0.87570329336, 0.015428614672],
      [0.055039398988, 0.78554085904, 0.00011054563239, 0.087325451543, 0.0719837448],
      [0.32260804202, 0.0055794335059, 0.078705849102, 0.28308882517, 0.31001785021]
    ],
    [
      [0.024481172123, 0.88053129055, 0.00095429762158, 0.061427081346, 0.032606158361],
      [0.10944443125, 4.9875537918e-05, 0.62529338053, 0.26521231268, 0],
      [0.01668865997, 0.027444718058, 0.1262329566, 0.8286908426, 0.00094282276738],
      [0.022675063345, 0.87421208943, 0.00010597075965, 0.050707945302, 0.052298931162],
      [0.20744153263, 0.0066079047725, 0.11332216694, 0.24735875399, 0.42526964167]
    ],
    [
      [0.077959532301, 0.76717325378, 0.00081010623793, 0.10241182295, 0.051645284736],
      [0.25927617334, 0.00011028959685, 0.37195897821, 0.36841838766, 0.00023617119252],
      [0.01975060329, 0.020030026206, 0.067785168722, 0.86836037758, 0.024073824198],
      [0.071931043107, 0.76333913646, 8.9534278088e-05, 0.084213138485, 0.080427147674],
      [0.37975468642, 0.0048695602464, 0.05738288711, 0.24574781759, 0.31224504863]
    ],
    [
      [0.087362710588, 0.74517670916, 0.0012397422056, 0.093725035645, 0.072495802398],
      [0.24256458997, 0, 0.47626763833, 0.28089261651, 0.00027515518118],
      [0.045585091821, 0, 0.14265969169, 0.7775906324, 0.034164584086],
      [0.081585613688, 0.7304455203, 0.00013536247746, 0.076133887145, 0.11169961639],
      [0.35950615594, 0.0039464554736, 0.073866462503, 0.18913311852, 0.37354780757]
    ],
    [
      [0.072366529184, 0.81906403664, 0.00097785036176, 0.093334175777, 0.014257408038],
      [0.23460576077, 0.00011179908309, 0.44156453556, 0.32365555059, 6.2354005632e-05],
      [0.018595761443, 0.035500868699, 0.091002752852, 0.84856444743, 0.0063361695729],
      [0.068054839662, 0.83087050923, 0.00011020212367, 0.078251809938, 0.02271263905],
      [0.48168628377, 0.0068620745716, 0.092920683605, 0.29979726718, 0.11873369087]
    ],
    [
      [0.14033745899, 0.74486125666, 0.00040070278936, 0.071105155925, 0.043295425637],
      [0.50711312847, 0, 0.23308648014, 0.25954505621, 0.00025533517212],
      [0.11230538066, 0, 0.043011535424, 0.79884234578, 0.045840738139],
      [0.20615336373, 0.66509653406, 4.4616116439e-05, 0.058770091127, 0.069935394963],
      [0.59318411972, 0.0023551989102, 0.021268749341, 0.12600024165, 0.25719169038]
    ],
    [
      [0.060118268326, 0.77267021267, 0.0010434794682, 0.106244389, 0.059923650537],
      [0.1882781767, 0.00010251201348, 0.45188559551, 0.35947682777, 0.00025688801412],
      [0.014304876462, 0.0067308680098, 0.091185753362, 0.86677627031, 0.02100223186],
      [0.055191945597, 0.7647905917, 0.00011475888909, 0.086928609327, 0.092974094486],
      [0.29560969393, 0.0048456066234, 0.07438352635, 0.25655541388, 0.36860575922]
    ],
    [
      [0.075821228412, 0.6963735541, 0.0013285178532, 0.12815514656, 0.098321553082],
      [0.19033690164, 0, 0.46269622141, 0.34663119841, 0.00033567854317],
      [0.011750714209, 0, 0.08149029243, 0.87298933255, 0.033769660806],
      [0.11202411719, 0.5342421244, 0.10030977485, 0.10314839053, 0.15027559303],
      [0.26875125211, 0.0030906433223, 0.067891298021, 0.22174217222, 0.43852463433]
    ],
    [
      [0.02855233184, 0.7569935553, 0.00087859706823, 0.11638113591, 0.097194379876],
      [0.10338109514, 0, 0.4447760931, 0.45125680936, 0.00058600241082],
      [0.00017958520377, 0, 0.040044789096, 0.91832187394, 0.041453751759],
      [0.02563959357, 0.73109064116, 9.4551295908e-05, 0.095099625888, 0.14807558809],
      [0.12900664932, 0.0042139669329, 0.056620704945, 0.25362945296, 0.55652922585]
    ],
    [
      [0.01998176325, 0.83133108435, 0.0007517205277, 0.081838799138, 0.066096632736],
      [0.093941008525, 0.00014038259043, 0.49711874486, 0.40839552658, 0.00040433744584],
      [0.00050515700979, 0.050859859278, 0.040375942998, 0.87209440581, 0.036164634901],
      [0.018145082873, 0.81262280168, 8.1847566786e-05, 0.066255523544, 0.10289474433],
      [0.12459723613, 0.0055144860961, 0.065458149328, 0.2409964534, 0.56343367505]
    ],
    [
      [0.081695320485, 0.67544057892, 0.0017423805088, 0.13226337631, 0.10885834378],
      [0.17422979176, 0, 0.52405204701, 0.30140774359, 0.00031041764605],
      [0.011833409599, 0, 0.11225338288, 0.83945233784, 0.03646086968],
      [0.15815750692, 0.44151980703, 0.12811158567, 0.10602113321, 0.16618996717],
      [0.26739849038, 0, 0.0801891189, 0.20565383886, 0.44675855186]
    ],
    [
      [0.029016009798, 0.7194264884, 0, 0.16204682048, 0.089510681327],
      [0.14408892469, 0.00014018384894, 0, 0.85518377829, 0.00058711317664],
      [0, 0, 0, 0.99062027139, 0.0093797286071],
      [0, 0.59360156489, 0, 0.26822802277, 0.13817041235],
      [0.11666818845, 0.0038185653108, 0, 0.36583827909, 0.51367496715]
    ],
    [
      [0.06176457711, 0.8041089727, 0.0008224370887, 0.07640746759, 0.056896545514],
      [0.23904895471, 0.00013159477242, 0.44194934653, 0.31856994869, 0.00030015530067],
      [0.026146689875, 0.076234141118, 0.082169270302, 0.77502803832, 0.040421860385],
      [0.056495746594, 0.79312157401, 9.0128649433e-05, 0.062292642002, 0.087999908746],
      [0.33750550463, 0.0055810659457, 0.064851739137, 0.2039351735, 0.38812651679]
    ],
    [
      [0.068817045275, 0.77486771422, 0.00086317975425, 0.10074937729, 0.054702683456],
      [0.23159581125, 0.0001127130965, 0.4018393515, 0.36619952947, 0.00025259467909],
      [0.015557230314, 0.026549769966, 0.069654432683, 0.86235247422, 0.025886092822],
      [0.063323304626, 0.76897602971, 9.5146833092e-05, 0.082625416438, 0.084980102393],
      [0.34464717091, 0.0050506943683, 0.062717861159, 0.24788113751, 0.33970313605]
    ],
    [
      [0.089815262847, 0.7191831176, 0.00083789682962, 0.10414376615, 0.086019956577],
      [0.28213256138, 9.6665659508e-05, 0.36472143914, 0.35268006435, 0.00036926947248],
      [0.028699358733, 0.0075903742353, 0.06707520224, 0.84921325591, 0.047421808878],
      [0.081376280262, 0.70272979279, 9.094949919e-05, 0.084101764499, 0.13170121295],
      [0.34425732536, 0.0035463294565, 0.04643640359, 0.19538242858, 0.41037751302]
    ],
    [
      [0.077923588261, 0.75846167839, 0.0013271238417, 0.09493219516, 0.067355414346],
      [0.21390380325, 8.6415747918e-05, 0.50501960872, 0.28073821757, 0.0002519547156],
      [0.035410152755, 0.0084462234394, 0.13956833493, 0.78491497168, 0.031660317197],
      [0.071214585973, 0.74719701908, 0.00014530905063, 0.07732871778, 0.10411436812],
      [0.3406472913, 0.0041350842556, 0.083732075931, 0.20276736644, 0.36871818208]
    ],
    [
      [0.055860429809, 0.79009022741, 0.0012321140386, 0.089377818713, 0.063439410025],
      [0.17288148131, 0.0001055854123, 0.52793117099, 0.29881219095, 0.00026957132968],
      [0.019328338045, 0.036016142335, 0.11873712974, 0.79366878898, 0.032249600896],
      [0.05102223696, 0.77828196493, 0.00013481167227, 0.072758891612, 0.097802094829],
      [0.28324882482, 0.0052098014991, 0.090682964741, 0.22272456298, 0.39813384597]
    ],
    [
      [0.056703597013, 0.77210270657, 0.0011474971177, 0.10132438001, 0.068721819284],
      [0.17450854735, 0.00010138284443, 0.48889928725, 0.33620183864, 0.00028894392014],
      [0.015821774445, 0.012812156359, 0.10028251163, 0.8410351554, 0.03004840217],
      [0.051739901228, 0.75974261699, 0.00012543745844, 0.082404827658, 0.10598721667],
      [0.27048303221, 0.0047251095701, 0.0791493741, 0.23661910442, 0.40902337971]
    ],
    [
      [0.044392794745, 0.79369468607, 0.00094221164834, 0.090051833493, 0.070918474044],
      [0.16316091033, 0.00012596628843, 0.47870080953, 0.35765430534, 0.00035800851478],
      [0.011115464736, 0.048647513851, 0.077560788299, 0.8228210385, 0.039855194611],
      [0.040341804866, 0.77784072714, 0.0001025668069, 0.072934516292, 0.10878038489],
      [0.2320890322, 0.0053978136147, 0.071531678392, 0.23152924021, 0.45945223559]
    ],
    [
      [0.014459536703, 0.96261360052, 0, 0.01645363137, 0.0064732314108],
      [0.42368424391, 0, 0, 0.57352644503, 0.0027893110575],
      [0.016809565212, 0.0061643209979, 0, 0.95912319273, 0.017902921063],
      [0.015001305712, 0.95812594383, 0, 0.01520493948, 0.01166781098],
      [0.45873224632, 0.0042430384972, 0, 0.23529830918, 0.301726406]
    ],
    [
      [0.056396368592, 0.77187703373, 0.00081874379496, 0.11353259873, 0.057375255159],
      [0.19270024856, 0.00011084742902, 0.39090148957, 0.41602192443, 0.00026549001255],
      [0.0045740179428, 0.0036748850425, 0.054938590472, 0.91668176589, 0.020130740653],
      [0.051868976875, 0.76564795737, 9.0232257243e-05, 0.093081883394, 0.089310950108],
      [0.2882704935, 0.0049649082644, 0.059987796895, 0.28117605053, 0.36560075082]
    ],
    [
      [0.02844914203, 0.82334372634, 0.00033814801239, 0.080776255741, 0.067092727874],
      [0.17469123795, 0.00020327821884, 0.28655189888, 0.52953489427, 0.0090186906741],
      [0, 0.11936498905, 0, 0.83319536349, 0.047439647458],
      [0.0031906192394, 0.82814117066, 0, 0.065335115347, 0.10333309475],
      [0.18082743924, 0.0062643200667, 0.03046100206, 0.24563844221, 0.53680879642]
    ],
    [
      [0.059903824953, 0.78872461976, 0.00057012632079, 0.098523942793, 0.052277486178],
      [0.24087192167, 0.00013367270439, 0.32466958204, 0.43081035523, 0.0035144683528],
      [0, 0.068108526473, 0.020694521814, 0.88508283553, 0.026114116183],
      [0.055101769685, 0.78242968003, 6.2846367985e-05, 0.080776016109, 0.081629687805],
      [0.3267249192, 0.005348074224, 0.044394707725, 0.25966647608, 0.36386582277]
    ],
    [
      [0.054483498402, 0.79654382706, 0.00116048175, 0.089722905201, 0.058089287586],
      [0.17436197144, 0.00010877406837, 0.5155104391, 0.30976446095, 0.00025435443936],
      [0.017422456537, 0.035422646088, 0.11415212734, 0.80654159679, 0.026461173239],
      [0.049907780039, 0.7868320235, 0.00012734877308, 0.073251541605, 0.089881306078],
      [0.28925443311, 0.0054271593861, 0.089168689594, 0.23336043795, 0.38278927997]
    ],
    [
      [0.054385579143, 0.74717254971, 0.00055904222769, 0.10129997627, 0.096582852653],
      [0.22432356308, 0.00012675693949, 0.32713273626, 0.44788020297, 0.00053674074925],
      [0.01235694981, 0.022124448023, 0.024589039832, 0.86434236755, 0.076587194789],
      [0.048817812757, 0.72320661794, 6.0136747178e-05, 0.081049896596, 0.14686553596],
      [0.23366942945, 0.0039445235132, 0.034317423323, 0.20996920208, 0.51809942163]
    ],
    [
      [0.066448693851, 0.76354102355, 0.00068469429518, 0.10256055721, 0.066765031093],
      [0.24444846078, 0.0001139930799, 0.34908523368, 0.40601984303, 0.00033246941965],
      [0.0094374690434, 0.019485108567, 0.044003005147, 0.89231612615, 0.034758291097],
      [0.060739755112, 0.75213497664, 7.4988786233e-05, 0.083559820034, 0.10349045943],
      [0.31262236873, 0.0043752247416, 0.046347573043, 0.23508286671, 0.40157196678]
    ],
    [
      [0.03364691611, 0.81485989239, 0.0004323845451, 0.094487615026, 0.056573191932],
      [0.15189586211, 0.011728822873, 0.31036666237, 0.52561856591, 0.00039008673459],
      [0, 0.055753065972, 0.018895097589, 0.90068860136, 0.024663235079],
