{
  "Z_true": {},
  "V_true": [
    [26, 1015, 155, 907, 304, 53],
    [893, 39, 58, 199, 654, 105],
    [459, 221, 549, 461, 11494, 708],
    [64, 453, 289, 4287, 455, 154],
    [110, 154, 249, 603, 657, 358],
    [28, 83, 1496, 403, 589, 90],
    [146, 68, 114, 203, 681, 695]
  ],
  "p_true": [
    [0.0106, 0.4126, 0.063, 0.3687, 0.1236, 0.0215],
    [0.4584, 0.02, 0.0298, 0.1022, 0.3357, 0.0539],
    [0.033, 0.0159, 0.0395, 0.0332, 0.8274, 0.051],
    [0.0112, 0.0794, 0.0507, 0.7518, 0.0798, 0.027],
    [0.0516, 0.0723, 0.1168, 0.283, 0.3083, 0.168],
    [0.0104, 0.0309, 0.5563, 0.1499, 0.219, 0.0335],
    [0.0766, 0.0357, 0.0598, 0.1064, 0.3571, 0.3644]
  ],
  "Z_est": [
    [
      [0.7684, 0.8569, 0.1058, 0, 0.6188, 0.1656, 1.1946, 2.4864, 0.3553, 1.488, 0.1749, 1.5304, 0.1595, 1.387, 1.3564, 0.4423, 0.7129, 0.7015, 0.5848, 0.2322, 0.0427, 0.1937, 0.1075, 0.6442, 1.4054, 0.0341, 1.5582, 0.3811, 0.028, 0.416, 0.3245, 0.2446, 0.1859, 0.6692, 0.2751, 0.5761, 0.3489, 0.1171, 0.5268, 0.3799, 1.2026, 0.0275, 1.8573, 0.4292, 3.4274, 1.4726],
      [41.1592, 26.7484, 3.4466, 3.2292, 34.1348, 3.0977, 77.4592, 118.5579, 19.894, 41.4214, 10.3081, 61.0769, 6.4652, 56.464, 49.0308, 21.2892, 26.5346, 21.2468, 16.3849, 17.6937, 2.9864, 4.7059, 4.761, 28.4304, 32.1015, 4.422, 40.4384, 17.6669, 2.3905, 9.6982, 6.9522, 16.1028, 9.214, 19.9668, 7.9848, 20.2798, 7.75, 16.4203, 12.3539, 8.1426, 70.5316, 3.6391, 57.506, 7.2647, 62.0313, 20.0925],
      [2.2142, 0.8449, 0.0667, 0.108, 1.5795, 0.201, 3.9482, 5.5016, 1.0169, 3.3966, 0.5676, 2.7031, 0.6169, 3.7844, 2.451, 1.5023, 1.3067, 1.6353, 1.3008, 0.4931, 0.1931, 0.2489, 0.302, 1.8662, 2.691, 0.2651, 3.1901, 0.8442, 0.0579, 0.8317, 0.6094, 0.5392, 0.4335, 1.0299, 0.7027, 0.872, 0.4937, 0.6774, 1.3302, 1.0509, 2.8139, 0.1286, 4.1163, 0.4136, 4.0909, 0.8594],
      [28.7869, 19.3158, 2.1669, 0.5635, 20.1921, 2.9052, 60.383, 76.8971, 13.7042, 51.674, 8.7427, 65.631, 9.0777, 66.3001, 45.9423, 20.8964, 34.5784, 29.7087, 19.6211, 8.6075, 2.2624, 2.4302, 4.1555, 18.385, 30.5337, 2.0451, 34.0614, 23.0011, 1.4662, 10.2457, 11.5158, 14.6978, 5.5554, 23.1101, 12.1093, 19.572, 11.4737, 11.5456, 13.3142, 10.5304, 63.3319, 1.8455, 59.3315, 7.1516, 73.8722, 19.7374],
      [2.8421, 2.001, 0.1948, 0.0992, 3.1416, 0.5287, 7.2128, 9.5987, 1.8282, 6.4786, 1.1006, 3.613, 0.5965, 5.6783, 4.6757, 1.6504, 2.6402, 3.362, 2.8896, 0.8927, 0.4703, 0.381, 0.6286, 2.4388, 4.856, 0.2219, 5.2641, 1.1067, 0.0507, 1.6827, 1.4938, 1.2961, 0.5557, 2.9745, 1.7215, 2.4545, 1.7746, 1.1101, 2.2928, 1.7614, 5.6366, 0.3235, 8.5035, 1.5775, 7.7044, 8.3689],
      [0.2291, 0.233, 0.0191, 0, 0.3332, 0.1018, 0.8022, 0.9583, 0.2014, 0.5413, 0.1061, 0.4456, 0.0842, 0.3861, 0.5437, 0.2194, 0.2271, 0.3455, 0.2189, 0.0807, 0.0451, 0.0403, 0.0453, 0.2354, 0.4124, 0.0118, 0.4877, 0, 0.0067, 0.1256, 0.1042, 0.1195, 0.0555, 0.2494, 0.2065, 0.2456, 0.1591, 0.1295, 0.1822, 0.1348, 0.4834, 0.0358, 0.6854, 0.1634, 0.8738, 0.4691]
    ],
    [
      [32.1054, 14.6658, 2.4341, 0, 8.7806, 5.0359, 37.8678, 108.974, 24.0728, 31.8941, 12.0975, 21.4941, 6.2529, 24.5015, 25.8586, 11.4019, 17.5206, 8.066, 23.4955, 26.3722, 4.3488, 6.1257, 8.9757, 38.013, 68.0181, 5.4037, 67.6523, 14.4867, 2.9048, 31.4175, 8.4667, 18.3988, 15.2751, 26.0399, 21.7407, 35.2444, 15.3434, 12.5833, 14.814, 17.3136, 46.4871, 1.5306, 50.0312, 9.4622, 161.2014, 31.6161],
      [2.9388, 0.7219, 0.0859, 0.4257, 0.7875, 0.0933, 3.8764, 8.8771, 2.2303, 1.5118, 1.1114, 1.3944, 0.3947, 1.7041, 1.591, 0.9191, 1.0902, 0.3975, 1.1009, 3.3067, 0.4195, 0.193, 0.6368, 2.8295, 2.6446, 0.9758, 2.9958, 1.0268, 0.2282, 1.2269, 0.2888, 2.0202, 1.212, 1.3149, 1.0341, 2.1012, 0.5575, 2.3406, 0.5668, 0.6059, 4.6638, 0.2702, 2.655, 0.2372, 4.8814, 0.8702],
      [6.7615, 0.9813, 0.0844, 0.7493, 1.5253, 0.3141, 8.2041, 17.3514, 4.8438, 5.1979, 2.6492, 2.5834, 1.6989, 4.7617, 3.3157, 2.791, 2.2557, 1.2864, 3.7065, 3.9857, 1.2834, 0.484, 1.7542, 8.0095, 9.3103, 2.9777, 9.9009, 1.959, 0.306, 4.4689, 1.0949, 2.8726, 2.4941, 2.8727, 3.9109, 3.8371, 1.5366, 4.1811, 2.6176, 3.3625, 7.7695, 0.4381, 7.9349, 0.6131, 13.5615, 1.5923],
      [0.0132, 0.0035, 0.0003, 0.022, 0.0029, 0, 0.0094, 0.0995, 0.0039, 0.009, 0.0007, 0.0018, 0.0021, 0.0045, 0.0038, 0.0022, 0.0003, 0.0027, 0.0033, 0.0264, 0, 0, 0.0004, 0.0073, 0, 0.0053, 0, 0.0003, 0.0013, 0, 0.0034, 0.0003, 0.0031, 0.003, 0.0097, 0.0044, 0.0038, 0.0105, 0.0004, 0.0065, 0.0048, 0.0003, 0.0049, 0, 0.0548, 0.1844],
      [12.2292, 3.2733, 0.3643, 0.803, 4.4815, 1.3554, 21.9269, 43.7221, 12.5421, 14.2751, 7.4885, 4.97, 2.3509, 10.2733, 9.0436, 4.3249, 6.6017, 3.9101, 11.8493, 10.4345, 4.5454, 1.0922, 5.2757, 14.8414, 24.1104, 3.4409, 23.4302, 4.2633, 0.5062, 12.9759, 3.8895, 9.863, 4.5897, 11.8422, 13.7408, 15.3749, 7.8995, 9.8188, 6.5201, 8.1294, 22.2676, 1.5973, 23.5968, 3.3751, 36.4094, 20.6678],
      [0.9519, 0.3542, 0.031, 0, 0.4223, 0.2013, 2.1154, 3.9759, 1.3071, 1.112, 0.6527, 0.5564, 0.3005, 0.7549, 1.1873, 0.5609, 0.5314, 0.3372, 0.8445, 0.8746, 0.4029, 0.1052, 0.3572, 1.2993, 1.9166, 0.1966, 2.0208, 0.2638, 0.0534, 0.9109, 0.2566, 0.8451, 0.426, 0.9274, 1.5637, 1.4379, 0.6592, 1.0658, 0.481, 0.5821, 1.8071, 0.1636, 1.7772, 0.3123, 3.8914, 1.0693]
    ],
    [
      [13.7328, 12.827, 4.7098, 0, 3.1794, 0.5573, 3.9432, 14.7981, 7.9298, 14.7057, 3.0961, 17.8342, 2.9267, 8.8588, 9.026, 5.9074, 6.7786, 2.9878, 12.4747, 9.9304, 0.4826, 5.7942, 6.95, 7.9367, 19.9709, 2.2684, 20.0071, 2.5963, 1.5074, 16.0298, 5.2213, 10.9208, 11.7367, 18.439, 6.8059, 14.8895, 9.1882, 1.8529, 7.0333, 6.7076, 20.1031, 0.2831, 14.1912, 3.3652, 46.8681, 3.0277],
      [0.5122, 0.3593, 0.3174, 0, 0, 0, 0.2067, 0, 0.4133, 0, 0.409, 1.3949, 0.1189, 0.4292, 0.5168, 0.5158, 0.3278, 0, 0.1481, 0, 0.3692, 0.2502, 0.6963, 0.4116, 0.6123, 0.2904, 0.928, 0.3696, 0.2257, 0.3631, 0, 1.1115, 0.4747, 0.6746, 0, 0.9177, 0, 0.1181, 0.1688, 0, 1.6088, 0.0536, 0.5181, 0.0951, 0.1892, 0.4818],
      [21.1886, 6.9319, 1.5321, 0.1458, 4.7887, 0.3735, 7.0213, 18.7039, 13.0793, 19.1653, 6.0849, 17.3709, 5.6612, 13.5642, 9.1421, 10.7647, 6.9229, 4.1593, 15.6645, 13.1725, 4.4472, 4.6534, 11.5115, 12.1351, 21.5189, 7.2604, 22.9288, 2.9836, 1.6818, 17.9808, 6.0464, 13.3898, 14.7225, 14.3235, 11.7066, 11.237, 5.6014, 7.2106, 9.6283, 10.5001, 26.4584, 3.3941, 17.7228, 1.3202, 32.7102, 0],
      [3.9223, 2.3752, 0.7314, 0.2233, 0.8767, 0, 1.2896, 3.6776, 2.1295, 4.0095, 1.0208, 4.9198, 1.0901, 2.8752, 2.0728, 1.8801, 2.05, 1.0251, 2.9365, 4.0089, 0.2331, 0.42, 1.6506, 1.5189, 2.6726, 1.1316, 2.4421, 0.9273, 0.4566, 2.297, 1.8946, 3.966, 2.576, 4.324, 3.0973, 3.3944, 2.5826, 1.6681, 1.0791, 1.6565, 6.9289, 0.5813, 3.0185, 0.2336, 7.7236, 1.2015],
      [353.4369, 214.8998, 66.5271, 5.6309, 121.0254, 14.3181, 163.5915, 409.8877, 293.509, 458.4557, 147.814, 295.1927, 75.6211, 256.7715, 218.2744, 154.3466, 178.2445, 109.3749, 434.4603, 294.9225, 132.6427, 88.2163, 298.4979, 209.7305, 488.7953, 99.4373, 479.0372, 56.027, 23.0135, 451.4748, 184.1982, 416.7643, 247.0273, 570.4445, 362.7933, 441.8571, 338.1526, 147.9307, 212.1524, 227.67, 667.0822, 102.3047, 458.9458, 84.8766, 766.941, 117.9104],
      [24.2072, 20.6067, 5.1822, 0, 10.1298, 1.7511, 13.9476, 32.9326, 26.9392, 31.6638, 11.5751, 29.2875, 8.5821, 16.5012, 24.9678, 17.5854, 12.6762, 8.4529, 27.3159, 21.9658, 10.8251, 7.666, 17.6936, 16.2672, 34.4301, 4.6118, 36.6566, 3.0962, 2.115, 27.8544, 10.6394, 31.8475, 20.4628, 39.7943, 35.5969, 36.7044, 25.4752, 14.2197, 13.938, 14.4659, 47.8186, 9.3832, 30.6036, 7.1093, 72.5679, 5.3786]
    ],
    [
      [0.6121, 0.6611, 0.0833, 0, 0.8125, 0.137, 0.3901, 1.8184, 0.3592, 1.4217, 0.1039, 0.8395, 0.1425, 0.9129, 1.0895, 0.5347, 0.5553, 0.6206, 0.4094, 1.4633, 0.0233, 0.1518, 0.1954, 0.3795, 1.0238, 0.0282, 0.9307, 0.1175, 0.0108, 0.4912, 0.9166, 0.2382, 0.1632, 0.5289, 0.9111, 0.5333, 0.7066, 0.0029, 0.3632, 0.967, 0.8844, 0, 1.0646, 0.3116, 1.9743, 1.4152],
      [26.0009, 22.6946, 2.6486, 1.0232, 28.6101, 1.7575, 27.0523, 64.7992, 18.1018, 26.4104, 6.092, 41.8572, 3.5561, 29.9777, 31.3951, 17.7877, 16.1976, 9.4394, 9.8389, 17.3085, 1.8634, 3.2822, 7.6627, 13.6367, 20.3192, 2.7369, 21.0481, 4.5085, 0.6085, 9.6974, 4.0442, 14.2257, 6.7866, 13.3382, 4.9655, 15.7507, 4.7313, 8.6446, 7.0368, 9.3032, 46.3908, 8.2896, 28.2222, 4.1648, 36.8321, 7.3013],
      [11.5514, 5.905, 0.459, 0.2177, 11.1708, 1.0078, 11.2506, 24.8481, 7.6658, 18.0736, 2.805, 14.9972, 2.8283, 16.4792, 12.8469, 10.1874, 6.5562, 6.2533, 6.449, 4.3133, 1.0659, 1.5313, 4.0799, 7.4511, 13.988, 1.4906, 13.628, 1.6906, 0.1426, 6.8863, 3.4591, 3.9266, 2.6947, 5.6504, 4.1465, 5.5515, 2.716, 2.9801, 6.2866, 10.4376, 15.1497, 2.5738, 16.5508, 1.9912, 19.9478, 2.349],
      [123.0838, 111.2829, 12.4422, 1.7084, 117.1378, 12.1082, 142.3614, 285.6022, 84.7785, 225.5242, 35.5545, 299.0479, 34.5091, 236.8382, 197.5234, 117.5822, 142.3408, 93.2565, 79.9034, 61.8858, 10.3442, 12.3697, 46.1039, 59.9215, 130.2907, 9.462, 119.4299, 39.3047, 3.2019, 69.6433, 53.6688, 88.0745, 28.3971, 104.3559, 58.7479, 102.7684, 52.2578, 41.8339, 51.6986, 86.0945, 279.7911, 30.143, 195.8205, 28.4165, 295.5675, 48.0407],
      [1.7044, 1.7026, 0.1517, 0.0508, 2.3539, 0.2124, 2.2535, 4.7199, 1.5166, 3.6941, 0.5711, 2.0891, 0.3116, 2.777, 2.9674, 1.3502, 1.4191, 1.2796, 1.5582, 0.8388, 0.2862, 0.2548, 0.9257, 1.0758, 2.7513, 0.1618, 2.4555, 0.1898, 0.0077, 1.5199, 0.9104, 1.0582, 0.3777, 1.8047, 1.162, 1.7379, 1.0976, 0.5847, 1.1627, 1.9188, 3.358, 0.7819, 3.6745, 0.8212, 4.4591, 2.5641],
      [2.0473, 2.7537, 0.2152, 0, 3.9148, 0.7771, 3.692, 7.2121, 2.5781, 4.876, 0.8734, 4.1692, 0.6524, 3.015, 5.1777, 2.5578, 1.931, 2.1505, 1.8411, 1.1903, 0.417, 0.41, 1.0324, 1.5353, 3.627, 0.1205, 3.5077, 0.189, 0.0285, 1.7619, 1.0008, 1.4769, 0.5807, 2.3218, 2.0669, 2.6582, 1.4907, 0.9537, 1.452, 2.2788, 4.426, 1.2117, 4.6674, 1.2947, 7.2192, 2.3297]
    ],
    [
      [0.0624, 0.0492, 0.0096, 0, 0.0211, 0.0022, 0.0158, 0.0791, 0.0313, 0.0855, 0.0091, 0.0585, 0.0106, 0.0537, 0.0508, 0.0361, 0.0393, 0.0399, 0.038, 0.0412, 0, 0.0163, 0.0199, 0.0449, 0.0665, 0.0036, 0.0738, 0.0053, 0.0024, 0.0908, 0.0524, 0.0528, 0.058, 0.0727, 0.0193, 0.0849, 0.034, 0, 0.0354, 0.0373, 0.0886, 0, 0.0947, 0.018, 0.1285, 0.0145],
      [1.3258, 1.0099, 0.1795, 0, 0.4798, 0.0149, 0.525, 1.635, 0.863, 0.9937, 0.4336, 1.2556, 0.1379, 0.935, 0.7747, 0.6357, 0.6027, 0.4016, 0.4676, 1.1845, 0.1625, 0.2394, 0.4351, 0.7712, 0.691, 0.1633, 0.8803, 0.1047, 0.0589, 0.872, 0.3338, 1.9667, 1.1976, 0.9112, 0.377, 1.223, 0.2997, 0.4317, 0.3264, 0.3034, 2.4755, 0.4569, 1.2888, 0.1064, 1.3365, 0.0557],
      [2.6751, 1.1989, 0.15, 0, 0.8397, 0.0416, 0.9766, 2.8166, 1.6538, 3.0689, 0.9016, 2.0223, 0.5109, 2.3002, 1.4156, 1.6619, 1.0946, 1.2489, 1.3886, 1.2754, 0.4516, 0.5251, 1.0486, 1.9064, 2.1376, 0.4284, 2.5538, 0.1735, 0.0673, 2.8036, 1.2338, 2.4277, 2.1632, 1.7319, 1.2897, 1.9186, 0.7224, 0.6856, 1.3224, 1.516, 3.6221, 0.7519, 3.3941, 0.2351, 3.261, 0.1039],
      [20.2758, 15.9974, 2.7191, 0, 6.3512, 0.3215, 8.8879, 23.2934, 13.0459, 27.4679, 8.0625, 28.8292, 4.2857, 23.7506, 15.6341, 13.4519, 17.0164, 13.3366, 12.2493, 13.0413, 2.9864, 2.9159, 8.3911, 10.9062, 14.2316, 1.8294, 16.0038, 2.9397, 0.9942, 20.1869, 13.5524, 39.0311, 16.2932, 22.9251, 12.9753, 25.5159, 9.9464, 6.8177, 7.7099, 8.9006, 47.9795, 6.0895, 28.7733, 2.3084, 34.6634, 1.1306],
      [29.3611, 24.3527, 3.8882, 0, 14.8487, 1.133, 15.772, 42.8468, 25.8151, 50.7969, 15.3504, 23.4699, 4.298, 29.9175, 23.263, 15.6967, 19.2959, 22.729, 26.7774, 20.1066, 9.6687, 7.1314, 19.0016, 21.4547, 33.4365, 3.0073, 36.5122, 2.2849, 0.6568, 49.0612, 26.2928, 50.7061, 24.165, 43.523, 27.3623, 47.2204, 22.924, 9.705, 19.932, 22.1896, 62.6499, 16.3465, 60.869, 8.004, 52.6719, 7.4762],
      [7.2998, 8.3919, 1.0536, 0, 4.4595, 0.4869, 4.8227, 12.3291, 8.5909, 12.5872, 4.2429, 8.3644, 1.757, 7.0431, 9.8618, 6.5177, 4.9511, 6.2439, 6.0791, 5.3511, 2.7309, 2.1719, 4.1036, 5.9167, 8.4367, 0.5681, 9.9761, 0.492, 0.2205, 10.9856, 5.5349, 13.8156, 7.123, 10.8361, 9.9764, 14.0371, 6.0735, 3.3601, 4.674, 5.053, 16.1844, 5.3552, 14.5801, 2.3281, 17.9388, 1.2191]
    ],
    [
      [0.2062, 0.2312, 0.0406, 0, 0.129, 0.0124, 0.0698, 0.3462, 0.1207, 0.3489, 0.0437, 0.224, 0.0327, 0.2236, 0.2859, 0.1121, 0.1806, 0.1378, 0.152, 0.127, 0.0066, 0.0589, 0.0933, 0.103, 0.3011, 0.008, 0.3261, 0.0241, 0.0197, 0.2028, 0.0821, 0.136, 0.1491, 0.3509, 0.0797, 0.1803, 0.1558, 0.0062, 0.1009, 0.1607, 0.349, 0.0044, 0.2615, 0.0348, 0.5983, 0.0896],
      [1.1055, 0.8635, 0.1356, 0, 0.6991, 0.0218, 0.5105, 1.7347, 0.7686, 0.9963, 0.3324, 1.0948, 0.1108, 0.9746, 1.1163, 0.5282, 0.7143, 0.3603, 0.4626, 0.9534, 0.1304, 0.168, 0.4777, 0.4665, 0.7672, 0.088, 0.9575, 0.1236, 0.1174, 0.5064, 0.1668, 1.0286, 0.7661, 1.1295, 0.2658, 0.6939, 0.359, 0.4484, 0.2445, 0.3092, 2.3291, 0.0756, 0.8938, 0.0613, 1.3049, 0.1316],
      [65.6388, 30.0354, 3.463, 2.4585, 37.3275, 1.997, 27.5464, 88.0955, 42.5979, 90.9685, 19.9902, 50.0239, 12.441, 69.1702, 58.2185, 39.7769, 37.3797, 34.7248, 39.7624, 30.1644, 10.2769, 11.0121, 33.081, 33.8991, 68.2581, 7.2546, 79.4579, 5.8367, 4.0718, 46.8994, 17.392, 36.9034, 40.7409, 62.4433, 26.2485, 32.0801, 25.7971, 20.8117, 28.9302, 48.5145, 97.7011, 3.2324, 67.59, 4.1848, 92.0868, 7.9121],
      [23.1249, 18.5049, 2.7887, 0.4343, 13.2315, 0.6499, 11.7314, 34.3419, 15.7423, 38.3202, 8.3057, 33.4197, 4.6713, 33.5255, 30.1961, 14.8155, 27.2068, 17.4069, 16.4382, 14.4646, 3.1095, 2.7595, 12.3564, 8.9149, 21.3166, 1.3305, 23.3324, 4.528, 2.5655, 15.8389, 8.9041, 27.5896, 14.175, 38.3795, 12.3403, 19.5807, 16.1832, 9.6117, 7.8134, 13.2586, 60.8753, 1.2016, 26.9485, 1.8089, 46.1051, 3.6235],
      [4.2249, 3.5374, 0.4819, 0.1072, 3.8183, 0.2435, 2.5977, 7.9198, 3.8964, 8.8643, 1.9516, 3.406, 0.5807, 5.2991, 5.661, 2.1729, 3.8469, 3.6505, 4.4927, 2.7833, 1.236, 0.8258, 3.4845, 2.1977, 6.2762, 0.2866, 6.6755, 0.43, 0.179, 4.8227, 2.1493, 4.5034, 2.6319, 9.1421, 3.27, 4.5451, 4.659, 1.7194, 2.5071, 4.1146, 9.9967, 0.3976, 7.1406, 0.7591, 8.8644, 2.9182],
      [0.6998, 0.8276, 0.0903, 0, 0.7947, 0.0754, 0.5442, 1.5618, 0.8741, 1.5019, 0.3765, 0.8315, 0.1635, 0.8069, 1.5222, 0.5944, 0.6717, 0.7196, 0.692, 0.5073, 0.2406, 0.1756, 0.5071, 0.4188, 1.0808, 0.0323, 1.2506, 0.0576, 0.0466, 0.7298, 0.3058, 0.839, 0.537, 1.5548, 0.7957, 0.9199, 0.846, 0.4027, 0.404, 0.6423, 1.7489, 0.0884, 1.1656, 0.151, 2.0404, 0.325]
    ],
    [
      [1.5126, 1.7088, 0.6168, 0, 0.4586, 0.0897, 0.5188, 2.4978, 1.1309, 2.0561, 0.4748, 2.0193, 0.4751, 1.0625, 1.3327, 0.5655, 1.2127, 0.4463, 1.8456, 1.8338, 0.0959, 0.6594, 0.6581, 0.8788, 3.214, 0.254, 2.4517, 0.389, 0.5268, 2.3519, 0.9364, 2.0088, 2.432, 1.8994, 1.1681, 2.4914, 1.2231, 0.4376, 1.1265, 1.4337, 2.8852, 0.1544, 2.4995, 0.3791, 6.802, 0.3643],
      [0.9575, 0.6023, 0.1864, 0.3219, 0.2888, 0.0148, 0.3698, 1.3961, 0.7291, 0.6664, 0.3135, 0.9262, 0.2165, 0.5154, 0.5753, 0.3242, 0.5327, 0.1544, 0.5971, 1.5533, 0.0686, 0.1614, 0.3304, 0.4541, 0.8642, 0.3237, 0.7518, 0.2, 0.3708, 0.6359, 0.2142, 1.5445, 1.349, 0.6648, 0.3729, 1.0336, 0.3025, 0.5964, 0.3028, 0.3357, 2.0004, 0.215, 0.916, 0.0704, 1.4247, 0.0669],
      [2.9703, 1.1025, 0.2446, 0.3207, 0.7685, 0.065, 1.0526, 3.6829, 2.1426, 3.1292, 1.0015, 2.2991, 1.2427, 1.9401, 1.6102, 1.3159, 1.4841, 0.6918, 2.7282, 2.5957, 0.2819, 0.5453, 1.2227, 1.7325, 4.0961, 1.3231, 3.3404, 0.5125, 0.6726, 3.1294, 1.1643, 2.9408, 3.7511, 1.9481, 1.995, 2.5037, 1.1329, 1.4535, 1.8847, 2.6184, 4.4854, 0.4811, 3.6911, 0.2419, 5.3417, 0.1832],
      [0.7932, 0.5203, 0.1514, 0.0485, 0.2078, 0.0152, 0.3374, 1.0883, 0.5957, 0.9953, 0.3132, 1.1506, 0.364, 0.7057, 0.6275, 0.3717, 0.8074, 0.2635, 0.8481, 0.9655, 0.0643, 0.1046, 0.342, 0.3462, 0.9548, 0.1963, 0.7304, 0.299, 0.3143, 0.7883, 0.4609, 1.6406, 1.0002, 0.9025, 0.7202, 1.1642, 0.5524, 0.5127, 0.3843, 0.5529, 2.0885, 0.1388, 1.1028, 0.0809, 2.0134, 0.082],
      [22.2014, 15.2333, 4.392, 1.3089, 9.3306, 1.209, 11.6457, 38.3049, 22.8926, 35.4353, 11.7237, 18.2595, 7.2412, 17.2834, 18.1148, 8.4582, 17.9517, 8.6937, 35.9724, 28.0217, 4.1507, 5.0984, 15.1859, 13.261, 43.7743, 6.4442, 32.6253, 4.6982, 4.5861, 37.4628, 17.066, 41.809, 28.6528, 33.269, 28.9501, 41.8101, 24.4928, 14.1313, 19.4328, 26.2161, 53.009, 7.2484, 45.2698, 5.5865, 58.9498, 9.0943],
      [15.565, 14.8328, 3.4087, 0, 7.9457, 1.6063, 10.0758, 31.0301, 21.5091, 24.7178, 9.1733, 18.3454, 8.4604, 11.4929, 21.7395, 9.9644, 13.0113, 6.7502, 23.0086, 21.0301, 3.3385, 4.431, 9.2608, 10.3273, 31.0964, 3.4588, 25.1004, 2.9013, 4.5294, 23.6318, 10.1583, 32.0564, 23.8149, 23.3162, 29.7937, 34.9971, 18.2962, 13.8685, 12.8689, 16.8431, 38.5316, 6.7622, 30.5208, 4.6411, 56.4684, 4.2093]
    ]
  ],
  "V_est": [
    [32.1975, 1149.4765, 65.8909, 1072.9755, 127.6751, 11.7844],
    [1175.7862, 73.3556, 176.1908, 0.5203, 480.2832, 41.8639],
    [420.381, 16.5979, 488.511, 102.7904, 11940.2283, 923.4914],
    [27.3005, 707.9401, 334.2317, 4460.22, 70.6244, 101.6834],
    [1.8477, 31.3238, 65.7167, 634.015, 1093.9716, 304.1252],
    [6.9076, 27.4939, 1694.3969, 763.7711, 165.2687, 31.1618],
    [61.5794, 26.8123, 85.062, 28.7078, 955.9487, 748.8898]
  ],
  "p_est": [
    [0.0131, 0.4673, 0.0268, 0.4362, 0.0519, 0.0048],
    [0.6036, 0.0377, 0.0904, 0.0003, 0.2466, 0.0215],
    [0.0303, 0.0012, 0.0352, 0.0074, 0.8595, 0.0665],
    [0.0048, 0.1242, 0.0586, 0.7822, 0.0124, 0.0178],
    [0.0009, 0.0147, 0.0308, 0.2975, 0.5134, 0.1427],
    [0.0026, 0.0102, 0.6301, 0.284, 0.0615, 0.0116],
    [0.0323, 0.0141, 0.0446, 0.0151, 0.5013, 0.3927]
  ],
  "EI_Z": {},
  "EI_V": 10.5213,
  "MAE_Z": {},
  "MAE_V": 153.9565,
  "MAE_p": 0.0514,
  "runtime": 0.245
}
