{
  "Z_true": {},
  "V_true": [
    [47, 48, 1036, 393, 88],
    [17, 811, 145, 1122, 117],
    [112, 254, 528, 11800, 252],
    [69, 75, 5345, 909, 151],
    [132, 81, 1173, 952, 284],
    [644, 18, 822, 684, 97],
    [68, 149, 356, 1172, 644]
  ],
  "p_true": [
    [0.0292, 0.0298, 0.6427, 0.2438, 0.0546],
    [0.0077, 0.3666, 0.0656, 0.5072, 0.0529],
    [0.0087, 0.0196, 0.0408, 0.9115, 0.0195],
    [0.0105, 0.0115, 0.8162, 0.1388, 0.0231],
    [0.0503, 0.0309, 0.4474, 0.3631, 0.1083],
    [0.2843, 0.0079, 0.3629, 0.302, 0.0428],
    [0.0285, 0.0624, 0.149, 0.4906, 0.2696]
  ],
  "Z_est": [
    [
      [1.2333, 0.3015, 0, 0, 0.1154, 0.319, 0.7008, 0.1556, 0.4423, 1.1916, 0.2338, 1.5648, 0.3119, 1.5025, 2.0774, 0.202, 0.6911, 0.0653, 0.133, 0.0719, 0.2794, 0.2392, 0.3479, 0.4025, 0.0923, 0.3756, 0.2701, 1.2162, 0.4359, 0.1946, 0.7732, 0.5021, 0.412, 0.4735, 0.6674, 0.2936, 0.0672, 0.6042, 0.0179, 0.1735, 0.4229, 0.2527, 1.1402, 0.2198, 0.7219, 0.203, 0.0826, 1.664, 0.3051, 2.6978, 0.2618],
      [3.6152, 1.0307, 0, 0.4227, 0.7231, 3.8408, 3.5127, 1.6408, 2.7442, 7.4367, 0.5639, 7.4678, 1.8613, 6.6935, 6.7861, 1.6921, 7.1653, 0.3609, 0.8304, 0.3143, 2.8994, 0.8018, 1.932, 2.0114, 0.4708, 2.2649, 0.9686, 4.4438, 1.6977, 0.9175, 4.3827, 2.273, 1.9235, 2.0894, 3.6234, 0.8798, 0.4992, 2.2767, 0.2832, 0.4248, 3.3892, 2.7405, 8.7125, 0.8183, 4.2494, 0.6737, 0.3376, 9.5518, 3.9581, 18.4235, 6.2069],
      [48.3653, 2.3101, 0, 0.3944, 6.5358, 13.2936, 24.9986, 9.8492, 18.348, 53.0495, 5.1565, 81.3869, 17.3136, 59.4412, 97.4046, 7.7488, 42.6724, 1.255, 9.3127, 1.5198, 13.7826, 13.9555, 6.2348, 23.8965, 3.2089, 15.7851, 6.1935, 61.9919, 12.1317, 7.1704, 37.2719, 37.1103, 12.7512, 23.9465, 39.3707, 8.5507, 3.1296, 19.2965, 0.5977, 7.3205, 23.3207, 12.6797, 55.7104, 10.8815, 40.6985, 9.8211, 0.5181, 101.0464, 16.97, 91.3882, 21.2097],
      [3.7167, 0.3358, 0, 0.0837, 0.6, 1.4851, 2.6775, 1.3043, 1.4065, 9.0821, 2.0046, 12.324, 3.3971, 9.1747, 10.4657, 1.3095, 9.2294, 0.2944, 0.7025, 0.0887, 1.9732, 0.974, 1.451, 2.6357, 0.2177, 3.4726, 0.5378, 8.1993, 2.6743, 1.6797, 4.4742, 4.9787, 2.847, 4.3778, 4.2511, 1.2357, 0.2877, 3.7251, 0.0551, 1.0328, 1.7756, 2.2764, 11.1977, 2.0389, 6.2342, 1.264, 0.0598, 14.3517, 2.6809, 19.8775, 4.1643],
      [0.0695, 0.0219, 0, 0.0992, 0.0257, 0.0616, 0.1104, 0.0501, 0.0591, 0.2401, 0.0412, 0.2564, 0.1161, 0.1881, 0.2662, 0.0475, 0.2418, 0.0244, 0.0215, 0.0052, 0.0654, 0.0295, 0.0342, 0.0539, 0.0102, 0.1019, 0.03, 0.1487, 0.0604, 0.0378, 0.098, 0.1359, 0.0663, 0.1129, 0.0874, 0.0401, 0.0163, 0.0974, 0.0462, 0.0484, 0.0917, 0.0506, 0.2392, 0.0415, 0.096, 0.0382, 0.0019, 0.3862, 0.086, 0.613, 0.1573]
    ],
    [
      [1.0441, 0.0775, 0, 0, 0.2398, 0.2387, 0.6907, 0.258, 0.79, 2.0218, 0.2645, 2.2384, 0.5462, 1.4123, 2.3246, 0.3335, 0.7253, 0.1065, 0.4372, 0.2062, 0.3988, 0.1483, 0.3483, 0.8572, 0.2, 0.4165, 1.0204, 0.9509, 0.5361, 0.2429, 1.2103, 0.6803, 0.6211, 0.5344, 0.7499, 0.6009, 0.1408, 1.076, 0.0026, 0.2768, 0.9396, 0.3229, 1.3274, 0.2585, 0.7979, 0.3816, 0.1409, 1.506, 0.1622, 2.7791, 0.1912],
      [16.8179, 1.7431, 0, 0, 8.5636, 16.786, 19.9716, 15.204, 27.4376, 68.9574, 3.7841, 59.0541, 18.184, 34.42, 41.6481, 15.6301, 41.7905, 3.7551, 15.7143, 5.5413, 23.1265, 3.0845, 11.2544, 23.691, 5.5992, 14.0637, 20.1312, 19.4054, 11.7674, 6.4989, 37.5935, 17.0832, 16.0251, 13.0959, 22.5622, 10.2078, 6.2205, 22.3554, 0.9263, 3.8875, 41.4832, 19.5525, 55.4637, 5.513, 25.8595, 7.4895, 3.9254, 47.0488, 12.1272, 103.7208, 25.71],
      [6.1404, 0.3743, 0, 0, 2.03, 1.1939, 3.5285, 2.4267, 5.3154, 13.3102, 0.7553, 16.9543, 4.0556, 8.3934, 16.421, 1.9025, 6.6976, 0.2945, 4.6029, 0.7506, 2.8955, 0.7088, 0.9406, 7.6724, 1.4768, 2.5829, 5.2784, 6.9681, 2.1976, 1.3215, 8.7395, 7.3392, 2.8393, 4.0483, 6.476, 2.6042, 1.7458, 5.1379, 0.0104, 1.7621, 7.9683, 2.3879, 9.6987, 1.8959, 6.739, 2.6915, 0.8151, 13.7669, 1.185, 13.9412, 2.4405],
      [14.7107, 0.7407, 0, 0, 4.3215, 3.0828, 12.0786, 9.799, 17.6809, 47.8322, 6.5768, 55.1806, 15.537, 28.0924, 38.2078, 7.9254, 34.0282, 1.2744, 13.0523, 1.9542, 10.1677, 1.7206, 4.0085, 20.9661, 3.3488, 12.3087, 17.0158, 19.7882, 10.394, 6.2917, 25.0914, 20.3293, 14.0611, 15.5027, 15.6578, 8.4052, 4.2004, 21.9036, 0.0513, 7.7641, 29.1977, 8.8347, 41.4393, 7.5731, 21.848, 6.5598, 1.2856, 47.4835, 3.8608, 68.7724, 11.6682],
      [1.287, 0.0644, 0, 0, 0.8451, 0.6986, 1.7306, 1.3124, 1.7761, 5.8784, 0.6193, 5.5725, 3.6771, 2.6819, 4.3985, 1.2084, 3.7584, 0.5694, 1.1933, 0.5478, 1.4116, 0.3378, 0.4481, 1.8133, 0.3752, 1.6282, 2.5543, 1.8873, 1.105, 0.645, 2.3653, 2.568, 1.4534, 1.8187, 1.5541, 1.1819, 0.6925, 2.5271, 0.0093, 1.3094, 3.4112, 0.902, 4.071, 0.7594, 1.7556, 0.8775, 0.833, 5.1948, 0.6648, 9.7865, 1.9902]
    ],
    [
      [2.7557, 0.4023, 0.08, 0, 1.2258, 3.3836, 1.6967, 1.6866, 7.959, 8.4011, 0.5666, 7.5414, 1.2177, 5.3663, 11.7298, 1.9271, 2.1099, 0.955, 1.3056, 0.998, 3.2291, 3.1092, 1.7193, 4.8785, 1.8284, 1.7173, 7.0531, 7.8071, 4.8093, 1.2875, 7.8618, 2.2051, 4.3695, 3.0061, 5.4432, 2.1402, 1.8268, 5.1247, 0.4389, 2.826, 6.7865, 1.4897, 6.5769, 3.2033, 3.9606, 1.0234, 3.151, 7.4686, 2.127, 9.6417, 0.5992],
      [0.4142, 0.0646, 0, 0.0606, 0.4383, 1.3175, 0.4935, 1.0933, 2.6978, 2.8164, 0.0954, 1.8332, 0.4636, 1.3417, 1.6671, 0.7292, 1.5678, 0.3149, 0.4826, 0.2771, 1.5062, 0.5281, 0.425, 1.2967, 0.5368, 0.5946, 1.5171, 1.1769, 1.1518, 0.3653, 2.4759, 0.2789, 1.1993, 0.5859, 1.6324, 0.4172, 0.8858, 1.0946, 0.2576, 0.1435, 3.0857, 0.6512, 2.7699, 0.483, 1.3031, 0.1785, 0.8716, 2.1854, 1.0391, 3.2446, 0.6663],
      [9.4926, 0.1808, 0, 0.2649, 5.0132, 11.6904, 5.0804, 9.3766, 26.6676, 29.1859, 0.8561, 31.3552, 5.645, 16.7809, 44.1764, 5.4553, 12.8077, 1.5219, 7.6191, 2.0356, 12.4474, 14.4745, 3.2318, 22.3074, 5.4501, 5.198, 16.0991, 31.3208, 10.5377, 3.2209, 29.6014, 13.5096, 10.2943, 11.6329, 24.851, 5.3474, 8.425, 12.9891, 0.7829, 9.8215, 31.0608, 5.5526, 25.462, 12.2921, 17.3999, 3.6983, 12.3388, 37.5102, 9.2129, 25.9444, 6.0732],
      [106.3979, 11.8735, 2.92, 2.9844, 53.6281, 133.8031, 79.9305, 190.7114, 496.9396, 526.4446, 34.1425, 497.0409, 93.1179, 284.632, 512.5161, 115.1524, 322.9869, 28.8944, 105.5363, 28.2861, 218.8444, 139.2235, 65.3452, 307.106, 89.291, 128.0346, 344.705, 435.7907, 265.8545, 81.3255, 426.6874, 180.1123, 263.2278, 225.0407, 299.5183, 86.6711, 196.2657, 278.5195, 20.3877, 224.205, 575.5439, 103.6312, 546.5588, 267.9829, 283.639, 44.4893, 176.9155, 643.7305, 152.0755, 632.545, 132.7471],
      [3.9397, 0.4788, 0, 0.6901, 4.6946, 10.8053, 4.7987, 11.132, 19.7361, 28.152, 1.3394, 21.2293, 8.5559, 11.8791, 25.9106, 7.7361, 15.5277, 4.3139, 4.0564, 3.4031, 12.9729, 6.6646, 3.2788, 11.4113, 3.8938, 7.4556, 21.6257, 16.9046, 11.6466, 3.8008, 17.3735, 9.8941, 11.9091, 11.7344, 12.5551, 5.4241, 10.5967, 14.2722, 2.133, 15.0041, 29.5231, 4.6752, 23.6323, 10.0387, 9.6973, 2.6105, 17.7231, 31.1053, 9.5455, 38.6243, 9.9141]
    ],
    [
      [2.6729, 0.213, 0.358, 0, 0.6497, 2.2114, 1.4458, 1.0725, 3.644, 5.3738, 1.0108, 6.498, 0.9644, 5.8656, 7.5607, 1.3835, 1.9282, 0.3659, 1.2393, 0.7917, 1.5789, 1.812, 1.753, 2.061, 1.1904, 1.4522, 2.1729, 5.4968, 1.9913, 0.9757, 4.4146, 2.562, 1.9839, 1.9402, 3.6812, 1.7612, 0.6686, 3.3849, 0.2062, 1.3129, 3.2439, 1.0819, 4.7499, 1.0499, 2.9547, 0.5974, 2.5618, 4.7478, 1.1753, 9.9258, 0.7483],
      [1.562, 0.1328, 0, 0.478, 0.7742, 4.8599, 1.4828, 2.2872, 4.502, 6.6413, 0.4754, 6.1098, 1.1559, 5.2165, 4.7537, 2.2194, 4.1153, 0.3811, 1.5779, 0.7047, 3.1878, 1.1794, 1.9616, 2.0295, 1.1277, 1.7202, 1.54, 3.842, 1.5417, 0.9, 4.9502, 2.0409, 1.8322, 1.666, 3.9335, 1.0962, 1.0168, 2.5403, 0.4613, 0.3486, 5.2131, 2.2225, 7.2081, 0.773, 3.4479, 0.3841, 2.3062, 5.422, 2.9145, 13.3117, 3.6771],
      [103.5266, 1.6252, 3.7652, 5.106, 32.7317, 85.6888, 49.1326, 65.7429, 146.3457, 223.3472, 19.8243, 315.6239, 48.8266, 218.1857, 333.3755, 49.1859, 115.3332, 6.5301, 84.5939, 17.644, 72.8781, 97.6753, 31.2502, 114.3482, 42.9024, 56.3766, 56.0599, 260.5885, 52.1013, 32.9471, 199.0888, 178.348, 57.4724, 91.3546, 201.1761, 50.0139, 36.0668, 101.6541, 6.3558, 44.7414, 172.1247, 49.9701, 217.6762, 48.7141, 155.2218, 26.1983, 94.9067, 274.0267, 60.7441, 315.0562, 61.4298],
      [12.9259, 0.9038, 0.8768, 0.5674, 3.2679, 9.8523, 8.4027, 12.8825, 26.7695, 38.4129, 7.0997, 48.3916, 9.5445, 34.7312, 36.9956, 9.6402, 28.3103, 1.2797, 11.2321, 2.3156, 12.3783, 9.9217, 6.3163, 14.4853, 7.2063, 12.4237, 10.3069, 34.6311, 11.4722, 7.3274, 27.4185, 22.9599, 13.3758, 16.3216, 22.9412, 7.5217, 7.9681, 20.672, 1.2411, 9.9346, 30.8982, 8.57, 43.845, 9.3683, 23.8167, 2.8571, 18.5213, 45.8573, 9.8401, 73.7176, 15.2059],
      [2.3127, 0.1252, 0, 0.8486, 1.5765, 4.3875, 2.5362, 4.0149, 5.7388, 11.2248, 1.5898, 11.3766, 4.5087, 8.001, 10.3145, 3.5709, 7.3131, 1.4431, 2.3567, 1.544, 3.9769, 2.4117, 1.7188, 3.076, 1.5731, 4.0272, 3.9202, 7.4416, 2.8935, 1.8499, 6.1279, 7.0892, 3.3357, 4.7176, 5.2682, 2.6071, 2.2797, 5.7487, 0.7357, 3.6624, 8.52, 2.1555, 10.5208, 2.0946, 4.5589, 0.9631, 9.704, 11.9462, 3.326, 24.9888, 5.9389]
    ],
    [
      [1.0594, 0.1855, 0, 0, 0.6193, 0.9269, 0.3878, 0.6846, 2.4506, 3.0513, 0.1771, 2.2162, 0.4915, 2.182, 4.3386, 0.8969, 0.8108, 0.1365, 0.3779, 0.3154, 1.3849, 1.505, 0.6234, 1.4295, 0.443, 0.5525, 2.0304, 2.6094, 1.5994, 0.4744, 2.2094, 0.9897, 1.2954, 1.0501, 1.8204, 0.9243, 0.6073, 2.274, 0.0523, 1.3477, 1.8206, 0.4223, 2.6588, 1.0832, 1.3044, 0.6835, 1.0573, 2.8774, 0.5955, 3.2062, 0.1383],
      [0.0113, 0.008, 0, 0.01, 0.0157, 0.0194, 0.0041, 0.0272, 0.0561, 0.0682, 0.0032, 0.0247, 0.0233, 0.0362, 0.0251, 0.014, 0.0292, 0.0018, 0.0079, 0.007, 0.0253, 0.0142, 0.0085, 0.0254, 0.0092, 0.0146, 0.0281, 0.0178, 0.0258, 0.0115, 0.0464, 0.007, 0.0245, 0.0113, 0.0382, 0.013, 0.0197, 0.0286, 0.002, 0.0038, 0.0523, 0.0086, 0.0701, 0.0083, 0.0287, 0.0047, 0.0236, 0.0479, 0.0171, 0.0552, 0.0031],
      [10.3523, 0.3358, 0, 0.5241, 8.23, 9.5038, 3.1677, 10.6411, 25.5456, 32.9372, 0.9303, 27.5973, 6.6497, 20.937, 49.4585, 8.226, 12.0401, 0.5994, 6.573, 1.6636, 16.4382, 20.7819, 2.6188, 20.6559, 4.1506, 5.6085, 13.4972, 32.3328, 10.7714, 4.1864, 25.9153, 17.9134, 9.6844, 12.843, 26.1766, 6.528, 8.3932, 17.484, 0.4098, 13.8597, 24.8666, 5.0907, 31.4495, 12.9473, 17.8044, 7.7102, 10.4712, 42.6344, 8.0406, 26.3258, 2.218],
      [17.7225, 2.3667, 0, 1.1278, 12.6699, 16.8229, 7.8078, 31.3289, 69.3781, 86.0793, 5.6252, 64.5565, 17.6318, 51.0956, 83.7623, 24.6987, 44.3993, 1.7459, 13.3672, 3.451, 41.9237, 29.7825, 8.2354, 40.8924, 9.8498, 19.3956, 42.0677, 65.7078, 38.463, 14.4874, 53.9636, 35.6094, 34.9896, 35.7404, 45.4868, 15.3302, 28.0699, 53.6698, 1.3465, 44.6961, 66.8827, 13.6903, 97.4161, 40.9633, 41.9595, 13.5676, 28.4432, 106.8582, 19.7801, 93.924, 7.7213],
      [0.8545, 0.1039, 0, 0.3382, 1.4651, 1.727, 0.6326, 2.3183, 3.5696, 5.8641, 0.2643, 3.6053, 2.2038, 2.7492, 5.4154, 2.1644, 2.7207, 0.5165, 0.674, 0.563, 3.2278, 1.9164, 0.5139, 1.9968, 0.5475, 1.4287, 3.3767, 3.3321, 2.1405, 0.8403, 2.8654, 2.4805, 2.0062, 2.3552, 2.4779, 1.2044, 1.9099, 3.5435, 0.1893, 4.0927, 4.3778, 0.7881, 5.4055, 1.9979, 1.903, 1.034, 4.0046, 6.5821, 1.5666, 7.4887, 0.9193]
    ],
    [
      [9.1809, 0.6594, 0.562, 0, 3.647, 5.9634, 7.1441, 6.8272, 14.8694, 16.3927, 1.1167, 29.0524, 10.5539, 27.3203, 33.4393, 5.5929, 11.3162, 1.7048, 4.3639, 2.9311, 9.8163, 5.9115, 2.5805, 12.7534, 8.3522, 4.4178, 15.1005, 25.045, 14.6427, 6.6524, 24.4492, 6.6773, 17.3054, 10.6094, 18.4825, 5.7237, 2.7773, 10.907, 1.1853, 5.4887, 14.5594, 4.9275, 21.2213, 5.0289, 14.705, 4.5479, 4.6768, 17.7945, 3.163, 33.6699, 1.3994],
      [0.0298, 0.0021, 0, 0.0288, 0.0324, 0.061, 0.057, 0.0819, 0.1076, 0.1033, 0.0012, 0.1537, 0.0416, 0.1436, 0.1045, 0.0526, 0.1345, 0.0113, 0.0356, 0.0162, 0.1084, 0.0214, 0.0033, 0.0738, 0.0502, 0.0312, 0.0639, 0.0871, 0.0677, 0.0384, 0.1635, 0.0229, 0.0938, 0.0488, 0.1204, 0.0199, 0.0242, 0.0461, 0.0143, 0.0112, 0.1374, 0.0564, 0.1895, 0.02, 0.1027, 0.0188, 0.0241, 0.112, 0.0388, 0.2618, 0.0099],
      [18.513, 0.1545, 0.2348, 0.7107, 10.5517, 12.4967, 13.3004, 21.8715, 32.6055, 36.9434, 1.0947, 77.3897, 28.1223, 54.9333, 80.2043, 10.8887, 34.7869, 1.4665, 16.1464, 2.9853, 24.6875, 17.8544, 1.9887, 38.7775, 15.9726, 9.3573, 20.9191, 65.3227, 20.5428, 12.0841, 60.2926, 24.5287, 26.9494, 27.1905, 55.8032, 8.1898, 7.9653, 17.5753, 1.7723, 11.8379, 41.7721, 12.5143, 52.8918, 12.6175, 42.2144, 11.1619, 9.4444, 55.0623, 8.7651, 58.6351, 5.2476],
      [5.2151, 0.1813, 0.2032, 0.2367, 2.6871, 3.3771, 5.3775, 10.0016, 14.2137, 14.2693, 0.7744, 28.9616, 10.0949, 21.2875, 21.852, 5.3367, 20.4002, 0.7774, 5.3826, 1.0298, 10.1663, 4.1412, 0.4131, 12.2387, 5.5276, 5.085, 10.676, 21.2634, 11.56, 6.1098, 19.8106, 7.6132, 14.3996, 11.9201, 15.3735, 2.9958, 4.1508, 8.3116, 0.9923, 6.5053, 18.1931, 5.4122, 26.2848, 6.2466, 15.797, 3.1939, 3.7193, 21.6444, 2.9595, 33.6943, 2.2738],
      [0.0612, 0.0028, 0, 0.0238, 0.0818, 0.1018, 0.1209, 0.2178, 0.2039, 0.2912, 0.013, 0.4426, 0.1873, 0.3154, 0.3999, 0.129, 0.3622, 0.04, 0.0715, 0.0376, 0.2214, 0.0714, 0.0144, 0.1566, 0.0974, 0.1087, 0.2405, 0.2818, 0.1869, 0.1152, 0.284, 0.1579, 0.2518, 0.2312, 0.2204, 0.0708, 0.0824, 0.1599, 0.0359, 0.1569, 0.338, 0.0896, 0.4125, 0.0871, 0.1809, 0.0776, 0.1354, 0.3868, 0.0735, 0.7389, 0.0693]
    ],
    [
      [4.0538, 0.1608, 0, 0, 1.5029, 1.957, 1.9341, 1.3156, 4.8448, 6.5677, 0.6306, 5.8889, 0.9144, 5.3511, 6.5296, 1.664, 2.4185, 0.666, 1.1431, 0.6858, 2.3125, 2.2747, 1.6276, 3.618, 0.8938, 1.0681, 4.3527, 5.8746, 3.9854, 1.1726, 5.0815, 1.3836, 4.0128, 2.3863, 4.1554, 2.556, 0.912, 3.6292, 0.0969, 1.5743, 4.2271, 1.503, 4.3254, 2.1563, 3.5555, 1.5632, 2.3295, 5.9417, 1.4719, 9.0795, 0.6617],
      [0.5497, 0.0188, 0, 0, 0.4527, 1.1153, 0.4782, 0.6657, 1.4547, 1.9767, 0.0768, 1.3565, 0.2703, 1.1485, 1.0154, 0.6626, 1.1974, 0.1749, 0.3513, 0.1394, 1.1464, 0.3705, 0.4151, 0.8722, 0.2061, 0.3108, 0.7511, 1.0269, 0.748, 0.2684, 1.3878, 0.2941, 0.9016, 0.5028, 1.0899, 0.3661, 0.3338, 0.6581, 0.0553, 0.1806, 1.6391, 0.7683, 1.5862, 0.3844, 1.0088, 0.2506, 0.5114, 1.6321, 0.9052, 2.9824, 0.7267],
      [3.6098, 0.0193, 0, 0, 1.9077, 2.1328, 1.7918, 2.0919, 5.1723, 7.2266, 0.3828, 7.6928, 1.3873, 5.3285, 6.9597, 1.5927, 3.6621, 0.3326, 2.1521, 0.401, 2.8707, 3.5496, 0.7351, 5.342, 0.8385, 1.0917, 2.9528, 7.4751, 2.7175, 1.0695, 6.0905, 2.2508, 3.0091, 2.9842, 6.1464, 1.7659, 1.2742, 2.8631, 0.0712, 1.6568, 5.8868, 1.8046, 5.1114, 2.6516, 4.922, 1.7187, 2.5057, 8.9532, 2.0823, 7.7091, 1.3812],
      [25.3111, 0.5982, 0, 0, 11.8255, 13.5768, 15.7253, 22.9723, 52.6117, 70.8797, 7.7767, 66.5447, 12.6768, 47.9866, 47.2005, 17.9371, 50.6458, 3.7337, 15.727, 2.8746, 27.5464, 18.2365, 8.2305, 39.6758, 7.5587, 14.2797, 34.6908, 56.6195, 36.5821, 13.7785, 47.5542, 18.3971, 41.0991, 31.0967, 39.7714, 15.8403, 16.0575, 33.1983, 0.926, 20.8621, 59.5088, 18.5852, 60.2584, 31.8269, 43.7055, 12.0682, 24.0553, 84.0744, 18.8031, 102.4693, 17.2195],
      [7.4756, 0.203, 0, 0, 8.3112, 8.2181, 7.0705, 9.9545, 15.9164, 28.3493, 2.1331, 21.5172, 9.7511, 15.1853, 18.2948, 9.1436, 18.0762, 6.0928, 4.6265, 2.8993, 12.124, 6.5687, 2.9917, 11.492, 2.5029, 6.2497, 16.2527, 17.0039, 11.9671, 4.711, 14.8859, 7.6744, 13.9774, 12.0301, 12.837, 7.4717, 6.4225, 12.6512, 0.8506, 10.7262, 22.7382, 6.3388, 19.7187, 8.9808, 11.8082, 5.3992, 20.598, 30.3985, 8.7375, 47.7598, 10.0109]
    ]
  ],
  "V_est": [
    [27.1231, 154.8279, 1238.2965, 186.6839, 5.0686],
    [33.7752, 1051.4761, 231.4224, 799.5756, 95.7507],
    [180.017, 52.7172, 663.2939, 11463.9529, 586.0191],
    [120.4857, 135.2259, 5185.6031, 863.7236, 243.9617],
    [62.3784, 1.0866, 695.7202, 1746.5514, 116.2635],
    [527.2092, 3.2804, 1235.3386, 490.3327, 8.839],
    [138.0114, 37.3859, 155.3253, 1481.1799, 577.0975]
  ],
  "p_est": [
    [0.0168, 0.096, 0.7682, 0.1158, 0.0031],
    [0.0153, 0.4754, 0.1046, 0.3615, 0.0433],
    [0.0139, 0.0041, 0.0512, 0.8855, 0.0453],
    [0.0184, 0.0206, 0.7918, 0.1319, 0.0373],
    [0.0238, 0.0004, 0.2653, 0.6661, 0.0443],
    [0.2328, 0.0014, 0.5454, 0.2165, 0.0039],
    [0.0578, 0.0156, 0.065, 0.62, 0.2416]
  ],
  "EI_Z": {},
  "EI_V": 9.7463,
  "MAE_Z": {},
  "MAE_V": 170.3933,
  "MAE_p": 0.0608,
  "runtime": 0.552
}
