{
  "X": [
    [22, 23, 200, 186, 16],
    [2, 3, 5, 17, 1],
    [1, 0, 4, 4, 0],
    [0, 1, 7, 5, 2],
    [8, 11, 67, 89, 17],
    [15, 28, 136, 182, 26],
    [14, 26, 101, 132, 17],
    [12, 21, 122, 279, 29],
    [35, 39, 260, 679, 47],
    [43, 88, 396, 793, 80],
    [4, 5, 29, 64, 6],
    [55, 76, 558, 773, 64],
    [15, 22, 112, 162, 29],
    [49, 49, 384, 477, 41],
    [68, 56, 628, 751, 65],
    [12, 21, 85, 182, 24],
    [20, 56, 228, 510, 48],
    [4, 5, 12, 38, 13],
    [9, 19, 131, 165, 13],
    [6, 7, 27, 40, 9],
    [19, 32, 146, 323, 34],
    [15, 6, 169, 204, 18],
    [9, 16, 47, 94, 9],
    [26, 30, 233, 438, 30],
    [13, 8, 74, 123, 9],
    [10, 19, 96, 195, 21],
    [32, 25, 121, 460, 48],
    [49, 30, 466, 642, 47],
    [28, 17, 111, 377, 30],
    [11, 9, 62, 131, 12],
    [46, 51, 367, 605, 44],
    [15, 22, 281, 290, 30],
    [30, 22, 123, 384, 33],
    [20, 18, 174, 340, 33],
    [35, 33, 360, 443, 35],
    [14, 13, 83, 138, 18],
    [7, 9, 67, 257, 22],
    [27, 29, 177, 420, 39],
    [2, 2, 10, 25, 4],
    [13, 5, 91, 315, 35],
    [32, 55, 307, 782, 69],
    [10, 26, 90, 161, 15],
    [42, 76, 398, 827, 64],
    [13, 8, 102, 366, 24],
    [28, 36, 285, 437, 30],
    [9, 9, 63, 84, 11],
    [14, 8, 131, 253, 53],
    [42, 66, 533, 964, 86],
    [9, 21, 107, 210, 24],
    [71, 142, 539, 1025, 130],
    [4, 37, 100, 191, 29]
  ],
  "W": [
    [57, 40, 123, 123, 30, 33, 41],
    [4, 3, 13, 3, 3, 1, 1],
    [0, 0, 3, 5, 0, 1, 0],
    [1, 0, 4, 7, 2, 1, 0],
    [8, 16, 65, 39, 23, 17, 24],
    [19, 22, 161, 107, 29, 22, 27],
    [32, 38, 92, 63, 12, 26, 27],
    [13, 29, 214, 86, 45, 39, 37],
    [23, 53, 554, 187, 101, 62, 80],
    [71, 138, 595, 285, 128, 68, 115],
    [8, 12, 37, 30, 7, 3, 11],
    [103, 139, 559, 388, 98, 136, 103],
    [23, 42, 109, 65, 27, 49, 25],
    [77, 75, 320, 272, 77, 104, 75],
    [117, 103, 596, 393, 143, 136, 80],
    [11, 27, 131, 66, 36, 22, 31],
    [60, 87, 355, 157, 60, 67, 76],
    [2, 6, 36, 10, 3, 4, 11],
    [11, 35, 119, 101, 21, 26, 24],
    [2, 9, 35, 23, 6, 7, 7],
    [19, 38, 249, 94, 63, 45, 46],
    [16, 6, 164, 113, 54, 28, 31],
    [10, 17, 74, 43, 12, 5, 14],
    [29, 55, 347, 136, 65, 64, 61],
    [4, 11, 101, 54, 15, 30, 12],
    [22, 31, 143, 76, 27, 19, 23],
    [8, 46, 391, 74, 61, 47, 59],
    [76, 49, 493, 312, 104, 112, 88],
    [17, 26, 294, 70, 53, 47, 56],
    [10, 15, 90, 44, 20, 25, 21],
    [47, 75, 484, 242, 85, 105, 75],
    [45, 48, 206, 213, 57, 39, 30],
    [18, 35, 291, 78, 48, 59, 63],
    [31, 35, 252, 116, 52, 50, 49],
    [48, 47, 344, 237, 76, 90, 64],
    [11, 23, 100, 63, 24, 17, 28],
    [4, 13, 218, 48, 39, 15, 25],
    [26, 53, 312, 134, 77, 37, 53],
    [1, 1, 24, 9, 2, 4, 2],
    [9, 15, 252, 60, 64, 24, 35],
    [29, 83, 646, 220, 98, 75, 94],
    [18, 32, 116, 64, 20, 23, 29],
    [77, 112, 605, 284, 137, 101, 91],
    [14, 16, 294, 62, 57, 24, 46],
    [52, 57, 316, 190, 63, 73, 65],
    [12, 18, 52, 31, 23, 19, 21],
    [1, 7, 211, 128, 44, 18, 50],
    [127, 115, 722, 342, 159, 95, 131],
    [24, 18, 174, 78, 30, 15, 32],
    [133, 199, 710, 437, 131, 127, 170],
    [32, 42, 150, 87, 11, 9, 30]
  ],
  "method": "mvn_cdf",
  "mvncdf_method": "genz",
  "mvncdf_samples": 5000,
  "mvncdf_error": 0.001,
  "cond_prob": [
    [
      [0.021636311947, 0.063425292109, 0.84851321186, 0.06520592033, 0.0012192637578],
      [0.026102609895, 0.42044628393, 0.15350966703, 0.36776752912, 0.032173910022],
      [0.022403780231, 0.0033674902658, 0.077175419727, 0.86502335862, 0.032029951157],
      [0.021730699056, 0.012698882309, 0.84167945614, 0.10508875103, 0.018802211459],
      [0.035314395338, 0.00037522864229, 0.34507763222, 0.59075049347, 0.028482250326],
      [0.27820838351, 0.00090288537735, 0.56100099149, 0.15803424448, 0.0018534951418],
      [0.098872594019, 0.013407099735, 0.0880450933, 0.61734456139, 0.18233065155]
    ],
    [
      [0.075379923006, 0.25766349825, 0.57752396929, 0.083956728554, 0.005475880898],
      [0.025848186961, 0.5810385339, 0.12475958471, 0.24688647214, 0.021467222285],
      [0.030945655581, 0.0049659238131, 0.013909472333, 0.91334789482, 0.036831053456],
      [0.071010634893, 0.044252941757, 0.5417297352, 0.30127231728, 0.04173437087],
      [0.061826981537, 0.0026720125628, 0.11194811837, 0.78890715369, 0.034645733844],
      [0.65936601736, 0.0021019745963, 0.15446127185, 0.18130196609, 0.0027687701029],
      [0.1607633579, 0.018796558152, 0.019307395823, 0.59815065775, 0.20298203038]
    ],
    [
      ["NaN", "NaN", "NaN", "NaN", "NaN"],
      ["NaN", "NaN", "NaN", "NaN", "NaN"],
      [0.026662937883, 0, 0, 0.97333706212, 0],
      [0.071605506569, 0, 0.75303752126, 0.17535697217, 0],
      ["NaN", "NaN", "NaN", "NaN", "NaN"],
      [0.56198365351, 0, 0.23481239368, 0.20320395281, 0],
      ["NaN", "NaN", "NaN", "NaN", "NaN"]
    ],
    [
      [0, 0.42269312326, 0.39438478592, 0.083684722272, 0.099237368552],
      ["NaN", "NaN", "NaN", "NaN", "NaN"],
      [0, 0.015144312251, 0.066226739103, 0.74609736117, 0.17253158747],
      [0, 0.06827940736, 0.72942579282, 0.081063036105, 0.12123176371],
      [0, 0.0049895914276, 0.26203059764, 0.56387901636, 0.16910079457],
      [0, 0.028794593365, 0.71066651264, 0.23672654759, 0.023812346411],
      ["NaN", "NaN", "NaN", "NaN", "NaN"]
    ],
    [
      [0.014426883635, 0.090389947121, 0.81697557702, 0.074996115869, 0.0032114763521],
      [0.014990147176, 0.53522284957, 0.12687219887, 0.27009545311, 0.052819351284],
      [0.018858250988, 0.0067427204084, 0.077125497355, 0.82504830934, 0.072225221909],
      [0.016659952584, 0.019852341436, 0.83927458888, 0.083791317095, 0.040421800006],
      [0.026925083569, 0.00068255691824, 0.35782491662, 0.5508673274, 0.063700115492],
      [0.21453216327, 0.0019034301212, 0.62068978126, 0.15806252372, 0.0048121016266],
      [0.062620600559, 0.018864148593, 0.079486439324, 0.49272878818, 0.34630002335]
    ],
    [
      [0.016789118218, 0.20214555535, 0.69966080928, 0.078160532435, 0.0032439847152],
      [0.010848028639, 0.76299959445, 0.054270272659, 0.14012603427, 0.031756069977],
      [0.021016277101, 0.0081835379921, 0.072611446829, 0.8310751373, 0.067113600774],
      [0.020667521369, 0.045419847823, 0.80083014707, 0.092077531649, 0.04100495209],
      [0.031962468343, 0.00067032257573, 0.327716321, 0.58009910286, 0.059551785222],
      [0.27106266451, 0.0027727860016, 0.56802990752, 0.15350551801, 0.0046291239594],
      [0.072482019361, 0.041308495923, 0.078992543507, 0.50284402809, 0.30437291312]
    ],
    [
      [0.021898498905, 0.10977293833, 0.78120654578, 0.083673246704, 0.003448770289],
      [0.018175999145, 0.52556914598, 0.092854678853, 0.31785852893, 0.045541647092],
      [0.018442786351, 0.0053646238452, 0.055222237975, 0.86881027826, 0.052160073565],
      [0.022948504003, 0.023535835394, 0.77988217423, 0.13337579576, 0.040257690611],
      [0.03231584377, 0.00034327197884, 0.26397299561, 0.6506472043, 0.052720684343],
      [0.27477426342, 0.0021924040649, 0.51155484505, 0.20682783622, 0.0046506512387],
      [0.071635073957, 0.017711616045, 0.06636251665, 0.58241929926, 0.26187149409]
    ],
    [
      [0.011967454076, 0.1262171042, 0.7576320889, 0.10033168036, 0.0038516724651],
      [0.0088948479017, 0.52427554791, 0.083678692024, 0.33789570205, 0.045255210112],
      [0.0078814294144, 0.0051086829558, 0.043816024837, 0.89117498109, 0.052018881701],
      [0.01247078881, 0.026595153858, 0.76445290215, 0.1497961346, 0.046685020583],
      [0.015212856527, 0.00060360224149, 0.23646830685, 0.69619787887, 0.051517355512],
      [0.17505585972, 0.0020992979702, 0.56080893434, 0.25645066202, 0.0055852459538],
      [0.035556802782, 0.017992179728, 0.056537827797, 0.62087348374, 0.26903970596]
    ],
    [
      [0.019228731928, 0.11931303672, 0.79773827331, 0.061150145314, 0.002569812726],
      [0.014905353239, 0.51769047998, 0.10029112265, 0.33360165495, 0.033511389177],
      [0.014366365486, 0.0048697473548, 0.048136435024, 0.8970028039, 0.035624648238],
      [0.019486436201, 0.024075040925, 0.78259714723, 0.14315263904, 0.030688736604],
      [0.024263324777, 0.00055503650864, 0.2529263742, 0.68691219525, 0.035343069264],
      [0.23982922389, 0.0017347290962, 0.52589444703, 0.22925345681, 0.0032881431705],
      [0.060560221392, 0.018184001721, 0.064653989595, 0.65764645054, 0.19895533675]
    ],
    [
      [0.016782939291, 0.10474213046, 0.74717558976, 0.12791714843, 0.0033821920646],
      [0.014650793236, 0.49969118468, 0.096450879218, 0.34660983595, 0.042597306913],
      [0.014119466843, 0.0047335132405, 0.049051969627, 0.88478075735, 0.047314292937],
      [0.018855603994, 0.023302838909, 0.7836742822, 0.1347819788, 0.039385296097],
      [0.023838219007, 0.00053271225325, 0.25732174807, 0.67249441963, 0.045812901042],
      [0.24106890117, 0.001519505446, 0.5432859106, 0.20984278081, 0.0042829019788],
      [0.057110388016, 0.017188367356, 0.062839945808, 0.61634535398, 0.24651594484]
    ],
    [
      [0.029228178718, 0.07048755088, 0.64456109837, 0.25057665611, 0.0051465159214],
      [0.022039333445, 0.31534246324, 0.06294362406, 0.54806710028, 0.051607478973],
      [0.015312874082, 0.0025782659443, 0.02313852144, 0.92277084704, 0.03619949149],
      [0.033692934026, 0.015847724069, 0.66080856026, 0.23665768068, 0.05299310096],
      [0.025299170392, 0.00045232905993, 0.13289739082, 0.80359444114, 0.037756668588],
      [0.37222753706, 0.0003969746338, 0.36490364811, 0.25814003333, 0.0043318068602],
      [0.057323763921, 0.0069822949796, 0.034801176651, 0.70697714533, 0.19391561912]
    ],
    [
      [0.015192446393, 0.072503303567, 0.79016362187, 0.11965090054, 0.0024897276247],
      [0.016103487106, 0.42484999968, 0.12197334461, 0.3969830751, 0.040090093508],
      [0.013490791723, 0.0032794649948, 0.056091519264, 0.88916091017, 0.03797731385],
      [0.016747524617, 0.015747016058, 0.81346364187, 0.12472068256, 0.029321134901],
      [0.022614014546, 0.00025252621608, 0.28160538306, 0.65873937648, 0.036788699692],
      [0.21362026317, 0.0011301702168, 0.56904179724, 0.21295308399, 0.0032546853834],
      [0.057173514291, 0.013169863062, 0.074687259895, 0.64606463954, 0.20890472322]
    ],
    [
      [0.013560107606, 0.080927644667, 0.75276369206, 0.14770023781, 0.0050483178533],
      [0.013005556871, 0.43295323182, 0.096562865924, 0.36992916029, 0.087549185092],
      [0.011171469839, 0.0042531471461, 0.051788734624, 0.85429226887, 0.07849437952],
      [0.014836445641, 0.017782549306, 0.75117793347, 0.14683899022, 0.069364081366],
      [0.018202762502, 0.0008617869926, 0.24628441569, 0.65302814755, 0.081622887261],
      [0.21538633015, 0.00084844775685, 0.57392385404, 0.20601838134, 0.0038229867109],
      [0.036576807698, 0.010813100142, 0.055492355716, 0.50707269828, 0.39004503817]
    ],
    [
      [0.019512571619, 0.08692853621, 0.77196367635, 0.11915178482, 0.0024434309971],
      [0.018831205219, 0.45893387035, 0.11191196928, 0.37456487002, 0.035758085135],
      [0.016769582227, 0.0041929481732, 0.052440361537, 0.88947504671, 0.037122061354],
      [0.021564777064, 0.019178209563, 0.80215325882, 0.12768836702, 0.029415387539],
      [0.028337524079, 0.00046956012649, 0.27190951075, 0.66357921149, 0.035704193556],
      [0.26269484127, 0.0013807624945, 0.52820436999, 0.20468729886, 0.0030327273873],
      [0.071347374313, 0.015313207869, 0.071046804381, 0.63982157568, 0.20247103776]
    ],
    [
      [0.017755496783, 0.058001027786, 0.83251772505, 0.089450574095, 0.0022751762843],
      [0.022569174301, 0.40435030423, 0.15942694532, 0.37094945855, 0.042704117602],
      [0.019680857916, 0.002797188398, 0.074121521071, 0.85992633658, 0.043474096034],
      [0.019238363734, 0.012095853475, 0.84828370584, 0.094136403931, 0.026245673018],
      [0.030340170152, 0.00017521539575, 0.34586391807, 0.58575065078, 0.03787004561],
      [0.24587697382, 0.00076837550595, 0.58973761141, 0.16067626048, 0.0029407787823],
      [0.081620011078, 0.012693110529, 0.086995905153, 0.59000588458, 0.22868508866]
    ],
    [
      [0.018364833119, 0.15383111719, 0.70443550532, 0.11904720811, 0.0043213362601],
      [0.012353017973, 0.57889391595, 0.070463930865, 0.29353273559, 0.04475639962],
      [0.014710370432, 0.0055663653245, 0.041643431488, 0.87902592872, 0.059053904032],
      [0.020962785243, 0.033626934965, 0.74524149594, 0.14606369395, 0.054105089909],
      [0.024915106946, 0.00038761687307, 0.2285013258, 0.68607385864, 0.060122091741],
      [0.25422469427, 0.0023894226094, 0.49494165736, 0.24257891051, 0.0058653152429],
      [0.05367631851, 0.021375126137, 0.051377124531, 0.57861617562, 0.2949552552]
    ],
    [
      [0.011519058545, 0.11942167218, 0.71120659269, 0.15382331643, 0.0040293601448],
      [0.0083369015044, 0.48035009017, 0.076983937855, 0.39112891701, 0.043200153467],
      [0.0059432524322, 0.0044164231303, 0.036078159332, 0.90982215106, 0.043740014043],
      [0.012281213585, 0.02621236883, 0.73460628748, 0.18032010751, 0.046580022596],
      [0.013512609249, 0.00048666094576, 0.20066811072, 0.73998791529, 0.045344703792],
      [0.16889923981, 0.0020069795337, 0.51920692699, 0.30448058258, 0.0054062710916],
      [0.03182283274, 0.015755295019, 0.048185755213, 0.66639198392, 0.23784413311]
    ],
    [
      [0.032638047212, 0.18046735392, 0.6275001022, 0.14721545538, 0.01217904129],
      [0.017752365601, 0.62585047649, 0.049084836216, 0.21240557163, 0.094906750061],
      [0.026528005635, 0.0087469582193, 0.042273853604, 0.80262175785, 0.1198294247],
      [0.036593071471, 0.038111812142, 0.65301305482, 0.12797174314, 0.14431031843],
      [0.045489829617, 0.00059218094665, 0.19979447308, 0.5819647397, 0.17215877665],
      [0.4261945121, 0.0028284624172, 0.3666292303, 0.19435204226, 0.0099957529215],
      [0.06054756883, 0.015896674853, 0.030236469086, 0.3394302325, 0.55388905474]
    ],
    [
      [0.012086741582, 0.075488872567, 0.84660673596, 0.063865541742, 0.0019521081492],
      [0.012490836467, 0.44898029383, 0.131511728, 0.37292227575, 0.034094865946],
      [0.010971355712, 0.0040551837447, 0.064026104431, 0.88685954532, 0.034087810792],
      [0.012270693443, 0.015622911148, 0.83756306786, 0.11120918951, 0.023334138039],
      [0.017995392244, 0.00037823825752, 0.31299948532, 0.63653239979, 0.032094484391],
      [0.16784226493, 0.0013703288412, 0.62101518247, 0.20702240564, 0.0027498181206],
      [0.04763054473, 0.014635819698, 0.089668966974, 0.65529260057, 0.19277206803]
    ],
    [
      [0.035952947269, 0.15717198995, 0.75990973557, 0.044361923591, 0.0026034036186],
      [0.022911593376, 0.61569780766, 0.083398337188, 0.21713067569, 0.060861586085],
      [0.028514777808, 0.0079174028577, 0.058160857683, 0.80817474193, 0.097232219716],
      [0.034420176555, 0.030640024313, 0.76713012477, 0.10067802244, 0.067131651916],
      [0.052563308952, 0.0011606192792, 0.27726643087, 0.57517326369, 0.093836377209],
      [0.41872238531, 0.002315265072, 0.42647528312, 0.14711379814, 0.0053732683583],
      [0.097967418595, 0.019910788682, 0.057292434061, 0.41065048836, 0.4141788703]
    ],
    [
      [0.014706158682, 0.1525992036, 0.72540135643, 0.10385251495, 0.0034407663455],
      [0.01049438779, 0.60859178813, 0.076196062739, 0.26757090519, 0.037146856148],
      [0.012968396487, 0.006048893167, 0.049989737037, 0.87889309905, 0.052099874263],
      [0.016797025218, 0.0339130897, 0.77529899539, 0.13168360588, 0.042307283816],
      [0.021983261829, 0.00040222622127, 0.26092306471, 0.6654558868, 0.051235560434],
      [0.21813924502, 0.0024095990155, 0.54861174208, 0.22591836052, 0.0049210533624],
      [0.050272470263, 0.024920655318, 0.062406354012, 0.59883521982, 0.26356530058]
    ],
    [
      [0.014951343098, 0.050114049643, 0.87222031889, 0.060873327143, 0.0018409612255],
      [0.024715045016, 0.51408848189, 0.11812880045, 0.28676602034, 0.056301652306],
      [0.018958609675, 0.0032203753955, 0.088259356959, 0.84892388249, 0.040637775485],
      [0.016035551666, 0.010436996178, 0.86438282571, 0.087802326567, 0.021342299877],
      [0.027870801358, 0.00026305946133, 0.38484998675, 0.55152794118, 0.035488211247],
      [0.21112605726, 0.00076572318859, 0.63765586515, 0.1479012883, 0.0025510661097],
      [0.073377614152, 0.011950861975, 0.11450466902, 0.5882743909, 0.21189246396]
    ],
    [
      [0.034794673561, 0.1932046958, 0.62348058173, 0.14509867987, 0.0034213690367],
      [0.020489295468, 0.66202383932, 0.055330355977, 0.23579477744, 0.026361731791],
      [0.023233966327, 0.0057426072962, 0.043672427432, 0.88304303992, 0.044307959023],
      [0.04076655946, 0.045619766395, 0.72674889537, 0.14689182583, 0.039972952944],
      [0.051949692535, 0.00070498994898, 0.2182367896, 0.68628064306, 0.04282788486],
      [0.51609241544, 0.00066868936518, 0.3977413756, 0.082616925647, 0.0028805939472],
      [0.11625723492, 0.02965296803, 0.052504831924, 0.5878940125, 0.21369095263]
    ],
    [
      [0.013878778807, 0.06935958643, 0.82401813462, 0.090886474162, 0.0018570259792],
      [0.015585081259, 0.43074539662, 0.13949795551, 0.38120246529, 0.032969101331],
      [0.014059097169, 0.0037370051416, 0.064286585388, 0.88503157795, 0.032885734352],
      [0.015154183071, 0.014922539282, 0.84079556056, 0.10650976129, 0.022617955796],
      [0.021991629698, 0.00039079620362, 0.31778330643, 0.6291135128, 0.030720754866],
      [0.19927183449, 0.0011523473151, 0.60589898104, 0.1912299382, 0.0024468989512],
      [0.059311590034, 0.014298640522, 0.087573696268, 0.65042257702, 0.18839349616]
    ],
    [
      [0.023068424571, 0.11771023185, 0.80223601963, 0.054434399624, 0.0025509243242],
      [0.01818366822, 0.50901670673, 0.13425571087, 0.30443883136, 0.034105082816],
      [0.018103453979, 0.0053144084988, 0.0539610807, 0.88406905681, 0.038552000012],
      [0.022044125069, 0.02088408637, 0.79448976651, 0.13345068061, 0.029131341441],
      [0.029530175787, 0.00061358305491, 0.27670458463, 0.65665384291, 0.036497813624],
      [0.27840553029, 0.0016736651422, 0.53242091696, 0.18425239231, 0.0032474952979],
      [0.07447965, 0.017172139673, 0.069877523442, 0.62989536277, 0.20857532412]
    ],
    [
      [0.017073213309, 0.102949257, 0.71750296166, 0.15784453359, 0.0046300344454],
      [0.013436020313, 0.45366673922, 0.083317958165, 0.39705591484, 0.052523367458],
      [0.012008947181, 0.0041580272018, 0.036349374657, 0.89534672971, 0.052136921252],
      [0.019107951606, 0.022634828935, 0.74179767449, 0.16346998516, 0.052989559809],
      [0.020462883014, 0.00054070645947, 0.20772246747, 0.71835730805, 0.052916635006],
      [0.23251583237, 0.0016430861899, 0.49248796537, 0.26763308875, 0.0057200273161],
      [0.046438706616, 0.013512383876, 0.047465927796, 0.62085694248, 0.27172603923]
    ],
    [
      [0.03375702975, 0.12107540535, 0.77418807751, 0.06722438018, 0.0037551072047],
      [0.022182678522, 0.43763448487, 0.11474738303, 0.36990778799, 0.055527665581],
      [0.018038682711, 0.0038801457633, 0.041174064112, 0.88159852521, 0.055308582206],
      [0.029363846966, 0.020810504636, 0.75756666482, 0.13928270673, 0.052976276846],
      [0.033284586187, 0.00046031771589, 0.22126559162, 0.689634567, 0.055354937483],
      [0.3212865803, 0.0013595527905, 0.44508802677, 0.22714934714, 0.0051164930078],
      [0.073773930564, 0.012730809403, 0.05004720592, 0.5879792399, 0.27546881422]
    ],
    [
      [0.016002783439, 0.058471658349, 0.81568344277, 0.10788602585, 0.0019560895911],
      [0.019405743952, 0.39602922838, 0.14220646106, 0.40384130325, 0.038517263366],
      [0.015835883247, 0.0023872167927, 0.063531018878, 0.88395670893, 0.034289172151],
      [0.017617853596, 0.012314075248, 0.83521967136, 0.11099706853, 0.023851331262],
      [0.025090821102, 0.00017117970106, 0.31089226576, 0.63180614836, 0.032039585074],
      [0.22361644521, 0.000778089024, 0.58323812267, 0.18985171435, 0.0025156287514],
      [0.066756352095, 0.011669133628, 0.084944847805, 0.64340299836, 0.19322666811]
    ],
    [
      [0.025642041005, 0.099864050846, 0.71362869302, 0.15731230082, 0.0035529143051],
      [0.020617368004, 0.45259268546, 0.084522883024, 0.39976759148, 0.042499472037],
      [0.016358163344, 0.0039177292028, 0.035842626019, 0.90426707123, 0.039614410199],
      [0.028447543301, 0.022024506331, 0.74430389289, 0.16388816981, 0.04133588767],
      [0.030176789047, 0.00048593342313, 0.2032337276, 0.72571659037, 0.040386959561],
      [0.31154609127, 0.0014396975935, 0.43708049243, 0.24595731358, 0.0039764051381],
      [0.071167313774, 0.013356307618, 0.04852753574, 0.65325124375, 0.21369759911]
    ],
    [
      [0.019463961485, 0.091748030936, 0.71704098201, 0.16796894779, 0.0037780777773],
      [0.016190949471, 0.43326332151, 0.088100998117, 0.419447957, 0.042996773899],
      [0.014305023897, 0.0040593671719, 0.035787932767, 0.90361631633, 0.042231359831],
      [0.022173884896, 0.020453476168, 0.74879787941, 0.16653194355, 0.04204281598],
      [0.023720869796, 0.00057263742759, 0.20932132331, 0.7243709636, 0.042014205867],
      [0.26609625102, 0.0015358333535, 0.48336483598, 0.24439372652, 0.0046093531306],
      [0.055836637406, 0.012782156608, 0.050928914274, 0.65611689266, 0.22433539906]
    ],
    [
      [0.016450132985, 0.093249551415, 0.7930192252, 0.095195576277, 0.0020855141216],
      [0.016136896931, 0.50124638712, 0.11652731245, 0.33455225461, 0.031537148892],
      [0.016243378951, 0.0051155530165, 0.061159864201, 0.88158560699, 0.035895596843],
      [0.018241955348, 0.020455203366, 0.82268117898, 0.11329959092, 0.025322071381],
      [0.025993492173, 0.00054564883138, 0.30488549271, 0.63486536479, 0.033710001499],
      [0.2328499228, 0.0015575994184, 0.57421480532, 0.18867284158, 0.0027048308805],
      [0.067753855258, 0.018503694467, 0.081206759418, 0.63405666215, 0.19847902871]
    ],
    [
      [0.011156973012, 0.05051131416, 0.82467384367, 0.11063689434, 0.0030209748129],
      [0.014172031585, 0.35590052448, 0.15289950687, 0.42352802759, 0.053499909484],
      [0.010704287719, 0.0013540613682, 0.065580407386, 0.87433171045, 0.048029533072],
      [0.012028024185, 0.0095815308297, 0.83731476835, 0.10779313603, 0.03328254061],
      [0.017363286855, 0.00012322023696, 0.31426983268, 0.62472667903, 0.043516981199],
      [0.17121386223, 0.00058625815469, 0.62894172328, 0.19520989007, 0.0040482662691],
      [0.046119276646, 0.0098025119235, 0.075026115149, 0.6132372562, 0.25581484008]
    ],
    [
      [0.022888879007, 0.10686188483, 0.70839827338, 0.15816750966, 0.0036834531288],
      [0.017745206146, 0.45786099282, 0.081122268738, 0.40174494756, 0.041526584737],
      [0.015015392212, 0.0041212385575, 0.035375769273, 0.90456294511, 0.040924654846],
      [0.025434931611, 0.023489175924, 0.73682523117, 0.17148482269, 0.042765838613],
      [0.026986479417, 0.00051006648472, 0.20175796762, 0.72894999848, 0.041795487996],
      [0.29331124562, 0.0015901606461, 0.45676871172, 0.24406143009, 0.0042684519208],
      [0.063695232691, 0.014311309723, 0.04776346582, 0.65236593909, 0.22186405268]
    ],
    [
      [0.015273141608, 0.067400822801, 0.7724672947, 0.1412178261, 0.0036409147863],
      [0.015268858783, 0.37416772453, 0.11566545223, 0.44293499188, 0.051962972584],
      [0.011929084203, 0.0023250041235, 0.046162254121, 0.89301856317, 0.046565094386],
      [0.016725579523, 0.014361870847, 0.78753987753, 0.14070367616, 0.040668995938],
      [0.020194248039, 0.00021735302376, 0.24698034103, 0.68731589972, 0.045292158192],
      [0.21218852666, 0.00097532950455, 0.54381025475, 0.23840243415, 0.0046234549268],
      [0.048699977098, 0.010260351935, 0.060902423117, 0.63462591489, 0.24551133296]
    ],
    [
      [0.013904374411, 0.075487885812, 0.82022299586, 0.088563976413, 0.0018207675088],
      [0.015955687531, 0.4800463519, 0.13778683911, 0.33314536487, 0.033065756583],
      [0.015823148266, 0.0047454649623, 0.07224135106, 0.87069264615, 0.03649738956],
      [0.015532279158, 0.016596934844, 0.84884417524, 0.096798124724, 0.022228486038],
      [0.023952693437, 0.00050215811195, 0.34442950075, 0.59851108967, 0.032604558026],
      [0.20536151215, 0.0013380652239, 0.62003575194, 0.170816202, 0.0024484686848],
      [0.064928418054, 0.017029680466, 0.096036886452, 0.62142765864, 0.20057735639]
    ],
    [
      [0.026690709807, 0.079985033942, 0.77733760109, 0.11233954764, 0.0036471075155],
      [0.026127473198, 0.44381718273, 0.11322674627, 0.36544359218, 0.051385005627],
      [0.021402395483, 0.0041719970774, 0.05347414755, 0.86671067184, 0.054240788049],
      [0.027955151686, 0.017399443741, 0.79387131773, 0.11939180992, 0.041382276933],
      [0.038513648227, 0.00054239959526, 0.2720018894, 0.63875896968, 0.050183093092],
      [0.33668851163, 0.0011697146233, 0.48175438689, 0.17622238916, 0.0041649976992],
      [0.091286569606, 0.0130750722, 0.063067626048, 0.56572554496, 0.26684518719]
    ],
    [
      [0.016792608676, 0.12479670611, 0.78239018633, 0.071936684143, 0.0040838147365],
      [0.010832881836, 0.4785004353, 0.13429438991, 0.323106256, 0.053266036957],
      [0.0083796422688, 0.0040633739135, 0.038646875847, 0.90030117149, 0.048608936478],
      [0.013929946407, 0.021183403115, 0.75139121669, 0.16600115216, 0.047494281627],
      [0.015572179587, 0.00050530433287, 0.21521144541, 0.71974015835, 0.048970912317],
      [0.18515493301, 0.001610336517, 0.53102187467, 0.27671873539, 0.0054941204129],
      [0.03647854641, 0.013353069489, 0.050969614364, 0.64230056159, 0.25689820815]
    ],
    [
      [0.023239849241, 0.087565437976, 0.7421732137, 0.14327438719, 0.0037471118903],
      [0.02030124177, 0.42180081932, 0.096940714412, 0.41327611135, 0.047681113153],
      [0.016425212807, 0.0035084731198, 0.041631595009, 0.89269054636, 0.045744172707],
      [0.025260175993, 0.018957705709, 0.75861272397, 0.1542690171, 0.042900377231],
      [0.029532936315, 0.0003720362136, 0.22706477778, 0.69701054209, 0.046019707596],
      [0.29478451045, 0.0012459214481, 0.47500917096, 0.22463818334, 0.0043222137948],
      [0.068475568757, 0.012417606197, 0.054021673777, 0.62638318401, 0.23870196726]
    ],
    [
      [0.017857452422, 0.28317257303, 0.59765953158, 0.055089456842, 0.04622098612],
      [0.0026237311158, 0.92631997624, 0.010428013964, 0.051319929806, 0.0093083488725],
      [0.018286445515, 0.010732242697, 0.032620149545, 0.84948574633, 0.088875415915],
      [0.022907153698, 0.051253143184, 0.70619706824, 0.13789852811, 0.081744106774],
      [0.026161695977, 0.0010239144621, 0.20488229333, 0.67326805001, 0.094664046223],
      [0.29631479555, 0.0035767778012, 0.44307531418, 0.24806499955, 0.0089681129194],
      [0.048448583329, 0.027650198607, 0.035594703926, 0.46302492516, 0.42528158898]
    ],
    [
      [0.019279776608, 0.047201051917, 0.81338529513, 0.11475259646, 0.005381279885],
      [0.018455699613, 0.25916739, 0.11747583705, 0.51760666935, 0.087294403996],
      [0.011214343786, 0.00056926739913, 0.038974196064, 0.88970225767, 0.059539935084],
      [0.02188236707, 0.005810612826, 0.74569040934, 0.16557736995, 0.061039240808],
      [0.021058013091, 5.8841319154e-05, 0.21655806305, 0.69837660635, 0.063948476198],
      [0.22869458038, 0.00046711395908, 0.49324718755, 0.27105471282, 0.0065364052882],
      [0.044980202602, 0.0051603128348, 0.047337836661, 0.5960599871, 0.3064616608]
    ],
    [
      [0.014581547828, 0.11686906205, 0.80416076111, 0.061226338581, 0.0031622904335],
      [0.011320377695, 0.49979804346, 0.096003382313, 0.35177904626, 0.041099150267],
      [0.010505412554, 0.0047766208314, 0.048081767096, 0.8909348723, 0.04570132722],
      [0.01474499899, 0.023695902505, 0.78238501854, 0.14044658693, 0.03872749303],
      [0.018577656706, 0.00053324163226, 0.25374087511, 0.6824765595, 0.044671667051],
      [0.1941253847, 0.001831760892, 0.55696159702, 0.24257511208, 0.0045061453074],
      [0.04496950284, 0.017437491893, 0.062625596115, 0.63307194122, 0.24189546793]
    ],
    [
      [0.014040389628, 0.15225012475, 0.7044299478, 0.12646817495, 0.0028113628693],
      [0.01008909651, 0.61101606924, 0.07462066055, 0.27608559284, 0.028188580851],
      [0.012842344903, 0.0056138115267, 0.047867647328, 0.8933723808, 0.040303815438],
      [0.016904866677, 0.034726075675, 0.7807824981, 0.13390669795, 0.03367986159],
      [0.021114096389, 0.0004297283016, 0.25453655441, 0.68451285163, 0.039406769274],
      [0.21423852879, 0.0024520457662, 0.5441006916, 0.23531179422, 0.0038969396217],
      [0.051828632147, 0.026493825508, 0.062228477181, 0.64086830131, 0.21858076385]
    ],
    [
      [0.014807931606, 0.11314911603, 0.72351186158, 0.14542415592, 0.0031069348688],
      [0.011851361495, 0.49521179867, 0.086595746891, 0.36999330642, 0.036347786522],
      [0.010870924679, 0.0045784093449, 0.04208596018, 0.90340298222, 0.039061723577],
      [0.01672514805, 0.025380762868, 0.76646547837, 0.15438363416, 0.037044976557],
      [0.019407617636, 0.00051131575617, 0.22955814337, 0.71106664748, 0.03945627576],
      [0.21011201662, 0.0018764548452, 0.52368114842, 0.26024598877, 0.0040843913495],
      [0.047532175911, 0.017430220977, 0.056169226484, 0.66217975561, 0.21668862102]
    ],
    [
      [0.015698492538, 0.058450150073, 0.77725254942, 0.14563793475, 0.0029608732225],
      [0.016159321839, 0.34456262727, 0.11849319827, 0.47332049299, 0.047464359636],
      [0.010895684139, 0.0016429390156, 0.041809867165, 0.91150642226, 0.034145087416],
      [0.016934341393, 0.012467159137, 0.78571188207, 0.15110196574, 0.033784651655],
      [0.019003559672, 0.00014616978413, 0.22714511856, 0.71865355949, 0.035051592498],
      [0.20953745496, 0.00083247140539, 0.52572724095, 0.26027314584, 0.0036296868423],
      [0.046876300681, 0.0083564550898, 0.057643694789, 0.69188962202, 0.19523392742]
    ],
    [
      [0.013882904738, 0.081718564937, 0.78266303115, 0.11988856064, 0.0018469385299],
      [0.013998149364, 0.45367456938, 0.11822884542, 0.38329842639, 0.030800009447],
      [0.012533640668, 0.004123822562, 0.055063098142, 0.89759182693, 0.030687611699],
      [0.015550999026, 0.018146777393, 0.81695673307, 0.12535115659, 0.023994333925],
      [0.020704026173, 0.00045554351833, 0.28260881283, 0.6660245331, 0.030207084373],
      [0.20143808622, 0.0014064792705, 0.57827958375, 0.21639730249, 0.0024785482626],
      [0.054700618928, 0.01551994317, 0.075723001127, 0.67239228944, 0.18166414733]
    ],
    [
      [0.016917482892, 0.056140439358, 0.8184234287, 0.10533646672, 0.0031821823213],
      [0.021202500201, 0.41608482767, 0.14952957036, 0.36443469198, 0.048748409786],
      [0.019680710136, 0.0034335301565, 0.071121107958, 0.85556269689, 0.050201954857],
      [0.019270073202, 0.012390703474, 0.84510662542, 0.092166121814, 0.031066476089],
      [0.029715782972, 0.00020614177866, 0.33522591417, 0.58989707173, 0.044955089347],
      [0.239364592, 0.00098684600353, 0.58746587498, 0.16809939135, 0.0040832956693],
      [0.074437416619, 0.011935291376, 0.081844568414, 0.57467651636, 0.25710620724]
    ],
    [
      [0.08255311752, 0.33762549796, 0.51807133339, 0.059806797051, 0.0019432540745],
      [0.020135029922, 0.56077029939, 0.11644717138, 0.18365172938, 0.11899576993],
      [0.014933588935, 0.0041308696817, 0.058477767598, 0.83846223339, 0.083995540399],
      [0.02001405468, 0.018017478145, 0.74145871264, 0.14469727894, 0.075812475591],
      [0.024030628277, 0.00053722686935, 0.23798130335, 0.64643654706, 0.091014294436],
      [0.25982363749, 0.0013378891534, 0.52468815497, 0.20662921845, 0.0075210999389],
      [0.046590845793, 0.010228234278, 0.050114202971, 0.48110628291, 0.41196043405]
    ],
    [
      [0.013102503195, 0.07521078195, 0.79564064938, 0.11300525491, 0.0030408105629],
      [0.013095924368, 0.40911980604, 0.11971183718, 0.41289997262, 0.045172459785],
      [0.01034432693, 0.0030269070228, 0.051953120012, 0.89159350967, 0.04308213637],
      [0.013882459366, 0.015853861268, 0.80124755698, 0.13408558692, 0.034930535461],
      [0.018096774194, 0.00030100160565, 0.26814118259, 0.67206416786, 0.041396873744],
      [0.18731019687, 0.0011790922728, 0.57960297597, 0.22783630454, 0.0040714303476],
      [0.045356411033, 0.012459027117, 0.068345254709, 0.64178930876, 0.23204999839]
    ],
    [
      [0.012710940364, 0.16492015413, 0.70708134886, 0.11170438693, 0.0035831697162],
      [0.0090123785058, 0.67373081151, 0.065835914198, 0.21448934841, 0.036931547376],
      [0.01222389779, 0.0059716617888, 0.052947759438, 0.87399723207, 0.054859448913],
      [0.015067942417, 0.037365719646, 0.77877037756, 0.12615500558, 0.042640954796],
      [0.019851191597, 0.00057012535746, 0.26802114182, 0.65933606346, 0.052221477768],
      [0.21086864813, 0.0025885264196, 0.58434085323, 0.19729917003, 0.0049028021845],
      [0.045996607012, 0.028288586034, 0.065070453969, 0.58759713038, 0.2730472226]
    ],
    [
      [0.020284278052, 0.13852239611, 0.68712969582, 0.14945484631, 0.0046087837043],
      [0.013965353248, 0.52121023701, 0.070056054573, 0.34558976763, 0.049178587534],
      [0.013579813227, 0.0045698539142, 0.036541477229, 0.89090839452, 0.054400461113],
      [0.022713544435, 0.030461463944, 0.72095233641, 0.16869015174, 0.057182503468],
      [0.024475178085, 0.00042159266414, 0.20096018927, 0.71697721877, 0.05716582121],
      [0.26511719302, 0.0020611307845, 0.46169396194, 0.26530930907, 0.0058184051885],
      [0.053408632766, 0.017543740475, 0.04534739876, 0.60276051385, 0.28093971415]
    ],
    [
      [0.0081814014202, 0.19396474262, 0.66280274323, 0.13013446635, 0.0049166463722],
      [0.0045527040276, 0.61214195925, 0.058106818073, 0.27781323953, 0.04738527912],
      [0.0039949793048, 0.0044421718366, 0.040488102394, 0.88498043581, 0.066094310655],
      [0.0086010572327, 0.042265646772, 0.70608962134, 0.17478049358, 0.068263181078],
      [0.012574363356, 0.00027850062002, 0.20163775032, 0.70193674363, 0.083572642076],
      [0.15549318683, 0.0011020364509, 0.58306685328, 0.25264068455, 0.0076972388882],
      [0.022056201067, 0.024224902271, 0.046039883645, 0.57398341208, 0.33369560094]
    ]
  ],
  "expected_outcome": [
    [
      [1.233269781, 0.30151969202, 0, 0, 0.11541506908, 0.31899324615, 0.70075196496, 0.15557690299, 0.44226083434, 1.1915886897, 0.23382542975, 1.5648219785, 0.31188247493, 1.5024680147, 2.0773931236, 0.20201316431, 0.6911435127, 0.065276094424, 0.1329541574, 0.071905894538, 0.27941701495, 0.23922148957, 0.34794673561, 0.40248458541, 0.092273698286, 0.37561069281, 0.270056238, 1.2162115413, 0.43591469709, 0.19463961485, 0.77315625031, 0.50206378553, 0.41199982213, 0.47346738983, 0.66740997171, 0.29359780788, 0.067170434705, 0.60423608026, 0.017857452422, 0.17351798947, 0.42286488703, 0.2527270133, 1.1402107337, 0.21977889553, 0.7219110464, 0.20300979471, 0.08255311752, 1.6640179058, 0.30506256874, 2.697808981, 0.26180484545],
      [3.6152416502, 1.030653993, 0, 0.42269312326, 0.72311957697, 3.8407655517, 3.5127340264, 1.6408223546, 2.7441998446, 7.4366912625, 0.56390040704, 7.4678402674, 1.8613358273, 6.6934972882, 6.786120251, 1.6921422891, 7.1653003309, 0.36093470784, 0.83037759824, 0.31434397991, 2.8993848684, 0.80182479429, 1.932046958, 2.0114280065, 0.4708409274, 2.264883654, 0.96860324283, 4.4438460345, 1.6976888644, 0.91748030936, 4.3827289165, 2.2730091372, 1.923513927, 2.0894255068, 3.623418519, 0.87983537337, 0.49918682445, 2.2767013874, 0.28317257303, 0.42480946726, 3.3892027994, 2.7405022455, 8.7124819341, 0.81830210103, 4.2493653767, 0.6736852723, 0.33762549796, 9.5517693076, 3.9580836992, 18.4234786827, 6.206871764],
      [48.3652530758, 2.3100958772, 0, 0.39438478592, 6.5358046162, 13.2935553763, 24.9986094648, 9.8492171557, 18.3479802862, 53.0494668727, 5.1564887869, 81.3868530529, 17.3135649174, 59.4412030792, 97.4045738311, 7.7487905586, 42.6723955616, 1.2550002044, 9.3126740956, 1.5198194711, 13.7826257721, 13.9555251022, 6.2348058173, 23.8965259041, 3.2089440785, 15.7850651565, 6.1935046201, 61.9919416508, 12.1316877813, 7.1704098201, 37.2719035845, 37.1103229653, 12.7511689208, 23.9464861358, 39.370703801, 8.550713612, 3.1295607453, 19.2965035562, 0.59765953158, 7.3204676562, 23.3206620721, 12.6797390605, 55.7104133413, 10.8815356919, 40.6984776199, 9.8210811445, 0.51807133339, 101.0463624717, 16.9699523727, 91.3882495447, 21.2096877833],
      [3.7167374588, 0.33582691422, 0, 0.083684722272, 0.59996892695, 1.4850501163, 2.6775438945, 1.3043118447, 1.4064533422, 9.0821175385, 2.0046132489, 12.3240427559, 3.3971054697, 9.1746874312, 10.4657171691, 1.3095192892, 9.2293989861, 0.29443091076, 0.70252095916, 0.088723847181, 1.973197784, 0.97397323429, 1.4509867987, 2.6357077507, 0.2177375985, 3.4725797389, 0.53779504144, 8.1993379644, 2.674309114, 1.6796894779, 4.474192085, 4.9786602454, 2.8470151738, 4.3777526091, 4.2510708678, 1.2357350241, 0.28774673657, 3.725134067, 0.055089456842, 1.0327733681, 1.7755638188, 2.276427149, 11.197660006, 2.0389310865, 6.2342051534, 1.2640376007, 0.059806797051, 14.3516673734, 2.6809052862, 19.877494559, 4.1643029233],
      [0.069498034192, 0.021903523592, 0, 0.099237368552, 0.025691810817, 0.061635709589, 0.11036064925, 0.050071742046, 0.059105692699, 0.24013563659, 0.041172127371, 0.25644194535, 0.11611131063, 0.18814418678, 0.26619562526, 0.047534698861, 0.24176160869, 0.024358082581, 0.021473189641, 0.0052068072372, 0.065374560565, 0.029455379608, 0.034213690367, 0.053853753397, 0.010203697297, 0.1018607578, 0.030040857637, 0.14866280893, 0.060399543186, 0.037780777773, 0.098019163715, 0.13594386658, 0.066302156319, 0.11286835837, 0.087396840424, 0.040118182671, 0.016335258946, 0.097424909147, 0.04622098612, 0.048431518965, 0.091706422571, 0.050604531648, 0.2392339849, 0.041452225115, 0.096040803557, 0.038186187856, 0.0019432540745, 0.38618294149, 0.085996073189, 0.61296823267, 0.15733268391]
    ],
    [
      [1.0441043958, 0.077544560883, 0, 0, 0.23984235481, 0.23865663005, 0.6906879675, 0.25795058915, 0.78998372165, 2.0218094666, 0.26447200134, 2.2383847078, 0.54623338857, 1.4123403914, 2.324624953, 0.33353148527, 0.72531043088, 0.10651419361, 0.43717927633, 0.20620434038, 0.39878673602, 0.1482902701, 0.34831802295, 0.85717946922, 0.20002035043, 0.4165166297, 1.020403212, 0.95088145365, 0.53605156811, 0.24286424207, 1.2102672698, 0.68025751607, 0.62108221511, 0.5344100574, 0.74991731397, 0.60093188355, 0.14082746387, 1.0759658138, 0.0026237311158, 0.27683549419, 0.93959134873, 0.32285108833, 1.3273524874, 0.25854914943, 0.79789451377, 0.38164500363, 0.14094520945, 1.5060313023, 0.16222281311, 2.7791052964, 0.19121356916],
      [16.8178513572, 1.7431156017, 0, 0, 8.5635655931, 16.7859910779, 19.9716275474, 15.2039908895, 27.4375954389, 68.9573834856, 3.7841095588, 59.0541499558, 18.1840357364, 34.420040276, 41.6480813355, 15.6301357306, 41.7904578445, 3.755102859, 15.7143102841, 5.5412802689, 23.126487949, 3.0845308913, 11.2544052684, 23.6909968138, 5.5991837741, 14.063668916, 20.1311863041, 19.4054321905, 11.7674098219, 6.4989498226, 37.5934790344, 17.083225175, 16.0251347488, 13.0958703585, 22.5621785395, 10.2077952027, 6.2205056589, 22.3554434239, 0.92631997624, 3.8875108499, 41.4832376076, 19.5525142158, 55.463721451, 5.5130020363, 25.8594504545, 7.489526898, 3.9253920957, 47.0487776946, 12.1271546071, 103.7208371651, 25.7099622884],
