{
  "Z_true": {},
  "V_true": [
    [32, 175, 68, 1133, 725],
    [1180, 198, 843, 279, 91],
    [343, 647, 3809, 257, 151],
    [377, 1109, 311, 18064, 629],
    [130, 3614, 715, 660, 192],
    [115, 108, 123, 318, 327]
  ],
  "p_true": [
    [0.015, 0.082, 0.0319, 0.5312, 0.3399],
    [0.4554, 0.0764, 0.3254, 0.1077, 0.0351],
    [0.0659, 0.1243, 0.7315, 0.0494, 0.029],
    [0.0184, 0.0541, 0.0152, 0.8816, 0.0307],
    [0.0245, 0.6805, 0.1346, 0.1243, 0.0362],
    [0.116, 0.109, 0.1241, 0.3209, 0.33]
  ],
  "Z_est": [
    [
      [0.193, 0.262, 0.0056, 0, 0.022, 0.0955, 0.0038, 0.031, 0.0613, 0.0645, 0, 0.0082, 0, 0.0947, 0.239, 0.2746, 0.0721, 0.4258, 0.3044, 0.09, 0.0316, 0.2021, 0.2959, 0.2853, 0.2144, 0.0705, 0.1449, 0.1017, 0.2894, 0.0592, 0.0131, 0.021, 0, 2.221, 0.1788, 0.3069, 0.0563],
      [5.3592, 4.2708, 0.6458, 0, 1.5276, 1.7138, 0.2065, 1.3122, 2.2675, 0.6295, 0, 0.1426, 0, 2.3116, 5.6426, 5.4365, 2.458, 7.6804, 5.523, 1.9856, 1.7372, 2.1083, 8.5939, 3.6122, 3.5611, 1.5622, 3.029, 1.3598, 4.1372, 0.486, 0.2885, 0.1974, 0, 46.6343, 2.9963, 4.4155, 0.8044],
      [1.8148, 1.5016, 0.0895, 0, 0.3395, 0.8032, 0.0194, 0.4508, 0.6147, 0.3007, 0, 0.1589, 0, 0.8193, 2.0667, 2.4483, 0.9041, 2.5961, 2.2446, 0.6818, 0.8712, 1.0208, 3.7064, 1.8811, 1.2856, 0.5942, 1.433, 0.6816, 2.7037, 0.155, 0.0694, 0.2057, 0, 17.8602, 1.4754, 1.7301, 0.518],
      [69.0879, 78.1825, 0.6264, 0, 7.6619, 12.3359, 2.447, 17.672, 13.3648, 7.6848, 0, 1.8864, 0, 26.7702, 46.12, 39.8795, 23.963, 58.3279, 67.8335, 21.8126, 14.7007, 25.7885, 78.4956, 43.0285, 50.6488, 13.7603, 29.0609, 18.6647, 45.373, 10.6644, 3.7814, 3.6766, 0, 593.9402, 42.0398, 62.876, 18.9229],
      [17.5451, 15.7831, 1.6328, 0, 2.449, 5.0515, 0.3233, 3.534, 3.6917, 1.3205, 0, 0.8038, 0, 7.0042, 15.9317, 12.9611, 5.6029, 18.9699, 17.0945, 4.43, 3.6592, 5.8803, 21.9082, 9.1928, 11.2901, 3.0129, 8.3323, 4.1921, 13.4967, 2.6355, 0.8476, 1.8992, 0, 136.3443, 10.3097, 16.6715, 2.6984]
    ],
    [
      [42.1467, 20.2849, 7.2981, 3.6969, 12.482, 28.5622, 19.7318, 60.7237, 43.0695, 16.4358, 1.8306, 1.4408, 0, 31.033, 73.0769, 47.8452, 36.709, 55.1567, 83.0737, 22.9623, 11.8948, 44.3438, 97.0494, 73.1357, 42.1388, 16.5641, 46.4301, 34.5989, 63.2204, 6.1426, 2.3732, 3.1998, 0.8133, 414.7998, 71.4336, 189.3719, 56.114],
      [2.2816, 0.6284, 0.3568, 0.1484, 1.5942, 0.9414, 0.9772, 2.6023, 2.4066, 0.2684, 0.0148, 0.031, 0, 1.4395, 3.4718, 1.8642, 2.3632, 1.5877, 3.034, 0.9858, 1.1655, 0.8909, 5.5989, 1.8134, 1.381, 0.7384, 1.9618, 0.883, 1.8028, 0.0745, 0.069, 0.0298, 0.0164, 17.3384, 2.3652, 5.0218, 1.7981],
      [13.4974, 4.0734, 1.5108, 1.2393, 6.3235, 7.9939, 2.6769, 17.0326, 12.2087, 2.382, 0.1174, 0.4173, 0.1491, 9.3513, 21.9355, 14.7101, 16.0874, 12.5267, 21.3455, 5.8878, 9.9941, 7.5426, 42.6907, 16.5205, 8.7251, 4.6824, 15.6641, 7.9541, 20.5786, 0.4732, 0.3146, 0.5628, 0.1167, 116.8433, 20.5148, 35.7641, 21.2514],
      [6.8727, 2.3402, 0.4353, 0.455, 1.7889, 1.6974, 2.3032, 6.5554, 3.1362, 0.7519, 0.0371, 0.0569, 0.5732, 3.9208, 6.5997, 3.2664, 5.2822, 2.4191, 8.7629, 2.5127, 2.2276, 2.4744, 11.3509, 5.174, 4.4434, 1.5965, 4.3361, 2.7542, 4.6538, 0.178, 0.1841, 0.1234, 0.0028, 48.7668, 7.2299, 16.2386, 6.9366],
      [2.2016, 0.6732, 0.399, 0.4605, 0.8114, 0.805, 0.311, 2.0859, 1.1791, 0.1619, 0, 0.054, 0.2777, 1.2554, 2.916, 1.314, 1.5582, 1.3098, 2.7839, 0.6514, 0.7181, 0.7483, 4.3101, 1.3564, 1.3117, 0.4186, 1.6078, 0.8098, 1.7444, 0.1316, 0.0591, 0.0843, 0.0508, 15.2516, 2.4564, 5.6035, 1.8999]
    ],
    [
      [1.6127, 1.2449, 0.1487, 0.045, 0.3329, 1.1019, 0.5713, 0.7509, 0.6567, 0.8069, 0.0776, 0.0662, 0, 1.5137, 4.0753, 1.8423, 1.4774, 5.5489, 3.2956, 0.8609, 0.6082, 2.716, 2.8153, 2.7068, 2.3377, 0.8225, 2.9821, 2.2762, 2.2461, 0.6811, 0.1353, 0.1142, 0.042, 23.3408, 2.1309, 7.4421, 0.6357],
      [21.2162, 9.7889, 2.1912, 0.908, 11.4529, 9.0589, 7.4324, 7.9459, 9.5228, 3.5018, 0.2117, 0.5616, 0, 17.2432, 46.6599, 17.5288, 23.3044, 47.5673, 28.9619, 9.2214, 18.3584, 13.7372, 39.6429, 16.3258, 18.8224, 9.0497, 30.3941, 14.4485, 15.482, 2.5822, 1.4949, 0.42, 0.5843, 236.4054, 17.4227, 47.4213, 4.5196],
      [94.0221, 46.5923, 5.1946, 5.8568, 32.6847, 57.3233, 15.4288, 37.5636, 34.1996, 23.3176, 2.6969, 5.8977, 1.7435, 83.4687, 219.6574, 103.0182, 118.437, 235.6587, 152.3272, 41.4749, 117.34, 85.8964, 220.8976, 110.9407, 88.1841, 43.8199, 181.5343, 96.6226, 131.4146, 12.1266, 5.6963, 5.9146, 5.1325, 1167.6565, 111.0182, 250.1097, 37.1775],
      [1.7807, 1.1705, 0.3667, 0.1737, 0.6813, 0.618, 0.3558, 1.6186, 0.3862, 0.3136, 0.0137, 0.007, 0.1359, 1.2045, 1.8023, 0.3712, 1.0156, 2.5295, 1.975, 0.3566, 0.9806, 0.8996, 2.5034, 0.8527, 1.6892, 0.6857, 1.4448, 1.0119, 1.3089, 0.4204, 0.0438, 0.0156, 0.0278, 15.911, 1.4357, 3.4615, 3.3946],
      [10.3683, 5.2034, 1.0988, 1.0164, 2.8483, 3.898, 1.2117, 3.1209, 2.2347, 1.0601, 0, 0.4676, 1.1206, 7.57, 19.8051, 6.2395, 7.7655, 16.6956, 13.4403, 3.0863, 5.7128, 5.7508, 15.1408, 6.1739, 8.9666, 2.6222, 12.6447, 6.6409, 7.5485, 2.1896, 0.6297, 0.5356, 0.2133, 103.6863, 8.9925, 26.5655, 2.2726]
    ],
    [
      [3.6325, 3.3034, 0.4339, 0.0496, 0.5555, 3.8277, 0.778, 2.4293, 3.34, 2.9778, 0.0651, 0.2487, 0, 3.9165, 4.9686, 5.6591, 2.4064, 5.936, 7.4877, 2.0849, 0.369, 3.6313, 6.4515, 8.5209, 4.5863, 1.4666, 2.6992, 2.6952, 6.3765, 1.5177, 0.1892, 0.2876, 0.1344, 51.1524, 3.5487, 9.3852, 1.5463],
      [45.1995, 21.7027, 6.1529, 1.136, 16.3101, 28.4527, 7.7286, 23.9823, 40.2741, 12.3414, 0.241, 1.652, 0, 40.4456, 50.6938, 47.8561, 34.6979, 46.0821, 59.2386, 19.9994, 9.8871, 17.0835, 80.1655, 47.1782, 32.6404, 14.2572, 24.6249, 15.372, 39.0855, 4.4684, 1.7714, 0.8174, 1.912, 466.9288, 26.0715, 52.1283, 9.1059],
      [6.4829, 3.1686, 0.6734, 0.3076, 2.0199, 5.6477, 0.302, 3.6855, 5.2707, 2.6504, 0.044, 0.4568, 0.0016, 6.3866, 7.8263, 8.9634, 5.7532, 7.8386, 10.2017, 2.9053, 1.1001, 3.458, 14.2069, 10.4532, 4.7954, 2.2906, 4.377, 3.3818, 10.3941, 0.4529, 0.0963, 0.4244, 0.3634, 75.6491, 5.5154, 8.8307, 3.0093],
      [676.4511, 508.5561, 15.4283, 21.1649, 106.0116, 243.6144, 96.0743, 391.5599, 295.0655, 180.1877, 12.6499, 26.0245, 9.6268, 554.6707, 485.8897, 411.6909, 391.4001, 394.2784, 842.8031, 254.6399, 100.1258, 242.9063, 851.3726, 651.4908, 539.7624, 146.421, 276.9423, 246.6546, 498.1255, 129.899, 26.0336, 21.1097, 6.9243, 6894.8035, 427.8016, 865.5527, 279.8566],
      [24.2341, 13.2691, 3.3115, 1.3418, 5.1028, 13.4575, 1.1171, 10.343, 11.0496, 3.8427, 0, 1.6179, 0.3717, 19.5806, 23.6217, 18.8305, 12.7424, 17.8648, 30.2689, 7.3705, 3.518, 7.9208, 33.8036, 19.3569, 17.2154, 4.5646, 11.3565, 7.8964, 21.0183, 4.662, 0.9094, 1.3609, 0.6659, 224.4662, 15.0629, 32.1031, 5.4819]
    ],
    [
      [0.7457, 0.8639, 0.0101, 0.0286, 0.0953, 0.6035, 0.3045, 0.41, 0.5267, 0.4808, 0.0266, 0.0488, 0, 0.8616, 2.1335, 1.6208, 0.7471, 2.8518, 2.2108, 0.6629, 0.3051, 1.7231, 1.847, 2.3071, 2.0544, 0.296, 1.472, 1.1712, 1.1374, 0.2554, 0.0316, 0.0775, 0.0103, 17.0219, 1.1079, 3.2746, 0.2106],
      [71.1806, 48.9622, 3.2975, 3.3965, 26.1434, 36.3815, 20.3271, 33.2132, 53.9517, 15.3937, 0.5325, 3.3354, 0, 70.7409, 174.9964, 110.9897, 85.0593, 175.2959, 139.5291, 51.4413, 65.6702, 63.3888, 186.1991, 100.0986, 119.0559, 24.2071, 107.1621, 53.6553, 57.3795, 7.2105, 2.8977, 2.349, 1.4873, 1235.1234, 65.6374, 149.2993, 14.2544],
      [15.7058, 11.5233, 0.3268, 0.9492, 3.5468, 11.3412, 1.9033, 7.758, 9.5898, 4.9296, 0.1417, 1.4362, 0.1059, 17.0556, 41.2852, 32.4526, 21.5312, 43.9295, 36.7618, 11.3915, 21.4696, 19.6736, 52.1044, 34.0131, 27.8066, 5.6925, 32.1724, 17.819, 24.2289, 1.5523, 0.4335, 1.3224, 0.3874, 307.383, 20.8266, 39.4833, 5.7016],
      [15.1425, 17.257, 0.0677, 0.8785, 1.8897, 4.4349, 3.8025, 7.9148, 6.3113, 3.2366, 0.2992, 0.6434, 0.6641, 14.8922, 26.1792, 14.7545, 14.7841, 24.1174, 31.0366, 9.9442, 10.2761, 13.7121, 31.0423, 21.7158, 29.2836, 3.3589, 18.9425, 13.2558, 10.4432, 2.738, 0.401, 0.6862, 0.0451, 283.5884, 16.403, 38.5595, 5.3672],
      [7.2254, 5.3937, 0.2978, 0.7472, 1.3247, 3.239, 0.6625, 2.704, 2.6205, 0.9593, 0, 0.5363, 0.23, 6.4497, 15.4056, 8.1823, 5.8783, 12.8054, 13.4617, 3.5601, 4.2789, 5.5024, 14.8071, 7.8654, 11.7996, 1.4454, 9.2509, 5.0987, 5.811, 1.2438, 0.2361, 0.5649, 0.07, 112.8834, 7.0251, 17.3834, 1.4662]
    ],
    [
      [2.6694, 2.0409, 0.1037, 0.1798, 0.5122, 1.8092, 0.6106, 1.6551, 2.3458, 1.2342, 0, 0.1874, 0, 2.5806, 4.5066, 2.758, 1.588, 7.0807, 2.6278, 1.339, 0.7912, 3.3837, 2.5409, 3.0441, 2.6684, 1.7803, 2.2718, 3.1568, 2.7302, 0.344, 0.2576, 0.2999, 0, 27.464, 2.6002, 9.2192, 2.4371],
      [5.7629, 2.647, 0.3557, 0.4111, 2.9719, 2.4518, 1.3281, 2.9441, 5.5773, 0.8653, 0, 0.2773, 0, 4.8192, 8.5355, 4.3247, 4.1172, 9.7867, 3.7134, 2.3665, 3.1816, 2.7912, 5.7997, 2.9718, 3.5393, 3.1854, 3.828, 3.2814, 3.1129, 0.1784, 0.4784, 0.1864, 0, 45.5697, 3.5069, 9.7139, 3.5176],
      [6.4771, 3.1409, 0.2049, 0.6471, 2.0856, 3.8907, 0.6697, 3.5094, 5.1165, 1.4198, 0, 0.6331, 0, 5.9185, 10.229, 6.4074, 5.2871, 12.4504, 5.1192, 2.6587, 5.225, 4.4085, 8.394, 5.1914, 4.2031, 3.9204, 5.8192, 5.5409, 6.6801, 0.24, 0.3898, 0.5701, 0, 57.6079, 5.6496, 13.0821, 7.3422],
      [4.6651, 3.4938, 0.0756, 0.3278, 0.9667, 1.2994, 1.0171, 2.6792, 1.736, 0.8254, 0, 0.3818, 0, 3.5417, 4.4091, 2.0374, 2.5549, 4.3277, 1.5889, 1.7341, 1.6892, 2.2191, 2.2351, 1.7382, 3.1726, 1.1776, 2.2733, 2.6588, 2.0956, 0.1001, 0.5561, 0.3885, 0, 34.9902, 3.0899, 8.3117, 2.522],
      [17.4255, 8.6775, 1.2601, 3.4341, 4.4637, 6.549, 1.3744, 7.2122, 8.2245, 1.6554, 0, 1.5204, 0, 13.1401, 22.3198, 9.4725, 8.4528, 21.3545, 10.9507, 4.9017, 6.1129, 7.1975, 14.0302, 7.0546, 10.4166, 5.9363, 9.8076, 9.3621, 9.3812, 1.1375, 1.3181, 1.5552, 0, 123.3682, 11.1535, 33.6731, 11.1811]
    ]
  ],
  "V_est": [
    [6.7397, 134.6368, 54.0455, 1551.0785, 386.4994],
    [1781.1842, 69.9461, 501.6596, 178.4385, 59.7716],
    [80.0626, 761.3907, 3988.0456, 52.9636, 324.5374],
    [158.6589, 1347.6849, 229.3848, 18123.5701, 630.7013],
    [49.5361, 3379.2433, 885.7352, 698.0695, 298.4159],
    [100.8184, 158.0982, 210.1292, 106.8798, 415.0744]
  ],
  "p_est": [
    [0.0032, 0.0631, 0.0253, 0.7272, 0.1812],
    [0.6875, 0.027, 0.1936, 0.0689, 0.0231],
    [0.0154, 0.1462, 0.7659, 0.0102, 0.0623],
    [0.0077, 0.0658, 0.0112, 0.8845, 0.0308],
    [0.0093, 0.6363, 0.1668, 0.1314, 0.0562],
    [0.1017, 0.1595, 0.212, 0.1079, 0.4188]
  ],
  "EI_Z": {},
  "EI_V": 6.3359,
  "MAE_Z": {},
  "MAE_V": 155.1143,
  "MAE_p": 0.0546,
  "runtime": 0.255
}
