{
  "X": [
    [23, 14, 63],
    [23, 17, 60],
    [21, 21, 58],
    [26, 14, 60],
    [21, 25, 54],
    [13, 22, 65],
    [35, 35, 30],
    [38, 37, 25],
    [41, 33, 26],
    [45, 26, 29],
    [34, 43, 23],
    [32, 33, 35],
    [32, 50, 18],
    [20, 58, 22],
    [29, 47, 24],
    [19, 47, 34],
    [24, 48, 28],
    [27, 45, 28],
    [26, 48, 26],
    [41, 40, 19],
    [41, 48, 11],
    [38, 49, 13],
    [33, 48, 19],
    [36, 43, 21],
    [36, 50, 14],
    [14, 59, 27],
    [35, 39, 26],
    [25, 47, 28],
    [26, 47, 27],
    [29, 53, 18],
    [32, 47, 21],
    [50, 30, 20],
    [46, 27, 27],
    [47, 25, 28],
    [49, 19, 32],
    [53, 12, 35],
    [59, 19, 22],
    [49, 26, 25],
    [46, 25, 29],
    [42, 26, 32],
    [42, 26, 32],
    [32, 26, 42],
    [46, 29, 25],
    [45, 23, 32],
    [36, 41, 23],
    [28, 48, 24],
    [28, 49, 23],
    [33, 48, 19],
    [26, 53, 21],
    [36, 44, 20]
  ],
  "W": [
    [58, 5, 6, 6, 4, 9, 8, 4],
    [60, 3, 5, 4, 5, 10, 4, 9],
    [55, 8, 3, 10, 4, 6, 3, 11],
    [57, 3, 6, 4, 7, 10, 6, 7],
    [54, 6, 4, 6, 7, 5, 8, 10],
    [64, 7, 4, 11, 2, 5, 1, 6],
    [19, 49, 7, 11, 4, 4, 3, 3],
    [8, 54, 8, 8, 6, 6, 7, 3],
    [9, 57, 6, 6, 5, 8, 7, 2],
    [9, 58, 6, 6, 4, 9, 2, 6],
    [8, 50, 6, 10, 6, 3, 11, 6],
    [10, 53, 8, 9, 5, 4, 5, 6],
    [4, 27, 42, 7, 8, 2, 3, 7],
    [6, 4, 65, 6, 7, 4, 3, 5],
    [3, 4, 55, 5, 2, 15, 9, 7],
    [13, 5, 47, 5, 8, 3, 13, 6],
    [6, 13, 57, 6, 5, 4, 3, 6],
    [5, 9, 46, 5, 7, 7, 13, 8],
    [3, 5, 42, 25, 6, 6, 6, 7],
    [7, 7, 10, 53, 6, 7, 5, 5],
    [4, 11, 6, 54, 5, 6, 10, 4],
    [5, 3, 6, 62, 6, 5, 3, 10],
    [3, 12, 8, 49, 4, 8, 7, 9],
    [8, 7, 10, 47, 6, 8, 4, 10],
    [7, 6, 7, 61, 5, 2, 3, 9],
    [3, 7, 12, 2, 62, 0, 6, 8],
    [6, 4, 7, 6, 58, 7, 7, 5],
    [2, 2, 4, 9, 69, 3, 5, 6],
    [3, 6, 5, 5, 58, 3, 11, 9],
    [6, 6, 8, 6, 57, 3, 8, 6],
    [4, 9, 8, 3, 64, 6, 3, 3],
    [5, 5, 5, 4, 22, 44, 5, 10],
    [8, 7, 5, 4, 8, 53, 6, 9],
    [8, 9, 7, 5, 7, 54, 4, 6],
    [7, 8, 6, 4, 9, 51, 12, 3],
    [5, 3, 6, 6, 8, 60, 8, 4],
    [2, 8, 8, 5, 2, 61, 8, 6],
    [7, 10, 5, 13, 5, 30, 27, 3],
    [6, 7, 6, 5, 2, 7, 60, 7],
    [8, 5, 5, 6, 9, 9, 52, 6],
    [6, 7, 3, 4, 6, 11, 54, 9],
    [11, 7, 7, 2, 5, 5, 56, 7],
    [5, 4, 8, 7, 2, 12, 56, 6],
    [8, 6, 7, 6, 3, 8, 45, 17],
    [3, 5, 7, 11, 4, 10, 5, 55],
    [7, 5, 5, 5, 8, 9, 6, 55],
    [2, 5, 3, 9, 8, 6, 13, 54],
    [10, 10, 4, 5, 3, 4, 7, 57],
    [2, 8, 4, 10, 8, 4, 6, 58],
    [6, 6, 10, 7, 4, 9, 8, 50]
  ],
  "method": "mvn_pdf",
  "cond_prob": [
    [
      [0.069859908705, 0.020870208314, 0.90926988298],
      [0.48641893165, 0.2788187582, 0.23476231015],
      [0.14936688329, 0.55886897291, 0.2917641438],
      [0.48163731438, 0.4670588294, 0.051303856214],
      [0.25455506404, 0.47189449221, 0.27355044374],
      [0.71268768727, 0.03442727332, 0.25288503941],
      [0.51266532992, 0.12647742443, 0.36085724565],
      [0.29906834246, 0.5076561222, 0.19327553535]
    ],
    [
      [0.0875626793, 0.033350749384, 0.87908657132],
      [0.49618142195, 0.32401848101, 0.17980009705],
      [0.14810766152, 0.63432162622, 0.21757071226],
      [0.45748916313, 0.50582037827, 0.036690458599],
      [0.25474709064, 0.53960706681, 0.20564584256],
      [0.75720681453, 0.041794182469, 0.200999003],
      [0.55313529837, 0.15518371507, 0.29168098656],
      [0.2920950249, 0.56614421453, 0.14176076057]
    ],
    [
      [0.067414596678, 0.028731635308, 0.90385376801],
      [0.43915198256, 0.34375474282, 0.21709327462],
      [0.12387649051, 0.62864406041, 0.24747944908],
      [0.41158477627, 0.54374364948, 0.044671574252],
      [0.21648784725, 0.5455158021, 0.23799635064],
      [0.69909384349, 0.046333950603, 0.25457220591],
      [0.48535229147, 0.16379760814, 0.35085010039],
      [0.25226661488, 0.58135397301, 0.16637941212]
    ],
    [
      [0.08767677683, 0.020990938225, 0.89133228494],
      [0.56013035116, 0.24133903059, 0.19853061825],
      [0.18965634399, 0.53659005044, 0.27375360557],
      [0.55362258633, 0.40272651144, 0.043650902233],
      [0.31355066081, 0.43807837463, 0.24837096455],
      [0.77085208246, 0.028039753208, 0.20110816433],
      [0.58743709671, 0.10918351224, 0.30337939104],
      [0.3630866039, 0.46385797901, 0.17305541709]
    ],
    [
      [0.087476848655, 0.045760596688, 0.86676255466],
      [0.41463420414, 0.42976511315, 0.15560068271],
      [0.10824062732, 0.72813152673, 0.16362784595],
      [0.35267044621, 0.61810282431, 0.029226729482],
      [0.19342126288, 0.64569294102, 0.1608857961],
      [0.73390643935, 0.063731964712, 0.20236159593],
      [0.50241227757, 0.2232293741, 0.27435834834],
      [0.21966805038, 0.67048486437, 0.10984708525]
    ],
    [
      [0.042061218503, 0.03904983345, 0.91888894805],
      [0.31973864946, 0.45733313308, 0.22292821746],
      [0.076322765196, 0.70932532693, 0.21435190787],
      [0.27870874679, 0.67776992729, 0.04352132592],
      [0.13987226482, 0.64430729615, 0.21582043903],
      [0.61300107659, 0.073231199944, 0.31376772347],
      [0.38064460083, 0.23259539781, 0.38676000136],
      [0.16223828011, 0.68655703832, 0.15120468157]
    ],
    [
      [0.081425036757, 0.038106063058, 0.88046890018],
      [0.44937758617, 0.37490600473, 0.1757164091],
      [0.12614622903, 0.67578388222, 0.19806988875],
      [0.40161497503, 0.56353560561, 0.034849419355],
      [0.22048314509, 0.58869699175, 0.19081986316],
      [0.73529823363, 0.052588729147, 0.21211303722],
      [0.51757491467, 0.18751074687, 0.29491433846],
      [0.25226133055, 0.61617886956, 0.13155979989]
    ],
    [
      [0.073184305437, 0.035074596895, 0.89174109767],
      [0.43511281225, 0.37025415796, 0.1946330298],
      [0.12151604292, 0.66283652742, 0.21564742966],
      [0.39558173994, 0.56540036382, 0.039017896244],
      [0.213008197, 0.57884340005, 0.20814840295],
      [0.71486522645, 0.052077215597, 0.23305755795],
      [0.49686792835, 0.18341957612, 0.31971249553],
      [0.24544513104, 0.61010761283, 0.14444725613]
    ],
    [
      [0.076580521948, 0.033341292013, 0.89007818604],
      [0.45495988757, 0.35107739284, 0.1939627196],
      [0.13125633175, 0.64683936014, 0.22190430811],
      [0.41947155577, 0.54124359283, 0.039284851399],
      [0.22806037067, 0.55963799001, 0.21230163932],
      [0.72639806236, 0.04788293112, 0.22571900651],
      [0.51378678287, 0.17130372867, 0.31490948847],
      [0.26285027686, 0.58981988139, 0.14732984175]
    ],
    [
      [0.073138044144, 0.020194460587, 0.90666749527],
      [0.511018353, 0.25454010833, 0.23444153868],
      [0.16441422172, 0.53759177593, 0.29799400235],
      [0.51117306988, 0.43748538623, 0.051341543894],
      [0.27566753666, 0.44926330465, 0.27506915869],
      [0.72675512967, 0.031032853654, 0.24221201668],
      [0.53237619958, 0.11815656524, 0.34946723519],
      [0.32349177774, 0.48196642781, 0.19454179445]
    ],
    [
      [0.073312304254, 0.04465459484, 0.88203310091],
      [0.39528407984, 0.42997940254, 0.17473651762],
      [0.101932052, 0.71915008877, 0.17891785923],
      [0.33865255025, 0.62793387114, 0.03341357861],
      [0.18204975548, 0.64144114598, 0.17650909854],
      [0.70495300954, 0.066530679576, 0.22851631089],
      [0.47241965108, 0.22534102903, 0.30223931989],
      [0.20790100604, 0.67042727271, 0.12167172125]
    ],
    [
      [0.043372602163, 0.021194725728, 0.93543267211],
      [0.38729724731, 0.32072003413, 0.29198271855],
      [0.1065807462, 0.5529279947, 0.34049125909],
      [0.39310106058, 0.53969863056, 0.067200308862],
      [0.18591112015, 0.4838467735, 0.33024210635],
      [0.59958661801, 0.042880973315, 0.35753240868],
      [0.39441356915, 0.14095492223, 0.46463150861],
      [0.22483240623, 0.53560782151, 0.23955977226]
    ],
    [
      [0.10918433783, 0.04093559126, 0.84988007091],
      [0.51826208689, 0.33937065015, 0.14236726296],
      [0.15813619877, 0.66642508582, 0.17543871541],
      [0.46566647201, 0.50607395339, 0.028259574606],
      [0.27057561337, 0.56158810962, 0.16783627701],
      [0.79285374841, 0.044229558564, 0.16291669302],
      [0.59235385035, 0.16677745197, 0.24086869767],
      [0.30591809931, 0.57991177896, 0.11417012173]
    ],
    [
      [0.082381144652, 0.041021676072, 0.87659717928],
      [0.4420939314, 0.38808177557, 0.16982429303],
      [0.12563230652, 0.68584574458, 0.1885219489],
      [0.39121359166, 0.5754672072, 0.033319201142],
      [0.21446927431, 0.60224948426, 0.18328124143],
      [0.73764252999, 0.055022330369, 0.20733513964],
      [0.51585100243, 0.19613990955, 0.28800908803],
      [0.24490957706, 0.62890215207, 0.12618827087]
    ],
    [
      [0.075087796271, 0.032958381659, 0.89195382207],
      [0.45334798883, 0.35128004227, 0.1953719689],
      [0.13020769923, 0.64181344138, 0.22797885939],
      [0.41739562634, 0.54243998744, 0.040164386224],
      [0.22526576252, 0.55900932638, 0.2157249111],
      [0.72359604859, 0.046896674714, 0.2295072767],
      [0.5097395361, 0.17064044524, 0.31962001866],
      [0.26011642684, 0.58954752744, 0.15033604572]
    ],
    [
      [0.052921287719, 0.030891960229, 0.91618675205],
      [0.37693560562, 0.38821245267, 0.23485194171],
      [0.097335897246, 0.65197565886, 0.25068844389],
      [0.34885297957, 0.60274300182, 0.048404018615],
      [0.17599828532, 0.5800316042, 0.24397011048],
      [0.64725803692, 0.056764055786, 0.2959779073],
      [0.42466763772, 0.18932408059, 0.38600828168],
      [0.20630891324, 0.62150220491, 0.17218888185]
    ],
    [
      [0.068121899727, 0.026600545772, 0.9052775545],
      [0.46053848198, 0.31821787928, 0.22124363875],
      [0.13718274818, 0.59859764301, 0.2642196088],
      [0.44134864676, 0.51156675154, 0.047084601703],
      [0.23344099495, 0.51703662152, 0.24952238353],
      [0.70835635375, 0.041802172885, 0.24984147336],
      [0.49994922594, 0.15032512223, 0.34972565183],
      [0.27271362355, 0.55178849466, 0.17549788179]
    ],
    [
      [0.065733859648, 0.028352759353, 0.905913381],
      [0.44092840452, 0.33813823998, 0.2209333555],
      [0.12714273836, 0.61694665053, 0.25591061111],
      [0.4169357812, 0.53660288616, 0.046461332642],
      [0.21906738903, 0.53726405686, 0.24366855412],
      [0.69759498396, 0.045369360736, 0.25703565531],
      [0.48525281109, 0.16074829309, 0.35399889582],
      [0.25560087943, 0.57303374439, 0.17136537618]
    ],
    [
      [0.048689905379, 0.022871336054, 0.92843875857],
      [0.3984489057, 0.32765383759, 0.27389725671],
      [0.11401165201, 0.58404502111, 0.30194332688],
      [0.39759523703, 0.54566876272, 0.056736000247],
      [0.19456349404, 0.5090617931, 0.29637471286],
      [0.63366293798, 0.04505446087, 0.32128260115],
      [0.42309316406, 0.15141108494, 0.425495751],
      [0.2321996955, 0.55547754511, 0.21232275938]
    ],
    [
      [0.071223798572, 0.02443104145, 0.90434515998],
      [0.48625426503, 0.29605129491, 0.21769444006],
      [0.14913287297, 0.5811398876, 0.26972723943],
      [0.47039496825, 0.47927479583, 0.050330235918],
      [0.25425906907, 0.4932605514, 0.25248037952],
      [0.72307885508, 0.037664952108, 0.23925619281],
      [0.52093281353, 0.13774097751, 0.34132620896],
      [0.29672420804, 0.52634754593, 0.17692824603]
    ],
    [
      [0.10642076867, 0.050860294227, 0.84271893711],
      [0.47114576084, 0.39843528781, 0.13041895136],
      [0.13328005246, 0.71801477421, 0.14870517333],
      [0.40854246228, 0.57409173074, 0.017365806978],
      [0.23205865863, 0.62477238455, 0.14316895683],
      [0.78173031684, 0.056988751672, 0.16128093148],
      [0.56370652722, 0.20694385094, 0.22934962184],
      [0.26074995293, 0.64237390248, 0.096876144591]
    ],
    [
      [0.080864340515, 0.035262752802, 0.88387290668],
      [0.46415248322, 0.3590102334, 0.17683728338],
      [0.13386744842, 0.66075476521, 0.20537778637],
      [0.42022706359, 0.54175098623, 0.038021950175],
      [0.23220771642, 0.57157499648, 0.1962172871],
      [0.74175955328, 0.049143442442, 0.20909700427],
      [0.5278701254, 0.17723310568, 0.29489676892],
      [0.26602837735, 0.59866992899, 0.13530169366]
    ],
    [
      [0.047347183736, 0.026912384849, 0.92574043142],
      [0.37050849047, 0.37180828875, 0.25768322078],
      [0.098118117474, 0.62779549953, 0.274086383],
      [0.35153077117, 0.5941034088, 0.054365820026],
      [0.17471380067, 0.55676249605, 0.26852370329],
      [0.62433058694, 0.053976207289, 0.32169320577],
      [0.40717344757, 0.1773088229, 0.41551772953],
      [0.20646553385, 0.60267899446, 0.19085547169]
    ],
    [
      [0.061470031325, 0.025602566481, 0.91292740219],
      [0.43967208054, 0.32848551716, 0.2318424023],
      [0.12672159183, 0.60435886378, 0.26891954439],
      [0.42245038219, 0.52625637649, 0.051293241317],
      [0.2198868273, 0.5232275727, 0.2568856],
      [0.68785486433, 0.043804654157, 0.26834048151],
      [0.47691352592, 0.15471958172, 0.36836689236],
      [0.25783373222, 0.56094615189, 0.1812201159]
    ],
    [
      [0.083415946904, 0.037778427328, 0.87880562577],
      [0.46041646448, 0.37050151271, 0.16908202281],
      [0.13138134876, 0.67455075781, 0.19406789343],
      [0.41246944688, 0.55252095277, 0.035009600357],
      [0.22854367139, 0.5854914601, 0.18596486851],
      [0.74599809475, 0.051559529964, 0.20244237528],
      [0.52978417605, 0.1851155701, 0.28510025386],
      [0.26102408993, 0.61122060426, 0.12775530581]
    ],
    [
      [0.040215379598, 0.034845907901, 0.9249387125],
      [0.30159892929, 0.44911646454, 0.24928460617],
      [0.069294856111, 0.68908699859, 0.2416181453],
      [0.27323961161, 0.67690990207, 0.04985048632],
      [0.11370386465, 0.63510595541, 0.25119017994],
      [0.57888348086, 0.0729776402, 0.34813887894],
      [0.35128585378, 0.22682420013, 0.42188994608],
      [0.1540986411, 0.67390860013, 0.17199275877]
    ],
    [
      [0.090906291978, 0.026247352247, 0.88284635578],
      [0.54073308092, 0.27077765842, 0.18848926066],
      [0.17707581664, 0.57195843549, 0.25096574787],
      [0.52166924291, 0.43735086839, 0.040979888697],
      [0.28924116138, 0.47448344378, 0.23627539484],
      [0.76914032239, 0.03313414237, 0.19772553524],
      [0.57949103319, 0.12617181795, 0.29433714887],
      [0.34113538027, 0.4992819065, 0.15958271323]
    ],
    [
      [0.052216676505, 0.02320118162, 0.92458214188],
      [0.41292051444, 0.32214391974, 0.26493556582],
      [0.11683554166, 0.58159108731, 0.30157337104],
      [0.40919978153, 0.53345963143, 0.05734058704],
      [0.20752850854, 0.50729868194, 0.28517280952],
      [0.64931889984, 0.043572034158, 0.307109066],
      [0.43949606422, 0.14906999269, 0.41143394309],
      [0.24244688463, 0.55035560758, 0.2071975078]
    ],
    [
      [0.05834433868, 0.028244504268, 0.91341115705],
      [0.41265843558, 0.35272604415, 0.23461552026],
      [0.11426301443, 0.62431954273, 0.26141744284],
      [0.3909957026, 0.55973146043, 0.049272836966],
      [0.20160771261, 0.54490380724, 0.25348848015],
      [0.67011263919, 0.049073121683, 0.28081423913],
      [0.4546653349, 0.16843991574, 0.37689474936],
      [0.23531320581, 0.58601954984, 0.17866724435]
    ],
    [
      [0.10594279133, 0.050598615921, 0.84345859275],
      [0.47080476182, 0.39410721835, 0.13508801983],
      [0.13362919207, 0.71294579992, 0.15342500801],
      [0.40594083994, 0.56921110246, 0.024848057603],
      [0.2392484532, 0.62426267614, 0.13648887067],
      [0.77873406708, 0.055969957564, 0.16529597536],
      [0.56148752291, 0.20398069175, 0.23453178534],
      [0.26159531472, 0.63836733896, 0.10003734632]
    ],
    [
      [0.098588974357, 0.035848969326, 0.86556205632],
      [0.51230990113, 0.32531474897, 0.1623753499],
      [0.15718155326, 0.64125205051, 0.20156639623],
      [0.46890696183, 0.49807100497, 0.033022033197],
      [0.2660445842, 0.54497261333, 0.18898280247],
      [0.77670457526, 0.042399088048, 0.1808963367],
      [0.57604969404, 0.15862494089, 0.26532536508],
      [0.30515058607, 0.56534178638, 0.12950762755]
    ],
    [
      [0.097932592254, 0.042291067421, 0.85977634033],
      [0.47925868305, 0.36758967987, 0.15315163708],
      [0.13845847279, 0.68388626143, 0.17765526578],
      [0.42353437341, 0.54669946724, 0.029766159358],
      [0.24112022964, 0.5909004408, 0.16797932956],
      [0.77082077207, 0.052293721226, 0.17688550671],
      [0.55657917571, 0.18435302005, 0.25906780424],
      [0.27239588642, 0.61218685558, 0.115417258]
    ],
    [
      [0.065606130887, 0.047541493026, 0.88685237609],
      [0.35434805008, 0.47023146628, 0.17542048364],
      [0.086545171718, 0.74210594647, 0.17134888181],
      [0.29775170526, 0.6692409137, 0.033007381043],
      [0.15726510646, 0.67061065732, 0.17212423622],
      [0.67688452932, 0.071144285658, 0.25197118502],
      [0.4370223487, 0.24852852365, 0.31444912765],
      [0.17953854719, 0.70153898492, 0.11892246789]
    ],
    [
      [0.063964672495, 0.040192426719, 0.89584290079],
      [0.37785456486, 0.42908320502, 0.19306223012],
      [0.096176957989, 0.70676529991, 0.1970577421],
      [0.32943187506, 0.63296984669, 0.037598278257],
      [0.17304328143, 0.63161040352, 0.19534631505],
      [0.67717845879, 0.063260329943, 0.25956121127],
      [0.44854653203, 0.21863146151, 0.33282200646],
      [0.19901126374, 0.66544148679, 0.13554724948]
    ],
    [
      [0.059598370145, 0.025411150296, 0.91499047956],
      [0.4317799143, 0.32635192237, 0.24186816333],
      [0.12301400149, 0.60028240096, 0.27670359755],
      [0.41659191112, 0.5317373118, 0.051670777081],
      [0.21433498613, 0.5199429323, 0.26572208157],
      [0.67529261558, 0.045030606535, 0.27967677789],
      [0.46659019904, 0.15228157097, 0.38112822999],
      [0.252033261, 0.5597455801, 0.1882211589]
    ],
    [
      [0.05272388549, 0.012238040168, 0.93503807434],
      [0.47500607765, 0.20968837524, 0.31530554711],
      [0.15453467396, 0.43697617169, 0.40848915435],
      [0.52912640127, 0.39424183897, 0.07663175976],
      [0.25885428397, 0.36383121453, 0.3773145015],
      [0.66943914621, 0.01798075422, 0.31258009957],
      [0.46428139013, 0.087643869984, 0.44807473989],
      [0.31449043075, 0.40794767005, 0.27756189921]
    ],
    [
      [0.083477348007, 0.032311993526, 0.88421065847],
      [0.48053078605, 0.33333782644, 0.18613138752],
      [0.14165479302, 0.63777328731, 0.22057191967],
      [0.44291339056, 0.5189098838, 0.038176725637],
      [0.24484182242, 0.54570642731, 0.20945175027],
      [0.74050108395, 0.045139161202, 0.21435975485],
      [0.53692336718, 0.16041427221, 0.30266236061],
      [0.28089283594, 0.57395363639, 0.14515352766]
    ],
    [
      [0.082438370085, 0.038218633457, 0.87934299646],
      [0.45244239998, 0.37206432547, 0.17549327455],
      [0.12742188877, 0.67435002826, 0.19822808297],
      [0.40455707542, 0.56042978687, 0.035013137715],
      [0.22278944666, 0.58623372399, 0.19097682935],
      [0.73604603123, 0.052468422044, 0.21148554672],
      [0.52008636956, 0.18550997513, 0.29440365531],
      [0.25483194566, 0.61349944356, 0.13166861078]
    ],
    [
      [0.082768804545, 0.034536098196, 0.88269509726],
      [0.47018518584, 0.3466191878, 0.18319562637],
      [0.13686027762, 0.64893082559, 0.21420889679],
      [0.42997619616, 0.53279026793, 0.037233535907],
      [0.23712201798, 0.55860897812, 0.2042690039],
      [0.74018424698, 0.04680730067, 0.21300845235],
      [0.52804213956, 0.17094754674, 0.3010103137],
      [0.27185515528, 0.58674156252, 0.1414032822]
    ],
    [
      [0.072191703136, 0.031406790702, 0.89640150616],
      [0.45038324367, 0.34580236569, 0.20381439064],
      [0.12896155593, 0.63656548259, 0.23447296148],
      [0.41803484398, 0.53984997479, 0.04211518123],
      [0.22418816835, 0.55099394742, 0.22481788423],
      [0.71414989756, 0.046985500559, 0.23886460188],
      [0.50028659016, 0.16759081253, 0.33212259731],
      [0.25959800528, 0.58354488348, 0.15685711124]
    ],
    [
      [0.066467523171, 0.032274221429, 0.9012582554],
      [0.42441259379, 0.36526030713, 0.21032709908],
      [0.11750469843, 0.64905898594, 0.23343631562],
      [0.39098041299, 0.56597858178, 0.04304100523],
      [0.20628999032, 0.56760642393, 0.22610358574],
      [0.69438203122, 0.051197570386, 0.2544203984],
      [0.47566526873, 0.17862242456, 0.3457123067],
      [0.23911157336, 0.60266872136, 0.15821970527]
    ],
    [
      [0.046251505513, 0.027996009401, 0.92575248509],
      [0.36357935704, 0.37214005758, 0.26428058538],
      [0.095358777223, 0.62620750759, 0.27843371518],
      [0.34715940055, 0.59700326542, 0.055837334033],
      [0.17023370364, 0.55596390354, 0.27380239282],
      [0.61514928188, 0.054135915568, 0.33071480255],
      [0.39726341777, 0.18278913952, 0.41994744271],
      [0.20152591082, 0.60327335726, 0.19520073192]
    ],
    [
      [0.088632432221, 0.04538729272, 0.86598027506],
      [0.43961963214, 0.40294773955, 0.15743262831],
      [0.12037740741, 0.70748471681, 0.17213787578],
      [0.38157893089, 0.58838196143, 0.030039107678],
      [0.21161428717, 0.62072465939, 0.16766105345],
      [0.74519065793, 0.058178654586, 0.19663068748],
      [0.5242194111, 0.20666641408, 0.26911417482],
      [0.24041400732, 0.64496812521, 0.11461786747]
    ],
    [
      [0.077970365255, 0.021123552755, 0.90090608199],
      [0.5209254017, 0.25943922349, 0.21963537481],
      [0.169435698, 0.54304379903, 0.28752050297],
      [0.51772306422, 0.43326644272, 0.049010493054],
      [0.28352640184, 0.45215303547, 0.26432056269],
      [0.73887589225, 0.030744948256, 0.2303791595],
      [0.54608715817, 0.11308386605, 0.34082897578],
      [0.33075223149, 0.48131048956, 0.18793727895]
    ],
    [
      [0.066317664213, 0.021822448457, 0.91185988733],
      [0.48179084223, 0.27979657916, 0.23841257861],
      [0.1490574927, 0.55355192794, 0.29739057936],
      [0.48058133351, 0.46674819152, 0.052670474974],
      [0.25317603088, 0.46876192275, 0.27806204637],
      [0.70678240551, 0.034990251111, 0.25822734338],
      [0.50630451971, 0.12772740058, 0.36596807971],
      [0.29909536185, 0.50296125366, 0.19794338449]
    ],
    [
      [0.062757936756, 0.032265325407, 0.90497673784],
      [0.4098102672, 0.37678410364, 0.21340562916],
      [0.11140617128, 0.65526824535, 0.23332558337],
      [0.37633415143, 0.58003235317, 0.043633495403],
      [0.1966158295, 0.57630052441, 0.22708364608],
      [0.68382615034, 0.053314020077, 0.26285982958],
      [0.46340904782, 0.18454451729, 0.35204643488],
      [0.22845682213, 0.60938584967, 0.16215732821]
    ],
    [
      [0.052839001816, 0.029015981618, 0.91814501657],
      [0.38490571702, 0.3733207991, 0.24177348388],
      [0.10292805576, 0.63736284728, 0.25970909696],
      [0.36168562123, 0.5878395631, 0.050474815672],
      [0.18239987055, 0.56365249067, 0.25394763878],
      [0.64634353319, 0.05374683674, 0.29990963006],
      [0.42743599601, 0.17992166964, 0.39264233435],
      [0.21318352854, 0.60559327371, 0.18122319775]
    ],
    [
      [0.10844267691, 0.046264006317, 0.84529331677],
      [0.49456007057, 0.36762033574, 0.13781959369],
      [0.14518186208, 0.69070129952, 0.1641168384],
      [0.4337236006, 0.53981965586, 0.026456743538],
      [0.25034847692, 0.59360539064, 0.15604613244],
      [0.78701857841, 0.050340045491, 0.1626413761],
      [0.5778161668, 0.18638646161, 0.23579737159],
      [0.28555779231, 0.61600651784, 0.098435689847]
    ],
    [
      [0.053568300467, 0.030089043047, 0.91634265649],
      [0.3834369865, 0.38002605337, 0.23653696012],
      [0.10197404655, 0.64531925947, 0.25270669398],
      [0.35748926857, 0.5933456809, 0.049165050534],
      [0.18100993159, 0.57151135544, 0.24747871297],
      [0.64944202011, 0.055157086675, 0.29540089322],
      [0.42904318357, 0.18453700772, 0.38641980872],
      [0.21073227587, 0.61180928282, 0.17745844131]
    ],
    [
      [0.094530621963, 0.034430411759, 0.87103896628],
      [0.50794225037, 0.32389393905, 0.16816381058],
      [0.15529895066, 0.63667422359, 0.20802682575],
      [0.46683407403, 0.49867074852, 0.034495177448],
      [0.26518649674, 0.53997319772, 0.19484030554],
      [0.76994537936, 0.042212456799, 0.18784216384],
      [0.56854048245, 0.15736184479, 0.27409767276],
      [0.30051512961, 0.56387833518, 0.13560653521]
    ]
  ],
  "expected_outcome": [
    [
      [4.0518747049, 5.253760758, 3.7078028173, 4.9975762793, 4.7237498274, 2.6919179842, 1.5470756984, 0.5854744435, 0.68922469753, 0.65824239729, 0.58649843403, 0.43372602163, 0.43673735133, 0.49428686791, 0.22526338881, 0.68797674034, 0.40873139836, 0.32866929824, 0.14606971614, 0.49856659, 0.42568307467, 0.40432170257, 0.14204155121, 0.4917602506, 0.58391162833, 0.12064613879, 0.54543775187, 0.10443335301, 0.17503301604, 0.63565674796, 0.39435589743, 0.48966296127, 0.52484904709, 0.51171737996, 0.41718859101, 0.26361942745, 0.16695469601, 0.5770685906, 0.49661282727, 0.57753362509, 0.39880513903, 0.50876656064, 0.44316216111, 0.62376292204, 0.19895299264, 0.43930555729, 0.10567800363, 1.0844267691, 0.10713660093, 0.56718373178],
      [1.2104720822, 2.001044963, 1.5802399419, 1.1964834788, 2.4710722211, 2.4991893408, 0.72401519811, 0.28059677516, 0.30007162811, 0.18175014529, 0.35723675872, 0.21194725728, 0.16374236504, 0.24613005643, 0.098875144978, 0.40159548297, 0.15960327463, 0.14176379676, 0.068614008163, 0.17101729015, 0.20344117691, 0.17631376401, 0.080737154546, 0.20482053185, 0.2644489913, 0.1045377237, 0.15748411348, 0.046402363239, 0.084733512804, 0.30359169553, 0.14339587731, 0.2114553371, 0.3803319442, 0.32153941375, 0.17787805207, 0.061190200842, 0.064623987053, 0.2675304342, 0.20721658918, 0.25125432561, 0.19364532857, 0.30795610341, 0.2269364636, 0.16898842204, 0.065467345371, 0.22585727785, 0.058031963236, 0.46264006317, 0.060178086094, 0.20658247055],
      [52.7376532129, 52.7451942789, 49.7119572408, 50.8059402418, 46.8051779515, 58.808892675, 16.7289091035, 7.1339287813, 8.0107036744, 8.1600074574, 7.0562648073, 9.3543267211, 3.3995202836, 5.2595830757, 2.6758614662, 11.9104277767, 5.431665327, 4.529566905, 2.7853162757, 6.3304161199, 3.3708757484, 4.4193645334, 2.7772212942, 7.3034192175, 6.1516393804, 2.7748161375, 5.2970781347, 1.8491642838, 2.7402334712, 5.0607515565, 3.4622482253, 4.2988817016, 7.0948190087, 7.1667432063, 6.4049333569, 4.6751903717, 1.7684213169, 6.1554009752, 5.2961705836, 7.1712120493, 5.4075495324, 10.1832773359, 4.3299013753, 7.2072486559, 2.735579662, 6.3348371649, 1.8362900331, 8.4529331677, 1.832685313, 5.2262337977]
    ],
    [
      [2.4320946583, 1.4885442658, 3.5132158605, 1.6803910535, 2.4878052249, 2.2381705462, 22.0195017225, 23.4960918613, 25.9327135913, 29.6390644739, 19.7642039918, 20.5267541077, 13.9930763461, 1.7683757256, 1.8133919553, 1.8846780281, 5.9870002657, 3.9683556407, 1.9922445285, 3.4037798552, 5.1826033692, 1.3924574497, 4.4461018856, 3.0777045638, 2.7624987869, 2.1111925051, 2.1629323237, 0.82584102887, 2.4759506135, 2.8248285709, 4.6107891102, 2.3962934153, 2.4804363505, 3.4006910838, 3.4542393144, 1.425018233, 3.8442462884, 4.5244239998, 3.2912963008, 2.2519162183, 2.9708881565, 2.5450554993, 1.7584785286, 3.1255524102, 2.4089542111, 2.049051336, 1.9245285851, 4.9456007057, 3.067495892, 3.0476535022],
      [1.394093791, 0.97205544302, 2.7500379425, 0.72401709178, 2.5785906789, 3.2013319315, 18.3703942317, 19.9937245297, 20.0114113916, 14.763326283, 21.4989701271, 16.998161809, 9.1630075541, 1.5523271023, 1.4051201691, 1.9410622634, 4.1368324306, 3.0432441598, 1.638269188, 2.0723590644, 4.3827881659, 1.0770307002, 4.461699465, 2.2993986201, 2.2230090763, 3.1438152518, 1.0831106337, 0.64428783948, 2.1163562649, 2.3646433101, 2.9278327407, 1.8379483993, 3.291620264, 3.8617488451, 2.610815379, 0.62906512571, 2.6667026115, 3.7206432547, 2.4263343146, 1.7290118285, 2.5568221499, 2.604980403, 1.6117909582, 1.556635341, 1.3989828958, 1.8839205182, 1.8666039955, 3.6762033574, 3.040208427, 1.9433636343],
      [1.1738115507, 0.53940029114, 1.736746197, 0.59559185474, 0.93360409623, 1.5604975223, 8.6101040458, 10.510183609, 11.0558750171, 13.5976092432, 8.7368258811, 15.4750840833, 3.8439160998, 0.6792971721, 0.78148787559, 1.1742597085, 2.8761673037, 1.9884001995, 1.3694862836, 1.5238610804, 1.4346084649, 0.53051185013, 3.0921986493, 1.6228968161, 1.0144921369, 1.7449922432, 0.75395704265, 0.52987113164, 1.4076931216, 0.81052811898, 1.4613781491, 0.76575818539, 1.2279433855, 1.7375600711, 1.9349453066, 0.94591664134, 1.4890511001, 1.7549327455, 1.2823693846, 1.0190719532, 1.4722896935, 1.8499640977, 0.62973051324, 1.3178122488, 1.1920628931, 1.0670281458, 1.2088674194, 1.3781959369, 1.892295681, 1.0089828635]
    ],
    [
      [0.89620129975, 0.74053830761, 0.37162947152, 1.1379380639, 0.43296250929, 0.30529106078, 0.88302360322, 0.9721283434, 0.7875379905, 0.98648533032, 0.611592312, 0.85264596964, 6.6417203485, 8.1660999238, 7.1614234576, 4.5747871705, 7.8194166465, 5.8485659646, 4.7884893846, 1.4913287297, 0.79968031478, 0.80320469051, 0.78494493979, 1.2672159183, 0.91966944129, 0.83153827333, 1.2395307165, 0.46734216663, 0.57131507214, 1.0690335366, 1.2574524261, 0.69229236395, 0.43272585859, 0.67323870592, 0.73808400893, 0.92720804374, 1.1332383442, 0.63710944384, 0.82116166573, 0.64480777965, 0.3525140953, 0.66751144056, 0.96301925929, 1.186049886, 1.0434024489, 0.55703085641, 0.30878416728, 0.58072744831, 0.40789618621, 1.5529895066],
      [3.3532138375, 3.1716081311, 1.8859321812, 3.2195403026, 2.9125261069, 2.8373013077, 4.7304871755, 5.3026922194, 3.8810361609, 3.2255506556, 4.3149005326, 4.4234239576, 27.9898536044, 44.5799733978, 35.2997392761, 30.6428559665, 34.1200656517, 28.3795459242, 24.5298908866, 5.811398876, 4.3080886452, 3.9645285912, 5.0223639962, 6.0435886378, 4.7218553047, 8.2690439831, 4.0037090485, 2.3263643492, 3.1215977137, 5.7035663994, 5.1300164041, 3.4194313071, 3.7105297324, 4.9473570994, 3.6016944058, 2.6218570302, 5.1021862985, 3.3717501413, 3.8935849535, 3.1828274129, 1.9471769578, 4.3834525532, 5.6598777345, 3.8013065932, 3.8748634956, 3.2763412268, 1.9120885418, 2.7628051981, 2.5812770379, 6.3667422359],
      [1.7505848628, 1.0878535613, 0.74243834724, 1.6425216334, 0.65451138378, 0.8574076315, 1.3864892213, 1.7251794372, 1.3314258487, 1.7879640141, 1.0735071554, 2.7239300727, 7.3684260471, 12.2539266784, 12.5388372664, 11.782356863, 15.0605177017, 11.7718881112, 12.6816197288, 2.6972723943, 0.89223103999, 1.2322667182, 2.192691064, 2.6891954439, 1.358475254, 2.8994177436, 1.7567602351, 1.2062934841, 1.3070872142, 1.227400064, 1.6125311699, 0.8882763289, 0.85674440905, 1.3794041947, 1.6602215853, 2.4509349261, 1.7645753574, 0.99114041485, 1.2852533808, 1.1723648074, 0.70030894687, 1.9490360063, 1.3771030062, 2.0126435208, 2.0817340556, 1.1666279168, 0.77912729089, 0.65646735359, 1.0108267759, 2.0802682575]
    ],
    [
      [2.8898238863, 1.8299566525, 4.1158477627, 2.2144903453, 2.1160226773, 3.0657962147, 4.4177647254, 3.1646539195, 2.5168293346, 3.0670384193, 3.3865255025, 3.5379095452, 3.2596653041, 2.34728155, 2.0869781317, 1.7442648978, 2.6480918805, 2.084678906, 9.9398809258, 24.9309333173, 22.0612929633, 26.0540779427, 17.2250077875, 19.8551679631, 25.1606362595, 0.54647922323, 3.1300154575, 3.6827980337, 1.954978513, 2.4356450396, 1.4067208855, 1.6941374936, 1.191006821, 1.6471593753, 1.6663676445, 3.1747584076, 2.2145669528, 5.2592419804, 2.1498809808, 2.5082090639, 1.563921652, 0.6943188011, 2.6710525163, 3.1063383853, 5.2863946686, 1.8816707571, 3.2551705911, 2.168618003, 3.5748926857, 3.2678385182],
      [2.8023529764, 2.0232815131, 5.4374364948, 1.6109060457, 3.7086169458, 7.4554692002, 6.1988916617, 4.5232029105, 3.247461557, 2.6249123174, 6.2793387114, 4.8572876751, 3.5425176737, 3.4528032432, 2.7121999372, 3.0137150091, 3.0694005092, 2.6830144308, 13.641719068, 25.4015641791, 31.0009534599, 33.5885611465, 29.1110670312, 24.734049695, 33.7037781187, 1.3538198041, 2.6241052104, 4.8011366829, 2.7986573021, 3.4152666148, 1.4942130149, 2.1867978689, 2.6769636548, 3.1648492334, 2.1269492472, 2.3654510338, 2.594549419, 7.2855872293, 2.6639513397, 3.2390998487, 2.2639143271, 1.1940065308, 4.11867373, 2.5995986563, 5.1342301067, 2.9001617658, 5.2905560679, 2.6990982793, 5.933456809, 3.4906952396],
      [0.30782313729, 0.14676183439, 0.44671574252, 0.17460360893, 0.17536037689, 0.47873458512, 0.38334361291, 0.31214316995, 0.23570910839, 0.30804926336, 0.3341357861, 0.60480277975, 0.19781702224, 0.19991520685, 0.20082193112, 0.24202009308, 0.28250761022, 0.23230666321, 1.4184000062, 2.6675025036, 0.93775357682, 2.3573609108, 2.6639251813, 2.4107823419, 2.1355856218, 0.09970097264, 0.24587933218, 0.51606528336, 0.24636418483, 0.14908834562, 0.09906609959, 0.11906463743, 0.13202952417, 0.18799139129, 0.20668310832, 0.45979055856, 0.19088362818, 0.4551707903, 0.18616767954, 0.25269108738, 0.17216402092, 0.11167466807, 0.21027375375, 0.29406295833, 0.57937522471, 0.21816747702, 0.45427334105, 0.13228371769, 0.49165050534, 0.24146624214]
    ],
    [
      [1.0182202562, 1.2737354532, 0.86595138902, 2.1948546257, 1.3539488401, 0.27974452964, 0.88193258035, 1.278049182, 1.1403018534, 1.1026701466, 1.0922985329, 0.92955560073, 2.1646049069, 1.5012849202, 0.45053152504, 1.4079862826, 1.1672049747, 1.5334717232, 1.1673809643, 1.5255544144, 1.1602932931, 1.3932462985, 0.69885520267, 1.3193209638, 1.142718357, 7.0496396081, 16.7759873601, 14.3194670894, 11.6932473315, 13.6371618321, 17.026853389, 5.3046450521, 1.2581208517, 1.21130297, 1.9290148752, 2.0708342718, 0.48968364484, 1.1139472333, 0.47424403596, 2.0176935152, 1.2377399419, 0.85116851822, 0.42322857434, 0.85057920551, 1.0127041235, 1.572926636, 1.4591989644, 0.75104543075, 1.4480794527, 1.060745987],
      [1.8875779689, 2.698035334, 2.1820632084, 3.0665486224, 4.5198505872, 1.2886145923, 2.354787967, 3.4730604003, 2.79818995, 1.7970532186, 3.8486468759, 2.4192338675, 4.492704877, 4.2157463898, 1.1180186528, 4.6402528336, 2.5851831076, 3.760848398, 3.0543707586, 2.9595633084, 3.1238619227, 3.4294499789, 2.2270499842, 3.1393654362, 2.9274573005, 39.3765692355, 27.5200397393, 35.0036090538, 31.6044208197, 35.5829725398, 34.8782472529, 12.9998096975, 5.3648852586, 4.4212728246, 4.6794863907, 2.9106497162, 1.0914128546, 2.9311686199, 1.1172179562, 4.9589455268, 3.4056385436, 2.7798195177, 1.2414493188, 1.3564591064, 1.875047691, 4.6104041953, 4.5092199254, 1.7808161719, 4.5720908435, 2.1598927909],
      [1.094201775, 1.0282292128, 0.95198540256, 1.7385967519, 1.1262005727, 0.43164087806, 0.76327945263, 1.2488904177, 1.0615081966, 1.1002766347, 1.0590545912, 1.6512105318, 1.3426902161, 1.28296869, 0.4314498222, 1.9517608839, 1.2476119176, 1.7056798788, 1.7782482771, 1.5148822771, 0.71584478413, 1.1773037226, 1.0740948131, 1.5413136, 0.92982434254, 15.5737911565, 13.7039729006, 19.6769238569, 14.7023318488, 7.7798656281, 12.0948993581, 3.6955452504, 1.3769938898, 1.3674242054, 2.3914987341, 3.018516012, 0.41890350054, 0.95488414673, 0.40853800781, 2.0233609581, 1.3566215145, 1.3690119641, 0.33532210689, 0.79296168808, 1.1122481855, 1.8166691687, 2.0315811102, 0.46813839732, 1.9798297037, 0.77936122215]
    ],
    [
      [6.4141891854, 7.5720681453, 4.1945630609, 7.7085208246, 3.6695321968, 3.065005383, 2.9411929345, 4.2891913587, 5.8111844989, 6.540796167, 2.1148590286, 2.398346472, 1.5857074968, 2.95057012, 10.8539407288, 1.9417741107, 2.833425415, 4.8831648877, 3.8019776279, 5.0615519856, 4.6903819011, 3.7087977664, 4.9946446955, 5.5028389146, 1.4919961895, 0, 5.3839822567, 1.9479566995, 2.0103379176, 2.3362022012, 4.6602274515, 33.916113971, 35.8748800542, 36.5676367745, 34.4399233945, 40.1663487724, 45.1705661207, 22.081380937, 5.1812897289, 6.4273490781, 7.6382023434, 3.0757464094, 8.9422878952, 5.911007138, 7.0678240551, 6.1544353531, 3.8780611992, 3.1480743136, 2.5977680804, 6.9295084143],
      [0.30984545988, 0.41794182469, 0.27800370362, 0.28039753208, 0.31865982356, 0.36615599972, 0.21035491659, 0.31246329358, 0.38306344896, 0.27929568288, 0.19959203873, 0.17152389326, 0.088459117127, 0.22008932147, 0.70345012071, 0.17029216736, 0.16720869154, 0.31758552515, 0.27032676522, 0.26365466476, 0.34193251003, 0.24571721221, 0.43180965832, 0.35043723325, 0.10311905993, 0, 0.23193899659, 0.13071610247, 0.14721936505, 0.16790987269, 0.25439452829, 2.3009237339, 3.7706471399, 3.4160578169, 2.2965609333, 1.0788452532, 2.7534888333, 1.5740526613, 0.32765110469, 0.42286950503, 0.56317327424, 0.27067957784, 0.69814385504, 0.24595958605, 0.34990251111, 0.4798261807, 0.32248102044, 0.20136018196, 0.2206283467, 0.37991211119],
      [2.2759653547, 2.00999003, 1.5274332354, 2.0110816433, 1.0118079797, 1.5688386173, 0.84845214888, 1.3983453477, 1.8057520521, 2.1799081501, 0.68554893266, 1.4301296347, 0.32583338605, 0.82934055857, 3.4426091505, 0.8879337219, 0.99936589344, 1.7992495871, 1.9276956069, 1.6747933497, 0.96768558891, 1.0454850214, 2.5735456462, 2.1467238521, 0.40488475056, 0, 1.3840787467, 0.92132719801, 0.84244271738, 0.49588792608, 1.0853780202, 7.782962295, 13.3544728059, 14.0163054085, 14.2635156722, 18.7548059744, 13.075945046, 6.3445664017, 1.4910591665, 2.1497814169, 2.7986243824, 1.6535740128, 2.3595682498, 1.843033276, 2.5822734338, 2.3657384662, 1.7994577804, 0.6505655044, 1.1816035729, 1.6905794745]
    ],
    [
      [4.1013226394, 2.2125411935, 1.4560568744, 3.5246225803, 4.0192982205, 0.38064460083, 1.552724744, 3.4780754984, 3.5965074801, 1.0647523992, 5.1966161619, 1.9720678458, 1.7770615511, 1.5475530073, 4.5876558249, 5.5206792904, 1.4998476778, 6.3082865442, 2.5385589843, 2.6046640676, 5.6370652722, 1.5836103762, 2.850214133, 1.9076541037, 1.5893525281, 2.1077151227, 4.0564372323, 2.1974803211, 5.0013186839, 4.4919001833, 1.7281490821, 2.7828958786, 2.6221340922, 1.7941861281, 5.5990823885, 3.714251121, 4.2953869374, 14.042331978, 31.6825283736, 26.0149026881, 25.6859245116, 22.2467513951, 29.3562870213, 24.5739221177, 2.5315225985, 2.7804542869, 5.5566679481, 4.0447131676, 2.5742591014, 4.5483238596],
      [1.0118193954, 0.62073486028, 0.49139282441, 0.65510107346, 1.7858349928, 0.23259539781, 0.56253224062, 1.2839370329, 1.1991261007, 0.23631313048, 2.4787513194, 0.70477461116, 0.50033235592, 0.58841972864, 1.5357640071, 2.4612130477, 0.4509753667, 2.0897278101, 0.90846650963, 0.68870488754, 2.0694385094, 0.53169931705, 1.2411617603, 0.61887832689, 0.55534671029, 1.3609452008, 0.88320272563, 0.74534996345, 1.8528390731, 1.631845534, 0.47587482266, 0.92176510024, 1.4911711419, 0.87452584603, 1.8273788517, 0.70115095987, 1.2833141777, 5.0087693286, 10.2568528045, 8.7147222516, 9.6456109264, 10.2361918132, 11.5733191887, 5.0887739724, 0.63863700291, 1.1072671038, 2.3389817054, 1.3047052313, 1.1072220463, 1.2588947583],
      [2.8868579652, 1.1667239463, 1.0525503012, 1.8202763463, 2.1948667867, 0.38676000136, 0.88474301538, 2.2379874687, 2.2043664193, 0.69893447037, 3.3246325188, 2.3231575431, 0.72260609301, 0.86402726408, 2.876580168, 5.0181076619, 1.0491769555, 4.6019856457, 2.552974506, 1.7066310448, 2.2934962184, 0.88469030676, 2.9086241067, 1.4734675694, 0.85530076157, 2.5313396765, 2.0603600421, 2.0571697154, 4.1458422429, 1.8762542827, 0.79597609523, 1.2953390212, 1.8866947659, 1.3312880258, 4.5735387599, 3.5845979191, 2.4212988849, 7.9488986934, 18.0606188219, 17.2703750603, 18.6684645619, 23.5170567917, 15.07039379, 15.3373039099, 1.8298403986, 2.1122786093, 5.1043503465, 1.6505816011, 2.3185188523, 2.1927813821]
    ],
    [
