{
  "X": [
    [15, 67, 18],
    [11, 77, 12],
    [17, 71, 12],
    [16, 74, 10],
    [22, 67, 11],
    [23, 67, 10],
    [34, 33, 33],
    [33, 30, 37],
    [36, 33, 31],
    [29, 33, 38],
    [34, 28, 38],
    [28, 28, 44],
    [28, 51, 21],
    [16, 58, 26],
    [26, 55, 19],
    [27, 51, 22],
    [20, 67, 13],
    [20, 56, 24],
    [32, 47, 21],
    [50, 29, 21],
    [45, 38, 17],
    [44, 35, 21],
    [41, 40, 19],
    [49, 34, 17],
    [39, 39, 22],
    [19, 61, 20],
    [9, 72, 19],
    [12, 67, 21],
    [21, 63, 16],
    [20, 62, 18],
    [17, 61, 22],
    [39, 29, 32],
    [59, 28, 13],
    [67, 19, 14],
    [62, 21, 17],
    [51, 31, 18],
    [62, 21, 17],
    [53, 26, 21],
    [48, 27, 25],
    [49, 15, 36],
    [47, 24, 29],
    [55, 21, 24],
    [56, 20, 24],
    [51, 31, 18],
    [27, 46, 27],
    [23, 51, 26],
    [23, 53, 24],
    [28, 46, 26],
    [23, 55, 22],
    [19, 47, 34]
  ],
  "W": [
    [55, 9, 5, 8, 5, 7, 5, 6],
    [69, 5, 6, 4, 5, 1, 7, 3],
    [55, 2, 8, 9, 7, 7, 4, 8],
    [50, 9, 5, 4, 13, 6, 9, 4],
    [58, 5, 5, 6, 4, 8, 11, 3],
    [52, 8, 8, 7, 5, 8, 5, 7],
    [12, 46, 8, 9, 6, 7, 7, 5],
    [4, 55, 7, 7, 5, 9, 6, 7],
    [6, 57, 10, 3, 6, 8, 7, 3],
    [10, 58, 6, 7, 3, 4, 6, 6],
    [12, 49, 5, 7, 3, 6, 11, 7],
    [8, 54, 7, 6, 7, 8, 2, 8],
    [3, 30, 36, 3, 9, 5, 7, 7],
    [8, 2, 61, 6, 4, 4, 5, 10],
    [3, 4, 55, 9, 5, 11, 4, 9],
    [5, 8, 47, 7, 8, 9, 9, 7],
    [15, 5, 55, 5, 3, 5, 7, 5],
    [4, 5, 55, 8, 7, 10, 8, 3],
    [4, 5, 48, 19, 6, 8, 8, 2],
    [7, 8, 5, 59, 5, 4, 4, 8],
    [6, 6, 9, 53, 8, 8, 3, 7],
    [4, 6, 6, 57, 3, 8, 8, 8],
    [7, 7, 6, 56, 9, 5, 5, 5],
    [4, 8, 7, 52, 6, 10, 3, 10],
    [6, 8, 6, 55, 5, 6, 6, 8],
    [3, 5, 7, 7, 57, 4, 7, 10],
    [6, 7, 5, 6, 64, 3, 1, 8],
    [13, 7, 7, 5, 54, 4, 4, 6],
    [8, 5, 6, 7, 55, 3, 6, 10],
    [8, 13, 8, 3, 52, 8, 3, 5],
    [4, 8, 7, 5, 57, 6, 3, 10],
    [7, 7, 8, 4, 20, 41, 9, 4],
    [6, 3, 7, 7, 8, 57, 8, 4],
    [5, 6, 3, 6, 6, 58, 10, 6],
    [7, 4, 11, 6, 3, 60, 7, 2],
    [6, 15, 7, 10, 11, 39, 6, 6],
    [3, 8, 8, 7, 5, 59, 5, 5],
    [5, 5, 11, 10, 7, 30, 23, 9],
    [7, 7, 4, 10, 8, 5, 51, 8],
    [5, 2, 4, 6, 3, 11, 62, 7],
    [2, 7, 7, 4, 9, 6, 59, 6],
    [7, 6, 5, 3, 5, 5, 64, 5],
    [5, 3, 4, 5, 11, 4, 61, 7],
    [2, 7, 4, 8, 7, 13, 42, 17],
    [8, 5, 5, 8, 6, 6, 7, 55],
    [9, 7, 3, 6, 2, 9, 5, 59],
    [5, 10, 8, 7, 3, 7, 6, 54],
    [9, 11, 5, 5, 6, 4, 9, 51],
    [9, 3, 4, 5, 10, 4, 7, 58],
    [9, 5, 1, 9, 9, 7, 3, 57]
  ],
  "method": "mvn_pdf",
  "cond_prob": [
    [
      [0.0088645445738, 0.9571317676, 0.034003687827],
      [0.20515456447, 0.14290346477, 0.65194197076],
      [0.05439505419, 0.69293831681, 0.252666629],
      [0.47260714052, 0.28955476201, 0.23783809746],
      [0.025681142734, 0.76678785977, 0.2075309975],
      [0.75225281857, 0.035464032696, 0.21228314874],
      [0.53384009715, 0.029537325196, 0.43662257766],
      [0.091641773947, 0.51010296087, 0.39825526518]
    ],
    [
      [0.012733709995, 0.95103186234, 0.036234427661],
      [0.2852121288, 0.13700669282, 0.57778117838],
      [0.076787366339, 0.69234731303, 0.23086532064],
      [0.57731104927, 0.24044818288, 0.18224076784],
      [0.036375414706, 0.77271419628, 0.19091038902],
      [0.82866655161, 0.026120697201, 0.14521275119],
      [0.64659723962, 0.023759705213, 0.32964305517],
      [0.12954022292, 0.50729393646, 0.36316584062]
    ],
    [
      [0.011152467699, 0.95485719374, 0.033990338561],
      [0.30614436782, 0.1526712985, 0.54118433368],
      [0.077946818806, 0.71702756012, 0.20502562108],
      [0.58330438503, 0.25331753423, 0.16337808074],
      [0.036725642964, 0.79447102747, 0.16880332956],
      [0.8407933095, 0.027498357905, 0.13170833259],
      [0.67158070875, 0.025984033229, 0.30243525802],
      [0.13400700287, 0.53796395346, 0.32802904367]
    ],
    [
      [0.0053074169692, 0.98923149457, 0.0054610884631],
      [0.2638979815, 0.30482949252, 0.43127252599],
      [0.040069459533, 0.86292087559, 0.097009664881],
      [0.43717401702, 0.44770811588, 0.1151178671],
      [0.018043970217, 0.90726758252, 0.074688447261],
      [0.81725496831, 0.063287858162, 0.11945717353],
      [0.66190482056, 0.060383397407, 0.27771178203],
      [0.078814786135, 0.74296667478, 0.17821853909]
    ],
    [
      [0.011024760187, 0.9597659657, 0.029209274109],
      [0.35281385946, 0.15839414722, 0.48879199331],
      [0.086559331849, 0.73451699804, 0.17892367011],
      [0.61855347228, 0.24440394513, 0.13704258259],
      [0.040590951577, 0.81270786467, 0.14670118375],
      [0.8660376655, 0.025781379161, 0.10818095533],
      [0.71881436509, 0.024830081621, 0.25635555329],
      [0.15158465751, 0.55746040074, 0.29095494175]
    ],
    [
      [0.015714372842, 0.96376035848, 0.020525268678],
      [0.44628139848, 0.15550876219, 0.39820983932],
      [0.11308596467, 0.73504460967, 0.15186942566],
      [0.6908245633, 0.21058665366, 0.098588783036],
      [0.053586927595, 0.82042028037, 0.12599279204],
      [0.90568905333, 0.021508424987, 0.072802521682],
      [0.79588808887, 0.021918345548, 0.18219356558],
      [0.19703632212, 0.55745246843, 0.24551120944]
    ],
    [
      [0.013839175821, 0.95425041285, 0.031910411331],
      [0.33950451933, 0.13928325057, 0.52121223009],
      [0.093289079399, 0.69433499482, 0.21237592578],
      [0.6192529739, 0.22555360766, 0.15519341844],
      [0.044570219176, 0.778283516, 0.17714626482],
      [0.85360343775, 0.024301674701, 0.12209488755],
      [0.69575778623, 0.022964803967, 0.28127740981],
      [0.15683654352, 0.51134732905, 0.33181612742]
    ],
    [
      [0.0094770008906, 0.96567209626, 0.024850902845],
      [0.29575513649, 0.18233541571, 0.5219094478],
      [0.067893441249, 0.75446741838, 0.17763914037],
      [0.54447862869, 0.29792659385, 0.15759477747],
      [0.031659981061, 0.82380486566, 0.14453515328],
      [0.82793591778, 0.035392725927, 0.1366713563],
      [0.65952517427, 0.032649804403, 0.30782502132],
      [0.12029725555, 0.58694971107, 0.29275303338]
    ],
    [
      [0.010950726291, 0.96949246321, 0.019556810496],
      [0.36227710413, 0.19600528677, 0.4417176091],
      [0.07941679313, 0.77585959167, 0.1447236152],
      [0.59471538202, 0.28502624022, 0.12025837776],
      [0.036977778042, 0.84539836813, 0.11762385383],
      [0.86765611956, 0.032604928391, 0.099738952052],
      [0.73063262269, 0.031774208232, 0.23759316908],
      [0.1428808819, 0.6138067147, 0.2433124034]
    ],
    [
      [0.0093223635453, 0.9651972708, 0.025480365654],
      [0.28854912799, 0.18036651674, 0.53108435527],
      [0.066799831125, 0.75092645302, 0.18227371585],
      [0.53904001375, 0.29827814838, 0.16268183787],
      [0.031173100164, 0.82042406521, 0.14840283462],
      [0.82283240092, 0.03551063514, 0.14165696394],
      [0.65064266863, 0.032601442769, 0.3167558886],
      [0.11802382369, 0.58239002859, 0.29958614773]
    ],
    [
      [0.015096937474, 0.94669084162, 0.038212220909],
      [0.3170134786, 0.12138224914, 0.56160427226],
      [0.09332142022, 0.65998532677, 0.24669325301],
      [0.61008726798, 0.21171730157, 0.17819543046],
      [0.045058179236, 0.74722457452, 0.20771724624],
      [0.83762308998, 0.022590832712, 0.1397860773],
      [0.66541514771, 0.020616362193, 0.31396849009],
      [0.15249694565, 0.47229046344, 0.37521259091]
    ],
    [
      [0.01449472047, 0.9400281019, 0.045477177628],
      [0.27474287687, 0.111334667, 0.61392245613],
      [0.084444532029, 0.63046294194, 0.28509252603],
      [0.57269920909, 0.21235721948, 0.21494357143],
      [0.041413025099, 0.71731329169, 0.24127368321],
      [0.80467804421, 0.023252368285, 0.17206958751],
      [0.60873398176, 0.020531749569, 0.37073426867],
      [0.1344795517, 0.44150547117, 0.42401497713]
    ],
    [
      [0.011575392826, 0.97154993917, 0.016874668004],
      [0.39374441975, 0.20727512157, 0.39898045868],
      [0.087290182694, 0.79156519586, 0.12114462144],
      [0.61302159709, 0.28347142399, 0.10350697892],
      [0.039667876273, 0.85736087859, 0.10297124514],
      [0.88355585367, 0.032349492343, 0.084094653988],
      [0.76154426556, 0.032565995026, 0.20588973941],
      [0.15226140673, 0.63062541115, 0.21711318211]
    ],
    [
      [0.011833090699, 0.94796782414, 0.04019908516],
      [0.25063299073, 0.12928386488, 0.62008314439],
      [0.076562197013, 0.66692608134, 0.25651172165],
      [0.54199768575, 0.24425739542, 0.21374491883],
      [0.034775459907, 0.7448263063, 0.2203982338],
      [0.79512958344, 0.028026382004, 0.17684403455],
      [0.59504021761, 0.024656515504, 0.38030326689],
      [0.11869678993, 0.47949610123, 0.40180710884]
    ],
    [
      [0.012934777435, 0.96063951281, 0.026425709752],
      [0.35566174478, 0.16059389863, 0.48374435658],
      [0.090298231304, 0.72480985706, 0.18489191164],
      [0.61844688222, 0.24515509987, 0.13639801791],
      [0.042370341915, 0.80728767753, 0.15034198056],
      [0.86576009888, 0.025983417237, 0.10825648389],
      [0.71973262365, 0.025666570375, 0.25460080598],
      [0.15466452612, 0.5533161746, 0.29201929929]
    ],
    [
      [0.013575247723, 0.95613389496, 0.030290857316],
      [0.34477554614, 0.14643244256, 0.5087920113],
      [0.091976638032, 0.70236109796, 0.20566226401],
      [0.61957056678, 0.23204658325, 0.14838284996],
      [0.043717813543, 0.78786219821, 0.16841998825],
      [0.85878637481, 0.024340982732, 0.11687264245],
      [0.70508770938, 0.023229977805, 0.27168231281],
      [0.15563059588, 0.52593386679, 0.31843553733]
    ],
    [
      [0.011755811369, 0.97277576265, 0.015468425978],
      [0.37233636172, 0.20964912065, 0.41801451763],
      [0.082366698481, 0.79487585875, 0.12275744277],
      [0.59671156235, 0.29543833921, 0.10785009844],
      [0.036082358591, 0.85855859867, 0.10535904274],
      [0.87706444012, 0.033829723777, 0.089105836101],
      [0.74922752683, 0.033757852447, 0.21701462072],
      [0.14201856569, 0.63672492955, 0.22125650476]
    ],
    [
      [0.007121195499, 0.96254101342, 0.030337791078],
      [0.21703629743, 0.17478642611, 0.60817727646],
      [0.048458602053, 0.73836818727, 0.21317321068],
      [0.46236806871, 0.32832685185, 0.20930507945],
      [0.023523475801, 0.80432802887, 0.17214849533],
      [0.76315300593, 0.042061672336, 0.19478532173],
      [0.55730825362, 0.035908206842, 0.40678353954],
      [0.089168549782, 0.56695337368, 0.34387807654]
    ],
    [
      [0.01531344388, 0.95128272084, 0.033403835279],
      [0.35531105512, 0.1327339666, 0.51195497828],
      [0.099870710798, 0.67905469628, 0.22107459293],
      [0.63935028487, 0.20991436406, 0.15073535106],
      [0.048601138604, 0.76866024135, 0.18273862005],
      [0.86312970511, 0.021844702759, 0.11502559213],
      [0.71098717346, 0.020897449464, 0.26811537707],
      [0.16809977886, 0.49715113966, 0.33474908148]
    ],
    [
      [0.017766964991, 0.9428315197, 0.039401515306],
      [0.35446147403, 0.11480555095, 0.53073297502],
      [0.11080185001, 0.64513096251, 0.24406718748],
      [0.65307741617, 0.18255302334, 0.16436956048],
      [0.054169190207, 0.73792249559, 0.20790831421],
      [0.86064607384, 0.019262009032, 0.12009191713],
      [0.70408717908, 0.018211063418, 0.2777017575],
      [0.17807296071, 0.45574337461, 0.36618366467]
    ],
    [
      [0.011791831985, 0.96272756412, 0.025480603898],
      [0.34532376927, 0.1675169692, 0.48715926154],
      [0.084599871586, 0.73845745828, 0.17694267014],
      [0.59912159471, 0.25996087165, 0.14091753364],
      [0.039677114797, 0.81478200499, 0.14554088021],
      [0.85802247423, 0.029120936677, 0.1128565891],
      [0.70902142748, 0.02781054601, 0.26316802651],
      [0.14768600484, 0.56569061523, 0.28662337992]
    ],
    [
      [0.0085873327239, 0.96565958474, 0.025753082539],
      [0.27263923202, 0.18402187811, 0.54333888988],
      [0.062292940038, 0.75505688809, 0.18265017187],
      [0.51647423395, 0.31137469752, 0.17215106853],
      [0.029029418461, 0.82277567725, 0.14819490428],
      [0.8109664476, 0.038123973967, 0.15090957843],
      [0.63248684287, 0.03439959305, 0.33311356408],
      [0.11028896528, 0.58825196718, 0.30145906753]
    ],
    [
      [0.0091729221577, 0.96543285472, 0.025394223122],
      [0.29273246806, 0.18216815367, 0.52509937827],
      [0.067495889958, 0.75420194512, 0.17830216492],
      [0.53908036598, 0.2991556793, 0.16176395473],
      [0.031222771232, 0.82339010489, 0.14538712387],
      [0.82628609081, 0.035816594827, 0.13789731436],
      [0.65666288797, 0.032950186594, 0.31038692544],
      [0.11948731981, 0.58690367574, 0.29360900446]
    ],
    [
      [0.013192104143, 0.96224286567, 0.024565030188],
      [0.37289914526, 0.1640563984, 0.46304445634],
      [0.093210363298, 0.73558340243, 0.17120623427],
      [0.62519810103, 0.24683001141, 0.12797188756],
      [0.043983806044, 0.81467893299, 0.14133726097],
      [0.87185941964, 0.027113468829, 0.10102711153],
      [0.73388686348, 0.026159952463, 0.23995318405],
      [0.16171070018, 0.56166447963, 0.2766248202]
    ],
    [
      [0.0078111409757, 0.96600259841, 0.02618626061],
      [0.25425148064, 0.18722627467, 0.55852224469],
      [0.057330111066, 0.7576041595, 0.18506572943],
      [0.49433782863, 0.32446737726, 0.18119479411],
      [0.026576890902, 0.82347694478, 0.14994616432],
      [0.79639252467, 0.040794864252, 0.16281261108],
      [0.61020106715, 0.036179872645, 0.3536190602],
      [0.1017642578, 0.59195129507, 0.30628444713]
    ],
    [
      [0.012947171497, 0.95806054827, 0.028992280233],
      [0.34152469648, 0.15216808076, 0.50630722277],
      [0.088393617025, 0.71487189464, 0.19673448834],
      [0.61425430573, 0.23911436919, 0.14663132508],
      [0.042947022021, 0.79034577763, 0.16670720035],
      [0.85904947983, 0.025628404613, 0.11532211555],
      [0.70551223368, 0.024318595436, 0.27016917089],
      [0.15122357336, 0.5364620993, 0.31231432734]
    ],
    [
      [0.0057593508215, 0.96940015842, 0.024840490754],
      [0.21656669885, 0.20728988178, 0.57614341937],
      [0.04479934811, 0.7769476344, 0.17825301749],
      [0.44254675131, 0.3693745477, 0.18807870098],
      [0.016266859388, 0.83579997777, 0.14793316284],
      [0.77003435465, 0.048881374326, 0.18108427102],
      [0.57028254977, 0.042709880037, 0.38700757019],
      [0.081091892516, 0.61887897984, 0.30002912765]
    ],
    [
      [0.007947447533, 0.96066473431, 0.031387818156],
      [0.23240743099, 0.1681607617, 0.59943180731],
      [0.055738126377, 0.73026829518, 0.21399357845],
      [0.4894557756, 0.30915096192, 0.20139326248],
      [0.02576944652, 0.79720071377, 0.17702983971],
      [0.78281894018, 0.037685870676, 0.17949518914],
      [0.58210923292, 0.032995042528, 0.38489572455],
      [0.096853766337, 0.55750634161, 0.34563989205]
    ],
    [
      [0.018262393981, 0.955901621, 0.025835985015],
      [0.45814460614, 0.13789315535, 0.40396223852],
      [0.12716180297, 0.70200510871, 0.17083308832],
      [0.71234962731, 0.18658775483, 0.10106261785],
      [0.057171717525, 0.79613994855, 0.14668833392],
      [0.90880494167, 0.018588323208, 0.072606735122],
      [0.79951295449, 0.019137846895, 0.18134919862],
      [0.21458225927, 0.51868870978, 0.26672903095]
    ],
    [
      [0.013216449184, 0.96255281681, 0.024230734007],
      [0.37649171641, 0.16538431559, 0.458123968],
      [0.091885836514, 0.73970902611, 0.16840513738],
      [0.63212144515, 0.24396911059, 0.12390944426],
      [0.044662243909, 0.81505618143, 0.14028157466],
      [0.8773827072, 0.02570216994, 0.096915122859],
      [0.74158244423, 0.025667255201, 0.23275030057],
      [0.16043587841, 0.56689225249, 0.2726718691]
    ],
    [
      [0.01244187298, 0.95574069586, 0.031817431158],
      [0.31473452153, 0.14657690064, 0.53868857783],
      [0.083269049145, 0.70349247861, 0.21323847224],
      [0.59463678313, 0.24220495193, 0.16315826495],
      [0.041617642423, 0.7790427219, 0.17933963567],
      [0.84372520275, 0.026128441883, 0.13014635537],
      [0.67680771165, 0.024783868236, 0.29840842011],
      [0.14113091066, 0.52323924971, 0.33562983963]
    ],
    [
      [0.016363012485, 0.92412775076, 0.059509236754],
      [0.17412482643, 0.089375670065, 0.7364995035],
      [0.066271251465, 0.55633304427, 0.37739570427],
      [0.46560468272, 0.21016681768, 0.3242284996],
      [0.04559314848, 0.64913868479, 0.30526816673],
      [0.72766112607, 0.047761479813, 0.22457739411],
      [0.46159098497, 0.023676366673, 0.51473264835],
      [0.093427095394, 0.36501569026, 0.54155721434]
    ],
    [
      [0.0069211554491, 0.97850713586, 0.014571708687],
      [0.30745122324, 0.25340690229, 0.43914187447],
      [0.053886936725, 0.83255500096, 0.11355806232],
      [0.50671359672, 0.37509230453, 0.11819409875],
      [0.024464989159, 0.88570815509, 0.089826855748],
      [0.84126909381, 0.047161691719, 0.11156921447],
      [0.69396532444, 0.045297700617, 0.26073697494],
      [0.10303370183, 0.69473551647, 0.20223078169]
    ],
    [
      [0.014664716412, 0.96121176161, 0.024123521979],
      [0.40095605536, 0.15082943699, 0.44821450764],
      [0.10297816009, 0.72649606734, 0.17052577257],
      [0.65900590766, 0.22096203057, 0.12003206177],
      [0.048782271325, 0.81045349901, 0.14076422967],
      [0.88522360681, 0.024364052859, 0.090412340334],
      [0.75513274677, 0.022926541712, 0.22194071152],
      [0.17849664485, 0.54643378459, 0.27506957055]
    ],
    [
      [0.013048916013, 0.953947719, 0.033003364985],
      [0.330308739, 0.13287636365, 0.53681489735],
      [0.090795951224, 0.68899785071, 0.22020619807],
      [0.61600726151, 0.22109996912, 0.16289276937],
      [0.043451048172, 0.77397423987, 0.18257471195],
      [0.84431322776, 0.023409902524, 0.13227686972],
      [0.68509865109, 0.022055050241, 0.29284629867],
      [0.15389311582, 0.50219105858, 0.3439158256]
    ],
    [
      [0.010668376006, 0.96796339687, 0.021368227124],
      [0.35127292344, 0.18547233187, 0.46325474469],
      [0.079035141756, 0.76610624, 0.15485861824],
      [0.59377604198, 0.27849123839, 0.12773271963],
      [0.036531663705, 0.83750736578, 0.12596097052],
      [0.86160309262, 0.032450563837, 0.10594634354],
      [0.7201215986, 0.030480627922, 0.24939777348],
      [0.14179849597, 0.60024029935, 0.25796120468]
    ],
    [
      [0.010932774089, 0.96465114961, 0.024416076304],
      [0.33574673831, 0.16917727279, 0.4950759889],
      [0.079304720789, 0.74662725398, 0.17406802523],
      [0.59169512962, 0.26597466452, 0.14233020586],
      [0.037014398013, 0.82102003984, 0.14196556215],
      [0.8494086646, 0.030553421023, 0.12003791438],
      [0.70033198814, 0.028237059165, 0.2714309527],
      [0.14061619109, 0.57377007, 0.28561373891]
    ],
    [
      [0.014528721029, 0.95210507361, 0.033366205358],
      [0.35161510774, 0.13125062368, 0.51713426858],
      [0.098708664674, 0.68284480852, 0.21844652681],
      [0.6356104259, 0.2108133975, 0.1535761766],
      [0.047194199442, 0.77020043847, 0.18260536209],
      [0.85733599826, 0.021141726379, 0.12152227536],
      [0.70381566673, 0.020325346025, 0.27585898725],
      [0.16546462302, 0.49673964729, 0.33779572969]
    ],
    [
      [0.0094315362776, 0.96629085374, 0.024277609983],
      [0.31228301451, 0.17874663226, 0.50897035323],
      [0.071281604807, 0.75635640431, 0.17236199089],
      [0.56162216538, 0.28783795955, 0.15053987507],
      [0.032784479347, 0.82693344377, 0.14028207688],
      [0.83869336928, 0.033219984008, 0.12808664671],
      [0.67404246214, 0.031361830912, 0.29459570695],
      [0.12684272764, 0.58748894231, 0.28566833005]
    ],
    [
      [0.013875829793, 0.93361178534, 0.052512384871],
      [0.23394149181, 0.096556740815, 0.66950176737],
      [0.07809472957, 0.59676774209, 0.32513752834],
      [0.54473784338, 0.20216065925, 0.25310149738],
      [0.038257215208, 0.68567122017, 0.27607156463],
      [0.77331174051, 0.022919239223, 0.20376902027],
      [0.571034062, 0.02266220532, 0.40630373268],
      [0.12237417908, 0.40351580657, 0.47411001435]
    ],
    [
      [0.0073650184152, 0.97067791664, 0.021957064948],
      [0.26676859405, 0.20262617593, 0.53060523002],
      [0.055037216049, 0.78228879972, 0.16267398423],
      [0.49753530884, 0.33994217356, 0.1625225176],
      [0.025118761821, 0.84427394276, 0.13060729542],
      [0.80727385643, 0.042178060627, 0.15054808295],
      [0.62827234132, 0.037552677463, 0.33417498122],
      [0.10078465406, 0.62288813733, 0.27632720861]
    ],
    [
      [0.011464982233, 0.96396153701, 0.024573480756],
      [0.34984591756, 0.16243305033, 0.48772103212],
      [0.084256507841, 0.74118884971, 0.17455464245],
      [0.6078899471, 0.25297695412, 0.13913309877],
      [0.039344499559, 0.81800024612, 0.14265525432],
      [0.85980285246, 0.027607892964, 0.11258925457],
      [0.70838950088, 0.027461256208, 0.26414924291],
      [0.14861048443, 0.56544694706, 0.28594256851]
    ],
    [
      [0.021168666706, 0.93862597856, 0.040205354737],
      [0.39726892997, 0.1003156218, 0.50241544823],
      [0.1317026166, 0.62058995126, 0.24770743214],
      [0.69841392926, 0.15675589436, 0.14483017638],
      [0.064806520613, 0.72170476707, 0.21348871231],
      [0.88015211254, 0.015322661889, 0.10452522557],
      [0.73751189189, 0.012433863734, 0.25005424437],
      [0.2088234545, 0.42589645598, 0.36528008953]
    ],
    [
      [0.007804966648, 0.97958057414, 0.01261445921],
      [0.3368427492, 0.26491642234, 0.39824082846],
      [0.058610318568, 0.84011629653, 0.1012733849],
      [0.52714589203, 0.37169892671, 0.10115518127],
      [0.027727080709, 0.8930068006, 0.079266118686],
      [0.86023775663, 0.047030500173, 0.092731743201],
      [0.73454384539, 0.046852674082, 0.21860348053],
      [0.11452120614, 0.7071829928, 0.17829580106]
    ],
    [
      [0.014993941522, 0.95226548879, 0.032740569684],
      [0.35407576757, 0.1364644391, 0.50945979333],
      [0.099288384674, 0.68747236078, 0.21323925455],
      [0.6356769066, 0.21562232161, 0.14870077179],
      [0.047666591155, 0.77332629506, 0.17900711378],
      [0.86266804825, 0.022696194631, 0.11463575712],
      [0.71069396816, 0.021688731985, 0.26761729986],
      [0.16528994255, 0.50198649919, 0.33272355826]
    ],
    [
      [0.0091204857351, 0.96556500921, 0.025314505051],
      [0.28579586071, 0.18611923475, 0.52808490454],
      [0.064808557533, 0.75728245843, 0.17790898403],
      [0.53283442719, 0.30687475615, 0.16029081666],
      [0.030200094179, 0.82515424862, 0.14464565721],
      [0.82312011139, 0.036490864408, 0.1403890242],
      [0.65120668953, 0.033775097197, 0.31501821327],
      [0.11527792761, 0.58892173896, 0.29580033343]
    ],
    [
      [0.008238530403, 0.97141496873, 0.020346500866],
      [0.29363889131, 0.21497651222, 0.49138459647],
      [0.060253644322, 0.79011491865, 0.14963143703],
      [0.52012060269, 0.33773808103, 0.14214131627],
      [0.027766817922, 0.85190564797, 0.1203275341],
      [0.82989379264, 0.041618637182, 0.12848757018],
      [0.66786490515, 0.038973991341, 0.29316110351],
      [0.11110738201, 0.63383671788, 0.25505590012]
    ],
    [
      [0.015618200678, 0.9548656349, 0.029516164427],
      [0.39221160282, 0.14042612289, 0.46736227429],
      [0.10824589687, 0.69860860161, 0.19314550152],
      [0.66280531247, 0.20878627912, 0.12840840841],
      [0.051741087223, 0.78606029842, 0.16219861435],
      [0.88118801002, 0.021740125062, 0.097071864921],
      [0.74593362198, 0.02136612338, 0.23270025464],
      [0.17924022265, 0.51625353195, 0.3045062454]
    ],
    [
      [0.013032700939, 0.96323286957, 0.023734429492],
      [0.37081883089, 0.17027926767, 0.45890190144],
      [0.090041026048, 0.74337762425, 0.1665813497],
      [0.62305731621, 0.2517730285, 0.12516965529],
      [0.042681745329, 0.8201301402, 0.13718811447],
      [0.87320605805, 0.027433411492, 0.099360530458],
      [0.73578646472, 0.026787317435, 0.23742621785],
      [0.15904571681, 0.57050249071, 0.27045179248]
    ],
    [
      [0.010248993473, 0.94869367311, 0.041057333418],
      [0.21906403698, 0.13112768227, 0.64980828074],
      [0.062570285737, 0.66307487269, 0.27435484157],
      [0.49930938932, 0.26295433085, 0.23773627983],
      [0.030352653572, 0.74255973384, 0.22708761259],
      [0.76205272137, 0.032248935657, 0.20569834297],
      [0.54806326249, 0.026650547673, 0.42528618984],
      [0.10533949763, 0.48750391023, 0.40715659214]
    ]
  ],
  "expected_outcome": [
    [
      [0.48754995156, 0.87862598964, 0.61338572344, 0.26537084846, 0.63943609086, 0.8171473878, 0.16607010985, 0.037908003562, 0.065704357744, 0.093223635453, 0.18116324969, 0.11595776376, 0.034726178478, 0.094664725592, 0.038804332306, 0.067876238616, 0.17633717054, 0.028484781996, 0.061253775521, 0.12436875494, 0.07075099191, 0.034349330895, 0.064210455104, 0.052768416574, 0.046866845854, 0.03884151449, 0.034556104929, 0.10331681793, 0.14609915185, 0.10573159347, 0.049767491922, 0.1145410874, 0.041526932694, 0.073323582059, 0.091342412091, 0.064010256036, 0.032798322267, 0.072643605145, 0.066020753943, 0.069379148964, 0.01473003683, 0.080254875633, 0.10584333353, 0.015609933296, 0.11995153217, 0.082084371615, 0.041192652015, 0.1405638061, 0.11729430845, 0.092240941261],
      [52.642247218, 65.6211985018, 52.5171456557, 49.4615747284, 55.6664260108, 50.115538641, 11.4510049542, 3.8626883851, 5.8169547793, 9.651972708, 11.3602900994, 7.5202248152, 2.9146498175, 7.5837425931, 2.8819185384, 4.7806694748, 14.5916364398, 3.8501640537, 3.8051308834, 6.5998206379, 5.7763653847, 3.8626383389, 6.758029983, 3.8489714627, 5.7960155905, 2.8741816448, 5.8164009505, 12.488641546, 7.647212968, 7.7004225345, 3.8229627834, 6.4688942553, 5.8710428152, 4.806058808, 6.677634033, 5.8077803812, 2.8939534488, 4.7605253681, 6.7640359762, 4.6680589267, 1.9413558333, 6.7477307591, 4.6931298928, 1.9591611483, 7.6181239104, 8.6900850829, 4.8570748437, 8.5937907141, 8.6690958261, 8.538243058],
      [1.8702028305, 2.5001755086, 1.8694686208, 0.27305442315, 1.6941378983, 1.0673139712, 0.38292493597, 0.09940361138, 0.11734086297, 0.25480365654, 0.4585466509, 0.36381742102, 0.050624004013, 0.32159268128, 0.079277129255, 0.15145428658, 0.23202638968, 0.12135116431, 0.13361534111, 0.27581060714, 0.15288362339, 0.10301233016, 0.17775956186, 0.098260120751, 0.15711756366, 0.086976840699, 0.14904294453, 0.40804163603, 0.20668788012, 0.19384587206, 0.12726972463, 0.41656465728, 0.087430252125, 0.1206176099, 0.23102355489, 0.12820936274, 0.073248228912, 0.16683102679, 0.16994326988, 0.26256192435, 0.043914129897, 0.17201436529, 0.20102677368, 0.025228918419, 0.26192455747, 0.22783054546, 0.10173250433, 0.26564547984, 0.21360986543, 0.36951600076]
    ],
    [
      [1.8463910802, 1.426060644, 0.61228873564, 2.3750818335, 1.7640692973, 3.5702511879, 15.6172078894, 16.2665325071, 20.6497949357, 16.7358494235, 15.5336604514, 14.836115351, 11.8123325924, 0.50126598146, 1.4226469791, 2.7582043691, 1.8616818086, 1.0851814872, 1.7765552756, 2.8356917922, 2.0719426156, 1.6358353921, 2.0491272764, 2.9831931621, 2.0340118451, 1.7076234824, 1.5159668919, 1.6268520169, 2.2907230307, 4.8943923133, 2.5178761723, 1.218873785, 0.92235366973, 2.4057363322, 1.321234956, 5.2690938515, 2.6859739065, 1.7580755387, 2.1859811015, 0.46788298362, 1.8673801584, 2.0990755053, 1.1918067899, 2.3578992444, 1.7703788378, 2.000571025, 2.9363889131, 4.314327631, 1.1124564927, 1.0953201849],
      [1.2861311829, 0.68503346409, 0.305342597, 2.7434654327, 0.79197073612, 1.2440700975, 6.4070295263, 10.0284478638, 11.1723013458, 10.4612579709, 5.9477302077, 6.0120720178, 6.2182536471, 0.25856772976, 0.64237559453, 1.1714595405, 1.0482456032, 0.87393213057, 0.66366983298, 0.91844440758, 1.0051018152, 1.1041312686, 1.2751770757, 1.3124511872, 1.4978101973, 0.76084040378, 1.4510291725, 1.1771253319, 0.68946577673, 2.1499961027, 1.1726152051, 0.62562969046, 0.76022070686, 0.90497662196, 0.5315054546, 2.7820849781, 1.3534181824, 0.65625311838, 1.2512264258, 0.19311348163, 1.4183832315, 0.97459830196, 0.3009468654, 1.8544149564, 0.68232219548, 1.3028346433, 2.1497651222, 1.5446873518, 0.51083780302, 0.65563841137],
      [5.8674777368, 2.8889058919, 1.0823686674, 3.8814527339, 2.4439599666, 3.1856787146, 23.9757625843, 28.7050196291, 25.1779037186, 30.8028926057, 27.5186093409, 33.1518126313, 11.9694137604, 1.2401662888, 1.9349774263, 4.0703360904, 2.0900725882, 3.0408863823, 2.5597748914, 4.2458638002, 2.9229555692, 3.2600333393, 3.6756956479, 3.7043556508, 4.4681779575, 2.5315361138, 4.0330039356, 4.1960226511, 2.0198111926, 5.955611584, 4.3095086226, 5.1554965245, 1.3174256234, 2.6892870459, 2.1472595894, 6.9488211704, 3.9606079112, 2.5856713429, 3.5627924726, 1.3390035347, 3.7142366101, 2.9263261927, 1.5072463447, 2.7876857992, 2.5472989667, 3.6965943318, 4.9138459647, 5.1409850172, 1.3767057043, 3.2490414037]
    ],
    [
      [0.27197527095, 0.46072419804, 0.62357455045, 0.20034729766, 0.43279665925, 0.90468771738, 0.74631263519, 0.47525408875, 0.7941679313, 0.40079898675, 0.4666071011, 0.59111172421, 3.142446577, 4.6702940178, 4.9664027217, 4.3229019875, 4.5301684165, 2.6652231129, 4.7937941183, 0.55400925007, 0.76139884427, 0.37375764023, 0.40497533975, 0.65247254309, 0.34398066639, 0.61875531918, 0.22399674055, 0.39016688464, 0.7629708178, 0.73508669211, 0.58288334402, 0.53017001172, 0.37720855708, 0.30893448026, 0.99875546346, 0.55324599229, 0.63443776631, 1.0857953114, 0.28512641923, 0.31237891828, 0.38526051234, 0.4212825392, 0.52681046639, 0.23444127427, 0.49644192337, 0.1944256726, 0.48202915458, 0.54122948435, 0.36016410419, 0.062570285737],
      [3.464691584, 4.1540838782, 5.7362204809, 4.3146043779, 3.6725849902, 5.8803568773, 5.5546799586, 5.2812719287, 7.7585959167, 4.5055587181, 3.2999266339, 4.4132405936, 28.4963470511, 40.6824909616, 39.8645421381, 33.0109716039, 43.7181722312, 40.6102502998, 32.5946254212, 3.2256548125, 6.6461171245, 4.5303413285, 4.5252116707, 5.149083817, 4.545624957, 5.0041032625, 3.884738172, 5.1118780662, 4.2120306523, 5.9176722089, 4.9244473503, 4.4506643542, 5.8278850067, 2.179488202, 7.5789763578, 5.36274368, 5.9730180318, 7.5112928937, 3.0254256172, 2.3870709684, 5.4760215981, 3.7059442485, 2.482359805, 3.3604651861, 3.4373618039, 2.2718473753, 6.3209193492, 3.493043008, 2.973510497, 0.66307487269],
      [1.263333145, 1.3851919238, 1.6402049686, 0.4850483244, 0.89461835054, 1.2149554053, 1.6990074062, 1.2434739826, 1.447236152, 1.0936422951, 1.233466265, 1.9956476822, 4.3612063719, 15.6472150206, 10.1690551402, 9.6661264086, 6.7516593524, 11.7245265873, 10.6115804605, 1.2203359374, 1.5924840312, 1.0959010312, 1.0698129895, 1.1984436399, 1.1103943766, 1.3771414184, 0.89126508747, 1.4979550491, 1.0249985299, 1.347241099, 1.4926693057, 3.0191656341, 0.79490643621, 0.51157731772, 2.4222681788, 1.0840103277, 1.3925442019, 2.4029117949, 0.68944796354, 1.3005501133, 1.1387178896, 0.87277321227, 0.99082972858, 0.40509353961, 1.0661962727, 0.5337269521, 1.1970514962, 0.96572750761, 0.66632539882, 0.27435484157]
    ],
    [
      [3.7808571242, 2.3092441971, 5.2497394652, 1.7486960681, 3.7113208337, 4.8357719431, 5.5732767651, 3.8113504008, 1.784146146, 3.7732800962, 4.2706108758, 3.4361952546, 1.8390647913, 3.2519861145, 5.56602194, 4.3369939675, 2.9835578117, 3.6989445497, 12.1476554126, 38.5315675543, 31.7534445197, 29.4390313354, 30.1885004947, 32.5103012534, 27.1885805748, 4.2997801401, 2.6552805079, 2.447278878, 4.9864473912, 1.8963643354, 2.9731839156, 1.8624187309, 3.546995177, 3.954035446, 3.696043569, 5.9377604198, 4.1418659074, 6.356104259, 5.6162216538, 3.2684270603, 1.9901412353, 1.8236698413, 3.4920696463, 4.2171671362, 5.0854152528, 3.1970065632, 3.6408442188, 3.3140265624, 3.1152865811, 4.4937845039],
      [2.3164380961, 0.96179273153, 2.2798578081, 1.7908324635, 1.4664236708, 1.4741065756, 2.0299824689, 2.0854861569, 0.85507872067, 2.0879470387, 1.482021111, 1.2741433169, 0.85041427197, 1.4655443725, 2.2063958989, 1.6243260828, 1.477191696, 2.6266148148, 3.9883729172, 10.7706283773, 13.7779261976, 17.7483577585, 16.7527180407, 12.8351605933, 17.8457057493, 1.6738005844, 2.2162472862, 1.5457548096, 1.3061142838, 0.73190733178, 1.2110247596, 0.84066727073, 2.6256461317, 1.3257721834, 1.3265998147, 2.7849123839, 1.8618226516, 2.108133975, 2.8783795955, 1.2129639555, 1.3597686942, 0.75893086237, 0.78377947181, 2.9735914137, 1.7249785729, 1.8412485369, 2.3641665672, 1.0439313956, 1.2588651425, 2.3665889776],
      [1.9027047797, 0.72896307138, 1.4704027267, 0.4604714684, 0.82225549551, 0.69012148125, 1.396740766, 1.1031634423, 0.36077513329, 1.1387728651, 1.2473680132, 1.2896614286, 0.31052093677, 1.282469513, 1.2275821612, 1.0386799498, 0.53925049221, 1.6744406356, 2.8639716702, 9.6978040684, 7.4686292827, 9.8126109061, 9.0587814646, 6.6545381533, 9.9657136759, 1.0264192756, 1.1284722059, 1.0069663124, 0.70743832498, 0.37172833277, 0.81579132473, 1.2969139984, 0.82735869126, 0.72019237061, 0.97735661623, 1.2773271963, 0.99631144104, 1.535761766, 1.5053987507, 1.5186089843, 0.65009007042, 0.41739929631, 0.7241508819, 0.80924145012, 1.1896061743, 0.96174489995, 0.99498921392, 0.64204204206, 0.62584827643, 2.1396265185]
    ],
    [
      [0.12840571367, 0.18187707353, 0.25707950074, 0.23457161283, 0.16236380631, 0.26793463797, 0.26742131506, 0.1582999053, 0.22186666825, 0.093519300493, 0.13517453771, 0.28989117569, 0.35701088646, 0.13910183963, 0.21185170958, 0.34974250835, 0.10824707577, 0.1646643306, 0.29160683162, 0.27084595104, 0.31741691837, 0.087088255383, 0.28100494109, 0.26390283626, 0.13288445451, 2.4479802552, 1.0410790008, 1.3915501121, 3.1444444639, 2.3224366833, 2.3722056181, 0.9118629696, 0.19571991327, 0.29269362795, 0.13035314452, 0.40184830076, 0.18507199007, 0.33035939609, 0.26227583478, 0.11477164562, 0.22606885639, 0.19672249779, 0.71287172674, 0.19408956496, 0.28599954693, 0.060400188358, 0.083300453765, 0.31044652334, 0.42681745329, 0.27317388215],
      [3.8339392989, 3.8635709814, 5.5612971923, 11.7944785728, 3.2508314587, 4.1021014018, 4.669701096, 4.1190243283, 5.0723902088, 2.4612721956, 2.2416737236, 5.0211930418, 7.7162479073, 2.9793052252, 4.0364383876, 6.3028975857, 2.575675796, 5.6302962021, 4.6119614481, 3.6896124779, 6.5182560399, 2.4683270318, 7.410510944, 4.8880735979, 4.1173847239, 45.0497093251, 53.4911985771, 43.0488385437, 43.7876971703, 42.3829214346, 44.4054351485, 12.9827736959, 7.0856652407, 4.8627209941, 2.3219227196, 9.2125810235, 4.1051001992, 5.3914030693, 6.6154675502, 2.0570136605, 7.5984654848, 4.0900012306, 7.9387524378, 6.2510476042, 4.6399577704, 1.6503084972, 2.5557169439, 4.7163617905, 8.201301402, 6.6830376046],
      [1.0376549875, 0.95455194508, 1.1816233069, 0.9709498144, 0.586804735, 0.62996396018, 1.0628775889, 0.72267576638, 0.70574312295, 0.44520850387, 0.62315173872, 1.6889157825, 0.92674120627, 0.88159293518, 0.75170990279, 1.347359906, 0.31607712821, 1.2050394673, 1.0964317203, 1.039541571, 1.1643270417, 0.44458471285, 1.3084841149, 0.84802356583, 0.74973082159, 9.5023104197, 9.4677224221, 9.5596113442, 8.0678583658, 7.2946418821, 10.2223592334, 6.1053633345, 0.71861484599, 0.84458537799, 0.54772413586, 1.3855706757, 0.70982781075, 1.2782375346, 1.122256615, 0.82821469388, 1.1754656588, 0.71327627161, 2.3483758355, 0.5548628308, 1.0740426827, 0.28929131441, 0.36098260231, 0.97319168613, 1.3718811447, 2.0437885133]
    ],
    [
      [5.26576973, 0.82866655161, 5.8855531665, 4.9035298099, 6.928301324, 7.2455124266, 5.9752240642, 7.45142326, 6.9412489565, 3.2913296037, 5.0257385399, 6.4374243537, 4.4177792683, 3.1805183338, 9.5233610876, 7.7290773733, 4.3853222006, 7.6315300593, 6.9050376409, 3.4425842954, 6.8641797938, 6.4877315808, 4.1314304541, 8.7185941964, 4.778355148, 3.4361979193, 2.310103064, 3.1312757607, 2.726414825, 7.0190616576, 5.0623512165, 29.8341061691, 47.9523383473, 51.3429691948, 50.6587936657, 33.6025206121, 50.1151112114, 25.7200799477, 4.1934668464, 8.5064291456, 4.8436431386, 4.2990142623, 3.5206084501, 11.1830908361, 5.1760082895, 7.4080810025, 5.8092565485, 3.5247520401, 3.4928242322, 5.3343690496],
      [0.24824822887, 0.026120697201, 0.19248850533, 0.37972714897, 0.20625103329, 0.17206739989, 0.1701117229, 0.31853453334, 0.26083942713, 0.14204254056, 0.13554499627, 0.18601894628, 0.16174746172, 0.11210552802, 0.2858175896, 0.21906884459, 0.16914861888, 0.42061672336, 0.17475762207, 0.077048036129, 0.23296749341, 0.30499179173, 0.17908297414, 0.27113468829, 0.24476918551, 0.10251361845, 0.14664412298, 0.1507434827, 0.055764969623, 0.20561735952, 0.1567706513, 1.9582206723, 2.688216428, 1.4131150658, 1.4045941514, 1.2655719897, 1.8026518404, 0.63425179136, 0.16609992004, 0.25211163146, 0.25306836376, 0.13803946482, 0.061290647558, 0.61139650225, 0.13617716778, 0.32841777967, 0.29133046028, 0.086960500249, 0.10973364597, 0.2257425496],
      [1.4859820412, 0.14521275119, 0.92195832815, 0.71674304116, 0.86544764267, 0.58242017346, 0.85466421287, 1.2300422067, 0.79791161641, 0.56662785576, 0.83871646382, 1.3765567, 0.42047326994, 0.70737613822, 1.1908213228, 1.0518537821, 0.4455291805, 1.9478532173, 0.92020473704, 0.48036766852, 0.90285271277, 1.2072766274, 0.68948657179, 1.0102711153, 0.97687566648, 0.46128846222, 0.54325281306, 0.71798075657, 0.21782020537, 0.77532098287, 0.78087813222, 9.2076731586, 6.3594452247, 5.2439157394, 7.9366121829, 4.1319073982, 7.0822369482, 3.6456682609, 0.64043323357, 2.241459223, 0.90328849768, 0.56294627286, 0.41810090229, 1.2055126616, 0.68781454272, 1.2635012178, 0.89941299124, 0.38828745969, 0.39744212183, 1.4398884008]
    ],
    [
      [2.6692004857, 4.5261806773, 2.686322835, 5.9571433851, 7.906958016, 3.9794404444, 4.8703045036, 3.9571510456, 5.1144283588, 3.9038560118, 7.3195666248, 1.2174679635, 5.3308098589, 2.975201088, 2.8789304946, 6.3457893844, 5.2445926878, 4.458466029, 5.6878973877, 2.8163487163, 2.1270642824, 5.059894743, 3.2833144398, 2.2016605904, 3.6612064029, 4.9385856357, 0.57028254977, 2.3284369317, 4.7970777269, 2.2247473327, 2.030423135, 4.1543188648, 5.5517225955, 7.5513274677, 4.7956905576, 4.3207295916, 3.5016599407, 16.1877603347, 34.3761655692, 35.4041118441, 37.0680681378, 45.3369280563, 44.9882254055, 30.8508415064, 4.9748577771, 3.2560334476, 4.0071894309, 6.7134025978, 5.150505253, 1.6441897875],
      [0.14768662598, 0.16631793649, 0.10393613292, 0.54345057666, 0.27313089783, 0.10959172774, 0.16075362777, 0.19589882642, 0.22241945762, 0.19560865661, 0.22677998412, 0.041063499137, 0.22796196518, 0.12328257752, 0.1026662815, 0.20906980024, 0.23630496713, 0.28726565473, 0.16717959571, 0.072844253671, 0.083431638029, 0.2751967444, 0.16475093297, 0.078479857389, 0.21707923587, 0.17023016805, 0.042709880037, 0.13198017011, 0.11482708137, 0.077001765603, 0.074351604707, 0.21308730006, 0.36238160494, 0.22926541712, 0.15438535168, 0.18288376753, 0.14118529583, 0.46748295859, 1.5994533765, 1.4050567299, 2.2156079703, 1.7575203973, 0.75846568777, 1.9678123115, 0.15182112389, 0.16887548598, 0.23384394805, 0.19229511042, 0.18751122205, 0.07995164302],
      [2.1831128883, 2.3075013862, 1.2097410321, 2.4994060383, 2.8199110861, 0.9109678279, 1.9689418687, 1.8469501279, 1.6631521836, 1.9005353316, 3.453653391, 0.74146853735, 1.4412281759, 1.9015163345, 1.0184032239, 2.4451408153, 1.5191023451, 3.2542683163, 2.1449230166, 1.11080703, 0.78950407953, 2.6649085126, 1.5519346272, 0.71985955216, 2.1217143612, 1.8911841962, 0.38700757019, 1.5395828982, 1.0880951917, 0.6982509017, 0.89522526034, 4.6325938352, 2.0858957995, 2.2194071152, 2.0499240907, 1.4963866409, 1.3571547635, 6.3447567067, 15.0243810542, 25.190831426, 19.7163238918, 16.9055515464, 15.2533089067, 9.1813461822, 1.873321099, 1.5750910664, 1.7589666211, 2.0943022918, 1.6619835249, 1.2758585695]
    ],
    [
