{
  "X": [
    [34, 22, 44],
    [41, 34, 25],
    [45, 23, 32],
    [31, 39, 30],
    [39, 28, 33],
    [37, 27, 36],
    [25, 33, 42],
    [26, 36, 38],
    [26, 35, 39],
    [23, 27, 50],
    [19, 26, 55],
    [26, 34, 40],
    [18, 39, 43],
    [11, 50, 39],
    [20, 39, 41],
    [17, 41, 42],
    [18, 34, 48],
    [23, 41, 36],
    [22, 40, 38],
    [16, 45, 39],
    [10, 42, 48],
    [14, 48, 38],
    [15, 44, 41],
    [13, 42, 45],
    [18, 40, 42],
    [32, 45, 23],
    [41, 36, 23],
    [42, 39, 19],
    [34, 44, 22],
    [33, 45, 22],
    [35, 44, 21],
    [25, 36, 39],
    [29, 33, 38],
    [22, 28, 50],
    [34, 24, 42],
    [27, 28, 45],
    [26, 26, 48],
    [40, 17, 43],
    [66, 13, 21],
    [61, 15, 24],
    [59, 14, 27],
    [64, 18, 18],
    [60, 18, 22],
    [53, 20, 27],
    [12, 38, 50],
    [22, 37, 41],
    [16, 37, 47],
    [11, 48, 41],
    [20, 37, 43],
    [14, 43, 43]
  ],
  "W": [
    [58, 10, 6, 4, 7, 7, 6, 2],
    [60, 7, 4, 8, 2, 4, 7, 8],
    [60, 5, 6, 7, 5, 9, 5, 3],
    [61, 6, 9, 8, 3, 4, 7, 2],
    [54, 11, 5, 7, 6, 4, 8, 5],
    [56, 7, 3, 6, 9, 11, 2, 6],
    [18, 37, 8, 10, 5, 9, 6, 7],
    [3, 51, 8, 5, 12, 7, 9, 5],
    [10, 51, 6, 6, 9, 3, 4, 11],
    [6, 55, 8, 6, 6, 6, 5, 8],
    [9, 59, 3, 7, 5, 8, 4, 5],
    [11, 57, 7, 2, 5, 6, 7, 5],
    [5, 28, 31, 9, 4, 8, 9, 6],
    [3, 8, 64, 6, 7, 4, 2, 6],
    [5, 11, 58, 5, 4, 2, 9, 6],
    [11, 1, 60, 7, 4, 8, 7, 2],
    [6, 10, 55, 3, 6, 7, 7, 6],
    [2, 8, 50, 8, 6, 7, 13, 6],
    [5, 6, 43, 19, 8, 9, 7, 3],
    [1, 10, 4, 59, 6, 3, 11, 6],
    [5, 5, 9, 50, 10, 7, 3, 11],
    [4, 5, 9, 58, 8, 4, 6, 6],
    [9, 10, 5, 54, 5, 6, 7, 4],
    [7, 4, 7, 56, 1, 11, 8, 6],
    [3, 8, 6, 56, 7, 6, 8, 6],
    [5, 8, 9, 5, 58, 5, 3, 7],
    [8, 6, 5, 5, 59, 8, 7, 2],
    [5, 2, 7, 5, 60, 7, 5, 9],
    [8, 2, 5, 10, 58, 3, 6, 8],
    [7, 11, 5, 8, 55, 5, 4, 5],
    [4, 10, 4, 6, 55, 8, 8, 5],
    [4, 0, 8, 6, 23, 49, 4, 6],
    [8, 5, 15, 6, 9, 46, 5, 6],
    [4, 11, 5, 7, 5, 58, 5, 5],
    [9, 3, 5, 6, 3, 59, 6, 9],
    [7, 8, 3, 6, 5, 54, 8, 9],
    [3, 11, 11, 5, 6, 58, 4, 2],
    [4, 9, 4, 12, 5, 27, 33, 6],
    [3, 3, 4, 5, 9, 7, 61, 8],
    [7, 4, 5, 5, 7, 10, 54, 8],
    [8, 6, 6, 4, 9, 5, 55, 7],
    [7, 5, 8, 5, 7, 9, 56, 3],
    [3, 5, 3, 16, 4, 7, 57, 5],
    [9, 4, 8, 8, 8, 9, 40, 14],
    [9, 5, 4, 8, 5, 5, 3, 61],
    [5, 7, 5, 3, 7, 5, 12, 56],
    [5, 9, 4, 6, 4, 4, 6, 62],
    [9, 3, 4, 9, 3, 8, 3, 61],
    [6, 11, 6, 2, 6, 5, 8, 56],
    [6, 7, 8, 1, 5, 4, 5, 64]
  ],
  "method": "mvn_pdf",
  "cond_prob": [
    [
      [0.39220485175, 0.19840223183, 0.40939291642],
      [0.11769053046, 0.20051902716, 0.68179044238],
      [0.042402738161, 0.36779828472, 0.58979897712],
      [0.0078754731127, 0.38490719195, 0.60721733494],
      [0.43195515104, 0.45032012501, 0.11772472395],
      [0.18744806726, 0.13112114581, 0.68143078692],
      [0.90036899196, 0.0040548373247, 0.095576170712],
      [0.025629246353, 0.32332194313, 0.65104881052]
    ],
    [
      [0.50355390986, 0.28877272563, 0.20767336451],
      [0.19060257555, 0.36980483939, 0.43959258506],
      [0.060302376582, 0.60286537792, 0.3368322455],
      [0.011272295759, 0.63881861353, 0.34990909071],
      [0.43779136138, 0.51444405552, 0.0477645831],
      [0.31006596494, 0.24452430982, 0.44540972524],
      [0.95543987922, 0.0048344811926, 0.039725639583],
      [0.039654221231, 0.56527068098, 0.39507509779]
    ],
    [
      [0.54668916194, 0.1854510212, 0.26785981687],
      [0.21178127911, 0.24434232247, 0.54387639842],
      [0.075561923591, 0.45155734221, 0.4728807342],
      [0.013231111984, 0.48634291226, 0.50042597575],
      [0.55047857135, 0.38261417134, 0.066907257309],
      [0.32630229597, 0.15285945682, 0.52083824721],
      [0.95221307512, 0.0025345323758, 0.045252392506],
      [0.047858555575, 0.41200134896, 0.54014009546]
    ],
    [
      [0.35662494667, 0.35505288422, 0.28832216911],
      [0.11529742435, 0.40266786687, 0.48203470878],
      [0.034573342617, 0.61768299785, 0.34774365954],
      [0.0062325382701, 0.64018491065, 0.35358255108],
      [0.30001181867, 0.64000302017, 0.059985161158],
      [0.19901466171, 0.2828017789, 0.51818355939],
      [0.92181425799, 0.0062951847568, 0.071890557253],
      [0.022139704272, 0.57492906316, 0.40293123257]
    ],
    [
      [0.4693675876, 0.23906543195, 0.29156698046],
      [0.1654057878, 0.28354036806, 0.55105384414],
      [0.055793043076, 0.49329150268, 0.45091545424],
      [0.0097152466312, 0.52176525414, 0.46851949923],
      [0.45641757755, 0.47202255671, 0.07155986574],
      [0.26571645542, 0.18484264503, 0.54944089955],
      [0.93876641145, 0.0040909955768, 0.057142592973],
      [0.035242416696, 0.44969488978, 0.51506269352]
    ],
    [
      [0.47153024805, 0.22142225827, 0.30704749368],
      [0.16462656141, 0.26073217104, 0.57464126755],
      [0.05674941791, 0.46310886362, 0.48014171847],
      [0.010001783955, 0.49042287508, 0.49957534097],
      [0.47125349952, 0.4512295289, 0.077516971581],
      [0.26215945169, 0.16893083475, 0.56890971357],
      [0.93643055186, 0.0036479036209, 0.059921544521],
      [0.035627442295, 0.41946062477, 0.54491193293]
    ],
    [
      [0.45645641446, 0.2564908542, 0.28705273135],
      [0.16007106097, 0.30293236397, 0.53699657506],
      [0.05254233648, 0.51566833268, 0.43178933084],
      [0.0097248971378, 0.54341437984, 0.44686072303],
      [0.43284492023, 0.49802644185, 0.069128637924],
      [0.25730618355, 0.19962547542, 0.54306834102],
      [0.93825136899, 0.0043552116048, 0.057393419402],
      [0.033439879102, 0.4717548486, 0.4948052723]
    ],
    [
      [0.46097273965, 0.28066620686, 0.25836105349],
      [0.16778879084, 0.33786137138, 0.49434983777],
      [0.05298993724, 0.56162529061, 0.38538477214],
      [0.0095989332404, 0.59161673177, 0.39878433499],
      [0.41930519138, 0.52150536086, 0.059189447761],
      [0.26940578687, 0.22593110747, 0.50466310566],
      [0.94450965339, 0.0043159539353, 0.051174392675],
      [0.03396991974, 0.51951195743, 0.44651812283]
    ],
    [
      [0.5336314819, 0.23452252565, 0.23184599246],
      [0.20406879691, 0.312134853, 0.48379635009],
      [0.068838004814, 0.5351697734, 0.39599222179],
      [0.012063540916, 0.57208936781, 0.41584709127],
      [0.498341834, 0.44682830351, 0.054829862489],
      [0.32643879016, 0.19800776314, 0.4755534467],
      [0.95581825025, 0.0037262165547, 0.040455533191],
      [0.043918307905, 0.49654177327, 0.45953991883]
    ],
    [
      [0.49455913932, 0.19825651747, 0.3071843432],
      [0.17763310872, 0.23639580211, 0.58597108917],
      [0.061876986129, 0.43487103352, 0.50325198035],
      [0.01126451626, 0.46273406363, 0.52600142011],
      [0.50628444782, 0.41414877257, 0.079566779612],
      [0.27493457196, 0.15247723191, 0.57258819613],
      [0.94035929524, 0.0028534599205, 0.056787244837],
      [0.038888825338, 0.39241197535, 0.56869919932]
    ],
    [
      [0.40341611174, 0.22256307088, 0.37402081738],
      [0.12927585957, 0.2385960275, 0.63212811293],
      [0.043941221512, 0.42343057256, 0.53262820592],
      [0.0079583992535, 0.44379762322, 0.54824397753],
      [0.42368120171, 0.47709645919, 0.099222339102],
      [0.20560917025, 0.156496065, 0.63789476474],
      [0.91364638718, 0.0041731324131, 0.082180480403],
      [0.02731638028, 0.3777496627, 0.59493395702]
    ],
    [
      [0.47015621969, 0.2768382176, 0.25300556271],
      [0.1725629751, 0.33807496705, 0.48936205786],
      [0.054580110705, 0.56248941747, 0.38293047183],
      [0.0096611336426, 0.59343742938, 0.39690143698],
      [0.42653589157, 0.51517119115, 0.058292917285],
      [0.27668048736, 0.22490248556, 0.49841702708],
      [0.94609549298, 0.0043964429468, 0.049508064072],
      [0.035075625569, 0.52083194682, 0.44409242762]
    ],
    [
      [0.38041896076, 0.29753393202, 0.32204710722],
      [0.12086918066, 0.32330983042, 0.55582098892],
      [0.03826082481, 0.53155994693, 0.43017922826],
      [0.006625488535, 0.55393508874, 0.43943942273],
      [0.35494061643, 0.56869029149, 0.076369092078],
      [0.20301440176, 0.21991336338, 0.57707223486],
      [0.91979192166, 0.0056042896881, 0.07460378865],
      [0.02430803284, 0.48522904242, 0.49046292474]
    ],
    [
      [0.41563740837, 0.29498374099, 0.28937885064],
      [0.13812712235, 0.33710189943, 0.52477097822],
      [0.046574709699, 0.54892889369, 0.40449639661],
      [0.0078741639504, 0.57658053577, 0.41554530028],
      [0.38049988933, 0.55216778389, 0.067332326773],
      [0.23044902536, 0.22782649387, 0.54172448078],
      [0.93344146489, 0.0051794389097, 0.061379096202],
      [0.027977689188, 0.50674363837, 0.46527867244]
    ],
    [
      [0.5178231688, 0.21215745301, 0.27001937819],
      [0.18909946102, 0.26860132593, 0.54229921305],
      [0.066318475922, 0.47821002505, 0.45547149902],
      [0.011623283719, 0.51078793892, 0.47758877736],
      [0.50807467358, 0.42471457928, 0.067210747145],
      [0.29916201629, 0.17169875715, 0.52913922656],
      [0.94989226379, 0.0029673396805, 0.047140396527],
      [0.041091493609, 0.43758585224, 0.52132265415]
    ],
    [
      [0.40244156194, 0.26470646174, 0.33285197632],
      [0.1287736555, 0.29088075337, 0.58034559113],
      [0.043535257927, 0.4932821897, 0.46318255238],
      [0.0075232714938, 0.5159183356, 0.4765583929],
      [0.39157873446, 0.52632588638, 0.08209537916],
      [0.21270592006, 0.19446079711, 0.59283328282],
      [0.92263792284, 0.0048240126419, 0.072538064521],
      [0.026581514463, 0.44711521274, 0.5263032728]
    ],
    [
      [0.4359435371, 0.21000635, 0.35405011289],
      [0.14165252217, 0.23338987851, 0.62495759932],
      [0.053577186646, 0.41901865795, 0.5274041554],
      [0.0088549829096, 0.4422888395, 0.54885617759],
      [0.45761229107, 0.44877284733, 0.093614861595],
      [0.22680271532, 0.15191827869, 0.62127900599],
      [0.92516053067, 0.0034380139566, 0.071401455373],
      [0.030847812175, 0.37550654608, 0.59364564174]
    ],
    [
      [0.49573363403, 0.24650658659, 0.25775977938],
      [0.17964901282, 0.30862368165, 0.51172730553],
      [0.061741302661, 0.52701139909, 0.41124729824],
      [0.010851147161, 0.55979189487, 0.42935695797],
      [0.46542233512, 0.473203741, 0.06137392388],
      [0.28979474782, 0.20093678954, 0.50926846264],
      [0.94990010807, 0.0034174638256, 0.046682428102],
      [0.037944611439, 0.48648087623, 0.47557451233]
    ],
    [
      [0.56795653628, 0.19912115038, 0.23292231334],
      [0.22343622429, 0.272007622, 0.50455615371],
      [0.074499027259, 0.49355946851, 0.43194150423],
      [0.012471391047, 0.53095026141, 0.45657834754],
      [0.54942298767, 0.39305503779, 0.057521974545],
      [0.34699437997, 0.1705452187, 0.48246040133],
      [0.95891964105, 0.0030185774074, 0.038061781546],
      [0.049471520819, 0.45358636367, 0.49694211551]
    ],
    [
      [0.41936088384, 0.27967576184, 0.30096335432],
      [0.13652184212, 0.31888564256, 0.54459251532],
      [0.043560309913, 0.53012916903, 0.42631052106],
      [0.009508711994, 0.55249921837, 0.43799206963],
      [0.39241250839, 0.53591984596, 0.071667645652],
      [0.22751932235, 0.21409180594, 0.55838887171],
      [0.93428094599, 0.0044265647853, 0.061292489221],
      [0.027673670722, 0.48450175768, 0.4878245716]
    ],
    [
      [0.33115563579, 0.26818898157, 0.40065538264],
      [0.095980124385, 0.2679935741, 0.63602630151],
      [0.031478029485, 0.45710204185, 0.51141992866],
      [0.0036136462407, 0.47671736554, 0.51966898821],
      [0.33843510687, 0.55842571257, 0.10313918055],
      [0.16036007242, 0.18176420687, 0.65787572072],
      [0.8937667311, 0.005880827926, 0.10035244098],
      [0.019287713887, 0.40864104638, 0.57207123973]
    ],
    [
      [0.45680067137, 0.26752111065, 0.27567821798],
      [0.15630071752, 0.32020505903, 0.52349422345],
      [0.05057857399, 0.53612686857, 0.41329455744],
      [0.011253153421, 0.56204312102, 0.42670372556],
      [0.42523874663, 0.50950239984, 0.065258853525],
      [0.25753647933, 0.21229163697, 0.5301718837],
      [0.94306465722, 0.0041114126734, 0.052823930109],
      [0.032159971484, 0.49256553385, 0.47527449467]
    ],
    [
      [0.38926871979, 0.28997628651, 0.3207549937],
      [0.12380478626, 0.31821808257, 0.55797713117],
      [0.039534183926, 0.5260993786, 0.43436643748],
      [0.007886869078, 0.54705483676, 0.44505829416],
      [0.36558083254, 0.5578529704, 0.076566197067],
      [0.20720478889, 0.21544874178, 0.57734646933],
      [0.92341635348, 0.0052491599365, 0.071334486585],
      [0.024981109769, 0.47946827388, 0.49555061636]
    ],
    [
      [0.34683405468, 0.29489159723, 0.35827434809],
      [0.10394164329, 0.30637915244, 0.58967920427],
      [0.033130896832, 0.50708622662, 0.45978287655],
      [0.0049076282551, 0.52642372206, 0.46866864968],
      [0.33300529848, 0.57964039619, 0.087354305326],
      [0.17554337265, 0.20917607669, 0.61528055066],
      [0.90764787073, 0.0060478315005, 0.086304297766],
      [0.020747703417, 0.45865838265, 0.52059391393]
    ],
    [
      [0.54555316756, 0.19689590625, 0.25755092619],
      [0.20385950195, 0.25889927475, 0.53724122331],
      [0.070764256572, 0.46959287671, 0.45964286672],
      [0.012654527999, 0.50302099442, 0.48432447758],
      [0.53894117871, 0.39645536433, 0.064603456957],
      [0.31998817332, 0.16316721913, 0.51684460754],
      [0.95479504807, 0.0026904335455, 0.042514518385],
      [0.04472461648, 0.42927846696, 0.52599691656]
    ],
    [
      [0.43306555679, 0.2641466916, 0.30278775161],
      [0.14619805632, 0.30111404029, 0.55268790339],
      [0.04829192839, 0.51095602618, 0.44075204543],
      [0.0084899552757, 0.53661140955, 0.45489863517],
      [0.4135417444, 0.51231080855, 0.07414744705],
      [0.23867005213, 0.20019809374, 0.56113185413],
      [0.93186876115, 0.0046226224394, 0.063508616409],
      [0.030518987745, 0.46568681493, 0.50379419733]
    ],
    [
      [0.45453680549, 0.21324972277, 0.33221347174],
      [0.15288080541, 0.24198774849, 0.6051314461],
      [0.053517774791, 0.43518065298, 0.51130157223],
      [0.0094825556819, 0.45950540771, 0.5310120366],
      [0.46788539514, 0.44588017272, 0.086234432136],
      [0.24355147169, 0.15699520162, 0.59945332669],
      [0.93016589711, 0.0034970990307, 0.066337003861],
      [0.033303852285, 0.39063696332, 0.5760591844]
    ],
    [
      [0.54064916805, 0.21835743867, 0.24099339328],
      [0.20896148179, 0.28560152325, 0.50543699496],
      [0.071675966945, 0.50653832273, 0.42178571032],
      [0.012641209815, 0.5427983052, 0.44456048498],
      [0.5140203133, 0.42642572782, 0.059553958877],
      [0.32690574781, 0.1820188965, 0.49107535568],
      [0.95489891426, 0.0033373349492, 0.041763750787],
      [0.045537752705, 0.46676526173, 0.48769698557]
    ],
    [
      [0.4172992425, 0.25739384471, 0.32530691279],
      [0.13693986255, 0.28540423646, 0.57765590099],
      [0.04566559142, 0.48909739857, 0.46523701001],
      [0.0079441649933, 0.51248134268, 0.47957449232],
      [0.40739266132, 0.51139382631, 0.081213512374],
      [0.22356455002, 0.18974843468, 0.5866870153],
      [0.92523315373, 0.004605221377, 0.07016162489],
      [0.028636224878, 0.44275272393, 0.52861105119]
    ],
    [
      [0.44473398484, 0.27677098925, 0.27849502591],
      [0.15430837508, 0.32408479255, 0.52160683238],
      [0.050088664176, 0.54117281254, 0.40873852328],
      [0.0089058984794, 0.56868552506, 0.42240857646],
      [0.41260803019, 0.52103832502, 0.066353644785],
      [0.25259962319, 0.21618048992, 0.53121988689],
      [0.93792097074, 0.0046782059067, 0.057400823354],
      [0.031931162426, 0.4971197889, 0.47094904867]
    ],
    [
      [0.43411798767, 0.28776835136, 0.27811366097],
      [0.14938758497, 0.33391151617, 0.51670089886],
      [0.047964749399, 0.55181289239, 0.40022235821],
      [0.0084910425911, 0.57875830424, 0.41275065317],
      [0.39841140387, 0.53568503422, 0.065903561909],
      [0.24616130733, 0.22396910627, 0.5298695864],
      [0.93647156362, 0.0047623829072, 0.058766053478],
      [0.03063135318, 0.50749624848, 0.46187239834]
    ],
    [
      [0.39833386176, 0.29951987458, 0.30214626367],
      [0.13136171914, 0.33402631189, 0.53461196897],
      [0.041772865288, 0.54675213195, 0.41147500276],
      [0.0073136181017, 0.57079819398, 0.42188818792],
      [0.36609578615, 0.56307619099, 0.070828022869],
      [0.21931418093, 0.22497018299, 0.55571563609],
      [0.92565088002, 0.0056056174743, 0.068743502501],
      [0.02656640918, 0.50106674223, 0.47236684859]
    ],
    [
      [0.50162691615, 0.25856577977, 0.23980730408],
      [0.18762224945, 0.32873903717, 0.48363871338],
      [0.061446836478, 0.5553454851, 0.38320767842],
      [0.010942982763, 0.58908508707, 0.39997193017],
      [0.45964574062, 0.48490558722, 0.055448672163],
      [0.30284508049, 0.21628617285, 0.48086874666],
      [0.95140863565, 0.0042181142932, 0.044373250061],
      [0.039464072257, 0.5147801616, 0.44575576614]
    ],
    [
      [0.39344633615, 0.2801407945, 0.32641286936],
      [0.12703478252, 0.30695591126, 0.56600930622],
      [0.041169946174, 0.51349427093, 0.44533578289],
      [0.0070900960407, 0.5362414164, 0.45666848756],
      [0.37446750151, 0.54682338038, 0.078709118116],
      [0.20984467182, 0.20837327311, 0.58178205507],
      [0.92005341656, 0.0055371394176, 0.07440944402],
      [0.025951217677, 0.46686161787, 0.50718716445]
    ],
    [
      [0.5625521764, 0.20210300671, 0.23534481689],
      [0.22369960819, 0.27295673376, 0.50334365804],
      [0.077603358903, 0.49412873573, 0.42826790536],
      [0.013276518604, 0.53310690576, 0.45361657564],
      [0.54412463833, 0.39809164339, 0.057783718281],
      [0.3387026425, 0.1758138911, 0.4854834664],
      [0.95711071943, 0.0033215011642, 0.039567779404],
      [0.048862393637, 0.45618823478, 0.49494937158]
    ],
    [
      [0.42722457273, 0.27728761678, 0.29548781049],
      [0.14471645622, 0.31818330883, 0.53710023496],
      [0.046787434618, 0.53163956448, 0.4215730009],
      [0.0083750027711, 0.5575702955, 0.43405470173],
      [0.39891742628, 0.5311780891, 0.06990448462],
      [0.23961297135, 0.21289403191, 0.54749299674],
      [0.9322231647, 0.0050067196036, 0.062770115697],
      [0.02995679098, 0.48677309109, 0.48327011793]
    ],
    [
      [0.47168738995, 0.23386206525, 0.2944505448],
      [0.16585863744, 0.27880107061, 0.55534029195],
      [0.056340833588, 0.48731147329, 0.45634769312],
      [0.010055522676, 0.51542275196, 0.47452172537],
      [0.46034707028, 0.46707196473, 0.07258096499],
      [0.26727751515, 0.18256719262, 0.55015529224],
      [0.93885805753, 0.0039147282049, 0.057227214262],
      [0.035427752573, 0.44353709426, 0.52103515317]
    ],
    [
      [0.38082840209, 0.202022126, 0.41714947192],
      [0.11527751497, 0.20666541357, 0.67805707146],
      [0.040798380495, 0.37745686216, 0.58174475735],
      [0.0083446778615, 0.39480033903, 0.59685498311],
      [0.42344042082, 0.46012599268, 0.1164335865],
      [0.18734701392, 0.13544777318, 0.6772052129],
      [0.90449470526, 0.0040097091799, 0.091495585562],
      [0.025327057848, 0.33240850246, 0.64226443969]
    ],
    [
      [0.48670179785, 0.19091610753, 0.32238209461],
      [0.16729235382, 0.22555533913, 0.60715230705],
      [0.059150837863, 0.41746063656, 0.52338852557],
      [0.010317401198, 0.44363266426, 0.54604993454],
      [0.50613291417, 0.40919372924, 0.084673356589],
      [0.26381909614, 0.14359875822, 0.59258214564],
      [0.9353290599, 0.0030009300027, 0.061670010095],
      [0.036603079124, 0.37394852395, 0.58944839693]
    ],
    [
      [0.47392407968, 0.2080827171, 0.31799320323],
      [0.16225466806, 0.24416226043, 0.59358307151],
      [0.056249137977, 0.44216598699, 0.50158487503],
      [0.0098039524248, 0.4684771305, 0.52171891708],
      [0.48231885533, 0.43594098464, 0.08174016004],
      [0.25806964299, 0.15701502048, 0.58491533652],
      [0.93456144798, 0.0038495527522, 0.061588999272],
      [0.035000088763, 0.39799292565, 0.56700698558]
    ],
    [
      [0.3866650139, 0.19924481354, 0.41409017256],
      [0.11668368998, 0.20418559382, 0.6791307162],
      [0.041670927957, 0.37523110211, 0.58309796993],
      [0.0075308102027, 0.39265459756, 0.59981459224],
      [0.42991423738, 0.45542984478, 0.11465591784],
      [0.18754509698, 0.13336792824, 0.67908697478],
      [0.907987075, 0.0051498260871, 0.086863098918],
      [0.025740884907, 0.32999632098, 0.64426279412]
    ],
    [
      [0.49411444932, 0.25998071595, 0.24590483472],
      [0.18123826957, 0.32740156742, 0.49136016301],
      [0.058613622369, 0.55451524108, 0.38687113655],
      [0.01032251374, 0.58751400468, 0.40216348158],
      [0.45159566321, 0.49145008536, 0.056954251432],
      [0.29367876908, 0.21367833375, 0.49264289717],
      [0.94995040135, 0.0047782747749, 0.045271323876],
      [0.037661639835, 0.51286540351, 0.44947295666]
    ],
    [
      [0.4736845476, 0.2410536899, 0.2852617625],
      [0.16471958532, 0.29052924285, 0.54475117183],
      [0.054529369151, 0.50464502038, 0.44082561047],
      [0.0090437394573, 0.53346009469, 0.45749616586],
      [0.45349188287, 0.4771472827, 0.06936083443],
      [0.26668873667, 0.18905368541, 0.54425757791],
      [0.94024772429, 0.0042143311988, 0.055537944513],
      [0.034430303851, 0.46054286658, 0.50502682957]
    ],
    [
      [0.56283364496, 0.17889919531, 0.25826715973],
      [0.21725611257, 0.23797522524, 0.54476866219],
      [0.077589089219, 0.44467565477, 0.47773525601],
      [0.013585066229, 0.48001366303, 0.50640127074],
      [0.56599078462, 0.36797136691, 0.06603784847],
      [0.33421073727, 0.14784987476, 0.51793938797],
      [0.95302341575, 0.0023190950097, 0.044657489245],
      [0.048522854232, 0.40523629931, 0.54624084646]
    ],
    [
      [0.40077612641, 0.24582886525, 0.35339500834],
      [0.12581705719, 0.26628308455, 0.60789985825],
      [0.042209147773, 0.46116811603, 0.49662273619],
      [0.0076058153701, 0.48225775252, 0.51013643211],
      [0.40435675176, 0.50549749371, 0.090145754525],
      [0.20642275053, 0.176894542, 0.61668270747],
      [0.91926841908, 0.0045000042814, 0.076231576635],
      [0.028238421206, 0.41521196909, 0.55654960971]
    ],
    [
      [0.48284031481, 0.23602725781, 0.28113242738],
      [0.16975493391, 0.28732768807, 0.54291737802],
      [0.056834738829, 0.49894430843, 0.44422095274],
      [0.010092268781, 0.52800138044, 0.46190635078],
      [0.46600362373, 0.46527346988, 0.068722906393],
      [0.27349024232, 0.18691621411, 0.53959354358],
      [0.94451576469, 0.0035607394034, 0.051923495907],
      [0.037846386324, 0.45527892819, 0.50687468549]
    ],
    [
      [0.5113938022, 0.20882551716, 0.27978068064],
      [0.18349491774, 0.26133518268, 0.55516989958],
      [0.06311265536, 0.46800124887, 0.46888609577],
      [0.011354195806, 0.49821689189, 0.49042891231],
      [0.50727634109, 0.42237147671, 0.070352182198],
      [0.29096706901, 0.16707538243, 0.54195754856],
      [0.94806471219, 0.0030112657273, 0.048924022078],
      [0.041768371282, 0.42526926439, 0.53296236433]
    ],
    [
      [0.3792119291, 0.32894835092, 0.29183971998],
      [0.12196039962, 0.3655011473, 0.51253845309],
      [0.037420903998, 0.57963912584, 0.38293997016],
      [0.0067230838336, 0.6021291165, 0.39114779966],
      [0.33554045785, 0.5985547228, 0.065904819354],
      [0.20819738905, 0.25153555826, 0.54026705269],
      [0.9269350917, 0.0061575630481, 0.066907345252],
      [0.025541218161, 0.53080035286, 0.44365842898]
    ],
    [
      [0.51482224285, 0.21898740409, 0.26619035306],
      [0.18820045534, 0.27730729785, 0.5344922468],
      [0.064076150822, 0.49032344692, 0.44560040226],
      [0.011381928557, 0.5222325559, 0.46638551554],
      [0.50017452073, 0.43425555413, 0.065569925139],
      [0.29881123941, 0.1777718104, 0.52341695019],
      [0.95001590755, 0.0032423148356, 0.04674177761],
      [0.041757324826, 0.44873140375, 0.50951127142]
    ],
    [
      [0.44258033417, 0.26957847294, 0.28784119289],
      [0.14973722964, 0.31575259112, 0.53451017924],
      [0.048610604525, 0.52920785387, 0.4221815416],
      [0.0084865761565, 0.55584131738, 0.43567210647],
      [0.41463398925, 0.516851029, 0.068514981756],
      [0.24656233849, 0.21007808693, 0.54335957458],
      [0.93820161568, 0.0044022161095, 0.057396168212],
      [0.033571228071, 0.48337778598, 0.48305098595]
    ]
  ],
  "expected_outcome": [
    [
      [22.7478814013, 30.2132345918, 32.8013497162, 21.7541217469, 25.3458497303, 26.4056938909, 8.2162154602, 1.382918219, 5.336314819, 2.9673548359, 3.6307450056, 5.1717184166, 1.9020948038, 1.2469122251, 2.589115844, 4.4268571813, 2.6156612226, 0.99146726806, 2.8397826814, 0.41936088384, 1.655778179, 1.8272026855, 3.5034184781, 2.4278383828, 1.6366595027, 2.165327784, 3.6362944439, 2.7032458402, 3.33839394, 3.1131378939, 1.7364719507, 1.593335447, 4.0130153292, 1.5737853446, 5.0629695876, 2.9905720091, 1.4150621698, 1.5233136083, 1.4601053936, 3.3174685577, 3.0933201112, 3.4588011453, 1.4210536428, 5.0655028046, 3.6069851377, 2.4142015741, 2.556969011, 3.4129073619, 3.0889334571, 2.655482005],
      [11.5073294464, 17.3263635378, 11.1270612717, 21.6582259372, 12.9095333251, 12.3996464633, 4.6168353755, 0.84199862057, 2.3452252565, 1.1895391048, 2.003067638, 3.0452203935, 1.4876696601, 0.88495122296, 1.060787265, 2.9117710791, 1.2600381, 0.49301317318, 0.9956057519, 0.27967576184, 1.3409449078, 1.0700844426, 2.6097865786, 2.0642411806, 0.59068771875, 1.320733458, 1.7059977821, 1.0917871934, 2.0591507577, 1.9373969248, 1.1510734055, 1.1980794983, 2.0685262382, 1.120563178, 1.8189270604, 1.9410133175, 0.70158619575, 0.80808850398, 0.5727483226, 1.4565790197, 1.5939585083, 1.8198650117, 0.72316106971, 1.6100927578, 2.2124597873, 1.180136289, 1.0441275858, 2.9605351583, 1.3139244245, 1.6174708376],
      [23.7447891524, 12.4604018704, 16.0715890121, 17.5876523159, 15.7446169446, 17.1946596458, 5.1669491643, 0.77508316047, 2.3184599246, 1.8431060592, 3.3661873564, 2.7830611898, 1.6102355361, 0.86813655193, 1.350096891, 3.6613717396, 2.1243006774, 0.51551955876, 1.1646115667, 0.30096335432, 2.0032769132, 1.1027128719, 2.8867949433, 2.5079204367, 0.77265277858, 1.5139387581, 2.6577077739, 1.2049669664, 2.6024553023, 1.9494651814, 1.1124546439, 1.2085850547, 1.9184584327, 1.3056514774, 2.118103352, 2.0684146734, 0.8833516344, 1.6685978877, 0.96714628384, 2.2259524226, 3.3127213805, 1.7213338431, 0.85578528749, 2.3244044376, 3.1805550751, 1.4056621369, 1.3989034032, 2.6265574798, 1.5971421184, 1.7270471574]
    ],
    [
      [1.1769053046, 1.3342180288, 1.0589063956, 0.69178454609, 1.8194636658, 1.1523859299, 5.9226292558, 8.557228333, 10.4075086422, 9.7698209799, 7.6272757144, 9.8360895804, 3.3843370584, 1.1050169788, 2.0800940712, 0.1287736555, 1.4165252217, 1.4371921025, 1.3406173457, 1.3652184212, 0.47990062192, 0.78150358758, 1.2380478626, 0.41576657316, 1.6308760156, 1.1695844506, 0.91728483248, 0.41792296358, 0.27387972509, 1.6973921258, 1.4938758497, 0, 0.93811124726, 1.3973826077, 0.67109882458, 1.1577316497, 1.8244450118, 1.0374976348, 0.50187706145, 0.64901867222, 0.70010213988, 0.90619134787, 0.8235979266, 0.86902445029, 0.62908528597, 1.1882845374, 1.6514542596, 0.36588119885, 2.0702050088, 1.0481606075],
      [2.0051902716, 2.5886338757, 1.2217116124, 2.4160072012, 3.1189440486, 1.8251251973, 11.2084974668, 17.2309299405, 15.9188775031, 13.001769116, 14.0771656227, 19.2702731216, 9.0526752517, 2.6968151954, 2.9546145853, 0.29088075337, 2.3338987851, 2.4689894532, 1.632045732, 3.1888564256, 1.3399678705, 1.6010252952, 3.1821808257, 1.2255166098, 2.071194198, 2.4089123223, 1.4519264909, 0.57120304651, 0.57080847292, 3.564932718, 3.3391151617, 0, 1.6436951859, 3.3765150238, 0.81887020129, 2.5454664706, 3.0668117767, 1.8599887221, 0.67666601738, 0.97664904173, 1.2251135629, 1.6370078371, 1.4526462142, 0.95190090094, 1.3314154228, 2.0112938165, 2.3520166442, 1.0965034419, 3.0503802764, 2.2102681379],
      [6.8179044238, 3.0771480954, 2.7193819921, 2.8922082527, 6.0615922855, 4.0224888728, 19.8688732774, 25.2118417265, 24.6736138547, 32.2284099041, 37.2955586629, 27.8936372979, 15.5629876898, 4.1981678258, 5.9652913435, 0.58034559113, 6.2495759932, 4.0938184442, 3.0273369223, 5.4459251532, 3.1801315076, 2.6174711173, 5.5797713117, 2.3587168171, 4.2979297865, 4.4215032271, 3.6307886766, 1.0108739899, 1.155311802, 5.7376751562, 5.1670089886, 0, 2.4181935669, 6.2261023684, 1.5100309741, 4.2968018796, 6.1087432115, 6.1025136431, 1.8214569212, 2.374332286, 4.0747842972, 2.456800815, 2.7237558592, 2.1790746488, 3.0394992913, 3.8004216462, 4.9965290962, 1.5376153593, 5.8794147148, 3.7415712547]
    ],
    [
      [0.25441642896, 0.24120950633, 0.45337154155, 0.31116008356, 0.27896521538, 0.17024825373, 0.42033869184, 0.42391949792, 0.41302802888, 0.49501588903, 0.13182366454, 0.38206077494, 1.1860855691, 2.9807814207, 3.8464716035, 2.6121154756, 2.9467452655, 3.0870651331, 3.2034581721, 0.17424123965, 0.28330226536, 0.45520716591, 0.19767091963, 0.23191627782, 0.42458553943, 0.43462735551, 0.26758887396, 0.50173176862, 0.2283279571, 0.25044332088, 0.19185899759, 0.33418292231, 0.92170254718, 0.20584973087, 0.38801679452, 0.14036230385, 0.61974916947, 0.16319352198, 0.23660335145, 0.28124568988, 0.25002556774, 0.46890897895, 0.16358810745, 0.62071271376, 0.16883659109, 0.28417369414, 0.25245062144, 0.14968361599, 0.38445690493, 0.3888848362],
      [2.2067897083, 2.4114615117, 2.7093440533, 5.5591469806, 2.4664575134, 1.3893265909, 4.1253466614, 4.4930023249, 3.2110186404, 3.4789682682, 1.2702917177, 3.9374259223, 16.4783583548, 35.1314491963, 27.7361814531, 29.5969313819, 23.0460261874, 26.3505699547, 21.2230571459, 2.1205166761, 4.1139183767, 4.8251418171, 2.630496893, 3.5496035863, 2.8175572603, 4.5986042356, 2.1759032649, 3.5457682591, 2.4454869928, 2.7058640627, 2.2072515696, 4.3740170556, 8.3301822765, 2.5674713547, 2.4706436787, 1.5949186934, 5.3604262062, 1.5098274486, 1.6698425462, 2.210829935, 2.2513866127, 4.4361219287, 1.5139350611, 3.5574052382, 1.8446724641, 2.4947215421, 1.8720049955, 2.3185565034, 2.9419406815, 4.233662831],
      [3.5387938627, 1.347328982, 2.8372844052, 3.1296929358, 2.2545772712, 1.4404251554, 3.4543146467, 3.0830781772, 2.3759533307, 4.0260158428, 1.5978846178, 2.6805133028, 13.3355560761, 25.887769383, 26.4173469434, 27.7909531425, 29.0072285471, 20.5623649122, 18.573484682, 1.7052420842, 4.602779358, 3.7196510169, 2.1718321874, 3.2184801359, 2.7578572003, 3.9667684088, 2.5565078611, 2.9524999723, 2.3261850501, 2.0436926164, 1.6008894328, 3.2918000221, 5.7481151763, 2.2266789145, 2.1413395268, 1.2647190027, 5.0198246243, 2.3269790294, 2.0935541023, 2.5079243751, 3.4985878196, 3.0949690924, 1.3224768314, 3.821882048, 1.9864909448, 2.2211047637, 1.8755443831, 1.5317598806, 2.6736024136, 3.3774523328]
    ],
    [
      [0.031501892451, 0.090178366071, 0.092617783886, 0.049860306161, 0.068006726418, 0.060010703729, 0.097248971378, 0.047994666202, 0.072381245498, 0.067587097561, 0.055708794774, 0.019322267285, 0.059629396815, 0.047244983702, 0.058116418595, 0.052662900457, 0.026564948729, 0.086809177284, 0.23695642989, 0.56101400764, 0.18068231204, 0.65268289842, 0.42589093021, 0.27482718228, 0.70865356796, 0.042449776379, 0.047412778409, 0.063206049075, 0.079441649933, 0.071247187835, 0.050946255546, 0.04388170861, 0.065657896576, 0.049630672285, 0.079659111624, 0.050250016627, 0.050277613378, 0.10013613434, 0.051587005988, 0.049019762124, 0.030123240811, 0.0516125687, 0.14469983132, 0.10868052983, 0.060846522961, 0.030276806344, 0.068125174838, 0.060507754503, 0.022763857115, 0.0084865761565],
      [1.5396287678, 5.1105489083, 3.4044003858, 5.1214792852, 3.652356779, 2.9425372505, 5.4341437984, 2.9580836588, 3.4325362069, 2.7764043818, 3.1065833625, 1.1868748588, 4.9854157986, 3.4594832146, 2.5539396946, 3.6114283492, 1.3268665185, 4.478335159, 10.0880549668, 32.5974538841, 23.8358682772, 32.5985010194, 29.540961185, 29.4797284356, 28.1691756878, 2.6830570478, 2.2975270386, 2.713991526, 5.1248134268, 4.5494842005, 3.4725498255, 3.4247891639, 3.5345105224, 3.7536899148, 3.1986414345, 3.345421773, 2.5771137598, 4.7376040684, 2.2181633213, 2.3423856525, 1.5706183902, 2.9375700234, 8.535361515, 3.8401093043, 3.8580620202, 1.5840041413, 2.9893013513, 5.4191620485, 1.0444651118, 0.55584131738],
      [2.4288693397, 2.7992727257, 3.5029818303, 2.8286604087, 3.2796364946, 2.9974520458, 4.4686072303, 1.993921675, 2.4950825476, 3.1560085207, 3.8377078427, 0.79380287395, 3.9549548046, 2.4932718017, 2.3879438868, 3.3359087503, 1.6465685328, 3.4348556637, 8.6749886034, 25.8415321083, 25.9834494107, 24.7488160822, 24.0331478848, 26.2454443821, 27.1221707442, 2.2744931759, 2.655060183, 2.2228024249, 4.7957449232, 3.3792686117, 2.476503919, 2.5313291275, 2.399831581, 3.1966794129, 2.7216994538, 2.6043282104, 2.3726086268, 7.1622597973, 2.7302496727, 2.6085945854, 2.3992583689, 2.0108174079, 7.3199386537, 4.0512101659, 4.0810914569, 1.3857190523, 2.9425734738, 3.520330197, 0.93277103108, 0.43567210647]
    ],
    [
      [3.0236860573, 0.87558272277, 2.7523928568, 0.90003545601, 2.7385054653, 4.2412814957, 2.1642246011, 5.0316622966, 4.485076506, 3.0377066869, 2.1184060085, 2.1326794578, 1.4197624657, 2.6634992253, 2.0322986943, 1.5663149378, 2.7456737464, 2.7925340107, 4.3953839013, 2.3544750503, 3.3843510687, 3.4019099731, 1.8279041627, 0.33300529848, 3.772588251, 23.9854211753, 27.6052383134, 30.8412187981, 23.6287743564, 22.6934416605, 21.912627213, 8.4202030814, 4.1368116656, 1.8723375075, 1.632373915, 1.9945871314, 2.7620824217, 2.1172021041, 4.5551962276, 3.3762319873, 3.8692281364, 3.1611696425, 1.8139675315, 4.527926277, 2.0217837588, 3.2620253661, 2.0291053644, 1.0066213735, 3.0010471244, 2.0731699462],
      [3.152240875, 1.028888111, 1.9130708567, 1.9200090605, 2.8321353402, 4.0610657601, 2.4901322092, 6.2580643303, 4.0214547316, 2.4848926354, 2.385482296, 2.5758559557, 2.274761166, 3.8651744873, 1.6988583171, 2.1053035455, 2.692637084, 2.839222446, 3.1444403023, 3.2155190758, 5.5842571257, 4.0760191987, 2.789264852, 0.57964039619, 2.7751875503, 29.7140268958, 26.3069301906, 25.5855436692, 29.6608419259, 28.6571078763, 29.462676882, 12.9507523927, 4.364150285, 2.7341169019, 1.1942749302, 2.6558904455, 2.8024317884, 2.3006299634, 3.6827435631, 3.0515868924, 4.098868603, 3.4401505975, 1.9085891308, 2.9437709352, 2.5274874686, 3.2569142892, 1.6894859068, 1.7956641684, 2.6055333248, 2.584255145],
      [0.82407306765, 0.095529166201, 0.33453628655, 0.17995548347, 0.42935919444, 0.69765274423, 0.34564318962, 0.71027337313, 0.4934687624, 0.47740067767, 0.49611169551, 0.29146458643, 0.30547636831, 0.47132628741, 0.26884298858, 0.32838151664, 0.56168916957, 0.36824354328, 0.46017579636, 0.43000587391, 1.0313918055, 0.5220708282, 0.38283098534, 0.087354305326, 0.4522241987, 4.3005519289, 5.087831496, 3.5732375326, 4.7103837177, 3.6494504632, 3.624695905, 1.629044526, 0.49903804947, 0.39354559058, 0.17335115484, 0.3495224231, 0.43548578994, 0.5821679325, 0.7620602093, 0.57218112028, 1.0319032606, 0.39867976002, 0.27744333772, 0.52830278776, 0.45072877262, 0.48106034475, 0.28140872879, 0.19771445806, 0.39341955084, 0.34257490878]
    ],
    [
      [1.3121364708, 1.2402638598, 2.9367206638, 0.79605864685, 1.0628658217, 2.8837539686, 2.315755652, 1.8858405081, 0.97931637048, 1.6496074318, 1.644873362, 1.6600829242, 1.6241152141, 0.92179610142, 0.59832403258, 1.7016473605, 1.5876190073, 2.0285632348, 3.1229494198, 0.68255796706, 1.1225205069, 1.0301459173, 1.2432287333, 1.9309770991, 1.9199290399, 1.1933502607, 1.9484117735, 2.2883402347, 0.67069365006, 1.2629981159, 1.9692904586, 10.7463948655, 13.9308737025, 12.1709909658, 19.9834559074, 12.9391004528, 15.5020958785, 5.0583693759, 1.846733673, 2.5806964299, 0.93772548489, 2.6431089217, 1.8668211567, 3.0078966354, 1.0321137527, 1.3674512116, 1.163868276, 1.6655791124, 1.4940561971, 0.98624935396],
      [0.91784802069, 0.9780972393, 1.3757351114, 1.1312071156, 0.73937058014, 1.8582391822, 1.7966292788, 1.5815177523, 0.59402328941, 0.91486339144, 1.25196852, 1.3494149133, 1.759306907, 0.91130597547, 0.3433975143, 1.5556863769, 1.0634279508, 1.4065575268, 1.5349069683, 0.64227541782, 1.2723494481, 0.84916654788, 1.2926924507, 2.3009368436, 0.9790033148, 1.0009904687, 1.255961613, 1.2741322755, 0.56924530404, 1.0809024496, 1.7917528502, 11.0235389663, 9.949163951, 12.0856498404, 10.373019575, 11.4962777233, 10.5888971718, 3.6570898758, 1.0051913076, 1.5701502048, 0.66683964121, 1.9231050038, 1.3233757979, 1.3306488729, 0.88447271, 0.93458107053, 0.66830152971, 2.0122844661, 0.88885905199, 0.84031234771],
      [4.7700155085, 1.7816389009, 4.6875442249, 2.0727342376, 2.1977635982, 6.2580068492, 4.8876150692, 3.5326417396, 1.4266603401, 3.4355291768, 5.1031581179, 2.9905021625, 4.6165778788, 2.1668979231, 1.0582784531, 4.7426662626, 4.3489530419, 3.5648792385, 4.3421436119, 1.6751666151, 4.605130045, 2.1206875348, 3.464078816, 6.7680860573, 3.1010676453, 2.8056592707, 4.7956266135, 3.4375274898, 1.7600610459, 2.6560994345, 4.2389566912, 27.2300661682, 22.1199623466, 33.7433591938, 28.6435245177, 29.5646218238, 31.9090069497, 18.2845407483, 4.1480750195, 5.8491533652, 3.3954348739, 4.4337860745, 3.8098030454, 4.6614544917, 3.0834135373, 2.6979677179, 2.1678301942, 4.3221364215, 2.617084751, 2.1734382983]
    ],
    [
      [5.4022139518, 6.6880791546, 4.7610653756, 6.4526998059, 7.5101312916, 1.8728611037, 5.629508214, 8.5005868805, 3.823273001, 4.7017964762, 3.6545855487, 6.6226684509, 8.278127295, 1.8668829298, 8.5490303741, 6.4584654599, 6.4761237147, 12.3487014049, 6.7124374873, 10.2770904059, 2.6813001933, 5.6583879433, 6.4639144743, 7.2611829659, 7.6383603846, 2.7956062835, 6.5111612798, 4.7744945713, 5.5513989224, 3.751683883, 7.4917725089, 3.7026035201, 4.7570431782, 4.6002670828, 5.7426643166, 7.4577853176, 3.7554322301, 29.8483252735, 57.055072654, 50.4663181907, 49.9392891247, 53.1972224755, 53.5941202844, 38.1209366298, 2.7578052573, 11.3341891763, 5.6883882732, 2.7808052751, 7.6001272604, 4.6910080784],
      [0.024329023948, 0.033841368349, 0.012672661879, 0.044066293298, 0.032727964614, 0.0072958072418, 0.026131269629, 0.038843585418, 0.014904866219, 0.014267299603, 0.016692529652, 0.030775100628, 0.050438607193, 0.010358877819, 0.026706057125, 0.033768088493, 0.024066097696, 0.044427029733, 0.021130041852, 0.048692212639, 0.017642483778, 0.024668476041, 0.036744119556, 0.048382652004, 0.021523468364, 0.013867867318, 0.024479693215, 0.016686674746, 0.027631328262, 0.018712823627, 0.038099063258, 0.022422469897, 0.021090571466, 0.027685697088, 0.019929006985, 0.040053756828, 0.01565891282, 0.13232040294, 0.18305673017, 0.20787584862, 0.28324043479, 0.2675833874, 0.24021687833, 0.092763800388, 0.013500012844, 0.042728872841, 0.018067594364, 0.018472689144, 0.025938518685, 0.022011080548],
      [0.57345702427, 0.27807947708, 0.22626196253, 0.50323390077, 0.45714074378, 0.11984308904, 0.34436051641, 0.46056953407, 0.16182213276, 0.28393622418, 0.32872192161, 0.34655644851, 0.67143409785, 0.1227581924, 0.42426356874, 0.50776645165, 0.49981018761, 0.60687156533, 0.26643247082, 0.67421738144, 0.30105732293, 0.31694358065, 0.4993414061, 0.69043438213, 0.34011614708, 0.19052584923, 0.46435902703, 0.20881875393, 0.42096974934, 0.22960329341, 0.47012842782, 0.27497401, 0.22186625031, 0.3720472201, 0.23740667642, 0.50216092558, 0.22890885705, 3.0193543235, 3.7618706158, 3.3258059607, 4.7774704405, 2.5351941371, 3.1656628373, 1.7862995698, 0.22869472991, 0.62308195088, 0.29354413247, 0.20072203576, 0.37393422088, 0.28698084106]
    ],
    [
