{
  "X": [
    [18, 1, 45, 24, 12],
    [15, 2, 40, 26, 17],
    [21, 1, 36, 25, 17],
    [19, 2, 35, 29, 15],
    [18, 3, 41, 26, 12],
    [15, 2, 51, 22, 10],
    [9, 2, 48, 22, 19],
    [21, 4, 46, 18, 11],
    [14, 1, 50, 21, 14],
    [15, 2, 44, 30, 9],
    [27, 5, 38, 20, 10],
    [14, 0, 44, 22, 20],
    [22, 3, 39, 22, 14],
    [23, 1, 27, 19, 30],
    [28, 6, 29, 18, 19],
    [28, 5, 25, 19, 23],
    [28, 5, 28, 16, 23],
    [35, 5, 30, 16, 14],
    [27, 5, 27, 12, 29],
    [28, 4, 28, 12, 28],
    [27, 2, 36, 12, 23],
    [20, 4, 30, 17, 29],
    [29, 3, 29, 17, 22],
    [30, 7, 26, 17, 20],
    [26, 4, 29, 14, 27],
    [28, 2, 19, 36, 15],
    [27, 4, 21, 30, 18],
    [30, 0, 25, 32, 13],
    [30, 2, 21, 30, 17],
    [26, 2, 23, 41, 8],
    [31, 2, 22, 29, 16],
    [35, 3, 20, 31, 11],
    [42, 2, 18, 32, 6],
    [26, 1, 22, 34, 17],
    [25, 1, 22, 40, 12],
    [32, 1, 20, 32, 15],
    [34, 1, 22, 33, 10],
    [40, 1, 22, 23, 14],
    [55, 2, 24, 14, 5],
    [51, 2, 20, 16, 11],
    [41, 1, 24, 23, 11],
    [36, 0, 25, 22, 17],
    [51, 2, 21, 20, 6],
    [35, 2, 27, 27, 9],
    [49, 0, 22, 21, 8],
    [48, 3, 21, 15, 13],
    [50, 3, 24, 12, 11],
    [47, 3, 26, 17, 7],
    [35, 2, 28, 25, 10],
    [48, 1, 23, 15, 13]
  ],
  "W": [
    [63, 12, 13, 12],
    [63, 9, 15, 13],
    [63, 13, 10, 14],
    [60, 10, 17, 13],
    [60, 10, 12, 18],
    [71, 15, 7, 7],
    [68, 18, 8, 6],
    [62, 16, 12, 10],
    [66, 12, 13, 9],
    [67, 12, 13, 8],
    [58, 16, 9, 17],
    [63, 17, 9, 11],
    [31, 49, 10, 10],
    [10, 71, 11, 8],
    [7, 60, 17, 16],
    [18, 52, 11, 19],
    [19, 63, 9, 9],
    [14, 51, 14, 21],
    [8, 67, 12, 13],
    [14, 63, 13, 10],
    [15, 60, 11, 14],
    [8, 68, 11, 13],
    [15, 57, 12, 16],
    [15, 57, 14, 14],
    [13, 68, 7, 12],
    [10, 14, 62, 14],
    [10, 13, 65, 12],
    [4, 13, 72, 11],
    [9, 10, 61, 20],
    [12, 14, 60, 14],
    [13, 11, 70, 6],
    [10, 9, 66, 15],
    [15, 9, 61, 15],
    [17, 12, 61, 10],
    [15, 10, 60, 15],
    [8, 12, 68, 12],
    [10, 13, 63, 14],
    [17, 18, 35, 30],
    [13, 11, 9, 67],
    [13, 11, 18, 58],
    [13, 7, 17, 63],
    [18, 9, 10, 63],
    [9, 15, 14, 62],
    [14, 13, 11, 62],
    [8, 18, 14, 60],
    [12, 10, 17, 61],
    [7, 12, 14, 67],
    [20, 9, 7, 64],
    [10, 14, 12, 64],
    [12, 17, 13, 58]
  ],
  "method": "mvn_cdf",
  "mvncdf_method": "genz",
  "mvncdf_samples": 5000,
  "mvncdf_error": 1e-06,
  "cond_prob": [
    [
      [0.052636635292, 0.0076834670885, 0.59181165367, 0.24579128584, 0.10207695812],
      [0.25426213475, 0.030039273039, 0.31953743306, 0.097135391079, 0.29902576807],
      [0.30930113273, 0.0049762095326, 0.15486186642, 0.4281909274, 0.10266986392],
      [0.62701653861, 0.0041791664364, 0.17931072077, 0.14344681492, 0.046046759263]
    ],
    [
      [0.041000409935, 0.013539192751, 0.53044833196, 0.25764433994, 0.15736772541],
      [0.17853513156, 0.050538921372, 0.25340539929, 0.10000343824, 0.41751710954],
      [0.24358934611, 0.0091839321788, 0.13738851056, 0.44971603775, 0.1601221734],
      [0.55483465811, 0.0089695032109, 0.18277692893, 0.17251657718, 0.080902332571]
    ],
    [
      [0.068946144891, 0.0080749324783, 0.49250410933, 0.27918500863, 0.15128980467],
      [0.27647392189, 0.028211728587, 0.22181298225, 0.093014499971, 0.3804868673],
      [0.3487853303, 0.0041895996886, 0.10824920165, 0.40447353945, 0.13430232891],
      [0.69821169951, 0.0038290743019, 0.10328955974, 0.13501960669, 0.059650059754]
    ],
    [
      [0.058215325073, 0.01425594312, 0.47494968561, 0.31020312083, 0.14237592537],
      [0.24168585425, 0.051876933396, 0.2363039964, 0.10705871128, 0.36307450467],
      [0.30203749195, 0.008382128477, 0.11621640878, 0.44515323186, 0.12821073894],
      [0.62913429191, 0.0076044991103, 0.13844862139, 0.16679896397, 0.058013623618]
    ],
    [
      [0.043470714565, 0.02211225537, 0.54962735164, 0.27879612857, 0.10599354985],
      [0.20466687858, 0.091109180703, 0.29228072144, 0.10375517348, 0.3081880458],
      [0.26345916584, 0.014799179234, 0.14408162751, 0.46883508019, 0.10882494723],
      [0.57125129574, 0.014279963049, 0.1844498033, 0.17575692507, 0.054262012843]
    ],
    [
      [0.054800088413, 0.012846022202, 0.61646119866, 0.2315008555, 0.084391835232],
      [0.27312240495, 0.046486149075, 0.33691517969, 0.093311455366, 0.25016481092],
      [0.33275892775, 0.0076158613266, 0.16365043729, 0.41056247738, 0.085412296249],
      [0.64318480901, 0.0063632228305, 0.18018944036, 0.13327196978, 0.036990558021]
    ],
    [
      [0.03394085551, 0.011166200775, 0.55306481781, 0.24839704972, 0.15343107618],
      [0.14862356843, 0.041848099141, 0.30737074471, 0.084358702554, 0.41779888517],
      [0.21045917702, 0.0080544242577, 0.17090810502, 0.45019543009, 0.16038286362],
      [0.48102968927, 0.0085419884915, 0.24353667399, 0.17892283886, 0.08796880939]
    ],
    [
      [0.064333290852, 0.031116857481, 0.62458136993, 0.19372530629, 0.086243175447],
      [0.30166085655, 0.11030214361, 0.27652787632, 0.063220648358, 0.24828847517],
      [0.40481655064, 0.019536591381, 0.15135299425, 0.3253000312, 0.098993832527],
      [0.69517199836, 0.014464645064, 0.15634135985, 0.097063704537, 0.036958292188]
    ],
    [
      [0.040969113242, 0.007202482261, 0.63224676658, 0.20526502602, 0.1143166119],
      [0.20459350005, 0.031116458087, 0.34465575474, 0.082252812427, 0.33738147469],
      [0.27877507553, 0.0052606269821, 0.18598904819, 0.40425970822, 0.12571554109],
      [0.57308249844, 0.0048642553128, 0.22099442168, 0.14129207888, 0.059766745696]
    ],
    [
      [0.047766606935, 0.011490134847, 0.53298652961, 0.32884236164, 0.078914366967],
      [0.25391422268, 0.051887122093, 0.31787829181, 0.12818006294, 0.24814030048],
      [0.27397082755, 0.0072648938112, 0.13550618685, 0.50897802838, 0.07428006342],
      [0.60350647021, 0.0065068999571, 0.16851997371, 0.18793120763, 0.033535448491]
    ],
    [
      [0.090089998742, 0.05282136876, 0.53560079683, 0.24038209142, 0.081105744249],
      [0.34958934946, 0.15875647302, 0.20962698697, 0.068918394976, 0.21310879558],
      [0.4290448411, 0.030170863851, 0.11794516628, 0.34139579674, 0.081443332024],
      [0.74430266929, 0.019754442532, 0.10892945314, 0.097431238754, 0.029582196281]
    ],
    [
      [0.040303962271, 0.0044012253722, 0.56216207614, 0.23411922447, 0.15901351174],
      [0.17379897828, 0.017275800229, 0.27553876327, 0.087271220361, 0.44611523786],
      [0.23679386018, 0.0031023280437, 0.15436932451, 0.43676811708, 0.16896637018],
      [0.55679832718, 0.0026662205413, 0.19541102536, 0.16155663855, 0.083567788371]
    ],
    [
      [0.045847816983, 0.0092889260468, 0.59130378383, 0.2838093263, 0.069750146835],
      [0.26842730665, 0.051138228641, 0.35164461272, 0.11272772326, 0.21606212873],
      [0.2753504458, 0.0074162727459, 0.14187307872, 0.50364490317, 0.071715299562],
      [0.60115107434, 0.0082159771289, 0.17388714072, 0.18101234515, 0.035733462666]
    ],
    [
      [0.047120061315, 0.0061647962063, 0.49006950759, 0.32526357046, 0.13138206443],
      [0.21436643765, 0.024090998533, 0.2709919978, 0.12029125184, 0.37025931418],
      [0.23354129605, 0.0035840609799, 0.1246091414, 0.5168945592, 0.12137094237],
      [0.58198515191, 0.0035670143678, 0.15362199703, 0.19835716552, 0.062468671168]
    ],
    [
      [0.044810964812, 0.021053207923, 0.59398308025, 0.24951121908, 0.090641527933],
      [0.22909713397, 0.089046705966, 0.31961089286, 0.099444662348, 0.26280060486],
      [0.28674130567, 0.015085164787, 0.16876902434, 0.43046491403, 0.098939591173],
      [0.59010819546, 0.013665606651, 0.19254728194, 0.15811870293, 0.04556021302]
    ],
    [
      [0.054879305333, 0.021061126709, 0.49209147791, 0.2966239946, 0.13534409545],
      [0.23093744394, 0.076582550166, 0.24104118713, 0.10476352743, 0.34667529134],
      [0.28646662167, 0.012450979691, 0.11642096983, 0.46288865071, 0.12177277809],
      [0.62603710095, 0.011643930802, 0.14026267026, 0.16371440553, 0.058341892462]
    ],
    [
      [0.065509737157, 0.017921763612, 0.5356142119, 0.26465595024, 0.11629833709],
      [0.28236432777, 0.064745271509, 0.25157402765, 0.09168198562, 0.30963438745],
      [0.34882992239, 0.010472551277, 0.12211815326, 0.41294033119, 0.10563904189],
      [0.67462063806, 0.0089888955282, 0.13770755278, 0.13145435033, 0.047228563301]
    ],
    [
      [0.062504993682, 0.018873055714, 0.60568542894, 0.22066409156, 0.09227243011],
      [0.29832843157, 0.078179329799, 0.29431628622, 0.088527611695, 0.24064834072],
      [0.36710663142, 0.013087184193, 0.14791904247, 0.39257603454, 0.079311107387],
      [0.67265610545, 0.010821546341, 0.16614876195, 0.12304621934, 0.027327366925]
    ],
    [
      [0.05238256746, 0.017409815296, 0.57833435819, 0.20141134364, 0.15046191541],
      [0.21288982082, 0.059089033829, 0.25658315978, 0.065498171257, 0.4059398143],
      [0.31642268214, 0.011872098966, 0.15345565969, 0.36432812992, 0.15392142928],
      [0.62272124769, 0.010432166298, 0.1768602549, 0.12142301859, 0.068563312528]
    ],
    [
      [0.061508659102, 0.014746474074, 0.56975266884, 0.20046611549, 0.15352608249],
      [0.25139364253, 0.05133994346, 0.25831415505, 0.064957881468, 0.37399437749],
      [0.35923017118, 0.0094440820026, 0.14891867967, 0.33387685273, 0.14853021441],
      [0.6625146161, 0.0078277985583, 0.15960632142, 0.10673001209, 0.063321251835]
    ],
    [
      [0.049739677981, 0.0081924296537, 0.65386182764, 0.17711822857, 0.11108783615],
      [0.23249591839, 0.030444744057, 0.34388426729, 0.069811186216, 0.32336388404],
      [0.31949539369, 0.005902514893, 0.19988687883, 0.35172522773, 0.12298998486],
      [0.60730371242, 0.0047538100021, 0.21814363161, 0.11542734703, 0.054371498933]
    ],
    [
      [0.035051738221, 0.011736325273, 0.56615767367, 0.26062220867, 0.12643205417],
      [0.17124574903, 0.050419123117, 0.29494662687, 0.10177805745, 0.38161044353],
      [0.21812685187, 0.008596598132, 0.15762408719, 0.47863884705, 0.13701361576],
      [0.51468948966, 0.0087374433613, 0.21296732129, 0.19085767546, 0.072748070225]
    ],
    [
      [0.055429867929, 0.010985038871, 0.56523059745, 0.25485152773, 0.11350296802],
      [0.25225681225, 0.042794227286, 0.28680387654, 0.096087316824, 0.3220577671],
      [0.30900373322, 0.0069940629746, 0.13991107573, 0.43257198972, 0.11151913836],
      [0.63185093316, 0.0062322643956, 0.1645705067, 0.14675836226, 0.050587933477]
    ],
    [
      [0.063163749538, 0.032418065802, 0.52758274696, 0.26603062837, 0.11080480934],
      [0.26254627173, 0.11955291032, 0.24511841733, 0.089727703472, 0.28305469715],
      [0.33219394331, 0.020013975459, 0.12592637632, 0.42275836223, 0.099107342688],
      [0.66179463879, 0.016461430558, 0.14096073971, 0.13494276952, 0.045840421425]
    ],
    [
      [0.052363544027, 0.013025050922, 0.56172432638, 0.24238944265, 0.13049763601],
      [0.24261785574, 0.049137452856, 0.27266142425, 0.086739173805, 0.34884409335],
      [0.30267798827, 0.0085605815257, 0.14265295464, 0.41892118251, 0.12718729306],
      [0.61838150264, 0.0076464181036, 0.17219054889, 0.14273076515, 0.059050765216]
    ],
    [
      [0.047422487262, 0.014454765462, 0.52291010736, 0.28631936127, 0.12889327865],
      [0.2170331156, 0.056248577799, 0.2628514804, 0.10759797753, 0.35626884867],
      [0.26531751462, 0.0088156730161, 0.12800792339, 0.47446683673, 0.12339205225],
      [0.59281372716, 0.008444288197, 0.16160633847, 0.17685883615, 0.060276810026]
    ],
    [
      [0.044368082539, 0.047780032787, 0.5347901207, 0.22952607435, 0.14353568962],
      [0.15128181978, 0.16204540415, 0.22426120586, 0.072510989628, 0.38990058058],
      [0.25514151297, 0.031803323644, 0.14830900964, 0.38316374758, 0.18158240616],
      [0.57018678448, 0.0291709603, 0.18849486488, 0.13483647306, 0.077310917272]
    ],
    [
      [0.038441341976, 0.0036873950397, 0.69158717369, 0.18330295857, 0.082981130732],
      [0.2241497485, 0.015834104324, 0.40018198449, 0.082750938314, 0.27708322437],
      [0.28033948582, 0.0027331132095, 0.20994236356, 0.39722548672, 0.10975955068],
      [0.57368794, 0.0025536179284, 0.24424543492, 0.13452138592, 0.044991621233]
    ],
    [
      [0.044455136155, 0.015470923453, 0.56286349215, 0.21883718753, 0.1583732607],
      [0.18020100544, 0.056959462572, 0.27265781976, 0.078332877023, 0.41184883521],
      [0.26607775221, 0.010615189722, 0.15346671987, 0.40165118463, 0.16818915356],
      [0.57478932075, 0.0099915887334, 0.18922673224, 0.1453791916, 0.080613166676]
    ],
    [
      [0.042409766434, 0.01020151076, 0.58500125167, 0.29242300102, 0.069964470108],
      [0.22326902836, 0.064847552758, 0.34821875447, 0.13810616488, 0.22555849953],
      [0.2383333885, 0.0082166079097, 0.15488062157, 0.52286070096, 0.075708681063],
      [0.55777897254, 0.0084554995848, 0.19904236925, 0.20112897361, 0.033594185011]
    ],
    [
      [0.058893376065, 0.015274194753, 0.58230776775, 0.20218381492, 0.14134084651],
      [0.24214268601, 0.054735762532, 0.27039989605, 0.072609904483, 0.36011175092],
      [0.33988695572, 0.010049926969, 0.14749604246, 0.36328445652, 0.13928261833],
      [0.65122628854, 0.0082515597235, 0.16345419965, 0.11711504734, 0.059952904759]
    ],
    [
      [0.059555107336, 0.030668899798, 0.57529090745, 0.23190289687, 0.10258218855],
      [0.25002587889, 0.11630574087, 0.26372996321, 0.082252911812, 0.28768550522],
      [0.34399194568, 0.019429106998, 0.13907002015, 0.39450238101, 0.10300654616],
      [0.65382511713, 0.016222080905, 0.15820250624, 0.12798492465, 0.043765371075]
    ],
    [
      [0.077192619999, 0.013953280892, 0.58190809487, 0.26095727318, 0.065988731055],
      [0.42498623454, 0.069132049235, 0.22959629881, 0.11385480855, 0.16243060887],
      [0.40168300973, 0.0078413601278, 0.099878255995, 0.4158706525, 0.07472672165],
      [0.71951460285, 0.0094199957081, 0.12004545719, 0.12759432131, 0.023425622941]
    ],
    [
      [0.048513726185, 0.0082320722616, 0.53378244171, 0.26131692319, 0.14815483665],
      [0.21198240916, 0.030501878944, 0.26027217956, 0.094327444209, 0.40291608812],
      [0.2731062429, 0.0053400260873, 0.13351091967, 0.44262019572, 0.14542261562],
      [0.59547922179, 0.0049230005968, 0.166313923, 0.16265474327, 0.070629111349]
    ],
    [
      [0.043227615805, 0.0075130868659, 0.53435708839, 0.31087478865, 0.10402742029],
      [0.20005184985, 0.034220015769, 0.31095171012, 0.12930578626, 0.325470638],
      [0.23599458758, 0.0051298655201, 0.13033192856, 0.52435758402, 0.10418603432],
      [0.55104871791, 0.0052439388079, 0.185953464, 0.20252629714, 0.055227582151]
    ],
    [
      [0.052696066448, 0.0088683101642, 0.56986036977, 0.23572486742, 0.1328503862],
      [0.2418662612, 0.030848168506, 0.28273936932, 0.090863244861, 0.35368295611],
      [0.31333229092, 0.0052668943669, 0.14583090436, 0.40660431519, 0.12896559516],
      [0.63304425406, 0.0046572898236, 0.16761577751, 0.13648497167, 0.058197706936]
    ],
    [
      [0.058067894019, 0.0076570567796, 0.59183692428, 0.25491873724, 0.087519387675],
      [0.28281705923, 0.031257484911, 0.32250912316, 0.10065384593, 0.26276248678],
      [0.32022813615, 0.005017345305, 0.15402654483, 0.44768866959, 0.073039304118],
      [0.64693385534, 0.0042374139968, 0.16894291372, 0.14227570226, 0.037610114679]
    ],
    [
      [0.076326362371, 0.0082772636333, 0.53325031707, 0.25171284402, 0.13043321291],
      [0.30765111113, 0.028546024, 0.24947801429, 0.084377416513, 0.32994743407],
      [0.37501806745, 0.0048769314457, 0.12426340922, 0.38080562025, 0.11503597164],
      [0.69378884967, 0.004002323606, 0.13443000313, 0.12042344568, 0.047355377913]
    ],
    [
      [0.077634364162, 0.016666769643, 0.61485435697, 0.21110659989, 0.079737909334],
      [0.32930032565, 0.064127118015, 0.33580663549, 0.082759840091, 0.18800608076],
      [0.41741055808, 0.010418226031, 0.13313482487, 0.3639823145, 0.075054076516],
      [0.70435294029, 0.0080315496064, 0.15268758768, 0.10298349884, 0.031944423591]
    ],
    [
      [0.072959027679, 0.017280933811, 0.55334110718, 0.21977906942, 0.13663986191],
      [0.27483720749, 0.059988670888, 0.24705613798, 0.073735142037, 0.3443828416],
      [0.37618528152, 0.010044360338, 0.12638388967, 0.36402088073, 0.12336558773],
      [0.70558354739, 0.0082607001134, 0.14049409767, 0.091765132658, 0.053896522166]
    ],
    [
      [0.041565256569, 0.0081242073791, 0.560238725, 0.26004207138, 0.13002973968],
      [0.19902429343, 0.032845333088, 0.29290921981, 0.10100934575, 0.37421180791],
      [0.25462206598, 0.0056189216952, 0.14709272728, 0.46039159292, 0.13227469212],
      [0.56008044757, 0.0054004380234, 0.1918646781, 0.17583882394, 0.066815612367]
    ],
    [
      [0.038739467688, 0.0048984871417, 0.47180238067, 0.24825451524, 0.23630514925],
      [0.16197365601, 0.015204625099, 0.17500150239, 0.069731160371, 0.57808905614],
      [0.27119399777, 0.0021935503312, 0.11555651727, 0.4005051145, 0.21055082012],
      [0.41185472712, 0.0030390871588, 0.26661283605, 0.17594103485, 0.14255231483]
    ],
    [
      [0.064044341135, 0.013684797861, 0.56388477322, 0.28342089208, 0.074965195702],
      [0.30438718997, 0.055503844643, 0.31509517521, 0.11126521581, 0.21374857437],
      [0.34100417394, 0.0081372696236, 0.13245486461, 0.4475706557, 0.070833036125],
      [0.66380715834, 0.0069928713765, 0.15092023865, 0.14725924913, 0.031020482494]
    ],
    [
      [0.024809689687, 0.0089995000477, 0.59945580692, 0.29230670364, 0.074428299708],
      [0.16261831403, 0.050940090022, 0.36250803341, 0.17453538896, 0.24939817358],
      [0.22078792247, 0.0060185085272, 0.14006082466, 0.5526268529, 0.080505891443],
      [0.46698510008, 0.0080594495335, 0.19451118027, 0.28995523108, 0.040489039039]
    ],
    [
      [0.064268551201, 0.0042123621725, 0.59981028979, 0.24598877649, 0.085720020348],
      [0.29749455547, 0.01989107085, 0.31017185458, 0.11758120991, 0.2548613092],
      [0.31354586945, 0.0030773272802, 0.13574081064, 0.47369139838, 0.073944594253],
      [0.64894296147, 0.0020178823922, 0.15495695677, 0.15937921272, 0.034702986648]
    ],
    [
      [0.057989349298, 0.03280024298, 0.54871115108, 0.19607193151, 0.16442732513],
      [0.21436766308, 0.10876138956, 0.2294465737, 0.061209171916, 0.38621520174],
      [0.34471801745, 0.02179654506, 0.1379289009, 0.32986218546, 0.16569435113],
      [0.64926934047, 0.017648203277, 0.15047785233, 0.10818882935, 0.074415774574]
    ],
    [
      [0.05004338135, 0.027415198032, 0.64115278118, 0.15453990515, 0.12684873428],
      [0.22150295414, 0.10186144908, 0.29965802384, 0.052970017895, 0.32400755504],
      [0.3438476826, 0.020064011503, 0.17616116946, 0.3232785862, 0.13664855024],
      [0.63309735643, 0.016062969096, 0.19935455327, 0.093349247695, 0.058135873511]
    ],
    [
      [0.059018840825, 0.030630641544, 0.58173396392, 0.23727799944, 0.091338554266],
      [0.268108444, 0.11747902566, 0.28354166817, 0.085259566408, 0.24561129576],
      [0.33646592585, 0.019790185059, 0.14890838511, 0.40437299163, 0.09046251235],
      [0.64630889382, 0.016030258049, 0.17095885579, 0.1287061612, 0.037995831136]
    ],
    [
      [0.031250830319, 0.012681253362, 0.58397243027, 0.257782119, 0.11431336704],
      [0.16444501195, 0.059404353808, 0.34638825007, 0.13578226991, 0.29398011426],
      [0.18676080196, 0.0080831299742, 0.16685092333, 0.54831650309, 0.089988641649],
      [0.46614821288, 0.0082376445595, 0.25399846365, 0.21476801213, 0.056847666779]
    ],
    [
      [0.066977837106, 0.0082129300486, 0.57983149857, 0.20957795874, 0.13539977553],
      [0.26305986553, 0.029942905882, 0.27636029297, 0.073334650787, 0.35730228483],
      [0.3537930438, 0.0053589063086, 0.14584843523, 0.35982623958, 0.13517337508],
      [0.66345424026, 0.0043569482202, 0.16021026254, 0.11575376423, 0.05622478475]
    ]
  ],
  "expected_outcome": [
    [
      [3.3161080234, 2.5830258259, 4.3436071281, 3.4929195044, 2.6082428739, 3.8908062773, 2.3079781747, 3.9886640329, 2.703961474, 3.2003626646, 5.2252199271, 2.5391496231, 1.4212823265, 0.47120061315, 0.31367675369, 0.98782749599, 1.244685006, 0.87506991155, 0.41906053968, 0.86112122743, 0.74609516972, 0.28041390577, 0.83144801893, 0.94745624307, 0.68072607236, 0.47422487262, 0.44368082539, 0.1537653679, 0.4000962254, 0.50891719721, 0.76561388885, 0.59555107336, 1.1578893, 0.82473334515, 0.64841423707, 0.42156853159, 0.58067894019, 1.2975481603, 1.0092467341, 0.94846735982, 0.54034833539, 0.69731041838, 0.57639907022, 0.34733565561, 0.5141484096, 0.69587219158, 0.35030366945, 1.1803768165, 0.31250830319, 0.80373404527],
      [0.48405842658, 0.85296914334, 0.50872074613, 0.85535658722, 1.3267353222, 0.91206757632, 0.75930165268, 1.9292451638, 0.47536382922, 0.76983903474, 3.0636393881, 0.27727719845, 0.28795670745, 0.061647962063, 0.14737245546, 0.37910028076, 0.34051350863, 0.26422278, 0.13927852237, 0.20645063704, 0.12288644481, 0.093890602183, 0.16477558306, 0.48627098703, 0.16932566198, 0.14454765462, 0.47780032787, 0.014749580159, 0.13923831108, 0.12241812912, 0.19856453179, 0.30668899798, 0.20929921338, 0.13994522845, 0.11269630299, 0.070946481313, 0.076570567796, 0.14071348177, 0.21666800536, 0.22465213954, 0.10561469593, 0.08817276855, 0.12316318075, 0.12599300067, 0.03369889738, 0.39360291576, 0.19190638623, 0.61261283088, 0.12681253362, 0.098555160583],
      [37.2841341809, 33.4182449138, 31.0277588876, 28.4969811366, 32.9776410986, 43.7687451047, 37.6084076113, 38.7240449356, 41.7282865942, 35.7100974838, 31.0648462162, 35.4162107971, 18.3304172988, 4.9006950759, 4.1578815618, 8.8576466024, 10.1766700262, 8.4795960051, 4.6266748655, 7.9765373638, 9.8079274146, 4.5292613894, 8.4784589618, 7.9137412044, 7.302416243, 5.2291010736, 5.347901207, 2.7663486947, 5.0657714294, 7.0200150201, 7.5700009808, 5.7529090745, 8.7286214231, 9.0743015091, 8.0153563258, 4.5588829582, 5.9183692428, 9.0652553901, 7.9931066407, 7.1934343934, 7.283103425, 8.4924428521, 5.074962959, 8.3923812969, 4.7984823183, 6.584533813, 4.4880694683, 11.6346792785, 5.8397243027, 6.9579779828],
      [15.4848510078, 16.2315934161, 17.5886555437, 18.6121872495, 16.7277677142, 16.4365607402, 16.8909993811, 12.01096899, 13.5474917173, 22.0324382301, 13.9421613021, 14.7495111418, 8.7980891153, 3.2526357046, 1.7465785336, 5.3392319027, 5.0284630546, 3.0892972818, 1.6112907491, 2.8065256168, 2.6567734286, 2.0849776693, 3.822772916, 3.9904594255, 3.1510627545, 2.8631936127, 2.2952607435, 0.73321183427, 1.9695346878, 3.5090760123, 2.6283895939, 2.3190289687, 3.9143590977, 4.4423876942, 4.6631218298, 1.8857989393, 2.5491873724, 4.2791183483, 2.7443857985, 2.8571279024, 3.3805469279, 4.4685812744, 2.5507880287, 4.092293851, 1.9679102119, 2.3528631781, 1.0817793361, 4.7455599888, 2.57782119, 2.5149355049],
      [6.4308483614, 9.9141667009, 9.5312576944, 8.5425555223, 6.3596129911, 5.9918203015, 10.4333131802, 5.3470768777, 7.5448963853, 5.2872625868, 4.7041331665, 10.0178512395, 2.1622545519, 1.3138206443, 0.63449069553, 2.4361937181, 2.2096684046, 1.2918140215, 1.2036953233, 2.1493651549, 1.6663175423, 1.0114564333, 1.7025445202, 1.66207214, 1.6964692682, 1.2889327865, 1.4353568962, 0.33192452293, 1.4253593463, 0.8395736413, 1.8374310046, 1.0258218855, 0.98983096583, 2.518632223, 1.5604113044, 1.0628030896, 0.87519387675, 2.2173646195, 1.0365928213, 1.7763182048, 1.6903866158, 4.2534926865, 0.67468676132, 1.0419961959, 0.68576016278, 1.9731279016, 0.88794113998, 1.8267710853, 1.1431336704, 1.6247973064]
    ],
    [
      [3.051145617, 1.606816184, 3.5941609846, 2.4168585425, 2.0466687858, 4.0968360742, 2.6752242318, 4.8265737048, 2.4551220006, 3.0469706722, 5.5934295913, 2.9545826307, 13.1529380257, 15.2200170729, 13.7458280379, 12.0087470848, 17.7889526496, 15.2147500099, 14.2636179952, 15.8377994796, 13.9497551037, 11.644710934, 14.3786382985, 14.9651374883, 16.4980141906, 3.0384636184, 1.9666636572, 2.9139467306, 1.8020100544, 3.125766397, 2.6635695461, 2.25023291, 3.8248761108, 2.54378891, 2.0005184985, 2.9023951345, 3.6766217699, 5.5377200003, 3.6223035821, 3.0232092824, 1.393170054, 1.4577629041, 4.5658078495, 2.1140380824, 5.3549019984, 2.1436766308, 2.6580354497, 2.412975996, 2.3022301672, 4.472017714],
      [0.36047127647, 0.45485029235, 0.36675247164, 0.51876933396, 0.91109180703, 0.69729223612, 0.75326578454, 1.7648342978, 0.37339749704, 0.62264546511, 2.5401035683, 0.2936886039, 2.5057732034, 1.7104608959, 5.342802358, 3.9822926086, 4.0789521051, 3.9871458197, 3.9589652666, 3.234416438, 1.8266846434, 3.4285003719, 2.4392709553, 6.8145158883, 3.3413467942, 0.78748008919, 2.106590254, 0.20584335621, 0.56959462572, 0.90786573862, 0.60209338785, 1.0467516679, 0.62218844311, 0.36602254733, 0.34220015769, 0.37017802207, 0.40634730385, 0.513828432, 0.70539829817, 0.65987537976, 0.22991733162, 0.13684162589, 0.83255766965, 0.66222117029, 0.35803927531, 1.0876138956, 1.222337389, 1.0573112309, 0.83166095332, 0.5090294],
      [3.8344491968, 2.2806485936, 2.8835687692, 2.363039964, 2.9228072144, 5.0537276954, 5.5326734047, 4.4244460211, 4.1358690569, 3.8145395017, 3.3540317915, 4.6841589756, 17.2305860232, 19.2404318441, 19.1766535715, 12.5341417306, 15.8491637418, 15.0101305973, 17.1910717056, 16.273791768, 20.6330560377, 20.0563706273, 16.3478209628, 13.9717497879, 18.5409768487, 3.6799207256, 2.9153956762, 5.2023657983, 2.7265781976, 4.8750625626, 2.9743988566, 2.3735696689, 2.0663666893, 3.1232661547, 3.1095171012, 3.3928724318, 4.192618601, 4.4906042573, 3.6938729904, 2.7176175178, 2.0503645387, 1.5750135215, 4.7264276281, 4.7126044343, 5.5830933824, 2.294465737, 3.595896286, 2.5518750135, 4.849435501, 4.6981249806],
      [1.165624693, 0.90003094416, 1.2091884996, 1.0705871128, 1.0375517348, 1.3996718305, 1.518456646, 1.0115303737, 0.98703374912, 1.5381607552, 1.1026943196, 1.4836107461, 5.5236584397, 8.5406788806, 5.9666797409, 5.4477034264, 5.7759650941, 4.5149081964, 4.3883774742, 4.0923465325, 4.188671173, 6.9209079065, 5.476977059, 5.1144790979, 5.8982638187, 1.5063716854, 0.94264286517, 1.0757621981, 0.78332877023, 1.9334863084, 0.79870894931, 0.74027620631, 1.0246932769, 1.1319293305, 1.2930578626, 1.0903589383, 1.3084999971, 1.5187934972, 0.910358241, 0.81108656241, 0.70706542028, 0.62758044334, 1.6689782372, 2.2689600565, 2.1164617783, 0.61209171916, 0.63564021474, 0.76733609768, 1.9009517787, 1.2466890634],
      [3.5883092168, 3.7576539859, 4.9463292749, 3.6307450467, 3.081880458, 3.7524721638, 7.520379933, 3.9726156027, 4.0485776963, 2.9776836058, 3.4097407292, 7.5839590436, 10.587044308, 26.2884113065, 15.7680362918, 18.0271151496, 19.5069664094, 12.2730653766, 27.1979675584, 23.5616457819, 19.4018330423, 25.9495101603, 18.3572927245, 16.1341177375, 23.7213983477, 4.9877638814, 5.0687075475, 3.6020819168, 4.1184883521, 3.1578189935, 3.9612292602, 2.589169547, 1.4618754798, 4.8349930575, 3.25470638, 4.2441954733, 3.4159123281, 5.9390538132, 2.0680668883, 3.7882112576, 2.6194826554, 5.2028015052, 3.2062286155, 3.2421762566, 4.5875035655, 3.8621520174, 3.8880906605, 2.2105016619, 4.1157215997, 6.0741388421]
    ],
    [
      [4.0209147255, 3.6538401916, 3.487853303, 5.1346373631, 3.1615099901, 2.3293124943, 1.6836734161, 4.8577986077, 3.6240759818, 3.5616207581, 3.8614035699, 2.1311447416, 2.753504458, 2.5689542565, 4.8746021964, 3.1511328383, 3.1394693015, 5.1394928399, 3.7970721857, 4.6699922253, 3.5144493306, 2.3993953706, 3.7080447986, 4.6507152063, 2.1187459179, 16.4496859064, 16.5841983431, 20.1844429791, 16.230742885, 14.3000033098, 23.7920869002, 22.7034684147, 24.5026635932, 16.6594808171, 14.1596752547, 21.3065957829, 20.1743725777, 13.1256323608, 3.7566950227, 6.7713350674, 4.3285751217, 2.7119399777, 4.7740584351, 2.4286671472, 4.3896421723, 5.8602062966, 4.8138675564, 2.355261481, 2.2411296235, 4.5993095694],
      [0.064690723924, 0.13775898268, 0.041895996886, 0.14249618411, 0.1775901508, 0.053311029286, 0.064435394062, 0.23443909657, 0.068388150768, 0.094443619545, 0.27153777465, 0.027920952394, 0.074162727459, 0.039424670779, 0.25644780138, 0.1369607766, 0.094252961492, 0.1832205787, 0.1424651876, 0.12277306603, 0.064927663823, 0.094562579453, 0.083928755695, 0.28019565643, 0.05992407068, 0.546571727, 2.0672160368, 0.19678415108, 0.64752657307, 0.49299647458, 0.70349488781, 1.2823210619, 0.4783229678, 0.32574159133, 0.3077919312, 0.35814881695, 0.31609275422, 0.1706926006, 0.093764034281, 0.18079848609, 0.095521668818, 0.021935503312, 0.11392177473, 0.0662035938, 0.043082581923, 0.37054126601, 0.28089616105, 0.13853129541, 0.09699755969, 0.069665782012],
      [2.0132042635, 2.0608276584, 1.0824920165, 1.9756789493, 1.7289795301, 1.145553061, 1.3672648401, 1.816235931, 2.4178576265, 1.761580429, 1.0615064966, 1.3893239206, 1.4187307872, 1.3707005554, 2.8690734137, 1.2806306682, 1.0990633793, 2.0708665945, 1.8414679163, 1.9359428357, 2.1987556672, 1.733864959, 1.6789329087, 1.7629692685, 0.99857068249, 7.9364912499, 9.6400856268, 15.1158501766, 9.3614699122, 9.2928372944, 10.3247229724, 9.17862133, 6.0925736157, 8.1441660998, 7.8199157137, 9.9165014966, 9.7036723242, 4.3492193227, 1.1982134238, 2.2749100141, 2.5005763638, 1.1555651727, 1.8543681045, 1.5406690713, 1.900371349, 2.3447913154, 2.4662563724, 1.0423586958, 2.0022110799, 1.8960296581],
      [5.5664820562, 6.7457405663, 4.0447353945, 7.5676049415, 5.6260209623, 2.8739373417, 3.6015634407, 3.9036003744, 5.2553762068, 6.6167143689, 3.0725621707, 3.9309130538, 5.0364490317, 5.6858401512, 7.3179035385, 5.0917751578, 3.7164629807, 5.4960644835, 4.3719375591, 4.3403990855, 3.868977505, 5.2650273175, 5.1908638766, 5.9186170712, 2.9324482776, 29.4169438771, 24.9056435926, 28.6002350441, 24.5007222624, 31.3716420573, 25.4299119564, 26.0371571467, 25.3681098026, 26.999831939, 31.4614550409, 27.6490934326, 28.2043861844, 13.3281967086, 3.2758408305, 6.5523758532, 7.8266570796, 4.005051145, 6.2659891799, 6.0788953819, 6.6316795773, 5.6076571528, 4.5259002069, 2.8306109414, 6.5797980371, 4.6777411146],
      [1.334708231, 2.401832601, 1.3430232891, 2.1795825619, 1.3058993668, 0.59788607375, 1.283062909, 1.1879259903, 1.6343020341, 0.96564082446, 0.73298998821, 1.5206973316, 0.71715299562, 1.3350803661, 1.6819730499, 1.339500559, 0.95075137701, 1.1103555034, 1.8470571514, 1.9308927874, 1.3528898334, 1.5071497734, 1.3382296604, 1.3875027976, 0.8903110514, 7.6503072395, 11.8028564006, 7.9026876491, 10.2595383673, 4.5425208638, 9.7497832833, 6.7984320467, 4.5583300207, 8.8707795527, 6.2511620594, 8.769660471, 4.6014761594, 4.0262590073, 0.67548668865, 2.2205805792, 2.248669766, 2.1055082012, 0.99166250574, 0.88556480587, 1.0352243195, 2.8168039692, 1.9130797033, 0.63323758645, 1.0798636998, 1.757253876]
    ],
    [
      [7.5241984633, 7.2128505555, 9.7749637931, 8.1787457948, 10.2825233233, 4.5022936631, 2.8861781356, 6.9517199836, 5.1577424859, 4.8280517617, 12.6531453779, 6.124781599, 6.0115107434, 4.6558812153, 9.4417311273, 11.894704918, 6.0715857425, 14.1257782144, 8.0953762199, 6.625146161, 8.5022519739, 6.6909633656, 10.1096149306, 9.265124943, 7.4205780317, 8.2993921802, 6.8422414138, 6.31056734, 11.4957864149, 7.8089056156, 3.9073577312, 9.807376757, 10.7927190428, 5.9547922179, 8.2657307686, 7.5965310487, 9.0570739748, 20.8136654902, 47.1916469991, 40.9238457488, 35.285068197, 25.9468478084, 41.1560438174, 28.9530762048, 38.9365776883, 39.6054297688, 42.4175228805, 41.3637692048, 29.8334856241, 38.4803459351],
      [0.050149997237, 0.11660354174, 0.053607040227, 0.098858488434, 0.25703933488, 0.044542559814, 0.051251930949, 0.14464645064, 0.043778297815, 0.052055199656, 0.33582552304, 0.029328425955, 0.082159771289, 0.028536114942, 0.21864970642, 0.22123468524, 0.080900059754, 0.22725247316, 0.13561816188, 0.078277985583, 0.066553340029, 0.1135867637, 0.09971623033, 0.23046002781, 0.091757017243, 0.11822003476, 0.3500515236, 0.028089797213, 0.19983177467, 0.11837699419, 0.049509358341, 0.24333121358, 0.14129993562, 0.049230005968, 0.078659082118, 0.055887477883, 0.059323795956, 0.12006970818, 0.53811382363, 0.47912060658, 0.34022759547, 0.191462491, 0.43355802534, 0.49968587108, 0.12107294353, 1.0765403999, 1.0762189294, 1.0259365151, 0.52720925181, 0.25270299677],
      [2.1517286492, 2.3761000761, 1.4460538364, 1.7998320781, 3.3200964594, 1.2613260825, 1.4612200439, 1.5634135985, 1.9889497951, 1.3481597897, 1.8518007034, 2.149521279, 1.7388714072, 1.2289759762, 3.0807565111, 2.6649907349, 1.239367975, 3.4891240009, 2.2991833137, 1.5960632142, 3.0540108426, 2.7685751768, 2.6331281073, 1.9734503559, 2.0662865867, 2.2624887386, 2.2619383786, 2.6866997841, 3.7845346448, 2.7865931695, 0.98072519788, 2.3730375936, 1.8006818578, 1.66313923, 2.7893019599, 2.0113893301, 2.3652007921, 4.0329000938, 10.2300683745, 8.1486576649, 12.0874747201, 16.796608671, 9.3570547965, 12.059693177, 9.2974174063, 9.179148992, 13.3567550693, 10.9413667705, 16.2559016738, 9.2921952276],
      [1.7213617791, 2.2427155033, 1.8902744937, 2.1683865316, 3.1636246512, 0.93290378848, 1.0735370332, 0.97063704537, 1.2716287099, 1.503449661, 1.6563310588, 1.777123024, 1.8101234515, 1.5868573242, 2.5298992468, 3.1105737051, 1.183089153, 2.5839706062, 1.5784992416, 1.0673001209, 1.6159828584, 2.481149781, 2.3481337962, 1.8891987733, 1.7127691818, 2.4760237061, 1.6180376768, 1.4797352451, 2.9075838321, 2.8158056305, 0.70269028401, 1.9197738697, 1.9139148197, 1.6265474327, 3.037894457, 1.63781966, 1.9918598316, 3.6127033704, 6.8998944222, 5.3223776942, 11.0778459084, 11.0842851955, 9.1300734462, 17.9772243268, 9.5627527629, 6.5995185904, 6.2543995956, 8.2371943169, 13.7451527765, 6.7137183251],
      [0.55256111115, 1.0517303234, 0.83510083656, 0.75417710704, 0.97671623118, 0.25893390615, 0.52781285634, 0.36958292188, 0.53790071127, 0.26828358793, 0.50289733678, 0.91924567208, 0.35733462666, 0.49974936934, 0.72896340833, 1.1084959568, 0.42505706971, 0.57387470543, 0.89132306286, 0.63321251835, 0.76120098506, 0.94572491293, 0.80940693564, 0.64176589994, 0.70860918259, 0.84387534036, 0.92773100726, 0.49490783356, 1.6122633335, 0.47031859015, 0.35971742855, 0.65648056613, 0.35138434411, 0.70629111349, 0.82841373227, 0.69837248323, 0.5265416055, 1.4206613374, 2.1402763806, 3.1259982856, 4.2093835791, 8.9807958341, 1.9232699146, 2.5103204204, 2.0821791989, 4.539362249, 3.8951035252, 2.4317331927, 3.6382506738, 3.2610375155]
    ]
  ],
  "prob": [
    [0.053360208709, 0.01535532319, 0.56421652946, 0.24858517854, 0.1184827601],
    [0.23870006354, 0.058421808792, 0.2869947744, 0.092999367112, 0.32288398616],
    [0.3032742027, 0.010046771136, 0.14607183986, 0.42273028533, 0.11787690097],
    [0.61452443034, 0.0090065479049, 0.17371421304, 0.14832676131, 0.054428047403]
  ],
  "iterations": 999,
  "time": 24.436606,
  "message": "Maximum iterations reached",
  "status": 2,
  "miniter": 0,
  "maxiter": 1000,
  "maxtime": 3600,
  "param_threshold": 0.001,
  "ll_threshold": "-Inf",
  "initial_prob": "group_proportional",
  "ballotbox_id": ["1", "2", "3", "4", "5", "6", "7", "8", "9", "10", "11", "12", "13", "14", "15", "16", "17", "18", "19", "20", "21", "22", "23", "24", "25", "26", "27", "28", "29", "30", "31", "32", "33", "34", "35", "36", "37", "38", "39", "40", "41", "42", "43", "44", "45", "46", "47", "48", "49", "50"],
  "candidates_id": ["1", "2", "3", "4", "5"],
  "group_id": ["1", "2", "3", "4"]
}
