{
  "X": [
    [17, 6, 24, 23, 30],
    [23, 2, 24, 22, 29],
    [18, 4, 24, 14, 40],
    [11, 6, 33, 21, 29],
    [16, 2, 35, 14, 33],
    [14, 5, 28, 29, 24],
    [13, 10, 27, 16, 34],
    [10, 11, 24, 20, 35],
    [8, 6, 26, 26, 34],
    [15, 8, 27, 25, 25],
    [11, 6, 24, 18, 41],
    [13, 5, 22, 19, 41],
    [22, 10, 13, 23, 32],
    [15, 16, 3, 30, 36],
    [30, 19, 11, 21, 19],
    [25, 15, 8, 22, 30],
    [19, 19, 8, 26, 28],
    [28, 18, 7, 22, 25],
    [31, 15, 8, 22, 24],
    [28, 11, 11, 18, 32],
    [22, 16, 8, 18, 36],
    [33, 18, 4, 26, 19],
    [26, 14, 11, 19, 30],
    [26, 17, 11, 27, 19],
    [20, 18, 6, 25, 31],
    [24, 11, 11, 27, 27],
    [13, 15, 11, 39, 22],
    [20, 10, 9, 28, 33],
    [15, 15, 12, 31, 27],
    [20, 12, 13, 33, 22],
    [16, 9, 16, 33, 26],
    [19, 13, 9, 29, 30],
    [21, 9, 9, 38, 23],
    [16, 17, 6, 33, 28],
    [25, 7, 14, 33, 21],
    [16, 10, 16, 36, 22],
    [12, 11, 5, 33, 39],
    [10, 8, 18, 29, 35],
    [7, 10, 23, 33, 27],
    [7, 6, 20, 30, 37],
    [7, 11, 20, 27, 35],
    [10, 10, 15, 35, 30],
    [11, 8, 19, 38, 24],
    [12, 10, 19, 28, 31],
    [7, 9, 25, 29, 30],
    [10, 7, 18, 30, 35],
    [8, 9, 18, 28, 37],
    [8, 5, 18, 36, 33],
    [10, 6, 9, 40, 35],
    [6, 7, 14, 29, 44]
  ],
  "W": [
    [60, 11, 15, 14],
    [68, 9, 13, 10],
    [55, 13, 13, 19],
    [62, 12, 15, 11],
    [64, 9, 16, 11],
    [61, 15, 13, 11],
    [64, 13, 11, 12],
    [57, 16, 14, 13],
    [56, 6, 24, 14],
    [64, 10, 7, 19],
    [64, 10, 15, 11],
    [68, 11, 10, 11],
    [36, 32, 16, 16],
    [11, 60, 14, 15],
    [17, 65, 7, 11],
    [11, 68, 12, 9],
    [18, 59, 16, 7],
    [11, 69, 4, 16],
    [14, 63, 13, 10],
    [12, 63, 11, 14],
    [15, 65, 13, 7],
    [6, 67, 19, 8],
    [15, 61, 8, 16],
    [12, 62, 14, 12],
    [11, 58, 10, 21],
    [11, 15, 61, 13],
    [14, 10, 59, 17],
    [12, 13, 59, 16],
    [9, 10, 56, 25],
    [12, 12, 60, 16],
    [19, 8, 65, 8],
    [13, 14, 62, 11],
    [9, 12, 67, 12],
    [9, 8, 68, 15],
    [13, 13, 65, 9],
    [12, 11, 65, 12],
    [9, 18, 63, 10],
    [17, 12, 30, 41],
    [13, 13, 10, 64],
    [15, 13, 7, 65],
    [10, 11, 11, 68],
    [8, 20, 12, 60],
    [11, 15, 13, 61],
    [12, 17, 18, 53],
    [10, 13, 14, 63],
    [15, 12, 15, 58],
    [14, 12, 18, 56],
    [16, 16, 13, 55],
    [14, 12, 6, 68],
    [21, 13, 10, 56]
  ],
  "method": "mvn_cdf",
  "mvncdf_method": "genz",
  "mvncdf_samples": 5000,
  "mvncdf_error": 1e-06,
  "cond_prob": [
    [
      [0.15429899734, 0.015558988327, 0.3434547102, 0.15553743469, 0.33114986945],
      [0.39682211414, 0.20072338058, 8.0578812937e-09, 0.1862671629, 0.21618733432],
      [0.22723318895, 0.12098654681, 0.052174829944, 0.38451276542, 0.21509266888],
      [1.5555199917e-17, 0.0505477502, 0.1910734738, 0.42145262724, 0.33692614876]
    ],
    [
      [0.22016448445, 0.0079671315041, 0.31821099358, 0.15415293717, 0.29950445329],
      [0.55048270112, 0.10009662564, 7.1169759388e-09, 0.17704747038, 0.17237319575],
      [0.33501774836, 0.059848163416, 0.045615493357, 0.3625166918, 0.19700190306],
      [2.5411847555e-17, 0.02919352291, 0.17606584867, 0.45159062136, 0.34315000706]
    ],
    [
      [0.13972547396, 0.0085380819418, 0.35011459421, 0.087107017145, 0.41451483274],
      [0.43621525902, 0.12316993735, 1.1268689571e-08, 0.11364736665, 0.32696742571],
      [0.29263010775, 0.085338246597, 0.06151750453, 0.28878427835, 0.27172986278],
      [1.7174112839e-17, 0.035988786925, 0.20992232634, 0.26771488527, 0.48637400147]
    ],
    [
      [0.083194464487, 0.011954266357, 0.4607938206, 0.13302906151, 0.31102838705],
      [0.30783239209, 0.22280960386, 1.5069533021e-08, 0.21569632727, 0.25366166171],
      [0.1529334783, 0.11864684366, 0.087318163074, 0.41261975155, 0.22848176341],
      [9.3651717933e-18, 0.044437104493, 0.2639186862, 0.3728772793, 0.31876693001]
    ],
    [
      [0.11644451408, 0.0058352843165, 0.46103381296, 0.082706229448, 0.3339801592],
      [0.44720803007, 0.10909121491, 1.6453350331e-08, 0.15661528283, 0.28708545574],
      [0.24197522704, 0.064857971121, 0.098457178037, 0.30078190238, 0.29392772142],
      [1.4377822958e-17, 0.026468593495, 0.31542176011, 0.27108574966, 0.38702389674]
    ],
    [
      [0.11214099414, 0.0090268540362, 0.35669862136, 0.2225714198, 0.29956211066],
      [0.30583650926, 0.17532397355, 9.7807774231e-09, 0.33624956038, 0.18258994703],
      [0.16692061002, 0.0826147033, 0.057089647569, 0.49752693142, 0.1958481077],
      [9.6095044177e-18, 0.036750281969, 0.18048215632, 0.52532567377, 0.25744188794]
    ],
    [
      [0.11473535894, 0.031556348086, 0.36928957415, 0.11555057262, 0.36886814621],
      [0.26548372558, 0.38317958002, 7.8247209021e-09, 0.12904410499, 0.2222925816],
      [0.16514418699, 0.24611648889, 0.05613830216, 0.29120991295, 0.241391109],
      [1.1058958674e-17, 0.10144512538, 0.20298030506, 0.31589219041, 0.37968237916]
    ],
    [
      [0.089848900559, 0.026586353366, 0.35553735148, 0.12937920788, 0.39864818672],
      [0.21969960617, 0.35930866738, 8.7755928716e-09, 0.1658023647, 0.25518935298],
      [0.13369166713, 0.21765721644, 0.057214863872, 0.33767572725, 0.25376052531],
      [8.4533645119e-18, 0.087620918344, 0.18929391858, 0.3556244253, 0.36746073778]
    ],
    [
      [0.076955340633, 0.013912989003, 0.38769688609, 0.15504837223, 0.36638641204],
      [0.24458438243, 0.22621329932, 1.1349216121e-08, 0.23053327776, 0.29866902915],
      [0.12419887791, 0.1203640622, 0.063435483628, 0.43300132887, 0.25900024738],
      [7.2951071487e-18, 0.043822009677, 0.20030490552, 0.39543714883, 0.36043593598]
    ],
    [
      [0.15682703772, 0.027994574698, 0.37589196886, 0.1825373867, 0.25674903203],
      [0.34951479776, 0.33043242693, 7.6456359981e-09, 0.17984976113, 0.14020300653],
      [0.17506653331, 0.20042831345, 0.047320484821, 0.41426428655, 0.16292038187],
      [1.4917761946e-17, 0.092137070271, 0.20157681687, 0.44690706821, 0.25937904465]
    ],
    [
      [0.091988673639, 0.013485623134, 0.33239443085, 0.11667271461, 0.44545855776],
      [0.25157427552, 0.23826245804, 8.9154711527e-09, 0.17006472151, 0.34009853602],
      [0.16209133247, 0.13222531737, 0.054312228125, 0.31499468873, 0.3363764333],
      [9.2081058855e-18, 0.047562742639, 0.16251129163, 0.3240874468, 0.46583851893]
    ],
    [
      [0.11979411186, 0.014043303983, 0.30908128121, 0.14306890468, 0.41401239828],
      [0.3262115517, 0.19653511648, 8.1039782108e-09, 0.17598668924, 0.30126663448],
      [0.19358411329, 0.10870760306, 0.039797077663, 0.35944211365, 0.29846909233],
      [1.1327745319e-17, 0.046209987364, 0.15261990121, 0.3495688429, 0.45160126853]
    ],
    [
      [0.16476672141, 0.016067913811, 0.2811283494, 0.14921002617, 0.38882698921],
      [0.39873049961, 0.19377488388, 6.6427692126e-09, 0.16713157842, 0.24036303145],
      [0.24069685964, 0.12015431578, 0.039998465081, 0.35565126309, 0.24349909641],
      [1.6349072097e-17, 0.054885977038, 0.15602829073, 0.38302745797, 0.40605827427]
    ],
    [
      [0.087829939489, 0.016403414669, 0.19901325488, 0.19447979895, 0.50227359201],
      [0.22533887954, 0.21463372178, 4.5993152032e-09, 0.24250235102, 0.31752504306],
      [0.1162452633, 0.1084459654, 0.024650298668, 0.45993163462, 0.29072683801],
      [7.2062610912e-18, 0.04619163353, 0.084212832736, 0.44495279651, 0.42464273723]
    ],
    [
      [0.14078015263, 0.01886954515, 0.47272588087, 0.14082145783, 0.22680296352],
      [0.38633116944, 0.23805957473, 9.8036237307e-09, 0.17653248805, 0.19907675798],
      [0.22255812815, 0.15739292272, 0.069936174069, 0.36679633557, 0.18331643949],
      [1.7195232462e-17, 0.071589448744, 0.27507168332, 0.3655347297, 0.28780413824]
    ],
    [
      [0.093423130414, 0.010794759132, 0.43130649661, 0.11749201789, 0.34698359595],
      [0.32853570972, 0.18957924167, 1.2957123279e-08, 0.18829293934, 0.29359209631],
      [0.17029708577, 0.10445078795, 0.07724748461, 0.37846741331, 0.26953722836],
      [1.0205855818e-17, 0.040724922864, 0.2453711594, 0.33977989102, 0.37412402671]
    ],
    [
      [0.098872610099, 0.020042747374, 0.33758213142, 0.17673834066, 0.36676417044],
      [0.25725713995, 0.25680606984, 7.9455046074e-09, 0.23238299983, 0.25355378243],
      [0.13913442197, 0.1485388364, 0.047577765296, 0.42135195589, 0.24339702045],
      [9.4636678787e-18, 0.0623735954, 0.16637884397, 0.42084363453, 0.3504039261]
    ],
    [
      [0.14684874646, 0.018658175926, 0.33573273046, 0.14857032221, 0.35019002495],
      [0.36753987664, 0.23437867212, 7.415963608e-09, 0.18022350202, 0.21785794181],
      [0.22074567661, 0.1405852222, 0.047909518533, 0.37038387342, 0.22037570924],
      [1.4869164362e-17, 0.060907325938, 0.18114297136, 0.40066279773, 0.35728690498]
    ],
    [
      [0.15914928039, 0.015103547431, 0.36245987093, 0.14352626017, 0.31976104107],
      [0.41781789566, 0.20012332479, 8.3117315024e-09, 0.17705179533, 0.20500697591],
      [0.24239140622, 0.11780661947, 0.055287447066, 0.37122788964, 0.2132866376],
      [1.6685181867e-17, 0.053279667645, 0.20694148509, 0.3989700899, 0.34080875736]
    ],
    [
      [0.098371410048, 0.0089190736023, 0.46742697475, 0.087211195453, 0.33807134615],
      [0.37407728602, 0.16066255747, 1.6248116774e-08, 0.16307984601, 0.30218029425],
      [0.23150246111, 0.082058399292, 0.10085963804, 0.28780133853, 0.29777816303],
      [1.0883445559e-17, 0.034978834285, 0.26272406242, 0.30369617444, 0.39860092885]
    ],
    [
      [0.088256722946, 0.0132725609, 0.37290705881, 0.086958015817, 0.43860564153],
      [0.26019702827, 0.21566215655, 1.022007632e-08, 0.15614963057, 0.36799117439],
      [0.15477528622, 0.1317664432, 0.067727274662, 0.30533545214, 0.34039554378],
      [8.6948884601e-18, 0.037540444266, 0.21231072201, 0.2782154728, 0.47193336092]
    ],
    [
      [0.18032801963, 0.018908719924, 0.31052890666, 0.18851563863, 0.30171871515],
      [0.43081515807, 0.20709398632, 6.3079746968e-09, 0.18116193804, 0.18092891126],
      [0.23380787441, 0.12818897302, 0.035477328379, 0.42780499261, 0.17472083158],
      [1.8525846284e-17, 0.064356189884, 0.15226978781, 0.47700711152, 0.30636691078]
    ],
    [
      [0.11645893186, 0.012285291945, 0.41744707826, 0.10838217247, 0.34542652546],
      [0.37384745433, 0.20011597906, 1.231396682e-08, 0.15271031609, 0.27332623821],
      [0.21917835197, 0.1095801992, 0.075749865756, 0.32384197752, 0.27164960556],
      [1.292849826e-17, 0.043812751096, 0.25358349338, 0.3236540126, 0.37894974292]
    ],
    [
      [0.12240280627, 0.014774538733, 0.48753363625, 0.16091233529, 0.21437668345],
      [0.34548607607, 0.23266744133, 1.5212784336e-08, 0.20219989401, 0.21964657337],
      [0.1825998258, 0.12163054322, 0.094080756318, 0.44573935698, 0.15594951769],
      [1.2244001823e-17, 0.047321917967, 0.29407414694, 0.40833773246, 0.25026620263]
    ],
    [
      [0.12114017877, 0.020809090284, 0.26833637584, 0.16107282238, 0.42864153272],
      [0.29342225866, 0.25775547492, 5.9386662791e-09, 0.18730712356, 0.26151513692],
      [0.1701783788, 0.15113906342, 0.037145215673, 0.38434378972, 0.25719355239],
      [1.1187688234e-17, 0.063629751948, 0.13565642109, 0.40275909461, 0.39795473236]
    ],
    [
      [0.15743956877, 0.013041787556, 0.37815387111, 0.1098303648, 0.34153440777],
      [0.44704624959, 0.18628076455, 9.0579101041e-09, 0.14238088015, 0.22429209666],
      [0.26995152754, 0.11181339735, 0.059657895099, 0.31425413288, 0.24432304714],
      [1.8279734106e-17, 0.050403723935, 0.22787701066, 0.33649752534, 0.38522174006]
    ],
    [
      [0.10369234565, 0.025933188571, 0.34668216505, 0.20768768982, 0.3160046109],
      [0.26971662889, 0.32027394182, 7.7423998146e-09, 0.20748051073, 0.20252891082],
      [0.13728613082, 0.17487092544, 0.045894099308, 0.4340589059, 0.20788993852],
      [9.8089063427e-18, 0.078183866525, 0.18108350124, 0.46261849158, 0.27811414066]
    ],
    [
      [0.14359653549, 0.013721745646, 0.30086519868, 0.10653617882, 0.43528034137],
      [0.37029166559, 0.17959549364, 6.9035833757e-09, 0.16597150023, 0.28414133364],
      [0.23689741528, 0.10364457922, 0.047804178742, 0.30926802782, 0.30238579894],
      [1.4446806783e-17, 0.046739297235, 0.17133710483, 0.32691598886, 0.45500760907]
    ],
    [
      [0.11950540089, 0.022530154231, 0.37963719381, 0.12897108888, 0.34935616219],
      [0.31733313524, 0.3004768809, 8.7429850909e-09, 0.16091254303, 0.22127743208],
      [0.18545366718, 0.18482575872, 0.058286097139, 0.34042505183, 0.23100942513],
      [1.2305787795e-17, 0.077034727274, 0.20620002228, 0.35131469617, 0.36545055428]
    ],
    [
      [0.14951154216, 0.015911363747, 0.40891287822, 0.1376131905, 0.28805102537],
      [0.3905876041, 0.22053151671, 1.0289370482e-08, 0.1871078889, 0.20177298],
      [0.2143709565, 0.1361458938, 0.067698550846, 0.39480787212, 0.18697672674],
      [1.5367551056e-17, 0.060193272782, 0.22836239384, 0.3908885704, 0.32055576297]
    ],
    [
      [0.09497655429, 0.011126414471, 0.46169107344, 0.12967038252, 0.30253557528],
      [0.33132775676, 0.19182926279, 1.4046286348e-08, 0.21419527904, 0.26264768736],
      [0.17925675999, 0.10762050064, 0.082579108176, 0.39336305955, 0.23718057165],
      [1.0613223588e-17, 0.040994929987, 0.2618728994, 0.36568892175, 0.33144324886]
    ],
    [
      [0.12935229945, 0.01706895778, 0.32254627705, 0.12571061322, 0.4053218525],
      [0.34297587407, 0.22002586132, 7.7780278199e-09, 0.16110770172, 0.27589055511],
      [0.20014016115, 0.14048394889, 0.048165886367, 0.34222503316, 0.26898497043],
      [1.3151738476e-17, 0.059004977345, 0.16342597194, 0.35723957611, 0.4203294746]
    ],
    [
      [0.14244925357, 0.012059808018, 0.34125354097, 0.18011527701, 0.32412212043],
      [0.40100434867, 0.17474181759, 8.755467938e-09, 0.21984049329, 0.20441333169],
      [0.22692594917, 0.095396815708, 0.052107473658, 0.42782744027, 0.19774232119],
      [1.2786078197e-17, 0.044361332785, 0.18395898857, 0.44965196664, 0.32202771201]
    ],
    [
      [0.13727400084, 0.028379652703, 0.25306502629, 0.16191567034, 0.41936564982],
      [0.29949044701, 0.31442328908, 5.1385146198e-09, 0.16046153325, 0.22562472551],
      [0.17963199469, 0.19735645679, 0.03309239362, 0.35495365285, 0.23496550205],
      [1.2303019411e-17, 0.09021257929, 0.12382862963, 0.40072774635, 0.38523104473]
    ],
    [
      [0.13855849428, 0.0084933047446, 0.48482151008, 0.11822130284, 0.24990538805],
      [0.46651086356, 0.15191897072, 1.2879341083e-08, 0.18456153302, 0.19700861981],
      [0.26813856147, 0.082386214903, 0.086329287529, 0.35812128709, 0.205024649],
      [1.6143223803e-17, 0.031741286721, 0.27045577973, 0.3880977289, 0.30970520465]
    ],
    [
      [0.081713128853, 0.010901306127, 0.52311820748, 0.11912672666, 0.26514063088],
      [0.34907647099, 0.19724157817, 1.6742315154e-08, 0.22033021155, 0.23335172255],
      [0.15841068926, 0.089608449946, 0.089115734232, 0.44665388929, 0.21621123727],
      [9.2248968835e-18, 0.041773252999, 0.30691502846, 0.38345576084, 0.2678559577]
    ],
    [
      [0.06563233483, 0.011652285981, 0.25730057432, 0.12540312926, 0.54001167561],
      [0.19705979358, 0.18069513149, 6.259793302e-09, 0.1996692573, 0.42257581137],
      [0.12754177231, 0.1184459218, 0.041436246673, 0.29102777775, 0.42154828146],
      [8.7936242913e-18, 0.032808104373, 0.12641122147, 0.33550692758, 0.50527374658]
    ],
    [
      [0.082151093397, 0.012122316012, 0.40459604312, 0.12202866374, 0.37910188373],
      [0.29847385301, 0.20528375109, 1.2370990546e-08, 0.18771402224, 0.30852836129],
      [0.17130589946, 0.11111957594, 0.069169953646, 0.35953135279, 0.28887321816],
      [9.8702304048e-18, 0.041658499658, 0.22144006413, 0.33600562143, 0.40089581478]
    ],
    [
      [0.098762180569, 0.018771136911, 0.43896274014, 0.14475830912, 0.29874563326],
      [0.32266818691, 0.27930793773, 1.2536185838e-08, 0.19856449645, 0.19945936637],
      [0.16035756174, 0.16419673535, 0.073356651428, 0.40037927081, 0.20170978067],
      [9.6183072012e-18, 0.066398895173, 0.25341368446, 0.38820786358, 0.29197955679]
    ],
    [
      [0.099913334582, 0.011646098329, 0.3787690174, 0.12736705002, 0.38230449967],
      [0.32355316924, 0.18678159159, 1.088923182e-08, 0.19059657852, 0.29906864976],
      [0.1750819023, 0.10368682167, 0.065764888371, 0.37346846604, 0.28199792162],
      [1.0171741999e-17, 0.041432010048, 0.20958023283, 0.35535476334, 0.39363299378]
    ],
    [
      [0.12074639109, 0.022794734827, 0.39157587153, 0.10848207297, 0.35640092958],
      [0.31610229999, 0.31241293417, 9.2641158186e-09, 0.1434874583, 0.22799729827],
      [0.18850531335, 0.19055885472, 0.062861490868, 0.3139962225, 0.24407811856],
      [1.2545390218e-17, 0.082398641536, 0.22070908379, 0.31664765005, 0.38024462461]
    ],
    [
      [0.1250261214, 0.017290949301, 0.36448704761, 0.16457465144, 0.32862123025],
      [0.33651855504, 0.23612575586, 9.0446756777e-09, 0.20607696014, 0.22127871991],
      [0.18847504911, 0.13571205607, 0.055076217396, 0.3941717791, 0.22656489832],
      [1.1509851577e-17, 0.053455354738, 0.18563974191, 0.43180422602, 0.32910067734]
    ],
    [
      [0.16112933646, 0.012573785378, 0.39611712346, 0.16955010931, 0.2606296454],
      [0.45188703669, 0.16797986929, 8.8542617075e-09, 0.20202838707, 0.1781046981],
      [0.22971792663, 0.10203097174, 0.058604831815, 0.4279153851, 0.18173088471],
      [1.6288143811e-17, 0.051438218639, 0.19777453794, 0.44435540234, 0.30643184108]
    ],
    [
      [0.12907917306, 0.015673417012, 0.4094704564, 0.11870780387, 0.32706914965],
      [0.37467252918, 0.23416246136, 1.0783688325e-08, 0.15867612676, 0.23248887191],
      [0.22136624493, 0.14074899693, 0.069563993268, 0.32915568812, 0.23916507675],
      [1.4103302677e-17, 0.058595607417, 0.24341310482, 0.33754484752, 0.36044644024]
    ],
    [
      [0.079288730701, 0.01355344948, 0.51067607484, 0.10560281558, 0.29087892939],
      [0.29784369059, 0.25541642771, 1.6741040917e-08, 0.18656511892, 0.26017474604],
      [0.16388601, 0.14147018713, 0.10109400436, 0.35968760585, 0.23386219267],
      [8.2886599477e-18, 0.050182728672, 0.30584255257, 0.32221865685, 0.32175606191]
    ],
    [
      [0.13258652694, 0.013106649071, 0.35786929611, 0.12316338728, 0.3732741406],
      [0.3845415186, 0.18985178973, 9.2443107342e-09, 0.16597816911, 0.25962851331],
      [0.2262614946, 0.11193021676, 0.058528157246, 0.34040399981, 0.26287613159],
      [1.3842496752e-17, 0.046683892737, 0.20688813839, 0.35589400934, 0.39053395953]
    ],
    [
      [0.099335052374, 0.015820016965, 0.36773273039, 0.12014341012, 0.39696879015],
      [0.29143757384, 0.25438958204, 9.8898072141e-09, 0.16579147159, 0.28838136264],
      [0.16715961746, 0.14053486822, 0.063547687093, 0.34293996746, 0.28581785977],
      [1.0026402692e-17, 0.055364622692, 0.2128158152, 0.31233315476, 0.41948640736]
    ],
    [
      [0.086214603019, 0.0090711144519, 0.3828783041, 0.16574119638, 0.35609478205],
      [0.28667164874, 0.16107669156, 1.1690050815e-08, 0.25660373474, 0.29564791327],
      [0.14122323359, 0.080045109396, 0.061612717165, 0.46235395582, 0.25476498403],
      [8.2333266513e-18, 0.029203858279, 0.19243693723, 0.44240707834, 0.33595212615]
    ],
    [
      [0.20808605602, 0.013280282822, 0.21238054482, 0.18277478636, 0.38347832997],
      [0.45720474198, 0.15972259974, 4.2625801269e-09, 0.18717458031, 0.1958980737],
      [0.27212346766, 0.09610564346, 0.028080028452, 0.40397992847, 0.19971093196],
      [1.9997485391e-17, 0.0446169336, 0.11005279421, 0.48913479448, 0.35619547771]
    ],
    [
      [0.085611728648, 0.015351940316, 0.2843977656, 0.13552013784, 0.4791184276],
      [0.23281833613, 0.20075774538, 7.8024677914e-09, 0.18878738945, 0.37763652123],
      [0.12655128377, 0.1042630751, 0.047065905886, 0.40231385925, 0.319805876],
      [8.1151304826e-18, 0.04805248829, 0.14427518258, 0.32943148106, 0.47824084806]
    ]
  ],
  "expected_outcome": [
    [
      [9.2579398402, 14.9711849428, 7.6849010677, 5.1580567982, 7.4524489008, 6.8406006427, 7.3430629719, 5.1213873319, 4.3094990755, 10.0369304138, 5.8872751129, 8.1459996062, 5.9316019708, 0.96612933438, 2.3932625947, 1.0276544346, 1.7797069818, 1.6153362111, 2.2280899255, 1.1804569206, 1.3238508442, 1.0819681178, 1.746883978, 1.4688336753, 1.3325419665, 1.7318352564, 1.4516928392, 1.7231584259, 1.075548608, 1.7941385059, 1.8045545315, 1.6815798929, 1.2820432821, 1.2354660075, 1.8012604257, 0.98055754624, 0.59069101347, 1.3965685878, 1.2839083474, 1.4987000187, 1.2074639109, 1.0002089712, 1.7724227011, 1.5489500767, 0.79288730701, 1.9887979041, 1.3906907332, 1.3794336483, 2.9132047843, 1.7978463016],
      [0.93353929963, 0.54176494228, 0.4695945068, 0.74116451413, 0.37345819626, 0.55063809621, 2.0196062775, 1.5154221419, 0.77912738419, 1.7916527807, 0.86307988055, 0.95494467084, 0.57844489721, 0.18043756136, 0.32078226755, 0.11874235046, 0.36076945274, 0.20523993518, 0.21144966404, 0.10702888323, 0.1990884135, 0.11345231954, 0.18427937918, 0.1772944648, 0.22889999312, 0.14345966311, 0.36306464, 0.16466094775, 0.20277138808, 0.19093636497, 0.21140187495, 0.22189645114, 0.10853827216, 0.25541687433, 0.11041296168, 0.13081567352, 0.10487057383, 0.20607937221, 0.24402477985, 0.17469147493, 0.22794734827, 0.13832759441, 0.13831163916, 0.18808100414, 0.1355344948, 0.19659973607, 0.22148023751, 0.14513783123, 0.18592395951, 0.32239074663],
      [20.6072826118, 21.6383475636, 19.2563026818, 28.569216877, 29.5061640297, 21.758615903, 23.6345327456, 20.2656290342, 21.711025621, 24.057086007, 21.2732435747, 21.017527122, 10.1206205784, 2.1891458037, 8.0363399748, 4.7443714627, 6.0764783656, 3.6930600351, 5.074438193, 5.609123697, 5.5936058821, 1.86317344, 6.2617061739, 5.850403635, 2.9517001342, 4.1596925822, 4.8535503108, 3.6103823841, 3.4167347443, 4.9069545386, 8.7721303953, 4.1931016017, 3.0712818687, 2.2775852366, 6.302679631, 6.2774184898, 2.3157051689, 6.878132733, 5.7065156218, 5.681535261, 3.9157587153, 2.9158963809, 4.357288358, 4.9136454768, 5.1067607484, 5.3680394416, 5.1482582255, 6.1260528656, 2.9733276275, 5.9723530777],
      [9.3322460815, 10.4823997279, 4.790885943, 8.2478018138, 5.2931986846, 13.576856608, 7.3952366475, 7.3746148489, 8.6827088451, 11.6823927489, 7.4670537352, 9.7286855181, 5.371560942, 2.1392777885, 2.3939647831, 1.2924121968, 3.1812901319, 1.6342735443, 2.0093676424, 1.0465343454, 1.3043702373, 1.1310938318, 1.625732587, 1.9309480235, 1.7718010462, 1.2081340128, 2.9076276575, 1.2784341459, 1.1607397999, 1.651358286, 2.4637372679, 1.6342379719, 1.6210374931, 1.4572410331, 1.536876937, 1.4295207199, 1.1286281633, 2.0744872836, 1.8818580185, 1.9105057503, 1.0848207297, 1.3165972115, 1.8650512024, 1.4244936465, 1.0560281558, 1.8474508092, 1.6820077417, 2.651859142, 2.5588470091, 2.8459228945],
      [19.8689921669, 20.3663028234, 22.7983158007, 19.2837599968, 21.3747301885, 18.2732887501, 23.6075613575, 22.7229466432, 20.5176390742, 16.4319380496, 28.5093476966, 28.1528430828, 13.9977716115, 5.5250095121, 3.8556503799, 3.8168195554, 6.601755068, 3.8520902744, 4.476654575, 4.0568561538, 6.579084623, 1.8103122909, 5.1813978819, 2.5725202013, 4.7150568599, 3.7568784855, 4.4240645526, 5.2233640964, 3.1442054597, 3.4566123044, 5.7481759303, 5.2691840824, 2.9170990839, 3.7742908484, 3.2487700446, 3.1816875706, 4.8601050805, 6.4447320234, 3.8836932324, 5.734567495, 3.5640092958, 2.628969842, 2.8669260994, 3.9248297958, 2.9087892939, 5.599112109, 5.5575630621, 5.6975165129, 5.3686966195, 10.0614869796]
    ],
    [
      [4.3650432555, 4.9543443101, 5.6707983673, 3.693988705, 4.0248722706, 4.587547639, 3.4512884325, 3.5151936988, 1.4675062946, 3.4951479776, 2.5157427552, 3.5883270687, 12.7593759875, 13.5203327724, 25.1115260135, 22.3404282611, 15.1781712573, 25.360251488, 26.3225274267, 23.5668690196, 16.9128068376, 28.8646155907, 22.804694714, 21.4201367163, 17.0184910026, 6.7056937439, 2.6971662889, 4.8137916526, 3.1733313524, 4.6870512492, 2.6506220541, 4.801662237, 4.8120521841, 2.3959235761, 6.0646412263, 3.8398411809, 3.5470762844, 3.5816862361, 4.1946864299, 4.2061912001, 3.4771252999, 6.7303711009, 6.7783055503, 6.3694329961, 3.8719679777, 4.6144982232, 3.4972508861, 4.5867463798, 5.4864569037, 3.0266383697],
      [2.2079571863, 0.90086963075, 1.6012091856, 2.6737152464, 0.98182093419, 2.6298596033, 4.9813345402, 5.748938678, 1.3572797959, 3.3043242693, 2.3826245804, 2.1618862813, 6.2007962843, 12.878023307, 15.4738723575, 12.8913884335, 15.1515581206, 16.1721283761, 12.6077694618, 10.1217411204, 14.0180401755, 13.8752970835, 12.2070747224, 14.4253813625, 14.9498175452, 2.7942114682, 3.2027394182, 2.3347414173, 3.004768809, 2.6463782005, 1.5346341023, 3.0803620585, 2.0969018111, 2.5153863126, 1.9749466194, 2.1696573599, 3.2525123669, 2.4634050131, 3.6310031905, 2.4281606907, 3.4365422759, 4.7225151171, 2.5196980393, 3.9807618432, 3.3204135602, 2.2782214767, 3.0526749845, 2.5772270649, 1.9166711969, 2.60985069],
      [8.8636694231e-08, 6.4052783449e-08, 1.4649296442e-07, 1.8083439626e-07, 1.4808015298e-07, 1.4671166135e-07, 1.0172137173e-07, 1.4040948595e-07, 6.8095296728e-08, 7.6456359981e-08, 8.9154711527e-08, 8.9143760319e-08, 2.125686148e-07, 2.7595891219e-07, 6.3723554249e-07, 8.81084383e-07, 4.6878477184e-07, 5.1170148895e-07, 5.2363908465e-07, 1.0236313568e-06, 6.6430496078e-07, 4.2263430468e-07, 7.5115197599e-07, 9.4319262884e-07, 3.4444264419e-07, 1.3586865156e-07, 7.7423998146e-08, 8.9746583884e-08, 8.7429850909e-08, 1.2347244578e-07, 1.1237029078e-07, 1.0889238948e-07, 1.0506561526e-07, 4.1108116958e-08, 1.6743143408e-07, 1.841654667e-07, 1.1267627944e-07, 1.4845188655e-07, 1.629704159e-07, 1.4156001366e-07, 1.01905274e-07, 1.8089351355e-07, 1.3281392561e-07, 1.8332270152e-07, 2.1763353192e-07, 1.1093172881e-07, 1.1867768657e-07, 1.8704081304e-07, 5.1150961523e-08, 1.0143208129e-07],
      [2.0489387919, 1.5934272334, 1.4774157665, 2.5883559273, 1.4095375454, 5.0437434057, 1.6775733648, 2.6528378351, 1.3831996665, 1.7984976113, 1.7006472151, 1.9358535816, 5.3482105094, 14.5501410612, 11.4746117231, 12.8039198754, 13.7105969901, 12.4354216395, 11.1542631055, 10.2740302988, 10.1497259871, 12.1378498487, 9.3153292816, 12.5363934288, 10.8638131667, 2.1357132022, 2.0748051073, 2.157629503, 1.6091254303, 2.2452946669, 1.7135622323, 2.2555078241, 2.6380859195, 1.283692266, 2.3992999293, 2.423632327, 3.5940466314, 2.2525682669, 2.5813384538, 2.4777555207, 1.5783620413, 4.1215392028, 3.0304258061, 2.6974941549, 2.425346546, 1.9917380294, 1.989497659, 4.1056597559, 2.2460949638, 2.4542360628],
      [2.3780606776, 1.5513587617, 4.2505765342, 3.0439399405, 2.5837691017, 2.7388492054, 2.8898035608, 4.0830296477, 1.7920141749, 1.4020300653, 3.4009853602, 3.3139329793, 7.6916170062, 19.0515025834, 12.9399892686, 19.9642625489, 14.9596731632, 15.0321979847, 12.9154394824, 19.0373585376, 23.9194263355, 12.1222370545, 16.6729005309, 13.6180875492, 15.1678779411, 3.3643814498, 2.0252891082, 3.6938373374, 2.2127743208, 2.42127576, 2.1011814989, 3.8624677716, 2.4529599803, 1.8049978041, 2.5611120576, 2.566868948, 7.6063646047, 3.7023403355, 2.5929717628, 3.8878924469, 2.507970281, 4.4255743983, 2.6715704715, 3.9523108225, 3.3822716985, 3.1155421597, 3.4605763517, 4.7303666124, 2.3507768845, 4.909274776]
    ],
    [
      [3.4084978343, 4.3552307287, 3.8041914007, 2.2940021745, 3.8716036327, 2.1699679302, 1.8165860569, 1.8716833398, 2.98077307, 1.2254657332, 2.4313699871, 1.9358411329, 3.8511497542, 1.6274336862, 1.557906897, 2.0435650293, 2.2261507515, 0.88298270642, 3.1510882808, 2.5465270722, 2.0120787209, 4.4423496138, 1.7534268157, 2.5563975611, 1.701783788, 16.4670431797, 8.0998817186, 13.9769475013, 10.385405362, 12.8622573903, 11.6516893996, 12.4086899915, 15.2040385945, 12.2149756391, 17.4290064955, 10.2966948019, 8.0351316556, 5.1391769838, 1.6035756174, 1.2255733161, 2.0735584469, 2.2617005893, 2.9863330462, 3.9845924087, 2.29440414, 3.3939224189, 3.0088731143, 1.8359020366, 1.6327408059, 1.2655128377],
      [1.8147982021, 0.77802612441, 1.1093972058, 1.779702655, 1.0377275379, 1.0739911429, 2.7072813778, 3.0472010302, 2.8887374928, 1.4029981942, 1.9833797606, 1.0870760306, 1.9224690525, 1.5182435156, 1.1017504591, 1.2534094554, 2.3766213823, 0.56234088881, 1.5314860532, 0.90264239222, 1.7129637615, 2.4355904873, 0.8766415936, 1.702827605, 1.5113906342, 6.8206172382, 10.3173846011, 6.1150301742, 10.3502424884, 8.1687536278, 6.9953325413, 8.7100048311, 6.3915866524, 13.4202390615, 5.3551039687, 5.8245492465, 7.4620930731, 3.3335872782, 1.6419673535, 0.72580775166, 2.096147402, 1.6285446728, 1.3264026327, 2.5334819448, 1.9805826198, 1.6789532515, 2.529627628, 1.0405864221, 0.57663386076, 1.042630751],
      [0.78262244915, 0.59300141364, 0.79972755889, 1.3097724461, 1.5753148486, 0.7421654184, 0.61752132376, 0.8010080942, 1.5224516071, 0.33124339375, 0.81468342188, 0.39797077663, 0.6399754413, 0.34510418135, 0.48955321848, 0.92696981532, 0.76124424473, 0.19163807413, 0.71873681186, 1.1094560184, 0.8804545706, 0.6740692392, 0.60599892605, 1.3171305885, 0.37145215673, 3.639131601, 2.7077518592, 2.8204465458, 3.2640214398, 4.0619130508, 5.3676420315, 2.9862849548, 3.4912007351, 2.2502827662, 5.6114036894, 5.7925227251, 2.6104835404, 2.0750986094, 0.73356651428, 0.46035421859, 0.69147639954, 0.66091460875, 0.7618628136, 1.2521518788, 1.415316061, 0.87792235869, 1.1438583677, 0.80096532314, 0.16848017071, 0.47065905886],
      [5.7676914813, 4.7127169934, 3.7541956185, 6.1892962733, 4.8125104381, 6.4678501084, 3.2033090425, 4.7274601815, 10.3920318929, 2.8998500058, 4.7249203309, 3.5944211365, 5.6904202094, 6.4390428846, 2.567574349, 4.5416089597, 6.7416312942, 1.4815354937, 4.8259625653, 3.1658147238, 3.9693608779, 8.1282948596, 2.5907358201, 6.2403509978, 3.8434378972, 19.1695021058, 25.6094754483, 18.2468136414, 19.0638029024, 23.6884723271, 25.5685988706, 21.2179520562, 28.6644384984, 24.136848394, 23.2778836611, 29.0325028039, 18.3347499986, 10.7859405838, 4.0037927081, 2.6142792623, 3.4539584475, 4.7300613492, 5.5629000062, 5.9248023862, 5.0356264819, 5.1060599971, 6.1729194142, 6.0106014257, 2.4238795708, 4.0231385925],
      [3.2263900332, 2.5610247398, 3.5324882161, 3.4272264512, 4.7028435427, 2.5460254001, 2.655302199, 3.5526473543, 6.2160059372, 1.1404426731, 5.0456464995, 2.9846909233, 3.8959855426, 4.0701757322, 1.2832150764, 3.2344467403, 3.8943523272, 0.88150283696, 2.7727262888, 3.2755597934, 4.4251420691, 3.3196958001, 2.1731968445, 2.1832932476, 2.5719355239, 14.9037058753, 12.2655063728, 17.8407621373, 12.9365278074, 11.2186036042, 15.416737157, 16.6770681664, 13.2487355196, 15.9776541392, 13.3266021852, 14.0537304227, 26.5575417323, 8.6661965448, 2.0170978067, 1.9739854513, 2.6848593041, 2.7187787799, 2.3625015012, 4.3049713815, 3.2740706973, 3.9431419738, 5.1447214758, 3.3119447924, 1.1982655918, 3.19805876]
    ],
    [
      [2.1777279884e-16, 2.5411847555e-16, 3.2630814394e-16, 1.0301688973e-16, 1.5815605254e-16, 1.0570454859e-16, 1.3270750409e-16, 1.0989373866e-16, 1.0213150008e-16, 2.8343747698e-16, 1.0128916474e-16, 1.2460519851e-16, 2.6158515356e-16, 1.0809391637e-16, 1.8914755708e-16, 9.1852702363e-17, 6.6245675151e-17, 2.379066298e-16, 1.6685181867e-16, 1.5236823782e-16, 6.0864219221e-17, 1.4820677027e-16, 2.0685597216e-16, 1.4692802188e-16, 2.3494145291e-16, 2.3763654338e-16, 1.6675140783e-16, 2.3114890853e-16, 3.0764469487e-16, 2.458808169e-16, 8.4905788707e-17, 1.4466912324e-16, 1.5343293836e-16, 1.8454529116e-16, 1.4528901423e-16, 1.106987626e-16, 8.7936242913e-17, 4.046794466e-16, 6.1557166088e-16, 6.6116322993e-16, 8.5308653481e-16, 6.9059109465e-16, 9.9357677247e-16, 7.4747504188e-16, 5.2218557671e-16, 8.0286481161e-16, 5.6147855076e-16, 4.5283296582e-16, 1.3598290066e-15, 4.5444730703e-16],
      [0.7076685028, 0.2919352291, 0.68378695157, 0.48880814942, 0.29115452844, 0.40425310166, 1.2173415046, 1.1390719385, 0.61350813547, 1.7506043351, 0.52319016903, 0.508309861, 0.87817563261, 0.69287450294, 0.78748393619, 0.36652430578, 0.4366151678, 0.97451721501, 0.53279667645, 0.48970368, 0.26278310986, 0.51484951907, 0.70100401754, 0.5678630156, 1.3362247909, 0.65524841116, 1.3291257309, 0.74782875576, 1.9258681818, 0.96309236452, 0.32795943989, 0.6490547508, 0.53233599342, 1.3531886893, 0.28567158049, 0.50127903599, 0.32808104373, 1.707998486, 4.249529291, 2.6930806531, 5.6031076244, 3.2073212843, 3.137731337, 3.1055671931, 3.1615119064, 2.7076657788, 3.1004188708, 1.6062122054, 3.0339514848, 2.6909393443],
      [2.6750286332, 1.7606584867, 3.9885242005, 2.9031055482, 3.4696393612, 1.9853037196, 2.4357636607, 2.4608209415, 2.8042686772, 3.8299595205, 1.787624208, 1.6788189133, 2.4964526517, 1.263192491, 3.0257885165, 2.2083404346, 1.1646519078, 2.8982875417, 2.0694148509, 3.6781368739, 1.4861750541, 1.2181583025, 4.0573358941, 3.5288897633, 2.8487848429, 2.9624011386, 3.078419521, 2.7413936773, 5.1550005569, 3.6537983015, 2.0949831952, 1.7976856914, 2.2075078628, 1.8574294444, 2.4341020176, 3.6829803415, 1.2641122147, 9.0790426293, 16.2184758053, 13.6227151341, 15.008217698, 11.1383845145, 12.0642468141, 12.9008945554, 19.2680808116, 11.9995120268, 11.9176856509, 10.5840315474, 7.4835900064, 8.0794102247],
      [5.9003367814, 4.5159062136, 5.08658282, 4.1016500723, 2.9819432462, 5.7785824114, 3.7907062849, 4.6231175289, 5.5361200836, 8.491234296, 3.5649619148, 3.8452572719, 6.1284393274, 6.6742919476, 4.0208820267, 3.0580190192, 2.9459054417, 6.4106047637, 3.989700899, 4.2517464422, 1.9475083096, 3.8160568922, 5.1784642016, 4.9000527895, 8.4579409867, 4.3744678294, 7.8645143569, 5.2306558217, 8.7828674042, 6.2542171264, 2.925511374, 3.9296353372, 5.3958235997, 6.0109161952, 3.4928795601, 4.6014691301, 3.3550692758, 13.7762304786, 24.8453032691, 23.0980596171, 21.5320402037, 25.9082535609, 27.1056795429, 17.8898769188, 20.2997753817, 20.6418525416, 17.4906566663, 24.3323893087, 33.2611660246, 18.4481629396],
      [4.7169660826, 3.4315000706, 9.2411060279, 3.5064362301, 4.2572628641, 2.8318607674, 4.5561885499, 4.7769895911, 5.0461031037, 4.9282018483, 5.1242237082, 4.9676139538, 6.4969323883, 6.3696410584, 3.1658455206, 3.3671162404, 2.4528274827, 5.7165904796, 3.4080875736, 5.580413004, 3.3035335265, 2.4509352863, 6.0631958867, 3.0031944316, 8.3570493795, 5.0078826208, 4.7279403912, 7.2801217452, 9.1362638571, 5.1288922075, 2.6515459909, 4.6236242206, 3.8643325441, 5.778465671, 2.7873468418, 3.2142714924, 5.0527374658, 16.4367284061, 18.6866916345, 25.5861445956, 25.8566344738, 19.7460406403, 18.692342306, 19.1036613327, 20.2706319003, 22.6509696528, 23.491238812, 18.4773669385, 24.2212924842, 26.7814874914]
    ]
  ],
  "prob": [
    [0.12314116245, 0.015511380867, 0.3699552834, 0.13740326283, 0.35398891044],
    [0.34470366572, 0.22029279569, 9.8739435122e-09, 0.18484034044, 0.25016318828],
    [0.1961317227, 0.12811120158, 0.060656838331, 0.37132375977, 0.24377647762],
    [1.2770989059e-17, 0.053447332354, 0.20788977094, 0.37426413353, 0.36439876318]
  ],
  "iterations": 999,
  "time": 3.391183,
  "message": "Maximum iterations reached",
  "status": 2,
  "miniter": 0,
  "maxiter": 1000,
  "maxtime": 3600,
  "param_threshold": 0.001,
  "ll_threshold": "-Inf",
  "initial_prob": "group_proportional",
  "ballotbox_id": ["1", "2", "3", "4", "5", "6", "7", "8", "9", "10", "11", "12", "13", "14", "15", "16", "17", "18", "19", "20", "21", "22", "23", "24", "25", "26", "27", "28", "29", "30", "31", "32", "33", "34", "35", "36", "37", "38", "39", "40", "41", "42", "43", "44", "45", "46", "47", "48", "49", "50"],
  "candidates_id": ["1", "2", "3", "4", "5"],
  "group_id": ["1", "2", "3", "4"]
}
