{
  "X": [
    [33, 12, 37, 10, 8],
    [43, 14, 23, 10, 10],
    [30, 16, 33, 14, 7],
    [45, 20, 19, 11, 5],
    [40, 17, 27, 10, 6],
    [52, 15, 20, 9, 4],
    [38, 15, 30, 15, 2],
    [41, 11, 25, 18, 5],
    [41, 15, 22, 18, 4],
    [41, 19, 23, 14, 3],
    [37, 11, 30, 16, 6],
    [34, 18, 30, 16, 2],
    [39, 11, 23, 26, 1],
    [39, 6, 28, 25, 2],
    [40, 5, 26, 24, 5],
    [36, 9, 26, 24, 5],
    [36, 10, 28, 21, 5],
    [35, 4, 23, 32, 6],
    [41, 7, 25, 25, 2],
    [34, 11, 28, 26, 1],
    [34, 8, 31, 25, 2],
    [38, 6, 24, 28, 4],
    [47, 5, 22, 25, 1],
    [30, 11, 33, 23, 3],
    [28, 6, 28, 33, 5],
    [34, 16, 20, 24, 6],
    [28, 20, 25, 24, 3],
    [27, 19, 19, 30, 5],
    [33, 18, 31, 18, 0],
    [28, 23, 24, 18, 7],
    [30, 18, 23, 28, 1],
    [26, 22, 22, 20, 10],
    [25, 19, 21, 27, 8],
    [39, 15, 21, 20, 5],
    [27, 12, 32, 24, 5],
    [29, 21, 18, 26, 6],
    [38, 16, 26, 15, 5],
    [23, 13, 29, 34, 1],
    [10, 18, 21, 49, 2],
    [26, 17, 22, 32, 3],
    [19, 9, 26, 46, 0],
    [26, 12, 25, 34, 3],
    [18, 10, 28, 42, 2],
    [21, 16, 23, 34, 6],
    [16, 6, 29, 47, 2],
    [19, 10, 24, 45, 2],
    [29, 8, 24, 38, 1],
    [20, 11, 17, 52, 0],
    [21, 9, 27, 40, 3],
    [17, 18, 22, 42, 1]
  ],
  "W": [
    [68, 10, 14, 8],
    [67, 12, 6, 15],
    [65, 13, 14, 8],
    [67, 17, 7, 9],
    [65, 12, 10, 13],
    [63, 9, 20, 8],
    [55, 18, 14, 13],
    [54, 13, 19, 14],
    [61, 12, 12, 15],
    [61, 14, 12, 13],
    [68, 10, 13, 9],
    [68, 9, 11, 12],
    [33, 40, 12, 15],
    [11, 70, 11, 8],
    [16, 63, 6, 15],
    [12, 67, 12, 9],
    [16, 58, 13, 13],
    [10, 58, 13, 19],
    [11, 62, 17, 10],
    [11, 63, 9, 17],
    [10, 59, 17, 14],
    [9, 67, 12, 12],
    [19, 59, 11, 11],
    [11, 63, 12, 14],
    [11, 62, 13, 14],
    [13, 14, 63, 10],
    [14, 10, 67, 9],
    [7, 12, 67, 14],
    [10, 15, 61, 14],
    [18, 13, 60, 9],
    [14, 10, 63, 13],
    [4, 14, 72, 10],
    [13, 21, 55, 11],
    [15, 12, 63, 10],
    [12, 11, 62, 15],
    [15, 9, 59, 17],
    [14, 16, 64, 6],
    [13, 16, 32, 39],
    [6, 9, 16, 69],
    [11, 10, 17, 62],
    [14, 10, 14, 62],
    [12, 13, 16, 59],
    [8, 19, 11, 62],
    [13, 16, 17, 54],
    [14, 12, 10, 64],
    [12, 8, 12, 68],
    [14, 10, 8, 68],
    [12, 13, 11, 64],
    [17, 8, 11, 64],
    [13, 9, 9, 69]
  ],
  "method": "mvn_cdf",
  "mvncdf_method": "genz",
  "mvncdf_samples": 5000,
  "mvncdf_error": 1e-06,
  "cond_prob": [
    [
      [0.34488370061, 0.12091219919, 0.43496234568, 0.01372130537, 0.085520449142],
      [0.35405789076, 0.013002970586, 0.35504020564, 0.23139361056, 0.046505322446],
      [0.22166746843, 0.19208948844, 0.33132882934, 0.16049267128, 0.094421542509],
      [0.09021047248, 0.097146733462, 0.31143397608, 0.49983280055, 0.0013760174315]
    ],
    [
      [0.55792767019, 0.15072926125, 0.14771240552, 0.010813588921, 0.13281707412],
      [0.36858201788, 0.025757361936, 0.28488073275, 0.18472234458, 0.13605754285],
      [0.23089061641, 0.29620007472, 0.21622582809, 0.077049232357, 0.17963424842],
      [0.17891322469, 0.11272994691, 0.27878392674, 0.42591356859, 0.0036593330738]
    ],
    [
      [0.36870865339, 0.16713283719, 0.3552482561, 0.030517045797, 0.07839320753],
      [0.30466102944, 0.018567772988, 0.32824260429, 0.31261620005, 0.035912393223],
      [0.19041872282, 0.24997020156, 0.2515060694, 0.2256103096, 0.082494696632],
      [0.06944671717, 0.10097991264, 0.21247836527, 0.61611206639, 0.00098293853357]
    ],
    [
      [0.47018732275, 0.25343429523, 0.205869312, 0.01765298048, 0.052856089543],
      [0.49759414363, 0.033048881375, 0.20721357305, 0.23183686013, 0.03030654182],
      [0.27501303648, 0.35854530914, 0.14899234265, 0.15965433913, 0.057794972606],
      [0.13359901976, 0.19472215198, 0.17281011633, 0.49800940172, 0.00085931020655]
    ],
    [
      [0.46376799438, 0.18240651682, 0.27185200267, 0.015948920599, 0.066024565529],
      [0.49070700048, 0.021881438705, 0.28486987774, 0.16400407624, 0.038537606844],
      [0.28414274919, 0.28467133385, 0.2208316462, 0.12989928943, 0.080454981329],
      [0.15284725757, 0.15478925299, 0.25146198101, 0.43965363468, 0.0012478737578]
    ],
    [
      [0.60775952285, 0.12296820222, 0.21117931574, 0.016035395569, 0.042057563614],
      [0.59486291325, 0.01620095998, 0.20105558775, 0.16431524359, 0.023565295434],
      [0.38734074288, 0.22886251541, 0.18334986075, 0.14737512176, 0.0530717592],
      [0.19102953042, 0.12895441471, 0.2116545081, 0.46746726971, 0.00089427707135]
    ],
    [
      [0.46116286552, 0.16973051278, 0.31625442507, 0.02224973084, 0.030602465795],
      [0.41871219645, 0.019645486467, 0.31712281673, 0.22852545083, 0.015994049522],
      [0.27289872226, 0.2544383483, 0.25145376398, 0.18444582044, 0.036763345021],
      [0.10373185239, 0.12091980697, 0.24698192215, 0.52773019065, 0.00063622783238]
    ],
    [
      [0.52237807841, 0.11847573453, 0.27496226019, 0.027345614599, 0.056838312265],
      [0.44003518495, 0.013207043386, 0.25430149889, 0.26488609879, 0.027570173986],
      [0.30137275863, 0.17554973455, 0.22072540042, 0.23709254505, 0.06525956135],
      [0.10937757285, 0.08163905444, 0.1940217965, 0.61413440995, 0.00082716625584]
    ],
    [
      [0.50890758025, 0.16572040683, 0.24655585036, 0.031783715619, 0.04703244695],
      [0.42649555657, 0.018360844078, 0.22832020772, 0.30402165635, 0.022801735284],
      [0.28623866637, 0.22953545308, 0.18404777223, 0.24830971429, 0.051868394022],
      [0.093582724903, 0.093501404854, 0.15144681184, 0.66087415697, 0.00059490143007]
    ],
    [
      [0.48459363921, 0.21363960968, 0.24139712903, 0.022768614506, 0.037601007585],
      [0.45951099387, 0.02649870961, 0.25578920946, 0.23788711384, 0.020313973217],
      [0.28603201007, 0.315258933, 0.170893946, 0.18384995078, 0.043965160148],
      [0.11241671151, 0.16215302433, 0.19826014991, 0.52653516744, 0.00063494681428]
    ],
    [
      [0.44380521156, 0.12606406153, 0.32080886547, 0.038187990334, 0.071133871107],
      [0.31911194598, 0.012022278151, 0.27933146046, 0.36181007689, 0.027724238517],
      [0.24407267239, 0.16455776729, 0.22778909379, 0.29239811676, 0.071182349773],
      [0.067262940916, 0.056996151553, 0.17305229084, 0.70208240352, 0.00060621317698]
    ],
    [
      [0.48117719161, 0.20634991189, 0.24353238547, 0.037199214846, 0.031741296185],
      [0.31942711415, 0.020111051443, 0.29949186461, 0.34677157518, 0.014198394618],
      [0.26209310988, 0.24767901948, 0.2061176837, 0.25014778127, 0.033962405679],
      [0.061439086611, 0.096462932893, 0.23212646717, 0.60957664352, 0.00039486980927]
    ],
    [
      [0.52169149053, 0.1652334073, 0.25504604198, 0.031279113309, 0.026749946888],
      [0.41984197035, 0.017866725372, 0.2394483908, 0.31027554358, 0.012567369906],
      [0.19736555573, 0.25786351533, 0.21920378996, 0.28981526578, 0.035751873203],
      [0.10036169093, 0.10204827342, 0.16286240001, 0.63438770879, 0.00033992685288]
    ],
    [
      [0.49417230558, 0.14081169823, 0.30387509669, 0.025462131323, 0.035678768179],
      [0.42210096314, 0.015394876632, 0.29099095628, 0.25362906599, 0.017884137961],
      [0.2940012398, 0.21106627022, 0.23991946629, 0.21319359474, 0.041819428948],
      [0.10809924986, 0.095370575806, 0.22136375189, 0.5746267046, 0.00053971784905]
    ],
    [
      [0.50896335764, 0.11295648516, 0.27228359817, 0.02153983104, 0.084256727992],
      [0.44670476024, 0.013083346517, 0.26928171016, 0.22752991982, 0.043400263255],
      [0.31098966524, 0.17704720515, 0.22193028092, 0.19023059657, 0.099802252118],
      [0.12514686887, 0.086987368546, 0.22889313045, 0.55754585751, 0.0014267746259]
    ],
    [
      [0.43307062958, 0.20487147983, 0.26336370589, 0.022566428358, 0.076127756349],
      [0.40918325992, 0.024756474365, 0.27773538912, 0.24706100635, 0.041263870247],
      [0.24249951618, 0.29325111564, 0.19967179986, 0.18118739548, 0.083390172849],
      [0.098718661453, 0.14887296845, 0.20843755048, 0.54276191945, 0.0012089001599]
    ],
    [
      [0.43912651934, 0.1878172526, 0.28075690369, 0.018997743892, 0.073301580475],
      [0.42171648487, 0.023036490197, 0.30075951044, 0.21115830931, 0.043329205177],
      [0.25800443505, 0.27975098975, 0.22132824789, 0.15725037268, 0.083665954623],
      [0.11098875748, 0.14865230639, 0.24085421456, 0.49823667984, 0.001268041736]
    ],
    [
      [0.5034643447, 0.088763911419, 0.26477264863, 0.028309922853, 0.1146891724],
      [0.44871311614, 0.010788947493, 0.18353096143, 0.29436303264, 0.062603942288],
      [0.2592416916, 0.13435753913, 0.17507704365, 0.3131529388, 0.11817078682],
      [0.10290872797, 0.057254616564, 0.16133858726, 0.67685864582, 0.0016394223871]
    ],
    [
      [0.53538045153, 0.13215528304, 0.27362574038, 0.024255848552, 0.034582676499],
      [0.4627217239, 0.014692197134, 0.25995906521, 0.24575393913, 0.016873074632],
      [0.31657365596, 0.20426383518, 0.22299784318, 0.21501766606, 0.041146999615],
      [0.12051152918, 0.093674258763, 0.20557788303, 0.57969780361, 0.0005385254144]
    ],
    [
      [0.40662209816, 0.27057013641, 0.27575442724, 0.021629934988, 0.025423403212],
      [0.44865943069, 0.030649168836, 0.28086909674, 0.226979435, 0.012842868735],
      [0.22240041027, 0.35262733797, 0.23193445634, 0.16739063639, 0.025647159028],
      [0.09613425265, 0.22174675721, 0.20157152782, 0.48012664172, 0.00042082059906]
    ],
    [
      [0.44676561017, 0.14722126995, 0.34374568642, 0.022905062909, 0.039362370545],
      [0.39496071328, 0.01659545351, 0.33617396619, 0.23462503473, 0.017644832296],
      [0.27119788391, 0.22206974565, 0.27015955025, 0.19533769843, 0.041235121748],
      [0.1028818538, 0.10354162301, 0.25851470669, 0.53451229206, 0.00054952444493]
    ],
    [
      [0.49852549613, 0.14785410751, 0.26369917554, 0.026593159994, 0.063328060825],
      [0.42995726653, 0.016087476343, 0.25284533618, 0.2678695017, 0.03324041924],
      [0.2948574179, 0.20280694134, 0.20653939082, 0.2235002458, 0.07229600414],
      [0.1073839959, 0.099268847181, 0.19135214635, 0.60105573804, 0.00093927252563]
    ],
    [
      [0.63335399214, 0.10589721558, 0.18948417351, 0.030589901071, 0.040674717694],
      [0.53427582782, 0.012017127922, 0.15257873113, 0.2928375685, 0.0082907446252],
      [0.42143248966, 0.13714961311, 0.2036536071, 0.21005518606, 0.027709104056],
      [0.11089087035, 0.07320737095, 0.16989523545, 0.64560788784, 0.00039863541852]
    ],
    [
      [0.36301937721, 0.24217160934, 0.32813567582, 0.019800051646, 0.046873285983],
      [0.36779329654, 0.029507375171, 0.36154112399, 0.21502399439, 0.026134209907],
      [0.19525718589, 0.35413878929, 0.25657548073, 0.14777452906, 0.046254015021],
      [0.081255980525, 0.17681743452, 0.25612942657, 0.48504287902, 0.00075427935684]
    ],
    [
      [0.42995097167, 0.12316143699, 0.31883667138, 0.039671869011, 0.088379050946],
      [0.35043111422, 0.013516999609, 0.2732816494, 0.32239910088, 0.040371135886],
      [0.20513788421, 0.19277339999, 0.24251722445, 0.26914206077, 0.090429430581],
      [0.073734386868, 0.074044359039, 0.17390781588, 0.67724524427, 0.0010681939434]
    ],
    [
      [0.54430938732, 0.13468842792, 0.23255996058, 0.026576125224, 0.061866098949],
      [0.45943024968, 0.015080625332, 0.23698555416, 0.25939079814, 0.029112772688],
      [0.3086741056, 0.20085312983, 0.1957864449, 0.22919732067, 0.065488999008],
      [0.11511315985, 0.096689095936, 0.17556667735, 0.61170335452, 0.00092771233711]
    ],
    [
      [0.45994974556, 0.16251945191, 0.31131667203, 0.029096142855, 0.037117987639],
      [0.38818576128, 0.018977040691, 0.29546750392, 0.28379424614, 0.013575447965],
      [0.25760277373, 0.24064239341, 0.23230800189, 0.2306088188, 0.038838012176],
      [0.087909309006, 0.10501850561, 0.20965811343, 0.59690237205, 0.00051169990056]
    ],
    [
      [0.50884348483, 0.16778089967, 0.24434754888, 0.031731728228, 0.047296338391],
      [0.38063213393, 0.019274657821, 0.24652709662, 0.32714762321, 0.026418488421],
      [0.25553734983, 0.23683599756, 0.19746768822, 0.25302679245, 0.057132171936],
      [0.082961377637, 0.098078389149, 0.16288060647, 0.65533842832, 0.00074119842049]
    ],
    [
      [0.4728061897, 0.14492937306, 0.32783175557, 0.013869178218, 0.040563503454],
      [0.4991627874, 0.013530912645, 0.3314027975, 0.15117124076, 0.0047322616981],
      [0.26266504191, 0.28392308646, 0.25936635643, 0.1626413402, 0.031404175],
      [0.12092059125, 0.111559075, 0.44228089068, 0.32478220473, 0.00045723835213]
    ],
    [
      [0.43608537053, 0.20366262281, 0.2689538049, 0.020299398308, 0.070998803448],
      [0.38956512425, 0.026842652952, 0.31490030236, 0.22842749103, 0.040264429404],
      [0.18003485808, 0.30808796942, 0.24957852569, 0.18101767421, 0.081280972598],
      [0.10913244104, 0.16242597495, 0.23028820937, 0.49696718958, 0.0011861850566]
    ],
    [
      [0.48536100635, 0.15640426192, 0.29922911976, 0.033969254795, 0.025036357184],
      [0.44507767766, 0.01946590777, 0.20530309574, 0.31797614399, 0.01217717483],
      [0.28750221114, 0.21076257136, 0.21243897864, 0.26344486614, 0.025851372715],
      [0.11394434951, 0.093653069765, 0.16737056662, 0.62474069166, 0.00029132244111]
    ],
    [
      [0.40129562275, 0.18290558756, 0.27721660326, 0.018089948568, 0.12049223786],
      [0.37234958938, 0.023399566835, 0.29770099555, 0.23027993765, 0.07626991058],
      [0.24442429092, 0.25271759528, 0.17944391897, 0.17501820927, 0.14839598556],
      [0.088341630704, 0.12927849665, 0.12892393853, 0.65165132514, 0.0018046089734]
    ],
    [
      [0.40907120945, 0.18884161407, 0.27642804685, 0.033381285054, 0.09227784458],
      [0.32563310189, 0.023463289067, 0.26539345014, 0.33521570613, 0.050294452771],
      [0.24413710696, 0.18725404614, 0.20580767132, 0.25417931129, 0.10862186428],
      [0.096717608353, 0.12094016497, 0.19561365389, 0.58536991995, 0.0013586528413]
    ],
    [
      [0.57982628639, 0.11856846433, 0.23246874076, 0.020192377479, 0.048944131043],
      [0.52853825584, 0.014112487955, 0.23494335371, 0.1974812543, 0.024924648198],
      [0.37770779408, 0.18896395125, 0.20090481558, 0.17401922139, 0.058404217699],
      [0.1477151645, 0.096450019023, 0.20157768796, 0.55339054588, 0.00086658264075]
    ],
    [
      [0.42377451005, 0.097601974125, 0.40183861621, 0.022558183094, 0.05422671652],
      [0.36350631583, 0.01157711999, 0.37945015652, 0.22431898631, 0.021147421355],
      [0.25655290063, 0.16985938721, 0.30985624957, 0.20302840011, 0.060703062474],
      [0.092970029664, 0.070299722201, 0.2976176896, 0.53832155535, 0.00079100318725]
    ],
    [
      [0.48406085771, 0.19889382392, 0.22647682924, 0.026287223603, 0.06428126553],
      [0.427140427, 0.021478311355, 0.24006501022, 0.27766446883, 0.033651782596],
      [0.2667516032, 0.26788115743, 0.17097348646, 0.2173781177, 0.077015635208],
      [0.10070292158, 0.12963804324, 0.16472104839, 0.60393129759, 0.0010066892162]
    ],
    [
      [0.54832149679, 0.11959164868, 0.2726339814, 0.016470902358, 0.042981970765],
      [0.47822509092, 0.015419091966, 0.29918868161, 0.18292354448, 0.024243591033],
      [0.36404007351, 0.20511856043, 0.23830550967, 0.13451904378, 0.058016812626],
      [0.16289210478, 0.11547306822, 0.28213695351, 0.43856856033, 0.0009293131555]
    ],
    [
      [0.42679247119, 0.14755924953, 0.3700816499, 0.027317240698, 0.028249388682],
      [0.3647439711, 0.015684067973, 0.34158719801, 0.26411319719, 0.013871565729],
      [0.25224116309, 0.21367195407, 0.27739604719, 0.22697694364, 0.02971389201],
      [0.082699651361, 0.092108707937, 0.24615271913, 0.57868261976, 0.00035630181579]
    ],
    [
      [0.32979557379, 0.28939725388, 0.29998422637, 0.032730926757, 0.048092019206],
      [0.31465812699, 0.032854114351, 0.281399832, 0.34175203609, 0.029335890566],
      [0.1563122985, 0.37152914545, 0.18009876292, 0.2180889121, 0.073970881046],
      [0.058633537235, 0.14438353919, 0.17710320734, 0.61917958509, 0.00070013114494]
    ],
    [
      [0.5194167761, 0.16852124391, 0.23859605103, 0.0089686275906, 0.064497301364],
      [0.54166843715, 0.018409603499, 0.21885790039, 0.18659030228, 0.034473756673],
      [0.33844579888, 0.28808973179, 0.17598328368, 0.1231173894, 0.074363796257],
      [0.14970561782, 0.22874418619, 0.20802815419, 0.41243765866, 0.0010843831458]
    ],
    [
      [0.46622175657, 0.12970045144, 0.34949587361, 0.032771175955, 0.021810742427],
      [0.37288528205, 0.013901348688, 0.30728932079, 0.29762163871, 0.0083024097694],
      [0.25668725108, 0.17854298958, 0.27760981548, 0.26789624287, 0.019263700994],
      [0.086500930488, 0.077503372355, 0.21963135128, 0.61610760272, 0.00025674315853]
    ],
    [
      [0.52252266035, 0.13038912809, 0.26645666256, 0.017207803703, 0.063423745308],
      [0.47556291386, 0.015682329326, 0.27480926695, 0.19950521746, 0.034440272402],
      [0.32899644334, 0.20969041811, 0.22413201797, 0.15412023507, 0.083060885512],
      [0.14340617266, 0.1127824401, 0.24701159214, 0.49562615667, 0.0011736384217]
    ],
    [
      [0.41647110815, 0.14368482787, 0.36128350623, 0.025901882757, 0.052658674992],
      [0.35774079545, 0.016160957499, 0.34224313651, 0.25784159269, 0.026013517854],
      [0.23972250139, 0.21103573774, 0.27731996244, 0.21269711574, 0.059224682693],
      [0.088084332789, 0.096387042129, 0.25571010475, 0.55905499706, 0.00076352326467]
    ],
    [
      [0.44339670386, 0.1237812577, 0.2003414577, 0.0076859031407, 0.2247946776],
      [0.40891279567, 0.025264656714, 0.29529111831, 0.16213422311, 0.1083972062],
      [0.18372715018, 0.28737577509, 0.20781550801, 0.11475422426, 0.20632734246],
      [0.11221927605, 0.17581944193, 0.22986582481, 0.47881011144, 0.0032853457773]
    ],
    [
      [0.40296089468, 0.097045106282, 0.42710377731, 0.033332569906, 0.039557651823],
      [0.33547059186, 0.012547033534, 0.3144336062, 0.32172456576, 0.015824202653],
      [0.19986797282, 0.16692642414, 0.32063759098, 0.25837286095, 0.0541951511],
      [0.070102828755, 0.059276405293, 0.24550113888, 0.62464547602, 0.00047415105429]
    ],
    [
      [0.46243942219, 0.133199723, 0.32621745759, 0.026140638425, 0.052002758795],
      [0.40251601173, 0.014612049477, 0.29207591049, 0.2649753076, 0.025820720707],
      [0.27724654473, 0.19644680923, 0.24158968863, 0.22439134957, 0.060325607847],
      [0.099576071071, 0.088003754425, 0.22137356193, 0.59028072013, 0.00076589244756]
    ],
    [
      [0.56827873324, 0.10566232384, 0.28050467866, 0.019884487088, 0.025669777165],
      [0.57337876594, 0.01097721561, 0.22075577968, 0.17410684823, 0.020781390542],
      [0.41970015517, 0.15927931361, 0.20987294715, 0.17318750829, 0.037960075777],
      [0.18076323745, 0.082824320423, 0.22714597052, 0.5087474145, 0.00051905710546]
    ],
    [
      [0.5676187378, 0.068103718413, 0.29950994477, 0.04784887837, 0.016918720644],
      [0.3842047677, 0.019029119363, 0.21076631708, 0.37467742412, 0.011322371732],
      [0.18229778677, 0.24951181517, 0.20574569719, 0.34944539713, 0.012999303738],
      [0.087042786432, 0.076384822663, 0.16558145517, 0.67085396798, 0.00013696775819]
    ],
    [
      [0.46775995588, 0.11206947165, 0.32452270081, 0.022919625802, 0.072728245863],
      [0.40605351713, 0.012666353854, 0.31195726501, 0.23290441929, 0.036418444724],
      [0.27711161999, 0.1744882357, 0.26330040655, 0.19958051674, 0.085519221026],
      [0.10125123507, 0.084738942401, 0.25537799232, 0.55749785266, 0.0011339775513]
    ],
    [
      [0.39753046212, 0.25168658711, 0.29498600835, 0.023184894276, 0.032612048146],
      [0.4115799889, 0.030912872273, 0.28130682108, 0.25798525913, 0.018215058626],
      [0.22117492986, 0.35251586209, 0.20872219801, 0.18224698589, 0.035340024142],
      [0.081453945721, 0.16520505563, 0.22699145982, 0.52588910454, 0.00046043428882]
    ]
  ],
  "expected_outcome": [
    [
      [23.4520916417, 37.3811539029, 23.9660624704, 31.5025506244, 30.1449196348, 38.2888499396, 25.3639576034, 28.2084162343, 31.043362395, 29.5602119915, 30.1787543861, 32.7200490292, 17.2158191874, 5.4358953614, 8.1434137222, 5.1968475549, 7.0260243094, 5.034643447, 5.8891849668, 4.4728430797, 4.4676561017, 4.4867294652, 12.0337258507, 3.9932131493, 4.7294606883, 7.0760220352, 6.4392964379, 3.5619043938, 4.728061897, 7.8495366696, 6.7950540888, 1.605182491, 5.3179257229, 8.6973942959, 5.0852941206, 7.2609128657, 7.6765009551, 5.5483021255, 1.9787734427, 5.7135845372, 6.527104592, 6.2702719242, 3.3317688652, 5.7641571502, 5.6414525256, 5.5492730663, 7.9559022654, 6.8114248536, 7.9519192499, 5.1678960075],
      [8.2220295452, 10.0988605039, 10.8636344171, 16.9800977803, 11.8564235935, 7.74699674, 9.3351782027, 6.3976896645, 10.1089448164, 13.0320161902, 8.572356184, 14.0317940087, 5.4527024409, 1.5489286805, 1.8073037625, 2.458457758, 3.0050760417, 0.88763911419, 1.4537081135, 2.9762715005, 1.4722126995, 1.3306869676, 2.012047096, 2.6638877027, 1.3547758069, 1.750949563, 2.2752723268, 1.1744662977, 1.4492937306, 3.6659272105, 2.1896596668, 0.73162235022, 2.4549409829, 1.7785269649, 1.1712236895, 2.9834073588, 1.6742830816, 1.9182702439, 1.7363835233, 1.853733683, 1.8158063202, 1.564669537, 1.149478623, 1.6091563501, 1.3586314879, 1.598396676, 1.4792725338, 0.81724462095, 1.9051810181, 3.2719256324],
      [29.5774395063, 9.8967311695, 23.0911366463, 13.7932439037, 17.6703801734, 13.3042968919, 17.393993379, 14.8479620505, 15.0399068719, 14.7252248707, 21.815002852, 16.5602022119, 8.4165193852, 3.3426260636, 4.3565375708, 3.1603644706, 4.4921104591, 2.6477264863, 3.0098831441, 3.0332986996, 3.4374568642, 2.3732925798, 3.6001992967, 3.6094924341, 3.5072033852, 3.0232794876, 4.3584334084, 1.7104328422, 3.2783175557, 4.8411684883, 4.1892076766, 1.1088664131, 3.593564609, 3.4870311114, 4.8220633945, 3.3971524385, 3.8168757396, 4.8110614487, 1.7999053582, 2.6245565614, 4.8929422305, 3.1974799507, 2.8902680498, 2.6044389501, 5.9794528823, 3.9146094911, 3.9270655013, 3.5941193372, 5.5168859137, 3.8348181085],
      [0.93304876519, 0.72451045768, 1.9836079768, 1.1827496922, 1.0366798389, 1.0102299209, 1.2237351962, 1.4766631883, 1.9388066527, 1.3888854849, 2.5967833427, 2.5295466095, 1.0322107392, 0.28008344456, 0.34463729663, 0.2707971403, 0.30396390227, 0.28309922853, 0.26681433407, 0.23792928487, 0.22905062909, 0.23933843994, 0.58120812034, 0.21780056811, 0.43639055912, 0.34548962791, 0.40734599997, 0.2221220976, 0.13869178218, 0.36538916954, 0.47556956712, 0.072359794273, 0.4339567057, 0.30288566218, 0.27069819712, 0.39430835405, 0.23059263301, 0.35512412907, 0.19638556054, 0.098654903497, 0.45879646337, 0.20649364443, 0.20721506206, 0.09991674083, 0.46665597869, 0.3136876611, 0.27838281924, 0.57418654044, 0.38963363863, 0.30140362559],
      [5.8153905417, 8.8987439661, 5.0955584895, 3.5413579994, 4.2915967594, 2.6496265077, 1.6831356187, 3.0692688623, 2.868979264, 2.2936614627, 4.8371032353, 2.1584081406, 0.88274824731, 0.39246644997, 1.3481076479, 0.91353307619, 1.1728252876, 1.146891724, 0.38040944149, 0.27965743533, 0.39362370545, 0.56995254743, 0.77281963619, 0.51560614581, 0.97216956041, 0.80425928634, 0.51965182695, 0.33107436874, 0.40563503454, 1.2779784621, 0.35050900057, 0.48196895145, 1.1996119795, 0.73416196564, 0.65072059824, 0.96421898294, 0.6017475907, 0.36724205287, 0.28855211524, 0.70947031501, 0.30535039398, 0.7610849437, 0.42126939993, 2.9223308088, 0.55380712552, 0.62403310555, 0.35937688031, 0.20302464772, 1.2363801797, 0.4239566259]
    ],
    [
      [3.5405789076, 4.4229842146, 3.9605933827, 8.4591004417, 5.8884840057, 5.3537662193, 7.5368195361, 5.7204574044, 5.1179466789, 6.4331539141, 3.1911194598, 2.8748440273, 16.7936788138, 29.5470674198, 28.1423998954, 27.4152784149, 24.4595561227, 26.0253607363, 28.6887468817, 28.2655441333, 23.3026820833, 28.8071368578, 31.5222738416, 23.1709776819, 21.7267290819, 6.4320234955, 3.8818576128, 4.5675856072, 7.487441811, 5.0643466152, 4.4507767766, 5.2128942513, 6.8382951397, 6.3424590701, 3.9985694741, 3.844263843, 7.6516014547, 5.8359035376, 2.8319231429, 5.4166843715, 3.7288528205, 6.1823178802, 6.7970751135, 6.5426047307, 4.0256471023, 3.2201280938, 5.7337876594, 4.9946619801, 3.248428137, 3.7042199001],
      [0.13002970586, 0.30908834323, 0.24138104885, 0.56183098338, 0.26257726445, 0.14580863982, 0.35361875641, 0.17169156402, 0.22033012894, 0.37098193454, 0.12022278151, 0.18099946299, 0.71466901487, 1.0776413643, 0.82425083057, 1.6586837825, 1.3361164314, 0.62575895461, 0.91091622231, 1.9308976367, 0.9791317571, 1.077860915, 0.70901054741, 1.8589646358, 0.83805397579, 0.21112875465, 0.18977040691, 0.23129589385, 0.20296368968, 0.34895448838, 0.1946590777, 0.3275939357, 0.49272907041, 0.16934985546, 0.12734831989, 0.1933048022, 0.24670547145, 0.25094508757, 0.29568702916, 0.18409603499, 0.13901348688, 0.20387028123, 0.30705819249, 0.40423450743, 0.15056440241, 0.11689639582, 0.1097721561, 0.24737855172, 0.10133083083, 0.27821585046],
      [3.5504020564, 3.418568793, 4.2671538558, 3.5226307418, 3.4184385328, 1.8095002897, 5.7082107012, 3.3059194855, 2.7398424926, 3.5810489325, 2.7933146046, 2.6954267815, 9.5779356319, 20.3693669395, 16.9647477404, 18.6082710707, 17.4440516057, 10.6447957631, 16.1174620428, 17.6947530947, 19.8342640053, 16.940637524, 9.0021451366, 22.7770908116, 16.943462263, 3.3177977583, 2.9546750392, 2.9583251595, 4.9710419624, 4.0937039307, 2.0530309574, 4.1678139377, 5.573262453, 2.8193202445, 4.1739517217, 2.160585092, 4.7870189057, 5.4653951682, 2.532598488, 2.1885790039, 3.0728932079, 3.5725204704, 6.5026195937, 4.724657893, 3.7732032744, 2.3366072839, 2.2075577968, 2.739962122, 2.4956581201, 2.5317613897],
      [2.3139361056, 2.216668135, 4.0640106007, 3.9412266221, 1.9680489148, 1.4788371923, 4.1134581149, 3.4435192843, 3.6482598762, 3.3304195938, 3.6181007689, 3.1209441766, 12.4110217431, 17.7540346191, 14.3343849486, 16.5530874254, 12.2471819398, 17.0730558933, 15.236744226, 14.299704405, 13.8428770489, 17.9472566141, 17.2774165415, 13.5465116465, 19.9887442544, 3.631471174, 2.8379424614, 3.9257714785, 2.2675686115, 2.9695573834, 3.1797614399, 3.2239191272, 7.0395298287, 2.3697750516, 2.4675088494, 2.4989802195, 2.9267767117, 4.225811155, 3.0757683248, 1.8659030228, 2.9762163871, 2.593567827, 4.8989902611, 2.5941475697, 3.8606947891, 2.1198024608, 1.7410684823, 4.8708065136, 1.8632353543, 2.3218673322],
      [0.46505322446, 1.6326905142, 0.4668611119, 0.51521121094, 0.46245128212, 0.21208765891, 0.2878928914, 0.35841226182, 0.27362082341, 0.28439562504, 0.27724238517, 0.12778555156, 0.50269479622, 1.2518896573, 2.7342165851, 2.7646793065, 2.5130939003, 3.6310286527, 1.0461306272, 0.80910073028, 1.0410451055, 2.2271080891, 0.48915393289, 1.6464552242, 2.5030104249, 0.40757881763, 0.13575447965, 0.31702186105, 0.070983925472, 0.52343758226, 0.1217717483, 1.0677787481, 1.0561835082, 0.29909577837, 0.2326216349, 0.30286604336, 0.38789745653, 0.22194505166, 0.26402301509, 0.34473756673, 0.083024097694, 0.44772354123, 0.49425683922, 1.7343552992, 0.18989043184, 0.20656576566, 0.20781390542, 0.14719083251, 0.29134755779, 0.16393552763]
    ],
    [
      [3.103344558, 1.3853436985, 2.6658621194, 1.9250912554, 2.8414274919, 7.7468148577, 3.8205821116, 5.7260824139, 3.4348639965, 3.4323841208, 3.1729447411, 2.8830242087, 2.3683866687, 3.2340136378, 1.8659379915, 2.9099941941, 3.3540576557, 3.3701419908, 5.3817521513, 2.0016036924, 4.6103640265, 3.5382890148, 4.6357573863, 2.3430862307, 2.6667924947, 19.4464686526, 17.2593858397, 17.1210024383, 16.0225675567, 10.8020914848, 18.112639302, 17.5985489459, 13.427540883, 23.795591027, 15.9062798388, 15.738344589, 23.2985647044, 8.0717172188, 2.5009967759, 5.7535785809, 3.5936215151, 5.2639430934, 2.6369475153, 3.123361553, 1.9986797282, 3.3269585367, 3.3576012413, 2.0052756545, 3.0482278199, 1.9905743688],
      [2.6892528382, 1.7772004483, 3.4995828218, 2.509817164, 2.8467133385, 4.5772503082, 3.5621368762, 3.3354449564, 2.754425437, 3.783107196, 2.1392509748, 2.7244692142, 3.094362184, 2.3217289724, 1.0622832309, 3.5190133876, 3.6367628667, 1.7466480087, 3.4724851981, 3.1736460417, 3.7751856761, 2.4336832961, 1.5086457442, 4.2496654715, 2.5060541999, 12.6537471796, 16.1230403583, 15.8680118368, 17.3193082739, 18.485278165, 13.2780419958, 18.1956668604, 10.2989725377, 11.9047289287, 10.5312820073, 15.8049882882, 13.1275878672, 6.8375025303, 5.9444663271, 4.8975254405, 2.4996018541, 3.3550466897, 2.3213931151, 4.8853881766, 1.6692642414, 2.3573617108, 1.2742345089, 2.7446299668, 1.9193705927, 3.1726427588],
      [4.6386036107, 1.2973549685, 3.5210849716, 1.0429463986, 2.208316462, 3.666997215, 3.5203526957, 4.1937826081, 2.2085732667, 2.050727352, 2.9612582192, 2.2672945207, 2.6304454796, 2.6391141292, 1.3315816855, 2.3960615983, 2.8772672226, 2.2760015674, 3.7909633341, 2.0874101071, 4.5927123543, 2.4784726898, 2.2401896781, 3.0789057688, 3.1527239179, 12.3345460285, 15.5646361265, 13.2303351108, 15.821347742, 14.9747115417, 13.3836556542, 12.9199621661, 11.3194219228, 12.6570033815, 19.2110874736, 10.0874357012, 15.2515526186, 8.8766735099, 2.8815802067, 2.9917158225, 3.8865374167, 3.5861122875, 3.0505195868, 3.5328636363, 3.2063759098, 2.8990762635, 1.6789835772, 2.2632026691, 2.896304472, 1.8784997821],
      [2.246897398, 0.46229539414, 3.1585443344, 1.1175803739, 1.2989928943, 2.9475024351, 2.5822414861, 4.504758356, 2.9797165715, 2.2061994094, 3.8011755178, 2.751625594, 3.4777831893, 2.3451295422, 1.1413835794, 2.1742487458, 2.0442548449, 4.0709882044, 3.6553003231, 1.5065157275, 3.3207408734, 2.6820029496, 2.3106070467, 1.7732943487, 3.49884679, 14.4394312019, 15.4507908597, 16.9527950943, 9.9211217524, 10.8610604527, 16.5970265669, 12.6013110675, 13.9798621208, 10.9632109478, 12.5877608069, 12.8253089443, 8.6092188017, 7.2632621966, 3.4894225935, 2.0929956197, 3.7505474002, 2.4659237612, 2.3396682731, 1.9508218124, 2.5837286095, 2.6926961948, 1.3855000664, 3.8438993684, 2.1953856841, 1.640222873],
      [1.3219015951, 1.0778054905, 1.1549257528, 0.40456480824, 0.80454981329, 1.061435184, 0.51468683029, 1.2399316656, 0.62242072826, 0.52758192178, 0.92537054705, 0.37358646247, 0.42902247843, 0.46001371842, 0.59881351271, 1.0006820742, 1.0876574101, 1.5362202286, 0.69949899345, 0.23082443125, 0.70099706971, 0.86755204968, 0.30480014462, 0.55504818025, 1.1755825976, 4.1258069375, 2.6021468158, 3.8278555197, 1.915654675, 4.8768583559, 1.628636481, 10.68451096, 5.9742025356, 3.679465715, 3.7635898734, 4.5439224773, 3.7130760081, 0.95084454431, 1.1835340967, 1.2641845364, 0.26969181391, 1.3289741682, 0.65147150962, 3.5075648218, 0.541951511, 0.72390729417, 0.30368060622, 0.14299234112, 0.94071143129, 0.31806021728]
    ],
    [
      [0.72168377984, 2.6836983703, 0.55557373736, 1.2023911778, 1.9870143484, 1.5282362434, 1.3485140811, 1.5312860199, 1.4037408735, 1.4614172496, 0.60536646824, 0.73726903934, 1.5054253639, 0.86479399888, 1.877203033, 0.88846795308, 1.4428538472, 1.9552658315, 1.2051152918, 1.6342822951, 1.4403459533, 1.2886079508, 1.2197995738, 1.1375837273, 1.0322814161, 1.1511315985, 0.79118378106, 1.1614592869, 1.6928882774, 0.98219196936, 1.4812765437, 0.88341630704, 1.0638936919, 1.477151645, 1.394550445, 1.7119496668, 0.97735262867, 3.2252864031, 4.0457140692, 9.2817483046, 5.3630576902, 8.460964187, 5.4612286329, 6.0598409066, 4.4865810403, 6.7711728328, 12.2919001468, 5.5707383316, 6.4800790445, 5.6203222548],
      [0.7771738677, 1.6909492037, 0.80783930109, 1.7524993678, 2.0122602889, 1.0316353176, 1.5719574906, 1.1429467622, 1.4025210728, 2.1079893162, 0.51296536398, 1.1575551947, 1.5307241013, 0.76296460645, 1.3048105282, 1.339856716, 1.9324799831, 1.0878377147, 0.93674258763, 3.7696948727, 1.4495827221, 1.1912261662, 0.80528108046, 2.4754440833, 1.0366210265, 0.96689095936, 0.94516655046, 1.3730974481, 1.5618270499, 1.4618337745, 1.2174899069, 1.2927849665, 1.3303418147, 0.96450019023, 1.054495833, 2.203846735, 0.69283840932, 3.5922396096, 9.9624642043, 14.1821395438, 4.805209086, 6.6541639657, 5.975996612, 9.494249864, 3.7936899387, 5.9842553009, 5.6320537888, 4.8886286504, 5.4232923136, 11.3991488382],
      [2.4914718086, 4.181758901, 1.6998269221, 1.555291047, 3.2690057531, 1.6932360648, 3.210764988, 2.716305151, 2.2717021776, 2.5773819489, 1.5574706175, 2.785517606, 2.4429360001, 1.7709100151, 3.4333969568, 1.8759379544, 3.1311047893, 3.0654331579, 2.0557788303, 3.4267159729, 3.6192058936, 2.2962257562, 1.8688475899, 3.585811972, 2.4347094223, 1.7556667735, 1.8869230209, 2.2803284906, 6.1919324695, 2.0725938844, 2.175817366, 1.2892393853, 2.1517501928, 2.0157768796, 4.4642653439, 2.8002578225, 1.6928217211, 9.5999560459, 12.2201213065, 12.8977455596, 13.6171437792, 14.5736839365, 15.8540264948, 12.4127545398, 15.7120728882, 15.0534022113, 15.4459259954, 10.5972131309, 16.3441915086, 15.6624107276],
      [3.9986624044, 6.3887035288, 4.9288965311, 4.4820846155, 5.7154972508, 3.7397381577, 6.8604924785, 8.5978817394, 9.9131123546, 6.8449571767, 6.3187416316, 7.3149197222, 9.5158156319, 4.5970136368, 8.3631878626, 4.8848572751, 6.4770768379, 12.8603142706, 5.7969780361, 8.1621529093, 7.4831720888, 7.2126688565, 7.1016867662, 6.7906003063, 9.4814334198, 6.1170335452, 5.3721213485, 9.1747379965, 4.5469508662, 4.4727047062, 8.1216289916, 6.5165132514, 6.4390691194, 5.5339054588, 8.0748233303, 10.266832059, 2.631411362, 22.5686221706, 42.723391371, 25.5711348369, 38.1986713688, 29.2419432438, 34.6614098179, 25.8557460176, 39.9773104653, 40.1390889686, 34.5948241859, 42.9346539505, 35.67986257, 36.2863482136],
      [0.011008139452, 0.054889996107, 0.0078635082686, 0.0077337918589, 0.016222358851, 0.0071542165708, 0.008270961821, 0.011580327582, 0.008923521451, 0.0082543085856, 0.0054559185928, 0.0047384377113, 0.0050989027932, 0.0043177427924, 0.021401619388, 0.010880101439, 0.016484542568, 0.031149025355, 0.005385254144, 0.007153950184, 0.007693342229, 0.011271270308, 0.0043849896037, 0.010559910996, 0.014954715208, 0.0092771233711, 0.0046052991051, 0.010376777887, 0.0064013369298, 0.010675665509, 0.0037871917344, 0.018046089734, 0.014945181255, 0.0086658264075, 0.011865047809, 0.017113716675, 0.005575878933, 0.013895770816, 0.048309049001, 0.067231755037, 0.015918075829, 0.06924466688, 0.047338442409, 0.17740867198, 0.030345667474, 0.052080686434, 0.035295883171, 0.0087659365239, 0.072574563285, 0.031769965928]
    ]
  ],
  "prob": [
    [0.4747923477, 0.15801506268, 0.28495756178, 0.02422478148, 0.058010246358],
    [0.42188151306, 0.018469806025, 0.2808403269, 0.24887162282, 0.029936731194],
    [0.27907117913, 0.23208240288, 0.22281837281, 0.2001637746, 0.065864270572],
    [0.10862846649, 0.11314755607, 0.21786956226, 0.55943572611, 0.00091868906787]
  ],
  "iterations": 999,
  "time": 65.280304,
  "message": "Maximum iterations reached",
  "status": 2,
  "miniter": 0,
  "maxiter": 1000,
  "maxtime": 3600,
  "param_threshold": 0.001,
  "ll_threshold": "-Inf",
  "initial_prob": "group_proportional",
  "ballotbox_id": ["1", "2", "3", "4", "5", "6", "7", "8", "9", "10", "11", "12", "13", "14", "15", "16", "17", "18", "19", "20", "21", "22", "23", "24", "25", "26", "27", "28", "29", "30", "31", "32", "33", "34", "35", "36", "37", "38", "39", "40", "41", "42", "43", "44", "45", "46", "47", "48", "49", "50"],
  "candidates_id": ["1", "2", "3", "4", "5"],
  "group_id": ["1", "2", "3", "4"]
}
