{
  "Z_true": {},
  "V_true": [
    [1350, 218, 175],
    [11698, 898, 797],
    [451, 13785, 576],
    [369, 707, 640],
    [603, 1246, 926]
  ],
  "p_true": [
    [0.7745, 0.1251, 0.1004],
    [0.8734, 0.067, 0.0595],
    [0.0304, 0.9307, 0.0389],
    [0.215, 0.412, 0.373],
    [0.2173, 0.449, 0.3337]
  ],
  "Z_est": [
    [
      [103.1403, 22.3302, 45.8625, 63.5988, 30.1784, 57.0636, 38.6915, 25.5385, 84.4804, 13.2079, 32.7659, 11.6237, 3.4244, 0.6153, 30.2101, 25.5489, 15.3056, 57.2471, 53.3533, 58.2798, 38.3442, 59.5003, 2.0595, 3.7957, 2.7485, 86.4903, 4.8686, 106.1234, 31.4869],
      [49.369, 8.0597, 19.1003, 30.7938, 11.9873, 38.849, 28.2602, 14.8121, 45.6806, 6.4375, 15.2604, 6.1177, 1.4532, 0.3377, 18.7812, 14.6909, 10.2525, 30.4025, 31.4422, 38.5989, 24.4348, 39.9869, 0.859, 2.043, 1.1414, 46.249, 1.9825, 54.2864, 14.7463],
      [2.4907, 0.6101, 1.0372, 1.6074, 0.8343, 1.0874, 1.0484, 0.6494, 1.839, 0.3546, 0.9738, 0.2586, 0.1224, 0.047, 1.0086, 0.7602, 0.4419, 1.3504, 1.2046, 1.1212, 1.221, 1.5128, 0.0815, 0.1613, 0.11, 2.2607, 0.1489, 3.5903, 0.7669]
    ],
    [
      [736.2784, 337.7902, 639.9128, 564.5713, 302.4696, 377.4413, 352.592, 197.3226, 559.6594, 177.2157, 409.7199, 252.3703, 34.8468, 13.3468, 297.6541, 399.4595, 206.804, 872.239, 437.7773, 306.915, 434.4377, 682.7152, 10.0843, 27.8066, 90.5415, 793.9982, 120.3014, 758.0218, 148.9884],
      [49.4208, 3.7799, 21.8353, 37.4179, 6.04, 56.9166, 52.5749, 20.4139, 52.471, 11.1583, 20.669, 22.8167, 0.7349, 0.4323, 36.5359, 41.851, 31.8602, 82.969, 50.4805, 41.9029, 53.0138, 100.6392, 0.2038, 2.0238, 1.1387, 68.3605, 1.5869, 53.5803, 8.4318],
      [120.3008, 62.4299, 97.2519, 97.0108, 55.4904, 52.6421, 68.8332, 35.2635, 84.8695, 32.626, 82.6111, 38.8131, 8.4183, 7.2209, 69.81, 82.6895, 42.3358, 141.792, 69.7422, 43.1821, 97.5485, 123.6456, 2.7119, 8.1696, 25.3197, 143.6413, 25.1116, 174.3979, 24.5798]
    ],
    [
      [49.2286, 29.2445, 38.4572, 45.9172, 18.3214, 12.228, 13.6779, 18.6721, 50.7728, 17.0257, 31.5382, 17.7044, 3.4525, 1.4269, 19.5927, 30.7793, 7.7222, 46.7899, 30.3743, 15.6493, 34.7938, 29.3401, 2.6779, 2.783, 12.726, 80.9841, 11.7946, 65.3774, 20.3355],
      [626.1887, 188.3245, 393.1735, 561.2515, 175.7192, 741.0878, 980.5314, 352.953, 811.3082, 198.6419, 351.433, 273.2548, 31.1908, 17.1984, 455.572, 561.8113, 313.9057, 774.2904, 660.7916, 685.4452, 880.3424, 1274.9308, 20.1971, 37.7632, 89.099, 1176.9826, 96.3156, 840.9858, 211.3637],
      [14.5827, 7.431, 10.3692, 13.8314, 5.9594, 5.6842, 9.7908, 6.3749, 13.919, 5.3324, 11.0288, 5.0408, 1.3567, 1.3747, 9.8352, 12.4094, 4.3721, 14.9197, 9.8341, 5.9055, 16.8638, 14.7291, 1.125, 1.4538, 5.175, 26.0333, 3.8899, 26.6367, 5.3008]
    ],
    [
      [88.2965, 28.5386, 54.2348, 70.3164, 30.7124, 35.9283, 31.6524, 13.8152, 54.9285, 17.0902, 34.1194, 20.8251, 1.7048, 1.1833, 31.8427, 54.2018, 24.7619, 62.8186, 28.955, 38.5469, 49.3799, 76.3285, 1.6462, 1.55, 11.5891, 92.685, 7.2156, 61.959, 6.9299],
      [16.4141, 3.7879, 8.6028, 13.1692, 4.5633, 9.7204, 9.1666, 3.1249, 11.6294, 3.2108, 6.1106, 4.3119, 0.2772, 0.2352, 7.8866, 12.3601, 6.7615, 13.161, 6.72, 10.0851, 12.4681, 20.6854, 0.2338, 0.3222, 1.6624, 19.3104, 1.1028, 12.3271, 1.2553],
      [35.2894, 12.6736, 20.1624, 29.5143, 13.7244, 12.3513, 15.1809, 6.0599, 20.4421, 7.6991, 16.7701, 7.863, 1.018, 1.5816, 18.2707, 27.438, 12.4766, 25.0204, 11.325, 13.3679, 27.1519, 33.9861, 1.12, 1.1278, 7.7485, 41.0046, 3.6816, 34.7139, 2.8148]
    ],
    [
      [67.0562, 38.0965, 37.5326, 55.5963, 21.3183, 34.3388, 48.3863, 25.6515, 65.1589, 16.4605, 35.8566, 22.4765, 5.5715, 1.4278, 27.7003, 39.0104, 15.4063, 81.9054, 45.5401, 28.6088, 54.0444, 78.1159, 1.5321, 3.0647, 7.3948, 83.8424, 10.8199, 65.5183, 9.2593],
      [74.6073, 31.0481, 36.2881, 62.3676, 19.6903, 54.4263, 83.467, 34.6963, 81.9108, 18.5515, 38.5271, 27.4989, 5.3439, 1.7964, 40.2242, 52.2867, 24.2201, 101.177, 62.5658, 43.9678, 80.741, 123.7576, 1.5063, 3.8478, 6.9585, 104.0975, 10.0121, 77.8205, 10.2029],
      [25.3365, 15.8554, 13.1793, 22.0361, 8.9915, 11.235, 22.1467, 10.6522, 22.9303, 6.9879, 16.6163, 8.0246, 3.0846, 1.7758, 15.0755, 18.7029, 7.3736, 30.9175, 16.8941, 9.4233, 28.2146, 33.1265, 0.9617, 2.0875, 4.6467, 35.0601, 5.168, 34.6612, 3.5378]
    ]
  ],
  "V_est": [
    [1107.8835, 606.4159, 28.7006],
    [10543.2811, 931.2599, 1918.459],
    [759.3875, 13782.0531, 270.5594],
    [1033.7563, 220.666, 461.5778],
    [1026.6916, 1313.6052, 434.7032]
  ],
  "p_est": [
    [0.6116, 0.369, 0.0195],
    [0.7703, 0.0883, 0.1414],
    [0.069, 0.9082, 0.0228],
    [0.5969, 0.1498, 0.2533],
    [0.3759, 0.4751, 0.1489]
  ],
  "EI_Z": {},
  "EI_V": 8.7331,
  "MAE_Z": {},
  "MAE_V": 401.01,
  "MAE_p": 0.127,
  "runtime": 0
}
