{
  "Z_true": {},
  "V_true": [
    [278, 23, 190, 36, 1418, 42],
    [14, 775, 75, 332, 172, 47],
    [76, 957, 430, 5209, 489, 364],
    [841, 345, 2158, 155, 17542, 414],
    [37, 163, 717, 445, 530, 698]
  ],
  "p_true": [
    [0.1399, 0.0116, 0.0956, 0.0181, 0.7136, 0.0211],
    [0.0099, 0.5477, 0.053, 0.2346, 0.1216, 0.0332],
    [0.0101, 0.1272, 0.0571, 0.6922, 0.065, 0.0484],
    [0.0392, 0.0161, 0.1006, 0.0072, 0.8176, 0.0193],
    [0.0143, 0.0629, 0.2768, 0.1718, 0.2046, 0.2695]
  ],
  "Z_est": [
    [
      [6.7713, 2.7475, 0.3983, 26.6869, 9.5095, 25.4767, 27.8819, 24.4052, 25.7265, 21.5089, 18.7207, 0.4029, 0, 7.5679, 8.2459, 2.7882, 15.5165, 23.601, 15.4859, 9.2416, 2.9973, 0.7966, 15.8366, 0.2498, 0.3983, 1.2489, 12.4824, 8.7629, 0, 6.7438, 1.1949, 5.8805, 0, 0.3983, 45.4076, 24.6954, 7.1696, 2.0034, 2.0849, 37.8397, 4.0423, 31.466, 2.3899],
      [1.8574, 1.0216, 0.7339, 6.7049, 1.5493, 9.4728, 9.8443, 10.2745, 6.8497, 8.3584, 6.0366, 0.3262, 1.0883, 1.1416, 2.558, 1.2232, 5.7594, 7.9098, 5.252, 3.751, 1.1144, 0.4644, 5.8508, 0.0929, 0.1857, 0.6892, 7.9869, 3.4362, 0, 2.4463, 0.3715, 1.6717, 0.0929, 0.1857, 17.6135, 16.3903, 2.3648, 0.3715, 0.7339, 14.841, 1.2073, 8.9156, 1.9503],
      [6.2556, 4.1102, 0.4159, 36.2441, 11.8541, 38.1124, 39.4885, 34.8007, 38.486, 35.1276, 24.2873, 0.6239, 2.7268, 4.9912, 10.4622, 1.6637, 23.1663, 27.8764, 25.1478, 16.0135, 4.4838, 2.3205, 23.54, 0.3737, 0.8876, 0.6239, 32.1339, 14.5747, 0, 10.1904, 0.967, 6.447, 0.6182, 0.8485, 61.0469, 57.0469, 12.7041, 0.6239, 2.9115, 70.0578, 4.8575, 35.8704, 6.8576],
      [0.6801, 0.4746, 0.2637, 4.122, 1.5101, 4.4007, 3.2857, 4.185, 4.4439, 3.2754, 0.908, 0.111, 0.2107, 0.8197, 1.208, 2.1914, 2.675, 14.7947, 2.079, 0.8605, 0.3608, 0.2157, 2.7181, 0.0431, 0.0694, 0.2798, 3.7104, 1.5963, 0, 1.1243, 0.5043, 0.7766, 0.0431, 0.0863, 5.4404, 6.6698, 2.4982, 0.0833, 0.3452, 8.1543, 0.5609, 4.1419, 0.906],
      [4.2045, 2.4897, 2.1496, 20.3917, 9.4984, 21.4428, 22.2837, 20.3917, 24.369, 18.9201, 13.3911, 0.4204, 2.1222, 3.9787, 4.6763, 3.5557, 13.0339, 20.8121, 13.0339, 6.6327, 2.5227, 1.0511, 13.2441, 0.2102, 0.4204, 2.0812, 27.0772, 7.6283, 0, 5.676, 0.8409, 2.6782, 0.2073, 0.4204, 29.8708, 29.0109, 7.7693, 0.8409, 1.6818, 52.3732, 1.9376, 12.6936, 8.1259],
      [0.2311, 0.1565, 0.0385, 2.8504, 1.0785, 3.0945, 3.2159, 2.9429, 3.1249, 2.8097, 1.6563, 0.1156, 0.852, 0.5008, 0.8495, 0.5778, 1.8489, 4.006, 1.0015, 0.5008, 0.521, 0.1517, 1.8104, 0.0303, 0.0385, 0.077, 2.6091, 1.0015, 0, 0.8191, 0.1214, 0.5461, 0.0385, 0.0607, 3.6208, 4.1867, 1.494, 0.077, 0.2427, 5.734, 0.3944, 2.9125, 0.7704]
    ],
    [
      [0.0005, 0, 0, 0.0019, 0.0003, 0.0017, 0.002, 0.0018, 0.0017, 0.001, 0.0013, 0, 0, 0.0005, 0.0006, 0.0002, 0.001, 0.0016, 0.0008, 0.0006, 0.0002, 0.0001, 0.0014, 0, 0, 0.0001, 0.0008, 0.0006, 0, 0.0006, 0, 0.0006, 0, 0, 0.0032, 0.0017, 0.0003, 0.013, 0.0003, 0.0027, 0.0006, 0.0029, 0.0002],
      [9.6468, 1.9267, 1.941, 63.3369, 10.597, 53.8377, 44.3145, 69.3619, 65.493, 37.571, 32.7878, 1.932, 0.9634, 9.4796, 24.7984, 8.71, 40.4611, 63.0701, 23.1206, 22.3093, 6.7435, 7.8742, 51.0581, 0, 2.8901, 3.8856, 40.5989, 26.0107, 0, 24.3325, 1.9284, 20.3943, 1.6926, 5.7802, 125.1727, 136.7971, 13.487, 3.8534, 5.8578, 114.1411, 25.0474, 113.6046, 43.3512],
      [0.0913, 0.0183, 0.0072, 0.6946, 0.1004, 0.5933, 0.4199, 0.6572, 0.6259, 0.356, 0.3103, 0.0109, 0.0091, 0.0913, 0.2373, 0.0289, 0.3834, 0.6024, 0.2203, 0.2099, 0.0639, 0.2458, 0.4836, 0, 0.0313, 0.0109, 0.3184, 0.2764, 0, 0.2373, 0.0145, 0.1122, 0.1015, 0.0548, 1.1775, 1.3512, 0.1278, 0.0109, 0.0639, 1.0862, 0.2373, 1.0679, 0.1049],
      [0.0765, 0.0153, 0.0153, 0.5204, 0.0841, 0.4283, 0.3206, 0.5507, 0.5201, 0.2983, 0.226, 0.0153, 0.0076, 0.1805, 0.4205, 0.0688, 0.3213, 0.9339, 0.1836, 0.1086, 0.0456, 1.6816, 0.4054, 0, 0.0229, 0.0306, 0.2365, 0.2065, 0, 0.1989, 0.0153, 0.1606, 0.0153, 0.046, 0.6869, 1.1412, 0.1071, 0.0306, 0.6432, 0.9567, 0.1989, 0.643, 0.3442],
      [0.1689, 0.0338, 0.0338, 1.2492, 0.1858, 0.974, 0.7772, 1.2164, 1.1591, 0.6589, 0.5744, 0.0338, 0.0169, 0.2135, 0.4393, 0.1521, 0.7096, 1.1151, 0.4055, 0.3369, 0.1183, 0.1689, 0.8954, 0, 0.053, 0.0676, 0.7096, 0.4366, 0, 1.1541, 0.0338, 0.2705, 0.0338, 0.1014, 1.7095, 2.399, 0.2365, 0.0804, 0.331, 2.4486, 0.4393, 1.337, 1.1077],
      [0.016, 0.0059, 0.0027, 0.197, 0.0324, 0.1649, 0.1658, 0.212, 0.2002, 0.1148, 0.1001, 0.008, 0.0029, 0.0346, 0.1038, 0.0399, 0.1237, 0.2769, 0.0692, 0.0346, 0.0286, 0.0294, 0.1561, 0, 0.0027, 0.0053, 0.1358, 0.0692, 0, 0.0766, 0.008, 0.0618, 0.1568, 0.0177, 0.2503, 0.3098, 0.0412, 0.0118, 0.1038, 0.3647, 0.0766, 0.3445, 0.0918]
    ],
    [
      [3.8595, 1.3622, 0.227, 15.2109, 4.1351, 14.0757, 15.892, 15.2622, 12.3116, 12.2595, 10.6703, 0.227, 0, 4.3135, 5.2216, 1.5892, 14.2472, 12.7136, 8.4, 4.7676, 1.8162, 0.4541, 11.5784, 0.4135, 0.227, 0.8646, 6.2778, 4.181, 0, 3.2614, 0.7894, 5.526, 0, 0.227, 25.8812, 14.0757, 4.0866, 1.8879, 2.2703, 21.5677, 2.4973, 17.9352, 1.3622],
      [5.9127, 0.7936, 4.8298, 13.795, 2.849, 12.4458, 12.8038, 20.7036, 1.7633, 14.6103, 10.7961, 0.5998, 0.4498, 1.0528, 5.9978, 2.2492, 19.0784, 14.5448, 6.4477, 6.8975, 3.1019, 0, 12.2956, 0.5414, 0.3157, 1.2623, 9.6767, 5.7856, 0.5598, 0.8726, 1.317, 6.6287, 0.0676, 1.1996, 37.044, 20.2921, 4.728, 1.0475, 0.913, 25.2521, 4.9143, 29.2395, 4.9152],
      [2.5111, 0.9382, 0.1512, 19.8225, 3.9461, 12.401, 13.0815, 14.5647, 10.1128, 28.4258, 9.1495, 0.2268, 0.287, 1.8103, 3.932, 0.6049, 10.4975, 9.7544, 8.9983, 13.6054, 1.8148, 1.7392, 8.7437, 0.3038, 0.6049, 0.2268, 2.9225, 6.6542, 0, 3.6451, 0.3025, 2.3441, 0.1604, 1.0367, 31.8589, 18.4502, 5.7483, 0.2268, 1.0454, 13.5803, 2.5709, 21.8369, 2.1929],
      [46.3236, 15.3754, 18.0916, 271.5671, 82.5954, 195.9227, 165.5118, 296.6551, 210.8592, 213.5621, 114.8892, 5.9394, 5.3813, 92.7046, 215.4416, 74.1638, 288.5979, 482.0645, 109.4368, 56.075, 23.5153, 26.2821, 180.8872, 8.212, 4.5222, 18.0909, 121.1527, 72.0146, 8.2056, 41.5791, 17.289, 122.0989, 2.2681, 18.1982, 354.539, 338.9745, 162.7985, 5.4266, 104.0102, 493.8221, 75.9726, 332.8796, 79.3493],
      [9.2575, 2.6078, 3.4696, 40.4185, 10.0142, 27.9111, 30.3249, 37.1266, 24.8535, 37.8381, 15.3855, 0.3148, 0.7283, 6.1194, 12.4087, 5.9321, 35.5043, 41.9276, 15.7184, 9.655, 7.0602, 2.1403, 20.6511, 1.0014, 1.0995, 2.0939, 15.2034, 2.768, 2.2346, 5.3713, 2.0939, 4.865, 0.2731, 2.1849, 48.989, 36.7502, 18.7539, 1.8833, 10.763, 70.1688, 4.2768, 42.606, 16.566],
      [2.1355, 0.9229, 0.2307, 18.186, 6.4602, 13.2436, 19.386, 21.6879, 13.0997, 17.3042, 8.1093, 0.6922, 1.1536, 2.9994, 8.9982, 3.4608, 11.0747, 23.9951, 5.9988, 2.9994, 3.6916, 1.3843, 10.844, 0.5278, 0.2307, 0.4614, 11.7668, 5.5966, 0, 4.2705, 1.2083, 5.5373, 0.2307, 1.1536, 21.6879, 21.4572, 9.8847, 0.5278, 8.9982, 31.609, 5.7681, 23.5028, 4.6144]
    ],
    [
      [6.2032, 1.6323, 0.3316, 22.2189, 9.6103, 19.7355, 23.2138, 20.7516, 20.2292, 17.9083, 15.5864, 0.3494, 0, 6.3009, 8.2697, 2.3214, 15.918, 17.2755, 11.5221, 6.0872, 2.8423, 0.6633, 22.0733, 0.3367, 0.3316, 0.77, 9.9488, 8.1659, 0, 5.306, 0.9949, 8.1388, 0, 0.3316, 37.8053, 20.5608, 5.9693, 1.9898, 4.5687, 31.5045, 3.9867, 26.1984, 1.9898],
      [2.9351, 0.3673, 0.6611, 6.3112, 2.2437, 0, 7.6396, 9.2557, 2.1084, 9.3985, 6.6931, 1.061, 0.2204, 1.0284, 2.9383, 1.1019, 6.3174, 2.4848, 3.1587, 3.3791, 3.6102, 0.7346, 6.8837, 2.3657, 0.2378, 0.5142, 5.0686, 3.2852, 0.1162, 0, 0.3022, 3.0718, 0.1469, 0.093, 20.5226, 9.0343, 2.8324, 0.4407, 0.6611, 10.8969, 2.6445, 30.0985, 2.1109],
      [19.5736, 7.152, 1.3225, 126.9617, 38.5419, 100.9611, 114.3978, 99.6872, 114.3978, 151.9216, 80.8591, 2.0674, 3.6219, 15.8702, 34.6884, 5.2901, 81.9961, 84.1181, 72.9655, 42.222, 16.4298, 15.209, 78.0744, 1.3225, 4.0493, 1.9838, 50.324, 63.1676, 0, 32.4017, 2.645, 20.499, 2.1199, 5.2901, 242.1949, 154.5758, 48.0926, 1.9838, 9.2576, 195.0714, 24.5819, 160.0712, 18.35],
      [0.6465, 0, 0.152, 3.9188, 3.0804, 0, 2.4146, 0, 3.1667, 3.1139, 1.7021, 1.7752, 0, 1.359, 7.7858, 1.0819, 4.1959, 7.0327, 0, 0, 0.3431, 0.4331, 4.37, 0.7449, 0, 0.2639, 0.8906, 1.6107, 0.1188, 0, 1.0322, 2.197, 0.6735, 0.237, 5.1722, 4.4294, 2.5833, 0.0591, 1.5174, 7.4133, 2.9701, 4.8424, 1.1479],
      [182.1383, 55.513, 37.4489, 961.3826, 440.263, 731.0603, 832.0436, 772.8595, 886.8912, 1023.2364, 591.5526, 30.9521, 24.7383, 158.3511, 334.394, 110.9466, 695.5466, 777.3659, 446.1729, 256.2214, 172.5585, 96.4569, 674.7592, 26.7884, 27.2975, 35.3004, 587.4904, 345.1766, 14.765, 205.6987, 32.7526, 207.0805, 9.4858, 31.7836, 1314.4207, 970.266, 479.9997, 27.3589, 251.7241, 1874.6231, 170.1614, 1029.9714, 355.724],
      [0.5032, 0.3355, 0.0839, 6.2067, 5.2608, 5.2432, 6.2906, 3.446, 6.2067, 7.4213, 3.6066, 1.795, 0.4194, 1.0904, 3.9239, 1.2581, 4.026, 8.723, 2.1807, 1.0904, 4.2161, 0.5032, 4.8394, 0.4418, 0.0839, 0.1677, 4.2776, 2.5941, 0, 1.5936, 1.2731, 2.013, 0.574, 0.2646, 7.8842, 7.1337, 3.5227, 0.1677, 3.2711, 11.4908, 2.6555, 8.818, 1.6775]
    ],
    [
      [0.1655, 0.258, 0.043, 2.8814, 0.7448, 2.7103, 3.0104, 3.5793, 2.731, 2.3223, 2.0213, 0.0207, 0, 0.8171, 1.262, 0.301, 2.3172, 2.4083, 1.5912, 0.9031, 0.344, 0.086, 1.5103, 0, 0.043, 0.1165, 1.2902, 0.8896, 0, 0.6881, 0.0207, 2.4542, 0, 0.043, 4.9027, 2.6664, 0.7742, 0.106, 1.0758, 4.0856, 0.4731, 3.3975, 0.258],
      [0.6479, 0.8908, 0.8342, 1.8519, 1.761, 9.2437, 6.3977, 16.4042, 7.7856, 8.0619, 15.6864, 0.081, 0.2781, 1.2976, 3.7074, 1.7157, 14.3837, 8.9905, 5.021, 9.663, 1.4298, 0.9269, 5.9118, 0, 0.3707, 0.6488, 5.6689, 3.4823, 0.3239, 2.3485, 0.081, 4.2335, 0, 0.7415, 15.6471, 18.4862, 5.5879, 0.2868, 0.8342, 16.8688, 2.1866, 13.1418, 2.6725],
      [0.5683, 0.7815, 0.1031, 8.2771, 2.5575, 11.9323, 5.6123, 12.2902, 9.3775, 10.1691, 6.3938, 0.071, 0.3552, 1.237, 2.6801, 0.4123, 7.9567, 6.6487, 11.6681, 4.9492, 1.2077, 3.4856, 5.1583, 0, 2.427, 0.1546, 2.3012, 3.3272, 0, 2.5255, 0.071, 1.5977, 0, 0.7699, 11.7219, 12.5758, 4.3271, 0.1546, 0.7216, 15.2044, 1.7524, 11.1536, 1.4947],
      [1.2733, 1.1347, 0.4775, 16.8718, 5.73, 18.2482, 11.4672, 26.6092, 21.0101, 15.7503, 11.2746, 0.1592, 0.4004, 7.9362, 15.1441, 4.4941, 22.21, 28.1742, 9.3007, 4.9558, 1.7352, 2.3875, 11.6192, 0, 0.3855, 1.3348, 9.0097, 6.5718, 0.6757, 3.0978, 0.1592, 9.7669, 0, 1.4325, 26.1615, 25.7851, 12.0129, 0.4004, 8.4841, 35.6535, 4.2975, 24.493, 5.2525],
      [2.2308, 5.3557, 0.898, 29.558, 10.0386, 39.6118, 6.5707, 48.4058, 39.7273, 32.3464, 25.0964, 0.2788, 1.3942, 11.3373, 13.0817, 6.4135, 34.2056, 43.7792, 17.6693, 11.1539, 4.7404, 4.1827, 19.4502, 0, 4.1296, 1.4569, 19.5194, 11.9905, 3.0004, 8.0999, 0.2788, 13.1059, 0, 2.5096, 46.01, 42.5739, 19.2406, 0.8365, 14.5001, 64.3863, 2.185, 40.392, 10.4764],
      [3.1141, 2.5793, 0.6442, 46.5598, 15.1681, 49.2537, 45.9417, 65.7113, 51.3685, 47.35, 29.5276, 0.3893, 2.5721, 8.3749, 25.1246, 9.6633, 30.9267, 66.999, 16.7497, 8.3749, 7.5428, 3.9313, 29.3501, 0, 0.6442, 1.2884, 32.2106, 16.7386, 0, 12.2402, 0.3893, 15.8417, 0, 3.5034, 60.5568, 59.9126, 27.0573, 1.2156, 26.3842, 87.8014, 16.1055, 64.4221, 12.8459]
    ]
  ],
  "V_est": [
    [486.7721, 180.6895, 731.8401, 92.8275, 436.1605, 58.7102],
    [0.0469, 1360.1603, 12.8457, 13.1129, 24.5861, 4.248],
    [283.9265, 330.5911, 292.8305, 5573.2463, 687.3136, 357.092],
    [419.9415, 174.9761, 2346.311, 84.4751, 18290.7214, 138.5749],
    [55.3129, 216.583, 186.1727, 413.3382, 712.2184, 1006.3748]
  ],
  "p_est": [
    [0.245, 0.0909, 0.3683, 0.0467, 0.2195, 0.0295],
    [0, 0.9612, 0.0091, 0.0093, 0.0174, 0.003],
    [0.0377, 0.0439, 0.0389, 0.7406, 0.0913, 0.0475],
    [0.0196, 0.0082, 0.1094, 0.0039, 0.8525, 0.0065],
    [0.0214, 0.0836, 0.0719, 0.1596, 0.275, 0.3886]
  ],
  "EI_Z": {},
  "EI_V": 10.9717,
  "MAE_Z": {},
  "MAE_V": 255.8005,
  "MAE_p": 0.0847,
  "runtime": 5.733
}
