{
  "Z_true": {},
  "V_true": [
    [32, 133, 1003, 125],
    [309, 372, 12586, 598],
    [334, 12281, 547, 406],
    [1049, 760, 577, 118],
    [123, 1025, 683, 768]
  ],
  "p_true": [
    [0.0247, 0.1029, 0.7757, 0.0967],
    [0.0223, 0.0268, 0.9078, 0.0431],
    [0.0246, 0.9051, 0.0403, 0.0299],
    [0.4189, 0.3035, 0.2304, 0.0471],
    [0.0473, 0.3944, 0.2628, 0.2955]
  ],
  "Z_est": [
    [
      [0.003, 0.0326, 0.368, 0.439, 0.3049, 0.3646, 0.7861, 0.3469, 0.1599, 0.2724, 0.3113, 0.4269, 0.039, 0.0769, 0.4255, 0.114, 0.3389, 0.1894, 0.395, 0.4557, 0.0929, 0.1948, 0.1513, 0.0631, 0.3368, 0.0642, 0, 0.1352, 0.2781, 0.1416, 0.2687, 0.1368, 2.0709, 0.1166, 0.3106, 0.0434, 0.8364, 0.2377, 0.9744, 0.1666],
      [0.066, 0.4625, 2.8153, 8.6985, 3.3582, 5.8939, 4.421, 2.1746, 1.8414, 3.1454, 5.3645, 3.989, 0.6395, 1.1256, 8.246, 1.3821, 2.5506, 2.4464, 4.1697, 4.9768, 0.6889, 2.2133, 2.3254, 2.0108, 4.0343, 1.0606, 0.1442, 2.0082, 4.3924, 1.6128, 4.0845, 2.1693, 0.3167, 1.482, 4.4116, 0.2198, 11.9273, 1.1706, 10.125, 2.2089],
      [0.8582, 4.9122, 29.1238, 41.6413, 21.39, 31.2834, 40.639, 17.0126, 11.599, 25.95, 30.5573, 26.0966, 6.2613, 6.341, 54.2235, 6.5751, 20.5173, 16.9378, 34.7495, 35.8489, 8.7521, 19.2491, 13.7284, 10.185, 25.6805, 6.4811, 0.3416, 9.7585, 17.6852, 10.4029, 18.792, 9.2433, 1.6088, 6.7511, 25.7091, 2.0396, 50.7647, 9.2695, 78.3069, 21.3003],
      [1.0728, 1.5926, 14.693, 14.2212, 8.9468, 11.4581, 18.1539, 7.4659, 7.3998, 10.6322, 10.7669, 11.4875, 3.0602, 1.4566, 21.105, 1.9288, 13.5933, 5.4264, 13.6858, 11.7186, 3.4661, 7.3428, 5.7949, 2.7411, 9.9484, 3.394, 0.5142, 4.0981, 8.6444, 4.8428, 5.8548, 4.4507, 1.0036, 3.6502, 13.5687, 0.6972, 21.4716, 3.3221, 45.5937, 5.3242]
    ],
    [
      [0.2789, 0.6817, 22.4317, 21.6641, 19.3524, 16.7301, 36.967, 21.0515, 9.506, 6.9334, 17.2537, 9.1119, 1.532, 0.9006, 13.043, 3.3954, 15.6646, 11.0804, 18.7876, 16.0768, 8.0495, 19.4814, 17.4824, 1.0476, 19.9033, 7.2066, 0, 3.7744, 16.7962, 12.663, 15.6605, 5.5637, 38.8331, 4.1029, 9.3891, 6.6084, 32.0936, 7.3307, 34.5198, 2.4692],
      [0.3824, 0.437, 6.9008, 23.6879, 9.5769, 13.5044, 10.8858, 6.6595, 5.12, 3.6362, 16.3823, 3.7483, 1.609, 0.5854, 14.5455, 1.8238, 5.4268, 6.9849, 9.0186, 8.042, 1.831, 10.9644, 14.2536, 1.6154, 10.9501, 6.7519, 0.7055, 2.5676, 12.4428, 6.5213, 11.308, 4.0966, 33.5076, 2.3355, 6.3217, 1.8895, 20.9157, 2.5823, 16.6807, 1.5597],
      [20.2964, 31.3834, 536.3794, 693.9288, 409.542, 455.5389, 612.0629, 327.0417, 208.1593, 201.3045, 571.3583, 168.0691, 99.6735, 22.4677, 563.7287, 58.917, 285.8109, 309.5733, 508.7779, 382.5877, 229.8334, 624.4534, 530.4657, 49.3471, 461.9246, 251.0412, 9.0291, 82.7076, 327.829, 281.6365, 336.6299, 114.6806, 50.1619, 71.7247, 237.6586, 103.3362, 591.3611, 97.9531, 844.0533, 94.8108],
      [4.0422, 2.4978, 61.2881, 53.7191, 39.5287, 38.2265, 63.0843, 33.2473, 29.2147, 19.1259, 46.0058, 17.0708, 11.1855, 1.0463, 50.6829, 3.8638, 41.0977, 22.3614, 46.416, 28.2935, 21.2861, 55.1008, 51.7984, 2.9898, 41.2221, 30.0003, 2.2654, 7.9504, 36.932, 30.1792, 23.4016, 12.6591, 9.4973, 8.8369, 28.6305, 8.1659, 57.6296, 8.134, 109.7461, 5.1603]
    ],
    [
      [0.3379, 0.4974, 22.1162, 18.8582, 23.6363, 13.9459, 39.2463, 15.7982, 8.1088, 8.1177, 16.4261, 12.0582, 1.7608, 0.9617, 15.8106, 6.3932, 16.233, 9.0122, 14.7174, 15.3239, 6.7612, 18.9501, 10.9234, 1.0138, 24.3557, 8.9339, 0, 9.2447, 16.3657, 16.0682, 17.1151, 10.3297, 36.8844, 9.3914, 10.582, 7.0355, 35.681, 7.6867, 43.4523, 4.2176],
      [22.5642, 14.7851, 323.5641, 850.1206, 496.1038, 451.971, 422.8322, 191.2224, 178.9746, 179.3067, 602.9207, 215.9009, 55.9725, 30.3414, 646.6459, 144.2262, 233.9924, 226.3205, 296.9507, 320.0207, 97.1829, 420.6597, 337.1279, 182.6583, 561.1585, 329.2141, 9.8757, 273.0846, 513.0896, 350.5962, 514.0144, 332.1949, 65.8724, 225.5892, 291.984, 72.1433, 983.5224, 74.4949, 860.0367, 105.4867],
      [2.0979, 0.5589, 16.0911, 22.1574, 14.5413, 11.8096, 19.1037, 7.1284, 5.6784, 6.8142, 17.6081, 6.2374, 2.5471, 0.697, 21.7265, 3.2141, 9.7019, 7.526, 11.6197, 10.9381, 5.6981, 17.498, 9.5724, 5.0034, 16.6822, 10.1427, 0.1243, 5.9245, 9.5872, 10.4158, 12.2465, 6.3492, 32.7151, 4.3524, 8.1946, 3.1639, 19.8703, 3.1632, 33.9127, 4.9649],
      [0, 0.1586, 4.2287, 2.8639, 3.7186, 2.2734, 4.8178, 1.851, 1.2381, 1.7614, 3.0451, 1.8035, 0.7196, 0, 4.8169, 0.1665, 2.0727, 1.1412, 2.7122, 1.7173, 1.3579, 3.8922, 2.3763, 0.3245, 3.8035, 2.7093, 0, 1.7463, 2.9575, 2.9197, 0.624, 2.1262, 7.5281, 1.6669, 2.2394, 0.6572, 4.9263, 0.6552, 7.5983, 0.3308]
    ],
    [
      [0.09, 0.4923, 17.5252, 21.7148, 22.9577, 15.1131, 43.3751, 19.5053, 8.1653, 6.2347, 19.1852, 8.1589, 0.8496, 0.6158, 9.0116, 3.9617, 13.1337, 8.7007, 14.7289, 14.2311, 4.2471, 17.7958, 13.5883, 1.4198, 16.4724, 5.4284, 0, 4.7496, 13.8034, 15.6502, 12.3885, 10.0819, 50.8141, 5.6954, 8.3894, 9.8505, 27.1027, 9.8814, 24.8285, 1.8175],
      [0.1751, 0.8437, 17.1108, 52.0997, 32.2326, 30.2246, 30.1434, 15.2853, 12.0103, 8.9332, 40.4626, 9.8547, 1.529, 1.2798, 19.3673, 6.1506, 12.673, 14.1422, 19.5938, 19.7919, 4.0085, 25.4743, 26.2466, 4.556, 25.062, 11.1928, 0.6479, 8.8938, 27.5617, 22.7069, 23.8413, 20.1791, 12.039, 9.2262, 14.7357, 6.2844, 48.992, 5.5574, 32.6391, 2.8376],
      [0.6767, 2.5974, 53.2767, 75.1975, 61.778, 48.2806, 83.5422, 35.964, 22.7285, 22.119, 69.4439, 19.319, 4.453, 2.0694, 38.4452, 8.6948, 30.6667, 29.4284, 49.1539, 42.8932, 15.2691, 66.727, 46.6169, 6.8818, 48.0071, 20.5412, 0.3242, 12.9323, 33.355, 44.0355, 32.9874, 25.7658, 10.9982, 12.5509, 25.8147, 17.3929, 62.8195, 13.1831, 76.1141, 8.1887],
      [0.0583, 0.0665, 2.0873, 1.9881, 2.0317, 1.3817, 2.9393, 1.2454, 1.0959, 0.7131, 1.9083, 0.6674, 0.1684, 0.0349, 1.1759, 0.1929, 1.5265, 0.7288, 1.5234, 1.0839, 0.4752, 2.0028, 1.5482, 0.1423, 1.4585, 0.8376, 0.0279, 0.4243, 1.2799, 1.6074, 0.7828, 0.9732, 2.1487, 0.5275, 1.0601, 0.4722, 2.0858, 0.3781, 3.4184, 0.1561]
    ],
    [
      [0.2903, 0.2959, 8.5589, 11.3239, 7.7486, 4.8463, 14.6255, 9.2982, 5.0601, 3.4418, 8.8237, 4.2441, 0.8188, 0.4451, 6.7093, 2.1357, 5.6298, 5.0172, 9.3711, 6.9126, 3.8493, 7.5779, 5.8546, 0.4557, 6.9318, 3.367, 0, 3.0961, 5.7566, 6.477, 6.5671, 2.8879, 34.3974, 2.6936, 4.3289, 2.4621, 20.2863, 3.8636, 15.225, 1.3291],
      [1.8122, 1.4716, 23.6091, 77.3934, 30.7285, 27.406, 28.7176, 20.6581, 21.0537, 13.9785, 52.8699, 14.5071, 4.2501, 2.6678, 41.1952, 9.4173, 15.3572, 23.1061, 35.2673, 27.1686, 10.2887, 30.6883, 32.0465, 4.1594, 29.795, 19.7805, 0.6266, 16.4459, 32.5135, 26.5628, 35.7518, 16.3602, 6.2643, 12.3671, 21.547, 4.463, 103.6426, 6.1948, 56.5185, 5.9071],
      [4.0708, 2.5481, 42.129, 64.075, 33.7486, 25.0874, 45.6522, 27.8534, 22.8348, 19.8123, 52.0325, 16.278, 7.065, 2.4249, 46.8761, 7.599, 21.3032, 27.5344, 50.699, 33.7321, 22.4473, 46.0724, 32.6166, 3.5826, 32.7057, 20.7938, 0.1808, 13.6771, 22.5437, 29.5093, 28.3443, 11.9612, 5.516, 9.6209, 21.6229, 7.0674, 76.1843, 8.4311, 75.6131, 9.7352],
      [3.8268, 0.6844, 17.703, 18.2077, 11.7743, 7.6603, 17.0047, 10.1903, 12.0514, 6.7674, 15.2739, 5.9708, 2.8662, 0.4622, 15.2194, 1.848, 11.7098, 7.3423, 16.6626, 9.1867, 7.4146, 14.6614, 11.4822, 0.8022, 10.5675, 9.0587, 0.1925, 4.7809, 9.1862, 11.4508, 7.3369, 4.7908, 1.8223, 4.3184, 9.5012, 2.0074, 26.8868, 2.5105, 36.6435, 2.0285]
    ]
  ],
  "V_est": [
    [12.4702, 126.3735, 808.5674, 345.589],
    [525.418, 318.7581, 11857.2394, 1163.5844],
    [554.3521, 12504.7232, 417.3782, 91.5465],
    [501.7557, 676.5859, 1281.2335, 44.4249],
    [253.004, 944.5592, 1031.5815, 369.8553]
  ],
  "p_est": [
    [0.0096, 0.0977, 0.6253, 0.2673],
    [0.0379, 0.023, 0.8552, 0.0839],
    [0.0409, 0.9216, 0.0308, 0.0067],
    [0.2004, 0.2702, 0.5117, 0.0177],
    [0.0973, 0.3634, 0.3969, 0.1423]
  ],
  "EI_Z": {},
  "EI_V": 7.7729,
  "MAE_Z": {},
  "MAE_V": 262.9486,
  "MAE_p": 0.0725,
  "runtime": 0.014
}
