{
  "Z_true": {},
  "V_true": [
    [24, 979, 222, 430],
    [913, 153, 740, 142],
    [378, 585, 13842, 803],
    [43, 6477, 422, 365],
    [125, 1302, 1412, 1053],
    [40, 974, 923, 553],
    [125, 386, 1031, 1012]
  ],
  "p_true": [
    [0.0145, 0.5915, 0.1341, 0.2598],
    [0.4687, 0.0785, 0.3799, 0.0729],
    [0.0242, 0.0375, 0.8869, 0.0514],
    [0.0059, 0.8864, 0.0578, 0.05],
    [0.0321, 0.3345, 0.3628, 0.2706],
    [0.0161, 0.3912, 0.3707, 0.2221],
    [0.0489, 0.1511, 0.4037, 0.3962]
  ],
  "Z_est": [
    [
      [0.5965, 0.6442, 0.3181, 0.3891, 0.2893, 0.3634, 1.4, 0.9852, 1.6445, 0.4197, 1.3925, 0.1997, 0.4845, 1.1514, 0.2394, 0.9036, 1.6619, 0.3511, 0.2253, 0.4226, 2.4271, 1.7127, 1.2393, 1.5606, 0.6573, 1.4441, 0.103, 0.0492, 0.4278, 0.4734, 1.692, 0.3803, 2.1929, 1.5069, 0.8104, 2.1342, 1.3014, 0.4504, 0.4439, 0.1318, 1.3402, 0.3468, 4.2342, 0.2835],
      [17.3903, 25.9173, 12.8599, 27.8794, 15.8901, 5.2685, 27.0917, 40.7358, 36.5977, 12.8982, 52.1675, 1.6384, 22.8813, 29.2585, 16.5833, 23.2887, 33.6894, 19.874, 10.2839, 23.7885, 62.6765, 46.6251, 62.3801, 72.2714, 58.9811, 65.9142, 10.4799, 1.8066, 7.4167, 19.0304, 64.0472, 20.0901, 102.0116, 73.6421, 65.539, 83.518, 50.9052, 10.1399, 0.4459, 4.7596, 77.6727, 17.2781, 99.9151, 21.1727],
      [0.4201, 0.6336, 0.3849, 0.3605, 0.4541, 0.1811, 0.8673, 1.2619, 1.6089, 0.4352, 1.9243, 0.0925, 0.3565, 0.816, 0.0212, 0.3885, 0.9794, 0.4779, 0.2722, 0.4419, 1.4989, 0.8632, 0.8002, 1.228, 0.7255, 0.9233, 0.2054, 0.0705, 0.0497, 0.2714, 1.6557, 0.2271, 1.9126, 1.0712, 0.8833, 1.2221, 0.9555, 0.2411, 0, 0.0551, 1.6355, 0.1995, 1.8666, 0.2902],
      [0.5931, 0.8049, 0.437, 0.371, 0.3665, 0.187, 0.641, 1.0171, 1.149, 0.2469, 1.5156, 0.0694, 0.2777, 0.7741, 0.1561, 0.4192, 0.6693, 0.2971, 0.2186, 0.347, 1.3975, 0.799, 0.5804, 0.94, 0.6361, 0.7184, 0.2117, 0.0736, 0.1058, 0.2248, 1.6051, 0.3024, 1.8829, 0.7798, 0.7673, 1.1257, 0.8378, 0.1686, 0.1102, 0.0536, 1.3517, 0.1756, 1.984, 0.2535]
    ],
    [
      [17.3724, 19.3362, 11.773, 13.0168, 12.5723, 20.6546, 42.1815, 18.4998, 50.9846, 13.4142, 29.2958, 15.2453, 21.1668, 27.1621, 5.0631, 24.2527, 41.6046, 25.883, 16.8769, 15.8763, 42.5784, 42.7276, 29.7633, 34.2436, 26.0079, 41.861, 1.5767, 1.5087, 8.6762, 22.2374, 45.6619, 16.656, 28.923, 23.081, 23.5684, 52.0924, 46.6061, 23.4308, 0, 8.4976, 44.6901, 22.862, 131.5942, 10.3425],
      [2.003, 3.1418, 1.8978, 3.6275, 2.7556, 1.1831, 3.3077, 3.1052, 4.6007, 1.6074, 4.4773, 0.4491, 3.9383, 2.7532, 1.2749, 2.4445, 3.3858, 5.9373, 3.0458, 3.5637, 4.4766, 4.6993, 6.1237, 6.4715, 9.3519, 7.8122, 0.5329, 0.1507, 0.4884, 3.5443, 7.0591, 3.485, 5.4897, 4.5828, 7.6423, 8.3531, 7.4153, 2.0284, 0, 1.1724, 10.5748, 4.4988, 12.7513, 2.9043],
      [5.1664, 8.2483, 6.2057, 5.3126, 8.6354, 4.4811, 11.555, 10.512, 22.2166, 5.9817, 18.0402, 3.002, 6.8256, 8.4487, 0.9315, 4.5087, 10.7234, 15.5313, 8.929, 7.2608, 11.6498, 9.5009, 8.461, 11.9421, 12.3381, 11.9143, 1.1842, 0.8599, 0.3955, 5.554, 19.958, 4.3363, 11.1785, 7.2093, 11.1834, 13.4923, 15.2741, 5.3584, 0, 1.4902, 24.1671, 5.7308, 25.7233, 4.5535],
      [4.4582, 6.2736, 4.1235, 3.0431, 4.0367, 2.6812, 4.9558, 4.883, 9.1981, 1.9967, 8.1867, 1.3035, 3.0694, 4.636, 0.7305, 2.794, 4.2861, 5.6484, 4.1483, 3.2992, 6.2952, 5.0722, 3.6521, 5.3428, 6.3021, 5.4126, 0.7062, 0.4807, 0.4399, 2.6642, 11.3209, 3.5227, 6.4088, 3.1269, 5.6059, 7.0622, 7.7045, 2.1824, 0, 0.8398, 11.568, 2.9083, 15.9311, 2.1997]
    ],
    [
      [4.396, 5.0457, 3.3652, 0.9295, 1.4394, 5.5734, 12.1457, 3.8434, 8.6818, 2.7383, 4.2793, 5.2412, 1.6643, 2.7147, 0.6639, 2.9731, 6.2425, 3.3238, 1.8473, 2.2385, 9.5103, 7.2131, 9.2814, 7.0194, 3.9392, 7.9789, 0.1581, 0.0369, 2.215, 4.7425, 2.5668, 1.7262, 4.9018, 5.9049, 3.6878, 7.5893, 5.1035, 2.9556, 0, 6.2653, 6.0466, 3.9632, 14.1425, 0.8339],
      [16.0602, 27.2264, 18.6581, 9.2702, 17.5059, 12.25, 31.763, 23.6291, 20.8186, 9.839, 23.4855, 1.7625, 10.2649, 9.2507, 6.2672, 11.0551, 17.9123, 31.1293, 11.8288, 18.0721, 34.505, 28.5487, 62.0908, 43.6903, 60.8723, 48.5474, 2.9412, 0.1042, 6.4114, 25.1951, 12.8397, 11.2407, 31.421, 38.39, 51.0097, 40.4268, 26.8952, 9.1746, 0.2204, 31.5759, 57.9288, 24.9483, 49.2089, 8.4023],
      [226.3266, 392.468, 353.2171, 74.5554, 301.3562, 270.2456, 637.8194, 431.7266, 631.9934, 210.2943, 516.4872, 230.7223, 98.4368, 156.4751, 24.5838, 111.2443, 314.2489, 440.2734, 191.6416, 202.3418, 493.5823, 314.9513, 472.1853, 443.7565, 445.5823, 405.9949, 36.6547, 3.3627, 28.5412, 218.9633, 198.5582, 76.5438, 351.157, 331.9672, 405.8331, 356.4604, 304.8732, 133.4705, 0, 221.1296, 720.1126, 178.0637, 538.3373, 73.5275],
      [51.2172, 80.2599, 64.7597, 12.245, 40.6985, 45.931, 78.2719, 57.8008, 75.5062, 19.1284, 67.748, 29.274, 12.6341, 24.5596, 5.4851, 19.7275, 35.5963, 44.2736, 25.6823, 26.3476, 76.4024, 48.2869, 57.4426, 56.5338, 65.6062, 52.4788, 6.246, 0.4962, 8.8324, 30.0991, 32.0353, 17.4892, 57.5203, 40.7379, 58.4694, 53.5235, 44.1281, 15.3993, 0.7796, 36.0293, 98.9121, 26.0248, 95.3113, 10.2362]
    ],
    [
      [0.5196, 0.5856, 0.3449, 0.262, 0.2423, 0.9299, 1.6975, 1.1598, 1.6343, 0.3064, 1.1704, 0.5011, 0.3629, 1.0067, 0.4115, 0.559, 1.0947, 0.4142, 0.1943, 0.3695, 1.587, 0.9811, 1.5336, 0.9916, 0.3396, 1.4002, 0, 0.1188, 0.161, 0.6082, 0.7034, 0.2833, 1.2378, 0.9718, 0.4099, 1.8468, 0.7376, 0.4089, 0.5561, 0.9981, 1.0415, 0.508, 2.1783, 0.1419],
      [67.8282, 110.3807, 67.659, 101.943, 80.1228, 69.0743, 159.0898, 247.2645, 164.9323, 42.7596, 219.5768, 19.8626, 75.5644, 119.0249, 74.7764, 75.2707, 109.2693, 125.4911, 43.0308, 106.7026, 199.9078, 135.2532, 339.9572, 213.292, 259.1788, 283.8563, 47.6615, 6.4147, 28.8116, 112.6013, 120.214, 56.0472, 276.544, 212.1413, 337.3475, 329.9893, 135.2844, 44.6358, 0.3337, 186.9759, 361.6962, 107.6895, 263.5487, 53.4204],
      [12.4217, 20.5939, 15.5662, 10.2428, 17.5992, 18.3468, 39.125, 58.7657, 55.7478, 11.0814, 62.2162, 8.7057, 9.0728, 25.5355, 1.8938, 9.6802, 24.3201, 23.1761, 8.7702, 15.2254, 36.6665, 19.2295, 33.3874, 27.7516, 24.3279, 30.4981, 7.216, 2.123, 1.5777, 12.3336, 23.8615, 4.8399, 39.7223, 23.5607, 34.84, 37.2689, 19.5448, 8.1629, 0, 16.5473, 58.3901, 9.5564, 37.6428, 5.6973],
      [2.2305, 3.4398, 2.4299, 1.5522, 2.0357, 2.649, 4.0876, 6.81, 5.6856, 0.8526, 7.0367, 0.9305, 0.9998, 3.4329, 0.9182, 1.4901, 2.3159, 1.9185, 1.0047, 1.7025, 4.8387, 2.5362, 3.1218, 2.9648, 3.1537, 3.2455, 1.1225, 0.3436, 0.4497, 1.457, 3.2212, 0.8296, 5.4959, 2.3262, 4.4025, 4.895, 2.4332, 0.7923, 0.1102, 2.4787, 6.8722, 1.2461, 5.6302, 0.7404]
    ],
    [
      [0.0514, 0.0347, 0.0076, 0.0025, 0, 0, 0.0447, 0.0012, 0.0866, 0.0203, 0.0058, 0.002, 0.0163, 0.0364, 0.0129, 0.0047, 0.0186, 0, 0.006, 0.0037, 0.0312, 0.0173, 0.0879, 0.0368, 0, 0.0329, 0, 0.0012, 0, 0.04, 0.0193, 0.03, 0.0331, 0.0306, 0, 0.0579, 0.0251, 0.0151, 0, 0.0198, 0, 0.0239, 0.03, 0.0026],
      [2.445, 4.0213, 2.7167, 3.5835, 2.8899, 2.0797, 5.0209, 4.916, 3.3956, 1.2198, 4.3384, 0.5947, 1.9841, 2.6705, 1.551, 2.4465, 2.3853, 4.6516, 2.2888, 4.1502, 3.9273, 3.1382, 11.9148, 5.597, 8.6287, 4.7381, 0.7698, 0.0148, 0.5446, 4.7735, 1.885, 2.1302, 6.297, 4.5242, 8.5855, 7.2549, 3.3432, 1.8709, 0, 3.4187, 9.2473, 3.0678, 6.4537, 0.8668],
      [49.0399, 82.4158, 70.8279, 41.1328, 72.2023, 64.0313, 139.1921, 129.1319, 133.6193, 35.9741, 136.4548, 36.9631, 27.1045, 64.3811, 8.9335, 35.3532, 59.209, 94.968, 52.7972, 66.3013, 79.9913, 49.6574, 128.9116, 80.8836, 89.6483, 56.5501, 13.858, 0.7312, 3.7816, 58.869, 41.7219, 20.81, 100.3392, 55.7498, 98.401, 91.6071, 53.984, 38.8389, 0, 34.0895, 165.3836, 30.7855, 101.6098, 10.7707],
      [27.4637, 40.5282, 30.4478, 15.2812, 21.9078, 24.889, 38.7423, 38.9509, 35.8985, 7.7859, 40.201, 10.4403, 7.895, 22.912, 4.5027, 14.1956, 15.3871, 22.3804, 15.908, 19.5448, 28.0502, 17.1871, 36.0857, 23.4826, 29.723, 16.6789, 5.3722, 0.2529, 2.6738, 18.3175, 15.3738, 11.0298, 37.3306, 15.6953, 32.0135, 31.0801, 17.6477, 10.2752, 0, 12.4721, 51.3691, 10.1229, 40.9064, 3.36]
    ],
    [
      [0.9451, 1.8844, 1.4361, 0.6984, 1.4096, 8.1861, 6.8099, 3.2394, 4.971, 1.3493, 3.2965, 3.2809, 1.2929, 2.8677, 0.4056, 3.4881, 4.6889, 1.8511, 1.2968, 2.2974, 9.3252, 7.6373, 6.5629, 5.1241, 2.9067, 5.7035, 0.1114, 0.234, 0.9608, 1.7622, 2.6311, 1.1278, 6.2677, 4.3727, 3.5664, 7.4305, 4.4904, 0.959, 0, 0.3916, 4.2193, 1.1059, 8.6907, 0.1272],
      [9.0118, 24.8417, 18.9838, 16.2985, 25.3678, 38.9133, 43.1956, 43.9236, 36.256, 13.5061, 40.4886, 8.687, 20.0008, 23.8326, 9.4253, 29.3267, 31.0918, 34.3777, 19.3266, 42.3728, 78.9904, 68.1461, 108.5308, 77.9423, 85.1885, 85.5627, 3.5767, 2.4876, 5.2423, 23.1994, 32.7374, 19.671, 95.7071, 70.2833, 94.2656, 95.5692, 57.6259, 7.0147, 0, 4.6211, 80.1109, 18.0705, 67.1371, 3.0833],
      [3.5934, 10.1646, 9.6508, 3.6912, 12.3713, 22.9037, 23.5162, 23.2489, 27.1226, 7.7721, 25.5121, 8.4865, 5.3542, 11.3855, 1.0447, 8.4176, 15.3273, 14.0367, 8.7769, 13.433, 32.1382, 21.5219, 23.4721, 22.4719, 17.5714, 20.3928, 1.2071, 2.1027, 0.6882, 5.6416, 14.4407, 3.772, 30.4756, 17.2704, 21.5699, 24.1383, 18.5101, 2.8564, 0, 0.912, 28.6564, 3.5577, 21.247, 0.7376],
      [0.4497, 1.1093, 0.9294, 0.3119, 0.8513, 1.9969, 1.4784, 1.588, 1.6504, 0.3726, 1.7027, 0.5455, 0.3521, 0.9142, 0.1244, 0.7676, 0.892, 0.7345, 0.5997, 0.8968, 2.5461, 1.6948, 1.4342, 1.4617, 1.3334, 1.3411, 0.1048, 0.1758, 0.1087, 0.3968, 1.1908, 0.4293, 2.5496, 1.0735, 1.5981, 1.8621, 1.3735, 0.1699, 0, 0.0753, 2.0134, 0.266, 1.9253, 0.052]
    ],
    [
      [1.119, 1.4691, 0.7551, 0.7017, 1.0471, 2.2927, 3.7207, 1.2712, 2.9972, 0.752, 1.5597, 1.5297, 1.0123, 1.061, 0.2036, 0.8188, 1.6888, 1.1768, 0.5533, 0.7922, 2.5408, 2.711, 2.5317, 2.024, 1.1493, 1.5794, 0.0507, 0.0513, 0.5592, 2.1363, 0.7255, 0.7963, 1.4438, 1.1321, 0.957, 2.8489, 1.7358, 0.7801, 0, 1.6959, 1.6623, 1.1903, 5.1301, 0.2684],
      [0.2614, 0.4708, 0.2247, 0.3979, 0.4679, 0.2311, 0.5312, 0.4258, 0.3991, 0.1698, 0.4658, 0.0057, 0.3662, 0.2097, 0.122, 0.1677, 0.2661, 0.5389, 0.1954, 0.3501, 0.5163, 0.5895, 1.0026, 0.7355, 0.7987, 0.5691, 0.0381, 0.0214, 0.0851, 0.656, 0.2176, 0.3358, 0.5296, 0.4363, 0.6104, 0.8887, 0.5309, 0.1357, 0, 0.4764, 0.7693, 0.4471, 0.9853, 0.1502],
      [20.0319, 37.4758, 24.1475, 17.7049, 45.3815, 30.8103, 60.9251, 43.3529, 76.6914, 20.4613, 57.3653, 19.0279, 19.8496, 19.9581, 2.5915, 9.4074, 26.1918, 42.5366, 17.8129, 21.9957, 41.473, 36.2757, 42.7825, 41.9663, 32.8066, 26.7266, 2.6745, 1.75, 1.966, 32.3671, 18.804, 12.4709, 33.2149, 21.1713, 27.2892, 43.8109, 33.8582, 11.0719, 0, 18.7764, 53.6549, 18.1064, 59.573, 7.4232],
      [34.5876, 56.5843, 31.8727, 20.1955, 42.1035, 36.6659, 51.823, 39.9501, 62.9123, 13.617, 51.6092, 16.4367, 17.7719, 21.7712, 4.0829, 11.6061, 20.8533, 30.7476, 16.4384, 19.8621, 44.47, 38.4238, 36.6832, 37.2742, 33.2455, 24.1249, 3.2366, 2.1773, 4.3897, 30.8406, 21.2529, 20.3971, 37.8118, 18.2603, 27.1434, 45.4514, 33.8751, 9.0122, 0, 21.0513, 50.9136, 18.2562, 73.3117, 7.1582]
    ]
  ],
  "V_est": [
    [41.4254, 1554.7015, 31.23, 27.6431],
    [1171.419, 180.1084, 395.9711, 200.5016],
    [197.1288, 1034.6374, 12570.0664, 1806.1674],
    [33.5111, 6192.4262, 962.8328, 118.2299],
    [0.89, 162.3418, 2807.0059, 921.7623],
    [141.4034, 1713.992, 591.1611, 43.4436],
    [62.2222, 17.7928, 1233.7328, 1240.2522]
  ],
  "p_est": [
    [0.025, 0.9394, 0.0189, 0.0167],
    [0.6013, 0.0925, 0.2033, 0.1029],
    [0.0126, 0.0663, 0.8054, 0.1157],
    [0.0046, 0.8475, 0.1318, 0.0162],
    [0.0002, 0.0417, 0.7212, 0.2368],
    [0.0568, 0.6884, 0.2374, 0.0174],
    [0.0244, 0.007, 0.4831, 0.4856]
  ],
  "EI_Z": {},
  "EI_V": 15.79,
  "MAE_Z": {},
  "MAE_V": 399.87,
  "MAE_p": 0.1119,
  "runtime": 0.021
}
