{
  "X": [
    [172, 607, 17],
    [49, 42, 12],
    [506, 1221, 52],
    [330, 710, 63],
    [409, 831, 43],
    [399, 941, 68],
    [397, 743, 51],
    [33, 208, 2],
    [23, 124, 3],
    [20, 13, 0],
    [82, 227, 10],
    [26, 104, 5],
    [28, 122, 7],
    [81, 249, 2],
    [21, 41, 1],
    [58, 159, 3],
    [8, 0, 0],
    [174, 90, 12],
    [29, 105, 6],
    [16, 121, 5],
    [12, 16, 2],
    [35, 157, 2],
    [33, 62, 3],
    [26, 136, 7],
    [150, 163, 18],
    [236, 211, 34],
    [292, 413, 39],
    [38, 51, 1],
    [15, 33, 0],
    [4, 1, 2],
    [268, 703, 16],
    [131, 145, 14],
    [190, 116, 15],
    [324, 519, 31],
    [280, 307, 22],
    [450, 595, 43],
    [200, 402, 18],
    [498, 729, 47],
    [288, 433, 28],
    [196, 376, 14],
    [303, 498, 18],
    [7, 27, 1],
    [195, 493, 31],
    [21, 69, 2],
    [29, 60, 4],
    [146, 166, 5],
    [333, 111, 20],
    [405, 55, 9],
    [353, 128, 26],
    [259, 45, 12],
    [276, 79, 15],
    [698, 314, 63],
    [98, 63, 7],
    [451, 302, 24],
    [57, 13, 3],
    [377, 364, 31],
    [26, 35, 4],
    [21, 79, 2],
    [145, 194, 14],
    [44, 29, 3],
    [28, 117, 2],
    [44, 69, 5],
    [145, 159, 41],
    [1704, 2917, 140],
    [172, 251, 23],
    [772, 1126, 121],
    [130, 222, 6]
  ],
  "W": [
    [34, 40, 114, 585, 14, 9],
    [3, 8, 34, 41, 11, 6],
    [74, 86, 400, 1090, 70, 59],
    [49, 55, 257, 634, 60, 48],
    [53, 68, 301, 750, 68, 43],
    [93, 59, 318, 803, 74, 61],
    [47, 49, 312, 660, 73, 50],
    [9, 3, 23, 194, 6, 8],
    [9, 3, 22, 112, 1, 3],
    [1, 1, 19, 12, 0, 0],
    [17, 15, 56, 192, 31, 8],
    [9, 5, 17, 91, 6, 7],
    [10, 4, 23, 113, 1, 6],
    [10, 10, 50, 242, 11, 9],
    [6, 1, 14, 39, 1, 2],
    [12, 3, 47, 143, 9, 6],
    [0, 0, 6, 1, 0, 1],
    [5, 5, 135, 85, 24, 22],
    [3, 2, 16, 112, 1, 6],
    [16, 5, 8, 101, 6, 6],
    [2, 2, 8, 12, 3, 3],
    [14, 5, 21, 142, 6, 6],
    [2, 3, 26, 58, 8, 1],
    [20, 5, 19, 115, 7, 3],
    [10, 6, 113, 156, 22, 24],
    [20, 18, 160, 208, 39, 36],
    [29, 33, 209, 394, 48, 31],
    [2, 4, 25, 50, 5, 4],
    [2, 3, 7, 31, 3, 2],
    [0, 2, 3, 2, 0, 0],
    [24, 66, 164, 673, 35, 25],
    [6, 20, 98, 137, 19, 10],
    [11, 18, 123, 114, 26, 29],
    [23, 29, 210, 534, 39, 39],
    [15, 26, 207, 293, 33, 35],
    [25, 54, 313, 575, 65, 56],
    [26, 37, 135, 383, 16, 23],
    [43, 70, 342, 707, 64, 48],
    [18, 38, 199, 413, 35, 46],
    [9, 19, 146, 365, 31, 16],
    [19, 46, 198, 500, 23, 33],
    [3, 1, 4, 23, 1, 3],
    [38, 39, 123, 449, 43, 27],
    [6, 0, 14, 68, 1, 3],
    [4, 3, 23, 47, 8, 8],
    [11, 9, 115, 151, 15, 16],
    [7, 8, 270, 124, 30, 25],
    [7, 11, 351, 46, 21, 33],
    [9, 9, 298, 127, 29, 35],
    [3, 5, 208, 43, 35, 22],
    [5, 11, 229, 74, 19, 32],
    [19, 34, 575, 312, 68, 67],
    [4, 6, 78, 58, 6, 16],
    [27, 25, 342, 300, 46, 37],
    [1, 5, 47, 10, 1, 9],
    [21, 37, 261, 345, 73, 35],
    [2, 2, 18, 37, 3, 3],
    [6, 3, 17, 71, 2, 3],
    [13, 20, 102, 182, 16, 20],
    [2, 4, 28, 25, 7, 10],
    [6, 2, 21, 110, 1, 7],
    [7, 3, 31, 62, 10, 5],
    [3, 6, 134, 161, 17, 24],
    [150, 230, 1247, 2730, 237, 167],
    [14, 26, 126, 227, 29, 24],
    [79, 117, 566, 1051, 83, 123],
    [12, 44, 76, 200, 11, 15]
  ],
  "method": "mvn_pdf",
  "cond_prob": [
    [
      [0.033164051018, 0.80979428314, 0.15704166585],
      [0.48139249311, 0.44888541578, 0.069722091109],
      [0.97982093585, 0.019409348933, 0.00076971521839],
      [0.0462742332, 0.95237278329, 0.0013529835119],
      [0.55083671059, 0.14258092812, 0.30658236129],
      [0.5705550538, 0.018300082934, 0.41114486327]
    ],
    [
      [0.039298662244, 0.48046166661, 0.48023967115],
      [0.55112174037, 0.25083514271, 0.19804311692],
      [0.98792677381, 0.012073226189, 0],
      [0.083441714798, 0.9165582852, 0],
      [0.49610792917, 0.04807290596, 0.45581916487],
      [0.33422037552, 0.0056254182043, 0.66015420628]
    ],
    [
      [0.019000598136, 0.89584124126, 0.085158160608],
      [0.34256045095, 0.61075379901, 0.04668575004],
      [0.96080436555, 0.038484863602, 0.00071077085204],
      [0.020032780051, 0.9793002505, 0.00066696944553],
      [0.49708971573, 0.24629266435, 0.25661761992],
      [0.57932204036, 0.03578332946, 0.38489463018]
    ],
    [
      [0.019659522631, 0.8162929838, 0.16404749357],
      [0.35331941522, 0.55683511388, 0.089845470897],
      [0.96562055497, 0.034379445035, 0],
      [0.024484887172, 0.97551511283, 0],
      [0.41800287557, 0.18198488277, 0.40001224166],
      [0.4340842068, 0.02384418036, 0.54207161284]
    ],
    [
      [0.025492507815, 0.87170179441, 0.10280569778],
      [0.41141234952, 0.53756823918, 0.051019411302],
      [0.9716237244, 0.027680224366, 0.00069605123786],
      [0.032087470623, 0.96703617777, 0.00087635160602],
      [0.54550633967, 0.19797573346, 0.25651792687],
      [0.60590888863, 0.027300788238, 0.36679032313]
    ],
    [
      [0.016211667935, 0.8759526846, 0.10783564746],
      [0.31427401546, 0.62394926079, 0.061776723756],
      [0.95579431372, 0.042988264628, 0.0012174216522],
      [0.015827164988, 0.98280170388, 0.0013711311311],
      [0.43535014613, 0.24032194496, 0.32432790891],
      [0.49315462144, 0.034090715588, 0.47275466297]
    ],
    [
      [0.020008959581, 0.87685843084, 0.10313260958],
      [0.35469684817, 0.58948347152, 0.055819680308],
      [0.96335516965, 0.035570511392, 0.0010743189632],
      [0.023132520537, 0.97555352982, 0.0013139496383],
      [0.48579055908, 0.22419925594, 0.29001018497],
      [0.54764892084, 0.031461774475, 0.42088930468]
    ],
    [
      [0.042273434368, 0.95772656563, 0],
      [0.28062798315, 0.70208119338, 0.017290823471],
      [0.94971270452, 0.050287295478, 0],
      [0.0024849821205, 0.99751501788, 0],
      [0.5229620003, 0.35358437717, 0.12345362252],
      [0.78930055051, 0.059773725189, 0.1509257243]
    ],
    [
      [0.010213944903, 0.91113547531, 0.078650579783],
      [0.24009846164, 0.71017817282, 0.049723365542],
      [0.93180432691, 0.06697351995, 0.0012221531403],
      [0, 0.99794829115, 0.0020517088538],
      [0.37622247496, 0.29771038909, 0.32606713595],
      [0.437287148, 0.042636589114, 0.52007626289]
    ],
    [
      [0.033803981686, 0.96619601831, 0],
      [0.58991531762, 0.41008468238, 0],
      [0.99331272192, 0.0066872780767, 0],
      [0.041944915346, 0.95805508465, 0],
      [0.64848444817, 0.12848990062, 0.22302565121],
      [0.6796668062, 0.016136686687, 0.30419650712]
    ],
    [
      [0.015899526181, 0.92956270041, 0.054537773413],
      [0.30602177579, 0.66244197857, 0.03153624564],
      [0.95522224307, 0.044777756926, 0],
      [0.015011652287, 0.98498834771, 0],
      [0.50672496423, 0.29889583061, 0.19437920516],
      [0.63202808446, 0.046214564618, 0.32175735093]
    ],
    [
      [0.015164322834, 0.91920268235, 0.065632994818],
      [0.30719585079, 0.65433299704, 0.038471152171],
      [0.95740605888, 0.041758720658, 0.00083522045934],
      [0.011428785077, 0.98682788966, 0.0017433252629],
      [0.4864297277, 0.27639303742, 0.23717723488],
      [0.58472014734, 0.040845205553, 0.37443464711]
    ],
    [
      [0.01598691383, 0.78181079738, 0.20220228879],
      [0.31783909931, 0.56582979085, 0.11633110984],
      [0.96319389534, 0.035459899117, 0.001346205546],
      [0.019219780786, 0.98078021921, 0],
      [0.3312270048, 0.1595842677, 0.5091887275],
      [0.31870877301, 0.019207690718, 0.66208353627]
    ],
    [
      [0.035727998789, 0.91703059413, 0.047241407084],
      [0.51179490475, 0.48154175213, 0.0066633431188],
      [0.97978692996, 0.02021307004, 0],
      [0.042517856631, 0.95748214337, 0],
      [0.8132508068, 0.1867491932, 0],
      [0.81114936524, 0.026522579432, 0.16232805533]
    ],
    [
      [0.072795384466, 0.84586027706, 0.081344338474],
      [0.72190907327, 0.25704045386, 0.021050472872],
      [0.99100468285, 0.0077044295857, 0.0012908875693],
      [0.087053799316, 0.90925474754, 0.0036914531452],
      [0.83190367198, 0.078680860902, 0.089415467122],
      [0.8701256074, 0.010159927333, 0.11971446527]
    ],
    [
      [0.058190826068, 0.94049075317, 0.0013184207658],
      [0.32870277047, 0.64738401104, 0.023913218489],
      [0.95899875097, 0.041001249025, 0],
      [0.0145119104, 0.9854880896, 0],
      [0.55206750344, 0.29397623766, 0.1539562589],
      [0.69980829362, 0.04571954551, 0.25447216087]
    ],
    [
      [0.10684903089, 0.68747501687, 0.20567595224],
      [0.90888582029, 0.060903258767, 0.030210920944],
      [1, 0, 0],
      [1, 0, 0],
      [0.91360536354, 4.9885415581e-23, 0.086394636464],
      [1, 0, 0]
    ],
    [
      [0.049725829357, 0.82208354125, 0.1281906294],
      [0.59173522255, 0.36173964635, 0.046525131105],
      [0.98671289107, 0.012676360458, 0.00061074846857],
      [0.065936602005, 0.9330905937, 0.00097280429693],
      [0.68151788107, 0.11394789004, 0.20453422889],
      [0.71024609679, 0.014642071588, 0.27511183162]
    ],
    [
      [0.040823125501, 0.4772692274, 0.48190764709],
      [0.57222647758, 0.2414994054, 0.18627411703],
      [0.98974785212, 0.010252147878, 0],
      [0.081749593088, 0.91825040691, 0],
      [0.38751199026, 0.044819498248, 0.56766851149],
      [0.39227426972, 0.0053823447561, 0.60234338553]
    ],
    [
      [0.012444048274, 0.92435026094, 0.063205690786],
      [0.28345849529, 0.67855262682, 0.037988877885],
      [0.95310346944, 0.046278333915, 0.00061819664019],
      [0.0056286966692, 0.99398898965, 0.00038231368137],
      [0.46272941807, 0.29728292954, 0.23998765239],
      [0.56898335393, 0.045136747951, 0.38587989812]
    ],
    [
      [0.013685154056, 0.93593966487, 0.050375181075],
      [0.31830985556, 0.6484530796, 0.033237064838],
      [0.96436687083, 0.02886721758, 0.0067659115932],
      [0.010473950418, 0.97973568047, 0.0097903691155],
      [0.53663144916, 0.24840299127, 0.21496555957],
      [0.62849775388, 0.032746543673, 0.33875570244]
    ],
    [
      [0.066325061894, 0.93367493811, 0],
      [0.39576488262, 0.58217281618, 0.022062301198],
      [0.96998221757, 0.030017782427, 0],
      [0.023356776898, 0.9766432231, 0],
      [0.64702352942, 0.24708749896, 0.10588897162],
      [0.75403244256, 0.036908446719, 0.20905911072]
    ],
    [
      [0.022776774688, 0.89003982335, 0.087183401958],
      [0.39740353914, 0.55706165704, 0.045534803821],
      [0.97184315478, 0.026063725415, 0.0020931198068],
      [0.026406927522, 0.96958724807, 0.0040058244101],
      [0.54538583288, 0.2010324319, 0.25358173522],
      [0.59962534965, 0.026758678228, 0.37361597212]
    ],
    [
      [0.015047579288, 0.86911827184, 0.11583414887],
      [0.31412602339, 0.61940917945, 0.066464797161],
      [0.95954355511, 0.039108491088, 0.0013479538068],
      [0.013520372527, 0.9834905646, 0.0029890628773],
      [0.42198563737, 0.22634362359, 0.35167073903],
      [0.46278281604, 0.030569013873, 0.50664817009]
    ],
    [
      [0.037925193002, 0.80134660761, 0.16072819939],
      [0.52035128394, 0.41231494691, 0.067333769152],
      [0.98302320449, 0.015897701305, 0.0010790942015],
      [0.052515631383, 0.94579033298, 0.0016940356341],
      [0.583604132, 0.12678659965, 0.28960926836],
      [0.59938703578, 0.015983619063, 0.38462934515]
    ],
    [
      [0.061576095203, 0.66343493382, 0.27498897098],
      [0.64902330565, 0.26292781879, 0.08804887556],
      [0.98789292029, 0.012107079711, 0],
      [0.094870702179, 0.90394597808, 0.0011833197383],
      [0.61285463575, 0.069599406578, 0.31754595768],
      [0.59413206946, 0.0090646537197, 0.39680327682]
    ],
    [
      [0.040461226772, 0.74684531342, 0.21269345981],
      [0.53594207918, 0.37758816628, 0.086469754543],
      [0.98468220452, 0.015196413951, 0.0001213815333],
      [0.0603798227, 0.93936159737, 0.00025857993072],
      [0.55214214072, 0.10795696973, 0.33990088955],
      [0.54998329575, 0.013374903156, 0.4366418011]
    ],
    [
      [0.052242330805, 0.88844290577, 0.05931476343],
      [0.61821103659, 0.36112854193, 0.02066042148],
      [0.98799884398, 0.012001156023, 0],
      [0.06380493492, 0.93619506508, 0],
      [0.83169130974, 0.12098244316, 0.047326247105],
      [0.84349919947, 0.015976412602, 0.14052438792]
    ],
    [
      [0.073330687371, 0.92666931263, 0],
      [0.60045069627, 0.39954930373, 0],
      [0.9871172891, 0.012882710901, 0],
      [0.051493407289, 0.94850659271, 0],
      [0.86097838566, 0.13902161434, 0],
      [0.9814673649, 0.018532635105, 0]
    ],
    [
      [0.045657203431, 0.62325545862, 0.33108733795],
      [0.46141314366, 0.11689122048, 0.42169563586],
      [0.71785707039, 0.17538257911, 0.1067603505],
      [0.46180125076, 0.12003491085, 0.41816383839],
      [0.56534996547, 0.047920256761, 0.38672977777],
      [0.51567875657, 0.0056939466285, 0.4786272968]
    ],
    [
      [0.036455126247, 0.88000703794, 0.083537835817],
      [0.51298845601, 0.46329956364, 0.023711980348],
      [0.98048245017, 0.019517549835, 0],
      [0.046602807281, 0.95339719272, 0],
      [0.65586821401, 0.16822198532, 0.17590980066],
      [0.72598561021, 0.023084061223, 0.25093032857]
    ],
    [
      [0.038772397483, 0.75630663846, 0.20492096406],
      [0.52813332382, 0.38725599032, 0.084610685861],
      [0.98456349454, 0.014964733045, 0.00047177241052],
      [0.057288741102, 0.94170823903, 0.0010030198655],
      [0.5481952782, 0.11056044068, 0.34124428112],
      [0.54532088566, 0.013581940396, 0.44109717394]
    ],
    [
      [0.08589056631, 0.72935102001, 0.18475841368],
      [0.72416777595, 0.22854016855, 0.047292055503],
      [0.98764231729, 0.011411722745, 0.00094595996646],
      [0.11680976934, 0.88134195237, 0.0018482782884],
      [0.74812628242, 0.066125813319, 0.18574790426],
      [0.75077868032, 0.0092248321232, 0.23999648755]
    ],
    [
      [0.062850392884, 0.72591775848, 0.21123184863],
      [0.64905647781, 0.28437087471, 0.066572647477],
      [0.98684002304, 0.012444461724, 0.00071551524013],
      [0.084335330532, 0.91362879592, 0.0020358735471],
      [0.66103591769, 0.080923146784, 0.25804093553],
      [0.65845976861, 0.010513319993, 0.3310269114]
    ],
    [
      [0.042681929276, 0.8280337753, 0.12928429542],
      [0.54663167854, 0.40252063752, 0.050847683949],
      [0.98388859019, 0.015454185718, 0.00065722409077],
      [0.056882550885, 0.94199115711, 0.0011262920092],
      [0.6420450201, 0.13078146244, 0.22717351746],
      [0.67509531934, 0.017021230254, 0.30788345041]
    ],
    [
      [0.043613587106, 0.80659972013, 0.14978669277],
      [0.55169355658, 0.38995091526, 0.05835552816],
      [0.98417252161, 0.015105442917, 0.00072203547364],
      [0.059194328388, 0.93943602258, 0.0013696490289],
      [0.62597434217, 0.12288951949, 0.25113613834],
      [0.64905603463, 0.015823610495, 0.33512035488]
    ],
    [
      [0.041262062278, 0.81882269747, 0.13991524026],
      [0.53816810561, 0.40594747878, 0.055884415611],
      [0.98352246938, 0.015742705095, 0.00073482551984],
      [0.055638101801, 0.94280714479, 0.0015547534074],
      [0.62301198499, 0.13019883892, 0.24678917609],
      [0.65051514594, 0.016824786319, 0.33266006774]
    ],
    [
      [0.04855944421, 0.77593774678, 0.17550280901],
      [0.58085308166, 0.35463233429, 0.064514584044],
      [0.98557873419, 0.013703860096, 0.00071740571076],
      [0.066845074628, 0.93159808853, 0.0015568368461],
      [0.62846091615, 0.10675922258, 0.26477986127],
      [0.6396528061, 0.013567802129, 0.34677939177]
    ],
    [
      [0.037602066456, 0.83887103307, 0.12352690048],
      [0.5123997291, 0.43578480817, 0.051815462727],
      [0.98167943201, 0.017697144064, 0.00062342392521],
      [0.050148744131, 0.94878958504, 0.0010616708334],
      [0.61735314462, 0.14542209568, 0.2372247597],
      [0.65606466827, 0.019106414279, 0.32482891745]
    ],
    [
      [0.031374371233, 0.8702792359, 0.098346392872],
      [0.46496018636, 0.49026834314, 0.044771470499],
      [0.97764175097, 0.021826827426, 0.00053142160278],
      [0.04075679023, 0.95847542537, 0.00076778440105],
      [0.60276063832, 0.17552114692, 0.22171821477],
      [0.66161770341, 0.023811608683, 0.31457068791]
    ],
    [
      [0.05844223722, 0.80478023298, 0.1367775298],
      [0.62678156732, 0.32831870945, 0.044899723234],
      [0.98686038471, 0.012821574678, 0.00031804061666],
      [0.074667035752, 0.92452964574, 0.00080331850631],
      [0.70535077084, 0.10259407019, 0.19205515897],
      [0.73038495816, 0.013435050522, 0.25617999132]
    ],
    [
      [0.011535068175, 0.96148994303, 0.026974988793],
      [0.2848981187, 0.69646783376, 0.018634047533],
      [0.96273771197, 0.036700606353, 0.00056168168007],
      [0.0056717897443, 0.99254355558, 0.0017846546708],
      [0.55517512804, 0.30695512223, 0.13786974973],
      [0.71463984558, 0.045601003681, 0.23975915074]
    ],
    [
      [0.028928976412, 0.84119683509, 0.1298741885],
      [0.44505687597, 0.49356064502, 0.061382479012],
      [0.97607376048, 0.023114609778, 0.00081162974032],
      [0.038457613226, 0.96020112422, 0.0013412625528],
      [0.54584448228, 0.16774255514, 0.28641296258],
      [0.58324544881, 0.02219716525, 0.39455738595]
    ],
    [
      [0.044692515282, 0.84502019266, 0.11028729206],
      [0.58181642362, 0.37781176207, 0.040371814307],
      [0.98752399832, 0.011298676249, 0.0011773254349],
      [0.059790889267, 0.93540356357, 0.0048055471671],
      [0.68819278783, 0.1193155721, 0.19249164008],
      [0.7175118913, 0.014979827325, 0.26750828138]
    ],
    [
      [0.0061173042479, 0.97176027377, 0.022122421982],
      [0.14914715147, 0.83475828412, 0.016094564403],
      [0.90559129746, 0.09273729039, 0.0016714121507],
      [0.0038163312812, 0.99359897323, 0.0025846954924],
      [0.35411934556, 0.49993192514, 0.1459487293],
      [0.58589589404, 0.097139903855, 0.31696420211]
    ],
    [
      [0.031743868509, 0.91380341666, 0.054452714829],
      [0.46796268077, 0.50736820458, 0.024669114653],
      [0.97669392344, 0.023306076565, 0],
      [0.037870162618, 0.96212983738, 0],
      [0.66749840843, 0.1978977651, 0.13460382647],
      [0.83678009017, 0.028223615585, 0.13499629425]
    ],
    [
      [0.10434858152, 0.56075502432, 0.33489639416],
      [0.77088250263, 0.15421108959, 0.074906407786],
      [0.98752156585, 0.0098579723552, 0.0026204617939],
      [0.17474708102, 0.82150131822, 0.0037516007656],
      [0.6998490151, 0.039473419255, 0.26067756564],
      [0.67230274518, 0.0051603016204, 0.3225369532]
    ],
    [
      [0.072412683713, 0.81529905388, 0.11228826241],
      [0.68199805189, 0.28571512898, 0.032286819136],
      [0.99346733355, 0.0065326664525, 0],
      [0.095275391101, 0.9047246089, 0],
      [0.77212379365, 0.088990050763, 0.13888615559],
      [0.83899487608, 0.011240945575, 0.14976417834]
    ],
    [
      [0.061181760175, 0.68049099096, 0.25832724886],
      [0.64652659832, 0.27014044753, 0.083332954148],
      [0.99095445499, 0.008098279171, 0.00094726584216],
      [0.095151248462, 0.90276103358, 0.0020877179616],
      [0.62176325753, 0.071715030769, 0.3065217117],
      [0.6060244047, 0.0085897915458, 0.38538580375]
    ],
    [
      [0.079679908423, 0.75850769138, 0.1618124002],
      [0.70808572421, 0.24810843652, 0.043805839266],
      [0.99726179948, 0.0027382005216, 0],
      [0.11034972293, 0.88877981524, 0.00087046182669],
      [0.75160019938, 0.071654320418, 0.1767454802],
      [0.76086510444, 0.008588898397, 0.23054599716]
    ],
    [
      [0.060678044516, 0.77595249831, 0.16336945718],
      [0.64199443389, 0.30521284655, 0.052792719567],
      [0.99015453794, 0.008708164207, 0.0011372978534],
      [0.083898222807, 0.91476408799, 0.0013376892062],
      [0.69236589864, 0.090405299801, 0.21722880155],
      [0.70393316421, 0.011202605805, 0.28486422999]
    ],
    [
      [0.056775754451, 0.64176438267, 0.30145986288],
      [0.62710905169, 0.27055409102, 0.10233685729],
      [0.99060464276, 0.009395357244, 0],
      [0.09613650741, 0.90375539394, 0.00010809865295],
      [0.57455906307, 0.068863250566, 0.35657768636],
      [0.55130263765, 0.0082227354056, 0.44047462694]
    ],
    [
      [0.039974395275, 0.8464569949, 0.11356860982],
      [0.53984481232, 0.4136655375, 0.04648965018],
      [0.98353703096, 0.014740478172, 0.0017224908691],
      [0.051710339418, 0.94660214464, 0.0016875159378],
      [0.65014588589, 0.13403845086, 0.21581566326],
      [0.68656688304, 0.017204150215, 0.29622896674]
    ],
    [
      [0.079732359775, 0.74609553548, 0.17417210475],
      [0.70417870635, 0.24890700543, 0.046914288217],
      [0.98651952516, 0.01305626287, 0.00042421197],
      [0.10725907529, 0.89146462676, 0.0012762979448],
      [0.73969350026, 0.073255937611, 0.18705056212],
      [0.74728263305, 0.0096849282637, 0.24303243869]
    ],
    [
      [0.044019660633, 0.8544285938, 0.10155174557],
      [0.58637336061, 0.37305499667, 0.040571642718],
      [0.98365573335, 0.012731576621, 0.0036126900325],
      [0.054950493646, 0.94373319806, 0.0013163082891],
      [0.69776506811, 0.11405809809, 0.1881768338],
      [0.72722489605, 0.014502471434, 0.25827263251]
    ],
    [
      [0.050656157105, 0.81016152217, 0.13918232072],
      [0.59061490772, 0.35952029932, 0.04986479296],
      [0.98594176406, 0.013579271067, 0.00047896487142],
      [0.067586242544, 0.93141101018, 0.0010027472774],
      [0.67141443667, 0.1135498637, 0.21503569963],
      [0.69777603259, 0.014692247126, 0.28753172029]
    ],
    [
      [0.056229419417, 0.51645552347, 0.42731505711],
      [0.66556643166, 0.2013892277, 0.13304434064],
      [0.98983171431, 0.01016828569, 0],
      [0.10161339292, 0.89838660708, 0],
      [0.55046399913, 0.041732597767, 0.4078034031],
      [0.44278330159, 0.0052597000081, 0.5519569984]
    ],
    [
      [0.015250234265, 0.93080610002, 0.053943665711],
      [0.30973278345, 0.65842237256, 0.031844843992],
      [0.95873815214, 0.040465674335, 0.00079617352118],
      [0.01151684675, 0.98677909589, 0.0017040573571],
      [0.50782438892, 0.28286494448, 0.2093106666],
      [0.61580225351, 0.041644707049, 0.34255303944]
    ],
    [
      [0.041661583026, 0.81769528494, 0.14064313203],
      [0.54309026035, 0.40093555666, 0.055974182987],
      [0.98387500515, 0.01505019936, 0.0010747954925],
      [0.056009349664, 0.94205055829, 0.0019400920455],
      [0.62596982742, 0.12728151385, 0.24674865873],
      [0.65160624055, 0.016321199867, 0.33207255958]
    ],
    [
      [0.039111498401, 0.89462688591, 0.066261615693],
      [0.5453385722, 0.42713070768, 0.027530720119],
      [0.98339542664, 0.016604573357, 0],
      [0.047346358095, 0.9526536419, 0],
      [0.71430558714, 0.14614098056, 0.13955343229],
      [0.8021552706, 0.019796743191, 0.17804798621]
    ],
    [
      [0.016984175544, 0.94483502856, 0.038180795899],
      [0.32634353379, 0.65150228309, 0.022154183124],
      [0.9605604366, 0.039439563398, 0],
      [0.012867817277, 0.98713218272, 0],
      [0.55798636429, 0.29493312156, 0.14708051414],
      [0.72859892083, 0.04575445857, 0.2256466206]
    ],
    [
      [0.031839736555, 0.86583325523, 0.10232700821],
      [0.48186204525, 0.47183222087, 0.046305733881],
      [0.98018458439, 0.018034648436, 0.0017807671741],
      [0.040902529837, 0.9558179925, 0.0032794776637],
      [0.61171353686, 0.1599499325, 0.22833653064],
      [0.65854427475, 0.020876317865, 0.32057940739]
    ],
    [
      [0.012102868734, 0.26934477821, 0.71855235306],
      [0.27451043356, 0.23341510162, 0.49207446482],
      [0.97390953005, 0.026090469948, 0],
      [0.051536162, 0.948463838, 0],
      [0.11908350722, 0.028758491056, 0.85215800172],
      [0.10379208587, 0.0043241590225, 0.89188375511]
    ],
    [
      [0.033003112104, 0.85639417254, 0.11060271536],
      [0.47571309232, 0.47500800591, 0.049278901761],
      [0.97847156026, 0.021122880126, 0.00040555961434],
      [0.043574781406, 0.95594524679, 0.00047997180437],
      [0.59887591892, 0.16653876838, 0.23458531271],
      [0.65023197775, 0.022446643119, 0.32732137913]
    ],
    [
      [0.027974123055, 0.83405228883, 0.13797358811],
      [0.43809495897, 0.49563604373, 0.066268997298],
      [0.97563466119, 0.023391713325, 0.00097362548441],
      [0.037495336881, 0.96117210095, 0.0013325621659],
      [0.5289776982, 0.16500921848, 0.30601308331],
      [0.55983880475, 0.021585028667, 0.41857616658]
    ],
    [
      [0.033718537945, 0.74014220115, 0.22613926091],
      [0.48696601421, 0.41212711633, 0.10090686946],
      [0.98141705877, 0.018582941229, 0],
      [0.051046331899, 0.9489536681, 0],
      [0.49420188665, 0.11643529884, 0.38936281451],
      [0.50577809071, 0.014451331593, 0.4797705777]
    ],
    [
      [0.042881825409, 0.88167703851, 0.075441136082],
      [0.56509491404, 0.42536863055, 0.0095364554064],
      [0.98308521266, 0.016914787337, 0],
      [0.05278890839, 0.94721109161, 0],
      [0.70377448788, 0.15141812594, 0.14480738618],
      [0.77383097802, 0.020687616577, 0.20548140541]
    ]
  ],
  "expected_outcome": [
    [
      [1.1275777346, 0.11789598673, 1.4060442621, 0.96331660894, 1.3511029142, 1.507685118, 0.94042110033, 0.38046090931, 0.091925504129, 0.033803981686, 0.27029194507, 0.1364789055, 0.1598691383, 0.35727998789, 0.4367723068, 0.69828991282, 0, 0.24862914678, 0.1224693765, 0.19910477238, 0.027370308111, 0.92855086651, 0.045553549375, 0.30095158577, 0.37925193002, 1.2315219041, 1.1733755764, 0.10448466161, 0.14666137474, 0, 0.87492302993, 0.2326343849, 0.94479622942, 1.4455590363, 0.64022893913, 1.0903396777, 1.0728136192, 2.088056101, 0.6768371962, 0.2823693411, 1.1104025072, 0.034605204525, 1.0993011036, 0.26815509169, 0.024469216992, 0.34918255359, 0.73044007063, 0.50688878599, 0.55063584157, 0.23903972527, 0.30339022258, 1.0787393346, 0.1598975811, 2.1527737139, 0.044019660633, 1.0637792992, 0.11245883883, 0.091501405588, 0.54160057934, 0.078222996802, 0.10190505327, 0.22287815589, 0.036308606201, 4.9504668157, 0.39163772277, 2.6637644976, 0.51458190491],
      [27.5330056266, 1.4413849998, 66.292251853, 39.9983562061, 46.2001951036, 81.463599668, 41.2123462496, 8.6195390907, 8.2002192778, 0.96619601831, 15.8025659069, 8.2728241411, 7.8181079738, 9.1703059413, 5.0751616624, 11.285889038, 0, 4.1104177062, 1.4318076822, 14.789604175, 1.8718793297, 13.0714491335, 1.7800796467, 17.3823654367, 8.0134660761, 13.2686986764, 21.6585140891, 1.7768858115, 1.8533386253, 0, 21.1201689105, 4.5378398308, 8.0228612201, 16.6961084451, 12.4205066295, 20.1649930032, 21.2893901341, 33.3653231115, 15.0996785952, 7.8325131231, 15.2908244265, 2.8844698291, 31.9654797335, 5.070121156, 3.8870410951, 10.0518375833, 3.9252851703, 5.7070933771, 6.1244189186, 2.2755230741, 3.8797624915, 12.1935232707, 3.3858279796, 20.1445794579, 0.8544285938, 17.0133919656, 1.0329110469, 5.5848366001, 10.6300387043, 1.7892537718, 5.6690101713, 6.0608327866, 0.80803433462, 128.4591258804, 11.6767320436, 58.4712338905, 10.5801244621],
      [5.3394166387, 1.4407190134, 6.301703885, 8.038327185, 5.4487019823, 10.028715214, 4.8472326501, 0, 0.70785521805, 0, 0.92714214803, 0.59069695336, 2.0220228879, 0.47241407084, 0.48806603084, 0.015821049189, 0, 0.64095314698, 1.4457229413, 1.0112910526, 0.10075036215, 0, 0.17436680392, 2.3166829775, 1.6072819939, 5.4997794195, 6.1681103345, 0.11862952686, 0, 0, 2.0049080596, 1.2295257843, 2.0323425505, 4.8583325185, 1.9392644314, 3.7446673192, 3.6377962467, 7.5466207874, 2.2234842086, 0.88511753584, 2.5987730663, 0.080924966379, 4.9352191628, 0.66172375234, 0.088489687926, 0.59897986312, 2.3442747591, 0.78601783688, 2.3249452398, 0.48543720059, 0.81684728589, 5.7277373947, 0.45427443929, 4.7026468282, 0.10155174557, 2.9228287352, 0.85463011422, 0.32366199427, 1.8283607164, 0.13252323139, 0.22908477539, 0.71628905749, 2.1556570592, 16.5904073039, 1.9316302336, 17.8650016119, 0.90529363298]
    ],
    [
      [19.2556997243, 4.408973923, 29.4601987814, 19.4325678373, 27.9760397671, 18.5421669121, 17.3801455603, 0.84188394945, 0.72029538491, 0.58991531762, 4.5903266369, 1.535979254, 1.2713563972, 5.1179490475, 0.72190907327, 0.98610831142, 0, 2.9586761127, 1.1444529552, 1.4172924765, 0.63661971112, 1.9788244131, 1.1922106174, 1.5706301169, 3.1221077036, 11.6824195016, 17.6860886129, 2.4728441464, 1.8013520888, 0.92282628732, 33.8572380969, 10.5626664764, 13.0350199671, 18.8226378566, 14.2124236419, 29.7914520551, 19.9122199075, 40.6597157164, 19.4711897058, 8.8342435409, 28.8319520967, 0.2848981187, 17.3572181628, 0, 0.44744145442, 4.2116641269, 6.167060021, 7.5019785708, 5.8187393849, 3.5404286211, 7.0619387727, 21.3217077575, 3.2390688739, 17.6044676587, 2.9318668031, 21.8527515855, 1.3311328633, 0.92919835034, 10.861805207, 2.1813542888, 0.65268706758, 1.4455861358, 1.6470626014, 109.4140112346, 11.3904689332, 56.9750236629, 24.8641762178],
      [17.9554166314, 2.0066811417, 52.5248267152, 30.6259312634, 36.5546402643, 36.8130063863, 28.8846901046, 2.1062435801, 2.1305345185, 0.41008468238, 9.9366296785, 3.2716649852, 2.2633191634, 4.8154175213, 0.25704045386, 1.9421520331, 0, 1.8086982317, 0.48299881079, 3.3927631341, 1.2969061592, 2.9108640809, 1.6711849711, 3.0970458972, 2.4738896815, 4.7327007383, 12.4604094871, 1.4445141677, 1.1986479112, 0.23378244096, 30.5777712001, 7.7451198063, 4.1137230338, 8.2467553665, 10.4655365754, 21.0573494242, 15.0200567149, 24.8242634006, 16.5598227105, 9.3150985196, 15.1026606346, 0.69646783376, 19.2488651557, 0, 2.5042748524, 4.5663138412, 1.2336887167, 3.1428664187, 2.4312640278, 1.2405421826, 3.357341312, 9.1988390948, 2.481993225, 6.2226751359, 1.8652749833, 13.302251075, 0.40277845541, 1.9752671177, 8.0187111333, 1.7085228307, 1.3030045662, 1.4154966626, 1.4004906097, 109.2518413603, 12.8865371371, 48.2188726103, 18.7162197443],
      [2.7888836443, 1.5843449353, 4.0149745034, 4.9415008993, 3.4693199685, 3.6448267016, 2.7351643351, 0.051872470412, 0.14917009662, 0, 0.47304368461, 0.19235576086, 0.46532443937, 0.066633431188, 0.021050472872, 0.071739655466, 0, 0.23262565552, 0.37254823406, 0.18994438943, 0.066474129676, 0.11031150599, 0.13660441146, 0.3323239858, 0.40400261491, 1.5848797601, 2.8535018999, 0.082641685919, 0, 0.84339127172, 1.564990703, 1.6922137172, 0.85125699905, 1.9306067768, 1.3220397827, 3.1511985206, 2.0677233776, 4.5160208831, 1.9689875836, 0.85065793947, 2.0653872688, 0.018634047533, 2.3939166815, 0, 0.04828369321, 0.22202203188, 0.59925126229, 0.3551550105, 0.74999658734, 0.21902919633, 0.58071991524, 3.4794531477, 0.27893790108, 1.1728572054, 0.20285821359, 1.8449973395, 0.26608868127, 0.095534531976, 1.1194836597, 0.11012288048, 0.044308366247, 0.13891720164, 2.9524467889, 11.3341474051, 1.7229939297, 11.8061037269, 0.41960403788]
    ],
    [
      [111.6995866868, 33.5895103096, 384.3217462184, 248.1644826261, 292.4587410433, 303.942591763, 300.5668129293, 21.843392204, 20.499695192, 18.8729417165, 53.4924456121, 16.275903001, 22.1534595928, 48.989346498, 13.8740655598, 45.0729412958, 6, 133.2062402949, 15.835965634, 7.6248277556, 7.7149349666, 20.369626569, 25.2679220242, 18.231327547, 111.0816221078, 158.0628672463, 205.7985807439, 24.6999710994, 6.9098210237, 2.1535712112, 160.7991218271, 96.4872224654, 121.4800050265, 207.2364048375, 203.6649381696, 308.0459992638, 132.7755333669, 337.067927094, 195.3542069701, 142.7356956418, 195.3983561716, 3.8509508479, 120.0570725393, 13.8253359764, 20.8285998416, 112.3198011951, 266.6308227797, 348.7070340752, 295.3044275861, 207.4304542915, 226.7453891882, 569.5976695847, 76.7158884148, 337.3896776046, 46.2318194673, 257.3308004201, 17.8169708576, 16.2985485865, 100.3552505251, 27.535071946, 20.1717691686, 30.3857221161, 130.5038770269, 1220.1540356441, 122.92996731, 555.4820552646, 74.7144761624],
      [2.2126657783, 0.41048969043, 15.3939454408, 8.8355173739, 8.3317475341, 13.6702681516, 11.0979995542, 1.156607796, 1.4734174389, 0.12705828346, 2.5075543879, 0.70989825119, 0.81557767969, 1.010653502, 0.1078620142, 1.9270587042, 0, 1.7113086619, 0.16403436604, 0.37022667132, 0.23093774064, 0.63037343097, 0.6776568608, 0.74306133067, 1.7964402475, 1.9371327537, 3.1760505157, 0.30002890058, 0.090178976309, 0.52614773734, 3.2008781729, 1.4665438384, 1.4036418976, 2.6133369621, 3.1990164436, 4.728003633, 2.1252651879, 4.6867201529, 3.5217316688, 3.1867168042, 2.5386717863, 0.14680242541, 2.8430970026, 0.15818146749, 2.132957679, 2.6801988049, 2.6616525359, 2.2929659248, 2.413287193, 0.56954570848, 1.9941696034, 5.4023304153, 1.1497572974, 4.4652419017, 0.59838410121, 3.5441897484, 0.18302914242, 0.68791646369, 1.5351203347, 0.464928054, 0.82823083136, 0.55907410151, 3.4961229731, 26.3402315169, 2.947355879, 10.5179447354, 1.2855238376],
      [0.087747534897, 0, 0.28430834082, 0, 0.2095114226, 0.38714008539, 0.33518751651, 0, 0.026887369086, 0, 0, 0.014198747809, 0.030962727558, 0, 0.01807242597, 0, 0, 0.082451043257, 0, 0.0049455731215, 0.054127292746, 0, 0.054421114977, 0.025611122329, 0.12193764477, 0, 0.02536874046, 0, 0, 0.3202810515, 0, 0.04623369623, 0.11635307587, 0.15025820043, 0.13604538679, 0.22599710325, 0.099201445179, 0.24535275308, 0.12406136112, 0.077587554006, 0.062972042098, 0.0022467267203, 0.099830458059, 0.016482556088, 0.038442479467, 0, 0.70752468436, 0, 0.28228522096, 0, 0.26044120843, 0, 0.13435428779, 0.14508049374, 0.16979643153, 0.12500983144, 0, 0.01353494986, 0.10962914023, 0, 0, 0.055203782396, 0, 0.50573283908, 0.12267681104, 0, 0]
    ],
    [
      [27.0704264219, 3.4211103067, 21.835730256, 15.523418467, 24.0656029671, 12.7092134854, 15.2674635547, 0.48208653139, 0, 0.50333898415, 2.882237239, 1.040019442, 2.1718352288, 10.2893213047, 3.3950981733, 2.0752031873, 1, 5.6046111704, 9.1559544258, 0.56849836359, 0.12568740502, 3.3166623195, 1.5316017963, 1.5548428405, 8.1924384958, 19.7331060532, 23.789650144, 3.190246746, 1.596295626, 0.92360250153, 31.3636893003, 7.8485575309, 13.3163137045, 45.035066504, 16.6665874092, 34.0367388231, 21.3093929899, 47.2594677622, 20.7114313259, 14.8762284339, 37.3335178758, 0.13045116412, 17.2674683385, 4.0657804702, 0.17936757022, 5.7183945553, 21.6686380461, 4.3826679907, 12.0842085547, 4.745038086, 6.2084684877, 29.9945903118, 2.9991996862, 32.1777225879, 0.54950493646, 23.3172536776, 3.7596955381, 0.81769611926, 10.1937016389, 1.1836589524, 1.4154599004, 2.5359568499, 8.2973220819, 118.9591532373, 8.511441472, 53.6496948258, 10.557781678],
      [557.1380782236, 37.5788896933, 1067.4372730484, 618.476581533, 725.2771333284, 789.1897682163, 643.865329684, 193.5179134686, 111.7702086084, 11.4966610158, 189.117762761, 89.8013379591, 110.8281647712, 231.7106786953, 35.460935154, 140.9247968127, 0, 79.3127004644, 102.8440455742, 100.3928879546, 11.7568281656, 138.6833376805, 56.2360603879, 113.1014149286, 147.5432919453, 188.0207634412, 370.1084693633, 46.809753254, 29.403704374, 0.2400698217, 641.6363106997, 129.0140287475, 100.4729825706, 487.8777770219, 276.0034090321, 540.1757129852, 361.095136455, 658.6398485876, 391.8500986199, 349.8435302597, 462.264822871, 22.8285017785, 431.1303047753, 63.6074423225, 46.6991517416, 145.2816054447, 101.866163459, 41.6173320093, 114.6506512642, 38.2175320554, 67.6925425111, 281.9716829085, 54.9029243894, 267.4393880287, 9.4373319806, 321.3367985117, 33.2403044619, 70.0613158084, 171.4532016089, 23.8163410476, 108.5845400996, 59.2607155349, 152.7026779181, 2609.7305237367, 218.1860669163, 997.3503051742, 189.442218322],
      [0.79149535448, 0, 0.72699669562, 0, 0.65726370451, 1.1010182983, 0.86720676129, 0, 0.22979139162, 0, 0, 0.15864259892, 0, 0, 0.14396667266, 0, 0, 0.082688365239, 0, 0.038613681818, 0.11748442939, 0, 0.23233781579, 0.34374223089, 0.26426955891, 0.24613050557, 0.1018804927, 0, 0, 0.83632767678, 0, 0.13741372157, 0.21070372488, 1.0871564741, 0.33000355871, 0.78754819162, 0.59547055504, 1.1006836502, 0.4384700542, 0.28024130638, 0.40165925316, 0.041047057428, 0.60222688623, 0.32677720736, 0.12148068814, 0, 0.46519849494, 0, 0.26514018112, 0.037429858548, 0.098989001257, 0.033726779722, 0.097875924393, 0.38288938345, 0.013163082891, 0.34594781069, 0, 0.12098807236, 0.35309675228, 0, 0, 0.20332761515, 0, 1.3103230259, 0.30249161165, 0, 0]
    ],
    [
      [7.7117139483, 5.4571872209, 34.7962801011, 25.0801725344, 37.0944310974, 32.2159108136, 35.4627108131, 3.1377720018, 0.37622247496, 0, 15.7084738912, 2.9185783662, 0.3312270048, 8.9457588747, 0.83190367198, 4.968607531, 0, 16.3564291457, 0.38751199026, 2.7763765084, 1.6098943475, 3.8821411765, 4.3630866631, 2.9538994616, 12.8392909039, 23.9013307941, 26.5028227546, 4.1584565487, 2.582935157, 0, 22.9553874904, 10.4157102857, 19.451283343, 25.7804007899, 21.1874856633, 40.6883322412, 9.9681917598, 40.2214986334, 21.6073600617, 18.6855797878, 16.2230677294, 0.55517512804, 23.4713127381, 0.68819278783, 2.8329547645, 10.0124761264, 20.9954704531, 16.2145996667, 18.0311344683, 26.3060069784, 13.1549520742, 39.0700162888, 3.9008753153, 34.0259010122, 0.69776506811, 49.013253877, 1.6513919974, 1.0156487778, 10.0155172387, 5.00013911, 0.55798636429, 6.1171353686, 2.0244196227, 141.933592784, 15.3403532479, 41.0187565923, 7.7415193666],
      [1.9961329936, 0.52880196556, 17.2404865045, 10.9190929663, 13.4623498753, 17.7838239269, 16.3665456839, 2.121506263, 0.29771038909, 0, 9.2657707488, 1.6583582245, 0.1595842677, 2.0542411253, 0.078680860902, 2.6457861389, 0, 2.7347493608, 0.044819498248, 1.7836975772, 0.7452089738, 1.4825249938, 1.6082594552, 1.5844053652, 2.7893051922, 2.7143768565, 5.1819345469, 0.60491221579, 0.41706484301, 0, 5.8877694863, 2.100648373, 1.7192711463, 3.1560027246, 4.3157882605, 7.9878187667, 2.0831814228, 6.8325902452, 5.0897733487, 5.4411555544, 2.3596636143, 0.30695512223, 7.2129298711, 0.1193155721, 3.9994554011, 2.9684664765, 1.1842025776, 1.868791066, 2.0797358923, 2.5079012146, 1.7177006962, 4.6827010385, 0.80423070514, 3.3697731301, 0.11405809809, 8.28914005, 0.1251977933, 0.56572988895, 2.0365042216, 1.0229868639, 0.29493312156, 1.599499325, 0.48889434795, 39.4696881049, 4.785267336, 9.6641298036, 1.6655993853],
      [4.2921530581, 5.0140108136, 17.9632333944, 24.0007344993, 17.4432190273, 24.0002652595, 21.1707435031, 0.74072173515, 0.32606713595, 0, 6.02575536, 1.4230634093, 0.5091887275, 0, 0.089415467122, 1.3856063301, 0, 4.9088214934, 0.56766851149, 1.4399259144, 0.64489667871, 0.63533382971, 2.0286538817, 2.4616951732, 6.3714039038, 12.3842923494, 16.3152426985, 0.23663123553, 0, 0, 6.1568430232, 6.4836413412, 4.8294455107, 10.0635964855, 7.4967260762, 16.3238489921, 3.9486268175, 16.9459111215, 8.3028665896, 6.8732646577, 4.4172686563, 0.13786974973, 12.3157573909, 0.19249164008, 1.1675898344, 2.019057397, 7.8203269693, 2.9166092673, 8.8891296394, 6.186091807, 4.1273472295, 24.2472826727, 1.2948939795, 8.6043258577, 0.1881768338, 15.697606073, 1.2234102093, 0.41862133321, 3.9479785397, 0.97687402606, 0.14708051414, 2.2833653064, 14.4866860293, 55.5967191111, 8.8743794161, 32.317113604, 1.592881248]
    ],
    [
