{
  "Z_true": {},
  "V_true": [
    [412, 3057, 94, 5388, 153],
    [495, 2409, 261, 12789, 263],
    [459, 639, 9954, 1557, 405],
    [1423, 263, 173, 602, 23],
    [103, 152, 428, 537, 529]
  ],
  "p_true": [
    [0.0453, 0.3358, 0.0103, 0.5918, 0.0168],
    [0.0305, 0.1485, 0.0161, 0.7886, 0.0162],
    [0.0353, 0.0491, 0.7649, 0.1196, 0.0311],
    [0.5729, 0.1059, 0.0696, 0.2424, 0.0093],
    [0.0589, 0.0869, 0.2447, 0.307, 0.3025]
  ],
  "Z_est": {},
  "V_est": [
    [347.1504, 4829.7599, 0, 3927.0897, 0],
    [209.3585, 690.9978, 299.5055, 14965.8989, 51.2393],
    [451.9975, 0, 10610.4945, 1951.508, 0],
    [1808.8127, 675.1873, 0, 0, 0],
    [74.6809, 324.055, 0, 28.5034, 1321.7607]
  ],
  "p_est": [
    [0.0381, 0.5305, 0, 0.4314, 0],
    [0.0129, 0.0426, 0.0185, 0.9229, 0.0032],
    [0.0347, 0, 0.8153, 0.15, 0],
    [0.7282, 0.2718, 0, 0, 0],
    [0.0427, 0.1853, 0, 0.0163, 0.7557]
  ],
  "EI_Z": {},
  "EI_V": 15.9791,
  "MAE_Z": {},
  "MAE_V": 544.1586,
  "MAE_p": 0.1028,
  "runtime": 0.0414
}
