{
  "Z_true": {},
  "V_true": [
    [510, 255, 13857, 883],
    [73, 4137, 1268, 1000],
    [16, 67, 744, 156],
    [744, 11, 364, 54],
    [63, 339, 1021, 1006]
  ],
  "p_true": [
    [0.0329, 0.0164, 0.8937, 0.0569],
    [0.0113, 0.6386, 0.1957, 0.1544],
    [0.0163, 0.0682, 0.7569, 0.1587],
    [0.6343, 0.0094, 0.3103, 0.046],
    [0.0259, 0.1396, 0.4203, 0.4142]
  ],
  "Z_est": [
    [
      [0, 1.325, 0, 3.6283, 25.8823, 19.278, 28.0852, 1.8898, 24.279, 20.0909, 10.1599, 6.1833, 9.8974, 36.4727, 11.4389, 25.8334, 12.9868, 29.0561, 5.0792, 16.1881, 9.5538, 7.5656, 4.3754, 2.023, 6.0509, 10.5001, 6.0757, 3.2761, 13.227, 14.3935, 2.8708, 0, 2.2083, 0.8833, 0.7684, 33.5426, 14.1041, 103.4292, 0.2208],
      [0.178, 0.0006, 0.0531, 0.0042, 13.0118, 5.7851, 16.1294, 1.9929, 8.8548, 19.6256, 9.1023, 0.0031, 0.001, 0.002, 0.0008, 0.0021, 0.0011, 0.0023, 0.001, 6.4556, 9.9114, 13.1414, 11.3534, 24.8511, 12.7916, 26.9956, 14.0705, 6.5514, 8.0433, 16.4339, 12.3259, 0.3489, 5.3459, 1.6204, 0.0037, 23.709, 5.3625, 44.0972, 0.9281],
      [9.1155, 28.1195, 2.7521, 72.435, 625.8339, 314.4775, 589.3013, 57.2236, 250.2194, 506.2405, 379.6145, 385.1819, 251.0023, 595.3053, 323.0146, 530.9461, 235.2862, 445.3301, 201.2179, 176.5484, 445.6983, 409.1702, 299.3653, 472.6537, 251.9522, 581.8071, 380.6355, 338.7804, 409.0765, 450.9258, 296.5357, 179.4657, 155.7832, 165.7493, 69.6593, 1179.5564, 206.9714, 1488.9896, 62.801],
      [0.7066, 0.5549, 0.1949, 7.9325, 59.272, 24.4594, 36.484, 0.8937, 28.6468, 33.043, 37.1233, 23.6317, 22.0993, 35.2199, 15.5458, 27.2184, 17.7259, 19.6116, 12.7019, 10.8079, 25.8365, 19.1229, 20.9058, 22.4721, 8.2054, 30.6973, 10.2182, 20.3921, 23.6533, 23.2468, 9.2676, 4.1854, 9.6626, 5.747, 11.5685, 55.192, 8.562, 110.484, 5.0501]
    ],
    [
      [0, 0, 0, 0.0122, 0.2953, 0.1238, 0.1786, 0.0284, 0.1208, 0.1908, 0.14, 0, 1.4093, 0.0436, 0.0142, 0.0396, 0.775, 0.0304, 0.0112, 0.0721, 0.4242, 0.2253, 0.3389, 0.4252, 0.1644, 0.3633, 0.3136, 0, 0.2476, 0.2253, 0, 0, 0, 0, 0.0528, 0.6738, 0.0741, 0.5947, 0],
      [9.4558, 4.2486, 3.5854, 7.6455, 195.2301, 81.6114, 122.5219, 19.0527, 82.4906, 132.3971, 93.7466, 24.3047, 8.9852, 17.9703, 6.9885, 18.9687, 9.9835, 19.1136, 7.615, 49.1182, 271.8979, 150.1767, 217.2878, 279.5722, 111.2214, 244.9543, 204.1503, 214.1196, 159.9468, 151.6327, 124.2065, 92.5039, 131.5718, 65.3199, 32.1669, 436.2736, 49.9071, 398.9538, 31.324],
      [2.2122, 2.5877, 0.2803, 1.8074, 53.0431, 22.8162, 26.5091, 5.6239, 17.9238, 28.8436, 23.0563, 6.2747, 2.7112, 12.7718, 3.1906, 10.4183, 2.7112, 4.5186, 1.6568, 12.2486, 95.4225, 43.3096, 77.4671, 90.1231, 30.9161, 67.4484, 69.1177, 118.2039, 53.3008, 41.5792, 35.781, 35.7626, 24.4618, 23.5624, 9.6154, 145.3838, 13.4641, 105.3534, 10.1035],
      [2.3319, 1.1637, 2.1343, 2.5349, 42.4315, 17.4486, 26.7904, 3.295, 18.4649, 26.5684, 21.0571, 7.4206, 4.8944, 12.2143, 3.8067, 9.5735, 4.5304, 6.3373, 1.717, 9.5612, 50.2554, 28.2884, 38.9062, 48.8795, 19.6981, 45.234, 35.4184, 42.6765, 30.5047, 28.5629, 22.0125, 16.7334, 23.9664, 12.1177, 10.1649, 81.6688, 9.5547, 81.0981, 6.5725]
    ],
    [
      [0, 0, 0, 0, 0, 0, 0, 0, 0, 0, 0, 0, 0, 0, 0, 0, 0, 0, 0, 0, 0, 0, 0, 0, 0, 0, 0, 0, 0, 0, 0, 0, 0, 0, 0, 0, 0, 0, 0],
      [0, 0, 0, 0, 0.092, 0.0383, 0.0629, 0.0092, 0.1622, 0.0666, 0.045, 0.0112, 0.0037, 0.0075, 0.0029, 0.0079, 0.0042, 0.0083, 0.0037, 0.0241, 0.1224, 0.0716, 0.0978, 0.1307, 0.0646, 0.1187, 0.0941, 0.0949, 0.0729, 0.0733, 0.06, 0.0404, 0.0591, 0.0291, 0.0137, 0.1994, 0.0241, 0, 0],
      [0, 0, 0, 0, 39.8503, 11.5507, 34.5049, 3.447, 18.5809, 45.3471, 23.0938, 13.7258, 4.4405, 8.8811, 3.1718, 6.978, 5.5789, 11.0913, 3.3044, 6.8006, 50.0556, 36.188, 27.6784, 45.0141, 20.2913, 46.8781, 16.5281, 24.1979, 28.0055, 25.0051, 20.0124, 18.3614, 21.255, 24.856, 4.2339, 108.5736, 5.9214, 31.7181, 2.5374],
      [0, 0, 0, 0, 11.0577, 4.411, 7.4322, 0.5438, 5.2569, 6.5863, 5.8612, 3.2629, 2.5557, 5.1114, 1.8253, 4.0141, 2.417, 2.9004, 1.6919, 2.1753, 8.822, 5.7403, 6.2237, 7.8552, 3.6441, 9.0033, 5.3778, 6.7071, 5.9216, 5.9216, 3.9276, 2.5983, 3.6859, 2.1149, 1.7523, 15.227, 2.0544, 18.2819, 1.4626]
    ],
    [
      [0, 4.675, 0, 6.2398, 41.7947, 19.5883, 36.7133, 5.0797, 28.586, 17.7009, 16.6889, 21.811, 16.2528, 75.467, 34.5429, 62.1169, 28.8806, 57.906, 17.9046, 19.7348, 17.9955, 12.19, 8.2721, 6.5311, 3.7715, 16.108, 10.5939, 8.7081, 14.5102, 32.3642, 10.1292, 0, 7.7917, 3.1167, 2.177, 56.7426, 24.8162, 124.938, 0.7792],
      [0, 0.0357, 0, 0.0386, 0.2786, 0.1212, 0.235, 0.035, 0.1786, 0.1124, 0.113, 0.1681, 0.0007, 0.0014, 0.0006, 0.0015, 0.0008, 0.0016, 0.0007, 0.1232, 0.1374, 0.0897, 0.071, 0.0679, 0.019, 0.1225, 0.0845, 0.0752, 0.0994, 0.2228, 1.1347, 0.0125, 0.6952, 0.0293, 0.0169, 0.3941, 0.1611, 0.7863, 0.0264],
      [0, 1.9273, 0, 1.6336, 12.2279, 3.9964, 9.5075, 1.819, 6.83, 2.8578, 4.8808, 10.251, 4.4211, 25.1803, 13.0477, 22.1096, 9.7655, 19.4369, 13.8126, 4.8992, 5.4573, 3.4507, 2.4118, 2.1279, 0.1653, 4.3771, 3.0764, 2.9514, 3.1012, 10.9307, 4.5142, 0.9118, 3.3273, 1.7613, 0.7378, 16.9064, 7.7236, 30.5929, 1.8476],
      [0, 0.3621, 0, 0.088, 0.6988, 0.2941, 0.5442, 0.0663, 0.4054, 0.3289, 0.3173, 2.7699, 0.3254, 1.3512, 0.4089, 0.772, 0.3531, 0.6555, 0.2821, 0.2428, 0.4099, 0.2695, 0.2451, 0.2731, 0.0442, 0.3923, 0.2452, 0.2652, 0.2892, 0.4823, 0.222, 0.0756, 0.1859, 0.0927, 0.0683, 0.9568, 0.2991, 1.6828, 2.3468]
    ],
    [
      [0, 0, 0, 1.1197, 0.0278, 0.0099, 0.0229, 0.002, 0.0142, 0.0174, 0.0111, 0.0057, 0.4405, 0.0166, 0.0041, 0.0101, 0.3577, 0.0075, 0.0051, 0.0051, 0.0266, 0.0191, 0.0136, 0.0207, 0.0132, 0.0286, 0.0168, 0.0158, 0.0152, 0.017, 0, 0, 0, 0, 0.0018, 0.0409, 0.0057, 0.0381, 0],
      [0.3662, 0.7152, 0.3616, 0.3117, 12.3875, 4.444, 12.0508, 0.9103, 6.3139, 7.7982, 4.9931, 2.5129, 0.0093, 0.0187, 0.0073, 0.0197, 0.0104, 0.8742, 1.3795, 2.2788, 11.9309, 8.5206, 6.1899, 9.378, 5.9034, 12.809, 7.6005, 7.1588, 6.8376, 7.6373, 6.2729, 4.0942, 4.328, 3.0013, 0.7987, 18.4238, 2.5451, 17.1627, 1.7215],
      [1.6723, 4.3655, 0.9676, 7.124, 55.0447, 18.1591, 49.1772, 4.8865, 29.446, 35.711, 17.3545, 8.5665, 6.4249, 43.8616, 8.5754, 24.5481, 13.6583, 17.6232, 12.0084, 9.5032, 58.3663, 43.8814, 24.0774, 42.0812, 31.6752, 64.4894, 37.6423, 29.8663, 30.516, 36.5592, 33.1566, 21.4985, 19.1727, 15.0709, 2.7535, 84.5798, 11.9195, 61.3461, 7.7105],
      [1.9615, 2.9194, 2.6708, 7.4445, 69.54, 26.3869, 51.7491, 4.2012, 34.2259, 42.4734, 32.6412, 16.9149, 14.1253, 38.1031, 11.4133, 25.422, 14.9736, 18.4952, 11.607, 13.2128, 60.6762, 41.5789, 36.7191, 50.5201, 27.4082, 63.6731, 37.7404, 40.9591, 37.6312, 39.7864, 29.5704, 19.4072, 23.4993, 14.9278, 5.4459, 98.9554, 13.5298, 109.4531, 9.568]
    ]
  ],
  "V_est": [
    [522.8228, 319.0922, 13824.7421, 838.3429],
    [7.6084, 4282.2206, 1331.5818, 856.5892],
    [0, 1.9167, 797.6583, 183.4249],
    [873.2183, 5.6929, 274.9769, 19.1119],
    [2.3505, 200.0776, 1025.0408, 1201.5311]
  ],
  "p_est": [
    [0.0337, 0.0206, 0.8916, 0.0541],
    [0.0012, 0.661, 0.2056, 0.1322],
    [0, 0.0019, 0.8115, 0.1866],
    [0.7444, 0.0049, 0.2344, 0.0163],
    [0.001, 0.0824, 0.422, 0.4947]
  ],
  "EI_Z": {},
  "EI_V": 2.6182,
  "MAE_Z": {},
  "MAE_V": 69.5591,
  "MAE_p": 0.0312,
  "runtime": 0.5827
}
