{
  "X": [
    [36, 55, 79, 408, 57],
    [77, 38, 100, 161, 36],
    [13, 14, 50, 239, 39],
    [55, 43, 131, 381, 65],
    [113, 93, 263, 869, 107],
    [24, 28, 72, 293, 30],
    [45, 39, 108, 323, 50],
    [49, 33, 133, 292, 63],
    [28, 37, 96, 254, 42],
    [27, 29, 89, 249, 38],
    [5, 5, 21, 85, 11],
    [29, 21, 37, 180, 39],
    [20, 14, 15, 129, 8],
    [9, 27, 40, 57, 10],
    [38, 36, 53, 268, 34],
    [37, 38, 137, 543, 74],
    [70, 50, 120, 766, 103],
    [22, 21, 54, 186, 20],
    [19, 31, 98, 126, 28],
    [48, 54, 108, 219, 76],
    [21, 13, 34, 162, 21],
    [50, 129, 132, 449, 45],
    [2, 1, 2, 23, 1],
    [69, 24, 95, 449, 42],
    [73, 89, 217, 397, 85],
    [17, 30, 83, 99, 24],
    [95, 102, 242, 507, 105],
    [60, 32, 115, 182, 58],
    [27, 20, 57, 208, 32],
    [13, 7, 41, 9, 17],
    [50, 120, 118, 408, 67],
    [15, 12, 24, 110, 23],
    [6, 10, 29, 32, 7],
    [39, 30, 70, 112, 37],
    [28, 27, 69, 90, 34],
    [66, 66, 170, 406, 83],
    [32, 54, 58, 188, 45],
    [87, 52, 148, 359, 54],
    [13, 13, 35, 137, 22],
    [23, 16, 41, 185, 20],
    [18, 3, 22, 89, 20],
    [25, 29, 45, 224, 31],
    [15, 2, 7, 80, 9],
    [39, 28, 131, 240, 55],
    [23, 23, 88, 145, 21],
    [87, 59, 161, 417, 81],
    [3, 3, 6, 9, 4],
    [76, 96, 114, 454, 45],
    [1, 0, 6, 10, 1],
    [20, 25, 49, 157, 29],
    [31, 22, 64, 131, 24],
    [31, 50, 89, 268, 53],
    [50, 79, 173, 296, 82],
    [21, 76, 91, 280, 31],
    [756, 693, 1728, 5407, 833],
    [55, 96, 139, 386, 67],
    [128, 259, 368, 803, 190],
    [15, 67, 77, 175, 32]
  ],
  "W": [
    [41, 63, 55, 392, 66, 18],
    [23, 35, 108, 140, 90, 16],
    [33, 15, 43, 223, 32, 9],
    [36, 45, 139, 336, 97, 22],
    [76, 106, 275, 753, 186, 49],
    [31, 29, 61, 284, 35, 7],
    [20, 37, 97, 290, 102, 19],
    [34, 40, 135, 265, 82, 14],
    [24, 51, 87, 226, 54, 15],
    [30, 26, 96, 212, 45, 23],
    [6, 8, 18, 75, 16, 4],
    [37, 23, 45, 158, 32, 11],
    [8, 13, 16, 125, 20, 4],
    [6, 36, 22, 57, 17, 5],
    [25, 35, 51, 243, 61, 14],
    [52, 57, 104, 500, 89, 27],
    [65, 63, 124, 717, 109, 31],
    [19, 28, 44, 171, 35, 6],
    [17, 44, 71, 120, 35, 15],
    [33, 47, 110, 193, 90, 32],
    [10, 17, 29, 156, 31, 8],
    [26, 138, 110, 425, 87, 19],
    [0, 3, 3, 21, 2, 0],
    [29, 39, 86, 429, 82, 14],
    [42, 84, 203, 380, 127, 25],
    [19, 27, 80, 87, 30, 10],
    [80, 91, 223, 455, 167, 35],
    [20, 36, 124, 157, 89, 21],
    [18, 25, 43, 194, 52, 12],
    [4, 6, 42, 2, 17, 16],
    [36, 129, 109, 386, 76, 27],
    [8, 13, 19, 102, 31, 11],
    [3, 10, 26, 27, 17, 1],
    [20, 23, 87, 88, 49, 21],
    [10, 22, 65, 85, 49, 17],
    [31, 83, 165, 372, 112, 28],
    [26, 48, 62, 173, 59, 9],
    [22, 51, 130, 334, 138, 25],
    [22, 20, 30, 117, 25, 6],
    [18, 22, 33, 178, 30, 4],
    [12, 3, 22, 82, 27, 6],
    [32, 34, 37, 199, 44, 8],
    [11, 5, 8, 67, 19, 3],
    [27, 27, 121, 231, 72, 15],
    [10, 37, 79, 130, 36, 8],
    [54, 57, 152, 369, 145, 28],
    [3, 2, 6, 10, 3, 1],
    [27, 97, 94, 412, 120, 35],
    [0, 2, 4, 10, 2, 0],
    [11, 19, 49, 148, 43, 10],
    [9, 33, 66, 117, 39, 8],
    [22, 60, 77, 246, 64, 22],
    [34, 109, 163, 245, 89, 40],
    [24, 97, 69, 252, 47, 10],
    [465, 825, 1545, 4989, 1235, 358],
    [29, 104, 141, 359, 83, 27],
    [78, 249, 381, 726, 211, 103],
    [12, 95, 51, 163, 27, 18]
  ],
  "method": "mult",
  "cond_prob": [
    [
      [0.017447582971, 0.0046333609674, 0.036743217374, 0.46067230047, 0.48050353822],
      [3.8981706613e-05, 0.7274148054, 0.20380598805, 0.058814128751, 0.0099260960923],
      [0.050706504835, 0.044846217833, 0.74110284117, 0.038777553486, 0.12456688267],
      [0.0063860790098, 0.0062413550553, 0.021521508638, 0.94354035769, 0.022310699605],
      [0.44409502207, 0.027641714152, 0.19688816981, 0.18651715776, 0.14485793621],
      [0.03776228092, 0.12474406463, 0.13678022125, 0.060912638908, 0.63980079428]
    ],
    [
      [0.039356791675, 0.005662332625, 0.036819235162, 0.52486086811, 0.39330077243],
      [0.0080282397671, 0.75893524101, 0.17545956304, 0.052433540396, 0.005143415791],
      [0.11566659634, 0.053702287701, 0.71365246253, 0.026170551243, 0.090808102178],
      [0.043800715558, 0.0046401119908, 0.0081254310964, 0.93512696061, 0.0083067807484],
      [0.62125221196, 0.025421969531, 0.13828972044, 0.13585767963, 0.079178418439],
      [0.079813358715, 0.16059955664, 0.14712323366, 0.070102558366, 0.54236129262]
    ],
    [
      [0.010801044038, 0.0032805495924, 0.036495944354, 0.45556315833, 0.49385930368],
      [0, 0.70347907487, 0.2206243224, 0.065232561413, 0.010664041323],
      [0.027289218776, 0.034933581848, 0.7666582466, 0.040783824413, 0.13033512837],
      [0, 0, 0.017584318608, 0.95830492595, 0.024110755437],
      [0.35131122097, 0.026787923482, 0.22990058168, 0.2181312579, 0.17386901596],
      [0.02535222983, 0.10891090773, 0.13798252591, 0.06133601814, 0.66641831839]
    ],
    [
      [0.018036066381, 0.0035115361961, 0.032112150362, 0.5001854797, 0.44615476736],
      [0, 0.7237597296, 0.19543978765, 0.071929661527, 0.0088708212265],
      [0.061027388695, 0.037600516066, 0.72283560781, 0.055767041944, 0.12276944548],
      [0.0010052813684, 0, 0.0018406920662, 0.98295982194, 0.014194204627],
      [0.45989587118, 0.024122728991, 0.1756508957, 0.20778052136, 0.13254998276],
      [0.041828206241, 0.12445547363, 0.13265514725, 0.071620835835, 0.62944033705]
    ],
    [
      [0.020700433474, 0.003263444531, 0.034312031431, 0.56000872649, 0.38171536407],
      [0, 0.71186047748, 0.20221081705, 0.079550889586, 0.0063778158868],
      [0.069255019291, 0.023581656524, 0.72394277844, 0.085713266135, 0.097507279611],
      [0, 0, 0, 0.99578938793, 0.0042106120738],
      [0.4832372448, 0.022104002314, 0.17414928048, 0.21713438007, 0.10337509233],
      [0.051010392198, 0.13670342099, 0.15269201558, 0.086110010258, 0.57348416098]
    ],
    [
      [0.021995154919, 0.0053618032406, 0.045026100651, 0.51092527445, 0.41669166674],
      [0.00039821163109, 0.72651468146, 0.2104707952, 0.055934379582, 0.0066819321341],
      [0.05492684774, 0.045142678929, 0.77275911459, 0.03484800741, 0.092323351329],
      [0.0097730982624, 0.0071407982653, 0.031699961035, 0.93901055652, 0.01237558592],
      [0.48125347765, 0.02733199441, 0.2052547328, 0.17856746858, 0.10759232656],
      [0.048090389127, 0.14664977299, 0.16793246387, 0.069233082959, 0.56809429106]
    ],
    [
      [0.014778387058, 0.0045589875751, 0.03641268054, 0.49936190412, 0.4448880407],
      [0, 0.73332001384, 0.19474505514, 0.064090133194, 0.0078447978285],
      [0.041409057105, 0.047933866892, 0.74798198428, 0.048188106769, 0.11448698496],
      [0, 0.00019181603792, 0.012833293683, 0.97386313955, 0.013111750724],
      [0.39257399885, 0.043821668045, 0.20657113727, 0.21785367662, 0.13917951922],
      [0.033958201951, 0.13689251876, 0.1431587213, 0.069778691924, 0.61621186607]
    ],
    [
      [0.018536614581, 0.0022777291478, 0.035409890796, 0.45596961504, 0.48780615043],
      [0.00047012564073, 0.6839725438, 0.23259112979, 0.070880575653, 0.012085625114],
      [0.068625809523, 0.019468320028, 0.73853381065, 0.039741404658, 0.13363065514],
      [0.0025536219949, 0, 0.020552783039, 0.95223348743, 0.024660107535],
      [0.46149366625, 0.018706387002, 0.18857233792, 0.18401065392, 0.14721695491],
      [0.040519666549, 0.10010775136, 0.13435249062, 0.061855188763, 0.66316490271]
    ],
    [
      [0.015745130398, 0.0019635841825, 0.037243944358, 0.49588439008, 0.44916295098],
      [0, 0.67240492095, 0.23907792311, 0.078582553387, 0.0099346025509],
      [0.048712679084, 0.00024499354605, 0.78525905678, 0.050323114156, 0.11546015643],
      [0, 0, 0.0050867353781, 0.97880372209, 0.01610954253],
      [0.42279855951, 0.019291666927, 0.20751687092, 0.21181328613, 0.13857961651],
      [0.036866105117, 0.10647723724, 0.14934133941, 0.071026322667, 0.63628899556]
    ],
    [
      [0.018134050478, 0.0045401979743, 0.035198091419, 0.56464124811, 0.37748641202],
      [0, 0.73951295286, 0.18519342034, 0.070101616788, 0.005192010016],
      [0.051190232402, 0.049866535106, 0.74071699343, 0.067004116345, 0.091222122717],
      [0, 0, 0, 0.99901377105, 0.00098622895213],
      [0.45580035084, 0.028316581708, 0.18796563684, 0.22289673936, 0.10502069125],
      [0.044813060317, 0.15543581475, 0.15485840442, 0.086280548595, 0.55861217192]
    ],
    [
      [0.008826143857, 0.001256442218, 0.035172779462, 0.50019927532, 0.45454535914],
      [0, 0.58200679641, 0.2650784744, 0.14236019905, 0.010554530142],
      [0, 0, 0.77717171516, 0.10636248729, 0.11646579755],
      [0, 0, 0, 0.98948344469, 0.010516555313],
      [0.30355458184, 0, 0.25527741403, 0.27730884451, 0.16385915962],
      [0.022542456869, 0.084101743849, 0.14870150766, 0.074299530152, 0.67035476147]
    ],
    [
      [0.03028630191, 0.0024490902807, 0.021389393869, 0.47146392888, 0.47441128506],
      [0.0023298536708, 0.7620647032, 0.15642543663, 0.068629798313, 0.010550208187],
      [0.14635102815, 0.031392042652, 0.61929774329, 0.052819711491, 0.15013947442],
      [0.011631446544, 0, 0, 0.96650400009, 0.021864553364],
      [0.58517196151, 0.019882107385, 0.11383232499, 0.16180069454, 0.11931291157],
      [0.061522964167, 0.12118419367, 0.099979503327, 0.06501891031, 0.65229442852]
    ],
    [
      [0.041298622218, 0.0063669341764, 0.029806363293, 0.57766396281, 0.34486411751],
      [0.0023671630506, 0.81411041593, 0.12462701496, 0.054824825712, 0.0040705803473],
      [0.12363471088, 0.067947699057, 0.66616277245, 0.051963010342, 0.090291807266],
      [0.032024467372, 0.0078024755243, 0, 0.95638516551, 0.0037878915957],
      [0.66412269736, 0.025675627441, 0.099255137431, 0.14778910821, 0.063157429558],
      [0.093792539973, 0.1974109863, 0.12442269783, 0.082657386251, 0.50171638964]
    ],
    [
      [0.01954229409, 0.005595968238, 0.06179914752, 0.47688593964, 0.43617665051],
      [0, 0.67366296773, 0.30511449086, 0.015085251246, 0.0061372901723],
      [0.039543139179, 0.037450156075, 0.84047569362, 0.0056266182049, 0.076904392916],
      [0.0062795199043, 0.013687676858, 0.077492750368, 0.88872021358, 0.013819839294],
      [0.43831376778, 0.027724612023, 0.27600566804, 0.14906198055, 0.10889397161],
      [0.040706097349, 0.1278275867, 0.20908701134, 0.056144774723, 0.56623452988]
    ],
    [
      [0.022440792838, 0.005486404268, 0.030398001204, 0.52187778931, 0.41979701238],
      [0.00011636220399, 0.77461710728, 0.15606513622, 0.062747171978, 0.0064542223182],
      [0.070571789257, 0.058191515452, 0.70243264663, 0.052370335858, 0.11643371281],
      [0.0075143554899, 0.0071948387107, 0, 0.97613147854, 0.0091593272581],
      [0.51299757136, 0.030123232509, 0.15071587438, 0.1942769827, 0.11188633906],
      [0.051207572356, 0.15697220434, 0.12571692051, 0.073940849223, 0.59216245357]
    ],
    [
      [0.012606209819, 0.001805778281, 0.041540858732, 0.49268294666, 0.45136420651],
      [0, 0.62067810532, 0.2881701458, 0.080507565583, 0.010644183294],
      [0.02862639282, 0, 0.8187495634, 0.043243717266, 0.10938032651],
      [0, 0, 0.010733352851, 0.97323104418, 0.016035602967],
      [0.36577371916, 0, 0.26328463871, 0.22220665614, 0.14873498599],
      [0.030128564113, 0.093609167637, 0.16537826559, 0.070455350075, 0.64042865259]
    ],
    [
      [0.019312764299, 0.0024688975187, 0.027257458808, 0.46720077343, 0.48376010594],
      [0.000361125468, 0.71241096769, 0.19718589597, 0.078101651115, 0.011940359759],
      [0.10713022603, 0, 0.69021676647, 0.052183386972, 0.15046962053],
      [0.0007461890291, 0, 0.00021851271692, 0.97780759938, 0.021227698875],
      [0.49128264224, 0.016267072365, 0.15223775527, 0.19366180176, 0.14655072836],
      [0.043643414536, 0.10272644546, 0.11187373375, 0.065923244357, 0.67583316189]
    ],
    [
      [0.022517338073, 0.0030138795104, 0.043948734603, 0.53648706796, 0.39403297985],
      [0.00044475683896, 0.68168973049, 0.24069370325, 0.070326364266, 0.0068454451462],
      [0.082162679609, 0.0091415839948, 0.77893014897, 0.042188180665, 0.087577406756],
      [0.0027747563987, 0, 0.023577776932, 0.96454664371, 0.0091008229561],
      [0.49021182148, 0.019956220039, 0.20182424009, 0.18805000703, 0.099957711364],
      [0.052110397731, 0.12578773972, 0.17616258964, 0.07701687321, 0.56892239969]
    ],
    [
      [0.018041251571, 0.0024736146531, 0.061758938417, 0.48637417947, 0.43135201589],
      [0, 0.63092412716, 0.31526423912, 0.04603231251, 0.0077793212093],
      [0.048187412841, 0.012391090783, 0.85310731026, 0.0039769828379, 0.082337203279],
      [0, 0, 0.080203107129, 0.90554065345, 0.014256239422],
      [0.41946069279, 0.019016229335, 0.27798481353, 0.16739487768, 0.11614338666],
      [0.039391210923, 0.11013009889, 0.21026741123, 0.060010152294, 0.58020112667]
    ],
    [
      [0.016259017515, 0.0070057377428, 0.030827170437, 0.43549497954, 0.51041309476],
      [0, 0.76916285852, 0.16776563816, 0.051017562604, 0.012053940711],
      [0.051728619204, 0.061791713259, 0.70306533287, 0.032253563238, 0.15116077143],
      [0.0034570719081, 0.016114705667, 0.011948498962, 0.937376468, 0.03110325546],
      [0.44434009022, 0.037496464406, 0.1754252333, 0.1782934761, 0.16444473597],
      [0.034858790979, 0.13550774548, 0.11456876466, 0.053839909463, 0.66122478942]
    ],
    [
      [0.022555336046, 0.0027133180541, 0.034225198944, 0.46776363911, 0.47274250784],
      [0.0010729797452, 0.69347928739, 0.22329912355, 0.071310008969, 0.010838600343],
      [0.089497671642, 0.012647816619, 0.7303928288, 0.042135307609, 0.12532637532],
      [0.0081889754621, 0, 0.015449985703, 0.95533205988, 0.021028978954],
      [0.53188501816, 0, 0.16794857549, 0.1724198672, 0.12774653915],
      [0.049357221392, 0.10211653149, 0.13295840814, 0.063919038854, 0.65164880013]
    ],
    [
      [0.020628182413, 0.0066502909754, 0.038467129359, 0.53433214143, 0.39992225582],
      [0, 0.76429931078, 0.17653229297, 0.054550272045, 0.0046181242048],
      [0.056133650009, 0.059604578914, 0.74550593792, 0.041969917939, 0.09678591522],
      [0.0027074450416, 0.024713442709, 0.012691283012, 0.95197375758, 0.0079140716623],
      [0.47410401461, 0.035656721952, 0.1878569089, 0.19499309353, 0.10738926101],
      [0.046908018029, 0.16799662659, 0.1523894043, 0.07418366845, 0.55852228263]
    ],
    [
      [0.021398914084, 0.0011711501323, 0.014176316472, 0.37845538754, 0.58479823177],
      [0.073184042356, 0.31659999424, 0, 0.59620777515, 0.014008188248],
      [0.12507252374, 0.015594861089, 0.62356474334, 0.070652653374, 0.16511521845],
      [0, 0, 0, 0.98681090473, 0.01318909527],
      [0.70261515085, 0.0017077170022, 0.064652884985, 0.13819485755, 0.092829389614],
      [0.034828226366, 0.027947804141, 0.040908417163, 0.036716826254, 0.85959872608]
    ],
    [
      [0.031335480196, 0.0019468670816, 0.037726695176, 0.52273660936, 0.40625434819],
      [0.058542264811, 0.57966729627, 0.26578205247, 0.086313716339, 0.0096946701172],
      [0.11376199271, 0, 0.74149657711, 0.044513669774, 0.10022776041],
      [0.015244823238, 0, 0.011352166894, 0.96103484946, 0.012368160408],
      [0.59113324266, 0, 0.15476951612, 0.16202741182, 0.092069829403],
      [0.072259736161, 0.095465450019, 0.15789573165, 0.076859257393, 0.59751982477]
    ],
    [
      [0.019087756237, 0.0065290853307, 0.041619653763, 0.45814641017, 0.4746170945],
      [0.00010607045493, 0.74689100189, 0.19896901243, 0.045230824126, 0.0088030911004],
      [0.051340022752, 0.056530697135, 0.75839660309, 0.017367483412, 0.11636519361],
      [0.0078567162637, 0.017193090974, 0.038146554788, 0.91562762502, 0.021176012957],
      [0.45496676945, 0.034842280816, 0.2082212823, 0.16582263399, 0.13614703344],
      [0.040041912055, 0.14211434021, 0.14577093592, 0.057395615585, 0.61467719622]
    ],
    [
      [0.017348547939, 0.0091229402463, 0.050690409604, 0.51406998871, 0.40876811351],
      [0, 0.74883869901, 0.20342115302, 0.04353498761, 0.0042051603597],
      [0.039737544188, 0.064388756125, 0.80143696155, 0.011673926227, 0.082762811908],
      [0.0011400498888, 0.018826255164, 0.041950740485, 0.9302495617, 0.0078333927634],
      [0.43318925773, 0.038181365395, 0.23407640402, 0.18430617181, 0.11024680104],
      [0.039651198181, 0.16735936108, 0.17575476191, 0.066241442884, 0.55099323594]
    ],
    [
      [0.019834417264, 0.0079894912689, 0.042334902996, 0.4933299305, 0.43651125798],
      [0, 0.75434166371, 0.1893858053, 0.049643404765, 0.0066291262303],
      [0.052630289582, 0.058748646752, 0.75711205572, 0.028438738491, 0.10307026945],
      [0.0062192167239, 0.017559430674, 0.029069506238, 0.93368783954, 0.013464006821],
      [0.46304951543, 0.0366499513, 0.20340786827, 0.1771703859, 0.1197222791],
      [0.043362267305, 0.15727766434, 0.15278204895, 0.064537017293, 0.58204100211]
    ],
    [
      [0.023159590773, 0.0023931486502, 0.031983862278, 0.45376999005, 0.48869340824],
      [0.002628741094, 0.70295571906, 0.21272475511, 0.069122167226, 0.012568617514],
      [0.084455785963, 0.024608046293, 0.71051134998, 0.039392409511, 0.14103240825],
      [0.012949873446, 0, 0.011052982475, 0.95061637834, 0.025380765738],
      [0.51575618175, 0.016041684912, 0.16019522006, 0.16883381149, 0.13917310179],
      [0.049248844693, 0.10317254492, 0.12410149236, 0.060883941765, 0.66259317626]
    ],
    [
      [0.01762279048, 0.0029196042331, 0.039561667386, 0.47676493819, 0.46313099971],
      [2.8193171902e-05, 0.68106687505, 0.24024245844, 0.068594185395, 0.010068287942],
      [0.048740378721, 0.034184973614, 0.76341790867, 0.039491148698, 0.11416559029],
      [0.00079813684058, 0, 0.024625551392, 0.95519623036, 0.019380081411],
      [0.46076388842, 0.0030583442827, 0.20886092877, 0.19067791468, 0.13663892385],
      [0.039307326014, 0.10764895663, 0.15139443224, 0.065161402592, 0.63648788252]
    ],
    [
      [0.025638897493, 0.0024614559545, 0.044804619774, 0.48171675336, 0.44537827342],
      [0.0012597667066, 0.68478020493, 0.24601173568, 0.060870429705, 0.0070778629803],
      [0.069283110975, 0.022147447144, 0.79049698758, 0.029326715681, 0.088745738616],
      [0.010641607586, 0.00025397282401, 0.018985804063, 0.95533437323, 0.014784242301],
      [0.5321079424, 0.014307545922, 0.19714808666, 0.15298299498, 0.10345343005],
      [0.057054807056, 0.10672149627, 0.17214678419, 0.060300543043, 0.60377636945]
    ],
    [
      [0.020703294996, 0.0063220044144, 0.031296246489, 0.47006588368, 0.47161257042],
      [0.00022831609631, 0.77128373674, 0.16575593174, 0.053835848007, 0.0088961674132],
      [0.06506120565, 0.059192470651, 0.70187097982, 0.041078434424, 0.13279690946],
      [0.0089206440808, 0.019556042645, 0.0090198820129, 0.94394406474, 0.018559366524],
      [0.49318926467, 0.032108330782, 0.16138845595, 0.17916135393, 0.13415259467],
      [0.044733498439, 0.14207262594, 0.1199883712, 0.062095650185, 0.63110985424]
    ],
    [
      [0.015078789033, 0.0032116932181, 0.029687089272, 0.43967856156, 0.51234386692],
      [0, 0.73030032869, 0.19138905218, 0.065998084415, 0.012312534714],
      [0.050231594297, 0.042136011293, 0.71229226875, 0.044575055315, 0.15076507034],
      [0, 0, 0.0089012555506, 0.9610638217, 0.030034922749],
      [0.43752797537, 0.016494796809, 0.18019865986, 0.1968189481, 0.16895961986],
      [0.032872923588, 0.10622538778, 0.11334599814, 0.058888468602, 0.68866722189]
    ],
    [
      [0.010682567243, 0.0058414436971, 0.045136759337, 0.4991087047, 0.43923052502],
      [0, 0.73511155908, 0.20952414599, 0.04998316294, 0.0053811319891],
      [0.0034799006393, 0.068057917978, 0.8088432721, 0.026603812178, 0.093015097106],
      [0, 0.0014554258108, 0.038658513078, 0.94903623314, 0.010849827976],
      [0.34418550592, 0.039947627322, 0.26659315179, 0.21302719736, 0.13624651761],
      [0.026321281037, 0.14344804932, 0.16355975401, 0.065702490017, 0.60096842562]
    ],
    [
      [0.028433833919, 0.0070286142271, 0.026272930554, 0.51306907568, 0.42519554562],
      [0.0027379759833, 0.78719530869, 0.14436931614, 0.05970644789, 0.0059909512885],
      [0.10051684058, 0.067813774412, 0.66014161895, 0.056555609847, 0.11497215621],
      [0.010973143409, 0.0097629561005, 0, 0.96865052647, 0.010613374019],
      [0.55876393573, 0.032330696106, 0.12796273169, 0.17727762604, 0.10366501044],
      [0.06087215587, 0.16241871408, 0.11674059124, 0.072246767751, 0.58772177107]
    ],
    [
      [0.019485012894, 0.0069162545487, 0.040154923769, 0.4300843527, 0.50335945608],
      [0.00026015541519, 0.76435962966, 0.18746403457, 0.037503105837, 0.010413074518],
      [0.053576009721, 0.063395583042, 0.75198477572, 0.0019142397966, 0.12912939172],
      [0.0092055009367, 0.018585968312, 0.037733570803, 0.90629211811, 0.028182841834],
      [0.46662440524, 0.040188785343, 0.2048513324, 0.14169653827, 0.14663893875],
      [0.039407199034, 0.14383264211, 0.13824486906, 0.04539424371, 0.63312104608]
    ],
    [
      [0.018372503517, 0.0026941627957, 0.033895523268, 0.45737920325, 0.48765860717],
      [0.00048443976273, 0.69583547128, 0.22092046211, 0.070439544234, 0.012320082611],
      [0.073017888328, 0.018370490582, 0.72937996179, 0.043018989013, 0.13621267029],
      [0.0015757878356, 0, 0.016335056606, 0.95739588733, 0.024693268226],
      [0.4609766039, 0.019690236523, 0.18341112526, 0.18734190178, 0.14858013254],
      [0.04023998587, 0.10448926429, 0.13023070153, 0.062252366215, 0.6627876821]
    ],
    [
      [0.016433621689, 0.0099458416772, 0.024994840028, 0.42394739983, 0.52467829677],
      [0, 0.81092141978, 0.1333167157, 0.045133613137, 0.010628251381],
      [0.058687310819, 0.076764907421, 0.66084085596, 0.037707366898, 0.1659995589],
      [0.0030026920843, 0.034983802973, 0.0017071121405, 0.93368327005, 0.026623122751],
      [0.45929731112, 0.045647150798, 0.14949696655, 0.177398347, 0.16816022453],
      [0.035122830966, 0.14581954394, 0.095905256569, 0.053265470473, 0.66988689805]
    ],
    [
      [0.024925233142, 0.0048250947431, 0.041605711395, 0.51795434666, 0.41068961406],
      [0.0013522326905, 0.72805800488, 0.20550879579, 0.058318627719, 0.0067623389209],
      [0.066390335065, 0.046142347127, 0.75735699854, 0.035035345696, 0.09507497357],
      [0.016370744435, 0.0043905390402, 0.024484316193, 0.94275249825, 0.012001902084],
      [0.5138207177, 0.026469687181, 0.18796714037, 0.16981324145, 0.1019292133],
      [0.055073990474, 0.14580510681, 0.16120355897, 0.070503907365, 0.56741343639]
    ],
    [
      [0.015238933971, 0, 0.034592707038, 0.51156577506, 0.43860258393],
      [0, 0.62050538217, 0.24584694813, 0.12372482356, 0.0099228461476],
      [0.04760803503, 0, 0.77228575207, 0.066538908735, 0.11356730416],
      [0, 0, 0, 0.98638782469, 0.013612175308],
      [0.44012418619, 0, 0.2104958042, 0.21674949045, 0.13263051916],
      [0.038899624481, 0.09831539278, 0.14850896924, 0.074796077528, 0.63947993597]
    ],
    [
      [0.026978968871, 0.0027742772173, 0.040308417288, 0.49257806848, 0.43736026815],
      [0.0016621873483, 0.68351615823, 0.23788116327, 0.067913052557, 0.0090274385894],
      [0.10488319244, 0, 0.75385482647, 0.037932145702, 0.10332983539],
      [0.014127393902, 0, 0.024100065631, 0.94536084349, 0.016411696975],
      [0.54230808684, 0.015543620078, 0.17511619269, 0.1614063942, 0.1056257062],
      [0.058186592067, 0.11159973167, 0.15513904012, 0.067831208902, 0.60724342724]
    ],
    [
      [0.022975999648, 0.0014824749803, 0.028895564181, 0.43753919202, 0.50910676917],
      [0.00083778113475, 0.67417147981, 0.2320143681, 0.079302456359, 0.013673914598],
      [0.078315397268, 0.023100992889, 0.706780313, 0.041878307372, 0.14992498947],
      [0.014166654988, 0, 0.0079429952212, 0.9482247832, 0.029665566588],
      [0.53875101599, 0, 0.1505060216, 0.16592492784, 0.14481803457],
      [0.048482130015, 0.07524566954, 0.11550917468, 0.059315715061, 0.7014473107]
    ],
    [
      [0.019236493615, 0.0039840553054, 0.033485738427, 0.51062435009, 0.43266936257],
      [0, 0.7348318911, 0.18935076079, 0.068145292721, 0.007672055383],
      [0.058519413641, 0.046207862253, 0.73204330232, 0.048681727892, 0.11454769389],
      [0.004454921225, 0, 0.0078229168271, 0.97573334898, 0.011988812964],
      [0.47667608507, 0.025100054205, 0.17608324596, 0.1998759225, 0.12226469226],
      [0.044867104111, 0.13426658055, 0.1375631308, 0.072047484328, 0.61125570021]
    ],
    [
      [0.03204216904, 0, 0.014790889004, 0.56694408425, 0.3862228577],
      [0.0016311910816, 0.36026763721, 0.21794483979, 0.4080057032, 0.012150628714],
      [0.12987456311, 0, 0.64344667446, 0.091799374357, 0.13487938807],
      [0, 0, 0, 0.9999977508, 2.2491997061e-06],
      [0.70279165013, 0, 0.015546137238, 0.19497456781, 0.086687644824],
      [0.08244744262, 0.066220604647, 0.10154200627, 0.094941823444, 0.65484812302]
    ],
    [
      [0.016992500544, 0.0040356425806, 0.043550552983, 0.44136713876, 0.49405416513],
      [0.0001369151738, 0.700761425, 0.23294244203, 0.055585710373, 0.010573507428],
      [0.045444256662, 0.039329739983, 0.775999373, 0.016941530318, 0.12228510004],
      [0.0066809130109, 0.002880923011, 0.048362284187, 0.91551989104, 0.026555988756],
      [0.42993844735, 0.025473244133, 0.22524700491, 0.16961548117, 0.14972582244],
      [0.035992773666, 0.11413425629, 0.1499528667, 0.055662562108, 0.64425754123]
    ],
    [
      [0.021217328764, 0.0015260536516, 0.046054148122, 0.53442122204, 0.39678124742],
      [0.00049635715774, 0.58727787255, 0.32291830256, 0.081157738144, 0.00814972959],
      [0.067305637154, 0, 0.80189101317, 0.04397905287, 0.086824296804],
      [0, 0, 0.022427667312, 0.96619594508, 0.011376387612],
      [0.47366541984, 0.012151938849, 0.21758911002, 0.19296848625, 0.10362504504],
      [0.050045131036, 0.10224854755, 0.18666082154, 0.078283490832, 0.58276200903]
    ],
    [
      [0.021756545731, 0.0048785973858, 0.036749104237, 0.49674159278, 0.43987415986],
      [0.00060085792231, 0.73641665999, 0.19394014323, 0.061115615478, 0.0079267233766],
      [0.062019205813, 0.048120153355, 0.73657538147, 0.041216679061, 0.1120685803],
      [0.010763626301, 0.0043529830893, 0.015946674511, 0.95409274599, 0.014843970114],
      [0.4900353008, 0.027396611663, 0.18016983467, 0.1825193272, 0.11987892566],
      [0.047752915134, 0.13813512002, 0.14259118935, 0.067925106354, 0.60359566914]
    ],
    [
      [0.034760420607, 0.018297798183, 0.047187329234, 0.30982825309, 0.58992619888],
      [0.0037725156408, 0.87239101129, 0.11522579619, 0, 0.0086106768827],
      [0.041403864851, 0.082386071813, 0.74335476574, 0, 0.13285529759],
      [0.065887923667, 0.043614687289, 0.062411708795, 0.78711317219, 0.040972508056],
      [0.64319222467, 0.0388555384, 0.14471336264, 0.058690406105, 0.11454846819],
      [0.051294607114, 0.1532946639, 0.1096006496, 0.023312300471, 0.66249777892]
    ],
    [
      [0.02600271394, 0.0063096130235, 0.038081409757, 0.58332091774, 0.34628534554],
      [5.7717342243e-06, 0.7667616699, 0.16794195117, 0.062403350222, 0.002887256975],
      [0.070546688665, 0.058579565909, 0.73872695087, 0.050125514075, 0.082021280485],
      [0.0080213451857, 0.013483473857, 0.0043182698134, 0.97373832302, 0.00043858812683],
      [0.52672450483, 0.032575600639, 0.16560423946, 0.19408960568, 0.08100604939],
      [0.06154980956, 0.18522902763, 0.15969895409, 0.086127718916, 0.50739448981]
    ],
    [
      [0.01030891513, 0, 0.036106150592, 0.32048970117, 0.63309523311],
      [0, 0, 0.8206106236, 0.15270255713, 0.02668681927],
      [0.012172541365, 0, 0.87489902158, 0.017432690857, 0.095495746195],
      [0, 0, 0.037158095832, 0.93326709195, 0.029574812219],
      [0.47565491727, 0, 0.24380085407, 0.14609660142, 0.13444762724],
      [0.014485917102, 0, 0.089640379309, 0.0262473747, 0.86962632889]
    ],
    [
      [0.014308583752, 0.0066512369168, 0.03168304014, 0.45203565106, 0.49532148813],
      [0, 0.79271985807, 0.15026639854, 0.04867999119, 0.008333752194],
      [0.038070061934, 0.073229139107, 0.71041222193, 0.039393015355, 0.13889556167],
      [0, 0.019628560785, 0.011987350621, 0.94658450112, 0.021799587477],
      [0.41096869263, 0.042598453773, 0.18717672541, 0.19773379146, 0.16152233673],
      [0.030551876076, 0.15401707659, 0.11634990272, 0.057537105543, 0.64154403907]
    ],
    [
      [0.026766869698, 0.0013304792807, 0.034016014265, 0.48890530379, 0.44898133297],
      [0.027005250626, 0.64288855961, 0.23659421844, 0.082221692935, 0.011290278388],
      [0.10593963767, 0, 0.72375805853, 0.050418571021, 0.11988373278],
      [0.0043552380452, 0, 0.0084145954281, 0.96872161178, 0.018508554747],
      [0.56130507484, 0, 0.15469465377, 0.17082917084, 0.11317110054],
      [0.059431005737, 0.096587902424, 0.13757695471, 0.069518058809, 0.63688607832]
    ],
    [
      [0.014560612912, 0.0034788508381, 0.03372935553, 0.45692516323, 0.49130601749],
      [0, 0.71358294678, 0.20787616775, 0.066754628524, 0.011786256949],
      [0.046804469144, 0.038898715674, 0.73412704957, 0.043514507193, 0.13665525841],
      [0, 0, 0.015185164069, 0.96030704154, 0.024507794395],
      [0.41193873104, 0.025482950395, 0.19818958679, 0.20305368852, 0.16133504325],
      [0.032347436603, 0.1128353883, 0.12899624458, 0.061853789109, 0.66396714141]
    ],
    [
      [0.016536240177, 0.00088149330991, 0.034565265332, 0.48491442591, 0.46310257527],
      [0, 0.67232923453, 0.23139561248, 0.083814539754, 0.012460613241],
      [0.055481857729, 0.0014430946834, 0.758610361, 0.056688304499, 0.12777638209],
      [0, 0, 0.00074244942162, 0.97823883425, 0.02101871633],
      [0.4368122076, 0.015657179648, 0.19347213273, 0.20937166036, 0.14468681967],
      [0.037948463704, 0.10143573105, 0.13870626136, 0.070858472251, 0.65105107164]
    ],
    [
      [0.014318321411, 0.0045046969347, 0.040320221162, 0.53187688647, 0.40897987402],
      [0, 0.71084930878, 0.21313043542, 0.070524542357, 0.0054957134389],
      [0.026395347914, 0.056125069084, 0.77313047901, 0.046923385399, 0.097425718592],
      [0, 0.0011600156248, 0.014963327196, 0.97530198339, 0.0085746737886],
      [0.39340688533, 0.029327827346, 0.22567554671, 0.22590985278, 0.12567988783],
      [0.034495766962, 0.13961427319, 0.16351502557, 0.076249762863, 0.58612517141]
    ],
    [
      [0.020793682197, 0.0034116870102, 0.037824652258, 0.49824978175, 0.43972019679],
      [0.00051032764222, 0.70019730877, 0.22117120363, 0.069171522249, 0.008949637712],
      [0.069717630624, 0.02794197213, 0.74716823144, 0.043460724639, 0.11171144117],
      [0.0062399259496, 0, 0.01750465944, 0.96073473392, 0.015520680691],
      [0.47800118624, 0.021998066995, 0.1885657986, 0.18866440961, 0.12277053855],
      [0.04674224187, 0.12126487746, 0.14905270647, 0.069816739289, 0.61312343492]
    ],
    [
      [0.020704745173, 0.0051103573818, 0.032116088698, 0.47732544771, 0.46474336104],
      [0.00041587982991, 0.75451396729, 0.17587572381, 0.060218276591, 0.0089761524854],
      [0.064141863264, 0.054121549667, 0.70912223249, 0.043600798719, 0.12901355586],
      [0.0093511843692, 0.010196622794, 0.0076029614524, 0.95489138045, 0.017957850938],
      [0.49077517998, 0.02911270795, 0.16500031937, 0.18315165085, 0.13196014184],
      [0.045218260759, 0.13608393305, 0.12469754447, 0.064428001126, 0.6295722606]
    ],
    [
      [0.018643692126, 0.0071793420202, 0.032358415537, 0.481646966, 0.46017158431],
      [0, 0.77350748564, 0.16443256765, 0.054216993169, 0.0078429535383],
      [0.056286437654, 0.066795552862, 0.71036054237, 0.04035860703, 0.12619886008],
      [0.0039633652318, 0.023218156506, 0.0061653860265, 0.95031825623, 0.016334836001],
      [0.46454772651, 0.037284633789, 0.17296704842, 0.18986343314, 0.13533715814],
      [0.040812483651, 0.15207866412, 0.12536747697, 0.063714928685, 0.61802644657]
    ],
    [
      [0.015764010169, 0.0028319540951, 0.040512577853, 0.46691272667, 0.47397873121],
      [0.0080493998628, 0.66045151292, 0.2548075614, 0.063986969597, 0.01270455622],
      [0.042916020021, 0.033029727278, 0.77038663457, 0.037106742257, 0.11656087587],
      [0, 0, 0.026255789616, 0.95126034477, 0.022483865613],
      [0.41618231206, 0.022085387444, 0.22167913338, 0.19431339752, 0.14573976959],
      [0.034472191347, 0.10790562616, 0.15291011451, 0.06244129902, 0.64227076896]
    ]
  ],
  "expected_outcome": [
    [
      [0.7153509018, 0.90520620851, 0.35643445325, 0.64929838973, 1.573232944, 0.6818498025, 0.29556774116, 0.63024489574, 0.37788312954, 0.54402151435, 0.052956863142, 1.1205931707, 0.33038897775, 0.11725376454, 0.56101982094, 0.65552291059, 1.2553296794, 0.42782942339, 0.3067012767, 0.53654757801, 0.22555336046, 0.53633274275, 0, 0.90872892568, 0.80168576194, 0.32962241084, 1.5867533812, 0.46319181545, 0.31721022863, 0.10255558997, 0.74531861985, 0.12063031226, 0.03204770173, 0.56867667839, 0.19485012894, 0.56954760904, 0.4272741639, 0.54835512913, 0.33525654737, 0.48562143968, 0.27571199578, 0.61556779569, 0.35246385944, 0.45879751469, 0.21217328764, 1.1748534695, 0.10428126182, 0.70207327637, 0, 0.15739442127, 0.24090182728, 0.32033348406, 0.56223216602, 0.34363971386, 9.6690622214, 0.60043761003, 1.4542079858, 0.18916812203],
      [0.18996779966, 0.13023365038, 0.10825813655, 0.12641530306, 0.24802178436, 0.16621590046, 0.091179751503, 0.077442791026, 0.047126020381, 0.13620593923, 0.0075386533078, 0.090616340384, 0.050935473411, 0.033575809428, 0.1371601067, 0.09390047061, 0.16047833872, 0.057263710698, 0.042051449103, 0.23118934551, 0.027133180541, 0.17290756536, 0, 0.056459145366, 0.27422158389, 0.17333586468, 0.63915930152, 0.047862973003, 0.052552876195, 0.009845823818, 0.22759215892, 0.025693545745, 0.017524331091, 0.14057228454, 0.069162545487, 0.083519046666, 0.25859188361, 0.10615208435, 0, 0.049936989911, 0.017789699763, 0.12748976977, 0, 0.10896234968, 0.015260536516, 0.26344425883, 0.054893394549, 0.17035955164, 0, 0.073163606085, 0.011974313526, 0.076534718437, 0.029970772537, 0.10811272643, 1.5864344597, 0.14820036407, 0.55998867758, 0.033983449141],
      [1.5064719123, 0.84684240873, 1.2043661637, 1.156037413, 2.6077143888, 1.3958091202, 0.72825361081, 1.2039362871, 0.8938546646, 1.0559427426, 0.21103667677, 0.79140757314, 0.23845090634, 0.37079488512, 0.75995003009, 2.1601246541, 1.7717348225, 0.83502595746, 1.0499019531, 1.0172966244, 0.34225198944, 1.0001453633, 0, 1.0940741601, 1.748025458, 0.96311778247, 3.3867922397, 0.63967724556, 0.71211001294, 0.1792184791, 1.1266648736, 0.23749671417, 0.13541027801, 0.52545861108, 0.40154923769, 1.0507612213, 0.64986584072, 0.91532565068, 0.76103955484, 0.72555151119, 0.34674677017, 1.0715436297, 0.16269977905, 1.1758649305, 0.46054148122, 1.9844516288, 0.1415619877, 1.0281980634, 0, 0.34851344154, 0.30614412839, 0.74204582167, 1.1752190213, 0.96768530789, 17.5884632998, 0.93136657225, 2.5239564119, 0.48615093424],
      [18.8875643193, 12.0717999665, 15.033584225, 18.0066772692, 42.5606632133, 15.8386835081, 9.9872380825, 15.5029669114, 11.9012253619, 16.9392374432, 3.0011956519, 17.4441653686, 4.6213117024, 2.8613156379, 13.0469447327, 25.6195132261, 30.368050273, 10.1932542912, 8.2683610509, 14.371334325, 4.6776363911, 13.8926356773, 0, 15.1593616714, 19.2421492271, 9.7673297854, 39.4663944396, 9.0753998011, 8.5817688874, 1.9268670134, 16.9223718126, 3.5174284925, 1.4973261141, 10.2613815136, 4.300843527, 14.1787553006, 11.0226323957, 11.3949956266, 11.2544470514, 8.8664052326, 5.2504703042, 16.3399792027, 6.2363849268, 11.9169127466, 5.3442122204, 26.8240460104, 0.92948475928, 15.749664779, 0, 4.9723921616, 4.4001477341, 10.0523535911, 16.4870904811, 12.7650452753, 231.686148513, 13.8424379835, 37.5684633482, 5.6029527201],
      [19.7006450669, 9.0459177659, 16.2973570215, 16.061571625, 29.0103676696, 12.9174416688, 8.897760814, 16.5854091147, 10.7799108236, 11.3245923607, 2.7272721548, 17.5532175472, 2.7589129401, 2.6170599031, 10.4949253096, 23.4709387386, 31.4444068863, 7.4866266172, 7.3329842702, 16.8436321271, 4.7274250784, 10.3979786513, 0, 11.7813760975, 19.933917969, 7.7665941566, 34.920900638, 9.7738681649, 8.3363579948, 1.7815130937, 16.978052535, 4.0987509353, 1.3176915751, 8.5039109123, 5.0335945608, 15.1174168223, 13.6416357161, 9.0351715093, 9.6492568464, 7.8724848266, 6.1092812301, 13.8454196021, 4.2484514347, 13.3394624585, 3.9678124742, 23.7532046325, 1.7697785966, 9.3497043295, 0, 5.4485363695, 4.0408319967, 10.8087323847, 15.7454875591, 9.8155169766, 204.4698915061, 13.4775574701, 35.8933835765, 5.6877447745]
    ],
    [
      [0.0024558475166, 0.28098839185, 0, 0, 0, 0.011548137302, 0, 0.018805025629, 0, 0, 0, 0.053586634429, 0.030773119658, 0, 0.0040726771396, 0, 0.022750904484, 0.012453191491, 0, 0, 0.018240655668, 0, 0.21955212707, 2.2831483276, 0.0089099182142, 0, 0, 0.094634679382, 0.00070482929756, 0.0075586002397, 0.029452776424, 0, 0, 0.062973447615, 0.0057234191341, 0.040208500307, 0, 0.068963867217, 0, 0.036568121663, 0.0025133434043, 0, 0.0081559554082, 0.0036967096926, 0.018365214836, 0.034248901572, 0.0075450312815, 0.00055985821976, 0, 0, 0.89117327067, 0, 0, 0, 0.42102030484, 0.04325150231, 0, 0.76469298696],
      [45.8271327404, 26.5627334352, 10.552186123, 32.5691878318, 75.4572106128, 21.0689257623, 27.132840512, 27.358901752, 34.2926509684, 19.2273367744, 4.6560543713, 17.5274881735, 10.5834354071, 24.2518668381, 27.1115987547, 35.3786520032, 44.8818909642, 19.0873124538, 27.7606615953, 36.1506543505, 11.7891478856, 105.4733048878, 0.94979998273, 22.6070245544, 62.7388441586, 20.2186448733, 68.6450913972, 25.3064058862, 17.0266718762, 4.1086812296, 99.4956020393, 9.493904273, 7.3511155908, 18.1054921, 16.8159118526, 57.7543441166, 38.9242281494, 37.1309582487, 12.4101076433, 15.0373554811, 2.0225144394, 24.9842842975, 1.8013381861, 18.920558475, 21.7292812845, 41.9757496197, 1.7447820226, 74.3758819803, 0, 15.0616773034, 21.2153224671, 42.8149768068, 73.2838865634, 68.9523829521, 577.662779733, 78.4694525979, 192.6033639246, 62.7428937279],
      [12.839777247, 6.1410847064, 3.309364836, 8.7947904443, 21.434346607, 6.1036530607, 7.2055670402, 9.3036451917, 12.1929740787, 4.8150289287, 2.1206277952, 3.5977850426, 1.6201511945, 10.9841216708, 5.4622797677, 16.4256983108, 12.4227114463, 6.7394236911, 13.8716265211, 7.8849849937, 3.7960851004, 24.3614564297, 0, 10.3655000462, 16.7133970442, 5.4923711315, 17.2341082822, 7.6580911838, 6.0060614611, 1.4760704141, 21.382515195, 2.4880576783, 2.0952414599, 3.3204942713, 4.1242087605, 18.3363983549, 6.3992023537, 10.4809485855, 4.9169389625, 5.233385592, 0.69604310429, 6.437925867, 1.0897241989, 6.2894459347, 11.9479771945, 11.054588164, 0.23045159237, 16.2903692635, 1.6412212472, 2.8550615723, 7.8076092086, 12.4725700648, 25.2221217602, 20.6736522357, 182.4662429948, 18.2910752758, 40.9437093453, 24.2067183326],
      [3.7052901113, 1.8351739139, 0.9784884212, 3.2368347687, 8.4323942962, 1.6220970079, 2.3713349282, 2.8352230261, 4.0077102227, 1.8226420365, 1.1388815924, 1.5784853612, 0.71272273426, 0.54306904485, 2.1961510192, 4.5889312382, 4.9204040202, 1.9691381994, 2.0254217504, 2.3978254424, 1.2122701525, 7.5279375422, 1.7886233255, 3.3662349372, 3.7993892266, 1.1754446655, 4.5175498336, 2.4883980201, 1.7148546349, 0.36522257823, 6.944824393, 0.8579750974, 0.4998316294, 1.3732483015, 0.8250683284, 5.8464821714, 2.1664134306, 2.9742500137, 2.4744964712, 1.4940871563, 0.23790736908, 2.3169399525, 2.040028516, 1.5008141801, 3.0028363113, 3.4835900822, 0, 6.0531249715, 0.30540511425, 0.92491983261, 2.7133158669, 4.0052777115, 9.1357848331, 6.8408806086, 57.066505855, 6.2627007655, 13.5000312991, 6.0787621117],
