{
  "Z_true": {},
  "V_true": [
    [44, 935, 268, 138],
    [237, 7674, 1106, 578],
    [249, 97, 18280, 430],
    [817, 206, 933, 73],
    [53, 318, 1421, 731]
  ],
  "p_true": [
    [0.0318, 0.6751, 0.1935, 0.0996],
    [0.0247, 0.7998, 0.1153, 0.0602],
    [0.0131, 0.0051, 0.9593, 0.0226],
    [0.4027, 0.1015, 0.4598, 0.036],
    [0.021, 0.126, 0.5632, 0.2897]
  ],
  "Z_est": [
    [
      [1.417, 0.814, 0.2763, 1.0161, 0.3155, 0.9032, 0.6905, 0, 2.481, 0.0239, 0.9641, 0.2533, 0.1701, 1.3117, 1.2188, 1.5755, 0.7518, 0.0233, 0.4739, 1.6524, 0.4006, 0.7402, 0.7805, 0.4925, 1.3789, 0.2366, 0.8367, 0.0638, 2.2411, 0, 0.3222, 2.5424, 0.3927, 0.7786, 0.7592, 0.9456, 0.2696, 0.079, 2.2172, 0.5097, 3.2466, 0.286],
      [21.1225, 14.4936, 7.2347, 16.7103, 1.0102, 16.1722, 10.9573, 1.0892, 38.4197, 0.549, 11.4189, 5.3475, 2.6683, 10.6247, 15.5207, 11.9113, 14.3455, 0.3139, 7.7061, 28.7689, 6.3475, 33.172, 9.7183, 10.4609, 20.1608, 4.4165, 8.2686, 2.5196, 36.5257, 0.1637, 5.1566, 27.9903, 4.4129, 15.2056, 14.1885, 9.9019, 5.0745, 0.5168, 29.9542, 6.0215, 54.6258, 9.9001],
      [24.0229, 18.8569, 6.8816, 25.5992, 1.2817, 26.2427, 19.2577, 0.648, 43.6112, 0.215, 13.1857, 10.2109, 5.2836, 19.4702, 19.4294, 25.1256, 9.9028, 0.5518, 5.1929, 12.0669, 4.4858, 20.6599, 8.8121, 13.1143, 21.1092, 4.8002, 11.1564, 2.6301, 56.2212, 0.6037, 5.4992, 13.621, 4.728, 25.1387, 7.7636, 16.8163, 10.077, 0.2336, 36.7621, 8.8156, 37.6126, 13.1658],
      [9.4376, 4.8356, 2.6074, 4.6744, 0.3925, 4.6819, 3.0944, 1.2628, 11.4881, 0.2121, 3.4313, 2.1883, 0.878, 4.5934, 3.8311, 5.3875, 4.9999, 0.111, 2.6271, 8.5117, 1.7661, 8.4279, 3.6891, 4.9322, 5.3511, 1.5467, 2.7383, 0.7866, 10.012, 0.2325, 2.022, 8.8462, 1.4664, 4.8772, 4.2887, 5.3363, 1.5789, 0.1706, 10.0664, 2.6532, 24.5151, 2.6481]
    ],
    [
      [8.9186, 7.6954, 1.9074, 3.4109, 1.7334, 6.5399, 4.7169, 0, 16.6375, 0.3533, 3.6216, 4.3047, 4.7613, 8.7687, 6.8065, 13.1392, 8.181, 0.6113, 4.7436, 23.3303, 7.6396, 1.0111, 6.2947, 2.2956, 7.8305, 2.2719, 5.5623, 0.1913, 8.8236, 0, 1.2302, 5.8063, 1.3188, 11.6376, 11.3602, 5.1021, 2.191, 3.0761, 17.4192, 3.1886, 20.5764, 0.2308],
      [253.7927, 263.314, 99.3951, 107.7299, 14.4803, 225.6949, 143.5022, 5.6171, 491.1106, 13.0477, 82.8683, 192.4641, 143.8452, 137.274, 166.2329, 191.122, 292.4161, 12.7664, 145.0175, 727.9212, 228.8316, 133.6785, 151.6642, 95.0967, 218.5432, 81.1022, 106.5727, 28.5311, 275.5185, 0.6488, 37.9523, 128.0356, 29.0039, 443.8649, 391.9491, 102.4254, 80.7615, 46.7676, 450.3603, 72.3104, 653.4653, 73.7214],
      [20.2155, 23.9237, 6.5581, 11.4976, 1.2021, 25.6141, 17.5327, 0.414, 39.0559, 0.2114, 6.6109, 25.5623, 19.8108, 17.544, 14.5472, 28.2963, 13.6739, 1.2978, 6.5481, 14.2447, 10.949, 5.9627, 9.4998, 8.2944, 15.9934, 6.047, 9.9907, 2.0017, 29.6954, 0.0677, 2.7392, 3.6467, 2.1061, 51.4336, 12.6604, 12.1346, 11.0882, 0.5511, 38.7092, 7.2882, 31.4393, 6.7606],
      [54.0732, 42.0669, 17.1394, 14.3616, 2.5842, 31.1512, 19.2482, 1.9689, 70.1959, 2.3876, 11.8992, 37.6689, 22.5827, 28.4133, 19.4134, 41.4425, 48.729, 2.3246, 23.6907, 103.5038, 30.5798, 16.3476, 27.5413, 21.3132, 27.6328, 13.5789, 16.8743, 4.276, 35.9625, 0.2835, 7.0783, 19.5114, 4.5712, 68.064, 57.0304, 26.3379, 11.9593, 7.6052, 72.5113, 15.2128, 137.519, 9.2873]
    ],
    [
      [3.5243, 2.5874, 0.3985, 1.8688, 0, 1.9198, 1.3765, 0, 2.9923, 0.2148, 1.0738, 0, 1.386, 2.1382, 2.203, 3.2158, 2.3651, 0.0352, 1.5724, 7.8005, 2.029, 0, 1.5201, 0.5227, 2.6423, 0.9859, 1.6569, 0, 2.849, 0, 0.6215, 2.0517, 0.7699, 1.6182, 2.4963, 2.2517, 0.2762, 0.5865, 6.489, 1.0409, 8.1797, 0],
      [9.5485, 8.901, 3.0125, 5.6, 0.7109, 8.4958, 4.2618, 0.1867, 8.2744, 0.4628, 2.2502, 4.903, 4.2551, 3.5132, 5.6258, 3.6271, 7.7313, 0, 4.2323, 24.5457, 5.573, 4.2102, 3.7593, 2.8931, 6.8145, 2.5831, 3.4553, 0.4681, 9.7819, 0.0339, 1.2903, 6.4499, 1.5613, 13.4706, 8.4839, 3.5424, 2.5753, 1.3292, 15.8098, 1.7123, 28.3709, 2.1924],
      [770.8883, 876.2002, 221.1481, 605.4472, 64.2995, 920.3848, 476.223, 4.8133, 702.9288, 16.8594, 209.0744, 635.9382, 607.9707, 540.4609, 464.9156, 821.6822, 388.6249, 11.8064, 215.1486, 676.047, 295.0986, 209.0812, 251.8202, 246.4629, 524.4552, 239.0954, 363.2591, 49.9176, 961.7536, 4.7202, 121.7048, 193.6073, 140.193, 1476.7547, 322.9467, 491.4726, 325.9825, 34.2705, 1479.5216, 217.348, 1188.6872, 229.6102],
      [7.0388, 6.3115, 2.4409, 2.084, 0.9896, 3.1996, 1.1387, 0, 4.8045, 0.463, 1.6016, 4.1587, 2.3881, 3.8878, 1.2556, 5.475, 5.2787, 0.1584, 3.0466, 13.6068, 3.2993, 2.7086, 2.9003, 2.1213, 3.088, 2.3356, 2.6288, 0.6143, 2.6155, 0.2459, 1.3834, 3.8911, 1.4757, 7.1564, 5.0732, 3.7333, 1.166, 0.8138, 11.1796, 1.8988, 14.7622, 1.1974]
    ],
    [
      [23.9656, 27.5218, 6.5764, 9.5926, 1.7201, 21.0185, 14.5466, 0, 63.022, 4.109, 15.2238, 13.0544, 24.9006, 28.5074, 22.4166, 51.2786, 33.0511, 2.2256, 13.5801, 84.4092, 22.696, 11.6047, 32.6027, 7.939, 17.548, 6.7745, 23.0375, 1.3865, 37.0387, 0, 9.329, 18.6165, 10.6398, 31.6229, 25.3552, 20.1354, 13.321, 9.7271, 82.906, 14.2063, 70.6985, 4.9111],
      [5.0715, 6.9743, 2.3766, 2.2198, 0.0467, 5.356, 3.2686, 0, 13.966, 1.0256, 2.4832, 3.9087, 5.5548, 3.245, 4.0266, 5.4915, 8.9578, 0.3173, 3.0567, 21.1403, 5.0529, 6.6901, 5.6967, 2.3432, 3.6211, 1.7326, 3.1737, 0.6955, 8.6314, 0.0564, 2.0107, 2.7893, 1.5791, 8.8307, 6.7172, 2.966, 3.5352, 0.8105, 16.0276, 2.3218, 17.0966, 2.2759],
      [21.7983, 34.3012, 8.6042, 12.868, 0.2235, 32.8299, 21.7143, 0, 59.8631, 1.6506, 10.9052, 28.2099, 41.6062, 22.5189, 19.0545, 43.933, 23.3812, 2.3784, 7.8242, 33.2135, 13.5224, 15.8201, 19.5826, 11.1512, 14.3366, 7.1788, 16.2433, 2.8042, 50.1267, 0.9086, 8.2491, 5.1341, 6.5047, 55.0872, 13.8768, 19.0773, 26.5804, 1.3128, 74.2823, 12.9415, 44.3217, 11.499],
      [1.1646, 1.2027, 0.4428, 0.3196, 0.0096, 0.7957, 0.4705, 0, 2.1489, 0.2148, 0.3878, 0.827, 0.9385, 0.7286, 0.5023, 1.2969, 1.6098, 0.0787, 0.5389, 3.237, 0.7288, 0.8851, 1.118, 0.5666, 0.4943, 0.3141, 0.5455, 0.1138, 1.2032, 0.0349, 0.4113, 0.4601, 0.2763, 1.4592, 1.0509, 0.8213, 0.5633, 0.1496, 2.7842, 0.5304, 3.8833, 0.3139]
    ],
    [
      [3.1745, 3.3815, 0.8414, 2.1117, 1.231, 2.6187, 1.6695, 0, 5.8672, 0.299, 1.1167, 1.3875, 1.7821, 2.274, 2.3551, 5.7908, 3.651, 0.1046, 1.6299, 7.8077, 3.2348, 0.6439, 1.802, 0.7501, 3.6002, 0.7311, 1.9067, 0.3584, 3.0476, 0, 0.4971, 3.9831, 0.8787, 4.3427, 3.0292, 2.5652, 0.9423, 1.5313, 7.9686, 1.0546, 8.2988, 0.5721],
      [21.4648, 27.3171, 9.9811, 15.74, 1.7519, 21.2811, 12.0101, 1.1071, 41.2293, 2.915, 5.9794, 13.3766, 12.6765, 8.3431, 13.5939, 19.8482, 31.5492, 0.6024, 11.9873, 61.6238, 23.195, 12.2491, 10.1615, 7.2061, 23.8605, 6.1656, 8.5297, 6.7858, 22.5425, 0.0971, 3.5902, 19.7349, 4.4427, 38.6283, 25.6614, 12.1643, 8.0534, 4.5759, 48.8481, 5.634, 63.4414, 8.9101],
      [43.0749, 62.718, 16.808, 42.588, 3.9931, 60.9286, 37.2722, 1.1246, 82.5409, 2.0636, 12.2238, 45.0788, 44.3288, 27.006, 30.0534, 73.963, 38.4172, 1.9657, 14.2861, 45.4278, 28.9442, 13.4761, 16.2852, 15.9772, 44.1056, 11.8787, 20.3505, 12.6465, 61.2031, 0.6997, 6.8077, 16.9908, 8.4681, 112.5859, 24.7526, 36.4992, 28.2718, 3.632, 105.7248, 14.6067, 76.9393, 20.9644],
      [14.2858, 13.5833, 5.3695, 6.5603, 1.024, 9.1716, 5.0481, 1.7683, 18.3625, 1.7224, 2.6801, 8.1571, 6.2126, 5.3769, 4.9976, 13.398, 16.3826, 0.3273, 6.0967, 27.1407, 9.626, 4.6309, 5.7513, 5.0666, 9.4337, 3.2247, 4.2131, 3.2093, 9.2068, 0.2031, 2.1049, 9.2912, 2.2104, 18.4431, 11.5568, 9.7713, 3.7325, 2.2608, 24.4585, 3.7048, 42.3205, 3.5533]
    ]
  ],
  "V_est": [
    [35.852, 551.0869, 610.8631, 187.198],
    [255.2394, 7540.4176, 573.4198, 1225.9232],
    [75.2599, 236.4988, 18598.6248, 145.6166],
    [932.8163, 203.1413, 857.4197, 35.6227],
    [100.8324, 698.8553, 1367.6727, 355.6395]
  ],
  "p_est": [
    [0.0259, 0.3979, 0.4411, 0.1352],
    [0.0266, 0.7859, 0.0598, 0.1278],
    [0.0039, 0.0124, 0.976, 0.0076],
    [0.4597, 0.1001, 0.4226, 0.0176],
    [0.04, 0.277, 0.5421, 0.141]
  ],
  "EI_Z": {},
  "EI_V": 5.9583,
  "MAE_Z": {},
  "MAE_V": 206.0851,
  "MAE_p": 0.0604,
  "runtime": 0.012
}
