{
  "X": [
    [37, 62, 852, 26, 93],
    [30, 97, 730, 39, 64],
    [3, 11, 16, 1, 5],
    [23, 97, 798, 52, 53],
    [26, 80, 565, 28, 48],
    [19, 50, 642, 36, 50],
    [8, 39, 339, 14, 23],
    [18, 49, 756, 33, 54],
    [29, 49, 784, 27, 59],
    [10, 17, 209, 6, 17],
    [17, 38, 783, 43, 51],
    [0, 11, 254, 8, 23],
    [18, 22, 688, 28, 45],
    [98, 285, 543, 34, 78],
    [119, 388, 432, 25, 114],
    [91, 397, 382, 26, 129],
    [30, 104, 490, 28, 35],
    [21, 48, 745, 34, 51],
    [27, 39, 846, 32, 55],
    [38, 109, 639, 41, 72],
    [21, 26, 582, 23, 29],
    [2, 4, 65, 1, 8],
    [12, 48, 224, 12, 20],
    [39, 116, 441, 24, 40],
    [20, 76, 227, 16, 28],
    [3, 5, 18, 1, 2],
    [122, 414, 2798, 104, 263],
    [21, 47, 185, 17, 19],
    [4, 3, 14, 0, 5],
    [15, 42, 480, 18, 28],
    [103, 217, 1582, 76, 160],
    [6, 28, 68, 3, 3]
  ],
  "W": [
    [30, 797, 77, 54, 112],
    [20, 731, 117, 46, 46],
    [6, 15, 8, 5, 2],
    [25, 763, 118, 69, 48],
    [17, 557, 93, 36, 44],
    [17, 620, 55, 50, 55],
    [6, 320, 46, 20, 31],
    [20, 734, 62, 44, 50],
    [23, 749, 82, 51, 43],
    [10, 203, 19, 11, 16],
    [14, 796, 46, 32, 44],
    [3, 245, 14, 13, 21],
    [12, 675, 32, 45, 37],
    [97, 466, 331, 82, 62],
    [129, 356, 419, 99, 75],
    [118, 273, 446, 96, 92],
    [29, 464, 120, 35, 39],
    [14, 744, 60, 45, 36],
    [17, 839, 50, 49, 44],
    [30, 604, 140, 67, 58],
    [15, 579, 31, 26, 30],
    [1, 62, 7, 2, 8],
    [7, 219, 58, 7, 25],
    [26, 398, 138, 63, 35],
    [14, 219, 78, 24, 32],
    [3, 17, 7, 1, 1],
    [124, 2653, 490, 237, 197],
    [15, 192, 49, 13, 20],
    [1, 14, 4, 5, 2],
    [10, 482, 45, 20, 26],
    [70, 1583, 271, 88, 126],
    [6, 56, 30, 5, 11]
  ],
  "method": "mult",
  "cond_prob": [
    [
      [0.53446568748, 0.27307421271, 0.023011528867, 0.00124851114, 0.1682000598],
      [0.0023589288121, 0, 0.94502061057, 0.025980802243, 0.02663965837],
      [0.17181440823, 0.69615779855, 0.035994510736, 0.015257072789, 0.080776209703],
      [0.042334161655, 0.0037707987164, 0.67354211287, 0.045116867626, 0.23523605913],
      [0.03187686562, 0, 0.52665514361, 0.01468517698, 0.42678281379]
    ],
    [
      [0.48934358409, 0.30939183835, 0.022482407717, 0.0020978089385, 0.1766843609],
      [0.0068301806588, 0.0016118053504, 0.92051924818, 0.04340681074, 0.027631955071],
      [0.10423901143, 0.76379297874, 0.031433264211, 0.023322467929, 0.077212277695],
      [0.037593699289, 0.0045898853391, 0.6442361643, 0.073650782816, 0.23992946826],
      [0.028151994617, 0.0012830496512, 0.50735273816, 0.024152182892, 0.43906003468]
    ],
    [
      [0.35536857007, 0.43868894619, 0, 0.00068364722193, 0.20525883651],
      [0.026562170489, 0.075849238283, 0.82264523647, 0.036509772905, 0.038433581854],
      [0.035520206972, 0.88113848171, 0, 0.012628451763, 0.070712859552],
      [0.029233193641, 0.031558489604, 0.56740273339, 0.062335562301, 0.30947002106],
      [0.019514199123, 0.01161372344, 0.411653893, 0.017773048745, 0.53944513569]
    ],
    [
      [0.4215117613, 0.3816429798, 0.02989036956, 0.0032917580184, 0.16366313133],
      [0, 0, 0.93169264535, 0.052611941773, 0.015695412879],
      [0.081532075942, 0.73868166672, 0.088978738422, 0.030875343453, 0.059932175459],
      [0.026398071559, 0.0037595174391, 0.69241593762, 0.09465083605, 0.18277563733],
      [0.0212490431, 0.0007308776743, 0.5853137819, 0.033345755447, 0.35936054188]
    ],
    [
      [0.50984794956, 0.31211870493, 0.021976783424, 0.0019007184747, 0.15415584361],
      [0.0078732688243, 0.0046465319333, 0.92359553257, 0.040284719402, 0.023599947267],
      [0.1085045452, 0.77260024228, 0.030453861238, 0.021174580046, 0.067266771232],
      [0.041023456898, 0.0050498329649, 0.66388140823, 0.070208083995, 0.21983721791],
      [0.03135015841, 0.0016419820574, 0.53299416471, 0.023463002523, 0.4105506923]
    ],
    [
      [0.46712556897, 0.34842519232, 0.024806344671, 0.0024610583768, 0.15718183566],
      [0.004729214128, 0.00050466509231, 0.92829489803, 0.046633669726, 0.019837553026],
      [0.090357944202, 0.78993017261, 0.032232654318, 0.024987869894, 0.062491358981],
      [0.033974695782, 0.0048517107958, 0.67504786802, 0.082403796957, 0.20372192845],
      [0.026515106325, 0.0013660789146, 0.55473210864, 0.028195710646, 0.38919099548]
    ],
    [
      [0.4234697753, 0.39146763218, 0.028721757558, 0.0020751679268, 0.15426566704],
      [0, 0, 0.95040479958, 0.034773222161, 0.014821978254],
      [0.091863501128, 0.79396437975, 0.039031353333, 0.019347865853, 0.055792899933],
      [0.027790459551, 0.0047763049502, 0.71889932728, 0.06414101648, 0.18439289174],
      [0.021859713075, 0.0010744077173, 0.59757112222, 0.022170830387, 0.3573239266]
    ],
    [
      [0.44222116554, 0.33767879995, 0.028608840644, 0.0022311887772, 0.18926000508],
      [0, 0, 0.94124807973, 0.037493432111, 0.021258488158],
      [0.10997455617, 0.67836017109, 0.11234652631, 0.022942018218, 0.076376728212],
      [0.028483512349, 0.0036482948116, 0.68422644235, 0.066080042099, 0.21756170839],
      [0.021677593263, 0.00055136843322, 0.5496056914, 0.022105401469, 0.40605994543]
    ],
    [
      [0.55482876766, 0.23345958328, 0.02663079933, 0.0015877950709, 0.18349305467],
      [0, 0, 0.94770872625, 0.029261995407, 0.02302927834],
      [0.15886565099, 0.53090152024, 0.19294664521, 0.021158230975, 0.096127952591],
      [0.038723442169, 0.0018922534344, 0.68006402976, 0.050850124703, 0.22847014993],
      [0.028768823537, 0, 0.53601779598, 0.016695694276, 0.41851768621]
    ],
    [
      [0.53439009638, 0.28560079259, 0.022397462438, 0.0011569280006, 0.15645472059],
      [0.0051047809046, 0, 0.94613444028, 0.024746817736, 0.024013961085],
      [0.13950051033, 0.74113633775, 0.033702214777, 0.013640310688, 0.07202062645],
      [0.042274971556, 0.0042504650028, 0.68246864921, 0.043535305951, 0.22747060828],
      [0.031518383066, 0.00097790886169, 0.5352022986, 0.014173278196, 0.41812813127]
    ],
    [
      [0.47342165004, 0.31981657308, 0.024827771645, 0.0025216647791, 0.17941234045],
      [0.002278136534, 0, 0.92589073827, 0.047609758313, 0.024221366886],
      [0.13858260101, 0.72487436542, 0.034076934108, 0.027032684262, 0.075433415198],
      [0.033334575084, 0.004180977486, 0.65494693398, 0.081883471871, 0.22565404158],
      [0.025390776574, 0.0010126338147, 0.52539869728, 0.027353511356, 0.42084438098]
    ],
    [
      [1.0785207689e-32, 0.56993433087, 0.04550563764, 0.0026239771658, 0.38193605433],
      [0, 0, 0.94371074177, 0.027804181988, 0.028485076239],
      [0, 0.66020334684, 0.22620582046, 0.017000351816, 0.096590480881],
      [0, 0.0036423193548, 0.67714234472, 0.048180902525, 0.2710344334],
      [0, 0, 0.50879139928, 0.01503556301, 0.47617303771]
    ],
    [
      [0.56388732025, 0.24609073453, 0.024090923317, 0.0017762066933, 0.16415481521],
      [0, 0, 0.94206449953, 0.035152852726, 0.022782647745],
      [0.25005691022, 0.59521597455, 0.048485387578, 0.022973807344, 0.083267920304],
      [0.045088876605, 0, 0.67400901955, 0.061332525119, 0.21956957873],
      [0.032500853585, 0, 0.53879549882, 0.020415796334, 0.40828785126]
    ],
    [
      [0.52853565705, 0.31128243267, 0.024111755886, 0.0020166812728, 0.13405347313],
      [0.0060399057118, 0, 0.9362435203, 0.040350619993, 0.017365953992],
      [0.11595867299, 0.76848194544, 0.035375155256, 0.022551978217, 0.057632248094],
      [0.042216539485, 0.0044688038991, 0.69327502889, 0.072807108205, 0.18723251952],
      [0.033441422704, 0.0011554543512, 0.57764436225, 0.025259763497, 0.3624989972]
    ],
    [
      [0.4912283517, 0.3327074692, 0.013495108794, 0.0012831145261, 0.16128595578],
      [0.01103903708, 0.018598555571, 0.91303688212, 0.032056162639, 0.025269362589],
      [0.1078388342, 0.80441460048, 0.0035188994425, 0.015511316999, 0.068716348876],
      [0.04202362952, 0.010260614623, 0.65667728879, 0.056077696107, 0.23496077096],
      [0.03142446103, 0.0052550965389, 0.51643373966, 0.018287341194, 0.42859936158]
    ],
    [
      [0.42436258687, 0.35428139754, 0.024659865626, 0.001915083309, 0.19478106666],
      [0.0026812813211, 0.0026480101719, 0.93269344398, 0.035331538907, 0.026645725618],
      [0.079226780158, 0.79311994838, 0.030822816426, 0.019043645473, 0.077786809566],
      [0.029678783096, 0.0056730725393, 0.65998989716, 0.060636589537, 0.24402165767],
      [0.021836063275, 0.0021280040555, 0.51476977604, 0.019716647519, 0.44154950911]
    ],
    [
      [0.4964667812, 0.34670689367, 0.02619556621, 0.0024529874163, 0.12817777151],
      [0.00066746893595, 0, 0.9408192454, 0.044995675906, 0.013517609757],
      [0.10710029839, 0.7811379489, 0.035767989581, 0.025123209873, 0.050870553251],
      [0.036627332203, 0.0046627116022, 0.70822951798, 0.082565497981, 0.16791494023],
      [0.029711931395, 0.0011731105, 0.6056412009, 0.029392105905, 0.3340816513]
    ],
    [
      [0.50810871584, 0.29672370908, 0.023361163, 0.0019188313426, 0.16988758073],
      [0.003597960812, 0, 0.93274859513, 0.038780428421, 0.024873015636],
      [0.14057567595, 0.72706589147, 0.034213910984, 0.021942555628, 0.076201965968],
      [0.038461094123, 0.0041196153449, 0.66133231482, 0.066855906342, 0.22923106937],
      [0.029008481706, 0.0010147748428, 0.52486666986, 0.022095235905, 0.42301483769]
    ],
    [
      [0.56734529849, 0.25829042753, 0.021859172474, 0.0015036512515, 0.15100145025],
      [0.0052166427066, 0, 0.9385042326, 0.032660433966, 0.023618690732],
      [0.1826385055, 0.68756999591, 0.035484692358, 0.019097286712, 0.075209519517],
      [0.046717955394, 0.0038690697317, 0.67143641468, 0.056873791035, 0.22110276916],
      [0.035392309211, 0.00093132999362, 0.53519827234, 0.018878493982, 0.40959959447]
    ],
    [
      [0.50521362458, 0.29370333828, 0.023775048196, 0.0024792845592, 0.17482870439],
      [0, 0, 0.92482555813, 0.049250360393, 0.025924081476],
      [0.13344315222, 0.7138973792, 0.045542025797, 0.028314853559, 0.078802589222],
      [0.037458304524, 0.0032958786509, 0.64644298034, 0.083561548094, 0.22924128839],
      [0.028480061187, 0.00038694644264, 0.51731979566, 0.027856906301, 0.42595629041]
    ],
    [
      [0.59729848513, 0.26087957873, 0.021657409583, 0.0015764488442, 0.11858807771],
      [0.0068435663834, 0, 0.94118482096, 0.034666971343, 0.017304641316],
      [0.17821666886, 0.70792087675, 0.035052721793, 0.01998654995, 0.05882318264],
      [0.051324834172, 0.0041762363553, 0.69906335254, 0.062765209128, 0.18267036781],
      [0.040631178792, 0.001089233151, 0.58222819934, 0.021756612472, 0.35429477625]
    ],
    [
      [0.5846837234, 0.19827957426, 0.020679614287, 0.000575818581, 0.19578126948],
      [0, 0, 0.94800651887, 0.013569847278, 0.038423633854],
      [0.16438594477, 0.54241890475, 0.17197299527, 0.0085619602034, 0.11266019501],
      [0.03765727234, 0.0023940462454, 0.64424467027, 0.022485809632, 0.29321820151],
      [0.023662514814, 0, 0.46382698856, 0.0066485386888, 0.50586195794]
    ],
    [
      [0.50856944596, 0.32026016965, 0.023135536888, 0.0021262469846, 0.14590860052],
      [0.0062940359119, 0.0022692690964, 0.92873677527, 0.043172480921, 0.019527438801],
      [0.10398058826, 0.77911603091, 0.03193929062, 0.023184829258, 0.061779260956],
      [0.038957201458, 0.0048040453392, 0.67697288038, 0.076471371529, 0.20279450129],
      [0.030321819372, 0.0015540308148, 0.55413633757, 0.02601293007, 0.38797488218]
    ],
    [
      [0.55321826399, 0.30279011127, 0.022321624545, 0.0018598640455, 0.11981013615],
      [0.008824096626, 0.0032920243715, 0.93300898844, 0.039206088976, 0.015668801585],
      [0.12220985718, 0.7711993875, 0.032059544974, 0.021414026611, 0.053117183731],
      [0.046606711292, 0.005308420944, 0.69924591261, 0.071652664652, 0.1771862905],
      [0.037232902197, 0.001636726061, 0.58872430462, 0.025096187911, 0.34730987922]
    ],
    [
      [0.50343351827, 0.34297532115, 0.017857174461, 0.0021754900011, 0.13355849612],
      [0.01289296419, 0.035656534009, 0.88103899547, 0.050361033243, 0.020050473085],
      [0.10214646041, 0.80700236461, 0.013426515787, 0.023216640658, 0.054208018536],
      [0.043831478837, 0.0094820565148, 0.65202435216, 0.089680657933, 0.20498145455],
      [0.034656005702, 0.006744086252, 0.53458146456, 0.030538846812, 0.39347959668]
    ],
    [
      [0.6249854633, 0.20517184818, 0.025818274077, 0.0019800261674, 0.14204438828],
      [0, 0, 0.93575139048, 0.042215925366, 0.022032684156],
      [0.15003588761, 0.62616176197, 0.12203023791, 0.025788781598, 0.075983330912],
      [0.043943247764, 0.0013521216471, 0.65806536497, 0.073465344352, 0.22317392127],
      [0.030849149081, 0, 0.50249450933, 0.022402374736, 0.44425396685]
    ],
    [
      [0.45005109884, 0.3373022256, 0.026060546023, 0.0016262499447, 0.18495987959],
      [0, 0, 0.94561388111, 0.030027692137, 0.024358426756],
      [0.10987163008, 0.75718487131, 0.04000867272, 0.016971696901, 0.075963128994],
      [0.032148458162, 0.0041454546233, 0.67953749279, 0.052439461789, 0.23172913264],
      [0.02404761635, 0.00087037735707, 0.53502654971, 0.017211136247, 0.42284432033]
    ],
    [
      [0.58058575205, 0.28517497452, 0.014581023609, 0.0025446883709, 0.11711356145],
      [0.021415415495, 0.027020206452, 0.86174859178, 0.067969070747, 0.021846715529],
      [0.13395669829, 0.76244172763, 0.017087885141, 0.031744801476, 0.054768887467],
      [0.055326740148, 0.006919615555, 0.62146179158, 0.11809422319, 0.19819762953],
      [0.044816405306, 0.0042448043751, 0.5204622681, 0.041052395867, 0.38942412635]
    ],
    [
      [0.80274118716, 0.095725341373, 0, 0, 0.10153347147],
      [0.093514569385, 0.022912380452, 0.79894939063, 0, 0.084623659537],
      [0.26533489767, 0.62917653767, 0, 0, 0.10548856466],
      [0.13498009848, 0.011748874714, 0.44691534983, 0, 0.40635567697],
      [0.07590737918, 0.0040254040283, 0.29006589104, 0, 0.63000132576]
    ],
    [
      [0.50640147169, 0.33154538633, 0.022101697074, 0.0015149056409, 0.13843653926],
      [0.0076056111637, 0.0058319311209, 0.93377810187, 0.032336219835, 0.020448136007],
      [0.10230627632, 0.79377162388, 0.029767138002, 0.016227425102, 0.057927536695],
      [0.041602963644, 0.0054478762119, 0.69028518976, 0.057992022148, 0.20467194823],
      [0.032086115182, 0.001725951448, 0.55971972772, 0.019566092716, 0.38690211293]
    ],
    [
      [0.555600619, 0.258595546, 0.019835259835, 0.0016761556931, 0.16429241947],
      [0.011566596559, 0.0007183326049, 0.91830408917, 0.038944692357, 0.030466289312],
      [0.1369047861, 0.7278514098, 0.031445344754, 0.021390888726, 0.082407570615],
      [0.04784038061, 0.0042000106163, 0.6358174645, 0.065436446343, 0.24670569793],
      [0.035610188801, 0.0011417323485, 0.49573439171, 0.021253039507, 0.44626064763]
    ],
    [
      [0.51049382816, 0.40275753344, 0.029759953652, 0.001958524255, 0.05503016049],
      [0, 0.0020783178665, 0.96544092046, 0.032480761674, 0],
      [0.08029564115, 0.84693852046, 0.038937316266, 0.018099349562, 0.015729172564],
      [0.036010643033, 0.0060511546592, 0.81640263244, 0.06735325422, 0.07418231565],
      [0.031646780125, 0.0026052374369, 0.77332873474, 0.026325403887, 0.16609384381]
    ]
  ],
  "expected_outcome": [
    [
      [16.0339706245, 9.7868716818, 2.1322114204, 10.5377940324, 8.6674151425, 7.9411346725, 2.5408186518, 8.8444233109, 12.7610616561, 5.3439009638, 6.6279031006, 3.2355623066e-32, 6.766647843, 51.2679587334, 63.3684573695, 50.0747852505, 14.3975366549, 7.1135220218, 9.6448700744, 15.1564087374, 8.959477277, 0.5846837234, 3.5599861217, 14.3836748637, 7.0480692558, 1.8749563899, 55.8063362567, 8.7087862808, 0.80274118716, 5.0640147169, 38.89204333, 3.062962969],
      [8.1922263813, 6.187836767, 2.6321336772, 9.541074495, 5.3060179838, 5.9232282694, 2.3488057931, 6.753575999, 5.3695704153, 2.8560079259, 4.4774320231, 1.7098029926, 2.9530888144, 30.1943959688, 42.9192635269, 41.8052049097, 10.0544999163, 4.1541319272, 4.390937268, 8.8111001483, 3.9131936809, 0.19827957426, 2.2418211875, 7.872542893, 4.8016544961, 0.61551554453, 41.8254759743, 4.2776246178, 0.095725341373, 3.3154538633, 18.10168822, 2.4165452007],
      [0.69034586602, 0.44964815433, 0, 0.747259239, 0.37360531821, 0.4217078594, 0.17233054535, 0.57217681288, 0.61250838459, 0.22397462438, 0.34758880303, 0.13651691292, 0.2890910798, 2.3388403209, 1.7408690344, 2.9098641439, 0.75967142008, 0.327056282, 0.37160593205, 0.71325144588, 0.32486114374, 0.020679614287, 0.16194875821, 0.58036223818, 0.25000044245, 0.07745482223, 3.2315077069, 0.21871535414, 0, 0.22101697074, 1.3884681885, 0.17855972191],
      [0.037455334199, 0.041956178771, 0.0041018833316, 0.082293950459, 0.03231221407, 0.041837992406, 0.012451007561, 0.044623775544, 0.036519286631, 0.011569280006, 0.035303306908, 0.0078719314975, 0.021314480319, 0.19561808346, 0.16552177386, 0.22597983046, 0.071136635073, 0.026863638797, 0.025562071275, 0.074378536776, 0.023646732663, 0.000575818581, 0.014883728892, 0.048356465184, 0.030456860015, 0.0059400785021, 0.20165499314, 0.038170325563, 0, 0.015149056409, 0.11733089852, 0.01175114553],
      [5.046001794, 3.5336872181, 1.2315530191, 4.0915782831, 2.6206493414, 2.6720912063, 0.92559400223, 3.7852001017, 4.2203402573, 1.5645472059, 2.5117727664, 1.145808163, 1.9698577825, 13.0031868934, 20.8058882953, 22.9841658654, 3.7171553736, 2.3784261303, 2.5670246543, 5.2448611316, 1.7788211657, 0.19578126948, 1.0213602036, 3.1150635399, 1.8698189457, 0.42613316484, 22.9350250691, 1.7567034217, 0.10153347147, 1.3843653926, 11.5004693631, 0.33018096294]
    ],
    [
      [1.8800662632, 4.9928620616, 0.39843255734, 0, 4.3854107351, 2.9321127594, 0, 0, 0, 1.0362705236, 1.813396681, 0, 0, 2.8145960617, 3.9298972005, 0.73198980065, 0.30970558628, 2.6768828441, 4.3767632308, 0, 3.962424936, 0, 1.3783938647, 3.5119904571, 2.8235591576, 0, 0, 4.1117597751, 1.3092039714, 3.6659045809, 18.3099223534, 0],
      [0, 1.1782297112, 1.1377385742, 0, 2.5881182869, 0.31289235723, 0, 0, 0, 0, 0, 0, 0, 0, 6.6210857832, 0.72290677694, 0, 0, 0, 0, 0, 0, 0.49696993211, 1.3102256999, 7.808780948, 0, 0, 5.1878796387, 0.32077332633, 2.8109908003, 1.1371205136, 0.11638580053],
      [753.1814266283, 672.8995704197, 12.339678547, 710.8814884004, 514.4427116432, 575.5428367774, 304.1295358671, 690.8760905227, 709.8338359637, 192.0652913758, 737.0090276605, 231.2091317344, 635.8935371819, 436.289480461, 325.0411300351, 254.6253102072, 436.5401298657, 693.9649547771, 787.4050511476, 558.5946371112, 544.9460113346, 58.7764041698, 203.393353784, 371.3375773995, 192.9475400085, 15.9077736381, 2508.7136265759, 165.4557296214, 11.1852914688, 450.0810451032, 1453.6753731517, 54.0646915457],
      [20.7066993875, 31.730378651, 0.54764659357, 40.1429115731, 22.4385887069, 28.9128752301, 11.1274310916, 27.5201791691, 21.9172345597, 5.0236040003, 37.8973676175, 6.8120245871, 23.72817559, 18.8033889169, 11.4119938995, 9.6455101215, 20.8779936206, 28.8526387456, 27.4021040972, 29.7472176772, 20.0721764074, 0.84133053122, 9.4547733217, 15.6040234125, 11.0290662803, 0.71767073123, 79.6634672406, 13.0500615833, 0, 15.5860579604, 61.6494480007, 1.8189226537],
      [21.231807721, 20.1989591566, 0.5765037278, 11.9756000264, 13.1451706279, 12.2992828759, 4.7430330413, 15.6037303082, 17.2489294767, 4.8748341002, 19.280208041, 6.9788436785, 15.3782872281, 8.0925345604, 8.9958930816, 7.2742830936, 6.2721709275, 18.5055236332, 19.8160815244, 15.6581452116, 10.019387322, 2.3822652989, 4.2765090975, 6.236183031, 4.3910536056, 0.37455563066, 64.6229061836, 4.1945693815, 1.1847312335, 9.8560015552, 48.2281359806, 0]
    ],
    [
      [13.2297094335, 12.195964337, 0.28416165578, 9.6207849612, 10.090922704, 4.9696869311, 4.2257210519, 6.8184224826, 13.0269833812, 2.6505096964, 6.3747996464, 0, 8.0018211271, 38.3823207595, 45.1844715303, 35.3351439504, 12.8520358073, 8.4345405572, 9.1319252752, 18.6820413107, 5.5247167348, 1.1507016134, 6.0308741191, 16.8649602909, 7.9674239121, 1.0502512133, 53.837098738, 6.5638782161, 1.0613395907, 4.6037824345, 37.101197034, 2.4088692345],
      [53.604150488, 89.3637785122, 7.0491078537, 87.1644366734, 71.8518225321, 43.4461594933, 36.5223614687, 42.0583306076, 43.5339246595, 14.0815904173, 33.3442208095, 9.2428468558, 19.0469111856, 254.3675239417, 337.0497176018, 353.7314969764, 93.7365538681, 43.623953488, 34.3784997954, 99.9456330884, 21.9455471793, 3.7969323332, 45.1887297926, 106.4255154755, 62.9461844394, 4.3831323338, 371.0205869407, 37.3596446538, 2.5167061507, 35.7197230745, 197.2477320563, 25.4081556137],
      [2.7715773267, 3.6776919127, 0, 10.4994911338, 2.8322090951, 1.7727959875, 1.7954422533, 6.9654846311, 15.8216249069, 0.64034208076, 1.567538969, 3.1668814865, 1.5515324025, 11.7091763898, 1.4744188664, 13.746976126, 4.2921587497, 2.0528346591, 1.7742346179, 6.3758836116, 1.0866343756, 1.2038109669, 1.8524788559, 4.4242172064, 1.0472682314, 0.85421166535, 19.6042496328, 0.8373063719, 0, 1.3395212101, 8.5216884282, 1.168119488],
      [1.1747946047, 2.7287287477, 0.1010276141, 3.6432905275, 1.9692359442, 1.3743328442, 0.89000182924, 1.4224051295, 1.73497494, 0.25916590308, 1.243503476, 0.23800492542, 0.735161835, 7.46470479, 6.4992418224, 8.4934658808, 3.0147851848, 1.3165533377, 0.95486433558, 3.9640794982, 0.61958304844, 0.059933721423, 1.3447200969, 2.9551356723, 1.8108979713, 0.18052147118, 8.3161314816, 1.5554952723, 0, 0.73023412958, 5.7969308447, 0.54298048687],
      [6.2197681471, 9.0338364904, 0.56570287642, 7.0719967041, 6.2558097246, 3.437024744, 2.5664733969, 4.7353571492, 7.8824921125, 1.3683919025, 3.4699370991, 1.3522667323, 2.6645734497, 19.076274119, 28.7921501791, 34.6929170664, 6.1044663901, 4.5721179581, 3.7604759759, 11.0323624911, 1.8235186618, 0.78862136505, 3.5831971354, 7.3301713549, 4.2282254458, 0.53188331638, 37.2219332069, 2.6836754859, 0.42195425863, 2.6067391513, 22.3324516367, 0.47187517692]
    ],
    [
      [2.2860447294, 1.7293101673, 0.14616596821, 1.8214669376, 1.4768444483, 1.6987347891, 0.55580919102, 1.2532745434, 1.9748955506, 0.46502468712, 1.0667064027, 0, 2.0289994472, 3.4617562378, 4.1603393225, 2.8491631772, 1.2819566271, 1.7307492355, 2.2891798143, 2.5097064031, 1.3344456885, 0.075314544679, 0.27270041021, 2.9362228114, 1.0519554921, 0.043943247764, 7.6191845844, 0.71924762192, 0.67490049239, 0.83205927288, 4.2099534937, 0.18005321516],
      [0.20362313069, 0.2111347256, 0.15779244802, 0.2594067033, 0.18179398674, 0.24258553979, 0.095526099004, 0.16052497171, 0.096504925156, 0.046755115031, 0.13379127955, 0.047350151613, 0, 0.36644191972, 1.0158008477, 0.54461496377, 0.16319490608, 0.18538269052, 0.18958441686, 0.22082386961, 0.10858214524, 0.0047880924909, 0.033628317375, 0.33443051947, 0.22756935635, 0.0013521216471, 0.98247274573, 0.089955002215, 0.058744373571, 0.10895752424, 0.36960093424, 0.030255773296],
      [36.371274095, 29.6348635577, 2.8370136669, 47.7766996957, 23.8997306962, 33.7523934008, 14.3779865456, 30.1059634633, 34.6832655179, 7.5071551414, 20.9583018873, 8.8028504814, 30.3304058796, 56.8485523689, 65.0110515899, 63.3590301274, 24.7880331293, 29.7599541668, 32.9003843193, 43.3116796829, 18.175647166, 1.2884893405, 4.7388101627, 44.0524924943, 15.6485844519, 0.65806536497, 161.0503857911, 8.0790032906, 2.2345767492, 13.8057037952, 55.9519368763, 4.0820131622],
      [2.4363108518, 3.3879360096, 0.31167781151, 6.5309076874, 2.5274910238, 4.1201898479, 1.2828203296, 2.9075218524, 2.5933563598, 0.47888836546, 2.6202710999, 0.62635173283, 2.7599636303, 5.9701828728, 5.5516919146, 5.8211125955, 2.8897924293, 3.0085157854, 2.7868157607, 5.5986237223, 1.6318954373, 0.044971619264, 0.5352996007, 4.5141178731, 2.1523357904, 0.073465344352, 12.4281524441, 1.5352249014, 0, 1.159840443, 5.7584072782, 0.3367662711],
      [12.7027471931, 11.0367555398, 1.5473501053, 12.611518976, 7.9141398449, 10.1860964225, 3.6878578348, 9.5727151693, 11.6519776465, 2.502176691, 7.2209293306, 3.5234476342, 9.8806310429, 15.3530666008, 23.2611163254, 23.4260791362, 5.8770229082, 10.3153981217, 10.8340356887, 15.3591663221, 4.749429563, 0.58643640302, 1.4195615091, 11.1627363017, 4.9195549092, 0.22317392127, 54.9198044348, 2.5765691838, 2.0317783849, 4.0934389647, 21.7101014176, 0.37091157825]
    ],
    [
      [3.5702089494, 1.2949917524, 0.039028398246, 1.0199540688, 1.37940697, 1.4583308479, 0.67765110533, 1.0838796631, 1.2370594121, 0.50429412905, 1.1171941693, 0, 1.2025315826, 2.0733682076, 2.3568345773, 2.0089178213, 1.1587653244, 1.0443053414, 1.5572616053, 1.6518435488, 1.2189353638, 0.18930011851, 0.75804548431, 1.3031515769, 1.1089921825, 0.030849149081, 4.737380421, 0.89632810612, 0.15181475836, 0.83423899474, 4.486883789, 0.34811458138],
      [0, 0.059020283954, 0.02322744688, 0.035082128366, 0.072247210526, 0.075134340304, 0.033306639236, 0.027568421661, 0, 0.015646541787, 0.044555887846, 0, 0, 0.071638169774, 0.39413224042, 0.19577637311, 0.045751309501, 0.036531894342, 0.040978519719, 0.022442893673, 0.032676994531, 0, 0.038850770371, 0.057285412135, 0.21581076007, 0, 0.17146433934, 0.084896087502, 0.0080508080567, 0.044874737649, 0.14385827592, 0.028657611806],
      [58.985376084, 23.3382259556, 0.82330778601, 28.0950615311, 23.4517432472, 30.5102659749, 18.5247047887, 27.48028457, 23.048765227, 8.5632367776, 23.1175426802, 10.6846193849, 19.9354334563, 35.8139504594, 38.7325304742, 47.3588193955, 23.6200068353, 18.895200115, 23.5487239831, 30.0045481483, 17.4668459802, 3.7106159085, 13.8534084392, 20.6053506615, 17.1066068658, 0.50249450933, 105.4002302934, 10.409245362, 0.58013178207, 14.5527129208, 62.4625333553, 8.5066160822],
      [1.6447398218, 1.111000413, 0.03554609749, 1.6005962615, 1.032372111, 1.5507640855, 0.68729574199, 1.1052700734, 0.71791485387, 0.22677245113, 1.2035544997, 0.3157468232, 0.75538446434, 1.5661053368, 1.3715505896, 1.8139315717, 1.1462921303, 0.79542849259, 0.83065373521, 1.6157005655, 0.65269837415, 0.053188309511, 0.65032325174, 0.87836657687, 0.97724309799, 0.022402374736, 3.3905938406, 0.82104791734, 0, 0.5087184106, 2.6778829778, 0.28957944276],
      [47.7996751448, 20.1967615951, 1.0788902714, 17.2493060103, 18.0642304612, 21.4055047514, 11.0770417247, 20.3029972717, 17.9962605071, 6.6900501004, 18.517152763, 9.9996337919, 15.1066504968, 22.4749378264, 32.1449521185, 40.6225548384, 13.0291844006, 15.2285341567, 18.0223821567, 24.7054648437, 10.6288432874, 4.0468956635, 9.6993720544, 12.1558457726, 12.5913470937, 0.44425396685, 83.3003311057, 7.7884825271, 1.2600026515, 10.0594549363, 56.228841602, 1.8270322819]
    ]
  ],
  "prob": [
    [0.49273996159, 0.31889758428, 0.022445088418, 0.0018327096818, 0.16408465603],
    [0.0040947802239, 0.0018221003242, 0.93332850928, 0.037574345019, 0.023180265157],
    [0.11393086642, 0.75673203792, 0.038506294564, 0.020642079415, 0.070188721678],
    [0.038011186496, 0.004772895553, 0.67137659587, 0.065542290754, 0.22029703132],
    [0.028950859673, 0.0013756581052, 0.53793538081, 0.021831515459, 0.40990658595]
  ],
  "iterations": 149,
  "time": 0.000866,
  "message": "Converged",
  "status": 0,
  "miniter": 0,
  "maxiter": 1000,
  "maxtime": 3600,
  "param_threshold": 0.001,
  "ll_threshold": "-Inf",
  "initial_prob": "group_proportional",
  "adjust_prob_cond_method": "project_lp",
  "adjust_prob_cond_every": false,
  "candidates_id": ["ROSS, Todd Caleb.c", "HAUITI, Claudette.c", "SIO, Su'a Viliamu.c", "Informal Candidate Votes.c", "Other candidates votes.c"],
  "group_id": ["Green Party.p", "Labour Party.p", "National Party.p", "New Zealand First Party.p", "Other parties votes.p"]
}
