{
  "Z_true": {},
  "V_true": [
    [11, 663, 1226, 255, 16],
    [171, 903, 10091, 1224, 145],
    [117, 151, 656, 16097, 124],
    [733, 48, 526, 679, 51],
    [22, 212, 460, 388, 43],
    [59, 71, 206, 332, 130]
  ],
  "p_true": [
    [0.0051, 0.3054, 0.5647, 0.1175, 0.0074],
    [0.0136, 0.072, 0.8051, 0.0977, 0.0116],
    [0.0068, 0.0088, 0.0383, 0.9389, 0.0072],
    [0.3598, 0.0236, 0.2582, 0.3333, 0.025],
    [0.0196, 0.1884, 0.4089, 0.3449, 0.0382],
    [0.0739, 0.089, 0.2581, 0.416, 0.1629]
  ],
  "Z_est": {},
  "V_est": [
    [0, 987.2853, 1065.0645, 118.6502, 0],
    [129.0887, 0, 10693.5616, 1711.3498, 0],
    [0, 0, 0, 17145, 0],
    [687.1977, 0, 1349.8023, 0, 0],
    [0, 903.835, 56.5717, 0, 164.5933],
    [296.7136, 156.8797, 0, 0, 344.4067]
  ],
  "p_est": [
    [0, 0.4548, 0.4906, 0.0547, 0],
    [0.0103, 0, 0.8532, 0.1365, 0],
    [0, 0, 0, 1, 0],
    [0.3374, 0, 0.6626, 0, 0],
    [0, 0.8034, 0.0503, 0, 0.1463],
    [0.3718, 0.1966, 0, 0, 0.4316]
  ],
  "EI_Z": {},
  "EI_V": 12.9501,
  "MAE_Z": {},
  "MAE_V": 309.1618,
  "MAE_p": 0.1399,
  "runtime": 0.0318
}
