{
  "X": [
    [2, 10, 8, 85, 3],
    [3, 1, 7, 79, 3],
    [3, 3, 22, 48, 6],
    [7, 5, 13, 82, 4],
    [2, 4, 7, 27, 0],
    [0, 7, 12, 75, 5],
    [0, 1, 9, 11, 0],
    [0, 5, 8, 17, 1],
    [0, 3, 6, 59, 4],
    [0, 2, 5, 54, 4],
    [1, 5, 9, 25, 1],
    [10, 34, 118, 345, 15],
    [16, 74, 271, 688, 42],
    [3, 8, 33, 130, 5],
    [1, 15, 30, 188, 2],
    [0, 3, 0, 19, 1],
    [3, 23, 41, 138, 10],
    [12, 100, 221, 629, 48],
    [0, 4, 10, 51, 2],
    [1, 10, 7, 172, 1],
    [3, 10, 10, 171, 2],
    [6, 23, 41, 168, 5],
    [4, 15, 16, 87, 3],
    [0, 2, 3, 59, 0],
    [1, 2, 0, 35, 4],
    [2, 1, 6, 126, 1],
    [0, 4, 4, 39, 1],
    [1, 5, 6, 67, 0],
    [3, 0, 3, 37, 5],
    [1, 7, 1, 58, 1],
    [0, 5, 63, 226, 6],
    [0, 9, 25, 89, 3],
    [1, 11, 17, 125, 10],
    [0, 3, 6, 20, 3],
    [1, 1, 13, 97, 1],
    [3, 40, 40, 386, 8],
    [0, 0, 1, 20, 0],
    [4, 11, 10, 93, 4],
    [0, 3, 26, 217, 4],
    [7, 52, 95, 442, 21],
    [2, 14, 28, 36, 3],
    [0, 1, 4, 50, 2],
    [2, 7, 15, 54, 3],
    [0, 5, 2, 44, 2],
    [3, 7, 9, 97, 1],
    [2, 14, 58, 183, 10],
    [12, 45, 150, 645, 25],
    [2, 9, 9, 97, 3],
    [6, 8, 16, 164, 9],
    [4, 21, 37, 241, 12],
    [0, 0, 1, 14, 0],
    [14, 98, 117, 677, 20],
    [4, 15, 16, 183, 6],
    [0, 8, 11, 106, 7],
    [2, 7, 16, 127, 8],
    [1, 8, 13, 67, 2],
    [17, 336, 298, 429, 33],
    [1, 1, 1, 48, 3],
    [5, 7, 11, 62, 3],
    [7, 39, 49, 271, 6],
    [12, 30, 117, 209, 17],
    [5, 19, 84, 187, 13],
    [16, 48, 327, 618, 24],
    [11, 31, 147, 417, 21],
    [0, 2, 2, 2, 0],
    [0, 5, 7, 44, 3],
    [0, 2, 3, 11, 0],
    [11, 62, 212, 513, 26],
    [23, 107, 252, 788, 42],
    [16, 61, 169, 494, 48],
    [5, 35, 115, 239, 18],
    [24, 99, 192, 707, 33],
    [0, 20, 19, 53, 5],
    [6, 12, 24, 213, 7],
    [7, 8, 31, 70, 10],
    [13, 32, 113, 345, 18],
    [5, 15, 39, 170, 10],
    [8, 40, 114, 327, 34],
    [2, 34, 16, 141, 3],
    [14, 65, 76, 324, 11],
    [5, 12, 27, 219, 0],
    [1, 15, 15, 38, 1],
    [0, 3, 5, 34, 2],
    [0, 20, 44, 176, 5],
    [0, 2, 2, 30, 1],
    [7, 9, 23, 202, 2],
    [3, 13, 11, 39, 0],
    [5, 53, 74, 291, 13],
    [0, 9, 11, 51, 2],
    [2, 4, 9, 17, 1],
    [2, 12, 28, 53, 7],
    [3, 27, 19, 56, 2],
    [1, 14, 19, 79, 1],
    [1, 8, 26, 59, 0],
    [4, 6, 9, 64, 2],
    [0, 4, 6, 77, 3],
    [2, 10, 6, 86, 0],
    [5, 36, 55, 179, 12],
    [0, 0, 0, 3, 0],
    [2, 33, 41, 222, 4],
    [1, 12, 28, 136, 1],
    [1, 1, 3, 28, 3],
    [58, 269, 671, 2258, 169],
    [6, 35, 84, 221, 8],
    [38, 287, 374, 1183, 65],
    [1, 27, 20, 90, 2]
  ],
  "W": [
    [8, 8, 10, 76, 2, 4],
    [5, 2, 7, 65, 4, 10],
    [1, 2, 16, 49, 6, 8],
    [4, 4, 13, 75, 8, 7],
    [4, 4, 3, 23, 5, 1],
    [1, 7, 8, 78, 2, 3],
    [1, 1, 7, 9, 3, 0],
    [2, 2, 6, 14, 7, 0],
    [4, 4, 5, 52, 3, 4],
    [1, 5, 3, 51, 4, 1],
    [3, 0, 9, 22, 3, 4],
    [17, 32, 98, 304, 43, 28],
    [68, 76, 236, 585, 81, 45],
    [6, 13, 16, 124, 13, 7],
    [14, 16, 32, 165, 5, 4],
    [0, 0, 1, 18, 3, 1],
    [7, 14, 44, 118, 23, 9],
    [47, 69, 183, 535, 115, 61],
    [6, 2, 9, 41, 6, 3],
    [8, 6, 9, 153, 5, 10],
    [12, 7, 7, 154, 2, 14],
    [11, 26, 32, 143, 17, 14],
    [4, 11, 16, 82, 2, 10],
    [10, 1, 2, 48, 3, 0],
    [7, 2, 2, 23, 2, 6],
    [3, 2, 8, 111, 3, 9],
    [2, 3, 3, 35, 3, 2],
    [8, 2, 7, 54, 4, 4],
    [6, 2, 4, 23, 7, 6],
    [5, 4, 0, 54, 2, 3],
    [22, 10, 46, 189, 26, 7],
    [2, 10, 12, 78, 12, 12],
    [8, 9, 10, 119, 12, 6],
    [2, 3, 6, 21, 0, 0],
    [0, 5, 12, 84, 7, 5],
    [19, 43, 30, 342, 16, 27],
    [2, 0, 1, 15, 2, 1],
    [8, 10, 7, 83, 10, 4],
    [9, 16, 22, 185, 11, 7],
    [23, 49, 77, 402, 40, 26],
    [3, 9, 18, 35, 9, 9],
    [3, 1, 4, 44, 2, 3],
    [3, 11, 12, 50, 2, 3],
    [2, 2, 4, 39, 2, 4],
    [5, 8, 7, 86, 6, 5],
    [12, 12, 48, 165, 22, 8],
    [29, 44, 133, 550, 66, 55],
    [3, 7, 11, 83, 5, 11],
    [3, 12, 12, 151, 14, 11],
    [8, 14, 30, 207, 24, 32],
    [0, 0, 0, 14, 1, 0],
    [46, 85, 100, 624, 39, 32],
    [9, 10, 16, 169, 7, 13],
    [4, 9, 5, 104, 9, 1],
    [8, 6, 8, 121, 4, 13],
    [1, 5, 12, 64, 3, 6],
    [18, 312, 233, 411, 83, 56],
    [1, 0, 0, 49, 2, 2],
    [7, 7, 11, 53, 7, 3],
    [8, 35, 38, 249, 22, 20],
    [20, 27, 92, 173, 45, 28],
    [12, 21, 78, 166, 18, 13],
    [35, 61, 246, 542, 111, 38],
    [23, 40, 128, 367, 49, 20],
    [0, 1, 2, 2, 1, 0],
    [1, 6, 5, 38, 2, 7],
    [1, 2, 2, 10, 0, 1],
    [36, 45, 183, 454, 78, 28],
    [41, 86, 215, 703, 115, 52],
    [35, 45, 149, 441, 86, 32],
    [20, 32, 88, 214, 42, 16],
    [37, 68, 193, 629, 87, 41],
    [1, 11, 17, 48, 13, 7],
    [10, 8, 20, 194, 11, 19],
    [5, 6, 32, 57, 15, 11],
    [19, 27, 106, 310, 35, 24],
    [6, 13, 33, 153, 19, 15],
    [17, 30, 103, 304, 37, 32],
    [4, 27, 14, 125, 13, 13],
    [21, 64, 64, 281, 28, 32],
    [13, 7, 28, 193, 14, 8],
    [3, 12, 13, 37, 4, 1],
    [3, 2, 4, 30, 3, 2],
    [8, 25, 32, 159, 11, 10],
    [3, 0, 2, 25, 2, 3],
    [7, 16, 16, 186, 5, 13],
    [3, 9, 6, 36, 3, 9],
    [9, 39, 61, 272, 30, 25],
    [2, 9, 8, 40, 7, 7],
    [0, 4, 10, 16, 2, 1],
    [3, 10, 26, 52, 10, 1],
    [11, 23, 18, 44, 5, 6],
    [2, 12, 16, 67, 7, 10],
    [4, 9, 24, 51, 4, 2],
    [4, 6, 4, 55, 8, 8],
    [8, 6, 5, 67, 1, 3],
    [5, 9, 8, 73, 6, 3],
    [8, 34, 44, 171, 23, 7],
    [0, 0, 0, 2, 0, 1],
    [13, 33, 37, 198, 12, 9],
    [5, 13, 20, 121, 8, 11],
    [3, 0, 2, 24, 5, 2],
    [104, 249, 539, 2054, 277, 202],
    [8, 37, 70, 203, 24, 12],
    [57, 235, 346, 1104, 102, 103],
    [2, 33, 15, 80, 1, 9]
  ],
  "method": "mvn_cdf",
  "mvncdf_method": "genz",
  "mvncdf_samples": 5000,
  "mvncdf_error": 1e-06,
  "cond_prob": [
    [
      [0.037978800265, 0.036770879187, 0.01774877915, 0.79075822198, 0.11674331942],
      [0.004131062315, 0.89665794613, 0.050425474575, 0.038163504829, 0.01062201215],
      [0.050231470765, 0.10253322773, 0.6952548705, 0.14806592191, 0.0039145090984],
      [0.0052644833385, 0.0026434053964, 0, 0.98435740785, 0.0077347034189],
      [0.046667902765, 0.15358119971, 0.20850931919, 0.23754207889, 0.35369949944],
      [0.16684246311, 0.24979397765, 0.02125965671, 0.40042995309, 0.16167394944]
    ],
    [
      [0.028709617588, 0, 0.014624781437, 0.9004490359, 0.056216565071],
      [0.01288396547, 0.5, 0.21227451052, 0.25146337047, 0.023378153533],
      [0.043642091681, 0, 0.74174643975, 0.21172619645, 0.0028852721258],
      [0, 0, 0, 0.9915836321, 0.0084163678953],
      [0.075995583898, 0, 0.26831903901, 0.40565392863, 0.25003144846],
      [0.22212070038, 0, 0.023682583751, 0.64371929031, 0.11047742557]
    ],
    [
      [0.063585934285, 0.024284193564, 0.098435850713, 0.47531746279, 0.33837655865],
      [0.0074796175508, 0.62011077778, 0.31227194565, 0.027020956541, 0.033116702483],
      [0.020213555256, 0.017229029373, 0.94076412155, 0.02179329382, 0],
      [0.012663368836, 0.0042011044497, 0.054958441504, 0.92399820138, 0.0041788838323],
      [0.032412018445, 0.040174724303, 0.4683841003, 0.057174881218, 0.40185427573],
      [0.22288259536, 0.12661591463, 0.090190759707, 0.18787334602, 0.37243738428]
    ],
    [
      [0.32048866563, 0.015095346573, 0.020877133136, 0.56797180936, 0.075567045301],
      [0.063758294281, 0.73768245839, 0.11771627353, 0.064719083112, 0.016123890692],
      [0, 0.033825785559, 0.6719926276, 0.28928911391, 0.0048924729327],
      [0, 0, 0, 0.9790146137, 0.020985386296],
      [0.023771909943, 0.15402861015, 0.45183285648, 0.16440678968, 0.20595983375],
      [0.75326241155, 0.045274955241, 0.013579908968, 0.13816108629, 0.049721637953]
    ],
    [
      [0.18176637997, 0.025252929269, 0.079820138524, 0.71316055224, 0],
      [0.012616799958, 0.7722358638, 0.17553042073, 0.039616915516, 0],
      [0.073918930767, 0.026833648617, 0.8502578453, 0.048989575316, 0],
      [0, 0, 0.0048650389558, 0.99513496104, 0],
      [0.059081474552, 0.12645672174, 0.6569341406, 0.1575276631, 0],
      [0.70530311523, 0.097260273162, 0.031257628104, 0.1661789835, 0]
    ],
    [
      [0, 0.02499698, 0.034061910764, 0.24176371806, 0.69917739118],
      [0, 0.78329756389, 0.14423997997, 0.021108432995, 0.051354023144],
      [0, 0.048086743497, 0.91741267043, 0.034500586077, 0],
      [0, 0.0090360070892, 0.042002227766, 0.94896176514, 0],
      [0, 0.029534179085, 0.12687391114, 0.024392641782, 0.819199268],
      [0, 0.11444973789, 0.029011759334, 0.088889865837, 0.76764863694]
    ],
    [
      [0, 0.010751281036, 0.068696931777, 0.92055178719, 0],
      [0, 0.69535617798, 0.25358021659, 0.051063605425, 0],
      [0, 0.0092156928678, 0.9312430677, 0.059541239435, 0],
      [0, 0, 0.0015846797601, 0.99841532024, 0],
      [0, 0.076460896969, 0.7149197533, 0.20861934973, 0],
      [0.0095248951222, 0.12794731782, 0.11332070502, 0.71278503373, 0.036422048312]
    ],
    [
      [0, 0.11044006778, 0.04488354622, 0.79274620549, 0.051930180509],
      [0, 0.96112850104, 0.027897538222, 0.0089832718812, 0.0019906888546],
      [0, 0.13983403024, 0.78829334741, 0.068182413096, 0.0036902092481],
      [0, 0, 0, 0.99147451791, 0.0085254820898],
      [0, 0.28826552584, 0.44638253524, 0.15811475942, 0.1072371795],
      [0.0086936144509, 0.67674429357, 0.032405374084, 0.23597819631, 0.046178521584]
    ],
    [
      [0, 0.0062685817983, 0.025267703139, 0.79290812052, 0.17555559454],
      [0, 0.6532903662, 0.1747864413, 0.12257455039, 0.049348642114],
      [0, 0, 0.84156930693, 0.15347853992, 0.0049521531547],
      [0, 0, 0.002747990997, 0.99562869556, 0.0016233134399],
      [0, 0.0304714371, 0.20835844776, 0.21958491703, 0.54158519811],
      [0, 0.067587474178, 0.055991503127, 0.53480742409, 0.3416135986]
    ],
    [
      [0, 0.0026600883265, 0.017834212473, 0.69625418741, 0.28325151179],
      [0, 0.38412601389, 0.38774024636, 0.18581919437, 0.042314545378],
      [0, 0.0098229922236, 0.82463506584, 0.15674967795, 0.0087922639853],
      [0, 0, 0.0010402533748, 0.99895974663, 0],
      [0, 0.0070796872587, 0.12161485208, 0.13434496055, 0.73696050011],
      [0, 0.01892211653, 0.030047027746, 0.42007388681, 0.53095696891]
    ],
    [
      [0.029581382306, 0.19953158006, 0.050209419474, 0.65528254541, 0.06539507274],
      [0.00033867128766, 0.9807030628, 0.014505579361, 0.0037307955229, 0.0007218910242],
      [0.061000052456, 0, 0.87423020166, 0.059097253563, 0.0056724923155],
      [0, 0, 0, 0.98548395277, 0.014516047235],
      [0.019981694185, 0.498388051, 0.28825554798, 0.098896522695, 0.094478184141],
      [0.075577574605, 0.7265602767, 0.029133320665, 0.13123513819, 0.037493689838]
    ],
    [
      [0.03495508464, 0.022417902225, 0.047511461583, 0.81291923465, 0.082196316901],
      [0.0058418725889, 0.70413933103, 0.2085516309, 0.069002231937, 0.01246493354],
      [0.023079406813, 0.031543675799, 0.85833853461, 0.085666648009, 0.0013717347664],
      [0.0025801796152, 0, 0.015896227414, 0.97874408431, 0.0027795086645],
      [0.037724358149, 0.079022740681, 0.46089568132, 0.22159672219, 0.20076049766],
      [0.16251856311, 0.16418496398, 0.062518183635, 0.48250390717, 0.1282743821]
    ],
    [
      [0.028804766287, 0.021656690746, 0.04755180492, 0.78612763002, 0.11585910803],
      [0.0049016608876, 0.69315088386, 0.21438165056, 0.069389076726, 0.018176727968],
      [0.020645840399, 0.029218352183, 0.86313060652, 0.084848957092, 0.0021562438048],
      [0.00081710913243, 0, 0.017191181878, 0.97746542446, 0.0045262845262],
      [0.029137467994, 0.071896299097, 0.43102074072, 0.20271643801, 0.26522905417],
      [0.13240416847, 0.1584165892, 0.062336161921, 0.46684650364, 0.17999657677]
    ],
    [
      [0.043062208045, 0.015533389119, 0.097180738149, 0.74225797579, 0.1019656889],
      [0.0070032684045, 0.49791732259, 0.4206600916, 0.059328693858, 0.015090623544],
      [0.014108289737, 0.011155754013, 0.9345985211, 0.038753493767, 0.0013839413834],
      [0.0050116868139, 0.00019970775093, 0.022663115904, 0.96430404745, 0.0078214420794],
      [0.030347352705, 0.035950728409, 0.64066043189, 0.12920603325, 0.16383545374],
      [0.2012695538, 0.10903702528, 0.122278008, 0.41453470122, 0.15288071171]
    ],
    [
      [0.011212894515, 0.016176358196, 0.021964094536, 0.90664963677, 0.043997015979],
      [0.002494127783, 0.75282690122, 0.13387986468, 0.10186458874, 0.008934517576],
      [0.013667171369, 0.043775054261, 0.76794485725, 0.1735977212, 0.0010151959142],
      [5.495325362e-05, 0.0017100429213, 0.00691315912, 0.99132184471, 0],
      [0.019084273, 0.09016679565, 0.33825034111, 0.37986824022, 0.17263035002],
      [0.06531882415, 0.14862694228, 0.036066612301, 0.66362475234, 0.086362868932]
    ],
    [
      [0.001205899486, 0.49083774874, 0.003975463078, 0.47152819466, 0.032452694036],
      [4.6633209024e-07, 0.99993851423, 1.5338008383e-05, 3.7379903181e-05, 8.3015293397e-06],
      [0, 0.86478532901, 0, 0.13201319922, 0.0032014717717],
      [0, 0, 0, 0.95050325363, 0.049496746367],
      [0, 0.38427381926, 0, 0.58212376175, 0.033602418994],
      [0, 0.98239321322, 0, 0.012556950139, 0.0050498366428]
    ],
    [
      [0.021614363358, 0.041610726285, 0.024886736502, 0.80515930262, 0.10672887123],
      [0.0024643495622, 0.87590483149, 0.069035067431, 0.042179028962, 0.010416722556],
      [0.026945459772, 0.092242633001, 0.74190868737, 0.13505570387, 0.0038475159822],
      [0.0016120700853, 0, 0.0060174472095, 0.98607581262, 0.0062946700838],
      [0.026263382306, 0.16540817885, 0.27100399529, 0.24132413329, 0.29600031027],
      [0.092701807727, 0.28699925662, 0.030240999309, 0.43594739454, 0.1541105418]
    ],
    [
      [0.022636768964, 0.039067701677, 0.0438177259, 0.78255378797, 0.11192401549],
      [0.0022886449645, 0.81205192928, 0.12893862421, 0.045183470812, 0.01153733073],
      [0.012664277115, 0.061503099891, 0.83478839323, 0.088798970365, 0.0022452594046],
      [0, 0.00025066674022, 0.016260300612, 0.97881644681, 0.0046725858343],
      [0.022508236009, 0.12826347094, 0.39431680818, 0.20050280051, 0.25440868436],
      [0.096264680379, 0.26217642223, 0.052980853837, 0.42831934096, 0.16025870259]
    ],
    [
      [0, 0.02896176607, 0.023887829518, 0.89457002894, 0.052580375477],
      [0, 0.8437710525, 0.091691389318, 0.057751301945, 0.0067862562353],
      [0, 0.060633397726, 0.79909211937, 0.13813172867, 0.0021427542273],
      [0, 0.0015664768807, 0.006010522821, 0.98735486541, 0.0050681348855],
      [0, 0.13023148608, 0.35336605015, 0.32545445716, 0.19094800662],
      [0, 0.24912408348, 0.038277811118, 0.61320514653, 0.099392958876]
    ],
    [
      [0.010868350218, 0.024809791083, 0.012433015316, 0.92120821873, 0.030680624655],
      [0.0017072250207, 0.86877621745, 0.053533595219, 0.071664188674, 0.0043187736313],
      [0.018274651568, 0.093035959824, 0.60323419843, 0.28438847073, 0.001066719457],
      [0, 0, 0, 1, 0],
      [0.021444628476, 0.16255210638, 0.23004530407, 0.44517793247, 0.1407800286],
      [0.063111484165, 0.29387801963, 0, 0.64149632192, 0.0015141742851]
    ],
    [
      [0.027563818836, 0.028217277393, 0.032228960491, 0.8605850778, 0.051404865484],
      [0.0037747312882, 0.81475091818, 0.11719019313, 0.058030075126, 0.006254082269],
      [0.022415394128, 0.051760495437, 0.8120091943, 0.11285276391, 0.00096215222384],
      [0.0025096690592, 0.0018359766648, 0.011017981187, 0.98463637309, 0],
      [0.036251238015, 0.12438776787, 0.39990292915, 0.2832178919, 0.15624017306],
      [0.14477941321, 0.21887834527, 0.043734414351, 0.51974013955, 0.072867687615]
    ],
    [
      [0.041370877643, 0.018086933887, 0.034734476772, 0.85001458698, 0.05579312472],
      [0.0086030154965, 0.70963123511, 0.18622860275, 0.085827264529, 0.0097098821138],
      [0.035026329486, 0.033134421127, 0.8192754036, 0.11256384579, 0],
      [0.0028532862703, 0.00014249115825, 0.012602575485, 0.98440164709, 0],
      [0.054742673534, 0.078747894544, 0.41719939381, 0.28070887477, 0.16860116334],
      [0.20441100091, 0.13794569253, 0.04747186999, 0.51962865683, 0.090542779735]
    ],
    [
      [0.075292462414, 0.059227656441, 0.040066787519, 0.71103535714, 0.11437773649],
      [0.0049244597202, 0.88864585342, 0.075153441053, 0.023696367289, 0.007579878516],
      [0.047935275514, 0.086493670745, 0.79124925729, 0.071643562128, 0.0026782343227],
      [0.0022749346903, 0.0019409943924, 0.015949270416, 0.97124319201, 0.0085916084911],
      [0.069161893198, 0.1830073316, 0.34180618015, 0.16012398621, 0.24590060885],
      [0.25528282542, 0.30789100513, 0.036160434728, 0.278671182, 0.12199455272]
    ],
    [
      [2.2204460493e-16, 0.021553403035, 0.037843970928, 0.94060262604, 0],
      [4.1633363423e-17, 0.9149395779, 0.045612317903, 0.039448104195, 0],
      [2.7755575616e-17, 0.062485315501, 0.77412268358, 0.16339200091, 0],
      [0, 0, 0, 1, 0],
      [0, 0.24818525358, 0.34256753522, 0.4092472112, 0],
      [0.020390484385, 0.23382268221, 0.030873801171, 0.66963702444, 0.0452760078]
    ],
    [
      [0.011805902066, 0, 0, 0.86163435185, 0.12655974608],
      [0.0060400595128, 0.74504936013, 0, 0.20344434585, 0.045466234509],
      [0.16934718872, 0.052092948171, 0, 0.7673631488, 0.011196714308],
      [0, 0, 0, 0.98403876076, 0.01596123924],
      [0.067989898465, 0.036077848191, 0, 0.34022301848, 0.55570923486],
      [0.071767398691, 0.05559328117, 0, 0.61893450221, 0.25370481793]
    ],
    [
      [0.014066409153, 0, 0.00926236521, 0.95232911891, 0.024342106725],
      [0.0083747542501, 0.5, 0.15146138948, 0.32662568159, 0.013538174679],
      [0.036312967529, 0, 0.62797376768, 0.3344316511, 0.0012816137005],
      [0, 0, 0, 1, 0],
      [0.068465952552, 0, 0.21516666133, 0.57106733049, 0.14530005562],
      [0.16057218513, 0, 0, 0.78901178665, 0.050416028223]
    ],
    [
      [0, 0.030187644746, 0.022401735288, 0.90396463023, 0.043445989741],
      [0, 0.8922068316, 0.064376326919, 0.038914969967, 0.0045018715128],
      [0, 0.066083078243, 0.80887157883, 0.12351705223, 0.0015282906928],
      [0, 0.00078501099298, 0.0055009989623, 0.98747991443, 0.0062340756176],
      [0, 0.15602970662, 0.3567670223, 0.3174637947, 0.16973947637],
      [0, 0.28459523818, 0.036308390791, 0.59529314195, 0.083803229083]
    ],
    [
      [0.014415664598, 0.037841016263, 0.016517541049, 0.93122577809, 0],
      [0.0016480776927, 0.912603559, 0.039977049477, 0.045771313828, 0],
      [0.019957813975, 0.10438707312, 0.66989344815, 0.20576166476, 0],
      [0, 0, 0, 1, 0],
      [0.073849598696, 0.25589955714, 0.2539168839, 0.41633396026, 0],
      [0.1115688588, 0.27943925287, 0.020745975006, 0.58824591332, 0]
    ],
    [
      [0.035322474689, 0, 0, 0.88101076292, 0.083666762395],
      [0.028287424047, 0, 0.12936086096, 0.78945239601, 0.052899318975],
      [0.10410194071, 0, 0.53463556939, 0.3508626051, 0.010399884801],
      [0, 0, 0, 0.96642916266, 0.033570837342],
      [0.11578854181, 0, 0.080494554428, 0.42002176524, 0.38369513852],
      [0.25076045804, 0, 0.0065456865877, 0.59392618537, 0.14876767]
    ],
    [
      [0.069099533201, 0.080504519073, 0.024602097983, 0.76709456684, 0.058699282901],
      [0.0013309045776, 0.97350963213, 0.015417705682, 0.0082596391145, 0.0014821184955],
      [0.021093142605, 0.21431049769, 0.67784396348, 0.085659601477, 0.0010927947422],
      [0.0063768047714, 0, 0.005324473349, 0.98296791227, 0.0053308096143],
      [0.028446993168, 0.43020304276, 0.23622058976, 0.17326068729, 0.13186868702],
      [0.08264575723, 0.61434426353, 0.01845198233, 0.23489999081, 0.049658006103]
    ],
    [
      [0, 0, 0.058366159297, 0.89215718173, 0.049476658973],
      [0, 0.44741590187, 0.39614252145, 0.14218040006, 0.014261176613],
      [0, 0, 0.89340230061, 0.10585421206, 0.00074348733231],
      [0, 0, 0.0070513013495, 0.99216313068, 0.00078556797348],
      [0, 0, 0.55509076324, 0.29603802142, 0.14887121535],
      [0, 0.075120140187, 0.12756537912, 0.69508914167, 0.10222533903]
    ],
    [
      [0, 0.017381413282, 0.080897437183, 0.84636114481, 0.055360004728],
      [0, 0.58997876989, 0.33055624766, 0.070888359313, 0.0085766231342],
      [0, 0.016976939167, 0.92518166418, 0.057192505106, 0.00064889154559],
      [0, 0, 0.01612360073, 0.98182418319, 0.0020522160829],
      [0, 0.053398974954, 0.63799686098, 0.19199653715, 0.11660762691],
      [0, 0.18507820876, 0.12640495751, 0.58548661013, 0.1030302236]
    ],
    [
      [0.017183721471, 0.035164718129, 0.044930561181, 0.63779395441, 0.26492704481],
      [0.0018742098381, 0.80933273578, 0.12983120953, 0.034447772768, 0.024514072091],
      [0.011153498833, 0.05131278568, 0.8678499884, 0.066362564519, 0.0033211625636],
      [0.00046489751535, 0.0045228393205, 0.023343095812, 0.97166916735, 0],
      [0.02314743662, 0.087852819506, 0.30988051099, 0.11901403301, 0.46010519987],
      [0.066839217932, 0.2215180105, 0.049530034548, 0.31119890892, 0.3509138281]
    ],
    [
      [0, 0.0092798248956, 0.011938530373, 0.063316474458, 0.91546517027],
      [0, 0.46900896645, 0.044449619246, 0.09685152782, 0.38968988648],
      [0, 0.26240224181, 0.52861035808, 0.20898740011, 0],
      [0, 0, 0.12719580633, 0.87280419367, 0],
      [4.4642146219e-11, 3.4113603977e-09, 6.459019372e-09, 1.3445631025e-08, 0.99999997664],
      [8.2602893395e-09, 1.0008241375e-05, 2.0082171658e-06, 1.4389457531e-05, 0.99997358582]
    ],
    [
      [0.0060662186004, 0.0017785160546, 0.010388813313, 0.96694225626, 0.014824195776],
      [0.060041764229, 0.18141281558, 0.35269058703, 0.39340497583, 0.012449857321],
      [0.020791395552, 0, 0.67347651159, 0.304828393, 0.00090369986016],
      [0, 0, 0.014561525144, 0.98454345132, 0.0008950235338],
      [0.03165423174, 0, 0.26008984106, 0.61304605562, 0.09520987158],
      [0.045742962011, 0.018587184417, 0.022206385253, 0.87641242088, 0.037051047435]
    ],
    [
      [0.014085815586, 0.018387994674, 0.025977181849, 0.88476794235, 0.056781065538],
      [0, 0.74654491534, 0.14674020407, 0.09574284227, 0.010972038318],
      [0.010200028022, 0.048254254382, 0.78645187322, 0.15357526928, 0.0015185750943],
      [0, 0.0010826995524, 0.0082876562092, 0.98932663928, 0.0013030049542],
      [0.021322510324, 0.090837362043, 0.35493177158, 0.33733095858, 0.19557739748],
      [0.077229944372, 0.15844029891, 0.040361548307, 0.61919269729, 0.10477551112]
    ],
    [
      [0, 0, 0.0038354429201, 0.99616455708, 0],
      [0.00075581639468, 0.63281223747, 0.082558313932, 0.27879238966, 0.0050812425382],
      [0, 0, 0.62065152974, 0.37934847026, 0],
      [0, 0, 0, 1, 0],
      [0, 0, 0.16950961574, 0.83049038426, 0],
      [0, 0, 0.032658352948, 0.96734164705, 0]
    ],
    [
      [0.11477858553, 0.027201790471, 0.024924750096, 0.75489737307, 0.078197500842],
      [0, 0.83022923845, 0.10724719382, 0.052117599671, 0.010405968058],
      [0.10881766078, 0.058752796447, 0.71618204082, 0.11392966738, 0.0023178345678],
      [0, 0, 0.0030506134017, 0.98926125301, 0.0076881335842],
      [0.054762277196, 0.15010024905, 0.33693503806, 0.23081953725, 0.22738289844],
      [0.44310622959, 0.14195530653, 0.023076120586, 0.30631449359, 0.085547849704]
    ],
    [
      [0, 0.001095536051, 0.016278913676, 0.95236168893, 0.030263861342],
      [0, 0.17186765098, 0.38343957163, 0.41969103002, 0.025001747362],
      [0, 0, 0.69464619591, 0.30329829606, 0.0020555080202],
      [0, 0, 0.0064742316561, 0.98850363331, 0.0050221350325],
      [0, 0.011417964846, 0.2611008972, 0.5599400175, 0.16754112045],
      [0, 0.016380020926, 0.052342513582, 0.8583733501, 0.072904115389]
    ],
    [
      [0.026121665806, 0.029014013524, 0.040362870431, 0.78862716431, 0.11587428593],
      [0.0036828066795, 0.77371092438, 0.15070325763, 0.056944170022, 0.014958841297],
      [0.019369345844, 0.047394554142, 0.83571039468, 0.095250682956, 0.0022750223819],
      [0.0014571304678, 0.0010714631413, 0.01410769368, 0.97897321744, 0.0043904952727],
      [0.027563093809, 0.1002345643, 0.38331097426, 0.21088121306, 0.27801015457],
      [0.11688516649, 0.20505196042, 0.051298543718, 0.45209716805, 0.17466716132]
    ],
    [
      [0.041360290274, 0.098387513123, 0.15515416911, 0.58860065343, 0.11649737407],
      [0.0037984296045, 0.81850766606, 0.16433460608, 0.0071285018521, 0.006230796405],
      [0.012336363491, 0.043386791238, 0.92967935093, 0.0096784259983, 0.0049190683439],
      [0.010749149878, 0.0045851647979, 0.065943125951, 0.90547677116, 0.013245788216],
      [0.02005198878, 0.14654227085, 0.65694231611, 0.059081847036, 0.11738157722],
      [0.11811006391, 0.45310500202, 0.12231194089, 0.1969340268, 0.10953896638]
    ],
    [
      [0, 0.0061356761492, 0.014658426412, 0.89930858976, 0.079897307676],
      [0, 0.68995140757, 0.14494128369, 0.14043626477, 0.02467104396],
      [0, 0.0088046126579, 0.79158803819, 0.18519767592, 0.014409673229],
      [0, 0, 0, 0.99112261111, 0.0088773888869],
      [0, 0.035287788538, 0.24705850729, 0.35113955678, 0.36651414739],
      [0, 0.061949178757, 0.050204756578, 0.70305775323, 0.18478831143]
    ],
    [
      [0.054433483565, 0.011260429936, 0.039744533589, 0.70497880408, 0.18958274883],
      [0.013333529599, 0.60301194637, 0.26696570533, 0.079367774543, 0.037321044155],
      [0.050956863093, 0.0040421558262, 0.86917499715, 0.072962796511, 0.0028631874227],
      [0.0039228890046, 0, 0.014297393147, 0.97575325545, 0.0060264623962],
      [0.048517334568, 0.033681245685, 0.33109609411, 0.14937115448, 0.43733417116],
      [0.26178974908, 0.072406312935, 0.045660609755, 0.35001980936, 0.27012351887]
    ],
    [
      [0, 0.052504356671, 0.00801805598, 0.84726418105, 0.092213406295],
      [0, 0.96457632601, 0.010868626763, 0.01983796836, 0.004717078866],
      [0, 0.19046779806, 0.42825936362, 0.37620186595, 0.0050709723734],
      [0, 0, 0, 0.9859313429, 0.014068657099],
      [0, 0.26588530633, 0.10663731159, 0.27723978155, 0.35023760054],
      [0, 0.41804920744, 0.0089786392197, 0.43879657529, 0.13417557806]
    ],
    [
      [0.053030493035, 0.011856409079, 0.019118714404, 0.88475597423, 0.031238409254],
      [0.013813819314, 0.72163674764, 0.14946893193, 0.11508050112, 0],
      [0.065473610365, 0.03354182259, 0.73154822521, 0.16943634184, 0],
      [0, 0, 0.0057628756029, 0.9942371244, 0],
      [0.11373654565, 0.079171215747, 0.32676570239, 0.38245083628, 0.097875699929],
      [0.29672048677, 0.091560784181, 0.026323175985, 0.53408480224, 0.051310750831]
    ],
    [
      [0.019277528158, 0.024606633412, 0.049639626417, 0.78769011445, 0.11878609757],
      [0.0027942349649, 0.72552168654, 0.19659111576, 0.058996224228, 0.016096738511],
      [0.011765884636, 0.033744940608, 0.87402558552, 0.078198224494, 0.0022653647428],
      [0.0001570014213, 0.00096554570317, 0.017229498033, 0.97623284588, 0.0054151089648],
      [0.018855014651, 0.079375695002, 0.44179717482, 0.1930822905, 0.26688982502],
      [0.091207602892, 0.18414033505, 0.066199745924, 0.47000239993, 0.18844991621]
    ],
    [
      [0.020019257989, 0.014430242646, 0.029143444446, 0.87060724262, 0.065799812302],
      [0.0049814096179, 0.67676809593, 0.19145165492, 0.11169820726, 0.015100632276],
      [0.024789683898, 0.02675574748, 0.80473712487, 0.1418695582, 0.0018478855543],
      [0.00015188591196, 0, 0.012020085864, 0.98509403093, 0.002733997298],
      [0.028694853387, 0.067703772229, 0.37314384751, 0.31693206424, 0.21352546263],
      [0.10774243567, 0.12321387928, 0.044770700461, 0.60454153374, 0.11973145085]
    ],
    [
      [0.016921622069, 0.016962495653, 0.012671168112, 0.89945247484, 0.053992239326],
      [0.0040213881849, 0.81229397545, 0.076411935773, 0.096113665125, 0.01115903547],
      [0.048106810795, 0.064865217352, 0.64710875003, 0.23716459281, 0.002754629011],
      [0.0020784300264, 0.0043042912107, 0, 0.98876624658, 0.0048510321843],
      [0.031565703085, 0.10432232814, 0.21863987348, 0.40669397281, 0.23877812249],
      [0.09650657183, 0.1518790439, 0.019609757044, 0.62899709715, 0.10300753008]
    ],
    [
      [0.072131268211, 0.0085582388339, 0.01996085205, 0.78149151888, 0.11785812202],
      [0.024111546266, 0.58855980392, 0.2102298337, 0.13949116374, 0.03760765237],
      [0.089201347192, 0.023671483695, 0.72707504133, 0.15605060304, 0.0040015247461],
      [0, 0, 0, 0.99258096111, 0.00741903889],
      [0.057159716728, 0, 0.31627706958, 0.25821466466, 0.36834854904],
      [0.32941958543, 0.057049984738, 0.02405272449, 0.41948125538, 0.16999644996]
    ],
    [
      [0.017132872433, 0.021991772078, 0.027413172977, 0.85489516157, 0.078567020937],
      [0.0030276661319, 0.77261925792, 0.13235140944, 0.078828869277, 0.013172797229],
      [0.017220023234, 0.049284834404, 0.79125421751, 0.13994348512, 0.0022974397317],
      [0, 0.0019319665291, 0.0085696329624, 0.98522067569, 0.0042777248198],
      [0.023330843151, 0.098472674454, 0.33928608789, 0.29369227861, 0.2452181159],
      [0.085750273814, 0.18017468506, 0.039792757063, 0.55842610719, 0.13585617688]
    ],
    [
      [1.7560828e-13, 6.0176659704e-06, 0.017514090016, 0.98216061068, 0.00031928164304],
      [0.0046350187792, 0.77500052569, 0.15309938534, 0.053978047969, 0.01328702223],
      [6.2595609234e-11, 7.8842423455e-07, 0.98657209898, 0.013400315132, 2.6797404909e-05],
      [0, 0, 0.0088074498245, 0.99119255018, 0],
      [0, 0, 0.87669570246, 0.12330429754, 0],
      [0.14872400436, 0.21287084732, 0.052945600972, 0.42956719056, 0.15589235679]
    ],
    [
      [0.044150648916, 0.048587389942, 0.0418750702, 0.76957491276, 0.095811978184],
      [0.0041115621477, 0.84808092591, 0.1028410709, 0.036796702147, 0.0081697388978],
      [0.030534383828, 0.074070576679, 0.8063809602, 0.087267737152, 0.0017463421363],
      [0.0023588107794, 0.0011199398726, 0.015166573543, 0.97768855994, 0.0036661158679],
      [0.044458608775, 0.1604359111, 0.37916235685, 0.19723397441, 0.21870914886],
      [0.16751141612, 0.29110002122, 0.045090184872, 0.37422731915, 0.12207105864]
    ],
    [
      [0.038195023999, 0.037693684027, 0.024427448975, 0.79368100102, 0.10600284198],
      [0.0042366934448, 0.86934396631, 0.072082819309, 0.043705985211, 0.010630535725],
      [0.039108365009, 0.086428333501, 0.741113438, 0.13044055528, 0.0029093082049],
      [0.0033623159206, 0.0015977788513, 0.0056123115704, 0.98408823257, 0.0053393610834],
      [0.045916701162, 0.15063362995, 0.2689865019, 0.23777654187, 0.29668662512],
      [0.16142274698, 0.25076952378, 0.028471045343, 0.41210885815, 0.14722782575]
    ],
    [
      [0, 0.029576519895, 0.039837299374, 0.62520906342, 0.30537711731],
      [0, 0.75913622115, 0.15869591104, 0.044636299337, 0.03753156847],
      [0, 0.042333156828, 0.88215332479, 0.070736698373, 0.0047768200124],
      [0, 0.00083119191747, 0.02409051034, 0.97507829774, 0],
      [0, 0.063228748443, 0.27209722934, 0.11223426302, 0.5524397592],
      [0, 0.18229945048, 0.047332839892, 0.32550222795, 0.44486548168]
    ],
    [
      [0.023204993109, 0.024161906108, 0.073404069898, 0.64282529562, 0.23640373526],
      [0.0031083741494, 0.66379075113, 0.26349768071, 0.042517398459, 0.02708579555],
      [0.009279789786, 0.02161507603, 0.92571498217, 0.041568504414, 0.0018216476003],
      [0.0034229041469, 0.0031749526326, 0.028736895011, 0.96313681053, 0.0015284376797],
      [0.015226441737, 0.052510557461, 0.46103778913, 0.10564009041, 0.36558512126],
      [0.095876486401, 0.15821754906, 0.084980465099, 0.33135621333, 0.32956928612]
    ],
    [
      [0.020369799877, 0.053871219988, 0.044307238941, 0.78916344506, 0.092288296139],
      [0.0016283728686, 0.88591776326, 0.081536560878, 0.025030933068, 0.0058863699281],
      [0.018969177869, 0.066632357492, 0.84094322768, 0.07128651049, 0.0021687264666],
      [0.0029783210353, 0, 0.01462410032, 0.97505742395, 0.007340154693],
      [0.019870198389, 0.17870212606, 0.40716473621, 0.18207472154, 0.21218821781],
      [0.082272509988, 0.36347421594, 0.049875765901, 0.38005741103, 0.12432009714]
    ],
    [
      [0.044659022411, 0.09508147477, 0.082499971681, 0.63844854316, 0.13931098798],
      [0.0032421646712, 0.87044064507, 0.11192126132, 0.0065706460701, 0.0078252828704],
      [0.017677420132, 0.081153957355, 0.86612379408, 0.032547313847, 0.0024975145832],
      [0.0036151011704, 0.0076554089866, 0.041037733755, 0.93988626217, 0.0078054939149],
      [0.028673642276, 0.1982660797, 0.47103014479, 0.10115651784, 0.20087361539],
      [0.12857186497, 0.43213790037, 0.068334149373, 0.23544849624, 0.13550758904]
    ],
    [
      [0.042118740223, 0.026792874154, 0.018114514651, 0.41696357675, 0.49601029422],
      [0.0017194448145, 0.96109124748, 0.015028066464, 0.0073789336073, 0.014782307634],
      [0.041007451584, 0.061788584469, 0.81837528137, 0.068222777821, 0.010605904756],
      [0.0085655181963, 0.011579286002, 0.016336304948, 0.96351889085, 0],
      [0.09964358828, 0.047652069632, 0.076213839519, 0.047706127086, 0.72878437548],
      [0.1694418458, 0.15525898624, 0.014489431941, 0.13759925862, 0.52321047741]
    ],
    [
      [0.019697439202, 0.015872066986, 0.022283905873, 0.87992510183, 0.062221486107],
      [0, 0.7526981909, 0.1121772586, 0.1206235001, 0.014501050393],
      [0, 0.096400910303, 0.78205806102, 0.11644583543, 0.0050951932457],
      [0, 0, 0, 0.98051543814, 0.019484561863],
      [0.36715936181, 0.061321556418, 0.2031341723, 0.18867016487, 0.17971474459],
      [0.76400079763, 0.043449095512, 0.01139799044, 0.14241540711, 0.038736709301]
    ],
    [
      [0.041113890214, 0.035034712504, 0.038975994898, 0.82318405179, 0.06169135059],
      [0.0077012728846, 0.81345055835, 0.12470522961, 0.050357398821, 0.0037855403342],
      [0.031145782554, 0.057211053641, 0.81337874291, 0.098264420898, 0],
      [0.0023866574563, 0.0014530600402, 0.013662666645, 0.98249761586, 0],
      [0.048029911466, 0.13448428751, 0.4121109306, 0.24164071285, 0.16373415757],
      [0.17835344157, 0.2377233222, 0.047333615312, 0.44799843007, 0.088591190848]
    ],
    [
      [0.051139106457, 0.025976264356, 0.06255409879, 0.75641672652, 0.10391380388],
      [0.0071104515904, 0.69222493089, 0.23279019097, 0.054333701025, 0.013540725526],
      [0.025745081223, 0.028424687102, 0.88163882609, 0.062011099102, 0.0021803064814],
      [0.0024271782402, 0.00016248732754, 0.02172860033, 0.97039620177, 0.0052855323322],
      [0.045318471563, 0.07538350578, 0.50089903844, 0.16958297582, 0.2088160084],
      [0.21276625534, 0.16982008206, 0.073332367171, 0.39963777166, 0.14444352377]
    ],
    [
      [0.030497919371, 0.018982405343, 0.046667201303, 0.73725478169, 0.16659769229],
      [0.0057258385058, 0.67311761924, 0.2257608647, 0.068285170406, 0.027110507152],
      [0.024282200326, 0.023723085537, 0.87069438697, 0.079513167246, 0.0017871599213],
      [0.0020086551202, 0, 0.018208610933, 0.9758702014, 0.0039125325462],
      [0.028243414901, 0.057657014923, 0.38863795922, 0.17123222097, 0.35422938999],
      [0.1367655781, 0.13450109165, 0.058980043169, 0.418484122, 0.25126916508]
    ],
    [
      [0.033117114558, 0.017110735749, 0.070252917236, 0.80919349385, 0.070325738605],
      [0.0059303203113, 0.57700417983, 0.33074312938, 0.075001995021, 0.011320375456],
      [0.020512291836, 0.0061087008043, 0.90942016361, 0.063954419961, 4.423791279e-06],
      [0, 0, 0.023145311561, 0.97633701926, 0.00051766918143],
      [0.030647692284, 0.05143835559, 0.58072302593, 0.19086395838, 0.14632696782],
      [0.15871667937, 0.13135451081, 0.095880052962, 0.50025670767, 0.11379204919]
    ],
    [
      [0.035361745284, 0.013726739989, 0.040657846758, 0.8112805405, 0.098973127471],
      [0.0083318256477, 0.6198401992, 0.25254401893, 0.097879315534, 0.021404640688],
      [0.034621511002, 0.0095958317773, 0.85369047595, 0.099685901993, 0.0024062792771],
      [0, 0, 0.014106052711, 0.98113295043, 0.0047609968573],
      [0.040455225037, 0.051664448237, 0.41625076053, 0.2348699994, 0.25675956679],
      [0.17197736987, 0.10654262906, 0.055875961726, 0.50405783565, 0.16154620368]
    ],
    [
      [1.0067350671e-06, 0.15233325833, 0.035038421719, 0.81229291621, 0.00033439700936],
      [0, 0.63013049044, 0.17196339689, 0.19790611267, 0],
      [0, 0.26026098088, 0.34392679379, 0.39581222533, 0],
      [0, 0.26026098088, 0.34392679379, 0.39581222533, 0],
      [0, 0.32882558603, 0.45232942795, 0.21884498602, 0],
      [0.14872400436, 0.21287084732, 0.052945600972, 0.42956719056, 0.15589235679]
    ],
    [
      [0, 0.011767616509, 0.033758316789, 0.83796205942, 0.11651200728],
      [0, 0.68007294571, 0.19721547858, 0.096492303041, 0.02621927267],
      [0, 0.023946029639, 0.86296356263, 0.10990235216, 0.0031880555638],
      [0, 0, 0.0049907532678, 0.98612672876, 0.0088825179735],
      [0, 0.049089896211, 0.33948666947, 0.24366756027, 0.36775587405],
      [0, 0.098554966945, 0.085644147922, 0.58191736402, 0.23388352111]
    ],
    [
      [0, 0.025185745907, 0.085502853637, 0.88931140046, 0],
      [0, 0.80228106354, 0.1880243191, 0.0096946173611, 0],
      [0, 0.0096254845025, 0.98237842495, 0.0079960905464, 0],
      [0, 0, 0.041451007739, 0.95854899226, 0],
      [0.00043683792369, 0.05640211894, 0.89436172953, 0.048782182957, 1.7130647589e-05],
      [0, 0.35100115802, 0.15918158086, 0.48981726112, 0]
    ],
    [
      [0.030374604522, 0.037165358927, 0.053259714735, 0.78202056971, 0.097179752109],
      [0.0033988845706, 0.78307136513, 0.15824258535, 0.045273947743, 0.010013217201],
      [0.017712567833, 0.047616555195, 0.85879117842, 0.074401032132, 0.0014786664174],
      [0.0014859329919, 0.0016539973883, 0.018621456657, 0.97479005068, 0.0034485622792],
      [0.028972465353, 0.1158618466, 0.45592673663, 0.18956461278, 0.20967433864],
      [0.12777495151, 0.24720954279, 0.063804339211, 0.42335071982, 0.13786044667]
    ],
    [
      [0.040505797939, 0.034661454187, 0.043514196579, 0.78158106473, 0.099737486566],
      [0.0049623528189, 0.79283664638, 0.14128827286, 0.049649546152, 0.011263181789],
      [0.027943800381, 0.052505560866, 0.82932184714, 0.088421225714, 0.0018075659024],
      [0.0019784443338, 0.0012910762862, 0.015347106054, 0.97776968695, 0.00361368638],
      [0.041838165382, 0.11688964968, 0.40268855162, 0.20566499608, 0.23291863724],
      [0.16735283605, 0.22608263194, 0.05120635284, 0.41636898801, 0.13898919116]
    ],
    [
      [0.041981240866, 0.033592365903, 0.041329902348, 0.70145786477, 0.18163862611],
      [0.005312329876, 0.79120003152, 0.13732251571, 0.045687253162, 0.020477869734],
      [0.030647196547, 0.05384423289, 0.82983502771, 0.083882944392, 0.0017905984574],
      [0.0028716992629, 0.0026197624978, 0.017382323816, 0.97481930767, 0.0023069067527],
      [0.037826496332, 0.098635074907, 0.33262846266, 0.16066459996, 0.37024536614],
      [0.16267723063, 0.20498573034, 0.045527140307, 0.34943810459, 0.23737179413]
    ],
    [
      [0.029209394009, 0.034631202958, 0.070908248669, 0.72859862567, 0.1366525287],
      [0.0032087896708, 0.7321330392, 0.20934890691, 0.041238835391, 0.014070428824],
      [0.013143534613, 0.034765236308, 0.89705195365, 0.052852116153, 0.002187159277],
      [0.00126355528, 0.0022927314333, 0.025967603849, 0.96397758913, 0.0064985203097],
      [0.022846747008, 0.088825339987, 0.50142690623, 0.1438670829, 0.24303392388],
      [0.12040847501, 0.22490431782, 0.082818799922, 0.3827360611, 0.18913234614]
    ],
    [
      [0.050914574956, 0.042050174525, 0.032020939741, 0.78120783913, 0.093806471644],
      [0.0052686315613, 0.85039815137, 0.091271063542, 0.043690291546, 0.0093718619756],
      [0.043428359084, 0.079552430272, 0.76368104396, 0.11100352951, 0.0023346371746],
      [0.00047784396879, 0.0003641821939, 0.01215645038, 0.98288431878, 0.0041172046817],
      [0.057305893819, 0.15516883499, 0.32331804571, 0.22459552451, 0.23961170097],
      [0.19731814289, 0.256943682, 0.035201808747, 0.38845467779, 0.12208168856]
    ],
