{
  "Z_true": {},
  "V_true": [
    [21, 246, 3052, 142, 850],
    [642, 151, 117, 1740, 100],
    [916, 2210, 1600, 14263, 773],
    [22, 380, 11317, 121, 616],
    [9, 1887, 264, 361, 111],
    [139, 245, 553, 439, 2143]
  ],
  "p_true": [
    [0.0049, 0.0571, 0.708, 0.0329, 0.1972],
    [0.2335, 0.0549, 0.0425, 0.6327, 0.0364],
    [0.0464, 0.1118, 0.081, 0.7217, 0.0391],
    [0.0018, 0.0305, 0.9086, 0.0097, 0.0495],
    [0.0034, 0.7169, 0.1003, 0.1372, 0.0422],
    [0.0395, 0.0696, 0.1571, 0.1248, 0.609]
  ],
  "Z_est": {},
  "V_est": [
    [0, 0, 3964.3108, 0, 346.6892],
    [1119.5827, 0, 93.4492, 1536.9681, 0],
    [562.1134, 2487, 389.2399, 15529.0319, 794.6148],
    [0, 0, 12456, 0, 0],
    [0, 2632, 0, 0, 0],
    [67.3039, 0, 0, 0, 3451.6961]
  ],
  "p_est": [
    [0, 0, 0.9196, 0, 0.0804],
    [0.4071, 0, 0.034, 0.5589, 0],
    [0.0284, 0.1258, 0.0197, 0.7858, 0.0402],
    [0, 0, 1, 0, 0],
    [0, 1, 0, 0, 0],
    [0.0191, 0, 0, 0, 0.9809]
  ],
  "EI_Z": {},
  "EI_V": 13.5312,
  "MAE_Z": {},
  "MAE_V": 409.8157,
  "MAE_p": 0.0807,
  "runtime": 0.1035
}
