{
  "Z_true": {},
  "V_true": [
    [479, 33, 25, 1244, 191, 82],
    [40, 25, 927, 198, 717, 97],
    [301, 448, 508, 1354, 11306, 854],
    [202, 82, 55, 5276, 271, 164],
    [214, 204, 85, 1247, 775, 508],
    [65, 652, 24, 636, 473, 126],
    [80, 125, 158, 547, 926, 778]
  ],
  "p_true": [
    [0.2332, 0.0161, 0.0122, 0.6056, 0.093, 0.0399],
    [0.02, 0.0125, 0.4626, 0.0988, 0.3578, 0.0484],
    [0.0204, 0.0303, 0.0344, 0.0917, 0.7654, 0.0578],
    [0.0334, 0.0136, 0.0091, 0.8721, 0.0448, 0.0271],
    [0.0706, 0.0673, 0.028, 0.4111, 0.2555, 0.1675],
    [0.0329, 0.33, 0.0121, 0.3219, 0.2394, 0.0638],
    [0.0306, 0.0478, 0.0604, 0.2093, 0.3542, 0.2976]
  ],
  "Z_est": [
    [
      [34.8362, 44.5487, 68.7815, 12.9157, 2.4013, 22.2124, 7.712, 46.986, 5.0986, 10.582, 34.9708, 18.8304, 24.5819, 2.0645, 0, 15.365, 10.1877, 14.4096, 18.8399, 12.4285, 18.2276, 11.6071, 2.8114, 8.8702, 19.2314, 16.8172, 11.4219, 12.9669, 14.9707, 16.8684, 14.8672, 3.9669, 20.2409, 6.8474, 16.4943, 12.2522, 15.2816, 52.1406, 50.6695, 6.11, 11.6399, 6.4718, 6.6294, 19.3271, 1.4938, 50.461, 5.6228, 55.9908, 4.4398],
      [0.1123, 0.1225, 0.2067, 0.0421, 0.0051, 0.0523, 0.0332, 0.1289, 0.014, 0.0281, 0.1161, 0.0421, 0.0778, 0.0064, 0, 0.037, 0.0281, 0.0472, 0.0536, 0.0357, 0.0549, 0.0242, 0.0089, 0.0242, 0.0408, 0.0447, 0.037, 0.051, 0.037, 0, 0.06, 0.0179, 0.0523, 0.0153, 0.0345, 0.0345, 0.0421, 0.1633, 0.1327, 0.0242, 0.0357, 0.023, 0.0166, 0.06, 0.0051, 0.1455, 0.0179, 0.157, 0],
      [0.5608, 2.8141, 1.1281, 0.247, 0.0441, 0.6632, 0.1382, 0.5621, 0, 0.2317, 0.4308, 0.7021, 0.2116, 0.1291, 0, 0.3935, 0.8878, 0.2805, 0.6848, 0.4671, 0.7487, 0.0082, 0.1088, 0.1563, 0.3313, 0.5442, 0.1078, 0.0317, 0.4146, 0.3356, 0.2954, 0.1754, 0.3986, 0.2274, 0.0117, 0.2762, 0.3317, 0.3915, 0.7539, 0.4103, 0.6152, 0.5512, 0.1326, 0.6333, 0.0229, 0.6349, 0.1754, 1.979, 0.2461],
      [42.3545, 46.3817, 78.4757, 19.1825, 1.5483, 18.0594, 17.8749, 53.0507, 5.463, 11.1514, 47.9025, 13.4152, 30.6521, 2.7985, 0, 13.1956, 10.8896, 17.7205, 20.0416, 14.5742, 22.6943, 7.3546, 3.9388, 9.3792, 12.3866, 17.5832, 15.0802, 24.4646, 13.5687, 24.3573, 31.3423, 9.5384, 20.2955, 4.9062, 10.4512, 14.1871, 17.3344, 71.3596, 52.4119, 10.8735, 13.9957, 10.6447, 5.9733, 24.1221, 2.4769, 57.8177, 7.5402, 60.5783, 8.889],
      [10.1137, 2.1085, 13.3668, 0.6042, 0.0002, 0.0022, 0.2351, 0.2466, 0.4215, 0.0012, 7.5566, 0.0018, 5.461, 0.0003, 0, 0.0016, 0.0012, 4.5328, 2.3695, 0.4873, 1.2636, 0.001, 0.1302, 0.5652, 0.0017, 0.0019, 2.3458, 2.4755, 0.0016, 0.4281, 0.4232, 0.298, 0.0022, 0.0006, 0.0015, 0.2432, 0.0018, 3.9124, 0.0056, 1.5771, 1.7063, 0.3047, 0.2448, 2.8455, 0.0002, 4.912, 0.6403, 4.2636, 0.4214],
      [0.0224, 0.0244, 0.0412, 0.0084, 0.001, 0.0104, 0.0066, 0.0257, 0.0028, 0.0056, 0.0231, 0.0084, 0.0155, 0.0013, 0, 0.0074, 0.0056, 0.0094, 0.0107, 0.0071, 0.0109, 0.0048, 0.0018, 0.0048, 0.0081, 0.0089, 0.0074, 0.0102, 0.0074, 0.0107, 0.012, 0.0036, 0.0104, 0.0031, 0.0069, 0.0069, 0.0084, 0.0326, 0.0265, 0.0048, 0.0071, 0.0046, 0.0033, 0.012, 0.001, 0.029, 0.0036, 0.0313, 0.0036]
    ],
    [
      [2.5085, 0.9935, 4.7507, 0.8309, 0.1956, 2.1205, 0.4757, 0.8455, 0.9955, 0.8975, 1.7507, 2.242, 1.8514, 0.3287, 2.4919, 1.2707, 2.021, 0.8246, 2.1067, 1.5676, 2.1143, 1.0962, 0.2622, 0.5265, 0.4651, 1.5423, 0.499, 0.3542, 1.1258, 1.1079, 0.87, 0.3858, 1.3331, 0.6385, 1.5962, 0.9334, 1.1079, 2.4897, 3.0595, 0.6959, 1.471, 0.0846, 0.388, 1.0529, 0.0994, 3.4135, 0.5877, 5.5169, 0.3483],
      [0, 0, 0, 0, 0, 0, 0, 0, 0, 0, 0, 0, 0, 0, 0, 0, 0, 0, 0, 0, 0, 0, 0, 0, 0, 0, 0, 0, 0, 0, 0, 0, 0, 0, 0, 0, 0, 0, 0, 0, 0, 0, 0, 0, 0, 0, 0, 0, 0],
      [47.4557, 37.7299, 87.7797, 16.97, 3.3197, 47.5887, 9.5911, 32.1106, 0, 18.0729, 29.1429, 52.7493, 17.968, 9.2229, 4.6905, 27.3005, 60.877, 17.3013, 50.9053, 37.2519, 57.5417, 25.0884, 7.0108, 9.9623, 17.6608, 36.8947, 7.0092, 2.5818, 25.2391, 22.8731, 18.8171, 11.07, 26.196, 15.1276, 33.5671, 19.5518, 22.8731, 33.5609, 52.3842, 26.9354, 49.5618, 3.2111, 7.0271, 20.3685, 1.844, 56.1077, 13.6471, 136.1374, 16.0706],
      [2.0501, 0.2249, 2.9139, 1.0121, 0.2851, 3.1368, 1.1176, 0.1914, 0.2779, 1.3586, 2.7723, 4.5442, 5.0815, 0.3164, 0.1211, 1.2329, 1.1403, 0.1053, 1.7036, 4.4304, 1.8534, 0.7298, 0.1853, 0.2841, 0.1053, 1.4027, 0.3614, 0.1654, 0.1531, 1.7767, 0.2791, 0.067, 1.3407, 0.6383, 1.52, 0.8917, 1.1993, 1.7261, 3.688, 0.8812, 1.004, 0.0191, 0.0431, 0.1244, 0.5277, 3.236, 1.239, 3.5248, 0.3644],
      [24.9192, 8.0111, 42.4366, 5.1663, 1.1953, 15.0953, 2.8035, 6.818, 4.5753, 7.6469, 8.2978, 18.3972, 6.4094, 3.1208, 3.687, 8.1632, 17.891, 3.7499, 20.2197, 14.7001, 25.4156, 7.0563, 1.534, 2.2158, 3.7499, 10.1172, 2.1217, 0.8951, 5.4544, 6.2147, 5.0123, 2.4652, 6.1, 3.5783, 13.2735, 6.5989, 6.7921, 16.1767, 15.8037, 6.4572, 23.9631, 0.6818, 1.534, 4.4317, 0.5264, 33.1599, 5.508, 41.6596, 5.1978],
      [0.0664, 0.0405, 0.119, 0.0207, 0.0043, 0.0587, 0.0121, 0.0345, 1.1513, 0.0242, 0.0362, 0.0673, 0.6897, 0.0112, 0.0095, 0.0328, 0.0707, 0.019, 0.0647, 0.05, 0.075, 0.0293, 0.0078, 0.0112, 0.019, 0.0431, 0.0086, 0.0035, 0.0276, 0.0276, 0.0216, 0.0121, 0.0302, 0.0173, 0.0431, 0.0242, 0.0276, 0.0466, 0.0647, 0.0302, 0, 0.0035, 0.0078, 0.0224, 0.0026, 0.0828, 0.0181, 0.1613, 0.019]
    ],
    [
      [0.7555, 6.3588, 2.7374, 1.1557, 1.799, 4.7224, 0.1031, 8.1054, 0.3307, 0.4187, 0.4949, 6.9679, 1.3771, 0.0309, 0.9549, 2.0533, 0.165, 0.2062, 2.9795, 0.1959, 0.2784, 3.0155, 0.0412, 1.4613, 6.9637, 0.2784, 1.7688, 0.2428, 1.8032, 1.1486, 0.1959, 0.0516, 3.2966, 1.0769, 1.4571, 1.2729, 2.5958, 0.7733, 6.4166, 0.0722, 0.1753, 0.1826, 1.1336, 0.2887, 0.0206, 3.3675, 0.0825, 5.3996, 0.0516],
      [9.1359, 15.0993, 14.4367, 2.7339, 1.28, 14.7053, 1.9191, 36.0459, 1.8759, 19.8763, 26.135, 8.3726, 2.7466, 9.0215, 3.3886, 12.872, 21.7671, 2.3747, 4.5009, 16.8307, 13.4566, 10.9396, 10.3178, 6.8037, 12.951, 17.4663, 1.9066, 1.307, 24.8641, 1.096, 6.6575, 0.9244, 19.8103, 4.6881, 23.1861, 14.3141, 10.0509, 33.0899, 31.4309, 2.5574, 5.5077, 1.6212, 1.6249, 13.2851, 4.0091, 16.0005, 6.7952, 20.658, 0],
      [0.8734, 12.2306, 2.2679, 2.6415, 0.1662, 5.9211, 0.655, 6.8029, 0, 0.3461, 0.6097, 6.6387, 0.3296, 0.7794, 0.0824, 3.7469, 6.2245, 1.2647, 6.4648, 0.7086, 4.0756, 5.0239, 1.4363, 1.6837, 7.2623, 4.8502, 0.482, 0.0494, 7.2751, 4.3343, 3.8954, 3.7225, 3.9066, 3.257, 0.6756, 2.2453, 2.3074, 0.6097, 1.3921, 2.8581, 1.9848, 0.2842, 1.7157, 4.7908, 0.033, 0.9887, 0.2637, 28.084, 1.9893],
      [18.3498, 20.106, 16.5417, 2.3497, 1.7252, 15.178, 6.6689, 34.4149, 2.2751, 12.8077, 50.4815, 10.5627, 5.2487, 8.323, 0.8807, 11.3123, 9.2944, 0, 5.6335, 5.5618, 16.4914, 12.8097, 3.8654, 3.0141, 10.7958, 8.54, 2.133, 2.2613, 13.8573, 5.7427, 24.2014, 2.5012, 21.9027, 16.8422, 10.1789, 10.9021, 18.3721, 76.6585, 60.8825, 9.8274, 9.9858, 4.8386, 0.6403, 9.8533, 4.467, 24.0083, 3.278, 19.3047, 6.779],
      [338.3605, 330.7846, 343.9318, 93.7267, 31.4887, 303.8995, 34.1658, 574.5535, 50.8594, 260.7572, 463.6818, 175.0778, 73.0584, 269.2341, 104.1234, 305.7439, 542.9609, 90.4788, 199.7164, 307.6244, 403.6463, 258.9261, 176.1638, 138.8695, 338.6092, 463.6115, 32.3717, 14.2116, 341.6971, 61.1853, 57.5186, 18.5615, 367.4025, 175.8724, 439.1558, 171.0261, 249.0017, 622.9613, 586.5433, 257.012, 118.3703, 14.7035, 34.3974, 213.8931, 119.1853, 643.2853, 169.6373, 522.4116, 67.414],
      [26.5249, 38.4207, 41.0845, 11.3924, 1.5409, 38.5736, 2.4881, 77.0774, 6.6589, 29.7941, 72.5971, 13.3803, 12.2397, 12.6111, 4.57, 13.2715, 74.588, 20.6755, 29.7049, 29.0786, 53.0517, 29.2852, 18.1755, 17.1676, 39.4181, 48.2536, 6.3379, 3.9279, 36.5032, 8.4932, 6.5312, 5.239, 41.6813, 8.2633, 43.3465, 23.2395, 22.6721, 77.9073, 90.3347, 28.673, 4.9761, 3.3699, 2.4881, 19.8889, 17.285, 52.3496, 15.9434, 70.1421, 5.7661]
    ],
    [
      [1.743, 1.7618, 17.9209, 0.8253, 0.1144, 1.3535, 0.0409, 3.2, 0.2676, 0.6647, 1.0716, 0.8554, 1.0764, 0.161, 0.0988, 1.1556, 0.6606, 0.5864, 0.9396, 0.0777, 0.1104, 0.5009, 0.0164, 0.4331, 1.0988, 0.1104, 0.6606, 0.3363, 0.8148, 1.0182, 0.0777, 0.0205, 1.0981, 0.4876, 1.1877, 0.712, 1.0222, 0.3068, 3.2562, 0.0286, 0.6412, 0.0481, 0.4678, 0.4815, 0.0082, 2.899, 0.0327, 5.884, 0.0205],
      [0.8423, 0.8124, 1.3041, 0.4105, 0.0513, 0.6542, 0.4228, 1.582, 0.1283, 0.5643, 3.7165, 0.3934, 0.3634, 0.0812, 0.0428, 0.5729, 0.325, 0, 0.3976, 2.0509, 0.6285, 0.2266, 0.2905, 0.2052, 0.5174, 0.5345, 0, 0.2587, 1.3236, 0, 0.3848, 0.0983, 0.5259, 0.2394, 1.0098, 0.3463, 0.5045, 2.202, 1.5948, 0, 0.3121, 0.1368, 0, 1.6064, 0.4147, 1.411, 0.2694, 1.4024, 0],
      [0.3735, 1.0282, 1.6651, 0.4573, 0.066, 0.9116, 0.5448, 1.5104, 0, 0.148, 0.2607, 0.7477, 0.1409, 0.1444, 0.0667, 0.6757, 0.8242, 3.6196, 0.7368, 0.303, 0.9491, 0.4065, 0.146, 0.2498, 0.5924, 0.746, 0.2661, 0.0211, 0.5543, 0.4507, 0.4666, 0.1852, 0.641, 0.3243, 0.2889, 0.4312, 0.583, 0.2607, 1.6467, 0.4851, 0.7408, 1.0985, 1.8024, 0.7247, 0.0141, 0.4228, 0.1127, 2.3154, 0.7124],
      [179.1527, 177.3978, 244.6519, 88.4493, 11.1564, 138.5639, 40.6109, 320.8566, 26.7266, 71.0232, 273.8229, 84.9111, 78.2296, 17.7133, 8.2879, 120.65, 70.5904, 74.9152, 83.2253, 76.6369, 132.3846, 49.3555, 22.4102, 38.3601, 112.0663, 109.2341, 72.6517, 66.8912, 83.9968, 70.0049, 83.9494, 21.3129, 114.9088, 52.2961, 127.0717, 75.6737, 109.1608, 479.3423, 346.1169, 64.3826, 67.208, 30.4794, 51.1989, 141.8957, 77.8164, 298.1838, 46.1782, 287.2326, 30.9446],
      [9.7153, 4.0104, 31.4487, 3.3366, 0.2968, 7.499, 1.437, 33.1348, 2.0897, 1.6042, 14.2239, 2.6765, 2.9575, 0.401, 1.2413, 7.4269, 1.6042, 9.7007, 5.2584, 1.7519, 7.9432, 1.1187, 0.5066, 3.9188, 3.5476, 11.0926, 0.5083, 0.2598, 1.9208, 2.5304, 2.8146, 0.7791, 2.5962, 1.182, 2.8706, 1.7097, 3.6308, 19.3643, 10.5904, 2.2917, 4.0979, 0.2372, 0.5309, 14.0114, 16.1993, 18.4176, 14.7526, 22.5523, 4.3509],
      [5.1732, 4.9894, 8.0093, 2.521, 0.3151, 4.0178, 0.9437, 9.7162, 0.7878, 1.9958, 7.9043, 2.4159, 2.2321, 0.4989, 0.2626, 3.5188, 1.9958, 4.1781, 2.4422, 2.1796, 4.984, 1.3918, 0.6302, 4.833, 3.1775, 3.2825, 1.9134, 1.2329, 2.3897, 1.9958, 2.3069, 0.604, 3.23, 1.4706, 3.5714, 2.1271, 3.0987, 13.5239, 9.795, 1.8119, 0, 0, 0, 4.2804, 2.5472, 8.6658, 1.6544, 8.6133, 0.9716]
    ],
    [
      [9.0017, 13.15, 7.5493, 2.2264, 0.4728, 7.4373, 1.6445, 14.5982, 1.2807, 4.3158, 9.4313, 3.9943, 6.0416, 0.3859, 1.4338, 6.0405, 2.8693, 3.9006, 4.0528, 4.6388, 6.135, 4.694, 0.8376, 2.6343, 9.0952, 8.1208, 1.6004, 1.0691, 6.1206, 2.7306, 2.9324, 0.5602, 6.8771, 2.882, 9.0474, 3.7187, 3.8421, 18.9183, 18.2376, 0.0505, 3.0054, 1.1933, 1.5644, 6.7537, 0.3655, 16.5417, 1.6317, 13.9057, 0.1234],
      [3.4087, 4.9926, 2.6857, 0.8264, 0.1722, 2.8234, 0.6198, 5.5435, 0.482, 1.6527, 3.5809, 1.4806, 1.8249, 1.6188, 0.5509, 2.3069, 5.5754, 1.1131, 1.515, 2.2725, 2.3413, 1.7904, 1.3834, 0.9985, 2.8234, 3.2021, 0.5853, 0.3787, 2.3413, 0, 1.1018, 0.2066, 2.6168, 1.1018, 3.5992, 1.4117, 1.4461, 7.816, 6.9552, 1.8891, 1.1362, 0.4476, 0.5853, 2.5824, 0.5509, 6.301, 2.6638, 5.2336, 0],
      [0.4516, 3.6913, 2.5581, 0.7124, 0.1434, 2.3133, 0.496, 3.939, 0, 1.2288, 2.59, 1.4943, 0.1704, 0.5616, 0.0426, 1.7722, 9.4854, 1.1535, 1.4992, 1.7503, 2.0752, 1.4271, 0.4789, 0.7536, 2.0492, 2.4602, 0.4485, 0.24, 1.8111, 0.7149, 0.9215, 0.2676, 1.9691, 0.8789, 2.3806, 1.1098, 1.1743, 0.3152, 4.9892, 4.8512, 1.2075, 0.3355, 0.4741, 1.8961, 0.0325, 0.5112, 0.8797, 4.8754, 0.2352],
      [59.5137, 81.999, 56.5439, 14.0143, 3.3194, 48.7365, 11.8746, 98.3071, 8.367, 27.2134, 74.5125, 26.6922, 35.9541, 10.7116, 1.1193, 38.1004, 36.0001, 27.832, 26.2848, 32.9913, 41.2906, 25.5038, 9.6954, 15.9556, 46.099, 48.054, 11.1008, 7.387, 36.094, 12.7102, 21.0221, 3.4979, 43.0003, 18.8618, 53.6327, 25.1886, 30.2176, 151.7795, 121.7499, 37.0621, 20.7729, 8.9432, 11.0593, 43.0756, 11.8781, 102.527, 18.5836, 90.4532, 0.5183],
      [18.8553, 29.8029, 2.496, 4.3278, 0.4986, 14.2241, 1.957, 25.9278, 2.7646, 9.7902, 5.6393, 5.9573, 4.8569, 6.0595, 11.5979, 13.5303, 35.3766, 5.6102, 7.1637, 19.1508, 10.759, 14.4805, 4.1696, 6.3595, 15.4759, 23.8166, 1.925, 1.0578, 16.2652, 3.1884, 3.5097, 0.9899, 15.5358, 5.7644, 23.4625, 6.3345, 1.992, 30.3414, 34.1605, 12.3403, 4.2946, 1.0605, 1.9863, 14.8133, 1.8932, 42.7537, 10.3312, 25.5437, 0.032],
      [7.7689, 11.3642, 6.167, 1.8928, 0.3935, 6.4654, 1.4081, 12.6844, 1.1057, 3.799, 8.246, 3.3812, 4.1521, 1.6626, 1.2556, 5.2497, 7.6932, 3.3907, 3.4845, 5.1964, 5.3988, 4.1042, 1.4351, 2.2984, 6.4573, 7.3463, 1.3399, 0.8674, 5.3678, 1.6558, 2.5125, 0.4779, 6.001, 2.5111, 7.8776, 3.2367, 3.3278, 17.8296, 15.9077, 4.8069, 2.5834, 1.02, 1.3305, 5.8789, 1.2798, 14.3654, 2.9101, 11.9885, 0.0911]
    ],
    [
      [0.0765, 0.0974, 0.1455, 0.0241, 0.01, 0.0784, 0.0106, 0.1519, 0.0135, 0.0729, 0.1774, 0.0621, 0.0339, 0.0272, 0.0084, 0.0692, 0.0871, 0.0417, 0.0332, 0.0432, 0.0693, 0.0434, 0.0289, 0.0458, 0.0909, 0.1151, 0.0286, 0.0127, 0.107, 1.0539, 0.021, 0.0069, 0.0858, 0.044, 0.136, 0.0811, 0.0879, 0.2483, 0.2112, 0.0387, 0.0335, 0.0056, 0.0107, 0.0584, 0.0113, 0.1806, 0.0246, 0.1438, 0.0069],
      [19.3516, 25.8221, 34.2018, 5.9533, 2.4794, 21.6057, 2.9833, 44.4909, 3.4739, 22.6266, 47.1427, 15.6258, 7.9356, 9.2084, 2.9899, 19.1196, 27.1016, 9.4073, 8.4394, 15.6988, 19.3715, 12.9276, 9.9576, 11.9067, 23.568, 30.5158, 6.4373, 2.9767, 31.3047, 4.904, 6.7224, 1.7369, 24.8475, 10.9056, 36.9796, 21.8377, 21.8112, 64.4922, 55.5821, 9.4139, 8.9366, 1.7436, 2.7314, 17.4026, 3.9844, 43.8677, 8.214, 37.2249, 0],
      [0.1133, 0.1372, 0.2138, 0.0409, 0.0119, 0.1241, 0.0202, 0.1692, 0, 0.0803, 0.1803, 0.1152, 0.0454, 0.0345, 0.0117, 0.0919, 0.1559, 0.0583, 0.0896, 0.0782, 0.1258, 0.0689, 0.0338, 0.0509, 0.1026, 0.1441, 0.0314, 0.0122, 0.1252, 0.0544, 0.0424, 0.0217, 0.1049, 0.0568, 0.1518, 0.091, 0.1013, 0.0381, 0.236, 0.0704, 0.0848, 0.0101, 0.0202, 0.0765, 0.0112, 0.0618, 0.036, 0.2982, 1.008],
      [23.9445, 28.3685, 39.2313, 6.578, 2.4344, 21.9497, 2.4255, 43.6418, 3.9024, 17.8767, 48.2382, 15.9757, 9.5551, 6.5692, 1.85, 18.9786, 20.4799, 13.694, 9.9061, 9.4524, 20.1223, 11.2056, 6.8266, 10.7675, 26.3585, 31.3581, 9.6344, 3.6019, 24.9992, 10.7688, 4.1718, 1.8958, 22.6653, 11.336, 39.7764, 20.5318, 22.6158, 76.4084, 58.658, 11.5801, 9.9466, 0.9736, 2.6599, 16.4832, 2.7973, 49.5725, 6.3057, 41.6775, 2.8407],
      [0.2585, 0.9844, 8.8359, 1.013, 0.8968, 1.9307, 0.393, 0.0072, 0.387, 3.0878, 10.2201, 4.1888, 0.9, 0.6863, 0.0004, 2.5688, 4.6688, 1.1011, 0.0015, 0.0021, 1.1392, 1.0291, 0.6509, 4.4479, 3.3453, 6.8858, 0.3939, 0.2012, 7.6223, 0.7167, 0.7075, 0.2271, 2.8456, 3.9043, 4.6125, 6.0634, 7.877, 6.5718, 9.7413, 2.2272, 0.4405, 0.1834, 0.4105, 0.0028, 0.0006, 12.2762, 0.0012, 3.2839, 0.0328],
      [1.2556, 1.5904, 2.3717, 0.3906, 0.1674, 1.3114, 0.1674, 2.5391, 0.2232, 1.2556, 3.0413, 1.0324, 0.5301, 0.4743, 0.1395, 1.1719, 1.5067, 0.6976, 0.5301, 0.7255, 1.1719, 0.7255, 0.5022, 0.7813, 1.5346, 1.9811, 0.4743, 0.1953, 1.8415, 0.5022, 0.3348, 0.1116, 1.4509, 0.7534, 2.3438, 1.3951, 1.5067, 4.2411, 3.5715, 0.6697, 0.558, 0.0837, 0.1674, 0.9766, 0.1953, 3.0413, 0.4185, 2.3717, 0.1116]
    ],
    [
      [0.0785, 0.0897, 0.1148, 0.0218, 0.0069, 0.0754, 0.0132, 0.113, 0.0133, 0.0485, 0.1031, 0.0479, 0.0377, 0.0018, 0.0122, 0.0458, 0.0094, 0.031, 0.0482, 0.0483, 0.0649, 0.0428, 0.0023, 0.0288, 0.0549, 0.0158, 0.0207, 0.0181, 0.0578, 0.0724, 0.0357, 0.0082, 0.0684, 0.0236, 0.0813, 0.0297, 0.0625, 0.1229, 0.1496, 0.0041, 0.0339, 0.014, 0.806, 0.0376, 0.0012, 0.1367, 0.018, 0.1591, 0.0096],
      [0.1492, 0.1511, 0.1651, 0.0338, 0.0119, 0.1591, 0.0219, 0.2088, 0.0259, 1.252, 0.3088, 0.0855, 0.0517, 0.0636, 0.0278, 0.0915, 0.2029, 0.0577, 0.0935, 0.1114, 0.1472, 0.0915, 0.0418, 0.0617, 0.0994, 0.2367, 0.0338, 0.0278, 0.1293, 0, 0.0736, 0.0159, 0.1472, 0.0497, 0.1909, 0.0557, 0.1452, 0.2367, 0.3043, 0.1153, 0.0716, 0.0278, 0.0418, 0.0636, 0.0358, 0.2745, 0.0398, 0.3242, 0],
      [3.1717, 3.3688, 4.3872, 0.9308, 0.2486, 3.4779, 0.5549, 3.9058, 0, 0.8922, 3.7855, 2.5528, 1.134, 1.1281, 0.1061, 2.0194, 4.5452, 1.322, 2.6195, 2.4409, 3.4839, 1.977, 0.7854, 1.1432, 2.0013, 4.3607, 0.655, 0.0636, 2.5805, 1.237, 1.5616, 0.5578, 2.7838, 1.128, 3.9243, 1.2947, 2.6292, 1.8238, 5.598, 2.3894, 2.8051, 0.5095, 0.8278, 1.51, 0.0424, 1.2729, 0.8854, 8.3107, 0.7384],
      [18.6347, 19.5222, 22.6416, 2.4141, 1.5312, 17.3757, 3.4275, 28.5375, 2.988, 11.5691, 28.2701, 9.8988, 7.279, 5.568, 1.741, 11.5302, 4.6052, 6.7331, 10.2051, 11.3531, 16.1633, 9.0411, 4.0783, 6.2394, 12.1885, 21.8279, 6.0384, 6.2285, 13.3308, 6.6394, 15.0339, 2.1869, 15.8868, 6.1194, 19.369, 7.6251, 15.0999, 23.7257, 37.4929, 11.3931, 8.0868, 6.1015, 7.4253, 10.4456, 5.0365, 32.6546, 4.8754, 35.2289, 2.664],
      [31.7774, 29.298, 30.4841, 7.8254, 2.6236, 35.3492, 4.0086, 36.3122, 5.9025, 27.1126, 44.3805, 18.7005, 9.3568, 16.498, 8.35, 19.5652, 57.4973, 10.8265, 19.2708, 25.2835, 29.8331, 20.3883, 8.8449, 13.6232, 18.2704, 59.4745, 5.3337, 3.8991, 29.0388, 7.7364, 11.0141, 2.6792, 32.5177, 10.698, 44.6237, 9.0243, 35.7045, 52.672, 61.1552, 27.0945, 17.1273, 3.8289, 7.8961, 9.0022, 6.195, 64.1953, 7.1295, 72.2852, 3.5511],
      [21.1885, 23.5703, 25.2073, 5.7741, 1.5777, 23.5627, 2.974, 35.9226, 4.0704, 17.1257, 36.1519, 11.7145, 8.1407, 8.7405, 3.7629, 12.7479, 35.14, 10.0298, 14.763, 16.7628, 24.3076, 14.4593, 7.2474, 9.9037, 17.3854, 33.0845, 4.9185, 3.7629, 19.8629, 6.3147, 9.2811, 2.5519, 22.5962, 6.9813, 27.8107, 9.9705, 19.3587, 40.4189, 48.3, 17.0035, 7.8753, 3.5184, 4.003, 10.9409, 6.689, 39.4661, 7.052, 46.6919, 3.037]
    ]
  ],
  "V_est": [
    [902.4928, 2.5496, 21.6266, 1050.2776, 76.5309, 0.5225],
    [66.2351, 0, 1383.9484, 63.3474, 486.9987, 3.4704],
    [86.8253, 542.4378, 160.2306, 652.6504, 11971.8727, 1356.9832],
    [58.3555, 31.1598, 31.8634, 5450.2802, 318.1409, 160.2001],
    [259.6547, 108.5355, 77.8165, 1787.8011, 560.2238, 238.9684],
    [4.2957, 877.9615, 5.0425, 903.5913, 129.9741, 55.1348],
    [3.1408, 6.3558, 101.472, 594.0519, 1115.2589, 793.7206]
  ],
  "p_est": [
    [0.4394, 0.0012, 0.0105, 0.5113, 0.0373, 0.0003],
    [0.0331, 0, 0.6906, 0.0316, 0.243, 0.0017],
    [0.0059, 0.0367, 0.0108, 0.0442, 0.8105, 0.0919],
    [0.0096, 0.0052, 0.0053, 0.9009, 0.0526, 0.0265],
    [0.0856, 0.0358, 0.0257, 0.5894, 0.1847, 0.0788],
    [0.0022, 0.4443, 0.0026, 0.4573, 0.0658, 0.0279],
    [0.0012, 0.0024, 0.0388, 0.2273, 0.4266, 0.3036]
  ],
  "EI_Z": {},
  "EI_V": 11.456,
  "MAE_Z": {},
  "MAE_V": 177.3062,
  "MAE_p": 0.0528,
  "runtime": 1.6213
}
