{
  "X": [
    [38, 69, 2],
    [163, 197, 5],
    [3, 9, 1],
    [117, 162, 5],
    [79, 80, 5],
    [39, 53, 3],
    [39, 93, 7],
    [37, 55, 2],
    [214, 371, 20],
    [145, 131, 5],
    [8, 6, 0],
    [182, 337, 14],
    [21, 14, 1],
    [272, 380, 7],
    [120, 84, 5],
    [204, 287, 17],
    [6, 16, 1],
    [18, 21, 2],
    [130, 98, 4],
    [194, 158, 6],
    [293, 226, 10],
    [973, 944, 43],
    [166, 238, 16],
    [73, 58, 2],
    [101, 141, 2],
    [95, 111, 1],
    [183, 175, 8],
    [17, 25, 0],
    [188, 156, 4],
    [96, 136, 11],
    [38, 41, 5],
    [48, 68, 7],
    [48, 57, 5],
    [8, 10, 0],
    [14, 29, 1],
    [9, 4, 1],
    [47, 24, 0],
    [64, 53, 3],
    [17, 30, 2],
    [42, 62, 1],
    [38, 41, 0],
    [20, 45, 1],
    [15, 14, 2],
    [3, 11, 0],
    [4, 10, 2],
    [3, 8, 0],
    [10, 24, 3],
    [23, 27, 2],
    [24, 18, 2],
    [15, 10, 0],
    [12, 22, 0],
    [8, 23, 1],
    [4, 7, 2],
    [56, 66, 2],
    [8, 28, 1],
    [48, 57, 2],
    [3, 10, 3],
    [5, 15, 1],
    [10, 17, 0],
    [14, 22, 3],
    [48, 43, 1],
    [33, 50, 2],
    [6, 3, 2],
    [14, 5, 0],
    [91, 133, 8],
    [47, 79, 3],
    [13, 26, 4],
    [60, 52, 0],
    [35, 41, 5],
    [19, 20, 0],
    [81, 57, 1],
    [17, 21, 3],
    [66, 72, 4],
    [25, 17, 0],
    [65, 79, 5],
    [55, 78, 2],
    [6, 8, 1],
    [5, 6, 0],
    [4, 7, 0],
    [30, 15, 1],
    [6, 4, 0],
    [17, 24, 0],
    [32, 25, 2],
    [27, 33, 1],
    [55, 37, 0],
    [51, 61, 3],
    [109, 124, 5],
    [5, 3, 0],
    [17, 17, 1],
    [6, 7, 0],
    [21, 42, 3],
    [18, 9, 1],
    [56, 72, 4],
    [21, 17, 0],
    [55, 80, 2],
    [39, 59, 1],
    [34, 44, 2],
    [20, 19, 0],
    [39, 54, 1],
    [33, 57, 1],
    [14, 35, 0],
    [3, 5, 0],
    [48, 59, 2],
    [48, 45, 3],
    [17, 10, 2],
    [11, 12, 0],
    [14, 12, 0],
    [18, 49, 1],
    [56, 51, 3],
    [98, 75, 0],
    [2, 4, 0],
    [11, 19, 1],
    [40, 26, 1],
    [20, 8, 1],
    [10, 17, 1],
    [35, 79, 0],
    [125, 75, 0],
    [5, 5, 0],
    [34, 14, 0],
    [41, 71, 2],
    [38, 42, 2],
    [36, 18, 0],
    [45, 56, 0],
    [57, 38, 0],
    [54, 85, 2],
    [2, 6, 0],
    [19, 25, 0],
    [7, 7, 0],
    [52, 29, 0],
    [78, 76, 4],
    [51, 51, 3],
    [50, 42, 5],
    [7, 18, 2],
    [25, 22, 0],
    [66, 72, 3],
    [24, 26, 1],
    [10, 9, 1],
    [14, 11, 0],
    [56, 86, 4],
    [54, 78, 3],
    [39, 34, 1],
    [34, 47, 4],
    [57, 86, 6],
    [3, 2, 1],
    [3, 5, 0],
    [1, 5, 0],
    [4, 2, 0],
    [5, 9, 0],
    [4, 7, 1],
    [24, 33, 5],
    [12, 10, 0],
    [11, 12, 1],
    [19, 19, 0],
    [40, 54, 2],
    [33, 31, 1],
    [21, 17, 2],
    [9, 13, 0],
    [11, 6, 0],
    [37, 29, 0],
    [51, 51, 2],
    [13, 15, 1],
    [15, 26, 0],
    [37, 31, 2],
    [13, 1, 0],
    [46, 74, 3],
    [12, 22, 0],
    [32, 47, 3],
    [23, 34, 1],
    [50, 64, 7],
    [15, 25, 0],
    [14, 28, 2],
    [10, 4, 0],
    [11, 7, 1],
    [12, 7, 1],
    [15, 15, 2],
    [17, 28, 3],
    [17, 9, 0],
    [39, 82, 3],
    [6, 17, 0],
    [13, 11, 3],
    [13, 11, 0],
    [9, 25, 1],
    [10, 26, 1],
    [11, 6, 1],
    [143, 121, 1],
    [1251, 1558, 89],
    [708, 819, 46],
    [22, 25, 0]
  ],
  "W": [
    [5, 65, 14, 8, 16, 1],
    [16, 215, 59, 25, 28, 22],
    [1, 7, 1, 2, 1, 1],
    [11, 157, 46, 28, 21, 21],
    [5, 83, 37, 13, 14, 12],
    [9, 55, 13, 5, 7, 6],
    [7, 80, 9, 12, 22, 9],
    [3, 62, 11, 5, 6, 7],
    [15, 413, 87, 12, 39, 39],
    [7, 167, 78, 4, 13, 12],
    [0, 6, 3, 2, 1, 2],
    [28, 347, 78, 18, 35, 27],
    [2, 18, 9, 2, 4, 1],
    [31, 436, 106, 19, 37, 30],
    [9, 105, 71, 6, 3, 15],
    [36, 314, 78, 14, 35, 31],
    [1, 21, 0, 0, 0, 1],
    [1, 21, 13, 0, 3, 3],
    [3, 110, 62, 11, 32, 14],
    [14, 183, 108, 13, 27, 13],
    [24, 266, 160, 19, 29, 31],
    [71, 1038, 526, 66, 129, 130],
    [11, 250, 78, 19, 39, 23],
    [4, 58, 41, 5, 9, 16],
    [10, 139, 44, 21, 18, 12],
    [13, 96, 48, 15, 20, 15],
    [13, 199, 110, 9, 20, 15],
    [0, 28, 6, 3, 4, 1],
    [14, 179, 77, 28, 30, 20],
    [6, 151, 31, 23, 13, 19],
    [7, 36, 8, 18, 7, 8],
    [3, 73, 10, 21, 7, 9],
    [4, 63, 13, 14, 11, 5],
    [0, 10, 3, 1, 0, 4],
    [1, 28, 4, 1, 7, 3],
    [1, 4, 1, 6, 2, 0],
    [4, 26, 31, 3, 7, 0],
    [6, 67, 29, 2, 10, 6],
    [2, 38, 2, 1, 3, 3],
    [2, 66, 12, 8, 11, 6],
    [2, 39, 11, 6, 13, 8],
    [2, 43, 7, 4, 7, 3],
    [1, 15, 4, 2, 4, 5],
    [1, 3, 1, 2, 6, 1],
    [0, 9, 0, 0, 3, 4],
    [0, 7, 3, 1, 0, 0],
    [2, 21, 4, 1, 5, 4],
    [1, 30, 8, 4, 4, 5],
    [2, 19, 13, 5, 3, 2],
    [3, 7, 2, 8, 3, 2],
    [1, 20, 7, 3, 3, 0],
    [3, 21, 5, 1, 2, 0],
    [2, 6, 2, 3, 0, 0],
    [3, 69, 35, 4, 4, 9],
    [4, 26, 0, 3, 3, 1],
    [11, 62, 18, 5, 6, 5],
    [0, 9, 2, 2, 2, 1],
    [1, 13, 0, 4, 1, 2],
    [1, 16, 1, 3, 4, 2],
    [0, 20, 2, 3, 10, 4],
    [1, 52, 30, 5, 2, 2],
    [0, 55, 7, 6, 8, 9],
    [1, 2, 3, 2, 1, 2],
    [0, 11, 5, 0, 1, 2],
    [3, 151, 39, 7, 19, 13],
    [2, 82, 23, 1, 18, 3],
    [0, 25, 3, 2, 10, 3],
    [2, 69, 18, 2, 11, 10],
    [2, 51, 9, 6, 7, 6],
    [0, 23, 9, 1, 2, 4],
    [5, 71, 45, 0, 16, 2],
    [3, 20, 5, 3, 4, 6],
    [9, 77, 45, 1, 6, 4],
    [5, 20, 10, 2, 4, 1],
    [5, 90, 26, 4, 13, 11],
    [1, 87, 16, 7, 15, 9],
    [2, 6, 2, 0, 4, 1],
    [1, 7, 1, 1, 1, 0],
    [0, 8, 3, 0, 0, 0],
    [2, 24, 4, 6, 9, 1],
    [1, 3, 1, 3, 2, 0],
    [0, 23, 6, 4, 6, 2],
    [1, 40, 9, 0, 2, 7],
    [0, 43, 11, 0, 3, 4],
    [4, 56, 27, 1, 0, 4],
    [2, 71, 17, 6, 11, 8],
    [4, 157, 48, 4, 13, 12],
    [0, 3, 1, 3, 0, 1],
    [3, 20, 8, 0, 2, 2],
    [0, 7, 4, 1, 0, 1],
    [2, 45, 12, 2, 0, 5],
    [1, 19, 2, 2, 0, 4],
    [5, 93, 17, 4, 9, 4],
    [1, 21, 4, 5, 5, 2],
    [5, 102, 15, 3, 8, 4],
    [2, 64, 15, 2, 8, 8],
    [6, 49, 12, 3, 3, 7],
    [0, 26, 6, 4, 1, 2],
    [5, 67, 11, 2, 4, 5],
    [1, 62, 8, 7, 5, 8],
    [1, 33, 3, 10, 1, 1],
    [1, 3, 2, 0, 1, 1],
    [3, 71, 21, 3, 4, 7],
    [1, 58, 19, 8, 6, 4],
    [1, 14, 8, 1, 4, 1],
    [0, 8, 4, 4, 6, 1],
    [1, 9, 5, 3, 5, 3],
    [2, 46, 13, 1, 4, 2],
    [6, 46, 31, 7, 9, 11],
    [8, 88, 58, 2, 5, 12],
    [0, 5, 0, 0, 1, 0],
    [0, 23, 2, 2, 4, 0],
    [5, 27, 20, 1, 8, 6],
    [3, 11, 6, 3, 4, 2],
    [1, 16, 4, 2, 5, 0],
    [3, 71, 22, 3, 9, 6],
    [4, 99, 59, 9, 20, 9],
    [0, 4, 2, 3, 1, 0],
    [2, 24, 17, 2, 1, 2],
    [1, 74, 24, 1, 9, 5],
    [1, 45, 25, 3, 7, 1],
    [1, 28, 13, 5, 4, 3],
    [2, 72, 15, 4, 6, 2],
    [8, 46, 21, 7, 8, 5],
    [3, 88, 24, 4, 9, 13],
    [0, 6, 0, 1, 0, 1],
    [0, 28, 5, 3, 3, 5],
    [0, 5, 2, 2, 3, 2],
    [4, 31, 36, 1, 5, 4],
    [4, 87, 36, 7, 18, 6],
    [0, 59, 23, 6, 8, 9],
    [5, 47, 23, 5, 8, 9],
    [0, 19, 2, 2, 1, 3],
    [2, 26, 9, 3, 4, 3],
    [2, 79, 35, 0, 14, 11],
    [0, 32, 7, 3, 8, 1],
    [1, 11, 3, 2, 2, 1],
    [0, 14, 1, 6, 2, 2],
    [4, 94, 18, 5, 13, 12],
    [2, 89, 25, 1, 5, 13],
    [2, 48, 14, 1, 3, 6],
    [0, 57, 12, 1, 8, 7],
    [2, 93, 26, 4, 15, 9],
    [1, 2, 0, 1, 2, 0],
    [0, 6, 1, 1, 0, 0],
    [0, 3, 1, 0, 2, 0],
    [0, 4, 0, 1, 1, 0],
    [2, 7, 1, 0, 3, 1],
    [0, 7, 1, 1, 1, 2],
    [2, 37, 12, 2, 4, 5],
    [1, 10, 5, 3, 2, 1],
    [0, 17, 1, 3, 1, 2],
    [2, 20, 5, 4, 6, 1],
    [0, 63, 9, 9, 8, 7],
    [6, 27, 11, 3, 7, 11],
    [2, 20, 7, 6, 3, 2],
    [1, 16, 1, 3, 1, 0],
    [1, 6, 7, 1, 1, 1],
    [1, 42, 18, 0, 3, 2],
    [3, 57, 22, 8, 9, 5],
    [1, 14, 4, 1, 4, 5],
    [2, 24, 9, 1, 4, 1],
    [4, 32, 10, 5, 7, 12],
    [0, 4, 2, 5, 2, 1],
    [4, 77, 10, 5, 17, 10],
    [0, 24, 5, 2, 1, 2],
    [4, 46, 17, 1, 8, 6],
    [4, 34, 5, 4, 8, 3],
    [6, 72, 9, 8, 18, 8],
    [0, 22, 3, 5, 6, 4],
    [2, 23, 8, 5, 3, 3],
    [1, 6, 1, 4, 1, 1],
    [2, 8, 3, 2, 1, 3],
    [1, 9, 4, 4, 1, 1],
    [1, 13, 7, 2, 3, 6],
    [6, 23, 5, 4, 7, 3],
    [0, 11, 8, 4, 2, 1],
    [1, 94, 12, 8, 6, 3],
    [1, 14, 4, 0, 2, 2],
    [1, 10, 3, 5, 5, 3],
    [0, 14, 5, 2, 1, 2],
    [1, 26, 3, 1, 3, 1],
    [1, 19, 4, 2, 6, 5],
    [0, 8, 3, 3, 4, 0],
    [16, 126, 81, 6, 12, 24],
    [145, 1761, 542, 70, 137, 243],
    [55, 928, 281, 74, 105, 130],
    [2, 27, 3, 7, 4, 4]
  ],
  "method": "mult",
  "cond_prob": [
    [
      [0.35105777537, 0.59369982072, 0.055242403918],
      [0.16921465755, 0.82319185352, 0.007593488922],
      [0.9820083823, 0.017696220364, 0.00029539733274],
      [0.74173621623, 0.21951290313, 0.038750880647],
      [0.31533635058, 0.63725027695, 0.047413372473],
      [0.51836969095, 0.32417567597, 0.15745463309]
    ],
    [
      [0.42580737552, 0.53973160695, 0.034461017534],
      [0.24746614074, 0.74785400484, 0.0046798544233],
      [0.99124593367, 0.0087180352077, 3.6031119318e-05],
      [0.80076950578, 0.17741556687, 0.021814927344],
      [0.39129919783, 0.57882017649, 0.029880625678],
      [0.61466983917, 0.29177113902, 0.09355902181]
    ],
    [
      [0.19656462187, 0.65674579671, 0.14668958141],
      [0.038533449112, 0.95723805675, 0.0042284941357],
      [0.96964014677, 0.030359853232, 0],
      [0.56952842228, 0.30870228577, 0.12176929195],
      [0.17662955641, 0.7002654882, 0.12310495539],
      [0.24837468661, 0.29455789304, 0.45706742035]
    ],
    [
      [0.36952551609, 0.59075090273, 0.039723581174],
      [0.17839130788, 0.81698685694, 0.0046218351851],
      [0.9801208691, 0.019879130895, 0],
      [0.75662961946, 0.21609411908, 0.027276261465],
      [0.33504367266, 0.63081109391, 0.034145233434],
      [0.55336559701, 0.33441405728, 0.11222034571]
    ],
    [
      [0.39513375121, 0.53353546141, 0.071330787384],
      [0.22743108124, 0.76145020677, 0.011118711982],
      [0.98767410135, 0.011888826064, 0.00043707258315],
      [0.77127486297, 0.18199430779, 0.046730829241],
      [0.36337588658, 0.57458135506, 0.062042758354],
      [0.54081451, 0.27350033284, 0.18568515716]
    ],
    [
      [0.39878311519, 0.53044070811, 0.070776176704],
      [0.2331806418, 0.75625350345, 0.010565854752],
      [0.98989690382, 0.0097528215193, 0.00035027465907],
      [0.77586731895, 0.17830353893, 0.045829142117],
      [0.36740800328, 0.5710509342, 0.061541062525],
      [0.54436071618, 0.26940500391, 0.18623427991]
    ],
    [
      [0.29188799765, 0.6080549936, 0.10005700875],
      [0.13261202706, 0.85401314681, 0.01337482613],
      [0.98103617814, 0.018235952597, 0.00072786926133],
      [0.67524555034, 0.24758254337, 0.077171906286],
      [0.25984766544, 0.65427075203, 0.085881582528],
      [0.41098900053, 0.32149918459, 0.26751181488]
    ],
    [
      [0.40962819942, 0.53865143732, 0.051720363256],
      [0.23616269252, 0.75699512649, 0.0068421809875],
      [0.99029135618, 0.009571576052, 0.00013706776602],
      [0.78790861591, 0.17907519392, 0.033016190171],
      [0.37643370989, 0.57877526633, 0.044791023772],
      [0.57681117265, 0.28243327733, 0.14075555001]
    ],
    [
      [0.36242473483, 0.54909246053, 0.088482804642],
      [0.19791700616, 0.78740408454, 0.014678909308],
      [0.98540677192, 0.013775959846, 0.0008172682326],
      [0.74192100034, 0.19693407223, 0.061144927431],
      [0.3325222734, 0.59046897296, 0.077008753641],
      [0.49287424645, 0.28142868871, 0.22569706484]
    ],
    [
      [0.44196533831, 0.49385013587, 0.064184525817],
      [0.28912124771, 0.70075719852, 0.010121553773],
      [0.99974893512, 0, 0.00025106488329],
      [0.80378411757, 0.15688584571, 0.039330036717],
      [0.41028765236, 0.53355675404, 0.056155593596],
      [0.59114178122, 0.24606797589, 0.16279024289]
    ],
    [
      [0.443212731, 0.556787269, 0],
      [0.2524464015, 0.7475535985, 0],
      [1, 0, 0],
      [0.84090739178, 0.15909260822, 0],
      [0.40518004994, 0.59481995006, 0],
      [0.69916337874, 0.30083662126, 0]
    ],
    [
      [0.3438554206, 0.58445736366, 0.071687215738],
      [0.16824018745, 0.82118690975, 0.010572902807],
      [0.98119510011, 0.018320306693, 0.00048459319629],
      [0.73141675506, 0.2173162855, 0.051266959445],
      [0.31370394734, 0.62432928375, 0.061966768917],
      [0.49312391195, 0.31448644976, 0.19238963829]
    ],
    [
      [0.49297254099, 0.42057450611, 0.086452952895],
      [0.38206551294, 0.60648228627, 0.011452200789],
      [1, 0, 0],
      [0.83633480441, 0.11635956612, 0.047305629478],
      [0.46848649038, 0.45595174802, 0.0755617616],
      [0.59026011484, 0.1856437105, 0.22409617466]
    ],
    [
      [0.42293854881, 0.54498433364, 0.032077117541],
      [0.24285397752, 0.75266617632, 0.0044798461682],
      [0.99055892425, 0.0093514503063, 8.9625444568e-05],
      [0.79910703191, 0.18041201838, 0.020480949712],
      [0.38823578201, 0.58393691029, 0.027827307697],
      [0.61525224264, 0.29727616735, 0.087471590015]
    ],
    [
      [0.43716461287, 0.49156254713, 0.071272839996],
      [0.28939255032, 0.69921478477, 0.011392664905],
      [0.99970823257, 0, 0.00029176742913],
      [0.79953046506, 0.15654352663, 0.043926008313],
      [0.40418487863, 0.53341061559, 0.062404505779],
      [0.57935191745, 0.24125944453, 0.17938863802]
    ],
    [
      [0.39334985662, 0.52486300198, 0.081787141397],
      [0.2319328535, 0.75418837125, 0.013878775252],
      [0.9892052594, 0.010038432237, 0.00075630836415],
      [0.76709771657, 0.17909227218, 0.053810011252],
      [0.36308306589, 0.56553144896, 0.071385485142],
      [0.52926463202, 0.26470622957, 0.20602913841]
    ],
    [
      [0.38459802026, 0.46662929107, 0.14877268867],
      [0.24746746911, 0.73100159496, 0.021530935925],
      [0.99160919975, 0.0075588527098, 0.00083194753925],
      [0.76299477472, 0.14872649992, 0.088278725366],
      [0.35845868107, 0.51228591481, 0.12925540412],
      [0.41858512836, 0.18233721473, 0.39907765691]
    ],
    [
      [0.31926588052, 0.54925560329, 0.1314785162],
      [0.1482631202, 0.82967254042, 0.02206433938],
      [0.96191202922, 0.035736370708, 0.0023516000717],
      [0.70368841585, 0.20290923204, 0.093402352116],
      [0.28997358828, 0.59614582591, 0.11388058581],
      [0.39747715019, 0.25820358365, 0.34431926616]
    ],
    [
      [0.4647612376, 0.49032176691, 0.044916995492],
      [0.3144910076, 0.67916014386, 0.0063488485383],
      [1, 0, 0],
      [0.82446014697, 0.14884190587, 0.026697947156],
      [0.43825496964, 0.52266551565, 0.039079514715],
      [0.63703462898, 0.24706152925, 0.11590384176]
    ],
    [
      [0.43702453846, 0.50708400339, 0.05589145815],
      [0.27736504002, 0.71408311579, 0.0085518441843],
      [0.99990179611, 0, 9.8203886567e-05],
      [0.80291996223, 0.16242114872, 0.03465888905],
      [0.40514002351, 0.54608603331, 0.048773943182],
      [0.59674769335, 0.25906276382, 0.14418954284]
    ],
    [
      [0.44371550973, 0.5011793183, 0.05510517197],
      [0.28712724344, 0.70439371418, 0.0084790423747],
      [0.99992366141, 0, 7.6338594016e-05],
      [0.80692907387, 0.15914723561, 0.033923690521],
      [0.41092466359, 0.54090522961, 0.048170106795],
      [0.60447508188, 0.25461029848, 0.14091461965]
    ],
    [
      [0.40925223725, 0.53175596323, 0.058991799523],
      [0.23981534185, 0.75094483385, 0.0092398243052],
      [0.98991171567, 0.0097559054645, 0.00033237886543],
      [0.78318491646, 0.17859090036, 0.038224183171],
      [0.37692716867, 0.5716909741, 0.051381857229],
      [0.56928765099, 0.2776757517, 0.15303659731]
    ],
    [
      [0.35687514567, 0.54354251862, 0.099582335711],
      [0.19134911088, 0.79123926671, 0.017411622413],
      [0.98206335525, 0.016689374398, 0.0012472703543],
      [0.73411930831, 0.19670627565, 0.069174416046],
      [0.32643193179, 0.58666142814, 0.086906640065],
      [0.47639312045, 0.27357519482, 0.25003168473]
    ],
    [
      [0.41605895964, 0.55302655409, 0.030914486264],
      [0.23521496277, 0.76205840334, 0.00272663389],
      [0.9882413544, 0.011758645602, 0],
      [0.7962781768, 0.18394226991, 0.019779553294],
      [0.38105954208, 0.59232339679, 0.026617061124],
      [0.61027962674, 0.30348624996, 0.086234123296]
    ],
    [
      [0.37690028592, 0.6009994368, 0.022100277279],
      [0.17880965211, 0.81872399768, 0.0024663502074],
      [0.97947711545, 0.020522884554, 0],
      [0.76757153095, 0.21735883192, 0.01506963713],
      [0.3410474067, 0.64000783756, 0.018944755734],
      [0.58513391228, 0.34997387394, 0.064892213787]
    ],
    [
      [0.37400495109, 0.61529992653, 0.010695122382],
      [0.16972088041, 0.82941248617, 0.00086663341449],
      [0.97085951349, 0.029140486509, 0],
      [0.76937975286, 0.22329584139, 0.0073244057508],
      [0.33644952548, 0.65443336209, 0.0091171124379],
      [0.59825251108, 0.36937693784, 0.032370551082]
    ],
    [
      [0.39933865733, 0.52651283965, 0.074148503016],
      [0.23424395661, 0.75374344598, 0.012012597404],
      [0.98851412552, 0.01087106046, 0.000614814019],
      [0.77328400157, 0.17832458253, 0.048391415893],
      [0.36826225043, 0.56709860185, 0.06463914772],
      [0.54217968393, 0.26784516022, 0.18997515585]
    ],
    [
      [0.42601145186, 0.57398854814, 0],
      [0.22859747129, 0.77140252871, 0],
      [0.98998480848, 0.010015191519, 0],
      [0.81392595065, 0.18607404935, 0],
      [0.38729139669, 0.61270860331, 0],
      [0.66841851433, 0.33158148567, 0]
    ],
    [
      [0.47001602674, 0.50017544046, 0.029808532798],
      [0.30638497205, 0.68952306902, 0.0040919589251],
      [1, 0, 0],
      [0.83118755111, 0.15111168265, 0.017700766236],
      [0.43676560969, 0.53727024675, 0.025964143564],
      [0.66003229531, 0.26118399811, 0.078783706586]
    ],
    [
      [0.37076731138, 0.52690054532, 0.1023321433],
      [0.21420342531, 0.76745322056, 0.018343354133],
      [0.98744365922, 0.011421890978, 0.0011344498033],
      [0.74475214669, 0.18577777367, 0.069470079633],
      [0.34203000848, 0.56855599807, 0.089413993442],
      [0.48653873632, 0.25973500179, 0.25372626189]
    ],
    [
      [0.37178684136, 0.53154552137, 0.096667637275],
      [0.21394778559, 0.76958547358, 0.016466740829],
      [0.98769165769, 0.011355104697, 0.00095323761005],
      [0.74735066762, 0.18735311499, 0.065296217386],
      [0.34277330719, 0.57301699662, 0.084209696192],
      [0.49276417501, 0.26247355223, 0.24476227276]
    ],
    [
      [0.35843197963, 0.5228986371, 0.11866938327],
      [0.20883174131, 0.76960136024, 0.021566898445],
      [0.98775795597, 0.011021670398, 0.0012203736369],
      [0.73118624301, 0.1870494605, 0.081764296483],
      [0.3309703367, 0.56526212717, 0.10376753613],
      [0.45896710283, 0.25059050292, 0.29044239425]
    ],
    [
      [0.40082912017, 0.49134598232, 0.10782489751],
      [0.25532930035, 0.72511612621, 0.019554573436],
      [0.99228563152, 0.0066154746835, 0.0010988937926],
      [0.76944603511, 0.16124183196, 0.069312132929],
      [0.37312665426, 0.53215669147, 0.094716654273],
      [0.50691733983, 0.23103793894, 0.26204472123]
    ],
    [
      [0.38934044134, 0.61065955866, 0],
      [0.17399419231, 0.82600580769, 0],
      [0.98174858276, 0.018251417236, 0],
      [0.79595630501, 0.20404369499, 0],
      [0.35130028275, 0.64869971725, 0],
      [0.62971400589, 0.37028599411, 0]
    ],
    [
      [0.35938679965, 0.58825494712, 0.052358253232],
      [0.18197895075, 0.81307055846, 0.0049504907962],
      [0.98620169881, 0.013798301186, 0],
      [0.75498070421, 0.20934221509, 0.035677080705],
      [0.32379200777, 0.63187307454, 0.044334917694],
      [0.52629034187, 0.31937415816, 0.15433549997]
    ],
    [
      [0.4765066914, 0.37346186642, 0.15003144218],
      [0.34960637899, 0.62509306227, 0.025300558733],
      [0.99912545462, 0, 0.00087454538255],
      [0.86798425495, 0.051396334825, 0.080619410222],
      [0.45901840415, 0.40889393777, 0.13208765809],
      [0.48426462537, 0.13854371055, 0.37719166408]
    ],
    [
      [0.47970116632, 0.52029883368, 0],
      [0.32473906764, 0.67526093236, 0],
      [1, 0, 0],
      [0.84381410826, 0.15618589174, 0],
      [0.44379103588, 0.55620896412, 0],
      [0.71015789937, 0.28984210063, 0]
    ],
    [
      [0.47193978614, 0.45590417454, 0.072156039327],
      [0.3355661504, 0.65292857223, 0.011505277364],
      [0.99981014573, 0, 0.00018985426714],
      [0.8198418424, 0.13805742457, 0.042100733032],
      [0.44223022765, 0.49437526483, 0.063394507518],
      [0.60482483642, 0.2164155193, 0.17875964428]
    ],
    [
      [0.42911538148, 0.46735174564, 0.10353287288],
      [0.27829296105, 0.70371785993, 0.017989179016],
      [0.99251650315, 0.0068118767365, 0.00067162011198],
      [0.79186351016, 0.14613053895, 0.062005950889],
      [0.39989452006, 0.50933088035, 0.090774599596],
      [0.53001888015, 0.21209029927, 0.25789082058]
    ],
    [
      [0.41498724177, 0.56078280147, 0.024229956754],
      [0.22789905084, 0.7693463038, 0.0027546453595],
      [0.98934515, 0.010654850001, 0],
      [0.79732435354, 0.18725045884, 0.015425187613],
      [0.37881408663, 0.60039273684, 0.020793176531],
      [0.61849942992, 0.31189939507, 0.069601175004]
    ],
    [
      [0.45487379605, 0.54512620395, 0],
      [0.26172605942, 0.73827394058, 0],
      [0.99329600814, 0.0067039918638, 0],
      [0.82963255788, 0.17036744212, 0],
      [0.41810856063, 0.58189143937, 0],
      [0.69293417071, 0.30706582929, 0]
    ],
    [
      [0.32739580868, 0.63108040242, 0.041523788901],
      [0.13966019563, 0.8564509183, 0.0038888860695],
      [0.98059700041, 0.019394580374, 8.4192163397e-06],
      [0.72683150928, 0.24295850938, 0.03020998134],
      [0.29205375293, 0.67276637841, 0.035179868661],
      [0.50797955335, 0.36449631974, 0.1275241269]
    ],
    [
      [0.43976311949, 0.46437436145, 0.095862519061],
      [0.30050979049, 0.68269672826, 0.016793481247],
      [0.99913012607, 0, 0.00086987393378],
      [0.80469926106, 0.13840151451, 0.056899224428],
      [0.41493162105, 0.50081682019, 0.084251558757],
      [0.5573889025, 0.20302088097, 0.23959021652]
    ],
    [
      [0.16203671534, 0.83796328466, 0],
      [0.028460192983, 0.97153980702, 0],
      [0.95631209037, 0.04368790963, 0],
      [0.54881194236, 0.45118805764, 0],
      [0.055501705267, 0.94449829473, 0],
      [0.36563649903, 0.63436350097, 0]
    ],
    [
      [0.30101637607, 0.55684667419, 0.14213694975],
      [0.18033463823, 0.80125978893, 0.018405572832],
      [0.98783708817, 0.011076389834, 0.0010865219931],
      [0.69698560468, 0.20218498065, 0.10082941467],
      [0.27854926646, 0.59969619178, 0.12175454176],
      [0.38533511413, 0.24739333106, 0.36727155481]
    ],
    [
      [0.22091217739, 0.77908782261, 0],
      [0, 1, 0],
      [0.79010742344, 0.20989257656, 0],
      [0.62967772968, 0.37032227032, 0],
      [0.19321126926, 0.80678873074, 0],
      [0.45052693252, 0.54947306748, 0]
    ],
    [
      [0.26497695831, 0.59104683243, 0.14397620926],
      [0.11304768265, 0.86412515596, 0.022827161384],
      [0.97633687171, 0.022076587385, 0.0015865409039],
      [0.64705339943, 0.24026179354, 0.11268480703],
      [0.23636455081, 0.63933173956, 0.12430370964],
      [0.34045527684, 0.28651280476, 0.37303191839]
    ],
    [
      [0.40363542508, 0.51488797837, 0.081476596559],
      [0.24569792816, 0.74233659674, 0.011965475099],
      [0.99220805247, 0.0074804710103, 0.0003114765243],
      [0.77955027241, 0.16887669312, 0.051573034475],
      [0.37325722406, 0.55594997164, 0.070792804299],
      [0.53530646488, 0.25117273848, 0.21352079664]
    ],
    [
      [0.3825834773, 0.49369215964, 0.12372436306],
      [0.23930794386, 0.74023720803, 0.02045484811],
      [0.99295839422, 0.0056797147322, 0.0013618910511],
      [0.75584486765, 0.16432021814, 0.079834914211],
      [0.35544241453, 0.53661899966, 0.10793858581],
      [0.46698570268, 0.2214071735, 0.31160712382]
    ],
    [
      [0.47744226025, 0.52255773975, 0],
      [0.27833189756, 0.72166810244, 0],
      [0.99675556318, 0.0032444368198, 0],
      [0.86025265908, 0.13974734092, 0],
      [0.43762505445, 0.56237494555, 0],
      [0.71547118699, 0.28452881301, 0]
    ],
    [
      [0.32034112895, 0.67965887105, 0],
      [0.095606991202, 0.9043930088, 0],
      [0.96248444898, 0.037515551019, 0],
      [0.73020456678, 0.26979543322, 0],
      [0.27983806793, 0.72016193207, 0],
      [0.56658176767, 0.43341823233, 0]
    ],
    [
      [0.23875876278, 0.64047620696, 0.12076503026],
      [0.066007876732, 0.91822739226, 0.015764731012],
      [0.96555748505, 0.033443810378, 0.00099870457127],
      [0.63110286448, 0.27199693458, 0.09690020095],
      [0.21933400528, 0.67829007763, 0.10237591708],
      [0.32832732405, 0.30415886265, 0.3675138133]
    ],
    [
      [0.16015135676, 0.48205535308, 0.35779329016],
      [0.055854478444, 0.87897637786, 0.065169143694],
      [0.9577051864, 0.035393841139, 0.0069009724614],
      [0.476386681, 0.23041444813, 0.29319887086],
      [0.17416142698, 0.51644282162, 0.3093957514],
      [0.12927908921, 0.11353851844, 0.75718239235]
    ],
    [
      [0.36387813958, 0.5897981749, 0.046323685518],
      [0.17005038933, 0.82442261688, 0.0055269937946],
      [0.97122229432, 0.028777705677, 0],
      [0.75460487172, 0.21337696635, 0.032018161927],
      [0.33126575089, 0.62889580476, 0.039838444355],
      [0.53762510287, 0.32990379197, 0.13247110517]
    ],
    [
      [0.28624762389, 0.64305658533, 0.070695790772],
      [0.13785529748, 0.85617267269, 0.0059720298293],
      [0.98473698967, 0.014654107911, 0.00060890242072],
      [0.68769317959, 0.25824610491, 0.054060715506],
      [0.25920235082, 0.68064584127, 0.060151807916],
      [0.43008517866, 0.35060833025, 0.21930649109]
    ],
    [
      [0.42936711201, 0.52245342444, 0.048179463549],
      [0.25855602026, 0.73472036755, 0.0067236121914],
      [0.99337047324, 0.0065618429626, 6.7683795598e-05],
      [0.80096744645, 0.16897628724, 0.030056266309],
      [0.395009528, 0.56306443711, 0.041926034893],
      [0.5981851186, 0.27179366223, 0.13002121917]
    ],
    [
      [0.13809433656, 0.49317551007, 0.36873015338],
      [0, 0.90352367267, 0.096476327331],
      [0.94020346371, 0.046152149742, 0.013644386551],
      [0.39984829072, 0.25225746407, 0.34789424521],
      [0.1086134831, 0.56047089209, 0.33091562481],
      [0.10266952494, 0.15052593418, 0.74680454087]
    ],
    [
      [0.24946603487, 0.66174374914, 0.088790215991],
      [0.094946829819, 0.90493682337, 0.00011634681472],
      [0.98276960649, 0.016396138235, 0.00083425528024],
      [0.64052387821, 0.29073100493, 0.068745116852],
      [0.22442690974, 0.70065433873, 0.074918751534],
      [0.36485137745, 0.35524959432, 0.27989902824]
    ],
    [
      [0.41429134152, 0.58570865848, 0],
      [0.20974543113, 0.79025456887, 0],
      [0.99000245678, 0.0099975432222, 0],
      [0.8087505379, 0.1912494621, 0],
      [0.37352406218, 0.62647593782, 0],
      [0.6597157206, 0.3402842794, 0]
    ],
    [
      [0.36868573553, 0.50814877582, 0.12316548864],
      [0.2256069925, 0.75213314528, 0.022259862215],
      [0.9900620948, 0.0088285917719, 0.0011093134281],
      [0.74601861778, 0.17252855589, 0.081452826332],
      [0.34216256357, 0.54909383574, 0.10874360069],
      [0.46201361783, 0.23278897143, 0.30519741074]
    ],
    [
      [0.40608964962, 0.54064651803, 0.053263832354],
      [0.23292785966, 0.75970342135, 0.0073687189984],
      [0.9891292634, 0.010870736602, 0],
      [0.78516108624, 0.18089568022, 0.033943233541],
      [0.37316942452, 0.58082796872, 0.046002606764],
      [0.56781973306, 0.28125956769, 0.15092069925]
    ],
    [
      [0.41259740968, 0.53982055603, 0.047582034293],
      [0.23678549329, 0.75734818599, 0.0058663207266],
      [0.99042219305, 0.0094541313926, 0.00012367556224],
      [0.79110453848, 0.17873588457, 0.030159576949],
      [0.37882134986, 0.58013263307, 0.041046017069],
      [0.58518272091, 0.28513271988, 0.12968455921]
    ],
    [
      [0.31975805335, 0.44898562588, 0.23125632078],
      [0.20716521481, 0.7426605318, 0.05017425339],
      [0.97623974677, 0, 0.023760253232],
      [0.69840947989, 0.13752507647, 0.16406544364],
      [0.29839181894, 0.49879504113, 0.20281313993],
      [0.320990749, 0.14592405823, 0.53308519277]
    ],
    [
      [0.68828407748, 0.31171592252, 0],
      [0.59796102208, 0.40203897792, 0],
      [1, 0, 0],
      [0.9317725022, 0.068227497797, 0],
      [0.66224562915, 0.33775437085, 0],
      [0.88009156401, 0.11990843599, 0]
    ],
    [
      [0.37770348811, 0.52615203605, 0.096144475841],
      [0.21851796017, 0.76494852206, 0.016533517769],
      [0.9874430906, 0.011579053701, 0.00097785570089],
      [0.75244226453, 0.18313331732, 0.064424418156],
      [0.34795089232, 0.56805758073, 0.083991526942],
      [0.49863340084, 0.26059282394, 0.24077377523]
    ],
    [
      [0.36193676993, 0.56100637947, 0.077056850605],
      [0.18909252933, 0.79920503701, 0.011702433669],
      [0.98305737323, 0.01639698068, 0.00054564608505],
      [0.74643399293, 0.20062892924, 0.05293707783],
      [0.32817448575, 0.60515644804, 0.066669066208],
      [0.50221491154, 0.290866219, 0.20691886946]
    ],
    [
      [0.31475005406, 0.50700318835, 0.17824675759],
      [0.18730330951, 0.7765133407, 0.036183349781],
      [0.98660447228, 0.011114918906, 0.0022806088162],
      [0.68581955462, 0.18713865361, 0.12704179177],
      [0.2887032204, 0.55254633151, 0.15875044809],
      [0.36631084402, 0.21802703446, 0.41566212152]
    ],
    [
      [0.54484987936, 0.45515012064, 0],
      [0.37469730414, 0.62530269586, 0],
      [1, 0, 0],
      [0.87429106187, 0.12570893813, 0],
      [0.51164480554, 0.48835519446, 0],
      [0.76795112711, 0.23204887289, 0]
    ],
    [
      [0.41693953351, 0.44715799124, 0.13590247525],
      [0.29104590318, 0.6797390722, 0.029215024614],
      [0.99525308441, 0.0028552433696, 0.0018916722225],
      [0.77541522231, 0.14031827556, 0.084266502125],
      [0.39240793609, 0.48697478825, 0.12061727566],
      [0.49435920409, 0.19376016227, 0.31188063364]
    ],
    [
      [0.44136780692, 0.55863219308, 0],
      [0.24780068167, 0.75219931833, 0],
      [0.99298447993, 0.0070155200669, 0],
      [0.82409131572, 0.17590868428, 0],
      [0.40311778308, 0.59688221692, 0],
      [0.6833492801, 0.3166507199, 0]
    ],
    [
      [0.49259072353, 0.47749985726, 0.029909419206],
      [0.34899171011, 0.64714869486, 0.0038595950314],
      [1, 0, 0],
      [0.83973400155, 0.14311807405, 0.017147924394],
      [0.46309639219, 0.51089209964, 0.026011508173],
      [0.67454634471, 0.2453348923, 0.080118762985]
    ],
    [
      [0.37253927693, 0.51724405424, 0.11021666883],
      [0.22181226037, 0.75852135271, 0.019666386917],
      [0.98944760383, 0.0092275108605, 0.0013248853121],
      [0.75100646447, 0.17615339975, 0.072840135774],
      [0.34408494928, 0.55974147475, 0.09617357597],
      [0.47825662535, 0.24404618841, 0.27769718624]
    ],
    [
      [0.35449277456, 0.54219713975, 0.10331008569],
      [0.18700878216, 0.79559390975, 0.017397308088],
      [0.97400876777, 0.024531049777, 0.0014601824536],
      [0.73568525304, 0.19334439379, 0.07097035317],
      [0.32751523477, 0.5827091244, 0.089775640837],
      [0.46967939782, 0.26649957781, 0.26382102437]
    ],
    [
      [0.54750902452, 0.45249097548, 0],
      [0.38645113417, 0.61354886583, 0],
      [1, 0, 0],
      [0.87659897687, 0.12340102313, 0],
      [0.50522169384, 0.49477830616, 0],
      [0.75934746498, 0.24065253502, 0]
    ],
    [
      [0.41249166788, 0.50677074491, 0.080737587209],
      [0.25572781424, 0.73077041734, 0.013501768422],
      [0.99281471859, 0.00651779172, 0.00066748968615],
      [0.78184708038, 0.16685597212, 0.051296947501],
      [0.38231039612, 0.54709876817, 0.070590835709],
      [0.5464938386, 0.24978529596, 0.20372086544]
    ],
    [
      [0.42725317856, 0.53598920572, 0.03675761572],
      [0.24923479983, 0.74594942275, 0.0048157774248],
      [0.99137560373, 0.0085498825471, 7.4513722928e-05],
      [0.8023944928, 0.17458868816, 0.023016819043],
      [0.39302373456, 0.57522046318, 0.031755802267],
      [0.61279912319, 0.28657612554, 0.10062475127]
    ],
    [
      [0.38049998777, 0.50722528998, 0.11227472226],
      [0.22910949569, 0.75766810927, 0.01322239504],
      [0.99273708019, 0.0072629198105, 0],
      [0.76790054634, 0.16209391739, 0.07000553627],
      [0.35318509891, 0.55116519532, 0.095649705767],
      [0.46612849428, 0.22035414354, 0.31351736218]
    ],
    [
      [0.50589053757, 0.49410946243, 0],
      [0.30818178037, 0.69181821963, 0],
      [0.9985540231, 0.0014459768953, 0],
      [0.87465556518, 0.12534443482, 0],
      [0.46362741153, 0.53637258847, 0],
      [0.7446059028, 0.2553940972, 0]
    ],
    [
      [0.35078242648, 0.64921757352, 0],
      [0.13431539403, 0.86568460597, 0],
      [0.97515894927, 0.024841050734, 0],
      [0.78119193931, 0.21880806069, 0],
      [0.31336601853, 0.68663398147, 0],
      [0.60944306479, 0.39055693521, -0]
    ],
    [
      [0.64466722424, 0.30429878662, 0.051033989146],
      [0.52963460314, 0.46099924372, 0.0093661531457],
      [0.99981006276, 0, 0.0001899372362],
      [0.92082264712, 0.05567653689, 0.023500815987],
      [0.63620955408, 0.31807808966, 0.045712356261],
      [0.74937295565, 0.13065854936, 0.11996849499]
    ],
    [
      [0.49646070118, 0.50353929882, 0],
      [0.29683633686, 0.70316366314, 0],
      [1, 0, 0],
      [0.89493091936, 0.10506908064, 0],
      [0.46411876508, 0.53588123492, 0],
      [0.73506502035, 0.26493497965, 0]
    ],
    [
      [0.40003988864, 0.59996011136, 0],
      [0.194852175, 0.805147825, 0],
      [0.98483705708, 0.01516294292, 0],
      [0.79432501522, 0.20567498478, 0],
      [0.35772366787, 0.64227633213, 0],
      [0.64286778224, 0.35713221776, 0]
    ],
    [
      [0.54309926228, 0.38341075952, 0.073489978193],
      [0.41977440496, 0.56602216897, 0.014203426075],
      [0.99936262393, 0, 0.00063737606648],
      [0.85756124694, 0.10416897766, 0.0382697754],
      [0.51326352387, 0.42142749164, 0.065308984492],
      [0.66359055376, 0.16183535692, 0.17457408931]
    ],
    [
      [0.44950248505, 0.49817724657, 0.052320268387],
      [0.28712521786, 0.70605404042, 0.0068207417123],
      [0.99678338665, 0.003216613352, 0],
      [0.81444248135, 0.15450186883, 0.031055649822],
      [0.41691944504, 0.53766363298, 0.045416921983],
      [0.60956001091, 0.24782565398, 0.14261433511]
    ],
    [
      [0.54186191093, 0.45813808907, 0],
      [0.39131506172, 0.60868493828, 0],
      [1, 0, 0],
      [0.871725466, 0.128274534, 0],
      [0.49890705293, 0.50109294707, 0],
      [0.76179585855, 0.23820414145, 0]
    ],
    [
      [0.43281753378, 0.50341186988, 0.063770596338],
      [0.272317597, 0.71781529811, 0.0098671048857],
      [0.99448773278, 0.0051956667481, 0.00031660047686],
      [0.80039718417, 0.16028668478, 0.039316131046],
      [0.4019226252, 0.5424543423, 0.055623032502],
      [0.58374901322, 0.25140573571, 0.16484525107]
    ],
    [
      [0.436267899, 0.49604368129, 0.067688419708],
      [0.28012481112, 0.70894033969, 0.01093484919],
      [0.9963149651, 0.0032796826003, 0.00040535230009],
      [0.79980345046, 0.15847647906, 0.041720070487],
      [0.40507490311, 0.53570424257, 0.059220854321],
      [0.58225226596, 0.24639217572, 0.17135555832]
    ],
    [
      [0.4365455067, 0.5634544933, 0],
      [0.23632316429, 0.76367683571, 0],
      [0.99847740397, 0.0015225960272, 0],
      [0.8617305224, 0.1382694776, 0],
      [0.39339189682, 0.60660810318, 0],
      [0.70736153596, 0.29263846404, 0]
    ],
    [
      [0.43745440629, 0.48356071903, 0.078984874684],
      [0.28807631225, 0.70214891334, 0.0097747744122],
      [1, 0, 0],
      [0.80167448733, 0.15120021355, 0.047125299119],
      [0.40454114062, 0.52671822768, 0.068740631694],
      [0.55851412743, 0.22645156042, 0.21503431216]
    ],
    [
      [0.34367928115, 0.65632071885, 0],
      [0.1159228664, 0.8840771336, 0],
      [0.95815485384, 0.041845146165, 0],
      [0.76376152444, 0.23623847556, 0],
      [0.3070566538, 0.6929433462, 0],
      [0.59215899544, 0.40784100456, 0]
    ],
    [
      [0.29175171324, 0.58230446089, 0.12594382586],
      [0.12196749463, 0.8582209864, 0.019811518965],
      [0.97270116904, 0.025976314668, 0.0013225162903],
      [0.67366633451, 0.23098717832, 0.095346487173],
      [0.26932924542, 0.62201049815, 0.10866025643],
      [0.38164252349, 0.28835131151, 0.330006165]
    ],
    [
      [0.65978414493, 0.27682186824, 0.063393986835],
      [0.55238960061, 0.43228151663, 0.015328882757],
      [0.99941334306, 0, 0.00058665694276],
      [0.9153012901, 0.056436444098, 0.028262265801],
      [0.62777504024, 0.31532173211, 0.056903227651],
      [0.75384604428, 0.099239106891, 0.14691484883]
    ],
    [
      [0.44230523869, 0.46124620791, 0.096448553401],
      [0.29829760528, 0.6847391231, 0.016963271621],
      [0.99560338594, 0.0036671902979, 0.00072942376129],
      [0.79787169733, 0.14403263929, 0.058095663375],
      [0.41336831753, 0.50174088794, 0.084890794525],
      [0.55243432687, 0.21472243212, 0.23284324101]
    ],
    [
      [0.54772401154, 0.45227598846, 0],
      [0.37558306737, 0.62441693263, 0],
      [1, 0, 0],
      [0.88787312266, 0.11212687734, 0],
      [0.51704951576, 0.48295048424, 0],
      [0.77020919076, 0.22979080924, 0]
    ],
    [
      [0.45734491224, 0.492741229, 0.049913858766],
      [0.28899809008, 0.70330222654, 0.0076996833871],
      [0.99416037707, 0.0055881960788, 0.000251426848],
      [0.81743151412, 0.152797762, 0.029770723882],
      [0.42384858319, 0.53256781438, 0.043583602434],
      [0.61999534678, 0.24917700151, 0.13082765171]
    ],
    [
      [0.40619065071, 0.56861884136, 0.025190507939],
      [0.21808378409, 0.77939553175, 0.0025206841539],
      [0.98776387554, 0.012236124455, 0],
      [0.79188568916, 0.19178762537, 0.016326685478],
      [0.37022732941, 0.60817265454, 0.021600016043],
      [0.60852604624, 0.31861874139, 0.072855212372]
    ],
    [
      [0.41571344001, 0.5286087773, 0.055677782685],
      [0.24580033651, 0.74677959444, 0.0074200690542],
      [0.99156018578, 0.0083862240528, 5.3590172147e-05],
      [0.79137695296, 0.17340790718, 0.035215139855],
      [0.38252709459, 0.56906424654, 0.048408658873],
      [0.57729549988, 0.27258515127, 0.15011934885]
    ],
    [
      [0.50768485988, 0.49231514012, 0],
      [0.33047707659, 0.66952292341, 0],
      [1, 0, 0],
      [0.86456243358, 0.13543756642, 0],
      [0.4694626738, 0.5305373262, 0],
      [0.7399418003, 0.2600581997, 0]
    ],
    [
      [0.46286173533, 0.50631396171, 0.030824302961],
      [0.28558787322, 0.71025417661, 0.0041579501625],
      [0.99437018334, 0.0055602453678, 6.9571296041e-05],
      [0.82563041697, 0.15609274902, 0.01827683401],
      [0.42690808125, 0.54627068085, 0.026821237906],
      [0.65086772836, 0.26459388756, 0.084538384081]
    ],
    [
      [0.3940346922, 0.58025304549, 0.025712262318],
      [0.20432841708, 0.79332569291, 0.0023458900098],
      [0.98775291915, 0.012247080851, 0],
      [0.78236968367, 0.20078748212, 0.016842834217],
      [0.35841701174, 0.61955162356, 0.022031364699],
      [0.59586340643, 0.32903835681, 0.075098236758]
    ],
    [
      [0.2987425831, 0.7012574169, 0],
      [0.090252239667, 0.90974776033, 0],
      [0.97882865491, 0.021171345095, 0],
      [0.69835536843, 0.30164463157, 0],
      [0.26670714312, 0.73329285688, 0],
      [0.53618671576, 0.46381328424, 0]
    ],
    [
      [0.25638782946, 0.74361217054, 0],
      [0.046482949363, 0.95351705064, 0],
      [0.93279032745, 0.067209672546, 0],
      [0.73639167211, 0.26360832789, 0],
      [0.22201589447, 0.77798410553, 0],
      [0.51656677307, 0.48343322693, 0]
    ],
    [
      [0.4205535054, 0.52554292236, 0.053903572246],
      [0.25180040938, 0.74068989726, 0.0075096933599],
      [0.99244800822, 0.0074709150767, 8.1076707502e-05],
      [0.79429391398, 0.17180596236, 0.03390012366],
      [0.3875009014, 0.56567922511, 0.046819873487],
