{
  "Z_true": {},
  "V_true": [
    [505, 51, 1236, 34],
    [792, 130, 14484, 545],
    [192, 8711, 957, 979],
    [72, 586, 586, 319],
    [83, 531, 824, 1164]
  ],
  "p_true": [
    [0.2766, 0.0279, 0.6769, 0.0186],
    [0.0497, 0.0081, 0.908, 0.0342],
    [0.0177, 0.8037, 0.0883, 0.0903],
    [0.0461, 0.3749, 0.3749, 0.2041],
    [0.0319, 0.2041, 0.3167, 0.4473]
  ],
  "Z_est": [
    [
      [38.8062, 5.8172, 12.7043, 17.7981, 11.9508, 17.3817, 13.0363, 21.7271, 44.1109, 2.8969, 32.5821, 55.2781, 3.2703, 25.3483, 5.9948, 9.4151, 0.9991, 81.1237, 15.9746, 21.0029, 2.8969, 8.6908, 3.6212, 34.7634, 33.3149, 7.2424, 5.0938, 34.0391, 28.2419, 29.342, 5.7939, 46.4469, 22.922, 15.209, 22.5452, 72.768, 33.1397, 35.9729, 21.415, 76.4216, 5.9948, 65.7218, 19.6517, 110.8082, 18.8842],
      [3.3319, 0.6508, 0.8254, 1.4425, 0.9118, 0.9386, 0.704, 1.1733, 3.4817, 0.1564, 2.4314, 3.8264, 0.2457, 1.3689, 0.5779, 0.5084, 0.6106, 5.2939, 0.9789, 1.1342, 0.1564, 0.4693, 0.1956, 1.8773, 1.7991, 0.3911, 0.3797, 1.8382, 1.8901, 1.9636, 0.3129, 3.2295, 2.1019, 0.8213, 1.5323, 9.4965, 2.2029, 2.3515, 1.4102, 5.4859, 1.6209, 4.5508, 1.4355, 5.9839, 2.9328],
      [14.8619, 2.5321, 5.4703, 7.7594, 4.1373, 5.6797, 4.2598, 7.0996, 24.4074, 0.9466, 10.9864, 26.8955, 1.4841, 8.2829, 5.4273, 3.0765, 1.3041, 40.5824, 7.0465, 6.8629, 0.9466, 2.8398, 1.1833, 11.3594, 10.8861, 2.3665, 2.5265, 11.1227, 9.868, 10.6944, 1.8932, 19.3236, 10.9761, 4.9697, 10.9224, 53.7356, 17.6574, 16.6756, 9.1748, 50.0925, 3.3842, 28.7274, 9.9127, 36.208, 14.1831],
      [0, 0, 0, 0, 0, 0, 0, 0, 0, 0, 0, 0, 0, 0, 0, 0, 0.0862, 0, 0, 0, 0, 0, 0, 0, 0, 0, 0, 0, 0, 0, 0, 0, 0, 0, 0, 0, 0, 0, 0, 0, 0, 0, 0, 0, 0]
    ],
    [
      [6.8368, 0.7787, 2.3832, 0.0006, 1.5658, 14.1731, 7.441, 12.4284, 4.4482, 3.8492, 7.9736, 6.1317, 0.5197, 12.6829, 0, 2.5009, 0, 8.877, 3.6751, 5.9437, 10.2991, 2.366, 4.845, 12.4424, 10.8602, 6.4409, 0.1632, 35.5539, 6.4577, 6.2032, 3.4045, 6.5218, 3.1797, 3.5843, 1.559, 0, 1.6239, 2.3222, 2.9078, 0, 0, 8.8606, 1.0405, 71.1926, 0],
      [0, 1.4287, 0, 4.5771, 0.7599, 16.115, 0.2207, 13.3265, 8.4899, 1.3752, 5.5532, 6.2561, 0.2513, 0, 0, 0, 1.6986, 0, 5.6972, 2.8745, 5.2232, 0.1694, 5.1611, 15.125, 1.9392, 0.1122, 1.8045, 0.4295, 20.679, 0, 0, 0, 0.9278, 0.8953, 0.754, 6.9629, 0.7854, 1.1231, 0.7854, 0, 5.4587, 4.1835, 4.8788, 0.7361, 1.2173],
      [404.1881, 127.2551, 277.8362, 381.5002, 256.699, 389.436, 386.109, 768.4619, 512.9577, 30.7756, 469.0172, 395.9704, 30.5673, 100.3171, 149.6411, 151.4991, 40.3014, 339.1349, 371.5839, 349.6136, 260.1897, 195.2905, 66.6369, 634.4325, 477.5253, 168.7837, 166.7424, 1118.8232, 663.4779, 548.1795, 253.4473, 885.3026, 93.8925, 108.5082, 91.7019, 276.061, 95.5229, 136.5977, 95.5229, 317.0954, 222.5413, 712.0468, 223.5947, 1263.9979, 153.7827],
      [9.9751, 2.5376, 4.7806, 21.9222, 27.9753, 1.2759, 5.2293, 1.7832, 11.1042, 0, 8.4561, 8.6417, 0.6617, 0, 6.3589, 0, 0, 4.9881, 8.0439, 7.5683, 14.288, 9.1741, 2.357, 0, 4.6753, 6.6632, 4.2899, 22.1934, 16.3854, 1.6172, 2.1482, 21.1756, 0, 1.0122, 1.9851, 5.976, 2.0678, 2.957, 0.784, 1.9046, 0, 14.9092, 10.486, 58.0733, 0]
    ],
    [
      [4.1102, 0.3577, 0.8237, 3.7275, 2.3156, 3.2378, 2.279, 3.4748, 0.0421, 0.2235, 3.0683, 4.3514, 0.1791, 2.1578, 0.0052, 6.2282, 0.0009, 5.8014, 0.0172, 3.6482, 1.6221, 1.8228, 0.4873, 5.3674, 2.5447, 1.1958, 0.6339, 4.6362, 2.8354, 3.0814, 1.2145, 5.4217, 0.8224, 7.1555, 2.8277, 0.0627, 3.1892, 5.6309, 2.5795, 0.3726, 0.0052, 6.731, 2.1724, 17.4174, 0.0163],
      [135.8186, 27.5347, 61.6545, 291.5828, 182.1591, 256.8438, 173.5946, 275.1753, 518.8462, 12.4934, 481.5573, 346.0412, 39.709, 84.3721, 82.3159, 54.4131, 10.5798, 254.9949, 448.7463, 341.1201, 126.2832, 136.4853, 38.1197, 357.3477, 199.0091, 88.7527, 48.0919, 340.0981, 217.8381, 236.022, 90.2869, 415.5708, 66.5387, 110.3868, 127.1966, 307.2169, 98.4428, 157.38, 124.6697, 249.4453, 148.4358, 525.6503, 170.9329, 575.9373, 83.4051],
      [15.8137, 3.0382, 9.3373, 32.0388, 19.8861, 30.621, 25.9104, 29.7371, 60.9443, 1.381, 47.0993, 38.468, 8.217, 9.7338, 14.474, 9.7859, 1.1048, 37.3664, 52.3522, 27.3908, 13.9019, 21.9043, 4.1429, 38.3913, 22.0452, 12.6428, 5.4319, 55.3707, 24.2132, 32.8407, 14.3456, 52.3674, 6.9049, 8.0947, 18.8466, 32.5965, 7.3859, 18.1047, 16.3394, 41.7648, 15.6511, 63.2898, 20.5068, 78.364, 10.3768],
      [10.2575, 2.0695, 4.1846, 20.6509, 11.6392, 10.2974, 10.2159, 14.6128, 23.1674, 0.9021, 10.2751, 14.1394, 0.8949, 2.7363, 5.205, 1.5727, 0.3145, 10.8372, 17.8843, 35.8409, 9.1929, 9.7875, 2.2501, 15.8937, 11.4009, 8.4087, 4.8423, 28.895, 18.1133, 14.0559, 7.153, 30.64, 0.7339, 1.363, 3.1291, 7.1239, 2.9822, 5.8844, 2.4115, 10.4173, 5.908, 29.3289, 8.3878, 35.2814, 2.2018]
    ],
    [
      [0.0181, 0.0036, 0.0103, 0.0344, 0.032, 0.0145, 0.0151, 0.041, 0.038, 0.0018, 0.0616, 0.0495, 0.0024, 2.7574, 0, 0.0078, 0, 0.0193, 0.0223, 0.0302, 0.0175, 0.006, 0.0036, 0.0374, 0.0229, 0.0066, 0.0091, 0.0241, 0.0435, 0.0483, 0.0145, 0.038, 0.0091, 0.0048, 0.0109, 0.0193, 0.0115, 0.0097, 0.0084, 0.0235, 0, 0.0507, 0.0139, 0.0495, 0.0066],
      [11.7084, 2.3594, 6.4716, 25.7224, 23.0854, 10.9835, 10.3396, 27.1222, 26.9597, 1.1797, 39.972, 31.7594, 1.7764, 9.226, 8.0511, 5.0201, 0, 13.601, 13.3858, 20.6398, 12.2358, 4.8054, 2.4973, 25.073, 15.0939, 4.6735, 5.6622, 17.1735, 30.7815, 29.9063, 9.2168, 25.847, 7.4118, 3.8679, 7.4819, 14.2311, 7.5469, 7.1057, 6.0797, 15.9565, 17.7937, 34.2231, 9.6778, 34.0143, 4.6636],
      [13.0619, 2.5889, 7.9364, 21.1574, 22.133, 8.9534, 10.1492, 31.1709, 26.0176, 1.3088, 48.6598, 39.5449, 1.5799, 9.0596, 9.7834, 6.204, 0, 13.3934, 16.9708, 20.309, 11.8678, 2.7811, 2.4511, 27.5535, 16.8201, 3.9532, 6.8379, 12.5403, 29.8911, 39.1453, 10.8063, 25.3204, 7.3781, 2.9309, 8.0813, 13.0218, 9.0277, 6.492, 5.8112, 17.3999, 17.9263, 35.628, 9.4775, 32.751, 4.595],
      [5.2116, 1.0481, 2.5817, 10.0858, 7.7496, 4.0486, 4.4962, 9.6659, 9.9847, 0.5097, 13.3066, 10.6462, 0.6412, 2.9569, 3.1654, 1.768, 0, 4.9863, 6.621, 9.0211, 4.8789, 2.4075, 1.0481, 9.336, 6.0631, 2.3667, 2.4909, 10.2621, 11.2839, 10.9001, 3.9624, 11.7946, 0.2011, 1.1963, 2.426, 4.7278, 2.4139, 2.3926, 2.1007, 5.6201, 5.28, 14.0982, 3.8308, 15.1853, 1.7347]
    ],
    [
      [0.2286, 0.0429, 0.0786, 0.4394, 0.1358, 0.1929, 0.2286, 0.3287, 0.3608, 0.0286, 0.3144, 0.1893, 0.0286, 0.0536, 0, 1.848, 0, 0.1786, 0.3108, 0.3751, 0.1643, 0.1143, 0.0429, 0.3894, 0.2572, 0.1143, 0.1, 0.7467, 0.4216, 0.3251, 1.5725, 0.5716, 0.0667, 0.0464, 0.0572, 0.15, 0.0357, 0.0643, 0.0893, 0.1822, 0, 0.6359, 0.1215, 0.5323, 0.0929],
      [0.1411, 0.0264, 0.0485, 0.6752, 0.0838, 0.119, 0.1411, 0.2028, 0.2226, 0.7953, 0.4861, 0.1168, 0.0176, 0.0331, 0.0551, 0.0583, 0.111, 0.1102, 0.1918, 0.2314, 0.1014, 0.0705, 0.0264, 1.577, 0.1587, 0.0705, 0.0617, 0.4607, 1.8112, 1.1081, 0.1835, 0.3527, 0.0198, 0.0287, 0.0353, 0.0926, 0.022, 0.0397, 0.0551, 0.1124, 0.691, 0.3923, 0.0749, 0.3284, 0.7811],
      [15.0744, 2.5858, 4.4198, 27.5443, 5.1446, 14.3099, 16.5717, 24.5304, 22.673, 1.588, 21.2373, 9.1212, 2.1517, 3.6066, 4.6743, 6.4345, 1.2897, 11.5229, 21.0466, 21.8237, 8.0941, 5.1842, 2.5858, 29.2633, 18.7234, 6.2538, 6.4614, 55.1431, 26.5498, 23.14, 13.5076, 37.686, 2.8485, 3.4965, 3.4477, 9.5851, 1.4062, 3.13, 7.1518, 12.6474, 8.497, 45.308, 5.5083, 21.6792, 8.0625],
      [48.5559, 9.3449, 17.4531, 94.3411, 32.6359, 39.3781, 47.0586, 66.9381, 77.7436, 5.5882, 65.9622, 43.5727, 5.8021, 11.3068, 20.2706, 11.6592, 2.5993, 38.1883, 65.4509, 82.5698, 37.6402, 26.6309, 9.3449, 77.7703, 52.8607, 25.5614, 21.3769, 152.6495, 89.2174, 66.4268, 38.7364, 121.3897, 6.065, 9.4284, 12.4598, 32.1723, 8.5361, 14.766, 17.7038, 38.058, 25.812, 131.6637, 28.2953, 126.46, 17.0635]
    ]
  ],
  "V_est": [
    [1198.1597, 87.0219, 540.7322, 0.0862],
    [304.0381, 147.975, 15162.5621, 336.4248],
    [125.8953, 9119.0964, 1110.524, 483.4843],
    [3.6488, 642.3839, 670.4708, 246.4965],
    [12.258, 12.5228, 602.7109, 1974.5083]
  ],
  "p_est": [
    [0.6562, 0.0477, 0.2961, 0],
    [0.0191, 0.0093, 0.9506, 0.0211],
    [0.0116, 0.8413, 0.1025, 0.0446],
    [0.0023, 0.411, 0.429, 0.1577],
    [0.0047, 0.0048, 0.2316, 0.7588]
  ],
  "EI_Z": {},
  "EI_V": 8.9647,
  "MAE_Z": {},
  "MAE_V": 293.8702,
  "MAE_p": 0.0896,
  "runtime": 0.6454
}
