{
  "X": [
    [4, 14, 9, 0],
    [37, 451, 331, 71],
    [47, 271, 339, 55],
    [57, 541, 358, 56],
    [93, 887, 518, 76],
    [34, 375, 184, 32],
    [2, 17, 12, 6],
    [7, 23, 48, 4],
    [42, 830, 382, 104],
    [44, 313, 315, 54],
    [5, 49, 60, 15],
    [20, 215, 165, 47],
    [11, 242, 113, 37],
    [78, 195, 415, 44],
    [8, 31, 27, 2],
    [33, 281, 509, 57],
    [9, 27, 27, 7],
    [18, 123, 138, 16],
    [111, 973, 1992, 155],
    [4, 28, 8, 4],
    [12, 139, 61, 17],
    [4, 59, 43, 10],
    [1, 16, 10, 4],
    [4, 12, 15, 4],
    [10, 103, 101, 15],
    [13, 88, 187, 18],
    [12, 9, 29, 2],
    [10, 54, 58, 5],
    [89, 418, 851, 58],
    [80, 186, 153, 26],
    [20, 323, 118, 37],
    [47, 520, 237, 80],
    [14, 224, 66, 23],
    [27, 497, 276, 57],
    [28, 278, 289, 53],
    [26, 270, 174, 42],
    [48, 389, 300, 74],
    [137, 515, 1065, 108],
    [2, 22, 14, 7],
    [2, 23, 13, 5],
    [3, 7, 8, 2],
    [0, 17, 25, 2],
    [2, 34, 37, 4],
    [11, 69, 109, 5],
    [11, 16, 36, 4],
    [49, 150, 222, 13],
    [105, 355, 614, 74],
    [9, 32, 53, 6],
    [1, 8, 7, 0],
    [1, 9, 5, 2],
    [50, 294, 490, 47],
    [91, 902, 676, 106],
    [26, 239, 164, 33],
    [218, 1216, 939, 176],
    [28, 77, 70, 10]
  ],
  "W": [
    [3, 15, 8, 1, 0],
    [66, 391, 293, 84, 56],
    [84, 218, 295, 61, 54],
    [97, 452, 335, 70, 58],
    [107, 806, 486, 102, 73],
    [58, 343, 146, 36, 42],
    [2, 17, 11, 2, 5],
    [5, 13, 46, 8, 10],
    [97, 733, 348, 87, 93],
    [58, 268, 280, 55, 65],
    [8, 45, 60, 6, 10],
    [33, 195, 143, 44, 32],
    [28, 220, 109, 21, 25],
    [139, 114, 393, 37, 49],
    [9, 24, 26, 3, 6],
    [51, 263, 481, 37, 48],
    [12, 22, 23, 5, 8],
    [22, 112, 133, 18, 10],
    [197, 812, 1851, 165, 206],
    [2, 25, 8, 5, 4],
    [11, 126, 57, 20, 15],
    [9, 54, 38, 6, 9],
    [5, 14, 10, 0, 2],
    [8, 8, 12, 3, 4],
    [17, 89, 103, 13, 7],
    [17, 77, 175, 14, 23],
    [15, 4, 27, 2, 4],
    [19, 46, 50, 7, 5],
    [229, 263, 750, 91, 83],
    [160, 93, 146, 26, 20],
    [33, 289, 108, 34, 34],
    [81, 472, 218, 57, 56],
    [22, 198, 62, 27, 18],
    [59, 437, 245, 58, 58],
    [50, 244, 268, 46, 40],
    [47, 218, 162, 54, 31],
    [67, 340, 285, 60, 59],
    [219, 363, 976, 143, 124],
    [5, 23, 15, 0, 2],
    [4, 22, 12, 2, 3],
    [1, 7, 7, 1, 4],
    [5, 13, 21, 1, 4],
    [11, 26, 34, 4, 2],
    [27, 55, 100, 3, 9],
    [18, 10, 31, 1, 7],
    [100, 96, 200, 16, 22],
    [233, 197, 566, 80, 72],
    [11, 24, 52, 6, 7],
    [1, 6, 4, 3, 2],
    [1, 7, 7, 1, 1],
    [82, 256, 451, 49, 43],
    [166, 739, 618, 138, 114],
    [51, 205, 152, 31, 23],
    [328, 1071, 860, 127, 163],
    [58, 53, 64, 5, 5]
  ],
  "method": "mult",
  "cond_prob": [
    [
      [0.75264434921, 0.16065021322, 0.08670543757, 0],
      [0.028075268862, 0.95508426229, 0.016840468847, 0],
      [0.016268274519, 0.016966527904, 0.96676519758, 0],
      [0.16170634799, 0.74804575815, 0.09024789386, 0],
      [0.16483295765, 0.25419557997, 0.58097146238, 0]
    ],
    [
      [0.41098329908, 0.37340785591, 0.17582660029, 0.039782244725],
      [0.0088273813048, 0.90622420599, 0.014700110076, 0.070248302633],
      [0.00656908226, 0.021849009398, 0.96381347845, 0.0077684298945],
      [0.047751480366, 0.69464622662, 0.075538397358, 0.18206389566],
      [0.038045137781, 0.18940418848, 0.36475937107, 0.40779130266]
    ],
    [
      [0.44867076328, 0.34017468601, 0.17271195684, 0.038442593868],
      [0.010507219273, 0.89981978069, 0.015727255647, 0.073945744392],
      [0.0073157210011, 0.020274678024, 0.96476084866, 0.007648752313],
      [0.055775835739, 0.6767362496, 0.079314143181, 0.18817377148],
      [0.042988905682, 0.17838318641, 0.37049076211, 0.4081371458]
    ],
    [
      [0.44473959027, 0.37166446465, 0.1558286504, 0.027767294688],
      [0.0098372820821, 0.92641398202, 0.013383492082, 0.050365243813],
      [0.0080235632831, 0.024485560571, 0.96138620763, 0.0061046685172],
      [0.055264646396, 0.73771075964, 0.071439336044, 0.13558525792],
      [0.049267596063, 0.22508360988, 0.38592619912, 0.33972259493]
    ],
    [
      [0.52542782613, 0.31509128385, 0.13770619212, 0.021774697897],
      [0.013723068637, 0.92576065005, 0.013948494982, 0.046567786334],
      [0.010736423028, 0.023486757494, 0.96036116153, 0.0054156579471],
      [0.076008860293, 0.72702710376, 0.073413121839, 0.12355091411],
      [0.068075765754, 0.22293808107, 0.39832481836, 0.31066133481]
    ],
    [
      [0.44390283334, 0.36015373791, 0.17271903941, 0.023224389352],
      [0.010125196545, 0.93083774241, 0.015367803284, 0.043669257759],
      [0.0072104554311, 0.021466671694, 0.96670307905, 0.0046197938283],
      [0.057042166151, 0.74281401861, 0.082234424308, 0.11790939093],
      [0.049951414311, 0.222565138, 0.43682375672, 0.29065969097]
    ],
    [
      [0.61319379671, 0.23574645975, 0.10825269184, 0.042807051701],
      [0.013733893532, 0.86169953239, 0.01309517549, 0.11147139859],
      [0.0105771462, 0.020558788801, 0.95628291185, 0.012581153152],
      [0.069928722958, 0.5967319748, 0.061736160219, 0.27160314203],
      [0.04740940536, 0.1357284143, 0.26102634086, 0.55583583948]
    ],
    [
      [0.63944059789, 0.24358832571, 0.10318686968, 0.013784206717],
      [0.018742033623, 0.93049588835, 0.013218452717, 0.037543625312],
      [0.015140434999, 0.023441834471, 0.95694329249, 0.0044744380401],
      [0.10508372861, 0.72410739784, 0.069665227591, 0.10114364596],
      [0.098415237704, 0.22759208309, 0.3984434994, 0.2755491798]
    ],
    [
      [0.34804787789, 0.4329711196, 0.17893420553, 0.040046796978],
      [0.0065590652943, 0.91852008444, 0.013084815719, 0.061836034542],
      [0.0054763626055, 0.024866321827, 0.96198283787, 0.0076744776993],
      [0.036676775171, 0.72817864244, 0.069524447573, 0.16562013481],
      [0.031288045964, 0.21267239904, 0.35937221235, 0.39666734265]
    ],
    [
      [0.49726415194, 0.31935035862, 0.15247073429, 0.03091475515],
      [0.012493583744, 0.90859939011, 0.014936440026, 0.063970586118],
      [0.0091355789069, 0.021507888027, 0.96240641088, 0.0069501221873],
      [0.0671574377, 0.69182215136, 0.076255964045, 0.1647644469],
      [0.054621323344, 0.19248321969, 0.37592650001, 0.37696895695]
    ],
    [
      [0.45242172871, 0.33634816397, 0.15100613597, 0.060223971347],
      [0.0094547324186, 0.86532677911, 0.013229568099, 0.11198892037],
      [0.0076630713078, 0.022382342257, 0.95653988535, 0.013414701089],
      [0.047990012385, 0.6154469209, 0.063354964408, 0.27320810231],
      [0.033542711645, 0.14616094071, 0.26983106036, 0.55046528729]
    ],
    [
      [0.43293826226, 0.34529061187, 0.17305844186, 0.048712684014],
      [0.0097034438997, 0.88434804534, 0.015243709179, 0.090704801581],
      [0.0069364373913, 0.020443059166, 0.96299218571, 0.0096283177294],
      [0.050335948254, 0.64909112699, 0.075053152482, 0.22551977228],
      [0.036909750638, 0.16274322056, 0.33393409661, 0.46641293219]
    ],
    [
      [0.33208886844, 0.43927585227, 0.17667811784, 0.051957161451],
      [0.0059532664845, 0.90381265718, 0.012498934011, 0.07773514232],
      [0.0051618853132, 0.025343872451, 0.95948831199, 0.010005930246],
      [0.032549271201, 0.69888229346, 0.064839435645, 0.20372899969],
      [0.026236808514, 0.19264619484, 0.31733966335, 0.46377733329]
    ],
    [
      [0.47441912308, 0.33638576899, 0.15299455386, 0.036200554071],
      [0.011309285011, 0.90386742863, 0.014141089331, 0.070682197024],
      [0.0087260047121, 0.022536835497, 0.96063747143, 0.0080996883632],
      [0.060569697684, 0.68583507401, 0.071970796558, 0.18162443175],
      [0.048743293341, 0.18859329688, 0.35092293575, 0.41174047402]
    ],
    [
      [0.59165982273, 0.28589883078, 0.11187663894, 0.010564707544],
      [0.015666967776, 0.94672554788, 0.012472646599, 0.025134837748],
      [0.013254384779, 0.025212843624, 0.95840575093, 0.0031270206704],
      [0.091212382906, 0.7692980834, 0.068541032014, 0.070948501679],
      [0.09311453961, 0.26480632848, 0.4288058604, 0.21327327151]
    ],
    [
      [0.45256562514, 0.33475046959, 0.17011660524, 0.042567300028],
      [0.010627338659, 0.89134123385, 0.015597567034, 0.082433860462],
      [0.0074599305225, 0.020251640222, 0.96369236998, 0.008596059274],
      [0.055587224287, 0.66029493883, 0.077471392678, 0.20664644421],
      [0.04171296413, 0.16948617622, 0.35225312433, 0.43654773532]
    ],
    [
      [0.56150352606, 0.27125704032, 0.13308211136, 0.034157322259],
      [0.015075586564, 0.88976094319, 0.014702229864, 0.080461240382],
      [0.01082514981, 0.020130745466, 0.96053079281, 0.008513311915],
      [0.078349019079, 0.64698251313, 0.072287800768, 0.20238066702],
      [0.058914050242, 0.16405992507, 0.33315111191, 0.44387491278]
    ],
    [
      [0.5318705085, 0.29738149826, 0.140561249, 0.030186744232],
      [0.013953323972, 0.9046694254, 0.01467534602, 0.066701904607],
      [0.010326080001, 0.021584128124, 0.96077358286, 0.0073162090201],
      [0.074357105424, 0.6807508797, 0.074135423435, 0.17075659144],
      [0.059851250342, 0.18707794193, 0.36229090796, 0.39077989977]
    ],
    [
      [0.41415350998, 0.37080084252, 0.18298728325, 0.032058364246],
      [0.0091377691942, 0.91750883769, 0.015614503027, 0.057738890091],
      [0.0064358981684, 0.020957974809, 0.96655986429, 0.0060462627345],
      [0.050271228518, 0.71594019498, 0.081646839725, 0.15214173678],
      [0.041324120804, 0.20149884211, 0.40640059087, 0.35077644622]
    ],
    [
      [0.73512925538, 0.18247317819, 0.065337320192, 0.01706024624],
      [0.023578373858, 0.90482015712, 0.010796228942, 0.060805240078],
      [0.021285672195, 0.025709470446, 0.94494225261, 0.0080626047485],
      [0.12633057186, 0.66414650648, 0.053811643662, 0.155711278],
      [0.1095402375, 0.19482467341, 0.2927334626, 0.40290162648]
    ],
    [
      [0.5501574684, 0.29799180746, 0.12508253967, 0.026768184466],
      [0.01425067602, 0.91303131487, 0.013141249598, 0.059576759515],
      [0.011640891367, 0.024059213858, 0.95708285342, 0.0072170413542],
      [0.077487840958, 0.69969841237, 0.06763339323, 0.15518035344],
      [0.066289017703, 0.2045075851, 0.35227452922, 0.37692886798]
    ],
    [
      [0.38023973828, 0.39318885723, 0.18193282612, 0.044638578375],
      [0.0071507512053, 0.90428547233, 0.014252895716, 0.074310880749],
      [0.0053840836281, 0.021779007145, 0.96456747886, 0.0082694303642],
      [0.039035536817, 0.69243214632, 0.073479298608, 0.19505301826],
      [0.030367667574, 0.18325277146, 0.34910338276, 0.43727617821]
    ],
    [
      [0.26024421815, 0.47203644492, 0.17802088734, 0.08969844959],
      [0.0034151774371, 0.86834582367, 0.010735341409, 0.11750365749],
      [0.0031718588975, 0.024665614539, 0.95640005035, 0.015762476217],
      [0.017851852541, 0.6235897379, 0.052676656062, 0.30588175349],
      [0.011610002254, 0.13474615874, 0.21383351995, 0.63981031905]
    ],
    [
      [0.47212625557, 0.31893782078, 0.16286282362, 0.046073100034],
      [0.010029884752, 0.88513936635, 0.014779227075, 0.090051521819],
      [0.0069711671419, 0.018646891886, 0.96524926955, 0.0091326714197],
      [0.05267623757, 0.64171619357, 0.073278889953, 0.23232867891],
      [0.036906003297, 0.14843017799, 0.3180394223, 0.49662439641]
    ],
    [
      [0.44294740672, 0.36235011159, 0.1519562171, 0.042746264586],
      [0.0093861872465, 0.90055264829, 0.012941441516, 0.077119722945],
      [0.0078410559344, 0.02420834885, 0.95841263907, 0.0095379561493],
      [0.050542409313, 0.68373760013, 0.066001596476, 0.19971839408],
      [0.040257769688, 0.1857737181, 0.31944863763, 0.45451987458]
    ],
    [
      [0.49329016668, 0.31521404994, 0.15888061739, 0.032615165998],
      [0.012120047562, 0.90440393063, 0.015625091899, 0.067850929908],
      [0.0084678151924, 0.020321999855, 0.96418072684, 0.0070294581152],
      [0.06480060507, 0.68202726419, 0.079141536326, 0.17403059441],
      [0.050958828446, 0.18288294118, 0.37770399262, 0.38845423775]
    ],
    [
      [0.6299415784, 0.2241604676, 0.1263291362, 0.01956881779],
      [0.020413709223, 0.90740065406, 0.016710422452, 0.055475214265],
      [0.012986989726, 0.017332518791, 0.96453473439, 0.0051457570893],
      [0.10787726244, 0.66366660051, 0.083599265036, 0.14485687202],
      [0.084278619321, 0.17010554572, 0.39988232204, 0.34573351292]
    ],
    [
      [0.46140512128, 0.34232650723, 0.17216774609, 0.0241006254],
      [0.010580032629, 0.92633665351, 0.01587200156, 0.047211312303],
      [0.0072143196565, 0.020181218827, 0.96785404056, 0.004750420953],
      [0.059162745922, 0.72902271921, 0.08409328241, 0.12772125246],
      [0.049752695996, 0.20828724141, 0.43090214016, 0.31105792243]
    ],
    [
      [0.374804475, 0.40094595787, 0.19522388423, 0.029025682908],
      [0.0077258910424, 0.92784435645, 0.015565979318, 0.048863773194],
      [0.0054636354569, 0.021253941464, 0.96814684388, 0.0051355792007],
      [0.043525660469, 0.7411757068, 0.083351198397, 0.13194743433],
      [0.037118237435, 0.21625734226, 0.43050814997, 0.31611627033]
    ],
    [
      [0.45154384373, 0.37914783269, 0.1345196235, 0.034788700075],
      [0.0096975790793, 0.91791316694, 0.01119133811, 0.061197915867],
      [0.0093532461858, 0.028585674984, 0.95330267414, 0.0087584046893],
      [0.053943638593, 0.72328401247, 0.059172126085, 0.16360022285],
      [0.048064375296, 0.22010549314, 0.31975488617, 0.4120752454]
    ],
    [
      [0.42678436456, 0.38546562991, 0.15429262315, 0.033457382381],
      [0.0089242071711, 0.92029799603, 0.012673975365, 0.058103821432],
      [0.0076336986656, 0.025481944007, 0.95950245597, 0.0073819013545],
      [0.049844559232, 0.72747074071, 0.067194985613, 0.15548971444],
      [0.043538523186, 0.21739350683, 0.35630547879, 0.3827624912]
    ],
    [
      [0.44094231059, 0.36360955952, 0.15316491791, 0.042283211977],
      [0.0096824782067, 0.90099811848, 0.013074844299, 0.076244559019],
      [0.0080479992117, 0.024268438727, 0.95826605746, 0.009417504602],
      [0.051963573514, 0.68530420704, 0.066667631327, 0.19606458812],
      [0.041844632237, 0.18887797726, 0.32544790415, 0.44382948636]
    ],
    [
      [0.44301655568, 0.38009579458, 0.14536688168, 0.031520768059],
      [0.0093180395323, 0.92290912053, 0.012123803916, 0.055649036017],
      [0.0082734693153, 0.026492105731, 0.95790115135, 0.0073332736022],
      [0.052368022332, 0.73309014136, 0.064632801994, 0.14990903432],
      [0.046755868604, 0.22380780913, 0.35097492338, 0.37846139889]
    ],
    [
      [0.35849324888, 0.42230399165, 0.18430927386, 0.034893485603],
      [0.0069316152312, 0.92364916117, 0.013886766602, 0.055532456999],
      [0.0054612913592, 0.023579262771, 0.9644577301, 0.0065017157723],
      [0.039030585071, 0.73689742303, 0.074272096038, 0.14979989586],
      [0.033571022182, 0.21692608599, 0.38724991391, 0.36225297793]
    ],
    [
      [0.42249690332, 0.36159505083, 0.17100272025, 0.044905325596],
      [0.0092164860974, 0.8953449403, 0.014575213999, 0.080863359608],
      [0.0069044298274, 0.021706124007, 0.96239145834, 0.0089979878254],
      [0.048866949362, 0.67224043098, 0.073383101258, 0.2055095184],
      [0.037518254083, 0.17652907158, 0.34153740874, 0.44441526559]
    ],
    [
      [0.42101100928, 0.3783978268, 0.16100081393, 0.039590349988],
      [0.0088948628024, 0.90866838476, 0.013302212362, 0.069134540074],
      [0.0072713381514, 0.024032178025, 0.9603031985, 0.0083932853267],
      [0.048520888946, 0.70177690324, 0.068904066259, 0.18079814155],
      [0.039900032809, 0.19735628095, 0.34369756816, 0.41904611808]
    ],
    [
      [0.48565300785, 0.32936422491, 0.144587521, 0.040395246239],
      [0.011672797747, 0.89494461968, 0.013531465947, 0.079851116626],
      [0.0093771626567, 0.023285321825, 0.95780596776, 0.009531547758],
      [0.061568682555, 0.66881826764, 0.067796858612, 0.20181619119],
      [0.048521508715, 0.18035278271, 0.32383571522, 0.44728999335]
    ],
    [
      [0.48438971169, 0.32030170305, 0.16244163385, 0.032866951424],
      [0.012188948003, 0.90446955817, 0.01581054624, 0.067530947589],
      [0.0084546389927, 0.020332076525, 0.96425031721, 0.006962967273],
      [0.064891798674, 0.68284799498, 0.080002907797, 0.17225729855],
      [0.051232373407, 0.18450794003, 0.38251654094, 0.38174314563]
    ],
    [
      [0.40930260593, 0.34724488691, 0.14454929537, 0.098903211791],
      [0.0070174366885, 0.81475626871, 0.011318868583, 0.16690742602],
      [0.006302936885, 0.022874943669, 0.94900896896, 0.021813150483],
      [0.033061270729, 0.53062199271, 0.050022523738, 0.38629421282],
      [0.019236826685, 0.10384021115, 0.18015450448, 0.69676845769]
    ],
    [
      [0.45428525221, 0.34051807963, 0.15116699084, 0.054029677317],
      [0.008336040414, 0.87860292929, 0.012998363441, 0.10006266685],
      [0.0065230027724, 0.021502992045, 0.96052903964, 0.011444965539],
      [0.043803085131, 0.63674143238, 0.063960793099, 0.25549468939],
      [0.030591434458, 0.14967858255, 0.27759165308, 0.54213832991]
    ],
    [
      [0.88058541855, 0.074627477219, 0.037312670651, 0.007474433582],
      [0.039658738133, 0.88542748839, 0.013975857091, 0.060937916381],
      [0.027177983084, 0.017658844094, 0.94909148103, 0.0060716917929],
      [0.20179158925, 0.58696429432, 0.064235674275, 0.14700844215],
      [0.15922977297, 0.15076837132, 0.32207164606, 0.36793020965]
    ],
    [
      [0, 0.66027457208, 0.29942319872, 0.040302229197],
      [0, 0.94494422847, 0.01415653559, 0.040899235942],
      [0, 0.021706644932, 0.97381892516, 0.004474429906],
      [0, 0.79631228178, 0.081262743821, 0.1224249744],
      [0, 0.23232338123, 0.43898449438, 0.32869212438]
    ],
    [
      [0.22040810609, 0.50932495176, 0.22140374872, 0.048863193431],
      [0.0032337112141, 0.91965767059, 0.013494385359, 0.063614232833],
      [0.002567221014, 0.023042016063, 0.96699115844, 0.0073996044817],
      [0.018405239274, 0.73204542527, 0.072568780864, 0.17698055459],
      [0.014861147347, 0.19954393189, 0.35830353311, 0.42729138766]
    ],
    [
      [0.39135394555, 0.40522976511, 0.18305482619, 0.020361463145],
      [0.0078334224846, 0.94327603593, 0.014558860716, 0.034331680866],
      [0.0058726035493, 0.022648620275, 0.96767402572, 0.0038047504554],
      [0.045750633785, 0.77682199622, 0.080626853933, 0.096800516057],
      [0.04244276348, 0.24511810279, 0.45441561441, 0.25802351932]
    ],
    [
      [0.53402792924, 0.28719454765, 0.1499678214, 0.028809701715],
      [0.013884342286, 0.90579627671, 0.01575266686, 0.064566714143],
      [0.0094234752953, 0.018992674893, 0.96514969001, 0.0064341597969],
      [0.074365901157, 0.6769080012, 0.079937429309, 0.16878866833],
      [0.057733911931, 0.17518783762, 0.37929666668, 0.38778158377]
    ],
    [
      [0.44536118732, 0.37099119703, 0.16365170238, 0.019995913267],
      [0.0099629676993, 0.93904740616, 0.014228995681, 0.036760630457],
      [0.0076572641142, 0.023282930354, 0.96486842506, 0.0041913804687],
      [0.05722545074, 0.76363413379, 0.07765382266, 0.10148659281],
      [0.053186019645, 0.24229308369, 0.43760024364, 0.26692065302]
    ],
    [
      [0.41225655083, 0.37967445896, 0.16799974524, 0.040069244966],
      [0.0087764692226, 0.90771500433, 0.013834262527, 0.069674263923],
      [0.0069343225463, 0.023220464076, 0.96166489164, 0.0081803217372],
      [0.047692760341, 0.69933320388, 0.071455368077, 0.1815186677],
      [0.038776821499, 0.19449198657, 0.35190893449, 0.41482225744]
    ],
    [
      [0.56038105707, 0.28527568297, 0.12646123779, 0.02788202217],
      [0.014588591134, 0.90797351255, 0.013613668481, 0.063824227836],
      [0.011487938944, 0.022584078655, 0.95852118001, 0.0074068023947],
      [0.078682774426, 0.68542181207, 0.069374473714, 0.16652093979],
      [0.064571491615, 0.18996373037, 0.34707555758, 0.39838922044]
    ],
    [
      [0.68433506744, 0.19034773153, 0.12531720103, 0],
      [0.012917810248, 0.96722047385, 0.019861715899, 0],
      [0.0058843273728, 0.012828606082, 0.98128706655, 0],
      [0.082373790686, 0.80278127145, 0.11484493786, 0],
      [0.075376426673, 0.2392401462, 0.68538342713, 0]
    ],
    [
      [0.76320639203, 0.1678147782, 0.043544967926, 0.025433861849],
      [0.011456638419, 0.88800869301, 0.0072117464534, 0.093322922122],
      [0.014706131133, 0.032890834767, 0.93546194767, 0.016941086426],
      [0.064298515, 0.6397368976, 0.036144273121, 0.25982031428],
      [0.043604860755, 0.14088895675, 0.15705336645, 0.65845281605]
    ],
    [
      [0.4693356389, 0.32881912942, 0.16799082917, 0.033854402496],
      [0.011435553701, 0.90488333594, 0.015919535124, 0.067761575238],
      [0.0078751306721, 0.020171399866, 0.96502138964, 0.0069320798212],
      [0.061069081987, 0.68467558267, 0.08076164709, 0.17349368825],
      [0.047974732482, 0.18397786515, 0.38440642029, 0.38364098207]
    ],
    [
      [0.42204625767, 0.38220780986, 0.1656192927, 0.030126639762],
      [0.0090886885452, 0.92408856714, 0.013805836378, 0.053016907934],
      [0.0072052684138, 0.023755929031, 0.96279060162, 0.006248200937],
      [0.050872095879, 0.73353128834, 0.073443205923, 0.14215340986],
      [0.044399225793, 0.21917953957, 0.38824810811, 0.34817312653]
    ],
    [
      [0.42163857772, 0.37522467832, 0.16408639604, 0.039050347912],
      [0.0089800987659, 0.90859474504, 0.013666270311, 0.06875888588],
      [0.0071500013185, 0.023395363037, 0.96132730213, 0.0081273335164],
      [0.048918862922, 0.70069082211, 0.070694703739, 0.17969561123],
      [0.039946378433, 0.19562933719, 0.35021436238, 0.41420992199]
    ],
    [
      [0.5000159802, 0.32215318719, 0.14523095785, 0.032599874755],
      [0.012559701912, 0.9065643705, 0.014094300086, 0.066781627507],
      [0.0097270379008, 0.022773906902, 0.9598095515, 0.0076895036981],
      [0.067326814349, 0.68937086751, 0.071819045783, 0.17148327236],
      [0.055217415642, 0.19359018406, 0.35671045015, 0.39448195015]
    ],
    [
      [0.45108539785, 0.35909390542, 0.15073437112, 0.039086325602],
      [0.0099469910753, 0.90557281136, 0.012993526515, 0.071486671049],
      [0.0082489084731, 0.024089694818, 0.95890194327, 0.0087594534379],
      [0.053818007295, 0.69224345371, 0.06678328447, 0.18715525452],
      [0.043616206329, 0.19093504659, 0.32909801094, 0.43635073614]
    ]
  ],
  "expected_outcome": [
    [
      [2.2579330476, 27.1248977391, 37.6883441152, 43.1397402561, 56.2207773958, 25.7463643335, 1.2263875934, 3.1972029895, 33.7606441555, 28.8413208126, 3.6193738297, 14.2869626545, 9.2984883163, 65.9442581079, 5.3249384046, 23.0808468822, 6.7380423127, 11.7011511871, 81.588241466, 1.4702585108, 6.0517321525, 3.4221576445, 1.3012210908, 3.7770100446, 7.5301059142, 8.3859328335, 9.4491236761, 8.7666973043, 85.8302247743, 72.247014997, 14.0838840306, 35.7163271581, 9.746364225, 21.1511016842, 21.1248451662, 19.7875174363, 32.5387515256, 106.0813468592, 2.0465130296, 1.8171410088, 0.88058541855, 0, 2.424489167, 10.5665565299, 9.6125027262, 44.5361187319, 96.0557763445, 6.1641916277, 0.68433506744, 0.76320639203, 38.4855223902, 70.059678774, 21.5035674639, 164.0052415065, 26.1629530755],
      [0.48195063967, 24.6449184898, 28.5746736252, 36.0514530708, 33.714767372, 20.8889167986, 0.4714929195, 1.2179416285, 41.9981986012, 18.5223207999, 2.6907853118, 11.3945901916, 12.2997238636, 46.7576218897, 2.573089477, 17.072273949, 3.2550844838, 6.5423929618, 73.0477659763, 0.36494635637, 3.2779098821, 3.5386997151, 2.3601822246, 2.5515025662, 6.1599518971, 5.358638849, 3.362407014, 6.5042036374, 91.8166243519, 60.6636532303, 12.720365787, 29.4523743207, 8.3621074808, 24.9159355074, 18.0797525415, 17.7846978595, 22.0674030693, 70.1460729669, 1.7362244346, 1.3620723185, 0.074627477219, 3.3013728604, 5.6025744694, 10.9412036579, 5.1695018577, 37.0991197033, 88.4641489385, 3.1380325127, 0.19034773153, 0.1678147782, 26.9631686128, 63.4464964373, 19.1364585944, 105.6662453989, 20.8274465145],
      [0.26011631271, 11.6045556193, 14.5078043747, 15.1153790884, 14.7345625572, 10.0177042855, 0.21650538368, 0.5159343484, 17.3566179365, 8.8433025887, 1.2080490877, 5.7109285815, 4.9469872995, 21.2662429865, 1.0068897505, 8.6759468674, 1.5969853363, 3.092347478, 36.0484948011, 0.13067464038, 1.3759079364, 1.637395435, 0.89010443668, 1.3029025889, 2.5832556907, 2.7009704955, 1.8949370431, 3.2711871757, 44.706269488, 21.5231397607, 5.0916565639, 12.406358351, 3.1980713969, 10.8742471579, 8.5501360124, 7.5670382548, 9.6873639071, 35.5747178121, 0.72274647685, 0.60466796336, 0.037312670651, 1.4971159936, 2.4354412359, 4.9424803072, 2.6994207852, 16.365170238, 39.14394064, 1.3910736157, 0.12531720103, 0.043544967926, 13.7752479923, 27.4928025882, 8.3684061982, 47.6357541751, 8.742593525],
      [0, 2.6256281518, 3.2291778849, 2.6934275847, 2.329892675, 1.3470145824, 0.085614103403, 0.068921033586, 3.8845393068, 1.7930557987, 0.48179177077, 1.6075185725, 1.4548005206, 5.0318770158, 0.095082367894, 2.1709323014, 0.40988786711, 0.66410837311, 6.3154977566, 0.03412049248, 0.29445002912, 0.40174720538, 0.44849224795, 0.36858480027, 0.72668649797, 0.55445782197, 0.29353226685, 0.4579118826, 6.6468813858, 5.566192012, 1.1040936186, 3.4249401702, 0.6934568973, 2.0587156506, 2.2452662798, 1.8607464494, 2.706481498, 7.1978623619, 0.49451605895, 0.21611870927, 0.007474433582, 0.20151114599, 0.53749512774, 0.54975950492, 0.51857463088, 1.9995913267, 9.336134077, 0.30670224387, 0, 0.025433861849, 2.7760610047, 5.0010222004, 1.9915677435, 10.6927589195, 2.2670068849]
    ],
    [
      [0.42112903292, 3.4515060902, 2.2905738014, 4.4464515011, 11.0607933214, 3.4729424149, 0.23347619004, 0.2436464371, 4.8077948607, 3.3482804433, 0.42546295884, 1.8921715604, 1.3097186266, 1.2892584912, 0.37600722663, 2.7949900674, 0.3316629044, 1.5627722849, 7.4198685857, 0.58945934645, 1.7955851785, 0.38614056509, 0.04781248412, 0.080239078015, 0.83537066494, 0.93324366228, 0.081654836892, 0.48668150092, 2.0319093441, 0.90187485438, 2.5790958725, 4.5701297135, 1.8449718274, 3.029115856, 2.2488226078, 1.9390800909, 3.9687512341, 4.4245881252, 0.16140104383, 0.18339288911, 0.27761116693, 0, 0.084076491568, 0.43083823665, 0.13884342286, 0.95644489914, 1.7289644368, 0.35012618722, 0.077506861489, 0.080196468933, 2.9275017474, 6.7165408349, 1.840920247, 13.4514407474, 0.52719052699],
      [14.3262639344, 354.3336645406, 196.1607121902, 418.7391198744, 746.1630839373, 319.2773456474, 14.6488920506, 12.0964465485, 673.2752218975, 243.5046365501, 38.9397050601, 172.4478688414, 198.8387845805, 103.0408868644, 22.721413149, 234.4227445012, 19.5747407502, 101.3229756449, 745.0171762029, 22.6205039281, 115.0419456732, 48.8314155058, 12.1568415313, 7.0811149308, 80.149185698, 69.6391026586, 3.6296026162, 42.6114860614, 244.0230657451, 85.3659245258, 265.966120853, 425.2711119205, 182.7360058658, 403.6346834303, 218.4641654321, 198.0897078781, 304.281170691, 328.3224496149, 18.7393941804, 19.3292644444, 6.1979924188, 12.2842749701, 23.9110994354, 51.8801819763, 9.0579627671, 90.1485509917, 178.8198558525, 21.7913643012, 5.8033228431, 6.216060851, 231.650134, 682.9014511187, 186.2619227337, 970.9304408004, 47.9953590021],
      [0.25260703271, 5.7477430397, 3.428541731, 6.0493384209, 11.2424869558, 5.2711565263, 0.22261798333, 0.17183988532, 9.5911699222, 4.0029659269, 0.59533056445, 2.9725232898, 2.7497654824, 1.6120841837, 0.29934351837, 4.10216013, 0.323449057, 1.6436387542, 12.6789764579, 0.26990572354, 1.6557974494, 0.76965636866, 0.15029477972, 0.1182338166, 1.1517882949, 1.2031320762, 0.066841689806, 0.73011207175, 4.0938525607, 1.0407944442, 3.6627788806, 6.1713265091, 2.4005131754, 6.068517005, 3.5563522157, 2.8998822949, 4.600698422, 5.7392282851, 0.26033397742, 0.28596399571, 0.097830999639, 0.18403496266, 0.35085401934, 0.8007373394, 0.1575266686, 1.3659835854, 2.7253497178, 0.32672804355, 0.11917029539, 0.050482225174, 4.0754009918, 10.2025130833, 2.8015854138, 15.0949953923, 0.68865690532],
      [0, 27.4670863295, 16.1201722774, 22.7650902036, 37.5336357855, 14.9785554114, 1.8950137761, 0.48806712906, 45.3258133196, 17.1441170797, 5.0395014166, 17.6874363084, 17.1017313105, 8.0577704607, 0.60323610595, 21.6801053014, 1.7701472884, 7.470613316, 46.8839787535, 1.5201310019, 7.5066716989, 4.0127875604, 1.6450512048, 0.72041217456, 6.8636553421, 5.2245216029, 0.22190085706, 2.1717203659, 12.8511723501, 5.6914061756, 16.792004394, 35.9874318568, 11.0185091314, 24.2676837087, 19.7306597444, 15.0713297361, 27.1493796529, 24.5137339747, 3.8388707984, 2.2013786707, 0.42656541467, 0.53169006725, 1.6539700537, 1.8882424476, 0.64566714143, 3.5290205238, 13.7258299929, 1.5317814681, 0, 0.65326045486, 17.3469632609, 39.1794949631, 14.0955716055, 71.5231230599, 3.7887935656]
    ],
    [
      [0.13014619615, 1.9247411022, 2.1581376953, 2.6878936998, 5.2179015916, 1.0527264929, 0.1163486082, 0.69646000998, 1.9057741867, 2.5579620939, 0.45978427847, 0.99191054696, 0.56264549914, 3.4293198519, 0.34461400426, 3.5882265813, 0.24897844563, 1.3733686401, 11.9128475097, 0.17028537756, 0.66353080793, 0.20459517787, 0.031718588975, 0.083654005702, 0.80762876125, 1.4818676587, 0.35064872259, 0.36071598282, 4.0977265927, 1.3655739431, 0.82443945589, 1.7544638281, 0.51295509755, 1.338016383, 1.8503871938, 1.1779567805, 2.6724913572, 8.2517276569, 0.094544053274, 0.078276033268, 0.19024588159, 0, 0.087285514475, 0.58726035493, 0.29212773415, 1.5314528228, 3.9248265612, 0.59737282508, 0.023537309491, 0.10294291793, 3.5516839331, 4.4528558797, 1.0868002004, 8.3652525947, 0.52793014228],
      [0.13573222324, 6.4017597537, 5.981030017, 8.2026627914, 11.414564142, 3.1341340673, 0.22614667681, 1.0783243857, 8.6534799959, 6.0222086477, 1.3429405354, 2.9233574607, 2.7624820971, 8.8569763504, 0.65553393422, 9.7410389466, 0.46300714571, 2.8706890405, 38.7932113719, 0.20567576357, 1.3713751899, 0.82760227153, 0.24665614539, 0.22376270263, 2.4934599315, 3.5563499745, 0.46797800737, 1.0090609414, 15.9404560983, 4.1735085477, 2.7520499527, 5.2905196424, 1.6425105553, 5.776919379, 5.8172412339, 3.89321284, 6.6363167202, 19.8441066889, 0.34312415504, 0.25803590454, 0.12361190866, 0.45583954356, 0.78342854614, 2.2648620275, 0.58877292168, 4.6565860709, 13.1427826672, 1.1743720901, 0.051314424326, 0.23023584337, 9.0973013394, 14.6811641415, 3.5560951816, 19.5855599354, 1.5417404684],
      [7.7341215806, 282.3973491851, 284.6044503553, 322.0643795555, 466.7355245041, 141.1386495408, 10.5191120303, 44.0193914545, 334.7700275781, 269.473795046, 57.3923931208, 137.707882557, 104.5842260069, 377.530526271, 24.9185495241, 463.5360299613, 22.0922082346, 127.7828865197, 1789.1023087968, 7.5595380209, 54.553722645, 36.6535641968, 9.5640005035, 11.5829912346, 98.7165018238, 168.7316271966, 26.0424378286, 48.3927020282, 726.1101329084, 139.1821904245, 103.6262652451, 208.9020005262, 59.3898713838, 236.2921438738, 257.9209108351, 155.5691181566, 272.9747008117, 941.1083095958, 14.2351345344, 11.5263484757, 6.6436403672, 20.4501974284, 32.877699387, 96.767402572, 29.9196403905, 192.9736850126, 544.3023286683, 49.8431013603, 3.9251482662, 6.5482336337, 435.2246467281, 595.0045917997, 146.1217499234, 825.4362142895, 61.3697243693],
      [0, 2.2761499591, 2.2563819323, 2.0450639532, 2.6320097623, 0.67448989893, 0.13839268467, 0.20582414985, 2.6707182394, 1.9460342124, 0.80488206536, 1.3768494353, 1.0906463969, 3.1831775267, 0.081302537431, 4.1347045108, 0.19580617405, 0.97305579967, 11.1916323216, 0.064500837988, 0.41137135719, 0.31423835384, 0.15762476217, 0.10959205704, 0.98240948338, 1.2301551702, 0.13893544141, 0.23752104765, 3.8516844005, 1.2787270846, 0.79724534628, 2.0530160032, 0.45466296334, 1.5929203642, 2.4114607372, 1.3597122229, 2.716491111, 6.7958560585, 0.32719725724, 0.13733958646, 0.04250184255, 0.093963028027, 0.25158655238, 0.38047504554, 0.19945895371, 0.83827609374, 4.6300621033, 0.38515372452, 0, 0.11858760498, 3.1263679994, 3.8613881791, 1.2353546945, 6.6129731804, 0.56060502003]
    ],
    [
      [0.16170634799, 4.0111243507, 3.4023259801, 3.8685252477, 7.7529037499, 2.0535179814, 0.13985744592, 0.84066982887, 3.1908794399, 3.6936590735, 0.28794007431, 2.2147817232, 0.68353469523, 2.2410788143, 0.27363714872, 2.0567272986, 0.39174509539, 1.3384278976, 8.2947527054, 0.63165285932, 1.5497568192, 0.2342132209, 0, 0.15802871271, 0.65705132107, 0.90720847097, 0.21575452488, 0.41413922145, 3.9608351027, 1.4025346034, 1.6947150139, 2.9619236903, 1.413936603, 2.2637739341, 2.2478796707, 2.6201280031, 3.6941209533, 9.2795272103, 0, 0.087606170263, 0.20179158925, 0, 0.073620957096, 0.13725190136, 0.074365901157, 0.91560721184, 3.8154208273, 0.47209664656, 0.24712137206, 0.064298515, 2.9923850173, 7.0203492313, 1.5164847506, 8.5505054224, 0.26909003647],
      [0.74804575815, 58.3502830357, 41.2809112257, 51.639753175, 74.1567645834, 26.7413046698, 1.1934639496, 5.7928591827, 63.3515418925, 38.0502183246, 3.6926815254, 28.5600095874, 14.6765281627, 25.3758977383, 2.3078942502, 24.4309127365, 3.2349125656, 12.2535158346, 118.1301321719, 3.3207325324, 13.9939682475, 4.1545928779, 0, 1.9251485807, 8.8885888017, 9.5483816987, 1.327333201, 5.1031590344, 67.446989319, 18.8053843242, 24.7340051843, 39.062339801, 19.7934338166, 42.7400505359, 30.9230598249, 37.8959527752, 40.1290960586, 97.6472632816, 0, 1.2734828648, 0.58696429432, 0.79631228178, 2.9281817011, 2.3304659887, 0.6769080012, 12.2181461407, 55.9466563104, 4.1125308724, 2.4083438144, 0.6397368976, 33.5491035509, 101.2273177908, 21.7214154853, 87.5501001738, 3.4612172686],
      [0.09024789386, 6.3452253781, 4.838162734, 5.0007535231, 7.4881384276, 2.9604392751, 0.12347232044, 0.55732182073, 6.0486269389, 4.1940780225, 0.38012978645, 3.3023387092, 1.3616281486, 2.6629194727, 0.20562309604, 2.8664415291, 0.36143900384, 1.3344376218, 13.4717285547, 0.26905821831, 1.3526678646, 0.44087579165, 0, 0.21983666986, 0.85802075419, 1.1079815086, 0.16719853007, 0.58865297687, 7.5849590541, 1.5384752782, 2.2846295108, 3.8000549856, 1.7450856538, 4.3077815702, 3.3756226579, 3.720819578, 4.0678115167, 11.440415815, 0, 0.1279215862, 0.064235674275, 0.081262743821, 0.29027512346, 0.2418805618, 0.079937429309, 1.2424611626, 5.7164294461, 0.41624684228, 0.34453481359, 0.036144273121, 3.9573207074, 10.1351624173, 2.1915358159, 9.1210188144, 0.33391642235],
      [0, 15.2933672355, 11.4786000602, 9.4909680542, 12.6021932392, 4.2447380736, 0.54320628405, 0.8091491677, 14.4089517287, 9.0620445794, 1.6392486139, 9.9228699803, 4.2783089936, 6.7201039748, 0.21284550504, 7.6459184358, 1.0119033351, 3.073618646, 25.103386568, 0.77855639, 3.1036070688, 1.1703181095, 0, 0.69698603672, 2.5963391231, 2.4364283218, 0.28971374403, 0.89404876724, 12.0072165242, 4.2536057942, 5.286650291, 11.1756815231, 4.0475439266, 8.6883939598, 9.4534378466, 9.7630996438, 12.1089714714, 24.632793693, 0, 0.51098937879, 0.14700844215, 0.1224249744, 0.70792221835, 0.29040154817, 0.16878866833, 1.6237854849, 14.5214934162, 0.99912563874, 0, 0.25982031428, 8.5011907244, 19.6171705605, 5.5705639482, 21.7783755895, 0.93577627261]
    ],
    [
      [0, 2.1305277157, 2.3214009068, 2.8575205717, 4.9695309, 2.097959401, 0.2370470268, 0.98415237704, 2.9097882747, 3.5503860173, 0.33542711645, 1.1811120204, 0.65592021284, 2.3884213737, 0.55868723766, 2.0022222782, 0.47131240194, 0.59851250342, 8.5127688856, 0.43816095001, 0.99433526554, 0.27330900817, 0.023220004509, 0.14762401319, 0.28180438782, 1.1720530543, 0.33711447728, 0.24876347998, 3.0808137071, 0.96128750591, 1.4803097883, 2.3432994053, 0.84160563488, 1.9471192866, 1.5007301633, 1.2369010171, 2.8627690142, 6.3528143024, 0.038473653371, 0.091774303375, 0.63691909186, 0, 0.029722294694, 0.38198487132, 0.40413738351, 1.1700924322, 2.7919311479, 0.45200044131, 0.15075285335, 0.043604860755, 2.0629134967, 5.0615117405, 0.91876670396, 9.0004387496, 0.21808103165],
      [0, 10.6066345551, 9.6326920659, 13.0548493733, 16.2744799184, 9.347735796, 0.6786420715, 2.2759208309, 19.7785331109, 12.5114092798, 1.4616094071, 5.2077830578, 4.816154871, 9.2410715474, 1.5888379709, 8.1353364585, 1.3124794005, 1.8707794193, 41.5087614741, 0.77929869366, 3.0676137764, 1.6492749431, 0.26949231748, 0.59372071196, 1.3004160267, 4.2063076472, 0.68042218288, 1.0414362071, 17.9493594075, 4.4021098627, 7.3913792322, 10.5771667263, 4.0285405643, 12.5817129872, 7.0611628632, 6.1180447096, 10.6408141801, 22.8789845634, 0.2076804223, 0.44903574766, 0.6030734853, 0.92929352494, 0.39908786378, 2.2060629251, 1.2263148633, 5.3304478412, 14.0034230328, 1.3297461126, 0.4784802924, 0.14088895675, 7.9110482015, 24.9864675111, 4.4994747554, 31.5552000012, 0.95467523296],
      [0, 20.42652478, 20.0065011542, 22.3837195492, 29.0777117404, 18.3465977821, 1.3051317043, 3.984434994, 33.4216157482, 24.4352225008, 2.6983106036, 10.6858910916, 7.9334915838, 17.1952238519, 2.5728351624, 16.9081499678, 2.6652088953, 3.6229090796, 83.7185217194, 1.1709338504, 5.2841179383, 3.1419304449, 0.4276670399, 1.2721576892, 2.2361404634, 8.6871918304, 1.5995292882, 2.1545107008, 35.7321764477, 6.3950977233, 12.1143862788, 18.2250826323, 6.3175486208, 22.4604950066, 13.6614963498, 10.6546246128, 19.1063071982, 47.4320510763, 0.36030900895, 0.83277495924, 1.2882865843, 1.7559379775, 0.71660706622, 4.0897405297, 2.6550766668, 9.6272053602, 25.3374432836, 2.4295289031, 1.3707668543, 0.15705336645, 16.5294760726, 44.260284324, 8.0549303348, 58.1438033739, 1.6454900547],
      [0, 22.8363129492, 22.0394058731, 19.7039105058, 22.6782774412, 12.2077070208, 2.7791791974, 2.755491798, 36.8900628662, 24.5029822021, 5.5046528729, 14.9252138302, 11.5944333323, 20.175283227, 1.2796396291, 20.9542912954, 3.5509993022, 3.9077989977, 72.2599479209, 1.6116065059, 5.6539330198, 3.9354856039, 1.2796206381, 1.9864975856, 3.1816391221, 8.9344474681, 1.3829340517, 1.5552896122, 26.2376504377, 8.241504908, 13.0139247007, 24.8544512361, 6.81230518, 21.0106727197, 17.7766106237, 12.9904296605, 26.3901096075, 47.3361500579, 1.3935369154, 1.6264149897, 1.4717208386, 1.3147684975, 0.85458277531, 2.3222116739, 2.7144710864, 5.8722543664, 29.8672025357, 2.7887245431, 0, 0.65845281605, 16.4965622292, 39.6917364244, 9.5268282058, 64.3005578753, 2.1817536807]
    ]
  ],
  "prob": [
    [0.44485216065, 0.35768808665, 0.16341181883, 0.034047933872],
    [0.010156260893, 0.91223347601, 0.014381196058, 0.063229067035],
    [0.0077383304194, 0.022561288908, 0.96253549805, 0.0071648826244],
    [0.055327405563, 0.70524671675, 0.074485567333, 0.16494031035],
    [0.045731287875, 0.19966911779, 0.37271429272, 0.38188530162]
  ],
  "iterations": 107,
  "time": 0.000275,
  "message": "Converged",
  "status": 0,
  "miniter": 0,
  "maxiter": 1000,
  "maxtime": 3600,
  "param_threshold": 0.001,
  "ll_threshold": "-Inf",
  "initial_prob": "random",
  "adjust_prob_cond_method": "",
  "adjust_prob_cond_every": true,
  "candidates_id": ["TOLLESTRUP, Stephen Rome.c", "SEPULONI, Carmel Jean.c", "BENNETT, Paula Lee.c", "Other candidates votes.c"],
  "group_id": ["Green Party.p", "Labour Party.p", "National Party.p", "New Zealand First Party.p", "Other parties votes.p"]
}
