{
  "X": [
    [5, 13, 40, 1],
    [18, 278, 111, 12],
    [13, 218, 76, 25],
    [1, 2, 49, 2],
    [2, 22, 74, 1],
    [1, 21, 135, 3],
    [12, 105, 329, 14],
    [0, 8, 76, 2],
    [4, 18, 107, 1],
    [2, 11, 102, 2],
    [1, 8, 86, 4],
    [46, 370, 451, 25],
    [23, 274, 181, 11],
    [15, 81, 93, 13],
    [25, 332, 206, 21],
    [41, 346, 471, 40],
    [20, 287, 227, 14],
    [66, 379, 242, 27],
    [59, 611, 364, 39],
    [25, 163, 162, 15],
    [22, 109, 326, 19],
    [25, 214, 328, 32],
    [40, 329, 435, 27],
    [28, 233, 247, 18],
    [42, 150, 174, 8],
    [21, 231, 588, 14],
    [32, 139, 360, 15],
    [30, 179, 122, 11],
    [44, 384, 259, 29],
    [27, 229, 286, 18],
    [19, 286, 143, 22],
    [41, 346, 336, 21],
    [17, 170, 267, 17],
    [20, 153, 334, 7],
    [53, 336, 317, 30],
    [32, 393, 285, 26],
    [21, 186, 249, 20],
    [15, 116, 98, 3],
    [19, 113, 69, 7],
    [45, 393, 657, 36],
    [14, 186, 171, 10],
    [42, 182, 471, 12],
    [18, 135, 201, 5],
    [34, 254, 494, 33],
    [26, 186, 456, 15],
    [5, 56, 142, 4],
    [8, 6, 99, 1],
    [23, 171, 438, 24],
    [1, 6, 61, 1],
    [1, 15, 126, 9],
    [13, 96, 360, 16],
    [3, 11, 47, 1],
    [76, 452, 823, 59],
    [0, 4, 23, 3],
    [7, 39, 131, 4],
    [49, 242, 539, 20],
    [3, 13, 90, 3],
    [8, 19, 144, 5],
    [3, 9, 95, 2],
    [18, 47, 102, 3],
    [2, 9, 49, 2],
    [1, 1, 34, 1],
    [0, 23, 94, 2],
    [13, 82, 170, 9],
    [3, 19, 208, 5],
    [0, 2, 44, 0],
    [7, 24, 152, 6],
    [1, 15, 69, 0],
    [3, 16, 100, 3],
    [17, 124, 291, 9],
    [8, 53, 58, 5],
    [8, 32, 203, 6],
    [3, 33, 93, 6],
    [7, 92, 271, 16],
    [18, 332, 402, 44],
    [145, 781, 1467, 70],
    [29, 163, 227, 9],
    [112, 509, 847, 64],
    [17, 75, 160, 4]
  ],
  "W": [
    [6, 11, 34, 1, 7],
    [20, 257, 93, 22, 27],
    [8, 216, 64, 16, 28],
    [0, 1, 46, 1, 6],
    [3, 15, 71, 7, 3],
    [4, 20, 121, 2, 13],
    [8, 109, 288, 16, 39],
    [2, 4, 65, 2, 13],
    [4, 16, 90, 5, 15],
    [2, 13, 83, 5, 14],
    [1, 5, 84, 2, 7],
    [29, 399, 376, 24, 64],
    [19, 264, 144, 16, 46],
    [12, 88, 81, 5, 16],
    [15, 333, 173, 27, 36],
    [39, 356, 393, 24, 86],
    [19, 292, 164, 18, 55],
    [47, 370, 171, 34, 92],
    [32, 635, 266, 50, 90],
    [20, 158, 140, 21, 26],
    [12, 122, 273, 11, 58],
    [15, 220, 274, 32, 58],
    [34, 339, 362, 30, 66],
    [28, 222, 208, 21, 47],
    [40, 152, 133, 9, 40],
    [24, 237, 514, 23, 56],
    [25, 157, 325, 11, 28],
    [16, 197, 93, 16, 20],
    [32, 362, 214, 37, 71],
    [24, 232, 243, 16, 45],
    [14, 300, 123, 11, 22],
    [32, 359, 280, 27, 46],
    [21, 165, 232, 11, 42],
    [22, 164, 285, 10, 33],
    [53, 334, 260, 24, 65],
    [15, 409, 237, 30, 45],
    [26, 183, 215, 10, 42],
    [13, 105, 79, 11, 24],
    [14, 105, 52, 14, 23],
    [41, 388, 574, 49, 79],
    [6, 189, 133, 15, 38],
    [37, 196, 412, 13, 49],
    [19, 125, 181, 8, 26],
    [27, 268, 430, 31, 59],
    [22, 199, 390, 17, 55],
    [8, 59, 120, 7, 13],
    [4, 8, 90, 5, 7],
    [32, 161, 388, 31, 44],
    [1, 5, 60, 2, 1],
    [4, 17, 108, 0, 22],
    [13, 91, 314, 26, 41],
    [4, 9, 37, 7, 5],
    [90, 472, 679, 37, 132],
    [1, 5, 20, 0, 4],
    [5, 34, 111, 10, 21],
    [39, 242, 484, 33, 52],
    [2, 15, 75, 3, 14],
    [5, 20, 130, 4, 17],
    [2, 11, 91, 2, 3],
    [23, 42, 78, 7, 20],
    [4, 10, 40, 0, 8],
    [2, 1, 31, 0, 3],
    [0, 24, 88, 0, 7],
    [8, 83, 149, 10, 24],
    [5, 25, 184, 3, 18],
    [0, 2, 39, 0, 5],
    [3, 29, 139, 4, 14],
    [2, 13, 66, 2, 2],
    [3, 13, 90, 5, 11],
    [14, 121, 238, 15, 53],
    [6, 56, 51, 2, 9],
    [7, 29, 179, 9, 25],
    [4, 34, 79, 7, 11],
    [5, 89, 227, 19, 46],
    [11, 323, 375, 17, 70],
    [125, 786, 1302, 74, 176],
    [22, 160, 197, 18, 31],
    [104, 510, 723, 44, 151],
    [25, 69, 144, 2, 16]
  ],
  "method": "mult",
  "cond_prob": [
    [
      [0.69469384073, 0.16824426612, 0.13523510222, 0.0018267909261],
      [0.036262197255, 0.93089799284, 0.009908459358, 0.022931350549],
      [0.00033897570058, 0.0083543423421, 0.98958857129, 0.0017181106689],
      [0.096423444915, 0.48233310601, 0.39397238471, 0.027271064367],
      [0.046429166723, 0.14061081949, 0.71994464646, 0.093015367327]
    ],
    [
      [0.64709860527, 0.14509201324, 0.20269832574, 0.005111055753],
      [0.0056172491363, 0.96723683672, 0.0039309737477, 0.023214940396],
      [0.016091206444, 0.035878670418, 0.94136099434, 0.0066691287942],
      [0.056765549795, 0.68807376777, 0.21483618462, 0.040324497814],
      [0.032187798954, 0.29792420217, 0.50602980357, 0.16385819531]
    ],
    [
      [0.8262464016, 0.071348600916, 0.091289867486, 0.011115129997],
      [0.0073167770026, 0.92344299356, 0.010668064185, 0.058572165249],
      [0.042373831547, 0.018164887261, 0.92084641011, 0.018614871079],
      [0.070163385927, 0.64179179156, 0.19093724968, 0.097107572838],
      [0.034823770029, 0.23336796905, 0.3920076055, 0.33980065542]
    ],
    [
      ["Inf", "NaN", "NaN", "NaN"],
      [0.1720698832, 0.63601339048, 0.0080076677869, 0.18390905853],
      [0.0022755965173, 0.014157627131, 0.97620339316, 0.0073633831953],
      [0.24517778987, 0.29633778828, 0.38032557923, 0.078158842615],
      [0.079679147855, 0.069399662202, 0.61771844463, 0.23320274531]
    ],
    [
      [0.56711156397, 0.33425991946, 0.095323900839, 0.0033046157351],
      [0.0073305473337, 0.96165502919, 0.008109445047, 0.022904978426],
      [7.7540750334e-05, 0.030035053885, 0.96737168443, 0.0025157209302],
      [0.018951968321, 0.56614142691, 0.38763469279, 0.02727191198],
      [0.016845975527, 0.15897199651, 0.73185139246, 0.092330635499]
    ],
    [
      [0.2160529214, 0.21277292096, 0.56374368657, 0.0074304710703],
      [0.0032510554381, 0.90046999553, 0.049354755535, 0.046924193498],
      [1.4058411392e-05, 0.00039835322939, 0.99667074199, 0.0029168463654],
      [0.018011985085, 0.41672868082, 0.52160644907, 0.043652885019],
      [0.002541705207, 0.09675771563, 0.77827365105, 0.12242692812]
    ],
    [
      [0.75272959491, 0.058769107473, 0.18302764141, 0.0054736562138],
      [0.031659788197, 0.85439483527, 0.065011302626, 0.048934073904],
      [0.00012850565842, 0.00066754125576, 0.9944770478, 0.0047269052875],
      [0.080675078071, 0.42849513492, 0.43455397868, 0.056275808331],
      [0.030754755091, 0.1116060527, 0.6945459861, 0.16309320612]
    ],
    [
      [0, 0.73318139263, 0.25676650231, 0.010052105063],
      [0, 0.93577921374, 0.0099743015722, 0.054246484685],
      [0, 0.0046953066617, 0.99287785665, 0.0024268366876],
      [0, 0.48619820047, 0.47341323952, 0.040388560009],
      [0, 0.11637915583, 0.76636020214, 0.11726064203]
    ],
    [
      [0.68789213682, 0.083495886109, 0.22744140133, 0.001170575741],
      [0.025711408753, 0.88425523341, 0.075024017785, 0.015009340051],
      [0.00010393029961, 0.00041757898673, 0.99890556935, 0.00057292135886],
      [0.078077322506, 0.39618585794, 0.51185470374, 0.013882115811],
      [0.029153904878, 0.099961421499, 0.8286050233, 0.042279650324]
    ],
    [
      [0.64187975923, 0.04780416892, 0.30728174869, 0.0030343231589],
      [0.019284960516, 0.69779073073, 0.24036076887, 0.042563539888],
      [5.0985266414e-05, 4.5770635342e-05, 0.99903417547, 0.00086906862806],
      [0.064132762112, 0.29986759022, 0.6032887545, 0.032710893175],
      [0.010045743369, 0.023569660635, 0.8803190122, 0.086065583795]
    ],
    [
      [0.72883903845, 0.20734397549, 0.052728710546, 0.011088275515],
      [0.021930039358, 0.81373295843, 0.0086654403553, 0.15567156186],
      [4.9925277904e-05, 0.025590176168, 0.96323852099, 0.011121377561],
      [0.050514545356, 0.42649052202, 0.41417576213, 0.10881917049],
      [0.0080411358143, 0.1030621986, 0.59479382857, 0.29410283701]
    ],
    [
      [0.83335064174, 0.049586529931, 0.11336722272, 0.0036956056011],
      [0.039969335622, 0.86659524704, 0.061892044876, 0.03154337246],
      [0.00016492206268, 0, 0.99534587406, 0.0044892038751],
      [0.10435947373, 0.51239869487, 0.33856009021, 0.044681741191],
      [0.051850443924, 0.16395184977, 0.63503021598, 0.14916749032]
    ],
    [
      [0.7337405416, 0.069081722273, 0.19411699562, 0.0030607405049],
      [0.02006656809, 0.94567980325, 0.016278676652, 0.017974952009],
      [0.0042237240752, 0.0099562005116, 0.98215875355, 0.003661321867],
      [0.076076128992, 0.6258532297, 0.26862895425, 0.029441687058],
      [0.042085247892, 0.25175292761, 0.59315831888, 0.11300350562]
    ],
    [
      [0.80409070597, 0.047824586203, 0.14017179392, 0.0079129138994],
      [0.041899580735, 0.85946422059, 0.025145259222, 0.073490939451],
      [0.0038176545787, 0.00052045047931, 0.98266873788, 0.012993157058],
      [0.10872447557, 0.49501193466, 0.29567494431, 0.10058864545],
      [0.050681001557, 0.14225233696, 0.5019133232, 0.30515333828]
    ],
    [
      [0.83178406124, 0.062946922536, 0.099812425797, 0.0054565904241],
      [0.025756990476, 0.9179976502, 0.022575887997, 0.033669471332],
      [0.00063026031711, 0.0063796611976, 0.9857272735, 0.00726280499],
      [0.082679673034, 0.60449858562, 0.25940183433, 0.053419907019],
      [0.044577084614, 0.220484318, 0.54028819635, 0.19465040104]
    ],
    [
      [0.69772924796, 0.062491529513, 0.23299135138, 0.0067878711428],
      [0.025064616896, 0.89202409326, 0.034598773952, 0.048312515896],
      [0.00014912797434, 0, 0.99235374848, 0.0074971235487],
      [0.07745825362, 0.51728667684, 0.33814033945, 0.067114730091],
      [0.034278492252, 0.1579927082, 0.5986718892, 0.20905691035]
    ],
    [
      [0.6619936031, 0.07249624516, 0.26156317908, 0.0039469726623],
      [0.015944088678, 0.90215237617, 0.060680889507, 0.02122264564],
      [1.8674263962e-05, 0, 0.99635202258, 0.0036293031594],
      [0.061273011862, 0.58815990915, 0.31730499976, 0.033262079232],
      [0.03019037917, 0.21103998426, 0.63996833024, 0.11880130633]
    ],
    [
      [0.80277086624, 0.052822506678, 0.14124822738, 0.0031583997004],
      [0.041456705915, 0.90545066016, 0.025989735297, 0.027102898626],
      [0.013068685475, 0.0059770893524, 0.97538047629, 0.0055737488823],
      [0.12008747318, 0.58129409812, 0.25589586596, 0.042722562736],
      [0.071881182543, 0.22515778599, 0.54624576483, 0.15671526664]
    ],
    [
      [0.86069193542, 0.053897715196, 0.081267678724, 0.0041426706567],
      [0.033411063843, 0.88381182514, 0.052304715391, 0.03047239563],
      [0.0010374195959, 0.00077105093839, 0.99196160172, 0.0062299277418],
      [0.099527107861, 0.58003712116, 0.27293147009, 0.047504300883],
      [0.055439150228, 0.20942009494, 0.56308422716, 0.17205652767]
    ],
    [
      [0.77795442634, 0.076644990835, 0.1400332334, 0.0053673494207],
      [0.03560250421, 0.91025873319, 0.010627530835, 0.043511231764],
      [0.0025569268041, 0.0092214502352, 0.98025306577, 0.0079685571955],
      [0.10036712568, 0.55116965265, 0.28484802441, 0.063615197262],
      [0.051924477546, 0.18387133079, 0.55011337462, 0.21409081704]
    ],
    [
      [0.85884478216, 0.038600906549, 0.098287180297, 0.0042671309916],
      [0.061176938426, 0.80507094434, 0.079472324463, 0.054279792775],
      [0.0002069675265, 0, 0.99443054171, 0.0053624907601],
      [0.12145502934, 0.3981392022, 0.41941105697, 0.060994711493],
      [0.048927046009, 0.10238970152, 0.67296328858, 0.17571996389]
    ],
    [
      [0.80821685593, 0.052892434359, 0.1318709836, 0.0070197261096],
      [0.034639778564, 0.86173712384, 0.044095678394, 0.059527419206],
      [0.00020224086834, 0, 0.99077276288, 0.0090249962483],
      [0.091539610448, 0.48490887109, 0.3440495284, 0.079501990064],
      [0.039160592151, 0.13978210976, 0.58344075966, 0.23761653843]
    ],
    [
      [0.73203337653, 0.058761739683, 0.20436285516, 0.0048420286334],
      [0.029131275018, 0.88680786432, 0.047546860818, 0.036513999839],
      [0.00014708700678, 0, 0.99457769886, 0.0052752141376],
      [0.084825529348, 0.51953682989, 0.34423846477, 0.051399175991],
      [0.039959872579, 0.16345651436, 0.62983327543, 0.16675033763]
    ],
    [
      [0.69098538786, 0.10357725269, 0.20040187828, 0.0050354811695],
      [0.023291074495, 0.93160014386, 0.011252592255, 0.033856189392],
      [0.00022508885451, 0.009912839219, 0.98398344411, 0.0058786278202],
      [0.077548413416, 0.56998211403, 0.30213881922, 0.050330653335],
      [0.038435222095, 0.19687468161, 0.59313192234, 0.17155817395]
    ],
    [
      [0.74132511913, 0.050882128224, 0.20579425582, 0.001998496832],
      [0.051994389089, 0.89538167402, 0.032014229146, 0.020609707746],
      [0.0030227111691, 0, 0.99415204821, 0.0028252406195],
      [0.12345636954, 0.52322618248, 0.32371423122, 0.029603216767],
      [0.073268004554, 0.17894161944, 0.6441604111, 0.1036299649]
    ],
    [
      [0.61034101972, 0.088115039916, 0.29776152303, 0.0037824173294],
      [0.015294133733, 0.88783528889, 0.070701657007, 0.026168920366],
      [9.0021753803e-05, 7.6772157675e-05, 0.99733293936, 0.0025002667279],
      [0.058966487084, 0.47427827358, 0.43397431594, 0.032780923397],
      [0.023653668707, 0.13429311416, 0.74083733283, 0.10121588431]
    ],
    [
      [0.80352293174, 0.047797697445, 0.14439539521, 0.0042839756124],
      [0.058076722543, 0.82731247428, 0.065352412794, 0.049258390379],
      [0.00024498351171, 0.00025751035729, 0.99444352615, 0.0050539799801],
      [0.11613297795, 0.42181208079, 0.40378685028, 0.05826809099],
      [0.051314245305, 0.11404911952, 0.66049946282, 0.17413717235]
    ],
    [
      [0.89711725663, 0.039857883271, 0.060033736588, 0.0029911235085],
      [0.059547178996, 0.84421566771, 0.064536702766, 0.031700450524],
      [0, 0, 0.99416226252, 0.005837737484],
      [0.14088942548, 0.53044231606, 0.28140060725, 0.047267651206],
      [0.083054941199, 0.17823551355, 0.56831148198, 0.17039806327]
    ],
    [
      [0.78716026961, 0.062348098103, 0.14576969457, 0.0047219377176],
      [0.019995504602, 0.93944800453, 0.0075798486627, 0.032976642208],
      [0.020660745781, 0.013683400959, 0.95844738721, 0.0072084660513],
      [0.094101429599, 0.60634878625, 0.24735450017, 0.052195283982],
      [0.051680932595, 0.2332609905, 0.52579728435, 0.18926079256]
    ],
    [
      [0.7264748902, 0.061161291866, 0.20751394574, 0.0048498721941],
      [0.027678915659, 0.9071929916, 0.029752747203, 0.035375345537],
      [0.00018570841195, 0.0026610867055, 0.99171754873, 0.0054356561569],
      [0.082699697201, 0.53658781507, 0.33002464019, 0.050687847533],
      [0.039439375622, 0.17402901851, 0.61887265262, 0.16765895325]
    ],
    [
      [0.78750519012, 0.06672360227, 0.13740859964, 0.0083626079777],
      [0.021080275888, 0.91054853205, 0.022131017104, 0.046240174954],
      [0.00026775397987, 0.0046827255159, 0.98391465345, 0.011134867055],
      [0.072275366672, 0.61145649034, 0.24221208085, 0.074056062139],
      [0.037403718141, 0.20905969634, 0.48868814593, 0.26484843959]
    ],
    [
      [0.7730872493, 0.05671703817, 0.16611646354, 0.0040792489874],
      [0.032010312725, 0.89362253101, 0.043697912911, 0.030669243349],
      [0.00023186983187, 0, 0.99473546486, 0.005032665313],
      [0.092402584406, 0.5496844695, 0.31247345663, 0.045439489464],
      [0.048037226571, 0.18550185799, 0.60943497702, 0.15702593842]
    ],
    [
      [0.6167235337, 0.11053723949, 0.26598596102, 0.0067532657853],
      [0.013852893283, 0.92915388825, 0.014865286679, 0.042127931784],
      [0.00014635295341, 0.0067197282102, 0.9867856583, 0.0063482605329],
      [0.060165505234, 0.53476553641, 0.34644299166, 0.058625966698],
      [0.025411998996, 0.16492687056, 0.62419944957, 0.18546168088]
    ],
    [
      [0.65901277318, 0.061321749823, 0.27711155369, 0.0025539233036],
      [0.022341834874, 0.86774543113, 0.089475385959, 0.020437348034],
      [9.8526789526e-05, 0, 0.99795909456, 0.0019423786469],
      [0.074205050758, 0.47493964061, 0.4244859202, 0.026369388439],
      [0.032349316005, 0.13912952703, 0.74443579906, 0.084085357907]
    ],
    [
      [0.7098915227, 0.0678627905, 0.21679230905, 0.0054533777418],
      [0.030090151496, 0.91310447783, 0.016574229375, 0.040231141299],
      [0.00033880067535, 0.0064844089333, 0.98587921656, 0.0072975738326],
      [0.090594579107, 0.55836296035, 0.29175954966, 0.059282910882],
      [0.047127394199, 0.18984183288, 0.56374445403, 0.19928631889]
    ],
    [
      [0.86799065014, 0.055137301398, 0.071975676593, 0.0048963718657],
      [0.033120353445, 0.8938803144, 0.038248844241, 0.034750487917],
      [0.0011448325917, 0.0022076817094, 0.98993211731, 0.0067153683927],
      [0.095558761612, 0.5719302926, 0.27911033103, 0.05340061476],
      [0.051018389251, 0.19766138994, 0.5619859072, 0.1893343136]
    ],
    [
      [0.62830760448, 0.11776417824, 0.24647890521, 0.0074493120592],
      [0.015286882837, 0.92354682048, 0.014186850336, 0.046979446348],
      [0.00016874682221, 0.0063022563773, 0.98575500215, 0.0077739946494],
      [0.06454898971, 0.54298102555, 0.32590473443, 0.066565250314],
      [0.028207910961, 0.17010161527, 0.59045195348, 0.21123852029]
    ],
    [
      [0.73920676336, 0.092360331257, 0.16700747734, 0.0014254280463],
      [0.02181918095, 0.96078245293, 0.0070896911472, 0.010308674977],
      [0.010624862591, 0.015410768679, 0.97220358642, 0.0017607823112],
      [0.090255073291, 0.61299277541, 0.28004413336, 0.016708017944],
      [0.052797005237, 0.24819945339, 0.63332985125, 0.065673690118]
    ],
    [
      [0.8020934901, 0.055984155417, 0.13894394254, 0.0029784119403],
      [0.030119334219, 0.93012312814, 0.014981446927, 0.024776090714],
      [0.026719958941, 0.010291160849, 0.95758853734, 0.0054003428677],
      [0.11496759622, 0.6037193195, 0.241267522, 0.040045562282],
      [0.069964210155, 0.24200358836, 0.53519059249, 0.15284160899]
    ],
    [
      [0.70080157754, 0.080784666189, 0.21277574069, 0.0056380155764],
      [0.025120123279, 0.90613621997, 0.027682427496, 0.041061229253],
      [0.00018331070316, 0.0016507814406, 0.99248478611, 0.0056811217502],
      [0.076255502861, 0.51010733286, 0.3579250957, 0.055712068586],
      [0.03390870259, 0.15397680355, 0.63684577024, 0.17526872362]
    ],
    [
      [0.86592680271, 0.056166020901, 0.074602097936, 0.003305078453],
      [0.029858490587, 0.8970470099, 0.050418058655, 0.022676440858],
      [0.0006907550522, 0.0010793148852, 0.99454719311, 0.0036827369501],
      [0.089021714004, 0.56266533859, 0.31368700471, 0.034625942698],
      [0.045631271862, 0.19835763276, 0.63271822558, 0.1232928698]
    ],
    [
      [0.756405264, 0.056716868334, 0.18438485943, 0.0024930082391],
      [0.051352558987, 0.8569770716, 0.064265538291, 0.027404831123],
      [0.00020558127195, 0, 0.99726115219, 0.002533266542],
      [0.10849282352, 0.44235366179, 0.41616078635, 0.032992728338],
      [0.050057091446, 0.1261912701, 0.72040877088, 0.10334286758]
    ],
    [
      [0.6901573782, 0.13400725904, 0.17357140603, 0.0022639567328],
      [0.025233739704, 0.95464487444, 0.0032918246716, 0.016829561185],
      [0.00028144111211, 0.019478238845, 0.97788653596, 0.0023537840872],
      [0.079519594452, 0.56366015037, 0.33260639295, 0.024213862229],
      [0.040219029012, 0.19570808998, 0.67816734807, 0.085905532936]
    ],
    [
      [0.74855451875, 0.060352824707, 0.18447958729, 0.006613069261],
      [0.033023869956, 0.85928709879, 0.051869616211, 0.055819415045],
      [0.00018176045808, 0, 0.99260042267, 0.007217816871],
      [0.087013357997, 0.46596469519, 0.3753985968, 0.071623350008],
      [0.036662029674, 0.12943433401, 0.62139755508, 0.21250608124]
    ],
    [
      [0.72564732312, 0.054406955237, 0.21634341851, 0.0036023031381],
      [0.032778858247, 0.85509742203, 0.080086066309, 0.032037653412],
      [0.00013841500213, 0, 0.99677030946, 0.0030912755352],
      [0.086102443973, 0.4516508192, 0.42270775368, 0.03953898315],
      [0.03627350367, 0.12655629225, 0.71594300172, 0.12122720236]
    ],
    [
      [0.51490614179, 0.078167905237, 0.4021653663, 0.004760586668],
      [0.0069801494796, 0.85604044609, 0.10600371513, 0.030975689304],
      [5.3338334417e-05, 0, 0.99719571756, 0.0027509441048],
      [0.045970573339, 0.46289783695, 0.45223649239, 0.038895097315],
      [0.010825187143, 0.12522966001, 0.74610125562, 0.11784389723]
    ],
    [
      [0.9422594786, 0.016136248701, 0.040625510345, 0.00097876235739],
      [0.31490117168, 0.56387278103, 0.080531623427, 0.040694423862],
      [0.00071713791099, 0.00010228050106, 0.99831598989, 0.0008645916998],
      [0.2155520697, 0.21770607566, 0.54297024439, 0.023771610242],
      [0.081349993092, 0.046676733367, 0.80427923704, 0.067694036497]
    ],
    [
      [0.58200745036, 0.13042323016, 0.27938017065, 0.0081891488203],
      [0.010637854073, 0.9054326145, 0.025054314246, 0.058875217176],
      [0.00012986988308, 0.0016303548867, 0.99098579453, 0.007253980699],
      [0.058111065801, 0.47430630224, 0.39527367033, 0.072308961622],
      [0.018437148368, 0.12990301441, 0.64250267925, 0.20915715797]
    ],
    [
      [0.78821981204, 0.16391160006, 0.043214519237, 0.0046540686671],
      [0.017590837156, 0.88966464295, 0.013242040801, 0.079502479097],
      [5.5181134287e-05, 0.0087407057916, 0.98623106292, 0.0049730501497],
      [0.050504073759, 0.38962775725, 0.50061014346, 0.059258025533],
      [0.019506986606, 0.08406732322, 0.71549121437, 0.1809344758]
    ],
    [
      [0.22298270501, 0.11156128934, 0.64702980952, 0.018426196135],
      [0.0034957790758, 0.8199482992, 0.045204538451, 0.13135138328],
      [1.388629108e-05, 0.00018994779125, 0.99015381759, 0.0096423483282],
      ["NaN", "NaN", "NaN", "NaN"],
      [0.0021427825567, 0.027005427039, 0.71394505948, 0.25690673092]
    ],
    [
      [0.64660673636, 0.075058933993, 0.27164142594, 0.0066929037087],
      [0.020211470044, 0.87211819558, 0.049552997264, 0.058117337107],
      [0.00010930482832, 0.00092596004299, 0.99358103533, 0.0053836998014],
      [0.066344865008, 0.42399759816, 0.44618856319, 0.063468973636],
      [0.024282449928, 0.10601924522, 0.69204856039, 0.17764974446]
    ],
    [
      [0.62123045836, 0.064836857435, 0.3114154208, 0.0025172634034],
      [0.016054149447, 0.82820303158, 0.12651852112, 0.029224297859],
      [8.4515318813e-05, 0, 0.99858817349, 0.0013273111908],
      [0.034594460378, 0.39972793647, 0.53510710489, 0.030570498257],
      [0.025060506418, 0.09774594615, 0.78443189467, 0.09276165276]
    ],
    [
      [0.64540356296, 0.068499172999, 0.27940205975, 0.0066952042971],
      [0.022566260417, 0.86917307869, 0.056177026172, 0.052083634725],
      [8.7888509864e-05, 0, 0.99297886584, 0.0069332456497],
      [0.076911932275, 0.47934846649, 0.37601330835, 0.067726292886],
      [0.033007474431, 0.13522339416, 0.63025087845, 0.20151825296]
    ],
    [
      [0, 0.19067038825, 0.7592788121, 0.050050799646],
      [0, 0.71767053257, 0.10057594246, 0.18175352498],
      [0, 0.00034481714839, 0.97975956446, 0.019895618396],
      ["NaN", "Inf", "NaN", "NaN"],
      [0, 0.053520151484, 0.53566254663, 0.41081730189]
    ],
    [
      [0.7712066592, 0.1329079141, 0.0930021459, 0.0028832808014],
      [0.040988728026, 0.91421727727, 0.013729701435, 0.031064293271],
      [0.00018735547462, 0.0014438677526, 0.99579090543, 0.0025778713392],
      [0.092644325558, 0.44851314895, 0.42361651509, 0.035226010406],
      [0.038243344661, 0.12412724725, 0.72853446513, 0.10909494296]
    ],
    [
      [0.78119940974, 0.058190199725, 0.15704271116, 0.0035676793761],
      [0.047153463601, 0.8934582817, 0.022903505158, 0.036484749538],
      [0.0019056469373, 0.0018444266132, 0.99201952235, 0.0042304040976],
      [0.10817556458, 0.46859340606, 0.37756449883, 0.045666530535],
      [0.05057611692, 0.13764217611, 0.66799247571, 0.14378923125]
    ],
    [
      [0.80065915362, 0.037077125113, 0.1587812778, 0.0034824434643],
      [0.044332929487, 0.73159652575, 0.16834316427, 0.055727380495],
      [0.00010133065801, 0.00012617831409, 0.99726664149, 0.0025058495356],
      [0.096530840712, 0.32319690703, 0.53257201152, 0.047700240732],
      [0.031178244926, 0.069488840635, 0.76889827385, 0.13043464059]
    ],
    [
      [0.88082885659, 0.063644282145, 0.051928946219, 0.0035979150454],
      [0.10869813647, 0.78982817289, 0.030152685463, 0.071321005182],
      [0.00023199237208, 0.0020437836194, 0.99332752859, 0.0043966954197],
      [0.13487355668, 0.32993983267, 0.47702639942, 0.058160211221],
      [0.050131750151, 0.076456701784, 0.71156572032, 0.16184582775]
    ],
    [
      [0.88712299504, 0.029380324556, 0.079447096683, 0.0040495837242],
      [0.079198776213, 0.74090633828, 0.095377075226, 0.084517810281],
      [0.00012502618502, 0.00018031436294, 0.99511390345, 0.0045807559987],
      [0.11548722261, 0.29344008042, 0.52870432026, 0.062368376711],
      [0.037405214509, 0.062660287316, 0.72639470812, 0.17353979005]
    ],
    [
      [0.64922329779, 0.089472407958, 0.25940198991, 0.0019023043403],
      [0.031150969293, 0.91883266907, 0.029168165903, 0.020848195732],
      [0, 0, 0.99803732727, 0.0019626727252],
      [0.10084096639, 0.48691034073, 0.38578103289, 0.026467659991],
      [0.052681833788, 0.14713950654, 0.71306562532, 0.087113034347]
    ],
    [
      [0.45744325859, 0.071447451441, 0.46540028749, 0.0057090024762],
      [0.0099888079085, 0.80692286394, 0.125177355, 0.057910973152],
      [3.572132393e-05, 0, 0.99643340778, 0.003530870898],
      ["NaN", "NaN", "NaN", "NaN"],
      [0.0086137541998, 0.080622694352, 0.75366112362, 0.15710242783]
    ],
    [
      [0.48684423969, 0.0857148075, 0.42116056277, 0.0062803900397],
      [0.0072346954948, 0.79893023365, 0.0094694097139, 0.18436566114],
      [3.8048385101e-05, 3.6926650861e-05, 0.9954351713, 0.0044898536637],
      ["NaN", "NaN", "NaN", "NaN"],
      [0.005965775062, 0.0094984750582, 0.76323971814, 0.22129603173]
    ],
    [
      ["NaN", "NaN", "NaN", "NaN"],
      [1.027162637e-33, 0.92297133865, 0.040426763682, 0.036601897663],
      [0, 0.00054820067155, 0.99650910679, 0.0029426925373],
      ["NaN", "NaN", "NaN", "NaN"],
      [0, 0.11434945903, 0.76242232486, 0.12322821611]
    ],
    [
      [0.84366713231, 0.046547779974, 0.10559639901, 0.0041886887032],
      [0.043835216497, 0.88459825212, 0.028782481087, 0.042784050301],
      [0.0025522645986, 0.0016917472367, 0.99045420422, 0.005301783941],
      [0.1081940186, 0.46817335503, 0.36921114355, 0.054421482819],
      [0.047921348377, 0.13633995609, 0.6456872922, 0.17005140333]
    ],
    [
      [0.47751830391, 0.063515042402, 0.45276613995, 0.0062005137388],
      [0.013254714073, 0.66893937208, 0.24441140136, 0.073394512484],
      [3.7139396094e-05, 7.1639358241e-05, 0.99706620499, 0.0028250162564],
      [0.048931436391, 0.29878765175, 0.59802274229, 0.054258169571],
      [0.0070784816981, 0.058299771597, 0.79842412897, 0.13619761774]
    ],
    [
      ["NaN", "NaN", "NaN", "NaN"],
      [0, 0.95848663375, 0.041513366254, 0],
      [0, 4.22510261e-05, 0.99995774897, 0],
      ["NaN", "NaN", "NaN", "NaN"],
      [9.2444637331e-33, 0.016275788498, 0.9837242115, 0]
    ],
    [
      [0.92421123888, 0.026212883365, 0.045427796903, 0.0041480808478],
      [0.099777350028, 0.74476142233, 0.076333855079, 0.079127372566],
      [0.00020998717238, 0.00038632612366, 0.99386847456, 0.0055352121486],
      [0.14530619256, 0.31461618913, 0.47131122208, 0.068766396231],
      [0.051672153238, 0.072222572479, 0.68693371146, 0.18917156282]
    ],
    [
      [0.41921205036, 0.44834784013, 0.13244010951, 0],
      [0.0052751420345, 0.98281076924, 0.011914088726, 0],
      [3.1230618402e-05, 0.0013683292346, 0.99860044015, 0],
      [0.033507762463, 0.48303921157, 0.48345302597, 0],
      [0.011961153547, 0.13518808351, 0.85285076295, 0]
    ],
    [
      [0.69672000601, 0.2233550986, 0.075160202119, 0.0047646932691],
      [0.021903264373, 0.89483800599, 0.026470994843, 0.05678773479],
      [9.8080308449e-05, 0.006160752323, 0.98979768323, 0.003943484143],
      [0.069555701056, 0.40964934225, 0.4692585809, 0.051536375792],
      [0.024408346552, 0.09948420054, 0.72748291508, 0.14862453783]
    ],
    [
      [0.71687268488, 0.068520138415, 0.21184429269, 0.0027628840085],
      [0.031102654528, 0.89652028257, 0.048500731172, 0.023876331726],
      [0.00014868968382, 9.5380966659e-05, 0.99751942868, 0.0022365006741],
      [0.083648169138, 0.47563313334, 0.4104616455, 0.030257052024],
      [0.036042462866, 0.13970879624, 0.72828382497, 0.09596491593]
    ],
    [
      [0.83246348039, 0.04807472095, 0.11457513857, 0.0048866600863],
      [0.038643673975, 0.89225596298, 0.024294587219, 0.044805775823],
      [0.0031790155432, 0.003273900112, 0.98603724005, 0.0075098442997],
      [0.10551616298, 0.52843208989, 0.30165438592, 0.064397361204],
      [0.052001250711, 0.16904274019, 0.56231603002, 0.21663997908]
    ],
    [
      [0.72787066139, 0.19295913731, 0.075144005501, 0.0040261957947],
      [0.04396236046, 0.8557466318, 0.046681511503, 0.053609496236],
      [0.00013595639888, 0.00052744462904, 0.99588725999, 0.0034493389783],
      [0.088518153248, 0.38180509838, 0.48186266423, 0.047814084145],
      [0.032359893692, 0.092079009703, 0.74078578444, 0.13477531217]
    ],
    [
      [0.57729133704, 0.086825387467, 0.32593845172, 0.0099448237643],
      [0.0073282674731, 0.83640808505, 0.087918020374, 0.068345627103],
      [6.4234942557e-05, 0, 0.99270285663, 0.0072329084253],
      [0.046883589814, 0.43519123322, 0.43615890403, 0.081766272937],
      [0.0098558062341, 0.10622590235, 0.65730868166, 0.22660960975]
    ],
    [
      [0.66129711278, 0.077810578583, 0.2531342172, 0.0077580914394],
      [0.018329852838, 0.87243872842, 0.054036095602, 0.055195323137],
      [8.8199918288e-05, 0.00069804928249, 0.99338661666, 0.0058271341373],
      [0.057527852263, 0.44823139276, 0.42890925117, 0.065331503808],
      [0.020632759981, 0.11497927452, 0.67993649241, 0.18445147309]
    ],
    [
      [0.7653964853, 0.10482349603, 0.11919457531, 0.010585443365],
      [0.016126586337, 0.92429749836, 0, 0.059575915299],
      [0.0038406404859, 0.028141439088, 0.95649004096, 0.011527879464],
      [0.062787320833, 0.55926341339, 0.29168719224, 0.086262073532],
      [0.026630380549, 0.17483331266, 0.52923445775, 0.26930184903]
    ],
    [
      [0.75468902795, 0.0673139884, 0.17379721528, 0.0041997683744],
      [0.039465594612, 0.89958235985, 0.021864073348, 0.039087972188],
      [0.0028058002388, 0.0026773465062, 0.98943246434, 0.0050843889185],
      [0.10154068866, 0.48851925125, 0.3589669664, 0.05097309369],
      [0.048163359487, 0.14703231172, 0.64366796795, 0.16113636084]
    ],
    [
      [0.79824540239, 0.06069351876, 0.13842875493, 0.0026323239115],
      [0.042290328808, 0.91189004734, 0.021165229678, 0.024654394172],
      [0.0043044538216, 0.0046098219097, 0.98764904381, 0.0034366804626],
      [0.11143404774, 0.52382195542, 0.33014538532, 0.034598611525],
      [0.058656718576, 0.17501306126, 0.64705329282, 0.11927692735]
    ],
    [
      [0.73730498388, 0.076642413308, 0.180713732, 0.0053388708082],
      [0.040655343373, 0.89225683505, 0.017917175406, 0.049170646168],
      [0.0033528499044, 0.00276940979, 0.98667995584, 0.0071977844681],
      [0.10426595421, 0.49203588747, 0.3388691191, 0.064829039229],
      [0.050160556885, 0.14785656167, 0.60124611327, 0.20073676817]
    ],
    [
      [0.60676344224, 0.18842668217, 0.20187726567, 0.0029326099171],
      [0.01524126015, 0.94994019727, 0.010160307034, 0.024658235545],
      [0.00025012700715, 0.0074011957163, 0.98927971067, 0.0030689666055],
      [0.075591061415, 0.52638263401, 0.36578932592, 0.032236978658],
      [0.03700416136, 0.16405761768, 0.69150938652, 0.10742883444]
    ]
  ],
  "expected_outcome": [
    [
      [4.2926622698, 12.9415849456, 6.1851318452, 6.0501555672e-18, 1.7765815935, 0.89898830078, 5.9271350215, 0, 2.8376316084, 1.358198549, 0.75393139795, 23.1613600074, 13.6658324535, 9.4558939546, 11.7185283044, 27.251165325, 12.4936176569, 37.0873365628, 25.9020629398, 15.2709911551, 9.9752712534, 11.6701745657, 24.6271808298, 19.4306067657, 29.9065909102, 15.0293528499, 19.7417666813, 13.6501854907, 24.5119201127, 17.2926111149, 10.4558179486, 24.1066612641, 13.2917776985, 14.7839149759, 37.8028040793, 12.1837116982, 16.746737026, 9.5563979086, 11.0331275047, 28.6393272333, 4.852019923, 27.9447654386, 13.2255968221, 19.935229145, 15.9449551958, 4.3083573535, 3.6732364477, 19.4183645225, 0.81221761814, 0.93917226491, 8.5877013431, 2.6144441019, 59.6807842674, 0, 3.8241973595, 30.0269110327, 1.6071593311, 4.2896352437, 1.7416957681, 15.5012147677, 1.9041861817, 0.97886515708, 0, 6.5122128654, 2.5578665103, 0, 2.6786229444, 0.85293382686, 2.1378944955, 10.0642521919, 4.844147601, 5.1567232999, 2.4083760706, 3.2994437342, 7.9789417481, 93.6188928396, 17.1991645252, 76.8838993388, 15.7609800832],
      [0.87572167287, 3.1640439023, 0.82030386782, 0, 0.80207213572, 0.89721966378, 0.64486247681, 1.2396662514, 0.36981399238, 0.12816120124, 0.16065184, 2.0666218948, 1.8863230353, 0.82476795345, 1.3569538337, 3.5025558764, 1.9795588865, 3.5679287699, 2.4786753307, 1.8571367011, 0.66569924015, 1.1402081101, 2.8712623278, 3.3008078682, 2.9249912437, 2.6986492485, 1.6268499282, 0.91650222684, 2.867295805, 2.1095372706, 1.3424769309, 2.6083317786, 2.6949123357, 1.9388157128, 4.9071630668, 1.1886009594, 3.3935135334, 1.4148634224, 1.1263995735, 4.1626890282, 0.48431087219, 2.7479106192, 2.5770643816, 2.2088644192, 1.7201899816, 0.88745011251, 0.089081486272, 4.4428543605, 0.12150197905, 0.60140532925, 1.2729902842, 0.33260121547, 8.353135228, 0.25909510377, 0.59741634826, 3.0098891302, 0.099417885309, 0.31854730957, 0.079134870214, 2.361470551, 0.37991209654, 0.1259338616, 0, 0.53516569997, 0.43068114707, 0, 0.11301481039, 0.81737741842, 0.52346981604, 1.2445352866, 0.41454084979, 1.0651123547, 0.43996147535, 0.5198503904, 1.3610332503, 10.6896162741, 1.7517874868, 9.461747422, 4.3942321552],
      [0.8192165231, 3.7886537774, 0.90388420522, 0, 0.41098159363, 2.1713746499, 1.3828669029, 0.73801921926, 0.78764083765, 0.50736632196, 0.075778579837, 3.6583598637, 3.3869489209, 1.615265979, 1.8403283323, 7.9654872342, 4.4489352982, 6.1821339534, 3.4789348941, 2.755160918, 1.3046819601, 2.0775843554, 6.3260222675, 5.1175575386, 7.0777714422, 6.1759648116, 3.5137788147, 1.3804308898, 4.4595474169, 4.474021191, 2.0836101427, 5.1459427843, 4.8632341525, 5.2165350257, 9.9751515913, 1.5515876925, 5.6535135167, 2.0086581547, 1.7948177271, 7.9525423846, 0.6432823002, 6.2054536762, 3.1507348387, 4.6659419202, 4.2506227674, 2.7631971733, 0.23353830938, 7.8543573851, 0.062105347584, 2.3808615791, 3.0472255843, 1.0416966859, 21.3084467088, 0.6846549382, 0.56331812893, 5.8110395822, 0.28647568851, 0.37314602957, 0.17113474208, 5.0865233162, 1.690892108, 0.88225034875, 0, 0.91712218312, 1.9779866621, 0, 0.19585841748, 0.32968875472, 0.32404737293, 2.6503241171, 0.70976617833, 0.74868801637, 1.1099131759, 1.1409576142, 1.5425813722, 20.1169919566, 2.9857544905, 17.0406263377, 4.7605230381],
      [0.012399534275, 0.10571737466, 0.090680081783, 0, 0.010364677105, 0.032417385554, 0.045135598779, 0.022314529327, 0.0049135615574, 0.00627392779, 0.0096381822202, 0.11365823409, 0.060895590271, 0.10407211292, 0.084189529549, 0.28079156443, 0.077888158358, 0.16260071394, 0.14032683547, 0.11671122581, 0.05434754637, 0.11203296881, 0.17553457488, 0.15102782747, 0.090646403905, 0.096033090008, 0.11760457576, 0.052881392681, 0.16123666537, 0.12383042353, 0.11809497783, 0.13906417298, 0.15007581333, 0.060734285616, 0.31488126258, 0.076099649924, 0.20623592394, 0.020080514295, 0.045655194668, 0.24544135387, 0.020386904579, 0.10187026592, 0.04660395763, 0.18996451559, 0.08423205522, 0.040995360676, 0.0041437566896, 0.28442373181, 0.0041750552284, 0.078560826793, 0.092082788391, 0.011257996757, 0.65763379581, 0.056249958028, 0.015068163348, 0.15216025487, 0.0069470950777, 0.018671417126, 0.0080346196051, 0.050791365096, 0.025009613754, 0.012950632571, 0, 0.035499251517, 0.033465680564, 0, 0.012503827685, 0, 0.014588315556, 0.04088840439, 0.03154537085, 0.02947632904, 0.041749278134, 0.039748261212, 0.11744362949, 0.57449892961, 0.063293497505, 0.61372690151, 0.084264723542]
    ],
    [
      [0.34189671264, 0.81256217012, 0.88955613661, 0.12951991921, 0.061890993078, 0.036597731012, 3.516682135, 0, 0.30710251632, 0.17036679309, 0.091617992991, 17.3924240364, 5.5654267492, 3.9014148116, 9.4287107143, 9.2290575567, 4.903486011, 16.2497228312, 23.3988016874, 5.9486775522, 8.0517135394, 8.175062363, 10.3932211217, 5.3007094829, 8.1720222502, 3.2152169936, 9.6663913735, 12.7512137254, 6.4955966872, 6.7723606193, 6.9831957155, 12.3675653051, 2.0420002606, 3.4641527393, 10.3898201926, 14.5370677365, 2.5407832418, 2.1681999686, 3.0250144663, 9.9217792818, 6.141846598, 10.4745669502, 3.1850878591, 9.2306920274, 6.6778217166, 0.23180165086, 2.6240546629, 0.96400590546, 0.049505825013, 0.033449735638, 1.549913036, 0.081326035322, 9.6775767159, 0, 1.4236867296, 11.797710668, 0.63733505069, 2.3359762206, 0.87704768705, 1.0113297877, 0.056222926973, 0.010397275876, 3.5428255349e-32, 3.8184414853, 0.18651345291, 0, 2.9944239673, 0.038599110777, 0.20582320023, 3.8613588646, 2.3317536649, 1.1968987563, 0.1402426208, 1.576457807, 5.2060673017, 31.5193257586, 7.054484276, 20.9458686572, 0.59192918946],
      [10.2782492798, 249.4114321173, 200.6227251008, 0.74058230905, 14.4659778723, 17.7645820937, 92.727771585, 3.7869804617, 13.7652986106, 8.8676938879, 4.291340796, 346.867503478, 251.1315901763, 75.7336988259, 307.0779347178, 318.4236380877, 265.4412856263, 338.0773654082, 565.559043104, 143.9900635072, 98.0700601326, 190.1640072654, 301.354477155, 207.1495926148, 136.3280446766, 209.7357637035, 129.4572105758, 167.0609996901, 341.7633646082, 210.7612695083, 273.8057329555, 321.8161632285, 153.406745732, 141.9331538767, 305.2837944586, 367.3397189989, 169.1995976055, 101.3216499666, 98.4321109565, 351.9048584841, 170.8751264278, 167.4002053271, 119.1808998938, 230.11922063, 169.7776807673, 50.1679228159, 4.1805862133, 145.3973254245, 4.5505344903, 14.0526423898, 78.3315968923, 7.0965669522, 409.7235869308, 3.5217744768, 30.9580194459, 215.857842498, 10.7343483533, 15.6121831907, 7.9888950112, 38.4037742301, 7.957312681, 0.85738290573, 22.1634238955, 73.5229071293, 16.276549781, 1.9326618813, 21.359379316, 12.7388119943, 11.6948885745, 108.4471677899, 50.0261308037, 24.5579780578, 28.2214010902, 77.2965684125, 298.7864424397, 707.0245393987, 145.9877699299, 455.2077694267, 65.8051901712],
      [0.15663836036, 0.56863430509, 1.2969975657, 0.011508145874, 0.17481621186, 1.4185946305, 7.8235451395, 0.05733790189, 1.7251211987, 3.4920446097, 0.062267288256, 22.1205253894, 2.418927286, 1.9022603785, 4.9473335351, 11.3166305523, 15.2629310397, 5.4125680574, 25.9566729548, 1.1618862978, 9.7128137355, 8.7919447715, 14.9403884385, 2.0286283372, 4.3796156545, 18.1757019305, 10.5073993937, 10.7668089441, 1.5444323686, 6.2983930995, 4.8772227546, 13.6743695003, 2.7869049284, 15.3659368354, 4.7653656636, 12.5477072059, 2.7838578842, 0.41900229822, 0.88540679174, 10.6666583611, 7.6133502976, 13.033771001, 0.59135193167, 14.1787229578, 16.470650992, 6.855402884, 0.92588223638, 5.7970588237, 0.095153383769, 1.0903574978, 6.3540557742, 1.5860150346, 28.7277376185, 0.70762847408, 0.67087146698, 5.947693534, 2.9123992599, 0.86667307393, 1.3595970202, 1.7605879408, 1.4867993604, 0.013608874797, 1.0532989603, 2.2673845876, 6.9952548741, 0.067338118658, 2.6483153086, 0.22258889488, 0.49455309791, 5.9656989833, 1.1273846402, 1.9455492024, 3.4600835517, 5.6014768754, 0, 17.8718963074, 3.0755627266, 9.5415682003, 1.0075236138],
