{
  "Z_true": {},
  "V_true": [
    [42, 29, 1082, 255],
    [1702, 842, 341, 104],
    [1743, 6861, 815, 603],
    [597, 303, 17552, 930],
    [360, 720, 858, 980]
  ],
  "p_true": [
    [0.0298, 0.0206, 0.7685, 0.1811],
    [0.5694, 0.2817, 0.1141, 0.0348],
    [0.1739, 0.6846, 0.0813, 0.0602],
    [0.0308, 0.0156, 0.9056, 0.048],
    [0.1234, 0.2467, 0.294, 0.3358]
  ],
  "Z_est": [
    [
      [10.314, 19.482, 21.774, 8.786, 1.91, 3.82, 9.932, 5.348, 13.37, 7.64, 3.82, 6.494, 14.134, 5.348, 12.988, 9.55, 7.64, 11.842, 8.786, 1.146, 1.528, 0, 25.976, 13.752, 22.156, 17.19, 22.92, 6.876, 9.55, 26.74, 21.774, 14.516, 19.864, 8.022, 3.056, 13.752, 8.022, 9.55, 0.382, 0, 0.382, 0, 0.382, 1.146, 5.73, 0.764, 4.584, 45.458, 6.112, 34.762, 8.786],
      [3.5019, 6.6147, 7.3929, 2.9831, 0.6485, 1.297, 3.3722, 1.8158, 4.5395, 2.594, 1.297, 2.2049, 4.7989, 1.8158, 4.4098, 3.2425, 2.594, 4.0207, 2.9831, 0.3891, 0.5188, 0, 8.8196, 4.6692, 7.5226, 5.8365, 7.782, 2.3346, 3.2425, 9.079, 7.3929, 4.9286, 6.7444, 2.7237, 1.0376, 4.6692, 2.7237, 3.2425, 0.1297, 0, 0.1297, 0, 0.1297, 0.3891, 1.9455, 0.2594, 1.5564, 15.4343, 2.0752, 11.8027, 2.9831],
      [8.1405, 15.3765, 17.1855, 6.9345, 1.5075, 3.015, 7.839, 4.221, 10.5525, 6.03, 3.015, 5.1255, 11.1555, 4.221, 10.251, 7.5375, 6.03, 9.3465, 6.9345, 0.9045, 1.206, 0, 20.502, 10.854, 17.487, 13.5675, 18.09, 5.427, 7.5375, 21.105, 17.1855, 11.457, 15.678, 6.3315, 2.412, 10.854, 6.3315, 7.5375, 0.3015, 0, 0.3015, 0, 0.3015, 0.9045, 4.5225, 0.603, 3.618, 35.8785, 4.824, 27.4365, 6.9345],
      [5.0436, 9.5268, 10.6476, 4.2964, 0.934, 1.868, 4.8568, 2.6152, 6.538, 3.736, 1.868, 3.1756, 6.9116, 2.6152, 6.3512, 4.67, 3.736, 5.7908, 4.2964, 0.5604, 0.7472, 0, 12.7024, 6.7248, 10.8344, 8.406, 11.208, 3.3624, 4.67, 13.076, 10.6476, 7.0984, 9.7136, 3.9228, 1.4944, 6.7248, 3.9228, 4.67, 0.1868, 0, 0.1868, 0, 0.1868, 0.5604, 2.802, 0.3736, 2.2416, 22.2292, 2.9888, 16.9988, 4.2964]
    ],
    [
      [42.108, 57.5476, 68.0746, 24.563, 14.036, 9.8252, 33.6864, 27.3702, 35.09, 32.2828, 14.036, 30.1774, 40.7044, 47.7224, 82.1106, 32.9846, 38.599, 53.3368, 36.4936, 7.7198, 11.2288, 3.509, 54.7404, 19.6504, 61.0566, 47.7224, 42.8098, 14.036, 42.8098, 149.4834, 66.671, 49.126, 101.761, 32.9846, 14.036, 73.689, 24.563, 35.7918, 6.3162, 1.4036, 1.4036, 2.1054, 2.1054, 1.4036, 21.7558, 1.4036, 17.545, 174.7482, 32.9846, 174.7482, 85.6196],
      [4.776, 6.5272, 7.7212, 2.786, 1.592, 1.1144, 3.8208, 3.1044, 3.98, 3.6616, 1.592, 3.4228, 4.6168, 5.4128, 9.3132, 3.7412, 4.378, 6.0496, 4.1392, 0.8756, 1.2736, 0.398, 6.2088, 2.2288, 6.9252, 5.4128, 4.8556, 1.592, 4.8556, 16.9548, 7.562, 5.572, 11.542, 3.7412, 1.592, 8.358, 2.786, 4.0596, 0.7164, 0.1592, 0.1592, 0.2388, 0.2388, 0.1592, 2.4676, 0.1592, 1.99, 19.8204, 3.7412, 19.8204, 9.7112],
      [7.14, 9.758, 11.543, 4.165, 2.38, 1.666, 5.712, 4.641, 5.95, 5.474, 2.38, 5.117, 6.902, 8.092, 13.923, 5.593, 6.545, 9.044, 6.188, 1.309, 1.904, 0.595, 9.282, 3.332, 10.353, 8.092, 7.259, 2.38, 7.259, 25.347, 11.305, 8.33, 17.255, 5.593, 2.38, 12.495, 4.165, 6.069, 1.071, 0.238, 0.238, 0.357, 0.357, 0.238, 3.689, 0.238, 2.975, 29.631, 5.593, 29.631, 14.518],
      [5.982, 8.1754, 9.6709, 3.4895, 1.994, 1.3958, 4.7856, 3.8883, 4.985, 4.5862, 1.994, 4.2871, 5.7826, 6.7796, 11.6649, 4.6859, 5.4835, 7.5772, 5.1844, 1.0967, 1.5952, 0.4985, 7.7766, 2.7916, 8.6739, 6.7796, 6.0817, 1.994, 6.0817, 21.2361, 9.4715, 6.979, 14.4565, 4.6859, 1.994, 10.4685, 3.4895, 5.0847, 0.8973, 0.1994, 0.1994, 0.2991, 0.2991, 0.1994, 3.0907, 0.1994, 2.4925, 24.8253, 4.6859, 24.8253, 12.1634]
    ],
    [
      [21.1509, 34.3578, 32.4711, 16.7817, 8.3412, 15.5901, 39.3228, 36.6417, 39.2235, 28.8963, 11.3202, 16.3845, 15.3915, 20.9523, 39.72, 22.4418, 16.6824, 36.3438, 20.0586, 2.4825, 1.6881, 0.7944, 13.8027, 5.1636, 24.1299, 12.7104, 12.4125, 6.6531, 17.5761, 55.1115, 38.3298, 13.7034, 23.832, 24.0306, 10.3272, 26.3145, 8.0433, 10.1286, 1.7874, 0.993, 0.4965, 0.4965, 0.4965, 1.1916, 13.4055, 0.4965, 24.0306, 72.489, 11.2209, 70.3044, 18.4698],
      [165.4584, 268.7728, 254.0136, 131.2792, 65.2512, 121.9576, 307.6128, 286.6392, 306.836, 226.0488, 88.5552, 128.172, 120.404, 163.9048, 310.72, 175.5568, 130.5024, 284.3088, 156.9136, 19.42, 13.2056, 6.2144, 107.9752, 40.3936, 188.7624, 99.4304, 97.1, 52.0456, 137.4936, 431.124, 299.8448, 107.1984, 186.432, 187.9856, 80.7872, 205.852, 62.9208, 79.2336, 13.9824, 7.768, 3.884, 3.884, 3.884, 9.3216, 104.868, 3.884, 187.9856, 567.064, 87.7784, 549.9744, 144.4848],
      [13.6533, 22.1786, 20.9607, 10.8329, 5.3844, 10.0637, 25.3836, 23.6529, 25.3195, 18.6531, 7.3074, 10.5765, 9.9355, 13.5251, 25.64, 14.4866, 10.7688, 23.4606, 12.9482, 1.6025, 1.0897, 0.5128, 8.9099, 3.3332, 15.5763, 8.2048, 8.0125, 4.2947, 11.3457, 35.5755, 24.7426, 8.8458, 15.384, 15.5122, 6.6664, 16.9865, 5.1921, 6.5382, 1.1538, 0.641, 0.3205, 0.3205, 0.3205, 0.7692, 8.6535, 0.3205, 15.5122, 46.793, 7.2433, 45.3828, 11.9226],
      [12.7374, 20.6908, 19.5546, 10.1062, 5.0232, 9.3886, 23.6808, 22.0662, 23.621, 17.4018, 6.8172, 9.867, 9.269, 12.6178, 23.92, 13.5148, 10.0464, 21.8868, 12.0796, 1.495, 1.0166, 0.4784, 8.3122, 3.1096, 14.5314, 7.6544, 7.475, 4.0066, 10.5846, 33.189, 23.0828, 8.2524, 14.352, 14.4716, 6.2192, 15.847, 4.8438, 6.0996, 1.0764, 0.598, 0.299, 0.299, 0.299, 0.7176, 8.073, 0.299, 14.4716, 43.654, 6.7574, 42.3384, 11.1228]
    ],
    [
      [5.9452, 10.0036, 12.371, 6.6216, 3.738, 2.8658, 9.1136, 5.9808, 9.879, 5.3934, 2.6166, 2.9548, 6.9776, 5.2688, 9.5052, 5.7316, 5.4824, 8.4194, 7.654, 0.5874, 0.534, 0.2848, 9.4162, 8.633, 14.3468, 9.434, 11.8548, 3.1506, 6.4436, 15.6284, 15.7886, 8.8288, 14.1332, 5.3222, 2.0292, 8.9, 2.5988, 4.2898, 0.9078, 0.2848, 0.2848, 0.2314, 0.089, 0.2136, 3.5956, 0.1958, 4.895, 32.3426, 4.628, 21.6092, 6.9954],
      [3.8744, 6.5192, 8.062, 4.3152, 2.436, 1.8676, 5.9392, 3.8976, 6.438, 3.5148, 1.7052, 1.9256, 4.5472, 3.4336, 6.1944, 3.7352, 3.5728, 5.4868, 4.988, 0.3828, 0.348, 0.1856, 6.1364, 5.626, 9.3496, 6.148, 7.7256, 2.0532, 4.1992, 10.1848, 10.2892, 5.7536, 9.2104, 3.4684, 1.3224, 5.8, 1.6936, 2.7956, 0.5916, 0.1856, 0.1856, 0.1508, 0.058, 0.1392, 2.3432, 0.1276, 3.19, 21.0772, 3.016, 14.0824, 4.5588],
      [319.7382, 538.0026, 665.3235, 356.1156, 201.033, 154.1253, 490.1376, 321.6528, 531.3015, 290.0619, 140.7231, 158.9118, 375.2616, 283.3608, 511.1982, 308.2506, 294.8484, 452.8029, 411.639, 31.5909, 28.719, 15.3168, 506.4117, 464.2905, 771.5838, 507.369, 637.5618, 169.4421, 346.5426, 840.5094, 849.1251, 474.8208, 760.0962, 286.2327, 109.1322, 478.65, 139.7658, 230.7093, 48.8223, 15.3168, 15.3168, 12.4449, 4.7865, 11.4876, 193.3746, 10.5303, 263.2575, 1739.4141, 248.898, 1162.1622, 376.2189],
      [4.4422, 7.4746, 9.2435, 4.9476, 2.793, 2.1413, 6.8096, 4.4688, 7.3815, 4.0299, 1.9551, 2.2078, 5.2136, 3.9368, 7.1022, 4.2826, 4.0964, 6.2909, 5.719, 0.4389, 0.399, 0.2128, 7.0357, 6.4505, 10.7198, 7.049, 8.8578, 2.3541, 4.8146, 11.6774, 11.7971, 6.5968, 10.5602, 3.9767, 1.5162, 6.65, 1.9418, 3.2053, 0.6783, 0.2128, 0.2128, 0.1729, 0.0665, 0.1596, 2.6866, 0.1463, 3.6575, 24.1661, 3.458, 16.1462, 5.2269]
    ],
    [
      [10.9004, 15.0682, 15.2285, 10.5798, 5.4502, 5.6105, 20.0375, 13.1446, 17.1521, 14.2667, 3.6869, 8.3356, 8.8165, 8.4959, 16.03, 13.4652, 6.0914, 16.6712, 8.8165, 0.8015, 0.1603, 0.3206, 6.7326, 3.0457, 13.4652, 7.8547, 6.0914, 3.5266, 11.0607, 23.8847, 14.5873, 6.5723, 10.5798, 11.5416, 6.2517, 12.1828, 3.206, 6.2517, 0.9618, 0.8015, 0.1603, 0.8015, 0.6412, 0.3206, 8.015, 0.6412, 14.2667, 37.5102, 5.7708, 29.0143, 2.8854],
      [8.3436, 11.5338, 11.6565, 8.0982, 4.1718, 4.2945, 15.3375, 10.0614, 13.1289, 10.9203, 2.8221, 6.3804, 6.7485, 6.5031, 12.27, 10.3068, 4.6626, 12.7608, 6.7485, 0.6135, 0.1227, 0.2454, 5.1534, 2.3313, 10.3068, 6.0123, 4.6626, 2.6994, 8.4663, 18.2823, 11.1657, 5.0307, 8.0982, 8.8344, 4.7853, 9.3252, 2.454, 4.7853, 0.7362, 0.6135, 0.1227, 0.6135, 0.4908, 0.2454, 6.135, 0.4908, 10.9203, 28.7118, 4.4172, 22.2087, 2.2086],
      [14.5452, 20.1066, 20.3205, 14.1174, 7.2726, 7.4865, 26.7375, 17.5398, 22.8873, 19.0371, 4.9197, 11.1228, 11.7645, 11.3367, 21.39, 17.9676, 8.1282, 22.2456, 11.7645, 1.0695, 0.2139, 0.4278, 8.9838, 4.0641, 17.9676, 10.4811, 8.1282, 4.7058, 14.7591, 31.8711, 19.4649, 8.7699, 14.1174, 15.4008, 8.3421, 16.2564, 4.278, 8.3421, 1.2834, 1.0695, 0.2139, 1.0695, 0.8556, 0.4278, 10.695, 0.8556, 19.0371, 50.0526, 7.7004, 38.7159, 3.8502],
      [34.2108, 47.2914, 47.7945, 33.2046, 17.1054, 17.6085, 62.8875, 41.2542, 53.8317, 44.7759, 11.5713, 26.1612, 27.6705, 26.6643, 50.31, 42.2604, 19.1178, 52.3224, 27.6705, 2.5155, 0.5031, 1.0062, 21.1302, 9.5589, 42.2604, 24.6519, 19.1178, 11.0682, 34.7139, 74.9619, 45.7821, 20.6271, 33.2046, 36.2232, 19.6209, 38.2356, 10.062, 19.6209, 3.0186, 2.5155, 0.5031, 2.5155, 2.0124, 1.0062, 25.155, 2.0124, 44.7759, 117.7254, 18.1116, 91.0611, 9.0558]
    ]
  ],
  "V_est": [
    [537.856, 182.6176, 424.512, 263.0144],
    [2097.6802, 237.9244, 355.691, 298.0033],
    [995.1846, 7785.0896, 642.4102, 599.3156],
    [344.9996, 224.8312, 18554.3886, 257.7806],
    [467.7554, 358.0386, 624.1602, 1468.0458]
  ],
  "p_est": [
    [0.382, 0.1297, 0.3015, 0.1868],
    [0.7018, 0.0796, 0.119, 0.0997],
    [0.0993, 0.7768, 0.0641, 0.0598],
    [0.0178, 0.0116, 0.9573, 0.0133],
    [0.1603, 0.1227, 0.2139, 0.5031]
  ],
  "EI_Z": {},
  "EI_V": 10.3053,
  "MAE_Z": {},
  "MAE_V": 378.3992,
  "MAE_p": 0.1017,
  "runtime": 106.354
}
