{
  "X": [
    [13, 10, 16, 24, 37],
    [17, 12, 15, 21, 35],
    [21, 19, 13, 11, 36],
    [23, 10, 11, 27, 29],
    [15, 19, 15, 16, 35],
    [17, 12, 13, 19, 39],
    [24, 11, 14, 30, 21],
    [16, 11, 16, 27, 30],
    [27, 9, 12, 36, 16],
    [17, 5, 12, 46, 20],
    [23, 11, 13, 32, 21],
    [26, 10, 9, 34, 21],
    [25, 15, 23, 20, 17],
    [38, 9, 23, 17, 13],
    [38, 16, 23, 14, 9],
    [38, 11, 25, 8, 18],
    [35, 22, 19, 14, 10],
    [49, 11, 18, 8, 14],
    [40, 20, 19, 9, 12],
    [15, 18, 20, 22, 25],
    [16, 33, 26, 12, 13],
    [10, 40, 18, 15, 17],
    [13, 29, 27, 12, 19],
    [18, 33, 23, 8, 18],
    [15, 25, 25, 17, 18],
    [12, 6, 58, 11, 13],
    [19, 11, 48, 8, 14],
    [10, 7, 65, 8, 10],
    [11, 6, 54, 17, 12],
    [15, 12, 48, 12, 13],
    [13, 7, 58, 10, 12],
    [11, 25, 33, 21, 10],
    [14, 31, 24, 19, 12],
    [11, 31, 19, 17, 22],
    [16, 19, 26, 23, 16],
    [13, 26, 27, 20, 14],
    [14, 27, 28, 21, 10],
    [17, 20, 31, 17, 15],
    [17, 12, 53, 8, 10],
    [20, 11, 37, 15, 17],
    [29, 10, 39, 10, 12],
    [18, 10, 52, 13, 7],
    [26, 11, 52, 8, 3],
    [30, 7, 37, 16, 10],
    [25, 28, 14, 23, 10],
    [21, 30, 23, 18, 8],
    [28, 27, 19, 17, 9],
    [33, 23, 19, 16, 9],
    [30, 22, 15, 20, 13],
    [22, 24, 25, 19, 10]
  ],
  "W": [
    [66, 6, 5, 2, 8, 6, 5, 2],
    [56, 6, 10, 3, 7, 8, 4, 6],
    [59, 3, 3, 10, 4, 11, 3, 7],
    [64, 6, 6, 7, 8, 1, 4, 4],
    [52, 7, 6, 10, 5, 5, 8, 7],
    [55, 8, 7, 6, 4, 2, 7, 11],
    [17, 40, 5, 5, 5, 7, 14, 7],
    [9, 54, 6, 10, 9, 2, 5, 5],
    [5, 58, 6, 9, 2, 3, 8, 9],
    [7, 59, 8, 3, 5, 6, 5, 7],
    [5, 63, 9, 4, 3, 7, 5, 4],
    [5, 58, 7, 4, 3, 7, 6, 10],
    [4, 25, 31, 6, 10, 8, 9, 7],
    [6, 11, 49, 5, 11, 5, 7, 6],
    [6, 3, 53, 6, 7, 9, 8, 8],
    [5, 6, 57, 8, 8, 2, 8, 6],
    [5, 7, 54, 9, 3, 9, 9, 4],
    [3, 5, 61, 5, 8, 4, 9, 5],
    [8, 5, 46, 16, 7, 3, 7, 8],
    [7, 9, 5, 57, 3, 9, 4, 6],
    [2, 6, 3, 59, 6, 5, 11, 8],
    [4, 11, 7, 59, 3, 6, 5, 5],
    [3, 7, 6, 43, 14, 8, 7, 12],
    [4, 3, 9, 64, 6, 9, 4, 1],
    [5, 8, 6, 57, 5, 3, 8, 8],
    [7, 5, 7, 8, 57, 7, 5, 4],
    [5, 5, 10, 5, 53, 6, 5, 11],
    [7, 5, 4, 4, 69, 1, 4, 6],
    [6, 8, 3, 6, 60, 6, 6, 5],
    [2, 12, 9, 5, 45, 10, 6, 11],
    [8, 6, 3, 6, 62, 8, 5, 2],
    [5, 4, 4, 4, 22, 48, 2, 11],
    [11, 4, 6, 6, 4, 52, 10, 7],
    [7, 6, 6, 8, 2, 65, 5, 1],
    [8, 4, 3, 5, 6, 55, 11, 8],
    [6, 7, 8, 6, 3, 61, 5, 4],
    [5, 9, 9, 2, 10, 51, 8, 6],
    [9, 8, 5, 7, 5, 28, 31, 7],
    [6, 4, 5, 10, 7, 6, 58, 4],
    [12, 9, 6, 7, 3, 9, 50, 4],
    [13, 4, 4, 2, 9, 8, 54, 6],
    [7, 7, 6, 9, 10, 5, 50, 6],
    [1, 2, 8, 10, 8, 8, 58, 5],
    [9, 7, 8, 4, 2, 5, 46, 19],
    [5, 7, 4, 3, 8, 11, 4, 58],
    [8, 3, 7, 9, 7, 3, 9, 54],
    [4, 5, 9, 13, 4, 4, 5, 56],
    [4, 3, 11, 5, 4, 11, 5, 57],
    [2, 10, 9, 7, 5, 6, 6, 55],
    [6, 7, 6, 7, 6, 6, 7, 55]
  ],
  "method": "mcmc",
  "mcmc_stepsize": 3000,
  "mcmc_samples": 1000,
  "burn_in": 10000,
  "cond_prob": [
    [
      [0.13520879915, 0.10216779596, 0.080018256831, 0.22799291203, 0.45461223603],
      [0.01422621917, 0.012079213964, 0.01408588006, 0.79461720238, 0.16499148442],
      [0.3998978699, 0.19244489479, 0.35310251778, 0.014361355713, 0.040193361826],
      [0.012049038292, 0.083077486083, 0.85942070648, 0.016112698028, 0.029340071117],
      [0.1140802594, 0.0017963477553, 0.48387242406, 0.040106806045, 0.36014416274],
      [0.015313261817, 0.32474358509, 0.17074338678, 0.18443862308, 0.30476114324],
      [0.18869355811, 0.0060403889922, 0.26835516945, 0.35100455577, 0.18590632768],
      [0.0096425393057, 0.031518249495, 0.45635510325, 0.44911172582, 0.05337238213]
    ],
    [
      [0.071975017307, 0.085774114347, 0.10261910191, 0.24159504903, 0.49803671741],
      [0.17909275016, 0.011802650477, 0.023427355578, 0.32245754091, 0.46321970288],
      [0.39149655535, 0.12535694105, 0.38163606655, 0.093557271345, 0.0079531657051],
      [0.010464215692, 0.37909804802, 0.30201698342, 0.028552605556, 0.27986814732],
      [0.2520941381, 0.0013879980804, 0.28171971649, 0.29237773446, 0.17242041287],
      [0.21756452538, 0.36768597329, 0.1394156207, 0.14700896588, 0.12832491475],
      [0.62508151628, 0.0024240558863, 0.08384893251, 0.055095632086, 0.23354986324],
      [0.32383051573, 0.29567835712, 0.16126597214, 0.17860051372, 0.04062464129]
    ],
    [
      [0.22563671226, 0.10878796856, 0.083752793212, 0.085682206724, 0.49614031925],
      [0.2506516029, 0.07392035155, 0.31249364193, 0.12232153542, 0.2406128682],
      [0.43784405175, 0.28192809852, 0.16165376427, 0.016150569008, 0.10242351646],
      [0.20856420743, 0.3505159719, 0.19594732164, 0.10286757966, 0.14210491936],
      [0.12259797946, 0.016049383226, 0.46195513651, 0.27897691999, 0.12042058082],
      [0.088248651647, 0.48709815953, 0.092510423071, 0.11772716953, 0.21441559622],
      [0.23882764929, 0.1301781951, 0.37508754592, 0.063452587448, 0.19245402224],
      [0.19409927206, 0.31371327327, 0.097995989696, 0.27134191231, 0.12284955266]
    ],
    [
      [0.18220320473, 0.084394508902, 0.083896380139, 0.27399641299, 0.37550949324],
      [0.3647137784, 0.075043285656, 0.013082930683, 0.38753046433, 0.15962954093],
      [0.69776686944, 0.19573193106, 0.084962683004, 0.0092024384418, 0.012336078052],
      [0.25502026499, 0.26206272215, 0.085493916782, 0.20327000247, 0.1941530936],
      [0.15099648719, 0.062378867475, 0.32523619908, 0.3147816016, 0.14660684465],
      [0.50655749737, 0.002098676722, 0.028715219227, 0.43409383849, 0.028534768186],
      [0.16766906079, 0.0133662776, 0.32593963681, 0.25604651187, 0.23697851294],
      [0.19844087932, 0.14626658701, 0.1273843031, 0.42110235899, 0.10680587158]
    ],
    [
      [0.056604531496, 0.15051595922, 0.059634895926, 0.16663807268, 0.56660654067],
      [0.6003072448, 0.0011357475517, 0.042767784763, 0.29499984213, 0.060789380761],
      [0.42833737806, 0.32845235691, 0.037295342101, 0.032118525387, 0.17379639755],
      [0.0041954638785, 0.3313620419, 0.28533318174, 0.18932402916, 0.18978528332],
      [0.034596200656, 0.0039069475467, 0.74799751045, 0.1970072486, 0.01649209275],
      [0.020592731242, 0.57423739644, 0.16816913552, 0.20567454078, 0.031326196019],
      [0.091025042141, 0.10818462221, 0.46125688273, 0.11489565117, 0.22463780175],
      [0.60546996356, 0.30352666134, 0.035945536699, 0.035899389375, 0.019158449032]
    ],
    [
      [0.086547283249, 0.071028313384, 0.10171243158, 0.15800580696, 0.58270616483],
      [0.41180434051, 0.02232251813, 0.026351813426, 0.27976359737, 0.25975773056],
      [0.31484839429, 0.16410159514, 0.15154920522, 0.12741192152, 0.24208888383],
      [0.15385927459, 0.46124001876, 0.054447940064, 0.27214209542, 0.058310671172],
      [0.043687794737, 0.037034252419, 0.29041736069, 0.40732571644, 0.22153487571],
      [0.0048548430972, 0.08259834727, 0.12006810295, 0.77000913594, 0.02246957075],
      [0.22914837066, 0.21919119647, 0.3706555587, 0.030237533389, 0.15076734077],
      [0.36635189363, 0.19554902371, 0.16464319265, 0.19689563127, 0.076560258738]
    ],
    [
      [0.17633848683, 0.058889651683, 0.058926993934, 0.11778847813, 0.58805638943],
      [0.14994171615, 0.050026804113, 0.050071952687, 0.57489410962, 0.17506541744],
      [0.600102141, 0.39957679373, 0.0001182372667, 7.1106836121e-05, 0.00013172116755],
      [0.20017444284, 0.00030418228945, 0.5993291893, 0.19999829508, 0.00019389048913],
      [0.19979595795, 0.00027073365762, 0.39994044285, 0.39952816047, 0.00046470506594],
      [0.28571838933, 0.28591146728, 0.14297358001, 0.2853350465, 6.1516883376e-05],
      [0.35748248473, 0.1427049563, 0.35687948835, 0.0001601585108, 0.14277291211],
      [0.42849012251, 0.2853993642, 0.00018510737203, 0.00060801865063, 0.28531738726]
    ],
    [
      [0.2214181027, 0.1153743104, 0.00823392075, 0.1077302899, 0.54724337625],
      [0.14700790406, 0.01888826597, 0.14565689031, 0.33456167239, 0.35388526727],
      [0.48816925244, 0.17287965878, 0.1770277229, 0.00088445618751, 0.16103890969],
      [0.0045918964169, 0.49467016791, 0.10048961185, 0.10842577669, 0.29182254714],
      [0.0082887757929, 0.00021283220369, 0.43788152941, 0.54080612015, 0.012810742449],
      [0.017251320059, 0.0019508948857, 0.0016818506367, 0.97835408919, 0.00076184522819],
      [0.19924962825, 0.0003156232657, 0.40794753447, 0.0013132646499, 0.39117394937],
      [0.3977052028, 0.59005796327, 0.0018650084971, 0.0088005989616, 0.0015712264706]
    ],
    [
      [0.36685393213, 0.072562936638, 0.019959542497, 0.084079588497, 0.45654400024],
      [0.22225070551, 0.03626085016, 0.039500414005, 0.50826849155, 0.19371953878],
      [0.44107623078, 0.020022695357, 0.4756145425, 0.022630685449, 0.040655845913],
      [0.16634655266, 0.3712492152, 0.12855057021, 0.16617031854, 0.1676833434],
      [0.74961333148, 0.0079618520924, 0.087830779962, 0.12162320007, 0.032970836392],
      [0.29785335918, 0.29222703781, 0.018469999266, 0.32006690752, 0.071382696227],
      [0.36874849452, 0.007425681968, 0.41817288224, 0.16628320316, 0.039369738118],
      [0.30987092941, 0.23562962503, 0.22467569697, 0.21499998004, 0.014823768544]
    ],
    [
      [0.14071471761, 0.0030478769547, 0.15197204705, 0.03849715045, 0.66576820794],
      [0.15907181431, 0.016952445332, 0.038841312084, 0.56877199494, 0.21636243333],
      [0.4973489258, 0.017143617075, 0.019493714408, 0.35074549613, 0.11526824659],
      [0.054864537901, 0.84366930136, 0.031563205234, 0.039730025179, 0.030172930328],
      [0.019229397458, 0.0034368017505, 0.69624202342, 0.05876773343, 0.22232404394],
      [0.021985977074, 0.035877519912, 0.3258782496, 0.60271274691, 0.013545506506],
      [0.057719291884, 0.0058452643198, 0.54887963231, 0.36514971234, 0.022406099142],
      [0.28138794327, 0.14980547089, 0.030434450073, 0.50170778435, 0.036664351413]
    ],
    [
      [0.20232156095, 0.19850275999, 0.19947727587, 0.0045813293801, 0.3951170738],
      [0.22159449088, 0.032196066525, 0.064132795689, 0.44374589472, 0.23833075219],
      [0.55366165318, 0.11607888582, 0.1115267297, 0.21716386911, 0.001568862194],
      [0.0012327169661, 0.49375970286, 0.25185992237, 0.24824384433, 0.0049038134685],
      [0.0070669216813, 0.002989235511, 0.65275321634, 0.0094593660756, 0.32773126039],
      [0.14366918885, 0.15166393215, 0.14552586153, 0.14207960548, 0.41706141199],
      [0.19633099386, 0.19490980726, 0.59141625328, 0.00706461317, 0.010278332423],
      [0.25787836681, 0.72855523932, 0.0042613223236, 0.003848346019, 0.0054567255334]
    ],
    [
      [0.11308182558, 0.058921813087, 0.060051152321, 0.19473358993, 0.57321161908],
      [0.23969218716, 0.014103480141, 0.092897570048, 0.44702318193, 0.20628358073],
      [0.46021108534, 0.1642921514, 0.042247044867, 0.069563486769, 0.26368623163],
      [0.20745356988, 0.41648464226, 0.081054613392, 0.21646929816, 0.078537876309],
      [0.089043653516, 0.1769556204, 0.23872730645, 0.40299666351, 0.092276756127],
      [0.13915694917, 0.3465038959, 0.12970481173, 0.20046448102, 0.18416986217],
      [0.39375607027, 0.062955684433, 0.079290883163, 0.20935854715, 0.25463881499],
      [0.38773861138, 0.27372772185, 0.059187650753, 0.18777732578, 0.091568690236]
    ],
    [
      [0.011293457189, 0.020032359044, 0.22948509156, 0.030761326733, 0.70842776547],
      [0.16452805239, 0.11630675598, 0.12099725924, 0.39424672759, 0.20392120481],
      [0.32598788602, 0.17014054897, 0.30615169744, 0.099215033359, 0.098504834211],
      [0.17211542059, 0.30960925326, 0.33930548311, 0.16539806248, 0.013571780567],
      [0.27379633719, 0.011570012081, 0.22496301555, 0.28349468615, 0.20617594903],
      [0.23777129537, 0.45878441232, 0.14689754728, 0.13868259586, 0.017864149165],
      [0.33784126732, 0.10952187807, 0.24015759501, 0.10771593907, 0.20476332053],
      [0.28894324722, 0.015502400681, 0.27776624922, 0.1484115735, 0.26937652938]
    ],
    [
      [0.0097324680312, 0.0038857670412, 0.15838465061, 0.17366006831, 0.654337046],
      [0.18775460472, 0.0018195867871, 0.0049976181681, 0.69937012243, 0.10605806789],
      [0.62574216328, 0.11882883935, 0.1482529003, 0.084303508086, 0.022872588975],
      [0.38862829812, 0.20779407349, 0.0052892460548, 0.19247846577, 0.20580991656],
      [0.0047525726843, 0.0064328101069, 0.89699605654, 0.0014028266689, 0.090415734003],
      [0.006418566489, 0.020881672847, 0.37645836495, 0.030687943231, 0.56555345248],
      [0.41949498045, 0.00065986264932, 0.14723148645, 0.16119203722, 0.27142163324],
      [0.04182684223, 0.31921635555, 0.32066851659, 0.31241482471, 0.0058734609185]
    ],
    [
      [0.16479026183, 0.16624278846, 0.009588849482, 0.32657170994, 0.33280639029],
      [0.0029503376743, 0.00044770277495, 0.33181757678, 0.65830437598, 0.0064800067867],
      [0.49260543527, 0.20624140005, 0.15120776953, 0.11282665938, 0.037118735776],
      [0.48886744287, 0.0098502083117, 0.16719694902, 0.16850850459, 0.16557689521],
      [0.0040797787847, 0.0002861897265, 0.70759140701, 0.14311918661, 0.14492343787],
      [0.32659724071, 0.2237952706, 0.22521361177, 0.21901437187, 0.0053795050405],
      [0.24867433951, 0.0022061865266, 0.6200063613, 0.0051280106886, 0.12398510198],
      [0.37547329447, 0.24718680659, 0.12371343099, 0.0076006124141, 0.24602585553]
    ],
    [
      [0.0059918887849, 0.051996845198, 0.0059379129782, 0.002439348238, 0.9336340048],
      [0.094017564726, 0.0057092820423, 0.0070002738268, 0.63898671957, 0.25428615983],
      [0.55023962784, 0.13407841571, 0.17408664837, 0.022535166995, 0.11906014108],
      [0.29101390324, 0.21686429814, 0.3613355887, 0.0067768215522, 0.12400938837],
      [0.090996715742, 0.0006246872497, 0.65591417787, 0.12463682061, 0.12782759853],
      [0.0060981864926, 0.01441922917, 0.71411962423, 0.26345125851, 0.0019117016023],
      [0.24909592997, 0.090356728482, 0.28860078873, 0.035453568206, 0.33649298462],
      [0.16353793602, 0.095281036208, 0.52172102402, 0.16792303712, 0.051536966637]
    ],
    [
      [0.014437977205, 0.16283207242, 0.04336973778, 0.0054445291681, 0.77391568343],
      [0.18504063909, 0.0017487985909, 0.14405346696, 0.52222398046, 0.1469331149],
      [0.50942569366, 0.2219117263, 0.16818970924, 0.077582024732, 0.022890846076],
      [0.11193530834, 0.64646469964, 0.21748842844, 0.013999699196, 0.010111864382],
      [0.019580781393, 0.0011993082527, 0.26335279377, 0.38407697845, 0.33179013813],
      [0.054377007764, 0.3204819484, 0.27822356094, 0.29175723805, 0.055160244834],
      [0.32086139948, 0.030050887435, 0.34094276997, 0.2196146116, 0.08853033152],
      [0.42005809963, 0.053447270906, 0.093145382003, 0.061801320114, 0.37154792735]
    ],
    [
      [0.076728688272, 0.035133399514, 0.036991985706, 0.21248390011, 0.63866202639],
      [0.28939514433, 0.08860000472, 0.15387678315, 0.27224458989, 0.19588347791],
      [0.66612061147, 0.093217196225, 0.089368105643, 0.0483205498, 0.10297353686],
      [0.18314719999, 0.38391164127, 0.26133940584, 0.099184742378, 0.072417010523],
      [0.080863483789, 0.018638785705, 0.60420119417, 0.079535021003, 0.21676151533],
      [0.22425652617, 0.25790452808, 0.28796378307, 0.035114023142, 0.19476113953],
      [0.37815838757, 0.031797795452, 0.38635401295, 0.053936788808, 0.14975301522],
      [0.16527709016, 0.27577680895, 0.1797675703, 0.25913614813, 0.12004238247]
    ],
    [
      [0.23829654466, 0.10906379807, 0.025090177113, 0.013434727467, 0.61411475269],
      [0.25927202365, 0.0082874332493, 0.30720634421, 0.033289504158, 0.39194469473],
      [0.55539986768, 0.20301891911, 0.15364159988, 0.043687619345, 0.044251993989],
      [0.26688168676, 0.4482870799, 0.13564700064, 0.050438519325, 0.098745713376],
      [0.26355348434, 0.0048635825306, 0.35137676503, 0.24938533478, 0.13082083332],
      [0.61273397765, 0.044111049389, 0.030973802356, 0.29710895659, 0.015072214016],
      [0.159251646, 0.14869197158, 0.52868778762, 0.11585519412, 0.04751340069],
      [0.27261609721, 0.1709208581, 0.22150099774, 0.30767716105, 0.0272848859]
    ],
    [
      [0.14441669852, 0.0013577266755, 0.0037335305982, 0.28030181066, 0.57019023354],
      [0.21803587996, 0.00072759596213, 0.10972946444, 0.33263690876, 0.33887015088],
      [0.39430942521, 0.58566650569, 0.007772361317, 0.00763614869, 0.0046155590981],
      [0.10572488647, 0.21158796451, 0.24532356201, 0.22733089876, 0.21003268825],
      [0.00097437461295, 0.00064085004268, 0.33277521092, 0.3331161185, 0.33249344592],
      [0.0033836544612, 0.22303987583, 0.43542801041, 0.11403254555, 0.22411591375],
      [0.25330916641, 0.00050734062423, 0.0065278219747, 0.0048425696985, 0.73481310129],
      [0.49704697604, 0.16396504148, 0.0034510417543, 0.33385027154, 0.0016866691803]
    ],
    [
      [0.0078169807956, 0.0039558088886, 0.0058087947257, 0.1436476179, 0.83877079769],
      [0.22155614134, 0.002343638792, 0.24734560306, 0.1287893688, 0.39996524801],
      [0.33441360897, 0.4455354774, 0.096487816676, 0.11745931115, 0.0061037858056],
      [0.11977685148, 0.45355697794, 0.23195684522, 0.1058548774, 0.088854447956],
      [0.22469928229, 0.0032703549277, 0.58639707554, 0.12146513103, 0.064168156212],
      [0.074761988526, 0.32895611382, 0.34054425021, 0.14074024193, 0.11499740551],
      [0.14774332021, 0.15923109272, 0.39102095864, 0.14654637823, 0.1554582502],
      [0.4047214959, 0.1832017125, 0.12588215313, 0.16220633688, 0.12398830159]
    ],
    [
      [0.0014946168026, 0.0035210908466, 0.0082168649479, 0.0096643613672, 0.97710306604],
      [0.26572406756, 0.002106124406, 0.091563234424, 0.36656425926, 0.27404231435],
      [0.28789257566, 0.42508233256, 0.27917572707, 0.0021879223916, 0.0056614423181],
      [0.035458803803, 0.52555393513, 0.20256706032, 0.10119748215, 0.1352227186],
      [0.0073007260316, 0.32148272003, 0.65777614605, 0.011762018146, 0.0016783897385],
      [0.0016420823321, 0.49443933853, 0.16885255997, 0.33036706668, 0.0046989524904],
      [0.19450862657, 0.20682944185, 0.010601696956, 0.19649843643, 0.39156179818],
      [0.39188830615, 0.20285167346, 0.002959606047, 0.38863763251, 0.013662781835]
    ],
    [
      [0.33428627865, 0.0011763421211, 0.0012153924123, 0.0031598891274, 0.66016209769],
      [0.2842535418, 0.00046053023597, 0.14166107787, 0.28368419784, 0.28994065226],
      [0.16372143474, 0.0087540765977, 0.0072334907375, 0.49057153372, 0.32971946421],
      [0.046092217259, 0.46378441806, 0.23302661633, 0.11491692505, 0.1421798233],
      [0.074422079475, 0.00082147364929, 0.50483370639, 0.14198079872, 0.27794194176],
      [0.12287708931, 0.49402543587, 0.37109525724, 0.0074918301786, 0.0045103873931],
      [0.009480391198, 0.28049053975, 0.56111528855, 0.0044594301734, 0.14445435033],
      [0.41264865462, 0.25590457744, 0.16474498865, 0.0034160111292, 0.16328576816]
    ],
    [
      [0.13040380175, 0.015772546675, 0.11077016619, 0.24794377048, 0.49510971489],
      [0.032216377297, 0.0019384412379, 0.0273493462, 0.18056675071, 0.75792908455],
      [0.51803767577, 0.25701514987, 0.075786388755, 0.054904212143, 0.094256573463],
      [0.16443657128, 0.40916924189, 0.22271409282, 0.03297448353, 0.17070561047],
      [0.094451676823, 0.0090971638435, 0.57246488679, 0.22604645796, 0.097939814585],
      [0.056948311907, 0.37826032369, 0.20557342616, 0.21385958146, 0.14535835679],
      [0.26272191403, 0.23110879513, 0.34667792901, 0.14170390626, 0.017787455581],
      [0.065323493068, 0.047765582807, 0.8674299849, 0.014189204807, 0.0052917344214]
    ],
    [
      [0.17600809116, 0.0054100735318, 0.14458907261, 0.0062818461824, 0.66771091652],
      [0.27111661527, 0.0012355602675, 0.10348772041, 0.22806777761, 0.39609232644],
      [0.37946014564, 0.3701728492, 0.18434462474, 0.049174473431, 0.016847906991],
      [0.098851072512, 0.27425923, 0.26222830131, 0.19799197551, 0.16666942067],
      [0.021862087743, 0.1354922353, 0.64015294233, 0.18381713318, 0.01867560145],
      [0.0091718290689, 0.63254107875, 0.26325148261, 0.087543761342, 0.0074918482263],
      [0.055068933089, 0.17243262571, 0.3963131062, 0.16956492209, 0.20662041291],
      [0.43279715305, 0.39433831584, 0.029380992679, 0.12815284713, 0.015330691304]
    ],
    [
      [0.049719807096, 0.11951722299, 0.24524339393, 0.062227085868, 0.52329249012],
      [0.33184549916, 0.023031912307, 0.20388146844, 0.19635280152, 0.24488831857],
      [0.21075217477, 0.057210526399, 0.45190575655, 0.23067489572, 0.049456646558],
      [0.1131952149, 0.30362053735, 0.15516660031, 0.14716664999, 0.28085099745],
      [0.055106980749, 0.0047288408397, 0.77496874985, 0.080884251968, 0.08431117659],
      [0.25230745524, 0.040106500704, 0.51124546568, 0.15559829968, 0.040742278697],
      [0.20790553575, 0.030624435354, 0.54159952181, 0.17883078267, 0.041039724416],
      [0.41628228594, 0.37884257109, 0.099820297868, 0.04921113704, 0.055843708057]
    ],
    [
      [0.39966101, 0.0004523493907, 0.20005172255, 5.8643640428e-05, 0.39977627441],
      [0.00047705395376, 0.00028127157874, 0.19996959085, 0.19992213853, 0.59934994509],
      [0.59979126872, 0.19992606168, 0.19998441852, 0.00016767391198, 0.00013057716604],
      [0.19985116935, 0.59949859789, 0.00061556801298, 0.0002511956035, 0.19978346914],
      [0.075522803745, 3.0732207827e-05, 0.71693775915, 0.11309547495, 0.094413229949],
      [0.33295380467, 0.33318946555, 0.16692895669, 0.16662200804, 0.00030576505779],
      [0.39985870616, 9.457454504e-05, 0.59959998315, 0.00021168551234, 0.00023505063235],
      [0.18203783536, 0.36348543781, 0.18179059244, 0.00021024764049, 0.27247588675]
    ],
    [
      [0.11597494833, 0.12725073721, 0.28710740054, 0.13053751691, 0.339129397],
      [0.13534194378, 0.073113120679, 0.28247407486, 0.30050944497, 0.20856141572],
      [0.3093166378, 0.21766283631, 0.29772544135, 0.14501784337, 0.030277241179],
      [0.11815086463, 0.30918260564, 0.32052279981, 0.022501544791, 0.22964218513],
      [0.074186145165, 0.024118389354, 0.79547593113, 0.046495066939, 0.059724467412],
      [0.0098808260244, 0.24686614042, 0.47918258009, 0.11293907617, 0.15113137729],
      [0.21341286547, 0.045933919082, 0.61828597963, 0.062848238984, 0.059518996834],
      [0.1365365548, 0.25692113103, 0.21078651844, 0.22352015888, 0.17223563685]
    ],
    [
      [0.1535647581, 0.00033357865522, 0.31488238434, 0.16775975923, 0.36345951967],
      [0.11793935702, 0.0013535668448, 0.12642308157, 0.40192404391, 0.35235995066],
      [0.63527708524, 0.045186463055, 0.31256652207, 0.0054172425401, 0.0015526870891],
      [0.17624365242, 0.31038556205, 0.49148284684, 0.014352233602, 0.0075357050885],
      [0.05405063663, 0.00075076126491, 0.74729266439, 0.13012930712, 0.067776630601],
      [0.01138814127, 0.3180734245, 0.18023522818, 0.33624361709, 0.15405958895],
      [0.15461789172, 0.0025456452357, 0.2126894516, 0.31643071136, 0.31371630009],
      [0.38654580586, 0.4041074275, 0.0035232904471, 0.19037591329, 0.015447562905]
    ],
    [
      [0.40293514871, 0.095584793945, 0.0013646712836, 0.09567402537, 0.40444136069],
      [0.34893327287, 0.016552154582, 0.13469529979, 0.36672905563, 0.13309021713],
      [0.37562151173, 0.20154991376, 0.33243683577, 0.090104810389, 0.0002869283508],
      [0.00098410146332, 0.43664483096, 0.5227425283, 0.038933113954, 0.00069542531964],
      [0.040193231995, 0.022229622477, 0.71051644161, 0.048978809088, 0.17808189483],
      [0.17995573296, 0.23917214011, 0.38062303056, 0.1807362304, 0.019512865968],
      [0.033866635691, 0.00072663119216, 0.46768689444, 0.267963116, 0.22975672268],
      [0.25545124834, 0.38332881624, 0.19906285016, 0.071191546325, 0.090965538934]
    ],
    [
      [0.12814332966, 0.0070716155367, 0.13555032356, 0.12940423156, 0.59983049969],
      [0.32639053741, 0.020666459246, 0.16839951503, 0.32899821703, 0.15554527129],
      [0.33978608719, 0.30190353048, 0.34268124764, 0.0062642771605, 0.0093648575281],
      [0.021277729764, 0.33036873062, 0.46162258168, 0.011200680979, 0.17553027695],
      [0.10855970528, 0.0023907930134, 0.74389218648, 0.093442172972, 0.05171514225],
      [0.23090980561, 0.24401354803, 0.37422522652, 0.12939412673, 0.021457293107],
      [0.038131479767, 0.35866111587, 0.41083924325, 0.011450741168, 0.18091741995],
      [0.050423963497, 0.018931107337, 0.46905374897, 0.0094792420225, 0.45211193817]
    ],
    [
      [0.33511044404, 0.20608535708, 0.20140587224, 0.21396867633, 0.043429650319],
      [0.0053995752221, 0.012358058428, 0.64397630697, 0.26568012827, 0.072585931107],
      [0.5358593577, 0.011023395949, 0.21751263386, 0.011720862761, 0.22388374973],
      [0.06221995599, 0.23336927738, 0.62452058676, 0.073847684314, 0.0060424955482],
      [0.041044326848, 0.006479111383, 0.684124345, 0.14261698266, 0.12573523411],
      [0.024478398613, 0.41843355799, 0.20496190654, 0.23419244419, 0.11793369267],
      [0.48979533529, 0.0056862148176, 0.44039311449, 0.060374386566, 0.0037509488291],
      [0.35027302086, 0.24580423854, 0.025385381426, 0.36596383677, 0.012573522403]
    ],
    [
      [0.11961054004, 0.079986971583, 0.22714328477, 0.14765002487, 0.42560917874],
      [0.27496663163, 0.014124851185, 0.14042282446, 0.49558409733, 0.074901595395],
      [0.50490907306, 0.1673553678, 0.24079794783, 0.071333486619, 0.015604124686],
      [0.11324436329, 0.52663145196, 0.075137976243, 0.24126419867, 0.043722009838],
      [0.077590363639, 0.020398099453, 0.23802823853, 0.12074258591, 0.54324071246],
      [0.046536995665, 0.42899471987, 0.2666974982, 0.17658093374, 0.08118985252],
      [0.30255587589, 0.16598298486, 0.35508442734, 0.15829073949, 0.018085972429],
      [0.302807561, 0.26436790136, 0.096127127311, 0.32426299033, 0.01243442]
    ],
    [
      [0.15875460563, 0.13126209674, 0.068342956967, 0.12151407544, 0.52012626522],
      [0.11273731504, 0.051945617729, 0.075378437565, 0.51545190868, 0.24448672099],
      [0.45718769353, 0.20683002688, 0.080783129212, 0.18508527236, 0.070113878013],
      [0.059726930023, 0.32607242349, 0.10499626935, 0.15739965435, 0.35180472278],
      [0.2062944392, 0.17667195454, 0.3075855804, 0.13793960992, 0.17150841594],
      [0.066231282252, 0.37374890621, 0.21958443197, 0.14529744403, 0.19513793554],
      [0.22252300694, 0.13190229062, 0.36694120887, 0.18418905194, 0.094444441626],
      [0.16111500955, 0.61339780106, 0.021794462843, 0.045822809235, 0.15786991732]
    ],
    [
      [0.24084351806, 0.1296488651, 0.1664086856, 0.076961794852, 0.38613713639],
      [0.10701811534, 0.14257632212, 0.017925667999, 0.28847690267, 0.44400299187],
      [0.36992093153, 0.19567596114, 0.30103949865, 0.12545025818, 0.007913350501],
      [0.15418286708, 0.35283718912, 0.26094791088, 0.19666536654, 0.035366666372],
      [0.021947258538, 0.099912911441, 0.52281824069, 0.31707529496, 0.038246294371],
      [0.1272053784, 0.25078259687, 0.19166267317, 0.2625466789, 0.16780267266],
      [0.085098230841, 0.037306170447, 0.73760315431, 0.026771788337, 0.11322065607],
      [0.46255529519, 0.029800223783, 0.074647328401, 0.40421395529, 0.028783197329]
    ],
    [
      [0.18206223852, 0.0023787600106, 0.024399375615, 0.43770733806, 0.35345228779],
      [0.02254797352, 0.0025033203274, 0.26781148708, 0.439527037, 0.26761018207],
      [0.42765972793, 0.11175389861, 0.22426349146, 0.23385924385, 0.0024636381537],
      [0.29316033374, 0.35118720243, 0.17151824744, 0.03564312028, 0.14849109611],
      [0.29393868485, 0.0032201376104, 0.32917290516, 0.29826077573, 0.075407496646],
      [0.060436746584, 0.34192246969, 0.31206895234, 0.15470728636, 0.13086454503],
      [0.35175334047, 0.044102090529, 0.42312331814, 0.0039877712142, 0.17703347964],
      [0.060581657457, 0.46990206947, 0.0040911303971, 0.46511709717, 0.00030804550836]
    ],
    [
      [0.25006861322, 0.061127376726, 0.14748693477, 0.25169935557, 0.28961771972],
      [0.19391297541, 0.03699731354, 0.37007781117, 0.13479121501, 0.26422068487],
      [0.41304196321, 0.24803189405, 0.22101799407, 0.08580074776, 0.032107400913],
      [0.36887261181, 0.48532795428, 0.0086001208077, 0.0034194211714, 0.13377989193],
      [0.02876087784, 0.0029826325874, 0.58691144855, 0.31922934508, 0.062115695944],
      [0.0318260154, 0.41689442885, 0.25994687179, 0.22698812995, 0.064344554011],
      [0.28063430929, 0.039928405623, 0.22430213105, 0.32968181683, 0.1254533372],
      [0.39891787076, 0.25792914956, 0.16744680707, 0.057199016964, 0.11850715565]
    ],
    [
      [0.0063682728203, 0.0021049772749, 0.32374808601, 0.0059154740734, 0.66186318982],
      [0.25911127896, 0.24182390834, 0.0021394473271, 0.4864425456, 0.010482819781],
      [0.58300332697, 0.20427376676, 0.0066655265147, 0.20412688299, 0.0019304967697],
      [0.0093718516947, 0.42197838255, 0.41673661827, 0.0089550860338, 0.14295806145],
      [0.0072499771456, 0.19290558543, 0.21095425194, 0.19882027721, 0.39006990828],
      [0.037420962794, 0.39527525322, 0.25062940645, 0.17787917651, 0.13879520102],
      [0.31533886259, 0.032140438662, 0.48663704932, 0.098196389971, 0.067687259458],
      [0.14709059031, 0.14895111576, 0.28007493108, 0.42187056199, 0.0020128008752]
    ],
    [
      [0.2020711449, 0.09393778728, 0.22090492883, 0.14778834939, 0.33529778959],
      [0.22876269714, 0.14226950667, 0.11069283495, 0.24759413619, 0.27068082504],
      [0.28656390158, 0.29614022757, 0.25743319577, 0.048797257932, 0.11106541714],
      [0.18663840739, 0.41803422037, 0.19076341501, 0.057581600166, 0.14698235707],
      [0.1522481567, 0.038672452788, 0.73294359009, 0.02359091665, 0.052544883773],
      [0.15185486254, 0.28112387868, 0.32018089276, 0.12175103496, 0.12508933106],
      [0.15221637207, 0.05024352086, 0.67920944396, 0.060203327642, 0.058127335472],
      [0.19197572707, 0.083669314159, 0.39779018035, 0.2289138595, 0.09765091893]
    ],
    [
      [0.089838233529, 0.11717640112, 0.1614355125, 0.12626129176, 0.50528856109],
      [0.22320966111, 0.033063964546, 0.07308137162, 0.38101841836, 0.28962658436],
      [0.37560756189, 0.24534466365, 0.16319674677, 0.099169752564, 0.11668127512],
      [0.24649688342, 0.3429307252, 0.1334762638, 0.15470088108, 0.1223952465],
      [0.18955517591, 0.012538292216, 0.24650321228, 0.30943819875, 0.24196512084],
      [0.11858949295, 0.17834770594, 0.39855482817, 0.14176290985, 0.16274506309],
      [0.21150770478, 0.060782581102, 0.55362688129, 0.092772499463, 0.081310333365],
      [0.1806436223, 0.18546279054, 0.12092000577, 0.38374207318, 0.12923150821]
    ],
    [
      [0.38461688446, 0.076880761042, 0.077131758651, 0.076958670279, 0.38441192557],
      [0.25041005634, 7.2577549302e-05, 0.49994228119, 0.00022798335436, 0.24934710157],
      [0.49989390654, 0.00024865839574, 0.24932543972, 0.24985904023, 0.00067295511118],
      [0.49984437927, 0.49979653178, 0.000165954651, 8.0675835533e-05, 0.00011245847252],
      [0.11117124993, 4.8369487809e-05, 0.66674232405, 0.11111391496, 0.11092414158],
      [0.12485800572, 0.37436360037, 0.37519528876, 0.00037407592257, 0.12520902922],
      [0.29634941728, 0.055580593481, 0.46296133012, 0.12946033363, 0.055648325486],
      [0.33280034393, 0.33382932047, 0.16628821526, 0.00085866372013, 0.16622345663]
    ],
    [
      [0.00041216078223, 9.3576294482e-05, 0.42876404183, 0.14284851226, 0.42788170883],
      [0.42817392681, 3.2767560282e-05, 0.00039819542605, 0.42825987484, 0.14313523536],
      [0.50028316398, 0.16631818052, 0.00013476934994, 0.33323526905, 2.8617100777e-05],
      [0.22196957277, 0.44455984222, 0.22181789006, 0.00054475020055, 0.11110794475],
      [0.19955092126, 4.6876244589e-05, 0.79967013596, 0.00047477468482, 0.00025729185582],
      [0.00043877384139, 0.4003691921, 0.39956258749, 9.3500303834e-05, 0.19953594627],
      [0.13992030287, 0.039998666262, 0.68022626521, 0.11985136593, 0.020003399722],
      [0.16779233711, 0.16631998231, 0.49881119248, 0.16669056322, 0.00038592488193]
    ],
    [
      [0.1322836704, 0.048423367413, 0.61391209531, 0.10461956529, 0.10076130158],
      [0.62458405271, 0.067522506342, 0.090606244935, 0.10558818132, 0.1116990147],
      [0.39220299174, 0.22308131492, 0.24520520987, 0.12365763912, 0.015852844364],
      [0.24869383004, 0.39898450672, 0.21684316447, 0.12367413592, 0.011804362857],
      [0.095018838133, 0.016931259587, 0.70033067974, 0.12638641177, 0.061332810773],
      [0.083604985981, 0.22900822418, 0.44356173379, 0.16330989473, 0.080515161315],
      [0.27096828364, 0.037915602351, 0.63016020346, 0.042643050709, 0.018312859839],
      [0.36976698918, 0.17508304537, 0.27487419644, 0.13346684137, 0.046808927636]
    ],
    [
      [0.17394267899, 0.10482453654, 0.13271578686, 0.21806595098, 0.37045104664],
      [0.27926708853, 0.050218934539, 0.16308317669, 0.3863231207, 0.12110767954],
      [0.54117072534, 0.079008364238, 0.23779817391, 0.096758720187, 0.045264016328],
      [0.25456504426, 0.27018315421, 0.25779044879, 0.10607122991, 0.11139012283],
      [0.2465069345, 0.0084824576886, 0.35153245705, 0.035569343743, 0.35790880702],
      [0.24926497337, 0.089212339989, 0.30421743541, 0.23512625242, 0.1221789988],
      [0.25591118615, 0.026023232297, 0.58258034063, 0.092978585956, 0.042506654961],
      [0.40109299951, 0.12274483146, 0.1425042492, 0.2426844743, 0.090973445539]
    ],
    [
      [0.24142342056, 0.030833971099, 0.12974883265, 0.13339697711, 0.46459679858],
      [0.25369118995, 0.011399720317, 0.024216834544, 0.60689328191, 0.10379897328],
      [0.37186559544, 0.23933302968, 0.073126239299, 0.16979663377, 0.1458785018],
      [0.12583635078, 0.21621322119, 0.36805646853, 0.040164627616, 0.24972933189],
      [0.19245857458, 0.037543883717, 0.52186036839, 0.12155579793, 0.12658137539],
      [0.09398999261, 0.62818791465, 0.098497110328, 0.10791871586, 0.071406266552],
      [0.13833714272, 0.021291141871, 0.32761338603, 0.32816579933, 0.18459253006],
      [0.29353734564, 0.32524961416, 0.089935498746, 0.23815286669, 0.053124674757]
    ],
    [
      [7.0592980888e-05, 0.12508431595, 0.25004579209, 0.24993293464, 0.37486636434],
      [0.33327693185, 5.6173549529e-05, 0.00031016869512, 0.33325649578, 0.33310023013],
      [0.14296069184, 0.71384722815, 0.14284543151, 0.00023957660549, 0.00010707190225],
      [0.1111471865, 0.4443000407, 0.1112567536, 0.22215124664, 0.11114477256],
      [0.00023717297523, 0.00010388732505, 0.57123926417, 0.28567499964, 0.14274467589],
      [0.33307120965, 0.00040838138667, 0.33310602076, 0.33318528054, 0.00022910766515],
      [0.1111604048, 0.00015303023158, 0.77750263791, 0.00014937692583, 0.11103455013],
      [0.29624513808, 0.37037400668, 0.12966588336, 0.18516858422, 0.018546387652]
    ],
    [
      [0.010863395639, 0.24026928029, 0.0035277839204, 0.23943690752, 0.50590263263],
      [0.19838741419, 0.0069250855814, 0.38312979089, 0.2115199726, 0.20003773674],
      [0.44792007059, 0.1117225383, 0.32673943092, 0.0019990710174, 0.11161888918],
      [0.22650410333, 0.46038112844, 0.22983701777, 0.0064216553297, 0.076856095129],
      [0.0064253925999, 0.010412822456, 0.73241193249, 0.24774641089, 0.0030034415678],
      [0.0030877682776, 0.48415396893, 0.49249783466, 0.010705920193, 0.0095545079387],
      [0.38608040445, 0.19136482222, 0.22105101, 0.010100428564, 0.19140333477],
      [0.32179144111, 0.28712051178, 0.09172874432, 0.24640835502, 0.052950947761]
    ],
    [
      [0.20700378546, 0.19615765842, 0.042353277058, 0.41290586587, 0.14157941319],
      [0.2706198395, 0.21891802696, 0.040113836599, 0.34288787553, 0.12746042142],
      [0.62344950548, 0.19133575981, 0.11037322627, 0.036195250612, 0.038646257833],
      [0.43244247737, 0.062109000505, 0.2711690064, 0.056641484365, 0.17763803136],
      [0.10687206773, 0.0062508917751, 0.58750252492, 0.09784589055, 0.20152862503],
      [0.061998668582, 0.50516265909, 0.15412586817, 0.12089864733, 0.15781415683],
      [0.098394290753, 0.10998847716, 0.59122342635, 0.16144304454, 0.038950761192],
      [0.36383374234, 0.22827441618, 0.16032952771, 0.17736620747, 0.070196106295]
    ],
    [
      [0.035883882335, 0.036877060753, 0.44478674977, 0.0079125422547, 0.47453976489],
      [0.042481722523, 0.09525062492, 0.18351581829, 0.37833650253, 0.30041533174],
      [0.85365201581, 0.10824318648, 0.017271986767, 0.016155358157, 0.0046774527842],
      [0.0035351127784, 0.69652851469, 0.0087808684363, 0.2646769499, 0.026478554188],
      [0.1922493782, 0.013985361547, 0.39867316757, 0.21538533546, 0.17970675723],
      [0.0054381580521, 0.037972717512, 0.18818066042, 0.45568015955, 0.31272830447],
      [0.47167175063, 0.014354238722, 0.47898958155, 0.0092467614033, 0.025737667698],
      [0.32676172246, 0.26799932369, 0.11021758305, 0.18793063299, 0.1070907378]
    ],
    [
      [0.0065740061454, 0.26952572514, 0.22357704049, 0.1640570093, 0.33626621893],
      [0.23771966137, 0.0022889453246, 0.24360388685, 0.32555086795, 0.19083663851],
      [0.065486909228, 0.54435103803, 0.16673672133, 0.11642149788, 0.10700383353],
      [0.27437148638, 0.23998048227, 0.14782622392, 0.19415880036, 0.14366300707],
      [0.10590708026, 0.10673308665, 0.55016597611, 0.064022977486, 0.17317087949],
      [0.058959432045, 0.38449528913, 0.33323042291, 0.22092829726, 0.0023865586411],
      [0.0042137306948, 0.094926624437, 0.75164316108, 0.00492678256, 0.14428970123],
      [0.30844184154, 0.25107266913, 0.1701132024, 0.21699938459, 0.053372902341]
    ]
  ],
  "expected_outcome": [
    [
      [8.9237807437, 4.0306009692, 13.3125660235, 11.6610051026, 2.9434356378, 4.7601005787, 2.9977542761, 1.9927629243, 1.8342696606, 0.98500302329, 1.0116078048, 0.56540912791, 0.045173828755, 0.058394808187, 0.98874157099, 0.029959443925, 0.072189886026, 0.23018606482, 1.9063723573, 1.0109168897, 0.015633961591, 0.0059784672102, 1.0028588359, 0.52161520701, 0.88004045578, 0.34803864967, 1.99830505, 0.81182463832, 0.92138854862, 0.80587029742, 1.0251466373, 1.6755522202, 1.3157159404, 1.1112822394, 1.9267481445, 1.0923734311, 1.2503430661, 0.057314455383, 1.2124268694, 1.0780588024, 5.000019498, 0.0028851254756, 0.1322836704, 1.5654841109, 1.2071171028, 0.0005647438471, 0.043453582557, 0.82801514183, 0.071767764669, 0.039444036873],
      [6.7430745336, 4.8033504034, 6.4184901449, 5.4012485697, 7.8268298797, 3.9065572361, 1.0011240786, 1.0383687936, 0.36281468319, 0.021335138683, 0.99251379997, 0.29460906544, 0.080129436177, 0.023314602247, 0.99745673073, 0.25998422599, 0.8141603621, 0.10540019854, 0.87251038458, 0.0095040867288, 0.0079116177771, 0.014084363386, 0.0035290263632, 0.0630901867, 0.027050367659, 0.83662056091, 0.0022617469535, 0.89075516048, 0.0020014719313, 0.19116958789, 0.056572924294, 1.0304267854, 0.87985668742, 0.91883467719, 1.0371909208, 0.014272560064, 0.30563688363, 0.018944795474, 0.56362672368, 1.4061168135, 0.99944989355, 0.00065503406137, 0.048423367413, 0.94342082884, 0.1541698555, 1.0006745276, 0.96107712116, 0.78463063369, 0.073754121506, 1.6171543508],
      [5.2812049509, 5.7466697068, 4.9414147995, 5.3693683289, 3.1010145882, 5.5941837369, 1.0017588969, 0.07410528675, 0.099797712484, 1.0638043293, 0.99738637937, 0.30025576161, 0.91794036625, 0.95030790367, 0.057533096892, 0.029689564891, 0.2168486889, 0.11097595712, 0.2007214169, 0.026134714188, 0.011617589451, 0.032867459791, 0.0036461772369, 0.44308066478, 0.72294536305, 1.7167037575, 1.0002586128, 2.0097518038, 1.889294306, 0.0027293425671, 1.0844025885, 1.0070293612, 2.4985761325, 0.47840069877, 1.3312694848, 0.14639625369, 0.73743467383, 2.9137327741, 1.325429573, 1.93722615, 1.0027128625, 3.0013482928, 0.61391209531, 1.1944420817, 0.64874416326, 2.0003663367, 0.014111135682, 0.16941310823, 0.88957349954, 1.3414622429],
