{
  "X": [
    [117, 199, 829, 37, 26],
    [149, 522, 1635, 106, 81],
    [135, 191, 945, 40, 49],
    [88, 164, 712, 35, 27],
    [68, 395, 603, 45, 30],
    [71, 155, 404, 33, 19],
    [22, 339, 163, 25, 18],
    [28, 76, 494, 18, 22],
    [165, 273, 1410, 46, 60],
    [105, 310, 1093, 63, 49],
    [93, 309, 773, 41, 17],
    [31, 666, 73, 65, 8],
    [18, 348, 28, 45, 3],
    [13, 36, 65, 6, 4],
    [59, 131, 345, 11, 12],
    [73, 188, 857, 29, 45],
    [36, 85, 250, 16, 8],
    [19, 29, 130, 6, 4],
    [224, 240, 1178, 66, 58],
    [99, 146, 675, 31, 30],
    [2, 88, 9, 10, 4],
    [4, 113, 7, 7, 2],
    [6, 26, 112, 3, 3],
    [12, 22, 50, 2, 5],
    [2, 6, 12, 0, 0],
    [41, 96, 380, 16, 21],
    [54, 69, 480, 20, 20],
    [0, 2, 22, 0, 2],
    [0, 1, 1, 0, 0],
    [213, 883, 2135, 119, 72],
    [1, 1, 8, 0, 1],
    [0, 3, 17, 0, 0],
    [0, 43, 13, 1, 0],
    [63, 109, 413, 21, 35],
    [18, 117, 193, 17, 11],
    [98, 604, 1095, 87, 60],
    [8, 54, 171, 2, 10]
  ],
  "W": [
    [47, 178, 805, 82, 96],
    [114, 514, 1664, 73, 128],
    [52, 206, 918, 64, 120],
    [41, 146, 699, 60, 80],
    [41, 423, 558, 47, 72],
    [45, 153, 392, 38, 54],
    [11, 334, 163, 26, 33],
    [41, 66, 479, 25, 27],
    [64, 261, 1437, 64, 128],
    [64, 286, 1115, 63, 92],
    [53, 329, 771, 23, 57],
    [13, 686, 64, 39, 41],
    [9, 344, 32, 28, 29],
    [9, 35, 57, 9, 14],
    [33, 119, 339, 24, 43],
    [83, 145, 833, 63, 68],
    [21, 78, 251, 16, 29],
    [8, 31, 123, 9, 17],
    [62, 255, 1250, 78, 121],
    [52, 151, 696, 30, 52],
    [2, 99, 5, 0, 7],
    [3, 111, 7, 6, 6],
    [8, 24, 104, 7, 7],
    [5, 21, 54, 5, 6],
    [3, 3, 14, 0, 0],
    [54, 70, 362, 34, 34],
    [27, 85, 487, 14, 30],
    [0, 1, 22, 3, 0],
    [0, 1, 1, 0, 0],
    [109, 844, 2063, 178, 228],
    [0, 1, 9, 0, 1],
    [0, 3, 14, 2, 1],
    [2, 40, 10, 3, 2],
    [39, 95, 409, 51, 47],
    [14, 100, 200, 21, 21],
    [109, 593, 1050, 75, 117],
    [27, 37, 165, 1, 15]
  ],
  "method": "mult",
  "cond_prob": [
    [
      [0.03139080933, 0.11191945533, 0.72752917529, 0.020703247748, 0.10845731231],
      [0.0015964148922, 0.91790621737, 0.0003356556105, 0.077228329597, 0.0029333825333],
      [0.070938857538, 0.0027317202378, 0.89876334786, 0.010740526885, 0.016825547479],
      [0.21600102142, 0.33533191289, 0.30767597887, 0.10370449618, 0.037286590645],
      [0.41182405983, 0.086528325512, 0.40246466482, 0.059272762139, 0.039910187697]
    ],
    [
      [0.022892713776, 0.10943034028, 0.67253002723, 0.028129552411, 0.1670173663],
      [0.0011571243235, 0.88983330777, 0.00030848729834, 0.10420354446, 0.0044975361444],
      [0.055881374465, 0.0028863947265, 0.89742930556, 0.015767090535, 0.028035834711],
      [0.16266600303, 0.33855237869, 0.29394883652, 0.14543033916, 0.059402442592],
      [0.33376073937, 0.094148164094, 0.41405787452, 0.089565216211, 0.068468005799]
    ],
    [
      [0.030237753147, 0.090925568663, 0.68654564322, 0.019420469116, 0.17287056586],
      [0.0018653576333, 0.90421353108, 0.00038424983501, 0.087863303575, 0.005673557878],
      [0.071508197194, 0.0023226339974, 0.88755058159, 0.010543784205, 0.028074803009],
      [0.22429199795, 0.29369292648, 0.31305656871, 0.10486531843, 0.064093188439],
      [0.41055885539, 0.072781151162, 0.39322459863, 0.057559454461, 0.065875940358]
    ],
    [
      [0.027596894068, 0.11118498014, 0.70773928028, 0.023481027669, 0.12999781784],
      [0.0013956238867, 0.90765209044, 0.0003246715597, 0.087133595541, 0.0034940185747],
      [0.064181353103, 0.0027922858331, 0.89975107112, 0.012534780305, 0.020740509635],
      [0.19288414294, 0.33835992471, 0.30390187208, 0.11949379122, 0.045360269038],
      [0.37943835283, 0.090027900797, 0.41002914031, 0.070425475504, 0.050079130563]
    ],
    [
      [0.024116192607, 0.10260058241, 0.70108508401, 0.018236745242, 0.15396139573],
      [0.0013423681262, 0.91931044682, 0.00035393348879, 0.074440936019, 0.0045523155457],
      [0.056985119076, 0.0026187888194, 0.90556147906, 0.0098915138207, 0.024943099228],
      [0.18169589145, 0.33617837129, 0.32435323409, 0.099905639228, 0.057866863952],
      [0.35489926614, 0.088857606023, 0.43436321341, 0.0584697378, 0.063410176632]
    ],
    [
      [0.036629378101, 0.10926104079, 0.69206632166, 0.028712553285, 0.13333070617],
      [0.0018439698608, 0.8881459127, 0.00031587658526, 0.10613345856, 0.0035607822929],
      [0.084826869627, 0.0027315730424, 0.87604424997, 0.015257234161, 0.021140073204],
      [0.23763987776, 0.30829246095, 0.27541634152, 0.13557481433, 0.043076505431],
      [0.44614995323, 0.078179285438, 0.35421144042, 0.076127685931, 0.045331634986]
    ],
    [
      [0.019572627201, 0.1117401968, 0.60494256886, 0.014895014566, 0.24884959258],
      [0.0010163830567, 0.93510690218, 0.00028428740902, 0.056786326227, 0.0068061011232],
      [0.052643183632, 0.0032435333573, 0.88942954407, 0.0091877020031, 0.045496036939],
      [0.15283666569, 0.37819703293, 0.28860213309, 0.084349646711, 0.096014521577],
      [0.31854815127, 0.10622199178, 0.4109293735, 0.052442127501, 0.11185835595]
    ],
    [
      [0.015785530603, 0.107647281, 0.69956588423, 0.023224596158, 0.15377670801],
      [0.00081828781475, 0.90610365037, 0.00032888523268, 0.088521399329, 0.0042277772516],
      [0.03802639125, 0.0027970608094, 0.92099119752, 0.012833165825, 0.025352184593],
      [0.12130184571, 0.36016807476, 0.32963910611, 0.13008545157, 0.058805521855],
      [0.25956862975, 0.10386708736, 0.4829376799, 0.083128383138, 0.070498219855]
    ],
    [
      [0.028678290905, 0.10719842377, 0.68849392949, 0.018035388863, 0.15759396697],
      [0.0015328287921, 0.92297441549, 0.00033393320711, 0.070673544178, 0.0044852783346],
      [0.068090088587, 0.0027496626196, 0.8936098392, 0.0098319497698, 0.025718459824],
      [0.20673268429, 0.33654850089, 0.30524663046, 0.094634210918, 0.056837973442],
      [0.39590718049, 0.087306823886, 0.40126991396, 0.054376510361, 0.061139571297]
    ],
    [
      [0.023419361276, 0.11414478046, 0.67982906076, 0.026734287505, 0.15587250999],
      [0.0011447641854, 0.89867764139, 0.00030152372038, 0.095820961182, 0.0040551095194],
      [0.05668857887, 0.0029848135385, 0.89954971863, 0.014857172872, 0.025919716087],
      [0.16474057133, 0.34956859567, 0.29400557642, 0.13686405703, 0.054821199551],
      [0.3392077593, 0.097474065387, 0.41541582498, 0.08451913721, 0.063383213117]
    ],
    [
      [0.034573437593, 0.11408837115, 0.74663238568, 0.021884977514, 0.082820828055],
      [0.0017230186355, 0.91574623116, 0.00033756991392, 0.079999127886, 0.0021940524014],
      [0.076049486561, 0.0027106312644, 0.89769156938, 0.011049862261, 0.012498450535],
      [0.23030884996, 0.33060536196, 0.30549615637, 0.1060509951, 0.0275386366],
      [0.4331268931, 0.084130897369, 0.39392927112, 0.059755530703, 0.029057407704]
    ],
    [
      [0.036527327476, 0.14173185227, 0.65603264815, 0.027280479336, 0.13842769277],
      [0.001465277933, 0.91509086656, 0.00023736169254, 0.080280007781, 0.0029264860343],
      [0.088508005131, 0.0037069443468, 0.86981229351, 0.015161429805, 0.022811327205],
      [0.22200412759, 0.37320642659, 0.24311631094, 0.12008864539, 0.041584489492],
      [0.44619287143, 0.10111049975, 0.33394954965, 0.072034913839, 0.04671216533]
    ],
    [
      [0.043049947527, 0.19917743828, 0.59404665605, 0.049040019822, 0.11468593833],
      [0.0012017949972, 0.89641664301, 0.00014885143011, 0.10055871653, 0.0016739940404],
      [0.11051434369, 0.0055146555521, 0.83525274288, 0.02885218893, 0.019866068953],
      [0.20875537255, 0.41740670025, 0.17461592123, 0.17196514712, 0.02725685886],
      [0.4637164165, 0.1245319391, 0.26444762092, 0.11356350394, 0.033740519538]
    ],
    [
      [0.032257077131, 0.10761584269, 0.68864825382, 0.023243161513, 0.14823566484],
      [0.0016505790473, 0.90589136192, 0.0003172530615, 0.088224145234, 0.0039166607404],
      [0.075900115576, 0.0027200105141, 0.88565353955, 0.012497522365, 0.023228811995],
      [0.22350458453, 0.3219404357, 0.28771519043, 0.11727533754, 0.049564451802],
      [0.42767395291, 0.081634533608, 0.37243929936, 0.065766388957, 0.052485825167]
    ],
    [
      [0.038717644557, 0.12341916616, 0.71604697155, 0.012718412521, 0.10909780521],
      [0.0018438243992, 0.95058632073, 0.00030911154603, 0.044508999766, 0.0027517435573],
      [0.087638157314, 0.0030147358582, 0.88586431131, 0.0066038146308, 0.016878980883],
      [0.25650346382, 0.35550275069, 0.29072567856, 0.06134329676, 0.035924810174],
      [0.47333859127, 0.088495639754, 0.3672237999, 0.033810774145, 0.037131194924]
    ],
    [
      [0.020657210432, 0.11973569064, 0.67980335785, 0.017668151898, 0.16213558918],
      [0.00099625456106, 0.93202929537, 0.00029744684784, 0.062516993219, 0.0041600100019],
      [0.050539137755, 0.00316346594, 0.90913775603, 0.0099224094638, 0.027237230809],
      [0.15241427939, 0.3846895343, 0.3082143758, 0.09491193307, 0.059769877435],
      [0.31895302604, 0.10890249538, 0.44242213084, 0.059518628713, 0.07020371903]
    ],
    [
      [0.033465214211, 0.12191452302, 0.71208913697, 0.027360935205, 0.1051701906],
      [0.0015282007788, 0.90367116071, 0.0002946274264, 0.091971136882, 0.0025348742041],
      [0.07651565516, 0.003005671852, 0.88975909259, 0.014341884238, 0.01637769616],
      [0.21572115951, 0.34148151485, 0.28075506834, 0.12848186334, 0.033560393956],
      [0.42253694238, 0.089971620409, 0.37578489731, 0.074948773076, 0.036757766826]
    ],
    [
      [0.032578297646, 0.097917204949, 0.73925832303, 0.021495949834, 0.10875022454],
      [0.0018284500605, 0.9052880424, 0.00037514735928, 0.089327232019, 0.0031811281585],
      [0.072434185202, 0.0023405561608, 0.89802740789, 0.010935824041, 0.016262026706],
      [0.23099329212, 0.30143830658, 0.3185578252, 0.11135994534, 0.037650630751],
      [0.42655286315, 0.074143467953, 0.39995189578, 0.060667230566, 0.038684542545]
    ],
    [
      [0.042958463028, 0.096589552928, 0.66467377395, 0.027141495258, 0.16863671483],
      [0.0024285943091, 0.87965523778, 0.00034096594171, 0.11249973886, 0.0050754631061],
      [0.10103769805, 0.0024542294069, 0.85459483438, 0.014656852806, 0.027256385358],
      [0.27879591596, 0.27298264941, 0.26526860217, 0.12820981948, 0.05474301297],
      [0.49165694098, 0.065204925713, 0.32108770098, 0.067829877005, 0.054220555322]
    ],
    [
      [0.037883277773, 0.10295341998, 0.68338266479, 0.024062773406, 0.15171786405],
      [0.002046126849, 0.89786529159, 0.00033483502984, 0.095399399831, 0.0043543467001],
      [0.088418869807, 0.0025944740722, 0.87181251333, 0.012889364279, 0.024284778514],
      [0.25297594134, 0.29923549143, 0.28024111336, 0.11699790706, 0.050549546814],
      [0.46085488988, 0.073691362293, 0.3499843179, 0.063811555757, 0.05165787417]
    ],
    [
      [0.011802651187, 0.073193432327, 0.52338928443, 0.017231661761, 0.3743829703],
      [0.0008786634708, 0.89020124462, 0.00032840357199, 0.095371259001, 0.013220429339],
      [0.035821034604, 0.0023697445539, 0.88062461774, 0.0118551698, 0.069329433297],
      [0.11857042121, 0.30425015734, 0.29252629971, 0.12057773716, 0.16407538458],
      [0.25296920712, 0.082373411229, 0.40713656231, 0.072115753654, 0.18540506568]
    ],
    [
      [0.035349031074, 0.16039274219, 0.53560528217, 0.019784791315, 0.24886815325],
      [0.0012736872807, 0.94130874365, 0.0001666378294, 0.052838901415, 0.0044120298281],
      [0.10026769632, 0.0048677414045, 0.83743592586, 0.01275969627, 0.044668940149],
      [0.22313143536, 0.42418269589, 0.19344508202, 0.087960622804, 0.07128016392],
      [0.47580011819, 0.11667874884, 0.27235756659, 0.053475716489, 0.081687849897]
    ],
    [
      [0.015072151756, 0.11277609431, 0.75652423912, 0.014408762648, 0.10121875217],
      [0.00075826333725, 0.94235715269, 0.00034399687651, 0.053902042456, 0.0026385446366],
      [0.03430609661, 0.002753826295, 0.94005974427, 0.0074913112282, 0.015389021595],
      [0.12054022454, 0.39046113351, 0.36562314157, 0.084221582049, 0.039153918323],
      [0.25888217163, 0.11079624184, 0.53088390787, 0.052909084525, 0.046528594141]
    ],
    [
      [0.044014785645, 0.10314097304, 0.57765050439, 0.011885567262, 0.26330816966],
      [0.002401702885, 0.94150484438, 0.00028364656714, 0.048517111012, 0.0072926951564],
      [0.11573520917, 0.0029013604147, 0.82896312189, 0.0071186919814, 0.045281616541],
      [0.30584554522, 0.30794987286, 0.23956900812, 0.060237665729, 0.086397908072],
      [0.53553030869, 0.070357125477, 0.28081872528, 0.030412086971, 0.082881753584]
    ],
    [
      [0.064558676812, 0.25588488777, 0.67955643542, 0, 0],
      [0.0011205461215, 0.99877470301, 0.00010475086942, 0, 0],
      [0.15028450547, 0.0059720216972, 0.84374347283, 0, 0],
      [0.32516412429, 0.5046988636, 0.17013701211, 0, 0],
      [0.70078592232, 0.1040708317, 0.19514324597, 0, 0]
    ],
    [
      [0.025149609574, 0.12519781669, 0.6791977141, 0.020265779426, 0.15018908021],
      [0.0011478652123, 0.92693217676, 0.00028105563877, 0.06800322782, 0.0036356745712],
      [0.06094862109, 0.0032729618067, 0.89960473717, 0.011265324866, 0.024908355068],
      [0.1752566664, 0.37967047978, 0.29010793796, 0.1028932899, 0.052071625954],
      [0.36143069533, 0.10552972736, 0.40953307046, 0.063359254144, 0.060147252695]
    ],
    [
      [0.031500004779, 0.085713413847, 0.69788838275, 0.02576989541, 0.15912830322],
      [0.0019792714112, 0.87327241353, 0.0003976927169, 0.11905201236, 0.0052986099787],
      [0.07315032988, 0.0021473642207, 0.88570342696, 0.013727031777, 0.025271847159],
      [0.22778405671, 0.26974262666, 0.30943571324, 0.13580898696, 0.057228616423],
      [0.41520395064, 0.066288843115, 0.38614178706, 0.07392542837, 0.058439990825]
    ],
    [
      [0, 0.083190475111, 0.53546770173, 0, 0.38134182316],
      [0, 0.99289447597, 0.00020142326819, 0, 0.0069041007572],
      [0, 0.0026731701336, 0.92999892857, 0, 0.067327901295],
      [0, 0.45917000925, 0.35979919049, 0, 0.18103080027],
      [0, 0.13356240958, 0.61313029939, 0, 0.25330729103]
    ],
    [
      [0, 0.040020982887, 0.95997901711, 0, -0],
      [0, 0.99999888243, 1.1175731257e-06, 0, 0],
      [0, 1.1175731257e-06, 0.99999888243, 0, 0],
      [-0, 0.54523135678, 0.45476864322, -0, -0],
      [-0, 0.11947013725, 0.88052986275, 0, -0]
    ],
    [
      [0.022889951032, 0.11547287536, 0.72344074369, 0.02025744119, 0.11793898873],
      [0.0011364905148, 0.92172807343, 0.00032597420972, 0.073688448831, 0.0031210130172],
      [0.052937060728, 0.0028860892339, 0.91465225307, 0.010758938568, 0.018765658404],
      [0.16546820381, 0.36349272657, 0.32180171386, 0.10653590582, 0.04270144994],
      [0.33649025715, 0.10023873036, 0.44940988279, 0.065064628743, 0.048796500957]
    ],
    [
      [0.014712185868, 0.061486832547, 0.35757855364, 0, 0.56622242794],
      [0.00018505482546, 0.99791009895, 3.8541766889e-05, 0, 0.0018663044592],
      [0.064716496592, 0.002508184016, 0.84786104669, 0, 0.084914272701],
      [0.19609782245, 0.39301257858, 0.23029359841, 0, 0.18059600057],
      [0.4597738812, 0.069542334935, 0.28539735925, 0, 0.18528642461]
    ],
    [
      [0, 0.096636728044, 0.90336327196, 0, 0],
      [0, 0.99961528944, 0.00038471056054, 0, 0],
      [0, 0.0020133062141, 0.99798669379, 0, 0],
      [0, 0.45526138597, 0.54473861403, 0, 0],
      [0, 0.13186471877, 0.86813528123, 0, 0]
    ],
    [
      [0, 0.13799232656, 0.8558599452, 0.0061477282386, 0],
      [0, 0.97989576748, 0.00031700093256, 0.019787231585, 0],
      [0, 0.0031024287298, 0.99395973068, 0.0029378405925, 0],
      [0, 0.52132960134, 0.43920034979, 0.039470048878, 0],
      [0, 0.18185291393, 0.78781723572, 0.030329850351, 0]
    ],
    [
      [0.02912094867, 0.1001892614, 0.62390494649, 0.019306216824, 0.22747862662],
      [0.0016373025232, 0.91152752886, 0.00031805711416, 0.079732985078, 0.0067841264228],
      [0.074433743552, 0.0027637998529, 0.87167567681, 0.011322390273, 0.03980438951],
      [0.21352058617, 0.31970394354, 0.28062957403, 0.10308945593, 0.083056440329],
      [0.40569532167, 0.081997971189, 0.36527598339, 0.058569204018, 0.088461519733]
    ],
    [
      [0.019320192064, 0.1278704557, 0.65559526235, 0.025567605104, 0.17164648478],
      [0.00085047765964, 0.91207619853, 0.00026134670889, 0.082835177482, 0.0039767996237],
      [0.048730291751, 0.0034776473038, 0.9036085431, 0.014781029648, 0.029402488202],
      [0.13616462086, 0.39092239667, 0.2821671049, 0.13105019838, 0.05969567919],
      [0.3001735669, 0.11583758908, 0.42454462341, 0.085946402043, 0.073497818566]
    ],
    [
      [0.020156319323, 0.11213652937, 0.68392785082, 0.023605512861, 0.16017378763],
      [0.00101393073, 0.90735241404, 0.00031216069126, 0.087031246213, 0.0042902483299],
      [0.048962247072, 0.0029432330685, 0.90818807824, 0.013165886586, 0.026740555031],
      [0.14799494508, 0.35835332849, 0.30875632246, 0.12607054025, 0.058824863712],
      [0.30876834329, 0.10130104235, 0.44209078324, 0.07891967393, 0.068920157197]
    ],
    [
      [0.012292580488, 0.1516430094, 0.66782021551, 0.0064124560535, 0.16183173856],
      [0.00048240357054, 0.97731886612, 0.00023730160334, 0.018620454562, 0.003340974143],
      [0.031429590754, 0.004170515546, 0.93258909163, 0.0037522723776, 0.028058529698],
      [0.093551321907, 0.50093027313, 0.30932040212, 0.035646655853, 0.060551346988],
      [0.22542303398, 0.16102996952, 0.50697270716, 0.025367914093, 0.081206375243]
    ]
  ],
  "expected_outcome": [
    [
      [1.4753680385, 2.6097693704, 1.5723631636, 1.1314726568, 0.9887638969, 1.6483220145, 0.21529889921, 0.64720675473, 1.8354106179, 1.4988391217, 1.8323921924, 0.47485525719, 0.38744952774, 0.29031369417, 1.2776822704, 1.7145484659, 0.70276949843, 0.26062638117, 2.6634247077, 1.9699304442, 0.023605302374, 0.10604709322, 0.12057721405, 0.22007392822, 0.19367603044, 1.358078917, 0.85050012904, 0, 0, 2.4950046625, 0, 0, 0, 1.1357169981, 0.27048268889, 2.1970388062, 0.33189967317],
      [5.2602144004, 12.4750587919, 4.7281295705, 4.5585841858, 4.2066238789, 4.9167468354, 1.2291421648, 4.413538521, 6.8606991213, 7.3052659496, 6.0466836711, 1.8425140795, 1.7925969445, 0.96854258425, 4.0728324831, 9.9380623231, 2.5602049833, 0.78333763959, 5.9885522815, 5.3535778392, 0.14638686465, 0.48117822656, 0.90220875449, 0.5157048652, 0.7676546633, 6.7606821013, 2.3142621739, 0, 0, 12.586543414, 0, 0, 0.27598465311, 3.9073811946, 1.7901863798, 12.2228817014, 4.0943612537],
      [34.1938712386, 76.6684231047, 35.7003734474, 29.0173104914, 28.7444884446, 31.1429844748, 6.6543682574, 28.6822012535, 44.0636114875, 43.5090598888, 39.5715164413, 8.528424426, 5.3464199044, 6.1978342844, 23.6295500613, 56.4236787018, 14.9538718764, 5.9140665842, 41.2097739851, 35.535898569, 1.0467785689, 1.6068158465, 6.052193913, 2.888252522, 2.0386693063, 36.6766765612, 18.8429863341, 0, 0, 78.8550410621, 0, 0, 1.7117198904, 24.332292913, 9.1783336729, 74.5481357395, 18.0311458187],
      [0.97305264415, 3.2067689748, 1.009864394, 0.96272213445, 0.74770655491, 1.2920648978, 0.16384516023, 0.95220844246, 1.1542648872, 1.7109944003, 1.1599038083, 0.35464623137, 0.44136017839, 0.20918845362, 0.4197076132, 1.4664566076, 0.5745796393, 0.17196759867, 1.682772706, 1.2512642171, 0.034463323523, 0.059354373944, 0.11527010119, 0.059427836312, 0, 1.094352089, 0.69578717606, 0, 0, 2.2080610897, 0, 0, 0.012295456477, 0.75294245614, 0.35794647145, 2.5730009018, 0.17313631345],
      [5.0974936784, 19.0399797582, 8.9892694245, 5.3299105316, 6.3124172248, 5.9998817775, 2.7373455183, 6.3048450284, 10.0860138861, 9.9758406396, 4.3895038869, 1.799560006, 1.032173445, 1.3341209836, 3.600227572, 13.4572539016, 2.2085740025, 0.87000179634, 10.4554763197, 7.8893289305, 0.7487659406, 0.74660445976, 0.80975001732, 1.3165408483, 0, 8.1102103314, 4.2964641869, 0, 0, 12.8553497717, 0, 0, 0, 8.8716664381, 2.403050787, 17.4589428512, 4.369456941]
    ],
    [
      [0.28416185081, 0.59476190226, 0.38426367247, 0.20376108745, 0.5678217174, 0.28212738871, 0.33947194094, 0.054006995774, 0.40006831474, 0.32740255702, 0.56687313109, 1.005180662, 0.41341747905, 0.057770266657, 0.21941510351, 0.14445691135, 0.11919966074, 0.056681951876, 0.61929154883, 0.30896515419, 0.086987683609, 0.14137928816, 0.018198320094, 0.050435760584, 0.0033616383645, 0.080350564862, 0.16823806995, 0, 0, 0.95919799452, 0.00018505482546, 0, 0, 0.15554373971, 0.085047765964, 0.60126092287, 0.01784893211],
      [163.3873066913, 457.3743201955, 186.2679874022, 132.5172052039, 388.868319005, 135.8863246431, 312.3257053294, 59.8028409245, 240.8963224424, 257.0218054383, 301.2805100526, 627.7523344596, 308.3673251938, 31.7061976671, 113.119772167, 135.1442478286, 70.4863505353, 28.0639293145, 224.3120856343, 135.5776590301, 88.1299232171, 104.4852705448, 22.6165716647, 19.771601732, 2.996324109, 64.885252373, 74.2281551502, 0.99289447597, 0.99999888243, 777.9384939724, 0.99791009895, 2.9988458683, 39.1958306993, 86.5951152418, 91.2076198525, 538.059981523, 36.1607980465],
      [0.059746698669, 0.15856247135, 0.079155466013, 0.047402047717, 0.14971386576, 0.048329117545, 0.094951994611, 0.021706425357, 0.087156567057, 0.08623578403, 0.11106050168, 0.16283012109, 0.05120489196, 0.011103857153, 0.036784273977, 0.043129792937, 0.02298093926, 0.011629568138, 0.086946315136, 0.050560089505, 0.032511953627, 0.018496799063, 0.0082559250363, 0.00595657791, 0.00031425260826, 0.019673894714, 0.033803880936, 0.00020142326819, 1.1175731257e-06, 0.27512223301, 3.8541766889e-05, 0.0011541316816, 0.012680037303, 0.030215425845, 0.026134670889, 0.18511128992, 0.0087801593237],
      [13.7466426683, 53.5606218526, 18.0998405365, 12.721504949, 31.488515936, 16.2384191598, 18.9666329599, 5.8424123557, 18.4457950305, 27.404794898, 26.3197130746, 55.0720853378, 34.5921984853, 3.0878450832, 5.2965709722, 9.0649640168, 7.1737486768, 2.7691441926, 28.6874334097, 14.4053093745, 9.4417546411, 5.8651180571, 1.2936490189, 1.0188593313, 0, 4.7602259474, 10.1194210508, 0, 0, 62.1930508136, 0, 0, 0.79148926339, 7.5746335825, 8.2835177482, 51.6095290045, 0.68895681879],
      [0.52214209094, 2.3117335782, 1.1687529229, 0.51012671191, 1.9256294758, 0.54479969081, 2.2732377751, 0.2790332986, 1.1706576453, 1.1597613226, 0.72184324005, 2.0075694195, 0.5758539499, 0.13708312592, 0.32745748332, 0.60320145027, 0.19772018792, 0.098614972912, 1.294243092, 0.65750635171, 1.3088225046, 0.48973531092, 0.063325071277, 0.15314659828, 0, 0.25449721998, 0.45038184819, 0.0069041007572, 0, 2.6341349865, 0.0018663044592, 0, 0, 0.64449201017, 0.39767996237, 2.5441172596, 0.12361604329]
    ],
    [
      [57.1057803178, 92.9866071095, 65.6445250237, 44.8627658191, 31.7976964446, 33.2521328938, 8.5808389321, 18.2146414089, 97.8454573002, 63.2077654402, 58.6341541385, 5.6645123284, 3.536458998, 4.3263065878, 29.7093353294, 42.09910175, 19.2054294451, 8.9094047799, 126.2971225586, 61.539533386, 0.17910517302, 0.70187387424, 3.5678340474, 6.2497012951, 2.1039830766, 22.0634008344, 35.6242106517, 0, 0, 109.2091562811, 0.58244846933, 0, 0, 30.4434011126, 9.7460583502, 51.4103594259, 5.1858824744],
      [2.1990347914, 4.8029608249, 2.1321780097, 1.9518077973, 1.4612841613, 1.0707766326, 0.52869593724, 1.3397921277, 3.9512651844, 3.3280670955, 2.0898967049, 0.2372444382, 0.17646897767, 0.1550405993, 1.0219954559, 2.635167128, 0.75442363484, 0.28788840777, 3.0677867586, 1.8057539542, 0.01184872277, 0.034074189832, 0.28639793468, 0.1566734624, 0.08360830376, 1.184812174, 1.0457663755, 0.058809742939, 1.1175731257e-06, 5.9540020895, 0.022573656144, 0.028186286997, 0.031024287298, 1.1303941399, 0.69552946075, 3.0903947219, 0.68813506509],
      [723.5044950277, 1493.3223644568, 814.7714339038, 628.9259987152, 505.3033053129, 343.4093459863, 144.9770156832, 441.1547836132, 1284.1173389294, 1002.9979362749, 692.1201999903, 55.6679867848, 26.728087772, 50.4822517544, 300.3080015356, 757.3117507747, 223.3295322402, 110.4573711705, 1068.243542978, 606.781509276, 4.4031230887, 5.862051481, 97.7662134043, 44.7640085822, 11.8124086197, 325.6569148556, 431.3375689312, 20.4599764286, 0.99999888243, 1886.9275980772, 7.6307494202, 13.971813713, 9.9395973068, 356.5153518164, 180.7217086191, 953.5974821541, 153.8772001181],
      [8.6461241426, 26.2364386498, 9.6791939004, 8.7618114334, 5.5194647119, 5.9808357912, 1.4975954265, 6.1470864304, 14.1285118191, 16.5657477521, 8.5194438034, 0.97033150753, 0.92327004577, 0.71235877482, 2.2386931598, 8.2653670834, 3.5998129436, 1.3451063571, 18.3210660069, 8.970997538, 0.059275849002, 0.089317873893, 0.77909636773, 0.384409367, 0, 4.0780476013, 6.6850644754, 0, 0, 22.1956902657, 0, 0, 0.029378405925, 4.6308576215, 2.9562059295, 13.824180915, 0.6191249423],
      [13.5445657204, 46.6516289589, 25.7726691624, 14.497616235, 13.9182493693, 8.2869086961, 7.415854021, 12.1436964198, 36.9574267669, 28.9004834373, 9.6363053628, 1.4599249411, 0.63571420651, 1.3240422837, 5.7219745192, 22.688613264, 4.1108017362, 2.0002292848, 34.0704816979, 16.9022058459, 0.34664716648, 0.31268258104, 1.6004582459, 2.4452072932, 0, 9.0168245347, 12.3073895663, 1.4812138285, 0, 38.7135532865, 0.76422845431, 0, 0, 16.2799953097, 5.8804976404, 28.0775827831, 4.6296574001]
    ],
    [
      [17.7120837564, 11.8746182213, 14.3546878687, 11.5730485764, 8.539706898, 9.0303153551, 3.973753308, 3.0325461427, 13.2308917943, 10.3786559938, 5.2971035491, 8.658160976, 5.8451504313, 2.0115412608, 6.1560831316, 9.6020996019, 3.4515385522, 2.0789396291, 21.7460814452, 7.5892782401, 0, 1.3387886122, 0.84378157181, 1.5292277261, 0, 5.9587266575, 3.188976794, 0, 0, 29.453340278, 0, 0, 0, 10.8895498948, 2.859457038, 11.0996208811, 0.093551321907],
      [27.4972168569, 24.7143236446, 18.7963472948, 20.3015954827, 15.8003834505, 11.7151135161, 9.8331228561, 9.0042018689, 21.5391040571, 22.022821527, 7.6039233252, 14.555050637, 11.6873876069, 2.8974639213, 8.5320660165, 24.235440661, 5.4637042376, 2.7129447593, 21.2926466539, 8.977064743, 0, 2.5450961754, 2.7332279346, 1.5397493643, 0, 12.9087963127, 3.7763967733, 1.3775100277, 0, 64.7017053293, 0, 0.91052277194, 1.563988804, 16.3049011205, 8.2093703301, 26.876499637, 0.50093027313],
      [25.2294302671, 21.4582650659, 20.0356203971, 18.2341123251, 15.244602002, 10.4658209779, 7.5036554604, 8.2409776528, 19.5357843495, 18.5223513146, 7.0264115966, 9.4815361268, 4.8892457943, 2.5894367139, 6.9774162855, 19.4175056753, 4.4920810935, 2.8670204268, 20.6909509695, 8.4072334007, 0, 1.1606704921, 2.559361991, 1.1978450406, 0, 9.8636698907, 4.3320999854, 1.0793975715, 0, 57.280705067, 0, 1.0894772281, 1.3176010494, 14.3121082757, 5.9255092029, 23.1567241845, 0.30932040212],
      [8.5037686867, 10.6164147589, 6.7113803792, 7.1696274734, 4.6955650437, 5.1518429446, 2.1930908145, 3.2521362892, 6.0565894988, 8.6224355929, 2.4391728874, 4.6834571701, 4.8150241194, 1.0554780378, 1.4722391222, 5.9794517834, 2.0557098135, 1.0022395081, 10.0003659198, 3.5099372118, 0, 0.52776373682, 0.58955107434, 0.30118832865, 0, 3.4983718567, 1.9013258174, 0, 0, 18.9633912365, 0, 0, 0.11841014663, 5.2575622523, 2.7520541659, 9.4552905191, 0.035646655853],
      [3.0575004329, 4.3363783092, 4.1019640601, 2.7216161423, 2.7197426057, 1.6369072064, 2.496377561, 1.4701380464, 3.6376303003, 3.4537355717, 0.6333886418, 1.6217950902, 0.76319204808, 0.44608006622, 0.86219544417, 3.7655022784, 0.53696630329, 0.33885567676, 4.2699550116, 1.5164864044, 0, 0.42768098352, 0.27407742826, 0.43198954036, 0, 1.7704352824, 0.80120062992, 0.5430924008, 0, 7.6008580892, 0, 0, 0, 4.2358784568, 1.253609263, 4.4118647784, 0.060551346988]
    ],
    [
      [39.5351097441, 42.7213746395, 49.267062647, 30.3550682262, 25.5527471618, 24.0920974742, 10.5120889918, 7.0083530033, 50.676119103, 31.207113856, 24.6882329067, 18.2939077287, 13.4477760784, 5.9874353408, 20.3535594247, 21.6888057709, 12.2535713289, 7.2513986736, 59.4904898583, 23.9644542737, 1.7707844499, 2.8548007091, 1.8121752014, 3.2131818521, 0, 12.2886436413, 12.4561185191, 0, 0, 76.719778631, 0.4597738812, 0, 0, 19.0676801184, 6.3036449048, 36.1258961649, 3.3813455096],
      [8.3067192492, 12.050965004, 8.7337381394, 7.2022320638, 6.3977476337, 4.2216814136, 3.5053257288, 2.8044113587, 11.1752734574, 8.9676140156, 4.7954611501, 4.1455304896, 3.6114262338, 1.1428834705, 3.8053125094, 7.4053696855, 2.6091769919, 1.2604389552, 7.8897960113, 3.8319508392, 0.5766138786, 0.70007249303, 0.77557369285, 0.42214275286, 0, 3.5880107304, 1.9886652934, 0, 0, 22.8544305211, 0.069542334935, 0.13186471877, 0.36370582786, 3.8539046459, 2.4325893708, 11.8522219544, 2.4154495428],
      [38.6366078224, 52.9994079391, 47.1869518354, 32.8023312247, 31.2741513654, 19.1274177826, 13.5606693257, 13.0393173572, 51.3625489873, 38.2182558983, 22.453968454, 13.6919315358, 7.6689810068, 5.214150191, 15.7906233959, 30.0847048971, 10.8977620221, 6.7991822283, 38.8516118188, 18.1991845308, 2.8499559362, 1.6341453995, 3.7161873551, 1.6849123517, 0, 13.9241243958, 11.5842536117, 0, 0, 102.4654532761, 0.28539735925, 0.86813528123, 1.5756344714, 17.1679712194, 8.9154370916, 51.7246216388, 7.6045906075],
      [5.6901851653, 11.464347675, 6.9071345353, 5.6340380403, 4.2098211216, 4.1108950403, 1.7305902075, 2.2444663447, 6.9601933263, 7.7757606233, 3.4060652501, 2.9534314674, 3.2933416144, 0.9207294454, 1.4538632882, 4.0472667525, 2.1735144192, 1.0313429196, 8.2074151176, 3.3182008994, 0.50481027558, 0.32085429893, 0.37036359168, 0.18247252183, 0, 2.1542146409, 2.2177628511, 0, 0, 14.8347353535, 0, 0, 0.060659700702, 2.7527525888, 1.8048744429, 9.2336018498, 0.3805187114],
      [3.8313780189, 8.7639047423, 7.9051128429, 4.006330445, 4.5655327175, 2.4479082892, 3.6913257462, 1.9034519361, 7.825865126, 5.8312556067, 1.6562722391, 1.9151987785, 0.9784750666, 0.73480155234, 1.5966413817, 4.773852894, 1.065975238, 0.65763722326, 6.560687194, 2.6862094569, 1.2978354598, 0.49012709938, 0.32570015899, 0.4972905215, 0, 2.0450065916, 1.7531997247, 0, 0, 11.1256022183, 0.18528642461, 0, 0, 4.1576914275, 1.5434541899, 8.0636583921, 1.2180956286]
    ]
  ],
  "prob": [
    [0.027510730677, 0.11192998077, 0.68948229151, 0.02221274601, 0.14886425103],
    [0.0013953346392, 0.91176140162, 0.00031743869644, 0.082495675451, 0.0040301495927],
    [0.065341805563, 0.0028738752749, 0.89530321706, 0.012118738167, 0.024362363933],
    [0.19324866148, 0.34250629704, 0.29827186525, 0.11351048763, 0.052462688594],
    [0.38015440181, 0.091460146281, 0.40322047706, 0.06713284651, 0.058032128337]
  ],
  "iterations": 105,
  "time": 0.000308,
  "message": "Converged",
  "status": 0,
  "miniter": 0,
  "maxiter": 1000,
  "maxtime": 3600,
  "param_threshold": 0.001,
  "ll_threshold": "-Inf",
  "initial_prob": "group_proportional",
  "candidates_id": ["YOUNG, Paul Chung-Che.c", "WU, Chao-Fu.c", "ROSS, Jami-Lee Matenga.c", "Informal Candidate Votes.c", "Other candidates votes.c"],
  "group_id": ["Green Party.p", "Labour Party.p", "National Party.p", "New Zealand First Party.p", "Other parties votes.p"]
}
