{
  "X": [
    [11, 24, 72, 172, 35],
    [8, 29, 22, 177, 23],
    [1, 1, 0, 10, 0],
    [9, 30, 61, 230, 41],
    [0, 3, 2, 18, 2],
    [3, 7, 4, 32, 7],
    [3, 9, 10, 36, 5],
    [3, 23, 18, 76, 12],
    [7, 24, 24, 94, 11],
    [29, 79, 91, 282, 44],
    [263, 796, 856, 2572, 326],
    [101, 345, 414, 1571, 177],
    [69, 200, 117, 470, 46],
    [94, 323, 361, 923, 122],
    [6, 11, 17, 57, 3],
    [2, 13, 5, 18, 2],
    [6, 10, 11, 44, 3],
    [451, 1332, 716, 2393, 258],
    [185, 351, 247, 720, 70],
    [63, 130, 119, 321, 43],
    [7, 24, 44, 134, 23],
    [7, 5, 11, 110, 12],
    [10, 27, 59, 148, 16],
    [7, 25, 29, 151, 11],
    [30, 65, 288, 452, 67],
    [17, 37, 72, 301, 34],
    [7, 12, 35, 74, 19],
    [1, 3, 25, 62, 9],
    [2, 9, 4, 43, 2],
    [10, 71, 41, 284, 27],
    [1, 2, 3, 12, 3],
    [0, 0, 7, 10, 0],
    [27, 106, 118, 770, 95],
    [9, 14, 69, 139, 13],
    [0, 1, 4, 8, 1],
    [38, 105, 233, 630, 117],
    [0, 6, 5, 25, 2],
    [11, 45, 198, 381, 67],
    [15, 22, 62, 195, 29],
    [0, 5, 14, 10, 2],
    [9, 12, 88, 163, 21],
    [0, 3, 9, 22, 4],
    [3, 3, 33, 36, 4],
    [9, 14, 62, 67, 22],
    [10, 11, 41, 96, 19],
    [10, 24, 16, 109, 20],
    [17, 36, 50, 279, 45],
    [3, 13, 10, 38, 6],
    [0, 6, 5, 17, 6],
    [13, 17, 30, 74, 13],
    [9, 23, 43, 97, 13],
    [6, 17, 15, 58, 6],
    [16, 31, 61, 177, 29],
    [12, 19, 32, 70, 12],
    [14, 58, 83, 170, 32],
    [10, 21, 32, 71, 17],
    [13, 31, 34, 84, 17],
    [10, 18, 26, 65, 15],
    [41, 120, 104, 183, 19],
    [9, 25, 18, 41, 13],
    [1, 3, 10, 7, 5],
    [14, 25, 57, 179, 25],
    [18, 36, 103, 251, 43],
    [8, 16, 44, 89, 27],
    [3, 13, 21, 53, 4],
    [23, 34, 130, 212, 43],
    [21, 31, 158, 140, 35],
    [29, 84, 176, 441, 65],
    [29, 28, 108, 181, 48],
    [0, 0, 3, 3, 2],
    [2, 8, 27, 36, 20],
    [25, 64, 79, 222, 49],
    [19, 62, 56, 254, 46],
    [26, 28, 40, 178, 17],
    [1, 5, 12, 40, 11],
    [0, 0, 2, 3, 3],
    [12, 40, 64, 247, 51],
    [6, 17, 14, 64, 5],
    [6, 38, 29, 157, 32],
    [13, 24, 53, 168, 25],
    [12, 30, 41, 133, 29],
    [12, 40, 129, 221, 44],
    [16, 30, 106, 114, 29],
    [9, 43, 46, 179, 29],
    [0, 2, 3, 23, 4],
    [6, 11, 23, 36, 13],
    [5, 20, 30, 105, 17],
    [3, 9, 25, 55, 9],
    [8, 18, 96, 114, 34],
    [16, 57, 69, 160, 31],
    [27, 41, 146, 339, 51],
    [0, 1, 8, 5, 3],
    [8, 27, 39, 97, 17],
    [25, 43, 241, 247, 57],
    [65, 302, 147, 782, 49],
    [184, 568, 621, 1687, 302],
    [101, 292, 378, 839, 181],
    [0, 0, 5, 7, 1]
  ],
  "W": [
    [22, 32, 171, 70, 19],
    [7, 11, 209, 16, 16],
    [0, 0, 11, 0, 1],
    [21, 28, 242, 49, 31],
    [0, 3, 17, 2, 3],
    [3, 6, 33, 4, 7],
    [4, 7, 39, 7, 6],
    [3, 17, 87, 17, 8],
    [10, 25, 101, 13, 11],
    [28, 116, 279, 66, 36],
    [213, 777, 2834, 658, 331],
    [129, 541, 1476, 302, 160],
    [27, 230, 504, 85, 56],
    [110, 367, 956, 250, 140],
    [4, 17, 55, 12, 6],
    [2, 13, 16, 6, 3],
    [6, 5, 51, 7, 5],
    [205, 1761, 2281, 500, 403],
    [69, 501, 697, 184, 122],
    [39, 168, 335, 77, 57],
    [17, 10, 156, 29, 20],
    [1, 8, 119, 9, 8],
    [9, 21, 165, 49, 16],
    [18, 48, 137, 12, 8],
    [75, 100, 446, 226, 55],
    [16, 47, 317, 60, 21],
    [15, 5, 92, 23, 12],
    [7, 5, 65, 18, 5],
    [1, 8, 44, 2, 5],
    [9, 95, 280, 33, 16],
    [2, 1, 14, 2, 2],
    [2, 1, 10, 3, 1],
    [43, 172, 740, 94, 67],
    [23, 25, 129, 52, 15],
    [1, 2, 8, 3, 0],
    [68, 117, 659, 176, 103],
    [0, 6, 26, 5, 1],
    [45, 47, 397, 153, 60],
    [19, 24, 217, 49, 14],
    [3, 2, 15, 9, 2],
    [18, 14, 180, 65, 16],
    [0, 1, 27, 8, 2],
    [9, 6, 38, 21, 5],
    [16, 16, 81, 48, 13],
    [17, 9, 106, 29, 16],
    [4, 42, 104, 13, 16],
    [17, 30, 319, 33, 28],
    [5, 7, 46, 6, 6],
    [5, 7, 18, 2, 2],
    [6, 26, 79, 20, 16],
    [13, 32, 88, 33, 19],
    [5, 22, 59, 12, 4],
    [15, 49, 171, 54, 25],
    [11, 23, 68, 29, 14],
    [20, 53, 205, 57, 22],
    [7, 29, 67, 22, 26],
    [8, 30, 98, 26, 17],
    [6, 20, 76, 14, 18],
    [32, 135, 192, 69, 39],
    [5, 22, 53, 16, 10],
    [4, 2, 12, 7, 1],
    [23, 13, 195, 40, 29],
    [16, 34, 289, 68, 44],
    [21, 28, 88, 28, 19],
    [5, 21, 44, 17, 7],
    [45, 48, 227, 97, 25],
    [44, 43, 156, 118, 24],
    [59, 65, 497, 132, 42],
    [22, 23, 210, 89, 50],
    [1, 0, 4, 2, 1],
    [9, 8, 40, 18, 18],
    [21, 77, 234, 65, 42],
    [28, 76, 252, 44, 37],
    [11, 72, 140, 40, 26],
    [2, 8, 44, 11, 4],
    [0, 0, 4, 2, 2],
    [18, 47, 258, 42, 49],
    [6, 16, 69, 8, 7],
    [7, 57, 141, 26, 31],
    [22, 37, 166, 38, 20],
    [10, 37, 143, 27, 28],
    [27, 58, 235, 99, 27],
    [20, 31, 135, 88, 21],
    [16, 26, 201, 28, 35],
    [3, 3, 23, 2, 1],
    [3, 5, 50, 15, 16],
    [13, 26, 98, 27, 13],
    [9, 10, 58, 18, 6],
    [22, 13, 138, 72, 25],
    [24, 72, 153, 53, 31],
    [43, 37, 388, 104, 32],
    [3, 0, 6, 3, 5],
    [9, 32, 99, 32, 16],
    [45, 43, 309, 169, 47],
    [28, 342, 793, 89, 93],
    [174, 545, 1837, 511, 295],
    [102, 240, 972, 291, 186],
    [1, 1, 7, 4, 0]
  ],
  "method": "mvn_pdf",
  "cond_prob": [
    [
      [0.016178659577, 0.0023861794856, 0.50407308258, 0.20308673793, 0.27427534042],
      [0.15475949216, 0.46627217212, 0.00033841334036, 0.37862992239, 0],
      [0.013663066505, 0.038516642481, 0.025396642495, 0.85494449997, 0.067479148552],
      [0.011321570143, 0.0010168723065, 0.78866665833, 0.066104842516, 0.1328900567],
      [0.13488797147, 0.12469829567, 0.071056368766, 0.24174135677, 0.42761600732]
    ],
    [
      [0.020184535381, 0.12451765991, 0.512686592, 0.091842529413, 0.2507686833],
      [0.17020960844, 0.71406077448, 0, 0.11569671114, 3.2905935677e-05],
      [0.01641257528, 0.080165954608, 0.022563586161, 0.81513719927, 0.065720684678],
      [0.013256829977, 0.0035529973745, 0.79330631628, 0.068133626342, 0.12175023003],
      [0.14650406539, 0.21638596189, 0.062656455485, 0.22691411264, 0.34753940459]
    ],
    [
      ["NaN", "NaN", "NaN", "NaN", "NaN"],
      ["NaN", "NaN", "NaN", "NaN", "NaN"],
      [0.038092181026, 0.080430173595, 0, 0.88147764538, 0],
      ["NaN", "NaN", "NaN", "NaN", "NaN"],
      [0.58098600872, 0.11526809045, 0, 0.30374590083, 0]
    ],
    [
      [0.010975836294, 0.0025855462473, 0.5456688372, 0.19095778874, 0.24981199152],
      [0.1191380029, 0.53286303864, 9.89035971e-05, 0.34790005486, 0],
      [0.0081205074778, 0.044006221709, 0.028888722237, 0.84963587851, 0.069348670067],
      [0.0068639763415, 0.0016508286228, 0.81438571672, 0.060813769416, 0.1162857089],
      [0.10103695827, 0.13855297389, 0.085232716686, 0.24699766451, 0.42817968664]
    ],
    [
      ["NaN", "NaN", "NaN", "NaN", "NaN"],
      [0, 0.5714729717, 0.01046505379, 0.41167547647, 0.0063864980355],
      [0, 0.038313679111, 0.0094262102671, 0.91184083255, 0.040419278069],
      [0, 0.003721872596, 0.82561117, 0.10106145239, 0.069605505019],
      [0, 0.2089349316, 0.052378974697, 0.35385217081, 0.38483392289]
    ],
    [
      [0.026465172396, 0.0069973047228, 0.33370849727, 0.27669318921, 0.3561358364],
      [0.15417271084, 0.58357982156, 0, 0.2622474676, 0],
      [0.020529474773, 0.065547654718, 0.0049931567328, 0.8407733749, 0.068156338881],
      [0.021105493322, 0.0050585120229, 0.66582721515, 0.11102295145, 0.19698582806],
      [0.17623908243, 0.18488892896, 0.024398782202, 0.20097463563, 0.41349857078]
    ],
    [
      [0.019351737272, 0.0058405949302, 0.604149999, 0.19289606927, 0.17776159954],
      [0.14174470876, 0.6432142503, 0, 0.21454621963, 0.00049482131436],
      [0.020586881994, 0.078713542206, 0.027170345273, 0.82174659793, 0.051782632598],
      [0.011926888301, 0.0024462532035, 0.86378119822, 0.04610544118, 0.075740219097],
      [0.17400057896, 0.23119765829, 0.079548025139, 0.22595612967, 0.28929760794]
    ],
    [
      [0.013043953431, 0.0030026655998, 0.5552870711, 0.15156508622, 0.27710122364],
      [0.077059534438, 0.7223817868, 0, 0.2002877752, 0.00027090356161],
      [0.0088058852313, 0.097815359858, 0.024604937236, 0.79794825861, 0.070825559064],
      [0.0076261505206, 0.0040752873629, 0.80436555208, 0.063162104475, 0.12077090556],
      [0.094387435035, 0.26641067935, 0.064911857727, 0.20564478597, 0.36864524192]
    ],
    [
      [0.014373594608, 0.0032357643093, 0.68675924858, 0.14167479545, 0.15395659705],
      [0.13837032938, 0.59380765787, 0.00021278402394, 0.26737962211, 0.00022960662376],
      [0.016115470554, 0.068444734285, 0.041981729136, 0.82042604092, 0.053032025102],
      [0.0081784341853, 0.0015519066865, 0.89258519496, 0.035624147555, 0.062060316615],
      [0.1511839681, 0.19903254186, 0.11666597604, 0.23387431286, 0.29924320115]
    ],
    [
      [0.013867183291, 0.0025589532663, 0.64258383131, 0.1445759443, 0.19641408783],
      [0.1608273616, 0.51566063262, 0.00017239507927, 0.3232385291, 0.00010108159898],
      [0.015200245016, 0.049773611701, 0.04220055698, 0.82391773052, 0.068907855781],
      [0.00819855931, 0.0012136221922, 0.86525633601, 0.042308033425, 0.08302344906],
      [0.14371587913, 0.14291053319, 0.11407725888, 0.21641186562, 0.38288446318]
    ],
    [
      [0.021860665411, 0.0040995606165, 0.65584686293, 0.14981559575, 0.16837731529],
      [0.16197116626, 0.61518004724, 9.6865798391e-05, 0.2227519207, 0],
      [0.021256179037, 0.084662842123, 0.039599448648, 0.80099696771, 0.053484562485],
      [0.012727048029, 0.0025721271202, 0.86726297114, 0.047146777942, 0.070291075768],
      [0.19298390662, 0.22811160926, 0.10074163441, 0.19928413701, 0.27887871271]
    ],
    [
      [0.010864915631, 0.0022256971283, 0.63550608668, 0.17715362365, 0.17424967692],
      [0.12287009997, 0.48391090758, 0.0002066940903, 0.39285765973, 0.00015463862923],
      [0.0085346653583, 0.040513007438, 0.035706983404, 0.86359143206, 0.05165391174],
      [0.0062563874446, 0.0013317204846, 0.86244292721, 0.055256027782, 0.074712937079],
      [0.116494417, 0.14198565941, 0.11716638621, 0.27664321579, 0.34771032159]
    ],
    [
      [0.027133175139, 0.0031263590577, 0.669630185, 0.14720385881, 0.15290642199],
      [0.17970829648, 0.61033849801, 0.00041781304413, 0.20952087557, 1.4516893062e-05],
      [0.025260058551, 0.090809335174, 0.038469080286, 0.79964365709, 0.045817868898],
      [0.015541487081, 0.0029889306366, 0.87098832938, 0.048068676319, 0.062412576583],
      [0.23004286015, 0.24135303091, 0.096454706133, 0.19159738876, 0.24055201405]
    ],
    [
      [0.015354649657, 0.0031678394651, 0.69737105453, 0.13494207099, 0.14916438536],
      [0.14164794491, 0.60268192976, 0.00029933645493, 0.25536656206, 4.2268228898e-06],
      [0.016544341119, 0.074687840165, 0.046526501523, 0.80994508987, 0.052296227321],
      [0.0086021856911, 0.002044920179, 0.88865459974, 0.040792052343, 0.059906242051],
      [0.15970897304, 0.21110331568, 0.12525958666, 0.21379517794, 0.29013294668]
    ],
    [
      [0.017735743262, 0.0030582764264, 0.71290151227, 0.18371207938, 0.082592388658],
      [0.1974697315, 0.45713913512, 0.0010162686568, 0.34436987962, 4.9851046616e-06],
      [0.020782923846, 0.041684123949, 0.041161568611, 0.87520336564, 0.021168017952],
      [0.01000439565, 0.00068988062828, 0.92100670869, 0.036937786699, 0.031361228328],
      [0.21815967204, 0.15258270207, 0.1358584343, 0.30523752971, 0.18816166188]
    ],
    [
      [0.032581409342, 0.029047562334, 0.32026171637, 0.41580573263, 0.20230357932],
      [0.077717083292, 0.75033317791, 0, 0.16947096328, 0.0024787755131],
      [0.014188809818, 0.11872994461, 0.0019663297105, 0.83941285778, 0.025702058081],
      [0.041610412308, 0.0029805884859, 0.71160190074, 0.12325974775, 0.12054735072],
      [0.14927722253, 0.42333697262, 0.019467962493, 0.26503393366, 0.1428839087]
    ],
    [
      [0.068873811994, 0.038059967857, 0.62917952053, 0.13274759813, 0.13113910148],
      [0.31170519943, 0.61717057762, 0.00017729168452, 0.070946931267, 0],
      [0.035257112319, 0.10717392274, 0.024711439023, 0.80796481648, 0.024892709439],
      [0.037725602405, 0.0060997707112, 0.81592239126, 0.089428042504, 0.050824193116],
      [0.39320783715, 0.23544377004, 0.050459257874, 0.20331556336, 0.11757357158]
    ],
    [
      [0.022954168167, 0.0045713380412, 0.67488669571, 0.15472649295, 0.14286130513],
      [0.172201625, 0.59726395584, 0.00034554808306, 0.23018887108, 0],
      [0.022763841673, 0.08195296037, 0.04104470138, 0.81027540321, 0.043963093363],
      [0.013100830663, 0.0023951209686, 0.88001285534, 0.045833249415, 0.058657943612],
      [0.20985755762, 0.22617564859, 0.10771792974, 0.2103316316, 0.24591723246]
    ],
    [
      [0.036075742631, 0.0049989065658, 0.66743110871, 0.16075073137, 0.13074351072],
      [0.24463326613, 0.53628831994, 0.00089658500377, 0.21818182892, 0],
      [0.02815252331, 0.081432228312, 0.039841269375, 0.81271501083, 0.037858968172],
      [0.019153463925, 0.0035598762717, 0.87489466382, 0.048789134138, 0.053602861848],
      [0.30166361735, 0.20132251466, 0.096295750125, 0.19802901652, 0.20268910135]
    ],
    [
      [0.025551370169, 0.0033919768229, 0.70085781912, 0.12559459069, 0.1446042432],
      [0.2252056329, 0.55216384931, 0.00035381012125, 0.2222441073, 3.2600367082e-05],
      [0.026463830857, 0.07803723813, 0.049209708652, 0.79239593101, 0.053893291352],
      [0.013683452975, 0.00221420139, 0.88990076572, 0.036424356794, 0.057777223124],
      [0.24999896526, 0.18931961297, 0.11578058939, 0.18434190484, 0.26055892755]
    ],
    [
      [0.014180910382, 0.028752692209, 0.63062699462, 0.13134700721, 0.19509239557],
      [0.15252775664, 0.72801454494, 6.9741959432e-05, 0.1193325498, 5.5406655337e-05],
      [0.014875707562, 0.076946746253, 0.04007866419, 0.80184623455, 0.066252647444],
      [0.0083291769653, 0.0023151165461, 0.86160985703, 0.044715283084, 0.083030566377],
      [0.13357452227, 0.20801139939, 0.10198431022, 0.209450979, 0.34697878913]
    ],
    [
      [0.038089026227, 0.00094038829587, 0.74082500978, 0.097382476264, 0.12276309943],
      [0.31376899495, 0.32329534322, 0.0039092093715, 0.32803688732, 0.030989565132],
      [0.021349806527, 0.015480213635, 0.022138197285, 0.87715339802, 0.063878384532],
      [0.017006947445, 0.00045334902621, 0.78397587789, 0.084853552857, 0.11371027278],
      [0.2197586888, 0.07080891276, 0.067209117156, 0.26667326063, 0.37555002065]
    ],
    [
      [0.017417652133, 0.0022847494761, 0.6991433204, 0.13783355222, 0.14332072577],
      [0.16678604071, 0.60245872407, 0.00011239738116, 0.23064283783, 0],
      [0.018384257967, 0.067171839942, 0.043839175508, 0.82415782484, 0.046446901745],
      [0.0096700343656, 0.0020895123845, 0.8880605789, 0.044625684275, 0.05555419007],
      [0.17709375171, 0.19637902199, 0.12230734039, 0.23395617548, 0.27026371042]
    ],
    [
      [0.008670318554, 0.00059503409658, 0.71137888199, 0.13096049773, 0.14839526763],
      [0.10709621946, 0.42048798054, 0.00052049412799, 0.47189530587, 0],
      [0.0060215668033, 0.027744141824, 0.034443094851, 0.89426827848, 0.037522918037],
      [0.0047130892038, 0.00125430926, 0.86616374494, 0.07147954247, 0.056389314124],
      [0.10272550115, 0.12373339744, 0.132190934, 0.32740346213, 0.31394670527]
    ],
    [
      [0.01020461347, 0.0010147068966, 0.71274709217, 0.13297307727, 0.14306051019],
      [0.15453054269, 0.4395946389, 0.0010065860279, 0.4047637489, 0.00010448348401],
      [0.012412802811, 0.032512334759, 0.051411812804, 0.84875631232, 0.05490673731],
      [0.00455573301, 0.00047388569578, 0.89764528195, 0.040388272459, 0.056936826888],
      [0.13119807285, 0.11557879314, 0.15719649553, 0.25231962629, 0.34370701219]
    ],
    [
      [0.016619164871, 0.0020937342567, 0.60386548931, 0.17677619545, 0.20064541611],
      [0.17119409809, 0.46415301392, 4.1604285583e-05, 0.3645018512, 0.00010943250258],
      [0.014825005261, 0.03864664478, 0.031241812173, 0.8587341015, 0.056552436291],
      [0.010153671062, 0.0011621098677, 0.83927533922, 0.062182498299, 0.087226381552],
      [0.16091542003, 0.13479026715, 0.098858188458, 0.24239684735, 0.36303927701]
    ],
    [
      [0.021540475743, 0.040444770827, 0.63276552296, 0.074496797376, 0.2307524331],
      [0.29296610593, 0.60051851742, 0.00012428124453, 0.10639109541, 0],
      [0.027649031082, 0.071623288566, 0.0512927606, 0.75601430661, 0.093420613148],
      [0.012409142897, 0.002235687216, 0.85154061636, 0.038320054316, 0.095494499213],
      [0.19857843234, 0.14583104137, 0.1002939665, 0.15965959211, 0.39563696767]
    ],
    [
      [0.0036068487869, 0.00032889582935, 0.68569153734, 0.14684200914, 0.16353070891],
      [0.094237523822, 0.36758904935, 0.00023744760788, 0.53763151865, 0.00030446056619],
      [0.0029014075663, 0.012484345116, 0.049698424873, 0.86634654246, 0.068569279987],
      [0.00093613597198, 0.00018875360602, 0.89836715494, 0.03385540108, 0.066652554406],
      [0.059624500016, 0.068974496988, 0.15959311901, 0.27240517273, 0.43940271126]
    ],
    [
      [0.013157067396, 0.0057907218407, 0.63341203997, 0.24883945291, 0.098800717891],
      [0.097186342779, 0.60915586928, 0.00029617125984, 0.29336161668, 0],
      [0.011357945659, 0.064973842241, 0.024562822543, 0.87973153649, 0.019373853068],
      [0.007716404421, 0.0012184238244, 0.92014025951, 0.030116582985, 0.040808329263],
      [0.1388339545, 0.25193528353, 0.088634775812, 0.32716936844, 0.19342661771]
    ],
    [
      [0.0094366772228, 0.0017101602248, 0.58952143953, 0.17231415288, 0.22701757014],
      [0.078115510202, 0.55800666166, 0.00016619258575, 0.36339039613, 0.00032123942876],
      [0.0032064471839, 0.053225547495, 0.025404435657, 0.86321513104, 0.05494843862],
      [0.005269927576, 0.0027797648562, 0.82107421753, 0.07251703421, 0.098359055831],
      [0.088898975896, 0.1861931351, 0.091864224143, 0.23961163567, 0.39343202919]
    ],
    [
      [0.019421744623, 0.015263281736, 0.50971161628, 0.14582781872, 0.30977553864],
      [0.19338701674, 0.68842855125, 0, 0.11807555889, 0.00010887312282],
      [0.03063517677, 0.070022380602, 0.019570874591, 0.79131683971, 0.08845472833],
      [0.012736377094, 0.003260560223, 0.80296622318, 0.053072687231, 0.12796415227],
      [0.15670213252, 0.1471052182, 0.050326038405, 0.20284383665, 0.44302277422]
    ],
    [
      [0, 0, 0.98267518726, 0.017324812737, 0],
      [0, 0, 0.20970110148, 0.79029889852, 0],
      [0, 0, 0.12012001456, 0.87987998544, 0],
      [0, 0, 0.98914543505, 0.01085456495, 0],
      [0, 0, 0.65631207329, 0.34368792671, 0]
    ],
    [
      [0.0095730407868, 0.0021044417419, 0.51361322842, 0.22366178271, 0.25104750634],
      [0.098960589255, 0.43844966483, 0.00014121007763, 0.46223636008, 0.00021217575327],
      [0.0042753859559, 0.030343115979, 0.02186108543, 0.88334970293, 0.060170709701],
      [0.0061740741637, 0.001301819615, 0.79165172876, 0.07910538506, 0.1217669924],
      [0.086910288291, 0.11820731025, 0.079072795863, 0.29497317973, 0.42083642587]
    ],
    [
      [0.013772740323, 0.00056396352106, 0.69517773898, 0.17142456896, 0.11906098822],
      [0.16542484355, 0.37500837659, 0.0016095822009, 0.45791723728, 3.9960379218e-05],
      [0.013991206583, 0.022633981648, 0.037435489587, 0.89516658197, 0.030772740215],
      [0.0068605342871, 0.00051327855054, 0.88595229948, 0.060481928544, 0.046191959136],
      [0.15906616344, 0.11102302048, 0.13813164792, 0.33251697492, 0.25926219325]
    ],
    [
      [0, 0.0028594323995, 0.78687111756, 0.066712625201, 0.14355682484],
      [0, 0.44739655123, 0.014385356477, 0.53161045867, 0.0066076336304],
      [0, 0.012793433143, 0.041273536049, 0.85857506612, 0.08735796469],
      [0, 0, 0.95138996037, 0.00048864284338, 0.048121396791],
      ["NaN", "NaN", "NaN", "NaN", "NaN"]
    ],
    [
      [0.011453978788, 0.0021450282134, 0.63228167352, 0.14876302031, 0.20535629917],
      [0.13886939339, 0.5138360177, 0.00018684575373, 0.34710774316, 0],
      [0.011208174929, 0.045989864489, 0.041208393776, 0.83172100911, 0.0698725577],
      [0.0066505796343, 0.0011560347696, 0.85841225826, 0.045967207382, 0.087813919952],
      [0.1205506905, 0.13810234168, 0.11403976985, 0.22405956475, 0.40324763321]
    ],
    [
      ["NaN", "NaN", "NaN", "NaN", "NaN"],
      [0, 0.68299098928, 0.016233134731, 0.29348299988, 0.0072928761071],
      [0, 0.061961228658, 0.020005233794, 0.86950203023, 0.048531507314],
      [0, 0.0039317120846, 0.86053201868, 0.066948781223, 0.068587488012],
      [0, 0.27140355879, 0.079805019581, 0.2973053085, 0.35148611313]
    ],
    [
      [0.0055357461527, 0.001344301799, 0.69452268598, 0.13613555933, 0.16246170674],
      [0.097181132044, 0.49814768488, 0.00021694617168, 0.40428049919, 0.00017373771748],
      [0.0032771993973, 0.035790700958, 0.052325614233, 0.84389382787, 0.064712657538],
      [0.0015873125496, 0.00047443081641, 0.89275146442, 0.039198614519, 0.065988177698],
      [0.077324520604, 0.12075115058, 0.15620066258, 0.24749131135, 0.39823235489]
    ],
    [
      [0.022417305767, 0.0021376866474, 0.59625424141, 0.16855437154, 0.21063639464],
      [0.25259650822, 0.46072672739, 0.00010198036767, 0.28652089665, 5.3887372061e-05],
      [0.022050264678, 0.042084788412, 0.037142755624, 0.82925117394, 0.069471017344],
      [0.013517999501, 0.0011036858321, 0.84200403585, 0.050777018535, 0.092597260278],
      [0.21889039874, 0.12253305751, 0.096467582655, 0.17752762626, 0.38458133483]
    ],
    [
      [0, 0.0043622390956, 0.8850900378, 0.044755860338, 0.065791862768],
      [0, 0.93888500911, 0.008879224233, 0.051504697716, 0.00073106894278],
      [0, 0.16350203544, 0.13606637837, 0.62855651596, 0.071875070229],
      [0, 0, 0.9638918319, 0.010382641375, 0.02572552673],
      [0, 0.32830636643, 0.30547463776, 0.12046575591, 0.2457532399]
    ],
    [
      [0.010492234313, 0.00058002015577, 0.74310720466, 0.12409814978, 0.1217223911],
      [0.22228586376, 0.42333215792, 0.00013460084306, 0.35420615711, 4.1220357473e-05],
      [0.01638405613, 0.025509424581, 0.066312501581, 0.83402081622, 0.057773201491],
      [0.0044823716241, 0.00027603874431, 0.91799828164, 0.030545969647, 0.046697338349],
      [0.15366583942, 0.090829405212, 0.18850295709, 0.2311320099, 0.33586978838]
    ],
    [
      ["NaN", "NaN", "NaN", "NaN", "NaN"],
      [0, 0.8611335043, 0.00015704150884, 0.13853867568, 0.00017077851023],
      [0, 0.066126469674, 0.059113598833, 0.78134105229, 0.0934188792],
      [0, 0.0026022368965, 0.89162183193, 0.037131317075, 0.068644614099],
      [0, 0.16631695967, 0.13540056727, 0.23410118791, 0.46418128515]
    ],
    [
      [0.0070440583911, 0.00024848882629, 0.85328899866, 0.071857118223, 0.067561335901],
      [0.2283452372, 0.34396680036, 0.0047232302544, 0.42290185948, 6.2872715155e-05],
      [0.020265142194, 0.015614657732, 0.098103428847, 0.82388791162, 0.042128859607],
      [0.0020187003986, 0.00011877264901, 0.95814445289, 0.0174957275, 0.022222346559],
      [0.15081278791, 0.067622315793, 0.28861916472, 0.22814477202, 0.26480095956]
    ],
    [
      [0.014284175627, 0.001786506, 0.70284084086, 0.080402326312, 0.2006861512],
      [0.24936156946, 0.50515354299, 7.8520437988e-05, 0.24540636711, 0],
      [0.026626588052, 0.05509602983, 0.075477046186, 0.72917616051, 0.11362417542],
      [0.0083528289214, 0.0012133566189, 0.89167368611, 0.021510602423, 0.077249525922],
      [0.1710752814, 0.10522612939, 0.14148558036, 0.13009869137, 0.45211431748]
    ],
    [
      [0.02561106857, 0.0017656407067, 0.62811637529, 0.13678919797, 0.20771771746],
      [0.30032865871, 0.48707612998, 8.6586150435e-05, 0.21238067876, 0.00012794640538],
      [0.02508087629, 0.044305869154, 0.039674094632, 0.82130230684, 0.069636853083],
      [0.014693758303, 0.0012391113475, 0.84736399042, 0.049816963455, 0.086886176475],
      [0.23606012677, 0.11587141118, 0.096389536969, 0.20377631628, 0.3479026088]
    ],
    [
      [0.013714093021, 0.00093719906262, 0.51450967644, 0.14765388152, 0.32318514996],
      [0.15655960655, 0.4509158547, 0.00032966279194, 0.39219487596, 0],
      [0.013904134831, 0.033146526318, 0.026042373834, 0.84193931885, 0.084967646167],
      [0.0091482070625, 0.0010801373348, 0.77874382743, 0.061231443884, 0.14979638428],
      [0.1127927149, 0.099781549003, 0.068502426349, 0.22371885955, 0.49520445019]
    ],
    [
      [0.018022813151, 0.0026563819449, 0.56026813036, 0.16956575225, 0.24948692229],
      [0.20134802875, 0.54181970951, 0.0001062044519, 0.25672605729, 0],
      [0.018291698642, 0.05000972378, 0.034168464991, 0.81820893071, 0.079321181879],
      [0.01145431628, 0.0016229101635, 0.82410343562, 0.047754873282, 0.11506446465],
      [0.15857596465, 0.13191401073, 0.084896497957, 0.20825145638, 0.41636207029]
    ],
    [
      [0.021173665361, 0.0055405660212, 0.61839357768, 0.15253109978, 0.20236109115],
      [0.11576251075, 0.77767677386, 3.525850847e-05, 0.1058406162, 0.00068484068052],
      [0.023175131768, 0.12190121883, 0.030193301328, 0.76258097655, 0.062149371529],
      [0.012644116105, 0.0032863884711, 0.8507177228, 0.049266899656, 0.084084872965],
      [0.15697889, 0.31689755934, 0.069097850692, 0.18702231141, 0.27000338856]
    ],
    [
      [0, 0.0029378449769, 0.54988196399, 0.050582865699, 0.39659732534],
      [0, 0.67320228251, 0.005215551381, 0.27854564965, 0.043036516461],
      [0, 0.05609847032, 0.039800636227, 0.78732083242, 0.11678006103],
      [0, 0.011789927055, 0.69060220737, 0.11642079442, 0.18118707115],
      [0, 0.11977123883, 0.058232726785, 0.1963247758, 0.62567125859]
    ],
    [
      [0.017992768544, 0.0013947317522, 0.74252448281, 0.094012436881, 0.14407558001],
      [0.27220621906, 0.44280831563, 0.00056689798679, 0.28367338034, 0.00074518698282],
      [0.024961584079, 0.046234915932, 0.063131081702, 0.79412516374, 0.071547254546],
      [0.0090384110159, 0.0006988046182, 0.90814599105, 0.027107345698, 0.055009447616],
      [0.22887177066, 0.11325505951, 0.148739905, 0.17389891503, 0.33523434981]
    ],
    [
      [0.013650606383, 0.0028859555573, 0.66147824409, 0.18018304651, 0.14180214746],
      [0.14110244042, 0.49592490921, 0.0011068800253, 0.36179072474, 7.5045603344e-05],
      [0.013247155877, 0.045085575059, 0.03533191265, 0.86507266937, 0.041262687042],
      [0.0081482018273, 0.0014942672236, 0.87851349861, 0.053316941836, 0.058527090505],
      [0.15119071822, 0.16189705576, 0.11922152098, 0.27339280097, 0.29429790407]
    ],
    [
      [0.021963090068, 0.0063694118236, 0.58400362356, 0.20859942393, 0.17906445062],
      [0.16777685525, 0.5602634001, 0.00031009451394, 0.27084659512, 0.00080305501823],
      [0.020688007193, 0.064374430598, 0.026050152823, 0.83929324406, 0.049594165322],
      [0.013613417423, 0.002215586565, 0.85062483154, 0.054852579525, 0.078693584948],
      [0.20378507516, 0.20441992367, 0.08217570196, 0.20546135843, 0.30415794077]
    ],
    [
      [0.016692421752, 0.0020982060606, 0.57674277239, 0.18376710091, 0.22069949888],
      [0.17589232106, 0.44456295081, 0.00029135525786, 0.37901784951, 0.00023552335538],
      [0.015813560391, 0.035892889049, 0.030043781482, 0.85533016345, 0.062919605624],
      [0.010630886095, 0.00070437357138, 0.83194687566, 0.057343913761, 0.09937395091],
      [0.15410813063, 0.12036888476, 0.090878563493, 0.25254358266, 0.38210083846]
    ],
    [
      [0.038004257081, 0.0046206910083, 0.5472891649, 0.20606650751, 0.2040193795],
      [0.23364177036, 0.51208470015, 0.0010599738483, 0.25245104291, 0.00076251273646],
      [0.025017548438, 0.066539645674, 0.021908516322, 0.8373548379, 0.049179451661],
      [0.02314188804, 0.0035042271035, 0.81318251166, 0.066322489722, 0.09384888347],
      [0.27399174335, 0.18177898597, 0.063097702816, 0.21881523222, 0.26231633564]
    ],
    [
      [0.010963001302, 0.003430401022, 0.72939096826, 0.092350932998, 0.16386469642],
      [0.13147332864, 0.66051208323, 0, 0.20801458813, 0],
      [0.017499401662, 0.089645153346, 0.066973733001, 0.74284504867, 0.08303666332],
      [0.006038504584, 0.0016340068702, 0.90258827841, 0.026109999472, 0.063629210666],
      [0.13095824791, 0.20244803367, 0.14704697729, 0.15257741917, 0.36696932195]
    ],
    [
      [0.011481784252, 0.0036838821032, 0.70019440347, 0.13420368757, 0.1504362426],
      [0.16219278748, 0.49320309302, 0.0032137821672, 0.34001001162, 0.0013803257105],
      [0.015894838731, 0.045500796128, 0.055293296156, 0.81814767553, 0.06516339346],
      [0.0067177373069, 0.0020041329896, 0.8832704195, 0.048435734021, 0.059571976181],
      [0.15397277914, 0.13764149467, 0.14880151621, 0.16610782466, 0.39347638532]
    ],
    [
      [0.023895476279, 0.0046422825847, 0.65163766194, 0.12129377376, 0.19853080544],
      [0.19967661457, 0.61372874848, 0.00018055084317, 0.18608561018, 0.00032847592608],
      [0.028736750381, 0.092463652946, 0.046256709585, 0.75449967119, 0.078043215901],
      [0.013683332736, 0.0020921205926, 0.86940243184, 0.032746551585, 0.082075563244],
      [0.21450409201, 0.2020685977, 0.096697730111, 0.15615902277, 0.33057055742]
    ],
    [
      [0.013885727424, 0.0028563411622, 0.74985368687, 0.087940434466, 0.14546381008],
      [0.2220802353, 0.53394891268, 0.0008337511201, 0.24278727276, 0.00034982814554],
      [0.025998697514, 0.063575765471, 0.074864582561, 0.74921944958, 0.086341504873],
      [0.0073559284477, 0.00093300557623, 0.91854134087, 0.017955117315, 0.055214607791],
      [0.18867760668, 0.13661463587, 0.16305087831, 0.13469789598, 0.37695898318]
    ],
    [
      [0.024053830659, 0.0025940037072, 0.76495428817, 0.11106078891, 0.097337088545],
      [0.17668757446, 0.64977584086, 0.0015328377677, 0.17200374692, 0],
      [0.031718005115, 0.11129484228, 0.057706032777, 0.76603097595, 0.033250143881],
      [0.013037099729, 0.0027128019462, 0.91518412, 0.033563795522, 0.035502182801],
      [0.24071892316, 0.27285795676, 0.13044274632, 0.17517178586, 0.1808085879]
    ],
    [
      [0.033583717057, 0.012070560477, 0.52383155902, 0.12597490668, 0.30453925676],
      [0.18913678384, 0.68939762097, 0.001253006807, 0.12021258838, 0],
      [0.040139979091, 0.1379716484, 0.036457324673, 0.68047283629, 0.10495821154],
      [0.021682163468, 0.0019595303589, 0.80322337515, 0.034197688683, 0.13893724234],
      [0.21967386629, 0.24290496851, 0.05694638451, 0.11132251799, 0.3691522627]
    ],
    [
      [0.012347218171, 0.0044194873582, 0.65595620594, 0.0359827559, 0.29129433263],
      [0.15142838278, 0.74913933896, 0.0018895897452, 0.097542688517, 0],
      [0.037606521898, 0.1096569854, 0.099768037897, 0.544400365, 0.2085680898],
      [0.012087845872, 0.0056598011863, 0.87360056529, 0.013761418091, 0.094890369564],
      [0.11186117788, 0.12854093959, 0.059975584992, 0.031849292674, 0.66777300487]
    ],
    [
      [0.023659731542, 0.0048897420434, 0.61591581322, 0.17847466967, 0.17706004352],
      [0.22871820602, 0.63133328546, 3.4820238053e-05, 0.13989749714, 1.6191151449e-05],
      [0.019976541451, 0.058745283878, 0.032258280676, 0.84036643852, 0.048653455476],
      [0.01402096982, 0.0023760379644, 0.84709173328, 0.06079565669, 0.075715602245],
      [0.20780086623, 0.17689073611, 0.091705157574, 0.23355632263, 0.29004691746]
    ],
    [
      [0.01030516816, 0.00065358160137, 0.78331359003, 0.063975230817, 0.14175242939],
      [0.1882158357, 0.51523879795, 0, 0.29647388614, 7.1480209602e-05],
      [0.016678765789, 0.045499635925, 0.071597910661, 0.79323911676, 0.072984570869],
      [0.0053974425804, 0.00070417095186, 0.90773369319, 0.034281428246, 0.051883265029],
      [0.14201339744, 0.11986693539, 0.18293852822, 0.18906914352, 0.36611199544]
    ],
    [
      [0.0093622592339, 0, 0.6470708606, 0.084008784944, 0.25955809522],
      [0.16575776215, 0.430558473, 0.0011239774392, 0.40255978741, 0],
      [0.01291140006, 0.027725746625, 0.051966345597, 0.80674717635, 0.10064933137],
      [0.0056871024894, 0.00074766455059, 0.84248006593, 0.047340235467, 0.10374493156],
      [0.098249112681, 0.078082233977, 0.11671370002, 0.19183491352, 0.51512003979]
    ],
    [
      [0.0077638870692, 0.0042435487599, 0.65882875891, 0.22673804021, 0.10242576506],
      [0.09246137191, 0.48418779845, 0.00081967905781, 0.42253115058, 0],
      [0.005749371145, 0.038354338408, 0.033025624442, 0.89791720433, 0.024953461679],
      [0.0038846603997, 0.0019348296703, 0.90006438524, 0.052700140782, 0.041415983907],
      [0.10006859962, 0.15576507062, 0.13348870296, 0.36984232188, 0.24083530492]
    ],
    [
      [0.017882797539, 0.0010735101126, 0.68203477163, 0.1075407646, 0.19146815612],
      [0.23700139787, 0.44714513488, 9.6887973819e-05, 0.31570645093, 5.0128349822e-05],
      [0.021944193733, 0.0422156911, 0.05133116458, 0.80834184494, 0.076167105643],
      [0.0098106811753, 0.00067194225631, 0.87208949938, 0.04070395496, 0.076723922226],
      [0.19544955847, 0.11362341169, 0.12235715416, 0.1825949406, 0.38597493507]
    ],
    [
      [0.014303419214, 0.0012538121295, 0.76153367815, 0.0762699678, 0.14663912271],
      [0.25376715997, 0.47220562998, 0.0012729936271, 0.27264563218, 0.000108584253],
      [0.025014195596, 0.050382872227, 0.080934281328, 0.75919329865, 0.084475352195],
      [0.007190238782, 0.00072629713542, 0.91288214179, 0.023907391042, 0.055293931251],
      [0.19616662445, 0.11227329367, 0.17049745072, 0.15271385418, 0.36834877699]
    ],
    [
      [0.017818159345, 0.0033192520159, 0.64207625949, 0.15225609972, 0.18453022943],
      [0.16256669914, 0.61458091219, 5.94120846e-05, 0.22275076699, 4.2209604811e-05],
      [0.017896900474, 0.070894732886, 0.040330646867, 0.81042508666, 0.060452633113],
      [0.010415997596, 0.0022992937938, 0.86115897931, 0.048631808594, 0.07749392071],
      [0.16933861753, 0.19805275747, 0.10467433675, 0.19851008233, 0.32942420591]
    ],
    [
      [0.026999333959, 0.001970819913, 0.64024301756, 0.13190475552, 0.19888207304],
      [0.33480039187, 0.47518579236, 0.00019374974746, 0.18974498009, 7.5085925025e-05],
      [0.029686181984, 0.05298682391, 0.055069063436, 0.77691633327, 0.085341597405],
      [0.013473206754, 0.0014708266601, 0.86579291907, 0.035678035345, 0.083585012165],
      [0.26544784044, 0.11538464288, 0.105802485, 0.1481237141, 0.36524131758]
    ],
    [
      [0, 0, 0.738526468, 0.029947935222, 0.23152559678],
      ["NaN", "NaN", "NaN", "NaN", "NaN"],
      [0, 0, 0.068402128532, 0.72162132827, 0.2099765432],
      [0, 0, 0.93251392884, 0.0015029417676, 0.065983129395],
      [0, 0, 0.1228371602, 0.080560868154, 0.79660197165]
    ],
    [
      [0.0034843604071, 0.0023140392949, 0.65567401505, 0.091700778386, 0.24682680686],
      [0.096471354024, 0.54886864697, 0.010707000108, 0.33903280168, 0.0049201972115],
      [0.0037856432575, 0.046005355455, 0.076552286035, 0.7449601463, 0.12869656895],
      [0.0011430392964, 0.0014933103873, 0.8698752748, 0.03221257908, 0.095275796433],
      [0.056937193695, 0.095618370299, 0.12741285977, 0.11578879476, 0.60424278148]
    ],
    [
      [0.017394404535, 0.0031384778815, 0.58708514453, 0.14194828101, 0.25043369205],
      [0.16908895008, 0.55442689732, 0.00054851514527, 0.27590756153, 2.8075925756e-05],
      [0.018988880761, 0.062331315984, 0.037800241567, 0.79911939584, 0.081760165853],
      [0.010901631916, 0.00195778209, 0.83147590137, 0.045425245178, 0.11023943945],
      [0.15387771848, 0.15548659748, 0.088994909122, 0.18637200713, 0.41526876779]
    ],
    [
      [0.017036189141, 0.0026310815859, 0.50570559154, 0.1880828029, 0.28654433484],
      [0.13182795376, 0.54656486585, 0.00013773374657, 0.321434266, 3.5180636272e-05],
      [0.012760690768, 0.056101542528, 0.021787103228, 0.84173641508, 0.067614248399],
      [0.011412908148, 0.003030011377, 0.77143562413, 0.077554676678, 0.13656677967],
      [0.12935676178, 0.16531055927, 0.06476373506, 0.23715391702, 0.40341502686]
    ],
    [
      [0.028599965845, 0.0020636969426, 0.46853587207, 0.32297257305, 0.1778278921],
      [0.22831796292, 0.32005810984, 0, 0.45154553135, 7.839589188e-05],
      [0.019011673801, 0.016971594945, 0.014940147454, 0.91647953258, 0.032597051217],
      [0.020543408005, 0.00074751479816, 0.77788474363, 0.11000394737, 0.090820386198],
      [0.22165909204, 0.097199674664, 0.063042116103, 0.35495119163, 0.26314792555]
    ],
    [
      [0.0040741327057, 0.00041238436203, 0.52544273664, 0.076989511722, 0.39308123457],
      [0.083112630975, 0.45552791385, 0.0032389933659, 0.45705177054, 0.0010686912656],
      [0.0035729292947, 0.025357743184, 0.044774043525, 0.7973450021, 0.1289502819],
      [0.0019872278901, 0.0004305181118, 0.7857944368, 0.045559810033, 0.16622800716],
      [0.036970572757, 0.058618880292, 0.077351464965, 0.1513172024, 0.67574187959]
    ],
    [
      ["NaN", "NaN", "NaN", "NaN", "NaN"],
      ["NaN", "NaN", "NaN", "NaN", "NaN"],
      [0, 0, 0.060429581343, 0.70866970306, 0.2309007156],
      [0, 0, 0.83547007103, 0.032170965849, 0.13235896312],
      [0, 0, 0.043670766288, 0.050489628032, 0.90583960568]
    ],
    [
      [0.0082065770569, 0.0018895363106, 0.62435066456, 0.14219192329, 0.22336129878],
      [0.11491776746, 0.49981657011, 0.00068154088158, 0.38450834452, 7.5777021432e-05],
      [0.0067814114891, 0.040418470608, 0.042939791264, 0.83121129351, 0.078649033128],
      [0.0045975347537, 0.00096923818669, 0.85548925803, 0.043399417806, 0.095544551227],
      [0.092009100374, 0.12257012511, 0.11674776802, 0.20598701867, 0.46268598782]
    ],
    [
      [0.023694514499, 0.0048971435095, 0.66660467001, 0.17706768733, 0.12773598465],
      [0.16589026651, 0.60970108602, 0.00020000818446, 0.22420863929, 0],
      [0.023082771342, 0.080033999139, 0.032931505096, 0.82975942239, 0.034192302036],
      [0.013616578865, 0.0024595156368, 0.88485998121, 0.047496023618, 0.051567900675],
      [0.21456354219, 0.23905395671, 0.092288306813, 0.24526961625, 0.20882457803]
    ],
    [
      [0.0068165696354, 0.0013775069041, 0.49792775291, 0.18907820413, 0.30479996643],
      [0.064302212703, 0.50841963952, 0.00032490623871, 0.42695324154, 0],
      [0.0023173030668, 0.03649905341, 0.023685992854, 0.86238292408, 0.075114726586],
      [0.0034216444414, 0.0027858040801, 0.7659053533, 0.081899894196, 0.14598730399],
      [0.060366303244, 0.12231098588, 0.07234586761, 0.24563639543, 0.49934044783]
    ],
    [
      [0.016264082534, 0.0012185786361, 0.6182753021, 0.15924068364, 0.20500135309],
      [0.17734165155, 0.4333040782, 0.00038870894, 0.38865378946, 0.0003117718518],
      [0.015609754895, 0.033506461149, 0.032488326222, 0.85906616681, 0.059329290923],
      [0.0097997700136, 0.0007713647882, 0.8417843781, 0.06036423066, 0.087280256438],
      [0.15584692519, 0.11747779819, 0.10013463012, 0.26088451471, 0.36565613178]
    ],
    [
      [0.011490084214, 0.0018295708611, 0.66361367134, 0.11234321932, 0.21072345426],
      [0.1596826679, 0.52117953306, 0.000764148436, 0.31823159961, 0.00014205098303],
      [0.01542679058, 0.049580221032, 0.051178695096, 0.79832916464, 0.085485128651],
      [0.0066772160376, 0.00099482943857, 0.87288759083, 0.033563751009, 0.085876612681],
      [0.12823301998, 0.12790105592, 0.12318112297, 0.17981095715, 0.44087384398]
    ],
    [
      [0.0061361504644, 0.0010158206206, 0.72415410075, 0.094060672604, 0.17463325556],
      [0.12675235121, 0.48867921496, 0.00085393872053, 0.38365165304, 6.284206538e-05],
      [0.0080835465328, 0.037465275886, 0.066906951073, 0.80074750562, 0.086796720893],
      [0.0023343226034, 0.00038990070334, 0.90020192014, 0.029011510677, 0.068062345875],
      [0.087109488674, 0.1031940138, 0.16871063844, 0.19113935507, 0.44984650402]
    ],
    [
      [0.016868924962, 0.002301696462, 0.72180571132, 0.088569312796, 0.17045435446],
      [0.22813553903, 0.55316997334, 0, 0.21869448763, 0],
      [0.027041368235, 0.070760400443, 0.070137722458, 0.7431085478, 0.088951961066],
