{
  "X": [
    [53, 107, 106, 183, 24],
    [51, 138, 109, 165, 20],
    [49, 112, 109, 171, 14],
    [23, 46, 50, 77, 6],
    [18, 68, 79, 91, 13],
    [34, 142, 98, 147, 14],
    [35, 75, 80, 130, 10],
    [46, 106, 66, 126, 15],
    [21, 66, 49, 66, 8],
    [61, 207, 96, 164, 19],
    [44, 84, 76, 122, 15],
    [31, 56, 55, 77, 7],
    [45, 86, 82, 161, 18],
    [67, 155, 94, 154, 12],
    [38, 102, 70, 96, 9],
    [47, 116, 63, 97, 4],
    [35, 136, 68, 131, 17],
    [41, 96, 74, 82, 15],
    [58, 116, 124, 169, 16],
    [45, 152, 127, 139, 12],
    [71, 244, 132, 199, 33],
    [27, 72, 36, 82, 5],
    [66, 174, 117, 122, 22],
    [61, 183, 114, 108, 8],
    [52, 118, 92, 116, 18],
    [45, 146, 79, 107, 13],
    [44, 111, 63, 82, 15],
    [42, 59, 73, 77, 7],
    [82, 120, 137, 155, 11],
    [69, 129, 138, 133, 12],
    [72, 123, 124, 138, 16],
    [70, 157, 155, 135, 24],
    [100, 171, 165, 166, 23],
    [118, 193, 181, 127, 15],
    [96, 170, 194, 145, 20],
    [29, 47, 87, 127, 8],
    [22, 32, 105, 104, 14],
    [15, 48, 137, 117, 10],
    [40, 84, 75, 120, 12],
    [53, 77, 106, 125, 7],
    [4, 13, 143, 106, 13],
    [9, 2, 129, 120, 16],
    [2, 8, 136, 72, 15],
    [58, 35, 124, 128, 30],
    [33, 23, 69, 63, 20],
    [51, 29, 76, 82, 23],
    [100, 280, 208, 213, 23],
    [41, 141, 140, 131, 6],
    [54, 136, 206, 167, 17],
    [37, 106, 153, 178, 21],
    [48, 123, 128, 146, 20],
    [45, 105, 150, 129, 14],
    [42, 88, 120, 149, 17],
    [49, 108, 186, 146, 19],
    [16, 32, 124, 109, 15],
    [21, 30, 117, 127, 8],
    [33, 93, 228, 218, 17],
    [47, 48, 104, 110, 10],
    [50, 65, 129, 122, 16],
    [40, 38, 245, 152, 18],
    [33, 56, 209, 128, 22],
    [38, 35, 100, 75, 11],
    [38, 33, 142, 110, 2],
    [36, 43, 156, 101, 8],
    [30, 32, 186, 192, 16],
    [26, 42, 129, 141, 16],
    [37, 40, 155, 129, 24],
    [42, 41, 122, 135, 13],
    [39, 54, 131, 106, 12],
    [21, 30, 243, 233, 30],
    [21, 51, 223, 205, 16],
    [536, 1497, 1131, 1191, 141]
  ],
  "W": [
    [19, 50, 89, 79, 197, 39],
    [30, 42, 121, 87, 170, 33],
    [16, 38, 93, 98, 178, 32],
    [9, 21, 43, 38, 79, 12],
    [12, 17, 65, 48, 98, 29],
    [19, 33, 128, 76, 157, 22],
    [23, 32, 63, 59, 124, 29],
    [16, 37, 82, 49, 139, 36],
    [4, 21, 56, 52, 65, 12],
    [43, 62, 171, 69, 160, 42],
    [25, 41, 66, 45, 140, 24],
    [18, 25, 53, 36, 77, 17],
    [33, 32, 77, 54, 158, 38],
    [46, 51, 137, 73, 148, 27],
    [15, 41, 89, 56, 94, 20],
    [19, 41, 88, 52, 110, 17],
    [20, 33, 97, 61, 141, 35],
    [24, 38, 83, 61, 81, 21],
    [19, 47, 96, 113, 165, 43],
    [21, 51, 131, 97, 146, 29],
    [32, 71, 201, 98, 214, 63],
    [9, 20, 56, 36, 83, 18],
    [22, 67, 146, 99, 129, 38],
    [26, 52, 155, 85, 122, 34],
    [30, 44, 100, 71, 112, 39],
    [15, 35, 124, 64, 114, 38],
    [23, 29, 97, 60, 78, 28],
    [32, 28, 51, 53, 76, 18],
    [55, 72, 89, 105, 151, 33],
    [24, 56, 120, 107, 144, 30],
    [30, 64, 106, 99, 140, 34],
    [36, 73, 141, 106, 134, 51],
    [36, 79, 152, 125, 195, 38],
    [57, 97, 168, 132, 142, 38],
    [68, 86, 139, 142, 153, 37],
    [17, 24, 37, 73, 119, 28],
    [13, 20, 25, 94, 91, 34],
    [12, 16, 39, 121, 111, 28],
    [15, 32, 61, 80, 119, 24],
    [15, 48, 70, 88, 117, 30],
    [4, 2, 10, 132, 96, 35],
    [6, 5, 3, 115, 116, 31],
    [2, 1, 6, 120, 76, 28],
    [30, 48, 36, 105, 120, 36],
    [21, 26, 20, 58, 60, 23],
    [40, 32, 26, 60, 75, 28],
    [49, 88, 250, 155, 231, 51],
    [23, 46, 107, 113, 137, 33],
    [30, 48, 119, 174, 163, 46],
    [25, 44, 101, 122, 164, 39],
    [26, 46, 116, 105, 129, 43],
    [21, 36, 84, 133, 122, 47],
    [13, 41, 76, 108, 144, 34],
    [23, 43, 94, 162, 143, 43],
    [10, 9, 29, 117, 94, 37],
    [10, 15, 28, 106, 121, 23],
    [22, 25, 77, 211, 205, 49],
    [33, 44, 41, 66, 104, 31],
    [33, 38, 52, 104, 120, 35],
    [16, 34, 35, 209, 151, 48],
    [17, 30, 51, 186, 127, 37],
    [9, 26, 32, 92, 73, 27],
    [8, 34, 26, 128, 100, 29],
    [14, 22, 38, 142, 97, 31],
    [3, 22, 31, 174, 177, 49],
    [9, 22, 37, 122, 133, 31],
    [13, 36, 33, 151, 120, 32],
    [15, 37, 37, 106, 127, 31],
    [10, 29, 48, 117, 106, 32],
    [12, 22, 22, 224, 221, 56],
    [11, 18, 43, 192, 200, 52],
    [213, 487, 1306, 923, 1168, 399]
  ],
  "method": "mcmc",
  "mcmc_stepsize": 3000,
  "mcmc_samples": 1000,
  "burn_in": 10000,
  "cond_prob": [
    [
      [0.21052631579, 0.21052631579, 0.21052631579, 0.36842105263, 1.1941694635e-18],
      [0.12, 0.24, 0.22, 0.38, 0.04],
      [0.10112359551, 0.24719101124, 0.22471910112, 0.38202247191, 0.044943820225],
      [0.10126582278, 0.21518987342, 0.24050632911, 0.39240506329, 0.050632911392],
      [0.1116751269, 0.22335025381, 0.22335025381, 0.39086294416, 0.05076142132],
      [0.10256410256, 0.20512820513, 0.20512820513, 0.38461538462, 0.10256410256]
    ],
    [
      [0.16666666667, 0.26666666667, 0.2, 0.33333333333, 0.033333333333],
      [0.11904761905, 0.30952380952, 0.21428571429, 0.33333333333, 0.02380952381],
      [0.099173553719, 0.29752066116, 0.22314049587, 0.33884297521, 0.04132231405],
      [0.10344827586, 0.27586206897, 0.25287356322, 0.33333333333, 0.034482758621],
      [0.1, 0.28235294118, 0.22352941176, 0.35294117647, 0.041176470588],
      [0.090909090909, 0.27272727273, 0.21212121212, 0.33333333333, 0.090909090909]
    ],
    [
      [0.1875, 0.25, 0.1875, 0.375, 1.3367348851e-15],
      [0.10526315789, 0.26315789474, 0.23684210526, 0.36842105263, 0.026315789474],
      [0.10752688172, 0.25806451613, 0.24731182796, 0.36559139785, 0.021505376344],
      [0.10204081633, 0.24489795918, 0.25510204082, 0.36734693878, 0.030612244898],
      [0.10674157303, 0.24157303371, 0.23595505618, 0.38764044944, 0.02808988764],
      [0.09375, 0.21875, 0.21875, 0.375, 0.09375]
    ],
    [
      [0.22223424809, 0.22222219498, 0.22220996437, 0.3333333296, 2.6295986109e-07],
      [0.19047356293, 0.19047641609, 0.23809527413, 0.3809494102, 5.3366643779e-06],
      [0.093024596429, 0.27907234603, 0.23256196877, 0.37208529321, 0.023255795566],
      [0.10525880496, 0.23684489715, 0.2631565244, 0.36842397762, 0.026315795867],
      [0.10126721329, 0.21518635319, 0.26581996785, 0.39241002996, 0.025316435712],
      [0.083328738418, 0.16667138619, 0.16668495997, 0.41665760793, 0.16665730749]
    ],
    [
      [0.16666590282, 0.24999995226, 0.24999870153, 0.33333463387, 8.095212142e-07],
      [0.11764749989, 0.3529416842, 0.23529313367, 0.29411768224, 5.3894587327e-12],
      [0.061538602558, 0.2461538636, 0.32307692153, 0.32307703959, 0.04615357273],
      [0.062500022035, 0.24999995252, 0.3125014834, 0.33333225678, 0.041666285258],
      [0.061224313903, 0.24489765846, 0.28571415942, 0.36734709624, 0.040816771976],
      [0.034483057987, 0.24138008818, 0.27586115806, 0.31034525742, 0.13793043835]
    ],
    [
      [0.15789473684, 0.31578947368, 0.21052631579, 0.31578947368, 4.7067096995e-13],
      [0.090909090909, 0.33333333333, 0.21212121212, 0.33333333333, 0.030303030303],
      [0.078125, 0.3359375, 0.21875, 0.3359375, 0.03125],
      [0.065789473684, 0.31578947368, 0.26315789474, 0.32894736842, 0.026315789474],
      [0.076433121019, 0.32484076433, 0.22292993631, 0.34394904459, 0.031847133758],
      [0.045454545455, 0.31818181818, 0.18181818182, 0.36363636364, 0.090909090909]
    ],
    [
      [0.17391304351, 0.21739130434, 0.21739130433, 0.39130434782, 1.4438000353e-12],
      [0.093749999986, 0.28125000002, 0.24999999997, 0.37500000001, 1.3363439728e-11],
      [0.095238095239, 0.22222222224, 0.25396825396, 0.41269841267, 0.015873015879],
      [0.10169491527, 0.22033898303, 0.2372881356, 0.40677966103, 0.03389830508],
      [0.10483870967, 0.2258064516, 0.24193548387, 0.38709677421, 0.040322580642],
      [0.10344827587, 0.20689655174, 0.24137931039, 0.37931034477, 0.068965517233]
    ],
    [
      [0.3125, 0.25, 0.125, 0.3125, 2.4427076404e-15],
      [0.10810810811, 0.35135135135, 0.18918918919, 0.32432432432, 0.027027027027],
      [0.12195121951, 0.29268292683, 0.20731707317, 0.34146341463, 0.036585365854],
      [0.12244897959, 0.28571428571, 0.18367346939, 0.36734693878, 0.040816326531],
      [0.12230215827, 0.29496402878, 0.17985611511, 0.36690647482, 0.035971223022],
      [0.11111111111, 0.27777777778, 0.16666666667, 0.33333333333, 0.11111111111]
    ],
    [
      [0.49984064557, 0.24992204462, 7.942357544e-05, 0.25007849686, 7.9389375372e-05],
      [0.095222828069, 0.42854106642, 0.19052155076, 0.28569888074, 1.5674010074e-05],
      [0.089302589317, 0.30361126123, 0.26783447507, 0.30354320265, 0.035708471732],
      [0.096141785085, 0.30768037952, 0.24998149721, 0.32695329169, 0.019243046497],
      [0.092322261519, 0.30767242837, 0.23078405473, 0.33846173455, 0.030759520834],
      [0.083307766948, 0.25005260158, 0.16666647692, 0.25000052128, 0.24997263327]
    ],
    [
      [0.16279069767, 0.37209302326, 0.16279069767, 0.27906976744, 0.023255813953],
      [0.11290322581, 0.40322580645, 0.16129032258, 0.29032258065, 0.032258064516],
      [0.11111111111, 0.38011695906, 0.18128654971, 0.29824561404, 0.029239766082],
      [0.10144927536, 0.3768115942, 0.1884057971, 0.30434782609, 0.028985507246],
      [0.10625, 0.375, 0.175, 0.3125, 0.03125],
      [0.095238095238, 0.35714285714, 0.16666666667, 0.28571428571, 0.095238095238]
    ],
    [
      [0.20000000028, 0.24, 0.20000000141, 0.3199999983, 0.04],
      [0.12195121951, 0.29268292683, 0.21951219564, 0.34146341412, 0.024390243904],
      [0.1212121211, 0.24242424221, 0.24242424243, 0.36363636364, 0.030303030624],
      [0.11111111033, 0.24444444476, 0.22222222175, 0.40000000078, 0.022222222379],
      [0.12857142892, 0.24285714296, 0.22142857103, 0.35714285719, 0.049999999899],
      [0.12499999941, 0.20833333274, 0.20833333421, 0.33333333422, 0.12499999941]
    ],
    [
      [0.22222222221, 0.22222222221, 0.22222222222, 0.33333333333, 1.7319696574e-11],
      [0.16, 0.27999999997, 0.24000000001, 0.32, 2.4598107357e-11],
      [0.1320754717, 0.26415094342, 0.24528301883, 0.33962264153, 0.018867924528],
      [0.11111111113, 0.22222222223, 0.27777777778, 0.36111111107, 0.027777777791],
      [0.12987012987, 0.24675324675, 0.2337662338, 0.35064935063, 0.038961038949],
      [0.11764705881, 0.23529411763, 0.2352941176, 0.29411764716, 0.1176470588]
    ],
    [
      [0.18181818182, 0.21212121212, 0.18181818182, 0.39393939394, 0.030303030303],
      [0.09375, 0.28125, 0.1875, 0.40625, 0.03125],
      [0.1038961039, 0.22077922078, 0.23376623377, 0.4025974026, 0.038961038961],
      [0.11111111111, 0.2037037037, 0.22222222222, 0.42592592593, 0.037037037037],
      [0.11392405063, 0.21518987342, 0.20886075949, 0.41772151899, 0.044303797468],
      [0.10526315789, 0.21052631579, 0.18421052632, 0.39473684211, 0.10526315789]
    ],
    [
      [0.17391304348, 0.32608695652, 0.17391304348, 0.30434782609, 0.021739130435],
      [0.13725490196, 0.35294117647, 0.17647058824, 0.3137254902, 0.019607843137],
      [0.13868613139, 0.32116788321, 0.20437956204, 0.31386861314, 0.021897810219],
      [0.13698630137, 0.31506849315, 0.21917808219, 0.31506849315, 0.013698630137],
      [0.13513513513, 0.31756756757, 0.18918918919, 0.33783783784, 0.02027027027],
      [0.11111111111, 0.2962962963, 0.18518518519, 0.2962962963, 0.11111111111]
    ],
    [
      [0.26666666666, 0.26666666666, 0.20000000001, 0.26666666667, 1.6229640026e-12],
      [0.12195121951, 0.34146341464, 0.21951219512, 0.29268292683, 0.024390243905],
      [0.11235955056, 0.33707865169, 0.22471910113, 0.30337078652, 0.022471910112],
      [0.10714285714, 0.32142857143, 0.25, 0.30357142857, 0.017857142857],
      [0.1170212766, 0.31914893617, 0.21276595745, 0.31914893617, 0.031914893617],
      [0.1, 0.3, 0.2, 0.3, 0.099999999997]
    ],
    [
      [0.26315789508, 0.31578947302, 0.15789473701, 0.26315789489, 3.9021105701e-12],
      [0.14634146382, 0.39024390235, 0.170731707, 0.29268292675, 7.7809432851e-11],
      [0.1363636364, 0.35227272741, 0.20454545464, 0.29545454515, 0.011363636401],
      [0.13461538449, 0.3461538461, 0.21153846154, 0.3076923078, 6.671592053e-11],
      [0.13636363606, 0.35454545476, 0.19090909094, 0.30000000011, 0.018181818121],
      [0.11764705959, 0.3529411755, 0.1764705881, 0.29411764759, 0.058823529218]
    ],
    [
      [0.2, 0.35, 0.15, 0.3, 2.9458929479e-15],
      [0.090909090909, 0.39393939394, 0.15151515152, 0.33333333333, 0.030303030303],
      [0.082474226804, 0.35051546392, 0.19587628866, 0.32989690722, 0.041237113402],
      [0.081967213115, 0.34426229508, 0.18032786885, 0.3606557377, 0.032786885246],
      [0.085106382979, 0.3475177305, 0.17021276596, 0.3475177305, 0.049645390071],
      [0.085714285714, 0.34285714286, 0.17142857143, 0.31428571428, 0.085714285714]
    ],
    [
      [0.20833332832, 0.29166667167, 0.20833333168, 0.25000000333, 0.041666664993],
      [0.13157895477, 0.34210526527, 0.23684209892, 0.26315789261, 0.026315788424],
      [0.13253012048, 0.31325301543, 0.24096385349, 0.26506023951, 0.048192771084],
      [0.13114754164, 0.31147540259, 0.26229508657, 0.2622950846, 0.032786884593],
      [0.12345678814, 0.30864197333, 0.23456790421, 0.2839506158, 0.049382718523],
      [0.095238093323, 0.28571429144, 0.23809523428, 0.23809524193, 0.14285713903]
    ],
    [
      [0.26315789474, 0.21052631579, 0.21052631579, 0.31578947368, 4.6758324068e-16],
      [0.10638297872, 0.27659574468, 0.25531914894, 0.34042553191, 0.021276595745],
      [0.11458333333, 0.23958333333, 0.27083333333, 0.34375, 0.03125],
      [0.11504424779, 0.2389380531, 0.25663716814, 0.36283185841, 0.026548672566],
      [0.11515151515, 0.23636363636, 0.25454545455, 0.35151515152, 0.042424242424],
      [0.11627906977, 0.23255813953, 0.25581395349, 0.3488372093, 0.046511627907]
    ],
    [
      [0.19047619048, 0.28571428571, 0.2380952381, 0.28571428571, 8.4417402192e-16],
      [0.098039215686, 0.35294117647, 0.25490196078, 0.27450980392, 0.019607843137],
      [0.091603053435, 0.32061068702, 0.27480916031, 0.29007633588, 0.022900763359],
      [0.092783505155, 0.31958762887, 0.27835051546, 0.28865979381, 0.020618556701],
      [0.08904109589, 0.31506849315, 0.26712328767, 0.30821917808, 0.020547945205],
      [0.068965517241, 0.31034482759, 0.24137931034, 0.27586206897, 0.10344827586]
    ],
    [
      [0.15625, 0.34375, 0.1875, 0.28125, 0.03125],
      [0.098591549296, 0.39436619718, 0.18309859155, 0.28169014085, 0.042253521127],
      [0.10447761194, 0.35820895522, 0.2039800995, 0.28855721393, 0.044776119403],
      [0.10204081633, 0.35714285714, 0.19387755102, 0.30612244898, 0.040816326531],
      [0.10280373832, 0.35514018692, 0.19158878505, 0.29906542056, 0.051401869159],
      [0.095238095238, 0.34920634921, 0.19047619048, 0.28571428571, 0.079365079365]
    ],
    [
      [0.33333314125, 0.22222244643, 0.11111123757, 0.33333315123, 2.352283274e-08],
      [0.10000008963, 0.4000000343, 0.1499999546, 0.34999990863, 1.2843160986e-08],
      [0.10714288329, 0.35714284989, 0.160714267, 0.35714286588, 0.017857133957],
      [0.1111111416, 0.30555555879, 0.22222217855, 0.3611110736, 4.7466804623e-08],
      [0.12048190029, 0.31325298986, 0.15662650154, 0.3975904133, 0.012048195003],
      [0.1111110917, 0.27777774597, 0.11111126458, 0.33333333464, 0.1666665631]
    ],
    [
      [0.22727272727, 0.31818181818, 0.22727272727, 0.22727272727, 1.7433201001e-16],
      [0.11940298507, 0.38805970149, 0.22388059701, 0.23880597015, 0.029850746269],
      [0.1301369863, 0.34246575342, 0.24657534247, 0.2397260274, 0.041095890411],
      [0.13131313131, 0.34343434343, 0.23232323232, 0.25252525253, 0.040404040404],
      [0.12403100775, 0.34108527132, 0.23255813953, 0.2480620155, 0.054263565891],
      [0.13157894737, 0.34210526316, 0.21052631579, 0.23684210526, 0.078947368421]
    ],
    [
      [0.19230769231, 0.38461538462, 0.23076923077, 0.19230769231, 1.144079342e-15],
      [0.15384615385, 0.40384615385, 0.23076923077, 0.21153846154, 3.3285945363e-16],
      [0.12258064516, 0.38709677419, 0.25161290323, 0.22580645161, 0.012903225806],
      [0.11764705882, 0.37647058824, 0.23529411765, 0.25882352941, 0.011764705882],
      [0.12295081967, 0.38524590164, 0.23770491803, 0.22950819672, 0.024590163934],
      [0.11764705882, 0.38235294118, 0.23529411765, 0.20588235294, 0.058823529412]
    ],
    [
      [0.2, 0.3, 0.2, 0.26666666667, 0.033333333333],
      [0.11363636364, 0.34090909091, 0.22727272727, 0.27272727273, 0.045454545455],
      [0.13, 0.29, 0.25, 0.29, 0.04],
      [0.12676056338, 0.29577464789, 0.22535211268, 0.30985915493, 0.042253521127],
      [0.125, 0.29464285714, 0.23214285714, 0.30357142857, 0.044642857143],
      [0.12820512821, 0.28205128205, 0.23076923077, 0.28205128205, 0.076923076923]
    ],
    [
      [0.20000000002, 0.33333333333, 0.19999999998, 0.26666666667, 6.4772370374e-17],
      [0.11428571431, 0.4, 0.19999999998, 0.25714285714, 0.028571428571],
      [0.1129032258, 0.37903225806, 0.20161290323, 0.27419354839, 0.032258064515],
      [0.109375, 0.37500000001, 0.21874999998, 0.26562500001, 0.03125],
      [0.11403508771, 0.36842105263, 0.20175438597, 0.28947368421, 0.026315789474],
      [0.10526315789, 0.36842105262, 0.18421052635, 0.26315789472, 0.078947368424]
    ],
    [
      [0.21739130435, 0.34782608693, 0.1739130435, 0.21739130434, 0.043478260883],
      [0.17241379308, 0.37931034487, 0.17241379309, 0.24137931035, 0.034482758616],
      [0.13402061855, 0.36082474228, 0.20618556701, 0.25773195876, 0.0412371134],
      [0.13333333334, 0.34999999998, 0.23333333333, 0.25000000001, 0.033333333341],
      [0.12820512821, 0.34615384615, 0.19230769231, 0.29487179487, 0.038461538458],
      [0.10714285716, 0.32142857143, 0.17857142855, 0.25, 0.14285714285]
    ],
    [
      [0.21874999616, 0.21874999197, 0.2812500099, 0.28124999994, 2.0199978193e-09],
      [0.17857142847, 0.28571428119, 0.24999999996, 0.28571429037, 1.2862168113e-11],
      [0.1568627476, 0.21568627342, 0.31372548891, 0.29411764694, 0.019607843123],
      [0.15094339142, 0.22641509187, 0.28301887755, 0.32075471222, 0.01886792695],
      [0.15789473848, 0.22368421803, 0.27631577866, 0.30263158147, 0.039473683362],
      [0.11111111824, 0.22222222219, 0.27777778122, 0.27777777435, 0.11111110399]
    ],
    [
      [0.2, 0.23636363636, 0.25454545455, 0.29090909091, 0.018181818182],
      [0.15277777778, 0.26388888889, 0.26388888889, 0.30555555556, 0.013888888889],
      [0.15730337079, 0.24719101124, 0.2808988764, 0.30337078652, 0.011235955056],
      [0.1619047619, 0.22857142857, 0.28571428571, 0.30476190476, 0.019047619048],
      [0.15894039735, 0.23178807947, 0.27152317881, 0.3178807947, 0.019867549669],
      [0.15151515152, 0.21212121212, 0.24242424242, 0.30303030303, 0.090909090909]
    ],
    [
      [0.20833333333, 0.29166666667, 0.25, 0.25, 1.5051210288e-21],
      [0.14285714286, 0.28571428571, 0.28571428571, 0.26785714286, 0.017857142857],
      [0.14166666667, 0.26666666667, 0.3, 0.275, 0.016666666667],
      [0.14018691589, 0.26168224299, 0.28971962617, 0.28971962617, 0.018691588785],
      [0.13888888889, 0.26388888889, 0.28472222222, 0.27777777778, 0.034722222222],
      [0.13333333333, 0.26666666667, 0.26666666667, 0.26666666667, 0.066666666667]
    ],
    [
      [0.2, 0.26666666667, 0.23333333333, 0.26666666667, 0.033333333333],
      [0.140625, 0.296875, 0.25, 0.28125, 0.03125],
      [0.15094339623, 0.25471698113, 0.28301886792, 0.28301886792, 0.028301886792],
      [0.15151515152, 0.25252525253, 0.27272727273, 0.29292929293, 0.030303030303],
      [0.15, 0.25714285714, 0.25714285714, 0.30714285714, 0.028571428571],
      [0.14705882353, 0.23529411765, 0.23529411765, 0.29411764706, 0.088235294118]
    ],
    [
      [0.19444444444, 0.27777777778, 0.27777777778, 0.22222222222, 0.027777777778],
      [0.12328767123, 0.31506849315, 0.27397260274, 0.24657534247, 0.041095890411],
      [0.12765957447, 0.29787234043, 0.28368794326, 0.24822695035, 0.042553191489],
      [0.12264150943, 0.28301886792, 0.31132075472, 0.24528301887, 0.037735849057],
      [0.12686567164, 0.28358208955, 0.28358208955, 0.26865671642, 0.037313432836],
      [0.11764705882, 0.27450980392, 0.27450980392, 0.23529411765, 0.098039215686]
    ],
    [
      [0.19444444444, 0.27777777778, 0.25, 0.25, 0.027777777778],
      [0.15189873418, 0.29113924051, 0.27848101266, 0.25316455696, 0.025316455696],
      [0.15789473684, 0.26973684211, 0.26315789474, 0.27631578947, 0.032894736842],
      [0.16, 0.272, 0.264, 0.272, 0.032],
      [0.15897435897, 0.27179487179, 0.26153846154, 0.26153846154, 0.046153846154],
      [0.15789473684, 0.26315789474, 0.26315789474, 0.26315789474, 0.052631578947]
    ],
    [
      [0.21052631579, 0.29824561404, 0.28070175439, 0.19298245614, 0.017543859649],
      [0.18556701031, 0.31958762887, 0.27835051546, 0.19587628866, 0.020618556701],
      [0.18452380952, 0.30357142857, 0.29761904762, 0.19642857143, 0.017857142857],
      [0.18181818182, 0.30303030303, 0.28787878788, 0.20454545455, 0.022727272727],
      [0.18309859155, 0.30281690141, 0.28169014085, 0.21126760563, 0.021126760563],
      [0.18421052632, 0.28947368421, 0.26315789474, 0.18421052632, 0.078947368421]
    ],
    [
      [0.17647058824, 0.26470588235, 0.30882352941, 0.22058823529, 0.029411764706],
      [0.16279069767, 0.29069767442, 0.3023255814, 0.22093023256, 0.023255813953],
      [0.15107913669, 0.27338129496, 0.31654676259, 0.23021582734, 0.028776978417],
      [0.14788732394, 0.2676056338, 0.31690140845, 0.23943661972, 0.028169014085],
      [0.15032679739, 0.26797385621, 0.30718954248, 0.24183006536, 0.032679738562],
      [0.13513513514, 0.27027027027, 0.2972972973, 0.21621621622, 0.081081081081]
    ],
    [
      [0.23529411759, 0.11764705904, 0.23529411767, 0.41176470568, 3.3333455254e-11],
      [0.083333333327, 0.20833333332, 0.29166666666, 0.41666666668, 1.7448190176e-11],
      [0.081081081076, 0.18918918927, 0.32432432429, 0.4054054053, 6.1847746083e-11],
      [0.095890410949, 0.15068493145, 0.30136986306, 0.4383561644, 0.013698630143],
      [0.092436974788, 0.15126050418, 0.28571428571, 0.43697478997, 0.033613445363],
      [0.071428571512, 0.1428571429, 0.28571428567, 0.39285714284, 0.10714285708]
    ],
    [
      [0.30769230736, 0.076923077107, 0.30769230824, 0.30769230728, 1.9604843956e-11],
      [0.050000000172, 0.2, 0.35000000006, 0.34999999969, 0.050000000075],
      [0.040000000072, 0.15999999982, 0.4, 0.36000000001, 0.040000000107],
      [0.074468085029, 0.1063829787, 0.40425531918, 0.37234042564, 0.042553191459],
      [0.076923076951, 0.10989010987, 0.37362637351, 0.3956043957, 0.04395604397],
      [0.058823529524, 0.088235294295, 0.35294117648, 0.38235294097, 0.11764705874]
    ],
    [
      [0.16666666683, 0.083333333358, 0.41666666664, 0.33333333312, 5.6254074317e-11],
      [0.062499999958, 0.24999999999, 0.37499999998, 0.31250000004, 3.4994344075e-11],
      [0.025641025659, 0.15384615384, 0.46153846155, 0.33333333328, 0.025641025669],
      [0.04132231405, 0.14049586775, 0.42148760341, 0.37190082637, 0.024793388417],
      [0.045045045028, 0.14414414416, 0.41441441431, 0.36036036048, 0.036036036028],
      [0.035714285709, 0.14285714288, 0.39285714282, 0.35714285716, 0.071428571431]
    ],
    [
      [0.26666666666, 0.2, 0.2, 0.33333333334, 8.2072838338e-13],
      [0.125, 0.28125000001, 0.21874999999, 0.34375, 0.031249999999],
      [0.11475409836, 0.26229508197, 0.22950819672, 0.3606557377, 0.032786885246],
      [0.1125, 0.24999999999, 0.25, 0.36250000001, 0.025000000005],
      [0.11764705883, 0.25210084034, 0.21848739496, 0.3781512605, 0.033613445376],
      [0.083333333343, 0.24999999999, 0.20833333334, 0.33333333333, 0.12499999999]
    ],
    [
      [0.2, 0.2, 0.26666666667, 0.33333333333, 4.2134353178e-16],
      [0.16666666667, 0.22916666667, 0.27083333333, 0.33333333333, 2.7583892991e-16],
      [0.14285714286, 0.21428571429, 0.3, 0.32857142857, 0.014285714286],
      [0.13636363636, 0.20454545455, 0.30681818182, 0.34090909091, 0.011363636364],
      [0.13675213675, 0.20512820513, 0.28205128205, 0.35042735043, 0.025641025641],
      [0.13333333333, 0.2, 0.26666666667, 0.33333333333, 0.066666666667]
    ],
    [
      [0.24541910911, 0.0037725778323, 0.48962630488, 0.26115879949, 2.3208692143e-05],
      [0.4878272637, 2.4372458716e-05, 0.49175699276, 0.012030847561, 0.0083605235275],
      [3.5880899672e-05, 0.19371851758, 0.50831365367, 0.29790419194, 2.7755908114e-05],
      [0.0077166731717, 0.045484042122, 0.52227663207, 0.37940728835, 0.045115364288],
      [0.010473105377, 0.042134748121, 0.51073793828, 0.39522360201, 0.041430606213],
      [0.00052260720877, 0.028538468236, 0.48581390715, 0.39797238093, 0.087152636477]
    ],
    [
      [0.32869209171, 0.00029444677419, 0.33930744946, 0.33066455511, 0.0010414569467],
      [0.0012154934773, 0.19707627891, 0.39959498666, 0.40144620078, 0.00066704017165],
      [0.0014245547008, 0.32768575695, 0.3299698026, 0.33750468654, 0.0034151992057],
      [0.026062232928, 4.7603208379e-05, 0.48607876961, 0.43573176109, 0.052079633158],
      [0.026000604786, 0.00012728163162, 0.46637305227, 0.44756159974, 0.059937461568],
      [0.032395786334, 0.00030824566823, 0.45090123848, 0.41838611323, 0.098008616283]
    ],
    [
      [0.32470158609, 0.040529948786, 0.58248644424, 0.05068542618, 0.0015965947024],
      [0.00056101290257, 0.64778913176, 0.1266022021, 0.18368214985, 0.041365503396],
      [0.0023089691623, 0.1257994881, 0.60803351304, 0.24148402865, 0.022374001051],
      [0.0088884532034, 0.034274997904, 0.59340483126, 0.30900682367, 0.054424893965],
      [0.0032280032608, 0.024017859627, 0.59579281526, 0.32166730139, 0.055294020458],
      [0.00086569170408, 0.020642748642, 0.52040679001, 0.31208960999, 0.14599515965]
    ],
    [
      [0.23333333333, 0.066666666667, 0.3, 0.33333333333, 0.066666666667],
      [0.14583333333, 0.14583333333, 0.3125, 0.33333333333, 0.0625],
      [0.13888888889, 0.083333333333, 0.38888888889, 0.33333333333, 0.055555555556],
      [0.15238095238, 0.085714285714, 0.34285714286, 0.34285714286, 0.07619047619],
      [0.15, 0.091666666667, 0.325, 0.35, 0.083333333333],
      [0.13888888889, 0.083333333333, 0.30555555556, 0.33333333333, 0.13888888889]
    ],
    [
      [0.23809523816, 0.095238095337, 0.2857142858, 0.28571428548, 0.095238095224],
      [0.15384615381, 0.19230769235, 0.30769230758, 0.26923076929, 0.076923076968],
      [0.14999999999, 0.10000000011, 0.39999999971, 0.30000000002, 0.050000000169],
      [0.15517241386, 0.10344827581, 0.36206896548, 0.29310344834, 0.086206896511],
      [0.14999999996, 0.099999999972, 0.31666666691, 0.34999999989, 0.083333333268],
      [0.13043478254, 0.086956521712, 0.30434782587, 0.26086956544, 0.21739130444]
    ],
    [
      [0.25, 0.1, 0.275, 0.3, 0.075000000004],
      [0.18750000001, 0.15624999999, 0.28125, 0.31249999999, 0.062500000002],
      [0.1923076923, 0.11538461539, 0.30769230769, 0.3076923077, 0.076923076922],
      [0.18333333334, 0.099999999995, 0.31666666666, 0.31666666667, 0.083333333334],
      [0.18666666666, 0.10666666667, 0.28000000001, 0.33333333333, 0.09333333333],
      [0.17857142857, 0.10714285715, 0.28571428571, 0.28571428572, 0.14285714286]
    ],
    [
      [0.16326530612, 0.32653061224, 0.24489795918, 0.24489795918, 0.020408163265],
      [0.11363636364, 0.36363636364, 0.25, 0.25, 0.022727272727],
      [0.12, 0.34, 0.26, 0.256, 0.024],
      [0.11612903226, 0.33548387097, 0.25161290323, 0.27096774194, 0.025806451613],
      [0.12121212121, 0.33766233766, 0.25108225108, 0.25974025974, 0.030303030303],
      [0.11764705882, 0.33333333333, 0.23529411765, 0.25490196078, 0.058823529412]
    ],
    [
      [0.13043478262, 0.30434782609, 0.30434782607, 0.26086956521, 3.1929648596e-12],
      [0.10869565219, 0.30434782609, 0.30434782608, 0.28260869565, 1.3305665824e-15],
      [0.084112149529, 0.31775700935, 0.30841121495, 0.28037383178, 0.0093457943939],
      [0.088495575217, 0.30088495575, 0.30973451328, 0.29203539823, 0.0088495575221],
      [0.087591240875, 0.30656934307, 0.29927007299, 0.29197080292, 0.014598540145],
      [0.060606060602, 0.30303030303, 0.30303030304, 0.27272727273, 0.060606060602]
    ],
    [
      [0.13333333333, 0.26666666667, 0.33333333333, 0.26666666667, 1.3650018476e-16],
      [0.083333333333, 0.27083333333, 0.35416666667, 0.27083333333, 0.020833333333],
      [0.09243697479, 0.2268907563, 0.36974789916, 0.28571428571, 0.025210084034],
      [0.091954022989, 0.22988505747, 0.35632183908, 0.29310344828, 0.028735632184],
      [0.092024539877, 0.23312883436, 0.34969325153, 0.29447852761, 0.030674846626],
      [0.086956521739, 0.21739130435, 0.34782608696, 0.28260869565, 0.065217391304]
    ],
    [
      [0.16, 0.2, 0.28, 0.32, 0.04],
      [0.068181818182, 0.25, 0.31818181818, 0.34090909091, 0.022727272727],
      [0.069306930693, 0.20792079208, 0.32673267327, 0.35643564356, 0.039603960396],
      [0.073770491803, 0.2131147541, 0.30327868852, 0.36885245902, 0.040983606557],
      [0.073170731707, 0.21341463415, 0.30487804878, 0.36585365854, 0.042682926829],
      [0.051282051282, 0.20512820513, 0.30769230769, 0.35897435897, 0.076923076923]
    ],
    [
      [0.15384615385, 0.23076923077, 0.26923076923, 0.30769230769, 0.038461538462],
      [0.13043478261, 0.28260869565, 0.26086956522, 0.30434782609, 0.021739130435],
      [0.094827586207, 0.27586206897, 0.28448275862, 0.31034482759, 0.034482758621],
      [0.095238095238, 0.25714285714, 0.28571428571, 0.32380952381, 0.038095238095],
      [0.1007751938, 0.26356589147, 0.27131782946, 0.31782945736, 0.046511627907],
      [0.093023255814, 0.25581395349, 0.25581395349, 0.3023255814, 0.093023255814]
    ],
    [
      [0.19047619048, 0.19047619048, 0.33333333333, 0.28571428571, 2.3409371641e-15],
      [0.11111111111, 0.25, 0.33333333333, 0.27777777778, 0.027777777778],
      [0.095238095238, 0.2619047619, 0.33333333333, 0.28571428571, 0.02380952381],
      [0.097744360902, 0.23308270677, 0.35338345865, 0.28571428571, 0.03007518797],
      [0.098360655738, 0.22950819672, 0.33606557377, 0.31147540984, 0.024590163934],
      [0.085106382979, 0.23404255319, 0.31914893617, 0.27659574468, 0.085106382979]
    ],
    [
      [0.30769230769, 0.15384615386, 0.23076923076, 0.30769230769, 4.5058055524e-12],
      [0.097560975608, 0.26829268292, 0.26829268294, 0.34146341464, 0.024390243902],
      [0.092105263153, 0.21052631579, 0.30263157894, 0.3552631579, 0.039473684211],
      [0.092592592598, 0.2037037037, 0.30555555555, 0.36111111111, 0.037037037036],
      [0.097222222221, 0.20833333333, 0.28472222222, 0.36805555556, 0.041666666665],
      [0.088235294116, 0.20588235294, 0.26470588235, 0.35294117647, 0.088235294125]
    ],
    [
      [0.17391304348, 0.21739130435, 0.34782608697, 0.26086956521, 1.2256448185e-18],
      [0.09302325581, 0.25581395349, 0.34883720931, 0.27906976743, 0.023255813952],
      [0.095744680853, 0.20212765958, 0.3829787234, 0.28723404255, 0.031914893618],
      [0.092592592593, 0.20987654321, 0.37037037037, 0.29012345679, 0.037037037036],
      [0.090909090907, 0.20979020979, 0.36363636364, 0.29370629371, 0.041958041957],
      [0.093023255819, 0.20930232558, 0.3488372093, 0.27906976743, 0.069767441866]
    ],
    [
      [0.20000000031, 0.099999999343, 0.40000000055, 0.29999999774, 2.0548007485e-09],
      [1.8448925012e-09, 0.22222222046, 0.44444444268, 0.33333333419, 8.2681343376e-10],
      [0.034482758493, 0.10344827577, 0.44827586152, 0.37931034534, 0.034482758876],
      [0.051282051081, 0.10256410253, 0.41880341931, 0.38461538437, 0.042735042699],
      [0.053191489325, 0.10638297883, 0.41489361719, 0.36170212779, 0.063829786876],
      [0.054054054348, 0.10810810862, 0.40540540408, 0.3513513518, 0.081081081149]
    ],
    [
      [0.30000000169, 4.4742254805e-09, 0.29999999814, 0.3999999954, 3.0118746255e-10],
      [0.06666666733, 0.19999999976, 0.33333333167, 0.40000000041, 8.299145974e-10],
      [0.035714286722, 0.14285714139, 0.42857142947, 0.39285714149, 9.2809467065e-10],
      [0.066037735491, 0.094339622155, 0.40566037668, 0.41509434127, 0.0188679244],
      [0.066115702333, 0.090909091147, 0.38016528951, 0.43801652863, 0.024793388386],
      [0.043478260896, 0.086956522728, 0.34782608956, 0.39130434519, 0.13043478163]
    ],
    [
      [0.13636363636, 0.13636363636, 0.36363636364, 0.36363636364, 4.9655989756e-19],
      [0.08, 0.2, 0.36, 0.36, 6.9925331962e-16],
      [0.051948051948, 0.16883116883, 0.38961038961, 0.36363636364, 0.025974025974],
      [0.052132701422, 0.15639810427, 0.39336492891, 0.36966824645, 0.028436018957],
      [0.053658536585, 0.15609756098, 0.39024390244, 0.3756097561, 0.024390243902],
      [0.040816326531, 0.14285714286, 0.36734693878, 0.36734693878, 0.081632653061]
    ],
    [
      [0.21212121199, 0.12121212122, 0.30303030296, 0.33333333347, 0.03030303037],
      [0.13636363641, 0.18181818171, 0.31818181835, 0.34090909077, 0.022727272755],
      [0.14634146336, 0.17073170745, 0.31707317073, 0.34146341453, 0.024390243929],
      [0.13636363638, 0.15151515145, 0.34848484852, 0.33333333335, 0.030303030303],
      [0.14423076928, 0.14423076924, 0.3269230769, 0.35576923075, 0.028846153824],
      [0.12903225799, 0.12903225814, 0.32258064499, 0.35483870992, 0.064516128961]
    ],
    [
      [0.18181818182, 0.15151515152, 0.33333333333, 0.30303030303, 0.030303030303],
      [0.15789473684, 0.18421052632, 0.31578947368, 0.31578947368, 0.026315789474],
      [0.11538461538, 0.21153846154, 0.32692307692, 0.30769230769, 0.038461538462],
      [0.125, 0.16346153846, 0.35576923077, 0.31730769231, 0.038461538462],
      [0.125, 0.16666666667, 0.34166666667, 0.325, 0.041666666667],
      [0.11428571429, 0.14285714286, 0.31428571429, 0.34285714286, 0.085714285714]
    ],
    [
      [0.25, 0.0625, 0.4375, 0.25, 1.0256986221e-15],
      [0.088235294118, 0.11764705882, 0.47058823529, 0.29411764706, 0.029411764706],
      [0.057142857143, 0.085714285714, 0.54285714286, 0.28571428571, 0.028571428571],
      [0.076555023923, 0.076555023923, 0.5023923445, 0.31100478469, 0.033492822967],
      [0.079470198675, 0.072847682119, 0.49668874172, 0.3178807947, 0.033112582781],
      [0.0625, 0.0625, 0.47916666667, 0.3125, 0.083333333333]
    ],
    [
      [0.23529411764, 0.11764705882, 0.41176470588, 0.23529411764, 2.4757704989e-12],
      [0.066666666666, 0.2, 0.43333333333, 0.26666666667, 0.033333333334],
      [0.058823529411, 0.11764705882, 0.50980392157, 0.27450980392, 0.039215686275],
      [0.069892473118, 0.12365591398, 0.46774193548, 0.29032258064, 0.048387096774],
      [0.070866141733, 0.11811023622, 0.46456692913, 0.29921259843, 0.047244094488],
      [0.054054054055, 0.10810810811, 0.45945945946, 0.27027027027, 0.10810810811]
    ],
    [
      [0.33333333331, 0.11111111109, 0.33333333329, 0.22222222227, 4.3575869248e-11],
      [0.19230769228, 0.11538461544, 0.38461538454, 0.26923076929, 0.038461538458],
      [0.12500000006, 0.1875, 0.37499999993, 0.28125000001, 0.031250000001],
      [0.14130434779, 0.1413043478, 0.40217391312, 0.28260869564, 0.032608695653],
      [0.13698630139, 0.12328767124, 0.38356164382, 0.31506849314, 0.04109589041],
      [0.11111111116, 0.11111111114, 0.37037037034, 0.29629629626, 0.1111111111]
    ],
    [
      [0.3749999958, 2.6787598329e-09, 0.3749998178, 0.25000018366, 6.4647913304e-11],
      [0.11764704414, 0.14705882621, 0.41176481676, 0.32352931289, 9.3060808416e-13],
      [0.11538466998, 0.15384608069, 0.42307686656, 0.3076923815, 1.2670541138e-09],
      [0.10937500624, 0.093750003889, 0.46093751588, 0.335937474, 5.1102798659e-13],
      [0.10999998779, 0.10000000346, 0.42999998547, 0.36000001381, 9.4607129032e-09],
      [0.10344825986, 0.068965549835, 0.41379305441, 0.34482765243, 0.068965483461]
    ],
    [
      [0.21428571431, 0.071428600708, 0.42857141391, 0.28571427105, 1.1304791946e-11],
      [0.13636360845, 0.18181817243, 0.40909094629, 0.27272727281, 1.701216392e-11],
      [0.078947363066, 0.15789476917, 0.47368419974, 0.28947365724, 1.0781245178e-08],
      [0.098591555055, 0.11971829256, 0.46478873382, 0.29577465657, 0.021126762002],
      [0.10309278772, 0.12371134444, 0.44329896279, 0.29896907211, 0.030927832932],
      [0.096774180339, 0.096774213332, 0.4516129098, 0.29032258068, 0.064516115843]
    ],
    [
      [0.33333333333, 6.4530639544e-15, 0.33333333335, 0.33333333333, 1.9318507589e-16],
      [0.090909090909, 0.13636363636, 0.36363636363, 0.40909090909, 2.8530233774e-12],
      [0.064516129034, 0.064516129032, 0.4193548387, 0.41935483872, 0.032258064515],
      [0.063218390804, 0.068965517241, 0.41379310345, 0.41954022988, 0.034482758621],
      [0.062146892655, 0.067796610171, 0.41242937853, 0.42372881356, 0.033898305085],
      [0.061224489795, 0.061224489795, 0.38775510204, 0.42857142857, 0.061224489795]
    ],
    [
      [0.22222222222, 0.11111111111, 0.33333333334, 0.33333333333, 2.3269294353e-14],
      [0.13636363636, 0.13636363636, 0.36363636364, 0.36363636364, 5.5777830278e-14],
      [0.054054054055, 0.16216216216, 0.37837837838, 0.37837837838, 0.027027027027],
      [0.065573770492, 0.11475409836, 0.36885245901, 0.40983606557, 0.040983606558],
      [0.067669172932, 0.11278195489, 0.36090225564, 0.40601503759, 0.052631578947],
      [0.064516129032, 0.096774193548, 0.35483870968, 0.38709677419, 0.096774193548]
    ],
    [
      [0.23076923077, 0.076923076926, 0.38461538461, 0.30769230769, 2.4325708382e-12],
      [0.083333333335, 0.13888888889, 0.38888888889, 0.33333333333, 0.055555555556],
      [0.090909090908, 0.12121212121, 0.39393939394, 0.33333333334, 0.060606060607],
      [0.092715231788, 0.099337748344, 0.41721854305, 0.33112582782, 0.059602649006],
      [0.091666666666, 0.1, 0.4, 0.35, 0.058333333334],
      [0.093750000001, 0.09375, 0.375, 0.3125, 0.125]
    ],
    [
      [0.26666666667, 0.066666666668, 0.33333333333, 0.33333333333, 8.5709629845e-13],
      [0.10810810811, 0.16216216216, 0.32432432432, 0.37837837838, 0.027027027027],
      [0.10810810811, 0.13513513514, 0.35135135135, 0.37837837838, 0.027027027027],
      [0.11320754717, 0.11320754717, 0.3679245283, 0.37735849057, 0.028301886792],
      [0.11811023622, 0.11023622047, 0.33858267717, 0.40157480315, 0.031496062993],
      [0.096774193548, 0.09677419355, 0.32258064516, 0.35483870968, 0.12903225806]
    ],
    [
      [0.29999999995, 0.099999999948, 0.30000000005, 0.30000000005, 3.9079485628e-13],
      [0.10344827586, 0.20689655169, 0.37931034474, 0.27586206909, 0.034482758621],
      [0.10416666672, 0.16666666666, 0.41666666659, 0.29166666666, 0.020833333378],
      [0.11111111108, 0.15384615388, 0.38461538459, 0.31623931625, 0.034188034188],
      [0.11320754719, 0.1509433962, 0.37735849061, 0.33018867921, 0.028301886787],
      [0.093749999967, 0.15625000002, 0.37500000012, 0.28124999995, 0.09374999995]
    ],
    [
      [0.16666666667, 2.5574563009e-13, 0.41666666667, 0.41666666666, 1.4223338927e-15],
      [0.045454545457, 0.090909090908, 0.40909090909, 0.40909090909, 0.045454545455],
      [3.5196008906e-14, 0.090909090908, 0.45454545454, 0.40909090909, 0.045454545457],
      [0.035714285714, 0.053571428572, 0.44196428571, 0.41517857143, 0.053571428571],
      [0.036199095023, 0.049773755656, 0.43438914027, 0.42533936652, 0.054298642533],
      [0.035714285714, 0.053571428572, 0.42857142857, 0.41071428571, 0.071428571429]
    ],
    [
      [0.18181818182, 0.090909090909, 0.36363636364, 0.36363636364, 1.990583687e-16],
      [0.055555555556, 0.16666666667, 0.38888888889, 0.38888888889, 2.4959344799e-16],
      [0.023255813953, 0.11627906977, 0.44186046512, 0.39534883721, 0.023255813953],
      [0.036458333333, 0.09375, 0.44270833333, 0.40104166667, 0.026041666667],
      [0.04, 0.095, 0.43, 0.4, 0.035],
      [0.038461538462, 0.096153846154, 0.42307692308, 0.38461538462, 0.057692307692]
