{
  "X": [
    [20, 17, 38, 207, 367, 3],
    [29, 34, 97, 447, 667, 11],
    [25, 38, 109, 827, 596, 19],
    [2, 3, 5, 35, 53, 1],
    [4, 8, 28, 257, 132, 10],
    [13, 13, 16, 303, 229, 5],
    [2, 3, 3, 11, 12, 1],
    [0, 1, 1, 14, 13, 1],
    [0, 1, 0, 11, 22, 0],
    [11, 12, 19, 358, 172, 9],
    [20, 15, 21, 341, 161, 10],
    [21, 16, 32, 425, 160, 11],
    [63, 32, 58, 459, 839, 32],
    [54, 45, 54, 406, 697, 34],
    [40, 42, 64, 506, 835, 21],
    [36, 30, 58, 352, 610, 17],
    [4, 10, 22, 208, 74, 4],
    [7, 12, 26, 191, 111, 4],
    [9, 43, 32, 552, 204, 13],
    [64, 80, 28, 657, 586, 33],
    [19, 47, 64, 402, 530, 18],
    [1, 6, 3, 34, 47, 5],
    [0, 4, 7, 27, 39, 2],
    [3, 5, 8, 25, 42, 1],
    [5, 3, 18, 74, 85, 2],
    [23, 14, 7, 77, 202, 8],
    [71, 32, 31, 827, 609, 36],
    [42, 49, 36, 432, 440, 38],
    [98, 60, 77, 933, 1032, 73],
    [25, 18, 23, 254, 248, 44],
    [40, 31, 30, 502, 485, 45],
    [13, 8, 36, 186, 240, 11],
    [21, 24, 30, 225, 467, 32],
    [17, 17, 56, 199, 430, 17],
    [30, 65, 148, 647, 894, 26],
    [9, 14, 25, 150, 230, 4],
    [9, 15, 24, 371, 162, 11],
    [16, 13, 7, 79, 113, 3],
    [3, 3, 0, 83, 27, 4],
    [10, 8, 5, 83, 76, 6],
    [12, 33, 16, 113, 184, 17],
    [13, 19, 21, 284, 128, 8],
    [53, 44, 49, 573, 661, 47],
    [26, 3, 3, 120, 134, 19],
    [114, 77, 118, 1548, 1319, 64],
    [5, 10, 11, 127, 131, 8],
    [50, 152, 145, 885, 777, 57],
    [5, 24, 8, 143, 88, 7]
  ],
  "W": [
    [28, 300, 263, 19, 42],
    [62, 508, 558, 58, 99],
    [56, 425, 959, 55, 119],
    [8, 42, 41, 2, 6],
    [8, 99, 297, 7, 28],
    [17, 180, 320, 19, 43],
    [2, 11, 14, 1, 4],
    [4, 8, 15, 1, 2],
    [5, 14, 11, 1, 3],
    [36, 104, 386, 12, 43],
    [41, 128, 348, 13, 38],
    [24, 111, 459, 16, 55],
    [45, 652, 610, 76, 100],
    [64, 577, 484, 67, 98],
    [59, 638, 627, 60, 124],
    [47, 499, 440, 45, 72],
    [15, 49, 211, 7, 40],
    [16, 88, 202, 12, 33],
    [70, 126, 581, 15, 61],
    [132, 412, 717, 58, 129],
    [69, 423, 481, 30, 77],
    [7, 37, 40, 2, 10],
    [6, 31, 34, 1, 7],
    [8, 36, 32, 3, 5],
    [4, 66, 97, 6, 14],
    [20, 163, 87, 29, 32],
    [74, 435, 924, 66, 107],
    [57, 369, 475, 45, 91],
    [119, 791, 1075, 116, 172],
    [35, 188, 294, 36, 59],
    [54, 365, 578, 43, 93],
    [25, 186, 230, 19, 34],
    [38, 389, 271, 35, 66],
    [27, 315, 306, 22, 66],
    [105, 678, 850, 58, 119],
    [27, 176, 185, 21, 23],
    [25, 122, 383, 12, 50],
    [21, 92, 85, 14, 19],
    [4, 25, 82, 1, 8],
    [7, 61, 89, 10, 21],
    [53, 141, 128, 16, 37],
    [28, 98, 282, 18, 47],
    [86, 474, 687, 85, 95],
    [10, 131, 129, 11, 24],
    [148, 1017, 1702, 175, 198],
    [21, 95, 142, 10, 24],
    [166, 637, 1044, 50, 169],
    [38, 66, 155, 2, 14]
  ],
  "method": "mvn_cdf",
  "mvncdf_method": "genz",
  "mvncdf_samples": 5000,
  "mvncdf_error": 1e-06,
  "cond_prob": [
    [
      [0.032761154676, 0.26613949577, 0.35838929275, 0.15072197634, 0.1450816682, 0.046906412271],
      [0.0071826561871, 0.013763925546, 0, 0.028684542547, 0.95036887572, 0],
      [0.010212307661, 0.0061608661864, 0, 0.72054337122, 0.26308345494, 0],
      [0.2623346243, 0.0011112253269, 0.39763421339, 0.0089788550176, 0.24117158426, 0.088769497707],
      [0.2204213342, 0.089940365867, 0.48595356544, 0.10716469103, 0.09652004346, 0]
    ],
    [
      [0.019405071775, 0.25101915287, 0.35750663105, 0.14992410778, 0.14545933128, 0.076685705246],
      [0.0040543318669, 0.011804306366, 0, 0.027781260955, 0.95636010081, 0],
      [0.00512948876, 0.0028157239524, 0, 0.73230866661, 0.25974612068, 0],
      [0.16769415077, 0.001155094023, 0.43247881955, 0.010747251213, 0.28024388661, 0.10768079784],
      [0.13281585342, 0.10911167141, 0.5025335085, 0.14485099207, 0.1106879746, 0]
    ],
    [
      [0.015386432288, 0.25495909395, 0.36159671829, 0.16869728609, 0.09787132544, 0.10148914394],
      [0.004500172293, 0.016780648794, 0, 0.043762741743, 0.93109007427, 0.0038663629025],
      [0.0021872047194, 0.0028270653255, 0, 0.81270000665, 0.18095168631, 0.0013340369938],
      [0.145508411, 0.0012855613576, 0.47938054633, 0.013248405731, 0.21410231569, 0.1464747599],
      [0.10189323224, 0.11603910487, 0.52424078763, 0.1583682189, 0.079812014058, 0.019646642304]
    ],
    [
      [0.021266626712, 0.24946567659, 0.24502937472, 0.21716666008, 0.18444596837, 0.082625693527],
      [0.0087282930196, 0.0089636518334, 8.5776667247e-05, 0.026721931496, 0.95550034698, 0],
      [0.0038037318165, 0.0017540810396, 0.0011456304698, 0.75516629479, 0.23752388784, 0.00060637404168],
      [0.19938912072, 0.0010909986537, 0.30281360263, 0.015465781405, 0.37209089725, 0.10914959935],
      [0.15142457226, 0.092283648389, 0.39726072128, 0.1912659912, 0.15179274731, 0.015972319564]
    ],
    [
      [0.0085369509708, 0.15906535009, 0.43573449869, 0.074122167912, 0.034614848737, 0.2879261836],
      [0.0065438289179, 0.027111646367, 0.003512480938, 0.051622156284, 0.88889991922, 0.022309968273],
      [0.0037841962048, 0.0076524456976, 0.0014915592477, 0.83956840586, 0.14288611128, 0.0046172817157],
      [0.068956616778, 0.00067363545037, 0.49722253502, 0.0049559596194, 0.064436644562, 0.36375460857],
      [0.059902240681, 0.063069013879, 0.72295848414, 0.068211461693, 0.029777058796, 0.056081740809]
    ],
    [
      [0.019948343962, 0.27331319487, 0.12687336034, 0.33971120937, 0.15352953116, 0.086624360292],
      [0.0036758897108, 0.011193766442, 0.00087771263956, 0.056787583481, 0.92746504773, 0],
      [0.0032120981516, 0.0038365563592, 0.00081038374301, 0.84921398906, 0.14292697268, 0],
      [0.22472420566, 0.0016002118922, 0.19864619532, 0.031324520749, 0.39555820199, 0.14814666439],
      [0.15585085322, 0.11815571318, 0.22445497884, 0.34091865162, 0.14404772751, 0.016572075619]
    ],
    [
      [0.019355283561, 0.66020694672, 0.19514838114, 0.029011983283, 0.018554665077, 0.077722740212],
      [0.018359236581, 0.061889705067, 0.0017298166227, 0.032266056786, 0.84813389695, 0.037621287991],
      [0.040590915084, 0, 0.022777234742, 0.74620227453, 0.17817155857, 0.012258017071],
      [0.34695201089, 0.0030168652355, 0.40409741926, 0.003383916295, 0.057710261799, 0.18483952652],
      [0.2110282521, 0.2489456214, 0.4669241373, 0.034208412265, 0.020326430394, 0.01856714654]
    ],
    [
      [0, 0.16996940202, 0.085569697874, 0.36408440961, 0.27107897046, 0.10929752004],
      [0, 0.0030560941204, 7.8882739168e-05, 0.030241745905, 0.96528637473, 0.0013369025034],
      [0, 0.0013281760803, 0.012126272971, 0.76442934067, 0.19978998853, 0.022326221744],
      [0, 0.043473426578, 0.12063646867, 0.02836891784, 0.63767307381, 0.1698481131],
      [0, 0.1161387856, 0.17727979168, 0.4034596832, 0.27943510925, 0.023686630271]
    ],
    [
      [0, 0.1078650518, 0, 0.37342958031, 0.51870536789, 0],
      [0, 0.0010036847369, 0, 0.068536697624, 0.93045961764, 0],
      [0, 0.000878149553, 0, 0.64282604192, 0.35629580853, 0],
      [0, 0.069681343494, 0, 0.01852356222, 0.91179509429, 0],
      [0, 0.1224273887, 0, 0.36124276947, 0.51632984183, 0]
    ],
    [
      [0.019949544249, 0.20494044517, 0.141927388, 0.34411958237, 0.16370882117, 0.12535421904],
      [0.0034663141643, 0.007975204429, 0.0002678846709, 0.053230007589, 0.93274221583, 0.0023183733146],
      [0.0027088416355, 6.7013293542e-05, 0.0023153870739, 0.84242025839, 0.15047809935, 0.0020104002549],
      [0.20128892849, 0.0010869170215, 0.19897472374, 0.028482561354, 0.37837652714, 0.19179034226],
      [0.15023813304, 0.087297966924, 0.24607716118, 0.33859915745, 0.15060993758, 0.027177643822]
    ],
    [
      [0.040854118745, 0.23254944925, 0.17455930047, 0.31059196621, 0.10758751596, 0.13385764937],
      [0.010418368748, 0.013288397377, 0.00048307014392, 0.070634847043, 0.90153718239, 0.0036381342958],
      [0.0056246558931, 0.0013440651678, 0.0027285858611, 0.88733610701, 0.10080058795, 0.0021659981203],
      [0.36504360793, 0.0010798355755, 0.21454139127, 0.022515901469, 0.21766199267, 0.1791572711],
      [0.27074954679, 0.086389083572, 0.26428025621, 0.26681044754, 0.08641952599, 0.025351139895]
    ],
    [
      [0.029829573194, 0.27218464168, 0.23421800653, 0.22024071037, 0.084221289149, 0.15930577908],
      [0.009703842007, 0.01976212676, 0.00082539829182, 0.0639964048, 0.90021008182, 0.0055021463253],
      [0.0071440385916, 0.002925182708, 0.0014437041498, 0.87421411327, 0.11162440367, 0.0026485576064],
      [0.27699703084, 0.0013200316639, 0.30197465357, 0.016759251828, 0.17866649996, 0.22428253215],
      [0.20901631952, 0.10745805745, 0.37805261766, 0.20142174538, 0.072020085368, 0.032031174624]
    ],
    [
      [0.041406820969, 0.27186905938, 0.1988339944, 0.14285023113, 0.16095031281, 0.18408958131],
      [0.0047114386485, 0.011167967668, 0.00200493588, 0.030064720292, 0.94759805899, 0.0044528785247],
      [0.010839082299, 0.0030206193297, 0.0014870157063, 0.68773736706, 0.2944974571, 0.0024184585045],
      [0.30537720921, 0.0010651334628, 0.20463964915, 0.0087231351243, 0.27379686893, 0.20639800412],
      [0.28244326955, 0.10560849474, 0.31285559142, 0.12786789795, 0.13471290592, 0.036511840418]
    ],
    [
      [0.034061759362, 0.32173139907, 0.17096299533, 0.16172520781, 0.13580392048, 0.17571471795],
      [0.0060615468697, 0.016184362687, 0.00033307452552, 0.031471724882, 0.94122518464, 0.0047241063952],
      [0.0085458319788, 0.003422511452, 0.0012260511162, 0.74648177058, 0.23811092387, 0.0022129109994],
      [0.2899614192, 0.0014534967153, 0.2031109733, 0.011392167385, 0.26658045615, 0.22750148725],
      [0.25264221523, 0.13588707517, 0.29249326884, 0.1574484619, 0.12362285548, 0.037906123383]
    ],
    [
      [0.022650999251, 0.29931079897, 0.17686647361, 0.19120267181, 0.19198180237, 0.11798725398],
      [0.0038052005366, 0.010459138486, 0.0022618802306, 0.032755214085, 0.95010733029, 0.0006112363698],
      [0.0046246542462, 0.0025927681829, 0.0010321920898, 0.71688922742, 0.27364978086, 0.0012113772027],
      [0.20314334526, 0.0014295216086, 0.2218910307, 0.014225820437, 0.39807060733, 0.16123967467],
      [0.1705452756, 0.1286798029, 0.30775122732, 0.18933968517, 0.17775764431, 0.025926364715]
    ],
    [
      [0.031556848801, 0.28396370017, 0.27589112361, 0.14598664248, 0.13449915627, 0.12810252867],
      [0.0069666251923, 0.01494414835, 0, 0.029466640133, 0.94611412583, 0.0025084604966],
      [0.0097836195675, 0.0032589420152, 0.00089327775724, 0.72920248519, 0.25511973429, 0.0017419411837],
      [0.25911266982, 0.0012338536959, 0.31588416794, 0.0099028398222, 0.25424283304, 0.15962363569],
      [0.20938360255, 0.10704330781, 0.42257343639, 0.126945182, 0.10936083739, 0.024693633862]
    ],
    [
      [0.012609951393, 0.26053466034, 0.21874571097, 0.30210942807, 0.10607505576, 0.099925193475],
      [0, 0.014857179209, 0.00060816022079, 0.071312932131, 0.90871521242, 0.0045065160198],
      [0, 0.0016851617171, 0.0027175137119, 0.8905800599, 0.10424665759, 0.0007706070793],
      [0.14755381726, 0.0015833334935, 0.35782603883, 0.028979178053, 0.2847091076, 0.17934852476],
      [0.069449350208, 0.12493314642, 0.39027092049, 0.29646945046, 0.09732050627, 0.021556626146]
    ],
    [
      [0.015931279349, 0.30342650404, 0.30257345099, 0.20747329323, 0.083748485559, 0.086846986832],
      [0.0051976754231, 0.021825818921, 0, 0.061848718821, 0.90810318323, 0.0030246036096],
      [0.0026736953065, 0.0036951934231, 0, 0.87011778978, 0.12327171093, 0.00024161056568],
      [0.1727180918, 0.0016913038594, 0.45700347274, 0.018364490737, 0.20715876342, 0.14306387745],
      [0.11136365272, 0.13508421674, 0.47499342762, 0.18950220086, 0.071519798146, 0.01753670392]
    ],
    [
      [0.00027952158488, 0.38001382276, 0.1383897775, 0.27285731938, 0.10334991125, 0.10510964752],
      [0, 0.022865606129, 0.00040547484553, 0.065680031418, 0.90802036154, 0.003028526068],
      [0, 0.0036308694969, 0.0025822984919, 0.87118043074, 0.12192398722, 0.0006824140592],
      [0.16678757593, 0.0027149927141, 0.261859662, 0.02917499243, 0.32242826758, 0.21703450935],
      [0.10620688279, 0.18635583551, 0.27595762936, 0.29558768099, 0.10951934545, 0.026372625907]
    ],
    [
      [0.047626960076, 0.38617966141, 0.0034763810628, 0.26009751966, 0.17222045137, 0.13039902642],
      [0.0061187393771, 0.015052679593, 0, 0.040348755474, 0.93609062374, 0.0023892018145],
      [0.0061150965696, 0.0027087748509, 0, 0.79814089051, 0.19196737059, 0.0010678674799],
      [0.31831228303, 0.0019054301195, 0.12196831234, 0.020216787633, 0.35643333198, 0.1811638549],
      [0.25074173636, 0.16100677664, 0.15865857042, 0.25274300755, 0.14948701912, 0.027362889904]
    ],
    [
      [0.016535520874, 0.34998302506, 0.25922231679, 0.14406870386, 0.11229746496, 0.11789296845],
      [0.0042416137234, 0.020147840399, 0.00044488005152, 0.032808537598, 0.93883811738, 0.0035190108486],
      [0.0029282773527, 0.0056069866149, 0, 0.76262965945, 0.22698809416, 0.0018469824285],
      [0.16861729425, 0.0018926969918, 0.36977780712, 0.01217063486, 0.26437621599, 0.18316535079],
      [0.12464709377, 0.15032328974, 0.45236547618, 0.1427436726, 0.1040310584, 0.0258894093]
    ],
    [
      [0.0065665501125, 0.32673832784, 0.069562545752, 0.1041589818, 0.08772857258, 0.40524502192],
      [0, 0.020245015647, 0.00022412071364, 0.02906403341, 0.95046683023, 0],
      [0, 0.0045612568376, 0.0010521979049, 0.7591490867, 0.23523745856, 0],
      [0.061905271709, 0.0015112901571, 0.092856270687, 0.0081542553498, 0.1934975852, 0.64207532689],
      [0.083022360579, 0.27782932723, 0.22769692558, 0.18132459127, 0.14221337606, 0.08791341928]
    ],
    [
      [0, 0.30583713815, 0.37472763726, 0.089611991368, 0.081067239258, 0.14875599396],
      [0, 0.019767169202, 0, 0.027019470452, 0.94579027233, 0.0074230880112],
      [0, 0.0046753362248, 0, 0.73643588876, 0.24631250024, 0.01257627477],
      [0, 0.0014443377874, 0.52648864908, 0.007212283373, 0.20535221148, 0.25950251828],
      [0, 0.19882702234, 0.6035922182, 0.082670280937, 0.087731557469, 0.027178921057]
    ],
    [
      [0.036771218465, 0.38556864558, 0.37460603077, 0.067784869033, 0.064634160124, 0.07063507603],
      [0.024994239381, 0.028360271674, 0, 0.014992284528, 0.92889145557, 0.0027617488504],
      [0.012354354266, 0.01269856861, 0, 0.73917177388, 0.23420481776, 0.0015704854893],
      [0.22710771288, 0.0013064011403, 0.57332302887, 0.0047618917927, 0.11511524243, 0.078385722881],
      [0.14587503188, 0.096841531235, 0.65663653345, 0.050043273051, 0.040586884617, 0.010016745768]
    ],
    [
      [0.015434455297, 0.11809941511, 0.7102841104, 0.04946210631, 0.041330421015, 0.065389491867],
      [0.0099659456582, 0.016883178235, 0, 0.029982368936, 0.93414770645, 0.0090208007223],
      [0.017001627382, 0.010007971915, 0, 0.73578776979, 0.2311876153, 0.0060150156128],
      [0.11615252719, 0.00044364739107, 0.73859399613, 0.0029862938675, 0.069435818292, 0.072387717131],
      [0.1381740533, 0.031419815424, 0.7662356844, 0.030998842288, 0.024222578328, 0.0089490262599]
    ],
    [
      [0.042785212332, 0.33883038997, 0.092387329715, 0.19888830466, 0.21120109345, 0.11590766987],
      [0.0058796324332, 0.010278720047, 0, 0.024290483186, 0.95660285199, 0.002948312342],
      [0.008119007226, 0.0026764477035, 0, 0.70548575127, 0.28211761685, 0.0016011769462],
      [0.34905611513, 0.0014105953127, 0.10340766296, 0.013135603428, 0.39129348442, 0.14169653875],
      [0.32365420935, 0.16481883183, 0.067294724367, 0.22827163398, 0.18618654819, 0.029774052278]
    ],
    [
      [0.04699044059, 0.22895177243, 0.11342511981, 0.27949633325, 0.15340002753, 0.17773630638],
      [0.0087857626117, 0.0096467424417, 0, 0.046296658854, 0.93147683273, 0.0037940033637],
      [0.0055578660219, 0.0013955047509, 0, 0.81823366729, 0.17106441669, 0.0037485452418],
      [0.36838209091, 0.00095419783539, 0.12393292547, 0.018111247256, 0.27697664967, 0.21164288886],
      [0.3201141538, 0.088867405895, 0.13483147713, 0.27042031626, 0.15057940023, 0.035187246695]
    ],
    [
      [0.02639646023, 0.36800720082, 0.11970528996, 0.15972738426, 0.087285010491, 0.23887865424],
      [0.0084556423719, 0.026431664718, 0, 0.045414330829, 0.91255100021, 0.0071473618734],
      [0.0085807192027, 0.0029808236658, 0, 0.81841394108, 0.17002451605, 0],
      [0.26111474936, 0.0019237932304, 0.16513255393, 0.013054589401, 0.19881396308, 0.35996035099],
      [0.23680510318, 0.18426201468, 0.23896520379, 0.1846546427, 0.094342438043, 0.060970597608]
    ],
    [
      [0.036419941022, 0.25105168459, 0.14380753601, 0.20404257344, 0.13970493357, 0.22497333137],
      [0.0075428694017, 0.01173436645, 0, 0.037398330086, 0.93832246255, 0.0050019715137],
      [0.0068318166867, 0.0021958449844, 0, 0.78328914089, 0.20577488058, 0.0019083168518],
      [0.29147434645, 0.0010740806401, 0.16098514393, 0.01355574031, 0.2585189694, 0.27439171927],
      [0.27060691974, 0.10673162186, 0.23960829371, 0.20656140887, 0.12770841833, 0.048783337489]
    ],
    [
      [0.01785753771, 0.15813701504, 0.088176098277, 0.10471500075, 0.069356733355, 0.56175761487],
      [0.0071955504654, 0.014313168377, 0.00038730133037, 0.037608834973, 0.94049514485, 0],
      [0.0071858214392, 0.0026945743094, 0.0010136827338, 0.78988821961, 0.19921770191, 0],
      [0.13431563155, 0.00062925456518, 0.092389226379, 0.0065027248822, 0.12007645092, 0.6460867117],
      [0.27244455006, 0.15185543742, 0.27486422096, 0.18310642946, 0.099435093315, 0.018294268785]
    ],
    [
      [0.025584158125, 0.2287291731, 0.10594370245, 0.17639226851, 0.11579762142, 0.34755307639],
      [0.0063280868515, 0.01272945909, 0, 0.039803532506, 0.94113892155, 0],
      [0.0062201512977, 0.0045655337054, 0, 0.79227905977, 0.19693525523, 0],
      [0.21031221734, 0.00099885039301, 0.121512123, 0.011997439539, 0.21949122794, 0.43568814179],
      [0.25451646198, 0.1217262692, 0.20488192235, 0.20960582461, 0.12865077155, 0.080618750304]
    ],
    [
      [0.023873149194, 0.17102310344, 0.40172845876, 0.13278278094, 0.10976412747, 0.1608283802],
      [0.0062339275218, 0.0090483936629, 0, 0.031071172295, 0.94707448756, 0.0065720189554],
      [0.0072191982916, 0, 0, 0.75000774564, 0.23736300549, 0.0054100505818],
      [0.18313103521, 0.0006899593028, 0.42844867759, 0.0083638194423, 0.19283416364, 0.18653234482],
      [0.17952221986, 0.059656234293, 0.52400775461, 0.12472054009, 0.083608875152, 0.028484375996]
    ],
    [
      [0.018860661989, 0.2469136321, 0.13319514476, 0.14432183876, 0.13946467311, 0.31724404928],
      [0.0039339335001, 0.012197134247, 0.0014397800604, 0.030796943367, 0.95163220883, 0],
      [0.0065988176543, 0.0048721727279, 0.0010294400458, 0.72215332831, 0.26461482734, 0.00073141392026],
      [0.15792124705, 0.001095574856, 0.15572113229, 0.010000571849, 0.26951909228, 0.40574238167],
      [0.17329502245, 0.1289983762, 0.28256503292, 0.17397253288, 0.15714585984, 0.084023175707]
    ],
    [
      [0.018816213096, 0.21254688512, 0.36697577005, 0.076214555373, 0.12796264155, 0.19748393481],
      [0.0043170520263, 0.011893256615, 0, 0.029396884715, 0.94557700238, 0.0088158042655],
      [0.0093586478102, 0.0068206230477, 0, 0.598364307, 0.38130350834, 0.0041529137967],
      [0.14418033927, 0.00086327802601, 0.39308346465, 0.0048435812896, 0.22652542822, 0.23050390853],
      [0.13782389643, 0.081950840893, 0.56733057555, 0.067820478622, 0.10645181749, 0.038622391013]
    ],
    [
      [0.014696912162, 0.26614575694, 0.44862966854, 0.088510202402, 0.086236404022, 0.095781055931],
      [0.0049478759843, 0.02018626903, 0, 0.026421266733, 0.94333726467, 0.005107323585],
      [0.0064688015538, 0.0049754365646, 0, 0.71789733239, 0.26725988089, 0.0033985485963],
      [0.13002784386, 0.001257512442, 0.55638412228, 0.0065093761227, 0.17660206816, 0.12921907714],
      [0.10136191631, 0.16022141443, 0.57666895556, 0.077332214722, 0.066795743051, 0.01761975593]
    ],
    [
      [0.019270715997, 0.2987189542, 0.27076882019, 0.20557596186, 0.15947187018, 0.046193677574],
      [0.0034959361112, 0.013559157622, 0.00052832150285, 0.027905470141, 0.95451111462, 0],
      [0.0053030940904, 0.0044676437398, 0.00070657634667, 0.73322931779, 0.25629336804, 0],
      [0.18002490111, 0.0014413596129, 0.35137678881, 0.013163228479, 0.34074754359, 0.11324617841],
      [0.13490480794, 0.11701712397, 0.43854904701, 0.15714063897, 0.1361013839, 0.016286998213]
    ],
    [
      [0.015366914771, 0.25248084806, 0.16715923611, 0.29349087601, 0.10462764323, 0.16687448182],
      [0.0033689036587, 0.014872248587, 0.00047852733833, 0.069074527421, 0.90685733681, 0.0053484561847],
      [0, 0.0028967077565, 0.0029788863267, 0.88630912394, 0.10553498212, 0.0022802998561],
      [0.1691915277, 0.001460136486, 0.25696342227, 0.026591982077, 0.26458038776, 0.28121254371],
      [0.12349045104, 0.11493207524, 0.31076328463, 0.30920275, 0.10305702048, 0.038554418612]
    ],
    [
      [0.059262576496, 0.38047422266, 0.096716903545, 0.21720361965, 0.18303794085, 0.063304736791],
      [0, 0.01734538007, 0, 0.044059376059, 0.93859524387, 0],
      [0.0058754336992, 0.0098713176216, 0, 0.7854291096, 0.19882413907, 0],
      [0.49104153681, 0.0015451312435, 0.12694724388, 0.014128650414, 0.26749994134, 0.09883749631],
      [0.38849960599, 0.13439855381, 0.16798334796, 0.18031505093, 0.11370472662, 0.015098714686]
    ],
    [
      [0.013391132755, 0.15654019078, 0, 0.21433270908, 0.046060847086, 0.5696751203],
      [0.0070907381851, 0.017280981709, 0, 0.11483836066, 0.86078991945, 0],
      [0.0033101508749, 0.006667406234, 0, 0.933996661, 0.05602578189, 0],
      [0.10814006347, 0.032112262045, 0, 0.011307000376, 0.079174523663, 0.76926615044],
      [0.29869932239, 0.17037189012, 0, 0.33408461811, 0.077839998339, 0.11900417104]
    ],
    [
      [0.030114769394, 0.37026600343, 0.095330874642, 0.2067995332, 0.10740716736, 0.19008165198],
      [0.0076185198572, 0.020085128348, 0, 0.047349486555, 0.91970674338, 0.0052401218568],
      [0.0062898045023, 0.0031183152597, 0, 0.82725739351, 0.16084714694, 0.0024873397885],
      [0.30907179263, 0.0018429326901, 0.13264517608, 0.016841837164, 0.24554800914, 0.2940502523],
      [0.27018839885, 0.18509456008, 0.14315391032, 0.23189324733, 0.11310296728, 0.056566916132]
    ],
    [
      [0.018112841847, 0.41803367337, 0.090280135972, 0.15285663149, 0.13506134901, 0.18565536831],
      [0.0063751725815, 0.014787910698, 0, 0.030815020324, 0.94410388504, 0.0039180113607],
      [0.0056926055901, 0.0047021069291, 0, 0.73229960888, 0.25498431903, 0.002321359571],
      [0.19715399142, 0.0023682958259, 0.16349147761, 0.013090029669, 0.33718469276, 0.28671151271],
      [0.16913520729, 0.21944209413, 0.23241322032, 0.17864568253, 0.15378791332, 0.046575882407]
    ],
    [
      [0.018621732762, 0.31968488888, 0.1402984973, 0.31380355363, 0.10400497967, 0.10358634776],
      [0.0048998969056, 0.018677660308, 0.00040112888815, 0.073548823743, 0.89956186221, 0.0029106279445],
      [0.00308028876, 0.0051367684641, 0.0020442982516, 0.89392370275, 0.095210702226, 0.00060423954417],
      [0.23163688348, 0.0020670512339, 0.24260814143, 0.031947641069, 0.29591372225, 0.19582656055],
      [0.14809140964, 0.14324759089, 0.25721048493, 0.32647178842, 0.10116878818, 0.023809937936]
    ],
    [
      [0.029193069419, 0.2816391058, 0.13995873148, 0.19411380476, 0.15654722325, 0.1985480653],
      [0.0054330741893, 0.011799094942, 0, 0.032006570279, 0.94651487347, 0.0042463871226],
      [0.0061925979872, 0.0025360127188, 0, 0.75841497775, 0.23047223687, 0.002384174675],
      [0.24975890635, 0.0012824028374, 0.16727842909, 0.013761199086, 0.30926716476, 0.25865189788],
      [0.23610838955, 0.12984232547, 0.23941981706, 0.19930849307, 0.15017634783, 0.045144627015]
    ],
    [
      [0.066201339207, 0.047554187716, 0.037687102507, 0.053115859509, 0.023240472131, 0.77220103893],
      [0, 0.011016669204, 0.00041688111589, 0.10210807303, 0.88645837665, 0],
      [0.050633668778, 0.0038659934172, 0.0031589178633, 0.8106205681, 0.12973468148, 0.0019861703585],
      [0.34816389041, 0.00012668061552, 0.026132316918, 0.0021862935861, 0.026639422918, 0.59675139556],
      [0.62401835588, 0.024215325811, 0.078065069095, 0.062440888499, 0.025530848908, 0.18572951181]
    ],
    [
      [0.030935356282, 0.26601269965, 0.16600165128, 0.26301808564, 0.13766533694, 0.13636687021],
      [0.0064487425366, 0.012518027024, 0.00037811994514, 0.048486231888, 0.92911092752, 0.0030579510818],
      [0.0056188980809, 0.0018414910823, 0.00092478238349, 0.82685576779, 0.16374089082, 0.0010181698495],
      [0.28337584525, 0.0013045681327, 0.21295726696, 0.02002171068, 0.29185253018, 0.19048807879],
      [0.2207528215, 0.10877156426, 0.27376619339, 0.24722479471, 0.12100266611, 0.028481960033]
    ],
    [
      [0.015032293729, 0.26429984831, 0.13248368815, 0.2477194534, 0.17170964244, 0.16875507398],
      [0.0015101874096, 0.0097128793616, 0.00023806374887, 0.036821929047, 0.94778491358, 0.003932026848],
      [0, 0.0036087864412, 0.0012174256962, 0.78558938307, 0.20568338046, 0.0039010243361],
      [0.14936799419, 0.0013586523057, 0.18278889889, 0.020113747879, 0.39075334282, 0.25561736392],
      [0.12696558691, 0.12503939368, 0.25810262729, 0.27270743102, 0.17666488606, 0.040520075041]
    ],
    [
      [0.015019205607, 0.48641441497, 0.22716038863, 0.080655661816, 0.047504549611, 0.14324577937],
      [0.0085546572717, 0.048007941088, 0.0014109988782, 0.04069979334, 0.88636703756, 0.01495957186],
      [0.010412440156, 0, 0.0096974947715, 0.79482906797, 0.18119152739, 0.0038694697063],
      [0.18630908196, 0.0032185445841, 0.39468276498, 0.0083128949555, 0.13631395842, 0.2711627551],
      [0.12941688501, 0.23972320363, 0.45286536338, 0.091527811061, 0.050407037386, 0.036059699539]
    ],
    [
      [0.017291225138, 0.49702014571, 0.11051291852, 0.16711670832, 0.080733334116, 0.12732566819],
      [0.005791418555, 0.022062525324, 0, 0.055932325426, 0.902672401, 0.013541329697],
      [0.0074194708887, 0, 0, 0.8389940476, 0.15192294852, 0.0016635329949],
      [0.2446234416, 0.0035019363041, 0.21248256916, 0.018832040309, 0.25443411733, 0.2661258953],
      [0.16581678208, 0.26072170851, 0.24111028271, 0.20544929625, 0.09277354161, 0.034128388843]
    ]
  ],
  "expected_outcome": [
    [
      [0.91731233092, 1.20311445, 0.8616402081, 0.1701330137, 0.068295607767, 0.33912184735, 0.038710567122, 0, 0, 0.71818359295, 1.6750188686, 0.71590975666, 1.8633069436, 2.1799525991, 1.3364089558, 1.4831718936, 0.1891492709, 0.25490046958, 0.019566510941, 6.2867587301, 1.1409509403, 0.045965850787, 0, 0.29416974772, 0.061737821189, 0.85570424663, 3.4772926037, 1.5045982331, 4.3339729817, 0.62501381985, 1.3815445388, 0.59682872984, 0.71670515559, 0.50803775358, 1.543175777, 0.52030933191, 0.38417286927, 1.2445141064, 0.053564531022, 0.21080338576, 0.95998061788, 0.52140851734, 2.5106039701, 0.66201339207, 4.5784327298, 0.3156781683, 2.4931881307, 0.65706655525],
      [7.4519058815, 15.5631874778, 14.2777092612, 1.9957254127, 1.2725228008, 4.6463243128, 1.3204138934, 0.67987760806, 0.53932525901, 7.3778560261, 9.5345274191, 6.5324314004, 12.2341076723, 20.5908095402, 17.6593371393, 13.3462939079, 3.908019905, 4.8548240647, 26.6009675935, 50.9757153062, 24.1488287293, 2.2871682949, 1.8350228289, 3.0845491646, 0.47239766042, 6.7766077993, 16.9424311601, 20.9764104467, 29.8751504663, 5.5347955264, 12.3513753476, 4.275577586, 9.38271802, 5.7387658982, 27.9453044788, 8.0654117635, 6.3120212016, 7.9899586759, 0.62616076312, 2.591862024, 22.1557846885, 8.9511768888, 24.2209630988, 0.47554187716, 39.3698795483, 5.5502968145, 80.7447928843, 18.8867655369],
      [10.034900197, 22.1654111248, 20.249416224, 1.9602349978, 3.4858759895, 2.1568471258, 0.39029676229, 0.3422787915, 0, 5.1093859679, 7.1569313194, 5.6212321567, 8.9475297479, 10.9416317014, 10.4351219431, 12.9668828097, 3.2811856646, 4.8411752158, 9.6872844249, 0.45888230029, 17.8863398586, 0.48693782026, 2.2483658235, 2.9968482462, 2.8411364416, 1.8477465943, 8.3934588659, 6.823201528, 17.1130967851, 3.0861634397, 5.7209599324, 10.0432114689, 5.0614155009, 9.9083457913, 47.1061151968, 7.3107581452, 4.1789809026, 2.0310549744, 0, 0.66731612249, 4.7848472065, 3.9283579245, 12.0364509069, 0.37687102507, 24.5682443887, 2.7821574511, 37.7086245133, 4.1994909038],
      [4.2202153375, 9.2952946826, 9.4470480211, 1.7373332806, 0.59297734329, 5.7750905592, 0.058023966567, 1.4563376384, 1.8671479016, 12.3883049654, 12.7342706146, 5.2857770489, 6.4282604007, 10.3504132996, 11.280957637, 6.8613721965, 4.531641421, 3.3195726917, 19.1000123564, 34.3328725952, 9.9407405663, 0.72911287257, 0.53767194821, 0.54227895226, 0.19784842524, 3.9777660933, 20.6827286608, 9.1044609026, 24.2810662395, 3.6650250262, 9.5251824997, 3.3195695236, 5.4842298729, 2.0577929951, 9.2935712522, 5.5505509701, 7.3372719003, 4.5612760127, 0.8573308363, 1.4475967324, 8.1014014689, 8.7864995016, 16.693787209, 0.53115859509, 38.9266766745, 5.2021085214, 13.3888398615, 6.3504349163],
      [4.0622867095, 9.0184785395, 5.4807942246, 1.475567747, 0.2769187899, 2.6100020298, 0.037109330153, 1.0843158818, 2.5935268394, 5.8935175621, 4.4110881544, 2.0213109396, 7.2427640763, 8.6914509109, 11.32692634, 6.3214603447, 1.5911258363, 1.3399757689, 7.2344937877, 22.7330995807, 7.7485250824, 0.61410000806, 0.48640343555, 0.51707328099, 0.16532168406, 4.2240218691, 11.3516020374, 4.975245598, 16.6248870944, 2.4274856674, 6.2530715566, 2.7441031867, 5.2996575781, 3.4549913219, 9.0548224224, 4.3057404948, 2.6156910807, 3.8437967579, 0.18424338834, 0.75185017153, 7.1582514976, 2.9121394306, 13.4630611991, 0.23240472131, 20.3744698672, 3.6059024912, 7.8857552355, 3.0678666964],
      [1.3133795436, 4.7545137253, 5.6833920609, 0.66100554822, 2.3034094688, 1.472614125, 0.15544548042, 0.43719008016, 0, 4.5127518855, 5.488163624, 3.8233386978, 8.2840311591, 11.2457419487, 6.9612479849, 6.0208188475, 1.4988779021, 1.3895517893, 7.3576753265, 17.2126714876, 8.1346148231, 2.8367151534, 0.89253596377, 0.56508060824, 0.26155796747, 2.3181533974, 13.1524866722, 13.6160832917, 26.7718264331, 19.6615165204, 18.7678661249, 4.020709505, 12.0552738725, 5.33206624, 10.0570108727, 1.2472292945, 4.1718620455, 1.3293994726, 2.2787004812, 1.3305715638, 9.8397345206, 2.9004177372, 17.0751336161, 7.7220103893, 20.1822967915, 3.5438565535, 23.7787993747, 4.8383753914]
    ],
    [
      [2.1547968561, 2.0596005884, 1.9125732245, 0.36658830682, 0.64783906287, 0.66166014795, 0.2019516024, 0, 0, 0.36049667308, 1.3335511997, 1.0771264628, 3.0718579988, 3.4975125438, 2.4277179423, 3.4763459709, 0, 0.45739543723, 0, 2.5209206233, 1.794202605, 0, 0, 0.8997926177, 0.65775241344, 0.95838008661, 3.8218067361, 3.1201320352, 5.9664096967, 1.3527634875, 2.3097517008, 1.159510519, 1.5303001315, 1.3598713883, 3.3546599174, 0.61528475557, 0.41100624636, 0, 0.17726845463, 0.46472971129, 0.898899334, 0.48018989675, 2.5752771657, 0, 6.5583711597, 0.14346780391, 5.4493166821, 0.38223362463],
      [4.1291776639, 5.996587634, 7.1317757376, 0.376473377, 2.6840529903, 2.0148779596, 0.68078675574, 0.024448752963, 0.014051586317, 0.82942126062, 1.7009148643, 2.1935960704, 7.2815149193, 9.3383772706, 6.6729303543, 7.4571300266, 0.72800178125, 1.9206720651, 2.8810663722, 6.2017039923, 8.5225364889, 0.74906557895, 0.61278224526, 1.0209697803, 1.1142897635, 1.6754313677, 4.1963329621, 9.753284281, 9.2818838618, 2.6908756548, 4.646252568, 1.6830012213, 4.7446852219, 3.7463758337, 13.6862904026, 2.3864117415, 1.8144143277, 1.5957749664, 0.43202454272, 1.2251928293, 2.0850954085, 1.8304107101, 5.5927710027, 1.4431836658, 12.7308334836, 0.92272353935, 30.5810584728, 1.4561266714],
      [0, 0, 0, 0.0036026200244, 0.34773561286, 0.15798827512, 0.019027982849, 0.00063106191334, 0, 0.027860005774, 0.061832978421, 0.091619210392, 1.3072181937, 0.19218400122, 1.4430795871, 0, 0.029799850819, 0, 0.051089830537, 0, 0.18818426179, 0.0082924664047, 0, 0, 0, 0, 0, 0, 0, 0.07281265011, 0, 0, 0.56007444348, 0, 0, 0.092984584501, 0.058380335276, 0, 0, 0, 0, 0.039310631039, 0, 0.054611426182, 0.3845479842, 0.022616056143, 0.89880628541, 0],
      [8.6053627642, 14.1128805649, 18.5991652406, 1.1223211228, 5.1105934721, 10.2217650267, 0.35492662464, 0.24193396724, 0.95951376673, 5.5359207892, 9.0412604215, 7.1036009328, 19.6021976302, 18.1591852567, 20.8978265865, 14.7038534264, 3.4943336744, 5.4426872562, 8.2756839587, 16.6236872553, 13.8780114039, 1.0753692362, 0.83760358402, 0.53972224301, 1.9788363498, 3.9593487593, 20.1390466015, 16.757888076, 29.5820790979, 7.0704609749, 14.5282893648, 5.7792380469, 11.9800109696, 9.2600186852, 17.9136188453, 4.9113627447, 8.4270923453, 4.0534625974, 2.8709590164, 2.8883186799, 4.3449178657, 7.2077847268, 15.1711143121, 13.3761575666, 49.3104978299, 3.4980832595, 25.9257683573, 3.6915334781],
      [285.1106627158, 485.8309312127, 395.7132815637, 40.1310145733, 88.0010920029, 166.9437085906, 9.3294728665, 7.7222909979, 13.026434647, 97.0051904466, 115.3967593462, 99.9233190815, 617.8339344599, 543.0869315376, 606.1684767258, 472.1109487883, 44.5270454085, 79.9130801238, 114.4105655539, 385.6693369815, 397.1285236515, 35.1672727185, 29.3194984424, 33.4400924004, 61.6537486256, 155.9262648746, 405.192422237, 336.7313190764, 742.2130678762, 176.8130872327, 343.5157063664, 176.155854687, 370.1849292335, 297.8567557491, 639.5826654442, 167.9939561736, 110.6365950909, 86.3507624361, 21.5197479863, 56.1021113463, 133.11864779, 88.1570624967, 448.6480500234, 116.1260473415, 944.9058132924, 90.0395667905, 564.6158029275, 59.5763784658],
      [0, 0, 1.6432042336, 0, 2.208686859, 0, 0.4138341679, 0.010695220027, 0, 0.24111082472, 0.46568118987, 0.61073824211, 2.9032767981, 2.72580939, 0.38996880394, 1.2517217878, 0.22081928497, 0.26616511765, 0.38159428457, 0.98435114757, 1.488541589, 0, 0.23011572835, 0.099422958615, 0.59537284767, 0.48057491175, 1.6503914632, 2.6373765313, 3.9565594674, 0, 0, 1.2223955257, 0, 2.7769783436, 3.4627653906, 0, 0.65251165454, 0, 0, 0.31964743326, 0.55243960186, 0.28524153856, 2.0127874961, 0, 3.1099362502, 0.37354255056, 9.5292472749, 0.89372776001]
    ],
    [
      [2.6858369148, 2.8622547281, 2.0975293259, 0.15595300448, 1.1239062728, 1.0278714085, 0.56827281118, 0, 0, 1.0456128713, 1.9573802508, 3.2791137135, 6.6118402022, 4.1361826778, 2.8996582124, 4.3047926097, 0, 0.54008645191, 0, 4.3845242404, 1.4085014066, 0, 0, 0.39533933653, 1.649157856, 0.70635362867, 5.1354682043, 4.0758416213, 7.3442029382, 2.1126315031, 3.5952474501, 1.6604156071, 1.7882795843, 2.8637462299, 5.4984813207, 0.98107240673, 0, 0.49941186443, 0.27143237175, 0.55979260071, 0.72865351554, 0.86864143032, 4.2543148172, 6.5317432723, 9.5633645337, 0, 10.8705875233, 1.1500179877],
      [1.620307807, 1.5711739654, 2.7111556471, 0.071917322625, 2.2727763722, 1.2276980349, 0, 0.019922641204, 0.009659645083, 0.025867131307, 0.46773467839, 1.342658863, 1.8425777911, 1.6564955428, 1.6256656507, 1.4339344867, 0.35556912232, 0.74642907147, 2.1095351777, 1.9421915681, 2.6969605618, 0.1824502735, 0.15896143164, 0.40635419551, 0.97077327579, 0.2328509502, 1.2894463899, 1.4158912412, 2.3605333582, 0.79220484695, 2.6388784817, 0, 1.3203588093, 2.0871106526, 4.2291210799, 0.82651409187, 1.1094390708, 0.83906199783, 0.54672731119, 0.27753005811, 0.60186968692, 1.4485687069, 1.7422407378, 0.49871315081, 3.1342178221, 0.51244767465, 0, 0],
      [0, 0, 0, 0.046970849262, 0.44299309658, 0.25932279776, 0.31888128639, 0.18189409456, 0, 0.89373941053, 0.94954787967, 0.66266020475, 0.90707958085, 0.59340874025, 0.64718444031, 0.39304221318, 0.5733953932, 0, 1.5003154238, 0, 0, 0.042087916196, 0, 0, 0, 0, 0, 0, 0, 0.29802272373, 0, 0, 0.27897825241, 0, 0, 0.13071662413, 1.1409134631, 0, 0, 0, 0, 0.57649210695, 0, 0.40750040436, 1.5739796167, 0.17287444886, 10.1241845414, 0],
      [189.5029066298, 408.6282359669, 779.3793063743, 30.9618180865, 249.3518165399, 271.7484765002, 10.4468318434, 11.4664401101, 7.0710864611, 325.1742197385, 308.7929652381, 401.2642779931, 419.5197939049, 361.2971769627, 449.4895455898, 320.8490934815, 187.9123926396, 175.763793535, 506.1558302579, 572.2670184923, 366.8248661942, 30.3659634679, 25.0388202178, 23.6534967641, 71.3714136697, 61.3772603605, 756.0479085794, 388.7466220126, 842.0358264609, 232.227136565, 457.9372965464, 172.5017814971, 195.7035519726, 183.0994779422, 610.2127325355, 135.6474237907, 339.4563944697, 66.7614743164, 76.5877262021, 73.6259080222, 93.7343499369, 252.0864841767, 521.0310897146, 104.5700532849, 1407.3085167747, 111.5536923959, 829.8015469641, 130.0440773774],
      [69.1909486484, 144.9383353396, 173.5326671756, 9.7384794014, 42.437175049, 45.7366312586, 2.49440182, 2.996849828, 3.9192538938, 58.0845463499, 35.0786046072, 51.2356012843, 179.6434488332, 115.2456871528, 171.5784126007, 112.2526830881, 21.9960447511, 24.9008856074, 70.8378365721, 137.6406047161, 109.1812732893, 9.4094983424, 8.3746250083, 7.4945541682, 22.425198684, 24.5442326663, 158.0635210231, 80.7616451249, 221.207996627, 58.5700043612, 113.8285775218, 54.5934912621, 71.710618209, 116.6788735534, 227.1708987571, 47.4142730866, 40.4198981516, 16.9000518214, 4.594114115, 14.3153960778, 32.6379928355, 26.8494180277, 158.3344267286, 16.7357739114, 278.686996169, 29.2070400248, 189.1639545977, 23.5480570206],
      [0, 0, 1.2793414771, 0.024861335709, 1.3713326695, 0, 0.17161223899, 0.33489332616, 0, 0.77601449839, 0.75376734586, 1.2156879413, 1.4752596877, 1.0710489237, 0.75953350609, 0.76645412082, 0.16259809373, 0.048805334266, 0.39648256839, 0.76566098309, 0.8883985481, 0, 0.4275933422, 0.050255535658, 0.58345651444, 0.13930239432, 3.4636558034, 0, 2.0514406157, 0, 0, 1.2443116338, 0.19821317239, 1.2707916218, 2.8887663068, 0, 0.87335484488, 0, 0, 0.22137324118, 0.29713402509, 0.17039555146, 1.6379280017, 0.25621597624, 1.7329250838, 0.55394545573, 4.0397263734, 0.25784761422]
    ],
    [
      [4.9843578616, 9.7262607447, 8.0029626047, 0.39877824144, 0.48269631745, 4.2697599076, 0.34695201089, 0, 0, 2.4154671418, 4.745566903, 4.4319524934, 23.2086678999, 19.4274150865, 12.1886007153, 11.6600701418, 1.0328767208, 2.0726171016, 2.501813639, 18.4621124158, 5.0585188275, 0.12381054342, 0, 0.68132313864, 0.69691516313, 10.1226273389, 24.3132179997, 11.750163721, 33.8110241877, 4.8353627359, 9.0434253458, 3.4794896689, 5.5272436469, 3.171967464, 7.5416149438, 3.7805229232, 2.0302983324, 6.8745815153, 0.10814006347, 3.0907179263, 3.1544638627, 4.1694639026, 21.2295070395, 3.8298027945, 49.5907729192, 1.4936799419, 9.3154540979, 0.4892468832],
      [0.021113281212, 0.066995453335, 0.070705874665, 0.0021819973074, 0.0047154481526, 0.030404025953, 0.0030168652355, 0.043473426578, 0.069681343494, 0.013043004258, 0.014037862482, 0.021120506623, 0.080950143175, 0.097384279924, 0.085771296518, 0.055523416314, 0.011083334455, 0.020295646313, 0.040724890711, 0.11051494693, 0.056780909754, 0.0030225803142, 0.0014443377874, 0.0039192034208, 0.0026618843464, 0.040907264068, 0.062977057135, 0.086570695368, 0.12459335425, 0.022653164347, 0.042950566899, 0.013109226753, 0.03834511996, 0.018992116572, 0.072935721638, 0.030268551871, 0.017521637832, 0.021631837409, 0.032112262045, 0.018429326901, 0.037892733214, 0.03720692221, 0.10900424118, 0.0013934867707, 0.22829942323, 0.013586523057, 0.1609272292, 0.0070038726082],
