{
  "X": [
    [11, 18, 141, 278, 8],
    [1, 3, 10, 97, 1],
    [86, 125, 475, 649, 18],
    [10, 3, 47, 83, 1],
    [4, 6, 38, 168, 0],
    [18, 48, 107, 236, 4],
    [27, 50, 139, 306, 6],
    [12, 29, 135, 238, 9],
    [3, 4, 18, 105, 1],
    [0, 3, 18, 22, 0],
    [10, 17, 53, 239, 5],
    [34, 49, 212, 322, 6],
    [52, 62, 334, 489, 21],
    [58, 45, 305, 721, 15],
    [18, 49, 239, 390, 15],
    [20, 28, 128, 171, 7],
    [58, 90, 296, 668, 13],
    [3, 1, 8, 26, 0],
    [6, 10, 48, 191, 1],
    [21, 15, 45, 238, 3],
    [4, 3, 9, 62, 0],
    [6, 28, 79, 120, 2],
    [11, 12, 33, 185, 2],
    [0, 0, 5, 17, 0],
    [1, 0, 5, 19, 0],
    [6, 27, 35, 287, 6],
    [12, 12, 32, 230, 5],
    [0, 5, 4, 35, 1],
    [1, 0, 14, 19, 1],
    [4, 4, 19, 60, 1],
    [0, 2, 6, 12, 0],
    [2, 9, 35, 125, 1],
    [1, 3, 12, 129, 0],
    [3, 14, 27, 126, 3],
    [4, 13, 44, 85, 3],
    [10, 22, 68, 98, 4],
    [16, 15, 61, 248, 9],
    [3, 3, 14, 121, 1],
    [10, 12, 17, 91, 2],
    [29, 26, 114, 193, 3],
    [8, 21, 96, 78, 4],
    [7, 16, 76, 147, 4],
    [41, 64, 213, 424, 7],
    [3, 4, 21, 61, 0],
    [0, 2, 8, 26, 1],
    [0, 1, 5, 26, 0],
    [1, 7, 10, 26, 0],
    [8, 9, 45, 72, 5],
    [9, 6, 57, 223, 5],
    [1, 2, 6, 44, 0],
    [3, 1, 19, 90, 0],
    [11, 11, 67, 148, 3],
    [5, 9, 34, 89, 1],
    [3, 2, 7, 66, 0],
    [8, 7, 21, 135, 0],
    [1, 11, 26, 123, 2],
    [11, 17, 37, 113, 1],
    [0, 2, 17, 39, 1],
    [4, 1, 3, 17, 0],
    [0, 1, 5, 16, 0],
    [6, 4, 22, 40, 1],
    [4, 4, 68, 113, 3],
    [2, 4, 5, 8, 0],
    [1, 2, 6, 22, 1],
    [0, 2, 6, 13, 0],
    [3, 9, 29, 43, 0],
    [0, 3, 8, 29, 2],
    [13, 6, 58, 105, 2],
    [1, 2, 7, 19, 0],
    [14, 31, 63, 172, 9],
    [0, 2, 3, 35, 0],
    [8, 1, 11, 60, 1],
    [1, 2, 5, 1, 0],
    [23, 23, 99, 306, 2],
    [0, 4, 7, 22, 0],
    [16, 15, 92, 209, 6],
    [18, 71, 218, 232, 9],
    [14, 14, 168, 370, 17],
    [6, 11, 19, 65, 1],
    [24, 45, 132, 271, 12],
    [4, 17, 60, 68, 3],
    [5, 6, 28, 84, 3],
    [4, 2, 2, 31, 1],
    [5, 12, 64, 97, 5],
    [6, 22, 55, 140, 0],
    [6, 11, 75, 122, 6],
    [15, 31, 119, 190, 4],
    [15, 16, 89, 72, 4],
    [1, 4, 41, 14, 1],
    [2, 2, 11, 14, 0],
    [4, 1, 8, 18, 1],
    [8, 28, 107, 163, 1],
    [11, 20, 42, 129, 3],
    [7, 4, 63, 108, 0],
    [3, 6, 13, 96, 3],
    [6, 14, 39, 83, 1],
    [4, 4, 23, 79, 3],
    [13, 8, 66, 271, 2],
    [1, 6, 13, 45, 1],
    [401, 622, 2351, 4951, 143],
    [32, 50, 287, 432, 20],
    [89, 139, 539, 1100, 44],
    [10, 13, 104, 183, 7]
  ],
  "W": [
    [23, 44, 97, 245, 35, 12],
    [5, 1, 8, 89, 8, 1],
    [126, 114, 323, 578, 189, 23],
    [11, 28, 22, 68, 7, 8],
    [6, 15, 21, 152, 13, 9],
    [21, 15, 82, 213, 73, 9],
    [25, 31, 93, 278, 84, 17],
    [24, 28, 88, 217, 55, 11],
    [10, 4, 12, 94, 7, 4],
    [1, 2, 15, 21, 4, 0],
    [21, 17, 29, 219, 33, 5],
    [34, 68, 140, 281, 88, 12],
    [65, 68, 236, 439, 121, 29],
    [64, 65, 204, 686, 98, 27],
    [27, 40, 176, 365, 81, 22],
    [20, 41, 79, 157, 44, 13],
    [85, 79, 204, 578, 147, 32],
    [6, 0, 6, 21, 5, 0],
    [15, 18, 28, 176, 13, 6],
    [19, 10, 29, 223, 34, 7],
    [4, 3, 7, 56, 7, 1],
    [7, 20, 60, 104, 39, 5],
    [20, 12, 17, 164, 24, 6],
    [0, 4, 2, 14, 2, 0],
    [1, 2, 2, 17, 3, 0],
    [20, 16, 22, 254, 43, 6],
    [19, 15, 22, 209, 23, 3],
    [1, 0, 3, 33, 5, 3],
    [1, 3, 11, 15, 2, 3],
    [3, 7, 8, 61, 6, 3],
    [1, 0, 5, 9, 3, 2],
    [7, 12, 19, 112, 17, 5],
    [8, 5, 11, 112, 9, 0],
    [6, 14, 21, 114, 18, 0],
    [10, 22, 25, 74, 16, 2],
    [8, 17, 44, 87, 37, 9],
    [22, 10, 48, 229, 27, 13],
    [7, 4, 15, 110, 5, 1],
    [11, 9, 13, 83, 13, 3],
    [24, 24, 81, 175, 51, 10],
    [12, 16, 73, 66, 32, 8],
    [7, 17, 52, 139, 30, 5],
    [52, 55, 147, 380, 99, 16],
    [7, 3, 10, 57, 10, 2],
    [0, 3, 6, 22, 4, 2],
    [1, 0, 5, 25, 1, 0],
    [2, 2, 6, 24, 7, 3],
    [7, 31, 17, 60, 14, 10],
    [13, 18, 39, 208, 18, 4],
    [2, 2, 4, 41, 2, 2],
    [11, 3, 11, 84, 2, 2],
    [16, 36, 36, 122, 16, 14],
    [11, 21, 17, 73, 10, 6],
    [7, 2, 5, 60, 3, 1],
    [12, 5, 17, 123, 8, 6],
    [7, 12, 9, 110, 21, 4],
    [11, 21, 10, 100, 26, 11],
    [1, 5, 11, 39, 2, 1],
    [3, 4, 1, 16, 1, 0],
    [1, 1, 3, 15, 1, 1],
    [8, 13, 12, 35, 4, 1],
    [14, 18, 44, 101, 10, 5],
    [0, 6, 2, 9, 2, 0],
    [3, 2, 8, 16, 3, 0],
    [2, 0, 7, 9, 3, 0],
    [8, 16, 16, 32, 11, 1],
    [4, 6, 4, 21, 6, 1],
    [16, 29, 34, 87, 11, 7],
    [2, 5, 2, 17, 3, 0],
    [27, 19, 39, 148, 39, 17],
    [0, 1, 1, 33, 4, 1],
    [8, 8, 7, 54, 4, 0],
    [0, 1, 5, 1, 2, 0],
    [29, 19, 72, 270, 57, 6],
    [0, 4, 3, 18, 6, 2],
    [18, 16, 55, 193, 47, 9],
    [27, 43, 160, 221, 82, 15],
    [30, 62, 97, 348, 30, 16],
    [6, 4, 12, 62, 15, 3],
    [25, 29, 85, 252, 79, 14],
    [3, 8, 50, 56, 33, 2],
    [9, 9, 13, 77, 15, 3],
    [4, 0, 1, 30, 4, 1],
    [6, 20, 43, 87, 17, 10],
    [9, 9, 44, 122, 31, 8],
    [11, 13, 54, 111, 21, 10],
    [26, 23, 88, 169, 38, 15],
    [14, 12, 61, 67, 27, 15],
    [2, 6, 27, 14, 4, 8],
    [2, 1, 9, 12, 3, 2],
    [6, 1, 7, 13, 5, 0],
    [11, 40, 60, 150, 38, 8],
    [16, 11, 27, 112, 33, 6],
    [13, 31, 32, 91, 9, 6],
    [5, 8, 3, 94, 8, 3],
    [6, 6, 34, 79, 14, 4],
    [11, 7, 11, 79, 3, 2],
    [24, 22, 31, 249, 25, 9],
    [2, 1, 9, 39, 10, 5],
    [586, 634, 1593, 4452, 976, 227],
    [42, 86, 195, 371, 87, 40],
    [86, 203, 340, 969, 227, 86],
    [9, 71, 49, 165, 14, 9]
  ],
  "method": "mult",
  "cond_prob": [
    [
      [0.30016171984, 0.0083820621926, 0.10553828981, 0.57282102685, 0.013096901311],
      [0.026848329172, 0.0065247892183, 0.72156384536, 0.20440411862, 0.040658917639],
      [0.0020649378888, 0.0042074462851, 0.93257850371, 0.045090623774, 0.016058488343],
      [0.0011215846929, 0.00035249995694, 0.0081151909906, 0.98490693178, 0.0055037925757],
      [0.064889110474, 0.47649688281, 0.22992831201, 0.20255768333, 0.026128011371],
      [0.014062322375, 0.029020513864, 0.5273318805, 0.25548562114, 0.17409966212]
    ],
    [
      [0.15679724547, 0.0064737368403, 0.099408671119, 0.72600543637, 0.011314910204],
      [0.017257528067, 0.0093815718421, 0.58002892153, 0.34401881482, 0.049313163735],
      [0.0017478779206, 0.006395463367, 0.88986926367, 0.077756661714, 0.024230733332],
      [0.00030476604281, 0.00013843694942, 0.0017505214924, 0.99453525895, 0.0032710165698],
      [0.018730440674, 0.35872769524, 0.1587878526, 0.43833539508, 0.0254186164],
      [0.0078055180152, 0.024943586598, 0.37787437988, 0.38357950283, 0.20579701268]
    ],
    [
      [0.45042125882, 0.013827132164, 0.11306515211, 0.41403772609, 0.0086487308195],
      [0.048393209582, 0.016234402921, 0.75704228556, 0.14693687232, 0.031393229618],
      [0.0092306499984, 0.022537182662, 0.94984134865, 0.0061493393908, 0.0122414793],
      [0.006116685212, 0.0055010408954, 0.031296031591, 0.95137026459, 0.005715977716],
      [0.087905606418, 0.58107788106, 0.19111794677, 0.12486025853, 0.015038307222],
      [0.026043125284, 0.048879489452, 0.58442680294, 0.20015672399, 0.14049385833]
    ],
    [
      [0.52855659993, 0.0014744826716, 0.071244540686, 0.39628522637, 0.0024391503447],
      [0.070779661568, 0.0019202490146, 0.70135500718, 0.21509881657, 0.01084626567],
      [0.018972903813, 0.0026878775088, 0.91424455454, 0.059806788427, 0.0042878757118],
      [0.0037185947969, 0.00024454797223, 0.0015021703996, 0.99335442993, 0.0011802569006],
      [0.17490544547, 0.38295371683, 0.23867467587, 0.1956950394, 0.0077711224217],
      [0.038680053564, 0.021696891636, 0.58651491666, 0.29804747369, 0.05506066445]
    ],
    [
      [0.32639011223, 0.0066313479492, 0.075864940974, 0.59111359885, 0],
      [0.036900020022, 0.0029372478574, 0.6809665244, 0.27919620772, 0],
      [0.0039479641558, 0.0048221340632, 0.91398296384, 0.077246937944, 0],
      [0.00093403271727, 0.00021130332724, 0.0038251706837, 0.99502949327, 0],
      [0.082681735025, 0.42280208245, 0.20063679514, 0.29387938739, 0],
      [0.020935138962, 0.031815911283, 0.5496628852, 0.39758606455, 0]
    ],
    [
      [0.45429156804, 0.013233540079, 0.079611335012, 0.44605698895, 0.0068065679202],
      [0.051253713232, 0.018852600289, 0.71425018532, 0.1887859408, 0.02685756036],
      [0.0096610140806, 0.027378465336, 0.93171542729, 0.020584345369, 0.010660747927],
      [0.0047305567713, 0.005928515198, 0.010556863713, 0.97528261695, 0.0035014473719],
      [0.077385150152, 0.59459209068, 0.15218559652, 0.16535561707, 0.010481545581],
      [0.026904851636, 0.05847512664, 0.5395092923, 0.25632670491, 0.11878402451]
    ],
    [
      [0.51295420422, 0.0099648200023, 0.073228970308, 0.39741133835, 0.0064406671275],
      [0.061689670994, 0.015572375815, 0.71528594249, 0.18055700819, 0.026895002505],
      [0.011971397526, 0.021887253803, 0.94008457735, 0.015272508621, 0.010784262703],
      [0.0069571391861, 0.0028096590504, 0.014983388499, 0.97165584489, 0.0035939683702],
      [0.10312216734, 0.54312773806, 0.16836108068, 0.17371211171, 0.011676902214],
      [0.032592845502, 0.048753296068, 0.54469606188, 0.25499786596, 0.11895993058]
    ],
    [
      [0.31319705688, 0.01048870638, 0.16389290178, 0.49588992552, 0.016531409436],
      [0.026812773767, 0.010863690265, 0.76017885908, 0.15293973176, 0.049204945123],
      [0.0017779761982, 0.0062746724508, 0.96214814009, 0.010588263135, 0.019210948124],
      [0.0013236655155, 0.00061932016965, 0.02984915302, 0.96015720089, 0.0080506604025],
      [0.05706910396, 0.49807785924, 0.2296843977, 0.1876171581, 0.027551480987],
      [0.013637720834, 0.03302198259, 0.545692536, 0.20104598661, 0.20660177396]
    ],
    [
      [0.23346277813, 0.0025436408635, 0.094709012835, 0.66344266391, 0.0058419042671],
      [0.028954126597, 0.012485440129, 0.6481600319, 0.28528294413, 0.025117457242],
      [0.0024255941999, 0.0073223798738, 0.92997276578, 0.049209613035, 0.011069647108],
      [0.00068371765021, 0.00025519930554, 0.0030621593687, 0.99416477519, 0.0018341484848],
      [0.056936472903, 0.52374389223, 0.16507128294, 0.24153482004, 0.012713531884],
      [0.01440595312, 0.036639323009, 0.46431364835, 0.37292340494, 0.11171767058]
    ],
    [
      [0, 0.020226225721, 0.20252473807, 0.77724903621, 0],
      [7.5770820376e-49, 0.014320965963, 0.82658723877, 0.15909179526, 0],
      [0, 0.013498517086, 0.9729537362, 0.013547746713, 0],
      [0, 0.00076477526047, 0.034886317408, 0.96434890733, 0],
      [1.0576483452e-18, 0.6831484514, 0.20434551895, 0.11250602965, 0],
      ["NaN", "NaN", "NaN", "NaN", "NaN"]
    ],
    [
      [0.31832641933, 0.0088534635583, 0.16559050193, 0.49428813302, 0.012941482163],
      [0.037196918841, 0.012294229376, 0.69194291362, 0.20510596084, 0.053459977325],
      [0.0069961090482, 0.018115603548, 0.93498954712, 0.016789925789, 0.023108814491],
      [0.0011242744095, 0.00041353278169, 0.0078469365073, 0.98500758587, 0.0056076704309],
      [0.065036860596, 0.47920411626, 0.19947094442, 0.23039260465, 0.025895474078],
      [0.017495583219, 0.035084669466, 0.46877056008, 0.26532455306, 0.21332463417]
    ],
    [
      [0.50067757975, 0.0090234985415, 0.083550512548, 0.40100732582, 0.0057410833375],
      [0.055416440076, 0.012793793658, 0.73454859994, 0.17551898658, 0.02172217974],
      [0.012473603965, 0.015426628601, 0.93029212824, 0.033319942385, 0.0084876968078],
      [0.0058390318003, 0.00046145444105, 0.01525887602, 0.97502943763, 0.0034112001113],
      [0.10741200594, 0.51175430302, 0.20068877052, 0.16907037799, 0.011074542528],
      [0.030776279165, 0.041620642734, 0.58506032132, 0.24201688867, 0.10052586811]
    ],
    [
      [0.46747709364, 0.0081289177636, 0.098468540134, 0.41281128604, 0.013114162422],
      [0.049057463395, 0.010556299997, 0.73763924052, 0.15612275234, 0.046624243746],
      [0.013455500241, 0.0093378453512, 0.94188881353, 0.016786053934, 0.018531786948],
      [0.003566574123, 0.00055251173395, 0.027939603305, 0.95966566762, 0.0082756432217],
      [0.10581149164, 0.47417975315, 0.22443126381, 0.16894604154, 0.026631449871],
      [0.025298855779, 0.032129574508, 0.54250509558, 0.2018521176, 0.19821435653]
    ],
    [
      [0.50341905574, 0.0060323602638, 0.12305652329, 0.35918588225, 0.0083061784523],
      [0.06053405667, 0.0090506671328, 0.72943190433, 0.16681605482, 0.034167317051],
      [0.018951997563, 0.0048381916076, 0.95032882272, 0.012060804818, 0.013820183291],
      [0.0049614195543, 0.0004047716383, 0.027288980382, 0.96247008955, 0.0048747388796],
      [0.1399237128, 0.42853898319, 0.22625187466, 0.18445217172, 0.020833257622],
      [0.032007465823, 0.028301881288, 0.55375202346, 0.23621709383, 0.1497215356]
    ],
    [
      [0.35744192349, 0.011802349969, 0.11053020779, 0.50403353609, 0.016191982662],
      [0.030758999727, 0.012935273991, 0.74687829265, 0.16190368318, 0.047523750449],
      [0.005402323764, 0.016816764192, 0.94369919304, 0.015467745397, 0.018613973609],
      [0.001886985592, 0.00072505938048, 0.030414465435, 0.95905743899, 0.0079160506068],
      [0.063373311432, 0.54454905173, 0.21065248829, 0.15535832221, 0.02606682634],
      [0.015723233058, 0.037775237719, 0.54024378516, 0.20693793997, 0.19931980409]
    ],
    [
      [0.52371650364, 0.010589805173, 0.089260954327, 0.36607361098, 0.010359125886],
      [0.055178617038, 0.014528059317, 0.74639157346, 0.14642331888, 0.037478431299],
      [0.011245186137, 0.019647004243, 0.94096145822, 0.013424746816, 0.014721604582],
      [0.0082766280057, 0.0038377712567, 0.034203606599, 0.94665499365, 0.0070270004853],
      [0.10676305301, 0.55647033246, 0.19512810827, 0.12238315643, 0.019255349825],
      [0.029074768806, 0.04255503184, 0.56316678476, 0.20037875548, 0.16482465912]
    ],
    [
      [0.42231103844, 0.011028980013, 0.082247836516, 0.47750013715, 0.0069120078798],
      [0.050289078095, 0.015566674683, 0.6993475352, 0.20663609716, 0.028160614866],
      [0.0096055039905, 0.021591423487, 0.92146689501, 0.035967399983, 0.011368777531],
      [0.0041993381988, 0.0012787334066, 0.0072071850657, 0.98377661599, 0.0035381273408],
      [0.087724681003, 0.5521747729, 0.16786229349, 0.17939133832, 0.012846914292],
      [0.026514255073, 0.047478733836, 0.52936631011, 0.27367113424, 0.12296956674]
    ],
    [
      [0.38095872446, 0.00065834587805, 0.1229439671, 0.49543896256, 0],
      ["NaN", "NaN", "NaN", "NaN", "NaN"],
      [0.0061488442537, 0.0015470780165, 0.97158982046, 0.020714257266, 0],
      [0.00142882899, 5.2704244743e-05, 0.0023778273924, 0.99614063937, 0],
      [0.12946983579, 0.1971321335, 0.27657257987, 0.39682545085, 0],
      ["NaN", "NaN", "NaN", "NaN", "NaN"]
    ],
    [
      [0.29094774812, 0.012191645985, 0.10949923067, 0.5843095089, 0.00305186633],
      [0.029424003887, 0.018462161948, 0.70290121581, 0.23734734375, 0.011865274605],
      [0.0022578138241, 0.026403282535, 0.94945224585, 0.01699169973, 0.0048949580623],
      [0.0009118707914, 0.00067618838833, 0.009432038333, 0.98784639808, 0.001133504411],
      [0.059984258987, 0.64011258648, 0.16969542418, 0.12430212933, 0.0059056010188],
      [0.017108049182, 0.050840283939, 0.54242458511, 0.33507397397, 0.054553107806]
    ],
    [
      [0.57038561481, 0.0052052042785, 0.11078709557, 0.30825551892, 0.0053665664185],
      [0.098079556003, 0.011214661007, 0.63234414255, 0.22615826546, 0.03220337499],
      [0.020341616295, 0.017498870695, 0.92952899087, 0.017768282025, 0.014862240111],
      [0.0074888031815, 0.00035172944837, 0.004950798228, 0.98419666938, 0.0030119997581],
      [0.19358287147, 0.41074444527, 0.15544439565, 0.22532178747, 0.014906500134],
      [0.04859287807, 0.033962921774, 0.4608750809, 0.3184977515, 0.13807136776]
    ],
    [
      [0.53964124234, 0.0045500843091, 0.03881593241, 0.41699274094, 0],
      [0.091191871093, 0.011111991285, 0.56416390826, 0.33353222937, 0],
      [0.019471970826, 0.0075032227275, 0.8141143797, 0.15891042675, 0],
      [0.0020907159551, 0.000211386491, 0.0020615746188, 0.99563632294, 0],
      [0.18072139629, 0.40676580546, 0.1274154574, 0.28509734084, 0],
      [0.049425754053, 0.036742848076, 0.44608750725, 0.46774389062, 0]
    ],
    [
      [0.37924051023, 0.015814419748, 0.092209636111, 0.50612647364, 0.0066089602717],
      [0.032508263824, 0.020806383818, 0.73106159765, 0.19543975298, 0.020184001728],
      [0.0057224925718, 0.029118997343, 0.9090053089, 0.048487850235, 0.0076653509516],
      [0.0024087550135, 0.0057817727984, 0.0016622967658, 0.98727031322, 0.0028768622042],
      [0.051593581167, 0.63635669514, 0.15821129735, 0.14553976437, 0.0082986619723],
      [0.017828282132, 0.061363212698, 0.56997252001, 0.25737704511, 0.093458940056]
    ],
    [
      [0.37585351995, 0.0073973661831, 0.10953516453, 0.50182428738, 0.0053896619622],
      [0.053776883454, 0.012792199828, 0.65624212258, 0.250027712, 0.027161082138],
      [0.010591840321, 0.019761463367, 0.93809561099, 0.019248168461, 0.012302916856],
      [0.0014885044248, 0.00034519458057, 0.0034263121683, 0.99252970846, 0.0022102803662],
      [0.093908312033, 0.46138697159, 0.14931186924, 0.28312813247, 0.012264714665],
      [0.026605249945, 0.038783695278, 0.4735609657, 0.34433591299, 0.11671417609]
    ],
    [
      ["NaN", "NaN", "Inf", "NaN", "NaN"],
      [0, 0, 0.575858772, 0.424141228, 0],
      [5.8980598183e-17, 0, 0.92889799403, 0.071102005967, 0],
      [0, 0, 0.0017011909373, 0.99829880906, 0],
      [0, 0, 0.4074761254, 0.5925238746, 0],
      ["NaN", "NaN", "NaN", "NaN", "NaN"]
    ],
    [
      [0.49338048363, 0, 0.24025391879, 0.26636559758, 0],
      [0.040301956567, 0, 0.76718640761, 0.19251163582, 0],
      [0.0057766750217, 0, 0.98041097679, 0.013812348192, 0],
      [0.0010613366599, 0, 0.0050352903104, 0.99390337303, 0],
      [0.13213984332, 0, 0.39298379238, 0.4748763643, 0],
      ["NaN", "NaN", "NaN", "NaN", "NaN"]
    ],
    [
      [0.20598171291, 0.013614843368, 0.074320653644, 0.69036536288, 0.0157174272],
      [0.026453568979, 0.020894323835, 0.55649473398, 0.32492924136, 0.071228131838],
      [0.005770934208, 0.035825242627, 0.89902952738, 0.023951198824, 0.035423096957],
      [0.00056008716624, 0.00047671410655, 0.0021181558064, 0.99209721137, 0.0047478315541],
      [0.026083466041, 0.58537498325, 0.052916655467, 0.31105226691, 0.024572628341],
      [0.011049484255, 0.052171491806, 0.33626563683, 0.34982655708, 0.25068683003]
    ],
    [
      [0.40443364513, 0.0074026054698, 0.04888448522, 0.52561556174, 0.013663702446],
      [0.062742197512, 0.013926225244, 0.54924337463, 0.29963199767, 0.07445620494],
      [0.013905628874, 0.023398965297, 0.90017627343, 0.025531254526, 0.036987877875],
      [0.0015306825976, 0.00031051730458, 0.0023716110216, 0.98989737192, 0.0058898171598],
      [0.11601315654, 0.47668194752, 0.065403575218, 0.30907369131, 0.032827629421],
      [0.026829560489, 0.035698990444, 0.34290573747, 0.31996371057, 0.27460200103]
    ],
    [
      [0, 0.12568798135, 0.10436572545, 0.75295569001, 0.01699060319],
      ["NaN", "NaN", "NaN", "NaN", "NaN"],
      [0, 0.026459642126, 0.92479234122, 0.019982236412, 0.028765780241],
      [0, 0.0052016526599, 0.0019277578479, 0.99025832154, 0.0026122679505],
      [1.3305041537e-17, 0.87446816807, 0.027023821085, 0.0840159872, 0.014492023649],
      [6.5633078647e-33, 0.083645904722, 0.30750737883, 0.36283101796, 0.24601569849]
    ],
    [
      [0.52155675064, 0, 0.033349783679, 0.43417493025, 0.010918535431],
      [0.01618272579, 0, 0.63911263046, 0.30624060558, 0.038464038171],
      [0.0015717994139, 0, 0.88049051308, 0.10435674378, 0.013580943725],
      [0.0014726546304, 0, 0, 0.99518728262, 0.003340062753],
      [0.16807028708, 0, 0.40942135766, 0.37681382382, 0.045694531434],
      [0.018124961605, 0, 0.51502465525, 0.27258072818, 0.19426965497]
    ],
    [
      [0.61420247605, 0.0077169228329, 0.20645737914, 0.16580555411, 0.0058176678613],
      [0.072344103583, 0.012820231009, 0.81056147121, 0.07713194431, 0.027142249889],
      [0.01320883529, 0.017685166192, 0.94895317407, 0.0093081843465, 0.0108446401],
      [0.0094564668186, 0.0028545062381, 0.037058539117, 0.94681718684, 0.0038133009833],
      [0.14260780126, 0.57528152431, 0.18765665433, 0.080742075299, 0.013711944811],
      [0.037607293651, 0.039937419512, 0.57618711982, 0.21596446784, 0.13030369918]
    ],
    [
      [1.3919786591e-17, 0.0084626870825, 0.069168357883, 0.92236895503, 0],
      ["NaN", "NaN", "NaN", "NaN", "NaN"],
      [0, 0.0069691199483, 0.86765601887, 0.12537486118, 0],
      [0, 0, 0, 1, 0],
      [1.2827972581e-34, 0.62068653459, 0.14259454647, 0.23671891893, 0],
      [0, 0.047316054697, 0.58238395418, 0.37029999113, 0]
    ],
    [
      [0.18057313509, 0.010563888264, 0.1495795147, 0.65452120455, 0.0047622573934],
      [0.015988309986, 0.011768570388, 0.72874983287, 0.22782242224, 0.015670864511],
      [0.0010482959678, 0.0064169371857, 0.95677352238, 0.029486369577, 0.0062748748911],
      [0.00046269078461, 0.00036803200292, 0.005008745627, 0.99272372052, 0.0014368110659],
      [0.025248816946, 0.49594567302, 0.2173530136, 0.25340824761, 0.0080442488229],
      [0.0086318910439, 0.038122421049, 0.5546535472, 0.32624891434, 0.072343226363]
    ],
    [
      [0.098380208911, 0.0056314272725, 0.056377191973, 0.83961117184, 0],
      [0.012997056981, 0.0091111567463, 0.52059944098, 0.45729234529, 0],
      [0.0012618321489, 0.0056430820727, 0.68436777476, 0.30872731102, 0],
      [0.00019396143274, 0.00010012890689, 0.0011806102132, 0.99852529945, 0],
      [0.012485467745, 0.31512271752, 0.14285682145, 0.52953499328, 0],
      ["NaN", "NaN", "NaN", "NaN", "NaN"]
    ],
    [
      [0.27506619409, 0.016289078886, 0.065513306325, 0.62510712371, 0.018024296988],
      [0.030267499031, 0.023661793762, 0.57538892137, 0.29728376694, 0.073398018895],
      [0.003967923216, 0.059452339593, 0.77908832351, 0.1250037911, 0.032487622578],
      [0.00080543386336, 0.00062768349071, 0.0028858394135, 0.98942204568, 0.0062589975555],
      [0.041706222281, 0.68060807581, 0.10342415422, 0.14823287224, 0.026028675449],
      ["NaN", "NaN", "NaN", "NaN", "NaN"]
    ],
    [
      [0.27733801569, 0.018643032853, 0.11031998053, 0.57791371246, 0.015785258471],
      [0.021060456512, 0.023430531571, 0.71112404064, 0.19519906959, 0.049185901687],
      [0.0013483465059, 0.030582463569, 0.91321698742, 0.035553308295, 0.019298894212],
      [0.0010415351619, 0.0063229423744, 0.014248623644, 0.9713927555, 0.006994143324],
      [0.039307388013, 0.6847721654, 0.14849614353, 0.10596976962, 0.02145453343],
      [0.01179466349, 0.054642002751, 0.49565508455, 0.2295352082, 0.20837304101]
    ],
    [
      [0.53379694336, 0.0097764363531, 0.075653638629, 0.37056339789, 0.010209583767],
      [0.054280820686, 0.01504951104, 0.7365281009, 0.15695198443, 0.037189582944],
      [0.010486128869, 0.020575188662, 0.93632144307, 0.01808768187, 0.014529557526],
      [0.0066335531145, 0.0024640845563, 0.020045157036, 0.96455134998, 0.0063058553151],
      [0.094989310044, 0.54425629357, 0.18899179158, 0.15484029554, 0.016922309269],
      [0.028193026509, 0.045420033557, 0.54878052555, 0.2140436329, 0.16356278148]
    ],
    [
      [0.45704169655, 0.0075437120966, 0.060050430823, 0.459988259, 0.01537590153],
      [0.061861267958, 0.012743793364, 0.61425669979, 0.23827984346, 0.072858395424],
      [0.022711770863, 0.013099972493, 0.9010088693, 0.030597612902, 0.032581774442],
      [0.0029764357588, 0.00038903420683, 0.0042322831676, 0.9843506496, 0.0080515972703],
      [0.11842807608, 0.50218934483, 0.15590287117, 0.18700327064, 0.036476437281],
      [0.027472550149, 0.033046198221, 0.39302518696, 0.27410672179, 0.27234934288]
    ],
    [
      [0.31768310795, 0.0021236993381, 0.045550426407, 0.62743222953, 0.0072105367746],
      [0.045353628993, 0.014194928582, 0.5007150299, 0.40133535666, 0.038401055863],
      [0.0044304095508, 0.0086444401866, 0.70733949096, 0.26045860438, 0.01912705493],
      [0.0008394878304, 0.00019604505864, 0.0014153184033, 0.99521565823, 0.0023334904768],
      [0.082962723364, 0.5477395634, 0.11501856279, 0.23614891848, 0.018130231967],
      [0.021190306926, 0.038425014045, 0.33741669293, 0.44128690321, 0.1616810829]
    ],
    [
      [0.5571542148, 0.014438385123, 0.040471576628, 0.38023409008, 0.0077017333722],
      [0.10256562272, 0.030997665818, 0.52135960561, 0.29407542983, 0.051001676018],
      [0.080425923138, 0.084287352985, 0.74490700009, 0.065964525513, 0.024415198275],
      [0.0032544704232, 0.0076301234565, 0.0028829550672, 0.98227920654, 0.0039532445108],
      [0.1150502507, 0.73791273904, 0.070498921363, 0.061781562376, 0.014756526523],
      [0.045633909258, 0.080099109356, 0.34100465238, 0.32695761835, 0.20630471066]
    ],
    [
      [0.60757348904, 0.0065390935315, 0.064643421579, 0.31722853701, 0.0040154588387],
      [0.081231231952, 0.011606411001, 0.72162748621, 0.16693661332, 0.018598257509],
      [0.020160940956, 0.013146982857, 0.93711309654, 0.022194156727, 0.0073848229225],
      [0.013150207664, 0.00057873064092, 0.019337795694, 0.96411245636, 0.0028208096406],
      [0.15840787764, 0.47082945518, 0.19578527649, 0.16553971701, 0.0094376736889],
      [0.045556237798, 0.038602220354, 0.58541740461, 0.24201042667, 0.08841371057]
    ],
    [
      [0.40473010596, 0.014634414093, 0.10443605444, 0.463424438, 0.0127749875],
      [0.031692713533, 0.015124043325, 0.78016286505, 0.13847571843, 0.034544659664],
      [0.0047053347197, 0.020012226767, 0.94720442902, 0.014977348912, 0.013100660578],
      [0.0028501382919, 0.0019340222103, 0.020272584146, 0.96723567426, 0.0077075810967],
      [0.061450010971, 0.58235333347, 0.21831860552, 0.12001742263, 0.017860627404],
      [0.017269549876, 0.044819705836, 0.59925653209, 0.18147959422, 0.15717461798]
    ],
    [
      [0.42684557874, 0.0091483383216, 0.11356441716, 0.4381237718, 0.012317893984],
      [0.039358978642, 0.011225749537, 0.74494740115, 0.16396860986, 0.040499260818],
      [0.0098903416898, 0.008976668449, 0.95316507148, 0.012131787111, 0.015836131272],
      [0.0018362045339, 0.0005947398527, 0.027343306461, 0.96412309571, 0.0061026534425],
      [0.08237521912, 0.50077686764, 0.21436656334, 0.18026083051, 0.022220519396],
      [0.020438308045, 0.034472452333, 0.54892860905, 0.21877581624, 0.17738481434]
    ],
    [
      [0.46555393358, 0.011731916715, 0.084066269452, 0.43279465947, 0.0058532207812],
      [0.054802046954, 0.016489724193, 0.72054896389, 0.18455392625, 0.023605338717],
      [0.010704341432, 0.022961324273, 0.93298804752, 0.023966884546, 0.0093794022233],
      [0.0062192578387, 0.0040255927477, 0.01593542968, 0.97050533493, 0.0033143848021],
      [0.094610228233, 0.57336075853, 0.17002202583, 0.15133568147, 0.010671305945],
      [0.029613381688, 0.050953155861, 0.56009213455, 0.25292624979, 0.10641507811]
    ],
    [
      [0.31703816647, 0.0060292391848, 0.30685452245, 0.37007807189, 0],
      [0.028710522131, 0.0071658346343, 0.86061516817, 0.10350847507, 0],
      [0.0016543502593, 0.0034720892142, 0.9848679693, 0.010005591224, 0],
      [0.0011081871089, 0.00035162783484, 0.031773644639, 0.96676654042, 0],
      [0.058108318178, 0.38279707378, 0.31605550556, 0.24303910248, 0],
      [0.016903959381, 0.026781702623, 0.72492017264, 0.23139416536, 0]
    ],
    [
      ["NaN", "NaN", "NaN", "NaN", "NaN"],
      [0, 0.0097012635657, 0.62327542155, 0.30976764327, 0.057255671614],
      [9.3784711479e-34, 0.0049311688171, 0.78894474254, 0.18347587387, 0.022648214775],
      [0, 6.4535262054e-05, 0.00057155864374, 0.99631941532, 0.0030444907727],
      [0, 0.47141497123, 0.15404456967, 0.34666132067, 0.02787913843],
      [0, 0.027114767862, 0.38387635564, 0.3320847036, 0.25692417289]
    ],
    [
      [0, 0.017753149234, 0.11656996895, 0.86567688181, 0],
      ["NaN", "NaN", "NaN", "NaN", "NaN"],
      [2.3111159333e-34, 0.014897411312, 0.94457667185, 0.040525916838, 0],
      [0, 0.00026143228485, 0.0034848008186, 0.9962537669, 0],
      [2.0816681712e-17, 0.90122398708, 0.073426651332, 0.025349361583, 0],
      ["NaN", "NaN", "NaN", "NaN", "NaN"]
    ],
    [
      [0.33917394354, 0.026759299184, 0.11139262528, 0.52267413199, 0],
      [0.026504976952, 0.032713053966, 0.73891914787, 0.20186282121, 0],
      [0.0041730931835, 0.045499166456, 0.93892309939, 0.011404640968, 0],
      [0.00096253462328, 0.024960747246, 0.009263236825, 0.96481348131, 0],
      [0.025206482711, 0.81262970739, 0.099281543309, 0.062882266593, 0],
      [0.014685796658, 0.10686480312, 0.58284979013, 0.2955996101, 0]
    ],
    [
      [0.52685960466, 0.0090643258422, 0.071498574235, 0.37965402109, 0.012923474167],
      [0.058388361567, 0.01362080093, 0.68798351582, 0.18869952729, 0.051307794395],
      [0.011748731743, 0.018886994466, 0.90524094817, 0.043315726564, 0.020807599052],
      [0.0071749256155, 0.00096511602641, 0.0093337501681, 0.97424725558, 0.0082789526121],
      [0.1133435989, 0.55409939829, 0.17203699744, 0.13406022272, 0.026459782653],
      [0.028490919759, 0.037792744675, 0.48143818968, 0.2424690702, 0.20980907568]
    ],
    [
      [0.39617870963, 0.0042436715365, 0.072555737338, 0.5135321803, 0.013489701199],
      [0.046758954037, 0.0019101564136, 0.66289349848, 0.23179552854, 0.056641862527],
      [0.009104004217, 0.0031726065719, 0.9449947794, 0.01843394626, 0.024294663551],
      [0.0014049661408, 0.00016006189452, 0.0046511380695, 0.98779481866, 0.0059890152393],
      [0.12615115023, 0.31559979839, 0.24925354073, 0.27059979751, 0.038395713142],
      [0.022501444048, 0.018157138321, 0.45397389848, 0.27517990063, 0.23018761852]
    ],
    [
      [0.35561502598, 0.012489726816, 0.067173626589, 0.56472162062, 0],
      [0.041281107382, 0.021765161729, 0.60163429751, 0.33531943337, 0],
      [0.003576690569, 0.040833723633, 0.87457281592, 0.08101676988, 0],
      [0.00079942565366, 0.00038425661189, 0.0022126074625, 0.99660371027, 0],
      [0.057778672138, 0.80768695701, 0.082138081694, 0.052396289156, 0],
      [0.021783587462, 0.068513446635, 0.45454990938, 0.45515305652, 0]
    ],
    [
      [0.23904594551, 0.0013464191281, 0.237911634, 0.52169600136, 0],
      [0.026768953434, 0.0020221772025, 0.78515142584, 0.18605744353, 0],
      [0.0043721809661, 0.0034352129392, 0.97900654914, 0.013186056952, 0],
      [0.00074970762377, 0.00013885244314, 0.017005432828, 0.9821060071, 0],
      [0.074376604859, 0.44206863925, 0.2768296222, 0.2067251337, 0],
      [0.015182549173, 0.022767315969, 0.63816505298, 0.32388508188, 0]
    ],
    [
      [0.41672798965, 0.0093398546893, 0.076146027027, 0.49243616181, 0.0053499668175],
      [0.051797902807, 0.010652679418, 0.6494305363, 0.26649460739, 0.021624274087],
      [0.0092444293125, 0.018942124076, 0.89185072587, 0.071243151186, 0.0087195695591],
      [0.0018974662246, 0.00042236566735, 0.0025949687262, 0.99295777512, 0.0021274242611],
      [0.09649427364, 0.5714373606, 0.17067541522, 0.14979646331, 0.011596487219],
      [0.025673496543, 0.042187358434, 0.51772466439, 0.31606215175, 0.098352328879]
    ],
    [
      [0.32103415546, 0.015616193293, 0.08138104654, 0.57828725262, 0.0036813520916],
      [0.029039825669, 0.036415291262, 0.63505265959, 0.2850434549, 0.014448768571],
      [0.0061331157364, 0.029396749013, 0.88949021516, 0.069170603913, 0.00580931618],
      [0.0012006942516, 0.0006051732736, 0.0034619382042, 0.99353621782, 0.0011959764535],
      [0.055594470786, 0.71371104646, 0.13063394154, 0.093917223433, 0.0061433177732],
      [0.018488265863, 0.06374465174, 0.51471801243, 0.33495187778, 0.068097192185]
    ],
    [
      [0.3520268752, 0.0021234305073, 0.032172992861, 0.61367670143, 0],
      [0.054774285444, 0.015401059951, 0.57853726819, 0.35128738641, 0],
      [0.011624995557, 0.010902752133, 0.94355739375, 0.033914858562, 0],
      [0.0011162200047, 0.00023889886316, 0.0017901371257, 0.99685474401, 0],
      [0.090880425365, 0.6122435474, 0.11623731155, 0.18063871568, 0],
      [0.028523848534, 0.048755531896, 0.44380738265, 0.47891323692, 0]
    ],
    [
      [0.46499301859, 0.01078931005, 0.045709978542, 0.47850769281, 0],
      [0.076431039401, 0.021627338606, 0.57251444601, 0.32942717599, 0],
      [0.038017741773, 0.0342659804, 0.80907707432, 0.1186392035, 0],
      [0.001874897811, 0.0021417571273, 0.0024400987999, 0.99354324626, 0],
      [0.11454292133, 0.68845532752, 0.10713925787, 0.089862493284, 0],
      [0.040778528056, 0.068131862125, 0.4462252581, 0.44486435172, 0]
    ],
    [
      [0.093793180988, 0.012382031068, 0.24039029189, 0.64199526325, 0.011439232799],
      [0.0080119798915, 0.012631800878, 0.74511456594, 0.19737544904, 0.036866204257],
      [0.0014643615733, 0.018590588512, 0.94790283684, 0.016677256003, 0.015364957075],
      [0.00021077999608, 0.00045072738036, 0.0045695063453, 0.99138231446, 0.0033866718137],
      [0.0093002751344, 0.49473086067, 0.2043877206, 0.27489804902, 0.016683094563],
      [0.0039082857089, 0.03887519735, 0.51249495083, 0.29062971104, 0.15409185508]
    ],
    [
      [0.50454317505, 0.011099462001, 0.10704121388, 0.37524537136, 0.0020707777089],
      [0.069127185705, 0.018037733846, 0.72088924682, 0.18184743054, 0.010098403098],
      [0.012616255272, 0.024924306789, 0.94302092353, 0.015274801402, 0.0041637130055],
      [0.0077069195895, 0.0049949919041, 0.011666080933, 0.97466893906, 0.00096306851461],
      [0.10346316206, 0.58093810495, 0.14831597398, 0.16339324243, 0.0038895165865],
      [0.037405222665, 0.058725501843, 0.56643998293, 0.28960351371, 0.047825778853]
    ],
    [
      [0, 0.019207346369, 0.49497313156, 0.46470106256, 0.021118459508],
      [0, 0.015155771211, 0.77261640256, 0.16421720161, 0.048010624619],
      [0, 0.019489038707, 0.95383293618, 0.0088288294247, 0.017849195684],
      [0, 0.0013775022558, 0.035200535318, 0.95675911347, 0.0066628489548],
      [0, 0.79724356812, 0.12157861921, 0.053669638886, 0.027508173777],
      [0, 0.042424647572, 0.5338044418, 0.19615110255, 0.22761980808]
    ],
    [
      [0.82569831631, 0.0059986283507, 0.030588806132, 0.13771424921, 0],
      [0.25383410811, 0.016102015175, 0.4723048566, 0.25775902012, 0],
      [0.019247007834, 0.03590474609, 0.92827497654, 0.016573269541, 0],
      [0.026479810878, 0.00059403844478, 0.0029584400066, 0.96996771067, 0],
      [0.064644636769, 0.87218669304, 0.043404138565, 0.019764531624, 0],
      ["NaN", "NaN", "NaN", "NaN", "NaN"]
    ],
    [
      [0, 0.017870912719, 0.28901378727, 0.69311530001, 0],
      [2.1382117681e-49, 0.011125168802, 0.78654438262, 0.20233044858, 0],
      [1.2839532963e-34, 0.0049878075787, 0.98345281893, 0.011559373489, 0],
      [0, 0.0003750388509, 0.018239485141, 0.98138547601, 0],
      [0, 0.89945741106, 0.076089173757, 0.024453415188, 0],
      [0, 0.050957501925, 0.62440192244, 0.32464057563, 0]
    ],
    [
      [0.52175616973, 0.012961527805, 0.1003566926, 0.35802283095, 0.0069027789205],
      [0.065470539303, 0.020735579574, 0.6931639438, 0.18869524318, 0.031934694144],
      [0.013595546814, 0.02761131526, 0.90997444747, 0.0361719931, 0.012646697352],
      [0.010125499635, 0.0062010163104, 0.013416702268, 0.96557222161, 0.0046845601785],
      [0.10596213286, 0.75512539962, 0.069241256359, 0.055193656686, 0.014477554479],
      [0.033446050776, 0.057872290654, 0.5197722154, 0.23291289079, 0.15599655237]
    ],
    [
      [0.22705266467, 0.0021118898523, 0.14836700341, 0.6096302153, 0.01283822677],
      [0.0068297562124, 0.0016036257103, 0.79085410035, 0.16608429559, 0.034628222137],
      [0.0008438846107, 0.0021622556061, 0.97032646484, 0.013475843554, 0.013191551387],
      [0.00077088666817, 0.00023870511744, 0.027383769308, 0.96626543449, 0.005341204412],
      [0.053594240601, 0.37292663527, 0.32739010772, 0.21739270454, 0.028696311876],
      [0.0094788400963, 0.018610692616, 0.59069238311, 0.22319732391, 0.15802076027]
    ],
    [
      ["NaN", "NaN", "NaN", "NaN", "NaN"],
      [0.23157420758, 0.20668417187, 0.52561079032, 0.036130830225, 0],
      [0.042715669543, 0.15306740623, 0.80421692423, 0, 0],
      [0.02886131093, 0.084650877062, 0.022520117084, 0.86396769492, 0],
      [0.13268580853, 0.84595113137, 0.017610177937, 0.0037528821649, 0],
      ["NaN", "NaN", "NaN", "NaN", "NaN"]
    ],
    [
      [0.26662520126, 0.006215492354, 0.018536495589, 0.68304511347, 0.025577697333],
      [0.027173303963, 0.015693244193, 0.4543609187, 0.38018329301, 0.12258924013],
      [0.0018778434806, 0.0088072181561, 0.60106223442, 0.33482007526, 0.053432628691],
      [0.00053903577173, 0, 0, 0.99236012829, 0.0071008359352],
      [0.040710156034, 0.62650309643, 0.075723600167, 0.21139180628, 0.045671341082],
      ["NaN", "NaN", "NaN", "NaN", "NaN"]
    ],
    [
      [0, 0.0079939690695, 0.046187410587, 0.94581862034, 0],
      ["NaN", "NaN", "NaN", "NaN", "NaN"],
      [0, 0.0079753769431, 0.79361640213, 0.19840822093, 0],
      [0, 0, 0, 1, 0],
      [0, 0.64272814109, 0.11743678798, 0.23983507093, 0],
      ["NaN", "NaN", "NaN", "NaN", "NaN"]
    ],
    [
      [0.27913233251, 0.01922792647, 0.088192810988, 0.61344693003, 0],
      [0.017130903066, 0.036495211326, 0.72672691405, 0.21964697156, 0],
      [0.0028383745079, 0.030717912034, 0.90547342495, 0.060970288509, 0],
      [0.0010072713181, 0.00088239524375, 0, 0.99811033344, 0],
      [0.036441554267, 0.69750127964, 0.14192671544, 0.12413045065, 0],
      [0.014343119626, 0.070015890673, 0.61805821826, 0.29758277144, 0]
    ],
    [
      [3.081487911e-33, 0.0093517130115, 0.086012858349, 0.86464779851, 0.039987630125],
      [0, 0.00427587907, 0.51318010306, 0.36486975347, 0.1176742644],
      [0, 0.016007613802, 0.8622391921, 0.071388278744, 0.050364915349],
      [0, 5.876173162e-06, 0.0011963645195, 0.98967518323, 0.0091225760772],
      [0, 0.47460373656, 0.13457198619, 0.3376357142, 0.053188563058],
      [0, 0.025161599327, 0.29535560779, 0.25764403712, 0.42183875576]
    ],
    [
      [0.5056815822, 0.0056864512679, 0.073302771323, 0.41069089996, 0.0046382952441],
      [0.063992795739, 0.0089843979883, 0.69022967738, 0.21621423235, 0.020578896543],
      [0.024551952595, 0.0057194444354, 0.90008931244, 0.061422917543, 0.0082163729884],
      [0.003933564311, 0.00034807128413, 0.0015562488479, 0.99161629958, 0.0025458159812],
      [0.14810364658, 0.4732476552, 0.20181345948, 0.16406669634, 0.012768542402],
      [0.035311001818, 0.031143102624, 0.55030238399, 0.28500027757, 0.098243233995]
    ],
    [
      [0.37285278372, 0.010336689761, 0.14231667695, 0.47449384957, 0],
      [0.016841220423, 0.0043299256241, 0.80212962091, 0.17669923304, 0],
      [0.0043759313529, 0.016837044165, 0.96585404113, 0.012932983354, 0],
      [0.00095981250816, 0.00057966004655, 0.016271547027, 0.98218898042, 0],
      [0.048339885034, 0.63804956108, 0.16546471995, 0.14814583394, 0],
      ["NaN", "NaN", "NaN", "NaN", "NaN"]
    ],
    [
      [0.36700776906, 0.018590051949, 0.079703862445, 0.51873608302, 0.015962233527],
      [0.042696631292, 0.023524895731, 0.65809110807, 0.21108475722, 0.064602607692],
      [0.0079765621339, 0.034498228102, 0.91070878242, 0.019577139758, 0.027239287584],
      [0.0019922848874, 0.010875978537, 0.0054717665209, 0.97330946107, 0.0083505089883],
      [0.060212568307, 0.6685049882, 0.12363353797, 0.1238236241, 0.023825281426],
      [0.019136470014, 0.06025443055, 0.42324074826, 0.25535796136, 0.24201038982]
    ],
    [
      ["NaN", "NaN", "NaN", "NaN", "NaN"],
      [0, 0.012483763352, 0.87932801501, 0.10818822164, 0],
      [0, 0.019410255726, 0.96522091157, 0.015368832704, 0],
      [0, 0.00021673706112, 0.0048988468127, 0.99488441613, 0],
      [0, 0.48007954932, 0.12330936568, 0.396611085, 0],
      [0, 0.040635460616, 0.50055166589, 0.45881287349, 0]
    ],
    [
