{
  "X": [
    [7, 80, 95, 9],
    [20, 155, 173, 19],
    [50, 250, 383, 38],
    [42, 251, 427, 40],
    [28, 211, 327, 31],
    [9, 18, 254, 8],
    [3, 10, 42, 6],
    [2, 24, 17, 7],
    [6, 12, 119, 6],
    [3, 6, 69, 4],
    [1, 11, 118, 9],
    [46, 51, 245, 20],
    [4, 15, 57, 10],
    [0, 4, 75, 5],
    [3, 11, 79, 3],
    [2, 11, 193, 9],
    [5, 20, 190, 18],
    [2, 6, 20, 6],
    [0, 7, 42, 3],
    [1, 6, 83, 5],
    [12, 88, 338, 17],
    [1, 14, 130, 5],
    [1, 4, 64, 1],
    [11, 18, 75, 5],
    [2, 3, 86, 2],
    [19, 241, 714, 72],
    [24, 202, 398, 64],
    [27, 311, 655, 76],
    [16, 259, 749, 81],
    [14, 138, 233, 30],
    [17, 22, 245, 13],
    [2, 6, 130, 9],
    [6, 10, 83, 7],
    [2, 35, 122, 10],
    [1, 14, 153, 14],
    [4, 8, 85, 1],
    [2, 3, 90, 4],
    [24, 253, 150, 41],
    [1, 2, 85, 5],
    [10, 76, 140, 15],
    [6, 106, 285, 34],
    [1, 9, 27, 3],
    [7, 27, 278, 8],
    [1, 3, 79, 3],
    [20, 78, 230, 27],
    [7, 33, 80, 34],
    [1, 9, 75, 4],
    [3, 12, 111, 4],
    [22, 314, 391, 66],
    [33, 299, 334, 42],
    [25, 264, 329, 47],
    [6, 6, 76, 1],
    [0, 5, 12, 1],
    [3, 10, 14, 3],
    [6, 33, 232, 19],
    [6, 97, 122, 16],
    [11, 55, 69, 14],
    [5, 3, 71, 3],
    [3, 10, 107, 13],
    [4, 12, 73, 19],
    [1, 3, 119, 4],
    [18, 78, 427, 58],
    [16, 193, 362, 44],
    [21, 115, 284, 33],
    [2, 9, 103, 8],
    [6, 34, 332, 24],
    [33, 205, 490, 152],
    [0, 8, 94, 1],
    [8, 78, 110, 7],
    [5, 21, 46, 4],
    [5, 51, 77, 21],
    [20, 128, 384, 83],
    [27, 220, 823, 98],
    [1, 8, 67, 1],
    [4, 16, 115, 17],
    [6, 22, 205, 12],
    [8, 66, 232, 77],
    [1, 2, 67, 1],
    [10, 79, 152, 23],
    [0, 24, 100, 8],
    [5, 23, 239, 13],
    [2, 14, 59, 4],
    [1, 4, 138, 16],
    [0, 15, 111, 12],
    [7, 7, 108, 6],
    [6, 13, 74, 2],
    [5, 24, 108, 9],
    [6, 8, 84, 7],
    [2, 25, 84, 9],
    [0, 6, 71, 5],
    [9, 113, 407, 40],
    [38, 200, 707, 62],
    [12, 94, 267, 18],
    [11, 105, 211, 28],
    [43, 270, 874, 106],
    [7, 64, 125, 35],
    [48, 352, 947, 166],
    [5, 40, 89, 17]
  ],
  "W": [
    [84, 73, 10, 8, 16],
    [190, 132, 16, 9, 20],
    [323, 292, 44, 16, 46],
    [329, 354, 25, 18, 34],
    [253, 261, 28, 18, 37],
    [25, 234, 11, 7, 12],
    [9, 44, 3, 0, 5],
    [25, 12, 4, 3, 6],
    [20, 106, 7, 2, 8],
    [6, 66, 4, 2, 4],
    [13, 110, 7, 5, 4],
    [74, 221, 27, 21, 19],
    [17, 48, 9, 4, 8],
    [5, 74, 0, 3, 2],
    [10, 69, 2, 6, 9],
    [16, 175, 7, 6, 11],
    [32, 174, 8, 8, 11],
    [11, 18, 1, 1, 3],
    [12, 32, 3, 1, 4],
    [10, 75, 7, 2, 1],
    [100, 298, 23, 14, 20],
    [16, 122, 6, 0, 6],
    [3, 60, 3, 1, 3],
    [17, 68, 10, 2, 12],
    [4, 76, 5, 5, 3],
    [297, 592, 46, 62, 49],
    [253, 306, 49, 20, 60],
    [390, 544, 45, 26, 64],
    [312, 635, 29, 54, 75],
    [165, 180, 26, 11, 33],
    [31, 228, 16, 5, 17],
    [11, 114, 5, 7, 10],
    [12, 76, 3, 2, 13],
    [47, 105, 9, 1, 7],
    [19, 144, 1, 14, 4],
    [9, 76, 1, 4, 8],
    [6, 83, 3, 3, 4],
    [292, 115, 31, 2, 28],
    [2, 80, 0, 6, 5],
    [84, 125, 12, 5, 15],
    [140, 247, 15, 9, 20],
    [10, 26, 2, 1, 1],
    [35, 255, 17, 6, 7],
    [4, 71, 4, 2, 5],
    [91, 188, 28, 21, 27],
    [48, 64, 5, 12, 25],
    [11, 76, 1, 0, 1],
    [18, 99, 2, 3, 8],
    [369, 302, 33, 35, 54],
    [344, 264, 31, 19, 50],
    [310, 262, 43, 13, 37],
    [9, 65, 8, 5, 2],
    [7, 10, 1, 0, 0],
    [9, 15, 3, 1, 2],
    [44, 198, 12, 22, 14],
    [101, 104, 10, 3, 23],
    [66, 60, 11, 3, 9],
    [4, 70, 1, 0, 7],
    [24, 100, 4, 0, 5],
    [17, 58, 8, 8, 17],
    [7, 107, 4, 5, 4],
    [110, 374, 32, 34, 31],
    [225, 307, 25, 19, 39],
    [132, 237, 23, 9, 52],
    [15, 90, 7, 4, 6],
    [56, 297, 14, 11, 18],
    [269, 439, 46, 46, 80],
    [7, 92, 0, 1, 3],
    [95, 90, 3, 3, 12],
    [28, 31, 8, 2, 7],
    [59, 64, 7, 1, 23],
    [155, 352, 24, 58, 26],
    [272, 700, 50, 50, 96],
    [6, 66, 1, 0, 4],
    [29, 110, 3, 4, 6],
    [34, 181, 10, 3, 17],
    [86, 223, 20, 12, 42],
    [5, 52, 2, 4, 8],
    [94, 126, 16, 8, 20],
    [27, 89, 6, 4, 6],
    [34, 216, 9, 8, 13],
    [13, 56, 3, 1, 6],
    [10, 129, 2, 11, 7],
    [20, 101, 3, 3, 11],
    [12, 100, 9, 1, 6],
    [12, 68, 4, 7, 4],
    [26, 100, 8, 2, 10],
    [12, 82, 1, 3, 7],
    [37, 76, 2, 2, 3],
    [5, 69, 1, 1, 6],
    [138, 347, 20, 22, 42],
    [244, 615, 61, 19, 68],
    [97, 230, 26, 10, 28],
    [125, 185, 15, 4, 26],
    [368, 726, 51, 46, 102],
    [84, 112, 9, 4, 22],
    [453, 818, 62, 54, 126],
    [55, 75, 8, 3, 10]
  ],
  "method": "mvn_cdf",
  "mvncdf_method": "genz",
  "mvncdf_samples": 5000,
  "mvncdf_error": 1e-06,
  "cond_prob": [
    [
      [0.028948595771, 0.89380035837, 0.066716737079, 0.010534308785],
      [0.013450996624, 0.00078115597332, 0.96888279608, 0.016885051325],
      [0.20697570321, 0.17450549067, 0.54827045797, 0.070248348155],
      [0.062529630507, 0.0053932488066, 0.65377717285, 0.27829994784],
      [0.063525070344, 0.19222153838, 0.49715175058, 0.2471016407]
    ],
    [
      [0.054186793043, 0.79402321467, 0.10967444239, 0.042115549903],
      [0.018862382868, 0.00046552383817, 0.9637536849, 0.016918408398],
      [0.28526054334, 0.10242768135, 0.54268271701, 0.0696290583],
      [0.085783728615, 0.0031468564405, 0.6394407139, 0.27162870104],
      [0.093922626613, 0.12034877284, 0.52542398217, 0.26030461839]
    ],
    [
      [0.0649726185, 0.7491899061, 0.13810174009, 0.047735735317],
      [0.023528919354, 0.00036681543701, 0.96046073688, 0.015643528326],
      [0.33924723501, 0.077430024559, 0.52151671418, 0.061806026254],
      [0.10698926279, 0.0024822492407, 0.64005228888, 0.25047619909],
      [0.11966724409, 0.096911155534, 0.53806588557, 0.2453557148]
    ],
    [
      [0.07452397175, 0.73855806816, 0.12597454728, 0.060943412808],
      [0.011694328051, 0.007696397747, 0.96807579721, 0.012533476987],
      [0.31731984559, 0.079373552898, 0.53458452424, 0.068722077273],
      [0.096431637522, 0.0024531579736, 0.63250668396, 0.26860852054],
      [0.10803104556, 0.095922797248, 0.53252377392, 0.26352238327]
    ],
    [
      [0.047053627627, 0.79813822449, 0.10451754454, 0.050290603346],
      [0.01753549976, 0.0052304706964, 0.97092110559, 0.0063129239494],
      [0.25467623501, 0.1087683082, 0.5644396943, 0.072115762489],
      [0.075107518284, 0.003259693208, 0.64800109801, 0.2736316905],
      [0.082048563888, 0.12436997959, 0.53184652614, 0.26173493038]
    ],
    [
      [0.070024664829, 0.65928064008, 0.2018369376, 0.068857757486],
      [0.014362131389, 0.0010610200231, 0.97837344426, 0.0062034043236],
      [0.23051748462, 0.049997808977, 0.6603730167, 0.059111689699],
      [0.063637506172, 0.0014186774038, 0.72064738023, 0.21429643619],
      [0.075624146692, 0.059149889331, 0.64217131305, 0.22305465092]
    ],
    [
      [0.021927529759, 0.90629789433, 0.023698828589, 0.048075747319],
      [0.034295713149, 0.0046462719608, 0.90303829125, 0.058019723643],
      [0.31387706099, 0.21799454561, 0.30702158073, 0.16110681267],
      [0.072541473258, 0.0054940352523, 0.31564182548, 0.60632266601],
      [0.070401934132, 0.19697986958, 0.22639219712, 0.50622599917]
    ],
    [
      [0.027405016021, 0.88526703103, 0.020629661921, 0.066698291026],
      [0.013201391296, 0.00097766966982, 0.94516170109, 0.040659237942],
      [0.1891189406, 0.19823416003, 0.4598200741, 0.15282682528],
      [0.044059555293, 0.0048589880148, 0.43968648465, 0.51139497205],
      [0.044633912606, 0.17484643067, 0.33066304809, 0.44985660863]
    ],
    [
      [0.09462573308, 0.55856872742, 0.25233401309, 0.094471526415],
      [0.01500901687, 0.0027098759765, 0.97028237565, 0.0119987315],
      [0.24885138882, 0.032700102192, 0.655164234, 0.063284274993],
      [0.066263204798, 0.00091943256596, 0.70457460879, 0.22824275385],
      [0.080255427355, 0.038829877206, 0.63851113293, 0.24240356251]
    ],
    [
      [0.032486274289, 0.84629729447, 0.072717741689, 0.048498689557],
      [0.020554152487, 0, 0.95702069382, 0.022425153692],
      [0.25522547922, 0.10894211927, 0.55062932716, 0.085203074349],
      [0.066723762377, 0.0029700638259, 0.60665657795, 0.32364959585],
      [0.07353971212, 0.12012690712, 0.49612432328, 0.31020905747]
    ],
    [
      [0.0096412371908, 0.77004627605, 0.12005966676, 0.10025281999],
      [0, 0.00023030805245, 0.97089384828, 0.028875843665],
      [0.096122907941, 0.090143286455, 0.67815021971, 0.13558358589],
      [0.021062069027, 0.0019833276426, 0.58058697241, 0.39636763092],
      [0.024123303949, 0.080786220541, 0.49772865525, 0.39736182026]
    ],
    [
      [0.11203821815, 0.49016413063, 0.28893686884, 0.10886078238],
      [0, 0.059060282596, 0.92391460968, 0.01702510772],
      [0.76411847298, 0.024504332284, 0.18451912893, 0.026858065814],
      [0.41078537729, 0.0013701986359, 0.39661965086, 0.19122477321],
      [0.44481474544, 0.05184951246, 0.3222375693, 0.1810981728]
    ],
    [
      [0.037540659957, 0.77946113054, 0.087833376546, 0.095164832959],
      [0.018835896841, 0, 0.94659692054, 0.034567182616],
      [0.20644485861, 0.10639295933, 0.53992793414, 0.14723424792],
      [0.046644039678, 0.0024915236694, 0.49076187614, 0.46010256051],
      [0.051638230764, 0.097707256521, 0.40597268761, 0.4446818251]
    ],
    [
      [0, 0.77458504875, 0.10115125717, 0.12426369408],
      [0, 0, 0.96985207589, 0.030147924114],
      [0.067246706733, 0.072930059387, 0.70783600963, 0.15198722425],
      [0, 0.0014472192269, 0.57297256816, 0.42558021261],
      [0, 0.061366549275, 0.50313619704, 0.43549725369]
    ],
    [
      [0.023397303481, 0.88946996223, 0.087132734288, 0],
      [0.01926832741, 0.002179797187, 0.9785518754, 0],
      [0.21377876958, 0.15266577674, 0.58396303174, 0.049592421938],
      [0.064320926111, 0.0046991818104, 0.72581846036, 0.20516143172],
      [0.069225475344, 0.18015196972, 0.56508404763, 0.18553850731]
    ],
    [
      [0.033889279961, 0.62614438486, 0.24207402815, 0.097892307031],
      [0.0012800899349, 0.00093941270495, 0.98419650938, 0.013583987984],
      [0.10605087625, 0.044061302233, 0.76878382741, 0.081103994103],
      [0.025428102463, 0.0010760248668, 0.71970614529, 0.25378972738],
      [0.030802821226, 0.045673395818, 0.65388206774, 0.26964171521]
    ],
    [
      [0.047364849306, 0.58705709479, 0.20866978339, 0.15690827251],
      [0.0089977590214, 0.0022439909615, 0.96326764675, 0.025490603268],
      [0.15176875492, 0.04449241178, 0.67137535757, 0.13236347572],
      [0.033442935641, 0.0010077129302, 0.58078395834, 0.38476539309],
      [0.039729202541, 0.041792503784, 0.51788380636, 0.40059448731]
    ],
    [
      [0.074311460975, 0.49881951021, 0.14538255275, 0.28148647606],
      [0.0403764682, 0.022433139537, 0.93719039226, 0],
      [0.27493296028, 0.034077892131, 0.4449653892, 0.24602375838],
      [0.040308866027, 0.00062233829341, 0.30177542252, 0.65729337316],
      [0.046851891788, 0.024829548545, 0.26154134908, 0.66677721058]
    ],
    [
      [0, 0.52178542198, 0.3573294967, 0.12088508133],
      [0, 0.011333627022, 0.97765732076, 0.011009052223],
      [0, 0.068044951871, 0.87255518278, 0.059399865344],
      [0, 0.011219705222, 0.80211709277, 0.18666320201],
      [0, 0.04013607768, 0.75180728359, 0.20805663873]
    ],
    [
      [0.031186333149, 0.55969036073, 0.26046146565, 0.14866184047],
      [0, 0.001880278418, 0.97496536919, 0.023154352392],
      [0.089350951219, 0.032769377046, 0.76737297666, 0.11050669507],
      [0.019489916381, 0.00073950501138, 0.65318199035, 0.32658858825],
      [0.023700177215, 0.031210861983, 0.59500783694, 0.35008112386]
    ],
    [
      [0.029792291154, 0.81778029573, 0.10709247623, 0.045334936888],
      [0.01073330976, 0.0027237839186, 0.97874999067, 0.0077929156551],
      [0.17608973772, 0.11962304421, 0.63333441611, 0.070952801962],
      [0.049307216331, 0.0033976042675, 0.69097647113, 0.25631870827],
      [0.054093979001, 0.13056931713, 0.56914464962, 0.24619205426]
    ],
    [
      [0.015582955688, 0.79812870119, 0.12708585677, 0.059202486349],
      [0, 0.00055030178362, 0.98389411735, 0.015555580871],
      [0.09746377534, 0.09619476602, 0.72247728435, 0.083864174286],
      [0.024113559848, 0.0023915026733, 0.69937651501, 0.27411842247],
      [0.027648342825, 0.097605894535, 0.59944671157, 0.27529905107]
    ],
    [
      [0.0078375090723, 0.93566962968, 0.043742119479, 0.012750741766],
      [0.0080669263935, 0.0027107953628, 0.98766097169, 0.0015613065584],
      [0.11755966912, 0.16150334008, 0.67175499381, 0.049181996988],
      [0.033263479498, 0.0042567566811, 0.7718987366, 0.19058102723],
      [0.035509800768, 0.18052553742, 0.60731720747, 0.17664745434]
    ],
    [
      [0.098817307272, 0.81921362571, 0.053524824531, 0.028444242487],
      [0.0029981425332, 0.017124701082, 0.96351369662, 0.016363459769],
      [0.57151162524, 0.098493328842, 0.28975841277, 0.040236633152],
      [0.24111480077, 0.004432049179, 0.51500283911, 0.23945031094],
      [0.24324051918, 0.15959094188, 0.38696306727, 0.21020547167]
    ],
    [
      [0.043550706361, 0.67050523751, 0.2257177759, 0.060226280231],
      [0.010192892794, 7.7329018568e-05, 0.98936298268, 0.00036679550674],
      [0.1458309787, 0.036306028213, 0.76584042521, 0.052022567873],
      [0.037028143588, 0.00096527460878, 0.7835229039, 0.1784836779],
      [0.045613903575, 0.041915176819, 0.71957518904, 0.19289573057]
    ],
    [
      [0.025975794261, 0.77386282475, 0.12899023526, 0.071171145735],
      [0.0019720593627, 0.0023337474709, 0.97606373511, 0.019630458055],
      [0.13402905753, 0.10122161977, 0.66684285184, 0.097906470856],
      [0.033717637173, 0.0025749008634, 0.64897721899, 0.31473024297],
      [0.037997955326, 0.10133314662, 0.54997571796, 0.3106931801]
    ],
    [
      [0.034633014052, 0.75711517065, 0.1222874853, 0.085964329999],
      [0.0096112052161, 0, 0.96470543019, 0.025683364592],
      [0.17405903612, 0.096258027911, 0.61504127788, 0.11464165809],
      [0.043112330625, 0.0024155698868, 0.59039498868, 0.3640771108],
      [0.048427987772, 0.094748450995, 0.49860803653, 0.35821552471]
    ],
    [
      [0.031172302017, 0.76794333762, 0.12482672189, 0.076057638482],
      [0.0068928159462, 0.0010523150526, 0.9700436347, 0.022011234297],
      [0.15911761361, 0.099549225811, 0.63790697356, 0.10342618702],
      [0.040175647995, 0.0025437886375, 0.62337229413, 0.33390826924],
      [0.045128919974, 0.099746644923, 0.52656793325, 0.32855650185]
    ],
    [
      [0.023378358453, 0.78785685424, 0.11830005435, 0.070464732955],
      [0.00080056045159, 0.0026411676329, 0.97484142007, 0.021716851841],
      [0.12938959301, 0.11059815477, 0.65601272765, 0.10399952457],
      [0.032291219311, 0.002790762337, 0.63330375079, 0.33161426756],
      [0.036020963143, 0.10871296501, 0.53124412867, 0.32402194318]
    ],
    [
      [0.031746549626, 0.7948954172, 0.10999594134, 0.063362091835],
      [0.010654346237, 0.0005788047352, 0.96993128957, 0.018835559455],
      [0.17778798153, 0.11161837719, 0.61649621327, 0.094097428012],
      [0.046784793816, 0.0029825602556, 0.63103782191, 0.31919482402],
      [0.051724749613, 0.1152480406, 0.52402181728, 0.30900539251]
    ],
    [
      [0.12941290719, 0.63069875914, 0.16183897398, 0.078049359689],
      [0.015296202453, 0.0030340354981, 0.96490545846, 0.016764303587],
      [0.40036463813, 0.045588266664, 0.49162238285, 0.062424712358],
      [0.12549126808, 0.0014809718036, 0.61370175683, 0.25932600329],
      [0.14513971572, 0.05998595574, 0.53235766867, 0.26251665987]
    ],
    [
      [0.045802945987, 0.5075062752, 0.30642117988, 0.14026959893],
      [0.0037678632774, 0, 0.97810772198, 0.018124414741],
      [0.11295347941, 0.027211285114, 0.7687341483, 0.091101087178],
      [0.026023348662, 0.00065041181915, 0.69585168392, 0.2774745556],
      [0.031970034282, 0.027682166447, 0.64104541866, 0.29930238062]
    ],
    [
      [0.099635822933, 0.71971212265, 0.11484064174, 0.065811412679],
      [0.018825528725, 0.0018838747212, 0.95697792343, 0.022312673129],
      [0.41910730663, 0.060510757368, 0.45310633534, 0.067275600665],
      [0.12655028766, 0.0019866608006, 0.58078523103, 0.29067782051],
      [0.14332364973, 0.079598035051, 0.49005389622, 0.287024419]
    ],
    [
      [0.019019250533, 0.71563738263, 0.1703956821, 0.094947684742],
      [0, 0.0020240789208, 0.97788716563, 0.02008875545],
      [0.099081427182, 0.072519954161, 0.72821762228, 0.10018099638],
      [0.023306508312, 0.0017339906838, 0.66635638932, 0.30860311168],
      [0.027293696, 0.071157307373, 0.58470508009, 0.31684391654]
    ],
    [
      [0.021332969444, 0.7181066746, 0.14382903678, 0.11673131918],
      [0.00069975613934, 0, 0.96956826545, 0.029731978412],
      [0.099208095947, 0.073507548241, 0.6829571429, 0.14432721291],
      [0.021166640506, 0.0015866909409, 0.57009582154, 0.40715084702],
      [0.02459190837, 0.065062990318, 0.49627985807, 0.41406524324]
    ],
    [
      [0.070352723324, 0.77349734623, 0.15614993044, 0],
      [0.018774928284, 0.00027456020387, 0.98095051151, 0],
      [0.33346079329, 0.065516435993, 0.56825296049, 0.032769810228],
      [0.10266104236, 0.0021804720839, 0.75189943361, 0.14325905194],
      [0.14947824722, 0.11792737301, 0.68332013201, 0.049274247751]
    ],
    [
      [0.066420859102, 0.47549072817, 0.32719359627, 0.13089481645],
      [0.010405029239, 0, 0.97544876502, 0.014146205743],
      [0.15144245601, 0.019839879804, 0.75297145427, 0.075746209917],
      [0.035618743015, 0.00051027454971, 0.71772562524, 0.24614535719],
      [0.044168455359, 0.021501291981, 0.66562492184, 0.26870533082]
    ],
    [
      [0.038787392115, 0.8365181499, 0.054164204471, 0.070530253513],
      [0.020204514478, 0.00077218935661, 0.94293588555, 0.036087410618],
      [0.26318330343, 0.14719528838, 0.46070566273, 0.12891574546],
      [0.070395828001, 0.0040066871823, 0.47989789602, 0.4456995888],
      [0.073253152676, 0.14560111211, 0.37516979, 0.40597594522]
    ],
    [
      [0.018816356542, 0.81904378889, 0.10668553055, 0.05545432402],
      [0.0076591915092, 0.00084907483949, 0.97262165984, 0.018870073807],
      [0.12734067501, 0.056607311035, 0.72069657999, 0.095355433961],
      [0.029231943584, 0.0013158492122, 0.66811532591, 0.30133688129],
      [0.034848060935, 0.057218267957, 0.59364083918, 0.31429283193]
    ],
    [
      [0.034481494028, 0.8469299346, 0.068690879385, 0.049897691989],
      [0.020655913994, 0.0048544642859, 0.95077491934, 0.023714702383],
      [0.2530895715, 0.15122506883, 0.49993157839, 0.09575378128],
      [0.072216483823, 0.0044262374792, 0.56337922682, 0.35997805188],
      [0.074893865014, 0.16094969631, 0.43780174265, 0.32635469602]
    ],
    [
      [0.024275179576, 0.73146496275, 0.14098140385, 0.10327845382],
      [0, 0.0027475876884, 0.97059539192, 0.02665702039],
      [0.11672649519, 0.086431869898, 0.66804149289, 0.12880014203],
      [0.026670777522, 0.0020024711825, 0.59184295407, 0.37948379723],
      [0.03052702169, 0.080087538331, 0.50891663381, 0.38046880617]
    ],
    [
      [0.014909523742, 0.85429285253, 0.052487059678, 0.078310564048],
      [0.018523636727, 0, 0.94411591411, 0.037360449167],
      [0.15202974826, 0.15850090196, 0.54099599001, 0.14847335977],
      [0.031472164074, 0.003499969074, 0.47302172291, 0.49200614394],
      [0.033758547079, 0.13656970169, 0.37310193353, 0.45656981769]
    ],
    [
      [0.040854026413, 0.71661568407, 0.18002012736, 0.062510162161],
      [0.0087899228701, 0.0010156448433, 0.98322773761, 0.0069666946787],
      [0.1603010247, 0.066539534966, 0.70853488881, 0.064624551523],
      [0.042408312029, 0.0017901188113, 0.73351252347, 0.22228904569],
      [0.049873064501, 0.073935545052, 0.64715060027, 0.22904079018]
    ],
    [
      [0.031046149154, 0.66193604118, 0.22801344341, 0.079004366253],
      [0.0036252175615, 0, 0.98571823358, 0.010656548855],
      [0.10385733756, 0.037584498866, 0.78946075042, 0.069097413156],
      [0.024936766372, 0.00093333225701, 0.75095476938, 0.22317513199],
      [0.03062441471, 0.040010235057, 0.6884398203, 0.24092552993]
    ],
    [
      [0.052081066017, 0.78797846749, 0.098872557202, 0.061067909288],
      [0.017859665203, 0.0008112682632, 0.96045752006, 0.020871546476],
      [0.28017789195, 0.10442678907, 0.52883552153, 0.08655979744],
      [0.080373614636, 0.0030543626754, 0.59408452374, 0.32248749895],
      [0.087784409338, 0.11679071535, 0.48716347861, 0.30826139671]
    ],
    [
      [0.051010487856, 0.6255128131, 0.11035103147, 0.21312566757],
      [0.027653338174, 0.021538181703, 0.9470666428, 0.0037418373208],
      [0.22112429582, 0.065051425826, 0.47276089327, 0.24106338509],
      [0.0414513748, 0.0012647940785, 0.35176633755, 0.60551749357],
      [0.047145798523, 0.050260267363, 0.30023539332, 0.60235854079]
    ],
    [
      [0.017346298706, 0.79928563093, 0.084828536985, 0.098539533376],
      [0.0086181616839, 0, 0.96041909511, 0.030962743211],
      [0.12454884719, 0.11011740812, 0.62552659566, 0.13980714904],
      [0.026420179456, 0.0024148788466, 0.53913373505, 0.43203120664],
      [0.029661579074, 0.097740651609, 0.44950826952, 0.42308949979]
    ],
    [
      [0.054881715293, 0.62666816501, 0.24679985044, 0.071650269261],
      [0.011574833576, 0.0026150233838, 0.98176050238, 0.0040496406617],
      [0.16390888021, 0.040866986392, 0.74016624212, 0.055057891275],
      [0.042203228211, 0.0011004816774, 0.76633667766, 0.19035961245],
      [0.051474144454, 0.047006287126, 0.69799630493, 0.20352326349]
    ],
    [
      [0.024159105123, 0.81940890467, 0.092109353186, 0.064322637019],
      [0.010710200582, 0.00055474669457, 0.96408135813, 0.024653694592],
      [0.17227164411, 0.13129139096, 0.5871788573, 0.10925810763],
      [0.044627226092, 0.003444574883, 0.58939228826, 0.36253591077],
      [0.048220230837, 0.129951938, 0.47876752109, 0.34306031008]
    ],
    [
      [0.042270374855, 0.83511875718, 0.08266391344, 0.039946954526],
      [0.018048503755, 0.00062289084255, 0.96083950257, 0.020489102834],
      [0.26145021668, 0.13233516966, 0.52474326912, 0.081471344539],
      [0.077788431386, 0.0039969932485, 0.60687046906, 0.31134410631],
      [0.082224982906, 0.14752742434, 0.48208809687, 0.28815949589]
    ],
    [
      [0.032499060312, 0.81740309068, 0.088612986816, 0.061484862189],
      [0.012978685677, 0.00056481707525, 0.96213297492, 0.024323522332],
      [0.20178751269, 0.12904532525, 0.56509789412, 0.10406926794],
      [0.053899769466, 0.0034951548118, 0.58569167547, 0.35691340025],
      [0.058035556953, 0.13142361666, 0.47399820083, 0.33654262556]
    ],
    [
      [0.13152533127, 0.60452700628, 0.26394766245, 0],
      [0.016585784723, 0.00013532602851, 0.98327888925, 0],
      [0.36302649557, 0.056650153953, 0.58032335048, 0],
      [0.11248184211, 0.001345972216, 0.74570494706, 0.14046723861],
      [0.13578741824, 0.045264829465, 0.67011584883, 0.14883190346]
    ],
    [
      [0, 0.70726084075, 0.17147816739, 0.12126099186],
      [0, 0, 0.99120376249, 0.0087962375097],
      [0, 0.049174114717, 0.8876152034, 0.063210681884],
      [0.0068955956752, 0.0012608459514, 0.76931793891, 0.22252561947],
      [0.0083859815135, 0.05459954531, 0.68356474395, 0.25344972923]
    ],
    [
      [0.032499879338, 0.92553808041, 0.014395358008, 0.027566682248],
      [0.046251776357, 0.034307785835, 0.84487416108, 0.074566276727],
      [0.5230573202, 0.20808824869, 0.17977403112, 0.08908039999],
      [0.1598000446, 0.00786503883, 0.28666972466, 0.54566519191],
      [0.1423762177, 0.26170535196, 0.18566877185, 0.41024965849]
    ],
    [
      [0.035856632846, 0.70541175471, 0.17291555334, 0.085816059103],
      [0.0067393772987, 0.0006371312983, 0.97484256398, 0.017780927426],
      [0.14385730218, 0.068128000313, 0.6968369253, 0.091177772206],
      [0.035474015065, 0.00170793305, 0.67093729567, 0.29188075621],
      [0.041513963716, 0.070044304639, 0.58930174121, 0.29913999043]
    ],
    [
      [0.019756605092, 0.87834305697, 0.05908426029, 0.042816077653],
      [0.0091306130727, 0.018114026837, 0.95219502189, 0.020560338202],
      [0.17691702185, 0.19363390332, 0.52840971405, 0.10103936079],
      [0.049298711375, 0.0055009641637, 0.5773645408, 0.36783578366],
      [0.049475337982, 0.19350654477, 0.43426159441, 0.32275652284]
    ],
    [
      [0.05327834925, 0.7974872154, 0.065669220316, 0.08356521503],
      [0.032213857062, 0.00066000564091, 0.93043091155, 0.036695225742],
      [0.38165810845, 0.11092413521, 0.392205381, 0.11521237534],
      [0.10783386053, 0.0032782453941, 0.44627433704, 0.44261355703],
      [0.11433963903, 0.12180480238, 0.35409939596, 0.40975616263]
    ],
    [
      [0.24178608771, 0.57718536973, 0.12474363199, 0.056284910574],
      [0.018443834837, 0.0053271693896, 0.95770633257, 0.018522663209],
      [0.66470715988, 0.021378315203, 0.28189863454, 0.032015890383],
      [0.25794064767, 0.0010485960365, 0.53422438916, 0.20678636713],
      [0.29672572153, 0.042425478373, 0.45424050828, 0.20660829182]
    ],
    [
      [0.051996086704, 0.34293298187, 0.27378754462, 0.33128338681],
      [0.011300335382, 0.016195143526, 0.9569732653, 0.015531255788],
      [0.12230453566, 0.018859323952, 0.65525427633, 0.20358186405],
      [0.022178502366, 0.00036201970433, 0.46872336033, 0.5087361176],
      [0.026568447656, 0.014931357351, 0.42215105866, 0.53634913633]
    ],
    [
      [0.043054494347, 0.6265713722, 0.14634348667, 0.18403064678],
      [0.016523150059, 0.0014869106487, 0.95677783916, 0.025212100133],
      [0.17139075325, 0.056627061386, 0.58073515242, 0.19124703295],
      [0.033855856843, 0.0011587622289, 0.45517171047, 0.50981367046],
      [0.039279883058, 0.047044662705, 0.39598771484, 0.5176877394]
    ],
    [
      [0.048284674855, 0.39392213446, 0.42621333577, 0.13157985492],
      [0.00077258120518, 0.0011080289997, 0.98986731884, 0.0082520709518],
      [0.090718549337, 0.014700958722, 0.82929347413, 0.065287017808],
      [0.021574337553, 0.00037208228463, 0.77307223594, 0.20498134422],
      [0.027148800487, 0.015830427369, 0.7295421143, 0.22747865785]
    ],
    [
      [0.04542366971, 0.66524188053, 0.15201706199, 0.13731738777],
      [0.011605173727, 0.0019992143953, 0.95827364932, 0.028121962557],
      [0.18131690472, 0.066299149455, 0.60682300728, 0.14556093855],
      [0.041005377185, 0.0015225960154, 0.53317747654, 0.42429455026],
      [0.047314115577, 0.061365997135, 0.46249702901, 0.42882285828]
    ],
    [
      [0.027312989312, 0.8167502695, 0.092889832076, 0.063046909115],
      [0.0089975834925, 0.0026760882906, 0.96465238223, 0.023673945982],
      [0.17331541699, 0.13060932317, 0.58976460464, 0.10631065519],
      [0.045104764618, 0.0034462934583, 0.5958630905, 0.35558585142],
      [0.048780597947, 0.13022865649, 0.48425622054, 0.33673452502]
    ],
    [
      [0.04553085526, 0.80043030848, 0.095865571691, 0.058173264571],
      [0.017878928461, 0.0010296951606, 0.96181591208, 0.019275464303],
      [0.25826152502, 0.1130685191, 0.54148860083, 0.08718135506],
      [0.073549914874, 0.0032780137648, 0.60214496148, 0.32102710988],
      [0.07982032214, 0.12440545124, 0.49080444043, 0.30496978619]
    ],
    [
      [0.03945388635, 0.55905830999, 0.26147582095, 0.14001198271],
      [0.0039051598009, 0.0017871220523, 0.97271372657, 0.021593991581],
      [0.11075670139, 0.034886358521, 0.75084759538, 0.10350934471],
      [0.024934655353, 0.00081124442217, 0.66353823883, 0.3107158614],
      [0.030281965261, 0.034305813011, 0.60392352865, 0.33148869308]
    ],
    [
      [0.04251000439, 0.56181299026, 0.25935213555, 0.1363248698],
      [0.0034504534654, 0.004327216071, 0.97296622356, 0.0192561069],
      [0.12022096794, 0.038996375134, 0.73840924747, 0.10237340945],
      [0.027846135316, 0.00091937700159, 0.66468642327, 0.30654806441],
      [0.033625224181, 0.038734831858, 0.60311288279, 0.32452706117]
    ],
    [
      [0.037289807817, 0.69137179494, 0.084256567621, 0.18708182962],
      [0.020213340868, 0.020952927933, 0.93436323566, 0.024470495539],
      [0.19759937256, 0.092703488618, 0.44592615021, 0.26377098861],
      [0.037120204916, 0.0017657169767, 0.32470383628, 0.63641024183],
      [0.041228556155, 0.068463354265, 0.27125679345, 0.61905129613]
    ],
    [
      [0, 0.95212903905, 0.037312019531, 0.010558941423],
      [0, 0.004761412687, 0.99294213177, 0.0022964555479],
      [0.069669587432, 0.25325370279, 0.62714967706, 0.049927032713],
      [0, 0.028876121969, 0.76644482684, 0.20467905119],
      [0, 0.2893902125, 0.54056497135, 0.17004481615]
    ],
    [
      [0.051026094415, 0.802093862, 0.12204735074, 0.024832692845],
      [0.014205918989, 0.00042132814542, 0.97251315144, 0.012859601422],
      [0.24022474148, 0.10232956418, 0.59918721405, 0.058258480294],
      [0.070651643276, 0.0031047054001, 0.70040405449, 0.22583959684],
      [0.078446597276, 0.12057173069, 0.58171202034, 0.21926965169]
    ],
    [
      [0.061144392542, 0.71300256086, 0.16933180385, 0.056521242749],
      [0.023793937534, 0.00043393795726, 0.97355436962, 0.0022177548923],
      [0.23562327656, 0.062218949787, 0.64695707668, 0.055200696968],
      [0.065057071571, 0.0018049162875, 0.72593593446, 0.20720207768],
      [0.076463512803, 0.07444496977, 0.63585650739, 0.21323501004]
    ],
    [
      [0.027166791934, 0.80074684585, 0.07532708586, 0.096759276352],
      [0.016295032419, 0.0034210366411, 0.94096446799, 0.039319462945],
      [0.18502463333, 0.13168036702, 0.51067952606, 0.17261547359],
      [0.040989947149, 0.0029992072318, 0.44666604761, 0.50934479801],
      [0.044265861766, 0.11357512927, 0.36141535881, 0.48074365016]
    ],
    [
      [0.032475126499, 0.77579572911, 0.074154649104, 0.11757449528],
      [0.017464547052, 0.0055541836556, 0.93691143822, 0.040069831071],
      [0.20673385879, 0.12359096236, 0.47099974398, 0.19867543488],
      [0.044787686194, 0.0027183185378, 0.39688923764, 0.55560475763],
      [0.048443708472, 0.10279783727, 0.32267821139, 0.52608024287]
    ],
    [
      [0.031182962606, 0.75589827968, 0.12720481716, 0.085713940549],
      [0.0067244346906, 0.00077712958851, 0.9678163333, 0.024682102421],
      [0.15552592297, 0.095530313004, 0.63501379871, 0.11392996531],
      [0.038131527812, 0.0023692427521, 0.6024623152, 0.35703691424],
      [0.043002680714, 0.093298952354, 0.51099011174, 0.35270825519]
    ],
    [
      [0.0043819295781, 0.97058667677, 0.0182544041, 0.0067769895542],
      [0.010950340016, 0.004346802803, 0.98039266165, 0.004310195535],
      [0.11648063401, 0.35483662707, 0.48363483894, 0.045047899979],
      [0.041735142667, 0.011890256865, 0.71998343537, 0.2263911651],
      [0.033626336871, 0.38368858183, 0.42523076695, 0.15745431435]
    ],
    [
      [0.051922751918, 0.49315058731, 0.17756750393, 0.27735915684],
      [0.015176533651, 0.012888623615, 0.94913105027, 0.022803792462],
      [0.16592737611, 0.036616053009, 0.56703177638, 0.2304247945],
      [0.029630749691, 0.00068800597455, 0.40347022635, 0.56621101799],
      [0.034752727611, 0.028047364596, 0.35519177026, 0.58200813753]
    ],
    [
      [0.053722847743, 0.60045033373, 0.24539205886, 0.10043475966],
      [0.0092388229444, 0.0021716843018, 0.97471567265, 0.013873820104],
      [0.15769613566, 0.04195648435, 0.72287853776, 0.077468842228],
      [0.039304015207, 0.0010727023588, 0.70708592139, 0.25253736104],
      [0.047430754209, 0.045225343756, 0.64018177102, 0.26716213101]
    ],
    [
      [0.022367088849, 0.632391503, 0.071665315073, 0.27357609308],
      [0.011518032184, 0.034864291929, 0.93018505217, 0.023432623714],
      [0.12259457752, 0.086153035709, 0.39279638498, 0.39845600179],
      [0.01790029433, 0.0012790025846, 0.22286497354, 0.75795572955],
      [0.020028907135, 0.050028211829, 0.1875049735, 0.74243790753]
    ],
    [
      [0.050614446926, 0.36967986065, 0.50347148642, 0.076234205998],
      [0.0034748048422, 3.5556689137e-05, 0.99648963847, 0],
      [0.083114886456, 0.011668044902, 0.87231910455, 0.032897964092],
      [0.020989082999, 0.00031777236079, 0.87019744799, 0.10849569665],
      [0.039506476083, 0.015643071206, 0.92996917081, 0.014881281902]
    ],
    [
      [0.034193371678, 0.79538797478, 0.09407199968, 0.076346653864],
      [0.015591414868, 0, 0.95684786415, 0.027560720979],
      [0.20451185547, 0.11752953331, 0.56131973425, 0.11663887696],
      [0.051917671501, 0.0030463772638, 0.55827536407, 0.38676058717],
      [0.056688686466, 0.11643434099, 0.45735412431, 0.36952284823]
    ],
    [
      [0, 0.82544600646, 0.10095510104, 0.073598892506],
      [0, 0.00044701661847, 0.97717976275, 0.022373220634],
      [0, 0.12612752274, 0.7646167139, 0.10925576336],
      [0, 0.020660378311, 0.63693544032, 0.34240418137],
      [0, 0.13896111616, 0.52829522379, 0.33274366005]
    ],
    [
      [0.043666433972, 0.63360573666, 0.22502100007, 0.0977068293],
      [0.0066571742615, 0.0016230929161, 0.9769792954, 0.014740437426],
      [0.14048747615, 0.048405562634, 0.72815090476, 0.082956056449],
      [0.03446689206, 0.0012128522153, 0.69899755339, 0.26532270233],
      [0.041328398662, 0.050881846331, 0.62895535553, 0.27883439947]
    ],
    [
      [0.014604771504, 0.91384801449, 0.043277820092, 0.028269393915],
      [0.016686174292, 0.0022708630599, 0.95834223497, 0.022700727673],
      [0.17768639057, 0.21682557257, 0.51876692289, 0.086721113963],
      [0.049787699956, 0.0062332469636, 0.59995847732, 0.34402057576],
      [0.048810889734, 0.22268291927, 0.43566065571, 0.29284553529]
    ],
    [
      [0.039749095849, 0.35689478724, 0.29632618053, 0.30702993638],
      [0.0006602902678, 0.0022612507333, 0.96705161861, 0.030026840389],
      [0.09186302844, 0.017735507967, 0.70143830283, 0.18896316076],
      [0.017143669841, 0.00034858956959, 0.51174544874, 0.47076229185],
      [0.02071788169, 0.014292183112, 0.46500040746, 0.49998952774]
    ],
    [
      [0, 0.6961918434, 0.16065409093, 0.14315406567],
      [0, 0.00023853134269, 0.97207150979, 0.027689958863],
      [0, 0.069257073306, 0.78036818031, 0.15037474638],
      [0, 0.001455216716, 0.58578259122, 0.41276219207],
      [0, 0.076357690568, 0.50084030705, 0.42280200238]
    ],
    [
      [0.12883834078, 0.54083736219, 0.21937390233, 0.1109503947],
      [0.016527130429, 0.00022475607584, 0.96335334292, 0.019894770573],
      [0.33820955508, 0.029753082461, 0.55917301405, 0.072864348414],
      [0.092715250852, 0.00087688339689, 0.62861984664, 0.27778801911],
      [0.11077093687, 0.036470236757, 0.56183365113, 0.29092517524]
    ],
    [
      [0.047124797133, 0.89798283135, 0.054892371518, 0],
      [0.024569055641, 0.0078037884163, 0.96762715594, 0],
      [0.45276879913, 0.15521745188, 0.35883118361, 0.033182565377],
      [0.18047368233, 0.021528139125, 0.62164493063, 0.17635324792],
      [0.17235391949, 0.23049540752, 0.43895142222, 0.15819925077]
    ],
    [
      [0.030817125043, 0.82992916894, 0.07915994908, 0.060093756933],
      [0.017439460466, 0, 0.95740751635, 0.02515302318],
      [0.21632459881, 0.13202464016, 0.54999189939, 0.10165886164],
      [0.056842516558, 0.0035719173986, 0.5785078289, 0.36107773715],
      [0.061052687872, 0.13585006514, 0.46441388355, 0.33868336343]
    ],
    [
      [0.18153784084, 0.59643587924, 0.12810946158, 0.093916818349],
      [0.016125058114, 0.0055401161605, 0.94674241337, 0.031592412357],
      [0.55132157358, 0.033832883223, 0.34898665487, 0.06585888833],
      [0.17676216683, 0.0012489279332, 0.49976669901, 0.32222220623],
      [0.20252615293, 0.050128608138, 0.42593168756, 0.32141355137]
    ],
    [
      [0.030231725561, 0.66446121229, 0.17550645585, 0.1298006063],
      [0.0067109763787, 0.0016304521014, 0.96559899787, 0.026059573646],
      [0.11616926102, 0.060550671995, 0.69210696042, 0.13117310656],
      [0.025148244602, 0.0013544033039, 0.58979650408, 0.38370084802],
      [0.02958564607, 0.055736878351, 0.51897678873, 0.39570068685]
    ],
    [
      [0, 0.91971388612, 0.042136236222, 0.038149877663],
      [0, 0.00070955287816, 0.96977695318, 0.029513493942],
      [0, 0.19801716783, 0.6140419519, 0.18794088027],
      [0, 0.0044598253944, 0.59258347298, 0.40295670163],
      [0, 0.19166573793, 0.4446806041, 0.36365365796]
    ],
    [
      [0.025201376297, 0.77028328933, 0.13036368731, 0.074151647063],
      [0.0020603058828, 0.0015681145776, 0.97537810414, 0.020993475403],
      [0.1292018056, 0.099026636449, 0.67057966085, 0.1011918971],
      [0.031992478039, 0.002482331699, 0.64382715217, 0.32169803809],
      [0.036176507162, 0.098133959243, 0.54709091549, 0.3185986181]
    ],
    [
      [0.043639737833, 0.76629057878, 0.12014965724, 0.069920026142],
      [0.014019434496, 0.00028481575969, 0.96597307325, 0.019722676494],
      [0.21638310532, 0.096003113356, 0.59542103853, 0.092192742789],
      [0.058242788167, 0.0026175772677, 0.62128944767, 0.3178501869],
      [0.06505837285, 0.1021178412, 0.52183618719, 0.31098759876]
    ],
    [
      [0.024204630309, 0.86165557188, 0.076159069231, 0.037980728578],
      [0.012107278947, 0.0056906483028, 0.97275918993, 0.0094428828227],
      [0.18384673065, 0.16172867009, 0.57809391623, 0.076330683027],
      [0.05342839506, 0.0047664273237, 0.65515430586, 0.28665087175],
      [0.055470634095, 0.17349824008, 0.5105704186, 0.26046070723]
    ],
    [
      [0.031857585246, 0.8005853672, 0.092224320636, 0.075332726917],
      [0.013594439334, 0, 0.95710748351, 0.02929807716],
      [0.19469844069, 0.12171655329, 0.56290095624, 0.12068404977],
      [0.048995973531, 0.0031209016619, 0.5532024131, 0.39468071171],
      [0.053321925497, 0.11879219976, 0.45195197984, 0.3759338949]
    ],
    [
      [0.046936706804, 0.69992551019, 0.15717502083, 0.095962762184],
      [0.011366986629, 0.0016217324885, 0.96504160197, 0.021969678918],
      [0.18965360164, 0.071815896328, 0.63524868873, 0.10328181331],
      [0.047700373169, 0.0018286114738, 0.61846470639, 0.33200630896],
      [0.054983419164, 0.073561839452, 0.53619931069, 0.3352554307]
    ],
    [
      [0.03151676945, 0.7099522432, 0.087896712867, 0.17063427448],
      [0.016659833032, 0.017064446456, 0.94061318751, 0.025662533],
      [0.17351475331, 0.096159965228, 0.48271355577, 0.2476117257],
      [0.032456101322, 0.0018440897521, 0.35381546258, 0.61188434635],
      [0.03614694916, 0.071817160101, 0.29583251207, 0.59620337867]
    ],
    [
      [0.03802167566, 0.73629589867, 0.11202887286, 0.11365355282],
      [0.012615845115, 0.0020484381859, 0.95446157396, 0.03087414274],
      [0.19100015029, 0.094058848422, 0.56278444151, 0.15215655978],
      [0.04419212348, 0.0022021850584, 0.50376073721, 0.44984495425],
      [0.049428854252, 0.085966419625, 0.42385426917, 0.44075045696]
    ],
    [
      [0.036642908466, 0.70195891508, 0.1258361384, 0.13556203806],
      [0.014660391918, 0.00088915219021, 0.95615920053, 0.028291255367],
      [0.17031896918, 0.078766548941, 0.58588508908, 0.1650293928],
      [0.036279024787, 0.0017301042181, 0.49189266362, 0.47009820737],
      [0.041372181273, 0.069025055201, 0.42043136453, 0.469171399]
    ]
  ],
  "expected_outcome": [
    [
