{
  "Z_true": {},
  "V_true": [
    [57, 30, 68, 986, 779],
    [75, 1779, 1016, 398, 275],
    [356, 663, 4518, 436, 462],
    [283, 294, 257, 16762, 807],
    [2105, 242, 893, 1183, 446],
    [68, 155, 190, 346, 591]
  ],
  "p_true": [
    [0.0297, 0.0156, 0.0354, 0.5135, 0.4057],
    [0.0212, 0.5021, 0.2868, 0.1123, 0.0776],
    [0.0553, 0.103, 0.7021, 0.0678, 0.0718],
    [0.0154, 0.016, 0.014, 0.9108, 0.0439],
    [0.4323, 0.0497, 0.1834, 0.243, 0.0916],
    [0.0504, 0.1148, 0.1407, 0.2563, 0.4378]
  ],
  "Z_est": [
    [
      [4, 6, 3, 5, 9, 4, 4, 5, 3, 3, 1.3565, 5, 2.9999, 1.9888, 4, 4, 6, 3, 3, 5, 3, 3, 0, 4, 5, 3, 8, 4, 4, 2.6799, 4, 2, 0.9448, 5, 3, 5, 4, 4, 3, 3, 2.9944, 4, 3.7079, 3, 4, 8, 0.5618, 5, 0, 3, 3, 3, 5, 3, 39, 4, 8, 2],
      [3, 2, 1, 2, 4, 1, 1, 2, 1, 2, 0.0049, 3, 0, 0.9967, 2, 2, 2, 1, 1, 3, 5.4531e-08, 4, 0, 1, 4, 2, 9, 1, 1, 0.0202, 5, 7.2805e-06, 0.0623, 2, 1, 2, 3, 2, 1, 1, 0.0023, 2, 0.0937, 1, 8.3449e-08, 4, 0.3242, 3, 0, 2.787e-08, 1.0353e-06, 2, 3, 3, 34, 3, 11, 2],
      [5, 5, 4, 6, 13, 4, 3, 7, 5, 6, 0.6447, 4, 0, 1.0079, 3, 8, 7, 3, 5, 7, 1, 4, 0, 4, 10, 6, 18, 5, 2, 1.15, 5, 1, 0.9578, 4, 2, 6, 4, 4, 3, 2, 1.0006, 4, 0.1794, 7, 2, 10, 0.5744, 3, 0, 1, 2, 3, 8, 4, 85, 5, 16, 2],
      [26, 8, 22, 20, 45, 20, 11, 17, 13, 17, 3.9826, 21, 5, 2.0055, 15, 34, 44, 11, 7, 14, 6, 14, 0, 19, 19, 7, 38, 8, 10, 0.0334, 19, 4, 0.9928, 7, 3, 15, 12, 11, 13, 11, 7.0044, 20, 6.9192, 13, 4, 27, 1.0741, 15, 0, 6, 4, 12, 14, 13, 266, 15, 35, 5],
      [3, 2, 3, 3, 5, 2, 1, 3, 2, 2, 0.0113, 4, 7.7251e-08, 0.0013, 1, 4, 6, 1, 1, 4, 1.0534e-08, 1, 0, 1, 4, 1, 7, 2, 1, 0.1166, 3, 1, 0.0422, 2, 1, 3, 3, 1, 2, 1, 0.9983, 2, 0.0999, 3, 8.1783e-06, 5, 0.4656, 1, 0, 1, 1.7281e-06, 2, 4, 1, 41, 2, 8, 1]
    ],
    [
      [3, 7, 2.3147e-13, 4, 8, 1, 2, 3, 4, 2, 0.68, 2, 1, 2.0038, 3, 3, 5, 2, 3, 4, 1, 9, 0.2187, 5, 7, 2, 8, 6, 1, 0.0704, 9, 2, 1.9056, 4, 3, 6, 4, 6, 2, 2, 0.9976, 2, 0.0247, 3, 2, 6, 0.2675, 9, 0.1214, 1, 4, 4, 8, 5, 66, 8, 18, 4],
      [8, 4, 2, 4, 9, 4, 4, 4, 5, 3, 0.9996, 3, 2, 8.0143, 4, 3, 4, 4, 5, 6, 3, 24, 0.1076, 2, 10, 5, 9, 3, 3, 1.8053, 22, 2, 1.9758, 3, 3, 9, 9, 6, 1, 2, 0.9968, 5, 0.8169, 1, 6, 5, 0.2367, 13, 0, 4, 5, 8, 14, 15, 63, 14, 38, 19],
      [7, 8, 2, 8, 19, 4, 7, 9, 10, 5, 0.6848, 3, 1, 9.9881, 5, 9, 6, 4, 14, 10, 2, 22, 0.1663, 5, 21, 8, 22, 9, 4, 3.0264, 19, 1, 3.008, 6, 6, 18, 7, 10, 3, 3, 0.0018, 4, 0.8179, 7, 10, 12, 0.4769, 14, 0.7196, 3, 7, 10, 27, 17, 151, 19, 52, 19],
      [40, 13, 10, 25, 63, 19, 21, 20, 28, 14, 5.6266, 13, 9, 13.996, 21, 37, 43, 17, 18, 20, 10, 76, 2.4537, 25, 38, 10, 43, 14, 15, 0.0885, 68, 7, 3.0449, 8, 7, 42, 23, 26, 12, 14, 1.0031, 21, 3.3246, 13, 17, 29, 0.7017, 56, 1.0434, 10, 15, 32, 47, 54, 473, 54, 114, 45],
      [5, 3, 1, 4, 7, 1, 3, 4, 4, 2, 0.009, 2, 4.2701e-07, 1.9979, 2, 5, 5, 1, 4, 7, 1, 7, 0.0537, 2, 8, 2, 9, 4, 2, 1.0094, 11, 1, 0.0658, 2, 3, 8, 5, 3, 2, 1, 0.0007, 2, 0.0159, 3, 2, 5, 0.3172, 5, 0.1156, 1, 2, 6, 13, 6, 72, 9, 27, 8]
    ],
    [
      [3, 20, 1, 11, 21, 3, 7, 11, 5, 6, 0.3246, 4, 1, 1.0096, 4, 4, 7, 3, 4, 10, 2, 6, 0.2334, 8, 17, 5, 20, 16, 3, 6.1237, 7, 1, 1.0297, 11, 7, 13, 5, 16, 1, 2, 2.0011, 2, 0.9124, 9, 6, 16, 0.6102, 9, 0.2039, 3, 7, 4, 11, 2, 124, 10, 27, 2],
      [5, 11, 2, 9, 18, 4, 6, 8, 8, 6, 1.3625, 3, 2, 4.9998, 4, 6, 7, 3, 9, 13, 1, 17, 0.113, 4, 21, 9, 21, 10, 2, 3.0391, 18, 2, 2.9346, 9, 8, 13, 9, 9, 4, 3, 0.9971, 3, 0.0802, 9, 6, 11, 0.8292, 12, 0, 5, 5, 7, 20, 12, 113, 20, 57, 10],
      [8, 26, 8, 28, 51, 11, 21, 33, 19, 21, 3.6349, 7, 2, 6.9913, 7, 17, 14, 9, 23, 24, 5, 20, 0.2045, 13, 52, 28, 52, 32, 8, 20.966, 17, 3, 11.0209, 23, 19, 37, 11, 29, 4, 5, 4.9926, 6, 0.9922, 32, 24.0001, 32, 1.5629, 14, 1.4772, 9, 18, 16, 43, 13, 285, 26, 81, 11],
      [35, 42, 28, 78, 165, 39, 55, 69, 48, 55, 11.6658, 26, 11, 7.9983, 32, 68, 85, 27, 29, 47, 19, 61, 2.3531, 56, 93, 31, 108, 50, 26, 3.9201, 58, 11, 9.0003, 33, 23, 85, 30, 66, 18, 21, 12.0021, 23, 5.7511, 58, 37.9999, 78, 2.07, 54, 2.0889, 27, 31, 42, 70, 38, 887, 73, 175, 24],
      [4, 9, 4, 13, 20, 4, 8, 14, 7, 8, 1.0123, 5, 0, 1.0009, 4, 9, 11, 2, 6, 16, 2, 6, 0.0959, 5, 20, 7, 22, 16, 4, 7.9511, 9, 2.0001, 2.0145, 11, 8, 17, 7, 10, 3, 2, 2.007, 3, 0.2641, 13, 5, 15, 0.9276, 5, 0.23, 5, 5, 8, 19, 4, 136, 12, 41, 4]
    ],
    [
      [22, 26, 8, 27, 58, 15, 23, 22, 13, 13, 2.6335, 14, 13, 2.9985, 21, 22, 45, 12, 7, 18, 13, 26, 1.4236, 43, 32, 5, 41, 21, 15, 0.0299, 25, 8, 1.0488, 11, 9, 31, 14, 41, 6, 14, 9.0055, 14, 8.089, 18, 9, 39, 1.139, 39, 0.5736, 10, 13, 15, 18, 10, 400, 26, 53, 6],
      [33, 12, 8, 21, 48, 17, 20, 15, 18, 14, 1.9947, 10, 9, 9.9846, 20, 22, 32, 11, 12, 20, 8, 68, 0.7233, 15, 39, 10, 44, 11, 11, 0.0765, 60, 6, 3.0303, 9, 9, 31, 24, 24, 6, 9, 0.9997, 16, 0.9978, 13, 9, 27, 1.1954, 50, 0, 13, 9, 25, 28, 38, 367, 46, 107, 29],
      [49, 36, 31, 67, 139, 47, 55, 62, 48, 44, 13.7087, 19, 10.9999, 17.011, 30, 85, 79, 31, 40, 42, 21, 69, 1.544, 61, 96, 29, 104, 42, 33, 0.9812, 62, 14, 8.933, 21, 25, 79, 26, 71, 22, 27, 13.0038, 25, 3.8975, 63, 40, 73, 2.4748, 61, 3.1638, 28, 27, 46, 63, 48, 916, 69, 154, 37],
      [253, 54, 152, 189, 453, 186, 167, 137, 127, 123, 50.9906, 95, 87.0002, 23.9981, 153, 327, 495, 106, 50, 84, 101, 239, 16.5491, 284, 176, 35, 221, 63, 117, 0.8879, 206, 62, 11.9892, 36, 31, 192, 89, 173, 72, 116, 48.9891, 127, 48.8831, 112, 63, 193, 3.6618, 239, 5.7136, 82, 58, 134, 107, 141, 2865, 186, 334, 77],
      [35, 12, 24, 32, 55, 19, 25, 29, 20, 18, 5.6725, 20, 5, 3.0079, 19, 44, 66, 11, 11, 29, 13, 23, 0.7599, 26, 37, 8, 45, 20, 18, 0.0245, 33, 12, 1.9987, 11, 11, 39, 20, 25, 11, 12, 10.0019, 17, 5.1325, 25, 9, 37, 1.5291, 23, 0.5489, 15, 10, 26, 29, 15, 441, 32, 78, 14]
    ],
    [
      [3, 16, 1, 7, 14, 1, 8, 7, 3, 2, 0.0046, 3, 2.0001, 0.9953, 5, 3, 6, 2, 2, 8, 2, 5, 0.1243, 8, 10, 2, 15, 11, 4, 2.1768, 4, 2, 1.057, 6, 5, 9, 5, 17, 1, 2, 3.0008, 3, 2.1766, 5, 2, 15, 0.3311, 11, 0.1011, 3, 4, 4, 6, 1, 99, 6, 15, 1],
      [5, 8, 1, 6, 11, 2, 7, 4, 4, 3, 0.6326, 2, 1, 3.0041, 5, 4, 4, 2, 3, 9, 1, 13, 0.0561, 2, 13, 3, 16, 6, 3, 0.9937, 11, 2, 1.9861, 5, 5, 9, 8, 10, 1, 1, 0.004, 3, 0.0061, 4, 2, 10, 0.3241, 14, 0, 3, 3, 6, 10, 7, 90, 10, 31, 4],
      [8, 22, 4, 18, 33, 5, 19, 19, 11, 9, 2.0087, 3, 1, 4.0064, 7, 14, 11, 6, 12, 19, 4, 14, 0.0852, 11, 32, 9, 38, 22, 9, 8.0687, 11, 4, 5.0521, 11, 13, 24, 9, 29, 3, 4, 2.9998, 5, 1.1071, 19, 10, 29, 0.6896, 17, 0.6393, 7, 9, 11, 22, 8, 226, 15, 44, 5],
      [43, 37, 21, 57, 114, 25, 59, 42, 30, 27, 11.0443, 19, 14.9999, 7.9927, 39, 60, 78, 22, 15, 41, 21, 49, 1.644, 56, 60, 13, 81, 39, 32, 2.791, 43, 20, 6.9503, 20, 20, 58, 30, 71, 18, 21, 17.0023, 28, 13.2395, 36, 20, 76, 1.1598, 70, 1.1541, 26, 20, 36, 41, 29, 711, 44, 98, 15],
      [7, 7, 5, 9, 14, 2, 9, 10, 6, 4, 2.3098, 5, 1.0001, 1.0014, 5, 8, 10, 3, 3, 13, 3, 6, 0.0905, 5, 12, 3, 17, 11, 4, 2.9699, 7, 3, 1.9545, 7, 6, 12, 7, 11, 2, 2, 3.9932, 5, 2.4708, 8, 2, 15, 0.4954, 8, 0.1055, 4, 3, 7, 10, 2, 109, 8, 23, 2]
    ],
    [
      [1, 2, 7.5944e-15, 1, 3, 4.5738e-15, 1, 1, 1.8699e-13, 1, 0.0008, 1, 0, 0.0041, 1, 1, 1, 1.4974e-06, 9.7547e-10, 3, 1.9967e-07, 1, 0, 1, 2, 5.3176e-09, 3, 2, 1.8899e-08, 1.9193, 1, 0, 0.0141, 2, 1, 2, 4.836e-14, 3, 1.5543e-06, 4.0528e-12, 0.0007, 9.7209e-14, 0.0894, 1, 2.1366e-07, 3, 0.0904, 3, 0, 6.2429e-09, 1.2438e-06, 1, 2, 2.171e-16, 28, 1, 7, 2.1129e-12],
      [1, 1, 2.2776e-15, 1, 3, 5.5441e-12, 1, 5.0512e-17, 1, 1, 0.0057, 6.0729e-10, 0, 0.0005, 1, 1, 1, 3.0017e-06, 1, 3, 3.7341e-09, 3, 0, 7.216e-23, 2, 1, 3, 1, 9.4684e-09, 1.0652, 4, 4.8534e-06, 0.011, 2, 1, 2, 1, 1, 4.2327e-06, 9.6394e-11, 0.0001, 4.634e-12, 0.0052, 3.4323e-12, 8.2311e-06, 2, 0.0904, 4, 0, 1.4127e-08, 1.233e-07, 2, 4, 1, 26, 3, 15, 3],
      [2, 3, 1, 4, 8, 1, 3, 3, 3, 4, 0.3183, 1, 0, 0.9953, 1, 4, 3, 1, 4, 6, 1, 3, 0, 1, 6, 3, 8, 5, 1, 6.8078, 4, 1, 0.0282, 5, 4, 6, 1, 5, 7.0178e-06, 9.1174e-09, 0.0014, 1, 0.006, 3, 2, 5, 0.2214, 5, 0, 1, 1, 3, 10, 1, 65, 5, 21, 3],
      [11, 7, 6, 12, 29, 4, 10, 7, 8, 13, 1.69, 6, 2, 1.0094, 8, 17, 21, 3, 7, 13, 5, 10, 0, 9, 11, 3, 16, 8, 8, 1.2791, 14, 6, 0.0225, 8, 6, 14, 4, 12, 4, 2, 2.999, 5, 1.8826, 8, 3, 14, 0.3327, 20, 0, 6, 3, 12, 17, 5, 205, 14, 47, 9],
      [3, 3, 2, 4, 6, 2, 4, 3, 3, 4, 1.9852, 3, 1.9999, 2.9906, 3, 4, 5, 2, 3, 7, 2, 2, 0, 3, 4, 3, 5, 5, 3, 4.9286, 4, 4, 0.9242, 4, 5, 4, 3, 4, 2, 2, 2.9988, 2, 1.0168, 3, 3, 4, 0.2651, 3, 0, 3, 4, 4, 7, 3, 34, 4, 13, 3]
    ]
  ],
  "V_est": [
    [254.2339, 141.5042, 333.5147, 1037.0121, 153.7351],
    [280.2897, 418.9529, 667.8898, 1880.2825, 295.5851],
    [509.4487, 588.3556, 1348.8426, 3402.8496, 585.5035],
    [1430.9413, 1522.0024, 3431.7176, 10380.6629, 1637.6759],
    [385.9677, 394.0066, 919.6568, 2708.9778, 460.3911],
    [83.1188, 98.1782, 240.3784, 701.2152, 227.1093]
  ],
  "p_est": [
    [0.1324, 0.0737, 0.1737, 0.5401, 0.0801],
    [0.0791, 0.1182, 0.1885, 0.5307, 0.0834],
    [0.0792, 0.0914, 0.2096, 0.5288, 0.091],
    [0.0778, 0.0827, 0.1865, 0.5641, 0.089],
    [0.0793, 0.0809, 0.1889, 0.5564, 0.0946],
    [0.0616, 0.0727, 0.1781, 0.5194, 0.1682]
  ],
  "EI_Z": {},
  "EI_V": 38.6043,
  "MAE_Z": {},
  "MAE_V": 939.8871,
  "MAE_p": 0.1549,
  "runtime": 0.4774
}
