{
  "Z_true": {},
  "V_true": [
    [16, 67, 1177, 302],
    [618, 884, 252, 136],
    [641, 11375, 569, 896],
    [240, 337, 12820, 1264],
    [124, 886, 673, 1206]
  ],
  "p_true": [
    [0.0102, 0.0429, 0.7535, 0.1933],
    [0.327, 0.4677, 0.1333, 0.072],
    [0.0475, 0.8438, 0.0422, 0.0665],
    [0.0164, 0.023, 0.8744, 0.0862],
    [0.0429, 0.3067, 0.233, 0.4174]
  ],
  "Z_est": [
    [
      [1.3973, 0.7336, 2.7947, 1.4672, 2.4104, 1.1179, 0.9432, 0, 0, 0, 2.096, 1.7117, 0.1747, 2.8995, 1.3275, 2.2008, 1.8515, 2.3405, 0.5589, 1.6419, 1.7816, 0.7336, 1.6069, 0.5939, 1.0829, 0.2445, 0.5589, 0.3144, 0.8733, 0.9781, 0.4541, 1.5371, 3.0392, 1.6069, 0.0349, 3.5981, 1.1877, 7.7552, 1.6069],
      [2.6489, 0.6755, 4.198, 1.3297, 1.335, 0.8829, 1.085, 0.0638, 0, 0.3199, 4.1061, 2.537, 0.9088, 0, 0, 6.7722, 10.5951, 0, 0.6117, 2.0158, 0.0758, 2.5424, 2.0926, 0, 1.9481, 0, 0.5131, 0.1611, 0, 1.0372, 0.3414, 2.4679, 3.0051, 2.4867, 0, 6.0793, 0, 7.6604, 0.8031],
      [50.9537, 22.5909, 24.0073, 50.2031, 47.2546, 45.9992, 47.9718, 0.9362, 0, 0.6801, 62.7979, 44.7512, 10.9166, 57.1005, 16.6725, 57.027, 109.5534, 42.6595, 5.8294, 28.3423, 37.1426, 15.724, 37.3004, 16.4061, 18.9689, 1.7555, 13.928, 7.5245, 11.1267, 19.9847, 8.2045, 58.995, 108.9557, 46.9064, 2.9651, 142.3225, 19.8123, 124.5843, 14.5899],
      [0, 0, 0, 0, 0, 0, 0, 0, 0, 0, 0, 0, 0, 0, 0, 0, 0, 0, 0, 0, 0, 0, 0, 0, 0, 0, 0, 0, 0, 0, 0, 0, 0, 0, 0, 0, 0, 0, 0]
    ],
    [
      [26.901, 12.5088, 54.6825, 21.2023, 34.8113, 20.0533, 20.3049, 0, 0, 0, 27.4379, 23.7088, 3.5094, 39.8243, 17.0447, 43.9833, 39.8577, 38.7491, 9.8799, 27.0596, 32.6846, 10.1609, 23.0119, 11.2862, 15.1252, 3.9739, 9.5864, 6.1995, 9.6226, 16.1893, 7.1286, 31.0586, 46.0363, 28.0012, 0.752, 66.1884, 16.996, 106.7443, 27.1208],
      [3.9546, 1.8848, 20.7574, 3.0693, 4.3889, 2.938, 5.0672, 2.5345, 0.6947, 0.8162, 2.4206, 2.2101, 0.421, 3.6835, 1.4734, 8.0262, 6.881, 6.358, 1.6534, 4.436, 6.5285, 0.9472, 2.2101, 2.3489, 1.4208, 1.6214, 2.139, 2.7181, 0.6841, 3.18, 1.5461, 5.6238, 6.9292, 4.4242, 0.1052, 12.2275, 1.6313, 9.8927, 3.5611],
      [22.3502, 8.5296, 34.2955, 9.9863, 17.4676, 14.9159, 22.2266, 0.7495, 1.2598, 0.1838, 10.163, 10.7616, 2.9755, 17.9509, 5.9033, 36.5117, 42.8279, 24.7261, 7.0518, 17.1847, 23.6296, 4.5646, 11.6399, 8.3335, 7.0659, 1.3831, 5.7901, 3.3838, 0.8888, 9.8014, 3.4997, 26.112, 24.8492, 19.7471, 0.5192, 48.5016, 8.5372, 48.8945, 16.3576],
      [6.7942, 3.0768, 13.2646, 4.7422, 7.3322, 5.0927, 6.4014, 0.7161, 0.0455, 0, 5.9785, 5.3196, 1.0942, 8.5414, 3.5786, 11.4788, 11.4334, 9.1668, 2.4148, 6.3197, 8.1573, 2.3273, 5.1381, 3.0315, 3.3882, 1.0216, 2.4845, 1.6986, 1.8045, 3.8293, 1.8256, 8.2057, 10.1853, 6.8275, 0.6235, 17.0825, 3.8355, 22.4684, 8.9606]
    ],
    [
      [3.5177, 2.4016, 3.1633, 8.5675, 7.7753, 3.0712, 0.2279, 0, 0, 0, 13.5397, 11.4202, 0.0422, 18.7076, 10.4612, 3.9266, 0.4474, 9.664, 1.9805, 6.5591, 4.1393, 5.1795, 10.0455, 0.7155, 6.7536, 1.2163, 1.7673, 0.266, 8.7751, 3.2681, 2.3071, 2.4023, 10.1427, 4.4931, 0.0084, 12.1405, 4.7852, 55.4579, 2.8434],
      [166.7029, 114.3806, 139.1149, 204.9697, 218.2544, 139.6013, 180.4767, 7.9799, 5.4536, 2.9426, 701.8825, 421.8492, 137.8095, 656.4152, 347.3039, 423.3325, 320.8118, 482.7452, 100.0373, 332.1479, 428.1774, 439.3839, 387.7322, 215.4588, 356.6759, 167.1536, 163.1884, 176.8002, 273.6976, 163.9138, 267.831, 404.7712, 501.1958, 202.614, 84.9807, 996.3492, 240.3679, 1210.0617, 131.3589],
      [4.8826, 4.1617, 1.2578, 2.989, 2.0907, 7.6781, 4.3385, 0.1185, 0.4243, 0.0574, 13.0879, 4.7705, 0.8348, 7.9631, 13.0763, 3.9232, 8.9799, 19.0695, 0.9329, 7.9882, 13.9042, 10.3969, 10.5388, 10.1366, 1.737, 2.3706, 1.24, 3.4981, 11.8204, 1.5326, 0.7132, 8.1249, 15.7418, 3.6915, 2.1274, 18.9104, 2.0748, 11.8049, 1.2411],
      [17.8968, 14.0561, 7.464, 23.4737, 22.8796, 19.6494, 31.9569, 0.9016, 0.1221, 0, 62.4899, 39.9601, 14.3135, 54.9141, 35.1586, 39.8177, 31.7609, 35.5213, 9.0493, 27.3048, 24.779, 23.0397, 33.6836, 14.689, 28.8336, 9.2595, 15.8042, 9.4357, 26.7069, 15.2854, 18.1487, 34.7015, 43.9198, 24.2013, 24.8835, 88.5999, 25.7722, 118.6755, 13.5566]
    ],
    [
      [8.184, 5.3559, 19.3595, 10.763, 24.0029, 7.7576, 5.524, 0, 0, 0, 16.9264, 12.1593, 1.2738, 21.5686, 9.1667, 12.8893, 10.8434, 16.2463, 3.5807, 11.7395, 12.3945, 4.926, 11.3357, 4.4045, 8.0383, 1.5652, 4.0873, 2.2201, 5.729, 7.5645, 3.1101, 9.002, 27.7818, 11.8987, 0.2046, 21.073, 11.031, 52.0425, 14.4289],
      [1.428, 4.7748, 14.1288, 1.8214, 1.9754, 2.75, 6.2741, 0.1096, 0.1111, 0.9212, 9.0545, 9.1796, 4.8918, 11.2307, 2.3347, 11.2142, 5.9785, 4.2574, 1.5496, 7.5108, 3.2875, 1.0558, 3.2274, 1.5536, 15.4082, 0.2232, 5.9355, 0.6352, 1.03, 10.9181, 3.2968, 8.2731, 6.6234, 1.6757, 1.3655, 26.3231, 8.5098, 18.7545, 10.7852],
      [401.6306, 229.41, 137.0239, 380.8416, 442.4609, 425.4677, 502.8168, 7.019, 6.7344, 3.0788, 513.0274, 349.0891, 86.269, 598.5491, 236.1235, 459.4544, 835.292, 439.08, 120.6217, 347.2277, 338.6532, 102.3076, 331.7581, 159.4203, 156.5737, 18.908, 129.1267, 63.2389, 98.471, 227.8239, 69.9997, 529.533, 921.73, 437.8702, 63.0651, 1182.9921, 220.8565, 1084.8852, 304.5498],
      [20.7575, 22.4592, 6.4879, 30.574, 28.5608, 34.0247, 45.3851, 0.8714, 0.1545, 0, 46.9917, 46.572, 9.5655, 50.6516, 24.3751, 39.4421, 29.8861, 36.4162, 7.2481, 13.5221, 28.6648, 14.7106, 29.6788, 15.6216, 23.9798, 5.3036, 19.8505, 7.9059, 14.77, 16.6935, 11.5934, 23.1919, 34.8648, 34.5554, 16.3647, 78.6118, 28.6027, 138.3178, 20.2361]
    ],
    [
      [0, 0, 0, 0, 0, 0, 0, 0, 0, 0, 0, 0, 0, 0, 0, 0, 0, 0, 0, 0, 0, 0, 0, 0, 0, 0, 0, 0, 0, 0, 0, 0, 0, 0, 0, 0, 0, 0, 0],
      [21.2655, 5.2843, 11.8009, 38.8099, 25.0464, 19.8278, 11.097, 1.3122, 0.7406, 0, 54.5364, 41.224, 14.969, 66.6706, 33.888, 51.655, 40.7336, 47.6393, 11.1481, 32.8895, 47.9308, 34.0708, 44.7377, 34.6387, 24.547, 14.0019, 19.224, 17.6854, 26.5883, 15.9509, 27.9848, 42.864, 47.2465, 18.7994, 5.5485, 102.0209, 26.4911, 92.6306, 4.4917],
      [8.1829, 0.3078, 0.4155, 13.9799, 6.7262, 4.9391, 0.6463, 0.1769, 0.5815, 0, 10.9238, 7.6276, 2.0042, 12.4365, 5.2244, 10.0837, 18.3468, 9.4649, 4.5642, 12.2572, 7.6703, 3.0068, 7.7628, 9.7035, 3.6545, 4.5828, 2.9152, 6.3548, 2.6931, 1.8573, 5.5829, 17.2351, 10.7234, 0.7848, 0.3232, 31.2733, 4.7193, 22.8311, 0.2616],
      [28.5516, 14.4079, 14.7836, 43.2101, 34.2274, 31.2332, 30.2566, 1.5109, 0.6779, 0, 68.5399, 53.1484, 16.0268, 73.893, 38.8876, 58.2614, 50.9196, 52.8958, 13.2877, 35.8534, 45.3989, 29.9224, 46.4995, 30.6578, 31.7985, 13.4153, 22.8608, 16.9599, 27.7186, 20.1917, 25.4323, 48.9009, 56.0301, 31.4158, 15.1283, 121.7058, 33.7896, 147.5383, 12.2467]
    ]
  ],
  "V_est": [
    [57.2559, 71.2995, 1433.4445, 0],
    [929.3855, 153.4078, 581.52, 225.6866],
    [242.1799, 11915.9239, 240.2302, 1082.6661],
    [410.1786, 230.3777, 12962.9804, 1057.4633],
    [0, 1177.9911, 272.8249, 1438.184]
  ],
  "p_est": [
    [0.0367, 0.0456, 0.9177, 0],
    [0.4917, 0.0812, 0.3077, 0.1194],
    [0.018, 0.8839, 0.0178, 0.0803],
    [0.028, 0.0157, 0.8842, 0.0721],
    [0, 0.4078, 0.0944, 0.4978]
  ],
  "EI_Z": {},
  "EI_V": 7.5327,
  "MAE_Z": {},
  "MAE_V": 259.7516,
  "MAE_p": 0.0837,
  "runtime": 1.064
}
