{
  "Z_true": {},
  "V_true": [
    [1092, 582, 2401, 184, 77],
    [414, 2704, 2028, 267, 166],
    [499, 185, 8125, 14268, 358],
    [155, 280, 1020, 1116, 433]
  ],
  "p_true": [
    [0.2518, 0.1342, 0.5537, 0.0424, 0.0178],
    [0.0742, 0.4847, 0.3635, 0.0479, 0.0298],
    [0.0213, 0.0079, 0.3467, 0.6088, 0.0153],
    [0.0516, 0.0932, 0.3395, 0.3715, 0.1441]
  ],
  "Z_est": [
    [
      [4.7723, 7.1098, 0, 0.8375, 9.8526, 54.3758, 56.4514, 22.5697, 71.9572, 33.0546, 47.3821, 17.284, 31.3924, 25.272, 3.0114, 11.7649, 2.702, 0, 0.9232, 39.4861, 38.4161, 3.994, 44.0205, 20.8347, 97.9261, 13.9925, 64.5634, 1.4538, 60.9532, 62.6988, 40.394, 4.2061, 13.6575, 7.1665, 22.5697, 22.2021, 9.2797, 31.3792, 20.1322, 50.2197, 49.8521, 6.2693, 4.9776, 0, 8.4419, 171.7748, 8.623, 44.5827, 247.6941, 70.3207],
      [0.0383, 0.0156, 0.007, 0.9665, 0.0876, 0.2698, 0.4664, 0.1537, 0.5565, 0.2237, 0.2992, 0.1134, 0.1735, 0.204, 0.0086, 0.0234, 0.0019, 0.0043, 1.1623, 0.1783, 0.1699, 0.0219, 0.2772, 0.1211, 0.5688, 0.1057, 0.3283, 0.009, 0.2973, 0.1735, 0.113, 0.0058, 0.0556, 0.029, 0.1498, 0.1896, 0.0408, 0.1462, 0.108, 0.1852, 0.1977, 0.0497, 0.0297, 0.0043, 0.0595, 0.9341, 0.0906, 0.2524, 1.0015, 0.3498],
      [8.1556, 13.4185, 2.9213, 4.1663, 18.9754, 79.301, 52.0269, 35.2472, 81.4082, 48.6801, 92.1923, 22.4882, 56.2162, 36.4925, 3.9325, 11.1922, 1.294, 0.9937, 3.1494, 55.3923, 45.1281, 6.9298, 88.4338, 47.7108, 173.6367, 32.7796, 122.6106, 1.5146, 101.9607, 118.0632, 78.9635, 8.7635, 13.2732, 6.7974, 35.2511, 37.5778, 19.6648, 56.43, 30.7339, 81.5282, 83.8823, 15.54, 9.9127, 0.9953, 23.3541, 278.0624, 8.1701, 59.6899, 281.3411, 116.6558],
      [0.0338, 0.1687, 0.0716, 0.0297, 0.0801, 5.0324, 0.0388, 0.0207, 0.0549, 0.0292, 9.104, 0.1083, 0.2179, 0.0221, 0.0474, 0.0195, 0.0014, 0.002, 0.4605, 4.9282, 0.2733, 0.0526, 0.2485, 0.3231, 0.8273, 0.1222, 0.4693, 0.0222, 0.7641, 0.0645, 0.5294, 0.0245, 0.0096, 0.005, 0.0207, 0.0214, 0.0103, 0.0314, 0.0182, 0.047, 0.0679, 0.1376, 0.08, 0.0004, 0.1396, 0.1607, 0.1164, 0.4592, 1.8832, 0.6737],
      [0, 0.2874, 0, 0, 0.0044, 0.0209, 0.0164, 0.0087, 0.0232, 0.0124, 0.0224, 0.006, 0, 0.0093, 0, 0, 0.0006, 0, 0.3046, 0.0151, 0.0127, 0.0017, 0.02, 0.0104, 0.0411, 0, 0.0283, 0.0005, 0.0247, 0, 0, 0, 0.0041, 0.0021, 0.0087, 0.009, 0.0044, 0.0133, 0.0077, 0.0199, 0, 0.0033, 0, 0, 0.0048, 0.0679, 0, 0.0158, 0.0801, 0]
    ],
    [
      [1.1063, 0.7903, 0, 0.1581, 2.123, 8.4821, 15.963, 5.7425, 17.2801, 7.7971, 8.4605, 4.0039, 5.758, 6.6381, 0.3129, 2.6202, 0.5357, 0, 0.0527, 6.9015, 5.9006, 0.9483, 8.9019, 3.1343, 19.5982, 1.9842, 11.0109, 0.2634, 10.1152, 8.4821, 5.005, 0.2634, 1.8439, 1.1266, 4.5308, 5.7125, 1.6948, 5.3737, 3.6352, 8.324, 7.165, 0.7152, 0.7903, 0, 0.5436, 29.292, 2.3707, 5.8479, 29.9245, 9.167],
      [14.2292, 7.5435, 2.8762, 2.3779, 35.2676, 100.264, 194.3945, 63.6144, 221.3363, 90.3879, 114.6664, 46.2302, 61.9429, 81.8435, 2.8762, 11.3876, 0.8933, 1.8786, 0.7668, 68.2548, 66.0253, 8.8733, 106.9791, 44.8557, 221.2965, 37.3057, 122.851, 3.4471, 112.6152, 82.0686, 54.1675, 2.7846, 21.2752, 11.0394, 57.1212, 76.2182, 13.7543, 51.6151, 41.7468, 62.7333, 66.992, 19.668, 9.8132, 1.8909, 22.4309, 350.3209, 35.4665, 87.4887, 363.39, 122.7113],
      [5.2384, 5.5833, 1.7136, 0.3479, 13.7265, 46.0367, 79.9272, 36.5333, 75.165, 43.4603, 58.5925, 23.2063, 22.1075, 32.5222, 1.7106, 8.879, 1.4222, 2.1185, 0.116, 33.1503, 35.9248, 7.5862, 54.2018, 24.8961, 118.2716, 17.4781, 67.7687, 1.0831, 61.8999, 65.2966, 32.845, 1.6958, 10.7452, 5.4703, 21.3924, 32.3951, 23.8347, 36.7488, 20.9457, 59.6753, 50.3472, 10.9157, 3.944, 1.9802, 8.7068, 157.2331, 6.1292, 13.9463, 151.8509, 37.7802],
      [0.3872, 0.2651, 0.4102, 0.0477, 0.9701, 3.4978, 7.3871, 2.5519, 8.6039, 3.4149, 5.4213, 1.3802, 1.8037, 2.0027, 0.1003, 0.0356, 0.0803, 0.003, 0.0159, 20.8142, 2.2255, 0.3752, 3.1656, 1.7384, 7.2488, 1.1156, 4.0583, 0.1181, 4.3432, 2.559, 2.4007, 0.2562, 0.5563, 0.2861, 1.3669, 2.4483, 1.287, 6.897, 1.0967, 25.1347, 10.4096, 0.762, 0.375, 0.1289, 0.7591, 8.8374, 0.9171, 1.7643, 12.1277, 3.876],
      [0.0388, 0.8178, 0, 0.0685, 0.9128, 2.7194, 5.3283, 0.5579, 5.6146, 2.9398, 3.8593, 1.1794, 0.3879, 2.9935, 0, 0.0776, 0.0685, 0, 0.0487, 1.8792, 1.9238, 0.217, 2.7516, 0.3756, 5.5848, 0.1164, 3.3111, 0.0883, 3.0264, 2.5937, 0.5819, 0, 0.5794, 0.0776, 1.5887, 2.2259, 0.4292, 1.3653, 1.5756, 2.1326, 1.0862, 0.9391, 0.0776, 0, 0.5596, 10.3165, 0.1164, 1.9527, 10.7069, 0.4655]
    ],
    [
      [0.1092, 0.0922, 0, 0, 0, 7.049, 6.4381, 0.6236, 8.5709, 2.0618, 0, 1.6977, 1.7986, 0.9913, 0.6756, 0.5349, 0.7601, 0, 0.023, 4.558, 7.629, 0.0555, 0, 0, 4.3294, 0, 3.3304, 0.2816, 5.8262, 5.6761, 3.5223, 0.1152, 3.4498, 1.6892, 1.8386, 0, 0, 2.1363, 2.1362, 5.3488, 5.8388, 0, 0.2177, 0, 0, 17.5573, 0.9886, 8.5128, 59.1098, 7.4756],
      [0.4538, 0.0742, 0.012, 0.4327, 2.4923, 5.0657, 15.1717, 0.1934, 23.0443, 3.3022, 0.5955, 2.9753, 6.0212, 5.29, 0.1152, 0.1175, 0, 0.0124, 0.0185, 0, 1.2378, 0, 4.0766, 1.5564, 7.2195, 1.6133, 2.3153, 0.4915, 1.1107, 0, 0, 0, 0, 0.0934, 4.8477, 4.5584, 0, 0, 0, 0, 0, 0.5489, 0.4761, 0, 0.8285, 17.9858, 6.243, 17.5872, 27.7737, 14.3242],
      [14.9463, 3.0449, 1.5113, 1.6311, 40.7445, 203.5447, 239.3349, 155.4994, 259.0305, 229.2618, 261.5001, 35.8278, 60.3679, 160.6231, 6.3569, 6.3819, 7.128, 0.9974, 0.378, 129.4174, 107.4257, 16.4194, 96.4633, 97.0913, 278.559, 28.8661, 158.7134, 14.0937, 245.1922, 455.4636, 168.2812, 3.2482, 119.5029, 62.9972, 125.8845, 215.6919, 89.037, 290.2354, 195.0924, 289.3888, 324.457, 46.002, 30.9287, 9.1419, 54.2295, 934.6381, 46.0264, 153.9143, 674.7406, 219.1685],
      [17.4231, 8.4788, 5.4767, 5.8686, 41.6047, 473.2355, 549.048, 271.7372, 931.2142, 486.0634, 491.3608, 56.1512, 112.1363, 450.2306, 6.8523, 11.8305, 10.8528, 0.9903, 2.5029, 247.9482, 146.4723, 29.4157, 119.549, 180.8791, 438.9318, 63.3179, 241.7398, 12.7911, 427.2061, 996.562, 295.1825, 11.6365, 267.6417, 108.085, 356.5382, 527.4874, 212.5574, 718.9384, 620.0181, 725.5048, 920.8115, 78.6282, 45.2423, 21.8581, 77.6403, 1995.8614, 66.5393, 257.4545, 1023.4342, 367.2205],
      [0.0676, 0.3099, 0, 0.0676, 2.1586, 4.1051, 13.0073, 0.9464, 9.1402, 9.3109, 5.5437, 3.3481, 0.676, 11.8651, 0, 0.1352, 0.259, 0, 0.0775, 1.0764, 4.2352, 0.1094, 3.911, 0.4732, 6.9603, 0.2028, 4.9011, 0.342, 2.6648, 2.2983, 1.014, 0, 0.4056, 0.1352, 2.891, 4.2624, 0.4056, 1.6899, 1.7532, 1.7575, 1.8927, 0.8209, 0.1352, 0, 1.3016, 20.9573, 0.2028, 4.5312, 33.9418, 0.8112]
    ],
    [
      [0.0122, 0.0078, 0, 0.0044, 0.0244, 0.0931, 0.1474, 0.0643, 0.1918, 0.0865, 0.1574, 0.0144, 0.051, 0.0987, 0, 0.08, 0.0022, 0, 0.0011, 0.0543, 0.0543, 0.0022, 0.0776, 0.031, 0.1463, 0.0233, 0.0953, 0.0011, 0.1053, 0.143, 0.0787, 0.4152, 0.0488, 0.0177, 0.061, 0.0854, 0.0255, 0.1109, 0.0964, 0.1075, 0.1441, 0.0155, 0.0144, 0, 0.0144, 0.3758, 0.0177, 0.0565, 0.2716, 2.0367],
      [1.2787, 0.3667, 0.1048, 0.2229, 1.1525, 4.4005, 6.9675, 3.0384, 9.063, 4.0862, 7.439, 0.681, 2.8624, 4.6624, 0, 0.4715, 0.1048, 0.1048, 0.0524, 2.567, 2.567, 0.1048, 3.6671, 1.4668, 6.9151, 1.9753, 4.5053, 0.0524, 4.9768, 6.7579, 3.7195, 0.2095, 1.6692, 0.8382, 2.8813, 4.0338, 1.2049, 5.2387, 3.1451, 5.0815, 6.8103, 0.7334, 0.681, 0.1048, 0.681, 17.7592, 1.1999, 2.6717, 12.8348, 3.6147],
      [8.6597, 3.9533, 1.8538, 2.8547, 13.5537, 55.1176, 80.711, 40.7201, 105.3963, 47.5979, 79.7151, 5.4777, 33.3084, 51.3622, 0, 6.5469, 1.1557, 1.8904, 0.3566, 34.04, 30.5214, 1.0646, 45.9011, 19.3019, 85.5328, 15.8762, 55.9073, 0.3086, 63.9473, 92.1766, 51.9103, 3.2924, 31.4787, 12.7351, 35.4721, 49.3352, 16.4635, 68.5857, 56.2279, 68.4076, 91.3135, 8.5422, 10.2146, 1.8826, 7.7095, 226.0664, 11.6743, 32.4494, 139.0674, 50.3955],
      [0.1558, 0.0874, 0.0414, 0.054, 0.3452, 2.2343, 3.5261, 1.6902, 12.127, 0.4925, 19.114, 0.3603, 0.8421, 2.7446, 0, 0.1144, 0.0654, 0.0048, 0.0207, 0.3094, 1.0289, 0.1565, 1.0368, 1.0594, 2.9921, 0.4444, 1.7327, 0.0687, 2.6865, 0.8145, 1.8874, 0.0828, 5.7923, 0.6239, 2.0742, 3.043, 0.1452, 4.1332, 7.867, 1.3134, 6.711, 0.4722, 0.3027, 0.0126, 0.461, 2.1404, 0.4272, 0.322, 6.555, 2.2297],
      [0.8936, 2.5848, 0, 0.8639, 6.9242, 22.1545, 41.648, 12.487, 46.222, 25.737, 35.5746, 6.4665, 8.9361, 30.1321, 0, 1.7872, 0.6719, 0, 0.5692, 12.0293, 14.8284, 0.6719, 19.3174, 6.1408, 36.4137, 2.6808, 23.7594, 0.5692, 23.2841, 29.108, 13.4041, 0, 5.011, 1.7851, 14.5115, 20.5027, 5.1609, 21.9315, 19.6635, 22.0899, 25.0211, 4.2367, 1.7872, 0, 4.134, 92.6582, 2.6808, 15.5003, 86.2711, 10.7233]
    ]
  ],
  "V_est": [
    [1682.7952, 11.0192, 2612.9993, 28.0742, 1.112],
    [288.3912, 3401.9773, 1634.5459, 167.828, 86.2576],
    [183.0492, 180.2759, 7368.4219, 15536.1512, 167.1017],
    [5.7644, 157.7275, 1958.0329, 102.9465, 779.5287]
  ],
  "p_est": [
    [0.3881, 0.0025, 0.6026, 0.0065, 0.0003],
    [0.0517, 0.6098, 0.293, 0.0301, 0.0155],
    [0.0078, 0.0077, 0.3144, 0.6629, 0.0071],
    [0.0019, 0.0525, 0.6518, 0.0343, 0.2595]
  ],
  "EI_Z": {},
  "EI_V": 11.15,
  "MAE_Z": {},
  "MAE_V": 405.3485,
  "MAE_p": 0.0792,
  "runtime": 1.2814
}
