{
  "Z_true": {},
  "V_true": [
    [59, 42, 1243, 102, 371],
    [29, 1034, 170, 792, 132],
    [365, 589, 477, 11693, 755],
    [134, 84, 4414, 207, 218],
    [172, 101, 724, 439, 405],
    [839, 51, 944, 589, 186],
    [65, 185, 228, 754, 744]
  ],
  "p_true": [
    [0.0325, 0.0231, 0.6841, 0.0561, 0.2042],
    [0.0134, 0.4794, 0.0788, 0.3672, 0.0612],
    [0.0263, 0.0424, 0.0344, 0.8425, 0.0544],
    [0.0265, 0.0166, 0.8728, 0.0409, 0.0431],
    [0.0934, 0.0549, 0.3933, 0.2385, 0.22],
    [0.3216, 0.0195, 0.3618, 0.2258, 0.0713],
    [0.0329, 0.0936, 0.1154, 0.3816, 0.3765]
  ],
  "Z_est": {},
  "V_est": [
    [0, 0, 1817, 0, 0],
    [49.2188, 1785.8233, 137.0526, 21.82, 163.0853],
    [9.6669, 148.4137, 0, 13120.9549, 599.9646],
    [0, 0, 5008.9382, 0, 48.0618],
    [306.8147, 44.7027, 459.6657, 559.2667, 470.5503],
    [1185.9777, 14.425, 777.3436, 0, 631.2537],
    [111.3219, 92.6353, 0, 873.9585, 898.0843]
  ],
  "p_est": [
    [0, 0, 1, 0, 0],
    [0.0228, 0.8279, 0.0635, 0.0101, 0.0756],
    [0.0007, 0.0107, 0, 0.9454, 0.0432],
    [0, 0, 0.9905, 0, 0.0095],
    [0.1667, 0.0243, 0.2497, 0.3038, 0.2556],
    [0.4546, 0.0055, 0.2979, 0, 0.242],
    [0.0563, 0.0469, 0, 0.4423, 0.4545]
  ],
  "EI_Z": {},
  "EI_V": 16.4755,
  "MAE_Z": {},
  "MAE_V": 276.1856,
  "MAE_p": 0.0885,
  "runtime": 0.0235
}
