{
  "X": [
    [33, 505, 458, 67, 27, 41],
    [31, 473, 732, 71, 45, 32],
    [25, 467, 265, 67, 20, 25],
    [14, 321, 189, 27, 18, 27],
    [9, 122, 154, 18, 9, 14],
    [48, 569, 579, 58, 66, 56],
    [8, 95, 56, 5, 8, 2],
    [17, 353, 469, 44, 29, 26],
    [6, 24, 17, 1, 2, 3],
    [0, 15, 10, 2, 1, 1],
    [3, 18, 11, 1, 0, 1],
    [23, 143, 382, 28, 12, 22],
    [20, 154, 267, 26, 12, 12],
    [24, 118, 363, 45, 11, 18],
    [15, 101, 156, 13, 9, 12],
    [41, 721, 392, 100, 29, 53],
    [33, 599, 389, 107, 32, 61],
    [48, 875, 676, 103, 44, 78],
    [38, 554, 320, 65, 23, 28],
    [18, 65, 176, 11, 5, 15],
    [13, 114, 186, 24, 9, 17],
    [52, 142, 525, 20, 17, 14],
    [89, 455, 606, 94, 63, 57],
    [33, 527, 425, 67, 48, 50],
    [14, 215, 138, 34, 45, 19],
    [11, 226, 94, 20, 16, 14],
    [23, 219, 173, 35, 24, 24],
    [7, 36, 31, 5, 7, 1],
    [29, 177, 78, 29, 8, 17],
    [50, 506, 740, 68, 57, 47],
    [85, 1033, 918, 204, 79, 118],
    [28, 222, 282, 51, 19, 31],
    [26, 311, 330, 74, 31, 43],
    [43, 376, 421, 71, 53, 43],
    [12, 215, 211, 25, 13, 25],
    [17, 468, 271, 32, 16, 41],
    [22, 371, 243, 48, 29, 22],
    [58, 837, 670, 85, 71, 58],
    [13, 190, 202, 23, 12, 12],
    [17, 126, 287, 29, 19, 16],
    [18, 98, 84, 19, 6, 15],
    [7, 14, 64, 9, 4, 1],
    [4, 72, 72, 24, 3, 8],
    [49, 174, 101, 34, 8, 9],
    [13, 99, 216, 19, 8, 16],
    [72, 628, 631, 113, 35, 67],
    [3, 126, 95, 15, 3, 9],
    [78, 834, 1093, 158, 105, 85],
    [8, 132, 132, 21, 12, 20],
    [123, 992, 961, 109, 60, 85],
    [36, 101, 114, 18, 6, 10]
  ],
  "W": [
    [98, 377, 583, 73],
    [111, 626, 573, 74],
    [83, 207, 521, 58],
    [42, 161, 342, 51],
    [25, 135, 146, 20],
    [91, 486, 701, 98],
    [5, 48, 111, 10],
    [80, 392, 408, 58],
    [2, 15, 27, 9],
    [4, 6, 16, 3],
    [3, 10, 16, 5],
    [61, 345, 179, 25],
    [76, 217, 171, 27],
    [73, 314, 174, 18],
    [22, 147, 122, 15],
    [176, 288, 788, 84],
    [181, 287, 675, 78],
    [201, 496, 1033, 94],
    [126, 220, 614, 68],
    [27, 151, 103, 9],
    [34, 174, 134, 21],
    [58, 454, 208, 50],
    [171, 519, 567, 107],
    [97, 346, 638, 69],
    [39, 123, 246, 57],
    [29, 71, 242, 39],
    [39, 151, 269, 39],
    [10, 22, 46, 9],
    [33, 60, 207, 38],
    [169, 596, 637, 66],
    [390, 721, 1158, 168],
    [102, 224, 265, 42],
    [118, 274, 362, 61],
    [147, 340, 446, 74],
    [37, 166, 252, 46],
    [66, 216, 499, 64],
    [59, 202, 425, 49],
    [143, 522, 1021, 93],
    [24, 156, 245, 27],
    [54, 250, 163, 27],
    [36, 67, 123, 14],
    [7, 67, 21, 4],
    [33, 63, 74, 13],
    [60, 85, 177, 53],
    [43, 195, 116, 17],
    [197, 484, 764, 101],
    [21, 84, 116, 30],
    [270, 908, 1041, 134],
    [29, 124, 141, 31],
    [214, 792, 1046, 278],
    [31, 94, 132, 28]
  ],
  "method": "mvn_pdf",
  "cond_prob": [
    [
      [0.05806430555, 0.13152711113, 0.29782384104, 0.398756698, 0.0076417714556, 0.10618627282],
      [0.015453204982, 0.0043564004835, 0.953051247, 0.0085374861578, 0.010263606787, 0.0083380545853],
      [0.014275777492, 0.76521914024, 0.11288502549, 0.039355766111, 0.02835750262, 0.039906788047],
      [0.1802885137, 0.60746878583, 0.050698268464, 0.024093146189, 0.080127433035, 0.057323852788]
    ],
    [
      [0.051003970009, 0.11652421161, 0.36604078053, 0.37602619653, 0.011311457471, 0.079093383852],
      [0.0093411492256, 0.0046412044964, 0.96141414377, 0.0072097261592, 0.013544880257, 0.0038488960954],
      [0.01213830975, 0.7238966715, 0.14767076794, 0.040054824279, 0.045793514109, 0.030445912424],
      [0.16940200577, 0.57253548281, 0.066336072082, 0.024275531044, 0.12196823778, 0.045482670512]
    ],
    [
      [0.054595814768, 0.13939553534, 0.24427702909, 0.47550727314, 0.0068504154689, 0.079373932192],
      [0.017815441702, 0.0073803165764, 0.94491956198, 0.011684416993, 0.011465873523, 0.0067343892279],
      [0.013262215342, 0.79963482272, 0.089664135815, 0.045016437508, 0.024541014354, 0.027881374257],
      [0.17019201291, 0.64297762753, 0.04158004305, 0.028632035688, 0.073657089969, 0.042961190861]
    ],
    [
      [0.052595607731, 0.17396269231, 0.25899404304, 0.35577567935, 0.010170067099, 0.14850191047],
      [0.014708515161, 0.0087282681409, 0.93856872, 0.0087118148726, 0.016380111251, 0.012902570572],
      [0.0074450301426, 0.81458011512, 0.07367697107, 0.028518771323, 0.030972474046, 0.044806638294],
      [0.13483751423, 0.6608218898, 0.035591415021, 0.017674499616, 0.085158296995, 0.065916384341]
    ],
    [
      [0.052933740557, 0.1151737305, 0.28920234469, 0.40191001783, 0.008528070763, 0.13225209567],
      [0.014619398276, 0.0017518924595, 0.95142805809, 0.0089748973169, 0.012994205279, 0.010231548578],
      [0.014747780227, 0.73537369602, 0.11833302277, 0.04266724849, 0.035543320508, 0.053334931989],
      [0.17749309029, 0.57597958187, 0.052526610804, 0.025561006845, 0.092162786204, 0.076276923995]
    ],
    [
      [0.071528127126, 0.12446502563, 0.32533241554, 0.33277081439, 0.015815131408, 0.1300884859],
      [0.017992152316, 0.0043028553763, 0.94340020706, 0.0063927334238, 0.019039805982, 0.0088722458388],
      [0.018698955798, 0.7199399303, 0.12266789408, 0.032563901202, 0.058157655172, 0.04797166345],
      [0.20039577951, 0.5194347328, 0.050123018404, 0.018200945963, 0.1483567455, 0.063488777823]
    ],
    [
      [0.12745783228, 0.16960899485, 0.29297938948, 0.33051092446, 0.015982388703, 0.063460470227],
      [0.033618629452, 0.0057155641419, 0.92886352479, 0.0069110596245, 0.0231087144, 0.0017825075886],
      [0.026758459344, 0.79709283996, 0.086600749736, 0.025983412471, 0.051236497182, 0.012328041305],
      [0.27788276377, 0.54003027112, 0.033697064186, 0.013155573144, 0.11236185781, 0.022872469974]
    ],
    [
      [0.045228387884, 0.13301283865, 0.37942333699, 0.33854652258, 0.011065329264, 0.092723584635],
      [0.0057890597268, 0.0048319546973, 0.96464556949, 0.0062122965122, 0.013002731425, 0.0055183881467],
      [0.0070799883496, 0.74742942004, 0.13914161353, 0.032588407699, 0.040610095088, 0.033150475298],
      [0.14178935017, 0.61230419469, 0.064401577244, 0.020430821027, 0.11118593352, 0.049888123347]
    ],
    [
      [0.22723917674, 0.13272668097, 0.25814743328, 0.19377742774, 0.0098335299431, 0.17827575132],
      [0.043863629748, 0.0037105489401, 0.91198894535, 0.0044950869789, 0.018349210229, 0.017592578751],
      [0.025774143816, 0.75041842864, 0.094601867446, 0.017853584252, 0.042813617122, 0.068538358719],
      [0.46574059081, 0.37973231451, 0.027735614677, 0.0069968961144, 0.061014124931, 0.058780458963]
    ],
    [
      [0, 0.13729590328, 0.4448492699, 0.33596356634, 0.010978806396, 0.070912454086],
      [0, 0, 0.97208253856, 0.0077165107011, 0.012231253032, 0.0079696977042],
      [0, 0.75526483838, 0.13576516706, 0.034524824858, 0.040008813426, 0.034436356277],
      [0, 0.78885965758, 0.071955005384, 0.019149824232, 0.08085208047, 0.039183432336]
    ],
    [
      [0.17109893612, 0.23910634037, 0.26376005751, 0.23526088734, 0, 0.090773778672],
      [0.042071404198, 0.0073499258148, 0.93306037393, 0.0049739031338, 0, 0.012544392926],
      [0.02678834312, 0.88258351156, 0.048497156033, 0.013091814368, 0, 0.02903917492],
      [0.32747513195, 0.61756910716, 0.020432318336, 0.007001855353, 0, 0.027521587203]
    ],
    [
      [0.08347347327, 0.10145946735, 0.36642293566, 0.31414780546, 0.0079636868884, 0.12653263137],
      [0.019184498411, 0.0032542060167, 0.95502026298, 0.0056209128881, 0.0089425063252, 0.0079776133827],
      [0.025300143511, 0.68971145753, 0.15950260519, 0.035789673188, 0.035187295246, 0.054508825342],
      [0.27042961961, 0.48919682075, 0.064609754778, 0.019656696793, 0.085220982742, 0.07088612533]
    ],
    [
      [0.083429023416, 0.13602328079, 0.4170188823, 0.27495347715, 0.010418365573, 0.078156970778],
      [0.0176043278, 0.004910871207, 0.9610847735, 0.0026786337573, 0.011059391314, 0.0026620024189],
      [0.021110140831, 0.74533153756, 0.14649547678, 0.024137681572, 0.036810858518, 0.02611430474],
      [0.23071929651, 0.56092143282, 0.062979354279, 0.014619580096, 0.093098499805, 0.037661836495]
    ],
    [
      [0.08097138372, 0.063501879449, 0.34588348139, 0.42054741109, 0.0061564633439, 0.082939381007],
      [0.018989528823, 0.006134252174, 0.95424246831, 0.0067314564461, 0.0074156351293, 0.0064866591157],
      [0.034034533088, 0.59965893608, 0.21081280334, 0.066492751438, 0.038336335638, 0.050664640423],
      [0.34468712115, 0.39430848556, 0.079830168224, 0.034256828684, 0.086197019125, 0.060720377256]
    ],
    [
      [0.11453577844, 0.12528754716, 0.27376213624, 0.33746311074, 0.010470523212, 0.13848090421],
      [0.030732952124, 0.0022696564513, 0.9302129799, 0.0083409145935, 0.016993805976, 0.011449690958],
      [0.027958017731, 0.74227090284, 0.10370332967, 0.033579674738, 0.040566281953, 0.051921793074],
      [0.30343938325, 0.49019895455, 0.038941249222, 0.016865120037, 0.088164840839, 0.062390452101]
    ],
    [
      [0.062476003569, 0.16051046386, 0.27201033319, 0.39074020484, 0.0073856522719, 0.10687734227],
      [0.018352870404, 0.0068325640754, 0.94537963408, 0.0092095077474, 0.01135479895, 0.0088706247435],
      [0.013241317534, 0.807703264, 0.086880379024, 0.034047928299, 0.023373616241, 0.034753494904],
      [0.17005283904, 0.64657390329, 0.040417953238, 0.020804978789, 0.071565875058, 0.050584450585]
    ],
    [
      [0.051184241047, 0.13688107744, 0.26577772975, 0.41462931477, 0.0081289152459, 0.12339872175],
      [0.014746067521, 0.0056768835394, 0.94627276035, 0.009897185466, 0.012877508218, 0.010529594907],
      [0.010583679632, 0.77639465329, 0.097527727005, 0.040259150084, 0.030034579471, 0.045200210522],
      [0.15845573385, 0.62216498, 0.044650422659, 0.024829172967, 0.08409590178, 0.065803788744]
    ],
    [
      [0.058582835026, 0.1391580939, 0.34227157004, 0.33134160795, 0.0082145075913, 0.12043138549],
      [0.013438114848, 0.0044103165842, 0.9581027429, 0.0060449303652, 0.0098594246877, 0.0081444706151],
      [0.012883581778, 0.76245091357, 0.1227318838, 0.030601865232, 0.028783762603, 0.042547993016],
      [0.17288090657, 0.60882885513, 0.055344872091, 0.019046005916, 0.082180665537, 0.061718694755]
    ],
    [
      [0.07553233623, 0.15942717174, 0.32646500463, 0.34912290917, 0.0077674839582, 0.081685094273],
      [0.019107710217, 0.0056539976515, 0.95410118784, 0.0068001272123, 0.0098423699968, 0.0044946070789],
      [0.017462628017, 0.79825344343, 0.10706699069, 0.029786965344, 0.024357957064, 0.02307201545],
      [0.19937023213, 0.62559827367, 0.047411997145, 0.018018952013, 0.072061617425, 0.037538927617]
    ],
    [
      [0.16591163484, 0.063407000717, 0.37563393588, 0.23036419029, 0.0055757695319, 0.15910746874],
      [0.020152800158, 0.017043716092, 0.94490424727, 0.0060716253713, 0.0064549344298, 0.0053726766827],
      [0.056489399677, 0.56572977298, 0.21968754893, 0.03634238822, 0.032876390935, 0.088874499255],
      [0.51765609651, 0.27158258155, 0.0610583171, 0.01334282717, 0.054276761939, 0.082083415735]
    ],
    [
      [0.061793511425, 0.10707977819, 0.2366177878, 0.44036323216, 0.007666156294, 0.14647953413],
      [0.022077622906, 0.0043015061596, 0.93769255485, 0.010657703326, 0.013969128561, 0.011301484202],
      [0.019593038375, 0.73244550141, 0.10353156033, 0.049060100654, 0.033865063639, 0.061504735591],
      [0.21104986112, 0.54586325145, 0.043964837517, 0.028531249538, 0.084323989943, 0.086266810432]
    ],
    [
      [0.15690790098, 0.063944526322, 0.50586974913, 0.20363204329, 0.0077805965888, 0.061865183686],
      [0.013799016908, 0.02031487007, 0.95231767809, 0.0028053094036, 0.007503991279, 0.0032591342523],
      [0.056159277703, 0.55083748454, 0.28371104273, 0.030256172035, 0.044210905734, 0.034825117251],
      [0.49906916609, 0.28988139353, 0.0859086362, 0.012448944736, 0.078920899289, 0.03377096015]
    ],
    [
      [0.12087294907, 0.10245397442, 0.28323870804, 0.36798114511, 0.014283322002, 0.11116990136],
      [0.028958366118, 0.005964345414, 0.9271594186, 0.0088812009918, 0.019755528951, 0.0092811399228],
      [0.030770492943, 0.68781960179, 0.12657557041, 0.042932039324, 0.063404518556, 0.048497776976],
      [0.33508845042, 0.41487066253, 0.04301022661, 0.019844996018, 0.13415019057, 0.053035473853]
    ],
    [
      [0.059414199644, 0.12769390182, 0.28400375174, 0.38982374438, 0.013002120775, 0.12606228163],
      [0.016514265456, 0.0040915435671, 0.9417557016, 0.0086651365472, 0.019132691191, 0.0098406616423],
      [0.014682927437, 0.74344103485, 0.10724204247, 0.038613549455, 0.049181009654, 0.046839436132],
      [0.17616201569, 0.56351648137, 0.046141162763, 0.022514710101, 0.12668694165, 0.064978688427]
    ],
    [
      [0.048230757621, 0.12931220162, 0.20015689665, 0.4859608903, 0.030279632014, 0.10605962179],
      [0.018273738241, 0.030555977331, 0.87761968414, 0.015138900875, 0.044948554746, 0.013463144664],
      [0.012596212813, 0.7321560933, 0.083609473814, 0.048128376777, 0.080541366131, 0.042968477164],
      [0.11881863679, 0.45768491181, 0.029451391629, 0.023611575151, 0.32416221139, 0.046271273228]
    ],
    [
      [0.057929933307, 0.17082651256, 0.26473936958, 0.38327119596, 0.013042024001, 0.11019096458],
      [0.016784322509, 0.0063772397213, 0.93792662571, 0.0089968053413, 0.020564651184, 0.0093503555382],
      [0.0099238202131, 0.80786017797, 0.075759512368, 0.031056464614, 0.041296758328, 0.034103266503],
      [0.14684052678, 0.64336112938, 0.035793996509, 0.018735838496, 0.10686860396, 0.04839990488]
    ],
    [
      [0.075877608479, 0.10597553265, 0.21092113393, 0.46950748756, 0.012488592693, 0.12522964469],
      [0.028465015746, 0.0058259018724, 0.91740915925, 0.01199332233, 0.02374366192, 0.012562938882],
      [0.023751636951, 0.72352156691, 0.09230808571, 0.05123323015, 0.055095339655, 0.054090140625],
      [0.23982988595, 0.49640875758, 0.036267119843, 0.028114805211, 0.13094886071, 0.06843057071]
    ],
    [
      [0.15238721014, 0.11344316958, 0.35719208439, 0.30729957583, 0.024581695142, 0.045096264909],
      [0.029213187363, 0.01139131835, 0.92991593047, 0.007937327685, 0.021542236128, 0],
      [0.036967723119, 0.68195150393, 0.14314626227, 0.035473191596, 0.09363379095, 0.0088275281394],
      [0.34810250146, 0.36057667997, 0.042800069041, 0.013401802136, 0.21923327445, 0.015885672944]
    ],
    [
      [0.13776172242, 0.10375301302, 0.17822267828, 0.46991408724, 0.005306015632, 0.1050424834],
      [0.054407431759, 0.009567580616, 0.89616387854, 0.014863680588, 0.011872931529, 0.013124496972],
      [0.028016875224, 0.75577670766, 0.08352621727, 0.056168195085, 0.024594920523, 0.051917084238],
      [0.40499800219, 0.43569255915, 0.027865577093, 0.025636786932, 0.053194132739, 0.052612941898]
    ],
    [
      [0.07686059707, 0.12002937721, 0.40761866222, 0.28236473448, 0.01485375973, 0.098272869295],
      [0.015844013614, 0.0054184623042, 0.95465416812, 0.0033689441475, 0.014929745023, 0.0057846667907],
      [0.020495749488, 0.70463881775, 0.15371751502, 0.027057262727, 0.056870982501, 0.03721967251],
      [0.21987476602, 0.50955613352, 0.06394704264, 0.015712012187, 0.14189046544, 0.049019580201]
    ],
    [
      [0.062309001719, 0.13406150268, 0.282361802, 0.38640863573, 0.01077865028, 0.12408040758],
      [0.017481975207, 0.0044918796747, 0.94350091244, 0.0086972864983, 0.01608964491, 0.0097383012745],
      [0.015026476412, 0.75939897057, 0.10362256915, 0.037397403265, 0.039686146082, 0.044868434521],
      [0.18270431858, 0.58388905231, 0.04535597784, 0.022164854274, 0.10261390028, 0.063271896716]
    ],
    [
      [0.074993586941, 0.10850265925, 0.31461771902, 0.36859131727, 0.0097475982933, 0.12354711923],
      [0.019775563085, 0.0021860908356, 0.94865957222, 0.0074331213861, 0.013286695032, 0.0086589574407],
      [0.022300977614, 0.71222288547, 0.13249808427, 0.040685572893, 0.0410023414, 0.051290138362],
      [0.23836116508, 0.51676142289, 0.054696575049, 0.022785467418, 0.099140590852, 0.068254778716]
    ],
    [
      [0.051282247067, 0.11017995457, 0.25387669112, 0.44152405255, 0.011128920684, 0.13200813401],
      [0.015533994764, 0.0050109739337, 0.9403164253, 0.0099722000959, 0.01844968436, 0.01071672155],
      [0.014048641631, 0.72645167141, 0.10920036784, 0.048102178796, 0.047592745048, 0.054604395281],
      [0.17388150837, 0.55164349924, 0.046972405905, 0.02876705325, 0.12136065799, 0.077374875255]
    ],
    [
      [0.077482454471, 0.12442698025, 0.31359925826, 0.35191240299, 0.017577000593, 0.11500190343],
      [0.020472077654, 0.0060484657675, 0.93668147863, 0.0072047280313, 0.020938381899, 0.0086548680206],
      [0.020724187119, 0.71510117692, 0.11879747803, 0.034633521572, 0.067783944824, 0.042959691539],
      [0.20819709913, 0.4961841978, 0.0465612311, 0.018550251465, 0.17656069832, 0.053946522187]
    ],
    [
      [0.043059150825, 0.11399651366, 0.34094061312, 0.35068064491, 0.0072269855493, 0.14409609193],
      [0.0079618695588, 0.0050199062678, 0.9626071599, 0.0073190544679, 0.0086413691738, 0.0084506406302],
      [0.0084669438803, 0.72549610686, 0.14128961217, 0.038563658817, 0.029538402117, 0.05664527616],
      [0.15111893945, 0.58964794838, 0.064944054458, 0.023735023364, 0.083792541704, 0.08676149264]
    ],
    [
      [0.050851919885, 0.1832186364, 0.29913296839, 0.29731893943, 0.0073889420245, 0.16208859387],
      [0.012031688047, 0.0097674007503, 0.95122830156, 0.0054317237174, 0.0093436794918, 0.012197206434],
      [0.0056935015998, 0.82209179363, 0.086499488398, 0.020620560151, 0.018706737256, 0.046387918965],
      [0.12818549017, 0.68084385022, 0.041072909978, 0.014281846235, 0.064991143209, 0.070624760182]
    ],
    [
      [0.059692108558, 0.13991877557, 0.24877065609, 0.45172709635, 0.011983357718, 0.087908005714],
      [0.019024472609, 0.0058799212398, 0.93632688266, 0.010988983204, 0.020222696408, 0.0075570438828],
      [0.014444090253, 0.7810466319, 0.087664119349, 0.042085211171, 0.043903106316, 0.030856841006],
      [0.17339762797, 0.60433121615, 0.039331638172, 0.025349223688, 0.11324851094, 0.044341783078]
    ],
    [
      [0.074844248973, 0.13666066849, 0.33621624951, 0.33816823892, 0.013474157696, 0.1006364364],
      [0.018189252826, 0.0036318869201, 0.94851152009, 0.0061637786974, 0.016923297828, 0.0065802636366],
      [0.018373419093, 0.74800537928, 0.1195858398, 0.031090996429, 0.047968747574, 0.034975617822],
      [0.20476582288, 0.55750738915, 0.05054753109, 0.018070344087, 0.1211090614, 0.047999851401]
    ],
    [
      [0.054590812574, 0.098373647354, 0.36953463025, 0.39632339621, 0.0072002841444, 0.073977229473],
      [0.012125709866, 0.0043398873895, 0.96379628846, 0.0070322420994, 0.0081877534499, 0.0045181187357],
      [0.017219229904, 0.70235384341, 0.16628103203, 0.047420310476, 0.033204202459, 0.033521381722],
      [0.2066480901, 0.55130808869, 0.075559075118, 0.02863824655, 0.089439779257, 0.048406720292]
    ],
    [
      [0.066336828703, 0.092382696113, 0.36812308315, 0.3612758126, 0.013610795282, 0.098270784151],
      [0.015340984673, 0.0035283814281, 0.95209460961, 0.0070195875873, 0.014891252643, 0.007125184059],
      [0.02132418069, 0.65936750963, 0.16722691544, 0.043521724902, 0.063489092281, 0.045070577051],
      [0.22617494923, 0.46860499936, 0.068137551496, 0.02378400236, 0.15531414267, 0.057984354883]
    ],
    [
      [0.15442879527, 0.10370422428, 0.23704408268, 0.34866041596, 0.0073715419224, 0.14879093989],
      [0.041655853798, 0.0076848888316, 0.91460691527, 0.011010298258, 0.012590023174, 0.01245202067],
      [0.030184046009, 0.7170380552, 0.11146072085, 0.044396712066, 0.032926475784, 0.063993990089],
      [0.42407025049, 0.39686282745, 0.034148645424, 0.017838532707, 0.060081172621, 0.066998571308]
    ],
    [
      [0.088248954972, 0.031659205513, 0.10431933211, 0.74817408727, 0.0068209039891, 0.02077751615],
      [0.044365788949, 0.01690724101, 0.90475312503, 0.00030226069295, 0.029310360602, 0.0043612237202],
      [0.061348562209, 0.55545562378, 0.12033792595, 0.16672915665, 0.07301450582, 0.023114225596],
      [0.5303574123, 0.24525807857, 0.031052213418, 0.060304408287, 0.11378872238, 0.019239165044]
    ],
    [
      [0.032663911695, 0.11809681681, 0.18833736566, 0.56381142208, 0.0041518874612, 0.092938596299],
      [0.011339422781, 0.011482270683, 0.94128703673, 0.012119908698, 0.0092320008059, 0.014539360307],
      [0.0067488070145, 0.79340089464, 0.080733384252, 0.05562250495, 0.019918480555, 0.043575928592],
      [0.13140735075, 0.66675044533, 0.039193321921, 0.039584881312, 0.062108007839, 0.060955992843]
    ],
    [
      [0.24263681155, 0.13751058742, 0.18509299034, 0.36904023863, 0.0059239205522, 0.059795451518],
      [0.073574374028, 0.026247853457, 0.86351736018, 0.018289464315, 0.012743749805, 0.0056271982192],
      [0.0046269971601, 0.81027644911, 0.086079183737, 0.052676218974, 0.024558064806, 0.02178308621],
      [0.51639605694, 0.37923331544, 0.023762819679, 0.018477178438, 0.041784312505, 0.020346317003]
    ],
    [
      [0.073118274216, 0.11853372678, 0.33271745203, 0.31913495724, 0.0086608020854, 0.14783478765],
      [0.019042708585, 0.0020539579182, 0.95226583062, 0.0061526023969, 0.011362843766, 0.0091220567123],
      [0.020340306297, 0.7268299415, 0.12987717606, 0.032416744232, 0.03411597967, 0.056419852239],
      [0.222535912, 0.54060322003, 0.055032951104, 0.01865276707, 0.08555160789, 0.077623541908]
    ],
    [
      [0.082675453321, 0.10912304547, 0.31428139435, 0.37812573803, 0.0066456716678, 0.10914869716],
      [0.021408190692, 0.0039515592493, 0.9506939369, 0.0075792407032, 0.0084064209417, 0.0079606515175],
      [0.024300406252, 0.72260838713, 0.13529182425, 0.042471400549, 0.028877936663, 0.046450045151],
      [0.26520654479, 0.51997423363, 0.055324219069, 0.023690367211, 0.074845062726, 0.060959572567]
    ],
    [
      [0.031277984176, 0.17855250169, 0.246814921, 0.43120717754, 0.0041832477262, 0.10796416788],
      [0, 0.017999973406, 0.9534035203, 0.012543151564, 0.0039694518394, 0.012083902887],
      [0, 0.84464575941, 0.07417865597, 0.036074574564, 0.0095290413582, 0.035571968702],
      [0.078105411077, 0.75864972025, 0.037542228699, 0.023545796365, 0.049111634856, 0.053045208757]
    ],
    [
      [0.064493306878, 0.11044322425, 0.32218670033, 0.38634963849, 0.014726443439, 0.10180068661],
      [0.016257660594, 0.0046680883983, 0.94639006692, 0.0076397894656, 0.017695561551, 0.0073488330754],
      [0.018272876068, 0.70292962926, 0.13383315893, 0.041885624583, 0.061328646499, 0.041750064652],
      [0.20002080102, 0.50889523227, 0.05497829628, 0.023475623738, 0.15756096551, 0.055069081186]
    ],
    [
      [0.040770394333, 0.12880295543, 0.20012159065, 0.42138742557, 0.010400826696, 0.19851680732],
      [0.013541770394, 0.01280758152, 0.923702053, 0.014616863903, 0.022152641326, 0.013179089857],
      [0.007935732297, 0.76648866876, 0.075187565104, 0.043755108169, 0.040685705054, 0.065947220618],
      [0.12966260586, 0.60005393191, 0.034063632889, 0.02573558976, 0.10370206738, 0.1067821722]
    ],
    [
      [0.086344007759, 0.14050760568, 0.33130071159, 0.32292948494, 0.0081574033167, 0.11076078672],
      [0.021502782691, 0.0046232325586, 0.95097665464, 0.0057222171483, 0.0094642642019, 0.0077108487625],
      [0.021214420634, 0.7647058232, 0.11769226871, 0.02926726949, 0.028346912674, 0.038773305293],
      [0.23489890095, 0.56973914078, 0.04971951142, 0.01707744732, 0.075927150306, 0.052637849227]
    ],
    [
      [0.3187163347, 0.0819817055, 0.23455964893, 0.28832154127, 0.0054235221929, 0.070997247404],
      [0.036827560027, 0.032657670569, 0.89332220917, 0.016191575732, 0.0097138002027, 0.011287184298],
      [0.028634519546, 0.67563280628, 0.16551193394, 0.054250066556, 0.030286072934, 0.045684600742],
      [0.67422308578, 0.22161484525, 0.03245671217, 0.0135362613, 0.032893284489, 0.025275811019]
    ]
  ],
  "expected_outcome": [
    [
      [5.6903019439, 5.661440671, 4.5314526258, 2.2090155247, 1.3233435139, 6.5090595685, 0.63728916138, 3.6182710307, 0.45447835348, 0, 0.51329680835, 5.0918818695, 6.3406057796, 5.9109110116, 2.5197871258, 10.9957766281, 9.2643476295, 11.7751498402, 9.517074365, 4.4796141408, 2.1009793885, 9.1006582569, 20.669274291, 5.7631773654, 1.8809995472, 1.6799680659, 2.9592267307, 1.5238721014, 4.54613684, 12.9894409049, 24.3005106705, 7.6493458679, 6.0513051539, 11.3899208072, 1.5931885805, 3.3562267124, 3.5218344049, 10.7027276031, 1.3101795018, 3.58218875, 5.5594366296, 0.6177426848, 1.0779090859, 14.5582086927, 3.1440857913, 16.2870643042, 0.65683766769, 17.4131928571, 1.1823414356, 18.4776176603, 9.8802063756],
      [12.8896568911, 12.9341874886, 11.5698294333, 7.306433077, 2.8793432624, 11.3263173326, 0.84804497427, 10.6410270918, 0.26545336194, 0.54918361311, 0.71731902111, 6.1890275084, 10.3377693398, 4.6356371998, 2.7563260375, 28.2498416387, 24.7754750163, 27.970776874, 20.0878236392, 1.7119890194, 3.6407124584, 3.7087825267, 17.5196296252, 12.386308477, 5.0431758633, 4.9539688644, 4.1330457732, 1.1344316958, 3.4238494298, 20.2849647478, 52.2839860471, 11.0672712431, 13.0012346387, 18.2907660964, 4.2178710055, 12.0924300023, 8.2552077585, 19.5424755945, 2.3609675365, 4.9886655901, 3.7333520741, 0.22161443859, 3.8971949546, 8.2506352449, 5.0969502514, 21.4972399579, 3.7496025354, 29.8196705467, 3.7352857073, 30.068627615, 2.5414328705],
      [29.1867364221, 40.6305266383, 20.2749934141, 10.8777498077, 7.2300586172, 29.6052498145, 1.4648969474, 30.353866959, 0.51629486657, 1.7793970796, 0.79128017252, 22.3517990753, 31.6934350547, 25.2494941417, 6.0227669972, 47.8738186421, 48.1057690838, 68.7965855787, 41.1345905836, 10.1421162687, 8.0450047852, 29.3404454497, 48.4338190747, 27.548363919, 7.8061189693, 7.6774417179, 8.2259242234, 3.5719208439, 5.8813483833, 68.8875539154, 110.1211027796, 32.0910073404, 29.9574495521, 46.0990909649, 12.6148026855, 19.742775914, 14.6774687095, 48.0789236805, 8.8688311259, 19.8786464901, 8.5335869765, 0.73023532475, 6.2151330667, 11.1055794206, 14.3068504371, 61.9134346866, 5.1831133409, 86.9904090891, 5.8035261288, 70.8983522793, 7.2713491169],
      [39.0781564042, 41.7389078152, 39.4671036709, 14.9425785325, 10.0477504457, 30.2821441094, 1.6525546223, 27.0837218065, 0.38755485548, 1.3438542654, 0.70578266201, 19.163016133, 20.8964642632, 30.6999610094, 7.4241884362, 68.7702760512, 75.0479059733, 66.5996631984, 43.9894865551, 6.2198331377, 14.9723498934, 11.8106585107, 62.9247758144, 37.8129032053, 18.9524747217, 11.1148646829, 18.3107920147, 3.0729957583, 15.5071648788, 47.7196401266, 150.6993679358, 37.5963143613, 52.0998382013, 51.7311232398, 12.9751838616, 19.6230500025, 26.6518986845, 48.3580581658, 9.511761509, 19.5088938804, 12.5517749747, 5.2372186109, 18.6057769287, 22.1424143176, 13.7228031615, 74.4907703919, 9.0553507283, 104.3144023931, 12.2202353416, 69.1069097773, 8.9379677795],
      [0.74889360265, 1.2555717793, 0.56858448392, 0.42714281814, 0.21320176907, 1.4391769581, 0.079911943513, 0.88522634114, 0.019667059886, 0.043915225586, 0, 0.48578490019, 0.79179578351, 0.4494218241, 0.23035151066, 1.2998747999, 1.4713336595, 1.6511160259, 0.97870297873, 0.15054577736, 0.260649314, 0.45127460215, 2.4424480624, 1.2612057151, 1.1809056486, 0.37821869603, 0.48705511501, 0.24581695142, 0.17509851586, 2.5102853944, 4.2036736092, 0.99425502591, 1.3132126408, 2.5838190871, 0.26739846532, 0.48767017362, 0.70701810534, 1.9268045506, 0.17280681947, 0.73498294524, 0.2653755092, 0.047746327924, 0.13701228622, 0.35543523313, 0.37241448967, 1.3091973185, 0.08784820225, 3.9761397285, 0.30162397419, 1.7456843098, 0.16812918798],
      [10.4062547361, 8.7793656076, 6.588036372, 6.2370802399, 3.3063023917, 11.838052217, 0.31730235114, 7.4178867708, 0.35655150265, 0.28364981634, 0.27232133602, 7.7184905136, 5.9399297791, 6.0545748135, 3.0465798926, 18.81041224, 22.3351686376, 24.2067084828, 10.2923218783, 4.295901656, 4.9803041606, 3.5881806538, 19.0100531323, 12.2280413181, 4.1363252499, 3.1955379728, 4.883956143, 0.45096264909, 3.4664019522, 16.6081149108, 48.3913589577, 12.6018061614, 15.5769598132, 16.9052798046, 5.3315554015, 10.6978471952, 5.1865723371, 14.3910104055, 1.7754535074, 5.3066223441, 5.3564738359, 0.14544261305, 3.0669736779, 3.5877270911, 6.3568958689, 21.5022933409, 2.2672475254, 27.4861853856, 5.7569874124, 23.7028083582, 2.2009146695]
    ],
    [
      [5.8258582782, 5.8475594152, 3.6877964324, 2.368070941, 1.9736187673, 8.7441860255, 1.6136942137, 2.2693114129, 0.65795444622, 0, 0.42071404198, 6.6186519518, 3.8201391326, 5.9627120504, 4.5177439622, 5.2856266762, 4.2321213785, 6.6653049648, 4.2036962477, 3.0430728239, 3.8415063857, 6.264753676, 15.0293920153, 5.7139358477, 2.2476698037, 1.1916868981, 4.2982173776, 0.64269012198, 3.2644459056, 9.443032114, 12.6045041241, 4.4297261311, 4.2563145654, 6.9605064024, 1.3216703468, 2.5988446182, 3.842943467, 9.4947899752, 1.8916107391, 3.8352461683, 2.7909422045, 2.9725078596, 0.71438363518, 6.2538217923, 3.7133281742, 10.3615642951, 0, 14.7619558196, 1.6791795289, 17.0302038915, 3.4617906425],
      [1.6423629823, 2.9053940147, 1.5277255313, 1.4052511707, 0.23650548204, 2.0911877129, 0.27434707881, 1.8941262414, 0.055658234102, 0, 0.073499258148, 1.1227010758, 1.0656590519, 1.9261551826, 0.33363949834, 1.9677784537, 1.6292655758, 2.1875170258, 1.2438794833, 2.5736011299, 0.74846207178, 9.2229510118, 3.0954952699, 1.4156740742, 3.7583852117, 0.45278402021, 0.87971118274, 0.25060900371, 0.57405483696, 3.2294035333, 3.2386452454, 0.48968434718, 1.3730068578, 2.056478361, 0.83330444045, 2.1097585621, 1.1877440904, 1.8958449723, 0.67702243276, 0.88209535703, 0.51488755172, 1.1327851477, 0.72338305303, 2.2310675439, 0.40052179406, 1.9125546766, 1.5119977661, 4.2386242656, 1.5881401085, 3.6616001864, 3.0698210335],
      [359.3003201208, 601.8452539981, 195.5983493293, 151.1095639204, 128.4427878422, 458.4925006327, 44.5854491901, 378.141063241, 13.6798341803, 5.8324952314, 9.3306037393, 329.4819907268, 208.55539585, 299.63213505, 136.7413080449, 272.2693346152, 271.5802822204, 475.218960478, 209.9022613256, 142.6805413372, 163.1585045431, 432.3522258517, 481.1957382546, 325.8474727526, 107.9472211495, 66.5927904251, 138.5287830467, 20.4581504704, 53.7698327122, 568.9738841998, 680.2641578659, 212.4997441773, 257.6467005313, 318.4717027334, 159.7927885436, 205.4653131368, 189.1380302965, 495.1230134879, 150.3522209997, 238.0236524022, 61.278663323, 60.6184593767, 59.3010833137, 73.398975615, 185.691836971, 460.1358654577, 80.0858957056, 859.3221807592, 114.5390545719, 753.1735104729, 83.9722876621],
      [3.2186322815, 4.5132885757, 2.4186743175, 1.4026021945, 1.2116111378, 3.106868444, 0.33173086197, 2.4352202328, 0.067426304683, 0.046299064207, 0.049739031338, 1.9392149464, 0.58126352533, 2.1136773241, 1.2261144452, 2.6523382312, 2.8404922287, 2.9982854612, 1.4960279867, 0.91681543107, 1.8544403787, 1.2736104692, 4.6093433148, 2.9981372453, 1.8620848076, 0.63877317923, 1.8109916718, 0.17462120907, 0.89182083526, 2.0078907119, 6.2707435652, 1.6650191905, 2.7323828263, 2.4496075306, 1.2149630417, 1.173252323, 2.2197746072, 3.21749248, 1.0970297675, 1.7548968968, 0.7376899833, 0.020251466427, 0.76355424796, 1.5546044668, 1.1997574674, 3.6683525003, 1.0536247314, 6.9369288348, 1.812491124, 4.5319959814, 1.5220081188],
      [3.8693797585, 8.4790950406, 2.3734358194, 2.6371979115, 1.7542177127, 9.2533457073, 1.1092182912, 5.0970707185, 0.27523815344, 0.073387518195, 0, 3.0851646822, 2.3998879152, 2.3285094306, 2.4980894785, 3.2701820975, 3.6958448584, 4.8902746451, 2.1653213993, 0.97469509889, 2.4306283695, 3.4068120407, 10.2531195255, 6.6199111519, 5.5286722338, 1.4600902341, 3.58529295, 0.47392919481, 0.71237589172, 8.8981280337, 11.6006339804, 2.9762196872, 5.0552135146, 7.1190498457, 1.4344672829, 2.0182347702, 4.0849846745, 8.8339614663, 1.2772895382, 3.7228131608, 0.84353155266, 1.9637941603, 0.58161605077, 1.0832187334, 2.2157545344, 4.0687077358, 0.33343395451, 16.0675698882, 2.7469275244, 7.4956972479, 0.91309721906],
      [3.1434465787, 2.4094089557, 1.3940185702, 2.077313862, 1.381259058, 4.3119114777, 0.085560364255, 2.1632081535, 0.26388868126, 0.047818186225, 0.12544392926, 2.752276617, 0.57765452489, 2.0368109623, 1.6831045708, 2.5547399261, 3.0219937382, 4.0396574251, 0.98881355735, 0.81127417909, 1.9664582512, 1.4796469505, 4.8169116199, 3.4048689282, 1.6559667937, 0.66387524322, 1.8970037711, 0, 0.78746981832, 3.4476614073, 7.0213152189, 1.9396064667, 2.9363817046, 2.942655127, 1.4028063446, 2.6345965898, 1.5265228643, 3.4348976183, 0.70482652277, 1.7812960147, 0.83428538489, 0.29220198925, 0.91597969935, 0.47831184863, 1.7788010589, 3.8529553345, 1.0150478425, 6.6727404325, 1.6342071423, 6.1069922199, 1.060995324]
    ],
    [
      [8.322778278, 6.9552514867, 6.9096141932, 2.5462003088, 2.1531759131, 13.1079680141, 2.9701889872, 2.8886352466, 0.69590188303, 0, 0.42861348993, 4.5287256885, 3.6098340821, 5.9220087573, 3.4108781632, 10.4341582166, 7.1439837519, 13.3087399771, 10.7220536023, 5.8184081667, 2.6254671423, 11.6811297623, 17.4468694985, 9.3677077045, 3.098668352, 2.4015644916, 6.3891903398, 1.7005152635, 5.7994931713, 13.0557924239, 17.4006596848, 5.9097590677, 5.0856082705, 9.2429874552, 2.1336698578, 2.8410572983, 6.1387383574, 18.7592608942, 4.2187113265, 3.4758414524, 3.7126376591, 1.2883198064, 0.49941171908, 0.81897849734, 2.3594755305, 18.5655103767, 0, 19.022063987, 1.1189382539, 22.1902839837, 3.7797565801],
      [446.1227587613, 414.7927927684, 416.6097426389, 278.5863993725, 107.3645596183, 504.6778911402, 88.4773052358, 304.9512033748, 20.2612975734, 12.0842374142, 14.1213361849, 123.4583508971, 127.4516929222, 104.3406548775, 90.5570501459, 636.470172031, 524.0663909677, 787.6117937182, 490.1276142681, 58.2701666168, 98.1476971894, 114.574196785, 389.9937142146, 474.315380234, 180.1103989519, 195.5021630698, 194.6273014985, 31.3697691807, 156.4457784855, 448.8549269068, 879.384007919, 188.7390646484, 262.97550505, 318.9351249051, 182.8250189285, 410.2238050214, 331.9448185596, 763.7134922425, 172.0766916362, 107.4769040701, 88.1956807899, 11.6645680994, 58.711666203, 143.4189314929, 84.3122732141, 552.0728077684, 97.9789080911, 731.7497440631, 108.0749022949, 799.882291063, 89.1835304291],
      [65.8119698592, 84.6153500296, 46.7150147597, 25.1975241059, 17.2766213245, 85.9901937492, 9.6126832207, 56.7697783198, 2.554250421, 2.1722426729, 0.77595449653, 28.5509663285, 25.0507265297, 36.6814277803, 12.6518062196, 68.4617386707, 65.8312157284, 126.7820359667, 65.739132285, 22.6278175403, 13.8732290838, 59.0118968886, 71.7683484233, 68.4204230978, 20.5679305583, 18.3338019931, 24.830875056, 6.5847280643, 17.289926975, 97.9180570706, 119.9949350774, 35.1119923303, 39.5305331564, 52.9836752003, 35.6049822658, 43.1632447107, 37.2572507235, 122.0971424402, 40.7388528462, 27.2579872173, 13.7096686646, 2.5270964449, 5.9742704347, 15.2360155215, 15.065752423, 103.3629537297, 8.6047240925, 139.3203184502, 10.6014466797, 123.1061130731, 21.8475752802],
      [22.9444116426, 22.9514143119, 23.4535639417, 9.7534197926, 6.2294182796, 22.8272947423, 2.8841587843, 13.2960703411, 0.48204677481, 0.55239719772, 0.20946902989, 6.4063515007, 4.1275435489, 11.5697387502, 4.096720318, 26.8297674992, 27.1749263066, 31.6117267844, 18.2891967212, 3.7432659867, 6.5740534877, 6.2932837832, 24.3424662969, 24.6354445524, 11.8395806871, 7.5156644365, 13.7817389103, 1.6317668134, 11.6268163825, 17.2354763571, 43.3061929809, 10.7816768166, 17.4129887242, 15.4465506212, 9.718042022, 10.2896595155, 17.8862147475, 31.7439073541, 11.6179760667, 7.094041159, 5.4607955841, 3.5013122895, 4.1160653663, 9.3236907585, 3.7603423309, 32.4481500194, 4.1846506494, 43.6029351912, 6.1694702518, 30.6135638862, 7.1610087853],
      [16.5324240273, 26.2396835846, 12.7858684785, 10.5925861236, 5.1893247942, 40.7685162754, 5.6872511872, 16.5689187961, 1.1559676623, 0.64014101481, 0, 6.298525849, 6.2946568065, 6.670522401, 4.9490863982, 18.4184095977, 20.2733411432, 29.7336267686, 14.9557856371, 3.3862682663, 4.5379185277, 9.1958683927, 35.9503620212, 31.3774841591, 19.8131760683, 9.9938155155, 14.8206463671, 4.3071543837, 5.0911485483, 36.226815853, 45.956557163, 10.8656204711, 17.2285737073, 30.2316393917, 7.4436773334, 9.3346618907, 18.6588201843, 48.9760912732, 8.1350296024, 10.3487220419, 4.0499565214, 1.5333046222, 1.4739675611, 4.3467774707, 3.9574536418, 22.0627436103, 1.1053687976, 63.8431210056, 5.7366844126, 29.6508706573, 3.9977616273],
      [23.2656574317, 17.4455078188, 14.5261959879, 15.3238702967, 7.7869000704, 33.6281360788, 1.3684125849, 13.5253939216, 1.8505356854, 0.55098170043, 0.46462679871, 9.7570797362, 4.4655461106, 8.8156474336, 6.3344587551, 27.3857539847, 30.5101421022, 43.9520767851, 14.1662174863, 9.1540734233, 8.2416345691, 7.2436243882, 27.4982395456, 29.8835602522, 10.5702453824, 8.2529904936, 14.5502478282, 0.40606629441, 10.7468364373, 23.7089313886, 51.957647175, 13.5918866658, 19.7667910916, 19.1600224266, 14.2746095924, 23.1475715633, 13.1141574277, 35.7101057959, 8.212738522, 7.3465040593, 7.8712607809, 0.48539873752, 3.2246187158, 3.8556062591, 6.5447028597, 35.4878344953, 4.1263483694, 43.4618173029, 9.2985581071, 40.5568773367, 6.0303672979]
    ],
    [
      [13.1610615, 12.5357484271, 9.8711367486, 6.8767132256, 3.5498618057, 19.6387863918, 2.7788276377, 8.2237823097, 4.1916653173, 0, 1.6373756597, 6.7607404902, 6.2294210057, 6.2043681808, 4.5515907488, 14.2844384791, 12.3595472401, 16.2508052179, 13.557175785, 4.6589048686, 4.4320470836, 24.9534583047, 35.8544641952, 12.1551790823, 6.7726622971, 5.7267805444, 9.3533655519, 3.1329225131, 15.3899240831, 14.5117345572, 30.6943255206, 10.0111689332, 10.6067720103, 15.4065853353, 6.9514712149, 8.2038713711, 8.4964837706, 19.0432215275, 5.5794984326, 6.1067236293, 5.9369835068, 2.1214296492, 1.7082955598, 27.3689910176, 3.7831105041, 26.785861024, 2.3431623323, 26.8027873364, 4.0195407816, 65.3018944645, 18.8782464018],
      [44.3452213653, 42.3676257282, 37.2927023965, 33.7019163798, 11.5195916373, 50.9046038143, 5.4003027112, 35.5136432921, 3.4175908306, 2.3665789727, 3.0878455358, 12.2299205187, 15.1448786861, 7.09755274, 7.3529843182, 54.3122078766, 48.5288684402, 57.229912382, 42.5406826094, 2.4442432339, 11.4631282804, 14.4940696765, 44.3911608903, 38.8826372148, 26.0880399731, 25.0910840456, 19.3599415455, 3.2451901197, 16.5563172478, 33.6307048121, 98.0933607884, 21.7039797613, 33.6502534535, 36.7176306375, 27.1238056255, 43.5740064142, 29.6122295915, 51.8481871907, 14.8853183946, 12.6523349827, 5.5560795843, 0.9810323143, 8.6677557893, 20.0993657183, 9.1902547404, 52.517397597, 22.7594916074, 68.1919611246, 18.6016718893, 158.3874811356, 6.2052156669],
      [3.7009735979, 4.9088693341, 2.4116424969, 1.8151621661, 1.0505322161, 4.9120558036, 0.33697064186, 3.7352914802, 0.2496205321, 0.21586501615, 0.10216159168, 1.6152438694, 1.7004425655, 1.436943028, 0.58411873834, 3.395108072, 3.4827329674, 5.2024179766, 3.2240158058, 0.5495248539, 0.92326158785, 4.29543181, 4.6020942473, 3.1837402306, 1.6787293229, 1.3959658639, 1.4144176739, 0.38520062137, 1.0588919295, 4.2205048143, 7.6198042771, 2.297256152, 2.8653167602, 3.4455311014, 2.9874265051, 2.6286662386, 1.9272502704, 4.7009203914, 2.0400950282, 1.8397138904, 0.47808103593, 0.12420885367, 0.50951318497, 1.259429443, 0.93556016877, 5.587746126, 1.126266861, 7.3670917015, 1.0559726196, 13.8220241747, 0.90878794076],
