{
  "Z_true": {},
  "V_true": [
    [459, 16, 83, 1084, 17],
    [633, 261, 441, 13357, 181],
    [174, 261, 12260, 1256, 365],
    [27, 1002, 459, 662, 51],
    [120, 69, 347, 415, 304]
  ],
  "p_true": [
    [0.2767, 0.0096, 0.05, 0.6534, 0.0102],
    [0.0426, 0.0175, 0.0297, 0.8981, 0.0122],
    [0.0122, 0.0182, 0.8564, 0.0877, 0.0255],
    [0.0123, 0.4552, 0.2085, 0.3008, 0.0232],
    [0.0956, 0.055, 0.2765, 0.3307, 0.2422]
  ],
  "Z_est": [
    [
      [3.6039, 2.149, 0.177, 1.9999, 0.8891, 3, 4, 6, 0, 0.5838, 0.235, 0.2019, 4, 0.9958, 7, 3, 3, 2, 1, 2, 0, 3, 0.5697, 0.666, 0.5731, 3, 1.9998, 3, 0.9997, 0.2973, 2, 3, 1.9996, 0.2554, 0.2024, 0.4964, 0, 2, 3, 1.5777, 0.2636, 5, 4, 5, 4, 3, 5, 3, 3, 2, 1.999, 3, 2.0005, 3, 2, 0.6504, 0, 9, 9, 10],
      [0.2134, 0.0762, 0.0222, 0.0001, 0.1025, 1, 1, 6, 0.3393, 0.346, 0.2882, 0, 2, 0.0004, 7, 2, 2.41e-13, 2.8304e-08, 0.0001, 1, 0.0725, 1.0123e-06, 0.0713, 0, 0.0034, 2, 0.0002, 1, 0.9996, 0.1413, 1, 1, 0.0008, 0.0725, 0, 0.0555, 0, 2.4534e-07, 2, 0.7432, 0.0621, 2, 1, 2, 1, 1, 4, 1, 3, 2, 1.0005, 7.878e-13, 0.0007, 1, 1, 0.0508, 0, 1, 5, 6],
      [6.8103, 1.9754, 0.4174, 2.0002, 2.5411, 14, 15, 60, 1.1659, 1.2946, 2.0255, 0.3266, 13, 0.9997, 63, 24, 13, 6, 3.0032, 10, 0.2688, 6, 0.5048, 0.1966, 0.3831, 8, 2.9998, 7, 0.0006, 1.2093, 6, 6, 3, 0.918, 0.3653, 0.4061, 0, 2, 10, 2.3569, 0.5256, 17, 14, 20, 13, 7, 39, 10, 19, 10, 8.001, 12, 6.0009, 16, 22, 0.6784, 0, 24, 46, 37],
      [10.3134, 4.778, 0.3618, 3.9997, 2.2537, 15, 21, 73, 1.434, 2.6907, 3.3085, 0.4715, 32, 2.0041, 70, 25, 10, 5, 1.9967, 13, 0.6587, 8, 0.8543, 0.1374, 1.0228, 9, 4.0001, 11, 1.9997, 2.1685, 8, 10, 4.9992, 1.7219, 1.4323, 1.0215, 0, 9, 19, 4.0526, 1.1206, 17, 13, 39, 20, 8, 42, 13, 27, 12, 7.9995, 13, 3.9979, 11, 13, 1.5802, 0, 35, 70, 58],
      [0.0589, 0.0213, 0.0215, 0.0001, 0.2136, 7.6689e-13, 1, 4, 0.0608, 0.0849, 0.1427, 0, 8.6142e-17, 9.9983e-06, 2, 1, 1.2667e-14, 2.6369e-10, 2.4515e-06, 6.6273e-06, 0, 3.5157e-09, 0, 0, 0.0176, 9.9687e-10, 9.186e-07, 4.5816e-10, 0.0002, 0.1837, 1.5278e-10, 1.2778e-08, 0.0004, 0.0322, 0, 0.0205, 0, 2.5179e-07, 4.8253e-13, 0.2696, 0.0281, 1, 1.165e-06, 1, 1, 6.8041e-09, 1, 1, 1, 3.2574e-16, 3.843e-08, 3.3455e-14, 0, 2.8425e-13, 1, 0.0402, 0, 1, 6, 3]
    ],
    [
      [3.2392, 2.9917, 0.8965, 7.9996, 2.3125, 7, 16, 57, 0, 0.1729, 0.4769, 1.3137, 16, 3.998, 33, 11, 6, 4, 1.9994, 6, 0, 3, 2.3065, 2.1526, 1.9939, 11, 4.9998, 12, 2.9996, 0.8884, 8, 10, 6.9999, 1.4655, 0.5471, 1.8958, 0, 5, 18, 1.801, 0.7232, 20, 11, 11, 9, 10, 14, 18, 17, 9, 6.9984, 8, 1.9987, 15, 9, 1.8493, 0.5526, 17, 84, 75],
      [1.2528, 3.7097, 0.424, 10.9993, 1.6365, 16, 24, 96, 1.6614, 4.3877, 2.0514, 0, 32, 9.9919, 41, 23, 17, 8, 5.9894, 6, 0.4736, 13, 1.0452, 0, 2.5003, 12, 12.0008, 7, 5.9989, 1.0726, 16, 10, 4.9982, 1.113, 0, 2.6801, 0, 8, 29, 1.151, 1.762, 17, 6, 13, 15, 9, 22, 14, 22, 18, 9.0016, 12, 4.9958, 16, 17, 0.5664, 0.5099, 7, 70, 56],
      [14.3667, 11.5715, 6.0546, 62.9999, 21.2995, 123, 175, 827, 6.4076, 14.7548, 11.2718, 4.0183, 130, 39.0059, 390, 202, 218, 81, 47.9798, 48, 1.337, 72, 5.6226, 1.6621, 23.6875, 60, 60.9999, 57, 21.9994, 9.3557, 120, 77, 39.9998, 10.789, 2.3151, 5.8795, 2.179, 34, 121, 7.7907, 11.4121, 91, 62, 74, 85, 66, 196, 108, 130, 128, 61.9953, 133, 40.002, 187, 225, 5.8385, 1.7501, 70, 534, 326],
      [25.6783, 23.8341, 5.9387, 133.0012, 18.5768, 132, 236, 993, 8.3883, 31.7256, 23.4556, 7.668, 322, 77.0107, 433, 206, 172, 60, 36.0249, 63.0001, 3.1894, 101, 9.0257, 1.1853, 55.7649, 71, 73.9997, 93, 77.0023, 21.0601, 160, 119, 78.0016, 21.9725, 10.1378, 16.3814, 1.5246, 122, 230, 13.2614, 19.8375, 90, 56, 141, 131, 73, 213, 146, 184, 152, 63.0032, 136, 26.0006, 128, 130, 11.3162, 1.809, 100, 803, 513],
      [0.463, 1.8931, 0.6862, 2, 0.1747, 7, 14, 54, 0.5427, 0.959, 1.7443, 0, 9, 2.9935, 17, 8, 9, 3, 2.0066, 2, 0, 6, 0, 0, 1.0535, 6, 3.9998, 6, 3.9998, 1.6231, 6, 8, 1.0004, 0.66, 0, 1.1632, 0.2963, 3, 11, 0.996, 1.2652, 5, 3, 3, 6, 5, 9, 12, 7, 8, 2.0016, 4, 0.0029, 4, 11, 0.4297, 0.3785, 3, 69, 34]
    ],
    [
      [2.9289, 1.8342, 1.5915, 4.0004, 2.7033, 7, 14, 54, 0, 1.1951, 0.2628, 0.4844, 7, 1.0061, 39, 12, 9, 6, 2.9976, 5, 0, 3, 1.1879, 1.1814, 1.3369, 9, 3.0001, 9, 1, 0.7104, 7, 8, 3.9996, 1.132, 0.1618, 0.2306, 0, 1, 10, 1.0476, 0.8362, 23, 14, 8, 8, 10, 17, 16, 15, 9, 7.0016, 12, 3.9982, 23, 17, 1.0886, 0.2738, 13, 61, 53],
      [0.4356, 1.1411, 0.447, 5.0006, 2.1327, 14, 19, 91, 2.123, 3.1376, 0.5867, 0, 13, 5.0015, 45, 25, 20, 8, 9.0106, 7, 0.3058, 10, 0.5145, 0, 0.4204, 8, 12.9989, 6, 1.0002, 0.6457, 12, 6, 3.0004, 0.6596, 0, 0.7933, 0, 3, 15, 0.7689, 0.8861, 19, 8, 8, 10, 6, 26, 10, 22, 17, 10.999, 14, 3.9972, 25, 33, 0.3082, 0.2599, 4, 51, 39],
      [13.5948, 7.7582, 11.4928, 30.9999, 29.292, 135, 160, 795, 8.8844, 19.9639, 6.7551, 1.6551, 63, 22.9875, 453, 237, 319, 121, 85.0163, 56, 0.8535, 70, 3.7429, 1.1412, 9.5101, 50, 57.0006, 46, 9.9987, 7.7152, 108, 62, 26.9992, 7.5809, 0.8151, 2.7638, 2.8613, 11, 67, 6.3253, 10.6586, 111, 90, 60, 81, 66, 249, 98, 125, 136, 80.0021, 184, 75.0101, 309, 451, 4.6087, 1.1632, 56, 390, 236],
      [20.9392, 17.0434, 9.6406, 68.999, 20.6812, 141, 211, 953, 10.1391, 24.6165, 11.45, 2.8605, 149, 41.0003, 504, 240, 250, 89, 61.9761, 70.9999, 1.8408, 97, 5.5547, 0.6773, 22.4031, 58, 68.9999, 72, 26.001, 15.6114, 140, 92, 50.0007, 15.4339, 3.0231, 5.0607, 1.7393, 37, 130, 8.8452, 15.8281, 109, 80, 109, 120, 72, 271, 129, 176, 158, 78.9984, 187, 45.9949, 210, 262, 8.8357, 1.0967, 79, 586, 368],
      [0.1015, 1.2231, 0.8282, 1.0001, 1.1908, 8, 12, 52, 0.8536, 0.087, 0.9454, 0, 4, 1.0047, 20, 10, 13, 5, 2.9994, 3, 0, 5, 0, 0, 0.3294, 5, 3.0005, 4, 1.0001, 1.3173, 5, 6, 0, 0.1937, 0, 0.1516, 0.3994, 1.3742e-07, 6, 1.0129, 0.791, 6, 4, 2, 6, 5, 12, 11, 6, 8, 1.999, 6, 0.9997, 7, 22, 0.1587, 0.2065, 3, 50, 24]
    ],
    [
      [0.0254, 0.0052, 0.0878, 0.0001, 0.0951, 1, 2, 7, 0, 0.023, 0.0131, 0, 2, 0, 6, 2, 1.7254e-13, 1.0397e-07, 0.0001, 7.015e-08, 0, 3.961e-09, 0.4023, 0, 0.048, 2, 0.0002, 1, 0.0005, 0.0609, 1, 1, 0.0005, 0.1471, 0.0588, 0.2444, 0, 1.1599e-07, 2, 0.5547, 0.1571, 3, 1, 1, 1, 1, 2, 2, 2, 1, 1.0005, 1, 0.0017, 1, 1, 0.174, 0.1116, 1, 8, 7],
      [0.0112, 0.0226, 0.0413, 1, 0.1283, 2, 3, 12, 0.764, 0.0902, 0.015, 0, 4, 1.0038, 7, 3, 2, 1, 0.9997, 6.6755e-06, 0.1481, 2, 0.1789, 0, 0.0518, 1, 2.0001, 1.3218e-08, 0.0009, 0.1131, 2, 1.2563e-08, 0.0004, 0.1549, 0, 0.3411, 0, 1.4593e-06, 4, 0.3248, 0.2681, 3, 8.7653e-08, 1, 1, 5.445e-09, 3, 1, 3, 2, 1.9995, 1, 0.0052, 1, 2, 0.0171, 0.1674, 2.6067e-12, 6, 5],
      [0.1917, 0.8199, 0.9212, 5.9999, 2.8674, 23, 30, 110, 3.1342, 1.9307, 0.2135, 0, 17, 5.0078, 71, 38, 32, 16, 11.0036, 8.9999, 0.5407, 14, 1.6663, 0, 0.7286, 10, 14.9998, 8, 2.0004, 1.0595, 19, 9, 5.0009, 1.7121, 0.3217, 2.37, 0.5256, 5, 17, 2.2242, 3.302, 20, 12, 10, 13, 9, 33, 17, 25, 22, 15.0011, 21, 8.9866, 25, 42, 0.8143, 0.8006, 6, 52, 34],
      [0.7605, 2.3895, 0.8734, 16, 2.4883, 27, 43, 133, 3.6848, 4.9124, 0.7406, 0, 46, 11.9899, 81, 38, 27, 14, 9.9997, 12, 1.3112, 22, 2.7525, 0, 5.1401, 15, 17.9998, 16, 11.9977, 2.5741, 28, 16, 13.9981, 4.8717, 1.6195, 5.946, 0.4131, 17, 33, 4.444, 6.0702, 19, 12, 21, 22, 12, 39, 25, 34, 29, 16.9984, 21, 6.006, 19, 24, 1.9418, 0.783, 10, 79, 54],
      [0.0112, 0.7629, 0.0764, 0, 0.4209, 1, 2, 7, 0.417, 0.0438, 0.0178, 0, 1, 0.9984, 3, 1, 1, 5.5676e-08, 0.997, 8.4854e-08, 0, 1, 0, 0, 0.0315, 1, 0, 9.5581e-10, 0.0006, 0.1924, 1, 7.6239e-09, 0, 0.1141, 0, 0.0986, 0.0613, 1.5712e-07, 3, 0.4523, 0.2026, 1, 1, 3.1926e-09, 1, 5.5142e-11, 1, 1, 1, 1, 0.0005, 2.3631e-12, 0.0005, 1.5412e-20, 2, 0.0528, 0.1375, 1.7537e-12, 6, 4]
    ],
    [
      [0.2026, 0.0199, 0.2472, 0, 0, 8.5813e-14, 1, 3, 0, 0.0254, 0.0121, 0, 4.9399e-16, 0.0001, 3, 1.1493e-19, 1.1793e-13, 1.5289e-08, 0.0029, 0, 0, 1.8601e-09, 0.5337, 0, 0.0481, 1, 0.0001, 1, 0.0002, 0.0429, 2.0125e-12, 1.2778e-08, 0.0005, 0, 0.0299, 0.1328, 0, 4.2857e-08, 2, 0.0191, 0.0198, 1, 1, 1, 1, 1, 1, 2, 1, 1, 0.0005, 9.9147e-14, 0.0009, 2.8327e-20, 1, 0.2376, 0.0621, 1, 8, 6],
      [0.0869, 0.0504, 0.0656, 3.4206e-08, 0, 3.5645e-13, 1, 5, 0.1123, 0.0385, 0.0588, 0, 1, 0.0024, 3, 1, 2.778e-13, 4.3445e-08, 0.0003, 6.6481e-06, 0, 1.9687e-09, 0.1902, 0, 0.024, 1, 0.9999, 9.1816e-10, 0.0003, 0.0273, 3.0462e-10, 2.4698e-09, 0.0001, 0, 0, 0.1299, 0, 1.6507e-06, 3, 0.0121, 0.0217, 1, 1.1014e-08, 1, 1, 1, 2, 1, 1, 2, 0.9995, 2.331e-12, 0.0011, 4.6059e-20, 1, 0.0576, 0.0628, 7.8818e-12, 6, 5],
      [1.0365, 0.875, 1.114, 2.0002, 0, 8, 13, 47, 0.4079, 1.0561, 0.7341, 0, 5, 1.9992, 35, 15, 12, 6, 2.9971, 6.0001, 0, 4, 1.4633, 0, 0.6908, 6, 6.9999, 4, 1.0008, 0.6604, 5, 5, 3, 0, 0.1828, 0.5806, 0.434, 1, 13, 0.303, 1.1018, 9, 6, 10, 11, 10, 22, 13, 9, 15, 7.0005, 10, 3.0004, 7, 26, 1.0601, 0.2861, 5, 54, 29],
      [1.3087, 1.955, 1.1855, 4, 0, 9, 18, 56, 0.3538, 2.0548, 1.0452, 0, 13, 3.995, 39, 17, 10, 4, 2.0026, 7.9999, 0, 5, 2.8128, 0, 1.6691, 7, 9.0005, 7, 4.9993, 1.586, 7, 8, 5.0003, 0, 0.7873, 2.5904, 0.323, 6, 25, 0.3968, 1.1435, 10, 6, 19, 18, 12, 24, 18, 13, 18, 7.0005, 11, 3.0007, 5, 16, 2.3261, 0.3113, 8, 81, 47],
      [0.3654, 1.0996, 0.3877, 1.9997, 0, 3, 3, 5, 0.126, 0.8253, 0.1499, 0, 3, 1.0034, 4, 2, 2, 2, 0.997, 2, 0, 2, 0, 0, 0.5681, 2, 2.9996, 3, 1.9993, 0.6835, 1, 3, 1.9992, 0, 0, 0.5662, 0.243, 2, 2, 0.2691, 0.7132, 2, 2, 3, 2, 3, 4, 4, 2, 3, 1.999, 3, 0.9969, 2, 2, 0.3186, 0.2776, 2, 9, 5]
    ]
  ],
  "V_est": [
    [149.3863, 62.6629, 619.3751, 801.3793, 26.1964],
    [615.5724, 763.9734, 5704.3455, 7404.7757, 384.333],
    [546.1909, 660.5744, 5942.1505, 6815.2907, 351.7935],
    [63.212, 81.8476, 863.144, 1146.7063, 46.09],
    [38.6384, 39.9416, 460.9849, 605.8479, 109.5871]
  ],
  "p_est": [
    [0.09, 0.0378, 0.3733, 0.4831, 0.0158],
    [0.0414, 0.0514, 0.3835, 0.4979, 0.0258],
    [0.0382, 0.0461, 0.4151, 0.4761, 0.0246],
    [0.0287, 0.0372, 0.3922, 0.521, 0.0209],
    [0.0308, 0.0318, 0.3673, 0.4827, 0.0873]
  ],
  "EI_Z": {},
  "EI_V": 41.1697,
  "MAE_Z": {},
  "MAE_V": 1129.827,
  "MAE_p": 0.1491,
  "runtime": 0.4297
}
