{
  "Z_true": {},
  "V_true": [
    [191, 339, 224, 15613, 1369],
    [368, 491, 5387, 819, 805],
    [29, 953, 186, 388, 123],
    [352, 85, 295, 979, 1312]
  ],
  "p_true": [
    [0.0108, 0.0191, 0.0126, 0.8803, 0.0772],
    [0.0468, 0.0624, 0.6845, 0.1041, 0.1023],
    [0.0173, 0.5676, 0.1108, 0.2311, 0.0733],
    [0.1164, 0.0281, 0.0976, 0.3239, 0.434]
  ],
  "Z_est": [
    [
      [0, 0, 0.5138, 0.1782, 1.6688, 0, 0, 0, 1.6458, 1.0384, 0.6394, 0, 0.1297, 0, 0.5888, 0, 0.1838, 0, 0.9517, 0, 0.3261, 0.6858, 1.1269, 0, 0, 0.3889, 0, 0, 0, 0, 0, 0.4872, 0.1504, 0, 0],
      [0, 0, 4.8646, 0.2901, 5.3794, 0, 0, 8.8588, 6.7371, 5.358, 4.2951, 0, 0, 0, 0.8232, 0.5741, 1.9883, 0, 4.2459, 0, 3.0892, 0.602, 6.3961, 0, 0, 0.0842, 7.0162, 0, 7.379, 2.2747, 0, 5.3962, 0.8554, 0, 0],
      [0, 0, 0.5393, 2.5091, 22.9998, 0, 0, 0, 5.3545, 11.1152, 3.2379, 0, 2.5683, 0, 3.2593, 0, 3.2173, 0, 8.2435, 0, 2.2504, 4.0529, 4.365, 0, 0, 3.567, 0, 0, 0, 0, 0, 3.9266, 1.3964, 0, 1.9106],
      [28.1915, 258.514, 683.5854, 225.4991, 1036.6293, 46.7465, 618.98, 599.6639, 454.9925, 914.8012, 467.615, 277.3069, 132.2791, 688.4541, 169.507, 607.2972, 415.2996, 761.0639, 693.5318, 590.0229, 246.3799, 166.3661, 574.6335, 375.2264, 384.7939, 66.4057, 372.8821, 167.9143, 621.9955, 374.3462, 56.9646, 633.5298, 175.6032, 1527.2527, 77.1415],
      [7.8085, 35.486, 107.4968, 22.5235, 110.3227, 10.2535, 78.02, 69.4773, 70.2701, 104.6871, 61.2126, 43.6931, 20.0229, 79.5459, 20.8217, 81.1286, 42.3111, 120.9361, 91.0272, 85.9771, 41.9545, 21.2932, 77.4785, 48.7736, 45.2061, 10.5541, 43.1017, 34.0857, 75.6254, 34.3791, 14.0354, 74.6602, 15.9947, 266.7473, 5.9479]
    ],
    [
      [4.4151, 8.0263, 27.5827, 1.6452, 59.2253, 3.2997, 18.9448, 46.3458, 25.0754, 80.5875, 7.255, 10.7353, 22.1639, 6.489, 6.9864, 74.0062, 7.4201, 23.4767, 6.9184, 7.5234, 3.6508, 4.4451, 19.9332, 9.2159, 5.1626, 7.6605, 13.0695, 7.353, 43.4648, 1.3941, 1.6428, 35.0478, 6.8876, 38.9214, 2.5252],
      [5.5899, 0.2347, 15.1939, 0.5407, 35.1602, 2.8701, 13.6361, 21.9306, 11.0564, 44.8803, 4.0314, 7.4643, 5.9331, 1.9592, 2.1922, 36.6168, 4.4108, 13.449, 3.6032, 7.0599, 3.7526, 1.2437, 9.6835, 5.4084, 9.2294, 2.3042, 8.2986, 3.5331, 39.3316, 2.4003, 5.2945, 24.8159, 3.2544, 28.5277, 0.2271],
      [52.8954, 92.4436, 256.9427, 16.1839, 719.4536, 45.8576, 156.2154, 266.5164, 169.4694, 842.1133, 67.961, 69.6207, 177.8593, 92.3576, 44.6195, 584.4205, 83.3155, 284.2099, 73.7219, 74.9203, 62.2742, 29.1226, 156.6877, 97.6775, 35.5727, 66.9342, 45.5448, 70.5817, 297.1873, 17.7496, 20.9442, 411.4535, 60.8475, 366.2993, 49.2534],
      [4.5459, 15.0098, 17.7458, 0.9342, 35.9181, 5.1767, 14.7469, 19.8881, 9.795, 48.7111, 4.4327, 8.4039, 7.9382, 7.7971, 2.6326, 49.1739, 5.6006, 27.9439, 4.4295, 7.2466, 3.6045, 1.5899, 10.1802, 8.8492, 10.0752, 0.4363, 4.3483, 15.1655, 24.3868, 1.4545, 2.6686, 26.7208, 4.1745, 48.7773, 2.4335],
      [8.5536, 7.2856, 20.5349, 0.696, 34.2427, 5.7959, 11.4568, 17.3191, 12.6037, 45.7079, 4.3199, 6.7758, 12.1055, 5.397, 2.5694, 43.7825, 4.253, 23.9205, 4.327, 6.2498, 4.7179, 1.5988, 10.5154, 6.849, 3.9601, 3.6648, 3.7389, 9.3666, 21.6295, 1.0014, 3.4499, 23.962, 2.836, 37.4744, 1.5608]
    ],
    [
      [0.307, 1.5243, 4.0034, 0.6539, 5.9849, 0.3413, 6.3939, 6.7947, 7.55, 12.6749, 1.9569, 1.8128, 4.5814, 3.2377, 3.5023, 9.5785, 2.8666, 6.7709, 2.021, 2.905, 2.0775, 2.1583, 6.1586, 3.5566, 2.0003, 1.0847, 3.4303, 1.5155, 9.0306, 0.598, 0.1541, 5.3527, 2.1802, 8.682, 0.9452],
      [5.5978, 7.7284, 36.8662, 3.9076, 61.1402, 5.2557, 55.0952, 48.7041, 53.08, 120.2313, 18.3302, 14.4307, 28.1798, 31.3938, 18.9065, 73.8347, 28.8774, 71.6206, 17.822, 29.5705, 35.2324, 10.5603, 49.0362, 34.0621, 24.4125, 6.8477, 23.1265, 14.6987, 89.0592, 10.1035, 5.1015, 62.1754, 17.7691, 83.564, 11.8567],
      [0.1046, 0.5259, 1.2079, 0.2006, 2.456, 0.1424, 1.66, 1.2764, 1.7388, 4.5223, 0.5949, 0.3793, 1.3476, 1.3872, 0.7742, 2.383, 1.0539, 2.5714, 0.6997, 0.9392, 1.181, 0.4731, 1.602, 1.1845, 0.4273, 0.3529, 0.4108, 0.4183, 1.8127, 0.2504, 0.0558, 2.0752, 0.6354, 2.6103, 0.6809],
      [0.8137, 3.8265, 7.9689, 1.1488, 14.2525, 1.0814, 12.6314, 9.3913, 10.4048, 27.1962, 3.7432, 3.0182, 7.069, 9.1647, 4.4039, 17.4182, 6.6754, 17.8795, 4.0504, 6.8259, 6.6427, 2.5584, 10.157, 8.3646, 4.7354, 1.5299, 3.7046, 3.8015, 15.6462, 1.9106, 0.5801, 13.2041, 4.1268, 19.573, 3.3228],
      [0.1769, 0.3949, 0.9536, 0.089, 1.1665, 0.1792, 1.2196, 0.8335, 1.2265, 2.3753, 0.3749, 0.359, 0.8223, 0.8166, 0.4131, 1.7855, 0.5267, 2.1576, 0.4068, 0.7594, 0.8664, 0.2499, 1.0462, 0.8323, 0.4246, 0.1848, 0.3278, 0.566, 1.4513, 0.1376, 0.1085, 1.1926, 0.2885, 2.5707, 0.1944]
    ],
    [
      [0.2779, 1.4493, 5.9001, 1.5227, 8.121, 0.359, 5.6613, 7.8595, 6.7288, 11.6993, 3.1487, 3.4519, 2.125, 3.2732, 3.9225, 10.4153, 4.5296, 5.7524, 4.109, 3.5716, 1.9456, 3.7108, 5.7813, 3.2275, 1.8371, 0.8658, 4.5001, 1.1315, 8.5046, 2.0079, 0.2031, 6.1123, 1.7819, 10.3966, 0.5296],
      [0.8123, 1.037, 8.0753, 1.2615, 12.3202, 0.8742, 7.2687, 8.5065, 7.1265, 16.5304, 4.3433, 4.105, 1.8871, 4.647, 3.078, 11.9743, 6.7235, 8.9304, 5.3289, 5.3697, 4.9258, 2.594, 6.8841, 4.5295, 3.3581, 0.7639, 4.5587, 1.7682, 13.2302, 5.2215, 1.604, 10.6126, 2.121, 14.9083, 0.9163],
      [0, 0.0305, 0.3101, 0.1064, 1.0906, 0, 0.1246, 0.2072, 0.4373, 1.2493, 0.2062, 0, 0.2249, 0.2552, 0.347, 0.1965, 0.4133, 0.2187, 0.335, 0.1405, 0.2944, 0.3514, 0.3453, 0.138, 0, 0.1459, 0.0445, 0, 0, 0, 0, 0.5447, 0.1207, 0.0904, 0.155],
      [4.4489, 19.6498, 62.6998, 14.4179, 103.2002, 6.9954, 59.6417, 58.0567, 49.8077, 134.2914, 32.2092, 31.271, 17.7137, 49.5841, 26.4566, 101.1106, 56.4244, 81.1128, 43.9883, 44.9045, 33.373, 23.4856, 51.0294, 40.5598, 23.3955, 6.6282, 26.065, 17.1187, 79.9715, 35.2887, 6.7867, 80.5452, 18.0955, 125.397, 10.1022],
      [6.461, 13.8334, 51.0147, 7.6914, 58.2681, 7.7714, 39.3036, 35.3701, 39.8997, 81.2297, 22.0926, 25.1721, 14.0493, 30.2405, 17.1959, 70.3033, 30.9093, 65.9858, 30.2389, 34.0138, 29.4612, 15.8581, 35.9599, 27.5451, 14.4092, 5.5962, 15.8316, 16.9817, 51.2937, 17.4819, 8.4062, 50.1853, 8.8809, 111.2077, 4.2969]
    ]
  ],
  "V_est": [
    [10.7037, 76.5079, 84.5131, 15491.4163, 2072.8591],
    [648.4965, 385.1176, 5959.2276, 462.9358, 414.2225],
    [134.3859, 1208.1784, 40.1359, 268.8215, 27.4784],
    [146.4139, 198.1961, 8.1234, 1575.8265, 1094.4401]
  ],
  "p_est": [
    [0.0006, 0.0043, 0.0048, 0.8734, 0.1169],
    [0.0824, 0.0489, 0.7572, 0.0588, 0.0526],
    [0.08, 0.7196, 0.0239, 0.1601, 0.0164],
    [0.0484, 0.0656, 0.0027, 0.5213, 0.362]
  ],
  "EI_Z": {},
  "EI_V": 8.6682,
  "MAE_Z": {},
  "MAE_V": 262.717,
  "MAE_p": 0.0598,
  "runtime": 0.001
}
