{
  "X": [
    [0, 10, 13, 5],
    [6, 5, 37, 5],
    [0, 4, 4, 5],
    [11, 8, 83, 18],
    [68, 221, 786, 183],
    [39, 92, 371, 73],
    [65, 151, 709, 123],
    [7, 22, 73, 9],
    [53, 98, 323, 87],
    [38, 160, 619, 109],
    [27, 108, 448, 97],
    [28, 27, 424, 54],
    [28, 9, 269, 44],
    [112, 18, 686, 92],
    [46, 7, 351, 33],
    [88, 19, 595, 67],
    [43, 10, 267, 40],
    [87, 20, 498, 48],
    [23, 9, 232, 28],
    [36, 58, 210, 36],
    [28, 294, 655, 146],
    [20, 172, 536, 95],
    [13, 235, 431, 103],
    [9, 314, 652, 130],
    [10, 130, 335, 59],
    [27, 285, 765, 149],
    [17, 226, 507, 89],
    [12, 228, 514, 111],
    [28, 175, 524, 98],
    [47, 176, 565, 98],
    [13, 144, 390, 65],
    [0, 97, 256, 43],
    [10, 142, 224, 61],
    [4, 70, 231, 35],
    [3, 33, 87, 29],
    [91, 479, 1535, 252],
    [39, 58, 246, 34],
    [229, 461, 1718, 321],
    [1, 34, 85, 25]
  ],
  "W": [
    [10, 14, 0, 0, 4],
    [30, 8, 0, 7, 8],
    [3, 6, 0, 0, 4],
    [84, 12, 0, 8, 16],
    [724, 291, 51, 55, 137],
    [364, 122, 16, 24, 49],
    [670, 176, 42, 47, 113],
    [62, 28, 4, 7, 10],
    [312, 119, 24, 36, 70],
    [579, 188, 52, 21, 86],
    [436, 138, 29, 22, 55],
    [415, 38, 17, 35, 28],
    [283, 18, 7, 21, 21],
    [667, 43, 14, 102, 82],
    [350, 14, 5, 48, 20],
    [584, 39, 11, 85, 50],
    [266, 18, 8, 39, 29],
    [494, 30, 14, 78, 37],
    [219, 11, 5, 32, 25],
    [210, 71, 9, 25, 25],
    [491, 418, 59, 24, 131],
    [449, 222, 42, 16, 94],
    [336, 334, 34, 11, 67],
    [522, 419, 53, 9, 102],
    [279, 162, 24, 4, 65],
    [650, 358, 56, 21, 141],
    [411, 309, 22, 14, 83],
    [369, 375, 31, 12, 78],
    [454, 244, 34, 18, 75],
    [505, 222, 31, 44, 84],
    [321, 182, 24, 16, 69],
    [184, 145, 21, 1, 45],
    [173, 180, 25, 12, 47],
    [174, 101, 27, 5, 33],
    [82, 52, 6, 3, 9],
    [1292, 664, 124, 75, 202],
    [235, 73, 8, 33, 28],
    [1747, 586, 50, 158, 188],
    [69, 48, 4, 5, 19]
  ],
  "method": "mvn_pdf",
  "cond_prob": [
    [
      [0, 0, 0.87562800231, 0.12437199769],
      [0, 0.71194007419, 0.1661354881, 0.12192443771],
      [5.2584867597e-07, 0.28920105181, 0.64557726931, 0.065221153028],
      [0.92017199511, 0.0040204815037, 0.075591683612, 0.00021583977251],
      [0, 0.0082097403314, 0.47945578587, 0.5123344738]
    ],
    [
      [0.0071784827645, 0.0023168061893, 0.9301139732, 0.060390737841],
      [0, 0.60634707376, 0.30197338236, 0.091679543875],
      [4.0758219575e-06, 0.15199072219, 0.81053742841, 0.037467773572],
      [0.81905547036, 0.0038514238332, 0.17613592937, 0.00095717643349],
      [0.0064071530677, 0.006594907176, 0.68098027992, 0.30601765984]
    ],
    [
      [0, 0.009547991706, 0.7360898375, 0.2543621708],
      [0, 0.65467110721, 0.14791736051, 0.19741153228],
      [6.8028429311e-08, 0.26756556609, 0.56876536693, 0.16366899895],
      [1, 1.2197363197e-16, 1.9239624314e-15, 6.3074285442e-17],
      [0, 0.010832345409, 0.22605658112, 0.76311107348]
    ],
    [
      [0.037559880567, 0.0037491450375, 0.85110708436, 0.10758389004],
      [0.00055716118205, 0.62885060497, 0.23266090979, 0.13793132405],
      [1.4625477569e-05, 0.20501734062, 0.72742018804, 0.067547845862],
      [0.93642540041, 0.0020735171946, 0.061204475391, 0.00029660700535],
      [0.021680055933, 0.0076422762276, 0.51408988709, 0.45658778075]
    ],
    [
      [0.024363430241, 0.0070892451233, 0.85687067311, 0.11167665153],
      [0.00035244903802, 0.68643003874, 0.19376786009, 0.11944965213],
      [3.4433380933e-05, 0.27706275592, 0.65774777135, 0.065155039355],
      [0.87887242986, 0.0062514526825, 0.11473255738, 0.00014356008036],
      [0.014004190441, 0.0119869694, 0.50645079116, 0.46755804899]
    ],
    [
      [0.041571151992, 0.006766791687, 0.84942996752, 0.1022320888],
      [0, 0.69221916518, 0.19744993716, 0.11033089766],
      [0, 0.27616683665, 0.66450521069, 0.05932795266],
      [0.93750709429, 0.0031298734355, 0.059144862432, 0.00021816984037],
      [0.027916947184, 0.012089047451, 0.52381713098, 0.43617687439]
    ],
    [
      [0.030453978543, 0.0081609033286, 0.87107892822, 0.090306189906],
      [0.00010057188128, 0.73975123039, 0.17536580956, 0.084782388166],
      [0, 0.31644187709, 0.63469102206, 0.048867100851],
      [0.90153153613, 0.0059251500935, 0.092317503216, 0.00022581055759],
      [0.01952346484, 0.015636613532, 0.56209548699, 0.40274443463]
    ],
    [
      [0.015180449653, 0.0058238766035, 0.91783511969, 0.061160554058],
      [0.00051319637806, 0.72702676501, 0.20593543287, 0.066524605735],
      [6.1035167883e-05, 0.27326121464, 0.69114840359, 0.035529346609],
      [0.84889078634, 0.0070304830254, 0.14407873063, 0],
      [0.010196297782, 0.013991199052, 0.65548857302, 0.32032393014]
    ],
    [
      [0.05217548615, 0.010388303447, 0.81623365146, 0.12120255894],
      [0, 0.72215389801, 0.16451073495, 0.11333536704],
      [0, 0.32256346872, 0.60909479082, 0.068341740462],
      [0.95402078174, 0.0029617075797, 0.042918048701, 9.9461977541e-05],
      [0.033950002549, 0.013919867704, 0.46564283644, 0.4864872933]
    ],
    [
      [0.030077693582, 0.0079099487635, 0.86848960445, 0.093522753208],
      [0.00013711273283, 0.73307945525, 0.17759999551, 0.089183436501],
      [0, 0.31119974412, 0.63784029914, 0.050959956736],
      [0.90134607659, 0.0058123409016, 0.092616837423, 0.00022474508555],
      [0.018964774577, 0.015078560754, 0.55398919451, 0.41196747016]
    ],
    [
      [0.017885940314, 0.00747856416, 0.85663508018, 0.11800041535],
      [0.00019143731351, 0.69271384166, 0.18525714717, 0.12183757385],
      [1.600261106e-05, 0.28598222716, 0.6456882463, 0.068313523925],
      [0.84650302383, 0.0082595762394, 0.14499075227, 0.00024664766184],
      [0.010032383163, 0.012175283858, 0.49139750982, 0.48639482316]
    ],
    [
      [0.0053634613369, 0.0036510125509, 0.90212735164, 0.088858174474],
      [0, 0.578633535, 0.28956910134, 0.13179736366],
      [0, 0.17746265879, 0.76698469983, 0.055552641382],
      [0.73193099916, 0.0076742031905, 0.25974376255, 0.00065103510368],
      [0.0055920919515, 0.0075461839318, 0.58870541547, 0.39815630865]
    ],
    [
      [0.030247801976, 0.00054995338115, 0.86268453584, 0.1065177088],
      [0.00050042719205, 0.44047684907, 0.35201218763, 0.20701053611],
      [2.8813088422e-05, 0.11436967136, 0.81003529307, 0.075566222473],
      [0.90761989035, 0.0015158116906, 0.090723982515, 0.0001403154401],
      [0.017649760102, 0.003969531659, 0.52136220458, 0.45701850366]
    ],
    [
      [0.027100523457, 0, 0.89334071006, 0.079558766486],
      [0.016827647578, 0.38768174578, 0.42053361655, 0.17495699009],
      [2.1967977137e-05, 0.094977495109, 0.84876179105, 0.056238745865],
      [0.89584717941, 0, 0.10390541803, 0.00024740255959],
      [0.02223953849, 0, 0.6046071118, 0.37315334971]
    ],
    [
      [0.016602165943, 2.689195537e-06, 0.91507786638, 0.068317278482],
      [0.00028537621463, 0.44846164847, 0.40642640197, 0.14482657335],
      [9.5186342044e-06, 0.10453532526, 0.84748812338, 0.047967032728],
      [0.83244400967, 0.0023312120768, 0.16510001797, 0.00012476028379],
      [0.011394329782, 0.0043010448477, 0.643526783, 0.34077784237]
    ],
    [
      [0.022854892594, 6.544746695e-05, 0.90393269204, 0.073146967895],
      [0.00041501385419, 0.44602167318, 0.40053318237, 0.1530301306],
      [2.0761085434e-05, 0.10854276287, 0.84032757508, 0.051108900958],
      [0.86912660107, 0.0018383299964, 0.12888648887, 0.00014858006612],
      [0.015211354446, 0.0043340996784, 0.62567117708, 0.3547833688]
    ],
    [
      [0.028128507219, 0.00075740448314, 0.87904058041, 0.092073507888],
      [0.00046217893279, 0.47768233484, 0.35097016099, 0.17088532523],
      [3.2042368691e-05, 0.12478113282, 0.81242250605, 0.062764318759],
      [0.89751356763, 0.0017238790766, 0.10040246322, 0.00036009007376],
      [0.017455599391, 0.0046471735786, 0.56698850342, 0.41090872361]
    ],
    [
      [0.031618626881, 0.0020765172082, 0.90214500029, 0.064159855618],
      [0.00044036972672, 0.54811747643, 0.33536677768, 0.11607537616],
      [8.6895739439e-06, 0.15162257739, 0.80407290201, 0.044295831025],
      [0.90442405607, 0.002082980529, 0.093492963404, 0],
      [0.022215924371, 0.0066348011195, 0.64134850679, 0.32980076772]
    ],
    [
      [0.004795348319, 0.0041072022158, 0.91204190809, 0.079055541371],
      [0, 0.60834132737, 0.28010185206, 0.11155682057],
      [0, 0.18265560133, 0.76876304539, 0.048581353283],
      [0.68245013816, 0.0092098826303, 0.30753059542, 0.00080938378253],
      [0.0044565718755, 0.0080309545147, 0.61987629896, 0.36763617465]
    ],
    [
      [0.052955730667, 0.0091175383545, 0.84555785847, 0.09236887251],
      [0, 0.74274812438, 0.17168268946, 0.085569186155],
      [0, 0.32210505507, 0.62794439075, 0.049950554179],
      [0.95494767431, 0.0026843806841, 0.041880105014, 0.00048783999349],
      [0.040224188092, 0.015365804064, 0.5417950651, 0.40261494274]
    ],
    [
      [0.014434907733, 0.0057457033764, 0.88970676251, 0.090112626383],
      [0, 0.65898723817, 0.23150847974, 0.10950428209],
      [0, 0.23925920012, 0.70751019365, 0.053230606229],
      [0.81939099572, 0.0075298866059, 0.17269675149, 0.00038236618315],
      [0.0095196672189, 0.010879267183, 0.57630237875, 0.40329868685]
    ],
    [
      [0.01363247287, 0.0067156476491, 0.89671641737, 0.082935462111],
      [0, 0.70316218199, 0.20727197829, 0.089565839715],
      [0, 0.27336463927, 0.67979170116, 0.046843659573],
      [0.81255098145, 0.0092045690939, 0.17789758633, 0.00034686312523],
      [0.0093425955112, 0.013341296261, 0.59534400628, 0.38197210195]
    ],
    [
      [0.011003912696, 0.0067255872083, 0.88209607506, 0.10017442504],
      [0, 0.66849584666, 0.21668222093, 0.11482193241],
      [0, 0.25321802497, 0.68845955206, 0.05832242297],
      [0.79911563176, 0.0090679650706, 0.19136255727, 0.00045384590048],
      [0.0076479609667, 0.011245215678, 0.54822752372, 0.43287929963]
    ],
    [
      [0.0035333330476, 0.0089872560153, 0.89788044775, 0.089598963191],
      [0, 0.69973233984, 0.20536519652, 0.094902463634],
      [0, 0.27629114357, 0.67379062947, 0.049918226967],
      [0.73509363432, 0.013291228957, 0.25108427273, 0.00053086399246],
      [0.0052917396102, 0.013311277417, 0.58125222663, 0.40014475634]
    ],
    [
      [0.020150594513, 0.0082037912587, 0.89405441059, 0.077591203638],
      [0.00066497450776, 0.73676434058, 0.18629259065, 0.076278094264],
      [8.2597888332e-05, 0.30413785661, 0.653006913, 0.042772632499],
      [0.85670141206, 0.0080762287466, 0.13499137929, 0.00023097990146],
      [0.012945696356, 0.015749316792, 0.60257366663, 0.36873132023]
    ],
    [
      [0.013399462973, 0.0081723054089, 0.8886456227, 0.089782608922],
      [0, 0.72736860038, 0.1852635649, 0.087367834718],
      [0, 0.30260623531, 0.64862806632, 0.048765698364],
      [0.81011048665, 0.010754584979, 0.17875250079, 0.00038242757488],
      [0.0090640343805, 0.015023028977, 0.57431925378, 0.40159368287]
    ],
    [
      [0.012254779184, 0.0069969265881, 0.90423433833, 0.076513955893],
      [0, 0.6991249452, 0.21553973271, 0.085335322092],
      [0, 0.26646572855, 0.68962029182, 0.043913979623],
      [0.80178834139, 0.0093852844069, 0.18851365639, 0.00031271781062],
      [0.0088945659732, 0.013265242116, 0.61382014371, 0.3640200482]
    ],
    [
      [0.0064528595578, 0.0081779562077, 0.90061215915, 0.084757025089],
      [0, 0.58292522239, 0.28952773478, 0.12754704283],
      [0, 0.18197992527, 0.76474914947, 0.053270925263],
      [0.7602788331, 0.0071963003381, 0.2320548872, 0.00046997936083],
      [0.0063531900762, 0.0084313137989, 0.59755551862, 0.3876599775]
    ],
    [
      [0.024094879376, 0.0054816528621, 0.88148798567, 0.088935482093],
      [0.00052976162998, 0.66881984175, 0.2247129862, 0.10593741042],
      [5.0915447861e-05, 0.24653026525, 0.70098259507, 0.052436224235],
      [0.8775764034, 0.0052837565564, 0.11687699868, 0.00026284135882],
      [0.01511408719, 0.011228687697, 0.57383055555, 0.39982666957]
    ],
    [
      [0.017892576466, 0.007618374683, 0.8870605255, 0.087428523347],
      [0.00013883216518, 0.72629946505, 0.18724955155, 0.08631215123],
      [5.58097298e-06, 0.29931919623, 0.65281041948, 0.047864803317],
      [0.84024865962, 0.0088874787135, 0.15053873054, 0.00032513113111],
      [0.011456120364, 0.014813040444, 0.57862151224, 0.39510932696]
    ],
    [
      [0.0034628537637, 0.0092330991225, 0.91014368937, 0.07716035774],
      [0, 0.72865211242, 0.19445146758, 0.076896420001],
      [0, 0.29641321072, 0.66135878581, 0.04222800347],
      [0.72166615542, 0.015158812381, 0.26273271106, 0.00044232114359],
      [0.0049531225382, 0.015435256017, 0.61416484603, 0.36544677542]
    ],
    [
      [0, 0.0054543495984, 0.92501858443, 0.069527065976],
      [0, 0.62406347418, 0.27874628568, 0.097190240134],
      [0, 0.20239485065, 0.75535126628, 0.042253883079],
      [0, 0.68211664796, 0.31738579428, 0.00049755775712],
      [0, 0.012773053465, 0.64885792568, 0.33836902086]
    ],
    [
      [0.0047225442818, 0.011051354531, 0.871960752, 0.11226534918],
      [0, 0.72907238915, 0.16915352592, 0.10177408493],
      [0, 0.31862939599, 0.62181199633, 0.059558607676],
      [0.7466630531, 0.0156380887, 0.23702802026, 0.0006708379331],
      [0.0047456000432, 0.014929652235, 0.51730891672, 0.463015831]
    ],
    [
      [0.0015227078404, 0.0067494904934, 0.92045009833, 0.071277703334],
      [0, 0.62399246422, 0.27638022365, 0.09962731213],
      [0, 0.2013414689, 0.75524345043, 0.043415080666],
      [0.71733413624, 0.0093899072301, 0.27281865303, 0.00045730350062],
      [0.0044963077146, 0.0096721385441, 0.64156405679, 0.34426749695]
    ],
    [
      [0.0068587741886, 0.015227892954, 0.82617544756, 0.1517378853],
      [0, 0.58328003357, 0.21726933038, 0.19945063606],
      [0, 0.22071509991, 0.6672714632, 0.1120134369],
      [0.80067412023, 0.0083448981562, 0.19098098161, 0],
      [0.0039509062042, 0.0079361931658, 0.37544848852, 0.61266441211]
    ],
    [
      [0.019191821763, 0.0056086094918, 0.8947856597, 0.080413909044],
      [0.00019037784692, 0.66213036947, 0.23771773918, 0.099961513499],
      [6.6259745744e-06, 0.23689755839, 0.71510590792, 0.047989907715],
      [0.84693622093, 0.0062716428352, 0.14652762961, 0.00026450663109],
      [0.012657015849, 0.011155647291, 0.60113685172, 0.37505048514]
    ],
    [
      [0.034501983615, 0.0072061028892, 0.88230835286, 0.07598356064],
      [8.360100576e-05, 0.73126294276, 0.19113914719, 0.077514309037],
      [0, 0.29521653476, 0.66204133809, 0.042742127148],
      [0.91609602579, 0.0045012833771, 0.079298911897, 0.00010377893531],
      [0.023384361645, 0.01478915606, 0.59968516201, 0.36214132028]
    ],
    [
      [0.043150695901, 0.0089144293503, 0.84551137266, 0.10242350209],
      [0, 0.72752113575, 0.17457044257, 0.097908421678],
      [0, 0.31487555655, 0.62850912738, 0.05661531607],
      [0.93685789311, 0.0038377127405, 0.059077898097, 0.00022649605379],
      [0.029745676327, 0.014622180493, 0.52039142741, 0.43524071577]
    ],
    [
      [0, 0, 0.87390900872, 0.12609099128],
      [0, 0.66198110647, 0.20375635501, 0.13426253852],
      [0, 0.26250680331, 0.66518259885, 0.07231059784],
      [0.2, 0.20420028831, 0.59422525846, 0.0015744532272],
      [0, 0.0080988544513, 0.4888482458, 0.50305289975]
    ]
  ],
  "expected_outcome": [
    [
      [0, 0.21535448294, 0, 3.1550299676, 17.6391234947, 15.131899325, 20.4041656237, 0.9411878785, 16.2787516789, 17.4149845843, 7.7982699768, 2.2258364548, 8.5601279593, 18.076049146, 5.8107580801, 13.3472572748, 7.4821829203, 15.6196016792, 1.0501812819, 11.12070344, 7.0875396971, 6.1209803187, 3.6973146659, 1.8443998508, 5.6220158691, 8.7096509326, 5.0367142448, 2.3811051768, 10.9390752365, 9.0357511154, 1.1115760582, 0, 0.81700016075, 0.26495116423, 0.56241948346, 24.7958337176, 8.1079661495, 75.3842657393, 0],
      [0, 0.069504185678, 0.028643975118, 0.31492818315, 5.1326134693, 2.4631121741, 5.4678052302, 0.36108034942, 3.2411506755, 4.5798603341, 3.2606539737, 1.5151702086, 0.15563680687, 0, 0.00094121843794, 0.038221320699, 0.20146959251, 1.0257995009, 0.89947728527, 1.9146830544, 2.8211403578, 3.0153257945, 2.259797302, 4.69134764, 2.2888577612, 5.3119985158, 2.8757368277, 3.0176658406, 2.4886703994, 3.8472792149, 2.9638248183, 1.0036003261, 1.9118843339, 1.1744113458, 1.2486872222, 7.2463234634, 1.693434179, 15.5735080749, 0],
      [8.7562800231, 27.9034191961, 2.2082695125, 71.4929950859, 620.3743673295, 309.1925081788, 583.6228819088, 56.9057774205, 254.6648992568, 502.8554809744, 373.4928949573, 374.3828509298, 244.1397236421, 595.8582536077, 320.2772532329, 527.896692154, 233.8247943892, 445.6596301445, 199.7371778727, 177.5671502785, 436.8460203908, 402.6256713989, 296.3842812198, 468.6935937236, 249.4411805547, 577.6196547522, 371.6403130554, 332.3258867247, 400.1955454936, 447.9655653796, 292.156124289, 170.2034195343, 150.8492100966, 160.1583171098, 67.7463866997, 1156.0630723339, 207.3424629213, 1477.1083680339, 60.2997216015],
      [1.2437199769, 1.8117221352, 0.76308651239, 9.0370467633, 80.8538957065, 37.2124803221, 60.5051472373, 3.7919543516, 37.8151983888, 54.1496741073, 51.4481810922, 36.8761424068, 30.1445115917, 53.0656972463, 23.9110474686, 42.7178292505, 24.4915530981, 31.6949686754, 17.3131635601, 19.397463227, 44.2452995542, 37.238022488, 33.6586068123, 46.7706587856, 21.647945815, 58.3586957994, 31.4472358721, 31.2753422579, 40.3767088704, 44.15140429, 24.7684748345, 12.7929801396, 19.4219054087, 12.4023203801, 12.4425065946, 103.8947704851, 17.8561367503, 178.9338581519, 8.7002783985]
    ],
    [
      [0, 0, 0, 0.0066859341847, 0.10256267006, 0, 0.017700651105, 0.014369498586, 0, 0.025777193772, 0.026418349264, 0, 0.0090076894569, 0.72358884586, 0.0039952670048, 0.016185540313, 0.0083192207902, 0.013211091802, 0, 0, 0, 0, 0, 0, 0.10772587026, 0, 0, 0, 0.12926183772, 0.030820740669, 0, 0, 0, 0, 0, 0.12641089035, 0.0061028734205, 0, 0],
      [9.9671610387, 4.8507765901, 3.9280266432, 7.5462072597, 199.7511412737, 84.4507381521, 130.1962165485, 20.3567494203, 85.9363138632, 137.8189375879, 95.5945101491, 21.9880743301, 7.9285832832, 16.6703150685, 6.2784630786, 17.3948452541, 8.5982820272, 16.443524293, 6.6917546011, 52.7351168312, 275.4566655557, 156.1020044024, 223.2776127828, 293.1878503938, 119.3558231737, 260.3979589364, 216.0296080668, 218.5969583956, 163.1920413867, 161.2384812412, 132.6146844611, 90.4892037564, 131.2330300468, 63.0232388858, 30.3305617454, 439.6545653307, 53.3821948218, 426.3273855519, 31.7750931106],
      [2.3258968334, 2.4157870589, 0.88750416304, 2.7919309175, 56.3864472865, 24.0888923338, 30.8643824832, 5.7661921205, 19.5767774591, 33.3887991561, 25.5654863099, 11.003625851, 6.3362193774, 18.0829455117, 5.6899696275, 15.6207941122, 6.3174628979, 10.0610033304, 3.0811203727, 12.1894709517, 96.7705445313, 46.014379181, 72.3718617906, 86.0480173438, 30.1793996853, 66.3243562345, 66.6017774067, 108.5729005429, 54.8299686319, 41.5694004451, 35.3901670987, 40.4182114242, 30.447634666, 27.9144025892, 11.2980051796, 157.8445788159, 13.953157745, 102.2982793447, 9.7803050405],
      [1.7069421279, 0.733436351, 1.1844691937, 1.6551758886, 34.7598487698, 13.4603695141, 14.9217003172, 1.8626889606, 13.4869086777, 16.7664860622, 16.8135851918, 5.0082998189, 3.7261896499, 7.5231505739, 2.0275720268, 5.9681750934, 3.0759358542, 3.4822612848, 1.2271250262, 6.075412217, 45.772789913, 19.8836164166, 38.3505254266, 39.7641322625, 12.3570512707, 31.2776848291, 26.3686145265, 47.8301410615, 25.8487281436, 19.161297573, 13.9951484403, 14.0925848194, 18.3193352871, 10.0623585251, 10.371433075, 66.374444963, 5.6585445597, 57.3743351034, 6.4446018489]
    ],
    [
      [0, 0, 0, 0, 0.0017561024276, 0, 0, 0.00024414067153, 0, 0, 0.00046407572073, 0, 0.00020169161896, 0.00030755167992, 4.7593171022e-05, 0.00022837193978, 0.00025633894953, 0.00012165403521, 0, 0, 0, 0, 0, 0, 0.00198234932, 0, 0, 0, 0.0017311252273, 0.00017301016238, 0, 0, 0, 0, 0, 0.00082162084723, 0, 0, 0],
      [0, 0, 0, 0, 14.1302005517, 4.4186693863, 13.2905588378, 1.0930448585, 7.7415232492, 16.1823866942, 8.2934845877, 3.0168651995, 0.80058769955, 1.3296849315, 0.5226766263, 1.1939703916, 0.99824906256, 2.1227160835, 0.91327800663, 2.8989454956, 14.116292807, 11.4813148491, 8.6094128489, 14.643430609, 7.2993085586, 16.9459491775, 5.8622460282, 5.6413776834, 8.3820290185, 9.2788950832, 7.1139170573, 4.2502918636, 7.9657348998, 5.4362196603, 1.3242905994, 29.3752972404, 2.3617322781, 15.7437778275, 1.0500272132],
      [0, 0, 0, 0, 33.5451363388, 10.6320833711, 26.6570229264, 2.7645936143, 14.6182749797, 33.1676955555, 18.7249591427, 13.038739897, 5.6702470515, 11.8826650747, 4.2374406169, 9.2436033259, 6.4993800484, 11.2570206282, 3.843815227, 5.6514995168, 41.7431014255, 28.5512514488, 23.4076247701, 35.7109033617, 15.6721659121, 36.3231717141, 15.1716464201, 23.7072236334, 23.8334082323, 20.2371230038, 15.8726108594, 15.8623765918, 15.5452999083, 20.3915731617, 4.0036287792, 88.6731325821, 5.2963307047, 31.4254563689, 2.6607303954],
      [0, 0, 0, 0, 3.3229070071, 0.94924724255, 2.0524182358, 0.14211738643, 1.6402017711, 2.6499177503, 1.9810921938, 0.94439490349, 0.52896355731, 0.78734244211, 0.23983516364, 0.56219791054, 0.50211455007, 0.62014163435, 0.24290676642, 0.44955498761, 3.1406057675, 1.9674337021, 1.982962381, 2.6456660292, 1.02654318, 2.7308791084, 0.96610755172, 1.6513986832, 1.782831624, 1.4838089028, 1.0134720833, 0.88733154465, 1.4889651919, 1.172207178, 0.67208062138, 5.9507485567, 0.34193701719, 2.8307658035, 0.28924239136]
    ],
    [
      [0, 5.7333882925, 0, 7.4914032033, 48.3379836424, 22.500170263, 42.3719821982, 5.9422355044, 34.3447481427, 18.9282676084, 18.6230665242, 25.6175849705, 19.0600176974, 91.3764123003, 39.9573124641, 73.8757610906, 35.0030291377, 70.5450763732, 21.8384044212, 23.8736918577, 19.6653838972, 13.0008157033, 8.7902719493, 6.6158427089, 3.4268056482, 17.0123202197, 11.2250367794, 9.1233459972, 15.7963752613, 36.9709410232, 11.5466584867, 0, 8.9599566372, 3.5866706812, 2.4020223607, 63.5202165697, 30.2311688511, 148.0235471112, 1],
      [0, 0.026959966832, 0, 0.016588137557, 0.34382989754, 0.075116962451, 0.27848205439, 0.049213381178, 0.10662147287, 0.12205915893, 0.18171067727, 0.26859711167, 0.031832045503, 0, 0.11189817968, 0.15625804969, 0.067231283988, 0.16247248126, 0.29471624417, 0.067109517103, 0.18071727854, 0.1472731055, 0.099747615777, 0.11962106062, 0.032304914987, 0.22584628455, 0.1313939817, 0.086355604058, 0.095107618015, 0.39104906339, 0.24254099809, 0.68211664796, 0.1876570644, 0.04694953615, 0.025034694469, 0.47037321264, 0.14854235144, 0.606358613, 1.0210014416],
      [0, 1.2329515056, 0, 0.48963580313, 6.3102906556, 1.4194766984, 4.3389226512, 1.0085511144, 1.5450497532, 1.9449535859, 3.1897965499, 9.0910316892, 1.9052036328, 10.5983526386, 7.9248008626, 10.9553515541, 3.9156960655, 7.2924511455, 9.8409790535, 1.0470026253, 4.1447220359, 2.8463613812, 2.10498813, 2.2597584545, 0.53996551717, 3.7538025166, 2.6391911895, 2.7846586464, 2.1037859763, 6.6237041436, 4.2037233769, 0.31738579428, 2.8443362432, 1.3640932652, 0.57294294483, 10.9895722204, 2.6168640926, 9.3343078993, 2.9711262923],
      [0, 0.0067002350344, 0, 0.0023728560428, 0.0078958044198, 0.0052360761689, 0.010613096207, 0, 0.0035806311915, 0.0047196467966, 0.0054262485605, 0.022786228629, 0.0029466242421, 0.025235061079, 0.0059884936221, 0.01262930562, 0.014043512877, 0, 0.025900281041, 0.012195999837, 0.0091767883955, 0.0055498100036, 0.0049923049053, 0.0047777759322, 0.00092391960585, 0.0080309790725, 0.0043780493486, 0.00563975233, 0.0047311444588, 0.014305769769, 0.0070771382975, 0.00049755775712, 0.0080500551971, 0.0022865175031, 0, 0.019837997332, 0.0034247048651, 0.035786376499, 0.0078722661361]
    ],
    [
      [0, 0.051257224541, 0, 0.34688089493, 1.9185740904, 1.367930412, 2.2061515269, 0.10196297782, 2.3765001784, 1.6309706136, 0.55178107397, 0.15657857464, 0.37064496214, 1.8236421562, 0.22788659565, 0.76056772229, 0.50621238233, 0.82198920173, 0.11141429689, 1.0056047023, 1.2470764057, 0.87820397805, 0.51241338477, 0.53975744024, 0.84147026312, 1.2780288477, 0.73824897578, 0.49554882594, 1.1335565393, 0.96231411058, 0.34176545514, 0, 0.22304320203, 0.14837815458, 0.035558155838, 2.5567172015, 0.65476212605, 5.5921871495, 0],
      [0.032838961326, 0.052759257408, 0.043329381634, 0.12227641964, 1.6422148078, 0.59236332509, 1.7669373292, 0.13991199052, 0.97439073928, 1.2967562248, 0.66964061219, 0.21129315009, 0.083360164838, 0, 0.086020896953, 0.21670498392, 0.13476803378, 0.24548764142, 0.20077386287, 0.38414510159, 1.425184001, 1.2540818485, 0.75342945046, 1.3577502966, 1.0237055915, 2.1182470857, 1.1010150956, 0.65764247632, 0.84215157731, 1.2442953973, 1.0650326652, 0.57478740594, 0.70169365505, 0.31918057196, 0.071425738492, 2.2534407528, 0.41409636967, 2.7489699327, 0.15387823458],
      [1.9178231435, 5.4478422393, 0.90422632446, 8.2254381934, 69.3837583896, 25.6670394179, 63.5167900304, 6.5548857302, 32.5949985511, 47.6430707281, 27.0268630402, 16.4837516331, 10.9486062962, 49.5777831673, 12.8705356601, 31.2835588538, 16.4426665991, 23.7298947514, 15.4969074741, 13.5448766276, 75.4956116165, 55.9623365901, 36.7312440895, 59.2877271164, 39.1672883307, 80.9790147826, 50.9470719282, 46.6093304526, 43.0372916659, 48.6042070278, 42.377374376, 29.1986066554, 24.3135190859, 21.1716138741, 3.3790363967, 121.4296440478, 16.7911845363, 97.8335883532, 9.2881166703],
      [2.0493378952, 2.4481412787, 3.0524442939, 7.305404492, 64.0554527122, 21.372666845, 45.5101211135, 3.2032393014, 34.0541105312, 35.4292024335, 26.7517152736, 11.1483766422, 9.5973885769, 30.5985746765, 6.8155568473, 17.73916844, 11.9163529848, 12.2026284055, 9.1909043662, 10.0653735685, 52.8321279769, 35.9053775833, 29.0029130752, 40.8147651468, 23.9675358146, 56.624709284, 30.2136640004, 30.2374782452, 29.9870002175, 33.1891834643, 25.2158275037, 15.2266059386, 21.761744057, 11.3608273993, 5.513979709, 75.7601979979, 10.1399569679, 81.8252545647, 9.5580050952]
    ]
  ],
  "prob": [
    [0.022772780538, 0.0061920195185, 0.88073362146, 0.090301578485],
    [0.00021129872769, 0.68236340117, 0.21466099767, 0.10276430243],
    [8.4810857962e-06, 0.26042245755, 0.68706631723, 0.052502744138],
    [0.8665221898, 0.00622014803, 0.12698722692, 0.00027043525458],
    [0.014450547162, 0.012083620913, 0.56949734433, 0.4039684876]
  ],
  "iterations": 127,
  "time": 3.070972,
  "message": "Converged",
  "status": 0,
  "miniter": 0,
  "maxiter": 1000,
  "maxtime": 3600,
  "param_threshold": 0.001,
  "ll_threshold": "-Inf",
  "initial_prob": "random",
  "adjust_prob_cond_method": "project_lp",
  "adjust_prob_cond_every": true,
  "candidates_id": ["LEAVASA, Tevaga Sione.c", "BAKSHI, Kanwaljit Singh.c", "ROBERTSON, Harold Valentine Ross.c", "Other candidates votes.c"],
  "group_id": ["Labour Party.p", "National Party.p", "New Zealand First Party.p", "New Zealand Pacific Party.p", "Other parties votes.p"]
}
