{
  "Z_true": {},
  "V_true": [
    [751, 252, 2231, 67],
    [241, 139, 8293, 242],
    [245, 9319, 3142, 386],
    [66, 208, 1323, 183],
    [44, 307, 570, 515]
  ],
  "p_true": [
    [0.2275, 0.0763, 0.6759, 0.0203],
    [0.027, 0.0156, 0.9302, 0.0271],
    [0.0187, 0.7118, 0.24, 0.0295],
    [0.0371, 0.1169, 0.7433, 0.1028],
    [0.0306, 0.2138, 0.3969, 0.3586]
  ],
  "Z_est": [
    [
      [0.6633, 2, 3, 2, 4, 2.9999, 1.9263, 0.5628, 3.0003, 3, 3, 4, 1.9999, 4, 0.7888, 1.4638, 0.6579, 0, 0, 0.4109, 6.0001, 1.9995, 2.998, 0.0801, 2.3631, 0.8184, 0.291, 2.0001, 21, 8, 16, 2.0074, 0.197, 9, 0.2771, 8, 0.9874, 0, 0.2251, 1.0676, 1.9999, 3, 0.8183, 15, 19, 2, 2.9944, 1.9995, 3, 19, 1.0819, 0, 0.2378, 0, 1.516, 5, 24, 3.4196],
      [1.7426, 8, 7, 4, 18, 16, 1.9756, 0.6994, 22.9992, 36, 31, 38, 10.9999, 58, 1.089, 1.3895, 2.8173, 0, 0.3144, 0.6532, 24.0001, 7.0003, 9.0053, 0.7996, 2.3245, 2.734, 0.6434, 19, 62, 51, 55, 12.9699, 0.6211, 73, 0.572, 65, 3.7577, 3.5293, 0.802, 1.478, 14.9996, 16, 4.7014, 29, 66, 9, 4.0042, 3.003, 16, 154, 5.6813, 3.0842, 2.3898, 0.8721, 5.7736, 18, 99, 12.5517],
      [0.3984, 38, 24, 21, 34, 21.0001, 6.0507, 4.5323, 49.9997, 17, 36, 41, 22.0004, 52, 1.5989, 3.1531, 5.1405, 0, 0.6856, 1.7949, 49.9999, 15.9994, 9.9943, 1.9966, 8.7806, 1.3985, 0.8804, 10, 172, 68, 118, 12.0184, 0.1302, 82, 1.1509, 58, 3.0867, 6.2991, 0.9153, 3.2693, 18.0005, 18, 5.2684, 81, 149, 21, 10.9983, 13.9979, 28, 257, 4.9655, 6.8036, 3.8511, 1.0286, 4.9474, 27, 144, 11.4893],
      [0.1956, 3, 2, 1, 3, 1, 0.0474, 0.2055, 2.0008, 1, 4, 3, 0.9998, 5, 0.5234, 0.9937, 0.3843, 0, 0, 0.1411, 4, 1.0008, 1.0024, 0.1238, 0.5318, 0.0491, 0.1852, 1, 13, 4, 9, 1.0043, 0.0517, 7, 0, 5, 0.1682, 0.1716, 0.0576, 0.1851, 2, 2, 0.2119, 4, 10, 2, 0.0032, 1.9996, 3, 22, 0.2713, 0.1122, 0.5212, 0.0993, 0.763, 1, 18, 0.5394]
    ],
    [
      [0.2641, 11, 8, 5.9999, 10, 2.9999, 3.9643, 0.999, 4.9995, 4, 6, 10, 3.9995, 8, 0.1613, 2.0911, 1.7627, 0, 0, 0.7119, 11.0001, 2.9997, 5.9975, 1.0162, 4.2984, 1.2248, 0.9306, 2.9999, 44, 12, 27, 1.9868, 0.2332, 22, 0.7255, 14, 1.3902, 0, 0.7806, 0.7611, 5, 5, 1.6453, 17, 20, 4, 5.9951, 6.9991, 5, 56, 0.8109, 0, 0.3194, 0, 1.6501, 8, 51, 1.6534],
      [1.2836, 61, 49, 34, 81, 55.0002, 13.0569, 2.0626, 38.9996, 81, 89, 123, 39.9997, 172, 0.3308, 2.9142, 8.7187, 1.1517, 0.7653, 1.5918, 54.9999, 39.9987, 26.9916, 6.4892, 9.4734, 6.1782, 3.5013, 28.0001, 145, 105, 109, 18.0112, 1.3497, 231, 2.2386, 147, 6.8895, 3.3141, 3.3918, 1.4312, 51.9993, 62, 11.294, 38, 76, 25, 33.9986, 21.9954, 49, 502, 6.9974, 9.4498, 3.8995, 4.2747, 13.2554, 62, 219, 13.6752],
      [0.3274, 279, 161, 185.0001, 144, 67.9999, 34.0194, 13.4572, 84.0016, 38, 103, 132, 77.0011, 152, 0.3785, 6.1946, 16, 0.8483, 2.2347, 4.358, 113, 83.0006, 31.0082, 17.4291, 31.8085, 3.4226, 5.6136, 14, 396, 138, 229, 15.0084, 0.2856, 256, 5.0359, 131, 6.4408, 5.5036, 4.4625, 3.5643, 62.0003, 71, 21.3619, 100, 169, 57.9999, 80.0058, 95.0043, 86, 838, 5.746, 20.1865, 6.9298, 5.9408, 14.3167, 88, 317, 11.9509],
      [0.1249, 22, 16, 10.9999, 13, 6.0001, 2.9594, 0.4811, 2.9993, 3, 13, 11, 3.9996, 14, 0.1293, 1.8001, 1.5187, 0, 0, 0.3383, 9.0001, 7.001, 4.0026, 1.0654, 2.4197, 0.1745, 0.9545, 2, 29, 8, 18, 0.9935, 0.1315, 23, 0, 12, 0.2794, 0.1823, 0.365, 0.2433, 6.0003, 10, 0.6988, 5, 11, 6, 6.0005, 15.0011, 9, 73, 0.4458, 0.3637, 0.8514, 0.7845, 1.7778, 6, 40, 0.7204]
    ],
    [
      [0.9737, 4, 4, 2, 14, 6, 3.0328, 0.3226, 5.9998, 17, 11, 20, 5.0004, 18, 0.8589, 2.0332, 1.4602, 0, 0, 0.8048, 11.9998, 2.9999, 8.0019, 0.7389, 2.704, 4.3549, 1.5972, 8, 40, 19, 28, 4.983, 1.2624, 39, 0.8745, 33, 2.5256, 0, 0.8229, 0.8126, 6, 8, 2.4381, 17, 31, 3.9999, 4.0047, 3.0012, 6, 72, 2.8569, 0, 0.3918, 0, 4.3323, 10, 74, 4.5776],
      [5.3738, 30, 31, 14, 110, 104.9999, 13.9255, 0.8791, 82.0035, 368, 173, 270, 66.0009, 409, 2.09, 4.0867, 12.449, 3.8483, 0.6554, 2.5293, 65.0001, 46.0017, 48.0019, 6.1919, 8.1752, 25.8379, 6.0657, 155, 130, 173, 111, 67.0221, 6.9891, 419, 3.6086, 333, 14.8872, 7.8803, 4.7838, 2.1323, 82.0013, 102, 31.8114, 38, 123, 29, 30.9969, 9.0023, 64, 646, 30.7551, 10.6555, 7.6558, 6.0153, 40.582, 77, 323, 41.4347],
      [1.1118, 129, 96, 70, 200, 135.0001, 34.0265, 4.6109, 176.9971, 173, 202, 292, 124.9978, 364, 2.2446, 6.6436, 16.4913, 2.1517, 1.3446, 5.2569, 135.0001, 99.0003, 51.0021, 14.1053, 25.9013, 12.2733, 7.9552, 79.0001, 359, 230, 239, 63.967, 1.2167, 467, 6.5169, 303, 11.0961, 12.5781, 5.0218, 3.7646, 98.9989, 118, 34.7381, 103, 275, 64.0001, 72.0028, 46.9954, 111, 1082, 19.2026, 18.9936, 10.6114, 7.0795, 39.6984, 114, 470, 33.4891],
      [0.5407, 10, 9, 4.0001, 18, 11, 3.0152, 0.1874, 6.9996, 13, 25, 24, 6.0008, 34, 0.8065, 2.2365, 1.5995, 0, 0, 0.4089, 10, 8.9981, 6.9941, 0.964, 2.2195, 0.5338, 1.3819, 10.9999, 27, 14, 19, 7.0279, 0.5318, 43, 0, 27, 0.491, 0.5417, 0.3715, 0.2905, 9.9998, 16, 2.0124, 5, 18, 6, 5.9956, 7.0011, 11, 94, 2.1854, 0.3509, 1.341, 0.9053, 3.3873, 7, 59, 2.4986]
    ],
    [
      [0, 1, 1, 0.0001, 2, 0.0001, 0.0409, 0.0452, 0.0001, 3.9444e-09, 1, 1, 0.0002, 1, 0, 0.1351, 0.0348, 0, 0, 0, 1, 0.0007, 1.0014, 0.086, 0.1541, 0.0746, 0, 0, 8, 2, 5, 0.0066, 0.2078, 3, 0, 3, 0, 0, 0.058, 0.1799, 1, 1, 0.0693, 3, 5, 1, 0.0031, 1.0001, 1, 12, 0.1575, 0, 0, 0, 0.3221, 1.6806e-06, 7, 0.1448],
      [0, 11, 8, 4, 15, 9, 2.9842, 0.0942, 9.9981, 12, 18, 24, 8, 39, 0, 0.1455, 0.3412, 0, 0, 0, 7.9999, 5.9987, 9.0005, 1.4604, 1.5408, 0.4305, 0, 11, 27, 18, 23, 4.9951, 1.3837, 42, 0, 31, 0, 0.6699, 0.2964, 0.4932, 12, 12, 3.5253, 7, 20, 10, 5.0035, 4.0005, 13, 111, 1.8885, 0.5924, 0, 0.4423, 2.1881, 6, 33, 1.2238],
      [0, 51, 29, 25.9999, 30, 12.9999, 8.9222, 0.8362, 24.0018, 8, 22, 27, 17.9998, 36, 0, 0.54, 0.5748, 0, 0, 0, 20.0001, 15.0001, 10.9971, 4.1018, 6.6417, 0.4682, 0, 7.9999, 78, 26, 50, 6.0015, 0.2509, 49, 0, 28, 0, 1.2866, 0.6015, 1.2409, 16.0001, 16, 4.3538, 21, 47, 24, 12.9949, 19, 25, 186, 1.5582, 1.376, 0, 0.4769, 3.1284, 10, 50, 1.0935],
      [0, 3, 2, 1, 2, 1.0001, 0.0527, 0.0244, 0.9999, 1.8722e-09, 3, 2, 1, 3, 0, 0.1794, 0.0493, 0, 0, 0, 1, 1.0006, 1.001, 0.3518, 0.6633, 0.0267, 0, 0.0001, 5, 2, 4, 0.9968, 0.1576, 4, 0, 3, 0, 0.0435, 0.0441, 0.0861, 1.9999, 2, 0.0516, 1, 3, 2, 1.9986, 2.9994, 2, 17, 0.3958, 0.0317, 0, 0.0808, 0.3614, 1, 7, 0.5379]
    ],
    [
      [0.0989, 1, 7.4238e-07, 0, 1, 0, 0.0356, 0.0703, 0.0003, 1.4764e-09, 1, 2, 0.0001, 1, 0.191, 0.2767, 0.0845, 0, 0, 0.0724, 1, 0.0002, 0.0012, 0.0789, 0.4804, 0.5272, 0.1812, 0, 5, 2, 4, 0.0163, 0.0996, 2, 0.1228, 2, 0.0967, 0, 0.1134, 0.1788, 0, 8.9872e-06, 0.029, 2, 4, 0, 0.0027, 0.0001, 3.8927e-07, 8, 0.0928, 0, 0.0511, 0, 0.1795, 1, 9, 0.2045],
      [0.6, 6, 5, 4, 11, 8, 1.0579, 0.2646, 9.9996, 11, 16, 27, 5.9994, 28, 0.4902, 0.4642, 0.6739, 0, 0.2649, 0.2257, 7.0001, 2.0006, 4.0007, 1.0589, 0.4861, 3.8194, 0.7896, 9, 19, 23, 16, 6.0017, 0.6563, 31, 0.5809, 24, 0.4655, 0.6065, 0.726, 0.4653, 5.9999, 10, 0.6679, 5, 16, 6, 4.9969, 1.9988, 6, 78, 1.6777, 1.2181, 1.0548, 0.3956, 1.2009, 8, 39, 1.1146],
      [0.1623, 30, 19, 27, 20, 10.0001, 3.9811, 1.5635, 21.9997, 5, 19, 29, 12.0008, 25, 0.7781, 1.4687, 1.7934, 0, 0.7351, 0.5901, 16, 5.9997, 5.9982, 3.3673, 2.8679, 2.4375, 1.5508, 4, 53, 31, 35, 5.0047, 0.1166, 34, 1.2963, 22, 0.3764, 1.3326, 0.9988, 1.1609, 8.0002, 13, 1.2777, 15, 38, 14, 11.9983, 11.0024, 11, 130, 1.5278, 2.6403, 1.6077, 0.4742, 1.9091, 11, 57, 0.9772],
      [0.1388, 4, 4, 3, 3, 2.9999, 1.9254, 0.1016, 3.0004, 2, 3, 4, 1.9997, 4, 0.5408, 0.7904, 0.4482, 0, 0, 0.1118, 2.9999, 1.9996, 2, 0.4949, 1.1656, 0.2159, 0.4784, 2, 6, 4, 4, 1.9774, 0.1275, 5, 0, 3, 0.0614, 0.0609, 0.1618, 0.195, 1.9999, 3, 0.0254, 3, 4, 3, 2.0021, 3.9987, 3, 13, 0.7018, 0.1416, 0.2864, 0.1302, 0.7104, 2, 8, 0.7037]
    ]
  ],
  "V_est": [
    [226.853, 1119.9781, 1809.6248, 144.5441],
    [430.3713, 3008.973, 5040.8477, 434.808],
    [576.7668, 5030.3294, 6882.0857, 602.8181],
    [63.7226, 590.6965, 1039.4466, 86.1343],
    [49.2863, 475.023, 786.9953, 124.6955]
  ],
  "p_est": [
    [0.0687, 0.3393, 0.5482, 0.0438],
    [0.0483, 0.3375, 0.5654, 0.0488],
    [0.0441, 0.3842, 0.5257, 0.046],
    [0.0358, 0.3319, 0.584, 0.0484],
    [0.0343, 0.3308, 0.548, 0.0868]
  ],
  "EI_Z": {},
  "EI_V": 32.4616,
  "MAE_Z": {},
  "MAE_V": 925.9346,
  "MAE_p": 0.1466,
  "runtime": 0.384
}
