{
  "X": [
    [16, 25, 31, 119, 346, 23],
    [2, 0, 1, 0, 8, 1],
    [14, 23, 31, 82, 216, 15],
    [25, 15, 14, 86, 164, 14],
    [27, 24, 32, 131, 195, 17],
    [6, 12, 38, 129, 134, 9],
    [13, 90, 95, 280, 520, 52],
    [13, 9, 19, 111, 49, 17],
    [30, 19, 23, 236, 156, 22],
    [1, 15, 31, 84, 143, 10],
    [29, 69, 120, 330, 473, 50],
    [23, 37, 55, 321, 258, 37],
    [14, 38, 51, 286, 229, 28],
    [26, 18, 53, 296, 112, 26],
    [24, 59, 73, 289, 299, 38],
    [29, 40, 36, 294, 310, 35],
    [23, 45, 33, 214, 313, 22],
    [7, 28, 53, 155, 183, 32],
    [20, 66, 53, 264, 353, 33],
    [7, 4, 8, 70, 8, 10],
    [4, 19, 29, 163, 76, 13],
    [4, 0, 4, 14, 13, 1],
    [7, 4, 10, 28, 40, 1],
    [11, 7, 19, 43, 81, 6],
    [6, 26, 27, 99, 302, 16],
    [9, 25, 21, 53, 260, 18],
    [6, 4, 8, 16, 35, 8],
    [8, 14, 18, 56, 121, 6],
    [35, 19, 39, 94, 184, 24],
    [6, 15, 14, 19, 132, 10],
    [2, 3, 6, 17, 34, 3],
    [12, 15, 57, 133, 326, 15],
    [31, 18, 57, 178, 465, 26],
    [1, 0, 5, 11, 7, 0],
    [0, 1, 10, 13, 10, 6],
    [35, 12, 41, 150, 156, 29],
    [62, 20, 62, 259, 401, 44],
    [12, 14, 23, 41, 215, 12],
    [13, 12, 14, 69, 158, 9],
    [7, 13, 17, 50, 146, 10],
    [7, 0, 4, 4, 32, 1],
    [0, 5, 4, 11, 55, 1],
    [0, 0, 1, 6, 0, 0],
    [6, 3, 11, 23, 16, 6],
    [8, 9, 9, 54, 86, 12],
    [4, 0, 6, 19, 4, 5],
    [4, 1, 4, 22, 19, 6],
    [9, 17, 11, 65, 105, 11],
    [3, 0, 4, 16, 7, 0],
    [8, 3, 12, 46, 78, 9],
    [5, 3, 5, 21, 121, 5],
    [3, 0, 3, 13, 5, 4],
    [0, 2, 2, 7, 25, 1],
    [3, 1, 8, 37, 25, 9],
    [22, 3, 18, 73, 80, 10],
    [6, 3, 4, 10, 5, 1],
    [0, 1, 6, 12, 50, 5],
    [6, 6, 9, 15, 54, 6],
    [1, 3, 4, 17, 22, 11],
    [4, 23, 94, 150, 306, 35],
    [47, 30, 66, 270, 323, 40],
    [52, 43, 97, 398, 751, 54],
    [61, 31, 56, 324, 497, 52],
    [29, 10, 43, 218, 213, 28],
    [1, 0, 1, 2, 2, 5],
    [23, 25, 57, 234, 318, 42],
    [2, 3, 2, 13, 35, 3],
    [1, 3, 3, 17, 11, 2],
    [5, 12, 7, 42, 107, 10],
    [176, 174, 304, 1203, 2135, 183],
    [3, 1, 0, 12, 22, 0],
    [12, 11, 38, 97, 204, 19],
    [51, 45, 210, 457, 578, 76],
    [2, 4, 18, 38, 81, 4]
  ],
  "W": [
    [17, 60, 72, 341, 42, 28],
    [0, 1, 1, 7, 2, 1],
    [9, 28, 64, 238, 29, 13],
    [14, 16, 70, 159, 42, 17],
    [26, 33, 111, 191, 44, 21],
    [6, 39, 100, 148, 22, 13],
    [20, 127, 202, 635, 38, 28],
    [6, 22, 92, 55, 36, 7],
    [6, 41, 185, 172, 61, 21],
    [8, 28, 70, 153, 13, 12],
    [23, 153, 252, 536, 71, 36],
    [14, 83, 238, 306, 64, 26],
    [27, 81, 219, 249, 43, 27],
    [9, 62, 260, 124, 47, 29],
    [25, 85, 228, 356, 60, 28],
    [15, 46, 220, 345, 83, 35],
    [25, 41, 171, 330, 49, 34],
    [12, 52, 120, 226, 23, 25],
    [29, 59, 217, 405, 51, 28],
    [1, 10, 59, 13, 14, 10],
    [12, 44, 122, 88, 29, 9],
    [0, 7, 5, 13, 7, 4],
    [6, 7, 18, 37, 17, 5],
    [5, 47, 14, 70, 22, 9],
    [13, 31, 67, 315, 28, 22],
    [9, 31, 42, 274, 17, 13],
    [7, 14, 9, 39, 5, 3],
    [10, 12, 50, 133, 9, 9],
    [20, 38, 72, 191, 64, 10],
    [5, 12, 14, 149, 10, 6],
    [5, 5, 15, 32, 2, 6],
    [10, 74, 82, 334, 32, 26],
    [24, 93, 118, 443, 60, 37],
    [0, 8, 8, 5, 3, 0],
    [0, 9, 9, 14, 2, 6],
    [16, 50, 120, 157, 50, 30],
    [30, 84, 204, 368, 106, 56],
    [8, 24, 27, 231, 19, 8],
    [11, 19, 46, 160, 32, 7],
    [12, 15, 37, 157, 11, 11],
    [1, 7, 2, 26, 9, 3],
    [1, 2, 7, 62, 1, 3],
    [0, 1, 3, 0, 1, 2],
    [2, 10, 20, 15, 8, 10],
    [8, 11, 43, 85, 19, 12],
    [1, 4, 15, 5, 8, 5],
    [1, 10, 13, 16, 10, 6],
    [10, 18, 47, 113, 18, 12],
    [0, 4, 13, 8, 4, 1],
    [6, 11, 31, 78, 14, 16],
    [5, 5, 15, 125, 5, 5],
    [0, 1, 9, 7, 8, 3],
    [1, 7, 3, 25, 1, 0],
    [2, 9, 26, 25, 12, 9],
    [4, 17, 53, 85, 35, 12],
    [0, 4, 7, 6, 10, 2],
    [2, 7, 5, 56, 1, 3],
    [9, 8, 6, 55, 10, 8],
    [3, 7, 12, 21, 2, 13],
    [9, 129, 77, 353, 14, 30],
    [31, 80, 214, 322, 73, 56],
    [47, 141, 280, 744, 126, 57],
    [39, 79, 237, 490, 120, 56],
    [20, 50, 151, 214, 84, 22],
    [0, 2, 3, 1, 1, 4],
    [24, 65, 166, 350, 65, 29],
    [2, 4, 7, 37, 5, 3],
    [3, 1, 18, 12, 2, 1],
    [16, 7, 31, 105, 12, 12],
    [112, 403, 944, 2146, 354, 216],
    [1, 2, 11, 18, 5, 1],
    [12, 47, 82, 198, 19, 23],
    [21, 229, 358, 644, 85, 80],
    [2, 34, 19, 85, 5, 2]
  ],
  "method": "mult",
  "cond_prob": [
    [
      [0.0077763454147, 0.15589805225, 0.0011150638986, 0.046111192512, 0.7756548196, 0.01344452632],
      [0, 0.0083878051119, 0.40742360306, 0.39208233211, 0.10999372936, 0.082112530347],
      [0, 0.0093157152422, 0.0007257055891, 0.94490417505, 0.018326055322, 0.026728348793],
      [0, 0.053935904449, 0.0097511880718, 0.003732419696, 0.93258048778, 0],
      [0.33053889545, 0.064925633314, 0.028646044486, 0.3989616356, 0.10960551005, 0.067322281107],
      [0.070898875684, 0.0020254746859, 0.069824568806, 0.30817590661, 0.08147823449, 0.46759693972]
    ],
    [
      [0.021990886032, 0, 0.002675403479, 0, 0.95591359363, 0.019420116862],
      [0.0038920568256, 0, 0.84047423278, 0, 0.15563371039, 0],
      [0.11840902549, 0, 0.070788080188, 0, 0.59624779587, 0.21455509846],
      [0, 0, 0, 0, 1, 0],
      [0.88757331779, 0, 0.01721060612, 0, 0.095216076085, 0],
      [0.1025522821, 0, 0.054316474789, 0, 0.057686341571, 0.78544490154]
    ],
    [
      [0.010655488482, 0.21446881446, 0.0034364859112, 0.043049815616, 0.71193658906, 0.016452806466],
      [0.002007666207, 0.0069845962404, 0.57646660017, 0.26977649513, 0.070972511461, 0.073792130794],
      [0.0041423389196, 0.0064297840765, 0.0079317826336, 0.93082782549, 0.011633371144, 0.03903489774],
      [0.0029633231673, 0.078452543044, 0.047711948275, 0.0077865598806, 0.85535304683, 0.0077325787982],
      [0.40724029791, 0.060754520319, 0.050409041919, 0.32475161454, 0.085308481941, 0.071536043375],
      [0.082118208142, 0.0022399584965, 0.11562052527, 0.24729468396, 0.062525653947, 0.49020097018]
    ],
    [
      [0.014181449266, 0.17117706023, 0.0016569207566, 0.039694177312, 0.75999931693, 0.013291075508],
      [0.0039762004397, 0.0072902775986, 0.47981873366, 0.33321488092, 0.098166447428, 0.077533459955],
      [0.030862086818, 0.0063755061016, 0.0022137126159, 0.90535113509, 0.023366334067, 0.031831225313],
      [0.00068134852069, 0.063277700567, 0.022069002668, 0, 0.91179201848, 0.0021799297656],
      [0.48724216676, 0.046214901409, 0.029049815157, 0.29061605366, 0.092101568155, 0.054775494851],
      [0.11794052983, 0.0022594728649, 0.08327528394, 0.2666111596, 0.077088601106, 0.45282495266]
    ],
    [
      [0.014441933182, 0.20965233882, 0.0032389126398, 0.039643325531, 0.72084342402, 0.012180065803],
      [0.0038844168888, 0.0076346155027, 0.56934078423, 0.28144199747, 0.078435875912, 0.059262309996],
      [0.016901811379, 0.0077050320751, 0.0072643353617, 0.91977464104, 0.019334309665, 0.029019870477],
      [0.0060847826935, 0.078245126742, 0.041320921958, 0, 0.87102772224, 0.0033214463651],
      [0.47676548703, 0.055463343879, 0.043144525012, 0.29231313335, 0.082657438073, 0.049656072656],
      [0.1181118092, 0.0026967609596, 0.12050218914, 0.27261545698, 0.072397927347, 0.41367585637]
    ],
    [
      [0.0059984611008, 0.18248251612, 0.0044211923168, 0.054134024334, 0.7431910942, 0.0097727119342],
      [0, 0.0045401527056, 0.60539302636, 0.29338989067, 0.058919001096, 0.037757929162],
      [0, 0, 0.013982387275, 0.96845270281, 0, 0.017564909917],
      [0, 0.059583632796, 0.062159034379, 0.038427217586, 0.83871326903, 0.0011168462111],
      [0.23816689529, 0.08561694721, 0.074193553046, 0.45630329236, 0.097443948877, 0.048275363214],
      [0.055718272077, 0.0020068042559, 0.16408544888, 0.35860147709, 0.074590900056, 0.34499709765]
    ],
    [
      [0.0062268420321, 0.3111866254, 0.0027172358969, 0.047591799626, 0.6113479745, 0.020929522547],
      [0.0011602180334, 0.010395106706, 0.50042107845, 0.32355050545, 0.061787386105, 0.10268570526],
      [0.0020580353798, 0.0074626984096, 0.0059386961049, 0.93648654607, 0.00094933806391, 0.047104685976],
      [0.0013375110049, 0.12134693752, 0.04099735099, 0.041802398084, 0.77994692761, 0.014568874793],
      [0.26867603032, 0.10034890207, 0.04573122907, 0.40096044982, 0.081484867957, 0.10279852077],
      [0.044763702939, 0.0028592948528, 0.086480611515, 0.25021241551, 0.048984006208, 0.56669996898]
    ],
    [
      [0.0094014864567, 0.24750241483, 0.0040408654234, 0.052928672858, 0.65973187436, 0.026394686071],
      [0.0012590123312, 0.0058795126001, 0.5520832809, 0.28773519963, 0.048759693537, 0.104283301],
      [0, 0, 0, 0.93949705342, 0, 0.060502946584],
      [0.005016982077, 0.092405390128, 0.07706001997, 0.05358151918, 0.75499690996, 0.016939178686],
      [0.3404220082, 0.063678867876, 0.053716783395, 0.37259501325, 0.059999654154, 0.10958767312],
      [0.054966642921, 0.0015572190367, 0.093973903864, 0.22258866069, 0.040582556969, 0.58633101652]
    ],
    [
      [0.011991481312, 0.21164464471, 0.0017234807985, 0.053541686788, 0.70687408497, 0.014224621415],
      [0.0034098186202, 0.0080622869068, 0.42239150773, 0.40717404774, 0.081004922575, 0.077957416428],
      [0, 0, 0, 0.97274669013, 0, 0.02725330987],
      [0.013595248129, 0.081353696977, 0.015055152658, 0.054976032041, 0.82999141749, 0.0050284527029],
      [0.41656691223, 0.055104363259, 0.025439160978, 0.37446768009, 0.071360246, 0.057061637442],
      [0.097108772599, 0.0021607776006, 0.072872962927, 0.32038429767, 0.063145469048, 0.44432772015]
    ],
    [
      [0.0013674205586, 0.21332525264, 0.0045081849173, 0.044863245078, 0.72345000862, 0.012485888191],
      [0, 0.0059550107635, 0.61966315298, 0.25627153447, 0.067016839745, 0.051093462037],
      [0, 0.0052265425157, 0.013488870863, 0.93890218491, 0.015423501679, 0.026958900029],
      [0, 0.073442169199, 0.062665086557, 0.0023750933934, 0.86053314917, 0.00098450167947],
      [0.063834575237, 0.11492957799, 0.089623858149, 0.51774176723, 0.13061429487, 0.083255926516],
      [0.013267596454, 0.0025052750093, 0.1596897398, 0.30402548892, 0.074727137006, 0.44578476281]
    ],
    [
      [0.0085724909857, 0.26598200354, 0.0033027228706, 0.04550543783, 0.6600972319, 0.016540112874],
      [0.0014177923966, 0.0087681420692, 0.55020307802, 0.29591403052, 0.066171574421, 0.077525382568],
      [0.0027878813661, 0.0071421571453, 0.0091519302505, 0.93702945281, 0.0054896353777, 0.03839894305],
      [0.0016505056405, 0.10058308901, 0.048368892311, 0.02264950545, 0.81770546253, 0.0090425450591],
      [0.34579005233, 0.08068711835, 0.050095566648, 0.36374729385, 0.083056155888, 0.076623812932],
      [0.067988878545, 0.0027706518971, 0.10983801397, 0.26613648242, 0.058972491154, 0.49429348202]
    ],
    [
      [0.0083778283196, 0.24976398607, 0.0024719749929, 0.056848287344, 0.66449192432, 0.018045998959],
      [0.0013270045295, 0.0073074590053, 0.47600348708, 0.3711207231, 0.059045906091, 0.085195420196],
      [0, 0, 0, 0.96402617395, 0, 0.035973826053],
      [0.0025577810144, 0.092627209624, 0.034951686398, 0.082378689441, 0.77730557436, 0.010179059163],
      [0.31867155686, 0.070298250475, 0.039239986092, 0.42136648652, 0.071688246478, 0.078735473577],
      [0.061342630693, 0.0020681123973, 0.086558760575, 0.2995207867, 0.052028820218, 0.49848088942]
    ],
    [
      [0.0064904328953, 0.26884240732, 0.0019528067334, 0.054240239417, 0.65493935323, 0.013534760405],
      [0, 0.0091198534754, 0.48315514066, 0.37075204086, 0.067862674407, 0.0691102906],
      [0, 0, 0, 0.97319263731, 0, 0.026807362694],
      [0, 0.1049656458, 0.029882194647, 0.055393879757, 0.80519023333, 0.0045680464657],
      [0.28493156108, 0.088110993972, 0.041152798178, 0.43458869401, 0.08464444554, 0.066571507228],
      [0.058248192058, 0.0028640120713, 0.096350779108, 0.32944521313, 0.062506725125, 0.45058507851]
    ],
    [
      [0.012796314486, 0.24652001367, 0.0038907246534, 0.050881484861, 0.67236695292, 0.013544509408],
      [0.0029936435733, 0.0068615246638, 0.58401574035, 0.29371468095, 0.056223219962, 0.056191190503],
      [0, 0, 0.013787632176, 0.95807609286, 0, 0.028136274968],
      [0.021230689866, 0.099857051994, 0.056298695829, 0.029478050602, 0.78720430687, 0.0059312048403],
      [0.42849879698, 0.061797915178, 0.050513190054, 0.33934244863, 0.067329025256, 0.05251862391],
      [0.10093718162, 0.0023837547298, 0.13158844812, 0.29750341085, 0.05810550163, 0.40948170305]
    ],
    [
      [0.0085222707433, 0.31327529353, 0.0034961240282, 0.048583318745, 0.60925188719, 0.016871105767],
      [0.0016295429769, 0.0096319744991, 0.54925296342, 0.30616147362, 0.05608175861, 0.077242286869],
      [0, 0.0017656010693, 0.0098346859455, 0.94987741885, 0, 0.038522294135],
      [0.0045587244776, 0.12446148163, 0.050310486311, 0.042479683009, 0.76748382477, 0.010705799808],
      [0.33610320586, 0.092564821227, 0.049937690317, 0.37326675815, 0.071920161486, 0.076207362963],
      [0.066404779024, 0.0030237875652, 0.10989257382, 0.27395955842, 0.052225072594, 0.49449422857]
    ],
    [
      [0.0078874286452, 0.2315268974, 0.0020406642232, 0.052866000281, 0.69046389234, 0.01521511711],
      [0.0013662698942, 0.0084764372026, 0.45404048379, 0.37902614528, 0.077513687737, 0.079576976092],
      [0, 0.0031861431378, 0.0012634950163, 0.96511723065, 0, 0.030433131196],
      [0, 0.085459056289, 0.026020833944, 0.051012988919, 0.83168057723, 0.005826543616],
      [0.31981806514, 0.070736580014, 0.035290884114, 0.4197335333, 0.083889994388, 0.070530943049],
      [0.064969735673, 0.0023348107554, 0.082835079617, 0.31453291798, 0.062421237135, 0.47290621884]
    ],
    [
      [0.009233346926, 0.2554394764, 0.0017361938471, 0.045378985997, 0.67815496765, 0.010057029176],
      [0.0020566254436, 0.01077967835, 0.48081967694, 0.36079324695, 0.086730792624, 0.058819979695],
      [0.0032607395141, 0.0084902188646, 0.0014410019071, 0.94986117255, 0.015981770555, 0.020965096609],
      [0.0008788551931, 0.099235922739, 0.024151539735, 0.018888989772, 0.85684469256, 0],
      [0.38137350768, 0.0785489676, 0.034769902636, 0.36822508074, 0.088899786602, 0.048182754745],
      [0.092645121668, 0.0036313216281, 0.097730697986, 0.33442194524, 0.077718895817, 0.39385201766]
    ],
    [
      [0.0059371165283, 0.27286019722, 0.0048147043693, 0.051908365615, 0.64157690931, 0.022902706965],
      [0.00057387920421, 0.006069947647, 0.58434641928, 0.27633827445, 0.044235449553, 0.08843602986],
      [0, 0, 0.0047954538485, 0.94412446463, 0, 0.05108008152],
      [0.00067354247224, 0.099339117808, 0.07767580205, 0.048872790493, 0.75280285268, 0.020635894502],
      [0.25101233129, 0.083400727901, 0.065790465726, 0.41459430804, 0.07859947023, 0.10660269681],
      [0.038936346581, 0.0016473195771, 0.11651373232, 0.24526615396, 0.042384047668, 0.55525239989]
    ],
    [
      [0.0077528352111, 0.30842787668, 0.002683532374, 0.045628430246, 0.62033716573, 0.01517015976],
      [0.0015294674546, 0.011236891174, 0.52423344382, 0.3180814353, 0.068293374787, 0.076625387463],
      [0.0024287755008, 0.0087013423289, 0.0055410514611, 0.94338629183, 0.0047483860636, 0.035194152816],
      [0.0014658265844, 0.12209592902, 0.038550949088, 0.029963903855, 0.8003871711, 0.0075362203532],
      [0.32780191115, 0.097220098231, 0.045058087567, 0.37573132202, 0.081147595602, 0.073040985428],
      [0.065940274284, 0.0034766945486, 0.10281783435, 0.28205239389, 0.059113629866, 0.48659917306]
    ],
    [
      [0.013042893151, 0.43269009201, 0.0034024709491, 0.059357648386, 0.4699025013, 0.021604394208],
      [0.0026812340331, 0.0091799993258, 0.54982230995, 0.32326842238, 0.030440909945, 0.084607124365],
      [0, 0, 0, 0.95471185785, 0, 0.045288142152],
      [0.0055772000056, 0.18356699456, 0.058604485204, 0.20137696438, 0.53781616537, 0.013058190477],
      [0.43436444276, 0.076847565444, 0.054476641869, 0.35860043931, 0, 0.075710910617],
      [0.080653896781, 0.0013273069266, 0.097384313569, 0.27416518275, 0.023407824941, 0.52306147503]
    ],
    [
      [0.0027024355931, 0.33184239321, 0.0026384998985, 0.058329711628, 0.59076505144, 0.013721908236],
      [0, 0.0082310852173, 0.51190606127, 0.36729379861, 0.047669851018, 0.064899203884],
      [0, 0, 0, 0.97433357038, 0, 0.025666429617],
      [0, 0.1276777066, 0.039678838091, 0.10040744133, 0.72690696307, 0.0053290509102],
      [0.12845648329, 0.11694569516, 0.067944521629, 0.52927366581, 0.081000347157, 0.076379286949],
      [0.026925861936, 0.0031844657592, 0.10914915846, 0.34284773211, 0.055169235573, 0.46272354616]
    ],
    [
      [0.015307598773, 0, 0.0026382270195, 0.070863234174, 0.90545662576, 0.0057343142701],
      [0.015060544661, 0, 0.46680442402, 0.44566946354, 0.064795351257, 0.0076702165308],
      [0.003069285375, 0, 0, 0.99693071463, 0, 0],
      [0.00036793655375, 0, 0.013524438582, 0.077304919327, 0.90880270554, 0],
      [0.47655456412, 0, 0.021573207375, 0.42737085309, 0.061210316324, 0.01329105909],
      [0.13464115912, 0, 0.10138471968, 0.47477506481, 0.075881288736, 0.21331776766]
    ],
    [
      [0.0081804855683, 0.1666829562, 0.0064619369543, 0.046801184613, 0.76941328854, 0.0024601481182],
      [0, 0.0042747325274, 0.67825157515, 0.24437328724, 0.063017786123, 0.010082618953],
      [0, 0.0070272911454, 0.0143076358, 0.96224767953, 0.01641739352, 0],
      [0, 0.044117127476, 0.067741523463, 0.010177273724, 0.87796407534, 0],
      [0.37576698361, 0.070516454629, 0.075261191585, 0.36955491436, 0.098198035314, 0.010702420503],
      [0.11257567305, 0.0024748898345, 0.23401065655, 0.40582579562, 0.098569058938, 0.14654392601]
    ],
    [
      [0.010712929883, 0.16767184873, 0, 0.044452753055, 0.77005367628, 0.0071087920512],
      [0.0083554448714, 0.032805644592, 0.38162284043, 0.39136459952, 0.14636273358, 0.039488737012],
      [0.0041015958278, 0.0055571820119, 0, 0.95148049957, 0.021863264023, 0.016997458563],
      [0, 0.048696293368, 0, 0, 0.95130370663, 0],
      [0.43046765153, 0.050298740499, 0.016741454497, 0.35492102544, 0.11267500193, 0.034896126101],
      [0.11400208515, 0.0029624539574, 0.077268277887, 0.36162338928, 0.099387548606, 0.34475624512]
    ],
    [
      [0.0041374580199, 0.18494765748, 0.0021649505204, 0.047531134508, 0.74863923813, 0.012579561333],
      [0, 0.0076125992747, 0.48572803909, 0.35048111797, 0.089214133504, 0.066964110154],
      [0, 0.0064005142816, 0.0034987494693, 0.94909641897, 0.014826881786, 0.026177435497],
      [0, 0.063247595981, 0.025985740636, 0.011067656057, 0.89969900733, 0],
      [0.18127567807, 0.10558656219, 0.046976709516, 0.47370563887, 0.11947926858, 0.072976142774],
      [0.039567911811, 0.0023381337744, 0.099046093179, 0.32625686259, 0.079911084462, 0.45287991418]
    ],
    [
      [0.010013856638, 0.20653596188, 0.0017166041819, 0.035788669582, 0.72538071366, 0.02056419406],
      [0.0024506809219, 0.0092330271362, 0.46167388517, 0.30345054259, 0.099475823212, 0.12371604097],
      [0.017432929885, 0.057001148261, 0.0035153365393, 0.84898926039, 0.016725575454, 0.056335749467],
      [0, 0.070656747153, 0.018693132438, 0, 0.90241688415, 0.0082332362619],
      [0.41940560932, 0.06309433447, 0.031756512306, 0.29466377981, 0.094687674353, 0.096392089737],
      [0.074755828313, 0.0021809130038, 0.066402845407, 0.20031553538, 0.062571705233, 0.59377317266]
    ],
    [
      [0.034537395284, 0.19124698041, 0.0023543130987, 0.053322464668, 0.67366834394, 0.044870502591],
      [0.018836447219, 0.0032035853085, 0.45587834785, 0.30662603799, 0.03389093243, 0.18156464921],
      [0.0058762569785, 0.0027661243162, 0.0039907512974, 0.90469609418, 0, 0.082670773227],
      [0.049665696143, 0.063012899552, 0.033881036084, 0.045227154737, 0.75855704056, 0.049656172931],
      [0.63215434462, 0.026543871395, 0.020409791145, 0.19711302209, 0.030891141045, 0.09288782971],
      [0.11463592883, 0.00043446148796, 0.047298937938, 0.14742974089, 0.023889417166, 0.66631151368]
    ],
    [
      [0.016953663421, 0.22388739317, 0.0045200030974, 0.043102224705, 0.70066738634, 0.010869329267],
      [0.0032873868786, 0.0065137531794, 0.63703525915, 0.24674349946, 0.062181285271, 0.044238816069],
      [0.0083169063666, 0.0067183363156, 0.01095251722, 0.9385627109, 0.010179573956, 0.025269955244],
      [0.0098790545011, 0.081733429861, 0.059822220397, 0.0063243526398, 0.8386508115, 0.0035901311055],
      [0.53263865366, 0.050401207719, 0.048462586632, 0.26399880089, 0.066424047888, 0.038074703218],
      [0.14083414149, 0.0025430192575, 0.15224804509, 0.27364356728, 0.066644183967, 0.36408704292]
    ],
    [
      [0.01534691639, 0.17893600287, 0.0048986925811, 0.040165639027, 0.73538244113, 0.025270308001],
      [0.0048084620386, 0.0051836197146, 0.58940352056, 0.23536633929, 0.063787930475, 0.10145012792],
      [0.010573675776, 0.0051449519968, 0.012015410742, 0.90503863432, 0.0059000687633, 0.061327258403],
      [0.015787277644, 0.062940410909, 0.058851577813, 0, 0.84461171139, 0.017809022244],
      [0.46680251989, 0.044030578296, 0.052726854167, 0.26892448957, 0.072235922308, 0.095279635775],
      [0.085830415614, 0.0014290354998, 0.10244127647, 0.1878817323, 0.049966896522, 0.57245064358]
    ],
    [
      [0.012174291583, 0.23383942877, 0.0029949700138, 0.033561334498, 0.69179480686, 0.025635168279],
      [0.0025604547619, 0.0080417443913, 0.56670806383, 0.22677588854, 0.073035354314, 0.12287849416],
      [0.0058230926981, 0.0081610566143, 0.0073266067577, 0.89415333473, 0.011995990853, 0.072539918349],
      [0.0048814735569, 0.087116608683, 0.041271763135, 0.0014512542102, 0.84846618981, 0.0168127106],
      [0.4647426434, 0.062803746739, 0.043083819419, 0.24445491978, 0.078505444275, 0.10640942639],
      [0.075352298872, 0.0019391616151, 0.08360416468, 0.15532498395, 0.048356852808, 0.63542253808]
    ],
    [
      [0.013185175841, 0.17278905884, 0.0046030804549, 0.036779314163, 0.76268830195, 0.0099550687567],
      [0.0019386041173, 0.0052072727087, 0.64044709091, 0.2352538943, 0.072272401051, 0.044880736909],
      [0.0065619003571, 0.034383439339, 0.010549770637, 0.90525163489, 0.025218416913, 0.018034837868],
      [0, 0.046994553525, 0.052002388705, 0, 0.90100305777, 0],
      [0.55008868755, 0.038354260206, 0.045003372075, 0.25388336579, 0.073730825628, 0.038939488754],
      [0.12096253663, 0.002288753166, 0.14373656682, 0.25888211713, 0.077893455235, 0.39623657102]
    ],
    [
      [0.0079881658616, 0.10932727829, 0.0029972956375, 0.052573517943, 0.81740808758, 0.0097056546873],
      [0, 0.0040796870234, 0.53726481171, 0.33047395802, 0.084708074781, 0.043473468466],
      [0, 0.0085872798863, 0.0049222842247, 0.9588850872, 0.013295531403, 0.014309817283],
      [0, 0.033039051182, 0.035453579685, 0.018968907897, 0.91253846124, 0],
      [0.31170893529, 0.05718765063, 0.050348363442, 0.4279442708, 0.10683218768, 0.045978592162],
      [0.074824323542, 0.0013702119929, 0.12908309329, 0.36003011051, 0.086954306038, 0.34773795463]
    ],
    [
      [0.011451460665, 0.089022941101, 0.0016700221385, 0.046615383718, 0.83986198741, 0.011378204963],
      [0.0020884977353, 0.0036801968062, 0.47500894299, 0.35067644115, 0.10722083342, 0.061325087894],
      [0.0055694086912, 0.0077841557553, 0.0013265060777, 0.9443443627, 0.021459004883, 0.01951656189],
      [0, 0.029438065862, 0.016204385254, 0, 0.95435754888, 0],
      [0.43402235768, 0.025307383466, 0.033286194978, 0.35303176133, 0.10459521269, 0.049757089864],
      [0.10357845861, 0.0011663390924, 0.093293126671, 0.31496706176, 0.088743386518, 0.39825162735]
    ],
    [
      [0.0072424123456, 0, 0.0026238165997, 0.03974040201, 0.95039336904, 0],
      [0, 0, 0.57548355594, 0.27855227746, 0.1459641666, 0],
      [0, 0, 0, 0.93841214267, 0.06158785733, 0],
      [0, 0, 0.011319110698, 0.0030941902544, 0.98558669905, 0],
      [0.33333333333, 0, 0.11317866632, 0.41627122924, 0.13721677111, 0],
      [0.12907980439, 0, 0.20723128031, 0.50481955611, 0.15886935919, 0]
    ],
    [
      [0, 0.22729228539, 0.005638803586, 0.053186112502, 0.68587269465, 0.028010103875],
      [0, 0, 0.69459521729, 0.21181398653, 0, 0.093590796176],
      [0, 0, 0.0037712944233, 0.93063322458, 0, 0.065595480995],
      [0, 0.060780157141, 0.17710141894, 0.02723930342, 0.70057406729, 0.034305053212],
      [9.5987781172e-17, 0.074538900012, 0.12474193044, 0.54170026531, 0.091989454329, 0.16702944991],
      [0, 0, 0.16429961143, 0.20887072025, 0.0013306915456, 0.62549897678]
    ],
    [
      [0.018472450981, 0.14047379128, 0.0036708051325, 0.047521781667, 0.77103077866, 0.018830392281],
      [0.0078612799051, 0.0041976089899, 0.55309887723, 0.28624616131, 0.068298788377, 0.08029728418],
      [0.015803118668, 0.0033690730156, 0.0090315679467, 0.9287927513, 0, 0.043003489072],
      [0.021048401045, 0.048004834868, 0.044953127053, 0.012684957888, 0.86082800195, 0.012480677197],
      [0.51124486254, 0.03131253719, 0.040879986031, 0.28414165311, 0.067835306835, 0.064585654287],
      [0.11827201525, 0.0011954731509, 0.10336316179, 0.24245307426, 0.056893549164, 0.47782272638]
    ],
    [
      [0.013960014128, 0.10077080243, 0.0021259319293, 0.042253098583, 0.82707236425, 0.013817788684],
      [0.003870984606, 0.0040289779397, 0.51051929662, 0.30997529926, 0.10054259107, 0.07106285051],
      [0.021480533, 0.010480684139, 0.0021536763079, 0.90460544592, 0.030316091267, 0.030963569363],
      [0, 0.031406869871, 0.025784954379, 0, 0.94078310092, 0.0020250748337],
      [0.47707286771, 0.027060135219, 0.035109279546, 0.30339955526, 0.10128850567, 0.056069656591],
      [0.11257650286, 0.0013264244643, 0.096478648505, 0.26776103712, 0.082375108315, 0.43948227873]
    ],
    [
      [0.014442628254, 0.14728688692, 0.0029041268249, 0.042222706459, 0.77252117617, 0.020622475367],
      [0.003160690445, 0.0049796270562, 0.53918328239, 0.27620586783, 0.079920633934, 0.096549898347],
      [0.0060190937953, 0.0043444472396, 0.0059329354025, 0.92333506251, 0.011362246861, 0.049006214193],
      [0.0070836484359, 0.051435253338, 0.03643252216, 0.0091392681636, 0.88568111853, 0.010228189372],
      [0.48624032395, 0.036459230675, 0.039012024699, 0.27914464073, 0.080626784413, 0.078516995535],
      [0.096399740881, 0.001328109489, 0.089879733012, 0.21103896414, 0.058838428315, 0.54251502417]
    ],
    [
      [0.0096633265417, 0.15276255534, 0.0017987728234, 0.04992503225, 0.77130515272, 0.014545160321],
      [0.0018319632902, 0.0058195644131, 0.45781599588, 0.36650630932, 0.090585355376, 0.077440811717],
      [0.0010639154347, 0.0054708468282, 0.0023262522992, 0.94862110137, 0.012444617992, 0.030073266077],
      [0, 0.053380489504, 0.022221056064, 0.022319579098, 0.89803487876, 0.0040439965685],
      [0.38284567004, 0.043902287757, 0.032855579873, 0.38081325322, 0.094967348566, 0.064615860541],
      [0.079842079181, 0.0016613834974, 0.081136349304, 0.29906819233, 0.071076197678, 0.46721579801]
    ],
    [
      [0.012560380185, 0.18176097513, 0.0033392895457, 0.048358657363, 0.73710417544, 0.016876522335],
      [0.0024397754597, 0.0056545148525, 0.55305081897, 0.29462117821, 0.07040855274, 0.07382515977],
      [0.0047129968357, 0.0046418023998, 0.0063835624675, 0.94052542868, 0.0076139924122, 0.036122217206],
      [0.004856794584, 0.0639394231, 0.043216219228, 0.023998502001, 0.85539265811, 0.0085964029805],
      [0.44269436474, 0.045895499618, 0.043405941079, 0.32462368945, 0.077875731014, 0.065504774098],
      [0.091467560102, 0.0017239967568, 0.10596024172, 0.26021019812, 0.06032941096, 0.48030859235]
    ],
    [
      [0.018370152092, 0, 0.00025241994305, 0.019557649996, 0.95691947652, 0.0049003014472],
      [0.0038176716455, 0, 0.52070143271, 0.19637584043, 0.27485365628, 0.0042513989375],
      [0.01299944224, 0, 0.004132907306, 0.92723049237, 0.032813692172, 0.022823465907],
      [0, 0, 0, 0, 1, 0],
      [0.69154787319, 1.3182739354e-33, 0, 0.017641030483, 0.29081109633, 0],
      [0.23499213441, 0, 0.11552391217, 0.19752706929, 0.1453925594, 0.30656432473]
    ],
    [
      [7.2106048737e-17, 0.21213547981, 0.0029303174664, 0.052694855903, 0.72560978173, 0.0066295650848],
      [0, 0.0063534863457, 0.5727933118, 0.32312428431, 0.068297990911, 0.029430926637],
      [0, 0.016656976359, 0.004549402595, 0.97018840814, 0.008605212905, 0],
      [0, 0.071535999548, 0.037102962262, 0.02557032793, 0.86579071026, 0],
      [1.3183898417e-16, 0.093600427118, 0.073037848436, 0.64924594977, 0.13654005543, 0.047575719249],
      [0, 0.043242104625, 0.14873857736, 0.42504381235, 0.087331218201, 0.29564428746]
    ],
    [
      [0, -0, 0.047691717674, 0.95230828233, -0, 0],
      [0, 0, 0.76752580342, 0.23247419658, 0, 0],
      [0, 0, 0, 1, 0, 0],
      [0, 0, 0.60061448233, 0.39938551767, -0, 0],
      [0, 0, 0.064009811035, 0.93599018897, 0, 0],
      [0, 0, 0.084232192773, 0.91576780723, 0, 0]
    ],
    [
      [0.01473710392, 0.27821800072, 0.0068121899795, 0.030418449851, 0.65749165312, 0.012322602407],
      [0.0071882806371, 0.009214841235, 0.68598745808, 0.18285824207, 0.062912223263, 0.051838954722],
      [0.02450893772, 0.018620196601, 0.039091996651, 0.8644360837, 0.019560497962, 0.033782287366],
      [0, 0.092366104616, 0.075189983812, 0, 0.82809334402, 0.0043505675509],
      [0.51943125265, 0.068606782571, 0.065850409707, 0.22455634436, 0.072352789788, 0.049202420923],
      [0.12530142102, 0.0044665824373, 0.16900080714, 0.20254082507, 0.066446202328, 0.432244162]
    ],
    [
      [0.0087003151912, 0.1927707755, 0.0018033982148, 0.042883474635, 0.73542941955, 0.018412616913],
      [0.0016135522231, 0.0075272534036, 0.47454194833, 0.32889491498, 0.088742566556, 0.098679764503],
      [0.00016477545064, 0.0077127223566, 0.0023334378626, 0.92732670976, 0.019430914159, 0.04303144041],
      [0, 0.069592485723, 0.024655741739, 0.0062887975368, 0.89037549432, 0.0090874806845],
      [0.37317243173, 0.058029871298, 0.034830842236, 0.35169105093, 0.096847138924, 0.085428664882],
      [0.067940571404, 0.0021215088407, 0.075645792022, 0.24561348834, 0.065237870514, 0.54344076888]
    ],
    [
      [0.019451269277, 0, 0.012123440113, 0.079306581342, 0.85179946162, 0.037319247644],
      [0.00030416107083, 4.0475295781e-34, 0.72812773212, 0.19439922607, 0.0080798290085, 0.069089051731],
      [0, 0, 0, 0.93049234654, 0, 0.069507653459],
      [0.0034090025723, 0, 0.27183271727, 0.085394261629, 0.61888295383, 0.020481064701],
      [0.45180127616, 0, 0.11080780336, 0.33739048137, 0, 0.10000043911],
      [0.069575372852, 0, 0.16594792364, 0.21192323143, 0.0042932906372, 0.54826018144]
    ],
    [
      [0.0083795052917, 0.10080374027, 0.00043796572081, 0.047612221744, 0.82414184241, 0.018624724567],
      [0, 0.0043718818137, 0.35861166233, 0.40786767589, 0.11747406705, 0.11167471292],
      [0, 0, 0, 0.9323620878, 0.02792722685, 0.039710685346],
      [0, 0.029692838068, 0, 0.021386774183, 0.94115719535, 0.0077631923992],
      [0.36191089089, 0.037345166272, 0.014081828956, 0.38622325459, 0.11378638079, 0.0866524785],
      [0.062085264308, 0.0011567282963, 0.045437853577, 0.2580971575, 0.073614100753, 0.55960889556]
    ],
    [
      [0.01012719472, 0.27482204178, 0.0010701072671, 0.046561063861, 0.6526594598, 0.014760132571],
      [0.0027137228789, 0.01192710849, 0.42897995644, 0.38231758668, 0.085356802652, 0.088704822859],
      [0.004204813472, 0.0082288748645, 5.8220398307e-05, 0.94601340568, 0.008520562674, 0.032974122912],
      [0.0042771211789, 0.10787097507, 0.01724431822, 0.029985117827, 0.83514811892, 0.0054743487803],
      [0.39708648386, 0.079001946497, 0.026851874241, 0.35251711255, 0.078725290318, 0.065817292533],
      [0.085115283752, 0.0032399409195, 0.069415138119, 0.28803469949, 0.062310320366, 0.49188461735]
    ],
    [
      [0.02291825326, 0, 0.0051662265456, 0.062517170633, 0.90939834956, 0],
      [0.0047884193762, 0, 0.70022546373, 0.25726817762, 0.037717939274, 0],
      [0, 0, 0, 1, 0, 0],
      [0.03072684723, 1.2143064332e-16, 0.095669744511, 0.049632010588, 0.82397139767, 0],
      [0.62678285661, 0, 0.049506626911, 0.28105620934, 0.042654307148, 0],
      [0.22790011823, 0, 0.23571368134, 0.44964636748, 0.086739832942, 0]
    ],
    [
      [0.012534264479, 0.084334570482, 0.0034318113278, 0.055177896182, 0.83076220489, 0.013759252642],
      [0.0020454569215, 0.002384399512, 0.55308554218, 0.31192944408, 0.073481363568, 0.057073793736],
      [0.0035862715295, 0.0017898400777, 0.0060340207711, 0.95673588945, 0.0064129066106, 0.025441071562],
      [0.002345695006, 0.027062034567, 0.04125428608, 0.033605480527, 0.89373631954, 0.0019961842807],
      [0.43453010525, 0.020674842978, 0.045110122126, 0.36155395978, 0.085042902245, 0.053088067627],
      [0.095295892854, 0.00074954013267, 0.11618984376, 0.30599457794, 0.069143631938, 0.41262651337]
    ],
    [
      [0.019852421552, 0.062869523535, 0.0017672636186, 0.049525182452, 0.84707952689, 0.018906081956],
      [0.0046533180338, 0.0023970584525, 0.4178013359, 0.37320356436, 0.099674163018, 0.10227056024],
      [0.0071416430742, 0.0015518482762, 0.002937884839, 0.93985845424, 0.010158813928, 0.038351355639],
      [0.0096841968646, 0.020693621045, 0.019806084071, 0.018330106805, 0.92365328463, 0.0078327065825],
      [0.58167190565, 0.012198915442, 0.019884187839, 0.25969267253, 0.069330354858, 0.057221963685],
      [0.13029250393, 0.00053843161006, 0.056581456341, 0.23975054781, 0.062107397665, 0.51072966264]
    ],
    [
      [0.013868722523, 0, 0.0086058043181, 0.074518176338, 0.86307246302, 0.039934833797],
      [4.7598858185e-05, 0, 0.75936143703, 0.15976074548, 0.01734844965, 0.063481768983],
      [0, 0, 0, 0.91935830949, 0, 0.080641690506],
      [0, 1.0059071453e-33, 0.1400237932, 0.11382550003, 0.70986655303, 0.036284153742],
      [0.35868154769, 0, 0.1037096993, 0.39822814432, 0, 0.13938060868],
      [0.043500006531, 0, 0.14359813871, 0.19447027144, 0.0045285597189, 0.6139030236]
    ],
    [
      [7.8797341638e-16, 0.18777290994, 0.00031694287336, 0.050420746332, 0.7452529566, 0.016236444256],
      [0, 0.026728210758, 0.28194018024, 0.46775408255, 0.11295175054, 0.11062577591],
      [0, 0.0033679694861, 0, 0.95514466176, 0.01244157208, 0.029045796669],
      [1.2173531989e-33, 0.061446854613, 0, 0.0069231877974, 0.93155362873, 7.6328862242e-05],
      [0, 0.078854340981, 0.026101795419, 0.63678699556, 0.13791935522, 0.12033751282],
      [0, 0.0012465967762, 0.02809407136, 0.21360666812, 0.044720386482, 0.71233227726]
    ],
    [
      [0.0056016815012, 0.077589882162, 0.0039638005181, 0.05967021677, 0.82889453368, 0.024279885372],
      [0, 0.0014193317164, 0.54708992338, 0.30631819571, 0.054576429872, 0.090596119316],
      [0, 0, 0, 0.9494276763, 0, 0.050572323699],
      [0, 0.023025297307, 0.04755468592, 0.056205094367, 0.85553892139, 0.017676001012],
      [0.22338316478, 0.021331897761, 0.082494113409, 0.47370359332, 0.088044964841, 0.11104226588],
      [0.034244295511, 4.7893825426e-05, 0.098829619956, 0.26101174913, 0.045112272317, 0.56075416926]
    ],
    [
      [0.01833148326, 0.07559678906, 0.0041612422057, 0.055875134355, 0.83046877843, 0.015566572693],
      [0.0059077011653, 0.0018865920842, 0.58348662581, 0.28913513021, 0.061457038954, 0.058126911774],
      [0.0044061917979, 0.0013798307442, 0.0097661501267, 0.95447202905, 0, 0.029975798285],
      [0.027096120212, 0.023955234109, 0.051922019797, 0.033339257108, 0.85645285761, 0.0072345111633],
      [0.50923743554, 0.01568608267, 0.047137026558, 0.31616470371, 0.060586075786, 0.051188675742],
      [0.12218621001, 0.00060016301875, 0.12360906862, 0.2812152688, 0.05952913955, 0.41286015001]
    ],
    [
      [0.011105005957, 0.49791906739, 0.0027403223507, 0.028763168393, 0.45426168368, 0.00521075223],
      [0.014950109652, 0.020252316306, 0.6886947552, 0.20708198216, 0.04360000718, 0.025420829496],
      [0.027992690792, 0.024878472181, 0.01150356331, 0.92340166019, 0, 0.01222361353],
      [0.021148846344, 0.21295633082, 0.050575138318, 0.00057833222702, 0.71474135229, 0],
      [0.53079997726, 0.14482317566, 0.051607926173, 0.21438914802, 0.041931390426, 0.01644838246],
      [0.15467893758, 0.0094358439978, 0.17258297219, 0.28024948825, 0.058918976639, 0.32413378136]
    ],
    [
      [0, 0.052234801003, 0.0034008148382, 0.071351639801, 0.83727322471, 0.035739519647],
      [0, 0.0011036599443, 0.46583251523, 0.35027048198, 0.056792179043, 0.1260011638],
      [0, 0.00073218640531, 0.0042549956101, 0.94383832594, 0.0020426803574, 0.049131811691],
      [0, 0.015477728972, 0.044037051211, 0.06035318328, 0.85166664388, 0.028465392657],
      [0, 0.01673517125, 0.057015530746, 0.63120317765, 0.11377791428, 0.18126820608],
      [0, 0.00021861756681, 0.062668462363, 0.22507675851, 0.036861641297, 0.67517452027]
    ],
    [
      [0.013897951275, 0.19486810728, 0.0045260928903, 0.048252501181, 0.72119315983, 0.017262187548],
      [0.0029280654288, 0.0053908552295, 0.58742639094, 0.27275035575, 0.061867909569, 0.069636423088],
      [0.0050921214225, 0.0047649379488, 0.0069709805295, 0.94092792047, 0.0066443243275, 0.035599715297],
      [0.0082005602899, 0.067168638657, 0.051529042112, 0.029490374556, 0.83336103748, 0.010250346904],
      [0.46089761244, 0.046765337543, 0.04697395844, 0.31123934247, 0.07014296047, 0.063980788631],
      [0.095116780772, 0.0015677579271, 0.11427390659, 0.25047413691, 0.054770709106, 0.4837967087]
    ],
    [
      [0.0043773554041, 0.24942828064, 8.9050164604e-05, 0.037692442388, 0.68407886813, 0.024334003271],
      [0.00038638659405, 0.010048254806, 0.43300510002, 0.33127806917, 0.090253992971, 0.13502819645],
      [0, 0.0048210563914, 0, 0.91644045419, 0.014309832862, 0.064428656555],
      [0, 0.090834561505, 0.010765261112, 0.0030744033733, 0.86443066299, 0.030895111018],
      [0.27515548823, 0.084890055125, 0.032658600533, 0.38564851468, 0.1013476051, 0.12029973634],
      [0.033373250091, 0.0035552919925, 0.052100728075, 0.21037163371, 0.060656024417, 0.63994307172]
    ],
    [
      [0.0046414884424, 0.16957456206, 0.0037622546343, 0.058284136235, 0.74367809127, 0.020059467352],
      [0.0003303450471, 0.0037129795621, 0.53375018836, 0.32982253933, 0.050898424522, 0.081485523176],
      [0.00028104962994, 0.0030947087661, 0.0084797084974, 0.95096670645, 0, 0.03717782666],
      [0.00027155601849, 0.056548112327, 0.057874549118, 0.051403794927, 0.82081791637, 0.013084071235],
      [0.20345537677, 0.054081619607, 0.059022562794, 0.4874861928, 0.098203457801, 0.097750790234],
      [0.031657890739, 0.0012645225624, 0.10677987124, 0.29111841652, 0.053914250862, 0.51526504807]
    ],
    [
      [0.014681638606, 0.17199884842, 0.0029625871476, 0.046548849161, 0.75048474011, 0.013323336552],
      [0.0043417833561, 0.0059963276079, 0.54156274746, 0.30681615401, 0.078436752445, 0.062846235124],
      [0.0092683830753, 0.005156636256, 0.0057092646425, 0.93939260099, 0.01171249205, 0.028760622983],
      [0.010231232506, 0.061474539716, 0.037955403187, 0.013058688316, 0.87325389006, 0.0040262462106],
      [0.47164592261, 0.04353460871, 0.040180105778, 0.31303116768, 0.079974694295, 0.051633500929],
      [0.11588363106, 0.0019996626261, 0.11083160393, 0.28438399758, 0.070136683534, 0.41676442127]
    ],
    [
      [0.0094542511766, 0.12148226789, 0.0021108840956, 0.050471564542, 0.80239080593, 0.014090226371],
      [0.001196237514, 0.0046704504683, 0.48000803637, 0.35180064728, 0.091484494808, 0.070840133566],
      [0, 0.0052962199166, 0.0022964010227, 0.94828950695, 0.015550773935, 0.028567098173],
      [0, 0.041099973666, 0.024876517515, 0.018577917067, 0.9126137992, 0.002831792553],
      [0.37209908306, 0.035654506022, 0.037953472817, 0.39008051066, 0.10089006756, 0.063322359883],
