{
  "Z_true": {},
  "V_true": [
    [14, 512, 820, 217, 64],
    [292, 913, 9918, 1230, 366],
    [256, 229, 351, 20022, 372],
    [1159, 60, 541, 741, 118],
    [50, 85, 261, 447, 557]
  ],
  "p_true": [
    [0.0086, 0.3147, 0.504, 0.1334, 0.0393],
    [0.023, 0.0718, 0.7798, 0.0967, 0.0288],
    [0.0121, 0.0108, 0.0165, 0.9431, 0.0175],
    [0.4425, 0.0229, 0.2066, 0.2829, 0.0451],
    [0.0357, 0.0607, 0.1864, 0.3193, 0.3979]
  ],
  "Z_est": [
    [
      [0.1998, 3, 2, 2, 0.165, 0, 0, 1.9732, 0.4032, 0, 1.9985, 0.5227, 0.9478, 2.9997, 8, 0.0953, 1.996, 2, 12, 2, 2, 1.9064, 0, 0, 1.9998, 0, 3, 3, 0.1378, 2, 0.1441, 0, 0, 0.1616, 1.0002, 3, 3, 3, 0.4724, 5, 3, 3, 0.4132, 0, 0, 3, 0.3062, 7, 3, 1.0579, 0, 0, 0.1148, 0, 3, 3, 5, 3, 3, 3, 0.8336, 0, 0.8734, 0.3769, 2.9999, 1.9841, 2.8426, 4, 3, 5, 1, 5, 6],
      [0.0265, 3.571e-22, 9.3204e-11, 0.0001, 0.1892, 0, 0, 0.9837, 0.509, 1.1718, 0.0089, 0, 0.0541, 3, 4, 0.0381, 0.0017, 2, 6, 2.1621e-08, 1, 0.0053, 0, 0, 0.0003, 0, 8.5231e-06, 2.6976e-16, 0.1029, 1, 0.371, 0, 0.4465, 0.7372, 1, 1, 4.173e-07, 1.8605e-10, 0.4907, 2, 1, 2, 0.2185, 0, 0, 1, 0.2056, 6, 1, 0.4005, 0, 0, 0.0765, 0.0684, 1, 1, 2, 2, 1, 2, 0.001, 0.0927, 0.8709, 0.1873, 1, 0.0002, 0.0365, 2, 0, 2, 4, 7, 7],
      [0.4213, 12, 5, 3, 0.4682, 0, 0, 3.0578, 1.3156, 1.0114, 3.9904, 0.7556, 2.0534, 15, 41, 0.2174, 1.9919, 10, 65, 2, 4, 2.0056, 0, 0, 2, 0, 5, 10, 0.9934, 3, 1.0517, 0, 0.4276, 0.5633, 1.9997, 6, 3, 3, 0.3009, 16, 11, 13, 1.1084, 0, 0, 7, 0.7493, 25, 12, 1.1535, 0, 0, 0.7007, 0.3638, 10, 9, 19, 8, 7, 8, 0.1757, 0.4004, 0.9375, 0.646, 6, 2.9923, 1.0929, 11, 2, 12, 15, 28, 27],
      [0.3269, 19, 10, 4.9999, 2.1776, 0, 0, 3.9817, 3.4714, 3.6316, 7.0011, 1.7217, 6.9444, 14.0002, 53, 0.6285, 6.0092, 22, 135, 6, 10, 2.0782, 0, 0, 3.9999, 0, 7, 20, 2.691, 11, 1.3739, 0, 1.1259, 1.4265, 9, 19, 10, 10, 3.5865, 19, 15, 21, 0.2599, 0, 0, 22, 1.7388, 51, 17, 3.2088, 0, 0, 1.0191, 0.5678, 25, 21, 32, 18, 13, 18, 0.9794, 0.507, 2.1194, 1.702, 17.0001, 4.0154, 5.0069, 14, 6, 25, 28, 48, 55],
      [0.0255, 1, 7.3578e-12, 3.5974e-06, 0, 0, 0, 0.0036, 0.3009, 0.1852, 0.0012, 0, 0.0003, 2, 2, 0.0208, 0.0013, 1, 5, 1.9419e-08, 1, 0.0045, 0, 0, 1, 0, 3.2592e-13, 1.006e-16, 0.0749, 2.8445e-07, 0.0594, 0, 0, 0.1114, 0.0002, 9.5581e-13, 8.8969e-06, 1.2678e-10, 0.1495, 1, 1, 1, 0, 0, 0, 1, 0, 3, 1, 0.1794, 0, 0, 0.0888, 0, 1, 1, 2, 1, 7.1424e-11, 1, 0.0103, 0, 0.1988, 0.0878, 1.5805e-12, 0.008, 0.021, 1, 0, 1, 1, 6, 5]
    ],
    [
      [1.3266, 16, 7, 4, 0.1518, 0.2131, 0.503, 3.0403, 0.3627, 0, 4.9881, 0.5301, 1.9448, 0.9998, 72, 1.8094, 0.0015, 7, 84, 2, 1, 2.0475, 1.0379, 0.3501, 2.0002, 0.1359, 9, 12, 0.1609, 4, 0.2613, 0.2505, 0, 0.2621, 1, 6, 2, 6, 0.145, 28, 24, 20, 0.3006, 0, 0, 8, 0.6699, 28, 11, 0.4651, 0, 0, 0.3894, 0, 6, 15, 29, 10, 10, 12, 3.7847, 0, 1.1142, 0.8082, 7.0001, 3.0236, 1.1261, 8, 9.0001, 20, 1.7171e-11, 31, 27],
      [0.5505, 11, 9, 5.9999, 0.7503, 0, 0.235, 5.0132, 0.8157, 1.3063, 4.0002, 0, 1.9454, 9, 52, 0.772, 5.9878, 16, 56, 4, 8, 2.9215, 1.05, 0.3734, 4.9995, 0, 15, 10, 0.6278, 7, 1.914, 0, 0.6743, 2.2048, 3.9998, 9, 4, 7, 0.8317, 23, 14, 21, 0.417, 0, 0.3504, 7, 0.8617, 26, 14, 4.5302, 0.3624, 2.2758, 1.2281, 0.2574, 13, 15, 27, 9, 9, 17, 2.0212, 0.399, 1.093, 1.484, 8.9998, 4.9844, 2.8767, 14, 8, 21, 11, 50, 47],
      [6.9136, 148, 63, 35.0002, 1.9391, 1.1496, 2.7954, 19.975, 2.4988, 10.2963, 21.0043, 2.0311, 11.0082, 36.0003, 489, 7.3784, 18.9924, 90, 527, 26, 19, 17.9329, 3.4823, 2.3437, 19.0007, 0.2624, 84, 111, 3.3923, 23, 6.2374, 0.7514, 0.6502, 3.0173, 18.0002, 29, 17, 24, 1.2889, 162, 144, 158, 1.9427, 0.1941, 0.3426, 26, 3.0413, 128, 95, 9.2898, 4.2079, 2.1548, 8.9709, 1.013, 66, 88, 193, 56, 73, 74, 9.6084, 1.9766, 16.0215, 3.7952, 38.9999, 29.9454, 6.0803, 58, 30.0001, 94, 46, 218, 169],
      [4.7547, 237, 131, 53.9999, 8.1588, 3.2607, 7.3027, 21.9578, 7.8246, 25.3799, 36.0032, 3.4387, 35.9387, 33.0003, 631, 14.04, 38.9983, 192, 1095, 59, 49, 20.0885, 3.4298, 3.5088, 39.9995, 1.6017, 119, 218, 6.6199, 66, 9.9795, 1.7467, 1.6756, 6.9791, 66.0005, 90, 50, 86, 6.4283, 189, 205, 259, 0.3397, 1.8059, 2.1307, 85, 6.4271, 250, 137, 19.5307, 8.4298, 5.6786, 10.338, 1.7296, 157, 210, 318, 116, 131, 156, 22.441, 2.6244, 26.7433, 14.5804, 117.0001, 40.0313, 16.9069, 70, 71.9999, 194, 84, 377, 339],
      [0.4546, 12, 5, 2, 0, 0.3766, 0.1638, 2.0137, 0.4983, 2.0175, 0.0042, 0, 0.1628, 5.9997, 33, 1.0002, 1.02, 10, 47, 4, 6, 3.0096, 0, 1.424, 9.0001, 0, 9, 8, 0.1991, 1, 0.6079, 0.2514, 0, 0.5368, 2.9995, 3, 2, 4, 0.3061, 16, 15, 16, 0, 0, 0.1763, 4, 0, 16, 10, 1.1841, 0, 0.8908, 1.0737, 0, 6, 11, 27, 8, 8, 12, 2.1447, 0, 2.028, 0.3322, 5.0001, 5.0152, 1.01, 8, 3, 14, 4, 48, 34]
    ],
    [
      [1.2174, 27, 14, 6, 0.6695, 0.6472, 1.3672, 2.9715, 1.166, 0, 5.0028, 1.6129, 4.1066, 1.0001, 81, 1.8824, 1.0009, 14, 155, 5, 2, 2.0047, 0.8485, 0.5936, 3.9999, 0.806, 12, 22, 0.647, 11, 0.5037, 0.671, 0, 0.5042, 3.9998, 17, 7, 18, 0.2947, 28, 27, 27, 0.1177, 0, 0, 16, 0.9089, 49, 13, 1.156, 0, 0, 1.3289, 0, 12, 29, 40, 19, 14, 22, 4.0393, 0, 1.9932, 2.6611, 17, 2.992, 3.9686, 8, 19.9999, 32, 1, 44, 45],
      [0.3278, 13, 13, 5, 1.9891, 0, 0.667, 2.9743, 3.43, 4.014, 5.9791, 0, 2.9987, 5.9995, 56, 1.0623, 6.9986, 29, 104, 6, 13, 2.0587, 0.8691, 0.5548, 3.9998, 0, 17, 18, 1.0973, 15, 4.0353, 0, 1.8792, 3.4474, 10.0002, 19, 6, 13, 3.343, 22, 17, 25, 0.1553, 0, 1.6496, 19, 0.8262, 44, 18, 6.489, 0.6178, 1.4672, 2.4485, 0.4979, 21, 31, 35, 16, 10, 27, 2.8185, 0.5084, 1.0122, 4.1853, 18.0001, 5.0149, 2.0547, 13, 13, 31, 20, 68, 74],
      [5.259, 246, 132, 55.9997, 6.4236, 3.9025, 7.3269, 18.9812, 9.12, 23.8332, 29.9985, 6.0641, 38.882, 30.9998, 544, 7.6735, 36.0137, 180, 978, 65, 38, 18.9458, 3.124, 3.1478, 33.9994, 1.5834, 115, 209, 7.8527, 64, 10.4285, 1.993, 1.9222, 4.4452, 56.0006, 81, 47, 72, 7.877, 162, 174, 211, 0.5969, 0.8059, 1.6574, 70, 3.6025, 218, 121, 17.7565, 6.477, 1.4978, 14.0264, 2.6018, 133, 175, 269, 107, 111, 132, 20.3468, 2.623, 26.973, 12.8764, 109.0001, 35.0235, 17.825, 58, 63.9999, 150, 90, 312, 282],
      [3.8684, 392, 270, 82.0003, 27.9177, 11.1072, 22.9678, 21.063, 23.8887, 61.5081, 50.0179, 12.323, 122.1198, 26.0006, 705, 16.6613, 73.9997, 383, 2030, 144, 95, 20.9047, 3.1584, 5.6447, 64.0014, 8.6106, 161, 410, 24.9063, 180, 22.6224, 4.6772, 5.1985, 11.759, 201.9992, 245, 139, 243, 50.4419, 190, 246, 346, 0.1301, 8.1941, 10.8693, 224, 7.6624, 431, 173, 44.9982, 13.9052, 4.355, 15.157, 4.9003, 310, 418, 441, 226, 198, 275, 45.7752, 3.8686, 49.1369, 38.3546, 314, 42.9772, 48.0903, 69, 152.0001, 308, 168, 536, 563],
      [0.3275, 20, 10, 4, 0, 1.3431, 0.671, 2.0101, 2.3954, 5.6448, 0.0018, 0, 1.8929, 5, 37, 0.7204, 1.9872, 20, 87, 10, 13, 3.0862, 0, 2.0592, 13.9995, 0, 12, 15, 1.4968, 5, 1.4101, 0.6588, 0, 0.8443, 9.0002, 9, 8, 11, 1.0434, 16, 18, 22, 0, 0, 0.8237, 11, 0, 28, 12, 2.6002, 0, 0.68, 2.0393, 0, 13, 22, 37, 16, 12, 22, 4.0202, 0, 3.8847, 1.9227, 13.9998, 4.9924, 4.0615, 8, 7, 23, 8, 68, 56]
    ],
    [
      [0.1642, 3, 1, 0, 0.0137, 0.1397, 0.1044, 0.0053, 0.0228, 0, 0.006, 0.3343, 0.0005, 0, 14, 0.1732, 0.0009, 1, 18, 1.9209e-06, 4.3775e-06, 0.0323, 0.1136, 0.037, 0, 0.058, 1, 1, 0.0431, 3.424e-07, 0.0252, 0.0785, 0, 0.0174, 0, 1, 1.2907e-06, 1, 0.0006, 5, 4, 3, 0.093, 0, 0, 1, 0.115, 8, 1, 0.166, 0, 0, 0.1482, 0, 1, 2, 5, 3, 2, 3, 0.1786, 0, 0.0118, 0.1495, 1, 0.0002, 0.0543, 1, 3.0001, 4, 1.5812e-09, 5, 5],
      [0.0687, 1, 1, 0, 0.0714, 0, 0.084, 0.0064, 0.1602, 0.1869, 0.0085, 0, 0.0008, 0.0003, 10, 0.097, 0.0097, 2, 12, 3.5055e-06, 0, 0.0107, 0.0809, 0.0359, 0, 0, 2, 1, 0.1463, 6.2577e-07, 0.2971, 0, 0, 0.1732, 1.3754e-07, 1, 1.0664e-07, 1, 0.0794, 4, 2, 3, 0.1039, 0, 0, 1, 0.1065, 7, 2, 0.244, 0, 0, 0.2131, 0.0523, 2, 2, 5, 2, 1, 3, 0.1565, 0, 0.0112, 0.1108, 1, 0.0003, 0.0134, 2, 2, 4, 1.9593e-08, 8, 9],
      [0.9438, 31, 13, 5, 0.169, 0.9478, 0.7276, 1.0218, 0.5316, 0.1537, 5.0057, 1.1492, 1.0567, 2.0001, 99, 1.3805, 1.9996, 15, 119, 7, 3, 2.1104, 0.3938, 0.3243, 3.0003, 0.1542, 14, 19, 0.6221, 5, 0.2883, 0.2556, 0, 0.3301, 2.9995, 8, 6, 6, 0.1808, 32, 30, 27, 0.6813, 0, 0, 9, 0.6068, 35, 15, 1.4908, 0, 0, 2.8094, 0.3829, 12, 18, 39, 16, 20, 17, 2.8648, 0, 1.0348, 0.4874, 8.9999, 5.0311, 1.9434, 11, 11, 20, 2, 36, 35],
      [0.7419, 52, 28, 9, 0.7458, 2.6322, 2.9824, 3.9418, 1.9883, 2.5339, 7.978, 2.5165, 5.9419, 3.9993, 129, 2.2493, 5.9882, 36, 246, 18, 8, 3.8927, 0.4117, 0.444, 6.9998, 0.7877, 22, 36, 2.0601, 13, 1.1715, 0.5761, 0, 1.3843, 12.0003, 27, 18, 26, 0.7297, 38, 45, 46, 0.1219, 0, 0, 25, 1.1717, 71, 23, 6.0775, 0, 0, 3.4458, 0.5648, 30, 42, 64, 36, 37, 40, 9.7819, 0, 2.9369, 2.6996, 31.9999, 8.976, 7.0421, 12, 32, 42, 6, 65, 72],
      [0.0813, 3, 2, 1, 0, 0.2802, 0.1017, 0.0246, 0.297, 0.1256, 0.0018, 0, 0, 0.0002, 8, 0.0999, 0.0017, 1, 10, 1, 1, 0.9539, 0, 0.1589, 0.9998, 0, 1, 1, 0.1285, 1.6333e-07, 0.2179, 0.0898, 0, 0.0951, 0.0002, 1, 1, 1, 0.0095, 4, 3, 3, 0, 0, 0, 1, 0, 4, 1, 0.0217, 0, 0, 0.3835, 0, 1, 2, 5, 3, 3, 3, 0.0181, 0, 0.0054, 0.5527, 1.0001, 0.9924, 0.9468, 1, 1, 3, 3.2965e-08, 8, 7]
    ],
    [
      [0.0919, 1, 3.684e-12, 2.8042e-06, 0, 0, 0.0254, 0.0097, 0.0454, 0, 0.0047, 0, 0.0002, 0.0003, 5, 0.0397, 0.0009, 4.9253e-22, 7, 4.0653e-06, 2.9624e-08, 0.0091, 0, 0.0194, 8.1541e-06, 0, 4.2616e-06, 4.5886e-16, 0.0112, 1.8542e-07, 0.0658, 0, 0, 0.0548, 3.6444e-09, 1, 3.753e-07, 1.8644e-10, 0.0873, 2, 1, 2, 0.0755, 0, 0, 1.6953e-12, 0, 4, 1, 0.155, 0, 0, 0.0186, 0, 3.8131e-17, 1, 2, 1, 1, 1, 0.1637, 0, 0.0074, 0.0043, 4.7275e-12, 0.0001, 0.0084, 6.8067e-08, 1, 3, 4.9109e-08, 4, 4],
      [0.0266, 4.6988e-22, 3.3923e-13, 0, 0, 0, 0.014, 0.0224, 0.0851, 0.3211, 0.0033, 0, 0.001, 1.0001, 3, 0.0306, 0.0021, 1, 5, 1.4622e-08, 1, 0.0039, 0, 0.036, 0.0003, 0, 1, 2.9979e-16, 0.0258, 6.9621e-07, 0.3826, 0, 0, 0.4375, 1.7036e-08, 1, 4.7585e-06, 6.8099e-11, 0.2553, 2, 2.9657e-17, 1, 0.1053, 0, 0, 2.9791e-12, 0, 3, 2, 0.3362, 0.0198, 0.257, 0.0339, 0.124, 1, 1, 2, 1, 1.3103e-10, 1, 0.0028, 0, 0.0127, 0.0326, 0.0001, 0.0001, 0.0187, 1, 0, 2, 1, 6, 6],
      [0.4623, 9, 2, 1, 0, 0, 0.15, 2.9642, 0.5341, 2.7055, 1.001, 0, 0.9996, 7.9998, 34, 0.3501, 4.0024, 9, 49, 2, 3, 1.0052, 0, 0.1842, 2.9996, 0, 6, 9, 0.1396, 3, 1.9941, 0, 0, 0.644, 1, 4, 2, 3, 0.3524, 15, 10, 16, 0.6709, 0, 0, 4, 0, 17, 13, 1.3094, 0.3152, 0.3474, 0.4926, 0.6385, 9, 10, 19, 8, 9, 9, 2.0043, 0, 1.0333, 0.1949, 3.0001, 1.0077, 1.0584, 5, 3, 14, 6, 31, 24],
      [0.3082, 14, 4, 2, 0, 0, 0.747, 3.0557, 0.827, 7.9466, 2.9999, 0, 5.0552, 6.9996, 45, 0.4209, 8.0047, 19, 103, 5, 10, 1.036, 0, 0.4025, 7.9994, 0, 9, 18, 0.7228, 9, 2.8528, 0, 0, 1.4512, 6, 14, 8, 12, 3.8135, 17, 16, 26, 0.1483, 0, 0, 14, 0, 35, 20, 2.1849, 0.665, 0.9664, 1.0401, 1.2374, 22, 25, 33, 16, 16, 20, 5.0226, 0, 3.0635, 0.6635, 10.9999, 2.0001, 2.9538, 7, 7, 29, 12, 53, 50],
      [0.1111, 2, 1, 1, 0, 0, 0.0635, 2.948, 0.5084, 2.0268, 0.991, 0, 1.9439, 3.0002, 4, 0.1587, 1.9899, 3, 6, 2, 3, 0.9459, 0, 0.3579, 3.0007, 0, 2, 2, 0.1006, 2, 0.7047, 0, 0, 0.4125, 2, 2, 2, 2, 0.4915, 3, 3, 3, 0, 0, 0, 2, 0, 4, 3, 1.0146, 0, 0.4292, 0.4147, 0, 2, 2, 5, 3, 3, 4, 1.8066, 0, 0.8831, 0.1046, 2.9999, 1.9919, 0.9607, 2, 2, 4, 3, 9, 7]
    ]
  ],
  "V_est": [
    [146.926, 71.2949, 467.9455, 898.3007, 42.5329],
    [570.2048, 642.1139, 3918.9269, 7130.8533, 456.9012],
    [910.683, 946.4705, 6315.4874, 12302.7422, 754.6168],
    [100.2876, 93.5295, 789.0794, 1543.5152, 92.5884],
    [42.8986, 45.5912, 399.5609, 781.5886, 130.3607]
  ],
  "p_est": [
    [0.0903, 0.0438, 0.2876, 0.5521, 0.0261],
    [0.0448, 0.0505, 0.3081, 0.5606, 0.0359],
    [0.0429, 0.0446, 0.2975, 0.5795, 0.0355],
    [0.0383, 0.0357, 0.3013, 0.5893, 0.0354],
    [0.0306, 0.0326, 0.2854, 0.5583, 0.0931]
  ],
  "EI_Z": {},
  "EI_V": 41.3202,
  "MAE_Z": {},
  "MAE_V": 1308.8574,
  "MAE_p": 0.1687,
  "runtime": 0.4955
}
