{
  "Z_true": {},
  "V_true": [
    [35, 200, 916, 531],
    [1311, 1764, 410, 83],
    [399, 8418, 423, 134],
    [233, 521, 17726, 280],
    [312, 1892, 1170, 413],
    [172, 403, 335, 205]
  ],
  "p_true": [
    [0.0208, 0.1189, 0.5446, 0.3157],
    [0.3674, 0.4944, 0.1149, 0.0233],
    [0.0426, 0.898, 0.0451, 0.0143],
    [0.0124, 0.0278, 0.9449, 0.0149],
    [0.0824, 0.4996, 0.309, 0.1091],
    [0.1543, 0.3614, 0.3004, 0.1839]
  ],
  "Z_est": [
    [
      [0.2302, 0.0919, 0.122, 0.1284, 0.2681, 0.287, 0.4799, 0.095, 0.255, 0.3005, 0.2878, 0.0095, 0.2256, 0, 0.746, 0.3434, 0.9559, 0.9263, 0.48, 0.8973, 0.0294, 0.1695, 0.9162, 1.2204, 0.8395, 0.6885, 0, 0.0653, 0.0748, 0.6732, 0.2706, 0.5316, 0.2014, 1.7744, 0.35, 0.2889, 0, 5.8332, 1.0533, 2.2305, 0.0597],
      [3.4362, 2.7263, 2.8542, 1.8635, 4.6267, 4.7415, 6.063, 3.2096, 3.5721, 6.0098, 6.6394, 1.2342, 2.9706, 0, 3.1526, 4.6268, 6.1918, 2.8318, 3.5352, 4.1525, 0.6808, 0.5276, 11.2383, 4.0738, 4.6504, 4.0361, 0, 1.0846, 1.3779, 5.2248, 5.4658, 13.9224, 6.9521, 7.4679, 7.8919, 3.1146, 0, 119.223, 7.9984, 7.2439, 2.7716],
      [17.3166, 10.1524, 14.2492, 11.0371, 32.0562, 21.9705, 26.6862, 10.6576, 10.4008, 32.8243, 23.9209, 1.5705, 8.6269, 0, 22.4514, 7.9435, 9.6436, 13.5543, 4.4192, 12.5756, 3.2649, 2.697, 44.0361, 22.9852, 14.6173, 11.9973, 0, 5.6598, 2.4524, 18.2553, 15.5144, 27.1281, 18.5033, 27.584, 12.0566, 7.6822, 0, 404.0833, 21.6326, 26.7028, 3.1167],
      [5.0169, 4.0294, 5.7747, 3.9711, 7.049, 9.001, 6.7708, 5.0379, 3.7721, 9.8654, 7.1519, 1.1858, 3.1769, 0, 5.6499, 4.0863, 7.2087, 5.6876, 3.5656, 6.3746, 1.025, 1.6059, 17.8094, 7.7206, 4.8928, 4.278, 0, 1.1904, 1.095, 4.8467, 7.7492, 8.4178, 8.3432, 10.1737, 6.7015, 3.9143, 0, 165.8605, 12.3156, 12.8228, 1.052]
    ],
    [
      [8.289, 12.5993, 9.9025, 7.732, 15.9948, 24.8162, 12.3907, 17.0722, 14.949, 23.1653, 8.447, 2.7962, 16.7665, 0, 21.1335, 27.1689, 30.4727, 20.9165, 15.7414, 35.5779, 17.8114, 6.2084, 40.2622, 36.8964, 25.5815, 27.8828, 0, 4.5422, 5.1972, 39.4419, 29.2405, 31.8606, 14.4418, 44.3197, 45.7287, 17.0149, 0, 503.9442, 91.0776, 107.9889, 33.0233],
      [1.2617, 3.4718, 3.042, 1.7204, 2.4752, 6.4869, 1.8221, 5.1079, 3.2602, 4.9786, 2.3448, 1.5881, 4.9298, 0, 3.3442, 13.187, 16.2458, 4.0001, 11.7275, 9.2479, 5.4011, 1.6485, 10.4019, 7.553, 7.7997, 10.2013, 0, 1.2967, 1.4856, 8.3738, 13.1244, 13.7453, 9.6572, 11.445, 23.3894, 5.4753, 0, 169.318, 26.5847, 22.9965, 22.8197],
      [6.375, 13.7326, 15.8058, 13.4075, 20.4187, 31.2025, 9.698, 16.5071, 8.6719, 32.5052, 10.0759, 1.5982, 20.1136, 0, 24.3176, 20.1636, 23.5267, 19.7458, 12.0684, 29.6627, 24.6613, 10.9004, 44.3565, 46.1578, 28.3138, 33.5903, 0, 9.1182, 4.2493, 38.9541, 39.0253, 39.0064, 24.4237, 51.6289, 41.2256, 17.1464, 1, 629.5259, 79.4366, 84.5136, 44.7871],
      [0.0743, 0.1964, 0.2497, 0.1402, 0.1114, 0.4944, 0.0892, 0.3128, 0.1189, 0.351, 0.1324, 0.0175, 0.1901, 0, 0.2046, 0.4805, 0.7548, 0.3376, 0.4626, 0.5114, 0.1263, 0.2427, 0.9794, 0.3928, 0.305, 0.3256, 0, 0.0429, 0.0679, 0.2301, 0.6098, 0.3877, 0.4773, 0.6063, 0.6563, 0.3634, 0, 10.2119, 1.9011, 1.501, 0.3699]
    ],
    [
      [2.2212, 3.2891, 1.4427, 0.3155, 3.0322, 4.3499, 4.205, 4.2197, 6.3816, 4.7676, 1.7339, 2.3339, 1.2856, 0, 1.7622, 3.994, 3.25, 1.686, 1.8678, 5.553, 1.4293, 0.4461, 4.4661, 3.6435, 3.1228, 3.1445, 0, 0.2316, 0.4405, 2.6012, 1.8185, 2.4013, 0.91, 4.1575, 4.6615, 0.9377, 0, 70.7992, 13.6028, 17.9123, 1.9795],
      [89.7544, 145.0641, 92.3168, 31.3276, 144.4063, 180.4925, 117.4895, 211.6502, 125.0953, 215.1068, 89.2817, 115.6162, 60.9441, 2.3626, 75.621, 106.8573, 119.4389, 57.987, 61.472, 181.792, 80.4025, 20.228, 263.8224, 167.3171, 147.7369, 154.7192, 1.9051, 17.9299, 16.1766, 79.7321, 107.2559, 139.8194, 87.1557, 159.2846, 179.5055, 37.062, 0, 3697.362, 339.3326, 343.467, 80.3405],
      [5.7965, 9.0192, 5.0165, 1.7324, 15.229, 8.2847, 9.8178, 10.705, 8.0306, 16.7603, 5.6222, 3.7773, 2.0381, 0.6374, 3.8647, 1.3158, 1.6592, 1.4705, 0.458, 6.4939, 3.3363, 0.7418, 11.4024, 8.2055, 5.5014, 5.9061, 0.0949, 0.904, 0.5279, 2.0096, 2.6216, 3.6208, 2.8386, 5.9129, 3.2492, 0.5827, 0, 147.1358, 8.711, 11.4637, 1.4618],
      [6.2279, 7.6276, 8.224, 3.6246, 9.3325, 13.8728, 8.4877, 11.425, 6.4925, 13.3653, 7.3622, 5.2722, 2.7322, 0, 4.7521, 5.8328, 7.652, 4.8565, 4.2023, 10.1611, 1.8319, 2.5842, 17.3091, 8.8339, 5.639, 5.2301, 0, 0.9344, 0.8549, 3.6571, 6.304, 6.1585, 6.0957, 8.645, 7.5839, 2.4176, 0, 218.703, 21.3536, 22.157, 1.2182]
    ],
    [
      [5.7057, 4.7563, 3.2546, 4.0886, 6.1093, 8.4161, 5.9009, 7.3941, 5.5909, 8.1285, 2.2537, 1.2496, 8.2494, 0, 11.6335, 6.4822, 10.6075, 10.0208, 4.0408, 16.7497, 10.151, 2.0186, 19.2844, 18.5005, 11.4851, 12.3774, 0, 1.6341, 4.0754, 21.7556, 13.1437, 12.5158, 5.2728, 19.1391, 18.7228, 7.6114, 0, 170.7072, 26.3097, 37.4104, 12.4573],
      [5.4083, 9.3051, 6.0859, 4.7241, 5.2329, 9.1764, 2.9973, 17.5592, 2.6333, 11.2938, 2.6983, 3.224, 7.3532, 0.0816, 5.9605, 4.0672, 12.9217, 4.0441, 3.9611, 14.9893, 18.7465, 1.1213, 33.3885, 14.673, 20.6919, 25.5838, 1.3383, 1.969, 2.8036, 8.2017, 24.1564, 23.648, 19.4437, 12.1087, 36.7877, 4.4024, 0, 309.2176, 11.9241, 11.2859, 12.3963],
      [188.7342, 208.8111, 200.8836, 245.7477, 346.2474, 336.0461, 175.3025, 302.1613, 111.4204, 432.1644, 133.2169, 40.5523, 205.2831, 3.9184, 306.8579, 121.0024, 197.7832, 202.4448, 76.4808, 347.2169, 325.5179, 70.0547, 663.8952, 552.2029, 347.4932, 371.7399, 6.6617, 91.0705, 57.5765, 358.8821, 361.8055, 397.0566, 276.7101, 468.0922, 342.7814, 133.7255, 2, 7067.6095, 485.0525, 595.4886, 215.5463],
      [1.1518, 1.1275, 1.7759, 2.4396, 1.4104, 2.3613, 0.7993, 1.8854, 0.3554, 2.4133, 0.831, 0.9746, 1.1143, 0, 1.548, 0.4483, 1.6877, 1.4904, 0.5172, 2.0441, 0.5846, 0.8055, 5.4318, 2.6237, 1.3298, 1.2989, 0, 0.3264, 0.5446, 1.1605, 2.8944, 1.7796, 2.5734, 2.66, 1.7081, 1.2607, 0, 44.4656, 2.7138, 2.8152, 0.6001]
    ],
    [
      [0.2037, 0.2859, 0.1198, 0.025, 0.3926, 0.53, 0.3898, 0.3992, 0.5176, 0.3811, 0.1538, 0.1235, 0.1222, 0, 0.2569, 0.7754, 0.3369, 0.5081, 0.2748, 0.4107, 0.0873, 0.0569, 0.2724, 0.4507, 0.212, 0.1734, 0, 0.0394, 0.0043, 0.3006, 0.0953, 0.2323, 0.0372, 0.2933, 0.1771, 0.1495, 0, 6.6329, 1.5514, 2.0137, 0.0139],
      [27.1324, 46.0626, 29.2824, 11.1277, 54.9977, 66.1147, 31.9035, 72.4598, 28.5717, 64.778, 27.1617, 32.0125, 21.9377, 1.0011, 30.4665, 46.9729, 39.1961, 35.4605, 24.4712, 44.6593, 25.1667, 7.1731, 69.3765, 64.4136, 42.6046, 40.8026, 0.7566, 9.8573, 1.4435, 29.9221, 29.2274, 54.7357, 22.3784, 42.7891, 35.1989, 17.4144, 0, 1238.8605, 90.3859, 82.8982, 6.0121],
      [8.1959, 11.4546, 8.018, 4.4007, 35.417, 17.2651, 10.4469, 15.9523, 7.4431, 19.9795, 7.5878, 4.0548, 4.3715, 0.9989, 9.7158, 5.096, 3.4987, 8.8847, 1.8509, 6.3353, 6.6198, 1.5708, 12.1085, 17.5797, 7.0463, 6.6317, 0.2434, 3.7247, 0.1449, 7.2933, 3.8483, 9.2516, 3.6956, 7.0399, 2.9264, 2.59, 0, 229.5367, 10.9743, 13.0756, 0.3408],
      [7.468, 9.1969, 9.5797, 4.4466, 12.1927, 19.0902, 9.2597, 14.1887, 7.4677, 15.8615, 8.0967, 5.8091, 3.5686, 0, 6.5608, 8.1556, 8.9683, 8.1467, 5.4031, 10.5946, 2.1262, 3.1992, 18.2425, 11.556, 6.1371, 5.3923, 0, 1.3787, 0.4073, 5.484, 6.829, 7.7804, 5.8889, 9.8777, 6.6976, 3.8462, 0, 265.9699, 24.0884, 24.0125, 0.6331]
    ],
    [
      [3.3502, 2.9776, 2.1584, 1.7106, 3.203, 6.6008, 2.6338, 3.8199, 4.3058, 4.257, 1.1238, 1.4873, 1.3507, 0, 1.4678, 4.236, 2.3771, 1.9423, 2.5951, 5.8113, 3.4917, 1.1006, 3.7987, 4.2886, 3.7592, 2.7334, 0, 0.4875, 0.2078, 6.2274, 2.4315, 2.4584, 1.1369, 5.3161, 3.3598, 0.9976, 0, 81.0833, 15.4051, 20.4442, 2.4663],
      [9.007, 10.3701, 8.4187, 7.2368, 8.2613, 20.9879, 5.7245, 14.0132, 9.8675, 12.8331, 3.8742, 10.325, 4.8646, 0.5547, 3.4551, 12.2887, 8.0057, 4.6765, 10.8329, 16.1591, 13.6024, 3.3015, 13.7723, 11.9695, 14.5164, 10.657, 0, 1.8626, 0.7129, 15.5455, 11.7701, 11.1292, 7.413, 16.9046, 14.2266, 3.5314, 0, 294.0188, 39.7743, 39.1085, 10.6598],
      [2.5817, 1.83, 2.0268, 3.6746, 2.6318, 4.231, 1.0485, 2.0166, 2.0332, 2.7663, 0.5763, 1.4468, 0.5669, 0.4453, 0.7925, 1.4787, 0.8886, 0.9, 0.7227, 2.7156, 3.5998, 1.0353, 2.2012, 2.8689, 2.028, 1.1346, 0, 0.5227, 0.049, 3.6056, 1.1849, 0.9365, 0.8287, 2.7422, 0.7609, 0.2733, 0, 48.1088, 6.1931, 7.7557, 0.7473],
      [1.0611, 0.8222, 1.3961, 1.378, 0.904, 2.1802, 0.5932, 1.1503, 0.7935, 1.1435, 0.4258, 0.7408, 0.2178, 0, 0.2846, 0.9965, 0.7286, 0.4813, 0.8492, 1.3141, 0.3061, 0.5626, 1.2277, 0.873, 0.6964, 0.475, 0, 0.1272, 0.0303, 0.6216, 0.6135, 0.476, 0.6215, 1.0372, 0.6526, 0.1978, 0, 24.789, 3.6276, 3.6915, 0.1266]
    ]
  ],
  "V_est": [
    [24.4004, 289.3836, 982.0262, 386.1899],
    [1448.3956, 472.9589, 1621.6181, 25.0274],
    [196.3968, 8344.6312, 343.9571, 489.0145],
    [555.2043, 727.6055, 17373.2383, 103.9524],
    [19.0005, 2647.1876, 537.2099, 583.6019],
    [218.6025, 716.2331, 121.9504, 58.2138]
  ],
  "p_est": [
    [0.0145, 0.172, 0.5838, 0.2296],
    [0.4059, 0.1326, 0.4545, 0.007],
    [0.021, 0.8902, 0.0367, 0.0522],
    [0.0296, 0.0388, 0.9261, 0.0055],
    [0.005, 0.699, 0.1419, 0.1541],
    [0.1961, 0.6424, 0.1094, 0.0522]
  ],
  "EI_Z": {},
  "EI_V": 9.5959,
  "MAE_Z": {},
  "MAE_V": 306.1561,
  "MAE_p": 0.092,
  "runtime": 111.074
}
