{
  "Z_true": {},
  "V_true": [
    [1399, 130, 3007, 93],
    [573, 80, 11470, 231],
    [629, 10709, 2737, 646],
    [236, 290, 1663, 258],
    [187, 489, 774, 644]
  ],
  "p_true": [
    [0.3022, 0.0281, 0.6496, 0.0201],
    [0.0464, 0.0065, 0.9284, 0.0187],
    [0.0427, 0.7275, 0.1859, 0.0439],
    [0.0964, 0.1185, 0.6796, 0.1054],
    [0.0893, 0.2335, 0.3696, 0.3075]
  ],
  "Z_est": [
    [
      [11.8471, 26.3032, 15.7167, 11.5712, 5.5695, 7.5511, 5.1442, 16.7264, 5.1866, 11.6339, 4.194, 49.7529, 10.9252, 47.3257, 1.167, 0, 38.6359, 62.2491, 35.6918, 30.0041, 33.547, 8.7176, 55.3675, 25.0489, 55.8801, 18.263, 36.4473, 8.9622, 24.2461, 4.6661, 69.176, 125.0502, 76.5771, 45.2436, 0.8592, 2.3966, 3.5949, 11.9098, 9.9735, 22.189, 20.559, 9.8512, 41.4752, 3.7442, 5.6649, 5.4939, 6.5934, 9.7187, 45.8832, 39.436, 37.843, 35.855, 0, 558.7327, 88.982, 167.8602, 72.1737],
      [0.1061, 0.2343, 0.1238, 0.1017, 0, 0.0619, 0.1105, 0.1548, 0.0486, 0.0929, 0.031, 0.4377, 0.1061, 0.4333, 0.0088, 0, 0, 0, 0.3405, 0.2476, 0.2963, 0.0707, 0.4731, 0.1946, 0.5704, 0.1548, 0.4289, 0.0796, 0.2211, 0.0354, 0.6456, 1.0435, 0.6898, 0.3803, 0.0088, 0.0177, 0.0265, 0.0973, 0.1282, 0.2078, 0.2388, 0.1282, 0.4775, 0.0354, 0.0796, 0.0486, 0.0486, 0, 0.4201, 0.3758, 0.3405, 0.2741, 2.2536, 5.3237, 0.7561, 1.4636, 0.7845],
      [12.0468, 26.4493, 12.1525, 11.3214, 4.428, 6.3836, 19.7452, 18.1101, 5.762, 9.268, 2.7733, 48.7848, 12.9687, 50.2166, 0.8241, 0, 86.3641, 78.7509, 40.9486, 25.7344, 33.1402, 7.2077, 51.1594, 18.7456, 72.5175, 16.5736, 60.0997, 8.9538, 25.5204, 3.2965, 76.1422, 109.8477, 78.6944, 40.3548, 1.1314, 1.5847, 2.3771, 9.9874, 18.891, 24.5915, 33.1888, 19.0134, 66.0204, 4.2185, 12.251, 5.4547, 4.358, 6.2813, 48.6731, 45.1671, 38.7974, 25.8555, 0.7464, 639.6448, 81.2195, 161.594, 95.0417],
      [0, 0.0132, 0.007, 0.0057, 0.0025, 0.0035, 0, 0.0087, 0.0027, 0.0052, 0.0017, 0.0246, 0, 0.0243, 0, 0, 0, 0, 0.0191, 0.0139, 0.0166, 0.004, 0, 0.0109, 0.032, 0.0087, 0.0241, 0.0045, 0.0124, 0.002, 0.0362, 0.0586, 0.0387, 0.0214, 0.0005, 0.001, 0.0015, 0.0055, 0.0072, 0.0117, 0.0134, 0.0072, 0.0268, 0.002, 0.0045, 0.0027, 0, 0, 0.0236, 0.0211, 0.0191, 0.0154, 0, 0.2989, 0.0425, 0.0822, 0]
    ],
    [
      [1.1416, 2.2833, 4.4958, 0.6461, 2.4127, 2.5087, 0, 1.6904, 0.4956, 0.7858, 1.3229, 2.8615, 0, 2.387, 0.6914, 1.6048, 1.1713, 1.7199, 1.8681, 0.7117, 1.9867, 0.1631, 2.9088, 0.7265, 2.2091, 1.0823, 0, 1.1144, 0, 0.7212, 2.1498, 4.9965, 1.8533, 1.5271, 0, 2.9336, 0.5787, 1.7426, 0, 1.6068, 0, 0, 0, 0, 0, 0.2813, 0.1419, 0.3012, 2.4019, 2.1795, 2.1202, 1.5568, 0, 55.1539, 22.6517, 42.2119, 1.7199],
      [0.366, 0.732, 0, 0, 0, 1.2466, 2.6309, 0, 0, 0.2519, 0.2519, 0.9173, 0, 0.7652, 0.4402, 0, 0, 0.5513, 0.5989, 0.2281, 0.6369, 0.0523, 0.5846, 0.2329, 0.7082, 0.347, 1.6968, 0, 0, 0, 0.6892, 1.6017, 0.5941, 0.4896, 0, 0.6099, 0.0998, 0, 0, 0, 0, 0, 0, 2.9097, 0, 0, 0.0285, 0, 0.77, 0.6987, 0.6797, 0.4991, 0, 17.681, 20.596, 0, 1.3845],
      [75.4924, 149.6261, 245.5042, 528.1448, 93.2734, 166.3609, 245.3691, 209.9869, 48.8403, 51.4947, 50.9913, 187.5185, 64, 156.4273, 2.8684, 5.3952, 77.8287, 112.7054, 122.4214, 46.6367, 130.1942, 10.6876, 119.5066, 47.6083, 144.7681, 70.9267, 352.1536, 49.8856, 378.4357, 214.6834, 140.8818, 327.4286, 121.4498, 100.0746, 16, 41.4564, 20.3215, 86.4722, 97, 170.0297, 140.1041, 89.7929, 166, 249.4315, 274.4712, 159.3076, 5.8296, 12.6308, 157.3989, 142.8249, 138.9386, 102.0178, 0, 3614.3456, 619.9009, 714.7999, 112.7054],
      [0, 1.3587, 0, 11.2091, 0.3138, 2.8837, 0, 1.3227, 1.6641, 0.4676, 0.4339, 1.7027, 0, 1.4204, 0, 0, 0, 1.0234, 1.1116, 0.4235, 1.1822, 0.097, 0, 0.4323, 1.3145, 0.644, 3.1496, 0, 2.5643, 1.5954, 1.2793, 2.9732, 1.1028, 0.9087, 0, 0, 0, 0.7852, 0, 3.3635, 0.8959, 2.2071, 0, 4.6588, 0.5288, 3.4111, 0, 0.068, 1.4292, 1.2969, 1.2616, 0.9264, 0, 32.8195, 11.8514, 11.9882, 0.1902]
    ],
    [
      [1.7581, 1.6846, 1.852, 1.061, 0.3145, 0.4722, 0.4492, 1.902, 0.7571, 3.8173, 2.0454, 13.2807, 0.8522, 10.2324, 0.1213, 1.3952, 1.9105, 4.4855, 3.8228, 6.0527, 5.6257, 4.3653, 18.893, 12.4939, 2.5903, 6.1675, 0.2524, 1.9348, 2.9223, 0.6957, 17.4367, 51.47, 15.8826, 17.6234, 0.0057, 1.1445, 0.8879, 3.9309, 0.0688, 3.0849, 0.1377, 0.0688, 0.2639, 0.0287, 0.0402, 0.9197, 3.5198, 0.7461, 9.0684, 4.227, 8.7157, 17.8289, 0, 50.5238, 10.2579, 20.8578, 6.1943],
      [59.35, 408.4059, 59.5623, 30.5949, 2.9477, 13.5764, 13.5994, 58.636, 23.9095, 114.4355, 49.602, 310.1009, 29.716, 382.3411, 2.551, 4, 56.8431, 91.208, 271.6212, 82.3673, 213.3813, 35.8247, 286.5133, 301.29, 323.3238, 128.3099, 263.2884, 23.8472, 87.2244, 18.8077, 178.2991, 622.3712, 197.4859, 177.7117, 10.897, 33.2887, 18.3526, 55.7981, 31.7148, 85.5515, 93.4997, 36.7044, 74.1981, 14.7484, 18.8158, 23.8467, 7.881, 7.9895, 394.2973, 258.4442, 356.5718, 563.7873, 1.7464, 3431.429, 342.5597, 566.2076, 239.5694],
      [18.4506, 84.004, 12.1357, 6.9526, 5.0336, 1.9664, 1.9664, 14.8901, 5.0324, 23.4856, 9.1996, 52.2985, 7.2789, 80.9495, 0.3277, 1.6048, 14.2376, 18.1426, 87.069, 1.851, 2.9144, 5.8904, 84.8466, 12.8197, 89.3624, 38.1876, 84.7543, 5.2862, 32.94, 7.2113, 56.6146, 65.1372, 6.1029, 13.0419, 3.6649, 6.2632, 3.4713, 20.7368, 14.9826, 33.8051, 41.348, 9.3692, 35.7147, 2.633, 4.6361, 6.3243, 1.4551, 1.964, 123.2494, 70.8094, 86.4202, 144.3939, 0.2536, 545.7363, 50.3399, 111.6186, 16.7863],
      [1.4412, 19.9055, 2.45, 4.3915, 0.7043, 1.985, 1.985, 3.5719, 2.3009, 7.2616, 1.153, 13.3199, 1.153, 11.477, 0, 0, 1.0088, 4.1639, 4.487, 6.729, 20.0785, 0.9196, 3.7471, 5.3964, 7.7235, 4.3349, 11.7049, 0.9318, 7.9133, 2.2854, 6.6496, 25.0215, 13.5285, 14.623, 0.4324, 1.3036, 0.2882, 4.5342, 2.2337, 7.5586, 5.0146, 2.8576, 4.8233, 2.5899, 1.508, 7.9092, 0.1441, 0.3003, 8.3849, 11.5194, 21.2923, 16.9898, 0, 119.3109, 19.8425, 27.316, 2.45]
    ],
    [
      [0, 0, 0, 0, 0, 0, 0, 0, 0, 0, 0, 0, 0, 0, 0.0203, 0, 0, 0, 0, 0, 0, 0, 0, 0, 0, 0, 0, 0, 0, 0, 0, 0, 0, 0, 0, 0, 0, 0, 0, 0, 0, 0, 0, 0, 0, 0, 0, 0, 0, 0, 0, 0, 0, 0, 0, 0, 0],
      [0, 0, 0, 0, 0, 0, 0, 0, 0, 0, 0, 0, 0, 0, 0, 0, 0, 0, 0, 0, 0, 0, 0, 0, 0, 0, 0, 0, 0, 0, 0, 0, 0, 0, 0, 0, 0, 0, 0, 0, 0, 0, 0, 0, 0, 0, 0, 0, 0, 0, 0, 0, 0, 0, 0, 0, 0],
      [18, 52, 39, 35, 8, 14, 9, 37, 14, 15, 12, 59, 2, 58, 0.9797, 0, 14, 19, 46, 12, 57, 5, 37, 20, 46, 25, 55, 7, 74, 20, 51, 88, 34, 33, 2, 10, 3, 32, 10, 59, 44, 20, 31, 17, 14, 27, 2, 3, 58, 39, 41, 45, 0, 774, 53, 127, 20],
      [0, 0, 0, 0, 0, 0, 0, 0, 0, 0, 0, 0, 0, 0, 0, 0, 0, 0, 0, 0, 0, 0, 0, 0, 0, 0, 0, 0, 0, 0, 0, 0, 0, 0, 0, 0, 0, 0, 0, 0, 0, 0, 0, 0, 0, 0, 0, 0, 0, 0, 0, 0, 0, 0, 0, 0, 0]
    ],
    [
      [2.2531, 7.7289, 3.9355, 3.7218, 0.7033, 1.468, 2.4066, 2.6812, 0.5606, 2.763, 1.4376, 7.105, 2.2227, 6.0549, 0, 0, 2.2823, 3.5456, 5.6173, 2.2316, 7.8406, 0.754, 6.8307, 3.7307, 5.3205, 2.4871, 7.3003, 0.9886, 6.8316, 1.917, 5.2375, 13.4833, 3.687, 5.6059, 0.1351, 1.5253, 2.9386, 1.4167, 1.9576, 3.1194, 3.3033, 2.08, 4.2608, 1.2272, 1.2949, 1.3051, 1.745, 0.234, 6.6465, 6.1576, 5.3211, 5.7593, 0, 72.5897, 14.1085, 18.0701, 3.9121],
      [0.1779, 0.6278, 0.3139, 0.3034, 0.0523, 0.1151, 0.6592, 0.2093, 0.0419, 0.2197, 0.1151, 0.5441, 0.1779, 0.4604, 0, 0, 0.1569, 0.2407, 0.4394, 0.1569, 0.6856, 0.0523, 0.429, 0.2825, 0.3976, 0.1883, 0.5859, 0.0732, 0.5545, 0.1569, 0.3662, 0.9835, 0.2302, 0.4185, 0.0942, 0.0837, 0.521, 0.1046, 0.1569, 0.2407, 0.2616, 0.1674, 0.3244, 0.3065, 0.1046, 0.1046, 0.0419, 0.0105, 0.5127, 0.4813, 0.4081, 0.4394, 0, 5.5664, 1.0882, 1.3288, 0.2616],
      [6.0102, 13.9206, 11.2076, 5.5811, 1.265, 2.2891, 5.9192, 5.0129, 0.3653, 4.7517, 3.0359, 12.3982, 7.7524, 10.4065, 0, 0, 6.5696, 5.4011, 11.561, 2.7779, 13.7512, 1.2143, 11.4874, 6.8264, 9.3519, 4.3122, 13.9924, 1.8744, 14.1039, 3.8088, 8.3615, 21.5864, 2.7529, 8.5287, 6.2036, 1.6956, 3.8301, 1.8036, 4.1263, 4.5737, 6.3591, 3.8246, 8.2649, 2.717, 2.6417, 0.9133, 1.3573, 0.1238, 12.6785, 11.1986, 6.8439, 8.7328, 0, 127.2733, 24.5397, 28.9875, 6.4666],
      [8.5588, 37.7226, 14.543, 19.3936, 2.9794, 7.1277, 10.015, 12.0967, 3.0322, 13.2656, 6.4114, 31.9528, 6.847, 27.0783, 0, 0, 5.9912, 13.8127, 24.3822, 9.8336, 37.7226, 2.9794, 22.2529, 16.1604, 22.9299, 11.0124, 34.1214, 4.0637, 31.51, 9.1173, 21.0349, 57.9467, 15.3299, 25.4469, 2.5671, 4.6954, 1.7103, 6.6751, 8.7591, 15.0662, 15.0761, 9.928, 18.1499, 8.7493, 5.9588, 7.677, 0.8559, 0.6317, 29.1623, 28.1626, 26.4269, 27.0684, 0, 326.5707, 64.2637, 78.6136, 14.3597]
    ]
  ],
  "V_est": [
    [2185.1777, 21.4587, 2421.3748, 0.9888],
    [189.819, 62.5704, 11981.3501, 120.2606],
    [359.1415, 11590.9457, 2287.9622, 482.9506],
    [0.0203, 0, 2446.9797, 0],
    [289.8416, 23.0252, 513.3332, 1267.8]
  ],
  "p_est": [
    [0.4721, 0.0046, 0.5231, 0.0002],
    [0.0154, 0.0051, 0.9698, 0.0097],
    [0.0244, 0.7874, 0.1554, 0.0328],
    [8.2938e-06, 0, 1, 0],
    [0.1384, 0.011, 0.2451, 0.6054]
  ],
  "EI_Z": {},
  "EI_V": 10.181,
  "MAE_Z": {},
  "MAE_V": 369.0095,
  "MAE_p": 0.0939,
  "runtime": 0.8566
}
