{
  "X": [
    [14, 91, 136, 16],
    [44, 183, 483, 72],
    [5, 96, 92, 14],
    [115, 559, 661, 100],
    [40, 149, 226, 46],
    [42, 52, 209, 15],
    [47, 92, 305, 31],
    [57, 163, 417, 72],
    [44, 139, 344, 77],
    [13, 52, 188, 16],
    [23, 99, 215, 20],
    [40, 149, 420, 41],
    [20, 129, 241, 30],
    [20, 38, 44, 8],
    [18, 39, 98, 9],
    [4, 15, 21, 3],
    [13, 31, 50, 9],
    [8, 20, 32, 3],
    [3, 4, 4, 2],
    [8, 12, 25, 3],
    [26, 18, 50, 13],
    [30, 298, 185, 41],
    [70, 618, 639, 90],
    [30, 177, 247, 31],
    [58, 268, 566, 93],
    [28, 185, 374, 50],
    [5, 98, 41, 9],
    [11, 23, 36, 3],
    [4, 51, 8, 4],
    [94, 234, 399, 41],
    [7, 142, 42, 22],
    [8, 29, 38, 6],
    [21, 208, 101, 27],
    [12, 196, 156, 30],
    [48, 390, 532, 80],
    [20, 159, 231, 30],
    [50, 541, 699, 95],
    [7, 208, 269, 16],
    [16, 146, 230, 29],
    [32, 158, 207, 34],
    [52, 487, 583, 90],
    [66, 372, 606, 71],
    [34, 99, 270, 27],
    [25, 144, 304, 24],
    [28, 34, 109, 17],
    [31, 118, 219, 23],
    [7, 16, 33, 3],
    [34, 382, 204, 38],
    [59, 99, 261, 24],
    [1, 19, 2, 0],
    [46, 172, 457, 66],
    [21, 82, 107, 16],
    [55, 195, 568, 73],
    [25, 68, 259, 27],
    [51, 125, 339, 54],
    [20, 72, 211, 31],
    [95, 454, 641, 81],
    [31, 105, 243, 39],
    [22, 63, 155, 15],
    [38, 148, 329, 34],
    [22, 104, 236, 20],
    [42, 553, 428, 67],
    [31, 190, 219, 36],
    [10, 141, 90, 29],
    [2, 2, 1, 0],
    [29, 254, 389, 127],
    [183, 1150, 1387, 189],
    [20, 110, 266, 30],
    [226, 623, 879, 133],
    [50, 110, 143, 26]
  ],
  "W": [
    [13, 129, 86, 8, 21],
    [40, 455, 182, 48, 57],
    [9, 78, 95, 11, 14],
    [154, 609, 526, 43, 103],
    [45, 209, 151, 20, 36],
    [104, 134, 55, 7, 18],
    [38, 282, 89, 14, 52],
    [62, 389, 177, 30, 51],
    [42, 325, 132, 38, 67],
    [13, 172, 51, 10, 23],
    [25, 201, 100, 14, 17],
    [58, 365, 149, 37, 41],
    [29, 214, 116, 33, 28],
    [17, 42, 37, 2, 12],
    [20, 82, 39, 5, 18],
    [6, 15, 14, 2, 6],
    [14, 42, 28, 6, 13],
    [8, 28, 21, 1, 5],
    [2, 5, 2, 2, 2],
    [7, 25, 14, 0, 2],
    [25, 44, 23, 2, 13],
    [36, 152, 323, 24, 19],
    [72, 577, 643, 54, 71],
    [39, 208, 187, 20, 31],
    [60, 504, 275, 74, 72],
    [29, 335, 185, 39, 49],
    [6, 35, 97, 4, 11],
    [12, 31, 23, 1, 6],
    [1, 7, 50, 2, 7],
    [157, 313, 214, 32, 52],
    [11, 34, 137, 4, 27],
    [0, 41, 31, 0, 9],
    [13, 97, 202, 20, 25],
    [17, 138, 189, 28, 22],
    [41, 489, 393, 63, 64],
    [15, 198, 168, 29, 30],
    [71, 624, 520, 80, 90],
    [13, 241, 189, 21, 36],
    [17, 197, 135, 29, 43],
    [15, 211, 158, 10, 37],
    [62, 517, 488, 72, 73],
    [90, 526, 365, 54, 80],
    [29, 246, 100, 28, 27],
    [23, 290, 139, 22, 23],
    [35, 93, 29, 12, 19],
    [31, 193, 118, 16, 33],
    [4, 26, 18, 8, 3],
    [33, 188, 376, 15, 46],
    [80, 219, 96, 25, 23],
    [0, 1, 19, 1, 1],
    [40, 431, 179, 32, 59],
    [28, 95, 87, 2, 14],
    [61, 530, 206, 35, 59],
    [17, 238, 71, 30, 23],
    [52, 318, 135, 27, 37],
    [20, 190, 72, 22, 30],
    [126, 558, 444, 56, 87],
    [31, 230, 103, 26, 28],
    [18, 147, 64, 14, 12],
    [48, 296, 147, 29, 29],
    [20, 215, 104, 25, 18],
    [72, 379, 527, 37, 75],
    [47, 201, 186, 15, 27],
    [13, 89, 138, 12, 18],
    [3, 1, 1, 0, 0],
    [27, 402, 281, 34, 55],
    [249, 1243, 1145, 96, 176],
    [29, 252, 108, 16, 21],
    [227, 805, 623, 57, 149],
    [75, 107, 111, 4, 32]
  ],
  "method": "mvn_cdf",
  "mvncdf_method": "genz",
  "mvncdf_samples": 5000,
  "mvncdf_error": 1e-06,
  "cond_prob": [
    [
      [0.48237034053, 0.040965081196, 0.46043212417, 0.016232454097],
      [0.023132861557, 0.0092917732599, 0.90553693442, 0.062038430766],
      [0.0023734562578, 0.94494774322, 0.013196151104, 0.039482649416],
      [0.0002426877731, 0.10010832867, 0.78861553744, 0.11103344612],
      [0.21614227104, 0.3429734594, 0.27411069293, 0.16677357663]
    ],
    [
      [0.48815525005, 0.026277062945, 0.46414034005, 0.021427346956],
      [0.022432735603, 0.0058658359846, 0.89189121237, 0.079810216047],
      [0.0038119444133, 0.89575161716, 0.020729666838, 0.079706771586],
      [0.0002518921197, 0.06390080456, 0.79016522705, 0.14568207627],
      [0.23791281743, 0.23133209064, 0.29689744752, 0.2338576444]
    ],
    [
      [0.32059986747, 0.046845696511, 0.6107893035, 0.021765132514],
      [0.0042961206557, 0.0077199197763, 0.91896320539, 0.069020754174],
      [0, 0.93790923205, 0.016168576535, 0.045922191414],
      [0.00012340266431, 0.087538751791, 0.79843955559, 0.11389828995],
      [0.12701045374, 0.35085226245, 0.32177974038, 0.20035754343]
    ],
    [
      [0.50207243811, 0.053053175355, 0.4241464487, 0.020727937832],
      [0.025706146612, 0.012112152232, 0.88012500399, 0.082056697166],
      [0.0020931650394, 0.94700783368, 0.010054345943, 0.040844655335],
      [0.00026335978713, 0.1301683921, 0.72756676083, 0.14200148727],
      [0.20304341711, 0.38572960105, 0.22438216299, 0.18684481884]
    ],
    [
      [0.54392128063, 0.028661091493, 0.40339648011, 0.024021147768],
      [0.02770215241, 0.0084598500397, 0.86854149394, 0.095296503605],
      [0.0038279028203, 0.89828125019, 0.016318939438, 0.081571907547],
      [0.00030260330111, 0.075771336018, 0.74615704249, 0.17776901819],
      [0.25415908683, 0.24406240902, 0.2481857071, 0.25359279704]
    ],
    [
      [0.34929263217, 0.013482597261, 0.62317648914, 0.014048281428],
      [0.013690026528, 0, 0.94882589888, 0.037484074594],
      [0.0044337395738, 0.86527407358, 0.044773955691, 0.085518231152],
      [0.00015211123219, 0.030563841328, 0.88900887737, 0.080275170067],
      [0.19967679133, 0.15521049714, 0.4645191653, 0.18059354623]
    ],
    [
      [0.56154109457, 0.01766325371, 0.40856441647, 0.012231235254],
      [0.027764592117, 0.0025308069324, 0.91752826884, 0.052176332114],
      [0.0064332603102, 0.89955223362, 0.026850780497, 0.067163725577],
      [0.00035018830666, 0.052150439865, 0.84643223513, 0.1010671367],
      [0.33181462741, 0.1889394972, 0.31715018474, 0.16209569065]
    ],
    [
      [0.51816118029, 0.017121932766, 0.44227961275, 0.022437274195],
      [0.025686897243, 0.007277918772, 0.88739094746, 0.079644236523],
      [0.0058448609061, 0.84489317852, 0.028521700645, 0.12074025993],
      [0.00028231048637, 0.043932250068, 0.79470666515, 0.1610787743],
      [0.27134890392, 0.16163273855, 0.30380479369, 0.26321356385]
    ],
    [
      [0.50187361077, 0.029980550773, 0.43608621847, 0.032059619988],
      [0.024862365655, 0.01124802022, 0.86084099404, 0.10304862008],
      [0.0033589450673, 0.87766908787, 0.016687488929, 0.10228447813],
      [0.00025032049402, 0.070525035253, 0.71815247915, 0.2110721651],
      [0.21474845645, 0.23213342324, 0.24505243305, 0.30806568726]
    ],
    [
      [0.39912369734, 0.021072806447, 0.56530122899, 0.014502267215],
      [0.015631111395, 0.0028275151044, 0.93754830886, 0.043993064637],
      [0.0036609680379, 0.90181034046, 0.029869680568, 0.064659010938],
      [0.0001815388668, 0.045895627076, 0.86537630954, 0.088546524522],
      [0.21453547895, 0.2081929254, 0.40068078671, 0.17659080894]
    ],
    [
      [0.5146577431, 0.024751733387, 0.44737779904, 0.013212724478],
      [0.024944043167, 0.0051002111866, 0.91853584745, 0.051419898198],
      [0.0041523659007, 0.92271563435, 0.020949151059, 0.052182848695],
      [0.00028530146891, 0.065971654315, 0.83522986481, 0.098513179405],
      [0.27650429031, 0.24475868364, 0.31774802787, 0.16098899818]
    ],
    [
      [0.42018995523, 0.024121490883, 0.5396824099, 0.016006143987],
      [0.01677017227, 0.0040066440438, 0.92711604382, 0.052107139864],
      [0.0035899966268, 0.90496174574, 0.026309850901, 0.065138406735],
      [0.00019994519041, 0.053991262374, 0.84567030629, 0.10013848615],
      [0.21867224998, 0.22686711293, 0.36807549057, 0.18638514652]
    ],
    [
      [0.41393416873, 0.056204581698, 0.50881321241, 0.021048037156],
      [0.015615808389, 0.010070658584, 0.90093830301, 0.073375230019],
      [0.0015579915278, 0.94930125947, 0.010995878271, 0.038144870731],
      [0.00018488507786, 0.11941795423, 0.75543075197, 0.12496640873],
      [0.1595463531, 0.39840027164, 0.2585315465, 0.18352182877]
    ],
    [
      [0.74537068685, 0.018797156431, 0.22538307928, 0.010449077436],
      [0.040142970173, 0.012544655268, 0.85616586239, 0.091146512164],
      [0.0069565288508, 0.92842329446, 0.012768675732, 0.051851500953],
      [0.00070431842317, 0.090767624692, 0.7662289758, 0.14229908108],
      [0.44865778099, 0.21836463957, 0.18371853983, 0.14925903961]
    ],
    [
      [0.51076526552, 0.016406578336, 0.46185576188, 0.010972394255],
      [0.025295662098, 0.00011167486766, 0.93476942361, 0.039823239427],
      [0.0057756146392, 0.90209018937, 0.030355623665, 0.061778572325],
      [0.00028238571, 0.043970455843, 0.87315405392, 0.082593104522],
      [0.30465497211, 0.18118563497, 0.36456402411, 0.14959536881]
    ],
    [
      [0.41419464898, 0.027224211007, 0.54374734675, 0.01483379326],
      [0.018674623444, 0, 0.91250077582, 0.068824600741],
      [0.0035497946167, 0.93489763573, 0.017089682992, 0.044462886662],
      [0.00017311298973, 0.059601647211, 0.84806624138, 0.092158998422],
      [0.19744490064, 0.27148075655, 0.35243603961, 0.1786383032]
    ],
    [
      [0.57800682709, 0.030752365926, 0.37354269023, 0.017698116746],
      [0.029179040422, 0.006828278101, 0.87387282929, 0.090119852182],
      [0.0033636653086, 0.93044217943, 0.012924805604, 0.05326934966],
      [0.00033523434958, 0.08959738853, 0.7646253815, 0.14544199562],
      [0.27586082217, 0.2840549109, 0.23985358927, 0.20023067767]
    ],
    [
      [0.62742508477, 0.012008859527, 0.35300550891, 0.0075605467949],
      [0.028138028392, 0, 0.92981144045, 0.04205053116],
      [0.0072883925548, 0.90881457019, 0.032123031845, 0.051774005408],
      [0.00040433507732, 0.041804265147, 0.88317919333, 0.074612206444],
      [0.40785478962, 0.15540377692, 0.31669454683, 0.12004688663]
    ],
    [
      [0.85817441502, 0.042463940244, 0.099361644738, 0],
      [0, 0.2397446579, 0.7602553421, 0],
      [0.4880870267, 0.5119129733, 5.6350244461e-20, 0],
      [0.15373855828, 1.2299373716e-20, 3.8559754899e-20, 0.84626144172],
      [3.4778076623e-22, 0.84626144172, 7.0988399156e-23, 0.15373855828]
    ],
    [
      [0.78571003655, 0.0042606616353, 0.2045672668, 0.0054620350198],
      [0.042065884805, 0, 0.89601865305, 0.061915462142],
      [0.017564898667, 0.8457929666, 0.050997878396, 0.085644256341],
      [0.0007669779108, 0.02516320153, 0.88047114955, 0.093598671005],
      [0.60123702135, 0.064536918103, 0.22679625428, 0.10742980627]
    ],
    [
      [0.71280576232, 0.0057559585268, 0.26382968178, 0.017608597372],
      [0.045016999827, 0, 0.86718683368, 0.087796166491],
      [0.016570665142, 0.7343437599, 0.036354871553, 0.2127307034],
      [0.00059235285792, 0.025132800274, 0.76730543771, 0.20696940916],
      [0.44744599581, 0.070456073728, 0.22132802711, 0.26076990335]
    ],
    [
      [0.53151199261, 0.022328034417, 0.42982113945, 0.016338833519],
      [0.025535598243, 0.0051783379742, 0.90243132525, 0.066854738535],
      [0.0049371582475, 0.90040962588, 0.021804701704, 0.072848514165],
      [0.00030086099889, 0.060501219086, 0.81538307077, 0.12381484915],
      [0.2832755029, 0.21709184056, 0.3023560628, 0.19727659373]
    ],
    [
      [0.49689598486, 0.027458661411, 0.46027057783, 0.015374775904],
      [0.022976138108, 0.0060242310377, 0.91155930654, 0.059440324318],
      [0.0042483418253, 0.91861802495, 0.020970091924, 0.056163541299],
      [0.00026974615497, 0.069942341023, 0.82041975156, 0.10936816126],
      [0.25661982135, 0.25491152973, 0.31132905399, 0.17713959493]
    ],
    [
      [0.44757313666, 0.020882512121, 0.5169866758, 0.014557675426],
      [0.020003328715, 0.0033205890294, 0.92737491498, 0.049301167272],
      [0.0043343653674, 0.89893928317, 0.028710981576, 0.068015369886],
      [0.00022281572436, 0.04925389659, 0.85449979046, 0.09602349723],
      [0.24416040837, 0.20671534272, 0.37047057947, 0.17865366944]
    ],
    [
      [0.48004904984, 0.024324293688, 0.47377156022, 0.021855096254],
      [0.021854272902, 0.0061217073611, 0.8937051603, 0.07831885944],
      [0.0040440898924, 0.88577714513, 0.022772292714, 0.087406472268],
      [0.00024506848362, 0.058315809886, 0.79500170377, 0.14643741786],
      [0.23683671776, 0.2159877365, 0.30630276419, 0.24087278156]
    ],
    [
      [0.41848861919, 0.028376344731, 0.53375251319, 0.019382522888],
      [0.016043206956, 0.0052073523403, 0.91301887637, 0.065730564338],
      [0.0030510870145, 0.90720671453, 0.022253265362, 0.067488933092],
      [0.00019429293419, 0.062171047263, 0.81890933619, 0.11872532361],
      [0.20239443247, 0.24846346811, 0.33888847615, 0.21025362327]
    ],
    [
      [0.42321916493, 0.05639911787, 0.49922455367, 0.021157163527],
      [0.01634368602, 0.011004917277, 0.89936528538, 0.073286111328],
      [0.0018118269253, 0.95167143481, 0.0080669681193, 0.038449770145],
      [0.00017904139577, 0.12104157949, 0.75138533986, 0.12739403925],
      [0.15565387476, 0.40728524486, 0.24898458389, 0.18807629648]
    ],
    [
      [0.63310349784, 0.016115485397, 0.3431110927, 0.0076699240614],
      [0.028849009192, 0.0031203459368, 0.92931446209, 0.038716182778],
      [0.0060297468461, 0.93298061795, 0.02005501571, 0.040934619489],
      [0.0004308462478, 0.057259680208, 0.86551607269, 0.076793400859],
      [0.39488728621, 0.199011593, 0.29118952145, 0.11491159934]
    ],
    [
      [0.79271089014, 0.031403776067, 0.16477307797, 0.011112255815],
      [0.05738015369, 0.015866407258, 0.8041377649, 0.12261567415],
      [0.0039524881503, 0.96149124563, 0, 0.034556266215],
      [0.00060444243901, 0.16731359361, 0.66414404196, 0.167937922],
      [0.3723992488, 0.34976312917, 0.12542492626, 0.15241269577]
    ],
    [
      [0.47863475442, 0.043063474928, 0.46223393182, 0.01606783883],
      [0.022741193037, 0.010490550577, 0.90822157025, 0.058546686136],
      [0.0024205769563, 0.94572746491, 0.013294213186, 0.03855774495],
      [0.00024846075889, 0.10475271008, 0.78585131957, 0.10914750959],
      [0.21558453696, 0.35034092102, 0.27237918016, 0.16169536186]
    ],
    [
      [0.38682087372, 0.082425204273, 0.48465835344, 0.046095568563],
      [0, 0.015242260255, 0.83367921379, 0.15107852596],
      [0, 0.93728858897, 0.0083132940565, 0.05439811697],
      [0.00014485506877, 0.14996894897, 0.61436636109, 0.23551983487],
      [0.10164410996, 0.42839531182, 0.17508437456, 0.29487620366]
    ],
    [
      [0.87107975665, 0.0060309804062, 0.11845597884, 0.0044332840988],
      [0.032387416072, 0.0079289927354, 0.88148148666, 0.078202104529],
      [0.018950285663, 0.89694293104, 0.019737739069, 0.06436904423],
      [0.0012653327475, 0.05591710658, 0.82463023739, 0.11818732328],
      [0.6760730095, 0.096631159517, 0.13859879285, 0.08869703813]
    ],
    [
      [0.67225613246, 0.048251846015, 0.26083328488, 0.01865873664],
      [0.046882162637, 0.016669784757, 0.82233607587, 0.11411197674],
      [0.0028721177356, 0.9543089754, 0.0060902201255, 0.036728686739],
      [0.00047973094406, 0.17021930255, 0.64494824871, 0.1843527178],
      [0.28493352403, 0.38323831194, 0.14853513991, 0.18329302412]
    ],
    [
      [0.4059642665, 0.069666913854, 0.49685595578, 0.027512863868],
      [0.015262062141, 0.013530228004, 0.87671764325, 0.094490066605],
      [0, 0.94961455227, 0.010761286797, 0.039624160936],
      [0.00017103600222, 0.14112616578, 0.7028394046, 0.15586339362],
      [0.13580244936, 0.43271854453, 0.22059215681, 0.2108868493]
    ],
    [
      [0.49448732543, 0.032625089657, 0.45425927571, 0.018628309207],
      [0.023190676366, 0.0067035448154, 0.8972822644, 0.072823514417],
      [0.0032283870542, 0.92190290089, 0.016959601081, 0.05790911098],
      [0.00026079104167, 0.081021048576, 0.789480909, 0.12923725138],
      [0.2359467651, 0.28081518439, 0.28440502988, 0.19883302062]
    ],
    [
      [0.47095248459, 0.019889654167, 0.49494298127, 0.014214879966],
      [0.02180431986, 0.0028390423191, 0.92506249474, 0.05029414308],
      [0.0047283577302, 0.89707400342, 0.028756131811, 0.069441507034],
      [0.00024162395106, 0.048848785665, 0.85321485857, 0.097694731809],
      [0.26056954018, 0.20048258162, 0.36130734265, 0.17764053555]
    ],
    [
      [0.38947347383, 0.050738247475, 0.53840918686, 0.021379091842],
      [0.011768338462, 0.010443880051, 0.90784648077, 0.069941300714],
      [0.0016861725637, 0.9412936082, 0.013256964674, 0.043763254559],
      [0.00017085927924, 0.10417382788, 0.77309398303, 0.12256132981],
      [0.15681624092, 0.36748911979, 0.28372892731, 0.19196571198]
    ],
    [
      [0.28130278289, 0.067670801882, 0.63611373006, 0.014912685169],
      [0, 0.021249371539, 0.95638663473, 0.022363993736],
      [0, 0.96531175581, 0.011686419083, 0.023001825103],
      [0.00010747003188, 0.12210996015, 0.80268056678, 0.075102003034],
      [0.092800193104, 0.47197083396, 0.31045326198, 0.12477571095]
    ],
    [
      [0.38051879868, 0.042470589852, 0.55839955043, 0.01861106103],
      [0.011106168265, 0.0086618026997, 0.92049609943, 0.059735929603],
      [0.0018924343106, 0.93778420663, 0.015893233689, 0.044430125371],
      [0.00016519828666, 0.087446508439, 0.80525419984, 0.10713409343],
      [0.1647208347, 0.33569321398, 0.31794227235, 0.18164367898]
    ],
    [
      [0.66394682669, 0.024125731222, 0.29825357319, 0.013673868894],
      [0.0359966891, 0.0088798516214, 0.87405885003, 0.081064609247],
      [0.0056082906539, 0.92306555864, 0.014712918271, 0.056613232434],
      [0.00050543942524, 0.088721106574, 0.76998426068, 0.14078919332],
      [0.36633329411, 0.24413232455, 0.21825122572, 0.17128315561]
    ],
    [
      [0.43992353142, 0.038281712023, 0.50124951519, 0.020545241366],
      [0.017785540329, 0.0074381960916, 0.90167850751, 0.073097756071],
      [0.0024749703354, 0.92661953409, 0.016073266415, 0.054832229154],
      [0.00021005272867, 0.085756217513, 0.7854919024, 0.12854182736],
      [0.1959822929, 0.30707131748, 0.29254206429, 0.20440432534]
    ],
    [
      [0.43412351012, 0.033398693685, 0.51554617035, 0.016931625844],
      [0.017595396931, 0.0069769823565, 0.91771846977, 0.057709150943],
      [0.0027986449346, 0.92660723088, 0.018910689769, 0.051683434416],
      [0.00020999088454, 0.075653163024, 0.81702644818, 0.10711039791],
      [0.20801075493, 0.28784143468, 0.32323874502, 0.18090906536]
    ],
    [
      [0.58121460539, 0.018404123426, 0.38845794215, 0.011923329032],
      [0.029521779654, 0.0036755383249, 0.91309734628, 0.053705335736],
      [0.0063130610367, 0.90638196187, 0.024442094685, 0.062862882412],
      [0.00037454737274, 0.056752014281, 0.8399806603, 0.10289277804],
      [0.34224537847, 0.1975868669, 0.30181868646, 0.15834906817]
    ],
    [
      [0.50486417898, 0.034477390915, 0.44788166622, 0.012776763885],
      [0.024822663145, 0.0098020027787, 0.92001431672, 0.045361017356],
      [0.0030593327706, 0.94372767052, 0.015692587643, 0.037520409063],
      [0.00027518081986, 0.089851353669, 0.81685211356, 0.093021351955],
      [0.25035871036, 0.31345927042, 0.29315450641, 0.14302751282]
    ],
    [
      [0.56935671954, 0.027773985587, 0.38334629847, 0.019522996405],
      [0.028557444463, 0.0079104971674, 0.87361261418, 0.089919444187],
      [0.0039225039546, 0.91478301932, 0.015296766495, 0.065997710234],
      [0.00033616590583, 0.079113332868, 0.76430559167, 0.15624490955],
      [0.27888873029, 0.25337719544, 0.24850700559, 0.21922706869]
    ],
    [
      [0.51806514707, 0.022244483628, 0.44708379149, 0.01260657782],
      [0.025177589876, 0.0042765593229, 0.92244926251, 0.048096588292],
      [0.0047358491995, 0.91591590275, 0.023539918812, 0.055808329234],
      [0.00029291717472, 0.059923872886, 0.84476934184, 0.095013868102],
      [0.28839965802, 0.22570262324, 0.3276871185, 0.15821060025]
    ],
    [
      [0.84585850517, 0.0035905845205, 0.14748577847, 0.0030651318324],
      [0.041741330399, 0, 0.91894311857, 0.03931555103],
      [0.024757878456, 0.86486037856, 0.044319320644, 0.066062422342],
      [0.001029172615, 0.02971473682, 0.89654303203, 0.072713058537],
      [0.69247206527, 0.060144317768, 0.18248125848, 0.064902358485]
    ],
    [
      [0.52902677583, 0.049882083591, 0.40300561932, 0.018085521259],
      [0.026722345684, 0.012075616284, 0.88394949647, 0.077252541567],
      [0.0033953435304, 0.95356181049, 0.0084767780121, 0.034566067972],
      [0.00029088226011, 0.13038562965, 0.73722073078, 0.13210275731],
      [0.22255006539, 0.38236196071, 0.22332021158, 0.17176776232]
    ],
    [
      [0.56334673882, 0.023570118268, 0.40060646547, 0.012476677439],
      [0.028531533968, 0.0059337939283, 0.91153337071, 0.054001301398],
      [0.0049100024036, 0.92281932813, 0.020011164002, 0.052259505467],
      [0.00035136068403, 0.069572675677, 0.82712260541, 0.10295335823],
      [0.31320481337, 0.23847466418, 0.29245816078, 0.15586236167]
    ],
    [
      [0.4966383504, 0.032068206343, 0.4524943796, 0.018799063653],
      [0.017504945126, 0.0062964269908, 0.97619862788, 0],
      [0, 0.99273185339, 0.0072681466106, 0],
      [0.00052752937408, 0.11861819347, 0.88085427716, 0],
      [0.9819675255, 0.013180165142, 0.0048523093579, 0]
    ],
    [
      [0.49368587228, 0.019818294022, 0.46720635601, 0.019289477687],
      [0.023173126919, 0.00431623307, 0.90092038504, 0.071590254975],
      [0.0049888050518, 0.87509540381, 0.026998410519, 0.092917380619],
      [0.00026118096459, 0.049402082526, 0.81585605332, 0.13448068319],
      [0.26039989002, 0.18854284514, 0.3233042478, 0.22775301704]
    ],
    [
      [0.51370230748, 0.020686829839, 0.44978983311, 0.015821029571],
      [0.024543265897, 0.0020996195179, 0.90715506474, 0.066202049849],
      [0.0046985793952, 0.89906051204, 0.023889398137, 0.072351510427],
      [0.0002791928327, 0.054377035183, 0.828702074, 0.11664169799],
      [0.27681359551, 0.20673473517, 0.32074083838, 0.19571083094]
    ],
    [
      [0.46479879946, 0.019006015624, 0.49741087131, 0.018784313607],
      [0.02080542943, 0.0038978787259, 0.90942144558, 0.065875246266],
      [0.0049012344522, 0.87109188936, 0.02991764543, 0.094089230763],
      [0.0002357386143, 0.045262910823, 0.82944177025, 0.12505958031],
      [0.24749983875, 0.18212925824, 0.34696735215, 0.22340355086]
    ],
    [
      [0.57099822503, 0.014635124522, 0.40144587609, 0.012920774351],
      [0.028788336829, 0.0011724652463, 0.91280568922, 0.057233508709],
      [0.0074479551715, 0.87963654348, 0.030539957904, 0.082375543445],
      [0.00035587106401, 0.043962538236, 0.84690397374, 0.10877761696],
      [0.34356195914, 0.16082980089, 0.31966129781, 0.17594694216]
    ],
    [
      [0.56479947554, 0.015976993907, 0.40006346682, 0.01916006373],
      [0.028792869888, 0.005262496302, 0.88706367039, 0.078880963419],
      [0.0068146376457, 0.85449179205, 0.027715535686, 0.11097803461],
      [0.00034090602437, 0.045649843066, 0.80075527631, 0.1532539746],
      [0.31203011088, 0.1596428325, 0.2904989936, 0.23782806302]
    ],
    [
      [0.4546782609, 0.022304896886, 0.50202409995, 0.020992742264],
      [0.019981610263, 0.0040465681437, 0.90178455532, 0.074187266269],
      [0.0039555945665, 0.88245556472, 0.025165896411, 0.088422944305],
      [0.00021974382132, 0.051459369141, 0.8125435054, 0.13577738164],
      [0.22734305531, 0.20387157781, 0.33108502763, 0.23770033926]
    ],
    [
      [0.4844832176, 0.035349092291, 0.4633932801, 0.016774410007],
      [0.022486291485, 0.0080886339489, 0.90617328935, 0.06325178522],
      [0.0029759863731, 0.93207253935, 0.016193914323, 0.048757559955],
      [0.00025470412384, 0.086975166599, 0.79751665848, 0.1152534708],
      [0.2307145121, 0.30254873365, 0.28869793584, 0.17803881841]
    ],
    [
      [0.54576014287, 0.028465102452, 0.40473060849, 0.021044146183],
      [0.02748727938, 0.0069740385675, 0.87690179456, 0.088636887497],
      [0.0038512343284, 0.90770865707, 0.01650103447, 0.071939074134],
      [0.0003079905382, 0.076770164114, 0.76403433242, 0.15888751293],
      [0.26266701514, 0.25084060745, 0.25719425699, 0.22929812043]
    ],
    [
      [0.64841626428, 0.017409973628, 0.32407290583, 0.010100856265],
      [0.034829664837, 0.0049707245285, 0.90481267241, 0.055386938227],
      [0.0070268800901, 0.91697395335, 0.020872134263, 0.055127032292],
      [0.00048087534687, 0.063711849155, 0.83222580878, 0.10358146672],
      [0.39600782761, 0.19813542218, 0.26435391128, 0.14150283893]
    ],
    [
      [0.48881951126, 0.027716231502, 0.46823907293, 0.015225184309],
      [0.022711796227, 0.0056850667739, 0.91401561314, 0.057587523861],
      [0.0036553244383, 0.9215966364, 0.020084629114, 0.054663410051],
      [0.00025936412533, 0.069631542474, 0.82319793507, 0.10691115833],
      [0.25065922498, 0.25837313244, 0.3155421522, 0.17542549039]
    ],
    [
      [0.53039593249, 0.023981309775, 0.43373201999, 0.011890737747],
      [0.026335486244, 0.0057102518092, 0.92278028875, 0.045173973202],
      [0.0044440403153, 0.92557875611, 0.021170220791, 0.048806982789],
      [0.00030446715296, 0.0663741238, 0.84127833434, 0.092043074703],
      [0.29223110757, 0.24295144087, 0.31632978884, 0.14848766273]
    ],
    [
      [0.38349459717, 0.070110212376, 0.52285346158, 0.023541728865],
      [0.011416995663, 0.013257441279, 0.89684631338, 0.078479249675],
      [0, 0.95744094865, 0.010485874117, 0.032073177235],
      [0.00016313741885, 0.13982889772, 0.7289016351, 0.13110632976],
      [0.13407082083, 0.44243260415, 0.23939175781, 0.18410481721]
    ],
    [
      [0.46010470683, 0.049448171691, 0.46666763865, 0.023779482827],
      [0.020273696045, 0.0092202915147, 0.8820975274, 0.088408485044],
      [0.0019580852872, 0.93780413655, 0.011388796471, 0.048848981689],
      [0.0002192997677, 0.11189599412, 0.73745117026, 0.15043353585],
      [0.18268787088, 0.35972770465, 0.24388645479, 0.21369796968]
    ],
    [
      [0.44853537971, 0.078781461069, 0.42778566534, 0.044897493877],
      [0.018828756565, 0.016199635628, 0.80119175567, 0.16377985214],
      [0.0016694210179, 0.9355895521, 0.022694317237, 0.040046709642],
      [0.00018217518395, 0.15672894909, 0.59257868122, 0.2505101945],
      [0.12559525148, 0.41899821422, 0.16055334128, 0.29485319302]
    ],
    [
      [0.66666666667, 0.025815009903, 0.30751832343, 0],
      [3.469446952e-18, 0.97750835762, 0.022491642385, 0],
      [4.5741188615e-13, 0.94504661268, 0.054953387324, 0],
      [1.4575031128e-06, 0.99888786463, 0.0009259013684, 0.00018477649841],
      [0.23938561373, 0.27545636669, 0.28451747805, 0.20064054153]
    ],
    [
      [0.4375934821, 0.028558566515, 0.47547168954, 0.058376261846],
      [0.020073653373, 0.041518967633, 0.84030552382, 0.098101855174],
      [0.0028163859534, 0.80022334793, 0.017511644676, 0.17944862144],
      [0.00017674246295, 0.054439836321, 0.63395409413, 0.31142932709],
      [0.15123552056, 0.17862870023, 0.21607695369, 0.45405882552]
    ],
    [
      [0.46695686207, 0.037762426924, 0.47706884014, 0.018211870869],
      [0.020699668833, 0.0083851061617, 0.90410974973, 0.066805475276],
      [0.0027153403734, 0.93170287562, 0.015743217829, 0.049838566174],
      [0.00023718809915, 0.08940579226, 0.78999072992, 0.12036628972],
      [0.21514896705, 0.31131659143, 0.28713832617, 0.18639611535]
    ],
    [
      [0.41270710273, 0.035642348916, 0.53169564309, 0.019954905267],
      [0.015343563402, 0.006532449701, 0.90960942416, 0.068514562733],
      [0.0023644365666, 0.92496410456, 0.017497450161, 0.055174008715],
      [0.00018727570593, 0.07692706963, 0.80246380893, 0.12042184573],
      [0.18602668966, 0.2949161024, 0.31571932862, 0.20333787931]
    ],
    [
      [0.63056870262, 0.023642166349, 0.33186211367, 0.013927017367],
      [0.033534086867, 0.0080473704054, 0.88463168887, 0.073786853853],
      [0.0057368158243, 0.91730691576, 0.017164945289, 0.059791323129],
      [0.00045785289192, 0.080187286802, 0.78745135808, 0.13190350223],
      [0.35077738728, 0.23558531005, 0.24134431093, 0.17229299174]
    ],
    [
      [0.5154723624, 0.025191401936, 0.43980362237, 0.019532613288],
      [0.024233076864, 0.0056445719153, 0.89277281898, 0.07734953224],
      [0.0042517625636, 0.89977039473, 0.01849635299, 0.077481489715],
      [0.00028112178397, 0.064995268599, 0.79356545312, 0.1411581565],
      [0.25854885824, 0.23038064907, 0.28939624052, 0.22167425217]
    ]
  ],
  "expected_outcome": [
    [
      [6.270814427, 19.5262100021, 2.8853988072, 77.319155469, 24.4764576284, 36.326433746, 21.3385615936, 32.1259931778, 21.0786916522, 5.1886080655, 12.8664435775, 24.3710174031, 12.0040908932, 12.6713016765, 10.2153053105, 2.4851678939, 8.0920955793, 5.0194006782, 1.71634883, 5.4999702558, 17.8201440581, 19.134431734, 35.7765109097, 17.4553523296, 28.8029429906, 12.1361699565, 2.5393149896, 7.5972419741, 0.79271089014, 75.1456564444, 4.2550296109, 0, 8.739329722, 6.9013925305, 20.2739803426, 7.0642872689, 27.6526166418, 3.6569361776, 6.4688195776, 9.9592024004, 27.275258948, 39.0711159105, 16.8552235563, 11.6118761165, 19.9274851839, 16.060019559, 3.3834340207, 17.4578836024, 45.0677391057, 0, 19.7474348913, 14.3836646096, 28.3527267671, 9.7069698256, 29.3695727283, 9.0935652179, 61.0448854177, 16.918564429, 11.671492757, 23.4633365403, 10.6079186498, 27.6116109966, 21.6249212211, 5.8309599363, 2, 11.8150240167, 116.272258655, 11.9685059792, 143.1390954944, 38.6604271801],
      [0.53254605555, 1.0510825178, 0.4216112686, 8.1701890047, 1.2897491172, 1.4021901151, 0.67120364097, 1.0615598315, 1.2591831325, 0.27394648382, 0.61879333467, 1.3990464712, 1.6299328692, 0.31955165933, 0.32813156672, 0.16334526604, 0.43053312296, 0.09607087622, 0.084927880487, 0.029824631447, 0.14389896317, 0.80380923901, 1.9770236216, 0.81441797273, 1.4594576213, 0.8229139972, 0.33839470722, 0.19338582477, 0.031403776067, 6.7609655638, 0.906677247, 0, 0.6272739982, 1.1843375355, 1.3376286759, 0.2983448125, 3.6024155707, 0.87972042447, 0.72200002749, 0.36188596833, 2.3734661454, 3.0058824316, 0.53371957934, 0.79297999104, 0.97208949553, 0.68957899247, 0.014362338082, 1.6461087585, 1.8856094615, 0, 0.79273176089, 0.57923123548, 1.159366953, 0.24879711687, 0.83080368319, 0.44609793772, 4.4539856287, 0.88241817602, 0.31337952531, 1.3303791121, 0.4796261955, 5.047935291, 2.3240640695, 1.0241589939, 0.077445029709, 0.7710812959, 9.402844304, 1.0336281186, 5.3667717612, 1.8893551452],
      [5.9856176142, 18.5656136019, 5.4971037315, 65.3185531002, 18.1528416049, 64.8103548704, 15.5254478258, 27.4213359906, 18.3156211759, 7.3489159769, 11.1844449759, 31.3015797745, 14.75558316, 3.8315123478, 9.2371152377, 3.2624840805, 5.2295976633, 2.8240440712, 0.19872328948, 1.4319708676, 6.5957420444, 15.4735610203, 33.1394816036, 20.1624803561, 28.4262936129, 15.4788228825, 2.995347322, 4.1173331124, 0.16477307797, 72.5707272956, 5.3312418879, 0, 3.3908327035, 8.4465512482, 18.624630304, 7.4241447191, 38.2270522667, 8.2694784907, 9.4927923574, 4.4738035979, 31.0774699419, 46.3991553319, 11.2652803224, 10.3012783232, 13.4171204464, 13.8595975361, 0.58994311389, 13.2991854375, 32.0485172378, 0, 18.6882542404, 12.5941153269, 30.3420631498, 6.8245798936, 20.8033002745, 10.0404819991, 58.3875532927, 12.5466488633, 5.8333123049, 22.4754755008, 8.6746403997, 37.6454492341, 21.9333790166, 5.5612136494, 0.92255497029, 12.8377356175, 118.7901411945, 15.4191736495, 75.3326998021, 32.9852716781],
      [0.21102190327, 0.85709387822, 0.19588619262, 3.1921024262, 1.0809516495, 1.4610212685, 0.46478693965, 1.3911110001, 1.3465040395, 0.18852947379, 0.33031811194, 0.92835635122, 0.61039307753, 0.17763431641, 0.21944788511, 0.089002759561, 0.24777363444, 0.060484374359, 0, 0.038234245138, 0.44021493431, 0.5881980067, 1.1069838651, 0.5677493416, 1.3113057752, 0.56209316376, 0.12694298116, 0.092039088737, 0.011112255815, 2.5226506963, 0.50705125419, 0, 0.24256357631, 0.46771868575, 0.7637606775, 0.21322319949, 1.5179155208, 0.1938649072, 0.31638803752, 0.20510803341, 1.2738049647, 1.523846326, 0.34577654192, 0.29386556935, 0.68330487416, 0.39080391242, 0.01226052733, 0.59682220154, 0.99813419509, 0, 0.77157910747, 0.442988828, 1.14584313, 0.21965316396, 0.99632331394, 0.41985484527, 2.1135756608, 0.65236853167, 0.18181541277, 0.73080884682, 0.23781475494, 1.6950044782, 1.1176356929, 0.5836674204, 0, 1.5761590698, 4.5347558464, 0.57869225273, 3.1614329423, 1.4649459966]
    ],
    [
      [2.9841391409, 10.2068946992, 0.33509741114, 15.6550432868, 5.7897498537, 1.8344635548, 7.8296149771, 9.9922030274, 8.0802688378, 2.68855116, 5.0137526766, 6.1211128784, 3.3417829953, 1.6860047473, 2.074244292, 0.28011935166, 1.2255196977, 0.78786479498, 0, 1.0516471201, 1.9807479924, 3.8814109329, 13.2572316885, 4.1606923727, 11.0145535426, 5.3744743302, 0.57202901069, 0.89431928497, 0.40166107583, 7.1179934207, 0, 1.327884059, 4.5475697758, 2.1061645755, 11.3402407428, 4.3172553324, 7.3434432003, 0, 2.1879151482, 7.5953014, 9.1951243503, 9.2551787859, 7.2623577949, 7.1985723121, 2.6558423351, 4.859274846, 1.0852745904, 5.0238009885, 6.248405939, 0.017504945126, 9.9876177022, 2.3316102603, 11.026877598, 6.8516241652, 9.1561326243, 3.79650595, 12.5473506486, 6.3220742574, 5.119960731, 6.7226916833, 5.6621295424, 4.3270413564, 4.0750129051, 1.6757593343, 3.469446952e-18, 8.069608656, 25.7296883588, 3.8665779774, 26.9949399279, 2.5929392245],
      [1.1986387505, 2.668955373, 0.60215374255, 7.3763007096, 1.7681086583, 0, 0.71368755493, 2.8311104023, 3.6556065715, 0.48633259795, 1.0251424485, 1.462425076, 2.155120937, 0.52687552126, 0.009157339148, 0, 0.28678768024, 0, 1.1987232895, 0, 0, 0.78710737208, 3.4759813088, 0.69068251812, 3.08534051, 1.744463034, 0.38517210468, 0.096730724042, 0.11106485081, 3.2835423305, 0.51823684867, 0.32508870215, 1.6169691214, 1.8671714645, 3.2780334147, 0.56213037918, 6.5169811517, 5.1210985409, 1.7063751318, 1.8736486921, 3.8455473794, 3.6698927195, 0.90418242794, 2.8425808058, 0.73567623657, 0.82537594933, 0, 2.2702158614, 1.2995008703, 0.0062964269908, 1.8602964532, 0.1994638542, 2.0658757247, 0.27904672862, 1.673473824, 0.7688479473, 4.5134577435, 1.6040288705, 0.73069650569, 1.6827797651, 1.227704139, 5.0245702449, 1.8532785945, 1.4417675709, 0.97750835762, 16.6906249887, 10.422686959, 1.6461773247, 6.4781331764, 0.60396919494],
      [116.8142645397, 405.8105016265, 71.6791300208, 535.9961274294, 181.5251722345, 127.1426704496, 258.7429718117, 345.1950785628, 279.7733230635, 161.2583091245, 184.6257053371, 338.3973559952, 192.8007968436, 35.9589662206, 76.6510927358, 13.6875116372, 36.7026588304, 26.0347203326, 3.8012767105, 22.4004663263, 38.156220682, 137.1695614376, 525.9697198713, 192.8939823166, 450.4274007898, 305.8613235825, 31.4777849881, 28.8087483249, 5.6289643543, 284.2733514882, 28.3450932688, 36.1407409532, 79.7665993592, 120.9870347686, 438.7710272923, 183.1623739585, 566.4962040026, 230.4891789687, 181.3377315882, 184.4264173568, 466.1677883817, 482.7199150987, 224.6219471861, 266.8041518489, 81.245973119, 178.0327076644, 23.8925210829, 166.1825053355, 199.6258081846, 0.97619862788, 388.2966859505, 86.1797311499, 481.9933661564, 217.2477540334, 282.0862471845, 171.3390655116, 505.644695455, 201.6874127478, 133.007462844, 270.5486214887, 198.3977620803, 339.9047527719, 177.3016030066, 71.3060662542, 0.022491642385, 337.8028205754, 1123.8084189136, 229.2215748891, 712.1285095441, 95.5266916309],
      [8.0029575689, 36.3136483013, 5.3836188255, 49.9725285742, 19.9169692535, 5.0228659956, 14.7137256563, 30.9816080074, 33.4908015272, 7.5668071176, 10.3353995378, 19.0191060504, 15.7022992241, 3.8281535109, 3.265505633, 1.0323690111, 3.7850337916, 1.1774148725, 0, 1.5478865536, 3.8630313256, 10.1619202574, 34.2970671314, 10.2546427925, 39.4727051576, 22.0197390533, 2.5650138965, 1.2002016661, 0.85830971906, 18.3251127606, 5.1366698825, 3.2062862857, 11.0688617435, 13.0396291914, 35.6106985502, 9.9582403299, 43.6433716455, 5.3897224904, 11.7679781318, 17.1046325511, 37.7915398886, 30.3550133959, 13.2115125911, 13.1546950331, 8.3625083094, 9.2826415403, 1.0222043268, 14.5234778146, 11.8262850061, 0, 30.8553998941, 6.2891947356, 34.9138805209, 13.6215750728, 25.0841463672, 14.095580591, 35.2944961529, 20.3864841243, 8.1418799194, 17.045907063, 9.7124042384, 29.7436356268, 17.7701054938, 14.5764068406, 0, 39.4369457799, 83.0392057686, 17.2656698088, 59.3984173516, 8.2763999496]
    ],
    [
      [0.20411723817, 0.69377388322, 0, 1.1010048107, 0.57801332587, 0.24385567656, 0.57256016761, 1.0345403804, 0.44338074888, 0.18670936993, 0.41523659007, 0.53490949739, 0.18072701723, 0.25739156748, 0.22524897093, 0.049697124634, 0.09418262864, 0.15305624365, 0.9761740534, 0.24590858134, 0.38112529826, 1.594702114, 2.7316837936, 0.81052632371, 1.1121247204, 0.56445109768, 0.17574721176, 0.13868417746, 0.19762440752, 0.51800346865, 0, 0.58745885555, 0.58016778259, 0, 1.2687561123, 0.79436409868, 0.87680973315, 0, 0.25547863192, 0.88610992331, 1.2077855237, 1.0215054011, 0.63130610367, 0.42524725512, 0.11375261468, 0.55883020555, 0.44564181221, 1.2766491674, 0.47136023075, 0, 0.89299610427, 0.40877640738, 1.0096542972, 0.52880481718, 0.91997608216, 0.28480280879, 1.3213379496, 0.39667713582, 0.44972032577, 0.53733269244, 0.46218019279, 0, 0.36420386341, 0.23038010047, 4.5741188615e-13, 0.79140445292, 3.1090647275, 0.2553591492, 3.5740362585, 0.47194564456],
      [81.2655059171, 163.0267943237, 89.1013770449, 498.126120517, 135.6404687794, 47.5900740471, 80.0601487918, 149.5460925981, 115.8523195993, 45.9923273633, 92.2715634345, 134.8393001149, 110.1189460986, 34.3516618952, 35.1815173855, 13.0885669002, 26.052381024, 19.085105974, 1.0238259466, 11.8411015323, 16.8899064778, 290.8323091602, 590.6713900437, 168.1016459529, 243.5887149094, 167.8332421884, 92.3121291766, 21.458554213, 48.0745622817, 202.3856774901, 128.4085366893, 27.8052308622, 192.7704130308, 179.4771503785, 362.3078400478, 150.7084325753, 489.4726762657, 182.4439218489, 126.6008678949, 145.8443582653, 452.1903326383, 338.2116392713, 90.6381961866, 131.1781462028, 26.5287075602, 108.0780765251, 15.5674868141, 358.5392407427, 88.5906555002, 18.8619052144, 156.6420772821, 78.2182645476, 179.4449292071, 62.454194587, 115.3563919273, 63.5368006596, 413.8402074709, 93.493991678, 58.6863330147, 135.4747055503, 96.2601906349, 504.5713799371, 174.4315693987, 129.1113581902, 0.94504661268, 224.8627607676, 1066.7997925885, 99.8961232922, 571.4822085169, 99.8745138153],
      [1.134868995, 3.7727993644, 1.5360147708, 5.288585966, 2.4641598551, 2.462567563, 2.3897194643, 5.0483410141, 2.2027485387, 1.5233537089, 2.0949151059, 3.9201677842, 1.2755218794, 0.47244100208, 1.1838693229, 0.23925556188, 0.3618945569, 0.67458366874, 1.1270048892e-19, 0.71397029754, 0.83616204571, 7.0429186504, 13.4837691074, 5.3689535546, 6.2623804964, 4.116854092, 0.78249590757, 0.46126536132, 0, 2.8449616219, 1.1389212857, 0.61186991114, 1.2302244653, 2.0338832046, 6.6651232247, 4.8310301443, 6.8936216307, 2.2087332067, 2.1455865481, 2.3246410868, 7.8437540107, 6.9024017657, 2.4442094685, 2.1812696824, 0.44360622836, 2.7777104198, 0.79774777158, 3.1872685326, 1.9210717442, 0.1380947856, 4.8327154829, 2.0783776379, 6.1630349586, 2.1683370112, 3.7415973176, 1.8119445416, 7.1900979594, 1.6996065504, 1.3358165929, 2.9524404797, 2.2017029623, 5.5260556598, 2.1183161437, 3.1318157787, 0.054953387324, 4.9207721541, 18.0259844144, 1.8897246173, 10.693760915, 2.0530951818],
