{
  "X": [
    [7, 23, 140, 14],
    [92, 259, 750, 60],
    [76, 184, 448, 63],
    [90, 208, 606, 58],
    [5, 25, 91, 9],
    [12, 32, 124, 11],
    [68, 139, 451, 32],
    [214, 458, 1480, 153],
    [11, 29, 149, 5],
    [18, 35, 161, 17],
    [7, 16, 78, 15],
    [47, 140, 518, 54],
    [23, 59, 227, 35],
    [5, 11, 108, 8],
    [85, 203, 497, 69],
    [138, 255, 673, 92],
    [13, 61, 173, 15],
    [23, 92, 161, 27],
    [19, 38, 96, 25],
    [1, 10, 54, 7],
    [28, 83, 141, 25],
    [20, 51, 92, 10],
    [24, 70, 252, 28],
    [111, 57, 231, 22],
    [9, 20, 43, 8],
    [30, 30, 164, 12],
    [33, 21, 144, 11],
    [14, 46, 117, 15],
    [18, 43, 101, 20],
    [7, 7, 61, 1],
    [8, 35, 94, 13],
    [5, 21, 53, 1],
    [4, 26, 73, 10],
    [7, 18, 100, 8],
    [12, 17, 79, 5],
    [17, 78, 81, 13],
    [39, 335, 502, 84],
    [98, 488, 637, 88],
    [47, 223, 342, 52],
    [12, 57, 125, 16],
    [33, 212, 252, 47],
    [41, 390, 299, 47],
    [37, 112, 112, 34],
    [54, 278, 328, 39],
    [23, 56, 248, 21],
    [15, 46, 149, 17],
    [10, 5, 65, 3],
    [1, 9, 61, 7],
    [7, 30, 121, 12],
    [3, 8, 77, 2],
    [63, 140, 365, 43],
    [5, 19, 160, 4],
    [26, 92, 60, 15],
    [3, 5, 87, 9],
    [15, 24, 86, 13],
    [8, 22, 81, 7],
    [2, 0, 82, 5],
    [7, 36, 71, 5],
    [19, 99, 392, 22],
    [44, 97, 297, 43],
    [13, 20, 99, 15],
    [26, 59, 149, 24],
    [10, 18, 91, 3],
    [15, 22, 79, 8],
    [10, 27, 73, 13],
    [13, 51, 152, 20],
    [5, 5, 102, 7],
    [93, 265, 311, 46],
    [16, 83, 192, 22],
    [15, 21, 125, 9],
    [25, 166, 159, 34],
    [82, 373, 454, 79],
    [73, 270, 335, 59],
    [1, 6, 69, 7],
    [329, 112, 897, 53],
    [180, 101, 603, 25],
    [41, 136, 380, 38],
    [19, 42, 140, 21],
    [19, 49, 170, 12],
    [496, 938, 3025, 278],
    [77, 121, 321, 29],
    [324, 465, 1366, 128],
    [35, 43, 117, 8]
  ],
  "W": [
    [12, 19, 131, 1, 21],
    [114, 226, 666, 70, 85],
    [97, 158, 405, 59, 52],
    [122, 194, 529, 53, 64],
    [9, 24, 84, 2, 11],
    [9, 29, 116, 11, 14],
    [76, 135, 397, 42, 40],
    [255, 450, 1385, 97, 118],
    [15, 24, 137, 5, 13],
    [19, 33, 150, 5, 24],
    [7, 17, 77, 7, 8],
    [60, 119, 481, 33, 66],
    [22, 50, 219, 15, 38],
    [8, 10, 101, 2, 11],
    [107, 163, 464, 52, 68],
    [176, 211, 623, 63, 85],
    [16, 52, 152, 18, 24],
    [33, 72, 139, 34, 25],
    [24, 34, 85, 12, 23],
    [1, 10, 51, 2, 8],
    [49, 66, 107, 27, 28],
    [26, 36, 83, 14, 14],
    [36, 68, 225, 14, 31],
    [113, 51, 222, 14, 21],
    [7, 18, 39, 6, 10],
    [29, 28, 158, 6, 15],
    [22, 31, 143, 4, 9],
    [18, 44, 100, 8, 22],
    [23, 32, 102, 12, 13],
    [8, 3, 56, 0, 9],
    [13, 26, 87, 12, 12],
    [8, 21, 44, 2, 5],
    [5, 20, 72, 6, 10],
    [15, 15, 86, 7, 10],
    [11, 10, 72, 7, 13],
    [24, 71, 56, 17, 21],
    [48, 326, 451, 78, 57],
    [156, 430, 551, 80, 94],
    [87, 205, 273, 41, 58],
    [16, 47, 111, 11, 25],
    [48, 204, 215, 34, 43],
    [62, 351, 256, 62, 46],
    [44, 102, 108, 14, 27],
    [79, 242, 286, 52, 40],
    [23, 59, 224, 18, 24],
    [17, 44, 136, 7, 23],
    [10, 3, 65, 2, 3],
    [2, 6, 63, 4, 3],
    [9, 25, 110, 6, 20],
    [6, 7, 74, 1, 2],
    [76, 120, 327, 38, 50],
    [10, 20, 133, 2, 23],
    [19, 89, 52, 15, 18],
    [5, 9, 72, 6, 12],
    [22, 19, 80, 10, 7],
    [12, 14, 78, 6, 8],
    [4, 2, 79, 1, 3],
    [9, 27, 63, 6, 14],
    [22, 107, 345, 28, 30],
    [45, 99, 267, 32, 38],
    [6, 20, 96, 7, 18],
    [26, 54, 144, 12, 22],
    [15, 13, 79, 4, 11],
    [20, 23, 70, 1, 10],
    [13, 26, 70, 3, 11],
    [22, 40, 133, 16, 25],
    [4, 4, 94, 4, 13],
    [109, 234, 285, 43, 44],
    [23, 67, 184, 21, 18],
    [16, 17, 115, 6, 16],
    [36, 144, 152, 22, 30],
    [99, 315, 414, 98, 62],
    [69, 236, 300, 70, 62],
    [4, 4, 60, 6, 9],
    [297, 132, 872, 24, 66],
    [176, 103, 563, 29, 38],
    [60, 111, 344, 35, 45],
    [32, 30, 137, 7, 16],
    [24, 41, 161, 7, 17],
    [591, 890, 2795, 183, 278],
    [75, 121, 304, 28, 20],
    [350, 420, 1281, 82, 150],
    [48, 30, 115, 1, 9]
  ],
  "method": "mult",
  "cond_prob": [
    [
      [0.58329513899, 0.164726262, 0.22636988639, 0.025608712616],
      [0, 0.88956378232, 0.055259681933, 0.05517653575],
      [0, 0.014299160739, 0.95602797308, 0.02967286618],
      [0.00045833209236, 0.69870761773, 0.040662737938, 0.26017131224],
      [0, 0.073794062737, 0.52158572357, 0.4046202137]
    ],
    [
      [0.75707613324, 0.041806889728, 0.18857869954, 0.012538277496],
      [0.011498361637, 0.87100256561, 0.075461403163, 0.042037669587],
      [0.0044904468347, 0, 0.98234683461, 0.013162718553],
      [0.00064165023461, 0.73283303238, 0.054972959155, 0.21155235823],
      [0.00069574085712, 0.071636735012, 0.62772531935, 0.29994220478]
    ],
    [
      [0.75649438816, 0.042032023363, 0.1806512045, 0.020822383974],
      [0, 0.86363793476, 0.069158061015, 0.067204004222],
      [0.0064188546067, 0.0038795614925, 0.96073997074, 0.028961613156],
      [8.6184036821e-05, 0.65515912001, 0.047604830457, 0.29714986549],
      [0.00029468027998, 0.062355568386, 0.53156704566, 0.40578270567]
    ],
    [
      [0.73770491803, 0.039868206684, 0.20590367739, 0.016523197889],
      [0, 0.83837803214, 0.1075217238, 0.054100244062],
      [0, 0, 0.98137303082, 0.018626969183],
      [0, 0.6881781016, 0.0556233554, 0.256198543],
      [0, 0.062770330704, 0.59259634066, 0.34463332864]
    ],
    [
      [0.55552668138, 0.18735213349, 0.23188491807, 0.02523626706],
      [0, 0.87525749153, 0.064681951396, 0.060060557075],
      [0, 0.0028293391173, 0.96938320839, 0.027787452492],
      [0.00012993377744, 0.67626352004, 0.044698852164, 0.27890769402],
      [0, 0.065223588724, 0.53118924497, 0.4035871663]
    ],
    [
      [0.83884090047, 0.02586690682, 0.125065866, 0.010226326709],
      [0.071075466021, 0.80366059407, 0.073234040801, 0.052029899109],
      [0.019829202019, 0, 0.96491116023, 0.015259637752],
      [0.0032388470092, 0.69025509254, 0.052952017669, 0.25355404278],
      [0.0038163307074, 0.062016756616, 0.58846094584, 0.34570596684]
    ],
    [
      [0.78076812691, 0.028974284041, 0.17962708989, 0.010630499163],
      [0.062945138927, 0.7731329466, 0.11979242787, 0.044129486601],
      [0, 0, 0.98951476692, 0.010485233078],
      [0.0019792090189, 0.71282939711, 0.062359295464, 0.22283209841],
      [0.0020225455257, 0.062154298579, 0.64299776321, 0.29282539269]
    ],
    [
      [0.7658343635, 0.037901454937, 0.17618822149, 0.020075960081],
      [0.01570497914, 0.84204989059, 0.072529869346, 0.069715260928],
      [0.0082434773617, 0, 0.96392651748, 0.027830005158],
      [0.0010245986412, 0.64346922862, 0.048643225465, 0.30686294727],
      [0.0010880888294, 0.059289517383, 0.53116053166, 0.40846186213]
    ],
    [
      [0.7330505521, 0.056390774683, 0.20228232249, 0.0082763507328],
      [0, 0.91004872879, 0.066249505421, 0.023701765793],
      [0, 0.0079566170969, 0.98532113623, 0.0067222466733],
      [0.0005336155758, 0.81432369288, 0.053607718187, 0.13153497336],
      [0.00012104928073, 0.088561067864, 0.70144175217, 0.20987613069]
    ],
    [
      [0.78975970014, 0.037653260998, 0.15590878417, 0.016678254695],
      [0.0025009639928, 0.87266429157, 0.06416454498, 0.060670199461],
      [0.01906228722, 0.0038082686992, 0.95173871781, 0.025390726274],
      [0.0012832039883, 0.67249433499, 0.046149210031, 0.28007325099],
      [0.0019281159465, 0.06470643498, 0.53869789147, 0.39466755761]
    ],
    [
      [0.80174157376, 0.025568911288, 0.1428738158, 0.029815699149],
      [0.078873930991, 0.71568664593, 0.073694677992, 0.13174474509],
      [0.00037156536397, 0, 0.93837123592, 0.061257198715],
      [0.0012443057557, 0.48080749976, 0.041397353671, 0.47655084082],
      [0.001203935437, 0.036086517737, 0.40033839024, 0.56237115659]
    ],
    [
      [0.74594200841, 0.047428139181, 0.18743220316, 0.019197649257],
      [0, 0.87770687063, 0.064555660707, 0.057737468666],
      [0.0046307584099, 0.011404163402, 0.9588370745, 0.025128003685],
      [0.00041961886687, 0.6866295067, 0.046528057237, 0.2664228172],
      [3.3898149713e-05, 0.069136632228, 0.55054371912, 0.38028575051]
    ],
    [
      [0.80022453849, 0.03774142648, 0.14152441975, 0.020509615279],
      [0.0032379470819, 0.86553218446, 0.05590879884, 0.075321069616],
      [0.023359583001, 0.013503442443, 0.92359791433, 0.039539060229],
      [0.0016053918213, 0.6356091552, 0.039925442082, 0.3228600109],
      [0.0024561380119, 0.063202320301, 0.4795841567, 0.45475738499]
    ],
    [
      [0.62489687033, 0.048955627582, 0.30384471872, 0.02230278337],
      [0, 0.87126633799, 0.069374675519, 0.059358986495],
      [0, 0, 0.97629058097, 0.023709419027],
      [0.00041251868792, 0.6697765546, 0.048828203072, 0.28098272364],
      [0, 0.050558044571, 0.56113549187, 0.38830646356]
    ],
    [
      [0.76051924464, 0.051220386463, 0.16744581124, 0.020814557655],
      [0, 0.885017129, 0.05290310103, 0.062079769968],
      [0.0077332071934, 0.027740732305, 0.93343432593, 0.031091734573],
      [0.00031615543304, 0.6813445924, 0.040469746869, 0.2778695053],
      [0.00029106769032, 0.072941294514, 0.51826674502, 0.40850089277]
    ],
    [
      [0.75899788172, 0.049522030427, 0.1694129765, 0.022067111351],
      [0, 0.87708295543, 0.056830698572, 0.066086346],
      [0.0070224159039, 0.02145099234, 0.9389720223, 0.032554569458],
      [0.00032402706464, 0.66662089526, 0.041793245921, 0.29126183175],
      [0.00024698827591, 0.068923934355, 0.51269993356, 0.41812914381]
    ],
    [
      [0.75477986442, 0.042844664002, 0.18984260647, 0.0125328651],
      [0.011564072156, 0.87209692934, 0.075818342746, 0.04052065576],
      [0.0020369507471, 0, 0.98606791982, 0.011895129434],
      [0.00034632997042, 0.73621225656, 0.055343253673, 0.2080981598],
      [0.00026416516984, 0.071401018015, 0.63089425396, 0.29744056285]
    ],
    [
      [0.69696969697, 0.086761280387, 0.19622917495, 0.020039847697],
      [0, 0.87346211114, 0.068027566407, 0.058510322449],
      [0, 0.0094886200881, 0.9649861576, 0.025525222316],
      [0, 0.68388016473, 0.048367104264, 0.267752731],
      [0, 0.067070478068, 0.55395579979, 0.37897372214]
    ],
    [
      [0.76859960979, 0.03833169812, 0.16119948167, 0.031869210421],
      [0, 0.84140592126, 0.060012605453, 0.098581473291],
      [0.0065128614298, 0.0036731948418, 0.93378550929, 0.056028434439],
      [1.3452914196e-06, 0.58139105807, 0.039442704942, 0.3791648917],
      [0, 0.051448854957, 0.44546535242, 0.50308579262]
    ],
    [
      [0.81547452094, 0.030139509944, 0.13640908573, 0.017976883383],
      [0.018362138732, 0.83250944278, 0.071949174855, 0.077179243632],
      [0, 0, 0.96376926064, 0.036230739357],
      [0.00045204586659, 0.61420478436, 0.04436215571, 0.34098101406],
      [0, 0.05204456169, 0.48789282019, 0.46006261812]
    ],
    [
      [0.57142857143, 0.13007009012, 0.27542231202, 0.02307902643],
      [0, 0.85737423187, 0.084492863745, 0.058132904384],
      [0, 0, 0.97459637663, 0.025403623368],
      [0, 0.68082466186, 0.056114313147, 0.26306102499],
      [0, 0.059200014655, 0.57610281961, 0.36469716573]
    ],
    [
      [0.76269019248, 0.063097686532, 0.16179630215, 0.012415818837],
      [0, 0.92047268806, 0.043004898332, 0.036522413604],
      [0.0020488553675, 0.049489404148, 0.93261051261, 0.015851227878],
      [0, 0.77178514825, 0.038648092345, 0.1895667594],
      [0, 0.093559340006, 0.59266956892, 0.31377109107]
    ],
    [
      [0.66666666667, 0.045415135345, 0.26504812324, 0.022870074752],
      [0, 0.84517833593, 0.087967150386, 0.066854513683],
      [0, 0, 0.97272008835, 0.027279911655],
      [0, 0.65096815389, 0.050657510001, 0.29837433611],
      [0, 0.057399165479, 0.54533149418, 0.39726934034]
    ],
    [
      [0.8497115391, 0.018344522296, 0.11839660499, 0.013547333618],
      [0.013495621757, 0.86789390385, 0.056972050188, 0.061638424205],
      [0.06350485448, 0, 0.91402193645, 0.022473209067],
      [0.004561820444, 0.66653993156, 0.044049387157, 0.28484886084],
      [0.0063036281822, 0.063472421065, 0.53266894113, 0.39755500962]
    ],
    [
      [0.86415452882, 0.023432128804, 0.10091683672, 0.011496505649],
      [0.037556024347, 0.84902353042, 0.051598506742, 0.061821938491],
      [0.054038219577, 0, 0.92259675449, 0.023365025936],
      [0.0077758282068, 0.65951133709, 0.040575725842, 0.29213710886],
      [0.012076432725, 0.059648352824, 0.51400812415, 0.4142670903]
    ],
    [
      [0.83295018579, 0.013903959914, 0.14032570204, 0.012820152251],
      [0.0057438360257, 0.8745036042, 0.065218205024, 0.054534354748],
      [0.035546333747, 0, 0.94510914312, 0.019344523128],
      [0.0022114542128, 0.68873679566, 0.04850185936, 0.26054989077],
      [0.0036018497368, 0.065217564726, 0.56574594201, 0.36543464353]
    ],
    [
      [0.87673995353, 0.0092016858094, 0.10327372766, 0.010784633005],
      [0.2376207929, 0.58651692179, 0.087924875081, 0.087937410228],
      [0.043858138354, 0, 0.93691503191, 0.019226829734],
      [0.0042310997734, 0.56374876685, 0.057323714734, 0.37469641865],
      [0.0063153620766, 0.040060363272, 0.53268471573, 0.42093955892]
    ],
    [
      [0.75750117601, 0.041432741608, 0.18419580554, 0.01687027684],
      [0, 0.8706534136, 0.073958588762, 0.055387997641],
      [0.003619334619, 0.00039589886622, 0.97475999451, 0.021224772005],
      [0.0003806712322, 0.68707549828, 0.050293974364, 0.26224985613],
      [0, 0.064057571816, 0.57054301586, 0.36539941232]
    ],
    [
      [0.76327869015, 0.057431440175, 0.14788846243, 0.031401407248],
      [0, 0.87902454179, 0.036180201669, 0.084795256545],
      [0.0043587267316, 0.050412495473, 0.88866174541, 0.056567032381],
      [0, 0.62635807619, 0.028633909506, 0.34500801431],
      [0, 0.068609237412, 0.41951492033, 0.51187584225]
    ],
    [
      [0.7731501538, 0.071920474978, 0.15244946188, 0.0024799093359],
      [0.00074619079843, 0.96347802162, 0.030480722176, 0.0052950654007],
      [0.014244543189, 0.036711557783, 0.94848027486, 0.00056362416996],
      [0.00068813446783, 0.9341777529, 0.03012038946, 0.035013723172],
      [0.0016517531752, 0.16426165549, 0.73045186071, 0.10363473062]
    ],
    [
      [0.61538461538, 0.15131730315, 0.20877272706, 0.024525354408],
      [0, 0.87888477994, 0.059210201164, 0.061905018894],
      [0, 0.014319487616, 0.9538512894, 0.031829222982],
      [0, 0.67650625984, 0.042516374422, 0.28097736574],
      [0, 0.068166686663, 0.52093588724, 0.41089742609]
    ],
    [
      [0.625, 0.045710206213, 0.32571511013, 0.0035746836566],
      [0, 0.88009493056, 0.10929067358, 0.010614395855],
      [0, 0, 0.99851657638, 0.0014834236241],
      [0, 0.86373738703, 0.065637098192, 0.070625514778],
      [0, 0.084970006892, 0.80663428335, 0.10839570975]
    ],
    [
      [0.76110817264, 0.051400561295, 0.16577167127, 0.021719594792],
      [0, 0.89331370884, 0.044696154094, 0.061990137062],
      [0.002698672301, 0.042054671409, 0.91940213316, 0.035844523131],
      [2.5788518615e-05, 0.68210192301, 0.035647664522, 0.28222462395],
      [0, 0.075617513718, 0.48663789872, 0.43774458757]
    ],
    [
      [0.46666666667, 0, 0.51091187756, 0.02242145577],
      [0, 0.84768200691, 0.097465989486, 0.054852003607],
      [0, 0, 0.9822007298, 0.017799270197],
      [0, 0.67710587382, 0.059218528042, 0.26367559814],
      [0, 0.054502877968, 0.59905395349, 0.34644316854]
    ],
    [
      [0.82502545174, 0.036984141353, 0.1318170724, 0.0061733345076],
      [0.0046274858741, 0.91230091576, 0.056167626603, 0.026903971764],
      [0.038629632592, 0.0097120400649, 0.94619557315, 0.005462754189],
      [0.0034286842572, 0.80116368065, 0.046297884176, 0.14910975092],
      [0.0056239104383, 0.08944251064, 0.65678226779, 0.24815131113]
    ],
    [
      [0.70833333333, 0.075347886173, 0.20467959325, 0.011639187244],
      [0, 0.87275482385, 0.090553124009, 0.036692052137],
      [0, 0.0037785885087, 0.98396469667, 0.012256714821],
      [0, 0.73905986135, 0.05916803474, 0.20177210391],
      [0, 0.069068554225, 0.6452637311, 0.28566771467]
    ],
    [
      [0.74711852758, 0.042915247588, 0.1883237473, 0.021642477526],
      [0, 0.855884709, 0.074126842306, 0.06998844869],
      [0.0068580460181, 2.1174974252e-06, 0.9641172661, 0.029022570386],
      [0.00021831553847, 0.64715537953, 0.048646679454, 0.30397962547],
      [0.00049654929668, 0.060396112028, 0.52954002684, 0.40956731183]
    ],
    [
      [0.62820512821, 0.14648454944, 0.20617214598, 0.019138176378],
      [0, 0.89705590954, 0.053614801957, 0.0493292885],
      [0, 0.02583463932, 0.95207035449, 0.022095006186],
      [0, 0.72250331763, 0.044363932108, 0.23313275026],
      [0, 0.078502313925, 0.57066915415, 0.35082853192]
    ],
    [
      [0.54022988506, 0.16765497359, 0.26889417541, 0.023220965939],
      [0, 0.86094614075, 0.081883115166, 0.057170744088],
      [0, 0, 0.97578862051, 0.02421137949],
      [0, 0.68842071524, 0.052043545563, 0.2595357392],
      [0, 0.063703605517, 0.57407050626, 0.36222588823]
    ],
    [
      [0.74896320258, 0.053627108166, 0.18106686515, 0.016342824103],
      [0, 0.90029706483, 0.05307767756, 0.046625257608],
      [0.00014944827644, 0.034015476177, 0.94568618173, 0.020148893819],
      [0, 0.72814030432, 0.043191760154, 0.22866793552],
      [0, 0.081709720762, 0.56648015115, 0.35181012808]
    ],
    [
      [0.6875, 0.094462858699, 0.19593074732, 0.022106393982],
      [0, 0.87339763883, 0.062264963661, 0.064337397511],
      [0, 0.016457529248, 0.95528606476, 0.028256405994],
      [0, 0.67253372416, 0.045246686673, 0.28221958916],
      [0, 0.067166257013, 0.53414837842, 0.39868536457]
    ],
    [
      [0.66129032258, 0.12789815076, 0.19538622486, 0.015425301801],
      [0, 0.91994153093, 0.039680197779, 0.040378271291],
      [0, 0.033521838175, 0.94888785545, 0.017590306377],
      [0, 0.75256510583, 0.042649540103, 0.20478535406],
      [0, 0.085439351352, 0.5956248295, 0.31893581915]
    ],
    [
      [0.79145803541, 0.061610082005, 0.1183176289, 0.028614253687],
      [0.0018843805107, 0.91103057445, 0, 0.08708504504],
      [0.017893703875, 0.049751323347, 0.88251777325, 0.049837199533],
      [0.0010546208872, 0.63619074711, 0.02678920924, 0.33596542277],
      [0.0013464784804, 0.077193496926, 0.41137244032, 0.51008758427]
    ],
    [
      [0.6835443038, 0.10732072525, 0.19439260641, 0.014742364535],
      [0, 0.90557215479, 0.053820437074, 0.040607408138],
      [0, 0.028271052231, 0.95478053877, 0.016948409001],
      [0, 0.74968471606, 0.045875567918, 0.20443971603],
      [0, 0.082601876829, 0.60414186755, 0.31325625562]
    ],
    [
      [0.79137394433, 0.027484722854, 0.16736899516, 0.013772337663],
      [0.079976970689, 0.71783357199, 0.14131703449, 0.06087242284],
      [0, 0, 0.98423055759, 0.015769442409],
      [0.0018224117591, 0.65342371749, 0.060512724328, 0.28424114642],
      [0.00195644159, 0.052251821347, 0.59399725577, 0.35179448129]
    ],
    [
      [0.77630277394, 0.040123970657, 0.166479182, 0.017094073411],
      [0.0011086994326, 0.8740000621, 0.065872784606, 0.05901845386],
      [0.012676807045, 0.0044385529307, 0.95848908479, 0.024395555236],
      [0.001009185851, 0.67824518213, 0.046959259735, 0.27378637229],
      [0.00099826125697, 0.065675230126, 0.547313958, 0.38601255061]
    ],
    [
      [0.81324909074, 0.035009448049, 0.13977922811, 0.011962233104],
      [0.0020736505762, 0.90080863777, 0.054872691969, 0.042245019684],
      [0.02849412778, 0.0042558183219, 0.94861008623, 0.018639967666],
      [0.0015417146842, 0.73042794703, 0.042878291906, 0.22515204638],
      [0.0020288019381, 0.069998507072, 0.56405915136, 0.36391353963]
    ],
    [
      [0.5, 0.21833652225, 0.23880334567, 0.042860132073],
      [0, 0.85996539297, 0.053137479383, 0.08689712765],
      [0, 0.014018211948, 0.93396186886, 0.052019919191],
      [0, 0.58971309452, 0.034331405475, 0.3759555],
      [0, 0.053844955617, 0.40888169074, 0.53727335364]
    ],
    [
      [0.74657808906, 0.048705291416, 0.18808898118, 0.016627638339],
      [0, 0.88914928569, 0.062470768667, 0.048379945642],
      [0.0025309757388, 0.014166243042, 0.96361707217, 0.019685709049],
      [0.00039831119092, 0.71655354873, 0.046522642203, 0.23652549788],
      [0, 0.073765610402, 0.57342080804, 0.35281358156]
    ],
    [
      [0.49989653249, 0.12143453895, 0.36372585459, 0.014943073967],
      [0, 0.90579320291, 0.062713821473, 0.031492975613],
      [0, 0, 0.98718229494, 0.012817705059],
      [0.00029425274482, 0.77521903882, 0.049317366645, 0.17516934179],
      [0.0001632761454, 0.077810653529, 0.63892046494, 0.28310560538]
    ],
    [
      [0.76942577341, 0.041899585789, 0.17242083461, 0.016253806192],
      [0.0012155312509, 0.87740692877, 0.066490935851, 0.054886604125],
      [0.01310045924, 0.0054206123826, 0.95972031242, 0.02175861596],
      [0.00099932284002, 0.69290162253, 0.048221524847, 0.25787752978],
      [0.0011190606314, 0.06847996244, 0.56512288325, 0.36527809368]
    ],
    [
      [0.49990063296, 0.053516054172, 0.43945181055, 0.0071315023145],
      [0, 0.8409619231, 0.14081062921, 0.018227447683],
      [0, 0, 0.99913753317, 0.00086246682986],
      [0.00049683518757, 0.82280049812, 0.071218412631, 0.10548425406],
      [0, 0, 0.85919741623, 0.14080258377]
    ],
    [
      [0.88081720431, 0.026759921809, 0.084654996496, 0.0077678773821],
      [0.06291673815, 0.88865650701, 0.0068959546759, 0.041530800166],
      [0.061958963443, 0.0046679614519, 0.91536119566, 0.018011879441],
      [0.012056488742, 0.71771951586, 0.03369712084, 0.23652687456],
      [0.014564999587, 0.077366979366, 0.53742089518, 0.37064712587]
    ],
    [
      [0.6, 0.015742841463, 0.36218791593, 0.022069242608],
      [0, 0.260198924, 0.61416008226, 0.12564099374],
      [0, 0, 0.99628916002, 0.0037108399802],
      [0, 0.42991591278, 0.094740603348, 0.47534348387],
      [0, 0, 0.61336304487, 0.38663695513]
    ],
    [
      [0.68181818182, 0.078288349682, 0.20855440724, 0.031339061256],
      [0, 0.84346867616, 0.06790698653, 0.088624337314],
      [0, 0, 0.95558540382, 0.044414596181],
      [0, 0.58883955029, 0.043627737134, 0.36753271257],
      [0, 0.051907993872, 0.46263723139, 0.48545477474]
    ],
    [
      [0.66666666667, 0.12418249217, 0.19043131877, 0.018719522392],
      [0, 0.90742894127, 0.048592268965, 0.043978789769],
      [0, 0.034173778635, 0.94152306994, 0.024303151428],
      [0, 0.74243613517, 0.038185189804, 0.21937867503],
      [0, 0.085704171458, 0.54582772692, 0.36846810163]
    ],
    [
      [0.49762040237, 0, 0.46468719579, 0.037692401847],
      [0.0043062621733, 0, 0.44606362572, 0.54963011211],
      [0, 0, 0.98321597772, 0.016784022277],
      [0.00090586619279, 0, 0.10619912848, 0.89289500533],
      [0, 0, 0.48962086559, 0.51037913441]
    ],
    [
      [0.76493131593, 0.059113004527, 0.16821215946, 0.0077435200871],
      [0, 0.93836738042, 0.040240657582, 0.021391961996],
      [0.0018313066424, 0.057596023474, 0.93513453332, 0.0054381365673],
      [4.0973030897e-05, 0.82784646445, 0.042141154788, 0.12997140773],
      [0, 0.10974538731, 0.65951930589, 0.2307353068]
    ],
    [
      [0.74511210766, 0.035269374617, 0.20773541745, 0.011883100277],
      [0.023914790885, 0.71547931366, 0.21772376753, 0.042882127925],
      [0, 0, 0.99165036209, 0.0083496379128],
      [0.00085158416927, 0.71177442267, 0.069024917194, 0.21834907597],
      [0.000826888333, 0.057936778725, 0.66937683631, 0.27185949663]
    ],
    [
      [0.79637253154, 0.026024029144, 0.15911719223, 0.018486247086],
      [0.080431641914, 0.7538515904, 0.086636265016, 0.079080502675],
      [0, 0, 0.97214989418, 0.027850105816],
      [0.0027204723561, 0.6051963747, 0.053118122311, 0.33896503063],
      [0.0029854846217, 0.048192822342, 0.52628774874, 0.42253394429]
    ],
    [
      [0.89929526938, 0.014775386297, 0.075934361762, 0.0099949825641],
      [0.10912010488, 0.74276285909, 0.067115402948, 0.081001633075],
      [0.054084516997, 0, 0.91659459417, 0.029320888833],
      [0.0055981082184, 0.59965102564, 0.045558854819, 0.34919201132],
      [0.010584772044, 0.047696295606, 0.49389404147, 0.44782489088]
    ],
    [
      [0.80753346538, 0.037877834118, 0.13421739447, 0.020371306034],
      [0.0070411386735, 0.86787867781, 0.049445811238, 0.075634372283],
      [0.031381402717, 0.014728628959, 0.91601661405, 0.037873354272],
      [0.0023544100167, 0.6360457261, 0.038574449176, 0.3230254147],
      [0.0034878863781, 0.063466201277, 0.47595400561, 0.45709190674]
    ],
    [
      [0.66666666667, 0.1143085714, 0.21264214751, 0.0063826144164],
      [0, 0.91628795061, 0.06545544324, 0.018256606147],
      [0, 0, 0.99632120813, 0.0036787918707],
      [0, 0.83971008816, 0.053936301516, 0.10635361033],
      [0, 0.092253428943, 0.73039330699, 0.17735326407]
    ],
    [
      [0.74996057817, 0.042477932667, 0.18785660916, 0.01970488],
      [0, 0.86481765166, 0.072078106223, 0.063104242115],
      [0, 0, 0.97383374515, 0.026166254854],
      [0.0007884365349, 0.66054876025, 0.047208495515, 0.2914543077],
      [0, 0.059908659819, 0.53695007179, 0.40314126839]
    ],
    [
      [0.76057633487, 0.046656929121, 0.16276551698, 0.03000121903],
      [0, 0.85940161617, 0.05090831246, 0.089690071372],
      [0.0015907800743, 0.022875466359, 0.92402692809, 0.05150682548],
      [0.00038434718128, 0.60081283919, 0.036967875414, 0.36183493821],
      [0, 0.058663339851, 0.43342214209, 0.50791451806]
    ],
    [
      [0.59090909091, 0.15607842332, 0.23022595364, 0.022786532133],
      [0, 0.87393511261, 0.068553089688, 0.057511797698],
      [0, 0, 0.97393946562, 0.026060534378],
      [0, 0.68578293032, 0.048348718867, 0.26586835082],
      [0, 0.065453731893, 0.55541508012, 0.37913118799]
    ],
    [
      [0.84720503219, 0, 0.14191007902, 0.010884888793],
      [0.22500852443, 0.61812083698, 0.092865215841, 0.06400542275],
      [0.001276541656, 0, 0.98729248334, 0.011430975],
      [0.0017328605434, 0.63187916302, 0.066320776257, 0.30006720018],
      [0.044939955054, 0, 0.61462479087, 0.34043525408]
    ],
    [
      [0.7877719439, 0.055090049198, 0.1420498168, 0.015088190094],
      [0.0051275014808, 0.91521498585, 0.030313593784, 0.049343918881],
      [0.020229912784, 0.0353610163, 0.92181208955, 0.02259698137],
      [0.0017775887894, 0.72370819447, 0.037806835251, 0.23670738148],
      [0.0020695751468, 0.082671271355, 0.54729658151, 0.36796257199]
    ],
    [
      [0.69565217391, 0.087623627176, 0.19534381283, 0.02138038608],
      [0, 0.88908548425, 0.053989071132, 0.056925444623],
      [0, 0.029663079938, 0.94239389722, 0.027943022845],
      [0, 0.69638649222, 0.041498455906, 0.26211505187],
      [0, 0.074100338066, 0.53432665985, 0.39157300209]
    ],
    [
      [0.79221165683, 0.036558407509, 0.15965742925, 0.011572506417],
      [0.0097054603701, 0.87869710267, 0.067447112286, 0.044150324678],
      [0.018414415385, 0, 0.96768029743, 0.013905287188],
      [0.0014754017187, 0.72578800142, 0.050964247989, 0.22177234887],
      [0.0020694053028, 0.070155420374, 0.6068662832, 0.32090889112]
    ],
    [
      [0.69444444444, 0.11854208232, 0.16351664933, 0.023496823912],
      [0, 0.93102560039, 0.0061452217606, 0.062829177849],
      [0, 0.063995975734, 0.90195330265, 0.034050721617],
      [0, 0.69782780026, 0.03029718768, 0.27187501206],
      [0, 0.086173288771, 0.4821682853, 0.43165842593]
    ],
    [
      [0.77208190161, 0.049545958983, 0.16083630359, 0.017535835823],
      [0.00025624971395, 0.89911519213, 0.044434213944, 0.056194344213],
      [0.0129319022, 0.027369567336, 0.93410378294, 0.025594747519],
      [0.00067640607017, 0.7025144884, 0.039086769894, 0.25772233564],
      [0.0010173834699, 0.07574586774, 0.54082191877, 0.38241483002]
    ],
    [
      [0.81994501419, 0.037098130411, 0.13029827012, 0.012658585282],
      [0.017492536667, 0.88871852161, 0.042971706061, 0.050817235667],
      [0.038394610126, 0.01203997544, 0.92915853651, 0.020406877926],
      [0.0060121387601, 0.70688036573, 0.039871052632, 0.24723644288],
      [0.0057471389726, 0.074339349513, 0.55370261443, 0.36621089708]
    ],
    [
      [0.25, 0.05894033614, 0.65367560127, 0.037384062591],
      [0, 0.83103300176, 0.093260154129, 0.075706844113],
      [0, 0, 0.98287613313, 0.01712386687],
      [0, 0.4066844414, 0.2533607141, 0.3399548445],
      [0, 0, 0.61328052289, 0.38671947711]
    ],
    [
      [0.8688730308, 0, 0.12188059359, 0.0092463756195],
      [0.15354522108, 0.70390330882, 0.080259176779, 0.062292293326],
      [0.057505844527, 0, 0.92833839266, 0.014155762812],
      [0.0037027516584, 0.65058741368, 0.058944966921, 0.28676486774],
      [0.0067087606731, 0.052585837991, 0.59517416308, 0.34553123825]
    ],
    [
      [0.8479609762, 0, 0.14553704555, 0.0065019782501],
      [0.13103535082, 0.74973325631, 0.080481915726, 0.038749477145],
      [0.030149590779, 0, 0.96208220826, 0.0077682009587],
      [0.0038893831716, 0.73549380339, 0.06263750584, 0.1979793076],
      [0.0046109298506, 0.064425113213, 0.67439662478, 0.25656733216]
    ],
    [
      [0.68333333333, 0.093585946824, 0.20488794594, 0.0181927739],
      [0, 0.88432250523, 0.065616985078, 0.050060509696],
      [0, 0.011588607508, 0.96732215796, 0.021089234533],
      [0, 0.7129376974, 0.048045527971, 0.23901677463],
      [0, 0.073016549307, 0.57739604628, 0.34958740441]
    ],
    [
      [0.59375, 0.17375256702, 0.19547043248, 0.037027000497],
      [0, 0.88072315302, 0.043371812926, 0.075905034054],
      [0, 0.031894593359, 0.91476049581, 0.053344910835],
      [0, 0.64559871774, 0.032451710251, 0.321949572],
      [0, 0.070592059388, 0.43090261723, 0.49850532338]
    ],
    [
      [0.75668250319, 0.051902007454, 0.17710800388, 0.014307485473],
      [0, 0.90171707832, 0.056411132381, 0.0418717893],
      [0.0051456596422, 0.025913357713, 0.95112804828, 0.017812934364],
      [0.00062699565804, 0.74457114612, 0.044884802749, 0.20991705548],
      [0.00039880890569, 0.082347235029, 0.58769071098, 0.32956324508]
    ],
    [
      [0.7687348799, 0.039535009361, 0.17480362796, 0.016926482779],
      [0.0037286228071, 0.8675844746, 0.070190487904, 0.058496414693],
      [0.013524248962, 0, 0.96384334539, 0.02263240565],
      [0.0011348736858, 0.67962137617, 0.049468343619, 0.26977540652],
      [0.001263503415, 0.065157968482, 0.56196641869, 0.37161210941]
    ],
    [
      [0.81710437791, 0.027098640538, 0.14269701371, 0.013099967844],
      [0.056018503842, 0.81717446305, 0.068779728902, 0.058027304206],
      [0.028805215774, 0, 0.95161118128, 0.019583602949],
      [0.0040528104866, 0.67300527974, 0.049960093198, 0.27298181658],
      [0.0034334201563, 0.062267204897, 0.56433475284, 0.36996462211]
    ],
    [
      [0.79704927526, 0.040074537593, 0.14872196602, 0.014154221126],
      [0.0069918368348, 0.88306920836, 0.057703898905, 0.052235055902],
      [0.03232514945, 0.0090007875185, 0.93791890013, 0.0207551629],
      [0.0022741233415, 0.70395544092, 0.045629868674, 0.24814056707],
      [0.0033412508613, 0.072203262439, 0.56330609369, 0.36114939301]
    ],
    [
      [0.72915389577, 0.10546412263, 0.14882611751, 0.016555864086],
      [0, 0.93147208369, 0.030977543459, 0.03755037285],
      [0, 0.072004475242, 0.90515717218, 0.022838352574],
      [0.00061300313906, 0.77366056726, 0.034078237726, 0.19164819187],
      [0, 0.10437604253, 0.53331855741, 0.36230540006]
    ]
  ],
  "expected_outcome": [
    [
      [6.9995416679, 86.306679189, 73.3799556515, 90, 4.9997401324, 7.5495681042, 59.338377645, 195.2877626913, 10.9957582815, 15.0054343026, 5.6121910163, 44.7565205043, 17.6049398468, 4.9991749626, 81.3755591768, 133.5836271834, 12.0764778308, 23, 18.446390635, 0.81547452094, 28, 19.8299450045, 24, 96.0174039179, 6.0490817018, 24.155555388, 19.2882789776, 13.6350211682, 17.5554098734, 6.1852012304, 8, 5, 3.8055408632, 7, 9.0752799691, 17, 35.8616893239, 98, 47, 11.9834112413, 33, 41, 34.824153558, 54, 18.2016007195, 13.1971471569, 8.1324909074, 1, 6.7192028016, 2.999379195, 58.476358779, 4.9990063296, 16.735526882, 3, 15, 8, 1.9904816095, 6.8843818433, 16.3924663685, 35.8367639195, 5.3957716163, 20.9958700999, 10, 14.9992115635, 9.8874923533, 13, 3.3888201288, 85.8671418856, 16, 12.6753865093, 25, 76.4361082591, 56.5762059792, 1, 258.0552901462, 149.2411318103, 41, 19, 18.1603800766, 454.3223140202, 61.282828343, 278.9672463412, 34.9993869969],
      [1.976715144, 4.765985429, 4.0771062662, 4.8639212154, 1.6861692014, 0.23280216138, 2.2020455871, 9.664871009, 0.84586162024, 0.71541195897, 0.17898237902, 2.8456883508, 0.83031138255, 0.39164502065, 5.4805813516, 8.7158773552, 0.68551462404, 2.8631222528, 0.91996075489, 0.030139509944, 6.373434416, 1.6405398498, 1.6349448724, 2.0729310195, 0.16402490163, 0.4032148375, 0.20243708781, 0.74578934894, 1.320923124, 0.57536379983, 1.9671249409, 0.3656816497, 0.25700280648, 0, 0.40682555489, 1.8083492681, 2.0599318842, 22.8515897119, 14.5859827023, 0.85803373066, 4.5342172175, 7.9296853469, 2.7108436082, 8.4783372951, 0.63214862565, 0.68210750117, 0.35009448049, 0.43667304451, 0.43834762274, 0.72860723372, 3.18436852, 0.53516054172, 0.50843851437, 0.078714207315, 1.722343693, 1.4901899061, 0, 0.53201704074, 0.77592624157, 1.1710813115, 0.088652317782, 0.98482368707, 1.714628571, 0.84955865334, 0.60654007857, 3.4337253131, 0, 6.0048153626, 2.0153434251, 0.58493452015, 4.2675149633, 4.9050499393, 2.5597709984, 0.23576134456, 0, 0, 5.6151568094, 5.5600821448, 1.2456481789, 23.3651905323, 2.0323980403, 14.0260881576, 5.0622778864],
      [2.7164386367, 21.4979717475, 17.5231668367, 25.1202486421, 2.0869642626, 1.125592794, 13.6516588316, 44.9279964791, 3.0342348373, 2.9622668992, 1.0001167106, 11.2459321894, 3.1135372345, 2.4307577498, 17.9167018026, 29.8166838637, 3.0374817036, 6.4755627732, 3.86878756, 0.13640908573, 13.495693289, 4.2067038559, 9.5417324365, 13.3788163638, 0.70641785707, 4.0694453593, 2.2720220085, 3.3155244997, 3.4014346359, 1.2195956951, 2.7140454518, 2.605720881, 0.82885835635, 7.6636781634, 1.4499877964, 4.912310238, 9.0395398706, 32.1628547732, 23.3937932609, 2.8970698424, 9.4046758713, 12.1139459415, 5.2059756715, 15.3570159066, 3.8494868886, 2.8301460939, 1.3977922811, 0.47760669135, 1.6928008306, 2.1823551275, 13.1039834305, 4.3945181055, 1.6084449334, 1.8109395796, 4.5881969594, 2.2851758252, 1.8587487832, 1.5139094351, 4.5701791838, 7.1602736502, 0.45560617057, 3.4896522561, 3.1896322127, 3.7571321832, 2.1159517208, 5.06497098, 0.56764031607, 15.4834300316, 4.4929076951, 2.5545188679, 5.8865993758, 15.9227940551, 8.990580638, 2.6147024051, 36.1985362948, 25.6145200176, 12.2932767566, 6.2550538393, 4.2505920931, 103.3089441254, 10.7022760283, 52.052688107, 7.1436536406],
      [0.30730455139, 1.4293636346, 2.0197712455, 2.0158301425, 0.22712640354, 0.092036940385, 0.80791793637, 5.1193698206, 0.12414526099, 0.3168868392, 0.20870989404, 1.1518589554, 0.45121153613, 0.17842226696, 2.2271576691, 3.8838115978, 0.2005258416, 0.66131497402, 0.76486105011, 0.017976883383, 1.130872295, 0.32281128977, 0.82332269108, 1.5308486989, 0.080475539545, 0.37178441527, 0.2372619261, 0.30366498311, 0.72223236671, 0.019839274687, 0.31882960731, 0.028597469253, 0.10859797396, 0.33632183655, 0.067906679584, 0.27934049387, 1.0388389213, 2.9855555149, 2.0202240367, 0.26148518565, 1.0611069111, 0.95636871166, 1.2590271622, 1.1646467983, 0.31676376624, 0.29059924799, 0.11962233104, 0.085720264147, 0.14964874505, 0.089658443802, 1.2352892706, 0.071315023145, 0.14758967026, 0.11034621304, 0.68945934763, 0.22463426871, 0.15076960739, 0.069691680784, 0.26142820609, 0.83188111885, 0.059969895385, 0.52965395689, 0.095739216245, 0.3940976, 0.39001584739, 0.50130370693, 0.04353955517, 1.6446127202, 0.49174887984, 0.18516010266, 0.84588566082, 1.7360477465, 0.87344238445, 0.14953625037, 2.746173559, 1.144348172, 1.091566434, 1.1848640159, 0.34337965136, 10.0035513221, 0.98249758834, 4.9539773942, 0.79468147612]
    ],
    [
      [0, 2.5986297299, 0, 0, 0, 2.0611885146, 8.4975937552, 7.0672406128, 0, 0.082531811762, 1.3408568268, 0, 0.1618973541, 0, 0, 0, 0.60133175211, 0, 0, 0.18362138732, 0, 0, 0, 0.6882767096, 0.67600843825, 0.16082740872, 7.36624458, 0, 0, 0.0022385723953, 0, 0, 0, 0, 0.046274858741, 0, 0, 0, 0, 0, 0, 0, 0.19220681209, 0, 4.7186412707, 0.048782775037, 0.0062209517286, 0, 0, 0, 0.14586375011, 0, 5.5995896953, 0, 0, 0, 0.0086125243466, 0, 2.5588826247, 7.9627325495, 2.1824020977, 0.38022148837, 0, 0, 0, 0, 0.9000340977, 1.1998353465, 0, 0.16499282629, 0, 0.080718659895, 4.1282386534, 0, 20.2679691819, 13.4966411346, 0, 0, 0, 3.3184742983, 6.7782389649, 2.9365714706, 0],
      [16.901711864, 196.8465798286, 136.4547936925, 162.6453382345, 21.0061797967, 23.306157228, 104.3729477912, 378.9224507638, 21.8411694909, 28.7979216217, 12.1666729808, 104.4471176046, 43.2766092231, 8.7126633799, 144.2577920272, 185.0645035954, 45.3490403256, 62.8892720024, 28.6078013227, 8.3250944278, 56.5866993035, 33.1370167703, 57.4721268433, 44.2625890963, 15.2824235476, 24.4861009177, 18.1820245754, 38.3087501983, 28.1287853372, 2.8904340649, 22.8510042785, 18.4819935418, 17.8662741769, 12.7152301036, 9.1230091576, 61.9655924936, 279.0184151353, 385.7340411035, 176.4939588529, 42.3139620471, 178.173118321, 322.8994773564, 92.9251185938, 219.1484614587, 42.3521807471, 38.4560027325, 2.7024259133, 5.1597923578, 22.2287321423, 6.3405524204, 105.2888314528, 16.819238462, 79.0904291237, 2.341790316, 16.025904847, 12.7040051777, 0, 25.3359192714, 76.556286562, 74.6313074492, 14.8552571819, 46.8654486015, 11.911743358, 19.8908059882, 22.3444420204, 34.9574045046, 2.4724833479, 214.16030669, 59.5687274445, 14.9378507453, 134.0676864562, 283.2212855206, 209.7375710988, 3.324132007, 92.9152367642, 77.2225253997, 98.15979808, 26.4216945906, 36.9704002111, 772.15018239, 98.878110029, 370.8890675102, 27.9441625107],
      [1.0499339567, 17.0542771149, 10.9269736404, 20.8592144174, 1.5523668335, 2.1237871832, 16.1719777625, 32.6384412058, 1.5899881301, 2.1174299844, 1.2528095259, 7.6821236241, 2.795439942, 0.69374675519, 8.6232054679, 11.9912773986, 3.9425538228, 4.8979847813, 2.0404285854, 0.71949174855, 5.5765290072, 1.5481763399, 5.9817662263, 2.9055745596, 0.92877312136, 1.8261097407, 2.7256711275, 3.2541779055, 1.1577664534, 0.091442166529, 1.5394652303, 2.2951041453, 0.89392308188, 1.4619898423, 0.56167626603, 6.4292718047, 24.1653505916, 23.0543648415, 16.786038609, 2.4946508453, 12.7020525868, 13.9277494205, 0, 13.0245457719, 8.3377050347, 2.8984025227, 0.16461807591, 0.3188248763, 1.5617692167, 0.43899675031, 7.9789123021, 2.8162125843, 0.61373996615, 5.5274407404, 1.2902327441, 0.68029176551, 0.89212725144, 1.0864977547, 23.2964431253, 8.5769902365, 1.342308059, 2.6700738068, 0.85092076212, 1.6577964431, 1.3236161239, 2.7421235875, 0.37146086336, 7.0933809455, 3.6172677658, 1.1466009089, 0.88491193353, 13.9967773923, 10.1413226305, 0.37304061652, 10.5942113348, 8.2896373198, 7.2834853437, 1.3011543878, 2.3128564276, 62.4695342347, 8.3223471972, 24.2356375402, 0.92932630377],
