{
  "Z_true": {},
  "V_true": [
    [1431, 121, 2365, 277, 201],
    [78, 2823, 332, 2221, 471],
    [306, 1153, 992, 10268, 787],
    [687, 198, 5740, 377, 333],
    [91, 78, 310, 245, 416],
    [176, 111, 758, 540, 632],
    [55, 252, 228, 978, 663]
  ],
  "p_true": [
    [0.3256, 0.0275, 0.5381, 0.063, 0.0457],
    [0.0132, 0.4765, 0.056, 0.3749, 0.0795],
    [0.0227, 0.0854, 0.0734, 0.7603, 0.0583],
    [0.0937, 0.027, 0.7825, 0.0514, 0.0454],
    [0.0798, 0.0684, 0.2719, 0.2149, 0.3649],
    [0.0794, 0.0501, 0.3419, 0.2436, 0.2851],
    [0.0253, 0.1158, 0.1048, 0.4494, 0.3047]
  ],
  "Z_est": [
    [
      [46.3224, 38.711, 12.1693, 39.6947, 21.8476, 25.9531, 40.3688, 39.4948, 11.3244, 17.173, 82.4819, 24.0493, 16.4194, 0.8237, 0.6299, 29.5543, 10.9985, 81.6343, 36.4153, 22.0242, 40.0864, 44.7303, 44.9055, 58.9796, 1.9954, 7.6316, 88.1207, 12.8331, 0.8003, 6.9316, 10.8619, 2.4825, 10.6122, 30.5399, 21.6971, 6.7929, 59.5597, 0, 47.5043, 56.9218, 82.0432, 14.2305, 9.5753, 3.8242, 1.1857, 120.7181, 15.3575, 190.3307, 123.892],
      [0.5667, 0.6552, 0.2248, 0.8326, 0.512, 0.2504, 0.2697, 0.442, 0.1238, 0.3273, 1.2413, 0.5351, 0.1138, 0.0295, 0.0095, 0.2663, 0.3338, 1.0776, 0.2219, 0.0549, 0.5784, 0.5192, 0.504, 0.4493, 0.1752, 0.0387, 1.2239, 0.3716, 0.0322, 0.1082, 0.1737, 0.0361, 0.1728, 0.3651, 0.2418, 0.1464, 0.6334, 0.6091, 0.7254, 0.6938, 0.007, 0.0707, 0.1013, 0.0256, 0.0128, 0.8896, 0.2921, 3.8312, 1.4639],
      [54.236, 52.3926, 18.7879, 51.2405, 23.3682, 25.9848, 60.6747, 44.1466, 9.4507, 17.3909, 118.6391, 30.5383, 17.645, 1.6946, 1.3131, 48.5495, 19.5572, 175.5243, 57.5171, 59.7508, 71.8264, 59.9552, 97.1001, 99.1214, 1.4262, 15.7971, 101.7682, 17.6475, 1.0488, 11.4711, 11.7449, 3.1029, 8.8067, 41.1015, 29.0756, 11.0304, 66.1763, 2.6013, 71.6485, 94.893, 142.3385, 21.2862, 17.892, 7.6346, 2.5385, 178.8601, 20.633, 229.7345, 90.789],
      [6.3028, 5.7488, 1.5842, 7.4505, 3.7422, 3.3948, 4.3225, 5.2685, 0.9699, 2.7326, 11.2087, 3.3904, 1.7002, 0.3816, 0.037, 3.2997, 2.9143, 11.1505, 4.7227, 3.0476, 6.7311, 6.0867, 6.8697, 6.0383, 0.3034, 1.3548, 9.7561, 2.786, 0.0799, 1.3291, 1.9836, 0.3393, 0.199, 4.8025, 3.6168, 0.9195, 4.922, 0.679, 5.7559, 7.5035, 7.2868, 1.3149, 1.3244, 0.4786, 0.2215, 14.3225, 1.547, 25.6395, 12.2674],
      [0.5721, 0.4923, 0.2338, 0.7816, 0.5301, 0.4168, 0.3643, 0.6481, 0.1312, 0.3762, 1.429, 0.4869, 0.1216, 0.0705, 0.0105, 0.3302, 0.1963, 0.6133, 0.123, 0.1225, 0.7776, 0.7086, 0.6207, 0.4113, 0.0998, 0.1778, 1.1311, 0.3617, 0.0388, 0.16, 0.236, 0.0392, 0.2093, 0.191, 0.3687, 0.1108, 0.7086, 0.1107, 0.366, 0.9879, 0.3245, 0.0977, 0.107, 0.0369, 0.0414, 1.2098, 0.1705, 3.4641, 0.5877]
    ],
    [
      [1.1176, 0.4952, 0.1446, 1.1002, 0.1906, 0.546, 0.7028, 0.7806, 0.2935, 0.2958, 1.6983, 0.3024, 0.1238, 0, 0.0106, 0.4471, 0.0673, 0.6421, 0.6045, 0.2933, 0.5351, 0.6345, 0.6757, 1.6445, 0, 0.1095, 1.757, 0.1406, 0.0614, 0.2887, 0.1154, 0.087, 0.0186, 0.4488, 0.4687, 0.1369, 0.4803, 0, 0.4308, 0.3805, 1.6046, 0.4472, 0.2885, 0.1672, 0.0198, 2.4688, 0.3775, 3.3427, 1.0238],
      [132.4579, 80.7574, 25.8892, 401.7839, 84.0893, 53.6857, 52.455, 85.9696, 43.2878, 76.7159, 244.9641, 62.8968, 9.506, 3.4633, 2.5467, 41.1468, 36.8328, 88.2151, 43.6769, 23.5989, 84.2248, 73.3464, 94.692, 126.5369, 0.9817, 11.2609, 256.3323, 54.8128, 8.0222, 50.3797, 39.7274, 11.7143, 12.2002, 48.5161, 51.9846, 29.0594, 52.8166, 3.7131, 63.3691, 46.4218, 72.6261, 26.4671, 30.6822, 12.4222, 2.5862, 196.678, 65.7666, 618.3918, 181.7765],
      [0.2386, 0.124, 0.0413, 0, 0, 0.0569, 0.2019, 0.1339, 0.0668, 0, 0.4977, 0.0334, 0.0301, 0, 0, 0.1309, 0.0448, 0.3698, 0.2271, 0.242, 0.2427, 0.167, 0.4288, 0.4744, 0, 0.0435, 0.4807, 0, 0.0845, 0.0266, 0, 0.0037, 0.0681, 0.1475, 0.0964, 0.0301, 0.1739, 0.0721, 0.126, 0.1364, 0.5844, 0.0964, 0.0994, 0.0467, 0.0103, 0.8071, 0.066, 1.1813, 0.5215],
      [58.9824, 28.001, 7.0068, 143.5766, 24.1439, 28.1809, 28.6397, 40.1691, 12.9573, 25.3534, 88.5779, 14.9145, 5.2198, 1.1531, 0.2976, 19.1544, 12.6504, 36.2502, 29.1435, 17.0945, 38.4401, 33.6371, 48.2056, 63.4198, 0.0112, 8.3123, 80.2212, 15.6738, 0.8328, 23.8935, 17.7507, 4.038, 1.0772, 26.3683, 29.8738, 6.7144, 17.1977, 0.1356, 19.5484, 19.7898, 50.9971, 15.4268, 15.398, 7.6922, 1.5671, 112.8242, 13.0443, 167.0198, 61.6662],
      [14.2035, 6.6224, 2.9182, 39.5393, 9.5762, 9.5305, 7.0006, 13.9468, 4.3948, 9.6349, 31.262, 5.8528, 1.1202, 0.3836, 0.1451, 5.1208, 2.4047, 8.5228, 5.348, 3.7713, 11.5573, 10.215, 11.9979, 14.9245, 0.007, 2.2738, 24.2088, 5.3728, 0.9992, 7.4115, 5.4065, 1.157, 0.6359, 4.5193, 7.5765, 2.0592, 7.3316, 0.0791, 4.5256, 7.2715, 12.1878, 3.5624, 3.5319, 1.6717, 0.8165, 27.222, 3.7456, 69.0644, 12.012]
    ],
    [
      [18.2694, 10.8978, 4.4219, 15.1319, 7.257, 6.0227, 9.2267, 11.5192, 4.9928, 6.5746, 19.7336, 5.3488, 4.9315, 0, 1.0618, 8.98, 2.9894, 18.1178, 11.8487, 6.3308, 12.6429, 16.61, 10.2789, 19.5053, 0, 1.6417, 29.4985, 2.4348, 0.813, 2.6237, 4.2583, 1.9656, 2.0109, 8.846, 7.1251, 4.424, 9.7792, 0, 10.2008, 10.1772, 22.6982, 4.9076, 5.5235, 2.4758, 1.7731, 31.8969, 5.9555, 48.2646, 28.9987],
      [20.3949, 16.7627, 7.4213, 28.5854, 15.1345, 5.4557, 6.274, 11.8586, 5.5482, 11.2093, 26.9916, 11.1079, 3.2984, 0.3242, 1.279, 7.5649, 10.7931, 22.3605, 7.4596, 3.3879, 17.5797, 17.6762, 11.7072, 13.9566, 0.823, 1.2553, 38.3481, 6.6964, 3.0029, 3.9703, 6.1004, 2.6109, 2.8552, 9.2196, 7.3013, 8.7461, 9.2917, 1.01, 14.1071, 11.3602, 7.7397, 2.6102, 5.3829, 1.5963, 1.8475, 23.1349, 10.6454, 87.194, 34.5279],
      [31.8035, 21.8206, 9.9899, 27.0482, 9.682, 8.92, 20.5491, 19.0332, 6.6786, 8.6139, 42.5235, 9.8572, 8.1519, 0, 2.1541, 21.6623, 10.1535, 62.1089, 27.8997, 27.6739, 35.8345, 33.005, 35.8924, 48.5498, 0, 5.1838, 52.0136, 4.8478, 1.671, 6.5223, 5.272, 3.2702, 2.9688, 17.6741, 13.9037, 10.3192, 17.1463, 0.2465, 22.78, 25.5648, 57.5676, 10.6982, 15.1691, 6.8763, 6.391, 70.8836, 11.7808, 87.9137, 37.9637],
      [403.6337, 261.0398, 92.6911, 452.3452, 193.8404, 129.7507, 158.3437, 248.6409, 76.5804, 164.678, 433.7409, 121.1722, 85.8319, 7.6, 10.26, 161.2281, 165.8495, 409.9535, 238.4268, 141.6853, 360.9763, 365.6692, 270.176, 315.3628, 4.6647, 50.7736, 537.9892, 87.992, 11.6274, 86.3379, 123.0169, 43.6377, 13.9821, 220.1008, 192.3612, 96.6321, 135.8964, 4.2069, 196.5965, 218.421, 294.3719, 72.6335, 123.8665, 49.4926, 61.2556, 607.1974, 97.557, 1033.5072, 513.4361],
      [41.8986, 26.4791, 16.4758, 53.8893, 33.0861, 18.8508, 16.6065, 36.9481, 11.2, 26.9242, 66.0104, 20.5139, 7.7863, 1.0758, 2.2451, 18.5648, 13.2145, 40.4592, 17.3652, 12.9221, 46.9666, 48.0395, 28.9455, 31.6255, 0.5122, 6.1456, 70.1507, 13.029, 6.8857, 11.5457, 16.3525, 5.5156, 3.1829, 15.1596, 21.3087, 12.8786, 24.8864, 0.5366, 19.3156, 34.4769, 29.6227, 7.1505, 12.058, 4.559, 12.7328, 62.8872, 12.0613, 185.1204, 42.0736]
    ],
    [
      [18.856, 15.519, 6.0856, 10.8099, 6.5503, 9.3507, 13.438, 13.9024, 4.3151, 6.8118, 20.6572, 7.1937, 7.3604, 0.1761, 0.2784, 10.7157, 3.8855, 24.1913, 12.7739, 8.2726, 22.2705, 21.4278, 10.9924, 17.5692, 0, 1.5668, 31.09, 5.521, 0.2719, 3.1138, 2.6648, 0.4096, 2.3079, 9.9646, 9.4515, 4.5527, 22.9695, 0, 13.6252, 17.2513, 22.2327, 5.2818, 5.4312, 2.4492, 3.0009, 40.1599, 8.0973, 63.8909, 41.8058],
      [0.6171, 0.6957, 0.3041, 0.5931, 0.4046, 0.2349, 0.1697, 0.4064, 0.1245, 0.3488, 0.8202, 0.3948, 0.1301, 0.1049, 0.0193, 0.2313, 0.3338, 0.9129, 0.1056, 0, 0.8256, 0.6287, 0.3027, 0.3259, 0, 0, 1.1049, 0.4013, 0.0486, 0.1242, 0.1139, 0.0166, 0.1137, 0.3451, 0.2553, 0.208, 0.7411, 0, 0.5485, 0.5605, 0, 0.037, 0.1456, 0.0114, 0, 0.6058, 0.3513, 3.4672, 1.3739],
      [154.6448, 146.9169, 65.9506, 97.9623, 49.4336, 66.1286, 140.908, 109.0591, 26.1168, 48.7651, 207.6712, 64.1818, 56.3304, 2.6799, 4.4687, 122.8627, 49.741, 370.6015, 140.6131, 177.3879, 282.8217, 200.793, 169.1516, 206.0929, 0, 23.2338, 251.6618, 53.8662, 3.0071, 36.805, 20.6022, 3.8971, 14.4665, 93.8423, 88.8926, 52.1387, 181.7331, 6.0604, 143.41, 201.3429, 273.2679, 55.4785, 71.3378, 34.2721, 47.3042, 414.9645, 76.3594, 537.7188, 217.875],
      [22.9445, 20.5862, 7.1094, 18.1612, 10.0361, 11.0024, 12.7909, 16.5844, 3.4057, 9.7637, 25.0181, 9.0717, 6.9205, 0.7985, 0.1436, 10.661, 9.4713, 30.0089, 14.7068, 11.831, 33.8863, 26.0325, 15.2264, 15.9411, 0, 2.5374, 30.8007, 10.882, 0.2827, 5.4363, 4.416, 0.5396, 0.6516, 13.9665, 14.1104, 5.5366, 17.2409, 2.2092, 14.6402, 20.3126, 17.4932, 4.364, 6.7703, 2.7627, 5.6618, 42.3847, 7.3045, 76.4199, 36.9455],
      [4.9377, 4.2822, 2.5503, 4.4735, 3.5755, 3.2834, 2.6934, 5.0477, 1.0379, 3.3106, 7.8333, 3.1579, 1.2586, 0.2406, 0.0901, 2.5292, 1.5685, 5.2853, 1.8005, 1.5085, 9.1959, 7.118, 3.3268, 3.0709, 0, 0.662, 8.3425, 3.3295, 0.3898, 1.5207, 1.2031, 0.1371, 0.4603, 1.8815, 3.2902, 1.564, 6.3154, 0.7304, 2.7762, 6.5326, 3.0062, 0.8387, 1.3151, 0.5046, 2.033, 8.885, 1.8875, 27.5032, 5.9998]
    ],
    [
      [0.0811, 0.111, 0.0273, 0.0423, 0.0348, 0.0129, 0.0627, 0.0397, 0.0102, 0.0164, 0.068, 0.0246, 0.0589, 0, 0.008, 0.0578, 0.0127, 0.0736, 0.0784, 0.0145, 0.0692, 0.1228, 0.0277, 0.0387, 0, 0.0247, 0.1261, 0.011, 0.0031, 0.0075, 0.0269, 0.0036, 0.0102, 0.0216, 0.0351, 0.0383, 0.0394, 0, 0.0305, 0.0466, 0.0809, 0.0276, 0.0465, 0.002, 0.0072, 0.1585, 0.0738, 0.2107, 0.0271],
      [0.2811, 0.5171, 0.136, 0.26, 0.2276, 0.0367, 0.1314, 0.1276, 0.0353, 0.0887, 0.2895, 0.1569, 0.1243, 0.0067, 0.0197, 0.1491, 0.15, 0.2896, 0.1538, 0.0312, 0.3164, 0.4019, 0.0989, 0.0873, 0, 0.0547, 0.5167, 0.0964, 0.0208, 0.0356, 0.1202, 0.0156, 0.0511, 0.0694, 0.1119, 0.2197, 0.1193, 0, 0.1316, 0.1624, 0.0999, 0.0455, 0.1364, 0.0044, 0.0272, 0.3625, 0.3816, 1.1767, 0.0896],
      [6.0433, 9.2286, 2.5163, 3.5635, 2.2902, 0.8355, 5.8641, 2.8291, 0.5776, 1.0453, 6.2316, 1.9171, 4.1945, 0.0571, 0.5715, 5.8807, 1.9589, 10.8672, 7.5763, 2.7607, 8.7297, 10.291, 4.0746, 4.1564, 0, 3.6428, 9.5065, 0.9899, 0.1179, 0.8132, 1.7696, 0.2842, 0.7023, 1.8315, 2.9325, 3.5908, 2.9657, 0, 2.9135, 4.9922, 8.8927, 2.552, 5.296, 0.251, 1.2211, 14.9145, 5.8213, 16.0366, 1.3044],
      [20.0182, 28.8368, 6.0849, 14.7322, 10.3544, 3.113, 11.7874, 9.5544, 1.7342, 4.6614, 16.6925, 6.0811, 11.58, 0.5248, 0.5873, 11.3483, 8.3266, 19.033, 17.1299, 3.8025, 23.2397, 29.7629, 8.0996, 7.0027, 0, 9.1967, 25.9066, 4.5021, 0.2731, 2.7562, 8.668, 0.9436, 0.9187, 6.0595, 10.487, 8.6806, 6.2767, 0, 6.5671, 11.1864, 11.8596, 4.4445, 11.2132, 0.4584, 3.1064, 33.6323, 12.5682, 49.9998, 4.821],
      [13.5762, 19.3065, 7.2355, 11.402, 12.093, 3.0019, 8.1544, 9.4491, 1.6427, 5.1883, 16.7184, 6.8203, 7.0423, 0.4115, 0.8134, 8.564, 4.5517, 12.7365, 9.0616, 2.3912, 19.645, 25.4213, 5.6992, 4.7149, 0, 7.0811, 21.9441, 4.4006, 1.5851, 2.3875, 7.4153, 0.753, 1.3177, 3.018, 7.4335, 7.4706, 7.5989, 0, 4.3573, 11.6125, 8.0669, 2.9304, 7.3079, 0.2843, 4.638, 22.9321, 10.155, 60.5761, 2.7578]
    ],
    [
      [0.2678, 0.2147, 0.1287, 0.1115, 0.0791, 0.0901, 0.1326, 0.1749, 0.0368, 0.0923, 0.2538, 0.0556, 0.0863, 0.0002, 0.0091, 0.2126, 0.0466, 0.2806, 0.2159, 0.0476, 0.3383, 0.3883, 0.0801, 0.1538, 0.0046, 0.0188, 0.282, 0.0503, 0.0094, 0.0208, 0.0504, 0.0416, 0.0356, 0.1359, 0.1871, 0.041, 0.1496, 0, 0.1573, 0.1819, 0.2382, 0.0809, 0.087, 0.0486, 0.0088, 0.4327, 0.0904, 0.7111, 0.1828],
      [0.0659, 0.0707, 0.0449, 0.0464, 0.0363, 0.017, 0.0143, 0.038, 0.0084, 0.0355, 0.0753, 0.0228, 0.0117, 0.0011, 0.003, 0.031, 0.045, 0.0909, 0.0095, 0, 0.1088, 0.0811, 0.0186, 0.0221, 0.02, 0, 0.0763, 0.0275, 0.0162, 0.0064, 0.0163, 0.0109, 0.0345, 0.0348, 0.0325, 0.0146, 0.0351, 0, 0.0459, 0.0442, 0, 0.0043, 0.0167, 0.0008, 0.0014, 0.0517, 0.0292, 0.2884, 0.0443],
      [37.694, 34.2887, 21.6115, 17.6926, 10.1416, 10.9926, 23.4716, 23.4897, 3.977, 11.1031, 43.9093, 8.3765, 11.5705, 0.5684, 1.4843, 39.7373, 14.4144, 85.9777, 38.8383, 26.9504, 88.0384, 61.4071, 22.9168, 30.9919, 0.5738, 5.0457, 40.0233, 8.606, 0.9908, 4.2786, 6.5687, 5.4143, 7.9635, 21.2143, 28.951, 7.8201, 21.7057, 0, 27.8676, 36.8301, 51.7413, 13.7732, 18.9356, 9.7793, 2.4679, 76.7242, 14.1506, 102.3811, 17.2514],
      [26.9097, 23.0728, 11.2051, 15.7554, 9.8179, 8.7887, 10.1398, 17.0845, 2.532, 10.6367, 25.3708, 5.6927, 6.8268, 0.9828, 0.2798, 16.4922, 13.1571, 32.5492, 18.9467, 7.9949, 50.5806, 38.2905, 9.8072, 11.2537, 1.0206, 2.6886, 23.531, 8.38, 0.4672, 3.0833, 6.8326, 3.7351, 2.0999, 15.0965, 22.2506, 4.0304, 9.8864, 0, 13.5197, 17.7818, 14.9168, 5.1142, 8.5843, 3.77, 1.3318, 37.3594, 6.5358, 69.0359, 13.7598],
      [11.0625, 9.3531, 8.01, 7.3941, 6.9251, 5.1115, 4.2417, 10.213, 1.4458, 7.1325, 15.3908, 3.8525, 2.5047, 0.4475, 0.2238, 7.5268, 4.3369, 13.1017, 5.9896, 3.0071, 25.9339, 19.833, 4.1772, 4.5785, 0.381, 1.2469, 12.0874, 4.9361, 1.5166, 1.611, 3.5319, 1.7981, 1.8665, 4.5185, 9.5788, 2.0939, 7.2232, 0, 5.4095, 11.162, 6.1037, 2.0275, 3.3764, 1.4013, 1.1902, 15.432, 3.194, 50.5835, 4.7617]
    ],
    [
      [0.0857, 0.0512, 0.0226, 0.1094, 0.0406, 0.0243, 0.0684, 0.0884, 0.0273, 0.0361, 0.1073, 0.0256, 0.0196, 0, 0.0023, 0.0324, 0, 0.0603, 0.0631, 0.0171, 0.0576, 0.0863, 0.0397, 0.1089, 0, 0.0069, 0.1258, 0.0091, 0.041, 0.014, 0.0222, 0.01, 0.0046, 0.0433, 0.0354, 0.0142, 0.0223, 0, 0.0513, 0.0407, 0.1022, 0.0245, 0.048, 0.033, 0.0044, 0.165, 0.048, 0.2493, 0.0697],
      [5.6164, 4.5412, 1.9797, 14.8986, 4.5957, 1.3197, 2.6858, 5.1579, 2.8721, 3.2747, 8.618, 2.8858, 0.8156, 0.0702, 0.1229, 1.6106, 3.5115, 5.0534, 2.3727, 0.9272, 6.3663, 5.3465, 3.6764, 4.6218, 0, 0.3905, 10.3978, 1.594, 0.8572, 1.3755, 1.7481, 0.5956, 0.5724, 2.4498, 2.0726, 1.6058, 1.3628, 0.6678, 4.0724, 2.7572, 2.5274, 0.7651, 2.535, 0.9393, 0.5249, 7.2774, 4.5338, 25.6506, 6.7239],
      [0.3397, 0.2286, 0.1026, 0.4929, 0.0844, 0.0815, 0.3304, 0.3084, 0.1325, 0.0818, 0.5276, 0.0956, 0.0775, 0, 0.0083, 0.1765, 0.1302, 0.5506, 0.3286, 0.2343, 0.5065, 0.3816, 0.4357, 0.6132, 0, 0.0533, 0.5459, 0.0426, 0.0799, 0.0832, 0.0427, 0.0277, 0.0241, 0.1888, 0.1482, 0.0708, 0.099, 0.0197, 0.2543, 0.2407, 0.6077, 0.1155, 0.27, 0.1399, 0.067, 0.8462, 0.1889, 1.034, 0.295],
      [42.2087, 26.7147, 9.3187, 88.9788, 22.0652, 11.7694, 24.976, 40.6982, 14.8206, 18.1742, 52.3911, 11.6774, 7.9208, 0.5592, 0.3946, 12.8163, 20.6309, 35.0546, 26.9235, 11.5441, 49.1459, 41.521, 31.6155, 38.9817, 0, 5.1366, 54.7951, 7.7841, 1.437, 11.1637, 13.3322, 3.7667, 1.0714, 22.606, 20.3001, 6.4864, 7.58, 0.7693, 21.3722, 20.0049, 30.0746, 7.7021, 21.8431, 10.3455, 5.8558, 70.2796, 15.4431, 115.3779, 38.104],
      [24.7494, 15.4643, 9.5764, 59.5203, 22.2141, 9.805, 14.9393, 34.7471, 12.1476, 17.4333, 45.3561, 11.3156, 4.1664, 0.3706, 0.4719, 8.3642, 9.7274, 20.2811, 12.3121, 6.2774, 35.9236, 30.6647, 19.2326, 22.6745, 0, 3.4128, 40.1355, 6.5702, 6.5849, 8.3635, 9.8548, 2.5999, 1.3274, 9.7121, 12.4436, 4.8229, 7.9359, 0.5432, 12.2498, 17.9566, 17.6882, 4.3928, 12.3038, 5.5423, 7.548, 41.4318, 10.7862, 120.6882, 18.8073]
    ]
  ],
  "V_est": [
    [1713.2336, 22.5805, 2417.4515, 219.8285, 21.9059],
    [28.0105, 3921.448, 8.6546, 1522.2441, 444.6428],
    [480.9863, 585.5088, 1024.2341, 10147.0304, 1268.2404],
    [590.5139, 19.6088, 5864.8208, 685.7715, 174.285],
    [2.1522, 8.166, 197.4032, 508.6137, 423.665],
    [6.7442, 1.7504, 1200.7018, 668.9793, 338.8243],
    [2.3594, 176.9375, 11.7341, 1153.5325, 831.4365]
  ],
  "p_est": [
    [0.3898, 0.0051, 0.55, 0.05, 0.005],
    [0.0047, 0.6618, 0.0015, 0.2569, 0.075],
    [0.0356, 0.0434, 0.0758, 0.7513, 0.0939],
    [0.0805, 0.0027, 0.7996, 0.0935, 0.0238],
    [0.0019, 0.0072, 0.1732, 0.4462, 0.3716],
    [0.003, 0.0008, 0.5416, 0.3017, 0.1528],
    [0.0011, 0.0813, 0.0054, 0.5301, 0.3821]
  ],
  "EI_Z": {},
  "EI_V": 10.1982,
  "MAE_Z": {},
  "MAE_V": 213.8351,
  "MAE_p": 0.0586,
  "runtime": 0.118
}
