{
  "Z_true": {},
  "V_true": [
    [30, 23, 643, 49, 1351, 292, 71],
    [14, 692, 36, 33, 152, 725, 64],
    [137, 271, 177, 233, 381, 11076, 297],
    [67, 57, 234, 119, 5480, 302, 115],
    [51, 39, 117, 1536, 816, 889, 95],
    [596, 16, 47, 51, 605, 670, 91],
    [37, 105, 50, 70, 255, 660, 463]
  ],
  "p_true": [
    [0.0122, 0.0094, 0.2615, 0.0199, 0.5494, 0.1187, 0.0289],
    [0.0082, 0.4033, 0.021, 0.0192, 0.0886, 0.4225, 0.0373],
    [0.0109, 0.0216, 0.0141, 0.0185, 0.0303, 0.881, 0.0236],
    [0.0105, 0.0089, 0.0367, 0.0187, 0.8597, 0.0474, 0.018],
    [0.0144, 0.011, 0.033, 0.4335, 0.2303, 0.2509, 0.0268],
    [0.2871, 0.0077, 0.0226, 0.0246, 0.2914, 0.3227, 0.0438],
    [0.0226, 0.064, 0.0305, 0.0427, 0.1555, 0.4024, 0.2823]
  ],
  "Z_est": {},
  "V_est": [
    [10.1711, 0, 912.5075, 0, 1536.3213, 0, 0],
    [308.8674, 1135.602, 0, 68.3114, 0, 0, 203.2192],
    [0, 67.398, 30.4922, 0, 0, 12474.1098, 0],
    [0, 0, 121.7624, 0, 6252.2376, 0, 0],
    [59.3701, 0, 210.1027, 2022.6886, 518.3199, 732.5187, 0],
    [394.6825, 0, 29.1351, 0, 733.1212, 919.0612, 0],
    [158.9089, 0, 0, 0, 0, 488.3103, 992.7808]
  ],
  "p_est": [
    [0.0041, 0, 0.3711, 0, 0.6248, 0, 0],
    [0.18, 0.6618, 0, 0.0398, 0, 0, 0.1184],
    [0, 0.0054, 0.0024, 0, 0, 0.9922, 0],
    [0, 0, 0.0191, 0, 0.9809, 0, 0],
    [0.0168, 0, 0.0593, 0.5709, 0.1463, 0.2068, 0],
    [0.1901, 0, 0.014, 0, 0.3531, 0.4427, 0],
    [0.0969, 0, 0, 0, 0, 0.2978, 0.6054]
  ],
  "EI_Z": {},
  "EI_V": 16.9691,
  "MAE_Z": {},
  "MAE_V": 210.4167,
  "MAE_p": 0.0692,
  "runtime": 0.0214
}
