{
  "X": [
    [13, 25, 21, 103, 135, 27],
    [9, 8, 4, 134, 182, 44],
    [13, 15, 38, 133, 146, 43],
    [4, 13, 12, 121, 87, 31],
    [6, 30, 19, 150, 103, 38],
    [9, 21, 14, 116, 104, 35],
    [12, 19, 36, 128, 107, 23],
    [12, 27, 36, 120, 126, 35],
    [11, 19, 15, 130, 78, 34],
    [7, 17, 25, 115, 101, 28],
    [7, 31, 32, 137, 117, 42],
    [16, 19, 31, 112, 99, 33],
    [8, 16, 21, 122, 88, 31],
    [9, 27, 20, 110, 97, 24],
    [6, 17, 25, 99, 86, 28],
    [5, 15, 20, 124, 118, 40],
    [14, 16, 13, 117, 129, 56],
    [9, 15, 15, 79, 126, 36],
    [6, 17, 11, 80, 98, 28],
    [3, 14, 17, 71, 117, 25],
    [14, 19, 24, 118, 80, 30],
    [12, 26, 43, 141, 106, 32],
    [2, 18, 26, 152, 212, 47],
    [4, 10, 18, 160, 198, 39],
    [11, 17, 16, 137, 207, 51],
    [7, 3, 12, 111, 120, 34],
    [9, 9, 12, 117, 99, 25],
    [7, 15, 20, 103, 112, 34],
    [9, 11, 14, 115, 129, 36],
    [13, 34, 47, 175, 181, 47],
    [10, 16, 27, 109, 136, 27],
    [10, 39, 28, 157, 140, 49],
    [10, 27, 41, 142, 91, 27],
    [11, 32, 21, 128, 108, 34],
    [14, 22, 21, 121, 102, 31],
    [9, 19, 13, 79, 70, 23],
    [8, 8, 15, 139, 149, 60],
    [13, 16, 17, 215, 209, 76],
    [20, 30, 97, 54, 20, 21],
    [33, 54, 131, 120, 79, 40],
    [36, 71, 105, 149, 87, 34],
    [26, 60, 119, 137, 104, 31],
    [7, 24, 28, 132, 151, 43],
    [7, 29, 75, 83, 51, 20],
    [10, 21, 14, 121, 140, 32],
    [8, 12, 22, 98, 152, 35],
    [5, 24, 30, 124, 115, 32],
    [10, 14, 30, 126, 122, 32],
    [31, 30, 77, 130, 77, 36],
    [22, 43, 104, 132, 92, 31],
    [28, 53, 95, 143, 72, 30],
    [33, 61, 110, 133, 83, 30],
    [33, 45, 80, 104, 107, 38],
    [10, 18, 32, 137, 168, 37],
    [34, 34, 57, 124, 90, 30],
    [32, 50, 16, 60, 56, 23],
    [65, 53, 29, 91, 76, 28],
    [6, 9, 21, 132, 344, 66],
    [3, 8, 15, 72, 153, 28],
    [3, 6, 6, 76, 166, 30],
    [3, 6, 8, 94, 174, 34],
    [6, 16, 7, 77, 122, 22],
    [2, 14, 20, 82, 156, 24],
    [4, 12, 15, 109, 159, 49],
    [6, 8, 21, 124, 121, 24],
    [10, 34, 74, 162, 194, 40],
    [20, 86, 79, 142, 98, 30],
    [16, 70, 91, 158, 71, 37],
    [14, 46, 64, 117, 63, 17],
    [14, 64, 73, 133, 83, 32],
    [14, 45, 70, 126, 76, 29],
    [6, 43, 62, 142, 63, 17],
    [6, 5, 5, 106, 138, 34],
    [16, 47, 56, 106, 85, 22],
    [16, 58, 61, 121, 55, 30],
    [6, 56, 74, 88, 32, 11],
    [19, 44, 55, 98, 34, 21],
    [10, 38, 57, 62, 43, 13],
    [10, 49, 76, 98, 42, 21],
    [21, 43, 74, 92, 52, 22],
    [13, 20, 16, 111, 131, 26],
    [6, 16, 25, 117, 148, 37],
    [133, 362, 573, 1242, 1569, 428]
  ],
  "W": [
    [6, 38, 22, 139, 119, 0],
    [23, 15, 10, 183, 150, 0],
    [10, 21, 32, 154, 170, 1],
    [12, 13, 11, 91, 141, 0],
    [13, 38, 23, 105, 167, 0],
    [5, 23, 22, 114, 134, 1],
    [5, 22, 37, 114, 147, 0],
    [8, 29, 41, 114, 164, 0],
    [13, 21, 27, 80, 145, 1],
    [7, 25, 26, 100, 135, 0],
    [11, 35, 37, 123, 160, 0],
    [17, 24, 40, 100, 129, 0],
    [8, 18, 28, 92, 140, 0],
    [14, 29, 18, 98, 128, 0],
    [11, 19, 27, 92, 112, 0],
    [7, 22, 23, 125, 145, 0],
    [20, 17, 27, 147, 134, 0],
    [7, 17, 22, 130, 102, 2],
    [5, 22, 12, 110, 91, 0],
    [7, 13, 22, 127, 78, 0],
    [9, 33, 23, 84, 136, 0],
    [15, 28, 50, 113, 154, 0],
    [16, 19, 30, 225, 166, 1],
    [7, 17, 18, 206, 181, 0],
    [22, 19, 24, 221, 153, 0],
    [9, 6, 13, 131, 127, 1],
    [6, 13, 15, 109, 127, 1],
    [7, 21, 25, 115, 123, 0],
    [16, 17, 20, 141, 120, 0],
    [19, 44, 49, 192, 193, 0],
    [8, 21, 28, 148, 120, 0],
    [14, 44, 39, 151, 175, 0],
    [13, 32, 40, 97, 156, 0],
    [7, 36, 23, 118, 149, 1],
    [8, 30, 21, 116, 136, 0],
    [4, 30, 10, 81, 87, 1],
    [30, 9, 16, 158, 165, 1],
    [30, 25, 19, 222, 249, 1],
    [6, 39, 105, 26, 65, 1],
    [18, 58, 139, 100, 142, 0],
    [11, 87, 112, 103, 169, 0],
    [12, 75, 133, 95, 162, 0],
    [8, 30, 33, 180, 134, 0],
    [4, 33, 79, 52, 97, 0],
    [6, 27, 22, 148, 133, 2],
    [12, 17, 29, 161, 108, 0],
    [6, 29, 33, 125, 137, 0],
    [8, 17, 40, 137, 132, 0],
    [18, 49, 99, 86, 128, 1],
    [11, 57, 119, 95, 142, 0],
    [15, 72, 104, 78, 151, 1],
    [14, 71, 128, 88, 148, 1],
    [18, 66, 89, 112, 122, 0],
    [15, 24, 38, 179, 146, 0],
    [18, 51, 64, 100, 136, 0],
    [6, 67, 23, 74, 67, 0],
    [4, 101, 38, 80, 119, 0],
    [31, 16, 30, 361, 139, 1],
    [8, 13, 15, 160, 83, 0],
    [13, 5, 10, 174, 85, 0],
    [16, 7, 11, 189, 96, 0],
    [10, 23, 9, 124, 84, 0],
    [11, 16, 22, 157, 92, 0],
    [22, 19, 21, 169, 116, 1],
    [15, 21, 22, 123, 123, 0],
    [7, 43, 80, 202, 182, 0],
    [7, 98, 84, 109, 157, 0],
    [15, 95, 103, 76, 153, 1],
    [10, 64, 68, 64, 115, 0],
    [15, 77, 84, 83, 140, 0],
    [7, 65, 67, 84, 136, 1],
    [10, 57, 67, 59, 140, 0],
    [13, 13, 5, 147, 116, 0],
    [1, 59, 64, 88, 120, 0],
    [6, 80, 76, 51, 128, 0],
    [7, 59, 78, 30, 93, 0],
    [5, 70, 58, 38, 100, 0],
    [1, 50, 58, 48, 66, 0],
    [4, 63, 82, 50, 97, 0],
    [10, 69, 81, 51, 93, 0],
    [3, 28, 19, 149, 118, 0],
    [13, 23, 25, 153, 135, 0],
    [72, 457, 648, 1733, 1394, 3]
  ],
  "method": "mvn_cdf",
  "mvncdf_method": "genz",
  "mvncdf_samples": 5000,
  "mvncdf_error": 0.001,
  "cond_prob": [
    [
      [0.039687719203, 2.7209604702e-05, 3.7163584812e-05, 0.26760594007, 0.24769397043, 0.44494799711],
      [0.20814369115, 0.60871805021, 0.06403229391, 0.11600645537, 0.00012217831655, 0.0029773310508],
      [0.052446162454, 0.05486489241, 0.81202352661, 0.063950047415, 0.00035517920684, 0.016360191904],
      [0.0015499018521, 0, 4.5863165484e-05, 0.029017631961, 0.89274067491, 0.076645928108],
      [0.029270264619, 0.0055590185005, 0.0058458595333, 0.76929216109, 0.079079207109, 0.11095348915],
      [8.327854725e-06, 1.2251573444e-09, 1.9902819858e-07, 0.0013146131965, 6.5050272417e-05, 0.99861180842]
    ],
    [
      [0.025379049179, 0.00010958175362, 0, 0.25994655398, 0.25399152779, 0.4605732873],
      [0.29135522849, 0.44172797506, 0, 0.25979819274, 0.00031145182859, 0.0068071518816],
      [0.15315213774, 0.092913565809, 0.4, 0.27732671456, 0.0016536834755, 0.074953898414],
      [0, 0, 0, 0.027716589588, 0.89321081711, 0.079072593306],
      [0.016762880428, 0.0029494955713, 0, 0.77519235551, 0.084529378122, 0.12056589037],
      [5.2708266331e-06, 3.8984432698e-10, 2.2327019313e-08, 0.0012419879325, 6.4841450081e-05, 0.99868787707]
    ],
    [
      [0.063987261294, 0.0001349003251, 7.1318383325e-05, 0.24851660293, 0.19918021331, 0.48810970376],
      [0.18736975434, 0.57585891535, 0.17366841022, 0.061117721469, 5.6106570536e-05, 0.0019290920468],
      [0.019995029406, 0.021898428629, 0.93914827532, 0.014451412103, 6.0425275158e-05, 0.0044464292628],
      [0, 0.00059578528548, 0, 0.033980294782, 0.86340468402, 0.10201923591],
      [0.045797175206, 0.012430054285, 0.025291208183, 0.72667545237, 0.064945394402, 0.12486071556],
      [1.8197848208e-06, 3.8959047918e-06, 0, 0.0011243337754, 4.7632598647e-05, 0.99882231794]
    ],
    [
      [0.030119577417, 0.00023752893054, 0.00018398515277, 0.30504453899, 0.18408923084, 0.48032513868],
      [0.084751142815, 0.7780418543, 0.063930143929, 0.071447641967, 0, 0.0018292169868],
      [0.020691097087, 0.063526436103, 0.86796469041, 0.038343232038, 8.2514095757e-05, 0.0093920302703],
      [0, 0.00036674643355, 0.00092260223229, 0.042666496685, 0.85008353686, 0.10596061778],
      [0.016377291819, 0.015251353364, 0.010887460351, 0.79507957047, 0.052712196597, 0.1096921274],
      [5.9136993939e-06, 2.4316317005e-09, 3.3151166867e-07, 0.0013899717191, 4.4815220812e-05, 0.99855896542]
    ],
    [
      [0.018615525319, 0.00018913231309, 2.2632232008e-05, 0.29169581653, 0.19874938831, 0.4907275053],
      [0.11131246911, 0.69681853877, 0.042079962556, 0.14530573264, 0.0001237117688, 0.0043595851566],
      [0.038817872313, 0.087278673503, 0.73289678883, 0.1113535973, 0.00046545841762, 0.029187609637],
      [0, 0, 0, 0.037704511891, 0.85948942125, 0.10280606686],
      [0.0038042711475, 0.009048067761, 0.0032577309029, 0.80339059915, 0.060805162453, 0.11969416858],
      [3.676404658e-06, 1.1221743062e-09, 1.0545509927e-07, 0.0013051840958, 4.7472067361e-05, 0.99864356085]
    ],
    [
      [0.03387675978, 4.7847494457e-05, 6.963347439e-06, 0.27626781392, 0.17508597996, 0.51471463549],
      [0.14910149329, 0.72638253585, 0.020852619479, 0.10062267006, 0, 0.0030406813137],
      [0.086235422989, 0.1464005397, 0.60289644966, 0.12742546672, 0.00040566231904, 0.03663645861],
      [0.0013135021675, 0, 0, 0.040154878603, 0.84022268074, 0.11830893849],
      [0.025032496715, 0.0080011236161, 0.0019151719605, 0.78300113773, 0.054703166193, 0.12734690379],
      [8.7426362584e-06, 0, 0, 0.001170634668, 3.5655236316e-05, 0.99878496746]
    ],
    [
      [0.071654260475, 0.00015934783814, 0.00011992234045, 0.34039356326, 0.19139206712, 0.39628083897],
      [0.17313890099, 0.67751564542, 0.079801067641, 0.068809612669, 5.1599243736e-05, 0.00068317403327],
      [0.038481557341, 0.052799982065, 0.87006935995, 0.03349315059, 0.00011855935583, 0.0050373906946],
      [0.002784519281, 0.00059773158068, 0.00058880561021, 0.048089499914, 0.86533378313, 0.082605660483],
      [0.041438231674, 0.014096043027, 0.013497188723, 0.80314810301, 0.050268479646, 0.077551953916],
      [1.6806473633e-05, 3.2155094571e-09, 5.9656540359e-07, 0.0018722943124, 5.6354482895e-05, 0.99805394495]
    ],
    [
      [0.035802490512, 9.7559918099e-05, 4.9726485807e-05, 0.19091942777, 0.31245867088, 0.46067212443],
      [0.14345166228, 0.73669687457, 0.052276949306, 0.065352241239, 0, 0.002222272605],
      [0.045462643149, 0.082923944974, 0.80907558552, 0.046066025909, 0, 0.016471800448],
      [0.0021730062475, 0.00014615210859, 0.0001805253335, 0.020236912675, 0.91352102848, 0.063742375153],
      [0.033181651149, 0.013527238255, 0.0078712912433, 0.68525435655, 0.11804227674, 0.14212318606],
      [7.290832505e-06, 1.8328038824e-09, 2.0395257896e-07, 0.0009104589171, 7.9309118208e-05, 0.99900273535]
    ],
    [
      [0.035873251501, 4.100490302e-05, 0.00022489129968, 0.29692907088, 0.18081665005, 0.48611513137],
      [0.18413411013, 0.66858791844, 0.017092196928, 0.12672342621, 2.517967255e-05, 0.003437168623],
      [0.11580524871, 0.14725090505, 0.51750586142, 0.1744615285, 0.0005618524547, 0.04441460387],
      [0.0012417201854, 0, 0.0013269170622, 0.040553362796, 0.8480020324, 0.10887596756],
      [0.023729259867, 0.0067816980193, 0.003857324374, 0.79670818537, 0.053748153281, 0.11517537909],
      [9.407010775e-06, 0, 1.662013449e-05, 0.0013129560018, 3.994234392e-05, 0.99862107451]
    ],
    [
      [0.024283373169, 1.907986521e-05, 4.7140983749e-05, 0.26769041311, 0.24295729898, 0.46500269389],
      [0.15738650214, 0.60961814239, 0.084619613898, 0.14417252509, 4.2836486407e-05, 0.0041603800012],
      [0.031034703572, 0.04273324859, 0.84635029729, 0.062647020789, 0.00021935544961, 0.01701537431],
      [0, 0, 0, 0.029862196203, 0.8881634565, 0.0819743473],
      [0.015470011418, 0.0048025808737, 0.0065116439714, 0.77708749496, 0.077601326693, 0.11852694208],
      [4.9138413893e-06, 9.3527163503e-10, 2.0277936043e-07, 0.0012594632104, 6.0939580501e-05, 0.99867447965]
    ],
    [
      [0.02347716343, 0.00015046378972, 5.6406547125e-05, 0.26116008261, 0.19171357323, 0.5234423104],
      [0.10512927291, 0.74248329917, 0.050593332762, 0.098562552426, 4.0339021009e-05, 0.0031912037146],
      [0.033307039753, 0.084808073651, 0.79084607044, 0.069336297932, 0.00025701177927, 0.021445506449],
      [0, 0, 0, 0.036118275338, 0.85220399031, 0.11167773436],
      [0.011436663623, 0.011709566889, 0.0060456767199, 0.77293474291, 0.062869616158, 0.1350037337],
      [4.2766361625e-06, 1.4758847437e-09, 1.5679660604e-07, 0.0010967411089, 4.3000940978e-05, 0.99885582304]
    ],
    [
      [0.060854012616, 0.00022072961803, 7.9705193445e-05, 0.26915514238, 0.20726702081, 0.46242338938],
      [0.25649749816, 0.60526551562, 0.041385459692, 0.094097820414, 0, 0.0027537061107],
      [0.092735938789, 0.078591450255, 0.73318864035, 0.075016907347, 0.00016923068176, 0.020297832578],
      [0, 0.00090880878213, 0.00030448134726, 0.034474749204, 0.87079614305, 0.093515817615],
      [0.039535692079, 0.0095762506439, 0.0050186064371, 0.76525475717, 0.065039357472, 0.1155753362],
      [1.2361454474e-05, 1.4433697528e-09, 1.5471293171e-07, 0.0012749676019, 5.2437942324e-05, 0.99866007685]
    ],
    [
      [0.031693055857, 6.3737664803e-05, 0, 0.2904547868, 0.18888534136, 0.48890307831],
      [0.15671700114, 0.6841370558, 0.036334493171, 0.11945013162, 5.4767990931e-06, 0.0033558414672],
      [0.062009882617, 0.093947666916, 0.7136577963, 0.10298015938, 0.00026714713814, 0.027137347646],
      [0.0012253448641, 6.1712158217e-06, 0, 0.039084717217, 0.85359450996, 0.10608925675],
      [0.021975293513, 0.0075280047772, 0.0025968630468, 0.79319300635, 0.056790311792, 0.11791652052],
      [6.0659619319e-06, 1.2748485964e-09, 1.0874763572e-07, 0.0013004578309, 4.515102851e-05, 0.99864821516]
    ],
    [
      [0.060142142136, 0.0003118545138, 0.00030134411527, 0.31620663985, 0.21579827899, 0.4072397404],
      [0.10441130107, 0.78268094257, 0.066866590841, 0.045716913923, 0.00022637515619, 9.7876444459e-05],
      [0.026462261113, 0.069473627134, 0.87392122036, 0.025385096368, 0.00022221945745, 0.0045355755637],
      [0.0013354735433, 0.00077298335158, 0.0013603295395, 0.039698997647, 0.88045055636, 0.07638165956],
      [0.035335040406, 0.023215695667, 0.017130904583, 0.78046783621, 0.060032068291, 0.083818454848],
      [1.3741452985e-05, 4.9665727378e-09, 6.6686577346e-07, 0.0016913438518, 6.1675529792e-05, 0.99823256733]
    ],
    [
      [0.034658355097, 0.00018022433373, 8.1529144516e-05, 0.30067232985, 0.1825225894, 0.48188497218],
      [0.11896294229, 0.72841006133, 0.065014022229, 0.085306438587, 0, 0.0023065355668],
      [0.030571139056, 0.065040076498, 0.84435694671, 0.047903632305, 0, 0.012128205431],
      [0.00090414719364, 0.0007210069441, 0.00023751558725, 0.041852133706, 0.84909504287, 0.1071901537],
      [0.021873749054, 0.011926889847, 0.0084316764455, 0.79399988987, 0.05245988904, 0.11130790575],
      [6.7214115331e-06, 1.9588890333e-09, 2.8041989856e-07, 0.001361809894, 4.4236987916e-05, 0.99858694933]
    ],
    [
      [0.016297742098, 2.3594365844e-05, 3.3232369502e-05, 0.24683020774, 0.19619915897, 0.54061606446],
      [0.14553754727, 0.60175480178, 0.063602178406, 0.18266138973, 0.00018465484267, 0.0062594279748],
      [0.034966397487, 0.051575956311, 0.78277734785, 0.097445062442, 0.00047374288113, 0.032761493025],
      [0, 0, 0, 0.032955365324, 0.85419517595, 0.11284945873],
      [0.0060680180912, 0.0039653945184, 0.0041147617093, 0.77167573014, 0.067843106212, 0.14633298933],
      [2.8790399137e-06, 5.7882584648e-10, 9.615319958e-08, 0.0010029196968, 4.2575775623e-05, 0.99895152876]
    ],
    [
      [0.043714557639, 0.00015481717382, 0.00059080451592, 0.22939838885, 0.14459976421, 0.58154166761],
      [0.2513748652, 0.62358699168, 0.012511000991, 0.10873941277, 0.00050832032041, 0.0032794090353],
      [0.18016726752, 0.15685682274, 0.42469375958, 0.17153835256, 0.0013327206296, 0.065411076966],
      [0, 0, 0.0035716772289, 0.04225871009, 0.80708324482, 0.14708636786],
      [0.029759850118, 0.0086626162981, 0.0058487226235, 0.74417833062, 0.055389125559, 0.15616135478],
      [7.1270708429e-06, 8.5374321559e-10, 2.6599392293e-08, 0.00086578123313, 2.9149579166e-05, 0.99909791466]
    ],
    [
      [0.033148954425, 3.063895289e-05, 2.5497832398e-05, 0.19031686299, 0.23872864105, 0.53774940476],
      [0.19371377441, 0.68568578132, 0.025982014829, 0.090894837134, 0, 0.003723592315],
      [0.095227539464, 0.11676922676, 0.64705222801, 0.098378295742, 0.00050796378586, 0.042064746232],
      [0.0019210325136, 0, 0.00023561133147, 0.023249062073, 0.88147114811, 0.093123145974],
      [0.030686627441, 0.0075902378055, 0.0028660925892, 0.69543399734, 0.095357016294, 0.16806602853],
      [2.3530087013e-05, 0, 3.6648029564e-06, 0.00080071193112, 2.9696613041e-05, 0.99914239657]
    ],
    [
      [0.030593079597, 4.2131150325e-05, 2.5635083085e-05, 0.27302717287, 0.17372920501, 0.5225827763],
      [0.14318247701, 0.70180987464, 0.048306610448, 0.10344214765, 0, 0.0032588902543],
      [0.043460579501, 0.074311366833, 0.79262994759, 0.069127737158, 0.00015774366395, 0.020312625258],
      [0.0011541485057, 0, 0, 0.039947511529, 0.83816731417, 0.1207310258],
      [0.022511393607, 0.0073432494525, 0.0046765606998, 0.78170744806, 0.054187433984, 0.1295739142],
      [5.4524366705e-06, 1.2893666651e-09, 1.420511245e-07, 0.001137931595, 3.8841956662e-05, 0.99881763067]
    ],
    [
      [0.023283286848, 0.00010932888018, 3.69597273e-05, 0.28290902309, 0.21380824776, 0.47985315369],
      [0.083605431771, 0.79983361578, 0.03186745033, 0.082339178912, 0, 0.0023543232095],
      [0.037792739574, 0.12068626471, 0.73794156026, 0.081926621647, 0.00011609691634, 0.021536716896],
      [0, 0, 0, 0.035269012728, 0.86963531862, 0.095095668648],
      [0.011778283441, 0.012132049604, 0.0044967961794, 0.79061124641, 0.064834649593, 0.11614697477],
      [4.5537717601e-06, 1.9626941652e-09, 1.3168948478e-07, 0.0012817750641, 5.2010610264e-05, 0.9986615269]
    ],
    [
      [0.046591555501, 0, 7.0283445603e-05, 0.28791490951, 0.17840299415, 0.4870202574],
      [0.24387665323, 0.5336262288, 0.093839164802, 0.12497529649, 0, 0.0036826566718],
      [0.044134200465, 0.034477336501, 0.85882608941, 0.049335511474, 4.3844258274e-05, 0.013183017887],
      [0.0016452619374, 0, 0.00018064073689, 0.040814712573, 0.84684608576, 0.11051329899],
      [0.032201895812, 0.0043923213974, 0.0083419200889, 0.78471638537, 0.053369804638, 0.1169776727],
      [8.9246205389e-06, 9.8346982668e-10, 2.6585124864e-07, 0.0012929827408, 4.2795962245e-05, 0.99865502984]
    ],
    [
      [0.049830177065, 0.00013807398372, 3.7562139908e-05, 0.33823953968, 0.1788125531, 0.43294209403],
      [0.14426488171, 0.7180131026, 0.053653102515, 0.082556401275, 0, 0.001512511898],
      [0.045530407973, 0.079321343662, 0.80796357096, 0.056268880276, 0, 0.010915797125],
      [0.0025311160298, 0.00019458739338, 0, 0.049386456356, 0.85002424129, 0.097863598934],
      [0.030198663286, 0.012373418565, 0.0071361762941, 0.81312152005, 0.047175795053, 0.089994426757],
      [1.0745151708e-05, 2.6361338575e-09, 3.0937266281e-07, 0.0017101126465, 4.8381937019e-05, 0.99823044826]
    ],
    [
      [0.016446322886, 0.00017716380617, 7.0002112428e-05, 0.29856946615, 0.22396562932, 0.46077141572],
      [0.0839304885, 0.73226143521, 0.054585555883, 0.12595005486, 0.00014024179011, 0.0031322237579],
      [0.0047393184108, 0.075109857362, 0.79927917512, 0.10091085868, 0.00040599029415, 0.019554800134],
      [0, 0, 0, 0.035090907708, 0.87651672193, 0.088392370357],
      [0, 0.011029532466, 0.0059239707888, 0.80666045269, 0.067381837131, 0.10900420692],
      [0, 0, 0, 0.0014223572213, 5.8228909638e-05, 0.99851941387]
    ],
    [
      [0.018013496531, 1.7109528789e-06, 5.1569522544e-05, 0.29583563831, 0.24162406033, 0.44447352436],
      [0.15269702955, 0.53581125922, 0.096469414758, 0.20978619217, 0.0002865332552, 0.0049495710511],
      [0.025482967597, 0.031687291241, 0.8467469908, 0.077572349123, 0.00046077214225, 0.018049629094],
      [0, 0, 0, 0.032631459882, 0.8880106872, 0.079357852914],
      [0.0045268652219, 0.00177251588, 0.0061779730828, 0.8079801229, 0.07384124337, 0.10570127954],
      [3.8563724005e-06, 6.5450411453e-10, 1.8484602082e-07, 0.0014637873064, 6.3909496684e-05, 0.99846826132]
    ],
    [
      [0.037823932547, 5.1574774904e-05, 1.3629090478e-05, 0.27064387107, 0.2120602907, 0.47940670181],
      [0.18243706624, 0.67998911837, 0.024958284769, 0.10948774442, 3.628365841e-05, 0.0030915025404],
      [0.092644092349, 0.12033721602, 0.63152025096, 0.1215740228, 0.00049608290398, 0.033428334969],
      [0.0017553422782, 0, 0, 0.033643178743, 0.86886228398, 0.095739194995],
      [0.026733205004, 0.007784175957, 0.0024118086687, 0.77524606956, 0.067343225261, 0.12048151555],
      [7.4187359497e-06, 1.3301941439e-09, 7.8353612365e-08, 0.0012440044081, 5.2149221972e-05, 0.99869634795]
    ],
    [
      [0.042975795268, 0, 4.8343091896e-05, 0.29505742888, 0.18448414205, 0.47743429072],
      [0.30572860231, 0.43580679859, 0.081729432346, 0.17225146031, 8.7854082078e-05, 0.0043958523709],
      [0.05513484945, 0.027058642139, 0.83153644392, 0.068763858283, 0.00015616184116, 0.017350044371],
      [0.0012554231187, 0, 0.00023139903517, 0.0408241108, 0.85061442309, 0.10707464396],
      [0.030689952575, 0.00026296740674, 0.0052669241488, 0.79580898558, 0.054382355921, 0.11358881437],
      [8.7803710114e-06, 0, 1.9066874028e-06, 0.0013445375214, 3.686645849e-05, 0.99860790896]
    ],
    [
      [0.052283935524, 7.7260495192e-05, 1.3323246458e-05, 0.35725477756, 0.17372539627, 0.4166453069],
      [0.25301855501, 0.55942932135, 0.043059952132, 0.14195369201, 0, 0.0025384795065],
      [0.08112975855, 0.06264711285, 0.73754004352, 0.10045213372, 0.00017685192045, 0.018054099442],
      [0.0025714210061, 0.00043357319124, 0, 0.052998289201, 0.84739380297, 0.096602913629],
      [0.030707106556, 0.005826656762, 0.0029688191341, 0.83248515892, 0.044008110115, 0.084004148511],
      [2.137118683e-05, 3.6801708071e-06, 0, 0.0018626267245, 4.0335059506e-05, 0.99807198686]
    ],
    [
      [0.020786528588, 1.8372855176e-05, 7.3877454111e-06, 0.23068494022, 0.22553115792, 0.52297161267],
      [0.17318785534, 0.61269751423, 0.049646789669, 0.15880443871, 7.8685833438e-06, 0.0056555334688],
      [0.05145402782, 0.064180253672, 0.74417024652, 0.10370732137, 0.00039428422443, 0.036093866395],
      [0, 0, 0, 0.028346046492, 0.87443089782, 0.097223055687],
      [0.015700801969, 0.0042985142235, 0.0028708092658, 0.74957588475, 0.080095173165, 0.14745881662],
      [3.7464565724e-06, 6.4748360629e-10, 8.3032993172e-08, 0.00096712623787, 5.045659122e-05, 0.99897858703]
    ],
    [
      [0.03265311287, 8.861756146e-05, 6.7710861052e-05, 0.31507651524, 0.18380949501, 0.46830454846],
      [0.23885157007, 0.53169778635, 0.034613454469, 0.19019290791, 2.6945737815e-05, 0.0046173354631],
      [0.088025934976, 0.069284099319, 0.65260979222, 0.15404096065, 0.00041944178267, 0.035619771051],
      [0.001363623341, 0.00048932350457, 0.00047787788053, 0.042448986547, 0.84958124513, 0.10563894359],
      [0.020535699269, 0.004208692921, 0.0024242606221, 0.81382808338, 0.052160380022, 0.10684288379],
      [6.5293858336e-06, 7.0941318672e-10, 7.341007978e-08, 0.0014743738572, 4.6074953687e-05, 0.99847294768]
    ],
    [
      [0.036291418135, 0.00011394178225, 8.5036479278e-05, 0.30912166992, 0.20207997268, 0.452307961],
      [0.14393382804, 0.67011131066, 0.079471412396, 0.10406105232, 0, 0.0024223965797],
      [0.032104392718, 0.05364680177, 0.85200717849, 0.050597064338, 0.00010454690554, 0.011540015779],
      [0.00063089047043, 0.00034219876731, 0.00028415745694, 0.040920936751, 0.86429158258, 0.093530233972],
      [0.022192375171, 0.009422497342, 0.0088017211594, 0.79902552311, 0.058090020025, 0.10246786319],
      [7.5760979512e-06, 1.7638609403e-09, 3.2153428528e-07, 0.001505141647, 5.2614573614e-05, 0.99843434438]
    ],
    [
      [0.055452862954, 0.00010325117774, 7.8547941627e-05, 0.3293049306, 0.19675428846, 0.41830611887],
      [0.1859451899, 0.64104024888, 0.080106261919, 0.091298884036, 0, 0.0016094152614],
      [0.039816457017, 0.048024491395, 0.8614217205, 0.042585559872, 4.7244495749e-05, 0.0081045267181],
      [0.0032372589401, 0.00024153588282, 0.00019381679748, 0.044288273301, 0.86520232372, 0.086836791355],
      [0.033812941573, 0.0096407974529, 0.0097387254676, 0.80584353221, 0.053122491127, 0.087841512166],
      [1.232280666e-05, 2.0756624233e-09, 4.096020978e-07, 0.0017169090625, 5.5032156869e-05, 0.9982153243]
    ],
    [
      [0.024138692211, 8.9841709556e-05, 4.630385036e-05, 0.27527323089, 0.18100969354, 0.5194422378],
      [0.11656785858, 0.73814330375, 0.029412262015, 0.11241051861, 8.207709975e-05, 0.0033839799462],
      [0.055240756548, 0.12497394529, 0.66906594251, 0.11633085233, 0.00046074750092, 0.033927755816],
      [0, 0, 0, 0.040073001234, 0.84343442531, 0.11649257345],
      [0.013592474436, 0.0094083027687, 0.003495088341, 0.78635534584, 0.057632488706, 0.12951629991],
      [4.4199252171e-06, 1.3860058152e-09, 8.5498811496e-08, 0.0011667441936, 4.1008384095e-05, 0.99878774061]
    ],
    [
      [0.050470712593, 0.0002711117209, 0.00025857246418, 0.36257509507, 0.17256509967, 0.41385940848],
      [0.12512662415, 0.70608677109, 0.092146739577, 0.07598768015, 0, 0.00065218502831],
      [0.024561797474, 0.049785732773, 0.88778365861, 0.032961995158, 0, 0.0049068159882],
      [0.0012998248337, 0.0010631971719, 0.0011539027903, 0.055244038489, 0.84650108358, 0.09473795314],
      [0.027123550356, 0.01478935536, 0.01554274344, 0.8216523491, 0.042602875625, 0.07828912612],
      [1.1397402338e-05, 3.1623458098e-09, 6.4046033448e-07, 0.0019124226872, 4.8723249994e-05, 0.99802681304]
    ],
    [
      [0.049041524946, 0.0001333996942, 7.3316468545e-05, 0.30119655658, 0.17344772601, 0.4761074763],
      [0.12719511471, 0.76224094205, 0.043830109555, 0.064968439496, 0, 0.0017653941872],
      [0.046183301129, 0.097726873658, 0.79182038628, 0.051530255502, 3.4732432418e-05, 0.012704450999],
      [0.0022932999543, 0, 0.00042481189103, 0.044035471464, 0.84232012247, 0.11092629422],
      [0.031844591468, 0.015507880498, 0.0077825661237, 0.78637584643, 0.049605747734, 0.10888336774],
      [1.5746328502e-05, 0, 3.8007361207e-06, 0.0013776544233, 3.6208166793e-05, 0.99856659035]
    ],
    [
      [0.070968999979, 0.00011415349894, 9.139731728e-05, 0.32446375169, 0.14950180746, 0.45485989005],
      [0.20924424631, 0.64260460585, 0.066898887012, 0.079503633082, 0, 0.0017486277504],
      [0.051502595911, 0.056335209379, 0.83988930583, 0.042972085004, 0, 0.0093008038801],
      [0.0027385213029, 0.00016875522564, 0.00039050857629, 0.054850003349, 0.82237685752, 0.11947535402],
      [0.042321306071, 0.011164217599, 0.0096274102491, 0.79966299133, 0.039766691672, 0.097457383082],
      [1.4528785429e-05, 2.2093859e-09, 3.5837523972e-07, 0.0015578703439, 3.8511945708e-05, 0.99838872834]
    ],
    [
      [0.046060124494, 3.6571010063e-05, 8.5075178358e-05, 0.31691544115, 0.14576839303, 0.49113439513],
      [0.18688951945, 0.60326809793, 0.10354695982, 0.10361194245, 0, 0.0026834803481],
      [0.029367664605, 0.033696994895, 0.89265508221, 0.035740209995, 0, 0.0085400482911],
      [0.0030656448795, 0, 0.0002534177578, 0.052633092952, 0.81441485303, 0.12963299138],
      [0.030655801774, 0.0064924233231, 0.010875515895, 0.80461969244, 0.039647171184, 0.10770939539],
      [2.5282989385e-05, 0, 3.3611737564e-06, 0.0013840906026, 1.9439325959e-05, 0.99856782591]
    ],
    [
      [0.03467390934, 0.00010577380532, 1.8266080132e-05, 0.24488310801, 0.18126063161, 0.53905831115],
      [0.17509298053, 0.64955139699, 0.066805349174, 0.1049241186, 0.00011120455824, 0.0035149501537],
      [0.041245715148, 0.051547154875, 0.83475293332, 0.053941514434, 0.00026691270944, 0.018245769514],
      [0.0020420605281, 0.00028292142703, 0, 0.03511030318, 0.84326777336, 0.11929694151],
      [0.026674884516, 0.0077661004161, 0.0063161026783, 0.75331937435, 0.062548852013, 0.14337468603],
      [1.2944120507e-05, 1.5808343162e-06, 0, 0.001000791395, 4.0834881489e-05, 0.99894384877]
    ],
    [
      [0.030438188625, 0, 0, 0.26358711666, 0.18611454119, 0.51986015352],
      [0.21633265921, 0.56153351512, 0.057712069807, 0.15937091567, 0.00014883905755, 0.0049020011328],
      [0.057170444442, 0.052780123328, 0.76946468576, 0.092005544481, 0.00040598371279, 0.028173218279],
      [0.00044847506315, 0, 0, 0.037754067051, 0.84735880156, 0.11443865633],
      [0.022059173464, 0.0038507621633, 0.0037645350419, 0.77500996798, 0.06141137638, 0.13390418497],
      [3.7599501231e-06, 0, 0, 0.0011233498779, 4.2433239776e-05, 0.99883045693]
    ],
    [
      [0.093988034799, 0.00032397355986, 0.00058526859627, 0.2359504962, 0.074635271153, 0.59451695569],
      [0.25067014688, 0.60696978945, 0.0907182822, 0.051559947597, 8.1833874878e-05, 0],
      [0.049828354392, 0.049579651597, 0.87598716864, 0.021070666321, 0.00021017782142, 0.0033239812256],
      [0.0040894517483, 0.0010277439142, 0.0021449830513, 0.06230452419, 0.6876638947, 0.2427694024],
      [0.066486663173, 0.016824841957, 0.021907247637, 0.71908144891, 0.025348472877, 0.15035132545],
      [0, 3.4883513917e-05, 8.2019398212e-05, 0.00082729495084, 1.6181542963e-05, 0.99903962059]
    ],
    [
      [0.16561324094, 0.00074844877209, 0.0014288099604, 0.28965642962, 0.087976857707, 0.45457621301],
      [0.20546360927, 0.68624630354, 0.076387804473, 0.031502997887, 0.00039928482075, 0],
      [0.041471540295, 0.066846181643, 0.87089865759, 0.018284289204, 0.00096035872317, 0.0015389725471],
      [0, 0.0024426748768, 0.0070540573543, 0.074903809362, 0.73633360427, 0.17926585413],
      [0.086884001579, 0.032734898454, 0.033686405782, 0.72483882573, 0.025538082759, 0.096317785694],
      [3.4390659236e-05, 5.6669054532e-09, 9.1577956459e-07, 0.0013952302714, 2.2735827274e-05, 0.9985467218]
    ],
    [
      [0.12498257404, 0.00042005860513, 0.00041835075685, 0.32885915299, 0.11548081464, 0.42983904897],
      [0.20310307553, 0.67979316768, 0.070102674743, 0.047001082049, 0, 0],
      [0.050874440115, 0.067916368677, 0.84930017381, 0.027888985544, 0, 0.0040200318562],
      [0.0015481423794, 0.0021454455749, 0.0028261299151, 0.069410868848, 0.78576355228, 0.138305861],
      [0.065667622227, 0.023821062613, 0.020613932492, 0.77526964087, 0.02837908375, 0.08624865805],
      [2.7292412661e-05, 4.5694238869e-09, 6.9405802057e-07, 0.0016750671123, 3.1557366568e-05, 0.99826538448]
    ],
    [
      [0.048003853592, 0.00012313871302, 9.2859639705e-05, 0.24861057951, 0.27488511076, 0.42828445778],
      [0.17920440294, 0.66704934468, 0.072930375233, 0.07903708316, 0, 0.0017787939893],
      [0.045230598436, 0.060419410745, 0.84106191342, 0.04245731626, 0, 0.010830761134],
      [0.00165761102, 0.00029124841891, 0.00029350092671, 0.024812633071, 0.90610303206, 0.066841974499],
      [0.035867166034, 0.0117677238, 0.010123397953, 0.74126462102, 0.090256732251, 0.11072035895],
      [1.0515901899e-05, 1.9987071048e-09, 3.315875379e-07, 0.0012739812413, 7.4902956418e-05, 0.99864026631]
    ],
    [
      [0.026645348422, 9.9996513158e-05, 3.3420753056e-05, 0.34179855636, 0.13976587948, 0.49165679847],
      [0.12628536672, 0.68192278116, 0.053185727833, 0.13535274313, 0.00024765612859, 0.0030057250233],
      [0.037588581884, 0.072311284406, 0.78164869575, 0.088426190463, 0.00041760161609, 0.019607645879],
      [0, 0, 0, 0.060587357685, 0.80376335672, 0.13564928559],
      [0.013118306036, 0.0086212254304, 0.004550401785, 0.83120328796, 0.038681031471, 0.10382574732],
      [5.1086384852e-06, 1.3546790898e-09, 1.6537931703e-07, 0.0015234602059, 3.3438473904e-05, 0.99843782595]
    ],
    [
      [0.033270915348, 0.00020376699326, 0.00027365038509, 0.2770171507, 0.19074029818, 0.4984942184],
      [0.11351517467, 0.70967623082, 0.095403245714, 0.078936885159, 0, 0.0024684636333],
      [0.018803518744, 0.052061300535, 0.88658952665, 0.032399752931, 0, 0.010145901142],
      [0, 5.7379849507e-05, 0.0025424864405, 0.035939150072, 0.8570762219, 0.10438476174],
      [0.016860181379, 0.015093224953, 0.017297076183, 0.7717381227, 0.058444074936, 0.12056731985],
      [6.2501691197e-06, 1.9154429532e-09, 3.9424648527e-07, 0.0012065700925, 4.4220795789e-05, 0.99874256278]
    ],
    [
      [0.03131991691, 7.5071186268e-05, 2.5152877179e-06, 0.30101006948, 0.22187712345, 0.44571530369],
      [0.18052200282, 0.64849855823, 0.023850229226, 0.14360023526, 9.311824459e-05, 0.0034358562212],
      [0.09070813055, 0.11534716377, 0.5988499039, 0.15817167111, 0.00068413642215, 0.036238994244],
      [0.0011713586944, 0.00051440329241, 0, 0.03523058846, 0.87784379412, 0.085239855437],
      [0.020819712372, 0.0065887671165, 0.0013633897244, 0.80165348386, 0.06564045359, 0.10393419333],
      [1.2358950081e-05, 6.5920537505e-06, 0, 0.0014580102179, 5.5104448915e-05, 0.99846793433]
    ],
    [
      [0.026539415774, 3.6692082932e-05, 3.3564899969e-05, 0.26288591692, 0.22714636393, 0.48335804639],
      [0.20880223827, 0.57007261361, 0.045725870627, 0.17030513602, 9.0384780281e-05, 0.0050037566983],
      [0.065779879006, 0.063206887981, 0.71944303341, 0.11754736393, 0.00045843353197, 0.03356440214],
      [0.0010689368681, 3.5916267986e-05, 0.00022667364939, 0.02996812419, 0.87752862274, 0.091171726284],
      [0.019001607715, 0.0043476203062, 0.0029806943892, 0.77515222348, 0.073863928313, 0.12465392579],
      [5.1528223831e-06, 6.8632291586e-10, 8.7452740922e-08, 0.0011923884819, 5.513054459e-05, 0.99874724001]
    ],
    [
      [0.022665031282, 0.00013088555749, 6.212539203e-05, 0.30836489152, 0.18786975248, 0.48090731377],
      [0.10610486453, 0.70467565555, 0.064809358571, 0.1210932183, 0, 0.0033169030458],
      [0.026621673753, 0.064474163052, 0.82355332499, 0.068447316786, 9.1624587879e-05, 0.016811896833],
      [0, 0, 0, 0.042520897507, 0.85165864678, 0.10582045572],
      [0.0066310474961, 0.010481556899, 0.0068824534634, 0.81068783706, 0.054105306764, 0.11121179831],
      [4.4671543088e-06, 1.4388205696e-09, 2.0721478421e-07, 0.0014034327119, 4.5758782401e-05, 0.9985461327]
    ],
    [
      [0.038763312049, 8.3137674541e-05, 3.7158010692e-05, 0.34342609373, 0.16822068798, 0.44946961055],
      [0.20371273928, 0.60024328259, 0.042735570793, 0.15012156983, 0, 0.0031868375024],
      [0.070690014456, 0.073178272643, 0.71959641751, 0.11318917088, 5.1899742094e-05, 0.023294224767],
      [0.0022712014665, 0.00050471958274, 0.00023764369408, 0.050699517306, 0.83799421254, 0.10829270541],
      [0.023394104217, 0.0060524364089, 0.0034604859526, 0.82747821104, 0.044295086275, 0.095319676107],
      [8.0537040329e-06, 1.160955808e-09, 1.3094111868e-07, 0.0016702678944, 4.3873507529e-05, 0.99827767279]
    ],
    [
      [0.068430469065, 0.0005088079035, 0.00079844112569, 0.3232939759, 0.13959993226, 0.46736837375],
      [0.33638343724, 0.47385983426, 0.052582721825, 0.13367181583, 0, 0.0035021908434],
      [0.096630448124, 0.055560969947, 0.7357735372, 0.090933392296, 0, 0.021101652429],
      [0, 0, 0.0023171445342, 0.058228714318, 0.80976543701, 0.12968870413],
      [0.029055068498, 0.0099310433912, 0.010689206664, 0.80952492967, 0.037869901597, 0.10292985018],
      [0, 0, 1.6243041299e-06, 0.0015231915919, 2.6231836432e-05, 0.99844895227]
    ],
    [
      [0.047353855324, 5.6441929469e-05, 4.5495943399e-06, 0.30022887665, 0.19452151603, 0.45783476048],
      [0.19588473364, 0.62208202916, 0.073915425712, 0.1053692584, 0, 0.0027485530885],
      [0.047956617406, 0.053634025931, 0.83015843225, 0.054734639659, 0, 0.013516284754],
      [0.0017541478647, 0, 0, 0.040350002854, 0.86108492709, 0.096810922186],
      [0.031268987713, 0.0081567210629, 0.0070275862754, 0.79116029745, 0.056740811618, 0.10564559588],
      [9.6832711386e-06, 1.5693312155e-09, 2.8584188851e-07, 0.0014360533805, 4.9673519272e-05, 0.99850430242]
    ],
    [
      [0.075030702651, 0.00017541623787, 0.00016839870012, 0.34746900199, 0.14823454026, 0.42892194016],
      [0.20892652378, 0.63122445411, 0.075717336251, 0.083201361148, 0, 0.00093032470629],
      [0.04941637473, 0.055144585056, 0.84420164005, 0.043947464901, 0, 0.0072899352624],
      [0.0025635777937, 0.00039128386098, 0.00048132355157, 0.059611604326, 0.8244099225, 0.11254228796],
      [0.042997022861, 0.011812232086, 0.011333149222, 0.81175793161, 0.036241571833, 0.085858092387],
      [1.7256054681e-05, 4.0283686364e-06, 6.4745861851e-06, 0.001777807103, 3.0594058779e-05, 0.99816383983]
    ],
    [
      [0.10192884701, 0.00032121436749, 0.00034743238407, 0.31607522776, 0.16249893456, 0.41882834391],
      [0.21024606052, 0.67667515115, 0.056260906602, 0.056144336279, 0, 0.00067354544865],
      [0.063878098151, 0.078859568321, 0.81115970943, 0.039054977914, 0, 0.007047646187],
      [0.00093821057483, 0.0010813016952, 0.0017123244375, 0.050471051977, 0.84305057973, 0.10274653158],
      [0.056665991562, 0.018664708534, 0.013658543428, 0.77801726686, 0.044165696928, 0.088827792692],
      [0, 1.1109760912e-05, 1.9793414582e-05, 0.0016536937607, 4.0754529612e-05, 0.99827464853]
    ],
    [
      [0.088045861666, 0.00060739772668, 0.00041531608614, 0.23832417314, 0.18557160324, 0.48703564814],
      [0.28698904647, 0.57393521922, 0.070011383586, 0.06612468399, 0.00016387569565, 0.0027757910372],
      [0.06844458233, 0.055443127973, 0.82626348394, 0.037077177159, 0.00030808533313, 0.012463543266],
      [0, 0, 0.00062739104424, 0.034326244299, 0.85671909159, 0.10832727307],
      [0.052314177015, 0.017827081825, 0.014459468247, 0.72296334108, 0.062860143385, 0.12957578845],
      [1.7177480938e-05, 1.7253258838e-09, 3.1584043292e-07, 0.0010735035334, 4.4675670623e-05, 0.99886432575]
    ],
    [
      [0.033745706468, 6.0604781744e-05, 0, 0.3182535864, 0.21151943221, 0.43642067014],
      [0.17852336883, 0.61783320421, 0.05930057026, 0.14121900357, 9.2581417548e-05, 0.003031271715],
      [0.048694758118, 0.059558751643, 0.7897081426, 0.083894388744, 0.00030020998815, 0.01784374891],
      [0.0011383464555, 6.7528652967e-05, 0, 0.040271193298, 0.87179323289, 0.086729698704],
      [0.021610196761, 0.0061354372325, 0.0038895677746, 0.81123568319, 0.060017739014, 0.097111376028],
      [7.2553814729e-06, 1.2375955179e-09, 1.861384396e-07, 0.0015999997604, 5.6926256603e-05, 0.99833563123]
    ],
    [
      [0.16342834407, 0.0012262649467, 0.00089397401613, 0.31362414313, 0.13578119187, 0.38504608197],
      [0.35124994023, 0.52476353531, 0.059811219221, 0.06251164979, 0.00013461617528, 0.0015290392809],
      [0.090601502673, 0.058810013282, 0.79961189473, 0.043302473742, 0.00022624568242, 0.0074478698875],
      [0, 0, 0, 0.063034812753, 0.82467398716, 0.11229120009],
      [0.054015049149, 0.02537607412, 0.020282169298, 0.78008699772, 0.037258784427, 0.08298092529],
      [4.0500290513e-05, 2.9713796471e-09, 5.0128306891e-07, 0.0017677230156, 4.1286675524e-05, 0.99814998576]
    ],
    [
      [0.24823175582, 0.002168690715, 0.00033120518762, 0.26637586447, 0.071939195379, 0.41095328842],
      [0.26969036659, 0.65018499563, 0.026251627635, 0.047739156634, 0.0060576635285, 7.6189987852e-05],
      [0.204928077, 0.14517470789, 0.5919763843, 0.046147932327, 0.0021451849796, 0.0096277135025],
      [0, 0, 0, 0.088255037642, 0.72046787634, 0.19127708602],
      [0.11534341989, 0.046053356229, 0.0093089086325, 0.71061113567, 0.026843869664, 0.091839309918],
      [5.5806166922e-05, 4.9434416892e-09, 2.4103849343e-07, 0.0013854550789, 2.0268373749e-05, 0.9985382244]
    ],
    [
      [0.25703561228, 0.0018219403726, 0.00063150789497, 0.18559924485, 0.14516061791, 0.4097510767],
      [0.48974593356, 0.3913792265, 0.037193853278, 0.067178816682, 0.0044962392082, 0.010005930764],
      [0.27727065659, 0.084409624547, 0.56594750974, 0.053209710138, 0.0018769524835, 0.017285546499],
      [0, 0, 0, 0.031235745187, 0.84929709933, 0.11946715548],
      [0.033371708491, 0.086183568309, 0.031385625354, 0.66345978097, 0.058404581744, 0.12719473513],
      [5.9098719828e-05, 1.7929735008e-09, 1.7179608499e-07, 0.00098117447172, 4.1247487197e-05, 0.99891830573]
    ],
    [
      [0.014332818619, 1.3713564744e-06, 0.00023004222984, 0.23986095351, 0.25998610202, 0.48558871226],
      [0.2073903602, 0.45579799199, 0.041903889923, 0.28543225693, 0.00047908037016, 0.0089964205974],
