{
  "Z_true": {},
  "V_true": [
    [319, 186, 18127, 1726],
    [148, 2953, 282, 460],
    [29, 248, 267, 627],
    [396, 226, 957, 1295]
  ],
  "p_true": [
    [0.0157, 0.0091, 0.8904, 0.0848],
    [0.0385, 0.7684, 0.0734, 0.1197],
    [0.0248, 0.2118, 0.228, 0.5354],
    [0.1378, 0.0786, 0.333, 0.4506]
  ],
  "Z_est": [
    [
      [0, 29.2161, 13.4928, 28.3836, 7.1754, 11.9383, 28.9524, 31.0945, 14.7431, 19.1527, 40.675, 32.5412, 7.2465, 25.0659, 7.8177, 20.9718, 16.8279, 22.578, 20.804, 19.9035, 26.3862, 19.7784, 10.5529, 4.107, 13.2411, 12.4928, 8.092, 22.509, 1.1886, 28.3836, 10.6326, 90.579, 2.8858],
      [1.0756, 0.1941, 0.4239, 14.7377, 11.3426, 8.0961, 0.1681, 0.1261, 14.1151, 5.1112, 0.018, 0.0861, 0.5427, 0.052, 0.1916, 0.012, 0.1861, 1.8479, 0.0781, 3.3826, 4.7074, 0.05, 0.1441, 0.1021, 0.4503, 0.2502, 5.9206, 0.4003, 0.054, 0.3903, 0.2671, 0.5464, 0.3281],
      [13.9483, 742.1006, 283.5443, 758.3193, 416.5352, 460.3188, 821.0853, 825.7608, 631.9559, 650.6786, 828.6815, 788.5023, 226.4478, 874.7954, 230.3105, 730.2138, 528.0888, 533.5157, 729.4925, 880.4268, 650.5578, 611.2636, 520.9854, 237.538, 366.3282, 342.0576, 433.8311, 722.733, 147.2183, 776.9303, 260.2107, 2110.4961, 76.6186],
      [5.9761, 36.4892, 1.5391, 14.5594, 21.9468, 17.6468, 12.7942, 15.0185, 15.186, 9.0574, 5.6255, 13.8704, 5.7629, 10.0867, 8.6803, 7.8024, 12.8971, 7.0584, 5.6255, 23.2871, 14.3485, 23.908, 11.3176, 4.2529, 3.9803, 7.1994, 6.1562, 24.3577, 1.5391, 10.2957, 7.8896, 54.3784, 1.1676]
    ],
    [
      [0, 3.5679, 0, 0, 0, 0, 0.7219, 3.7681, 0, 0, 18.0636, 3.8841, 0, 0, 0, 0, 0, 0, 0, 0, 0, 0, 0, 0, 0.1157, 0, 0, 0, 0, 0.3486, 0.1148, 0, 0],
      [5.8205, 92.6962, 26.3899, 356.3575, 342.9814, 418.0503, 80.273, 60.2047, 94.0973, 49.4738, 8.6007, 41.0921, 15.737, 24.8464, 5.5542, 5.7338, 88.8737, 123.6019, 37.2696, 34.9227, 108.2932, 23.8908, 68.8054, 48.7372, 208.5714, 119.4539, 142.721, 192.0969, 25.802, 186.8404, 56.3822, 260.8872, 23.6127],
      [0, 0, 0.0747, 0, 2.8277, 11.3922, 8.7089, 4.4009, 0, 0, 13.8037, 0, 0, 5.2883, 0, 17.4454, 1.4383, 0, 0.2432, 0, 0, 0, 4.6199, 1.2242, 0, 9.1637, 0.7834, 1.4548, 1.2265, 5.5887, 0.5254, 3.1505, 0.3441],
      [0.1795, 14.7359, 2.5355, 26.6425, 25.1908, 28.5575, 13.2962, 10.6263, 2.9027, 1.5262, 7.532, 9.0238, 1.263, 7.8653, 0.4458, 6.8208, 18.688, 5.3981, 4.4872, 1.0773, 7.7068, 8.1092, 10.5746, 5.0387, 4.3129, 13.3824, 10.4956, 25.4483, 1.9715, 18.2222, 5.9776, 37.9622, 2.0432]
    ],
    [
      [0, 0.835, 0.4454, 2.3103, 2.2824, 2.5329, 1.002, 0.7237, 1.1691, 0.9185, 0.7794, 0.835, 0.0278, 0.6402, 0.2505, 0.6959, 0.7237, 1.4196, 0.7515, 0.9185, 1.5031, 0.3618, 0.501, 0.501, 1.002, 1.1412, 1.1412, 1.4196, 0.2783, 2.5051, 0.5567, 2.2268, 0.1948],
      [0, 3.8647, 1.1156, 15.4589, 14.7417, 18.8536, 3.3468, 2.5101, 4.5022, 2.271, 0.3586, 1.7132, 0.5, 1.0359, 0.2391, 0.2391, 3.7053, 5.2194, 1.5539, 1.5937, 4.7014, 0.9961, 2.8687, 2.032, 9.2944, 5.2959, 6.9645, 7.5028, 1.0757, 7.7693, 2.3507, 10.877, 0.9961],
      [0, 4.0071, 6.2155, 11.5832, 13.5052, 15.289, 6.2058, 3.4729, 7.0441, 5.8869, 7.125, 4.425, 0.1336, 3.0721, 1.6895, 5.6341, 3.4729, 11.388, 5.283, 7.2193, 8.9966, 1.7364, 2.4043, 3.6635, 6.2573, 11.7787, 7.7879, 6.8121, 2.454, 30.4809, 3.2639, 10.6857, 1.3102],
      [0, 21.2931, 8.2235, 53.6477, 51.4707, 54.3245, 25.4454, 19.2934, 29.2846, 23.9235, 19.7371, 23.0268, 0.3386, 18.2518, 6.8209, 18.431, 18.0981, 32.9731, 19.4116, 23.2685, 38.7989, 9.9057, 12.226, 11.8035, 19.4463, 22.7842, 25.1064, 35.2655, 6.1919, 49.2447, 13.8287, 56.2105, 4.4989]
    ],
    [
      [0, 8.381, 5.0618, 8.3061, 3.5422, 4.5287, 7.3236, 8.4137, 4.0879, 4.9287, 13.482, 8.7397, 1.7257, 6.2939, 1.9318, 5.3323, 4.4484, 6.0025, 5.4445, 5.178, 7.1107, 4.8597, 2.9461, 1.392, 3.6412, 3.366, 2.7667, 6.0715, 0.533, 7.7626, 2.6959, 22.1942, 0.9194],
      [0.1039, 0.2449, 0.0707, 1.446, 0.9343, 0, 0.2121, 0.1591, 0.2853, 0.1439, 0.0227, 0.1086, 0.2202, 0.0657, 0.0152, 0.0152, 0.2348, 0.3308, 0.0985, 0.101, 0.298, 0.0631, 0.1818, 0.1288, 6.6839, 0, 0.3939, 0, 0.0682, 0, 0, 0.6894, 0.0631],
      [0.0517, 2.8922, 12.1655, 8.0975, 1.1318, 0, 0, 3.3654, 0, 2.4345, 10.3898, 2.0727, 1.4186, 5.8442, 0, 5.7068, 0, 5.0963, 11.9814, 0.3539, 2.4456, 0, 1.9904, 2.5743, 6.4145, 0, 4.5976, 0, 2.1013, 0, 0, 2.6676, 11.7271],
      [9.8443, 124.4818, 16.702, 169.1504, 146.3917, 142.4713, 85.4643, 88.0618, 71.6268, 66.4929, 73.1055, 87.0791, 17.6355, 80.7962, 23.053, 69.9458, 73.3168, 87.5704, 76.4756, 77.3671, 118.1458, 61.0772, 57.8817, 37.9049, 47.2605, 48.634, 74.2418, 100.9285, 19.2975, 116.2374, 31.3041, 259.4488, 14.2904]
    ]
  ],
  "V_est": [
    [649.4096, 75.3987, 19211.491, 421.7008],
    [30.5846, 3378.6711, 93.7047, 340.0396],
    [32.5942, 145.547, 220.2838, 772.575],
    [179.4116, 13.3832, 107.5205, 2573.6847]
  ],
  "p_est": [
    [0.0319, 0.0037, 0.9437, 0.0207],
    [0.008, 0.8792, 0.0244, 0.0885],
    [0.0278, 0.1243, 0.1881, 0.6598],
    [0.0624, 0.0047, 0.0374, 0.8955]
  ],
  "EI_Z": {},
  "EI_V": 11.5713,
  "MAE_Z": {},
  "MAE_V": 408.5532,
  "MAE_p": 0.0941,
  "runtime": 0.962
}
