{
  "X": [
    [14, 46, 93, 142, 38],
    [8, 10, 12, 98, 3],
    [14, 25, 67, 166, 24],
    [0, 1, 3, 3, 0],
    [9, 18, 35, 98, 10],
    [6, 6, 14, 43, 16],
    [29, 52, 124, 368, 44],
    [11, 28, 76, 124, 34],
    [43, 76, 225, 520, 56],
    [8, 14, 16, 35, 8],
    [1, 2, 3, 0, 2],
    [6, 5, 24, 24, 10],
    [12, 17, 25, 92, 12],
    [3, 7, 10, 12, 10],
    [16, 10, 17, 147, 8],
    [19, 53, 95, 185, 30],
    [10, 24, 32, 111, 7],
    [15, 29, 103, 149, 29],
    [24, 29, 117, 174, 47],
    [14, 14, 28, 92, 10],
    [28, 34, 149, 267, 38],
    [70, 48, 211, 381, 89],
    [32, 106, 128, 290, 25],
    [0, 1, 5, 20, 0],
    [3, 5, 22, 20, 2],
    [21, 30, 119, 188, 43],
    [48, 212, 289, 1026, 75],
    [26, 79, 102, 379, 31],
    [43, 101, 167, 643, 25],
    [5, 45, 32, 40, 12],
    [0, 13, 9, 26, 1],
    [1, 4, 8, 10, 4],
    [47, 159, 201, 572, 36],
    [32, 57, 122, 395, 32],
    [51, 86, 177, 436, 52],
    [8, 4, 8, 75, 10],
    [6, 4, 10, 56, 9],
    [4, 12, 24, 51, 13],
    [0, 0, 2, 2, 5],
    [0, 3, 2, 20, 2],
    [87, 73, 139, 355, 29],
    [0, 1, 2, 6, 0],
    [1, 3, 6, 13, 4],
    [7, 8, 79, 37, 33],
    [0, 6, 15, 31, 1],
    [3, 15, 24, 73, 10],
    [8, 18, 40, 105, 12],
    [0, 0, 0, 21, 1],
    [17, 31, 61, 199, 16],
    [3, 1, 0, 15, 0],
    [7, 55, 60, 87, 33],
    [15, 71, 67, 194, 18],
    [7, 11, 19, 41, 1],
    [8, 12, 22, 40, 7],
    [2, 2, 6, 2, 2],
    [36, 109, 160, 668, 56],
    [9, 30, 31, 114, 6],
    [2, 8, 5, 25, 13],
    [4, 20, 33, 102, 14],
    [0, 3, 14, 8, 3],
    [36, 37, 95, 364, 19],
    [0, 4, 1, 3, 5],
    [6, 45, 58, 29, 9],
    [0, 2, 4, 8, 2],
    [21, 26, 36, 179, 14],
    [2, 4, 10, 17, 7],
    [12, 20, 65, 199, 12],
    [3, 10, 12, 35, 4],
    [2, 7, 9, 4, 7],
    [3, 60, 54, 66, 27],
    [1, 6, 10, 3, 8],
    [4, 5, 8, 66, 6],
    [21, 29, 83, 258, 33],
    [24, 107, 133, 352, 30],
    [7, 9, 29, 23, 11],
    [33, 81, 134, 310, 53],
    [6, 5, 7, 40, 2],
    [6, 15, 12, 44, 7],
    [7, 8, 24, 106, 4],
    [9, 19, 13, 66, 10],
    [6, 3, 6, 37, 3],
    [6, 22, 14, 24, 4],
    [0, 6, 15, 5, 5],
    [0, 0, 4, 2, 5],
    [0, 7, 6, 9, 4],
    [1, 1, 5, 10, 5],
    [18, 37, 78, 195, 20],
    [1, 7, 10, 41, 3],
    [4, 10, 16, 49, 3],
    [13, 14, 21, 85, 7],
    [5, 23, 67, 174, 14],
    [8, 10, 26, 74, 3],
    [10, 5, 7, 62, 3],
    [5, 9, 21, 50, 6],
    [1, 4, 18, 71, 5],
    [3, 3, 8, 54, 1],
    [0, 3, 3, 9, 8],
    [9, 39, 32, 46, 17],
    [6, 28, 23, 126, 8],
    [1, 6, 12, 48, 5],
    [58, 130, 178, 743, 58],
    [2, 12, 24, 52, 6],
    [37, 96, 237, 580, 60],
    [6, 33, 36, 117, 4],
    [3, 13, 16, 43, 5],
    [5, 25, 40, 107, 11],
    [0, 12, 7, 7, 9],
    [0, 0, 3, 0, 1],
    [179, 361, 828, 2237, 243],
    [12, 18, 39, 110, 6],
    [17, 68, 137, 275, 40],
    [81, 339, 365, 874, 116],
    [3, 33, 38, 84, 15]
  ],
  "W": [
    [22, 37, 72, 139, 37, 26],
    [15, 6, 10, 81, 11, 8],
    [19, 22, 48, 148, 36, 23],
    [0, 1, 2, 3, 1, 0],
    [10, 31, 22, 78, 17, 12],
    [9, 5, 13, 40, 10, 8],
    [26, 58, 108, 300, 87, 38],
    [14, 19, 66, 100, 49, 25],
    [37, 63, 174, 452, 150, 44],
    [9, 14, 15, 31, 7, 5],
    [0, 3, 2, 1, 0, 2],
    [5, 9, 22, 19, 12, 2],
    [12, 14, 22, 86, 15, 9],
    [2, 3, 13, 14, 7, 3],
    [25, 4, 16, 126, 18, 9],
    [23, 53, 79, 166, 26, 35],
    [17, 20, 26, 87, 29, 5],
    [20, 22, 96, 109, 55, 23],
    [24, 31, 101, 141, 59, 35],
    [14, 10, 25, 88, 15, 6],
    [28, 38, 118, 231, 67, 34],
    [46, 53, 190, 339, 114, 57],
    [26, 109, 103, 277, 40, 26],
    [1, 1, 1, 18, 2, 3],
    [1, 7, 18, 18, 7, 1],
    [20, 34, 104, 166, 47, 30],
    [53, 238, 231, 954, 108, 66],
    [34, 81, 84, 343, 47, 28],
    [42, 114, 144, 573, 70, 36],
    [6, 42, 28, 36, 10, 12],
    [0, 12, 6, 26, 3, 2],
    [0, 4, 4, 11, 3, 5],
    [53, 150, 167, 534, 76, 35],
    [29, 58, 95, 364, 65, 27],
    [49, 89, 139, 399, 76, 50],
    [6, 5, 8, 67, 7, 12],
    [1, 3, 5, 56, 15, 5],
    [6, 17, 10, 50, 12, 9],
    [0, 0, 1, 2, 3, 3],
    [2, 3, 2, 17, 2, 1],
    [69, 73, 133, 299, 76, 33],
    [0, 0, 4, 5, 0, 0],
    [1, 5, 6, 10, 4, 1],
    [7, 8, 70, 29, 25, 25],
    [4, 12, 8, 23, 3, 3],
    [4, 20, 14, 66, 12, 9],
    [7, 20, 32, 94, 21, 9],
    [0, 2, 0, 18, 1, 1],
    [18, 23, 57, 176, 38, 12],
    [4, 0, 1, 12, 2, 0],
    [7, 56, 59, 80, 17, 23],
    [14, 65, 51, 188, 28, 19],
    [7, 16, 12, 37, 4, 3],
    [15, 18, 13, 29, 9, 5],
    [2, 1, 5, 1, 2, 3],
    [34, 105, 147, 610, 94, 39],
    [13, 25, 29, 92, 19, 12],
    [3, 4, 6, 25, 10, 5],
    [6, 19, 29, 93, 11, 15],
    [0, 2, 11, 6, 6, 3],
    [57, 43, 71, 301, 56, 23],
    [0, 3, 3, 3, 2, 2],
    [6, 48, 42, 25, 16, 10],
    [0, 1, 4, 7, 1, 3],
    [15, 33, 22, 163, 28, 15],
    [2, 5, 6, 10, 13, 4],
    [16, 23, 51, 177, 34, 7],
    [4, 6, 11, 34, 5, 4],
    [2, 8, 8, 4, 3, 4],
    [8, 46, 49, 57, 27, 23],
    [0, 4, 13, 4, 2, 5],
    [4, 5, 8, 57, 4, 11],
    [26, 22, 68, 231, 58, 19],
    [24, 99, 115, 323, 56, 29],
    [4, 16, 10, 21, 18, 10],
    [30, 79, 112, 289, 52, 49],
    [7, 7, 4, 39, 0, 3],
    [9, 16, 11, 37, 6, 5],
    [7, 13, 10, 97, 11, 11],
    [14, 14, 12, 47, 14, 16],
    [2, 2, 6, 33, 9, 3],
    [3, 8, 13, 32, 10, 4],
    [1, 8, 9, 5, 3, 5],
    [0, 0, 6, 0, 2, 3],
    [0, 3, 8, 9, 2, 4],
    [0, 4, 5, 10, 1, 2],
    [20, 37, 50, 164, 60, 17],
    [2, 7, 10, 35, 4, 4],
    [4, 8, 13, 48, 7, 2],
    [14, 10, 22, 72, 12, 10],
    [8, 24, 47, 141, 52, 11],
    [9, 11, 22, 61, 10, 8],
    [9, 6, 5, 59, 5, 3],
    [8, 10, 17, 40, 11, 5],
    [3, 5, 15, 64, 7, 5],
    [2, 8, 5, 46, 5, 3],
    [0, 5, 4, 6, 3, 5],
    [7, 27, 34, 44, 20, 11],
    [10, 32, 16, 109, 12, 12],
    [1, 6, 8, 46, 8, 3],
    [71, 140, 149, 675, 86, 46],
    [0, 14, 18, 45, 17, 2],
    [74, 88, 141, 543, 106, 58],
    [5, 33, 28, 103, 16, 11],
    [5, 10, 6, 40, 12, 7],
    [6, 13, 29, 104, 21, 15],
    [5, 8, 9, 5, 2, 6],
    [0, 0, 3, 0, 0, 1],
    [164, 382, 672, 2035, 372, 223],
    [16, 28, 20, 94, 17, 10],
    [15, 59, 128, 230, 69, 36],
    [82, 312, 348, 806, 127, 100],
    [3, 38, 38, 80, 1, 13]
  ],
  "method": "mvn_cdf",
  "mvncdf_method": "genz",
  "mvncdf_samples": 5000,
  "mvncdf_error": 0.001,
  "cond_prob": [
    [
      [0.39662247872, 0.096504475616, 0.11698587879, 0.33167206179, 0.058215105074],
      [0.0037711995569, 0.73575858896, 0.18407187756, 0.067555798457, 0.0088425354656],
      [0.01794673073, 0.089092284589, 0.70725234995, 0.039236494977, 0.14647213975],
      [0.014362518301, 0.054056499718, 0.064641623525, 0.86331129989, 0.003628058569],
      [0.042799831025, 0.025481718345, 0.48767182005, 0.20097191904, 0.24307471154],
      [0.010100872313, 0.068558162109, 0.21786303802, 0.074707337335, 0.62877059022]
    ],
    [
      [0.38018550349, 0.061122105136, 0.03480212958, 0.51882961699, 0.0050606448065],
      [0.00572578928, 0.75063533589, 0.086796821921, 0.1553146164, 0.0015274365102],
      [0.044020220465, 0.14316357851, 0.57273956975, 0.19176167637, 0.048314954908],
      [0.0083556306951, 0.022637480069, 0.011282997334, 0.95759253344, 0.00013135846319],
      [0.083458488478, 0.026429970626, 0.24601052263, 0.61077319708, 0.033327821185],
      [0.028476380971, 0.1279193825, 0.20121911179, 0.38556886334, 0.2568162614]
    ],
    [
      [0.41525104969, 0.054226105214, 0.081766402204, 0.4190603208, 0.029696122093],
      [0.006717865689, 0.65712941859, 0.19985846693, 0.12915610825, 0.0071381405369],
      [0.028642637893, 0.073262826613, 0.7169806964, 0.072671615218, 0.10844222388],
      [0.01382895024, 0.026217934687, 0.03550215848, 0.92208298381, 0.0023679727805],
      [0.059211813095, 0.018587587444, 0.43664704821, 0.32669484428, 0.15885870697],
      [0.01779480369, 0.062905810121, 0.24612458557, 0.15125591281, 0.52191888781]
    ],
    [
      ["NaN", "NaN", "NaN", "NaN", "NaN"],
      [0, 0.78595425198, 0.19286513007, 0.021180617953, 0],
      [0, 0.045962360796, 0.94708100345, 0.0069566357534, 0],
      [0, 0.025637252827, 0.053300658746, 0.92106208843, 0],
      [0, 0.04520926795, 0.75307088679, 0.20171984526, 0],
      ["NaN", "NaN", "NaN", "NaN", "NaN"]
    ],
    [
      [0.45805313301, 0.02025190193, 0.056642837714, 0.44757633688, 0.017475790467],
      [0.01452089618, 0.50619201193, 0.25432643744, 0.2169179551, 0.008042699355],
      [0.045354013098, 0.042117547663, 0.7009931722, 0.11991070353, 0.091624563504],
      [0.016435647712, 0.0073787516148, 0.026240061172, 0.9478880422, 0.0020574973019],
      [0.079341019012, 0.0095377147243, 0.36237930707, 0.43489989492, 0.11384206427],
      [0.028396229616, 0.036771565514, 0.24336910685, 0.23609825334, 0.45536484467]
    ],
    [
      [0.47440796397, 0.048006553983, 0.069105075358, 0.31397521978, 0.094505186906],
      [0.0077136002587, 0.67506365971, 0.17877152113, 0.11398783108, 0.024463387818],
      [0.058328881693, 0.082232171436, 0.52487271525, 0.050503244164, 0.28406298746],
      [0.0099037695235, 0.020335842818, 0.053535976493, 0.91302287927, 0.0032015318921],
      [0.047093609941, 0.012745066312, 0.28280928274, 0.20333051097, 0.45402153004],
      [0.0082997475741, 0.022840013884, 0.086414941354, 0.049190176475, 0.83325512071]
    ],
    [
      [0.43176710677, 0.036761789783, 0.049709412366, 0.4610678579, 0.020693833178],
      [0.010071903363, 0.60215334292, 0.16866013976, 0.21206260982, 0.0070520041381],
      [0.04590629899, 0.073618028578, 0.64785086646, 0.12088589969, 0.11173890629],
      [0.014364681414, 0.01552620294, 0.021059700209, 0.94709120288, 0.001958212554],
      [0.079765713385, 0.015076206422, 0.33208397429, 0.43490275424, 0.13817135166],
      [0.025867974981, 0.057870043398, 0.20389888865, 0.22876385987, 0.4835992331]
    ],
    [
      [0.37059247448, 0.071704204704, 0.080622508174, 0.43980200239, 0.037278810256],
      [0.0048131475912, 0.74265093272, 0.14951999925, 0.097072052503, 0.0059438679403],
      [0.024993261592, 0.097741556201, 0.66148633286, 0.080080458142, 0.13569839121],
      [0.011023876972, 0.034169250015, 0.035706717192, 0.9170417328, 0.0020584230173],
      [0.053552334834, 0.02398702558, 0.4035225165, 0.31682060956, 0.20211751353],
      [0.013769927358, 0.073701657932, 0.20116127614, 0.13938838332, 0.57197875525]
    ],
    [
      [0.44438258666, 0.051835525206, 0.068949693241, 0.41416161997, 0.020670574928],
      [0.0081203365359, 0.67105384423, 0.18231850042, 0.13320140421, 0.0053059146143],
      [0.036932134557, 0.081229514727, 0.69866332951, 0.095049188184, 0.088125833023],
      [0.015716831959, 0.025223296648, 0.031940693243, 0.92616931431, 0.00094986384352],
      [0.076244663641, 0.019855858688, 0.42366603546, 0.35065752233, 0.12957591989],
      [0.024531001992, 0.074828384787, 0.25927904147, 0.19360487355, 0.4477566982]
    ],
    [
      [0.60182950362, 0.051476853778, 0.049280253112, 0.26435905288, 0.033054336613],
      [0.0098844007216, 0.74699550986, 0.13823216702, 0.09620803993, 0.0086798824772],
      [0.051009559807, 0.096766923271, 0.61892554177, 0.064047397269, 0.16925057789],
      [0.027199978838, 0.037038832546, 0.033727869025, 0.89982229574, 0.0022110238464],
      [0.10234095038, 0.023839571578, 0.35753895384, 0.27576166349, 0.24051886071],
      [0.024084692723, 0.062437303799, 0.15780152812, 0.097664438694, 0.65801203667]
    ],
    [
      ["NaN", "NaN", "NaN", "NaN", "NaN"],
      [0.038562117849, 0.59051501129, 0.34466844916, 0, 0.026254421703],
      [0.11313306188, 0.029999525409, 0.68901477954, 0, 0.16785263317],
      [0.59628394298, 0.12386828629, 0.24026848485, 0, 0.039579285878],
      ["NaN", "NaN", "NaN", "NaN", "NaN"],
      [0.030881789854, 0.022293814515, 0.17384830429, 0, 0.77297609134]
    ],
    [
      [0.60177160774, 0.01509854708, 0.080109015781, 0.23953243465, 0.063488394756],
      [0.019591332457, 0.47109946156, 0.32022674617, 0.16879671039, 0.020285749429],
      [0.051331231836, 0.021554720155, 0.67670234599, 0.05425867588, 0.19615302614],
      [0.028367873786, 0.0072797670157, 0.050819814563, 0.91203180677, 0.0015007378644],
      [0.092108044894, 0.0033902620673, 0.39252182511, 0.22500706557, 0.28697280236],
      [0.020623364078, 0.015704774522, 0.077062107916, 0.03039372421, 0.85621602927]
    ],
    [
      [0.55916978675, 0.051074418438, 0.046809186264, 0.31653648655, 0.026410121993],
      [0.010164181062, 0.73600900472, 0.13311205595, 0.11333687093, 0.0073778873308],
      [0.055809675377, 0.102420684, 0.61788331596, 0.079039742532, 0.14484658214],
      [0.024053749411, 0.032840788879, 0.026663916831, 0.91422805484, 0.0022134900347],
      [0.1063465579, 0.023759783411, 0.34230942826, 0.3326403322, 0.19494389823],
      [0.028447816452, 0.072113474434, 0.1726166399, 0.14030599255, 0.58651607666]
    ],
    [
      [0.5929570056, 0.10418577683, 0.086233266606, 0.12981030306, 0.086813647904],
      [0.0046138091676, 0.93135247536, 0.053252501603, 0.010781213867, 0],
      [0.06614964609, 0.14683083762, 0.48406416554, 0.016438731518, 0.28651661924],
      [0.02688445724, 0.11850128499, 0.081848143101, 0.76734246795, 0.0054236467173],
      [0.075316975459, 0.037827436695, 0.28925143246, 0.10439356358, 0.4932105918],
      [0.012232644186, 0.054986694838, 0.068102593108, 0.0069275820541, 0.85775048581]
    ],
    [
      [0.45928012716, 0.046096215432, 0.044096930506, 0.43448724903, 0.016039477874],
      [0.00384737447, 0.84808342895, 0.048517110407, 0.094422938906, 0.0051291472698],
      [0.056993761848, 0.11473946507, 0.55340929186, 0.17298358137, 0.10187389985],
      [0.014165092064, 0.019746297145, 0.0087144239524, 0.95539765693, 0.0019765299081],
      [0.085529582833, 0.021498397257, 0.24024057262, 0.54532584629, 0.107405601],
      [0.029597004714, 0.082713874043, 0.15851243342, 0.31071330116, 0.41846338667]
    ],
    [
      [0.4544957414, 0.060438215018, 0.079187956236, 0.38087571842, 0.025002368924],
      [0.007253577957, 0.68512371147, 0.18240878875, 0.11925952851, 0.0059543933158],
      [0.033262056733, 0.085256750024, 0.71208532085, 0.073469897053, 0.095925975335],
      [0.017259551405, 0.03195512361, 0.037519403656, 0.91128101479, 0.0019849065399],
      [0.072804381704, 0.020471123403, 0.45720410164, 0.30004082019, 0.14947957306],
      [0.022184467904, 0.077893753348, 0.2611640916, 0.14403633766, 0.49472134949]
    ],
    [
      [0.36631164203, 0.077682850306, 0.050438737067, 0.4908108648, 0.0147559058],
      [0.0047309227341, 0.74637103606, 0.10285083944, 0.14328321761, 0.0027639841576],
      [0.032687630161, 0.13841639827, 0.61663904567, 0.13991945825, 0.072337467654],
      [0.010102521035, 0.030462040748, 0.020612804276, 0.93847961967, 0.00034301426546],
      [0.063477390755, 0.030016312306, 0.34952558049, 0.45702302727, 0.099957689174],
      [0.021688316944, 0.12649477332, 0.22467073748, 0.25025006584, 0.37689610642]
    ],
    [
      [0.36973081073, 0.053686420062, 0.072984374093, 0.47941872187, 0.024179673239],
      [0.0060535973786, 0.67075687718, 0.17155113579, 0.14604498682, 0.0055934028221],
      [0.02872458496, 0.082570239316, 0.69612904433, 0.092624464552, 0.099951666842],
      [0.01048905905, 0.023440992526, 0.031695348776, 0.9323766329, 0.0019979667495],
      [0.057430548795, 0.019347609919, 0.39891010802, 0.38447812852, 0.13983360475],
      [0.017941602901, 0.070595243281, 0.24099783989, 0.19701466092, 0.47345065302]
    ],
    [
      [0.4873784189, 0.035445705799, 0.073343388312, 0.37054935517, 0.033283131815],
      [0.010969544709, 0.58245572877, 0.23507762188, 0.16078691986, 0.010710184781],
      [0.038845686136, 0.053406865454, 0.70042361296, 0.071396375177, 0.13592746027],
      [0.019483641634, 0.017697474636, 0.037671507841, 0.92307875384, 0.0020686220482],
      [0.076851121402, 0.012467073433, 0.41170235604, 0.30618959703, 0.1927898521],
      [0.021658232213, 0.041948022911, 0.2173555966, 0.13405990147, 0.58497824681]
    ],
    [
      [0.58962032911, 0.047386009237, 0.050260579286, 0.28872905847, 0.024004023898],
      [0.011028842652, 0.73474484018, 0.15252950301, 0.0946274365, 0.0070693776589],
      [0.056968399362, 0.092544723129, 0.64777696236, 0.075098943989, 0.12761097116],
      [0.026332178823, 0.032998407913, 0.031485048782, 0.90635886185, 0.002825502632],
      [0.11330257474, 0.022402481793, 0.3733994713, 0.31248277413, 0.17841269803],
      [0.032341104068, 0.072605377902, 0.2008260731, 0.11453729366, 0.57969015127]
    ],
    [
      [0.47345187419, 0.034039978145, 0.080090722295, 0.38862919093, 0.023788234442],
      [0.010664981239, 0.55551091982, 0.25952793438, 0.16654467286, 0.0077514916989],
      [0.036518097177, 0.049662565426, 0.74771188556, 0.072600138185, 0.093507313648],
      [0.018217333289, 0.015844266078, 0.037804036787, 0.92596563201, 0.0021687318333],
      [0.074440934885, 0.012173736247, 0.45371996007, 0.32368979182, 0.13597557698],
      [0.02450576887, 0.047106386639, 0.28039488089, 0.16581152155, 0.48218144204]
    ],
    [
      [0.63922045738, 0.023660997661, 0.051448402102, 0.25771838271, 0.027951760153],
      [0.020182083105, 0.55867439039, 0.24575411753, 0.1625863701, 0.012803038882],
      [0.065658224592, 0.04688785986, 0.6694199953, 0.068505962642, 0.1495279576],
      [0.030398356937, 0.015330257322, 0.041326126483, 0.91057006297, 0.0023751962872],
      [0.12919786616, 0.010381042, 0.37806476615, 0.27971186941, 0.20264445629],
      [0.03539554631, 0.035311614452, 0.19841519208, 0.12177788453, 0.60909976263]
    ],
    [
      [0.55229101037, 0.062114494173, 0.064930905548, 0.30330707844, 0.017356511467],
      [0.0089108485192, 0.72789684431, 0.16012903244, 0.099096735531, 0.0039665392082],
      [0.047370780544, 0.1025553072, 0.70417113866, 0.068551846482, 0.077350927113],
      [0.024355581627, 0.039122022758, 0.039431762177, 0.89625275872, 0.00083787471759],
      [0.10404425426, 0.025073410258, 0.45333671275, 0.2970403247, 0.12050529803],
      [0.033911329411, 0.10158976023, 0.27969376944, 0.15800017102, 0.4268049699]
    ],
    [
      [0, 0.028944203343, 0.27471734208, 0.69633845458, 0],
      [0, 0.52037854891, 0.30617574207, 0.17344570902, 0],
      [0, 0.032343612188, 0.93579859672, 0.031857791095, 0],
      [0, 0.0045175876064, 0.030105822206, 0.96537659019, 0],
      [0, 0.0083337175172, 0.58054306389, 0.41112321859, 0],
      [0, 0.10678320787, 0.59343913055, 0.29977766158, 0]
    ],
    [
      [0.70190590807, 0.028607918853, 0.038771910561, 0.21710071742, 0.0136135451],
      [0.015156582194, 0.54061328798, 0.30650914645, 0.13362234023, 0.0040986431543],
      [0.047756245126, 0.039753651318, 0.81609083554, 0.046091691814, 0.050307576206],
      [0.032325410238, 0.018570235146, 0.049619086871, 0.89904956853, 0.00043569921496],
      [0.10058109875, 0.011641629133, 0.55339826464, 0.25007054681, 0.08430846067],
      [0.046460528782, 0.055777705031, 0.35909760851, 0.084506387124, 0.45415777055]
    ],
    [
      [0.48538666112, 0.036028675307, 0.081726407609, 0.36008725246, 0.036771003504],
      [0.010572506078, 0.56995577637, 0.25526616241, 0.15259762032, 0.011607934812],
      [0.035334008384, 0.049360623816, 0.71680919084, 0.06132138425, 0.13717479271],
      [0.019894446047, 0.01818288786, 0.042255765983, 0.91716331393, 0.0025035861759],
      [0.071524644188, 0.012171701651, 0.43361056114, 0.28351077803, 0.19918231499],
      [0.019797612609, 0.03923319526, 0.22480376507, 0.12194650725, 0.59421891981]
    ],
    [
      [0.39029343718, 0.05804668458, 0.069742687822, 0.45641936312, 0.025497827294],
      [0.0062684934907, 0.66504485476, 0.17065415592, 0.15204194887, 0.0059905469638],
      [0.030556849753, 0.086396634298, 0.68621584583, 0.095126035691, 0.10170463442],
      [0.011473962751, 0.024767583519, 0.028453834683, 0.93390280523, 0.0014018138219],
      [0.060758242541, 0.019924453448, 0.40148116682, 0.37477079183, 0.14306534535],
      [0.019028233735, 0.074319880503, 0.23738126884, 0.18532051481, 0.48395010212]
    ],
    [
      [0.41000028224, 0.058328852692, 0.06067539827, 0.44791586956, 0.023079597241],
      [0.0068295814354, 0.69353652585, 0.14822187078, 0.14573869887, 0.0056733230706],
      [0.036318823308, 0.098802474894, 0.66229938322, 0.096595857567, 0.10598346102],
      [0.013434389201, 0.026800339024, 0.025348192332, 0.93286191364, 0.001555165802],
      [0.068987895281, 0.02266659041, 0.3718161422, 0.3935016734, 0.14302769871],
      [0.021628091987, 0.08153951746, 0.21886171724, 0.19234852723, 0.48562214608]
    ],
    [
      [0.44850241874, 0.041527446016, 0.050502710651, 0.44920695429, 0.010260470306],
      [0.009826425781, 0.63114165357, 0.16208193988, 0.19413662143, 0.0028133593376],
      [0.058068008077, 0.08550986104, 0.68275463062, 0.123285259, 0.050382241264],
      [0.012785306206, 0.018669596569, 0.023361316671, 0.94494349817, 0.00024028238023],
      [0.087242973236, 0.018298084516, 0.3580689701, 0.46156313706, 0.074826835088],
      [0.034664003561, 0.083714833897, 0.26761155107, 0.29129477034, 0.32271484113]
    ],
    [
      [0.43262302109, 0.13279742628, 0.084242366974, 0.31728313312, 0.033054052532],
      [0.0044214505889, 0.83401692925, 0.10646323083, 0.048667814679, 0.0064305746559],
      [0.026715751745, 0.16097482725, 0.65264091716, 0.047643798435, 0.11202470541],
      [0.018120425078, 0.072167783185, 0.044358098581, 0.86136946445, 0.0039842287067],
      [0.062572567732, 0.043506968779, 0.45413996728, 0.2515760093, 0.18820448691],
      [0.016038243312, 0.13617494736, 0.2175711001, 0.099430484615, 0.53078522461]
    ],
    [
      ["NaN", "NaN", "NaN", "NaN", "NaN"],
      [0, 0.83426119763, 0.10542173298, 0.059167583336, 0.0011494860612],
      [0, 0.16793417198, 0.74265096078, 0.055787011025, 0.033627856215],
      [0, 0.054621630156, 0.041347623166, 0.90375261794, 0.00027812873999],
      [0, 0.060096550566, 0.52217810803, 0.34708643533, 0.070638906081],
      [0, 0.19040428041, 0.31873045661, 0.20821978073, 0.28264548224]
    ],
    [
      ["NaN", "NaN", "NaN", "NaN", "NaN"],
      [0.033659163816, 0.71721446399, 0.20828018985, 0.032062280424, 0.0087839019166],
      [0.029558118202, 0.059717609935, 0.80573866205, 0.0076200639239, 0.097365545893],
      [0.039652380854, 0.049610886226, 0.074234567145, 0.8283643484, 0.0081378173805],
      [0.067724238356, 0.02161785442, 0.58209862339, 0.14822041936, 0.18033886447],
      [0.021556393494, 0.05633967851, 0.27620969673, 0.056920306436, 0.58897392483]
    ],
    [
      [0.45013838423, 0.07246790628, 0.068416634612, 0.39223406328, 0.016743011598],
      [0.0065617211318, 0.73585578997, 0.14338571021, 0.11091711393, 0.0032796647446],
      [0.038884382633, 0.1146547239, 0.69401360956, 0.080723978551, 0.071723305363],
      [0.016386041364, 0.036470428734, 0.033024727394, 0.91366866576, 0.00045013675306],
      [0.07849514284, 0.028647953827, 0.42984379685, 0.35421817568, 0.1087949308],
      [0.027112532069, 0.11374400415, 0.27607017282, 0.17924212207, 0.40383116889]
    ],
    [
      [0.48859140787, 0.044405628646, 0.061485462891, 0.38488179185, 0.020635708747],
      [0.0099826309438, 0.64134459734, 0.18607064219, 0.15650132225, 0.0061008072643],
      [0.044469879308, 0.07639741931, 0.69579177337, 0.086966850478, 0.096374077537],
      [0.018331133481, 0.022671521416, 0.029715710643, 0.92792632138, 0.0013553130846],
      [0.085950113842, 0.01804724057, 0.39751959922, 0.36635034633, 0.13213270004],
      [0.028441779858, 0.06781447616, 0.24701160131, 0.18227952069, 0.47445262198]
    ],
    [
      [0.52987748085, 0.045105000759, 0.06479615014, 0.3380447879, 0.022176580342],
      [0.010811343104, 0.65132605381, 0.19478086102, 0.13646116003, 0.0066205820309],
      [0.046875501235, 0.075487039329, 0.70416158376, 0.072985506286, 0.10049036939],
      [0.022140953089, 0.026456097284, 0.035153111638, 0.91445942632, 0.0017904116672],
      [0.094996187088, 0.01861881505, 0.42142357354, 0.32074022397, 0.14422120035],
      [0.030082974583, 0.06716249893, 0.25113497475, 0.15800417305, 0.49361537869]
    ],
    [
      [0.61851714632, 0.013902890551, 0.018848327748, 0.33216238235, 0.016569253029],
      [0.025561905868, 0.52890511075, 0.13247370866, 0.30213726773, 0.01092200699],
      [0.11299553338, 0.055832302934, 0.5030950369, 0.16252499857, 0.16555212821],
      [0.0234865937, 0.0054846184232, 0.0060489800848, 0.96031381749, 0.0046659903046],
      [0.15865260163, 0.009174602294, 0.19875186962, 0.47229135222, 0.16112957423],
      [0.047746111367, 0.032808919088, 0.11693637016, 0.21242284512, 0.59008575426]
    ],
    [
      [0.8627462861, 0.043774617832, 0.012281516825, 0.074502224759, 0.0066953544847],
      [0.041817526216, 0.68556169731, 0.17309639064, 0.072424905284, 0.027099480556],
      [0.1038731604, 0.06343840336, 0.57303176305, 0.033377317485, 0.22627935571],
      [0.033258202538, 0.021914656964, 0.030134895138, 0.91208844919, 0.0026037961696],
      [0.16446921628, 0.013141221636, 0.28990923828, 0.2500222248, 0.28245809901],
      [0.032587549399, 0.031601831784, 0.11341555882, 0.14280998906, 0.67958507094]
    ],
    [
      [0.40264475195, 0.043225419524, 0.17438770124, 0.30450794474, 0.07523418254],
      [0.0062583268212, 0.56900201425, 0.30480629188, 0.1017436152, 0.018189751854],
      [0.018140907608, 0.038899662774, 0.72651879077, 0.017471704211, 0.19896893463],
      [0.015520426995, 0.026222888514, 0.066299954261, 0.88766065132, 0.0042960789131],
      [0.037306010879, 0.011540321415, 0.46247949025, 0.19092067368, 0.29775350378],
      [0.0080708195461, 0.025443147798, 0.18244748076, 0.066057020133, 0.71798153176]
    ],
    [
      ["NaN", "NaN", "NaN", "NaN", "NaN"],
      ["NaN", "NaN", "NaN", "NaN", "NaN"],
      [0, 0, 0.62858226788, 0.0068464042674, 0.36457132785],
      [0, 0, 0.062464519691, 0.92107891892, 0.016456561385],
      [0, 0, 0.34501317136, 0.036684023819, 0.61830280482],
      [0, 0, 0.070483059551, 0.013647895476, 0.91586904497]
    ],
    [
      [0, 0.126275057, 0.040664673044, 0.78665965441, 0.046400615549],
      [0, 0.75134678821, 0.073632870869, 0.16580539264, 0.0092149482836],
      [0, 0.10562524355, 0.52921260796, 0.14944298868, 0.21571915982],
      [0, 0.010561770924, 0.0072277006885, 0.97154460274, 0.010665925645],
      [0, 0.027260200537, 0.21399453174, 0.5200330823, 0.23871218543],
      [0, 0.048088527501, 0.088486850206, 0.074054124687, 0.78937049761]
    ],
    [
      [0.67987027637, 0.029786090071, 0.032396210429, 0.24948601141, 0.0084614117186],
      [0.0193088399, 0.65766236802, 0.15328746773, 0.16596465117, 0.0037766731836],
      [0.10759416193, 0.088016659036, 0.63366023126, 0.10143209922, 0.069296848555],
      [0.024552564, 0.023664510228, 0.029545823009, 0.92188722316, 0.0003498795993],
      [0.19175187876, 0.018684864262, 0.3232034655, 0.37973141973, 0.086628371745],
      [0.074394626026, 0.082831909883, 0.23940003394, 0.23259723807, 0.37077619207]
    ],
    [
      ["NaN", "NaN", "NaN", "NaN", "NaN"],
      ["NaN", "NaN", "NaN", "NaN", "NaN"],
      [0, 0.24434357418, 0.49403522214, 0.26162120368, 0],
      [0, 0.0045251406556, 0.0047718222875, 0.99070303706, 0],
      ["NaN", "NaN", "NaN", "NaN", "NaN"],
      ["NaN", "NaN", "NaN", "NaN", "NaN"]
    ],
    [
      [0.39877081595, 0.019714272097, 0.10213296159, 0.38990548983, 0.089476460539],
      [0.01105586424, 0.5507131225, 0.20626595788, 0.21288234155, 0.019082713832],
      [0.038172182095, 0.027701625998, 0.57916085422, 0.092600862585, 0.2623644751],
      [0.010633854499, 0.0030615605957, 0.023839462613, 0.96175787119, 0.0007072511059],
      [0.049614021578, 0.0054334106982, 0.27755939354, 0.33491574686, 0.33247742733],
      [0.012122138977, 0.0081611106757, 0.042939923386, 0.032835927648, 0.90394089931]
    ],
    [
      [0.46174430148, 0.034124301357, 0.14062283478, 0.30403430194, 0.059474260442],
      [0.008738507918, 0.54190091645, 0.33057590055, 0.10876921867, 0.01001545641],
      [0.021974711774, 0.028578932966, 0.77257474406, 0.029339178772, 0.14753243243],
      [0.020228320655, 0.020368804729, 0.067093977517, 0.88824179804, 0.0040670990567],
      [0.050265014709, 0.0078265291288, 0.52473108541, 0.18033398546, 0.23684338529],
      [0.012656213416, 0.025561547438, 0.24907193539, 0.067220073727, 0.64549023003]
    ],
    [
      [0, 0.044951128377, 0.17314797699, 0.77029349531, 0.011607399317],
      [0, 0.43861935178, 0.35600567723, 0.20373571985, 0.0016392511445],
      [0, 0.039500218991, 0.81549501644, 0.12958227367, 0.015422490897],
      [0, 0.003615312129, 0.032638270189, 0.96359251684, 0.00015390084545],
      [0, 0.014504189536, 0.50957397986, 0.43276553504, 0.043156295558],
      [0, 0.038032255217, 0.41065922659, 0.32547156629, 0.2258369519]
    ],
    [
      [0.34512716096, 0.045565457164, 0.086461988804, 0.48377611242, 0.03906928065],
      [0.0054113201956, 0.61000854825, 0.22145297, 0.15302166906, 0.010105492503],
      [0.021275233962, 0.05821213022, 0.72241543609, 0.062667093308, 0.13543010642],
      [0.0091893258177, 0.018682470719, 0.03369538753, 0.93522276034, 0.0032100555896],
      [0.0420927209, 0.014598730224, 0.41470647549, 0.33961722815, 0.18898484523],
      [0.011311502447, 0.043818839233, 0.21232258408, 0.1474459936, 0.58510108064]
    ],
    [
      [0.46393558682, 0.043426704187, 0.0658600763, 0.40134096414, 0.025436668554],
      [0.0090204820939, 0.63095914617, 0.19363728533, 0.15892674496, 0.0074563414428],
      [0.037921969402, 0.069536380869, 0.69989712675, 0.082086907168, 0.11055761581],
      [0.017069489732, 0.021091382115, 0.029399185982, 0.93001676273, 0.002423179439],
      [0.073821541891, 0.0165774807, 0.40114317633, 0.35523145563, 0.15322634545],
      [0.02263931278, 0.057883216216, 0.23133283531, 0.16709567305, 0.52104896264]
    ],
    [
      ["NaN", "NaN", "NaN", "NaN", "NaN"],
      [0, 0, 0, 0.95717664426, 0.042823355743],
      ["NaN", "NaN", "NaN", "NaN", "NaN"],
      [0, 0, 0, 0.99003850008, 0.0099614999161],
      [0, 0, 0, 0.87018224602, 0.12981775398],
      [0, 0, 0, 0.39477146395, 0.60522853605]
    ],
    [
      [0.44587289432, 0.056809007574, 0.052481573402, 0.42700174261, 0.017834782102],
      [0.0077394790103, 0.72800442629, 0.13281341348, 0.12693048025, 0.0045122009714],
      [0.044568726662, 0.10975048103, 0.64785641868, 0.10444670281, 0.093377670817],
      [0.015918303394, 0.027858814557, 0.022720567759, 0.93228957782, 0.0012127364656],
      [0.082189598131, 0.024856859222, 0.35298096015, 0.41740781864, 0.12256476385],
      [0.027586361577, 0.094153885636, 0.22172590772, 0.20805356015, 0.44848028492]
    ],
    [
      [0.58227961426, 0.079786455828, 0, 0.33793392991, 0],
      ["NaN", "NaN", "NaN", "NaN", "NaN"],
      [0.2201855403, 0.32231285092, 0, 0.45750160878, 0],
      [0.0072507227797, 0.025379523768, 0, 0.96736975345, 0],
      [0.18184366466, 0.026993520273, 0, 0.79116281507, 0],
      ["NaN", "NaN", "NaN", "NaN", "NaN"]
    ],
    [
      [0.41961450243, 0.087352078473, 0.080898340192, 0.35071481828, 0.061420260634],
      [0.0047706202786, 0.75857970602, 0.14881437196, 0.080221634648, 0.007613667092],
      [0.026839578125, 0.10366723344, 0.62643907994, 0.053602713264, 0.18945139524],
      [0.013397112684, 0.049217221301, 0.047164381033, 0.8883792946, 0.0018419903848],
      [0.052462821052, 0.020132378731, 0.39563219742, 0.23052316065, 0.30124944214],
      [0.010798768062, 0.065742478182, 0.1583175319, 0.082642928277, 0.68249829358]
    ],
    [
      [0.47111592969, 0.089284922096, 0.069103407059, 0.34829399847, 0.022201742686],
      [0.005823470357, 0.78093978967, 0.12424676279, 0.084956233143, 0.0040337440412],
      [0.0361978065, 0.13357085444, 0.67493968309, 0.065795441935, 0.089496214027],
      [0.01880710817, 0.047220045608, 0.03601112523, 0.89611750939, 0.0018442115984],
      [0.078358906681, 0.034731886002, 0.4321120361, 0.31677812216, 0.13801904905],
      [0.023683029294, 0.12247104229, 0.24554528041, 0.15296221799, 0.45533843002]
    ],
    [
      [0.62076356681, 0.025371210752, 0.063307047091, 0.28768548253, 0.0028726928238],
      [0.015062476373, 0.58109164884, 0.26613862708, 0.13670001603, 0.0010072316721],
      [0.072208988622, 0.049514699017, 0.78947156738, 0.078532911988, 0.010271832991],
      [0.022980808383, 0.018710041257, 0.041362162606, 0.91679860027, 0.00014838748393],
      [0.13504327716, 0.010505831609, 0.51918043321, 0.29672500031, 0.038545457716],
      [0.052228176041, 0.065487967377, 0.40595069309, 0.24938607022, 0.22694709327]
    ],
    [
      [0.45041732726, 0.034494892502, 0.074196881854, 0.3956009895, 0.045289908891],
      [0.0065465905903, 0.55776533618, 0.26773138391, 0.15601573317, 0.011940956158],
      [0.021857251067, 0.045121885974, 0.73236047095, 0.080765454648, 0.11989493736],
      [0.012461834173, 0.018583219086, 0.046897334617, 0.91625408843, 0.0058035236994],
      [0.046067660649, 0.014500784627, 0.44433636706, 0.32133081238, 0.17376437529],
      [0.01315101196, 0.037359125691, 0.23762914642, 0.14888103488, 0.56297968105]
    ],
    [
      [0.74806008064, 0.055105352349, 0.024959163532, 0.16832690035, 0.0035485031324],
      [0.003226489963, 0.9126336696, 0.055071916276, 0.028192769517, 0.00087515464617],
      [0.039789240825, 0.11381307476, 0.75434368964, 0.027854853538, 0.06419914123],
      [0.011655389078, 0.024077829808, 0.019081720502, 0.94471895972, 0.0004661008962],
      [0.095267269434, 0.036498092836, 0.573678624, 0.17014618926, 0.12440982447],
      [0.033172405561, 0.1036720788, 0.31895077998, 0.070289274622, 0.47391546103]
    ],
    [
      [0.41726661142, 0.057263337577, 0.053159512681, 0.4461964823, 0.026114056022],
      [0.0071800094586, 0.68724379691, 0.1378620351, 0.16122278602, 0.0064913725042],
      [0.039011801343, 0.10043417953, 0.62724577573, 0.10926006696, 0.12404817644],
      [0.013028186325, 0.024719670154, 0.021223243592, 0.93938506325, 0.0016438366808],
      [0.069556752189, 0.021938332857, 0.33068872484, 0.42108125206, 0.15673493805],
      [0.021506950187, 0.076600548036, 0.19182090062, 0.18546592183, 0.52460567933]
    ],
    [
      [0.37405580633, 0.074340073417, 0.043863507383, 0.49952301878, 0.0082175940894],
      [0.0053959895027, 0.76601969285, 0.090302378956, 0.13734344546, 0.00093849322787],
      [0.051751016524, 0.15993673161, 0.61131456536, 0.13609839346, 0.040899293048],
      [0.0088908385437, 0.030169519966, 0.018996764232, 0.94176059316, 0.00018228410303],
      [0.07079630429, 0.03387972105, 0.31191325603, 0.51913418858, 0.064276530049],
      [0.028209031117, 0.15213424756, 0.23083653008, 0.30168642131, 0.28713376994]
    ],
    [
      [0.34812463469, 0.13799709671, 0.045627755586, 0.32538312914, 0.14286738388],
      [0.0028585691301, 0.92324787294, 0.046294444051, 0.023085545039, 0.004513568842],
      [0.018418033641, 0.15830532221, 0.30257063981, 0.061046136093, 0.45965986825],
      [0.0087969559051, 0.072968521222, 0.037777474435, 0.8768736773, 0.0035833711346],
      [0.058789192046, 0.086891365099, 0.17231056617, 0.14277713484, 0.53923174185],
      [0.0051735598967, 0.050011720665, 0.03899451913, 0.043123666975, 0.86269653333]
    ],
    [
      [0.31790311477, 0.065864407056, 0.074471385884, 0.51003830042, 0.031722791872],
      [0.0040816338776, 0.69194100861, 0.1556165708, 0.14159029792, 0.0067704887912],
      [0.021698913467, 0.091369585213, 0.67367374004, 0.09306236592, 0.12019539536],
      [0.0076114849472, 0.026915196143, 0.027378023661, 0.9357601645, 0.0023351307481],
      [0.044943572631, 0.021291577387, 0.39764271926, 0.3633206529, 0.17280147782],
      [0.012234291876, 0.07139305535, 0.20931281773, 0.16856822967, 0.53849160538]
    ],
    [
      ["NaN", "NaN", "NaN", "NaN", "NaN"],
      [0, 0.77463439568, 0.14055020391, 0.079893713015, 0.004921687391],
      [0, 0.074416807472, 0.80339874951, 0.045801498831, 0.076382944184],
      [0, 0.036255138345, 0.04239230651, 0.91712118013, 0.0042313750147],
      [0, 0.03169563186, 0.58643697752, 0.24411088404, 0.13775650658],
      [0, 0.07481390174, 0.36951254777, 0.12300123394, 0.43267231655]
    ],
    [
      [0.42741695315, 0.036473975441, 0.056681130965, 0.46504512985, 0.014382810596],
      [0.0093560822883, 0.56277405214, 0.1925279191, 0.23099795436, 0.0043439921093],
      [0.044560328504, 0.065182686502, 0.70135638531, 0.12341700999, 0.065483589697],
      [0.011657135161, 0.012969604718, 0.024368782959, 0.95069582616, 0.00030865099971],
      [0.070348508821, 0.013932218692, 0.36252581861, 0.46653474869, 0.08665870519],
      [0.02707933177, 0.061290136926, 0.26337922366, 0.28310948915, 0.36514181849]
    ],
    [
      ["NaN", "NaN", "NaN", "NaN", "NaN"],
      [0, 0.96487447567, 0.020869486002, 0.014256038332, 0],
      [0, 0.20762910447, 0.22213491851, 0.029117695161, 0.54111828186],
      [0, 0.096721051913, 0.013292361422, 0.88534450057, 0.0046420860985],
      [0, 0.056764763284, 0.1005123495, 0.098839113928, 0.74388377329],
      [0, 0.039398288636, 0.015042501607, 0.0080835349832, 0.93747567477]
    ],
    [
      [0.48431104904, 0.10684172982, 0.13172413199, 0.25327598306, 0.023847106093],
      [0.0060630256431, 0.7610083102, 0.18820454538, 0.040563986367, 0.0041601324051],
      [0.024191263684, 0.10457162415, 0.78507296678, 0.023318560134, 0.062845585247],
      [0.024577594167, 0.067078310648, 0.070492526371, 0.83585727008, 0.0019942987341],
      [0.061065782137, 0.035542008544, 0.61078337656, 0.17532144535, 0.11728738741],
      [0.019558303181, 0.11929126141, 0.36679252406, 0.085231835287, 0.40912607607]
    ],
    [
      ["NaN", "NaN", "NaN", "NaN", "NaN"],
      [0, 0.91250456153, 0.045582870418, 0.040682983404, 0.0012295846498],
      [0, 0.12848369871, 0.71857078546, 0.062736311508, 0.090209204321],
      [0, 0.035738530646, 0.0086750558304, 0.95491864143, 0.00066777208975],
      [0, 0.037802692614, 0.41310564405, 0.40748175216, 0.14160991118],
      [0, 0.095196078831, 0.20210098429, 0.20548650946, 0.49721642742]
    ],
    [
      [0.62703117529, 0.025945831766, 0.035053767652, 0.29704439897, 0.014924826315],
      [0.019056643772, 0.60925766228, 0.17093424201, 0.19371461794, 0.0070368340085],
      [0.089597247547, 0.0711812181, 0.64956403575, 0.079971694335, 0.10968580426],
      [0.024928484551, 0.016556890787, 0.023007942193, 0.93333746967, 0.0021692128019],
      [0.14947910018, 0.014479426982, 0.31363043967, 0.39450516195, 0.12790587122],
      [0.049717726224, 0.055675047768, 0.20073385495, 0.21414815051, 0.47972522055]
    ],
    [
      [0.34481753491, 0.035888532451, 0.084254155294, 0.48863595622, 0.046403821125],
      [0.0076339490146, 0.62312057918, 0.1585820476, 0.19452944201, 0.016133982188],
      [0.029856880534, 0.063350354612, 0.58463732125, 0.15049502191, 0.1716604217],
      [0.012538399607, 0.01765496527, 0.041246856184, 0.91625008622, 0.012309692724],
      [0.070216315307, 0.0076088884917, 0.34502641747, 0.32113972412, 0.25600865462],
      [0.013714451714, 0.039263177105, 0.15823638376, 0.20244836758, 0.58633761984]
    ],
    [
      [0.38162594934, 0.037172854368, 0.073862681253, 0.48791572399, 0.019422791044],
      [0.0077715836384, 0.5656604949, 0.22288048754, 0.19774969892, 0.0059377349981],
      [0.030262052864, 0.057673267039, 0.73206777762, 0.097699502715, 0.082297399762],
      [0.011458279373, 0.01458638903, 0.029367360135, 0.94338718839, 0.0012007830741],
      [0.058382237128, 0.013487649751, 0.4153462883, 0.40047554534, 0.11230827948],
      [0.022680311349, 0.059047911215, 0.29095609741, 0.15238997373, 0.47492570629]
    ],
    [
      [0.42496204597, 0.10698552987, 0.068070919481, 0.37636430477, 0.023617199914],
      [0.0038277595187, 0.86176321514, 0.089872419833, 0.041007606189, 0.0035289993165],
      [0.028772868602, 0.16282174785, 0.64888395492, 0.063429323395, 0.096092105229],
      [0.016827054208, 0.054055818728, 0.032534748333, 0.89254853881, 0.0040338399225],
      [0.063914458942, 0.044393083447, 0.41944127747, 0.31872731751, 0.15352386263],
      [0.017247891654, 0.13764402733, 0.21184261706, 0.15262191985, 0.4806435441]
    ],
    [
