{
  "X": [
    [50, 151, 463, 74],
    [7, 32, 138, 15],
    [16, 69, 305, 29],
    [22, 324, 470, 147],
    [16, 207, 308, 80],
    [35, 285, 449, 55],
    [23, 185, 443, 67],
    [38, 317, 861, 93],
    [49, 558, 647, 122],
    [7, 16, 36, 7],
    [44, 530, 597, 98],
    [66, 388, 510, 77],
    [4, 42, 44, 8],
    [43, 95, 131, 17],
    [6, 91, 184, 35],
    [20, 60, 177, 15],
    [1, 13, 44, 3],
    [96, 274, 442, 59],
    [20, 469, 469, 98],
    [31, 366, 426, 135],
    [15, 144, 295, 66],
    [13, 142, 228, 48],
    [9, 46, 77, 15],
    [53, 401, 741, 103],
    [47, 218, 546, 75],
    [15, 94, 194, 43],
    [6, 56, 188, 33],
    [75, 360, 1253, 214],
    [38, 273, 754, 135],
    [39, 269, 654, 93],
    [12, 100, 294, 52],
    [59, 445, 1020, 185],
    [27, 77, 122, 7],
    [26, 116, 128, 13],
    [27, 137, 133, 20],
    [73, 338, 385, 50],
    [38, 109, 131, 16],
    [44, 168, 181, 26],
    [27, 133, 134, 23],
    [77, 271, 439, 56],
    [6, 174, 268, 37],
    [82, 569, 885, 190],
    [23, 187, 269, 51],
    [200, 617, 1433, 235],
    [19, 93, 191, 21]
  ],
  "W": [
    [57, 421, 166, 30, 64],
    [9, 132, 33, 6, 12],
    [19, 285, 76, 17, 22],
    [27, 408, 348, 57, 123],
    [17, 287, 216, 53, 38],
    [24, 421, 301, 24, 54],
    [18, 399, 212, 25, 64],
    [30, 796, 323, 68, 92],
    [72, 537, 603, 63, 101],
    [4, 36, 15, 3, 8],
    [46, 491, 542, 102, 88],
    [86, 417, 403, 82, 53],
    [5, 32, 49, 4, 8],
    [35, 113, 99, 24, 15],
    [12, 156, 102, 21, 25],
    [13, 154, 72, 13, 20],
    [3, 42, 12, 0, 4],
    [127, 353, 309, 32, 50],
    [24, 389, 519, 37, 87],
    [29, 366, 408, 50, 105],
    [4, 290, 151, 29, 46],
    [12, 207, 170, 10, 32],
    [5, 79, 45, 6, 12],
    [48, 662, 417, 62, 109],
    [46, 495, 235, 38, 72],
    [10, 182, 111, 11, 32],
    [8, 173, 59, 15, 28],
    [47, 1177, 429, 40, 209],
    [40, 707, 263, 72, 118],
    [42, 556, 286, 80, 91],
    [8, 259, 113, 24, 54],
    [69, 913, 504, 63, 160],
    [36, 98, 75, 15, 9],
    [21, 114, 127, 8, 13],
    [35, 96, 152, 18, 16],
    [136, 289, 347, 32, 42],
    [53, 100, 112, 19, 10],
    [55, 143, 187, 16, 18],
    [32, 100, 146, 14, 25],
    [132, 319, 302, 39, 51],
    [11, 228, 170, 41, 35],
    [99, 740, 625, 84, 178],
    [31, 240, 202, 23, 34],
    [153, 1394, 707, 82, 149],
    [36, 155, 96, 11, 26]
  ],
  "method": "mult",
  "cond_prob": [
    [
      [0.6770029069, 0.098438225342, 0.22323021769, 0.0013286500706],
      [0.020333785246, 0.0022324048381, 0.9202050636, 0.057228746317],
      [0.016939214476, 0.78377803054, 0.14867640981, 0.050606345174],
      [0.00047441397698, 0.44533647761, 0.46757704223, 0.086612066184],
      [0.00037763587392, 0.015342676877, 0.3775304769, 0.60674921035]
    ],
    [
      [0.59820746918, 0.13422869085, 0.2670797162, 0.00048412376681],
      [0.010629810091, 0.0058963292432, 0.93754454563, 0.045929315034],
      [0.0064313550722, 0.82349504307, 0.12394017687, 0.046133424984],
      [0.00012718799265, 0.4409369896, 0.48350279056, 0.075433031847],
      [0, 0.016055663612, 0.40411332922, 0.57983100717]
    ],
    [
      [0.62308423508, 0.11978754054, 0.25684924849, 0.00027897588968],
      [0.0094946217899, 0.0019997040316, 0.9462381319, 0.042267542281],
      [0.019090708473, 0.77346791563, 0.16232719704, 0.045114178852],
      [0.00020574895958, 0.414514953, 0.51313501584, 0.072144282195],
      [4.7306688199e-05, 0.014718422346, 0.42644702016, 0.55878725081]
    ],
    [
      [0.59363437593, 0.18928941405, 0.21658881919, 0.0004873908275],
      [0.012073346035, 0.0076344782343, 0.88999113104, 0.090301044691],
      [0.0029719458465, 0.81460885173, 0.12239259296, 0.060026609467],
      [0.00011884375259, 0.51315701375, 0.38301862809, 0.1037055144],
      [4.0125358095e-05, 0.024719418823, 0.29765070136, 0.67758975446]
    ],
    [
      [0.65154712889, 0.15937246664, 0.1885907753, 0.0004896291621],
      [0.014088399854, 0.010558878658, 0.87151587606, 0.10383684543],
      [0.0040392138715, 0.80597924793, 0.12179451397, 0.068187024231],
      [0.00014826140427, 0.50640656367, 0.37376738073, 0.1196777942],
      [0, 0.0086632753822, 0.22504247884, 0.76629424577]
    ],
    [
      [0.82094245685, 0.048467353743, 0.13059018941, 0],
      [0.028527243971, 0.027441729135, 0.90365905843, 0.040371968461],
      [0.010775282739, 0.85499093828, 0.1084770186, 0.025756760379],
      [0.000615069547, 0.5518633341, 0.392117637, 0.055403959346],
      [0.00054239907569, 0.031237464896, 0.43264751789, 0.53557261814]
    ],
    [
      [0.77413529918, 0.066108615868, 0.15975608496, 0],
      [0.018137550557, 0.0060532739053, 0.92596887114, 0.049840304396],
      [0.008499127039, 0.79451569682, 0.15607992424, 0.040905251904],
      [0.00042360721987, 0.46763846421, 0.45793236068, 0.074005567885],
      [0.00025432546544, 0.019789051488, 0.40821184265, 0.5717447804]
    ],
    [
      [0.75527148156, 0.075786155172, 0.16894236327, 0],
      [0.016041755195, 0.014406476285, 0.93137793256, 0.038173835958],
      [0.0078421781222, 0.8301325832, 0.12934503669, 0.032680201985],
      [0.00032685535455, 0.48549571951, 0.45385210507, 0.060325320069],
      [0.00018879044142, 0.022960075243, 0.45559244332, 0.521258691]
    ],
    [
      [0.55572118409, 0.14856028914, 0.29455983123, 0.0011586955399],
      [0.013050345371, 0.012172713699, 0.91380265787, 0.060974283063],
      [0.0032675080654, 0.83638495558, 0.12410077283, 0.036246763527],
      [0.00015447489272, 0.54883427739, 0.37945472645, 0.071556521267],
      [0, 0.018319051832, 0.35981436728, 0.62186658089]
    ],
    [
      [0.89155551849, 0.03231620472, 0.076128276792, 0],
      [0.081297590868, 0.024573996178, 0.84848561104, 0.045642801917],
      [0.030209993167, 0.87334198745, 0.06381489533, 0.032633124055],
      [0.0021894260993, 0.54139990161, 0.38517459916, 0.071236073128],
      [0.005918309873, 0.032717725271, 0.37965720851, 0.58170675635]
    ],
    [
      [0.67644488625, 0.11628068488, 0.20727442887, 0],
      [0.019583664338, 0.013182605587, 0.91616674336, 0.051066986713],
      [0.0059356361668, 0.84586938314, 0.11944175445, 0.028753226242],
      [0.0003431645953, 0.56264060034, 0.3758181367, 0.061198098367],
      [0.00017998240173, 0.026453207455, 0.39268891392, 0.58067789622]
    ],
    [
      [0.62670307328, 0.114289582, 0.25794386864, 0.0010634760717],
      [0.020862396401, 0.0075920863238, 0.91498785205, 0.056557665228],
      [0.0083190050425, 0.82070339319, 0.13533825298, 0.035639348791],
      [0.00048364941922, 0.53215521329, 0.39707549592, 0.070285641375],
      [0.0002207191302, 0.011792471794, 0.36161106375, 0.62637574533]
    ],
    [
      [0.64560763473, 0.045829960297, 0.30820482938, 0.00035757559264],
      [0.016973476666, 0.0025371681138, 0.93084364689, 0.049645708333],
      [0.004636700447, 0.80494631725, 0.16090386768, 0.029513114624],
      [0.00033776728262, 0.53321171417, 0.40516395093, 0.061286567617],
      [3.2647753468e-05, 0.014305552117, 0.39587922909, 0.58978257104]
    ],
    [
      [0.86883329875, 0.036136308801, 0.095030392444, 0],
      [0.068918834905, 0.0055723488232, 0.88459958492, 0.040909231349],
      [0.046276894736, 0.80667177127, 0.12160529525, 0.025446038746],
      [0.0070439699534, 0.53851510946, 0.39669930289, 0.057741617701],
      [0.0035025561049, 0.021379052818, 0.41029837795, 0.56482001313]
    ],
    [
      [0.42838964161, 0.21410860014, 0.35487124248, 0.0026305157753],
      [0.0024290485559, 0, 0.92710891224, 0.070462039201],
      [0.0046957236609, 0.77013272063, 0.17055212106, 0.054619434648],
      [6.8043454127e-05, 0.45864790648, 0.44798472057, 0.093299329498],
      [0, 0.0098221303016, 0.33234237202, 0.65783549767]
    ],
    [
      [0.84977617499, 0.030485559969, 0.11973826504, 0],
      [0.035024610543, 0.0046312856822, 0.93618333829, 0.024160765486],
      [0.048626759332, 0.73411326614, 0.19214815562, 0.025111818913],
      [0.0017253177672, 0.43306927069, 0.51769702728, 0.047508384255],
      [0.0017781949316, 0.020220702213, 0.53532199495, 0.44267910791]
    ],
    [
      [0.32655042388, 0.26796293882, 0.40503526267, 0.00045137463324],
      [0.00030806173668, 0.025932175106, 0.95132120118, 0.022438561975],
      [0.00061751128377, 0.91628632202, 0.062285561505, 0.020810605194],
      ["NaN", "NaN", "Inf", "NaN"],
      [0, 0.027880991222, 0.52049425608, 0.4516247527]
    ],
    [
      [0.64019768038, 0.089001475337, 0.26937484456, 0.0014259997232],
      [0.026833622702, 0, 0.92524662086, 0.047919756433],
      [0.016714679206, 0.79645061427, 0.15299612145, 0.033838585072],
      [0.00063491165202, 0.50196344716, 0.43094332285, 0.066458318334],
      [0.00074945461645, 0.010614850262, 0.40222699431, 0.58640870081]
    ],
    [
      [0.57579177386, 0.064793209285, 0.35941501685, 0],
      [0.012734476802, 0.012018274284, 0.91343287993, 0.061814368989],
      [0.0023524169256, 0.84692674949, 0.11645028413, 0.034270549449],
      [0.00015220040313, 0.56541531848, 0.36498540903, 0.069447072081],
      [8.6224375167e-06, 0.026373615051, 0.35754588168, 0.61607188083]
    ],
    [
      [0.72195120774, 0.069593561198, 0.20800316256, 0.00045206849388],
      [0.020467880479, 0.0064093000701, 0.88194892571, 0.091173893741],
      [0.0062325223922, 0.81566555201, 0.12004591877, 0.058056006832],
      [0.00037159655844, 0.53086074173, 0.36731805915, 0.10144960256],
      [0.00010211196507, 0.021918100903, 0.284094892, 0.69388489513]
    ],
    [
      [0.83094182252, 0.044621304338, 0.12436583272, 7.1040426567e-05],
      [0.033129128918, 0.015126509351, 0.87145546972, 0.080288892007],
      [0.013499378599, 0.82186837734, 0.10825101956, 0.056381224496],
      [0.00063664262287, 0.50007653241, 0.39765210153, 0.10163472344],
      [0.00025905476755, 0.018053970703, 0.30223120762, 0.67945576691]
    ],
    [
      [0.70797891244, 0.13348653991, 0.15829835346, 0.00023619418496],
      [0.016830008559, 0.0022819946517, 0.9040482064, 0.076839790392],
      [0.0059704811705, 0.79236876434, 0.14748484196, 0.054175912536],
      [0.00035331013951, 0.4930593506, 0.411102539, 0.095484800267],
      [6.0199332435e-05, 0.0091407870217, 0.30559351599, 0.68520549765]
    ],
    [
      [0.86536197018, 0.040422086275, 0.094215943542, 0],
      [0.049384895862, 0.035707024197, 0.85116585759, 0.063742222353],
      [0.016720974128, 0.87236677893, 0.071882967898, 0.039029279046],
      [0.00099049192913, 0.56271397565, 0.3561397326, 0.08015579982],
      [0.0011163823892, 0.028687145954, 0.32627046514, 0.64392600651]
    ],
    [
      [0.73526601788, 0.11594855475, 0.14878542737, 0],
      [0.021122503453, 0.017229855683, 0.91922274159, 0.042424899276],
      [0.0087473121513, 0.83575159201, 0.12550549661, 0.029995599226],
      [0.00048285035673, 0.52137576481, 0.41728313548, 0.060858249348],
      [0.00042722905347, 0.029308198377, 0.43234401897, 0.5379205536]
    ],
    [
      [0.72199658882, 0.11312582329, 0.16487758788, 0],
      [0.022406916656, 0.0064691415784, 0.924787987, 0.04633595477],
      [0.011233272932, 0.80845419135, 0.14206264282, 0.038249892897],
      [0.00056387948867, 0.4768834867, 0.45219355117, 0.070359082646],
      [0.00049286957851, 0.020634438694, 0.41774307482, 0.56112961691]
    ],
    [
      [0.8302661583, 0.041020907856, 0.12844880695, 0.00026412688974],
      [0.02789228312, 0.0062627596162, 0.88906681894, 0.076778138325],
      [0.014393918948, 0.78197973732, 0.14553225545, 0.05809408828],
      [0.0006889393385, 0.47111457693, 0.42730358417, 0.10089289956],
      [0.00048873603646, 0.014623671337, 0.31409159695, 0.67079599567]
    ],
    [
      [0.55209873031, 0.17982498165, 0.26790821889, 0.00016806915063],
      [0.0078601522374, 0.0031952246317, 0.92586462345, 0.063079999684],
      [0.0037593979287, 0.79681093684, 0.14345720835, 0.055972456882],
      [8.6909869854e-05, 0.43854183676, 0.46856601657, 0.092805236802],
      [1.0560521397e-05, 0.014951909304, 0.36391745898, 0.62112007119]
    ],
    [
      [0.81159349207, 0.043151241174, 0.14523991747, 1.5349287533e-05],
      [0.023567188329, 0.0049486007898, 0.9159803723, 0.05550383858],
      [0.020937370889, 0.77284192206, 0.15388750032, 0.052333206733],
      [0.00058402283466, 0.42990022966, 0.48237921639, 0.087136531118],
      [0.00053125447569, 0.016278443958, 0.39594219802, 0.58724810355]
    ],
    [
      [0.66001555181, 0.15826858101, 0.18162899465, 8.6872519516e-05],
      [0.013968514158, 0.013772455814, 0.91050416466, 0.061754865368],
      [0.0064940244049, 0.83508664734, 0.10950372915, 0.048915599101],
      [0.00014289052116, 0.48447718904, 0.4286024324, 0.08677748804],
      [4.5948152666e-05, 0.020525293534, 0.3673689822, 0.61205977612]
    ],
    [
      [0.66319406978, 0.13606483447, 0.20074109575, 0],
      [0.014092713525, 0.0018616737265, 0.9377728977, 0.046272715048],
      [0.011435436889, 0.78233853543, 0.16720068609, 0.039025341586],
      [0.00031063855124, 0.45944305804, 0.46990706293, 0.070339240486],
      [0.00016389357177, 0.019185940474, 0.4258811165, 0.55476904946]
    ],
    [
      [0.78648875969, 0.048095734964, 0.16541550534, 0],
      [0.014132053108, 0.0048272720478, 0.92813526696, 0.052905407887],
      [0.017933110338, 0.76909641626, 0.16521256828, 0.047757905124],
      [0.00038773650088, 0.43737356174, 0.48048517143, 0.081753530332],
      [0.00022483376401, 0.017779817429, 0.40905513861, 0.57294021019]
    ],
    [
      [0.62478362092, 0.15125447911, 0.22349092782, 0.000470972148],
      [0.014076345951, 0.0031437475624, 0.9208343196, 0.061945586885],
      [0.0059907169446, 0.79250625591, 0.15258789275, 0.04891513439],
      [0.00024053101186, 0.46778386959, 0.4460923484, 0.085883250995],
      [2.3446930929e-05, 0.017497891582, 0.3678079768, 0.61467068469]
    ],
    [
      [0.63882105507, 0.11338235562, 0.24753563794, 0.00026095137208],
      [0.028806643913, 0.0098721760919, 0.9416057427, 0.019715437292],
      [0.015479910454, 0.84685624014, 0.12458609088, 0.013077758522],
      [0.00080780554639, 0.54908092157, 0.4190251583, 0.031086114582],
      [0.00069783853132, 0.022258900724, 0.5757800065, 0.40126325424]
    ],
    [
      [0.84003831008, 0.054565589158, 0.10539610076, 0],
      [0.046029689962, 0.015767868801, 0.90452753803, 0.033674903206],
      [0.02425152092, 0.85068061123, 0.1077254153, 0.017342452545],
      [0.0016845967084, 0.58259806007, 0.37209507421, 0.043622269011],
      [0.0014146847751, 0.027643344422, 0.4625118624, 0.5084301084]
    ],
    [
      [0.64516249318, 0.046628239407, 0.30727533691, 0.00093393049607],
      [0.025295375759, 0.0046718149544, 0.91916699605, 0.050865813238],
      [0.012920297536, 0.82122666925, 0.13758943794, 0.028263595275],
      [0.0010094009805, 0.55024700357, 0.38875655415, 0.059987041299],
      [0.00055638891427, 0.01178859965, 0.3808824404, 0.60677257103]
    ],
    [
      [0.50889795175, 0.14235774488, 0.34710806327, 0.0016362400968],
      [0.0066003320433, 0.019716197041, 0.92581185226, 0.047871618659],
      [0.0054247337206, 0.84858088197, 0.1186626325, 0.027331751803],
      [0, 0.55944232882, 0.38297570873, 0.057581962452],
      [0, 0.013848694866, 0.40006004608, 0.58609125905]
    ],
    [
      [0.63211969763, 0.093914758232, 0.27287339425, 0.0010921498897],
      [0.026462810573, 0.0072935100875, 0.91550729446, 0.050736384876],
      [0.016364577947, 0.82850536825, 0.12517778137, 0.029952272432],
      [0.00071005219433, 0.54623105852, 0.39010972183, 0.062949167456],
      [0.00050512464512, 0.012217544947, 0.35549844298, 0.63177888743]
    ],
    [
      [0.66475651193, 0.073483927367, 0.26078278721, 0.00097677349471],
      [0.029665756619, 0.0055409439569, 0.91073921936, 0.054054080067],
      [0.016935127423, 0.82433542874, 0.12769384847, 0.03103559536],
      [0.0010385010896, 0.55024402934, 0.38378216918, 0.064935300395],
      [0.00070576676201, 0.01174440916, 0.35566522021, 0.63188460386]
    ],
    [
      [0.68083677327, 0.06147376361, 0.2568239106, 0.00086555251242],
      [0.029313313778, 0.007384785416, 0.91700143836, 0.046300462441],
      [0.015337353628, 0.83426596601, 0.12606418634, 0.024332494019],
      [0.0011451957564, 0.56035367253, 0.38194566614, 0.056555465572],
      [0.0010642202882, 0.025863142802, 0.41315521968, 0.55991741723]
    ],
    [
      [0.53592148732, 0.099671160447, 0.36245373595, 0.0019536162798],
      [0.012594645344, 0.00012645648426, 0.94196530951, 0.045313588657],
      [0.0074194430761, 0.78882703687, 0.17095843553, 0.032795084526],
      [0, 0.48869974377, 0.44834511018, 0.062955146055],
      [0, 0.01015709923, 0.42263267241, 0.56721022836]
    ],
    [
      [0.41565805573, 0.2950406775, 0.28930126677, 0],
      [0.0052035742855, 0.01831642346, 0.93139144612, 0.045088556134],
      [0.0014052246271, 0.84455811901, 0.1250219088, 0.02901474756],
      [5.511331883e-05, 0.53792218926, 0.4027701848, 0.059252512616],
      [5.6747769856e-06, 0.027106228768, 0.41980383648, 0.55308425997]
    ],
    [
      [0.6407116947, 0.12945358292, 0.22852657059, 0.0013081517956],
      [0.018874424338, 0.0049904042177, 0.91286501662, 0.063270154828],
      [0.0072523940895, 0.80877588, 0.14060324382, 0.043368482095],
      [0.00038277704897, 0.50829848944, 0.4105639494, 0.080754784108],
      [0.00021105975695, 0.024208977844, 0.36231100046, 0.61326896194]
    ],
    [
      [0.59560048514, 0.17394352861, 0.22879466179, 0.0016613244703],
      [0.015161730814, 0.010233381309, 0.90399529401, 0.070609593862],
      [0.0044235350774, 0.82505530003, 0.12490407865, 0.04561708624],
      [0.00017458607481, 0.52670745207, 0.38782318451, 0.085294777342],
      [0, 0.011067561606, 0.31758640559, 0.6713460328]
    ],
    [
      [0.84497917779, 0.037889971094, 0.11697177828, 0.0001590728303],
      [0.039527881917, 0.0085528175896, 0.88569621741, 0.06622308308],
      [0.02171945319, 0.79004896203, 0.13645517722, 0.051776407561],
      [0.0012427061797, 0.47364755633, 0.43205498784, 0.093054749652],
      [0.0010655241164, 0.012593898835, 0.32577497687, 0.66056560018]
    ],
    [
      [0.48669297185, 0.15410529881, 0.35762467201, 0.0015770573384],
      [0.0067733055752, 0.010443755707, 0.94954375328, 0.033239185439],
      [0.0044707359308, 0.82977707637, 0.14067941946, 0.025072768244],
      [0, 0.5051594115, 0.44313087827, 0.051709710223],
      [0, 0.023772086567, 0.48332946617, 0.49289844727]
    ]
  ],
  "expected_outcome": [
    [
      [36.6004035245, 5.0434623556, 10.9758817079, 15.1009983407, 10.2671465852, 17.5514925298, 12.2056685274, 19.5881097823, 39.2352827979, 3.3490872293, 29.0873392515, 52.4983663833, 3.1317536757, 28.290351186, 5.0777051526, 10.0695284299, 0.98983717025, 79.7287635112, 12.9984216245, 19.3357295946, 2.985267621, 7.733980134, 3.9898331869, 32.0198997255, 30.6083466367, 7.4530302595, 4.0747837493, 33.7123217846, 24.0275718433, 25.7113824286, 5.4368969069, 40.3139813016, 22.4997263763, 16.2660230541, 22.1426891459, 70.3711564781, 33.1495752405, 35.7752007919, 21.1141699592, 71.046520802, 4.3635337951, 60.7000529269, 17.94520849, 117.4092769463, 17.6498636138],
      [5.3727045803, 1.1183240821, 2.1138709234, 4.2275926511, 2.3450561357, 1.7454840895, 1.4792871754, 2.8066109845, 9.738556458, 0.19397050047, 5.1929725435, 9.3596617443, 0.34385459293, 1.718667873, 2.0819076907, 0.59469306406, 0.68973453677, 11.1804887293, 2.3334369876, 2.4882925528, 0.26782899814, 1.4113196483, 0.30328021084, 5.2635013205, 4.7736051827, 0.61554613973, 1.2201300037, 3.0433121106, 5.5299222066, 4.946487514, 0.5773669193, 8.9529457604, 3.8710001478, 1.4127451803, 2.4489076411, 18.4924199231, 5.1230195318, 4.5701125994, 2.4721516331, 13.1001810944, 2.5104872461, 11.4963684576, 4.4709277652, 8.6990344171, 5.005115704],
      [14.982180159, 2.8360374752, 5.9076001023, 7.6516622205, 4.3753070172, 4.7030233807, 4.3150442972, 7.6052792332, 22.9829236265, 0.4569422702, 11.719688205, 24.0962942437, 1.5234988059, 4.990980941, 4.8204832057, 2.3357785061, 1.3197519986, 36.0002994325, 8.668141388, 7.156305442, 0.7464769772, 2.8504471157, 0.70688660222, 10.716598954, 10.6180481807, 1.9274602003, 2.7033438246, 10.243283571, 10.4372916292, 11.3421300574, 1.9857361738, 19.7064790956, 9.6245816762, 3.3212317656, 10.3920779579, 47.0252854098, 14.6984960664, 14.6278557896, 8.3998452676, 47.7245056037, 4.1259789588, 26.7243085333, 8.5492950493, 26.8551676263, 13.3166658317],
      [0.044711736213, 0.002176087175, 0.002647266406, 0.019746787842, 0.012490261817, 0, 0, 0, 0.043237117642, 0, 0, 0.045677628723, 0.00089292554531, 0, 0.019903950972, 0, 0.00067629438164, 0.090448327037, 0, 0.019672410716, 0.00042640363292, 0.004253101934, 0, 0, 0, 0.0039634005163, 0.0017424223188, 0.001082533697, 0.005214320875, 0, 0, 0.02659384236, 0.0046917996845, 0, 0.016325255142, 0.111138189, 0.028909161285, 0.026830819152, 0.013833140115, 0.12879249992, 0, 0.079270082215, 0.034568695407, 0.036521010327, 0.028354850421]
    ],
    [
      [10.758971118, 1.8178977138, 3.3419559163, 6.3766212074, 5.2032919897, 14.7187035748, 9.3968536885, 16.5470254946, 8.7758199218, 3.2012001992, 12.2907786736, 10.8879831387, 0.70166726401, 9.665865821, 0.38747786985, 5.7684506115, 0.0064619623904, 11.8388304026, 6.378909058, 9.6364494287, 10.5538103751, 4.5030068297, 4.3633138003, 18.0107279344, 14.2947661814, 6.0679015479, 1.783423277, 32.1712115882, 12.7992476503, 9.9604210031, 4.2419717738, 16.6096000567, 3.4986627418, 6.5056493301, 3.0256169911, 1.6887192264, 3.2934034383, 5.2486655961, 3.6409810319, 4.8344133904, 1.5159297842, 17.8277201634, 4.5826311991, 69.2967407267, 1.1357843428],
      [0.46938848046, 0.85152795634, 0.28463477493, 4.6740663029, 3.6681980722, 12.5082343084, 1.2729265252, 11.5045350231, 9.8088261583, 0.98923948936, 9.7126579606, 4.7506445464, 0.12183009065, 0.31448078487, 0, 0.35620471881, 1.4750252475, 0, 7.0153130719, 3.5200354281, 4.6415049615, 0.45444149744, 3.1408626758, 13.0471120803, 3.1239552701, 0.56926503106, 0.36745205216, 2.9089500179, 11.5413517204, 0.51695856778, 0.62442303396, 2.2718172031, 1.4517582856, 2.0703049854, 0.67299557679, 8.5502012465, 1.0944399366, 1.1889816153, 1.1081364097, 0.060532293726, 5.6396943665, 5.5414419554, 3.6788204601, 5.9545556674, 2.4290907882],
      [385.636212473, 123.1805447831, 269.1502523199, 360.9435140051, 248.3268087306, 377.4680099657, 368.8318148144, 738.2520298881, 486.9370958311, 30.3050228467, 445.1799068131, 378.3815794266, 29.6819626284, 98.6425289606, 144.5598268418, 144.4661771326, 39.6227806733, 324.6162753911, 352.8641619029, 320.6823338282, 251.4758932415, 186.2703780176, 66.5667303557, 604.1298425001, 455.1268298621, 161.3936544266, 159.8324807883, 1077.2965673325, 639.12868884, 520.4178460328, 240.750969835, 837.9120882649, 91.2504174692, 101.7807657477, 87.6637893797, 265.3236763097, 90.6538318289, 129.1046005728, 90.9170162645, 299.9378013762, 210.9377788801, 671.3227159863, 215.0084532463, 1225.9011953677, 146.5304187789],
      [24.1354279285, 6.1500295468, 12.2231569889, 36.0057984846, 29.8017012075, 16.3050521511, 19.4984049718, 29.6964095942, 31.4782580888, 1.5045374647, 23.8166565526, 22.9797928883, 1.4945400169, 4.3771244335, 11.0526952884, 3.4091675371, 0.89573211676, 16.5448942063, 22.7416159672, 32.161181315, 23.328791422, 15.7721736553, 4.9290931681, 26.8123174852, 22.4544486864, 13.9691789944, 11.0166438825, 64.6232710613, 43.5307117893, 25.1047743964, 13.3826353573, 56.2064944754, 1.7991615033, 3.6432799368, 4.6375980524, 13.4374032174, 4.9583247962, 7.4577522158, 4.3338662938, 14.1672529397, 9.9065969692, 45.3081218949, 16.7300950945, 92.8475082382, 4.9047060901]
    ],
    [
      [2.5881835598, 0.13804886024, 1.6777174575, 0.51653233287, 0.52563695203, 2.6741449016, 1.3653091166, 1.82053461, 0.9840368376, 0.38564039277, 2.5667180699, 2.5593621231, 0.16506407373, 4.7537143498, 0.53410333123, 4.0881121641, 0.0037008673599, 4.3482456679, 0.61792295741, 1.9980775319, 1.4275045989, 0.75675657895, 0.62223482705, 2.8793742885, 2.0256869135, 1.4481717611, 0.14099420891, 8.9478702075, 1.1646481477, 3.2878929445, 2.2971962902, 2.0620744482, 0.97400400838, 3.1864786661, 1.7989883835, 0.94012429546, 1.5291974535, 2.9385076417, 2.1872749645, 1.1190658077, 0.11930868251, 3.4050193615, 0.47015484711, 12.943732914, 0.21435204332],
      [130.2984017643, 27.0065367006, 58.7355498301, 283.5274754723, 174.1017318773, 256.1102851317, 169.0955339927, 266.8082883859, 502.9505737404, 12.9305628487, 457.4676612369, 330.5665001834, 39.3591435443, 80.0223460997, 78.9278388944, 52.8245924817, 10.7064567504, 246.2511739479, 437.4222045412, 332.0565037702, 123.6552416814, 134.8462885822, 38.8813052247, 347.5134662647, 190.144522216, 87.0992185789, 47.1008725967, 332.4818887255, 217.7387392828, 224.4687659378, 87.0199773509, 401.0180791237, 63.3540258032, 107.6688197997, 124.1640899797, 292.8711134683, 92.5757463506, 153.4895918904, 121.2739704193, 238.3477393168, 143.243687221, 505.8490901609, 166.4449562649, 560.7428842959, 79.3673525518],
      [25.1490456367, 4.4847380928, 12.4477295685, 42.4338094611, 25.9253396755, 34.4628817441, 33.1307782245, 44.3455268943, 75.9294378236, 1.2307708276, 65.7354558917, 54.7205864811, 7.9487891348, 11.6712910865, 16.9033831976, 13.3751924492, 1.0706878864, 47.5835868497, 62.0253348604, 48.8163059139, 17.4521264773, 24.8237595863, 3.7390590675, 54.3578358886, 34.174255344, 16.0128566659, 8.6954876485, 66.8913218291, 31.9632414738, 47.4154695882, 18.623685677, 76.7628773332, 9.7012109453, 13.8922728586, 21.3996740255, 43.0724868782, 14.3157126901, 24.3209039115, 18.8931335392, 52.2506501314, 21.6660972066, 88.1978116069, 25.4287744798, 97.0350682184, 14.1051741522],
      [7.9643690392, 1.3706763464, 3.1390031438, 21.5221827337, 15.4472914951, 7.7526882226, 8.4083786662, 10.0256501098, 23.1359515984, 0.45302593093, 16.2301648016, 15.1535512123, 1.5270032472, 2.552648464, 5.6346745768, 1.712102905, 0.21915449588, 10.8169935345, 18.934537641, 25.129112784, 8.4651272423, 9.5731952526, 1.7574008807, 12.2493235582, 8.6555355264, 6.4397529941, 3.0626455458, 20.678919238, 12.1333710957, 10.8278715296, 5.0591406818, 24.1569690949, 0.97075924309, 2.2524286756, 4.6372476112, 10.116275358, 3.5793435058, 6.2509965564, 3.645621077, 10.2825447441, 4.9709068899, 27.5480788707, 9.6561144082, 36.2783145717, 2.3131212527]
    ],
    [
      [0.016175054039, 0.0005910703578, 0.002883207685, 0.0033832071383, 0.0039244730865, 0.015314866543, 0.010427423976, 0.020761767581, 0.0048604427044, 0.0085033611617, 0.031670991893, 0.036734553095, 0.001123065507, 0.21123135021, 0.00071364630711, 0.025190040982, 0, 0.027930081092, 0.004371709297, 0.017240834463, 0.016762137546, 0.0033657974435, 0.0067460869506, 0.031082898294, 0.022968376284, 0.0076839605301, 0.00065108506729, 0.023109197557, 0.0058244910366, 0.021802742258, 0.0090102483991, 0.01247056551, 0.018182493211, 0.014252171965, 0.019347099489, 0, 0.020244134739, 0.018563066686, 0.01765070257, 0, 0.0011285421839, 0.029479061434, 0.0020054637357, 0.11201478002, 0],
      [13.7799856527, 2.793367499, 7.4775171547, 28.8336596643, 26.3910206125, 12.962729227, 11.8578307559, 33.6003822554, 33.3102494789, 1.6370663523, 55.2176678205, 42.3853377443, 2.0341841229, 12.6057756484, 9.6764131215, 5.8133473239, 0, 15.7719227083, 19.9389411359, 25.7468318498, 14.5410017721, 4.8613666815, 3.3290883253, 32.0516675328, 18.392700246, 5.2205030258, 6.8519772981, 17.9980856509, 35.5909438286, 37.2827577595, 10.8392699676, 29.8321613317, 8.0646160224, 4.464368192, 9.4309734953, 17.2134678872, 10.0234617532, 8.4340950186, 7.4931326869, 18.7142355754, 21.6289465656, 42.0436185798, 11.8406365685, 39.2756038478, 5.5383639916],
      [13.6859747887, 2.7711523798, 8.3274177972, 22.4113017411, 20.2655763428, 9.6528005939, 11.3066963105, 30.3196991603, 25.037053388, 1.1463551541, 40.253884444, 33.6200882412, 1.7072827831, 9.7320024307, 9.3859874465, 6.5368265058, 3.3473189302e-32, 14.0131953863, 14.3887156352, 19.1924498677, 11.5661411187, 4.1803973423, 2.1834586704, 26.1173618791, 16.9430650586, 4.6869841926, 6.8195051056, 18.6532669305, 30.4035831265, 37.1320538728, 11.2644251324, 27.8649770866, 6.4247366377, 3.1449679398, 7.401900544, 12.8486001652, 7.6979684545, 6.4486903444, 5.6533064661, 17.7653366754, 16.8935185318, 35.1725132303, 9.1675992627, 35.0489756554, 4.886607763],
      [2.5178645046, 0.4348890509, 1.1921818405, 5.7516553875, 6.3394785716, 1.3691553125, 1.8250455096, 4.0591568166, 4.6478366904, 0.20807513249, 6.4967767436, 5.9578394614, 0.25741002846, 1.4509905707, 1.9368857856, 0.62463612931, 0, 2.1869518243, 2.6679715196, 5.043477448, 2.8760949716, 0.95487017882, 0.48070691735, 3.7998876898, 2.6412663192, 1.0848288211, 1.3278665112, 3.325538221, 5.9996485539, 5.5633856254, 1.8872946516, 5.2903910162, 0.49246484671, 0.37641169625, 1.1477788613, 1.9379319476, 1.2583256576, 1.0986515704, 0.83591014437, 2.5204277492, 2.4764063604, 6.7543891285, 1.9897587051, 7.5634057168, 0.57502824545]
    ],
    [
      [0.03626674362, 0, 0.0015617106451, 0.0024649119422, 0, 0.040344127297, 0.021741243452, 0.023568345455, 0, 0.055568817507, 0.023493013139, 0.017553801781, 0.00039192108939, 0.078837293064, 0, 0.048718753499, 0, 0.056230337183, 0.00037465081765, 0.0125026104, 0.016655267457, 0.0028906599005, 0.01787209876, 0.05891515332, 0.048231892156, 0.023212471016, 0.00014767968877, 0.14548722208, 0.0027078676812, 0.018500881668, 0.014924780716, 0.0018736279783, 0.0094243802224, 0.027596777767, 0.013358380056, 0, 0.0075797329127, 0.019062903566, 0.039923341805, 0, 9.9196013572e-05, 0.03772848677, 0, 0.23823463289, 0],
      [1.0795195222, 0.23024376208, 0.38842731687, 2.7372059094, 0.49399330222, 1.6732672434, 1.2944215508, 2.2801833511, 2.1917941644, 0.24916080924, 2.4090404386, 0.9378557816, 0.1409876492, 0.33872959394, 0.31384029332, 0.41116241151, 0.12878346531, 0.79641461444, 2.2901042635, 2.1883363992, 0.89442258678, 0.42658359051, 0.3454635633, 3.1242528017, 1.5652170853, 0.49546722448, 0.45956804927, 3.5677634951, 2.5990429616, 1.7850302209, 0.93896272822, 2.9249965811, 0.25859974093, 0.38376184274, 0.28303330712, 0.87279747489, 0.18333242784, 0.3172188764, 0.6526088509, 0.77731171974, 0.97718460081, 4.0694808463, 0.56465894121, 2.3279217718, 0.6600769644],
      [23.5465869426, 4.7275272692, 9.1670002121, 36.5597125723, 9.1069682338, 22.7132843156, 25.4156663534, 40.4774648241, 36.1134893308, 2.8609089014, 34.1110646462, 19.1814516074, 3.1384666478, 5.9631965813, 8.3303193084, 10.2860254063, 1.9867794417, 19.7866429404, 31.0536462134, 30.1526049481, 13.7593621853, 9.8750179382, 3.8038653041, 45.6783607782, 29.1378015546, 9.9790445146, 9.9491826329, 79.9155603369, 42.0671949305, 37.6925004489, 21.3751831818, 57.7535782198, 4.9990532716, 5.8607616882, 6.1425580929, 16.7299512372, 3.63399096, 6.4979493818, 10.1366984626, 21.3217062132, 14.3766264227, 63.5826506432, 10.845877962, 48.1595931323, 12.1611334743],
      [39.3376267916, 7.0422289687, 12.4430107604, 83.7006166064, 28.399038464, 29.5731043137, 37.2681708524, 49.2187834794, 62.6947165047, 4.8343614719, 51.4564019021, 32.8631388092, 4.7201537819, 8.6192365317, 16.3558403983, 9.2540934287, 1.884437093, 29.360712108, 53.6558748723, 72.6465560423, 31.3295599605, 21.6955078114, 7.8327990338, 60.1384712668, 41.248749468, 21.5022757899, 17.5911016381, 125.371188946, 73.3310542403, 51.5039684486, 31.6709293093, 99.3195515711, 3.7329226072, 6.7278796913, 9.5610502199, 24.397251288, 6.1750968792, 11.1657688382, 14.1707693447, 28.900982067, 19.6460897805, 110.3101400238, 22.5894630968, 98.274250463, 13.1787895613]
    ]
  ],
  "prob": [
    [0.658340797, 0.10424005537, 0.23660951504, 0.00080963259038],
    [0.020662768194, 0.0087919149995, 0.91359857707, 0.056946739735],
    [0.0102051691, 0.81536509571, 0.13394031247, 0.040489422724],
    [0.00051940849177, 0.50545924148, 0.4177729785, 0.07624837153],
    [0.00032752723596, 0.019463011512, 0.3756271754, 0.60458228585]
  ],
  "iterations": 281,
  "time": 0.000533,
  "message": "Converged",
  "status": 0,
  "miniter": 0,
  "maxiter": 1000,
  "maxtime": 3600,
  "param_threshold": 0.001,
  "ll_threshold": "-Inf",
  "initial_prob": "group_proportional",
  "adjust_prob_cond_method": "project_lp",
  "adjust_prob_cond_every": false,
  "candidates_id": ["GREEN, Richard Arthur.c", "HARRIS, Mita Whare.c", "CUNLIFFE, David Richard.c", "Other candidates votes.c"],
  "group_id": ["Green Party.p", "Labour Party.p", "National Party.p", "New Zealand First Party.p", "Other parties votes.p"]
}
