{
  "X": [
    [14, 46, 93, 142, 38],
    [8, 10, 12, 98, 3],
    [14, 25, 67, 166, 24],
    [0, 1, 3, 3, 0],
    [9, 18, 35, 98, 10],
    [6, 6, 14, 43, 16],
    [29, 52, 124, 368, 44],
    [11, 28, 76, 124, 34],
    [43, 76, 225, 520, 56],
    [8, 14, 16, 35, 8],
    [1, 2, 3, 0, 2],
    [6, 5, 24, 24, 10],
    [12, 17, 25, 92, 12],
    [3, 7, 10, 12, 10],
    [16, 10, 17, 147, 8],
    [19, 53, 95, 185, 30],
    [10, 24, 32, 111, 7],
    [15, 29, 103, 149, 29],
    [24, 29, 117, 174, 47],
    [14, 14, 28, 92, 10],
    [28, 34, 149, 267, 38],
    [70, 48, 211, 381, 89],
    [32, 106, 128, 290, 25],
    [0, 1, 5, 20, 0],
    [3, 5, 22, 20, 2],
    [21, 30, 119, 188, 43],
    [48, 212, 289, 1026, 75],
    [26, 79, 102, 379, 31],
    [43, 101, 167, 643, 25],
    [5, 45, 32, 40, 12],
    [0, 13, 9, 26, 1],
    [1, 4, 8, 10, 4],
    [47, 159, 201, 572, 36],
    [32, 57, 122, 395, 32],
    [51, 86, 177, 436, 52],
    [8, 4, 8, 75, 10],
    [6, 4, 10, 56, 9],
    [4, 12, 24, 51, 13],
    [0, 0, 2, 2, 5],
    [0, 3, 2, 20, 2],
    [87, 73, 139, 355, 29],
    [0, 1, 2, 6, 0],
    [1, 3, 6, 13, 4],
    [7, 8, 79, 37, 33],
    [0, 6, 15, 31, 1],
    [3, 15, 24, 73, 10],
    [8, 18, 40, 105, 12],
    [0, 0, 0, 21, 1],
    [17, 31, 61, 199, 16],
    [3, 1, 0, 15, 0],
    [7, 55, 60, 87, 33],
    [15, 71, 67, 194, 18],
    [7, 11, 19, 41, 1],
    [8, 12, 22, 40, 7],
    [2, 2, 6, 2, 2],
    [36, 109, 160, 668, 56],
    [9, 30, 31, 114, 6],
    [2, 8, 5, 25, 13],
    [4, 20, 33, 102, 14],
    [0, 3, 14, 8, 3],
    [36, 37, 95, 364, 19],
    [0, 4, 1, 3, 5],
    [6, 45, 58, 29, 9],
    [0, 2, 4, 8, 2],
    [21, 26, 36, 179, 14],
    [2, 4, 10, 17, 7],
    [12, 20, 65, 199, 12],
    [3, 10, 12, 35, 4],
    [2, 7, 9, 4, 7],
    [3, 60, 54, 66, 27],
    [1, 6, 10, 3, 8],
    [4, 5, 8, 66, 6],
    [21, 29, 83, 258, 33],
    [24, 107, 133, 352, 30],
    [7, 9, 29, 23, 11],
    [33, 81, 134, 310, 53],
    [6, 5, 7, 40, 2],
    [6, 15, 12, 44, 7],
    [7, 8, 24, 106, 4],
    [9, 19, 13, 66, 10],
    [6, 3, 6, 37, 3],
    [6, 22, 14, 24, 4],
    [0, 6, 15, 5, 5],
    [0, 0, 4, 2, 5],
    [0, 7, 6, 9, 4],
    [1, 1, 5, 10, 5],
    [18, 37, 78, 195, 20],
    [1, 7, 10, 41, 3],
    [4, 10, 16, 49, 3],
    [13, 14, 21, 85, 7],
    [5, 23, 67, 174, 14],
    [8, 10, 26, 74, 3],
    [10, 5, 7, 62, 3],
    [5, 9, 21, 50, 6],
    [1, 4, 18, 71, 5],
    [3, 3, 8, 54, 1],
    [0, 3, 3, 9, 8],
    [9, 39, 32, 46, 17],
    [6, 28, 23, 126, 8],
    [1, 6, 12, 48, 5],
    [58, 130, 178, 743, 58],
    [2, 12, 24, 52, 6],
    [37, 96, 237, 580, 60],
    [6, 33, 36, 117, 4],
    [3, 13, 16, 43, 5],
    [5, 25, 40, 107, 11],
    [0, 12, 7, 7, 9],
    [0, 0, 3, 0, 1],
    [179, 361, 828, 2237, 243],
    [12, 18, 39, 110, 6],
    [17, 68, 137, 275, 40],
    [81, 339, 365, 874, 116],
    [3, 33, 38, 84, 15]
  ],
  "W": [
    [22, 37, 72, 139, 37, 26],
    [15, 6, 10, 81, 11, 8],
    [19, 22, 48, 148, 36, 23],
    [0, 1, 2, 3, 1, 0],
    [10, 31, 22, 78, 17, 12],
    [9, 5, 13, 40, 10, 8],
    [26, 58, 108, 300, 87, 38],
    [14, 19, 66, 100, 49, 25],
    [37, 63, 174, 452, 150, 44],
    [9, 14, 15, 31, 7, 5],
    [0, 3, 2, 1, 0, 2],
    [5, 9, 22, 19, 12, 2],
    [12, 14, 22, 86, 15, 9],
    [2, 3, 13, 14, 7, 3],
    [25, 4, 16, 126, 18, 9],
    [23, 53, 79, 166, 26, 35],
    [17, 20, 26, 87, 29, 5],
    [20, 22, 96, 109, 55, 23],
    [24, 31, 101, 141, 59, 35],
    [14, 10, 25, 88, 15, 6],
    [28, 38, 118, 231, 67, 34],
    [46, 53, 190, 339, 114, 57],
    [26, 109, 103, 277, 40, 26],
    [1, 1, 1, 18, 2, 3],
    [1, 7, 18, 18, 7, 1],
    [20, 34, 104, 166, 47, 30],
    [53, 238, 231, 954, 108, 66],
    [34, 81, 84, 343, 47, 28],
    [42, 114, 144, 573, 70, 36],
    [6, 42, 28, 36, 10, 12],
    [0, 12, 6, 26, 3, 2],
    [0, 4, 4, 11, 3, 5],
    [53, 150, 167, 534, 76, 35],
    [29, 58, 95, 364, 65, 27],
    [49, 89, 139, 399, 76, 50],
    [6, 5, 8, 67, 7, 12],
    [1, 3, 5, 56, 15, 5],
    [6, 17, 10, 50, 12, 9],
    [0, 0, 1, 2, 3, 3],
    [2, 3, 2, 17, 2, 1],
    [69, 73, 133, 299, 76, 33],
    [0, 0, 4, 5, 0, 0],
    [1, 5, 6, 10, 4, 1],
    [7, 8, 70, 29, 25, 25],
    [4, 12, 8, 23, 3, 3],
    [4, 20, 14, 66, 12, 9],
    [7, 20, 32, 94, 21, 9],
    [0, 2, 0, 18, 1, 1],
    [18, 23, 57, 176, 38, 12],
    [4, 0, 1, 12, 2, 0],
    [7, 56, 59, 80, 17, 23],
    [14, 65, 51, 188, 28, 19],
    [7, 16, 12, 37, 4, 3],
    [15, 18, 13, 29, 9, 5],
    [2, 1, 5, 1, 2, 3],
    [34, 105, 147, 610, 94, 39],
    [13, 25, 29, 92, 19, 12],
    [3, 4, 6, 25, 10, 5],
    [6, 19, 29, 93, 11, 15],
    [0, 2, 11, 6, 6, 3],
    [57, 43, 71, 301, 56, 23],
    [0, 3, 3, 3, 2, 2],
    [6, 48, 42, 25, 16, 10],
    [0, 1, 4, 7, 1, 3],
    [15, 33, 22, 163, 28, 15],
    [2, 5, 6, 10, 13, 4],
    [16, 23, 51, 177, 34, 7],
    [4, 6, 11, 34, 5, 4],
    [2, 8, 8, 4, 3, 4],
    [8, 46, 49, 57, 27, 23],
    [0, 4, 13, 4, 2, 5],
    [4, 5, 8, 57, 4, 11],
    [26, 22, 68, 231, 58, 19],
    [24, 99, 115, 323, 56, 29],
    [4, 16, 10, 21, 18, 10],
    [30, 79, 112, 289, 52, 49],
    [7, 7, 4, 39, 0, 3],
    [9, 16, 11, 37, 6, 5],
    [7, 13, 10, 97, 11, 11],
    [14, 14, 12, 47, 14, 16],
    [2, 2, 6, 33, 9, 3],
    [3, 8, 13, 32, 10, 4],
    [1, 8, 9, 5, 3, 5],
    [0, 0, 6, 0, 2, 3],
    [0, 3, 8, 9, 2, 4],
    [0, 4, 5, 10, 1, 2],
    [20, 37, 50, 164, 60, 17],
    [2, 7, 10, 35, 4, 4],
    [4, 8, 13, 48, 7, 2],
    [14, 10, 22, 72, 12, 10],
    [8, 24, 47, 141, 52, 11],
    [9, 11, 22, 61, 10, 8],
    [9, 6, 5, 59, 5, 3],
    [8, 10, 17, 40, 11, 5],
    [3, 5, 15, 64, 7, 5],
    [2, 8, 5, 46, 5, 3],
    [0, 5, 4, 6, 3, 5],
    [7, 27, 34, 44, 20, 11],
    [10, 32, 16, 109, 12, 12],
    [1, 6, 8, 46, 8, 3],
    [71, 140, 149, 675, 86, 46],
    [0, 14, 18, 45, 17, 2],
    [74, 88, 141, 543, 106, 58],
    [5, 33, 28, 103, 16, 11],
    [5, 10, 6, 40, 12, 7],
    [6, 13, 29, 104, 21, 15],
    [5, 8, 9, 5, 2, 6],
    [0, 0, 3, 0, 0, 1],
    [164, 382, 672, 2035, 372, 223],
    [16, 28, 20, 94, 17, 10],
    [15, 59, 128, 230, 69, 36],
    [82, 312, 348, 806, 127, 100],
    [3, 38, 38, 80, 1, 13]
  ],
  "method": "mvn_cdf",
  "mvncdf_method": "genz",
  "mvncdf_samples": 5000,
  "mvncdf_error": 1e-06,
  "cond_prob": [
    [
      [0.41123758644, 0.077107942578, 0.091826397425, 0.35957071446, 0.060257359104],
      [0.0014140097611, 0.72605730367, 0.150744133, 0.082193759962, 0.039590793603],
      [0.01797509185, 0.097792322445, 0.68057918708, 0.040064407196, 0.16358899143],
      [0.014476832721, 0.051721845063, 0.076330454325, 0.84713658704, 0.010334280856],
      [0.037435825992, 0.02514446994, 0.46149006873, 0.23294056508, 0.24298907025],
      [0.0080324159264, 0.087645229228, 0.33521227583, 0.068955820745, 0.50015425827]
    ],
    [
      [0.37237635973, 0.043321255131, 0.025842569004, 0.55845981614, 0],
      [0.0020180644441, 0.7174199443, 0.069053974062, 0.20202254297, 0.009485474221],
      [0.044768879995, 0.15733570561, 0.55827114741, 0.17072902264, 0.068895244345],
      [0.011119998083, 0.024699322955, 0.0096468470889, 0.95453383187, 0],
      [0.080345687489, 0.024704934964, 0.22936789682, 0.62504265654, 0.040538824189],
      [0.021254376292, 0.1499881259, 0.2888605834, 0.31387095877, 0.22602595564]
    ],
    [
      [0.43177784743, 0.042457929352, 0.062477835712, 0.43238505601, 0.030901331495],
      [0.0023637078878, 0.64292501206, 0.1641619094, 0.15805710635, 0.032492264301],
      [0.028095230682, 0.080501277983, 0.69405268152, 0.071909389454, 0.12544142036],
      [0.015262267131, 0.025412499086, 0.039371870072, 0.91032196882, 0.0096313948932],
      [0.050767056842, 0.017937197406, 0.40686272487, 0.36322625698, 0.1612067639],
      [0.013444290032, 0.077308641846, 0.36577111025, 0.13269479418, 0.4107811637]
    ],
    [
      [0.48208713016, 0.042775601971, 0.049901392167, 0.40049120085, 0.024744674853],
      [0, 1.1102230246e-16, 9.7438781658e-16, 1, 0],
      [0, 0.021492881907, 0.95858032171, 0.019926796386, 0],
      [0, 0.31154988503, 0.08711243815, 0.60133767682, 0],
      [0, 0.022364581084, 0.82150204214, 0.15613337678, 0],
      [0.00050727859075, 0.049857957982, 0.87073599356, 0.064337729632, 0.014561040236]
    ],
    [
      [0.48512982653, 0.019418479754, 0.043455721291, 0.43486531123, 0.01713066119],
      [0.0043184087222, 0.50097229719, 0.19489388962, 0.26914403938, 0.030671365088],
      [0.043440196996, 0.052816011859, 0.7006757981, 0.10284608441, 0.10022190863],
      [0.020942689397, 0.0039181885224, 0.031945354911, 0.93506455207, 0.0081292150973],
      [0.068603446979, 0.010248620041, 0.35446137036, 0.4549577159, 0.11172884673],
      [0.021613196563, 0.05282304027, 0.38260697264, 0.19799596482, 0.34496082571]
    ],
    [
      [0.44626886342, 0.03609360162, 0.048791883586, 0.34090558685, 0.12794006452],
      [0.0022934808135, 0.60520935886, 0.13106168704, 0.12428423653, 0.13715123676],
      [0.021480978125, 0.054931843136, 0.58667884493, 0.13540478205, 0.20150355176],
      [0.03234256716, 0.040102304272, 0.048778442775, 0.87877668579, 0],
      [0.035609965877, 0.011094759036, 0.23563824433, 0.20564408606, 0.5120129447],
      [0.0053822205394, 0.027494633637, 0.12140243427, 0.042832259601, 0.80288845196]
    ],
    [
      [0.45839107251, 0.028208963095, 0.038271821124, 0.45467822701, 0.020449916262],
      [0.0035888920959, 0.5900136712, 0.14125588907, 0.23490159226, 0.030239955368],
      [0.0456566141, 0.080459784894, 0.63493194962, 0.11449850653, 0.12445314485],
      [0.017443663004, 0.014233194417, 0.02421202532, 0.93692191589, 0.0071892013656],
      [0.068039616024, 0.014837095325, 0.30842155699, 0.47668182376, 0.1320199079],
      [0.0207951725, 0.073561359025, 0.31955677557, 0.20106162121, 0.3850250717]
    ],
    [
      [0.40279296033, 0.057313951449, 0.060478970312, 0.43849814495, 0.040915972951],
      [0.0017870920241, 0.7051569006, 0.1285446136, 0.12969459306, 0.034816800718],
      [0.025153840669, 0.10426145243, 0.64165094331, 0.069901717515, 0.15903204607],
      [0.011739704583, 0.035101640386, 0.042625546026, 0.90598820841, 0.0045449005942],
      [0.04529098507, 0.023131853228, 0.37561415391, 0.35209859824, 0.20386440955],
      [0.010942463841, 0.090989714437, 0.30777345418, 0.11726652767, 0.47302783988]
    ],
    [
      [0.47248513881, 0.039905450953, 0.053549277519, 0.41290255935, 0.021157573362],
      [0.0029143788071, 0.65103053225, 0.15453754882, 0.16705012731, 0.024467412813],
      [0.036983305101, 0.088844591983, 0.6924528187, 0.081339287998, 0.10037999622],
      [0.018561381176, 0.024764583336, 0.036499201296, 0.91504400005, 0.0051308341403],
      [0.064568737001, 0.019213443828, 0.3949036745, 0.39640735874, 0.12490678593],
      [0.018733956129, 0.09031835309, 0.38779160321, 0.15873680311, 0.34441928446]
    ],
    [
      [0.61546009081, 0.040019695546, 0.038033946905, 0.27550631196, 0.030979954774],
      [0.0033748631555, 0.73340941455, 0.11416220886, 0.11203203974, 0.037021473694],
      [0.049350544969, 0.10594884807, 0.60361239041, 0.061897206625, 0.17919100993],
      [0.030547446104, 0.038321197242, 0.040350852428, 0.8819827196, 0.0087977846231],
      [0.089441193307, 0.023161254287, 0.34518931611, 0.31350898071, 0.22869925559],
      [0.020058748316, 0.086554464169, 0.26760721194, 0.097501872792, 0.52827770279]
    ],
    [
      [0.48208713016, 0.042775601971, 0.049901392167, 0.40049120085, 0.024744674853],
      [0.0032353437274, 0.49847212255, 0, 0, 0.49829253372],
      [0.040143200509, 0.085261113994, 0.64974090467, 0, 0.22485478083],
      [0.72875190827, 0.082844135377, 0.13355419023, 0, 0.054849766128],
      [0.17538048284, 0.025423815411, 0.68451605212, 0.11434681949, 0.00033283013441],
      [0.090627829765, 0.12560863449, 0.78348200022, 0, 0.00028153553125]
    ],
    [
      [0.63577759804, 0.015448390375, 0.049413597058, 0.25395054796, 0.045409866572],
      [0.0056960334102, 0.4748469842, 0.25150240767, 0.17603683493, 0.091917739791],
      [0.056165671652, 0.010564507885, 0.69933502452, 0.056233306085, 0.17770148985],
      [0.030999914721, 0.014342709323, 0.051003127284, 0.88448879453, 0.019165454146],
      [0.076140294812, 0.0076661573728, 0.38241059758, 0.24681127672, 0.28697167351],
      [0.015760507664, 0.02610532562, 0.27302660839, 0.070880297662, 0.61422726066]
    ],
    [
      [0.57970125212, 0.039102512079, 0.035299332601, 0.32069144803, 0.025205455161],
      [0.0035302250439, 0.71961477236, 0.10902474499, 0.13671653454, 0.031113723064],
      [0.054106566562, 0.11219691445, 0.59803533215, 0.079695872976, 0.15596531385],
      [0.025873969558, 0.03224724134, 0.029238031351, 0.90299497508, 0.0096457826743],
      [0.0913538902, 0.023095789695, 0.32339555795, 0.37598331648, 0.18617144567],
      [0.02314973606, 0.096459035927, 0.28087557845, 0.13189381452, 0.46762183504]
    ],
    [
      [0.60405433659, 0.088846245844, 0.03903313696, 0.15677214273, 0.11129413787],
      [0.0011355735487, 0.86526253376, 0.04995509411, 0.026875618625, 0.056771179953],
      [0.024472898657, 0.15989596552, 0.54552626984, 0.022545889378, 0.24755897661],
      [0.080305850116, 0.1211656579, 0.052624187343, 0.74590430464, 0],
      [0.046901049468, 0.033396581885, 0.23390288555, 0.11552567096, 0.57027381214],
      [0.0059158919059, 0.072592357151, 0.10205603807, 0.020464111703, 0.79897160117]
    ],
    [
      [0.45153809419, 0.035968735389, 0.025268937146, 0.47286506491, 0.014359168372],
      [0.0029697873236, 0.68963342358, 0.080385935217, 0.2087193533, 0.018291500579],
      [0.056161661291, 0.13216136857, 0.54751818299, 0.15079296853, 0.11336581861],
      [0.017717563001, 0.022211072742, 0.0057387746157, 0.94840966939, 0.0059229202535],
      [0.074883942237, 0.021485674317, 0.23364999832, 0.56338686771, 0.10659351742],
      [0.024528668553, 0.11581430228, 0.26196181459, 0.25446961179, 0.34322560279]
    ],
    [
      [0.47537781088, 0.046475086808, 0.059811174215, 0.39142990458, 0.026906023516],
      [0.0025423663507, 0.6772353368, 0.15304364632, 0.1396138368, 0.027564813722],
      [0.032472184115, 0.092205620076, 0.69296424584, 0.068267072201, 0.11409087777],
      [0.019540565402, 0.030144518015, 0.040448318288, 0.90050950401, 0.009357094283],
      [0.060028041845, 0.021044496433, 0.41639950757, 0.35252251546, 0.15000543869],
      [0.016051412671, 0.091491693406, 0.37794417955, 0.13012334492, 0.38438936946]
    ],
    [
      [0.37849446347, 0.059175003431, 0.041956945249, 0.50476226806, 0.015611319787],
      [0.0016678246264, 0.74635270537, 0.089546906282, 0.1491200383, 0.013312525427],
      [0.032425241477, 0.14955916122, 0.62300505446, 0.11077070169, 0.084239841155],
      [0.012598196982, 0.029696749618, 0.025845232672, 0.93113293527, 0.0007268854544],
      [0.052172749964, 0.029426104717, 0.3227285519, 0.499684938, 0.095987655426],
      [0.016025692729, 0.14829167779, 0.33799982838, 0.21143477247, 0.28624802863]
    ],
    [
      [0.39885790073, 0.042238354193, 0.056657348737, 0.47670570633, 0.025540690009],
      [0.0022296687535, 0.6436736037, 0.15050754983, 0.1764239185, 0.027165259217],
      [0.028614646368, 0.087528582442, 0.68420567182, 0.086717540225, 0.11293355914],
      [0.011171625617, 0.024014064286, 0.032362154923, 0.92399872697, 0.0084534282058],
      [0.048908961212, 0.018465401825, 0.38046697188, 0.41480611802, 0.13735254707],
      [0.013873180979, 0.08515389621, 0.36603409106, 0.16215122062, 0.37278761114]
    ],
    [
      [0.51143935655, 0.028689857417, 0.054847659132, 0.37066226836, 0.034360858545],
      [0.0037679677986, 0.57376764246, 0.19251339726, 0.1816520884, 0.048298904075],
      [0.037460168947, 0.060767902975, 0.6770993062, 0.069149293991, 0.15552332789],
      [0.023801866029, 0.012036108697, 0.047992243469, 0.90986703262, 0.0063027491817],
      [0.065798780079, 0.013197033099, 0.38722037567, 0.33931359569, 0.19447021547],
      [0.016770864078, 0.054610629316, 0.33473721276, 0.11937309658, 0.47450819727]
    ],
    [
      [0.60904728661, 0.03649497583, 0.038005641789, 0.2944811049, 0.021970990873],
      [0.0039205360929, 0.71153412826, 0.12371881896, 0.13226025078, 0.028566265914],
      [0.056111998891, 0.10306478161, 0.63500646124, 0.07205452918, 0.13376222908],
      [0.027211794498, 0.032887600845, 0.034800840751, 0.8939718372, 0.011127926707],
      [0.098796679264, 0.022126026024, 0.35810909553, 0.35436267658, 0.1666055226],
      [0.02579075824, 0.095185041783, 0.32024347924, 0.12805616199, 0.43072455874]
    ],
    [
      [0.49504393557, 0.027746409411, 0.060927713963, 0.39241261637, 0.023869324684],
      [0.0036850123694, 0.55470107365, 0.21465955978, 0.19327365239, 0.033680701807],
      [0.035478102561, 0.057136789874, 0.7311535749, 0.071299948425, 0.10493158424],
      [0.021240190018, 0.011011747596, 0.043158113755, 0.91513604465, 0.009453903984],
      [0.063967574615, 0.012749303127, 0.42954538043, 0.35903200198, 0.13470573984],
      [0.01823564231, 0.058952986129, 0.41505218037, 0.14126716442, 0.36649202677]
    ],
    [
      [0.67510414892, 0.018101594364, 0.0360429662, 0.24551188457, 0.025239405944],
      [0.0077776275441, 0.55495475232, 0.19560090987, 0.18677761949, 0.054889090776],
      [0.072242093571, 0.055415221586, 0.6409939651, 0.066510938518, 0.16483778122],
      [0.02673824763, 0.0091629025369, 0.056123135706, 0.89957394591, 0.008401768222],
      [0.12216502161, 0.011606943101, 0.35385879894, 0.31378296673, 0.19858626962],
      [0.031858222838, 0.049059951081, 0.31264343647, 0.11304096999, 0.49339741963]
    ],
    [
      [0.57811201938, 0.046775476618, 0.050036552714, 0.30824710847, 0.016828842813],
      [0.0033158128478, 0.72367584853, 0.13675366186, 0.11783393266, 0.018420744103],
      [0.047439267846, 0.11102746938, 0.69176506717, 0.064562429419, 0.085205766187],
      [0.026929909953, 0.037236812496, 0.04614229642, 0.88574501438, 0.0039459667548],
      [0.089993584715, 0.026030275303, 0.42730340682, 0.34165588099, 0.11501685217],
      [0.025465033146, 0.11967433458, 0.41029023798, 0.13362084874, 0.31094954556]
    ],
    [
      [0, 0.024668008077, 0.092794411678, 0.88253758025, 0],
      [0, 0.50978497798, 0.24248807398, 0.24772694804, 0],
      [0, 0.028380535382, 0.87981675702, 0.0918027076, 0],
      [0, 0.0080764962123, 0.033883070992, 0.9580404328, 0],
      [0, 0.0075343440366, 0.53582880711, 0.45663684885, 0],
      [0, 0.092240286222, 0.70111595508, 0.20664375869, 0]
    ],
    [
      [0.69181096447, 0.017789420778, 0.057054579102, 0.22245307928, 0.01089195637],
      [0.0048949407722, 0.54705639759, 0.27873486934, 0.14821199189, 0.021101800409],
      [0.060466914966, 0.038511929357, 0.80061151431, 0.049198353282, 0.051211288085],
      [0.030825259421, 0.018300914361, 0.064512097127, 0.88129751605, 0.0050642130397],
      [0.086504124373, 0.010930954406, 0.55085447098, 0.26879069482, 0.08291975542],
      [0.025136440541, 0.053667928288, 0.56359503278, 0.10960246581, 0.24799813258]
    ],
    [
      [0.50609663387, 0.029271673752, 0.061393512384, 0.36675817413, 0.036480005865],
      [0.0035942867391, 0.56501434767, 0.2082164672, 0.17363254617, 0.049542352226],
      [0.033904452645, 0.056816957561, 0.69515652333, 0.06269765525, 0.15142441121],
      [0.023306460259, 0.012846242962, 0.051511826597, 0.90342283543, 0.0089126347564],
      [0.06162742022, 0.012771592618, 0.41132136736, 0.31832065732, 0.19595896248],
      [0.015481244836, 0.052079131105, 0.35044746533, 0.11038374089, 0.47160841784]
    ],
    [
      [0.40697890003, 0.044325376208, 0.054014113164, 0.47126391037, 0.023417700227],
      [0.0023044035732, 0.65635623636, 0.14234715025, 0.1742567073, 0.024735502515],
      [0.030999883722, 0.095541985401, 0.6758589773, 0.090005900849, 0.10759325272],
      [0.012643582292, 0.024127836831, 0.03320838984, 0.92423962736, 0.0057805636753],
      [0.052390426293, 0.020022718083, 0.37344115168, 0.42450053223, 0.12964517171],
      [0.015159902453, 0.093747913476, 0.36549633632, 0.16951350504, 0.35608234271]
    ],
    [
      [0.4282335915, 0.046220144351, 0.047319508314, 0.45559693778, 0.022629818053],
      [0.0023721523094, 0.68398854931, 0.1235803113, 0.16638677456, 0.023672212523],
      [0.035141112601, 0.10865769968, 0.64810066981, 0.094489636421, 0.11361088149],
      [0.014857529953, 0.026104688993, 0.029189919802, 0.92342060983, 0.0064272514248],
      [0.058141559065, 0.022231799771, 0.34923930351, 0.43658866386, 0.1337986738],
      [0.016688358697, 0.10354974681, 0.33979591005, 0.1729396266, 0.36702635785]
    ],
    [
      [0.46573057265, 0.031425366122, 0.03889925063, 0.45232534397, 0.01161946663],
      [0.0034853226222, 0.62146154438, 0.13642942673, 0.22229395197, 0.016329754294],
      [0.048283058901, 0.092778044779, 0.68030529019, 0.12410775156, 0.05452585457],
      [0.017555809561, 0.018791497979, 0.026017671041, 0.93763502142, 0],
      [0.073226402028, 0.017424289149, 0.33034863278, 0.50005541122, 0.078945264828],
      [0.025108379658, 0.096840320349, 0.38379958995, 0.23668229849, 0.25756941156]
    ],
    [
      [0.45480936691, 0.10315084628, 0.063357516576, 0.34452638813, 0.034155882103],
      [0.007463994374, 0.82370766589, 0.098518752273, 0.04056775305, 0.029741834413],
      [0.024354109137, 0.17359526334, 0.62848235371, 0.050148262278, 0.12342001154],
      [0.017365172123, 0.069470115243, 0.047673827658, 0.8549547825, 0.010536102476],
      [0.051243655655, 0.044606379009, 0.42523318631, 0.29474072156, 0.18417605746],
      [0.0115131855, 0.16480980354, 0.32633097854, 0.091588776154, 0.40575725627]
    ],
    [
      [0.18775890034, 0.13518647192, 0.087680661938, 0.57184231238, 0.017531653426],
      [0, 0.83795873376, 0.083684475053, 0.07208716303, 0.0062696281597],
      [0, 0.17417468433, 0.71088223834, 0.066758827448, 0.048184249883],
      [0, 0.051858277578, 0.050899574928, 0.89724214749, 0],
      [0, 0.045970487679, 0.50150586936, 0.37723663171, 0.075287011257],
      [0, 0.20661020443, 0.45129315656, 0.1371976745, 0.20489896451]
    ],
    [
      [0.77714118108, 0.023733527472, 0.046247074264, 0.13007930254, 0.022798914644],
      [0.0019164916733, 0.71167276417, 0.1806812039, 0.07052976115, 0.03519977911],
      [0.02125325893, 0.062139953636, 0.75943214859, 0.02843851468, 0.12873612416],
      [0.063932710287, 0.049841615525, 0.061889440359, 0.79874403111, 0.02559220272],
      [0.05084288315, 0.017120613044, 0.53710812381, 0.18337117829, 0.2115572017],
      [0.010306506996, 0.061025903774, 0.38948767494, 0.053565803919, 0.48561411037]
    ],
    [
      [0.47003014658, 0.057387033847, 0.053869451073, 0.40102424301, 0.017689125493],
      [0.0022738442761, 0.73250250488, 0.12194901036, 0.12722914293, 0.016045497556],
      [0.035908079886, 0.12471949953, 0.68033635506, 0.077101031775, 0.08193503375],
      [0.018908733953, 0.034597443195, 0.040168686688, 0.90523057447, 0.0010945616939],
      [0.0656387706, 0.028234548201, 0.40607717325, 0.3933276337, 0.10672187425],
      [0.018996164354, 0.13240270635, 0.39784149674, 0.15712698421, 0.29363264834]
    ],
    [
      [0.50661228609, 0.033886914709, 0.047113673258, 0.39260432662, 0.019782799319],
      [0.0035353075361, 0.63376545768, 0.15538077337, 0.18118508609, 0.02613337532],
      [0.043813542175, 0.084118325944, 0.68120015208, 0.086048898238, 0.10481908156],
      [0.020695481236, 0.021577425718, 0.034034576007, 0.91772863382, 0.0059638832155],
      [0.074138851481, 0.01760697459, 0.37552103871, 0.40647615292, 0.12625698229],
      [0.02180477198, 0.084037246424, 0.37445003665, 0.16507116852, 0.35463677643]
    ],
    [
      [0.55282022846, 0.034290213887, 0.048915184192, 0.34223715543, 0.021737218033],
      [0.0039138687456, 0.64471063564, 0.16282194934, 0.15956336398, 0.028990182298],
      [0.046663644541, 0.082679101215, 0.68589540454, 0.072961475391, 0.11180037432],
      [0.024130355671, 0.024915370675, 0.039491368649, 0.90339950069, 0.0080634043176],
      [0.082745204437, 0.018151789236, 0.39684894542, 0.3610383351, 0.1412157258],
      [0.023211608919, 0.082547379951, 0.37709930619, 0.13984561338, 0.37729609156]
    ],
    [
      [0.6518679233, 0.011243247384, 0.014145547686, 0.30693817068, 0.015805110949],
      [0.0088236234449, 0.5194735366, 0.10682013209, 0.3171134397, 0.047769268162],
      [0.11064275884, 0.063863027446, 0.48027928952, 0.14887549665, 0.19633942755],
      [0.025890068654, 0.002944094778, 0, 0.95929283598, 0.01187300059],
      [0.13479127965, 0.0093895712719, 0.18231196808, 0.50781692274, 0.16569025826],
      [0.040113226239, 0.046773938674, 0.18855066339, 0.21287177788, 0.51169039382]
    ],
    [
      [0.79233713659, 0.012749520177, 0.017350398085, 0.15537462201, 0.022188323131],
      [0.0092441000808, 0.63370898336, 0.12973384367, 0.16102009662, 0.066292976278],
      [0.10412875559, 0.064137992861, 0.52043199331, 0.067032228574, 0.24426902966],
      [0.035711286721, 0.024250169236, 0.038200711181, 0.8957904744, 0.0060473584633],
      [0.16530071716, 0.01218969201, 0.25768391431, 0.29391532125, 0.27091035527],
      [0.035988794305, 0.044915741612, 0.19735791272, 0.090681512025, 0.63105603934]
    ],
    [
      [0.41452812098, 0.038054864831, 0.10089252035, 0.36311471094, 0.083409782901],
      [0.0019291446274, 0.54946331039, 0.24663089345, 0.12171578013, 0.080260871399],
      [0.014961288718, 0.043418980354, 0.69702638985, 0.035737635355, 0.20885570573],
      [0.018236071831, 0.031059461466, 0.081384381377, 0.86932008533, 0],
      [0.030388458074, 0.010842587844, 0.45299588223, 0.2027075539, 0.30306551795],
      [0.0059953155397, 0.034835622611, 0.3029429039, 0.055141356151, 0.6010848018]
    ],
    [
      [0.0010626236572, 0.010238117731, 0.066365020255, 0.91926851374, 0.0030657246192],
      [0.0011195224956, 0.092648859805, 0.34469048001, 0.55514579392, 0.0063953437674],
      [0, 0, 0.83535247925, 0.12982272362, 0.034824797134],
      [0, 0, 0.026716226547, 0.93508863819, 0.038195135262],
      [0, 0, 0, 0, 1],
      [0, 0, 0.37040502255, 0, 0.62959497745]
    ],
    [
      [0, 0.047836027608, 0.034025926723, 0.79801961318, 0.12011843249],
      [0, 0.72880532245, 0.063465758835, 0.17773335721, 0.029995561506],
      [0, 0.10988021037, 0.52094209075, 0.1376190795, 0.23155861939],
      [0, 0.022220817544, 0.008429381295, 0.96334073387, 0.0060090672863],
      [0, 0.029505226542, 0.20718572724, 0.53890219847, 0.22440684775],
      [0, 0.06138720536, 0.14199575206, 0.14092567022, 0.65569137235]
    ],
    [
      [0.72805274539, 0.018976564961, 0.021319262217, 0.22381286123, 0.0078385662038],
      [0.0093566280349, 0.6519865939, 0.12937834983, 0.19021944715, 0.019058981076],
      [0.1239559334, 0.092677569508, 0.60521249142, 0.09695023547, 0.081203770205],
      [0.010622843387, 0.024168752626, 0.044470086948, 0.92073831704, 0],
      [0.18778639315, 0.017358800922, 0.29871728252, 0.40823495268, 0.08790257073],
      [0.065066409919, 0.097689485243, 0.35127334975, 0.1954514672, 0.2905192879]
    ],
    [
      [0.48208713016, 0.042775601971, 0.049901392167, 0.40049120085, 0.024744674853],
      [3.3813780007e-05, 0.9213957555, 0.01117426013, 0.06693838352, 0.00045778707382],
      [0, 0.22539011478, 0.5, 0.27460988522, 0],
      [0, 0.019687908176, 0, 0.98031209182, 0],
      [0.0010874996117, 0.0091145906077, 0.055067425113, 0.93214345437, 0.0025870303002],
      [0.0014745951473, 0.16902281537, 0.22547528141, 0.58416898817, 0.019858319896]
    ],
    [
      [0.40812282475, 0.020702916016, 0.043663906787, 0.46256249169, 0.064947860758],
      [0.002084952764, 0.52040691151, 0.16156500432, 0.22125024876, 0.094692882643],
      [0.030679929912, 0.041386643292, 0.61175906147, 0.096134146632, 0.22004021869],
      [0.027066901031, 0.0074751430097, 0.024661916926, 0.94079603903, 0],
      [0.030398837056, 0.0080305904335, 0.26873302713, 0.34237503581, 0.35046250957],
      [0.0051084734176, 0.022068874831, 0.15640542499, 0.07692085115, 0.73949637561]
    ],
    [
      [0.48383161375, 0.032052936441, 0.092131011814, 0.33110105073, 0.060883387265],
      [0.0027867353734, 0.53287790172, 0.26356974378, 0.1310980059, 0.069667613226],
      [0.023971132537, 0.023319140591, 0.76322551328, 0.020599198769, 0.16888501482],
      [0.020161413352, 0.022678178165, 0.073051067159, 0.86429839013, 0.019810951197],
      [0.043583155098, 0.010715510694, 0.47489230628, 0.21892166877, 0.25188735916],
      [0.0095458271426, 0.038188458226, 0.35319801731, 0.066154786037, 0.53291291129]
    ],
    [
      [0, 0.025944147261, 0.1008120013, 0.86027088919, 0.012972962251],
      [0, 0.43444451082, 0.28724628201, 0.27805300777, 0.00025619940359],
      [0, 0.033679848558, 0.8536270494, 0.076113078397, 0.036580023647],
      [0, 0.0091891386732, 0.045037741266, 0.94577312006, 0],
      [0, 0.018978447271, 0.50579354107, 0.42567988573, 0.049548125928],
      [0, 0.048388320446, 0.58917718107, 0.19451810142, 0.16791639706]
    ],
    [
      [0.36755085674, 0.038052420377, 0.066565461873, 0.4897573414, 0.038073919605],
      [0.001913920838, 0.59926335955, 0.17840858553, 0.17974230185, 0.040671832223],
      [0.02063164308, 0.06636973218, 0.69522261653, 0.073644292755, 0.14413171546],
      [0.010248649018, 0.018441871803, 0.039196386596, 0.92160992945, 0.010503163133],
      [0.036857847852, 0.014540560606, 0.39679904375, 0.36926515612, 0.18253739167],
      [0.0093300159743, 0.060188512287, 0.34265553002, 0.12862969796, 0.45919624377]
    ],
    [
      [0.48204619998, 0.03331150823, 0.050898826189, 0.40979504038, 0.023948425226],
      [0.0030784268022, 0.6219810158, 0.16286880261, 0.18145066906, 0.030621085729],
      [0.036437081193, 0.076310560441, 0.6876761792, 0.081713010793, 0.11786316838],
      [0.02041954967, 0.020015483416, 0.032813594203, 0.9173281699, 0.0094232028079],
      [0.062897340908, 0.016169911643, 0.38201532165, 0.3947788236, 0.1441386022],
      [0.017537737538, 0.07380417851, 0.36376609118, 0.15204463603, 0.39284735674]
    ],
    [
      [0.066229360277, 0.0048840285952, 0.011917816198, 0.90493474491, 0.012034050015],
      [0, 0, 0, 0.85812388102, 0.14187611898],
      [0.013640765209, 0.024069665271, 0.45951139291, 0.32972186929, 0.17305630732],
      [0, 0, 0, 0.99843814535, 0.0015618546524],
      [0, 0, 0, 0.91891254936, 0.081087450645],
      [0, 0, 0, 0.39295307235, 0.60704692765]
    ],
    [
      [0.46705989502, 0.045115287637, 0.041039425602, 0.42878369933, 0.018001692407],
      [0.002632021318, 0.70519275389, 0.11103697335, 0.16164235287, 0.019495898565],
      [0.042472429836, 0.11970805378, 0.63604324431, 0.099748978874, 0.1020272932],
      [0.018406083279, 0.027493621615, 0.026335243184, 0.92274596459, 0.0050190873328],
      [0.069088486968, 0.023964824785, 0.33541941929, 0.45367885129, 0.11784841766],
      [0.020551978064, 0.11629930596, 0.33933619108, 0.1862784486, 0.3375340763]
    ],
    [
      [0.58787558548, 0.025449420388, 0, 0.38667499413, 0],
      [0.00097236252363, 0.93882070088, 0.0048256575653, 0.054789881809, 0.00059139722561],
      [0.12043918522, 0.50495626052, 0, 0.37460455427, 0],
      [0.016537623104, 0.020480772207, 0, 0.96298160469, 0],
      [0.16480349781, 0.073738395723, 0, 0.76145810647, 0],
      [0.055438440185, 0.23917088632, 0.14522252698, 0.47562341838, 0.084544728134]
    ],
    [
      [0.43595666492, 0.068771443682, 0.063462543745, 0.36938752972, 0.062421817936],
      [0.0016550729636, 0.73699125301, 0.11865131242, 0.095997100967, 0.046705260638],
      [0.023514042259, 0.11077580938, 0.61314145531, 0.052073880889, 0.20049481216],
      [0.018825705464, 0.053770026411, 0.058395850592, 0.86900841753, 0],
      [0.0443356582, 0.025737029348, 0.36584176983, 0.27435318256, 0.28973236006],
      [0.00906644086, 0.085747189566, 0.25412890003, 0.077452746051, 0.57360472349]
    ],
    [
      [0.48840611314, 0.070951169763, 0.053678188765, 0.36496978684, 0.021994741485],
      [0.0019424086797, 0.78008128691, 0.10321345816, 0.097836420472, 0.016926425781],
      [0.034646527975, 0.14772434054, 0.65306041319, 0.066746676978, 0.097822041318],
      [0.02166386758, 0.042228429839, 0.042099893723, 0.88635587762, 0.0076519312363],
      [0.066550619013, 0.034957197076, 0.40710601693, 0.3578047504, 0.13358141659],
      [0.01751897303, 0.14998485678, 0.36420005319, 0.13018616441, 0.33810995259]
    ],
    [
      [0.65567483868, 0.019873584668, 0.047562755995, 0.26998059524, 0.0069082254177],
      [0.005496797646, 0.57390458534, 0.231161391, 0.18943722602, 0],
      [0.051323135261, 0.058992705517, 0.79828397275, 0.0758756295, 0.015524556975],
      [0.032394045672, 0.019133644554, 0.0476088799, 0.90086342987, 0],
      [0.10197034694, 0.012863225078, 0.48784324148, 0.34225804669, 0.055065139811],
      [0.033329555394, 0.070367108984, 0.55872308563, 0.15588452361, 0.18169572638]
    ],
    [
      [0.44337478824, 0.031086694031, 0.073786657069, 0.41817095056, 0.033580910096],
      [0.0026482938965, 0.55872317862, 0.2253675547, 0.17255775785, 0.04070321493],
      [0.023878286747, 0.051545958483, 0.74391917986, 0.059208670084, 0.12144790482],
      [0.017841684394, 0.01525182381, 0.037312338542, 0.91040764485, 0.019186508401],
      [0.046107183399, 0.012173356293, 0.45506119287, 0.3206565855, 0.16600168194],
      [0.011783532094, 0.050944363401, 0.39760525352, 0.11279048379, 0.4268763672]
    ],
    [
      [0.75291356246, 0.019486644605, 0.031107439112, 0.060686494433, 0.13580585939],
      [0.0063661754184, 0.65784404533, 0.17590611972, 0.15983284235, 5.0817186445e-05],
      [0, 0.077841011346, 0.60595933362, 0, 0.31619965503],
      [0.039592385866, 0.023715806639, 0.041587129845, 0.89509189467, 1.2782977536e-05],
      [0.14904960209, 0.016461140955, 0.4224827322, 0.41185113706, 0.00015538769788],
      [0.050038369871, 0.28577984006, 0.6151765799, 0, 0.04900521017]
    ],
    [
      [0.42913005199, 0.042739487849, 0.041248245797, 0.46313570777, 0.023746506596],
      [0.0025634693482, 0.6741202585, 0.11527671851, 0.18144372796, 0.026595825679],
      [0.038780455524, 0.10984641922, 0.61588164749, 0.10530470764, 0.13018677012],
      [0.014864055757, 0.024200018653, 0.02380418483, 0.93026158169, 0.006870159069],
      [0.060574741771, 0.021251535351, 0.31410121349, 0.4591820097, 0.14489049969],
      [0.017399673098, 0.098901306257, 0.30545731292, 0.18203407005, 0.39620763768]
    ],
    [
      [0.39063405066, 0.058449261593, 0.034222957573, 0.50554380505, 0.011149925123],
      [0.0017652972681, 0.75813618101, 0.075655896605, 0.15458345272, 0.0098591723921],
      [0.038703539184, 0.17187193024, 0.60480015791, 0.13872821491, 0.045896157759],
      [0.015370019586, 0.028673241725, 0.019429424499, 0.93652731419, 0],
      [0.058459861875, 0.031797089687, 0.28742032725, 0.54758566536, 0.074737055826],
      [0.019203591325, 0.17169884619, 0.32300052379, 0.24796545303, 0.23813158566]
    ],
    [
      [0.31329952622, 0.1246005711, 0.035513108363, 0.2988968461, 0.22768994821],
      [0.00051486982677, 0.84740046452, 0.032285470736, 0.03672434507, 0.083074849848],
      [0.010334651131, 0.14207378966, 0.23682577227, 0.028111418494, 0.58265436845],
      [0.011986776458, 0.08791589191, 0.028166109811, 0.87193122182, 0],
      [0.068657536057, 0.092079593555, 0.23975505375, 0.18869319355, 0.41081462309],
      [0.0019578526441, 0.053092091473, 0.048332175119, 0.02050621789, 0.87611166287]
    ],
    [
      [0.34331893323, 0.050095101714, 0.055422469609, 0.51831226948, 0.03285122597],
      [0.0015974045003, 0.67578500527, 0.12773663096, 0.16460876843, 0.03027219084],
      [0.022643115997, 0.099277090976, 0.64887323763, 0.088947736797, 0.1402588186],
      [0.0073312086369, 0.026085485984, 0.030133774363, 0.92749767269, 0.0089518583284],
      [0.038204356603, 0.020547348352, 0.35222963307, 0.42129863809, 0.16772002388],
      [0.010069001689, 0.088567174866, 0.31641188821, 0.15276712245, 0.43218481278]
    ],
    [
      [0.24557127731, 0.06820056715, 0.12605069059, 0.52406298394, 0.036114481012],
      [0, 0.71214157631, 0.17502823992, 0.092445401887, 0.020384781884],
      [0, 0.082532852804, 0.76825523559, 0.043700826616, 0.10551108499],
      [0, 0.03458920025, 0.060179794524, 0.89814830987, 0.0070826953513],
      [0, 0.034423528585, 0.56164832654, 0.27681381293, 0.12711433194],
      [0, 0.084593031172, 0.48938906744, 0.094875788868, 0.33114211252]
    ],
    [
      [0.42709556908, 0.027043506246, 0.043388537076, 0.48813522949, 0.014337158106],
      [0.0033429277604, 0.56490123968, 0.15964722913, 0.25098457191, 0.021124031513],
      [0.040537725265, 0.073307238664, 0.68648232387, 0.12034702471, 0.079325687488],
      [0.015638697756, 0.011507339692, 0.029977567204, 0.94287639535, 0],
      [0.061612850727, 0.013779032636, 0.33936702961, 0.49556158562, 0.089679501409],
      [0.02069828302, 0.07511381816, 0.38669461534, 0.22965533816, 0.28783794532]
    ],
    [
      [0.00011796526187, 0.15813178135, 0.014687643076, 0.82701517779, 4.7432529239e-05],
      [0, 0.35401748666, 0, 0, 0.64598251334],
      [0, 0.5326663662, 0.1389708367, 0, 0.32836279711],
      [0, 0.06473204607, 0.0079413956244, 0.23664269199, 0.69068386632],
      [0, 0.076446651925, 0.12188353659, 0.80010169825, 0.0015681132293],
      [0, 0.49642949968, 0.15774811493, 0.34493426376, 0.00088812163162]
    ],
    [
      [0.51721349446, 0.075584188916, 0.097996650863, 0.28472871094, 0.024476954821],
      [0.0089042870786, 0.77375096546, 0.17446569045, 0.022668900686, 0.020210156322],
      [0.022161417945, 0.10123612905, 0.77339842531, 0.03319889239, 0.070005135307],
      [0.02300834838, 0.059291818306, 0.085832006593, 0.82307058085, 0.0087972458734],
      [0.051990219658, 0.029114344171, 0.58525715958, 0.21700507464, 0.11663320195],
      [0.013148147576, 0.12064061401, 0.50450183718, 0.076032130557, 0.28567727067]
    ],
    [
      [0.037741421959, 0.075581293957, 0.067342623432, 0.78567891421, 0.03365574644],
      [0, 0.82668861001, 0.067336588055, 0.092266854184, 0.013707947755],
      [0, 0.11918291507, 0.65758294332, 0.083817793131, 0.13941634847],
      [0, 0.047936871382, 0, 0.94793921056, 0.0041239180625],
      [0, 0.030936681349, 0.3500449331, 0.4782896081, 0.14072877745],
      [0, 0.11002831623, 0.31742890185, 0.15286596377, 0.41967681816]
    ],
    [
      [0.66541723896, 0.018614863815, 0.024945162745, 0.27822332085, 0.012799413634],
      [0.0075595830481, 0.60458021892, 0.14066993116, 0.21832063492, 0.028869631956],
      [0.092746635777, 0.077855996066, 0.61265114149, 0.1019903988, 0.11475582786],
      [0.025560373362, 0.015588401395, 0.026996356675, 0.92394168973, 0.0079131788435],
      [0.13940140673, 0.014378170605, 0.29662104421, 0.42758994351, 0.12200943494],
      [0.043951262763, 0.074219980053, 0.31997295612, 0.1868844412, 0.37497135987]
    ],
    [
      [0.43417538325, 0.028582247871, 0.047036465649, 0.44452072908, 0.045685174159],
      [0.0022983499256, 0.60765159886, 0.14709953823, 0.18623108479, 0.056719428194],
      [0.026355436062, 0.061725815627, 0.61565361721, 0.079902073711, 0.21636305739],
      [0.01218859621, 0.015805061747, 0.028972100501, 0.93153136754, 0.011502874005],
      [0.0616599939, 0.015041735466, 0.3243779079, 0.37924767333, 0.21967268941],
      [0.0096397461768, 0.045157359423, 0.24246846665, 0.11371431175, 0.589020116]
    ],
    [
      [0.40090111108, 0.030443451923, 0.058157894102, 0.4909893328, 0.019508210099],
      [0.0026959413125, 0.56415012285, 0.18764345698, 0.2203385714, 0.025171907462],
      [0.029282664102, 0.064688762473, 0.72573764485, 0.091524584957, 0.088766343621],
      [0.012655152866, 0.013026217503, 0.035673722635, 0.93446351566, 0.0041813913408],
      [0.049510469103, 0.01349777605, 0.39742715683, 0.43295161815, 0.10661297987],
      [0.01526309951, 0.067680024849, 0.41632600827, 0.18403320177, 0.3166976656]
    ],
    [
      [0.43188917016, 0.097322996723, 0.052781619512, 0.39363170155, 0.024374512055],
      [0.0010025043135, 0.84923082028, 0.068644817861, 0.068499749864, 0.012622107686],
