{
  "X": [
    [2, 1, 8, 2],
    [11, 21, 82, 0],
    [20, 36, 78, 4],
    [9, 14, 19, 2],
    [28, 49, 42, 6],
    [16, 43, 47, 16],
    [21, 32, 48, 16],
    [6, 22, 28, 2],
    [1, 4, 5, 2],
    [3, 6, 13, 1],
    [4, 5, 2, 1],
    [4, 2, 5, 1],
    [1, 4, 24, 1],
    [13, 16, 17, 1],
    [15, 33, 53, 4],
    [9, 23, 22, 3],
    [8, 20, 24, 4],
    [8, 6, 8, 3],
    [11, 15, 38, 4],
    [12, 27, 64, 3],
    [24, 33, 39, 9],
    [7, 6, 5, 4],
    [27, 57, 68, 7],
    [1, 1, 4, 2],
    [4, 8, 10, 2],
    [4, 11, 12, 0],
    [11, 11, 23, 3],
    [12, 9, 33, 0],
    [1, 28, 11, 0],
    [2, 5, 15, 0],
    [29, 37, 53, 4],
    [1, 2, 6, 2],
    [181, 121, 131, 8],
    [44, 39, 45, 4],
    [13, 22, 19, 3],
    [29, 44, 63, 4],
    [30, 24, 46, 4],
    [32, 16, 11, 0],
    [60, 50, 124, 4],
    [1, 7, 14, 0],
    [4, 10, 20, 4],
    [6, 48, 15, 3],
    [13, 11, 5, 0],
    [45, 75, 60, 6],
    [65, 116, 53, 6],
    [0, 2, 8, 0],
    [7, 1, 4, 0],
    [9, 15, 30, 2],
    [3, 5, 7, 0],
    [6, 1, 3, 0],
    [10, 23, 32, 5],
    [10, 45, 13, 0],
    [23, 16, 41, 1],
    [22, 19, 31, 2],
    [54, 39, 60, 8],
    [21, 57, 25, 4],
    [96, 57, 108, 3],
    [2, 2, 5, 0],
    [9, 15, 15, 1],
    [5, 2, 5, 0],
    [37, 28, 45, 3],
    [21, 2, 18, 1],
    [62, 59, 69, 2],
    [63, 70, 114, 5],
    [78, 59, 98, 7],
    [34, 50, 54, 2],
    [29, 19, 72, 0],
    [47, 42, 70, 2],
    [1, 4, 3, 0],
    [15, 18, 12, 0],
    [0, 7, 7, 0],
    [4, 0, 11, 0],
    [5, 6, 24, 1],
    [22, 28, 27, 1],
    [44, 44, 86, 4],
    [1, 0, 7, 2],
    [6, 2, 9, 1],
    [11, 5, 10, 0],
    [22, 17, 60, 5],
    [2, 3, 17, 3],
    [9, 15, 21, 2],
    [1, 1, 10, 0],
    [59, 19, 39, 4],
    [54, 53, 170, 6],
    [3, 0, 9, 1],
    [39, 18, 45, 4],
    [37, 35, 66, 2],
    [78, 47, 108, 3],
    [1, 6, 7, 0],
    [8, 19, 24, 2],
    [36, 7, 30, 0],
    [22, 13, 43, 0],
    [77, 76, 123, 12],
    [41, 30, 49, 2],
    [24, 23, 61, 3],
    [34, 50, 48, 2],
    [17, 24, 48, 1],
    [37, 44, 48, 4],
    [38, 54, 118, 5],
    [67, 63, 104, 6],
    [17, 19, 39, 0],
    [40, 41, 73, 5],
    [49, 52, 118, 5],
    [18, 17, 29, 4],
    [45, 25, 49, 1],
    [19, 21, 25, 0],
    [19, 23, 36, 3],
    [26, 42, 59, 3],
    [78, 80, 108, 9],
    [10, 6, 26, 0],
    [47, 39, 80, 2],
    [53, 53, 118, 4],
    [53, 73, 102, 11],
    [13, 19, 26, 2],
    [2, 0, 4, 3],
    [31, 17, 42, 1],
    [0, 0, 8, 1],
    [0, 1, 4, 1],
    [1, 1, 4, 0],
    [1, 0, 12, 1],
    [1, 3, 8, 1],
    [1, 1, 12, 0],
    [10, 10, 13, 1],
    [13, 17, 32, 3],
    [7, 6, 9, 1],
    [5, 4, 8, 1],
    [8, 13, 18, 1],
    [7, 8, 8, 2],
    [6, 7, 29, 6],
    [28, 21, 55, 1],
    [15, 10, 37, 3],
    [5, 15, 11, 1],
    [12, 22, 34, 1],
    [8, 3, 5, 3],
    [1, 2, 4, 0],
    [22, 14, 58, 2],
    [27, 32, 86, 7],
    [11, 14, 21, 1],
    [16, 9, 23, 2],
    [7, 26, 57, 8],
    [1, 0, 6, 0],
    [5, 6, 8, 1],
    [8, 10, 30, 1],
    [1, 4, 17, 3],
    [1, 2, 12, 2],
    [2, 2, 4, 1],
    [1, 9, 16, 2],
    [24, 44, 70, 12],
    [13, 12, 15, 1],
    [7, 15, 26, 4],
    [29, 61, 69, 10],
    [4, 14, 13, 3],
    [2, 2, 3, 1],
    [34, 48, 47, 7],
    [11, 10, 17, 3],
    [11, 18, 33, 5],
    [2, 10, 16, 2],
    [7, 5, 12, 1],
    [5, 11, 12, 1],
    [29, 37, 41, 12],
    [2, 12, 25, 1],
    [7, 13, 15, 3],
    [0, 2, 5, 0],
    [5, 12, 24, 3],
    [1524, 1538, 2720, 226],
    [236, 209, 317, 21],
    [395, 386, 700, 44],
    [73, 50, 80, 2]
  ],
  "W": [
    [0, 1, 4, 4, 2, 2, 0],
    [11, 8, 27, 42, 3, 17, 6],
    [15, 9, 53, 27, 4, 28, 2],
    [3, 0, 24, 4, 2, 9, 2],
    [12, 8, 60, 15, 5, 21, 4],
    [12, 6, 44, 26, 8, 17, 9],
    [11, 9, 44, 17, 5, 18, 13],
    [5, 1, 25, 11, 5, 9, 2],
    [1, 0, 2, 2, 3, 4, 0],
    [5, 0, 1, 3, 3, 9, 2],
    [3, 3, 3, 0, 0, 3, 0],
    [3, 1, 3, 1, 4, 0, 0],
    [1, 3, 5, 9, 7, 5, 0],
    [6, 3, 15, 4, 3, 12, 4],
    [19, 3, 35, 21, 13, 13, 1],
    [7, 5, 19, 6, 3, 15, 2],
    [8, 3, 19, 12, 3, 8, 3],
    [1, 6, 5, 2, 5, 4, 2],
    [5, 5, 17, 16, 6, 16, 3],
    [12, 2, 27, 33, 0, 31, 1],
    [16, 4, 45, 16, 3, 17, 4],
    [3, 2, 7, 2, 3, 4, 1],
    [15, 8, 75, 25, 9, 21, 6],
    [1, 0, 3, 1, 0, 3, 0],
    [1, 1, 6, 6, 1, 7, 2],
    [2, 3, 14, 3, 1, 4, 0],
    [5, 2, 16, 7, 6, 9, 3],
    [3, 6, 21, 12, 5, 6, 1],
    [6, 2, 21, 6, 2, 3, 0],
    [0, 1, 8, 7, 3, 2, 1],
    [9, 14, 45, 25, 10, 17, 3],
    [1, 0, 3, 1, 3, 2, 1],
    [21, 54, 235, 62, 8, 49, 12],
    [8, 15, 61, 25, 3, 19, 1],
    [2, 6, 24, 9, 3, 11, 2],
    [13, 8, 45, 29, 7, 31, 7],
    [8, 12, 34, 23, 6, 17, 4],
    [1, 21, 17, 8, 0, 1, 11],
    [8, 27, 105, 58, 8, 28, 4],
    [5, 0, 5, 3, 5, 4, 0],
    [2, 4, 15, 4, 8, 4, 1],
    [8, 3, 37, 13, 1, 7, 3],
    [2, 3, 18, 3, 1, 2, 0],
    [23, 24, 72, 38, 4, 18, 7],
    [26, 29, 117, 33, 2, 28, 5],
    [0, 0, 6, 1, 1, 2, 0],
    [1, 3, 4, 2, 1, 1, 0],
    [3, 3, 18, 10, 8, 12, 2],
    [3, 0, 4, 3, 3, 2, 0],
    [1, 2, 3, 0, 1, 3, 0],
    [6, 3, 25, 11, 6, 15, 4],
    [8, 8, 35, 11, 1, 4, 1],
    [9, 9, 32, 25, 0, 2, 4],
    [9, 7, 33, 19, 1, 5, 0],
    [8, 20, 64, 38, 9, 13, 9],
    [12, 11, 43, 15, 6, 19, 1],
    [26, 46, 98, 66, 6, 21, 1],
    [0, 0, 2, 2, 3, 0, 2],
    [8, 1, 18, 8, 1, 3, 1],
    [1, 1, 4, 4, 1, 0, 1],
    [9, 9, 59, 23, 2, 8, 3],
    [4, 12, 12, 9, 1, 0, 4],
    [19, 31, 86, 23, 3, 26, 4],
    [22, 17, 119, 46, 6, 37, 5],
    [21, 40, 102, 35, 7, 28, 9],
    [16, 15, 66, 23, 4, 14, 2],
    [17, 17, 37, 40, 3, 4, 2],
    [20, 17, 66, 33, 6, 15, 4],
    [0, 0, 4, 1, 1, 2, 0],
    [3, 0, 25, 6, 3, 7, 1],
    [2, 0, 8, 0, 2, 2, 0],
    [0, 2, 4, 2, 1, 6, 0],
    [1, 1, 16, 13, 1, 4, 0],
    [5, 6, 43, 10, 2, 10, 2],
    [12, 18, 61, 54, 9, 18, 6],
    [0, 0, 5, 2, 0, 3, 0],
    [4, 1, 6, 3, 1, 3, 0],
    [1, 6, 6, 6, 0, 7, 0],
    [9, 10, 36, 23, 9, 16, 1],
    [3, 1, 7, 4, 4, 6, 0],
    [1, 3, 17, 14, 3, 9, 0],
    [2, 0, 3, 2, 2, 3, 0],
    [6, 24, 50, 28, 1, 11, 1],
    [18, 18, 86, 84, 14, 60, 3],
    [1, 0, 2, 5, 3, 2, 0],
    [8, 19, 40, 31, 2, 4, 2],
    [2, 16, 54, 34, 7, 16, 11],
    [16, 36, 91, 56, 7, 23, 7],
    [0, 1, 7, 3, 1, 2, 0],
    [3, 3, 27, 6, 4, 5, 5],
    [1, 16, 23, 27, 1, 4, 1],
    [13, 7, 25, 14, 6, 11, 2],
    [20, 32, 122, 58, 11, 31, 14],
    [3, 15, 48, 31, 8, 15, 2],
    [4, 9, 57, 18, 3, 18, 2],
    [7, 13, 69, 23, 8, 11, 3],
    [4, 7, 52, 12, 1, 9, 5],
    [8, 15, 68, 21, 3, 11, 7],
    [9, 6, 101, 45, 15, 34, 5],
    [14, 27, 112, 41, 9, 32, 5],
    [8, 6, 28, 21, 7, 5, 0],
    [10, 15, 68, 39, 1, 15, 11],
    [9, 28, 80, 66, 8, 27, 6],
    [4, 6, 33, 16, 1, 8, 0],
    [14, 14, 48, 22, 6, 16, 0],
    [7, 7, 23, 11, 1, 13, 3],
    [7, 2, 36, 22, 1, 11, 2],
    [3, 9, 74, 22, 4, 16, 2],
    [11, 30, 144, 41, 7, 27, 15],
    [1, 2, 14, 14, 2, 8, 1],
    [10, 12, 73, 38, 9, 20, 6],
    [9, 23, 100, 58, 6, 29, 3],
    [17, 19, 111, 39, 11, 35, 7],
    [0, 8, 29, 8, 6, 9, 0],
    [0, 1, 4, 0, 2, 2, 0],
    [7, 8, 38, 23, 0, 12, 3],
    [1, 0, 0, 4, 2, 2, 0],
    [1, 0, 1, 1, 2, 1, 0],
    [0, 1, 1, 4, 0, 0, 0],
    [3, 1, 4, 0, 3, 2, 1],
    [2, 2, 0, 3, 2, 3, 1],
    [0, 1, 5, 0, 5, 3, 0],
    [2, 4, 10, 9, 3, 4, 2],
    [8, 9, 23, 9, 2, 10, 4],
    [2, 2, 11, 5, 2, 1, 0],
    [0, 3, 8, 1, 1, 4, 1],
    [5, 4, 10, 11, 5, 5, 0],
    [4, 3, 9, 2, 3, 4, 0],
    [6, 1, 15, 8, 9, 9, 0],
    [5, 17, 41, 24, 6, 8, 4],
    [4, 6, 14, 15, 8, 16, 2],
    [0, 1, 19, 4, 3, 4, 1],
    [8, 8, 18, 15, 6, 12, 2],
    [2, 8, 6, 0, 1, 0, 2],
    [0, 1, 3, 1, 1, 0, 1],
    [9, 9, 24, 45, 1, 7, 1],
    [10, 11, 66, 37, 6, 15, 7],
    [3, 7, 14, 14, 1, 6, 2],
    [2, 14, 12, 14, 1, 4, 3],
    [13, 5, 23, 20, 9, 23, 5],
    [1, 0, 2, 1, 1, 2, 0],
    [1, 4, 8, 2, 2, 3, 0],
    [6, 4, 10, 7, 8, 12, 2],
    [5, 0, 4, 3, 6, 5, 2],
    [0, 0, 6, 4, 4, 3, 0],
    [2, 0, 1, 1, 4, 1, 0],
    [3, 1, 7, 6, 7, 2, 2],
    [9, 8, 58, 38, 12, 16, 9],
    [2, 5, 13, 2, 5, 14, 0],
    [5, 5, 16, 10, 7, 5, 4],
    [15, 13, 64, 20, 10, 42, 5],
    [5, 2, 12, 6, 5, 3, 1],
    [0, 0, 3, 2, 2, 1, 0],
    [7, 16, 70, 13, 5, 22, 3],
    [8, 0, 13, 4, 5, 9, 2],
    [7, 6, 16, 14, 13, 10, 1],
    [5, 1, 10, 4, 6, 4, 0],
    [1, 2, 5, 9, 2, 6, 0],
    [5, 0, 10, 3, 8, 3, 0],
    [13, 18, 37, 26, 4, 17, 4],
    [5, 1, 12, 6, 8, 8, 0],
    [9, 0, 10, 2, 7, 8, 2],
    [0, 0, 4, 1, 1, 1, 0],
    [5, 2, 14, 8, 3, 9, 3],
    [426, 776, 2109, 1532, 293, 709, 163],
    [74, 139, 270, 174, 29, 67, 30],
    [156, 169, 581, 341, 67, 164, 47],
    [22, 50, 58, 55, 6, 13, 1]
  ],
  "method": "mvn_pdf",
  "cond_prob": [
    [
      [0.060386577391, 0.19786542131, 0.44325039002, 0.29849761128],
      [0.75034608622, 0.04475116324, 0.142207673, 0.062695077544],
      [0.18466493773, 0.20256023719, 0.45283664989, 0.15993817519],
      [0.051947661335, 0.023460805346, 0.90236112238, 0.022230410935],
      [0.00040686063389, 0.0075250194985, 0.2710472389, 0.72102088097],
      [0.013831579322, 0.052393232979, 0.42093076135, 0.51284442635],
      [0.0073690333812, 0.0094080922418, 0.046290745021, 0.93693212936]
    ],
    [
      [0.060681849165, 0.36342689875, 0.56510387526, 0.010787376827],
      [0.65273914268, 0.10335247241, 0.24037895689, 0.0035294280115],
      [0.15231130151, 0.32541464583, 0.51648098428, 0.0057930683877],
      [0.045874415608, 0.039274654066, 0.91402991315, 0.00082101717108],
      [0.0011607469073, 0.04039672504, 0.9252628818, 0.033179646257],
      [0.022369178524, 0.16214866189, 0.79483653453, 0.020645625055],
      [0.089987465487, 0.21509711855, 0.61869961319, 0.076215802768]
    ],
    [
      [0.078774982799, 0.427382114, 0.46638892176, 0.027453981446],
      [0.71847565559, 0.10411897099, 0.16977447456, 0.0076308988635],
      [0.19355341159, 0.37465518563, 0.41740933523, 0.014382067556],
      [0.06921140798, 0.053854805099, 0.87452009651, 0.0024136904127],
      [0.0016768726619, 0.053155618724, 0.84848808313, 0.09667942548],
      [0.03126780012, 0.20605523541, 0.70544572684, 0.05723123763],
      [0.1080600956, 0.23448169165, 0.47277429556, 0.18468391719]
    ],
    [
      [0.12822078788, 0.48423630923, 0.35964757514, 0.027895327754],
      [0.83050142219, 0.077679368085, 0.086683162199, 0.0051360475281],
      [0.29685765731, 0.39199973956, 0.29766193153, 0.013480671594],
      [0.13054407038, 0.069416057457, 0.79720466701, 0.0028352051564],
      [0.0032327693906, 0.070969824705, 0.80283537276, 0.12296203315],
      [0.056662259395, 0.25933049781, 0.61767043176, 0.066336811036],
      [0.17594719992, 0.26221305218, 0.36434451092, 0.19749523698]
    ],
    [
      [0.11089484907, 0.59942429468, 0.25400501421, 0.035675842054],
      [0.80334351879, 0.11532760219, 0.073477181403, 0.0078516976157],
      [0.26149352058, 0.5027760272, 0.21784713431, 0.017883317914],
      [0.14938833282, 0.11522020876, 0.73059695499, 0.004794503436],
      [0.0035231885965, 0.11117178414, 0.69333679729, 0.19196822998],
      [0.055523985615, 0.36463733787, 0.48527861138, 0.09456006513],
      [0.15515564418, 0.33457178158, 0.26263334565, 0.24763922858]
    ],
    [
      [0.064411130139, 0.53820854785, 0.2299446783, 0.16743564371],
      [0.69372584986, 0.15332468442, 0.098702312953, 0.054247152774],
      [0.17153611711, 0.51084078217, 0.22313723253, 0.094485868181],
      [0.099307376541, 0.11807566375, 0.75710177801, 0.025515181698],
      [0.0012433642013, 0.060374832495, 0.37911294378, 0.55926885953],
      [0.025896314351, 0.26216191723, 0.35201530834, 0.35992646008],
      [0.04890231463, 0.16300467177, 0.12931076184, 0.65878225176]
    ],
    [
      [0.085609681818, 0.43222390224, 0.32180761798, 0.16035879796],
      [0.74645671224, 0.099957527714, 0.11148890684, 0.042096853211],
      [0.219246311, 0.39409399679, 0.29969272259, 0.086966969622],
      [0.1005897187, 0.072598785526, 0.80814327429, 0.01866822148],
      [0.0014866995159, 0.043811674339, 0.47762172608, 0.47707990006],
      [0.031798961663, 0.19491202636, 0.45576958496, 0.31751942701],
      [0.064967094971, 0.13100680448, 0.18061711445, 0.62340898611]
    ],
    [
      [0.065601685097, 0.60338202948, 0.3103721104, 0.020644175022],
      [0.70329597742, 0.16299364926, 0.12724755564, 0.0064628176823],
      [0.1655709591, 0.53934863944, 0.284027324, 0.011053077468],
      [0.079551648329, 0.10253130645, 0.81540563957, 0.002511405651],
      [0.0019247157761, 0.10150340626, 0.793594551, 0.10297732696],
      [0.031318565037, 0.34654773118, 0.56986818691, 0.052265516871],
      [0.10290562209, 0.37397812235, 0.36051855402, 0.16259770154]
    ],
    [
      [0.05641830333, 0.69733921718, 0.18538337244, 0.060859107057],
      [0.82083249841, 0.1129776302, 0.053599656605, 0.012590214784],
      [0.16101543318, 0.62897391379, 0.17712280236, 0.03288785067],
      [0.10035430598, 0.13924078709, 0.7501718745, 0.010233032437],
      [0.0015381055051, 0.093734358647, 0.49404781892, 0.41067971693],
      [0.028867551436, 0.39415583342, 0.38593909141, 0.19103752373],
      [0.059154589013, 0.26590259566, 0.15631634073, 0.5186264746]
    ],
    [
      [0.16007848419, 0.47233649661, 0.35102922079, 0.016555798399],
      [0.89566035591, 0.047522216738, 0.05480716211, 0.0020102652377],
      [0.37256588518, 0.35055443942, 0.26939857566, 0.0074810997456],
      [0.16017820202, 0.064001854671, 0.77415154258, 0.0016684007298],
      [0.004053490784, 0.070752645865, 0.84963401221, 0.075559851136],
      [0.071052556166, 0.25699312036, 0.63160078376, 0.040353539709],
      [0.23908783569, 0.26572344402, 0.3769595598, 0.11822916049]
    ],
    [
      [0.10586218433, 0.67846978837, 0.1753705232, 0.0402975041],
      [0.86481317952, 0.089973461677, 0.03884051116, 0.006372847645],
      [0.27208881768, 0.5575259249, 0.15096931808, 0.019415939341],
      [0.17233839733, 0.13547178521, 0.68612714157, 0.0060626758866],
      [0.0031008059831, 0.10714909573, 0.50539332462, 0.38435677367],
      [0.055971020302, 0.41789017907, 0.38423329286, 0.14190550776],
      [0.10665533365, 0.25407742122, 0.13417308213, 0.505094163]
    ],
    [
      [0.36825842649, 0.34178442455, 0.26855799601, 0.021399152959],
      [0.97165262509, 0.012578885031, 0.014870422191, 0.00089806769025],
      [0.68286624761, 0.17148139743, 0.13920287291, 0.0064494820463],
      [0.35094556912, 0.042951668993, 0.60396628961, 0.0021364722727],
      [0.0091580084959, 0.054105181398, 0.80175765429, 0.13497915581],
      [0.16831964598, 0.19957613971, 0.56844420496, 0.063660009345],
      [0.45463604537, 0.15297573067, 0.24535086741, 0.14703735655]
    ],
    [
      [0.028656345658, 0.33813664603, 0.61056697867, 0.022640029646],
      [0.50188944019, 0.13135250887, 0.35665687198, 0.010101178959],
      [0.076028271032, 0.322087697, 0.58912317112, 0.01276086085],
      [0.019736567827, 0.032006230682, 0.94665457026, 0.001602631227],
      [0.00049019713734, 0.031386901491, 0.90460262023, 0.063520281142],
      [0.0098474671007, 0.13438061808, 0.81452994614, 0.041241968679],
      [0.038602974931, 0.17826475681, 0.61944791228, 0.16368435598]
    ],
    [
      [0.19201746778, 0.54351532945, 0.25160223793, 0.012864964838],
      [0.8940452644, 0.061169907294, 0.043089180245, 0.001695648063],
      [0.40746048178, 0.39783554188, 0.18902285708, 0.0056811192571],
      [0.23595725893, 0.093228049056, 0.6692240804, 0.0015906116154],
      [0.0068096422284, 0.11265062972, 0.80216408936, 0.078375638691],
      [0.10084447253, 0.34744011831, 0.51570856112, 0.036006848034],
      [0.29506763346, 0.32691756159, 0.28357273687, 0.094442068076]
    ],
    [
      [0.09547519635, 0.52895918738, 0.34834358651, 0.027222029767],
      [0.77092978118, 0.11182695439, 0.11065207991, 0.00659118453],
      [0.22978069927, 0.45202485191, 0.30428192989, 0.013912518922],
      [0.1039039815, 0.081990702687, 0.81113701408, 0.0029683017236],
      [0.00252910886, 0.081636949818, 0.79476341388, 0.12107052744],
      [0.043143477953, 0.29001606267, 0.60186969638, 0.064970762995],
      [0.13685565932, 0.30201780336, 0.3691194494, 0.19200708792]
    ],
    [
      [0.07330106566, 0.63741252289, 0.26127712852, 0.028009282926],
      [0.73362286274, 0.15906571738, 0.099218407379, 0.0080930125085],
      [0.18386728344, 0.56430786613, 0.23699203342, 0.014832817014],
      [0.1003155775, 0.1219903752, 0.77387140307, 0.0038226442316],
      [0.00233375281, 0.11659455012, 0.72669940986, 0.15437228721],
      [0.036717611432, 0.38466485288, 0.50369632858, 0.074921207106],
      [0.11090235526, 0.38059510777, 0.29255769309, 0.21594484389]
    ],
    [
      [0.075415454468, 0.58847380372, 0.28407284498, 0.052037896835],
      [0.73610382734, 0.14372804622, 0.10557205848, 0.014596067959],
      [0.19002834008, 0.52356598194, 0.25886972523, 0.027535952745],
      [0.096968577259, 0.10575367817, 0.79067941404, 0.0065983305386],
      [0.0020150686256, 0.09020459259, 0.66028384366, 0.24749649512],
      [0.034956652154, 0.32822672546, 0.5063834616, 0.13043316078],
      [0.094486231749, 0.29112626422, 0.26365893912, 0.35072856491]
    ],
    [
      [0.13673080425, 0.57848829203, 0.23220384417, 0.052577059553],
      [0.86789208221, 0.075742648031, 0.048171724567, 0.0081935451964],
      [0.32513538062, 0.4591422305, 0.19073326357, 0.024989125308],
      [0.1846530552, 0.10266152565, 0.70562346211, 0.007061957034],
      [0.0038075793597, 0.090196545836, 0.61315904819, 0.29283682661],
      [0.066419475631, 0.33424940631, 0.45375868519, 0.14557243286],
      [0.16454878561, 0.2636414259, 0.20909092848, 0.36271886001]
    ],
    [
      [0.098652543886, 0.45457738496, 0.40806007815, 0.038709992997],
      [0.77805102509, 0.090597862957, 0.12250613596, 0.0088449759947],
      [0.23823818412, 0.38693492082, 0.35516014073, 0.019666754323],
      [0.094353917842, 0.061455675384, 0.84049650207, 0.0036939047083],
      [0.0022038579711, 0.058882559808, 0.79132623823, 0.14758734399],
      [0.04069313994, 0.22678898457, 0.6474262813, 0.085091594189],
      [0.12706072746, 0.23200293247, 0.38855001278, 0.25238632729]
    ],
    [
      [0.088067700211, 0.47164593335, 0.41434290934, 0.025943457097],
      [0.74972198844, 0.10502245493, 0.13863823116, 0.0066173254667],
      [0.21398566602, 0.40708982526, 0.36553602868, 0.013388480048],
      [0.084437486588, 0.064459617915, 0.84861976855, 0.0024831269481],
      [0.0020623767682, 0.064324289479, 0.83239325226, 0.1012200815],
      [0.03702744201, 0.24047206411, 0.66506529045, 0.057435203427],
      [0.12404082927, 0.26475772239, 0.43086367911, 0.18033776924]
    ],
    [
      [0.13304376945, 0.47597597507, 0.28854302829, 0.10243722719],
      [0.83122087685, 0.078379185634, 0.071287159381, 0.019112778134],
      [0.31086272696, 0.39436284239, 0.2443416971, 0.050432733552],
      [0.16073492437, 0.082085571395, 0.74495878328, 0.012220720954],
      [0.0029171925942, 0.061075832909, 0.54382618982, 0.39218078468],
      [0.056257958256, 0.24478786085, 0.46632586725, 0.23262831365],
      [0.12437871192, 0.17752374386, 0.1993322823, 0.49876526192]
    ],
    [
      [0.20417658988, 0.43300584816, 0.16725187237, 0.19556568959],
      [0.91662504321, 0.039558177403, 0.023823342036, 0.019993437348],
      [0.46651203005, 0.32124448653, 0.12802599837, 0.084217485042],
      [0.31363208428, 0.088775703574, 0.56952904155, 0.028063170592],
      [0.0030257492581, 0.037567723168, 0.23616812079, 0.72323840678],
      [0.077531875554, 0.20044156887, 0.25740786523, 0.46461869034],
      [0.10187220131, 0.082741509712, 0.062845718463, 0.75254057051]
    ],
    [
      [0.087700680067, 0.5571303289, 0.32095379358, 0.03421519745],
      [0.75210991391, 0.12819557775, 0.11069974435, 0.0089947639864],
      [0.21345385648, 0.48393315376, 0.28484625731, 0.017766732456],
      [0.10258025232, 0.093333178129, 0.80008527944, 0.0040012901183],
      [0.0024040991349, 0.089215285423, 0.75191478074, 0.1564658347],
      [0.040479409999, 0.31244797902, 0.56394856664, 0.083124044336],
      [0.12256621872, 0.31132714041, 0.33157974449, 0.23452689637]
    ],
    [
      [0.021418057078, 0.080686695412, 0.1416156592, 0.75627958831],
      [0.65304354237, 0.034007147805, 0.082866594713, 0.23008271512],
      [0.10758281291, 0.12993274208, 0.22666936597, 0.53581507904],
      [0.048938718789, 0.025692927622, 0.81471461915, 0.11065373444],
      [1.5133555975e-05, 0.00032883677252, 0.0077991394441, 0.99185689023],
      [0.0020320334672, 0.0089866029205, 0.055412447287, 0.93356891633],
      [1.9773802783e-05, 3.5754049326e-05, 0.0001339474998, 0.99981052465]
    ],
    [
      [0.093753169568, 0.64186303393, 0.22865027737, 0.035733519138],
      [0.81230358932, 0.11457479756, 0.065448979564, 0.0076726335603],
      [0.23520062569, 0.54524135716, 0.20135288456, 0.018205132601],
      [0.1364287026, 0.1221146072, 0.73639614699, 0.0050605432043],
      [0.0029828809817, 0.11281811873, 0.66485453343, 0.21934446686],
      [0.048032791112, 0.38827266515, 0.46165711204, 0.1020374317],
      [0.13173525879, 0.34282212044, 0.2375926137, 0.28785000707]
    ],
    [
      [0.054242934107, 0.59528067628, 0.34447570846, 0.006000681153],
      [0.67401561448, 0.17157486468, 0.15229011254, 0.002119408307],
      [0.13935202337, 0.53798164935, 0.31933364248, 0.0033326848036],
      [0.059443325749, 0.088757285941, 0.85110827454, 0.00069111376573],
      [0.0015244776922, 0.092948987416, 0.88002307145, 0.025503463437],
      [0.025314182752, 0.32842109167, 0.63212305383, 0.01414167175],
      [0.095619350135, 0.40754639096, 0.45075492318, 0.046079335723]
    ],
    [
      [0.1700397559, 0.43359066207, 0.36324953452, 0.033120047504],
      [0.87253514813, 0.054284778498, 0.068419575714, 0.0047604976566],
      [0.37294920071, 0.32951372333, 0.28249283386, 0.01504424211],
      [0.16638622363, 0.059731848299, 0.77064044457, 0.0032414835018],
      [0.004166255367, 0.062162167567, 0.79154860808, 0.14212296898],
      [0.074195887993, 0.23011495514, 0.61770758566, 0.077981571202],
      [0.21901775653, 0.21989154039, 0.34492985902, 0.21616084405]
    ],
    [
      [0.10413867662, 0.33639694978, 0.54881652228, 0.010647851326],
      [0.77941757718, 0.06371854731, 0.1545408928, 0.0023229827122],
      [0.24688417234, 0.28066512181, 0.46711393766, 0.005336768187],
      [0.077383069099, 0.035483215455, 0.8863284852, 0.00080523024374],
      [0.0020036975299, 0.037599144817, 0.92738275262, 0.033014405032],
      [0.038648195066, 0.15098968231, 0.78973212559, 0.020629997033],
      [0.15037279826, 0.19242847031, 0.58423471467, 0.072964016759]
    ],
    [
      [0.021724694227, 0.86557849074, 0.10886070861, 0.0038361064192],
      [0.46319140443, 0.44565620931, 0.088714926746, 0.0024374595114],
      [0.058553200202, 0.83125176515, 0.10793388993, 0.0022611447237],
      [0.057269380789, 0.3075305739, 0.63415689096, 0.0010431543572],
      [0.0014388348753, 0.3156802996, 0.64058448965, 0.042296375878],
      [0.014655728357, 0.68908784775, 0.28288443512, 0.013371988782],
      [0.047513261283, 0.73642875307, 0.17726717228, 0.038790813373]
    ],
    [
      [0.055225362693, 0.45510267488, 0.48232858689, 0.0073433755341],
      [0.68052396299, 0.1205836198, 0.19651997963, 0.0023724375812],
      [0.14232277644, 0.40939852885, 0.44424735961, 0.0040313351037],
      [0.045315306571, 0.049865874469, 0.90418180938, 0.00063700958172],
      [0.0011577907166, 0.051664883713, 0.92380959079, 0.02336773478],
      [0.02178545666, 0.20824349747, 0.75516242113, 0.014808624741],
      [0.089022321854, 0.28141955599, 0.57636178619, 0.053196335967]
    ],
    [
      [0.11214419502, 0.55858138028, 0.30463266965, 0.024641755047],
      [0.80227394161, 0.10566946194, 0.086708075896, 0.0053485205514],
      [0.26287207699, 0.46531684214, 0.25952341296, 0.012287667913],
      [0.13270677526, 0.094156089754, 0.77021683374, 0.002920301238],
      [0.0033266693258, 0.096549794814, 0.77753633054, 0.12258720532],
      [0.053822560368, 0.32536605813, 0.55843079534, 0.062380586162],
      [0.16480279238, 0.32707509022, 0.33081722173, 0.17730489567]
    ],
    [
      [0.069768576945, 0.38683538325, 0.45054922055, 0.09284681925],
      [0.81015430232, 0.063207299949, 0.10964822431, 0.016990173426],
      [0.19341152419, 0.34746742248, 0.4108899969, 0.048231056428],
      [0.05609754649, 0.041400734553, 0.89492665019, 0.0075750687684],
      [0.001050868226, 0.031540867478, 0.65535897214, 0.31204929216],
      [0.023342034698, 0.14926524714, 0.63604377995, 0.19134893822],
      [0.052072309913, 0.11050234074, 0.2697697853, 0.56765556404]
    ],
    [
      [0.23223839068, 0.47658444935, 0.26961678824, 0.021560371729],
      [0.90365765209, 0.050788271341, 0.042932810918, 0.0026212656504],
      [0.45914347764, 0.33700285858, 0.19472621043, 0.0091274533518],
      [0.26565072502, 0.078620521438, 0.65325731516, 0.0024714383829],
      [0.0078763933332, 0.094997660179, 0.77694597366, 0.12017997282],
      [0.11916696072, 0.2981278034, 0.52485929096, 0.057845944927],
      [0.3199862105, 0.2635048776, 0.27435693516, 0.14215197674]
    ],
    [
      [0.17527510196, 0.52343353206, 0.27007819851, 0.031213167461],
      [0.87221280863, 0.069328455626, 0.053737377704, 0.0047213580368],
      [0.37631245797, 0.39895919629, 0.21051479962, 0.014213546125],
      [0.21137396431, 0.090160574525, 0.6947145249, 0.003750936269],
      [0.0055135850703, 0.096347702331, 0.73092829884, 0.16721041376],
      [0.087237871423, 0.31694468411, 0.51338806742, 0.082429377054],
      [0.23722216229, 0.28259169335, 0.26987287475, 0.2103132696]
    ],
    [
      [0.094612263239, 0.6577149912, 0.21674731268, 0.030925432876],
      [0.78657384547, 0.13690947146, 0.069056408716, 0.0074602743614],
      [0.23032195753, 0.56334075901, 0.19050304405, 0.015834239416],
      [0.14365111041, 0.13902555344, 0.71265848855, 0.0046648475963],
      [0.0033316062084, 0.13293044267, 0.67007769158, 0.19366025954],
      [0.050071459061, 0.41939598685, 0.44226951538, 0.088263038709],
      [0.14011985162, 0.38349644671, 0.23765618725, 0.23872751442]
    ],
    [
      [0.12562116126, 0.55356465532, 0.30068704936, 0.020127134067],
      [0.82157303903, 0.096022750698, 0.078395695744, 0.0040085145304],
      [0.28819534606, 0.45129499143, 0.25067646562, 0.0098331968835],
      [0.14825145257, 0.093294687619, 0.75607391194, 0.0023799478743],
      [0.0038631574585, 0.099490616237, 0.7938802442, 0.10276598211],
      [0.061240523758, 0.32806131906, 0.5591641659, 0.051533991283],
      [0.18878734481, 0.33180334151, 0.33351448449, 0.14589482919]
    ],
    [
      [0.16736181639, 0.46358440998, 0.33926399713, 0.029789776501],
      [0.86372859657, 0.062710199545, 0.068947270004, 0.0046139338804],
      [0.3636208415, 0.35612978677, 0.26656164963, 0.013687722103],
      [0.17401541726, 0.068667428743, 0.7542231699, 0.0030939841041],
      [0.004493866786, 0.072789574827, 0.78745226651, 0.13526429188],
      [0.076464025279, 0.25752384144, 0.59389647093, 0.072115662342],
      [0.22337609076, 0.24622877749, 0.33415862262, 0.19623650914]
    ],
    [
      [0.19719269655, 0.59980390739, 0.19478106042, 0.0082223356404],
      [0.89610193487, 0.068502904436, 0.034280657017, 0.0011145036742],
      [0.41243793073, 0.43759934281, 0.14632454495, 0.0036381815188],
      [0.27975549049, 0.11781307, 0.60125806242, 0.0011733770837],
      [0.0087764922883, 0.15304011492, 0.77686154912, 0.061321843675],
      [0.11454882416, 0.42039713144, 0.43994464371, 0.025109400693],
      [0.32077327428, 0.38258127795, 0.233898278, 0.062747169761]
    ],
    [
      [0.11874870724, 0.40532289799, 0.45349134384, 0.02243705093],
      [0.79785544636, 0.073940409594, 0.12353490489, 0.0046692391581],
      [0.27372115819, 0.33383347918, 0.38138919096, 0.011056171665],
      [0.10390122849, 0.051036898927, 0.84309499837, 0.0019668742146],
      [0.0026501146325, 0.053034618548, 0.86203377984, 0.082281486976],
      [0.048401035207, 0.20107716717, 0.70266015487, 0.047861642754],
      [0.16390718559, 0.22420171484, 0.46235673464, 0.14953436492]
    ],
    [
      [0.051092976499, 0.53456841011, 0.40577043919, 0.0085681741991],
      [0.68848062014, 0.14244802883, 0.16633059964, 0.0027407513892],
      [0.13352094937, 0.48457196628, 0.37719374295, 0.0047133413938],
      [0.048705309273, 0.068728002944, 0.88170581274, 0.00086087503949],
      [0.0012327434537, 0.070669142561, 0.89443454417, 0.033663569812],
      [0.021948960184, 0.26911204826, 0.68964736345, 0.019291628102],
      [0.085889468551, 0.34389935947, 0.50309070093, 0.067120471044]
    ],
    [
      [0.046446996068, 0.4455852894, 0.42771997635, 0.080247738182],
      [0.62086987342, 0.14350615936, 0.20647324221, 0.029150725015],
      [0.12356367548, 0.42060605562, 0.41123235766, 0.044597911239],
      [0.043641639025, 0.058323982553, 0.89051327166, 0.0075211067641],
      [0.00085058805357, 0.046093424542, 0.68607754832, 0.26697843909],
      [0.017329583734, 0.1978258423, 0.62012052959, 0.16472404438],
      [0.046027149176, 0.17411523785, 0.31955481134, 0.46030280164]
    ],
    [
      [0.032016846032, 0.853072265, 0.095281691297, 0.01962919767],
      [0.54968746698, 0.37548775829, 0.064755034981, 0.010069739757],
      [0.085406765558, 0.81042254574, 0.093009754408, 0.011160934295],
      [0.089362673146, 0.3309271533, 0.57428747565, 0.0054226979096],
      [0.0019242411565, 0.29173202248, 0.49585900639, 0.21048472997],
      [0.020996297809, 0.6713175801, 0.23857024054, 0.069115881551],
      [0.059029764158, 0.62095648989, 0.13023344065, 0.1897803053]
    ],
    [
      [0.2409456588, 0.58941980989, 0.16471070113, 0.004923830184],
      [0.92426906797, 0.052365276207, 0.022824689065, 0.00054096676161],
      [0.48261362686, 0.39987626553, 0.11543860087, 0.0020715067494],
      [0.35112246327, 0.1165238102, 0.53160187414, 0.00075185239403],
      [0.012018178391, 0.1692670831, 0.77671348009, 0.042001258422],
      [0.14718292633, 0.43602997921, 0.40104033492, 0.015746759539],
      [0.39571335513, 0.37294480202, 0.19868055592, 0.032661286932]
    ],
    [
      [0.091679726094, 0.66430176448, 0.21715388012, 0.026864629309],
      [0.76944799595, 0.14989536241, 0.073711375229, 0.0069452664099],
      [0.22159041417, 0.57299906106, 0.19154434596, 0.013866178823],
      [0.14070378659, 0.14574710221, 0.70943152675, 0.0041175844416],
      [0.0033933469729, 0.14347109517, 0.68671136604, 0.16642419182],
      [0.049133083454, 0.43246298622, 0.44262143736, 0.075782492968],
      [0.14124169198, 0.40894359575, 0.24720366157, 0.2026110507]
    ],
    [
      [0.097159423469, 0.71786016202, 0.16339195498, 0.021588459524],
      [0.78405154367, 0.15689225995, 0.05365410821, 0.0054020881761],
      [0.23248175091, 0.6136599571, 0.14280965094, 0.011048641048],
      [0.17684161629, 0.18728892883, 0.63194024416, 0.0039292107214],
      [0.0044499738387, 0.19229194475, 0.63828004811, 0.1649780333],
      [0.057004606637, 0.51227204233, 0.36416810986, 0.066555241171],
      [0.15927683188, 0.47091941954, 0.19791489058, 0.171888858]
    ],
    [
      [0.022241700925, 0.21685337983, 0.75718995046, 0.0037149687847],
      [0.49165270879, 0.089760860088, 0.41675762374, 0.0018288073811],
      [0.059303092134, 0.21115506748, 0.72730517919, 0.0022366611995],
      [0.011011205375, 0.01527370213, 0.9734905305, 0.00022456199243],
      [0.00031297177349, 0.016014284542, 0.97966145973, 0.0040112839513],
      [0.0064920394107, 0.070927752915, 0.91795867775, 0.0046215299197],
      [0.03177700234, 0.12189961069, 0.83073587795, 0.015587509019]
    ],
    [
      [0.4628957484, 0.25724706562, 0.27754808432, 0.0023091016535],
      [0.97577373666, 0.0092150600126, 0.014900499524, 0.00011070379863],
      [0.74704658888, 0.11857567456, 0.13366337209, 0.00071436446674],
      [0.40178448831, 0.029708741453, 0.56826454401, 0.0002422262317],
      [0.013390125309, 0.045736180142, 0.9339020281, 0.0069716664464],
      [0.2256902805, 0.15665318181, 0.61242750933, 0.0052290283621],
      [0.61224570639, 0.12401289589, 0.26007715253, 0.0036642452006]
    ],
    [
      [0.1003509688, 0.51477072738, 0.36431247546, 0.020565828357],
      [0.78821997277, 0.10003577705, 0.10711923895, 0.0046250112299],
      [0.24110795631, 0.43404395243, 0.31445234162, 0.010395749636],
      [0.10413840162, 0.074962147408, 0.81874966015, 0.0021497908237],
      [0.0026021382837, 0.077075380361, 0.82980351846, 0.090518962895],
      [0.044807019116, 0.27753446586, 0.62886632471, 0.048792190311],
      [0.14895575529, 0.3012263768, 0.39941518115, 0.15040268676]
    ],
    [
      [0.16484853463, 0.59990023019, 0.23057666521, 0.0046745699726],
      [0.911793046, 0.053698753182, 0.033962311756, 0.00054588905848],
      [0.38689709509, 0.43508376581, 0.17587488356, 0.0021442555506],
      [0.21423946681, 0.09787790237, 0.68722716819, 0.00065546263147],
      [0.0057784871786, 0.11828956247, 0.84714765649, 0.028784293857],
      [0.087865486409, 0.38254768794, 0.51620116045, 0.013385665209],
      [0.29280115388, 0.38377153943, 0.29240940661, 0.031017900087]
    ],
    [
      [0.68953566026, 0.1680024856, 0.140421277, 0.0020405771427],
      [0.99291459927, 0.0031348731315, 0.0039022913972, 4.8236202849e-05],
      [0.90289193114, 0.051590746444, 0.045107112774, 0.00041020964358],
      [0.66418402355, 0.021621031113, 0.31397187525, 0.00022307008707],
      [0.031433057154, 0.054848819286, 0.8964292447, 0.017288878861],
      [0.42288877028, 0.14158828383, 0.4282837222, 0.0072392236908],
      [0.81608622297, 0.068750161371, 0.10994136212, 0.0052222535417]
    ],
    [
      [0.084681325888, 0.55544835044, 0.31731833686, 0.042551986816],
      [0.75408922536, 0.12605732176, 0.1087653135, 0.011088139373],
      [0.20911370009, 0.48516593245, 0.28353476521, 0.022185602243],
      [0.099544327329, 0.092158218151, 0.80331246027, 0.0049849942484],
      [0.0022213752642, 0.084305216767, 0.72174426049, 0.19172914748],
      [0.038471491285, 0.3050386251, 0.55338744995, 0.10310243366],
      [0.11201059321, 0.2912976273, 0.31065297827, 0.28603880122]
    ],
    [
      [0.034015702485, 0.86930374752, 0.092062905737, 0.0046176442581],
      [0.56712529082, 0.36977453323, 0.060750859792, 0.0023493161547],
      [0.090052444937, 0.81816037593, 0.089147097444, 0.0026400816934],
      [0.095981787979, 0.33947346621, 0.56322372389, 0.0013210219186],
      [0.0024642970305, 0.3570974068, 0.58377635894, 0.056661937226],
      [0.023410416437, 0.71714870156, 0.24282083513, 0.016620046865],
      [0.072938614594, 0.73381446605, 0.14636186698, 0.046885052376]
    ],
    [
      [0.13960540356, 0.38615910144, 0.45808470477, 0.016150790227],
      [0.83041129217, 0.060083429571, 0.10661389794, 0.002891380313],
      [0.31355977467, 0.30682606069, 0.37192252404, 0.0076916405931],
      [0.11825347737, 0.046580835985, 0.83379791959, 0.0013677670587],
      [0.0031186926164, 0.050299952843, 0.88720116794, 0.059380186599],
      [0.056917589056, 0.19098508444, 0.71757677822, 0.034520548286],
      [0.19660501453, 0.21632633209, 0.47549977695, 0.11156887643]
    ],
    [
      [0.1555459955, 0.46146405484, 0.34746340409, 0.035526545562],
      [0.85420244783, 0.065693185231, 0.074364490362, 0.0057398765815],
      [0.34476726202, 0.36082858938, 0.27790934349, 0.016494805112],
      [0.16005875788, 0.067350492074, 0.76899421164, 0.0035965384109],
      [0.0039529064165, 0.068355600548, 0.76678029152, 0.16091120152],
      [0.069329935442, 0.24959465134, 0.59538565137, 0.08568976185],
      [0.19757842147, 0.23275893817, 0.32553738988, 0.24412525047]
    ],
    [
      [0.18185122809, 0.48599441894, 0.28791439496, 0.04423995801],
      [0.87516717235, 0.06264069525, 0.055683468645, 0.0065086637575],
      [0.38798562767, 0.3686631137, 0.22329740273, 0.020053855897],
      [0.20929085285, 0.080043551429, 0.70558803484, 0.0050775608862],
      [0.0051705081093, 0.08090217928, 0.70177182219, 0.21215549042],
      [0.086390343643, 0.28091808076, 0.52154077645, 0.11115079915],
      [0.22536060072, 0.24051470341, 0.26349460505, 0.27063009081]
    ],
    [
      [0.065193244181, 0.79069327091, 0.1257324533, 0.018381031613],
      [0.71306253635, 0.22610998603, 0.054745065674, 0.0060824119497],
      [0.16465627318, 0.70975752139, 0.11569452898, 0.0098916764459],
      [0.14563827638, 0.24911062066, 0.60114837879, 0.0041027241633],
      [0.003496693954, 0.24521929824, 0.58236884363, 0.16891516418],
      [0.040769352545, 0.59816431488, 0.30012969721, 0.060936635364],
      [0.11576723365, 0.55736397761, 0.16518166101, 0.16168712773]
    ],
    [
      [0.18386142007, 0.4425258037, 0.3536461772, 0.019966599028],
      [0.87194788988, 0.056998370909, 0.068117165822, 0.0029365733932],
      [0.38705028324, 0.33250203411, 0.27146735237, 0.0089803302757],
      [0.18380886595, 0.063635545098, 0.750556717, 0.0019988719581],
      [0.0050752819676, 0.071676724686, 0.83230168141, 0.090946311933],
      [0.084653192275, 0.24815813822, 0.61902792617, 0.048160743333],
      [0.25588970303, 0.24672456994, 0.36340917933, 0.1339765477]
    ],
    [
      [0.18476313863, 0.56256463773, 0.24736598279, 0.0053062408446],
      [0.94839665964, 0.027972248129, 0.023228400378, 0.00040269184831],
      [0.45710184766, 0.36200226307, 0.17857879829, 0.002317090979],
      [0.21393549848, 0.070813635863, 0.71458119161, 0.00066967404505],
      [0.0052533444456, 0.082550591736, 0.88368607011, 0.028509993706],
      [0.092588040763, 0.32065423352, 0.57179217522, 0.014965550494],
      [0.33212672339, 0.32448410735, 0.30885393668, 0.03453523257]
    ],
    [
      [0.12794922644, 0.57220014413, 0.28158744121, 0.018263188222],
      [0.83727565864, 0.091023895256, 0.068314304995, 0.0033861411091],
      [0.29647107858, 0.46160860847, 0.23308133398, 0.0088389789615],
      [0.15527780496, 0.096426590337, 0.74608876513, 0.002206839573],
      [0.0040255780839, 0.10369174573, 0.79034165455, 0.10194102164],
      [0.063555274981, 0.34302521365, 0.54457702606, 0.048842485308],
      [0.1954490199, 0.34268498959, 0.31707482668, 0.14479116383]
    ],
    [
      [0.33463008721, 0.38168492822, 0.28034014961, 0.003344834958],
      [0.96034728018, 0.018018302989, 0.021416410519, 0.00021800630988],
      [0.62646627944, 0.20889681969, 0.16341871412, 0.0012181867474],
      [0.32119129142, 0.046327265875, 0.63212006522, 0.00036137747941],
      [0.0097650663881, 0.064085718513, 0.9131312283, 0.013017986797],
      [0.16384242055, 0.22575089753, 0.60233849341, 0.0080681885207],
      [0.49246991708, 0.20156022254, 0.29453185501, 0.011438005374]
    ],
    [
      [0.18030185675, 0.43665387118, 0.35300188791, 0.030042384148],
      [0.87159950324, 0.056107447977, 0.067893362201, 0.0043996865839],
      [0.38399130519, 0.32991105079, 0.27254820448, 0.013549439541],
      [0.18029285868, 0.062453133837, 0.75426387651, 0.0029901309729],
      [0.0047138990173, 0.066870812953, 0.79504412766, 0.13337116037],
      [0.08116811283, 0.23919757665, 0.60788326828, 0.071751042243],
      [0.23554571909, 0.22759090855, 0.34023339924, 0.19662997313]
    ],
    [
      [0.24818412099, 0.22776491409, 0.50580040916, 0.018250555761],
      [0.90954467015, 0.02082298117, 0.067729726186, 0.0019026224986],
      [0.48816969145, 0.15451075244, 0.34990868423, 0.0074108718764],
      [0.1789798931, 0.023378772948, 0.79632716806, 0.0013141658921],
      [0.0049573540185, 0.02686147947, 0.9069453748, 0.061235791713],
      [0.094925744111, 0.10611275393, 0.76175524694, 0.037206255012],
      [0.31013098961, 0.11233092368, 0.46283491025, 0.11470317645]
    ],
    [
      [0.14127964293, 0.51433824123, 0.3284251707, 0.015956945146],
      [0.83635588896, 0.082182995903, 0.078541683797, 0.0029194313405],
      [0.31549407218, 0.40964401714, 0.26724694572, 0.0076149649488],
      [0.15430440121, 0.080641949016, 0.76330554868, 0.0017481010894],
      [0.004170158707, 0.088953027879, 0.82925107914, 0.077625734278],
      [0.067232247049, 0.29791301959, 0.59510387418, 0.039750859182],
      [0.21207012028, 0.30891759286, 0.36403036795, 0.11498191891]
    ],
    [
