{
  "Z_true": {},
  "V_true": [
    [573, 39, 17, 9, 56, 0],
    [16, 111, 88, 299, 267, 0],
    [12, 42, 890, 40, 162, 0],
    [49, 86, 532, 308, 366, 0],
    [33, 316, 103, 4304, 231, 1],
    [33, 736, 62, 118, 5830, 1],
    [312, 523, 244, 567, 1043, 22]
  ],
  "p_true": [
    [0.8256, 0.0562, 0.0245, 0.013, 0.0807, 0],
    [0.0205, 0.1421, 0.1127, 0.3828, 0.3419, 0],
    [0.0105, 0.0366, 0.7766, 0.0349, 0.1414, 0],
    [0.0365, 0.0641, 0.3967, 0.2297, 0.2729, 0],
    [0.0066, 0.0634, 0.0206, 0.8629, 0.0463, 0.0002],
    [0.0049, 0.1086, 0.0091, 0.0174, 0.8599, 0.0001],
    [0.1151, 0.1929, 0.09, 0.2091, 0.3847, 0.0081]
  ],
  "Z_est": [
    [
      [18.5994, 20.6403, 21.7236, 18.1423, 9.7789, 14.3799, 15.3453, 13.7524, 6.2358, 10.3323, 18.8259, 19.7379, 7.5503, 5.533, 3.3329, 4.3245, 9.62, 9.2662, 14.171, 7.3226, 4.6755, 0.802, 3.3257, 15.8581, 6.3854, 5.4751, 9.8445, 9.6363, 2.2735, 1.7484, 3.3535, 22.1739, 14.9651, 6.2045, 13.9177, 17.7227, 7.5367, 17.1637, 20.6371, 6.5189, 17.5108, 9.2173, 12.5389, 7.1906, 4.2608, 6.2661, 17.6906, 7.1798, 61.4932],
      [0.0102, 0.0193, 0.0363, 0.0256, 0.0557, 0.0408, 0.1486, 0, 0.0408, 0.0075, 0.097, 0.0596, 0.0373, 0.0025, 0.025, 0.0241, 0.0539, 0.0475, 0.0434, 0.01, 0.0184, 0.0021, 0.0104, 0.0434, 0.0114, 0.0321, 0.0246, 0.0355, 0.0117, 0.0096, 0.0198, 0.0518, 0.0019, 0, 0.045, 0.057, 0.0133, 0.0843, 0.0271, 0.0408, 0.1056, 0.0494, 0.0131, 0.0206, 0.019, 0.0217, 0.0033, 0.0218, 0.1208],
      [0.1067, 0.0683, 0.1049, 0.1422, 0.0731, 0.1223, 0.172, 0.1259, 0.0175, 0.0983, 0.1117, 0.109, 0.0849, 0.0096, 0.0212, 0.0177, 0.1008, 0.0816, 0.0575, 0.0534, 0.0551, 0.0124, 0.0053, 0.0469, 0.033, 0.0146, 0.0415, 0.0388, 0.026, 0.01, 0.0087, 0.0583, 0.07, 0.0444, 0.0792, 0.0836, 0.0654, 0.128, 0.0523, 0.0335, 0.2074, 0.0216, 0.0497, 0.053, 0.039, 0.021, 0.1045, 0.0222, 0.4366],
      [0.0684, 0.0435, 0.0749, 0.0826, 0.0435, 0.0487, 0.1287, 0.079, 0.0413, 0.0281, 0.1031, 0.0644, 0.0567, 0.0112, 0.0154, 0.0184, 0.0571, 0.0415, 0.0272, 0.0181, 0.0264, 0.0058, 0.0147, 0.027, 0.0172, 0.0204, 0.0199, 0.0238, 0.0113, 0.0053, 0.0134, 0.0516, 0.0575, 0.0357, 0.029, 0.0559, 0.0294, 0.0625, 0.0139, 0.0252, 0.1388, 0.0372, 0.0287, 0.0226, 0.0315, 0.0175, 0.0684, 0.0164, 0.197],
      [3.2153, 2.2204, 4.0603, 3.6073, 2.0489, 2.4083, 6.2055, 3.0428, 1.6646, 1.5322, 3.8623, 3.0291, 3.2708, 0.4419, 0.6052, 0.6141, 2.1681, 1.5633, 1.6879, 0.5959, 1.2246, 0.1776, 0.6438, 2.0246, 0.553, 1.4568, 1.0674, 1.2656, 0.677, 0.2265, 0.6047, 1.6643, 2.9055, 1.7154, 1.9292, 4.0808, 1.3539, 3.5615, 2.2323, 1.3816, 4.0374, 1.6744, 1.3696, 0.7097, 1.6491, 0.6729, 3.1247, 0.7598, 11.7523],
      [0, 0.008, 0, 0, 0, 0, 0, 0, 0, 0.0016, 0, 0, 0, 0.0019, 0.0002, 0.0013, 0, 0, 0.0128, 0, 0, 0.0001, 0.0002, 0, 0, 0.001, 0.0021, 0, 0.0006, 0.0001, 0, 0, 0, 0, 0, 0, 0.0012, 0, 0.0373, 0, 0, 0, 0, 0.0035, 0.0006, 0.0008, 0.0085, 0, 0]
    ],
    [
      [0.8091, 1.3841, 1.1361, 1.5344, 0.2766, 0.8122, 0.4719, 0.8618, 0.339, 0.5662, 1.0487, 0.9211, 0.4411, 1.6814, 0.2822, 0.2926, 0.6915, 0.7845, 1.1083, 0.9089, 0.4472, 0.2766, 1.8601, 0.7544, 1.0864, 0.7487, 2.4952, 0.8447, 0.9573, 0.8462, 2.0838, 2.6856, 1.6171, 0.5357, 0.6618, 0.5406, 0.7194, 0.9818, 0.2689, 0.7066, 0.3563, 1.5884, 0.7665, 0.945, 0.2699, 0.7355, 0.4854, 0.9397, 4.9556],
      [1.5402, 1.9741, 2.5121, 3.5973, 1.7588, 2.0948, 4.1992, 1.6908, 1.8425, 0.988, 7.2147, 2.3989, 2.0793, 1.8448, 2.7959, 1.9423, 3.0881, 3.6747, 3.1109, 1.2413, 1.5326, 0.8027, 2.7643, 2.4892, 1.8184, 2.4706, 5.6764, 3.7374, 4.9771, 5.2072, 10.1929, 5.4547, 3.2388, 0.9443, 1.8127, 1.5806, 1.6458, 4.054, 0.8429, 3.9299, 3.2587, 9.0905, 1.1412, 2.4613, 1.2543, 2.5974, 0.9834, 2.8194, 11.601],
      [2.4911, 2.643, 2.9409, 6.3729, 1.0796, 3.6737, 3.0443, 4.6358, 0.5252, 3.3565, 3.2102, 2.7765, 2.5674, 1.7877, 1.1294, 0.7182, 3.8104, 3.663, 2.9253, 4.0242, 2.784, 2.8409, 0, 1.2344, 3.3068, 0.4438, 6.1205, 1.8365, 6.9007, 2.988, 2.366, 3.7936, 4.0547, 2.0863, 2.0333, 1.3599, 3.7187, 3.8374, 0.4394, 1.9035, 2.0608, 2.1252, 1.7157, 4.3843, 1.4484, 1.4368, 1.6859, 1.629, 19.1001],
      [3.182, 3.2395, 4.3176, 7.8952, 1.2938, 3.5455, 5.2894, 4.9514, 2.779, 1.8821, 5.5828, 3.8658, 3.6023, 4.1347, 1.5209, 1.6486, 5.037, 4.132, 3.4817, 2.6271, 3.0385, 2.9635, 5.6428, 1.719, 3.9281, 2.2586, 7.0061, 2.3924, 6.941, 3.3765, 8.1457, 6.0375, 5.9338, 3.1353, 1.864, 1.989, 3.7543, 4.4524, 0.4998, 3.2892, 2.1935, 6.4191, 1.8812, 4.0551, 2.6823, 2.6844, 2.1418, 2.6596, 19.2791],
      [3.9775, 4.6118, 6.0933, 8.6002, 1.5912, 3.8737, 5.9952, 5.8601, 2.5144, 2.6172, 5.9437, 4.0377, 5.3099, 4.3955, 1.6951, 1.3439, 4.373, 3.7459, 4.2103, 2.1985, 3.1977, 2.0435, 5.5564, 2.803, 2.8604, 3.6822, 8.4001, 3.1891, 9.3743, 3.5866, 9.2116, 6.0285, 9.1556, 4.2985, 2.6282, 3.5299, 4.0229, 5.6745, 0.9198, 4.1708, 2.1307, 7.7768, 2.4954, 3.0084, 3.2455, 2.4452, 2.6192, 2.9522, 27.6064],
      [0, 0.1475, 0, 0, 0, 0, 0, 0, 0, 0.5901, 0, 0, 0, 0.1558, 0.5764, 0.0545, 0, 0, 0.1634, 0, 0, 0.0728, 0.1765, 0, 0, 0.3962, 0.3017, 0, 0.8496, 0.9956, 0, 0, 0, 0, 0, 0, 0.1389, 0, 0.0291, 0, 0, 0, 0, 0.146, 0.0996, 0.1006, 0.0843, 0, 0.4578]
    ],
    [
      [0.41, 1.5517, 1.1686, 0.7841, 0.3364, 0.6136, 0.2612, 0.154, 0.1242, 0.0951, 0.5158, 0.8425, 0.2004, 0.3841, 0.0495, 0.3938, 0.3464, 0.4013, 0.9359, 0.0276, 0.0434, 0.0055, 0.5502, 0.2266, 0.0175, 0.136, 0.2858, 0.0676, 0.0235, 0.1076, 0, 0.6521, 0.4036, 0.1354, 0.3471, 0.2373, 0.1684, 0.259, 0.6916, 0.2394, 0.0664, 0.3209, 0.1648, 0.1838, 0.0999, 0.3165, 0.6403, 0.8329, 1.4674],
      [0.0001, 0.0293, 0.0303, 0, 0.0272, 0.0595, 0.2071, 0, 0.0325, 0.0012, 0.0564, 0.1049, 0.0213, 0.0099, 0, 0.0317, 0.1231, 0.0742, 0.1407, 0.0017, 0.0065, 0.0006, 0.0329, 0.0321, 0.0014, 0.0349, 0.0316, 0.0131, 0.0054, 0.0136, 0, 0.0643, 0, 0, 0.0465, 0.0315, 0.004, 0.0511, 0.062, 0.0569, 0.0195, 0.0702, 0.0098, 0.0268, 0.0143, 0.0458, 0, 0.0939, 0.0842],
      [15.6763, 37.4732, 36.7322, 44.9957, 16.7611, 33.9897, 26.1345, 31.9676, 2.4546, 7.2011, 19.6809, 31.0793, 17.3503, 5.2189, 23.6337, 11.6609, 26.5416, 23.3726, 29.8437, 1.6392, 3.5933, 0.7668, 2.8255, 4.8321, 0.7299, 2.8987, 8.8058, 1.9468, 2.1133, 4.8472, 0, 11.6814, 12.5184, 11.0121, 13.4984, 7.5872, 10.8434, 12.8287, 14.3861, 8.159, 5.0721, 5.9763, 4.758, 10.7201, 6.9384, 7.7026, 30.6793, 17.9958, 67.7665],
      [4.1754, 9.8091, 11.5028, 11.9003, 4.1824, 6.9243, 9.6145, 7.4673, 2.6649, 0.8131, 7.2263, 9.1466, 5.0895, 2.4748, 6.911, 5.5828, 7.412, 5.5714, 7.4673, 0.2073, 0.7739, 0.1514, 3.8461, 1.344, 0.1651, 1.7707, 2.0707, 0.4983, 0.4278, 1.0979, 0, 3.8527, 3.8457, 3.4524, 2.5439, 2.2692, 2.2375, 3.0667, 3.3471, 2.9078, 1.0864, 3.5556, 1.0624, 1.9927, 2.6342, 2.967, 8.284, 6.1786, 14.5925],
      [3.7382, 9.9448, 11.5661, 9.3199, 3.6929, 5.4129, 7.7827, 6.4111, 1.7238, 0.81, 5.5206, 6.8268, 5.3386, 1.8791, 5.6298, 3.2509, 4.5768, 3.5805, 6.406, 0.1242, 0.5829, 0.0746, 2.7062, 1.5652, 0.0861, 2.0621, 1.776, 0.4742, 0.4138, 0.8325, 0, 2.7496, 4.2323, 3.4001, 2.5641, 2.8748, 1.7174, 2.7946, 4.4141, 2.6369, 0.7556, 3.077, 1.005, 1.0446, 2.2798, 1.9301, 7.2512, 4.8988, 14.9783],
      [0, 0.192, 0, 0, 0, 0, 0, 0, 0, 0.0795, 0, 0, 0, 0.0332, 0.7759, 0.0799, 0, 0, 0.2064, 0, 0, 0.0012, 0.0391, 0, 0, 0.0976, 0.0301, 0, 0.0161, 0.1012, 0, 0, 0, 0, 0, 0, 0.0294, 0, 0.0992, 0, 0, 0, 0, 0.0319, 0.0333, 0.038, 0.1451, 0, 0.111]
    ],
    [
      [0.1286, 1.0868, 0.7227, 0.2012, 0.0768, 0.3619, 0.0775, 0, 0.4046, 0.0406, 0.1245, 0.5035, 0.0353, 0.2168, 0, 0.123, 0.1552, 0.2752, 0.5482, 0.0246, 0.0076, 0.0072, 0.0779, 0.0709, 0.0079, 0.0565, 0.0223, 0.0318, 0.0117, 0.0427, 0.0331, 0.1672, 0.2282, 0.0006, 0.1138, 0.0838, 0.0357, 0.0385, 0.2132, 0.0956, 0.0202, 0.1385, 0.1857, 0.0123, 0.0366, 0.1986, 0.224, 0.5199, 0.6667],
      [0, 0, 0, 0, 0, 0, 0.0561, 0, 0.0024, 0, 0, 0.0061, 0, 0, 0, 0, 0.0912, 0, 0.0292, 0, 0, 0, 0, 0, 0, 0.0005, 0.0001, 0, 0, 0, 0, 0.0009, 0, 0, 0.0014, 0, 0, 0.0003, 0, 0, 0, 0, 0, 0.0001, 0, 0, 0, 0, 0],
      [12.9535, 81.0865, 66.3903, 65.8278, 15.4252, 48.5587, 34.6918, 51.9195, 4.0027, 7.7127, 28.1181, 41.9552, 8.437, 7.0446, 29.9075, 16.6043, 40.7147, 43.941, 37.1106, 3.3737, 1.5279, 3.1227, 2.1692, 3.5283, 0.753, 2.6429, 1.4822, 2.1785, 2.3193, 6.7726, 1.6254, 6.7062, 22.0254, 12.4058, 10.1504, 6.2369, 5.3887, 4.4472, 10.2993, 7.8985, 7.6547, 5.8769, 13.5086, 1.5762, 6.473, 10.8847, 40.1736, 27.8628, 72.788],
      [4.7228, 29.2146, 28.5782, 23.9326, 5.2623, 13.6, 17.5321, 16.8774, 6.408, 1.1887, 14.1731, 16.9771, 3.3698, 4.5686, 12.1376, 10.9174, 15.6416, 14.4199, 12.7771, 0.5859, 0.4497, 0.8494, 3.64, 1.3323, 0.2338, 2.188, 0.4774, 0.7576, 0.6414, 2.0984, 1.2951, 3.0307, 9.2753, 5.3044, 2.6193, 2.5397, 1.5225, 1.4562, 3.2781, 3.8507, 2.2466, 4.7932, 4.1248, 0.4021, 3.3582, 5.7496, 14.8833, 13.1341, 21.5394],
      [0.1951, 1.4162, 1.3087, 1.0384, 0.2357, 0.4795, 0.6425, 1.203, 0.1824, 0.0564, 0.5843, 0.5581, 0.1579, 0.1622, 0.923, 0.3145, 0.3974, 0.364, 0.4034, 0.0158, 0.0149, 0.0197, 0.1123, 0.0685, 0.0053, 0.1109, 0.0178, 0.032, 0.0269, 0.0834, 0.0464, 0.0949, 0.4711, 0.2892, 0.1151, 0.1396, 0.0522, 0.0579, 0.1952, 0.1552, 0.0785, 0.1914, 0.181, 0.009, 0.1304, 0.1618, 0.6574, 0.4831, 1.0058],
      [0, 0.1959, 0, 0, 0, 0, 0, 0, 0, 0.0015, 0, 0, 0, 0.0077, 0.0319, 0.0407, 0, 0, 0.1314, 0, 0, 0.001, 0.0007, 0, 0, 0.0012, 0.0001, 0, 0.0007, 0.003, 0, 0, 0, 0, 0, 0, 0.0008, 0, 0.0142, 0, 0, 0, 0, 0.0002, 0.0018, 0.0053, 0.0618, 0, 0.0001]
    ],
    [
      [1.4689, 2.0756, 1.8448, 1.6104, 0.6844, 1.1984, 0, 0.4989, 0.394, 1.2617, 0.901, 1.1533, 0.0725, 0.8569, 0.3904, 0.7805, 0.2717, 0.6756, 0.9413, 1.0525, 0.5452, 0.4168, 0.644, 1.39, 0.9996, 0.7796, 1.0211, 1.2976, 0.1908, 0.6314, 0.4308, 1.2714, 0.8758, 0.617, 1.2839, 1.2108, 1.1608, 0.9187, 0.9836, 1.1527, 0.4917, 0.9796, 1.1461, 1.0109, 0.1631, 1.6134, 1.7689, 1.5122, 5.1429],
      [4.3976, 5.0871, 6.5355, 4.3411, 8.2682, 6.1982, 7.5968, 1.0594, 9.5627, 3.4654, 11.4504, 6.07, 3.1115, 2.2119, 5.9697, 6.7613, 4.5637, 6.6951, 4.9916, 3.2886, 4.5541, 0.8053, 4.6212, 9.0219, 3.5017, 8.8817, 4.842, 10.3259, 2.4696, 5.6474, 4.9256, 6.2188, 2.741, 0.0969, 7.3401, 6.9652, 3.7768, 8.2131, 5.9465, 13.0785, 12.4815, 10.0462, 3.8494, 4.5661, 3.6043, 9.8527, 3.3503, 9.324, 21.1644],
      [0.8555, 0.7371, 0.8198, 0.9326, 0.5218, 1.0925, 0.6375, 0.4344, 0, 1.1385, 0.5707, 0.6244, 0.4314, 0.2566, 0.2158, 0.3186, 0.5364, 0.6663, 0.3562, 0.8226, 0.833, 0.6559, 0, 0.4443, 0.6542, 0, 0.5098, 0.5717, 0.3137, 0.3524, 0, 0.4429, 0.4103, 0.4438, 0.7918, 0.5877, 0.9428, 0.7563, 0.2888, 0.6114, 1.0827, 0, 0.5978, 0.6433, 0.4966, 0.5342, 0.7215, 0.5078, 3.6384],
      [96.3233, 79.1309, 106.4471, 104.6542, 57.8586, 90.8122, 82.3888, 41.5373, 119.0884, 68.014, 85.5574, 83.2896, 48.9294, 50.8709, 33.4072, 57.8809, 61.515, 65.5275, 47.5262, 61.0608, 81.361, 69.3062, 82.7281, 55.3159, 65.1604, 69.364, 50.7391, 61.5956, 29.7976, 36.203, 36.1378, 58.7032, 50.2359, 54.1262, 63.9963, 75.7397, 89.6905, 76.8064, 31.3734, 97.5661, 90.5379, 67.5933, 57.7928, 62.5007, 76.2206, 91.7873, 91.1039, 77.8092, 319.4592],
      [27.9547, 25.7754, 34.3528, 26.4617, 16.6669, 22.6987, 21.377, 11.47, 24.9549, 22.0147, 21.5205, 19.8627, 16.4552, 12.5718, 8.9839, 10.9553, 12.1132, 13.4355, 12.9593, 11.7755, 19.7066, 11.3963, 18.8448, 20.8279, 10.6842, 25.7476, 13.8021, 19.2092, 9.1093, 9.1001, 9.5059, 13.3636, 17.737, 17.7162, 20.5879, 30.4966, 22.2225, 22.3056, 13.2165, 28.5913, 21.4063, 19.3808, 17.6138, 9.9406, 21.3456, 18.9539, 25.762, 19.8467, 105.5951],
      [0, 0.1939, 0, 0, 0, 0, 0, 0, 0, 0.1057, 0, 0, 0, 0.232, 0.033, 0.3034, 0, 0, 0.2253, 0, 0, 0.4195, 0.1619, 0, 0, 0.2271, 0.086, 0, 0.1189, 0.0658, 0, 0, 0, 0, 0, 0, 0.2065, 0, 0.1911, 0, 0, 0, 0, 0.3385, 0.1697, 0.2585, 0.2934, 0, 0]
    ],
    [
      [2.3522, 2.0589, 1.5791, 1.4335, 1.0109, 1.6242, 0.0205, 1.594, 0.866, 2.7275, 1.696, 1.6751, 0.0763, 1.8609, 1.3191, 1.4806, 0.4476, 1.0099, 1.0039, 3.4253, 1.5005, 0.7922, 1.4565, 2.2774, 2.7825, 0.921, 2.6998, 3.261, 0.4286, 1.6737, 0.812, 3.5986, 1.4175, 1.3517, 3.2837, 2.0286, 2.6552, 2.2208, 1.6888, 2.6567, 0.9193, 1.5778, 1.461, 1.6931, 0.3061, 2.7883, 1.4351, 2.0924, 13.6685],
      [9.3061, 7.4041, 8.1073, 7.6916, 16.4068, 10.2897, 15.2356, 1.0741, 26.0274, 9.0724, 27.0072, 10.8578, 6.9743, 5.7705, 10.4406, 16.5532, 6.1835, 11.8504, 6.5993, 13.0664, 15.5156, 4.2146, 15.3649, 17.9688, 11.8809, 21.295, 16.1736, 30.0951, 8.9293, 17.5819, 16.1207, 22.449, 5.6096, 0.61, 22.932, 13.9687, 11.2046, 24.303, 12.5057, 36.5977, 25.9183, 25.2478, 5.769, 9.906, 10.1903, 21.8142, 5.7994, 15.4369, 66.0092],
      [0.4931, 0.2881, 0.2739, 0.3886, 0.2743, 0.5282, 0.4327, 0.7569, 0, 0.5248, 0.3885, 0.303, 0.3408, 0.1916, 0.6609, 0.2263, 0.2141, 0.339, 0.1148, 0.5946, 0.868, 0.4533, 0, 0.2603, 0.7051, 0, 0.5404, 0.6324, 0.2861, 0.3131, 0, 0.5384, 0.2658, 0.3689, 0.7582, 0.358, 0.7168, 0.6894, 0.1374, 0.4502, 0.6486, 0, 0.2563, 0.3873, 0.465, 0.324, 0.2578, 0.2277, 3.5371],
      [9.2426, 5.1013, 5.9251, 7.3134, 5.5155, 6.9429, 7.8091, 3.7471, 15.2216, 8.8722, 9.9247, 6.9288, 5.6228, 6.1176, 3.3691, 6.4599, 3.9861, 5.4612, 2.8837, 11.7825, 13.039, 8.0845, 12.6396, 5.082, 10.2307, 7.8885, 7.8378, 9.127, 5.0387, 6.1083, 6.2283, 10.3739, 5.0664, 7.2537, 9.0437, 7.3122, 12.1307, 10.5475, 2.9025, 13.2839, 9.1951, 8.835, 4.0469, 6.4873, 10.4802, 9.5109, 5.7993, 6.0528, 49.7112],
      [127.606, 81.9816, 94.1147, 90.1729, 73.7926, 88.615, 100.5021, 48.8279, 160.885, 135.2773, 111.9835, 84.2354, 86.9858, 71.656, 37.0712, 57.907, 40.1688, 56.3394, 41.2493, 109.1312, 157.0769, 63.0753, 146.0608, 97.4115, 86.4009, 146.1184, 109.3951, 132.8845, 78.6651, 64.9768, 72.8391, 114.0402, 83.6406, 96.4158, 151.9824, 145.3326, 146.7994, 156.2392, 66.2486, 188.0115, 88.3186, 110.3394, 60.4669, 55.2073, 139.0982, 97.2296, 79.5179, 76.1903, 792.9607],
      [0, 0.1659, 0, 0, 0, 0, 0, 0, 0, 0.5258, 0, 0, 0, 0.4033, 0.1391, 0.373, 0, 0, 0.1491, 0, 0, 0.3801, 0.4782, 0, 0, 0.7771, 0.3532, 0, 0.6522, 0.3463, 0, 0, 0, 0, 0, 0, 0.4933, 0, 0.5169, 0, 0, 0, 0, 0.3191, 0.4602, 0.3331, 0.1904, 0, 0.1134]
    ],
    [
      [6.2318, 5.2026, 3.8251, 4.294, 2.8361, 3.0098, 1.8236, 3.139, 3.6363, 4.9765, 3.8882, 5.1667, 1.6241, 6.467, 1.6259, 2.6051, 2.4677, 2.5873, 3.2913, 8.2384, 2.7806, 1.6996, 4.0858, 5.4226, 3.7208, 3.8832, 8.6312, 4.8611, 2.1147, 2.95, 2.2869, 7.4511, 3.4925, 2.1552, 7.3919, 4.1763, 3.7238, 4.4176, 3.5167, 4.6301, 2.6353, 5.1773, 6.7371, 3.9644, 2.8636, 8.0818, 5.7557, 5.9231, 24.6056],
      [10.7458, 6.486, 7.7785, 9.3444, 17.4834, 7.317, 14.5566, 5.1757, 17.4918, 7.4654, 25.1743, 12.5028, 7.7763, 6.1604, 13.7687, 14.6874, 10.8965, 11.6582, 8.0848, 10.3919, 9.3727, 4.1747, 10.2064, 16.4446, 5.7862, 17.2852, 17.2517, 19.7931, 9.6069, 15.5403, 11.741, 13.7605, 6.4087, 3.3489, 18.8224, 11.397, 7.3555, 17.2943, 9.6158, 24.2962, 24.2165, 26.496, 9.2175, 9.019, 11.9177, 24.6682, 9.8636, 16.304, 50.0204],
      [1.4238, 0.7038, 0.7381, 1.3402, 0.8649, 1.035, 0.8873, 1.1598, 0, 1.9681, 0.9198, 1.1525, 0.7882, 0.4909, 0.4316, 0.454, 1.082, 0.9366, 0.5919, 2.4924, 1.3388, 1.1481, 0, 0.6537, 0.8181, 0, 1.4998, 0.7953, 1.0408, 0.7168, 0, 0.7793, 0.6555, 0.6386, 1.6887, 0.7867, 1.3241, 1.3131, 0.3967, 0.9439, 1.2736, 0, 1.114, 1.2359, 1.1395, 1.0967, 1.3773, 0.7546, 6.7334],
      [22.2855, 10.461, 13.1542, 20.2217, 12.8438, 12.1263, 18.2375, 15.3404, 25.7969, 14.2019, 19.4326, 19.7277, 13.3296, 13.8222, 7.6387, 12.492, 17.3511, 12.8465, 8.8368, 21.7183, 18.3115, 15.6392, 20.4887, 11.1799, 12.2647, 15.5098, 20.849, 12.6051, 13.1422, 10.1106, 9.1798, 14.9503, 11.5854, 11.6925, 18.9039, 14.0944, 16.6351, 18.6083, 5.5852, 20.0771, 16.6018, 18.7665, 15.0631, 14.5394, 25.593, 25.2832, 21.7193, 15.1493, 82.2215],
      [26.3131, 14.0498, 17.5041, 20.7996, 14.9719, 12.5119, 19.495, 17.1851, 22.075, 18.6923, 19.5852, 19.4503, 18.4818, 13.8934, 8.0917, 9.6143, 14.2027, 10.9714, 10.0838, 17.1589, 18.1964, 10.213, 19.0758, 17.2993, 8.4102, 23.822, 23.5416, 15.9454, 16.7337, 10.1941, 9.7923, 14.0588, 16.8579, 15.1649, 25.1931, 23.5457, 16.8317, 22.3667, 9.7735, 24.0527, 15.2728, 21.5602, 18.8683, 10.0805, 29.2515, 21.6065, 25.0677, 15.869, 111.1013],
      [0, 0.0968, 0, 0, 0, 0, 0, 0, 0, 0.6958, 0, 0, 0, 0.1662, 0.4435, 0.1472, 0, 0, 0.1114, 0, 0, 0.1255, 0.1433, 0, 0, 0.4998, 0.2268, 0, 0.3618, 0.4881, 0, 0, 0, 0, 0, 0, 0.1298, 0, 0.1122, 0, 0, 0, 0, 0.1608, 0.2347, 0.2637, 0.2164, 0, 0.3178]
    ]
  ],
  "V_est": [
    [582.1808, 1.7008, 3.5405, 2.156, 104.3401, 0.0819],
    [48.5122, 151.9681, 147.0099, 196.3723, 231.6013, 5.5362],
    [18.2865, 1.8039, 736.89, 208.1655, 178.7137, 2.1404],
    [8.4556, 0.1884, 946.2542, 369.9563, 15.6454, 0.5002],
    [49.7833, 303.838, 29.8021, 3612.5709, 988.3756, 3.6301],
    [94.7099, 737.3298, 21.7798, 417.5647, 5501.4461, 7.1698],
    [226.0717, 656.171, 50.7236, 838.2145, 934.8778, 4.9415]
  ],
  "p_est": [
    [0.8389, 0.0025, 0.0051, 0.0031, 0.1503, 0.0001],
    [0.0621, 0.1946, 0.1882, 0.2514, 0.2965, 0.0071],
    [0.016, 0.0016, 0.643, 0.1816, 0.1559, 0.0019],
    [0.0063, 0.0001, 0.7056, 0.2759, 0.0117, 0.0004],
    [0.01, 0.0609, 0.006, 0.7243, 0.1982, 0.0007],
    [0.014, 0.1088, 0.0032, 0.0616, 0.8114, 0.0011],
    [0.0834, 0.242, 0.0187, 0.3092, 0.3448, 0.0018]
  ],
  "EI_Z": {},
  "EI_V": 13.099,
  "MAE_Z": {},
  "MAE_V": 115.0283,
  "MAE_p": 0.0544,
  "runtime": 0.241
}
