{
  "Z_true": {},
  "V_true": [
    [1189, 38, 185, 204, 27],
    [72, 3215, 209, 315, 83],
    [110, 138, 364, 11263, 271],
    [127, 111, 10661, 908, 339],
    [558, 625, 1535, 1607, 298]
  ],
  "p_true": [
    [0.7237, 0.0231, 0.1126, 0.1242, 0.0164],
    [0.0185, 0.8256, 0.0537, 0.0809, 0.0213],
    [0.0091, 0.0114, 0.03, 0.9273, 0.0223],
    [0.0105, 0.0091, 0.8777, 0.0748, 0.0279],
    [0.1207, 0.1352, 0.332, 0.3476, 0.0645]
  ],
  "Z_est": {},
  "V_est": [
    [1316.5196, 0, 0, 326.4804, 0],
    [132.9614, 3761.0386, 0, 0, 0],
    [0, 0, 0, 12146, 0],
    [0, 0, 10902.2721, 769.2418, 474.4861],
    [606.519, 365.9614, 2051.7279, 1055.2779, 543.5139]
  ],
  "p_est": [
    [0.8013, 0, 0, 0.1987, 0],
    [0.0341, 0.9659, 0, 0, 0],
    [0, 0, 0, 1, 0],
    [0, 0, 0.8976, 0.0633, 0.0391],
    [0.1312, 0.0792, 0.4438, 0.2283, 0.1176]
  ],
  "EI_Z": {},
  "EI_V": 8.4974,
  "MAE_Z": {},
  "MAE_V": 234.2015,
  "MAE_p": 0.047,
  "runtime": 0.026
}
