{
  "X": [
    [33, 126, 441, 512, 82],
    [4, 5, 22, 20, 9],
    [78, 108, 399, 328, 63],
    [55, 32, 120, 88, 22],
    [12, 44, 123, 60, 8],
    [39, 204, 427, 322, 36],
    [2, 4, 9, 13, 2],
    [3, 4, 4, 14, 0],
    [15, 58, 205, 96, 10],
    [26, 109, 285, 188, 18],
    [12, 54, 181, 112, 15],
    [5, 4, 26, 16, 4],
    [8, 9, 25, 53, 2],
    [6, 8, 51, 26, 4],
    [10, 7, 15, 32, 1],
    [66, 117, 543, 414, 83],
    [19, 47, 209, 84, 18],
    [6, 22, 72, 53, 10],
    [21, 76, 107, 218, 32],
    [1, 6, 10, 23, 2],
    [1, 2, 9, 6, 0],
    [0, 2, 7, 16, 0],
    [3, 6, 7, 27, 2],
    [38, 116, 302, 265, 28],
    [9, 6, 21, 21, 4],
    [60, 93, 251, 255, 29],
    [19, 63, 320, 127, 29],
    [58, 201, 700, 399, 47],
    [41, 118, 406, 235, 25],
    [98, 228, 440, 712, 65],
    [38, 84, 238, 237, 21],
    [31, 89, 168, 308, 29],
    [42, 139, 295, 396, 40],
    [48, 109, 314, 489, 59],
    [17, 48, 65, 377, 20],
    [12, 49, 48, 253, 18],
    [19, 64, 99, 365, 36],
    [33, 103, 167, 184, 10],
    [51, 261, 560, 491, 37],
    [34, 160, 240, 336, 22],
    [63, 202, 469, 555, 48],
    [54, 149, 339, 373, 46],
    [30, 176, 330, 338, 45],
    [23, 169, 277, 306, 28],
    [27, 122, 235, 198, 39],
    [12, 124, 179, 243, 15],
    [28, 142, 274, 303, 27],
    [21, 136, 243, 289, 28],
    [47, 161, 298, 357, 41],
    [11, 4, 20, 21, 3],
    [15, 78, 168, 246, 53],
    [126, 481, 1230, 1225, 110],
    [21, 45, 143, 161, 14],
    [154, 250, 670, 813, 83],
    [50, 33, 176, 136, 22]
  ],
  "W": [
    [46, 512, 503, 37, 96],
    [2, 19, 29, 5, 5],
    [79, 319, 463, 31, 84],
    [75, 72, 132, 10, 28],
    [24, 60, 114, 7, 42],
    [68, 362, 476, 51, 71],
    [2, 15, 9, 2, 2],
    [2, 16, 4, 1, 2],
    [16, 111, 202, 10, 45],
    [26, 227, 299, 18, 56],
    [13, 121, 190, 21, 29],
    [5, 15, 31, 1, 3],
    [6, 56, 26, 4, 5],
    [9, 23, 54, 5, 4],
    [6, 38, 18, 1, 2],
    [86, 407, 593, 26, 111],
    [31, 74, 225, 16, 31],
    [9, 57, 82, 7, 8],
    [13, 257, 124, 20, 40],
    [2, 28, 9, 1, 2],
    [1, 9, 8, 0, 0],
    [2, 14, 8, 0, 1],
    [1, 28, 7, 2, 7],
    [47, 288, 319, 26, 69],
    [10, 22, 24, 2, 3],
    [87, 231, 272, 25, 73],
    [23, 138, 352, 11, 34],
    [89, 403, 746, 43, 124],
    [59, 251, 426, 14, 75],
    [71, 762, 472, 83, 155],
    [44, 252, 255, 12, 55],
    [34, 318, 203, 20, 50],
    [57, 401, 355, 38, 61],
    [44, 509, 341, 44, 81],
    [10, 391, 75, 22, 29],
    [15, 243, 62, 27, 33],
    [25, 370, 105, 30, 53],
    [45, 192, 205, 28, 27],
    [56, 576, 602, 60, 106],
    [44, 370, 291, 34, 53],
    [62, 586, 519, 50, 120],
    [42, 423, 362, 35, 99],
    [47, 356, 394, 43, 79],
    [31, 333, 328, 52, 59],
    [29, 224, 266, 39, 63],
    [15, 269, 201, 43, 45],
    [39, 325, 310, 43, 57],
    [36, 322, 276, 21, 62],
    [59, 386, 330, 29, 100],
    [10, 20, 23, 0, 6],
    [17, 264, 190, 42, 47],
    [174, 1276, 1355, 154, 213],
    [28, 154, 160, 17, 25],
    [137, 851, 753, 62, 167],
    [66, 124, 193, 15, 19]
  ],
  "method": "mult",
  "cond_prob": [
    [
      [0.41713172909, 0.024120261643, 0.10261801305, 0.31674711309, 0.13938288313],
      [0.00031029766389, 0.078693485333, 0, 0.87758902225, 0.043407194755],
      [0.020122779506, 0.094773906853, 0.82072765392, 0.032381907324, 0.031993752394],
      [7.0784796851e-05, 0.45505017915, 0, 0.29190172536, 0.25297731069],
      [0.036757197177, 0.20928408019, 0.24430793205, 0.21891239776, 0.29073839283]
    ],
    [
      [0.67711577766, 0.0076049843957, 0.038421035114, 0.14757150198, 0.12928670085],
      [0.0035859740689, 0.051387735049, 0, 0.85438153374, 0.090644757139],
      [0.074782518067, 0.070384710269, 0.72808643914, 0.044856827736, 0.081889504793],
      [0, 0.28012937483, 0, 0.26161584437, 0.4582547808],
      [0.081788382685, 0.11332391867, 0.16173023897, 0.17253612574, 0.47062133393]
    ],
    [
      [0.58420530831, 0.018943402939, 0.07329807132, 0.229934654, 0.093618563436],
      [0.021953239978, 0.084441801713, 0, 0.85306343038, 0.040541527927],
      [0.040721750476, 0.09877132446, 0.8058380765, 0.024645216252, 0.030023632316],
      [0.00091742250602, 0.48924391344, 0, 0.28258432826, 0.2272543358],
      [0.070977220507, 0.22224823667, 0.23936217795, 0.20877474693, 0.25863761795]
    ],
    [
      [0.59311877542, 0.017672732096, 0.070039707696, 0.22910565371, 0.090063131079],
      [0.031241415324, 0.087819440105, 0, 0.84294205975, 0.037997084817],
      [0.04719883872, 0.096557239218, 0.81643223595, 0.012675161997, 0.027136524118],
      [0.0019034398514, 0.51084546869, 0, 0.27545525788, 0.21179583357],
      [0.072051029675, 0.23205482648, 0.24921309921, 0.20348477524, 0.24319626939]
    ],
    [
      [0.46071133176, 0.043836840673, 0.15212784006, 0.28893987619, 0.054384111317],
      [0, 0.20574933069, 0.042442812805, 0.73633634377, 0.015471512735],
      [0, 0.09144991561, 0.90220876776, 0, 0.0063413166263],
      [0, 0.68959165644, 0.0049664085153, 0.22298739106, 0.082454543977],
      [0.022450667568, 0.36548866685, 0.33132854013, 0.17438930019, 0.10634282526]
    ],
    [
      [0.46545705579, 0.049211298961, 0.12068427138, 0.28925866055, 0.075388713319],
      [0.013083425288, 0.168144168, 0.023769308061, 0.77155509437, 0.023448004273],
      [0, 0.16267852163, 0.82283848172, 0, 0.014482996642],
      [0, 0.69085850694, 0.0030322387693, 0.20207754727, 0.10403170702],
      [0.036798876793, 0.38192510848, 0.25863688098, 0.17917622547, 0.14346290828]
    ],
    [
      [0.67175655588, 0.017265129159, 0.073006783361, 0.16057201804, 0.077399513568],
      [0.027924802501, 0.10213097174, 0.033713911607, 0.79311406157, 0.043116252582],
      [0.012148408945, 0.094985537523, 0.86837707667, 0, 0.024488976858],
      [0.00062397995192, 0.54918604225, 0.0043711220494, 0.22383191331, 0.22198694244],
      [0.063515605167, 0.24013162173, 0.2620709125, 0.16724060684, 0.26704125376]
    ],
    [
      [0.81227088225, 0.015960461143, 0.045696094063, 0.12607256254, 0],
      [0.061252012785, 0.12225405803, 5.3542374566e-05, 0.81644038681, 0],
      [0.036828553822, 0.12128091035, 0.83566443707, 0.006226098757, 0],
      [0.0024101856911, 0.75938331345, 0.00055512601823, 0.23765137484, 0],
      [0.12285081498, 0.38375359716, 0.28226912979, 0.21112645807, 0]
    ],
    [
      [0.55058781969, 0.032614679917, 0.12324761782, 0.2462494852, 0.047300397366],
      [0.034181333386, 0.17329422181, 0.04235746567, 0.73367545409, 0.016491525039],
      [0, 0.084770693512, 0.90790730129, 0, 0.0073220051957],
      [0.00012798761654, 0.66238720764, 0.0042374717019, 0.24182979924, 0.091417533801],
      [0.053226377842, 0.32211009631, 0.33081577439, 0.18230521867, 0.11154253278]
    ],
    [
      [0.56428478262, 0.037116012546, 0.10972606983, 0.23518456182, 0.053688573186],
      [0.036325998156, 0.16374541476, 0.038470579805, 0.74132910185, 0.020128905425],
      [0, 0.12862760615, 0.86023552931, 0, 0.011136864538],
      [0.00021606320982, 0.68729628919, 0.0034247058013, 0.21333218352, 0.095730758287],
      [0.054976873799, 0.35774619782, 0.28825415358, 0.17434849945, 0.12467427535]
    ],
    [
      [0.51361166685, 0.029218258907, 0.11371161364, 0.26735474318, 0.076103717422],
      [0.032331938832, 0.10826939513, 0.029427860369, 0.80425392475, 0.025716880925],
      [0, 0.1052690525, 0.88032439799, 0, 0.014406549509],
      [4.1217152071e-05, 0.58924183562, 0.0046762915407, 0.25957656151, 0.14646409418],
      [0.048621316281, 0.28084025172, 0.29659104063, 0.19857088457, 0.17537650679]
    ],
    [
      [0.6135540856, 0.0116100431, 0.05958689445, 0.20528790061, 0.10996107624],
      [0.01844759896, 0.05831096728, 0, 0.8712944288, 0.051947004957],
      [0.046548998997, 0.071734684853, 0.80736146729, 0.032410039409, 0.041944809452],
      [0.00097473376512, 0.38060106558, 0, 0.29456584011, 0.32385836055],
      [0.070507294974, 0.1543029931, 0.22462001393, 0.20162233437, 0.34894736363]
    ],
    [
      [0.69400364084, 0.012906013556, 0.070777344739, 0.19493566135, 0.027377339519],
      [0.042640966875, 0.065156290321, 0.0071705536618, 0.87299846766, 0.012033721481],
      [0.035249341743, 0.076297964657, 0.86917030495, 0.011012181155, 0.008270207496],
      [0.0018227129431, 0.53964197919, 0.0014883362534, 0.35639381993, 0.10065315168],
      [0.10486205457, 0.22629933257, 0.31388073057, 0.24611597062, 0.10884191167]
    ],
    [
      [0.52782596315, 0.015720268417, 0.10354408752, 0.27412040426, 0.078789276644],
      [0.013831565435, 0.06103016013, 0.015914570831, 0.88274234898, 0.026481354619],
      [0.013142897498, 0.064072415992, 0.8974560061, 0.010182614812, 0.015146065598],
      [0.00012822149835, 0.44951147402, 0.0029988274949, 0.34662988571, 0.20073159128],
      [0.055270688555, 0.1868390169, 0.30611240407, 0.23670792666, 0.21506996382]
    ],
    [
      [0.79121594635, 0.01313666604, 0.045389883951, 0.13180005167, 0.018457451996],
      [0.087153212161, 0.097118759404, 0, 0.80304567026, 0.012682358176],
      [0.091718706086, 0.11099604978, 0.78895968629, 0, 0.0083255578538],
      [0.0023709591432, 0.64549867901, 0.00072055072411, 0.2757048899, 0.075704921221],
      [0.14378729556, 0.29361978572, 0.26283289622, 0.20887966512, 0.090880357372]
    ],
    [
      [0.49974627975, 0.019833725667, 0.095016447606, 0.26795634853, 0.11744719845],
      [0.016378235937, 0.076122036188, 0.0054239139825, 0.85908693112, 0.042988882776],
      [0.017969135848, 0.085405339034, 0.84948842769, 0.017396462865, 0.029740634567],
      [0.00039107142674, 0.44928260139, 0.0011051745854, 0.29464700183, 0.25457415076],
      [0.051261373878, 0.19807132595, 0.25987099422, 0.21018422104, 0.28061208492]
    ],
    [
      [0.47984202399, 0.027052484828, 0.11269546386, 0.28993852379, 0.090471503529],
      [0.011656826507, 0.094876109796, 0.014992252594, 0.84917687851, 0.029297932591],
      [0.0083463374291, 0.10025584222, 0.86907378478, 0.0048425848626, 0.017481450701],
      [0, 0.54314423939, 0.0025020829026, 0.28108125312, 0.17327242459],
      [0.044656973328, 0.25460221016, 0.28436706535, 0.21244951963, 0.20392423154]
    ],
    [
      [0.46992438941, 0.029593502087, 0.10193083244, 0.26931689179, 0.12923438426],
      [0.010789355171, 0.10898443014, 0.012104650108, 0.82302668997, 0.045094874606],
      [0.010246955098, 0.11832187609, 0.83459166181, 0.0064751519492, 0.030364355058],
      [0, 0.53662237246, 0.001480816057, 0.23647657441, 0.22542023707],
      [0.039429616563, 0.25784943958, 0.24322193391, 0.18466602059, 0.27483298935]
    ],
    [
      [0.60409668213, 0.027099550835, 0.07120557131, 0.20051085943, 0.097087336296],
      [0.027595357893, 0.13297843188, 0, 0.7908592909, 0.048566919331],
      [0.027157583961, 0.14546648901, 0.7867666031, 0.0084116284398, 0.032197695488],
      [0.00077629107268, 0.58413882136, 0.00028878866257, 0.21217355434, 0.20262254456],
      [0.066791748028, 0.29379069453, 0.21273732539, 0.17140020134, 0.25528003071]
    ],
    [
      [0.45784076173, 0.035832688357, 0.12854562202, 0.26856312737, 0.10921780052],
      [0.00027630204124, 0.13298603604, 0.048368785672, 0.78287906581, 0.035489810434],
      [0.0025559507544, 0.11031744311, 0.86876453714, 0, 0.018362068995],
      [0, 0.61777326101, 0.0025558186775, 0.20679505369, 0.17287586663],
      [0.026789231297, 0.29704768253, 0.28357305209, 0.16773242447, 0.22485760962]
    ],
    [
      [0.83292653139, 0.013554808686, 0.070208533183, 0.083310126739, 0],
      [0.018563718734, 0.20351557584, 0.12051071951, 0.65740998592, 0],
      [0, 0.019350626094, 0.98064937391, 0, 0],
      [0.00038604369478, 0.79927667016, 0.0015609282259, 0.19877635792, 0],
      [0.076501819441, 0.36300413374, 0.3868591552, 0.17363489161, 0]
    ],
    [
      [0, 0.044644411519, 0.19812699788, 0.7572285906, 0],
      [0, 0.017455050615, 0, 0.98254494939, 0],
      [6.9388939039e-18, 0.17128664927, 0.78234427043, 0.046369080295, 0],
      [5.5511151231e-17, 0.5998367115, 0.0013879070763, 0.39877538142, 0],
      [0, 0.29604727418, 0.34499184079, 0.35896088503, 0]
    ],
    [
      [0.78490891722, 0.011473269569, 0.039811503957, 0.13439874505, 0.0294075642],
      [0.023291275203, 0.08269878017, 0, 0.87598156346, 0.018028381167],
      [0.10484758148, 0.10474452185, 0.75726870473, 0.01877001991, 0.014369172024],
      [0.00071793905645, 0.57021379148, 0, 0.29720231405, 0.13186595542],
      [0.11822377552, 0.25704594996, 0.23704393756, 0.2303318158, 0.15735452116]
    ],
    [
      [0.53832133843, 0.03258051842, 0.1059608647, 0.25782548509, 0.065311793353],
      [0.018970177137, 0.12420114259, 0.024750215869, 0.80893804734, 0.02314041707],
      [0.01114073359, 0.12664770297, 0.84800669071, 0, 0.014204872733],
      [0.00018310608875, 0.63079603407, 0.0025891244585, 0.24467382302, 0.12175791236],
      [0.053287410217, 0.31735467299, 0.27985979155, 0.19632645173, 0.15317167352]
    ],
    [
      [0.64314749547, 0.015837877844, 0.064431539668, 0.18521855593, 0.091364531087],
      [0.048988851219, 0.086843170572, 0, 0.81821221705, 0.045955761158],
      [0.052148954707, 0.093995113262, 0.81827960523, 0.0040385258437, 0.031537800956],
      [0.0026650410501, 0.50542495206, 0, 0.25065676727, 0.24125323962],
      [0.077955107792, 0.22144628219, 0.23899135926, 0.18296917027, 0.27863808049]
    ],
    [
      [0.53927559252, 0.02694519344, 0.090214178637, 0.28114683178, 0.062418203626],
      [0.015940486355, 0.10018628035, 0, 0.86270024034, 0.021172992957],
      [0.018989630698, 0.11694009515, 0.82278385381, 0.026509421052, 0.014776999291],
      [0.00038509181204, 0.58532536745, 0.00023259462699, 0.28677003157, 0.12728691454],
      [0.057889921341, 0.28865612799, 0.26504579942, 0.23118707946, 0.15722107179]
    ],
    [
      [0.48538527691, 0.025960168075, 0.10860310716, 0.26159008922, 0.11846135863],
      [0.030661967731, 0.098685889856, 0.017952196772, 0.81031179416, 0.042388151478],
      [0.0059151774512, 0.099536804621, 0.8687953751, 0, 0.025752642828],
      [0.00023008053122, 0.51672746728, 0.0019441681695, 0.25435159944, 0.22674668458],
      [0.044709227516, 0.23715605787, 0.27021669105, 0.18713331645, 0.26078470711]
    ],
    [
      [0.48176103385, 0.033791903551, 0.11933095336, 0.29711487221, 0.068001237031],
      [0.012345095653, 0.11403163473, 0.021118992743, 0.83156258429, 0.020941692582],
      [0.0063138463559, 0.11758186353, 0.86393905404, 0, 0.012165236071],
      [0, 0.61436508935, 0.002517435211, 0.26414816564, 0.11896930979],
      [0.043855363369, 0.30567744155, 0.29243392777, 0.21031196599, 0.14772130132]
    ],
    [
      [0.51576644299, 0.034166117877, 0.11753473214, 0.2722962053, 0.060236501697],
      [0.027581855615, 0.12651415556, 0.027221477897, 0.7988001199, 0.019882391035],
      [0, 0.12032887297, 0.86852042761, 0, 0.011150699419],
      [0.00011951501376, 0.63893226265, 0.0022664152263, 0.2502382768, 0.10844353031],
      [0.048600811923, 0.32031992585, 0.29615237167, 0.19909810558, 0.13582878498]
    ],
    [
      [0.63409328216, 0.022407781655, 0.076745257624, 0.21342054292, 0.053333135633],
      [0.033126805308, 0.10314797869, 0.0052866191185, 0.83505814004, 0.023380456841],
      [0.031197675561, 0.1159586811, 0.82555882303, 0.011456530618, 0.015828289695],
      [0.0014744020882, 0.5920119398, 0.00083671893901, 0.27193971962, 0.13373721956],
      [0.083155310214, 0.28348902747, 0.26315787613, 0.21002812621, 0.16016965998]
    ],
    [
      [0.56518950529, 0.028336243092, 0.096529899241, 0.25195846026, 0.057985892116],
      [0.019032573923, 0.1122033745, 0.015561784281, 0.83188376415, 0.021318503146],
      [0.019443584507, 0.11957739109, 0.84116385806, 0.0061172213489, 0.013697944994],
      [0.00040927674358, 0.61326532769, 0.0015675431537, 0.26482186767, 0.11993598474],
      [0.061316868512, 0.30230065942, 0.27846400858, 0.20984300596, 0.14807545753]
    ],
    [
      [0.54278713266, 0.028606035857, 0.079748796355, 0.27022523478, 0.078632800341],
      [0, 0.10359313252, 0, 0.86787691871, 0.02852994877],
      [0.047714361793, 0.14122667447, 0.75763329962, 0.03164840706, 0.021777257061],
      [0, 0.58080028096, 0, 0.26602924115, 0.15317047789],
      [0.057184440911, 0.29599516202, 0.22977962204, 0.22164540826, 0.19539536677]
    ],
    [
      [0.50348804031, 0.032833518219, 0.089359627578, 0.2919051827, 0.082413631186],
      [0, 0.11334289626, 0, 0.85909722544, 0.027559878301],
      [0.029127266377, 0.14134480547, 0.77604000449, 0.032870014611, 0.020617909054],
      [0, 0.5956754558, 0, 0.25965001437, 0.14467452983],
      [0.048541018663, 0.30926089839, 0.2362672071, 0.21848953199, 0.18744134386]
    ],
    [
      [0.5530558975, 0.019161945732, 0.086796245032, 0.25004480829, 0.090941103441],
      [0.02151785597, 0.077082486588, 0.00097285894678, 0.86574474465, 0.034682053842],
      [0.02224111273, 0.089366369945, 0.84552685582, 0.018661220145, 0.024204441362],
      [0.00067833342921, 0.47999772079, 0.00065098849328, 0.30213424591, 0.21653871138],
      [0.062949206289, 0.21392662776, 0.26336393441, 0.21822926564, 0.2415309659]
    ],
    [
      [0.57762177141, 0.0170128855, 0.075731249714, 0.2648658839, 0.064768209471],
      [0.001870830761, 0.062534343718, 0, 0.9138907167, 0.021704108825],
      [0.11193124251, 0.090621578126, 0.75645243606, 0.021509238073, 0.019485505229],
      [0.00042127317553, 0.47230709574, 0, 0.35595160714, 0.17132002394],
      [0.072006077933, 0.21350235468, 0.25892257925, 0.26123940414, 0.19432958399]
    ],
    [
      [0.48449294877, 0.02548199131, 0.076496646667, 0.33409922671, 0.079429186541],
      [0, 0.041823337738, 0, 0.93811832955, 0.020058332715],
      [0.050215525268, 0.2539357695, 0.64064687154, 0.033559955114, 0.021641878576],
      [0, 0.51725055307, 0, 0.32962732989, 0.15312211704],
      [0.049067975812, 0.26499746722, 0.21613467468, 0.27409401198, 0.19570587031]
    ],
    [
      [0.46206103491, 0.022929086603, 0.095375678468, 0.31345034946, 0.10618385055],
      [0, 0.069955284919, 0, 0.89909458734, 0.030950127741],
      [0.048499858135, 0.10989416535, 0.79356777939, 0.022879506194, 0.025158690931],
      [0, 0.4757244736, 0, 0.31449089506, 0.20978463134],
      [0.044452623075, 0.22137161971, 0.25077341892, 0.23889941407, 0.24450292423]
    ],
    [
      [0.56493794873, 0.044348737764, 0.08708264246, 0.26712422566, 0.036506445393],
      [0.010808965902, 0.16244041825, 0, 0.8137478128, 0.013002803039],
      [0.019513925085, 0.18679690646, 0.76426949615, 0.020093103898, 0.0093265684088],
      [0, 0.72260210224, 0, 0.21852142706, 0.058876470694],
      [0.055633933768, 0.41813043734, 0.23726053257, 0.20378309371, 0.085192002615]
    ],
    [
      [0.53568944473, 0.040903338746, 0.11164645858, 0.2597575683, 0.052003189638],
      [0.026884525551, 0.15234222933, 0.032111981542, 0.77062780879, 0.018033454788],
      [0.0003672532947, 0.14917893725, 0.83974148593, 0, 0.010712323528],
      [5.200724614e-05, 0.69456656886, 0.0034524583802, 0.21645270894, 0.085476256581],
      [0.049921674148, 0.37245825077, 0.27848844263, 0.1847622243, 0.11436940815]
    ],
    [
      [0.52658353302, 0.045472882204, 0.093716731468, 0.27992702023, 0.054299833072],
      [0.0083198727544, 0.16093760076, 0, 0.81231666125, 0.018425865235],
      [0.017902519549, 0.18271007876, 0.7682091561, 0.018183181157, 0.012995064429],
      [0, 0.70322855293, 0, 0.21477513885, 0.081996308224],
      [0.047968649793, 0.40328070155, 0.2325962149, 0.19872426433, 0.11743016943]
    ],
    [
      [0.56028700684, 0.029370766629, 0.092188437904, 0.25859202793, 0.059561760692],
      [0.018461074989, 0.11364355733, 0.0062600925512, 0.84000591453, 0.021629360604],
      [0.019565877981, 0.12666527819, 0.8240972793, 0.01502946988, 0.014642094647],
      [0.00042095142031, 0.61488683969, 0.0009686642808, 0.26399305823, 0.11973048638],
      [0.060568978241, 0.30916888759, 0.26550817868, 0.21436567147, 0.15038828402]
    ],
    [
      [0.60891381544, 0.026532667129, 0.085209541937, 0.21148565704, 0.067858318452],
      [0.030054429968, 0.12198569736, 0.019922976897, 0.79779872881, 0.030238166959],
      [0.023852258587, 0.12547855713, 0.83149200772, 0, 0.019177176564],
      [0.00084006026145, 0.60928799597, 0.0020505671259, 0.23792498102, 0.14989639562],
      [0.071198749062, 0.29835717633, 0.26183740775, 0.18506430081, 0.18354236605]
    ],
    [
      [0.4475786519, 0.044820148784, 0.10337921418, 0.30661769098, 0.097604294157],
      [0.005625563748, 0.14615276973, 0, 0.81752481402, 0.030696852505],
      [0.01046878027, 0.16810224171, 0.77959188014, 0.019688970077, 0.022148127804],
      [0, 0.64348726754, 0, 0.21928375175, 0.13722898071],
      [0.035903838484, 0.35393457274, 0.22761995137, 0.19447442021, 0.18806721719]
    ],
    [
      [0.4731079932, 0.047281634691, 0.10682297033, 0.3023499899, 0.070437411874],
      [0.0086436447521, 0.15687155281, 0.002834848508, 0.80947200074, 0.022177953188],
      [0.0096059956983, 0.17392033407, 0.78819323696, 0.012920287079, 0.015360146192],
      [0, 0.68384649844, 6.8511941462e-05, 0.21670080911, 0.099384180501],
      [0.03906020202, 0.38457889399, 0.24090744104, 0.19604538696, 0.13940807599]
    ],
    [
      [0.53600930955, 0.036809703086, 0.094097558914, 0.23485181012, 0.098231618323],
      [0.023551914271, 0.15080700398, 0.013928446536, 0.77176138233, 0.03995125288],
      [0.011395104647, 0.15650688141, 0.80536877549, 0, 0.026729238454],
      [0.00024740174044, 0.63215409606, 0.0017999056066, 0.20023028057, 0.16556831603],
      [0.049831027339, 0.33122078602, 0.2357604471, 0.1667582051, 0.21642953444]
    ],
    [
      [0.45177514577, 0.049907960609, 0.12008963092, 0.32374752383, 0.054479738879],
      [0.0071261800616, 0.15601167469, 0.011086220567, 0.81009136069, 0.015684563987],
      [0.0084686899182, 0.16573512202, 0.80779905831, 0.0076670168094, 0.010330112941],
      [0, 0.70158844423, 0.0013712862695, 0.22291236241, 0.074127907091],
      [0.035649415631, 0.39562616601, 0.26199747054, 0.20228687008, 0.10444007774]
    ],
    [
      [0.49107314586, 0.040671658362, 0.10706223286, 0.29319985089, 0.067993112025],
      [0.0096234547687, 0.13876027288, 0.0096985237029, 0.82019240858, 0.021725340077],
      [0.010481038522, 0.15121511623, 0.81278935237, 0.01096011081, 0.014554382067],
      [0, 0.65785412246, 0.0011762867704, 0.23406249786, 0.10690709291],
      [0.043357939819, 0.35354918146, 0.25714514295, 0.20246230296, 0.14348543281]
    ],
    [
      [0.43105136652, 0.049871998323, 0.11617094511, 0.31694301168, 0.085962678365],
      [0.0052053337786, 0.15578095032, 0.010367239474, 0.80349903069, 0.025147445739],
      [0.0064794312035, 0.16858450704, 0.79858319125, 0.0095175144547, 0.016835356057],
      [0, 0.67401175365, 0.0010867705854, 0.21178611976, 0.113115356],
      [0.032543714783, 0.37676727886, 0.24270664353, 0.1901455031, 0.15783685973]
    ],
    [
      [0.53002097169, 0.03768100298, 0.095634179309, 0.26250163848, 0.074162207544],
      [0.01447058813, 0.14117039677, 0.0078381186782, 0.8095953301, 0.026925566324],
      [0.015489228215, 0.15376893893, 0.8026610017, 0.0098797134644, 0.01820111769],
      [0.00017167350885, 0.64979442853, 0.00096406437346, 0.2244587391, 0.12461109449],
      [0.050266918094, 0.34697259399, 0.24425981182, 0.19238997033, 0.16611070576]
    ],
    [
      [0.70619259627, 0.0090992946247, 0.0416259386, 0.18579818611, 0.057283984398],
      [0.03954178916, 0.05892213925, 0, 0.87193356398, 0.029602507607],
      [0.10686168106, 0.070809172718, 0.78587297767, 0.014728311211, 0.021727857334],
      [0.0007078472059, 0.45625186532, 0.001407058896, 0.33379725302, 0.20783597556],
      [0.11490326495, 0.18365888271, 0.25144368792, 0.2274326169, 0.22256154753]
    ],
    [
      [0.44342232499, 0.026437788538, 0.096718482462, 0.27462021842, 0.15880118559],
      [0.010827692498, 0.098416198812, 0, 0.83202255158, 0.058733557113],
      [0.01481827739, 0.11033113037, 0.81967384479, 0.014333979878, 0.04084276757],
      [0, 0.47751177822, 0, 0.24427919959, 0.27820902219],
      [0.038039084077, 0.22447386495, 0.22590968698, 0.18498553427, 0.32659182972]
    ],
    [
      [0.49539838577, 0.033392807424, 0.10858630645, 0.29404546602, 0.068577034335],
      [0.011085321747, 0.11435754537, 0.013232611286, 0.83967115559, 0.021653366009],
      [0.011544105424, 0.12466409127, 0.837875072, 0.011754493174, 0.014162238135],
      [0, 0.61276110451, 0.0017105431501, 0.26425410215, 0.12127425019],
      [0.047011959981, 0.30978577398, 0.27529119473, 0.21499166382, 0.15291940749]
    ],
    [
      [0.52667517916, 0.02342544362, 0.093652156148, 0.29111176656, 0.06513545452],
      [0.01077565159, 0.083372885874, 0, 0.88489260064, 0.020958861894],
      [0.019859866631, 0.099444042429, 0.8340693994, 0.031847954978, 0.014778736567],
      [0.00024579646761, 0.54154524339, 0, 0.31708370108, 0.14112525906],
      [0.056475497518, 0.25549388911, 0.27706542898, 0.24357257291, 0.16739261148]
    ],
    [
      [0.62239423283, 0.021440799984, 0.075653732441, 0.22048232813, 0.060028906622],
      [0.032213803121, 0.097560038936, 0, 0.84409051252, 0.026135645422],
      [0.036844099615, 0.11125039553, 0.81861317601, 0.015202911081, 0.018089417762],
      [0.0012779032692, 0.56904755719, 0.00047183990059, 0.27936217024, 0.1498405294],
      [0.080809620562, 0.26938036458, 0.25862552723, 0.21380028918, 0.17738419845]
    ],
    [
      [0.5756049123, 0.014095758423, 0.083043548974, 0.24326726162, 0.083988518677],
      [0.02940882913, 0.064969955752, 0.00217246683, 0.8698080266, 0.033640721687],
      [0.036306248383, 0.071436275937, 0.85462516219, 0.014995635637, 0.022636677857],
      [0.0016431717886, 0.44423964437, 0.00063171073588, 0.32841513192, 0.22507034118],
      [0.070085655847, 0.18750576365, 0.27882146937, 0.22462004092, 0.23896707021]
    ]
  ],
  "expected_outcome": [
    [
      [19.1880595383, 1.3542315553, 46.1522193564, 44.4839081561, 11.0570719622, 31.6510797934, 1.3435131118, 1.6245417645, 8.8094051151, 14.6714043481, 6.676951669, 3.067770428, 4.164021845, 4.7504336684, 4.7472956781, 42.9781800581, 14.8751027438, 4.2293195047, 7.8532568677, 0.91568152346, 0.83292653139, 0, 0.78490891722, 25.3011029061, 6.4314749547, 46.9169765491, 11.163861369, 42.8767320123, 30.4302201362, 45.0206230337, 24.868338233, 18.4547625105, 28.6988182978, 24.33445949, 5.7762177141, 7.2673942316, 11.5515258729, 25.4222076927, 29.998608905, 23.1696754531, 34.7377944243, 25.5743802484, 21.0361966393, 14.6663477893, 15.544269977, 6.7766271865, 19.1518526886, 15.5178491946, 31.2712373297, 7.0619259627, 7.5381795249, 86.1993191248, 14.7469050164, 85.2680098974, 37.9899242119],
      [1.1095320356, 0.015209968791, 1.4965288322, 1.3254549072, 1.0520841762, 3.3463683293, 0.034530258318, 0.031920922286, 0.52183487868, 0.9650163262, 0.37983736579, 0.058050215502, 0.077436081338, 0.14148241575, 0.078819996238, 1.7057004074, 0.83862702968, 0.26634151879, 0.35229416085, 0.071665376714, 0.013554808686, 0.089288823038, 0.011473269569, 1.5312843657, 0.15837877844, 2.3442318292, 0.59708386573, 3.0074794161, 2.0158009547, 1.5909524975, 1.2467946961, 0.97260521914, 1.8715105385, 0.84312561221, 0.170128855, 0.38222986965, 0.57322716508, 1.9956931994, 2.2905869698, 2.000806817, 1.820987531, 1.1143720194, 2.1065469929, 1.4657306754, 1.0674813895, 0.74861940913, 1.5861946761, 1.7953919396, 2.2231791758, 0.090992946247, 0.44944240515, 5.8103484918, 0.65591242137, 2.9373895978, 0.93032005595],
      [4.7204286001, 0.076842070229, 5.7905476343, 5.2529780772, 3.6510681614, 8.206530454, 0.14601356672, 0.091392188126, 1.9719618851, 2.8528778156, 1.4782509773, 0.29793447225, 0.42466406843, 0.93189678772, 0.2723393037, 8.1714144941, 3.4935593796, 0.91737749197, 0.92567242703, 0.25709124404, 0.070208533183, 0.39625399575, 0.039811503957, 4.9801606411, 0.64431539668, 7.8486335414, 2.4978714647, 10.6204548493, 6.9345491964, 5.4489132913, 4.2473155666, 2.7114590761, 5.0934987719, 3.8190347814, 0.75731249714, 1.1474497, 2.3843919617, 3.9187189107, 6.2522016806, 4.1235361846, 5.7156831501, 3.5788007613, 4.8588230663, 3.3115120804, 2.7288292085, 1.8013444638, 4.1754270814, 4.1821540241, 5.6424165793, 0.416259386, 1.6442142019, 18.8940173215, 2.6222603721, 10.3645613445, 5.4808742323],
      [14.570367202, 0.29514300396, 18.1648376657, 17.1829240285, 6.9345570287, 19.6695889176, 0.32114403607, 0.25214512509, 3.9399917633, 6.1147986072, 3.4756116614, 1.0264395031, 1.1696139681, 2.4670836384, 0.79080031, 23.044245974, 8.9880942376, 2.4238520261, 2.6066411725, 0.53712625474, 0.083310126739, 1.5144571812, 0.13439874505, 12.1177977994, 1.8521855593, 24.4597743648, 6.0165720522, 26.4432236265, 16.0654761125, 15.1528585475, 11.0861722513, 9.1876579827, 16.6385954141, 11.001971565, 2.648658839, 5.0114884007, 7.8362587366, 12.0205901546, 14.5464238248, 12.3167888902, 16.0327057317, 8.8823975958, 14.4110314762, 9.3728496868, 6.8107024936, 4.8562128574, 11.4347941849, 11.4099484205, 15.4875966701, 1.8579818611, 4.6685437132, 51.1639110876, 8.1511294636, 30.2060789532, 16.0556392672],
      [6.411612624, 0.25857340169, 7.3958665115, 6.7547348309, 1.3052186716, 5.1264325057, 0.15479902714, 0, 0.75680635785, 1.3959029028, 0.98934832648, 0.54980538118, 0.16426403711, 0.7091034898, 0.11074471197, 10.1004590664, 2.8046166094, 1.1631094584, 1.2621353719, 0.21843560104, 0, 0, 0.0294075642, 3.0696542876, 0.91364531087, 5.4303837154, 2.7246112485, 6.0521100958, 3.5539536001, 3.7866526299, 2.5513792531, 2.6735152116, 4.6975769776, 4.0014085514, 0.64768209471, 1.1914377981, 2.6545962638, 1.6427900427, 2.9121786197, 2.3891926552, 3.6928291629, 2.850049375, 4.5874018254, 2.1835597681, 2.8487169314, 0.81719608319, 2.651731369, 3.0946564212, 4.3755702451, 0.57283984398, 2.699620155, 11.9324039743, 1.8237927266, 8.2239602072, 5.5432422327]
    ],
    [
      [0.15887240391, 0.068133507309, 7.0030835531, 2.2493819034, 0, 4.7361999543, 0.41887203751, 0.98003220457, 3.7941280059, 8.2460015814, 3.9121645987, 0.2767139844, 2.387894145, 0.31812600502, 3.3118220621, 6.6659420263, 0.86260516151, 0.61499324473, 7.0920069785, 0.0077364571547, 0.16707346861, 0, 0.65215570569, 5.4634110156, 1.0777547268, 3.6822523479, 4.2313515469, 4.9750735484, 6.9230457594, 25.2426256449, 4.7962086287, 0, 0, 10.9525886888, 0.73149482757, 0, 0, 2.0753214532, 15.4854867171, 3.0783529191, 10.8181899438, 12.7130238766, 2.0027006943, 2.8783337024, 5.2756287967, 1.9169424366, 3.1276227998, 1.6761174767, 5.5856470182, 0.79083578319, 2.8585108194, 14.1448705493, 1.6594503448, 27.4139464558, 3.6466948122],
      [40.2910644902, 0.97636696592, 26.9369347463, 6.3229996876, 12.3449598416, 60.868188817, 1.531964576, 1.9560649285, 19.2356586214, 37.170209151, 13.1005968105, 0.8746645092, 3.648752258, 1.403693683, 3.6905128574, 30.9816687286, 7.0208321249, 6.2121125182, 34.1754569928, 3.7236090092, 1.8316401826, 0.2443707086, 2.3155658448, 35.7699290652, 1.9105497526, 23.1430307602, 13.6186528001, 45.9547487969, 31.7550530448, 78.5987597628, 28.275250375, 32.9426161429, 45.4505013992, 39.2349856732, 24.4509283936, 10.1630710704, 25.88345542, 31.1885603048, 87.7491240936, 59.546912281, 66.5951245942, 51.5999499842, 52.0303860229, 52.2382270862, 33.7807688913, 41.9671404921, 45.0970886845, 50.1614660017, 54.4917731517, 1.178442785, 25.9818764865, 145.9202278866, 12.8394244247, 83.0235931347, 8.0562745132],
      [0, 0, 0, 0, 2.5465687683, 8.6044895182, 0.50570867411, 0.00085667799305, 4.7016786894, 8.7328216158, 3.5607711046, 0, 0.40155100506, 0.36603512911, 0, 2.2075329909, 1.109426692, 0.68996505613, 0, 1.3543259988, 1.0845964756, 0, 0, 7.1280621702, 0, 0, 2.4774031545, 8.5109540756, 6.8325909521, 4.0284037683, 3.9215696389, 0, 0, 0.49518520391, 0, 0, 0, 0, 18.4965013683, 0, 3.668414235, 8.4274192273, 0, 0.94400455316, 3.1199720241, 2.9821933326, 3.1520202035, 3.3382511107, 3.0255138098, 0, 0, 16.8848120003, 0, 0, 0.26938588692],
      [449.3255793912, 16.2332491411, 272.1272342918, 60.6918283023, 44.1801806261, 279.3029441636, 11.8967109236, 13.0630461889, 81.437975404, 168.2817061204, 97.3147248943, 13.069416432, 48.887914189, 20.3030740266, 30.5157354699, 349.6483809644, 62.8390890099, 46.9125213284, 203.2508377607, 21.9206138426, 5.9166898733, 13.7556292914, 24.5274837769, 232.9741576328, 18.0006687751, 199.2837555189, 111.8230275946, 335.1197214686, 200.4988300939, 636.3143027109, 209.6347085646, 275.9848601482, 344.4979874019, 440.6640750285, 357.3312702282, 227.9627540798, 332.6649973158, 156.2395800585, 443.8816178634, 300.5571646629, 492.2434659129, 337.4688622883, 291.0388337911, 269.5541762468, 172.8745496428, 217.9145760263, 266.5625327872, 258.7266878828, 312.5037974194, 17.4386712797, 219.6539536164, 1071.4203945368, 136.2734604988, 718.3210261553, 107.8561952985],
      [22.2244837146, 1.7222503856, 12.9327474087, 2.7357901068, 0.92829076408, 8.4881775468, 0.64674378874, 0, 1.8305592793, 4.5692615314, 3.1117425919, 0.77920507435, 0.67388840293, 0.60907115624, 0.48192961069, 17.4964752898, 2.1680470117, 2.5704078525, 12.481698268, 0.99371469215, 0, 0, 0.50479467268, 6.6644401162, 1.0110267455, 4.890961373, 5.849564904, 8.4395021106, 4.9904801498, 17.8159081131, 5.3722627928, 9.0725237089, 11.0515111989, 17.6531654056, 8.4863065507, 4.8741748498, 11.4515472641, 2.4965381835, 10.3872699576, 6.817570137, 12.6748053142, 12.7907446235, 10.9280794918, 7.3852584115, 8.9490806451, 4.2191477124, 7.0607355251, 8.097477528, 10.393268601, 0.59205015215, 15.5056590778, 27.629695027, 3.2276647317, 22.2414342542, 4.1714494892]
    ],
    [
      [10.1217580914, 2.1686930239, 18.8541704702, 6.2302467111, 0, 0, 0.1093356805, 0.14731421529, 0, 0, 0, 1.4430189689, 0.91648288533, 0.70971646491, 1.6509367095, 10.655697558, 1.8779259216, 0.84025031804, 3.3675404112, 0.023003556789, 0, 5.5511151231e-17, 0.73393307036, 3.5538940151, 1.251574913, 5.1651795499, 2.0821424628, 4.7101293815, 0, 14.7253028648, 4.9581140492, 9.6860154439, 10.3401795637, 7.5842194409, 8.3948431884, 3.1133625666, 5.0924851042, 4.0003546424, 0.22108648341, 5.2096331888, 10.154690672, 8.6345176086, 4.1246994262, 3.1507665891, 3.0310978361, 1.7022066736, 3.2491219419, 1.7883230122, 5.111445311, 2.4578186644, 2.8154727041, 15.6422628499, 3.1775786609, 27.7436070102, 7.007105938],
      [47.6712751472, 2.0411565978, 45.7311232248, 12.7455555768, 10.4252903796, 77.4349762977, 0.8548698377, 0.4851236414, 17.1236800895, 38.4596542393, 20.0011199758, 2.2237752304, 1.9837470811, 3.4599104636, 1.997928896, 50.6453660474, 22.5575645004, 9.7023938392, 18.0378446378, 0.992856988, 0.15480500875, 1.3702931942, 0.73321165297, 40.4006172473, 2.2558827183, 31.8077058814, 35.0369552265, 87.7160701925, 51.2600998847, 54.7324974792, 30.4922347285, 28.6690149177, 50.1774059404, 30.4739321511, 6.7966183594, 15.7440177089, 11.5388873621, 38.2933658249, 89.8057202235, 53.1686329202, 65.7392793797, 45.423237681, 66.2322832334, 57.0458695738, 41.6308304539, 33.3127595268, 46.8766860305, 46.5293239424, 50.7437498457, 1.6286109725, 20.9629147706, 168.9198436709, 15.9110467886, 83.7715478368, 13.7872012559],
      [412.8260099236, 21.1145067349, 373.103029418, 107.7690551449, 102.851799525, 391.6711173008, 7.8153936901, 3.3426577483, 183.397274861, 257.2104232638, 167.2616356174, 25.028205486, 22.5984279287, 48.4626243294, 14.2012743531, 503.7466376179, 195.5416015762, 68.4365162682, 97.5590587841, 7.8188808343, 7.8451949912, 6.2587541635, 5.3008809331, 270.5141343357, 19.6387105255, 223.7972082355, 305.8159720352, 644.4985343171, 369.9897021628, 389.6637644683, 214.4967838049, 153.7995598218, 275.4942015948, 288.3246578341, 56.7339327045, 39.7201060357, 83.3246168356, 156.6752467098, 505.5243745292, 223.5488644256, 427.7064879589, 301.0001067943, 307.1592007752, 258.5273817243, 214.2280942813, 162.3676107199, 251.9646992358, 220.4089607843, 264.8781305625, 18.0750784865, 155.7380305101, 1135.3207225552, 133.4511039033, 616.4157215338, 164.9426563017],
      [16.2880993838, 1.3008480044, 11.4107351247, 1.6731213836, 0, 0, 0, 0.024904395028, 0, 0, 0, 1.0047112217, 0.28631671003, 0.54986119982, 0, 10.3161024788, 1.0895815941, 0.53096245983, 1.0430419265, 0, 0, 0.37095264236, 0.13139013937, 0, 0.096924620249, 7.2105625262, 0, 0, 0, 5.4074824515, 1.559891444, 6.4246266332, 11.6688551868, 6.3634760695, 1.6131928555, 2.0807172171, 2.4023481503, 4.119086299, 0, 5.2913057167, 7.8002948677, 0, 7.7574542105, 4.2378541619, 0, 1.5410703787, 3.397634351, 2.6268339895, 3.2603054432, 0.33875115786, 2.7234561768, 15.9273382513, 5.0956727965, 11.4477920441, 2.8941576779],
      [16.0928574541, 2.374795639, 13.9009417623, 3.5820211836, 0.72291009539, 6.8939064014, 0.22040079172, 0, 1.4790450495, 3.3299224969, 2.7372444068, 1.300289093, 0.21502539489, 0.8178875423, 0.14986004137, 17.636196298, 3.9333264077, 2.4898771147, 3.9925142405, 0.16525862095, 0, 0, 0.10058420417, 4.531354402, 0.75690722295, 4.0193438071, 9.0649302755, 9.0752661089, 4.7501979525, 7.4709527362, 3.4929759734, 4.4207831833, 7.3193577143, 8.2537145044, 1.4614128922, 1.3417964717, 2.6416625477, 1.9119465238, 6.4488187639, 3.7815637487, 7.5992471217, 6.942137916, 8.7263623547, 5.038127951, 7.1099774288, 2.0763527011, 4.5118584407, 4.6465582716, 6.0063688375, 0.49974071869, 7.7601258384, 19.1898326727, 2.3645978507, 13.6213315751, 4.3688788264]
    ],
    [
      [0.0026190374835, 0, 0.028440097686, 0.019034398514, 0, 0, 0.0012479599038, 0.0024101856911, 0.0012798761654, 0.0038891377768, 0.00086556019349, 0.00097473376512, 0.0072908517722, 0.00064110749177, 0.0023709591432, 0.010167857095, 0, 0, 0.015525821454, 0, 0, 0, 0.0014358781129, 0.0047607583074, 0.0053300821003, 0.0096272953011, 0.0025308858435, 0, 0.0016732101927, 0.12237537332, 0.004911320923, 0, 0, 0.029846670885, 0.0092680098617, 0, 0, 0, 0.0031204347684, 0, 0.021047571015, 0.029402109151, 0, 0, 0.0096486678773, 0, 0, 0, 0.0049785317567, 0, 0, 0, 0.0041785399493, 0.079230002691, 0.024647576828],
      [16.8368566285, 1.4006468741, 15.1665613167, 5.1084546869, 4.8271415951, 35.2337838541, 1.0983720845, 0.75938331345, 6.6238720764, 12.3713332054, 12.374078548, 0.38060106558, 2.1585679168, 2.2475573701, 0.64549867901, 11.6813476362, 8.6903078302, 3.7563566072, 11.6827764272, 0.61777326101, 0, 0, 1.140427583, 16.4006968858, 1.0108499041, 14.6331341862, 5.6840021401, 26.4176988422, 8.9450516771, 49.1369910032, 7.3591839323, 11.6160056192, 22.6356673203, 21.1198997147, 10.3907561062, 13.9657649328, 14.2717342079, 20.2328588628, 41.6739941314, 23.9097707997, 30.7443419846, 21.325079859, 27.6699525041, 35.5600179191, 24.6540097463, 30.1683031017, 28.2877272656, 14.1542468266, 18.8440384274, 0, 20.0554946852, 94.365210094, 9.2062691377, 35.2809485455, 6.6635946656],
      [0, 0, 0, 0, 0.034764859607, 0.15464417724, 0.0087422440988, 0.00055512601823, 0.042374717019, 0.061644704424, 0.098202122354, 0, 0.0059533450134, 0.014994137475, 0.00072055072411, 0.02873453922, 0.040033326441, 0.010365712399, 0.0057757732514, 0.0025558186775, 0, 0, 0, 0.06731723592, 0, 0.0058148656748, 0.021385849865, 0.10824971407, 0.031729813168, 0.069447671938, 0.018810517845, 0, 0, 0.028643493704, 0, 0, 0, 0, 0.20714750281, 0, 0.04843321404, 0.071769849408, 0, 0.003562620956, 0.070196318659, 0.058965309587, 0.050580331128, 0.022822182293, 0.02795786683, 0, 0, 0.26342364512, 0, 0.029254073836, 0.0094756610382],
