{
  "Z_true": {},
  "V_true": [
    [8, 98, 499, 532],
    [944, 2106, 696, 119],
    [395, 6539, 667, 431],
    [211, 511, 15704, 492],
    [46, 687, 319, 716],
    [93, 289, 620, 316]
  ],
  "p_true": [
    [0.007, 0.0862, 0.4389, 0.4679],
    [0.2442, 0.5449, 0.1801, 0.0308],
    [0.0492, 0.8141, 0.083, 0.0537],
    [0.0125, 0.0302, 0.9282, 0.0291],
    [0.026, 0.3886, 0.1804, 0.405],
    [0.0706, 0.2193, 0.4704, 0.2398]
  ],
  "Z_est": [
    [
      [0, 0, 0, 0, 0, 0, 0, 0, 0, 0, 0, 0, 0, 0, 0, 0, 0, 0, 0, 0, 0, 0, 0, 0, 0, 0, 0, 0, 0, 0, 0, 0, 0, 0, 0, 0, 0, 0, 0],
      [0, 0, 0, 0, 0, 0, 0, 0, 0, 0, 0, 0, 0, 0, 0, 0, 0, 0, 0, 0, 0, 0, 0, 0, 0, 0, 0, 0, 0, 0, 0, 0, 0, 0, 0, 0, 0, 0, 0],
      [0, 78.6428, 52.7369, 19.4294, 24.9806, 27.7563, 24.9806, 15.7286, 20.3546, 24.0554, 21.2798, 18.5042, 26.8311, 65.6898, 0, 3.7008, 30.5319, 26.8311, 7.4017, 24.0554, 32.3823, 0, 0.9252, 47.1857, 31.4571, 0, 1.8504, 86.9697, 57.363, 22.205, 32.3823, 0, 0.9252, 0, 124.9032, 29.6067, 10.1773, 54.5873, 5.5513],
      [0, 6.3572, 4.2631, 1.5706, 2.0194, 2.2437, 2.0194, 1.2714, 1.6454, 1.9446, 1.7202, 1.4958, 2.1689, 5.3102, 0, 0.2992, 2.4681, 2.1689, 0.5983, 1.9446, 2.6177, 0, 0.0748, 3.8143, 2.5429, 0, 0.1496, 7.0303, 4.637, 1.795, 2.6177, 0, 0.0748, 0, 10.0968, 2.3933, 0.8227, 4.4127, 0.4487]
    ],
    [
      [0.3368, 56.9517, 55.032, 26.8761, 32.6353, 42.2339, 13.758, 11.1984, 19.1972, 15.9977, 25.2763, 25.5997, 29.1158, 46.0733, 1.0105, 12.4782, 43.4522, 30.4939, 29.4357, 66.5503, 37.7545, 0.8624, 2.8796, 75.0073, 72.9494, 0.3368, 1.933, 23.0367, 46.0733, 20.477, 52.7923, 0.8271, 2.2397, 1.3474, 125.7417, 28.7958, 24.9564, 112.6237, 17.1414],
      [0.5786, 102.992, 102.4246, 48.603, 59.0179, 78.6049, 24.8801, 20.8422, 34.7164, 28.9303, 45.7099, 43.9741, 52.6532, 83.3194, 1.7358, 22.5657, 74.6403, 62.0578, 53.2318, 120.3502, 68.2756, 5.4275, 5.2075, 135.9726, 131.9223, 0.5786, 4.0502, 41.6597, 83.3194, 37.0308, 95.4701, 0.0714, 0.6742, 2.3144, 227.3924, 52.0746, 45.1313, 203.6696, 44.3545],
      [0.0846, 15.0508, 14.5434, 7.1026, 8.6246, 11.1612, 3.6359, 2.9594, 5.0733, 4.2277, 6.6798, 6.4262, 7.6945, 12.1759, 0.2537, 3.2976, 10.9076, 8.7091, 7.779, 17.5874, 9.9775, 0.5919, 0.913, 24.0201, 19.2785, 0.0846, 1.0168, 6.0879, 12.1759, 5.4115, 13.9515, 0.0846, 2.9757, 0.3382, 33.23, 7.6099, 6.5953, 29.7633, 5.8343],
      [0, 3.0055, 0, 1.4183, 1.7223, 0, 0.7261, 0, 1.0131, 0.8442, 1.3339, 0, 1.5365, 2.4314, 0, 0.6585, 0, 1.7392, 1.5534, 3.5121, 1.9924, 0.1182, 0, 0, 3.8498, 0, 0, 1.2157, 2.4314, 1.0806, 2.786, 0.0169, 1.1104, 0, 6.6358, 1.5196, 1.317, 5.9435, 1.6698]
    ],
    [
      [0.5278, 10.6208, 13.4006, 13.4555, 7.7291, 10.8371, 8.1789, 7.5815, 5.439, 10.2656, 11.8278, 8.4652, 1.3754, 10.2646, 0.9403, 2.0856, 10.2237, 4.1713, 7.1073, 11.8186, 4.4726, 0.1227, 0.7979, 0, 14.9266, 0.1471, 0, 5.7779, 15.3355, 2.8918, 8.2188, 0.0409, 0.785, 0.3681, 39.7087, 4.5801, 11.2712, 45.1751, 2.7399],
      [1.4214, 400.3727, 309.1881, 130.7338, 174.9301, 247.4288, 185.1112, 122.4185, 120.975, 198.1183, 337.1756, 198.5348, 153.5488, 232.3145, 5.2642, 47.2034, 233.4234, 94.4067, 166.0744, 267.4857, 228.6123, 2.7767, 15.7701, 276.7412, 334.6412, 2.7767, 17.9161, 242.4956, 349.3028, 168.4512, 288.9219, 0.9256, 5.9802, 8.4032, 898.7148, 156.8172, 97.3428, 616.8435, 62.0122],
      [0.0508, 17.7808, 8.4113, 3.8626, 4.8028, 6.7341, 0, 0, 3.3798, 0, 0, 0, 4.1167, 6.3784, 1.7956, 1.296, 6.353, 2.592, 4.8028, 7.344, 11.9051, 0.0762, 0.432, 22.2588, 12.462, 0.0762, 3.0839, 11.5944, 9.5294, 9.176, 19.714, 0.0254, 0.1779, 0.2287, 24.6749, 4.2438, 8.3764, 17.4071, 1.7026],
      [0, 4.2257, 0, 3.948, 1.538, 0, 6.7099, 0, 3.2062, 4.616, 3.9966, 0, 2.9591, 2.0425, 0, 0.415, 0, 0.83, 11.0155, 2.3518, 2.01, 0.0244, 0, 0, 2.9702, 0, 0, 2.1321, 0.8322, 1.481, 5.1454, 0.0081, 0.057, 0, 7.9016, 1.359, 2.0097, 5.5743, 0.5452]
    ],
    [
      [1.1354, 0, 0, 1.2673, 2.7925, 1.0708, 6.5425, 0.7874, 6.0221, 1.2488, 1.9809, 8.2696, 0, 0.4171, 0.0492, 1.347, 3.5555, 0, 0, 19.8612, 0, 0, 0.2522, 0, 1.0875, 0.3304, 0, 0, 7.1045, 0, 0, 0.1209, 0.9493, 0.24, 5.9429, 0, 4.3669, 43.1333, 0],
      [0, 0, 22.5754, 0, 3.0376, 13.3974, 4.6053, 17.8708, 0, 3.0337, 5.1881, 4.6419, 16.9208, 4.6575, 0, 4.1913, 7.7526, 14.8749, 0, 16.3081, 1.9475, 0.4533, 1.1479, 0.3387, 0, 1.6712, 0, 11.9984, 30.8956, 9.0998, 0, 0, 0, 0.5796, 32.3139, 26.8457, 0, 0, 5.924],
      [15.8646, 848.0159, 1223.4246, 195.106, 459.085, 332.5318, 131.483, 109.3417, 167.3745, 195.2614, 310.6276, 147.0885, 469.6436, 1198.7116, 7.9508, 69.9237, 338.6919, 170.2966, 232.9588, 351.9405, 328.0581, 16.2817, 39.5998, 591.6613, 414.6817, 8.9984, 43, 979.2448, 1544.9999, 731.7473, 353.3266, 15.4822, 43.4632, 23.1804, 2361.9803, 342.5856, 199.9308, 1161.2, 109.5487],
      [0, 29.9841, 0, 9.6267, 6.0849, 0, 10.3692, 0, 10.6034, 3.456, 4.2034, 0, 6.4357, 35.2138, 0, 0.5381, 0, 10.8285, 10.0412, 2.8901, 3.9943, 1.265, 0, 0, 10.2308, 0, 0, 5.7568, 0, 0.1529, 4.6734, 0.397, 0.5874, 0, 38.763, 9.5687, 2.7022, 31.6668, 1.5273]
    ],
    [
      [0, 0.717, 0.6348, 0.1568, 0.3435, 0.3809, 0.2763, 2.2662, 0.1419, 0.3435, 0.5153, 0.3435, 0.2091, 0.59, 0, 0.0448, 0.2913, 0.2016, 0.2016, 0.4257, 0.351, 0.0149, 0.0931, 0.5153, 0.4481, 0.0075, 0.0448, 0.5527, 0.7095, 0.2315, 0.5004, 0, 0.0149, 0.0224, 2.3974, 0.2689, 0.239, 0.7468, 0.0299],
      [0, 16.4415, 14.5576, 3.5966, 7.8782, 16.4387, 6.3368, 5.823, 3.2541, 7.8782, 11.8173, 8.7613, 4.7954, 13.53, 0, 1.0276, 6.6794, 4.6242, 4.6242, 9.7622, 8.0495, 0.3425, 0.8563, 11.8173, 10.276, 0.9675, 1.0276, 12.6737, 16.2703, 5.3092, 11.4748, 0, 0.3425, 0.6966, 54.9764, 6.1656, 5.4805, 17.1266, 0.6851],
      [0, 2.4067, 11.6235, 0.5265, 1.1532, 1.2786, 0.9276, 0.8524, 0.4763, 1.1532, 1.7298, 1.1532, 0.702, 1.9805, 0, 0.1504, 0.9777, 0.6769, 0.6769, 1.429, 1.1783, 0.0501, 0.1254, 4.3361, 1.5042, 0.0251, 0.2332, 1.8552, 2.3817, 0.7772, 1.6797, 0, 0.0501, 1.437, 8.0475, 0.9025, 0.8022, 2.507, 0.1003],
      [0, 76.4348, 58.1841, 16.7201, 36.625, 32.9018, 29.4592, 25.0584, 15.1277, 36.625, 54.9375, 35.7419, 22.2935, 62.8995, 0, 4.7772, 31.0516, 21.4973, 21.4973, 45.3831, 37.4212, 1.5924, 3.9252, 52.3312, 47.7717, 0, 4.6944, 58.9185, 75.6386, 24.6821, 53.3451, 0, 1.5924, 0.844, 255.5788, 28.663, 25.4783, 79.6196, 3.1848]
    ],
    [
      [0, 0.7105, 0.9326, 0.2442, 0.4996, 0.4774, 0.2442, 0.1665, 0.1998, 0.1443, 0.3997, 0.322, 0.2998, 0.655, 0, 0.0444, 0.4774, 0.1332, 0.2553, 0.3442, 0.4219, 0, 0.9772, 0.4774, 0.5884, 1.1782, 0.0222, 0.6328, 0.7771, 0.3997, 0.4885, 0.0111, 0.0111, 0.0222, 2.2093, 0.3553, 0.1665, 1.3211, 0.0888],
      [0, 0.1938, 0.2543, 0.0666, 0.1363, 0.1302, 0.0666, 0.0454, 0.0545, 0.0394, 0.109, 0.0878, 0.0818, 0.1786, 0, 0.0121, 3.5044, 0.0363, 0.0696, 0.0939, 0.1151, 0, 0.0182, 0.1302, 0.1605, 0.0061, 0.0061, 0.1726, 0.212, 0.109, 0.1332, 0.003, 0.003, 0.0061, 0.6025, 0.0969, 0.0454, 0.3603, 0.0242],
      [0, 26.103, 34.2602, 8.9729, 18.3537, 17.538, 8.9729, 6.1179, 7.3415, 5.3022, 14.683, 11.8279, 11.0122, 24.0637, 0, 1.6314, 17.538, 4.8943, 9.3808, 12.6437, 15.4987, 0, 5.0047, 17.538, 21.6166, 0.8157, 0.8157, 23.248, 28.5502, 14.683, 17.9458, 0.4079, 0.4079, 0.8157, 81.1641, 13.0515, 6.1179, 48.5353, 3.2629],
      [0, 36.9926, 48.5529, 12.7162, 26.0105, 24.8544, 12.7162, 8.6702, 10.4042, 7.5141, 20.8084, 16.7623, 15.6063, 34.1026, 0, 2.312, 21.4803, 6.9361, 13.2942, 17.9183, 21.9644, 0, 0, 24.8544, 30.6345, 0, 1.156, 32.9466, 40.4607, 20.8084, 25.4324, 0.578, 0.578, 1.156, 115.024, 18.4963, 8.6702, 68.7832, 4.6241]
    ]
  ],
  "V_est": [
    [0, 0, 1051.9627, 85.0373],
    [1231.4785, 2246.4249, 333.9146, 53.1819],
    [313.6751, 7401.5747, 236.8456, 79.9046],
    [119.8751, 262.271, 16284.2929, 251.5609],
    [15.2722, 312.3644, 57.8673, 1382.4961],
    [16.699, 7.3649, 540.1169, 753.8191]
  ],
  "p_est": [
    [0, 0, 0.9252, 0.0748],
    [0.3186, 0.5812, 0.0864, 0.0138],
    [0.0391, 0.9215, 0.0295, 0.0099],
    [0.0071, 0.0155, 0.9625, 0.0149],
    [0.0086, 0.1767, 0.0327, 0.782],
    [0.0127, 0.0056, 0.4098, 0.5719]
  ],
  "EI_Z": {},
  "EI_V": 10.6788,
  "MAE_Z": {},
  "MAE_V": 294.0041,
  "MAE_p": 0.1207,
  "runtime": 1.6184
}
