{
  "X": [
    [38, 58, 417, 520, 64],
    [0, 3, 18, 31, 3],
    [40, 70, 534, 707, 66],
    [5, 12, 57, 198, 8],
    [19, 17, 106, 262, 12],
    [14, 26, 250, 383, 30],
    [0, 1, 2, 5, 2],
    [78, 83, 885, 1268, 102],
    [8, 7, 107, 109, 13],
    [0, 2, 28, 48, 4],
    [0, 0, 5, 5, 2],
    [24, 14, 172, 219, 23],
    [6, 10, 137, 232, 16],
    [6, 4, 58, 84, 13],
    [184, 177, 2158, 3537, 280],
    [3, 8, 65, 118, 5],
    [1, 6, 64, 66, 5],
    [72, 59, 903, 1347, 83],
    [18, 8, 68, 149, 3],
    [24, 22, 164, 409, 35],
    [173, 180, 1507, 2715, 191],
    [13, 11, 65, 155, 9],
    [6, 9, 107, 107, 12],
    [14, 23, 141, 178, 13],
    [2, 4, 65, 54, 8],
    [1, 2, 12, 20, 0],
    [181, 209, 2490, 2766, 296],
    [9, 13, 102, 144, 17],
    [5, 7, 61, 80, 9],
    [0, 1, 13, 16, 1],
    [3, 15, 40, 69, 6],
    [3, 7, 65, 255, 19],
    [10, 9, 81, 219, 18],
    [23, 27, 186, 361, 24],
    [1, 2, 1, 3, 0],
    [21, 22, 115, 285, 23],
    [8, 10, 83, 193, 24],
    [1, 8, 33, 79, 14],
    [8, 18, 100, 212, 13],
    [10, 11, 79, 140, 10],
    [24, 21, 184, 331, 29],
    [5, 10, 56, 137, 13],
    [12, 10, 73, 128, 16],
    [26, 22, 135, 346, 28],
    [12, 10, 91, 161, 21],
    [0, 0, 14, 23, 10],
    [5, 16, 66, 124, 8],
    [7, 20, 85, 192, 11],
    [16, 23, 163, 332, 32],
    [17, 13, 68, 215, 3],
    [9, 2, 56, 127, 7],
    [36, 14, 135, 238, 30],
    [13, 13, 111, 173, 23],
    [3, 7, 70, 74, 15],
    [33, 37, 200, 359, 43],
    [19, 22, 361, 289, 75],
    [132, 210, 1743, 1804, 314],
    [85, 131, 844, 1017, 215],
    [0, 1, 0, 4, 0]
  ],
  "W": [
    [131, 66, 426, 391, 83],
    [7, 0, 20, 24, 4],
    [158, 69, 540, 567, 83],
    [42, 16, 63, 148, 11],
    [67, 19, 113, 187, 30],
    [91, 31, 301, 242, 38],
    [1, 0, 4, 4, 1],
    [263, 100, 997, 883, 173],
    [20, 11, 130, 66, 17],
    [9, 4, 30, 36, 3],
    [1, 1, 5, 3, 2],
    [52, 29, 187, 151, 33],
    [40, 28, 149, 161, 23],
    [23, 3, 73, 55, 11],
    [678, 237, 2555, 2400, 466],
    [11, 6, 74, 97, 11],
    [20, 8, 60, 48, 6],
    [218, 85, 1037, 931, 193],
    [24, 5, 82, 116, 19],
    [81, 29, 199, 283, 62],
    [534, 213, 1787, 1908, 324],
    [37, 16, 81, 106, 13],
    [20, 14, 134, 57, 16],
    [44, 10, 166, 115, 34],
    [12, 8, 73, 34, 6],
    [3, 5, 14, 12, 1],
    [587, 315, 2710, 1849, 481],
    [35, 12, 102, 106, 30],
    [15, 9, 63, 56, 19],
    [3, 4, 10, 12, 2],
    [22, 6, 40, 52, 13],
    [54, 14, 77, 185, 19],
    [38, 9, 111, 153, 26],
    [89, 27, 215, 240, 50],
    [0, 0, 2, 5, 0],
    [57, 18, 149, 191, 51],
    [40, 11, 118, 110, 39],
    [25, 14, 39, 40, 17],
    [41, 25, 116, 137, 32],
    [26, 12, 85, 100, 27],
    [64, 21, 222, 213, 69],
    [25, 7, 72, 99, 18],
    [32, 14, 81, 90, 22],
    [64, 17, 193, 241, 42],
    [31, 15, 105, 112, 32],
    [3, 1, 14, 19, 10],
    [19, 7, 80, 99, 14],
    [47, 11, 85, 150, 22],
    [47, 21, 197, 260, 41],
    [36, 5, 100, 147, 28],
    [26, 7, 67, 82, 19],
    [52, 21, 154, 173, 53],
    [32, 24, 127, 113, 37],
    [14, 12, 75, 51, 17],
    [71, 28, 262, 250, 61],
    [40, 109, 355, 197, 65],
    [380, 265, 1818, 1331, 409],
    [209, 131, 940, 755, 257],
    [1, 0, 0, 3, 1]
  ],
  "method": "mvn_pdf",
  "cond_prob": [
    [
      [0.013926973184, 0.097129333063, 0.12464321475, 0.75602198847, 0.0082784905397],
      [0.00034976111233, 0.034504969577, 0.62648636286, 0.055452667912, 0.28320623854],
      [0.01913452488, 0.016328471076, 0.76898113709, 0.18011040643, 0.015445460526],
      [0.046977873366, 0.071885294268, 0.042692880037, 0.81600811926, 0.022435833066],
      [0.11605814692, 0.095610248665, 0.1812621497, 0.25921729709, 0.34785215762]
    ],
    [
      [0, 0.077907195254, 0.1162408527, 0.79356988256, 0.012282069487],
      [8.6489480911e-05, 0.025534762623, 0.5831361041, 0.053272209299, 0.3379704345],
      [0, 0.016048125841, 0.77888933557, 0.18488111498, 0.02018142361],
      [0, 0.071463850276, 0.039013519857, 0.86254763371, 0.026974996153],
      [0, 0.10463867744, 0.1680507108, 0.26156132832, 0.46574928343]
    ],
    [
      [0.01144027986, 0.088847975887, 0.13405496515, 0.75800808657, 0.007648692533],
      [0.00028105246863, 0.03088565285, 0.65878846684, 0.05441211129, 0.25563271655],
      [0.014009766055, 0.017906766075, 0.78311213196, 0.17209344349, 0.01287789242],
      [0.039440827189, 0.064530970423, 0.048686946966, 0.82546684727, 0.021874408151],
      [0.09933518646, 0.091231275338, 0.203335676, 0.27120632233, 0.33489153987]
    ],
    [
      [0.0068474530159, 0.058812540783, 0.063869113134, 0.86699576453, 0.003475128534],
      [0.00032272329654, 0.039184413187, 0.61331511944, 0.11880957478, 0.22836816929],
      [0.013950837058, 0.019660725105, 0.63051509801, 0.32608665742, 0.009786682411],
      [0.019341342075, 0.045190772351, 0.021704999517, 0.90643313089, 0.0073297551662],
      [0.087802003526, 0.088732971503, 0.14269674858, 0.45360562762, 0.22716264877]
    ],
    [
      [0.016009510337, 0.058915195011, 0.083620954857, 0.83776427018, 0.0036900696146],
      [0.00063394850875, 0.03300193725, 0.66899901478, 0.096670082463, 0.20069501699],
      [0.027243022233, 0.016464866574, 0.68415290574, 0.26349244123, 0.0086467642238],
      [0.050835296138, 0.044197766772, 0.029679726845, 0.87107897349, 0.0042082367514],
      [0.17768852986, 0.076671093908, 0.16090091583, 0.37888828096, 0.20585117944]
    ],
    [
      [0.0082395290267, 0.062322744961, 0.08786127015, 0.83549143509, 0.0060850207774],
      [0.00028147628855, 0.030110016785, 0.60157441499, 0.083245276609, 0.28478881533],
      [0.011312541147, 0.018494726888, 0.69824195873, 0.25693752038, 0.015013252851],
      [0.027183144857, 0.045115563664, 0.02943650851, 0.88213181269, 0.016132970282],
      [0.085738977709, 0.076587907584, 0.15950928721, 0.35725219809, 0.32091162941]
    ],
    [
      [0, 0.12131927051, 0.030101384453, 0.73496242768, 0.11361691736],
      [1.7926694786e-08, 1.0996149551e-05, 9.9655022423e-06, 1.1536641241e-05, 0.99996748378],
      [0, 0.091814721927, 0.48400360186, 0.42418167621, 0],
      [0, 0.12785107277, 0.0084690770531, 0.64206822313, 0.22161162705],
      [0, 1.7550706352e-05, 7.8998940642e-06, 3.7974961653e-05, 0.99993657444]
    ],
    [
      [0.012164153927, 0.059713826936, 0.1043806342, 0.81789798994, 0.0058433949998],
      [0.00037976271557, 0.026396097379, 0.65103256184, 0.074645593247, 0.24754598482],
      [0.018381966195, 0.014254974756, 0.73230106382, 0.2235708552, 0.011491140029],
      [0.040221903569, 0.043363969103, 0.03507695261, 0.86580608804, 0.015531086679],
      [0.12092537629, 0.07024889727, 0.18131518636, 0.33538353149, 0.2921270086]
    ],
    [
      [0.012839287799, 0.055198252917, 0.099777143631, 0.82476421229, 0.0074211033663],
      [0.00038114691892, 0.023116770616, 0.59717162945, 0.070958798072, 0.30837165495],
      [0.022533388012, 0.015459249304, 0.7194810077, 0.22583148083, 0.016694874157],
      [0.042218793162, 0.039654101786, 0.033185269951, 0.8653782436, 0.019563591497],
      [0.11901416692, 0.059698666916, 0.15957708152, 0.30888896411, 0.35282112053]
    ],
    [
      [0, 0.039969648194, 0.10792558091, 0.84100007676, 0.01110469414],
      [0, 0.015165917462, 0.61138696378, 0.064902372951, 0.30854474581],
      [0, 0.0090930814333, 0.75772180941, 0.21354455466, 0.019640554498],
      [0, 0.0296677878, 0.036257597401, 0.9109214877, 0.023153127095],
      [0, 0.079592230871, 0.18206470938, 0.32395987336, 0.41438318639]
    ],
    [
      [0, 0, 0.11690492344, 0.87133882361, 0.011756252946],
      [0, 0, 0.45328316434, 0.036958872458, 0.5097579632],
      [0, 0, 0.81722938384, 0.18277061616, 0],
      [0, 0, 0.034477777736, 0.95236389003, 0.013158332233],
      [0, 0, 0.12011582991, 0.16037877651, 0.71950539358]
    ],
    [
      [0.024980034768, 0.055925735604, 0.10812951689, 0.80438284893, 0.0065818638043],
      [0.00073548330456, 0.023292050185, 0.64047558575, 0.069017287259, 0.2664795935],
      [0.018281175782, 0.013904389567, 0.7334568926, 0.21863227766, 0.015725264396],
      [0.080529047713, 0.039445812904, 0.035292184409, 0.82772397475, 0.017008980221],
      [0.21518918486, 0.056362233206, 0.16114892039, 0.28181922473, 0.28548043682]
    ],
    [
      [0.0065305775244, 0.043253184837, 0.08944764052, 0.85630372137, 0.0044648757465],
      [0.00023938073841, 0.022424693105, 0.66087851935, 0.091340681891, 0.22511672492],
      [0.010746185234, 0.011701743475, 0.70702061398, 0.26040490648, 0.010126550831],
      [0.014681671663, 0.02805899345, 0.03322317812, 0.91240195644, 0.011634200323],
      [0.076832326118, 0.060040151146, 0.18358663811, 0.41275069564, 0.26679018898]
    ],
    [
      [0.014751552239, 0.046407747711, 0.097996550711, 0.81920333633, 0.021640813005],
      [0.00026787153588, 0.01184012701, 0.35857624543, 0.042845940305, 0.58646981572],
      [0.03022387344, 0.011045069073, 0.71167007426, 0.23668490401, 0.010376079219],
      [0.04715814647, 0.032325368327, 0.031576814337, 0.83343377137, 0.055505899497],
      [0.0781699879, 0.028446920118, 0.089246398881, 0.17390272961, 0.63023396349]
    ],
    [
      [0.010530585533, 0.049239619762, 0.091069345438, 0.84332944805, 0.005831001219],
      [0.00036002818372, 0.02384236317, 0.62142706392, 0.084327973921, 0.2700425708],
      [0.016871832021, 0.0096848266773, 0.70419999209, 0.25608995943, 0.013153389782],
      [0.034488333919, 0.035429550511, 0.030322876641, 0.88440574522, 0.015353493714],
      [0.10921760539, 0.060491940649, 0.16517357491, 0.36127311063, 0.30384376843]
    ],
    [
      [0.0061750373734, 0.063005321493, 0.097928895866, 0.82918591977, 0.0037048254932],
      [0.00021708918679, 0.031213339307, 0.7027598599, 0.084452314338, 0.18135739727],
      [0.0094875464259, 0.015837874872, 0.73220169763, 0.23461442568, 0.0078584553852],
      [0.014584483731, 0.051238525297, 0.033765902262, 0.8923970939, 0.0080139948113],
      [0.073999881489, 0.088865612124, 0.20436407652, 0.40438685344, 0.22838357643]
    ],
    [
      [0.00543078599, 0.072510544286, 0.16556608842, 0.75053318315, 0.0059593981599],
      [0.00011935613603, 0.022309031461, 0.74527961949, 0.047550653424, 0.18474133949],
      [0, 0.01426435413, 0.83725554184, 0.13544285618, 0.013037247852],
      [0.012099054576, 0.063088512227, 0.05911324545, 0.8487913273, 0.016907860444],
      [0.051612468578, 0.081201171316, 0.27561216395, 0.29006267142, 0.30151152474]
    ],
    [
      [0.010206667177, 0.044415872599, 0.099366098699, 0.84161756185, 0.0043937996777],
      [0.00035304820296, 0.021756180609, 0.68668323076, 0.085101406738, 0.20610613369],
      [0.015827047312, 0.0059568069531, 0.72763203848, 0.24468377263, 0.0059003346226],
      [0.033679625469, 0.032192507512, 0.033325850077, 0.88914731321, 0.011654703737],
      [0.1138681766, 0.058650938432, 0.19372707537, 0.38736026492, 0.24639354468]
    ],
    [
      [0.031339986541, 0.049822617093, 0.08293847903, 0.83589891734, 0],
      [0.0013253602815, 0.02982660035, 0.71558597931, 0.10252269755, 0.15073936251],
      [0.052435455328, 0.013657098192, 0.67113532651, 0.26277211997, 0],
      [0.058879929103, 0.035898933035, 0.039962053212, 0.86525908465, 0],
      [0.32165444257, 0.072156100222, 0.1454132453, 0.34254972836, 0.11822648355]
    ],
    [
      [0.011486460328, 0.050620848778, 0.069511986536, 0.86290107516, 0.0054796291942],
      [0.00046509929971, 0.029004143387, 0.56494559006, 0.10189146558, 0.30369370168],
      [0.022102078219, 0.016022555432, 0.64002940105, 0.30734312285, 0.014502842442],
      [0.03876194679, 0.034892105672, 0.023016112001, 0.88795748801, 0.015372347527],
      [0.12400265043, 0.064445752493, 0.13075316892, 0.38220822347, 0.29859020469]
    ],
    [
      [0.0131398577, 0.061730082815, 0.084692243892, 0.83526849863, 0.0051693169644],
      [0.00048231396138, 0.032089873371, 0.62063647377, 0.089665630903, 0.257125708],
      [0.022327989789, 0.017282562274, 0.68497223132, 0.2633483479, 0.012068868719],
      [0.042715167214, 0.044325098106, 0.0290416313, 0.87134219919, 0.012575904189],
      [0.1372837232, 0.076372736968, 0.15469741654, 0.36031922408, 0.27132689921]
    ],
    [
      [0.020929282272, 0.063954043009, 0.06250227167, 0.84865807754, 0.003956325508],
      [0.0009673639948, 0.041810372904, 0.58735636952, 0.11404206385, 0.25582382972],
      [0.042304308193, 0.02116001953, 0.60952276464, 0.31598273967, 0.011030167964],
      [0.055261925077, 0.049195964746, 0.022833609955, 0.86240767925, 0.010300820974],
      [0.22505582386, 0.07969235363, 0.11523134188, 0.36655093814, 0.21346954249]
    ],
    [
      [0.0095074045044, 0.069221373071, 0.086237589183, 0.8291600983, 0.0058735349435],
      [0.00032829657169, 0.03368998488, 0.60009250378, 0.082928797477, 0.28296041729],
      [0.018164448894, 0.022003573407, 0.69215667304, 0.25248522475, 0.015190079912],
      [0.031383559615, 0.049940710668, 0.028828676212, 0.87429338467, 0.01555366884],
      [0.098897294255, 0.08430083785, 0.15510777698, 0.34925323922, 0.31244085169]
    ],
    [
      [0.013017707185, 0.11657399166, 0.097683744287, 0.76820107399, 0.0045234828766],
      [0.00043732075548, 0.055233184387, 0.66057301911, 0.075104720808, 0.20865175494],
      [0.023272678729, 0.0162806766, 0.72519328547, 0.22698622275, 0.0082671364423],
      [0.043753638144, 0.085712648078, 0.033268012305, 0.82506718219, 0.012198519282],
      [0.13317395943, 0.1399666376, 0.17318465461, 0.32016666491, 0.23350808345]
    ],
    [
      [0.007515647173, 0.06004352435, 0.12469547323, 0.7972222024, 0.010523152845],
      [0.00017157426515, 0.0191994827, 0.57806314695, 0.0522671094, 0.35029868668],
      [0.009407057599, 0.017636521963, 0.77257930955, 0.18166373219, 0.018713378705],
      [0.02537358455, 0.044205863763, 0.042512889582, 0.85938830671, 0.028519355398],
      [0.059837093396, 0.055902729163, 0.17257021716, 0.25575696972, 0.45593299056]
    ],
    [
      [0.0069562413876, 0.066817743329, 0.042473164872, 0.88375285041, 0],
      [0.063856738565, 0.066023845789, 0.69896302337, 0.17115639227, 0],
      [0.015615208314, 0.055446517941, 0.57782022871, 0.35111804504, 0],
      [0.022115777049, 0.046686707859, 0.013927598001, 0.91726991709, 0],
      [0.17584534203, 0.13293579558, 0.12115101057, 0.57006785182, 0]
    ],
    [
      [0.01204973086, 0.064994400072, 0.11670673359, 0.79974211305, 0.0065070224339],
      [0.00034060425156, 0.026017833115, 0.65840757178, 0.06611571499, 0.24911827587],
      [0.016489306475, 0.014586733362, 0.75576867239, 0.20101443753, 0.012140850237],
      [0.040232506774, 0.047673911603, 0.039614523251, 0.85501233874, 0.017466719634],
      [0.11381204174, 0.072710103454, 0.19275344407, 0.31197087189, 0.30875353885]
    ],
    [
      [0.01094974621, 0.073775506246, 0.12746022931, 0.7805466408, 0.0072678774277],
      [0.00027992951206, 0.0265905191, 0.65841057899, 0.057954272028, 0.25676470037],
      [0.013820888014, 0.015255520857, 0.7765253675, 0.18175919815, 0.012639025477],
      [0.039939197744, 0.058436184209, 0.041771431586, 0.83798024042, 0.021872946044],
      [0.099003806342, 0.078282413289, 0.20015352643, 0.28733575373, 0.33522450021]
    ],
    [
      [0.0096849619541, 0.067841761407, 0.11177401292, 0.80534085864, 0.0053584050829],
      [0.00028869482201, 0.028446220191, 0.67941429424, 0.069299326489, 0.22255146425],
      [0.017854721358, 0.021911337096, 0.75059901483, 0.19803700691, 0.011597919808],
      [0.03258286559, 0.049829496743, 0.037989096008, 0.86515097996, 0.014447561697],
      [0.10013891572, 0.08186797592, 0.19965967618, 0.33533720362, 0.28299622856]
    ],
    [
      [0, 0.037534228074, 0.13434260212, 0.822805867, 0.00531730281],
      [0, 0.013623429727, 0.81959878142, 0.058589678959, 0.1081881099],
      [0, 0.0078610121828, 0.82689839589, 0.15909998654, 0.006140605388],
      [0, 0.04840016768, 0.036165189994, 0.90777853937, 0.0076561029545],
      [0, 0.086745731443, 0.30780541458, 0.40644067265, 0.19900818133]
    ],
    [
      [0.0066638741165, 0.25943541676, 0.090705279233, 0.63880493788, 0.0043904920109],
      [0.00022003762795, 0.11913042072, 0.61585730394, 0.060828637716, 0.2039636],
      [0.010781407465, 0.067551239433, 0.72217507759, 0.18966495667, 0.0098273188448],
      [0.030100093029, 0.037949150748, 0.065430622001, 0.84009617087, 0.026423963354],
      [0.065816415966, 0.30017176084, 0.15538035274, 0.25459387602, 0.22403759443]
    ],
    [
      [0.0052309772863, 0.035700218692, 0.064036118002, 0.88761881336, 0.0074138726577],
      [0.00019802641417, 0.019110054121, 0.49005961499, 0.09769512552, 0.39293717896],
      [0.010576659368, 0.011873390045, 0.62519703438, 0.33166779723, 0.020685118978],
      [0.0046454339658, 0.016491874311, 0.023300052012, 0.93466737145, 0.020895268263],
      [0.054786673776, 0.044178929049, 0.1173965131, 0.38152464296, 0.40211324111]
    ],
    [
      [0.0094051857686, 0.042996252597, 0.061820754883, 0.87908375076, 0.0066940559933],
      [0.00037666021533, 0.024342090029, 0.49905557804, 0.10230904888, 0.37391662284],
      [0.019373415136, 0.014549546091, 0.61273400196, 0.33435765715, 0.018985379669],
      [0.032189371175, 0.027152651868, 0.021025207743, 0.90053718011, 0.019095589104],
      [0.098607312652, 0.052988778429, 0.11265308116, 0.37608259735, 0.35966823041]
    ],
    [
      [0.012645292041, 0.066306193424, 0.083010268483, 0.83348315568, 0.004555090373],
      [0.00048118188444, 0.035688706993, 0.63429921306, 0.092500557113, 0.23703034095],
      [0.02175381483, 0.018749789245, 0.68335073614, 0.26536748143, 0.010778178353],
      [0.042971511705, 0.049413245798, 0.02797895006, 0.86961262717, 0.010023665269],
      [0.13742688199, 0.084895400346, 0.15701302136, 0.37122890149, 0.24943579481]
    ],
    [
      [0.0013434289692, 0.9790461851, 0.00055937331878, 0.019050185152, 8.2746054009e-07],
      [0.00059418479918, 0.10047089902, 0.46446293831, 0.036875413365, 0.39759656451],
      [0.02752709137, 0.79266999201, 0.1188507508, 0.06095216582, 0],
      [0.18898916345, 0.082932003197, 0.15245969968, 0.57561913367, 0],
      [0.1743131546, 0.23338874436, 0.080649939568, 0.13170495841, 0.37994320306]
    ],
    [
      [0.013504819373, 0.067455448268, 0.062262329275, 0.85212152382, 0.0046558792642],
      [0.00060384852878, 0.042648587751, 0.55997190058, 0.1109725967, 0.28580306643],
      [0.027731530419, 0.022749374873, 0.61285494374, 0.32351433719, 0.013149813772],
      [0.044401352652, 0.049892137033, 0.020754190314, 0.87232129277, 0.012631027229],
      [0.1491509732, 0.087613918427, 0.11945325595, 0.38459927922, 0.2591825732]
    ],
    [
      [0.0075975923802, 0.046161222421, 0.055579419133, 0.88374707839, 0.0069146876716],
      [0.00031666254287, 0.027178682506, 0.46575728917, 0.10685601711, 0.39989134867],
      [0.01577598135, 0.017199045861, 0.59030538618, 0.35363634633, 0.023083240283],
      [0.02438100137, 0.032478621756, 0.018103457903, 0.90720561277, 0.017831306202],
      [0.080747104278, 0.057755122841, 0.10271992605, 0.38341011294, 0.3753677339]
    ],
    [
      [0.0043849561195, 0.078330414315, 0.053500046299, 0.85701256256, 0.0067720207104],
      [0.00018209139873, 0.045606305215, 0.45240496402, 0.10194959863, 0.39985704074],
      [0.0022650940849, 0.028713720063, 0.58711704197, 0.35470740262, 0.027196741265],
      [0, 0.064911879836, 0.018096444659, 0.89924439468, 0.017747280829],
      [0.047028714595, 0.099231829014, 0.10043570137, 0.3731780627, 0.38012569232]
    ],
    [
      [0.0071571785895, 0.07273971837, 0.06428879403, 0.852694707, 0.003119602013],
      [0.00034447565459, 0.049467714944, 0.62467111298, 0.11933627356, 0.20618042286],
      [0.014610912038, 0.024360957566, 0.63078466388, 0.32147106439, 0.0087724021304],
      [0.02224426552, 0.054130404711, 0.028879403175, 0.89324883885, 0.001497087744],
      [0.092362925433, 0.11060131719, 0.14437132423, 0.44969924322, 0.20296518993]
    ],
    [
      [0.012059249861, 0.065241534528, 0.092617624001, 0.82605104729, 0.0040305443174],
      [0.00043558263497, 0.033266991185, 0.6788913087, 0.086609023352, 0.20079709413],
      [0.019198520423, 0.017012449128, 0.71259467126, 0.24235324941, 0.0088411097781],
      [0.044121822579, 0.051562633102, 0.030422447813, 0.86785707875, 0.0060360177515],
      [0.13471022289, 0.085266471185, 0.17897978641, 0.37398631166, 0.22705720785]
    ],
    [
      [0.012427795667, 0.054782472552, 0.079907230599, 0.84806007969, 0.0048224214942],
      [0.00048012234301, 0.029939773819, 0.61953109331, 0.095502446533, 0.25454656399],
      [0.02366549178, 0.016656399432, 0.67483291055, 0.27398048688, 0.010864711361],
      [0.04039084942, 0.039047669286, 0.026358191776, 0.88161527416, 0.012588015361],
      [0.1353267885, 0.070294380791, 0.15142874337, 0.37841858029, 0.26453150705]
    ],
    [
      [0.0076760309527, 0.066662580416, 0.069200482577, 0.84919058598, 0.0072703200791],
      [0.00027714312509, 0.03391115162, 0.50612175209, 0.08877195397, 0.3709179992],
      [0.014752352622, 0.020967955736, 0.64437091966, 0.30063812474, 0.019270647235],
      [0.023840876171, 0.05226942086, 0.021854304221, 0.8815815144, 0.020453884349],
      [0.076874616364, 0.078427330563, 0.12049185208, 0.34590648699, 0.37829971401]
    ],
    [
      [0.019338689324, 0.066160495497, 0.09171444069, 0.81487335705, 0.0079130174414],
      [0.00058656661972, 0.028316844983, 0.5635924758, 0.071712177386, 0.33579193521],
      [0.030491124053, 0.017071241383, 0.69864567676, 0.23658880973, 0.017203148078],
      [0.058144015541, 0.05160097877, 0.028747753552, 0.83916680906, 0.022340443076],
      [0.16682761645, 0.066344076045, 0.13623843635, 0.28324434943, 0.34734552172]
    ],
    [
      [0.016095880299, 0.06008222432, 0.058324865595, 0.859157759, 0.0063392707905],
      [0.00067582487979, 0.03568672943, 0.49165632506, 0.10515524856, 0.36682587206],
      [0.034045641395, 0.020884648193, 0.59044173431, 0.33618733196, 0.018440644139],
      [0.048390357403, 0.043837750021, 0.01958307383, 0.86995288238, 0.018235936362],
      [0.16013070749, 0.070295913978, 0.10081608479, 0.34960629702, 0.31915099672]
    ],
    [
      [0.013431200899, 0.054473181923, 0.086768177742, 0.83766409664, 0.007663342792],
      [0.0004283762418, 0.024538406957, 0.55838200371, 0.077575585462, 0.33907562763],
      [0.0221897357, 0.014763245709, 0.69035637109, 0.25525289196, 0.017437755549],
      [0.046995665179, 0.040183426017, 0.026671447593, 0.86582122578, 0.020328235429],
      [0.12449282437, 0.059142835708, 0.13936985437, 0.31547650873, 0.36151797683]
    ],
    [
      [0, 0, 0.12842167255, 0.83174925721, 0.039829070248],
      [0, 0, 0.2805877283, 0.027170963671, 0.69224130803],
      [0, 0, 0.76499901836, 0.17208327995, 0.062917701698],
      [0, 0, 0.088132221515, 0.89839915463, 0.013468623856],
      [0, 0, 0.094964878831, 0.09988314075, 0.80515198042]
    ],
    [
      [0.0076612761947, 0.13742621307, 0.080813054332, 0.76934868826, 0.0047507681445],
      [0.00028130155106, 0.070901363262, 0.60265072451, 0.081916036219, 0.24425057446],
      [0.013438850589, 0.039275005756, 0.68710614108, 0.24868677792, 0.011493224649],
      [0.026577122147, 0.07408468264, 0.03209081183, 0.85083877674, 0.016408606646],
      [0.081873107264, 0.17258631192, 0.15003680274, 0.33435582421, 0.26114795387]
    ],
    [
      [0.0079086726636, 0.098003821328, 0.10375477175, 0.78558326942, 0.0047494648424],
      [0.00025299054248, 0.044210155899, 0.67266737791, 0.07309632808, 0.20977314756],
      [0.011676888533, 0.023704611253, 0.74069454504, 0.21425565659, 0.0096682985784],
      [0.025193897591, 0.067916093346, 0.036847638473, 0.85689747828, 0.013144892306],
      [0.084267696589, 0.12296376019, 0.19263647596, 0.34214428071, 0.25798778655]
    ],
    [
      [0.0098379986039, 0.06556694298, 0.08399916644, 0.83273882337, 0.0078570686064],
      [0.00031694691264, 0.02986389403, 0.54334621703, 0.078199342555, 0.34827359948],
      [0.016732079004, 0.018328106211, 0.68445547891, 0.26209553016, 0.018388805717],
      [0.03246857062, 0.048839149607, 0.027525320739, 0.87081125992, 0.020355699113],
      [0.092510006228, 0.072741367898, 0.13774282641, 0.32134980701, 0.37565599246]
    ],
    [
      [0.015514868785, 0.054871349486, 0.050217512319, 0.87939626941, 0],
      [0.00095573072181, 0.047835152674, 0.62715586014, 0.15726472487, 0.16678853159],
      [0.036010592212, 0.02089254285, 0.56096816197, 0.38212870297, 0],
      [0.048417324408, 0.038192291189, 0.020642112682, 0.89274827172, 0],
      [0.20422429146, 0.11006909162, 0.1401851248, 0.46816230133, 0.077359190788]
    ],
    [
      [0.013339187656, 0.02748127494, 0.073660509105, 0.88193842287, 0.0035806054251],
      [0.00058087842211, 0.016948524226, 0.65406305297, 0.11122195627, 0.21718558811],
      [0.024607421157, 0.0064693439077, 0.65881351671, 0.30100756609, 0.0091021521339],
      [0.047991221801, 0, 0.029962433576, 0.91440396894, 0.0076423756791],
      [0.16132302983, 0.038600060009, 0.15310316945, 0.42854815421, 0.2184255865]
    ],
    [
      [0.040009242589, 0.052195787075, 0.091010208688, 0.80923633415, 0.0075484274954],
      [0.0012571673255, 0.023206031091, 0.57530505911, 0.074094898982, 0.32613684349],
      [0.062051399911, 0.013297206304, 0.67663008946, 0.23191981927, 0.016101485059],
      [0.048270564814, 0.036495493737, 0.04452136442, 0.84110353656, 0.029609040471],
      [0.30163010514, 0.045981174186, 0.11854402048, 0.24787082554, 0.28597387465]
    ],
    [
      [0.012766548944, 0.061879433212, 0.082207338676, 0.83691746477, 0.0062292144001],
      [0.00044837312463, 0.030706250983, 0.58174650182, 0.085420276788, 0.30167859729],
      [0.024818069908, 0.020534670076, 0.67762967506, 0.26090849685, 0.016109088106],
      [0.041577859914, 0.044115195149, 0.027130308862, 0.87089917473, 0.01627746135],
      [0.12785179541, 0.072702377355, 0.14277717526, 0.34112347678, 0.3155451752]
    ],
    [
      [0.0076227521895, 0.07429038011, 0.11615248214, 0.79099486343, 0.010939522133],
      [0.00018022139243, 0.02465037079, 0.55595685691, 0.053902913826, 0.36530963708],
      [0.0073871398698, 0.022690708474, 0.75943047264, 0.19423426587, 0.016257413146],
      [0.025646750676, 0.054606342889, 0.03953292991, 0.85066332658, 0.029550649943],
      [0.060535237524, 0.069259035651, 0.16052459375, 0.25457866765, 0.45510246542]
    ],
    [
      [0.018272298236, 0.094739160682, 0.0722955978, 0.80672842584, 0.0079645174413],
      [0.00062746147601, 0.045996276468, 0.49750921425, 0.080800582632, 0.37506646517],
      [0.027911575268, 0.024336684103, 0.6426718836, 0.28407965321, 0.021000203823],
      [0.058812006339, 0.06682595641, 0.023611063586, 0.83016607168, 0.020584901981],
      [0.15851251802, 0.096769237913, 0.10908123209, 0.2867127605, 0.34892425148]
    ],
    [
      [0.011171054152, 0.061228673944, 0.12323060497, 0.79410402193, 0.010265645002],
      [0.00026677214228, 0.020685597843, 0.58926598143, 0.055311390272, 0.33447025832],
      [0.015025602565, 0.013184518577, 0.76723743216, 0.18872000538, 0.015832441317],
      [0.037309109918, 0.044854763834, 0.041780704893, 0.84851599911, 0.027539422245],
      [0.0898476324, 0.058142004729, 0.17293379302, 0.26236375149, 0.41671281836]
    ],
    [
      [0.012587727528, 0.097624114424, 0.12709649286, 0.75270935088, 0.0099823143142],
      [0.00029621999289, 0.032528099554, 0.59702812939, 0.051797395384, 0.31835015568],
      [0.016607787184, 0.016943527918, 0.77402501712, 0.17649542741, 0.015928240363],
      [0.042528819526, 0.07244974272, 0.043649836454, 0.81425853698, 0.027113064325],
      [0.098629216016, 0.09058422695, 0.17412094126, 0.24351427174, 0.39315134403]
    ],
    [
      [0.014232992137, 0.11235909073, 0.1080391778, 0.75231251107, 0.013056228262],
      [0.00033018655952, 0.036892720116, 0.5005246902, 0.051011716334, 0.41124068679],
      [0.022079633551, 0.018055783397, 0.73876254811, 0.20608183836, 0.015020196589],
      [0.047252473035, 0.081907996386, 0.036450562842, 0.79954700095, 0.034841966791],
      [0.099422480641, 0.09288338536, 0.13188368583, 0.2167674575, 0.45904299067]
    ],
    [
      [0, 0.16212351869, 0, 0.83787648131, 0],
      [0.00024253480496, 0.04190539693, 0.56148946165, 0.081997645479, 0.31436496114],
      [0.0016707063389, 0.09644055213, 0.32613718872, 0.57379422847, 0.0019573243408],
      [0, 0.12250244076, 0, 0.87749755924, 0],
      [0, 0.47036915902, 0, 0.52963084098, 0]
    ]
  ],
  "expected_outcome": [
    [
      [1.8244334871, 0, 1.8075642179, 0.28759302667, 1.0726371926, 0.74979714143, 0, 3.1991724827, 0.25678575597, 0, 0, 1.2989618079, 0.26122310098, 0.3392857015, 7.1397369916, 0.067925411108, 0.1086157198, 2.2250534446, 0.75215967697, 0.93040328658, 7.0166840117, 0.77438344407, 0.19014809009, 0.57277911615, 0.090187766075, 0.020868724163, 7.0731920151, 0.38324111733, 0.14527442931, 0, 0.14660523056, 0.28247277346, 0.35739705921, 1.1254309916, 0, 0.76977470428, 0.30390369521, 0.10962390299, 0.29344432217, 0.31354049639, 0.79537892268, 0.19190077382, 0.61883805838, 1.0301363391, 0.41636722786, 0, 0.1455642477, 0.37170761519, 0.46238593439, 0.55853527626, 0.34681887904, 2.0804806146, 0.40852956622, 0.10671853065, 1.2973331748, 0.44684216609, 4.7833364605, 2.9746953567, 0],
      [12.7239426312, 0.54535036678, 14.0379801901, 2.4701267129, 3.9473180658, 5.6713697914, 0.12131927051, 15.7047364841, 1.1039650583, 0.35972683374, 0, 2.9081382514, 1.7301273935, 1.0673781974, 33.3844621986, 0.69305853643, 1.4502108857, 9.6826602266, 1.1957428102, 4.1002887511, 32.9638642232, 2.3662995913, 1.3844274614, 5.1292556329, 0.7205222922, 0.20045322999, 38.1517128424, 2.5821427186, 1.0176264211, 0.11260268422, 5.7075791686, 1.9278118094, 1.6338575987, 5.9012512147, 0, 3.8449605513, 1.8464488969, 1.9582603579, 2.9823284532, 1.6962798977, 3.5060782433, 1.6665645104, 2.1171358559, 3.8452623565, 1.6886686396, 0, 2.6110980484, 4.6061796024, 3.0816463201, 1.9753685815, 0.71451314843, 2.7141809279, 1.9801418628, 1.0400653215, 6.7264804085, 2.4491469578, 37.097163481, 23.483049963, 0.16212351869],
      [16.3282611319, 0.8136859689, 21.1806844943, 2.6825027516, 5.6026039754, 7.9953755836, 0.030101384453, 27.4521067941, 1.9955428726, 0.97133022816, 0.11690492344, 5.6227348784, 3.5779056208, 2.2539206664, 61.745016207, 1.0772178545, 3.3113217684, 21.6618095163, 1.9905234967, 5.6304709094, 45.2256582384, 2.3125840518, 1.7247517837, 4.2980847486, 1.4963456788, 0.12741949462, 68.5068526159, 4.461108026, 1.6766101938, 0.40302780635, 1.9955161431, 3.4579503721, 2.3491886855, 7.387913895, 0, 3.5489527687, 2.2231767653, 1.3375011575, 2.6358405552, 2.408058224, 5.1140627583, 1.7300120644, 2.9348621021, 3.7327913981, 2.68981351, 0.38526501764, 1.5354480323, 4.876474272, 3.9479608227, 1.8078304435, 1.9151732367, 4.7325308518, 2.6306348376, 1.6261347499, 5.1329874438, 4.9292241989, 48.2966672855, 22.5801881595, 0],
      [99.0388804891, 5.5549891779, 119.7652776775, 36.4138221104, 56.1302061021, 76.0297205928, 0.73496242768, 215.1071713542, 16.4952842457, 7.5690006908, 0.87133882361, 41.8279081444, 34.2521488549, 18.8416767357, 571.7773657763, 9.1210451175, 15.0106636629, 183.4726284828, 20.0615740161, 69.8949870882, 446.0333782678, 31.400348869, 16.583201966, 33.8008472557, 9.5666664288, 2.6512585512, 469.4486203579, 27.3191324281, 12.0801128796, 2.468417601, 14.0537086335, 47.9314159216, 33.4051825288, 74.1800008555, 0, 48.5709268577, 35.3498831358, 21.4253140639, 34.9604829869, 21.4773272296, 54.2758451001, 21.2297646494, 26.0759474255, 54.9860965757, 25.967586996, 2.4952477716, 14.6176250769, 36.9224136628, 39.1387246984, 31.6582656988, 22.9303989947, 42.0802893759, 26.7813588726, 11.073928088, 57.2777182347, 31.7641608772, 286.0295533336, 157.2333148143, 0.83787648131],
      [1.0844822607, 0.085974486406, 1.2084934202, 0.14595539843, 0.24723466418, 0.55373689074, 0.11361691736, 1.5368128849, 0.14842206733, 0.099942247258, 0.011756252946, 0.34225691783, 0.17859502986, 0.49773869911, 3.9534188265, 0.040753080425, 0.1191879632, 0.95784832973, 0, 0.44384996473, 2.760415259, 0.1463840438, 0.11747069887, 0.19903324657, 0.12627783414, 0, 3.8196221687, 0.25437570997, 0.080376076244, 0.01595190843, 0.096590824239, 0.40034912352, 0.25437412774, 0.40540304319, 0, 0.26538511806, 0.27658750686, 0.16930051776, 0.12790368253, 0.10479415225, 0.30863497563, 0.18175800198, 0.25321655812, 0.40571333059, 0.23756362655, 0.11948721074, 0.090264594746, 0.22322484759, 0.3692822245, 0, 0.093095741053, 0.39251822976, 0.1993348608, 0.15315330986, 0.56548073833, 0.41062580008, 3.7932794394, 2.7287517067, 0]
    ],
    [
      [0.023084233414, 0, 0.019392620335, 0.0051635727446, 0.012045021666, 0.0087257649451, 0, 0.037976271557, 0.0041926161081, 0, 0, 0.021329015832, 0.0067026606756, 0.00080361460764, 0.085326679541, 0.0013025351208, 0.00095484908821, 0.030009097252, 0.0066268014074, 0.013487879692, 0.10273287377, 0.015477823917, 0.0045961520036, 0.0043732075548, 0.0013725941212, 0.31928369283, 0.10729033924, 0.0033591541447, 0.0025982533981, 0, 0.0013202257677, 0.0027723697984, 0.003389941938, 0.01299191088, 0, 0.010869273518, 0.0034832879716, 0.0025492795823, 0.0086118913648, 0.0052269916196, 0.010082569203, 0.0019400018756, 0.0082119326761, 0.011489022956, 0.0064256436271, 0, 0.0019691108574, 0.0027828959672, 0.0066558851654, 0.0047786536091, 0.0040661489548, 0.026400513836, 0.010760954991, 0.0021626567092, 0.017568921328, 0.029078163509, 0.078498298116, 0.043254439297, 0],
      [2.2773279921, 0, 2.1311100466, 0.62695061099, 0.62703680776, 0.93341052035, 0, 2.6396097379, 0.25428447677, 0.06066366985, 0, 0.67546945537, 0.62789140693, 0.035520381031, 5.6506400713, 0.18728003584, 0.17847225169, 1.8492753517, 0.14913300175, 0.84112015824, 6.835143028, 0.66896596646, 0.47165978833, 0.55233184387, 0.1535958616, 0.33011922895, 8.1956174313, 0.3190862292, 0.25601598172, 0.054493718908, 0.71478252432, 0.26754075769, 0.21907881026, 0.96359508881, 0, 0.76767457952, 0.29896550756, 0.63848827301, 1.2366928736, 0.39920389421, 0.6287352502, 0.23737806134, 0.39643582976, 0.60667440031, 0.36807610436, 0, 0.49630954283, 0.48631171489, 0.62714177464, 0.23917576337, 0.11863966958, 0.48732665291, 0.73695002359, 0.29580444948, 1.2878957411, 2.2547301649, 8.6199463818, 4.8329463353, 0],
      [41.3480999486, 0, 45.4564042118, 9.8130419111, 12.7109812809, 18.6488068646, 0, 65.1032561839, 6.5688879239, 2.4455478551, 0.45328316434, 18.5737919869, 18.5045985418, 1.0757287363, 147.2782141499, 4.2165591594, 5.9622369559, 58.3680746148, 3.5779298965, 16.3834221116, 132.1955689123, 9.3977019124, 8.401295053, 6.6057301911, 4.6245051756, 3.4948151169, 207.3983851098, 7.9009269479, 6.1147286482, 3.2783951257, 3.6951438236, 6.8608346098, 4.4915002023, 17.1260787526, 0, 10.0794942105, 5.1233301809, 6.3336694962, 15.6167778245, 8.1466957044, 13.0101529595, 3.5428522646, 7.8902946613, 8.3581575261, 8.3757300557, 0.2805877283, 4.2185550716, 7.3993411571, 11.4102705576, 3.1357793007, 4.5784413708, 12.0814062414, 13.9619160436, 6.671482283, 13.9302579991, 64.2299919755, 158.2124542872, 65.5687344159, 0],
      [3.6598760822, 0, 3.754435679, 1.9009531965, 1.8367315668, 2.5806035749, 0, 7.4645593247, 0.78054677879, 0.2596094918, 0.036958872458, 2.0015013305, 2.5575390929, 0.12853782092, 19.9857298192, 0.50671388603, 0.3804052274, 7.2336195728, 0.51261348774, 2.9548525018, 19.0987793824, 1.8246730217, 1.1610031647, 0.75104720808, 0.4181368752, 0.85578196136, 20.8264502217, 0.69545126433, 0.6236939384, 0.23435871584, 0.3649718263, 1.3677317573, 0.92078143992, 2.497515042, 0, 1.9975067407, 1.1754161882, 1.4272943809, 2.983406839, 1.0393082802, 2.0055513772, 0.62140367779, 1.0039704834, 1.7876392256, 1.1636337819, 0.027170963671, 0.57341225354, 0.80405960888, 1.6421861937, 0.78632362436, 0.7785536939, 1.5559928786, 2.0500866429, 0.64683496592, 2.2624163137, 6.0289415396, 13.7263097767, 6.6825348398, 0],
      [18.6916117437, 0, 17.6386574421, 3.6538907086, 3.8132053229, 8.8284532753, 0, 24.7545984819, 3.3920882044, 1.2341789832, 0.5097579632, 7.7279082114, 6.3032682977, 1.7594094471, 64.00008928, 1.0881443836, 1.4779307159, 17.5190213634, 0.75369681256, 8.8071173486, 54.7677758035, 4.0931812756, 3.961445842, 2.0865175494, 2.8023894935, 0, 78.4722568979, 3.0811764044, 2.0029631783, 0.43275243958, 1.2237816, 5.5011205054, 3.3652496056, 6.3998192056, 0, 5.1444551958, 4.3988048354, 5.5979985703, 5.1545105716, 2.4095651296, 5.3454778439, 2.5964259944, 4.7010870929, 6.2360398251, 5.0861344144, 0.69224130803, 1.7097540212, 2.3075046232, 7.313745589, 0.83394265795, 1.5202991168, 6.8488737132, 7.2402863349, 4.3837156449, 10.5018610248, 36.4572581564, 84.3627912561, 53.8725299698, 0]
    ],
    [
      [8.1513075987, 0, 7.5652736697, 0.87890273464, 3.0784615124, 3.4050748852, 0, 18.3268202968, 2.9293404415, 0, 0, 3.4185798712, 1.6011815999, 2.2063427611, 43.1075308126, 0.70207843552, 0, 16.4126480629, 4.2997073369, 4.3983135655, 39.9001177525, 3.4266489636, 2.4340361518, 3.8632646691, 0.68671520473, 0.21861291639, 44.6860205459, 1.4097305774, 1.1248474455, 0, 0.4312562986, 0.81440277133, 2.1504490801, 4.6770701885, 0.055054182741, 4.1319980324, 1.8615657993, 0.088338669311, 1.6948657964, 1.631874236, 5.2537391751, 1.0621693888, 2.4697810483, 6.5708087892, 2.3299222485, 0, 1.0751080472, 0.99253552528, 3.2962195638, 3.6010592212, 1.6486972175, 9.5559155862, 3.1518948783, 0.55403549024, 7.3128327201, 5.3340889106, 30.1929571011, 20.7548555378, 0],
      [6.9559286785, 0.32096251682, 9.6696536803, 1.2386256816, 1.8605299229, 5.5669127932, 0.36725888771, 14.2122098319, 2.0097024095, 0.272792443, 0, 2.600120849, 1.7435597778, 0.80629004235, 24.7447321605, 1.1720027405, 0.85586124781, 6.1772088104, 1.1198820518, 3.1884885311, 30.8839387841, 1.7139615819, 2.9484788366, 2.7025923157, 1.2874661033, 0.77625125117, 39.5300474117, 1.5560631274, 1.3804142371, 0.078610121828, 2.7020495773, 0.91425103343, 1.614999616, 4.0312046876, 1.585339984, 3.3896568561, 2.0294874116, 1.1198350825, 2.8258710777, 1.4460581758, 3.697720674, 1.509692813, 1.382770552, 4.0307371012, 1.5501407994, 0, 3.1420004605, 2.0148919565, 3.6106369236, 2.089254285, 0.43344604182, 2.0477697707, 2.6079030997, 1.7018031356, 6.3762112351, 4.6805040947, 30.8033337548, 16.9724363931, 0],
      [327.5859643997, 15.5777867113, 422.8805512562, 39.7224511743, 77.3092783486, 210.1708295786, 1.9360144074, 730.1041606269, 93.5325310009, 22.7316542822, 4.0861469192, 137.1564389162, 105.3460714835, 51.9519154211, 1799.2309797988, 54.182925625, 50.2353325104, 754.5544239012, 55.0330967735, 127.3658508098, 1224.0453773709, 49.3713439361, 92.7489941876, 120.3820853886, 56.3982895968, 8.0894832019, 2048.1331021879, 79.2055874852, 47.2877379342, 8.2689839589, 28.8870031035, 48.1401716469, 68.0134742173, 146.92040827, 0.2377015016, 91.3153866177, 69.6560355687, 22.8975646367, 73.1710210101, 60.5705470571, 149.8129061414, 46.3947062157, 56.5902998172, 113.9552547218, 72.4874189641, 10.709986257, 54.9684912866, 62.9590363288, 134.8377293451, 56.0968161972, 44.1405056197, 104.2010337769, 86.0589687328, 56.957285448, 168.380033503, 272.3692884155, 1407.1774811323, 694.4367952203, 0],
