{
  "X": [
    [15, 29, 116, 88, 125, 0],
    [6, 33, 145, 101, 143, 1],
    [21, 43, 177, 98, 123, 1],
    [23, 43, 184, 114, 177, 0],
    [20, 63, 209, 123, 168, 1],
    [7, 28, 171, 107, 111, 0],
    [10, 45, 175, 68, 132, 0],
    [15, 27, 189, 75, 127, 0],
    [16, 29, 185, 94, 116, 0],
    [6, 19, 88, 158, 41, 0],
    [8, 34, 123, 174, 111, 0],
    [13, 21, 81, 143, 132, 3],
    [7, 24, 83, 102, 108, 0],
    [7, 27, 93, 76, 98, 0],
    [6, 28, 108, 130, 61, 1],
    [16, 31, 113, 143, 112, 0],
    [13, 39, 117, 138, 99, 0],
    [5, 43, 89, 154, 94, 0],
    [8, 37, 106, 128, 108, 0],
    [5, 25, 78, 125, 83, 0],
    [6, 44, 109, 194, 91, 0],
    [21, 25, 122, 89, 162, 0],
    [15, 48, 165, 201, 90, 0],
    [8, 24, 109, 268, 114, 0],
    [9, 28, 102, 282, 133, 0],
    [12, 15, 90, 235, 109, 2],
    [11, 23, 116, 244, 96, 0],
    [10, 27, 98, 250, 104, 0],
    [4, 32, 150, 119, 146, 1],
    [13, 32, 109, 62, 150, 0],
    [12, 22, 97, 64, 194, 0],
    [24, 21, 97, 41, 165, 0],
    [7, 19, 109, 88, 119, 0],
    [12, 28, 105, 90, 138, 1],
    [9, 32, 112, 60, 139, 0],
    [12, 28, 113, 43, 195, 0],
    [10, 21, 84, 61, 197, 0],
    [14, 22, 124, 61, 154, 0],
    [5, 26, 102, 94, 168, 0],
    [30, 17, 111, 65, 212, 0],
    [25, 26, 99, 58, 205, 0],
    [8, 31, 132, 85, 137, 3],
    [16, 28, 113, 91, 119, 0],
    [15, 17, 114, 73, 169, 2],
    [15, 26, 94, 47, 177, 0],
    [23, 53, 90, 268, 73, 0],
    [8, 48, 119, 264, 92, 0],
    [25, 55, 77, 301, 99, 1],
    [31, 37, 92, 276, 114, 0],
    [19, 20, 102, 39, 252, 2],
    [29, 24, 148, 44, 310, 0],
    [19, 13, 66, 10, 97, 0],
    [24, 25, 101, 32, 222, 1],
    [21, 27, 118, 35, 243, 1],
    [15, 34, 111, 48, 248, 0],
    [9, 18, 73, 28, 135, 1],
    [18, 27, 57, 33, 193, 1],
    [12, 34, 111, 59, 209, 0],
    [12, 25, 90, 37, 197, 0],
    [27, 26, 149, 67, 327, 1],
    [6, 37, 71, 53, 114, 1],
    [14, 33, 101, 38, 169, 0],
    [66, 340, 1085, 1353, 1421, 3]
  ],
  "W": [
    [19, 54, 116, 116, 68],
    [26, 67, 138, 128, 70],
    [33, 72, 172, 105, 81],
    [29, 84, 180, 158, 90],
    [56, 82, 197, 145, 104],
    [22, 85, 166, 98, 53],
    [36, 50, 163, 122, 59],
    [21, 51, 188, 129, 44],
    [31, 55, 184, 126, 44],
    [26, 119, 96, 44, 27],
    [39, 116, 137, 113, 45],
    [26, 108, 83, 125, 51],
    [28, 73, 88, 100, 35],
    [25, 52, 93, 88, 43],
    [20, 93, 114, 74, 33],
    [32, 95, 128, 104, 56],
    [31, 95, 126, 103, 51],
    [43, 139, 83, 82, 38],
    [34, 89, 112, 107, 45],
    [25, 82, 79, 79, 51],
    [38, 133, 117, 89, 67],
    [23, 54, 117, 155, 70],
    [45, 146, 168, 94, 66],
    [31, 158, 127, 135, 72],
    [32, 157, 125, 152, 88],
    [23, 143, 110, 113, 74],
    [35, 150, 140, 119, 46],
    [41, 154, 116, 117, 61],
    [27, 73, 132, 139, 81],
    [23, 32, 103, 148, 60],
    [20, 41, 98, 179, 51],
    [14, 25, 97, 148, 64],
    [20, 54, 112, 112, 44],
    [19, 49, 109, 136, 61],
    [29, 31, 110, 143, 39],
    [20, 19, 97, 172, 83],
    [19, 43, 82, 178, 51],
    [19, 35, 108, 152, 61],
    [28, 58, 99, 161, 49],
    [17, 33, 113, 206, 66],
    [23, 28, 105, 185, 72],
    [37, 48, 143, 119, 49],
    [29, 45, 114, 124, 55],
    [13, 36, 111, 157, 73],
    [26, 18, 91, 157, 67],
    [49, 205, 121, 62, 70],
    [47, 199, 126, 86, 73],
    [54, 217, 107, 107, 73],
    [37, 200, 109, 120, 84],
    [15, 16, 102, 214, 87],
    [21, 25, 142, 255, 112],
    [10, 5, 60, 86, 44],
    [21, 17, 93, 180, 94],
    [23, 21, 105, 206, 90],
    [28, 20, 99, 211, 98],
    [15, 21, 83, 115, 30],
    [20, 24, 61, 163, 61],
    [22, 27, 114, 175, 87],
    [29, 22, 80, 165, 65],
    [30, 47, 146, 258, 116],
    [30, 27, 63, 104, 58],
    [22, 24, 94, 160, 55],
    [309, 976, 1072, 1253, 658]
  ],
  "method": "mcmc",
  "mcmc_stepsize": 3000,
  "mcmc_samples": 1000,
  "burn_in": 10000,
  "cond_prob": [
    [
      [0.15789372448, 0.052631073588, 0.26315890688, 0.21052783372, 0.31578846134, 0],
      [0.037037927449, 0.092592236512, 0.31481428034, 0.22222329118, 0.33333226452, 0],
      [0.034482509935, 0.077586123985, 0.31896568311, 0.24137930998, 0.32758637298, 0],
      [0.034482592868, 0.077586621288, 0.31034515918, 0.24137848154, 0.33620714513, 0],
      [0.029412047464, 0.073529270272, 0.30882282243, 0.2352942591, 0.35294160074, 0]
    ],
    [
      [0.076923074917, 0.076923074902, 0.30769231385, 0.23076923664, 0.3076922997, 1.1546068834e-28],
      [0.029850744726, 0.08955223569, 0.32835820813, 0.22388059937, 0.32835821208, 3.9960889409e-27],
      [0.0072463775608, 0.079710143437, 0.34782608884, 0.23188405385, 0.33333333631, 5.9130913003e-14],
      [0.0078124999964, 0.070312503231, 0.34374999961, 0.24999999997, 0.32812499678, 4.0418810861e-10],
      [7.5129899893e-10, 0.071428572192, 0.32857142408, 0.2285714323, 0.35714285713, 0.014285713547]
    ],
    [
      [0.12121212121, 0.090909090909, 0.36363636364, 0.18181818182, 0.24242424242, 4.17606873e-34],
      [0.041666666667, 0.11111111111, 0.375, 0.20833333333, 0.26388888889, 1.1353060633e-29],
      [0.040697674419, 0.093023255814, 0.39534883721, 0.20930232558, 0.26162790698, 1.4071378622e-24],
      [0.038095238095, 0.085714285714, 0.38095238095, 0.22857142857, 0.26666666667, 1.8763537962e-19],
      [0.037037037037, 0.086419753086, 0.37037037037, 0.20987654321, 0.28395061728, 0.012345679012]
    ],
    [
      [0.10344827586, 0.068965517241, 0.31034482759, 0.20689655172, 0.31034482759, 0],
      [0.047619047619, 0.095238095238, 0.33333333333, 0.20238095238, 0.32142857143, 0],
      [0.038888888889, 0.077777777778, 0.35555555556, 0.20555555556, 0.32222222222, 0],
      [0.037974683544, 0.075949367089, 0.33544303797, 0.22784810127, 0.32278481013, 0],
      [0.033333333333, 0.077777777778, 0.33333333333, 0.2, 0.35555555556, 0]
    ],
    [
      [0.053571428572, 0.10714285714, 0.35714285714, 0.19642857143, 0.28571428571, 1.1361879025e-36],
      [0.048780487805, 0.10975609756, 0.35365853659, 0.20731707317, 0.28048780488, 8.9767828726e-36],
      [0.030456852792, 0.1116751269, 0.3654822335, 0.20812182741, 0.28426395939, 3.4564168773e-19],
      [0.027586206897, 0.10344827586, 0.35172413793, 0.2275862069, 0.28965517241, 6.0883500445e-23],
      [0.028846153846, 0.10576923077, 0.35576923077, 0.20192307692, 0.29807692308, 0.0096153846154]
    ],
    [
      [0.13636363636, 0.045454545459, 0.36363636363, 0.22727272728, 0.22727272728, 0],
      [0.011764705883, 0.082352941175, 0.4, 0.24705882353, 0.25882352941, 0],
      [0.012048192771, 0.06626506024, 0.41566265061, 0.24698795181, 0.25903614458, 0],
      [0.010204081633, 0.061224489797, 0.39795918367, 0.27551020408, 0.25510204082, 0],
      [1.1305196891e-12, 0.056603773586, 0.39622641509, 0.24528301887, 0.30188679245, 0]
    ],
    [
      [0.083333333168, 0.083333333519, 0.38888888886, 0.1388888891, 0.30555555536, 0],
      [0.020000000078, 0.13999999986, 0.39999999981, 0.13999999997, 0.30000000028, 0],
      [0.018404907972, 0.10429447861, 0.41717791419, 0.15337423311, 0.30674846612, 0],
      [0.016393442603, 0.098360655635, 0.40163934444, 0.18032786888, 0.30327868844, 0],
      [0.016949152626, 0.10169491524, 0.40677966061, 0.15254237277, 0.32203389875, 0]
    ],
    [
      [0.095238095238, 0.047619047619, 0.42857142857, 0.14285714286, 0.28571428571, 0],
      [0.039215686275, 0.098039215686, 0.43137254902, 0.1568627451, 0.27450980392, 0],
      [0.031914893617, 0.058510638298, 0.4414893617, 0.17553191489, 0.29255319149, 0],
      [0.031007751938, 0.062015503876, 0.43410852713, 0.18604651163, 0.28682170543, 0],
      [0.022727272727, 0.045454545455, 0.43181818182, 0.15909090909, 0.34090909091, 0]
    ],
    [
      [0.064516128994, 0.064516128992, 0.41935483869, 0.19354838724, 0.25806451609, 0],
      [0.054545454522, 0.072727272728, 0.4181818183, 0.20000000005, 0.2545454544, 0],
      [0.032608695659, 0.070652173918, 0.42391304345, 0.21195652172, 0.26086956525, 0],
      [0.03174603174, 0.063492063469, 0.42063492064, 0.2222222222, 0.26190476194, 0],
      [0.022727272771, 0.045454545527, 0.40909090904, 0.22727272723, 0.29545454543, 0]
    ],
    [
      [0.076922990757, 0.038461723154, 0.2692306062, 0.5000001945, 0.11538448539, 0],
      [0.025210058405, 0.067226826096, 0.27731086985, 0.50420179106, 0.12605045458, 0],
      [0.010416710824, 0.072916626304, 0.29166671015, 0.49999994444, 0.12500000828, 0],
      [7.4227344487e-09, 0.045454552001, 0.29545471994, 0.54545431898, 0.11363640166, 0],
      [2.6829257364e-08, 0.037037277013, 0.25925921759, 0.48148137426, 0.22222210431, 0]
    ],
    [
      [0.051282051282, 0.076923076923, 0.25641025641, 0.38461538462, 0.23076923077, 0],
      [0.01724137931, 0.086206896552, 0.27586206896, 0.37931034483, 0.24137931034, 0],
      [0.014598540146, 0.07299270073, 0.28467153285, 0.38686131387, 0.24087591241, 0],
      [0.017699115044, 0.070796460177, 0.26548672566, 0.3982300885, 0.24778761062, 0],
      [7.1257374023e-14, 0.066666666668, 0.26666666667, 0.37777777778, 0.28888888889, 0]
    ],
    [
      [0.11538461538, 0.038461538462, 0.19230769231, 0.34615384615, 0.30769230769, 1.5763834499e-28],
      [0.027777777778, 0.074074074074, 0.2037037037, 0.36111111111, 0.33333333333, 1.0160002731e-22],
      [0.024096385542, 0.048192771084, 0.22891566265, 0.3734939759, 0.32530120482, 2.2788838891e-21],
      [0.032, 0.048, 0.2, 0.368, 0.352, 5.3143339656e-19],
      [0.019607843137, 0.039215686275, 0.19607843137, 0.35294117647, 0.33333333333, 0.058823529412]
    ],
    [
      [0.071428570507, 0.07142857342, 0.25000000311, 0.28571428027, 0.32142857269, 0],
      [0.027397257625, 0.095890405341, 0.2465753495, 0.30136986907, 0.32876711846, 0],
      [0.011363638017, 0.06818182357, 0.2840908931, 0.30681818919, 0.32954545612, 0],
      [0.019999999018, 0.070000000642, 0.25000000792, 0.32999998805, 0.33000000436, 0],
      [4.9122194631e-09, 0.057142851886, 0.22857142896, 0.34285715016, 0.37142856409, 0]
    ],
    [
      [0.04000000108, 0.12000000487, 0.27999999699, 0.23999999547, 0.32000000158, 0],
      [0.01923077025, 0.11538461216, 0.30769230754, 0.24999999849, 0.30769231156, 0],
      [0.021505375944, 0.086021503151, 0.32258064425, 0.24731183464, 0.32258064202, 0],
      [0.022727272458, 0.079545457488, 0.30681818478, 0.27272726836, 0.31818181692, 0],
      [0.02325581351, 0.069767441725, 0.30232557925, 0.23255813848, 0.37209302704, 0]
    ],
    [
      [0.09999999973, 0.1, 0.3, 0.35000000054, 0.14999999973, 8.7437657865e-26],
      [0.010752688143, 0.096774193606, 0.33333333357, 0.38709677385, 0.17204301084, 4.347770189e-24],
      [0.017543859625, 0.078947368444, 0.33333333336, 0.39473684215, 0.1754385964, 2.3758739563e-11],
      [0.013513513623, 0.081081080935, 0.31081081063, 0.40540540541, 0.18918918941, 5.3259855242e-16],
      [8.1949477845e-11, 0.060606060689, 0.3030303027, 0.36363636413, 0.24242424218, 0.030303030221]
    ],
    [
      [0.09375, 0.0625, 0.25, 0.34375, 0.25, 0],
      [0.031578947368, 0.094736842105, 0.27368421053, 0.33684210526, 0.26315789474, 0],
      [0.03125, 0.0703125, 0.28125, 0.3515625, 0.265625, 0],
      [0.038461538462, 0.067307692308, 0.26923076923, 0.34615384615, 0.27884615385, 0],
      [0.035714285714, 0.071428571429, 0.26785714286, 0.33928571429, 0.28571428571, 0]
    ],
    [
      [0.064516129032, 0.12903225802, 0.25806451619, 0.32258064507, 0.22580645168, 0],
      [0.031578947356, 0.10526315789, 0.28421052627, 0.33684210534, 0.24210526314, 0],
      [0.031746031743, 0.095238095265, 0.30158730162, 0.3333333333, 0.23809523807, 0],
      [0.029126213592, 0.087378640775, 0.2912621359, 0.34951456309, 0.24271844664, 0],
      [0.019607843169, 0.078431372517, 0.27450980393, 0.35294117649, 0.2745098039, 0]
    ],
    [
      [0.046511443972, 0.11627930288, 0.20930266885, 0.39534898017, 0.23255760412, 0],
      [0.0071942471401, 0.11510797311, 0.244604135, 0.39568360507, 0.23741003969, 0],
      [0.012048151494, 0.1084338005, 0.24096380259, 0.39759045673, 0.24096378868, 0],
      [0.012195117654, 0.10975584998, 0.21951241381, 0.41463409907, 0.24390251949, 0],
      [2.9829248957e-07, 0.10526306774, 0.21052623491, 0.39473601884, 0.28947438022, 0]
    ],
    [
      [0.058823529407, 0.088235294127, 0.26470588237, 0.32352941175, 0.26470588234, 0],
      [0.022471910112, 0.11235955056, 0.26966292134, 0.32584269664, 0.26966292135, 0],
      [0.017857142857, 0.089285714288, 0.28571428571, 0.33035714286, 0.27678571428, 0],
      [0.018691588786, 0.093457943923, 0.27102803738, 0.34579439252, 0.27102803739, 0],
      [3.8319852951e-12, 0.08888888889, 0.26666666667, 0.31111111111, 0.33333333333, 0]
    ],
    [
      [0.079999989823, 0.080000021332, 0.24000002012, 0.35999998005, 0.23999998867, 0],
      [0.012195119379, 0.085365837577, 0.25609756513, 0.39024393325, 0.25609754467, 0],
      [0.012658227778, 0.07594937418, 0.25316456786, 0.40506328635, 0.25316454384, 0],
      [0.012658230725, 0.075949374932, 0.24050632954, 0.40506328032, 0.26582278448, 0],
      [4.7769012665e-09, 0.078431364816, 0.23529408357, 0.39215684717, 0.29411769967, 0]
    ],
    [
      [0.078946448451, 0.078947368418, 0.2368411853, 0.42105416486, 0.18421083298, 0],
      [0.0075187969913, 0.11278195488, 0.24060167899, 0.43609048844, 0.2030070807, 0],
      [0.0085472077433, 0.10256410258, 0.256410356, 0.43589823267, 0.19658010101, 0],
      [0.011235955058, 0.089888295095, 0.24719074938, 0.44943663104, 0.20224836942, 0],
      [1.7392389692e-07, 0.089551369181, 0.238806318, 0.4328351252, 0.23880701369, 0]
    ],
    [
      [0.17391304337, 0.043478260818, 0.26086956543, 0.17391304343, 0.34782608696, 0],
      [0.037037037015, 0.092592592481, 0.29629629623, 0.20370370373, 0.37037037055, 0],
      [0.042735042704, 0.051282051262, 0.29914529927, 0.22222222228, 0.38461538448, 0],
      [0.045161290322, 0.058064516168, 0.29032258058, 0.21935483866, 0.38709677426, 0],
      [0.042857142961, 0.057142857195, 0.28571428563, 0.2, 0.41428571422, 0]
    ],
    [
      [0.066666666667, 0.088888888886, 0.31111111111, 0.37777777778, 0.15555555556, 0],
      [0.034246575342, 0.095890410958, 0.31506849315, 0.38356164384, 0.17123287671, 0],
      [0.02380952381, 0.095238095239, 0.32142857143, 0.38690476191, 0.17261904762, 0],
      [0.021276595746, 0.085106382978, 0.32978723405, 0.39361702127, 0.17021276596, 0],
      [0.015151515151, 0.090909090911, 0.30303030302, 0.39393939394, 0.19696969697, 0]
    ],
    [
      [0.064516135154, 0.064516124951, 0.19354838914, 0.48387096162, 0.19354838914, 0],
      [0.012658227047, 0.050632911392, 0.21518987061, 0.50632911593, 0.21518987502, 0],
      [0.0078740152499, 0.039370079737, 0.20472441543, 0.53543306389, 0.2125984257, 0],
      [0.014814814815, 0.044444442569, 0.20740740413, 0.51111111486, 0.22222222363, 0],
      [0.013888888889, 0.041666670181, 0.20833333421, 0.50000000352, 0.2361111032, 0]
    ],
    [
      [0.062499999923, 0.062500000068, 0.15625000012, 0.49999999981, 0.21875000009, 0],
      [0.012738853496, 0.057324840736, 0.19108280256, 0.50318471341, 0.2356687898, 0],
      [0.016000000009, 0.048000000039, 0.19200000008, 0.50399999992, 0.23999999995, 0],
      [0.013157894723, 0.04605263156, 0.17763157888, 0.52631578953, 0.23684210531, 0],
      [0.011363636415, 0.045454545456, 0.18181818176, 0.50000000002, 0.26136363635, 0]
    ],
    [
      [0.13043478261, 1.2865516216e-14, 0.17391304348, 0.47826086957, 0.21739130435, 3.7487156016e-25],
      [0.027972027972, 0.048951048951, 0.18881118881, 0.5034965035, 0.23076923077, 2.1042152115e-26],
      [0.018181818182, 0.027272727273, 0.21818181818, 0.50909090909, 0.22727272727, 8.8819362781e-16],
      [0.017699115044, 0.026548672566, 0.18584070796, 0.52212389381, 0.24778761062, 7.0436137827e-17],
      [0.013513513514, 0.027027027027, 0.18918918919, 0.5, 0.24324324324, 0.027027027027]
    ],
    [
      [0.057143249824, 0.057142857157, 0.22857090495, 0.48571402364, 0.17142896442, 0],
      [0.019999999986, 0.053333272175, 0.23999984737, 0.49333406643, 0.19333281404, 0],
      [0.021428506007, 0.042857142923, 0.24285740453, 0.49999977095, 0.19285717559, 0],
      [0.016806645673, 0.042016960739, 0.2352939636, 0.51260461849, 0.19327781149, 0],
      [0.021739230046, 0.043478061655, 0.21739180258, 0.47826047119, 0.23913043453, 0]
    ],
    [
      [0.048780468094, 0.073170685648, 0.19512201271, 0.48780489809, 0.19512193546, 0],
      [0.01948051947, 0.058441535819, 0.20779223517, 0.5064935631, 0.20779214644, 0],
      [0.017241395259, 0.051724169058, 0.19827586816, 0.52586201072, 0.2068965568, 0],
      [0.017094000946, 0.051282087868, 0.1965811196, 0.51282053592, 0.22222225567, 0],
      [0.016393456542, 0.049180286574, 0.1967213371, 0.50819663138, 0.2295082884, 0]
    ],
    [
      [0.074074074071, 0.074074074083, 0.29629629631, 0.25925925919, 0.29629629635, 6.8633248537e-26],
      [9.4022495715e-13, 0.095890410952, 0.32876712332, 0.26027397259, 0.31506849313, 2.5299079033e-25],
      [0.0075757575736, 0.068181818194, 0.34848484848, 0.25757575759, 0.31818181817, 2.0931305889e-12],
      [0.0071942446043, 0.064748201433, 0.33093525177, 0.27338129496, 0.32374100723, 1.901951013e-19],
      [3.6221221327e-12, 0.061728395056, 0.32098765434, 0.25925925927, 0.34567901232, 0.012345679009]
    ],
    [
      [0.086956522049, 0.13043478261, 0.26086956429, 0.13043478385, 0.3913043472, 0],
      [0.031250000447, 0.093750000446, 0.3125, 0.15624999911, 0.40625, 0],
      [0.029126213453, 0.087378640915, 0.31067961248, 0.16504854348, 0.40776698967, 0],
      [0.033783783591, 0.081081080984, 0.29729729725, 0.18243243234, 0.40540540584, 0],
      [0.03333333369, 0.083333333096, 0.28333333238, 0.16666666726, 0.43333333357, 0]
    ],
    [
      [0.10000126668, 0.099997466283, 0.1999999987, 0.15000126791, 0.45000000042, 0],
      [0.024390244185, 0.073173822146, 0.26829391955, 0.14634331849, 0.48779869563, 0],
      [0.03061198635, 0.051021442515, 0.26530586388, 0.16326478897, 0.48979591828, 0],
      [0.027932960822, 0.055864930675, 0.24581076359, 0.17318407416, 0.49720727075, 0],
      [0.019607843241, 0.039215686453, 0.2352911369, 0.15686274489, 0.54902258851, 0]
    ],
    [
      [0.2142857105, 0.07142856729, 0.21428573026, 0.071428576437, 0.42857141551, 0],
      [0.040000013893, 0.15999999068, 0.27999999092, 0.080000007034, 0.43999999748, 0],
      [0.06185566892, 0.051546393013, 0.29896907151, 0.12371134151, 0.46391752505, 0],
      [0.06756756747, 0.054054056239, 0.27702702392, 0.12837837689, 0.47297297549, 0],
      [0.062499997418, 0.046874997585, 0.26562500824, 0.10937499763, 0.51562499913, 0]
    ],
    [
      [0.099999995411, 0.049999999717, 0.29999998965, 0.25000002144, 0.29999999378, 0],
      [0.018518521234, 0.074074076683, 0.33333333035, 0.24074074127, 0.33333333046, 0],
      [0.017857142576, 0.053571430321, 0.32142857875, 0.26785713523, 0.33928571313, 0],
      [0.017857141512, 0.053571424691, 0.31249999542, 0.25892857779, 0.35714286059, 0],
      [2.8935194961e-09, 0.045454547807, 0.31818181956, 0.24999999284, 0.3863636369, 0]
    ],
    [
      [0.10526315789, 0.052631578947, 0.26315789474, 0.21052631579, 0.36842105263, 5.1760793653e-29],
      [0.040816326532, 0.10204081633, 0.26530612245, 0.22448979592, 0.36734693877, 3.893923463e-24],
      [0.02752293578, 0.073394495413, 0.29357798165, 0.23853211009, 0.36697247706, 9.9057385496e-17],
      [0.029411764706, 0.073529411765, 0.27941176471, 0.25, 0.36764705882, 4.3290066287e-16],
      [0.016393442623, 0.065573770491, 0.27868852459, 0.24590163934, 0.37704918033, 0.016393442623]
    ],
    [
      [0.1034462583, 0.068965512943, 0.31034080108, 0.13793607191, 0.37931135576, 0],
      [0.032257122835, 0.12903697848, 0.29032164702, 0.16129315164, 0.38709110002, 0],
      [0.018182350081, 0.090908289674, 0.33636337042, 0.16363742913, 0.39090856069, 0],
      [0.020978611391, 0.090908888515, 0.3146861295, 0.18181613388, 0.39161023671, 0],
      [2.2503457836e-06, 0.076922330002, 0.3076938063, 0.17948568881, 0.43589592454, 0]
    ],
    [
      [0.14999998162, 0.050000000776, 0.25000002737, 0.099999991927, 0.44999999831, 0],
      [1.0369049267e-08, 0.15789470875, 0.26315788481, 0.10526314853, 0.47368424754, 0],
      [0.020618560367, 0.072164959338, 0.30927835076, 0.10309280031, 0.49484532922, 0],
      [0.029069765282, 0.069767437692, 0.29069767444, 0.11627906975, 0.49418605283, 0],
      [0.02409638779, 0.060240966017, 0.27710842908, 0.10843371942, 0.5301204977, 0]
    ],
    [
      [0.052631706176, 0.052631633195, 0.21052645225, 0.15789430273, 0.52631590564, 0],
      [0.046511502785, 0.069767329645, 0.2093026836, 0.16279088727, 0.5116275967, 0],
      [0.024390186261, 0.060975625812, 0.23170732376, 0.15853654841, 0.52439031576, 0],
      [0.022471923632, 0.056179801292, 0.23033710063, 0.16292142605, 0.52808974839, 0],
      [0.019607946726, 0.039215644077, 0.21568583435, 0.17647037822, 0.54902019663, 0]
    ],
    [
      [0.10526315774, 0.052631578805, 0.3157894744, 0.15789473698, 0.36842105208, 0],
      [0.028571428657, 0.11428571411, 0.31428571462, 0.14285714275, 0.39999999987, 0],
      [0.037037036974, 0.055555555408, 0.34259259273, 0.1574074074, 0.40740740749, 0],
      [0.032894736832, 0.052631578946, 0.32894736837, 0.17763157889, 0.40789473696, 0],
      [0.032786885384, 0.049180328278, 0.32786885191, 0.14754098379, 0.44262295063, 0]
    ],
    [
      [0.071428568462, 0.07142795658, 0.24999938809, 0.214285101, 0.39285898586, 0],
      [8.9101969499e-07, 0.086206897728, 0.27585999752, 0.22413941466, 0.41379279907, 0],
      [0.010100836321, 0.060606929641, 0.26262781906, 0.24242354874, 0.42424086623, 0],
      [0.012422146284, 0.062111266637, 0.25465870792, 0.2484466698, 0.42236120936, 0],
      [1.1510790639e-09, 0.061224840501, 0.2448965554, 0.22449155018, 0.46938705277, 0]
    ],
    [
      [0.17647058819, 2.5508725986e-12, 0.23529411767, 0.11764705877, 0.47058823537, 0],
      [0.060606060748, 0.090909090878, 0.24242424234, 0.12121212127, 0.48484848476, 0],
      [0.061946902638, 0.035398230124, 0.2743362832, 0.14159292038, 0.48672566366, 0],
      [0.067961165037, 0.038834951446, 0.25242718448, 0.1553398058, 0.48543689324, 0],
      [0.060606060614, 0.03030303029, 0.24242424239, 0.16666666668, 0.50000000002, 0]
    ],
    [
      [0.13043478237, 0.043478261284, 0.21739130434, 0.13043478264, 0.47826086937, 0],
      [0.035714285856, 0.1428571428, 0.25000000001, 0.10714285721, 0.46428571412, 0],
      [0.057142857158, 0.05714285708, 0.2476190474, 0.14285714308, 0.49523809528, 0],
      [0.059459459471, 0.059459459431, 0.23783783795, 0.14594594587, 0.49729729728, 0],
      [0.055555555524, 0.05555555561, 0.23611111116, 0.13888888873, 0.51388888899, 0]
    ],
    [
      [0.10810810811, 0.054054054054, 0.32432432432, 0.18918918919, 0.32432432432, 4.2283445914e-30],
      [7.9920681391e-15, 0.125, 0.33333333333, 0.20833333333, 0.33333333333, 7.0361425214e-31],
      [0.013986013986, 0.076923076923, 0.34265734266, 0.21678321678, 0.34265734266, 0.006993006993],
      [0.016806722689, 0.075630252101, 0.32773109244, 0.2268907563, 0.35294117647, 4.0890320804e-16],
      [1.0128243087e-14, 0.061224489796, 0.32653061224, 0.20408163265, 0.36734693878, 0.040816326531]
    ],
    [
      [0.10344827586, 0.068965517242, 0.27586206897, 0.24137931034, 0.31034482759, 0],
      [0.044444444444, 0.11111111111, 0.28888888889, 0.24444444444, 0.31111111111, 0],
      [0.035087719298, 0.070175438597, 0.33333333333, 0.24561403509, 0.31578947368, 0],
      [0.040322580645, 0.072580645161, 0.3064516129, 0.25806451613, 0.32258064516, 0],
      [0.036363636364, 0.072727272727, 0.29090909091, 0.23636363636, 0.36363636364, 0]
    ],
    [
      [0.15384615381, 0.076923076991, 0.2307692307, 0.15384615388, 0.38461538461, 2.2474713628e-26],
      [0.02777777779, 0.083333333334, 0.30555555548, 0.16666666662, 0.41666666678, 2.1692595878e-26],
      [0.036036036044, 0.036036036048, 0.3063063063, 0.18918918919, 0.43243243242, 2.0282103754e-15],
      [0.038216560501, 0.038216560501, 0.28662420384, 0.19745222932, 0.43949044584, 2.8173685846e-12],
      [0.02739726028, 0.041095890399, 0.2876712329, 0.17808219176, 0.4383561644, 0.027397260268]
    ],
    [
      [0.15384615957, 0.038461535154, 0.23076925276, 0.11538464317, 0.46153840934, 0],
      [5.8828463943e-10, 0.222222212, 0.2222222137, 0.11111114604, 0.44444442768, 0],
      [0.032967034914, 0.065934062506, 0.28571428553, 0.13186813016, 0.48351648689, 0],
      [0.038216556566, 0.070063700838, 0.26114649415, 0.14012738081, 0.49044586763, 0],
      [0.029850750484, 0.059701485828, 0.25373134353, 0.11940298532, 0.53731343483, 0]
    ],
    [
      [0.081632653062, 0.10204081633, 0.16326530612, 0.51020408163, 0.14285714286, 0],
      [0.043902439024, 0.11219512195, 0.1756097561, 0.52682926829, 0.14146341463, 0],
      [0.04132231405, 0.099173553719, 0.19008264463, 0.52892561983, 0.14049586777, 0],
      [0.032258064516, 0.096774193548, 0.17741935484, 0.54838709677, 0.14516129032, 0],
      [0.042857142857, 0.1, 0.17142857143, 0.52857142857, 0.15714285714, 0]
    ],
    [
      [0.042553191428, 0.085106383012, 0.21276595758, 0.48936170216, 0.17021276583, 0],
      [0.015075376914, 0.1005025126, 0.22110552758, 0.49246231169, 0.17085427121, 0],
      [0.0079365079367, 0.087301587242, 0.23809523815, 0.49999999989, 0.16666666678, 0],
      [0.011627906959, 0.081395348888, 0.22093023247, 0.51162790701, 0.17441860467, 0],
      [0.013698630116, 0.082191780741, 0.21917808225, 0.49315068469, 0.1917808222, 0]
    ],
    [
      [0.074074074074, 0.092592592593, 0.12962962963, 0.53703703704, 0.16666666667, 9.1592604246e-35],
      [0.046082949309, 0.10599078341, 0.133640553, 0.53917050691, 0.17511520737, 7.1543422036e-35],
      [0.03738317757, 0.093457943925, 0.15887850467, 0.54205607477, 0.16822429907, 3.756359355e-22],
      [0.03738317757, 0.093457943925, 0.1308411215, 0.54205607477, 0.19626168224, 7.758885433e-26],
      [0.041095890411, 0.095890410959, 0.13698630137, 0.53424657534, 0.17808219178, 0.013698630137]
    ],
    [
      [0.10810810811, 0.054054054054, 0.16216216216, 0.48648648649, 0.18918918919, 0],
      [0.055, 0.075, 0.165, 0.5, 0.205, 0],
      [0.05504587156, 0.064220183486, 0.17431192661, 0.50458715596, 0.20183486238, 0],
      [0.05, 0.066666666667, 0.16666666667, 0.50833333333, 0.20833333333, 0],
      [0.047619047619, 0.059523809524, 0.16666666667, 0.5, 0.22619047619, 0]
    ],
    [
      [0.19999999987, 4.5273585329e-13, 0.20000000013, 0.06666666686, 0.53333333314, 2.7703657239e-25],
      [6.1646939993e-13, 0.18750000006, 0.18749999982, 0.0625, 0.56250000012, 1.1171008941e-22],
      [0.039215686303, 0.039215686294, 0.2549019608, 0.088235294184, 0.57843137242, 1.4461551802e-17],
      [0.042056074775, 0.042056074753, 0.2336448598, 0.09813084109, 0.58411214957, 9.0532502029e-12],
      [0.034482758587, 0.045977011494, 0.22988505748, 0.080459770081, 0.58620689663, 0.022988505725]
    ],
    [
      [0.14285714291, 0.047619047619, 0.23809523799, 0.047619047774, 0.52380952371, 0],
      [0.039999999957, 0.08, 0.32000000026, 0.039999999957, 0.51999999983, 0],
      [0.049295774625, 0.042253521188, 0.26760563379, 0.08450704233, 0.55633802806, 0],
      [0.050980392157, 0.043137254881, 0.26666666664, 0.082352941138, 0.55686274519, 0],
      [0.044642857172, 0.035714285685, 0.25892857147, 0.080357142828, 0.58035714285, 0]
    ],
    [
      [0.2998038899, 0.00029797883175, 0.29972957546, 0.00041934054711, 0.39974921526, 0],
      [4.8095750556e-05, 0.39912983302, 0.20032904171, 0.00011182866802, 0.40038120085, 0],
      [0.083268818182, 0.066566165402, 0.35013302946, 0.033382144366, 0.46664984259, 0],
      [0.081485290362, 0.05819252606, 0.31387836634, 0.069724530476, 0.47671928677, 0],
      [0.090860376367, 0.045519179121, 0.31817131283, 0.045363844734, 0.50008528695, 0]
    ],
    [
      [0.14285714286, 0.047619047587, 0.23809523815, 0.04761904766, 0.52380952374, 1.9576275971e-28],
      [0.058823529414, 0.11764705873, 0.23529411765, 0.058823529664, 0.52941176454, 4.6222394537e-25],
      [0.05376344087, 0.06451612906, 0.26881720429, 0.075268817193, 0.53763440859, 5.3874884378e-16],
      [0.055555555518, 0.061111111105, 0.2444444445, 0.088888888847, 0.55000000003, 2.2357243787e-14],
      [0.053191489423, 0.053191489371, 0.24468085095, 0.074468085143, 0.56382978724, 0.010638297872]
    ],
    [
      [0.13043478261, 0.043478260871, 0.26086956522, 0.04347826087, 0.52173913044, 7.6965581117e-29],
      [0.04761904762, 0.14285714286, 0.2380952381, 0.04761904762, 0.52380952381, 6.2322336001e-22],
      [0.038095238095, 0.057142857143, 0.28571428571, 0.07619047619, 0.54285714286, 3.3769241126e-15],
      [0.043689320388, 0.058252427184, 0.26213592233, 0.087378640777, 0.54854368932, 2.6595385104e-14],
      [0.044444444444, 0.055555555555, 0.25555555556, 0.077777777777, 0.55555555556, 0.011111111111]
    ],
    [
      [0.10714285018, 0.071428578328, 0.2142857762, 0.071428564629, 0.53571423067, 0],
      [9.8304055144e-09, 0.14999998058, 0.25000003847, 0.099999990647, 0.49999998048, 0],
      [0.030303026486, 0.070707080519, 0.26262626065, 0.10101010681, 0.53535352554, 0],
      [0.028436019841, 0.071090040984, 0.24170615014, 0.11374407579, 0.54502371324, 0],
      [0.030612246836, 0.071428577309, 0.23469387769, 0.10204081439, 0.56122448377, 0]
    ],
    [
      [0.13333331117, 0.066666654945, 0.26666666562, 0.066666720404, 0.46666664786, 1.0876950482e-23],
      [0.047619048167, 0.14285716837, 0.23809524752, 0.095238078426, 0.47619045751, 2.2406974022e-21],
      [0.024096392066, 0.060240961303, 0.30120481603, 0.10843373721, 0.50602409334, 4.9640457789e-11],
      [0.026086954549, 0.060869563924, 0.26956520967, 0.11304347274, 0.53043479735, 1.7638085908e-09],
      [0.033333333544, 0.066666666688, 0.26666669917, 0.099999999764, 0.4999999744, 0.033333326435]
    ],
    [
      [0.14999999968, 0.050000000195, 0.14999999998, 0.10000000021, 0.54999999993, 7.1483508567e-25],
      [0.041666666597, 0.12499999982, 0.16666666654, 0.08333333395, 0.58333333308, 1.2185682012e-25],
      [0.049180327797, 0.081967213314, 0.19672131161, 0.098360655641, 0.57377049164, 1.3035135463e-13],
      [0.049079754676, 0.079754601188, 0.17177914103, 0.10429447849, 0.5950920246, 1.2484913247e-11],
      [0.049180327875, 0.081967213024, 0.16393442634, 0.09836065562, 0.59016393455, 0.016393442589]
    ],
    [
      [0.13636363651, 0.045454545583, 0.22727272768, 0.13636363651, 0.45454545371, 0],
      [1.6880366986e-10, 0.14814814791, 0.25925925909, 0.11111111137, 0.48148148146, 0],
      [0.026315789452, 0.078947368422, 0.2719298244, 0.13157894727, 0.49122807046, 0],
      [0.022857142831, 0.080000000063, 0.26285714294, 0.14285714285, 0.49142857132, 0],
      [0.022988505738, 0.068965517154, 0.25287356322, 0.14942528738, 0.50574712651, 0]
    ],
    [
      [0.10344827626, 0.068965518201, 0.24137931141, 0.068965517067, 0.51724137706, 0],
      [5.1424096911e-10, 0.13636363506, 0.22727272691, 0.09090909199, 0.54545454552, 0],
      [0.02499999985, 0.06250000005, 0.2625000006, 0.11249999986, 0.53749999964, 0],
      [0.030303030277, 0.066666666772, 0.24848484815, 0.10909090878, 0.54545454603, 0],
      [0.030769230668, 0.061538461222, 0.24615384592, 0.092307692988, 0.56923076921, 0]
    ],
    [
      [0.1, 0.033333333333, 0.23333333333, 0.1, 0.53333333333, 1.7413061048e-31],
      [0.042553191489, 0.063829787234, 0.25531914894, 0.10638297872, 0.53191489362, 5.0639680366e-26],
      [0.041095890411, 0.041095890411, 0.2602739726, 0.11643835616, 0.54109589041, 8.1360346667e-17],
      [0.042635658915, 0.042635658915, 0.2480620155, 0.11240310078, 0.55426356589, 2.0597427242e-21],
      [0.043103448276, 0.043103448276, 0.24137931034, 0.11206896552, 0.55172413793, 0.0086206896552]
    ],
    [
      [0.06666666497, 0.1333333368, 0.23333333171, 0.16666666607, 0.40000000045, 3.8342900222e-26],
      [1.6724942393e-09, 0.18518518446, 0.25925926195, 0.18518518646, 0.37037036546, 9.9162804134e-25],
      [0.015873016323, 0.12698412795, 0.26984127145, 0.19047618977, 0.39682539444, 5.2862803791e-11],
      [0.019230768837, 0.12499999869, 0.25000000073, 0.20192307718, 0.40384615455, 4.2243113957e-12],
      [0.017241379627, 0.12068965502, 0.24137930687, 0.17241379311, 0.43103448613, 0.017241379245]
    ],
    [
      [0.09090855372, 0.090908991064, 0.27272670279, 0.090909829642, 0.45454592278, 0],
      [0.04166758826, 0.16666623319, 0.25000005726, 0.083334478257, 0.45833164302, 0],
      [0.031914635824, 0.085106336025, 0.30851130739, 0.10638270081, 0.46808501996, 0],
      [0.03749998551, 0.087500185201, 0.2812500051, 0.11874975146, 0.47500007272, 0],
      [0.036363931835, 0.09090886148, 0.27272631734, 0.09090949381, 0.50909139554, 0]
    ],
    [
      [0.019447000796, 0.084024294549, 0.25216145885, 0.31425539589, 0.33011184991, 4.07396521e-61],
      [0.015354831077, 0.079885316228, 0.25601667475, 0.31682737657, 0.33191580138, 5.9063474214e-83],
      [0.014870054944, 0.079312321003, 0.25386325589, 0.31901282976, 0.33293728315, 4.2552453737e-06],
      [0.015210934636, 0.078999453417, 0.2538127452, 0.31662843245, 0.33455399026, 0.00079444403588],
      [0.015204500947, 0.079117478875, 0.25386178512, 0.31604009691, 0.33273662447, 0.0030395136778]
    ]
  ],
  "expected_outcome": [
    [
      [2.999980765, 1.9999999478, 4, 3, 3, 2.9999999999, 2.999999994, 2, 1.9999999988, 1.9999977597, 2, 3, 1.9999999742, 1.000000027, 1.9999999946, 3, 2, 1.9999920908, 1.9999999998, 1.9999997456, 2.9999650411, 3.9999999976, 3, 2.0000001898, 1.9999999975, 3, 2.0000137439, 1.9999991918, 1.9999999999, 2.0000000071, 2.0000253336, 2.999999947, 1.9999999082, 2, 2.9999414908, 2.9999996323, 1.0000024173, 1.999999997, 1.9999999169, 2.9999999992, 2.9999999946, 4, 3, 1.9999999996, 4.0000001489, 4, 1.9999999971, 4, 4, 2.9999999981, 3.0000000011, 2.998038899, 3, 3, 2.9999998049, 1.9999996676, 2.9999999935, 3.0000000032, 3.0000000116, 3, 1.9999999491, 1.9999881818, 6.0091232461],
      [0.99999039817, 1.9999999474, 3, 2, 6, 1.0000000001, 3.0000000067, 1, 1.9999999988, 1.000004802, 3, 1, 2.0000000558, 3.0000001217, 2, 2, 3.9999999988, 5.000010024, 3.0000000003, 2.0000005333, 2.9999999999, 0.99999999881, 3.9999999999, 1.9999998735, 2.0000000022, 2.9590687297e-13, 2.0000000005, 2.9999981116, 2.0000000003, 3, 1.9999493257, 0.99999994207, 0.99999999434, 0.99999999999, 1.9999998753, 1.0000000155, 1.0000010307, 0.9999999973, 1.9999827842, 4.3364834176e-11, 1.0000000095, 2, 2, 1.0000000009, 0.99999991399, 5, 4.0000000016, 5, 2, 6.7910377993e-12, 1, 0.0029797883175, 0.99999999932, 1, 2.0000001932, 0.99999982417, 1.0000000039, 1.0000000028, 2.0000000278, 1, 4.000000104, 1.9999978034, 25.9635070157],
      [5.0000192307, 8.0000001601, 12, 9, 20, 7.9999999998, 13.9999999988, 9, 12.9999999994, 6.9999957612, 10, 5, 7.0000000871, 6.9999999249, 6, 8, 8.000000002, 9.0000147607, 9.0000000006, 6.000000503, 8.9999650412, 6.0000000048, 14, 6.0000000634, 5.0000000037, 4, 7.9999816734, 8.000002521, 8.0000000002, 5.9999999786, 3.9999999741, 3.0000002236, 5.999999793, 5, 8.9998832314, 5.0000005474, 4.0000025928, 6.0000000136, 6.9999828665, 4.0000000005, 4.9999999997, 12, 8, 2.9999999991, 6.0000005718, 8, 10.0000000061, 7, 6, 3.0000000019, 4.9999999978, 2.9972957546, 5.0000000012, 6, 6.0000017335, 3.9999999842, 2.9999999996, 5.0000000091, 7.0000000309, 7, 6.9999999512, 5.9999874615, 77.9178907853],
      [4.0000288407, 6.0000001526, 6, 6, 11, 5.0000000001, 5.0000000076, 3, 6.0000000043, 13.0000050569, 15, 9, 7.9999998475, 5.9999998869, 7.0000000108, 11, 9.9999999973, 17.0000061474, 10.9999999995, 8.9999995013, 16.0000582646, 3.9999999988, 17, 14.9999998101, 15.9999999938, 11, 16.9999908275, 20.0000008218, 6.9999999982, 3.0000000286, 3.0000253583, 1.0000000701, 5.0000004289, 4, 4.0001460855, 1.9999998385, 2.999991752, 3.0000000027, 5.9999828281, 1.999999999, 3.0000000007, 7, 7, 2.0000000004, 3.0000007224, 25, 23.0000000013, 29, 18, 1.0000000029, 1.0000000033, 0.0041934054711, 1.0000000009, 1, 1.9999998096, 1.0000008061, 2.0000000043, 3.0000000032, 1.9999999949, 3, 4.9999999822, 2.0000162521, 97.1049173299],
      [5.9999807655, 7.9999997921, 8, 9, 16, 5.0000000001, 10.9999999928, 6, 7.9999999987, 2.9999966202, 9, 8, 9.0000000355, 8.0000000396, 2.9999999946, 8, 7.0000000019, 9.9999769772, 8.9999999997, 5.9999997168, 7.0000116532, 8, 7.0000000001, 6.0000000633, 7.0000000028, 5, 6.0000137548, 7.9999993538, 8.0000000014, 8.9999999857, 9.0000000084, 5.9999998172, 5.9999998756, 7, 11.0000293169, 8.9999999662, 10.0000022072, 6.9999999895, 11.0000516042, 8.0000000013, 10.9999999954, 12, 9, 5, 11.9999986429, 7, 7.9999999939, 9, 7, 7.9999999971, 10.9999999978, 3.9974921526, 10.9999999986, 12, 14.9999984588, 6.999999718, 10.9999999986, 9.9999999817, 14.9999999348, 16, 12.0000000135, 10.0000103012, 102.004561623],
      [0, 3.0019778967e-27, 1.3781026809e-32, 0, 6.362652254e-35, 0, 0, 0, 0, 0, 0, 4.0985969697e-27, 0, 0, 1.7487531573e-24, 0, 0, 0, 0, 0, 0, 0, 0, 0, 0, 8.6220458836e-24, 0, 0, 1.8530977105e-24, 0, 0, 0, 0, 9.8345507941e-28, 0, 0, 0, 0, 0, 0, 0, 1.5644874988e-28, 0, 2.9217127716e-25, 0, 0, 0, 4.9460006293e-33, 0, 4.1555485859e-24, 0, 0, 4.1110179539e-27, 1.7702083657e-27, 0, 1.6315425723e-22, 1.4296701713e-23, 0, 0, 5.2239183143e-30, 1.1502870067e-24, 0, 1.2588552499e-58]
    ],
    [
      [2.0000480823, 1.9999998966, 3, 4, 4, 1.0000000001, 1.0000000039, 2, 2.9999999987, 2.9999969502, 2, 3, 1.9999998066, 1.000000053, 0.9999999973, 3, 2.9999999988, 1.0000003525, 1.9999999999, 0.99999978908, 0.99999999984, 1.9999999988, 4.9999999999, 1.9999998734, 1.9999999989, 4, 2.9999999979, 2.9999999983, 6.8636421872e-11, 1.0000000143, 1.0000000116, 1.0000003473, 1.0000001466, 2.0000000001, 0.99997080789, 1.9701193608e-07, 1.9999946198, 1.000000003, 5.167914231e-05, 2.0000000047, 1.000000004, 3.8361927068e-13, 2, 1.0000000005, 1.058912351e-08, 9, 3.0000000059, 10, 11, 9.8635103989e-12, 0.99999999892, 0.00024047875278, 1, 1, 1.9660811029e-07, 1.0000000115, 0.99999999834, 4.5576990862e-09, 1.131330132e-08, 2, 4.5157344462e-08, 1.0000221182, 14.9863151309],
      [4.9999807716, 5.9999997913, 8, 8, 9, 6.9999999999, 6.9999999929, 5, 4, 7.9999923054, 10, 8, 6.9999995899, 5.9999998321, 9.0000000054, 9, 9.9999999997, 16.0000082616, 9.9999999996, 6.9999986813, 14.9999999995, 4.999999994, 13.9999999998, 8, 8.9999999956, 7, 7.9999908262, 8.9999965161, 6.9999999995, 3.0000000143, 3.000126708, 3.9999997669, 4.0000001409, 5, 4.0001463328, 2.9999994662, 2.9999951747, 3.9999999938, 5.0000000682, 2.999999999, 3.9999999984, 6, 5, 3, 3.999999816, 23, 20.0000000075, 23, 15, 3.000000001, 2, 1.9956491651, 1.9999999984, 3, 2.9999996116, 3.0000005358, 2.9999999958, 3.9999999937, 2.9999999713, 3, 4.9999999803, 3.9999895967, 77.9680686387],
      [16.9999711383, 21.9999999448, 27, 28, 29, 34, 19.9999999906, 22, 23.0000000065, 32.9999935126, 31.9999999999, 22, 18.0000005138, 15.9999999921, 31.0000000216, 26, 26.999999996, 33.999974765, 23.9999999994, 21.0000003408, 32.0000233051, 15.9999999964, 45.9999999999, 33.9999995566, 30.0000000021, 27, 35.9999771051, 32.0000042158, 24.0000000027, 10, 11.0000507014, 6.9999997729, 17.9999998391, 13.0000000001, 8.9999710578, 4.9999998114, 9.0000153948, 11.0000000116, 15.9998798563, 7.9999999973, 7.0000000003, 16, 13, 10.9999999973, 3.9999998466, 36, 43.9999999894, 29, 33, 2.9999999971, 8.0000000065, 1.0016452086, 4.0000000001, 5, 5.0000007693, 5.000000198, 3.9999999971, 6.9999999955, 4.9999999921, 12, 7.0000000727, 6.0000013744, 249.8722745549],
