{
  "X": [
    [16, 4, 4, 12, 6, 5, 26, 9, 12, 6],
    [10, 9, 4, 17, 9, 5, 22, 5, 15, 4],
    [11, 5, 6, 16, 7, 8, 17, 9, 13, 8],
    [9, 2, 4, 16, 7, 6, 27, 8, 16, 5],
    [12, 5, 5, 17, 7, 3, 24, 10, 11, 6],
    [19, 1, 3, 16, 10, 3, 14, 12, 20, 2],
    [12, 1, 10, 23, 9, 4, 14, 9, 13, 5],
    [8, 6, 9, 20, 12, 8, 9, 14, 11, 3],
    [11, 9, 11, 18, 15, 6, 11, 13, 4, 2],
    [9, 6, 8, 17, 10, 6, 11, 19, 10, 4],
    [10, 3, 10, 15, 9, 8, 11, 16, 10, 8],
    [6, 8, 5, 23, 9, 6, 15, 11, 10, 7],
    [9, 14, 8, 9, 6, 1, 16, 22, 11, 4],
    [10, 12, 10, 4, 5, 5, 8, 27, 9, 10],
    [16, 8, 16, 7, 6, 4, 8, 26, 6, 3],
    [9, 7, 16, 10, 5, 1, 5, 25, 11, 11],
    [12, 12, 8, 3, 6, 3, 10, 26, 10, 10],
    [11, 7, 11, 5, 4, 2, 13, 26, 8, 13],
    [10, 10, 5, 10, 11, 10, 10, 20, 5, 9],
    [6, 9, 2, 8, 12, 17, 13, 16, 9, 8],
    [5, 15, 1, 7, 14, 22, 11, 12, 9, 4],
    [8, 12, 2, 6, 9, 18, 12, 19, 7, 7],
    [9, 12, 4, 6, 16, 19, 14, 10, 7, 3],
    [9, 10, 3, 8, 15, 17, 16, 7, 10, 5],
    [3, 15, 6, 8, 11, 18, 7, 15, 10, 7],
    [8, 1, 15, 19, 5, 10, 7, 19, 1, 15],
    [4, 3, 15, 20, 6, 6, 7, 17, 11, 11],
    [5, 8, 11, 22, 4, 6, 9, 21, 3, 11],
    [6, 5, 10, 14, 6, 6, 14, 17, 8, 14],
    [4, 9, 15, 12, 7, 3, 4, 23, 11, 12],
    [7, 3, 14, 17, 8, 10, 5, 18, 8, 10],
    [12, 5, 5, 12, 8, 5, 28, 16, 3, 6],
    [5, 5, 7, 11, 4, 4, 36, 13, 10, 5],
    [8, 3, 4, 9, 6, 3, 37, 11, 9, 10],
    [14, 5, 7, 8, 2, 2, 32, 16, 5, 9],
    [11, 6, 6, 13, 9, 4, 28, 14, 5, 4],
    [10, 2, 9, 17, 5, 4, 30, 7, 11, 5],
    [23, 4, 3, 10, 7, 3, 20, 9, 13, 8],
    [32, 5, 4, 7, 13, 7, 7, 11, 11, 3],
    [27, 5, 1, 10, 14, 6, 7, 11, 16, 3],
    [35, 4, 8, 10, 11, 6, 6, 5, 12, 3],
    [25, 3, 1, 9, 10, 8, 3, 8, 26, 7],
    [31, 10, 1, 9, 7, 7, 10, 10, 13, 2],
    [26, 2, 3, 7, 7, 10, 12, 12, 18, 3],
    [6, 9, 11, 11, 5, 7, 9, 18, 19, 5],
    [15, 13, 7, 10, 6, 5, 5, 22, 12, 5],
    [13, 5, 14, 19, 7, 4, 7, 12, 13, 6],
    [9, 5, 8, 16, 9, 4, 12, 19, 13, 5],
    [9, 12, 11, 12, 4, 6, 8, 19, 14, 5],
    [15, 9, 7, 17, 6, 2, 7, 15, 15, 7]
  ],
  "W": [
    [56, 1, 6, 6, 5, 7, 8, 11],
    [59, 6, 4, 10, 3, 8, 5, 5],
    [53, 9, 8, 7, 4, 8, 7, 4],
    [50, 7, 3, 3, 10, 12, 6, 9],
    [57, 7, 6, 6, 5, 5, 3, 11],
    [53, 4, 11, 5, 3, 9, 5, 10],
    [22, 47, 7, 3, 4, 5, 8, 4],
    [9, 58, 6, 5, 5, 3, 9, 5],
    [4, 58, 8, 7, 6, 4, 7, 6],
    [2, 57, 4, 6, 8, 10, 6, 7],
    [3, 55, 9, 6, 4, 7, 8, 8],
    [10, 52, 7, 10, 3, 7, 4, 7],
    [6, 23, 33, 3, 2, 15, 10, 8],
    [9, 4, 54, 4, 8, 6, 6, 9],
    [5, 11, 58, 2, 9, 4, 6, 5],
    [8, 5, 59, 3, 5, 5, 10, 5],
    [4, 6, 61, 4, 7, 5, 4, 9],
    [6, 3, 53, 11, 7, 7, 3, 10],
    [8, 8, 36, 28, 7, 7, 4, 2],
    [7, 4, 5, 63, 6, 8, 4, 3],
    [2, 5, 5, 65, 5, 4, 7, 7],
    [12, 7, 2, 57, 9, 6, 2, 5],
    [7, 7, 6, 61, 7, 2, 3, 7],
    [7, 5, 3, 51, 9, 7, 7, 11],
    [4, 7, 6, 55, 7, 7, 2, 12],
    [10, 8, 5, 6, 59, 3, 7, 2],
    [4, 8, 7, 5, 54, 7, 8, 7],
    [5, 4, 8, 8, 55, 10, 6, 4],
    [6, 6, 6, 4, 53, 8, 5, 12],
    [2, 4, 3, 10, 60, 7, 4, 10],
    [7, 10, 3, 4, 59, 7, 5, 5],
    [4, 7, 5, 1, 16, 51, 7, 9],
    [4, 8, 5, 11, 9, 57, 3, 3],
    [10, 5, 8, 2, 10, 56, 3, 6],
    [6, 4, 8, 7, 7, 54, 5, 9],
    [6, 5, 12, 6, 4, 54, 10, 3],
    [3, 9, 2, 5, 7, 53, 11, 10],
    [8, 7, 7, 5, 2, 31, 30, 10],
    [6, 7, 5, 5, 6, 6, 61, 4],
    [7, 5, 9, 7, 6, 4, 58, 4],
    [7, 5, 5, 3, 6, 4, 59, 11],
    [8, 5, 3, 6, 9, 4, 59, 6],
    [10, 5, 9, 7, 4, 6, 53, 6],
    [9, 5, 6, 3, 5, 5, 43, 24],
    [5, 8, 8, 6, 14, 4, 3, 52],
    [4, 11, 11, 3, 5, 9, 11, 46],
    [5, 9, 5, 6, 10, 1, 10, 54],
    [9, 6, 7, 10, 4, 8, 10, 46],
    [8, 8, 8, 8, 8, 5, 5, 50],
    [9, 10, 10, 6, 5, 3, 5, 52]
  ],
  "method": "mvn_cdf",
  "mvncdf_method": "genz",
  "mvncdf_samples": 5000,
  "mvncdf_error": 1e-06,
  "cond_prob": [
    [
      [0.15062261046, 0.018420768911, 0.0057519426799, 0.15830279711, 0.059176465072, 0.029518806806, 0.36780650015, 0.013200130994, 0.13382553587, 0.063374441953],
      [0.060402454091, 0.044416824076, 0.10810028699, 0.2325229336, 0.11164080995, 0.063108659939, 0.10479326124, 0.16645661043, 0.070422237506, 0.038135922175],
      [0.12622427303, 0.10900148171, 0.14050830979, 0.00026524269584, 0.017009012623, 8.9392073132e-19, 0.051007940978, 0.40506171116, 0.039638706303, 0.11128332171],
      [0.037017840769, 0.14872301668, 7.0602746022e-84, 0.014994412616, 0.13828277345, 0.28428016977, 0.13160532439, 0.14935695215, 0.050120232494, 0.045619277685],
      [1.2372163447e-23, 0.023221326976, 0.17856846193, 0.1664640107, 0.023989257597, 0.080393662106, 0.021420994108, 0.29813310448, 0.038901510538, 0.16890767156],
      [0.075887062546, 0.0089373003085, 0.033661589847, 0.070110979065, 0.026731157587, 9.4683976327e-10, 0.61626636547, 0.092787837692, 0.029793255435, 0.045824451104],
      [0.5018094162, 0.02294712599, 5.3664625829e-11, 0.040884624596, 0.099014897422, 0.084721302899, 0.0063804378013, 0.037779767364, 0.20140506343, 0.0050573642461],
      [0.12219332009, 0.094820209196, 0.12345950743, 0.11781308805, 0.018194059259, 0.022705174842, 0.062877884931, 0.2303206117, 0.17353273005, 0.034083414445]
    ],
    [
      [0.10936085415, 0.067789705958, 0.0092573122076, 0.21686697262, 0.089913594256, 0.033495747697, 0.18835144528, 0.010179248456, 0.22806159726, 0.046723522115],
      [0.031536638487, 0.15026030233, 0.12712054341, 0.21793864333, 0.11521288896, 0.059492378423, 0.06489469103, 0.11142112506, 0.10165321286, 0.020469576102],
      [0.087529396483, 0.29242813946, 0.1807873698, 0.00027872919157, 0.019151940925, 7.5451978485e-19, 0.041328994333, 0.27045392674, 0.047456702215, 0.060584800849],
      [0.020693402517, 0.28196620279, 7.7838299843e-84, 0.015928247528, 0.1832245895, 0.22929697333, 0.096931681044, 0.084545297694, 0.056628220604, 0.030785384985],
      [7.521906005e-24, 0.069270215132, 0.17823078661, 0.23290143841, 0.043924403771, 0.087003109894, 0.019843437883, 0.16177646782, 0.052873022479, 0.154177118],
      [0.073224479716, 0.032173784351, 0.053611390371, 0.139684787, 0.04278645843, 1.1254636686e-09, 0.49288603861, 0.081935456273, 0.048243635764, 0.035453968365],
      [0.39023859919, 0.053692563495, 6.571121777e-11, 0.061969980793, 0.16263526104, 0.059693645236, 0.0050066568073, 0.024902355413, 0.23733327978, 0.004527658176],
      [0.085387483001, 0.23638624163, 0.14333642743, 0.12461449927, 0.019296079807, 0.01895678517, 0.042433897583, 0.13168793395, 0.17456579674, 0.023334855421]
    ],
    [
      [0.10621298761, 0.025968716532, 0.013452076468, 0.25217662321, 0.062410807194, 0.06059506256, 0.204416903, 0.016366532089, 0.1746802041, 0.083720087236],
      [0.039821319794, 0.051077884493, 0.18913205123, 0.13940698281, 0.1523946633, 0.087620234327, 0.090029505845, 0.13505070404, 0.071736823002, 0.043729831163],
      [0.043485978415, 0.12281602659, 0.27031526858, 0.00025773676622, 0.014344345332, 7.6392047417e-19, 0.019349435797, 0.37940455106, 0.031915224946, 0.11811143252],
      [0.017451160432, 0.12752552425, 1.0870625819e-83, 0.0088179891338, 0.11163162876, 0.5074640213, 0.056086852023, 0.099507797959, 0.033433681012, 0.038081345135],
      [7.9740447269e-24, 0.023742302512, 0.31968788817, 0.16193115004, 0.029660109793, 0.062438641035, 0.0099329068246, 0.14652257971, 0.030558414777, 0.21552600713],
      [0.05512070035, 0.015046420364, 0.074129427828, 0.10588267048, 0.033563892922, 2.2908815659e-09, 0.45478905301, 0.12556791992, 0.047711853955, 0.088188058878],
      [0.35700239305, 0.030720992782, 9.3827194508e-11, 0.034451209956, 0.11168282803, 0.15571287479, 0.0038623034241, 0.039469232124, 0.25985813984, 0.0072400259093],
      [0.071999465982, 0.1113767361, 0.19641258537, 0.13552072351, 0.024925998064, 0.034364682666, 0.031299907757, 0.18498629864, 0.16106181827, 0.048051783639]
    ],
    [
      [0.066856490569, 0.013830365816, 0.003646516105, 0.17915905515, 0.048648820011, 0.033780184109, 0.43698457638, 0.0072692377852, 0.1605986019, 0.049226152181],
      [0.031960794146, 0.027413184858, 0.073192373041, 0.24208516002, 0.12325589119, 0.099720350675, 0.10334877784, 0.14701918483, 0.1241106003, 0.027893683098],
      [0.1237749231, 0.096156300558, 0.15862905958, 0.00036841624159, 0.020160628554, 1.2558899213e-18, 0.056405157844, 0.43141858071, 0.044918447354, 0.068168486059],
      [0.023189530971, 0.085561153749, 5.1811626627e-84, 0.015611218992, 0.14297392775, 0.41902360004, 0.12305838127, 0.11377522967, 0.050421958098, 0.02638499946],
      [7.6834195282e-24, 0.01173059637, 0.14363245505, 0.23351756107, 0.040014967981, 0.15104511005, 0.013917643309, 0.18512019873, 0.046973217648, 0.1740482498],
      [0.077455986869, 0.0053936283371, 0.01486365272, 0.088600784401, 0.023693115665, 1.2087280061e-09, 0.65173127875, 0.075161671867, 0.036374201015, 0.026725679166],
      [0.34035613732, 0.017839620435, 4.9971864656e-11, 0.064152859754, 0.11617228496, 0.12462025558, 0.0056231654969, 0.033817918137, 0.29276949547, 0.0046482627973],
      [0.083648720987, 0.080457997604, 0.084560187189, 0.18096639058, 0.02079570252, 0.044147263979, 0.084409078381, 0.16987539177, 0.2203214093, 0.030817857687]
    ],
    [
      [0.14119180311, 0.020964205287, 0.0075010847935, 0.2095156842, 0.069653339872, 0.014527680234, 0.33492655615, 0.013444228938, 0.13275236824, 0.055523049174],
      [0.046816271428, 0.050587755465, 0.11504786004, 0.28689096544, 0.12032360143, 0.035661653499, 0.092280609034, 0.15958463169, 0.062179178668, 0.030627473311],
      [0.11095377788, 0.12490156356, 0.14666334832, 0.0002827545618, 0.017836862313, 5.1377092623e-19, 0.039978777227, 0.43542526262, 0.033920923457, 0.090036730062],
      [0.03381175798, 0.18882641804, 8.8992041954e-84, 0.01875070059, 0.16965974297, 0.19850240583, 0.13099701727, 0.16801934681, 0.049447411142, 0.041985199365],
      [1.0732545022e-23, 0.023542670363, 0.19942934883, 0.20314607888, 0.030936040898, 0.050512165927, 0.020442788852, 0.26658026115, 0.033327969743, 0.17208267536],
      [0.078992613532, 0.011716015819, 0.04207645776, 0.10318687411, 0.030188574227, 6.1150993402e-10, 0.55340226607, 0.10113918364, 0.03297386396, 0.046324150271],
      [0.53099874546, 0.025937271022, 6.8687851394e-11, 0.046187750441, 0.11483035747, 0.054648078884, 0.0060696487043, 0.045040107929, 0.17157488488, 0.0047131551367],
      [0.10587560053, 0.1116656213, 0.12437743109, 0.14809297877, 0.021412698646, 0.015517595729, 0.057182098445, 0.23342041274, 0.14954821058, 0.032907352171]
    ],
    [
      [0.11192034855, 0.007110661875, 0.0032314599283, 0.14532198321, 0.19986979737, 0.018682862417, 0.12626664671, 0.0091725324104, 0.35690197749, 0.021521730036],
      [0.083119929755, 0.013485292582, 0.046107400195, 0.14554062324, 0.23098521832, 0.034026227942, 0.057944416636, 0.26592804086, 0.111406801, 0.011456049481],
      [0.27863762316, 0.037216279537, 0.059488855637, 0.00020985347469, 0.036540052587, 8.833295728e-19, 0.042408992821, 0.44831323086, 0.058408514436, 0.038776597487],
      [0.032801472955, 0.03108107212, 4.0866181001e-84, 0.010843871155, 0.31005020215, 0.24994517041, 0.099144367614, 0.1796582664, 0.071640186372, 0.014835390829],
      [1.5655284202e-23, 0.0053784235317, 0.10738445116, 0.29821493809, 0.047945799963, 0.038883806062, 0.013176642331, 0.28493884967, 0.052112795272, 0.15196429392],
      [0.17104769408, 0.0047828336134, 0.033950841364, 0.16133557273, 0.075337951562, 8.8507934912e-10, 0.27796415498, 0.19224358964, 0.056783709123, 0.026553652018],
      [0.56908738437, 0.0056141809938, 2.1323213657e-11, 0.020139541721, 0.063686528422, 0.028067796732, 0.0025581736037, 0.03080370326, 0.27766578376, 0.0023769071186],
      [0.16492131771, 0.044466870419, 0.056618237224, 0.14935226839, 0.036952118611, 0.01105198726, 0.023668304999, 0.19602180805, 0.29352158263, 0.023425504709]
    ],
    [
      [0.1489542439, 0.007724902206, 0.0085476071131, 0.23255914649, 0.066623307485, 0.018482966771, 0.27145435723, 0.0074992283097, 0.18989261926, 0.048261621234],
      [0.055595472191, 0.019458013921, 0.13002652801, 0.32955159652, 0.1139854234, 0.035608786035, 0.083242152541, 0.098904963729, 0.10000533966, 0.033621723997],
      [0.12664075908, 0.063307277403, 0.23456340404, 0.00049572059616, 0.022940719297, 6.8502766867e-19, 0.04794844557, 0.29917789262, 0.061140039052, 0.14378574235],
      [0.040407148498, 0.089670920448, 1.1509221837e-83, 0.026770182771, 0.19234739443, 0.24759143391, 0.14770288428, 0.11392598729, 0.090370575636, 0.051213472739],
      [1.3102478923e-23, 0.010263021958, 0.19177132933, 0.27639592853, 0.033737219031, 0.059226020393, 0.019100552726, 0.16543215908, 0.051963914728, 0.19210985422],
      [0.088213397636, 0.0052360210547, 0.049284194411, 0.12633233667, 0.029430600069, 7.0305131106e-10, 0.52423248066, 0.062409254796, 0.056546813724, 0.058314900279],
      [0.50753496158, 0.01011984854, 5.6666536881e-11, 0.058086549824, 0.096966237005, 0.050124159874, 0.0046022436584, 0.020574218626, 0.24763700957, 0.0043547712664],
      [0.11481175628, 0.039346889883, 0.16068420999, 0.1935059439, 0.019745922333, 0.017154487117, 0.049452896033, 0.13698776354, 0.24062293339, 0.027687197532]
    ],
    [
      [0.11446592743, 0.026619548534, 0.0085895273911, 0.20568303314, 0.090072970299, 0.050906770661, 0.20921265592, 0.012952585141, 0.24783330851, 0.033663672983],
      [0.045412439112, 0.044119744181, 0.10342732752, 0.28230506317, 0.11499662734, 0.054900106815, 0.079359817183, 0.16209611705, 0.096904259535, 0.016478498096],
      [0.10421351968, 0.13363016716, 0.13273241892, 0.00033380472382, 0.023120679808, 1.1284563845e-18, 0.025543447123, 0.42534724852, 0.056339796286, 0.098738917771],
      [0.021718772103, 0.16252519832, 8.5165388327e-84, 0.017169858319, 0.16949169657, 0.30525663779, 0.090901487019, 0.12112951557, 0.067419050224, 0.044387784086],
      [1.2468976427e-23, 0.023977298774, 0.10235656614, 0.29340779709, 0.042309219177, 0.15050516244, 0.013453108468, 0.24297222454, 0.053770433381, 0.077248189984],
      [0.056891766848, 0.0081780781592, 0.050642655219, 0.13620781702, 0.04973464303, 1.5547953716e-09, 0.45605058669, 0.11964197908, 0.056217459379, 0.066435013024],
      [0.35222368175, 0.031999631699, 8.278216206e-11, 0.062804644578, 0.13209626054, 0.15407802945, 0.0042657853935, 0.036149761378, 0.22280062258, 0.0035815825459],
      [0.095586884573, 0.096104464879, 0.13452485269, 0.12930929761, 0.031157792876, 0.036551852075, 0.035238870864, 0.17028358874, 0.24289265677, 0.028349738915]
    ],
    [
      [0.1509830866, 0.028648713423, 0.0073127998217, 0.20909360325, 0.063973656721, 0.022453602552, 0.3744264522, 0.0097024093661, 0.1049201225, 0.028485553579],
      [0.053952092449, 0.081714977932, 0.074780569504, 0.28533861385, 0.22445106655, 0.046723481054, 0.098566359159, 0.069889531063, 0.048887521461, 0.015695786976],
      [0.12712789442, 0.19750584564, 0.20019688132, 0.00035820346794, 0.033115648448, 1.0256729531e-18, 0.036232137418, 0.2739702855, 0.032060366136, 0.099432737658],
      [0.03346780204, 0.24201789804, 7.4089177743e-84, 0.014073483117, 0.24941305702, 0.19038856089, 0.11652252304, 0.10697810927, 0.028114363665, 0.019024202916],
      [1.3921133063e-23, 0.04094048519, 0.29403018032, 0.14711140134, 0.061366135712, 0.071194829215, 0.017201192498, 0.20981101821, 0.023580629048, 0.13476412846],
      [0.14230964546, 0.016028477388, 0.057811450667, 0.081505341275, 0.03173104254, 8.9298345011e-10, 0.55946635232, 0.068909704203, 0.019874714981, 0.022363270276],
      [0.67807517179, 0.032266370977, 5.6769871805e-11, 0.032574294641, 0.10263534694, 0.051748822493, 0.0045597476892, 0.013703017071, 0.082678799524, 0.0017584288139],
      [0.18024840266, 0.17936547114, 0.11872149807, 0.12299761247, 0.032136608294, 0.028038219611, 0.044520836492, 0.11281762864, 0.15826194122, 0.022891781406]
    ],
    [
      [0.11929920424, 0.014925007783, 0.0050031472244, 0.18929920149, 0.080724552503, 0.027151411879, 0.26954408927, 0.016463093005, 0.22014267889, 0.057447613709],
      [0.063820696801, 0.037266612324, 0.06065811138, 0.24787754021, 0.13667499066, 0.055319928639, 0.086098066641, 0.1967669892, 0.089109617295, 0.02640744685],
      [0.13663712506, 0.10807444548, 0.15499817096, 0.00031071182455, 0.021905233667, 7.4068277066e-19, 0.035576679636, 0.40577655069, 0.048561921963, 0.088159160718],
      [0.023864743583, 0.18316766333, 4.4551668605e-84, 0.016508183655, 0.1796743582, 0.27009600256, 0.10009828629, 0.13627297978, 0.04992280503, 0.040394977569],
      [1.3072945996e-23, 0.031914791519, 0.16610269647, 0.16402357649, 0.028582737907, 0.09474816187, 0.013319446428, 0.3349727993, 0.045993561559, 0.12034222846],
      [0.090562918059, 0.019113677913, 0.039826894767, 0.12528124867, 0.042584899263, 9.1433895011e-10, 0.40842327287, 0.16676716703, 0.059376590894, 0.048063329625],
      [0.46749171964, 0.016504200794, 5.2896991486e-11, 0.04159691063, 0.099071105744, 0.077268875584, 0.0042316921738, 0.039063145417, 0.25104819535, 0.0037241546175],
      [0.089829768773, 0.093408032331, 0.083939930786, 0.14221190168, 0.021526638271, 0.018254024253, 0.047204383284, 0.25739672086, 0.21470370136, 0.031524898401]
    ],
    [
      [0.13900722263, 0.013817626951, 0.0082904703136, 0.14586454786, 0.069358897061, 0.028261057824, 0.32050282454, 0.016837992007, 0.15588055871, 0.1021788021],
      [0.037689874962, 0.026002972763, 0.11966204341, 0.22626275113, 0.10308806927, 0.098993473275, 0.062057270855, 0.19931351635, 0.049375486181, 0.077554541808],
      [0.057250372669, 0.12587252001, 0.22225217183, 0.00037372851003, 0.021898807579, 1.3885594989e-18, 0.035808967738, 0.3757549768, 0.023670044864, 0.13711841],
      [0.034961862265, 0.098176563653, 5.8972423062e-84, 0.01982519205, 0.13066968674, 0.42058343208, 0.055185849193, 0.12035586329, 0.041294815839, 0.078946734894],
      [5.2988992343e-24, 0.011157840424, 0.21262949328, 0.11409326686, 0.023385987855, 0.11499426729, 0.019953064744, 0.18922862227, 0.032673674775, 0.28188378251],
      [0.090905261852, 0.009479792528, 0.026473006957, 0.070408864203, 0.027232977516, 8.6997930063e-10, 0.5369069116, 0.10232559075, 0.055385360667, 0.080882233057],
      [0.50897630053, 0.0080382262178, 2.8143920485e-11, 0.020543097775, 0.11668368391, 0.08311225681, 0.0036904849608, 0.040242263976, 0.21038413252, 0.0083295532719],
      [0.092213285733, 0.12180339919, 0.17617510833, 0.086365613745, 0.032943121288, 0.032239403464, 0.099669443193, 0.12120054512, 0.15502936746, 0.082360712471]
    ],
    [
      [0.1052951612, 0.0258094705, 0.0028770118272, 0.32364167605, 0.057353707514, 0.013964589703, 0.25066755303, 0.0062644095659, 0.15269802012, 0.061428400481],
      [0.033951379129, 0.074680146306, 0.062453244672, 0.3552636736, 0.084414574021, 0.041745638177, 0.11166870424, 0.1152287551, 0.071064615282, 0.049529269466],
      [0.11369902459, 0.12016607981, 0.128681465, 0.00054544702558, 0.021529127174, 8.075007808e-19, 0.070943813564, 0.25553785982, 0.048722736925, 0.24017444609],
      [0.029021959465, 0.22916174536, 5.9979688569e-84, 0.02459413258, 0.1388519225, 0.21731600211, 0.15158306839, 0.063184878827, 0.078318349035, 0.067967941722],
      [3.8658016432e-24, 0.025576570857, 0.13961396357, 0.27503515747, 0.028778150457, 0.054561322467, 0.014639304839, 0.1785287343, 0.02469600613, 0.25857078992],
      [0.057610108248, 0.0060676966152, 0.025234450365, 0.1165980078, 0.025696329823, 4.1751163309e-10, 0.60147892797, 0.054434656588, 0.044226647328, 0.068653174855],
      [0.35964426761, 0.044566097158, 4.0200441069e-11, 0.05917064468, 0.12087848176, 0.080949106948, 0.0069307371593, 0.023171546356, 0.29803108206, 0.0066580362376],
      [0.044292902276, 0.11900598315, 0.094954729949, 0.23389387871, 0.020185548314, 0.019373796209, 0.067986731685, 0.11608383075, 0.24543665441, 0.038785944541]
    ],
    [
      [0.12311834139, 0.049515997486, 0.0055117906235, 0.15324670411, 0.069858396197, 0.0098507542735, 0.36418183407, 0.017339577089, 0.18808419521, 0.019292409556],
      [0.0368341084, 0.089152659765, 0.11745678471, 0.2396878594, 0.12195001243, 0.023767681997, 0.080141662191, 0.17792097639, 0.088575281637, 0.024512973076],
      [0.087104864633, 0.25684543269, 0.11285761468, 0.00020500654823, 0.011601034191, 2.9852631568e-19, 0.027967636538, 0.40816877138, 0.04971450112, 0.045535138211],
      [0.021825589016, 0.38743660934, 7.0168710318e-84, 0.020865207288, 0.17024310385, 0.10833021478, 0.1226702427, 0.10652512502, 0.043506362565, 0.018597545432],
      [6.9703985298e-24, 0.042895397046, 0.171020189, 0.11806051421, 0.019295785571, 0.037883748237, 0.017743623664, 0.38252506616, 0.046851993839, 0.16372368228],
      [0.062484806536, 0.026946009703, 0.034849671786, 0.079422674699, 0.024568861936, 1.6745346451e-10, 0.58780578844, 0.098808030407, 0.040366189423, 0.044747966906],
      [0.39350861463, 0.090969393607, 4.0876213756e-11, 0.036412939987, 0.11994324118, 0.029118608794, 0.0042272782056, 0.052663913899, 0.27023559946, 0.0029204101959],
      [0.070274468586, 0.20007969846, 0.094249548184, 0.07852954375, 0.016557107415, 0.008700772981, 0.052005167642, 0.20367216102, 0.24945443941, 0.026477092551]
    ],
    [
      [0.13026368551, 0.031251997306, 0.0067296620218, 0.14427295357, 0.091440545196, 0.062223606406, 0.2531405598, 0.014858358157, 0.20202985902, 0.063788773004],
      [0.043416682391, 0.072927387104, 0.097101624369, 0.17003572781, 0.1492124637, 0.11681923617, 0.062355896312, 0.16782707808, 0.080773737776, 0.039530166285],
      [0.091340073524, 0.16751508572, 0.12616313206, 0.00018814679954, 0.020298858548, 1.5042383155e-18, 0.030845261215, 0.39916245168, 0.044693810432, 0.11979318003],
      [0.018963346169, 0.16389587362, 4.8085461886e-84, 0.0074277525249, 0.13245633827, 0.4336127392, 0.061694880487, 0.10690028736, 0.043734770889, 0.031314011491],
      [8.8820369347e-24, 0.031052251165, 0.14301728329, 0.12455217667, 0.033254992076, 0.15552301174, 0.012672741908, 0.27052197426, 0.041467966705, 0.18793760219],
      [0.077737088455, 0.01922539204, 0.040632887525, 0.07167395764, 0.039753038126, 2.0047973162e-09, 0.51953320763, 0.11269377499, 0.050735297806, 0.068015353784],
      [0.41482576227, 0.035022672054, 5.2795177974e-11, 0.028559583294, 0.12448212461, 0.1485380782, 0.0034253644638, 0.035916487123, 0.20399522877, 0.0052346991497],
      [0.091110489449, 0.14438053025, 0.11501163332, 0.093369184407, 0.025072193821, 0.042271796963, 0.037453013187, 0.20447935985, 0.20757265675, 0.039279142015]
    ],
    [
      [0.17550716035, 0.033931455382, 0.014488651172, 0.18066466537, 0.10851006325, 0.045966308611, 0.19964155825, 0.014744208729, 0.17849544568, 0.048050483209],
      [0.061519803791, 0.033234155102, 0.18209496833, 0.23714373412, 0.15701976408, 0.089579259298, 0.064636122051, 0.10104183375, 0.060658121274, 0.013072238208],
      [0.1560848333, 0.11942795589, 0.077089147549, 0.00048572103156, 0.05857482794, 9.5647941201e-19, 0.058167850268, 0.42728478258, 0.045354835128, 0.057530046303],
      [0.04785837128, 0.10862602545, 5.3933691448e-84, 0.016738868966, 0.2188916911, 0.3568373311, 0.099070674281, 0.085312116069, 0.042537253948, 0.024127667809],
      [1.6137924904e-23, 0.017064841419, 0.22667451213, 0.16402684862, 0.055838025092, 0.18828077915, 0.022646980223, 0.20452236203, 0.048159800106, 0.072785851234],
      [0.095792972297, 0.012303370438, 0.026085090401, 0.09945391626, 0.053160393523, 1.3100726549e-09, 0.60913142192, 0.055176336784, 0.035956561339, 0.012939935725],
      [0.64023275295, 0.01239152588, 7.3976560392e-11, 0.039409680121, 0.090727215017, 0.065921970933, 0.0042844876336, 0.014874921222, 0.13082591639, 0.0013315297747],
      [0.077663892244, 0.12521616554, 0.15946939143, 0.25293705811, 0.04574492638, 0.041085129241, 0.040379239348, 0.1728797965, 0.074855706974, 0.0097686942255]
    ],
    [
      [0.083449341237, 0.015837605073, 0.0090182607572, 0.37015672618, 0.071513518114, 0.01276203995, 0.14108306935, 0.0093082126638, 0.2238022557, 0.063068970976],
      [0.024271312061, 0.026222244133, 0.10614074644, 0.44846788842, 0.091834177658, 0.019821403929, 0.041699094073, 0.12232279092, 0.088970282683, 0.030250059677],
      [0.072678590342, 0.11383558576, 0.2266976953, 0.00071200961723, 0.021749790922, 3.3338805679e-19, 0.023753536028, 0.33009372087, 0.060695643833, 0.14978342732],
      [0.026813667538, 0.15746743207, 1.5574023001e-83, 0.043811408731, 0.19680551371, 0.17111429694, 0.087029563777, 0.13695671349, 0.10930511981, 0.070696283935],
      [5.4115831293e-24, 0.014469091505, 0.22770410221, 0.36927669771, 0.024835935955, 0.027887236042, 0.0066141357536, 0.16212991802, 0.031869108927, 0.13521377387],
      [0.056997085542, 0.0096142511388, 0.069383831314, 0.22873840959, 0.027778814636, 3.6386564047e-10, 0.3822711664, 0.082990125286, 0.072939384205, 0.069286931521],
      [0.37154615275, 0.021517306868, 8.2251333411e-11, 0.1157976053, 0.11182274383, 0.038392690738, 0.0029481866678, 0.028495755877, 0.30323877455, 0.0062407833337],
      [0.059786756702, 0.07360003342, 0.17053072659, 0.25699520342, 0.021149902909, 0.0082678337707, 0.027483148741, 0.1207331587, 0.22981960896, 0.031633626789]
    ],
    [
      [0.14043414328, 0.021524697266, 0.003823711656, 0.11029064112, 0.10123393866, 0.024243769975, 0.33733128509, 0.0094453478623, 0.19538859507, 0.05628387002],
      [0.052449909834, 0.060999591744, 0.07568535075, 0.14141290935, 0.19144381309, 0.063113160942, 0.12336605054, 0.14233352291, 0.11490933504, 0.034286355788],
      [0.1251610683, 0.15581398885, 0.11092039669, 0.00018972321901, 0.026708726878, 9.0841283261e-19, 0.054546813142, 0.3318186128, 0.070564345062, 0.12427632506],
      [0.029339089292, 0.13993025248, 3.7332436848e-84, 0.0085803672543, 0.20836165219, 0.27122861284, 0.12841043527, 0.10378104625, 0.068657401638, 0.041711142801],
      [1.4559592931e-23, 0.034285219701, 0.14826441768, 0.14127582164, 0.058336724924, 0.10414759833, 0.027889728272, 0.24736510861, 0.065630654071, 0.17280472677],
      [0.06297403011, 0.010956957935, 0.019932261101, 0.042962642078, 0.038399148646, 7.9665945442e-10, 0.67655837658, 0.062044989566, 0.04697922096, 0.039192372223],
      [0.42365680968, 0.02269772412, 3.291316149e-11, 0.025789219022, 0.16792540532, 0.072086689569, 0.005326360254, 0.025770861906, 0.25245558446, 0.0042913456421],
      [0.11483928133, 0.10736499299, 0.082187665558, 0.086415029454, 0.034203646058, 0.024491838738, 0.060967280755, 0.16299183722, 0.28714616159, 0.039392266316]
    ],
    [
      [0.16968368151, 0.012226594533, 0.0052631189373, 0.13809132199, 0.063143484475, 0.01048342274, 0.33025869784, 0.010120666328, 0.18562175456, 0.07510725709],
      [0.051513371126, 0.033925994907, 0.12039078402, 0.27201417717, 0.089462729961, 0.026581494844, 0.10400905319, 0.16300795889, 0.086176196549, 0.052918239348],
      [0.090482131488, 0.093645759498, 0.17046259768, 0.00026329588437, 0.018682817525, 4.3540373572e-19, 0.058215405396, 0.37838566116, 0.02962653569, 0.16023579568],
      [0.03735914502, 0.1538181823, 7.3038541491e-84, 0.020045684941, 0.13720278229, 0.13454626681, 0.18098065495, 0.18772073968, 0.073706592686, 0.074619951326],
      [8.9517408282e-24, 0.023159014909, 0.18630082954, 0.1933876329, 0.026098449232, 0.046420840063, 0.019444757515, 0.22344936997, 0.053091774083, 0.22864733179],
      [0.059186113312, 0.008406804307, 0.024886487189, 0.074632643696, 0.019260499648, 2.5689164008e-10, 0.64366852452, 0.075228672044, 0.031127467317, 0.063602787711],
      [0.53550268697, 0.018723104063, 9.8623611227e-11, 0.044398753123, 0.091059564947, 0.034498548841, 0.0079598763599, 0.03597972741, 0.22276060238, 0.0091171358078],
      [0.12861804963, 0.07005062622, 0.12514975308, 0.11628281159, 0.022371051334, 0.013565877257, 0.067895247451, 0.18769668558, 0.20633617907, 0.062033718787]
    ],
    [
      [0.12623215361, 0.018898778387, 0.0040193803584, 0.30319039157, 0.11452041638, 0.03007647626, 0.23351161258, 0.011383421889, 0.10529812873, 0.052869240225],
      [0.04331466188, 0.044299844596, 0.064045402046, 0.37666807717, 0.15809903934, 0.053289925789, 0.068608855549, 0.10812895854, 0.05569550915, 0.027849725937],
      [0.13340120243, 0.12730276185, 0.096816103728, 0.00061227236631, 0.035439513866, 9.3587108493e-19, 0.036547397217, 0.37709468337, 0.04555966254, 0.14722640263],
      [0.029990582147, 0.14587584349, 4.1132673178e-84, 0.020992671693, 0.25366721906, 0.26988869775, 0.086420886539, 0.11618209026, 0.032498938451, 0.044483070602],
      [1.0044143025e-23, 0.020903503064, 0.10334933489, 0.2878558188, 0.042115953177, 0.082342245428, 0.013416336257, 0.23014478623, 0.028398650042, 0.19147337211],
      [0.08012767329, 0.011294321862, 0.025881740653, 0.15394972103, 0.051237593038, 1.1377208315e-09, 0.49408364718, 0.08555561393, 0.033810608023, 0.06405907986],
      [0.46087590348, 0.023768345454, 3.2411396664e-11, 0.068095096113, 0.1626135244, 0.081838229009, 0.0042472743663, 0.028900454325, 0.16515581177, 0.0045053610555],
      [0.11375573166, 0.090452447796, 0.081868275392, 0.25111963142, 0.032440191972, 0.027419529905, 0.04032673155, 0.18722176729, 0.1336248637, 0.041770829311]
    ],
    [
      [0.11605693545, 0.018042038381, 0.0043183026047, 0.30264660334, 0.064086309451, 0.018656133242, 0.25943476971, 0.014137424266, 0.14143399465, 0.061187488908],
      [0.030098677301, 0.031954618131, 0.088860785485, 0.34620885618, 0.10899629759, 0.037999601242, 0.063615923409, 0.17024984613, 0.075369753133, 0.046645641399],
      [0.09445125448, 0.090122056252, 0.099180571808, 0.00040734686912, 0.018249193624, 7.6911087443e-19, 0.025841039676, 0.49411041487, 0.06522803431, 0.11241008811],
      [0.027859844362, 0.16643786765, 4.5388962125e-84, 0.0297926134, 0.15344209579, 0.18057723838, 0.12734631641, 0.17364968658, 0.075107272121, 0.065787065306],
      [1.1711446124e-23, 0.018223714032, 0.12594642618, 0.19469715847, 0.029967315702, 0.086038877804, 0.016528943387, 0.22963657959, 0.042785582827, 0.256175402],
      [0.074755785396, 0.0083453483664, 0.015445929148, 0.079304001476, 0.030061273917, 1.0409257296e-09, 0.61242029542, 0.063774631803, 0.042492019264, 0.073400714166],
      [0.4617172403, 0.022162255545, 3.1475984487e-11, 0.045601353707, 0.094764568656, 0.0614120583, 0.002636149014, 0.042052875881, 0.26316874506, 0.0064847535047],
      [0.11757843375, 0.053321750643, 0.071904663153, 0.17678643035, 0.021269764767, 0.021334382839, 0.039264149759, 0.19762173712, 0.25145916569, 0.049459521932]
    ],
    [
      [0.084982080259, 0.030267086395, 0.0023214895742, 0.20525449858, 0.094993452291, 0.035796011987, 0.32601795049, 0.0092398565547, 0.15254671374, 0.058580860125],
      [0.032151193992, 0.055057295031, 0.026114106536, 0.29462686389, 0.14964870821, 0.081850224157, 0.090788401774, 0.13309062767, 0.1047735062, 0.031899072531],
      [0.095830601208, 0.20827155362, 0.075876720702, 0.00049317046141, 0.033036852066, 1.2557827218e-18, 0.0443585868, 0.38757558673, 0.066476938475, 0.088079989931],
      [0.016881377676, 0.12389223276, 1.7168955135e-84, 0.018234591678, 0.21313243519, 0.38119605814, 0.10057442122, 0.074353264304, 0.044202655695, 0.027532963343],
      [5.2578756212e-24, 0.038555222796, 0.075495938539, 0.22082843467, 0.041642923697, 0.11558884404, 0.022709768685, 0.26182887461, 0.050397164703, 0.17295282827],
      [0.056375847891, 0.015587533057, 0.015734976037, 0.11436389109, 0.047922787912, 1.170821465e-09, 0.56534749972, 0.076851994196, 0.051884149351, 0.055931319567],
      [0.36461058669, 0.040127491441, 1.9897859732e-11, 0.06431872933, 0.14744546931, 0.1093071561, 0.0040375710148, 0.030448783732, 0.23587123792, 0.0038329744445],
      [0.078784328608, 0.1533051463, 0.040207157585, 0.17413048762, 0.022092789784, 0.029342918675, 0.04884353587, 0.16820549406, 0.25650586232, 0.028582279186]
    ],
    [
      [0.21856417998, 0.026947157656, 0.0039759291497, 0.16299517315, 0.068661185736, 0.033284712094, 0.25429912972, 0.019120999687, 0.15089719766, 0.061254335173],
      [0.062038243694, 0.052859809219, 0.067018575448, 0.19169142036, 0.12546783439, 0.054240840155, 0.079339201368, 0.2615110877, 0.064090583624, 0.041742404044],
      [0.11507232611, 0.091111927849, 0.073576787949, 0.00020558206757, 0.014323693669, 7.4407526233e-19, 0.029898579402, 0.5195557851, 0.035555719444, 0.12069959841],
      [0.038799886147, 0.18547286007, 4.4975822366e-84, 0.011228759216, 0.11967206069, 0.27626485391, 0.087901902277, 0.17985475182, 0.048466014888, 0.052338910982],
      [1.3481122321e-23, 0.027920004622, 0.10778037239, 0.15403028013, 0.029512778638, 0.083390656436, 0.016226401037, 0.3340992715, 0.032225722051, 0.2148145132],
      [0.11336322058, 0.01313755228, 0.023729385133, 0.069455951116, 0.031301626014, 8.5840742938e-10, 0.47766248188, 0.16185929288, 0.041792513648, 0.067697975612],
      [0.62175092508, 0.023435725929, 2.6460197918e-11, 0.029698423607, 0.075730096714, 0.062389271066, 0.0031376765562, 0.040781563771, 0.13843838715, 0.0046379300926],
      [0.13782227159, 0.099510728764, 0.064345165787, 0.097085606864, 0.018017460835, 0.027281717928, 0.040751006498, 0.31186232807, 0.16738612512, 0.03593758855]
    ],
    [
      [0.20082864723, 0.023868896211, 0.0048515569871, 0.12403390849, 0.11336512322, 0.022209635102, 0.32262570893, 0.0080948058842, 0.15076983705, 0.029351880895],
      [0.065981768956, 0.067321686395, 0.091404323636, 0.23638171049, 0.18556240867, 0.04411013176, 0.11197399856, 0.10741309047, 0.062028767906, 0.027822113156],
      [0.16459273429, 0.084668516735, 0.14927152915, 0.00032364588804, 0.042875685471, 8.264920354e-19, 0.055455667086, 0.41312694063, 0.031831225508, 0.057854055234],
      [0.038560340179, 0.15623205794, 6.4115582505e-84, 0.017678534709, 0.18080173913, 0.31475189911, 0.11786595745, 0.091894749351, 0.045765957455, 0.036448764671],
      [1.2995753099e-23, 0.029906238947, 0.251245703, 0.13945205443, 0.074783778984, 0.10707739805, 0.026616315583, 0.14526489186, 0.053595557534, 0.1720580616],
      [0.13178475495, 0.0083728054492, 0.019030452254, 0.068274408468, 0.023089559318, 8.5657141254e-10, 0.64820917033, 0.054984458739, 0.028929735563, 0.017324654065],
      [0.71576190954, 0.013614506118, 2.1261148278e-11, 0.017929024832, 0.078604938433, 0.054747464815, 0.0024871437576, 0.011107247953, 0.1046134176, 0.0011343469353],
      [0.20209224815, 0.10515248097, 0.1303351097, 0.13115585215, 0.020545126026, 0.034037357719, 0.080473935556, 0.12593489538, 0.14943714608, 0.020835848282]
    ],
    [
      [0.13468896837, 0.018488194652, 0.0034671059232, 0.16900906692, 0.090030356023, 0.027322917782, 0.34326005266, 0.0059747204708, 0.17762610207, 0.030132515133],
      [0.054263287931, 0.048493784348, 0.073633063166, 0.25845396699, 0.19979186986, 0.055653202832, 0.12725798999, 0.077709007103, 0.078811727949, 0.025932099834],
      [0.13453602255, 0.1527342461, 0.11743555764, 0.00039322000075, 0.039536314221, 1.0379551906e-18, 0.062036620278, 0.28372991934, 0.070200016531, 0.13939808334],
      [0.037512457134, 0.1707463643, 4.1354017936e-84, 0.019057819298, 0.23785897766, 0.20211081833, 0.1625786902, 0.068379809555, 0.069744964372, 0.032010099155],
      [1.2891817535e-23, 0.027058879048, 0.11622578416, 0.20872730016, 0.059863054657, 0.10827362891, 0.028283488847, 0.18488825283, 0.055731814879, 0.2109477965],
      [0.075207900926, 0.0097407732446, 0.018400638944, 0.091049297144, 0.038921113825, 9.4894824744e-10, 0.66842403741, 0.036626479137, 0.03921194022, 0.022417818202],
      [0.49809701344, 0.019036575281, 3.0050571748e-11, 0.042147019691, 0.1427516768, 0.081979715901, 0.005594558981, 0.015589566169, 0.19185885278, 0.0029450209338],
      [0.13209878005, 0.10542590463, 0.072564234674, 0.15880973938, 0.036578692099, 0.028333485567, 0.062666395964, 0.11610700645, 0.2608206393, 0.026595121896]
    ],
    [
      [0.088517605142, 0.033381521846, 0.010335726683, 0.27127618985, 0.083260536904, 0.041242875471, 0.16309370862, 0.015880736358, 0.21931229091, 0.073698808214],
      [0.021566273706, 0.070292334536, 0.13750646064, 0.25210618874, 0.11595744166, 0.068827538615, 0.055103226908, 0.16468030059, 0.071662799377, 0.042297435234],
      [0.04507956934, 0.16637051697, 0.20544046705, 0.00030158047832, 0.017909892653, 7.289511835e-19, 0.018470354717, 0.36287016168, 0.059556649966, 0.12400080714],
      [0.014195584489, 0.21597823848, 7.4972845448e-84, 0.017685616909, 0.16542552567, 0.3021387761, 0.060921523312, 0.11068700269, 0.063202272261, 0.049765460092],
      [5.8915976665e-24, 0.02810643527, 0.22363823629, 0.2031713576, 0.035282386661, 0.085323234183, 0.0090287525407, 0.19508393, 0.042822716031, 0.17754295143],
      [0.053167305127, 0.017970812196, 0.06330788232, 0.14640441565, 0.039196253344, 1.4394668051e-09, 0.42402378277, 0.10243314293, 0.076756920715, 0.076739483503],
      [0.35857399634, 0.041648544609, 8.7521219711e-11, 0.058734577669, 0.13738987313, 0.086077716715, 0.0034560943001, 0.039329876354, 0.26777881205, 0.0070105087418],
      [0.055625262759, 0.13869106703, 0.12941167677, 0.16788315842, 0.018339304636, 0.028771252871, 0.031449209802, 0.14384778608, 0.24296334188, 0.043017939745]
    ],
    [
      [0.18925660982, 0.0096598670067, 0.0092758789521, 0.28450246464, 0.064262901113, 0.035559341914, 0.24381141557, 0.014138870689, 0.081476997944, 0.068055652349],
      [0.061075754949, 0.021795630486, 0.11373860425, 0.27777370242, 0.097752495598, 0.078674541294, 0.060964306599, 0.22961101988, 0.021180461718, 0.037433482799],
      [0.1092531639, 0.064207173255, 0.20347058908, 0.00041932270113, 0.014364202814, 9.6602015356e-19, 0.024084256174, 0.40137205704, 0.013064506129, 0.16976472891],
      [0.032076326454, 0.067519145678, 8.015104466e-84, 0.024498422384, 0.12077968028, 0.47989874231, 0.085995945002, 0.1213508845, 0.024070581074, 0.043810272316],
      [8.8833403935e-24, 0.0085792499393, 0.15975613963, 0.21784954789, 0.023808507717, 0.11493654956, 0.0078588287379, 0.25120218276, 0.015779154625, 0.20022983914],
      [0.10313356468, 0.0052452023965, 0.055685480996, 0.10919698718, 0.023159547206, 1.4993468244e-09, 0.52302605646, 0.10929784526, 0.01805937359, 0.053195940733],
      [0.62135366302, 0.011282339401, 6.6192377707e-11, 0.057189406097, 0.099329295432, 0.091853334044, 0.0045494308876, 0.028897768564, 0.079562230396, 0.0059825320985],
      [0.11017446465, 0.041146755912, 0.18517495504, 0.17893949855, 0.017474033053, 0.033553438819, 0.032066206329, 0.28212329308, 0.066319821955, 0.053027532612]
    ],
    [
      [0.07307912611, 0.014009368506, 0.0065138737466, 0.26376750665, 0.068303512087, 0.023062796134, 0.23156385637, 0.0095756227252, 0.25917923268, 0.050945104983],
      [0.026871873322, 0.030398628228, 0.12848837419, 0.32471863247, 0.11826127474, 0.042353861687, 0.069235752248, 0.11581189153, 0.11384069478, 0.030019016808],
      [0.066741858583, 0.092894264745, 0.19660651729, 0.00042801184493, 0.021382056372, 8.165690585e-19, 0.034670729514, 0.3862942094, 0.076175495408, 0.12480685684],
      [0.020944510797, 0.11372436715, 1.0304665867e-83, 0.026884513983, 0.19926987158, 0.26843558487, 0.10255714828, 0.13188180854, 0.08680911557, 0.049493079228],
      [5.4805036027e-24, 0.015208406741, 0.19774917167, 0.24020589974, 0.034331626958, 0.06376309859, 0.01211781023, 0.20576467044, 0.055867576988, 0.17499173864],
      [0.044436560157, 0.0088096080394, 0.044103298047, 0.12838415523, 0.034034047474, 8.7496925701e-10, 0.53878444062, 0.084288636339, 0.068953338909, 0.048205914307],
      [0.29025191626, 0.018263746393, 7.5279929863e-11, 0.077258179735, 0.14608323009, 0.063958944258, 0.0041487159327, 0.031055980333, 0.36391522231, 0.0050640646092],
      [0.058985688322, 0.064411339091, 0.13832408596, 0.19774330846, 0.021025421347, 0.01946986805, 0.039757143422, 0.14034774042, 0.28697152517, 0.032963879767]
    ],
    [
