{
  "X": [
    [13, 5, 9, 7, 24, 3, 12, 6, 9, 12],
    [14, 8, 11, 10, 22, 7, 5, 9, 6, 8],
    [16, 4, 15, 15, 13, 4, 5, 7, 4, 17],
    [18, 4, 16, 9, 25, 4, 9, 4, 5, 6],
    [18, 8, 11, 8, 20, 4, 8, 4, 8, 11],
    [13, 6, 22, 10, 18, 6, 7, 2, 5, 11],
    [11, 13, 10, 8, 20, 8, 9, 3, 6, 12],
    [8, 22, 9, 6, 19, 3, 12, 3, 7, 11],
    [6, 14, 12, 12, 20, 7, 8, 4, 3, 14],
    [9, 15, 9, 7, 10, 5, 20, 6, 8, 11],
    [11, 20, 8, 12, 13, 5, 10, 6, 3, 12],
    [12, 20, 8, 10, 18, 5, 12, 2, 5, 8],
    [11, 14, 8, 13, 17, 8, 6, 8, 3, 12],
    [4, 16, 10, 11, 23, 6, 6, 9, 6, 9],
    [6, 15, 9, 15, 14, 7, 5, 10, 6, 13],
    [8, 11, 7, 16, 18, 7, 5, 8, 4, 16],
    [6, 16, 6, 17, 18, 12, 4, 8, 5, 8],
    [5, 7, 14, 17, 18, 6, 3, 7, 6, 17],
    [4, 11, 11, 19, 17, 9, 8, 7, 8, 6],
    [5, 9, 23, 19, 23, 1, 4, 2, 7, 7],
    [2, 9, 13, 25, 18, 3, 6, 5, 10, 9],
    [6, 6, 16, 21, 19, 3, 9, 4, 3, 13],
    [7, 6, 14, 20, 25, 2, 9, 3, 7, 7],
    [6, 7, 20, 16, 22, 4, 9, 5, 6, 5],
    [3, 8, 15, 26, 20, 4, 5, 6, 5, 8],
    [12, 8, 13, 18, 27, 2, 3, 5, 3, 9],
    [9, 2, 26, 17, 19, 1, 6, 5, 3, 12],
    [8, 4, 16, 18, 21, 4, 3, 8, 4, 14],
    [10, 3, 19, 15, 28, 4, 5, 8, 2, 6],
    [4, 4, 13, 17, 32, 7, 4, 2, 1, 16],
    [8, 5, 15, 18, 26, 5, 7, 2, 2, 12],
    [12, 8, 21, 10, 13, 11, 4, 4, 6, 11],
    [11, 17, 18, 13, 13, 11, 3, 5, 4, 5],
    [8, 15, 18, 5, 14, 12, 9, 5, 5, 9],
    [7, 16, 18, 9, 9, 14, 8, 8, 5, 6],
    [6, 8, 17, 11, 10, 22, 4, 8, 3, 11],
    [9, 12, 18, 5, 14, 10, 7, 10, 8, 7],
    [5, 4, 6, 14, 15, 15, 9, 10, 11, 11],
    [6, 8, 7, 9, 21, 3, 4, 15, 9, 18],
    [9, 4, 9, 13, 13, 6, 8, 14, 6, 18],
    [5, 6, 6, 10, 24, 6, 5, 7, 5, 26],
    [9, 7, 6, 10, 28, 6, 3, 12, 5, 14],
    [6, 4, 4, 13, 19, 4, 11, 15, 9, 15],
    [7, 9, 10, 8, 22, 2, 10, 11, 5, 16],
    [8, 2, 19, 13, 19, 0, 21, 4, 6, 8],
    [9, 5, 12, 10, 23, 7, 19, 5, 4, 6],
    [8, 5, 9, 18, 19, 1, 22, 3, 6, 9],
    [15, 5, 15, 11, 24, 2, 17, 3, 3, 5],
    [10, 4, 7, 10, 24, 12, 18, 4, 3, 8],
    [3, 2, 16, 11, 26, 7, 16, 6, 5, 8]
  ],
  "W": [
    [57, 7, 3, 10, 10, 3, 6, 4],
    [55, 9, 7, 7, 3, 4, 7, 8],
    [50, 4, 12, 8, 6, 8, 5, 7],
    [53, 9, 8, 6, 4, 5, 2, 13],
    [61, 6, 7, 5, 4, 8, 5, 4],
    [54, 7, 9, 10, 5, 7, 3, 5],
    [13, 41, 13, 7, 7, 8, 5, 6],
    [9, 55, 6, 8, 7, 3, 5, 7],
    [6, 52, 7, 10, 7, 3, 7, 8],
    [6, 62, 3, 4, 2, 8, 6, 9],
    [4, 51, 7, 6, 4, 9, 14, 5],
    [11, 55, 5, 5, 7, 6, 5, 6],
    [7, 26, 34, 5, 11, 5, 6, 6],
    [7, 3, 62, 8, 4, 6, 5, 5],
    [5, 11, 53, 4, 4, 8, 7, 8],
    [6, 8, 54, 6, 5, 5, 10, 6],
    [4, 5, 59, 12, 7, 3, 6, 4],
    [7, 9, 53, 5, 7, 9, 6, 4],
    [7, 11, 34, 22, 5, 12, 3, 6],
    [8, 2, 3, 59, 11, 4, 5, 8],
    [8, 7, 6, 48, 7, 6, 10, 8],
    [11, 7, 7, 50, 13, 2, 7, 3],
    [5, 6, 5, 56, 9, 2, 11, 6],
    [4, 7, 6, 51, 7, 8, 7, 10],
    [8, 3, 8, 57, 2, 4, 9, 9],
    [4, 10, 10, 2, 60, 4, 5, 5],
    [3, 5, 9, 6, 59, 5, 6, 7],
    [3, 7, 4, 9, 59, 6, 8, 4],
    [11, 4, 5, 8, 56, 7, 4, 5],
    [5, 4, 3, 6, 63, 6, 5, 8],
    [3, 6, 4, 4, 57, 9, 9, 8],
    [7, 7, 7, 7, 15, 43, 3, 11],
    [5, 5, 3, 7, 4, 69, 3, 4],
    [6, 11, 5, 5, 2, 58, 7, 6],
    [5, 10, 6, 7, 6, 55, 5, 6],
    [10, 5, 8, 8, 6, 53, 4, 6],
    [5, 2, 9, 6, 3, 61, 6, 8],
    [5, 7, 5, 12, 4, 33, 26, 8],
    [4, 5, 2, 6, 5, 7, 65, 6],
    [9, 5, 6, 2, 7, 11, 54, 6],
    [12, 4, 7, 4, 5, 4, 60, 4],
    [6, 6, 5, 7, 6, 4, 61, 5],
    [10, 8, 9, 10, 5, 3, 52, 3],
    [4, 7, 9, 6, 6, 4, 48, 16],
    [10, 5, 4, 6, 5, 4, 5, 61],
    [5, 9, 7, 8, 5, 6, 4, 56],
    [7, 9, 3, 7, 7, 5, 7, 55],
    [8, 8, 8, 2, 4, 8, 4, 58],
    [5, 10, 9, 6, 7, 8, 5, 50],
    [7, 3, 7, 5, 11, 6, 7, 54]
  ],
  "method": "mvn_cdf",
  "mvncdf_method": "genz",
  "mvncdf_samples": 5000,
  "mvncdf_error": 1e-06,
  "cond_prob": [
    [
      [0.19306650316, 0.012894435909, 0.11501994961, 0.039587412781, 0.20168593279, 0.018209139721, 0.14016492494, 0.060754357681, 0.089567970856, 0.12904937255],
      [0.085407291393, 0.23449133322, 0.023926106025, 0.027858463758, 0.11810232708, 0.026730197976, 0.30945148329, 0.015801001303, 0.072373902599, 0.08585789336],
      [0.027482481171, 0.16749960145, 0.040356759217, 0.13355399166, 0.2108745444, 0.09258519711, 0.0099739182675, 0.13313078043, 0.069540041532, 0.11500268477],
      [0.0041335267485, 0.080549613136, 0.13796888256, 0.20514942201, 0.2433511717, 2.0258235023e-12, 0.12346507033, 0.013330525478, 0.14435918265, 0.047692605384],
      [0.08119237103, 5.5592661822e-20, 0.13895854454, 0.1237974555, 0.44555676029, 0.019105094083, 0.0085923935111, 0.050877445976, 4.0938373136e-29, 0.13191993507],
      [0.073837303677, 0.16114184818, 0.15532219405, 0.045316530819, 0.0748026099, 0.19084491315, 0.057680315188, 0.093000991833, 0.10637698544, 0.041676307767],
      [0.037084610006, 0.034420292424, 0.001312822886, 0.054081547289, 0.20993473304, 0.022215073652, 0.087609522912, 0.20934228638, 0.12772184995, 0.21627726146],
      [0.075096141934, 3.4772314722e-70, 0.08609334382, 0.052291695487, 0.20016127457, 0.022160503531, 0.48226912149, 0.012972329792, 0.043335493045, 0.025620096327]
    ],
    [
      [0.18899989132, 0.027301450141, 0.1388889283, 0.054129591731, 0.23654217014, 0.066279225034, 0.02798191986, 0.090727277049, 0.070527791665, 0.098621754755],
      [0.068981780871, 0.45125037887, 0.029680201614, 0.038577473618, 0.09603011429, 0.099628782419, 0.07172725823, 0.026517021338, 0.053252977136, 0.064354011612],
      [0.025232073434, 0.20851667827, 0.039494358786, 0.12651297933, 0.14350460614, 0.18928417412, 0.0045492220545, 0.172936207, 0.033253613925, 0.056716086947],
      [0.0038408813453, 0.072607651266, 0.16037152275, 0.30097377184, 0.29543447788, 4.4954319336e-12, 0.041113304747, 0.022741708457, 0.075409604129, 0.027507077578],
      [0.059056458197, 8.6763660085e-20, 0.11134488781, 0.23906041884, 0.40401127763, 0.038607658515, 0.0030127768029, 0.05910318886, 2.3488513095e-29, 0.085803333337],
      [0.051961644138, 0.14132613612, 0.12883125247, 0.049299370981, 0.051708928089, 0.39633163236, 0.0099704044126, 0.11696651124, 0.035155378589, 0.018448741597],
      [0.030673076341, 0.037786882173, 0.001480248992, 0.083116560343, 0.23443064001, 0.042100809805, 0.027012347005, 0.30127757269, 0.074978174862, 0.16714368777],
      [0.10053635588, 6.9711234115e-70, 0.13762763309, 0.11356019586, 0.2781481455, 0.099462696631, 0.19510644341, 0.028912507367, 0.026191013961, 0.020455008303]
    ],
    [
      [0.21461523497, 0.0095477448413, 0.18212318804, 0.10877156872, 0.1227281842, 0.019956010637, 0.048325730724, 0.058377851548, 0.046018411313, 0.189536075],
      [0.13870950868, 0.1782686296, 0.050551345767, 0.039955210166, 0.14623679432, 0.02640754293, 0.18809416319, 0.014244663869, 0.038698171265, 0.17883397021],
      [0.01939063333, 0.10906467534, 0.075171110202, 0.29901475149, 0.10716397587, 0.050500409523, 0.0033915590064, 0.14122237217, 0.025216096235, 0.16986441684],
      [0.0052416385958, 0.050464919398, 0.28903311387, 0.33101984814, 0.17515550777, 2.4590253928e-12, 0.043396933457, 0.014168712714, 0.047754415763, 0.043764910287],
      [0.08507792479, 3.2836228547e-20, 0.24610676189, 0.26648288848, 0.20303607447, 0.0056878298188, 0.0019431535163, 0.025071320743, 1.351990622e-29, 0.1665940463],
      [0.072207105407, 0.10964718038, 0.22245636831, 0.08297250261, 0.049512919415, 0.21504873493, 0.01920220096, 0.10639953241, 0.043338868742, 0.07921458684],
      [0.036426250905, 0.025749966539, 0.0017305741281, 0.074061877001, 0.13658719552, 0.020195099846, 0.028155558152, 0.19622161214, 0.07536751813, 0.40550434764],
      [0.11298749717, 3.5226734191e-70, 0.15067622509, 0.16792549707, 0.27195140138, 0.028297397943, 0.17849890332, 0.015722288902, 0.021555574835, 0.052385214283]
    ],
    [
      [0.20458403854, 0.012195614525, 0.15045484453, 0.058867667157, 0.23727544529, 0.022204919064, 0.10024778958, 0.038933262831, 0.052208935343, 0.12302748313],
      [0.13163389914, 0.20520594427, 0.062958529658, 0.05366038102, 0.18174806803, 0.053635732964, 0.15390670051, 0.01612945277, 0.059521186709, 0.081600104923],
      [0.046397692559, 0.14873746855, 0.083275249813, 0.19734487584, 0.21854484465, 0.094627925382, 0.0065507016875, 0.11009125055, 0.030615337455, 0.063814653515],
      [0.0060914470829, 0.050347952868, 0.24822638248, 0.28012847587, 0.2788633171, 2.2826702013e-12, 0.053034121929, 0.011264855891, 0.051617237452, 0.020426209324],
      [0.087608484998, 2.3566483662e-20, 0.21742113964, 0.2099668965, 0.37461477197, 0.015519657184, 0.0020384968524, 0.023658794461, 1.4695476166e-29, 0.06917175839],
      [0.17725419399, 0.093532481658, 0.20514632981, 0.065159852243, 0.075105543645, 0.20622364501, 0.031213960791, 0.072890299171, 0.045764512418, 0.027709181266],
      [0.055734458625, 0.028443162033, 0.0025187306833, 0.098044849503, 0.31515347597, 0.024444423598, 0.03694794996, 0.17891271832, 0.079787863757, 0.18001236755],
      [0.10453371577, 3.7876348544e-70, 0.15171186211, 0.11591728673, 0.26817242982, 0.038290512977, 0.27511154685, 0.010851228888, 0.019971897275, 0.015439519602]
    ],
    [
      [0.2450464519, 0.023218591323, 0.11594606186, 0.049834325799, 0.22127370293, 0.022557125507, 0.076401344802, 0.035735593479, 0.088589549752, 0.12139725265],
      [0.10964011515, 0.38234794943, 0.02636974166, 0.039338488434, 0.10818777, 0.030629375292, 0.15286027403, 0.0095165066409, 0.059778303454, 0.081331475905],
      [0.032348481241, 0.25479721904, 0.040033869638, 0.16734482937, 0.18175158426, 0.085056126351, 0.0075949823917, 0.075938211255, 0.055404511363, 0.099730185097],
      [0.0052024736804, 0.11113898366, 0.16416223007, 0.28009712602, 0.22285123007, 1.9008724336e-12, 0.069805060752, 0.0079120937192, 0.10665324207, 0.032177559957],
      [0.10414568051, 9.019647356e-20, 0.18065591543, 0.20648301939, 0.34951358632, 0.015581309046, 0.0043363484256, 0.03365532124, 3.3294176921e-29, 0.10562881963],
      [0.093695684386, 0.25608141623, 0.16389939013, 0.050014981764, 0.058955682151, 0.17239273905, 0.03215036121, 0.054473269862, 0.078051617255, 0.040284857956],
      [0.050655650911, 0.062436774293, 0.0017677817817, 0.084031531868, 0.23881621271, 0.024134033982, 0.053485030451, 0.1422569143, 0.11464467018, 0.22777139953],
      [0.10670578461, 7.5687666594e-70, 0.12779738159, 0.10640239608, 0.25890989025, 0.03426240104, 0.28562456228, 0.010690435522, 0.045398931258, 0.024208217376]
    ],
    [
      [0.1932581261, 0.01277199339, 0.27357518987, 0.054974213398, 0.1770634834, 0.032245341415, 0.064829001294, 0.024148180773, 0.04679982316, 0.1203346472],
      [0.10654137939, 0.26874421058, 0.074130169548, 0.050974233689, 0.11563627202, 0.060452240396, 0.16038153103, 0.0076817176699, 0.040945635229, 0.11451261044],
      [0.02684860517, 0.15840179108, 0.10195354196, 0.19347757178, 0.16004212906, 0.13502387925, 0.0064201966841, 0.060396214528, 0.036945306974, 0.1204907635],
      [0.0036287748548, 0.060168799242, 0.33315794459, 0.27241166317, 0.17991601834, 2.6780751736e-12, 0.049012476438, 0.0053186197984, 0.06002152595, 0.036364177612],
      [0.070535554814, 4.4515098702e-20, 0.34906653097, 0.17126721416, 0.26669373697, 0.022031663379, 0.0028827702721, 0.019566620001, 1.9248508957e-29, 0.097955909437],
      [0.061033923068, 0.13730645373, 0.31350005177, 0.049709102233, 0.052033019042, 0.24697394958, 0.024427287964, 0.030292398726, 0.043572000139, 0.04115181375],
      [0.046591537999, 0.044075990523, 0.0041051792835, 0.10927409227, 0.23606558523, 0.044419510079, 0.055654488245, 0.10304563342, 0.075504694792, 0.28126328815],
      [0.076116559982, 3.599563152e-70, 0.24703413634, 0.096044173578, 0.24571659157, 0.04528676512, 0.23591903453, 0.0066990566518, 0.024547490992, 0.022636191235]
    ],
    [
      [0.25017407511, 0.011895902895, 0.14541596161, 0.040380341674, 0.23248785735, 0.032318680024, 0.056895304103, 0.028578698884, 0.066997072961, 0.13485610539],
      [0.12748062806, 0.22000800408, 0.040460842955, 0.04341814909, 0.15153542157, 0.061132595293, 0.14664732073, 0.010912059346, 0.062905655189, 0.13549932368],
      [0.035274957865, 0.14110835785, 0.058433643634, 0.14543294957, 0.20780791776, 0.15285839124, 0.006239564679, 0.068154153964, 0.043608562825, 0.14108150062],
      [0.0047975855655, 0.064256786301, 0.2132635448, 0.23387422481, 0.28051447298, 3.4318639569e-12, 0.055084593983, 0.0082723244054, 0.093543910643, 0.046392556521],
      [0.094106395588, 4.2336670639e-20, 0.1950251914, 0.16258065923, 0.37020950431, 0.025014834771, 0.0031326513139, 0.024866652137, 2.6454222726e-29, 0.12506411126],
      [0.089771300738, 0.12168702117, 0.20040674785, 0.046359556889, 0.071463767653, 0.28716818313, 0.021484084287, 0.048772113716, 0.064777876644, 0.048109347918],
      [0.048453107757, 0.031930648265, 0.0021627812563, 0.073658850052, 0.25726352538, 0.041695238553, 0.041792834756, 0.13558018295, 0.087381342907, 0.28008148812],
      [0.099000184227, 3.8263205208e-70, 0.15124656914, 0.083054553708, 0.30099250232, 0.055346512259, 0.23704396644, 0.01001340946, 0.033764875662, 0.029537426794]
    ],
    [
      [0.19533223304, 0.021185578003, 0.14925077921, 0.034563502205, 0.23527955257, 0.018730551705, 0.069754668574, 0.035667354053, 0.095468574388, 0.14476720625],
      [0.089698019147, 0.35340789822, 0.038430806239, 0.034078219542, 0.12641248482, 0.026832861806, 0.15086578009, 0.011105220201, 0.067434871573, 0.10173383836],
      [0.026972763251, 0.21851174047, 0.054997638861, 0.12604766792, 0.20922174536, 0.074379098471, 0.0072487054112, 0.085319021878, 0.063241419426, 0.13406019894],
      [0.003821470242, 0.10184985932, 0.21303802774, 0.20228468308, 0.25429267396, 1.7184897441e-12, 0.060530821471, 0.0091555042145, 0.11336824469, 0.041658715273],
      [0.073676421204, 7.9433172504e-20, 0.2137951771, 0.15784407418, 0.37636113718, 0.013844653135, 0.003985735307, 0.033971225298, 3.9015731863e-29, 0.1265215766],
      [0.067559291656, 0.2083418502, 0.20789729209, 0.042055957396, 0.076327266733, 0.16142951695, 0.027822571037, 0.063709783318, 0.090392769609, 0.054463701007],
      [0.036524861113, 0.052767423337, 0.0021129234706, 0.059791764444, 0.26117333357, 0.019706449495, 0.045296991596, 0.14815263179, 0.10659153027, 0.26788209092],
      [0.072469001209, 6.1055552171e-70, 0.15426127861, 0.073846896326, 0.30426668453, 0.029229332577, 0.27808431082, 0.011635726112, 0.046398110226, 0.029808659583]
    ],
    [
      [0.12992865531, 0.011059892752, 0.1954704683, 0.063365068376, 0.3119053866, 0.037438805778, 0.033054351198, 0.038517193443, 0.034562415295, 0.14469776295],
      [0.08915072968, 0.21368044745, 0.092542534244, 0.061950821094, 0.1205387699, 0.079131104001, 0.1188849546, 0.022319720904, 0.030249561808, 0.17155135632],
      [0.021220852485, 0.11352107694, 0.074939228863, 0.20907706922, 0.17742202318, 0.14655957606, 0.0046930900748, 0.10872828754, 0.016462765016, 0.12737603063],
      [0.0028405256849, 0.041745658239, 0.29344165661, 0.30862630426, 0.23113630078, 3.2618707833e-12, 0.032605422318, 0.009816061619, 0.038786212754, 0.041001857743],
      [0.044771693769, 3.0541877348e-20, 0.21242601847, 0.24911198387, 0.32914928383, 0.025736175774, 0.0022392438193, 0.034859405288, 1.429642381e-29, 0.10170619519],
      [0.039168417599, 0.11247004936, 0.19961666756, 0.077836644499, 0.084883036186, 0.296288711, 0.018016758, 0.067485061841, 0.040271610674, 0.063963043277],
      [0.021170167314, 0.025981939929, 0.0028821623546, 0.096767941975, 0.24717717544, 0.036800753538, 0.02179083988, 0.20196682277, 0.041162637064, 0.30429955973],
      [0.049528141958, 3.3008939302e-70, 0.19928687655, 0.14077912248, 0.30162382266, 0.047276590431, 0.1998053063, 0.017225416033, 0.01619465659, 0.028280066998]
    ],
    [
      [0.16289751216, 0.0092457345398, 0.14828077577, 0.047477491675, 0.13652195278, 0.020064033296, 0.11059497529, 0.091362798804, 0.10786738906, 0.16568733662],
      [0.11029457463, 0.18202624269, 0.036810579555, 0.047805164118, 0.082747609348, 0.04215294113, 0.26523543315, 0.026946917839, 0.086805310724, 0.11917522682],
      [0.028080137844, 0.11622738112, 0.072793872185, 0.18266931609, 0.12578720806, 0.095943646872, 0.011507746843, 0.17873574056, 0.064046711767, 0.12420823866],
      [0.0034467510187, 0.064090044748, 0.22281461859, 0.28083077009, 0.16625270852, 2.2116830181e-12, 0.091063743824, 0.019720668757, 0.10875390974, 0.043026784712],
      [0.081779201084, 5.0181188261e-20, 0.27972205683, 0.19026923432, 0.21587425117, 0.020772984412, 0.0061987121166, 0.084474360171, 4.262591214e-29, 0.12090919989],
      [0.056471840517, 0.1357968076, 0.21299750342, 0.054494703658, 0.044142669447, 0.18055972706, 0.035043401799, 0.15466192384, 0.086901082291, 0.038930340362],
      [0.032946565579, 0.021180435965, 0.0023616074055, 0.0614410867, 0.12444545627, 0.023743151085, 0.058491284575, 0.31570598233, 0.10736927479, 0.2523151553],
      [0.059512243327, 3.1685985666e-70, 0.12129439171, 0.10053448811, 0.16389913923, 0.030608157419, 0.42559782048, 0.026633980942, 0.044283757722, 0.027636021059]
    ],
    [
      [0.27682060826, 0.01707513582, 0.15990966163, 0.074972516658, 0.16813906466, 0.020162347214, 0.064931500923, 0.052352056437, 0.037561842928, 0.12807526547],
      [0.13614833715, 0.31173656189, 0.04474732789, 0.070449791591, 0.10480886551, 0.039142733984, 0.13785493676, 0.017311131106, 0.027680991375, 0.11011932274],
      [0.032605489167, 0.18300819918, 0.052141685039, 0.24537315177, 0.14424177838, 0.096189812409, 0.0055938745604, 0.10103132738, 0.022302450241, 0.11751223188],
      [0.0058908209826, 0.080716197716, 0.19045680352, 0.40323646608, 0.18259506039, 1.8782815961e-12, 0.047933389625, 0.011826013086, 0.042306828888, 0.035038419708],
      [0.096563720581, 6.309550749e-20, 0.21008775309, 0.26434154355, 0.24581657618, 0.015960453502, 0.0034825735643, 0.040180246736, 1.5018109334e-29, 0.1235671328],
      [0.10105729938, 0.18309005502, 0.2054263212, 0.080222452703, 0.054118438614, 0.18459643152, 0.025278093502, 0.08446553993, 0.036983683676, 0.044761684454],
      [0.056869152385, 0.042319918107, 0.0019056222133, 0.11075290625, 0.19570987891, 0.025973923753, 0.042520132385, 0.20866178617, 0.053184415743, 0.26210226407],
      [0.10686466368, 5.9006298304e-70, 0.15254686144, 0.13320205438, 0.24023982891, 0.036165320077, 0.26743570868, 0.01546207083, 0.01825296729, 0.029830524714]
    ],
    [
      [0.24466200331, 0.016717202316, 0.15120195393, 0.049392054186, 0.23524969024, 0.025009336652, 0.072619950498, 0.028656287195, 0.061809089471, 0.1146824322],
      [0.13871810863, 0.29525266751, 0.038270230278, 0.057057802409, 0.145842534, 0.040480582061, 0.16056424112, 0.0082712462554, 0.04578763517, 0.069754952562],
      [0.037209160464, 0.21457414333, 0.045013740471, 0.20105613221, 0.20999258573, 0.1085224076, 0.0064177656303, 0.058496350209, 0.041036125271, 0.077681589081],
      [0.0051121799606, 0.080414186078, 0.16044294812, 0.3255512259, 0.26627935618, 2.5250337688e-12, 0.059647651672, 0.0084049234968, 0.062582153792, 0.031565374795],
      [0.12143296794, 6.7880991774e-20, 0.16182632853, 0.24482603961, 0.35581474873, 0.019616269361, 0.0044139619176, 0.023939829128, 2.7655358813e-29, 0.068129854788],
      [0.08279729137, 0.21526564371, 0.17252687355, 0.067059576458, 0.065355784404, 0.25064188404, 0.028307606391, 0.043232625399, 0.046252852475, 0.0285598622],
      [0.054922567017, 0.042665577209, 0.0021873348954, 0.1161639534, 0.26496332803, 0.03101777018, 0.053387203242, 0.1320219892, 0.071943292894, 0.23072698393],
      [0.12311503277, 5.1929315839e-70, 0.11445260903, 0.111434154, 0.29013723553, 0.036104096196, 0.26347357536, 0.0089402962393, 0.027904274197, 0.024438726693]
    ],
    [
      [0.32006774154, 0.015057331366, 0.12307263746, 0.051065615903, 0.18305655918, 0.030592739642, 0.051483508007, 0.052818015938, 0.040830202582, 0.13195564838],
      [0.16831443107, 0.28867765298, 0.033994521614, 0.047598096278, 0.11298900672, 0.052010373848, 0.13250631841, 0.019790564243, 0.034184912901, 0.10993412194],
      [0.043952124394, 0.14979068926, 0.045242180904, 0.18290579781, 0.16783516469, 0.12361014429, 0.0057997455165, 0.12740476405, 0.027705406736, 0.12575398235],
      [0.0079263004741, 0.081768715502, 0.19710760276, 0.30760257267, 0.22770399045, 3.1995289264e-12, 0.053304583757, 0.017248483785, 0.063148173845, 0.044189576749],
      [0.12610434705, 5.5107837194e-20, 0.17486568791, 0.20866522098, 0.29785001337, 0.021912841196, 0.0030644963681, 0.046740406319, 1.6677842345e-29, 0.12079698681],
      [0.11136618068, 0.14205674369, 0.16921252286, 0.053889342353, 0.058005103751, 0.26748100653, 0.021708866495, 0.091132547571, 0.038898648603, 0.046249037473],
      [0.065069192878, 0.034837861404, 0.0018206308792, 0.087558997495, 0.20678156558, 0.03457361847, 0.040018815036, 0.21372189705, 0.049218110843, 0.26639931037],
      [0.13338175373, 4.863337775e-70, 0.1283693093, 0.11409849619, 0.26605193313, 0.049778071787, 0.23639571085, 0.019819702169, 0.021688964573, 0.030416058265]
    ],
    [
      [0.17219956011, 0.023952751608, 0.17241886042, 0.043446323644, 0.22001496193, 0.020050104877, 0.14413707919, 0.04077598525, 0.07665806793, 0.086346305046],
      [0.06939778825, 0.29029705122, 0.044204069957, 0.026711946763, 0.12022726898, 0.023018704271, 0.28758398725, 0.013886755124, 0.04306592124, 0.081606506949],
      [0.022933863098, 0.18645739002, 0.065745944826, 0.14580976959, 0.2248288007, 0.081525177386, 0.011661920233, 0.092417127721, 0.061493590841, 0.10712641559],
      [0.0033925030771, 0.077363326006, 0.24177281537, 0.22133055597, 0.24908956477, 1.6133310318e-12, 0.10221549529, 0.010468644316, 0.073552853167, 0.020814242031],
      [0.064347911191, 8.5583433261e-20, 0.29194701347, 0.15597714939, 0.34520840799, 0.01429939685, 0.0057962157087, 0.036694944602, 2.3188713278e-29, 0.085728960802],
      [0.056724382342, 0.19746743494, 0.21933408945, 0.046897558429, 0.079082547052, 0.17581865852, 0.047809457124, 0.079644393639, 0.062496629218, 0.034724849291],
      [0.030694307003, 0.0519942352, 0.0019688470413, 0.068658562928, 0.24252942785, 0.015667667605, 0.096418136337, 0.20594893086, 0.09887816829, 0.18724171688],
      [0.058937487132, 4.7144314182e-70, 0.13030585946, 0.070383141407, 0.23862907841, 0.024891076279, 0.41279564431, 0.0085139543289, 0.036718812731, 0.018824945942]
    ],
    [
      [0.2212641251, 0.014926612657, 0.15155888058, 0.058371101772, 0.17922069675, 0.020445960569, 0.060933375792, 0.054689063953, 0.079301902372, 0.15928828045],
      [0.10727195723, 0.32588418941, 0.039862977378, 0.051920739776, 0.0925855854, 0.031773587883, 0.15158787548, 0.018780237867, 0.058686509091, 0.12164634048],
      [0.028980572334, 0.17404443647, 0.062999318074, 0.19403123765, 0.12083930484, 0.088439969591, 0.006111331249, 0.12809952396, 0.05127397507, 0.14518033076],
      [0.00409901315, 0.079294455608, 0.20696489292, 0.32886572009, 0.17444617715, 2.0118080185e-12, 0.050364730417, 0.014173079156, 0.095724654288, 0.046067277218],
      [0.079154515371, 6.5502038167e-20, 0.23834207319, 0.22234906628, 0.25021928343, 0.014194337459, 0.0031197568126, 0.054324629212, 2.793059146e-29, 0.13829633825],
      [0.076884025634, 0.16511916537, 0.22011268927, 0.059136021784, 0.04764478297, 0.18228390376, 0.02323489186, 0.093825548648, 0.076566562608, 0.055192408107],
      [0.039210638921, 0.04065419726, 0.0020097947229, 0.073418524545, 0.18352893341, 0.02330938318, 0.037702238844, 0.23287280626, 0.095257583759, 0.27203589909],
      [0.096882237713, 5.775006517e-70, 0.16027921846, 0.12101829065, 0.22436672201, 0.03390260405, 0.26102308868, 0.02143899923, 0.048315662764, 0.032773176438]
    ],
    [
      [0.29135721213, 0.013026433154, 0.11569746362, 0.046834827939, 0.20681128829, 0.021227745942, 0.048114820611, 0.035912272299, 0.05629201551, 0.16472592051],
      [0.1458493938, 0.22517481899, 0.02793875388, 0.057750190249, 0.1189047193, 0.038161197041, 0.18022468146, 0.0164714697, 0.045593857905, 0.14393091767],
      [0.040431294077, 0.18818966045, 0.039402353195, 0.19445417051, 0.18767328709, 0.078312483511, 0.0059775521212, 0.082699468598, 0.030424152225, 0.15243557822],
      [0.0070197419711, 0.065839723236, 0.19928310545, 0.26973758971, 0.25790505582, 2.2655999842e-12, 0.059327811136, 0.0083580291493, 0.06937759215, 0.063151351385],
      [0.10448179748, 4.7898988875e-20, 0.18509517424, 0.26844077097, 0.2791259808, 0.015265285, 0.0028792886364, 0.031315703039, 1.2800559313e-29, 0.11339599984],
      [0.12692174674, 0.14773253482, 0.2198975107, 0.065915590917, 0.049458376567, 0.15069216898, 0.032981882252, 0.063474477352, 0.07497928944, 0.067946422233],
      [0.065873558106, 0.037031021112, 0.0014214211344, 0.096035050692, 0.17614088868, 0.026946297118, 0.040044853801, 0.14415918767, 0.0606769539, 0.35167076779],
      [0.12315388163, 4.2185592161e-70, 0.13027475896, 0.098333608743, 0.25625334027, 0.032594082629, 0.29119631246, 0.0087953901916, 0.024550989118, 0.034847635993]
    ],
    [
      [0.29375904205, 0.023373156852, 0.10790770155, 0.052542051852, 0.16125515949, 0.037886658408, 0.054032490387, 0.044084253657, 0.080914418574, 0.14424506718],
      [0.11347670224, 0.37184181187, 0.03096078638, 0.034111032404, 0.093652952978, 0.06734257127, 0.15996593295, 0.011615259729, 0.043992131133, 0.07304081906],
      [0.033126028833, 0.2459918514, 0.041840864991, 0.14009540684, 0.10276743854, 0.18894700569, 0.0062721234924, 0.087783219094, 0.041740929007, 0.11143513212],
      [0.005723327831, 0.084135616361, 0.13313110126, 0.31642569554, 0.22886301629, 4.2164750767e-12, 0.074371370922, 0.01489703785, 0.10008348694, 0.042369347],
      [0.11248459309, 8.0170916718e-20, 0.18148605556, 0.21891894028, 0.34382709887, 0.037767165695, 0.0039058804261, 0.034193612629, 2.2865306036e-29, 0.067416653446],
      [0.065557308706, 0.17092756257, 0.13667477081, 0.049625252195, 0.051080391107, 0.34770263942, 0.0280429797, 0.075606436814, 0.049826713735, 0.024955944947],
      [0.05073286957, 0.053093287151, 0.0018521707188, 0.08409916445, 0.23897988192, 0.054443667083, 0.05809318615, 0.17478987671, 0.087731594716, 0.19618430154],
      [0.10140529166, 5.0871065641e-70, 0.10840942539, 0.1219342179, 0.26137849576, 0.073817455072, 0.26071249933, 0.012247667763, 0.031651477172, 0.02844346995]
    ],
    [
      [0.1856587543, 0.0061136463358, 0.18299081764, 0.046909297889, 0.24878867583, 0.013509119394, 0.029410510912, 0.029550789554, 0.081916600955, 0.17515178719],
      [0.10189871872, 0.16103371106, 0.091843025115, 0.076991552276, 0.13174196531, 0.03508762738, 0.10438648083, 0.014274942411, 0.0780316172, 0.2047103597],
      [0.018439360448, 0.09952862764, 0.10282068347, 0.20216791056, 0.19777381686, 0.085539079071, 0.0044066870551, 0.088417332289, 0.028669540297, 0.17223696231],
      [0.0033033238687, 0.040014577458, 0.2619147902, 0.32159497107, 0.18675977742, 1.2487991114e-12, 0.03374102335, 0.010397643426, 0.093826384147, 0.048447509068],
      [0.04434109995, 3.5926284212e-20, 0.31614533947, 0.22188363215, 0.26134015594, 0.013960893004, 0.0016946137227, 0.025291163384, 3.3664035203e-29, 0.11534310238],
      [0.057948008312, 0.11282205427, 0.32385850273, 0.075739773328, 0.066777504354, 0.12451645364, 0.019271903871, 0.073873867841, 0.071227552621, 0.073964379034],
      [0.029805461692, 0.01966185026, 0.0053072003376, 0.086899521333, 0.20090688535, 0.016259614891, 0.027100809595, 0.12864397138, 0.081396575414, 0.40401810975],
      [0.07206011727, 2.4960424721e-70, 0.20644349076, 0.11537201986, 0.3211067333, 0.036279517514, 0.15876221672, 0.011030161779, 0.034588696356, 0.044357046443]
    ],
    [
      [0.20024129869, 0.015656604311, 0.13443517117, 0.082449140532, 0.19539827899, 0.038961884598, 0.11050319017, 0.039454111709, 0.12793377813, 0.054966541703],
      [0.10747041388, 0.19892621351, 0.032476175262, 0.078625150109, 0.13081053439, 0.076125417733, 0.22652042957, 0.026722397281, 0.083438864559, 0.038884403711],
      [0.023068638006, 0.18129055672, 0.054638374037, 0.15770042366, 0.15786830106, 0.1545634987, 0.011019408197, 0.11299448109, 0.048006290254, 0.098850028277],
      [0.0027141015968, 0.056720810451, 0.17000916989, 0.43005323567, 0.12548487701, 2.580293509e-12, 0.06704134124, 0.0089884479493, 0.1263294449, 0.012658571297],
      [0.043512387202, 3.8918308525e-20, 0.20523614658, 0.2720208058, 0.35447826363, 0.023163295508, 0.0048966465183, 0.025583225132, 4.0845620514e-29, 0.071109229631],
      [0.056762292468, 0.14480635817, 0.17547172705, 0.077097305365, 0.042860885012, 0.28042882781, 0.035872765451, 0.067203418478, 0.09267902129, 0.026817398905],
      [0.040642078426, 0.032141179499, 0.0018561901304, 0.14707424191, 0.22266306567, 0.041091153157, 0.054412914003, 0.13642089494, 0.13944909413, 0.18424918813],
      [0.057513063085, 4.3232391164e-70, 0.10661461339, 0.12091576266, 0.24281254023, 0.040497414371, 0.34773685205, 0.01119423112, 0.058504870997, 0.014210652099]
    ],
    [
      [0.23293631912, 0.021747910121, 0.21227604413, 0.048449116777, 0.21014408673, 0.010965718751, 0.047015486196, 0.026442612466, 0.062738819733, 0.12728388598],
      [0.09999747276, 0.39444879879, 0.056655068024, 0.041371241776, 0.12411219643, 0.019374578317, 0.10078334455, 0.0080061730884, 0.05230280391, 0.10294832236],
      [0.029470187373, 0.25559420419, 0.070243971996, 0.17293282708, 0.17511888607, 0.055140894904, 0.0040862055075, 0.069958207314, 0.048646230422, 0.11880838514],
      [0.0042802541528, 0.10382119852, 0.25067182183, 0.25714492644, 0.22566596067, 9.221847116e-13, 0.038516899515, 0.0070069533705, 0.078775736222, 0.034116249272],
      [0.088869119967, 7.6508589724e-20, 0.30803934522, 0.17116832493, 0.27817756683, 0.0097444305856, 0.002549031871, 0.02286300454, 2.5411443569e-29, 0.11858917606],
      [0.085177741844, 0.24256237621, 0.25315451378, 0.046581546844, 0.071102266627, 0.12003817785, 0.02057758364, 0.039900781103, 0.071912259526, 0.048992752578],
      [0.047172347319, 0.067341545833, 0.0032870997093, 0.073255002903, 0.27140944539, 0.015267077286, 0.030421084796, 0.12724713382, 0.10173803528, 0.26286122767],
      [0.10338766325, 6.293841976e-70, 0.20178518838, 0.10345882686, 0.30105322266, 0.019829747851, 0.19040143001, 0.0088259842114, 0.039579046072, 0.0316788907]
    ],
    [
      [0.12401264983, 0.02040385713, 0.15286581166, 0.079320014593, 0.1763643214, 0.021463993195, 0.059101577662, 0.057958343765, 0.11623073236, 0.19227869841],
      [0.05567109951, 0.32071145517, 0.032482247183, 0.072577757017, 0.10938344398, 0.036523347203, 0.13124630621, 0.016377975898, 0.093290333074, 0.13173603474],
      [0.013793757063, 0.17190850448, 0.043314525495, 0.25040346959, 0.14884080899, 0.087798459712, 0.004815611793, 0.1128367362, 0.067420954266, 0.098867172414],
      [0.0018444381179, 0.067231806635, 0.14327302622, 0.37921711198, 0.19375263975, 1.7102046354e-12, 0.038592102519, 0.010809583884, 0.1293489615, 0.035930329389],
      [0.034906651456, 6.4590618089e-20, 0.18452727294, 0.29494327326, 0.28354105369, 0.01815859591, 0.0033663756104, 0.047182607919, 4.7237774947e-29, 0.13337416922],
      [0.043007510141, 0.17766206483, 0.17976098626, 0.086081411116, 0.059148008851, 0.18757390085, 0.023391260515, 0.084586205199, 0.0957794963, 0.063009155948],
      [0.020215348508, 0.040717109307, 0.0017108824119, 0.11121553995, 0.20708559537, 0.024538556622, 0.031079302968, 0.18989263372, 0.13333515805, 0.24020987309],
      [0.047389729883, 5.9945085152e-70, 0.13150322138, 0.17433068444, 0.23194020644, 0.0369078856, 0.26544169134, 0.018487847459, 0.060810375077, 0.033188358382]
    ],
    [
      [0.25969619581, 0.011844401806, 0.10473851551, 0.06652153929, 0.17767604875, 0.021789834483, 0.073252286904, 0.035492415204, 0.028356153996, 0.22063260825],
      [0.074770968173, 0.12926625241, 0.05098545362, 0.054390106031, 0.10956620218, 0.061462805486, 0.33769166792, 0.012102398824, 0.024438137889, 0.14532600747],
      [0.026332513051, 0.081771579384, 0.04989243537, 0.22506838978, 0.15806758506, 0.13730752946, 0.011010431493, 0.093266328095, 0.021890380469, 0.19539282784],
      [0.0034109598402, 0.051071249227, 0.23265837258, 0.31963004679, 0.2121229218, 2.2676545859e-12, 0.074111410231, 0.0074118306972, 0.039577374387, 0.060005834441],
      [0.072282154876, 4.1839538971e-20, 0.21330688, 0.19859389138, 0.29973798954, 0.019951546335, 0.0065209926416, 0.032483633592, 1.1791553806e-29, 0.15712291164],
      [0.077635759141, 0.10193314686, 0.29472415011, 0.04350648089, 0.075382803502, 0.15726040951, 0.037995668981, 0.080788734489, 0.039955684918, 0.090817161603],
      [0.054824956856, 0.033787969856, 0.0023828749452, 0.079767647914, 0.16301590853, 0.04149657151, 0.067856633265, 0.15532686604, 0.042507496298, 0.35903307479],
      [0.085983714948, 2.6746666434e-70, 0.14238281125, 0.085156593986, 0.17541826233, 0.048012838738, 0.39791391233, 0.011985340072, 0.016490751835, 0.036655774509]
    ],
    [
      [0.37194009293, 0.010576870791, 0.10909676322, 0.037648651444, 0.20844429879, 0.015300038169, 0.073099455499, 0.026981243782, 0.058183603615, 0.088728981758],
      [0.18810433598, 0.22451091435, 0.034081749616, 0.044525133333, 0.13503446399, 0.025757944874, 0.19668168297, 0.010201723269, 0.044670216666, 0.09643183496],
      [0.059898641801, 0.11580052128, 0.051405253148, 0.20105297896, 0.23992170777, 0.091426566392, 0.0092863962356, 0.086669053117, 0.041802387675, 0.10273649362],
      [0.0080522878301, 0.056567642563, 0.19050729991, 0.30137526993, 0.24207312361, 1.8938725036e-12, 0.075750567723, 0.0079953422261, 0.078195379172, 0.039483087034],
      [0.12614374708, 3.8587354227e-20, 0.19725612626, 0.15098783762, 0.38005419237, 0.013874266377, 0.0045012219544, 0.02349463469, 2.5018698813e-29, 0.10368797365],
      [0.19055360756, 0.1213073219, 0.17511874363, 0.054239637599, 0.063528731323, 0.19810144662, 0.039770691067, 0.058675721882, 0.065037889309, 0.033666209108],
      [0.10896530605, 0.03383116081, 0.0018731040484, 0.082345770904, 0.26164949727, 0.026947263678, 0.057616468834, 0.13339725174, 0.086398707522, 0.20697546914],
      [0.15538079835, 3.1506840306e-70, 0.12189515852, 0.085162489303, 0.20897458945, 0.029969979887, 0.34258678861, 0.0084896302318, 0.02700667405, 0.020533891605]
    ],
    [
      [0.24852637379, 0.013820758039, 0.2060711838, 0.038027586192, 0.20853290054, 0.026825957316, 0.070087695702, 0.057192218065, 0.062665657212, 0.068249669337],
      [0.13026018625, 0.22710574679, 0.06008702526, 0.040022322261, 0.16394568899, 0.036661230694, 0.20659828234, 0.015967798818, 0.041823416253, 0.077528302345],
      [0.033074384077, 0.14512904968, 0.066263228387, 0.16269961386, 0.19989916966, 0.092536986237, 0.006998345524, 0.13677970171, 0.047598004977, 0.10902151589],
      [0.0072400995645, 0.078673370857, 0.2343720028, 0.28313231932, 0.2223176615, 1.3114789916e-12, 0.067329215998, 0.011355265752, 0.07182920347, 0.023750860741],
      [0.09434777715, 4.4936365956e-20, 0.22751004608, 0.1385419255, 0.33743342718, 0.019273526943, 0.005135528807, 0.057892735613, 2.3882518488e-29, 0.11986503272],
      [0.097594395742, 0.13480001298, 0.24322049069, 0.045183542533, 0.073799428248, 0.22738201519, 0.03247472451, 0.081578097854, 0.04698667132, 0.016980620927],
      [0.058086682189, 0.033242519501, 0.0029324967145, 0.077624296584, 0.22243747771, 0.034704896403, 0.060320397739, 0.26394486049, 0.075794602198, 0.17091177047],
      [0.12193170213, 4.4427437465e-70, 0.1459615276, 0.087141334588, 0.2835789931, 0.04160032427, 0.2573379889, 0.015421183252, 0.030464180847, 0.016562765315]
    ],
    [
      [0.1676495064, 0.016871159794, 0.15993705477, 0.07946979828, 0.20029082295, 0.040581012557, 0.045823404608, 0.084170851405, 0.053082048366, 0.15212434088],
      [0.075375844349, 0.33274297632, 0.041294430624, 0.069607944147, 0.11529709209, 0.067406812311, 0.11660279572, 0.02586981233, 0.036759618584, 0.11904267352],
      [0.017074937808, 0.15820798366, 0.047613363082, 0.20547558773, 0.13992276976, 0.13013097209, 0.0036592709663, 0.15414997491, 0.029094575924, 0.11467056407],
      [0.0030106709284, 0.075802166732, 0.17226545229, 0.37632400843, 0.21638084239, 3.2196114414e-12, 0.041201518837, 0.015979413944, 0.058170545331, 0.04086538111],
      [0.056449482475, 5.2519475462e-20, 0.1975938629, 0.26078929419, 0.27372136918, 0.026190935237, 0.0025362185455, 0.060272616266, 1.8907235167e-29, 0.1224462212],
      [0.048037418659, 0.14463167018, 0.1776220527, 0.071701524263, 0.051644452138, 0.30000312528, 0.016741117777, 0.10553486725, 0.043443075731, 0.040640696018],
      [0.026042337511, 0.04003192821, 0.0018644069841, 0.10464517649, 0.19625307498, 0.032812258616, 0.030354015635, 0.2719098947, 0.052473838582, 0.24361306828],
      [0.063146468027, 5.686539083e-70, 0.14408540487, 0.15329721754, 0.26732038079, 0.06728403626, 0.22018456484, 0.020602593928, 0.029456304672, 0.034623029074]
    ],
    [
      [0.30183340281, 0.024621514568, 0.11358085773, 0.049572709606, 0.22877672523, 0.014597817945, 0.05084729579, 0.042212276893, 0.074120156388, 0.099837243041],
      [0.12013989289, 0.43283305002, 0.028003216406, 0.044087766505, 0.11019755794, 0.019666281731, 0.10027615911, 0.0096842161096, 0.055820535689, 0.079291323607],
      [0.048055794273, 0.24595364619, 0.042718774931, 0.18200843654, 0.19080539918, 0.06257572294, 0.0054455414404, 0.08698783323, 0.05359647097, 0.081852380311],
      [0.0063993892429, 0.12679656714, 0.16455015012, 0.27307030618, 0.24892512565, 1.1509238176e-12, 0.041787286626, 0.0093429758145, 0.093839223108, 0.035288976107],
      [0.13344367939, 8.4762438666e-20, 0.18557213536, 0.20505435979, 0.33137462772, 0.010422672911, 0.0031638770473, 0.035945161822, 2.8450609221e-29, 0.095023485958],
      [0.11056003242, 0.26714823308, 0.15722667925, 0.064712417997, 0.068442041351, 0.1314576515, 0.020868348771, 0.063635598644, 0.071777491858, 0.044171505133],
      [0.061692889033, 0.065772920054, 0.0016984116426, 0.088155352812, 0.23104585077, 0.018458693059, 0.033975761602, 0.17461418488, 0.10115013587, 0.22343580028],
      [0.12818536388, 7.9017282019e-70, 0.11766985662, 0.11771472041, 0.30333968838, 0.021455028806, 0.2369720244, 0.011987203217, 0.042903636694, 0.019772477586]
    ],
    [
      [0.22569582237, 0.0072253508368, 0.23145159423, 0.046675096473, 0.14995224859, 0.010171631467, 0.10217820072, 0.036884016327, 0.063351603828, 0.12641443516],
      [0.12911973503, 0.13587910266, 0.075207489922, 0.055615817452, 0.11508613689, 0.019945252799, 0.26848188489, 0.013967813782, 0.060579221242, 0.12611754534],
      [0.040878187413, 0.094381945403, 0.12067270127, 0.21265944789, 0.1619860335, 0.058543529414, 0.011608849703, 0.097156956515, 0.057320393182, 0.14479195571],
      [0.0041851677054, 0.031407173397, 0.32853932002, 0.26922668867, 0.15690278015, 8.4825744196e-13, 0.082876768703, 0.0088419258836, 0.08283943069, 0.035180744779],
      [0.093792375353, 2.3231499131e-20, 0.35150045859, 0.18928206192, 0.20935647728, 0.0068216405585, 0.0048772931605, 0.030739734576, 2.2909147802e-29, 0.11362995856],
      [0.096951288504, 0.072139728868, 0.39290518256, 0.055846136644, 0.052176927474, 0.10297620353, 0.046289950929, 0.064984234117, 0.065585378706, 0.050144968672],
      [0.058822223987, 0.020907464486, 0.0038020803988, 0.093678116391, 0.19815775778, 0.012510638109, 0.084399527812, 0.17185254047, 0.086570397584, 0.26929925298],
      [0.086998374092, 1.8155404572e-70, 0.20133764462, 0.087955345504, 0.17463601926, 0.014147534266, 0.36956621767, 0.01098134321, 0.029817287947, 0.024560233434]
    ],
    [
      [0.21877138449, 0.011955256841, 0.13344428158, 0.061781750704, 0.15189976994, 0.0298446832, 0.053840027606, 0.078797595928, 0.094166975556, 0.16549827416],
      [0.11018394151, 0.25061385759, 0.042704751194, 0.046470390182, 0.097244934279, 0.048913186689, 0.13784013154, 0.026401195542, 0.084266985431, 0.15536062604],
