{
  "X": [
    [3, 72, 85, 25],
    [23, 54, 170, 17],
    [8, 30, 104, 9],
    [7, 36, 24, 8],
    [26, 181, 248, 30],
    [3, 44, 30, 5],
    [11, 139, 65, 14],
    [5, 25, 53, 12],
    [9, 323, 341, 58],
    [4, 18, 24, 2],
    [14, 71, 72, 6],
    [1, 15, 32, 3],
    [4, 41, 116, 9],
    [72, 938, 1782, 194],
    [14, 146, 264, 20],
    [32, 203, 850, 78],
    [42, 407, 490, 81],
    [40, 537, 426, 76],
    [15, 225, 307, 53],
    [78, 1300, 1910, 260],
    [1, 69, 62, 25],
    [1, 1, 10, 1],
    [10, 143, 185, 26],
    [9, 145, 96, 15],
    [0, 41, 19, 3],
    [3, 39, 19, 6],
    [2, 19, 18, 3],
    [18, 277, 344, 61],
    [17, 254, 283, 55],
    [6, 87, 92, 17],
    [13, 165, 238, 27],
    [12, 322, 338, 37],
    [2, 28, 43, 7],
    [11, 260, 322, 55],
    [0, 5, 6, 2],
    [4, 39, 82, 7],
    [2, 11, 10, 1],
    [2, 12, 8, 3],
    [4, 16, 46, 4],
    [10, 45, 61, 18],
    [31, 436, 454, 59],
    [2, 12, 13, 4],
    [4, 44, 155, 12],
    [28, 205, 495, 40],
    [19, 208, 566, 45],
    [12, 187, 504, 57],
    [21, 292, 635, 48],
    [7, 202, 358, 41],
    [11, 46, 192, 22],
    [6, 88, 165, 29],
    [19, 93, 444, 37],
    [3, 20, 278, 21],
    [1, 3, 9, 0],
    [13, 69, 84, 12],
    [11, 58, 67, 16],
    [7, 46, 69, 17],
    [7, 48, 45, 9],
    [0, 8, 25, 2],
    [11, 206, 302, 50],
    [44, 523, 458, 53],
    [6, 76, 142, 25],
    [4, 25, 71, 7],
    [47, 517, 681, 103],
    [81, 291, 539, 61],
    [202, 958, 1621, 276],
    [119, 752, 1047, 205]
  ],
  "W": [
    [5, 74, 86, 13, 7],
    [65, 104, 65, 5, 25],
    [16, 85, 40, 1, 9],
    [10, 18, 41, 0, 6],
    [59, 180, 201, 25, 20],
    [3, 20, 55, 2, 2],
    [11, 48, 156, 9, 5],
    [7, 41, 34, 4, 9],
    [32, 219, 415, 45, 20],
    [2, 21, 20, 1, 4],
    [20, 56, 75, 9, 3],
    [7, 24, 17, 1, 2],
    [7, 98, 55, 7, 3],
    [137, 1397, 1214, 131, 107],
    [18, 212, 182, 19, 13],
    [54, 774, 264, 24, 47],
    [74, 403, 446, 65, 32],
    [65, 334, 586, 57, 37],
    [21, 260, 282, 26, 11],
    [219, 1412, 1584, 194, 139],
    [3, 44, 73, 22, 15],
    [3, 8, 2, 0, 0],
    [39, 133, 158, 18, 16],
    [21, 59, 159, 15, 11],
    [2, 18, 40, 0, 3],
    [4, 13, 43, 2, 5],
    [5, 14, 17, 0, 6],
    [35, 218, 382, 40, 25],
    [17, 206, 322, 42, 22],
    [12, 49, 111, 18, 12],
    [15, 159, 230, 15, 24],
    [23, 219, 420, 30, 17],
    [3, 32, 39, 3, 3],
    [27, 238, 327, 33, 23],
    [0, 5, 8, 0, 0],
    [7, 57, 58, 4, 6],
    [2, 6, 12, 0, 4],
    [1, 7, 14, 1, 2],
    [9, 37, 19, 2, 3],
    [13, 43, 57, 8, 13],
    [100, 304, 488, 40, 48],
    [3, 7, 15, 3, 3],
    [7, 142, 55, 5, 6],
    [64, 348, 288, 36, 32],
    [25, 454, 309, 24, 26],
    [28, 397, 280, 18, 37],
    [32, 472, 431, 30, 31],
    [20, 263, 259, 32, 34],
    [13, 168, 64, 11, 15],
    [12, 100, 135, 26, 15],
    [29, 393, 124, 27, 20],
    [8, 266, 29, 9, 10],
    [0, 7, 6, 0, 0],
    [13, 67, 80, 6, 12],
    [14, 52, 64, 10, 12],
    [14, 60, 44, 9, 12],
    [8, 32, 49, 12, 8],
    [1, 19, 12, 2, 1],
    [32, 223, 252, 37, 25],
    [74, 331, 594, 44, 35],
    [14, 116, 93, 10, 16],
    [7, 63, 28, 2, 7],
    [95, 474, 678, 37, 64],
    [150, 418, 335, 21, 48],
    [215, 1431, 1151, 122, 138],
    [123, 886, 918, 82, 114]
  ],
  "method": "mult",
  "cond_prob": [
    [
      [0.25141337605, 0.30787453349, 0.42550889685, 0.015203193608],
      [0.0024940576007, 0.022469582102, 0.8788674036, 0.096168956701],
      [0.01521356423, 0.7413524386, 0.17774820285, 0.065685794325],
      [9.2102422692e-05, 0.37127246218, 0.053370059075, 0.57526537632],
      [0.035544143148, 0.030718075597, 0.26515877668, 0.66857900457]
    ],
    [
      [0.30251073507, 0.15800560322, 0.53742139717, 0.0020622645322],
      [0, 0, 0.97459992732, 0.025400072679],
      [0.024571162305, 0.628292508, 0.32552650362, 0.02160982608],
      [0.00041109046364, 0.45441910434, 0.11906811728, 0.42610168792],
      [0.069504848727, 0.024741089957, 0.47818613684, 0.42756792448]
    ],
    [
      [0.3554438535, 0.21407805738, 0.4245275323, 0.0059505568247],
      [0, 0, 0.96364484972, 0.036355150281],
      [0.039829741041, 0.64620580049, 0.28731926775, 0.026645190722],
      [0.00063201673683, 0.45057521233, 0.097743542084, 0.45104922885],
      [0.079897409522, 0.030660427771, 0.41191477836, 0.47752738435]
    ],
    [
      [0.45355922149, 0.26988439919, 0.26373403824, 0.012822341082],
      [0.012409722853, 0.030549009993, 0.86261548554, 0.094425781615],
      [0.042730143027, 0.79345387744, 0.11167175289, 0.052144226645],
      [0.00057419443675, 0.39104822671, 0.045842643081, 0.56253493577],
      [0.081516151605, 0.036610808849, 0.2095065016, 0.67236653794]
    ],
    [
      [0.31576071833, 0.27120372545, 0.40785103415, 0.0051845220706],
      [0.0049605513272, 0.020276813094, 0.93927122226, 0.035491413323],
      [0.024623720703, 0.73435890454, 0.22086383944, 0.020153535325],
      [0.00054193059055, 0.51526938431, 0.087780715555, 0.39640796955],
      [0.075715112678, 0.043063971106, 0.41399096818, 0.46722994804]
    ],
    [
      [0.38693629036, 0.25940892273, 0.34580304602, 0.0078517408918],
      [0.0062048632547, 0.020944959357, 0.91690829382, 0.055941883569],
      [0.028445552683, 0.76075552097, 0.17952411979, 0.031274806549],
      [0.00053119039952, 0.44416639535, 0.065617259288, 0.48968515496],
      [0.074763042749, 0.03649380022, 0.30968193913, 0.5790612179]
    ],
    [
      [0.42171840241, 0.28784243909, 0.28319642238, 0.0072427361169],
      [0.0095574461578, 0.033249722786, 0.89486828836, 0.062324542692],
      [0.034619950005, 0.82993390738, 0.10899470522, 0.026451437396],
      [0.00077563501823, 0.50410808931, 0.053927433778, 0.44118884189],
      [0.098929448384, 0.04621682421, 0.28852811885, 0.56632560855]
    ],
    [
      [0.40118293577, 0.20399488483, 0.3840087155, 0.010813463892],
      [0, 0, 0.93109251126, 0.068907488737],
      [0.044376702462, 0.64368065696, 0.26237422455, 0.049568416029],
      [0.00070748479294, 0.37160527452, 0.077687514401, 0.54999972628],
      [0.075564625192, 0.022274707922, 0.32285248195, 0.57930818493]
    ],
    [
      [0.15109820403, 0.3095585201, 0.52905982858, 0.010283447288],
      [0.00093159033257, 0.0065553958016, 0.94299897234, 0.049514041525],
      [0.0082765337127, 0.70163518625, 0.25519549237, 0.034892787676],
      [6.8027330277e-06, 0.4395129135, 0.085533758494, 0.47494652527],
      [0.026288578716, 0.035090613818, 0.38990810395, 0.54871270352]
    ],
    [
      [0.60486014474, 0.17898212705, 0.21488753391, 0.0012701943103],
      [0.024798416165, 0.054134291049, 0.90550806493, 0.015559227851],
      [0.068988273596, 0.78235165905, 0.14492965396, 0.0037304133949],
      [0.0020625743298, 0.63119036659, 0.084656973883, 0.28209008519],
      [0.2219212312, 0.056748021556, 0.39282637889, 0.32850436835]
    ],
    [
      [0.4429151316, 0.25043791458, 0.30476075044, 0.0018862033693],
      [0.017412928171, 0.035901059594, 0.92218732658, 0.024498685654],
      [0.04966336478, 0.77812111583, 0.16302017734, 0.009195342051],
      [0.0023387993602, 0.6071246753, 0.083569590679, 0.30696693466],
      [0.14025727919, 0.052525535391, 0.42788502868, 0.37933215674]
    ],
    [
      [0.13637816215, 0.31492195317, 0.54070370214, 0.0079961825423],
      [0, 0, 0.96083989273, 0.039160107275],
      [0, 0.72198387892, 0.25239080906, 0.025625312021],
      [0, 0.45189536339, 0.083893571179, 0.46421106543],
      [0.022676432477, 0.034962511398, 0.39018966721, 0.55217138892]
    ],
    [
      [0.31585632171, 0.23287719385, 0.44520621095, 0.0060602734938],
      [0, 0, 0.96699642547, 0.033003574526],
      [0.028715293976, 0.65431116474, 0.29300249849, 0.023971042797],
      [0.00041246403899, 0.46848267033, 0.101645894, 0.42945897164],
      [0.068925777035, 0.034455630053, 0.43041605069, 0.46620254222]
    ],
    [
      [0.27147239025, 0.25997118823, 0.46149136715, 0.0070650543644],
      [0.0025906325313, 0, 0.95914779269, 0.038261574778],
      [0.020447892201, 0.68915140683, 0.2646041279, 0.025796573061],
      [0.00034515314648, 0.47237797411, 0.095635585351, 0.43164128739],
      [0.059067408363, 0.036192754288, 0.42138825565, 0.4833515817]
    ],
    [
      [0.34684292513, 0.24311660031, 0.40574520935, 0.0042952652093],
      [0.0058060373532, 0.0087292384304, 0.96040226413, 0.025062460086],
      [0.029121977201, 0.70787427421, 0.2477016705, 0.015302078089],
      [0.00072023929165, 0.54629482531, 0.10326716809, 0.34971776731],
      [0.093235617832, 0.043121773828, 0.46519430858, 0.39844829976]
    ],
    [
      [0.33029957684, 0.23407223564, 0.42809904619, 0.007529141322],
      [0.002356178637, 0, 0.95311729535, 0.04452652601],
      [0.033963443181, 0.67516811117, 0.2599078503, 0.030960595346],
      [0.0005466970855, 0.44112955014, 0.091100164966, 0.46722358781],
      [0.071503635224, 0.032523589859, 0.39080400986, 0.50516876506]
    ],
    [
      [0.33690978141, 0.28129537389, 0.37386648936, 0.0079283553352],
      [0.0065049276011, 0.03405736513, 0.90716667475, 0.052271032521],
      [0.026930416236, 0.76147306715, 0.18144907036, 0.030147446251],
      [0.00065846287647, 0.48465460123, 0.070452892904, 0.44423404299],
      [0.07479451951, 0.041858973625, 0.35124957633, 0.53209693053]
    ],
    [
      [0.32580892871, 0.3080992633, 0.35869412032, 0.0073976876724],
      [0.0058645454393, 0.040211603814, 0.90287392238, 0.051049928368],
      [0.024035911282, 0.80616946185, 0.14439815947, 0.025396467397],
      [0.00052086118615, 0.51498444374, 0.064991555514, 0.41950313956],
      [0.074295361025, 0.047931196602, 0.3460311349, 0.53174230748]
    ],
    [
      [0.31302103712, 0.27092662265, 0.40461619467, 0.011436145553],
      [0.0045458416535, 0.018564429792, 0.90443586213, 0.072453866424],
      [0.023497621311, 0.72264893486, 0.2066978767, 0.047155567132],
      [0.00038563829999, 0.39797854783, 0.066071230927, 0.53556458295],
      [0.055298507742, 0.031758845936, 0.30391659311, 0.60902605321]
    ],
    [
      [0.21912799398, 0.29076874052, 0.48206411535, 0.0080391501566],
      [0.0013181985148, 0.0088647811754, 0.94756678815, 0.042250232161],
      [0.013863288045, 0.71120591763, 0.24755447619, 0.027376318134],
      [9.8072824348e-05, 0.47391346104, 0.089308367796, 0.43668009834],
      [0.044397112415, 0.038238775779, 0.41015496575, 0.50720914606]
    ],
    [
      [0.11050399838, 0.369263613, 0.50843915595, 0.011793232671],
      [0.00078290804909, 0.023769832471, 0.91499829252, 0.060448966957],
      [0.0052042563885, 0.76813058765, 0.18669190866, 0.039973247302],
      [0, 0.46034004531, 0.063268369747, 0.47639158494],
      [0.016941955622, 0.043021509134, 0.34628961297, 0.59374692228]
    ],
    [
      [0.31839345069, 0, 0.66331486813, 0.018291681175],
      [0, 0, 0.90392521208, 0.09607478792],
      [0.022409823958, 0.5, 0.38932684948, 0.088263326558],
      [0, 0, 0, 1],
      [0, 0, 0, 1]
    ],
    [
      [0.20080485188, 0.31963503982, 0.47162868321, 0.0079314250989],
      [0, 0.022004635818, 0.93505813165, 0.042937232537],
      [0.0096810036986, 0.74713784478, 0.21748045971, 0.025700691808],
      [0, 0.49306582268, 0.082066895534, 0.42486728178],
      [0.039938262028, 0.042790787442, 0.40028956828, 0.51698138225]
    ],
    [
      [0.26795413178, 0.32516266786, 0.40163563131, 0.0052475690393],
      [0.0032240867142, 0.028569529958, 0.93227899369, 0.035927389639],
      [0.015577997039, 0.80165220102, 0.16903112112, 0.013738680828],
      [0.00016678803709, 0.56246917401, 0.076989796518, 0.36037424144],
      [0.063939887877, 0.053294921421, 0.41185417359, 0.47091101711]
    ],
    [
      [0, 0.56216265607, 0.42876635999, 0.0090709839337],
      [0, 0.072858601843, 0.87804482239, 0.049096575765],
      [0, 0.95871627549, 0.03495145977, 0.0063322647372],
      [0, 0.5740711211, 0.049643532696, 0.37628534621],
      [0, 0.071856278324, 0.31320069538, 0.61494302629]
    ],
    [
      [0.38094490187, 0.31028086805, 0.30071634766, 0.008057882424],
      [0.0063841884197, 0.033498190742, 0.8946123718, 0.065505249035],
      [0.023753913298, 0.84001297171, 0.10987975736, 0.02635335764],
      [0.00040593823614, 0.48007108789, 0.050737368051, 0.46878560582],
      [0.074199158954, 0.048540017799, 0.26817389471, 0.60908692854]
    ],
    [
      [0.28222578841, 0.38418146208, 0.3335927495, 0],
      [0.0087345172682, 0.089836927991, 0.89137576765, 0.01005278709],
      [0.0042078578128, 0.8984393322, 0.097352809989, 0],
      [0.00038272970833, 0.60912629732, 0.065382063337, 0.32510890964],
      [0.065842372226, 0.091317841724, 0.36629628926, 0.47654349679]
    ],
    [
      [0.26046382093, 0.25090814794, 0.47877602066, 0.0098520104661],
      [1.3346822353e-05, 0, 0.94757930376, 0.052407349417],
      [0.020068211864, 0.65774856211, 0.2820169238, 0.040166302228],
      [0.00020519354677, 0.40559829403, 0.088855767469, 0.50534074495],
      [0.048263679441, 0.029373293449, 0.37543421864, 0.54692880847]
    ],
    [
      [0.33425541229, 0.25283275045, 0.4043827906, 0.0085290466583],
      [0.0052892003483, 0.011615482444, 0.9292893743, 0.053805942911],
      [0.026972472888, 0.70838238718, 0.22847209367, 0.036173046271],
      [0.00053044198111, 0.43932291264, 0.078880830622, 0.48126581476],
      [0.069121267555, 0.034471038979, 0.35503965491, 0.54136803855]
    ],
    [
      [0.26336309018, 0.2517522547, 0.47885682438, 0.0060278307439],
      [0.0026713338181, 0.0030246342729, 0.96121277949, 0.033091252416],
      [0.01828034773, 0.67451267837, 0.2877061705, 0.019500803401],
      [0.00013316388642, 0.47457418187, 0.10457337128, 0.42071928296],
      [0.056436001065, 0.034793607614, 0.44471552533, 0.46405486599]
    ],
    [
      [0.31521821589, 0.23483150003, 0.44414246063, 0.0058078234444],
      [0.0019518242766, 0, 0.96566430947, 0.032383866255],
      [0.026878769599, 0.66692965284, 0.28508255371, 0.02110902385],
      [0.00052827676582, 0.48331413789, 0.10396097681, 0.41219660854],
      [0.073806064269, 0.034749803261, 0.44453482829, 0.44690930418]
    ],
    [
      [0.21295353074, 0.28974838203, 0.49042248323, 0.0068756040088],
      [0.0021905338719, 0.0085806699115, 0.95403301388, 0.035195782337],
      [0.013906482319, 0.70888747511, 0.25558386982, 0.021622172749],
      [0.00024538118255, 0.50113055144, 0.096283517717, 0.40234054966],
      [0.045544580322, 0.040586141888, 0.44431305827, 0.46955621952]
    ],
    [
      [0.31669451234, 0.23894536473, 0.43437454973, 0.0099855732033],
      [0, 0, 0.94087219038, 0.059127809622],
      [0.022956066837, 0.66827725218, 0.26568311829, 0.043083562693],
      [0.00024559818958, 0.3798347714, 0.077702985655, 0.54221664475],
      [0.051297687263, 0.026948918856, 0.33140522949, 0.59034816439]
    ],
    [
      [0.20751879297, 0.30071939971, 0.48127661842, 0.010485188901],
      [0.0016271700236, 0.010988771065, 0.93167378455, 0.055710274359],
      [0.012720275202, 0.71599820172, 0.23348571022, 0.037795812856],
      [0.00011427579741, 0.4341451501, 0.078316057282, 0.48742451682],
      [0.036801088341, 0.035088990415, 0.36230058458, 0.56580933666]
    ],
    [
      [0, 0.34860003784, 0.60230030744, 0.049099654712],
      [0, 0, 0.81647408854, 0.18352591146],
      [0, 0.625, 0.23970369466, 0.13529630534],
      [0, 0.0073549568033, 0.0013121004685, 0.99133294273],
      [0, 0, 0, 1]
    ],
    [
      [0.30647984508, 0.21526869394, 0.47307750133, 0.0051739596478],
      [0, 0, 0.97304891678, 0.026951083224],
      [0.024890764639, 0.61111563238, 0.34414466558, 0.019848937399],
      [0.00040833489273, 0.46664011293, 0.11500083062, 0.41795072156],
      [0.068223899303, 0.03030866875, 0.46737921806, 0.43408821388]
    ],
    [
      [0.4826944658, 0.23575916444, 0.28154636976, 0],
      [0.010466461291, 0.044118432028, 0.94541510668, 0],
      [0.013981669115, 0.82934549267, 0.15667283822, 0],
      [0.00097229259826, 0.67445980096, 0.091771067632, 0.23279683881],
      [0.20100806782, 0.077906291743, 0.47108564044, 0.25]
    ],
    [
      [0.65993275084, 0.16540803945, 0.16850586995, 0.0061533397576],
      [0.020078011867, 0.035561731093, 0.86415243462, 0.080207822424],
      [0.067120382057, 0.79415605543, 0.096491434543, 0.042232127969],
      [0.0017349551516, 0.39738980974, 0.040919465269, 0.55995576983],
      [0.12905043107, 0.03504262856, 0.19531376943, 0.64059317093]
    ],
    [
      [0.35021645981, 0.22579101171, 0.41911841211, 0.0048741163727],
      [0, 0, 0.96770509696, 0.032294903044],
      [0.032501693184, 0.68086855178, 0.26375882781, 0.022870927221],
      [0.00047391055076, 0.46572930293, 0.094571098836, 0.43922568768],
      [0.076523956715, 0.033306601631, 0.40742859249, 0.48274084916]
    ],
    [
      [0.43611356318, 0.20813048296, 0.34421945495, 0.011536498913],
      [0.012334491662, 0.0023113060217, 0.91452944431, 0.070824758007],
      [0.045856351438, 0.67958697535, 0.22218581786, 0.052370855355],
      [0.0015800078266, 0.38948156793, 0.070841449359, 0.53809697488],
      [0.090283726361, 0.026354417257, 0.30531213595, 0.57804972043]
    ],
    [
      [0.22308470547, 0.31967320914, 0.45120206904, 0.006040016351],
      [0.0012356541361, 0.025949009692, 0.93667178527, 0.036143550904],
      [0.012153745212, 0.76354240839, 0.20564977527, 0.018654071123],
      [8.1001857967e-05, 0.53081459765, 0.08494604696, 0.38415835353],
      [0.049617142875, 0.04797710289, 0.42451329505, 0.47789245919]
    ],
    [
      [0.42050115429, 0.20011714996, 0.37254144709, 0.0068402486667],
      [0.0049781703556, 0.001435100782, 0.94769636902, 0.045890359841],
      [0.031202324153, 0.67335596929, 0.26368792538, 0.031753781175],
      [0.00028479357188, 0.40420152963, 0.083885528162, 0.51162814864],
      [0.078253367211, 0.025552905465, 0.34717520347, 0.54901852386]
    ],
    [
      [0.29351132734, 0.26013677913, 0.4395094979, 0.0068423956266],
      [0.0028215136937, 0.0048852427083, 0.95394841956, 0.038344824036],
      [0.021280106089, 0.70671336505, 0.24628297203, 0.025723556825],
      [0.00041513207721, 0.47843243009, 0.090977286307, 0.43017515153],
      [0.062047378148, 0.03732347553, 0.41038467389, 0.49024447243]
    ],
    [
      [0.28858337083, 0.21595370573, 0.49123735836, 0.0042255650829],
      [0, 0, 0.97756791239, 0.022432087607],
      [0.025318083895, 0.59966911384, 0.3577213841, 0.017291418166],
      [0.00035783495062, 0.484787859, 0.12436797611, 0.39048632994],
      [0.069567938966, 0.031934222585, 0.49581780602, 0.40268003243]
    ],
    [
      [0.31088037274, 0.22190959821, 0.46097818702, 0.0062318420328],
      [0, 0, 0.96706830999, 0.032931690014],
      [0.030343301747, 0.61694352358, 0.32770204073, 0.025011133946],
      [0.0005063534767, 0.45793075252, 0.10835755086, 0.43320534314],
      [0.070759921475, 0.031783584574, 0.44484695325, 0.4526095407]
    ],
    [
      [0.2161311645, 0.2506687732, 0.52382820695, 0.0093718553518],
      [0, 0, 0.95371466316, 0.046285336844],
      [0.016046492909, 0.61302667896, 0.3356223235, 0.035304504628],
      [0.00022521864664, 0.40681667973, 0.096551780207, 0.49640632141],
      [0.039223120109, 0.027327135309, 0.40529476507, 0.52815497951]
    ],
    [
      [0.2740149146, 0.23343706653, 0.48681004706, 0.0057379718068],
      [0, 0, 0.9715991268, 0.028400873202],
      [0.023796717604, 0.62422041897, 0.33098084246, 0.021002020964],
      [0.00041859875405, 0.48141054123, 0.11448903436, 0.40368182565],
      [0.063309015576, 0.033828937308, 0.47547988758, 0.42738215954]
    ],
    [
      [0.16086573577, 0.29619111434, 0.53618543482, 0.0067577150739],
      [0, 0, 0.97087228375, 0.029127716251],
      [0.010272259433, 0.69038208018, 0.28051796344, 0.018827696946],
      [7.9453435892e-05, 0.49858239064, 0.10392857567, 0.39740958025],
      [0.032930222992, 0.038605366071, 0.46932393307, 0.45914047787]
    ],
    [
      [0.42132601943, 0.18532902947, 0.38680972092, 0.0065352301846],
      [0, 0, 0.95766195117, 0.042338048832],
      [0.063408209141, 0.60396995974, 0.30066075278, 0.031961078344],
      [0.00091011198076, 0.41247880614, 0.097356995285, 0.4892540866],
      [0.096975008712, 0.026625221744, 0.38473671372, 0.49166305582]
    ],
    [
      [0.23994222331, 0.2121498942, 0.5396275761, 0.0082803063852],
      [0, 0, 0.96106381663, 0.038936183365],
      [0.018186136714, 0.55768357122, 0.39138480519, 0.032745486878],
      [0, 0.37871748276, 0.11831816181, 0.50296435543],
      [0.044370990923, 0.021350973551, 0.43365776772, 0.5006202678]
    ],
    [
      [0.37172472976, 0.20006768828, 0.42252004932, 0.0056875326467],
      [0, 0, 0.96804549586, 0.031954504144],
      [0.051798793597, 0.60082253615, 0.32120386122, 0.026174809034],
      [0.00072193718156, 0.44760191847, 0.10756821979, 0.44410792456],
      [0.088872006356, 0.030539537955, 0.42857089863, 0.45201755706]
    ],
    [
      [0.23547416277, 0.21193062666, 0.54386513215, 0.008730078425],
      [0, 0, 0.96194440528, 0.038055594724],
      [0.024070491087, 0.50665937456, 0.4335905535, 0.035679580849],
      [0.0002847574285, 0.37385183172, 0.10823256875, 0.5176308421],
      [0.041559963949, 0.024676663889, 0.42236479693, 0.51139857524]
    ],
    [
      [1, 0, 0, 0],
      [0, 0, 1, 0],
      [0.16666666667, 0.5, 0.33333333333, 0],
      [0.0060722820507, 0.78293522017, 0.21099249778, 0],
      [0.55048570928, 0.024012536631, 0.42550175409, 0]
    ],
    [
      [0.46949743997, 0.2259705714, 0.30023513294, 0.004296855685],
      [0.01709818206, 0.032352739091, 0.9127634627, 0.03778561615],
      [0.052018935837, 0.75286506901, 0.17648332611, 0.018632669048],
      [0.0016352229727, 0.52117942108, 0.077958489964, 0.39922686598],
      [0.1316357398, 0.044872250468, 0.36294785355, 0.46054415619]
    ],
    [
      [0.43781937834, 0.23992432234, 0.31501523889, 0.0072410604406],
      [0.014131280887, 0.028897247431, 0.90223875173, 0.05473271995],
      [0.044862417416, 0.74943423266, 0.17418461288, 0.031518737044],
      [0.0018719709119, 0.46857621449, 0.066799734824, 0.46275207977],
      [0.10381563945, 0.040737465498, 0.32146324939, 0.53398364566]
    ],
    [
      [0.33877065416, 0.29771396028, 0.35307410786, 0.010441277701],
      [0.0059310918206, 0.047756854861, 0.87943642373, 0.066875629589],
      [0.024587081401, 0.77750917266, 0.16079874384, 0.037105002103],
      [0.00050916161976, 0.46757102236, 0.058689103321, 0.4732307127],
      [0.067910941363, 0.045670872182, 0.30728586729, 0.57913231916]
    ],
    [
      [0.43798484667, 0.24367028563, 0.31574614737, 0.0025987203367],
      [0.012035175208, 0.032772398929, 0.92720779156, 0.027984634305],
      [0.042626244974, 0.77181633939, 0.17769150953, 0.0078659061011],
      [0.0022790130068, 0.56460563155, 0.077640081048, 0.35547527439],
      [0.12437018252, 0.050956592552, 0.39560206894, 0.42907115598]
    ],
    [
      [1.2325951644e-32, 0.29642916649, 0.69602159155, 0.0075492419603],
      [0, 0, 0.98049608869, 0.019503911312],
      [0, 0.56799684613, 0.41389827175, 0.018104882116],
      [0, 0.42971562578, 0.11648767214, 0.45379670208],
      [0, 0.028177428386, 0.47479811805, 0.49702445356]
    ],
    [
      [0.20798381891, 0.29202319132, 0.49065311781, 0.009339871957],
      [0.00094627892102, 0.0064129915422, 0.94418526814, 0.048455461398],
      [0.012553647422, 0.7053566526, 0.24938200566, 0.032707694317],
      [0, 0.44831547695, 0.08570075062, 0.46598377243],
      [0.038799137803, 0.035504466494, 0.38922368938, 0.53647270632]
    ],
    [
      [0.32619008611, 0.2912607146, 0.37751290235, 0.0050362969347],
      [0.005794176061, 0.031593979119, 0.92776495712, 0.034846887702],
      [0.025178298402, 0.78222616938, 0.17660984626, 0.015985685962],
      [0.00060383545688, 0.5586063327, 0.081304599451, 0.35948523239],
      [0.084616666876, 0.050516479445, 0.4140055248, 0.45086132888]
    ],
    [
      [0.25375177884, 0.28238845982, 0.45324879726, 0.010610964088],
      [0.0016090690833, 0.0093852816252, 0.92873627885, 0.060269370437],
      [0.016542449841, 0.71173411839, 0.23212438475, 0.039599047018],
      [0.00017373145145, 0.42328057068, 0.07633008022, 0.50021561765],
      [0.045039870806, 0.033361886069, 0.34813999419, 0.57345824893]
    ],
    [
      [0.34610196367, 0.25918590257, 0.38918813381, 0.0055239999453],
      [0.0048045030255, 0.021318328212, 0.9392196826, 0.03465748616],
      [0.025692266326, 0.73340865868, 0.21927346898, 0.021625606008],
      [0.00055002398706, 0.50737309128, 0.085276796564, 0.40680008816],
      [0.079159865516, 0.04177933986, 0.39923319066, 0.47982760396]
    ],
    [
      [0.28752526584, 0.26109063659, 0.44211726668, 0.0092668308835],
      [0.0033922915722, 0.006171332504, 0.93791920019, 0.05251717573],
      [0.021274218417, 0.69488741063, 0.24753122723, 0.036307143722],
      [0.0003695787328, 0.43276027752, 0.082742671876, 0.48412747187],
      [0.056868110003, 0.033209113178, 0.36777356014, 0.54214921668]
    ],
    [
      [0.38704201723, 0.23638879021, 0.37043548279, 0.0061337097732],
      [0.013015628496, 0.014098398817, 0.92948368563, 0.043402287053],
      [0.038794700507, 0.7101612514, 0.224043816, 0.02700023209],
      [0.0010245171955, 0.47410472888, 0.084481645675, 0.44038910825],
      [0.093446357768, 0.037256921609, 0.37670216807, 0.49259455255]
    ],
    [
      [0.46386712402, 0.21576266122, 0.31203480277, 0.0083354119774],
      [0.018794115135, 0.022498492996, 0.89425596742, 0.064451424454],
      [0.052183029071, 0.71457320931, 0.19395232867, 0.039291432946],
      [0.0016504363899, 0.42859816474, 0.069190354188, 0.50056104468],
      [0.10949398461, 0.033716988016, 0.3083469168, 0.54844211057]
    ],
    [
      [0.43706847255, 0.22889143973, 0.3250581547, 0.0089819330186],
      [0.013793957203, 0.023095399657, 0.89575883173, 0.067351811411],
      [0.045455812864, 0.72384628079, 0.18857753928, 0.04212036706],
      [0.0012394015253, 0.42639938031, 0.067376749548, 0.50498446861],
      [0.098149690006, 0.034457840899, 0.30470568014, 0.56268678895]
    ]
  ],
  "expected_outcome": [
    [
      [1.2570668802, 19.6631977797, 5.6871016559, 4.5355922149, 18.6298823815, 1.1608088711, 4.6389024265, 2.8082805504, 4.8351425291, 1.2097202895, 8.8583026321, 0.95464713505, 2.210994252, 37.1917174644, 6.2431726523, 17.8361771495, 24.9313238242, 21.1775803664, 6.5734417795, 47.9890306806, 0.33151199514, 0.95518035208, 7.8313892232, 5.6270367674, 0, 1.5237796075, 1.4111289421, 9.1162337327, 5.682342009, 3.1603570822, 4.7282732384, 4.8979312069, 0.95008353702, 5.6030074103, 0, 2.1453589156, 0.9653889316, 0.65993275084, 3.1519481382, 5.6694763213, 22.3084705467, 1.2615034629, 2.0545792914, 18.4693357332, 7.7720093185, 6.0516726059, 8.7684772673, 3.2173147153, 5.4772382525, 2.8793066797, 10.7800171629, 1.8837933021, 0, 6.1034667196, 6.1294712967, 4.7427891582, 3.5038787733, 1.2325951644e-32, 6.6554822053, 24.1380663722, 3.5525249037, 2.4227137457, 27.3149002551, 58.0563025848, 99.7314316651, 53.7594221238],
      [1.5393726675, 10.2703642095, 3.4252489181, 2.6988439919, 16.0010198017, 0.77822676819, 3.16626683, 1.4279641938, 9.9058726433, 0.35796425409, 5.0087582917, 2.2044536722, 1.6301403569, 35.6160527877, 4.3760988056, 12.6399007248, 20.8158576681, 20.0264521142, 5.6894590757, 63.6783541742, 1.107790839, 0, 12.4657665529, 6.8284160251, 1.1243253121, 1.2411234722, 1.9209073104, 8.7817851781, 4.2981567577, 3.0210270564, 3.5224725005, 6.6642127867, 0.71683609418, 8.1194237921, 0, 1.5068808576, 0.47151832888, 0.16540803945, 2.0321191054, 2.7056962785, 31.967320914, 0.60035144987, 1.8209574539, 13.8210371667, 5.5477399552, 7.0187256496, 7.469986129, 5.9238222868, 2.4092773831, 2.5457987304, 5.8019629601, 1.6954450133, 0, 2.9376174282, 3.3589405127, 4.1679954439, 1.949362285, 0.29642916649, 9.3447421221, 21.5532928806, 3.9534384374, 1.814301318, 24.8036104759, 35.4583185308, 46.3889721632, 28.1536470872],
      [2.1275444843, 34.9323908162, 6.7924405167, 2.6373403824, 24.0632110146, 1.0374091381, 3.1151606462, 2.6880610085, 16.9299145144, 0.42977506781, 6.0952150088, 3.784925915, 3.1164434767, 63.2243173, 7.3034137684, 23.1173484943, 27.6661202129, 23.3151178207, 8.4969400881, 105.572041261, 1.5253174678, 1.9899446044, 18.393518645, 8.4343482576, 0.85753271998, 1.2028653906, 1.6679637475, 16.7571607229, 6.8745074402, 5.7462818925, 6.6621369095, 11.2797171142, 1.3031236492, 12.9944686973, 0, 3.3115425093, 0.56309273952, 0.16850586995, 3.772065709, 4.4748529143, 45.1202069042, 1.1176243413, 3.0765664853, 31.4391909349, 11.5244546754, 14.6671897946, 15.5779215059, 10.7237086964, 5.0285263719, 6.4755309132, 12.2530814302, 4.3509210572, 0, 3.9030567282, 4.4102133444, 4.9430375101, 2.525969179, 0.69602159155, 15.70089977, 27.9359547741, 6.3454831616, 2.7243169367, 42.001140335, 55.5653224185, 67.0874825965, 39.9821530277],
      [0.07601596804, 0.13404719459, 0.095208909195, 0.12822341082, 0.30588680217, 0.023555222675, 0.079670097286, 0.075694247247, 0.32907031323, 0.0025403886207, 0.037724067387, 0.055973277796, 0.042421914457, 0.96791244792, 0.077314773768, 0.40657363139, 0.5866982948, 0.48084969871, 0.24015905662, 1.7605738843, 0.035379698013, 0.054875043524, 0.30932557886, 0.11019894983, 0.018141967867, 0.032231529696, 0, 0.34482036631, 0.14499379319, 0.072333968927, 0.087117351666, 0.1581388922, 0.02995671961, 0.28310010032, 0, 0.036217717534, 0, 0.0061533397576, 0.043867047354, 0.14997448587, 0.6040016351, 0.020520746, 0.047896769387, 0.2704361653, 0.15579605082, 0.26241194985, 0.18361509782, 0.13515430148, 0.0849579924, 0.099363676622, 0.16493844675, 0.0698406274, 0, 0.055859123905, 0.10137484617, 0.14617788782, 0.020789762694, 0.0075492419603, 0.29887590262, 0.37268597316, 0.14855349724, 0.038667999617, 0.88034893393, 0.92005646599, 1.7921135751, 1.1047777613]
    ],
    [
      [0.18456026245, 0, 0, 0.22337501136, 0.8928992389, 0.12409726509, 0.45875741557, 0, 0.20401828283, 0.52076673947, 0.97512397759, 0, 0, 3.6191136462, 1.2308799189, 1.8236822651, 2.6214858232, 1.9587581767, 1.1819188299, 1.861296303, 0.03444795416, 0, 0, 0.19022111614, 0, 0.082994449455, 0.12228324175, 0.002909607273, 1.0895752717, 0.13089535709, 0.31034005999, 0.47972691794, 0, 0.38726646563, 0, 0, 0.062798767745, 0.14054608307, 0, 0.53038314148, 0.37563885738, 0.034847192489, 0.40065494451, 0, 0, 0, 0, 0, 0, 0, 0, 0, 0, 1.145578198, 0.73482660611, 0.35586550923, 0.38512560667, 0, 0.21102019939, 1.9178722762, 0.18665201367, 0.30268369061, 1.6079462052, 5.4405327113, 26.8943787579, 12.2214460815],
      [1.6627490755, 0, 0, 0.54988217987, 3.6498263569, 0.41889918713, 1.5959866937, 0, 1.4356316805, 1.136820112, 2.0104593373, 0, 0, 0, 1.8505985472, 0, 13.7251181474, 13.430675674, 4.8267517458, 12.5170710196, 1.0458726287, 0, 2.9266165638, 1.6856022675, 1.3114548332, 0.43547647965, 1.2577169919, 0, 2.3927893834, 0.14820707937, 0, 1.8791667106, 0, 2.6153275136, 0, 0, 0.26471059217, 0.24893211765, 0, 0.099386158934, 7.8884989462, 0.010045705474, 0.69370446458, 0, 0, 0, 0, 0, 0, 0, 0, 0, 0, 2.1676335191, 1.5026568664, 2.8654112916, 1.0487167657, 0, 1.4300971139, 10.4576070885, 1.0886926685, 1.3430546773, 2.9252116069, 5.8931307057, 32.1953434766, 20.4625240964],
      [65.0361878662, 101.3583924414, 81.9098122261, 15.5270787397, 169.0688200061, 18.3381658764, 42.9536778415, 38.1747929618, 206.5167749427, 19.0156693636, 51.6424902885, 23.0601574254, 94.7656496964, 1339.9294663886, 203.6052799957, 737.7127866028, 365.5881699235, 301.5598900744, 235.1533241541, 1337.9643048656, 40.259924871, 7.2314016966, 124.3627315088, 55.0044606276, 15.8048068031, 11.6299608334, 12.4792607471, 206.5722882198, 191.4336111052, 47.0994261951, 153.5406252055, 208.9332300395, 30.1079100921, 221.7383607234, 4.0823704427, 55.4637882562, 5.6724906401, 6.0490670423, 35.8050885874, 39.3247661053, 284.7482227217, 6.6338745832, 135.4606755779, 340.1936335128, 439.0490127336, 378.6247212729, 458.5947878485, 255.3394106259, 160.8872077963, 96.1063816635, 380.4418798713, 255.8772118033, 7, 61.1551520008, 46.9164150901, 52.7661854238, 29.6706493298, 18.6294256851, 210.5533147951, 307.0902008058, 107.7334083471, 59.170840004, 444.5737008918, 388.5241805948, 1279.6802893718, 793.6423249119],
      [7.1165027958, 2.6416075586, 3.0901877739, 1.6996640691, 6.3884543981, 1.1188376714, 2.9915780492, 2.8252070382, 10.8435750939, 0.32674378488, 1.3719263966, 0.93984257459, 3.2343503036, 53.4514199651, 5.3132415382, 34.4635311321, 21.0652261059, 17.0506760748, 18.8380052702, 59.6573278119, 2.6597545461, 0.76859830336, 5.7106519274, 2.1197159887, 0.88373836377, 0.85156823745, 0.14073901925, 11.4248021729, 11.0840242397, 1.6214713684, 5.1490347345, 7.7078763319, 1.8920899079, 13.2590452974, 0.91762955729, 1.5362117438, 0, 0.56145475697, 1.1949114126, 3.0454645943, 10.9876394747, 0.32123251889, 5.444965013, 7.8063664872, 14.9509872664, 18.3752787271, 13.4052121515, 7.6605893741, 7.1127922037, 3.8936183365, 12.5581201287, 10.1227881967, 0, 2.5316362821, 2.8461014374, 4.0125377754, 0.89550829777, 0.37057431493, 10.8055678917, 11.5343198295, 6.9912469707, 2.1834216281, 24.8931412961, 18.1421559882, 92.2299883937, 59.6737049102]
    ],
    [
      [1.3083665238, 1.5971255498, 1.5931896416, 1.7519358641, 4.9493678613, 1.5645053975, 5.4007122008, 1.5088078837, 3.4347614908, 1.3797654719, 3.7247523585, 0, 1.5793411687, 24.8237411323, 5.3001998505, 8.9663489999, 12.0109656413, 14.0850440113, 6.6263292096, 21.9594482629, 0.37991071636, 0.044819647916, 1.5295985844, 2.4769015292, 0, 1.0214182718, 0.071533582817, 7.6660569322, 8.6851362699, 2.029118598, 6.1821170077, 5.8407225742, 0.89528660662, 4.1595299909, 0, 1.4436643491, 0.16778002938, 0.93968534879, 0.61753217051, 2.6138120319, 5.9310276636, 0.46803486229, 1.1704058349, 7.2916081617, 9.3760802397, 4.4930180144, 10.2563852872, 2.660515193, 4.058125385, 2.4551284564, 6.423050406, 0.69804424151, 1, 4.161514867, 2.8711947146, 1.0818315817, 2.0886860037, 0, 3.1635191503, 14.9559092509, 1.5384478352, 0.71938345714, 14.4239200864, 12.99622467, 60.0626664608, 41.7284362089],
      [63.7563097194, 40.8390130199, 25.8482320196, 32.5316089751, 147.6061398116, 41.8415536535, 129.4696895515, 21.8851423368, 291.1786022921, 15.6470331811, 58.3590836872, 12.2737259416, 35.9871140606, 836.6298078952, 128.8331179066, 178.2443813485, 339.6169879488, 472.4153046445, 203.7869996297, 1126.5501735303, 56.0735328984, 1, 118.0477794759, 127.4626999616, 38.3486510197, 36.1205577834, 15.2734686474, 251.2599507244, 228.0991286705, 74.8709072992, 153.3938201529, 297.7327395473, 26.062812835, 234.1314119616, 5, 35.4447066782, 9.952145912, 11.118184776, 12.9365024838, 38.7364575947, 372.608695295, 10.1003395394, 38.8692350778, 172.7047047867, 190.6355487854, 171.6474701087, 269.0390005775, 178.8089587661, 38.6540774232, 75.2872821147, 74.5019944822, 14.6931218623, 3, 60.2292055205, 47.96379089, 34.210403597, 37.8190006302, 6.8159621536, 177.7498764544, 464.6423446113, 66.1912730101, 20.5354424431, 471.1336644054, 237.9040192198, 822.4737639156, 664.4908857684],
      [15.2863454448, 21.1592227351, 11.4927707099, 4.5785418683, 44.3936317269, 9.8738265887, 17.003174014, 8.9207236345, 105.9061293317, 2.8985930791, 12.2265133005, 4.290643754, 16.1151374169, 321.2294112759, 45.0817040306, 68.6156724803, 80.9262853821, 84.6173214494, 58.2888012294, 392.126290282, 13.6285093322, 0.77865369897, 34.3619126342, 26.8759482575, 1.3980583908, 4.7248295663, 1.6549977698, 107.7304648925, 73.5680141605, 31.9353849252, 65.568987354, 107.3452253241, 10.3616416133, 76.3498272436, 1.9176295573, 19.9603906036, 1.8800740586, 1.3508800836, 5.0114177285, 12.6645916181, 100.3570903335, 3.9553188807, 13.5455634619, 103.0237586197, 101.2599305857, 93.9742505811, 142.6527430998, 72.6541525318, 19.2422881778, 52.8369487004, 39.8292787916, 12.5741260515, 2, 14.1186660886, 11.1478152246, 7.0751447288, 8.7068839671, 4.9667792611, 62.8442654274, 104.9062486763, 21.587567782, 6.1396571316, 167.8261720647, 75.0546783601, 223.2391303027, 173.1141810614],
      [5.648978312, 1.4046386952, 1.0658076289, 2.1379132924, 4.0508606003, 1.7201143602, 4.1264242337, 1.685326145, 14.4805068854, 0.074608267899, 0.68965065382, 0.43563030435, 1.3184073538, 31.3170396966, 2.7849782123, 8.1735971714, 13.4457610278, 14.8823298948, 13.2978699313, 43.3640879248, 2.918047053, 0.17652665312, 4.0607093056, 2.1844502517, 0.25329058949, 1.1331943785, 0, 15.3435274509, 11.6477208991, 2.1645891776, 4.8550754854, 9.0813125544, 1.680258945, 12.3592308039, 1.0823704427, 1.1512383692, 0, 0.59124979157, 0.43454761719, 2.9851387552, 9.1031867079, 0.47630671763, 1.4147956254, 4.9799284319, 7.7284403892, 9.8852612957, 9.0518710354, 4.876373509, 2.045509014, 4.4206407285, 3.2456763202, 1.0347078446, 0, 1.4906135239, 2.0171991708, 1.6326200925, 0.38542939896, 0.21725858539, 8.242338968, 9.4954974615, 3.6827113727, 0.60551696824, 24.6162434435, 9.0450777501, 45.224439321, 38.6664969614]
    ],
    [
      [0.001197331495, 0.0020554523182, 0.00063201673683, 0, 0.013548264764, 0.001062380799, 0.0069807151641, 0.0028299391718, 0.00030612298624, 0.0020625743298, 0.021049194242, 0, 0.002887248273, 0.045215062189, 0.013684546541, 0.013120730052, 0.042800086971, 0.029689087611, 0.0100265958, 0.019026127923, 0, 0, 0, 0.0025018205563, 0, 0.00081187647229, 0, 0.0082077418709, 0.022278563207, 0.0023969499555, 0.0079241514873, 0.0073614354765, 0.00073679456874, 0.0037711013144, 0, 0.0016333395709, 0, 0.0017349551516, 0.00094782110152, 0.012640062613, 0.0032400743187, 0.00085438071565, 0.002075660386, 0.012882058222, 0.012152483441, 0.0040539356395, 0.012557962622, 0.0025425099486, 0.010011231788, 0, 0.019492303902, 0.0025628168565, 0, 0.0098113378364, 0.018719709119, 0.0045824545778, 0.027348156082, 0, 0, 0.026568760103, 0.0017373145145, 0.0011000479741, 0.013674413114, 0.021514861105, 0.20135323956, 0.10163092507],
      [4.8265420084, 2.2720955217, 0.45057521233, 0, 12.8817346077, 0.8883327907, 4.5369728038, 1.4864210981, 19.7780811077, 0.63119036659, 5.4641220777, 0.45189536339, 3.2793786923, 61.8815146082, 10.3796016808, 10.5871092033, 31.5025490797, 29.354113293, 10.3474422435, 91.9392114426, 10.1274809968, 0, 8.8751848083, 8.4370376101, 0, 0.96014217578, 0, 16.2239317613, 18.4515623309, 8.5423352737, 7.2497120684, 15.0339165433, 1.1395043142, 14.3267899532, 0, 1.8665604517, 0, 0.39738980974, 0.93145860586, 3.1158525435, 21.232583906, 1.2126045889, 2.3921621505, 17.4523629239, 10.9903380605, 7.3227002352, 14.442316237, 15.9546365006, 4.5372668675, 9.8466545517, 12.0852517987, 3.3646664855, 0, 3.1270765265, 4.6857621449, 4.2081392012, 6.7752675786, 0.85943125157, 16.5876726473, 24.578678639, 4.2328057068, 1.0147461826, 16.0121302684, 9.9561993065, 52.2889760983, 34.9647491856],
      [0.69381076797, 0.59534058638, 0.097743542084, 0, 2.1945178889, 0.13123451858, 0.485346904, 0.3107500576, 3.8490191322, 0.084656973883, 0.75212631611, 0.083893571179, 0.71152125799, 12.528261681, 1.9620761938, 2.1864039592, 4.5794380388, 3.7045186643, 1.7178520041, 17.3258233523, 1.3919041344, 0, 1.4772041196, 1.1548469478, 0, 0.1014747361, 0, 3.5542306988, 3.3129948861, 1.8823206831, 1.5594146521, 2.8885055315, 0.23310895696, 2.5844298903, 0, 0.46000332246, 0, 0.040919465269, 0.18914219767, 0.56673159487, 3.3978418784, 0.25165658449, 0.45488643153, 4.4772471401, 2.6005812207, 1.7379320437, 3.4346710308, 3.3257144214, 1.0709269481, 3.076272207, 2.9043419343, 0.97409311873, 0, 0.46775093978, 0.66799734824, 0.52820192989, 0.93168097258, 0.23297534428, 3.170927773, 3.5774023758, 0.7633008022, 0.17055359313, 3.0614788594, 1.7741145592, 8.4412232109, 5.5248934629],
