{
  "Z_true": {},
  "V_true": [
    [1082, 1561, 754, 177],
    [423, 6627, 698, 373],
    [213, 406, 15959, 544],
    [61, 675, 443, 669],
    [111, 260, 1054, 734]
  ],
  "p_true": [
    [0.3027, 0.4368, 0.211, 0.0495],
    [0.0521, 0.816, 0.086, 0.0459],
    [0.0124, 0.0237, 0.9321, 0.0318],
    [0.033, 0.3653, 0.2397, 0.362],
    [0.0514, 0.1204, 0.4882, 0.34]
  ],
  "Z_est": [
    [
      [26, 7, 10, 4, 12, 21, 10, 6, 17, 4, 6, 3, 0.5592, 5, 0.1284, 7, 0, 0.339, 6, 8, 11, 9, 5, 6, 11, 0, 1.7342, 0.631, 1.9971, 18, 4, 25, 7.0013],
      [107, 38, 55, 25, 58, 60, 30, 22, 58, 13, 33, 13, 1.419, 25, 0.393, 26, 0.7252, 2.158, 18, 55, 25, 34, 28, 9, 51, 0.8876, 3.6568, 0.6464, 3.0041, 104, 14, 88, 17.0008],
      [143, 37, 69, 26, 91, 167, 122, 52, 120, 23, 46, 23, 2.9104, 44, 1.1394, 57, 1.1408, 3.2379, 36, 83, 89, 96, 71, 39, 146, 1.1124, 8.0669, 6.4521, 10.9919, 211, 24, 155, 43.9945],
      [25, 9, 11, 8, 17, 9, 8, 5, 18, 4, 7, 4, 0.1114, 7, 0.3393, 7, 0.134, 0.2651, 6, 13, 4, 8, 9, 2, 13, 0, 0.5421, 0.2704, 2.0068, 30, 2, 22, 1.0034]
    ],
    [
      [50, 20, 24, 9, 21, 21, 12, 8, 25, 9, 18, 6, 1.5327, 16, 0.5598, 13, 0, 1.1593, 8, 25, 7, 16, 15, 5, 18, 0, 1.2189, 0.6999, 2.9972, 49, 8, 51, 4.016],
      [211, 121, 164, 82, 111, 69, 40, 37, 99, 49, 137, 65, 7.8802, 93, 1.7294, 73, 1.9626, 9.823, 36, 206, 23, 58, 88, 14, 100, 5.6558, 3.8247, 1.0064, 6.9922, 316, 51, 190, 16.9681],
      [283, 119, 207, 83, 175, 186, 159, 85, 203, 84, 186, 113, 11.4507, 163, 5.4432, 155, 3.5622, 12.247, 68, 306, 77, 164, 222, 53, 280, 6.3442, 7.2215, 4.2093, 23.0081, 633, 83, 330, 41.0063],
      [50, 28, 35, 27, 32, 10, 11, 9, 31, 15, 30, 19, 1.1364, 26, 1.2676, 21, 0.4752, 2.7707, 12, 48, 4, 13, 28, 3, 25, 0, 0.735, 0.0844, 4.0026, 90, 9, 47, 1.0096]
    ],
    [
      [71, 18, 34, 11, 39, 67, 56, 18, 62, 15, 23, 10, 2.1613, 26, 1.9731, 29, 0, 1.2983, 19, 36, 32, 43, 34, 20, 59, 0, 3.2901, 4.3359, 4.0041, 99, 13, 99, 16.9712],
      [309, 125, 226, 95, 201, 214, 195, 94, 245, 80, 179, 111, 12.5623, 159, 4.0071, 159, 4.1797, 11.44, 81, 307, 94, 177, 211, 50, 319, 7.5518, 10.1688, 5.1044, 17.9961, 634, 87, 370, 57.034],
      [410, 121, 288, 98, 320, 597, 779, 218, 509, 139, 241, 195, 24.706, 278, 15.8047, 343, 8.8386, 18.1399, 163, 458, 326, 491, 531, 209, 905, 9.4482, 22.5481, 50.1159, 58.0061, 1276, 149, 645, 151.9996],
      [72, 29, 48, 31, 59, 33, 54, 24, 79, 24, 39, 33, 1.5705, 45, 4.2151, 47, 0.9818, 3.1219, 29, 72, 16, 41, 68, 14, 80, 0, 1.9931, 0.4438, 9.9937, 182, 17, 91, 4.9952]
    ],
    [
      [13, 3, 5, 2, 6, 5, 3, 1, 6, 2, 3, 1, 0.0753, 3, 0.1933, 2, 0, 0.0932, 3, 4, 1, 2, 3, 1, 4, 0, 0, 0.2077, 0.0009, 11, 1, 8, 0.0023],
      [59, 23, 36, 20, 31, 15, 10, 8, 24, 12, 24, 16, 0.8826, 22, 0.364, 12, 0.2998, 1.1838, 13, 39, 5, 9, 22, 3, 24, 0.4206, 0, 0.1443, 1.003, 73, 10, 32, 0.0001],
      [80, 26, 47, 20, 49, 45, 44, 22, 51, 24, 34, 30, 0.9934, 41, 1.9582, 27, 0.6189, 1.3651, 29, 60, 21, 30, 56, 17, 70, 0.5794, 0, 1.6218, 5.9964, 148, 17, 57, 0.003],
      [13, 5, 8, 8, 10, 3, 2, 2, 8, 4, 5, 5, 0.0488, 6, 0.4844, 4, 0.0814, 0.3579, 5, 9, 1.3097e-08, 2, 7, 2, 6, 0, 0, 0.0261, 0.9997, 22, 3, 8, 0.9947]
    ],
    [
      [11, 3, 5, 2, 7, 6, 4, 1, 8, 2, 3, 2.2452e-07, 0.6716, 3, 0.1454, 4, 0, 0.1102, 2, 4, 2, 4, 3, 1, 7, 0, 0.7568, 0.1255, 0.0007, 12, 1, 12, 1.0092],
      [50, 25, 34, 19, 37, 20, 14, 10, 33, 14, 27, 10, 1.256, 23, 0.5065, 26, 0.8328, 1.3952, 11, 40, 7, 16, 20, 4, 39, 0.4842, 2.3497, 0.0985, 2.0046, 78, 7, 47, 2.997],
      [68, 25, 44, 19, 58, 56, 60, 23, 70, 25, 37, 19, 2.9395, 41, 1.6546, 56, 1.8395, 2.0102, 22, 59, 27, 47, 53, 18, 111, 0.5158, 5.1635, 1.6009, 6.9975, 157, 12, 82, 8.9966],
      [14, 8, 9, 7, 12, 5, 6, 4, 13, 6, 7, 5, 0.133, 8, 0.6936, 9, 0.3277, 0.4844, 6, 11, 4, 6, 8, 3, 11, 0, 0.7299, 0.1752, 1.9972, 23, 2, 13, 0.9972]
    ]
  ],
  "V_est": [
    [253.3903, 1018.8909, 2049.0464, 252.6724],
    [466.1838, 2488.8424, 4531.4923, 634.4815],
    [967.034, 4852.0441, 10048.6069, 1254.3151],
    [93.5727, 546.2982, 1058.1363, 149.9929],
    [109.8193, 622.9245, 1220.7181, 205.5381]
  ],
  "p_est": [
    [0.0709, 0.2851, 0.5733, 0.0707],
    [0.0574, 0.3065, 0.558, 0.0781],
    [0.0565, 0.2834, 0.5869, 0.0733],
    [0.0506, 0.2956, 0.5726, 0.0812],
    [0.0509, 0.2885, 0.5654, 0.0952]
  ],
  "EI_Z": {},
  "EI_V": 38.3763,
  "MAE_Z": {},
  "MAE_V": 1259.6621,
  "MAE_p": 0.1834,
  "runtime": 0.2434
}
