{
  "X": [
    [0, 4, 17, 5, 3],
    [8, 9, 91, 30, 3],
    [20, 25, 159, 247, 39],
    [6, 6, 11, 73, 9],
    [11, 16, 19, 83, 7],
    [85, 122, 1092, 776, 88],
    [41, 59, 281, 362, 64],
    [22, 31, 31, 387, 31],
    [6, 3, 39, 36, 4],
    [13, 35, 101, 391, 41],
    [2, 6, 20, 8, 3],
    [32, 54, 146, 674, 44],
    [8, 22, 45, 131, 14],
    [66, 93, 698, 459, 62],
    [16, 32, 104, 277, 30],
    [15, 52, 97, 284, 31],
    [16, 27, 171, 182, 28],
    [10, 19, 52, 117, 12],
    [33, 52, 359, 520, 62],
    [6, 24, 89, 147, 11],
    [10, 32, 131, 261, 18],
    [52, 65, 122, 577, 46],
    [31, 68, 116, 476, 31],
    [15, 22, 52, 157, 13],
    [29, 57, 172, 350, 47],
    [29, 48, 91, 262, 28],
    [24, 35, 104, 343, 27],
    [0, 0, 26, 12, 0],
    [7, 4, 11, 22, 4],
    [2, 1, 1, 22, 2],
    [1, 3, 9, 19, 0],
    [16, 43, 122, 264, 27],
    [1, 4, 3, 5, 1],
    [0, 1, 9, 18, 1],
    [4, 4, 27, 34, 4],
    [42, 101, 367, 396, 70],
    [247, 605, 1792, 3560, 409],
    [49, 71, 244, 649, 70],
    [140, 151, 558, 1340, 159],
    [12, 9, 57, 82, 6]
  ],
  "W": [
    [1, 4, 18, 4, 2],
    [8, 32, 83, 5, 13],
    [13, 248, 176, 23, 30],
    [4, 87, 9, 2, 3],
    [3, 99, 20, 11, 3],
    [98, 674, 1083, 161, 147],
    [37, 337, 297, 78, 58],
    [14, 405, 33, 32, 18],
    [1, 38, 40, 6, 3],
    [17, 389, 100, 47, 28],
    [0, 8, 25, 5, 1],
    [22, 710, 131, 53, 34],
    [6, 127, 38, 31, 18],
    [88, 361, 667, 151, 111],
    [20, 263, 112, 36, 28],
    [10, 273, 108, 62, 26],
    [22, 173, 156, 34, 39],
    [9, 112, 53, 22, 14],
    [49, 476, 334, 85, 82],
    [10, 139, 80, 33, 15],
    [15, 253, 126, 40, 18],
    [27, 609, 108, 75, 43],
    [24, 493, 112, 68, 25],
    [9, 158, 51, 30, 11],
    [25, 352, 166, 77, 35],
    [24, 267, 90, 48, 29],
    [25, 355, 102, 37, 14],
    [2, 12, 19, 3, 2],
    [3, 25, 13, 4, 3],
    [1, 24, 0, 2, 1],
    [0, 19, 9, 3, 1],
    [9, 253, 126, 51, 33],
    [1, 5, 4, 3, 1],
    [1, 18, 8, 1, 1],
    [4, 28, 29, 8, 4],
    [55, 357, 325, 161, 78],
    [210, 3491, 1702, 748, 462],
    [46, 655, 229, 78, 75],
    [100, 1344, 590, 183, 131],
    [22, 67, 57, 9, 11]
  ],
  "method": "mult",
  "cond_prob": [
    [
      [2.2725973344e-32, 0.027506142057, 0.3568917605, 0.42287394534, 0.19272815211],
      [5.6814933359e-33, 0.06312697201, 0.0025809664518, 0.81587623576, 0.11841582578],
      [0, 0.052223462004, 0.89107700641, 0.017476147927, 0.039223383663],
      [0, 0.65365297433, 0.017590702858, 0.14107767815, 0.18767864466],
      [0, 0.082675878245, 0.26151772348, 0.21736986816, 0.43843653011]
    ],
    [
      [0.43147191088, 0.019326219543, 0.2644994458, 0.25791952202, 0.026782901759],
      [0.063551460601, 0.078653367463, 0.099054810056, 0.7292525666, 0.029487795278],
      [0.023524977789, 0.011210549947, 0.96479285873, 0, 0.00047161353253],
      [0.016188611537, 0.75141667016, 0.024474845403, 0.16146395189, 0.046455921006],
      [0.03700475073, 0.12622488372, 0.42415915463, 0.29178784101, 0.12082336991]
    ],
    [
      [0.33537985039, 0.011549860849, 0.21529467486, 0.34750171353, 0.090273900371],
      [0.039260668537, 0.036031500844, 0, 0.84599948638, 0.078708344243],
      [0.027383341161, 0.01417801039, 0.83698888491, 0.096993388944, 0.024456374593],
      [0.01588662799, 0.50484988797, 0.024321888547, 0.26560328867, 0.18933830683],
      [0.023951855325, 0.060238744922, 0.27772406819, 0.31649643364, 0.32158889792]
    ],
    [
      [0.37234215522, 0.013805798004, 0.23412226857, 0.29473995852, 0.08498981968],
      [0.048058344472, 0.051201153391, 0.010116364053, 0.80721260576, 0.083411532321],
      [0.02464123375, 0.0079459848097, 0.91171035681, 0.040973847252, 0.014728577379],
      [0.01508114839, 0.59820879861, 0.023262624279, 0.20194857358, 0.16149885514],
      [0.025874003166, 0.074115000808, 0.31048959777, 0.27362723071, 0.31589416755]
    ],
    [
      [0.52302471192, 0.014571508337, 0.1742863995, 0.24555807222, 0.042559308017],
      [0.079387216782, 0.079068363553, 0, 0.79086543491, 0.050678984754],
      [0.057702626299, 0.020632088616, 0.8655772819, 0.046109857563, 0.0099781456268],
      [0.024281546743, 0.67237980692, 0.019924247867, 0.19161743191, 0.091796966567],
      [0.050147287567, 0.10656594494, 0.31547614569, 0.31255294163, 0.21525768018]
    ],
    [
      [0.31573946231, 0.011407870533, 0.25570312743, 0.36645708842, 0.050692451305],
      [0.037057836804, 0.035227822696, 0.0025472488801, 0.88257243866, 0.042594652956],
      [0.021055592545, 0.0018210579416, 0.93055463462, 0.039897189694, 0.0066715252017],
      [0.016460361053, 0.53249241352, 0.031417124055, 0.3043700113, 0.11526009007],
      [0.024675005658, 0.064183618119, 0.35629538437, 0.36068811849, 0.19415787336]
    ],
    [
      [0.36308670347, 0.010847082769, 0.21349731427, 0.33416410132, 0.078404798173],
      [0.04466320751, 0.035292876851, 0, 0.84841393978, 0.071629975863],
      [0.031817345666, 0.013216024426, 0.85555507728, 0.079182801999, 0.020228750626],
      [0.018645202409, 0.50380080139, 0.025967194405, 0.27486461744, 0.17672218436],
      [0.027762303273, 0.060057528897, 0.29267759061, 0.32351203781, 0.29599053941]
    ],
    [
      [0.34523034338, 0.011403366428, 0.19202019153, 0.38672662068, 0.064619477986],
      [0.037419114523, 0.032001889974, 0, 0.87968023086, 0.050898764647],
      [0.029759777064, 0.0081481748544, 0.6882110043, 0.25989282637, 0.013988217414],
      [0.016988063565, 0.51377047371, 0.022396599397, 0.30642405914, 0.14042080419],
      [0.027019062983, 0.065002361193, 0.27133683311, 0.38518336953, 0.25145837318]
    ],
    [
      [0.53282919765, 0.0049246192483, 0.17824725505, 0.23989979381, 0.044099134246],
      [0.081154311487, 0.0089487200806, 0.015548290501, 0.84121427127, 0.053134406658],
      [0.049525957377, 0, 0.92466087509, 0.020996257426, 0.0048169101081],
      [0.041293875428, 0.4232446183, 0.036127980983, 0.32993465189, 0.1693988734],
      [0.051501806074, 0.0385187693, 0.34257160548, 0.32483322981, 0.24257458934]
    ],
    [
      [0.20326208288, 0.01136495991, 0.26772385477, 0.43487202356, 0.082777078882],
      [0.019088373596, 0.026767871779, 0, 0.8950959599, 0.059047794725],
      [0.013141453978, 0.0060823413058, 0.86363466673, 0.10371817012, 0.013423367863],
      [0.0093076568148, 0.47428870529, 0.029110050536, 0.32019297316, 0.1671006142],
      [0.013127214077, 0.053367510013, 0.31132340789, 0.35692715884, 0.26525470919]
    ],
    [
      [0.5959653034, 0.013809273259, 0.1318911638, 0.18397555771, 0.074358701834],
      [0.079122326345, 0.068952153251, 0.0020867349026, 0.7501816508, 0.099657134699],
      [0.049277815705, 0.078630922133, 0.78723509321, 0.044101984336, 0.040754184618],
      [0.018883062047, 0.67668619406, 0.014158293126, 0.13377853348, 0.15649391729],
      [0.040660686389, 0.09917875039, 0.23163732494, 0.22710451776, 0.40141872053]
    ],
    [
      [0.28048946269, 0.011628347214, 0.27016200979, 0.38575452092, 0.051965659379],
      [0.030964745684, 0.032078755979, 0.0083396090623, 0.88751587479, 0.041101014481],
      [0.018205911977, 0.0062182938476, 0.91720491447, 0.049946714679, 0.0084241650234],
      [0.014108840083, 0.52867515921, 0.032125934286, 0.31050470747, 0.11458535896],
      [0.020927040935, 0.062761167179, 0.36114103051, 0.36404000934, 0.19113075204]
    ],
    [
      [0.31192128256, 0.011516269946, 0.2568393732, 0.3646581248, 0.055064949487],
      [0.035100710727, 0.031065085661, 0.01104522415, 0.87751141804, 0.045277561418],
      [0.020444002399, 0.0063921054794, 0.91499806043, 0.048920384511, 0.0092454471846],
      [0.015376016106, 0.5353506244, 0.030683381554, 0.29577379018, 0.12281618776],
      [0.023175191766, 0.063714840927, 0.35195050941, 0.35222994738, 0.20892951052]
    ],
    [
      [0.33652092923, 0.010197990166, 0.25184575743, 0.35284993472, 0.048585388464],
      [0.040898574119, 0.022265850508, 0.012988866556, 0.88151922789, 0.042327480928],
      [0.023630044326, 0, 0.93834779795, 0.033340967479, 0.0046811902417],
      [0.018869251604, 0.51314727597, 0.033324590727, 0.31564122062, 0.11901766108],
      [0.027128616339, 0.05927356902, 0.36250989266, 0.35874337707, 0.19234454491]
    ],
    [
      [0.27568730717, 0.012803884291, 0.23193172502, 0.40751014217, 0.072066941337],
      [0.027484156112, 0.035414063927, 0, 0.88067328285, 0.056428497109],
      [0.020257164124, 0.014716618156, 0.80538663534, 0.1463321873, 0.01330739508],
      [0.012347925443, 0.52604765079, 0.024729763591, 0.29415498565, 0.14271967453],
      [0.019449753615, 0.06585881569, 0.29527824474, 0.36621211804, 0.25320106792]
    ],
    [
      [0.29450209512, 0.014367474339, 0.22659642009, 0.39760673098, 0.066927279469],
      [0.030548903451, 0.040504987624, 0, 0.87498618575, 0.053959923175],
      [0.022045704686, 0.036634138644, 0.79268020208, 0.13505348917, 0.013586465415],
      [0.012605565529, 0.56246967866, 0.023137559661, 0.27488029248, 0.12690690367],
      [0.021255662986, 0.075725253254, 0.29577097213, 0.36632111601, 0.24092699562]
    ],
    [
      [0.28987018719, 0.011719442742, 0.26958739195, 0.35892110848, 0.069901869643],
      [0.031346075451, 0.032341352222, 0.043060887442, 0.83588027839, 0.057371406495],
      [0.018709647642, 0.0062833991747, 0.91711216668, 0.04654420784, 0.01135057866],
      [0.014068932995, 0.52343486785, 0.031202943119, 0.28106918704, 0.15022406899],
      [0.020588104481, 0.060772373004, 0.34587553285, 0.32510765819, 0.24765633147]
    ],
    [
      [0.35535667722, 0.012653468943, 0.22114712492, 0.35632051851, 0.054522210414],
      [0.040981314206, 0.039555137124, 0, 0.87174571806, 0.047717830615],
      [0.027428614278, 0.018412486272, 0.84895466356, 0.094716652584, 0.010487583306],
      [0.016758634393, 0.56584554405, 0.025253727571, 0.27592594072, 0.11621615326],
      [0.02781972861, 0.073677120009, 0.31853547861, 0.3619458306, 0.21802184217]
    ],
    [
      [0.25432846175, 0.0092780753102, 0.27153581231, 0.39882208547, 0.06603556516],
      [0.026021663473, 0.015999877439, 0.017552530433, 0.89212461777, 0.048301310888],
      [0.016475150645, 0.00494649779, 0.91643025982, 0.051474407422, 0.010673684319],
      [0.013728938171, 0.45142610226, 0.034646479015, 0.34412800111, 0.15607047944],
      [0.018072359769, 0.047635167012, 0.34520833187, 0.35808619001, 0.23099795134]
    ],
    [
      [0.20357400273, 0.013480099157, 0.30952889793, 0.42633989384, 0.047077106348],
      [0.018330118316, 0.028563087317, 0.035173375081, 0.88566836578, 0.032265053511],
      [0.011397513903, 0.0063372715119, 0.92711546108, 0.048453848332, 0.0066959051677],
      [0.009009011824, 0.55680861916, 0.032986672108, 0.30777233668, 0.093423360231],
      [0.01381833496, 0.067550914543, 0.3838543212, 0.37306021613, 0.16171621317]
    ],
    [
      [0.20515635248, 0.013355182192, 0.29505316349, 0.43512551707, 0.051309784767],
      [0.018872438911, 0.031384145007, 0.01029180828, 0.90360496845, 0.035846639347],
      [0.012143981867, 0.0065687244454, 0.92186210132, 0.051782597235, 0.0076425951291],
      [0.0091315837171, 0.54579030012, 0.031315407155, 0.31260270022, 0.10116000878],
      [0.014029033573, 0.066678460856, 0.36461855555, 0.37957472024, 0.17509922978]
    ],
    [
      [0.40955365665, 0.010339725134, 0.2166830158, 0.31726922291, 0.046154379513],
      [0.056003033259, 0.034177569473, 0.0030609546173, 0.86343339964, 0.043325043007],
      [0.032531559049, 0.0067696503622, 0.90124656514, 0.050291673983, 0.00916055147],
      [0.02358552926, 0.53782257273, 0.029507541517, 0.29251271666, 0.11657163983],
      [0.036136766142, 0.066020288809, 0.34273819914, 0.35425200136, 0.20085274455]
    ],
    [
      [0.33147149913, 0.014303623293, 0.24180545643, 0.36775137459, 0.044668046559],
      [0.03791593869, 0.04512619792, 0, 0.87943513686, 0.037522726527],
      [0.023710795302, 0.024873224261, 0.89084995794, 0.05257165825, 0.0079943642512],
      [0.015260896437, 0.59651585042, 0.026365894417, 0.27148782777, 0.090369530956],
      [0.026351048605, 0.082424740829, 0.34514371746, 0.37052986095, 0.17555063215]
    ],
    [
      [0.40848136755, 0.010112512943, 0.21301924383, 0.32347190138, 0.044914974291],
      [0.052099108884, 0.030385803273, 0, 0.87612407541, 0.041391012437],
      [0.039380224639, 0.006680970704, 0.89187506443, 0.053087235103, 0.0089765051283],
      [0.023101925049, 0.53508870856, 0.029002733641, 0.29875273785, 0.1140538949],
      [0.03550538911, 0.064967245777, 0.33882877369, 0.36282889525, 0.19786969617]
    ],
    [
      [0.33607776924, 0.011411526966, 0.23933977665, 0.3428615459, 0.070309381247],
      [0.040849261817, 0.037675766793, 0.0056622319605, 0.85340843731, 0.062404302118],
      [0.024282605933, 0.0068149596841, 0.90662017956, 0.04955763672, 0.012724618106],
      [0.01693027457, 0.52132145395, 0.028606353847, 0.27728442774, 0.15585748989],
      [0.025273482366, 0.062280190092, 0.32347888231, 0.32717779392, 0.26178965131]
    ],
    [
      [0.40527175718, 0.013667970788, 0.20619628438, 0.32122176957, 0.053642218079],
      [0.051688165611, 0.046350944528, 0, 0.85039893586, 0.051561954003],
      [0.039484755014, 0.046851477937, 0.84273733628, 0.05985877586, 0.011067654905],
      [0.019363759532, 0.59685127709, 0.023426439649, 0.24714862133, 0.1132099024],
      [0.034125834509, 0.083819730946, 0.31311930366, 0.34426682776, 0.22466830313]
    ],
    [
      [0.31794627365, 0.012077641101, 0.24450272332, 0.36818498365, 0.05728837828],
      [0.036182670211, 0.036636973694, 0, 0.87954165584, 0.047638700255],
      [0.022448536371, 0.007055770909, 0.90330361387, 0.057053805289, 0.010138273557],
      [0.015606007749, 0.54149099935, 0.028484051406, 0.29045651625, 0.12396242524],
      [0.024237302664, 0.066934121607, 0.33546809999, 0.35655059604, 0.2168098797]
    ],
    [
      [0, 0, 0.51815403057, 0.48184596943, 0],
      [0, 0, 0.36203365258, 0.63796634742, 0],
      [2.7733391199e-32, 0, 1, 0, 0],
      [0, 0, 0.13649146618, 0.86350853382, 0],
      [0, 0, 0.6049068547, 0.3950931453, 0]
    ],
    [
      [0.64331814428, 0.0081922497507, 0.11603536204, 0.18138106143, 0.051073182494],
      [0.11437878154, 0.043825761695, 0, 0.76627469077, 0.075520766001],
      [0.14236856369, 0.022994814362, 0.75502931042, 0.051944285073, 0.027663026459],
      [0.038341665183, 0.59034485256, 0.018384823031, 0.19680607995, 0.15612257928],
      [0.068806013335, 0.07315573714, 0.25432452878, 0.27882984028, 0.32488388047]
    ],
    [
      [0.40321057381, 0.0035822937734, 0.32957279587, 0.22080914769, 0.042825188862],
      [0.063119537332, 0.0067929023866, 0.00027098674911, 0.87100831183, 0.058808261698],
      [0, 0, 1, 0, 0],
      [0.029064284102, 0.40653410718, 0.049680682142, 0.330866099, 0.18385482758],
      [0.023791962015, 0.020319834596, 0.56456215787, 0.2132591703, 0.17806687522]
    ],
    [
      [0.41598702922, 0.013039627766, 0.23215639774, 0.33881694528, 0],
      [0.039124757435, 0.037766445203, 0.0088210908746, 0.91428770649, 0],
      [0.020596063662, 0.0075578556331, 0.92498990445, 0.046856176258, 0],
      [0.013740594568, 0.70515969545, 0.025375089383, 0.2557246206, 0],
      [0.030043252083, 0.098937754098, 0.43136486521, 0.43965412861, 0]
    ],
    [
      [0.31401751771, 0.013155157566, 0.23568157656, 0.37965763014, 0.057488118019],
      [0.034710903221, 0.038957032401, 0, 0.87888076305, 0.04745130133],
      [0.022776342624, 0.017336874123, 0.85664797125, 0.092729300326, 0.010509511675],
      [0.014522257844, 0.55780586431, 0.026026260469, 0.28377844056, 0.11786717682],
      [0.023682712276, 0.072513005008, 0.3216327924, 0.36574715054, 0.21642433978]
    ],
    [
      [0.60759883751, 0.017017480516, 0.12153833189, 0.20980066824, 0.044044681846],
      [0.032559358247, 0.10101100746, 0, 0.78927682284, 0.07715281145],
      [0.039090989376, 0.25108497764, 0.65101727654, 0.046565154266, 0.012241602175],
      [0.012181291338, 0.77823774303, 0.010079204995, 0.12234015367, 0.077161606973],
      [0.03669653974, 0.13887434254, 0.24415494695, 0.29053413948, 0.28974003129]
    ],
    [
      [1.0067281434e-16, 0.01237434761, 0.39445805696, 0.53233076822, 0.060836827215],
      [1.8310970024e-18, 0.016765324947, 0.03433720185, 0.9149691513, 0.033928321907],
      [0, 0.0042733964523, 0.94566652776, 0.043885931424, 0.0061741443644],
      [0, 0.60047678271, 0.029739132472, 0.27771320375, 0.092070881069],
      [1.0408340856e-16, 0.051185849021, 0.3924009552, 0.3694238533, 0.18698934247]
    ],
    [
      [0.38581509951, 0.00718571706, 0.20204594689, 0.35044705897, 0.054506177575],
      [0.042746278284, 0.008576567713, 0.002059853382, 0.89946940512, 0.047147895497],
      [0.033191971158, 0, 0.85030094522, 0.10662103389, 0.0098860497356],
      [0.022116583162, 0.44405694875, 0.029813575081, 0.35134848439, 0.15266440862],
      [0.03008599529, 0.044664411448, 0.30922607642, 0.37756764072, 0.23845587612]
    ],
    [
      [0.31609967607, 0.01125649313, 0.26559154335, 0.3406679336, 0.06638435386],
      [0.037411570393, 0.027307579869, 0.060562369975, 0.81943226198, 0.05528621778],
      [0.020941125561, 0.0061391294406, 0.91697060312, 0.04497237092, 0.010976770964],
      [0.016275940555, 0.52125761269, 0.032332274969, 0.28044990634, 0.14968426544],
      [0.023490960893, 0.060440950678, 0.35321483016, 0.3199678289, 0.24288542937]
    ],
    [
      [0.30881296783, 0.012820197979, 0.25151849227, 0.36575165522, 0.061096686706],
      [0.035390703592, 0.042112373978, 0.0039721531244, 0.86733054786, 0.051194221443],
      [0.021591504258, 0.0073370334201, 0.90976634203, 0.050697552556, 0.01060756774],
      [0.014855192364, 0.54918273822, 0.028451945298, 0.27968672581, 0.1278233983],
      [0.023246550611, 0.069301172719, 0.33681809709, 0.34599200099, 0.2246421786]
    ],
    [
      [0.32740510268, 0.011491793118, 0.23908641293, 0.35839578483, 0.063620906444],
      [0.038596945522, 0.035524318412, 0, 0.87167128579, 0.054207450274],
      [0.023972408377, 0.0068729880905, 0.90074978636, 0.056868107725, 0.011536709451],
      [0.016573978832, 0.52402336393, 0.028588163578, 0.28988334778, 0.14093114588],
      [0.025012187905, 0.063402830636, 0.32667262894, 0.34580538544, 0.23910696708]
    ],
    [
      [0.39660628988, 0.010074295356, 0.20182888284, 0.32705652585, 0.064434006079],
      [0.050548932787, 0.033766133144, 0, 0.85517433141, 0.060510602659],
      [0.040700686466, 0.0077618603844, 0.83671053796, 0.10119612889, 0.0136307863],
      [0.022160375428, 0.50334584839, 0.026560840832, 0.29101178634, 0.15692114901],
      [0.033075203269, 0.060451142265, 0.29997908738, 0.34335246608, 0.26314210101]
    ],
    [
      [0.34207590541, 0.012078325978, 0.22335452982, 0.38311061645, 0.039380622351],
      [0.0377482627, 0.035481096227, 0, 0.89496434611, 0.031806294962],
      [0.026126639147, 0.0076220526948, 0.84546636926, 0.11328202048, 0.0075029184189],
      [0.016576741822, 0.56886848052, 0.026036622497, 0.30264865863, 0.085869496527],
      [0.027889761122, 0.072979095722, 0.33275342669, 0.40254928672, 0.16382842975]
    ]
  ],
  "expected_outcome": [
    [
      [2.2725973344e-32, 3.4517752871, 4.359938055, 1.4893686209, 1.5690741358, 30.9424673067, 13.4342080283, 4.8332248074, 0.53282919765, 3.455455409, 0, 6.1707681793, 1.8715276954, 29.6138417718, 5.5137461435, 2.9450209512, 6.3771441181, 3.198210095, 12.4620946257, 2.0357400273, 3.0773452872, 11.0579487295, 7.9553159791, 3.676332308, 8.4019442309, 9.7265221724, 7.9486568413, 0, 1.9299544329, 0.40321057381, 0, 2.8261576594, 0.60759883751, 1.0067281434e-16, 1.543260398, 17.3854821836, 64.8507232434, 15.0606347233, 39.6606289875, 7.525669919],
      [0.027506142057, 0.15460975634, 0.15014819104, 0.055223192017, 0.043714525012, 1.1179713122, 0.40134206246, 0.15964712999, 0.0049246192483, 0.19320431847, 0, 0.25582363871, 0.069097619679, 0.89742313459, 0.25607768582, 0.14367474339, 0.25782774033, 0.11388122049, 0.4546256902, 0.13480099157, 0.20032773288, 0.27917257862, 0.34328695904, 0.091012616483, 0.28528817416, 0.3280312989, 0.30194102753, 0, 0.024576749252, 0.0035822937734, 0, 0.1183964181, 0.017017480516, 0.01237434761, 0.02874286824, 0.61910712215, 2.6922415757, 0.52862248341, 1.0074295356, 0.26572317151],
      [0.3568917605, 2.1159955664, 2.7988307732, 0.93648907428, 0.5228591985, 25.0589064882, 7.8994006279, 2.6882826814, 0.17824725505, 4.551305531, 0, 5.9435642154, 1.5410362392, 22.1624266538, 4.6386345005, 2.2659642009, 5.9309226228, 1.9903241242, 13.3052548031, 3.0952889793, 4.4257974524, 5.8504414266, 5.8033309543, 1.9171731945, 5.9834944163, 4.9487108252, 6.1125680829, 1.0363080611, 0.34810608613, 0.32957279587, 0, 2.1211341891, 0.12153833189, 0.39445805696, 0.80818378754, 14.607534884, 52.8188833762, 10.9979749948, 20.1828882835, 4.9137996559],
      [0.42287394534, 2.0633561762, 4.5175222759, 1.1789598341, 0.73667421667, 35.9127946649, 12.3640717489, 5.4141726895, 0.23989979381, 7.3928244005, 0, 8.4865994603, 2.1879487488, 31.0507942549, 8.1502028435, 3.9760673098, 7.8962643866, 3.2068846666, 19.5422821882, 4.2633989384, 6.526882756, 8.5662690185, 8.8260329902, 2.9112471124, 8.5715386474, 7.7093224696, 9.2046245913, 0.96369193886, 0.54414318429, 0.22080914769, 0, 3.4169186713, 0.20980066824, 0.53233076822, 1.4017882359, 18.736736348, 76.8078475964, 16.4862061021, 32.7056525854, 8.4284335619],
      [0.19272815211, 0.21426321407, 1.1735607048, 0.33995927872, 0.12767792405, 4.9678602279, 2.9009775324, 0.9046726918, 0.044099134246, 1.407210341, 0, 1.1432445063, 0.33038969692, 4.2755141849, 1.4413388267, 0.66927279469, 1.5378411322, 0.49069989372, 3.2357426928, 0.47077106348, 0.76964677151, 1.2461682468, 1.0720331174, 0.40423476862, 1.7577345312, 1.2874132339, 1.432209457, 0, 0.15321954748, 0.042825188862, 0, 0.51739306217, 0.044044681846, 0.060836827215, 0.2180247103, 3.6511394623, 12.8303042083, 2.9265616964, 6.4434006079, 0.86637369173]
    ],
    [
      [2.2725973344e-32, 2.0336467392, 9.7366457971, 4.1810759691, 7.8593344614, 24.9769820061, 15.051500931, 15.1547413817, 3.0838638365, 7.4253773287, 0.63297861076, 21.9849694355, 4.4577902624, 14.7643852569, 7.2283330574, 8.3398506422, 5.4228710531, 4.5899071911, 12.3863118131, 2.5478864459, 4.7747270445, 34.1058472546, 18.6925577743, 8.2316592037, 14.3789401595, 13.800740218, 12.8448479249, 0, 2.8594695384, 1.514868896, 0.74337039126, 8.7818585148, 0.16279679124, 3.2959746044e-17, 1.1968957919, 13.3559306302, 123.5489462382, 25.2809993168, 67.9377656658, 2.5291336009],
      [0.25250788804, 2.5169077588, 8.9358122094, 4.4545003451, 7.8277679917, 23.7435524974, 11.8936994988, 12.9607654397, 0.34005136306, 10.4127021221, 0.551617226, 22.7759167452, 3.945265879, 8.0379720333, 9.3138988129, 11.0578616214, 5.5950539343, 4.4301753579, 7.6159416608, 3.9702691371, 7.9401886867, 20.8141398088, 22.2472155744, 4.8009569172, 13.2618699113, 12.375702189, 13.0061256614, 0, 1.0956440424, 0.16302965728, 0.71756245885, 9.8561291975, 0.5050550373, 0.30177584904, 0.24014389596, 9.7488060131, 147.0142975577, 23.2684285597, 45.3816829452, 2.3772334472],
      [0.010323865807, 3.1697539218, 0, 0.88012367257, 0, 1.7168457452, 0, 0, 0.59083503905, 0, 0.016693879221, 5.9211224342, 1.402743467, 4.6889808269, 0, 0, 7.4495335274, 0, 8.3550044863, 4.8890991363, 2.6038274948, 1.8641213619, 0, 0, 1.9931056501, 0, 0, 4.3444038309, 0, 0.0065036819787, 0.16760072662, 0, 0, 0.6180696333, 0.057675894696, 21.6207660811, 13.8667865571, 0, 0, 0],
      [3.263504943, 23.3360821313, 209.8078726213, 70.2274967013, 78.2956780562, 594.853823659, 285.9154977044, 356.2704934964, 31.9661423084, 348.1923284011, 6.0014532064, 630.1362711035, 111.4439500915, 318.2284412678, 231.61707339, 238.8712287097, 144.6072881615, 97.6355204222, 424.6513180571, 123.1079028428, 228.6120570191, 525.8309403834, 433.5615224737, 138.4276039141, 300.3997699337, 227.0565158742, 312.2372878233, 7.6555961691, 19.1568672692, 20.904199484, 17.3714664233, 222.3568330513, 3.9463841142, 16.4694447233, 25.1851433435, 292.5373175281, 3027.8509425901, 570.9446921939, 1149.3543014158, 59.9626111894],
      [0.47366330311, 0.9436094489, 19.5196693721, 7.2568033119, 5.0172194906, 28.7087960924, 24.1393018658, 20.6139996822, 2.019107453, 22.9695921481, 0.79725707759, 29.1817202815, 5.7502503001, 15.2802206151, 14.8406947397, 14.7310590267, 9.9252533237, 5.3443970289, 22.9914239827, 4.484842438, 9.0691997549, 26.3849511913, 18.4987041777, 6.539779965, 21.9663143454, 13.7670417188, 16.9117385904, 0, 1.88801915, 1.4113982808, 0, 12.0051792364, 0.38576405725, 0.61070979433, 1.3201410739, 19.7371797476, 178.7190270569, 35.5058799296, 81.3262499732, 2.1310217624]
    ],
    [
      [0, 1.9525731565, 4.8194680443, 0.22177110375, 1.154052526, 22.8032067259, 9.4497516629, 0.98207264312, 1.9810382951, 1.3141453978, 1.2319453926, 2.384974469, 0.77687209117, 15.7612395654, 2.2688023819, 2.3809361061, 2.9187050322, 1.4537165567, 5.5027003156, 0.91180111228, 1.5301417153, 3.5134083773, 2.6556090738, 2.0083914566, 4.0309125848, 3.5536279513, 2.2897507098, 5.2693443278e-31, 1.850791328, 0, 0.18536457296, 2.8698191706, 0.1563639575, 0, 0.96256716357, 6.8058658072, 36.7487402475, 5.4896815182, 24.0134050152, 1.4892184314],
      [0.94002231607, 0.93047564563, 2.4953298286, 0.071513863287, 0.41264177233, 1.9722057508, 3.9251592546, 0.2688897702, 0, 0.60823413058, 1.9657730533, 0.81459649403, 0.24290000822, 0, 1.6482612335, 3.9564869736, 0.98021027125, 0.9758617724, 1.6521302618, 0.50698172095, 0.82765928013, 0.73112223912, 2.7858011173, 0.3407295059, 1.1312833076, 4.2166330144, 0.71968863271, 0, 0.29893258671, 0, 0.068020700698, 2.1844461395, 1.0043399106, 0.034187171618, 0, 1.9952170682, 12.487630881, 1.5739142727, 4.5794976268, 0.4344570036],
      [16.0393861153, 80.0778072747, 147.3100437446, 8.2053932113, 17.3115456379, 1007.7906692908, 254.0998579528, 22.7109631419, 36.9864350036, 86.3634666729, 19.6808773302, 120.1538437959, 34.7699262962, 625.8779812349, 90.2033031576, 85.6094618247, 143.0694980025, 44.9945971687, 306.0877067812, 74.1692368868, 116.1546247668, 97.3346290347, 99.7751952888, 45.4856282857, 150.4989498065, 75.8463602655, 92.1369686152, 19, 9.8153810354, 0, 8.32490914, 107.9376443778, 2.6040691062, 7.5653322221, 24.6587274114, 298.0154460124, 1548.4223141284, 206.2717010757, 493.6592173979, 48.191583048],
      [0.31457066269, 0, 17.0708364541, 0.36876462527, 0.92219715125, 43.2086564391, 23.5172921937, 8.5764632701, 0.83985029704, 10.3718170124, 1.1025496084, 6.543019623, 1.8589746114, 22.2384253086, 16.389204978, 14.5857768308, 7.2608964231, 5.0199825869, 17.1924520789, 3.8763078666, 6.5246072516, 5.4315007901, 5.888025724, 2.7074489903, 8.2265676955, 5.3872898274, 5.8194881395, 0, 0.67527570595, 0, 0.42170558632, 11.6838918411, 0.18626061707, 0.35108745139, 3.0920099827, 14.616020549, 86.2872344504, 13.0227966691, 59.705716043, 6.4570751671],
      [0.70602090594, 0.0391439232, 4.3043219284, 0.13255719641, 0.19956291254, 7.2252617935, 6.007938936, 0.46161117467, 0.19267640432, 1.3423367863, 1.0188546155, 1.1035656181, 0.35132699302, 3.1223538912, 1.490428249, 1.4673382648, 1.770690271, 0.55584191524, 3.5650105624, 0.53567241342, 0.96296698626, 0.98933955876, 0.89536879613, 0.45780176155, 2.1122866056, 0.99608894144, 1.0341039028, 0, 0.35961934397, 0, 0, 1.324198471, 0.048966408699, 0.049393154915, 0.28669544233, 3.5674505632, 18.0540802926, 2.6419064642, 8.0421639171, 0.42766634988]
    ],
    [
      [0, 0.080943057684, 0.36539244378, 0.03016229678, 0.26709701417, 2.6501181295, 1.4543257879, 0.54361803407, 0.24776325257, 0.4374598703, 0.094415310234, 0.74776852437, 0.47665649929, 2.8492569922, 0.44452531593, 0.78154506277, 0.47834372182, 0.36868995665, 1.1669597446, 0.29729739019, 0.36526334868, 1.7689146945, 1.0377409577, 0.69305775147, 1.3036311419, 0.92946045755, 0.57742228672, 0, 0.15336666073, 0.058128568205, 0.041221783703, 0.74063515006, 0.036543874015, 0, 0.17693266529, 2.6204264293, 11.1116838886, 1.2927703489, 4.0553487033, 0.1491906764],
      [2.6146118973, 3.7570833508, 11.6115474233, 1.1964175972, 7.3961778761, 85.7312785762, 39.2964625082, 16.4406551587, 2.5394677098, 22.2915691485, 3.3834309703, 28.0197834379, 16.5958693564, 77.4852386708, 18.9377154285, 34.873120077, 17.7967855069, 12.4486019691, 38.3712186922, 18.3746844323, 21.8316120049, 40.3366929547, 40.5630778286, 16.0526612569, 40.1417519538, 28.6488613003, 20.0351669758, 0, 2.3613794102, 0.81306821435, 2.1154790864, 28.4480990797, 2.3347132291, 0.60047678271, 3.55245559, 83.9224756437, 410.7886881897, 40.8738223864, 92.1122902556, 5.1198163247],
      [0.070362811431, 0.12237422702, 0.55940343658, 0.046525248557, 0.21916672653, 5.0581569729, 2.0254411636, 0.71669118069, 0.2167678859, 1.3681723752, 0.070791465629, 1.7026745171, 0.95118482818, 5.0320131998, 0.89027148929, 1.434528699, 1.0609000661, 0.55558200657, 2.9449507163, 1.0885601796, 1.2526162862, 2.2130656138, 1.7928808204, 0.87008200923, 2.2026892462, 1.1244691031, 1.053909902, 0.40947439854, 0.073539292124, 0.099361364285, 0.076125268148, 1.3273392839, 0.030237614986, 0.029739132472, 0.23850860064, 5.20549627, 21.2820550828, 2.2298767591, 4.8606338722, 0.23432960247],
      [0.56431071261, 0.80731975945, 6.1088756393, 0.40389714717, 2.107791751, 49.0035718197, 21.4394401601, 9.8055698925, 1.9796079113, 15.0490697386, 0.66889266742, 16.4567494958, 9.1689874955, 47.6618243138, 10.5895794834, 17.0425781335, 9.5563523595, 6.0703706959, 29.2508800945, 10.1564871103, 12.504108009, 21.9384537497, 18.4611722883, 8.9625821354, 21.3509009363, 11.8631338239, 10.7468911014, 2.5905256015, 0.78722431979, 0.66173219799, 0.76717386179, 14.4727004686, 0.367020461, 0.27771320375, 2.8107878751, 45.152434921, 209.2056709076, 22.6109011272, 53.2551568994, 2.7238379277],
      [0.75071457862, 0.23227960503, 4.354781057, 0.32299771028, 1.0097666322, 18.5568745018, 13.7843303801, 4.4934657341, 1.0163932404, 7.8537288675, 0.78246958643, 6.0730240248, 3.8073018207, 17.9716668233, 5.1379082829, 7.8682280277, 5.1076183457, 2.5567553718, 13.2659907525, 3.0829708876, 4.0464003513, 8.7428729873, 6.145128105, 3.421616847, 12.0010267219, 5.4340753151, 4.586609734, 0, 0.62449031713, 0.36770965517, 0, 6.0112260177, 0.23148482092, 0.092070881069, 1.221315269, 24.0991667359, 95.6119019313, 10.9926293785, 28.7165702695, 0.77282546874]
    ],
    [
      [0, 0.48106175949, 0.71855565974, 0.077622009499, 0.1504418627, 3.6272258317, 1.6102135899, 0.4863431337, 0.15450541822, 0.36756199415, 0.040660686389, 0.71151939181, 0.41715345179, 3.0112764137, 0.54459310122, 0.55264723765, 0.80293607476, 0.38947620053, 1.4819335011, 0.2072750244, 0.25252260432, 1.5538809441, 0.65877621512, 0.39055928021, 0.88457188281, 0.98964920076, 0.33932223729, 0, 0.20641804, 0.023791962015, 0.030043252083, 0.78152950511, 0.03669653974, 1.0408340856e-16, 0.12034398116, 1.8322949497, 10.7399063822, 1.8759140929, 4.3328516282, 0.30678737234],
      [0.16535175649, 1.6409234884, 1.8071623476, 0.22234500243, 0.31969783481, 9.4349918635, 3.483336676, 1.1700425015, 0.1155563079, 1.4942902804, 0.09917875039, 2.1338796841, 1.1468671367, 6.5793661612, 1.8440468393, 1.9688565846, 2.3701225471, 1.0314796801, 3.906083695, 1.0132637181, 1.2002122954, 2.8388724188, 2.0606185207, 0.71463970355, 2.1798066532, 2.4307721974, 0.93707770249, 0, 0.21946721142, 0.020319834596, 0.098937754098, 2.3929291653, 0.13887434254, 0.051185849021, 0.17865764579, 4.7143941529, 32.017141796, 4.7552122977, 7.9190996367, 0.80277005294],
      [0.52303544697, 5.5140690102, 8.3317220456, 0.93146879331, 0.94642843706, 52.3754215029, 16.9753002556, 4.884062996, 1.0277148164, 8.7170554209, 0.23163732494, 12.2787950373, 6.3351091694, 40.2385980847, 8.2677908526, 7.6900452754, 13.4891457812, 4.4594967005, 28.3070832131, 5.757814818, 6.5631339998, 14.737742563, 8.6285929366, 3.7271165106, 11.3217608809, 9.0804598061, 4.6965533999, 1.2098137094, 0.76297358634, 0.56456215787, 0.43136486521, 10.6138821492, 0.24415494695, 0.3924009552, 1.2369043057, 27.5507567525, 155.6099608555, 24.5004471704, 39.2972604464, 3.6602876935],
      [0.43473973632, 3.7932419331, 9.4948930093, 0.82088169212, 0.93765882489, 53.0211534174, 18.7636981928, 6.9333006516, 0.97449968942, 9.9939604474, 0.22710451776, 12.3773603175, 6.3401390528, 39.8205148549, 10.2539393052, 9.5243490162, 12.6791986694, 5.0672416284, 29.3630675812, 5.5959032419, 6.8323449643, 15.2328360584, 9.2632465239, 3.9911178478, 11.4512227871, 9.9837380049, 4.9917083445, 0.79018629059, 0.83648952083, 0.2132591703, 0.43965412861, 12.0696559677, 0.29053413948, 0.3694238533, 1.5102705629, 24.9574906539, 159.8483044555, 25.9354039077, 44.9791730564, 4.428042154],
      [0.87687306022, 1.5707038088, 9.6476669376, 0.94768250264, 0.64577304054, 28.5412073845, 17.1674512857, 4.5262507172, 0.72772376802, 7.4271318572, 0.40141872053, 6.4984455693, 3.7607311893, 21.3502444855, 7.0896299017, 6.2641018861, 9.6585969275, 3.0523057904, 18.9418320096, 2.4257431975, 3.1517861361, 8.6366680158, 4.3887658037, 2.1765666579, 9.162637796, 6.5153807908, 3.0353383158, 0, 0.97465164141, 0.17806687522, 0, 7.1420032127, 0.28974003129, 0.18698934247, 0.95382350448, 18.9450634911, 103.7846865109, 17.9330225313, 34.4716152323, 1.8021127272]
    ]
  ],
  "prob": [
    [0.32550040887, 0.011817191131, 0.24380179996, 0.35884496272, 0.060035637311],
    [0.038660150517, 0.036802795653, 0.0024504194241, 0.87119718151, 0.050889452895],
    [0.023458636946, 0.0069633203461, 0.90762737714, 0.051217399168, 0.010733266404],
    [0.01651839925, 0.53293169023, 0.029064476676, 0.28915589387, 0.13232953997],
    [0.025159738969, 0.065512245398, 0.33484465031, 0.34816977914, 0.22631358618]
  ],
  "iterations": 131,
  "time": 0.000296,
  "message": "Converged",
  "status": 0,
  "miniter": 0,
  "maxiter": 1000,
  "maxtime": 3600,
  "param_threshold": 0.001,
  "ll_threshold": "-Inf",
  "initial_prob": "random",
  "adjust_prob_cond_method": "lp",
  "adjust_prob_cond_every": false,
  "candidates_id": ["TUPOU, Patricia Margaret.c", "HALL, John Harold.c", "BROWN, Simeon Peter.c", "WALL, Louisa Hareruia.c", "Other candidates votes.c"],
  "group_id": ["Green Party.p", "Labour Party.p", "National Party.p", "New Zealand First Party.p", "Other parties votes.p"]
}
