{
  "X": [
    [20, 5, 12, 8, 13, 11, 7, 8, 9, 7],
    [28, 7, 12, 9, 11, 4, 9, 4, 9, 7],
    [21, 3, 13, 9, 20, 9, 5, 5, 13, 2],
    [22, 5, 13, 9, 15, 5, 12, 7, 9, 3],
    [24, 4, 12, 11, 15, 5, 4, 7, 10, 8],
    [28, 4, 12, 9, 12, 7, 10, 5, 7, 6],
    [15, 6, 8, 8, 11, 11, 15, 7, 10, 9],
    [14, 2, 4, 3, 13, 15, 16, 13, 14, 6],
    [11, 5, 5, 2, 11, 11, 12, 16, 14, 13],
    [14, 1, 9, 7, 9, 7, 12, 19, 11, 11],
    [17, 4, 5, 2, 7, 9, 23, 18, 7, 8],
    [19, 2, 9, 2, 9, 9, 20, 15, 4, 11],
    [9, 3, 5, 5, 16, 15, 9, 9, 15, 14],
    [6, 10, 2, 7, 16, 5, 6, 12, 21, 15],
    [8, 6, 9, 6, 15, 8, 6, 13, 12, 17],
    [9, 5, 10, 6, 24, 8, 3, 7, 15, 13],
    [16, 8, 6, 9, 16, 5, 5, 15, 18, 2],
    [11, 5, 3, 4, 22, 6, 6, 14, 15, 14],
    [12, 6, 3, 8, 21, 10, 6, 10, 16, 8],
    [28, 6, 4, 6, 13, 9, 12, 8, 7, 7],
    [28, 7, 9, 8, 4, 7, 9, 5, 12, 11],
    [29, 5, 10, 1, 10, 10, 18, 5, 8, 4],
    [27, 3, 5, 4, 14, 7, 18, 10, 5, 7],
    [28, 9, 7, 8, 6, 6, 16, 4, 9, 7],
    [26, 8, 6, 7, 10, 8, 14, 8, 10, 3],
    [15, 10, 8, 12, 12, 19, 5, 8, 11, 0],
    [18, 9, 11, 10, 8, 10, 6, 10, 11, 7],
    [20, 12, 14, 13, 6, 16, 3, 8, 7, 1],
    [13, 11, 7, 14, 3, 20, 2, 7, 19, 4],
    [16, 11, 20, 11, 5, 10, 4, 3, 15, 5],
    [16, 10, 16, 11, 4, 18, 5, 6, 10, 4],
    [28, 12, 11, 3, 9, 10, 3, 6, 11, 7],
    [24, 6, 8, 8, 7, 9, 5, 11, 11, 11],
    [24, 6, 5, 3, 13, 13, 7, 7, 8, 14],
    [21, 4, 11, 4, 11, 10, 7, 7, 14, 11],
    [27, 2, 15, 3, 5, 11, 2, 12, 11, 12],
    [27, 6, 10, 5, 9, 14, 5, 5, 12, 7],
    [18, 8, 9, 5, 6, 17, 8, 5, 10, 14],
    [7, 18, 32, 3, 8, 7, 7, 4, 6, 8],
    [6, 11, 27, 9, 12, 7, 9, 6, 4, 9],
    [14, 15, 29, 6, 9, 1, 6, 7, 7, 6],
    [16, 15, 17, 5, 6, 9, 6, 8, 12, 6],
    [13, 22, 24, 7, 10, 8, 5, 4, 3, 4],
    [14, 11, 24, 7, 10, 6, 5, 7, 6, 10],
    [18, 3, 3, 2, 13, 6, 6, 14, 17, 18],
    [25, 3, 6, 2, 18, 4, 6, 7, 15, 14],
    [22, 3, 5, 3, 17, 4, 6, 12, 18, 10],
    [26, 6, 6, 6, 16, 2, 3, 11, 11, 13],
    [19, 5, 6, 5, 12, 3, 6, 12, 15, 17],
    [23, 4, 6, 2, 9, 4, 5, 10, 16, 21]
  ],
  "W": [
    [53, 6, 4, 10, 6, 7, 8, 6],
    [55, 3, 5, 9, 6, 9, 9, 4],
    [55, 4, 10, 7, 3, 7, 9, 5],
    [56, 5, 5, 5, 4, 11, 8, 6],
    [53, 7, 7, 8, 6, 7, 2, 10],
    [63, 1, 6, 9, 3, 7, 7, 4],
    [19, 35, 10, 11, 10, 7, 5, 3],
    [9, 65, 3, 4, 8, 5, 4, 2],
    [5, 60, 7, 5, 7, 7, 7, 2],
    [9, 46, 6, 11, 9, 6, 5, 8],
    [6, 62, 4, 7, 4, 3, 8, 6],
    [8, 59, 6, 6, 3, 8, 6, 4],
    [5, 37, 31, 9, 4, 7, 4, 3],
    [4, 6, 57, 5, 8, 6, 7, 7],
    [4, 6, 53, 6, 5, 6, 12, 8],
    [6, 9, 48, 7, 12, 7, 3, 8],
    [5, 7, 54, 8, 9, 4, 5, 8],
    [7, 6, 54, 10, 4, 6, 4, 9],
    [8, 5, 46, 20, 5, 5, 3, 8],
    [4, 5, 9, 52, 5, 8, 6, 11],
    [1, 7, 9, 50, 8, 7, 11, 7],
    [11, 7, 5, 50, 7, 8, 5, 7],
    [11, 9, 3, 59, 5, 6, 3, 4],
    [7, 10, 8, 56, 5, 6, 4, 4],
    [10, 7, 6, 56, 6, 6, 5, 4],
    [8, 7, 5, 5, 52, 8, 8, 7],
    [7, 13, 6, 6, 51, 1, 6, 10],
    [7, 6, 4, 4, 64, 5, 7, 3],
    [7, 7, 7, 1, 57, 8, 6, 7],
    [6, 3, 5, 7, 63, 4, 5, 7],
    [8, 4, 7, 7, 56, 6, 6, 6],
    [7, 3, 14, 6, 19, 43, 2, 6],
    [5, 3, 9, 7, 5, 55, 10, 6],
    [2, 9, 14, 8, 5, 51, 6, 5],
    [6, 10, 6, 7, 7, 55, 6, 3],
    [2, 6, 7, 9, 6, 56, 5, 9],
    [7, 6, 4, 7, 9, 57, 4, 6],
    [3, 7, 9, 6, 12, 36, 20, 7],
    [3, 6, 4, 2, 6, 7, 64, 8],
    [3, 4, 12, 3, 5, 8, 61, 4],
    [7, 7, 6, 9, 6, 6, 53, 6],
    [8, 3, 7, 8, 4, 7, 59, 4],
    [6, 5, 6, 6, 4, 4, 60, 9],
    [4, 3, 6, 5, 3, 9, 50, 20],
    [10, 5, 7, 3, 4, 6, 4, 61],
    [5, 6, 6, 3, 8, 6, 7, 59],
    [9, 9, 4, 4, 6, 6, 9, 53],
    [5, 5, 5, 5, 12, 7, 4, 57],
    [6, 5, 3, 9, 7, 4, 9, 57],
    [10, 9, 6, 8, 2, 4, 4, 57]
  ],
  "method": "mcmc",
  "mcmc_stepsize": 3000,
  "mcmc_samples": 1000,
  "burn_in": 10000,
  "cond_prob": [
    [
      [0.19244454807, 0.019417096261, 0.16980870397, 0.077448878503, 0.18656367655, 0.11084480178, 0.072061912692, 0.038593804046, 0.075837711008, 0.056978867118],
      [0.0026537660079, 0.0084462897233, 0.0048740884546, 0.16889102998, 0.1635115578, 0.025823179081, 0.0020573942764, 0.46516790114, 0.0036992717038, 0.15487552184],
      [0.48452985579, 0.002130241042, 4.2074178936e-05, 0.0044756858986, 0.0027090668863, 0.23593546048, 0.016253973154, 0.0036865213044, 0.23569272404, 0.01454439722],
      [0.10940033348, 0.099505745005, 0.004431349121, 0.097236722256, 0.00099388880459, 0.0059372054907, 0.10984685074, 0.10349496243, 0.37605011532, 0.093102827356],
      [0.30845032067, 0.0038199346771, 0.16060854187, 0.0015904764498, 0.0013404549111, 0.32385850709, 0.0084926405315, 0.017173022726, 0.020459835154, 0.15420626592],
      [0.27946223074, 0.1404523523, 0.26513442269, 0.0020305232303, 0.14571350406, 0.0075723706405, 0.00034315094271, 0.0069654097469, 0.0090703564439, 0.14325567919],
      [0.12639721951, 0.23812364207, 0.011681979279, 0.23333691236, 0.0096815772077, 0.24022897779, 0.0087508826399, 0.12367633702, 0.00094499661892, 0.0071774755051],
      [0.32237971718, 0.00092708914292, 0.0022273877419, 0.00019024551739, 0.16746512752, 0.0081971791229, 0.31358748346, 0.16210309475, 0.010220359664, 0.012702315896]
    ],
    [
      [0.32913222571, 0.0047383334044, 0.14259580578, 0.091600279617, 0.12831542675, 0.0022653132776, 0.12188311556, 0.034478664186, 0.074356416794, 0.070634418922],
      [0.30437157333, 0.0075329076752, 0.012155780193, 0.30311351005, 0.0021675901845, 0.0093403607519, 0.011516421231, 0.025175074245, 0.010574112107, 0.31405267024],
      [0.026306143258, 0.36428127733, 0.17959690203, 0.017474283199, 0.011887278372, 0.37007841616, 0.0042226197677, 0.00037123700681, 0.019377908486, 0.0064039343953],
      [0.22202108725, 0.10305193158, 0.015033511597, 0.0047992012891, 0.10803884471, 0.0051501161636, 0.11633170608, 0.10735321532, 0.20362618156, 0.11459420444],
      [0.46924020022, 0.15310125961, 0.02168738784, 0.013893036888, 0.0085024597617, 0.16147886012, 0.15080547907, 0.0085164553924, 0.012409065218, 0.00036579587705],
      [0.22537658694, 0.010943350562, 0.011419992362, 0.20670258881, 0.10636533567, 0.0052459535484, 0.0059595001352, 0.10025656252, 0.2124115913, 0.11531853816],
      [0.020388290751, 0.22336157071, 0.31389555606, 0.10865782556, 0.20252439686, 0.10377352388, 0.019291587095, 0.0051018570704, 0.0013751878834, 0.0016302041323],
      [0.45689181598, 0.23514182994, 0.0073782410467, 0.00011947816822, 0.018335103106, 0.00014877591925, 0.015422066884, 0.015197153866, 0.2376535399, 0.013711995183]
    ],
    [
      [0.19131622319, 0.017384682109, 0.14540308707, 0.10941903382, 0.21868717748, 0.052387419459, 0.071524244938, 0.021249798924, 0.15607356994, 0.016554763067],
      [0.0018793910708, 0.22617211002, 0.00057856267757, 0.011201565991, 0.23816096391, 0.26985551935, 0.0010037215808, 0.237980974, 0.0013999569863, 0.011767234412],
      [0.091733992519, 0.00046322967873, 0.00064688544882, 0.0088112131321, 0.40216009238, 0.19500083109, 0.0044500401758, 0.0052226996704, 0.20056142264, 0.090949593259],
      [0.40658270365, 0.00068590779818, 0.019183171008, 0.13021168198, 0.00715495238, 0.27762764036, 0.0075555333886, 0.13066462827, 0.020050252285, 0.00028352887205],
      [0.34468697925, 0.027735890335, 0.30401177823, 0.0013421447724, 0.30240421385, 0.0021276280048, 0.014945660337, 0.00126793598, 0.0014441925435, 3.3576699008e-05],
      [0.26572963999, 0.0066693154607, 0.013423689535, 0.13745664034, 0.018684467173, 0.0080335560131, 0.12918272246, 0.25910023077, 0.15541665846, 0.0063030798012],
      [0.21658063578, 0.010533906943, 0.31825556982, 0.10758053858, 0.20171179268, 0.12014225272, 0.00055418135995, 0.005211216855, 0.014611939696, 0.0048179655654],
      [0.37265543396, 0.18100447016, 0.19789272382, 0.00062104136291, 0.018893149295, 0.00039400167131, 0.0021317672349, 0.0096102787091, 0.20812623775, 0.0086708960375]
    ],
    [
      [0.2684109998, 0.035384176794, 0.17707604767, 0.072627848833, 0.1272224102, 0.035369487106, 0.12372348215, 0.053550510441, 0.089106139889, 0.017528897109],
      [0.19384863218, 0.0033068429827, 0.00014942266267, 0.19595981319, 0.38977406062, 0.00059116215709, 0.01217563253, 0.00995769838, 0.19342760048, 0.00080913481057],
      [0.00079294477545, 0.0030505600251, 0.0034401974241, 0.20158601262, 0.39208650212, 0.19374844662, 0.00057885219355, 0.19315842237, 0.010412639201, 0.0011454226533],
      [0.20100993784, 0.00076018432697, 0.0032172793495, 0.00082160810168, 0.19341479981, 0.0032835257392, 0.20230079412, 0.19606805982, 0.0030945505142, 0.19602926038],
      [0.0038828268681, 0.00055837292161, 0.0051533746387, 0.004764066441, 0.00022402567789, 0.25213691631, 0.48649900834, 0.004904393061, 0.24186061183, 1.6403912806e-05],
      [0.35666884163, 0.090556030848, 0.091220229918, 0.089456776634, 0.092533053057, 0.0035070842506, 0.0019424704023, 0.0031230697098, 0.17805021985, 0.092942223703],
      [0.0045759662547, 0.1272815644, 0.25250201534, 0.24212549932, 0.12130132626, 0.12118141284, 0.1285725946, 0.00048703117407, 0.0018469701562, 0.00012561965734],
      [0.16920502363, 0.16104930277, 0.00094244714563, 0.00015308207583, 0.1683329866, 0.0024360257973, 0.16671077343, 0.32456382067, 0.0057685980546, 0.00083793983852]
    ],
    [
      [0.2653166774, 0.019391825981, 0.16864008276, 0.14984816412, 0.20721890734, 0.018400325103, 0.0028175162247, 0.054828119064, 0.07537032376, 0.038168058239],
      [0.0046101712066, 0.00060792589538, 0.13713641558, 0.14724159088, 0.14012685262, 0.28381114557, 0.1375765412, 0.0094802244364, 0.0013470077263, 0.1380621249],
      [0.27606310319, 0.1424284339, 0.0046435839842, 0.27463643196, 0.011259909726, 0.00083489662864, 0.00017727661562, 0.14592653309, 0.1384134914, 0.005616339496],
      [0.25765661368, 8.6630561695e-05, 0.1201714748, 0.00069899444529, 0.12203935789, 0.00094128034385, 0.36062513608, 0.0087556863461, 0.12072759812, 0.0082972277328],
      [0.161116967, 0.16618772365, 0.001608748162, 0.01039738286, 0.16126473605, 0.17529388913, 2.1402182664e-05, 0.16241798055, 0.16159208287, 9.9087546672e-05],
      [0.27727429417, 0.00080077260304, 0.0049195586013, 0.0051045833698, 0.0010247102502, 0.13791199718, 4.3212345754e-05, 0.13821623506, 0.28837208865, 0.14633254777],
      [0.00079199708024, 0.48136258565, 0.033027287915, 0.00049039828517, 0.0021633528147, 0.0015579237523, 0.00021848756027, 0.0001132537719, 0.00041183536393, 0.47986287781],
      [0.3003044412, 0.00048287385279, 0.099809984332, 2.1200867797e-05, 0.10022876179, 0.00044670688544, 5.2595214813e-05, 0.099396885989, 0.10722477733, 0.29203177254]
    ],
    [
      [0.3182983054, 0.012698334449, 0.11285191775, 0.10156159834, 0.14804401897, 0.073913456079, 0.062775312124, 0.060138835975, 0.068006190416, 0.04171203049],
      [0.22084148826, 0.0011831459517, 0.0069143253068, 0.0045455001614, 0.00056709593702, 0.0056422779887, 0.70239656901, 0.0027119012541, 0.022740813588, 0.03245688255],
      [0.43465335234, 0.15962584158, 0.15013541875, 0.12461718893, 0.014446685699, 0.007616003866, 0.012606280292, 0.0069542099661, 0.083008554024, 0.0063364645452],
      [0.16877506592, 0.010542420474, 0.15541899285, 0.087393636205, 0.10802822055, 0.011621339526, 0.26905800892, 0.029133809772, 0.031248350864, 0.12878015492],
      [0.016330405633, 0.0036510253592, 0.71986914001, 0.018412588281, 0.0013456020415, 0.085718801189, 0.0095550666048, 0.0099482502937, 0.070517857614, 0.064651262976],
      [0.2181926178, 0.034686732987, 0.0093209606055, 0.10903143854, 0.0076160978062, 0.13872652857, 0.099999815455, 0.11170551817, 0.10955946233, 0.16116082774],
      [0.15176340985, 0.26724342226, 0.043593513987, 0.034742283658, 0.10481205215, 0.13662046016, 0.23976493586, 0.0061267169874, 0.0022385682704, 0.013094636825],
      [0.24019653842, 0.0054301967897, 0.013455666502, 0.00029353117061, 0.20567293848, 0.00073414635061, 0.10964513653, 0.012485371908, 0.22986073031, 0.18222574354]
    ],
    [
      [0.11503871911, 0.14378326352, 0.060604572878, 0.0095618883679, 0.24845794557, 0.01219030554, 0.11392202345, 0.00024271786104, 0.19898491776, 0.097213645956],
      [0.087105547735, 0.003117089079, 0.087088753956, 0.080426647002, 0.085944037929, 0.21790894765, 0.14868902398, 0.14119356782, 0.057169391522, 0.091356993324],
      [0.089615845269, 0.0048426982, 0.00093394828389, 0.0060937060437, 0.20101963277, 0.29206147789, 0.0041995057796, 0.093314631315, 0.19936309963, 0.10855545482],
      [0.18263710796, 0.088420405447, 0.085550657241, 0.24900281973, 0.016274484104, 0.014737610662, 0.17909229006, 0.086032756631, 0.016800055344, 0.081451812816],
      [0.10929189816, 0.1127704363, 0.095020087147, 0.21612660106, 0.00084573178501, 0.00087183931134, 0.27287639758, 0.0046908312762, 0.18331342281, 0.0041927545658],
      [0.67847649753, 0.010451033582, 0.0094625146719, 0.0057671346963, 0.015466278318, 0.00027556127211, 0.0010101063688, 0.0095671323663, 0.0060135262592, 0.26351021493],
      [0.0015904375897, 0.18714356351, 0.35862711413, 0.00028250626054, 0.19272614484, 0.0096166375461, 0.21017455213, 0.011919957261, 0.01180095579, 0.016118130944],
      [0.33673229124, 0.00046300594984, 0.013478656514, 0.00012497122086, 0.00056335452959, 3.734033652e-05, 0.61088266186, 0.00020960843685, 0.03523085443, 0.0022772554848]
    ],
    [
      [0.41751976691, 0.10115784888, 0.0078646487794, 0.0026642179491, 0.33047086061, 0.01266534034, 0.10547276254, 0.0036468910699, 0.015400022209, 0.0031376407106],
      [0.069846975458, 0.00084727664298, 0.043707416956, 0.016430910996, 0.080576917608, 0.16779368976, 0.1985464885, 0.19519266507, 0.15144826392, 0.075609395088],
      [0.011203769384, 0.017794197706, 0.0020380183162, 0.0032291347334, 0.61349461916, 0.31387203032, 0.00059204014242, 0.012868801197, 0.019932415217, 0.0049749738292],
      [0.0094550943563, 0.0056990318773, 0.0020189825269, 0.001923001012, 0.2381245811, 0.0078695579351, 0.2588181131, 0.0073946086455, 0.23494427975, 0.23375274969],
      [0.23593264276, 0.11713361803, 0.11924345146, 0.0099488055004, 0.0074980122857, 0.24733104151, 0.12279575199, 0.0074470978483, 0.13038007895, 0.0022894996726],
      [0.37554173381, 0.0014756763486, 0.0092331354859, 0.18056958981, 0.0073613181849, 0.010069981149, 0.0099262825604, 0.014837920385, 0.37699447826, 0.013989884006],
      [0.46051010538, 0.0021909879747, 0.015841270989, 0.22678334128, 0.021570885865, 0.24382569102, 0.017015880651, 0.0065207554744, 0.0033031695528, 0.0024379118146],
      [0.011813387416, 0.0025581898908, 0.0052838503651, 0.0005308286591, 0.90610309774, 0.0010133889916, 0.0040569301236, 0.025810253111, 0.038231289721, 0.0045987839803]
    ],
    [
      [0.11792335857, 0.012765188459, 0.014792368335, 0.070949636551, 0.24782748318, 0.10712205889, 0.045911688346, 0.10007457609, 0.26657805231, 0.016055589268],
      [0.11262972541, 0.01974169268, 0.033983704374, 0.011036858338, 0.09130786298, 0.12806460743, 0.14676319988, 0.20830173236, 0.10136765182, 0.14680296474],
      [0.043251660176, 0.10137146987, 0.00087338588396, 0.012835889257, 0.16733476968, 0.059566348745, 0.0064320990186, 0.12715347462, 0.2767999822, 0.20438092056],
      [0.19221044994, 0.029617574999, 0.021172914222, 0.0099072470798, 0.015167313368, 0.0029405166491, 0.18858949495, 0.099557265494, 0.18911199208, 0.25172523122],
      [0.081114189017, 0.014694842035, 0.10949460782, 0.01487526653, 0.20252503919, 0.23340776931, 0.10813164062, 0.045225886443, 0.1878632989, 0.0026674601326],
      [0.19837292049, 0.090324763334, 0.035056728685, 0.0010661433235, 0.21569616623, 0.027182643416, 0.042538610992, 0.059854326339, 0.21896340935, 0.11094428785],
      [0.044733646534, 0.25122765489, 0.19560818072, 0.10456662993, 0.01296876165, 0.074898495917, 0.12369186733, 0.067327659998, 0.075809820953, 0.049167282088],
      [0.059620259724, 0.20012675554, 0.19696050152, 4.8289149756e-05, 0.0084405406159, 0.00021193729867, 0.028071282633, 0.20340370949, 0.16171754455, 0.14139917949]
    ],
    [
      [0.44266729446, 4.4601436406e-06, 0.11070643465, 0.0010653335732, 0.1112884065, 0.0005968906055, 6.2568282095e-05, 0.11095390278, 0.1115808924, 0.11107381659],
      [0.1302453683, 0.021714183763, 0.043622648796, 0.043526919883, 0.065122017903, 0.065149961549, 0.15231706295, 0.26074591854, 0.10878990903, 0.10876600928],
      [0.16697849194, 9.6380011431e-05, 0.16621982319, 8.5996280566e-05, 0.16656320423, 0.16676755941, 0.000138885358, 0.00067040437288, 0.16631560576, 0.16616364944],
      [0.0006940838282, 1.3960532175e-05, 0.18131087649, 0.090676982232, 0.18177920641, 8.1168970667e-05, 0.27214251026, 0.18184605781, 0.0010060227132, 0.090449130753],
      [0.00051130147211, 1.5508992677e-05, 0.1119409286, 0.22125718259, 0.11107881004, 0.11095746482, 0.11116945441, 0.11177582729, 0.22125865504, 3.4866749238e-05],
      [0.1670266713, 2.680399998e-05, 0.00093536027895, 0.33223345232, 0.16624603664, 0.00083948502232, 1.3811762184e-05, 0.3322139122, 0.00030229708999, 0.00016216938789],
      [0.39893417133, 1.1337375961e-05, 0.39822951954, 0.001043451294, 0.00077476860842, 0.19967117294, 0.00021353614986, 0.00046630467071, 4.1752034726e-05, 0.00061398605036],
      [0.001721117047, 2.3084835283e-06, 0.00012919328156, 3.4785910168e-05, 0.00034770860125, 0.12427769749, 0.12459692796, 0.12514701475, 0.2486407288, 0.37510251767]
    ],
    [
      [0.079881041789, 0.0075556145393, 0.26192853463, 0.013115744965, 0.047380243084, 0.13577706928, 0.03867853579, 0.37006036152, 0.037964491965, 0.0076583624416],
      [0.12147300128, 0.038988762167, 0.0071767766968, 0.015650338272, 0.06821299057, 0.087369344394, 0.27752304714, 0.23700178132, 0.052371202015, 0.094232756145],
      [0.41250873917, 0.02357088076, 0.023718722233, 0.0044097031829, 0.028500258121, 0.19554657721, 0.030890533636, 0.020501415742, 0.22623214474, 0.034121025202],
      [0.37119987597, 0.031079646867, 0.0054085821685, 0.00046979901178, 0.0084248567241, 0.1354815616, 0.24612755219, 0.05435571315, 0.12866971838, 0.018782693927],
      [0.067621675278, 0.021296842683, 0.23680284294, 0.031038560077, 0.0052448861578, 0.20461384135, 0.18152110195, 0.040161168269, 0.20465700451, 0.0070420767822],
      [0.050768106257, 0.006304255651, 0.29080837072, 0.23599434287, 0.063812362593, 0.014686809869, 0.25373217467, 0.0091619456167, 0.017783499861, 0.056948131892],
      [0.22878705372, 0.13442446102, 0.12079382626, 0.012190046685, 0.20979345769, 0.020207117136, 0.24188540496, 0.016638574213, 0.0028806541615, 0.012399404154],
      [0.41464435532, 0.0076710302361, 0.010791096487, 6.6584848648e-05, 0.070462300447, 0.0022847099591, 0.048780115186, 0.05029877174, 0.13742636078, 0.257574675]
    ],
    [
      [0.37238606337, 0.00094790088989, 0.1280933094, 0.0095282271725, 0.12325714876, 0.0096318468791, 0.0043776538058, 0.11694081075, 0.22681328657, 0.008023752405],
      [0.19452883643, 0.01659642378, 0.051366931289, 0.015248281832, 0.052543262728, 0.07223580059, 0.25474078317, 0.18877612827, 0.019902732461, 0.13406081945],
      [0.18357176721, 0.0016964744342, 0.012247029802, 7.3674049432e-05, 0.60409577959, 0.0065457838881, 0.0080632569019, 0.012454499207, 0.15633017515, 0.014921559772],
      [0.041580117234, 0.00060105820144, 0.0092685477528, 0.010170259758, 0.14726513902, 0.0044448627845, 0.31932048746, 0.4496379369, 0.00186289111, 0.01584869978],
      [0.0065732389434, 0.0025782084606, 0.30910524913, 0.29047522875, 0.0163662319, 0.023933068503, 0.32577873403, 0.014644477003, 0.0041527709443, 0.0063927923268],
      [0.26706603202, 0.0070946940457, 0.35513596734, 0.0040979446494, 0.011929370249, 0.33670459328, 0.0072084058117, 0.0021501825333, 0.0039110233587, 0.0047017867136],
      [0.14810344081, 0.15059221835, 0.16526504545, 0.009711243481, 0.027240264054, 0.30350064336, 0.1745235537, 0.011994096156, 0.00020091804997, 0.0088685765863],
      [0.036982554858, 0.0078492765532, 0.01387933865, 4.6311841319e-05, 0.024437388828, 0.0021623245563, 0.22220633132, 0.0052569653071, 0.0042805216741, 0.68289898641]
    ],
    [
      [0.19990718558, 1.6297953411e-06, 0.2000405887, 6.8413571288e-06, 0.1999739685, 6.3228703225e-05, 0.19991047461, 7.4246952067e-06, 0.19995869406, 0.00012996399529],
      [0.08107071988, 0.027023754396, 0.027031822406, 0.054055088321, 0.13511348816, 0.16217155991, 0.054110924592, 0.16214036501, 0.081093808586, 0.21618846874],
      [0.064533804095, 0.032254126752, 0.064496831542, 4.4500595371e-06, 0.32254206802, 0.12905275789, 0.064487066522, 0.032280651083, 0.22580855656, 0.064539687478],
      [0.11110845363, 7.2713777318e-05, 4.7499357409e-06, 5.0936608726e-05, 3.1700475901e-05, 0.11105877304, 0.3332522515, 4.5465452012e-05, 0.33323512732, 0.11113982825],
      [2.1477282081e-05, 2.6869835188e-06, 8.3796479712e-05, 0.2500444821, 4.7839266596e-05, 0.24990322847, 1.0950040081e-05, 0.49980672021, 3.6624094575e-05, 4.2195072529e-05],
      [0.28568219405, 0.14278532248, 2.257617534e-05, 0.14279210953, 7.2153780141e-05, 0.2856117363, 1.1685562216e-05, 5.4760039894e-05, 0.00012177562646, 0.14284568644],
      [1.34014441e-05, 6.4031802565e-06, 0.24991864759, 0.24989930658, 0.00013803760051, 0.25006849378, 0.24988823349, 1.6673629663e-06, 5.182705877e-06, 6.0626257275e-05],
      [0.0001361845343, 1.5655679324e-05, 2.4302465881e-06, 3.7408419197e-06, 0.00019769955826, 8.8165617135e-07, 9.8519418118e-05, 1.4375923986e-05, 0.3331781854, 0.66635232674]
    ],
    [
      [0.0023187802951, 0.23790278577, 0.0025126462804, 0.007814796319, 0.014203640338, 0.0019614899097, 0.24180552672, 0.0067654523364, 0.48357860349, 0.001136278538],
      [0.31671947322, 0.0031115496139, 0.00020622622542, 0.0061246001891, 0.0020005847126, 0.001016548535, 0.32780512957, 0.32516859021, 0.0085441647445, 0.0093031329841],
      [0.0024510584525, 0.055485227416, 0.01710165685, 0.035563961911, 0.20902767281, 0.069595494808, 0.00066345677216, 0.105846071, 0.29649225592, 0.20777314406],
      [0.1918582122, 0.0040546724368, 0.00098745164002, 0.38203545742, 0.19331836741, 0.0021727158826, 0.0094763304807, 0.195321674, 0.011497177627, 0.0092779409051],
      [0.2434813004, 0.24377068575, 0.0029324592834, 0.24754825677, 0.0032853764399, 0.0031425816008, 0.12209143379, 0.0060263335632, 0.12686281167, 0.00085876073962],
      [0.16743639046, 0.16010552122, 0.0011866177097, 0.0037702477131, 0.16811816883, 0.1608739892, 0.0042867450967, 0.16029607381, 0.0061419077686, 0.16778433819],
      [0.0018432500494, 0.41711880742, 0.13968937698, 0.14093684239, 0.010065292113, 0.0024287328501, 0.27539271487, 0.0055497768718, 0.0014797019016, 0.005495504549],
      [0.0037193072082, 0.0023082812945, 8.2191351062e-05, 0.00072923720769, 0.27779481057, 0.00012317824644, 0.0072210688972, 0.2804652404, 0.14210918125, 0.28544750359]
    ],
    [
      [0.21857199788, 0.0005171396885, 0.02844340471, 0.056471464637, 0.029596853806, 0.0007756608707, 0.22368994482, 0.44085414445, 0.00089647372255, 0.00018291542133],
      [0.00097455850206, 0.28762198717, 0.00022906460828, 0.020320094735, 0.14365129428, 0.0052685869704, 0.16492541886, 0.025463086988, 0.14388122714, 0.20766468075],
      [0.054440918916, 0.022432512134, 0.026119581354, 0.055710634775, 0.25374925698, 0.11062697964, 0.0029946657611, 0.11380052251, 0.12047901485, 0.23964591308],
      [0.14558649217, 0.019779168279, 0.16617409909, 0.14639847985, 0.005418282993, 0.00023860759865, 0.021388086081, 0.31195080997, 0.18223385976, 0.00083211421257],
      [0.026201946639, 0.00074726238103, 0.17690373057, 0.003823603638, 0.026357350235, 0.02739651555, 0.19441218259, 0.17331922498, 0.34753226134, 0.023305922074],
      [0.30597958177, 0.16243038274, 0.16622770634, 0.15340574909, 0.00045742826839, 0.1625426076, 8.318511541e-05, 0.039187819951, 0.0011706304985, 0.0085149086311],
      [0.031707486071, 0.15594318702, 0.38307708775, 0.07334731533, 0.021975041683, 0.08225277283, 0.15589033913, 0.0009314065478, 0.085029052336, 0.0098463112998],
      [0.12669999316, 0.01437056411, 0.0030824554072, 0.00017734427545, 0.017531585007, 0.00016909633161, 0.12317472657, 0.25847155306, 0.11116275989, 0.3451599222]
    ],
    [
      [0.16645939287, 0.00017053838511, 0.16626933913, 0.16636488735, 0.16721582416, 0.00028260503276, 0.16616566869, 0.00020295657565, 0.16673357562, 0.00013521218275],
      [0.00014755143634, 7.7178389215e-06, 0.00046892096042, 0.1111817618, 0.11102013141, 0.2217616581, 4.4213811784e-05, 0.33283581929, 0.11129398856, 0.11123823679],
      [0.062537334863, 0.041647016927, 0.083249505002, 0.062440076993, 0.29178355055, 0.062598883224, 0.0207745525, 0.041665540222, 0.16672598065, 0.16657755906],
      [2.937209589e-05, 0.14257577214, 0.14305341165, 4.4740676259e-05, 0.2850092392, 0.14269989977, 0.00067689018692, 0.00015253738752, 0.285321534, 0.00043660289852],
      [0.1668201878, 0.083586911344, 0.16677811581, 0.00041338189762, 0.083212309807, 0.16628733607, 0.083067263211, 0.00024577098392, 0.24957226793, 1.6455135681e-05],
      [0.1428436368, 8.6931851713e-06, 0.14282994901, 0.14262717707, 0.28570849883, 0.00030537311612, 2.4118659696e-05, 0.28496406237, 0.00031134584141, 0.00037714511505],
      [0.33228255248, 0.33233901708, 0.00018453145894, 0.00011813490809, 0.33372582243, 0.00039104827001, 3.2708541553e-05, 0.00055566170641, 4.8786955335e-06, 0.00036564443154],
      [0.12491532914, 0.00021240649989, 0.12488911596, 4.0890365081e-06, 0.24964551182, 5.6205273499e-06, 0.00045214968725, 0.00036019013472, 9.9195981483e-05, 0.49941639122]
    ],
    [
      [0.3319959119, 0.0017392584504, 0.032031347346, 0.39523751988, 0.20153437339, 0.00041419781635, 0.0012174918528, 0.032264068176, 0.0034398863272, 0.00012594485766],
      [0.02456906921, 0.0018946781921, 0.023587666828, 0.11981374575, 0.25933105538, 0.00085996189192, 0.026655114659, 0.4968742403, 0.023262352852, 0.023152114941],
      [0.16336390404, 0.071227190831, 0.0034930480759, 0.076515813564, 0.22212598687, 0.045693320228, 0.015541268112, 0.139717514, 0.26196226199, 0.00035969229327],
      [0.0034149191942, 0.30903315248, 0.10428410561, 0.023772044034, 0.020009385177, 0.0024718234276, 0.26727429085, 0.1647488407, 0.10487778948, 0.00011364905736],
      [0.0044500298835, 0.055022069784, 0.29495942294, 0.0028049417807, 0.11022463969, 0.27610447822, 0.00016319017969, 0.12825324091, 0.12772878215, 0.00028920445942],
      [0.28841563218, 0.0010565213833, 0.4145487912, 0.20829613111, 0.0014193166915, 0.0025964403813, 0.00033659760696, 0.079291029479, 0.0023181863734, 0.0017213535927],
      [0.2307010372, 0.1683336254, 0.035356639972, 0.1993340717, 0.00044620886749, 0.001522399881, 0.19865603341, 0.16539400356, 0.00023907763949, 1.6902363359e-05],
      [0.3714811001, 0.039801824392, 0.020277372919, 0.00099831707991, 0.0027752881132, 0.00021966663367, 0.10422608303, 0.024926273918, 0.20936905775, 0.22592501606]
    ],
    [
      [0.26041279577, 0.00026844574518, 0.12084964392, 0.024750216818, 0.14385588665, 0.021356575764, 0.12196912039, 0.14239051736, 0.0022688247957, 0.16187797279],
      [0.0016945482864, 0.00092803549279, 0.00043857852553, 0.13898820252, 0.30237970984, 0.0032257673079, 0.19050452526, 0.28234933354, 0.027511367185, 0.051979932057],
      [0.092602022931, 0.021568441289, 0.015453421763, 0.0061403183653, 0.29631139515, 0.070813717987, 0.018652944398, 0.13987186345, 0.18032991998, 0.15825595469],
      [0.25069435582, 0.0018228531027, 0.0150611698, 0.16602085476, 0.1138645894, 0.003643566823, 0.047901011228, 0.10450666035, 0.18161087496, 0.11487406376],
      [0.037904941702, 0.2455645704, 0.21105066403, 0.0032386618063, 0.00085486443698, 0.20901462102, 0.0039575364932, 0.20943466556, 0.039882121896, 0.039097352656],
      [0.028456014367, 0.13977449841, 0.02509555855, 0.00081226215392, 0.27925172287, 0.050366495616, 0.13814961422, 0.0064978218675, 0.16389576008, 0.16770025186],
      [0.0066465099172, 0.45650127755, 0.038981664496, 0.24543446996, 0.040747107851, 0.2080169499, 0.0017782627611, 0.00073487431591, 0.0003221477713, 0.00083673547738],
      [0.14561649452, 0.018079769326, 0.0017357647578, 0.00016304754143, 0.021927897356, 4.974099025e-05, 0.18500877929, 0.20348422852, 0.23565932839, 0.18827494931]
    ],
    [
      [0.00022047407891, 2.2328351896e-05, 4.4243478267e-05, 0.12502312592, 0.37483973541, 0.12499979024, 0.12489616973, 0.12491689383, 0.12491110159, 0.00012613737868],
      [8.8967089559e-05, 4.0174491244e-05, 0.19981732521, 0.19984858598, 0.1999795268, 0.00018201479014, 0.00025359242833, 0.19988075225, 0.00011303979443, 0.19979602116],
      [0.13036449642, 0.065229554102, 2.3821240492e-05, 0.065206507145, 0.2391992638, 0.10866242639, 0.043454607309, 0.043550734337, 0.2390822914, 0.065226297865],
      [0.1500191423, 0.049980039662, 6.3528122384e-05, 0.00012833484608, 0.14992808993, 0.14994313529, 0.14995731716, 0.19991855595, 0.14994038728, 0.00012146945179],
      [0.00012302101426, 0.1998389193, 0.1998433324, 0.19984540267, 0.19991328669, 0.00013547527592, 2.0108627653e-05, 8.6360967051e-05, 0.20009513986, 9.8953190781e-05],
      [0.20006974157, 5.780913282e-05, 0.19978259835, 0.39964206442, 0.199906122, 0.00021899471534, 5.1891195932e-05, 9.423683744e-05, 0.00013241031254, 4.4131467713e-05],
      [0.00016602697424, 0.33309421165, 1.2349269984e-05, 0.00019143131169, 0.00011914173358, 0.33321471809, 7.3422251003e-05, 0.33297064424, 0.0001161193028, 4.1935172719e-05],
      [0.24989747463, 8.6742703294e-05, 3.2981315095e-06, 6.1800970582e-05, 0.12502526005, 4.2597537658e-05, 0.00011551683233, 0.12496765848, 0.0002583412211, 0.49954130944]
    ],
    [
      [0.025712255835, 0.21022727873, 0.0002439459187, 0.23812949956, 0.26125340123, 9.2264157267e-05, 0.0030830196328, 0.0006685428177, 0.25240772316, 0.0081820689596],
      [0.032367065076, 0.00012642115674, 0.002489464825, 0.0089143757309, 0.18613205291, 0.34470638571, 0.061129278619, 0.018286344158, 0.16689280814, 0.17895580368],
      [0.21204360968, 0.11977172045, 0.099773831724, 0.00023590707954, 0.1289288083, 0.20974959119, 6.2541471833e-05, 0.11091290632, 0.11490197915, 0.0036191046351],
      [0.36485137383, 0.0053941388778, 0.0092624725651, 0.056251032945, 0.12889914161, 0.06228067704, 0.18483492068, 0.095169300527, 0.071740548978, 0.021316392946],
      [0.039388495099, 0.024816459922, 0.33387748879, 0.18173188374, 0.0003567335096, 0.20366241284, 0.00010578726581, 0.19037697412, 0.0071692767748, 0.01851448795],
      [0.55321107263, 0.011493104398, 0.10408279217, 0.028301146343, 0.15419344841, 0.10926285007, 0.011290624484, 0.00059024972776, 0.00881054583, 0.018764165941],
      [0.020205831464, 0.58531922019, 0.0061059050604, 0.15669700488, 0.020679414072, 0.037204767714, 0.035211435542, 0.13843469161, 5.5429491047e-05, 8.629997496e-05],
      [0.19188960723, 0.0065523288781, 0.0062071474199, 4.3875229565e-05, 0.16380034117, 0.0031012742759, 0.16072002131, 0.015605391413, 0.025874125457, 0.42620588761]
    ],
    [
      [0.0082509941643, 0.97296862328, 0.00036377396816, 0.0015450485159, 7.081391246e-07, 7.4087824995e-07, 4.6767283339e-05, 0.00074819502507, 9.012465782e-05, 0.015985024086],
      [0.14394622481, 0.0015820752873, 0.0015437677776, 0.14104489354, 0.0013409503903, 0.421643199, 0.0019695788129, 0.0017662495946, 0.14306688672, 0.14209617405],
      [0.0036592045304, 0.2169489162, 0.0030987904408, 0.0017012976605, 0.11133944142, 0.10989544125, 8.7833762847e-06, 0.10814869027, 0.33347697626, 0.11172245859],
      [0.37898437484, 0.021237990414, 0.080096267393, 0.021327816093, 0.020317632455, 0.0014439472982, 0.15920201609, 0.079707415963, 0.11880003446, 0.11888250499],
      [0.12417712627, 0.0026635910439, 0.37080923787, 0.0052124149109, 0.00073609380434, 0.36604570981, 0.00042889492832, 0.00029108408062, 0.12759047849, 0.0020453687991],
      [0.2861947047, 0.00010907759291, 0.00085373111425, 0.55718555011, 0.0027888627477, 0.0015563996647, 3.786417521e-06, 7.0647301686e-05, 0.1429132251, 0.0083240152496],
      [0.18269927094, 0.26989489404, 0.090143127208, 0.18067175012, 0.17691298621, 0.0038245858468, 0.092480444623, 0.0006071892306, 3.8642755928e-05, 0.0027271090291],
      [0.42792884657, 0.0015144253319, 0.14172899256, 7.255959049e-06, 0.00017462937407, 0.00084422993499, 0.00074911014087, 0.0026681088417, 0.0050865264248, 0.41929787486]
    ],
    [
      [0.35129342093, 0.0061108214237, 0.095317853819, 0.0015740049851, 0.26895198229, 0.004210640481, 0.09237503098, 0.086076451097, 0.087875104491, 0.0062146895087],
      [0.13818948141, 0.0010703761144, 0.27181084316, 3.7313046562e-05, 0.0071653914146, 0.018522277619, 0.54109634698, 0.0055197448755, 0.013266960326, 0.003321265052],
      [0.013776834338, 0.0022260492981, 0.0072665175688, 4.1377805287e-05, 0.011934933506, 0.56711275125, 0.0052277540769, 0.0067624288615, 0.37935979544, 0.0062915578583],
      [0.39816392422, 0.039348816082, 0.042099568014, 0.0008937315265, 0.041346828199, 0.080017556919, 0.24057366655, 0.039904152893, 0.060155564724, 0.057496190879],
      [0.14303269944, 0.0090312949281, 0.4081808607, 0.1330314323, 0.0064856324336, 0.013844396645, 0.010631569029, 0.13500711475, 0.1397868768, 0.00096812297456],
      [0.13851545947, 0.1207842985, 0.12779237363, 6.3156038956e-05, 0.11822487597, 0.23961448275, 0.0022568421204, 0.0047261897866, 0.1269695505, 0.12105277123],
      [0.38443423168, 0.378210451, 0.01698790891, 0.00039855309248, 0.0061221150345, 0.19238681784, 0.0084260893807, 0.011580193838, 0.00073075489964, 0.00072288432263],
      [0.022834555286, 0.0037387962061, 0.1347103084, 0.00054474980403, 0.5489350525, 0.0016892402065, 0.14382456652, 0.13496296345, 0.0054299426912, 0.00332982493]
    ],
    [
      [0.16858978249, 0.023779689085, 0.1032635783, 0.026673723668, 0.40896649757, 0.022272825148, 0.092973893875, 0.08551343727, 0.017651648824, 0.050314923777],
      [0.15049163099, 0.0072196217731, 0.055246012324, 0.030209200538, 0.053683145159, 0.16505432541, 0.14901165062, 0.17815542131, 0.054336153402, 0.15659283847],
      [0.34474554924, 0.10629011347, 0.0013224833388, 0.16818011166, 0.097992283602, 0.05277892649, 0.0011367052108, 0.10382083996, 0.028798172245, 0.09493481478],
      [0.32756395274, 0.012056118503, 0.03013093249, 0.033293371294, 0.11164317878, 0.051167892461, 0.24092286542, 0.089636234679, 0.054939519929, 0.048645933703],
      [0.081873810116, 0.224745539, 0.011562395286, 0.068209246224, 0.15018432291, 0.15350725344, 0.01847890778, 0.14833532472, 0.01612707184, 0.12697612868],
      [0.26588454068, 0.0057820584021, 0.17587004504, 0.08525578002, 0.10580758389, 0.10402134993, 0.012774195565, 0.12181867987, 0.062894682126, 0.059891084479],
      [0.028192517093, 0.15814642571, 0.14022578853, 0.036253453276, 0.11420693548, 0.19991879629, 0.20293983464, 0.091476235506, 0.0085917457936, 0.020048267689],
      [0.33533100209, 0.002601542366, 0.012871112149, 0.0011289306023, 0.10222697428, 0.025211701084, 0.16011598006, 0.027233905734, 0.12630040011, 0.20697845152]
    ],
    [
      [0.26799553684, 0.13831945398, 0.042386652861, 0.25526924761, 0.010518227077, 0.11800830914, 0.021809133682, 0.00034220119299, 0.14037440542, 0.0049768321877],
      [0.27401989037, 0.080020069803, 0.006049126347, 0.041497505712, 0.017795369188, 0.086505296618, 0.043598918296, 0.083192148106, 0.19046925605, 0.17685241951],
      [0.1315646116, 0.030986295452, 0.0076172650766, 0.20173435706, 0.22548880846, 0.010116224031, 0.11894463049, 0.098263606983, 0.15671095535, 0.018573245493],
      [0.32111414689, 0.056687222281, 0.074023571643, 0.058570688152, 0.049101466807, 0.039567018177, 0.241488987, 0.034290725162, 0.068719922191, 0.056436251692],
      [0.0057560009039, 0.3467020634, 0.095056609802, 0.0075653343825, 0.16119249169, 0.16677460937, 0.17410360006, 0.00081351355211, 0.032094983231, 0.0099407936065],
      [0.28178973053, 0.26615908273, 0.031773294148, 0.0065400960467, 0.031505891775, 0.064019725692, 0.00066587370368, 0.023120184713, 0.0064449315939, 0.28798118907],
      [0.20402325616, 0.11633959523, 0.23639013968, 0.2054248079, 0.014294652876, 0.19831830412, 0.0095941324685, 0.0059057470739, 0.00069706538093, 0.0090122991105],
      [0.45332795185, 0.0033412796146, 0.20626516532, 0.0013850841981, 0.035662422291, 0.00023536054541, 0.0058791981711, 0.073220495328, 0.20218763719, 0.018495405495]
    ],
    [
      [0.38751976129, 0.0074594448066, 0.095953343931, 0.18293738144, 0.014116403627, 0.0094663646846, 0.097388484218, 0.18318820967, 0.015556606936, 0.0064139994019],
      [0.13387868375, 0.13887636438, 0.0037831312703, 0.38808963411, 0.011188094753, 0.13578052507, 0.14177934775, 0.0058002435345, 0.025201306437, 0.015622668952],
      [0.17096566263, 0.30353783946, 0.009276286982, 0.015939694228, 0.0096773812845, 0.017965073702, 0.0024647951197, 0.14977670075, 0.31618914089, 0.0042074249459],
      [0.28779294264, 0.084562725645, 0.052616766073, 0.02188692617, 0.13811868571, 0.039359208023, 0.18113536326, 0.074382225486, 0.10340138027, 0.016743776722],
      [0.015260691255, 0.031879626239, 0.14954342518, 0.15902791273, 0.15512856088, 0.4528641609, 0.0073096986191, 0.00475385839, 0.01889633219, 0.0053357336243],
      [0.32093541461, 0.0048838374997, 0.022503200944, 0.024079909746, 0.0052916236859, 0.30827894893, 0.0066824113694, 0.15201938539, 0.15247094495, 0.0028543228801],
      [0.37926146619, 0.033736490904, 0.19124738226, 0.006486455188, 0.0037026680301, 0.014486250083, 0.35147697621, 0.0079529771223, 0.011554960034, 9.437397947e-05],
      [0.032992217781, 0.0018170228656, 0.0058178379498, 0.00040337629572, 0.25169354143, 0.00091916918934, 0.0084882672914, 0.020761754633, 0.22360854549, 0.45349826707]
    ],
    [
      [0.37381794293, 0.12496287379, 0.0004096640844, 0.12510802642, 0.0011490961633, 0.24944830558, 0.12464682397, 0.00043749234993, 1.9774713752e-05, 0],
      [0.00058110358165, 1.6390186343e-05, 0.0004471483004, 0.14274106303, 0.00059123854831, 0.28554691531, 7.3740638978e-05, 0.42711381083, 0.14288858958, 0],
      [0.0014299372936, 0.39851370943, 2.083586573e-06, 3.3878148594e-06, 0.19950148584, 0.19995730278, 4.747754341e-06, 0.00064785306968, 0.19993949242, 0],
      [0.19925994177, 0.00060147241462, 1.794785782e-05, 0.00020071127825, 0.20054296968, 0.19983237242, 0.00091963881887, 0.19929370272, 0.19933124304, 0],
      [0.077107919378, 0.077048984778, 0.13443560657, 0.11550181805, 0.11530598929, 0.24997439203, 0.038504079908, 0.076805205985, 0.11531600402, 0],
      [0.49908560184, 0.12493404384, 0.12489932718, 0.1249729654, 0.12468368722, 0.00088927059608, 1.8749016369e-06, 1.0944473666e-05, 0.00052228455438, 0],
      [0.12536923203, 0.24956574296, 7.4556884683e-05, 0.37412619385, 0.12468219173, 0.00010331923051, 0.12490987998, 0.0011664742473, 2.4090888872e-06, 0],
      [0.28524126537, 0.00029440946043, 0.00043569685734, 5.7199492146e-06, 0.2850868298, 3.9526127918e-06, 0.14231158523, 0.0005293636356, 0.28609117708, 0]
    ],
    [
      [0.42485868752, 0.0013189920948, 0.0016166494247, 0.14149572553, 0.14522420749, 0.00032502640883, 0.0015405554967, 0.14122113288, 0.1421529863, 0.00024603685143],
      [0.15302997251, 0.07754465109, 5.0958667187e-05, 0.077221173898, 0.076917266814, 0.00091974781908, 0.15351817815, 0.30611782575, 0.0009983421812, 0.15368188311],
      [0.16533309428, 0.00029855649979, 6.2430990808e-05, 0.0015949540137, 0.00091074435175, 0.49439829969, 9.3825102403e-06, 0.00022653701818, 0.33683714674, 0.00032885390345],
      [0.0064143149545, 6.0321919453e-05, 0.16521577937, 0.16495842422, 0.16472660928, 0.0015519254767, 0.0012045163868, 0.32953628039, 0.16471769706, 0.0016141309445],
      [0.1571888293, 0.11760806614, 0.195781439, 0.13700424627, 0.058320160737, 0.11782149682, 0.078098538575, 0.059580389279, 0.078324534166, 0.00027229970605],
      [0.00029028010325, 0.00024616156174, 9.2122022774e-06, 5.9964666425e-05, 0.0089805745291, 0.0017909953406, 2.5094016666e-06, 0.00017310072158, 0.98837670878, 7.0492696808e-05],
