{
  "X": [
    [21, 5, 23, 1, 6, 11, 9, 14, 8, 2],
    [11, 4, 31, 3, 2, 4, 7, 18, 15, 5],
    [19, 5, 29, 4, 7, 10, 0, 17, 5, 4],
    [6, 4, 29, 4, 4, 8, 2, 30, 6, 7],
    [20, 4, 18, 2, 3, 11, 5, 20, 12, 5],
    [19, 7, 26, 2, 4, 8, 7, 11, 7, 9],
    [9, 9, 13, 5, 7, 18, 10, 16, 4, 9],
    [19, 7, 6, 2, 8, 21, 11, 12, 6, 8],
    [10, 8, 13, 6, 1, 21, 16, 13, 7, 5],
    [8, 8, 10, 1, 11, 20, 14, 14, 7, 7],
    [10, 9, 7, 3, 4, 19, 14, 17, 5, 12],
    [12, 8, 9, 4, 3, 20, 17, 18, 3, 6],
    [8, 8, 8, 7, 6, 19, 8, 22, 6, 8],
    [2, 8, 11, 5, 5, 18, 4, 26, 7, 14],
    [2, 9, 17, 7, 6, 12, 7, 27, 7, 6],
    [5, 4, 6, 11, 7, 9, 6, 36, 4, 12],
    [7, 5, 7, 9, 11, 11, 3, 36, 2, 9],
    [6, 5, 11, 6, 6, 14, 3, 31, 7, 11],
    [10, 3, 8, 6, 8, 14, 5, 24, 12, 10],
    [9, 5, 15, 7, 12, 7, 8, 15, 17, 5],
    [10, 2, 16, 5, 11, 7, 11, 15, 16, 7],
    [11, 4, 20, 4, 8, 13, 5, 16, 13, 6],
    [8, 3, 15, 4, 9, 13, 4, 23, 16, 5],
    [5, 7, 23, 2, 9, 13, 7, 10, 19, 5],
    [11, 4, 12, 7, 6, 11, 7, 14, 23, 5],
    [3, 10, 10, 2, 9, 11, 9, 24, 10, 12],
    [7, 5, 11, 2, 8, 20, 6, 24, 5, 12],
    [9, 9, 8, 5, 11, 14, 5, 24, 8, 7],
    [5, 13, 11, 2, 17, 13, 1, 18, 12, 8],
    [7, 11, 11, 1, 8, 18, 4, 22, 12, 6],
    [8, 9, 14, 2, 14, 13, 2, 19, 9, 10],
    [14, 9, 9, 0, 13, 13, 0, 29, 5, 8],
    [18, 1, 13, 2, 12, 16, 1, 23, 2, 12],
    [15, 3, 13, 1, 14, 11, 6, 24, 5, 8],
    [14, 6, 13, 5, 8, 19, 3, 24, 4, 4],
    [13, 5, 15, 5, 9, 9, 5, 25, 4, 10],
    [13, 2, 10, 2, 14, 12, 5, 25, 7, 10],
    [14, 5, 6, 4, 7, 14, 6, 27, 4, 13],
    [6, 11, 8, 3, 6, 10, 7, 33, 3, 13],
    [7, 6, 4, 6, 6, 8, 6, 35, 5, 17],
    [8, 12, 6, 4, 10, 6, 4, 32, 6, 12],
    [10, 11, 14, 4, 7, 9, 4, 22, 9, 10],
    [9, 7, 2, 3, 7, 9, 10, 37, 6, 10],
    [9, 3, 12, 5, 10, 5, 9, 27, 10, 10],
    [12, 4, 5, 10, 4, 11, 3, 25, 10, 16],
    [10, 11, 7, 10, 4, 18, 4, 21, 3, 12],
    [7, 4, 6, 8, 6, 9, 3, 29, 12, 16],
    [7, 4, 12, 12, 9, 14, 1, 18, 13, 10],
    [9, 4, 6, 7, 5, 17, 7, 30, 5, 10],
    [10, 7, 11, 12, 5, 8, 3, 24, 9, 11]
  ],
  "W": [
    [58, 8, 4, 8, 8, 3, 5, 6],
    [56, 6, 10, 6, 5, 7, 5, 5],
    [57, 4, 9, 7, 6, 7, 5, 5],
    [61, 2, 7, 2, 7, 4, 7, 10],
    [52, 11, 5, 7, 7, 6, 4, 8],
    [55, 5, 5, 11, 7, 10, 4, 3],
    [18, 45, 1, 3, 9, 8, 12, 4],
    [10, 59, 2, 2, 7, 6, 7, 7],
    [6, 54, 5, 6, 11, 2, 8, 8],
    [12, 47, 7, 4, 6, 8, 11, 5],
    [4, 54, 7, 11, 4, 7, 8, 5],
    [8, 49, 3, 8, 12, 6, 9, 5],
    [3, 30, 27, 12, 8, 5, 8, 7],
    [4, 11, 49, 5, 6, 7, 7, 11],
    [7, 10, 61, 4, 6, 5, 3, 4],
    [6, 6, 66, 3, 2, 5, 3, 9],
    [6, 4, 58, 3, 5, 9, 6, 9],
    [7, 4, 58, 5, 6, 12, 4, 4],
    [5, 8, 43, 22, 4, 9, 6, 3],
    [6, 3, 7, 58, 8, 5, 4, 9],
    [9, 10, 6, 53, 4, 6, 8, 4],
    [4, 7, 8, 57, 3, 8, 7, 6],
    [3, 6, 7, 63, 5, 4, 7, 5],
    [7, 7, 7, 56, 8, 5, 5, 5],
    [6, 7, 7, 59, 5, 3, 7, 6],
    [7, 12, 4, 6, 52, 5, 10, 4],
    [5, 4, 9, 5, 52, 12, 5, 8],
    [7, 11, 5, 10, 53, 5, 6, 3],
    [9, 7, 6, 2, 53, 4, 10, 9],
    [9, 9, 5, 4, 59, 5, 4, 5],
    [4, 8, 6, 5, 54, 5, 6, 12],
    [9, 6, 5, 5, 20, 39, 9, 7],
    [8, 6, 6, 4, 8, 60, 4, 4],
    [8, 8, 6, 3, 7, 57, 7, 4],
    [5, 7, 4, 9, 2, 63, 5, 5],
    [4, 7, 6, 14, 4, 56, 6, 3],
    [9, 6, 5, 5, 7, 47, 13, 8],
    [4, 3, 11, 3, 8, 31, 36, 4],
    [3, 5, 6, 9, 8, 5, 57, 7],
    [3, 7, 7, 6, 8, 7, 55, 7],
    [8, 6, 9, 5, 7, 3, 58, 4],
    [10, 6, 3, 10, 11, 4, 44, 12],
    [4, 10, 4, 5, 7, 3, 60, 7],
    [11, 5, 7, 10, 4, 13, 37, 13],
    [4, 6, 6, 5, 5, 7, 8, 59],
    [5, 7, 5, 6, 7, 7, 5, 58],
    [2, 6, 10, 6, 10, 5, 4, 57],
    [4, 3, 12, 6, 7, 7, 4, 57],
    [5, 7, 6, 2, 7, 10, 5, 58],
    [8, 6, 3, 5, 6, 8, 7, 57]
  ],
  "method": "mcmc",
  "mcmc_stepsize": 3000,
  "mcmc_samples": 1000,
  "burn_in": 10000,
  "cond_prob": [
    [
      [0.2758717975, 0.03448610308, 0.22414872162, 1.2444825403e-07, 0.051720493473, 0.10343905651, 0.086194840232, 0.13793562787, 0.068965162487, 0.01723807278],
      [0.12501879026, 0.37495161524, 0.37493125457, 6.7548360106e-08, 2.3688505538e-05, 4.2959445695e-05, 4.7847249778e-05, 0.12498036732, 2.4149333207e-06, 9.9491807201e-07],
      [1.7616342099e-06, 1.7362819944e-06, 0.74985924549, 0.24999265017, 7.737923402e-07, 8.5780014048e-05, 7.097996168e-06, 5.0817696647e-05, 4.4238362757e-08, 9.2689466576e-08],
      [0.12497674171, 1.9020075531e-07, 0.12502283133, 8.9171230697e-07, 0.37499226752, 0.24999901559, 2.6069295946e-07, 0.12497913079, 2.471068305e-05, 3.9597742659e-06],
      [0.12497854672, 8.6706389934e-07, 0.12497894659, 1.7608046768e-06, 4.3097850272e-06, 0.37497399595, 0.25005976472, 0.12500062611, 9.9402061222e-07, 1.8822689295e-07],
      [2.600609805e-07, 9.1832809913e-08, 5.7033280865e-05, 2.7558638824e-10, 4.6022122335e-06, 9.621819446e-06, 0.66654101343, 0.33338711866, 2.1819198377e-07, 4.0236570301e-08],
      [0.19996290741, 1.2298348899e-07, 0.20002884926, 8.9468221317e-09, 2.1869171184e-06, 1.8903988397e-07, 3.664476343e-05, 0.39993230137, 0.20000259416, 3.4195153245e-05],
      [0.16663679193, 2.9467633506e-05, 0.1666929263, 6.2539429118e-08, 3.5692826328e-06, 5.6706712959e-06, 2.7152395204e-07, 4.4093694245e-06, 0.49996363605, 0.1666631947]
    ],
    [
      [0.17857142836, 0.035714285598, 0.30357142931, 0.017857142765, 0.017857142818, 0.035714285643, 0.053571428603, 0.17857142839, 0.14285714293, 0.035714285585],
      [6.929836677e-10, 0.3333333315, 0.49999999907, 1.9094397118e-10, 3.3646988655e-10, 3.7681467249e-10, 4.6015028199e-10, 0.16666666634, 5.14843614e-10, 5.2766669955e-10],
      [0.09999999958, 2.1976119269e-10, 0.49999999765, 0.19999999921, 1.5543267854e-10, 1.9746390617e-10, 3.6909871425e-10, 0.10000000121, 0.10000000077, 6.3491449213e-10],
      [2.8933744925e-10, 3.7496777672e-10, 0.16666666753, 1.1058048711e-09, 0.16666666529, 0.33333333106, 0.16666666589, 0.16666666645, 1.6866600833e-09, 3.309096509e-10],
      [3.2538871708e-10, 5.9478299882e-10, 0.19999999923, 2.6873813345e-11, 6.1144927713e-10, 1.1456959809e-09, 0.59999999605, 0.2000000007, 1.0129648259e-09, 2.9924031671e-10],
      [2.6720481518e-10, 3.7613175124e-10, 0.2857142844, 1.6494394419e-10, 3.4848873347e-11, 4.3011582902e-10, 1.4020801593e-09, 0.57142856868, 0.14285714279, 1.4451762868e-09],
      [5.7557868006e-10, 9.347210262e-10, 0.1999999995, 2.6185747951e-10, 4.6911368806e-10, 5.0543920001e-10, 7.10766554e-10, 2.1335505878e-09, 0.79999999458, 3.3550036606e-10],
      [7.5356493339e-10, 5.5775673825e-10, 0.1999999996, 5.3739048672e-10, 2.4751136526e-10, 4.2609194957e-10, 5.5285333956e-10, 1.314427486e-09, 0.19999999953, 0.59999999649]
    ],
    [
      [0.26315790217, 0.052631567795, 0.28070179168, 0.035087712904, 0.052631576587, 0.087719284534, 0, 0.15789473461, 0.035087720561, 0.035087709155],
      [4.0116267736e-08, 0.49999988239, 0.49999986406, 5.1455978367e-09, 5.9253653649e-08, 1.8724943128e-08, 0, 6.6791526777e-08, 1.6797931803e-08, 4.6720955815e-08],
      [0.11111107363, 1.2424855583e-08, 0.44444434522, 0.22222217511, 0.11111112694, 8.8144959539e-08, 0, 0.11111116044, 5.7444384446e-09, 1.2346470421e-08],
      [0.14285714944, 1.3329380493e-08, 0.28571430478, 4.5680008103e-08, 0.42857126446, 9.2773818842e-08, 0, 0.14285708652, 3.9094156871e-08, 3.9187027019e-09],
      [0.16666661383, 6.5648531977e-08, 0.16666662549, 1.2372566123e-08, 4.0031276226e-08, 0.49999985188, 0, 0.16666673054, 6.8086207044e-10, 5.9519844833e-08],
      [0.14285709343, 6.0251667681e-09, 0.28571427866, 1.4270192431e-08, 2.7687914671e-08, 0.28571421874, 0, 0.28571431211, 2.2291515036e-08, 2.6788736738e-08],
      [2.4896006486e-08, 4.8109476633e-08, 0.19999993274, 5.0007568591e-10, 4.1420405007e-08, 8.7083292847e-08, 0, 0.59999980826, 0.20000001941, 3.7576061063e-08],
      [4.9074877426e-08, 4.4878135365e-08, 0.19999996207, 5.4293664312e-08, 5.2542468493e-08, 3.7221864919e-08, 0, 4.0219795621e-08, 0.39999985566, 0.39999990404]
    ],
    [
      [0.098360655731, 0.065573770468, 0.27868852469, 0.032786885241, 0.032786885228, 0.065573770486, 0.016393442611, 0.29508196723, 0.04918032786, 0.065573770458],
      [5.0504502634e-11, 1.2236056937e-10, 0.99999999922, 6.3263998976e-13, 2.5095301541e-10, 7.4149844015e-11, 1.2261822152e-12, 2.5038885216e-10, 1.2913289721e-11, 1.1940735606e-11],
      [2.9483386955e-12, 3.4423875984e-13, 0.42857142842, 0.28571428552, 7.3281807197e-12, 2.8432852756e-11, 2.0852042116e-11, 0.28571428586, 7.4594438494e-11, 7.2752536317e-11],
      [1.2970240162e-13, 3.4206110235e-13, 4.5490511223e-11, 1.3804388796e-11, 0.99999999972, 7.5033926312e-11, 3.1089539668e-14, 8.4362641825e-11, 1.4595542554e-11, 4.539465129e-11],
      [1.4376782726e-12, 1.6012467813e-11, 0.28571428563, 7.0005538743e-13, 2.2927224047e-11, 0.42857142843, 2.4354651192e-12, 0.28571428579, 7.5269447582e-11, 2.7323438268e-11],
      [6.6766893829e-12, 8.0299317985e-13, 0.24999999986, 5.7860460583e-13, 6.2798327081e-12, 0.24999999994, 0.24999999981, 0.25000000015, 5.4006802764e-11, 1.6518570631e-10],
      [2.1127765548e-13, 1.5720580083e-10, 0.28571428552, 1.3399221106e-11, 3.4016421561e-11, 6.9708513338e-11, 1.7520735691e-10, 0.57142857102, 0.14285714276, 2.4748863466e-10],
      [2.4546385519e-11, 1.0094966911e-12, 0.19999999991, 1.5582814586e-10, 6.4782227473e-11, 5.5891149755e-11, 1.0850536819e-11, 0.2999999999, 0.19999999998, 0.29999999989]
    ],
    [
      [0.25000002337, 0.057692297411, 0.17307692419, 0.019230766035, 0.019230772051, 0.096153830729, 0.038461535902, 0.19230769994, 0.11538461334, 0.038461537046],
      [0.18181816746, 0.090909105335, 0.36363629419, 1.3357405299e-09, 4.0375588724e-09, 0.090909109337, 4.3218327303e-08, 0.18181815477, 0.09090910802, 1.2293892955e-08],
      [0.1999999349, 3.8336234757e-09, 0.19999998724, 0.19999995405, 0.1999999512, 7.1315503772e-08, 4.4674501776e-09, 0.19999999841, 5.7453768134e-08, 3.7130485904e-08],
      [0.14285716517, 9.7310917074e-10, 0.14285718761, 5.0242281244e-08, 0.14285711263, 0.42857132165, 2.9018924791e-08, 0.14285710195, 7.8318332331e-09, 2.2936286988e-08],
      [0.14285709414, 4.595140281e-10, 0.14285718415, 2.5371757383e-11, 1.6573284352e-09, 0.28571427694, 0.28571418663, 0.14285717265, 6.2929423215e-08, 2.0417477106e-08],
      [0.16666662641, 2.8486350139e-08, 0.16666664249, 2.5915726035e-10, 4.2396569375e-09, 1.2136388086e-07, 0.16666661483, 0.49999989698, 2.4364410708e-08, 4.0569527191e-08],
      [5.5203243822e-09, 3.0377560231e-10, 4.5309892993e-08, 1.5289677425e-10, 3.5712893349e-09, 4.8147364161e-09, 7.5327383193e-08, 0.25000002277, 0.7499998362, 6.0327999787e-09],
      [0.12499995907, 2.1824573694e-08, 0.12500001645, 3.3988996005e-09, 2.665050069e-08, 3.8157705364e-08, 1.6941152216e-08, 0.1250000642, 0.24999995559, 0.37499989771]
    ],
    [
      [0.27274329339, 0.054571036149, 0.25461903049, 0.018164579012, 0.036356091606, 0.07265823682, 0.054517812586, 0.10906554443, 0.054558840004, 0.072745535516],
      [7.0977949267e-05, 0.7993114748, 0.20017530768, 2.29868836e-06, 3.2270015619e-05, 4.2943455621e-06, 2.219513415e-05, 0.00019431519011, 0.0001746543224, 1.2211876413e-05],
      [0.0001785309217, 8.7798864159e-06, 0.99912153974, 0.0003476710509, 2.0960041232e-05, 4.6536771661e-06, 4.047182455e-06, 0.00024490011784, 5.3230452111e-06, 6.3594334607e-05],
      [0.18163395385, 5.8907844613e-06, 0.18191316639, 0.09081935414, 0.18173807206, 0.2726941846, 0.00024472442913, 0.090818834611, 4.0470670266e-05, 9.1348463605e-05],
      [0.14274486345, 0.00013146677172, 0.14281281968, 5.6707926786e-07, 4.4490559899e-06, 0.14310080709, 0.57091386228, 1.6662090312e-05, 1.6866997493e-05, 0.00025763551196],
      [0.10006525671, 7.9616316136e-06, 0.19988242323, 1.7104640293e-05, 9.1922802465e-06, 0.00011489390178, 0.0001395080944, 0.39994088957, 0.29967728117, 0.00014548876206],
      [3.4351453305e-06, 5.7904530203e-06, 0.24973322931, 1.6427137591e-06, 0.00022212113903, 0.00023293574912, 6.4475789899e-06, 0.00014568087143, 0.25021374573, 0.49943497131],
      [5.825063265e-06, 0.00030129808263, 0.00032578947374, 1.2744370867e-06, 6.1559806582e-06, 0.00010995753801, 0.00029307340934, 2.7848351699e-05, 5.7623980072e-05, 0.99887115368]
    ],
    [
      [0.22222222231, 0.22222222196, 0.11111111055, 3.7766170073e-10, 0.055555555639, 0.16666666641, 0.055555555495, 0.11111111152, 1.6627007814e-10, 0.055555555576],
      [0.088888888766, 0.088888888849, 0.17777777802, 0.044444444486, 0.066666666565, 0.17777777762, 0.088888889073, 0.1555555554, 0.022222222301, 0.088888888928],
      [1.0838590194e-12, 4.1511397064e-12, 2.2578574229e-09, 0.99999999339, 1.1569951844e-11, 3.9916122305e-09, 2.0108164178e-11, 1.3484341854e-10, 1.5581621428e-10, 3.0940601957e-11],
      [1.4600325577e-11, 5.7991961708e-11, 1.2524107785e-09, 0.66666666308, 0.33333333114, 2.5355031698e-10, 2.0057514934e-09, 1.345302843e-09, 6.8781794616e-11, 7.7588337008e-10],
      [4.4363991242e-10, 2.9627493137e-10, 0.11111111044, 1.5198470252e-11, 0.2222222217, 0.44444444486, 0.11111111128, 0.11111111042, 4.1628877241e-10, 1.3183230096e-10],
      [1.3657909683e-11, 1.0982204822e-11, 0.12499999958, 5.0844724656e-10, 8.0800311995e-10, 0.12500000015, 0.37499999868, 0.37499999839, 5.7231968318e-10, 1.2905010588e-09],
      [0.083333333313, 0.083333333621, 0.083333333244, 3.6289231243e-10, 3.3762737596e-10, 0.16666666624, 0.08333333298, 0.25000000065, 0.16666666591, 0.083333333337],
      [2.679174938e-11, 1.0013071339e-11, 9.7750277702e-10, 3.3348145487e-11, 9.5375118735e-10, 1.8220428456e-09, 2.8489778918e-11, 1.6889074153e-09, 0.24999999847, 0.74999999599]
    ],
    [
      [0.39999999976, 0.19999999878, 2.1274240188e-10, 2.0183103547e-10, 4.316378914e-10, 0.19999999931, 0.099999999739, 0.099999999693, 1.1933181544e-09, 6.7256073539e-10],
      [0.18644067806, 0.084745762835, 0.10169491504, 0.016949152587, 0.06779660995, 0.2033898309, 0.10169491536, 0.11864406797, 0.050847457394, 0.067796609914],
      [2.0669374967e-09, 8.478395172e-12, 1.7915944991e-09, 0.49999999648, 0.49999999863, 5.5449230943e-10, 3.8654571171e-10, 5.3839553148e-11, 7.2026116198e-12, 2.6641771168e-11],
      [8.695774064e-11, 1.0187801393e-09, 4.7523637576e-11, 1.040940932e-09, 0.99999999507, 1.2605384518e-09, 5.4379207508e-10, 9.0699574974e-10, 7.7567072067e-12, 1.2277871691e-11],
      [0.14285714271, 8.1338624031e-12, 1.1383099426e-10, 6.7024172115e-12, 0.14285714256, 0.57142856925, 0.1428571429, 6.7473361884e-10, 7.2332988716e-10, 1.0482001895e-09],
      [0.1666666661, 1.7398609314e-11, 3.1478303679e-10, 1.7111618323e-11, 1.7924862393e-09, 0.16666666605, 0.49999999793, 0.16666666663, 6.159446989e-10, 5.3743463691e-10],
      [0.14285714322, 1.5789605759e-11, 1.5607820234e-10, 2.4454055739e-12, 6.1821629476e-10, 0.14285714289, 7.6227591235e-10, 0.42857142612, 0.28571428477, 1.4551913299e-09],
      [0.1428571421, 3.6905230376e-10, 4.6083608612e-10, 2.0022835895e-11, 1.1733074154e-09, 0.14285714271, 1.7109932469e-10, 5.4641604606e-10, 0.1428571428, 0.57142856965]
    ],
    [
      [0.66666662403, 0.16666666633, 2.0475874201e-08, 1.0526410984e-08, 2.3653842916e-11, 0.1666666668, 2.5491923798e-10, 1.0714309613e-08, 7.0502145002e-10, 1.3817453503e-10],
      [0.092592592457, 0.12962962946, 0.14814814722, 0.055555552172, 1.1807641537e-09, 0.20370370691, 0.14814815075, 0.12962962847, 0.055555555432, 0.03703703595],
      [2.3703270375e-10, 5.2116954334e-10, 0.39999997465, 0.39999999827, 1.5882396447e-10, 0.19999998753, 2.4789386164e-08, 8.395712559e-10, 8.5080112929e-10, 1.2152322081e-08],
      [1.3643473843e-09, 1.8378030324e-10, 1.018440941e-08, 0.16666667629, 0.16666665585, 0.66666665395, 6.3506901883e-10, 3.4797802838e-10, 1.1620872027e-09, 2.8729578621e-11],
      [0.090909101535, 7.7976330965e-11, 0.090909090589, 2.7920858825e-10, 1.3230854031e-11, 0.18181818368, 0.54545452658, 0.090909091376, 6.0146737571e-11, 5.8115902499e-09],
      [1.3840863961e-09, 1.2041699101e-09, 1.9141575473e-10, 1.0862028619e-11, 9.7526429889e-12, 3.0425118812e-10, 3.0989793518e-08, 0.99999993459, 2.2478505985e-10, 3.1090020028e-08],
      [8.9259938024e-09, 2.983679704e-11, 0.1249999995, 7.6960300683e-09, 9.6927961695e-13, 0.12499999986, 0.124999992, 0.24999999235, 0.37499999911, 5.2462155927e-10],
      [7.840602527e-09, 4.6867473795e-10, 0.12500000003, 7.2668526059e-10, 2.7780671745e-12, 0.12499999308, 0.12499999252, 0.12500002234, 0.12499999966, 0.37499998333]
    ],
    [
      [0.41666666645, 0.083333333401, 0.083333333331, 8.1974723556e-13, 0.08333333335, 0.16666666671, 0.083333333307, 0.083333333294, 1.5178908864e-10, 2.9347748066e-12],
      [0.063829787215, 0.14893617016, 0.10638297874, 7.1315522238e-13, 0.10638297872, 0.19148936171, 0.12765957455, 0.12765957448, 0.063829787196, 0.063829787234],
      [8.0558619919e-11, 1.7931340351e-11, 0.42857142794, 0.14285714265, 0.28571428537, 0.14285714302, 4.9594741325e-10, 1.3246730669e-11, 2.005802004e-10, 2.118217517e-10],
      [8.2651125605e-13, 9.138943679e-12, 2.8538041316e-10, 4.9876190026e-15, 0.49999999982, 0.49999999942, 2.1504729845e-10, 1.6374392573e-11, 2.1803682636e-10, 1.0030362374e-11],
      [9.2114417697e-11, 1.48132132e-10, 8.0967838035e-13, 9.2453055288e-11, 1.1002123566e-10, 0.33333333351, 0.66666666578, 1.477796295e-11, 1.4230445323e-10, 1.0363055322e-10],
      [7.9544580336e-11, 7.4787857158e-13, 2.5683513117e-10, 4.0574113588e-14, 2.1841654902e-10, 0.12500000036, 0.24999999975, 0.62499999933, 4.28192267e-12, 1.5290608641e-12],
      [7.9332761644e-11, 5.3598068931e-11, 0.090909090931, 7.6727664422e-11, 0.090909090861, 0.18181818163, 0.090909090836, 0.18181818216, 0.36363636316, 2.1140374751e-10],
      [1.7473822056e-10, 1.2028665604e-11, 2.5315615679e-11, 4.5814958555e-12, 2.7907744218e-10, 0.1999999997, 5.5014923146e-12, 2.9677602826e-10, 4.0505103296e-10, 0.7999999991]
    ],
    [
      [0.99999999938, 1.4450272373e-10, 4.3116771609e-12, 1.7515513635e-10, 2.5223862169e-12, 5.9987360362e-12, 1.3297670046e-12, 7.4585609885e-11, 2.1205591745e-10, 2.603583964e-12],
      [0.092592592596, 0.16666666665, 0.055555555597, 0.018518518506, 0.037037037022, 0.1851851852, 0.12962962964, 0.16666666667, 0.037037037032, 0.11111111109],
      [1.4067054063e-10, 3.0458868449e-11, 0.57142857098, 0.14285714285, 8.3984616e-11, 0.14285714303, 8.2464581754e-12, 0.14285714275, 2.8051852001e-13, 1.1965971598e-10],
      [0.090909090851, 1.3325858015e-11, 5.5706209024e-11, 0.090909090844, 0.18181818175, 0.36363636348, 0.090909091164, 0.09090909091, 6.789478475e-11, 0.090909090868],
      [1.0457685082e-12, 1.5385054707e-12, 1.9583140138e-12, 5.0084269128e-12, 3.2356268987e-11, 0.49999999991, 0.49999999981, 3.7844128637e-11, 1.7574314499e-10, 1.7609126973e-11],
      [1.9673982961e-10, 1.1844969337e-12, 1.1160556561e-11, 1.8487115916e-11, 1.0338733394e-10, 0.14285714276, 0.42857142828, 0.42857142837, 1.8812600882e-12, 2.5925849041e-10],
      [2.7162204421e-12, 8.8856508601e-12, 2.5344166455e-12, 7.3059169018e-11, 1.7445561717e-11, 0.12499999999, 0.12499999992, 0.37500000012, 0.37499999973, 1.4456012067e-10],
      [1.1785243601e-10, 1.5089502326e-12, 2.8618695551e-11, 2.1351993048e-13, 2.8300730946e-12, 1.6755347024e-10, 5.7155307916e-12, 9.0509066451e-11, 2.5910727779e-11, 0.99999999956]
    ],
    [
      [0.625, 1.6864095628e-13, 4.1439175333e-13, 1.3740167752e-13, 7.2197829977e-14, 0.125, 0.125, 0.125, 2.5031078008e-13, 3.3551510712e-13],
      [0.10204081633, 0.16326530612, 0.12244897959, 0.020408163265, 0.020408163265, 0.18367346939, 0.16326530612, 0.16326530612, 0.020408163265, 0.040816326531],
      [1.2429053624e-12, 9.7149337088e-13, 0.66666666666, 0.33333333333, 2.8612264472e-14, 2.5259704425e-13, 8.4318187938e-13, 1.241288601e-13, 2.9368458159e-14, 1.0050150313e-13],
      [1.5001326668e-13, 3.3331325666e-13, 4.210681504e-13, 0.25, 0.25, 0.25, 0.125, 0.125, 2.1631479497e-13, 1.6541625243e-13],
      [0.083333333333, 3.0288396533e-13, 0.083333333333, 8.3338194529e-14, 2.5188689104e-13, 0.41666666667, 0.25, 0.16666666667, 2.1939136194e-13, 3.2386284327e-13],
      [2.2518902477e-13, 1.5019390048e-13, 2.3952011233e-14, 4.9480321613e-14, 1.6620549225e-13, 0.16666666667, 0.5, 0.33333333333, 1.0332688883e-13, 1.381438151e-12],
      [0.11111111111, 5.5045216552e-14, 2.993555482e-13, 3.1218267001e-13, 3.8215181219e-13, 0.11111111111, 0.11111111111, 0.44444444444, 0.22222222222, 1.7507203642e-13],
      [5.2542602367e-13, 8.190251402e-14, 1.6105565848e-14, 8.5684622048e-15, 1.0220756102e-12, 0.2, 2.6042978935e-13, 1.1082381041e-12, 8.8559425866e-13, 0.8]
    ],
    [
      [0.9999999954, 6.7774364953e-10, 2.3489285877e-12, 1.280569096e-09, 2.4632651105e-11, 6.8008005016e-12, 2.0864574159e-11, 1.2794636915e-09, 1.2968431458e-09, 7.8611165299e-12],
      [0.099999999999, 0.19999999993, 0.066666666728, 0.066666666531, 0.033333333272, 0.16666666693, 0.066666666615, 0.20000000006, 0.033333333332, 0.066666666607],
      [0.074074074137, 0.074074073926, 0.22222222106, 0.03703703762, 0.037037037402, 0.18518518454, 0.074074074506, 0.18518518542, 0.037037037044, 0.074074074351],
      [3.3567930935e-10, 1.7052055434e-10, 1.0114805629e-09, 0.33333333169, 0.33333333168, 0.16666666745, 1.2888600131e-12, 0.16666666699, 3.294551732e-10, 3.4038298688e-10],
      [9.2105116342e-13, 2.5783134298e-10, 4.840498732e-10, 2.5500034246e-10, 1.2171936434e-09, 0.62499999876, 0.24999999899, 0.12499999975, 2.6472329133e-10, 1.5077159413e-11],
      [1.1503770621e-13, 1.6811391659e-12, 1.4212739086e-11, 2.5898228215e-12, 1.8568357024e-12, 1.1950999333e-09, 0.39999999916, 0.59999999843, 7.7809619224e-10, 4.1836305386e-10],
      [5.1463570087e-10, 3.6401288816e-12, 4.82885179e-10, 5.1692892583e-14, 2.5425298774e-10, 0.12499999952, 2.635397394e-10, 0.49999999949, 0.37499999873, 7.370512325e-10],
      [5.6524117819e-10, 3.6540709923e-12, 1.3889139145e-09, 2.9932391296e-10, 4.0108745152e-12, 0.14285714395, 1.0002847786e-12, 0.14285714261, 0.14285714231, 0.57142856887]
    ],
    [
      [0.49999999741, 0.24999999871, 2.5875807225e-09, 4.3349794295e-16, 1.647801002e-14, 1.2937224151e-09, 7.4251801672e-16, 0.24999999871, 6.3777991559e-15, 1.2935818638e-09],
      [4.703920624e-10, 0.36363636411, 0.27272727179, 3.6495244759e-15, 1.1654158116e-13, 0.09090909138, 4.7045328478e-10, 0.18181818135, 9.7774796483e-15, 0.090909090439],
      [1.0561056363e-10, 0.061224489585, 0.14285714265, 0.10204081622, 0.081632652956, 0.16326530623, 0.02040816316, 0.24489795992, 0.061224489479, 0.1224489797],
      [1.1877964709e-13, 1.0348642133e-09, 1.034978452e-09, 5.5626792548e-15, 0.2, 0.5999999969, 1.0348596026e-09, 0.2, 1.5009152319e-13, 1.3395200009e-13],
      [1.7724994134e-15, 3.2100072759e-13, 1.0410628235e-14, 2.2567370144e-15, 8.6248455595e-10, 0.49999999914, 0.33333333161, 0.1666666658, 1.7248760488e-09, 8.6239417528e-10],
      [1.1181075969e-14, 7.3918909252e-10, 2.3970202565e-14, 9.4242670059e-14, 3.9729964775e-15, 0.1428571436, 0.1428571436, 0.71428571133, 9.8092817652e-14, 7.3919757576e-10],
      [7.8283726358e-15, 1.0188414996e-14, 1.7568235708e-13, 2.5128645278e-15, 1.2318053659e-14, 0.14285714212, 1.7981251348e-13, 0.28571428645, 0.57142857143, 1.0984138015e-13],
      [2.2985409293e-15, 6.0799927547e-14, 0.090909091379, 4.7039197218e-10, 1.4978086972e-14, 0.09090909138, 1.0057758402e-14, 0.18181818135, 4.704070429e-10, 0.63636363495]
    ],
    [
      [0.14188654355, 0.56879430634, 0.14267065415, 1.1450610733e-06, 0.0012371797938, 0.00029366428732, 0.0011793681924, 0.1437336123, 5.1133486687e-06, 0.00019841297686],
      [0.00019601403493, 0.0027802336541, 0.49762945609, 0.19831041297, 0.00027188643443, 0.10093533031, 0.00039461072817, 0.19847683362, 0.00067127436617, 0.00033394779226],
      [0.01636226419, 0.08175717775, 0.16411326339, 0.082209426857, 0.098084972873, 0.11457641483, 0.065416391142, 0.26311809365, 0.065398224473, 0.048963770835],
      [2.4318582229e-06, 1.9776653492e-05, 9.9414795682e-06, 0.00050429106741, 0.0008302966858, 0.74579158041, 0.0011680657631, 0.24798192135, 0.0020163617447, 0.0016753329897],
      [1.7422703148e-06, 6.7555449496e-06, 0.16611070857, 2.6161864598e-06, 0.00033395835594, 0.16632611374, 0.49565310361, 0.16820080885, 0.0022442750855, 0.001119917785],
      [0.0013406273068, 0.00027179632689, 0.00079824805985, 1.3625941251e-05, 2.6798154218e-06, 0.0017355201578, 0.0020145405828, 0.9915470382, 0.00027540792544, 0.00200051568],
      [8.2275758889e-07, 1.3246749354e-06, 0.0022333842357, 1.0413734732e-07, 5.7256328057e-06, 0.00049961236195, 0.0029067851139, 0.00066441999075, 0.99368185193, 5.9691642926e-06],
      [2.5383330591e-06, 0.0004917702019, 0.0016765956969, 2.8782787362e-06, 2.0504747941e-05, 0.0020325750077, 3.6281942939e-06, 0.24950791881, 1.5192902592e-06, 0.74626007144]
    ],
    [
      [0.33333333117, 0.33333277167, 1.5260065132e-09, 1.7467462813e-10, 1.1106721973e-09, 1.0228852587e-10, 1.079525602e-09, 0.33333333007, 2.8259901114e-07, 2.8049411001e-07],
      [1.1043191123e-10, 2.8075050162e-07, 0.49999943667, 0.16666638545, 2.4927673357e-10, 5.5858927262e-07, 2.6137084847e-09, 0.33333305426, 5.2033057423e-10, 2.8079189128e-07],
      [0.045454494663, 0.030303004886, 0.045454545788, 0.15151517674, 0.10606060582, 0.090909116411, 0.045454545233, 0.34848495037, 0.030303030195, 0.1060605299],
      [2.8400134636e-10, 4.094060472e-11, 3.5311946895e-11, 2.4532249488e-10, 7.9400670267e-11, 0.66666554641, 5.5832551027e-07, 0.33333333489, 7.9037572783e-11, 5.5960634458e-07],
      [2.8531617705e-11, 9.3927574369e-11, 3.4804266031e-10, 1.713293669e-11, 6.4446254614e-11, 0.4999991594, 0.49999999236, 8.4166952115e-07, 1.7337751862e-10, 5.8418850353e-09],
      [1.2934430608e-09, 6.6946267993e-07, 9.0472418742e-11, 6.7272739072e-10, 9.4265488276e-11, 1.600991007e-10, 0.39999966217, 0.59999966125, 3.7666490018e-11, 4.7623743849e-09],
      [9.9948363059e-11, 2.2363444185e-10, 1.1149716005e-06, 3.8360271513e-09, 2.168912453e-10, 8.9493491449e-10, 2.0184938419e-09, 0.66666554502, 0.33333277108, 5.6163485199e-07],
      [3.729845814e-07, 1.6307566626e-09, 2.9021839778e-10, 6.7012652791e-10, 7.2823370381e-10, 3.5335658963e-10, 1.7584742024e-09, 0.33333314892, 0.11111111049, 0.55555536217]
    ],
    [
      [0.49999974588, 0.16666666456, 7.2466060738e-08, 1.0660604898e-07, 3.7137926158e-08, 7.027657099e-09, 3.5481491118e-08, 0.33333322472, 3.5142150177e-08, 7.0976933456e-08],
      [1.9281128519e-09, 0.49999972909, 0.24999983957, 1.8897988666e-09, 1.0763317242e-07, 2.1066096513e-07, 1.564133826e-07, 0.24999984028, 2.1382192975e-09, 1.1039519706e-07],
      [0.068965501731, 0.034482765832, 0.10344824284, 0.1206896403, 0.10344827664, 0.10344829727, 0.017241368554, 0.34482765334, 0.017241375397, 0.086206878081],
      [7.2524014167e-08, 1.4471172061e-09, 3.3290895877e-09, 0.66666630299, 3.5023372296e-07, 1.4390369699e-07, 3.5827051961e-09, 0.3333331196, 6.2771404414e-10, 1.7551592112e-09],
      [1.3028308296e-07, 2.245324932e-09, 5.1678757835e-10, 1.168735051e-09, 0.79999968729, 4.3889879842e-08, 4.3664588596e-08, 0.20000008453, 1.5666205764e-09, 4.8417603025e-09],
      [1.2071430034e-07, 1.1302445609e-09, 1.4009459144e-07, 2.4932836274e-08, 0.11111104004, 0.55555524298, 9.4265362973e-08, 0.33333328702, 4.4531173766e-10, 4.8372475581e-08],
      [2.6121329074e-09, 2.7272811181e-09, 3.5420012029e-08, 1.4136969498e-07, 7.1643209472e-08, 2.430802174e-09, 0.33333311567, 0.6666665183, 1.0643335518e-07, 3.3901531543e-09],
      [4.9505363227e-08, 7.0656953439e-08, 7.0686161955e-08, 2.5301570446e-08, 2.6583421883e-09, 2.300291237e-09, 1.5366045942e-09, 0.4444443247, 0.11111103947, 0.44444441318]
    ],
    [
      [0.42857142855, 0.2857142857, 7.0504596625e-12, 2.8345836957e-12, 2.3880818589e-12, 1.2731796927e-12, 3.6762349426e-12, 0.28571428572, 4.6635974398e-12, 1.2341254965e-11],
      [5.7950897887e-12, 0.24999999999, 0.49999999997, 1.9292288034e-13, 8.2147552468e-13, 6.00108062e-12, 7.9279999227e-13, 0.25, 1.0946432899e-11, 6.898234735e-12],
      [0.05172413793, 0.034482758622, 0.13793103448, 0.10344827586, 0.051724137933, 0.13793103448, 0.017241379311, 0.29310344828, 0.06896551724, 0.10344827586],
      [5.7085982643e-13, 3.5808779606e-12, 3.2415697706e-12, 7.3784272627e-12, 0.59999999996, 0.2, 1.101402415e-12, 0.2, 6.5962450082e-12, 1.3000474411e-11],
      [1.3323405724e-12, 1.1220266793e-12, 4.8110040356e-12, 3.918110451e-12, 1.3249756326e-12, 0.66666666664, 0.16666666666, 0.16666666668, 9.0297544319e-13, 7.6551515604e-12],
      [1.1446753581e-11, 5.3777715578e-13, 0.083333333333, 1.7601376329e-13, 3.2721799106e-13, 0.08333333334, 0.08333333333, 0.58333333331, 0.083333333334, 0.08333333334],
      [1.4241147589e-12, 7.1509063858e-13, 3.3000576989e-12, 2.4544858902e-12, 9.5949496676e-12, 1.2480592663e-11, 4.6757708959e-12, 0.24999999999, 0.49999999998, 0.24999999999],
      [1.0768186973e-11, 4.5920923619e-12, 5.2692638127e-12, 4.8172821876e-12, 4.9220146412e-12, 2.5230889288e-12, 1.9630726305e-12, 0.25, 4.5256280102e-12, 0.74999999996]
    ],
    [
      [0.79999999996, 5.6363463421e-14, 5.1122008322e-12, 1.2433661702e-13, 3.4151043196e-14, 1.0375023985e-11, 2.5599149678e-13, 0.19999999999, 1.0464468891e-11, 2.3487879449e-11],
      [1.4921114585e-11, 0.24999999999, 0.49999999997, 1.417315742e-12, 1.0080123558e-13, 0.12499999999, 2.1521626964e-12, 0.125, 2.3873492134e-11, 6.6130073942e-12],
      [0.093023255812, 0.023255813954, 0.069767441863, 0.11627906976, 0.069767441863, 0.13953488372, 0.046511627905, 0.23255813954, 0.11627906976, 0.093023255816],
      [0.090909090907, 4.3809305322e-13, 0.045454545452, 0.045454545458, 0.22727272726, 0.13636363637, 0.045454545457, 0.22727272727, 0.090909090919, 0.090909090907],
      [7.1454446413e-13, 4.0847857584e-12, 6.0599490881e-12, 1.6688392011e-13, 1.7028885862e-11, 0.74999999994, 0.24999999998, 3.3649694376e-11, 1.5138502532e-11, 4.4597254431e-13],
      [1.6332674575e-11, 5.590309537e-12, 6.6065491668e-12, 9.7041581533e-14, 1.3373567169e-11, 0.11111111111, 0.11111111112, 0.66666666662, 0.1111111111, 5.6329470782e-12],
      [7.1426983313e-12, 2.6542717333e-13, 1.0069739001e-11, 1.1623330572e-13, 1.6468587645e-12, 3.3722445005e-11, 5.8482943103e-12, 0.16666666666, 0.66666666662, 0.16666666666],
      [5.7717349033e-12, 2.4345166337e-14, 3.0972227948e-12, 5.8038449776e-12, 3.9400235093e-13, 6.8753636352e-14, 3.6962976138e-13, 5.0809396027e-11, 6.3582486305e-12, 0.99999999993]
    ],
    [
      [0.66666666642, 0.16666666662, 2.3554337227e-10, 1.3442079651e-11, 1.1231880639e-11, 2.3362363449e-11, 8.2177897052e-11, 2.1162800162e-11, 0.16666666658, 3.9042328647e-12],
      [3.0941313979e-10, 0.66666666623, 0.33333333328, 2.0968656242e-11, 2.7322490409e-11, 2.5034476222e-11, 3.899328909e-11, 6.6036561414e-11, 9.3094220281e-12, 6.4397982131e-13],
      [8.4325787172e-11, 1.1275184129e-11, 0.57142857109, 0.14285714279, 3.6689916866e-11, 1.2977592982e-10, 9.8467472627e-11, 0.14285714286, 0.14285714279, 1.1925395454e-10],
      [0.086206896539, 0.034482758635, 0.13793103451, 0.10344827586, 0.17241379309, 0.068965517236, 0.068965517235, 0.13793103447, 0.15517241382, 0.034482758611],
      [1.3238362499e-11, 1.6029025826e-12, 0.12499999994, 5.945616456e-11, 0.12500000001, 0.3749999998, 0.12500000001, 0.1250000001, 0.12500000002, 4.2366978788e-11],
      [3.3210704062e-11, 1.043336661e-10, 2.992084501e-11, 4.2848721156e-12, 2.8084922259e-11, 1.8891085169e-11, 0.59999999962, 0.40000000004, 1.0548351976e-10, 8.8647239476e-12],
      [2.2119009406e-11, 9.2737670597e-12, 1.473630818e-11, 2.0516790979e-11, 1.0703621906e-10, 1.6056549976e-11, 5.3615978624e-11, 0.4999999997, 0.50000000003, 2.6296896568e-11],
      [3.9285735353e-11, 1.5348237116e-11, 0.11111111111, 1.5733809469e-11, 0.11111111109, 7.4274293283e-11, 6.9780814133e-11, 0.11111111115, 0.33333333319, 0.33333333325]
    ],
    [
      [0.44444091842, 0.11111088808, 0.22222172398, 1.1688617325e-07, 1.6779884685e-06, 1.3387602031e-07, 8.3059946938e-07, 0.11111188485, 0.11111177665, 4.8662143439e-08],
      [0.10000052978, 8.1305200059e-07, 0.49999821932, 9.6413591405e-08, 0.099999324464, 8.9394701176e-07, 0.10000132502, 0.099999508863, 0.099999190748, 9.8379683345e-08],
      [1.7850739748e-07, 1.0868892856e-10, 2.6049054349e-06, 0.49999544208, 0.49999557684, 3.3083830021e-07, 2.0541611228e-07, 1.9220026277e-06, 2.1063647455e-08, 3.7182364153e-06],
      [0.0943397106, 0.018867787743, 0.15094306221, 0.037736307065, 0.13207578703, 0.13207489741, 0.094339271297, 0.13207532988, 0.15094415266, 0.056603694098],
      [2.0582544551e-06, 2.7956294313e-07, 1.4215868173e-08, 2.2045822357e-07, 2.5537395906e-08, 3.1286724095e-08, 0.99999304222, 3.6199579492e-06, 6.99133131e-07, 9.3733871666e-09],
      [5.2226006815e-07, 1.3725043186e-10, 1.7289739407e-07, 8.6136065541e-09, 1.467897553e-07, 2.8761335695e-06, 0.16666770201, 0.83332824448, 1.4539528195e-07, 1.8128501856e-07],
      [2.9893231303e-08, 6.7719951527e-10, 0.12500101247, 3.1143055786e-10, 6.5807018579e-09, 1.1472130636e-07, 1.169837441e-06, 0.12500112425, 0.74999463138, 1.9098834611e-06],
      [2.2744476852e-06, 3.1616336316e-10, 3.7925461852e-06, 3.0245740558e-08, 1.1105976637e-07, 2.0288359453e-09, 2.2308794099e-06, 2.478243453e-07, 2.913113578e-07, 0.99999101934]
    ],
    [
      [0.99999999978, 2.6680255988e-11, 4.4605247718e-11, 3.373025509e-12, 3.5365763446e-12, 1.0022798613e-11, 2.2609779909e-11, 4.7990212223e-11, 2.8468735579e-11, 3.370828753e-11],
      [0.14285714284, 0.28571428566, 0.42857142851, 1.6106332923e-11, 1.2490800035e-11, 1.329117625e-11, 3.090120413e-11, 0.1428571429, 7.4949351591e-12, 1.3487116856e-11],
      [3.9812069852e-11, 6.4066868369e-12, 0.37499999994, 0.24999999995, 2.3815964572e-11, 0.12499999999, 1.4364454857e-11, 0.12500000001, 0.125, 2.4210373276e-11],
      [0.10526315789, 0.035087719296, 0.19298245615, 0.035087719299, 0.14035087718, 0.12280701756, 0.035087719297, 0.15789473683, 0.12280701755, 0.052631578944],
      [1.9175962302e-11, 2.6024800101e-11, 5.9675971874e-11, 1.0772930949e-11, 5.6064462274e-11, 0.99999999973, 1.9014543855e-11, 2.4175804888e-11, 4.4593125967e-11, 1.5314029921e-11],
      [3.6598631038e-11, 5.4111587238e-12, 0.12500000002, 1.2875488048e-11, 6.6549798309e-12, 0.24999999996, 0.37499999991, 0.12500000005, 0.12499999999, 1.326548757e-11],
      [2.818704709e-11, 2.1739404664e-11, 0.14285714283, 1.371990111e-12, 2.9444802324e-11, 4.546552601e-11, 2.0909086823e-11, 0.57142857131, 0.28571428569, 2.6815126058e-11],
      [2.010476064e-11, 1.9933419369e-11, 0.16666666666, 1.6797197464e-11, 1.9193090634e-11, 1.3339032357e-11, 2.1553792881e-11, 4.5686538774e-11, 0.33333333328, 0.49999999991]
    ],
    [
      [0.9999999616, 1.2656643829e-09, 1.3241641415e-08, 3.0798219957e-12, 1.904720143e-12, 1.1619851937e-10, 1.0897192335e-08, 1.1382869835e-08, 6.5596598054e-10, 8.3483226851e-10],
      [8.1469328634e-11, 0.33333332197, 0.49999998034, 3.2434278056e-10, 3.2274074054e-10, 1.2183703284e-08, 4.2558062851e-10, 0.16666667588, 4.659639931e-09, 3.8161987971e-09],
      [4.1094910104e-09, 1.3139633267e-11, 0.28571428083, 0.28571426783, 0.14285713443, 1.0503191129e-08, 6.3509698721e-10, 0.1428571538, 0.1428571391, 8.7482765869e-09],
      [0.079365079275, 0.01587301582, 0.14285714343, 0.0317460328, 0.12698412621, 0.14285714311, 0.031746030746, 0.22222222028, 0.1587301621, 0.047619046225],
      [3.9478783136e-10, 7.1413578669e-09, 1.7107033033e-09, 6.5687249264e-09, 8.9968855496e-09, 0.79999995067, 1.6915732772e-08, 0.20000000013, 7.1003177639e-10, 6.7627832774e-09],
      [1.5246480455e-08, 2.823749474e-10, 7.5842690248e-11, 2.01759506e-12, 6.3920081579e-10, 1.7959045675e-08, 0.49999997703, 0.49999997972, 3.8074101485e-10, 8.6714035837e-09],
      [3.4441058094e-09, 6.3631932508e-10, 0.14285714686, 1.7905931501e-10, 4.9169541761e-09, 5.8594306938e-10, 4.0945909159e-09, 0.42857142526, 0.42857140986, 4.1716518337e-09],
      [9.1236489754e-10, 5.2708687685e-09, 7.8734145929e-09, 4.5457719437e-09, 4.7384097973e-09, 1.5769264882e-09, 3.926742614e-10, 0.20000001205, 0.39999998193, 0.3999999807]
    ],
    [
      [0.42856581533, 0.2857105632, 0.14285899581, 2.4739102197e-11, 2.2465437211e-09, 1.9780331312e-08, 5.0922400208e-10, 7.4786112018e-06, 0.14285712364, 8.4671157116e-10],
      [1.4460647945e-09, 0.2857142468, 0.57142480921, 1.2783827445e-09, 6.5112060124e-10, 3.7587122677e-06, 2.0245150981e-08, 1.0014085765e-09, 0.1428571412, 1.945990259e-08],
      [2.2124101063e-10, 2.2110675993e-09, 0.28571798371, 0.14285529073, 0.42856575809, 4.0297188034e-08, 2.0227405792e-08, 1.9099891842e-06, 0.14285899063, 3.889014244e-09],
      [0.035714519487, 0.05357119012, 0.21428525953, 0.017857140541, 0.10714356004, 0.2142850002, 0.053571664792, 0.089285242003, 0.17857213778, 0.035714285511],
      [1.6356590032e-06, 1.0714227021e-09, 0.12499834986, 1.6351844711e-06, 2.0292308233e-08, 0.12500165167, 0.49999503664, 0.12500000094, 0.12500001586, 1.6528275373e-06],
      [2.616965578e-06, 8.0055625574e-10, 0.20000261459, 8.7089878112e-11, 1.3909597633e-09, 5.3285362029e-09, 2.6186001697e-06, 0.79998946712, 5.62367871e-08, 2.6188744949e-06],
      [1.5500774192e-10, 5.2612032569e-06, 0.19999999968, 5.8145425776e-11, 1.0680602338e-09, 1.8400067866e-09, 2.6176635035e-06, 2.6732887075e-06, 0.79998944322, 1.8186144885e-09],
      [3.779966641e-09, 2.6698301482e-06, 0.20000261502, 6.5490375985e-10, 2.7258672245e-08, 1.6129269184e-09, 2.065866251e-09, 2.2154147551e-09, 0.19999997437, 0.59999470319]
    ],
    [
      [0.83333333007, 2.3526226495e-11, 2.1445984047e-10, 1.3678639843e-09, 6.8528250271e-11, 2.5983071816e-10, 1.4134909632e-09, 1.6329414105e-09, 0.16666666347, 1.4783360788e-09],
      [1.1387107743e-10, 0.28571428021, 0.57142856458, 6.9885742478e-11, 1.0958778846e-11, 2.6197524505e-10, 4.519320524e-09, 3.79824643e-09, 0.14285714359, 2.8469018122e-09],
      [1.1117082764e-10, 2.9807404758e-09, 0.14285714257, 0.42857142414, 0.28571428004, 2.7069715297e-10, 1.5345301181e-09, 6.8145343883e-09, 0.14285714029, 1.2349973535e-09],
      [0.10169491465, 0.033898304786, 0.11864406793, 0.067796610332, 0.067796610624, 0.15254237296, 0.067796609932, 0.13559322008, 0.2203389841, 0.033898304613],
      [1.9324252108e-09, 5.3441617537e-11, 6.6571228102e-11, 2.0710851297e-09, 9.1782248558e-11, 0.3999999976, 0.39999999443, 3.7522515593e-09, 0.19999999998, 3.1178106328e-11],
      [2.755047452e-09, 2.879138981e-09, 1.9163662045e-11, 1.6037666794e-11, 2.4610495755e-11, 3.9708935036e-10, 0.33333332984, 0.66666665351, 1.038358239e-08, 1.7621821586e-10],
      [1.2617644408e-09, 3.5372733736e-09, 2.908492374e-09, 1.3526019112e-10, 2.4441090517e-10, 1.3101828242e-10, 2.0182852205e-10, 0.57142856426, 0.42857142445, 2.8664872977e-09],
      [4.5074299173e-09, 2.5043737182e-10, 3.388257157e-09, 2.2526477043e-10, 1.6927738112e-09, 1.6005848048e-11, 1.4733513837e-11, 3.2841560951e-10, 0.49999999463, 0.49999999494]
    ],
    [
      [0.28537711179, 0.42835590445, 0.14287717739, 2.3395227232e-05, 4.579944353e-05, 0.00021257821877, 5.867401455e-06, 0.14290016234, 1.3493013048e-05, 0.00018851072766],
      [8.4073533698e-05, 0.083495497782, 0.24975461289, 0.083210714789, 0.083252731329, 0.083239660154, 0.083331074814, 0.16684006401, 0.083306273107, 0.083485297592],
      [7.8184204045e-05, 4.4159984042e-05, 0.0005680940086, 1.3714381041e-06, 0.99850421159, 1.4178954682e-06, 5.9209081588e-06, 0.00050279719783, 0.00028616254053, 7.6802358125e-06],
      [2.2284899996e-06, 4.3806954561e-06, 5.9919045833e-05, 0.00021548172042, 0.00060109958679, 0.66580620713, 0.16641731792, 0.16661016074, 0.0002263952832, 5.6809387921e-05],
      [0.019231056092, 0.09610412412, 0.096141542976, 0.019208335073, 0.076908199285, 0.096223887994, 0.13460828342, 0.25001499269, 0.096151114208, 0.11540846414],
      [0.00019605748336, 9.6740986928e-07, 3.9928464271e-05, 4.9059404615e-06, 0.00042993600605, 6.7229099809e-05, 0.00032515645584, 0.99889524353, 3.4369383497e-05, 6.2062233565e-06],
