{
  "Z_true": {},
  "V_true": [
    [964, 100, 79, 64, 92, 10],
    [34, 55, 1753, 60, 63, 24],
    [74, 225, 222, 5453, 237, 146],
    [128, 464, 157, 174, 8424, 243],
    [410, 920, 718, 877, 1464, 288]
  ],
  "p_true": [
    [0.7364, 0.0764, 0.0604, 0.0489, 0.0703, 0.0076],
    [0.0171, 0.0277, 0.8813, 0.0302, 0.0317, 0.0121],
    [0.0116, 0.0354, 0.0349, 0.8578, 0.0373, 0.023],
    [0.0133, 0.0484, 0.0164, 0.0181, 0.8784, 0.0253],
    [0.0877, 0.1967, 0.1535, 0.1875, 0.313, 0.0616]
  ],
  "Z_est": {},
  "V_est": [
    [1076.1651, 0, 232.8349, 0, 0, 0],
    [0, 0, 1989, 0, 0, 0],
    [533.8349, 0, 390.6118, 5432.5533, 0, 0],
    [0, 51.8957, 0, 0, 9441.1764, 96.9279],
    [0, 1712.1043, 316.5533, 1195.4467, 838.8236, 614.0721]
  ],
  "p_est": [
    [0.8221, 0, 0.1779, 0, 0, 0],
    [0, 0, 1, 0, 0, 0],
    [0.084, 0, 0.0614, 0.8546, 0, 0],
    [0, 0.0054, 0, 0, 0.9845, 0.0101],
    [0, 0.3661, 0.0677, 0.2556, 0.1794, 0.1313]
  ],
  "EI_Z": {},
  "EI_V": 14.9831,
  "MAE_Z": {},
  "MAE_V": 238.9498,
  "MAE_p": 0.0556,
  "runtime": 0.0327
}
