{
  "X": [
    [6, 5, 12, 8, 1, 18, 16, 0, 4, 30],
    [3, 5, 9, 12, 6, 12, 25, 4, 5, 19],
    [2, 1, 13, 5, 3, 17, 23, 2, 6, 28],
    [5, 9, 16, 18, 4, 10, 14, 2, 2, 20],
    [6, 5, 19, 8, 2, 17, 10, 5, 7, 21],
    [5, 4, 17, 7, 1, 9, 24, 4, 5, 24],
    [5, 4, 15, 17, 4, 14, 22, 1, 2, 16],
    [7, 8, 7, 8, 7, 12, 19, 0, 7, 25],
    [8, 5, 9, 6, 3, 15, 20, 5, 4, 25],
    [7, 2, 16, 11, 3, 9, 20, 1, 6, 25],
    [4, 7, 10, 4, 1, 18, 18, 1, 8, 29],
    [7, 5, 13, 16, 0, 11, 17, 2, 2, 27],
    [5, 3, 23, 7, 2, 11, 20, 3, 1, 25],
    [5, 2, 9, 15, 4, 14, 22, 3, 7, 19],
    [5, 3, 16, 10, 2, 14, 26, 1, 4, 19],
    [3, 5, 8, 10, 6, 19, 20, 1, 7, 21],
    [6, 3, 13, 11, 6, 11, 13, 2, 6, 29],
    [3, 9, 20, 19, 4, 5, 8, 4, 12, 16],
    [3, 13, 20, 21, 5, 8, 5, 3, 13, 9],
    [6, 8, 19, 16, 4, 10, 8, 9, 11, 9],
    [6, 7, 20, 11, 3, 12, 10, 3, 14, 14],
    [6, 8, 19, 18, 5, 9, 12, 1, 9, 13],
    [7, 8, 19, 15, 2, 12, 7, 2, 14, 14],
    [8, 10, 19, 17, 3, 5, 6, 5, 18, 9],
    [3, 15, 23, 11, 1, 8, 6, 3, 16, 14],
    [2, 14, 18, 10, 2, 12, 9, 2, 20, 11],
    [3, 10, 15, 15, 5, 8, 9, 2, 18, 15],
    [5, 10, 12, 9, 2, 14, 9, 4, 24, 11],
    [4, 11, 15, 21, 2, 6, 7, 4, 12, 18],
    [1, 13, 20, 19, 1, 6, 4, 5, 21, 10],
    [5, 7, 15, 16, 4, 14, 8, 4, 19, 8],
    [3, 14, 17, 16, 1, 6, 10, 3, 12, 18],
    [3, 7, 21, 17, 6, 8, 12, 3, 9, 14],
    [5, 7, 16, 6, 5, 20, 7, 5, 7, 22],
    [7, 4, 11, 8, 5, 16, 8, 8, 16, 17],
    [10, 4, 11, 6, 14, 20, 14, 2, 3, 16],
    [13, 2, 7, 4, 10, 21, 7, 3, 9, 24],
    [9, 2, 11, 7, 9, 17, 10, 7, 6, 22],
    [8, 1, 9, 13, 8, 21, 8, 5, 8, 19],
    [9, 2, 12, 3, 14, 16, 9, 9, 8, 18],
    [10, 0, 8, 9, 14, 18, 9, 4, 6, 22],
    [9, 4, 14, 7, 7, 13, 14, 3, 15, 14],
    [19, 4, 8, 6, 5, 14, 7, 10, 9, 18],
    [7, 4, 13, 4, 10, 14, 13, 6, 9, 20],
    [10, 1, 14, 6, 10, 16, 14, 4, 4, 21],
    [7, 2, 11, 1, 11, 24, 11, 3, 9, 21],
    [3, 2, 9, 8, 10, 21, 11, 10, 7, 19],
    [6, 3, 14, 4, 12, 15, 15, 6, 7, 18],
    [11, 7, 9, 2, 10, 9, 9, 8, 14, 21],
    [10, 1, 12, 7, 11, 9, 11, 8, 10, 21]
  ],
  "W": [
    [67, 18, 15],
    [65, 16, 19],
    [66, 12, 22],
    [61, 24, 15],
    [66, 21, 13],
    [67, 21, 12],
    [64, 17, 19],
    [65, 16, 19],
    [60, 19, 21],
    [67, 18, 15],
    [68, 15, 17],
    [68, 20, 12],
    [76, 12, 12],
    [66, 18, 16],
    [77, 14, 9],
    [61, 17, 22],
    [51, 30, 19],
    [19, 69, 12],
    [19, 65, 16],
    [18, 60, 22],
    [16, 65, 19],
    [15, 65, 20],
    [16, 68, 16],
    [15, 71, 14],
    [15, 67, 18],
    [19, 67, 14],
    [12, 73, 15],
    [14, 67, 19],
    [15, 73, 12],
    [13, 74, 13],
    [20, 59, 21],
    [14, 70, 16],
    [27, 51, 22],
    [24, 31, 45],
    [15, 16, 69],
    [23, 14, 63],
    [15, 16, 69],
    [11, 16, 73],
    [14, 21, 65],
    [18, 12, 70],
    [16, 9, 75],
    [13, 23, 64],
    [18, 19, 63],
    [25, 19, 56],
    [20, 19, 61],
    [14, 13, 73],
    [17, 16, 67],
    [14, 16, 70],
    [12, 17, 71],
    [16, 18, 66]
  ],
  "method": "mvn_cdf",
  "mvncdf_method": "genz",
  "mvncdf_samples": 5000,
  "mvncdf_error": 1e-06,
  "cond_prob": [
    [
      [0.052647086035, 0.026757295481, 0.11858921023, 0.073830496378, 0.0037779314323, 0.1698780405, 0.19330008226, 0.0027143514822, 5.1366390479e-13, 0.3585055062],
      [0.039031139513, 0.13936120222, 0.22597152707, 0.19924172405, 0.0030568418294, 0.06897478056, 0.034181574348, 0.0078834653238, 0.15228845754, 0.13000928755],
      [0.11566147926, 4.0570201134e-05, 0.055109236315, 0.012431808285, 0.050376373177, 0.30349112269, 0.094446531296, 0.023810622564, 0.0708392802, 0.273792976]
    ],
    [
      [0.022892795139, 0.026881567005, 0.085115282798, 0.10623656093, 0.016086620906, 0.15044472723, 0.36759457925, 0.011323134883, 4.7730281388e-13, 0.21342473186],
      [0.013525169268, 0.19253417983, 0.14435042319, 0.25152324684, 0.01056202739, 0.03828287646, 0.035598745246, 0.048802526081, 0.1945175249, 0.070303280802],
      [0.065434250679, 4.4871502416e-05, 0.047872799194, 0.015571934941, 0.2765769487, 0.15465273067, 0.091219568051, 0.15058707679, 0.069294292685, 0.12874552679]
    ],
    [
      [0.019359207259, 0.010640989188, 0.11804638614, 0.050044073533, 0.0059301228943, 0.16492555914, 0.29101385928, 0.0042415416383, 5.7501410481e-13, 0.33579826093],
      [0.013732221776, 0.068638401195, 0.24110079713, 0.15592246487, 0.0044241991206, 0.058442739648, 0.049106570108, 0.022996649581, 0.27451835711, 0.11111759946],
      [0.066026398401, 2.0473193795e-05, 0.075171724112, 0.010475626867, 0.11113372937, 0.23524656745, 0.096523961524, 0.051247159274, 0.1065326082, 0.24762175161]
    ],
    [
      [0.036042362275, 0.061189620926, 0.14093138499, 0.16157770855, 0.0098760740265, 0.10559121136, 0.20901285267, 0.0042020941762, 2.5177509313e-13, 0.27157669103],
      [0.01652499253, 0.25539521853, 0.21738831039, 0.31668537063, 0.0044306099693, 0.022252119087, 0.019637241176, 0.016328037022, 0.080340034954, 0.051018065706],
      [0.11826210585, 0.00010320591099, 0.08687822432, 0.032324059131, 0.22468867364, 0.17037793838, 0.056835270375, 0.063288799103, 0.052018634153, 0.19522308913]
    ],
    [
      [0.050224531459, 0.027817756124, 0.19716403414, 0.067638373424, 0.0074986061816, 0.18169157416, 0.16639476294, 0.024407796777, 8.1681321478e-13, 0.27716256479],
      [0.024291460762, 0.13805467712, 0.22361055394, 0.13505539988, 0.0038813547105, 0.042783712154, 0.017186072665, 0.081095303581, 0.27882845852, 0.05521300666],
      [0.11389430671, 3.3323218718e-05, 0.073633851725, 0.0090099264114, 0.096201541114, 0.21239435628, 0.036275420531, 0.22862760311, 0.085067919146, 0.14486175175]
    ],
    [
      [0.038862516688, 0.020397710846, 0.14539891357, 0.059779008667, 0.0035872484636, 0.1037664849, 0.33292186349, 0.014084501474, 4.3635029695e-13, 0.2812017519],
      [0.027522139185, 0.11202252492, 0.28083749994, 0.15383873454, 0.0027917316288, 0.031388520781, 0.049566225315, 0.063123859105, 0.19064681976, 0.088261944822],
      [0.12917837631, 3.5910105626e-05, 0.085988149064, 0.010170112297, 0.070327727425, 0.15118186807, 0.10861115612, 0.15635645781, 0.068505178154, 0.21964506464]
    ],
    [
      [0.023150347868, 0.018134169537, 0.13131131408, 0.16373074552, 0.0064441799316, 0.14066657231, 0.31539397622, 0.0028095173614, 2.0091932501e-13, 0.19835917718],
      [0.019205446927, 0.13455565916, 0.21623359518, 0.3907229848, 0.004183423067, 0.036416714415, 0.039387072722, 0.0096728502599, 0.10011589698, 0.049506356496],
      [0.11560999, 4.7435155067e-05, 0.077644274115, 0.030593560007, 0.17708634152, 0.22472952568, 0.10959972745, 0.032542106935, 0.052583081878, 0.17956395726]
    ],
    [
      [0.052523041674, 0.072936226016, 0.081389993999, 0.077592908723, 0.022450609067, 0.13082223394, 0.25800210256, 0.0028061848867, 8.0828157972e-13, 0.30147669914],
      [0.027650564766, 0.31383000066, 0.10413573814, 0.14587101192, 0.013615063429, 0.030933438478, 0.027751309284, 0.0087094802106, 0.25483619063, 0.072667202481],
      [0.12351349637, 8.5925833911e-05, 0.034021778454, 0.0098560014312, 0.32695483487, 0.14923333238, 0.058728090698, 0.022926298604, 0.10383527149, 0.17084496988]
    ],
    [
      [0.05855841337, 0.026100928498, 0.086389453141, 0.059617355906, 0.007151900329, 0.17313282714, 0.27795949792, 0.015558194951, 3.0200730856e-13, 0.29553142874],
      [0.046219483229, 0.16448164482, 0.18030408915, 0.154776513, 0.0051311070365, 0.058721349371, 0.05302182732, 0.074477684447, 0.16071314115, 0.10215316048],
      [0.15733145558, 3.7719179e-05, 0.039348804456, 0.0075412919249, 0.10677331787, 0.20425853499, 0.075051478291, 0.1393679659, 0.05636776599, 0.21392166583]
    ],
    [
      [0.056812254569, 0.015810983031, 0.1649511423, 0.090564329967, 0.0071489745081, 0.10275667502, 0.26309955773, 0.0032803324902, 5.7889901529e-13, 0.29557575038],
      [0.033981257901, 0.071241963253, 0.25049360454, 0.23345403687, 0.0049123227769, 0.028933053248, 0.034151924651, 0.013443726773, 0.24318336406, 0.086204745934],
      [0.16487982632, 2.3085029947e-05, 0.084721921436, 0.016970841309, 0.14618653896, 0.14478975522, 0.083965461362, 0.043614009115, 0.10013386996, 0.21471469129]
    ],
    [
      [0.030840987142, 0.059423497082, 0.098383826146, 0.049196541429, 0.003633196819, 0.16311246629, 0.21743599003, 0.0034195910844, 1.0858007983e-12, 0.37455390397],
      [0.013165727271, 0.22814571093, 0.12930288731, 0.10024293344, 0.0018409210344, 0.044584015054, 0.024046398561, 0.01237273777, 0.37469539846, 0.071603270166],
      [0.071305578059, 8.8102105764e-05, 0.052119239334, 0.0092309979537, 0.068597391299, 0.27712091871, 0.070480360444, 0.041330651058, 0.19037078523, 0.21935597581]
    ],
    [
      [0.057978924361, 0.026719819563, 0.1395025997, 0.15231241854, 0.002152441204, 0.094038599345, 0.22896582516, 0.0044925344164, 1.8960647082e-13, 0.29383683771],
      [0.032299571876, 0.11900823817, 0.20367397055, 0.34418625921, 0.0012677439598, 0.033038883068, 0.022530259079, 0.016019760369, 0.12959608421, 0.098379229514],
      [0.19098883921, 5.1292519375e-05, 0.064084579978, 0.024882358715, 0.051469857384, 0.21688467134, 0.069872652052, 0.069665733313, 0.030596977263, 0.28150303822]
    ],
    [
      [0.036532916684, 0.016754980439, 0.24902031936, 0.060178192498, 0.0055724076931, 0.11097020918, 0.25167477866, 0.0092341513669, 1.7659836099e-13, 0.26006204412],
      [0.019167808882, 0.10514587594, 0.44604666257, 0.16094386062, 0.0036117306966, 0.032382451229, 0.033648459538, 0.041376593202, 0.081900807128, 0.07577575018],
      [0.12182985345, 3.027266953e-05, 0.15337282027, 0.01132092068, 0.093948774326, 0.17168263977, 0.073270363183, 0.12457648833, 0.034457410587, 0.21551045674]
    ],
    [
      [0.038549141529, 0.01600512647, 0.088239465251, 0.14684263003, 0.011770525023, 0.14927909852, 0.32755219858, 0.0090320826451, 6.5246056128e-13, 0.21272973194],
      [0.027841272039, 0.068116697877, 0.11669836279, 0.28840717702, 0.0070640294075, 0.038913234462, 0.040139238794, 0.038142705647, 0.28733886082, 0.087338421147],
      [0.098994511737, 2.1073916315e-05, 0.047556312386, 0.026892434355, 0.18272214699, 0.19218447234, 0.097891726346, 0.098376910719, 0.11198525219, 0.14337515903]
    ],
    [
      [0.033226945906, 0.017457771903, 0.1464869045, 0.079382495164, 0.0059192009751, 0.1391563783, 0.36150360742, 0.0039907745378, 4.5239370762e-13, 0.21287592129],
      [0.022663563307, 0.093384853202, 0.27246162218, 0.21834325638, 0.0040542754717, 0.039530743852, 0.037341787447, 0.017540831259, 0.22580845647, 0.068870610429],
      [0.12642561954, 3.087843869e-05, 0.085385718166, 0.014438625762, 0.12534178521, 0.25433087197, 0.095475576225, 0.043440270118, 0.08178460599, 0.17334604858]
    ],
    [
      [0.026129496072, 0.028089112318, 0.079357594389, 0.086842151757, 0.013295897924, 0.18928411941, 0.28906037554, 0.003464253691, 6.4547073479e-13, 0.2844769989],
      [0.015565554241, 0.16142905595, 0.14653163722, 0.23611193221, 0.009012046662, 0.058985663757, 0.037970174793, 0.014472189236, 0.25371864536, 0.066203100567],
      [0.07436983652, 4.5339385752e-05, 0.043453369963, 0.014113313026, 0.22261239536, 0.25962434103, 0.0838685753, 0.035997329497, 0.087247003533, 0.17866849638]
    ],
    [
      [0.037951461779, 0.010711812848, 0.08407289244, 0.065911633458, 0.016646703122, 0.13421561822, 0.16674268709, 0.0038118983242, 3.2112537275e-13, 0.47993529272],
      [0.039904429598, 0.051616207003, 0.21396719651, 0.15464117476, 0.018330785336, 0.049306376542, 0.050521208515, 0.028588405648, 0.21118896399, 0.18193525211],
      [0.13539740453, 1.9921025719e-05, 0.040901054711, 0.014136983731, 0.20397174127, 0.1524346402, 0.041475527338, 0.062177099335, 0.044765378251, 0.30472024961]
    ],
    [
      [0.026257873118, 0.022941545652, 0.16513219496, 0.10661056757, 0.013031030723, 0.096844542493, 0.25238483627, 0.0084135879058, 3.9362923588e-13, 0.3083838213],
      [0.017227934212, 0.13998389403, 0.19789318789, 0.25480344301, 0.0094188931643, 0.03334823058, 0.03020537735, 0.036977424863, 0.19401625304, 0.086125361862],
      [0.078246634076, 3.1677929049e-05, 0.061226981396, 0.015854957299, 0.27130043281, 0.15954123198, 0.052250162595, 0.08145928628, 0.063126141945, 0.21696249369]
    ],
    [
      [0.034734252627, 0.046444010241, 0.2154836667, 0.19317939651, 0.015138031559, 0.13490371599, 0.18884621905, 0.0053928873812, 5.9425531966e-13, 0.16587781994],
      [0.010814870691, 0.20744122441, 0.22834172143, 0.24340803971, 0.0095308493918, 0.04019876586, 0.021635999099, 0.026920191851, 0.15285953346, 0.058848804092],
      [0.081415315623, 7.9038095152e-05, 0.074774246707, 0.029619021923, 0.28582435247, 0.17181841544, 0.051480332656, 0.066169443227, 0.080765177995, 0.15805465586]
    ],
    [
      [0.054746305909, 0.021048669193, 0.14306833359, 0.11695167291, 0.0084844224454, 0.16755421295, 0.27167023808, 0.027945968763, 4.4828385047e-13, 0.18853017617],
      [0.023298319589, 0.098359853082, 0.26016233329, 0.19210919351, 0.0046616523555, 0.053072194943, 0.035047860088, 0.10963495119, 0.18005643079, 0.043597211165],
      [0.12829203956, 3.6057020194e-05, 0.057180384465, 0.014233799496, 0.13083514733, 0.1726689921, 0.046299506339, 0.26021049027, 0.063052697055, 0.12719088636]
    ],
    [
      [0.050078640112, 0.014849051629, 0.10409872187, 0.05429450941, 0.0067816228587, 0.18209665265, 0.33047739544, 0.0044184275118, 3.6839964679e-13, 0.25290497851],
      [0.035113566889, 0.11676901815, 0.26201719103, 0.15928797512, 0.0057637396272, 0.066645836959, 0.048266215379, 0.022876968329, 0.19245602547, 0.090803463048],
      [0.13605883181, 2.7024405213e-05, 0.064032484011, 0.0092240332712, 0.12600591272, 0.27138650244, 0.083069841679, 0.056070039697, 0.065060431136, 0.18906489883]
    ],
    [
      [0.03748325559, 0.017993040774, 0.099095008893, 0.086204713268, 0.0081001003111, 0.12607973178, 0.36900169375, 0.0023490683607, 2.3130650726e-13, 0.25369338727],
      [0.03064265951, 0.10237398013, 0.26967172752, 0.23064736002, 0.009282127645, 0.045220518755, 0.071482002968, 0.014183169701, 0.14737549887, 0.079120954891],
      [0.1521722569, 2.8024757913e-05, 0.071505554044, 0.015496428479, 0.18662301933, 0.20004401608, 0.12231424396, 0.035824440024, 0.04277157571, 0.17322044071]
    ],
    [
      [0.061436883136, 0.021296668798, 0.12588284577, 0.067360358492, 0.0059065818788, 0.20437427998, 0.21125817604, 0.0040175930383, 4.0403069883e-13, 0.29846661287],
      [0.049407513744, 0.10753148216, 0.23761466011, 0.20333082123, 0.0038446596864, 0.069786080681, 0.034943290536, 0.018985154808, 0.1755363463, 0.09901999073],
      [0.20006830173, 2.9889919383e-05, 0.057168925857, 0.010915626092, 0.088597694814, 0.28687481926, 0.059243703754, 0.036965468733, 0.051922704738, 0.2082128651]
    ],
    [
      [0.10041565763, 0.036929246681, 0.16182167665, 0.090900250153, 0.0088295663055, 0.1142530077, 0.24387810632, 0.013199988319, 6.913223891e-13, 0.22977250024],
      [0.045174275878, 0.12463342078, 0.1937790033, 0.19141836797, 0.0059564054091, 0.016635129638, 0.029920240927, 0.043171004108, 0.30444863204, 0.04486351995],
      [0.20174185695, 5.1704849494e-05, 0.085550837733, 0.0159627482, 0.13187749679, 0.1363460468, 0.059054835673, 0.12898153556, 0.084433269781, 0.15599966766]
    ],
    [
      [0.027779588472, 0.052334610803, 0.20572725367, 0.079735114174, 0.0033634193294, 0.11408155863, 0.20469630084, 0.0053948198488, 5.9017145556e-13, 0.30688733423],
      [0.013106489846, 0.22945657117, 0.25604711204, 0.15363431249, 0.0019968182071, 0.032258540185, 0.022217638081, 0.019482397837, 0.20248292795, 0.06931719219],
      [0.092668855361, 9.5685269101e-05, 0.11892827822, 0.015033675099, 0.071428520384, 0.19774563045, 0.074510416968, 0.076466462941, 0.11029862517, 0.24282385014]
    ],
    [
      [0.018723966667, 0.039984077918, 0.12129035416, 0.055033153104, 0.0049255473037, 0.19019353267, 0.28002517456, 0.0042799673177, 6.2125006224e-13, 0.2855442263],
      [0.017898216519, 0.22789819024, 0.21008927618, 0.16130369603, 0.0034662040543, 0.066832038753, 0.028050813931, 0.016520317934, 0.22093290592, 0.047008340428],
      [0.065489436683, 6.502997659e-05, 0.062018969064, 0.0089825890191, 0.11633545728, 0.27344930521, 0.068241304072, 0.05696481178, 0.12638177398, 0.22207132293]
    ],
    [
      [0.028093138496, 0.02148136027, 0.087827638945, 0.070702053653, 0.016946894698, 0.1302123816, 0.36905365995, 0.0035705582653, 5.7181767031e-13, 0.27211231412],
      [0.023977741952, 0.116107102, 0.17618213554, 0.18835484934, 0.013394963256, 0.044891554848, 0.047759263314, 0.020774513824, 0.27260610618, 0.095951769748],
      [0.070243893776, 2.7494350306e-05, 0.045064203946, 0.010523677189, 0.29367466512, 0.18296215549, 0.08813062617, 0.035931297758, 0.06911602816, 0.20432595804]
    ],
    [
      [0.044531070214, 0.018996221089, 0.082132789923, 0.054056445547, 0.0067901699874, 0.22863695959, 0.34352496159, 0.0077732849478, 7.9273812017e-13, 0.2135580971],
      [0.033146533382, 0.1437387254, 0.13583784764, 0.13751549421, 0.003262520491, 0.074775924354, 0.028624490902, 0.024762882446, 0.33233518508, 0.086000396093],
      [0.10228527161, 3.4521695177e-05, 0.048124783163, 0.0099064817106, 0.081860383296, 0.29844111744, 0.09450952079, 0.065912862975, 0.15153916748, 0.14738588984]
    ],
    [
      [0.038580750487, 0.029772211869, 0.15562529952, 0.11868095677, 0.0076390822633, 0.21127534503, 0.15249282916, 0.0084177476993, 5.0739042826e-13, 0.2775157772],
      [0.034285658746, 0.10312668491, 0.24590465067, 0.19366695933, 0.002982036377, 0.039607036449, 0.034728911777, 0.032671225444, 0.18660214308, 0.12642469321],
      [0.12164873728, 3.0165961915e-05, 0.063361578165, 0.019510871139, 0.079333120493, 0.15830485878, 0.045869399129, 0.068583549032, 0.044425403797, 0.39893231623]
    ],
    [
      [0.022957248997, 0.051676063136, 0.19466401208, 0.095651349846, 0.0041111814231, 0.10515931795, 0.25937003643, 0.010551475681, 9.588871701e-13, 0.25585931445],
      [0.0078280305139, 0.095772755661, 0.2702973887, 0.21595501869, 0.0017011466985, 0.019196480907, 0.014593232357, 0.030353974981, 0.2805099539, 0.063792017591],
      [0.0477502811, 7.6453235673e-05, 0.066856495133, 0.030295352644, 0.077945026806, 0.1798052569, 0.050074171167, 0.15287165404, 0.15433118643, 0.23999412254]
    ],
    [
      [0.042169399915, 0.016362821557, 0.15825449196, 0.12372336878, 0.013399255297, 0.16400250559, 0.30562801207, 0.0080268588605, 6.9341542505e-13, 0.16843328597],
      [0.01342566401, 0.11203692071, 0.21191098771, 0.22263889413, 0.0035068621716, 0.060462489184, 0.030535037629, 0.022223844648, 0.27189908117, 0.051360218626],
      [0.14601982367, 2.4501300982e-05, 0.059712692859, 0.012392098209, 0.1419822968, 0.30463193889, 0.037981920414, 0.072387955877, 0.13001161232, 0.094855159669]
    ],
    [
      [0.029335119876, 0.037642503963, 0.11028000106, 0.059141670522, 0.0025289753537, 0.064295141663, 0.27891175389, 0.0040777725021, 3.3006256624e-13, 0.41378706117],
      [0.019149327423, 0.15805239266, 0.18452506296, 0.23485719766, 0.0021953013325, 0.038980733912, 0.060334119737, 0.020175641077, 0.15376268825, 0.12796753499],
      [0.050287632663, 0.00011232375975, 0.065312185139, 0.01804698914, 0.070089728678, 0.1651470155, 0.14353770289, 0.063369108734, 0.076133422294, 0.3479638912]
    ],
    [
      [0.024080938174, 0.02417821132, 0.1784312325, 0.10986947225, 0.012280987695, 0.10430928745, 0.29269663034, 0.0056225112676, 4.0197992043e-13, 0.24853072901],
      [0.014660897238, 0.12032885435, 0.28798253604, 0.25578663792, 0.0075299279244, 0.031430377878, 0.037052258086, 0.020966800012, 0.14815102124, 0.076110689317],
      [0.078696607207, 4.4805850361e-05, 0.095743026889, 0.019321498428, 0.25177516321, 0.1560887139, 0.09770585314, 0.070655065433, 0.062342989914, 0.16762627602]
    ],
    [
      [0.029462763851, 0.040341171242, 0.16622163637, 0.061053688417, 0.0045146713691, 0.2233044854, 0.18646031952, 0.0068139978317, 3.6331550226e-13, 0.28182726601],
      [0.021630472655, 0.18412625534, 0.23300585805, 0.14282887537, 0.005282591725, 0.074087046226, 0.022319143909, 0.030763131353, 0.18017377485, 0.10578285052],
      [0.084859792324, 6.1368196649e-05, 0.060997285805, 0.011151836704, 0.11300306818, 0.32022010333, 0.039496345434, 0.06673351885, 0.057283874105, 0.24619280707]
    ],
    [
      [0.036487097999, 0.054071833137, 0.1742580663, 0.18838589156, 0.0028131827855, 0.11941281714, 0.19244078621, 0.0081043395582, 1.7980723565e-12, 0.2240259853],
      [0.0094484922547, 0.1797571301, 0.17119198121, 0.24332768058, 0.0019520043801, 0.027922735069, 0.023350168843, 0.021661469313, 0.28812977135, 0.033258566904],
      [0.097037542537, 8.0014597574e-05, 0.059833226962, 0.023710948325, 0.067954499845, 0.20635865017, 0.05089683149, 0.085110833235, 0.244527341, 0.16449011184]
    ],
    [
      [0.04435120235, 0.033792242148, 0.12469402544, 0.082688545016, 0.013001296063, 0.16746405808, 0.29951861587, 0.0033179012581, 2.6256018249e-13, 0.23117211377],
      [0.029920003397, 0.22469349324, 0.23380754617, 0.21340374854, 0.0088768774851, 0.050356818292, 0.046868395902, 0.014808700896, 0.10217865377, 0.075085762311],
      [0.11788738706, 6.0291855089e-05, 0.068563938655, 0.013931530582, 0.24424413765, 0.22404025838, 0.094026558077, 0.040369989387, 0.039227054107, 0.15764885425]
    ],
    [
      [0.058635847038, 0.016871697566, 0.10302233702, 0.062325422372, 0.011390384337, 0.23558994726, 0.1662178735, 0.0048428627186, 4.2643619964e-13, 0.34110362819],
      [0.046948146212, 0.084516128213, 0.18945547091, 0.16675964896, 0.0070757477817, 0.064352348612, 0.029059526912, 0.02159789176, 0.23641623058, 0.15381886006],
      [0.18293449013, 2.2182929961e-05, 0.042799917904, 0.0072225097392, 0.12816599348, 0.20625305793, 0.061876257717, 0.048335524426, 0.085012459049, 0.23737760669]
    ],
    [
      [0.037137765545, 0.017254744504, 0.14380014297, 0.10423146352, 0.006312530097, 0.14002579432, 0.25823972318, 0.0057118406588, 3.2212468046e-13, 0.28728599521],
      [0.023793876951, 0.087017721858, 0.27826358666, 0.23865471086, 0.0051480364933, 0.045488524682, 0.038411684197, 0.029959932791, 0.14604092116, 0.10722100434],
      [0.11886966666, 3.8599688303e-05, 0.066031679897, 0.023109622678, 0.11017160001, 0.20162669923, 0.090897794249, 0.095243119485, 0.052227104683, 0.24178411343]
    ],
    [
      [0.031051416822, 0.010895881109, 0.094261722047, 0.20592966424, 0.0054372711931, 0.1770516346, 0.19279196016, 0.0049419223073, 3.7659576983e-13, 0.27763852752],
      [0.020190355192, 0.056185229088, 0.14779433447, 0.45481438067, 0.0036976102442, 0.049208430829, 0.025151031565, 0.021953505288, 0.14994395778, 0.071061164876],
      [0.11364301119, 2.2763700586e-05, 0.061024361335, 0.040069441697, 0.12777691214, 0.25965187867, 0.069344323724, 0.060928303953, 0.075726248093, 0.1918127555]
    ],
    [
      [0.04627196925, 0.020203085063, 0.17727828407, 0.061435392181, 0.012825502953, 0.15018308199, 0.23896377489, 0.012763876381, 5.2472917652e-13, 0.28007503322],
      [0.025125007806, 0.11143762923, 0.30046534637, 0.14246048225, 0.0094615015088, 0.045699040672, 0.031744037377, 0.049644770084, 0.2121519036, 0.071810281094],
      [0.10870142297, 2.9121925417e-05, 0.077098782778, 0.008559029705, 0.19674172679, 0.17608514901, 0.060411053523, 0.12175689418, 0.074665258494, 0.17595156062]
    ],
    [
      [0.038799267356, 0.0078288426712, 0.091291549482, 0.19745371056, 0.010010723087, 0.13266040484, 0.21289285248, 0.0044528108881, 3.4605242709e-13, 0.30460983864],
      [0.022990206392, 0.039516981282, 0.15958406021, 0.48503730679, 0.0062955473194, 0.03961702482, 0.02726852007, 0.016523935018, 0.1270781807, 0.076088237401],
      [0.12907541275, 1.5218775796e-05, 0.056438097923, 0.039616167846, 0.1836070288, 0.17563728012, 0.073363259019, 0.060199597292, 0.055269154977, 0.22677878249]
    ],
    [
      [0.021137000377, 0.02486482584, 0.15298723385, 0.10626473476, 0.0061388069701, 0.082793688667, 0.45383717752, 0.0033644185969, 7.3186706751e-13, 0.14861211341],
      [0.015722584684, 0.14768324758, 0.27522026752, 0.19058058633, 0.0030656240595, 0.02478544102, 0.044261079143, 0.014499793161, 0.24136692414, 0.042814452366],
      [0.13071147167, 5.1569662443e-05, 0.069639928447, 0.018144926221, 0.1272885245, 0.19125668208, 0.12909725149, 0.041436357032, 0.11718749526, 0.17518579364]
    ],
    [
      [0.14460425916, 0.032453547577, 0.10005232817, 0.083092511893, 0.0054955299054, 0.14711054239, 0.18740028411, 0.015391496841, 5.6105231176e-13, 0.28439949996],
      [0.083818235433, 0.15957397731, 0.16583983962, 0.1860582011, 0.0035304282099, 0.035813427041, 0.024308684117, 0.065187606397, 0.20465074865, 0.071218852113],
      [0.33534839256, 3.81475312e-05, 0.043152660442, 0.0099582690046, 0.078347151137, 0.15047901918, 0.044396222812, 0.12977288196, 0.062324850951, 0.14618240442]
    ],
    [
      [0.033381588591, 0.028786733874, 0.14709040731, 0.055745825517, 0.0098305343118, 0.12655288641, 0.29823906809, 0.0077557191085, 5.1942853629e-13, 0.29261723678],
      [0.022255623956, 0.15497244922, 0.26353342661, 0.13683466453, 0.0065041943071, 0.039324862073, 0.039101653611, 0.03220527756, 0.2216924543, 0.083575393829],
      [0.10113706296, 4.5209926095e-05, 0.077615134849, 0.0095602943466, 0.17692293832, 0.17850207694, 0.085792289092, 0.087782505333, 0.080433070516, 0.20220941772]
    ],
    [
      [0.042212889165, 0.010433719921, 0.12067436503, 0.073045940889, 0.006518171222, 0.1390815538, 0.31990872539, 0.0045761069591, 2.4181093723e-13, 0.28354852762],
      [0.033133043379, 0.065095249685, 0.30793330178, 0.2083789799, 0.0073110210892, 0.058429139334, 0.055926975215, 0.029375268238, 0.12682020057, 0.10759682081],
      [0.15215523482, 1.7241820168e-05, 0.082601206446, 0.013714180871, 0.16413091929, 0.21052346748, 0.089146575977, 0.053797884995, 0.034728927793, 0.19918436051]
    ],
    [
      [0.032384529703, 0.015599938016, 0.11777512103, 0.03570794614, 0.0085493178935, 0.21150603109, 0.30191570116, 0.0043034669388, 4.0255095393e-13, 0.27225794802],
      [0.022618215197, 0.10569853065, 0.2887885097, 0.097247875877, 0.0064568140439, 0.074478572788, 0.048731692952, 0.019499138974, 0.23844199035, 0.098038659471],
      [0.082537964286, 2.6936510931e-05, 0.077571909602, 0.0056994826261, 0.15877635996, 0.26449313065, 0.085901802886, 0.043366942639, 0.080751900369, 0.20087357047]
    ],
    [
      [0.018560267027, 0.016233486102, 0.10303324028, 0.10716067699, 0.0074843937125, 0.18577099357, 0.25655919569, 0.012366150222, 3.7413277758e-13, 0.29283159641],
      [0.013586294458, 0.10021641473, 0.19353788259, 0.28713545554, 0.0055061625583, 0.056184096664, 0.039318414598, 0.054551090088, 0.16690787688, 0.083056311895],
      [0.060403509896, 2.6294175644e-05, 0.056050685031, 0.018960799632, 0.13984138536, 0.26268907178, 0.079226016037, 0.13993742467, 0.065379607719, 0.1774852057]
    ],
    [
      [0.023988293331, 0.022846997512, 0.16446452827, 0.053317275713, 0.0070108668206, 0.10279000012, 0.39677193582, 0.0055678958822, 3.3184700047e-13, 0.22324220654],
      [0.017347134028, 0.14755473485, 0.31912481671, 0.15425764157, 0.0057247425707, 0.036588335463, 0.058889919448, 0.026942537969, 0.15896941156, 0.074600725837],
      [0.080108359616, 4.3596055275e-05, 0.10410602401, 0.010883825598, 0.14886807407, 0.17692578434, 0.13761318803, 0.074756309996, 0.061498212933, 0.20519662535]
    ],
    [
      [0.046712872878, 0.11601970458, 0.11816586078, 0.052449741767, 0.0076423325325, 0.085960327684, 0.24887257184, 0.010303433349, 8.0794924333e-13, 0.31387315459],
      [0.01804632085, 0.43487635034, 0.13039799545, 0.067770395516, 0.0030785846349, 0.018894308473, 0.018807435304, 0.024909646165, 0.23036257522, 0.052856388044],
      [0.1426233696, 0.00020872064239, 0.066382283541, 0.010096636495, 0.13658974022, 0.12296933192, 0.069261504327, 0.10079558352, 0.13601356312, 0.21505926662]
    ],
    [
      [0.04243156782, 0.011407906914, 0.13653383313, 0.092154383132, 0.0088194319632, 0.091356462531, 0.27845311002, 0.0090686740144, 5.1350639588e-13, 0.32977463047],
      [0.028247230088, 0.062335424455, 0.25582758302, 0.22517243233, 0.006076987259, 0.027319304759, 0.037964462987, 0.04126489344, 0.22910685611, 0.086684825548],
      [0.12440439358, 2.0426191085e-05, 0.080010292533, 0.015470341526, 0.16047438591, 0.13151092387, 0.08655358247, 0.10192576712, 0.077523566052, 0.22210632075]
    ]
  ],
  "expected_outcome": [
    [
      [3.5273547644, 1.4880316841, 1.2777076791, 2.1985840988, 3.3148190763, 2.6037886181, 1.4816222635, 3.4139977088, 3.5135048022, 3.8064210561, 2.0971871257, 3.9425668566, 2.776501668, 2.5442433409, 2.5584748347, 1.5938992604, 1.9355245507, 0.49889958924, 0.65995079992, 0.98543350637, 0.80125824179, 0.56224883384, 0.98299013018, 1.5062348644, 0.41669382708, 0.35575536668, 0.33711766195, 0.62343498299, 0.57871125731, 0.29844423697, 0.8433879983, 0.41069167827, 0.65018533069, 0.70710633241, 0.54730646998, 1.0200776541, 0.87953770557, 0.40851542099, 0.43471983551, 0.8328954465, 0.6207882777, 0.2747810049, 2.6028766649, 0.83453971478, 0.8442577833, 0.45338341584, 0.31552453947, 0.33583610664, 0.56055447454, 0.67890508511],
      [1.7927387972, 1.7473018553, 0.7023052864, 3.7325668765, 1.8359719042, 1.3666466266, 1.1605868504, 4.740854691, 1.5660557099, 1.059335863, 4.0407978016, 1.8169477303, 1.2733785134, 1.056338347, 1.3442484365, 1.7134358514, 0.54630245525, 0.43588936738, 0.88243619458, 0.37887604548, 0.23758482607, 0.26989561161, 0.34074670078, 0.55393870021, 0.78501916205, 0.75969748044, 0.25777632324, 0.26594709524, 0.44658317804, 0.67178882076, 0.32725643114, 0.52699505549, 0.65281170564, 0.9681881098, 0.81107749706, 0.7772215694, 0.2530754635, 0.18980218955, 0.15254233553, 0.36365553114, 0.12526148274, 0.32324273592, 0.58416385639, 0.71966834686, 0.20867439843, 0.21839913223, 0.27596926373, 0.31985796517, 1.3922364549, 0.18252651063],
      [7.9454770854, 5.5324933819, 7.791061485, 8.5968144843, 13.0128262533, 9.7417272092, 8.4039241011, 5.2903496099, 5.1833671885, 11.0517265341, 6.6901001779, 9.4861767796, 18.925544271, 5.8238047066, 11.2794916464, 4.8408132577, 4.2877175144, 3.1375117043, 4.0941896673, 2.5752300046, 1.66557955, 1.4864251334, 2.0141255323, 2.4273251498, 3.085908805, 2.304516729, 1.0539316673, 1.1498590589, 2.3343794928, 2.5306321571, 3.1650898391, 1.5439200149, 4.8176432775, 3.9893192728, 2.6138709946, 2.8679625851, 1.5453350553, 1.5818015726, 1.3196641087, 3.1910091133, 1.4606647917, 1.98883404, 1.800941907, 3.6772601829, 2.4134873006, 1.6488516945, 1.7515650847, 2.3025033957, 1.4179903294, 2.1845413301],
      [4.9466432573, 6.9053764603, 3.3029088532, 9.8562402218, 4.464132646, 4.0051935807, 10.4787677132, 5.043539067, 3.5770413544, 6.0678101078, 3.3453648171, 10.3572444604, 4.5735426299, 9.6916135822, 6.1124521276, 5.2973712572, 3.3614933063, 2.0256007838, 3.6704085337, 2.1051301123, 0.86871215055, 1.293070699, 1.0777657359, 1.3635037523, 1.1960267126, 1.045629909, 0.84842464384, 0.75679023766, 1.7802143515, 1.243467548, 2.4744673755, 0.82798338731, 2.9664757507, 1.465288522, 2.8257883734, 1.9018365354, 0.93488133559, 1.1465460988, 2.8830152994, 1.1058370593, 3.159259369, 1.3814415519, 1.4956652141, 1.3936456379, 1.4609188178, 0.49991124597, 1.8217315089, 0.74644185998, 0.6293969012, 1.4744701301],
      [0.25312140596, 1.0456303589, 0.39138811103, 0.60244051562, 0.49490800798, 0.24034564706, 0.41242751562, 1.4592895894, 0.42911401974, 0.47898129204, 0.24705738369, 0.14636600187, 0.42350298467, 0.77685465153, 0.45577847509, 0.81104977338, 0.8489818592, 0.24758958374, 0.28762259962, 0.15271960402, 0.10850596574, 0.12150150467, 0.09450531006, 0.13244349458, 0.050451289941, 0.09358539877, 0.20336273638, 0.095062379823, 0.11458623395, 0.0534453585, 0.26798510595, 0.035405654951, 0.33158666777, 0.10835211286, 0.042197741783, 0.29902980945, 0.17085576506, 0.069437831067, 0.076121796703, 0.23085905315, 0.16017156939, 0.079804490611, 0.098919538297, 0.2457633578, 0.13036342444, 0.11969045051, 0.12723469311, 0.098152135489, 0.09170799039, 0.14111091141],
      [11.3818287135, 9.7789072699, 10.8850869032, 6.4410638931, 11.9916438949, 6.9523544884, 9.0026606276, 8.5034452059, 10.3879696287, 6.8846972266, 11.091647708, 6.3946247555, 8.4337358974, 9.8524205025, 10.7150411292, 11.5463312843, 6.8449965292, 1.8400463074, 2.5631706039, 3.0159758331, 2.9135464424, 1.8911959768, 3.2699884797, 1.7137951155, 1.7112233795, 3.6136771208, 1.5625485792, 3.2009174343, 3.1691301754, 1.3670711334, 3.2800501118, 0.90013198328, 2.816350761, 5.3593076495, 1.7911922571, 3.8516733359, 3.5338492089, 1.5402837375, 2.4787228844, 2.7032954758, 2.1225664774, 1.0763179527, 2.6479897629, 3.1638221603, 2.781631076, 2.9610844352, 3.1581068907, 1.4390600017, 1.0315239322, 1.4617034005],
      [12.9511055113, 23.8936476512, 19.2069147126, 12.7497840126, 10.9820543541, 22.3057648537, 20.185214478, 16.7701366663, 16.6775698754, 17.627670368, 14.785647322, 15.569676111, 19.1272831784, 21.6184451066, 27.8357777715, 17.6326829078, 8.5038770417, 4.7953118892, 3.588078162, 4.8900642855, 5.2876383271, 5.5350254063, 3.3801308167, 3.6581715947, 3.0704445126, 5.3204783165, 4.4286439194, 4.8093494623, 2.2873924374, 3.3718104736, 6.1125602415, 3.9047645545, 7.9028090193, 4.4750476684, 2.8866117932, 6.8889281651, 2.4932681024, 2.840636955, 2.6990874422, 4.301347948, 3.4062856397, 5.8998833078, 3.373205114, 7.4559767023, 6.3981745079, 4.2268198162, 4.3615063267, 5.5548071015, 2.9864708621, 4.4552497604],
      [0.18186154931, 0.73600376737, 0.27994174813, 0.25632774475, 1.6109145873, 0.94366159878, 0.17980911113, 0.18240201763, 0.93349169705, 0.21978227685, 0.23253219374, 0.30549234031, 0.70179550388, 0.59611745458, 0.30728963941, 0.21131947515, 0.19440681453, 0.15985817021, 0.10246486024, 0.50302743773, 0.070694840189, 0.035236025411, 0.064281488613, 0.19799982479, 0.080922297732, 0.081319379036, 0.042846699184, 0.10882598927, 0.12626621549, 0.13716918386, 0.16053717721, 0.057088815029, 0.15180780422, 0.16353594796, 0.12156509337, 0.076311728936, 0.07264294078, 0.062830247247, 0.069186912302, 0.22974977485, 0.071244974209, 0.04373744176, 0.27704694314, 0.19389297771, 0.091522139181, 0.060248537143, 0.21022455377, 0.077950542351, 0.12364120019, 0.14509878423],
      [3.4415481621e-11, 3.1024682902e-11, 3.7950930918e-11, 1.5358280681e-11, 5.3909672176e-11, 2.9235469896e-11, 1.2858836801e-11, 5.2538302682e-11, 1.8120438513e-11, 3.8786234025e-11, 7.3834454285e-11, 1.2893240016e-11, 1.3421475435e-11, 4.3062397045e-11, 3.4834315487e-11, 3.9373714822e-11, 1.637739401e-11, 7.4789554818e-12, 1.1290851074e-11, 8.0691093085e-12, 5.8943943486e-12, 3.469597609e-12, 6.4644911813e-12, 1.0369835836e-11, 8.8525718335e-12, 1.1803751183e-11, 6.8618120437e-12, 1.1098333682e-11, 7.610856424e-12, 1.2465533211e-11, 1.3868308501e-11, 4.6208759273e-12, 1.0853457852e-11, 8.7195720544e-12, 2.6971085348e-11, 6.0388841972e-12, 6.3965429946e-12, 3.5433714851e-12, 5.2723407777e-12, 9.4451251774e-12, 5.5368388334e-12, 9.5142718776e-12, 1.0098941612e-11, 1.2985713407e-11, 4.8362187445e-12, 5.635713355e-12, 6.3602572188e-12, 4.6458580066e-12, 9.6953909199e-12, 8.2161023341e-12],
      [24.0198689156, 13.8726075711, 22.1626852212, 16.5661781526, 18.292729276, 18.8405173773, 12.6949873393, 19.595985444, 17.7318857242, 19.8035752753, 25.4696654703, 19.9809049644, 19.7647153534, 14.040162308, 16.3914459396, 17.3530969327, 24.4766999286, 5.8592926048, 3.1516785788, 3.393543171, 4.0464796562, 3.805400809, 4.7754658059, 3.4465875037, 4.6033100135, 5.4253402997, 3.2653477694, 2.9898133595, 4.162736658, 3.3261710878, 3.3686657195, 5.7930188563, 6.7103296831, 6.7638543843, 3.3603897795, 5.3169586167, 5.1165544229, 3.1601459473, 3.8869393853, 5.041350598, 4.8737574182, 1.9319574744, 5.1191909993, 7.3154309195, 5.6709705524, 3.8116112723, 4.9781371389, 3.1253908915, 3.7664778551, 5.2763940875]
    ],
    [
      [0.70256051123, 0.21640270829, 0.16478666131, 0.39659982072, 0.51012067599, 0.57796492289, 0.32649259776, 0.44240903625, 0.87817018135, 0.61166264222, 0.19748590906, 0.64599143751, 0.23001370659, 0.5011428967, 0.3172898863, 0.26461442209, 1.1971328879, 1.1887274607, 0.70296659493, 1.3978991754, 2.2823818478, 1.9917728682, 3.3597109346, 3.2073735873, 0.8781348197, 1.1991805068, 1.7503751625, 2.2208177366, 2.5028530884, 0.57927425803, 0.79211417658, 1.3404529196, 0.74770575915, 0.67054465231, 0.15117587608, 0.41888004755, 0.75117033939, 0.38070203122, 0.42399745904, 0.30150009368, 0.20691185753, 0.36161944772, 1.5925464732, 0.42285685517, 0.62952782421, 0.29403679756, 0.21738071132, 0.27755414444, 0.30678745446, 0.50845014158],
      [2.50850164, 3.0805468773, 0.82366081434, 6.1294852448, 2.8991482196, 2.3524730233, 2.2874462057, 5.0212800106, 3.1251512515, 1.2823553385, 3.4221856639, 2.3801647634, 1.2617505113, 1.2261005618, 1.3073879448, 2.7442939511, 1.5484862101, 9.658888688, 13.4836795868, 5.9015911849, 7.5899861795, 6.6543087082, 7.3121407872, 8.8489728755, 15.3735902685, 15.2691787464, 8.4758184458, 9.6304946016, 7.5282479987, 7.087183919, 6.6101783222, 11.063667486, 6.1367715717, 5.7079139155, 2.8761140816, 3.1457089054, 1.3522580514, 1.3922835497, 1.1798898108, 1.3372515508, 0.35565283154, 3.3967146943, 3.0319055689, 2.9444765352, 1.236809744, 1.3740808985, 1.6034626357, 2.3608757576, 7.3928979558, 1.1220376402],
      [4.0674874872, 2.309606771, 2.8932095656, 5.2173194494, 4.6958216328, 5.8975874988, 3.675971118, 1.6661718102, 3.4257776938, 4.5088848816, 1.9395433096, 4.0734794111, 5.3525599509, 2.1005705302, 3.8144627105, 2.4910378328, 6.4190158952, 13.6546299646, 14.8422118931, 15.6097399972, 17.0311174171, 17.5286622889, 16.1577968876, 13.7583092345, 17.1551565068, 14.0759815041, 12.8612958946, 9.1011357919, 17.9510394988, 20.0020067635, 12.5027482751, 12.9167544072, 14.6871093379, 7.2231815996, 2.7390716993, 3.2733056464, 3.0312875345, 4.4522173866, 3.1036810238, 3.6055841565, 1.4362565419, 6.3300661529, 3.1509569528, 5.0071351055, 5.8507327339, 3.7542506261, 3.0966061214, 5.1059970673, 2.2167659227, 4.6048964944],
      [3.5863510328, 4.0243719494, 1.8710695785, 7.6004488952, 2.8361633976, 3.2306134254, 6.6422907416, 2.3339361908, 2.940753747, 4.2021726637, 1.5036440016, 6.8837251841, 1.9313263275, 5.1913291863, 3.0568055894, 4.0139028477, 4.6392352427, 17.5814375677, 15.821522581, 11.5265516108, 10.3537183829, 14.9920784012, 13.826495844, 13.5907041256, 10.2934989371, 10.8073476343, 13.7499040016, 9.2135381123, 14.1376880314, 15.980671383, 13.1356947539, 16.4400038364, 13.0451185341, 4.4276951366, 3.8932428893, 2.9876524795, 2.6681543834, 3.8184753737, 9.551101994, 1.709525787, 4.3653357611, 4.3833534856, 3.5351058209, 2.5998586261, 3.959200618, 1.2642223864, 4.5941672886, 2.4681222651, 1.1520967238, 4.0531037819],
      [0.055023152929, 0.16899243823, 0.053090389447, 0.10633463926, 0.08150844892, 0.058626364205, 0.071118192139, 0.21784101486, 0.097491033694, 0.088421809983, 0.027613815516, 0.025354879195, 0.043340768359, 0.12715252933, 0.056759856603, 0.15320479325, 0.54992356008, 0.64990362834, 0.61950521047, 0.27969914133, 0.37464307577, 0.60333829693, 0.26143685868, 0.42290478404, 0.13378681988, 0.23223567164, 0.97783231766, 0.2185888729, 0.21768865552, 0.12588485569, 0.20690486813, 0.15367109328, 0.38402632415, 0.16376034348, 0.031232070081, 0.12427628479, 0.11321196451, 0.082368583893, 0.077649815128, 0.11353801811, 0.056659925875, 0.070509353368, 0.067078135989, 0.12357969184, 0.1389094007, 0.08393858257, 0.088098600934, 0.091595881132, 0.052335938793, 0.10938577066],
