{
  "Z_true": {},
  "V_true": [
    [84, 91, 948, 384],
    [815, 205, 14371, 937],
    [1485, 12369, 2042, 559],
    [1517, 261, 584, 74],
    [166, 288, 502, 332],
    [180, 264, 637, 440]
  ],
  "p_true": [
    [0.0557, 0.0604, 0.6291, 0.2548],
    [0.0499, 0.0126, 0.8801, 0.0574],
    [0.0902, 0.7517, 0.1241, 0.034],
    [0.6227, 0.1071, 0.2397, 0.0304],
    [0.1289, 0.2236, 0.3898, 0.2578],
    [0.1183, 0.1736, 0.4188, 0.2893]
  ],
  "Z_est": [
    [
      [5.8046, 4.9462, 5.1797, 1.8936, 1.4146, 6.7923, 0.5808, 2.8691, 0.3646, 0, 0.4281, 4.039, 5.1002, 4.8575, 2.1927, 9.8858, 8.8218, 10.4645, 7.8291, 2.8158, 2.2314, 6.0602, 18.4065, 5.9705, 2.2083, 1.6184, 3.7208, 1.2047, 4.5355, 10.7384, 22.5584, 7.2392, 6.3766, 10.175, 1.8019, 2.5146, 3.9358, 10.0166, 1.5515, 3.1635, 4.572, 0.8496, 1.2114, 10.8487, 2.6763, 16.2942, 0.5167, 16.6645, 1.3863, 18.1798, 5.9191],
      [9.7542, 13.2874, 4.9107, 3.2333, 3.4547, 15.1149, 2.2236, 6.691, 1.1029, 0, 0.7804, 12.0085, 7.8831, 11.8769, 6.6894, 6.9724, 5.9227, 11.6937, 6.3037, 8.348, 5.6387, 26.7779, 26.1958, 8.7596, 2.6913, 1.5738, 5.4911, 1.1757, 3.5627, 18.7029, 19.7862, 7.819, 6.8191, 11.1663, 3.3807, 3.7405, 5.0317, 15.8307, 4.3103, 7.6342, 3.5883, 4.1807, 1.16, 7.2695, 6.3125, 18.3792, 0.9335, 26.4405, 2.6184, 31.3008, 8.1042],
      [9.2239, 5.2843, 9.3517, 4.5196, 1.9155, 13.5698, 3.418, 3.0002, 2.151, 0, 0.7734, 2.5682, 2.7435, 3.8155, 3.0155, 15.5257, 11.0339, 15.5896, 15.281, 4.421, 2.0334, 7.9941, 21.1563, 10.5225, 4.014, 4.1864, 7.8814, 2.7282, 12.6412, 10.804, 22.0563, 6.3341, 5.8702, 10.812, 3.038, 5.8135, 7.7834, 19.7885, 3.9123, 2.1653, 6.7615, 0.8569, 0.5377, 14.8275, 1.3771, 20.9565, 0.4875, 17.4763, 1.4897, 30.7716, 13.1156],
      [8.2173, 7.4821, 5.558, 4.3535, 2.2152, 12.5231, 1.7776, 4.4397, 2.3815, 0, 1.0181, 4.3843, 4.2731, 3.4502, 3.1024, 8.6161, 7.2216, 10.2522, 8.5862, 2.4152, 3.0965, 11.1679, 23.2414, 7.7474, 5.0864, 3.6214, 5.9068, 1.8914, 8.2607, 9.7548, 20.5991, 6.6078, 6.9341, 10.8466, 3.7794, 4.9314, 5.2491, 12.3641, 3.2258, 4.037, 3.0782, 1.1129, 1.0909, 16.0543, 2.6341, 16.37, 1.0623, 17.4187, 2.5055, 42.7478, 8.8611]
    ],
    [
      [19.6985, 15.5027, 22.226, 10.3909, 3.6814, 16.3585, 1.4003, 13.5208, 0.3676, 0.9383, 0.8253, 5.0276, 10.139, 4.6972, 2.7991, 43.9222, 38.6396, 47.4312, 29.9787, 2.0604, 3.9135, 3.3914, 19.255, 20.8281, 7.6426, 8.9084, 6.6855, 1.7572, 6.7179, 25.5937, 67.1892, 12.2871, 15.9522, 20.0152, 6.7486, 17.2099, 14.5037, 33.246, 4.2024, 4.6309, 5.5081, 0.2953, 5.3226, 12.0362, 4.1154, 32.6501, 5.3068, 37.2415, 4.6795, 36.5766, 4.0207],
      [2.4431, 4.0256, 1.1733, 1.7528, 0.9029, 2.4242, 0.6126, 2.8342, 0.0376, 0.0119, 0.1277, 1.3307, 0.7386, 0.383, 1.1181, 1.0966, 0.6831, 2.0187, 0.7331, 0.2191, 1.0303, 0.6494, 0.8535, 1.5968, 0.344, 0.3692, 0.5076, 0.0149, 0.061, 2.0319, 1.7273, 0.3512, 0.6049, 0.5989, 0.7669, 2.2452, 1.2654, 2.6467, 0.803, 0.6059, 0.0772, 0.1033, 0.303, 0.1095, 0.8987, 1.0515, 1.5376, 2.6629, 0.9546, 3.6509, 0.0937],
      [440.4361, 415.1678, 407.8168, 276.9233, 106.7184, 497.5003, 86.7416, 305.5842, 19.4192, 12.3847, 13.866, 126.3664, 130.4375, 106.2891, 89.6356, 625.415, 514.9564, 769.9141, 482.7363, 59.2785, 98.9857, 124.0615, 388.5933, 465.2184, 178.6853, 192.6563, 191.4688, 30.1669, 150.7346, 444.9634, 874.5896, 189.4095, 263.6195, 319.8343, 182.9799, 407.7134, 326.0025, 746.976, 169.8471, 109.7786, 85.799, 12.5526, 59.0979, 137.1585, 86.4413, 542.0676, 98.9505, 726.8164, 108.9256, 813.2066, 85.7462],
      [42.4224, 38.3039, 35.7846, 31.933, 10.6973, 52.717, 6.2455, 31.0608, 4.176, 1.6651, 3.1809, 10.2753, 12.6849, 6.6306, 7.4472, 50.5663, 44.7208, 55.6359, 40.552, 3.442, 10.0705, 13.8976, 46.2982, 39.3568, 28.3285, 24.0664, 20.3381, 4.061, 19.4868, 33.411, 89.4939, 19.9521, 30.8234, 35.5516, 24.5045, 40.8315, 29.2285, 54.1313, 15.1475, 10.9846, 6.6157, 1.0488, 7.2765, 24.6962, 7.5445, 52.2309, 20.2051, 67.2792, 17.4404, 138.5659, 11.1394]
    ],
    [
      [32.4532, 49.2682, 19.9769, 12.4109, 8.9302, 32.0503, 1.0206, 34.9058, 0.5179, 1.7518, 1.0076, 31.5857, 40.2059, 36.6936, 8.333, 57.2605, 61.0406, 71.8271, 50.4371, 13.8387, 12.4129, 35.8894, 69.5013, 28.1252, 7.7211, 5.9119, 9.4023, 4.1116, 6.7577, 81.6591, 149.8871, 45.5838, 44.4256, 64.2425, 12.9413, 23.5792, 14.1474, 47.6778, 8.4486, 26.9848, 12.3778, 2.396, 9.9087, 14.9511, 20.9919, 75.4097, 5.9398, 112.1876, 7.728, 85.2155, 10.8032],
      [350.8257, 582.0422, 194.0324, 149.0759, 124.7841, 444.3714, 43.1443, 366.2678, 13.3441, 5.7811, 8.9568, 318.4445, 200.6239, 288.9822, 132.6401, 269.9454, 268.3648, 466.1236, 206.8622, 136.9875, 158.9634, 414.044, 466.3891, 319.5572, 109.4668, 65.9222, 137.3096, 19.637, 54.1272, 548.8131, 665.128, 206.1686, 251.594, 309.417, 155.7382, 202.7018, 186.9142, 481.9589, 145.7452, 229.3675, 61.0387, 58.1086, 58.2241, 74.895, 179.5478, 448.4734, 78.9195, 831.9282, 112.9015, 729.5298, 83.3616],
      [63.2892, 83.3341, 42.3537, 20.6582, 16.4921, 86.449, 10.9509, 53.9294, 1.8923, 1.6475, 0.5342, 25.547, 19.7831, 32.7933, 12.8263, 52.6177, 47.7686, 124.0255, 52.4384, 23.3522, 10.8589, 54.4102, 53.0454, 67.7915, 11.6921, 16.9648, 21.1953, 5.7173, 12.9206, 96.7904, 78.0809, 22.9742, 24.3318, 35.4089, 31.6757, 35.2222, 35.1959, 127.7764, 42.5068, 24.0169, 8.7674, 2.3587, 2.1888, 5.6025, 11.6361, 90.7524, 5.1892, 124.8325, 6.7081, 83.7928, 15.2634],
      [11.4319, 17.3555, 8.6362, 6.855, 3.7936, 16.1294, 0.8843, 13.897, 1.2452, 0.8196, 0.5014, 6.4227, 6.3871, 4.531, 2.2006, 12.1765, 11.8259, 14.0238, 10.2623, 1.8216, 3.7649, 20.6563, 17.0642, 9.5261, 9.1195, 5.2007, 5.0928, 1.5341, 4.1941, 12.7374, 24.904, 7.2734, 9.6486, 11.9317, 10.6448, 9.4968, 6.7425, 12.5869, 5.2994, 6.6308, 1.8161, 1.1367, 1.6784, 5.5509, 3.8242, 16.3644, 4.9514, 24.0517, 4.6624, 62.4619, 4.5718]
    ],
    [
      [29.2076, 31.7814, 28.3279, 11.7016, 7.729, 23.9891, 1.5999, 20.9129, 0.3899, 0.9819, 0.5195, 14.3811, 15.2468, 21.3779, 5.9109, 48.804, 52.5829, 49.2543, 29.3249, 5.0351, 11.0307, 9.3437, 44.624, 28.786, 15.0714, 9.012, 13.3088, 2.1862, 10.9943, 34.7704, 107.2805, 26.0156, 36.2599, 35.5437, 10.5757, 14.4613, 19.8951, 36.7098, 7.6789, 14.0809, 9.0712, 3.0975, 13.3629, 18.6584, 10.329, 52.7387, 7.0975, 74.6606, 10.0545, 52.5893, 7.7164],
      [3.644, 6.2998, 2.1501, 1.3564, 1.4464, 3.1109, 0.1848, 3.4555, 0.0645, 0.0472, 0.0543, 3.6145, 2.1626, 5.5897, 1.2501, 2.7514, 3.3043, 3.6538, 1.4877, 1.0535, 2.5654, 2.3522, 5.623, 2.8992, 1.6907, 0.5508, 1.5777, 0.1225, 0.5824, 4.4683, 9.3999, 2.9129, 4.2013, 3.596, 1.3882, 1.3299, 1.9049, 3.2508, 1.2169, 3.0229, 0.6587, 2.2649, 1.7662, 1.1796, 2.2383, 5.026, 1.0172, 10.297, 1.8533, 6.6598, 0.7591],
      [30.4772, 29.2501, 33.0438, 11.9654, 7.8468, 27.3414, 2.9683, 17.0568, 0.4148, 0.7697, 0.312, 8.7787, 7.3008, 16.4908, 5.2523, 43.5371, 45.7592, 45.8052, 30.747, 4.586, 9.1129, 7.0539, 37.4498, 32.031, 14.0651, 8.8325, 17.9005, 2.2931, 14.9999, 26.1082, 75.726, 19.1107, 28.805, 27.3463, 11.1206, 14.0904, 23.6365, 41.4198, 12.9368, 10.2784, 8.409, 3.2702, 7.3072, 10.6683, 5.5538, 49.1792, 5.2198, 65.2688, 7.4197, 39.2602, 8.1586],
      [3.6712, 3.6687, 3.4782, 1.9766, 0.9778, 3.5586, 0.247, 2.5749, 0.1308, 0.2012, 0.1143, 1.2257, 1.2898, 1.5416, 0.5867, 4.9074, 5.3536, 4.2867, 3.4404, 0.3254, 1.291, 1.2503, 6.3032, 3.2838, 3.1728, 1.6048, 2.213, 0.3981, 2.4235, 2.6531, 11.5936, 2.9608, 4.7337, 4.5141, 1.9155, 2.1184, 2.5635, 3.6195, 1.1674, 1.6179, 0.8611, 0.3674, 1.5637, 3.4938, 0.879, 6.0561, 1.6656, 7.7736, 1.6725, 10.4906, 1.3659]
    ],
    [
      [1.5372, 2.0803, 1.3227, 0.7723, 0.4513, 2.3371, 0.1096, 1.636, 0.061, 0.0838, 0, 0.6587, 1.2912, 0.7381, 0.3656, 2.5254, 3.2343, 3.3113, 1.7198, 0.2317, 0.5354, 0.5623, 5.0387, 2.9059, 2.4509, 0.8037, 1.3284, 0.4801, 0.4708, 4.1491, 8.6478, 2.042, 3.0379, 5.2692, 0.6161, 0.7201, 1.6791, 3.4457, 0.3013, 1.1947, 0.6151, 0.1499, 0.3686, 0.8233, 0.6179, 2.9784, 0.1539, 7.7766, 0.7183, 3.2814, 0.3518],
      [6.6276, 16.9426, 3.0896, 3.3776, 2.9938, 17.1775, 1.6948, 9.9176, 0.3031, 0.1229, 0, 5.6454, 4.2329, 4.7089, 3.6528, 3.8932, 4.6154, 8.4975, 2.9497, 2.0916, 3.4061, 8.0119, 16.0774, 10.2383, 7.4004, 1.7579, 4.6645, 0.9914, 0.7199, 18.3199, 15.4572, 4.5364, 6.8932, 11.5473, 3.0395, 2.7996, 5.2763, 15.303, 3.2124, 7.4335, 0.9995, 2.1483, 0.758, 1.0141, 3.45, 7.4363, 0.813, 30.2487, 3.4369, 13.2783, 1.2281],
      [15.9233, 21.8626, 13.6666, 11.3385, 4.5903, 39.2498, 5.5546, 14.4339, 1.1936, 0.6451, 0, 4.6611, 5.2674, 4.7552, 4.2715, 20.0119, 21.2294, 28.4011, 16.1118, 2.4079, 3.891, 6.7598, 34.1357, 30.2344, 26.7777, 10.858, 15.1918, 4.562, 5.5408, 30.4297, 45.967, 10.2932, 17.1266, 29.9352, 7.4547, 10.5348, 19.1498, 46.6047, 7.416, 8.155, 3.8846, 1.4319, 1.3524, 4.4984, 3.1179, 20.8618, 1.518, 57.0892, 5.9738, 33.0142, 3.5694],
      [2.9119, 4.1145, 1.9211, 2.5116, 0.9646, 7.2356, 0.6409, 3.0125, 0.4423, 0.1483, 0, 1.0348, 1.2084, 0.7977, 0.71, 2.5696, 2.9209, 3.79, 2.2187, 0.2687, 1.1675, 1.666, 7.7481, 4.6215, 8.3711, 2.5804, 2.8153, 0.9665, 1.2685, 4.1013, 8.928, 2.1283, 3.9424, 6.2482, 1.8896, 1.9455, 2.8948, 5.6466, 1.0704, 2.2168, 0.5008, 0.27, 0.5211, 1.6642, 0.8142, 3.7235, 0.5151, 9.8855, 1.8711, 10.4262, 0.8506]
    ],
    [
      [9.2989, 7.4212, 5.9669, 4.8309, 2.7934, 9.4728, 0.2888, 6.1554, 0.299, 0.2442, 0.2195, 5.3078, 4.0168, 4.6357, 2.3987, 13.6022, 16.6806, 18.7116, 6.7103, 3.0183, 3.8762, 2.753, 14.1743, 10.3843, 3.9058, 2.7455, 4.5542, 0.2603, 3.5239, 12.0893, 34.437, 8.8323, 11.9477, 11.7544, 4.3163, 7.5149, 4.839, 11.904, 1.8173, 3.9452, 3.8557, 0.2118, 2.8257, 2.6823, 4.2695, 16.9289, 1.9852, 21.4692, 4.4334, 18.1574, 2.1887],
      [3.7054, 3.4024, 1.6439, 2.204, 1.4182, 3.8011, 0.1399, 2.834, 0.1478, 0.037, 0.0807, 3.9563, 1.3588, 2.4593, 1.6495, 3.3411, 4.1096, 4.0126, 1.6637, 2.3003, 2.3961, 2.1645, 3.8612, 2.949, 1.4067, 0.8261, 1.4495, 0.0584, 0.9468, 3.664, 9.5014, 2.212, 3.8875, 3.6746, 1.6865, 3.183, 1.6075, 3.0098, 0.7122, 1.936, 0.6377, 0.1942, 0.7888, 0.5323, 2.5528, 3.6335, 0.7792, 6.4228, 2.2354, 7.5804, 0.4532],
      [23.6503, 18.1011, 14.7673, 16.5949, 8.4368, 36.8899, 1.3665, 13.9955, 1.9291, 0.553, 0.5144, 11.0787, 5.4677, 9.856, 6.9989, 30.8926, 34.2526, 49.2645, 16.6855, 8.9544, 9.1181, 7.7206, 32.6195, 32.2022, 10.7658, 8.5021, 15.3623, 0.5324, 10.1629, 27.9043, 61.5802, 16.8782, 22.2469, 22.6633, 15.731, 25.6257, 13.2318, 38.4346, 8.381, 8.6058, 9.3785, 0.5297, 3.5161, 4.2448, 7.8738, 40.1825, 4.635, 49.5168, 10.4831, 45.9546, 6.1469],
      [4.3453, 3.0753, 2.622, 3.3703, 1.3515, 5.8362, 0.2048, 3.0151, 0.6242, 0.1658, 0.1853, 1.6572, 1.1567, 1.0489, 0.953, 5.1642, 5.9572, 6.0113, 2.9405, 0.727, 1.6096, 1.3619, 6.3449, 4.4644, 2.9217, 1.9263, 2.634, 0.1489, 2.3664, 3.3424, 12.4814, 3.0776, 4.9178, 4.9078, 3.2661, 4.6764, 2.3217, 4.6516, 1.0895, 1.5129, 1.1281, 0.0643, 0.8694, 1.5405, 1.3039, 6.2551, 1.6006, 7.5912, 2.8481, 13.3076, 1.2112]
    ]
  ],
  "V_est": [
    [291.4265, 434.6272, 407.3943, 373.5523],
    [738.0367, 55.1837, 14100.634, 1434.148],
    [1622.8355, 12417.4912, 1938.3505, 476.3194],
    [1146.0636, 135.0572, 1013.7357, 141.1438],
    [87.982, 314.4318, 742.9051, 142.6813],
    [360.6557, 121.2088, 880.9804, 158.1553]
  ],
  "p_est": [
    [0.1934, 0.2884, 0.2703, 0.2479],
    [0.0452, 0.0034, 0.8636, 0.0878],
    [0.0986, 0.7546, 0.1178, 0.0289],
    [0.4705, 0.0554, 0.4161, 0.0579],
    [0.0683, 0.2441, 0.5768, 0.1108],
    [0.2371, 0.0797, 0.5792, 0.104]
  ],
  "EI_Z": {},
  "EI_V": 6.1297,
  "MAE_Z": {},
  "MAE_V": 201.9484,
  "MAE_p": 0.0915,
  "runtime": 604.253
}
