{
  "X": [
    [20, 23, 30, 1],
    [39, 23, 30, 1],
    [30, 28, 47, 0],
    [11, 13, 24, 1],
    [16, 16, 22, 1],
    [9, 11, 17, 2],
    [16, 15, 25, 2],
    [21, 11, 27, 1],
    [2, 5, 7, 0],
    [5, 9, 8, 0],
    [44, 56, 133, 8],
    [7, 15, 14, 1],
    [4, 3, 6, 1],
    [4, 6, 9, 2],
    [7, 9, 7, 0],
    [6, 9, 7, 0],
    [13, 12, 14, 0],
    [8, 15, 18, 1],
    [1, 5, 4, 0],
    [2, 2, 1, 1],
    [2, 7, 4, 0],
    [5, 8, 8, 2],
    [2, 3, 6, 1],
    [7, 9, 7, 1],
    [26, 37, 64, 1],
    [8, 2, 6, 2],
    [9, 23, 29, 2],
    [15, 15, 24, 1],
    [4, 5, 8, 1],
    [6, 11, 17, 3],
    [47, 69, 110, 11],
    [28, 55, 95, 9],
    [53, 41, 99, 7],
    [34, 49, 121, 16],
    [33, 51, 105, 3],
    [49, 62, 146, 4],
    [48, 95, 149, 5],
    [33, 79, 116, 4],
    [2, 2, 4, 0],
    [2, 3, 5, 0],
    [9, 10, 13, 1],
    [22, 37, 65, 1],
    [79, 123, 225, 11],
    [98, 143, 246, 23],
    [19, 42, 57, 5],
    [83, 83, 175, 7],
    [4, 8, 10, 0],
    [1, 2, 3, 0],
    [17, 33, 20, 3],
    [10, 14, 35, 1],
    [7, 15, 27, 2],
    [56, 59, 130, 5],
    [44, 49, 108, 3],
    [0, 5, 7, 0],
    [10, 13, 21, 2],
    [44, 24, 68, 3],
    [33, 17, 33, 3],
    [11, 18, 18, 2],
    [5, 5, 3, 1],
    [8, 8, 16, 0],
    [17, 28, 50, 4],
    [16, 12, 30, 0],
    [29, 34, 54, 2],
    [16, 11, 29, 1],
    [1, 2, 1, 2],
    [3, 3, 9, 0],
    [5, 5, 7, 0],
    [18, 24, 55, 5],
    [2, 5, 7, 1],
    [19, 14, 37, 1],
    [12, 16, 16, 1],
    [15, 23, 34, 4],
    [19, 16, 26, 0],
    [3, 14, 19, 1],
    [39, 48, 105, 3],
    [17, 18, 30, 2],
    [15, 24, 11, 3],
    [7, 11, 18, 0],
    [24, 34, 53, 3],
    [12, 7, 19, 2],
    [24, 38, 42, 0],
    [56, 63, 147, 7],
    [10, 11, 16, 2],
    [8, 7, 14, 1],
    [20, 44, 65, 1],
    [5, 5, 9, 1],
    [2, 8, 5, 2],
    [2, 1, 13, 0],
    [7, 8, 11, 1],
    [10, 7, 26, 0],
    [4, 4, 5, 0],
    [0, 5, 8, 0],
    [4, 3, 3, 0],
    [4, 3, 3, 0],
    [10, 12, 15, 1],
    [7, 3, 13, 0],
    [4, 4, 10, 0],
    [7, 4, 6, 0],
    [6, 3, 18, 2],
    [10, 8, 7, 0],
    [4, 5, 4, 2],
    [6, 11, 5, 0],
    [1, 1, 6, 1],
    [0, 2, 4, 0],
    [1, 1, 9, 0],
    [6, 8, 13, 0],
    [5, 3, 7, 0],
    [6, 4, 6, 0],
    [3, 12, 14, 1],
    [0, 1, 5, 0],
    [1, 6, 0, 0],
    [1, 1, 4, 0],
    [5, 23, 26, 5],
    [13, 14, 31, 1],
    [3, 7, 8, 0],
    [3, 8, 2, 1],
    [1, 2, 5, 0],
    [2, 4, 1, 1],
    [1, 4, 3, 0],
    [3, 1, 2, 0],
    [2, 4, 3, 1],
    [1, 4, 1, 0],
    [4, 6, 7, 2],
    [4, 3, 8, 0],
    [1, 2, 6, 0],
    [5, 4, 2, 0],
    [3, 4, 5, 0],
    [8, 3, 8, 0],
    [2, 2, 3, 0],
    [5, 5, 2, 0],
    [8, 11, 6, 0],
    [1, 5, 5, 0],
    [1, 3, 3, 0],
    [3, 5, 5, 2],
    [6, 3, 9, 0],
    [4, 0, 11, 0],
    [5, 5, 6, 1],
    [12, 4, 13, 1],
    [5, 4, 6, 1],
    [4, 6, 2, 0],
    [3, 5, 10, 0],
    [2, 4, 0, 0],
    [1, 5, 9, 0],
    [13, 26, 28, 5],
    [15, 8, 15, 1],
    [9, 16, 15, 0],
    [9, 6, 8, 1],
    [7, 19, 35, 0],
    [3, 10, 16, 1],
    [7, 9, 15, 0],
    [5, 4, 8, 0],
    [7, 14, 18, 1],
    [11, 11, 24, 1],
    [5, 2, 4, 0],
    [4, 6, 10, 3],
    [8, 11, 35, 4],
    [8, 8, 17, 2],
    [12, 20, 21, 0],
    [8, 4, 11, 0],
    [7, 9, 29, 3],
    [17, 17, 31, 2],
    [21, 23, 35, 3],
    [9, 12, 12, 0],
    [15, 11, 16, 0],
    [9, 4, 10, 1],
    [9, 15, 23, 1],
    [13, 25, 39, 1],
    [23, 22, 32, 2],
    [7, 18, 22, 0],
    [0, 15, 18, 0],
    [6, 9, 18, 0],
    [12, 17, 37, 2],
    [9, 12, 28, 1],
    [7, 11, 33, 0],
    [7, 14, 29, 3],
    [7, 8, 19, 1],
    [4, 12, 16, 1],
    [9, 8, 20, 2],
    [4, 8, 17, 1],
    [9, 10, 15, 0],
    [12, 6, 25, 1],
    [4, 8, 17, 0],
    [7, 9, 39, 4],
    [0, 11, 25, 2],
    [11, 18, 39, 1],
    [14, 16, 31, 4],
    [7, 19, 44, 1],
    [13, 15, 39, 1],
    [2, 7, 15, 0],
    [4, 5, 9, 0],
    [9, 24, 23, 1],
    [2, 8, 10, 0],
    [8, 15, 15, 1],
    [10, 24, 22, 0],
    [5, 6, 9, 0],
    [9, 9, 12, 0],
    [12, 19, 15, 1],
    [13, 23, 35, 0],
    [7, 13, 11, 2],
    [13, 31, 39, 0],
    [4, 12, 21, 1],
    [8, 18, 30, 0],
    [25, 41, 52, 2],
    [39, 49, 93, 2],
    [3, 16, 15, 1],
    [12, 24, 26, 0],
    [21, 16, 27, 0],
    [19, 29, 48, 1],
    [11, 13, 19, 1],
    [24, 41, 52, 6],
    [5, 7, 17, 4],
    [16, 19, 40, 4],
    [16, 24, 56, 0],
    [35, 50, 76, 5],
    [18, 31, 45, 1],
    [14, 35, 50, 6],
    [13, 20, 20, 2],
    [32, 38, 89, 8],
    [3, 1, 5, 0],
    [7, 7, 10, 0],
    [1, 1, 3, 1],
    [2, 5, 12, 0],
    [1, 2, 3, 0],
    [11, 22, 32, 2],
    [6, 15, 12, 2],
    [12, 15, 17, 0],
    [7, 10, 21, 2],
    [10, 7, 21, 0],
    [5, 4, 9, 0],
    [6, 6, 11, 3],
    [6, 8, 13, 0],
    [6, 2, 6, 0],
    [14, 7, 26, 0],
    [10, 23, 48, 2],
    [6, 10, 26, 2],
    [8, 12, 31, 2],
    [2, 2, 9, 1],
    [15, 9, 27, 3],
    [1, 7, 9, 0],
    [7, 16, 32, 5],
    [12, 14, 23, 0],
    [1, 1, 5, 0],
    [6, 4, 5, 0],
    [4, 2, 4, 0],
    [7, 8, 11, 1],
    [6, 4, 4, 0],
    [14, 13, 13, 1],
    [8, 3, 10, 0],
    [4, 8, 7, 0],
    [3, 4, 1, 0],
    [3, 7, 5, 0],
    [15, 7, 11, 0],
    [4, 2, 7, 1],
    [1, 5, 9, 1],
    [4, 5, 3, 0],
    [2, 3, 8, 1],
    [6, 11, 13, 3],
    [4, 4, 10, 1],
    [6, 4, 11, 0],
    [5, 3, 8, 0],
    [3, 2, 4, 1],
    [9, 4, 14, 1],
    [3, 9, 12, 0],
    [5, 7, 15, 0],
    [3, 1, 2, 0],
    [3, 9, 8, 0],
    [3, 7, 7, 0],
    [1, 4, 2, 0],
    [0, 2, 5, 0],
    [2, 3, 10, 1],
    [3, 2, 3, 0],
    [3, 7, 9, 0],
    [1, 3, 6, 0],
    [3, 3, 4, 0],
    [0, 3, 8, 0],
    [2, 0, 4, 0],
    [0, 1, 6, 2],
    [6, 11, 9, 2],
    [0, 5, 4, 0],
    [9, 9, 8, 1],
    [4, 7, 7, 0],
    [5, 11, 8, 0],
    [7, 6, 7, 0],
    [1, 10, 8, 0],
    [10, 14, 20, 0],
    [1, 3, 2, 1],
    [5, 5, 11, 1],
    [3, 4, 11, 1],
    [1, 3, 3, 1],
    [2, 17, 8, 0],
    [1, 4, 7, 1],
    [7, 7, 6, 2],
    [13, 11, 17, 0],
    [5, 2, 3, 0],
    [4, 11, 10, 0],
    [3, 7, 7, 0],
    [9, 7, 21, 0],
    [8, 6, 22, 2],
    [1, 4, 9, 0],
    [6, 12, 11, 1],
    [7, 10, 13, 0],
    [2, 3, 2, 0],
    [3, 1, 4, 0],
    [2, 0, 5, 0],
    [0, 1, 7, 1],
    [1, 4, 0, 1],
    [2, 7, 6, 0],
    [7, 7, 7, 0],
    [2, 4, 1, 0],
    [2, 4, 6, 0],
    [7, 5, 13, 0],
    [7, 10, 8, 0],
    [4, 6, 8, 0],
    [3, 3, 4, 0],
    [1, 8, 10, 1],
    [5, 7, 22, 0],
    [2, 3, 7, 0],
    [2, 1, 5, 1],
    [1, 7, 7, 0],
    [23, 44, 62, 3],
    [6, 13, 23, 2],
    [3, 1, 2, 1],
    [2, 1, 13, 0],
    [9, 23, 36, 3],
    [0, 6, 14, 1],
    [2, 2, 3, 1],
    [8, 14, 31, 3],
    [2, 2, 4, 0],
    [3, 2, 5, 0],
    [1, 7, 0, 0],
    [4, 2, 8, 0],
    [3, 9, 8, 0],
    [4, 3, 8, 0],
    [18, 31, 41, 1],
    [4, 8, 9, 0],
    [3, 4, 4, 0],
    [2, 3, 4, 0],
    [4, 7, 11, 0],
    [101, 72, 116, 5],
    [462, 534, 931, 50],
    [409, 480, 781, 46],
    [25, 34, 45, 6]
  ],
  "W": [
    [14, 26, 10, 11, 9, 4],
    [29, 41, 8, 4, 4, 7],
    [17, 64, 9, 10, 1, 4],
    [5, 25, 8, 2, 5, 4],
    [10, 28, 6, 6, 2, 3],
    [6, 17, 6, 5, 4, 1],
    [11, 24, 5, 9, 8, 1],
    [8, 23, 5, 10, 9, 5],
    [0, 6, 1, 3, 3, 1],
    [2, 11, 1, 1, 5, 2],
    [10, 163, 24, 2, 22, 20],
    [2, 21, 3, 1, 7, 3],
    [0, 9, 1, 1, 2, 1],
    [1, 9, 0, 6, 5, 0],
    [5, 5, 6, 3, 2, 2],
    [7, 7, 4, 1, 1, 2],
    [3, 24, 3, 4, 3, 2],
    [6, 19, 6, 7, 2, 2],
    [1, 3, 2, 2, 2, 0],
    [3, 0, 0, 1, 0, 2],
    [1, 5, 2, 3, 1, 1],
    [1, 12, 5, 2, 3, 0],
    [1, 9, 0, 1, 0, 1],
    [4, 10, 4, 3, 1, 2],
    [11, 82, 8, 13, 8, 6],
    [6, 7, 2, 1, 2, 0],
    [3, 37, 8, 6, 6, 3],
    [5, 28, 9, 3, 9, 1],
    [0, 13, 1, 1, 3, 0],
    [2, 24, 3, 1, 4, 3],
    [12, 155, 33, 7, 22, 8],
    [10, 104, 22, 18, 21, 12],
    [15, 130, 19, 4, 19, 13],
    [8, 149, 24, 5, 14, 20],
    [8, 121, 26, 4, 17, 16],
    [19, 177, 35, 2, 17, 11],
    [17, 189, 32, 10, 30, 19],
    [7, 139, 34, 8, 30, 14],
    [1, 4, 2, 0, 0, 1],
    [0, 5, 3, 0, 2, 0],
    [3, 17, 5, 1, 4, 3],
    [7, 76, 23, 3, 10, 6],
    [18, 293, 55, 14, 33, 25],
    [29, 336, 55, 18, 50, 22],
    [5, 74, 22, 2, 15, 5],
    [21, 254, 23, 7, 27, 16],
    [0, 14, 3, 2, 3, 0],
    [0, 5, 1, 0, 0, 0],
    [11, 21, 7, 18, 10, 6],
    [2, 38, 7, 4, 7, 2],
    [0, 31, 4, 3, 8, 5],
    [15, 159, 24, 12, 26, 14],
    [7, 131, 21, 8, 22, 15],
    [2, 6, 1, 2, 1, 0],
    [6, 23, 4, 7, 3, 3],
    [27, 81, 14, 9, 2, 6],
    [25, 42, 6, 2, 5, 6],
    [6, 23, 11, 5, 2, 2],
    [1, 8, 0, 1, 3, 1],
    [6, 15, 4, 2, 1, 4],
    [5, 61, 11, 5, 11, 6],
    [7, 36, 8, 3, 4, 0],
    [18, 59, 11, 15, 10, 6],
    [2, 32, 8, 3, 7, 5],
    [0, 2, 2, 0, 2, 0],
    [0, 11, 1, 1, 1, 1],
    [1, 10, 0, 2, 4, 0],
    [7, 62, 12, 6, 7, 8],
    [1, 5, 5, 1, 1, 2],
    [4, 50, 7, 4, 2, 4],
    [4, 17, 9, 8, 4, 3],
    [6, 40, 11, 6, 7, 6],
    [7, 42, 3, 4, 1, 4],
    [6, 18, 1, 6, 1, 5],
    [16, 113, 18, 8, 22, 18],
    [5, 42, 4, 9, 5, 2],
    [6, 20, 6, 16, 3, 2],
    [1, 17, 2, 4, 11, 1],
    [7, 67, 8, 10, 17, 5],
    [2, 24, 6, 2, 2, 4],
    [6, 56, 17, 3, 14, 8],
    [15, 180, 40, 6, 16, 16],
    [0, 23, 3, 6, 2, 5],
    [3, 18, 0, 7, 1, 1],
    [6, 70, 33, 8, 5, 8],
    [2, 7, 1, 7, 2, 1],
    [2, 7, 0, 7, 0, 1],
    [3, 10, 2, 0, 0, 1],
    [4, 10, 7, 0, 3, 3],
    [4, 29, 0, 2, 4, 4],
    [2, 8, 1, 1, 0, 1],
    [3, 5, 1, 1, 1, 2],
    [0, 7, 2, 0, 1, 0],
    [1, 5, 2, 1, 1, 0],
    [7, 19, 5, 3, 1, 3],
    [2, 13, 5, 2, 1, 0],
    [2, 8, 2, 0, 3, 3],
    [2, 9, 3, 1, 1, 1],
    [7, 15, 1, 2, 1, 3],
    [3, 11, 1, 8, 2, 0],
    [2, 2, 2, 7, 2, 0],
    [3, 5, 4, 6, 3, 1],
    [2, 6, 0, 1, 0, 0],
    [0, 3, 0, 1, 2, 0],
    [0, 6, 1, 4, 0, 0],
    [1, 17, 1, 2, 3, 3],
    [1, 7, 3, 2, 2, 0],
    [0, 8, 2, 0, 5, 1],
    [0, 24, 3, 0, 3, 0],
    [0, 5, 1, 0, 0, 0],
    [0, 4, 0, 3, 0, 0],
    [0, 4, 0, 2, 0, 0],
    [3, 33, 10, 0, 8, 5],
    [2, 37, 9, 0, 7, 4],
    [1, 10, 2, 3, 2, 0],
    [1, 2, 1, 6, 4, 0],
    [1, 5, 1, 0, 1, 0],
    [0, 1, 0, 7, 0, 0],
    [0, 1, 2, 4, 0, 1],
    [0, 2, 0, 2, 1, 1],
    [0, 3, 3, 1, 0, 3],
    [0, 4, 0, 1, 0, 1],
    [0, 9, 1, 5, 3, 1],
    [3, 6, 1, 2, 2, 1],
    [1, 4, 0, 2, 1, 1],
    [5, 3, 0, 0, 2, 1],
    [1, 4, 0, 5, 0, 2],
    [2, 6, 0, 3, 4, 4],
    [2, 5, 0, 0, 0, 0],
    [1, 5, 2, 3, 0, 1],
    [6, 7, 7, 2, 1, 2],
    [1, 6, 4, 0, 0, 0],
    [1, 4, 1, 1, 0, 0],
    [0, 4, 0, 5, 2, 4],
    [1, 8, 3, 4, 1, 1],
    [2, 7, 4, 0, 2, 0],
    [3, 11, 1, 0, 2, 0],
    [3, 14, 0, 7, 3, 3],
    [1, 5, 1, 6, 3, 0],
    [2, 5, 3, 1, 1, 0],
    [3, 6, 1, 3, 5, 0],
    [1, 0, 3, 0, 0, 2],
    [2, 10, 0, 2, 0, 1],
    [6, 39, 4, 5, 11, 7],
    [5, 19, 4, 4, 5, 2],
    [3, 16, 1, 8, 10, 2],
    [3, 12, 2, 4, 1, 2],
    [2, 39, 3, 4, 8, 5],
    [2, 18, 4, 2, 3, 1],
    [2, 21, 4, 1, 2, 1],
    [2, 10, 2, 0, 2, 1],
    [2, 24, 2, 2, 7, 3],
    [3, 29, 2, 6, 5, 2],
    [2, 5, 0, 1, 2, 1],
    [1, 14, 0, 3, 4, 1],
    [3, 34, 5, 3, 8, 5],
    [2, 28, 3, 1, 1, 0],
    [4, 33, 5, 0, 2, 9],
    [2, 17, 0, 0, 3, 1],
    [4, 33, 3, 1, 5, 2],
    [3, 37, 11, 0, 10, 6],
    [3, 50, 13, 3, 8, 5],
    [4, 20, 4, 0, 4, 1],
    [2, 23, 13, 0, 1, 3],
    [0, 17, 1, 1, 3, 2],
    [2, 30, 10, 0, 3, 3],
    [4, 37, 9, 6, 12, 10],
    [8, 47, 8, 6, 6, 4],
    [2, 24, 6, 7, 5, 3],
    [1, 19, 7, 3, 0, 3],
    [2, 18, 2, 4, 5, 2],
    [3, 46, 11, 0, 6, 2],
    [2, 36, 3, 1, 5, 3],
    [1, 32, 7, 4, 4, 3],
    [0, 38, 8, 1, 3, 3],
    [0, 26, 2, 1, 5, 1],
    [2, 15, 3, 2, 4, 7],
    [0, 28, 1, 3, 5, 2],
    [1, 25, 1, 1, 0, 2],
    [4, 22, 4, 0, 2, 2],
    [5, 29, 4, 2, 4, 0],
    [0, 21, 4, 0, 3, 1],
    [0, 42, 5, 1, 9, 2],
    [0, 28, 4, 1, 2, 3],
    [2, 48, 6, 1, 12, 0],
    [4, 45, 6, 2, 5, 3],
    [1, 50, 9, 1, 7, 3],
    [5, 51, 5, 1, 6, 0],
    [1, 19, 3, 0, 0, 1],
    [2, 11, 2, 0, 3, 0],
    [3, 27, 9, 5, 10, 3],
    [2, 8, 4, 2, 1, 3],
    [2, 15, 8, 0, 10, 4],
    [4, 28, 18, 2, 3, 1],
    [1, 13, 3, 1, 2, 0],
    [1, 14, 5, 5, 4, 1],
    [0, 20, 10, 1, 11, 5],
    [1, 39, 11, 5, 11, 4],
    [0, 19, 3, 1, 7, 3],
    [4, 43, 11, 9, 13, 3],
    [1, 23, 5, 3, 5, 1],
    [0, 33, 13, 1, 5, 4],
    [5, 82, 10, 2, 13, 8],
    [2, 135, 21, 4, 14, 7],
    [0, 24, 2, 1, 4, 4],
    [3, 33, 7, 8, 6, 5],
    [4, 40, 6, 6, 2, 6],
    [4, 61, 10, 1, 16, 5],
    [4, 28, 5, 2, 3, 2],
    [7, 79, 12, 4, 13, 8],
    [0, 20, 2, 2, 4, 5],
    [3, 56, 5, 2, 11, 2],
    [8, 60, 6, 3, 12, 7],
    [7, 111, 19, 4, 15, 10],
    [3, 66, 11, 4, 11, 0],
    [5, 60, 10, 6, 11, 13],
    [3, 30, 7, 4, 10, 1],
    [9, 103, 16, 8, 26, 5],
    [1, 6, 1, 1, 0, 0],
    [0, 11, 3, 5, 5, 0],
    [0, 3, 0, 2, 1, 0],
    [1, 12, 0, 2, 2, 2],
    [0, 4, 1, 1, 0, 0],
    [5, 40, 9, 5, 6, 2],
    [2, 17, 6, 6, 2, 2],
    [5, 25, 3, 4, 4, 3],
    [0, 28, 5, 1, 5, 1],
    [4, 21, 4, 2, 7, 0],
    [4, 12, 1, 0, 1, 0],
    [2, 14, 2, 3, 2, 3],
    [0, 15, 6, 2, 2, 2],
    [0, 10, 2, 0, 1, 1],
    [2, 33, 2, 4, 3, 3],
    [1, 56, 4, 4, 14, 4],
    [1, 32, 5, 2, 2, 2],
    [1, 31, 9, 4, 7, 1],
    [1, 10, 1, 0, 2, 0],
    [2, 35, 4, 1, 7, 5],
    [1, 8, 4, 3, 1, 0],
    [3, 39, 5, 2, 6, 5],
    [7, 26, 8, 6, 0, 2],
    [1, 5, 1, 0, 0, 0],
    [2, 8, 3, 1, 0, 1],
    [2, 5, 0, 2, 0, 1],
    [4, 14, 4, 4, 1, 0],
    [3, 6, 1, 3, 0, 1],
    [10, 15, 6, 3, 5, 2],
    [1, 16, 1, 2, 0, 1],
    [2, 9, 3, 2, 2, 1],
    [0, 4, 2, 2, 0, 0],
    [1, 6, 5, 2, 0, 1],
    [9, 12, 2, 4, 4, 2],
    [3, 7, 2, 2, 0, 0],
    [0, 10, 2, 2, 0, 2],
    [2, 5, 0, 2, 2, 1],
    [1, 4, 0, 3, 2, 4],
    [3, 16, 2, 5, 5, 2],
    [0, 11, 4, 1, 0, 3],
    [3, 7, 3, 5, 2, 1],
    [5, 6, 1, 2, 1, 1],
    [2, 6, 0, 0, 1, 1],
    [6, 15, 1, 1, 2, 3],
    [5, 9, 3, 4, 2, 1],
    [2, 18, 5, 1, 0, 1],
    [1, 2, 0, 2, 1, 0],
    [2, 9, 5, 1, 1, 2],
    [0, 5, 2, 2, 6, 2],
    [1, 3, 0, 2, 1, 0],
    [1, 5, 0, 0, 1, 0],
    [0, 6, 1, 3, 5, 1],
    [1, 3, 1, 0, 2, 1],
    [2, 8, 5, 1, 1, 2],
    [0, 8, 1, 1, 0, 0],
    [1, 5, 1, 1, 2, 0],
    [0, 7, 2, 0, 0, 2],
    [2, 4, 0, 0, 0, 0],
    [0, 5, 2, 0, 2, 0],
    [1, 19, 3, 1, 3, 1],
    [0, 6, 0, 0, 1, 2],
    [3, 13, 2, 4, 2, 3],
    [2, 7, 3, 2, 3, 1],
    [4, 9, 3, 3, 2, 3],
    [3, 6, 2, 1, 3, 5],
    [2, 11, 2, 0, 0, 4],
    [4, 29, 3, 1, 3, 4],
    [2, 2, 1, 1, 0, 1],
    [1, 11, 1, 2, 3, 4],
    [0, 13, 0, 1, 4, 1],
    [0, 2, 0, 2, 1, 3],
    [1, 11, 4, 3, 5, 3],
    [1, 10, 1, 0, 1, 0],
    [3, 8, 1, 4, 3, 3],
    [3, 19, 4, 8, 5, 2],
    [0, 6, 1, 0, 2, 1],
    [1, 17, 1, 1, 2, 3],
    [0, 10, 3, 2, 2, 0],
    [2, 22, 5, 3, 2, 3],
    [2, 26, 2, 4, 3, 1],
    [1, 10, 0, 0, 2, 1],
    [3, 20, 2, 2, 1, 2],
    [2, 16, 0, 4, 6, 2],
    [1, 3, 1, 1, 1, 0],
    [0, 2, 0, 4, 2, 0],
    [2, 5, 0, 0, 0, 0],
    [0, 2, 1, 1, 4, 1],
    [1, 0, 0, 4, 1, 0],
    [0, 11, 2, 1, 0, 1],
    [1, 8, 3, 5, 3, 1],
    [0, 2, 0, 4, 0, 1],
    [0, 7, 2, 1, 1, 1],
    [1, 15, 0, 3, 3, 3],
    [2, 10, 4, 1, 5, 3],
    [2, 11, 0, 3, 2, 0],
    [1, 4, 1, 2, 2, 0],
    [0, 12, 1, 3, 4, 0],
    [1, 19, 3, 2, 6, 3],
    [0, 11, 0, 1, 0, 0],
    [1, 3, 0, 0, 4, 1],
    [0, 8, 1, 1, 3, 2],
    [2, 76, 7, 14, 24, 9],
    [2, 24, 3, 6, 9, 0],
    [1, 4, 0, 1, 1, 0],
    [1, 11, 1, 1, 0, 2],
    [5, 46, 11, 0, 7, 2],
    [0, 12, 2, 2, 4, 1],
    [1, 3, 1, 1, 1, 1],
    [1, 39, 9, 2, 5, 0],
    [0, 5, 1, 1, 1, 0],
    [0, 4, 1, 2, 3, 0],
    [0, 3, 0, 2, 0, 3],
    [0, 11, 0, 3, 0, 0],
    [1, 8, 4, 4, 2, 1],
    [2, 8, 0, 3, 2, 0],
    [14, 50, 13, 5, 3, 6],
    [1, 10, 6, 3, 1, 0],
    [0, 6, 0, 4, 1, 0],
    [2, 3, 0, 2, 0, 2],
    [0, 13, 2, 4, 3, 0],
    [43, 161, 39, 20, 12, 19],
    [179, 1189, 224, 71, 147, 167],
    [100, 1036, 166, 124, 169, 121],
    [8, 52, 11, 20, 12, 7]
  ],
  "method": "mcmc",
  "mcmc_stepsize": 3000,
  "mcmc_samples": 1000,
  "burn_in": 10000,
  "cond_prob": [
    [
      [0.35941998803, 0.27576020515, 0.36444202923, 0.00037777758726],
      [0.29182895752, 0.3160142028, 0.38701683018, 0.005140009507],
      [0.22520414033, 0.37118640626, 0.4034369436, 0.00017250981438],
      [0.20500811053, 0.35390956022, 0.44043259767, 0.00064973157485],
      [0.22242050471, 0.2418313621, 0.5341980763, 0.0015500568968],
      [0.21791302766, 0.2854090928, 0.28711582728, 0.20956205226]
    ],
    [
      [0.49655723564, 0.22183948435, 0.2788451147, 0.0027581653087],
      [0.41192732252, 0.25053742994, 0.33246986841, 0.0050653791318],
      [0.44293906155, 0.27771196494, 0.27872329492, 0.0006256785971],
      [0.27789768573, 0.35556520929, 0.36554845099, 0.00098865398843],
      [0.28782171407, 0.22659531464, 0.4774250033, 0.0081579679872],
      [0.27206140735, 0.24918321585, 0.38293527038, 0.095820106424]
    ],
    [
      [0.36913995913, 0.24720380174, 0.38365623913, 0],
      [0.28368071797, 0.26151471617, 0.45480456586, 0],
      [0.25307173074, 0.30391755671, 0.44301071255, 0],
      [0.23268232134, 0.31246414471, 0.45485353394, 0],
      [0.11551396157, 0.16153340042, 0.72295263801, 0],
      [0.21226799824, 0.25979016939, 0.52794183237, 0]
    ],
    [
      [0.32288360823, 0.26064451124, 0.41295605279, 0.0035158277424],
      [0.24210299443, 0.25173947494, 0.491078962, 0.015078568633],
      [0.17970282326, 0.33986273236, 0.47539163309, 0.005042811291],
      [0.17625945512, 0.18776784532, 0.62776581009, 0.0082068894744],
      [0.18775888116, 0.25226791978, 0.53582433566, 0.024148863399],
      [0.15101779902, 0.26187835545, 0.48011483073, 0.1069890148]
    ],
    [
      [0.42636403846, 0.20895024138, 0.35831951519, 0.0063662049684],
      [0.28516298711, 0.29495199686, 0.40691036467, 0.012974651355],
      [0.27864135875, 0.29193394912, 0.42185542283, 0.0075692693084],
      [0.1989747412, 0.39543313212, 0.3879065302, 0.017685596475],
      [0.19852211186, 0.39467231606, 0.39770138702, 0.009104185052],
      [0.1630183843, 0.24609818483, 0.45644671501, 0.13443671586]
    ],
    [
      [0.36504189006, 0.21244854003, 0.40170887937, 0.020800690545],
      [0.2254841738, 0.28798784879, 0.44403055628, 0.042497421135],
      [0.22239559657, 0.3105979298, 0.43642494873, 0.030581524898],
      [0.19063942665, 0.33140199312, 0.44157268004, 0.036385900186],
      [0.12366407571, 0.26602743429, 0.50181004655, 0.10849844345],
      [0.19429068954, 0.24480804878, 0.20757398836, 0.35332727333]
    ],
    [
      [0.40549547975, 0.2237809322, 0.36370991325, 0.0070136747978],
      [0.26024485708, 0.26141843062, 0.45025831332, 0.02807839898],
      [0.25300197032, 0.28333455328, 0.45393132474, 0.0097321516593],
      [0.22210659681, 0.29674875919, 0.45668189627, 0.024462747727],
      [0.23214017218, 0.24648129223, 0.4542718392, 0.067106696391],
      [0.17258255253, 0.20510547398, 0.17902303075, 0.44328894274]
    ],
    [
      [0.48042853119, 0.13210554423, 0.38566580914, 0.0018001154466],
      [0.36384177701, 0.17360908704, 0.45254179787, 0.010007338081],
      [0.26819530189, 0.32618532022, 0.4038169844, 0.0018023934826],
      [0.33896892844, 0.26303366279, 0.39669169658, 0.0013057121922],
      [0.30899513729, 0.13286019177, 0.55223735181, 0.0059073191266],
      [0.25531776997, 0.098628337851, 0.51001482436, 0.13603906782]
    ],
    [
      [0, 0, 0, 0],
      [0.1593438009, 0.34690313823, 0.49375306087, 0],
      [0.13331669821, 0.37082577451, 0.49585752727, 0],
      [0.13038858392, 0.39930398358, 0.4703074325, 0],
      [0.12358512198, 0.32243843348, 0.55397644454, 0],
      [0.14869937869, 0.38252814494, 0.46877247637, 0]
    ],
    [
      [0.3293364075, 0.35845497222, 0.31220862027, 0],
      [0.23347120747, 0.40799890744, 0.35852988509, 0],
      [0.18535110403, 0.49091114966, 0.32373774631, 0],
      [0.19317212219, 0.43074611987, 0.37608175793, 0],
      [0.20169661353, 0.40907204166, 0.38923134481, 0],
      [0.19306880448, 0.41404229795, 0.39288889757, 0]
    ],
    [
      [0.29998428038, 0.20006693319, 0.49994762457, 1.1618585208e-06],
      [0.18404837201, 0.23926332465, 0.54601424785, 0.03067405549],
      [0.16665785188, 0.24997330877, 0.58336570034, 3.1390014985e-06],
      [0.00010889235578, 0.00018675787902, 0.9997041652, 1.8456601653e-07],
      [0.18183266901, 0.22726369712, 0.54544572853, 0.045457905336],
      [0.14999738056, 0.19999372432, 0.55001050943, 0.099998385698]
    ],
    [
      [0.3352278656, 0.35440815252, 0.30200912599, 0.0083548558923],
      [0.1868662945, 0.40861826617, 0.38232098282, 0.022194456505],
      [0.20093224797, 0.46499009991, 0.32572104134, 0.0083566107739],
      [0.199278749, 0.36576213517, 0.413341859, 0.02161725682],
      [0.15599616094, 0.4075826286, 0.40830083699, 0.028120373469],
      [0.17043448827, 0.3654630901, 0.37287675557, 0.091225666059]
    ],
    [
      [0, 0, 0, 0],
      [0.29892398612, 0.20746431138, 0.44307263698, 0.050539065516],
      [0.33250708585, 0.28977467187, 0.35313334792, 0.024584894364],
      [0.26820847661, 0.28616352441, 0.41138470461, 0.034243294374],
      [0.24537203202, 0.19785301671, 0.46736513977, 0.0894098115],
      [0.21822449839, 0.16117696788, 0.31309793511, 0.30750059861]
    ],
    [
      [0.41798479327, 0.20154149753, 0.35314938505, 0.027324324152],
      [0.19009801021, 0.26674692468, 0.44978309594, 0.093371969162],
      [0, 0, 0, 0],
      [0.17051628767, 0.3548491356, 0.41926486106, 0.055369715662],
      [0.16960707775, 0.25372827335, 0.41664271702, 0.16002193188],
      [0, 0, 0, 0]
    ],
    [
      [0.4374340002, 0.30572619371, 0.25683980609, 0],
      [0.27771700086, 0.39569348833, 0.32658951081, 0],
      [0.27803462973, 0.44015712372, 0.28180824655, 0],
      [0.23905589104, 0.44275507691, 0.31818903206, 0],
      [0.26625052028, 0.40397399871, 0.32977548102, 0],
      [0.25318425133, 0.35787280967, 0.388942939, 0]
    ],
    [
      [0.36255653999, 0.35308218667, 0.28436127334, 0],
      [0.23383396488, 0.42550816977, 0.34065786535, 0],
      [0.2234653207, 0.46643035388, 0.31010432541, 0],
      [0.21561802742, 0.47030011426, 0.31408185832, 0],
      [0.23474549542, 0.3881824302, 0.37707207438, 0],
      [0.24052083015, 0.41283177245, 0.3466473974, 0]
    ],
    [
      [0.46134714506, 0.24269798402, 0.29595487092, 0],
      [0.32906989435, 0.30219651509, 0.36873359057, 0],
      [0.31077716522, 0.3666926526, 0.32253018218, 0],
      [0.31520716967, 0.34030480449, 0.34448802585, 0],
      [0.2873234464, 0.31493085312, 0.39774570048, 0],
      [0.3315752935, 0.30654997535, 0.36187473115, 0]
    ],
    [
      [0.30099845749, 0.32183383084, 0.37209706944, 0.0050706422239],
      [0.1898359309, 0.35120925924, 0.44344370876, 0.015511101098],
      [0.1813847647, 0.42745493119, 0.37580654138, 0.015353762721],
      [0.1542579071, 0.39427755789, 0.43432922997, 0.017135305044],
      [0.10349963143, 0.26667873283, 0.60727459322, 0.022547042522],
      [0.10600668359, 0.26899556566, 0.41614703619, 0.20885071456]
    ],
    [
      [0.1997991265, 0.44373625736, 0.35646461613, 0],
      [0.09003927251, 0.49287416715, 0.41708656034, 0],
      [0.077249557315, 0.54817307221, 0.37457737047, 0],
      [0.097780228349, 0.53813576604, 0.36408400561, 0],
      [0.090011742319, 0.45251178234, 0.45747647534, 0],
      [0, 0, 0, 0]
    ],
    [
      [0.47140595197, 0.31944566334, 0.18292143691, 0.02622694778],
      [0, 0, 0, 0],
      [0, 0, 0, 0],
      [0.26797304422, 0.50457024128, 0.17632681301, 0.051129901502],
      [0, 0, 0, 0],
      [0.15890454994, 0.26854638435, 0.13745443813, 0.43509462758]
    ],
    [
      [0.26423783883, 0.45279216802, 0.28296999315, 0],
      [0.15250581702, 0.52285920158, 0.3246349814, 0],
      [0.13742840286, 0.58467519622, 0.27789640092, 0],
      [0.14900898297, 0.58416595886, 0.26682505816, 0],
      [0.1309073091, 0.49487346322, 0.37421922768, 0],
      [0.12044201235, 0.51619009183, 0.36336789582, 0]
    ],
    [
      [0.38930159395, 0.32172207611, 0.25546998572, 0.033506344217],
      [0.22002450571, 0.32418272175, 0.36009720443, 0.095695568108],
      [0.20178979727, 0.42251034905, 0.32726048965, 0.048439364035],
      [0.20932343105, 0.37467715525, 0.35654617512, 0.059453238589],
      [0.18093616303, 0.30872640238, 0.35798958755, 0.15234784705],
      [0, 0, 0, 0]
    ],
    [
      [0.26585714723, 0.23548017435, 0.4793794476, 0.019283230825],
      [0.16595897826, 0.25266164914, 0.51615345883, 0.065225913768],
      [0, 0, 0, 0],
      [0.14289919649, 0.3163888409, 0.50408129626, 0.036630666356],
      [0, 0, 0, 0],
      [0.097612851965, 0.17417614249, 0.37115812664, 0.35705287891]
    ],
    [
      [0.45314064189, 0.29762429918, 0.23888117078, 0.010353888144],
      [0.29171943777, 0.37817653984, 0.29357095346, 0.036533068928],
      [0.23811068417, 0.4272628299, 0.31751881407, 0.017107671861],
      [0.22981708181, 0.46267542469, 0.28858655251, 0.018920940984],
      [0.17041932713, 0.28739956962, 0.4761537606, 0.066027342647],
      [0.22896487272, 0.32163012079, 0.24838855394, 0.20101645255]
    ],
    [
      [0.28367444183, 0.27193560195, 0.44419859938, 0.00019135683937],
      [0.21452624693, 0.28127603297, 0.50340270422, 0.00079501587838],
      [0.157059104, 0.35847782471, 0.48435327039, 0.00010980089711],
      [0.15551174106, 0.37430819217, 0.46821795283, 0.0019621139398],
      [0.1343736303, 0.25806237573, 0.60691258922, 0.00065140475506],
      [0.15588573059, 0.1909575955, 0.50297223286, 0.15018444105]
    ],
    [
      [0.5809591034, 0.0960187527, 0.27666534817, 0.046356795733],
      [0.38813960119, 0.11537086736, 0.34365566995, 0.15283386149],
      [0.4122761138, 0.13158370115, 0.37905626072, 0.077083924339],
      [0.35929046671, 0.16849679244, 0.40060263656, 0.071610104292],
      [0.30671273848, 0.092313608768, 0.38785153166, 0.21312212109],
      [0, 0, 0, 0]
    ],
    [
      [0.31880368858, 0.33593936685, 0.33895527824, 0.0063016663298],
      [0.15056390718, 0.3485709721, 0.47159509162, 0.029270029099],
      [0.2004328474, 0.3960668016, 0.39941931362, 0.0040810373907],
      [0.05029200052, 0.4724168378, 0.46950442129, 0.0077867403932],
      [0.070008377027, 0.34204234136, 0.56910739767, 0.018841883934],
      [0.049153108052, 0.34658881466, 0.36903011753, 0.23522795976]
    ],
    [
      [0.42555334684, 0.21427610675, 0.3549099271, 0.0052606193138],
      [0.28666049402, 0.27291238254, 0.42336203592, 0.017065087526],
      [0.24581648208, 0.3257728989, 0.42424960996, 0.0041610090672],
      [0.21565483694, 0.32813015779, 0.4505945836, 0.0056204216591],
      [0.20375603198, 0.24160658457, 0.52666217934, 0.027975204104],
      [0.15262229597, 0.19626693063, 0.4613235042, 0.1897872692]
    ],
    [
      [0, 0, 0, 0],
      [0.23414441133, 0.26617457909, 0.44264970145, 0.057031308131],
      [0.2124713671, 0.33190251314, 0.43046300201, 0.02516311775],
      [0.19641467152, 0.39885783143, 0.3749222793, 0.029805217753],
      [0.18241220468, 0.26965670909, 0.48005619997, 0.067874886264],
      [0, 0, 0, 0]
    ],
    [
      [0.2891959103, 0.2590429844, 0.42658698017, 0.02517412513],
      [0.16593387957, 0.29985819692, 0.45988594125, 0.074321982263],
      [0.14476576461, 0.4211959621, 0.41381868692, 0.020219586377],
      [0.16400301792, 0.29095343796, 0.51604002477, 0.029003519349],
      [0.13955258271, 0.27217670581, 0.5091011755, 0.079169535985],
      [0.094228142356, 0.21402305257, 0.43855422074, 0.25319458434]
    ],
    [
      [0.33332441607, 0.25000040402, 0.41666657002, 8.6098951256e-06],
      [0.19999989621, 0.29677335856, 0.45806582474, 0.045160920489],
      [0.18181203938, 0.30303208251, 0.4848536297, 0.030302248422],
      [0.14286749126, 0.28571324447, 0.5714053339, 1.3930372509e-05],
      [0.18183057633, 0.27272687706, 0.49998921624, 0.045453330367],
      [0.12499758461, 0.25001023067, 0.37500355637, 0.24998862836]
    ],
    [
      [0.29999647823, 0.19999858047, 0.50000310816, 1.8331446757e-06],
      [0.15384550258, 0.29807744965, 0.50000032492, 0.048076722844],
      [0.13636519111, 0.31818434843, 0.49999595307, 0.04545450739],
      [0.11111128933, 0.3333322387, 0.55555540072, 1.0712498944e-06],
      [0.14285851534, 0.28571313429, 0.52380907225, 0.04761927812],
      [0.08333639288, 0.24999563747, 0.50000303572, 0.16666493393]
    ],
    [
      [0.33338213683, 0.20000429632, 0.46661233838, 1.2284703205e-06],
      [0.26152640917, 0.21537330951, 0.49232956144, 0.030770719887],
      [0.26321691864, 0.26318681331, 0.47359090938, 5.358672953e-06],
      [0.25007966497, 2.3840629031e-05, 0.74989319919, 3.2952142794e-06],
      [0.26314825612, 0.15792635109, 0.52627785611, 0.052647536676],
      [0.23073675198, 0.15385844872, 0.46160712275, 0.15379767655]
    ],
    [
      [0.37708914119, 0.12861727202, 0.4941946414, 9.8945383154e-05],
      [0.15408978828, 0.23449254663, 0.54422526158, 0.067192403507],
      [0.12470664833, 0.20895016946, 0.62523291105, 0.041110271161],
      [0.0031225169817, 0.20105106522, 0.59626601559, 0.19956040221],
      [0.14387068914, 0.21525187301, 0.49802983409, 0.14284760377],
      [0.15005733123, 0.19990433802, 0.54987706361, 0.10016126714]
    ],
    [
      [0.24996698038, 0.24949635384, 0.50052615949, 1.0506284271e-05],
      [0.18178239262, 0.26430299376, 0.54561295521, 0.0083016584076],
      [0.19193571634, 0.26941868052, 0.53846032462, 0.00018527851232],
      [0.0012547605557, 0.49873588226, 0.49994149616, 6.7861024819e-05],
      [0.11794133706, 0.2366678381, 0.64536749072, 2.3334130595e-05],
      [0.12526526578, 0.25001152836, 0.50035258606, 0.1243706198]
    ],
    [
      [0.26222005399, 0.21177115454, 0.5260074765, 1.3149705026e-06],
      [0.18641436065, 0.24286369375, 0.55941309735, 0.011308848248],
      [0.17179604026, 0.2570755325, 0.57108561937, 4.2807871564e-05],
      [0.00022599582971, 0.0010990145075, 0.99867381405, 1.1756139012e-06],
      [0.17695453341, 0.23420799563, 0.52970396216, 0.059133508795],
      [0.18190333358, 0.18255424342, 0.54540255032, 0.090139872676]
    ],
    [
      [0.23529508716, 0.29411701631, 0.47058788514, 1.1387501075e-08],
      [0.1640211983, 0.32275123499, 0.49735460205, 0.015872964667],
      [0.15624968872, 0.34375113677, 0.49999910303, 7.1482938307e-08],
      [0.099999951097, 0.30000057791, 0.59999923891, 2.3208988949e-07],
      [0.1333327457, 0.30000020214, 0.53333358605, 0.033333466102],
      [0.15789500627, 0.31578837316, 0.47368499462, 0.052631625947]
    ],
    [
      [0.28563196441, 0.28581400775, 0.42855385875, 1.6908950143e-07],
      [0.15108304935, 0.33814076266, 0.49638983909, 0.014386348904],
      [0.1176515296, 0.3823130216, 0.50003277833, 2.6704705526e-06],
      [0.12501161292, 0.37495905028, 0.49993886664, 9.0470158725e-05],
      [0.1332936837, 0.33335302466, 0.5333495927, 3.6989356778e-06],
      [0.071498354933, 0.2856307186, 0.50005872695, 0.14281219952]
    ],
    [
      [0.37031882759, 0.19941073442, 0.43027043799, 0],
      [0.23820605328, 0.2467629393, 0.51503100741, 0],
      [0.217874537, 0.27825858867, 0.50386687434, 0],
      [0, 0, 0, 0],
      [0, 0, 0, 0],
      [0.24110788527, 0.25702033103, 0.50187178369, 0]
    ],
    [
      [0, 0, 0, 0],
      [0.22355519747, 0.27888249899, 0.49756230354, 0],
      [0.18284511385, 0.34201519497, 0.47513969118, 0],
      [0, 0, 0, 0],
      [0.16684433555, 0.28977096008, 0.54338470438, 0],
      [0, 0, 0, 0]
    ],
    [
      [0.42121724114, 0.26116554396, 0.30638543745, 0.011231777454],
      [0.2789713691, 0.29781509338, 0.40098794758, 0.022225589941],
      [0.21915499443, 0.37763935609, 0.39236300146, 0.010842648027],
      [0.23974895039, 0.30573451338, 0.44494537617, 0.0095711600597],
      [0.24224077311, 0.28664635609, 0.4193928869, 0.051719983902],
      [0.22978266232, 0.27104335417, 0.39323888256, 0.10593510095]
    ],
    [
      [0.29475501636, 0.27673991918, 0.42810320038, 0.0004018640798],
      [0.18272945916, 0.29979331257, 0.51645730954, 0.001019918733],
      [0.17509643103, 0.34272183779, 0.48148280949, 0.00069892168944],
      [0.016853899508, 0.36813588959, 0.61480793006, 0.00020228084662],
      [0.10311219124, 0.20965324191, 0.68419016353, 0.0030444033137],
      [0.15672907748, 0.19916440893, 0.49868200472, 0.14542450887]
    ],
    [
      [0.22222222233, 0.27777777752, 0.50000000007, 7.3901217163e-11],
      [0.18430034127, 0.27986348125, 0.51194539253, 0.023890784952],
      [0.18181818172, 0.29090909085, 0.50909090923, 0.018181818201],
      [0.14285714279, 0.28571428618, 0.57142857089, 1.4660893703e-10],
      [0.15151515184, 0.27272727264, 0.54545454517, 0.030303030354],
      [0.16000000006, 0.2799999999, 0.47999999991, 0.080000000123]
    ],
    [
      [0.24137927672, 0.27586206895, 0.44827591252, 0.034482741811],
      [0.19345238675, 0.27976191201, 0.4821428586, 0.044642842639],
      [0.18181818185, 0.2909091175, 0.49090908201, 0.036363618637],
      [0.16666674791, 0.27777783194, 0.55555542015, 1.0489369841e-13],
      [0.179999961, 0.27999994153, 0.48000002923, 0.060000068233],
      [0.18181815973, 0.27272718409, 0.45454543236, 0.090909223827]
    ],
    [
      [0.39922233742, 0.20630298779, 0.39263699462, 0.0018376801695],
      [0.16076592551, 0.33632627351, 0.46192458417, 0.040983216809],
      [0.14111738669, 0.40029241693, 0.45774303413, 0.00084716225099],
      [0.0053515975979, 0.51834628538, 0.47472848752, 0.0015736294975],
      [0.12788079254, 0.34001655231, 0.52427127955, 0.0078313755978],
      [0.014742446896, 0.22739335875, 0.3941045758, 0.36375961856]
    ],
    [
      [0.28682184574, 0.23661847431, 0.47655963085, 4.9101677726e-08],
      [0.24400291296, 0.23634254505, 0.49996950763, 0.019685034367],
      [0.21806561632, 0.30434791815, 0.47724933846, 0.00033712707722],
      [0.14285742228, 0.28460669189, 0.57253584053, 4.5306571653e-08],
      [0.22193490957, 0.22222228435, 0.55555556248, 0.00028724359667],
      [0.18701547865, 0.18798468497, 0.50096918496, 0.12403065142]
    ],
    [
      [0, 0, 0, 0],
      [0.19325940594, 0.3508439327, 0.45589666135, 0],
      [0.16929490391, 0.41309566196, 0.41760943412, 0],
      [0.15112818426, 0.40778858699, 0.44108322875, 0],
      [0.16140907884, 0.34444026076, 0.4941506604, 0],
      [0, 0, 0, 0]
    ],
    [
      [0, 0, 0, 0],
      [0.16818262162, 0.32506060635, 0.50675677203, 0],
      [0.15908689191, 0.37469696823, 0.46621613986, 0],
      [0, 0, 0, 0],
      [0, 0, 0, 0],
      [0, 0, 0, 0]
    ],
    [
      [0.36154600463, 0.36563254287, 0.27170277268, 0.0011186798115],
      [0.23841583785, 0.51958605919, 0.2404614701, 0.0015366328616],
      [0.14845529749, 0.56668624391, 0.28288463595, 0.0019738226554],
      [0.2214568176, 0.44764895575, 0.3304680706, 0.00042615605151],
      [0.19879118836, 0.40091857679, 0.30186688765, 0.098423347197],
      [0.16715661189, 0.3388440178, 0.16904867157, 0.32495069875]
    ],
    [
      [0.31677037317, 0.1377516735, 0.54331868845, 0.0021592648809],
      [0.17036158404, 0.22994943609, 0.58273955028, 0.016949429593],
      [0.17980249395, 0.27737040669, 0.53731694023, 0.0055101591247],
      [0.13537216615, 0.30410626356, 0.55454963833, 0.0059719319551],
      [0.13513665542, 0.19387081791, 0.66154016346, 0.009452363213],
      [0.073328174982, 0.23565222755, 0.5795307167, 0.11148888076]
    ],
    [
      [0, 0, 0, 0],
      [0.14918590314, 0.29338705081, 0.52583773888, 0.03158930717],
      [0.17244137417, 0.34535286914, 0.47321261888, 0.008993137816],
      [0.10803997008, 0.35344355296, 0.52769082627, 0.01082565069],
      [0.13072119261, 0.26576529296, 0.5808189704, 0.022694544026],
      [0.063116410968, 0.26742738916, 0.51531107544, 0.15414512444]
    ],
    [
      [0.33332976997, 0.20000192082, 0.46666825751, 5.1700930651e-08],
      [0.22641504972, 0.23899387681, 0.51572329676, 0.018867776713],
      [0.20833448583, 0.29166527002, 0.499999284, 9.6015813913e-07],
      [0.16666645817, 0.16666775142, 0.66666500017, 7.9024691137e-07],
      [0.19230828259, 0.23076674367, 0.53846391587, 0.038461057869],
      [0.21428714568, 0.21428785304, 0.4999962373, 0.071428763987]
    ],
    [
      [0.4270509499, 0.14327234417, 0.42967457355, 2.1323883234e-06],
      [0.22119914288, 0.2440498911, 0.52711291617, 0.0076380498504],
      [0.19027295431, 0.28650604806, 0.52314771927, 7.3278363967e-05],
      [0.12886481945, 0.24882324431, 0.62230988258, 2.0536525138e-06],
      [0.18205080346, 0.22799749974, 0.58992323419, 2.8462606498e-05],
      [0.20011915744, 0.20022665992, 0.46650624326, 0.13314793938]
    ],
    [
      [0, 0.40319421827, 0.59680578173, 0],
      [0, 0.40165212412, 0.59834787588, 0],
      [0, 0.49074906878, 0.50925093122, 0],
      [0, 0.45755971636, 0.54244028364, 0],
      [0, 0.37783031722, 0.62216968278, 0],
      [0, 0, 0, 0]
    ],
    [
      [0.36228347245, 0.23337265202, 0.39659554503, 0.0077483304984],
      [0.2204499222, 0.26432024246, 0.47536628984, 0.039863545494],
      [0.18399610165, 0.42090800783, 0.37504134358, 0.020054546935],
      [0.15807456438, 0.37219609624, 0.44660113066, 0.023128208717],
      [0.16203696783, 0.23172211054, 0.53549803981, 0.07074288182],
      [0.14244456462, 0.17874249153, 0.48471155171, 0.19410139215]
    ],
    [
      [0.37147453394, 0.14875668933, 0.47904012055, 0.00072865618484],
      [0.33247580964, 0.17215771247, 0.48290589431, 0.012460583578],
      [0.28613529118, 0.2848019317, 0.42864997197, 0.00041280514443],
      [0.22200841572, 0.11394062901, 0.66339379698, 0.00065715828863],
      [0.010625361642, 0.0058078820311, 0.98169344387, 0.0018733124602],
      [0.16907107697, 0.1690810348, 0.33591810628, 0.32592978195]
    ],
    [
      [0.50569264256, 0.13882327818, 0.35180957148, 0.003674507776],
      [0.35333588203, 0.23493804972, 0.38153984366, 0.030186224591],
      [0.3556643886, 0.27992226849, 0.35517157234, 0.0092417705685],
      [0.071232235946, 0.31520015522, 0.60636733428, 0.0072002745456],
      [0.22855806738, 0.085483474003, 0.56428591544, 0.12167254318],
      [0.34972262508, 0.15411144429, 0.3358155999, 0.16035033074]
    ],
    [
      [0.31870051762, 0.35828243523, 0.3009679439, 0.022049103253],
      [0.22715984393, 0.35129411405, 0.38245109412, 0.039094947895],
      [0.19494547708, 0.42251055894, 0.36979694248, 0.012747021504],
      [0.20885935911, 0.41134052636, 0.35760313737, 0.022196977156],
      [0.13750382912, 0.29985347566, 0.51177381443, 0.050868880791],
      [0.19970789106, 0.23325751705, 0.2592437444, 0.3077908475]
    ],
    [
      [0.57350139639, 0.27640356135, 0.13622684324, 0.013868199018],
      [0.36782785373, 0.35965089454, 0.21799082208, 0.054530429652],
      [0, 0, 0, 0],
      [0.29648533583, 0.42709348959, 0.24599817827, 0.030422996308],
      [0.30885866746, 0.36849260172, 0.23188988381, 0.090758847013],
      [0.26081443556, 0.31381798759, 0.17817875043, 0.24718882642]
    ],
    [
      [0.36369026778, 0.20319751285, 0.43311221937, 0],
      [0.23767932978, 0.23878027863, 0.52354039158, 0],
      [0.22331486629, 0.29418074388, 0.48250438983, 0],
      [0.19349971353, 0.34921389203, 0.45728639444, 0],
      [0.18203918918, 0.22677795289, 0.59118285793, 0],
      [0.19759259128, 0.27429550774, 0.52811190098, 0]
    ],
    [
      [0.39870529836, 0.20203185542, 0.3989874158, 0.00027543042424],
      [0.19438124365, 0.28174910358, 0.49129903262, 0.032570620148],
      [0.096587022671, 0.44461229476, 0.45420509927, 0.0045955832961],
      [0.011209890225, 0.20202594013, 0.78475658183, 0.0020075878202],
      [0.097075287122, 0.26349958392, 0.54887523977, 0.090549889191],
      [0.16048046443, 0.16729750637, 0.51302588213, 0.15919614706]
    ],
    [
      [0.39564734088, 0.16125798489, 0.44309467423, 0],
      [0.27033943133, 0.20474326314, 0.52491730553, 0],
      [0.23500027377, 0.25837511957, 0.50662460666, 0],
      [0.21125368589, 0.22657760279, 0.56216871132, 0],
      [0.24612145952, 0.18842571698, 0.5654528235, 0],
      [0, 0, 0, 0]
    ],
    [
      [0.28482692458, 0.27397638285, 0.43930540803, 0.0018912845357],
      [0.26917137296, 0.28683320036, 0.44262936569, 0.001366060981],
      [0.18060607466, 0.44314147367, 0.3757299735, 0.00052247817377],
      [0.20061891689, 0.2774601164, 0.51975800167, 0.0021629650329],
      [0.19481648727, 0.20973119812, 0.58863364825, 0.0068186663529],
      [0.17464815089, 0.16858272497, 0.36027231055, 0.29649681359]
    ],
    [
      [0.46034743627, 0.093866530386, 0.43978396171, 0.0060020716279],
      [0.29224077641, 0.18161997777, 0.51227933769, 0.013859908121],
