{
  "Z_true": {},
  "V_true": [
    [637, 13, 464, 158, 50],
    [831, 316, 6557, 705, 268],
    [350, 368, 279, 20561, 376],
    [47, 1252, 303, 686, 49],
    [153, 90, 174, 553, 182]
  ],
  "p_true": [
    [0.4818, 0.0098, 0.351, 0.1195, 0.0378],
    [0.0958, 0.0364, 0.7557, 0.0812, 0.0309],
    [0.016, 0.0168, 0.0127, 0.9374, 0.0171],
    [0.0201, 0.5357, 0.1297, 0.2935, 0.021],
    [0.1328, 0.0781, 0.151, 0.48, 0.158]
  ],
  "Z_est": [
    [
      [8.8081, 18.1037, 9.533, 0, 15.9336, 3.3567, 1.2591, 3.7717, 97.1293, 106.5783, 1.9192, 0, 0, 34.6001, 61.6681, 3.7745, 0, 0.5216, 0.9596, 3.9286, 2.0099, 1.1969, 19.0871, 22.9484, 26.0037, 17.6049, 13.2037, 0, 0, 0.7421, 15.3041, 15.868, 20.9644, 34.8118, 1.9147, 19.2362, 0.7494, 8.8024, 10.6968, 22.0231, 32.7029, 34.7948, 26.0009, 18.4547, 6.2899, 23.2681, 2.3939, 2.0976, 54.1409, 85.1338, 63.9378],
      [0.3742, 1.0972, 0.0017, 0, 0.5148, 0.1387, 0.5032, 0.1086, 3.8104, 4.115, 0.0468, 0, 0, 1.2134, 2.3914, 0.1287, 0, 0.0017, 0.0234, 0.0033, 0.4147, 0, 0.732, 0.6434, 0.8892, 0.5315, 0.4178, 0, 0, 0.0287, 0.4864, 0.6352, 0.6686, 1.2001, 0.0518, 0.8107, 0.0267, 0.2674, 0.3944, 0.8323, 1.0862, 1.0647, 0.8975, 0.6635, 0.2256, 0.7337, 0.1204, 0.572, 2.1829, 2.7682, 2.004],
      [2.5494, 0.7558, 0.7197, 0, 3.1414, 1.0145, 0.1111, 0.0775, 17.1798, 10.9382, 0.0129, 0, 0, 5.6831, 12.7645, 0.6871, 0, 0.14, 0.0065, 0.0259, 0.7203, 0.6243, 3.5631, 0.1552, 2.4035, 1.6528, 1.2204, 0, 0, 0.12, 1.7107, 2.3557, 2.3944, 5.4033, 0.0129, 4.0934, 0.0228, 0.8247, 2.3069, 4.7925, 4.9404, 4.6522, 4.0176, 4.5324, 1.083, 2.6038, 2.3143, 0.1504, 9.6934, 10.9553, 7.4124],
      [0.2649, 5.0364, 2.742, 0, 0.4047, 0.4887, 0.1266, 0.0411, 24.8409, 38.3242, 0.0205, 0, 0, 4.4908, 11.1516, 0.4083, 0, 1.3367, 0.0103, 0.0411, 0.8539, 0.1787, 3.6104, 0.2464, 5.6939, 0.2053, 0.154, 0, 0, 0.1092, 1.4936, 6.1343, 1.9654, 5.5718, 0.0205, 7.8509, 0.2011, 0.1027, 1.5977, 3.3436, 1.2594, 0.477, 3.0746, 1.3425, 0.3993, 1.3867, 0.1715, 0.1792, 13.9607, 13.1118, 4.6243],
      [0.0033, 0.0069, 0.0036, 0, 0.0055, 0.0014, 0, 0.0011, 0.0396, 0.0443, 0.0006, 0, 0, 0.0127, 0.0244, 0.0014, 0, 0, 0.0003, 0.0011, 0.0011, 0, 0.0075, 0.0066, 0.0097, 0.0055, 0.0042, 0, 0, 0, 0.0053, 0.0069, 0.0072, 0.013, 0, 0.0089, 0, 0.0028, 0.0042, 0.0086, 0.0111, 0.0114, 0.0094, 0.0069, 0.0022, 0.0078, 0, 0.0008, 0.0222, 0.031, 0.0216]
    ],
    [
      [4.6199, 7.8298, 4.9033, 0.2721, 10.6269, 1.2936, 0.5067, 3.1419, 41.5889, 43.9763, 2.6229, 1.0922, 0, 21.0743, 32.2935, 2.3176, 0.2721, 0.2156, 1.2627, 3.8108, 0.6468, 0.4312, 10.3354, 19.7161, 16.3974, 12.8952, 10.0112, 0, 1.4355, 0.2438, 10.1622, 6.0369, 13.4076, 19.4049, 2.4885, 6.8993, 0.0504, 6.8641, 5.8127, 11.0383, 21.8225, 25.5688, 15.7153, 10.3069, 4.3609, 14.3141, 0.8624, 1.0144, 24.9259, 49.4304, 48.113],
      [2.9016, 0.2386, 0.0029, 0.3213, 1.6286, 0.5383, 0.0515, 0.0262, 8.8721, 8.9763, 0.9096, 0.0046, 0, 0.2385, 6.5997, 0.3405, 0.0363, 0.0029, 0.8265, 0.0058, 0.0991, 0, 2.9443, 0.1425, 1.3416, 1.3528, 1.667, 0, 0, 0.0908, 2.7819, 0.0873, 1.9292, 0.1745, 0.0087, 0.7783, 0.0341, 0.6761, 1.1731, 0.1862, 2.7692, 2.5535, 3.6238, 0.1367, 2.1402, 1.4628, 0.0895, 0.0831, 2.149, 5.7586, 4.1981],
      [137.298, 29.4567, 20.7911, 1.9203, 171.1832, 56.7484, 5.3515, 35.5016, 915.4095, 560.5138, 28.598, 8.6862, 5.4323, 309.8552, 681.9257, 36.0251, 3.2058, 3.4833, 8.6506, 14.0286, 10.1149, 5.4786, 193.8835, 130.2617, 125.1256, 135.7932, 68.5187, 6.8947, 7.6862, 1.6353, 91.9335, 82.8114, 128.3884, 234.5795, 18.1168, 70.3133, 0.8862, 105.2251, 125.6333, 211.1006, 269.286, 253.1679, 215.6525, 248.4754, 59.4866, 138.4454, 16.9768, 7.1525, 221.4009, 591.3795, 400.0538],
      [4.1929, 1.7492, 0.4211, 0.1608, 8.5477, 4.4579, 0.0902, 0.6016, 15.9111, 14.2083, 1.4043, 0.9778, 0.5677, 20.4687, 20.9365, 0.6316, 0.0602, 0.2982, 0.5322, 0.3008, 0.1955, 0.0902, 7.8362, 2.4664, 5.0494, 4.8879, 3.662, 0.1053, 0.2259, 0.0301, 2.7572, 3.9381, 14.0833, 4.1357, 3.386, 2.5655, 0.0292, 4.9046, 5.5111, 3.6695, 9.7864, 14.3028, 9.7983, 9.5493, 2.3437, 2.6168, 0.0713, 0.1353, 4.0454, 21.5182, 23.8133],
      [10.9876, 0.7257, 1.8816, 1.3255, 11.0136, 9.9618, 0, 0.7287, 76.2185, 40.3254, 1.4652, 1.2392, 0, 26.3633, 48.2446, 2.6852, 0.4257, 0, 0.728, 1.854, 1.9437, 0, 19.0007, 11.4133, 12.086, 8.0708, 9.1411, 0, 0.6524, 0, 7.3653, 5.1263, 10.1915, 16.7054, 0, 7.4436, 0, 8.3301, 5.8697, 18.0055, 25.3358, 15.407, 13.2101, 18.5317, 3.6686, 17.1609, 0, 0.6146, 16.4787, 53.9133, 33.8217]
    ],
    [
      [0.0307, 0.8002, 0.3552, 0.131, 1.5042, 0.0102, 0.2285, 0.7831, 0.3021, 0.3209, 0.4981, 0.0771, 0, 1.2132, 0.2014, 0.1374, 0.7224, 0.0017, 0.0604, 1.0936, 0.0051, 0.0034, 0.0631, 3.8968, 2.243, 5.568, 3.4794, 0, 1.5645, 0.0017, 3.1418, 0.0478, 4.9804, 2.219, 0.1355, 0.0546, 0.1947, 2.4811, 0.0358, 0.0734, 6.6078, 8.123, 4.5851, 0.0649, 0.4253, 4.1893, 0.0068, 0.2781, 3.321, 15.008, 10.777],
      [3.5466, 0.01, 0.0025, 0.4237, 0.8454, 0.0326, 0.5734, 0.0226, 5.6592, 6.7361, 0.7618, 0.0025, 0, 0.2057, 10.5731, 0.115, 1.0918, 0.0025, 0.5199, 0.005, 0.3161, 0, 4.6991, 0.1229, 2.3394, 2.155, 1.2395, 0, 0, 0.2667, 3.3068, 0.0753, 1.162, 0.1505, 0.0075, 1.0018, 0.0754, 0.0502, 0.5461, 0.1606, 5.7716, 0.7014, 1.616, 0.1179, 3.1239, 1.9227, 0.0509, 0.8462, 0.6967, 1.9696, 8.2822],
      [5.2629, 0.141, 0.1046, 0.0091, 4.6784, 0.2729, 0.4836, 3.2684, 22.9804, 8.9229, 0.1365, 0.0409, 0.3313, 1.4966, 24.8118, 1.9252, 1.7405, 0.0713, 0.0409, 0.2717, 0.0546, 0.9447, 3.1597, 0.6369, 0.605, 1.7028, 0.4245, 1.1053, 0.3138, 0.0965, 0.4412, 1.8975, 0.6187, 10.0451, 0.0864, 5.682, 0.0344, 1.5696, 2.9681, 3.2276, 1.301, 1.2191, 4.4701, 4.8716, 0.3732, 0.6732, 1.1769, 0.3995, 7.3282, 6.283, 1.9196],
      [400.169, 47.7844, 38.4586, 22.7625, 589.0069, 251.6543, 14.7145, 203.6616, 3008.4303, 2258.4813, 130.0749, 19.1194, 23.6687, 1081.5028, 1481.7545, 71.5127, 18.8711, 11.9244, 14.1084, 41.5107, 102.5761, 14.0519, 715.1067, 611.7948, 568.9257, 383.6664, 411.0177, 21.8947, 17.7741, 13.6351, 230.4912, 331.129, 386.4537, 668.3386, 33.7706, 446.7293, 26.6955, 127.2405, 170.3352, 382.5834, 928.7022, 647.4053, 423.5706, 478.5099, 103.7559, 646.4118, 15.7654, 20.0929, 452.1731, 1288.732, 878.9095],
      [6.9908, 0.2643, 1.079, 0.6738, 3.9651, 7.0299, 0, 0.2643, 55.628, 14.5388, 0.5287, 0.76, 0, 17.5817, 18.6592, 1.3096, 0.5741, 0, 0.2704, 2.119, 2.0481, 0, 17.9713, 7.5486, 9.8869, 2.9078, 5.8388, 0, 0.3476, 0, 3.619, 1.8504, 3.7852, 6.2466, 0, 7.5324, 0, 4.6585, 2.1147, 13.955, 21.6174, 5.5512, 4.7582, 9.4358, 1.3217, 13.803, 0, 0.3833, 6.481, 43.0074, 19.1116]
    ],
    [
      [0.3125, 0.016, 0.2187, 0, 0.166, 0.001, 0.0057, 0.0764, 1.8116, 1.3704, 0.0705, 0.4679, 0, 0.599, 1.1935, 0.044, 0.0055, 0.0108, 0.0165, 0.0949, 0.0005, 0.0057, 0.3209, 1.9894, 0.249, 0.226, 0.2509, 0, 0, 0.0123, 0.1121, 0.0046, 0.216, 0.4388, 0.3719, 0.0053, 0.0055, 0.137, 0.1636, 0.482, 0.5301, 0.4141, 0.3668, 0.3531, 0.109, 0.2919, 0.0113, 0.022, 0.1761, 0.5155, 0.5902],
      [49.0292, 2.616, 0.9916, 0, 24.8477, 12.2264, 0.8719, 8.7932, 258.7403, 201.3842, 11.2271, 0.9869, 0, 79.986, 178.8561, 6.3785, 0.8719, 0.9869, 2.6156, 1.9832, 10.4301, 0, 51.4428, 47.806, 37.2715, 33.817, 36.5435, 0, 0, 2.6139, 18.3123, 29.0643, 32.0898, 58.1566, 2.9139, 34.2857, 0.8638, 18.9379, 23.7866, 62.5822, 80.0579, 58.4054, 54.6796, 45.8653, 17.438, 42.5889, 1.7273, 3.4874, 28.7765, 76.9983, 92.0749],
      [3.5375, 0.1611, 0.1717, 0, 2.1258, 1.0271, 0.0537, 1.5114, 21.9532, 15.1732, 0.7821, 0.1326, 0, 6.8282, 13.8996, 0.5415, 0.0537, 0.2423, 0.1611, 0.406, 0.6781, 0.8226, 3.169, 6.7445, 2.7889, 2.6048, 2.6776, 0, 0, 0.1482, 1.128, 2.5103, 2.475, 5.3604, 0.3217, 2.5982, 0.0565, 1.6531, 1.9888, 7.2908, 6.0097, 4.7777, 4.2474, 4.9583, 1.0742, 3.2605, 0.1079, 0.2148, 1.7725, 6.6352, 6.0278],
      [5.108, 0.2061, 0.6175, 0, 2.8538, 2.7419, 0.0687, 3.6159, 51.4208, 33.0165, 0.9173, 0.4121, 0, 22.5624, 26.0019, 1.0342, 0.0687, 0.7599, 0.2061, 0.5152, 0.8886, 0.1717, 4.0541, 13.4445, 4.6806, 4.343, 6.5177, 0, 0, 0.2256, 1.443, 10.4114, 4.2106, 16.0265, 1.3925, 7.1011, 0.0741, 4.2664, 4.0544, 18.6252, 10.3808, 11.3862, 7.6914, 13.8088, 1.3743, 6.8469, 0.1536, 0.2749, 2.2676, 6.8307, 7.2837],
      [0.0129, 0.0007, 0.0004, 0, 0.0067, 0.0036, 0, 0.0031, 0.0742, 0.0557, 0.0029, 0.0004, 0, 0.0244, 0.0489, 0.0018, 0.0002, 0, 0.0007, 0.0007, 0.0027, 0, 0.0131, 0.0155, 0.01, 0.0091, 0.0102, 0, 0, 0, 0.0047, 0.0093, 0.0087, 0.0178, 0, 0.0098, 0, 0.0056, 0.0067, 0.0198, 0.0215, 0.0167, 0.0149, 0.0144, 0.0044, 0.0118, 0, 0.0009, 0.0073, 0.0202, 0.0235]
    ],
    [
      [4.2288, 4.2503, 2.9897, 0.597, 7.7693, 1.3385, 0, 2.227, 36.1681, 35.7541, 1.8893, 0.3628, 0, 15.5134, 22.6435, 1.7265, 0, 0.2502, 0.7008, 2.0721, 0.3377, 0.3628, 7.1934, 13.4492, 9.1069, 7.706, 6.0548, 0, 0, 0, 6.2799, 6.0428, 8.4315, 15.1255, 1.0894, 5.8046, 0, 3.7153, 4.2911, 9.3832, 14.3366, 15.0994, 9.332, 8.8204, 2.8149, 12.9367, 0.7256, 0.5879, 15.4361, 31.9122, 25.5821],
      [0.1484, 0.0382, 0.0013, 0.255, 0.1636, 0.064, 0, 0.0494, 0.918, 0.7884, 0.0546, 0.006, 0, 0.3564, 0.5796, 0.0374, 0, 0.006, 0.0146, 0.0026, 1.74, 0, 0.1818, 0.2851, 0.1583, 0.1437, 0.1322, 0, 0, 0, 0.1126, 0.138, 0.1505, 0.3183, 0.018, 0.1236, 0, 0.0684, 0.0998, 0.2388, 0.3151, 0.2751, 0.1831, 0.2166, 0.0724, 0.2919, 0.012, 0.0112, 0.1949, 0.5054, 0.4408],
      [2.3523, 0.4853, 1.2128, 0.0706, 2.8712, 0.937, 0, 0.6411, 15.4772, 9.4519, 0.4705, 0.1402, 0.2364, 5.1369, 11.5984, 0.821, 0, 0.063, 0.1409, 0.2678, 0.4321, 0.1298, 3.2247, 2.2018, 2.077, 2.2463, 1.1587, 0, 0, 0, 1.7866, 1.425, 2.1235, 9.6117, 0.4622, 1.3132, 0, 1.7274, 2.1028, 3.5885, 4.4629, 4.1831, 3.6124, 4.1624, 0.9829, 3.0171, 0.4242, 0.0828, 3.805, 9.7471, 6.5864],
      [9.2652, 2.2239, 2.7609, 1.0767, 16.1868, 7.6571, 0, 5.0799, 65.3969, 59.9698, 5.5829, 0.4906, 0.7636, 31.9754, 33.1555, 3.4131, 0, 0.6807, 1.143, 2.6323, 10.4858, 0.5074, 11.3927, 31.048, 10.6504, 9.8973, 9.6485, 0, 0, 0, 8.8151, 13.3872, 11.287, 25.9274, 1.4304, 8.7533, 0, 3.4859, 7.5015, 19.7784, 22.8713, 21.4286, 8.8651, 19.7895, 5.1268, 32.7378, 0.8383, 0.3177, 12.5532, 40.8073, 31.3692],
      [0.0054, 0.0024, 0.0353, 0.0007, 0.0091, 0.0034, 0, 0.0027, 0.0398, 0.0358, 0.0027, 0.0003, 0, 0.0179, 0.0229, 0.002, 0, 0, 0.0007, 0.0252, 0.0044, 0, 0.0074, 0.0159, 0.0074, 0.0067, 0.0057, 0, 0, 0, 0.0057, 0.0071, 0.0074, 0.0172, 0, 0.0054, 0, 0.003, 0.0047, 0.0111, 0.0142, 0.0138, 0.0074, 0.0111, 0.003, 0.0165, 0, 0.0003, 0.0108, 0.028, 0.0216]
    ]
  ],
  "V_est": [
    [974.2279, 35.8217, 142.5394, 169.0491, 0.3619],
    [554.4332, 72.9541, 7209.9227, 264.0286, 575.6614],
    [92.0469, 73.9034, 142.6212, 21277.4098, 348.0187],
    [14.8527, 1846.41, 152.8648, 322.3569, 0.5156],
    [382.4393, 9.9109, 129.052, 630.1555, 0.4423]
  ],
  "p_est": [
    [0.7369, 0.0271, 0.1078, 0.1279, 0.0003],
    [0.0639, 0.0084, 0.8309, 0.0304, 0.0663],
    [0.0042, 0.0034, 0.0065, 0.9701, 0.0159],
    [0.0064, 0.7901, 0.0654, 0.1379, 0.0002],
    [0.332, 0.0086, 0.112, 0.547, 0.0004]
  ],
  "EI_Z": {},
  "EI_V": 8.3256,
  "MAE_Z": {},
  "MAE_V": 235.9278,
  "MAE_p": 0.0756,
  "runtime": 1.3196
}
