{
  "Z_true": {},
  "V_true": [
    [11, 366, 18, 44, 947, 47],
    [183, 622, 208, 154, 14896, 324],
    [184, 131, 582, 9131, 1250, 453],
    [642, 24, 68, 376, 529, 83],
    [10, 7, 746, 386, 393, 64],
    [64, 93, 155, 313, 666, 311]
  ],
  "p_true": [
    [0.0077, 0.2554, 0.0126, 0.0307, 0.6609, 0.0328],
    [0.0112, 0.038, 0.0127, 0.0094, 0.909, 0.0198],
    [0.0157, 0.0112, 0.0496, 0.7784, 0.1066, 0.0386],
    [0.3728, 0.0139, 0.0395, 0.2184, 0.3072, 0.0482],
    [0.0062, 0.0044, 0.4645, 0.2403, 0.2447, 0.0399],
    [0.04, 0.0581, 0.0968, 0.1954, 0.4157, 0.1941]
  ],
  "Z_est": [
    [
      [0.4729, 0.154, 0.1671, 0.1839, 5.7406e-16, 1.042e-16, 0, 0.0359, 0.1208, 0.0244, 0.0531, 0.0478, 0.2288, 0.3281, 0.2314, 0.2118, 0.1297, 0.0457, 0.111, 0, 0.284, 0.3218, 0.4921, 0.4427, 0.277, 0.4084, 0.1962, 0.2248, 0.4574, 0.1846, 0.0475, 0.0719, 0.1033, 0.1806, 0.504, 0.2024, 0.0822, 0.3552, 0.0731, 0.1685, 0.3835, 0.2721, 0.2605, 0.3315, 0.1678, 0.3575, 0.1018, 0.6651, 0.0533, 0.616, 0.0324],
      [19.2731, 12.2314, 10.3336, 14.5077, 3.0979, 0.8079, 0, 5.6489, 7.661, 2.3499, 0.8575, 2.3146, 0.9691, 26.5072, 10.504, 5.3983, 8.7461, 2.5536, 5.316, 0, 14.3819, 21.7364, 32.5149, 24.4369, 17.3585, 28.9633, 17.0443, 13.4075, 18.4182, 11.9024, 2.6567, 3.1879, 6.3802, 9.0622, 18.518, 12.3387, 10.3352, 18.0774, 7.2386, 13.783, 14.3258, 14.695, 10.3053, 14.3854, 10.3668, 23.3041, 3.7574, 28.8651, 4.7579, 54.6891, 18.3557],
      [2.3152, 1.2253, 0.5027, 1.1962, 0, 0.0174, 0, 0.543, 0.3592, 0.1923, 0.0522, 0.2957, 0.2982, 2.6438, 1.3231, 0.4866, 0.6652, 0.2206, 0.7155, 0, 1.2285, 2.338, 3.3222, 2.3359, 1.7129, 2.1627, 1.0322, 0.9124, 1.5005, 1.0392, 0.4454, 0.45, 0.6883, 1.062, 2.3778, 1.5581, 0.3273, 1.7656, 0.5605, 1.3418, 1.8387, 1.0039, 0.7141, 1.6233, 0.9837, 2.2269, 0.4334, 4.0619, 0.4251, 2.9625, 1.2103],
      [9.0861, 4.2117, 2.7637, 4.6472, 0.2824, 0.0491, 0, 2.8379, 2.6697, 0.7186, 0.3351, 0.8001, 1.3391, 6.5517, 3.6522, 1.7903, 2.0512, 0.6043, 1.9021, 0, 4.5146, 6.4298, 11.1733, 9.6374, 8.0652, 8.4627, 5.7125, 3.3003, 6.7981, 3.7387, 1.0016, 1.2763, 2.2601, 3.7874, 9.2584, 4.0376, 3.0303, 6.8984, 2.6024, 4.7666, 6.3441, 4.2138, 4.6989, 6.3221, 3.6893, 7.2414, 2.2523, 14.1762, 1.433, 9.4755, 6.743],
      [19.0379, 6.7931, 5.9029, 9.0865, 0.595, 0.1256, 0, 4.7729, 5.0529, 1.6517, 0.6819, 1.5185, 3.0656, 14.1713, 8.9348, 4.935, 4.1634, 1.4988, 4.775, 0, 10.1977, 14.4789, 27.5665, 20.3683, 16.0008, 18.3495, 13.3512, 8.9214, 15.2245, 8.6477, 2.7844, 3.8913, 6.2563, 8.4316, 21.3186, 10.4969, 5.9507, 15.3611, 5.287, 10.5467, 14.522, 9.2544, 10.5528, 13.6596, 8.3906, 16.2931, 4.2329, 29.5373, 3.2258, 21.8459, 13.1951],
      [0.8147, 0.3846, 0.33, 0.3785, 0.0247, 2.6521e-48, 0, 0.1614, 0.1365, 0.0631, 0.0202, 0.0234, 0.0992, 0.7979, 0.3546, 0.1779, 0.2444, 0.0771, 0.1804, 0, 0.3933, 0.695, 0.9309, 0.7788, 0.5856, 0.6535, 0.6636, 0.2336, 0.6012, 0.4873, 0.0644, 0.1226, 0.3118, 0.4762, 1.0232, 0.3662, 0.2743, 0.5422, 0.2384, 0.3934, 0.5859, 0.5609, 0.4684, 0.6781, 0.4019, 0.577, 0.2222, 0.6944, 0.105, 1.4109, 0.4635]
    ],
    [
      [16.3238, 2.9462, 1.855, 9.2348, 0, 0, 0, 0.7717, 6.5621, 1.7492, 1.2445, 2.0314, 1.1773, 9.8065, 1.6483, 1.1942, 8.9914, 0.7323, 2.691, 0, 16.8745, 7.9904, 2.1309, 11.0748, 4.8336, 22.1818, 2.7366, 0, 13.3265, 9.1603, 1.5856, 0, 0, 5.1481, 14.9264, 0, 3.3828, 14.7772, 4.1289, 7.151, 10.6494, 8.7736, 8.8644, 12.1007, 5.9783, 9.7191, 8.7491, 20.7907, 2.43, 16.2999, 0.3575],
      [10.3922, 4.2221, 2.1595, 13.8469, 2.9577, 0.9769, 0.1433, 2.0792, 7.418, 4.0858, 0.1233, 1.4411, 0, 16.7102, 1.7653, 0.9645, 11.3546, 1.1291, 3.9004, 1.8144, 16.6048, 12.267, 4.9783, 10.5298, 4.8695, 29.7638, 6.0754, 8.3544, 9.5627, 14.3477, 7.167, 1.9564, 7.9139, 4.0667, 10.1215, 5.499, 9.4071, 13.4546, 7.9478, 10.9099, 7.5131, 8.5138, 5.6178, 8.2114, 7.4865, 14.1403, 5.2204, 14.1132, 4.8792, 53.5595, 3.5884],
      [13.6198, 4.7922, 0.6884, 11.358, 0, 0.4044, 0.1557, 2.0052, 1.5781, 3.2877, 0.1358, 2.6188, 0.3882, 19.7236, 2.4731, 0.8708, 9.477, 1.1608, 6.4429, 0.5163, 13.3582, 15.122, 5.2893, 9.7512, 4.8237, 19.9914, 2.5997, 5.5378, 6.6639, 11.9399, 14.4167, 5.9287, 8.6275, 5.3299, 13.6574, 11.1411, 1.2578, 12.5534, 5.2505, 10.9057, 11.0027, 4.7999, 2.0077, 9.8107, 6.9001, 14.2373, 5.5598, 24.2503, 4.4457, 22.855, 1.9361],
      [6.0939, 5.0703, 0.1717, 9.4094, 0, 0, 0, 3.5341, 6.7846, 0, 0.1378, 1.0485, 0.0202, 0, 0, 0, 2.5735, 0, 0, 0, 0, 0, 0, 3.2477, 4.6497, 1.5841, 0, 0, 0, 0, 0, 0, 0, 0.3481, 0, 0, 5.567, 0, 5.6841, 0.6567, 0, 0, 0, 2.3225, 0, 0, 11.4368, 8.3745, 0, 0, 2.5694],
      [543.9533, 110.9902, 55.224, 398.5894, 21.5346, 15.6186, 23.701, 91.6471, 231.7096, 141.5712, 13.1175, 53.3375, 22.9557, 390.1943, 76.2601, 50.8831, 233.9165, 36.8193, 191.6075, 40.7344, 557.0669, 371.6441, 209.2658, 428.2173, 237.3677, 840.0889, 229.5918, 314.4429, 400.7806, 495.3368, 382.6402, 277.1535, 414.1639, 202.9468, 639.4409, 304.1371, 235.5235, 562.0588, 277.0395, 397.2219, 412.6565, 245.6792, 317.8783, 411.7604, 299.7799, 454.0839, 304.606, 771.2044, 159.0763, 796.0306, 121.893],
      [14.6169, 3.9789, 1.9014, 10.5615, 0.5077, 2.8217e-48, 0, 1.9626, 3.9475, 3.3061, 0.241, 0.5227, 0.4586, 13.5653, 1.8531, 1.0874, 8.687, 1.1586, 4.3582, 2.9349, 13.0955, 10.9765, 4.3357, 10.1792, 5.4557, 18.39, 6.9966, 4.6648, 9.6663, 17.2152, 5.1905, 4.9614, 12.2947, 7.1605, 18.8537, 6.2228, 6.8616, 12.1559, 7.9491, 9.1548, 10.1782, 9.2336, 8.6318, 12.7943, 8.8551, 9.8195, 10.4279, 11.2668, 3.1689, 31.2551, 2.6557]
    ],
    [
      [4.5662, 0.6308, 1.1861, 2.3798, 0, 0, 1.3878e-17, 0.0742, 2.0694, 1.5179, 0.5239, 0.2006, 0.6594, 5.0219, 2.7355, 3.5314, 1.2779, 0.7663, 3.0656, 0.4271, 4.5244, 4.2003, 4.2437, 5.8007, 1.8944, 3.8408, 2.2817, 11.9807, 5.4978, 5.5387, 6.2345, 6.4332, 8.3531, 1.5942, 8.97, 8.9779, 0.5115, 5.5359, 0.7233, 1.9297, 6.4244, 3.2135, 2.8355, 3.0257, 2.7001, 4.7262, 1.6203, 5.6597, 0.9936, 17.4465, 0.0824],
      [2.9532, 1.7424, 1.9514, 4.9588, 1.4515, 1.0826, 0.8133, 0.7982, 2.9174, 2.108, 0, 0.1695, 0, 8.8086, 1.3077, 0.4692, 1.8909, 0.1581, 0.4092, 1.0081, 2.0377, 3.701, 2.3629, 6.0195, 1.812, 6.1138, 2.2075, 5.2153, 2.4671, 2.9726, 0.4634, 2.519, 0.9057, 1.3037, 3.0061, 4.1423, 1.9889, 4.4388, 1.8221, 3.8317, 2.1002, 3.5909, 1.3263, 2.1796, 2.045, 3.7329, 1.0831, 3.9332, 0.9839, 17.4201, 1.4203],
      [14.4716, 6.5477, 1.3783, 12.8852, 0, 0.409, 0.2053, 4.004, 2.4419, 5.4882, 0.241, 0.8583, 0.9608, 28.9598, 7.3761, 1.9376, 4.5048, 0.5026, 1.9122, 0.2895, 5.506, 13.1249, 8.77, 20.0115, 8.2828, 13.4925, 3.6456, 5.7794, 6.5021, 8.1848, 2.5757, 2.0463, 2.6338, 6.3626, 15.5878, 11.4242, 1.4308, 14.2972, 4.3106, 12.2892, 10.8153, 6.5662, 2.806, 9.3733, 6.404, 11.3656, 4.4386, 24.4589, 2.8561, 21.4215, 2.5946],
      [406.8618, 140.1685, 88.0539, 352.0596, 12.1536, 8.5463, 9.7992, 182.1818, 238.4742, 147.3444, 16.3163, 16.3838, 37.741, 405.2859, 130.8878, 56.34, 93.4692, 9.7524, 33.7054, 7.4965, 142.4685, 231.082, 206.6235, 617.5352, 307.6182, 378.0004, 169.2324, 144.0446, 224.0639, 207.1209, 35.3963, 34.0268, 54.4372, 160.2042, 441.4749, 181.482, 119.7328, 407.5721, 153.03, 301.9594, 258.3069, 213.9954, 166.7967, 263.6895, 172.8745, 249.1797, 181.3871, 575.0046, 67.674, 471.0365, 115.3378],
      [31.9049, 1.8031, 7.7368, 20.5688, 0.7079, 0.9621, 1.1822, 1.5816, 13.453, 15.2199, 1.2962, 1.0896, 3.8448, 30.4151, 15.5451, 9.0937, 6.7773, 1.0206, 3.7416, 1.0169, 13.4312, 20.8612, 24.0199, 48.8969, 19.2177, 32.9601, 18.0254, 20.9889, 21.7409, 20.6588, 4.6576, 5.4278, 7.2268, 14.6526, 45.4759, 23.9771, 8.4464, 38.6796, 11.2067, 27.1001, 25.9589, 19.4348, 16.5894, 22.6781, 16.8817, 23.2507, 10.1811, 44.0495, 6.3234, 45.0775, 7.4622],
      [23.2422, 8.1075, 6.6936, 18.1478, 0.6871, 0, 0, 6.3602, 7.644, 8.3215, 0.6227, 0.2982, 1.794, 31.5087, 8.1478, 3.6281, 7.0799, 0.8, 2.1661, 1.7619, 8.0321, 16.0306, 10.98, 31.7362, 14.1749, 18.5924, 12.6074, 6.9912, 12.7283, 17.5243, 1.6724, 2.547, 5.4434, 12.8827, 31.4853, 10.9965, 6.8896, 20.4764, 8.9073, 15.8898, 15.3943, 18.1992, 10.6462, 18.0539, 12.0947, 12.7449, 11.2897, 17.8941, 3.169, 45.5978, 5.1026]
    ],
    [
      [15.5055, 7.302, 4.8677, 19.2657, 0, 0, 0, 1.8051, 11.4961, 4.2232, 0, 1.5667, 0.4792, 9.3362, 6.5638, 4.4058, 10.1832, 1.1776, 3.4288, 0.5198, 21.9135, 12.6895, 5.419, 17.1114, 6.4668, 28.9078, 6.0174, 7.2103, 20.3184, 14.5645, 6.0224, 4.8265, 7.4901, 8.0497, 22.979, 9.2165, 9.1313, 22.4403, 7.0904, 14.0589, 15.8822, 10.5373, 11.0955, 16.7959, 9.3396, 13.509, 13.2078, 31.2976, 4.1564, 25.5639, 0.4095],
      [0.082, 0.0741, 0.0505, 0.2185, 0, 0, 0, 0.0329, 0.1017, 0.0551, 0, 0.0083, 0.0003, 0.1124, 0.0374, 0.0117, 0.1063, 0.0073, 0.0212, 0.0191, 0.1613, 0.1266, 0.0487, 0.1293, 0.0504, 0.3127, 0.0716, 0.0653, 0.1099, 0.1346, 0.0458, 0.0276, 0.0622, 0.0491, 0.1043, 0.0776, 0.1746, 0.1576, 0.0959, 0.161, 0.0742, 0.0855, 0.0541, 0.0912, 0.0788, 0.1294, 0.0596, 0.1651, 0.0506, 0.4036, 0.0278],
      [0.1875, 0.1504, 0.0206, 0.3134, 0, 0, 0, 0.059, 0.0455, 0.0792, 0, 0.0235, 0.0023, 0.2032, 0.1032, 0.0217, 0.1452, 0.0127, 0.055, 0.0093, 0.2324, 0.2536, 0.0901, 0.2167, 0.0921, 0.3743, 0.0644, 0.0693, 0.1455, 0.2004, 0.1448, 0.0718, 0.1196, 0.1168, 0.26, 0.1958, 0.0466, 0.2672, 0.1205, 0.2815, 0.1936, 0.089, 0.0514, 0.2, 0.1312, 0.2191, 0.1221, 0.5069, 0.0805, 0.3101, 0.0312],
      [3.7145, 2.3128, 0.9816, 6.0881, 0, 0, 0, 1.6567, 3.212, 1.4932, 0, 0.2961, 0.0534, 2.2832, 1.2737, 0.4615, 2, 0.1696, 0.7078, 0.1895, 4.3266, 3.1019, 1.5231, 4.6215, 2.2758, 7.4267, 2.095, 1.2988, 3.8051, 3.6196, 1.5368, 1.019, 1.9792, 2.0655, 5.2342, 2.2111, 4.0419, 5.4038, 3.0893, 4.8431, 3.2592, 2.0309, 2.4794, 3.9929, 2.5107, 3.3671, 3.7445, 8.3468, 1.3308, 4.8892, 0.8688],
      [28.5113, 13.5427, 7.7262, 42.6559, 0, 0, 0, 10.1666, 21.6645, 12.7507, 0, 2.0792, 0.4529, 18.225, 11.6418, 4.9517, 14.851, 1.5668, 6.5831, 2.0642, 36.2216, 25.8126, 13.5391, 35.7996, 16.6191, 59.2486, 18.0155, 13.0732, 31.598, 31.0466, 15.9483, 11.7522, 20.5114, 16.9352, 44.6649, 21.6773, 28.5277, 44.4453, 22.762, 39.449, 27.6754, 16.4407, 20.5708, 31.6325, 21.1107, 27.9627, 24.7926, 63.4607, 11.0861, 41.6232, 6.4789],
      [0.9993, 0.618, 0.3533, 1.4584, 0, 0, 0, 0.2796, 0.4802, 0.3988, 0, 0.0261, 0.0119, 0.84, 0.3801, 0.1476, 0.7143, 0.066, 0.2041, 0.1982, 1.1447, 1.0159, 0.38, 1.1214, 0.4957, 1.73, 0.7361, 0.2831, 1.0232, 1.4344, 0.302, 0.3029, 0.8374, 0.7838, 1.7577, 0.6216, 1.078, 1.2858, 0.8418, 1.2063, 0.9155, 0.8165, 0.7487, 1.2874, 0.8289, 0.8128, 1.0735, 1.2228, 0.2956, 2.21, 0.1837]
    ],
    [
      [0.9969, 0.3041, 0.4929, 0.7567, 2.1632e-16, 0, 0, 0.1194, 1.0087, 0.237, 0.0656, 0.0542, 0.148, 1.2055, 0.2529, 0.304, 0.6122, 0.0628, 0.1763, 0.0174, 1.0107, 0.7294, 0.6552, 1.4354, 0.5628, 0.9029, 0.3461, 0.5671, 1.0255, 0.9072, 0.2581, 0.1728, 0.1715, 0.3215, 1.5053, 0.6245, 0.3008, 1.6418, 0.422, 0.6823, 0.9341, 0.993, 0.8847, 1.0912, 0.8128, 1.0901, 0.6569, 1.7328, 0.109, 1.5166, 0.0359],
      [0.1917, 0.1102, 0.1622, 0.2917, 0.0462, 0.0503, 0.0073, 0.0811, 0.3085, 0.1078, 0.0032, 0.0113, 0.0034, 0.5128, 0.0545, 0.0365, 0.2094, 0.0152, 0.0394, 0.0248, 0.2521, 0.2459, 0.2046, 0.3796, 0.1594, 0.3184, 0.1434, 0.1705, 0.202, 0.2864, 0.0688, 0.036, 0.0509, 0.075, 0.2571, 0.1826, 0.1787, 0.4026, 0.2003, 0.2708, 0.163, 0.2695, 0.1646, 0.2198, 0.2395, 0.3546, 0.1129, 0.3453, 0.0458, 0.7268, 0.087],
      [27.8526, 13.0141, 9.3465, 27.844, 0, 2.1572, 0.6327, 10.2444, 17.4682, 10.85, 0.5657, 2.1716, 2.314, 53.8922, 8.5446, 4.6373, 17.9822, 2.048, 6.6921, 1.1685, 25.1269, 29.7405, 25.1489, 43.0958, 19.7846, 27.2094, 10.5467, 13.4841, 19.7864, 29.1478, 13.9845, 6.341, 6.6237, 10.9089, 40.592, 27.2642, 6.8316, 46.5296, 18.5388, 30.7574, 25.7053, 21.3087, 14.2804, 30.565, 27.2736, 38.4141, 16.0905, 59.7834, 5.0851, 41.536, 7.0898],
      [8.8096, 3.5777, 3.7832, 8.7421, 0.469, 0.384, 0.1781, 4.2228, 10.2723, 3.2012, 0.1874, 0.4155, 0.7356, 11.0141, 1.8952, 1.3106, 4.4644, 0.3867, 1.3923, 0.2775, 7.4211, 6.6778, 6.9205, 14.3453, 7.3893, 8.589, 4.5587, 3.9056, 7.1476, 8.4296, 2.493, 1.4076, 1.7239, 3.0942, 12.7388, 5.6871, 4.8652, 14.6585, 6.8887, 8.8173, 7.1423, 7.1226, 7.3809, 9.5849, 8.1958, 10.1377, 6.7301, 16.9833, 1.3327, 10.837, 2.9408],
      [7.6105, 2.352, 3.3339, 6.9816, 0.4009, 0.4086, 0.1819, 2.8655, 7.923, 3.0545, 0.156, 0.3236, 0.6928, 9.7564, 1.8964, 1.4608, 3.6962, 0.3916, 1.4425, 0.3286, 6.9285, 6.1992, 6.9583, 12.4865, 6.0559, 7.6871, 4.377, 4.3355, 6.6072, 8.0847, 2.8818, 1.7785, 1.9672, 2.8429, 12.1617, 6.2274, 3.9617, 13.5205, 5.7242, 8.0538, 6.7692, 6.4596, 6.8556, 8.5376, 7.7357, 9.4272, 5.1244, 14.5356, 1.237, 10.2488, 2.4438],
      [1.5387, 0.642, 0.8813, 1.3839, 0.0839, 0, 0, 0.4669, 1.0192, 0.5496, 0.0221, 0.0238, 0.1062, 2.6191, 0.3564, 0.2508, 1.0356, 0.0957, 0.2574, 0.1832, 1.2607, 1.4073, 1.1124, 2.2574, 1.0481, 1.2932, 1.0281, 0.5372, 1.2313, 2.1443, 0.3137, 0.2641, 0.4628, 0.7574, 2.7451, 1.0142, 0.862, 2.247, 1.226, 1.4184, 1.2862, 1.8467, 1.4338, 2.0015, 1.7426, 1.5762, 1.2852, 1.6196, 0.1904, 3.1348, 0.4027]
    ],
    [
      [2.1346, 0.6629, 0.4312, 1.1791, 0, 8.4741e-33, 4.1633e-17, 0.1937, 0.7428, 0.2484, 0.1129, 0.0992, 0.3073, 1.3018, 0.5681, 0.3527, 0.8056, 0.2153, 0.5273, 0.0357, 2.393, 1.0686, 1.0592, 2.135, 0.9654, 2.7584, 0.4221, 1.0172, 2.3745, 1.6447, 0.8518, 0.4955, 0.882, 0.706, 2.1153, 0.9787, 0.5914, 2.2495, 0.5624, 1.0095, 1.7264, 1.2105, 1.0593, 1.655, 1.0015, 1.5982, 1.6641, 2.854, 0.2578, 3.557, 0.0823],
      [1.1076, 0.6199, 0.3428, 1.1764, 0.4466, 0.0823, 0.036, 0.3595, 0.5934, 0.2935, 0.0159, 0.0552, 0.0272, 1.3487, 0.331, 0.1199, 0.6927, 0.1369, 0.3138, 0.1337, 1.5622, 0.923, 0.8905, 1.505, 0.7502, 2.5279, 0.4578, 0.7871, 1.24, 1.3563, 0.5984, 0.2732, 0.6871, 0.4434, 0.993, 0.7597, 0.9155, 1.469, 0.6952, 1.0436, 0.8236, 0.8455, 0.5319, 0.9125, 0.7834, 1.3388, 0.7665, 1.5781, 0.2825, 4.2009, 0.5207],
      [0.5534, 0.2703, 0.0635, 0.4032, 0, 0.012, 0.0064, 0.1444, 0.1072, 0.1026, 0.0054, 0.0322, 0.0364, 0.5774, 0.1799, 0.0459, 0.2256, 0.0553, 0.1822, 0.0164, 0.5481, 0.4209, 0.3794, 0.5889, 0.3038, 0.7698, 0.1114, 0.2169, 0.4017, 0.4878, 0.433, 0.1622, 0.307, 0.2198, 0.525, 0.4165, 0.1059, 0.5869, 0.2192, 0.4244, 0.4444, 0.2323, 0.1404, 0.4276, 0.3073, 0.5369, 0.3555, 0.9385, 0.1076, 0.9149, 0.1381],
      [1.4341, 0.659, 0.2459, 1.0536, 0.0951, 0.0206, 0.0227, 0.5668, 0.5871, 0.2426, 0.0235, 0.0561, 0.1107, 0.8651, 0.2912, 0.0976, 0.4418, 0.0871, 0.2924, 0.0365, 1.2692, 0.7086, 0.7596, 1.6129, 1.0018, 1.9371, 0.4014, 0.4507, 1.1853, 1.0911, 0.5723, 0.2703, 0.5996, 0.5006, 1.2936, 0.5822, 0.7628, 1.4672, 0.7054, 0.9568, 0.9475, 0.6374, 0.6441, 1.0881, 0.7297, 1.0741, 1.4492, 2.1146, 0.2295, 1.7618, 0.5402],
      [44.9821, 14.519, 8.0762, 30.1177, 3.7617, 0.8851, 0.935, 12.9663, 16.197, 8.752, 0.7484, 1.6515, 3.9882, 29.2379, 11.7218, 4.6756, 13.5955, 3.7029, 11.8505, 1.856, 45.154, 25.0041, 30.6503, 51.2313, 28.7388, 64.6659, 14.6391, 21.238, 42.0488, 40.2255, 26.0876, 13.9967, 27.8744, 17.1908, 46.9381, 26.4843, 21.59, 50.9347, 20.9805, 32.6284, 34.4181, 21.7313, 22.5532, 35.7319, 26.1013, 37.9825, 36.063, 66.2126, 8.0514, 66.1739, 15.527],
      [7.7882, 3.269, 1.8404, 5.07, 0.6966, 0, 0, 1.7693, 1.7726, 1.3609, 0.094, 0.1058, 0.5301, 6.6691, 1.9081, 0.7082, 3.2388, 0.8026, 1.8338, 0.9218, 7.0736, 4.8748, 4.2609, 7.927, 4.24, 9.3409, 2.9683, 2.2902, 6.7496, 9.1945, 2.457, 1.802, 5.6499, 3.9394, 9.1349, 3.7786, 4.0344, 7.2927, 3.8373, 4.9372, 5.64, 5.3431, 4.0711, 7.1848, 5.0768, 5.4695, 7.7016, 6.3022, 1.0711, 17.3915, 2.1918]
    ]
  ],
  "V_est": [
    [10.8655, 638.6274, 58.6974, 219.6337, 484.9036, 20.2723],
    [315.082, 416.1259, 373.648, 81.2844, 14815.1424, 385.7172],
    [178.4285, 134.145, 364.7321, 9645.4095, 834.4997, 573.7852],
    [505.8446, 4.3247, 6.7302, 129.232, 1039.9152, 35.9533],
    [30.9144, 9.0814, 958.0004, 291.8663, 263.4714, 52.6662],
    [52.865, 40.6957, 15.1919, 36.5741, 1243.0676, 213.6057]
  ],
  "p_est": [
    [0.0076, 0.4457, 0.041, 0.1533, 0.3384, 0.0141],
    [0.0192, 0.0254, 0.0228, 0.005, 0.9041, 0.0235],
    [0.0152, 0.0114, 0.0311, 0.8222, 0.0711, 0.0489],
    [0.2938, 0.0025, 0.0039, 0.075, 0.6039, 0.0209],
    [0.0192, 0.0057, 0.5965, 0.1817, 0.1641, 0.0328],
    [0.033, 0.0254, 0.0095, 0.0228, 0.7759, 0.1333]
  ],
  "EI_Z": {},
  "EI_V": 8.1486,
  "MAE_Z": {},
  "MAE_V": 156.0958,
  "MAE_p": 0.0678,
  "runtime": 0.005
}
