{
  "Z_true": {},
  "V_true": [
    [11, 366, 18, 44, 947, 47],
    [183, 622, 208, 154, 14896, 324],
    [184, 131, 582, 9131, 1250, 453],
    [642, 24, 68, 376, 529, 83],
    [10, 7, 746, 386, 393, 64],
    [64, 93, 155, 313, 666, 311]
  ],
  "p_true": [
    [0.0077, 0.2554, 0.0126, 0.0307, 0.6609, 0.0328],
    [0.0112, 0.038, 0.0127, 0.0094, 0.909, 0.0198],
    [0.0157, 0.0112, 0.0496, 0.7784, 0.1066, 0.0386],
    [0.3728, 0.0139, 0.0395, 0.2184, 0.3072, 0.0482],
    [0.0062, 0.0044, 0.4645, 0.2403, 0.2447, 0.0399],
    [0.04, 0.0581, 0.0968, 0.1954, 0.4157, 0.1941]
  ],
  "Z_est": [
    [
      [0.0229, 0, 0.0098, 0.0045, 0, 2.3692e-17, 0, 0, 0.0046, 0.0009, 0.0031, 0.0023, 0.0902, 0.0135, 0.0166, 0.0338, 0.007, 0.0025, 0.0053, 0, 0.0151, 0.0127, 0.0118, 0.0181, 0.0053, 0.0163, 0.0032, 0.0137, 0.0318, 0.0082, 0.0019, 0.0032, 0.0041, 0.0078, 0.027, 0.009, 0, 0.0167, 0.0014, 0.0041, 0.0221, 0.0173, 0.0147, 0.0163, 0.0068, 0.0143, 0.0041, 0.0263, 0.0014, 0.0345, 0],
      [19.2821, 12.6245, 10.4044, 14.6254, 3.0629, 0.7974, 0, 5.7298, 7.6923, 2.3189, 0.8656, 2.3442, 0.9724, 26.7518, 10.4361, 5.3276, 8.8585, 2.5374, 5.2168, 0, 14.2579, 21.7942, 32.243, 24.3488, 17.3763, 28.7791, 16.8884, 13.0634, 18.2914, 11.8132, 2.5414, 3.0171, 6.1435, 9.0551, 18.3674, 12.1104, 10.3211, 17.9344, 7.2379, 13.6895, 14.2238, 14.7468, 10.1938, 14.3962, 10.3006, 23.2002, 3.7978, 28.8276, 4.7075, 54.7663, 18.3261],
      [1.6078, 0.8652, 0.3072, 0.8246, 2.6043e-50, 0.011, 0, 0.3724, 0.2354, 0.1296, 0.0374, 0.2115, 0.1993, 1.8079, 0.933, 0.3269, 0.4498, 0.1478, 0.4835, 0, 0.8163, 1.6055, 2.222, 1.5773, 1.1675, 1.5048, 0.6996, 0.6129, 1.0061, 0.6892, 0.288, 0.2974, 0.4678, 0.7404, 1.601, 1.0294, 0.2165, 1.163, 0.3714, 0.8991, 1.244, 0.6692, 0.4681, 1.0846, 0.6394, 1.4788, 0.2929, 2.7491, 0.2982, 2.0572, 0.8231],
      [2.7091, 1.4184, 0.8416, 1.4052, 0.0684, 0.0124, 0, 0.8803, 0.8045, 0.205, 0.0997, 0.2541, 0.3836, 1.9067, 0.9997, 0.4577, 0.6342, 0.1791, 0.5704, 0, 1.3649, 1.9075, 3.229, 2.81, 2.4609, 2.5195, 1.6847, 0.896, 2.0074, 1.1019, 0.2969, 0.3657, 0.6621, 1.1177, 2.697, 1.1187, 0.9373, 2.0134, 0.7862, 1.3959, 1.8523, 1.2411, 1.3906, 1.8916, 1.0865, 2.1455, 0.6808, 4.2484, 0.4231, 2.715, 2.2709],
      [27.2912, 10.0488, 8.4009, 13.0995, 0.8687, 0.1792, 0, 7.0014, 7.2488, 2.339, 0.9917, 2.1852, 4.344, 20.4356, 12.5805, 6.8373, 6.0225, 2.1252, 6.705, 0, 14.5053, 20.6049, 38.213, 29.1674, 22.9302, 26.1132, 18.6518, 12.3926, 21.6028, 12.3363, 3.8653, 5.3041, 8.6906, 12.0271, 30.1991, 14.6978, 8.4967, 21.8177, 7.5777, 14.9713, 20.597, 13.2641, 14.8831, 19.5385, 11.9249, 23.1031, 6.2017, 42.0786, 4.5585, 31.2769, 18.5424],
      [0.0868, 0.0431, 0.0361, 0.0407, 0, 0, 0, 0.0161, 0.0144, 0.0065, 0.0024, 0.0028, 0.0104, 0.0845, 0.0341, 0.0166, 0.028, 0.008, 0.019, 0, 0.0405, 0.075, 0.0811, 0.0784, 0.0598, 0.0671, 0.0723, 0.0214, 0.0605, 0.0512, 0.0065, 0.0126, 0.0319, 0.0519, 0.1085, 0.0347, 0.0284, 0.0547, 0.0254, 0.0402, 0.0607, 0.0615, 0.0497, 0.0728, 0.0419, 0.058, 0.0227, 0.0701, 0.0112, 0.1501, 0.0374]
    ],
    [
      [13.3217, 2.4184, 1.4648, 7.0551, 0, 0, 0, 0.4527, 5.1932, 0.2844, 1.1537, 1.7545, 0.943, 5.442, 0.8435, 0.6731, 7.5091, 0.5153, 2.0965, 0, 13.7066, 5.6381, 1.7475, 8.6853, 3.7466, 17.3952, 2.4997, 0, 10.2214, 5.4599, 0, 0, 0, 3.9706, 10.2128, 0, 2.293, 9.746, 3.0484, 4.826, 7.2328, 6.4184, 7.8421, 9.7238, 4.0955, 7.0205, 6.5726, 16.3098, 1.6525, 7.3145, 0.2511],
      [10.7826, 4.5523, 2.268, 14.3194, 2.853, 0.873, 0, 2.5147, 7.7165, 4.245, 0.1198, 1.4466, 0, 17.2812, 1.8735, 1.052, 11.6168, 1.1775, 4.0753, 1.6961, 17.1448, 12.6948, 5.3646, 10.9777, 5.0796, 30.6703, 6.4366, 5.9707, 10.0179, 14.8773, 6.9485, 1.0119, 6.7366, 4.2524, 10.6644, 2.9863, 9.7245, 14.0684, 8.2255, 11.3786, 7.8869, 8.8598, 5.94, 8.5648, 7.8346, 14.7066, 5.3761, 14.7142, 5.0462, 55.0484, 3.7493],
      [12.6199, 4.4828, 0.4289, 10.3411, 0, 0.3183, 0.0564, 1.6899, 0.358, 2.9639, 0.1103, 2.6254, 0.3403, 18.9287, 2.4314, 0.7899, 8.6648, 1.0801, 6.1863, 0.4086, 11.4626, 14.6637, 4.815, 8.5518, 4.1786, 18.533, 2.0674, 4.9641, 5.4459, 10.2166, 13.4049, 5.578, 8.0984, 5.0834, 12.0773, 10.6088, 0.3363, 10.4285, 3.9875, 9.8215, 10.1461, 3.8931, 0.6945, 8.3894, 5.5218, 12.752, 4.1749, 22.3425, 4.3207, 21.5102, 1.6585],
      [4.5932, 5.0969, 0.1761, 8.2755, 0, 0, 0, 3.3078, 6.5557, 0, 0.0956, 1.2746, 0, 0, 0, 0, 2.6622, 0, 0, 0, 0, 0, 0, 1.147, 4.2911, 0.5223, 0, 0, 0, 0, 0, 0, 0, 0, 0, 0, 6.5526, 0, 5.791, 0, 0, 0, 0, 1.9957, 0, 0, 10.6337, 7.5708, 0, 0, 3.4054],
      [552.7638, 112.5125, 56.2493, 405.1138, 21.9504, 15.8087, 23.9436, 92.6799, 235.2752, 144.0958, 13.3311, 53.4698, 23.3882, 398.1207, 77.5162, 51.669, 237.5454, 37.3825, 193.3246, 41.4586, 565.0548, 376.5376, 210.9867, 436.3951, 240.8066, 851.4705, 231.5555, 318.7832, 407.3266, 504.4503, 387.1056, 279.7338, 418.9457, 206.2395, 649.7275, 309.0143, 238.1233, 572.0256, 281.0373, 403.338, 419.1819, 250.7874, 321.9482, 418.6576, 304.9874, 460.3619, 311.7621, 780.9919, 160.5804, 812.2828, 122.1032],
      [10.9189, 2.937, 1.4128, 7.8951, 0.1966, 1.1536e-48, 0, 1.355, 2.9013, 2.4109, 0.1895, 0.429, 0.3285, 10.2275, 1.3354, 0.816, 7.0017, 0.8446, 3.3173, 2.4368, 9.6311, 8.4659, 3.0862, 7.2431, 3.8974, 13.4088, 5.4407, 3.282, 6.9881, 12.996, 3.541, 3.6763, 9.2193, 5.454, 14.3179, 4.3907, 4.9704, 8.7315, 5.9104, 6.6359, 7.5522, 7.0414, 6.5752, 9.6685, 6.5608, 7.159, 7.4805, 8.0708, 2.4003, 23.8441, 1.8325]
    ],
    [
      [3.8389, 0, 0.9597, 1.7035, 1.3447e-31, 0, 7.9797e-17, 0, 1.6584, 2.2889, 0.4886, 0.1687, 0.5895, 7.0321, 2.6846, 3.5311, 1.0639, 0.6763, 2.6744, 0.3261, 3.4689, 4.2921, 3.1721, 4.6894, 1.3789, 3.0161, 1.484, 10.0518, 4.9333, 6.3143, 6.0722, 5.3024, 6.6343, 1.4463, 9.6582, 7.1668, 0.2941, 6.4613, 0.5012, 1.9903, 6.8198, 3.622, 1.8435, 2.4801, 2.7839, 4.4816, 1.2271, 4.4015, 1.0154, 20.6048, 0.0316],
      [2.7399, 1.1613, 1.8851, 4.686, 1.5793, 1.2029, 0.954, 0.3363, 2.8024, 2.0721, 0, 0.1483, 0, 8.3849, 1.3253, 0.486, 1.7434, 0.1445, 0.3751, 1.172, 1.8855, 3.4584, 2.3507, 5.9405, 1.6933, 5.7576, 2.1296, 8.0548, 2.3337, 2.8158, 0.847, 3.671, 2.4016, 1.2207, 2.8631, 7.021, 1.8719, 4.2802, 1.7165, 3.6951, 1.9872, 3.4278, 1.2527, 2.0314, 1.9527, 3.531, 1.0108, 3.6535, 0.925, 16.6653, 1.3135],
      [11.4309, 5.3774, 0.3403, 10.08, 0, 0.2872, 0.1804, 2.7056, 0.455, 4.3037, 0.151, 0.6791, 0.693, 24.7205, 6.5098, 1.4431, 3.4118, 0.3726, 1.4484, 0.215, 4.0259, 10.6614, 6.6866, 15.0823, 6.0047, 10.551, 2.4814, 4.4214, 4.663, 6.0594, 1.903, 1.5655, 2.0327, 5.1437, 11.77, 9.1995, 0.8098, 10.3351, 2.9642, 9.5057, 8.4373, 4.5524, 1.625, 6.8894, 4.5178, 8.6107, 3.0458, 19.2432, 2.2942, 16.973, 1.8007],
      [418.0232, 144.5525, 91.1725, 361.171, 12.2848, 8.675, 9.8351, 185.9011, 244.1292, 149.425, 16.6491, 16.9357, 38.8653, 413.7246, 134.5709, 58.2331, 96.6526, 10.2824, 35.4935, 7.6581, 148.4976, 238.5282, 216.2791, 631.6144, 315.912, 389.5432, 175.1844, 147.7976, 231.5984, 212.9574, 36.9251, 35.5929, 56.9388, 164.8119, 453.2513, 186.6709, 123.2181, 417.9252, 157.4528, 310.1486, 265.6955, 219.4353, 172.5868, 272.1357, 178.2489, 257.7002, 186.2835, 592.7965, 69.5797, 482.0677, 119.6069],
      [24.7034, 0, 6.0769, 15.0707, 0.5632, 0.8348, 1.0305, 0, 10.2715, 13.448, 1.0644, 0.7458, 3.117, 24.0217, 12.939, 7.6409, 4.8734, 0.7728, 2.8368, 0.8119, 10.2996, 15.6999, 18.0314, 41.6144, 14.2389, 25.6466, 13.827, 17.6139, 17.1551, 16.497, 3.6006, 4.2414, 5.6153, 11.4386, 36.5962, 20.0366, 6.1343, 31.7916, 8.4915, 21.8335, 20.6989, 15.6939, 12.9954, 17.5088, 13.54, 18.0481, 7.6684, 33.1814, 4.9031, 36.0123, 4.4398],
      [23.2637, 7.9088, 6.5655, 18.2887, 0.5727, 0, 0, 6.057, 7.6834, 8.4622, 0.647, 0.3224, 1.7351, 32.1162, 7.9704, 3.6659, 7.2549, 0.7514, 2.1719, 1.8169, 7.8226, 16.36, 10.4801, 31.059, 13.7721, 18.4855, 12.8936, 7.0606, 12.3166, 17.3559, 1.652, 2.6268, 5.3773, 12.9389, 31.8613, 10.9052, 6.6718, 20.2066, 8.8738, 15.8268, 15.3614, 18.2686, 10.6966, 17.9546, 11.9567, 12.6285, 10.7645, 17.7239, 3.2826, 45.677, 4.8075]
    ],
    [
      [16.7492, 7.797, 5.1451, 20.7438, 0, 0, 0, 1.9554, 12.3818, 4.5993, 0, 1.7641, 0.5028, 10.3156, 6.8996, 4.6659, 11.0246, 1.2456, 3.7459, 0.5788, 23.2051, 13.8453, 5.8464, 18.1957, 6.9771, 31.0067, 6.6567, 7.8207, 21.3197, 15.5485, 6.4854, 5.2599, 8.0463, 8.6342, 24.7127, 9.8663, 9.7061, 23.8754, 7.698, 15.1045, 16.9576, 11.2715, 11.9365, 17.9207, 10.0006, 14.5843, 13.7853, 33.5995, 4.578, 27.4807, 0.4647],
      [0.0112, 0.012, 0.0188, 0.0522, 0, 0, 0, 0.0047, 0.0233, 0.0132, 0, 0.0011, 0, 0.0289, 0.0059, 0, 0.0295, 0.0015, 0.0038, 0.0045, 0.0364, 0.0312, 0.0105, 0.0258, 0.007, 0.0834, 0.0168, 0.0182, 0.0178, 0.0311, 0.0094, 0.005, 0.0123, 0.0053, 0.0103, 0.0172, 0.0563, 0.0316, 0.0213, 0.0375, 0.0081, 0.0222, 0.0061, 0.01, 0.0164, 0.032, 0.0064, 0.0131, 0.0121, 0.1468, 0.0065],
      [0.0622, 0.0685, 0, 0.1106, 0, 0, 0, 0.0159, 0, 0.0253, 0, 0.0096, 0.0006, 0.0845, 0.049, 0.0035, 0.0589, 0.0045, 0.0196, 0.0022, 0.0676, 0.1108, 0.0303, 0.0643, 0.0258, 0.123, 0.0096, 0.0195, 0.0237, 0.0599, 0.0517, 0.0227, 0.0386, 0.0423, 0.0752, 0.0836, 0, 0.0704, 0.0251, 0.0993, 0.0674, 0.0191, 0, 0.0575, 0.0344, 0.0785, 0.0195, 0.1949, 0.0296, 0.108, 0.0093],
      [1.6999, 1.1794, 0.4635, 2.8994, 0, 0, 0, 0.7972, 1.5342, 0.6531, 0, 0.1379, 0.0235, 1.0168, 0.549, 0.1778, 0.9423, 0.0787, 0.3274, 0.0837, 2.0244, 1.4172, 0.7135, 2.0911, 1.0666, 3.4327, 0.9728, 0.5519, 1.7469, 1.6447, 0.7097, 0.4529, 0.9069, 0.9447, 2.3465, 0.9476, 2.0196, 2.4411, 1.4765, 2.2164, 1.463, 0.9165, 1.1321, 1.855, 1.1495, 1.5479, 1.8148, 3.8994, 0.61, 2.1758, 0.4289],
      [29.6867, 14.4517, 8.0936, 45.013, 0, 0, 0, 11.0066, 22.6742, 13.3887, 0, 2.0649, 0.4643, 18.8854, 12.2, 5.0363, 15.3575, 1.6191, 6.7385, 2.1679, 37.762, 26.7673, 14.1013, 37.7522, 17.5349, 61.9702, 18.7356, 13.3654, 33.0962, 32.5815, 16.5038, 12.0112, 21.327, 17.7473, 46.4497, 22.5958, 30.3548, 46.5703, 24.098, 41.5767, 28.7794, 17.1257, 21.3241, 33.1338, 22.1433, 29.1101, 26.5502, 66.3191, 11.524, 43.3401, 6.9409],
      [0.7909, 0.4915, 0.279, 1.1809, 0, 0, 0, 0.2202, 0.3865, 0.3203, 0, 0.0223, 0.0088, 0.6688, 0.2965, 0.1165, 0.5871, 0.0506, 0.1649, 0.1629, 0.9045, 0.8281, 0.2979, 0.8709, 0.3887, 1.384, 0.6085, 0.2242, 0.7957, 1.1342, 0.24, 0.2483, 0.669, 0.6263, 1.4056, 0.4895, 0.8632, 1.0112, 0.6812, 0.9657, 0.7244, 0.645, 0.6013, 1.023, 0.656, 0.6473, 0.8238, 0.9741, 0.2462, 1.7486, 0.1497]
    ],
    [
      [0.8059, 0.2323, 0.405, 0.6021, 0, 0, 0, 0.0945, 0.8675, 0.192, 0.0533, 0.0432, 0.1167, 1, 0.1905, 0.2451, 0.5036, 0.048, 0.1419, 0.0139, 0.8146, 0.5882, 0.524, 1.1539, 0.4543, 0.7155, 0.2884, 0.4673, 0.8214, 0.7366, 0.2058, 0.1392, 0.1349, 0.2527, 1.232, 0.4991, 0.25, 1.3374, 0.3463, 0.5445, 0.7512, 0.821, 0.7533, 0.8867, 0.6674, 0.8891, 0.5252, 1.3891, 0.0859, 1.2146, 0.0289],
      [0.0812, 0.046, 0.0852, 0.1324, 0.0274, 0.0285, 0.0029, 0.0339, 0.1491, 0.0492, 0.001, 0.0043, 0.0004, 0.2475, 0.0231, 0.0153, 0.0983, 0.0065, 0.0166, 0.0108, 0.1148, 0.1114, 0.0927, 0.1705, 0.0672, 0.1437, 0.0662, 0.0796, 0.091, 0.1315, 0.0297, 0.0154, 0.022, 0.0315, 0.1093, 0.0825, 0.0876, 0.1832, 0.0926, 0.1236, 0.0689, 0.128, 0.0749, 0.0941, 0.1097, 0.1653, 0.0503, 0.142, 0.0199, 0.3569, 0.0394],
      [31.7485, 14.5152, 10.7454, 31.5397, 0, 2.3459, 0.7405, 11.7933, 20.6388, 12.2888, 0.6874, 2.3842, 2.6627, 59.0278, 9.5753, 5.3082, 19.8611, 2.2519, 7.3688, 1.3332, 28.1555, 32.8628, 28.1833, 49.0825, 22.7482, 31.0946, 12.4182, 15.3528, 22.729, 32.6944, 15.1524, 7.0701, 7.4935, 12.39, 46.0509, 29.9701, 8.3148, 52.3991, 21.0508, 34.505, 28.8995, 24.256, 16.8083, 34.4447, 30.4768, 42.651, 18.5006, 66.8597, 5.746, 46.945, 8.2731],
      [6.2759, 2.5994, 2.8758, 6.2777, 0.4299, 0.2626, 0.1112, 3.0614, 7.8489, 2.2444, 0.1178, 0.2857, 0.5175, 7.7528, 1.2957, 0.9285, 3.295, 0.2787, 1.0055, 0.1925, 5.5493, 4.7738, 5.1096, 10.2816, 5.3618, 6.1507, 3.358, 2.7836, 5.2822, 6.1812, 1.8187, 1.0052, 1.2397, 2.1817, 9.2074, 4.0257, 3.7873, 10.7265, 5.1392, 6.3495, 5.1282, 5.2255, 5.6211, 7.0485, 6.0805, 7.441, 5.0168, 12.2775, 0.9264, 7.7052, 2.1707],
      [6.7164, 2.0483, 3.0751, 6.194, 0.4559, 0.363, 0.1454, 2.6054, 7.5067, 2.7275, 0.1224, 0.2605, 0.6126, 8.6111, 1.6152, 1.2768, 3.2713, 0.3342, 1.2355, 0.2848, 6.2239, 5.3843, 6.1104, 11.3124, 5.4378, 6.7405, 3.9011, 3.8282, 5.9771, 7.3163, 2.5135, 1.5279, 1.7013, 2.4765, 10.8912, 5.5216, 3.7436, 12.3132, 5.2316, 7.1967, 5.9996, 5.8792, 6.3712, 7.7058, 7.0702, 8.4204, 4.7692, 12.873, 1.0494, 9.0018, 2.1313],
      [1.3721, 0.5589, 0.8135, 1.2541, 0.0868, 0, 0, 0.4114, 0.989, 0.4981, 0.0181, 0.0221, 0.09, 2.3608, 0.3003, 0.226, 0.9707, 0.0807, 0.2316, 0.1648, 1.142, 1.2794, 0.9799, 1.999, 0.9307, 1.155, 0.9681, 0.4886, 1.0993, 1.94, 0.2799, 0.2422, 0.4086, 0.6675, 2.5092, 0.9009, 0.8167, 2.0406, 1.1394, 1.2806, 1.1526, 1.6903, 1.3713, 1.8202, 1.5954, 1.4332, 1.1378, 1.4587, 0.1724, 2.7764, 0.3565]
    ],
    [
      [5.2615, 1.5523, 1.0155, 2.8908, 8.547e-33, 0, 5.8981e-17, 0.4974, 1.8944, 0.6344, 0.3013, 0.2671, 0.7577, 3.1969, 1.3651, 0.8509, 1.8918, 0.5124, 1.336, 0.0812, 5.7897, 2.6235, 2.6982, 5.2576, 2.4378, 6.8502, 1.0679, 2.6465, 5.6723, 3.9326, 2.2346, 1.2953, 2.1804, 1.6884, 5.1573, 2.4588, 1.4569, 5.563, 1.4047, 2.5307, 4.2165, 2.8499, 2.6099, 3.9723, 2.4458, 4.0102, 3.8857, 7.2737, 0.6669, 8.3509, 0.2237],
      [1.103, 0.6038, 0.3385, 1.1846, 0.4774, 0.0982, 0.0431, 0.3805, 0.6164, 0.3016, 0.0135, 0.0555, 0.0272, 1.3056, 0.3362, 0.1191, 0.6535, 0.1325, 0.3125, 0.1166, 1.5606, 0.91, 0.9384, 1.5367, 0.7766, 2.566, 0.4624, 0.8134, 1.2482, 1.3311, 0.624, 0.2796, 0.684, 0.435, 0.9855, 0.7825, 0.9385, 1.5023, 0.7062, 1.0757, 0.8249, 0.8155, 0.5325, 0.9035, 0.7861, 1.365, 0.7587, 1.6497, 0.2892, 4.0162, 0.5651],
      [1.5306, 0.691, 0.1782, 1.1039, 0, 0.0376, 0.0227, 0.4229, 0.3128, 0.2887, 0.0139, 0.0901, 0.104, 1.4307, 0.5015, 0.1284, 0.5536, 0.1432, 0.4934, 0.041, 1.4721, 1.0957, 1.0627, 1.6417, 0.8752, 2.1936, 0.3238, 0.6293, 1.1323, 1.2805, 1.1999, 0.4663, 0.869, 0.6003, 1.4257, 1.1086, 0.3227, 1.6038, 0.601, 1.1693, 1.2057, 0.6102, 0.4041, 1.1344, 0.8099, 1.429, 0.9663, 2.6107, 0.3112, 2.4065, 0.4352],
      [2.6988, 1.1534, 0.4705, 1.9712, 0.217, 0.05, 0.0537, 1.0521, 1.1275, 0.4724, 0.0378, 0.112, 0.2101, 1.5991, 0.5848, 0.2028, 0.8137, 0.181, 0.6032, 0.0658, 2.5639, 1.3732, 1.6688, 3.0559, 1.9076, 3.8316, 0.8001, 0.9709, 2.3652, 2.1148, 1.2498, 0.5834, 1.2525, 0.944, 2.4978, 1.2371, 1.4852, 2.8939, 1.3544, 1.8896, 1.861, 1.1817, 1.2695, 2.0735, 1.4346, 2.1654, 2.5705, 4.2075, 0.4608, 3.3364, 1.1172],
      [34.8385, 10.9387, 6.1041, 23.5089, 3.1618, 0.8143, 0.8806, 10.7067, 13.0236, 7.001, 0.4904, 1.2738, 3.0738, 21.9254, 9.149, 3.5397, 9.9299, 2.7662, 9.1596, 1.2768, 35.1544, 19.006, 24.5572, 40.7585, 23.0516, 51.0591, 11.329, 17.0167, 32.8422, 30.8186, 21.4111, 11.1816, 21.7202, 13.071, 36.1363, 21.1339, 17.1473, 40.4815, 16.5639, 26.0838, 26.7432, 16.2497, 17.478, 27.4555, 20.3343, 29.9564, 28.0483, 53.556, 6.3846, 49.0861, 12.8424],
      [12.5676, 5.0608, 2.8932, 8.3406, 1.1439, 0, 0, 2.9403, 3.0254, 2.3019, 0.143, 0.2014, 0.8272, 10.5422, 3.0633, 1.1591, 5.1575, 1.2647, 3.0953, 1.4187, 11.4593, 7.9915, 7.0748, 12.7495, 6.9512, 15.4996, 5.0169, 3.9232, 10.7398, 14.5226, 4.2806, 3.1938, 9.2939, 6.2613, 14.7975, 6.2791, 6.6495, 11.9554, 6.3699, 8.2508, 9.1487, 8.2932, 6.706, 11.4609, 8.1893, 9.074, 11.7706, 10.7024, 1.8872, 26.8038, 3.8164]
    ]
  ],
  "V_est": [
    [0.5865, 636.6082, 39.7302, 65.1485, 688.8385, 2.088],
    [228.7517, 423.4217, 334.5521, 73.9471, 15039.9014, 286.4259],
    [167.3241, 136.9578, 278.6606, 9921.219, 655.9163, 570.9221],
    [542.5047, 0.9749, 2.1767, 59.6799, 1088.0403, 28.6236],
    [25.0741, 4.1552, 1080.3956, 212.6108, 236.0826, 47.6817],
    [129.7589, 40.8822, 41.4847, 71.3946, 972.2209, 346.2587]
  ],
  "p_est": [
    [0.0004, 0.4442, 0.0277, 0.0455, 0.4807, 0.0015],
    [0.014, 0.0258, 0.0204, 0.0045, 0.9178, 0.0175],
    [0.0143, 0.0117, 0.0238, 0.8457, 0.0559, 0.0487],
    [0.315, 0.0006, 0.0013, 0.0347, 0.6318, 0.0166],
    [0.0156, 0.0026, 0.6727, 0.1324, 0.147, 0.0297],
    [0.081, 0.0255, 0.0259, 0.0446, 0.6069, 0.2161]
  ],
  "EI_Z": {},
  "EI_V": 8.2931,
  "MAE_Z": {},
  "MAE_V": 158.8633,
  "MAE_p": 0.0618,
  "runtime": 0.004
}
