{
  "Z_true": {},
  "V_true": [
    [622, 24, 392, 172, 13],
    [39, 1260, 138, 1840, 21],
    [51, 434, 107, 11040, 137],
    [340, 400, 10510, 1553, 172],
    [181, 272, 481, 1298, 133],
    [36, 189, 349, 631, 182]
  ],
  "p_true": [
    [0.5086, 0.0196, 0.3205, 0.1406, 0.0106],
    [0.0118, 0.382, 0.0418, 0.5579, 0.0064],
    [0.0043, 0.0369, 0.0091, 0.9381, 0.0116],
    [0.0262, 0.0308, 0.81, 0.1197, 0.0133],
    [0.0765, 0.115, 0.2034, 0.5488, 0.0562],
    [0.026, 0.1363, 0.2516, 0.4549, 0.1312]
  ],
  "Z_est": [
    [
      [2.8325, 20.8177, 0.7866, 13.4668, 0, 32.9918, 24.9965, 31.3475, 14.2863, 26.7969, 13.989, 0.8436, 1.5563, 0.515, 19.6931, 33.2041, 1.4221, 0, 0.7046, 14.8235, 0.4137, 16.54, 27.541, 21.8069, 2.459, 19.4074, 8.3807, 21.7562, 16.0147, 26.7475, 6.5222, 2.8683, 23.7989, 5.9309, 8.4338, 10.9689, 0, 184.7642, 18.8601, 43.0096, 2.9008],
      [0.0004, 0.006, 0.002, 0.0062, 0, 0.0092, 0.0052, 0.0098, 0.0025, 0.0051, 0.0072, 0.0289, 0.0014, 0.0037, 0.0115, 0.0163, 0.002, 0, 0.011, 0.0077, 0.0001, 0.0057, 0.0037, 0.003, 0.0001, 0.001, 0.0021, 0.009, 0.0071, 0.0053, 0.0004, 0.0001, 0.0074, 0.0008, 0.0162, 0.0292, 0, 0.0165, 0.0011, 0.0098, 0.0002],
      [0.6789, 4.7348, 1.3831, 6.0957, 0, 7.3547, 11.3773, 19.4013, 5.6199, 8.2756, 7.1571, 1.006, 0.3518, 0.3415, 10.6694, 12.4507, 0.2928, 0, 0.8686, 8.2651, 0.2921, 6.7607, 9.3632, 13.8652, 0.1808, 6.9482, 4.0273, 8.1279, 8.7295, 7.6295, 2.0512, 0.7004, 10.9264, 4.5689, 3.4331, 7.5501, 0, 84.1636, 6.1007, 18.8407, 0.7268],
      [0.3951, 2.0628, 0.7294, 4.5701, 0, 3.0524, 5.7038, 8.4281, 3.3166, 5.1425, 4.367, 1.0297, 0.0905, 0.1398, 3.9004, 5.3578, 0.6242, 0, 0.4158, 4.0215, 0.2501, 4.2249, 5.2794, 5.4594, 0.2935, 2.8925, 2.9311, 5.0978, 5.6424, 4.2658, 1.0225, 0.3461, 5.7538, 1.3807, 1.9557, 3.1493, 0, 36.3963, 3.3969, 9.2404, 0.274],
      [0.0931, 0.3786, 0.0989, 0.8612, 0, 0.5919, 0.9171, 2.8134, 0.7747, 0.7799, 0.4796, 0.0918, 0, 0, 0.7256, 0.9711, 0.6588, 0, 0, 0.8822, 0.0439, 1.4687, 0.8128, 0.8654, 0.0666, 0.7508, 0.6588, 1.0091, 1.6062, 1.3519, 0.4037, 0.0852, 1.5136, 0.1187, 0.1612, 0.3025, 0, 9.6593, 0.6413, 1.8996, 0.0982]
    ],
    [
      [0.0736, 0.7261, 0.0044, 0.3266, 0.0011, 0.4069, 0.1772, 0.5322, 0.2882, 0.4769, 0.1525, 0.0021, 0.0521, 0.0125, 0.3511, 0.9093, 0.0032, 0.0042, 0.0029, 0.1509, 0.0071, 0.1015, 0.3407, 0.1239, 0.0185, 0.7282, 0.2708, 0.588, 0.2, 0.5261, 0.2032, 0.1299, 0.3905, 0.2449, 0.4244, 0.44, 0, 2.9815, 0.8896, 1.2436, 0.6177],
      [5.4497, 55.5406, 6.6176, 63.7657, 0.986, 29.8002, 25.1628, 74.2302, 24.3043, 41.4058, 26.8377, 3.8195, 2.4914, 4.5632, 66.9616, 105.9192, 2.8939, 0.9756, 1.1116, 29.1548, 3.2822, 18.9349, 24.9962, 23.3182, 0.8671, 88.3523, 48.6903, 66.6471, 35.971, 49.3553, 24.7935, 9.3775, 54.1908, 60.6141, 76.4607, 105.4365, 5.2909, 295.2744, 96.9074, 229.6122, 59.7736],
      [1.9693, 18.831, 2.7575, 15.0754, 0.0064, 9.6666, 8.1113, 33.4836, 11.3778, 14.651, 8.265, 1.1017, 1.7114, 0.8426, 18.5265, 33.6952, 0.2323, 0.017, 0.5876, 8.2571, 0.5994, 4.1525, 11.5304, 8.567, 0.2278, 28.0683, 13.6118, 21.675, 10.9708, 15.2162, 6.7433, 3.626, 17.4073, 27.0372, 19.4916, 37.8428, 2.4976, 134.2018, 28.8112, 53.6458, 16.8939],
      [2.5035, 16.8975, 2.617, 23.8238, 0.0066, 8.1238, 8.5487, 30.7528, 14.0214, 18.4663, 8.7449, 2.0725, 0.7452, 0.5817, 14.159, 30.4758, 0.8706, 0.0032, 0.2978, 8.4321, 1.1101, 4.8111, 13.1327, 7.9909, 0.8826, 27.8385, 21.4109, 28.0741, 13.8582, 17.9025, 8.2597, 4.8604, 19.0064, 18.1038, 23.6232, 33.2807, 3.1811, 125.516, 35.3886, 56.4796, 23.6829],
      [0.0038, 0.0048, 0.0034, 0.0086, 0, 0.0025, 0, 0.0013, 0.0082, 0, 0, 0.0043, 0, 0, 0.0018, 0.0006, 0, 0, 0, 0.005, 0.0012, 0, 0, 0, 0.0039, 0.0127, 0.0162, 0.0159, 0, 0, 0.0002, 0.0061, 0.005, 0.0001, 0, 0, 0.0304, 0.0264, 0.0032, 0.0188, 0.0319]
    ],
    [
      [1.2398, 5.911, 0.0893, 4.7243, 0.6078, 5.8923, 3.572, 4.0901, 3.5343, 9.0401, 2.5726, 0.0169, 0.736, 0.2124, 4.3912, 5.8026, 0.3188, 0.4898, 0.103, 2.1617, 0.1001, 2.7337, 6.4269, 2.3119, 0.1607, 6.3215, 2.3619, 5.2195, 3.8734, 7.7484, 2.9671, 1.4425, 6.0745, 2.4258, 1.6406, 2.1465, 0, 33.84, 7.3813, 14.3013, 1.4852],
      [0.5291, 2.6723, 0.567, 5.8709, 1.3012, 2.6176, 2.9136, 3.3768, 1.5757, 4.6289, 2.6166, 0.182, 0.1697, 0.3067, 5.0151, 4.1462, 0.3342, 0.6351, 0.1685, 2.4697, 0.4183, 2.7209, 2.5486, 2.5136, 0.0315, 4.6729, 2.7188, 3.604, 4.3952, 4.3857, 2.1146, 0.5798, 5.0482, 1.9923, 1.4122, 2.1545, 0.3014, 19.8579, 4.9235, 15.5333, 1.2718],
      [0.684, 3.3199, 0.9827, 4.839, 1.6085, 3.621, 3.6147, 6.3867, 2.8138, 6.1872, 3.4691, 0.9439, 0.4198, 0.1448, 5.9556, 5.4562, 0.0603, 0.1713, 0.6067, 2.8882, 0.4432, 2.5271, 4.7925, 3.4342, 0.019, 5.4664, 2.7922, 4.0516, 5.0788, 4.5754, 1.9183, 0.8035, 6.0598, 3.4141, 1.9631, 3.8656, 0.2686, 31.5371, 5.0199, 13.3939, 1.6566],
      [59.7751, 198.9265, 66.1694, 515.7155, 28.4825, 177.0133, 266.1625, 341.3009, 247.5888, 532.7765, 220.2214, 18.4522, 13.6746, 13.3361, 261.1793, 284.5739, 29.1979, 1.7038, 12.1218, 183.5756, 40.7663, 217.8439, 375.0763, 223.203, 14.0477, 354.8695, 277.3005, 363.8386, 441.2319, 392.7723, 174.0016, 76.3023, 450.9887, 143.9227, 98.7559, 159.2829, 15.6928, 2080.4987, 438.7769, 949.7743, 103.3919],
      [2.7721, 7.1703, 2.1916, 18.8502, 0, 6.8557, 7.7372, 21.8455, 11.4874, 15.3673, 5.1202, 0.405, 0, 0, 9.4589, 10.0212, 4.0888, 0, 0, 7.9049, 1.272, 14.1745, 11.1558, 5.5372, 0.741, 14.6696, 11.8266, 14.2863, 24.4207, 23.5183, 10.9984, 2.872, 22.8288, 1.245, 1.2282, 2.5505, 2.7372, 103.2662, 14.8984, 36.9972, 3.1945]
    ],
    [
      [1.3214, 6.4376, 0.0685, 3.9594, 0.2984, 8.994, 5.0872, 9.9086, 4.3046, 9.9296, 4.4165, 0.0418, 0.4767, 0.1645, 7.35, 12.2016, 0.1545, 0.3511, 0.0621, 4.2206, 0.2897, 3.8671, 7.2429, 3.0287, 0.2044, 12.584, 3.3915, 5.9664, 4.1484, 9.9025, 3.3977, 1.7929, 9.8176, 2.6599, 3.7785, 3.5883, 0, 42.5061, 7.5613, 14.6427, 2.5901],
      [1.1058, 5.6448, 1.013, 9.2461, 3.6013, 8.1941, 8.23, 16.369, 4.1857, 10.2135, 8.8995, 0.85, 0.2694, 0.8087, 16.6684, 17.2034, 0.5099, 0.9809, 0.425, 9.6159, 1.7094, 7.701, 6.1088, 6.5, 0.0552, 18.4881, 7.3646, 8.1969, 8.9671, 11.0973, 4.8674, 1.4765, 16.2636, 7.605, 6.951, 8.4544, 0.2045, 50.6087, 9.9663, 32.472, 3.5742],
      [36.2849, 164.6856, 38.6045, 186.7232, 17.6716, 231.1775, 241.0894, 633.5627, 173.9213, 314.6339, 246.3984, 18.7914, 16.8272, 16.532, 399.0403, 463.6204, 4.8606, 3.4673, 25.6361, 245.3395, 32.6817, 163.6502, 252.7545, 212.8158, 2.2368, 497.7381, 174.1354, 226.719, 238.8653, 294.2929, 115.2112, 51.4113, 459.0355, 286.5857, 160.3843, 269.2726, 23.1268, 1964.0335, 253.4606, 650.5013, 82.5985],
      [10.9481, 35.5145, 8.117, 67.6341, 5.4286, 46.6045, 63.6777, 137.807, 50.2001, 97.8024, 62.7607, 9.1603, 1.4267, 2.4947, 72.508, 99.085, 4.1593, 0.2006, 2.8768, 59.2507, 14.9655, 52.1364, 70.8191, 49.1923, 1.4547, 116.3782, 64.4942, 69.538, 75.7772, 83.1419, 33.4217, 15.9229, 121.4606, 45.0376, 45.7335, 56.4528, 7.3762, 435.9573, 74.6102, 160.8399, 31.6838],
      [0.3398, 0.7176, 0.1971, 1.4372, 0, 1.0299, 0.9158, 4.3527, 1.3883, 1.4205, 0.5249, 0.1565, 0, 0, 1.4334, 1.8895, 0.3158, 0, 0, 1.5733, 0.3537, 1.6453, 1.0747, 0.4631, 0.0489, 2.8116, 1.6144, 1.5796, 2.2419, 2.5653, 1.102, 0.3964, 3.4228, 0.1118, 0.1527, 0.232, 0.2925, 11.8944, 1.4015, 3.5439, 0.5533]
    ],
    [
      [1.2934, 3.573, 0.0332, 2.6073, 0.0564, 4.2827, 1.5484, 3.1282, 1.9662, 3.4344, 1.5941, 0.0904, 0.0998, 0.053, 5.0238, 6.6899, 0.0836, 0.1549, 0.0339, 1.249, 0.1606, 1.2945, 2.3174, 1.3079, 0.1087, 4.5456, 1.7895, 4.1998, 1.7295, 4.2686, 1.2035, 0.3809, 3.1841, 1.3263, 1.4181, 1.2802, 0, 24.0283, 3.9476, 6.9124, 0.8496],
      [0.6943, 1.783, 0.3755, 3.7717, 0.5587, 2.157, 1.5805, 3.2207, 1.2377, 2.2309, 1.9987, 1.078, 0.0296, 0.1474, 7.2953, 5.8629, 0.1866, 0.4084, 0.0572, 1.768, 0.4491, 1.6167, 1.2664, 1.6967, 0.026, 4.1888, 2.3466, 3.6111, 2.2684, 2.9534, 1.0961, 0.2072, 3.3088, 1.7954, 1.5764, 1.6032, 0.1593, 18.0921, 3.2303, 9.7068, 0.6222],
      [7.1811, 17.496, 3.9243, 25.2035, 0.6405, 20.5394, 15.1044, 40.4431, 16.6731, 22.3479, 18.5476, 5.1489, 0.5899, 0.966, 54.9998, 51.8143, 0.5432, 0.3443, 1.1719, 14.7595, 2.9129, 11.4374, 16.562, 18.6301, 0.3185, 37.3402, 18.6164, 33.2179, 19.9848, 25.9726, 8.4601, 2.1561, 30.7949, 23.4806, 12.5209, 18.3259, 2.0818, 230.4995, 27.5037, 63.8434, 5.6561],
      [10.4047, 19.5742, 4.5479, 48.9628, 0.7444, 21.3484, 20.2684, 45.7904, 25.1821, 35.1209, 24.387, 10.3752, 0.2807, 0.8336, 52.0736, 57.9371, 2.7152, 0.0924, 0.737, 18.5673, 7.2995, 18.6382, 23.2563, 21.9138, 1.5018, 45.3953, 36.006, 52.269, 32.5084, 37.9357, 12.5723, 3.1445, 41.9585, 19.1787, 18.2548, 19.4916, 3.2465, 263.631, 42.1503, 81.9136, 10.598],
      [0.4266, 0.5739, 0.1192, 1.4548, 0, 0.6724, 0.4983, 2.4176, 0.9409, 0.8658, 0.4725, 0.3075, 0, 0, 1.6075, 1.6957, 0.4715, 0, 0, 0.6563, 0.178, 1.0133, 0.5979, 0.4516, 0.0451, 1.5301, 1.2415, 1.7023, 1.509, 1.8697, 0.6679, 0.1113, 1.7537, 0.219, 0.23, 0.2991, 0.5124, 10.7491, 1.168, 2.6238, 0.274]
    ],
    [
      [0.2394, 1.5346, 0.018, 0.9156, 0.0363, 2.4323, 0.6188, 0.9934, 0.6205, 1.322, 0.2753, 0.0053, 0.0791, 0.0425, 1.1909, 1.1925, 0.0178, 0, 0.0935, 0.3943, 0.0287, 0.4633, 1.1311, 0.4206, 0.0487, 1.4132, 0.8055, 1.27, 1.034, 1.8069, 0.7062, 0.3854, 1.7345, 0.4122, 0.3046, 0.5761, 0, 6.8799, 1.36, 3.8904, 0.5565],
      [0.2207, 1.3534, 0.4248, 2.3395, 0.5528, 2.2218, 1.1079, 1.7935, 0.6942, 1.5158, 0.6402, 0.0416, 0.0385, 0.1703, 3.0482, 1.8521, 0.0734, 0, 0.2267, 0.9839, 0.141, 1.0209, 1.0764, 0.9685, 0.0201, 2.2968, 1.8777, 1.932, 2.3912, 2.2029, 1.128, 0.3589, 3.1812, 0.9923, 0.5836, 1.3222, 0.0438, 9.1503, 1.9714, 9.6658, 0.758],
      [0.2017, 0.9326, 0.3479, 1.0633, 0.073, 0.6407, 0.7029, 1.7226, 0.594, 0.9044, 0.1628, 0.0081, 0.0999, 0.1731, 1.8084, 0.9633, 0.0109, 0, 0.1291, 0.4907, 0.0706, 0.4721, 0.9974, 0.6876, 0.017, 1.4388, 0.817, 1.2086, 1.3708, 1.3135, 0.6159, 0.3028, 1.7761, 0.9135, 0.2069, 1.143, 0.0252, 7.5645, 1.1039, 3.775, 0.468],
      [5.9735, 23.0245, 8.8193, 47.2936, 1.3379, 32.8576, 22.6388, 39.9209, 21.691, 37.6913, 10.519, 0.9101, 0.7824, 1.6141, 35.1797, 28.5703, 1.4328, 0, 4.5507, 16.1529, 3.6085, 18.3455, 32.4363, 19.2406, 1.8198, 38.626, 43.8573, 44.1825, 53.9819, 43.9818, 20.7222, 10.4239, 62.8321, 16.3765, 10.6769, 24.3428, 1.5035, 207.0007, 39.6771, 125.7522, 19.3694],
      [0.3647, 1.1549, 0.3899, 2.388, 0, 1.8476, 0.9316, 3.5695, 1.4004, 1.5665, 0.4027, 0.0349, 0, 0, 1.7728, 1.4219, 0.4652, 0, 0, 0.9783, 0.1512, 1.6983, 1.3589, 0.6827, 0.0944, 2.2252, 2.6426, 2.4069, 4.2221, 3.6948, 1.8277, 0.529, 4.4762, 0.3054, 0.228, 0.6159, 0.4276, 14.4046, 1.8876, 6.9167, 0.8481]
    ]
  ],
  "V_est": [
    [724.1989, 0.255, 311.3108, 152.6, 34.6354],
    [15.124, 1950.1377, 651.984, 680.5382, 0.2162],
    [166.4688, 125.2962, 157.2544, 10864.2859, 455.6946],
    [222.7096, 342.6663, 9890.3788, 2464.0512, 55.1941],
    [103.2485, 98.2629, 928.7546, 1192.8067, 41.9272],
    [37.2502, 62.3819, 37.3174, 1179.718, 70.3324]
  ],
  "p_est": [
    [0.5921, 0.0002, 0.2545, 0.1248, 0.0283],
    [0.0046, 0.5913, 0.1977, 0.2063, 0.0001],
    [0.0141, 0.0106, 0.0134, 0.9231, 0.0387],
    [0.0172, 0.0264, 0.7623, 0.1899, 0.0043],
    [0.0437, 0.0415, 0.3927, 0.5044, 0.0177],
    [0.0269, 0.045, 0.0269, 0.8506, 0.0507]
  ],
  "EI_Z": {},
  "EI_V": 11.2704,
  "MAE_Z": {},
  "MAE_V": 248.0765,
  "MAE_p": 0.0776,
  "runtime": 0.26
}
