{
  "X": [
    [17, 11, 24, 70, 6],
    [4, 4, 9, 38, 5],
    [19, 17, 41, 155, 13],
    [49, 52, 166, 587, 28],
    [38, 11, 72, 366, 31],
    [38, 37, 114, 379, 22],
    [59, 57, 182, 726, 43],
    [16, 10, 43, 257, 16],
    [71, 86, 222, 855, 51],
    [32, 57, 180, 591, 45],
    [1, 4, 11, 75, 2],
    [2, 1, 1, 8, 0],
    [13, 10, 29, 156, 10],
    [3, 4, 5, 107, 7],
    [8, 7, 14, 166, 3],
    [4, 1, 6, 65, 2],
    [9, 17, 32, 298, 3],
    [10, 6, 20, 143, 6],
    [3, 21, 58, 69, 7],
    [4, 3, 13, 106, 9],
    [6, 9, 10, 60, 2],
    [4, 10, 14, 124, 6],
    [8, 2, 10, 74, 2],
    [2, 2, 10, 119, 6],
    [23, 39, 93, 201, 25],
    [14, 17, 33, 81, 15],
    [28, 43, 131, 306, 35],
    [4, 4, 17, 96, 3],
    [3, 5, 4, 38, 4],
    [0, 0, 1, 19, 2],
    [5, 6, 25, 159, 8],
    [29, 14, 63, 465, 23],
    [15, 20, 30, 152, 18],
    [34, 20, 74, 404, 22],
    [19, 12, 46, 112, 15],
    [1, 7, 18, 120, 7],
    [17, 30, 58, 94, 10],
    [24, 21, 58, 247, 13],
    [11, 7, 31, 96, 3],
    [28, 31, 82, 386, 42],
    [14, 22, 42, 190, 7],
    [17, 12, 59, 180, 17],
    [21, 26, 83, 189, 15],
    [47, 55, 155, 400, 41],
    [36, 40, 120, 470, 30],
    [22, 25, 58, 269, 9],
    [31, 36, 99, 330, 28],
    [31, 16, 98, 329, 19],
    [1, 0, 1, 11, 0],
    [4, 0, 3, 23, 0],
    [29, 49, 77, 413, 39],
    [2, 3, 7, 72, 6],
    [11, 19, 68, 149, 11],
    [17, 30, 147, 88, 12],
    [31, 57, 279, 288, 42],
    [24, 33, 249, 66, 18],
    [18, 29, 134, 66, 11],
    [14, 39, 162, 114, 20],
    [20, 17, 179, 86, 25],
    [27, 50, 174, 254, 23],
    [3, 5, 10, 13, 0],
    [6, 11, 31, 13, 8],
    [29, 34, 110, 183, 45],
    [0, 2, 6, 44, 2],
    [2, 3, 6, 7, 0],
    [17, 18, 41, 192, 19],
    [6, 3, 10, 29, 4],
    [0, 9, 16, 73, 4],
    [0, 1, 1, 1, 0],
    [475, 771, 2268, 7396, 572],
    [102, 58, 216, 555, 67],
    [170, 115, 393, 1132, 99],
    [32, 7, 50, 253, 7]
  ],
  "W": [
    [4, 13, 20, 67, 17, 7],
    [0, 6, 7, 37, 5, 5],
    [9, 21, 27, 161, 21, 6],
    [32, 71, 139, 545, 83, 12],
    [32, 46, 57, 342, 31, 10],
    [30, 54, 92, 347, 61, 6],
    [45, 82, 148, 677, 93, 22],
    [16, 27, 31, 249, 15, 4],
    [46, 88, 193, 796, 130, 32],
    [66, 36, 129, 548, 104, 22],
    [5, 4, 11, 65, 5, 3],
    [0, 3, 1, 7, 0, 1],
    [6, 7, 19, 148, 30, 8],
    [9, 4, 3, 100, 7, 3],
    [7, 9, 10, 162, 7, 3],
    [2, 3, 7, 64, 1, 1],
    [14, 7, 28, 280, 23, 7],
    [10, 10, 12, 130, 18, 5],
    [4, 8, 53, 60, 25, 8],
    [12, 4, 9, 97, 9, 4],
    [5, 9, 6, 53, 13, 1],
    [8, 5, 6, 119, 17, 3],
    [3, 7, 5, 69, 8, 4],
    [11, 3, 6, 111, 7, 1],
    [44, 25, 83, 159, 58, 12],
    [9, 15, 30, 80, 19, 7],
    [32, 36, 112, 275, 67, 21],
    [9, 4, 14, 90, 3, 4],
    [1, 1, 5, 39, 6, 2],
    [5, 0, 0, 16, 1, 0],
    [9, 7, 20, 154, 10, 3],
    [31, 35, 48, 433, 34, 13],
    [10, 12, 34, 142, 24, 13],
    [24, 41, 62, 375, 36, 16],
    [8, 14, 46, 95, 29, 12],
    [7, 3, 16, 111, 13, 3],
    [5, 15, 56, 84, 34, 15],
    [10, 30, 52, 229, 31, 11],
    [8, 11, 28, 82, 12, 7],
    [35, 30, 84, 349, 42, 29],
    [11, 15, 46, 174, 25, 4],
    [11, 17, 55, 168, 18, 16],
    [7, 20, 80, 179, 31, 17],
    [45, 49, 128, 350, 98, 28],
    [17, 34, 112, 434, 68, 31],
    [22, 21, 51, 239, 39, 11],
    [21, 28, 85, 313, 56, 21],
    [19, 42, 89, 294, 34, 15],
    [1, 0, 2, 9, 0, 1],
    [1, 4, 1, 21, 1, 2],
    [48, 34, 77, 368, 62, 18],
    [4, 2, 5, 75, 3, 1],
    [7, 16, 55, 140, 34, 6],
    [12, 15, 139, 76, 42, 10],
    [27, 30, 248, 254, 104, 34],
    [6, 17, 255, 55, 38, 19],
    [8, 14, 113, 64, 43, 16],
    [9, 14, 153, 98, 62, 13],
    [23, 19, 167, 71, 30, 17],
    [32, 26, 164, 216, 68, 22],
    [0, 3, 10, 13, 4, 1],
    [2, 8, 28, 11, 14, 6],
    [14, 24, 101, 171, 64, 27],
    [2, 1, 6, 41, 3, 1],
    [0, 4, 3, 7, 3, 1],
    [11, 16, 39, 179, 26, 16],
    [4, 4, 9, 22, 10, 3],
    [4, 2, 12, 70, 10, 4],
    [1, 0, 0, 0, 1, 1],
    [597, 577, 2024, 6740, 1236, 308],
    [49, 108, 200, 492, 92, 57],
    [64, 166, 380, 1039, 187, 73],
    [13, 52, 37, 223, 13, 11]
  ],
  "method": "mvn_cdf",
  "mvncdf_method": "genz",
  "mvncdf_samples": 5000,
  "mvncdf_error": 1e-06,
  "cond_prob": [
    [
      [0.010176273126, 0.024297124052, 0.066885701732, 0.56963850616, 0.32900239493],
      [0.8238495495, 0.012355269175, 0.049508676112, 0.092442809153, 0.021843696056],
      [0.032315069873, 0.063435059923, 0.88331170904, 0.01162944226, 0.0093087189027],
      [0.0076861507636, 0.0099726513266, 0.0099799617792, 0.96247851547, 0.0098827206586],
      [0.064170984886, 0.49931915345, 0.24415535357, 0.097572581319, 0.094781926771],
      [0.57101007461, 0.045271222648, 0.086187396119, 0.020329456016, 0.27720185061]
    ],
    [
      [0.0019914916094, 0.020217756161, 0.051103978911, 0.43528709986, 0.49139967346],
      [0.51677406737, 0.033137476055, 0.12376643556, 0.22882755456, 0.097494466455],
      [0.006964025238, 0.063049296287, 0.90585746018, 0.0096937800538, 0.014435438246],
      [0, 0.010494291844, 0.0088385865972, 0.974343212, 0.0063239095574],
      [0.013733449972, 0.53799337577, 0.21961173076, 0.080124046636, 0.14853739686],
      [0.15638803385, 0.05631487852, 0.098262561502, 0.021571827008, 0.66746269912]
    ],
    [
      [0.0051571974707, 0.041057291047, 0.14646600741, 0.29763869862, 0.50968080545],
      [0.65095726571, 0.034364640205, 0.17854569263, 0.081434355499, 0.054698045959],
      [0.0081022447213, 0.052302701722, 0.92946152228, 0.003107227976, 0.0070263032963],
      [0.018284093419, 0.018921526289, 0.016630049244, 0.93026175014, 0.015902580906],
      [0.020360468461, 0.52284942812, 0.33340619035, 0.032754732889, 0.090629180182],
      [0.2822355262, 0.07840837777, 0.19298622683, 0.011207321348, 0.43516254785]
    ],
    [
      [0.003215537183, 0.019895808377, 0.068026577009, 0.64109920949, 0.26776286794],
      [0.5563253403, 0.024216465072, 0.11969681799, 0.25629369703, 0.043467679605],
      [0.011238633597, 0.055545461972, 0.90958801789, 0.015012488225, 0.0086153983213],
      [0.0038468783365, 0.0056243086971, 0.0057444520661, 0.98053674924, 0.0042476116571],
      [0.024218275375, 0.45831208047, 0.2871679111, 0.13595243518, 0.094349297877],
      [0.31076400244, 0.068166248221, 0.1605231646, 0.043721373872, 0.41682521087]
    ],
    [
      [0.0040506719482, 0.0086406479505, 0.053037475279, 0.51442731646, 0.41984388836],
      [0.65402724233, 0.009658015233, 0.085860541403, 0.18849751158, 0.061956689457],
      [0.017979792465, 0.023193122464, 0.91910125813, 0.022810308198, 0.016915518744],
      [0.0065701938553, 0, 0.0091604413014, 0.9782040919, 0.0060652729417],
      [0.042877487215, 0.28123814121, 0.31677745261, 0.1528569364, 0.20624998257],
      [0.3184068778, 0.023884020703, 0.10114722172, 0.028288831462, 0.52827304832]
    ],
    [
      [0.0036269777157, 0.020520872028, 0.073529086194, 0.6137192858, 0.28860377826],
      [0.58661229796, 0.023145798379, 0.12000056133, 0.22699677749, 0.043244564841],
      [0.011688069716, 0.052955952809, 0.91362770095, 0.013206035786, 0.0085222407429],
      [0.0046162102613, 0.0061503682511, 0.0061247220527, 0.97784123303, 0.0052674664033],
      [0.026131533106, 0.45475482787, 0.29797255946, 0.12416754497, 0.096973534596],
      [0.32382928079, 0.06472179755, 0.15979065601, 0.038418673972, 0.41323959168]
    ],
    [
      [0.0031744099684, 0.018843670442, 0.06713712845, 0.60866756442, 0.30217722672],
      [0.55795445805, 0.023377100688, 0.12036798347, 0.24824749256, 0.050052965239],
      [0.011288342501, 0.053455954392, 0.91082415012, 0.01453086981, 0.0099006831786],
      [0.0039609086424, 0.0054439007963, 0.0058885566425, 0.97917618565, 0.0055304482729],
      [0.024502908835, 0.44380381924, 0.29002910905, 0.13249053417, 0.1091736287],
      [0.29426843768, 0.062016149763, 0.15215547133, 0.039963596336, 0.45159634489]
    ],
    [
      [0.0023932735706, 0.017030467684, 0.084223649537, 0.45914870807, 0.43720390114],
      [0.50243943579, 0.024480404588, 0.17610140781, 0.21560104427, 0.081377707533],
      [0.0065892364645, 0.037999758984, 0.9363642668, 0.0083648325136, 0.01068190524],
      [0.0046644851389, 0.0071948920495, 0.0077969609607, 0.97218676114, 0.0081569007092],
      [0.017371970433, 0.39353469792, 0.35110841999, 0.093040572253, 0.14494433941],
      [0.19238504249, 0.048500118889, 0.1655804367, 0.025742639856, 0.56779176207]
    ],
    [
      [0.0033928011522, 0.020419540197, 0.055369600335, 0.63418101393, 0.28663704439],
      [0.58014627152, 0.024683259854, 0.096684057784, 0.25213959602, 0.046346814823],
      [0.014316674596, 0.068655235798, 0.8878766378, 0.017983724589, 0.011167727214],
      [0.0041171509739, 0.0053007734537, 0.0050470157855, 0.98065091698, 0.0048841428035],
      [0.026548461824, 0.48629287832, 0.24199312294, 0.14004244601, 0.1051230909],
      [0.32185590137, 0.068769497613, 0.12837748924, 0.042652567638, 0.43834454414]
    ],
    [
      [0.0033275549256, 0.021665260999, 0.10383625647, 0.56407134167, 0.30709958593],
      [0.5444928015, 0.024797624329, 0.17180141433, 0.21198139543, 0.046926764408],
      [0.007852816288, 0.040765290542, 0.93578252175, 0.0089266489796, 0.0066727224377],
      [0.0051820760289, 0.0081546556208, 0.0059348399839, 0.97406172069, 0.0066667076765],
      [0.021091401726, 0.41864409482, 0.36860560483, 0.10067523476, 0.090983663861],
      [0.27874289893, 0.064132667137, 0.21176071078, 0.033289824657, 0.41207389849]
    ],
    [
      [0, 0.0081939026591, 0.026867658256, 0.91534108479, 0.049597354292],
      [0.13774435463, 0.048720015097, 0.073613243453, 0.71211514024, 0.027807246583],
      [0, 0.091035551203, 0.85266241273, 0.056302036068, 0],
      [0, 0.002911293636, 0.0010634666533, 0.99602523971, 0],
      [0, 0.45824619787, 0.14689395633, 0.33858912679, 0.056270719002],
      [0.14967419383, 0.094098095792, 0.12944236026, 0.17364180106, 0.45314354907]
    ],
    [
      [0.0011173865588, 0.029980570329, 0.0067060211716, 0.9612229682, 0.00097305373726],
      [0.55616922326, 0.029419626634, 0.081182983952, 0.33322816615, 0],
      [0.0072922467998, 0.33326571125, 0.64717020992, 0.012271832028, 0],
      [0.0012114813633, 0, 0.0073447133651, 0.99144380527, 0],
      [0.028327123596, 0.45164104374, 0.2576071623, 0.14473160538, 0.11769306498],
      [0.31571971388, 0.57847540884, 0.05786784467, 0.047937032611, 0]
    ],
    [
      [0.0071615675179, 0.0097965327822, 0.052944871843, 0.63988372603, 0.29021330183],
      [0.77682489893, 0.0066171322527, 0.051896098415, 0.13872757644, 0.025934293962],
      [0.030271340032, 0.033495676599, 0.90764201028, 0.017521542058, 0.011069431031],
      [0.0033840848765, 0, 0.0068378054478, 0.9816685039, 0.0081096057749],
      [0.072684115056, 0.30225614429, 0.31159564614, 0.17762078042, 0.1358433141],
      [0.53284160354, 0.023849836699, 0.089249411785, 0.030141664977, 0.323917483]
    ],
    [
      [0.0016800894014, 0.011317178444, 0.028676334012, 0.62258800791, 0.33573839023],
      [0.4884902732, 0.019655558953, 0.073064999579, 0.34457730298, 0.074211865294],
      [0.010887887919, 0.061795150019, 0.88321917707, 0.025402309954, 0.018695475039],
      [0.00273155438, 0.0042862936449, 0.0023997467314, 0.98497469681, 0.0056077084309],
      [0.018601746447, 0.43855635532, 0.18890163497, 0.18632596695, 0.16761429631],
      [0.19829559191, 0.045204618793, 0.079236448812, 0.04681344569, 0.6304498948]
    ],
    [
      [0.0042013109646, 0.032371306317, 0.077687462547, 0.68979482261, 0.19594509756],
      [0.63271740153, 0.030319367229, 0.10659769105, 0.20641597298, 0.023949567206],
      [0.011037189236, 0.070628568644, 0.90218276421, 0.011572107351, 0.004579370559],
      [0.0049875429201, 0.008130383563, 0.0079231861606, 0.97773371551, 0.0012251718504],
      [0.021825080667, 0.5952958237, 0.23938074355, 0.097229958997, 0.046268393088],
      [0.40166826645, 0.10334932039, 0.17191984594, 0.041499928801, 0.28156263842]
    ],
    [
      [0.0065008190963, 0.0062687683787, 0.018499803243, 0.63986977691, 0.32886083237],
      [0.86332790444, 0.0032047118886, 0.014037886723, 0.10008034401, 0.01934915294],
      [0.049922987451, 0.045150676968, 0.81900173641, 0.028329998324, 0.057594600849],
      [0.0059850344623, 0.0046694175006, 0, 0.98396363771, 0.0053819103293],
      [0.088643435826, 0.34908824314, 0.15881609371, 0.22138318946, 0.18206903786],
      [0.57586809491, 0.013862625621, 0.029058484775, 0.026653423129, 0.35455737156]
    ],
    [
      [0.0028948986751, 0.018750448299, 0.039886421453, 0.86491895197, 0.073549279606],
      [0.55381670196, 0.023409792572, 0.072219767326, 0.33122939803, 0.019324340113],
      [0.015622233109, 0.082134104623, 0.86769098425, 0.034552678016, 0],
      [0.0026987321547, 0.0038602933445, 0.0028085810431, 0.99063239346, 0],
      [0.038565745898, 0.54525044124, 0.21285389735, 0.20332991551, 0],
      [0.42895354554, 0.093175423058, 0.13695169116, 0.078770810992, 0.26214852925]
    ],
    [
      [0.0037913775939, 0.0086749401395, 0.052459172008, 0.74566256272, 0.18941194754],
      [0.63018744367, 0.0091927848463, 0.08094657364, 0.25312337703, 0.026549820813],
      [0.015953904096, 0.029807145523, 0.92691353472, 0.020107793317, 0.0072176223424],
      [0.0038551210187, 0, 0.0052955036855, 0.98823780227, 0.0026115730272],
      [0.043280978768, 0.29428455713, 0.34191577883, 0.22367209231, 0.09684659296],
      [0.43770831759, 0.033302995088, 0.14001612577, 0.054767025249, 0.33420553631]
    ],
    [
      [0.0011609959962, 0.031682354156, 0.071653394113, 0.67837718231, 0.21712607342],
      [0.23083690886, 0.057433176657, 0.19324343267, 0.4437319832, 0.07475449862],
      [0, 0.080502062965, 0.8998759683, 0.013462441624, 0.0061595271097],
      [0, 0.0048808268138, 0.0099738686005, 0.9819619986, 0.0031833059819],
      [0, 0.58962584163, 0.24554595751, 0.10633265065, 0.05849555021],
      [0.14358259315, 0.13921252293, 0.21711644855, 0.055886227073, 0.4442022083]
    ],
    [
      [0.0022629307733, 0.0015603836367, 0.04805258875, 0.60579017068, 0.34233392616],
      [0.55193475655, 0.01068949627, 0.091544100803, 0.28167018373, 0.064161462646],
      [0.010908186851, 0.029291253914, 0.9269810746, 0.018495222939, 0.014324261692],
      [0.0044351481378, 0, 0.0055478166154, 0.98452088183, 0.0054961534143],
      [0.02719833159, 0.28541287, 0.30482372186, 0.1968023527, 0.18576272385],
      [0.2479844423, 0.026545074022, 0.10820278799, 0.041908374598, 0.57535932109]
    ],
    [
      [0.0030399821137, 0.027940097804, 0.058595834285, 0.7341614384, 0.17626264739],
      [0.57418292176, 0.032300189506, 0.099335742303, 0.26770596121, 0.026475185227],
      [0.010277039058, 0.079543777825, 0.88940379555, 0.015425745389, 0.0053496421808],
      [0.0029205110188, 0.0041631068637, 0.0076140178851, 0.98530236423, 0],
      [0.018621516168, 0.59704284371, 0.22406031129, 0.11948234781, 0.040792981016],
      [0.35862476511, 0.11013350647, 0.16024937985, 0.052988858872, 0.3180034897]
    ],
    [
      [0.0024192624778, 0.024008232522, 0.087970409198, 0.59826934479, 0.28733275102],
      [0.50736156624, 0.030988784181, 0.16604257661, 0.24762312114, 0.04798395183],
      [0.0059064011335, 0.048319648357, 0.93016232844, 0.009392359371, 0.0062192627007],
      [0.003697021125, 0.0072501498233, 0.0071548283369, 0.97567418913, 0.0062238115856],
      [0.014855474306, 0.48586158926, 0.31891868612, 0.10001263562, 0.080351614696],
      [0.23863702837, 0.080219160814, 0.20400254552, 0.037977389296, 0.439163876]
    ],
    [
      [0.005285138327, 0.0070659169447, 0.064939838224, 0.77874635366, 0.14396275284],
      [0.71303434093, 0.0056063305714, 0.075782006858, 0.19026472958, 0.015312592061],
      [0.016297249799, 0.018149898025, 0.94701904217, 0.014493241263, 0.0040405687425],
      [0.0034365381509, 0, 0.0056497588676, 0.99091370298, 0],
      [0.05562721861, 0.2194666082, 0.44299361046, 0.21254568191, 0.069366880815],
      [0.55731976706, 0.023268894856, 0.15145724522, 0.04650766616, 0.2214464267]
    ],
    [
      [0.0015180739483, 0, 0.050811119926, 0.63887280106, 0.30879800507],
      [0.45256006324, 0.011469064914, 0.12673701998, 0.34470596791, 0.064527883953],
      [0.0059226879611, 0.02209699149, 0.94619319057, 0.015706950845, 0.010080179129],
      [0.0023476399202, 0, 0.0063164840339, 0.9854397998, 0.0058960762419],
      [0.020196076033, 0.25784732902, 0.36212045323, 0.20140673208, 0.15842940964],
      [0.1881243057, 0.028079553205, 0.14773457705, 0.050374676775, 0.58568688728]
    ],
    [
      [0.003598955507, 0.021673224915, 0.052954197046, 0.65236092805, 0.26941269448],
      [0.60178338343, 0.024863318577, 0.087887532956, 0.24435128999, 0.041114475049],
      [0.015484150145, 0.074754209165, 0.88052147088, 0.01862686139, 0.010613308417],
      [0.0046950427027, 0.0046816179607, 0.0046031393965, 0.98143287853, 0.0045873214117],
      [0.027474382496, 0.51030547936, 0.22723575913, 0.13916074558, 0.095823633434],
      [0.34765424461, 0.073175060017, 0.12316431075, 0.04351304092, 0.4124933437]
    ],
    [
      [0.0039794422809, 0.033574407567, 0.05632808935, 0.30919543038, 0.59692263042],
      [0.67588077664, 0.037208282265, 0.090806162897, 0.11170402841, 0.084400749793],
      [0.014852631768, 0.10265748815, 0.85546455687, 0.0076191098992, 0.019406213316],
      [0.01541982667, 0.013307249962, 0.018657759421, 0.94153837689, 0.011076787054],
      [0.021913590475, 0.60459305503, 0.17833594566, 0.047280229001, 0.14787717984],
      [0.24720715204, 0.072590487278, 0.08371633216, 0.013101843005, 0.58338418552]
    ],
    [
      [0.0027740629533, 0.020606582299, 0.065198096786, 0.56620424186, 0.3452170161],
      [0.53415071703, 0.027711297761, 0.12680584579, 0.24955554431, 0.061776595106],
      [0.010015154718, 0.059551808652, 0.90535532026, 0.013647339318, 0.011430377053],
      [0.0032886212294, 0.0065703873637, 0.0062158990453, 0.97710816797, 0.0068169243923],
      [0.020597798361, 0.46984712336, 0.27190916109, 0.11803760418, 0.11960831301],
      [0.25122302455, 0.066026966092, 0.1438842169, 0.035985570951, 0.5028802215]
    ],
    [
      [0.0028384244152, 0.027765424507, 0.095626825099, 0.69659205718, 0.1771772688],
      [0.53783195143, 0.031491196094, 0.15950309597, 0.24500597073, 0.026167785787],
      [0.0059528193641, 0.051664397348, 0.93216384167, 0.0089930681268, 0.0012258734955],
      [0.0047593109204, 0.0095009889329, 0.0062257703613, 0.97951392979, 0],
      [0.014656802212, 0.54556111135, 0.30419728464, 0.094505727327, 0.041079074466],
      [0.3168696285, 0.10226812354, 0.24453530512, 0.046243446514, 0.29008349633]
    ],
    [
      [0.0064243691845, 0.018402770089, 0.015423882452, 0.22956996166, 0.73017901661],
      [0.92364462676, 0.0073039848715, 0.0089237852403, 0.0277639434, 0.032363659724],
      [0.057553852426, 0.14910331613, 0.73483724468, 0.013330405305, 0.045175181458],
      [0.015557817845, 0.011431621911, 0, 0.95789654518, 0.015114015062],
      [0.056867754181, 0.62068326275, 0.044718076707, 0.05064360948, 0.22708729688],
      [0.41710016044, 0.029421916667, 0.016578824332, 0.0070935747233, 0.52980552384]
    ],
    [
      [0, 0, 0.035955082253, 0.64082338923, 0.32322152852],
      [0.58214410712, 0.022057531679, 0.098474311281, 0.24782913582, 0.049494914098],
      [5.5072960504e-06, 0.0011391279023, 0.99239921414, 0.003886678487, 0.0025694721756],
      [0, 0, 0.013096833446, 0.97394291372, 0.012960252835],
      [0, 0, 0.61067525359, 0.21279643435, 0.17652831206],
      [0.31745058575, 0.059962088502, 0.12766973723, 0.041060402016, 0.4538571865]
    ],
    [
      [0.002201034687, 0.014737463368, 0.067786034817, 0.55559941487, 0.35967605225],
      [0.5056328724, 0.021508658342, 0.14463245103, 0.26123771475, 0.066988303476],
      [0.0070526952213, 0.039080384927, 0.93235570527, 0.011486224233, 0.010024990345],
      [0.0031561500505, 0.0052985590562, 0.0064525870412, 0.97784436072, 0.0072483431353],
      [0.018033370435, 0.39728024582, 0.32699953372, 0.1247136621, 0.13297318793],
      [0.21110862149, 0.04880465665, 0.1555635608, 0.035349535602, 0.54917362545]
    ],
    [
      [0.0033572453459, 0.0097732352771, 0.050410438068, 0.66601273336, 0.27044634795],
      [0.59023838846, 0.0118937249, 0.088833141829, 0.26527919812, 0.043755546693],
      [0.01560769409, 0.036456442744, 0.91583337037, 0.020600724954, 0.011501767838],
      [0.0040830681431, 0.00020473822313, 0.0054361689259, 0.98533494652, 0.0049410781857],
      [0.036028212116, 0.32302857715, 0.30528403658, 0.20029351945, 0.1353656547],
      [0.34580652031, 0.035324369965, 0.1257381761, 0.047691309872, 0.44543962375]
    ],
    [
      [0.0037398782727, 0.020263300261, 0.023820461277, 0.54235181445, 0.40982454574],
      [0.66480772438, 0.023874366069, 0.040669236148, 0.20716773658, 0.063480936822],
      [0.030420928312, 0.13431585277, 0.76052707293, 0.043874903245, 0.030861242744],
      [0.0075605845005, 0.0054884336456, 0, 0.97949652388, 0.0074544579749],
      [0.032293485393, 0.55826981248, 0.11651899011, 0.12964030876, 0.16327740326],
      [0.31553463951, 0.058946348715, 0.047645254708, 0.030680654246, 0.54719310283]
    ],
    [
      [0.0035073872597, 0.013110332188, 0.049637528471, 0.66468574154, 0.26905901054],
      [0.59862069555, 0.015558737831, 0.085263631676, 0.25808309931, 0.042473835638],
      [0.016372572728, 0.049154003003, 0.902327696, 0.020639942554, 0.011505785717],
      [0.0039853538422, 0.0029964354647, 0.0044471459973, 0.98385479502, 0.0047162696804],
      [0.033990289529, 0.3926170215, 0.2712205958, 0.18046791949, 0.12170417368],
      [0.35244478533, 0.046376219806, 0.12105950427, 0.046504091299, 0.43361539929]
    ],
    [
      [0.0046418592657, 0.0072121610775, 0.024011749485, 0.68386903128, 0.28026519889],
      [0.70091209721, 0.0072016819105, 0.034742967907, 0.22002947327, 0.0371137797],
      [0.04096606435, 0.051693643769, 0.84559828349, 0.039172777886, 0.022569230508],
      [0, 0.0023770062183, 0.003460257137, 0.98520553273, 0.0089572039173],
      [0.06410106051, 0.30869099002, 0.18753470525, 0.25959972419, 0.18007352003],
      [0.45056050417, 0.023809770825, 0.054729377731, 0.043647477555, 0.42725286972]
    ],
    [
      [0, 0.010114949922, 0.028919777618, 0.69326893685, 0.26769633561],
      [0.22229368784, 0.023735564937, 0.09916139976, 0.52111933995, 0.13369000751],
      [0, 0.059494916687, 0.88774601093, 0.030772317863, 0.021986754517],
      [0, 0.00318325144, 0.0026653736693, 0.99025256771, 0.003898807178],
      [0, 0.41501059983, 0.2068219005, 0.22859061208, 0.14957688759],
      [0.11103964549, 0.052530427015, 0.10386666622, 0.067229787748, 0.66533347353]
    ],
    [
      [0.0039906574088, 0.03607154999, 0.05598812492, 0.65605704058, 0.2478926271],
      [0.62042850433, 0.037872295125, 0.085186939668, 0.22186546674, 0.034646794141],
      [0.015309578598, 0.10569238708, 0.84810937024, 0.022185425178, 0.0087032389047],
      [0.0070622029119, 0, 0.012996635274, 0.97780771078, 0.002133451036],
      [0.022237862227, 0.63585059522, 0.17716120841, 0.10040091007, 0.064349424075],
      [0.36446469242, 0.11425759395, 0.1221954732, 0.039991355892, 0.35909088454]
    ],
    [
      [0.0033199302752, 0.017645871343, 0.046666007698, 0.68247236605, 0.24989582463],
      [0.58599796676, 0.021439626557, 0.082145053728, 0.27014818683, 0.040269166125],
      [0.015941047978, 0.068481755564, 0.88299558248, 0.021616723819, 0.010964890161],
      [0.0036820216084, 0.0047970985648, 0.0033362757214, 0.98391132843, 0.0042732756725],
      [0.028700226852, 0.47766080243, 0.22867346508, 0.16423370556, 0.10073180007],
      [0.34773065626, 0.064843704895, 0.11821213315, 0.049074728395, 0.4201387773]
    ],
    [
      [0.0031529984436, 0.010558416917, 0.040392476836, 0.83203900215, 0.11385710565],
      [0.58247709617, 0.012717629172, 0.070757556292, 0.31565453189, 0.01839318648],
      [0.016849988164, 0.046670012755, 0.90307677142, 0.033403227658, 0],
      [0.0028974412561, 0.0021407102917, 0.0027986652279, 0.99216318322, 0],
      [0.048215591581, 0.41035981464, 0.28367875243, 0.25323788912, 0.0045079522321],
      [0.46850728629, 0.052717480998, 0.13982026978, 0.07713743769, 0.26181752524]
    ],
    [
      [0.0024615034121, 0.013955505178, 0.027711613775, 0.60892428265, 0.34694709499],
      [0.54075233897, 0.021390427931, 0.061413440215, 0.30563636422, 0.070807428657],
      [0.019217826032, 0.087476621205, 0.83618998045, 0.032291455373, 0.02482411694],
      [0.0045183649276, 0.0053520120235, 0, 0.9854489294, 0.0046806936503],
      [0.02608011651, 0.45646158952, 0.16479381772, 0.18102559419, 0.17163888207],
      [0.25533467488, 0.051123080812, 0.069875572744, 0.044183641839, 0.57948302973]
    ],
    [
      [0.0037709095198, 0.023054221151, 0.029872083007, 0.74291555917, 0.20038722715],
      [0.63254700074, 0.02544222838, 0.047799280715, 0.2649917075, 0.029219782668],
      [0.025392695596, 0.12648084325, 0.80335465311, 0.032507206896, 0.012264601145],
      [0.0048460677374, 0.0021023784398, 0.0015140756871, 0.98861210036, 0.0029253777776],
      [0.030380655594, 0.59305219717, 0.13680923967, 0.16473846273, 0.075019444831],
      [0.42487970264, 0.088633143558, 0.07910591791, 0.055188672237, 0.35219256365]
    ],
    [
      [0.0032083781474, 0.01375839739, 0.049766480811, 0.59922157083, 0.33404517282],
      [0.59224659919, 0.017303382211, 0.090729433534, 0.24426563457, 0.05545495049],
      [0.014596134607, 0.050887931758, 0.90288057522, 0.017865780866, 0.013769577545],
      [0.0043342167472, 0.0043993899214, 0.0040414284283, 0.98136635133, 0.0058586135712],
      [0.029985042124, 0.4052260286, 0.26500071761, 0.15509206487, 0.14469614679],
      [0.30161556743, 0.045156116432, 0.11267273817, 0.038264049628, 0.50229152834]
    ],
    [
      [0.0038534855245, 0.025375008697, 0.059220088499, 0.61025973845, 0.30129167883],
      [0.6171677481, 0.027813144068, 0.094002168788, 0.21721967288, 0.043797266163],
      [0.014639798757, 0.077919155029, 0.8817361254, 0.015262227892, 0.01044269292],
      [0.005038997016, 0.0057965145152, 0.0056094284715, 0.97760516587, 0.0059498941285],
      [0.026061191779, 0.53777480878, 0.22689109842, 0.11453130278, 0.094741598243],
      [0.33815348986, 0.077881440298, 0.12522436618, 0.036530297962, 0.4222104057]
    ],
    [
      [0.0039119821112, 0.017507850049, 0.059480931084, 0.62906896569, 0.29003027107],
      [0.61566484192, 0.019302982625, 0.094780464584, 0.2275318334, 0.042719877471],
      [0.015518721329, 0.055432395047, 0.90174737141, 0.016701924551, 0.010599587667],
      [0.0046561589315, 0.004739419884, 0.0052211190589, 0.98017311412, 0.005210188005],
      [0.03209455568, 0.43824774218, 0.27314798119, 0.14516526706, 0.11134445388],
      [0.35339518351, 0.055852797846, 0.13069849889, 0.039935866104, 0.42011765365]
    ],
    [
      [0.003012566171, 0.013012701853, 0.036781817436, 0.71290435231, 0.23428856223],
      [0.56567434435, 0.017083099679, 0.069801999239, 0.3062968739, 0.041143682832],
      [0.018634913683, 0.064399089798, 0.87423685984, 0.029366736731, 0.013362399946],
      [0.0037696999264, 0.00380665796, 0.0023817790813, 0.98617414918, 0.0038677138564],
      [0.031902911117, 0.42185179143, 0.21831552974, 0.21165217052, 0.1162775972],
      [0.34913872938, 0.053137072591, 0.10347628012, 0.057597724082, 0.43665019383]
    ],
    [
      [0.0040563564956, 0.016828872433, 0.04333734337, 0.7779804564, 0.1577969713],
      [0.62843911392, 0.017697144528, 0.065980874517, 0.26571311408, 0.022169752952],
      [0.020902157933, 0.069847679671, 0.87540206444, 0.033848097959, 0],
      [0.0039902730846, 0.0036584193639, 0.0038702332285, 0.98848107432, 0],
      [0.039724378924, 0.48934975089, 0.2251642237, 0.19653480158, 0.049226844901],
      [0.46769115135, 0.066990054119, 0.11900766626, 0.060578867517, 0.28573226075]
    ],
    [
      [0.0044929588507, 0.020887604942, 0.062668443941, 0.55846056578, 0.35349042649],
      [0.65601470625, 0.021054618878, 0.091392117058, 0.1841645942, 0.04737396361],
      [0.016614351318, 0.061909544963, 0.89575198053, 0.013761370122, 0.011962753066],
      [0.0060267289772, 0.0065554877953, 0.0063925751206, 0.97403082627, 0.0069943818333],
      [0.032995910041, 0.4723568227, 0.25880145275, 0.11492798238, 0.12091783214],
      [0.35194662356, 0.057412852134, 0.11868131847, 0.030399399228, 0.4415598066]
    ],
    [
      [0.0026953434333, 0.0091607166367, 0.042302161929, 0.72162455062, 0.22421722738],
      [0.53479605643, 0.012685066094, 0.084759738549, 0.32641431669, 0.041344822238],
      [0.014847730407, 0.038942371934, 0.90684981948, 0.026358231401, 0.013001846782],
      [0.0038835278088, 0, 0.0052529961348, 0.98736506757, 0.0034984084818],
      [0.031538629627, 0.33040615748, 0.2791930709, 0.23609620907, 0.12276593292],
      [0.33012236769, 0.039566210094, 0.1259847131, 0.061416577827, 0.44291013129]
    ],
    [
      [3.4655369946e-05, 0, 1.7807212596e-05, 0.99994753742, 0],
      [0.99999999367, 1.5688309306e-14, 6.2984904865e-14, 1.1920649905e-18, 6.3270051424e-09],
      [0.0011360643293, 0, 0.49998374855, 0.49888018712, 0],
      [0, 0, 0, 1, 0],
      [0.028327123596, 0.45164104374, 0.2576071623, 0.14473160538, 0.11769306498],
      [0.99769321597, 0, 1.4695686866e-05, 0.0022920883416, 0]
    ],
    [
      [0.0039697774496, 0, 0.076360764239, 0.91966945831, 0],
      [0.69121806516, 0, 0.10432401753, 0.2044579173, 0],
      [0.0057513120744, 0, 0.98528446851, 0.0089642194128, 0],
      [0, 0, 0.0047180324741, 0.99528196753, 0],
      [0.041843278878, 0, 0.70381047631, 0.25434624481, 0],
      [0.59178168547, 0, 0.35908476943, 0.049133545102, 0]
    ],
    [
      [0.0028281665284, 0.022129670197, 0.03165447309, 0.61666327667, 0.32672441352],
      [0.56469035897, 0.030720820576, 0.06353256027, 0.28065784361, 0.060398416569],
      [0.018906183366, 0.11851323101, 0.81503590191, 0.027515720539, 0.020028963174],
      [0.0046144353544, 0.0041135287957, 0.00033862293579, 0.9840159333, 0.0069174796133],
      [0.023298750507, 0.5621867292, 0.14615693036, 0.14270339697, 0.12565419296],
      [0.28146471892, 0.077688518676, 0.076465048474, 0.042978416039, 0.52140329789]
    ],
    [
      [0.0013507621362, 0.01393058553, 0.042851765301, 0.15031625383, 0.79155063321],
      [0.59789132491, 0.027099167012, 0.1251850057, 0.094436457863, 0.15538804452],
      [0.0051475572496, 0.047098609354, 0.92410545274, 0.003721119573, 0.019927261087],
      [0.0087797972736, 0.015608969274, 0.016018383576, 0.94775795777, 0.011834892105],
      [0.011136637777, 0.48419985594, 0.23010858083, 0.034240072337, 0.24031485312],
      [0.081181806537, 0.031314013717, 0.065991153031, 0.0066894212572, 0.81482360546]
    ],
    [
      [0.0026018037953, 0.020024531425, 0.086909887672, 0.5682241845, 0.32223959261],
      [0.50778665579, 0.026405437671, 0.16635790739, 0.24371709259, 0.055732906554],
      [0.0070302733535, 0.043764410341, 0.93125922681, 0.010083663444, 0.0078624260478],
      [0.0031341802575, 0.0071608337764, 0.0055157424358, 0.97626047433, 0.0079287691992],
      [0.017885483757, 0.430701498, 0.34082976605, 0.10823210777, 0.10235114442],
      [0.23727402708, 0.063988507965, 0.19170513441, 0.035332944539, 0.47169938601]
    ],
    [
      [0.0048583300494, 0.027094577402, 0.098619309098, 0.57448785321, 0.29493993024],
      [0.64625577668, 0.024271427568, 0.12793950326, 0.16659827832, 0.034935014171],
      [0.013723704455, 0.055806301252, 0.92042525898, 0.0047691299927, 0.0052756053226],
      [0.006283596139, 0.0077391878532, 0.0096371595858, 0.97121163855, 0.0051284178761],
      [0.027936589651, 0.48222154501, 0.31997190851, 0.091363052147, 0.078506904688],
      [0.36893783981, 0.071223461643, 0.17871204582, 0.029492979802, 0.35163367292]
    ],
    [
      [0.0030022373736, 0.017657043747, 0.079630030124, 0.57844267172, 0.32126801704],
      [0.53965076501, 0.022255497461, 0.14504400995, 0.23897176317, 0.054077964397],
      [0.0091764199127, 0.043040365738, 0.92692335795, 0.011819410666, 0.009040445733],
      [0.0036768217752, 0.0043612263414, 0.0069227240668, 0.97753069249, 0.0075085353293],
      [0.022645801258, 0.40545899025, 0.33598790232, 0.12258126042, 0.11332604575],
      [0.26954671884, 0.056061697492, 0.17413418713, 0.036483357302, 0.46377403924]
    ],
    [
      [0.0049569980969, 0.021866159815, 0.078497082474, 0.54189699045, 0.35278276917],
      [0.6689608496, 0.020230969721, 0.10501461144, 0.16253515112, 0.043258418122],
      [0.01576712609, 0.054078756563, 0.91104216779, 0.0083874624085, 0.01072448715],
      [0.0067727985881, 0.0066113083843, 0.0081250995869, 0.97201537733, 0.00647541611],
      [0.033554638054, 0.45535190456, 0.29846186114, 0.10179074303, 0.11084085321],
      [0.36472243404, 0.056199963032, 0.13892553285, 0.027253872947, 0.41289819713]
    ],
    [
      [0.0058272567102, 0.037826014555, 0.18178566117, 0.44816839517, 0.3263926724],
      [0.63843180217, 0.027947278758, 0.19461585843, 0.10709250199, 0.031912558651],
      [0.0077850057949, 0.045822702508, 0.94553608434, 0, 0.00085620735361],
      [0.025553096354, 0.03095807638, 0.022012650195, 0.91445839127, 0.0070177858019],
      [0.022963308413, 0.46290548733, 0.40581052731, 0.048889441354, 0.059431235591],
      [0.34455066454, 0.077619484612, 0.2573033047, 0.017985924459, 0.30254062169]
    ],
    [
      [0.0028120192449, 0.020142040999, 0.068739200391, 0.56940973304, 0.33889700632],
      [0.53986084987, 0.026476400425, 0.13076250982, 0.24385063652, 0.05904960337],
      [0.0093897737802, 0.056298238517, 0.90956065943, 0.012473486373, 0.012277841903],
      [0.003696220974, 0.0058570157019, 0.0068401386933, 0.97761194166, 0.0059946829736],
      [0.020850058896, 0.45848298305, 0.28637525078, 0.11748664494, 0.11680506233],
      [0.25577471025, 0.064191464935, 0.15094554047, 0.035601369833, 0.49348691451]
    ],
    [
      [0.0040248238518, 0.01663153675, 0.10062826519, 0.46614213521, 0.412573239],
      [0.61470396243, 0.017404102689, 0.15237487626, 0.15857376264, 0.05694329599],
      [0.012104030684, 0.026837279874, 0.94700638297, 0.0031146191591, 0.010937687314],
      [0.0063783145337, 0.0058263053989, 0.012060554801, 0.96694086802, 0.0087939572469],
      [0.02791001509, 0.35597243878, 0.3938294834, 0.089996923995, 0.13229113874],
      [0.28920705038, 0.041890006936, 0.1746574943, 0.023116391249, 0.47112905713]
    ],
    [
      [0.003348135577, 0.022947015001, 0.063697196504, 0.68010141787, 0.22990623505],
      [0.56706056815, 0.027008181551, 0.1083903307, 0.26140533347, 0.036135586134],
      [0.012286462727, 0.067365301116, 0.89600088767, 0.016728673089, 0.0076186753938],
      [0.0046899080072, 0.0061568097655, 0.0060329728055, 0.98312030942, 0],
      [0.024043762659, 0.50562464791, 0.25659608238, 0.13657497848, 0.077160528573],
      [0.34028677328, 0.081964838611, 0.15671544581, 0.047983099975, 0.37304984233]
    ],
    [
      [0.0058470892237, 0.087374221408, 0.099486868641, 0.67470192734, 0.13258989338],
      [0.75859194437, 0.048573531051, 0.093125995151, 0.099708529433, 0],
      [0.0090186846657, 0.13024833924, 0.85532980796, 0.0054031681338, 0],
      [0.005520834748, 0.0037221439789, 0.027880385568, 0.9628766357, 0],
      [0.010502447285, 0.8248714774, 0.13805457139, 0.02657150393, 0],
      [0.52025667938, 0.20392223312, 0.25266063701, 0.023160450478, 0]
    ],
    [
      [0.0025333646092, 0.029858256259, 0.073116781398, 0.34934151327, 0.54515008446],
      [0.55501088401, 0.041826205101, 0.14958285277, 0.1581694806, 0.095410577525],
      [0.0073619466595, 0.072524568655, 0.90414873537, 0, 0.015964749315],
      [0.0048671994702, 0.012592580371, 0.010526255135, 0.95907947172, 0.012934493304],
      [0.01707782047, 0.57139905979, 0.24916799503, 0.027823926995, 0.13453119771],
      [0.17601383525, 0.072813450535, 0.12279971462, 0.016091993636, 0.61228100596]
    ],
    [
      [0.0036046067118, 0.01283654112, 0.041321649766, 0.36832808417, 0.57390911824],
      [0.65978954209, 0.016213874071, 0.07549801047, 0.15257255169, 0.095926021678],
      [0.019912716643, 0.056834369919, 0.89148076979, 0.021722364679, 0.01004977897],
      [0.012648073532, 0.014249660997, 0.0076931117929, 0.96540915368, 0],
      [0.034946947228, 0.38146923085, 0.22487560465, 0.10037328174, 0.25833493554],
      [0.24829544142, 0.031117084434, 0.06897874405, 0.017735238463, 0.63387349164]
    ],
    [
      [0, 0.0075297154137, 0.017997860028, 0.77726844711, 0.19720397745],
      [0, 0.022344351525, 0.080029754406, 0.69014866053, 0.20747723354],
      [0, 0.056924228819, 0.88452493864, 0.032599872951, 0.025950959585],
      [0, 0.0046321617602, 0, 0.99264765804, 0.0027201802013],
      [0, 0.44774032253, 0.16640107937, 0.26177193856, 0.12408665954],
      [0, 0.087911244973, 0.07762165556, 0.075845412273, 0.75862168719]
    ],
    [
      [0.0022651961453, 0.094066759127, 0.35586182062, 0.43416338253, 0.11364284158],
      [0.3636561912, 0.12872400006, 0.4046259029, 0.10299390584, 0],
      [0.0012895448621, 0.034753354859, 0.96305598394, 0.00090111634002, 0],
      [0.041166417719, 0.024123226771, 0, 0.93471035551, 0],
      [0.0075450322528, 0.66909516665, 0.31361828008, 0.009741521014, 0],
      [0.23070657981, 0.20469584786, 0.55147359633, 0.013123976002, 0]
    ],
    [
      [0.0031972140004, 0.016266767814, 0.034815706372, 0.59593677995, 0.34978353186],
      [0.60587591056, 0.020911468014, 0.064860335999, 0.24890511355, 0.059447171878],
      [0.019734354481, 0.081413609152, 0.85510670262, 0.024162763137, 0.019582570607],
      [0.0050004902228, 0.0055807959059, 0.0009396089493, 0.9826108565, 0.0058682484238],
      [0.029894046622, 0.4790927558, 0.18460081669, 0.15465291624, 0.15175946464],
      [0.30180270564, 0.053498574428, 0.078893075987, 0.038221669114, 0.52758397483]
    ],
    [
      [0.005340241759, 0.004971527719, 0.020013084748, 0.7656337386, 0.20404140717],
      [0.78364717436, 0.0037021506772, 0.021775981752, 0.17091497023, 0.019959722979],
      [0.049132773446, 0.038711433396, 0.85487331104, 0.040802815029, 0.016479667086],
      [0, 0, 0.0014630039715, 0.9831702061, 0.015366789927],
      [0.062551415733, 0.25699682709, 0.19747647018, 0.31287437994, 0.17010090706],
      [0.59211373905, 0.015644704975, 0.044011048473, 0.042697165278, 0.30553334222]
    ],
    [
      [0, 0.041585451692, 0.088518115943, 0.6345010397, 0.23539539267],
      [0, 0.081509060933, 0.25550775308, 0.41929565114, 0.24368753484],
      [0, 0.079358840079, 0.90555488594, 0.010416074229, 0.0046701997532],
      [0, 0.0082016271911, 0.0083858270079, 0.97993041383, 0.003482131973],
      [0, 0.64636928256, 0.23583674647, 0.071871535131, 0.045922435839],
      [0, 0.17013181537, 0.33071951088, 0.046141832224, 0.45300684153]
    ],
    [
      [0, 0, 0.089208705641, 0.91079129436, 0],
      [0.58214410712, 0.022057531679, 0.098474311281, 0.24782913582, 0.049494914098],
      [0.00046090832809, 0.069351563317, 0.91970201018, 0.0099503887657, 0.0005351294049],
      [0.00026352239486, 0.010428319439, 0.0094927003213, 0.97940781742, 0.00040764042445],
      [0, 0.72996491408, 0.23281494144, 0.037220144478, 0],
      [0, 0.27003508592, 0.67797635292, 0.051988561163, 0]
    ],
    [
      [0.0028059767074, 0.017675998129, 0.051698495539, 0.62632927953, 0.30149025009],
      [0.53623415636, 0.024154407601, 0.10193930818, 0.28234624869, 0.05532587918],
      [0.012870420627, 0.064316329515, 0.89056161488, 0.019421994204, 0.012829640774],
      [0.0032660812042, 0.0048467253169, 0.0048581446006, 0.98192131772, 0.0051077311579],
      [0.024026818037, 0.45655606625, 0.24603927065, 0.15203723402, 0.12134061104],
      [0.27973200626, 0.062869670363, 0.12653206394, 0.044772128825, 0.4860941306]
    ],
    [
      [0.0043173193336, 0.015021981043, 0.046442836746, 0.59970152776, 0.33451633512],
      [0.65306688585, 0.016085642011, 0.071829626483, 0.21110779272, 0.047910052937],
