{
  "Z_true": {},
  "V_true": [
    [16, 67, 1177, 302],
    [618, 884, 252, 136],
    [641, 11375, 569, 896],
    [240, 337, 12820, 1264],
    [124, 886, 673, 1206]
  ],
  "p_true": [
    [0.0102, 0.0429, 0.7535, 0.1933],
    [0.327, 0.4677, 0.1333, 0.072],
    [0.0475, 0.8438, 0.0422, 0.0665],
    [0.0164, 0.023, 0.8744, 0.0862],
    [0.0429, 0.3067, 0.233, 0.4174]
  ],
  "Z_est": [
    [
      [0, 0, 0, 0, 0, 0, 0, 0, 0, 0, 0, 0, 0, 0, 0, 0, 0, 0, 0, 0, 0, 0, 0, 0, 0, 0, 0, 0, 0, 0, 0, 0, 0, 0, 0, 0, 0, 0, 0],
      [0.0421, 0.0184, 0.0238, 0.0406, 0.0391, 0.0147, 0.018, 0.0011, 0, 0.597, 0.0529, 0.0421, 0.014, 0.046, 0.0138, 0.0506, 0.0935, 0.0345, 0.0054, 0.0245, 0.0299, 0.0422, 0.0314, 0.013, 0.0353, 0.0015, 0.0115, 0.0061, 0.0092, 0.0169, 0.0266, 0.041, 0.0881, 0.0203, 0.0023, 0.1165, 0.0161, 0.1073, 0.013],
      [54.9579, 23.9816, 30.9762, 52.9594, 50.9609, 47.9853, 49.982, 0.9989, 0, 0.403, 68.9471, 48.9579, 11.986, 59.954, 17.9862, 65.9494, 121.9065, 44.9655, 6.9946, 31.9755, 38.9701, 18.9578, 40.9686, 16.987, 21.9647, 1.9985, 14.9885, 7.9939, 11.9908, 21.9831, 8.9734, 62.959, 114.9119, 50.9797, 2.9977, 151.8835, 20.9839, 139.8927, 16.987],
      [0, 0, 0, 0, 0, 0, 0, 0, 0, 0, 0, 0, 0, 0, 0, 0, 0, 0, 0, 0, 0, 0, 0, 0, 0, 0, 0, 0, 0, 0, 0, 0, 0, 0, 0, 0, 0, 0, 0]
    ],
    [
      [24.7655, 12.2751, 58.1112, 21.2105, 33.4344, 17.4336, 14.8303, 0, 0, 0, 21.7327, 20.0612, 2.724, 33.0714, 13.2286, 36.5854, 30.4781, 37.3235, 9.142, 25.9847, 30.0228, 8.5041, 19.8429, 9.2616, 13.8734, 3.8136, 8.7168, 5.1021, 6.1418, 15.5908, 6.7391, 23.9712, 41.5755, 26.7555, 0.5448, 56.1145, 14.6459, 112.0055, 26.4571],
      [4.2846, 1.8567, 41.2853, 0, 2.0231, 1.6536, 3.8561, 2.4885, 0.2265, 0.7064, 3.2849, 2.9992, 1.6269, 4.9987, 1.9995, 21.0424, 7.2124, 5.6414, 1.4996, 3.9275, 5.4564, 1.9126, 2.9992, 1.7852, 2.9342, 1.8229, 1.978, 2.4715, 0.9283, 2.3565, 2.3297, 5.0701, 5.6281, 3.9498, 0.1428, 11.3857, 2.2137, 13.3381, 3.9989],
      [30.3268, 11.5896, 22.326, 17.3845, 28.0626, 23.4662, 33.0799, 1.2617, 1.7683, 0.2936, 20.5047, 18.5034, 3.566, 31.2029, 12.4811, 41.3336, 62.2606, 35.2147, 10.1403, 24.5165, 34.7834, 7.3964, 18.7217, 13.6229, 9.912, 2.2804, 8.9151, 6.2406, 5.7948, 14.7099, 4.7859, 41.2213, 40.0482, 27.682, 1.0183, 75.0043, 13.8184, 60.7039, 24.9623],
      [0.6231, 0.2786, 1.2775, 0.405, 0.4799, 0.4466, 2.2337, 0.2498, 0.0052, 0, 0.4777, 0.4362, 0.0831, 0.727, 0.2908, 1.0386, 1.049, 0.8205, 0.2181, 0.5712, 0.7374, 0.1869, 0.4362, 0.3302, 0.2804, 0.0831, 0.3901, 0.1858, 0.135, 0.3427, 0.1454, 0.7374, 0.7482, 0.6128, 0.2941, 1.4956, 0.322, 1.9525, 0.5816]
    ],
    [
      [4.1862, 2.9439, 3.2752, 7.493, 12.3099, 4.3578, 4.7068, 0, 0, 0, 20.0996, 10.3679, 0.892, 23.2571, 14.2326, 10.2161, 7.8518, 11.9531, 2.4293, 8.385, 9.0986, 8.6659, 13.391, 3.0329, 8.5459, 2.3499, 2.8545, 1.6056, 11.914, 4.2969, 2.5949, 7.8498, 15.5212, 5.0972, 0.1784, 18.3757, 6.0658, 45.0712, 4.0186],
      [164.8563, 113.8937, 134.1529, 205.003, 214.4781, 145.652, 176.4989, 7.9366, 5.6452, 3, 697.5416, 420.2826, 138.8593, 650.8037, 343.0044, 415.7408, 319.2289, 478.24, 98.7196, 332.4317, 426.4271, 432.3212, 386.3401, 213.4622, 353.1483, 161.3078, 160.4963, 173.8327, 272.2002, 162.26, 264.104, 401.5802, 498.9827, 199.4124, 81.5804, 996.8606, 240.7444, 1186.277, 131.3953],
      [1.0324, 0.7128, 0, 2.1045, 1.3253, 2.2929, 1.1458, 0, 0.0317, 0, 4.1766, 0.4943, 0, 3.189, 11.7432, 0, 1.9114, 13.5062, 0.6387, 6.3627, 2.4869, 0.6249, 3.5586, 3.824, 0.8639, 0.9504, 0, 2.0237, 1.6949, 0.6656, 0.4044, 3.409, 9.6408, 1.2408, 3.3205, 5.8926, 0, 5.9414, 0],
      [22.9251, 17.4495, 13.5719, 25.3995, 22.8866, 17.6972, 34.6485, 1.0634, 0.3231, 0, 69.1822, 46.8552, 13.2487, 60.7502, 37.0198, 45.0432, 33.0078, 43.3007, 10.2124, 26.8206, 32.9873, 36.388, 38.7103, 20.6809, 31.4419, 15.3919, 18.6492, 12.5379, 35.1909, 16.7775, 21.8967, 37.161, 46.8552, 29.2496, 26.9207, 94.8711, 26.1898, 158.7104, 13.5861]
    ],
    [
      [10.9395, 5.7435, 18.5629, 12.9634, 23.0275, 10.1027, 7.3842, 0, 0, 0, 17.9164, 18.3795, 1.3674, 26.3844, 10.3925, 15.9902, 14.4948, 17.5018, 4.3758, 12.4748, 11.7098, 3.7606, 12.5804, 4.6493, 8.4781, 0.7949, 4.3758, 2.2625, 6.8372, 8.041, 3.5553, 12.0334, 29.6894, 14.0516, 0.2735, 28.1692, 13.1664, 64.1891, 15.4924],
      [0, 1.1041, 0.8664, 0, 1.1446, 0.757, 2.36, 0.0547, 0.0319, 0.6966, 3.2689, 2.1752, 1.3329, 3.3654, 0.4866, 2.2846, 2.766, 1.385, 0.5244, 1.6014, 1.6141, 0.788, 0.5, 0.7628, 8.8528, 0.1096, 5.7282, 0.3119, 0, 11.1251, 1.3726, 2.1159, 2.5765, 1.7847, 0.3414, 5.5164, 1.2631, 6.106, 6.9846],
      [394.6478, 227.1699, 141.6106, 374.63, 430.5493, 415.6136, 490.5457, 6.5176, 6.6112, 3.3034, 506.0132, 344.3787, 85.0624, 587.8271, 228.76, 451.5429, 820.3873, 432.8105, 116.6781, 341.0753, 336.9522, 107.0603, 328.0983, 158.8255, 155.2595, 22.6876, 126.3548, 64.5725, 101.1133, 220.7039, 72.5677, 523.1844, 906.9796, 425.1552, 60.0403, 1170.6908, 217.5071, 1067.8218, 293.7366],
      [26.4127, 27.9825, 15.9601, 36.4067, 42.2787, 43.5267, 59.7102, 1.4277, 0.3569, 0, 58.8015, 52.0666, 14.2373, 64.4231, 32.361, 53.1823, 44.3519, 44.3027, 11.4217, 24.8484, 32.7239, 11.391, 34.8213, 16.7624, 31.4097, 2.4079, 22.5412, 6.8531, 12.0495, 23.1301, 10.5044, 32.6663, 51.7546, 45.0084, 20.3449, 104.6236, 37.0634, 155.8831, 33.7864]
    ],
    [
      [0.1088, 0.0375, 0.0507, 0.3331, 0.2282, 0.1058, 0.0788, 0, 0, 0, 0.2514, 0.1914, 0.0165, 0.2871, 0.1463, 0.2083, 0.1753, 0.2216, 0.0529, 0.1554, 0.1687, 0.0694, 0.1857, 0.0562, 0.1025, 0.0416, 0.0529, 0.0298, 0.1069, 0.0713, 0.1107, 0.1455, 0.2139, 0.0957, 0.0033, 0.3406, 0.122, 0.7342, 0.0319],
      [26.817, 10.1271, 13.6716, 44.9564, 33.3152, 17.9228, 21.267, 1.5191, 1.0964, 0, 67.8518, 51.5009, 17.167, 78.7863, 39.4958, 61.8817, 55.6992, 55.6992, 14.251, 41.0149, 52.4726, 42.9359, 50.1293, 37.9767, 35.0295, 19.7582, 22.786, 21.3777, 28.8623, 19.2415, 33.1671, 55.1928, 57.7246, 24.8327, 9.9331, 129.1209, 32.7626, 133.1717, 8.6081],
      [7.0351, 1.546, 2.0871, 10.9217, 5.1019, 9.6419, 3.2466, 0.2218, 0.5888, 0, 10.3583, 4.6657, 2.3856, 11.827, 6.0295, 8.174, 8.5342, 8.5031, 4.5483, 9.0699, 7.8074, 1.9606, 7.6528, 10.7406, 0, 1.0831, 2.7416, 3.1693, 4.4061, 2.9374, 1.2686, 9.2264, 10.4195, 3.9423, 1.6233, 20.5287, 3.6906, 18.6402, 1.3141],
      [24.0391, 8.2893, 11.1906, 39.7888, 27.3548, 28.3295, 17.4076, 1.2591, 0.3148, 0, 55.5385, 45.642, 13.4309, 62.0996, 32.3284, 49.736, 45.5913, 45.5761, 10.1478, 30.7598, 40.5513, 22.0341, 41.0322, 26.2264, 24.868, 11.1171, 19.4194, 16.4232, 23.6246, 15.7497, 24.4535, 44.4352, 45.642, 22.1292, 9.4403, 105.0098, 28.4249, 110.4539, 7.0459]
    ]
  ],
  "V_est": [
    [0, 1.8, 1560.2, 0],
    [842.0712, 185.3148, 840.9048, 21.7091],
    [319.4855, 11808.7021, 97.21, 1255.6024],
    [472.1112, 84.0592, 12765.046, 1339.7836],
    [5.3321, 1469.1238, 227.6392, 1186.9048]
  ],
  "p_est": [
    [0, 0.0012, 0.9988, 0],
    [0.4455, 0.0981, 0.4449, 0.0115],
    [0.0237, 0.876, 0.0072, 0.0931],
    [0.0322, 0.0057, 0.8707, 0.0914],
    [0.0018, 0.5085, 0.0788, 0.4108]
  ],
  "EI_Z": {},
  "EI_V": 8.3534,
  "MAE_Z": {},
  "MAE_V": 288.0499,
  "MAE_p": 0.0957,
  "runtime": 3.232
}
