{
  "X": [
    [2, 6, 29, 135, 7],
    [1, 3, 14, 22, 1],
    [6, 15, 44, 226, 10],
    [1, 0, 7, 49, 4],
    [0, 3, 2, 59, 1],
    [1, 0, 0, 35, 0],
    [2, 3, 18, 122, 5],
    [22, 18, 177, 507, 20],
    [30, 49, 244, 551, 32],
    [43, 70, 322, 665, 43],
    [7, 7, 54, 121, 12],
    [1, 3, 10, 48, 2],
    [1, 4, 10, 51, 0],
    [0, 6, 15, 56, 1],
    [0, 0, 15, 59, 1],
    [3, 8, 40, 83, 2],
    [12, 10, 86, 156, 12],
    [4, 16, 56, 161, 5],
    [5, 2, 37, 58, 11],
    [0, 6, 10, 57, 1],
    [4, 12, 50, 181, 8],
    [4, 1, 24, 89, 6],
    [0, 7, 42, 14, 5],
    [11, 6, 48, 150, 8],
    [3, 11, 55, 133, 10],
    [0, 4, 7, 59, 3],
    [10, 2, 52, 73, 6],
    [4, 12, 25, 111, 5],
    [15, 24, 89, 106, 10],
    [0, 9, 22, 89, 3],
    [35, 83, 164, 749, 41],
    [3, 3, 26, 111, 4],
    [12, 14, 55, 174, 12],
    [0, 2, 4, 63, 1],
    [0, 9, 14, 82, 3],
    [3, 18, 58, 183, 14],
    [0, 4, 14, 57, 5],
    [32, 50, 264, 368, 26],
    [51, 30, 291, 385, 35],
    [18, 22, 240, 239, 23],
    [26, 27, 227, 229, 20],
    [21, 37, 234, 189, 22],
    [22, 53, 246, 374, 36],
    [12, 26, 122, 143, 17],
    [23, 30, 231, 270, 16],
    [9, 21, 173, 522, 9],
    [23, 43, 237, 298, 31],
    [20, 45, 230, 377, 18],
    [25, 32, 238, 207, 30],
    [35, 68, 375, 377, 47],
    [53, 78, 564, 535, 31],
    [51, 78, 405, 343, 24],
    [37, 73, 403, 720, 32],
    [17, 27, 140, 250, 18],
    [22, 52, 235, 296, 24],
    [13, 30, 122, 294, 16],
    [26, 59, 344, 813, 38],
    [19, 21, 106, 263, 8],
    [29, 57, 312, 310, 36],
    [35, 39, 315, 314, 37],
    [9, 18, 85, 106, 7],
    [24, 70, 243, 396, 15],
    [0, 3, 4, 127, 1],
    [14, 27, 293, 195, 19],
    [0, 8, 24, 102, 2],
    [1, 1, 5, 59, 1],
    [10, 23, 195, 186, 15],
    [46, 40, 328, 295, 36],
    [56, 28, 473, 500, 42],
    [2, 4, 6, 102, 4],
    [6, 23, 77, 207, 8],
    [7, 21, 40, 143, 10],
    [23, 16, 196, 208, 17],
    [65, 118, 625, 853, 41],
    [11, 2, 70, 78, 4],
    [60, 171, 565, 824, 87],
    [5, 17, 93, 110, 12]
  ],
  "W": [
    [10, 30, 122, 6, 11],
    [4, 18, 14, 1, 4],
    [10, 70, 193, 14, 14],
    [0, 6, 42, 4, 9],
    [2, 4, 57, 0, 2],
    [0, 1, 34, 1, 0],
    [3, 31, 103, 7, 6],
    [19, 209, 429, 40, 47],
    [64, 267, 455, 63, 57],
    [60, 349, 554, 86, 94],
    [6, 60, 111, 10, 14],
    [0, 10, 48, 3, 3],
    [2, 12, 48, 3, 1],
    [6, 22, 48, 0, 2],
    [1, 11, 58, 0, 5],
    [2, 52, 61, 10, 11],
    [12, 95, 144, 11, 14],
    [23, 51, 144, 7, 17],
    [4, 40, 54, 10, 5],
    [3, 16, 49, 1, 5],
    [4, 65, 164, 8, 14],
    [1, 25, 77, 11, 10],
    [7, 42, 12, 2, 5],
    [9, 46, 144, 14, 10],
    [13, 73, 106, 6, 14],
    [2, 10, 55, 2, 4],
    [4, 53, 66, 12, 8],
    [7, 38, 88, 9, 15],
    [11, 117, 59, 26, 31],
    [15, 22, 72, 3, 11],
    [45, 251, 605, 74, 97],
    [3, 32, 95, 7, 10],
    [2, 84, 149, 20, 12],
    [1, 10, 56, 2, 1],
    [3, 22, 76, 3, 4],
    [12, 73, 159, 10, 22],
    [2, 13, 51, 5, 9],
    [28, 351, 268, 44, 49],
    [18, 344, 283, 81, 66],
    [23, 264, 166, 42, 47],
    [19, 255, 181, 41, 33],
    [33, 278, 139, 22, 31],
    [36, 339, 273, 34, 49],
    [20, 143, 97, 29, 31],
    [18, 262, 219, 32, 39],
    [17, 239, 421, 19, 38],
    [22, 332, 204, 49, 25],
    [27, 320, 277, 27, 39],
    [21, 297, 150, 28, 36],
    [32, 462, 278, 49, 81],
    [48, 690, 382, 69, 72],
    [38, 506, 228, 66, 63],
    [57, 515, 536, 85, 72],
    [17, 176, 195, 28, 36],
    [40, 273, 229, 27, 60],
    [21, 162, 216, 26, 50],
    [44, 459, 631, 65, 81],
    [15, 130, 212, 30, 30],
    [24, 385, 229, 38, 68],
    [28, 374, 220, 58, 60],
    [15, 99, 74, 16, 21],
    [46, 314, 314, 31, 43],
    [8, 6, 111, 1, 9],
    [53, 276, 154, 28, 37],
    [5, 25, 85, 7, 14],
    [1, 6, 54, 4, 2],
    [18, 192, 160, 22, 37],
    [38, 333, 239, 73, 62],
    [33, 496, 407, 90, 73],
    [4, 13, 88, 9, 4],
    [14, 99, 169, 22, 17],
    [21, 45, 129, 12, 14],
    [10, 202, 192, 26, 30],
    [83, 689, 728, 104, 98],
    [5, 68, 73, 9, 10],
    [116, 691, 707, 95, 98],
    [28, 85, 104, 10, 10]
  ],
  "method": "mvn_pdf",
  "cond_prob": [
    [
      [0.00030052355748, 0.34152467873, 0.35880390872, 0.20655696165, 0.092813927345],
      [0.011826924785, 0.053173504317, 0.69128943611, 0.19579459026, 0.047915544524],
      [0.00073782499907, 0.0032088897243, 0.013578504557, 0.97006228805, 0.012412492674],
      [0.23283844177, 0.012065404464, 0.078477021989, 0.43102481851, 0.24559431326],
      [0.014103792762, 0.047788282731, 0.23143983105, 0.55698587481, 0.14968221864]
    ],
    [
      [0.00034516519431, 0.38388651576, 0.32942817598, 0.25200540042, 0.034334742634],
      [0.03213601197, 0.067630602838, 0.64928555383, 0.22171974474, 0.029228086615],
      [0.00049017525736, 0.0032080131563, 0.0089146216287, 0.98412266866, 0.003264521293],
      [0.35044258854, 0.01145682684, 0.065462147849, 0.49151808911, 0.081120347665],
      [0.015716520406, 0.047683518706, 0.20122011911, 0.68294688562, 0.052432956156]
    ],
    [
      [0.00037302758612, 0.49178963816, 0.21355745832, 0.22712712577, 0.067152750167],
      [0.019567568825, 0.10225083024, 0.54450330488, 0.28721712033, 0.046461175725],
      [0.0021393339143, 0.0085582273182, 0.0053071172455, 0.97356818041, 0.010427141107],
      [0.28242440379, 0.017604377919, 0.047654864783, 0.47621356229, 0.17610279122],
      [0.018550486279, 0.07331045272, 0.14698231, 0.64699154481, 0.1141652062]
    ],
    [
      [0.00029626649159, 0.18617019282, 0.40994440519, 0.25360400674, 0.14998512875],
      [0.0098968431747, 0, 0.69759536943, 0.22767244965, 0.064835337747],
      [0.00043016864528, 0, 0.013628071342, 0.97402451129, 0.011917248727],
      [0.1834411476, 0, 0.071672608183, 0.41704885248, 0.32783739173],
      [0.020976363049, 0, 0.21726203937, 0.56186004647, 0.19990155112]
    ],
    [
      [0, 0.73663932722, 0.094769938866, 0.14143485758, 0.027155876336],
      [0, 0.1856319966, 0.40025409176, 0.31276116032, 0.10135275132],
      [0, 0.0095274100635, 0, 0.98379696677, 0.0066756231707],
      [0.28980972911, 0.024708340316, 0.04263936233, 0.4789988326, 0.16384373564],
      [0, 0.12056549277, 0.10472187761, 0.69482926896, 0.079883360662]
    ],
    [
      [0.0016093869822, 0.14849041325, 0.0953356405, 0.72627027352, 0.028294285754],
      [0.0020955122658, 0, 0, 0.99790448773, 0],
      [0, 0, 0, 1, 0],
      [0.99790448773, 0, 0, 0.0020955122658, 0],
      [0.038426498569, 0.0070653673554, 0.044980335406, 0.88636992441, 0.023157874259]
    ],
    [
      [0.00033037983462, 0.30686370421, 0.23644729567, 0.3655502258, 0.090808394486],
      [0.014322342324, 0.05153670239, 0.50130655546, 0.38130881854, 0.051525581285],
      [0.0014878322295, 0.0023312699777, 0.0077881909497, 0.97670381593, 0.011688890914],
      [0.19040037197, 0.0080110316409, 0.03916535771, 0.58018322798, 0.1822400107],
      [0.011494487498, 0.03092884735, 0.112302287, 0.73683338521, 0.10844099294]
    ],
    [
      [0.00060072868165, 0.32180699086, 0.39555607148, 0.2229734465, 0.059062762477],
      [0.022033423894, 0.044628760929, 0.70539909231, 0.198072328, 0.029866394863],
      [0.0019956565133, 0, 0.01665242823, 0.97427755497, 0.0070743602921],
      [0.38088031984, 0.010282694707, 0.076353192534, 0.40078753063, 0.13169626229],
      [0.027494704757, 0.045679752154, 0.25229797737, 0.58233650339, 0.092191062332]
    ],
    [
      [0.00048035822018, 0.39236365526, 0.37260619736, 0.1764826458, 0.058067143358],
      [0.01906902372, 0.063740458627, 0.7173222433, 0.16931722237, 0.030551051981],
      [0.0012908409195, 0.0049372807719, 0.016579309991, 0.96755525476, 0.0096373135601],
      [0.36262938717, 0.015089856129, 0.086412616583, 0.38058664654, 0.15528149358],
      [0.025348135626, 0.064436840749, 0.27439620206, 0.53127741489, 0.10454140668]
    ],
    [
      [0.00044560873974, 0.45631900928, 0.35228946236, 0.13895366636, 0.051992253253],
      [0.019006550964, 0.079681235317, 0.72862877624, 0.14327562757, 0.029407809906],
      [0.0014045734566, 0.0089848067882, 0.018880358108, 0.96023435026, 0.010495911383],
      [0.38396757164, 0.020114099885, 0.093660410188, 0.34311297437, 0.15914494392],
      [0.027028003545, 0.086220348582, 0.2984752732, 0.48066000165, 0.10761637302]
    ],
    [
      [0.00067548187145, 0.34686200437, 0.38842489967, 0.12978875249, 0.1342488616],
      [0.026168594056, 0.053268909307, 0.73154285336, 0.12086942162, 0.068150221661],
      [0.0060189273274, 0.0077612986812, 0.028546655477, 0.94954156769, 0.0081315508265],
      [0.42610860619, 0.0098235205313, 0.068039066372, 0.21431299173, 0.28171581518],
      [0.035474605011, 0.054496718319, 0.28055785564, 0.38763273266, 0.24183808838]
    ],
    [
      [8.8437290775e-05, 0.73466370082, 0.19374269983, 0.049926061418, 0.021579100647],
      [0.0064036550198, 0.1458543143, 0.73906048993, 0.087637872205, 0.021043668539],
      [0.0028560526135, 0.01689317364, 0.024899838459, 0.93721656977, 0.018134365518],
      [0.25518422507, 0.053883760517, 0.13473619204, 0.34753726077, 0.2086585616],
      [0.011106749714, 0.18964441355, 0.33666475952, 0.36487138224, 0.097712694979]
    ],
    [
      [0.00010212571705, 0.69859145167, 0.19741489977, 0.10389152284, 0],
      [0.006914923779, 0.1469471948, 0.68239489347, 0.16374298795, 0],
      [0.00038453196982, 0.011264010582, 0.016595051431, 0.97175640602, 0],
      [0.28725527713, 0.047658583729, 0.12033672585, 0.54474941329, 0],
      [0.03659329728, 0.15580249996, 0.25885883257, 0.54874537019, 0]
    ],
    [
      [0, 0.51918097577, 0.22661266692, 0.22576029786, 0.028446059452],
      [0, 0.10104019481, 0.5890608092, 0.28661596758, 0.023283028406],
      [0, 0.010495904688, 0.007402436518, 0.97761845963, 0.0044831991677],
      [0.054324377672, 0.025484255928, 0.074640723966, 0.73109847148, 0.11445217095],
      [0, 0.079113217278, 0.16283462161, 0.70710043195, 0.050951729157]
    ],
    [
      [0, 0, 0.6902248018, 0.13329100556, 0.17648419264],
      [0, 0, 0.89174816359, 0.088629962795, 0.019621873616],
      [0, 0, 0.033311403211, 0.96109860418, 0.0055899926087],
      [0.074742254701, 0.0094029381343, 0.26116677574, 0.50864913911, 0.14603889231],
      [0, 0, 0.5136968025, 0.42961207225, 0.056691125256]
    ],
    [
      [0.00021244903566, 0.51266322757, 0.28420072489, 0.17920652805, 0.023717070453],
      [0.0094216881465, 0.095178933445, 0.67667888999, 0.20888920904, 0.0098312793851],
      [0, 0.012990048095, 0.012314734238, 0.97469521767, 0],
      [0.23705499219, 0.025775933494, 0.092031204676, 0.55396696917, 0.091170900469],
      [0.012645217856, 0.088656066999, 0.23388958506, 0.6166609186, 0.048148211489]
    ],
    [
      [0.0013258900291, 0.33651298522, 0.43478677307, 0.13205312198, 0.095321229706],
      [0.043159445872, 0.047953533684, 0.75120155137, 0.11323136463, 0.044454104446],
      [0, 0.004013349054, 0.030535083486, 0.94711404291, 0.01833752455],
      [0.62823296475, 0.0071948107523, 0.056796753733, 0.16148404131, 0.14629142946],
      [0.069527096402, 0.053513806813, 0.31404250217, 0.39268830448, 0.17022829013]
    ],
    [
      [0.00036602037561, 0.42700232398, 0.38611045482, 0.14851730916, 0.03800389167],
      [0.0146816941, 0.068506094595, 0.75332643321, 0.14339475103, 0.020091027062],
      [0.002301058956, 0.0086101425559, 0.01767856572, 0.96498423788, 0.0064259948903],
      [0.36292622881, 0.01923291683, 0.10673995779, 0.38752290985, 0.12357798672],
      [0.021822296524, 0.077096751661, 0.31805401631, 0.50591640961, 0.077110525893]
    ],
    [
      [0.00052316606311, 0.20801168597, 0.4058838384, 0.10520160343, 0.28037970614],
      [0.019094757214, 0.024529679529, 0.74478741649, 0.14717198612, 0.064416160655],
      [0.024729056339, 0, 0.069687485149, 0.90558345851, 0],
      [0.27819628102, 0.0049118188711, 0.0588556793, 0.14574786153, 0.51228835929],
      [0.02335703894, 0.027529577244, 0.24665739919, 0.26666575334, 0.43579023128]
    ],
    [
      [0, 0.70536547854, 0.13418968359, 0.14237794933, 0.018066888535],
      [0, 0.18589440504, 0.5230643348, 0.26842984133, 0.022611418826],
      [0, 0.0033662172446, 0.0070993543471, 0.9848825268, 0.0046519016096],
      [0, 0.046779575788, 0.14003485146, 0.70064780342, 0.11253776934],
      [0, 0.13957377259, 0.14809967559, 0.66361941482, 0.048707136995]
    ],
    [
      [0.00030558634364, 0.52755414344, 0.2685140957, 0.14652819342, 0.057097981105],
      [0.015486141588, 0.10472586147, 0.66267638436, 0.17894918406, 0.03816242852],
      [0.0016690135211, 0.0092395519463, 0.011994522208, 0.96483026656, 0.012266645766],
      [0.3062533662, 0.024079416777, 0.077335805011, 0.39744481177, 0.19488660024],
      [0.019173807451, 0.098191469801, 0.23329932512, 0.52646200375, 0.12287339388]
    ],
    [
      [0.00043745220513, 0.24419137199, 0.44903212185, 0.21339239868, 0.092946655276],
      [0.014648748025, 0.01432881595, 0.74522249047, 0.17546282296, 0.050337122588],
      [0.0020903376011, 0, 0.016742274139, 0.9700609446, 0.011106443657],
      [0.29815887714, 0.0074893235794, 0.085290459779, 0.39186023996, 0.21720109955],
      [0.019264020336, 0.031520566989, 0.26930554501, 0.53948816532, 0.14042170234]
    ],
    [
      [0, 0.42260609612, 0.42407431164, 0.061380889206, 0.091938703032],
      [0, 0.073117235039, 0.85856305804, 0.023650561489, 0.044669145434],
      [0, 0.015183798939, 0.045787089221, 0.90510789923, 0.033921212609],
      [0, 0.15536651117, 0.16281221322, 0.22665505826, 0.45516621735],
      [0, 0.095578969181, 0.41935237677, 0.25248105714, 0.23258759691]
    ],
    [
      [0.0011460170115, 0.31885349706, 0.46757135898, 0.13647523312, 0.075953893832],
      [0.038952514115, 0.043007980135, 0.77283852251, 0.11134136472, 0.033859618517],
      [0.00049475535762, 0.0037571366723, 0.027074284423, 0.95091586557, 0.017757957974],
      [0.60844238731, 0.0074676007746, 0.067308163562, 0.18617750102, 0.13060434734],
      [0.060843200383, 0.050637734857, 0.34002744869, 0.41116504679, 0.13732656928]
    ],
    [
      [0.00034610078303, 0.3734562878, 0.30560124718, 0.2213114601, 0.099284904128],
      [0.014841240177, 0.064037817994, 0.63657285082, 0.22860155142, 0.055946539596],
      [0.0019419926589, 0.006307896839, 0.013784522621, 0.9687536961, 0.0092118917805],
      [0.24735613073, 0.012605940636, 0.063470520537, 0.43256196624, 0.24400544186],
      [0.015864439334, 0.05185963116, 0.1939559397, 0.58226958438, 0.15605040543]
    ],
    [
      [0, 0.66276070767, 0.15029940207, 0.12420082203, 0.06273906823],
      [0, 0.15595064479, 0.56075832187, 0.21907317435, 0.064217858987],
      [0, 0.0094841043319, 0.0064089887333, 0.96976567123, 0.014341235701],
      [0, 0.049631711213, 0.060364488991, 0.5077641868, 0.382239613],
      [0, 0.12352074403, 0.1546486547, 0.55205658025, 0.16977402102]
    ],
    [
      [0.0012274434479, 0.2431083461, 0.54938976933, 0.13131700245, 0.07495743867],
      [0.03688126351, 0.012529531398, 0.81303033037, 0.095338205444, 0.042220669283],
      [0, 0, 0.041399886842, 0.94429401904, 0.01430609412],
      [0.62798678487, 0.0053979394785, 0.074626533631, 0.16956205999, 0.12242668203],
      [0.063067730215, 0.037340772223, 0.38549030977, 0.38295714066, 0.13114404713]
    ],
    [
      [0.00029553102581, 0.60022886784, 0.18070726949, 0.17863545589, 0.040132875754],
      [0.018198932215, 0.14154308573, 0.54282353, 0.26487156664, 0.03256288542],
      [0.0038826146051, 0.0065072664975, 0.0037685911546, 0.97471601145, 0.011125516293],
      [0.29892441266, 0.026578639686, 0.051821396141, 0.48596253515, 0.13671301636],
      [0.018292137295, 0.10719423057, 0.15398175912, 0.63571736349, 0.084814509517]
    ],
    [
      [0.00045982844739, 0.56280104122, 0.25584463898, 0.14234824004, 0.038546251315],
      [0.026064267012, 0.11190786996, 0.65216878923, 0.18171798763, 0.02814108617],
      [0.0012455982768, 0.0099476143996, 0.013731298762, 0.96795832253, 0.0071171660294],
      [0.42046920047, 0.024771160398, 0.069637054954, 0.36291759791, 0.12220498627],
      [0.030313972135, 0.11241962391, 0.23423388954, 0.53637955587, 0.086652958546]
    ],
    [
      [0, 0.4119046184, 0.3007225128, 0.24448268111, 0.042890187686],
      [0, 0.070647154856, 0.64288651885, 0.25679210624, 0.029674220056],
      [0, 0.0040929857332, 0.011733348262, 0.97698772197, 0.0071859440357],
      [0, 0.091763017966, 0.11641538848, 0.64960777743, 0.14221381612],
      [0, 0.063382662769, 0.19560105937, 0.67194492108, 0.069071356778]
    ],
    [
      [0.00037137060403, 0.61636668343, 0.17346412567, 0.16120891754, 0.048588902759],
      [0.023451565958, 0.1586179439, 0.53119225089, 0.24605735476, 0.040680884487],
      [0.0026092188081, 0.0023382700943, 0.0068364694326, 0.97737842818, 0.010837613482],
      [0.34058373683, 0.028730946383, 0.049053011844, 0.4234136774, 0.15821862754],
      [0.023867746009, 0.12277991636, 0.15565847925, 0.59112001535, 0.10657384304]
    ],
    [
      [0.00041831845217, 0.3192068647, 0.35731397256, 0.26190690283, 0.061153941464],
      [0.015944940278, 0.047385197148, 0.66608872855, 0.23999715522, 0.030583978811],
      [0.0027090614891, 0.00061058151766, 0.010960076485, 0.97573413208, 0.0099861484249],
      [0.29320195957, 0.009838131318, 0.069114652052, 0.48538232038, 0.14246293668],
      [0.017873239726, 0.039918093377, 0.20882089384, 0.64419515341, 0.089192619652]
    ],
    [
      [0.00056823633286, 0.55513769253, 0.22021076517, 0.15138562606, 0.072697679905],
      [0.03147203304, 0.12061442833, 0.59263900973, 0.20214525956, 0.053129269333],
      [0.0023486649485, 0.0078256978382, 0.010590237513, 0.96723413062, 0.012001269084],
      [0.42946383943, 0.019392642405, 0.048555659911, 0.3134897217, 0.18909813656],
      [0.034665407169, 0.10035256743, 0.18573692203, 0.52744558741, 0.15179951597]
    ],
    [
      [0, 0.48302464688, 0.13264914166, 0.34912033655, 0.035205874909],
      [0, 0.08801742867, 0.37372189476, 0.48840360286, 0.049857073709],
      [0, 0.0083751654169, 0, 0.98790768105, 0.0037171535284],
      [0, 0.060804712075, 0.030244708637, 0.80399859945, 0.10495197983],
      [0, 0.046182378917, 0.069642493487, 0.83601629686, 0.048158830741]
    ],
    [
      [0, 0.80755601608, 0.097620769325, 0.072214236978, 0.022608977617],
      [0, 0.24339167735, 0.50080876301, 0.1960548599, 0.059744699729],
      [0, 0, 0.019953165544, 0.97223438568, 0.0078124487718],
      [0, 0.081602710683, 0.1722465402, 0.52943207963, 0.21671866949],
      [0, 0.24447672949, 0.16404117595, 0.49801020507, 0.093471889491]
    ],
    [
      [0.00021494145519, 0.51869447074, 0.25308174383, 0.14087442321, 0.087134420756],
      [0.0081610121951, 0.10775869486, 0.64343783752, 0.18061260301, 0.060029852415],
      [0, 0.0098109929204, 0.015860569779, 0.96473900753, 0.0095894297715],
      [0.21126994243, 0.024480414723, 0.074206323006, 0.38793722106, 0.30210609878],
      [0.013134881273, 0.095660436568, 0.21491650501, 0.49326874974, 0.18301942742]
    ],
    [
      [0, 0.51830882263, 0.29126664749, 0.11318872255, 0.077235807325],
      [0, 0.090708597262, 0.72104999516, 0.13843724586, 0.049804161719],
      [0, 0.0093257684092, 0.017873145847, 0.95860943673, 0.014191649012],
      [0, 0.082322622241, 0.1382442947, 0.41595928672, 0.36347379634],
      [0, 0.099660365585, 0.27122942847, 0.44500673909, 0.18410346686]
    ],
    [
      [0.00064257983822, 0.46756308973, 0.31156233669, 0.16693640476, 0.053295588983],
      [0.028307136927, 0.086099504686, 0.67372310204, 0.17932279858, 0.032547457768],
      [0.0014959837914, 0.007310003528, 0.014470378599, 0.9682440563, 0.008479577777],
      [0.45169146687, 0.016587427497, 0.066876981871, 0.3330006609, 0.13184346286],
      [0.036139887859, 0.081599583417, 0.24446524671, 0.53555188157, 0.10224340044]
    ],
    [
      [0.00077102377493, 0.35906464707, 0.40610256022, 0.16837768611, 0.065684082824],
      [0.027560829362, 0.050160856361, 0.73526254719, 0.1530182469, 0.033997520183],
      [0.0017731934314, 0.0055572151613, 0.018621120984, 0.96372425263, 0.010324217792],
      [0.47382737787, 0.011230111532, 0.076647908947, 0.29538271344, 0.14291188822],
      [0.039747953381, 0.057563194539, 0.29214514878, 0.49501456715, 0.11552913615]
    ],
    [
      [0.00039203410182, 0.32788231984, 0.45238058936, 0.1604636725, 0.058881384199],
      [0.012443059791, 0.039657735342, 0.77842523028, 0.13983806611, 0.029635908476],
      [0.00094257119348, 0.0052966552865, 0.021657580746, 0.96243603021, 0.0096671625653],
      [0.32319633335, 0.013705716038, 0.11416439944, 0.37710742675, 0.17182612442],
      [0.020751119402, 0.053918716219, 0.3340621802, 0.48487644983, 0.10639153435]
    ],
    [
      [0.00058497308942, 0.39071942953, 0.42764881335, 0.12706337055, 0.053983413485],
      [0.022847816416, 0.059441207108, 0.77811696414, 0.11095955786, 0.028634454474],
      [0.0017587339901, 0.0078641129233, 0.025587694235, 0.95370703663, 0.011082422217],
      [0.45605574013, 0.015255677199, 0.10112330165, 0.27982537313, 0.14773990789],
      [0.034729579625, 0.071816237038, 0.35386117171, 0.43022105381, 0.10937195782]
    ],
    [
      [0.0007491893023, 0.42016989573, 0.38353785944, 0.12833823434, 0.067204821193],
      [0.029242469294, 0.069379732846, 0.74363222125, 0.1209305658, 0.036815010816],
      [0.0022262559583, 0.0083747874632, 0.022713556133, 0.95305829761, 0.013627102835],
      [0.50772817532, 0.014099480663, 0.077907118661, 0.24242930915, 0.15783591621],
      [0.044077446906, 0.076533667029, 0.3142694264, 0.43024492924, 0.13487453042]
    ],
    [
      [0.00049349802212, 0.45987628663, 0.28650355272, 0.17286578215, 0.08026088047],
      [0.024213137883, 0.089087547072, 0.64733326063, 0.1935895454, 0.045776509012],
      [0.0011074939453, 0.006935357174, 0.012831494514, 0.96682505728, 0.012300597091],
      [0.35782765642, 0.016865790997, 0.063553903701, 0.35630734217, 0.20544530671],
      [0.026642738031, 0.077081343293, 0.21583808206, 0.53249562613, 0.14794221049]
    ],
    [
      [0.00033736550756, 0.47148713069, 0.33095681171, 0.13823548856, 0.058983203537],
      [0.014146133671, 0.086297410776, 0.71409852107, 0.14895615175, 0.036501782724],
      [0.0009361498968, 0.0086588686858, 0.018221934854, 0.96103085598, 0.011152190588],
      [0.31855536654, 0.02203233749, 0.094450921593, 0.3688585513, 0.19610282307],
      [0.020691722746, 0.088738051466, 0.28252164017, 0.48444095195, 0.12360763367]
    ],
    [
      [0.00059027027843, 0.41324779504, 0.41183418078, 0.13022436659, 0.044103387319],
      [0.023573273518, 0.06578761579, 0.76943777636, 0.11909927981, 0.022102054527],
      [0.0017377933016, 0.0081459323137, 0.024144245467, 0.95709943513, 0.0088725937839],
      [0.47002535668, 0.016414984738, 0.099120500717, 0.29176765202, 0.12267150584],
      [0.035686905804, 0.0773319401, 0.34704721949, 0.44898997264, 0.090943961963]
    ],
    [
      [0.00036384948814, 0.33726982743, 0.32607071581, 0.29735579073, 0.038939816549],
      [0.014411711552, 0.054480476796, 0.62786929164, 0.28448905813, 0.01874946188],
      [0.00060294241111, 0.00092077680461, 0.021344804882, 0.9771314759, 0],
      [0.24875667342, 0.011637041529, 0.06805073077, 0.57788240184, 0.093673152437],
      [0.01497894599, 0.043074425153, 0.18728711551, 0.69999867563, 0.054660837715]
    ],
    [
      [0.00041494070608, 0.45616143141, 0.29604343616, 0.17559179927, 0.071788392459],
      [0.01934367333, 0.086704518556, 0.65890412742, 0.19235719047, 0.042690490227],
      [0.00091781133969, 0.0067630254913, 0.013057109618, 0.96842172728, 0.010840326267],
      [0.3228342389, 0.017990283185, 0.070733038038, 0.39024706861, 0.19819537127],
      [0.022506421582, 0.076694690894, 0.22405219504, 0.54377017808, 0.13297651441]
    ],
    [
      [0.0005297815024, 0.45816011613, 0.29708903193, 0.19849100103, 0.045730069409],
      [0.025405281103, 0.086183592767, 0.65138432739, 0.20988622467, 0.027140574065],
      [0.0010436000701, 0.0060563643346, 0.0116759068, 0.97506726597, 0.006156862828],
      [0.38809542705, 0.01686436046, 0.066221349893, 0.41136094093, 0.11745792166],
      [0.027906466577, 0.074819910923, 0.21829253186, 0.59684033328, 0.082140757356]
    ],
    [
      [0.00080490155333, 0.39948077428, 0.36892753376, 0.13632365299, 0.094463137424],
      [0.03157089935, 0.066325217449, 0.72423418039, 0.13300382473, 0.044865878082],
      [0.0022501070973, 0.0074917620858, 0.020559385193, 0.95168618075, 0.018012564875],
      [0.48838390363, 0.012079193825, 0.067526402344, 0.23196415752, 0.20004634268],
      [0.04428540539, 0.068064789389, 0.28278675477, 0.42742066163, 0.17744238881]
    ],
    [
      [0.00051923676889, 0.48164311518, 0.32738010879, 0.1200872451, 0.070370294172],
      [0.024412456226, 0.088916880838, 0.71724666093, 0.12975032744, 0.039673674565],
      [0.0016536559026, 0.010330129192, 0.020819231157, 0.95187654518, 0.015320438564],
      [0.42020222875, 0.019825657525, 0.081376994358, 0.27708215878, 0.20151296059],
      [0.032780297495, 0.094624546088, 0.28865012571, 0.43226977209, 0.15167525862]
    ],
    [
      [0.00063073712075, 0.4249050664, 0.38210053521, 0.15123455837, 0.041129102909],
      [0.025309601447, 0.069803620301, 0.73906918397, 0.14700075179, 0.018816842487],
      [0.0016177746338, 0.0073655706137, 0.019581845736, 0.96421690333, 0.0072179056859],
      [0.46763306713, 0.016137878551, 0.087377959584, 0.32081462756, 0.10803646718],
      [0.036408723303, 0.076568016814, 0.30822351512, 0.4978216123, 0.080978132464]
    ],
    [
      [0.00063459919544, 0.51463579324, 0.32393082273, 0.12525348502, 0.035545299809],
      [0.028036378764, 0.094755188669, 0.71938865614, 0.13959434319, 0.018225433234],
      [0.0019547783913, 0.010672262274, 0.01992040822, 0.95996304497, 0.0074895061402],
      [0.51058625376, 0.021054216951, 0.080034819308, 0.28731552567, 0.10100918431],
      [0.041985640549, 0.10595016306, 0.29929869178, 0.47255922166, 0.080206282959]
    ],
    [
      [0.00038769170351, 0.42739306885, 0.33016474784, 0.2000502963, 0.042004195305],
      [0.01647071144, 0.074433747884, 0.67993844947, 0.20548626745, 0.023670823755],
      [0.00072504314491, 0.0070716370389, 0.018034302788, 0.97088662683, 0.003282390198],
      [0.31355054879, 0.017765882299, 0.082685849382, 0.46508443154, 0.12091328799],
      [0.02020924178, 0.069509964822, 0.24052256117, 0.59505967654, 0.074698555678]
    ],
    [
      [0.00053443245116, 0.45462714199, 0.32190085647, 0.16295174437, 0.059985824709],
      [0.02352604292, 0.081075043439, 0.68727485791, 0.17318607315, 0.034937982577],
      [0.0022507278931, 0.0086698134186, 0.01246603546, 0.96512088192, 0.011492541311],
      [0.40457782177, 0.017015336608, 0.073382697401, 0.34642711587, 0.15859702835],
      [0.030090559601, 0.078752441641, 0.2522699446, 0.52362611813, 0.11526093603]
    ],
    [
      [0.00056581410859, 0.4860898948, 0.33544211643, 0.12612952386, 0.051772650803],
      [0.02553691416, 0.08789413626, 0.72095963016, 0.13359261027, 0.032016709148],
      [0.0017215903556, 0.0099209513553, 0.020349030887, 0.95724459907, 0.010763828331],
      [0.46111149462, 0.019791165983, 0.082696545474, 0.28909962812, 0.14730116581],
      [0.036025588731, 0.095917427782, 0.29779335849, 0.45782222157, 0.11244140343]
    ],
    [
      [0.00041158143074, 0.46385351866, 0.27801932743, 0.20725798512, 0.050457587348],
      [0.019186180224, 0.08765493365, 0.62869644492, 0.23332470624, 0.031137734965],
      [0.0021580578557, 0.0087277841775, 0.011844153634, 0.96874701626, 0.0085229880743],
      [0.32113247804, 0.018013014514, 0.065746668453, 0.45702070266, 0.13808713634],
      [0.021352213358, 0.074108741941, 0.20090038963, 0.61434172242, 0.089296932648]
    ],
    [
      [0.00036502023499, 0.40111159487, 0.31495838305, 0.22901287713, 0.054552124708],
      [0.014832499295, 0.069839070294, 0.64868352684, 0.23523280193, 0.031412101637],
      [0, 0.0054753524022, 0.016851152182, 0.97049242555, 0.0071810698695],
      [0.27329993967, 0.015429144279, 0.073008720974, 0.49283929675, 0.14542289833],
      [0.017423775985, 0.059717466875, 0.21009195597, 0.62390496929, 0.088861831878]
    ],
    [
      [0.00065518291259, 0.44510487665, 0.32914430976, 0.18818145543, 0.036914175245],
      [0.027941061699, 0.076591624845, 0.68099280257, 0.19364335924, 0.020831151642],
      [0.0025270611894, 0.0080690224221, 0.014575046509, 0.9747068195, 0.0001220503745],
      [0.45882966699, 0.015225795237, 0.068796539391, 0.36768204662, 0.089465951763],
      [0.035240241789, 0.073303633659, 0.2459988326, 0.57784447777, 0.067612814187]
    ],
    [
      [0.00053135561804, 0.49369452052, 0.32445759273, 0.11762079289, 0.063695738247],
      [0.024987923537, 0.091341283157, 0.7178924344, 0.12773139591, 0.038046962988],
      [0.0017267145414, 0.010778229176, 0.021042846296, 0.95230575143, 0.014146458553],
      [0.43780202705, 0.020542337133, 0.081683927075, 0.27503292434, 0.18493878441],
      [0.034338268317, 0.099060502939, 0.29267102204, 0.43340066677, 0.14052953994]
    ],
    [
      [0.00058271194191, 0.38322265822, 0.39375867118, 0.15078009805, 0.071655860605],
      [0.02331684697, 0.059119633117, 0.739501049, 0.14123764115, 0.036824829764],
      [0.0014888505474, 0.0065917910634, 0.020067450581, 0.95934306322, 0.012508844588],
      [0.41425489791, 0.013854426343, 0.085907145919, 0.3056837748, 0.18029975503],
      [0.031814201664, 0.065087867033, 0.30006518815, 0.46950244364, 0.13353029951]
    ],
    [
      [0.00043333823153, 0.46754209019, 0.34324024898, 0.14929895291, 0.039485369687],
      [0.020855632725, 0.083582921306, 0.71759755843, 0.15553052779, 0.022433359754],
      [0.0011137545637, 0.0078656570292, 0.017435839823, 0.96667423415, 0.0069105144362],
      [0.39341849992, 0.020186185921, 0.09119595312, 0.37255619987, 0.12264316117],
      [0.026270402399, 0.086053421093, 0.28856431353, 0.51753337764, 0.081578485335]
    ],
    [
      [0.00048619472681, 0.56440694567, 0.26996866673, 0.1337458672, 0.031392325675],
      [0.026135268641, 0.11041542417, 0.67618582339, 0.17028226772, 0.016981216077],
      [0.001408461098, 0.010961339078, 0.015600131877, 0.96581078595, 0.0062192820005],
      [0.44860596563, 0.026092880691, 0.075641209473, 0.34834740006, 0.10131254414],
      [0.033072534187, 0.11897901247, 0.256180788, 0.5189698106, 0.072797854749]
    ],
    [
      [0, 0.28770498706, 0.17656474254, 0.49481413195, 0.040916138449],
      [0, 0.048368187273, 0.42550514324, 0.50275844779, 0.023368221701],
      [0, 0.0014573962924, 0, 0.99795774743, 0.00058485627846],
      [0, 0.0079284016361, 0.034451200288, 0.87144508246, 0.086175315619],
      [0, 0.026494621087, 0, 0.93113124562, 0.042374133297]
    ],
    [
      [0.00036447455092, 0.29461745708, 0.54558578346, 0.1107318457, 0.048700439214],
      [0.011158125286, 0.028715780471, 0.85931511017, 0.077728166395, 0.023082817676],
      [0.0012439412912, 0.0067755884707, 0.037081780031, 0.94354729749, 0.011351392717],
      [0.35393720887, 0.014443020172, 0.1610622158, 0.30430820345, 0.1662493517],
      [0.021600850336, 0.054374977719, 0.45115261897, 0.37436012819, 0.098511424783]
    ],
    [
      [0, 0.54843960135, 0.26830936517, 0.16111450074, 0.022136532742],
      [0, 0.10618492685, 0.67579707635, 0.20303945307, 0.014978543727],
      [0, 0.0078770596622, 0.012348487745, 0.97894332266, 0.0008311299291],
      [0, 0.061645383645, 0.19324799272, 0.6367161974, 0.10839042624],
      [0, 0.10729364752, 0.24008348986, 0.60366038295, 0.048962479676]
    ],
    [
      [0.00024047120689, 0.3543447348, 0.30956305721, 0.29798325921, 0.037868477582],
      [0.0095534831652, 0.046967441932, 0.63909639787, 0.2845828345, 0.019799842527],
      [0.0026719769127, 0.0046752932489, 0.0049204688827, 0.98172209808, 0.006010162872],
      [0.19456071984, 0.010007851954, 0.063209213029, 0.62944037148, 0.10278184369],
      [0.0099544985702, 0.035676685177, 0.16865819188, 0.73188247567, 0.053828148696]
    ],
    [
      [0.00029642999741, 0.38135342325, 0.47699558471, 0.096326211325, 0.04502835072],
      [0.0090985653643, 0.058340933781, 0.83702155011, 0.071545406581, 0.023993544161],
      [0.0011556167325, 0.0099234472259, 0.036954157414, 0.93997907432, 0.011987704305],
      [0.33361218415, 0.0213492454, 0.16200846521, 0.30530706834, 0.17772303689],
      [0.019550621122, 0.077749841636, 0.43862406575, 0.36259466858, 0.10148080291]
    ],
    [
      [0.00061945168006, 0.37249641362, 0.46149405699, 0.10561105221, 0.059779025497],
      [0.024296515104, 0.054706663606, 0.81103652917, 0.078373307594, 0.031586984527],
      [0.0022173393139, 0.0089734425325, 0.032920298743, 0.94126581927, 0.014623100142],
      [0.47940601688, 0.014646204245, 0.10945641367, 0.2328645377, 0.16362682751],
      [0.038050612558, 0.071193413332, 0.39564180682, 0.36978752468, 0.12532664261]
    ],
    [
      [0.00065935236926, 0.28851499589, 0.51400732869, 0.13673414783, 0.060084175216],
      [0.022874816386, 0.023771578021, 0.81898829515, 0.10628264955, 0.028082660895],
      [0.0018471512748, 0.0054636551981, 0.028737343358, 0.95244129044, 0.011510559725],
      [0.45878633662, 0.010291134285, 0.11025762021, 0.27231977816, 0.14834513072],
      [0.035476323014, 0.048471132683, 0.38630519442, 0.4194410096, 0.11030634028]
    ],
    [
      [0.00027628817467, 0.44386802949, 0.15737226303, 0.32602929504, 0.072454124264],
      [0.014943079481, 0.096146171335, 0.36632487048, 0.42435887828, 0.098227000426],
      [0.001080353193, 0.00764188619, 0, 0.98555841995, 0.0057193406651],
      [0.18504320385, 0.012381435007, 0.029966393253, 0.60236764016, 0.17024132773],
      [0.011043724601, 0.047677188728, 0.084647523092, 0.75719192126, 0.099439642319]
    ],
    [
      [0.00020519865744, 0.55582103922, 0.25588122079, 0.15513784392, 0.032954697416],
      [0.0056208239281, 0.1165463813, 0.65588510475, 0.19772436664, 0.024223323384],
      [0, 0.0067405688858, 0.015441496276, 0.9722072959, 0.0056106389398],
      [0.23705176444, 0.031323651131, 0.089248970955, 0.50806036673, 0.13431524674],
      [0.013266284251, 0.10894924918, 0.23011454745, 0.57488216547, 0.072787753647]
    ],
    [
      [0.0004421707137, 0.58168036173, 0.23804341785, 0.11551528924, 0.064318760457],
      [0.024647821196, 0.12794102197, 0.64534392599, 0.1549222513, 0.047144979544],
      [0.003252162243, 0.007950663392, 0.015314487308, 0.95852758636, 0.014955100698],
      [0.41892384534, 0.024780559325, 0.06331176999, 0.28983384893, 0.20314997642],
      [0.031067670553, 0.12174029468, 0.2303786752, 0.46247234215, 0.15434101742]
    ],
    [
      [0.00086245555226, 0.33881567954, 0.50286974791, 0.098230497315, 0.059221619685],
      [0.029120062261, 0.043435262345, 0.8336222796, 0.062834437028, 0.030987958765],
      [0.003279741512, 0.0086060687039, 0.037995768813, 0.93474898033, 0.015369440637],
      [0.57355862789, 0.01102248444, 0.099188978133, 0.18059000656, 0.13563990298],
      [0.052229605749, 0.063299014143, 0.42351669993, 0.33859981175, 0.12235486842]
    ],
    [
      [0.00047119401226, 0.4788402929, 0.37371867238, 0.11130728215, 0.035662558561],
      [0.019871047124, 0.082854751665, 0.76383336998, 0.11348860225, 0.019952228981],
      [0.0024874832046, 0.012105844344, 0.029707229072, 0.95055270029, 0.0051467430902],
      [0.44547336925, 0.023275661714, 0.10934430394, 0.30205495089, 0.11985171421],
      [0.03193491075, 0.10138375808, 0.35409681531, 0.43012008093, 0.082464434939]
    ],
    [
      [0.0018712777162, 0.23068626094, 0.60865303955, 0.11140952907, 0.047379892728],
      [0.045655342136, 0.0064962018957, 0.84916666419, 0.075004083754, 0.02367770803],
      [0, 0, 0.05776321008, 0.93160264868, 0.010634141238],
      [0.76543772978, 0.0039363708634, 0.06325181199, 0.10921689636, 0.058157191006],
      [0.09971407781, 0.036939962864, 0.44274209939, 0.33527292384, 0.085330936091]
    ],
    [
      [0.00042293800615, 0.57236592875, 0.26742854762, 0.093397786453, 0.06638479917],
      [0.022414316935, 0.12442043811, 0.68683295424, 0.1196717238, 0.046660566912],
      [0.0038860342252, 0.0042502537165, 0.035007028049, 0.94403618003, 0.01282050398],
      [0.4068836329, 0.028304112589, 0.079647106012, 0.25790554597, 0.22725960252],
      [0.031237498637, 0.13201234143, 0.27612523665, 0.39324581098, 0.16737911231]
    ],
    [
      [0.00033246384678, 0.36288688215, 0.46784911475, 0.088819820888, 0.080111718368],
      [0.011977274638, 0.052794923267, 0.82003335313, 0.077168682619, 0.038025766347],
      [0.004093900472, 0.014174865136, 0.045462104902, 0.91663559865, 0.019633530845],
      [0.33355639873, 0.017182053116, 0.13486476755, 0.24062918281, 0.2737675978],
      [0.02112930317, 0.07055923169, 0.41206831858, 0.32173129052, 0.17451185604]
    ]
  ],
  "expected_outcome": [
    [
      [0.0030052355748, 0.0013806607772, 0.0037302758612, 0, 0, 0, 0.00099113950387, 0.011413844951, 0.030742926091, 0.026736524384, 0.0040528912287, 0, 0.0002042514341, 0, 0, 0.00042489807132, 0.015910680349, 0.0084184686391, 0.0020926642525, 0, 0.0012223453746, 0.00043745220513, 0, 0.010314153103, 0.0044993101794, 0, 0.0049097737915, 0.0020687171807, 0.0050581129213, 0, 0.016711677181, 0.0012549553565, 0.0011364726657, 0, 0, 0.0025792974623, 0, 0.01799223547, 0.013878427949, 0.0090167843418, 0.011114488699, 0.024723246976, 0.017765928796, 0.0067473101512, 0.010624865012, 0.0061854412984, 0.0091286955337, 0.014304100565, 0.01690293262, 0.016615576604, 0.030275381796, 0.024114769427, 0.0220984271, 0.0090853516697, 0.022632564344, 0.0086432100455, 0.01606089034, 0.0098277436889, 0.012752534833, 0.016315934374, 0.0065000734729, 0.022364957433, 0, 0.019317151199, 0, 0.00024047120689, 0.0053357399535, 0.023539163842, 0.021758628186, 0.0011051526987, 0.0028727812041, 0.0092855849877, 0.0086245555226, 0.039109103017, 0.009356388581, 0.049060808713, 0.00930898771],
      [3.4152467873, 1.5355460631, 4.9178963816, 0, 1.4732786544, 0, 0.92059111262, 6.1143328264, 25.1112739367, 27.379140557, 2.0811720262, 0, 1.3971829033, 3.1150858546, 0, 1.0253264551, 4.0381558226, 9.8210534515, 0.8320467439, 2.1160964356, 2.1102165737, 0.24419137199, 2.9582426728, 2.8696814736, 4.8549317414, 1.3255214153, 0.9724333844, 4.2016020748, 6.1908114534, 6.178569276, 27.7365007543, 0.95762059409, 1.1102753851, 0.48302464688, 2.4226680482, 6.2243336489, 1.0366176453, 13.0917665125, 6.4631636473, 7.5412933562, 7.423669161, 13.865606559, 16.5555463188, 9.4297426138, 7.4384603107, 5.7335870662, 10.0355514909, 12.3703231354, 8.3890962598, 15.4125796856, 20.395443187, 19.5561601433, 24.3614049242, 7.7286614139, 19.4435957921, 9.7409238919, 17.6489101744, 6.6765731498, 11.8486684925, 10.7302344302, 7.0131313529, 25.962719501, 2.3016398965, 15.614725225, 2.7421980068, 0.3543447348, 6.8643616185, 14.1548637175, 9.5209948642, 1.7754721179, 7.7814945491, 12.2152875964, 3.3881567954, 39.7437443103, 1.1534313047, 66.3944477355, 10.1608327001],
