{
  "Z_true": {},
  "V_true": [
    [43, 1022, 123, 225, 2234, 115],
    [830, 31, 48, 465, 168, 61],
    [451, 232, 389, 8329, 728, 487],
    [104, 371, 254, 139, 6681, 248],
    [140, 239, 294, 637, 1244, 573],
    [25, 43, 1676, 384, 810, 85],
    [95, 55, 88, 421, 269, 574]
  ],
  "p_true": [
    [0.0114, 0.2717, 0.0327, 0.0598, 0.5938, 0.0306],
    [0.5178, 0.0193, 0.0299, 0.2901, 0.1048, 0.0381],
    [0.0425, 0.0219, 0.0366, 0.7846, 0.0686, 0.0459],
    [0.0133, 0.0476, 0.0326, 0.0178, 0.8569, 0.0318],
    [0.0448, 0.0764, 0.094, 0.2037, 0.3978, 0.1832],
    [0.0083, 0.0142, 0.5544, 0.127, 0.2679, 0.0281],
    [0.0632, 0.0366, 0.0586, 0.2803, 0.1791, 0.3822]
  ],
  "Z_est": [
    [
      [1.0991, 0.0423, 0.2959, 0.0423, 3.0859, 2.8831, 7.5933, 3.1282, 1.7136, 0.4527, 0.7609, 1.4373, 1.4796, 1.0243, 3.0436, 3.5932, 2.4518, 2.1559, 1.0568, 1.1825, 2.6632, 0.2536, 0.1268, 0.0569, 2.2405, 0.019, 2.2405, 2.371, 0.5073, 1.2682, 0.1691, 0.1268, 3.1282, 3.3573, 5.58, 0.5073, 0, 0.0948, 2.5786, 0.2655, 10.2723, 0.4932],
      [12.1531, 0.7149, 3.7873, 1.7872, 42.1782, 28.222, 38.8194, 26.0933, 16.5006, 0, 6.434, 13.9403, 29.8652, 12.176, 24.4944, 33.9571, 25.9231, 13.2254, 4.6468, 8.6217, 32.5273, 2.5021, 0, 0.5786, 31.4342, 0.1894, 30.3826, 23.0613, 13.8705, 10.3697, 1.0723, 3.217, 42.6757, 33.5968, 38.9613, 16.7136, 0, 0.9468, 25.021, 2.6511, 58.2463, 2.8595],
      [0.1579, 0.014, 0.0506, 0.0552, 0.8044, 1.0932, 0.4918, 0.7308, 0.3218, 0.046, 0.0667, 0.1655, 0.4551, 0.1895, 0.3309, 0.5884, 0.4667, 0.501, 0.1018, 0.1103, 0.4826, 0.0873, 0.0276, 0, 0.4688, 0.0035, 0.5404, 0.4386, 0.1379, 0.1719, 0.0138, 1.7858, 1.996, 0.5102, 0.7966, 0.2344, 0, 0.0175, 0.524, 0.0491, 0.9861, 0.0368],
      [0, 0.1014, 1.0039, 0.109, 8.8046, 7.2378, 6.4049, 7.4759, 2.6102, 0.2381, 0.9047, 12.1226, 7.1425, 2.5713, 5.0474, 14.8544, 5.6661, 8.7661, 1.3809, 1.3689, 6.0162, 1.0476, 1.5747, 0.1429, 7.9044, 0.0476, 7.333, 5.9521, 1.5717, 2.3332, 0.1905, 0.4286, 11.6661, 17.4027, 13.4702, 4.8856, 0, 0.2381, 8.2853, 0.6666, 12.607, 1.238],
      [31.5079, 3.1114, 14.826, 10.9935, 152.7909, 112.2856, 151.4378, 119.0919, 48.7262, 4.2393, 10.7991, 39.184, 110.8082, 37.9405, 72.8905, 99.6775, 98.2499, 70.1785, 21.7609, 33.6718, 139.0995, 16.2519, 5.2677, 2.2162, 123.7089, 0.7387, 113.2828, 93.1002, 55.8807, 34.7546, 2.5511, 3.4355, 185.0875, 121.8105, 167.6897, 67.495, 0, 3.6936, 137.3543, 10.3421, 198.3413, 21.2925],
      [0.082, 0.016, 0.0364, 0.0128, 0.3359, 0.2783, 0.2527, 0.4798, 0.1276, 0.024, 0.0346, 0.1503, 0.2495, 0.0984, 0.1932, 0.3295, 0.2424, 0.1731, 0.0528, 0.0448, 0.2111, 1.8575, 0.0032, 0.0055, 0.2431, 0.0018, 0.2207, 0.0768, 0.032, 0.1024, 0.0032, 0.0064, 0.4465, 0.3225, 0.5022, 0.164, 0, 0.0091, 0.2367, 0.0255, 0.547, 0.08]
    ],
    [
      [15.4839, 0.6597, 5.2533, 0.657, 47.9638, 35.9146, 38.8506, 38.7452, 24.9675, 1.3994, 9.1759, 20.5657, 22.9964, 27.2743, 45.0956, 55.038, 33.2102, 32.0038, 16.426, 8.499, 41.5127, 3.9422, 2.309, 1.3838, 40.1685, 2.2056, 35.1492, 22.6046, 7.8845, 15.2948, 2.4165, 1.9711, 48.6209, 51.199, 95.0127, 7.8845, 0, 2.0756, 40.0794, 14.5294, 159.6604, 8.9342],
      [0.1718, 0.0156, 0.0937, 0.0078, 0.7412, 0.3983, 0.4139, 0.4373, 0.2826, 0, 0.1015, 0.2187, 0.5527, 0.3592, 0.4459, 0.5935, 0.3748, 0.2324, 0.0817, 0.0859, 0.5716, 0.044, 0, 0.0514, 0.6767, 0.0312, 0.8768, 0.2655, 0.4688, 0.1718, 0.0234, 0.0565, 0.7286, 0.5779, 0.6846, 0.1328, 0, 0.0234, 0.4685, 0.164, 1.6243, 0.0641],
      [2.0451, 0.1859, 0.9902, 0.1278, 11.1717, 4.7409, 4.9268, 5.2057, 3.6319, 0.1859, 1.2085, 1.8678, 3.5324, 4.2761, 3.7357, 6.6412, 4.462, 4.0902, 1.7224, 1.0225, 5.5775, 1.6502, 0.4648, 0, 5.9493, 0.0873, 6.5893, 3.9257, 1.5565, 1.9716, 0.1557, 1.1665, 10.7401, 6.8789, 13.7578, 1.5803, 0, 0.2789, 5.9148, 1.9521, 15.6798, 0.4151],
      [3.3838, 0.3315, 4.257, 0.1657, 12.5966, 7.8242, 6.6034, 9.2817, 3.8571, 0.3315, 2.1547, 4.6409, 8.5072, 12.1763, 10.2762, 12.5966, 7.9557, 7.2928, 3.8121, 0.9398, 9.1477, 1.6574, 1.3309, 0.4261, 13.9059, 0.4469, 12.9714, 5.5321, 2.4862, 3.6464, 0.3008, 0.663, 14.287, 12.2651, 32.3867, 6.1911, 0, 0.4972, 10.3017, 3.5811, 22.6841, 2.1547],
      [0.708, 0.2644, 1.2927, 0.0322, 2.8101, 1.6412, 1.7055, 1.8021, 0.9403, 0.0644, 0.2466, 0.4429, 2.0529, 1.4803, 1.9952, 0.414, 1.5446, 0, 0.8309, 0.354, 2.725, 0.9515, 0.8883, 0.1198, 2.6961, 1.1913, 1.8664, 1.5027, 2.5335, 0.708, 0.0965, 0.1287, 4.77, 2.3813, 4.7626, 0.8658, 0, 0.0965, 2.7136, 0.6758, 6.3902, 1.2556],
      [0.2074, 0.5429, 0.1132, 0.0094, 0.7166, 0.4809, 0.4998, 0.5281, 0.3206, 0.0189, 0.1129, 0.264, 0.3583, 0.4338, 0.4514, 0.7166, 0.4526, 0.3809, 0.127, 0.0987, 0.4655, 1.7547, 0.0071, 0.0189, 0.6035, 0.0377, 0.5469, 0.1693, 0.0705, 0.2074, 0.0071, 0.0141, 0.8535, 0.6978, 1.3956, 0.3456, 0, 0.0283, 0.522, 0.0975, 1.9613, 0.1763]
    ],
    [
      [2.6141, 0.1005, 0.7038, 0.1005, 7.3395, 5.6303, 7.3395, 15.5272, 3.8205, 0.3016, 2.4114, 3.4184, 3.5189, 4.0216, 9.1259, 8.546, 6.1352, 5.1276, 2.5135, 1.5796, 6.1159, 0.6032, 0.2238, 0.2878, 1.8192, 0.3016, 5.3287, 3.0214, 1.2065, 3.0162, 0.6633, 0.3016, 7.44, 7.0536, 11.5422, 1.2065, 0, 0.7038, 6.133, 2.2119, 27.6439, 1.307],
      [9.0177, 0.5305, 2.1651, 1.0435, 29.6458, 16.4314, 20.0302, 19.3826, 11.9351, 0, 5.1764, 10.3438, 24.9869, 14.2545, 20.8629, 25.1964, 33.6379, 9.8133, 3.4479, 5.835, 21.9669, 1.8566, 0, 1.7789, 21.218, 0.2652, 22.5441, 9.4107, 9.8133, 8.9128, 1.6314, 2.2211, 30.7661, 23.605, 28.9095, 12.2004, 0, 2.6523, 18.5658, 2.387, 44.0274, 2.1218],
      [4.7091, 0.384, 1.4079, 1.7062, 22.3981, 15.3587, 13.1923, 37.3116, 8.9592, 1.0601, 4.2765, 4.6076, 14.0581, 7.8073, 14.5081, 16.3826, 20.0253, 10.5641, 3.3995, 3.0717, 12.4652, 2.4318, 0.7474, 0, 11.0567, 0.128, 13.5732, 8.0258, 3.3933, 4.8636, 0.384, 0.7618, 26.4938, 13.1771, 21.7142, 6.5275, 0, 3.1997, 14.5399, 3.0124, 28.6696, 1.0239],
      [111.086, 4.974, 43.2476, 14.093, 428.4462, 268.8702, 310.5352, 490.5169, 119.3758, 11.5885, 81.9472, 182.7611, 410.5635, 275.2275, 347.2684, 508.864, 551.2808, 196.1612, 83.0274, 67.1489, 294.8989, 40.6209, 12.4841, 14.5419, 291.3677, 7.461, 329.9414, 156.4446, 76.992, 148.1671, 10.419, 18.2105, 476.5155, 322.4361, 610.9615, 205.0912, 1, 109.2922, 335.2145, 74.5653, 623.6643, 63.3408],
      [0.8647, 2.7484, 1.204, 1.0467, 10.9561, 6.8867, 10.4801, 17.9202, 1.8181, 0.2922, 1.059, 0, 22.0874, 3.3047, 11.0725, 0, 23.354, 0, 2.066, 2.8294, 7.8858, 1.1269, 0.2922, 0.8864, 7.3458, 2.834, 3.1877, 6.0367, 4.0695, 3.7355, 0.6497, 0, 33.892, 0, 12.0664, 5.5869, 0, 0, 9.8594, 1.7929, 15.8115, 8.5969],
      [7.7085, 1.2627, 2.2717, 1.0101, 26.2142, 16.8227, 19.4226, 42.3416, 9.0912, 0.7576, 4.1296, 11.8691, 20.7851, 13.3843, 16.1622, 26.0111, 31.5668, 13.3337, 4.5456, 3.5355, 16.6673, 7.3605, 0.2525, 0.5051, 19.1926, 1.0101, 17.4249, 6.0608, 2.5253, 10.3048, 0.2525, 0.5051, 30.8926, 22.7281, 36.8061, 12.3876, 0, 15.1521, 18.6876, 3.0304, 43.1834, 12.6095]
    ],
    [
      [1.235, 0.0169, 0.1185, 0.0169, 1.2356, 1.158, 1.2716, 1.3375, 0.7504, 0.0508, 2.8147, 0.5755, 0.5924, 0.677, 0.8782, 1.4387, 0.9817, 0.9522, 0.4232, 0.3115, 1.627, 0.1016, 0.0508, 0.0623, 0.8971, 0.0293, 0.8971, 0.8905, 0.2031, 0.5078, 0.0147, 0.0508, 1.2525, 1.2695, 1.7031, 0.2031, 0, 0.2351, 1.0325, 0.3724, 4.1131, 0.22],
      [6.8406, 0.3354, 1.3416, 0.8385, 19.788, 11.7387, 15.621, 12.2417, 9.3464, 0, 3.2655, 3.6435, 14.7572, 7.5463, 7.8871, 13.6168, 16.4341, 6.2047, 2.18, 3.6893, 19.0319, 1.1739, 0, 0.8477, 16.6771, 0.1677, 16.4504, 7.8817, 6.2047, 3.9068, 0.2248, 1.6752, 19.4526, 15.0044, 18.2788, 7.6299, 0, 4.115, 10.4059, 1.5213, 27.8374, 1.3416],
      [1.452, 0.1605, 0.3993, 1.2062, 6.3527, 18.7137, 3.8842, 5.7719, 5.3056, 0.363, 1.9482, 1.1366, 3.4927, 2.2144, 2.4603, 3.8528, 4.2472, 3.9568, 0.7755, 0.8712, 5.2085, 0.6897, 0.2178, 0, 3.7027, 0.0363, 4.6103, 3.2493, 1.089, 0.3981, 0.0535, 1.7014, 7.5144, 4.0294, 6.1642, 1.8514, 0, 1.2837, 4.1383, 0.726, 8.1315, 0.2904],
      [1.314, 0.0584, 0.5061, 0.1655, 5.0711, 3.2607, 3.689, 4.8299, 1.4016, 0.1475, 0.9344, 2.229, 4.155, 8.711, 2.4348, 5.9861, 2.3977, 3.0714, 0.7675, 0, 3.4651, 0.3287, 0.841, 0.225, 6.6192, 0, 4.6446, 3.2155, 0, 1.0718, 0, 2.6416, 5.4436, 16.6122, 7.4461, 2.4042, 0, 3.9257, 4.0004, 0.8955, 7.5276, 0.966],
      [131.9998, 11.4087, 31.6103, 28.7568, 394.1291, 280.7781, 322.2157, 340.214, 110.0507, 11.4254, 35.9727, 77.2259, 290.6881, 108.6376, 170.3395, 254.7952, 304.5745, 179.5971, 53.7895, 80.0715, 414.4013, 31.6335, 13.8864, 15.8569, 356.6771, 7.7578, 324.0086, 227.6663, 126.4628, 74.9864, 3.703, 8.923, 425.8489, 296.2447, 426.7746, 165.7138, 0, 85.6208, 291.4229, 44.4364, 540.7009, 70.0812],
      [0.1585, 0.0202, 0.0242, 0.0161, 0.4235, 0.3509, 0.3186, 0.6049, 0.1452, 0.0133, 0.0645, 0.1895, 0.3146, 0.2137, 0, 0.3104, 0.3647, 0.2178, 0.0643, 0.0565, 0.2662, 0.0726, 0.004, 0.0081, 0.4267, 0.0089, 0.3891, 0.0968, 0.0403, 0.1291, 0.004, 0.0081, 0.488, 0.8398, 0.6332, 0.1976, 0, 0.8197, 0, 0.0484, 0.6896, 0.1008]
    ],
    [
      [0.5807, 0.0031, 0.025, 0.0058, 0.4219, 0.4773, 0.4219, 0.6239, 0.2196, 0.0173, 0.104, 0.1965, 0.2023, 0.209, 0.4161, 0.4912, 0.6426, 0.2947, 0.1445, 0.2045, 0.3641, 0.0347, 0.0094, 0.0156, 0.3063, 0.0173, 0.3063, 0.1747, 0.0693, 0.0873, 0.2036, 0.0173, 0.4276, 0.4334, 0.7628, 0.0693, 0, 0.0405, 0.3525, 1.8433, 0.5833, 0.0343],
      [0.3118, 0.005, 0.0402, 0.0395, 0.9313, 0.5525, 0.7419, 0.5761, 0.3552, 0, 0.1421, 0.2465, 0.6372, 0.3552, 0.5604, 0.7294, 1.0362, 0.292, 0.1026, 1.5626, 0.6282, 0.0552, 0, 0.4184, 0.6439, 0.0079, 0.6708, 0.2817, 0.292, 0.1408, 0.0237, 0.071, 0.8099, 1.5724, 0.8603, 0.332, 0, 0.0789, 0.5525, 0.1408, 0.9406, 0.0553],
      [2.7884, 0.064, 0.5122, 0.9095, 12.1992, 16.7599, 7.459, 12.8051, 2.625, 0.474, 1.673, 2.5096, 6.5946, 4.2523, 6.3218, 8.9229, 13.1892, 7.1568, 1.6295, 1.673, 6.8507, 0.8323, 0.4183, 0, 7.1104, 0.0697, 6.7227, 4.4021, 2.0488, 1.7927, 0.2091, 1.0803, 10.3081, 7.7378, 13.0358, 2.3664, 0, 1.7427, 7.9469, 2.031, 11.9727, 0.5577],
      [14.6252, 0.2868, 2.2941, 1.4381, 46.1692, 37.9612, 35.5217, 50.8624, 11.7575, 1.3034, 7.4046, 14.0516, 29.5371, 21.7912, 34.6491, 51.3542, 59.0743, 23.515, 7.456, 10.3237, 30.1164, 3.728, 1.2142, 1.4381, 36.7063, 0.7614, 31.0915, 16.059, 8.4712, 8.0295, 1.0152, 2.1149, 41.2153, 38.7137, 78.7848, 18.9267, 0, 16.3458, 38.7137, 9.8817, 53.6257, 3.1545],
      [13.9935, 0.2744, 2.1951, 3.467, 46.0991, 41.9804, 40.5874, 54.8764, 6.8823, 1.3719, 5.1156, 9.2404, 28.2613, 12.7985, 28.8101, 30.3345, 62.0096, 21.8493, 7.1339, 12.9647, 33.7279, 3.567, 0.8231, 1.9424, 37.8702, 2.0035, 28.8101, 22.2415, 15.7683, 7.6827, 0.8231, 1.6463, 44.1755, 37.0415, 70.7905, 18.1092, 0, 6.6896, 47.8413, 7.6827, 32.9815, 3.0182],
      [18.7004, 0.3667, 2.9334, 2.1402, 56.1793, 55.2687, 42.2682, 80.2561, 19.1604, 1.8334, 8.5607, 22.7554, 37.7675, 27.5939, 34.2426, 53.1679, 70.0481, 28.8922, 9.5335, 9.2715, 35.3127, 4.7828, 0.535, 1.1855, 45.3629, 2.1402, 37.3987, 12.841, 5.3504, 10.2669, 0.7253, 1.0701, 64.0637, 49.5011, 93.7659, 26.1963, 0, 32.1024, 39.593, 6.4205, 86.8961, 4.18]
    ],
    [
      [2.2693, 0.0431, 0.3016, 0.0431, 3.1454, 2.4129, 6.1043, 3.4646, 1.6374, 0.3786, 0.7756, 1.465, 1.5081, 1.4195, 1.5398, 3.6625, 2.4991, 3.331, 1.0772, 0.7699, 2.7146, 0.2585, 0.1293, 0.0427, 2.2837, 0.0241, 2.2837, 1.465, 0.5171, 5.4469, 0.5328, 0.1293, 3.1885, 3.2316, 4.7157, 0.5171, 0, 0.454, 2.6284, 0.4331, 10.4705, 0.2647],
      [1.0305, 0.0161, 0.0749, 0.0406, 0.8512, 0.4764, 0.7633, 0.5927, 0.3654, 0, 0.1462, 0.3167, 0.7145, 0.3654, 0.3426, 0.7714, 0.7069, 0.3004, 0.1056, 1.4598, 0.7389, 0.0568, 0, 0.0325, 0.6496, 0.0054, 2.8889, 0.3816, 0.3004, 0.2891, 0.0244, 0.0731, 1.1831, 0.7227, 0.8851, 0.3735, 0, 0.1129, 0.5684, 0.0731, 1.3479, 0.0589],
      [28.0569, 2.0159, 7.552, 6.9437, 108.2403, 60.9891, 74.1031, 93.9247, 48.0584, 7.8271, 14.344, 24.7157, 67.9683, 40.5035, 41.7443, 88.0544, 71.0958, 80.2274, 18.5368, 17.1194, 72.0876, 13.0451, 3.9864, 0, 72.1748, 0.6523, 92.9877, 56.9483, 21.1595, 27.5283, 2.184, 5.1141, 145.1929, 76.2069, 127.842, 37.0345, 0, 17.4233, 78.3174, 11.7699, 153.4151, 5.4924],
      [0.8575, 0.0259, 0.2764, 0, 0, 0, 2.3487, 2.6843, 0.7655, 0.1836, 0.3728, 3.4858, 2.1045, 1.7649, 1.193, 3.2694, 2.0318, 4.0289, 0.6151, 0.5965, 1.8925, 0.3728, 0.1118, 0.0186, 2.2369, 0.0186, 2.6843, 1.026, 0.7456, 1.7368, 0.0746, 0.1118, 4.1196, 5.9547, 4.0668, 1.7343, 0, 0.723, 2.4046, 0.3355, 3.9658, 0.205],
      [13.5289, 0.8823, 5.7168, 2.9411, 46.7631, 24.6246, 42.0583, 42.3514, 14.8048, 3.5293, 4.2498, 12.6466, 36.0959, 14.5291, 18.8229, 38.431, 32.0577, 34.4255, 12.5235, 11.8758, 39.0465, 6.0035, 1.7646, 0.9006, 41.985, 0.2941, 42.3514, 27.99, 17.1986, 15.8818, 1.1764, 0.556, 66.0819, 36.1752, 57.3959, 26.9546, 0, 7.8143, 44.4982, 5.2939, 63.4538, 4.7821],
      [0.2569, 0.0168, 0.0782, 0.0315, 0, 0.497, 0.6223, 0.9822, 0.3685, 0.0814, 0.1117, 0.3702, 0.6086, 0.4175, 0.3574, 0.8113, 0.6086, 0.6868, 0.1418, 0.1787, 0.5199, 0.2632, 0.0079, 0.0056, 0.6701, 0.0056, 0.8041, 0.189, 0.0788, 3.1171, 0.0079, 0.0158, 1.234, 0.7089, 1.0944, 0.386, 0, 0.4726, 0.5829, 0.0945, 1.3469, 0.1969]
    ],
    [
      [2.7179, 0.1344, 0.302, 0.1344, 9.8079, 7.5239, 11.4189, 11.1734, 4.891, 0.3996, 1.9575, 6.3417, 4.7024, 5.3742, 11.9007, 12.2304, 12.0794, 7.1348, 3.3589, 0.453, 8.0026, 0.8061, 0.151, 0.151, 5.2847, 0.4031, 6.7947, 3.4728, 1.6123, 4.3788, 0, 0.4031, 9.9422, 8.4556, 12.6834, 1.6123, 0, 3.3962, 8.1956, 2.3444, 30.2566, 1.7466],
      [4.4746, 0.3826, 0.4972, 1.2429, 23.8643, 12.1807, 17.6103, 13.6761, 6.2147, 0, 2.7344, 10.2906, 16.4863, 9.9435, 16.4067, 20.1355, 19.8869, 6.9317, 2.4355, 0.7458, 15.5352, 1.3114, 0, 0.2925, 8.7005, 0.3332, 11.1864, 5.7175, 6.0502, 7.209, 0, 1.6861, 20.3841, 13.9208, 20.4205, 8.6178, 0, 2.0707, 14.418, 2.0627, 31.9762, 1.4988],
      [0.7906, 0.1757, 0.0878, 1.0515, 13.8335, 2.3445, 2.9427, 3.2502, 1.098, 0.0439, 0.4831, 0.9972, 2.8988, 1.7569, 2.8988, 3.5576, 3.5137, 2.5037, 0.8345, 0.1318, 2.3278, 0.2635, 0.1378, 0, 1.5373, 0.023, 1.9765, 1.0102, 0.6149, 1.2737, 0, 0.3902, 4.7548, 2.4596, 3.6894, 1.4055, 0, 1.0541, 2.6186, 0.4594, 5.1453, 0.1838],
      [3.7335, 0.2221, 0.4148, 1.0286, 19.9122, 9.8459, 13.8971, 15.349, 4.2323, 0.2074, 2.2816, 9.7091, 13.99, 9.7578, 14.1312, 18.0754, 16.5935, 8.1646, 3.941, 0.6223, 10.4631, 1.2445, 0.4433, 0.2074, 7.2597, 0.2645, 9.3338, 4.7706, 2.7333, 6.0151, 0, 0.8297, 16.7528, 11.6155, 17.8839, 7.767, 0, 4.9781, 12.0796, 2.0742, 21.9256, 3.941],
      [1.3972, 0.3105, 0.1552, 0.7627, 7.4516, 3.8034, 5.5152, 5.744, 1.7775, 0.0776, 0.5573, 3.2601, 10.0061, 2.3093, 8.0693, 5.3478, 6.2097, 2.9496, 4.8952, 0.2329, 4.1139, 0.4657, 0.0776, 0.0776, 2.7167, 3.1805, 3.493, 3.4626, 1.0867, 2.251, 0, 0.3105, 7.1443, 4.3468, 6.5202, 3.2746, 0, 1.0852, 6.3103, 0.7762, 8.3208, 3.9735],
      [4.8863, 2.7748, 0.5429, 0.7798, 21.1305, 13.3015, 15.6158, 24.8073, 6.7865, 0.2715, 2.9861, 11.4013, 17.9163, 10.8584, 12.5932, 21.6533, 21.7168, 10.3155, 3.5349, 0.8144, 12.5573, 1.9087, 0.1903, 0.2715, 9.5011, 0.7957, 12.2157, 4.5663, 1.9026, 7.8723, 0, 0.3805, 23.0218, 15.2017, 22.8026, 9.3229, 0, 11.4157, 14.3779, 2.2831, 36.3756, 7.6564]
    ]
  ],
  "V_est": [
    [76.8423, 714.417, 16.0505, 198.8129, 2747.5658, 8.3114],
    [1085.0185, 13.3145, 152.0627, 275.8482, 59.9415, 16.8146],
    [178.0067, 530.5911, 381.3771, 8730.6137, 245.6462, 549.7653],
    [32.5696, 337.1452, 123.6509, 123.4044, 7171.0878, 9.1422],
    [11.8547, 17.7939, 199.7553, 901.484, 855.4815, 1140.6305],
    [79.5793, 20.2066, 1922.5833, 61.1447, 920.457, 19.0291],
    [224.129, 359.5318, 76.5201, 308.6921, 133.8202, 399.3069]
  ],
  "p_est": [
    [0.0204, 0.1899, 0.0043, 0.0528, 0.7303, 0.0022],
    [0.6769, 0.0083, 0.0949, 0.1721, 0.0374, 0.0105],
    [0.0168, 0.05, 0.0359, 0.8224, 0.0231, 0.0518],
    [0.0042, 0.0432, 0.0159, 0.0158, 0.9197, 0.0012],
    [0.0038, 0.0057, 0.0639, 0.2883, 0.2736, 0.3648],
    [0.0263, 0.0067, 0.636, 0.0202, 0.3045, 0.0063],
    [0.1492, 0.2394, 0.0509, 0.2055, 0.0891, 0.2659]
  ],
  "EI_Z": {},
  "EI_V": 12.2079,
  "MAE_Z": {},
  "MAE_V": 182.7115,
  "MAE_p": 0.0569,
  "runtime": 9.528
}
