{
  "Z_true": {},
  "V_true": [
    [1082, 1561, 754, 177],
    [423, 6627, 698, 373],
    [213, 406, 15959, 544],
    [61, 675, 443, 669],
    [111, 260, 1054, 734]
  ],
  "p_true": [
    [0.3027, 0.4368, 0.211, 0.0495],
    [0.0521, 0.816, 0.086, 0.0459],
    [0.0124, 0.0237, 0.9321, 0.0318],
    [0.033, 0.3653, 0.2397, 0.362],
    [0.0514, 0.1204, 0.4882, 0.34]
  ],
  "Z_est": [
    [
      [158.5811, 47.1313, 71.4644, 25.9665, 78.8268, 112.3072, 79.5114, 31.5651, 109.4302, 29.0968, 45.118, 18.5475, 3.6567, 48.0819, 0.9808, 50.6616, 0, 2.7821, 34.8899, 71.4078, 50.1694, 69.9701, 55.4167, 30.6034, 91.8101, 0, 6.75, 5.5566, 8.3749, 175.2738, 24.5474, 180.838, 28.2761],
      [78.1644, 28.2567, 45.4183, 23.4729, 59.9752, 66.7384, 37.2057, 22.3884, 55.3123, 3.9074, 23.8908, 11.1663, 1.2984, 12.6759, 0.5194, 22.1261, 1.1838, 1.6301, 15.9954, 47.8574, 33.499, 34.9558, 29.1046, 7.7918, 57.3898, 1.5083, 4.798, 0.4108, 3.4497, 94.2647, 11.426, 75.3079, 23.4805],
      [63.2396, 15.2411, 27.5264, 13.0881, 38.4396, 77.6045, 52.8103, 30.7001, 47.3883, 10.8165, 22.6162, 12.9012, 0.0274, 19.9121, 0.4917, 23.699, 0.8046, 1.475, 14.7764, 39.0868, 45.1682, 41.4751, 27.7786, 17.4648, 71.0126, 0.4917, 2.4286, 2.0268, 5.4718, 91.4374, 8.0266, 32.6722, 16.9622],
      [1.015, 0.3709, 0.591, 0.4725, 0.7583, 0.35, 0.4725, 0.3464, 0.8692, 0.1793, 0.3749, 0.385, 0.0175, 0.3301, 0.0082, 0.5133, 0.0117, 0.1128, 0.3383, 0.648, 0.1633, 0.5991, 0.7, 0.14, 0.7875, 0, 0.0233, 0.0058, 0.7036, 2.0242, 0, 1.1819, 0.2812]
    ],
    [
      [1.3011, 0.51, 0.7615, 0.2131, 0.6003, 0.9131, 0.3931, 0.2461, 0.8979, 0.278, 3.7209, 0.1522, 0.9843, 0.5277, 0.5788, 0.464, 0, 0.0228, 0.2196, 0.5859, 0.1966, 0.4445, 0.4565, 0.2511, 0.7491, 0, 0.023, 0.0457, 0.0685, 1.4381, 0.624, 1.4837, 0.1116],
      [517.9327, 247.4601, 381.1713, 172.4741, 293.0239, 247.625, 190.4938, 119.2731, 307.1927, 128.739, 319.4496, 168.4336, 19.2599, 254.6031, 5.2815, 219.0719, 5.1591, 21.4084, 106.4019, 504.3608, 95.2469, 214.5902, 269.8462, 58.5032, 362.9679, 11.6194, 11.5674, 5.119, 22.67, 902.2197, 133.9491, 531.6483, 57.7164],
      [13.4049, 8.8017, 8.923, 0, 0, 16.3028, 7.0414, 4.4088, 0, 9.9399, 15.0993, 6.7803, 0.6978, 10.4253, 0.3198, 8.3101, 0.1903, 0.8247, 0, 18.5549, 5.6823, 11.2797, 35.2145, 8.1133, 13.4166, 0.3806, 0, 0.4827, 5.9995, 54.5986, 4.7894, 17.8575, 1.9982],
      [61.3613, 31.2282, 39.1443, 28.3129, 45.3758, 21.1591, 24.0717, 15.0719, 49.9095, 18.043, 32.7302, 27.634, 1.058, 32.4439, 2.82, 34.1541, 0.6506, 3.7441, 17.3785, 61.4984, 9.8742, 24.6856, 47.4827, 8.1323, 45.8664, 0, 1.4096, 0.3527, 8.262, 129.7436, 11.6375, 67.0105, 3.1739]
    ],
    [
      [2.1111, 0.6296, 0.963, 0.3457, 0.8436, 1.2415, 1.4773, 0.4198, 2.3964, 0.3951, 0.6543, 0.2469, 0.1985, 0.6543, 1.28, 0.7877, 0, 0.037, 0.4691, 0.9506, 0.6378, 0.9136, 0.7407, 0.4074, 1.2222, 0, 0.0864, 0.0818, 0.1111, 2.3334, 0.3808, 5.4589, 0.358],
      [10.2179, 4.6092, 7.2753, 8.0536, 6.0808, 5.2478, 8.3754, 2.7352, 17.5642, 1.95, 3.7267, 2.1188, 0.3332, 0, 0.0972, 4.1094, 0.1111, 0.361, 2.2561, 6.9843, 2.138, 4.0816, 5.1229, 0, 10.5311, 0.3202, 0.3413, 0.0972, 0, 11.2567, 2.3462, 22.9096, 6.892],
      [847.4529, 285.4797, 583.1208, 220.698, 605.1344, 901.307, 1065.7064, 348.3248, 854.8398, 253.646, 473.8658, 343.1103, 40.3081, 503.3412, 23.8976, 567.9863, 13.7821, 32.9996, 285.714, 858.2673, 463.7292, 741.1491, 831.5643, 292.5926, 1344.0384, 16.6798, 37.3587, 59.7677, 88.8744, 2158.8822, 261.511, 1157.1955, 221.9512],
      [2.218, 2.2815, 4.6409, 5.9027, 6.9413, 3.2037, 8.4409, 2.5203, 20.1996, 2.009, 3.7532, 3.524, 0.1602, 4.0045, 0.7252, 5.1166, 0.1068, 0.6024, 3.5608, 6.7979, 1.495, 5.8557, 6.572, 0, 7.2082, 0, 0.2136, 0.0534, 1.0145, 18.5278, 1.762, 19.436, 1.7987]
    ],
    [
      [5.9556, 1.7762, 3.4195, 0.9752, 3.2127, 4.1794, 2.1016, 1.1755, 3.1702, 1.496, 2.3509, 0.6966, 0.0712, 2.5646, 0.1069, 1.6029, 0, 0.1045, 1.781, 2.6818, 1.3714, 1.5317, 2.3154, 1.1493, 3.448, 0, 0, 0.209, 0.285, 6.5825, 1.1042, 3.7401, 0.0356],
      [76.6133, 26.5628, 44.2346, 21.0876, 40.5995, 29.7983, 24.8834, 13.9178, 37.536, 17.7136, 28.2296, 21.9311, 0.8435, 30.3662, 0.5725, 18.9789, 0.4574, 1.2653, 21.0876, 48.5439, 11.4681, 18.1354, 37.1142, 7.654, 43.8623, 0.909, 0, 0.8435, 2.5356, 107.1251, 13.9344, 44.284, 0.4218],
      [15.0089, 2.916, 8.7324, 2.187, 8.7324, 13.966, 5.3668, 3.0018, 8.0957, 3.8204, 6.0036, 5.0716, 0.1819, 6.5493, 0.2312, 4.0933, 0.091, 0.2729, 4.5481, 10.1878, 4.8008, 3.9114, 8.4577, 4.5614, 11.5631, 0.091, 0, 0.6133, 0.7277, 23.7023, 2.8199, 9.5511, 0.091],
      [67.4222, 25.7449, 39.6135, 25.7502, 43.4553, 20.0563, 26.6482, 14.9049, 40.1982, 18.9699, 29.4159, 24.3007, 0.9033, 32.5199, 2.0894, 20.3249, 0.4517, 1.3574, 22.5832, 50.5865, 9.3596, 19.4216, 40.1126, 9.6353, 45.1267, 0, 0, 0.3343, 4.4518, 116.59, 13.1415, 47.4248, 0.4517]
    ],
    [
      [3.0511, 0.9528, 1.3917, 0.4996, 1.5166, 1.3589, 1.5166, 0.5935, 2.1054, 0.7341, 1.1558, 0.3568, 0.0892, 1.1715, 0.0535, 1.4838, 0, 0.0535, 0.6404, 1.3739, 0.6248, 1.1402, 1.0705, 0.5888, 1.7706, 0, 0.1406, 0.1071, 0.1606, 3.3722, 0.3436, 3.4793, 0.2187],
      [53.0717, 25.1112, 36.9006, 15.9118, 38.3205, 28.5905, 28.0416, 12.6855, 41.3948, 15.69, 24.7034, 11.3502, 2.2649, 24.3548, 0.5295, 31.7138, 1.0887, 1.3353, 13.259, 39.2536, 11.648, 22.237, 27.8121, 6.0509, 58.249, 0.643, 3.2933, 0.5295, 2.3447, 90.1339, 7.3442, 52.8503, 5.4894],
      [44.8938, 15.5615, 26.6974, 10.0268, 40.6936, 41.8197, 33.0751, 13.5645, 42.6762, 16.7772, 26.4151, 12.1367, 1.7848, 26.7721, 1.0597, 33.9113, 1.132, 1.4278, 12.9615, 39.9032, 20.6195, 30.1847, 29.9847, 13.2679, 71.9692, 0.357, 3.2127, 1.1096, 3.9266, 96.3795, 7.8531, 51.7237, 4.9975],
      [41.9834, 19.3745, 27.0103, 20.5618, 33.4693, 15.231, 21.3666, 11.1564, 37.8235, 13.7987, 21.7257, 10.1563, 0.861, 22.7016, 1.3573, 27.8911, 0.7793, 1.1833, 14.1391, 33.4693, 7.1078, 19.438, 25.1326, 6.0924, 36.0112, 0, 2.3535, 0.2538, 4.5681, 80.1144, 6.459, 45.9467, 3.2945]
    ]
  ],
  "V_est": [
    [1747.5936, 936.5702, 875.0612, 14.775],
    [19.2626, 6906.479, 289.8379, 905.4205],
    [28.8336, 158.2439, 16784.2762, 150.6464],
    [61.1944, 793.5103, 179.9489, 813.3464],
    [33.1158, 734.1967, 778.8758, 612.8118]
  ],
  "p_est": [
    [0.489, 0.2621, 0.2448, 0.0041],
    [0.0024, 0.8504, 0.0357, 0.1115],
    [0.0017, 0.0092, 0.9803, 0.0088],
    [0.0331, 0.4294, 0.0974, 0.4401],
    [0.0153, 0.3401, 0.3608, 0.2838]
  ],
  "EI_Z": {},
  "EI_V": 9.6304,
  "MAE_Z": {},
  "MAE_V": 316.1078,
  "MAE_p": 0.073,
  "runtime": 3.448
}
