{
  "Z_true": {},
  "V_true": [
    [17, 33, 2186, 228],
    [945, 468, 331, 42],
    [830, 5021, 634, 192],
    [156, 65, 22520, 588],
    [218, 637, 1100, 410]
  ],
  "p_true": [
    [0.0069, 0.0134, 0.8872, 0.0925],
    [0.5291, 0.262, 0.1853, 0.0235],
    [0.1243, 0.752, 0.095, 0.0288],
    [0.0067, 0.0028, 0.9653, 0.0252],
    [0.0922, 0.2693, 0.4651, 0.1734]
  ],
  "Z_est": [
    [
      [3.1717, 2.0813, 0.1879, 1.4915, 0.7472, 2.7742, 0.162, 4.2099, 0.5539, 0.9919, 2.5585, 2.8055, 1.6563, 0.1571, 3.9926, 0, 1.1933, 0.2933, 0.5256, 1.1772, 3.2693, 1.4049, 0, 0.2592, 0.1916, 3.246, 2.1555, 1.1685, 2.6294, 0.5391, 0.1866, 3.4814, 0, 0.2359, 0.0365, 2.2378, 1.9972, 1.0419, 1.7394, 0.3364, 1.3087, 0.6315, 0.0349, 5.6799, 0.2941, 6.6984, 0.3968],
      [0.2938, 0.257, 0.0486, 0.2285, 0.0532, 0.1619, 0.0023, 1.2815, 0.2667, 0.1948, 0.5801, 0.2756, 0.2054, 0.0119, 0.4711, 0, 0.1417, 0.1596, 0.0662, 0.0808, 0.275, 0.1158, 0, 0.0001, 0.0542, 0.1911, 0.3455, 0.1785, 0.2296, 0.1194, 0.0177, 0.1893, 0, 0.0176, 0.0089, 0.2341, 0.3573, 0.2342, 0.4825, 0.0254, 0.0321, 0.0415, 0.0238, 0.7612, 0.054, 0.4822, 0.0203],
      [85.0565, 91.8895, 17.5838, 78.5535, 48.5998, 106.6868, 3.7291, 68.1035, 13.4809, 11.377, 55.5863, 148.7146, 76.5652, 0.8038, 81.7713, 0, 28.2883, 54.9839, 55.0717, 45.2879, 75.8849, 84.8933, 0, 1.7241, 8.6596, 37.8083, 32.7589, 43.0939, 67.9908, 41.0806, 5.7108, 122.4067, 0, 10.5286, 0.9546, 26.9354, 159.4563, 38.0376, 24.2204, 9.5577, 52.3206, 27.1828, 1.8601, 217.4221, 15.2432, 148.377, 20.4354],
      [1.478, 0.7722, 0.1798, 0.7265, 0.5997, 1.3772, 0.1066, 3.4053, 0.6985, 0.4364, 2.2752, 1.2043, 0.5731, 0.0273, 1.7651, 0, 0.3767, 0.5633, 0.3365, 0.4542, 1.5709, 0.5861, 0, 0.0166, 0.0946, 0.8873, 0.7402, 0.5591, 1.1502, 0.2609, 0.0849, 0.9226, 0, 0.2179, 0, 0.5928, 1.1891, 0.6864, 1.5578, 0.0806, 0.3386, 0.1443, 0.0812, 3.1368, 0.4087, 3.4424, 0.1475]
    ],
    [
      [43.1306, 19.4891, 5.6486, 14.4914, 10.0608, 33.2508, 2.0074, 36.6343, 8.4246, 10.6, 38.706, 41.292, 19.4989, 2.8147, 65.6789, 1.5431, 20.0997, 7.8595, 11.7064, 23.4847, 32.6601, 27.4116, 1.5556, 3.4873, 2.9601, 49.554, 13.8221, 18.3091, 34.6339, 9.9304, 2.8461, 71.9337, 0, 8.6863, 1.1182, 7.7335, 28.9151, 15.1611, 15.0591, 5.2827, 19.657, 12.6032, 1.2198, 74.4297, 11.3836, 108.0613, 17.009],
      [10.5272, 4.7721, 2.0597, 2.9788, 1.5195, 5.0313, 0.2105, 13.8698, 3.9801, 3.4043, 14.9802, 7.5282, 3.8691, 0.6152, 18.5571, 0.5207, 4.8954, 3.086, 2.6607, 4.7896, 5.9102, 5.6697, 0.3412, 0.1518, 1.3192, 8.4657, 4.4524, 5.8076, 7.1297, 3.1508, 0.6447, 13.5748, 0, 2.02, 0.1213, 1.5977, 6.6136, 5.9533, 6.353, 1.6373, 2.3754, 2.416, 0.7595, 20.2324, 4.3106, 22.4623, 3.8879],
      [13.8861, 5.9302, 2.9996, 4.5023, 2.9688, 14.9633, 0.4556, 9.0672, 2.9487, 2.5028, 12.8529, 17.303, 6.5981, 0.3369, 22.5154, 1.9362, 10.0266, 3.2293, 5.9931, 9.7246, 8.6438, 14.2026, 0.1032, 1.0451, 2.102, 14.7429, 3.7703, 10.2066, 10.1556, 5.4402, 1.0066, 33.5601, 0, 5.0929, 0.7604, 1.4888, 10.4546, 7.1597, 4.533, 2.1181, 8.8856, 4.8332, 0.4202, 27.2281, 4.6897, 33.1258, 11.5516],
      [8.4559, 2.8086, 1.2921, 2.0276, 1.4509, 5.7546, 0.3265, 7.4286, 2.6466, 1.4928, 8.4608, 5.8768, 2.0339, 0.2332, 8.2485, 0, 1.9783, 1.8252, 1.6398, 2.0011, 5.7859, 3.7161, 0, 0.3157, 0.6187, 4.8937, 1.9551, 2.6768, 4.0808, 1.4785, 0.5026, 7.9315, 0, 1.2008, 0, 1.18, 4.0167, 2.7259, 3.055, 0.9619, 2.082, 1.1475, 0.6005, 12.1098, 2.616, 15.3504, 1.5514]
    ],
    [
      [17.8073, 10.5117, 2.0027, 8.0886, 5.9026, 7.8122, 1.1121, 24.9069, 2.6586, 10.3607, 18.9612, 13.4933, 7.688, 0.6497, 36.8487, 0.8254, 6.8575, 3.2486, 5.3147, 11.6626, 10.2518, 10.1816, 1.7587, 6.1806, 1.3904, 21.3205, 11.4038, 7.9862, 23.933, 3.8368, 1.6359, 30.6851, 0.5354, 3.3033, 0.1451, 6.5393, 14.8768, 7.2227, 11.9946, 3.1475, 11.2051, 5.5944, 0.9774, 35.3245, 4.6966, 73.0125, 7.0986],
      [164.7059, 151.9185, 36.7091, 85.1783, 51.3774, 53.424, 3.8148, 327.417, 40.0888, 76.7684, 256.6302, 133.5484, 81.2881, 2.0561, 314.8127, 4.3084, 53.2989, 111.5723, 78.105, 80.8562, 75.826, 93.5732, 2.1893, 1.0408, 16.4218, 79.6972, 132.6584, 71.9693, 136.8407, 60.0758, 11.7299, 165.8562, 0, 30.4876, 0.8055, 38.7027, 215.5552, 105.5702, 191.238, 43.4181, 43.3779, 48.2984, 27.4924, 437.0045, 74.5845, 375.2369, 54.0632],
      [17.1961, 30.6727, 5.3414, 12.9139, 9.4332, 3.8925, 0.2444, 34.0731, 1.1838, 10.7991, 31.0969, 15.9242, 8.9742, 0.0051, 44.44, 0.8662, 4.7628, 21.3627, 28.0693, 15.3942, 4.7648, 17.1303, 0.0519, 1.3111, 3.7178, 4.4232, 20.1816, 19.717, 20.1434, 10.3363, 1.7205, 26.6707, 0.4646, 4.434, 0.0494, 3.3002, 51.3013, 23.8536, 32.5118, 14.26, 17.1978, 6.6925, 2.2643, 64.7709, 10.8087, 61.8187, 14.8367],
      [46.2903, 25.8971, 6.9468, 17.8191, 14.2868, 15.8713, 1.8287, 44.6015, 8.0688, 8.0714, 38.3114, 30.034, 11.0498, 0.289, 36.8982, 0, 6.0804, 19.8164, 16.5111, 9.087, 22.1574, 20.1149, 0, 1.4675, 2.47, 15.0259, 12.7558, 9.3276, 21.0826, 7.7511, 2.9137, 31.788, 0, 4.7752, 0, 8.4578, 40.2667, 12.3535, 21.2537, 9.1744, 14.2192, 6.4147, 8.2653, 65.9001, 11.9098, 72.9315, 6.0015]
    ],
    [
      [9.0092, 5.2966, 0.8355, 3.543, 4.6478, 7.2844, 2.2459, 5.9699, 1.3382, 2.5141, 5.2319, 8.7458, 4.618, 0.4198, 12.8949, 0.1891, 3.5358, 1.3231, 2.8017, 5.9888, 8.5318, 5.6236, 0.2623, 1.2472, 0.176, 9.1535, 2.5906, 1.9201, 9.9646, 1.4785, 0.5869, 13.7783, 0.4646, 1.7691, 0.7001, 2.3052, 7.2396, 1.7229, 1.6785, 0.824, 6.3372, 3.7327, 0.2922, 14.6451, 1.853, 29.421, 3.7546],
      [5.5302, 7.7897, 1.6466, 2.5926, 2.7723, 1.1492, 0.2198, 17.6308, 3.8172, 2.3888, 12.5338, 3.8068, 2.9269, 0.0341, 10.2705, 0.1024, 1.6263, 7.4222, 2.989, 2.9472, 2.6275, 2.4627, 0.0162, 0, 0.1769, 1.0187, 5.7014, 1.0979, 4.5306, 2.0542, 0.2581, 3.4782, 0, 1.2422, 0.0643, 0.9431, 9.0192, 3.0133, 6.8913, 1.1822, 0.8033, 2.1249, 1.7142, 16.1937, 5.1087, 9.3022, 2.2117],
      [830.3881, 965.3135, 203.2385, 560.9653, 567.1564, 674.2179, 58.3944, 678.8614, 126.1509, 121.1293, 628.5956, 1122.3799, 585.3017, 6.4825, 956.9232, 16.7085, 233.7304, 671.8765, 683.2722, 538.2939, 544.2355, 806.6774, 1.7215, 19.7096, 49.4827, 275.4475, 338.9409, 281.5528, 667.4729, 353.2916, 54.7202, 1150.1729, 4.5354, 176.9305, 22.2356, 145.3815, 1538.2757, 332.3565, 306.9714, 158.2075, 537.4188, 368.9386, 44.8948, 2115.4277, 284.4374, 1585.9397, 394.8368],
      [8.073, 5.6002, 1.2794, 2.8991, 5.4236, 5.3485, 1.1398, 6.5398, 2.6936, 0.9683, 6.6392, 6.0675, 2.1534, 0.0638, 5.912, 0, 1.1081, 4.3781, 2.9371, 1.77, 6.6052, 3.2363, 0, 0.0432, 0.1643, 2.2874, 1.7677, 1.4292, 4.0323, 1.1757, 0.4349, 4.5706, 0, 1.0582, 0, 1.3702, 7.4654, 1.9073, 2.4611, 0.7864, 2.4407, 1.2038, 1.0995, 12.7334, 2.6015, 13.3376, 1.197]
    ],
    [
      [12.8812, 5.6213, 1.3253, 6.3855, 2.6416, 9.8784, 0.4726, 13.279, 2.0246, 4.5333, 13.5423, 9.6634, 6.5389, 1.9586, 30.5849, 0.4424, 5.3137, 2.2755, 5.6516, 7.6867, 8.2871, 11.3783, 0.4233, 6.8257, 1.2819, 11.726, 7.028, 5.6162, 12.839, 3.2152, 1.7445, 18.1215, 0, 2.0054, 0, 3.1843, 11.9712, 4.8514, 7.5283, 2.4095, 7.4921, 6.4382, 0.4756, 22.9207, 2.7727, 41.8068, 3.741],
      [42.9429, 31.2626, 9.536, 24.0218, 8.2776, 23.2336, 0.7526, 62.8009, 12.8473, 15.2437, 67.2757, 27.841, 21.7105, 3.2828, 83.8887, 1.0685, 13.0377, 28.7599, 24.1791, 18.3261, 19.3614, 32.1786, 0.4532, 0.8072, 6.0278, 15.6272, 36.8423, 18.9468, 30.2694, 17.5997, 4.3496, 35.9015, 0, 6.2327, 0, 8.5224, 58.4546, 26.229, 46.0352, 12.737, 11.4113, 17.1192, 4.0101, 105.8081, 14.9421, 91.5163, 10.817],
      [15.4731, 8.1941, 4.8367, 13.065, 2.8418, 14.2396, 0.1765, 13.8948, 1.2357, 4.1917, 17.8683, 12.6783, 9.5609, 0.3718, 46.3501, 0.4891, 4.1919, 11.5476, 24.5938, 11.2994, 4.4709, 36.0964, 0.1234, 4.2101, 6.0379, 4.5781, 9.3482, 8.4297, 9.2374, 12.8513, 2.842, 25.1897, 0, 2.0141, 0, 1.8941, 33.5121, 9.5927, 12.7634, 5.8567, 13.1772, 13.3529, 0.5606, 46.1512, 3.8211, 32.7388, 5.3394],
      [20.7027, 9.9219, 3.302, 8.5277, 4.239, 12.6484, 0.5983, 16.0248, 3.8925, 3.0311, 17.3135, 10.8174, 5.1897, 0.3867, 16.1762, 0, 2.4565, 9.417, 8.5755, 3.6877, 9.8806, 12.3466, 0, 1.1571, 1.6524, 4.9056, 5.7813, 4.0074, 8.6541, 4.3337, 2.064, 10.7873, 0, 1.7479, 0, 3.3992, 19.0621, 5.3269, 8.6724, 3.9967, 5.9195, 4.0897, 1.9536, 28.1199, 4.464, 30.938, 2.1026]
    ]
  ],
  "V_est": [
    [71.9315, 9.2721, 2346.677, 36.2531],
    [1011.8454, 247.2136, 378.0612, 148.5349],
    [512.9513, 4641.5922, 735.3786, 786.5372],
    [220.487, 173.4331, 22789.5936, 146.4034],
    [348.7848, 1152.4889, 521.2895, 342.2714]
  ],
  "p_est": [
    [0.0292, 0.0038, 0.9523, 0.0147],
    [0.5667, 0.1384, 0.2117, 0.0832],
    [0.0768, 0.6952, 0.1101, 0.1178],
    [0.0095, 0.0074, 0.9768, 0.0063],
    [0.1475, 0.4873, 0.2204, 0.1447]
  ],
  "EI_Z": {},
  "EI_V": 6.0642,
  "MAE_Z": {},
  "MAE_V": 222.0753,
  "MAE_p": 0.0608,
  "runtime": 124.769
}
