{
  "Z_true": {},
  "V_true": [
    [9, 555, 42, 1244, 82],
    [133, 864, 134, 16851, 694],
    [348, 135, 7769, 1113, 418],
    [107, 66, 526, 600, 378],
    [503, 21, 272, 324, 49],
    [105, 57, 253, 837, 702]
  ],
  "p_true": [
    [0.0047, 0.2873, 0.0217, 0.6439, 0.0424],
    [0.0071, 0.0463, 0.0072, 0.9023, 0.0372],
    [0.0356, 0.0138, 0.7941, 0.1138, 0.0427],
    [0.0638, 0.0394, 0.3137, 0.3578, 0.2254],
    [0.4303, 0.018, 0.2327, 0.2772, 0.0419],
    [0.0537, 0.0292, 0.1295, 0.4284, 0.3593]
  ],
  "Z_est": [
    [
      [0.2642, 8.062, 0.1822, 0.3006, 1.4694, 0.164, 0.3553, 0.2824, 0.2186, 0.5648, 0.2004, 0.1458, 0.1093, 0.3735, 0.0638, 0, 0.5556, 0.3097, 0, 3.4587, 0, 0.1275, 0.1366, 0.1822, 0, 0.1549, 1.5122, 0.3644, 0.2095, 0.5921, 0.4555, 0.7652, 0.0273, 0.6012, 0.4373, 0, 0.1458, 0.1822, 2.1681, 0.6103, 0.1458, 0.164, 0.1731, 0.1458, 0.0638, 0.9474, 0, 1.5122, 0],
      [20.3363, 16.9276, 14.025, 23.1413, 17, 12.6225, 27.3488, 21.7388, 16.83, 38.7793, 15.4275, 11, 8.415, 28.7513, 4.9088, 2.8414, 4, 23.8426, 12.9349, 23, 9.1163, 9.8175, 10.5188, 14.025, 13.3238, 11.9213, 116.4078, 28.0501, 16.1288, 45.5814, 35.0626, 58.9052, 1, 46.2826, 33.6601, 14.025, 5.9928, 14.025, 166.8979, 46.9839, 11.22, 12.6225, 13.3238, 11.22, 4.9088, 71.725, 7.9855, 116.4078, 25.9463],
      [0.9115, 1.4144, 0.6286, 1.0373, 0.8172, 0.5658, 1.2259, 0.9744, 0.7544, 6.6471, 0.6915, 0.7229, 0.3772, 1.2887, 0.22, 0.1257, 0.3143, 1.0687, 1.1592, 2.2354, 0.527, 0.44, 0.4715, 0.6286, 0.5972, 0.5343, 5.2177, 1.2573, 0.7229, 2.0431, 1.5716, 2.6403, 1.1981, 2.0745, 1.5087, 0.8108, 0.5029, 0.6286, 7.4808, 2.1059, 0.5029, 0.5658, 0.5972, 0.5029, 0.22, 4.4741, 0.3772, 5.2177, 1.163],
      [7.3238, 18.3412, 5.0509, 8.334, 6.5662, 4.5458, 9.8493, 7.8289, 6.0611, 15.6578, 5.556, 4.0407, 3.0305, 10.3543, 1.7678, 1.0102, 4.9085, 8.5865, 4.7984, 12.0737, 3.2831, 3.5356, 3.7882, 5.0509, 4.9714, 4.2933, 41.9225, 10.1018, 5.8085, 16.4154, 12.6272, 21.2138, 0.7576, 16.668, 12.1222, 5.0509, 7.1266, 5.0509, 60.1057, 16.9205, 4.0407, 4.5458, 4.7984, 4.0407, 1.7678, 26.2647, 3.5693, 41.9225, 9.6812],
      [0.1642, 0.2548, 0.1132, 0.1868, 0.1472, 0.1019, 0.2208, 0.1755, 0.1359, 0.351, 0.1246, 0.0906, 0.0679, 0.2321, 0.0396, 0.0226, 0.2216, 0.1925, 0.1076, 0.2321, 0.0736, 0.0793, 0.0849, 0.1132, 0.1076, 0.0962, 0.9398, 0.2265, 0.1302, 0.368, 0.2831, 0.4756, 0.017, 0.3737, 0.2718, 0.1132, 2.232, 0.1132, 1.3475, 0.3793, 0.0906, 0.1019, 0.1076, 0.0906, 0.0396, 0.5888, 0.0679, 0.9398, 0.2095]
    ],
    [
      [4.1901, 7.1615, 3.3133, 10.7763, 13.2757, 1.997, 8.2135, 6.6541, 17.5164, 0, 4.703, 0, 2.7303, 13.4071, 3.2925, 0, 0.1492, 9.4311, 0, 4.7146, 0, 0, 2.3573, 5.79, 0, 1.477, 12.7516, 0, 5.2735, 10.8711, 6.2033, 12.402, 0, 35.1331, 19.0975, 0, 1.3301, 0, 0, 3.3645, 2.8801, 2.7321, 11.7687, 6.297, 4.3899, 7.8574, 0, 35.0244, 0],
      [10.9894, 0, 0.5423, 12.3569, 0, 0, 6.722, 1.38, 5.1962, 0, 0, 0, 2.7783, 8.6196, 6.978, 0.4099, 0, 8.0568, 0, 0, 2.08, 0.8187, 7.6882, 8.6221, 0.3863, 1.503, 39.1947, 20.8947, 0.2048, 9.7689, 8.0727, 3.8197, 0, 10.7284, 6.2148, 0.2313, 0, 7.3123, 20.7999, 9.1724, 0.9822, 2.7154, 1.2569, 8.4472, 0, 0, 0, 55.7674, 6.6301],
      [0, 3.1141, 0, 0, 7.6921, 0.4992, 7.999, 14.9908, 10.0116, 34.4664, 13.867, 4.6029, 2.5535, 0, 0, 0, 0.1395, 0, 4.1934, 4.4094, 12.2963, 0, 0, 1.4444, 1.3859, 7.9717, 6.1067, 14.2978, 6.6534, 0, 0, 0, 1.8944, 2.9165, 27.4435, 4.998, 1.4566, 19.7891, 11.1928, 0, 12.9928, 0, 0.3125, 5.998, 8.9201, 47.8787, 2.4559, 0, 0],
      [589.3989, 439.1833, 392.7054, 430.4739, 428.4371, 222.6977, 538.2587, 190.1792, 357.443, 640.4322, 319.9573, 214.4879, 160.2412, 650.4759, 34.4555, 24.4217, 8.9082, 325.4364, 137.421, 283.4018, 113.1905, 186.9152, 135.2656, 228.0061, 156.8203, 80.0976, 999.2475, 404.2304, 147.3768, 425.41, 351.0333, 356.7458, 37.6523, 975.8193, 593.5676, 188.1094, 81.8248, 216.3857, 872.0688, 241.7048, 106.8716, 208.4012, 208.8685, 188.4131, 243.5622, 900.0374, 157.3337, 1020.2077, 97.2207],
      [51.4215, 30.5412, 23.439, 40.3929, 19.595, 22.806, 59.8068, 26.7959, 40.8328, 42.1015, 26.4727, 19.9092, 14.6966, 63.4973, 2.2741, 2.1683, 0.8031, 19.0757, 8.3856, 23.4742, 9.4333, 26.2661, 12.6889, 17.1374, 15.4076, 7.9506, 71.6995, 39.5771, 10.4916, 38.95, 34.6907, 32.0324, 3.4533, 88.4026, 33.6766, 18.6613, 7.3884, 19.5128, 79.9385, 13.7583, 10.2733, 24.1512, 15.7933, 19.8446, 37.1278, 54.2264, 16.2104, 162.0005, 3.1493]
    ],
    [
      [2.0661, 3.5224, 1.3774, 6.5418, 6.9855, 1.7119, 2.9516, 2.8729, 6.1787, 6.06, 5.3916, 0.762, 1.4206, 11.59, 1.6438, 0, 0.2952, 5.5542, 0, 4.0929, 0, 0.0691, 1.6044, 1.0626, 0, 3.241, 7.7136, 3.3179, 2.1645, 5.2539, 4.9887, 4.1913, 0, 13.243, 10.1536, 0, 1.2987, 1.2399, 4.1965, 1.771, 2.5581, 1.9481, 1.3184, 1.0429, 2.8701, 11.6294, 0, 12.5739, 0],
      [0.5947, 0, 0.3965, 1.3933, 0, 0.3413, 0.8496, 0.8269, 1.7784, 0, 0.4856, 0, 2.7668, 3.336, 0.1133, 0.1323, 0, 1.0138, 0, 0, 0.3455, 0.3058, 0.764, 0.3058, 0.2719, 3.5395, 2.2202, 0.9647, 0.623, 1.5122, 0.8212, 1.2064, 0, 3.8117, 2.9225, 0.6966, 0, 2.612, 10.1213, 10.7714, 0.7363, 0.5607, 0.3795, 0.3002, 0.0695, 0, 0, 14.5715, 3.7951],
      [82.6149, 116.754, 54.8194, 204.9282, 298.1847, 73.0762, 125.9935, 122.6337, 263.7464, 574.555, 231.2144, 93.5555, 170.7953, 491.2104, 15.5489, 9.5347, 10.3921, 148.3204, 77.276, 174.711, 52.4377, 45.0491, 36.5042, 45.3577, 40.3179, 129.7135, 329.2631, 141.9527, 92.3953, 207.8223, 119.6582, 161.4452, 74.4224, 565.2909, 433.4177, 105.735, 55.4372, 127.6734, 474.5756, 65.3345, 109.1944, 77.772, 56.2771, 44.5177, 97.435, 499.7618, 50.3974, 525.78, 53.3146],
      [18.0485, 16.5052, 12.2895, 29.2106, 44.1642, 10.482, 17.8114, 17.3364, 37.2851, 79.6761, 32.5354, 12.9429, 12.4991, 73.4634, 2.3748, 1.69, 4.0733, 21.2549, 13.2557, 25.8765, 7.2433, 6.4121, 6.1746, 6.4121, 6.6442, 0, 46.547, 20.0675, 13.0617, 40.292, 17.2176, 42.7578, 9.4403, 79.9136, 61.2711, 14.6053, 8.2108, 18.0488, 67.0894, 10.6868, 15.4365, 17.0332, 7.9557, 6.2933, 13.7741, 70.1767, 8.645, 75.8764, 7.837],
      [1.6758, 2.2184, 1.1172, 3.9261, 5.6656, 1.3885, 2.3939, 2.3301, 5.0113, 10.7089, 4.3729, 1.7396, 8.5182, 9.4002, 0.3192, 0.6429, 0.2394, 2.8568, 1.4683, 3.3196, 0.9735, 2.1638, 6.9528, 0.8618, 0.7661, 11.506, 6.2562, 2.6972, 1.7556, 12.1196, 2.3141, 3.3994, 3.1373, 10.7408, 8.2351, 1.963, 1.0533, 2.4259, 9.0172, 1.4364, 2.0747, 1.6861, 1.0693, 0.8459, 1.8513, 9.4321, 0.9576, 10.1982, 1.0533]
    ],
    [
      [0, 0, 0, 0, 0, 0, 0, 0, 0, 0, 0, 0, 0, 0, 0, 0, 0, 0, 0, 0, 0, 0, 0, 0, 0, 0, 0, 0, 0, 0, 0, 0, 0, 0, 0, 0, 0, 0, 0, 0, 0, 0, 0, 0, 0, 0, 0, 0, 0],
      [0, 0, 0, 0, 0, 0, 0, 0, 0, 0, 0, 0, 0, 0, 0, 0, 0, 0, 0, 0, 0, 0, 0, 0, 0, 0, 0, 0, 0, 0, 0, 0, 0, 0, 0, 0, 0, 0, 0, 0, 0, 0, 0, 0, 0, 0, 0, 0, 0],
      [0, 0, 0, 0, 0, 0, 0, 0, 0, 0, 0, 0, 0, 0, 0, 0, 0, 0, 0, 0, 0, 0, 0, 0, 0, 0, 0, 0, 0, 0, 0, 0, 0, 0, 0, 0, 0, 0, 0, 0, 0, 0, 0, 0, 0, 0, 0, 0, 0],
      [36.8405, 27.262, 14.7362, 32.4197, 37.5773, 18.4203, 32.4197, 18.4203, 30.946, 55.9976, 33.1565, 16.2098, 13.2626, 44.9454, 2.9472, 2.9472, 1.4736, 15.473, 10.3153, 16.9466, 11.789, 11.789, 11.0522, 19.1571, 16.2098, 16.2098, 86.9436, 32.4197, 16.9466, 32.4197, 24.3147, 39.051, 5.1577, 69.2602, 35.3669, 10.3153, 5.1577, 16.2098, 64.1025, 12.5258, 14.7362, 17.6835, 17.6835, 18.4203, 16.9466, 67.0498, 8.8417, 71.4706, 3.6841],
      [13.1595, 9.738, 5.2638, 11.5803, 13.4227, 6.5797, 11.5803, 6.5797, 11.054, 20.0024, 11.8435, 5.7902, 4.7374, 16.0546, 1.0528, 1.0528, 0.5264, 5.527, 3.6847, 6.0534, 4.211, 4.211, 3.9478, 6.8429, 5.7902, 5.7902, 31.0564, 11.5803, 6.0534, 11.5803, 8.6853, 13.949, 1.8423, 24.7398, 12.6331, 3.6847, 1.8423, 5.7902, 22.8975, 4.4742, 5.2638, 6.3165, 6.3165, 6.5797, 6.0534, 23.9502, 3.1583, 25.5294, 1.3159]
    ],
    [
      [13.4796, 12.2542, 6.1271, 18.3812, 25.2694, 6.1271, 13.4796, 9.1906, 33.0862, 37.3752, 14.705, 14.0923, 6.7398, 49.6293, 0, 0, 0, 14.705, 10, 25.7337, 3, 9.8033, 4.9017, 7.9652, 3, 6.1271, 30.0227, 15.3177, 7.3525, 23.2829, 7.3525, 11.6414, 1.9727, 30.0227, 34.3116, 6, 1.2254, 8.5779, 30.6354, 12.2542, 10.416, 17.1558, 6.7398, 5.5144, 3.6762, 46.5658, 1, 42.8895, 8],
      [0.0796, 0.0724, 0.0362, 0.1085, 0, 0.0362, 0.0796, 0.0543, 0.1954, 0.2207, 0.0868, 0, 0.0398, 0.2931, 0, 0.6163, 0, 0.0868, 0.0651, 0, 0.4583, 0.0579, 0.0289, 0.047, 0.0181, 0.0362, 0.1773, 0.0905, 0.0434, 0.1375, 0.0434, 0.0687, 0, 0.1773, 0.2026, 0.047, 0.0072, 0.0507, 0.1809, 0.0724, 0.0615, 0.1013, 0.0398, 0.0326, 0.0217, 0.275, 0.0145, 0.2533, 0.6286],
      [5.7752, 5.2502, 2.6251, 7.8753, 10.763, 2.6251, 5.7752, 3.9377, 14.1756, 16.0132, 6.3003, 6.0378, 2.8876, 21.2634, 0, 0.2625, 0, 6.3003, 5.7539, 11.0255, 1.8148, 4.2002, 2.1001, 3.4126, 1.3126, 2.6251, 12.8631, 6.5628, 3.1501, 9.9754, 3.1501, 4.9877, 2.1001, 12.8631, 14.7006, 5.3778, 0.525, 3.6752, 13.1256, 5.2502, 4.4627, 7.3503, 2.8876, 2.3626, 1.5751, 19.9509, 1.6142, 18.3758, 3.6752],
      [2.4779, 2.2526, 1.1263, 3.3789, 4.6179, 1.1263, 2.4779, 1.6895, 6.0821, 6.8705, 2.7032, 2.5905, 1.2389, 9.1232, 0, 0.1126, 0, 2.7032, 2.0274, 4.8825, 0.6758, 1.8021, 0.9011, 1.4642, 0.6267, 1.1263, 5.519, 2.8158, 1.3516, 4.28, 1.3516, 2.14, 0.9011, 5.519, 6.3074, 1.4642, 0.2253, 1.5768, 5.6316, 2.2526, 1.9147, 3.1537, 1.2389, 1.0137, 0.6758, 8.56, 1.3372, 7.8842, 1.5768],
      [0.1877, 0.1706, 0.0853, 0.2559, 0.3498, 0.0853, 0.1877, 0.128, 0.4607, 0.5204, 0.2047, 0.2794, 0.0938, 0.691, 0, 0.0085, 0, 0.2047, 0.1536, 0.3583, 0.0512, 0.1365, 0.0682, 0.1109, 0.0427, 0.0853, 0.418, 0.2133, 0.1024, 0.3242, 0.1024, 0.1621, 3.0262, 0.418, 0.4777, 0.1109, 0.0171, 0.1194, 0.4266, 0.1706, 0.145, 0.2389, 0.0938, 0.0768, 0.0512, 0.6484, 0.0341, 0.5972, 0.1194]
    ],
    [
      [0, 0, 0, 0, 0, 0, 0, 0, 0, 0, 0, 0, 0, 0, 0, 0, 0, 0, 0, 0, 0, 0, 0, 0, 0, 0, 0, 0, 0, 0, 0, 0, 0, 0, 0, 0, 0, 0, 0, 0, 0, 0, 0, 0, 0, 0, 0, 0, 0],
      [0, 0, 0, 0, 0, 0, 0, 0, 0, 0, 0, 0, 0, 0, 0, 0, 0, 0, 0, 0, 0, 0, 0, 0, 0, 0, 0, 0, 0, 0, 0, 0, 0, 0, 0, 0, 0, 0, 0, 0, 0, 0, 0, 0, 0, 0, 0, 0, 0],
      [4.6983, 4.4673, 2.9268, 4.1592, 3.543, 2.2336, 5.0064, 1.4634, 3.3119, 8.3184, 2.9268, 3.0809, 1.3864, 5.2375, 0.2311, 0.077, 0.154, 2.3107, 1.6175, 2.6187, 0.9243, 2.3107, 0.9243, 2.1566, 1.3864, 1.1553, 8.5494, 4.9294, 1.0783, 4.1592, 3.62, 2.9268, 0.3851, 6.8549, 4.9294, 1.0783, 1.0783, 2.2336, 7.6252, 1.3094, 0.8472, 3.3119, 1.9255, 2.6187, 2.8498, 8.9345, 1.1553, 8.6264, 0.8472],
      [49.9103, 47.4557, 31.0917, 44.1829, 37.6373, 23.7279, 53.1831, 15.5458, 35.1827, 88.3658, 31.0917, 32.7281, 14.7276, 55.6377, 2.4546, 0.8182, 1.6364, 24.5461, 17.1822, 27.8189, 9.8184, 24.5461, 9.8184, 22.9097, 14.7276, 12.273, 90.8204, 52.3649, 11.4548, 44.1829, 38.4555, 31.0917, 4.091, 72.82, 52.3649, 11.4548, 11.4548, 23.7279, 81.002, 13.9094, 9.0002, 35.1827, 20.455, 27.8189, 30.2735, 94.9114, 12.273, 91.6386, 9.0002],
      [6.3914, 6.077, 3.9815, 5.6579, 4.8197, 3.0385, 6.8105, 1.9907, 4.5054, 11.3158, 3.9815, 4.191, 1.886, 7.1248, 0.3143, 0.1048, 0.2096, 3.1433, 2.2003, 3.5624, 1.2573, 3.1433, 1.2573, 2.9337, 1.886, 1.5716, 11.6302, 6.7057, 1.4669, 5.6579, 4.9245, 3.9815, 0.5239, 9.3251, 6.7057, 1.4669, 1.4669, 3.0385, 10.3728, 1.7812, 1.1525, 4.5054, 2.6194, 3.5624, 3.8767, 12.154, 1.5716, 11.7349, 1.1525]
    ]
  ],
  "V_est": [
    [28.9044, 1316.9569, 69.7634, 503.1307, 13.2446],
    [298.5267, 297.3416, 306.9442, 16310.8041, 1462.3834],
    [170.4695, 78.257, 8158.1183, 1187.8989, 188.2563],
    [0, 0, 0, 1235.6311, 441.3689],
    [707.0994, 5.4444, 310.6736, 132.7686, 13.0141],
    [0, 0, 150.5006, 1598.7667, 204.7328]
  ],
  "p_est": [
    [0.015, 0.6817, 0.0361, 0.2604, 0.0069],
    [0.016, 0.0159, 0.0164, 0.8734, 0.0783],
    [0.0174, 0.008, 0.8339, 0.1214, 0.0192],
    [0, 0, 0, 0.7368, 0.2632],
    [0.6049, 0.0047, 0.2658, 0.1136, 0.0111],
    [0, 0, 0.077, 0.8182, 0.1048]
  ],
  "EI_Z": {},
  "EI_V": 11.6053,
  "MAE_Z": {},
  "MAE_V": 272.2691,
  "MAE_p": 0.1027,
  "runtime": 1.2829
}
