{
  "Z_true": {},
  "V_true": [
    [65, 91, 1106, 77],
    [1948, 479, 462, 93],
    [1333, 9392, 3825, 537],
    [149, 88, 6126, 120],
    [161, 394, 1308, 273],
    [111, 407, 919, 159],
    [102, 290, 1436, 419],
    [215, 406, 597, 580]
  ],
  "p_true": [
    [0.0485, 0.068, 0.826, 0.0575],
    [0.6533, 0.1606, 0.1549, 0.0312],
    [0.0884, 0.6225, 0.2535, 0.0356],
    [0.023, 0.0136, 0.9449, 0.0185],
    [0.0754, 0.1845, 0.6124, 0.1278],
    [0.0695, 0.255, 0.5758, 0.0996],
    [0.0454, 0.1291, 0.6391, 0.1865],
    [0.1196, 0.2258, 0.332, 0.3226]
  ],
  "Z_est": [
    [
      [0.8231, 11.801, 5.1499, 1.8235, 1.5937, 4.8718, 6.2649, 6.9487, 12.3375, 8.9289, 6.6027, 8.3974, 1.8473, 3.3324, 5.3012, 5.4848, 2.46, 10.0377, 3.0523, 12.0604, 2.7535, 16.651, 7.6421, 5.0382, 5.9932, 12.2434, 1.1788, 8.3331, 6.2983, 1.5047, 15.6248, 2.3386, 11.521, 2.5282],
      [0.0348, 0.4445, 0.1312, 0, 0.1216, 0.0082, 0.1788, 0.0845, 0.154, 0.0207, 0.1675, 0.0452, 0.0478, 0.1462, 0.0774, 0.17, 0.0196, 0, 0.1065, 0.4457, 0.0882, 0.4491, 0.2302, 0.1942, 0.1761, 0.0682, 0.0208, 0.0178, 0.1707, 0.0395, 0.6129, 0.063, 0.1452, 0],
      [3.9805, 50.8128, 28.3072, 4.9822, 10.9967, 23.6691, 29.1503, 28.5245, 49.5702, 35.3641, 32.7123, 38.0296, 6.947, 19.2056, 28.1828, 20.9219, 14.3439, 58.1542, 21.5894, 92.1042, 17.9031, 79.6078, 43.5161, 30.31, 26.296, 56.8005, 5.7004, 43.9615, 28.1571, 8.2939, 81.5074, 12.4441, 50.2367, 15.3031],
      [0.1616, 0.9417, 0.4117, 0.1943, 0.288, 0.451, 0.406, 0.4424, 0.9383, 0.6863, 0.5175, 0.5277, 0.1579, 0.3158, 0.4386, 0.4232, 0.1765, 0.8081, 0.2518, 1.3897, 0.2552, 1.2922, 0.6115, 0.4577, 0.5347, 0.888, 0.1, 0.6876, 0.3739, 0.1619, 1.2549, 0.1543, 1.0971, 0.1687]
    ],
    [
      [9.8007, 111.9378, 52.6528, 2.9787, 45.0451, 40.6058, 87.549, 124.5504, 313.4414, 75.5855, 113.3982, 145.5257, 49.574, 123.5916, 68.273, 173.9722, 24.7652, 50.4738, 37.7475, 100.0302, 35.7284, 122.3005, 45.7343, 58.5443, 60.5375, 102.3044, 39.7695, 60.4428, 52.7552, 18.8553, 199.2299, 36.7859, 313.416, 51.443],
      [0.0423, 0.4619, 0, 0, 6.3692, 0, 0.1454, 0, 0, 0, 0.0124, 0, 0.1296, 1.4163, 0, 1.2457, 0, 0, 0.0046, 0.0035, 0.0024, 0.0562, 0.01, 0.0932, 0.0879, 0, 0, 0, 0.0515, 0, 0.7155, 0.0084, 0, 0],
      [0, 0, 0.0683, 0, 0.6712, 0.119, 0, 0, 0, 0, 0, 0, 0, 1.0801, 0.3452, 0, 0.1226, 0.2574, 0.0425, 0.1922, 0.0497, 0, 0.0099, 0.0111, 0, 0.1886, 0, 0.2132, 0, 0.0055, 0, 0.0732, 0, 1.3882],
      [0.157, 0.6004, 0.279, 0.0213, 0.9145, 0.2752, 0.3056, 0.4496, 1.5586, 0.4145, 0.5893, 0.4743, 0.2964, 0.912, 0.3818, 0.7821, 0.1122, 0.2689, 0.2054, 0.7741, 0.2195, 0.6433, 0.2458, 0.3514, 0.3746, 0.507, 0.2305, 0.344, 0.1933, 0.1392, 1.0546, 0.1325, 2.584, 0.1689]
    ],
    [
      [1.1194, 32.377, 13.9887, 4.6136, 0, 10.0138, 16.6892, 39.2038, 84.6521, 25.6716, 25.3727, 33.2851, 22.5648, 0.548, 7.036, 46.1744, 6.7569, 18.0074, 9.5556, 5.9116, 7.7891, 65.4548, 28.6973, 10.8271, 30.2418, 43.0154, 3.9473, 22.7958, 22.0091, 11.9174, 28.0631, 5.1793, 53.603, 6.2888],
      [31.0467, 424.962, 282.8523, 25.7953, 67.7893, 112.2135, 212.8566, 282.5998, 548.5708, 186.7256, 394.3558, 271.5128, 244.0928, 144.4735, 120.1501, 510.5058, 122.3639, 251.965, 406.2591, 792.0274, 286.5193, 1002.5766, 610.019, 386.7816, 444.0386, 434.7042, 45.4934, 308.2164, 281.2145, 227.6063, 635.4923, 98.7797, 426.1709, 50.7599],
      [6.0582, 87.4065, 89.6545, 8.2631, 20.1701, 41.2443, 55.0612, 78.2832, 143.5082, 54.8051, 114.4147, 91.9731, 43.761, 42.4607, 40.2209, 77.7475, 51.1764, 122.2836, 132.5555, 262.8334, 92.4972, 274.726, 181.8253, 107.2727, 100.5654, 158.2844, 13.8242, 125.198, 73.3176, 70.4071, 165.7823, 30.3464, 120.6801, 28.9827],
      [3.7756, 21.2545, 13.5044, 4.328, 6.0406, 8.5284, 8.393, 13.9131, 34.2689, 12.7977, 19.8569, 13.2291, 14.5814, 7.5178, 6.593, 22.5723, 5.7028, 15.7441, 14.6298, 40.2276, 13.1944, 50.2426, 26.4584, 17.1185, 26.1542, 25.996, 2.735, 19.7899, 10.4588, 16.0692, 28.6624, 3.6946, 33.546, 2.9686]
    ],
    [
      [0, 2.4402, 0, 0.4154, 0, 0.574, 0.8955, 1.8227, 5.2794, 3.5521, 1.0144, 3.3121, 0.6352, 0, 0.0663, 1.2457, 0.0088, 0, 0, 0, 0, 2.4342, 0.3821, 0, 0.8105, 2.3225, 0.3914, 0.7362, 1.8497, 0.1658, 0, 0.0234, 5.2279, 0],
      [1.2409, 7.4263, 3.1056, 0, 0.1043, 0, 2.1632, 1.2466, 2.4927, 0.5725, 3.9032, 0.6106, 1.6554, 0.9852, 1.0619, 3.6978, 0.223, 0, 2.5133, 4.1283, 2.0817, 9.9708, 4.7874, 4.2685, 3.3676, 1.1324, 0.3858, 0.1824, 4.2429, 2.576, 9.193, 1.5403, 2.2554, 0],
      [32.284, 239.8967, 206.4914, 23.1657, 42.6812, 145.8009, 105.2427, 109.3731, 247.1858, 138.5265, 221.6653, 183.3157, 64.0761, 64.0089, 100.8839, 125.2828, 71.4403, 275.4658, 172.8692, 521.9758, 154.5717, 499.5081, 259.8938, 201.15, 141.7281, 242.0926, 36.7461, 198.3162, 191.224, 196.1988, 354.8157, 88.3301, 275.297, 55.6314],
      [5.4751, 17.2368, 11.403, 3.4188, 4.2146, 10.625, 5.6987, 6.5577, 18.0421, 10.3489, 13.4171, 9.7616, 5.6332, 4.0059, 5.9879, 9.7737, 3.3279, 14.5342, 7.6175, 29.8959, 8.3467, 31.0869, 13.9368, 11.5815, 11.0939, 14.4525, 2.4767, 11.7652, 9.6834, 15.0594, 20.9913, 4.1062, 23.2197, 2.3686]
    ],
    [
      [0, 0.2374, 0, 0.1423, 0, 0.1201, 0.1412, 0.1318, 0.4575, 0.1651, 0.0844, 0.1711, 0.0695, 0, 0.0012, 0.1429, 0, 0.0042, 0, 0, 0, 0.2099, 0, 0, 0.1346, 0.2417, 0.016, 0.0481, 0.1457, 0.0004, 0, 0.0012, 0.3126, 0.0048],
      [2.2317, 21.2149, 13.2663, 2.444, 2.7526, 9.616, 11.368, 6.7749, 16.919, 6.4488, 17.3619, 8.5753, 6.487, 6.7551, 5.3157, 13.8191, 5.5437, 11.2478, 14.3669, 41.1526, 10.1934, 41.0671, 24.1853, 19.9761, 19.54, 16.8455, 1.5969, 10.8674, 13.5627, 12.2264, 27.5204, 4.1699, 15.0039, 0.9158],
      [6.2191, 62.2291, 47.3757, 10.1104, 8.8699, 39.6151, 37.1294, 23.7329, 58.6063, 23.5238, 59.5972, 33.2598, 17.8756, 22.8961, 19.7426, 35.4798, 23.5998, 52.1466, 51.812, 150.5862, 36.5214, 136.7117, 83.394, 65.7448, 58.7916, 67.281, 5.749, 45.6205, 44.4855, 43.4329, 87.8942, 14.6491, 53.4449, 4.732],
      [1.5492, 7.3185, 4.3581, 2.3033, 1.3775, 4.6488, 3.3615, 2.3603, 7.0171, 2.8623, 5.9565, 2.9939, 2.5679, 2.3489, 1.9405, 4.5583, 1.8565, 4.6015, 3.8211, 14.2612, 3.2852, 14.0112, 7.4207, 6.2791, 7.5337, 6.6318, 0.638, 4.464, 3.8061, 5.3403, 8.5853, 1.1798, 7.2386, 0.3475]
    ],
    [
      [0, 0.1625, 0, 0.1545, 0, 0.1653, 0.0782, 0.0465, 0.2391, 0.0915, 0.0209, 0.0734, 0.0473, 0, 0.0121, 0.1251, 0, 0.0291, 0, 0, 0, 0.1554, 0.0456, 0, 0.0726, 0.1039, 0.0323, 0.0703, 0.2649, 0.0076, 0.0034, 0.0093, 0.5561, 0.0069],
      [0.146, 0.8638, 0.9033, 0, 0.0882, 0.115, 0.3577, 0.1478, 0.4663, 0.1728, 0.172, 0.1919, 0.2347, 0.0758, 0.1542, 0.6361, 0.0847, 0.122, 0.6309, 1.0174, 0.421, 1.1815, 0.8117, 0.4611, 0.5238, 0.3344, 0.0884, 0.292, 0.9587, 0.0766, 1.5873, 0.1407, 0.6971, 0.0243],
      [8.5252, 57.7314, 97.4941, 17.3022, 16.3111, 54.681, 29.8684, 14.8786, 49.5791, 20.198, 15.8154, 23.4117, 16.259, 6.5063, 16.7984, 39.0973, 39.9598, 66.185, 66.3071, 116.0711, 43.146, 102.1042, 73.0631, 37.3009, 39.2617, 43.8485, 10.1736, 55.2448, 74.7885, 7.3526, 114.4124, 13.1839, 90.0783, 5.7069],
      [1.3288, 4.2422, 5.6026, 2.5433, 1.6007, 4.0388, 1.6957, 0.9272, 3.7155, 1.5377, 0.9917, 1.323, 1.459, 0.4179, 1.0353, 3.1415, 1.9555, 3.6639, 3.0621, 6.9115, 2.4331, 6.559, 4.0797, 2.238, 3.1419, 2.7132, 0.7057, 3.3929, 3.9879, 0.5632, 6.9969, 0.666, 7.6685, 0.2619]
    ],
    [
      [0.03, 0.8454, 0.2377, 0.2546, 0, 0.3688, 0.2422, 0.3359, 1.5278, 0.4541, 0.3304, 0.5441, 0.3819, 0.0117, 0.0982, 0.5628, 0.1226, 0.4825, 0.1348, 0.0311, 0.1067, 1.1495, 0.4151, 0.1816, 0.2684, 0.7214, 0.2075, 0.4315, 0.6204, 0.0414, 0.4169, 0.0837, 1.0184, 0.0238],
      [0.6101, 3.2329, 1.37, 0.1405, 0.2768, 0.7784, 0.8985, 0.7685, 2.4366, 0.7789, 1.4366, 1.043, 1.257, 0.6944, 0.4682, 2.1326, 0.5743, 0.9118, 2.0679, 4.2122, 1.8407, 4.96, 2.4809, 2.8433, 1.1789, 1.6591, 0.4474, 1.2683, 2.084, 0.2056, 2.7167, 0.4506, 2.0171, 0.0707],
      [14.974, 94.0701, 55.2403, 12.7828, 9.781, 49.2546, 32.0596, 31.9297, 106.1543, 36.0469, 54.8339, 52.4932, 36.1386, 23.7805, 20.2019, 56.7884, 36.5319, 129.5765, 82.058, 168.8214, 72.9944, 179.4846, 93.921, 94.3927, 38.5033, 87.282, 20.909, 77.5884, 72.4724, 8.1362, 91.3376, 17.5895, 89.428, 4.6922],
      [2.3859, 6.8517, 3.152, 1.822, 0.9423, 3.5982, 1.7997, 1.9659, 7.8813, 2.7201, 3.3992, 2.9197, 3.2226, 1.5134, 1.2316, 4.5162, 1.7712, 7.0292, 3.7393, 9.9353, 4.0581, 11.4059, 5.1829, 5.5824, 3.0494, 5.3374, 1.4361, 4.7118, 3.8232, 0.6168, 5.5288, 0.8763, 7.5365, 0.2133]
    ],
    [
      [0.2268, 3.1987, 2.9709, 0.6174, 0.3612, 2.2804, 3.1398, 2.9602, 8.0652, 2.5512, 4.1765, 5.6911, 2.8801, 1.5163, 1.2119, 7.2921, 1.8866, 3.9654, 2.5099, 5.9667, 2.6223, 8.6448, 5.0835, 4.4088, 3.9414, 5.0474, 0.4571, 5.1423, 4.0567, 2.5073, 4.6618, 1.5785, 6.3451, 0.7047],
      [0.6475, 7.3937, 7.3713, 0.6201, 1.4981, 4.2689, 7.0318, 5.378, 13.9606, 4.2806, 9.5905, 10.0212, 6.0956, 4.4534, 2.7725, 16.7929, 4.1909, 7.7535, 8.0507, 21.013, 7.8534, 19.7386, 13.4755, 13.3821, 9.0871, 9.2562, 0.9673, 10.1557, 8.715, 6.2696, 12.1619, 3.8475, 11.7103, 1.2293],
      [0.9589, 11.8535, 14.3685, 1.3935, 2.5189, 9.616, 12.4884, 10.278, 26.3961, 8.5357, 17.9613, 21.517, 8.9426, 8.0619, 5.6243, 22.6823, 9.8252, 19.931, 15.7665, 41.4157, 15.3165, 35.8577, 25.3769, 23.8177, 14.8539, 20.2223, 1.8976, 23.8575, 15.5548, 12.1729, 21.2503, 7.3836, 22.8351, 3.5635],
      [4.1668, 23.5541, 22.2893, 5.369, 6.6218, 18.8347, 19.34, 17.3838, 53.5781, 17.6325, 30.2717, 32.7707, 22.0817, 13.9684, 9.3913, 50.2327, 13.0974, 29.3501, 19.673, 65.6046, 23.2078, 61.7589, 38.0641, 38.3913, 32.1176, 33.4741, 3.678, 38.8446, 22.6734, 25.0502, 34.9259, 10.1904, 52.1096, 4.5024]
    ]
  ],
  "V_est": [
    [218.7681, 4.6798, 1097.5862, 17.9659],
    [2949.3455, 10.8561, 4.8377, 16.9607],
    [743.371, 10671.4911, 3107.5905, 564.5474],
    [35.6053, 83.1149, 5987.1356, 377.1443],
    [2.9838, 441.332, 1532.8599, 158.8243],
    [2.5737, 14.179, 1482.6456, 96.6017],
    [12.6828, 50.3125, 2052.249, 131.7557],
    [118.6699, 271.0346, 514.0954, 894.2001]
  ],
  "p_est": [
    [0.1634, 0.0035, 0.8197, 0.0134],
    [0.989, 0.0036, 0.0016, 0.0057],
    [0.0493, 0.7073, 0.206, 0.0374],
    [0.0055, 0.0128, 0.9235, 0.0582],
    [0.0014, 0.2066, 0.7176, 0.0744],
    [0.0016, 0.0089, 0.929, 0.0605],
    [0.0056, 0.0224, 0.9133, 0.0586],
    [0.066, 0.1507, 0.2859, 0.4973]
  ],
  "EI_Z": {},
  "EI_V": 13.323,
  "MAE_Z": {},
  "MAE_V": 280.3489,
  "MAE_p": 0.0942,
  "runtime": 0.002
}
