{
  "X": [
    [12, 36, 73, 19],
    [163, 466, 604, 82],
    [75, 309, 539, 61],
    [11, 29, 78, 20],
    [47, 79, 112, 22],
    [59, 127, 364, 51],
    [115, 235, 301, 41],
    [176, 297, 297, 44],
    [426, 585, 681, 127],
    [117, 199, 317, 49],
    [151, 427, 517, 75],
    [197, 292, 444, 64],
    [78, 260, 194, 50],
    [129, 159, 188, 31],
    [82, 130, 232, 27],
    [235, 549, 378, 96],
    [36, 133, 247, 28],
    [83, 272, 724, 76],
    [53, 434, 543, 53],
    [124, 864, 1354, 169],
    [49, 309, 433, 55],
    [217, 1080, 1308, 177],
    [88, 656, 761, 96],
    [79, 428, 560, 82],
    [102, 478, 420, 84],
    [166, 464, 676, 90],
    [46, 49, 95, 12],
    [98, 331, 570, 84],
    [88, 311, 500, 55],
    [35, 249, 346, 63],
    [248, 690, 917, 108],
    [46, 109, 184, 21],
    [392, 458, 702, 135],
    [61, 53, 120, 11]
  ],
  "W": [
    [5, 10, 42, 39, 10, 10, 18, 6],
    [64, 113, 566, 267, 91, 63, 105, 46],
    [34, 53, 400, 221, 65, 104, 60, 47],
    [7, 3, 43, 27, 15, 20, 15, 8],
    [13, 53, 94, 47, 13, 18, 11, 11],
    [29, 41, 172, 157, 54, 59, 54, 35],
    [36, 88, 293, 114, 52, 32, 35, 42],
    [36, 125, 414, 119, 33, 16, 35, 36],
    [63, 315, 811, 273, 83, 54, 118, 102],
    [45, 76, 280, 153, 33, 22, 40, 33],
    [40, 114, 554, 240, 83, 17, 60, 62],
    [47, 146, 410, 197, 45, 25, 57, 70],
    [9, 50, 325, 72, 27, 18, 41, 40],
    [23, 127, 195, 69, 32, 7, 26, 28],
    [34, 69, 174, 108, 27, 18, 22, 19],
    [27, 176, 657, 140, 54, 43, 64, 97],
    [17, 25, 186, 75, 31, 42, 39, 29],
    [69, 51, 408, 290, 68, 70, 138, 61],
    [25, 38, 563, 183, 70, 70, 88, 46],
    [106, 101, 1101, 556, 206, 124, 183, 134],
    [21, 36, 400, 165, 50, 46, 79, 49],
    [98, 123, 1393, 543, 192, 110, 197, 126],
    [52, 46, 847, 279, 115, 78, 102, 82],
    [36, 59, 522, 217, 92, 40, 103, 80],
    [33, 61, 601, 157, 86, 43, 43, 60],
    [70, 103, 662, 260, 91, 47, 95, 68],
    [7, 40, 66, 40, 8, 11, 23, 7],
    [53, 61, 476, 211, 61, 59, 84, 78],
    [35, 53, 387, 207, 62, 80, 79, 51],
    [10, 19, 326, 214, 61, 8, 9, 46],
    [99, 201, 858, 385, 124, 123, 100, 73],
    [15, 37, 138, 94, 20, 14, 19, 23],
    [63, 316, 634, 306, 76, 99, 100, 93],
    [18, 53, 89, 58, 6, 6, 5, 10]
  ],
  "method": "mult",
  "cond_prob": [
    [
      [0.16462073291, 0.0069584689058, 0.79610616751, 0.032314630677],
      [0.98006757981, 0.0042314670739, 0, 0.01570095312],
      [0.02665278989, 0.73920710772, 0.14424370201, 0.089896400377],
      [0, 0.031817335039, 0.82779510166, 0.1403875633],
      [0, 0.22317153687, 0.62190516939, 0.15492329375],
      [0, 0.014598723804, 0.8525223007, 0.13287897549],
      [0.0016689130817, 0.033894562272, 0.8318890542, 0.13254747044],
      [0.03779382109, 0.10791894439, 0.15982450611, 0.69446272841]
    ],
    [
      [0.18439067951, 0.0069448233159, 0.79394965813, 0.014714839045],
      [0.99059968302, 0.0040872009109, 0, 0.005313116072],
      [0.057203171797, 0.75081629828, 0.15442842202, 0.037552107906],
      [0.0091393929731, 0.027813747446, 0.89848937212, 0.06455748746],
      [0.0026092350396, 0.23313131353, 0.68383639353, 0.080423057897],
      [0.0025800106861, 0.013710876879, 0.91637195883, 0.067337153604],
      [0.0080511474025, 0.030789539453, 0.89590532089, 0.065253992254],
      [0.06953625284, 0.16073360418, 0.25768410328, 0.5120460397]
    ],
    [
      [0.15146667948, 0.003860050958, 0.83256399549, 0.012109274077],
      [0.99344874804, 0, 0.0012879361964, 0.005263315764],
      [0.034971790322, 0.70713080808, 0.22413635414, 0.033761047457],
      [0, 0.014052265145, 0.93435031829, 0.051597416564],
      [0, 0.20409635865, 0.72885618322, 0.067047458125],
      [0, 0.0086854627714, 0.93744372565, 0.053870811583],
      [0.0039618841543, 0.022833991784, 0.92067145352, 0.052532670543],
      [0.063211065394, 0.15683603171, 0.30571308402, 0.47423981888]
    ],
    [
      [0.26050396504, 0, 0.71174284923, 0.027753185734],
      [0.9929035363, 0, 0, 0.0070964637004],
      [0.10729259396, 0.59989105274, 0.19216627457, 0.10065007873],
      [0.015386665213, 0, 0.85799034599, 0.1266229888],
      [0.0094887174391, 0.16293391703, 0.67402525754, 0.153552108],
      [0.0077234768759, 0, 0.86511034087, 0.12716618225],
      [0.016972330395, 0.0093690409797, 0.85218999283, 0.1214686358],
      [0.077169359992, 0.077517545248, 0.17418441677, 0.67112867799]
    ],
    [
      [0.12258958276, 0.0093540612411, 0.84590169778, 0.022154658221],
      [0.84990779864, 0.12017302085, 0.012664098158, 0.017255082352],
      [0, 0.72116302962, 0.21457555534, 0.064261415036],
      [0, 0.0022182459955, 0.90811006472, 0.089671689289],
      [0, 0.21173803864, 0.68229996385, 0.10596199752],
      [0, 0.0049012998138, 0.90617042955, 0.088928270633],
      [0, 0.025160353537, 0.88917799121, 0.085661655251],
      [0.032838372362, 0.13618754229, 0.22898911975, 0.6019849656]
    ],
    [
      [0.16799288458, 0.00028148122495, 0.81617416304, 0.015551471154],
      [0.99038640825, 0, 0.0029020125945, 0.0067115791589],
      [0.058219533937, 0.65240435729, 0.23979230937, 0.049583799401],
      [0.0036561778536, 0, 0.92866843407, 0.067675388074],
      [0.0022249962438, 0.17807427682, 0.73361233749, 0.086088389448],
      [0.0028014277554, 0.0019484764368, 0.92679662035, 0.06845347546],
      [0.0068294078348, 0.014414451411, 0.91212281297, 0.066633327786],
      [0.06515319403, 0.12196960444, 0.27474419056, 0.53813301096]
    ],
    [
      [0.17402584635, 0.0049679793452, 0.80972928181, 0.011276892499],
      [0.99487530735, 0.0016521197771, 0, 0.0034725728691],
      [0.056959801667, 0.72647298836, 0.18792231963, 0.028644890338],
      [0.0078548749489, 0.018975318789, 0.92318136023, 0.049988446037],
      [0.0027145796467, 0.21861460034, 0.71402716253, 0.064643657478],
      [0.0024445498755, 0.011178769053, 0.93338732638, 0.052989354694],
      [0.0069207799621, 0.025670808977, 0.91598906809, 0.051419342973],
      [0.07475604322, 0.16742466975, 0.29734302043, 0.4604762666]
    ],
    [
      [0.1930184125, 0.0023463846585, 0.79234656522, 0.012288637624],
      [0.99640288028, 0, 0, 0.0035971197246],
      [0.094695258598, 0.68260831363, 0.18908985624, 0.033606571532],
      [0.015316765138, 0.010475385724, 0.91910145018, 0.05510639896],
      [0.0039949925816, 0.2053004097, 0.71917969428, 0.071524903437],
      [0.0029071548248, 0.009234924297, 0.92991080899, 0.057947111886],
      [0.0095972832609, 0.021956217091, 0.9122771505, 0.056169349146],
      [0.082227523833, 0.14938826395, 0.28550131873, 0.48288289349]
    ],
    [
      [0.19583294757, 0.002444137261, 0.78682883582, 0.014894079341],
      [0.99505220348, 0, 0, 0.004947796516],
      [0.10437994283, 0.67641284288, 0.17695212039, 0.042255093894],
      [0.019338350635, 0.0091307442247, 0.90544246144, 0.066088443698],
      [0.0055123926731, 0.20384352739, 0.70610015615, 0.084543923786],
      [0.0044272980589, 0.0086349021152, 0.91813192991, 0.068805869915],
      [0.012947565149, 0.020649109673, 0.89961273262, 0.066790592563],
      [0.079070210491, 0.13686880563, 0.25878511869, 0.52527586519]
    ],
    [
      [0.19841979107, 0.00046059587216, 0.78586823598, 0.015251377078],
      [0.99454614433, 0, 0, 0.0054538556727],
      [0.091684352957, 0.66687717763, 0.19573240305, 0.045706066366],
      [0.023216164628, 0.0037418667076, 0.90540188437, 0.067640084297],
      [0.0050020611899, 0.19541892147, 0.71284387542, 0.086735141917],
      [0.004157589495, 0.0078532388072, 0.91809172634, 0.069897445358],
      [0.011353205424, 0.01947346588, 0.90117126401, 0.068002064688],
      [0.077310521568, 0.12971586503, 0.25865611486, 0.53431749854]
    ],
    [
      [0.16506660358, 0.0041884650413, 0.81780641519, 0.012938516185],
      [0.99472116088, 0.00010915284468, 0, 0.0051696862796],
      [0.045799022807, 0.71183351609, 0.20652469463, 0.035842766473],
      [0.0042265773271, 0.016263285781, 0.92360551436, 0.055904622533],
      [0.00101630763, 0.20917996243, 0.71803859084, 0.071765139098],
      [0.0012281055711, 0.010119522259, 0.9303150561, 0.058337316075],
      [0.0055062129764, 0.023942520393, 0.91389760056, 0.056653666069],
      [0.067362616401, 0.15468615306, 0.2896987757, 0.48825245484]
    ],
    [
      [0.17866870786, 0.000961258441, 0.80914146803, 0.011228565666],
      [0.99675151248, 0, 0, 0.0032484875202],
      [0.081183049214, 0.66222622577, 0.22432458507, 0.032266139943],
      [0.01681279463, 0.0030993261283, 0.9305366177, 0.049551261546],
      [0.0038012247076, 0.19056198781, 0.73910560959, 0.066531177888],
      [0.0029358657779, 0.0076766598975, 0.93646672286, 0.052920751462],
      [0.0095460647378, 0.018299050631, 0.92093264951, 0.05122223512],
      [0.081301453459, 0.14316070293, 0.30738537016, 0.46815247345]
    ],
    [
      [0.20525179649, 0.0053117806726, 0.77189240969, 0.017544013148],
      [0.99147930799, 0.0025923530216, 0, 0.0059283389883],
      [0.069430109965, 0.75105484835, 0.13464934541, 0.044865696281],
      [0.0088228522651, 0.022992304362, 0.88994648578, 0.078238357595],
      [0.0025738347973, 0.24026021232, 0.6620603077, 0.09510564518],
      [0.0026260387314, 0.013041438719, 0.90327665269, 0.081055869856],
      [0.0093147021049, 0.030657760139, 0.88142809464, 0.078599443117],
      [0.072001807686, 0.15238912251, 0.22356560358, 0.55204346623]
    ],
    [
      [0.14488601777, 0.0063557155043, 0.8350260318, 0.013732234923],
      [0.97316224196, 0.011151996621, 0.0085046762118, 0.0071810852093],
      [0.002810434125, 0.74088992458, 0.21774694394, 0.038552697346],
      [0, 0.014278413024, 0.92766577645, 0.058055810529],
      [0, 0.2110960445, 0.71550232, 0.073401635501],
      [0, 0.010834898303, 0.92946625879, 0.059698842907],
      [0.00044999800573, 0.026707867665, 0.9146342478, 0.058207886533],
      [0.054152937858, 0.1590516753, 0.28792450898, 0.49887087786]
    ],
    [
      [0.1559174361, 0.0022765867875, 0.82890507997, 0.012900897135],
      [0.98946447188, 0, 0.0050028812497, 0.0055326468671],
      [0.040436994166, 0.69051778734, 0.23115447021, 0.037890748282],
      [0.00061355766594, 0.009832764243, 0.93410995216, 0.055443725927],
      [4.546797969e-05, 0.19687713901, 0.73120841255, 0.071868980458],
      [0.00067376600348, 0.0085656712757, 0.93324435606, 0.057516206662],
      [0.0044636647688, 0.021281984514, 0.91827035666, 0.055983994055],
      [0.063784281645, 0.14592073776, 0.29601591738, 0.49427906321]
    ],
    [
      [0.20314256361, 0.0062974703476, 0.77488480084, 0.015675165199],
      [0.98847856292, 0.0070777623129, 0, 0.0044436747699],
      [0.070280640344, 0.777025643, 0.11833707347, 0.034356643183],
      [0.0088976045512, 0.026412822449, 0.89487749145, 0.069812081546],
      [0.0026460497355, 0.25590886526, 0.65703245503, 0.084412629971],
      [0.0029088685922, 0.014792571585, 0.90924050617, 0.07305805365],
      [0.0087938978816, 0.033321797314, 0.88731937639, 0.070564928412],
      [0.075176297589, 0.17312252793, 0.23383783377, 0.51786334071]
    ],
    [
      [0.14470531768, 0.00115104659, 0.84375977639, 0.010383859339],
      [0.99060645314, 0, 0.0049055766234, 0.0044879702332],
      [0.036327528012, 0.65787047979, 0.27514171864, 0.030660273551],
      [0.00011679257792, 0.0029728170771, 0.95253798112, 0.044372409225],
      [0, 0.17882900109, 0.76128434826, 0.059886650656],
      [0, 0.0020173084715, 0.95142428826, 0.046558403273],
      [0.0031434385632, 0.014724892126, 0.93671610786, 0.04541556145],
      [0.065054293563, 0.14451258287, 0.33879906982, 0.45163405375]
    ],
    [
      [0.14547372781, 0, 0.84281430503, 0.011711967155],
      [0.98968164889, 0, 0.0050464394639, 0.0052719116428],
      [0.04413580027, 0.61756123596, 0.29971458506, 0.038588378709],
      [0, 0, 0.94988201906, 0.050117980941],
      [6.1509611442e-05, 0.16540835276, 0.76686135384, 0.067668783783],
      [0.00041570889244, 0.0017423284302, 0.94550043459, 0.052341528089],
      [0.0034961830141, 0.0066070539732, 0.9389604442, 0.05093631881],
      [0.065006338443, 0.12710674266, 0.32673712337, 0.48114979553]
    ],
    [
      [0.12209181955, 0.0042604373225, 0.86357496229, 0.010072780842],
      [0.99335427095, 0.00012191058736, 0.0011173548237, 0.0054064636395],
      [0.016972701515, 0.72159696313, 0.23544485715, 0.025985478199],
      [0, 0.013733991029, 0.94464048998, 0.041625518989],
      [0, 0.20524139665, 0.74017099387, 0.054587609483],
      [0, 0.0090127451699, 0.94724359806, 0.043743656768],
      [0.0015312739806, 0.023499425001, 0.93247726078, 0.042492040238],
      [0.05456215548, 0.17501535947, 0.34274960503, 0.42767288002]
    ],
    [
      [0.11377762743, 0.0042044609275, 0.8689071544, 0.01311075724],
      [0.99039820736, 3.4388248144e-05, 0.0019028345264, 0.0076645698648],
      [0.005369277649, 0.7193709653, 0.23872246893, 0.036537288121],
      [0, 0.0074249139164, 0.93880545668, 0.053769629408],
      [0, 0.19976967154, 0.73100111266, 0.069229215792],
      [0, 0.0082048807558, 0.93605713418, 0.055737985063],
      [0.00016999091934, 0.023017303913, 0.92252140114, 0.05429130403],
      [0.044527384468, 0.15681376736, 0.30907203649, 0.48958681168]
    ],
    [
      [0.13111976051, 0.0041981581132, 0.85253018755, 0.012151893825],
      [0.99245540087, 6.7094785569e-05, 0.0013798286223, 0.0060976757203],
      [0.019472662341, 0.71629836779, 0.23124308625, 0.032985883627],
      [0, 0.012616134901, 0.93679798462, 0.050585880476],
      [0, 0.2038677615, 0.73042756353, 0.065704674974],
      [0, 0.0091515244313, 0.93795604275, 0.052892432816],
      [0.00135102633, 0.023300045107, 0.92398012691, 0.051368801654],
      [0.053516215945, 0.16027249249, 0.31258171636, 0.47362957521]
    ],
    [
      [0.16990776566, 0.0045825802288, 0.81232438568, 0.013185268433],
      [0.9943126777, 0.00045701408522, 0, 0.0052303082103],
      [0.046988393053, 0.71972477412, 0.19721894552, 0.036067887308],
      [0.0044828466438, 0.018362518508, 0.91990436889, 0.057250265962],
      [0.0010934526691, 0.21389116173, 0.7120401741, 0.072975211505],
      [0.001412307425, 0.010741144021, 0.9282196194, 0.059626929157],
      [0.0058349968417, 0.025177509476, 0.91108944769, 0.057898045993],
      [0.068609295633, 0.1566558591, 0.28458455582, 0.49015028944]
    ],
    [
      [0.14696432266, 0.0044274438694, 0.8368479709, 0.011760262569],
      [0.99422403575, 0.00021747738259, 0.0002154397942, 0.0053430470724],
      [0.033881071409, 0.7202113034, 0.21466978741, 0.031237837774],
      [0.0013695431921, 0.017159036232, 0.93151882335, 0.049952597222],
      [0, 0.21030710462, 0.72516493784, 0.064527957541],
      [0.00058424027158, 0.010406183306, 0.93670594495, 0.052303631472],
      [0.0040697941577, 0.024322933859, 0.92079432955, 0.05081294243],
      [0.06199377802, 0.16433518641, 0.30947415189, 0.46419688368]
    ],
    [
      [0.13995015229, 0.0053930994598, 0.84194415678, 0.012712591471],
      [0.99227575129, 0.001580289561, 0.00018817354085, 0.0059557856103],
      [0.020741591504, 0.74096090658, 0.20550334652, 0.032794155403],
      [0, 0.019670300921, 0.92695865494, 0.053371044141],
      [0, 0.21713117036, 0.71461722024, 0.068251609393],
      [0, 0.011527292184, 0.93252152038, 0.055951187439],
      [0.0017631855871, 0.027604469319, 0.91643446182, 0.05419788327],
      [0.055110078887, 0.16727678878, 0.29772173085, 0.47989140148]
    ],
    [
      [0.1816124934, 0.0053350709228, 0.79684922739, 0.016203208286],
      [0.99241809257, 0.0014417113557, 0, 0.0061401960747],
      [0.05031916365, 0.73883292601, 0.16733011241, 0.043517797925],
      [0.0051621982886, 0.021449459222, 0.90272657636, 0.070661766127],
      [0.0015649258807, 0.22720975846, 0.68362358782, 0.08760172784],
      [0.001689314209, 0.012181322552, 0.9130620052, 0.073067358042],
      [0.0062408841675, 0.027416983876, 0.89542655766, 0.070915574297],
      [0.065690323841, 0.15145130384, 0.24756447822, 0.5352938941]
    ],
    [
      [0.17490509484, 0.00097367377584, 0.81143602075, 0.012685210637],
      [0.99324634834, 0, 0.0018313702382, 0.0049222814183],
      [0.064977926272, 0.65665282593, 0.23910033936, 0.039268908437],
      [0.0089326242072, 0.0043554961375, 0.93112545094, 0.055586428711],
      [0.0026560826525, 0.18511585035, 0.73935133192, 0.072876735075],
      [0.0022105523695, 0.0071140148167, 0.93294681174, 0.057728621075],
      [0.0075933942193, 0.017464629666, 0.91875835552, 0.056183620597],
      [0.074226883276, 0.13612062021, 0.29738662328, 0.49226587323]
    ],
    [
      [0.1684013032, 0.0029701606065, 0.8143494051, 0.014279131102],
      [0.9942369235, 0, 0, 0.0057630765019],
      [0.059808067792, 0.68929432382, 0.20945811042, 0.041439497969],
      [0.0097851757967, 0.0096455406273, 0.91865264312, 0.061916640454],
      [0.0020062153628, 0.19961449323, 0.71862756044, 0.079751730971],
      [0.0029373766612, 0.0080334885226, 0.9248752493, 0.064153885516],
      [0.0090222453745, 0.019450407821, 0.90908708149, 0.062440265317],
      [0.065300274534, 0.13818831132, 0.27108029309, 0.52543112106]
    ],
    [
      [0.15722848567, 0.0003365019826, 0.82946225906, 0.012972753293],
      [0.99086561043, 0, 0.0034946606867, 0.0056397288813],
      [0.047890233517, 0.64751340971, 0.26302092688, 0.0415754299],
      [0.0034890326416, 0.00086459535514, 0.93988733671, 0.055759035294],
      [0.00078894924636, 0.17815380825, 0.74787672687, 0.073180515639],
      [0.0011913044729, 0.0049484695012, 0.93635281651, 0.057507409515],
      [0.0051364493859, 0.015099093208, 0.92367117168, 0.056093285726],
      [0.065926620073, 0.13020111437, 0.30586489481, 0.49800737075]
    ],
    [
      [0.17995184362, 0.0048758264066, 0.80448893285, 0.010683397128],
      [0.99538071125, 0.00097166993888, 0, 0.0036476188139],
      [0.056871029835, 0.72665253922, 0.18945110247, 0.027025328477],
      [0.0089355088521, 0.020497225248, 0.92378763105, 0.046779634852],
      [0.0023504969142, 0.21875246526, 0.71750819137, 0.06138884645],
      [0.0033114917998, 0.01198364833, 0.93485666554, 0.04984819433],
      [0.0078528107454, 0.026380259657, 0.91737194744, 0.04839498216],
      [0.079544052884, 0.17088243215, 0.30499698259, 0.44457653238]
    ],
    [
      [0.15047423968, 0.0039453648033, 0.82939350926, 0.016186886256],
      [0.99238354359, 0, 0.00029085666256, 0.0073255997432],
      [0.036556536662, 0.69817876225, 0.21597277809, 0.049291923],
      [0.0007745526749, 0.012037557372, 0.91681705547, 0.070370834481],
      [7.3134819612e-06, 0.20043289919, 0.71201430358, 0.087545483742],
      [0.00095165969167, 0.0095798432982, 0.91907389492, 0.070394602085],
      [0.0046011196534, 0.022843103253, 0.90402121266, 0.068534564431],
      [0.054506860304, 0.13629563164, 0.26462844587, 0.54456906219]
    ],
    [
      [0.15782659953, 0.006190533303, 0.82330732165, 0.012675545515],
      [0.9911936359, 0.0035597431537, 0, 0.0052466209447],
      [0.0327075603, 0.74066698199, 0.19321943036, 0.033406027352],
      [0, 0.023877902455, 0.92159924454, 0.054522853002],
      [0, 0.2219389379, 0.70882438179, 0.069236680317],
      [2.7843205535e-05, 0.012904743027, 0.93018243198, 0.056884981786],
      [0.0041689042054, 0.027167326522, 0.91337593973, 0.05528782954],
      [0.063860876138, 0.16660166428, 0.29110052482, 0.47843693476]
    ],
    [
      [0.15590727219, 0.0041968553886, 0.82960968676, 0.01028618566],
      [0.99421457881, 0.0002271748936, 0.001977587321, 0.0035806589778],
      [0.037531396791, 0.71579465468, 0.21990170078, 0.026772247753],
      [0.00024913151738, 0.016386321532, 0.93968195779, 0.043682589161],
      [5.8558430105e-05, 0.20849307791, 0.73245693564, 0.058991428023],
      [0.00066666898089, 0.010052832824, 0.94170961696, 0.047570881231],
      [0.0044031530155, 0.023715914717, 0.92576076804, 0.046120164225],
      [0.068631997385, 0.16728093614, 0.32102683848, 0.44306022799]
    ],
    [
      [0.18287259976, 0.0023054871951, 0.79740798798, 0.017413925067],
      [0.99182276521, 0, 0, 0.0081772347944],
      [0.084547297223, 0.67219392528, 0.19034709512, 0.052911682372],
      [0.017084638038, 0.0073706949785, 0.89966324623, 0.075881420755],
      [0.0041130677059, 0.19741988305, 0.70322200679, 0.095245042462],
      [0.0056167354164, 0.0070413858832, 0.90988194682, 0.077459931884],
      [0.010184141027, 0.020170809738, 0.89428024909, 0.075364800145],
      [0.068226695449, 0.12591702933, 0.24553844025, 0.56031783497]
    ],
    [
      [0.14045519919, 0, 0.85017270919, 0.0093720916136],
      [0.97062183359, 0, 0.026191700365, 0.0031864660475],
      [0.070660474504, 0.5703364068, 0.32564775316, 0.033355365528],
      [0, 0, 0.95916209477, 0.040837905232],
      [0.00079302821879, 0.15262714375, 0.78866783517, 0.057911992863],
      [0.0011423278393, 0.0040435842447, 0.95115729485, 0.043656793063],
      [0.0047503829625, 0.014139088753, 0.93844229506, 0.042668233227],
      [0.070470295236, 0.12293399828, 0.35635173316, 0.45024397333]
    ]
  ],
  "expected_outcome": [
    [
      [0.82310366453, 11.8010034883, 5.1498671022, 1.8235277552, 1.5936645758, 4.8717936528, 6.2649304686, 6.94866285, 12.3374756971, 8.9288905983, 6.6026641433, 8.3974292695, 1.8472661684, 3.3323784087, 5.3011928275, 5.4848492175, 2.4599904005, 10.0376872191, 3.0522954887, 12.0604285081, 2.7535149707, 16.6509610347, 7.6421447783, 5.0382054825, 5.9932122821, 12.2433566386, 1.1788091224, 8.3331097403, 6.2983145267, 1.5047423968, 15.6248333539, 2.3386090828, 11.5209737846, 2.5281935855],
      [0.034792344529, 0.44446869222, 0.13124173257, 0, 0.12160279613, 0.0081629555234, 0.17884725643, 0.084469847707, 0.15398064744, 0.020726814247, 0.16753860165, 0.045179146727, 0.047806026054, 0.1461814566, 0.077403950775, 0.17003169938, 0.01956779203, 0, 0.10651093306, 0.44567285832, 0.088161320377, 0.44909286242, 0.23022708121, 0.19415158055, 0.17605734045, 0.068157164309, 0.020791124246, 0.017834605078, 0.17065392423, 0.039453648033, 0.612862797, 0.062952830829, 0.14524569329, 0],
      [3.9805308376, 50.8127781206, 28.3071758466, 4.9821999446, 10.9967220711, 23.6690507282, 29.150254145, 28.5244763479, 49.5702166569, 35.3640706189, 32.7122566077, 38.0296489975, 6.9470316872, 19.2055987314, 28.1827727191, 20.9218896228, 14.3439161987, 58.1541870472, 21.5893740572, 92.1041583661, 17.9031339386, 79.6077897965, 43.5160944869, 30.309989644, 26.296024504, 56.8005214525, 5.7004458357, 43.9614997301, 28.1571126496, 8.2939350926, 81.5074248431, 12.4441453014, 50.2367032428, 15.3031087654],
      [0.16157315339, 0.9417496989, 0.41171531861, 0.19427230013, 0.28801055687, 0.45099266345, 0.40596812995, 0.44239095447, 0.9383269985, 0.68631196853, 0.51754064739, 0.52774258632, 0.15789611833, 0.31584140323, 0.43863050258, 0.42322946039, 0.17652560876, 0.8081257337, 0.25181952105, 1.3897402675, 0.25518977032, 1.2921563064, 0.61153365358, 0.45765329296, 0.53470587343, 0.88796474462, 0.099953917714, 0.68755592451, 0.37391889947, 0.16186886256, 1.254879006, 0.1542927849, 1.0970772792, 0.16869764904]
    ],
    [
      [9.8006757981, 111.9377641809, 52.6527836461, 2.9787106089, 45.0451133282, 40.6058427381, 87.5490270471, 124.5503600344, 313.4414440975, 75.5855069689, 113.3982123398, 145.5257208221, 49.5739653995, 123.5916047287, 68.2730485599, 173.9722270734, 24.7651613286, 50.4737640936, 37.7474622961, 100.0302189434, 35.7283944314, 122.3004593577, 45.7343056445, 58.544269326, 60.5375036467, 102.3043738794, 39.7694769399, 60.4428022364, 52.7551776961, 18.8552873283, 199.2299208162, 36.7859394159, 313.415993805, 51.4429571801],
      [0.042314670739, 0.46185370294, 0, 0, 6.3691701048, 0, 0.14538654039, 0, 0, 0, 0.012443424294, 0, 0.12961765108, 1.4163035708, 0, 1.2456861671, 0, 0, 0.0046326023195, 0.0034732130626, 0.0024154122805, 0.056212732482, 0.010003959599, 0.093237084099, 0.087944392695, 0, 0, 0, 0.05149850676, 0, 0.7155083739, 0.008405471063, 0, 0],
      [0, 0, 0.068260618408, 0, 0.67119720236, 0.11898251637, 0, 0, 0, 0, 0, 0, 0, 1.0800938789, 0.34519880623, 0, 0.12263941558, 0.25736841266, 0.0424594833, 0.19218628716, 0.049673830402, 0, 0.0099102305334, 0.01110223891, 0, 0.18863113453, 0, 0.21317430189, 0, 0.0055262765887, 0, 0.073170730877, 0, 1.3881601194],
      [0.1570095312, 0.60038211613, 0.27895573549, 0.021289391101, 0.91451936465, 0.27517474551, 0.30558641248, 0.44963996557, 1.5585559025, 0.41449303112, 0.58934423588, 0.47427917794, 0.29641694941, 0.91199782159, 0.38175263383, 0.78208675951, 0.11219925583, 0.26886749378, 0.2054456183, 0.77412155635, 0.21951632593, 0.64332790987, 0.24578016533, 0.35139135101, 0.37455196056, 0.50699498608, 0.23052306008, 0.34402346176, 0.19332379714, 0.13918639512, 1.0545708099, 0.13248438218, 2.584006195, 0.16888270051]
    ],
    [
      [1.1194171754, 32.3769952372, 13.9887161289, 4.6135815401, 0, 10.0137598372, 16.6892218885, 39.2038370597, 84.6521336373, 25.6716188279, 25.3726586349, 33.2850501778, 22.5647857386, 0.54803465438, 7.036036985, 46.1743807062, 6.7569202102, 18.0074065103, 9.5556309529, 5.9115746915, 7.7890649365, 65.4548315232, 28.6972674837, 10.8271107651, 30.2418173534, 43.0153871918, 3.9473324743, 22.7957511539, 22.0090885462, 11.9174309517, 28.063086737, 5.1793327571, 53.6029864395, 6.2887822309],
      [31.0466985243, 424.9620248268, 282.8523232323, 25.7953152679, 67.7893247843, 112.2135494547, 212.8565855901, 282.599841842, 548.5708155758, 186.725609736, 394.3557679133, 271.5127525661, 244.092825713, 144.4735352939, 120.1500949979, 510.5058474509, 122.3639092414, 251.9649842716, 406.2590902435, 792.0274327972, 286.5193471145, 1002.5766103479, 610.0189739824, 386.7815932325, 444.0385885347, 434.7041707688, 45.4934253719, 308.2163830209, 281.2145326777, 227.6062764924, 635.4922705478, 98.7796623456, 426.170948628, 50.7599402055],
      [6.0582354845, 87.4064868614, 89.6545416561, 8.2631498065, 20.1701022024, 41.2442772111, 55.0612396523, 78.2832004839, 143.5081696389, 54.8050728536, 114.4146808257, 91.9730798796, 43.7610372571, 42.4606540692, 40.2208778161, 77.747457272, 51.1763596678, 122.283550705, 132.5554545773, 262.8334382899, 92.4972344981, 274.7259911092, 181.8253099395, 107.272746882, 100.5653975587, 158.2844246538, 13.8242352878, 125.1979611929, 73.3175766554, 70.4071256578, 165.7822712475, 30.3464347073, 120.6800583083, 28.9826500317],
      [3.7756488158, 21.2544930745, 13.5044189827, 4.3279533854, 6.0405730134, 8.528413497, 8.392952869, 13.9131206144, 34.268881148, 12.7976985825, 19.8568926261, 13.2291173764, 14.5813512913, 7.5177759825, 6.592990201, 22.572314571, 5.7028108805, 15.7440585131, 14.6298242262, 40.2275542214, 13.1943534509, 50.2425670196, 26.4584485944, 17.1185491204, 26.1541965532, 25.9960173856, 2.7350068659, 19.7899046322, 10.4588021207, 16.0691668981, 28.6623714677, 3.69457019, 33.5460066241, 2.968627532]
    ],
    [
      [0, 2.4402179238, 0, 0.41543996075, 0, 0.57401992302, 0.89545574417, 1.8226950514, 5.2793697234, 3.5520731881, 1.0143785585, 3.3121205421, 0.63524536309, 0, 0.066264227921, 1.2456646372, 0.008759443344, 0, 0, 0, 0, 2.4341857276, 0.38210255061, 0, 0.81046513131, 2.3224822939, 0.39140703187, 0.73618588737, 1.8496503324, 0.16575427243, 0, 0.023418362634, 5.2278992396, 0],
      [1.2408760665, 7.4262705681, 3.1055505971, 0, 0.10425756179, 0, 2.1631863419, 1.2465709012, 2.4926931733, 0.57250560626, 3.9031885875, 0.61056724728, 1.655445914, 0.98521049863, 1.0619385382, 3.6977951428, 0.22296128078, 0, 2.5133203583, 4.1282521375, 2.0816622586, 9.9708475501, 4.7873711088, 4.2684552998, 3.3675650978, 1.1324289957, 0.38582162509, 0.18242961994, 4.2429256263, 2.5760372776, 9.1929924451, 1.540314224, 2.2554326634, 0],
      [32.2840089648, 239.8966623563, 206.4914203422, 23.1657393417, 42.6811730416, 145.8009441494, 105.2426750657, 109.3730725711, 247.1857919739, 138.5264883083, 221.6653234462, 183.3157136861, 64.076146976, 64.0089385749, 100.8838748338, 125.2828488035, 71.440348584, 275.4657855272, 172.8692096668, 521.9758339115, 154.5716674628, 499.5080723049, 259.8937517156, 201.1500281216, 141.7280724889, 242.0926172456, 36.7461057249, 198.3162280457, 191.2240396269, 196.1988498711, 354.815709149, 88.3301040322, 275.296953346, 55.6314014965],
      [5.4751149687, 17.2368491518, 11.4030290606, 3.4188206975, 4.2145693966, 10.6250359276, 5.6986828482, 6.5576614763, 18.0421451294, 10.3489328974, 13.4171094078, 9.7615985245, 5.6331617468, 4.0058509265, 5.9879224001, 9.7736914165, 3.3279306918, 14.5342144728, 7.617469975, 29.895913951, 8.3466702786, 31.0868944174, 13.936774625, 11.5815165787, 11.093897282, 14.4524714648, 2.4766656182, 11.765156447, 9.6833844144, 15.0593585789, 20.9912984059, 4.1061633811, 23.219714751, 2.3685985035]
    ],
    [
      [0, 0.2374403886, 0, 0.14233076159, 0, 0.12014979716, 0.14115814163, 0.13183475519, 0.45752859187, 0.16506801927, 0.084353533287, 0.17105511184, 0.069493539527, 0, 0.0012276354516, 0.14288668571, 0, 0.004182653578, 0, 0, 0, 0.20994291247, 0, 0, 0.13458362574, 0.24170352138, 0.016049722903, 0.048125904028, 0.14573080868, 0.00044612239963, 0, 0.0011711686021, 0.31259314565, 0.0047581693127],
      [2.2317153687, 21.2149495316, 13.2662633124, 2.4440087554, 2.7525945023, 9.6160109482, 11.3679592177, 6.7749135201, 16.9190127736, 6.4488244085, 17.3619368817, 8.5752894515, 6.4870257327, 6.7550734241, 5.3156827533, 13.8190787243, 5.5436990338, 11.2477679879, 14.3668977652, 41.152552338, 10.193388075, 41.0671030515, 24.1853170308, 19.9760676735, 19.5400392275, 16.8455423822, 1.5969159458, 10.867382303, 13.5626528462, 12.2264068509, 27.5204282991, 4.1698615581, 15.0039111115, 0.91576286251],
      [6.2190516939, 62.2291118112, 47.3756519095, 10.1103788631, 8.86989953, 39.6150662244, 37.1294124518, 23.7329299112, 58.6063129602, 23.523847889, 59.5972030399, 33.2597524317, 17.8756283079, 22.8960742399, 19.7426271389, 35.4797525716, 23.5998147959, 52.1465720613, 51.811969571, 150.5862292089, 36.5213781763, 136.7117134271, 83.3939678519, 65.7447842623, 58.7916285525, 67.2809712046, 5.7490204835, 45.620480339, 44.4855078652, 43.4328725185, 87.8942233416, 14.6491387128, 53.4448725158, 4.732007011],
      [1.5492329375, 7.3184982686, 4.3580847781, 2.30328162, 1.3775059677, 4.6487730302, 3.3614701889, 2.3603218134, 7.0171456742, 2.8622596832, 5.9565065451, 2.9939030049, 2.5678524199, 2.348852336, 1.9404624724, 4.5582820184, 1.8564861703, 4.6014772973, 3.8211326638, 14.2612184532, 3.2852337487, 14.0112406089, 7.4207151173, 6.2791480642, 7.5337485943, 6.6317828918, 0.63801384777, 4.464011454, 3.8061084799, 5.3402745083, 8.5853483593, 1.1798285605, 7.2386232271, 0.34747195718]
    ],
    [
      [0, 0.16254067323, 0, 0.15446953752, 0, 0.16528423757, 0.078225596015, 0.046514477197, 0.23907409518, 0.09146696889, 0.020877794708, 0.073396644448, 0.047268697166, 0, 0.012127788063, 0.12508134947, 0, 0.029099622471, 0, 0, 0, 0.15535381675, 0.045570741183, 0, 0.072640510987, 0.10389596137, 0.032311143274, 0.070286963899, 0.26491934398, 0.0076132775333, 0.0034247142808, 0.0093333657325, 0.55605680622, 0.0068539670359],
      [0.14598723804, 0.86378524336, 0.90328812823, 0, 0.088223396648, 0.11496010977, 0.35772060969, 0.14775878875, 0.46628471422, 0.17277125376, 0.1720318784, 0.19191649744, 0.23474589694, 0.075844288124, 0.15418208296, 0.63608057817, 0.084726955801, 0.12196299011, 0.63089216189, 1.0174052137, 0.42097012384, 1.1815258423, 0.81168229786, 0.46109168736, 0.52379686975, 0.33435869638, 0.088368373749, 0.29195970057, 0.95869186637, 0.076638746385, 1.5872833924, 0.14073965954, 0.69709720244, 0.024261505468],
      [8.525223007, 57.7314334064, 97.4941474671, 17.3022068175, 16.311067732, 54.6810006005, 29.8683944441, 14.8785729439, 49.5791242152, 20.1980179795, 15.8153559536, 23.4116680716, 16.2589797485, 6.5062638115, 16.7983984091, 39.0973417654, 39.9598201067, 66.1850304212, 66.3070518644, 116.0710846385, 43.1459779666, 102.1041581337, 73.0630637062, 37.3008608151, 39.2616662235, 43.8485001517, 10.1736277423, 55.2448161742, 74.7885332432, 7.3525911594, 114.4124391336, 13.1839346375, 90.0783127348, 5.7069437691],
      [1.3287897549, 4.2422406771, 5.6025644047, 2.543323645, 1.6007088714, 4.0387550521, 1.6956593502, 0.92715379018, 3.7155169754, 1.5377437979, 0.99173437327, 1.3230187865, 1.4590056574, 0.41789190035, 1.0352917199, 3.141496307, 1.9554529375, 3.6639069662, 3.0620559737, 6.9115101478, 2.4330519095, 6.5589622072, 4.0796832548, 2.2380474975, 3.1418963958, 2.7132451905, 0.70569274067, 3.3929371614, 3.9878555464, 0.56315681668, 6.9968527597, 0.66599233723, 7.6685332565, 0.26194075838]
    ],
    [
      [0.03004043547, 0.84537047727, 0.23771304926, 0.25458495593, 0, 0.36878802308, 0.24222729867, 0.33590491413, 1.5278126876, 0.45412821696, 0.33037277858, 0.54412569005, 0.3819027863, 0.011699948149, 0.098200624913, 0.56280946442, 0.12259410397, 0.48247325594, 0.13475211029, 0.03110833824, 0.10673108007, 1.1494943778, 0.41511900408, 0.18160811547, 0.2683580192, 0.72137245084, 0.20751164361, 0.43146174841, 0.62037204889, 0.04141007688, 0.41689042054, 0.083659907295, 1.0184141027, 0.023751914812],
      [0.6101021209, 3.2329016426, 1.370039507, 0.1405356147, 0.2767638889, 0.77838037621, 0.89847831418, 0.76846759817, 2.4365949414, 0.77893863521, 1.4365512236, 1.0430458859, 1.2569681657, 0.6944045593, 0.46820365931, 2.1325950281, 0.57427079291, 0.9117734483, 2.0679494001, 4.2121666161, 1.8407035635, 4.9599693667, 2.4809392537, 2.8432603398, 1.1789303067, 1.6591398182, 0.44735937989, 1.2683238295, 2.0840405129, 0.20558792928, 2.7167326522, 0.45060237963, 2.0170809738, 0.070695443767],
      [14.9740029756, 94.0700586935, 55.2402872111, 12.7828498924, 9.7809579033, 49.2546319003, 32.0596173831, 31.9297002676, 106.1543024486, 36.0468505603, 54.8338560337, 52.4931610222, 36.1385518802, 23.7804904427, 20.2019478466, 56.7884400891, 36.5319282066, 129.5765413, 82.0579989486, 168.8214164082, 72.9944300258, 179.4846211948, 93.9210216144, 94.3927495679, 38.5033419793, 87.2820437742, 20.9090028742, 77.5883784211, 72.4723838476, 8.136190914, 91.3375939733, 17.5894545928, 89.428024909, 4.6922114753],
      [2.385854468, 6.8516691867, 3.1519602326, 1.8220295369, 0.94227820776, 3.5981997005, 1.7996770041, 1.9659272201, 7.8812899224, 2.7200825875, 3.3992199641, 2.9196674018, 3.2225771678, 1.5134050499, 1.2316478692, 4.5161554184, 1.7712068965, 7.0292119958, 3.739299541, 9.9353086374, 4.0581353306, 11.4059150607, 5.1829201278, 5.5823819768, 3.0493696948, 5.3374439567, 1.4361261023, 4.711836001, 3.8232035906, 0.61681107987, 5.528782954, 0.87628312028, 7.5364800145, 0.21334116613]
    ],
    [
      [0.22676292654, 3.1986676306, 2.9709200735, 0.61735487994, 0.36122209598, 2.2803617911, 3.1397538152, 2.960190858, 8.0651614701, 2.5512472117, 4.1764822168, 5.6911017422, 2.8800723074, 1.51628226, 1.2119013513, 7.2921008662, 1.8865745133, 3.965386645, 2.5098591521, 5.9666695187, 2.6222945813, 8.6447712498, 5.0834897976, 4.408806311, 3.9414194305, 5.0474280628, 0.45710192174, 5.1422763657, 4.0567466971, 2.507315574, 4.6618439581, 1.5785359399, 6.3450826767, 0.70470295236],
      [0.64751366632, 7.3937457924, 7.3712934904, 0.62014036198, 1.4980629652, 4.2689361556, 7.0318361296, 5.3779775021, 13.9606181742, 4.280623546, 9.5905414896, 10.021249205, 6.0955649004, 4.4534469085, 2.7724940175, 16.7928852093, 4.1908649033, 7.7535113021, 8.0507065356, 21.013044826, 7.8533521319, 19.7386382466, 13.4754852857, 13.3821431024, 9.0870782304, 9.2562021743, 0.96731817924, 10.155686921, 8.7150040395, 6.2695990555, 12.1619214925, 3.8474615312, 11.7102837275, 1.2293399828],
      [0.95894703665, 11.8534687507, 14.3685149489, 1.3934753342, 2.5188803172, 9.6160466697, 12.4884068579, 10.2780474743, 26.3960821062, 8.5356517904, 17.9613240933, 21.5169759114, 8.9426241431, 8.0618862515, 5.6243024302, 22.6822698756, 9.8251730247, 19.9309645255, 15.7664818314, 41.4156528898, 15.3165041014, 35.8576540337, 25.3768804549, 23.8177384681, 14.8538686931, 20.222290383, 1.8975620516, 23.8574617951, 15.554846112, 12.17290851, 21.250338312, 7.3836172851, 22.8350749433, 3.5635173316],
      [4.1667763705, 23.5541178263, 22.2892714872, 5.3690294239, 6.6218346216, 18.8346553836, 19.3400031972, 17.3837841656, 53.5781382495, 17.6324774519, 30.2716522003, 32.7706731415, 22.081738649, 13.96838458, 9.391302201, 50.2327440489, 13.0973875587, 29.3501375274, 19.6729524809, 65.6046327654, 23.2078491854, 61.7589364699, 38.0641444618, 38.3913121184, 32.117633646, 33.4740793799, 3.6780178474, 38.8445749182, 22.6734031514, 25.0501768605, 34.9258962375, 10.1903852438, 52.1095586525, 4.5024397333]
    ]
  ],
  "prob": [
    [0.16338168953, 0.0034950168211, 0.81970592878, 0.013417364867],
    [0.98904945531, 0.0036405458016, 0.0016223123689, 0.0056876865187],
    [0.049272289464, 0.70733022155, 0.20597802638, 0.037419462605],
    [0.0054920954984, 0.012820434107, 0.92351312676, 0.058174343639],
    [0.0013969170018, 0.20661612156, 0.71763101726, 0.074355944177],
    [0.0016125865252, 0.0088841065103, 0.92897594549, 0.060527361479],
    [0.0056443097774, 0.022390964472, 0.91332845598, 0.058636269775],
    [0.066001050525, 0.15074225316, 0.28592627294, 0.49733042338]
  ],
  "iterations": 216,
  "time": 0.000544,
  "message": "Converged",
  "status": 0,
  "miniter": 0,
  "maxiter": 1000,
  "maxtime": 3600,
  "param_threshold": 0.001,
  "ll_threshold": "-Inf",
  "initial_prob": "group_proportional",
  "adjust_prob_cond_method": "project_lp",
  "adjust_prob_cond_every": false,
  "candidates_id": ["WARD, Michael.c", "KENNEDY, John.c", "SMITH, Nick.c", "Other candidates votes.c"],
  "group_id": ["ACT.p", "Green Party.p", "Labour Party.p", "National Party.p", "NZ First.p", "Outdoor Rec. NZ.p", "United Future.p", "Other parties votes.p"]
}
