{
  "X": [
    [12, 36, 73, 19],
    [163, 466, 604, 82],
    [75, 309, 539, 61],
    [11, 29, 78, 20],
    [47, 79, 112, 22],
    [59, 127, 364, 51],
    [115, 235, 301, 41],
    [176, 297, 297, 44],
    [426, 585, 681, 127],
    [117, 199, 317, 49],
    [151, 427, 517, 75],
    [197, 292, 444, 64],
    [78, 260, 194, 50],
    [129, 159, 188, 31],
    [82, 130, 232, 27],
    [235, 549, 378, 96],
    [36, 133, 247, 28],
    [83, 272, 724, 76],
    [53, 434, 543, 53],
    [124, 864, 1354, 169],
    [49, 309, 433, 55],
    [217, 1080, 1308, 177],
    [88, 656, 761, 96],
    [79, 428, 560, 82],
    [102, 478, 420, 84],
    [166, 464, 676, 90],
    [46, 49, 95, 12],
    [98, 331, 570, 84],
    [88, 311, 500, 55],
    [35, 249, 346, 63],
    [248, 690, 917, 108],
    [46, 109, 184, 21],
    [392, 458, 702, 135],
    [61, 53, 120, 11]
  ],
  "W": [
    [5, 10, 42, 39, 10, 10, 18, 6],
    [64, 113, 566, 267, 91, 63, 105, 46],
    [34, 53, 400, 221, 65, 104, 60, 47],
    [7, 3, 43, 27, 15, 20, 15, 8],
    [13, 53, 94, 47, 13, 18, 11, 11],
    [29, 41, 172, 157, 54, 59, 54, 35],
    [36, 88, 293, 114, 52, 32, 35, 42],
    [36, 125, 414, 119, 33, 16, 35, 36],
    [63, 315, 811, 273, 83, 54, 118, 102],
    [45, 76, 280, 153, 33, 22, 40, 33],
    [40, 114, 554, 240, 83, 17, 60, 62],
    [47, 146, 410, 197, 45, 25, 57, 70],
    [9, 50, 325, 72, 27, 18, 41, 40],
    [23, 127, 195, 69, 32, 7, 26, 28],
    [34, 69, 174, 108, 27, 18, 22, 19],
    [27, 176, 657, 140, 54, 43, 64, 97],
    [17, 25, 186, 75, 31, 42, 39, 29],
    [69, 51, 408, 290, 68, 70, 138, 61],
    [25, 38, 563, 183, 70, 70, 88, 46],
    [106, 101, 1101, 556, 206, 124, 183, 134],
    [21, 36, 400, 165, 50, 46, 79, 49],
    [98, 123, 1393, 543, 192, 110, 197, 126],
    [52, 46, 847, 279, 115, 78, 102, 82],
    [36, 59, 522, 217, 92, 40, 103, 80],
    [33, 61, 601, 157, 86, 43, 43, 60],
    [70, 103, 662, 260, 91, 47, 95, 68],
    [7, 40, 66, 40, 8, 11, 23, 7],
    [53, 61, 476, 211, 61, 59, 84, 78],
    [35, 53, 387, 207, 62, 80, 79, 51],
    [10, 19, 326, 214, 61, 8, 9, 46],
    [99, 201, 858, 385, 124, 123, 100, 73],
    [15, 37, 138, 94, 20, 14, 19, 23],
    [63, 316, 634, 306, 76, 99, 100, 93],
    [18, 53, 89, 58, 6, 6, 5, 10]
  ],
  "method": "mult",
  "cond_prob": [
    [
      [0.12230163647, 0.013914161338, 0.8322018255, 0.031582376692],
      [0.97762526601, 0.0027405149849, 0, 0.019634219001],
      [0.031060431034, 0.73850859828, 0.15556076659, 0.074870204098],
      [0.0011175534823, 0.057317978691, 0.7910248204, 0.15053964743],
      [0, 0.099803451932, 0.65806135844, 0.24213518963],
      [0.00034733000329, 0.01988893044, 0.88078084626, 0.098982893299],
      [0.0050733950833, 0.053174270006, 0.83396241702, 0.10778991789],
      [0.028220342794, 0.082700177165, 0.1759541878, 0.71312529224]
    ],
    [
      [0.14054648806, 0.014393991344, 0.83053511747, 0.014524403127],
      [0.98919200034, 0.003871112216, 0, 0.0069368874425],
      [0.059028111885, 0.75357153712, 0.1591276904, 0.028272660596],
      [0.016549525431, 0.057827932575, 0.85518773279, 0.070434809207],
      [0.0035937258569, 0.11052783273, 0.75194141337, 0.13393702804],
      [0.0041508815506, 0.019716587118, 0.92670742361, 0.049425107719],
      [0.01264827482, 0.053056768655, 0.88212430657, 0.05217064995],
      [0.053936753515, 0.12627526939, 0.28287101231, 0.53691696478]
    ],
    [
      [0.11339129264, 0.010409447596, 0.86424461378, 0.011954645978],
      [0.99159392827, 0, 0.0013610676222, 0.0070450041074],
      [0.036259922654, 0.70954564233, 0.22828256683, 0.025911868181],
      [0.0057188113252, 0.04051261409, 0.89659689233, 0.057171682253],
      [0.00047697301452, 0.094286590304, 0.79398447673, 0.11125195995],
      [0.00074630785608, 0.01426074128, 0.94542616572, 0.039566785143],
      [0.0075878585309, 0.042132823087, 0.90799040882, 0.042288909564],
      [0.048053206651, 0.12201743161, 0.33340148635, 0.49652787539]
    ],
    [
      [0.20569044064, 0.0039150740001, 0.76218491053, 0.028209574831],
      [0.99115454957, 0, 0, 0.0088454504344],
      [0.10406484701, 0.61893892398, 0.19307893023, 0.083917298776],
      [0.03066033564, 0.017501282625, 0.81450879087, 0.13732959087],
      [0.010392578934, 0.066682432194, 0.68992296305, 0.23300202582],
      [0.01446373669, 0, 0.88801476381, 0.097521499501],
      [0.02366123983, 0.026799389674, 0.8497845036, 0.099754866899],
      [0.060500470974, 0.060432348969, 0.18933337465, 0.68973380541]
    ],
    [
      [0.090041687277, 0.016331797552, 0.87190088579, 0.021725629383],
      [0.85984962237, 0.10621740752, 0.013313479515, 0.020619490595],
      [0, 0.72735259514, 0.21981572677, 0.052831678092],
      [0, 0.034989404986, 0.86705078332, 0.097959811691],
      [0, 0.094667362118, 0.73325328501, 0.17207935287],
      [0, 0.011474706671, 0.92209330198, 0.066431991345],
      [0, 0.049372140795, 0.88121715494, 0.069410704267],
      [0.023402552728, 0.10565491627, 0.24747709937, 0.62346543163]
    ],
    [
      [0.12757023526, 0.0061930184187, 0.85127111252, 0.014965633796],
      [0.98876414158, 0, 0.0028199626154, 0.0084158958017],
      [0.05642813691, 0.66267402527, 0.24299120025, 0.037906637573],
      [0.014432969923, 0.019957709541, 0.8930471736, 0.072562146932],
      [0.0031021122885, 0.078110056128, 0.78378276037, 0.13500507121],
      [0.0042095025898, 0.0068000144531, 0.93968063936, 0.049309843599],
      [0.011022759151, 0.032084136223, 0.90444764054, 0.052445464087],
      [0.050811823874, 0.095869213766, 0.30254363428, 0.55077532808]
    ],
    [
      [0.13394674341, 0.01248280087, 0.84270568083, 0.010864774893],
      [0.99300082973, 0.0025614830257, 0, 0.0044376872394],
      [0.060688905069, 0.73509834959, 0.18472765133, 0.019485094013],
      [0.015623360922, 0.04931318358, 0.88098038308, 0.054083072416],
      [0.0039663086239, 0.10489058443, 0.78424333487, 0.10689977208],
      [0.0041212602981, 0.01738370829, 0.94028500003, 0.038210031378],
      [0.011555337696, 0.047534588279, 0.90037730393, 0.040532770098],
      [0.05924682602, 0.13441403949, 0.32672978402, 0.47960935047]
    ],
    [
      [0.14864380823, 0.008793464221, 0.83005200702, 0.012510720526],
      [0.99480792013, 0, 0, 0.0051920798671],
      [0.097740840638, 0.68441013538, 0.19176864808, 0.026080375902],
      [0.023386233496, 0.037009829542, 0.87749731801, 0.06210661895],
      [0.0050967001834, 0.093950055008, 0.78033137112, 0.12062187369],
      [0.0045857052243, 0.014497004693, 0.93746410965, 0.043453180434],
      [0.014543444007, 0.041492550756, 0.89792248438, 0.046041520862],
      [0.06387722631, 0.11524795444, 0.30905774008, 0.51181707917]
    ],
    [
      [0.15072484002, 0.0089191474154, 0.82536932861, 0.014986683952],
      [0.99313597169, 0, 0, 0.0068640283069],
      [0.10711233529, 0.67914893293, 0.18053395051, 0.033204781267],
      [0.02737288817, 0.035496187679, 0.86373790115, 0.073393023005],
      [0.0065841758067, 0.092421921713, 0.76142718461, 0.13956671787],
      [0.0061237759313, 0.013919854231, 0.92883725598, 0.051119113861],
      [0.017939879322, 0.040240739258, 0.887604789, 0.054214592417],
      [0.06207377795, 0.10575246086, 0.28132566835, 0.55084809284]
    ],
    [
      [0.15352486383, 0.0061918064546, 0.82509516767, 0.015188162039],
      [0.99278566254, 0, 0, 0.0072143374587],
      [0.09564808516, 0.66636545806, 0.20199302741, 0.035993429363],
      [0.031744037017, 0.02747214301, 0.86645328271, 0.074330537265],
      [0.0061639388006, 0.086866327391, 0.76624120955, 0.14072852426],
      [0.0059196232148, 0.012617785626, 0.93016383048, 0.05129876068],
      [0.016486093948, 0.037582183497, 0.8913460021, 0.054585720457],
      [0.060857085357, 0.099646519518, 0.28308828045, 0.55640811468]
    ],
    [
      [0.12486873832, 0.011024588923, 0.8515569548, 0.01254971796],
      [0.9930432239, 0.00028629735435, 0, 0.0066704787498],
      [0.047283075669, 0.71721492955, 0.20897334659, 0.026528648195],
      [0.010793094603, 0.044064479151, 0.8846261406, 0.060516285642],
      [0.0018799430907, 0.097694754656, 0.78343733483, 0.11698796743],
      [0.0026077918073, 0.015596395215, 0.93959642675, 0.042199386231],
      [0.0095837521491, 0.044184432748, 0.90146311307, 0.044768702028],
      [0.052221991156, 0.12240263323, 0.31887079391, 0.50650458171]
    ],
    [
      [0.13702914271, 0.0069028364796, 0.84505024221, 0.011017778598],
      [0.99540428794, 0, 0, 0.0045957120582],
      [0.084738891593, 0.6639677376, 0.22741251293, 0.023880857878],
      [0.024592007116, 0.027557653287, 0.89341324607, 0.054437093525],
      [0.0048929077762, 0.086064255272, 0.8004279977, 0.10861483925],
      [0.004510833548, 0.012460513409, 0.94457891322, 0.038449739826],
      [0.014186262857, 0.036200789517, 0.90888027296, 0.040732674671],
      [0.064306637521, 0.1110298178, 0.33715986507, 0.48750367961]
    ],
    [
      [0.1571454349, 0.013311662597, 0.81159596011, 0.017946942392],
      [0.98963416133, 0.0023914686696, 0, 0.0079743700036],
      [0.070480727839, 0.75516965078, 0.13846573431, 0.035883887076],
      [0.016955094774, 0.054944340162, 0.84081807936, 0.087282485705],
      [0.0035875772311, 0.1127806786, 0.72225851925, 0.16137322492],
      [0.0043683513038, 0.019598335659, 0.91475327802, 0.061280035014],
      [0.014412058339, 0.054502982094, 0.86647143197, 0.0646135276],
      [0.055264758685, 0.11855054947, 0.24158758152, 0.58459711032]
    ],
    [
      [0.10947919657, 0.013649857531, 0.86369888413, 0.013172061763],
      [0.97258538404, 0.012102748266, 0.0069372625372, 0.0083746051595],
      [0.0086010550371, 0.74654028229, 0.21636745037, 0.028491212302],
      [0, 0.049865769254, 0.88751550731, 0.062618723435],
      [0, 0.099953692816, 0.78058484141, 0.11946146578],
      [0.0012054391689, 0.016749724912, 0.93887257458, 0.043172261339],
      [0.0043937584535, 0.04800536953, 0.90164291114, 0.045957960873],
      [0.041562613565, 0.12746447389, 0.31536185214, 0.5156110604]
    ],
    [
      [0.11845969642, 0.0082948156733, 0.86076931864, 0.012476169269],
      [0.98804342107, 0, 0.0048583262094, 0.0070982527229],
      [0.044448972961, 0.69146085267, 0.23532773135, 0.028762443023],
      [0.0079576274635, 0.034409805152, 0.8974310417, 0.060201525687],
      [0.0011433498365, 0.089411144053, 0.79307214932, 0.11637335679],
      [0.0021631751775, 0.013393158654, 0.94290049995, 0.041543166222],
      [0.0085988958906, 0.039632735213, 0.90748219647, 0.044286172426],
      [0.049728731498, 0.11370689614, 0.32522502878, 0.51133934358]
    ],
    [
      [0.15648250911, 0.014975497305, 0.81266828235, 0.015873711241],
      [0.98690808773, 0.007133958384, 0, 0.0059579538855],
      [0.072519663532, 0.78247332173, 0.1198095702, 0.025197444533],
      [0.017287652958, 0.061364702662, 0.84411064617, 0.07723699821],
      [0.0037760072077, 0.1231063185, 0.72824679385, 0.14487088044],
      [0.0047225297294, 0.021997262555, 0.91857907188, 0.054701135832],
      [0.0140271056, 0.059264415664, 0.86936502449, 0.057343454249],
      [0.058853098279, 0.13688152635, 0.25468030683, 0.54958506854]
    ],
    [
      [0.10942679566, 0.0071373346299, 0.87314687889, 0.010288990816],
      [0.98937637485, 0, 0.0045509113821, 0.0060727137728],
      [0.038648689594, 0.66381223593, 0.27433151308, 0.023207561401],
      [0.0061647339628, 0.027388872348, 0.91668039, 0.049766003694],
      [0.0003553378616, 0.080930903687, 0.8196449822, 0.099068776247],
      [0.00076923006436, 0.007674652926, 0.95732073193, 0.034235385084],
      [0.0068668382874, 0.032454348098, 0.92396802438, 0.036710789235],
      [0.049765309008, 0.11236244792, 0.36602832594, 0.47184391714]
    ],
    [
      [0.11181003702, 0.0022553343691, 0.87434710773, 0.011587520878],
      [0.9879324316, 0, 0.0050494542109, 0.0070181141939],
      [0.045993519503, 0.62642564956, 0.297100529, 0.03048030193],
      [0.0065843610695, 0.007573103972, 0.92990856466, 0.055933970296],
      [0.00090099553391, 0.070772955344, 0.81910376321, 0.10922228591],
      [0.0016972550638, 0.0056276142438, 0.95436757215, 0.038307558547],
      [0.0072912576871, 0.021627349593, 0.93002122009, 0.041060172627],
      [0.049827273033, 0.096318828705, 0.35531661467, 0.49853728359]
    ],
    [
      [0.090107659473, 0.01103314474, 0.88880186834, 0.010057327445],
      [0.99130720056, 0.00018772988031, 0.0010798652351, 0.007425204325],
      [0.018468450333, 0.72459507009, 0.23715585387, 0.019780625716],
      [0.0023091128467, 0.043259248822, 0.90727246196, 0.047159176371],
      [0, 0.096108715432, 0.81079843596, 0.093092848612],
      [0, 0.015338876306, 0.95201608912, 0.032645034578],
      [0.0043424021057, 0.043229568255, 0.91765266243, 0.034775367209],
      [0.040765180835, 0.13582689621, 0.37041002387, 0.45299789909]
    ],
    [
      [0.084420903082, 0.011055730773, 0.89195190342, 0.012571462722],
      [0.98813840376, 0.00010653115552, 0.0018242713328, 0.0099307937524],
      [0.0092516143263, 0.72287737359, 0.24030699022, 0.027564021866],
      [0, 0.039155788947, 0.90229783, 0.058546381057],
      [0, 0.092136943843, 0.7952309148, 0.11263214135],
      [0, 0.014547661287, 0.94509386608, 0.04035847263],
      [0.0029497080668, 0.042764053889, 0.91123627707, 0.043049960973],
      [0.033758071225, 0.12349838521, 0.33767022821, 0.50507331535]
    ],
    [
      [0.097142321373, 0.010835728675, 0.88001598414, 0.012005965814],
      [0.9903032001, 3.2848778945e-05, 0.0014280574096, 0.0082358937103],
      [0.021713805971, 0.71740515015, 0.23530641972, 0.025574624155],
      [0.0018143050075, 0.042147402597, 0.89955643498, 0.056481857416],
      [0, 0.094315262095, 0.79596506209, 0.10971967581],
      [0.00032219451074, 0.01500216301, 0.94556835781, 0.039107284673],
      [0.004387442558, 0.042603127414, 0.91139942598, 0.04161000405],
      [0.040056824963, 0.1241505303, 0.33926372223, 0.49652892251]
    ],
    [
      [0.12826842789, 0.011505149076, 0.84714017794, 0.013086245101],
      [0.99258973016, 0.00045804241148, 0, 0.0069522274314],
      [0.048122948616, 0.7237643903, 0.20050606177, 0.027606599312],
      [0.011126015323, 0.046359977036, 0.87931983718, 0.063194170464],
      [0.001944047487, 0.099905623152, 0.77686015897, 0.12129017039],
      [0.00280445238, 0.016308565617, 0.93692480464, 0.043962177366],
      [0.0099669678637, 0.045719382162, 0.89767715151, 0.046636498461],
      [0.052533523549, 0.12266946671, 0.31066165911, 0.51413535064]
    ],
    [
      [0.11036448235, 0.011396004941, 0.86658856086, 0.011650951856],
      [0.9924136011, 0.00028417965326, 0.00016478755768, 0.0071374316908],
      [0.035097349577, 0.72607100186, 0.21530453984, 0.023527108717],
      [0.0071719244348, 0.045286003835, 0.89194821076, 0.055593860973],
      [0.0007558147574, 0.099004427263, 0.79209389426, 0.10814586372],
      [0.0017920413537, 0.016030451164, 0.94352115726, 0.038656350219],
      [0.0076411262104, 0.044776296192, 0.90648903946, 0.041093538142],
      [0.047262273926, 0.12895530844, 0.33617059062, 0.48761182702]
    ],
    [
      [0.10503308077, 0.012781477172, 0.8699254096, 0.012260032458],
      [0.99045203858, 0.0018123399583, 2.9398877806e-05, 0.0077062225828],
      [0.023393758608, 0.74731348821, 0.20566611709, 0.023626636098],
      [0.0028281421785, 0.052207944568, 0.88709522409, 0.057868689164],
      [0, 0.10390106686, 0.78373795389, 0.11236097925],
      [0.001113326671, 0.017520941152, 0.94083988102, 0.040525851156],
      [0.005206872061, 0.049292402249, 0.90270577051, 0.042794955179],
      [0.042200613509, 0.13336650901, 0.32634240765, 0.49809046983]
    ],
    [
      [0.13897053951, 0.013078675032, 0.83182933426, 0.016121451203],
      [0.99040961489, 0.0016211904306, 0, 0.007969194679],
      [0.051867150882, 0.7482770839, 0.16675457016, 0.033101195066],
      [0.01248033012, 0.052559192688, 0.85735202422, 0.077608452973],
      [0.0025172635561, 0.10839356543, 0.74372069904, 0.14536847197],
      [0.0032487851446, 0.018628816012, 0.92395467356, 0.054167725282],
      [0.010829417526, 0.050402650985, 0.88150966992, 0.057258261571],
      [0.050759479971, 0.12021651211, 0.26884867693, 0.56017533099]
    ],
    [
      [0.13385592285, 0.0069070606348, 0.84660457513, 0.012632441389],
      [0.99178417522, 0, 0.0016660693732, 0.0065497554034],
      [0.06751337191, 0.66073485193, 0.24102797497, 0.030723801184],
      [0.016204513429, 0.028632027054, 0.89345920567, 0.061704253846],
      [0.0036496733919, 0.083124986253, 0.79413804222, 0.11908729813],
      [0.0037248042819, 0.011915273998, 0.94184023429, 0.042519687431],
      [0.012081737051, 0.03527380437, 0.90728903842, 0.045355420164],
      [0.057563802312, 0.10573976028, 0.32324485568, 0.51345158173]
    ],
    [
      [0.12690354306, 0.0088557382321, 0.84993552415, 0.014305194558],
      [0.99103236751, 0, 0.0009441880231, 0.0080234444664],
      [0.062235464767, 0.68491855537, 0.21955335835, 0.033292621511],
      [0.016170221263, 0.032867156524, 0.88174941066, 0.069213211549],
      [0.0028266655089, 0.08866804723, 0.77625554004, 0.13224974722],
      [0.0042558797689, 0.012365596337, 0.93572648913, 0.047652034765],
      [0.012978897766, 0.036627633765, 0.89951605912, 0.050877409352],
      [0.049726903268, 0.10441391471, 0.29432581025, 0.55153337178]
    ],
    [
      [0.11979977244, 0.0060075408559, 0.86129810236, 0.01289458434],
      [0.98920981516, 0, 0.0033398002902, 0.0074503845458],
      [0.050759088856, 0.65074041519, 0.26534621834, 0.033154277605],
      [0.010152378395, 0.02390597862, 0.90382071761, 0.062120925376],
      [0.0017139200603, 0.079203177859, 0.80006910813, 0.11901379395],
      [0.0025995485707, 0.0094756124028, 0.94547298641, 0.042451852613],
      [0.0092288721801, 0.032039778436, 0.91329759145, 0.045433757937],
      [0.050925480082, 0.10004108774, 0.33118438376, 0.51784904842]
    ],
    [
      [0.1363455927, 0.011795709783, 0.84131389659, 0.01054480092],
      [0.99410438507, 0.000985179613, 0, 0.0049104353188],
      [0.058203700319, 0.72882411969, 0.19352958016, 0.019442599831],
      [0.016044428073, 0.048906538512, 0.88365793565, 0.051391097766],
      [0.0032813137534, 0.10292813585, 0.79081962954, 0.10297092085],
      [0.0047627895225, 0.017581022232, 0.94143802572, 0.036218162527],
      [0.012252718175, 0.047045616738, 0.90217964474, 0.038522020349],
      [0.061606154157, 0.13434741022, 0.3357416156, 0.46830482002]
    ],
    [
      [0.11044397133, 0.010558319895, 0.86373507615, 0.015262632624],
      [0.99018982496, 0, 0.00041228301525, 0.0093978920221],
      [0.036232296129, 0.70448465803, 0.22215994094, 0.037123104902],
      [0.0058235654561, 0.038098087507, 0.8821685157, 0.073909831335],
      [0.00056795016182, 0.091667588721, 0.77092700038, 0.13683746074],
      [0.0021037481763, 0.014817370302, 0.93338188029, 0.049697001227],
      [0.0080170065595, 0.042243569059, 0.89682954399, 0.052909880396],
      [0.041312044837, 0.10845594698, 0.29525097376, 0.55498103442]
    ],
    [
      [0.11939854793, 0.013351338349, 0.85476544811, 0.012484665606],
      [0.98960422166, 0.0035056243924, 0, 0.0068901539459],
      [0.035140228097, 0.74361938051, 0.19600644825, 0.025233943144],
      [0.0064115157676, 0.052689282366, 0.88084600479, 0.06005319708],
      [0.00051199047346, 0.10493430883, 0.77875963199, 0.11579406871],
      [0.0014444870368, 0.018606030241, 0.93812358193, 0.041825900793],
      [0.0081669558372, 0.048315420261, 0.89906852371, 0.044449100193],
      [0.049212213903, 0.13055954485, 0.3180373819, 0.50219085935]
    ],
    [
      [0.11709678875, 0.010689490682, 0.86238307928, 0.0098306412843],
      [0.99293349718, 0.00012058472187, 0.0021853273447, 0.0047605907526],
      [0.039510503753, 0.71621737486, 0.22546548639, 0.018806634991],
      [0.0066511517755, 0.042754794845, 0.90358655725, 0.047007496126],
      [0.00093696891604, 0.096560535329, 0.80590333648, 0.096599159274],
      [0.0019820788214, 0.01515041647, 0.94895444062, 0.033913064092],
      [0.0082603225397, 0.042944280197, 0.91278781193, 0.03600758533],
      [0.053213755573, 0.13126042164, 0.35589677695, 0.45962904584]
    ],
    [
      [0.13989662683, 0.0084564481464, 0.83426684041, 0.017380084618],
      [0.98930303726, 0, 0, 0.010696962741],
      [0.087576610349, 0.6734671932, 0.19613930299, 0.042816893466],
      [0.024533840249, 0.031900349474, 0.85982817515, 0.083737635128],
      [0.0050970067025, 0.088124483975, 0.75236816407, 0.15441034525],
      [0.0072167857989, 0.011813364741, 0.92345927329, 0.057510576167],
      [0.014790736008, 0.038796025255, 0.88535672037, 0.061056518363],
      [0.05327869628, 0.096569354012, 0.26713256777, 0.58301938194]
    ],
    [
      [0.10908876171, 0, 0.8816195958, 0.0092916424837],
      [0.96969027759, 0, 0.025266490079, 0.0050432323356],
      [0.071771786896, 0.57820789952, 0.323889662, 0.026130651592],
      [0.01112834702, 0.00070650254002, 0.94231218141, 0.04585296903],
      [0.0016980230726, 0.065751964197, 0.83942356793, 0.093126444798],
      [0.0024619856664, 0.0074322847771, 0.9583856222, 0.031720107356],
      [0.0084809568175, 0.027387896273, 0.92997570528, 0.034155441634],
      [0.054231957976, 0.092247482052, 0.38747031947, 0.4660502405]
    ]
  ],
  "expected_outcome": [
    [
      [0.61150818233, 8.9949752357, 3.8553039498, 1.4398330845, 1.1705419346, 3.6995368226, 4.8220827627, 5.3511770963, 9.4956649215, 6.9086188726, 4.9947495326, 6.4403697076, 1.4143089141, 2.5180215212, 4.0276296782, 4.2250277459, 1.8602555262, 7.7148925546, 2.2526914868, 8.9486157267, 2.0399887488, 12.5703059328, 5.738953082, 3.7811909078, 4.5860278038, 9.3699145993, 0.88832480144, 6.3493879394, 4.7720957446, 1.1044397133, 11.8204562454, 1.7564518313, 8.8134874902, 1.9635977108],
      [0.069570806689, 0.92121544602, 0.35392121827, 0.027405518001, 0.21231336817, 0.17959753414, 0.44938083131, 0.31656471196, 0.56190628717, 0.27863129046, 0.44098355693, 0.32443331454, 0.11980496337, 0.31394672322, 0.28202373289, 0.40433842722, 0.12133468871, 0.15561807147, 0.27582861849, 1.171907462, 0.22755030218, 1.1275046094, 0.59259225694, 0.46013317821, 0.43159627607, 0.48349424444, 0.061990167624, 0.31839966536, 0.41284984241, 0.10558319895, 1.3217824966, 0.16034236023, 0.53275623322, 0],
      [4.1610091275, 53.1542475182, 29.3843168686, 5.3352943737, 11.3347115153, 24.6868622632, 30.3374045098, 29.8818722528, 51.9982677024, 37.1292825452, 34.062278192, 39.7173613838, 7.304363641, 19.8650743351, 29.2661568337, 21.9420436234, 14.8434969412, 60.3299504334, 22.2200467086, 94.5469017628, 18.4803356669, 83.0197374379, 45.0626051645, 31.3173147455, 27.4503680304, 59.262320259, 5.949548669, 45.6487994253, 29.4459863808, 8.6373507615, 84.6217793631, 12.9357461892, 52.5588109456, 15.8691527245],
      [0.15791188346, 0.92956180012, 0.40645796325, 0.19746702382, 0.28243318198, 0.43400338008, 0.39113189616, 0.45038593894, 0.94416108897, 0.68346729176, 0.50198871841, 0.51783559413, 0.16152248153, 0.30295742054, 0.42418975516, 0.4285902035, 0.17491284386, 0.79953894057, 0.25143318611, 1.3325750486, 0.25212528209, 1.2824520199, 0.60584949653, 0.4413611685, 0.53200788972, 0.88427089726, 0.10013636191, 0.68341297, 0.36906803218, 0.15262632624, 1.235981895, 0.14745961926, 1.094945331, 0.16724956471]
    ],
    [
      [9.7762526601, 111.7786960386, 52.5544781983, 2.9734636487, 45.5720299854, 40.5393298049, 87.3840730167, 124.3509900166, 312.8378310833, 75.4517103531, 113.2069275241, 145.3290260395, 49.4817080663, 123.5183437728, 68.1749960537, 173.6958234406, 24.7344093711, 50.3845540114, 37.6696736213, 99.8019787797, 35.6509152036, 122.0885368093, 45.6510256505, 58.4366702763, 60.4149865083, 102.153770048, 39.6412947004, 60.341798725, 52.6875324086, 18.8136066743, 198.910448554, 36.7385393957, 312.6197597737, 51.393584712],
      [0.027405149849, 0.43743568041, 0, 0, 5.6295225988, 0, 0.22541050626, 0, 0, 0, 0.032637898396, 0, 0.11957343348, 1.5370490297, 0, 1.2555766756, 0, 0, 0.0071337354518, 0.010759646708, 0.001182556042, 0.056339216612, 0.01307226405, 0.10692805754, 0.098892616268, 0, 0, 0, 0.052214519489, 0, 0.70463050287, 0.0044616347093, 0, 0],
      [0, 0, 0.072136583977, 0, 0.70561441432, 0.11561846723, 0, 0, 0, 0, 0, 0, 0, 0.88103234222, 0.33522450845, 0, 0.11377278455, 0.25752216475, 0.041034878933, 0.18425140461, 0.051410066744, 0, 0.0075802276531, 0.0017345337906, 0, 0.17160514544, 0.037767520924, 0.2037278177, 0, 0.0078333772898, 0, 0.080857111753, 0, 1.3391239742],
      [0.19634219001, 0.783868281, 0.37338521769, 0.026536351303, 1.0928330015, 0.34505172787, 0.39051647706, 0.64900998339, 2.1621689167, 0.54828964686, 0.76043457748, 0.6709739605, 0.39871850018, 1.0635748553, 0.48977943788, 1.0485998838, 0.15181784432, 0.35792382389, 0.28215776435, 1.003010169, 0.29649217357, 0.85512397406, 0.32832185778, 0.45466713238, 0.48612087542, 0.67462480656, 0.32093777866, 0.45447345729, 0.2602530719, 0.17855994842, 1.3849209431, 0.17614185785, 3.3802402263, 0.26729131378]
    ],
    [
      [1.3045381034, 33.4099113272, 14.5039690615, 4.4747884215, 0, 9.7056395485, 17.7818491853, 40.464708024, 86.8681039216, 26.7814638449, 26.1948239205, 34.7429455532, 22.9062365478, 1.6772057322, 7.7341212952, 47.6454189405, 7.1886562646, 18.7653559573, 10.3977375372, 10.1860273733, 8.6855223885, 67.0352674219, 29.7274550921, 12.2115419934, 31.1721576801, 44.6938522042, 4.1075406746, 24.1613262955, 22.5248320233, 11.811728538, 30.1503157073, 5.4524495179, 55.5235709615, 6.3876890337],
      [31.0173611277, 426.5214900085, 283.818256934, 26.6143737313, 68.3711439434, 113.9799323465, 215.3838164307, 283.3457960461, 550.7897846058, 186.5823282574, 397.3370709681, 272.2267724172, 245.4301365027, 145.5753550472, 120.314188364, 514.0849723769, 123.4690758826, 255.5816650214, 407.947024458, 795.8879883252, 286.9620600597, 1008.2037956889, 614.9821385794, 390.0976408438, 449.714527421, 437.4064719806, 45.2046246543, 309.7524376327, 282.0549343211, 229.6619985174, 638.0254284756, 98.837997731, 426.9782004875, 51.460503057],
      [6.5335521968, 90.0662727668, 91.313026732, 8.3023939998, 20.662678316, 41.7944864425, 54.1252018383, 79.3922203064, 146.4130338651, 56.5580476761, 115.7712340113, 93.2391302996, 45.0013636498, 42.1916528216, 40.9470252547, 78.7148876245, 51.0256614324, 121.2170158337, 133.5187457268, 264.5779962271, 94.1225678896, 279.304944047, 182.3629452456, 107.3577131196, 100.2194966642, 159.5605194313, 14.4905216514, 126.3047999316, 74.8959475208, 72.4241407467, 168.1735325997, 31.1142371224, 124.3523180938, 28.8261799177],
      [3.1445485721, 16.0023258976, 10.3647472725, 3.6084438474, 4.9661777407, 6.5199416626, 5.7091325457, 10.7972756236, 26.9290776075, 10.0781602217, 14.6968711001, 9.79115173, 11.6622632998, 5.5557863989, 5.0046650861, 16.5547210581, 4.3166064205, 12.4359631876, 11.136492278, 30.3479880744, 10.2298496621, 38.4559928422, 19.9274610829, 12.3331040433, 19.8938182347, 20.3391563839, 2.1973130197, 15.7814361402, 7.5242861348, 12.102132198, 21.6507232175, 2.5953156287, 27.1459104572, 2.3256279917]
    ],
    [
      [0.043584585811, 4.4187232901, 1.2638573029, 0.82782906227, 0, 2.2659762779, 1.7810631451, 2.7829617861, 7.4727984704, 4.8568376636, 2.5903427048, 4.8446254018, 1.2207668237, 0, 0.85942376606, 2.4202714141, 0.46235504721, 1.9094647101, 0.42256765095, 0, 0.29936032624, 6.0414263203, 2.0009669173, 0.61370685273, 1.9594118289, 4.2131734915, 0.64680885051, 2.1421518412, 3.3211966111, 1.2462430076, 2.4684335705, 0.6252082669, 7.5073551163, 0.64544412716],
      [2.235401169, 15.4400579974, 8.953287714, 0.47253463088, 1.6445020344, 3.1333603979, 5.6217029281, 4.4041697155, 9.6904592365, 4.2032378805, 10.5754749963, 5.4288576974, 3.9559924917, 3.4407380785, 3.7162589565, 8.5910583727, 2.0541654261, 2.1962001519, 7.9164425345, 21.7706186546, 6.9543214286, 25.1734675307, 12.6347950701, 11.3291239713, 8.2517932521, 7.444327034, 1.314686261, 5.0441614887, 10.123653472, 8.1529907266, 20.2853737111, 4.0189507154, 9.7615069391, 0.040977147321],
      [30.8499679955, 228.3351246542, 198.1479132053, 21.9917373535, 40.7513868162, 140.2084062558, 100.4317636714, 104.4221808434, 235.8004470129, 132.5673522544, 212.3102737448, 176.0024094762, 60.5389017138, 61.2385700045, 96.9225525033, 118.1754904638, 68.7510292497, 269.673483752, 166.0308605387, 501.6775934779, 148.4268117715, 477.470671587, 248.8535508011, 192.4996636275, 134.6042678024, 232.2993934746, 35.2699764265, 190.7061714158, 182.9171926792, 188.7840623602, 339.1257118426, 84.9371363818, 263.1074215954, 54.6541065218],
      [5.8710462497, 18.8060940582, 12.6349417779, 3.7078989534, 4.6041111495, 11.3922570684, 6.1654702554, 7.3906876551, 20.0362952802, 11.3725722015, 14.5239085541, 10.7241074245, 6.2843389708, 4.320691917, 6.5017647742, 10.8131797494, 3.732450277, 16.2208513859, 8.6301292759, 32.5517878675, 9.3195064737, 34.314434562, 15.5106872116, 12.5575055485, 12.1845271167, 16.0431059999, 2.768528462, 13.1075152543, 10.6379572376, 15.8167039056, 23.1204808758, 4.4187046358, 25.6237163492, 2.6594722038]
    ],
    [
      [0, 0.32702905298, 0.031003245944, 0.15588868401, 0, 0.16751406358, 0.20624804844, 0.16819110605, 0.54648659195, 0.20340998042, 0.15603527653, 0.22018084993, 0.09686458524, 0, 0.030870445587, 0.20390438922, 0.01101547371, 0.061267696306, 0, 0, 0, 0.3732571175, 0.086918697101, 0, 0.21648466583, 0.33212027867, 0.022613324071, 0.10454912368, 0.20344145271, 0.034644959871, 0.06348681871, 0.018739378321, 0.38737250939, 0.010188138436],
      [0.99803451932, 10.0580327785, 6.1286283698, 1.0002364829, 1.2306757075, 4.2179430309, 5.4543103902, 3.1003518153, 7.6710195021, 2.8665888039, 8.1086646365, 3.8728914872, 3.0450783223, 3.1985181701, 2.4141008894, 6.6477411991, 2.5088580143, 4.8125609634, 6.7276100803, 18.9802104317, 4.7157631047, 19.1818796452, 11.3855091353, 9.558898151, 9.3218466273, 7.564373749, 0.70934437784, 4.8313938494, 6.3815444227, 5.591722912, 13.0118542944, 1.9312107066, 6.6974607821, 0.39451178518],
      [6.5806135844, 68.4266686165, 51.6089909877, 10.3488444457, 9.5322927051, 42.3242690602, 40.7806534131, 25.7509352469, 63.1984563227, 25.2859599151, 65.0252987906, 36.0192598965, 19.5009800196, 24.978714925, 21.4129480317, 39.3253268681, 25.4089944483, 55.6990558984, 56.7558905169, 163.8175684493, 39.7982531047, 149.1571505228, 91.0907978394, 72.1038917581, 63.9599801175, 72.2665618423, 6.2100443203, 48.8042155961, 49.0308170317, 47.0265470232, 96.5661943674, 16.1180667296, 57.1799804692, 5.0365414076],
      [2.4213518963, 12.188269552, 7.2313773966, 3.4950303874, 2.2370315873, 7.2902738454, 5.5587881483, 3.9805218318, 11.5840375832, 4.6440413006, 9.7100012964, 4.8876677664, 4.3570770729, 3.8227669049, 3.1420806333, 7.8230275436, 3.0711320637, 7.427115442, 6.5164994028, 23.202221119, 5.4859837906, 23.2877127145, 12.4367743282, 10.3372100909, 12.5016885894, 10.83694413, 1.0579979778, 7.2598414308, 6.3841970929, 8.347085105, 14.3584645196, 1.9319831855, 11.7351862392, 0.55875866879]
    ],
    [
      [0.0034733000329, 0.26150553769, 0.077616017033, 0.2892747338, 0, 0.2483606528, 0.13188032954, 0.073371283588, 0.33068390029, 0.13023171073, 0.044332460724, 0.1127708387, 0.078630323469, 0.0084380741824, 0.038937153196, 0.20306877836, 0.032307662703, 0.11880785447, 0, 0, 0.014820947494, 0.3084897618, 0.13977922559, 0.044533066839, 0.13969776122, 0.17506580125, 0.046814677457, 0.15337336567, 0.3810231618, 0.01682998541, 0.17767190553, 0.027749103499, 0.71446179409, 0.014771913998],
      [0.1988893044, 1.2421449885, 1.4831170931, 0, 0.20654472008, 0.40120085273, 0.55627866527, 0.23195207508, 0.75167212849, 0.27759128378, 0.26513871866, 0.31151283524, 0.35277004187, 0.11724807438, 0.24107685577, 0.94588228987, 0.32233542289, 0.39393299707, 1.0737213414, 1.8039099996, 0.69009949844, 1.7939422179, 1.2503751908, 0.70083764608, 0.80103908852, 0.56001787792, 0.1360215597, 0.55906113177, 1.4064817786, 0.11853896242, 2.2885417197, 0.21210583058, 1.1695231094, 0.044593708663],
      [8.8078084626, 58.3825676875, 98.3243212351, 17.7602952762, 16.5976794357, 55.4411577221, 30.0891200011, 14.9994257544, 50.1572118227, 20.4636042705, 15.9731392547, 23.6144728304, 16.4655590044, 6.5721080221, 16.972208999, 39.498900091, 40.2074707409, 66.8057300502, 66.6411262381, 117.1916393943, 43.4961444591, 103.06172851, 73.5946502665, 37.6335952408, 39.7300509631, 44.2664910116, 10.2929913804, 55.7829061984, 75.3150420574, 7.4670550424, 115.3892005773, 13.2853621686, 91.422468056, 5.7503137332],
      [0.98982893299, 3.1137817863, 4.1149456548, 1.95042999, 1.1957758442, 2.9092807724, 1.2227210041, 0.69525088694, 2.7604321485, 1.1285727349, 0.71738956592, 0.96124349564, 1.1030406302, 0.30220582937, 0.747776992, 2.3521488408, 1.4378861735, 2.6815290983, 2.2851524204, 5.0044506061, 1.7989350949, 4.8358395103, 3.0151953171, 1.6210340463, 2.3292121871, 1.9984253092, 0.52417238241, 2.5046593041, 2.8974530022, 0.39757600981, 5.1445857975, 0.47478289729, 5.6935470406, 0.19032064413]
    ],
    [
      [0.091321111499, 1.3280688561, 0.45527151186, 0.35491859745, 0, 0.59522899416, 0.40443681937, 0.50902054024, 2.11690576, 0.6594437579, 0.57502512895, 0.80861698284, 0.59089439192, 0.11423771979, 0.18917570959, 0.89773475841, 0.26780669321, 1.0061935608, 0.38213138531, 0.53979657622, 0.34660796209, 1.9634926691, 0.77939487346, 0.53630782228, 0.46566495361, 1.1477650198, 0.29851464862, 0.77522526312, 0.96796473585, 0.072153059035, 0.81669558372, 0.15694612825, 1.4790736008, 0.042404784087],
      [0.9571368601, 5.5709607088, 2.5279693852, 0.4019908451, 0.54309354875, 1.7325433561, 1.6637105898, 1.4522392764, 4.7484072325, 1.5032873399, 2.6510659649, 2.0634450025, 2.2346222659, 1.2481396078, 0.8719201747, 3.7929226025, 1.2657195758, 2.9845742438, 3.8042020065, 7.8258218617, 3.3656470657, 9.006718286, 4.5671822116, 5.0771174317, 2.1673139923, 3.3510114151, 0.8424355766, 2.6913413886, 3.7166037223, 0.38019212153, 4.8315420261, 0.81594132374, 3.8796025255, 0.13693948136],
      [15.0113235064, 92.6230521904, 54.4794245291, 12.746767554, 9.6933887043, 48.8401725891, 31.5132056374, 31.4272869531, 104.7373651023, 35.6538400839, 54.0877867845, 51.8061755585, 35.5253287106, 23.4427156897, 19.9646083223, 55.6393615672, 36.0347529508, 128.3429283728, 80.7534342938, 166.7562387041, 72.0005546523, 176.842398848, 92.4618820244, 92.9786943626, 37.9049158065, 86.1924586495, 20.6888693597, 76.7169976815, 71.2721919343, 8.0714658959, 89.9068523709, 17.3429684267, 88.5356720374, 4.6498785264],
      [1.940218522, 5.4779182448, 2.5373345738, 1.4963230035, 0.76351774693, 2.8320550607, 1.4186469534, 1.6114532302, 6.3973219052, 2.1834288183, 2.6861221217, 2.3217624562, 2.6491546316, 1.1949069827, 0.97429579337, 3.6699810719, 1.4317207802, 5.6663038226, 3.0602323144, 7.8781428581, 3.2871903199, 9.1873901969, 4.1915408905, 4.4078803834, 2.4621052475, 4.3087649156, 1.1701804151, 3.8164356667, 3.0432396076, 0.47618892357, 4.4449100193, 0.68414412126, 6.1056518363, 0.17077720817]
    ],
    [
      [0.16932205676, 2.4810906617, 2.2585007126, 0.48400376779, 0.25742808001, 1.7784138356, 2.4883666929, 2.2995801472, 6.3315253509, 2.0082838168, 3.2377634517, 4.5014646265, 2.2105903474, 1.1637531798, 0.94484589845, 5.708750533, 1.4431939612, 3.039463655, 1.8751983184, 4.5235815441, 1.9627844232, 6.6192239672, 3.8755064619, 3.3760490807, 3.0455687983, 3.9143385572, 0.34808832288, 3.9721874464, 3.141913862, 1.9003540625, 3.5924916149, 1.2239163782, 4.954918754, 0.54231957976],
      [0.49620106299, 5.8086623919, 5.7348192857, 0.48345879175, 1.162204079, 3.3554224818, 5.6453896584, 4.1489263597, 10.7867510075, 3.2883351441, 7.5889632602, 7.7720872459, 4.7420219788, 3.569005269, 2.1604310267, 13.2775080561, 3.2585109896, 5.875448551, 6.2480372255, 16.5487836185, 6.0833759846, 15.4563528053, 10.5743352918, 10.6693207204, 7.2129907264, 7.1903036989, 0.73089740294, 7.8032048433, 6.8517179213, 4.9889735612, 9.5308467738, 3.0189896977, 8.9809499231, 0.92247482052],
      [1.0557251268, 13.0120665664, 15.6698698583, 1.5146669972, 2.7222480931, 10.5890271999, 13.7226509289, 11.126078643, 28.695218172, 9.3419132548, 19.7699892221, 23.6011905551, 9.6635032608, 8.8301318598, 6.1792755468, 24.7039897621, 10.6148214522, 21.6743134948, 17.0388610982, 45.2478105799, 16.6239223892, 39.1433690473, 27.5659884308, 26.1073926121, 16.1309206159, 21.9806501863, 2.0602806717, 25.8323819336, 17.1228223958, 13.5815447929, 23.216728879, 8.1856258698, 24.8433288026, 3.8747031947],
      [4.2787517535, 24.69818038, 23.3368101434, 5.5178704433, 6.8581197479, 19.2771364826, 20.1435927199, 18.4254148501, 56.1865054697, 18.3614677844, 31.403284066, 34.1252575726, 23.383884413, 14.4371096913, 9.7154475281, 53.3097516488, 13.6834735969, 30.4107742992, 20.837903358, 67.6798242574, 24.3299172031, 64.7810541802, 39.9841698155, 39.8472375867, 33.6105198594, 34.9147075576, 3.8607336025, 40.3922257766, 23.8835458209, 25.5291275834, 36.6599327323, 10.5714680543, 54.2208025202, 4.660502405]
    ]
  ],
  "prob": [
    [0.12419748156, 0.0098710241991, 0.85269663801, 0.013234856232],
    [0.98751132291, 0.0034608402824, 0.0015452204308, 0.007482616374],
    [0.051460114674, 0.71144835237, 0.20844935978, 0.028642173173],
    [0.0114413599, 0.039483981153, 0.88515865853, 0.063916000414],
    [0.0020785233868, 0.095655135364, 0.78002376604, 0.1222425752],
    [0.0028438427838, 0.014353445494, 0.93825410148, 0.044548610245],
    [0.0096726479571, 0.042133226977, 0.90104359518, 0.047150529881],
    [0.050987086734, 0.11788971171, 0.31203727002, 0.51908593154]
  ],
  "iterations": 185,
  "logLik": -424.9994793808,
  "time": 0.000526,
  "message": "Converged",
  "status": 0,
  "miniter": 0,
  "maxiter": 1000,
  "maxtime": 3600,
  "param_threshold": 0.001,
  "ll_threshold": "-Inf",
  "initial_prob": "random",
  "adjust_prob_cond_method": "project_lp",
  "adjust_prob_cond_every": false,
  "candidates_id": ["WARD, Michael.c", "KENNEDY, John.c", "SMITH, Nick.c", "Other candidates votes.c"],
  "group_id": ["ACT.p", "Green Party.p", "Labour Party.p", "National Party.p", "NZ First.p", "Outdoor Rec. NZ.p", "United Future.p", "Other parties votes.p"]
}
