{
  "Z_true": {},
  "V_true": [
    [31, 51, 66, 2241, 263, 446],
    [21, 965, 49, 206, 906, 80],
    [165, 334, 237, 619, 9572, 335],
    [100, 101, 153, 6656, 270, 242],
    [38, 50, 1471, 1013, 563, 94],
    [700, 28, 49, 1120, 640, 88],
    [46, 136, 74, 358, 613, 411]
  ],
  "p_true": [
    [0.01, 0.0165, 0.0213, 0.7234, 0.0849, 0.144],
    [0.0094, 0.4333, 0.022, 0.0925, 0.4068, 0.0359],
    [0.0147, 0.0297, 0.021, 0.055, 0.8499, 0.0297],
    [0.0133, 0.0134, 0.0203, 0.8849, 0.0359, 0.0322],
    [0.0118, 0.0155, 0.4556, 0.3137, 0.1744, 0.0291],
    [0.2667, 0.0107, 0.0187, 0.4267, 0.2438, 0.0335],
    [0.0281, 0.083, 0.0452, 0.2186, 0.3742, 0.2509]
  ],
  "Z_est": [
    [
      [1.8019, 3.8979, 2.8083, 0.5832, 1.195, 1.265, 1.896, 2.0847, 2.0471, 0, 0.8555, 0.933, 0.8571, 0.075, 1.2501, 2.7814, 0.6276, 2.146, 1.5882, 1.0784, 1.6406, 1.4101, 0, 0.2926, 3.5142, 2.2164, 0.4478, 0.4573, 0.3461, 1.5349, 0, 0.7883, 0.2242, 1.4913, 1.4582, 3.2974, 0.4575, 0.1115, 0.0605, 0.3542, 0.097, 2.4159, 0.135, 8.0329, 0.1792],
      [0.4189, 3.2621, 1.2196, 1.6822, 0.9086, 1.1922, 0.8843, 1.4563, 1.102, 0, 0.394, 1.1416, 0.6687, 0.2155, 1.7471, 1.7726, 0.3786, 2.4381, 1.3926, 1.1028, 3.6523, 1.4711, 0.1644, 0.6253, 1.9969, 4.1692, 0.8261, 0.0962, 0.2083, 2.3214, 0.0456, 0.2336, 0.027, 1.0874, 2.9838, 0.9598, 0.2408, 0.2728, 0, 0.1941, 0.0875, 1.367, 0.3216, 12.3934, 0.1244],
      [0.2715, 0.8688, 0.4926, 0.1848, 0.194, 0.1891, 0.3653, 0.3143, 0.2337, 0.1548, 0.1017, 0.1654, 0.1968, 0.0201, 0.1995, 0.3797, 0.1241, 0.1761, 0.1521, 0.1375, 0.2705, 0.2987, 0, 0.0522, 0.5311, 0.4661, 0.1196, 0.0677, 0.0818, 0.3091, 0.0071, 0.1878, 0.145, 0.447, 0.468, 0.4738, 0.0843, 0.0638, 0, 0.0303, 0.0216, 0.4767, 0.0548, 0.7933, 0.0254],
      [103.3776, 208.1404, 111.1344, 38.0221, 40.3783, 39.5893, 55.7983, 82.9262, 48.5977, 30.3333, 20.3935, 29.9928, 35.3366, 3.5062, 72.6049, 142.5509, 29.8698, 50.4226, 39.9389, 19.476, 50.8169, 56.4038, 2.1853, 9.3426, 137.1086, 95.2098, 39.885, 14.8063, 28.674, 73.3838, 2.4831, 44.0345, 35.1299, 121.0448, 66.7964, 107.6699, 28.9379, 11.5743, 3.9864, 11.5095, 3.7461, 126.573, 10.96, 202.6448, 12.6706],
      [3.1587, 7.2383, 5.5518, 1.7311, 2.0819, 2.4515, 2.9091, 3.6568, 2.1452, 0.576, 1.6545, 2.54, 1.8802, 0.3531, 3.7498, 4.4738, 0.3302, 2.1925, 2.4308, 2.4373, 4.0949, 2.9832, 0.1999, 0.4741, 5.7167, 6.0724, 1.4176, 0.185, 0.4977, 2.63, 0.0812, 1.0709, 0.1741, 3.6579, 4.7447, 2.4063, 0.5718, 0.6127, 0.1493, 0.4442, 0.1357, 5.0907, 0.3335, 12.2092, 0.6335],
      [7.9714, 26.5926, 13.7933, 5.7966, 5.2422, 6.3129, 9.147, 8.5617, 6.8743, 2.9359, 6.6008, 4.2272, 4.0606, 0.83, 9.4486, 16.0416, 2.6697, 8.6248, 7.4974, 5.7681, 13.5249, 8.4331, 0.4504, 1.2131, 15.1324, 17.8661, 5.304, 1.3875, 1.1921, 6.8207, 0.383, 5.6849, 2.2998, 10.2716, 12.5491, 14.1927, 2.7077, 1.3648, 0.8039, 2.4677, 0.9121, 16.0767, 1.195, 54.9263, 1.3669]
    ],
    [
      [0.1722, 0.206, 0.2131, 0.0222, 0.1949, 0.2492, 0.2536, 0.2102, 0.1434, 0.0074, 0.1371, 0.0578, 0.0691, 0.0103, 0.061, 0.1266, 0.0254, 0.1268, 0.1629, 0.1721, 0.1799, 0.3503, 0, 0.0087, 0.3793, 0.1971, 0.0289, 0.0485, 0.0454, 0.0723, 0, 0.1083, 0.0321, 0.0425, 0.095, 0.2842, 0.0594, 0.001, 0.0103, 0.0114, 0.0219, 0.2974, 0.0093, 0.6401, 0.0691],
      [21.5491, 42.6655, 23.987, 22.7251, 36.3459, 54.7698, 29.7668, 35.5574, 21.491, 1, 15.2278, 16.0859, 13.3531, 10.8211, 23.226, 20.3506, 4.1911, 50.9405, 40.9521, 31.177, 76.9589, 84.9001, 3.3234, 5.0899, 53.1973, 94.3954, 29.6161, 3.5511, 7.56, 26.5923, 2.7006, 13.0931, 5.9143, 8.1053, 54.3673, 23.2119, 8.5214, 1.3373, 0.9249, 2.4286, 5.3612, 43.4659, 17.4592, 263.7008, 18.8154],
      [0.0127, 0.0119, 0.0142, 0.0093, 0.0169, 0.0238, 0, 0.0146, 0.0075, 0.3223, 0.0107, 0.0086, 0.0048, 0.0023, 0, 0.0055, 0.0019, 0.0062, 0, 0.0461, 0.0227, 0.029, 0, 0.0006, 0.0238, 0.0281, 0.0118, 0.004, 0.0071, 0.0079, 0.0015, 0.0177, 0.0078, 0.0041, 0.0253, 0.0187, 0, 0.0005, 0, 0.0005, 0.0005, 0.0239, 0, 0, 0],
      [0.0754, 0.0517, 0.0408, 0.0104, 0.0228, 0.0082, 0.03, 0.0468, 0.0219, 0.1537, 0.0259, 0.0064, 0.0123, 0, 0.021, 0.0286, 0.008, 0.0552, 0.0226, 0.0001, 0.1325, 0.0276, 0.0248, 0, 0.0796, 0.0722, 0.0235, 0.0134, 0.0398, 0.0257, 0, 0.0311, 0.0337, 0.0177, 0.0258, 0.081, 0.0299, 0, 0.0906, 0, 0.0048, 0.0754, 0.0186, 0.9982, 0.0633],
      [25.0871, 27.759, 30.3005, 6.5286, 24.4398, 33.1927, 28.0558, 26.1985, 12.0791, 2.1853, 18.264, 10.3009, 10.8064, 4.8044, 14.5113, 14.7704, 1.5123, 13.1781, 20.7793, 20.1297, 25.1088, 51.0234, 0.5838, 0.8332, 44.5112, 40.463, 14.5471, 2.0327, 4.9648, 8.5916, 1.1393, 11.8246, 3.2371, 7.1599, 25.3202, 16.4937, 5.5899, 0.6206, 1.7003, 1.3487, 2.1527, 45.4762, 4.9417, 76.2575, 28.0953],
      [2.1035, 3.3059, 2.4444, 0.7043, 1.9798, 2.7564, 2.8938, 1.9725, 1.2571, 0.3314, 2.3345, 0.5403, 0.7543, 0.362, 1.1806, 1.7182, 0.2612, 1.693, 2.083, 1.4751, 2.5972, 4.6696, 0.0679, 0.0676, 3.8088, 3.8442, 1.7726, 0.3503, 0.383, 0.7103, 0.1586, 1.9252, 0.775, 0.6704, 2.1664, 2.9105, 0.7994, 0.0405, 0.2739, 0.2109, 0.4589, 4.6612, 0.5711, 10.4034, 1.9569]
    ],
    [
      [3.106, 6.3911, 4.9653, 0.5767, 3.1354, 3.0005, 5.2034, 3.2356, 3.1444, 0, 2.6688, 1.7915, 2.5397, 0.377, 1.2467, 5.4714, 0.8914, 3.8915, 2.4826, 1.4996, 2.6346, 3.5469, 0, 0.3202, 5.5879, 3.0321, 0.3972, 0.9049, 0.9784, 1.8271, 0, 1.0042, 0.5767, 1.6437, 1.9274, 3.3366, 0.987, 0.0412, 0.1296, 0.3204, 1.6553, 4.3079, 0.7352, 9.8757, 0.5887],
      [0, 3.9572, 0.1495, 1.408, 1.8594, 2.086, 1.1815, 1.6979, 1.8462, 0, 0.2552, 1.4782, 1.4222, 1.3817, 1.6192, 2.3668, 0.4156, 4.1742, 1.9041, 0.8918, 2.9746, 2.7239, 0, 0.4316, 2.152, 4.0949, 1.377, 0.0486, 0.2217, 2.0081, 0.0553, 0, 0, 0.549, 3.3622, 0.3311, 0.2278, 0.2286, 0, 0.1284, 1.1157, 0.6535, 1.5872, 11.3517, 0.2422],
      [9.3055, 29.2202, 15.1622, 4.1766, 9.8614, 8.3618, 20.2506, 9.068, 9.419, 1.7329, 5.3504, 4.8321, 10.5454, 3.3297, 4.9512, 14.3883, 2.9651, 8.2641, 5.4648, 2.8588, 7.2014, 14.1994, 0, 0.9968, 16.1539, 12.8636, 4.8702, 1.837, 1.9001, 6.5594, 0.367, 3.3138, 5.5761, 9.9445, 14.495, 7.7933, 4.8952, 0.6297, 0, 0.4449, 6.0523, 15.1661, 6.6836, 20.3017, 1.3836],
      [11.3458, 18.6052, 9.692, 2.4642, 5.3605, 4.3734, 8.0165, 6.8556, 5.6133, 1.8399, 3.4499, 2.2712, 5.0676, 0.9824, 4.575, 14.6007, 2.3407, 7.2199, 3.8175, 0.9789, 4.7708, 6.9008, 0, 0.4373, 11.8566, 7.5801, 4.4621, 1.4562, 2.9275, 4.7104, 0.1786, 2.5866, 5.0444, 8.9071, 5.7185, 6.0065, 3.1231, 0.2152, 0.3945, 0.2866, 3.1678, 11.2627, 3.7305, 19.9421, 1.9378],
      [308.7827, 641.5338, 472.0467, 115.673, 290.3705, 297.0948, 429.9942, 294.8072, 238.5828, 35.9507, 233.5091, 202.6734, 274.5871, 156.5192, 232.0955, 462.1915, 37.5012, 281.077, 234.6835, 137.4807, 299.9306, 387.6514, 11.4211, 25.893, 483.1518, 461.8178, 163.7654, 23.8911, 48.0376, 162.2483, 18.0081, 67.1983, 40.4689, 241.4552, 403.1085, 133.9829, 60.8674, 23.1919, 20.8186, 21.2871, 107.8126, 449.7392, 110.4503, 817.5708, 97.6423],
      [10.4601, 34.2925, 16.9842, 5.7015, 10.4128, 11.0836, 20.3538, 9.3357, 11.3943, 2.4764, 11.7665, 3.9537, 7.8379, 5.4101, 8.5124, 23.9813, 2.886, 16.3732, 10.6475, 4.2901, 13.4879, 15.9775, 0.5789, 0.9211, 18.0978, 19.6116, 9.1281, 1.8622, 0.9347, 5.6465, 1.391, 4.897, 4.3339, 9.5005, 15.3884, 10.5495, 3.8995, 0.6934, 1.6573, 1.5325, 9.1962, 20.8706, 5.8132, 47.9581, 3.2055]
    ],
    [
      [0.2552, 1.9308, 1.1396, 0.1417, 0.7339, 0.6341, 0.8245, 0.9127, 0.4044, 0, 0.4455, 0.602, 0.5666, 0.0614, 0.4368, 1.8155, 0, 0.6643, 0.7143, 0.6379, 0.6992, 0.7218, 0, 0.3518, 1.4104, 0.8606, 0.0337, 0, 0.0723, 0.8249, 0, 0.2092, 0, 0, 0.5944, 0.5404, 0.3727, 0.0102, 0, 0.1356, 0.4129, 0.9739, 0.1071, 3.5917, 0.1387],
      [0, 0.4799, 0, 0.1477, 0.2232, 0.2242, 0.0741, 0.2393, 0.1071, 0, 0.0379, 0.2803, 0.1616, 0.0712, 0.3759, 0.091, 0, 0.3298, 0.268, 0.2187, 0.4052, 0.2775, 0, 0.0048, 0.1943, 0.5323, 0.0966, 0, 0, 0.3582, 0, 0, 0, 0, 0.4748, 0, 0, 0.0254, 0, 0.0273, 0.1612, 0, 0.1455, 1.8875, 0.0246],
      [0.9825, 3.5723, 1.9088, 0.599, 1.0167, 0.7856, 1.3237, 1.1089, 0.4682, 0, 0.4315, 0.796, 1.0163, 0.1502, 0.7271, 1.8736, 0.7095, 0.6208, 0.6498, 0.6194, 0.8983, 1.2579, 0, 0.3198, 1.791, 1.5949, 0.3054, 0.2462, 0.6611, 1.2073, 0.0215, 0.6475, 0, 1.3777, 1.8746, 1.5357, 0.1534, 0.0548, 0, 0.0662, 0.5023, 2.1911, 0.3421, 3.0912, 0.1091],
      [255.573, 625.0761, 300.7562, 86.1958, 146.8641, 115.542, 148.5283, 204.5309, 69.5587, 70.1449, 60.762, 97.8226, 129.7433, 18.5713, 203.5693, 496.68, 120.7533, 126.0516, 123.6968, 60.8346, 119.873, 168.0212, 5.4047, 39.7993, 324.7005, 230.1204, 72.3293, 45.2777, 111.7687, 196.4139, 6.5606, 100.9851, 123.8991, 275.0489, 187.3051, 240.0227, 88.2475, 8.4194, 20.1296, 18.209, 73.2593, 402.4197, 66.1727, 567.3608, 53.7777],
      [3.2551, 8.2343, 5.7695, 1.4538, 2.8422, 2.6755, 3.08, 3.443, 1.1698, 0.4222, 1.9069, 3.1066, 2.6937, 0.7023, 4.012, 5.9662, 0, 2.108, 2.9037, 2.7946, 3.6316, 3.3309, 0.1859, 0.808, 5.1227, 5.5162, 0.9956, 0, 0.4979, 2.6663, 0.0531, 0.7939, 0, 3.3779, 5.0409, 1.4595, 0.4577, 0.163, 0.351, 0.2325, 1.2075, 6.1936, 0.792, 13.4457, 0.9609],
      [5.9342, 26.7066, 12.4259, 4.462, 6.3199, 6.1386, 8.1695, 6.7652, 3.2918, 2.4329, 6.4163, 4.3924, 4.8185, 1.4436, 8.8788, 18.5737, 3.5372, 7.2256, 7.7674, 5.8948, 10.4927, 8.3908, 0.4093, 1.7162, 11.7811, 14.3755, 3.2394, 1.4761, 0, 5.5295, 0.3648, 4.3643, 2.1009, 7.1955, 11.7102, 10.4417, 2.7688, 0.3272, 1.5194, 1.3294, 5.4568, 17.2217, 2.4406, 48.623, 1.989]
    ],
    [
      [0.6362, 1.4188, 1.3822, 0.1542, 0.5295, 0.6289, 1.0116, 0.8389, 0.9677, 0, 0.9186, 0.5053, 0.668, 0.0871, 0.457, 1.3402, 0.4026, 0.8742, 0.5636, 0.3904, 0.5433, 0.6095, 0, 0.2603, 1.4337, 0.6773, 0.1278, 0.1926, 0.1127, 0.7382, 0, 0.2869, 0.1044, 0.3905, 0.5797, 0.927, 0.2168, 0.0335, 0.4301, 0.0699, 0.2598, 1.054, 0.1319, 2.4871, 0.0855],
      [0, 0, 0, 0, 0.005, 0.0058, 0, 0.0067, 0.0136, 0, 0, 0.0187, 0.0071, 0.0023, 0.0129, 0, 0.0221, 0, 0.0032, 0.0035, 0, 0.0049, 0.0351, 0, 0, 0, 0.0021, 0, 0, 0.0004, 0.003, 0, 0, 0, 0, 0, 0, 0.0315, 0, 0.0011, 0.0112, 0, 0.0095, 0, 0],
      [38.7883, 110.467, 84.6192, 16.6658, 28.2042, 30.6794, 73.7094, 40.3502, 38.9876, 17.3446, 35.6846, 26.5863, 49.9657, 8.2852, 28.6147, 61.2704, 20.3213, 24.607, 19.1541, 14.8078, 30.0819, 42.7095, 0, 16.3596, 70.6536, 47.1195, 11.1667, 7.6254, 6.0935, 44.9599, 1.4452, 22.2674, 15.13, 38.5967, 63.0609, 41.0464, 22.1915, 6.054, 1.8691, 2.1685, 18.9042, 72.4126, 21.5145, 85.8742, 4.9502],
      [50.4241, 79.8886, 61.9365, 11.521, 18.6443, 20.372, 32.3829, 34.634, 25.8303, 21.0211, 23.2666, 16.0984, 27.8582, 4.3012, 28.3037, 72.625, 17.5177, 22.1522, 14.9943, 7.0708, 18.1249, 25.2805, 1.9674, 8.8434, 59.1254, 30.9408, 12.1815, 6.6658, 9.7131, 35.8746, 1.6604, 20.4538, 17.605, 37.4478, 29.2237, 33.9063, 13.8218, 4.0772, 5.6685, 2.3806, 9.7276, 62.4351, 11.7554, 66.0356, 6.1885],
      [15.9868, 29.3242, 32.6272, 5.6288, 10.2183, 13.4288, 17.7839, 16.1467, 12.0599, 4.4014, 19.9572, 14.5347, 15.717, 4.7231, 15.4765, 24.048, 2.8369, 10.1662, 9.652, 9.5264, 15.489, 14.2013, 1.7807, 4.862, 26.0496, 20.9072, 4.5782, 1.1459, 1.8692, 13.611, 0.7138, 5.459, 1.5253, 11.7691, 21.9649, 8.5487, 3.0167, 2.5068, 2.3257, 1.0808, 3.7976, 26.4928, 3.8291, 41.4905, 3.3796],
      [2.1646, 5.9014, 4.4349, 1.0302, 1.3987, 1.8852, 3.1121, 2.0234, 2.141, 1.2329, 4.173, 1.2566, 1.784, 0.6012, 2.1353, 4.7164, 0.8994, 2.2004, 1.6328, 1.2012, 2.7608, 2.1943, 0.2168, 0.6746, 3.7377, 3.3551, 0.9437, 0.3704, 0.2115, 1.8159, 0.1775, 1.5328, 0.6353, 1.7958, 3.1707, 2.5716, 0.7532, 0.297, 0.7066, 0.2991, 1.2996, 4.6055, 0.7596, 10.1127, 0.3961]
    ],
    [
      [15.4764, 43.1298, 33.9454, 5.6472, 27.3061, 17.7996, 31.3589, 23.1458, 16.1325, 0.8441, 19.1823, 16.6794, 11.5658, 3.0808, 14.2303, 34.2983, 22.5063, 27.3675, 38.4625, 11.6773, 17.8506, 16.9838, 0, 5.2863, 36.8994, 21.445, 8.2388, 5.5564, 7.5024, 13.1197, 0, 7.7705, 2.0291, 33.5938, 28.4352, 26.6178, 4.8157, 0.7779, 0.2403, 2.8944, 1.6557, 36.1966, 3.5103, 84.332, 1.2129],
      [0.0715, 0.4823, 0.1605, 0.2051, 0.2831, 0.2261, 0.1778, 0.2201, 0.1134, 0, 0.1001, 0.2879, 0.1218, 0.116, 0.2664, 0.2859, 0.5158, 0.3957, 0.4476, 0.16, 0.52, 0.2391, 0.241, 0.135, 0.2747, 0.5352, 0.1877, 0.0099, 0.0561, 0.2693, 0, 0.0314, 0.0133, 0.2134, 0.7639, 0.0825, 0.0325, 0.024, 0.0009, 0.0217, 0.019, 0.2293, 0.1114, 1.7264, 0.0111],
      [0.6736, 2.6528, 1.5499, 0.4164, 1.1591, 0.6924, 1.6903, 0.9, 0.4579, 0.5466, 0.5897, 0.755, 0.7039, 0.2128, 0.6633, 1.2496, 1.2465, 0.5723, 0.9835, 0.3662, 0.7689, 0.9501, 0, 0.2387, 1.4468, 1.168, 0.5061, 0.1525, 0.3645, 0.6641, 0, 0.4458, 0.2175, 2.2566, 2.3429, 0.8519, 0.3896, 0.0786, 0.004, 0.0608, 0.0928, 1.8514, 0.3983, 2.2959, 0.0524],
      [40.0384, 89.0151, 52.0174, 13.4597, 35.3592, 21.2862, 35.3672, 35.5442, 14.0508, 7.9117, 17.4766, 20.6894, 18.2569, 5.3013, 31.1066, 68.2985, 42.3153, 23.9035, 36.7038, 7.9687, 21.4034, 26.0997, 1.39, 6.211, 55.5966, 35.3565, 25.6907, 6.1587, 24.9, 24.3754, 0, 18.6439, 11.5458, 98.16, 49.7171, 32.0204, 12.091, 2.6598, 0.5296, 3.4435, 2.2771, 73.1884, 10.6487, 82.0832, 3.1605],
      [10.501, 27.0625, 22.6857, 5.4259, 16.0185, 11.6024, 16.014, 13.7135, 5.4258, 1.3829, 12.4015, 15.443, 8.5015, 4.7695, 14.0724, 18.7248, 3.8877, 9.0759, 19.557, 8.8711, 15.1444, 12.126, 1.2359, 2.7971, 20.286, 19.7794, 7.9645, 0.8809, 3.9194, 7.6613, 0, 4.1219, 0.884, 25.5426, 30.9208, 6.704, 2.2062, 1.3299, 0.1808, 1.2701, 0.729, 25.7131, 2.8522, 42.745, 1.4216],
      [1.2392, 4.6575, 2.6411, 0.8456, 1.874, 1.3932, 2.3919, 1.4763, 0.8196, 0.3147, 2.2497, 1.1452, 0.8502, 0.5194, 1.6611, 3.143, 1.5284, 1.6851, 2.8456, 0.9566, 2.3127, 1.6014, 0.1331, 0.3319, 2.4965, 2.7159, 1.4122, 0.2416, 0.2575, 0.9102, 0, 0.9865, 0.3103, 3.2337, 3.8202, 1.7235, 0.465, 0.1298, 0.0444, 0.3095, 0.2264, 3.8212, 0.4792, 8.8176, 0.1416]
    ],
    [
      [2.5522, 4.0256, 3.5461, 0.8747, 2.9052, 2.4228, 5.452, 3.5721, 4.1606, 0.1485, 2.7922, 1.431, 2.7338, 0.3085, 1.3181, 4.1667, 2.5466, 3.9297, 3.0259, 1.5443, 2.4518, 3.3775, 0, 0.4801, 4.7751, 3.5715, 0.7257, 0.8402, 0.9427, 1.883, 0, 0.8326, 1.0334, 1.8383, 2.9101, 2.9966, 1.0908, 0.0246, 0.1293, 0.2141, 0.8974, 4.7542, 0.3711, 11.0406, 0.7259],
      [1.9605, 5.1531, 2.4834, 3.8319, 3.3748, 3.4958, 3.9156, 3.8223, 3.3268, 0, 1.9851, 2.7073, 3.2655, 1.3922, 2.7525, 4.1331, 2.4768, 6.7217, 4.0324, 2.4464, 8.489, 5.3835, 0.236, 1.7134, 4.1847, 10.273, 1.8944, 0.2942, 0.9539, 4.4503, 0.1955, 0.6419, 1.0455, 2.045, 9.0481, 1.4147, 0.9775, 0.0804, 0.0742, 0.1988, 1.2442, 4.2844, 1.3656, 25.9402, 0.7823],
      [4.966, 11.207, 7.2531, 2.948, 5.5478, 4.2679, 13.6608, 6.2439, 5.4261, 0.8987, 3.8314, 2.8566, 7.5671, 0.9996, 2.8443, 6.8329, 5.6316, 3.7535, 3.5957, 2.1641, 4.7562, 8.5554, 0, 1.0322, 8.3998, 8.7598, 2.0202, 1.0672, 1.8919, 4.2923, 0.1576, 2.12, 4.9236, 5.3733, 10.7334, 4.2802, 4.2859, 0.1185, 0.1269, 0.2289, 2.4262, 10.8781, 2.0066, 13.6437, 1.4793],
      [4.1657, 5.2229, 3.4226, 1.3268, 2.3708, 1.829, 3.8767, 3.4623, 2.3273, 0.5954, 1.6255, 1.1192, 2.7252, 0.3375, 1.8194, 5.2162, 3.1952, 2.195, 1.8262, 0.6709, 1.8785, 3.2664, 0.0278, 0.3663, 4.5327, 3.7201, 1.428, 0.622, 1.9769, 2.2161, 0.1173, 1.2648, 3.742, 3.3738, 3.2134, 2.2932, 1.7489, 0.054, 0.2008, 0.1708, 0.8173, 6.0458, 0.7143, 6.9353, 1.2017],
      [21.2286, 30.8478, 29.0186, 10.5588, 21.0288, 19.5543, 34.1629, 26.0342, 17.5374, 2.0814, 22.3067, 16.4014, 24.8141, 6.1284, 16.0825, 27.8253, 8.9317, 16.2022, 18.9936, 14.7602, 25.6007, 29.6839, 0.5926, 3.3325, 32.162, 40.444, 8.7316, 1.8645, 6.2133, 13.5915, 1.0046, 5.5314, 5.7107, 17.0373, 38.9, 9.4049, 6.2902, 0.5751, 1.4743, 1.3366, 5.1649, 41.2944, 3.8012, 68.2813, 10.8667],
      [7.1271, 14.5435, 9.2762, 4.4598, 6.7727, 6.4301, 13.9319, 7.8652, 7.2219, 1.276, 11.4592, 3.4845, 6.8944, 1.8338, 5.1833, 12.8258, 6.2181, 8.1979, 7.5262, 4.4141, 10.8238, 10.7333, 0.1435, 1.0756, 10.9457, 15.2316, 4.2, 1.312, 2.0212, 4.5669, 0.525, 3.6093, 5.5448, 6.3324, 13.195, 6.6104, 3.6065, 0.1473, 0.9945, 0.8508, 4.4499, 16.743, 1.7413, 40.1588, 2.9441]
    ]
  ],
  "V_est": [
    [60.7343, 59.2477, 10.3978, 2499.9671, 110.13, 357.5231],
    [5.6138, 1370.7745, 0.755, 2.5511, 768.9004, 78.4053],
    [101.9779, 65.9596, 343.137, 237.0741, 10058.565, 455.2864],
    [24.9825, 7.9448, 39.6092, 7006.7806, 115.824, 326.8588],
    [25.5276, 0.1997, 1463.3678, 1121.9476, 526.6386, 91.3187],
    [780.8006, 10.3858, 35.68, 1243.4215, 483.553, 71.1591],
    [101.3632, 150.488, 206.0533, 101.258, 763.389, 315.4485]
  ],
  "p_est": [
    [0.0196, 0.0191, 0.0034, 0.807, 0.0355, 0.1154],
    [0.0025, 0.6155, 0.0003, 0.0011, 0.3453, 0.0352],
    [0.0091, 0.0059, 0.0305, 0.0211, 0.8931, 0.0404],
    [0.0033, 0.0011, 0.0053, 0.9315, 0.0154, 0.0435],
    [0.0079, 0.0001, 0.4532, 0.3475, 0.1631, 0.0283],
    [0.2974, 0.004, 0.0136, 0.4737, 0.1842, 0.0271],
    [0.0619, 0.0919, 0.1258, 0.0618, 0.466, 0.1926]
  ],
  "EI_Z": {},
  "EI_V": 7.9644,
  "MAE_Z": {},
  "MAE_V": 119.8483,
  "MAE_p": 0.0346,
  "runtime": 0.165
}
