{
  "Z_true": {},
  "V_true": [
    [371, 146, 602, 89, 58],
    [670, 1355, 8508, 623, 527],
    [157, 2933, 266, 15119, 821],
    [31, 324, 215, 546, 636],
    [58, 1051, 336, 836, 650]
  ],
  "p_true": [
    [0.293, 0.1153, 0.4755, 0.0703, 0.0458],
    [0.0573, 0.116, 0.7282, 0.0533, 0.0451],
    [0.0081, 0.152, 0.0138, 0.7835, 0.0425],
    [0.0177, 0.1849, 0.1227, 0.3116, 0.363],
    [0.0198, 0.3586, 0.1146, 0.2852, 0.2218]
  ],
  "Z_est": [
    [
      [12.9412, 4.344, 27.5154, 20.6526, 44.3095, 26.4481, 23.9025, 1.5328, 36.5235, 3.0656, 10.2035, 14.8944, 36.5876, 21.3836, 36.3047, 22.0028, 15.7697, 5.1018, 4.408, 32.4251, 0.6297, 27.5527, 1.7266, 34.2502, 11.3349, 3.8423, 9.496, 0.8485, 2.2992, 39.2345, 44.4536, 42.9487, 13.0692, 3.8423, 47.6129, 8.3411, 86.4097, 20.6526],
      [3.7925, 1.425, 7.864, 6.4165, 8.3997, 6.8296, 5.1664, 1.8794, 7.6286, 1.5856, 1.6701, 3.1904, 8.0159, 2.5242, 9.5725, 6.0477, 8.8973, 0.9153, 1.0456, 8.4952, 0.2452, 5.9902, 0.1454, 9.6294, 3.2398, 0.3635, 0.7997, 0.1494, 0.7237, 11.8608, 12.0907, 10.7979, 2.067, 0.8376, 12.2098, 4.4329, 15.7813, 3.0237],
      [0.8641, 0.3387, 3.4531, 1.9116, 0.1227, 1.2507, 0.0664, 0.0746, 2.5137, 4.4914, 0.0282, 0.0442, 2.6606, 0.0583, 2.5588, 7.5691, 0.5268, 0.0141, 0.2622, 1.9708, 0.0096, 1.4224, 0.004, 1.7555, 0.0362, 0.0101, 0.0221, 0.002, 0.9627, 1.572, 19.2454, 2.3263, 0.0362, 0.0101, 0.1387, 0.2902, 3.5795, 2.1093],
      [0.0952, 0.8626, 2.3182, 1.6612, 0.0088, 3.0548, 0.0048, 1.0167, 4.4567, 0.6955, 0.002, 0.6648, 2.546, 0.0042, 0.0081, 1.2929, 2.3886, 0.001, 0.5837, 7.9085, 0.0001, 1.4659, 0.0003, 9.3181, 0.0026, 0.0007, 0.0016, 0.0001, 1.3757, 0.0085, 3.4234, 3.3034, 0.0026, 0.0007, 0.01, 1.2506, 3.8461, 6.0329],
      [2.307, 1.0297, 5.8492, 4.3581, 8.1593, 4.4168, 3.86, 0.4965, 6.8774, 1.1619, 2.0962, 3.2062, 7.1899, 5.0297, 7.5559, 4.0875, 2.4176, 0.9679, 0.7005, 6.2005, 0.1153, 4.5688, 0.1237, 6.0469, 3.3865, 0.7834, 0.6805, 0, 0.6386, 6.3242, 8.7869, 6.6236, 2.825, 0.3093, 9.0286, 1.6851, 14.3834, 3.1815]
    ],
    [
      [3.9527, 0.5583, 6.0725, 4.7406, 12.6657, 6.369, 10.1361, 0.1388, 10.5278, 0.2776, 4.3078, 5.2242, 11.0765, 8.9429, 12.3022, 2.6422, 1.5935, 2, 1.2641, 6.2701, 0.1858, 7.1752, 0.98, 6.0756, 3.049, 1.8088, 8.0143, 1.5727, 0.2082, 12.9984, 4.0259, 13.8133, 5.2422, 1.9362, 14.988, 0.7713, 33.609, 3.8848],
      [21.1434, 9.3445, 37.2389, 33.0115, 48.5958, 32.8807, 39.2085, 2.387, 30.4586, 8.4313, 13.4031, 12.3268, 34.3195, 39.2303, 48.776, 28.0512, 15.023, 8.6774, 4.7567, 37.0666, 2.0727, 25.7808, 1.0396, 44.1934, 51.8883, 10.4023, 11.4025, 0.6701, 2.5167, 81.8992, 48.5578, 56.3997, 22.4687, 4.1584, 69.9534, 5.0222, 61.1186, 3.7129],
      [152.4076, 60.3348, 273.8134, 318.462, 457.7905, 210.0463, 207.6682, 11.9594, 429.3642, 93.4789, 217.9889, 315.8131, 458.6125, 386.8677, 652.9809, 153.1938, 86.4712, 68.4576, 45.6442, 343.8299, 13.6615, 249.8187, 12.5052, 302.6146, 241.4545, 91.9619, 166.5201, 5.5856, 30.6745, 428.663, 471.5958, 407.9672, 204.3129, 93.5285, 592.4066, 40.3815, 631.3318, 112.7632],
      [6.7061, 3.4129, 4.9338, 1.9219, 2.8634, 1.3638, 4.9508, 0.1462, 2.5674, 0.4373, 1.9324, 5.2165, 2.7567, 19.9634, 18.508, 1.0143, 0.5387, 3.6261, 1.1282, 7.6047, 2.0203, 6.739, 0.1602, 21.0922, 1.6258, 1.8026, 9.1923, 2.1716, 0.3316, 10.9307, 2.8392, 6.0954, 14.7519, 2.8609, 3.6982, 0.2669, 24.6963, 4.6144],
      [18.7902, 9.3495, 43.9415, 37.864, 68.0846, 30.3401, 31.0364, 3.3686, 56.0821, 8.3748, 21.3677, 32.4194, 61.2348, 57.9958, 76.4329, 24.0985, 7.3736, 9.2389, 5.2069, 46.2287, 1.0598, 34.4863, 3.315, 36.0242, 36.9823, 12.0243, 21.8708, 0, 4.269, 43.5086, 57.9814, 41.7245, 29.2243, 15.516, 80.9538, 8.558, 101.2443, 16.0248]
    ],
    [
      [3.8764, 0.9809, 6.7027, 5.0679, 20.0597, 8.7342, 7.508, 0.327, 10.4378, 0.6539, 3.1743, 4.4393, 10.7269, 7.079, 9.6454, 4.9045, 3.4331, 1.7488, 1.2976, 7.6836, 0.1635, 10.8363, 0.6684, 8.0106, 2.9427, 1.1444, 5.2334, 1.2575, 0.4904, 11.9701, 9.4819, 12.5451, 4.2836, 1.1497, 17.2934, 1.7983, 26.8729, 6.2216],
      [51.0422, 16.1971, 89.3473, 77.629, 104.0411, 82.3791, 95.3325, 5.9559, 60.7347, 15.7915, 27.4256, 21.5518, 67.5956, 76.71, 105.8861, 64.3592, 39.7872, 21.0054, 17.2979, 90.6481, 4.386, 61.9198, 2.1747, 112.5034, 104.0828, 27.5716, 25.1921, 1.3874, 5.4863, 168.3193, 118.3228, 132.4384, 49.369, 6.1319, 174.0185, 13.1295, 139.4657, 5.419],
      [2.5295, 0.9905, 4.6476, 22.6773, 9.5719, 3.9244, 9.5433, 0.1981, 24.3942, 0.9312, 0.6759, 13.4638, 24.0256, 6.2933, 23.7017, 2.6514, 1.6881, 1.0971, 2.6531, 7.9509, 0.2133, 4.1143, 0.0422, 5.0133, 5.7378, 4.3981, 3.447, 0.0914, 0.7592, 6.9638, 23.5485, 7.8775, 3.3067, 2.6938, 14.407, 10.9524, 23.5858, 5.4917],
      [391.4836, 102.4428, 675.2535, 850.4858, 794.7868, 585.3433, 418.5943, 40.3693, 474.5272, 80.3054, 160.083, 251.5715, 552.0926, 506.6106, 698.5058, 376.9892, 170.0558, 206.1145, 105.7343, 750.0585, 34.2337, 684.0057, 9.0607, 735.3276, 643.4936, 274.8415, 178.4299, 15.2637, 43.5385, 926.5761, 753.4335, 759.977, 375.0644, 149.5851, 1330.5221, 86.1462, 982.6781, 211.5429],
      [0.0682, 0.3888, 8.0488, 0.1399, 11.5405, 0.619, 1.022, 0.1497, 6.9061, 0.318, 0.6413, 0.9736, 8.5592, 4.307, 0.261, 1.0956, 0.0358, 0.0341, 0.0171, 0.6589, 0.0034, 2.1239, 0.0539, 0.145, 1.7432, 0.0444, 0.6977, 0, 0.7255, 0.1706, 0.2133, 0.1621, 1.9764, 8.4395, 3.759, 5.9737, 28.3974, 1.3248]
    ],
    [
      [0.0027, 0.0008, 0.0051, 0.0041, 0.0094, 0.005, 0.0046, 0.0002, 0.0069, 0.0005, 0.0021, 0.0029, 0.0071, 0.0046, 0.0075, 0.0034, 0.0023, 0.001, 0.0008, 0.0056, 0, 0.0052, 0.0004, 0.0059, 0.0027, 0.0009, 0.0026, 0.0268, 0.0004, 0.0074, 0.0056, 0.008, 0.0027, 0.0012, 0.0101, 0.0011, 0.0156, 0.0032],
      [20.4279, 5.2101, 31.0497, 30.663, 48.939, 26.0107, 20.0985, 1.3396, 31.1244, 4.786, 9.6489, 13.4754, 35.3426, 26.8092, 46.9903, 17.5693, 10.0406, 5.2323, 3.0402, 29.4254, 0, 20.999, 0.6224, 34.9107, 29.7848, 6.7524, 9.153, 0.4736, 2.1202, 39.1333, 42.2576, 36.7183, 15.0573, 9.5928, 62.4255, 1.1011, 36.7638, 5.0936],
      [10.1487, 2.7953, 18.4135, 24.8916, 32.3128, 17.8203, 4.8498, 0.6591, 26.6181, 1.9848, 3.5799, 8.6799, 23.7321, 16.3788, 32.1479, 8.3621, 4.5257, 1.8278, 1.4345, 17.1506, 0, 12.4129, 0.0892, 16.8654, 13.3614, 2.4262, 5.5536, 0.2699, 1.41, 16.008, 32.4072, 20.1797, 7.5358, 6.7521, 41.6258, 0.3567, 6.956, 3.595],
      [6.5082, 0.3153, 6.5216, 7.6683, 14.0391, 5.4855, 1.0032, 0.086, 6.4241, 0.8152, 1.722, 2.705, 14.1294, 1.7484, 18.4413, 1.2152, 1.4218, 0.2866, 0.172, 5.7345, 0, 4.2401, 0.0287, 14.0075, 6.0902, 0.3726, 0.6019, 0.2296, 0.1433, 2.0351, 7.7619, 6.7161, 0.9172, 4.5607, 15.8535, 0.1147, 2.2357, 0.4013],
      [5.9125, 2.6786, 15.01, 11.7729, 22.6998, 9.6784, 9.0438, 0.915, 16.8265, 2.4134, 6.0471, 9.1368, 18.7888, 16.0589, 21.4129, 7.85, 3.0095, 2.6522, 1.3525, 13.684, 0, 10.3427, 0.2593, 12.2104, 11.7609, 3.4478, 5.689, 0, 1.3261, 13.8162, 17.5677, 13.3779, 8.487, 13.0932, 25.0851, 2.4264, 32.0289, 4.9069]
    ],
    [
      [0.227, 0.1161, 0.7043, 0.5348, 0.9557, 0.4437, 0.4489, 0.0011, 0.504, 0.0023, 0.3123, 0.4392, 0.6019, 0.5899, 0.7401, 0.4471, 0.2014, 0.1485, 0.0296, 0.6155, 0.021, 0.4306, 0.6247, 0.6576, 0.6707, 0.2037, 0.2537, 0.2944, 0.0017, 0.7896, 0.033, 0.6849, 0.4022, 0.0705, 1.0957, 0.0882, 1.0928, 0.2378],
      [25.5939, 11.8234, 66.5002, 54.2799, 87.0244, 48.8999, 51.194, 2.4381, 48.0537, 10.4056, 25.8523, 32.4556, 56.7263, 56.7263, 75.775, 43.9726, 23.2518, 14.1695, 1.8596, 61.3647, 2.2961, 42.3102, 3.0179, 69.7632, 73.0043, 18.9101, 21.4527, 1.3195, 4.153, 93.7873, 75.7711, 76.6456, 37.0381, 7.2793, 113.3928, 7.3143, 99.8706, 7.7508],
      [0.0501, 0.5408, 4.6723, 3.0574, 4.2022, 1.9582, 1.8723, 0.1089, 0.1098, 0.1136, 2.7271, 11.999, 3.9691, 3.4018, 3.6107, 2.2236, 0.7883, 0.6034, 0.006, 3.0979, 0.1156, 2.2316, 1.3593, 2.7512, 2.4101, 1.2037, 1.4572, 0.0511, 0.1936, 3.7931, 5.2031, 3.6493, 1.8085, 0.0155, 5.4218, 0.0191, 5.5468, 1.0408],
      [3.2069, 2.9665, 23.9728, 15.2628, 32.3019, 7.7526, 6.447, 0.3818, 7.0246, 1.7465, 14.2606, 14.8422, 8.4754, 12.6734, 10.5369, 16.4883, 4.5951, 5.9717, 0.3818, 16.6939, 0.7458, 9.5493, 4.7501, 19.2546, 21.7878, 8.9826, 9.7743, 1.335, 0.6108, 12.4495, 10.542, 11.9082, 15.2639, 0.9926, 25.9163, 1.2217, 15.5437, 21.4086],
      [12.9221, 6.5533, 37.1504, 27.8651, 53.5158, 22.9456, 23.0379, 2.0701, 36.3078, 5.7319, 15.8477, 23.264, 41.2273, 37.6085, 47.3373, 20.8684, 8.1635, 7.1069, 2.7231, 33.2279, 0.8214, 24.4782, 7.248, 30.5734, 31.127, 9.7001, 14.062, 0, 3.0408, 36.1804, 40.4508, 33.112, 21.4873, 4.642, 59.1734, 7.3568, 74.946, 12.562]
    ]
  ],
  "V_est": [
    [798.861, 195.7496, 64.3123, 59.6178, 147.4593],
    [231.4012, 1007.588, 9042.9323, 207.4822, 1193.5963],
    [240.8448, 2282.0354, 286.2529, 16385.1281, 101.7388],
    [0.1766, 770.1831, 446.1184, 162.7526, 372.7693],
    [15.7165, 1553.4438, 87.3841, 398.0193, 876.4363]
  ],
  "p_est": [
    [0.631, 0.1546, 0.0508, 0.0471, 0.1165],
    [0.0198, 0.0862, 0.774, 0.0178, 0.1022],
    [0.0125, 0.1183, 0.0148, 0.8491, 0.0053],
    [0.0001, 0.4396, 0.2546, 0.0929, 0.2128],
    [0.0054, 0.53, 0.0298, 0.1358, 0.299]
  ],
  "EI_Z": {},
  "EI_V": 12.3077,
  "MAE_Z": {},
  "MAE_V": 363.6005,
  "MAE_p": 0.1006,
  "runtime": 0.8648
}
