{
  "X": [
    [25, 108, 137, 21],
    [2, 41, 44, 7],
    [21, 126, 320, 25],
    [32, 179, 540, 38],
    [7, 55, 111, 8],
    [11, 187, 228, 36],
    [41, 358, 406, 65],
    [49, 658, 604, 94],
    [20, 268, 398, 43],
    [19, 247, 373, 29],
    [21, 291, 262, 39],
    [15, 44, 80, 10],
    [74, 381, 370, 60],
    [70, 563, 492, 77],
    [117, 668, 660, 80],
    [39, 123, 124, 15],
    [58, 315, 686, 44],
    [31, 159, 341, 25],
    [23, 144, 386, 31],
    [110, 365, 400, 64],
    [4, 9, 19, 0],
    [0, 9, 16, 5],
    [8, 66, 62, 9],
    [0, 44, 65, 16],
    [1, 10, 7, 2],
    [92, 672, 723, 97],
    [56, 360, 561, 74],
    [76, 488, 810, 98],
    [18, 129, 206, 20],
    [66, 451, 980, 116],
    [64, 390, 602, 84],
    [20, 188, 327, 35],
    [5, 34, 60, 9],
    [13, 48, 39, 8],
    [2, 5, 15, 1],
    [125, 892, 715, 107],
    [49, 256, 223, 31],
    [77, 207, 258, 18],
    [83, 442, 366, 39],
    [125, 376, 416, 53],
    [57, 212, 189, 18],
    [7, 22, 26, 5],
    [16, 315, 348, 40],
    [131, 1127, 1348, 131],
    [26, 163, 258, 15],
    [264, 953, 1522, 174],
    [30, 158, 208, 20]
  ],
  "W": [
    [18, 22, 127, 109, 4, 11],
    [2, 4, 39, 48, 0, 1],
    [15, 21, 298, 122, 11, 25],
    [17, 56, 432, 197, 32, 55],
    [1, 4, 93, 61, 8, 14],
    [20, 17, 184, 198, 23, 20],
    [27, 24, 353, 399, 21, 46],
    [73, 75, 432, 685, 64, 76],
    [20, 25, 310, 296, 40, 38],
    [21, 11, 316, 267, 22, 31],
    [26, 24, 189, 313, 27, 34],
    [5, 16, 64, 47, 9, 8],
    [45, 87, 277, 392, 27, 57],
    [51, 72, 402, 558, 57, 62],
    [58, 142, 490, 689, 63, 83],
    [16, 48, 95, 116, 13, 13],
    [28, 47, 585, 329, 46, 68],
    [16, 31, 293, 164, 22, 30],
    [16, 20, 327, 150, 23, 48],
    [48, 168, 270, 398, 22, 33],
    [1, 3, 18, 10, 0, 0],
    [0, 0, 15, 12, 1, 2],
    [8, 6, 52, 65, 8, 6],
    [3, 8, 50, 61, 1, 2],
    [1, 2, 7, 9, 0, 1],
    [67, 99, 591, 679, 60, 88],
    [40, 61, 436, 407, 37, 70],
    [31, 73, 691, 544, 61, 72],
    [10, 19, 176, 142, 13, 13],
    [36, 49, 836, 521, 60, 111],
    [46, 48, 492, 440, 42, 72],
    [12, 22, 262, 219, 26, 29],
    [3, 5, 51, 41, 2, 6],
    [5, 19, 29, 50, 3, 2],
    [1, 2, 14, 5, 1, 0],
    [114, 180, 514, 907, 51, 73],
    [41, 75, 164, 241, 21, 17],
    [27, 112, 178, 209, 15, 19],
    [43, 139, 247, 437, 17, 47],
    [58, 160, 298, 403, 19, 32],
    [29, 76, 129, 206, 12, 24],
    [3, 5, 20, 23, 1, 8],
    [21, 19, 303, 312, 36, 28],
    [73, 182, 1073, 1155, 130, 124],
    [8, 30, 213, 169, 22, 20],
    [86, 299, 1270, 1023, 57, 178],
    [10, 45, 156, 176, 10, 19]
  ],
  "method": "mult",
  "cond_prob": [
    [
      [0.025787329351, 0.82645547665, 0.1047603544, 0.042996839598],
      [0.68576245948, 0.072480025758, 0.23810795172, 0.0036495630448],
      [0.025729056585, 0.036834845054, 0.89317144654, 0.04426465182],
      [0.020485498732, 0.7738112461, 0.092230645068, 0.1134726101],
      [0.0029922161931, 0.093609191178, 0.84003213042, 0.063366462209],
      [0.10010743389, 0.11148539095, 0.61168956706, 0.17671760809]
    ],
    [
      [0.0095770107449, 0.83429408158, 0.11570704459, 0.040421863079],
      [0.46000910898, 0.11502604104, 0.41952826465, 0.0054365853281],
      [0.0087821453796, 0.033771093963, 0.91919599996, 0.038250760696],
      [0.0076216828034, 0.78264919788, 0.10210523704, 0.10762388228],
      [0.0010125486749, 0.085426948502, 0.85901387698, 0.054546625848],
      [0.03763673214, 0.11142881607, 0.6826178387, 0.16831661309]
    ],
    [
      [0.017956960262, 0.83703417715, 0.11213257705, 0.032876285539],
      [0.58932897955, 0.091173384033, 0.31603253653, 0.0034650998861],
      [0.017189423005, 0.035825998764, 0.91451217356, 0.032472404668],
      [0.01450630301, 0.79698175165, 0.10039177216, 0.088120173177],
      [0.0019998051487, 0.091059068372, 0.86046013446, 0.046480992017],
      [0.071763813023, 0.11639838927, 0.67298770211, 0.1388500956]
    ],
    [
      [0.013559145071, 0.81983490861, 0.13331908543, 0.033286860892],
      [0.48335479021, 0.098659578919, 0.41411628965, 0.0038693412172],
      [0.011119085326, 0.030130815048, 0.93058529114, 0.028164808489],
      [0.010952861744, 0.78057549789, 0.11934286497, 0.089128775394],
      [0.0013021663312, 0.077048133283, 0.88109242053, 0.040557279857],
      [0.048822101257, 0.10308128449, 0.72146766416, 0.12662895009]
    ],
    [
      [0.02168901075, 0.83946973326, 0.11433180476, 0.024509451237],
      [0.64813043435, 0.076765004866, 0.27292269546, 0.0021818653238],
      [0.020400486837, 0.035020628018, 0.92079024594, 0.023788639204],
      [0.017785244439, 0.81136455829, 0.10394074572, 0.066909451548],
      [0.0023889656284, 0.089817577167, 0.87342791972, 0.034365537485],
      [0.087635422772, 0.11637364026, 0.69144961397, 0.104541323]
    ],
    [
      [0.0111984273, 0.8353964303, 0.11121981189, 0.042185330504],
      [0.47450242879, 0.11709458945, 0.40269172729, 0.0057112544633],
      [0.010760718945, 0.035967069216, 0.91144561633, 0.041826595504],
      [0.008893531375, 0.78207717233, 0.097892459749, 0.11113683655],
      [0.0012392759176, 0.090495914591, 0.84899296739, 0.059271842097],
      [0.044454940284, 0.11555271173, 0.66318397125, 0.17680837674]
    ],
    [
      [0.025101952994, 0.82797293885, 0.10793405767, 0.038991050479],
      [0.67211277314, 0.074436842315, 0.25006937361, 0.003381010942],
      [0.024573403494, 0.036391270442, 0.89965087018, 0.039384455883],
      [0.020082174756, 0.78085379712, 0.095694622199, 0.10336940592],
      [0.0028646080124, 0.092636155289, 0.84803992396, 0.056459312736],
      [0.097550246669, 0.11246238439, 0.63010819585, 0.1598791731]
    ],
    [
      [0.012932532085, 0.84250124817, 0.11090631639, 0.033659903355],
      [0.50511094597, 0.11177756863, 0.37880713267, 0.0043043527338],
      [0.012564574809, 0.036785044077, 0.91690812096, 0.033742260151],
      [0.010425509399, 0.80062064376, 0.099076519962, 0.089877326882],
      [0.0014537785142, 0.092907244649, 0.85764736424, 0.047991612592],
      [0.052856528005, 0.12058101251, 0.68136748695, 0.14519497254]
    ],
    [
      [0.013530852649, 0.83504910478, 0.11866157688, 0.032758465691],
      [0.50704989151, 0.10482590376, 0.38415575034, 0.0039684543976],
      [0.012353152871, 0.0342041189, 0.92258396044, 0.030858767791],
      [0.010929857795, 0.79513465889, 0.10622540949, 0.087710073833],
      [0.0014365398118, 0.086864546426, 0.86756461976, 0.044134293999],
      [0.05295368971, 0.11413158211, 0.69760166279, 0.13531306539]
    ],
    [
      [0.018866138852, 0.84035721248, 0.11663593494, 0.024140713727],
      [0.59506736509, 0.087871286941, 0.31462484487, 0.0024365030991],
      [0.017551601274, 0.035065898445, 0.92420900408, 0.023173496207],
      [0.015478971885, 0.8127979256, 0.10605872891, 0.065664373603],
      [0.002054220321, 0.089653454862, 0.87492568551, 0.033366639307],
      [0.075859919832, 0.11786350148, 0.7038963142, 0.10238026449]
    ],
    [
      [0.01526973791, 0.84199312478, 0.11146670008, 0.031270437233],
      [0.54935199873, 0.1012605224, 0.34575894698, 0.0036285318859],
      [0.014745922863, 0.036485403332, 0.91761009189, 0.031158581912],
      [0.012363937834, 0.80367741662, 0.10002279938, 0.083935846158],
      [0.001711666772, 0.09249388681, 0.86130874072, 0.044485705697],
      [0.062274280315, 0.11991287655, 0.68321082582, 0.13460201732]
    ],
    [
      [0.024033410718, 0.8199664114, 0.11319233439, 0.042807843495],
      [0.66157673246, 0.072538150927, 0.26219307819, 0.003692038422],
      [0.022336366636, 0.033709557922, 0.90290312144, 0.041050954],
      [0.019100410082, 0.7677646209, 0.099700721819, 0.1134342472],
      [0.0026067449607, 0.086062625136, 0.85228015814, 0.05905047176],
      [0.089578570347, 0.10509956132, 0.63550994295, 0.16981192539]
    ],
    [
      [0.020224419286, 0.83767081714, 0.10622273227, 0.035882031306],
      [0.6228122324, 0.087531965002, 0.28603967166, 0.0036161309319],
      [0.020235804711, 0.037633236299, 0.90508698498, 0.037043974009],
      [0.016254391231, 0.79358279039, 0.094603856276, 0.095558962107],
      [0.0023492572686, 0.095376008553, 0.84940390911, 0.052870825067],
      [0.081819516303, 0.11857481644, 0.64628294751, 0.15332271974]
    ],
    [
      [0.019252560654, 0.85321252692, 0.095845938686, 0.03168897374],
      [0.62860659312, 0.094533944561, 0.27347460547, 0.003384856852],
      [0.021249961934, 0.042309306647, 0.90035171904, 0.036089012378],
      [0.015573951749, 0.81359019412, 0.085918334927, 0.084917519202],
      [0.0024517917735, 0.10656310057, 0.83979765963, 0.051187448024],
      [0.084944512827, 0.1317805743, 0.635687422, 0.14758749087]
    ],
    [
      [0.01922625067, 0.84693522918, 0.10637174005, 0.027466780094],
      [0.60972316943, 0.091517667596, 0.2958984248, 0.0028607381743],
      [0.019407505514, 0.038420204982, 0.91356490017, 0.028607389334],
      [0.015676626266, 0.81403375203, 0.09611201538, 0.074177606321],
      [0.0022581460264, 0.097573814672, 0.85925492013, 0.040913119173],
      [0.080845160413, 0.12474738515, 0.67247931351, 0.12192814093]
    ],
    [
      [0.020986897138, 0.85178741595, 0.098389309611, 0.028836377303],
      [0.64639520816, 0.08783840503, 0.26288927783, 0.0028771089724],
      [0.022568128007, 0.040931808753, 0.90450500789, 0.031995055347],
      [0.017067150816, 0.81637328162, 0.088665936629, 0.077893630938],
      [0.0026175115267, 0.10369565055, 0.84802745057, 0.045659387347],
      [0.09146663307, 0.12922444935, 0.64608089052, 0.13322802706]
    ],
    [
      [0.022613995116, 0.83571514847, 0.11724856757, 0.024422288843],
      [0.63280291055, 0.079068119415, 0.28589965738, 0.0022293126534],
      [0.020882414196, 0.034638822065, 0.92120921019, 0.023269553546],
      [0.018557767849, 0.80841064215, 0.10662696662, 0.066404623386],
      [0.0024535284939, 0.088854683688, 0.8750782621, 0.033613525714],
      [0.089106105543, 0.1151467834, 0.69415900161, 0.10158810945]
    ],
    [
      [0.020565090899, 0.83499126139, 0.11629360804, 0.028150039671],
      [0.61386954369, 0.083372741586, 0.30004107193, 0.0027166427857],
      [0.019082912079, 0.034692924292, 0.91927200474, 0.026952158893],
      [0.016760565606, 0.80211203655, 0.10503640524, 0.0760909926],
      [0.0022340804486, 0.08871045032, 0.87024338073, 0.038812088501],
      [0.08091366506, 0.11453319989, 0.68751398795, 0.1170391471]
    ],
    [
      [0.018924219877, 0.82589301948, 0.12177801491, 0.033404745735],
      [0.58653851961, 0.085251853882, 0.32487578895, 0.0033338375585],
      [0.016784245819, 0.032789402207, 0.91985636626, 0.030569985712],
      [0.015284443626, 0.78624037803, 0.10900313226, 0.089472046078],
      [0.0019634942145, 0.083791008065, 0.8702533459, 0.043992151825],
      [0.071183455066, 0.10823417557, 0.68788977578, 0.13269259358]
    ],
    [
      [0.018735913897, 0.81815786115, 0.12068863166, 0.042417593297],
      [0.58093303337, 0.086384301152, 0.32836369977, 0.0043189657104],
      [0.016624512324, 0.032597886514, 0.91194343007, 0.038834171091],
      [0.014900228575, 0.76695754119, 0.1063583916, 0.11178383864],
      [0.0019383136348, 0.082961939345, 0.859439835, 0.055659912024],
      [0.068438519787, 0.10460934893, 0.66322790218, 0.1637242291]
    ],
    [
      [0.033317271279, 0.8503695307, 0.11631319803, 0],
      [0.77401317984, 0.046566226152, 0.17942059401, 0],
      [0.030226142091, 0.031857078563, 0.93791677935, 0],
      [0.028674856617, 0.86028967758, 0.11103546581, 0],
      [0.0036218501571, 0.084369503845, 0.912008646, 0],
      [0.14113176546, 0.11402801122, 0.74484022332, 0]
    ],
    [
      [0, 0.80083977365, 0.10766311299, 0.091497113366],
      [0, 0.20467634401, 0.77143652816, 0.023887127825],
      [0, 0.030573306489, 0.88266069682, 0.086765996694],
      [0, 0.68543672553, 0.086920209483, 0.22764306499],
      [0, 0.075739768627, 0.80294501681, 0.12131521457],
      [0, 0.088340423111, 0.56551369426, 0.34614588263]
    ],
    [
      [0.023281716161, 0.84803657853, 0.097128651019, 0.031553054294],
      [0.6898117469, 0.077067289069, 0.230335243, 0.0027857210249],
      [0.025062944197, 0.040554898182, 0.8993319659, 0.035050191724],
      [0.018840263848, 0.8089287734, 0.087133986828, 0.085096975927],
      [0.0029048188288, 0.10292996253, 0.84403824728, 0.050126971362],
      [0.10050457117, 0.12579155603, 0.62960530075, 0.14409857205]
    ],
    [
      [0, 0.77643886257, 0.14395284525, 0.079608292175],
      [0, 0.16807615494, 0.8151615204, 0.016762324656],
      [0, 0.025355759868, 0.91413489962, 0.06050934051],
      [0, 0.68275782454, 0.11905670454, 0.19818547092],
      [0, 0.063806211989, 0.85037822835, 0.085815559658],
      [0, 0.081302501722, 0.66097515885, 0.25772233942]
    ],
    [
      [0.0098755773634, 0.87127075634, 0.073421430261, 0.045432236033],
      [0.625473123, 0.10743704006, 0.26131966912, 0.0057701678198],
      [0.012648965929, 0.045520858639, 0.88177630695, 0.060053868485],
      [0.0077530391331, 0.80409541007, 0.063936610793, 0.12421494],
      [0.0014164963917, 0.11313534059, 0.80093473924, 0.084513423785],
      [0.049062643812, 0.13383713431, 0.56488201131, 0.25221821057]
    ],
    [
      [0.018991511441, 0.845607091, 0.10343274328, 0.031968654277],
      [0.61196922735, 0.092715275048, 0.29193697078, 0.0033785268192],
      [0.019580940522, 0.039181175251, 0.90722882787, 0.034009056355],
      [0.015361694678, 0.80628049682, 0.092711924067, 0.085645884438],
      [0.0022697832298, 0.099137088165, 0.85013552702, 0.048457601582],
      [0.07985522636, 0.12453048792, 0.65373111829, 0.14188316743]
    ],
    [
      [0.019696934609, 0.81662783997, 0.12276418263, 0.0409110428],
      [0.59129513923, 0.083044792093, 0.32164766648, 0.0040124021999],
      [0.017226630861, 0.032071019683, 0.91378421427, 0.036918135181],
      [0.015708470471, 0.76769716432, 0.10849560229, 0.10809876292],
      [0.0020127592973, 0.081805074811, 0.8631517219, 0.053030443995],
      [0.071371165752, 0.10352431433, 0.66860019493, 0.15650432499]
    ],
    [
      [0.020721048593, 0.82630705903, 0.11398677836, 0.038985114025],
      [0.6162893839, 0.083458183519, 0.29645608779, 0.0037963447926],
      [0.019407115919, 0.034767892954, 0.90815070618, 0.037674284949],
      [0.016574049948, 0.77910040355, 0.10103556329, 0.10328998321],
      [0.0022610478606, 0.088422944279, 0.8553601012, 0.053955906659],
      [0.079058335015, 0.11036669755, 0.6535763198, 0.15699864763]
    ],
    [
      [0.019249732597, 0.83288815909, 0.11605138429, 0.031810724016],
      [0.60141890577, 0.085853457654, 0.3095563141, 0.0031713224679],
      [0.017831890645, 0.034507541707, 0.91725508964, 0.030405478004],
      [0.015584459634, 0.79479942051, 0.10412784031, 0.085488279545],
      [0.0020819844219, 0.088035150673, 0.86619261433, 0.043690250575],
      [0.075134579668, 0.11308115267, 0.68054267755, 0.13124159011]
    ],
    [
      [0.021662963695, 0.81183990043, 0.12233534493, 0.044161790939],
      [0.61463980828, 0.078124702866, 0.30313792357, 0.0040975652771],
      [0.018932896809, 0.031874894493, 0.90936831987, 0.039823888824],
      [0.01718604104, 0.75921756293, 0.10755164268, 0.11604475335],
      [0.0022127600756, 0.081324049074, 0.85924761023, 0.057215580624],
      [0.077233007292, 0.10131104129, 0.6553083106, 0.16614764082]
    ],
    [
      [0.025093933532, 0.81338870559, 0.11887561522, 0.042641745662],
      [0.65438015296, 0.071775372906, 0.27021586993, 0.0036286042118],
      [0.022461286729, 0.032697968361, 0.9054586104, 0.039382134506],
      [0.019964679416, 0.76283207286, 0.10480831676, 0.11239493096],
      [0.0026298327261, 0.083579529833, 0.85710231671, 0.056688320732],
      [0.090527738464, 0.10266354861, 0.64444048764, 0.16236822528]
    ],
    [
      [0.016749110554, 0.8231971837, 0.123855248, 0.036198457745],
      [0.5533916204, 0.090646687843, 0.35211211134, 0.0038495804165],
      [0.01461173865, 0.032186484458, 0.92061781662, 0.03258396027],
      [0.013459549304, 0.77977668909, 0.11030369301, 0.096460068592],
      [0.0017062692801, 0.08209629754, 0.86939168009, 0.046805753086],
      [0.062097218839, 0.10644504832, 0.68975691918, 0.14170081365]
    ],
    [
      [0.019944920963, 0.80688852408, 0.12292476225, 0.050241792706],
      [0.62110393282, 0.074752939413, 0.2995928476, 0.0045502801699],
      [0.017095077184, 0.030473660882, 0.90799467624, 0.0444365857],
      [0.015643284598, 0.74577808303, 0.10689236423, 0.13168626814],
      [0.0019901387019, 0.077774267235, 0.8563245486, 0.063911045458],
      [0.069938092115, 0.096314211006, 0.64681540337, 0.18693229351]
    ],
    [
      [0.018432422559, 0.8374697567, 0.10127410178, 0.042823718958],
      [0.6178545752, 0.090480927931, 0.28715953915, 0.0045049577206],
      [0.018863242086, 0.037912716911, 0.89800584039, 0.045218200614],
      [0.014623924247, 0.78279691041, 0.089036293252, 0.11354287209],
      [0.0021772252338, 0.095722240036, 0.83773752833, 0.064363006396],
      [0.074735710227, 0.11680704105, 0.62278605918, 0.18567118954]
    ],
    [
      [0.023470799807, 0.83532662721, 0.10823115351, 0.032971419465],
      [0.75522367051, 0.049472447038, 0.19319443935, 0.0021094431053],
      [0.022086442051, 0.030296428131, 0.91559929895, 0.032017830869],
      [0.018949289001, 0.79030561811, 0.096981046116, 0.09376404677],
      [0.0025832684357, 0.078923116979, 0.87129982327, 0.047193791314],
      [0.09444007663, 0.098679831973, 0.65523195949, 0.1516481319]
    ],
    [
      [0.016655936769, 0.84431773789, 0.10861569085, 0.030410634489],
      [0.57093079315, 0.098742390314, 0.32689966301, 0.0034271535332],
      [0.016490294642, 0.037578375281, 0.91486571951, 0.031065610562],
      [0.013508388921, 0.80719560663, 0.097615375298, 0.081680629152],
      [0.0019144371589, 0.095218286247, 0.8585399897, 0.044327286897],
      [0.068925632857, 0.12243529236, 0.67579883296, 0.13284024183]
    ],
    [
      [0.016542202627, 0.84870121322, 0.10363384016, 0.031122743993],
      [0.57925301405, 0.1004964249, 0.31669382813, 0.003556732923],
      [0.017045399327, 0.039220546801, 0.91064478288, 0.033089270991],
      [0.013394957942, 0.81004285118, 0.092991619652, 0.083570571223],
      [0.0019725088933, 0.099093690231, 0.85184725335, 0.047086547525],
      [0.070367230278, 0.12615767534, 0.6634772835, 0.13999781089]
    ],
    [
      [0.019507241973, 0.84117288877, 0.11845892355, 0.020860945711],
      [0.59477734117, 0.086959982294, 0.31618047527, 0.0020822012666],
      [0.017918021278, 0.034633132208, 0.92767817613, 0.019770670381],
      [0.016102919571, 0.81842563946, 0.1083586711, 0.057112769867],
      [0.0021041592196, 0.088793153229, 0.88055384072, 0.028548846827],
      [0.078253795569, 0.11789644965, 0.71530181406, 0.088547940721]
    ],
    [
      [0.015117346609, 0.85546434893, 0.10744022077, 0.021978083687],
      [0.54931176611, 0.1057740702, 0.3422937389, 0.0026204247953],
      [0.015250477093, 0.038756275571, 0.92311660095, 0.022876646387],
      [0.012438417922, 0.82968370119, 0.097959211182, 0.059918669703],
      [0.0017724635264, 0.098323301014, 0.86721981769, 0.032684417768],
      [0.065751243699, 0.13024200839, 0.7030213566, 0.10098539131]
    ],
    [
      [0.022251904375, 0.82342560006, 0.11983938818, 0.034483107385],
      [0.62361482002, 0.078571352938, 0.29464087742, 0.0031729496231],
      [0.019952754111, 0.033156285417, 0.91498761501, 0.031903345459],
      [0.017946275705, 0.78279771308, 0.10710143343, 0.092154577785],
      [0.0023386315456, 0.08482804715, 0.86686616054, 0.045967160768],
      [0.083096854779, 0.1076381511, 0.67320388449, 0.13606110962]
    ],
    [
      [0.019656658698, 0.85162361276, 0.10763551046, 0.021084218079],
      [0.61431147932, 0.089942564609, 0.29359590386, 0.0021500522114],
      [0.019693571778, 0.038241246621, 0.92026966837, 0.021795513232],
      [0.016209699677, 0.82776028146, 0.098358223488, 0.057671795379],
      [0.0023002796415, 0.097527822695, 0.86886424306, 0.031307654598],
      [0.084081312926, 0.12722399161, 0.69327728473, 0.095417410742]
    ],
    [
      [0.030279043648, 0.82620876538, 0.10158068972, 0.041931501244],
      [0.74600575542, 0.058525561837, 0.19253422583, 0.0029344569089],
      [0.030348110832, 0.035970704225, 0.8903138313, 0.043367353648],
      [0.024091968738, 0.77420064749, 0.089600773741, 0.11210661003],
      [0.0035429478323, 0.092197410289, 0.8415947536, 0.062664888282],
      [0.11801466676, 0.10801913379, 0.59906173642, 0.17490446302]
    ],
    [
      [0.011613876383, 0.86119610481, 0.099110968771, 0.02807905004],
      [0.50253757585, 0.12439084038, 0.36915812479, 0.0039134589807],
      [0.012577875315, 0.041850251915, 0.91419447644, 0.031377396331],
      [0.009444224265, 0.82554855347, 0.089320021153, 0.075687201111],
      [0.0014447722821, 0.1049913805, 0.84923253381, 0.044331313411],
      [0.052753861366, 0.13658294505, 0.67608859057, 0.13457460302]
    ],
    [
      [0.015123734019, 0.85243535231, 0.10700712668, 0.025433786989],
      [0.54962388638, 0.10576293065, 0.34157258939, 0.0030405935863],
      [0.015282808084, 0.038730438655, 0.91946816901, 0.026518584254],
      [0.012368396741, 0.82178191112, 0.096975094982, 0.068874597155],
      [0.0017731478336, 0.098073766733, 0.86233944193, 0.037813643504],
      [0.064997930628, 0.12840396112, 0.69124163696, 0.11535647129]
    ],
    [
      [0.018268014122, 0.85270762335, 0.11054066671, 0.018483695815],
      [0.59490196344, 0.092658246373, 0.31049841863, 0.0019413715611],
      [0.017946824638, 0.037501488436, 0.92581528629, 0.018736400636],
      [0.015133010899, 0.83258870097, 0.10148064463, 0.050797643492],
      [0.0020980736836, 0.095762230395, 0.87519364639, 0.026946049533],
      [0.078179043456, 0.12716848693, 0.71103776924, 0.083614700373]
    ],
    [
      [0.021908061439, 0.82821698742, 0.11380267906, 0.03607227208],
      [0.62836223694, 0.081192516303, 0.28703768047, 0.0034075662874],
      [0.020590732961, 0.034997143973, 0.90943083203, 0.034981291038],
      [0.017614472641, 0.78495733281, 0.10139312077, 0.096035073787],
      [0.0024039207606, 0.08917168491, 0.85823334779, 0.050191046537],
      [0.084237424233, 0.11162191977, 0.65774900927, 0.14639164673]
    ],
    [
      [0.016859721385, 0.83510328353, 0.12033705685, 0.027699938237],
      [0.55847430238, 0.092811949861, 0.34573884855, 0.0029748992154],
      [0.015193400911, 0.033695190134, 0.9253552541, 0.025756154851],
      [0.013747112463, 0.80257787613, 0.10873456315, 0.074940448265],
      [0.001777212283, 0.086079014689, 0.87508453822, 0.037059234804],
      [0.065764502056, 0.11359223289, 0.70633732199, 0.11430594307]
    ]
  ],
  "expected_outcome": [
    [
      [0.46417192831, 0.01915402149, 0.26935440393, 0.2305054662, 0.02168901075, 0.22396854601, 0.67775273084, 0.94407484219, 0.27061705298, 0.3961889159, 0.39701318567, 0.12016705359, 0.91009886789, 0.98188059334, 1.1151225388, 0.33579035421, 0.63319186324, 0.32904145439, 0.30278751803, 0.89932386705, 0.033317271279, 0, 0.18625372929, 0, 0.0098755773634, 1.2724312665, 0.78787738434, 0.64235250639, 0.19249732597, 0.77986669303, 1.1543209425, 0.20098932665, 0.05983476289, 0.092162112797, 0.023470799807, 1.8987767917, 0.67823030771, 0.52669553328, 0.65004590421, 1.2906104538, 0.57004310223, 0.090837130945, 0.24389140405, 1.1040325834, 0.14614411298, 1.8840932837, 0.16859721385],
      [14.8761985797, 1.6685881632, 12.5555126573, 13.9371934463, 0.83946973326, 16.7079286061, 22.355269349, 61.5025911162, 16.7009820955, 17.647501462, 21.8918212442, 4.099832057, 37.6951867711, 43.513838873, 49.1222432926, 13.6285986552, 23.4000241573, 13.3598601823, 13.2142883117, 39.2715773351, 0.8503695307, 0, 6.7842926282, 2.3293165877, 0.87127075634, 56.6556750972, 32.6651135986, 25.6155188298, 8.3288815909, 29.2262364156, 37.4158804572, 9.8783662044, 2.4206655722, 4.1873487835, 0.83532662721, 96.25222212, 34.796749742, 22.7116679968, 36.7849670041, 47.7586848035, 24.69708477, 2.4786262961, 18.0851182009, 62.2277807188, 6.8216609868, 71.2266609184, 8.3510328353],
      [1.8856863792, 0.23141408919, 1.6819886557, 2.2664244523, 0.11433180476, 2.2243962378, 2.9142195572, 8.0961610967, 2.3732315377, 2.4493546338, 2.8981342021, 0.56596167193, 4.7800229523, 4.888142873, 6.1695609231, 1.5742289538, 3.2829598919, 1.8606977286, 1.9484482385, 5.7930543196, 0.11631319803, 0, 0.77702920815, 0.43185853575, 0.073421430261, 6.9299937997, 4.910567305, 3.533590129, 1.1605138429, 4.4040724176, 5.4682782999, 1.486262976, 0.36877428676, 0.50637050892, 0.10823115351, 12.3821887566, 4.2489874466, 3.1983909357, 4.6199294932, 6.9506845145, 3.1214298035, 0.30474206917, 2.0813303442, 7.8115202476, 0.88432533369, 9.787030399, 1.2033705685],
      [0.77394311276, 0.080843726158, 0.49314428308, 0.56587663517, 0.024509451237, 0.84370661007, 1.0527583629, 2.4571729449, 0.65516931382, 0.50695498827, 0.81303136806, 0.21403921748, 1.6146914088, 1.6161376607, 1.5930732454, 0.46138203685, 0.68382408761, 0.45040063474, 0.53447593177, 2.0360444783, 0, 0, 0.25242443435, 0.23882487653, 0.045432236033, 2.1418998365, 1.636441712, 1.2085385348, 0.31810724016, 1.5898244738, 1.9615203005, 0.43438149294, 0.15072537812, 0.21411859479, 0.032971419465, 3.4668123317, 1.2760325037, 0.56324553419, 0.94505759854, 2.0000202283, 0.6114423243, 0.12579450373, 0.58966005083, 1.8566664502, 0.14786956652, 3.1022153989, 0.27699938237]
    ],
    [
      [15.0867741086, 1.8400364359, 12.3759085705, 27.0678682519, 2.5925217374, 8.0665412895, 16.1307065553, 37.883320948, 12.6762472876, 6.545741016, 13.1844479696, 10.5852277194, 54.1846642191, 45.2596747045, 86.5806900591, 31.0269699918, 29.7417367957, 19.0299558545, 11.7307703921, 97.5967496064, 2.3220395395, 0, 4.1388704814, 0, 1.250946246, 60.584953508, 36.0690034929, 44.9891250244, 11.4269592097, 30.1173506059, 31.4102473419, 12.1746156487, 3.1055196641, 11.7392369289, 1.510447341, 102.7675427663, 43.443976054, 66.6150622109, 76.3543354887, 99.7783712025, 46.6876724281, 3.7300287771, 9.5482139412, 100.0315473203, 17.8470589031, 187.8803088448, 25.1313436069],
      [1.5945605667, 0.46010416416, 1.9146410647, 5.5249364195, 0.30706001947, 1.9906080207, 1.7864842156, 8.383317647, 2.6206475939, 0.96658415635, 2.4302525376, 1.1606104148, 7.6152809552, 6.8064440084, 12.9955087986, 4.2162434414, 3.7162016125, 2.5845549892, 1.7050370776, 14.5125625935, 0.13969867846, 0, 0.46240373441, 1.3446092395, 0.21487408012, 9.1788122297, 5.0657323177, 6.0924473969, 1.6312156954, 3.8281104404, 3.4452178995, 1.9942271325, 0.37376469707, 1.7191376307, 0.098944894077, 17.7736302564, 7.5372318673, 9.7395180169, 14.7025957573, 12.5714164701, 6.8356349103, 0.29262780919, 2.3634259672, 19.2488533789, 2.7797473912, 24.2765623746, 4.1765377438],
      [5.2383749377, 1.6781130586, 6.6366832672, 23.1905122205, 1.0916907818, 6.8457593639, 6.0016649665, 28.41053495, 9.6038937585, 3.4608732935, 8.2982147275, 4.195089251, 24.8854514347, 19.6901715938, 42.0175763215, 12.6186853361, 13.437283897, 9.3012732299, 6.4975157791, 55.1651015608, 0.53826178202, 0, 1.382011458, 6.5212921632, 0.52263933824, 28.9017601071, 19.6205076553, 21.6412944088, 5.881569968, 14.8537582551, 12.9703617564, 7.7464664496, 1.497964238, 5.4560312438, 0.3863888787, 58.8419393413, 23.7520371095, 35.4122132303, 47.5788297075, 47.1425403877, 22.3132886936, 0.96267112915, 7.014004371, 62.1662112681, 9.3149525589, 85.8242664607, 15.5582481847],
      [0.080290386986, 0.021746341312, 0.072767097607, 0.21668310816, 0.008727461295, 0.097091325876, 0.081144262609, 0.32282645503, 0.099211359941, 0.026801534091, 0.087084765262, 0.059072614752, 0.31460339107, 0.24370969334, 0.40622482076, 0.13810123068, 0.10477769471, 0.084215926357, 0.06667675117, 0.72558623934, 0, 0, 0.016714326149, 0.13409859725, 0.01154033564, 0.3344741551, 0.24475653419, 0.27713316986, 0.06025512689, 0.20078069858, 0.17417300217, 0.084690769164, 0.022751400849, 0.085594196691, 0.0042188862107, 0.61688763598, 0.26675496922, 0.23320654186, 0.36423904654, 0.5076719397, 0.16340396806, 0.014672284545, 0.074355720632, 0.5533880327, 0.058241146832, 1.0188623199, 0.13387046469]
    ],
    [
      [3.2675901863, 0.3425036698, 5.1224480555, 4.803444861, 1.8972452758, 1.9799722859, 8.6744114334, 5.4278963174, 3.8294773901, 5.5463060024, 2.7869794212, 1.4295274647, 5.605317905, 8.5424846974, 9.5096777017, 2.1439721607, 12.2162123044, 5.5912932392, 5.4884483829, 4.4886183274, 0.54407055764, 0, 1.3032730982, 0, 0.088542761505, 11.5723358486, 7.5108110552, 13.4103171, 3.1384127536, 15.8279017327, 11.0509530708, 3.8282755263, 0.87184893636, 0.5470340205, 0.30921018871, 8.4760114462, 2.7954454897, 3.1894077876, 3.766867842, 5.945920725, 2.5404707594, 0.60696221663, 3.8110962203, 16.3984530741, 3.8226736478, 26.1502308605, 2.3701705422],
      [4.6780253219, 1.3170726645, 10.6761476316, 13.0165121006, 3.2569184057, 6.6179407357, 12.8461184662, 15.8911390412, 10.6032768591, 11.0808239085, 6.8957412298, 2.157411707, 10.4244064548, 17.0083412723, 18.8259004411, 3.8885218315, 20.2637109082, 10.1650268177, 10.7221345216, 8.8014293587, 0.57342741413, 0.45859959733, 2.1088547055, 1.2677879934, 0.31864601048, 23.1560745736, 13.982964582, 24.0246140315, 6.0733273404, 26.647411796, 16.0874004334, 8.4328589279, 1.554156705, 1.0994687904, 0.42414999383, 19.3152848942, 6.4321696754, 6.1646975331, 9.5728000661, 9.8805730542, 4.9331208141, 0.7194140845, 12.6806263304, 41.5577606769, 7.987817037, 44.4463728456, 5.2564496609],
      [113.4327737105, 35.8486439985, 272.5246277217, 402.012845771, 85.6334928725, 167.7059934056, 317.5767571736, 396.1043082563, 286.0010277355, 292.0500452877, 173.4283073678, 57.7857997723, 250.7090948396, 361.9413910543, 447.6468010834, 85.9279757498, 538.9073879633, 269.3466973875, 300.7930317677, 246.2247261193, 16.8825020282, 13.2399104523, 46.7652622267, 45.7067449811, 6.1724341486, 536.1722372719, 398.4099174239, 627.5321379685, 161.4368957773, 760.2319154143, 445.4856363186, 241.2018679552, 46.307728488, 26.0421693713, 12.8183901853, 470.2409798306, 149.3457443924, 165.1267153515, 228.0098004344, 272.6663092739, 118.7147872195, 17.8062766259, 277.000926361, 986.5893453447, 197.1986559798, 1154.9771566762, 144.3554196401],
      [5.6216107812, 1.4917796671, 9.6767765912, 12.1671972675, 2.212343446, 7.6960935728, 13.9027129268, 14.5766563851, 9.5662180153, 7.3228248013, 5.8889719813, 2.627261056, 10.2611808006, 14.507782976, 14.0176207739, 3.039530258, 13.6126888241, 7.8969825556, 9.9963853278, 10.4852261946, 0, 1.3014899504, 1.8226099696, 3.0254670255, 0.42037707939, 20.099352306, 16.0963069389, 26.0329309, 5.3513641287, 33.2927710569, 19.3760101772, 8.5369975907, 2.2662658707, 1.3113278178, 0.44824963217, 15.9677238289, 5.4266404426, 3.5191793278, 5.6505316575, 9.5071969469, 2.811621207, 0.86734707295, 9.5073510883, 28.4544409043, 3.9908533354, 44.4262396178, 4.0179601568]
    ],
    [
      [2.2329193618, 0.36584077456, 1.7697689672, 2.1577137636, 1.0848999108, 1.7609192123, 8.0127877276, 7.1414739385, 3.2352379075, 4.1328854934, 3.869912542, 0.89771927385, 6.3717213627, 8.6902650758, 10.801195497, 1.9797894946, 6.1055056223, 2.7487327595, 2.292666544, 5.930290973, 0.28674856617, 0, 1.2246171501, 0, 0.069777352198, 10.4305906862, 6.3933474818, 9.0162831716, 2.2129932681, 8.9539273816, 8.7844589428, 2.9476412975, 0.64137466852, 0.73119621233, 0.094746445003, 12.2521087516, 3.228184864, 3.3655101904, 5.435588632, 7.232349109, 3.3391981335, 0.55411528098, 2.9465979707, 14.2854982355, 2.557478842, 18.0196055114, 2.4194917935],
      [84.345425825, 37.567161498, 97.2317737013, 153.7733730841, 49.4932380558, 154.8512801209, 311.5606650516, 548.4251409731, 235.3598590302, 217.0170461348, 251.5510314032, 36.0849371823, 311.0844538314, 453.9833283203, 560.8692551508, 94.6993006676, 265.9671012668, 131.5463739943, 117.9360567052, 305.2491013929, 8.6028967758, 8.2252407063, 52.5803702708, 41.648227297, 7.2368586907, 547.4644573388, 312.4527458788, 423.8306195291, 112.8615177124, 395.5523502871, 335.6461120575, 170.7710949111, 30.5769014041, 39.1398455206, 3.9515280906, 732.1264152114, 195.2203271352, 171.0509586473, 362.5717774213, 315.4674783731, 170.51861798, 17.8066148923, 257.5711486831, 949.1581073463, 140.7074904647, 803.0113514607, 141.2537061982],
      [10.0531403124, 4.9010513778, 12.2477962039, 23.5105443996, 6.340385489, 19.3827070304, 38.1821542572, 67.8674161742, 31.4427212077, 28.3176806199, 31.3071362073, 4.6859339255, 37.08471166, 47.942430889, 66.2211785969, 10.2852486489, 35.0802720168, 17.2259704599, 16.3504698392, 42.3306398562, 1.1103546581, 1.0430425138, 5.6637091438, 7.262458977, 0.57542949713, 62.9513964413, 44.1577101328, 54.9633464318, 14.7861533242, 56.0344058368, 46.1156593762, 24.1565087697, 4.3825869336, 4.4518146626, 0.48490523058, 88.5371453957, 22.410980336, 22.64696226, 42.8081752866, 43.1618776704, 20.2617940385, 2.060817796, 27.8678465997, 112.0062347037, 17.1502289432, 103.7251625437, 19.1372831137],
      [12.3685145008, 5.1659463496, 10.7506611276, 17.5583687526, 4.0814765444, 22.0050936364, 41.2443929636, 61.5659689142, 25.9621818546, 17.5323877519, 26.2719198474, 5.3314096184, 37.4591131459, 47.3839757148, 51.1083707553, 9.0356611889, 21.8471210941, 12.4789227863, 13.4208069117, 44.4899677779, 0, 2.7317167799, 5.5313034353, 12.089313726, 1.11793446, 58.1535555337, 43.9961965066, 56.1897508675, 12.1393356954, 60.4593164945, 49.4537696234, 21.1247550217, 5.3991369937, 5.6771436045, 0.46882023385, 74.0843306413, 20.1405076648, 11.9365689022, 26.1844586602, 37.1382948475, 11.8803898481, 2.5784520307, 23.6144067465, 79.5501597145, 8.5848017501, 98.2438804841, 13.1895188946]
    ],
    [
      [0.011968864772, 0, 0.021997856636, 0.041669322597, 0.019111725027, 0.028503346105, 0.060156768261, 0.093041824911, 0.057461592472, 0.045192847061, 0.046215002843, 0.023460704647, 0.063429946252, 0.13975213109, 0.14226319966, 0.034027649847, 0.11286231072, 0.049149769869, 0.045160366933, 0.042642899965, 0, 0, 0.02323855063, 0, 0, 0.13618699379, 0.074472093999, 0.13792391949, 0.027065797484, 0.13276560453, 0.1104529745, 0.044363001282, 0.0039802774038, 0.0065316757014, 0.0025832684357, 0.097636295102, 0.04142268676, 0.031562388293, 0.030131879949, 0.044433999366, 0.027603355698, 0.0035429478323, 0.052011802155, 0.23050921837, 0.046157621038, 0.13702348335, 0.01777212283],
      [0.37443676471, 0, 1.0016497521, 2.465540265, 0.71854061734, 2.0814060356, 1.9453592611, 5.9460636576, 3.474581857, 1.972376007, 2.4973349439, 0.77456362622, 2.5751522309, 6.0740967327, 6.1471503243, 1.3480434572, 4.0873154496, 1.951629907, 1.9271931855, 1.8251626656, 0, 0.075739768627, 0.82343970025, 0.063806211989, 0, 5.9482252899, 3.026787768, 5.393799601, 1.1444569587, 4.8794429444, 3.510340253, 2.134503736, 0.15554853447, 0.28716672011, 0.078923116979, 4.8561325986, 2.0809674948, 1.3318972984, 1.6714961172, 1.6117328958, 1.1703338723, 0.092197410289, 3.779689698, 12.7495896753, 2.1067690687, 5.0827860399, 0.86079014689],
      [3.3601285217, 0, 9.4650614791, 28.1949574569, 6.9874233578, 19.5268382501, 17.8088384032, 54.8894313116, 34.7025847905, 19.2483650812, 23.2553359995, 7.6705214233, 22.933905546, 47.8684665988, 54.1330599681, 11.0243568575, 40.2536000568, 19.1453543761, 20.0158269556, 18.9076763699, 0, 0.80294501681, 6.7523059782, 0.85037822835, 0, 51.0081316213, 31.9366137102, 52.1769661733, 11.2605039863, 51.5548566136, 35.9982973018, 22.6041836824, 1.7126490972, 2.513212585, 0.87129982327, 43.7855394745, 17.8887923204, 13.2083076109, 14.7427369008, 16.4704570502, 10.4263709168, 0.8415947536, 30.5723712171, 112.1041274509, 19.2542602205, 48.9193008242, 8.7508453822],
      [0.25346584884, 0, 0.51129091219, 1.2978329554, 0.27492429988, 1.3632523682, 1.1856455675, 3.0714632059, 1.76537176, 0.73406606474, 1.2011140538, 0.53145424584, 1.4275122768, 2.9176845373, 2.5775265079, 0.59357203551, 1.5462221828, 0.85386594701, 1.011819492, 1.2245180645, 0, 0.12131521457, 0.40101577089, 0.085815559658, 0, 2.9074560949, 1.9621264278, 3.2913103062, 0.56797325747, 3.4329348375, 2.3809094707, 1.2169495802, 0.12782209092, 0.19308901919, 0.047193791314, 2.2606916318, 0.98881749803, 0.4282327024, 0.55563510206, 0.87337605459, 0.37569185518, 0.062664888282, 1.5959272828, 4.9157736555, 0.59281308972, 2.8608896526, 0.37059234804]
    ],
    [
      [1.1011817728, 0.03763673214, 1.7940953256, 2.6852155692, 1.2268959188, 0.88909880568, 4.4873113468, 4.0170961284, 2.012240209, 2.3516575148, 2.1173255307, 0.71662856278, 4.6637124293, 5.2665597953, 6.7101483143, 1.1890662299, 6.0592151769, 2.4274099518, 3.4168058431, 2.258471153, 0, 0, 0.603027427, 0, 0.049062643812, 7.0272599197, 4.9959816026, 5.692200121, 0.97674953569, 8.5728638094, 6.5179971694, 1.8008193463, 0.41962855269, 0.14947142045, 0, 5.0315711985, 1.1962429147, 1.4868221158, 3.0903084539, 2.6590993529, 2.0179515102, 0.94411733409, 1.4771081183, 8.0597433978, 1.5635808691, 14.9942615134, 1.2495255391],
      [1.2263393005, 0.11142881607, 2.9099597317, 5.6694706467, 1.6292309637, 2.3110542346, 5.1732696818, 9.1641569507, 4.3370001202, 3.6537685459, 4.0770378025, 0.84079649053, 6.7587645371, 8.1703956069, 10.3540329673, 1.6799178416, 7.8299812709, 3.4359959968, 5.1952404273, 3.4521085148, 0, 0.17668084622, 0.7547493362, 0.16260500344, 0.13383713431, 10.9586829369, 7.2467020029, 7.9464022238, 1.4700549847, 11.2455255829, 7.3917755001, 3.0869064014, 0.57788526604, 0.23361408211, 0, 8.9377763421, 2.1446804807, 2.2400325433, 6.1213743943, 3.4444208353, 3.0533757985, 0.86415307034, 3.8243224613, 15.9220911792, 2.5433697386, 19.8687017196, 2.158252425],
      [6.7285852377, 0.6826178387, 16.8246925528, 39.680721529, 9.6802945956, 13.2636794249, 28.9849770091, 51.7839290082, 26.5088631859, 21.8207857403, 23.229168078, 5.0840795436, 36.8381280083, 39.4126201639, 55.8157830212, 8.3990515768, 47.2028121098, 20.6254196385, 33.0187092375, 21.8865207721, 0, 1.1310273885, 3.7776318045, 1.3219503177, 0.56488201131, 57.5283384095, 46.8020136449, 47.0574950259, 8.8470548082, 72.7392224765, 46.3997151103, 20.0029506563, 3.8808924202, 1.2455721184, 0, 49.3333148058, 11.2791138195, 13.5907344672, 33.0420037602, 21.5425243038, 16.6386548334, 4.7924938914, 18.9304805359, 85.713962983, 14.2207553848, 117.0793236498, 13.4204091177],
      [1.943893689, 0.16831661309, 3.4712523899, 6.9645922552, 1.4635785219, 3.5361675348, 7.3544419624, 11.0348179127, 5.1418964849, 3.1737881991, 4.5764685888, 1.3584954031, 8.7393950254, 9.1504244339, 10.1200356972, 1.7319643517, 6.9079914424, 3.5111744129, 6.3692444921, 5.4028995602, 0, 0.69229176527, 0.86459143231, 0.51544467885, 0.25221821057, 12.4857187338, 10.9553027495, 11.3039026292, 1.7061406715, 18.4423881311, 11.6905122201, 4.109323596, 1.1215937611, 0.37134237909, 0, 9.6973376536, 2.3799627851, 1.6824108737, 4.7463133917, 4.353955508, 2.2900178578, 1.3992357042, 3.7680888845, 14.30420244, 1.6722940075, 26.0577131173, 2.1718129182]
    ]
  ],
  "prob": [
    [0.018645433586, 0.83646316323, 0.11208625373, 0.032805149464],
    [0.59187865322, 0.091051023016, 0.31363134671, 0.0034389770552],
    [0.017882745568, 0.036097766054, 0.91355581305, 0.03246367533],
    [0.015067310234, 0.79681408887, 0.10036966312, 0.087748937772],
    [0.0020821040717, 0.091714977255, 0.85975773526, 0.046445183409],
    [0.074264777791, 0.11689165537, 0.67099019149, 0.13785337535]
  ],
  "iterations": 99,
  "time": 0.000257,
  "message": "Converged",
  "status": 0,
  "miniter": 0,
  "maxiter": 1000,
  "maxtime": 3600,
  "param_threshold": 0.001,
  "ll_threshold": "-Inf",
  "initial_prob": "random",
  "adjust_prob_cond_method": "",
  "adjust_prob_cond_every": false,
  "candidates_id": ["DEWAR, Katherine Mary.c", "GROSER, Timothy John.c", "CUNLIFFE, David Richard.c", "Other candidates votes.c"],
  "group_id": ["ACT New Zealand.p", "Green Party.p", "Labour Party.p", "National Party.p", "New Zealand First Party.p", "Other parties votes.p"]
}
