{
  "X": [
    [1, 7, 38, 65, 0],
    [1, 0, 2, 3, 1],
    [4, 8, 11, 21, 0],
    [4, 3, 32, 53, 4],
    [1, 0, 9, 10, 0],
    [9, 11, 104, 113, 13],
    [3, 5, 44, 24, 7],
    [2, 2, 68, 57, 5],
    [5, 6, 65, 65, 6],
    [7, 2, 44, 26, 6],
    [3, 13, 50, 44, 6],
    [11, 15, 116, 118, 12],
    [11, 18, 154, 110, 7],
    [40, 49, 429, 508, 28],
    [1, 12, 9, 39, 5],
    [3, 4, 77, 39, 4],
    [53, 43, 373, 286, 36],
    [3, 3, 35, 38, 0],
    [3, 3, 38, 36, 2],
    [1, 1, 11, 13, 0],
    [0, 6, 25, 37, 4],
    [0, 4, 12, 13, 1],
    [9, 21, 57, 78, 8],
    [2, 4, 36, 38, 1],
    [2, 3, 2, 5, 2],
    [1, 5, 40, 32, 2],
    [2, 5, 32, 25, 3],
    [23, 21, 132, 227, 8],
    [22, 16, 179, 125, 14],
    [0, 1, 17, 19, 0],
    [9, 14, 102, 114, 2],
    [1, 2, 15, 11, 1],
    [9, 4, 52, 64, 5],
    [51, 35, 353, 427, 36],
    [7, 6, 34, 80, 4],
    [26, 21, 172, 177, 21],
    [2, 0, 2, 5, 1],
    [66, 38, 1013, 337, 108],
    [2, 8, 34, 79, 5],
    [9, 9, 48, 55, 3],
    [15, 26, 106, 178, 13],
    [7, 9, 32, 84, 4],
    [14, 8, 84, 85, 5],
    [17, 16, 129, 103, 15],
    [4, 0, 36, 30, 4],
    [21, 12, 124, 134, 7],
    [362, 293, 2294, 2495, 193],
    [7, 6, 24, 56, 3],
    [6, 13, 96, 84, 3],
    [4, 2, 51, 47, 2],
    [5, 10, 112, 86, 11],
    [11, 9, 124, 151, 7],
    [0, 0, 2, 4, 0],
    [6, 5, 52, 56, 6],
    [36, 48, 257, 330, 22],
    [2, 2, 80, 41, 13],
    [1, 0, 9, 19, 0],
    [8, 10, 69, 74, 8],
    [1, 3, 16, 21, 2],
    [14, 5, 114, 130, 18],
    [5, 5, 88, 77, 7],
    [27, 18, 157, 161, 12],
    [2, 2, 13, 60, 2],
    [3, 8, 6, 63, 2],
    [0, 1, 3, 10, 3],
    [0, 3, 26, 53, 5],
    [1, 1, 1, 5, 0],
    [4, 6, 10, 8, 0],
    [2, 1, 5, 17, 2],
    [1, 1, 13, 11, 3],
    [4, 5, 18, 56, 0],
    [3, 4, 3, 6, 1],
    [0, 1, 8, 9, 2],
    [7, 9, 33, 33, 5],
    [1, 0, 2, 4, 0],
    [1, 0, 7, 4, 3],
    [3, 3, 12, 36, 3],
    [2, 19, 40, 44, 7],
    [1, 3, 9, 36, 0],
    [10, 16, 121, 177, 20],
    [18, 26, 189, 226, 12],
    [3, 11, 19, 110, 5],
    [12, 13, 40, 115, 2],
    [1, 8, 56, 55, 7],
    [31, 46, 158, 202, 30],
    [5, 0, 10, 31, 3],
    [11, 10, 21, 89, 8],
    [1, 9, 21, 96, 2],
    [6, 3, 59, 84, 8],
    [3, 4, 29, 42, 4],
    [5, 5, 18, 118, 4],
    [2, 2, 1, 42, 0],
    [4, 2, 7, 63, 2],
    [8, 4, 9, 29, 2],
    [9, 3, 8, 27, 2],
    [0, 2, 3, 3, 1],
    [15, 19, 47, 99, 3],
    [2, 7, 39, 69, 6],
    [11, 8, 18, 91, 2],
    [2, 1, 5, 3, 0],
    [0, 1, 4, 2, 0],
    [1, 0, 7, 5, 1],
    [0, 0, 1, 5, 0],
    [12, 15, 67, 151, 4],
    [3, 5, 18, 24, 3],
    [0, 0, 11, 6, 1],
    [8, 7, 25, 68, 4],
    [2, 12, 25, 147, 8],
    [15, 30, 116, 233, 12],
    [2, 11, 37, 21, 7],
    [0, 3, 8, 7, 0],
    [0, 0, 13, 26, 1],
    [3, 5, 13, 42, 2],
    [4, 7, 14, 74, 3],
    [9, 10, 36, 73, 8],
    [22, 20, 80, 155, 15],
    [30, 23, 104, 231, 12],
    [6, 13, 24, 80, 5],
    [22, 18, 69, 194, 10],
    [42, 49, 148, 286, 25],
    [9, 5, 19, 112, 6],
    [11, 9, 21, 97, 6],
    [7, 9, 14, 75, 4],
    [23, 24, 331, 126, 47],
    [2, 5, 8, 59, 5],
    [12, 9, 18, 50, 7],
    [5, 16, 40, 117, 4],
    [7, 16, 73, 141, 6],
    [2, 4, 9, 14, 1],
    [1, 0, 7, 2, 0],
    [1, 1, 0, 7, 0],
    [0, 1, 3, 18, 0],
    [1, 0, 2, 8, 1],
    [2, 3, 14, 39, 2],
    [24, 21, 100, 117, 5],
    [25, 21, 168, 200, 18],
    [12, 6, 48, 51, 4],
    [28, 22, 130, 154, 8],
    [44, 43, 213, 274, 25],
    [16, 7, 47, 57, 2],
    [9, 13, 37, 129, 6],
    [26, 31, 125, 331, 19],
    [4, 1, 42, 56, 8],
    [13, 12, 76, 85, 7],
    [25, 29, 153, 222, 18],
    [4, 17, 109, 145, 16],
    [4, 5, 50, 77, 7],
    [4, 2, 7, 3, 0],
    [24, 23, 110, 125, 13],
    [13, 8, 30, 102, 5],
    [0, 6, 18, 25, 5],
    [10, 13, 31, 72, 9],
    [6, 8, 35, 120, 14],
    [1, 5, 4, 23, 3],
    [11, 15, 29, 143, 10],
    [3, 3, 12, 26, 6],
    [24, 22, 83, 188, 8],
    [2, 7, 14, 31, 1],
    [1, 5, 7, 32, 1],
    [3, 2, 28, 30, 1],
    [1, 2, 9, 14, 1],
    [8, 26, 55, 35, 16],
    [8, 4, 44, 64, 7],
    [2, 7, 22, 52, 2],
    [3, 8, 12, 42, 3],
    [7, 5, 7, 37, 4],
    [15, 7, 19, 58, 6],
    [41, 48, 180, 254, 24],
    [0, 0, 5, 2, 0],
    [19, 20, 284, 137, 22],
    [146, 172, 1500, 1183, 221],
    [119, 205, 1123, 1007, 184],
    [6, 0, 14, 16, 2]
  ],
  "W": [
    [15, 5, 30, 53, 8],
    [1, 0, 2, 2, 2],
    [6, 1, 10, 23, 4],
    [10, 3, 31, 40, 12],
    [0, 0, 10, 7, 3],
    [37, 16, 95, 81, 21],
    [9, 6, 40, 18, 10],
    [9, 21, 45, 42, 17],
    [17, 9, 60, 43, 18],
    [8, 11, 32, 20, 14],
    [17, 2, 50, 35, 12],
    [33, 7, 134, 81, 17],
    [28, 10, 152, 93, 17],
    [125, 33, 434, 374, 88],
    [19, 0, 14, 31, 2],
    [15, 6, 70, 24, 12],
    [69, 30, 364, 236, 92],
    [15, 3, 33, 27, 1],
    [7, 5, 37, 25, 8],
    [2, 1, 9, 10, 4],
    [9, 0, 29, 27, 7],
    [6, 0, 14, 7, 3],
    [32, 7, 61, 58, 15],
    [7, 3, 36, 31, 4],
    [2, 0, 3, 5, 4],
    [10, 4, 37, 22, 7],
    [10, 10, 29, 17, 1],
    [52, 14, 121, 184, 40],
    [39, 19, 160, 93, 45],
    [5, 1, 18, 13, 0],
    [34, 13, 97, 84, 13],
    [4, 2, 15, 7, 2],
    [14, 3, 56, 46, 15],
    [110, 27, 366, 320, 79],
    [21, 2, 42, 54, 12],
    [57, 22, 171, 131, 36],
    [0, 0, 1, 7, 2],
    [69, 297, 774, 258, 164],
    [23, 6, 31, 59, 9],
    [22, 5, 47, 39, 11],
    [45, 4, 107, 145, 37],
    [18, 4, 37, 67, 10],
    [23, 9, 85, 63, 16],
    [33, 21, 121, 78, 27],
    [0, 3, 36, 22, 13],
    [24, 10, 122, 119, 23],
    [606, 196, 2349, 1953, 533],
    [17, 4, 28, 32, 15],
    [28, 7, 94, 61, 12],
    [9, 2, 59, 29, 7],
    [20, 11, 107, 72, 14],
    [33, 9, 128, 108, 24],
    [0, 0, 2, 3, 1],
    [11, 7, 56, 36, 15],
    [81, 24, 239, 288, 61],
    [11, 20, 73, 28, 6],
    [2, 2, 7, 13, 5],
    [22, 8, 75, 51, 13],
    [4, 1, 15, 16, 7],
    [34, 15, 102, 107, 23],
    [16, 4, 87, 65, 10],
    [39, 26, 139, 129, 42],
    [18, 0, 16, 42, 3],
    [20, 0, 6, 50, 6],
    [0, 0, 5, 9, 3],
    [13, 4, 20, 39, 11],
    [1, 0, 2, 5, 0],
    [6, 2, 9, 6, 5],
    [3, 0, 7, 13, 4],
    [3, 0, 14, 10, 2],
    [7, 1, 21, 52, 2],
    [3, 0, 4, 6, 4],
    [0, 2, 7, 8, 3],
    [16, 7, 29, 22, 13],
    [1, 0, 1, 3, 2],
    [0, 2, 8, 3, 2],
    [11, 2, 12, 28, 4],
    [23, 2, 40, 34, 13],
    [13, 2, 8, 24, 2],
    [52, 4, 130, 125, 33],
    [61, 10, 188, 171, 41],
    [20, 1, 25, 92, 10],
    [23, 3, 42, 91, 23],
    [13, 6, 50, 47, 11],
    [59, 18, 172, 159, 59],
    [2, 1, 10, 31, 5],
    [18, 1, 27, 81, 12],
    [22, 1, 23, 77, 6],
    [16, 6, 54, 70, 14],
    [9, 4, 31, 31, 7],
    [17, 1, 23, 96, 13],
    [9, 1, 4, 33, 0],
    [13, 1, 7, 54, 3],
    [9, 0, 10, 25, 8],
    [2, 0, 8, 28, 11],
    [1, 1, 5, 2, 0],
    [21, 4, 50, 83, 25],
    [17, 3, 39, 52, 12],
    [21, 1, 22, 71, 15],
    [1, 0, 6, 2, 2],
    [2, 0, 3, 2, 0],
    [1, 1, 7, 5, 0],
    [1, 0, 2, 2, 1],
    [36, 5, 72, 110, 26],
    [11, 3, 16, 19, 4],
    [1, 1, 10, 5, 1],
    [10, 3, 22, 63, 14],
    [33, 3, 35, 106, 17],
    [57, 9, 124, 196, 20],
    [9, 5, 36, 16, 12],
    [7, 0, 7, 2, 2],
    [2, 1, 12, 24, 1],
    [10, 1, 12, 38, 4],
    [17, 0, 12, 60, 13],
    [19, 1, 49, 50, 17],
    [33, 5, 86, 136, 32],
    [43, 6, 122, 191, 38],
    [28, 4, 22, 59, 15],
    [45, 4, 76, 157, 31],
    [87, 26, 154, 219, 64],
    [13, 3, 24, 101, 10],
    [19, 4, 25, 83, 13],
    [14, 1, 16, 64, 14],
    [25, 114, 247, 107, 58],
    [21, 1, 9, 42, 6],
    [13, 1, 21, 45, 16],
    [18, 3, 41, 105, 15],
    [39, 8, 70, 110, 16],
    [3, 3, 7, 13, 4],
    [0, 1, 7, 2, 0],
    [0, 0, 0, 8, 1],
    [6, 0, 3, 13, 0],
    [2, 1, 1, 5, 3],
    [16, 0, 15, 22, 7],
    [29, 3, 112, 92, 31],
    [50, 12, 177, 144, 49],
    [10, 7, 50, 38, 16],
    [43, 13, 141, 115, 30],
    [75, 19, 234, 214, 57],
    [11, 5, 45, 47, 21],
    [23, 1, 44, 105, 21],
    [72, 9, 135, 274, 42],
    [15, 1, 47, 40, 8],
    [25, 2, 86, 59, 21],
    [51, 11, 167, 167, 51],
    [39, 9, 105, 110, 28],
    [16, 7, 43, 66, 11],
    [2, 0, 6, 3, 5],
    [37, 19, 103, 99, 37],
    [19, 2, 38, 83, 16],
    [4, 3, 21, 20, 6],
    [11, 11, 34, 68, 11],
    [31, 2, 30, 97, 23],
    [5, 4, 4, 19, 4],
    [31, 3, 31, 126, 17],
    [8, 1, 11, 21, 9],
    [36, 14, 86, 154, 35],
    [9, 1, 14, 24, 7],
    [11, 2, 10, 19, 4],
    [7, 0, 24, 25, 8],
    [1, 1, 8, 11, 6],
    [16, 12, 58, 29, 25],
    [9, 3, 52, 43, 20],
    [15, 1, 18, 47, 4],
    [13, 4, 11, 34, 6],
    [6, 0, 5, 40, 9],
    [28, 3, 17, 46, 11],
    [78, 20, 175, 204, 70],
    [0, 1, 3, 2, 1],
    [26, 78, 217, 102, 59],
    [275, 231, 1377, 961, 378],
    [265, 129, 1085, 852, 307],
    [2, 3, 12, 15, 6]
  ],
  "method": "mult",
  "cond_prob": [
    [
      [0.0008182229113, 0.25555799542, 0.0076112821672, 0.7360124995, 0],
      [1.1566282444e-06, 4.6403668211e-05, 0.99985716269, 9.5277017277e-05, 0],
      [0.0042673870104, 0.010679481385, 0.93570753823, 0.049345593378, 0],
      [0.00094078805414, 0.01512083754, 0.049019761131, 0.93491861328, 0],
      [0.101229687, 0.2555761524, 0.27715893341, 0.36603522719, 0]
    ],
    [
      [0.0065896203396, 0, 0.006788100128, 0.97374543645, 0.012876843087],
      [4.6751810363e-06, 0, 0.72773738329, 4.9095836322e-05, 0.2722088457],
      [0.022801190508, 0, 0.91959250955, 0.011107837917, 0.046498462021],
      [0.10039076216, 0, 0.00085903882818, 0.88631232008, 0.012437878932],
      [0.37351323717, 0, 0.076154401553, 0.11570712378, 0.4346252375]
    ],
    [
      [0.0055790899623, 0.55806609005, 0.0052139571815, 0.4311408628, 0],
      [1.086835127e-05, 0.000132500326, 0.99978085171, 7.5779611939e-05, 0],
      [0.03840129925, 0.029095243049, 0.89510300602, 0.037400451683, 0],
      [0.079372372075, 0.13356121726, 0.024561706274, 0.76250470439, 0],
      [0.43923426041, 0.32215263295, 0.11324652518, 0.12536658146, 0]
    ],
    [
      [0.0031308015193, 0.1403011833, 0.0069325185426, 0.84347994905, 0.0061555475863],
      [4.0514466577e-06, 2.3155055383e-05, 0.83379514681, 9.9587977531e-05, 0.16607805871],
      [0.017229655997, 0.006147756687, 0.88911686043, 0.078434734916, 0.0090709919749],
      [0.014701155768, 0.0093036985342, 0, 0.9759951457, 0],
      [0.23720952199, 0.086182525262, 0.15555555841, 0.25780159461, 0.26325079973]
    ],
    [
      [0.0029698844667, 0, 0.005990375637, 0.9910397399, 0],
      [4.9825779336e-06, 0, 0.99985548133, 0.00013953609454, 0],
      [0, 0, 0.84030968993, 0.15969031007, 0],
      [0, 0, 0.0008186410982, 0.9991813589, 0],
      [0.33333333333, 0, 0.19705753766, 0.469609129, 0]
    ],
    [
      [0.0035753289274, 0.18715898179, 0.0072730118243, 0.79351482289, 0.0084778545623],
      [4.2745509197e-06, 2.9346166313e-05, 0.79356069432, 8.727886088e-05, 0.2063184061],
      [0.0164504786, 0.0023224795081, 0.92561295361, 0.034197508348, 0.021416579939],
      [0.030033464055, 0.021067886706, 0.0012206350878, 0.93689149049, 0.010786523658],
      [0.23200658959, 0.10226255993, 0.14294406756, 0.21436100325, 0.30842577967]
    ],
    [
      [0.002983609112, 0.29333037992, 0.0072685151096, 0.68565338866, 0.010764107201],
      [3.3302810883e-06, 4.1324791993e-05, 0.74941296007, 6.9020628617e-05, 0.25047336423],
      [0.015323280388, 0.0066131814318, 0.94284232683, 0, 0.035221211348],
      [0.028422295509, 0.036014076152, 0.022757405757, 0.8973421366, 0.015464085986],
      [0.18485950016, 0.1446998004, 0.13147792267, 0.16765469196, 0.37130808481]
    ],
    [
      [0.0012482275612, 0.087549338632, 0.008246590806, 0.89903781449, 0.0039180285096],
      [0, 1.339984751e-05, 0.93476624245, 9.8057583031e-05, 0.065122300117],
      [0, 0, 0.95873100738, 0.041268992623, 0],
      [0, 0.00051725637921, 0.023812940493, 0.97566980313, 0],
      [0.11698623247, 0.070002928682, 0.24427357403, 0.35713906241, 0.21159820241]
    ],
    [
      [0.0026003998853, 0.1740740606, 0.0067850708775, 0.81135582132, 0.0051846473221],
      [3.5686365936e-06, 3.0934499494e-05, 0.85402186732, 0.00010185042338, 0.14584177912],
      [0.0037132659625, 0.0017499358755, 0.90288878263, 0.09044650953, 0.0012015060051],
      [0.021687565967, 0.019212936887, 0.0011292236406, 0.95142810075, 0.0065421727528],
      [0.21113332166, 0.11718389559, 0.16536518972, 0.27043530442, 0.2358822886]
    ],
    [
      [0.0068474126865, 0.13240585987, 0.0092596972031, 0.84349496071, 0.0079920695302],
      [6.7059796322e-06, 1.6414861432e-05, 0.83856674667, 7.4591223485e-05, 0.16133554126],
      [0.021459125402, 0, 0.95946152513, 0, 0.019079349466],
      [0.053198578341, 0.0065226711522, 0.096199303012, 0.83470399032, 0.0093754571777],
      [0.37103452522, 0.057865652463, 0.14820952461, 0.18265285747, 0.24023744024]
    ],
    [
      [0.0019306149415, 0.3962547057, 0.0062315237992, 0.5879056121, 0.0076775434548],
      [2.6303931732e-06, 6.9600788801e-05, 0.7821396702, 7.311476921e-05, 0.21771498385],
      [0.010745154451, 0.028581606152, 0.93333777375, 0.00335871179, 0.023976753856],
      [0.021212687342, 0.057294582824, 0.0013641594012, 0.90738272621, 0.012745844218],
      [0.14062270881, 0.23576167458, 0.13459587404, 0.17326061315, 0.31575912943]
    ],
    [
      [0.0039009022186, 0.24171083621, 0.0056461757701, 0.74041776184, 0.0083243239605],
      [5.6986052907e-06, 4.625422943e-05, 0.75146783788, 9.9499440739e-05, 0.24838070985],
      [0.028071361461, 0.018299657517, 0.8103507606, 0.11410339698, 0.029174823445],
      [0.034650814932, 0.028740423751, 0.0010020107162, 0.92440706705, 0.011199683552],
      [0.25311481713, 0.13194648203, 0.11089626741, 0.19992292572, 0.30411950771]
    ],
    [
      [0.0037693015817, 0.31690702799, 0.0068244642834, 0.667934855, 0.0045643511388],
      [5.2762827148e-06, 5.8060715805e-05, 0.86960848351, 8.604726473e-05, 0.13024213223],
      [0.018811320261, 0.013243825737, 0.93718213224, 0.018955800339, 0.011806921425],
      [0.036692769975, 0.041274516268, 0.0013275649493, 0.91397396519, 0.0067311836153],
      [0.27192108856, 0.19261359318, 0.14927544261, 0.20094724547, 0.18524263017]
    ],
    [
      [0.0034332833486, 0.20444196003, 0.0067051031073, 0.78075059755, 0.0046690559603],
      [4.8910201321e-06, 3.8638208407e-05, 0.86610407982, 0.00010281597844, 0.13374957498],
      [0.013174246055, 0.0065057657817, 0.88797758673, 0.084844437085, 0.0074979643482],
      [0.029369989809, 0.023734689956, 0.0011486771153, 0.93968405363, 0.0060625894874],
      [0.25987135456, 0.1334454948, 0.15646079086, 0.2515734162, 0.19864894358]
    ],
    [
      [0.0016358723324, 0.42057111848, 0, 0.5501877346, 0.027605274594],
      [1.752369631e-06, 5.76843285e-05, 0.39845249425, 5.3750147927e-05, 0.60143431891],
      [0.015387443723, 0.12842149515, 0.636180456, 0.083615989902, 0.13639461522],
      [0.019615293926, 0.062339221844, 0, 0.87725217501, 0.040793309221],
      [0.072710050923, 0.13936596981, 0.046736807968, 0.090495879398, 0.6506912919]
    ],
    [
      [0.0023631003534, 0.1641789101, 0.0082522439668, 0.81999402808, 0.0052117174914],
      [2.7349399397e-06, 2.4425525639e-05, 0.87520836647, 8.6281900053e-05, 0.12467819117],
      [0.002910893074, 0, 0.98614131164, 0.008246355065, 0.0027014402204],
      [0.0195650353, 0.009910689647, 0.009294210578, 0.95471055965, 0.0065195048255],
      [0.19093447689, 0.10827610365, 0.19766777275, 0.26743946677, 0.23568217995]
    ],
    [
      [0.0053858825481, 0.26925440611, 0.0071358492778, 0.7115631157, 0.0066607463703],
      [6.8931496467e-06, 4.5633416649e-05, 0.82839105705, 8.4113466009e-05, 0.17147230292],
      [0.03126788498, 0.010499445258, 0.92092857, 0.016484358182, 0.020819741575],
      [0.048823810585, 0.033068124865, 0.0012953176938, 0.90764858245, 0.0091641644067],
      [0.32308954216, 0.13906740689, 0.13187174165, 0.1814592367, 0.2245120726]
    ],
    [
      [0.0064007144918, 0.16825837343, 0.0079205976551, 0.81742031442, 0],
      [8.685527706e-06, 2.8982862944e-05, 0.99986143743, 0.00010089417624, 0],
      [0.030152943236, 0, 0.9570183309, 0.01282872586, 0],
      [0.052230474446, 0.014018960928, 0.0048837765746, 0.92886678805, 0],
      [0.49869328923, 0.097525504851, 0.16813983553, 0.23564137039, 0]
    ],
    [
      [0.002954621011, 0.18518738056, 0.0062680533535, 0.80230333752, 0.0032866075544],
      [4.5506137388e-06, 3.570194792e-05, 0.89355807955, 0.00011187369137, 0.10628979419],
      [0.0067947251815, 0.0044330322115, 0.86933625654, 0.11856175322, 0.00087423284483],
      [0.024912141653, 0.019961909738, 0.0010502147928, 0.94989907152, 0.004176662292],
      [0.26313581585, 0.13005498638, 0.16207954585, 0.28113195146, 0.16359770045]
    ],
    [
      [0.0023521596037, 0.19250649071, 0.007355170111, 0.79778617957, 0],
      [3.2189172577e-06, 2.9211194529e-05, 0.99987244566, 9.5124232632e-05, 0],
      [0, 0, 0.94588595473, 0.054114045272, 0],
      [0, 0, 0.040112799863, 0.95988720014, 0],
      [0.24882311547, 0.15373945185, 0.26782890574, 0.32960852695, 0]
    ],
    [
      [0, 0.30577725334, 0.0052533182619, 0.68014812019, 0.0088213082089],
      [0, 5.6505547214e-05, 0.72105520509, 9.0637312327e-05, 0.27879765205],
      [2.0362071371e-18, 0.025977168337, 0.82801591832, 0.12805667875, 0.017950234595],
      [0, 0.03893824903, 0.0010353632411, 0.94683506283, 0.013191324902],
      [0, 0.20619058776, 0.13032909955, 0.22863950547, 0.43484080722]
    ],
    [
      [0, 0.36676900997, 0.0046631144013, 0.62399211371, 0.0045757619185],
      [0, 7.7842755731e-05, 0.80500466133, 9.7058420681e-05, 0.19482043749],
      [0, 0.039601425687, 0.82432203015, 0.13607654417, 0],
      [0, 0.052158470763, 0.00098761246349, 0.94390141291, 0.0029525038623],
      [6.162975822e-33, 0.29328556174, 0.14153320143, 0.24788860302, 0.31729263382]
    ],
    [
      [0.0042352299613, 0.374024263, 0.0053618047607, 0.60950317745, 0.0068755248253],
      [6.6872621371e-06, 7.714894039e-05, 0.77666406181, 8.8354434713e-05, 0.22316374755],
      [0.035411261336, 0.048718616734, 0.81562306357, 0.070628800126, 0.02961825823],
      [0.044126470071, 0.051967039993, 0.0011146792888, 0.89195406299, 0.010837747653],
      [0.27633357499, 0.20298397341, 0.10494103588, 0.16357249194, 0.25216892379]
    ],
    [
      [0.0024655868483, 0.26875809491, 0.0063106499277, 0.72004001552, 0.0024256527925],
      [3.8662775234e-06, 5.2404205835e-05, 0.91795193485, 0.00010256100613, 0.081889233665],
      [0.009146513376, 0.0095367271508, 0.90224391501, 0.076082103667, 0.002990740798],
      [0.023009571365, 0.0317946225, 0.0011675569055, 0.94062329645, 0.0034049527776],
      [0.23503952485, 0.19739516202, 0.1712486104, 0.26528357158, 0.13103313116]
    ],
    [
      [0.004600584634, 0.55458705833, 0.003059027135, 0.42861278921, 0.009140540687],
      [7.783073642e-06, 0.00010026787767, 0.62903765655, 6.0331406576e-05, 0.37079396109],
      [0.040529627497, 0.074746149015, 0.66462731524, 0.043827768939, 0.17626913931],
      [0.1364167121, 0.11280286697, 0, 0.7321136073, 0.018666813629],
      [0.29678159694, 0.27564327536, 0, 0.087680769562, 0.33989435814]
    ],
    [
      [0.0010690602223, 0.26792517238, 0.0066671131926, 0.72068965249, 0.0036490017136],
      [1.5388685677e-06, 4.8636023506e-05, 0.88888004417, 9.3877605903e-05, 0.11097590333],
      [0.00043547277806, 0.0034430612092, 0.94508521924, 0.051036246778, 0],
      [0.010054622444, 0.032397532052, 0.0026209585128, 0.95113418958, 0.0037926974117],
      [0.10742700796, 0.21148782318, 0.19314207034, 0.28277638045, 0.20516671807]
    ],
    [
      [0.0043670942025, 0.32971923363, 0.005351065358, 0.65451694334, 0.0060456634749],
      [6.9686466731e-06, 6.5257267152e-05, 0.79351832144, 9.4066574029e-05, 0.20631538608],
      [0.030815970578, 0.028684195156, 0.82379589415, 0.099673647428, 0.017030292687],
      [0.043468242818, 0.041064789088, 0.0010457208969, 0.90545818422, 0.0089630629769],
      [0.32363609684, 0.17221201705, 0.10344794644, 0.17056499371, 0.23013894595]
    ],
    [
      [0.0047548673919, 0.2124915832, 0.0072299764859, 0.77221699981, 0.0033065731153],
      [6.5522397472e-06, 3.86328154e-05, 0.90765140067, 9.8204609203e-05, 0.092205209662],
      [0.025612289256, 0.0094432497662, 0.90183436109, 0.054056410651, 0.009053689235],
      [0.032463353787, 0.019494098706, 0.018613040936, 0.92894590371, 0.0004836028642],
      [0.34200777668, 0.13050873577, 0.15925410973, 0.23441172936, 0.13381764846]
    ],
    [
      [0.0051546502384, 0.21412301349, 0.0079859852093, 0.76720134643, 0.0055350046283],
      [6.1481982318e-06, 3.3619014044e-05, 0.86643005669, 8.4260507998e-05, 0.13344591559],
      [0.018642329539, 0.00090872606599, 0.96952147006, 0.00024307123819, 0.0106844031],
      [0.044064312859, 0.024643841558, 0.0013657399691, 0.92275092748, 0.0071751781366],
      [0.32706884451, 0.1158064506, 0.1550205883, 0.2049515308, 0.19715258579]
    ],
    [
      [1.2081225454e-32, 0.14936740284, 0.0064635944837, 0.84416900268, 0],
      [0, 2.8029481229e-05, 0.99985042481, 0.00012154571276, 0],
      [0, 0.0034672681217, 0.8863361074, 0.11019662448, 0],
      [0, 0.014671086933, 0.0010601284312, 0.98426878464, 0],
      [0, 0.18040267866, 0.29971184738, 0.51988547396, 0]
    ],
    [
      [0.004004404171, 0.2464959849, 0.0066652353301, 0.74129003757, 0.0015443380254],
      [6.25574815e-06, 5.0405805606e-05, 0.95048862447, 0.00010654182203, 0.049348172158],
      [0.015677412171, 0.0093823737771, 0.89838894469, 0.074569767965, 0.0019815013965],
      [0.035820372118, 0.029476075257, 0.0011904312208, 0.93142198115, 0.0020911402574],
      [0.33339605346, 0.17172312769, 0.16717738639, 0.25554152077, 0.072161911693]
    ],
    [
      [0.0030039070702, 0.29684267574, 0.0055271018154, 0.69002374366, 0.0046025717195],
      [4.7072813091e-06, 5.2901393831e-05, 0.83079323802, 9.3519867086e-05, 0.16905563344],
      [0.015383422805, 0.016002038247, 0.8708258183, 0.088421908586, 0.0093668120634],
      [0.029050390162, 0.032948427283, 0.0010406528514, 0.93037772485, 0.0065828048558],
      [0.27693544198, 0.1709269648, 0.12331663612, 0.20037264145, 0.22844831566]
    ],
    [
      [0.0054610103003, 0.14018955124, 0.0066236306736, 0.84171347041, 0.0060123373676],
      [7.4489004211e-06, 2.4656964232e-05, 0.83045969425, 0.00010502035102, 0.16940317953],
      [0.029132022259, 0.0043375809767, 0.8471787891, 0.10540600533, 0.013945602337],
      [0.043121171824, 0.014587197226, 0.0010431790007, 0.93406830441, 0.0071801475367],
      [0.35390375724, 0.074890446973, 0.12839277762, 0.22305453678, 0.21975848138]
    ],
    [
      [0.0052879795813, 0.1760837575, 0.0069052139502, 0.80444238809, 0.0072806608775],
      [6.8413468392e-06, 3.0204861321e-05, 0.81033312211, 9.6184073359e-05, 0.18953364761],
      [0.030485179411, 0.0056949250417, 0.87371809625, 0.069540177199, 0.020561622096],
      [0.043310126185, 0.019560047806, 0.0011324823147, 0.9269469694, 0.0090503742976],
      [0.32153571502, 0.092233079494, 0.1293444886, 0.20802538327, 0.24886133362]
    ],
    [
      [0.0044558602964, 0.16430826688, 0.0053664996706, 0.82039237521, 0.0054769979412],
      [7.3061223458e-06, 3.4922520049e-05, 0.81299617068, 0.00012330223688, 0.18683829844],
      [0.030733954347, 0.0091698506128, 0.73515539146, 0.20574210655, 0.019198697029],
      [0.032506498793, 0.018408309311, 0, 0.94878273327, 0.00030245863057],
      [0.32168627534, 0.097522843499, 0.11539872701, 0.24133978706, 0.22405236709]
    ],
    [
      [0.0059883601039, 0.21873337415, 0.0068218622015, 0.76014702713, 0.0083093764188],
      [7.5947661534e-06, 3.6596518952e-05, 0.7867393917, 8.8901171101e-05, 0.21312751585],
      [0.040122784639, 0.008559968935, 0.87680390673, 0.045287629559, 0.029225710136],
      [0.051077948931, 0.025165222322, 0.0011640064194, 0.91184555352, 0.010747268805],
      [0.33628580295, 0.10474982606, 0.11713706515, 0.17982531839, 0.26200198746]
    ],
    [
      [0.016244753264, 0, 0.018337687178, 0.94641871879, 0.018998840765],
      [2.6313942282e-06, 0, 0.90985292684, 1.2750400718e-05, 0.090131691367],
      [0.0091602608887, 0, 0.97927871953, 0.0061210902584, 0.0054399293204],
      [0.15379404433, 0, 0.11111953911, 0.69309755191, 0.041988864647],
      [0.45714071442, 0, 0.12144225333, 0.071098023176, 0.35031900907]
    ],
    [
      [0.0043863437981, 0.19253694356, 0.0081865775637, 0.7874124802, 0.007477654878],
      [4.9200321966e-06, 2.864423119e-05, 0.83170702293, 8.1602935335e-05, 0.16817780987],
      [0.014982146969, 0.0027591579815, 0.95524438381, 0.010962894029, 0.016051417212],
      [0.036822457832, 0.02193638627, 0.0013766131449, 0.93033456424, 0.009529978511],
      [0.27194820216, 0.1031174855, 0.15673061633, 0.20812625148, 0.26007744454]
    ],
    [
      [0.0014949374532, 0.21912827535, 0.0065297530652, 0.76568581787, 0.0071612162608],
      [1.9795881328e-06, 3.762872648e-05, 0.80229523647, 9.3012443737e-05, 0.19757214277],
      [0.0087676703976, 0.010396331025, 0.8912278311, 0.06827233703, 0.021335830443],
      [0.010247960862, 0.022610305679, 0, 0.96633689296, 0.00080484050055],
      [0.12101967643, 0.14483662197, 0.1564423885, 0.25092766465, 0.32677364846]
    ],
    [
      [0.0066681365835, 0.26361616027, 0.0067261598888, 0.71897108974, 0.0040184535175],
      [9.4818560472e-06, 4.8549845124e-05, 0.88120795867, 9.3492345044e-05, 0.11864051728],
      [0.041230643813, 0.010691641873, 0.89422054394, 0.042104575491, 0.011752594885],
      [0.059632922658, 0.031144612051, 0.001198239192, 0.90259550977, 0.0054287163262],
      [0.41724812209, 0.13482315335, 0.12462616322, 0.18200260316, 0.14129995817]
    ],
    [
      [0.0033133609794, 0.28506962968, 0.0065215195049, 0.69887506934, 0.0062204204879],
      [4.5939270367e-06, 5.2066838542e-05, 0.82487365087, 8.935726942e-05, 0.17498033109],
      [0.01959247591, 0.0138845542, 0.89416564888, 0.05365915921, 0.018698161797],
      [0.028349093291, 0.036910746859, 0.010551188984, 0.91815843582, 0.0060305350439],
      [0.23361802515, 0.17118791359, 0.14057811313, 0.20745300597, 0.24716294216]
    ],
    [
      [0.0043959451134, 0.25611253852, 0.0052300460354, 0.72888031314, 0.0053811571935],
      [7.3731284868e-06, 5.5553294006e-05, 0.81185323491, 0.0001121987227, 0.18797163994],
      [0.031077302384, 0.015214904887, 0.74466239018, 0.18971243091, 0.01933297164],
      [0.039504527234, 0.034834534558, 0, 0.9216490876, 0.004011850612],
      [0.31241799825, 0.14928867973, 0.11059377949, 0.21098567562, 0.21671386691]
    ],
    [
      [0.0068875659948, 0.19425584866, 0.0067996756348, 0.78767168777, 0.0043852219411],
      [9.6809715936e-06, 3.5556406489e-05, 0.87360411085, 0.00010163231619, 0.12624901946],
      [0.040952410806, 0.0069706668228, 0.86938491892, 0.070985665481, 0.011706337968],
      [0.056940467922, 0.021367965891, 0.0011222258458, 0.91508218483, 0.0054871555063],
      [0.42333090348, 0.099569183878, 0.12579700788, 0.19991733, 0.15138557475]
    ],
    [
      [0.0054800862986, 0.26186669625, 0.0068187931271, 0.71833695241, 0.0074974719088],
      [7.0861148302e-06, 4.4408828932e-05, 0.80320350123, 8.543222572e-05, 0.1966595716],
      [0.035191431848, 0.011357505818, 0.89681051561, 0.030667626012, 0.025972920709],
      [0.049245037732, 0.031550627562, 0.0012248331227, 0.90777049547, 0.010209006114],
      [0.32295304248, 0.13045404757, 0.12215173808, 0.17689648517, 0.2475446867]
    ],
    [
      [0.0034761587473, 0, 0.0071422761792, 0.98310168427, 0.0062798808054],
      [4.3858039171e-06, 5.1129980169e-65, 0.83484524107, 0.00011153320279, 0.16503883992],
      [0, 0, 0.87138807786, 0.12861192214, 0],
      [0.024102803633, 4.0626023593e-49, 0.00099357320697, 0.97490362316, 0],
      [0.26690193559, 0, 0.16181806641, 0.30167357644, 0.26960642156]
    ],
    [
      [0.0067945093883, 0.22609936331, 0.0072871387454, 0.75532237062, 0.0044966179315],
      [8.9906638927e-06, 3.9169048753e-05, 0.87878617275, 9.2062655465e-05, 0.12107360488],
      [0.036977193291, 0.0069238546285, 0.91656052799, 0.027382530117, 0.012155893974],
      [0.05815427021, 0.025908763756, 0.0012468331526, 0.90885761714, 0.005832515738],
      [0.40892461441, 0.11501610601, 0.13341258186, 0.19028771149, 0.15235898623]
    ],
    [
      [0.0055449566191, 0.23621305754, 0.0066369363114, 0.74600095876, 0.0056040907623],
      [7.7749432274e-06, 4.4084967591e-05, 0.84242781967, 9.6806496285e-05, 0.15742351392],
      [0.033811999658, 0.011400724054, 0.87446074852, 0.063593846028, 0.016732681736],
      [0.048330802058, 0.02803989027, 0.0011591500999, 0.91505213927, 0.007418018303],
      [0.3467613298, 0.12815016881, 0.1284991473, 0.19967293172, 0.19691642238]
    ],
    [
      [0.0043943529873, 0.18183968889, 0.0047334815856, 0.8056394804, 0.0033929961343],
      [8.602052926e-06, 4.5901095343e-05, 0.86220066401, 0.00014379434078, 0.1376010385],
      [0.033870744996, 0.011281718225, 0.67056295093, 0.28084089223, 0.0034436936205],
      [0.021422095714, 0.025048626664, 0, 0.95352927762, 0],
      [0.35275824455, 0.11940650139, 0.11299770207, 0.26180478596, 0.15303276602]
    ],
    [
      [0.0030682179313, 0.27512821507, 0.0067752261386, 0.71216382105, 0.0028645198109],
      [4.5257261442e-06, 5.2928933666e-05, 0.9129652021, 9.6451430986e-05, 0.086880891808],
      [0.011532186999, 0.0097081807138, 0.92871178514, 0.045320481503, 0.004727365647],
      [0.028586458138, 0.034136498719, 0.0012596423154, 0.93197946791, 0.0040379329183],
      [0.25718822446, 0.19176200555, 0.17031593911, 0.24565542056, 0.13507841032]
    ],
    [
      [0.0035994848599, 0.10429881362, 0.0058767893108, 0.88262008395, 0.0036048282656],
      [5.8398304394e-06, 2.1393363702e-05, 0.87654033612, 0.00013012796698, 0.12330230272],
      [0.017064793161, 0.0044380710881, 0.8159415246, 0.15614821704, 0.0064073941136],
      [0.027791429347, 0.010395402144, 0.00090242262823, 0.95671224273, 0.0041985031487],
      [0.30783124415, 0.071136433479, 0.14675828806, 0.29982273486, 0.17445129945]
    ],
    [
      [0.0023542593912, 0.25235419044, 0.007219202818, 0.72893964319, 0.0091327041626],
      [2.784180953e-06, 3.8820421387e-05, 0.77888955893, 7.9187969514e-05, 0.2209896485],
      [0.010998484099, 0.0070554029891, 0.94516744578, 0.012286258942, 0.024492408192],
      [0.021467411447, 0.030591912205, 0.001314358768, 0.93402034688, 0.012605970704],
      [0.15931376882, 0.14249595486, 0.14716287613, 0.2040172419, 0.34701015829]
    ],
    [
      [0.0034368776618, 0.14267717942, 0.0067931033641, 0.84279125025, 0.004301589303],
      [4.8642893758e-06, 2.6498232823e-05, 0.87600010311, 0.00010986046198, 0.1238586739],
      [0.010879643541, 0.0026875560989, 0.87387908886, 0.10795787015, 0.0045958413419],
      [0.027577265533, 0.015358426895, 0.001089650289, 0.95074389986, 0.0052307574214],
      [0.27148334199, 0.095362387912, 0.16323421063, 0.27866464303, 0.19125541644]
    ],
    [
      [0, 0, 0.0055415782125, 0.99445842179, 0],
      [4.5306098283e-17, 0, 0.99991976643, 8.0233566763e-05, 0],
      [0, 0, 0.82695828694, 0.17304171306, 0],
      [7.7037197775e-34, 0, 0, 1, 0],
      [0, 0, 0.34608342612, 0.65391657388, 0]
    ],
    [
      [0.0033824214251, 0.17952979049, 0.0054948308957, 0.80586237311, 0.0057305840826],
      [5.4311304428e-06, 3.6973130791e-05, 0.81033228152, 0.00011800618107, 0.18950730804],
      [0.018605127578, 0.011027881221, 0.79179640627, 0.16712300917, 0.011447575754],
      [0.028180359308, 0.019612008647, 0.00091286438238, 0.94407607686, 0.007218690799],
      [0.2604250178, 0.1134213222, 0.12625126803, 0.25260403811, 0.24729835386]
    ],
    [
      [0.0044808935895, 0.29623608002, 0.0070352197616, 0.68684483405, 0.0054029725826],
      [5.9917080037e-06, 5.2446064465e-05, 0.85426502487, 8.4854904117e-05, 0.14559168246],
      [0.024751380762, 0.013551401086, 0.89714759671, 0.049378002219, 0.015171619223],
      [0.040528352188, 0.036493428444, 0.044421767535, 0.87090009015, 0.0076563616854],
      [0.2958878424, 0.1681102715, 0.14288593342, 0.19250759724, 0.20060835545]
    ],
    [
      [0.0020696813539, 0.10914309484, 0.0071745029797, 0.8675743443, 0.014038376526],
      [2.1899016468e-06, 1.4674846683e-05, 0.6944537605, 8.3465293402e-05, 0.30544590946],
      [0.010340350259, 0.0022530403172, 0.89347213925, 0.047073507708, 0.046860962461],
      [0.016228422552, 0.011098208557, 0.0011189440929, 0.95495404058, 0.016600384214],
      [0.12799138446, 0.053985112847, 0.12953477618, 0.21332228462, 0.4751664419]
    ],
    [
      [0.0020902076005, 0, 0.0070275594728, 0.99088223293, 0],
      [2.9676710391e-06, 0, 0.99987297041, 0.00012406191988, 0],
      [0, 0, 0.81678719202, 0.18321280798, 0],
      [0, 0, 0, 1, 0],
      [0.19916272989, 0, 0.25373771922, 0.54709955089, 0]
    ],
    [
      [0.0042907249233, 0.24623503855, 0.005731931179, 0.73623827812, 0.0075040272277],
      [6.3180421673e-06, 4.7090343728e-05, 0.77255973013, 9.936354788e-05, 0.22728749793],
      [0.030711492141, 0.018183129355, 0.81575849581, 0.10980150291, 0.025545379781],
      [0.038231078342, 0.029098674656, 0.001018786571, 0.92153874333, 0.010112717106],
      [0.28095435395, 0.13343733231, 0.1122749517, 0.1975672573, 0.27576610474]
    ],
    [
      [0.0012939340586, 0.27687871158, 0.0062312134186, 0.71053428506, 0.0050618558895],
      [1.831233804e-06, 4.7339966415e-05, 0.84458834761, 8.979530012e-05, 0.15527268589],
      [0.0077914647165, 0.012554498593, 0.91063733672, 0.069016699974, 0],
      [0.0019846803133, 0.021231080994, 0.016489459831, 0.96029477886, 0],
      [0.1208850824, 0.19491757699, 0.17244219867, 0.25111515758, 0.26063998436]
    ],
    [
      [0.005595299019, 0.095892186608, 0.0087282549091, 0.87698155776, 0.012802701702],
      [5.2954659937e-06, 1.1906488425e-05, 0.75351129057, 7.643894469e-05, 0.24639506853],
      [0.024703007927, 0.0034716691202, 0.89291582339, 0.050184804429, 0.028724695137],
      [0.045117788773, 0.0042027598524, 0.077200058032, 0.84887086943, 0.024608523916],
      [0.28097261713, 0.040681804502, 0.1331630339, 0.1840629292, 0.36111961527]
    ],
    [
      [0.0031918769367, 0.17024033992, 0.0079409879882, 0.80924561882, 0.0093811763401],
      [3.4682021466e-06, 2.3923490141e-05, 0.78905997338, 8.0685907252e-05, 0.21083194902],
      [0.013596110228, 0.0018699451201, 0.95527105689, 0.0080981798458, 0.021164707916],
      [0.026452444653, 0.018642481324, 0.0013127674644, 0.94183276052, 0.011759546037],
      [0.20466456039, 0.090161235583, 0.1522792464, 0.21280762749, 0.34008733014]
    ],
    [
      [0.0060034780701, 0.22429883957, 0.0072417158714, 0.75805689046, 0.0043990760284],
      [8.0259414572e-06, 3.9481855799e-05, 0.88101072335, 9.3416761414e-05, 0.11884835209],
      [0.029865856814, 0.0059064695797, 0.91912903627, 0.034778612087, 0.010320025251],
      [0.051548047936, 0.025935018049, 0.0012439477807, 0.9155450622, 0.0057279240373],
      [0.38010960476, 0.12106433639, 0.14028307069, 0.20223362698, 0.15630936119]
    ],
    [
      [0.0031552537488, 0.087118179303, 0, 0.90041660597, 0.0093099609816],
      [3.8907101701e-06, 1.3770287869e-05, 0.74004462093, 0.00010081604311, 0.25983690203],
      [0.018331871599, 0.00403294767, 0.78979305148, 0.16030288148, 0.027539247773],
      [0.023888433112, 0.0054584698326, 0, 0.9648353298, 0.0058177672517],
      [0.21552709874, 0.046029958953, 0.12110372544, 0.23485704574, 0.38248217113]
    ],
    [
      [0.0032363060389, 0.26641484225, 0, 0.7244031251, 0.0059457266113],
      [4.2669809953e-06, 4.5267931838e-05, 0.82879977345, 8.6744983169e-05, 0.17106394665],
      [0.018132898309, 0.011978517322, 0.86797912077, 0.084961356669, 0.016948106926],
      [0.027641622915, 0.033106745867, 0, 0.93475125647, 0.0045003747458],
      [0.24073255727, 0.15741579296, 0.13202087923, 0.21076775572, 0.25906301482]
    ],
    [
      [0, 0.35644254758, 0.0029602163981, 0.62457633809, 0.016020897931],
      [1.1102230246e-16, 4.4070911152e-05, 0.44680211623, 7.385074999e-05, 0.55307996211],
      [0, 0.051442527877, 0.56893823953, 0.22752408616, 0.15209514644],
      [8.4431817685e-33, 0.035956169366, 0, 0.93857256733, 0.025471263305],
      [0, 0.13972727877, 0.051769600786, 0.13840882108, 0.67009429936]
    ],
    [
      [0, 0.13229417678, 0.016376662092, 0.85132916113, 0],
      [9.025126301e-18, 1.8208685131e-05, 0.81245489362, 8.3567561242e-05, 0.18744333013],
      [0, 0.0050783311036, 0.94246782058, 0.052453848312, 0],
      [0, 0.0041367903915, 0.030972767715, 0.96489044189, 0],
      [0, 0.092472856342, 0.22545358779, 0.29568931228, 0.38638424359]
    ],
    [
      [0.0080197671191, 0.63968980757, 0.0016819231931, 0.35060850212, 0],
      [2.8167872754e-05, 0.00012597404874, 0.99974544339, 0.00010041468879, 0],
      [0.13364370243, 0.029994265652, 0.4991590384, 0.33720299351, 0],
      [0.1449385656, 0.060064332225, 0, 0.79499710217, 0],
      [1, 0, 0, 0, 0]
    ],
    [
      [0.0074897470964, 0.55921742837, 0.0052160931297, 0.4280767314, 0],
      [1.458378834e-05, 0.00012696150912, 0.99978329688, 7.5157823555e-05, 0],
      [0.082795159621, 0.087002316004, 0.83020252438, 0, 0],
      [0.097633104418, 0.08623467155, 0.0013369853954, 0.81479523864, 0],
      [0.52481545735, 0.26880252669, 0.097858443142, 0.10852357282, 0]
    ],
    [
      [0.0046414858381, 0.15693299847, 0.0047407749531, 0.82324407744, 0.010440663298],
      [6.3338017503e-06, 2.4602373946e-05, 0.66673940205, 9.9275366846e-05, 0.33313038641],
      [0.046773585719, 0.0094471344728, 0.6669796355, 0.23813665683, 0.038662987485],
      [0.038411120882, 0.014899354803, 0, 0.9340451119, 0.012644412415],
      [0.28982896775, 0.067344862713, 0.079230056665, 0.18018117879, 0.38341493408]
    ],
    [
      [0.0036334510369, 0.2184756973, 0.0074382863056, 0.74504310384, 0.025409461516],
      [2.6680610525e-06, 1.78765644e-05, 0.52971510703, 4.7855559799e-05, 0.47021649278],
      [0.017459908134, 0.0011686978662, 0.88559426972, 0, 0.095777124282],
      [0.045105552321, 0.021690718912, 0.04308526207, 0.85699309679, 0.03312536991],
      [0.1468027049, 0.055651974431, 0.074256372173, 0.097469860298, 0.6258190882]
    ],
    [
      [0.004955071405, 0.308786778, 0.0053863206626, 0.68087182993, 0],
      [9.7341959333e-06, 7.5684515145e-05, 0.99979225117, 0.00012233011554, 0],
      [0.034187443085, 0.016551355542, 0.79504695547, 0.1542142459, 0],
      [0.045871032057, 0.039958078126, 0, 0.91417088982, 0],
      [0.4310373971, 0.20650917026, 0.13325871966, 0.22919471298, 0]
    ],
    [
      [0.0066364816071, 0.57695569483, 0.0036184668096, 0.40832542733, 0.0044639294172],
      [1.2863238068e-05, 0.00012517188994, 0.79362899823, 6.7333018478e-05, 0.20616563362],
      [0.054267243154, 0.15709814827, 0.68566714869, 0.039600387143, 0.063367072742],
      [0.17009064964, 0.10945726934, 0, 0.71115896753, 0.0092931134882],
      [0.43561942118, 0.24599917659, 0.061619001205, 0.087417091062, 0.16934530996]
    ],
    [
      [1.4398204851e-16, 0.36276900733, 0.0046555910488, 0.62511156018, 0.007463841446],
      [8.3603134561e-19, 5.0264867911e-05, 0.72987845439, 8.2470322251e-05, 0.26998881042],
      [9.553754295e-36, 0.015350206189, 0.88054865661, 0.08365530618, 0.020445831022],
      [1.5059199499e-19, 0.028651359217, 0, 0.97134864078, 0],
      [0, 0.22107905107, 0.12546749832, 0.21448626328, 0.43896718734]
    ],
    [
      [0.0055179794528, 0.32778802492, 0.0063158445229, 0.65431845645, 0.0060596946496],
      [7.7504331485e-06, 5.913655502e-05, 0.82348013715, 8.3426301774e-05, 0.17636954956],
      [0.043321597483, 0.023556044306, 0.88267439886, 0.025141860573, 0.02530609878],
      [0.053663021266, 0.041775546856, 0.001222699047, 0.89444241629, 0.0088963165416],
      [0.34421117545, 0.16559925612, 0.11616373705, 0.1633441229, 0.21068170847]
    ],
    [
      [0.0066744467263, 1.1102230246e-16, 0.012383920894, 0.98094163238, 0],
      [1.764406568e-06, 0, 0.99997855659, 1.9679007237e-05, 0],
      [0.0056692170165, 0, 0.98561474281, 0.0087160401767, 0],
      [0, 0, 0.12378883205, 0.87621116795, 0],
      [0.49382816813, 0, 0.31531742007, 0.1908544118, 0]
    ],
    [
