{
  "Z_true": {},
  "V_true": [
    [22, 48, 632, 546],
    [1488, 552, 865, 136],
    [616, 3650, 501, 269],
    [160, 67, 22660, 431],
    [217, 537, 538, 336],
    [72, 91, 815, 296]
  ],
  "p_true": [
    [0.0176, 0.0385, 0.5064, 0.4375],
    [0.4893, 0.1815, 0.2844, 0.0447],
    [0.1223, 0.7248, 0.0995, 0.0534],
    [0.0069, 0.0029, 0.9718, 0.0185],
    [0.1333, 0.3299, 0.3305, 0.2064],
    [0.0565, 0.0714, 0.6397, 0.2323]
  ],
  "Z_est": [
    [
      [0.5377, 0.3029, 0.076, 0.2868, 0.1515, 0.3045, 0.0184, 0.4872, 0.0484, 0.1166, 0.5017, 0.4851, 0.2956, 0.7599, 0.0135, 0, 0.1785, 0.1811, 0.2129, 0.217, 0.6159, 0.4434, 0, 0.0026, 0.0026, 0.0172, 0.0208, 0.0234, 0.2513, 0.2327, 0.3321, 0.0161, 0.2072, 3.2562, 0.672, 0, 0.1301, 0, 0.4313, 0.3716, 0.1718, 0.1785, 0.4572, 0.0994, 0.1728, 0.1509, 0.7807, 0, 0.1697, 0.1879, 0.0182, 1.1988, 0.1395],
      [2.0557, 1.9253, 0.7865, 1.3931, 0.8447, 0.6109, 0.3161, 4.3467, 0.6732, 0.585, 6.9894, 1.6395, 1.044, 7.7891, 0.0562, 0, 0.8713, 1.2652, 1.3235, 2.1848, 1.2998, 1.4831, 0.4394, 0.0003, 0.0003, 0.1122, 0.2855, 0.5138, 4.4837, 0.8884, 1.8413, 0.0985, 0.6346, 0.3507, 2.4226, 0, 2.6511, 0, 0.7948, 2.45, 1.6275, 2.2561, 1.2815, 0.3853, 0.7859, 0.4942, 4.6958, 0, 1.768, 1.2504, 0.002, 6.053, 0.4913],
      [18.1963, 11.087, 3.5431, 11.3258, 7.6057, 13.0085, 1.7127, 9.102, 1.8391, 1.3508, 20.2649, 27.9692, 12.9957, 30.5616, 0.442, 0, 4.7891, 7.9768, 12.4913, 13.4672, 21.4754, 19.1745, 0.5606, 0.193, 0.193, 0.2804, 1.5437, 0.4864, 14.7199, 10.6536, 11.6519, 0.6029, 7.4523, 4.5796, 24.8552, 0, 4.9977, 0, 5.2233, 23.0845, 5.0649, 2.9962, 11.795, 1.1578, 2.0151, 6.2174, 32.1055, 0, 6.7663, 6.6535, 1.3508, 29.1078, 1.9299],
      [26.2102, 17.6848, 6.5945, 15.9943, 10.3981, 19.076, 1.9528, 22.0641, 3.4393, 4.9477, 36.244, 28.9062, 16.6646, 42.8894, 0.4882, 0, 8.1611, 12.5768, 15.9724, 17.131, 21.609, 28.899, 0, 0.8041, 0.8041, 0.5902, 6.15, 0.9764, 22.545, 13.2253, 17.1747, 1.2825, 9.7059, 1.8135, 30.0503, 0, 7.2211, 0, 6.5507, 30.094, 10.1358, 8.5692, 16.4663, 4.3575, 6.0261, 9.1375, 45.4179, 0, 10.2961, 10.9082, 5.629, 47.6404, 3.4393]
    ],
    [
      [91.2876, 48.356, 12.313, 48.4507, 25.4735, 56.1361, 1.7959, 91.0716, 7.8258, 14.5103, 79.0063, 81.4995, 53.046, 127.8625, 1.6327, 0, 34.6057, 26.906, 34.9214, 34.1931, 52.507, 69.0581, 0, 6.5168, 10.1212, 0.7951, 100.2522, 4.0437, 30.3976, 37.8811, 65.108, 2.3383, 36.3223, 6.5026, 120.7845, 0, 20.7022, 3.1177, 18.0216, 57.2455, 28.9019, 27.558, 23.057, 19.5488, 33.984, 27.4378, 142.7084, 1.617, 28.9651, 30.8347, 43.3055, 220.6142, 30.6399],
      [1.5981, 1.3068, 4.3962, 1.0239, 0.6089, 0.7948, 0.1004, 2.8888, 0.4148, 0.07, 2.6135, 0.8992, 0.8729, 3.4553, 0.0078, 0, 1.2039, 0.8337, 0.9308, 5.8877, 0.9619, 1.1676, 0.5008, 0.0311, 0.3373, 0.0039, 2.5362, 0.1092, 0.9895, 0.6866, 2.7944, 0.0659, 0.3488, 0.0311, 1.9785, 0, 1.2163, 0.0698, 0.3491, 1.6753, 1.0508, 0.1321, 0.1088, 0.4073, 0.6129, 0.4268, 3.4014, 0.0548, 1.1361, 0.8493, 1.1052, 4.4914, 0.4384],
      [22.4762, 10.6961, 9.0504, 13.924, 9.4075, 18.4342, 3.5769, 26.2407, 2.2808, 2.5801, 23.0432, 41.7501, 20.1716, 38.9336, 0.2867, 0, 23.99, 5.667, 14.0137, 27.2167, 9.9069, 16.7734, 0.4992, 1.1467, 2.387, 0.1433, 28.7997, 0.8187, 5.5902, 10.4409, 24.5601, 0.4369, 11.9459, 1.1467, 37.3074, 0, 5.8829, 0.6527, 6.6544, 21.4395, 7.4076, 4.8735, 4.0135, 5.9688, 9.7002, 10.5515, 54.9058, 0.3282, 9.2857, 7.6178, 10.422, 60.1045, 10.9951],
      [4.6381, 2.6411, 1.2404, 2.6013, 1.5101, 3.6349, 0.5267, 4.7988, 0.4785, 0.8397, 5.337, 0.8512, 2.9096, 6.7486, 0.0728, 0, 2.2003, 1.5934, 2.1342, 4.7025, 0.6242, 4.0009, 0, 0.3054, 1.1544, 0.0577, 4.4119, 0.0284, 2.0227, 1.9914, 3.5374, 0.1589, 0.383, 0.3196, 5.9297, 0, 0.1986, 0.1598, 0.9749, 3.6396, 1.6397, 1.4364, 0.8207, 1.0751, 1.703, 1.5839, 7.9845, 0, 1.6132, 1.6983, 2.1673, 10.7899, 0.9266]
    ],
    [
      [6.8157, 6.813, 0.1031, 5.2313, 1.3727, 2.5027, 0.1003, 12.4329, 0.7553, 7.0256, 9.0718, 5.7043, 3.5081, 13.5191, 1.2554, 0.8279, 2.7583, 4.4498, 0.3452, 0.2856, 7.5202, 8.8833, 0, 1.9823, 0.7746, 2.9412, 2.4911, 0.6616, 5.2917, 5.2105, 1.4906, 0.3194, 5.2168, 1.4291, 14.5371, 0, 1.4228, 0.6279, 1.1649, 1.8226, 4.528, 8.729, 4.2228, 2.0825, 3.2734, 1.2664, 5.4994, 0.1425, 2.6306, 5.0346, 5.7342, 29.4438, 1.7053],
      [122.0314, 119.7973, 46.4714, 87.6665, 54.0928, 37.4527, 1.7796, 276.4628, 39.9708, 78.9595, 248.4832, 98.6778, 62.351, 269.0131, 3.8972, 3.8215, 51.1249, 79.6071, 78.654, 73.3692, 77.7509, 76.8691, 2.6931, 15.173, 20.7387, 7.1794, 52.6494, 7.0343, 104.9683, 55.3643, 115.8104, 5.6997, 35.4014, 13.0571, 148.4448, 0, 26.4797, 6.9079, 28.2531, 147.2041, 101.6423, 143.9896, 79.2941, 33.687, 45.7611, 27.4056, 273.7513, 2.7838, 113.4803, 80.3653, 102.4854, 390.7085, 29.4644],
      [5.349, 10.7213, 2.0632, 13.8268, 8.7915, 4.1525, 0.0491, 30.734, 1.0555, 3.4803, 19.9912, 12.9864, 3.0994, 7.1674, 2.543, 0.0315, 1.7726, 9.2959, 11.1153, 5.3224, 4.2658, 3.5631, 0.3069, 1.5944, 0.5646, 2.3521, 1.4482, 0.283, 2.8964, 16.2413, 7.6551, 0.3906, 5.5072, 0.4507, 14.2012, 0, 0.9502, 0.6623, 2.841, 42.4499, 10.1637, 15.036, 6.7024, 4.7019, 1.82, 16.9337, 15.664, 0.0736, 11.6629, 11.7553, 7.9057, 46.0537, 1.5069],
      [5.8039, 5.6683, 4.3623, 6.2754, 4.743, 3.892, 0.071, 13.3703, 1.2184, 3.5346, 11.4538, 0.6315, 3.0414, 2.3003, 0.3044, 0.3191, 2.3442, 5.6472, 1.8854, 5.0228, 0.4631, 11.6845, 0, 1.2503, 0.9221, 0.5273, 2.4113, 0.0211, 4.8436, 4.184, 6.0439, 0.5904, 1.8746, 0.0632, 1.8169, 0, 0.1474, 2.8019, 0.741, 6.5234, 4.6659, 6.2454, 3.7807, 4.5286, 2.1455, 3.3943, 7.0853, 0, 3.2261, 5.8447, 4.8747, 18.794, 1.3234]
    ],
    [
      [11.7228, 3.4932, 0.0566, 2.1939, 0.1219, 0.9282, 0.0087, 0.4704, 0.0392, 4.4044, 0.4007, 0.3963, 0.257, 2.8274, 0.0972, 0.1721, 0.1699, 1.3213, 0.1611, 0.1568, 3.2664, 4.5324, 0, 1.2609, 0.0479, 0.1214, 10.7, 0.1024, 1.6013, 1.2336, 0.3005, 0.2147, 0.7971, 0.8972, 2.539, 0, 0.3298, 0.2544, 0.0871, 0.27, 0.1524, 1.2677, 3.1786, 0.5166, 2.1971, 0.1307, 0.6751, 0.0398, 0.1437, 0.7251, 3.2253, 9.4962, 0.4958],
      [2.6538, 0.4361, 0.7655, 0.3151, 0.8349, 0.1369, 0.027, 3.3305, 3.1297, 1.5264, 6.9335, 0.3692, 0.2632, 30.3476, 0.0127, 0.1785, 1.0279, 0.2865, 0.2992, 1.268, 2.2079, 0.3342, 0.0284, 0.0509, 3.513, 0.0255, 1.685, 1.6225, 9.5694, 0.2005, 2.4999, 0.0679, 0.1432, 0.0509, 0.5475, 0, 0.5653, 0.0223, 0.4082, 0.5538, 0.4939, 4.6491, 1.586, 0.1241, 0.1782, 0.1114, 10.2328, 0.0564, 1.7329, 0.2833, 1.4902, 1.3719, 1.768],
      [933.6028, 768.2084, 297.0641, 666.3667, 617.4945, 664.7356, 96.9456, 645.9466, 85.7798, 127.5627, 597.2282, 1352.9547, 568.4618, 905.3121, 16.8854, 3.9685, 229.3632, 610.7604, 577.3391, 500.6952, 616.3205, 870.5103, 7.9716, 33.6863, 35.3391, 20.8438, 246.8032, 7.2657, 336.7958, 285.0149, 728.9715, 33.5876, 368.9338, 82.0239, 1167.5638, 7, 134.0396, 17.685, 155.4347, 1231.7891, 359.0978, 172.9386, 239.6637, 141.4112, 449.0912, 342.1593, 1840.4813, 18.9038, 266.9881, 339.6947, 358.1468, 1687.6351, 197.6849],
      [6.0205, 2.8624, 1.1138, 1.1243, 2.5486, 2.1994, 0.0187, 1.2525, 0.0513, 0.5065, 13.4376, 0.2798, 2.0181, 0.5129, 0.0047, 0.6809, 0.439, 1.6319, 0.2005, 0.88, 0.2052, 1.6231, 0, 1.0019, 3.0999, 0.0093, 0.8118, 0.0093, 3.0334, 0.5509, 1.228, 1.1298, 0.1259, 0.028, 0.3497, 0, 0.0653, 0.0383, 0.0699, 0.387, 0.2559, 0.1446, 2.5717, 0.9481, 0.5335, 0.5986, 0.6109, 0, 0.1352, 1.2969, 5.1377, 3.4968, 0.0513]
    ],
    [
      [3.5952, 2.0109, 0.4455, 1.8148, 0.8691, 0.1057, 0.0767, 3.4991, 0.3274, 0.9329, 2.9844, 2.8791, 1.8708, 4.9754, 0, 0, 1.2732, 1.1273, 1.3445, 1.1335, 2.0651, 3.0504, 0, 0.2374, 0.0498, 0.1252, 3.4953, 0.167, 1.4423, 1.4252, 1.7413, 0.1115, 1.4402, 1.9098, 4.4145, 0, 2.406, 0, 0.2871, 2.2642, 1.2326, 1.252, 1.0718, 0.7443, 1.3569, 1.0021, 5.2764, 0.0981, 1.0784, 1.2031, 1.6967, 8.1456, 1.0075],
      [16.709, 12.6407, 2.9788, 7.9553, 3.227, 3.7235, 0.7769, 20.9513, 3.4986, 8.2726, 15.1421, 13.6565, 8.9858, 44.0677, 0, 0, 7.3676, 7.4199, 12.1792, 4.7164, 9.179, 24.4606, 0, 0.7447, 1.2412, 0.679, 9.4071, 2.1878, 14.1086, 5.4493, 7.1987, 1.068, 8.1781, 2.4058, 17.4845, 0, 5.8464, 0, 1.9859, 20.9812, 10.4295, 7.6854, 7.4306, 4.142, 8.2962, 6.3332, 39.74, 3.0659, 7.0615, 5.6714, 8.1739, 25.5635, 2.6097],
      [12.0881, 9.7173, 1.5186, 3.6699, 1.6451, 1.8982, 0.7157, 15.7322, 2.6888, 7.0233, 7.7195, 11.0021, 5.9901, 20.1043, 0, 0, 7.3502, 3.9462, 13.543, 2.4044, 6.0176, 28.1614, 0, 0.3796, 0.6327, 0.3803, 8.8643, 0.9402, 12.3715, 2.6575, 3.6699, 0.982, 9.5718, 1.6373, 12.923, 0, 6.8935, 0, 1.0124, 21.1134, 10.6666, 3.8241, 3.5759, 2.9599, 9.9521, 5.8413, 38.1681, 1.8361, 4.2369, 2.6575, 5.2599, 12.1487, 1.2981],
      [28.6077, 20.6311, 7.0571, 15.56, 7.2588, 9.2726, 1.4308, 30.8173, 4.4851, 9.7711, 35.154, 22.4623, 16.1533, 45.8526, 0, 0, 11.009, 13.5067, 17.9333, 10.7457, 15.7383, 38.3276, 0, 1.6383, 3.0763, 0.8155, 13.2333, 0.705, 23.0776, 11.4679, 16.3901, 1.8385, 11.8099, 3.0471, 28.178, 0, 4.8541, 0, 4.7146, 32.6412, 14.6714, 11.2385, 13.9217, 7.1538, 11.3948, 10.8234, 54.8155, 0, 10.6232, 11.4679, 12.8694, 50.1421, 4.0847]
    ],
    [
      [0.041, 0.024, 0.0057, 0.0224, 0.0114, 0.0228, 0, 0.0388, 0.0038, 0.0102, 0.0351, 0.0357, 0.0225, 0.0556, 0.0011, 0, 0.0144, 0.0145, 0.0149, 0.014, 0.0254, 0.0324, 0, 0, 0.004, 0, 0.0406, 0.0019, 0.0157, 0.0169, 0.0275, 0, 0.0165, 0.0052, 0.0529, 0, 0.0091, 0, 0.008, 0.0261, 0.0132, 0.0147, 0.0126, 0.0084, 0.0158, 0.012, 0.0601, 0.1026, 0.0125, 0.0145, 0.0201, 0.1013, 0.012],
      [0.9519, 0.8938, 0.6016, 0.6461, 0.3917, 0.2812, 0, 2.0198, 0.3129, 0.5866, 1.8383, 0.7578, 0.4831, 2.3272, 0.0261, 0, 0.4043, 0.5876, 0.6133, 0.5739, 0.6006, 0.6854, 0.3382, 0, 0.1694, 0, 0.4368, 0.5323, 0.8804, 0.4109, 0.8551, 0, 0.2938, 0.1044, 1.1223, 0, 0.2413, 0, 0.209, 1.1356, 0.7561, 2.2876, 1.2989, 0.2543, 0.3656, 0.2289, 2.1788, 0.0392, 0.8212, 0.5804, 0.7433, 2.8117, 0.2282],
      [20.2875, 33.5699, 12.7607, 27.8868, 19.0556, 24.7709, 0, 17.2445, 7.3559, 10.0029, 34.753, 52.3375, 25.2813, 44.921, 0.8429, 0, 10.735, 31.3538, 23.4976, 16.894, 31.0138, 29.8174, 0.6618, 0, 1.8836, 0, 8.5409, 1.206, 23.6262, 11.9918, 43.4915, 0, 15.589, 4.1618, 44.1495, 0, 6.236, 0, 12.8342, 51.1236, 12.5994, 12.3317, 16.2495, 4.8004, 20.4214, 19.2968, 75.6752, 1.8582, 12.0602, 15.6212, 16.9148, 103.9502, 4.5851],
      [7.7196, 6.5122, 2.632, 5.4447, 3.5414, 4.9251, 0, 7.6969, 1.3273, 2.4003, 11.3736, 6.8689, 5.213, 11.6962, 0.1299, 0, 2.8464, 5.0441, 4.8742, 4.518, 5.3602, 9.4648, 0, 0, 0.943, 0, 2.9817, 0.2598, 6.4777, 3.5804, 6.6258, 0, 3.1008, 0.7286, 8.6754, 0, 1.5136, 0, 1.9488, 9.7147, 3.6313, 3.366, 4.439, 1.9369, 3.1971, 3.4624, 15.0859, 0, 3.1062, 3.784, 4.3218, 18.1367, 1.1747]
    ]
  ],
  "V_est": [
    [15.9274, 78.541, 468.6167, 684.915],
    [2171.7816, 59.9761, 696.4459, 112.7964],
    [222.9587, 4206.1816, 412.1521, 194.7077],
    [80.1993, 102.3169, 23068.1523, 67.3316],
    [83.0633, 463.0776, 349.391, 732.4682],
    [1.0699, 34.9069, 1016.242, 221.7813]
  ],
  "p_est": [
    [0.0128, 0.0629, 0.3755, 0.5488],
    [0.7142, 0.0197, 0.229, 0.0371],
    [0.0443, 0.8352, 0.0818, 0.0387],
    [0.0034, 0.0044, 0.9893, 0.0029],
    [0.051, 0.2844, 0.2146, 0.4499],
    [0.0008, 0.0274, 0.7977, 0.1741]
  ],
  "EI_Z": {},
  "EI_V": 6.8944,
  "MAE_Z": {},
  "MAE_V": 204.2165,
  "MAE_p": 0.0743,
  "runtime": 1.3127
}
