{
  "Z_true": {},
  "V_true": [
    [22, 48, 632, 546],
    [1488, 552, 865, 136],
    [616, 3650, 501, 269],
    [160, 67, 22660, 431],
    [217, 537, 538, 336],
    [72, 91, 815, 296]
  ],
  "p_true": [
    [0.0176, 0.0385, 0.5064, 0.4375],
    [0.4893, 0.1815, 0.2844, 0.0447],
    [0.1223, 0.7248, 0.0995, 0.0534],
    [0.0069, 0.0029, 0.9718, 0.0185],
    [0.1333, 0.3299, 0.3305, 0.2064],
    [0.0565, 0.0714, 0.6397, 0.2323]
  ],
  "Z_est": [
    [
      [0.4611, 0.2619, 0.0672, 0.2478, 0.1326, 0.2641, 0.017, 0.4147, 0.0423, 0.0985, 0.4398, 0.4239, 0.256, 0.6591, 0.0115, 0, 0.1523, 0.1583, 0.188, 0.1928, 0.5713, 0.3856, 0, 0.0026, 0.0026, 0.0145, 0.0208, 0.0201, 0.2251, 0.2017, 0.2857, 0.0141, 0.1776, 3.2538, 0.5759, 0, 0.1133, 0, 0.4902, 0.3298, 0.1482, 0.1523, 0.4855, 0.084, 0.1453, 0.1308, 0.6765, 0, 0.1475, 0.1624, 0.0182, 1.0181, 0.1167],
      [1.8418, 1.7245, 0.7044, 1.2481, 0.7568, 0.5479, 0.2798, 3.8924, 0.6028, 0.6155, 5.8949, 1.4695, 0.9356, 8.2977, 0.0504, 0, 0.7804, 1.1334, 1.1857, 1.1115, 1.165, 1.3292, 0.4344, 0.0003, 0.0003, 0.1005, 0.3018, 0.5144, 4.5338, 0.7961, 1.6494, 0.0882, 0.5687, 0.3127, 2.1705, 0, 2.7169, 0, 0.6706, 2.195, 1.4575, 2.0202, 1.7709, 0.4119, 0.7039, 0.4429, 4.2064, 0, 1.5833, 1.12, 0.002, 5.4214, 0.44],
      [18.5337, 11.3613, 3.6468, 11.5379, 7.7305, 13.2934, 1.7531, 9.6732, 1.9219, 1.3499, 20.4539, 28.2417, 13.172, 30.2231, 0.4506, 0, 4.9216, 8.1548, 12.6804, 14.5921, 21.6853, 19.4403, 0.5656, 0.1928, 0.1928, 0.296, 1.5427, 0.4905, 14.7341, 10.7986, 11.9205, 0.6179, 7.5643, 4.6234, 25.251, 0, 4.9586, 0, 5.2985, 23.4319, 5.2782, 3.2755, 11.4005, 1.157, 2.1381, 6.3057, 32.778, 0, 6.9907, 6.8297, 1.3499, 30.0071, 2.0104],
      [26.1635, 17.6522, 6.5815, 15.9662, 10.3801, 18.8946, 1.9501, 22.0197, 3.4329, 4.9362, 37.2113, 28.8649, 16.6365, 42.8202, 0.4875, 0, 8.1456, 12.5536, 15.9459, 17.1037, 21.5784, 28.8449, 0, 0.8043, 0.8043, 0.5891, 6.1347, 0.975, 22.507, 13.2036, 17.1444, 1.2797, 9.6894, 1.8101, 30.0025, 0, 7.2111, 0, 6.5408, 30.0432, 10.116, 8.5519, 16.3432, 4.3471, 6.0128, 9.1207, 45.3391, 0, 10.2785, 10.8879, 5.6299, 47.5534, 3.4329]
    ],
    [
      [91.4372, 48.4367, 12.3439, 48.5242, 25.5061, 54.5403, 1.8004, 91.2072, 7.8368, 14.558, 79.1199, 81.6002, 53.115, 128.049, 1.6347, 0, 34.6488, 26.951, 34.9628, 34.2654, 52.5954, 69.1708, 0, 6.527, 10.1454, 0.7995, 100.2213, 4.0503, 30.4499, 37.9401, 65.4315, 2.3423, 36.3786, 6.5151, 120.9638, 0, 20.7341, 3.1231, 18.0451, 57.3167, 28.9467, 27.6239, 23.0523, 19.5775, 34.0363, 27.4726, 142.8869, 1.6201, 29.005, 30.884, 43.3763, 220.9603, 30.6742],
      [1.4368, 1.1673, 4.1847, 0.9182, 0.5455, 0.6518, 0.0424, 2.5773, 0.3686, 0.0657, 2.331, 0.7938, 0.7873, 3.0886, 0.0073, 0, 1.1464, 0.7435, 0.8329, 5.7359, 0.863, 1.0505, 0.5042, 0.0292, 0.9242, 0.0036, 2.5719, 0.1004, 1.0645, 0.6221, 2.336, 0.0588, 0.3079, 0.0292, 1.7825, 0, 1.1755, 0.0625, 0.3138, 1.4971, 0.9361, 0.124, 0.1021, 0.3654, 0.551, 0.3854, 3.0479, 0.0484, 1.0118, 0.7586, 0.988, 4.0291, 0.3964],
      [22.6726, 10.8854, 9.184, 14.0661, 9.5082, 19.9297, 3.6435, 26.6038, 2.3417, 2.5877, 23.9848, 41.8933, 20.2959, 39.3711, 0.2875, 0, 24.0679, 5.8051, 14.1703, 27.1957, 10.019, 16.9967, 0.4958, 1.1501, 2.4015, 0.1438, 28.8667, 0.8256, 5.6068, 10.5282, 24.8146, 0.4516, 11.9928, 1.1501, 37.5003, 0, 5.9241, 0.6616, 6.7013, 21.7398, 7.5591, 4.888, 4.0254, 6.0287, 9.7684, 10.6258, 55.3871, 0.3315, 9.4378, 7.7407, 10.5503, 60.5704, 11.0227],
      [4.4534, 2.5106, 1.2874, 2.4915, 1.4401, 3.8781, 0.5137, 4.6117, 0.4529, 0.7886, 4.5643, 0.7127, 2.8019, 6.4913, 0.0705, 0, 2.1368, 1.5003, 2.0339, 4.8031, 0.5226, 3.7821, 0, 0.2937, 0.5289, 0.053, 4.3401, 0.0238, 1.8788, 1.9096, 3.4178, 0.1473, 0.3207, 0.3056, 5.7533, 0, 0.1663, 0.1528, 0.9398, 3.4464, 1.5581, 1.3641, 0.8202, 1.0284, 1.6444, 1.5161, 7.678, 0, 1.5454, 1.6167, 2.0854, 10.4403, 0.9067]
    ],
    [
      [6.8187, 6.8547, 0.0922, 6.1076, 1.3709, 2.4861, 0.1, 12.4358, 0.7607, 4.1841, 9.0768, 5.7111, 3.5094, 13.5997, 1.2565, 0.5407, 2.7666, 4.4914, 0.3707, 0.2552, 7.5104, 8.9369, 0, 1.9834, 0.7734, 2.9412, 2.533, 0.6614, 5.3425, 5.2134, 1.4858, 0.4665, 5.2405, 1.4276, 10.6341, 0, 1.4223, 0.6263, 1.1622, 1.8651, 4.5414, 8.6517, 4.2625, 2.095, 3.2809, 1.2741, 5.5538, 0.1466, 2.6343, 5.0502, 5.7382, 29.4562, 1.7007],
      [122.6694, 120.3978, 46.7165, 88.0924, 54.3633, 37.6358, 1.7809, 278.8951, 40.0033, 79.9576, 249.8275, 99.1642, 62.6738, 269.2597, 3.9025, 3.8395, 51.3966, 80.0029, 79.0572, 73.7539, 78.1519, 77.2933, 2.6926, 15.1681, 20.773, 7.1997, 52.7015, 7.048, 105.1097, 55.656, 116.4246, 5.729, 35.5811, 13.1245, 149.2144, 0, 26.5246, 6.9133, 28.3952, 147.9524, 102.1437, 144.6726, 79.688, 33.7747, 46.0016, 27.555, 274.0934, 2.7807, 114.8417, 80.7116, 102.81, 392.3526, 29.6171],
      [4.9015, 10.225, 1.8502, 12.6523, 8.6123, 4.0847, 0.0484, 29.2339, 1.0413, 5.3883, 18.9363, 12.6188, 2.8862, 7.0714, 2.5342, 0.0291, 1.5608, 8.9717, 10.7777, 5.0803, 3.9668, 3.3225, 0.3074, 1.6099, 0.557, 2.334, 1.4288, 0.2736, 2.8576, 16.0333, 7.184, 0.3696, 5.3614, 0.3973, 17.4923, 0, 0.9351, 0.6513, 2.7333, 41.8366, 9.7464, 14.4991, 6.3756, 4.6578, 1.6349, 18.0734, 15.5456, 0.0727, 10.3605, 11.4898, 7.6902, 44.8061, 1.3886],
      [5.6105, 5.5225, 4.3412, 6.1477, 4.6536, 3.7934, 0.0706, 12.4352, 1.1947, 3.47, 11.1594, 0.5058, 2.9307, 2.0692, 0.3068, 0.5907, 2.276, 5.5341, 1.7944, 4.9106, 0.3709, 11.4473, 0, 1.2386, 0.8966, 0.525, 2.3366, 0.0169, 4.6902, 4.0972, 5.9056, 0.4349, 1.817, 0.0506, 1.6592, 0, 0.118, 2.8092, 0.7093, 6.3459, 4.5685, 6.1766, 3.6739, 4.4725, 2.0826, 2.0974, 6.8072, 0, 3.1635, 5.7484, 4.7616, 18.3851, 1.2935]
    ],
    [
      [11.666, 3.4338, 0.0524, 1.291, 0.1128, 2.5964, 0.0081, 0.4351, 0.0363, 4.3536, 0.3706, 0.3666, 0.2377, 2.7192, 0.0962, 0.4593, 0.1571, 1.2706, 0.149, 0.145, 3.2414, 4.4836, 0, 1.2741, 0.0443, 0.12, 10.6827, 0.1014, 1.5594, 1.207, 0.278, 0.0683, 0.7612, 0.8915, 6.3702, 0, 0.3138, 0.2507, 0.0806, 0.2498, 0.141, 1.1887, 3.1291, 0.4972, 2.1803, 0.1208, 0.6244, 0.038, 0.1329, 0.6928, 3.1588, 9.3188, 0.4859],
      [2.6988, 0.4741, 0.8037, 0.3426, 0.7066, 0.1488, 0.1249, 2.3628, 3.1333, 1.5535, 6.9234, 0.4014, 0.2888, 30.4859, 0.0138, 0.1605, 1.0344, 0.3115, 0.3253, 2.0951, 2.2387, 0.3634, 0.0297, 0.0554, 2.8885, 0.0277, 1.7166, 1.6209, 9.5917, 0.218, 2.5158, 0.0697, 0.1557, 0.0554, 0.5952, 0, 0.583, 0.0242, 0.4199, 0.6021, 0.5305, 4.7199, 1.616, 0.135, 0.1938, 0.1211, 10.3196, 0.0584, 0.9691, 0.308, 1.5383, 1.4915, 1.7868],
      [933.6254, 768.2288, 297.0657, 667.2361, 617.4794, 663.0677, 96.85, 646.223, 85.7836, 127.579, 597.2714, 1352.9765, 568.4625, 905.3264, 16.8857, 3.9709, 229.3704, 610.7772, 577.3425, 499.8785, 616.3325, 870.5352, 7.9703, 33.6678, 35.3428, 20.8438, 246.791, 7.2692, 336.8215, 285.0275, 728.9715, 33.5847, 368.9681, 82.0275, 1163.7152, 7, 134.0436, 17.6871, 155.4357, 1231.7946, 359.0654, 172.9594, 239.6851, 141.4169, 449.0935, 340.9374, 1840.4981, 18.9035, 267.7745, 339.6976, 358.1611, 1687.6692, 197.6804],
      [6.0097, 2.8634, 1.0782, 1.1303, 2.7012, 2.1871, 0.017, 1.9791, 0.0468, 0.5138, 13.4347, 0.2555, 2.011, 0.4685, 0.0043, 0.4093, 0.4382, 1.6407, 0.1831, 0.8814, 0.1874, 1.6178, 0, 1.0027, 3.7244, 0.0085, 0.8097, 0.0085, 3.0274, 0.5475, 1.2348, 1.2773, 0.115, 0.0256, 0.3194, 0, 0.0596, 0.038, 0.0639, 0.3535, 0.2631, 0.132, 2.5698, 0.9509, 0.5325, 1.8207, 0.5579, 0, 0.1235, 1.3015, 5.1418, 3.5205, 0.0468]
    ],
    [
      [3.5785, 1.9903, 0.4389, 1.8082, 0.8668, 0.0916, 0.0746, 3.4708, 0.3203, 3.7961, 2.9598, 2.8645, 1.8607, 4.9206, 0, 0, 1.2617, 1.1149, 1.3153, 1.1284, 2.0576, 2.9926, 0, 0.2129, 0.0305, 0.1247, 3.5041, 0.165, 1.4082, 1.4219, 1.4929, 0.1088, 1.4267, 1.9071, 4.4062, 0, 2.408, 0, 0.2144, 2.2138, 1.2102, 1.2433, 1.0587, 0.7384, 1.3423, 0.9902, 5.2017, 0.0927, 1.0685, 1.1969, 1.6896, 8.1512, 1.0111],
      [16.4037, 12.3447, 2.9881, 7.7543, 3.2371, 3.7351, 0.772, 20.2576, 3.5798, 7.2227, 15.1895, 13.4151, 8.8327, 43.5467, 0, 0, 7.2388, 7.2227, 11.9871, 4.7312, 8.9824, 24.28, 0, 0.747, 1.245, 0.6685, 9.2725, 2.1846, 13.8221, 5.2979, 7.2212, 1.0542, 8.0935, 2.3741, 17.1179, 0, 5.7593, 0, 1.9921, 20.6207, 10.178, 7.3151, 7.231, 4.0595, 8.185, 6.2673, 40.1594, 3.0735, 6.775, 5.5229, 7.9203, 24.9007, 2.5321],
      [12.0588, 9.7851, 1.5176, 3.6676, 1.6441, 1.897, 0.7049, 16.0996, 2.5661, 5.1134, 7.7145, 10.9917, 5.9484, 20.1947, 0, 0, 7.3712, 3.9772, 13.5746, 2.4029, 6.026, 27.9845, 0, 0.3794, 0.6323, 0.3825, 8.8583, 0.9364, 12.4167, 2.6558, 3.6676, 0.9762, 9.5512, 1.6456, 12.9649, 0, 6.9162, 0, 1.0117, 21.1569, 10.7861, 4.0652, 3.601, 2.9594, 9.9682, 5.7903, 37.2455, 1.8338, 4.4044, 2.6558, 5.3651, 12.1409, 1.3232],
      [28.959, 20.88, 7.0554, 15.77, 7.252, 9.2763, 1.4486, 31.1719, 4.5337, 9.8678, 35.1362, 22.7287, 16.3582, 46.3379, 0, 0, 11.1283, 13.6852, 18.123, 10.7375, 15.9341, 38.7429, 0, 1.6606, 3.0921, 0.8243, 13.3652, 0.7139, 23.3529, 11.6244, 16.6183, 1.8607, 11.9286, 3.0732, 28.5109, 0, 4.9165, 0, 4.7818, 33.0087, 14.8257, 11.3763, 14.1093, 7.2428, 11.5045, 10.9522, 55.3934, 0, 10.7521, 11.6244, 13.025, 50.8072, 4.1336]
    ],
    [
      [0.0385, 0.0227, 0.0054, 0.0212, 0.0108, 0.0215, 0, 0.0364, 0.0036, 0.0096, 0.0331, 0.0337, 0.0212, 0.0524, 0.001, 0, 0.0135, 0.0138, 0.0141, 0.0132, 0.0239, 0.0305, 0, 0, 0.0037, 0, 0.0381, 0.0017, 0.0149, 0.0159, 0.026, 0, 0.0155, 0.0048, 0.0497, 0, 0.0086, 0, 0.0076, 0.0247, 0.0125, 0.1401, 0.0119, 0.0079, 0.015, 0.0114, 0.0567, 0.1025, 0.0118, 0.0137, 0.0189, 0.0955, 0.0113],
      [0.9495, 0.8916, 0.6026, 0.6444, 0.3907, 0.2805, 0, 2.0147, 0.3122, 0.5851, 1.8337, 0.7559, 0.4819, 2.3213, 0.026, 0, 0.4033, 0.5861, 0.6118, 0.5725, 0.5991, 0.6837, 0.3391, 0, 0.169, 0, 0.4357, 0.5317, 0.8782, 0.4099, 0.853, 0, 0.2931, 0.1041, 1.1194, 0, 0.2407, 0, 0.2085, 1.1327, 0.7542, 2.1482, 0.592, 0.2536, 0.3647, 0.2283, 2.1733, 0.0391, 0.8191, 0.5789, 0.7414, 2.8047, 0.2276],
      [20.208, 33.5144, 12.7356, 27.84, 19.0255, 24.7275, 0, 17.1665, 7.3453, 9.9816, 34.6391, 52.278, 25.2351, 44.8133, 0.842, 0, 10.7081, 31.314, 23.4545, 16.8505, 30.9704, 29.7208, 0.6609, 0, 1.8735, 0, 8.5125, 1.2046, 23.5633, 11.9565, 43.4417, 0, 15.5621, 4.1561, 44.0762, 0, 6.2223, 0, 12.8195, 51.0402, 12.5648, 12.3128, 16.9124, 4.7802, 20.397, 19.2674, 75.5457, 1.8585, 12.0322, 15.5863, 16.8833, 103.8063, 4.5748],
      [7.804, 6.5714, 2.6563, 5.4944, 3.573, 4.9705, 0, 7.7824, 1.3389, 2.4236, 11.4941, 6.9324, 5.2617, 11.813, 0.131, 0, 2.8751, 5.0861, 4.9197, 4.5637, 5.4066, 9.5651, 0, 0, 0.9537, 0, 3.0137, 0.2619, 6.5436, 3.6177, 6.6792, 0, 3.1293, 0.7349, 8.7546, 0, 1.5284, 0, 1.9645, 9.8024, 3.6686, 3.3989, 4.4836, 1.9583, 3.2233, 3.4929, 15.2243, 0, 3.137, 3.8211, 4.3564, 18.2935, 1.1864]
    ]
  ],
  "V_est": [
    [14.4588, 72.2013, 476.8176, 684.5223],
    [2173.4038, 55.466, 704.4008, 107.7294],
    [217.4011, 4226.0856, 404.4968, 188.0166],
    [83.6433, 101.9488, 23062.7725, 69.6354],
    [84.9524, 455.3118, 347.5307, 740.2051],
    [1.1406, 33.9866, 1014.9816, 223.8912]
  ],
  "p_est": [
    [0.0116, 0.0579, 0.3821, 0.5485],
    [0.7147, 0.0182, 0.2316, 0.0354],
    [0.0432, 0.8392, 0.0803, 0.0373],
    [0.0036, 0.0044, 0.9891, 0.003],
    [0.0522, 0.2797, 0.2135, 0.4547],
    [0.0009, 0.0267, 0.7967, 0.1757]
  ],
  "EI_Z": {},
  "EI_V": 6.938,
  "MAE_Z": {},
  "MAE_V": 205.5101,
  "MAE_p": 0.0745,
  "runtime": 0.8637
}
