{
  "X": [
    [28, 32, 195, 424, 5],
    [0, 7, 13, 18, 2],
    [2, 13, 52, 116, 2],
    [1, 28, 63, 59, 0],
    [10, 23, 66, 54, 7],
    [0, 7, 32, 52, 1],
    [46, 58, 448, 349, 8],
    [114, 197, 1160, 1906, 36],
    [16, 31, 126, 229, 4],
    [5, 2, 41, 50, 0],
    [97, 114, 816, 1201, 47],
    [46, 56, 329, 444, 13],
    [4, 1, 26, 41, 3],
    [0, 1, 4, 10, 0],
    [0, 2, 8, 23, 2],
    [5, 8, 40, 102, 7],
    [0, 2, 9, 8, 0],
    [13, 27, 142, 215, 11],
    [73, 112, 738, 1270, 54],
    [0, 5, 26, 27, 1],
    [10, 19, 115, 226, 2],
    [16, 4, 48, 100, 17],
    [0, 2, 18, 19, 3],
    [0, 9, 17, 25, 1],
    [29, 60, 281, 255, 8],
    [77, 105, 643, 561, 17],
    [50, 71, 515, 475, 29],
    [39, 26, 193, 237, 7],
    [42, 56, 385, 476, 13],
    [21, 70, 337, 485, 18],
    [32, 58, 334, 490, 20],
    [37, 62, 300, 695, 25],
    [36, 73, 377, 591, 24],
    [4, 3, 12, 12, 0],
    [23, 18, 96, 169, 10],
    [34, 52, 236, 386, 24],
    [13, 43, 136, 198, 12],
    [7, 3, 11, 33, 0],
    [17, 43, 197, 300, 12],
    [0, 3, 24, 23, 1],
    [1, 5, 5, 19, 0],
    [4, 6, 29, 40, 1],
    [45, 50, 284, 422, 12],
    [14, 35, 239, 436, 12],
    [1, 3, 24, 24, 1],
    [20, 17, 117, 200, 2],
    [43, 63, 428, 616, 31],
    [16, 70, 285, 581, 18],
    [44, 73, 321, 606, 19],
    [55, 81, 468, 1018, 34],
    [1, 5, 6, 16, 1],
    [4, 6, 21, 33, 4],
    [15, 104, 415, 525, 9],
    [65, 225, 905, 1131, 88],
    [87, 208, 706, 1051, 53]
  ],
  "W": [
    [18, 211, 404, 36, 15],
    [7, 13, 16, 0, 4],
    [15, 48, 111, 6, 5],
    [38, 63, 44, 2, 4],
    [20, 72, 46, 12, 10],
    [7, 28, 49, 0, 8],
    [71, 405, 318, 78, 37],
    [256, 1044, 1782, 208, 123],
    [26, 125, 216, 25, 14],
    [7, 37, 43, 9, 2],
    [115, 813, 1139, 132, 76],
    [41, 333, 412, 72, 30],
    [4, 20, 43, 6, 2],
    [1, 4, 10, 0, 0],
    [4, 7, 20, 1, 3],
    [9, 39, 93, 14, 7],
    [5, 6, 7, 0, 1],
    [30, 146, 191, 19, 22],
    [105, 738, 1190, 133, 81],
    [9, 20, 27, 0, 3],
    [30, 105, 210, 18, 9],
    [5, 61, 101, 9, 9],
    [6, 15, 16, 2, 3],
    [4, 19, 26, 0, 3],
    [53, 274, 220, 50, 36],
    [145, 574, 521, 112, 51],
    [71, 491, 445, 79, 54],
    [42, 173, 218, 47, 22],
    [70, 352, 426, 77, 47],
    [87, 298, 454, 45, 47],
    [77, 295, 459, 58, 45],
    [54, 297, 670, 55, 43],
    [80, 359, 531, 70, 61],
    [2, 12, 9, 5, 3],
    [13, 105, 155, 26, 17],
    [35, 272, 346, 47, 32],
    [23, 152, 178, 28, 21],
    [3, 16, 26, 5, 4],
    [33, 204, 280, 28, 24],
    [0, 25, 25, 0, 1],
    [3, 5, 18, 2, 2],
    [6, 26, 35, 4, 9],
    [44, 276, 398, 58, 37],
    [32, 237, 410, 33, 24],
    [3, 24, 20, 3, 3],
    [14, 103, 190, 31, 18],
    [54, 412, 591, 63, 61],
    [69, 280, 540, 29, 52],
    [68, 305, 554, 91, 45],
    [95, 437, 959, 106, 59],
    [3, 6, 16, 4, 0],
    [10, 20, 32, 2, 4],
    [125, 395, 468, 34, 46],
    [168, 913, 1112, 91, 130],
    [133, 717, 1006, 121, 128]
  ],
  "method": "mvn_cdf",
  "mvncdf_method": "genz",
  "mvncdf_samples": 5000,
  "mvncdf_error": 0.001,
  "cond_prob": [
    [
      [0.00037160736048, 0.32449728039, 0.54550598182, 0.12962513043, 0],
      [0.039343451718, 0.081396486244, 0.71475198175, 0.1551351125, 0.0093729677906],
      [0.0048320235749, 0.008456107083, 0.050105936923, 0.93089595806, 0.0057099743622],
      [0.48315911526, 0.0043773437612, 0.27326731361, 0.23919622737, 0],
      [0.023065138767, 0.36070258124, 0.2858534914, 0.28268051167, 0.047698276923]
    ],
    [
      [0, 0.47887564454, 0.41538564219, 0.098428303458, 0.0073104098129],
      [0, 0.13186182427, 0.673219183, 0.14362104352, 0.051297949211],
      [0, 0, 0.035771775798, 0.91607931839, 0.048148905812],
      [0.14242054582, 0.012526285127, 0.44611390799, 0.39892257337, 1.6687698716e-05],
      [0, 0.48341669318, 0.19202567823, 0.19666480394, 0.12789282464]
    ],
    [
      [0, 0.35650236424, 0.52139433035, 0.1221033054, 0],
      [0.010623228565, 0.095055346204, 0.7275325684, 0.15419145898, 0.012597397849],
      [0, 0.0094547449679, 0.049395285445, 0.93085603433, 0.010293935254],
      [0.24235598314, 0.007168056659, 0.40107204997, 0.34940391023, 0],
      [0.0071898260032, 0.39946457743, 0.27364255545, 0.26916342311, 0.050539618016]
    ],
    [
      [0, 0.45437477557, 0.4254003212, 0.12022490323, 0],
      [0.0084887482048, 0.13235194605, 0.68341941201, 0.17573989373, 0],
      [0, 0.005701949766, 0.049129761994, 0.94516828824, 0],
      [0.22192185375, 0.010614921544, 0.3785462519, 0.3889169728, 0],
      [0.0053412888976, 0.53086757369, 0.21514070149, 0.24865043592, 0]
    ],
    [
      [0, 0.46005129731, 0.45449655245, 0.085452150243, 0],
      [0.040942288865, 0.12192452885, 0.67716687491, 0.11833522689, 0.041631080497],
      [0.0061282617239, 0.010286292107, 0.063419225532, 0.86938981009, 0.050776410545],
      [0.54889721505, 0.0058197207888, 0.26396733585, 0.18131572831, 0],
      [0.018348858179, 0.44774018906, 0.20691615531, 0.16031006554, 0.16668473192]
    ],
    [
      [0, 0.27471747306, 0.61232778681, 0.11295474012, 0],
      [0, 0.072360041424, 0.78712795751, 0.13163640355, 0.0088755975174],
      [0, 0.0068925799706, 0.059427186345, 0.9256945686, 0.0079856650865],
      [0.15881050305, 0.0057213002263, 0.49388114459, 0.34158302818, 4.0239574164e-06],
      [0, 0.33914501377, 0.3452738189, 0.2705579573, 0.045023210034]
    ],
    [
      [1.824036632e-05, 0.25751442913, 0.6569224578, 0.085544872704, 0],
      [0.027976101159, 0.060672584851, 0.8097349691, 0.095085858284, 0.0065304866046],
      [0.0059139771383, 0.0086755433779, 0.08827140577, 0.88611813767, 0.011020936046],
      [0.41132744472, 0.0041246965207, 0.39524204768, 0.18930581108, 0],
      [0.01903239314, 0.32604133903, 0.39234206099, 0.21257082137, 0.050013385476]
    ],
    [
      [0, 0.28227884109, 0.59664268803, 0.12107847088, 0],
      [0.02575753503, 0.068416571051, 0.75494076972, 0.13952502731, 0.011360096888],
      [0.0035678913069, 0.0068664589259, 0.059176237609, 0.9207889506, 0.0096004615589],
      [0.37859272107, 0.0044395548887, 0.35366701103, 0.26330071301, 0],
      [0.016291586485, 0.3264248722, 0.32590662244, 0.27420589163, 0.057171027244]
    ],
    [
      [0.00021016634139, 0.38366744816, 0.50696932924, 0.10915305625, 0],
      [0.030935654845, 0.10220972821, 0.71579865504, 0.14014692961, 0.010909032287],
      [0.00507698941, 0.0096471217875, 0.054506451247, 0.92163514219, 0.0091342953645],
      [0.43189485573, 0.0061478913698, 0.31326235477, 0.24869489813, 0],
      [0.01668412241, 0.42935390936, 0.2670723729, 0.23950651209, 0.04738308324]
    ],
    [
      [0.001052050862, 0.15207957141, 0.70366559268, 0.14320278505, 0],
      [0.036082040893, 0.014931947376, 0.79902200092, 0.14996401081, 0],
      [0, 0, 0.06061361899, 0.93938638101, 0],
      [0.3940496657, 0, 0.3439643848, 0.2619859495, 0],
      [0.055576569813, 0.1914804736, 0.40423086878, 0.34871208781, 0]
    ],
    [
      [0.00051327796707, 0.27268853168, 0.61012677031, 0.11661731503, 5.4105013005e-05],
      [0.03515747771, 0.063769786412, 0.7506290465, 0.13004692722, 0.020396762156],
      [0.004805548103, 0.0061366913737, 0.06111510061, 0.90717619314, 0.020766466772],
      [0.46354008699, 0.0036337299043, 0.31297813016, 0.21981041526, 3.7637694657e-05],
      [0.022330695844, 0.30692945633, 0.3243525504, 0.25752892292, 0.088858374501]
    ],
    [
      [0.00043471907247, 0.32535340735, 0.56797597762, 0.10623589596, 0],
      [0.032857529176, 0.0818347777, 0.74445145567, 0.12624965161, 0.014606585849],
      [0.0049838099382, 0.009444451822, 0.061585472798, 0.90886289623, 0.015123369208],
      [0.44993572276, 0.0049804617672, 0.32285264449, 0.22223117099, 0],
      [0.019730585645, 0.37199406422, 0.30640149949, 0.23836789068, 0.06350595996]
    ],
    [
      [0.00076627751069, 0.13920285813, 0.76546960012, 0.093850800562, 0.00071046367976],
      [0.048811673869, 0.0055093468146, 0.82203345747, 0.090811428377, 0.032834093472],
      [0.00012538236661, 0, 0.083586987085, 0.86988184882, 0.046405781732],
      [0.49478762134, 1.5443427885e-05, 0.34424783295, 0.15993984831, 0.0010092539721],
      [0.023292121395, 0.16645448531, 0.41886250391, 0.22190482062, 0.16948606876]
    ],
    [
      [0, 0.34631155013, 0.55545488519, 0.09823356468, 0],
      [0, 0.081007828672, 0.80038226584, 0.11860990548, 0],
      [0, 0.032965713518, 0.024301605143, 0.94273268134, 0],
      [0.41609486466, 0.0049740429301, 0.33491083077, 0.24401400759, 6.254046153e-06],
      [0.0010406408761, 0.44420207604, 0.29341407118, 0.23690748963, 0.024435722277]
    ],
    [
      [0, 0.23813501745, 0.53571038184, 0.22102562998, 0.0051289707229],
      [0, 0.051715597589, 0.65106966674, 0.2398145772, 0.057400158474],
      [0, 0, 0.016040909632, 0.93436975669, 0.049589333683],
      [0, 0.075591585205, 0.35640548088, 0.56671940934, 0.0012835245737],
      [0, 0.20328638729, 0.20748237731, 0.39436029887, 0.19487093652]
    ],
    [
      [0, 0.2982246402, 0.53108561522, 0.17068974458, 0],
      [0.018110673954, 0.070093266752, 0.6610982112, 0.19282795896, 0.05786988913],
      [0.0014192159197, 0.0073345063722, 0.036897582724, 0.91941421821, 0.034934476775],
      [0.29280749449, 0.0049870879668, 0.31949650819, 0.38270890935, 0],
      [0.0089131017657, 0.26148750154, 0.21899613115, 0.29715069643, 0.21345256912]
    ],
    [
      [0, 0.23961389674, 0.65965529154, 0.10073081172, 0],
      [0, 0.0615110237, 0.82644359716, 0.11204537914, 0],
      [0, 0.013308833642, 0.049283907344, 0.93740725901, 0],
      [0.41609486466, 0.0049740429301, 0.33491083077, 0.24401400759, 6.254046153e-06],
      [0, 0.33970253862, 0.39807460794, 0.26222285343, 0]
    ],
    [
      [0.00055557054688, 0.2916811625, 0.5670443298, 0.14046313205, 0.00025580510854],
      [0.028961449045, 0.070111377354, 0.71363731815, 0.15933016219, 0.02795969326],
      [0.004144742972, 0.0063513558426, 0.045729770344, 0.92011368101, 0.023660449833],
      [0.40018217422, 0.004247661629, 0.31083185222, 0.28459019374, 0.00014811819194],
      [0.016357004778, 0.30543134065, 0.27988319675, 0.2897716184, 0.10855683941]
    ],
    [
      [0.00036770520826, 0.28248301642, 0.58744546955, 0.12965486316, 4.8945662001e-05],
      [0.025186731063, 0.067498416913, 0.73531003612, 0.14693023646, 0.025074579449],
      [0.0031068240847, 0.0060422164149, 0.053390236841, 0.91470173888, 0.022758983783],
      [0.37183683046, 0.004356617851, 0.34440978077, 0.27936729314, 2.9477779792e-05],
      [0.015088448353, 0.30562696156, 0.30022884394, 0.27531858781, 0.10373715834]
    ],
    [
      [0, 0.25890779274, 0.66259098534, 0.0765748624, 0.001926359527],
      [0, 0.066806064415, 0.83307040186, 0.085672696603, 0.01445083712],
      [0, 0.011119894584, 0.080440661927, 0.88865892648, 0.019780517004],
      [0.14547534267, 0.0058590060249, 0.58832430311, 0.26033658964, 4.7585529079e-06],
      [0, 0.34449047443, 0.40112507424, 0.20119376375, 0.053190687579]
    ],
    [
      [0, 0.2697216581, 0.58919945202, 0.14107888988, 0],
      [0.024660141814, 0.064637333253, 0.741154615, 0.16151312393, 0.0080347859993],
      [0.0038012097682, 0.0060982736517, 0.050390364958, 0.93619751132, 0.0035126403065],
      [0.35976140323, 0.0041095780607, 0.33774688106, 0.29838213765, 0],
      [0.015191755558, 0.30742448815, 0.3157068182, 0.31515549301, 0.046521445078]
    ],
    [
      [0, 0.20892999699, 0.62537474089, 0.16569526211, 0],
      [0.12742017721, 0.037241445504, 0.49744599626, 0.20854416768, 0.12934821336],
      [0, 0, 0.12790345868, 0.83862633227, 0.03347020905],
      [0.85996897156, 0.00066170551734, 0.068578585875, 0.070790737046, 0],
      [0.054183160706, 0.075296276624, 0.11038488048, 0.12355036317, 0.63658531903]
    ],
    [
      [0, 0.18264006664, 0.67450889979, 0.14285103357, 0],
      [0, 0.02740646724, 0.75183590422, 0.14989826056, 0.070859367986],
      [0, 0, 0.056684095949, 0.89925416314, 0.044061740907],
      [0, 0.0025047773899, 0.48567882945, 0.3896172946, 0.12219909856],
      [0, 0.16268434559, 0.26570161464, 0.24237289691, 0.32924114286]
    ],
    [
      [0, 0.67862008148, 0.28017833748, 0.040051650919, 0.0011499301202],
      [0, 0.21290296963, 0.68526052253, 0.085428580833, 0.016407927002],
      [0, 0, 0.093392562679, 0.88328813214, 0.023319305178],
      [0.16843642818, 0.029135410568, 0.52175610598, 0.28066611256, 5.9427062943e-06],
      [0, 0.74678775035, 0.14371003078, 0.083719641591, 0.025782577285]
    ],
    [
      [0.00016600529836, 0.34557380142, 0.55918546852, 0.095074724761, 0],
      [0.026830416521, 0.089349594963, 0.75595987213, 0.11653262356, 0.011327492828],
      [0.0045623840191, 0.010746756281, 0.067776670745, 0.90353675265, 0.013377436309],
      [0.40141157248, 0.0060035361084, 0.36447438675, 0.22811050466, 0],
      [0.015704569006, 0.40384267549, 0.30821050843, 0.21798583104, 0.054256416032]
    ],
    [
      [0.00021310109417, 0.28658596326, 0.62627081777, 0.086930117875, 0],
      [0.034285715935, 0.069525411973, 0.78725768682, 0.098035036118, 0.010896149155],
      [0.0064052770842, 0.010031193205, 0.082637991135, 0.88601453673, 0.014911001851],
      [0.47134137738, 0.0043413518111, 0.34694053835, 0.17737673246, 0],
      [0.022778740537, 0.34950913319, 0.36064873553, 0.20869126485, 0.058372125895]
    ],
    [
      [0.00049519481148, 0.26903584712, 0.63895302625, 0.09144374146, 7.2190358006e-05],
      [0.027879682259, 0.062990848297, 0.78549658577, 0.10118567297, 0.022447210701],
      [0.00530345191, 0.0080798442905, 0.078420043284, 0.88016945091, 0.028027209601],
      [0.41695264181, 0.0041875218519, 0.37914408333, 0.19966033263, 5.5420388716e-05],
      [0.018085599569, 0.31562228528, 0.35381869776, 0.21068068503, 0.10179273235]
    ],
    [
      [0, 0.23857650252, 0.64686459914, 0.11455889835, 0],
      [0.053708126684, 0.051568962017, 0.7587970102, 0.12235853387, 0.013567367234],
      [0.0037607378727, 0.0039083981891, 0.070246020915, 0.90748462294, 0.014600220079],
      [0.59632314935, 0.0019031424156, 0.24344754612, 0.15832616211, 0],
      [0.039157509446, 0.27803990757, 0.35473349296, 0.26125102224, 0.066818067785]
    ],
    [
      [0.00025329108636, 0.25799107781, 0.6244245573, 0.1173310738, 0],
      [0.026666866973, 0.059931691833, 0.76895425133, 0.13154777805, 0.012899411814],
      [0.004134508263, 0.0054544829399, 0.062786133117, 0.91482811639, 0.012796759288],
      [0.38979797144, 0.0037463397223, 0.3586926719, 0.24776301694, 0],
      [0.017442300611, 0.30282108803, 0.34579055484, 0.26994632067, 0.063999735849]
    ],
    [
      [4.2775407028e-05, 0.30642609079, 0.58339703882, 0.11002028979, 0.00011380518878],
      [0.018271313019, 0.076331139974, 0.75722542832, 0.12944146748, 0.018730651201],
      [0.0015142524672, 0.0086005688172, 0.061369941844, 0.90926887507, 0.019246361798],
      [0.31833524303, 0.0056033629831, 0.39908390225, 0.27692404545, 5.3446286474e-05],
      [0.011465334117, 0.34973278323, 0.31426703795, 0.24648991808, 0.078044926628]
    ],
    [
      [0.00040262613052, 0.27626011707, 0.60808317266, 0.11510294777, 0.00015113637158],
      [0.025253230361, 0.06563875047, 0.7582727567, 0.12997350688, 0.020861755586],
      [0.0037222757221, 0.0065763229179, 0.060652508449, 0.90767992495, 0.02136896796],
      [0.3810152696, 0.0043108217552, 0.36219834125, 0.25237498945, 0.00010057794927],
      [0.015819658623, 0.31324399369, 0.3253361624, 0.25626785669, 0.089332328594]
    ],
    [
      [0.00048630892911, 0.32521464399, 0.54362641742, 0.13059600396, 7.6625696274e-05],
      [0.032363076357, 0.081215024718, 0.7085677321, 0.15413317213, 0.023720994697],
      [0.004224745259, 0.007777643249, 0.047824161753, 0.9192902678, 0.020883181937],
      [0.43183128013, 0.004773663358, 0.29899517123, 0.26434451937, 5.5365904424e-05],
      [0.018153625793, 0.34520870748, 0.27238684261, 0.27225199238, 0.091998831737]
    ],
    [
      [0.0003276765881, 0.29532483425, 0.57249107392, 0.13173840369, 0.00011801154664],
      [0.023863034438, 0.072104045354, 0.72993075147, 0.15181889686, 0.022283271879],
      [0.0027927101091, 0.0067377141046, 0.051015372618, 0.91967468576, 0.01977951741],
      [0.35804788742, 0.0047339128665, 0.34495367857, 0.29217842302, 8.6098122054e-05],
      [0.01410943151, 0.32097640799, 0.29376481883, 0.28128190136, 0.0898674403]
    ],
    [
      [0, 0.32625569008, 0.55764670216, 0.11609760776, 0],
      [0.050010486513, 0.085067099861, 0.72326890661, 0.14165350701, 0],
      [0.0049860874932, 0.01565126093, 0.039575213568, 0.93978743801, 0],
      [0.63710870326, 0.0078834175974, 0.19401182876, 0.16099605038, 0],
      [0.056485286028, 0.38213499505, 0.2930812168, 0.26829850212, 0]
    ],
    [
      [0.00047966263107, 0.30582310038, 0.55643976132, 0.13716827965, 8.9196014703e-05],
      [0.05900792856, 0.071852319115, 0.6828294857, 0.15370784714, 0.032602419484],
      [0.0019236447384, 0.0077733043932, 0.047612371249, 0.91433024712, 0.028360432496],
      [0.61189389318, 0.0031279831386, 0.2013991541, 0.1834775312, 0.00010143838367],
      [0.034736807638, 0.30550684973, 0.2619347973, 0.26975789997, 0.12806364536]
    ],
    [
      [0.0003637430928, 0.3592619273, 0.50609517829, 0.13427915131, 0],
      [0.036745104504, 0.091654790401, 0.67299715914, 0.1626008318, 0.036002114159],
      [0.0045000802357, 0.0085540182652, 0.043676061556, 0.91464166551, 0.028628174433],
      [0.46462673307, 0.005128806281, 0.26824633815, 0.2619981225, 0],
      [0.018691135966, 0.35296829189, 0.23474832135, 0.2591523572, 0.1344398936]
    ],
    [
      [0.00017976723217, 0.47767766311, 0.42412040954, 0.097852886001, 0.00016927412023],
      [0.019541919011, 0.13515449903, 0.67250659972, 0.14162240599, 0.031174576255],
      [0.002179744886, 0.0050076758548, 0.055065839147, 0.90830520675, 0.029441533359],
      [0.33750042654, 0.0090108870167, 0.35339240888, 0.2999169499, 0.00017932767169],
      [0.0089279586306, 0.49172660749, 0.20607240987, 0.19746554821, 0.095807475801]
    ],
    [
      [0, 0.26026150618, 0.47220731165, 0.26753118218, 0],
      [0.14000251141, 0.074832746907, 0.52011140243, 0.26505333926, 0],
      [0, 0, 0.012063030302, 0.9879369697, 0],
      [0.86433831629, 0.003133500559, 0.041516559168, 0.091011623985, 0],
      [0.10956705901, 0.25155600704, 0.18509351062, 0.45378342333, 0]
    ],
    [
      [0.00037128175587, 0.35809377558, 0.53081937229, 0.1105708317, 0.00014473867139],
      [0.024782759666, 0.092993330032, 0.7246294132, 0.13647774258, 0.021116754523],
      [0.0036171616665, 0.0092708158275, 0.054682817358, 0.91176999782, 0.020659207329],
      [0.37825040154, 0.0061811419006, 0.34812470608, 0.26733471806, 0.00010903242112],
      [0.013677009183, 0.39347356977, 0.27499499132, 0.23869714883, 0.079157280891]
    ],
    [
      [8.7603351941e-05, 0.31425459171, 0.63068549867, 0.054960637261, 1.166900934e-05],
      [0, 0.083784648086, 0.84129611634, 0.059531714692, 0.01538752088],
      [0, 0.019041662366, 0.10345674438, 0.85479378911, 0.022707804144],
      [0.16434220765, 0.0073929225129, 0.62346476465, 0.20479535422, 4.7509704781e-06],
      [0, 0.42934223868, 0.38117848202, 0.1418624049, 0.047616874391]
    ],
    [
      [0.0017490609838, 0.73383838781, 0.20310759261, 0.061304958601, 0],
      [0.050306469642, 0.24678300207, 0.55642672467, 0.14648380362, 0],
      [0.00085405749846, 0, 0.045806304933, 0.95333963757, 0],
      [0.34883861852, 0.015726000055, 0.29524254198, 0.34019283944, 0],
      [0.015085098418, 0.76655891307, 0.09677251302, 0.12158347549, 0]
    ],
    [
      [0.00094946974154, 0.25530178068, 0.61941937236, 0.12432937722, 0],
      [0.045054164472, 0.058569889775, 0.75044317583, 0.13628037062, 0.0096523993072],
      [0.0085753597504, 0.0071208048745, 0.050585489484, 0.92513092471, 0.0085874211839],
      [0.56544607229, 0.0028031317099, 0.24593574928, 0.18581504672, 0],
      [0.028997002762, 0.29832572048, 0.33530289614, 0.28754350544, 0.049830875175]
    ],
    [
      [0.00040595354969, 0.30213653797, 0.58743165557, 0.11002585291, 0],
      [0.042437908165, 0.073403689993, 0.74362539696, 0.12644926182, 0.014083743065],
      [0.0049779764837, 0.0086386883917, 0.062603969821, 0.9093307304, 0.014448634899],
      [0.52223961393, 0.0039076943832, 0.28054018203, 0.19331250965, 0],
      [0.026976841671, 0.34545215236, 0.31688343374, 0.24684080942, 0.063846762811]
    ],
    [
      [0.00012097232062, 0.27741353986, 0.59147043461, 0.13098370036, 1.1352838876e-05],
      [0.01667037727, 0.067001421315, 0.74894668011, 0.15034293614, 0.017038585165],
      [0.0004170501731, 0.0063155938142, 0.054250857664, 0.92389300817, 0.015123490176],
      [0.2913762829, 0.0048159422887, 0.38766533408, 0.31614244073, 0],
      [0.010785065253, 0.31229626306, 0.31403230164, 0.28951715951, 0.073369210536]
    ],
    [
      [8.8257606814e-05, 0.23331342414, 0.64301721698, 0.1227034878, 0.0008776134744],
      [0.010881663326, 0.05441250976, 0.78052437785, 0.13479968249, 0.019381766572],
      [0.00087402580215, 0.0069339885736, 0.047475491648, 0.92753479083, 0.017181703147],
      [0.2326064886, 0.0043659165112, 0.44066806039, 0.32149354659, 0.00086598791366],
      [0.0077584418381, 0.28079399077, 0.35561642221, 0.29384023346, 0.06199091172]
    ],
    [
      [0.000140897356, 0.25931672095, 0.6284603946, 0.1120819871, 0],
      [0.036069892929, 0.060654840212, 0.77156478485, 0.12591064433, 0.0057998376737],
      [0.0060245691021, 0.0073092202182, 0.06612231545, 0.91719925269, 0.0033446425443],
      [0.47422877509, 0.0035142623418, 0.31487995155, 0.20737701102, 0],
      [0.024281572673, 0.31246796616, 0.355881289, 0.26475058127, 0.0426185909]
    ],
    [
      [0.00047687099682, 0.26921583047, 0.62090704137, 0.10933657683, 6.3680330731e-05],
      [0.029728335782, 0.062772301111, 0.76228819099, 0.12164815544, 0.023563016673],
      [0.0047489521485, 0.0064248043501, 0.064924593056, 0.8985486569, 0.02535299355],
      [0.4249590589, 0.0039141009531, 0.34660180042, 0.22447903333, 4.6006399959e-05],
      [0.018805298251, 0.30420507157, 0.33117929762, 0.24249753253, 0.10331280003]
    ],
    [
      [0.00016764674654, 0.33306425901, 0.53114561656, 0.13559426566, 2.8212031072e-05],
      [0.019667990457, 0.085502138502, 0.7109608617, 0.16438141108, 0.019487598262],
      [0.0014254247983, 0.0079526725723, 0.04651054005, 0.92813549358, 0.015975868994],
      [0.31500002603, 0.0058536146485, 0.35013050643, 0.32900754812, 8.3047708079e-06],
      [0.011089709628, 0.35795710258, 0.26946990129, 0.2862079834, 0.075275303099]
    ],
    [
      [0.00036189461213, 0.34734862035, 0.52529340856, 0.12694656727, 4.9509220117e-05],
      [0.025418286613, 0.089798972006, 0.70968262139, 0.15525905393, 0.019841066064],
      [0.0031590922323, 0.0083361780098, 0.048430195476, 0.9228674747, 0.017207059584],
      [0.37189938022, 0.0058018917208, 0.32934653699, 0.29291101289, 4.117817849e-05],
      [0.013996290055, 0.37434205757, 0.26724412299, 0.26866975162, 0.075747777772]
    ],
    [
      [0.00039653160623, 0.2848956793, 0.57369624924, 0.14094475836, 6.678148672e-05],
      [0.026200603482, 0.068529942975, 0.72190210003, 0.16051976481, 0.0228475887],
      [0.0031529868508, 0.0057666276306, 0.048231944837, 0.92353159962, 0.01931684106],
      [0.37339709302, 0.0042822901803, 0.32691263759, 0.29535873348, 4.9245724969e-05],
      [0.015404398739, 0.30513909711, 0.29017735465, 0.29641154148, 0.092867608028]
    ],
    [
      [0.00014905299223, 0.88546018932, 0.089480512293, 0.020014835028, 0.0048954103677],
      [0.011629929817, 0.36785545972, 0.51653206426, 0.078769054556, 0.025213491643],
      [0, 0, 0.06152949023, 0.88797614951, 0.050494360263],
      [0.23244331553, 0.034121668428, 0.41197355847, 0.31493069386, 0.0065307637092],
      [0.00083488660616, 0.917100681, 0.036887425463, 0.030302563716, 0.014874443219]
    ],
    [
      [0, 0.31018020497, 0.56184648111, 0.12797331392, 0],
      [0.10028268518, 0.082849162398, 0.62009788753, 0.13442162142, 0.062348643474],
      [0, 0.0073485725178, 0.063299462836, 0.87975941162, 0.049592553021],
      [0.87603658325, 0.0013555988217, 0.067092527628, 0.055515290303, 0],
      [0.060568282489, 0.25083729602, 0.20495239305, 0.19212566998, 0.29151635846]
    ],
    [
      [0, 0.35073002285, 0.53650478768, 0.11276518947, 0],
      [0.013171751896, 0.093723043427, 0.74197687669, 0.14242889766, 0.0086994303208],
      [0, 0.0093177313418, 0.059311814811, 0.92406051384, 0.0073099400046],
      [0.2761083328, 0.0070741443912, 0.40509774316, 0.31171977964, 0],
      [0.008901623599, 0.40297664811, 0.28966918797, 0.2518726903, 0.046579850024]
    ],
    [
      [0, 0.38747770346, 0.52646826926, 0.086054027283, 0],
      [0.024682523348, 0.10188082095, 0.73163043869, 0.10986599547, 0.031940221538],
      [0.004272311906, 0.011470255046, 0.072198464242, 0.87473106786, 0.037327900943],
      [0.39583173399, 0.0072071680426, 0.37349390177, 0.2234671962, 0],
      [0.013025827309, 0.4113521568, 0.26386233036, 0.17845236332, 0.1333073222]
    ],
    [
      [0.00043817273195, 0.42527886598, 0.48347179748, 0.090735549489, 7.5614312389e-05],
      [0.033032473459, 0.11559306281, 0.70744473164, 0.12052750703, 0.02340222505],
      [0.0051448085738, 0.0087399056802, 0.064349967408, 0.89627481584, 0.025490502498],
      [0.46212527497, 0.0067665125679, 0.31445574558, 0.21659992365, 5.2543231107e-05],
      [0.016910967655, 0.46052024728, 0.24746223374, 0.19260073343, 0.082505817904]
    ]
  ],
  "expected_outcome": [
    [
      [0.0066889324886, 0, 0, 0, 0, 0, 0.0012950660088, 0, 0.0054643248761, 0.0073643560343, 0.059026966213, 0.017823481971, 0.0030651100428, 0, 0, 0, 0, 0.016667116407, 0.038609046868, 0, 0, 0, 0, 0, 0.0087982808129, 0.030899658655, 0.035158831615, 0, 0.017730376046, 0.0037214604114, 0.03100221205, 0.026260682172, 0.026214127048, 0, 0.0062356142038, 0.012731008248, 0.0041346463398, 0, 0.012252297944, 0, 0.0052471829515, 0.0056968184493, 0.017861956186, 0.0038711142599, 0.00026477282044, 0.001972562984, 0.025751033828, 0.011567625511, 0.024608833625, 0.037670502592, 0.0004471589767, 0, 0, 0, 0.05827697335],
      [5.8409510471, 3.3521295118, 5.3475354637, 17.2662414715, 9.2010259461, 1.9230223115, 18.2835244684, 72.2633833193, 9.9753536522, 1.0645569999, 31.3591811433, 13.3394897013, 0.55681143252, 0.34631155013, 0.95254006979, 2.6840217618, 1.1980694837, 8.7504348751, 29.6607167243, 2.3301701346, 8.0916497431, 1.044649985, 1.0958403998, 2.7144803259, 18.3154114754, 41.5549646727, 19.1015451454, 10.0202131057, 18.0593754465, 26.6590698987, 21.272029014, 17.5615907756, 23.6259867404, 0.65251138017, 3.975700305, 12.5741674556, 10.9865862515, 0.78078451854, 11.8170945941, 0, 2.2015151634, 1.5318106841, 13.2940076706, 8.8772332757, 0.69994027243, 3.6304340932, 14.5376548455, 22.9814338714, 23.6197061836, 27.0650895337, 2.656380568, 3.1018020497, 43.8412528562, 65.0962541812, 56.5620891759],
      [9.8191076727, 2.9076994953, 7.8209149553, 16.1652122056, 9.089931049, 4.2862945077, 46.6414945036, 152.7405281359, 13.1812025603, 4.9256591487, 70.1645785851, 23.2870150822, 3.0618784005, 0.55545488519, 2.1428415274, 4.779770537, 3.2982764577, 17.0113298939, 61.6817743029, 5.963318868, 17.6759835606, 3.1268737045, 4.0470533987, 1.1207133499, 29.6368298314, 90.8092685768, 45.3656648639, 27.1683131637, 43.7097190111, 50.7555423773, 46.8224042949, 29.3558265407, 45.7992859136, 1.1152934043, 7.2337168972, 17.7133312403, 9.7547694194, 1.4166219349, 17.5170392857, 0, 0.60932277783, 3.7165162341, 25.8469928451, 18.9270539077, 1.9290516509, 8.7984455244, 33.5289802337, 36.6490475425, 35.7199517818, 54.501143678, 0.26844153688, 5.6184648111, 67.0630984603, 88.4466692352, 64.3017490651],
      [2.3332523477, 0.6889981242, 1.831549581, 4.5685463229, 1.7090430049, 0.79068318086, 6.073685962, 30.9960885448, 2.8379794626, 1.0024194953, 13.4109912289, 4.3556717345, 0.37540320225, 0.09823356468, 0.88410251994, 1.5362077012, 0.50365405862, 4.2138939614, 13.6137606314, 0.6891737616, 4.2323666963, 0.82847631057, 0.85710620142, 0.16020660368, 5.0389604123, 12.6048670919, 6.4925056437, 4.8114737306, 8.2131751663, 9.5717652121, 8.8629269784, 7.0521842139, 10.5390722952, 0.23219521552, 1.7831876355, 4.6997702959, 2.250616378, 0.80259354653, 3.6488374461, 0, 0.1839148758, 0.74597626334, 4.8411375282, 4.1914784116, 0.3681104634, 1.5691478193, 5.9041751491, 9.3560043305, 8.632366574, 13.3897520445, 0.060044505085, 1.2797331392, 14.0956486835, 14.4570765835, 12.0678280821],
      [0, 0.05117286869, 0, 0, 0, 0, 0, 0, 0, 0, 0.0062220764956, 0, 0.002841854719, 0, 0.020515882892, 0, 0, 0.0076741532562, 0.0051392945101, 0.017337235743, 0, 0, 0, 0.0045997204808, 0, 0, 0.0051255154185, 0, 0, 0.0099010514235, 0.011637500612, 0.0041377875988, 0.0094409237315, 0, 0.0011595481911, 0, 0.0038933047652, 0, 0.0047763761559, 0, 0, 0, 0, 0.00036329084403, 0.0026328404232, 0, 0.0034387378595, 0.001946630144, 0.003366626968, 0.0063442412384, 0.014686231103, 0, 0, 0, 0.010056703548]
    ],
    [
      [8.3014683124, 0, 0.50991497112, 0.5347911369, 2.9478447983, 0, 11.3303209695, 26.8908665712, 3.8669568556, 1.3350355131, 28.5830293781, 10.9415572156, 0.97623347739, 0, 0, 0.70631628422, 0, 4.2283715606, 18.5878075245, 0, 2.5893148905, 7.7726308096, 0, 0, 7.3515341267, 19.6800009467, 13.6889239889, 9.2915059163, 9.3867371744, 5.4448512797, 7.4497029566, 9.6118336781, 8.5668293633, 0.60012583815, 6.1958324988, 9.9946684252, 2.9703716896, 2.2400401825, 5.0556829719, 0, 0.25153234821, 1.1714082763, 11.7128626534, 3.9508794131, 0.26115991981, 3.7151989717, 12.2480743423, 5.5070373279, 7.7525774169, 11.4496637215, 0.069779578902, 2.0056537035, 5.2028419991, 22.535143817, 23.68428347],
      [17.1746585974, 1.7142037155, 4.5626566178, 8.338172601, 8.7785660769, 2.0260811599, 24.5723968648, 71.4269001774, 12.7762160263, 0.55248205293, 51.8448363533, 27.2509809742, 0.11018693629, 0.32403131469, 0.36200918312, 2.7336374033, 0.3690661422, 10.2362610936, 49.8138316815, 1.3361212883, 6.7869199916, 2.2717281758, 0.4110970086, 4.0451564231, 24.4817890198, 39.9075864723, 30.9285065138, 8.921430429, 21.0959555252, 22.7466797121, 19.3634313886, 24.1208623413, 25.885352282, 1.0208051983, 7.5444935071, 24.930102989, 20.5434838527, 1.1973239505, 18.9706393265, 2.0946162022, 1.2339150103, 1.5228171341, 20.259418438, 15.8793368515, 1.3059002342, 6.2474485419, 25.8621880576, 23.9405987806, 27.3886864617, 29.9475850803, 2.2071327583, 1.656983248, 37.0206021535, 93.0171895307, 82.8802260375],
      [150.8126681494, 8.751849379, 34.9215632833, 43.0554229569, 48.7560149932, 22.0395828102, 327.9426624857, 788.158163591, 89.4748318806, 29.5638140339, 610.2614148085, 247.902334737, 16.4406691494, 3.2015290634, 4.5574876672, 25.7828302369, 4.9586615829, 104.1910484497, 542.6588066551, 16.6614080372, 77.8212345754, 30.3442057716, 11.2775385633, 13.0199499281, 207.1330049638, 451.8859122342, 385.678823613, 131.2718827642, 270.6718964676, 225.6531776408, 223.6904632267, 210.4446164345, 262.0451397778, 8.6792268794, 71.6970959985, 183.0552272851, 102.2210031567, 8.3217824389, 147.824400292, 21.0324029085, 2.7821336234, 19.5115225716, 205.2406095601, 177.5003631862, 18.7325850683, 79.47117284, 314.0627346891, 199.0690412769, 216.4531995243, 315.4712177141, 3.0991923856, 12.4019577507, 293.0808662942, 667.9785905198, 507.2378725886],
      [32.7335087369, 1.8670735658, 7.401190031, 11.0716133053, 8.5201363359, 3.6858192994, 38.5097726051, 145.6641285094, 17.5183662016, 5.5486684001, 105.7281518275, 42.0411339854, 1.8162285675, 0.47443962193, 1.6787020404, 7.5202903994, 0.67227227485, 23.2622036801, 108.4345145056, 1.7134539321, 16.9588780126, 12.7211942283, 2.2484739084, 1.6231430358, 31.9299388549, 56.2721107318, 49.6821654299, 21.1680263591, 46.3048178742, 38.5735573096, 38.3421845304, 45.7775521212, 54.5029839725, 1.6998420841, 16.1393239499, 44.2274262496, 21.5266057103, 4.2408534281, 27.8414594869, 1.4882928673, 0.73241901809, 3.5432896361, 34.8999962624, 35.6312758651, 3.2351923799, 12.9687963661, 50.1190400419, 46.0267951012, 47.3540114474, 70.1471372223, 0.47261432734, 2.6884324283, 56.2594145764, 100.307653868, 86.4182225432],
      [1.9776962038, 0.66687333975, 0.60467509674, 0, 2.9974377958, 0.24851673049, 2.6448470749, 11.8599411509, 1.3636290359, 0, 16.5825676326, 4.8639930877, 0.65668186943, 0, 0.40180110932, 2.2569256761, 0, 4.0821152159, 18.5050396333, 0.2890167424, 0.84365252993, 7.8902410147, 1.0628905198, 0.31175061303, 3.1037330349, 6.2543896151, 11.0215804544, 2.3471545314, 4.5405929585, 5.5817340578, 6.1542178978, 7.0451354249, 7.9996946045, 0, 3.4232540458, 9.7925750511, 4.7385355907, 0, 4.3078179226, 0.38468802201, 0, 0.25096238199, 3.8871130861, 4.0381446841, 0.46516239774, 0.59738328039, 9.7079628691, 5.4565275133, 6.0515251496, 9.9843962619, 0.15128094986, 1.2469728695, 3.4362749767, 29.1614222646, 16.7793953607]
    ],
    [
      [1.9521375243, 0, 0, 0, 0.2819000393, 0, 1.88064473, 6.3579823088, 1.0966297126, 0, 5.4735192893, 2.0533296945, 0.0053914417642, 0, 0, 0.13198708054, 0, 0.79164590765, 3.6971206608, 0, 0.79825405132, 0, 0, 0, 1.0037244842, 3.3371493609, 2.3600361, 0.81984085625, 1.76130052, 0.6874706201, 1.7085245564, 2.8305793235, 1.482929068, 0.044874787439, 0.29816493445, 1.5570277615, 0.38799458971, 0, 1.0128052666, 0, 0.015373034972, 0.30013759127, 1.9812346405, 0.17099057097, 0.017480516043, 1.1446681294, 2.8066307197, 0.76972939108, 1.7501370967, 3.0237143899, 0, 0, 0, 4.7508108395, 5.1756774252],
      [3.4162672615, 0, 1.0494766914, 0.2508857897, 0.47316943693, 0.33773641856, 2.7588227942, 12.2360298059, 2.0837783061, 0, 6.9896914747, 3.8911141507, 0, 0.32965713518, 0, 0.68210909262, 0.093161835495, 1.2131089659, 7.1902375337, 0.30023715378, 1.2806374669, 0, 0, 0, 2.3642863818, 5.2262516597, 3.5955307093, 0.85203080523, 2.3236097324, 3.904658243, 3.0185322193, 5.2110209768, 3.5777261896, 0.14086134837, 1.2048621809, 2.9596903198, 0.89136630216, 0, 2.5958284317, 0.47604155916, 0, 0.24922817061, 3.4381979799, 2.5893934638, 0.13867977147, 1.3887518415, 3.7970593709, 4.2944431891, 4.6182426174, 5.5301958978, 0, 0.23515432057, 4.360698268, 12.7549236117, 8.7923451143],
      [20.2427985168, 0.57234841276, 5.4828766844, 2.1617095277, 2.9172843745, 2.9119321309, 28.070307035, 105.4520554186, 11.7733934694, 2.6063856166, 69.6100995952, 25.3732147927, 3.5942404447, 0.24301605143, 0.32081819264, 3.4314751933, 0.34498735141, 8.7343861357, 63.534381841, 2.171897872, 10.5819766412, 12.9182493268, 0.90694553518, 2.4282066297, 14.9108675639, 43.0543933813, 34.8969192613, 15.3136325596, 26.7468927078, 27.8619535972, 27.839501378, 32.0421883746, 27.0891628601, 0.35617692211, 7.3799175436, 15.1119172984, 9.8017193681, 0.31363878785, 15.3111888603, 2.5864186094, 0.82451348879, 1.7704921319, 24.9163799887, 22.242851642, 0.94950983296, 12.5632399355, 38.3704344963, 25.115691627, 26.8303282937, 46.2544350986, 0.98447184368, 2.0255828108, 27.7579293316, 80.2846922367, 64.7360672126],
      [376.081967055, 14.6572690942, 103.325019811, 41.5874046826, 39.9919312642, 45.3590338613, 281.7855677783, 1640.8459099686, 199.0731907132, 40.3936143834, 1033.2736839877, 374.4515132486, 37.4049194991, 9.4273268134, 18.6873951337, 85.5055222934, 6.5618508131, 175.7417130726, 1088.4950692628, 23.9937910151, 196.6014773763, 84.7012595592, 14.3880666103, 22.9654914357, 198.7780855821, 461.6135736338, 391.675405657, 197.8316478017, 389.7167775832, 412.8080692833, 416.6250855524, 615.924479427, 488.3472581374, 8.4580869421, 141.7211883041, 316.4660162665, 161.6783268022, 25.6863612122, 255.2955993893, 21.3698447278, 17.1601134762, 32.3795823647, 361.9136307009, 378.796133351, 18.5506958166, 174.2678580103, 531.042256225, 501.1931665359, 511.2685809827, 885.6668040374, 14.2076183921, 28.152301172, 432.4603204783, 972.7009474633, 901.6524647348],
      [2.3068296423, 0.77038249299, 1.1426268132, 0, 2.3357148851, 0.39129758924, 3.5046576625, 17.108022498, 1.9730077987, 0, 23.6530056532, 6.2308281135, 1.9954486145, 0, 0.99178667365, 3.2489063401, 0, 4.5191459181, 27.0831907017, 0.53407395912, 0.73765446437, 3.380491114, 0.70498785451, 0.60630193463, 2.9430359879, 7.7686319643, 12.4721082723, 3.1828479773, 5.4514194566, 8.7378482564, 9.8083562938, 13.9917318981, 10.5029237449, 0, 4.3958670369, 9.9053483538, 5.2405929379, 0, 5.784578052, 0.5676951036, 0, 0.30055974144, 5.7505566899, 6.2006309722, 0.34363406294, 0.63548208342, 14.9836191881, 8.626969257, 9.5327110095, 18.5248505764, 0.80790976421, 1.5869616967, 3.4210519222, 41.5086258488, 25.643445513]
    ],
    [
      [17.3937281493, 0, 1.4541358989, 0.44384370751, 6.5867665806, 0, 32.0835406883, 78.7472859822, 10.7973713932, 3.5464469913, 61.1872914822, 32.3953720386, 2.968725728, 0, 0, 4.0993049229, 0, 7.6034613102, 49.4542984512, 0, 6.4757052582, 7.7397207441, 0, 0, 20.0705786241, 52.7902342664, 32.9392587027, 28.0271880196, 30.0144438008, 14.3250859363, 22.0988856369, 23.7507204071, 25.0633521195, 3.1855435163, 15.9092412227, 21.8374564542, 9.4500119431, 4.3216915814, 10.5910112432, 0, 0.69767723703, 2.2617842892, 30.289897608, 9.6154173356, 0.69781946581, 14.7010920278, 26.7724207108, 9.1350007549, 33.8428436003, 39.5800918604, 0.92977326212, 1.7520731665, 9.3876833154, 36.0206877934, 55.9171582717],
      [0.1575843754, 0, 0.043008339954, 0.021229843089, 0.069836649466, 0, 0.32172632861, 0.92342741685, 0.15369728425, 0, 0.47965234737, 0.35859324724, 9.2660567312e-05, 0, 0.075591585205, 0.069819231535, 0, 0.080705570951, 0.57943017418, 0, 0.073972405093, 0.0059553496561, 0.0050095547798, 0, 0.30017680542, 0.48623140284, 0.3308142263, 0.089447693533, 0.28846815862, 0.25215133424, 0.2500276618, 0.26255148469, 0.33137390065, 0.039417087987, 0.081327561603, 0.2410538952, 0.25230483647, 0.015667502795, 0.17307197322, 0, 0.031452000111, 0.01121252684, 0.22664627423, 0.15892609553, 0.013097749533, 0.1089421326, 0.24658836004, 0.16975482481, 0.52797214659, 0.45392275911, 0.13648667371, 0.0027111976435, 0.2405209093, 0.65585229188, 0.81874802072],
      [9.83762329, 0, 2.4064322998, 0.7570925038, 3.1676080302, 0, 30.8288797191, 73.5627382943, 7.8315588692, 3.0956794632, 41.3131131806, 23.2453904032, 2.0654869977, 0, 0.35640548088, 4.4729511147, 0, 5.9058051921, 45.806500842, 0, 6.079443859, 0.61720727288, 0.9713576589, 0, 18.2237193373, 38.8573402955, 29.9523825828, 11.4420346674, 27.619335736, 17.9587756012, 21.0075037923, 16.4447344179, 24.1467574996, 0.97005914379, 5.2363780065, 12.6075778931, 9.8949874485, 0.20758279584, 9.7474917702, 0, 0.59048508397, 0.98374299711, 16.2713305578, 12.7929560247, 1.3220041812, 9.761278498, 21.8359134263, 10.1537846865, 29.9705348659, 34.652739585, 1.6478942339, 0.13418505526, 13.7733232676, 33.9879450609, 38.0491452155],
      [8.6110641853, 0, 2.0964234614, 0.7778339456, 2.1757887397, 0, 14.7658532639, 54.7665483066, 6.2173724534, 2.3578735455, 29.0149748141, 16.000644311, 0.95963908989, 0, 0.56671940934, 5.3579247309, 0, 5.4072136811, 37.155849988, 0, 5.3708784777, 0.63711663341, 0.77923458919, 0, 11.4055252332, 19.8661940353, 15.7731662775, 7.4413296194, 19.0777523046, 12.4615820453, 14.6377493879, 14.5389485656, 20.4524896117, 0.8049802519, 4.7704158112, 12.3139117576, 8.3976745971, 0.45505811992, 7.4853721056, 0, 0.68038567889, 0.74326018689, 11.2121255599, 10.4327005441, 0.96448063976, 6.4286873415, 14.1421790997, 9.5412188955, 26.6549021731, 31.3080257487, 1.2597227755, 0.11103058061, 10.5984725078, 20.3355148538, 26.2085907611],
      [0, 0, 0, 0, 0, 0, 0, 0, 0, 0, 0.0049681756947, 0, 0.0060555238329, 0, 0.0012835245737, 0, 0, 0.0028142456469, 0.0039205447124, 0, 0, 0, 0.24439819713, 0, 0, 0, 0.0043782107086, 0, 0, 0.0024050828913, 0.0058335210574, 0.0030451247433, 0.0060268685438, 0, 0.0026373979754, 0, 0.0050211748073, 0, 0.0030529077913, 0, 0, 0, 0, 0, 0.002597963741, 0, 0.0028984031974, 0.00024083835343, 0.0037472142425, 0.0052200468467, 0.026123054837, 0, 0, 0, 0.006357730964]
