{
  "Z_true": {},
  "V_true": [
    [1260, 4288, 377, 116],
    [324, 5361, 171, 77],
    [234, 913, 10979, 200],
    [144, 776, 379, 123],
    [118, 556, 588, 469]
  ],
  "p_true": [
    [0.2086, 0.7098, 0.0624, 0.0192],
    [0.0546, 0.9036, 0.0288, 0.013],
    [0.019, 0.0741, 0.8907, 0.0162],
    [0.1013, 0.5457, 0.2665, 0.0865],
    [0.0682, 0.3212, 0.3397, 0.2709]
  ],
  "Z_est": [
    [
      [48.4045, 19.9471, 20.4766, 24.4216, 37.3839, 0.4769, 26.197, 12.2108, 18.2124, 4.5962, 0.9479, 4.2794, 2.4076, 6.9508, 0.153, 8.0964, 0, 14.5367, 5.26, 8.7059, 10.1444, 9.9671, 0, 1.1348, 2.4422, 0.7514, 4.0784, 3.5786, 1.987, 2.0664, 3.7348, 24.1561, 7.6703, 9.5808, 4.2955, 2.877, 5.599, 38.3232, 7.5924, 18.884, 25.1731, 12.1045, 13.0502, 10.4023, 2.0805, 0.5674, 293.0598, 65.3598, 122.1082, 95.7015],
      [175.5161, 58.3014, 74.1521, 88.4383, 135.3787, 5.3272, 159.8606, 44.2192, 77.2845, 15.791, 1.3447, 4.3937, 27.8921, 25.1709, 4.7621, 58.8496, 6.9554, 101.4011, 19.0483, 40.1374, 36.8047, 38.7209, 1.3606, 4.0818, 8.8438, 2.7212, 13.5624, 38.154, 8.7108, 5.0668, 8.2058, 166.2486, 45.3648, 34.695, 26.958, 34.4536, 27.2118, 138.7801, 38.0965, 63.6888, 91.1595, 43.5389, 46.9403, 37.4162, 7.4832, 2.0409, 1061.2599, 187.2729, 442.1916, 344.2292],
      [33.7507, 11.7515, 14.2323, 16.9743, 25.9838, 0.914, 27.9424, 8.4872, 14.3629, 22.5579, 6.8166, 4.3269, 10.648, 4.8312, 1.1836, 10.054, 1.0446, 27.0623, 3.656, 9.4979, 7.0509, 7.312, 0.6369, 0.7834, 1.6974, 0.5223, 0, 6.2674, 2.2856, 3.8527, 5.0595, 28.5952, 7.9649, 6.7242, 4.7006, 5.6146, 5.2229, 26.6367, 10.2397, 13.4271, 17.4966, 8.3566, 9.0095, 7.1815, 1.4363, 0.3917, 203.6921, 37.9964, 84.8717, 66.0694],
      [0.3288, 0, 0.1389, 0.1657, 0.2536, 0.2819, 0, 0.0828, 0.1402, 0.0548, 1.8908, 0, 0.0523, 0.0472, 0.9013, 0, 0, 0, 0.0357, 0.6588, 0, 0, 0.0025, 0, 0.0166, 0.0051, 1.3591, 0, 0.0166, 0.014, 0, 0, 0, 0, 0.0459, 0.0548, 1.9663, 0.26, 0.0714, 0, 0.1708, 0, 0, 0, 0, 0, 1.9882, 0.3709, 0.8284, 0]
    ],
    [
      [0, 0.0261, 0.0472, 0.0616, 0.085, 0, 0, 0.0206, 0.0334, 0.0075, 0.0013, 0.0013, 0, 0.005, 0, 0, 0, 0, 0.0153, 0, 0.0203, 0.0172, 0, 0.0022, 0.005, 1.2298, 0.1103, 0, 0.0025, 0.0028, 0.0038, 0, 0, 0.0122, 0, 0.0128, 0, 0.0413, 0.0144, 0.0216, 0.0319, 0.0244, 0.0297, 0.0203, 0.0054, 0.0016, 0.4391, 0.0869, 0.2006, 0.1094],
      [278.256, 62.6076, 150.0595, 183.9998, 270.3058, 8.9439, 298.2557, 65.5889, 106.3335, 23.8505, 3.9751, 3.9751, 31.7634, 15.9003, 7.9502, 84.5058, 5.9651, 177.8851, 48.6948, 81.4893, 64.6018, 54.663, 0.9938, 6.9571, 15.9003, 3.7406, 17.8879, 57.6628, 7.9502, 8.9439, 11.9253, 246.5581, 94.4476, 38.7571, 77.5385, 40.7446, 73.5622, 131.1778, 45.7135, 68.5702, 101.3647, 58.6325, 94.418, 48.6948, 12.919, 4.9694, 1396.2489, 276.2685, 638.0013, 262.3557],
      [1.7155, 0.3663, 0.878, 12.9186, 1.5815, 0.0523, 1.7443, 0.3837, 0.6221, 0.1395, 0.0233, 0.0237, 9.6462, 0.093, 0.049, 0.4942, 0.0349, 1.1149, 0.2849, 0.4768, 0.3779, 0.3198, 0.0061, 0.0407, 0.093, 0.0291, 0, 0.3372, 0.0465, 0.0523, 0.071, 1.4419, 0.5524, 0.2307, 0.4535, 0.2384, 0.4303, 0.7675, 0.2675, 0.4082, 0.5931, 0.343, 0.5524, 0.2849, 0.0756, 0.0291, 8.169, 1.6164, 3.7327, 1.535],
      [0.0285, 0, 0.0154, 0.0201, 0.0277, 0.0037, 0, 0.0067, 0.0109, 0.0024, 0.0004, 0, 1.5904, 0.0016, 0.0008, 0, 0, 0, 0.005, 0.034, 0, 0, 0.0001, 0, 0.0016, 0.0005, 0.0018, 0, 0.0008, 0.0009, 0, 0, 0, 0, 0.0079, 0.0042, 0.0075, 0.0134, 0.0047, 0, 0.0104, 0, 0, 0, 0, 0, 0.143, 0.0283, 0.0654, 0]
    ],
    [
      [0, 10.3619, 15.5282, 6.0524, 5.4566, 0, 0, 4.7575, 0, 0, 0.2039, 1.1759, 0, 7.0746, 0, 0, 0, 0, 5.3085, 0, 1.2866, 0, 0, 0.7608, 0.1471, 0.557, 0.3291, 0, 0, 0.8642, 1.4476, 0, 0, 0.9039, 0, 0, 0, 15.2277, 0, 3.3233, 25.3773, 3.8387, 2.7683, 3.3638, 1.1568, 0.4106, 25.2256, 46.2309, 85.0051, 36.5547],
      [9.4551, 0, 0.0522, 0, 19.1331, 1.3709, 29.9006, 10.4482, 23.0393, 0, 0.5273, 0, 0, 6.1363, 0.1348, 24.6215, 2.299, 36.9614, 9.03, 4.3811, 14.8984, 10.266, 0.0991, 3.1609, 1.3678, 0, 0.7382, 7.4584, 0, 0, 0, 59.3302, 19.0295, 14.7828, 13.8585, 21.2688, 8.1028, 15.2899, 3.4085, 0, 9.7894, 2.8366, 12.623, 4.9563, 1.9509, 1.2297, 140.189, 0, 56.5184, 20.733],
      [552.582, 103.6381, 165.9138, 447.6432, 274.5561, 21.3751, 326.0994, 92.0802, 194.4781, 59.2536, 9.1601, 12.8241, 44.5106, 25.7587, 8.7674, 108.3785, 15.701, 664.0386, 93.0834, 227.074, 61.815, 50.734, 7.8771, 30.0783, 27.99, 12.4486, 12.7805, 64.5416, 28.9118, 52.5583, 69.5524, 569.6698, 205.9705, 247.3133, 79.0898, 235.1714, 83.7126, 191.2542, 82.6147, 159.6767, 160.1052, 77.3247, 85.6088, 85.6799, 33.8924, 8.3597, 2844.5264, 500.8744, 1145.8089, 549.7123],
      [5.9629, 0, 8.5058, 16.3045, 18.8541, 3.254, 0, 0.7141, 1.4826, 0.7464, 0.1088, 0, 0.4894, 1.0304, 0.0979, 0, 0, 0, 5.5781, 2.5448, 0, 0, 0.0238, 0, 0.495, 0.9944, 0.1523, 0, 0.0882, 2.5775, 0, 0, 0, 0, 0.0518, 0.5598, 3.1846, 0.2283, 3.9768, 0, 2.7281, 0, 0, 0, 0, 0, 30.059, 9.8947, 60.6675, 0]
    ],
    [
      [29.552, 6.9263, 6.9263, 18.9318, 20.317, 0.4618, 15.6995, 5.541, 8.7733, 6.9263, 1.847, 0.4618, 7.388, 1.847, 1.847, 4.6175, 0, 11.5438, 3.2323, 6.9263, 1.3853, 2.7705, 0, 0, 1.3853, 0.4618, 0.4618, 4.1558, 1.847, 0.9235, 2.7705, 15.6995, 6.0028, 4.1558, 5.541, 6.9263, 4.1558, 34.6313, 8.3115, 29.0903, 32.7843, 12.4673, 21.7023, 9.235, 0.4618, 0, 181.468, 26.3198, 63.7216, 17.0848],
      [34.448, 8.0737, 8.0737, 22.0682, 23.683, 0.5382, 18.3005, 6.459, 10.2267, 8.0737, 2.153, 0.5382, 8.612, 2.153, 2.153, 5.3825, 2, 13.4562, 3.7677, 8.0737, 1.6147, 3.2295, 0, 0, 1.6147, 0.5382, 0.5382, 4.8442, 2.153, 1.0765, 3.2295, 18.3005, 6.9972, 4.8442, 6.459, 8.0737, 4.8442, 40.3687, 9.6885, 33.9097, 38.2157, 14.5327, 25.2977, 10.765, 0.5382, 0, 211.532, 30.6802, 74.2784, 19.9152],
      [0, 0, 0, 0, 0, 0, 0, 0, 0, 0, 0, 0, 0, 0, 0, 0, 0, 0, 0, 0, 0, 0, 0, 0, 0, 0, 0, 0, 0, 0, 0, 0, 0, 0, 0, 0, 0, 0, 0, 0, 0, 0, 0, 0, 0, 0, 0, 0, 0, 0],
      [0, 0, 0, 0, 0, 0, 0, 0, 0, 0, 0, 0, 0, 0, 0, 0, 0, 0, 0, 0, 0, 0, 0, 0, 0, 0, 0, 0, 0, 0, 0, 0, 0, 0, 0, 0, 0, 0, 0, 0, 0, 0, 0, 0, 0, 0, 0, 0, 0, 0]
    ],
    [
      [2.0435, 7.7387, 1.0218, 1.5326, 1.7574, 0.0613, 1.1035, 0.47, 0.9809, 0.47, 0, 0.0817, 0.2044, 0.1226, 0, 0.2861, 0, 0.9196, 0.1839, 0.3678, 0.1635, 0.2452, 0, 0.1022, 0.0204, 0, 0.0204, 0.2657, 0.1635, 0.143, 1.0434, 1.1444, 0.327, 0.3474, 0.1635, 0.1839, 0.2452, 0.7765, 0.0817, 1.6808, 0.6335, 0.5651, 0.4496, 2.9786, 0.2956, 0.0204, 8.8075, 2.0026, 3.9644, 2.5497],
      [27.3249, 9.0172, 13.6624, 20.4937, 23.4994, 0.8197, 22.6825, 6.2847, 13.1159, 6.2847, 0, 1.093, 2.7325, 1.6395, 0, 5.6406, 0.7805, 12.2962, 2.4592, 4.9185, 3.0804, 5.1206, 0.5465, 3.8002, 0.2732, 0, 0.2732, 3.8806, 2.186, 1.9127, 1.6395, 21.5626, 6.1607, 6.9208, 2.186, 2.4592, 3.279, 10.3835, 1.093, 6.8312, 8.4707, 2.4592, 7.721, 5.1677, 3.1086, 0.76, 117.7703, 26.7784, 53.0103, 20.7669],
      [21.9519, 7.2441, 10.9759, 16.4639, 18.8786, 0.6586, 14.214, 5.0489, 10.5369, 5.0489, 0, 2.8253, 2.1952, 1.3171, 0, 3.0733, 0.2195, 13.7842, 1.9757, 3.9513, 1.7561, 2.6342, 0.4799, 1.0976, 0.2195, 0, 0.2195, 2.8537, 1.7561, 1.5366, 1.3171, 12.293, 3.5123, 3.7318, 1.7561, 1.9757, 2.6342, 8.3417, 0.8781, 5.488, 6.8051, 1.9757, 4.8294, 2.8537, 1.5958, 0.2195, 94.6125, 21.5128, 42.5866, 16.6834],
      [48.6797, 9, 24.3399, 36.5098, 41.8646, 1.4604, 16, 11.1963, 23.3663, 11.1963, 0, 0, 4.868, 2.9208, 0, 5, 0, 18, 4.3812, 8.7624, 3, 4, 0.9736, 0, 0.4868, 0, 0.4868, 6, 3.8944, 3.4076, 2, 21, 6, 6, 3.8944, 4.3812, 5.8416, 18.4983, 1.9472, 11, 15.0907, 4, 9, 2, 1, 0, 209.8097, 47.7061, 94.4387, 36]
    ]
  ],
  "V_est": [
    [1062.1355, 4129.487, 837.174, 12.2035],
    [2.7496, 5872.4745, 55.7377, 2.0383],
    [310.6984, 621.377, 11212.569, 181.3556],
    [655.686, 766.314, 0, 0],
    [48.7305, 504.3476, 388.5193, 789.4026]
  ],
  "p_est": [
    [0.1758, 0.6836, 0.1386, 0.002],
    [0.0005, 0.9898, 0.0094, 0.0003],
    [0.0252, 0.0504, 0.9097, 0.0147],
    [0.4611, 0.5389, 0, 0],
    [0.0282, 0.2914, 0.2244, 0.456]
  ],
  "EI_Z": {},
  "EI_V": 7.7004,
  "MAE_Z": {},
  "MAE_V": 211.4005,
  "MAE_p": 0.0732,
  "runtime": 0.8358
}
