{
  "X": [
    [33, 31, 50, 144, 450, 20],
    [16, 11, 68, 196, 219, 30],
    [34, 20, 78, 247, 589, 41],
    [60, 54, 177, 576, 1317, 61],
    [15, 15, 31, 86, 276, 7],
    [30, 25, 111, 340, 597, 26],
    [24, 21, 71, 266, 409, 32],
    [21, 28, 106, 294, 511, 38],
    [14, 16, 29, 141, 299, 19],
    [9, 27, 57, 229, 377, 32],
    [3, 3, 2, 21, 137, 5],
    [12, 16, 31, 66, 177, 9],
    [0, 1, 0, 2, 11, 1],
    [9, 10, 10, 33, 141, 6],
    [6, 16, 14, 53, 63, 7],
    [19, 12, 51, 84, 265, 11],
    [25, 23, 54, 143, 538, 13],
    [33, 17, 66, 204, 822, 22],
    [12, 5, 37, 106, 316, 12],
    [11, 19, 40, 139, 197, 27],
    [13, 2, 15, 50, 138, 7],
    [25, 41, 91, 254, 429, 25],
    [20, 13, 51, 120, 292, 16],
    [25, 37, 86, 323, 642, 45],
    [11, 19, 27, 117, 150, 17],
    [44, 38, 123, 425, 744, 55],
    [13, 26, 64, 204, 214, 18],
    [28, 25, 64, 273, 273, 34],
    [13, 12, 26, 67, 203, 9],
    [3, 10, 17, 119, 21, 44],
    [23, 16, 28, 113, 175, 15],
    [37, 44, 41, 222, 392, 25],
    [9, 8, 16, 43, 140, 5],
    [4, 4, 5, 59, 51, 9],
    [12, 29, 56, 175, 212, 32],
    [4, 10, 34, 131, 125, 20],
    [5, 29, 51, 207, 301, 33],
    [7, 7, 31, 101, 166, 10],
    [9, 3, 16, 53, 196, 4],
    [3, 7, 19, 39, 130, 4],
    [15, 10, 22, 90, 241, 9],
    [3, 1, 16, 23, 93, 3],
    [18, 19, 72, 316, 441, 41],
    [25, 29, 76, 227, 308, 46],
    [30, 25, 81, 298, 463, 41],
    [18, 62, 111, 280, 609, 35],
    [32, 18, 52, 139, 385, 23],
    [3, 14, 12, 62, 92, 12],
    [10, 18, 46, 137, 211, 17],
    [3, 10, 14, 66, 102, 15],
    [37, 36, 105, 318, 454, 38],
    [22, 39, 44, 164, 241, 24],
    [8, 5, 51, 117, 118, 27],
    [72, 47, 118, 436, 1120, 51],
    [3, 9, 46, 74, 170, 11],
    [62, 131, 157, 530, 1005, 116],
    [12, 17, 16, 69, 142, 9]
  ],
  "W": [
    [43, 202, 376, 68, 39],
    [15, 235, 171, 76, 43],
    [37, 346, 465, 91, 70],
    [87, 738, 1073, 203, 144],
    [15, 121, 223, 41, 30],
    [39, 421, 463, 118, 88],
    [32, 325, 324, 84, 58],
    [21, 404, 395, 110, 68],
    [24, 193, 227, 40, 34],
    [30, 294, 279, 65, 63],
    [6, 43, 103, 9, 10],
    [16, 87, 154, 27, 27],
    [4, 1, 9, 0, 1],
    [10, 48, 123, 16, 12],
    [28, 58, 52, 14, 7],
    [16, 124, 227, 36, 39],
    [29, 185, 469, 73, 40],
    [36, 300, 698, 68, 62],
    [16, 145, 252, 32, 43],
    [29, 179, 140, 41, 44],
    [9, 58, 118, 22, 18],
    [52, 313, 385, 66, 49],
    [13, 157, 251, 59, 32],
    [52, 495, 437, 92, 82],
    [25, 149, 114, 22, 31],
    [52, 523, 591, 135, 128],
    [29, 257, 167, 60, 26],
    [22, 342, 216, 66, 51],
    [13, 99, 164, 25, 29],
    [6, 150, 11, 11, 36],
    [24, 143, 156, 19, 28],
    [68, 259, 336, 47, 51],
    [7, 57, 123, 23, 11],
    [9, 64, 41, 3, 15],
    [19, 226, 170, 58, 43],
    [12, 160, 83, 41, 28],
    [26, 259, 248, 62, 31],
    [5, 134, 133, 26, 24],
    [9, 70, 172, 16, 14],
    [6, 60, 98, 23, 15],
    [21, 107, 220, 13, 26],
    [7, 23, 85, 14, 10],
    [25, 390, 329, 92, 71],
    [22, 308, 232, 85, 64],
    [30, 374, 376, 85, 73],
    [77, 359, 480, 132, 67],
    [37, 187, 332, 60, 33],
    [19, 80, 67, 13, 16],
    [21, 168, 168, 55, 27],
    [16, 87, 60, 15, 32],
    [54, 409, 361, 109, 55],
    [57, 185, 217, 42, 33],
    [5, 137, 112, 42, 30],
    [86, 531, 940, 139, 148],
    [18, 93, 142, 39, 21],
    [125, 753, 786, 163, 174],
    [23, 91, 123, 13, 15]
  ],
  "method": "mult",
  "cond_prob": [
    [
      [0.15136233795, 0.50179632606, 0.0043798149698, 0.10689084394, 0.23297409907, 0.0025965780081],
      [0.04974228483, 0.036911415387, 0.060978164768, 0.59817129761, 0.18999805358, 0.064198783829],
      [0.037436089944, 0.0021654090845, 0, 0, 0.96039850097, 0],
      [0.0059009467715, 0.01175381913, 0.5171471849, 0.12850870054, 0.33539724662, 0.0012921020359],
      [0.050416505975, 0.0090563731935, 0.059694105124, 0.25216666556, 0.45347840467, 0.17518794548]
    ],
    [
      [0.17252194461, 0.40403634338, 0.0083571423361, 0.16511916313, 0.24506319019, 0.004902216352],
      [0.0082786881712, 0.018098214576, 0.077320300707, 0.7040644556, 0.10768079792, 0.084557543024],
      [0.054492311762, 0, 0.012882611603, 0.022194760687, 0.90800928977, 0.0024210261732],
      [0.0037746189738, 0.00613994164, 0.58425445155, 0.15208221218, 0.25059762419, 0.0031511514572],
      [0.043293552495, 0.0051102060289, 0.072049006894, 0.29568635545, 0.36521061964, 0.21865025948]
    ],
    [
      [0.16192161639, 0.38549033634, 0.0068948014361, 0.14216250632, 0.29932405558, 0.004206683932],
      [0.033332625422, 0.014085341954, 0.067158408802, 0.61459761877, 0.19340444579, 0.077421559262],
      [0.028442995943, 0, 0.0033802539879, 0, 0.96817675007, 0],
      [0.004428485577, 0.0059256464406, 0.53388256061, 0.12747449007, 0.3266452907, 0.0016435265993],
      [0.04066894995, 0.0046299344772, 0.062185025446, 0.24984332249, 0.44400230665, 0.19867046099]
    ],
    [
      [0.12048096816, 0.43763050268, 0.007027080457, 0.14989757404, 0.28208939549, 0.0028744791825],
      [0.016297803247, 0.018427183707, 0.068800156163, 0.66852644799, 0.17469152819, 0.053256880701],
      [0.029871100008, 0, 0.00607986976, 0, 0.96404903023, 0],
      [0.0032948722552, 0.0071554030339, 0.5384053319, 0.13810536196, 0.31184303151, 0.0011959993407],
      [0.033123802755, 0.0060717908019, 0.068014903631, 0.28854863865, 0.45699395799, 0.14724690617]
    ],
    [
      [0.11598633155, 0.55764440244, 0.0044349541443, 0.098505694839, 0.22217447406, 0.0012541429698],
      [0.064368314562, 0.043977677253, 0.06364666831, 0.59017425888, 0.2054677764, 0.032365304602],
      [0.017593923443, 0.0019027091436, 0, 0, 0.98050336741, 0],
      [0.0048104025613, 0.013344368102, 0.51859957299, 0.12291960604, 0.339893727, 0.00043232330757],
      [0.045032251071, 0.011420392821, 0.065654877657, 0.26905418019, 0.50726294016, 0.1015753581]
    ],
    [
      [0.13239828103, 0.41841388302, 0.0081252392219, 0.15769808741, 0.2812481291, 0.0021163802111],
      [0.010975238007, 0.017680082671, 0.07749388539, 0.68924469683, 0.16637835929, 0.038227737808],
      [0.035838807116, 0, 0.010533968741, 0.0011788391705, 0.95244838497, 0],
      [0.0032785937413, 0.0062143939802, 0.56255954195, 0.13622372027, 0.29097644434, 0.00074730571922],
      [0.036768750937, 0.005741423501, 0.077260641407, 0.30747222384, 0.46212739805, 0.11062956227]
    ],
    [
      [0.1417901295, 0.42841971845, 0.006601419517, 0.15768961457, 0.26187543601, 0.0036236819605],
      [0.0095531811933, 0.019502718153, 0.062728917339, 0.69659159297, 0.14611378388, 0.065509806466],
      [0.04263227556, 0, 0.0060194909985, 0.013265645362, 0.93726114213, 0.00082144594715],
      [0.0038896766464, 0.0073042196068, 0.53307696079, 0.15375458077, 0.30004782923, 0.0019267329621],
      [0.038247273252, 0.0058384683279, 0.063328907765, 0.29910708167, 0.41821342381, 0.17526484517]
    ],
    [
      [0.094579337388, 0.54438044355, 0.0069008512765, 0.1201563336, 0.23107889502, 0.0029041391665],
      [0.0091191498654, 0.036082813346, 0.081660745569, 0.6421261106, 0.16663363185, 0.064377548771],
      [0.032729966478, 0.00045248715778, 0.011363742847, 0, 0.95545380352, 0],
      [0.0029784850015, 0.010694754055, 0.57451854654, 0.12388159807, 0.28663721239, 0.0012894039455],
      [0.030495989119, 0.0093440988304, 0.076153270141, 0.27104106651, 0.43960309099, 0.17336248441]
    ],
    [
      [0.11679081878, 0.46367701405, 0.004253408809, 0.13341417906, 0.27862732087, 0.0032372584288],
      [0.029840130491, 0.022184428876, 0.045057470518, 0.63609747594, 0.2004265615, 0.066393932673],
      [0.018272160856, 0, 0, 0, 0.98172783914, 0],
      [0.0040186760502, 0.0092002686866, 0.4636230781, 0.14887390867, 0.37266187904, 0.0016221894612],
      [0.033216106123, 0.0065337100662, 0.048732448669, 0.26694972058, 0.466821273, 0.17774674157]
    ],
    [
      [0.054233976814, 0.54764381707, 0.0056881212505, 0.13584829723, 0.25322803086, 0.0033577567764],
      [0.0043397311654, 0.031742141322, 0.060898662614, 0.66776062477, 0.16654979267, 0.068709047452],
      [0.017797318445, 0, 0.0046144748384, 0.0046150665246, 0.97297314019, 0],
      [0.0017317078435, 0.010791269371, 0.51962131294, 0.14487297721, 0.32121784588, 0.0017648867635],
      [0.016175982176, 0.0085248163545, 0.06130675767, 0.28410444954, 0.44601355448, 0.18387443978]
    ],
    [
      [0.077843030048, 0.45455042401, 0.0011624124673, 0.097660275774, 0.36524766947, 0.0035361882272],
      [0.052486082854, 0.0030123898275, 0, 0.40269552876, 0.4751041493, 0.066701849264],
      [0, 0, 0, 0, 1, 0],
      [0.0034247315139, 0.010481558551, 0.20982339506, 0.14231307336, 0.63191337385, 0.002043867673],
      [0.024521767337, 0.0048830666381, 0.010461496966, 0.18173129486, 0.56918151988, 0.20922085432]
    ],
    [
      [0.11434278516, 0.5936945857, 0.0075604436633, 0.0969089117, 0.18550994869, 0.0019833250856],
      [0.019196346116, 0.050477966818, 0.098727627999, 0.62459464273, 0.15265160677, 0.054351809571],
      [0.046696011428, 0.0089343978224, 0.018863253896, 0, 0.92550633685, 0],
      [0.0039949710921, 0.013689762815, 0.62556328987, 0.10847115649, 0.24737971879, 0.0009011009437],
      [0.044495679481, 0.013473431662, 0.092391827371, 0.26596304706, 0.42755269441, 0.15612332002]
    ],
    [
      [6.9388939039e-18, 0.24975026913, 0, 0.28021666081, 0.45132515056, 0.018707919491],
      [0, 0.00099892346541, 0, 0.7398791497, 0.08846188534, 0.17066004149],
      [0, 0, 0, 0, 0.99406873187, 0.0059312681331],
      [0, 0.0088590042442, -0, 0.36561359118, 0.61341270621, 0.012114698363],
      [0, 0, 0, 0.13925420705, 0.15961892561, 0.70112686734]
    ],
    [
      [0.11544247303, 0.60411733958, 0.0026393541258, 0.08336877801, 0.1919765963, 0.0024554589396],
      [0.081702668665, 0.053210726864, 0.03698985293, 0.56635642903, 0.18906457926, 0.07267574325],
      [0.026648202011, 0.0078169864552, 0, 0, 0.96553481153, 0],
      [0.0058963691627, 0.018082922917, 0.47617554769, 0.13348089284, 0.36462194868, 0.0017423187118],
      [0.045981368317, 0.012824634503, 0.048273729588, 0.23712577841, 0.45086676958, 0.2049277196]
    ],
    [
      [0.11433152179, 0.51044249736, 0.0090192881412, 0.16856200285, 0.19133279257, 0.0063118972912],
      [0.005668541738, 0.026341429778, 0.073580413848, 0.72431514876, 0.084438978789, 0.085655487088],
      [0.042390282141, 0, 0.013534767433, 0.036600762381, 0.90376356609, 0.0037106219527],
      [0.0028535935305, 0.0090842125166, 0.59130786214, 0.1576316556, 0.23600406325, 0.0031186129602],
      [0.032242426888, 0.0075183102293, 0.071096850342, 0.30855749574, 0.34935124513, 0.23123367168]
    ],
    [
      [0.16044375811, 0.48416530246, 0.010939235801, 0.10634460561, 0.23605007327, 0.0020570247459],
      [0.053421129469, 0.02974468631, 0.12866421168, 0.56306817892, 0.1791139329, 0.045987860728],
      [0.033684413975, 0, 0.027717549311, 0, 0.93859803671, 0],
      [0.0039574610945, 0.0071184031857, 0.67091810829, 0.085440066265, 0.23211447633, 0.00045148483714],
      [0.051791006268, 0.0079167062436, 0.11347883044, 0.24108178818, 0.45115886324, 0.13457280563]
    ],
    [
      [0.10901940569, 0.52364434002, 0.0053185012348, 0.12017389351, 0.23990054165, 0.0019433178946],
      [0.037422065716, 0.035164801914, 0.065508371923, 0.63901444232, 0.18052921342, 0.042361104709],
      [0.028061431871, 0.00026330549803, 0.0019492844484, 0, 0.96972597818, 0],
      [0.003842612696, 0.011121615226, 0.52309952482, 0.13546225468, 0.32555551602, 0.00091847656146],
      [0.036850820083, 0.0093364398806, 0.065655873511, 0.28521351669, 0.47694858431, 0.12599476552]
    ],
    [
      [0.13062669135, 0.38183702899, 0.007758623266, 0.14572268628, 0.3313190762, 0.0027358939076],
      [0.081973179097, 0.0086074080471, 0.074699310375, 0.58164305641, 0.2079361333, 0.045140912765],
      [0.0020342862788, 0, 0.0030865528203, 0, 0.9948791609, 0],
      [0.0032570811763, 0.0055286532005, 0.54128376413, 0.11969002878, 0.32931975934, 0.00092071338012],
      [0.033291484513, 0.0047692923295, 0.070148171302, 0.26003458731, 0.49793992455, 0.13381654]
    ],
    [
      [0.13849536856, 0.28709321539, 0.010813291284, 0.17689069829, 0.38360862371, 0.0030988027659],
      [0.056709775906, 0.0014695865556, 0.086543234362, 0.60764496119, 0.20364906494, 0.043983377042],
      [0.00080554631477, 0, 0.0088017676322, 0, 0.99039268605, 0],
      [0.0025613421856, 0.0028264401964, 0.5804061219, 0.11330680521, 0.30017366941, 0.00072562110813],
      [0.029678976171, 0.0023947073704, 0.081097139838, 0.26593980669, 0.49182868134, 0.12906068859]
    ],
    [
      [0.11110867805, 0.48757603207, 0.007004682177, 0.13832122306, 0.25112008278, 0.0048693018625],
      [0.0082670993977, 0.023692378324, 0.071367246484, 0.65228972991, 0.15251019925, 0.09187334664],
      [0.034633107852, 0, 0.0084898546844, 0.0076588235817, 0.947955203, 0.0012630108779],
      [0.0031107925268, 0.0082785009096, 0.55923409353, 0.13538136205, 0.29137286493, 0.0026223860536],
      [0.030042271623, 0.0063622911972, 0.066021581943, 0.26377163028, 0.40359491027, 0.23020731469]
    ],
    [
      [0.28452791914, 0.2089659925, 0.0063204339586, 0.17894151376, 0.31713760222, 0.0041065384204],
      [0.028116457035, 0.00051203308548, 0.050392450458, 0.68734843959, 0.16810823984, 0.065522379993],
      [0.063665663347, 0, 0, 0, 0.93633433665, 0],
      [0.0069749781003, 0.0025736137555, 0.50276788572, 0.15526064729, 0.33067777237, 0.0017451027625],
      [0.063472023698, 0.0018327025524, 0.053303360106, 0.2837545911, 0.42406227511, 0.17357504744]
    ],
    [
      [0.10628848525, 0.53607030413, 0.010600346952, 0.13718907545, 0.20715540856, 0.0026963796619],
      [0.0063415091778, 0.034966293025, 0.10577417023, 0.68705185606, 0.11156641978, 0.054299751733],
      [0.040627391998, 0.0028164763941, 0.026153797877, 0.022338071367, 0.90720952483, 0.00085473752889],
      [0.0026336567653, 0.0095164003951, 0.64240875263, 0.12403798631, 0.2200967568, 0.0013064471085],
      [0.034137533233, 0.0095401761372, 0.099454629015, 0.3067810726, 0.39807298683, 0.15201360219]
    ],
    [
      [0.1502168466, 0.50506391061, 0.0064816905341, 0.11767328266, 0.21769522765, 0.0028690419479],
      [0.012896303214, 0.033859397515, 0.077816695178, 0.65087355857, 0.15913394284, 0.065420102681],
      [0.056381615316, 0.00092726888831, 0.01015873323, 0.00029124020582, 0.93224114236, 0],
      [0.004975103509, 0.010286348818, 0.57292064487, 0.12768267763, 0.28271788173, 0.00141734344],
      [0.049285776192, 0.0087063962805, 0.073323649757, 0.27114747993, 0.42228285188, 0.17525384596]
    ],
    [
      [0.10184671264, 0.46805595973, 0.0058833841653, 0.12140764911, 0.29989113517, 0.0029151591914],
      [0.033703120259, 0.023005423618, 0.065214932177, 0.57817457152, 0.23717769566, 0.06272425676],
      [0.0008631704565, 0, 0.002177493262, 0, 0.99695933628, 0],
      [0.0031529572519, 0.0080949052404, 0.51530164961, 0.11756564269, 0.35490740205, 0.00097744316231],
      [0.028703034854, 0.0064472453738, 0.061626296053, 0.23993110017, 0.49609744726, 0.16719487628]
    ],
    [
      [0.12319148074, 0.52139466321, 0.0066317589422, 0.12992065386, 0.21540663102, 0.0034548122275],
      [0.0087856860606, 0.035035260787, 0.073659775038, 0.6748632987, 0.13502248278, 0.07263349663],
      [0.046737491167, 0.0019899091978, 0.0095930967709, 0.01131418412, 0.92981146386, 0.00055385488573],
      [0.0038899516127, 0.010676745657, 0.5709860053, 0.13846075258, 0.27409850993, 0.0018880349199],
      [0.038628800966, 0.0091335970796, 0.071083690236, 0.28585156775, 0.40218742554, 0.19311491843]
    ],
    [
      [0.13828138556, 0.45267349238, 0.0067744264619, 0.14575704541, 0.25325961673, 0.0032540334636],
      [0.0097275012526, 0.02390816229, 0.068536926864, 0.68080931518, 0.15400767019, 0.063010424226],
      [0.04422508117, 0, 0.0075283055568, 0.007791199633, 0.94032587418, 0.00012953945892],
      [0.0039801495044, 0.0081701566322, 0.54607201174, 0.14395598302, 0.29619374029, 0.0016279588029],
      [0.039433919069, 0.0066721747932, 0.067452866443, 0.29155238368, 0.42629485812, 0.1685937979]
    ],
    [
      [0.10809236587, 0.53828515106, 0.0082297814277, 0.13696921571, 0.20583494431, 0.0025885416229],
      [0.0066013698531, 0.035803002379, 0.088706766295, 0.703259734, 0.1118579345, 0.053771192975],
      [0.042309919197, 0.0017732204377, 0.015742098573, 0.016419947274, 0.92329177731, 0.00046303720719],
      [0.0029965197587, 0.010690258885, 0.6022434738, 0.13961505758, 0.24302732872, 0.0014273612584],
      [0.035508524846, 0.0096467562136, 0.084621481205, 0.31427332527, 0.40430503518, 0.15164487728]
    ],
    [
      [0.17958031228, 0.4951895485, 0.0055521285345, 0.12742326682, 0.18910583851, 0.0031489053524],
      [0.012612988829, 0.036113273027, 0.065046442464, 0.70367341581, 0.11238536747, 0.070168512396],
      [0.075186685387, 0.0023037938629, 0.0078147667856, 0.01785751772, 0.89559795314, 0.0012392831019],
      [0.0062813964004, 0.011829032139, 0.55438079607, 0.156190457, 0.26911215299, 0.0022061653997],
      [0.060405779303, 0.0093481365158, 0.065781327121, 0.30146246925, 0.37633952748, 0.18666276032]
    ],
    [
      [0.13219469582, 0.54243948887, 0.0059672006996, 0.095187266549, 0.22235881865, 0.0018525294099],
      [0.058533124199, 0.04164838832, 0.083598836945, 0.56609683485, 0.20146797311, 0.048654842568],
      [0.024211274001, 0.0014660978764, 0.0060753500669, 0, 0.96824727806, 0],
      [0.0047658099265, 0.011356226611, 0.57628082298, 0.10614257362, 0.30079435146, 0.00066021540116],
      [0.048168809458, 0.010370706344, 0.077336674062, 0.24363498427, 0.47764115972, 0.14284766615]
    ],
    [
      [0.097668063306, 0.65437803149, 0.0054272728302, 0.14170455752, 0.091774517566, 0.0090475572936],
      [0.0034397619511, 0.036970618372, 0.051586505835, 0.70210026041, 0.024067143262, 0.18183571017],
      [0.080010803897, 0.00029164645881, 0.016632554598, 0.01456524159, 0.88764594471, 0.00085380875125],
      [0.0035749857407, 0.015702640972, 0.63849732026, 0.19008214543, 0.145550931, 0.0065919765948],
      [0.02718287893, 0.0097833859311, 0.056195329567, 0.29398923157, 0.15205877146, 0.46079040254]
    ],
    [
      [0.21839845146, 0.44564988502, 0.0075555217216, 0.12781083766, 0.19739868899, 0.0031866151511],
      [0.015685634472, 0.031067101091, 0.083936772164, 0.67850375225, 0.12291163293, 0.06789510709],
      [0.0861007414, 0.0029986507068, 0.013369747224, 0.015199065663, 0.88137519255, 0.00095660245737],
      [0.0066818047045, 0.008911604663, 0.60574137187, 0.13231009938, 0.24465941931, 0.0016957000614],
      [0.069882910278, 0.0080249037392, 0.079319372383, 0.28648418543, 0.37653603395, 0.17975259422]
    ],
    [
      [0.158092174, 0.48314013009, 0.0041862749851, 0.13863016329, 0.21293372877, 0.0030175288693],
      [0.011574974176, 0.033561801839, 0.052141726815, 0.70706582271, 0.13438624648, 0.061269427975],
      [0.060645967287, 0.0043013177777, 0.0029554285875, 0.016976083632, 0.91426082039, 0.00086038232198],
      [0.0058492789236, 0.011767162061, 0.49823076363, 0.1691778306, 0.31310493013, 0.0018700346556],
      [0.050977504673, 0.0089346095626, 0.054916787452, 0.30956428775, 0.40797845561, 0.16762835495]
    ],
    [
      [0.12016776407, 0.59305739261, 0.0038858396178, 0.09492972593, 0.18593889577, 0.0020203819988],
      [0.031370380502, 0.047965357694, 0.058784542706, 0.63519784819, 0.17067827657, 0.05600359434],
      [0.046414785683, 0.0049987668083, 0, 0, 0.94858644751, 0],
      [0.0055360998652, 0.015841854622, 0.51988162374, 0.13633415915, 0.32117050362, 0.0012357589966],
      [0.048578638812, 0.012305626315, 0.060436622033, 0.27213899193, 0.44606466712, 0.16047545379]
    ],
    [
      [0.152193062, 0.38743382763, 0.0051027219711, 0.20163687914, 0.24777772414, 0.0058557851249],
      [0.0061098519618, 0.0069813743016, 0.0415890186, 0.78002194994, 0.081096370711, 0.084201434482],
      [0.041465551669, 0, 0.0056822176879, 0.037481722114, 0.91153167688, 0.0038388316503],
      [0.0043983720805, 0.0068087047139, 0.46917936611, 0.20492356743, 0.311799888, 0.0028901016648],
      [0.035063278787, 0.0030574321252, 0.043457952557, 0.34082279883, 0.35144228941, 0.22615624829]
    ],
    [
      [0.083981989738, 0.64356294055, 0.0055132304323, 0.10299767104, 0.16028841449, 0.0036557537513],
      [0.0070873067743, 0.060207915167, 0.075514819939, 0.66260002888, 0.10151702807, 0.093072901172],
      [0.042531710255, 0.0083989402496, 0.011608431671, 0.018916669989, 0.91636651963, 0.0021777282055],
      [0.0032765593602, 0.018798136359, 0.58259462315, 0.14084323705, 0.25145230064, 0.0030351434415],
      [0.032143713435, 0.015051245359, 0.071278553227, 0.27699293203, 0.36384023271, 0.24069332324]
    ],
    [
      [0.07314500381, 0.49869818508, 0.0065772618486, 0.16131387287, 0.25546109391, 0.0048045824854],
      [0.0041849172676, 0.02192414557, 0.060034021825, 0.70483072832, 0.1246250907, 0.084401096314],
      [0.022241389099, 0, 0.0065365556933, 0.01697139536, 0.9525891695, 0.0016614903437],
      [0.0018772468165, 0.0080865978063, 0.53783572226, 0.15964240939, 0.28953481048, 0.0030232132533],
      [0.018916813456, 0.0062931420637, 0.061493951099, 0.29776258551, 0.39495085937, 0.2205826485]
    ],
    [
      [0.032443169069, 0.61622149861, 0.0051850161016, 0.13228152008, 0.20928433218, 0.0045844639555],
      [0.0021224944256, 0.041919143765, 0.057850476975, 0.68817784598, 0.11607934057, 0.093850698284],
      [0.012999361122, 0.0035820840346, 0.0058576821191, 0.025926921034, 0.94834847371, 0.0032854779813],
      [0.0011098486848, 0.014574567202, 0.52607175311, 0.16050968091, 0.29437896642, 0.0033551836758],
      [0.010132237785, 0.010619444966, 0.058476199566, 0.28842392699, 0.3887787341, 0.24356945659]
    ],
    [
      [0.10174399877, 0.5190781357, 0.007696211695, 0.13173135709, 0.23737902155, 0.0023712751904],
      [0.0079726240201, 0.029720303373, 0.087240606972, 0.66902713475, 0.15670949193, 0.049329838954],
      [0.034454154582, 0, 0.013626032721, 0.0031479133791, 0.94877189932, 0],
      [0.0028219819257, 0.0086818479878, 0.59411549517, 0.1251018625, 0.26827744129, 0.001001371134],
      [0.03196559575, 0.0081816925743, 0.08383384921, 0.29251609391, 0.44383987044, 0.13966289811]
    ],
    [
      [0.1570686234, 0.31266184939, 0.008668241105, 0.17448194409, 0.34477242429, 0.0023469177331],
      [0.057389557471, 0.0011278479059, 0.07351736905, 0.64646269096, 0.18639225473, 0.035110279877],
      [0.017403546529, 0, 0.0052607395847, 0, 0.97733571389, 0],
      [0.0034154290775, 0.0037396751074, 0.55311392652, 0.13004410153, 0.30892065133, 0.00076621644397],
      [0.037218321303, 0.0033756571695, 0.072935711688, 0.29261203652, 0.48607979575, 0.10777847756]
    ],
    [
      [0.052172807342, 0.62310910423, 0.0053276737638, 0.088448070517, 0.22956229745, 0.0013800466965],
      [0.03891311667, 0.046542174452, 0.084383013586, 0.54223951218, 0.25085950861, 0.037062674506],
      [0, 0, 0, 0, 1, 0],
      [0.0020669713227, 0.012667127552, 0.55518941146, 0.099217251468, 0.33083103975, 2.8198447836e-05],
      [0.020309054355, 0.011831398252, 0.075713111917, 0.24352960416, 0.53079611897, 0.11782071235]
    ],
    [
      [0.1501492942, 0.40902832723, 0.0091534082266, 0.16185687246, 0.26701999937, 0.0027920985072],
      [0.01594507517, 0.011174087342, 0.083470213011, 0.69326743455, 0.14672281499, 0.049420374941],
      [0.041120435039, 0, 0.013245736354, 0.012456268494, 0.93296101813, 0.00021654198259],
      [0.0035328151678, 0.0059042069846, 0.59939983565, 0.13160935745, 0.25841205468, 0.0011417300662],
      [0.040319979724, 0.0053085804496, 0.083469452838, 0.30654190255, 0.42624838883, 0.1381116956]
    ],
    [
      [0.19153200924, 0.14285714286, 0.018448934792, 0.24292526747, 0.39936183017, 0.0048748154722],
      [0.008121020819, 0, 0.10580693279, 0.68856468879, 0.14040636491, 0.057100992689],
      [0.01450480506, 0, 0.03694315152, 0.010107561681, 0.93838399027, 6.0491470279e-05],
      [0.001545120013, 0, 0.66182822503, 0.11471929681, 0.22075323455, 0.0011541236039],
      [0.021795234624, 0, 0.10315349727, 0.29973223872, 0.41219363394, 0.16312539544]
    ],
    [
      [0.11021467972, 0.43002990619, 0.0061034687832, 0.1658949285, 0.2837217316, 0.0040352852056],
      [0.0072962467029, 0.018442914438, 0.053247565029, 0.69755211493, 0.15355258259, 0.069908576314],
      [0.030775777206, 0, 0.0028688207541, 0.011691466962, 0.95380113715, 0.00086279792979],
      [0.0030520831925, 0.0072755963816, 0.50176668871, 0.16121339753, 0.32453659603, 0.0021556381534],
      [0.02807147096, 0.0054529696817, 0.055978669429, 0.29759403892, 0.42765504991, 0.1852478011]
    ],
    [
      [0.14204033769, 0.55613079156, 0.0054306931787, 0.10501575793, 0.18744726154, 0.0039351581103],
      [0.012501236374, 0.045396055193, 0.070923799974, 0.63468991271, 0.13910666794, 0.097382327811],
      [0.062166911877, 0.0036719874164, 0.0079224226896, 0.0071674782522, 0.91784836076, 0.0012228390056],
      [0.0055132810215, 0.014374967146, 0.56477736811, 0.13309521204, 0.27937980798, 0.0028593636969],
      [0.048959051958, 0.01108381716, 0.065498687573, 0.25358144114, 0.38036254916, 0.24051445301]
    ],
    [
      [0.14578232547, 0.46252708813, 0.0066891612106, 0.14274269469, 0.23862604125, 0.0036326892436],
      [0.0092687257198, 0.026385374738, 0.068957152663, 0.68289260558, 0.14121675834, 0.071279382954],
      [0.049804369516, 0, 0.0083370313337, 0.012745924384, 0.92819425016, 0.00091842461011],
      [0.0042875210329, 0.0087292567451, 0.5526449664, 0.14586026792, 0.28646391513, 0.002014072771],
      [0.042043076587, 0.0070420600081, 0.067120604684, 0.28938759356, 0.40651616847, 0.1878904967]
    ],
    [
      [0.058503875544, 0.57493647227, 0.0066667248733, 0.12280992087, 0.23424569484, 0.0028373116073],
      [0.0055462232293, 0.039434176162, 0.07552968999, 0.65236837792, 0.16327360132, 0.06384793138],
      [0.020802666377, 0.00265491219, 0.0096179106565, 0.0011786538762, 0.9657458569, 0],
      [0.0019152898553, 0.012205120147, 0.55970266319, 0.12981318794, 0.29500993034, 0.0013538085273],
      [0.018895661521, 0.010262517644, 0.072748579435, 0.27824319031, 0.44550054489, 0.1743495062]
    ],
    [
      [0.19662502464, 0.39311545107, 0.0070695108588, 0.13492533013, 0.26398422866, 0.0042804546483],
      [0.025916494634, 0.015491396128, 0.073191878533, 0.63123581289, 0.17000905625, 0.084155361564],
      [0.053696501697, 0, 0.0067993143735, 0, 0.93950418393, 0],
      [0.0055138281232, 0.0064254533958, 0.56006086198, 0.12750848409, 0.29853934927, 0.001952023151],
      [0.052133980032, 0.0052215160822, 0.066379476424, 0.2520047494, 0.41251939393, 0.21174088414]
    ],
    [
      [0.055452068644, 0.5714887312, 0.0042014787603, 0.12969194871, 0.23423110577, 0.004934666922],
      [0.0040069107201, 0.035034158626, 0.053112585904, 0.65850552543, 0.15174302181, 0.097597797513],
      [0.020031691266, 0.00057590687746, 0.0031969620623, 0.0096200663489, 0.96516330609, 0.0014120673504],
      [0.0019183995763, 0.012242235157, 0.5088336408, 0.1500228578, 0.32407281975, 0.0029100469149],
      [0.016174708052, 0.0088279124583, 0.052633202664, 0.26628558398, 0.40820494253, 0.24787365031]
    ],
    [
      [0.095645547866, 0.53684288111, 0.0064562041748, 0.13573470318, 0.2219455287, 0.0033751349663],
      [0.0063248326116, 0.033696838892, 0.07009820857, 0.68689130877, 0.13384456873, 0.069144242425],
      [0.035511067527, 0.0012983549168, 0.0092947931444, 0.015934056892, 0.93702308696, 0.00093864055819],
      [0.0029344328923, 0.011001153071, 0.55745376564, 0.14708074728, 0.27948099539, 0.0020489057225],
      [0.029689572683, 0.0089645747329, 0.06912734496, 0.29575810005, 0.40970085166, 0.18675955592]
    ],
    [
      [0.062156021927, 0.50462500952, 0.004748342827, 0.13115868006, 0.29284910165, 0.0044628440086],
      [0.010853966339, 0.019026447493, 0.054116736236, 0.62143007301, 0.20508691298, 0.089485863939],
      [0.0084931266244, 0, 0.0022886170495, 0, 0.98921825633, 0],
      [0.0018861474644, 0.0083617258821, 0.49569533997, 0.13513303347, 0.35665979406, 0.0022639591611],
      [0.016354024007, 0.0045397821115, 0.051347604366, 0.24406403954, 0.46152689542, 0.22216765455]
    ],
    [
      [0.16595594401, 0.44853422554, 0.0078026365131, 0.13989409459, 0.23440081154, 0.0034122878012],
      [0.010610827962, 0.025717886116, 0.080164016288, 0.67552670645, 0.14039503899, 0.067585524193],
      [0.056880208453, 0, 0.012291051502, 0.0098769600412, 0.92053036505, 0.00042141495278],
      [0.0045912696214, 0.0080668505067, 0.58011606148, 0.13640370089, 0.269069645, 0.0017524725071],
      [0.048442668118, 0.0069318126219, 0.074942812238, 0.2858492724, 0.40510422075, 0.17872921386]
    ],
    [
      [0.13072437925, 0.52454351173, 0.0076558949, 0.14684135136, 0.18528848162, 0.0049463811395],
      [0.0078775777373, 0.037009753477, 0.07390918331, 0.70864848937, 0.08919639807, 0.083358598035],
      [0.053450332323, 0.0066429499394, 0.013855477994, 0.036672984109, 0.88542906228, 0.0039491933489],
      [0.0039512798807, 0.011819291291, 0.58384430567, 0.15494503717, 0.24257525457, 0.0028648314245],
      [0.040202504006, 0.009584395967, 0.071585318653, 0.30498010079, 0.35184714234, 0.22180053825]
    ],
    [
      [0.15219998381, 0.43190253189, 0.012093007494, 0.17736000851, 0.21889070618, 0.0075537621272],
      [0.0031939898084, 0.018016683789, 0.11553795059, 0.70563501515, 0.03514592741, 0.12247043326],
      [0.051205071495, 0, 0.034630036843, 0.043300790101, 0.86263449287, 0.0082296086888],
      [0.0017563157914, 0.0054288705103, 0.67693743512, 0.14142962082, 0.16874864968, 0.0056991080718],
      [0.033089673551, 0.0048063033358, 0.093363311011, 0.28838234389, 0.27960159752, 0.30075677069]
    ],
    [
      [0.15800500368, 0.41484709798, 0.006075117663, 0.14769000658, 0.27055166779, 0.0028311063094],
      [0.018295710268, 0.017744955366, 0.062065104415, 0.67766477563, 0.17039013507, 0.053839319247],
      [0.044114640168, 0, 0.0034554822533, 0, 0.95242987758, 0],
      [0.0046812606977, 0.0074503319977, 0.51876547522, 0.14687280463, 0.32090094465, 0.0013291828048],
      [0.044446557678, 0.0058444738308, 0.061921723401, 0.29083340357, 0.44841945012, 0.1485343914]
    ],
    [
      [0.046929963327, 0.4721467795, 0.016099899509, 0.16452716639, 0.29583248105, 0.0044637102275],
      [0.015192427148, 0.0030511337716, 0.12438581228, 0.64604530479, 0.13848989272, 0.072835429279],
      [0.0034643094112, 0, 0.041691440337, 0.0077731951049, 0.94707105515, 0],
      [0.00057682954178, 0.0031647632581, 0.66651499231, 0.1062977876, 0.22203295566, 0.0014126716289],
      [0.010854126037, 0.0044846076782, 0.10609771611, 0.27175667799, 0.41200381983, 0.19480305235]
    ],
    [
      [0.099624416344, 0.60147057759, 0.0047726291234, 0.096213521455, 0.19425661307, 0.0036622424179],
      [0.013232603191, 0.056550231177, 0.068545341426, 0.60520016164, 0.15923440796, 0.097237254604],
      [0.041596675826, 0.010292717355, 0.0054146800459, 0, 0.94269592677, 0],
      [0.004210575424, 0.016966861236, 0.54931299715, 0.12566969709, 0.30149499402, 0.0023448750814],
      [0.035640728507, 0.013667698288, 0.063188633416, 0.24007716939, 0.40638926268, 0.24103650772]
    ],
    [
      [0.13924927122, 0.53064645336, 0.0057336824035, 0.1159423806, 0.2056045753, 0.0028236371137],
      [0.012512615231, 0.040616204367, 0.071712348156, 0.65877567799, 0.14858775209, 0.067795402158],
      [0.056008780904, 0.0064413846647, 0.0075961407454, 0.0040918259314, 0.92586186775, 0],
      [0.0048719401269, 0.011882688977, 0.56661100009, 0.13332857171, 0.28168093836, 0.0016248607343],
      [0.047080233541, 0.010152780317, 0.069468887309, 0.27654483512, 0.41378315968, 0.18297010403]
    ]
  ],
  "expected_outcome": [
    [
      [6.5085805319, 2.5878291692, 5.9910998066, 10.48184423, 1.7397949732, 5.1635329603, 4.5372841438, 1.9861660852, 2.8029796508, 1.6270193044, 0.46705818029, 1.8294845625, 2.7755575616e-17, 1.1544247303, 3.2012826102, 2.5671001298, 3.161562765, 4.7025608886, 2.215925897, 3.2221516635, 2.5607512723, 5.527001233, 1.9528190058, 5.296029057, 3.0797870185, 7.1906320493, 3.1346786104, 3.9507668703, 1.7185310457, 0.58600837983, 5.241562835, 10.7502678321, 0.8411743485, 1.369737558, 1.595657805, 0.87774004572, 0.8435223958, 0.50871999387, 1.4136176106, 0.31303684405, 3.1531351783, 1.3407240647, 2.7553669931, 3.1248874291, 4.3734697642, 4.5047984169, 7.2751259115, 1.0535893042, 2.0085565052, 0.99449635084, 8.9616209767, 7.4512896172, 0.76099991903, 13.5884303162, 0.84473933989, 12.453052043, 3.202733238],
      [21.5772420206, 6.0605451507, 14.2631424446, 38.073853733, 8.3646660366, 16.3181414378, 13.7094309903, 11.4319893145, 11.1282483371, 16.429314512, 2.7273025441, 9.4991133713, 0.99900107653, 6.0411733958, 14.292389926, 7.7466448394, 15.1856858607, 13.7461330438, 4.5934914462, 14.1397049301, 1.8806939325, 27.8756558148, 6.5658308379, 24.3389099061, 13.0348665803, 23.5390216036, 15.6102693807, 10.8941700669, 7.0517133553, 3.9262681889, 10.6955972405, 32.8535288458, 4.1514017483, 3.4869044487, 12.2276958705, 5.9843782209, 16.0217589639, 2.5953906785, 2.8139566445, 3.7386546254, 8.5895948719, 1, 10.7507476548, 12.2348774143, 13.875812644, 44.2701083651, 14.5452716896, 10.8582858927, 11.2737005034, 8.0740001523, 24.2208481791, 29.8989801688, 2.1595126594, 35.676850426, 8.4986420309, 75.1838221985, 12.2048684274],
      [0.1883320437, 0.12535713504, 0.25510765314, 0.61135599976, 0.066524312165, 0.31688432966, 0.21124542455, 0.14491787681, 0.10208181142, 0.17064363752, 0.0069744748038, 0.12096709861, 0, 0.026393541258, 0.25254006795, 0.17502777281, 0.15423653581, 0.27931043758, 0.17301266055, 0.20313578313, 0.056883905627, 0.5512180415, 0.084261976944, 0.3059359766, 0.16579397356, 0.35227017602, 0.2386636614, 0.12214682776, 0.077573609095, 0.032563636981, 0.18133252132, 0.28466669898, 0.027200877325, 0.04592449774, 0.10475137821, 0.078927142183, 0.13481041864, 0.038481058475, 0.078014169945, 0.031966042583, 0.19222157276, 0.12914254354, 0.15258671958, 0.11947524993, 0.20067483632, 0.51333781525, 0.26157190177, 0.079828096446, 0.13558028767, 0.075973485231, 0.42134237171, 0.4363860093, 0.060465037468, 0.52246011902, 0.28979819116, 0.59657864043, 0.13187469528],
      [4.5963062895, 2.476787447, 5.2600127338, 13.0410889412, 1.4775854226, 6.1502254091, 5.0460676663, 2.5232830057, 3.2019402974, 4.0754489169, 0.58596165464, 1.5505425872, 1.1208666432, 0.8336877801, 4.7197360797, 1.7015136898, 3.4850429118, 5.2460167062, 2.8302511726, 4.0113154687, 1.6104736239, 7.1338319232, 1.5297526746, 6.3131977537, 3.2480163465, 7.5793663612, 3.9721072555, 2.8033118701, 1.2374344651, 0.8502273451, 3.0674601037, 9.4268511035, 0.66450808151, 1.8147319122, 1.9569557498, 1.9357664745, 3.439319522, 0.65865678543, 1.5703374968, 0.5306884231, 3.3989943218, 1.7004768723, 4.1473732124, 2.3103466744, 4.2822808407, 9.4563639067, 4.9922372147, 2.4641470255, 2.8504287667, 2.098538881, 7.554281108, 8.3699570274, 0.88680004255, 12.701340566, 2.961488995, 12.0266901818, 2.6666747538],
      [10.01788626, 3.6759478529, 11.0749900564, 24.5417774072, 3.3326171109, 10.9686770349, 8.3800139522, 4.8526567953, 6.687055701, 7.5968409259, 2.1914860168, 2.968159179, 1.8053006022, 1.919765963, 5.357318192, 3.7768011723, 6.9571157078, 11.9274867431, 6.1377379794, 7.2824824006, 2.85423842, 10.7720812451, 2.8300379594, 15.5943390286, 5.3851657754, 13.1695000698, 5.9692133849, 4.1603284472, 2.8906646424, 0.5506471054, 4.7375685359, 14.4794935565, 1.3015722704, 2.2299995173, 3.0454798753, 3.0655331269, 5.4413926367, 1.1868951078, 3.1029518186, 1.3773737847, 5.6074199867, 2.7955328112, 7.09304329, 4.1238397539, 7.1587812375, 18.0369185023, 9.7674164604, 4.4503910096, 4.6608561027, 4.6855856264, 12.6576438231, 10.5614434523, 1.0944535309, 23.2674434302, 5.3249846589, 24.2820766339, 4.728905232],
      [0.11165285435, 0.07353324528, 0.15564730548, 0.25007968887, 0.018812144547, 0.082538828234, 0.11595782274, 0.060986922496, 0.077694202291, 0.10073270329, 0.021217129363, 0.03173320137, 0.074831677966, 0.024554589396, 0.17673312415, 0.032912395934, 0.056356218943, 0.098492180672, 0.049580844255, 0.14120975401, 0.036958845784, 0.14021174242, 0.037297545323, 0.15158827795, 0.086370305688, 0.16920974011, 0.075067707064, 0.069275917752, 0.024082882329, 0.054285343762, 0.076478763625, 0.20519196311, 0.014142673992, 0.052702066124, 0.069459321275, 0.057654989825, 0.11919606284, 0.011856375952, 0.021122259598, 0.0082802801788, 0.058634068651, 0.034123708305, 0.10088213014, 0.086573478426, 0.10898067731, 0.21847299376, 0.15837682199, 0.093758671517, 0.070877834293, 0.071405504138, 0.18426354126, 0.28194372495, 0.037768810636, 0.24347514261, 0.080346784095, 0.45778030224, 0.064943653614]
    ],
    [
      [10.0479415357, 1.9454917202, 11.5330883959, 12.0277787966, 7.788566062, 4.6205752009, 3.1047838878, 3.6841365456, 5.7591451847, 1.2758809626, 2.2569015627, 1.6700821121, 0, 3.9217280959, 0.3287754208, 6.6242200541, 6.9230821574, 24.591953729, 8.2229175064, 1.4798107922, 1.6307545081, 1.9848923727, 2.0247196047, 16.6830445283, 1.309067223, 5.0874831551, 1.6965520523, 4.3136421794, 5.7947792957, 0.51596429267, 2.2430457295, 2.9979183116, 1.7881116886, 0.39103052556, 1.601731331, 0.66958676281, 0.54972605622, 1.0683316187, 4.017269023, 2.3347870002, 1.7061230432, 0.18678347884, 2.8455362141, 3.8503808033, 3.4665034192, 1.9910941393, 4.8463844966, 0.3205528576, 1.0625718787, 0.94429507152, 4.3398286363, 1.4573518814, 0.43757660376, 9.7150221521, 1.4128957248, 9.9641502031, 1.1386479861],
      [7.4561059082, 4.2530804255, 4.8735283159, 13.5992615757, 5.3212989476, 7.4433148045, 6.3383833997, 14.5774565917, 4.2815947731, 9.3321895486, 0.12953276258, 4.3915831132, 0.00099892346541, 2.5541148895, 1.5278029271, 3.6883411024, 6.5054883541, 2.5822224141, 0.21309005056, 4.24093572, 0.029697918958, 10.9444497167, 5.3159254099, 11.3876846911, 5.2202538573, 12.5039688775, 9.2013716115, 12.3507393752, 4.1231904437, 5.5455927558, 4.442595456, 8.6925066763, 2.7340253885, 0.44680795531, 13.6069888278, 3.5078632912, 10.857058235, 3.982520652, 0.078949353413, 2.7925304671, 1.1956273456, 0, 7.1927366307, 13.9819849995, 9.8681301521, 14.1568692422, 2.8968910759, 2.8027326901, 5.6610689339, 1.6553009319, 10.5186154214, 6.8468043932, 2.4682856791, 9.4225712994, 0.28375544076, 42.5823240765, 3.6960745974],
      [12.3175892831, 18.1702706663, 23.2368094454, 50.7745152487, 7.7012468656, 32.6249257492, 20.386898135, 32.9909412099, 8.6960918099, 17.9042068085, 0, 8.5893036359, 0, 1.7755129406, 4.2676640032, 15.9543622482, 12.1190488058, 22.4097931124, 12.5487689824, 12.7747371206, 2.9227621266, 33.1073152808, 12.2172211429, 32.2813914276, 10.9753064807, 35.8448127496, 22.7976389378, 22.2458833226, 8.2762848575, 7.7379758752, 12.0029584194, 13.5047072451, 3.3507189342, 2.6616971904, 17.0663493062, 9.605443492, 14.9832735365, 11.6902413342, 5.1462158335, 5.0629808151, 8.9313127922, 2.4335594541, 20.7665503612, 21.844530392, 25.7899750961, 27.1151587065, 13.6868812857, 4.2490068723, 11.7764990398, 4.7081560526, 32.7870826617, 13.6731989123, 15.8286992306, 32.9565704442, 11.5678805425, 51.6146420934, 6.5258236822],
