{
  "X": [
    [10, 16, 22, 21, 152, 107, 1],
    [25, 15, 39, 14, 132, 132, 1],
    [9, 10, 13, 6, 84, 86, 0],
    [4, 11, 14, 9, 83, 81, 0],
    [7, 14, 14, 20, 99, 120, 1],
    [19, 22, 23, 40, 201, 90, 0],
    [18, 27, 28, 47, 165, 93, 1],
    [16, 14, 25, 28, 139, 74, 0],
    [14, 8, 31, 12, 75, 142, 1],
    [7, 5, 13, 13, 83, 168, 0],
    [7, 12, 17, 10, 88, 138, 1],
    [7, 11, 31, 40, 166, 170, 1],
    [21, 13, 29, 48, 146, 193, 1],
    [5, 25, 16, 34, 193, 63, 0],
    [9, 13, 6, 24, 180, 56, 0],
    [3, 16, 18, 27, 171, 53, 0],
    [9, 7, 23, 21, 129, 44, 0],
    [3, 8, 8, 17, 120, 45, 1],
    [18, 24, 2, 39, 204, 86, 0],
    [12, 18, 4, 34, 121, 92, 1],
    [9, 12, 19, 12, 127, 143, 1],
    [20, 25, 29, 43, 155, 110, 1],
    [22, 18, 24, 25, 157, 107, 1],
    [15, 15, 13, 21, 140, 116, 0],
    [14, 15, 27, 21, 126, 87, 0],
    [11, 15, 40, 15, 102, 98, 0],
    [15, 5, 29, 13, 80, 118, 0],
    [12, 27, 16, 28, 157, 142, 2],
    [16, 24, 10, 52, 184, 144, 0],
    [13, 22, 18, 31, 120, 118, 1],
    [16, 30, 22, 47, 210, 118, 0],
    [26, 26, 21, 33, 247, 146, 0],
    [9, 5, 15, 23, 92, 67, 1],
    [15, 28, 7, 22, 129, 86, 1],
    [17, 35, 22, 42, 161, 89, 1],
    [12, 25, 3, 26, 128, 91, 0],
    [2, 16, 23, 23, 115, 171, 3],
    [8, 24, 17, 15, 140, 152, 0],
    [6, 31, 32, 30, 103, 140, 0],
    [9, 16, 22, 11, 102, 166, 0],
    [16, 15, 13, 7, 144, 182, 0],
    [11, 20, 23, 21, 128, 170, 1],
    [11, 14, 20, 21, 88, 168, 0],
    [11, 20, 14, 22, 122, 164, 0],
    [13, 19, 0, 23, 115, 114, 0],
    [10, 11, 14, 20, 167, 174, 0],
    [10, 11, 20, 20, 142, 118, 1],
    [8, 13, 17, 23, 122, 95, 0],
    [14, 10, 31, 30, 123, 106, 0],
    [15, 21, 6, 26, 145, 106, 0],
    [13, 20, 14, 49, 145, 69, 0],
    [18, 31, 10, 43, 183, 117, 2],
    [27, 44, 18, 77, 236, 155, 2],
    [9, 37, 10, 72, 121, 104, 1],
    [3, 8, 9, 31, 97, 102, 1],
    [7, 11, 15, 19, 55, 126, 1],
    [3, 19, 9, 23, 86, 208, 2],
    [8, 12, 16, 21, 88, 174, 0],
    [9, 21, 14, 18, 94, 230, 0],
    [4, 10, 8, 20, 96, 212, 0],
    [6, 9, 20, 27, 106, 235, 2],
    [7, 16, 17, 26, 74, 191, 0],
    [6, 8, 14, 23, 82, 210, 0],
    [6, 17, 10, 42, 91, 258, 0],
    [5, 5, 15, 37, 72, 181, 0],
    [12, 16, 7, 40, 54, 158, 0],
    [6, 22, 15, 44, 70, 172, 0],
    [9, 13, 8, 20, 83, 124, 1],
    [9, 6, 12, 27, 91, 120, 0],
    [18, 25, 33, 18, 79, 236, 0],
    [7, 17, 43, 24, 115, 253, 0],
    [9, 16, 34, 19, 85, 213, 1],
    [1, 15, 50, 32, 90, 228, 1],
    [13, 18, 24, 29, 76, 200, 0],
    [9, 13, 37, 23, 70, 226, 0],
    [8, 17, 15, 33, 81, 204, 0],
    [9, 9, 14, 20, 80, 154, 0],
    [120, 140, 63, 263, 1059, 1208, 1]
  ],
  "W": [
    [16, 22, 103, 101, 87],
    [12, 10, 111, 141, 84],
    [6, 2, 72, 88, 40],
    [5, 9, 63, 82, 43],
    [12, 15, 70, 120, 58],
    [23, 37, 156, 98, 81],
    [25, 38, 138, 92, 86],
    [12, 25, 115, 79, 65],
    [7, 8, 52, 146, 70],
    [6, 7, 72, 147, 57],
    [10, 11, 67, 130, 55],
    [9, 33, 137, 150, 97],
    [10, 27, 128, 193, 93],
    [20, 38, 169, 74, 35],
    [13, 30, 144, 62, 39],
    [17, 29, 129, 62, 51],
    [7, 22, 109, 50, 45],
    [7, 16, 86, 48, 45],
    [19, 39, 151, 89, 75],
    [21, 33, 97, 87, 44],
    [5, 8, 99, 143, 68],
    [25, 35, 119, 118, 86],
    [17, 17, 135, 101, 84],
    [9, 16, 108, 114, 73],
    [5, 19, 98, 98, 70],
    [11, 8, 87, 113, 62],
    [2, 11, 76, 119, 52],
    [25, 26, 125, 114, 94],
    [18, 41, 143, 138, 90],
    [21, 27, 101, 107, 67],
    [36, 49, 163, 107, 88],
    [20, 19, 197, 147, 116],
    [4, 18, 84, 65, 41],
    [24, 17, 95, 91, 61],
    [27, 51, 121, 88, 80],
    [14, 26, 110, 86, 49],
    [20, 23, 96, 146, 68],
    [25, 19, 120, 133, 59],
    [26, 26, 99, 119, 72],
    [10, 9, 69, 165, 73],
    [9, 8, 112, 173, 75],
    [11, 16, 91, 147, 109],
    [12, 15, 66, 167, 62],
    [21, 17, 98, 159, 58],
    [17, 18, 91, 110, 48],
    [10, 21, 141, 161, 63],
    [10, 18, 120, 122, 52],
    [14, 16, 100, 93, 55],
    [9, 20, 98, 108, 79],
    [14, 18, 121, 109, 57],
    [22, 42, 117, 65, 64],
    [32, 35, 152, 117, 68],
    [33, 74, 190, 148, 114],
    [29, 66, 118, 89, 52],
    [5, 24, 91, 84, 47],
    [5, 16, 51, 109, 53],
    [15, 16, 72, 172, 75],
    [7, 18, 73, 145, 76],
    [19, 17, 87, 198, 65],
    [6, 19, 81, 174, 70],
    [8, 17, 102, 199, 79],
    [9, 19, 63, 163, 77],
    [9, 18, 80, 185, 51],
    [13, 38, 91, 215, 67],
    [3, 15, 63, 149, 85],
    [13, 31, 45, 127, 71],
    [13, 35, 66, 134, 81],
    [13, 19, 67, 105, 54],
    [9, 23, 75, 95, 63],
    [21, 13, 86, 209, 80],
    [15, 16, 107, 230, 91],
    [15, 12, 73, 184, 93],
    [10, 26, 84, 227, 70],
    [10, 19, 74, 186, 71],
    [12, 16, 66, 213, 71],
    [7, 30, 74, 197, 50],
    [6, 12, 67, 145, 56],
    [121, 226, 838, 1072, 597]
  ],
  "method": "mult",
  "cond_prob": [
    [
      [0.051301436381, 0.78471868435, 0.00021528530031, 0.0011814836617, 0.089363390704, 0.012940088221, 0.060279631383],
      [0.010414723771, 0.026972937351, 1.5711351225e-05, 0.83546427178, 0.11516642293, 0.010351119274, 0.0016148135395],
      [0, 0, 0, 0, 1, 0, 0],
      [0, 0, 0.048951264921, 0, 0.24403638987, 0.70701234521, 0],
      [0.10287417351, 0.032771223318, 0.19600151757, 0.029895198645, 0.23435458699, 0.40410329998, 0]
    ],
    [
      [0.11312000244, 0.74886285212, 0.00029515238652, 0.0010279332971, 0.060492565321, 0.010652536071, 0.06554895837],
      [0.026163393183, 0.029067866578, 2.4545462517e-05, 0.84400523869, 0.088456042054, 0.0097102702951, 0.0025726437346],
      [0.00029082130621, 0.003391222283, 0.00038034568802, 0.0059009112949, 0.97311843546, 0.015781798398, 0.0011364655679],
      [0.030960935231, 0.018650337387, 0.1246871958, 0.012582167878, 0.078179938865, 0.73450454314, 0.00043488170327],
      [0.22598991674, 0.032343379332, 0.25444166354, 0.037125304631, 0.13511917952, 0.31497793643, 2.6198097158e-06]
    ],
    [
      [0.071034610918, 0.86665602289, 0.00015523723749, 0.00098609901478, 0.051340437973, 0.0098275919684, 0],
      [0.016017132351, 0.031223727664, 1.2641765699e-05, 0.8704559057, 0.073518406291, 0.0087721862284, 0],
      [0.00021279631909, 0.0043518807688, 0.00023436484392, 0.0066356343276, 0.97150752369, 0.017057800048, 0],
      [0.010887815629, 0.028890792766, 0.066366052104, 0.021341730331, 0.085410296801, 0.78710331237, 0],
      [0.18920772399, 0.047047280714, 0.17854891098, 0.047433341344, 0.15200681838, 0.3857559246, 0]
    ],
    [
      [0.025940788479, 0.91549463446, 0.00014433373407, 0.00066827662782, 0.049294066945, 0.0084578997526, 0],
      [0.008798839337, 0.049118139312, 1.7671622796e-05, 0.82458577659, 0.10612896478, 0.011350608353, 0],
      [8.1177563053e-05, 0.0047523305924, 0.00022747905186, 0, 0.97961345343, 0.01532555936, 0],
      [0.00058778544911, 0.034852076577, 0.060971898569, 0, 0.14854443483, 0.75504380457, 0],
      [0.086925439774, 0.065655731797, 0.20895563776, 0.036636898315, 0.18376925022, 0.41805704213, 0]
    ],
    [
      [0.045714597315, 0.79788108733, 0.00014755759057, 0.0013574661477, 0.071183614882, 0.012428435001, 0.071287241729],
      [0.0083277388751, 0.024311226195, 9.6802929679e-06, 0.87409794173, 0.082115770959, 0.0089370751549, 0.0022005667968],
      [0, 0.0030455567252, 0.0001610916052, 0.0066015515928, 0.9735247008, 0.015599179542, 0.0010679197357],
      [0, 0.012072756608, 0.042211124169, 0.024214632066, 0.14701037825, 0.77418617951, 0.00030492940147],
      [0.10907773705, 0.041359289576, 0.15381849641, 0.060420290015, 0.19182906226, 0.44349169903, 3.4256487808e-06]
    ],
    [
      [0.098601587961, 0.80512782833, 0.00023806122347, 0.0015111578385, 0.08331901031, 0.011202354333, 0],
      [0.016393585805, 0.022909309934, 1.4229323936e-05, 0.86577819255, 0.087565365967, 0.0073393164175, 0],
      [0, 0, 0, 0.0054206743055, 0.99457932569, 0, 0],
      [0.0033658115238, 0, 0.066479900983, 0.027715265384, 0.26077846519, 0.64166055692, 0],
      [0.19500927497, 0.03252364791, 0.20344404704, 0.053947272172, 0.18682814599, 0.32824761191, 0]
    ],
    [
      [0.077416898207, 0.81014919574, 0.00024803436281, 0.0015268881496, 0.06645768273, 0.010437390333, 0.033763910482],
      [0.013030233631, 0.023381528032, 1.5005023233e-05, 0.88496384698, 0.070691206019, 0.0069209702295, 0.00099721008682],
      [0.00018151018935, 0.003420282277, 0, 0.0079883858943, 0.98766658748, 0, 0.00074323416349],
      [0.011333692808, 0.022085624615, 0.08603830841, 0.076811085454, 0.1133708376, 0.69019402898, 0.00016642213233],
      [0.16862419212, 0.03899878631, 0.23346168112, 0.060048656929, 0.16190913922, 0.33695601984, 1.5244641108e-06]
    ],
    [
      [0.098556056268, 0.81874146655, 0.00029290182947, 0.0013770584029, 0.070592102202, 0.010440414751, 0],
      [0.017852610065, 0.024811868315, 1.9097038785e-05, 0.86892643079, 0.080928772655, 0.0074612211344, 0],
      [0.00021749996299, 0.0012777379518, 0.0003244154471, 0.0067935752985, 0.99138677134, 0, 0],
      [0.019732257528, 0.014229809673, 0.1079679351, 0.028577388995, 0.15056734403, 0.67892526468, 0],
      [0.19672540358, 0.035134013307, 0.25275743235, 0.049560609837, 0.15731348577, 0.30850905515, 0]
    ],
    [
      [0.08915685789, 0.68906989982, 0.00030094261644, 0.001220747494, 0.071528276295, 0.013569190561, 0.13515408533],
      [0.017438012424, 0.022090157373, 2.1182346917e-05, 0.85717910745, 0.088531332474, 0.010468822697, 0.0042713852402],
      [0.0001924379622, 0.0025573918401, 0.00032593215771, 0.0058900563113, 0.97375894979, 0.016895418076, 0.00037981386154],
      [0.010848429843, 0.0066452887443, 0.096097550245, 0.013340740326, 0.087119853626, 0.78594813721, 0],
      [0.16632171949, 0.027094184428, 0.24215047336, 0.041142727031, 0.14908696268, 0.37420393302, 0]
    ],
    [
      [0.0856585392, 0.78353773455, 0.00022413996124, 0.002322297281, 0.10203400375, 0.026223285252, 0],
      [0.0091448311115, 0.013576580252, 8.6204198498e-06, 0.89721161736, 0.069003577084, 0.011054773769, 0],
      [0, 0, 0.00016964471528, 0.0078308261094, 0.96704271329, 0.024956815886, 0],
      [0, 0, 0.037035446509, 0.019862629443, 0.024003695485, 0.91909822856, 0],
      [0.11266727977, 0.0035743426477, 0.13231876774, 0.056525594505, 0.15349390079, 0.54142011455, 0]
    ],
    [
      [0.048651328372, 0.78609249509, 0.00017880243911, 0.00082486227651, 0.065517394136, 0.013565324072, 0.08516979361],
      [0.013482941011, 0.03615235373, 1.7851507101e-05, 0.81653148741, 0.11502162635, 0.014845140425, 0.003948599564],
      [0.00011467835109, 0.0032275569218, 0.00021175550081, 0, 0.97228930754, 0.022821774283, 0.0013349274082],
      [0.0011256555375, 0.010687019722, 0.054883122321, 0, 0.082437309696, 0.85074986203, 0.0001170306882],
      [0.11293010356, 0.038833459643, 0.17907312889, 0.018361909376, 0.18580644188, 0.46499107769, 3.8789614338e-06]
    ],
    [
      [0.035672038296, 0.76826834475, 0.00027010469581, 0.0017092779501, 0.080561880293, 0.016288556016, 0.097229797994],
      [0.0053667281115, 0.019306831077, 1.4603478148e-05, 0.88661606051, 0.076585688425, 0.0096529631395, 0.0024571252568],
      [0, 0.0025970550393, 0.00026093967294, 0.0073546688193, 0.97037615966, 0.019093698035, 0.00031747877171],
      [0, 0.00045757537175, 0.064474789356, 0.027093936096, 0.088940691538, 0.81903300764, 0],
      [0.067029377605, 0.031175532222, 0.21948577324, 0.058294911947, 0.16974203871, 0.45426873645, 3.6298232992e-06]
    ],
    [
      [0.096757960705, 0.74282797178, 0.00020785947938, 0.0020428710244, 0.064710549525, 0.013565295693, 0.079887491794],
      [0.012463606436, 0.016045298125, 9.6230872117e-06, 0.91018431837, 0.052676204224, 0.0068838149038, 0.0017371348523],
      [0.00023108808292, 0.0031221028913, 0.00024870359983, 0.010964082975, 0.96557148513, 0.018659930426, 0.0012026068992],
      [0.010923773158, 0.0094514494186, 0.065808456883, 0.079303633131, 0.037316987819, 0.79719569959, 0],
      [0.18879608091, 0.031341272311, 0.1748902725, 0.071995600845, 0.14123987361, 0.3917337949, 3.1049242773e-06]
    ],
    [
      [0.040313396963, 0.88720913079, 0.0002486708231, 0.0010665425819, 0.061924336642, 0.0092379222004, 0],
      [0.0093426106857, 0.035063226668, 2.079723315e-05, 0.84915371962, 0.097951226751, 0.0084684190427, 0],
      [0.00010127823701, 0.0039940407611, 0, 0, 0.995904681, 0, 0],
      [0.0029734995489, 0.047606459542, 0.086055950741, 0, 0.18350058289, 0.67986350728, 0],
      [0.10290165331, 0.049301253603, 0.2750313124, 0.048880794366, 0.17578378365, 0.34810120267, 0]
    ],
    [
      [0.089195391553, 0.81597033902, 0.00011380801644, 0.0011359838032, 0.08231822682, 0.011266250788, 0],
      [0.018780947191, 0.028797104855, 8.64827981e-06, 0.79950774035, 0.14352170999, 0.0093838493295, 0],
      [0, 0, 0, 0, 1, 0, 0],
      [0, 0, 0.025334215818, 0, 0.31935874222, 0.65530704196, 0],
      [0.18659055113, 0.039191601208, 0.11352665812, 0, 0.27753768548, 0.38315350406, 0]
    ],
    [
      [0.025526387506, 0.86820137146, 0.00031257535292, 0.0014213578357, 0.093578875951, 0.010959431899, 0],
      [0.004437831127, 0.025560413289, 1.9578340231e-05, 0.85939561954, 0.10306246365, 0.0075240940451, 0],
      [0, 0, 0, 0, 1, 0, 0],
      [0, 0, 0.054255236667, 0, 0.38020511247, 0.56553965086, 0],
      [0.047791260975, 0.0097906803893, 0.28686850537, 0.040262038236, 0.27152217039, 0.34376534464, 0]
    ],
    [
      [0.09641948131, 0.80424492475, 0.00047597747741, 0.0014641968542, 0.086130533444, 0.011264886166, 0],
      [0.016174609441, 0.021850718567, 2.8806727537e-05, 0.86281453023, 0.091658664677, 0.0074726703593, 0],
      [0.00017431366827, 0, 0.00043310859338, 0, 0.99939257774, 0, 0],
      [0.0094308680111, 0, 0.15377085325, 0.0011947935618, 0.20706309444, 0.62854039073, 0],
      [0.16619285851, 0.019768215962, 0.33911739801, 0.043290917309, 0.1576366655, 0.27399394472, 0]
    ],
    [
      [0.026274176921, 0.7671101569, 0.00013526810352, 0.0012453943442, 0.080147579698, 0.0096331995671, 0.11545422447],
      [0.0051099474468, 0.024096223937, 9.4920286499e-06, 0.86082205079, 0.098894565579, 0.0074092602762, 0.0036584599445],
      [0, 0, 0, 0, 0.99877377032, 0, 0.001226229678],
      [0, 0.0049161130124, 0.011795420909, 0.0078519603662, 0.41772799937, 0.55713453197, 0.00057397437162],
      [0.060762702276, 0.044638130981, 0.16517157883, 0.063138562876, 0.26469257056, 0.40159026454, 6.1899434751e-06]
    ],
    [
      [0.082321213747, 0.8359121262, 1.8190467677e-05, 0.0011585433969, 0.071123002428, 0.009466923756, 0],
      [0.017504590674, 0.030260408832, 1.3910446784e-06, 0.8486668649, 0.095631581879, 0.007935162668, 0],
      [0, 0.0032903964021, 0, 0, 0.9967096036, 0, 0],
      [0, 0.017882172365, 0.0034899516174, 0.015617196689, 0.34071031692, 0.62230036241, 0],
      [0.21004290537, 0.064655339473, 0.022519925819, 0.059867325853, 0.24123550549, 0.401678998, 0]
    ],
    [
      [0.1015202654, 0.75930752316, 6.3468184829e-05, 0.0014907317891, 0.077528795623, 0.014426458605, 0.045662757235],
      [0.017037287048, 0.021743851936, 3.8391397476e-06, 0.86784946398, 0.082555611895, 0.009565033937, 0.0012449120627],
      [0, 0, 0, 0.0066668238336, 0.99333317617, 0, 0],
      [0, 0, 0.016531751808, 0.023730057591, 0.13781327745, 0.82192491315, 0],
      [0.2114964535, 0.030386247722, 0.058188137936, 0.059510577245, 0.18873833802, 0.45168024558, 0]
    ],
    [
      [0.038645413141, 0.79797732919, 0.0001226357619, 0.00078298656329, 0.04913721477, 0.0090088749829, 0.10432554559],
      [0.011569282731, 0.038619353029, 1.3214765359e-05, 0.84111276756, 0.093101829061, 0.010640604773, 0.0049429480768],
      [0.00012184310005, 0.0042654110288, 0.00019405839697, 0.0055197299401, 0.97144273814, 0.016389192015, 0.0020670273818],
      [0.0016277303838, 0.025483308982, 0.051663416238, 0.011339020533, 0.12457017439, 0.78368160546, 0.0016347440156],
      [0.12454986413, 0.053452494905, 0.17047354117, 0.045577201859, 0.17681078353, 0.42912987054, 6.2438589531e-06]
    ],
    [
      [0.090577569781, 0.78695517274, 0.00025308027628, 0.0015580610888, 0.073538976271, 0.011052648125, 0.036064491723],
      [0.014819883257, 0.022082652557, 1.4882837343e-05, 0.87888293397, 0.076040248741, 0.0071243614547, 0.0010350371864],
      [0.00019212036762, 0, 0, 0.0073742982649, 0.99207896146, 0, 0.00035461990331],
      [0.011373719619, 0.012786203447, 0.083594781964, 0.054227574266, 0.15293388424, 0.68491577841, 0.00016805805444],
      [0.1843244605, 0.035400649248, 0.2224298584, 0.057252913106, 0.16740142015, 0.33318917783, 1.520773219e-06]
    ],
    [
      [0.10457145506, 0.7647971205, 0.00021647557621, 0.001503601249, 0.066852673888, 0.011705787937, 0.050352885784],
      [0.017477934014, 0.021678911036, 1.3008231231e-05, 0.88102917015, 0.07063571856, 0.0077101161418, 0.0014551418713],
      [0.00024324156539, 0.0031674906468, 0.00025236736257, 0.013198673612, 0.98242512741, 0, 0.00071309940227],
      [0.019498087544, 0.013251862725, 0.078574977631, 0.035237803595, 0.091326789264, 0.76188454811, 0.00022593113077],
      [0.21336923729, 0.034093548706, 0.19078519572, 0.055429806972, 0.15251546919, 0.35380464609, 2.096027887e-06]
    ],
    [
      [0.070931451343, 0.85647775347, 0.00010501127884, 0.0011340025011, 0.06108919927, 0.010262582138, 0],
      [0.015324873953, 0.03066314742, 8.1627742914e-06, 0.86176311762, 0.083496697143, 0.0087440010947, 0],
      [0.00018060699323, 0.0037919919816, 0.00013412570812, 0.0064518586971, 0.97437165111, 0.015069765509, 0],
      [0.0025624997581, 0.024894878883, 0.036499642286, 0.022111558509, 0.1719336687, 0.74199775186, 0],
      [0.18910669078, 0.048678610046, 0.12086958215, 0.054576242279, 0.18194073288, 0.40482814186, 0]
    ],
    [
      [0.051483169181, 0.89715675328, 0.00017191937664, 0.00075597685977, 0.044089712858, 0.0063424684403, 0],
      [0.016341678293, 0.04593418636, 1.9639682886e-05, 0.84119937937, 0.088563327981, 0.007941788309, 0],
      [0.00018160510327, 0.0053529398509, 0, 0, 0.99446545505, 0, 0],
      [0.014731693829, 0.048872174977, 0.099343329543, 0.018800206198, 0.15501299624, 0.66323959921, 0],
      [0.17100841387, 0.061820077709, 0.24661601363, 0.045300167146, 0.1635422854, 0.31171304225, 0]
    ],
    [
      [0.065228812006, 0.86427358721, 0.00039151046622, 0.0013828957459, 0.058830374708, 0.0098928198679, 0],
      [0.01162764386, 0.025664528976, 2.5127736174e-05, 0.8893300217, 0.066393120433, 0.0069595572972, 0],
      [0.00017165759896, 0.00397686743, 0.00051728683951, 0.0081402797915, 0.97216655181, 0.015027356529, 0],
      [0.016947001228, 0.023014002014, 0.16413130677, 0.035394985296, 0.070164559367, 0.69034814533, 0],
      [0.13321800915, 0.037759751853, 0.34522017328, 0.051005004724, 0.1341070274, 0.2986900336, 0]
    ],
    [
      [0.12178463238, 0.80629843592, 0.00033983340975, 0.0011397096847, 0.057369545021, 0.013067843589, 0],
      [0.025693823378, 0.025997701732, 2.58486517e-05, 0.86065658988, 0.076731024623, 0.010895011734, 0],
      [0.00032656023927, 0.0034613027254, 0.00045825538687, 0.0068465626721, 0.9621169567, 0.026790362273, 0],
      [0.026633781143, 0.011558670812, 0.12931114507, 0.0093144715788, 0, 0.8231819314, 0],
      [0.21691461815, 0.028132453372, 0.26108042933, 0.036571869442, 0.11385251788, 0.34344811182, 0]
    ],
    [
      [0.048007822637, 0.80108299026, 0.00012511826179, 0.0011863611184, 0.06748811243, 0.013450963277, 0.068658632012],
      [0.010025640049, 0.028686416702, 9.389026378e-06, 0.85865295856, 0.089047992396, 0.011063823767, 0.0025137794996],
      [0, 0.003322823741, 0, 0, 0.99055663318, 0.0046420175407, 0.001478525536],
      [0, 0.013168233056, 0.033230270404, 0.0070344032437, 0.10627716302, 0.84000011651, 0.00028981376876],
      [0.11211848716, 0.045856881629, 0.12987635216, 0.051525979571, 0.18151461336, 0.47910426623, 3.4199051564e-06]
    ],
    [
      [0.064819749156, 0.85462820774, 7.3199013403e-05, 0.0014819337427, 0.067403105235, 0.011593805118, 0],
      [0.011224166864, 0.025196840511, 4.5554264171e-06, 0.88190983756, 0.073755935366, 0.0079086642759, 0],
      [0, 0.0035318811319, 0, 0.0076441657705, 0.9888239531, 0, 0],
      [0, 0.015331668306, 0.019483644656, 0.061824685528, 0.15158123216, 0.75177876935, 0],
      [0.15970059638, 0.055142139686, 0.081219474253, 0.068778883831, 0.19380794916, 0.44135095669, 0]
    ],
    [
      [0.072041928591, 0.80643284455, 0.00018515140495, 0.0013829565272, 0.065057583775, 0.013141643742, 0.041757891408],
      [0.013137872975, 0.025093118706, 1.2147864944e-05, 0.87592343536, 0.075054416127, 0.0094509132501, 0.0013280957185],
      [0.00017142728399, 0.0034385215059, 0.00022099860768, 0.0073524257041, 0.97009374494, 0.018033787642, 0.00068909431221],
      [0.0062082075017, 0.013768160846, 0.059519216857, 0.027658483447, 0.075553089244, 0.81712926554, 0.00016357656229],
      [0.15598215777, 0.03831212204, 0.17320756366, 0.054014513931, 0.15736824951, 0.42111353521, 1.8578855387e-06]
    ],
    [
      [0.079101776027, 0.81456405876, 0.00022889632757, 0.0015200064846, 0.08986349438, 0.014721768023, 0],
      [0.013062274962, 0.013789671117, 1.3581794298e-05, 0.86034705501, 0.10321261416, 0.0095748029568, 0],
      [0, 0, 0, 0, 1, 0, 0],
      [0, 0, 0.055544735783, 0.0031275540808, 0.17874364816, 0.76258406197, 0],
      [0.14218505216, 0, 0.18236144881, 0.050609383913, 0.22252188358, 0.40232223153, 0]
    ],
    [
      [0.085251742994, 0.83423451586, 0.00012710507891, 0.0015308327619, 0.068364562491, 0.010491240819, 0],
      [0.014153104037, 0.02365340367, 7.5784814262e-06, 0.88365966969, 0.071669781837, 0.0068564622864, 0],
      [0, 0.0034220250045, 0, 0.0078080406203, 0.98876993438, 0, 9.3891176029e-20],
      [0.0025773978229, 0.021008683939, 0.03934523569, 0.047358528698, 0.19220012704, 0.69751002681, 0],
      [0.20385498865, 0.043995513347, 0.13115141604, 0.066206568102, 0.18301626852, 0.37177524533, 0]
    ],
    [
      [0.085424650868, 0.66466215901, 0.00024253708809, 0.001494871729, 0.060996686902, 0.011719759984, 0.17545933442],
      [0.014377446312, 0.017433463865, 1.4740075441e-05, 0.89063285504, 0.065184844017, 0.007807020052, 0.0045496306397],
      [0.0077423569904, 0.0026240976026, 0.0065797138872, 0.033967888056, 0.94377125952, 0.0032809192532, 0.0020337646907],
      [0.0048589069765, 0.010100576069, 0.081795933217, 0.02727410199, 0.083160337581, 0.79211538351, 0.00069476066068],
      [0.1813004981, 0.028063106617, 0.22266665621, 0.056988046252, 0.14391410531, 0.36706091351, 6.6739963022e-06]
    ],
    [
      [0.076874055292, 0.81533962695, 6.9436788976e-05, 0.0012227588134, 0.064678600974, 0.0094850086, 0.032330512586],
      [0.015453700639, 0.028051053763, 5.0238000341e-06, 0.86554647708, 0.082283406817, 0.007521941979, 0.0011383959255],
      [0, 0.0035254703183, 0, 0.0065748949515, 0.98792339159, 0, 0.0019762431363],
      [0, 0.048640519073, 0.020922637861, 0.031736107684, 0.21912899869, 0.67938647586, 0.00018526083069],
      [0.21134934036, 0.052356952844, 0.083512919133, 0.061373161615, 0.20090876358, 0.39049700782, 1.8546502846e-06]
    ],
    [
      [0.064548862929, 0.8374572295, 0.00017639529616, 0.00091563389494, 0.061365896016, 0.0089363196091, 0.026599662751],
      [0.017096742476, 0.038108340029, 1.6795228088e-05, 0.82304466441, 0.10827632038, 0.0093262553903, 0.0041308820897],
      [0.00016434954802, 0.0038472638683, 0, 0, 0.99551462816, 0, 0.00047375842185],
      [0.0047356059283, 0.03167843301, 0.066028986529, 0, 0.21361867339, 0.6837827095, 0.00015559164075],
      [0.17435784022, 0.089898855362, 0.20229787445, 0, 0.18206644003, 0.35137752387, 1.4660713712e-06]
    ],
    [
      [0.060391892688, 0.88542910112, 2.7095298966e-05, 0.00083275949817, 0.044802465582, 0.0085166858141, 0],
      [0.017601532789, 0.043405574189, 2.8460599437e-06, 0.84643651458, 0.082748036507, 0.009805495878, 0],
      [0, 0.01098264572, 0, 0, 0.98901735428, 0, 0],
      [0.0023488343827, 0.080837945801, 0.011203784723, 0.016004371527, 0.090143672942, 0.79946139062, 0],
      [0.21418109986, 0.067659046681, 0.041551452695, 0.05315542932, 0.17708268753, 0.44637028392, 0]
    ],
    [
      [0.013337416749, 0.7293885124, 0.00025451734637, 0.0013678499828, 0.077227452605, 0.028424250917, 0.15],
      [0.0024295172201, 0.022652938503, 1.6679075662e-05, 0.86769832313, 0.088988066495, 0.01821447558, 0],
      [0, 0, 0.0002552580403, 0, 0.96769255194, 0.032052190023, 0],
      [0, 0, 0.058708539379, 0, 0.049594035805, 0.89169742482, 0],
      [0.024667246602, 0.013106061271, 0.21174374284, 0.044346787771, 0.16572810596, 0.54040805556, 0]
    ],
    [
      [0.053483485853, 0.85577122709, 0.00019409597518, 0, 0.073209596188, 0.01734159489, 0],
      [0.013114168298, 0.035980536851, 1.7129224141e-05, 0.78947368421, 0.11360286247, 0.047811618942, 0],
      [0.0001133605954, 0, 0.00020645751667, 0, 0.9718452524, 0.027834929483, 0],
      [0.00042100977322, 0, 0.050185074107, 0, 0.072889913884, 0.87650400224, 0],
      [0.10752789974, 0.032577781737, 0.17449885402, 0, 0.16433079446, 0.52106467004, 0]
    ],
    [
      [0.029128496714, 0.90233364112, 0.00028978389881, 0.0012953578124, 0.053395184046, 0.013557536412, 0],
      [0.0057410006504, 0.030517854413, 2.0540204308e-05, 0.88663893677, 0.06654839444, 0.010533273524, 0],
      [8.3958110806e-05, 0.0046873505152, 0.00041877029481, 0.008337808665, 0.9141256493, 0.072346463119, 0],
      [0.0042512458122, 0.026460808992, 0.10312629546, 0.020274925876, 0, 0.84588672386, 0],
      [0.063599763388, 0.043513571461, 0.27331172437, 0.051049293109, 0.13031982888, 0.43820581879, 0]
    ],
    [
      [0.044359489684, 0.87885624111, 0.00016318695058, 0.00083054568519, 0.064058557651, 0.011731978923, 0],
      [0.012306880727, 0.040630073449, 1.6287905491e-05, 0.82178388488, 0.11242758973, 0.01283528331, 3.8686104099e-17],
      [0.0001075207542, 0.0037253420083, 0.0001983991423, 0.0044983255551, 0.9750722236, 0.016398188944, 0],
      [0.0012823967486, 0.01875423954, 0.054140992152, 0.0030441465835, 0.11994957198, 0.80282865299, 0],
      [0.11269354495, 0.047866695963, 0.17878449717, 0.038122889447, 0.18186168919, 0.44067068328, 0]
    ],
    [
      [0.076451744886, 0.84922706083, 9.2021990133e-05, 0.00053192499294, 0.061561178916, 0.012136068385, 0],
      [0.02993819559, 0.055275835145, 1.2963067382e-05, 0.74355028729, 0.15248361249, 0.018739106416, 0],
      [0.00019346108535, 0.0037483463577, 0.00011678764154, 0, 0.97823407696, 0.017707327959, 0],
      [0.0024758831386, 0.014442914536, 0.03119587845, 0, 0.11120509317, 0.84068023071, 0],
      [0.19496577742, 0.053284143529, 0.10118801213, 0.01395747169, 0.17900510337, 0.45759949185, 0]
    ],
    [
      [0.033644565631, 0.83708595733, 0.00012368731193, 0.00095840857315, 0.05635193789, 0.010694662057, 0.061140781205],
      [0.0085541283192, 0.035728517326, 1.1297466399e-05, 0.8518740253, 0.090504248341, 0.010707220778, 0.0026205624655],
      [9.2738785368e-05, 0.0040648275897, 0.00017070953753, 0.0058920375052, 0.97168139241, 0.016969535482, 0.0011287586859],
      [0, 0.026715767878, 0.041318214423, 0.0090572885951, 0.11918336517, 0.80248441417, 0.001240949766],
      [0.096189032069, 0.054342027554, 0.15512978525, 0.050384185912, 0.18338623229, 0.46056519792, 3.539002583e-06]
    ],
    [
      [0.074124737045, 0.83983678222, 0.00019531305203, 0.0014863416378, 0.069731277151, 0.014625548895, 0],
      [0.012455820405, 0.023663596412, 1.1814701353e-05, 0.87999972208, 0.07417158297, 0.0096974634351, 0],
      [0.00016405361898, 0.0032718555565, 0.0002169828233, 0.0073554746214, 0.97031164177, 0.018679991614, 0],
      [0.004006912135, 0.006558027463, 0.056771888674, 0.023671165371, 0.073654448253, 0.8353375581, 0],
      [0.14909167716, 0.036385026035, 0.16939117335, 0.053929389147, 0.15660951153, 0.43459322277, 0]
    ],
    [
      [0.07725947796, 0.82993744942, 0.00015150209396, 0.0015127033454, 0.075491817901, 0.015647049283, 1.8725331577e-33],
      [0.012724442653, 0.023336411797, 8.9821477295e-06, 0.87506330431, 0.078698561524, 0.010168297572, 0],
      [0.00015849227707, 0.00080315478536, 0.00015600454663, 0.006938438497, 0.97117066153, 0.020773248366, 0],
      [0.0015543465833, 0, 0.040586009304, 0.020564331502, 0.089280418674, 0.84801489394, 0],
      [0.15342348427, 0.036135955047, 0.12979658336, 0.054180368533, 0.16735318757, 0.45911042122, 0]
    ],
    [
      [0.093170976664, 0.82604018849, 1.2326440486e-31, 0.0013782412203, 0.066688630392, 0.012721963231, 0],
      [0.016757122173, 0.025169766528, 2.2982796484e-36, 0.87302871288, 0.076006021716, 0.0090383767066, 0],
      [0, 0.0034091046841, 1.2254193006e-32, 0.0071572345539, 0.97238241821, 0.017051242556, 0],
      [0, 0.017401283229, 1.9847307902e-20, 0.032892771014, 0.13681121215, 0.81289473361, 0],
      [0.23155135828, 0.047497735764, 0, 0.062344581491, 0.18671148957, 0.47189483489, 0]
    ],
    [
      [0.075994028315, 0.82197588597, 0.00015643045482, 0.0012620033375, 0.0830803177, 0.017531334219, 0],
      [0.0145777587, 0.02630377937, 1.080186456e-05, 0.84496642578, 0.10087197377, 0.013269260517, 0],
      [0, 0.0011030125952, 0.00014690113536, 0, 0.97281203312, 0.02593805315, 0],
      [0, 0, 0.037529598847, 0, 0.096508948399, 0.86596145275, 0],
      [0.14180836165, 0.032894238057, 0.12595603781, 0.035604524209, 0.18010234939, 0.48363448888, 0]
    ],
    [
      [0.07687352352, 0.75557652386, 0.00023683943426, 0.0012670312025, 0.070641848423, 0.012989732536, 0.082414501028],
      [0.014865215711, 0.024271683518, 1.6503200401e-05, 0.86168731174, 0.086552096265, 0.009921255659, 0.0026859339021],
      [0.00016874668751, 0.002892263635, 0.00026128804142, 0.0062264835957, 0.97291455456, 0.016475539833, 0.0010611236503],
      [0.0062361008595, 0.0077696235604, 0.07447467131, 0.010661903084, 0.11971095834, 0.78114674285, 0],
      [0.15735840336, 0.03293036053, 0.20923211699, 0.046712074401, 0.16117615997, 0.39258755126, 3.333489151e-06]
    ],
    [
      [0.066992527569, 0.8326856057, 0.00025126765791, 0.0018945821514, 0.083337052764, 0.014838964157, 0],
      [0.0089478913281, 0.018698628818, 1.2088794242e-05, 0.89401555226, 0.070500562926, 0.0078252758691, 0],
      [0, 0, 0, 0.0078853686264, 0.99211463137, 0, 0],
      [0.0010306600901, 0, 0.063833096338, 0.038891393833, 0.11856865352, 0.77767619622, 0],
      [0.12405612663, 0.018967699256, 0.20108747041, 0.077523464082, 0.17212589709, 0.40623934253, 0]
    ],
    [
      [0.089119646879, 0.81108368554, 0.00035001132049, 0.0020077898723, 0.083585309787, 0.013853556601, 0],
      [0.011391288589, 0.017195161658, 1.6090894875e-05, 0.89684971505, 0.067566855163, 0.0069808886435, 0],
      [0.0001657101999, 0.00047241714967, 0.00032633287661, 0.0083382469504, 0.97584771526, 0.014849577561, 0],
      [0.0098875389044, 0, 0.10007239074, 0.059197388575, 0.11854939919, 0.71229328259, 0],
      [0.15045574184, 0.029241097675, 0.25514847163, 0.06119581548, 0.15772131519, 0.34623755819, 0]
    ],
    [
      [0.07898454165, 0.85586569684, 5.3461223243e-05, 0.0012506974337, 0.054353622158, 0.0094919806978, 0],
      [0.0157944664, 0.028806994278, 3.8499637168e-06, 0.87907702943, 0.068825175175, 0.0074924847537, 0],
      [0, 0.0043142700536, 0, 0.00798029613, 0.98770543382, 0, 0],
      [0.004806958768, 0.045087426628, 0.019941504968, 0.050075766959, 0.1233207772, 0.75676756548, 0],
      [0.22957820203, 0.0537333012, 0.067115056176, 0.065530338175, 0.17624340228, 0.40779970013, 0]
    ],
    [
      [0.085108112368, 0.8186592304, 0.0001976847405, 0.001797551813, 0.08170338633, 0.012534034349, 0],
      [0.012187293288, 0.020025347884, 1.0185887288e-05, 0.88667505132, 0.074023271219, 0.0070788504066, 0],
      [0, 0, 0, 0.0076563694645, 0.99234363054, 0, 0],
      [0, 0, 0.046160923324, 0.079661989947, 0.18866207416, 0.68551501257, 0],
      [0.16587117515, 0.017944255001, 0.17179317363, 0.088223080172, 0.18322357057, 0.37294474547, 0]
    ],
    [
      [0.090281320439, 0.77400760949, 9.7155277035e-05, 0.0015092004867, 0.068431553633, 0.011856630683, 0.053816529996],
      [0.015246250909, 0.022541512687, 5.9006617644e-06, 0.87962884849, 0.073077596004, 0.007893100715, 0.0016067905373],
      [0, 0.0031881142056, 0, 0.0076632362832, 0.98788740336, 0, 0.0012612461514],
      [0.0021881443564, 0.019088049025, 0.028520757978, 0.057098167083, 0.13643151473, 0.75641912857, 0.0002542382527],
      [0.21060832462, 0.040072183195, 0.097937585655, 0.063520565054, 0.1783985572, 0.40946016544, 2.6188343849e-06]
    ],
    [
      [0.072745417716, 0.8166745792, 9.659867092e-05, 0.0011489150336, 0.05778508188, 0.0097447144133, 0.041804693088],
      [0.016030457344, 0.031079620485, 7.6436557164e-06, 0.86240527386, 0.080395483709, 0.0084518754595, 0.0016296454914],
      [0, 0.0040020994594, 0, 0.0069189346255, 0.98663535493, 0, 0.0024436109861],
      [0.003655470216, 0.055821284544, 0.033014741797, 0.03582609813, 0.13741509322, 0.73402886696, 0.00023844513945],
      [0.20063278754, 0.050244718955, 0.11500056866, 0.057256451197, 0.17847083571, 0.3983922222, 2.4157344774e-06]
    ],
    [
      [0.046745797039, 0.86647458925, 0.00010882054746, 0.0012979441394, 0.048721782833, 0.011772190366, 0.024878875821],
      [0.0093540877759, 0.029856218313, 7.8384898471e-06, 0.88889952653, 0.061708724223, 0.0092945449981, 0.00087905966503],
      [0.00014756563975, 0.048191358259, 0, 0.065409301207, 0.85983239503, 0.024642874749, 0.0017765051122],
      [0.0039309257411, 0.016690964412, 0.036918779745, 0.025241986861, 0.070851889299, 0.84624417997, 0.00012127396935],
      [0.12807186454, 0.052493276841, 0.12904914359, 0.064041471071, 0.14900484111, 0.47733798599, 1.4168610627e-06]
    ],
    [
      [0.022645710109, 0.78043112522, 0.00011259997753, 0.0014318206734, 0.053901948364, 0.01318297427, 0.12829382139],
      [0.0040645551203, 0.022370240033, 7.2892283597e-06, 0.89918448554, 0.061356519284, 0.0093541670785, 0.0036627437117],
      [0, 0.0037111860189, 0, 0.040884676049, 0.89728955134, 0.055610254007, 0.0025043325828],
      [0, 0.012840209895, 0.033081780205, 0.028579110911, 0.070623137567, 0.85437068828, 0.00050507313826],
      [0.059345151629, 0.045631128814, 0.13234877705, 0.070026859715, 0.16323917165, 0.52940242954, 6.4816026875e-06]
    ],
    [
      [0.036641178706, 0.80355926924, 0.00012154363908, 0.00089425564054, 0.035999137641, 0.010079378286, 0.11270523685],
      [0.010141837404, 0.035592537998, 1.2125140847e-05, 0.87520917976, 0.063151336072, 0.01102146694, 0.0048715166814],
      [0.00015437280437, 0.00568159274, 0.00025742331759, 0.0084368747935, 0.95798237029, 0.024542840472, 0.0029445255801],
      [0.0026109706017, 0.01571124074, 0.053665115289, 0.016643245489, 0, 0.90946110035, 0.0019083275323],
      [0.12003879055, 0.083215784443, 0.17238815328, 0.051845046656, 0.093443057542, 0.47906254407, 6.6234578897e-06]
    ],
    [
      [0.014493773774, 0.80674874049, 6.7250055531e-05, 0.0012938464811, 0.053557301584, 0.014715276246, 0.10912381137],
      [0.002838764142, 0.026723294575, 4.7374028585e-06, 0.88906287865, 0.066340656429, 0.011362417172, 0.0036672516297],
      [4.145046534e-05, 0.0040965564012, 9.6437120097e-05, 0.0082646223958, 0.96111240464, 0.02425994638, 0.0021285825997],
      [0, 0.013185436507, 0.017333777089, 0.019296230419, 0.014700592629, 0.9346075006, 0.00087646275511],
      [0.036455849781, 0.052111320526, 0.080140830918, 0.064554423997, 0.16542126543, 0.60131021252, 6.096830522e-06]
    ],
    [
      [0.042241453356, 0.88309176495, 0.00013375639954, 0.0011813759796, 0.058561343388, 0.014790305923, 0],
      [0.0088866476898, 0.03055987765, 1.0122466206e-05, 0.87034589285, 0.077928649626, 0.012268809722, 0],
      [0.00011104630195, 0.004006177281, 0.00017634888537, 0.0069379215164, 0.96635000198, 0.022418504038, 0],
      [0, 0.011212652826, 0.038892967985, 0.0068839856606, 0.027015448983, 0.91599494455, 0],
      [0.099161102474, 0.044078871662, 0.13613852203, 0.050274448756, 0.15429690337, 0.51605015171, 0]
    ],
    [
      [0.055026996229, 0.86794846813, 0.00012260291121, 0.0011211525688, 0.058625584089, 0.017155196068, 0],
      [0.012042066391, 0.032362565077, 9.6538837824e-06, 0.85960923421, 0.08116997733, 0.014806503104, 0],
      [0.00014417689261, 0.0040690258417, 0.00016115345995, 0.0062539399165, 0.94682642656, 0.042545277326, 0],
      [0.00032331202912, 0.0048156435162, 0.033400324749, 0, 0, 0.96146071971, 0],
      [0.11804942726, 0.040789428226, 0.11338802734, 0.04340382072, 0.14049731041, 0.54387198604, 0]
    ],
    [
      [0.025698546682, 0.88885538397, 7.3822019826e-05, 0.0012117052311, 0.066205351337, 0.017955190757, 0],
      [0.0052472302939, 0.029728590566, 5.4240475448e-06, 0.86502390935, 0.085534378755, 0.014460466983, 0],
      [0, 0.0035515024305, 8.6123580936e-05, 0.00072884237901, 0.96592375678, 0.029709774829, 0],
      [0, 0.0046984472368, 0.01666378843, 0, 0.022433461643, 0.95620430269, 0],
      [0.053515876347, 0.042811756562, 0.072756840202, 0.049974846546, 0.16906240101, 0.61187827934, 0]
    ],
    [
      [0.034992677619, 0.66535062554, 0.00016714105621, 0.0017186418759, 0.061372963861, 0.017923832574, 0.21847411748],
      [0.0052614875125, 0.0166138864, 9.0382208736e-06, 0.90369133004, 0.058355039303, 0.010623954048, 0.0054452644728],
      [0, 0.0028906136965, 0.00020892654888, 0.0095692054991, 0.91534041148, 0.070432564859, 0.0015582779114],
      [0, 0.0039536065091, 0.041236811435, 0.028152828899, 0, 0.92665675316, 0],
      [0.071273585966, 0.029280362463, 0.14900092707, 0.063861092941, 0.14116783101, 0.54540742566, 8.77490118e-06]
    ],
    [
      [0.032554959733, 0.90410596307, 0.00012205506164, 0.0012584282936, 0.04855442858, 0.013404165264, 0],
      [0.0065892141042, 0.030423471947, 8.8856510773e-06, 0.89012660783, 0.06215566957, 0.010696150901, 0],
      [0.00010263465008, 0.004972748049, 0.00019295555909, 0.0088615097523, 0.96150823095, 0.024361921038, 0],
      [0, 0.018550913678, 0.038734429537, 0.024000803042, 0.0049211709937, 0.91379268275, 0],
      [0.085394081967, 0.051271666347, 0.13860862938, 0.059816397226, 0.14292055843, 0.52198866665, 0]
    ],
    [
      [0.06809573519, 0.82537682875, 0.00020206460639, 0.0020499930566, 0.079950270184, 0.024325108209, 0],
      [0.0085079652571, 0.017112366838, 9.0973929824e-06, 0.89907286405, 0.063293409177, 0.012004297288, 0],
      [0, 0, 0.0001942191919, 0.0087768591819, 0.91534737362, 0.075681548001, 0],
      [0, 0, 0.03645418514, 0.017474151832, 0, 0.94607166303, 0],
      [0.10262735311, 0.0051683517282, 0.14193050744, 0.056144542866, 0.1355563983, 0.55857284656, 0]
    ],
    [
      [0.03664832472, 0.88921829852, 8.4145927263e-05, 0.0014772796335, 0.054421101196, 0.018150850003, 0],
      [0.0064396178624, 0.026380221498, 5.3196038623e-06, 0.89410241799, 0.060494783935, 0.012577639109, 0],
      [0, 0.0044217200552, 0.00011841081131, 0.0092588578755, 0.86701768222, 0.11918332904, 0],
      [0, 0.0053338070017, 0.020743202438, 0.014780832372, 0, 0.95914215819, 0],
      [0.078789049252, 0.043112965253, 0.082509552984, 0.059469678424, 0.13574798228, 0.60037077181, 0]
    ],
    [
      [0.040126473381, 0.84536833466, 0.00019046368613, 0.0037611374952, 0.086328803844, 0.024224786932, 0],
      [0.0028594728003, 0.0096382768039, 4.8807797234e-06, 0.94179279138, 0.038900164863, 0.0068044133681, 0],
      [7.088741474e-05, 0.0025046350143, 0.00016867816126, 0.014837454332, 0.95775355219, 0.024664792884, 0],
      [0, 0, 0.029866364409, 0.075555367511, 0, 0.89457826808, 0],
      [0.056850148009, 0.025429751036, 0.12398400442, 0.12552135688, 0.12728279209, 0.54093194757, 0]
    ],
    [
      [0.068400551555, 0.86029692533, 6.8028898783e-05, 0.0016541516749, 0.053546704463, 0.01603363808, 0],
      [0.010786620404, 0.022815222886, 3.8594725292e-06, 0.90300401262, 0.053419735543, 0.0099705490762, 0],
      [0.00019432101829, 0.0043146058129, 9.6937329728e-05, 0.010498410135, 0.95862920743, 0.026266518273, 0],
