{
  "X": [
    [41, 311, 880, 86],
    [42, 321, 1016, 68],
    [10, 122, 260, 28],
    [18, 148, 698, 28],
    [5, 18, 71, 5],
    [33, 277, 1066, 49],
    [23, 174, 572, 29],
    [0, 8, 7, 5],
    [91, 593, 928, 107],
    [5, 18, 21, 5],
    [22, 105, 252, 20],
    [19, 220, 745, 53],
    [33, 169, 719, 33],
    [43, 163, 627, 43],
    [35, 205, 548, 30],
    [75, 232, 993, 67],
    [48, 355, 474, 77],
    [3, 14, 18, 3],
    [22, 172, 249, 36],
    [125, 864, 781, 156],
    [36, 269, 353, 46],
    [14, 190, 265, 33],
    [43, 181, 306, 41],
    [12, 118, 295, 34],
    [33, 273, 620, 46],
    [11, 96, 269, 21],
    [33, 130, 421, 27],
    [2, 39, 70, 9],
    [54, 353, 1159, 59],
    [0, 1, 7, 1],
    [12, 50, 145, 13],
    [33, 185, 233, 42],
    [14, 41, 162, 10],
    [50, 520, 1721, 100],
    [43, 447, 382, 79],
    [31, 131, 576, 46],
    [17, 100, 402, 19],
    [15, 54, 40, 11],
    [117, 561, 1735, 121],
    [20, 88, 261, 24],
    [111, 817, 1379, 223],
    [6, 97, 282, 17]
  ],
  "W": [
    [56, 337, 791, 52, 82],
    [39, 337, 894, 70, 107],
    [17, 125, 227, 18, 33],
    [48, 137, 615, 25, 67],
    [3, 20, 66, 2, 8],
    [48, 289, 934, 60, 94],
    [34, 185, 483, 40, 56],
    [3, 8, 5, 0, 4],
    [96, 617, 719, 139, 148],
    [1, 16, 18, 7, 7],
    [29, 105, 214, 29, 22],
    [18, 260, 645, 46, 68],
    [9, 191, 616, 73, 65],
    [36, 192, 550, 55, 43],
    [40, 207, 474, 46, 51],
    [44, 274, 834, 102, 113],
    [30, 363, 404, 67, 90],
    [1, 17, 12, 5, 3],
    [16, 180, 224, 25, 34],
    [51, 869, 722, 142, 142],
    [13, 278, 306, 42, 65],
    [63, 157, 216, 35, 31],
    [23, 195, 260, 59, 34],
    [29, 127, 252, 22, 29],
    [48, 270, 537, 36, 81],
    [11, 103, 245, 16, 22],
    [23, 139, 371, 43, 35],
    [6, 35, 51, 5, 23],
    [105, 350, 977, 97, 96],
    [1, 1, 5, 1, 1],
    [13, 49, 125, 20, 13],
    [53, 157, 206, 27, 50],
    [11, 37, 144, 19, 16],
    [46, 575, 1499, 97, 174],
    [27, 473, 339, 47, 65],
    [33, 146, 501, 43, 61],
    [17, 106, 330, 44, 41],
    [1, 58, 37, 12, 12],
    [79, 579, 1513, 176, 187],
    [18, 98, 222, 30, 25],
    [120, 843, 1240, 136, 191],
    [26, 90, 233, 19, 34]
  ],
  "method": "mult",
  "cond_prob": [
    [
      [0.010126791989, 0.42562209989, 0.42898765433, 0.13526345379],
      [0.019792131931, 0.76089163409, 0.05435942829, 0.16495680569],
      [0.010400958888, 0.017765115494, 0.96821290269, 0.0036210229313],
      [0.4702319877, 0.10868019065, 0.39493391454, 0.026153907118],
      [0.013216211553, 0.13464762743, 0.62517798101, 0.22695818001]
    ],
    [
      [0.0085073392999, 0.4448940331, 0.44348778237, 0.10311084523],
      [0.016728089209, 0.80021423631, 0.056543741218, 0.12651393327],
      [0.0059596553582, 0.011156636185, 0.98199860851, 0.0008850999458],
      [0.42113770098, 0.1213667102, 0.4361943972, 0.021301191619],
      [0.011432492944, 0.14492740758, 0.66549880265, 0.17814129683]
    ],
    [
      [0.0071842086357, 0.45488064046, 0.42015810218, 0.11777704873],
      [0.013695828862, 0.79433289546, 0.051855345018, 0.14011593066],
      [0.0033469728246, 0.033689119108, 0.95754136773, 0.0054225403396],
      [0.39361237874, 0.13380481295, 0.44635866084, 0.02622414747],
      [0.0097304302116, 0.14907577298, 0.6357287202, 0.2054650766]
    ],
    [
      [0.008517538949, 0.445318778, 0.46251521193, 0.083648471119],
      [0.017088849246, 0.81804001582, 0.063979422154, 0.10089171278],
      [0.0065451389034, 0.002963398468, 0.99049146263, 0],
      [0.41816098323, 0.11895895008, 0.44595802964, 0.016922037055],
      [0.011502996678, 0.14562317431, 0.69750580201, 0.145368027]
    ],
    [
      [0.023912866324, 0.4209746203, 0.43390053754, 0.12121197583],
      [0.046214350123, 0.75366618607, 0.053880004161, 0.14623945964],
      [0.034928418175, 0.0076806577256, 0.95679978358, 0.00059114051991],
      [0.72474722239, 0.05513878386, 0.20811375921, 0.012000234544],
      [0.031150544285, 0.13081893001, 0.63196063368, 0.20606989203]
    ],
    [
      [0.0076428627515, 0.44285954398, 0.46400066039, 0.085496932879],
      [0.015401995503, 0.81217603202, 0.06895959814, 0.10346237434],
      [0.0041473654448, 0, 0.99585263456, 0],
      [0.38902400152, 0.12407576178, 0.46876099285, 0.018139243845],
      [0.010286026284, 0.14446088223, 0.69730451269, 0.14794857879]
    ],
    [
      [0.0085097689052, 0.43965419247, 0.47106154862, 0.080774490003],
      [0.017300232466, 0.79116697632, 0.095368240756, 0.096164550461],
      [0.0047609882217, 0, 0.99523901178, 0],
      [0.41427297788, 0.11702786221, 0.45241975674, 0.016279403166],
      [0.011422293295, 0.14294200623, 0.70613481872, 0.13950088175]
    ],
    [
      [7.0617431294e-33, 0.42438485625, 0.32489901997, 0.25071612378],
      [0, 0.69448758712, 0, 0.30551241288],
      [0, 0.13577543676, 0.83594172548, 0.028282837755],
      [-0, 0.23208777029, 0.66415814432, 0.10375408538],
      [0, 0.12301688762, 0.46139857817, 0.41558453421]
    ],
    [
      [0.010649033745, 0.4574950302, 0.4375335515, 0.09432238455],
      [0.020629693236, 0.81039446276, 0.054962349987, 0.11401349401],
      [0.012134698896, 0.015071505824, 0.97194829722, 0.00084549805608],
      [0.47747834071, 0.11352590029, 0.39127006764, 0.017725691359],
      [0.014559690331, 0.15169311315, 0.66802462168, 0.16572257484]
    ],
    [
      [0.01244819117, 0.51142288337, 0.33423409821, 0.14189482726],
      [0.020747933302, 0.79560114395, 0.035528260046, 0.14812266271],
      [0.024657153859, 0.15171163235, 0.79879795084, 0.024833262958],
      [0.58379916515, 0.11518935111, 0.27684786536, 0.024163618384],
      [0.017880278646, 0.17454628192, 0.54014508122, 0.26742835821]
    ],
    [
      [0.012321979686, 0.44748163381, 0.44051426584, 0.099682120665],
      [0.024012071411, 0.79914793836, 0.055580965352, 0.12125902488],
      [0.017380403049, 0.0090842708098, 0.97322739043, 0.0003079357132],
      [0.51849147831, 0.10190746823, 0.36242096539, 0.017180088071],
      [0.016624362159, 0.14605220727, 0.66400979003, 0.17331364054]
    ],
    [
      [0.0057149014207, 0.41593688072, 0.46388130073, 0.11446691713],
      [0.011715756257, 0.76032972339, 0.086691023841, 0.14126349651],
      [0.00070202036361, 0, 0.99929797964, 0],
      [0.32379750933, 0.12927436175, 0.51999035696, 0.026937771962],
      [0.0074050968211, 0.13059981507, 0.67123113386, 0.19076395424]
    ],
    [
      [0.0077305386415, 0.42636063548, 0.47525796905, 0.09065085683],
      [0.0159250189, 0.77330730441, 0.10185990933, 0.10890776736],
      [0.001376048713, 0, 0.99862395129, 0],
      [0.38874710854, 0.11793509885, 0.47433165958, 0.01898613303],
      [0.010193255563, 0.13618149111, 0.69982877621, 0.15379647711]
    ],
    [
      [0.012628766317, 0.3984697506, 0.46569450181, 0.12320698127],
      [0.026068246294, 0.72128780079, 0.10283096632, 0.14981298659],
      [0.015552300654, 0, 0.98444769935, 0],
      [0.51449386737, 0.08907230001, 0.37558327884, 0.020850553778],
      [0.016031001368, 0.12253150524, 0.66018924243, 0.20124825097]
    ],
    [
      [0.011518304426, 0.46109467295, 0.4501081935, 0.077278829122],
      [0.022544285436, 0.82596566604, 0.058328435087, 0.09316161344],
      [0.013253605597, 0.0057634378599, 0.98098295654, 0],
      [0.49522851593, 0.10858912818, 0.38240313082, 0.013779225076],
      [0.015879999058, 0.15400687786, 0.69304354466, 0.13706957842]
    ],
    [
      [0.012724083319, 0.3926809972, 0.47759848496, 0.11699643452],
      [0.026732516545, 0.70165230688, 0.13155922632, 0.14005595025],
      [0.015768376797, 0, 0.9842316232, 0],
      [0.5112586767, 0.087097444739, 0.38199143283, 0.01965244573],
      [0.016072739187, 0.12022446614, 0.67368264381, 0.19002015086]
    ],
    [
      [0.010897422099, 0.4748349061, 0.39688464267, 0.11738302913],
      [0.02002470963, 0.7981126084, 0.047270122673, 0.13459255929],
      [0.01402134633, 0.070919840156, 0.90450490363, 0.010553909889],
      [0.49817401538, 0.11946561837, 0.35999677789, 0.022363588361],
      [0.015131386593, 0.15982515681, 0.61549601118, 0.20954744542]
    ],
    [
      [0.010585980001, 0.41725561206, 0.46319382596, 0.10896458198],
      [0.015489585722, 0.73815331311, 0.11570941182, 0.13064768935],
      [0.010103055496, 0.015814944801, 0.97204133903, 0.0020406606722],
      [0.51279465789, 0.092336852925, 0.37673298018, 0.018135509],
      [0.013627035778, 0.1275581543, 0.67386173459, 0.18495307533]
    ],
    [
      [0.012142344562, 0.46966165177, 0.40041538277, 0.11778062091],
      [0.022423414343, 0.79396698302, 0.047880585528, 0.13572901711],
      [0.017853032437, 0.060138451776, 0.91286657009, 0.0091419456975],
      [0.52803402858, 0.11062017559, 0.34034693799, 0.020998857845],
      [0.016752291908, 0.15690703062, 0.61717833326, 0.20916234421]
    ],
    [
      [0.013615903884, 0.5064165401, 0.36794613244, 0.11202142358],
      [0.023872165132, 0.84268500013, 0, 0.13344283474],
      [0.029043305636, 0.088941694123, 0.87923837019, 0.0027766300506],
      [0.56193278359, 0.11572088009, 0.30296063058, 0.019385705738],
      [0.019696869462, 0.17768467051, 0.59439601708, 0.20822244295]
    ],
    [
      [0.012448323155, 0.4868575846, 0.40449081028, 0.096203281971],
      [0.022877729964, 0.81863414877, 0.048164678145, 0.11032344312],
      [0.019865400621, 0.063611846269, 0.9100688487, 0.0064539044104],
      [0.52983839962, 0.11340478488, 0.33978961089, 0.016967204608],
      [0.017632884536, 0.16711280183, 0.63999396281, 0.17526035083]
    ],
    [
      [0.0060447440691, 0.49694686866, 0.39669277393, 0.10031561334],
      [0.0055693463949, 0.82824937269, 0.046771939984, 0.11940934094],
      [0, 0.082099371022, 0.91164659073, 0.0062540382453],
      [0.35647412224, 0.15954650154, 0.45959801334, 0.024381362882],
      [0.0086515955286, 0.17224529252, 0.63430859999, 0.18479451197]
    ],
    [
      [0.012608113461, 0.44727194625, 0.41724818668, 0.12287175361],
      [0.023980073392, 0.77875065065, 0.051410847262, 0.14585842869],
      [0.023989495634, 0.030153981234, 0.94103460225, 0.004821920884],
      [0.52917606199, 0.10293870979, 0.34647862337, 0.021406604845],
      [0.016918898722, 0.14538086354, 0.62549826843, 0.2122019693]
    ],
    [
      [0.0075054059879, 0.41862453249, 0.43458914712, 0.1392809144],
      [0.014832777386, 0.75776625922, 0.055616207631, 0.17178475577],
      [0.0033090569139, 0.012630999812, 0.98106520028, 0.0029947429912],
      [0.3992440469, 0.12013742743, 0.45036372647, 0.030254799208],
      [0.0097010042849, 0.1309495959, 0.62749047968, 0.23185892013]
    ],
    [
      [0.011471247751, 0.46903740552, 0.43280507848, 0.086686268257],
      [0.021945615402, 0.82090878137, 0.053668707518, 0.10347689571],
      [0.013467336021, 0.022390315886, 0.96266183908, 0.0014805090175],
      [0.50004124366, 0.11190736575, 0.37238978079, 0.015661609811],
      [0.015933576971, 0.15788356503, 0.6713501915, 0.1548326665]
    ],
    [
      [0.0088976016137, 0.44465347341, 0.43134066678, 0.11510825819],
      [0.017236416881, 0.7894901879, 0.054093610267, 0.13917978495],
      [0.0072335754644, 0.019300014622, 0.97079351565, 0.0026728942633],
      [0.4432741077, 0.1184124416, 0.41511829798, 0.023195152719],
      [0.011916533252, 0.14400999048, 0.64533212299, 0.19874135328]
    ],
    [
      [0.012576985788, 0.43482412575, 0.44892078915, 0.10367809931],
      [0.024922384848, 0.78919886635, 0.058917933687, 0.12696081512],
      [0.017095456866, 0.00321352711, 0.97969101602, 0],
      [0.5190541382, 0.097995592522, 0.36526292432, 0.017687344958],
      [0.016707868385, 0.13983924712, 0.66610161074, 0.17735127375]
    ],
    [
      [0.0050058578158, 0.48260814274, 0.41509651614, 0.097289483301],
      [0.0042194916169, 0.82833480899, 0.049777779447, 0.11766791995],
      [0, 0.050619567343, 0.94724478196, 0.002135650698],
      [0.33208583484, 0.15609990447, 0.48796710701, 0.023847153675],
      [0.007037107492, 0.16306675531, 0.65295126989, 0.1769448673]
    ],
    [
      [0.00874916179, 0.4427762369, 0.46552080061, 0.082953800701],
      [0.017650433891, 0.80352102008, 0.079153517409, 0.099675028623],
      [0.0051061256887, 0, 0.99489387431, 0],
      [0.4204523637, 0.11750631442, 0.44537008324, 0.016671238636],
      [0.011782521596, 0.14456276667, 0.70004553715, 0.14360917459]
    ],
    [
      [0, 0.12355349814, 0.66778984967, 0.20865665219],
      [0, 0.68242356715, 0.041715722416, 0.27586071044],
      [0, 0, 1, 0],
      [0, 0.13044035277, 0.78874135469, 0.080818292543],
      [0, 0.06358258194, 0.50175307323, 0.43466434483]
    ],
    [
      [0.010146681857, 0.43515973799, 0.42669419146, 0.12799938869],
      [0.019595510455, 0.77269728084, 0.053280392828, 0.15442681588],
      [0.0092999749268, 0.019974461081, 0.96718424164, 0.0035413223533],
      [0.47856538505, 0.1091652442, 0.38798397078, 0.02428539997],
      [0.0133929659, 0.13851108659, 0.62957897246, 0.21851697505]
    ],
    [
      [0.017267674469, 0.50034406171, 0.36074161065, 0.12164665318],
      [0.030053508497, 0.79717839326, 0.040657156046, 0.1321109422],
      [0.044660723147, 0.10672518873, 0.83352757487, 0.015086513251],
      [0.62701214646, 0.098518328903, 0.25633338044, 0.018136144192],
      [0.024739509929, 0.17358746457, 0.57739678884, 0.22427623666]
    ],
    [
      [0.012491188815, 0.44690222992, 0.42848240155, 0.11212417971],
      [0.023937721592, 0.7886927093, 0.053105896587, 0.13426367252],
      [0.018290017844, 0.018593954433, 0.96092731564, 0.0021887120798],
      [0.53024022038, 0.10057923753, 0.35008481092, 0.019095731169],
      [0.016785904213, 0.1446193922, 0.64353940932, 0.19505529427]
    ],
    [
      [0.0069097486499, 0.43936767765, 0.46021154173, 0.093511031975],
      [0.013906704814, 0.80438195218, 0.067422803511, 0.1142885395],
      [0.003080825575, 0, 0.99691917442, 0],
      [0.3655587442, 0.1285296063, 0.48519480349, 0.02071684601],
      [0.0092439113171, 0.14254076159, 0.68745068196, 0.16076464514]
    ],
    [
      [0.012189589107, 0.49081223908, 0.38823122523, 0.10876694658],
      [0.022001092414, 0.84824571858, 0, 0.12975318901],
      [0.018449999215, 0.047340234465, 0.93164563204, 0.0025641342773],
      [0.52947599779, 0.11707671476, 0.33380175216, 0.019645535294],
      [0.017299119267, 0.16887537815, 0.61540315854, 0.19842234404]
    ],
    [
      [0.011042948206, 0.3925304107, 0.45459131275, 0.14183532834],
      [0.022607356773, 0.73087771779, 0.066882546395, 0.17963237904],
      [0.011210011669, 0, 0.98878998833, 0],
      [0.48541319896, 0.094354926967, 0.39441479933, 0.025817074739],
      [0.013867626532, 0.11936209492, 0.63754121936, 0.22922905919]
    ],
    [
      [0.0067076302085, 0.42798865154, 0.47986067067, 0.085443047583],
      [0.0081797994988, 0.77039184856, 0.11994683823, 0.10148151371],
      [0, 0, 1, 0],
      [0.35580216104, 0.12384687504, 0.50163185392, 0.018719110001],
      [0.0088686939908, 0.13691206035, 0.70868785791, 0.14553138775]
    ],
    [
      [0.021881459577, 0.50599594744, 0.35014636518, 0.1219762278],
      [0.037363366141, 0.82722228293, 0, 0.13541435093],
      [0.11115726935, 0.065101569093, 0.82066329114, 0.0030778704131],
      [0.69332653064, 0.083118031344, 0.2084076327, 0.015147805316],
      [0.031525497548, 0.17574476749, 0.56536835584, 0.22736137912]
    ],
    [
      [0.010670232045, 0.44444586369, 0.4403493357, 0.10453456857],
      [0.020886561272, 0.79552852526, 0.05590557949, 0.12767933398],
      [0.01150869663, 0.012442000848, 0.97497769273, 0.001071609793],
      [0.4771073788, 0.11011068689, 0.39316805843, 0.019613875887],
      [0.014332492095, 0.1447782485, 0.66045050573, 0.18043875367]
    ],
    [
      [0.011000984775, 0.41304124954, 0.44752653819, 0.12843122749],
      [0.022054441777, 0.75887837881, 0.059304614823, 0.15976256459],
      [0.011844673084, 0, 0.98815532692, 0],
      [0.48856391596, 0.099292221326, 0.3887780479, 0.023365814818],
      [0.014168483055, 0.1286563898, 0.64395384191, 0.21322128523]
    ],
    [
      [0.01136736813, 0.45182648218, 0.39402686735, 0.14277928234],
      [0.02108620612, 0.7662584228, 0.047403151493, 0.16525221958],
      [0.015898944969, 0.05924740164, 0.91207917946, 0.012774473929],
      [0.50903544228, 0.1120499325, 0.35209842058, 0.026816204637],
      [0.015270848969, 0.14722200451, 0.59105943182, 0.2464477147]
    ],
    [
      [0.0044206965892, 0.46095521702, 0.45025539044, 0.084368695954],
      [0.0046393438145, 0.8305157569, 0.061346008975, 0.10349889031],
      [0, 0.0090870544192, 0.99089921476, 1.3730820751e-05],
      [0.27689176964, 0.15488071719, 0.54676609818, 0.021461414995],
      [0.0060758035965, 0.1531979097, 0.69129841577, 0.14942787093]
    ]
  ],
  "expected_outcome": [
    [
      [0.56710035139, 0.3317862327, 0.12213154681, 0.40884186955, 0.071738598973, 0.36685741207, 0.28933214278, 2.1185229388e-32, 1.0223072395, 0.01244819117, 0.3573374109, 0.10286822557, 0.069574847773, 0.4546355874, 0.46073217706, 0.55985966603, 0.32692266296, 0.010585980001, 0.19427751299, 0.69441109808, 0.16182820101, 0.38081887636, 0.28998660961, 0.21765677365, 0.55061989205, 0.097873617751, 0.28927067313, 0.030035146895, 0.91866198795, 0, 0.13190686414, 0.91518674683, 0.13740307696, 0.3178484379, 0.32911890589, 0.36441729081, 0.11402971354, 0.021881459577, 0.84294833152, 0.19801772594, 1.3640841756, 0.11493811132],
      [23.8348375939, 17.3508672911, 7.7329708878, 21.3753013442, 1.2629238609, 21.2572581109, 14.9482425439, 1.2731545687, 43.9195228995, 0.51142288337, 12.9769673804, 7.486863853, 3.8372457193, 14.3449110217, 18.443786918, 17.277963877, 14.2450471831, 0.41725561206, 7.5145864282, 25.827243545, 6.3291485997, 31.3076527257, 10.2872547637, 12.1401114422, 22.5137954648, 4.8911882075, 10.0009548923, 2.8956488564, 46.4915048743, 0.12355349814, 5.6570765939, 26.5182352704, 4.9159245291, 20.2109131718, 13.2519304551, 12.9535035531, 7.2758070762, 0.50599594744, 35.1112232314, 7.4347424917, 54.2191778616, 11.9848356424],
      [24.0233086424, 17.2960235124, 7.142687737, 22.2007301726, 1.3017016126, 22.2720316988, 16.0160926532, 0.97469705991, 42.0032209442, 0.33423409821, 12.7749137094, 8.3498634132, 4.2773217214, 16.7650020651, 18.0043277401, 21.0143333382, 11.90653928, 0.46319382596, 6.4066461243, 18.7652527544, 5.2583805336, 24.9916447577, 9.5967082937, 12.6030852665, 20.7746437668, 4.7447473346, 10.3251781505, 2.4905790969, 48.8796840641, 0.66778984967, 5.547024489, 19.1193053642, 4.7133064171, 21.1697309194, 10.4822430812, 15.0015133207, 8.1576314013, 0.35014636518, 34.7875975203, 8.0554776874, 47.2832240823, 11.7066401514],
      [7.5747534123, 4.0213229638, 2.0022098285, 4.0151266137, 0.36363592749, 4.1038527782, 2.7463326601, 0.75214837135, 9.0549489168, 0.14189482726, 2.8907814993, 2.0604045083, 0.81585771147, 4.4354513258, 3.0911531649, 5.1478431188, 3.5214908739, 0.10896458198, 1.8844899345, 5.7130926025, 1.2506426656, 6.3198836402, 2.8260503329, 4.0391465176, 4.1609408763, 1.2661908401, 2.3845962841, 0.5837368998, 8.7101490736, 0.20865665219, 1.6639920529, 6.4472726185, 1.2333659769, 4.3015074709, 2.9367075578, 4.6805658354, 1.4525318089, 0.1219762278, 8.2582309168, 2.3117620949, 17.1335138804, 2.1935860948]
    ],
    [
      [6.6699484607, 5.6373660634, 1.7119786077, 2.3411723467, 0.92428700245, 4.4511767004, 3.2005430062, 0, 12.7285207269, 0.33196693283, 2.5212674981, 3.0460966269, 3.0416786099, 5.0051032884, 4.6666670853, 7.3247095334, 7.2689695959, 0.26332295727, 4.0362145817, 20.7449114995, 6.36000893, 0.87438738401, 4.6761143114, 1.8837627281, 5.9253161587, 1.7753509388, 3.4642114938, 0.14768220659, 6.1776518619, 0, 0.96018001232, 4.718400834, 0.88569569891, 7.9963552683, 10.4065167119, 3.3006740888, 0.86705874687, 2.1670752362, 12.0933189766, 2.1613352942, 17.7756717588, 0.41754094331],
      [256.4204806875, 269.6721976352, 99.291611933, 112.0714821672, 15.0733237214, 234.7188732526, 146.3658906185, 5.555900697, 500.0133835257, 12.7296183031, 83.9105335279, 197.6857280815, 147.7016951422, 138.4872577525, 170.9748928696, 192.2527320859, 289.7148768507, 12.5486063228, 142.9140569434, 732.2932651125, 227.5802933583, 130.0351515116, 151.8563768776, 96.2363149206, 221.6453709698, 81.3174893539, 109.6986424223, 28.9917183145, 281.2323570267, 0.68242356715, 37.8621667612, 125.1570077412, 29.1816302443, 462.519622501, 401.2202248876, 106.7081467973, 81.6615359477, 47.9788924101, 460.611016124, 74.3700811234, 645.9558504234, 74.7464181214],
      [18.3191273338, 19.0552407904, 6.4819181272, 8.7651808351, 1.0776000832, 19.9293238625, 17.6431245399, 0, 33.9117699419, 0.56845216073, 5.836001362, 22.5396661986, 19.4552426827, 19.7435455342, 12.0739860631, 36.0472280115, 17.1590545303, 1.967060001, 8.618505395, 0, 13.3897805243, 7.3431945775, 10.025115216, 7.0632583691, 14.4905510299, 5.5716418575, 8.1895927825, 1.7422222807, 27.7037310933, 0.041715722416, 2.6107392486, 6.3831734992, 1.9649181737, 38.7681120187, 0, 9.7648517737, 12.714364852, 0, 32.3693305247, 5.8118522526, 39.960856709, 5.5211408077],
      [55.590443518, 42.635195511, 17.514491332, 13.822164651, 2.9247891929, 29.9006261844, 17.7904418353, 2.444099303, 70.3463258055, 2.3699626033, 12.732197612, 36.728509093, 20.8013835652, 28.7640934248, 19.2844539821, 38.3753303692, 48.8570990231, 2.221010719, 24.4312230799, 115.9618233879, 30.6699171874, 18.7472665269, 28.4423935951, 21.8166639822, 27.9387618416, 14.3355178498, 17.6475533014, 4.1183771983, 34.8862600181, 0.27586071044, 7.5669139779, 20.7414179255, 4.9677558831, 65.7159102121, 61.3732584005, 26.2263273402, 10.7570404534, 7.8540323537, 73.9263343747, 15.6567313298, 139.3076211088, 9.3149001276]
    ],
    [
      [8.2271584804, 5.3279318902, 0.75976283119, 4.0252604256, 2.3052755995, 3.8736393254, 2.2995573111, 0, 8.7248485061, 0.44382876946, 3.7194062525, 0.45280313453, 0.84764600721, 8.5537653598, 6.282209053, 13.1508262486, 5.6646239173, 0.12123666595, 3.9990792658, 20.969266669, 6.07881259, 0, 6.2372688649, 0.83388234231, 7.231959443, 1.7722259888, 6.3424144971, 0, 4.9886847979, 0, 1.1624968658, 9.2001089683, 2.6337625695, 4.618157537, 6.2545497337, 5.6162158464, 0, 4.112818966, 17.4126580019, 2.6295174247, 19.7146917622, 0],
      [14.052206356, 9.9740327492, 7.6474300376, 1.8224900578, 0.50692340989, 0, 0, 0.67887718381, 10.8364126878, 2.7308093823, 1.9440339533, 0, 0, 0, 2.7318695456, 0, 28.6516154228, 0.18977933761, 13.4710131977, 64.2159031569, 19.4652249584, 17.7334641407, 7.8400351208, 3.1830119526, 12.0235996308, 4.7285035824, 1.1922185578, 2.5815979345, 0, 0, 2.4968076352, 21.9853888793, 2.6775294384, 0, 16.0483394836, 0, 0, 2.4087580565, 18.8247472823, 0, 73.4667780339, 2.1172836797],
      [765.8564060249, 877.906756009, 217.3618904741, 609.1522495166, 63.1487857163, 930.1263606746, 480.7004426889, 4.1797086274, 698.8308257037, 14.378363115, 208.2706615516, 644.5471968655, 615.1523539928, 541.4462346402, 464.9859214014, 820.8491737514, 365.4199810646, 11.6644960684, 204.4821117002, 634.8101032775, 278.4810677021, 196.9156635984, 244.6689965845, 247.2284304713, 516.9494075837, 237.8444113343, 363.4653669451, 48.3094838799, 972.0113152021, 5, 120.8980302048, 171.7066804226, 138.3735334526, 1494.381842463, 315.8278692627, 495.3837841536, 330, 30.3645417723, 1475.141249099, 219.3704825753, 1130.978182532, 230.8795170391],
      [2.8642291386, 0.79127935154, 1.2309166571, 0, 0.039015274314, 0, 0, 0.14141418878, 0.60791310232, 0.44699873324, 0.065898242625, 0, 0, 0, 0, 0, 4.2637795952, 0.024487928066, 2.0477958363, 2.0047268965, 1.9748947496, 1.350872261, 1.2536994298, 0.75467523377, 0.79503334241, 0.6548590945, 0, 0.1089181856, 0, 0, 0.44266529416, 3.1078217298, 0.3151745395, 0, 0.86924152, 0, 0, 0.11388120528, 1.6213456169, 0, 15.8403476719, 0.0031992812349]
    ],
    [
      [24.4520633602, 29.4796390687, 7.0850228173, 10.4540245808, 1.4494944448, 23.3414400915, 16.5709191154, 0, 66.3694893584, 4.086594156, 15.0362528709, 14.8946854291, 28.3785389236, 28.2971627056, 22.7805117327, 52.1483850238, 33.3776590305, 2.5639732895, 13.2008507146, 79.7944552697, 22.2532127842, 12.4765942783, 31.2213876576, 8.7833690317, 18.0014847717, 7.0923857232, 22.3193279425, 1.6604291742, 40.7838792791, 0, 9.571307701, 16.9293279544, 10.0745641872, 35.4591981877, 24.8853718961, 20.8727675555, 15.655295086, 8.3199183676, 83.9708986682, 14.6569174788, 69.2288201504, 5.2609436231],
      [5.6513699136, 8.4956697137, 2.4084866331, 2.9739737519, 0.11027756772, 7.4445457071, 4.6811144885, 0, 15.7801001405, 0.8063254578, 2.9553165786, 5.9466206405, 8.609262216, 4.8989765006, 4.9950998961, 8.8839393633, 8.0041964308, 0.46168426462, 2.7655043896, 16.432364973, 4.7630009648, 5.5841275541, 6.0733838776, 2.6430234034, 4.0286651668, 1.8945990656, 4.2138104785, 0.78049952236, 11.3981124991, 0.13044035277, 2.1833048841, 2.6599948804, 1.911005513, 12.4673718111, 5.5026055938, 4.0572618596, 5.4492625016, 0.99741637613, 19.3794808919, 2.9787666398, 15.2387908198, 2.9427336266],
      [20.5365635561, 30.5336078043, 8.0344558951, 11.1489507409, 0.41622751842, 28.1256595708, 18.0967902695, 0, 54.3865394022, 1.9379350575, 10.5102079964, 23.9195564201, 34.6262111493, 20.6570803361, 17.5905440177, 38.9631261484, 24.1197841185, 1.8836649009, 8.5086734496, 43.0204095424, 14.2711636575, 16.0859304668, 20.442238779, 9.9080019823, 13.4060321083, 6.6418927677, 15.7063057459, 2.4398355351, 43.2008980742, 0.78874135469, 7.7596794156, 6.921001272, 6.6516114075, 47.0638959383, 15.6886823513, 16.9598363712, 22.0718015724, 2.5008915924, 69.1975782838, 11.6633414369, 47.8853851991, 10.3885558654],
      [1.3600031701, 1.4910834133, 0.47203465446, 0.42305092637, 0.024000469088, 1.0883546307, 0.65117612665, 0, 2.4638710989, 0.16914532869, 0.49822255405, 1.2391375103, 1.3859877112, 1.1467804578, 0.63384435351, 2.0045494644, 1.4983604202, 0.090677545001, 0.52497144613, 2.7527702148, 0.71262259354, 0.85334770086, 1.2629896858, 0.66560558257, 0.56381795318, 0.3711224435, 0.76055583321, 0.11923576838, 1.6171101476, 0.080818292543, 0.48570799939, 0.4896758932, 0.36281889221, 2.0095340629, 0.92334015882, 1.1101342138, 0.82364084004, 0.18177366379, 3.4520421561, 0.70097444455, 3.6470038307, 0.40776688491]
    ],
    [
      [1.0837293473, 1.223276745, 0.32110419698, 0.7707007774, 0.24920435428, 0.96688647066, 0.63964842453, 0, 2.1548341691, 0.12516195052, 0.3657359675, 0.50354658384, 0.66256161159, 0.68933305882, 0.80987995196, 1.8162195281, 1.3618247934, 0.040881107333, 0.56957792487, 2.7969554636, 1.1461374949, 0.26819946139, 0.57524255654, 0.28132912426, 1.2906197346, 0.26216373154, 0.58477539349, 0.16185347231, 1.1311220732, 0, 0.1741085567, 1.2369754964, 0.26857446741, 1.6084405692, 1.1244427524, 0.84592521847, 0.36361645362, 0.37830597057, 2.6801760218, 0.35421207637, 2.916732153, 0.20657732228],
      [11.041105449, 15.5072326108, 4.9195005085, 9.7567526789, 1.04655144, 13.5793229294, 8.0047523491, 0.49206755049, 22.4505807464, 1.2218239734, 3.2131485598, 8.8807874251, 8.8517969225, 5.2688547252, 7.8543507708, 13.5853646738, 14.3842641125, 0.3826744629, 5.334839041, 25.2312232125, 10.8623321187, 5.339604068, 4.9429493604, 3.7975382811, 12.7885687677, 3.1682197905, 4.8943736491, 3.7505353722, 13.8780255999, 0.06358258194, 1.8006441256, 8.6793732286, 2.3139102752, 24.8020925161, 10.9768995799, 7.28108779, 5.6133944745, 2.1089372099, 27.0735324704, 3.2164097451, 28.1194028612, 5.2087289299],
      [51.2645944427, 71.2083718838, 20.9790477666, 46.7328887348, 5.0556850695, 65.5466241933, 39.5435498485, 1.8455943127, 98.867644008, 3.7810155685, 14.6082153807, 45.6437171026, 45.4888704538, 28.3881374244, 35.3452207778, 76.1261387505, 55.3946410066, 2.0215852038, 20.9840633309, 84.4042344256, 41.5996075826, 19.6635665996, 21.2669411268, 18.1972239108, 54.3793655112, 14.1973067059, 23.3135563761, 15.0178792075, 67.2043715663, 0.50175307323, 8.184526642, 28.869839442, 10.2966305491, 119.6164186606, 40.0012053048, 38.8900143808, 29.0562021742, 6.7844202701, 123.5042445723, 16.0988460478, 112.8923514775, 23.5041461363],
      [18.6105707609, 19.0611187604, 6.7803475279, 9.7396578089, 1.6485591362, 13.9071664067, 7.8120493779, 1.6623381368, 24.5269410765, 1.8719985075, 3.812900092, 12.9719488885, 9.9967710122, 8.6536747916, 6.9905484995, 21.4722770476, 18.8592700875, 0.55485922598, 7.1115197032, 29.5675868982, 11.3919228038, 5.728629871, 7.2148669563, 6.7239086838, 12.5414459865, 4.3723097721, 6.2072945813, 4.069731948, 13.7864807606, 0.43466434483, 2.8407206756, 11.213811833, 3.1208847083, 27.9730482541, 12.8974523629, 13.9829726107, 5.9667868976, 2.7283365495, 33.7420469355, 5.3305321308, 47.0715135082, 5.0805476115]
    ]
  ],
  "prob": [
    [0.010300479276, 0.44955247242, 0.43273379879, 0.10741324951],
    [0.019952251248, 0.79585282007, 0.054381635863, 0.12981329282],
    [0.010823702053, 0.019310301652, 0.96757036963, 0.0022956266619],
    [0.46965943223, 0.11409910992, 0.39559248349, 0.020648974353],
    [0.013910634623, 0.14731582037, 0.65247474428, 0.18629880072]
  ],
  "iterations": 176,
  "time": 0.145367,
  "message": "Converged",
  "status": 0,
  "miniter": 0,
  "maxiter": 1000,
  "maxtime": 3600,
  "param_threshold": 0.001,
  "ll_threshold": "-Inf",
  "initial_prob": "random",
  "adjust_prob_cond_method": "lp",
  "adjust_prob_cond_every": true,
  "candidates_id": ["JONES, Dail Michael John.c", "LAWLEY, Judy Patricia.c", "KEY, John Phillip.c", "Other candidates votes.c"],
  "group_id": ["Green Party.p", "Labour Party.p", "National Party.p", "New Zealand First Party.p", "Other parties votes.p"]
}
