{
  "Z_true": {},
  "V_true": [
    [459, 16, 83, 1084, 17],
    [633, 261, 441, 13357, 181],
    [174, 261, 12260, 1256, 365],
    [27, 1002, 459, 662, 51],
    [120, 69, 347, 415, 304]
  ],
  "p_true": [
    [0.2767, 0.0096, 0.05, 0.6534, 0.0102],
    [0.0426, 0.0175, 0.0297, 0.8981, 0.0122],
    [0.0122, 0.0182, 0.8564, 0.0877, 0.0255],
    [0.0123, 0.4552, 0.2085, 0.3008, 0.0232],
    [0.0956, 0.055, 0.2765, 0.3307, 0.2422]
  ],
  "Z_est": {},
  "V_est": [
    [536.6328, 0, 0, 1122.3672, 0],
    [0, 864.8775, 0, 13479.5806, 528.5419],
    [0, 299.9533, 13590, 317.5572, 108.4894],
    [0, 346.505, 0, 1854.495, 0],
    [876.3672, 97.6642, 0, 0, 280.9686]
  ],
  "p_est": [
    [0.3235, 0, 0, 0.6765, 0],
    [0, 0.0582, 0, 0.9063, 0.0355],
    [0, 0.021, 0.9493, 0.0222, 0.0076],
    [0, 0.1574, 0, 0.8426, 0],
    [0.6983, 0.0778, 0, 0, 0.2239]
  ],
  "EI_Z": {},
  "EI_V": 13.2243,
  "MAE_Z": {},
  "MAE_V": 362.9184,
  "MAE_p": 0.1124,
  "runtime": 0.0286
}
