{
  "X": [
    [0, 0, 3, 108, 1],
    [29, 47, 400, 231, 18],
    [17, 42, 193, 202, 11],
    [16, 24, 280, 235, 11],
    [1, 6, 14, 164, 6],
    [8, 4, 75, 109, 5],
    [11, 14, 123, 80, 12],
    [30, 35, 330, 136, 16],
    [19, 11, 196, 80, 14],
    [5, 4, 59, 20, 7],
    [21, 17, 130, 219, 19],
    [0, 1, 7, 81, 4],
    [24, 20, 148, 262, 15],
    [2, 11, 56, 116, 6],
    [32, 46, 413, 222, 31],
    [29, 33, 358, 261, 23],
    [8, 25, 136, 347, 10],
    [7, 6, 120, 352, 8],
    [10, 17, 96, 319, 8],
    [15, 31, 201, 403, 25],
    [10, 8, 52, 105, 3],
    [10, 13, 93, 221, 13],
    [4, 7, 65, 215, 10],
    [4, 14, 118, 654, 9],
    [8, 4, 39, 78, 6],
    [3, 10, 53, 112, 5],
    [4, 5, 14, 86, 1],
    [0, 1, 7, 24, 1],
    [20, 9, 39, 242, 8],
    [19, 26, 113, 275, 12],
    [1, 1, 6, 33, 2],
    [4, 5, 14, 151, 4],
    [3, 7, 29, 93, 2],
    [1, 1, 10, 70, 3],
    [11, 12, 147, 190, 4],
    [0, 1, 7, 27, 0],
    [7, 13, 94, 276, 14],
    [4, 6, 9, 62, 2],
    [0, 9, 12, 55, 2],
    [9, 9, 29, 81, 5],
    [42, 45, 112, 393, 19],
    [19, 15, 146, 151, 11],
    [2, 0, 9, 86, 5],
    [8, 10, 22, 73, 4],
    [10, 11, 82, 113, 5],
    [0, 0, 5, 4, 0],
    [10, 13, 29, 127, 1],
    [0, 4, 33, 68, 2],
    [36, 29, 418, 523, 27],
    [16, 30, 261, 303, 17],
    [30, 38, 501, 309, 18],
    [0, 2, 7, 94, 1],
    [0, 1, 5, 16, 0],
    [6, 6, 67, 98, 2],
    [8, 8, 21, 106, 5],
    [2, 7, 13, 107, 5],
    [22, 21, 117, 299, 17],
    [6, 21, 140, 354, 10],
    [0, 0, 1, 5, 0],
    [31, 41, 508, 339, 26],
    [23, 18, 342, 374, 19],
    [13, 38, 305, 365, 11],
    [34, 42, 491, 277, 31],
    [9, 21, 233, 164, 9],
    [13, 23, 177, 133, 8],
    [21, 36, 378, 752, 25],
    [25, 53, 362, 341, 21],
    [10, 24, 154, 160, 8],
    [43, 52, 518, 395, 24],
    [1, 1, 8, 77, 1],
    [1, 1, 4, 26, 0],
    [130, 127, 1298, 2142, 138],
    [12, 30, 116, 193, 7],
    [54, 109, 485, 690, 35],
    [0, 12, 41, 89, 4]
  ],
  "W": [
    [1, 1, 4, 102, 1, 3],
    [26, 78, 285, 209, 99, 28],
    [14, 70, 132, 192, 47, 10],
    [29, 59, 196, 218, 50, 14],
    [1, 7, 12, 161, 3, 7],
    [6, 27, 34, 99, 25, 10],
    [9, 29, 77, 81, 37, 7],
    [8, 46, 252, 133, 79, 29],
    [13, 25, 147, 73, 49, 13],
    [2, 8, 46, 15, 17, 7],
    [18, 31, 116, 187, 42, 12],
    [2, 4, 7, 73, 3, 4],
    [15, 27, 123, 232, 52, 20],
    [0, 21, 31, 113, 14, 12],
    [41, 68, 301, 181, 123, 30],
    [46, 74, 240, 234, 83, 27],
    [19, 44, 146, 267, 29, 21],
    [7, 26, 102, 317, 29, 12],
    [2, 29, 85, 280, 39, 15],
    [16, 46, 186, 327, 70, 30],
    [1, 9, 51, 96, 18, 3],
    [5, 24, 96, 182, 24, 19],
    [8, 17, 56, 180, 27, 13],
    [15, 26, 114, 537, 74, 33],
    [6, 6, 31, 73, 12, 7],
    [14, 17, 27, 102, 15, 8],
    [2, 10, 11, 74, 8, 5],
    [1, 1, 6, 20, 1, 4],
    [7, 16, 35, 208, 34, 18],
    [11, 37, 88, 237, 53, 19],
    [0, 1, 7, 30, 1, 4],
    [7, 4, 11, 141, 6, 9],
    [2, 9, 20, 89, 9, 5],
    [1, 3, 13, 63, 4, 1],
    [14, 37, 90, 186, 29, 8],
    [3, 4, 5, 22, 0, 1],
    [15, 32, 80, 223, 32, 22],
    [0, 8, 8, 57, 7, 3],
    [0, 16, 8, 49, 1, 4],
    [5, 12, 19, 73, 15, 9],
    [7, 40, 111, 351, 71, 31],
    [6, 23, 131, 117, 50, 15],
    [1, 3, 6, 82, 4, 6],
    [2, 12, 17, 68, 10, 8],
    [6, 25, 49, 103, 28, 10],
    [0, 1, 3, 4, 0, 1],
    [4, 8, 28, 110, 19, 11],
    [2, 13, 26, 62, 1, 3],
    [49, 75, 274, 498, 108, 29],
    [23, 78, 177, 276, 53, 20],
    [51, 54, 380, 275, 109, 27],
    [1, 5, 3, 86, 2, 7],
    [0, 2, 3, 16, 1, 0],
    [5, 16, 35, 91, 18, 14],
    [3, 5, 19, 106, 9, 6],
    [0, 8, 10, 101, 4, 11],
    [9, 32, 98, 257, 58, 22],
    [15, 34, 71, 343, 45, 23],
    [0, 0, 1, 3, 0, 2],
    [31, 83, 371, 330, 99, 31],
    [26, 70, 217, 354, 83, 26],
    [35, 108, 170, 333, 63, 23],
    [44, 71, 387, 263, 79, 31],
    [16, 78, 130, 148, 38, 26],
    [24, 40, 115, 119, 41, 15],
    [40, 145, 205, 727, 65, 30],
    [50, 88, 268, 282, 86, 28],
    [12, 38, 113, 154, 28, 11],
    [39, 112, 357, 365, 119, 40],
    [0, 2, 5, 72, 4, 5],
    [3, 0, 4, 23, 0, 2],
    [82, 301, 1017, 1960, 333, 142],
    [4, 42, 99, 172, 26, 15],
    [34, 165, 386, 611, 104, 73],
    [6, 30, 23, 77, 2, 8]
  ],
  "method": "mult",
  "cond_prob": [
    [
      [0, 0, 0.92609755819, 0.004974695055, 0.068927746759],
      [0, 0, 0.91207001226, 0.071706335175, 0.01622365257],
      [0, 0, 0.11688436153, 0.88311563847, 0],
      [0, 0, 0, 1, 0],
      [0, 0, 0.68155105381, 0.054774586143, 0.26367436005],
      [1.272130549e-17, 0, 0.0042479765506, 0.77869394324, 0.21705808021]
    ],
    [
      [0, 0, 0.97505483624, 0, 0.024945163758],
      [0.0010630810079, 0.30063172558, 0.69275040845, 0.0015581098965, 0.0039966750737],
      [0.02755634158, 0.035947278741, 0.83524762643, 0.091056999066, 0.010191754181],
      [0.0030091777258, 0.0067006938511, 0.069735975542, 0.91799785222, 0.0025563006586],
      [0.19888464347, 0.03919833808, 0.68181518137, 0, 0.080101837082],
      [0.026608017258, 0.28659537425, 0.017640965068, 0.46663112785, 0.20252451557]
    ],
    [
      [0, 0.00043838773495, 0.96289507226, 0, 0.036666540006],
      [0.0011534564403, 0.38487617411, 0.603458874, 0.0048407107445, 0.0056707847013],
      [0.033984784907, 0.050203766504, 0.7582948119, 0.14200739904, 0.015509237644],
      [0.003126406531, 0.015450862696, 0.048689495867, 0.92835741315, 0.0043758217599],
      [0.24595984879, 0.050475456603, 0.58991098544, 0.0084278328055, 0.10522587636],
      [0.027288349427, 0.30867211074, 0.010823311491, 0.42754421085, 0.22567201749]
    ],
    [
      [0, 0, 0.97373432112, 0, 0.026265678883],
      [0.00094411572198, 0.24215392432, 0.74293917048, 0.0093933484671, 0.0045694410085],
      [0.025642872505, 0.02358611013, 0.81482759902, 0.1251632175, 0.010780200849],
      [0.0024830980208, 0.0028080602546, 0.064905678249, 0.92744765579, 0.0023555076852],
      [0.2000577685, 0.028283437187, 0.67710651509, 0.0092642346849, 0.085288044534],
      [0.026720740548, 0.21883656319, 0.01552290064, 0.51907150815, 0.21984828746]
    ],
    [
      [1.4799225244e-05, 5.7435564199e-05, 0.89089995566, 0.0026192045989, 0.10640860495],
      [0.00062630003693, 0.45918295448, 0.50327140332, 0.022489678817, 0.014429663349],
      [0.024964420794, 0.049909627284, 0.65379980204, 0.2297669497, 0.041559200177],
      [0.00027871265905, 0.0027423124181, 0.0019300042802, 0.98449711725, 0.010551853393],
      [0.18890685174, 0.051665015293, 0.4666166946, 0.020794881187, 0.27201655718],
      [0.012062108239, 0.2271770015, 0.0042888319556, 0.3594755895, 0.39699646881]
    ],
    [
      [8.0019966776e-05, 0, 0.97211436468, 0.0020943266839, 0.025711288669],
      [0.0022158124505, 0.10564519602, 0.86313605495, 0.024399226287, 0.004603710298],
      [0.041024272683, 0, 0.78266184328, 0.16799542046, 0.0083184635771],
      [0, 0, 0.030552285215, 0.96944771479, 0],
      [0.24719729571, 0.009340933465, 0.64327661789, 0.018766352579, 0.081418800351],
      [0.036493528005, 0.091405637096, 0.014554597304, 0.61723280564, 0.24031343195]
    ],
    [
      [0, 0, 0.94842193679, 0, 0.051578063211],
      [0, 0.27647880176, 0.71297755043, 0, 0.010543647813],
      [0.032982566973, 0.032353789793, 0.82915000753, 0.078797654032, 0.02671598167],
      [0.015069895647, 0.0093728929134, 0.084594901348, 0.88003146191, 0.010930848181],
      [0.19092672374, 0.032648071832, 0.6212312773, 0, 0.15519392713],
      [0.025056002491, 0.21766999302, 0.015079822447, 0.3785760321, 0.36361814994]
    ],
    [
      [0, 0, 0.97532548624, 0, 0.024674513755],
      [0, 0.29114578299, 0.70479587448, 0, 0.004058342531],
      [0.043338227238, 0.035624254024, 0.89060243462, 0.020043831092, 0.01039125303],
      [0.00670018686, 0.0061225763539, 0.088142616981, 0.89567574126, 0.0033588785499],
      [0.21701620665, 0.036346205614, 0.66997840456, 0, 0.076659183172],
      [0.03597798476, 0.30842514034, 0.02392104627, 0.40772693027, 0.22394889835]
    ],
    [
      [0, 0, 0.96107375002, 0, 0.038926249984],
      [0.0024732014141, 0.19929594494, 0.78732000251, 0.0032511200405, 0.0076597310892],
      [0.045247960558, 0.017907085467, 0.8658943793, 0.05245229164, 0.018498283036],
      [0.0071462141843, 0.0018380447474, 0.072382095559, 0.91275509321, 0.0058785522975],
      [0.23038973824, 0.019812504338, 0.63267347418, 0, 0.11712428324],
      [0.036611457946, 0.17540537182, 0.019359555322, 0.42900871719, 0.33961489772]
    ],
    [
      [0, 0, 0.94911683366, 0, 0.050883166338],
      [0.0016943853684, 0.20776993623, 0.7746235482, 0.0059026564927, 0.010009473708],
      [0.033612803092, 0.017979253428, 0.85161038997, 0.072334666899, 0.024462886616],
      [0.0040317475476, 0.0017479626433, 0.055887625274, 0.93102155241, 0.0073111121242],
      [0.18825641989, 0.020314231778, 0.63284012176, 0, 0.15858922658],
      [0.025631517642, 0.16274763894, 0.019157651392, 0.3800086835, 0.41245450852]
    ],
    [
      [0.000290985266, 0, 0.91900765092, 0.0051824647453, 0.075518899073],
      [0.0020871058791, 0.33006381185, 0.62688446565, 0.028099963003, 0.012864653609],
      [0.061769650211, 0.028501825897, 0.6466992637, 0.23103555482, 0.03199370537],
      [0, 0, 0, 0.99014938807, 0.0098506119336],
      [0.31829179707, 0.029715562233, 0.45112099619, 0.023770082641, 0.17710156187],
      [0.033043923459, 0.18447970123, 0.0050206182769, 0.42326778188, 0.35418797516]
    ],
    [
      [0, 3.9551695252e-16, 0.85384124292, 0.0053465068672, 0.14081225021],
      [0, 0.15925955631, 0.68307549403, 0.13118460997, 0.026480339683],
      [5.8550160832e-17, 0, 0.14402712203, 0.80711124721, 0.048861630763],
      [4.461255178e-18, 0, 0, 1, 1.6221586556e-18],
      [0, 0.021232062325, 0.51598093046, 0.034519274511, 0.4282677327],
      [2.7755575616e-17, 0.074816396947, 0.00097072311011, 0.42780799809, 0.49640488185]
    ],
    [
      [0.00013271373843, 1.3453906712e-05, 0.95336841305, 0.0029083897348, 0.043577029575],
      [0.0016285507546, 0.3339644528, 0.63521178432, 0.022170986891, 0.0070242252323],
      [0.047134985475, 0.032812508959, 0.70793984122, 0.19421070184, 0.017901962504],
      [0.0045512209404, 0.0020504807946, 0.010209417587, 0.97824708471, 0.00494179597],
      [0.3148940243, 0.034594777155, 0.51823407387, 0.020057124251, 0.11222000042],
      [0.036303134408, 0.23360897037, 0.0077699218166, 0.47367735339, 0.24864062001]
    ],
    [
      [9.3826102942e-06, 2.9598403805e-05, 0.96282612003, 0.0015298481578, 0.035605050803],
      [0.00025212776866, 0.28114690665, 0.70060768709, 0.0120451839, 0.0059480945862],
      [0.011802227096, 0.029014439734, 0.79712654866, 0.14686240575, 0.015194378756],
      [0.00031805609402, 0.0074212241666, 0.056154439622, 0.93302800863, 0.0030782714881],
      [0.10424297218, 0.036774724734, 0.71852862569, 0.014290510802, 0.12616316659],
      [0.011124527312, 0.23691857095, 0.014288593791, 0.46350703613, 0.27416127181]
    ],
    [
      [0, 0, 0.96103402558, 0, 0.038965974423],
      [0.00084598632323, 0.31329769958, 0.66943355179, 0.0098957123246, 0.0065270499783],
      [0.025245070507, 0.036692028184, 0.79606712708, 0.12480012457, 0.017195649664],
      [0.0022534921655, 0.0055231198546, 0.047806705598, 0.9398276233, 0.004589059077],
      [0.18922120826, 0.040002019487, 0.64553891957, 0.004124832649, 0.12111302004],
      [0.022053866994, 0.25771742849, 0.013520578647, 0.43820332775, 0.26850479813]
    ],
    [
      [0, 0, 0.96445716808, 0, 0.03554283192],
      [0.0016615898228, 0.25096495949, 0.73221113663, 0.0087119112775, 0.0064504027758],
      [0.033067856177, 0.024473649202, 0.80337530592, 0.12356439952, 0.015518789177],
      [0.0045365113612, 0.0027327416382, 0.059589496711, 0.92888235225, 0.0042588980432],
      [0.22969761686, 0.027671742175, 0.62994746193, 0.0052391764452, 0.10744400259],
      [0.030159667141, 0.20810003871, 0.015247820953, 0.47802002257, 0.26847245062]
    ],
    [
      [0, 0, 0.95022711355, 0.010104319707, 0.039668566748],
      [0, 0.36844050545, 0.58238365833, 0.043865678082, 0.0053101581311],
      [0.012400791098, 0.017828204536, 0.514036555, 0.44478051931, 0.010953930056],
      [0, 0, 0, 1, 0],
      [0.20166804399, 0.046607080399, 0.59474778523, 0.038796374036, 0.11818071634],
      [0.016243391613, 0.23019497934, 0.0011324321018, 0.56261321066, 0.18981598628]
    ],
    [
      [0, 0, 0.96258094895, 0.0030658077894, 0.034353243263],
      [0.00057989259744, 0.15086645297, 0.81173385504, 0.030187012208, 0.0066327871795],
      [0.015714797983, 0.0035142990434, 0.71232604182, 0.25586085329, 0.012584007861],
      [0, 0, 0, 1, 0],
      [0.17725844767, 0.01543859409, 0.66811530206, 0.026183076561, 0.11300457962],
      [0.020126534654, 0.10594120764, 0.010354425085, 0.61138006432, 0.2521977683]
    ],
    [
      [0, 5.9288221895e-07, 0.96254911709, 0.0028521596262, 0.034598130403],
      [0.00022925237098, 0.34488847961, 0.61990792849, 0.029965817021, 0.0050085225135],
      [0.010908121319, 0.021095156366, 0.61886269316, 0.33828208684, 0.01085194231],
      [0, 0, 0, 1, 0],
      [0.2243126334, 0.041652660887, 0.59993945538, 0.031644737891, 0.10245051245],
      [0.021197911114, 0.23871272266, 0.0064402774077, 0.54247765518, 0.19117143364]
    ],
    [
      [0, 0, 0.94044470305, 0.0054080016252, 0.054147295327],
      [1.4244212195e-05, 0.34364940436, 0.61594770397, 0.032248418341, 0.0081402291155],
      [0.013188336376, 0.031088820787, 0.62554537596, 0.31014364469, 0.020033822191],
      [0, 0, 0, 0.99851168926, 0.0014883107408],
      [0.17282212467, 0.041483937444, 0.58813465899, 0.036162512455, 0.16139676644],
      [0.014958849113, 0.21685770373, 0.0032808103862, 0.48995428527, 0.2749483515]
    ],
    [
      [6.2276970349e-05, 5.9332450167e-05, 0.96539045391, 0.0021715217167, 0.032316414957],
      [0.0016728441256, 0.4097621656, 0.56475632906, 0.019289605133, 0.0045190560869],
      [0.055078047029, 0.04363244262, 0.69805781946, 0.19055872942, 0.012672961475],
      [0.0050011818246, 0.0038794526688, 0.015050670541, 0.97292824599, 0.0031404489742],
      [0.36508332608, 0.044147417397, 0.49338336708, 0.017875642072, 0.079510247378],
      [0.041429467625, 0.30658187807, 0.0083629376022, 0.4609512198, 0.18267449691]
    ],
    [
      [0, 0, 0.93733497594, 0.0039062596108, 0.058758764445],
      [0.00080385102576, 0.297429668, 0.65919484205, 0.032722312803, 0.0098493261226],
      [0.032977499057, 0.019127346142, 0.6238183679, 0.30107855287, 0.022998234039],
      [0, 0, 0, 0.99580329391, 0.0041967060877],
      [0.26360073684, 0.02933795632, 0.52288238639, 0.027754597916, 0.15642432253],
      [0.025707893779, 0.17480798878, 0.0029951747171, 0.49417275145, 0.30231619128]
    ],
    [
      [0, 0, 0.93632410907, 0.0065759132613, 0.057099977667],
      [9.278740701e-05, 0.2531145244, 0.69960785893, 0.037615368554, 0.0095694607025],
      [0.00087084027132, 0.0021311683571, 0.51822414248, 0.46752700984, 0.011246839047],
      [0, 0, 0, 1, 0],
      [0.14069522292, 0.027126789454, 0.61323065905, 0.039528723599, 0.17941860498],
      [0.011606503086, 0.14194494938, 0.0029456732353, 0.54301102618, 0.30049184813]
    ],
    [
      [0, 0, 0.96909045802, 0.0066440500435, 0.024265491934],
      [1.911763994e-05, 0.28105129405, 0.67465244113, 0.04051673087, 0.003760416304],
      [0, 0, 0.27240309865, 0.72759690135, 0],
      [0, 0, 0, 1, 0],
      [0.051660412089, 0.014662595666, 0.74041338122, 0.13475139138, 0.058512219646],
      [0.0053524983877, 0.16992831137, 0.0023677637429, 0.69482589488, 0.12752553161]
    ],
    [
      [0.00078142696339, 0, 0.9393570834, 0.0010429296145, 0.058818560026],
      [0.0028745666264, 0.2798185293, 0.68677965288, 0.019989432209, 0.010537818982],
      [0.066391160831, 0.024225680109, 0.71310862855, 0.17058775212, 0.025686778385],
      [0.013612309006, 0.0012469817047, 0.023244364509, 0.95128741344, 0.010608931341],
      [0.38247543545, 0.022167421926, 0.44846532431, 0.012106185071, 0.13478563323],
      [0.048076324258, 0.17329343047, 0.0083413708876, 0.42804715877, 0.34224171562]
    ],
    [
      [0, 2.7975105876e-05, 0.95403938787, 0.0064120672908, 0.039520569733],
      [2.5448907065e-05, 0.35394885737, 0.61506353938, 0.025202953705, 0.0057592006437],
      [0.011264752501, 0.04582222534, 0.72763092573, 0.19970163191, 0.015580464515],
      [0, 0, 0, 0.99863576653, 0.0013642334664],
      [0.17131856586, 0.045310348847, 0.63227137379, 0.025345394522, 0.12575431698],
      [0.015705070393, 0.25820280705, 0.0071578498348, 0.48110095989, 0.23783331283]
    ],
    [
      [0, 0, 0.97046176961, 0.0059623530134, 0.023575877374],
      [0.00039376792302, 0.3421693404, 0.53151233667, 0.12311873901, 0.0028058159913],
      [0.0021832242611, 0, 0.31284135485, 0.68449843652, 0.00047698436171],
      [0, 0, 0, 1, 0],
      [0.4683274235, 0.038200310923, 0.41121964419, 0.03300078605, 0.049251835338],
      [0.045085493183, 0.25454082172, 0.0025882074271, 0.59267976274, 0.10510571493]
    ],
    [
      [1.2325951644e-32, 0, 0.96921537814, 0.0044045507353, 0.026380071124],
      [0, 0.25338208549, 0.718391306, 0.023858950212, 0.0043676582917],
      [1.4571303027e-33, 0, 0.7458075377, 0.2541924623, 0],
      [0, 0, 0, 1, 0],
      [0, 0.030413555245, 0.82166245825, 0.027445311502, 0.120478675],
      [0, 0.17905108982, 0.0039714078462, 0.60478410344, 0.2121933989]
    ],
    [
      [0, 0, 0.94009686013, 0.0063153513299, 0.053587788538],
      [0.0024282636895, 0.36585357402, 0.58375288009, 0.040233980947, 0.0077313012577],
      [0.056560032645, 0, 0.32379310094, 0.60293788721, 0.016708979206],
      [0, 0, 0, 1, 0],
      [0.50014794897, 0, 0.34497228074, 0.059833525449, 0.095046244846],
      [0.054250909641, 0.1747968231, 0.00096998997885, 0.56527127378, 0.20471100351]
    ],
    [
      [0, 0, 0.95365199342, 0.0048649632178, 0.041483043365],
      [0.00030442632791, 0.39978227808, 0.56405618332, 0.030175743576, 0.0056813686973],
      [0.030256923402, 0.041224285462, 0.6156445667, 0.29761146592, 0.015262758516],
      [0, 0, 0, 0.99829993944, 0.001700060556],
      [0.29764724897, 0.046208209711, 0.51655814851, 0.032192104635, 0.10739428818],
      [0.028990672171, 0.27006755135, 0.0044971341685, 0.49141614197, 0.20502850034]
    ],
    [
      [4.3639493578e-05, 2.2808350938e-05, 0.93634456309, 0.0019873201549, 0.061601668908],
      [0.0017479988907, 0.27484999388, 0.68855950199, 0.023919843018, 0.010922662219],
      [0.058883786718, 0.01762121604, 0.69985462701, 0.19867043003, 0.024969940201],
      [0, 0, 0, 0.99486982083, 0.0051301791668],
      [0.43624058988, 0.016878332944, 0.39607874001, 0.01445243015, 0.13634990702],
      [0.037456226052, 0.14623079022, 0.0040948422332, 0.4312100229, 0.38100811859]
    ],
    [
      [0, 0, 0.92758596311, 0.0054994736485, 0.066914563246],
      [0.0020768893636, 0.48414622516, 0.47836676133, 0.027237179044, 0.0081729450984],
      [0.076319506807, 0.045527623217, 0.31496840144, 0.54072051956, 0.022463948976],
      [0, 0, 0, 0.99739163931, 0.0026083606859],
      [0.46289882822, 0.042777463208, 0.35057885688, 0.021219429225, 0.12252542247],
      [0.041642766486, 0.25621627386, 0.002811739541, 0.46056572605, 0.23876349407]
    ],
    [
      [0, 6.2181450527e-05, 0.97102668778, 0.0021294584161, 0.026781672357],
      [0.00060366724673, 0.39967583977, 0.5775423623, 0.018483044043, 0.0036950866433],
      [0.028624133778, 0.045671563627, 0.73237045338, 0.18284203813, 0.010491811086],
      [0, 0.004787107719, 0.020299377296, 0.97337528405, 0.0015382309335],
      [0.25500325991, 0.05044343326, 0.59560944005, 0.019265883449, 0.079677983339],
      [0.025410996013, 0.32186366406, 0.0091053512831, 0.47375193852, 0.16986805013]
    ],
    [
      [0, 0, 0.85353216089, 0.0040114328803, 0.14245640623],
      [0.00081785870473, 0.30119427224, 0.63415253767, 0.039216029463, 0.024619301917],
      [0.013930847746, 0, 0.43245079461, 0.49972947885, 0.053888878792],
      [0, 0, 0, 0.99736606364, 0.0026339363578],
      [0.20109473672, 0, 0.4047137871, 0.046914717672, 0.3472767585],
      [0.012066456306, 0.096417183267, 0.003294747792, 0.36013637347, 0.52808523917]
    ],
    [
      [0, 0, 0.98321031644, 0, 0.016789683561],
      [0.001314233049, 0.21056044491, 0.77332982579, 0.011816349801, 0.0029791464486],
      [0.031677178627, 0.018785830679, 0.80605228124, 0.13666633851, 0.0068183709386],
      [0.0037916507792, 0.0011514810998, 0.067645322094, 0.92624379366, 0.0011677523714],
      [0.24484451673, 0.022959655049, 0.66764720752, 0.010900627149, 0.053647993558],
      [0.036836158844, 0.20481666205, 0.01666847201, 0.583170098, 0.1585086091]
    ],
    [
      [0, 0, 0.97929202231, 0.020707977694, 0],
      [0, 0.19704381632, 0.65413891352, 0.14881727016, 0],
      [0, 0, 0.28814797371, 0.71185202629, 0],
      [0, 0, 0, 1, 0],
      [0, 0.043287701185, 0.91410414265, 0.042608156162, 0],
      [0, 0.2118247347, 0.004828410451, 0.78334685485, 0]
    ],
    [
      [0, 0, 0.93443915115, 0.0093174259016, 0.056243422945],
      [0, 0.27229689117, 0.67405977417, 0.04460492885, 0.0090384058023],
      [0.0079883365932, 0, 0.49911112943, 0.47653650006, 0.016364033922],
      [0, 0, 0, 1, 0],
      [0.18786296501, 0.028628745226, 0.57758733753, 0.03961420299, 0.16630674924],
      [0.015878099647, 0.15319907433, 8.2491083799e-05, 0.54737756309, 0.28346277185]
    ],
    [
      [8.7601315635e-05, 9.4848603229e-05, 0.92508035618, 0.0034487315847, 0.071288462315],
      [0, 0.52227377518, 0.28814874833, 0.18229671373, 0.0072807627683],
      [0.058519603773, 0.065375528744, 0.56114145956, 0.29197313487, 0.022990273053],
      [0, 0, 0, 0.99634830702, 0.0036516929844],
      [0.48708533761, 0.05332551017, 0.31389526019, 0.024123515494, 0.12157037653],
      [0.040748602185, 0.30850899914, 0.0028038385181, 0.41504103429, 0.23289752586]
    ],
    [
      [1.1102230246e-16, 7.0846538601e-05, 0.92275554061, 0.0028682843218, 0.07430532853],
      [1.3877787808e-17, 0.46138323541, 0.38335133524, 0.14656397522, 0.0087014541361],
      [0, 0.056200245083, 0.6534009833, 0.26264084368, 0.027757927943],
      [0, 0, 0, 0.99666544981, 0.0033345501882],
      [0, 0.080760979139, 0.63202067317, 0.031689547467, 0.25552880022],
      [0, 0.27187632341, 0.0017875241732, 0.42138826471, 0.30494788771]
    ],
    [
      [0.00038487179962, 0, 0.94403812758, 0.0039987116575, 0.05157828896],
      [0.0028735011991, 0.42347103738, 0.54108003271, 0.024960789262, 0.0076146394474],
      [0.10703611798, 0.043424756294, 0.61755677901, 0.21218451817, 0.019797828548],
      [0.00023516674689, 0.0015357923326, 0, 0.9910253226, 0.0072037183205],
      [0.43202386655, 0.038904789357, 0.40158302217, 0.020746852007, 0.10674146991],
      [0.048042468245, 0.26639916681, 0.0032805373144, 0.44365775504, 0.23862007259]
    ],
    [
      [6.1866517298e-05, 0.00014658511528, 0.94041228015, 0.0034519254236, 0.05592734279],
      [0.0018693712427, 0.52581284279, 0.44186640695, 0.023844550654, 0.0066068283555],
      [0.086567006792, 0.086762560838, 0.54998972467, 0.2565290133, 0.0201516944],
      [0, 0, 0, 0.99366970112, 0.0063302988847],
      [0.43635753692, 0.057901454743, 0.37482466571, 0.023732971958, 0.10718337067],
      [0.043047393843, 0.32983266622, 0.0026144211989, 0.42207186836, 0.20243365038]
    ],
    [
      [0, 0, 0.96130929361, 0.0027766873687, 0.03591401902],
      [0.0010457507136, 0.29282686668, 0.67586896337, 0.024330825478, 0.0059275937619],
      [0.036160117718, 0.026171373473, 0.71999504859, 0.20360871581, 0.014064744409],
      [0.0016291789954, 0.00058958783949, 0.0142473961, 0.98084235457, 0.0026914824927],
      [0.2715223584, 0.030899098319, 0.57143351526, 0.024783715254, 0.10136131276],
      [0.031482696658, 0.21483969656, 0.0086123739215, 0.51688319139, 0.22818204147]
    ],
    [
      [2.3940059822e-05, 0, 0.90127539142, 0.0026053339992, 0.096095334521],
      [0.0024013921615, 0, 0.93632684842, 0.037356648889, 0.023915110534],
      [0.071841278482, 0, 0.59758380062, 0.29128703933, 0.039287881571],
      [0, 0, 0, 0.99210932271, 0.0078906772864],
      [0.34066654928, 0, 0.41876568928, 0.017925565243, 0.2226421962],
      [0.03317633591, 0, 0.0048630837481, 0.45215595998, 0.50980462036]
    ],
    [
      [0.00033959428432, 0.00016393356602, 0.94249796298, 0.0025336591974, 0.054464849969],
      [0.0039910955266, 0.48127280806, 0.48715704766, 0.019926954166, 0.0076520945924],
      [0.09275126475, 0.053786671142, 0.62887670189, 0.20398271866, 0.020602643555],
      [0.014144476356, 0.0068022711544, 0.00094198823259, 0.96899571182, 0.0091155524417],
      [0.49593886913, 0.042984522206, 0.34827233908, 0.014488445879, 0.098315823706],
      [0.056680385107, 0.30220317078, 0.0039296224148, 0.40643876902, 0.23074805268]
    ],
    [
      [0, 0, 0.972709709, 0.0014640929529, 0.025826198046],
      [0.0012751663525, 0.2687919323, 0.70756652223, 0.018168582162, 0.0041977969592],
      [0.035889745454, 0.024456761309, 0.76303151361, 0.16645820978, 0.010163769844],
      [0.0030574847161, 0.00033681335541, 0.03771340761, 0.95745435454, 0.0014379397752],
      [0.26952538063, 0.028726634142, 0.60978561152, 0.015500089658, 0.076462284047],
      [0.034789173053, 0.22427828568, 0.012755641678, 0.53287475807, 0.19530214152]
    ],
    [
      [0, 0, 0.99934386835, 0.00065613165353, 0],
      [0, 0, 1, 0, 0],
      [0, 0, 1, 0, 0],
      [0, 0, 0.23094534805, 0.76905465195, 0],
      [0, 0, 0.98843049019, 0.011569509811, 0],
      [0, 0, 0.076218607805, 0.92378139219, 0]
    ],
    [
      [0, 9.3948637022e-05, 0.98456320166, 0.0052558958624, 0.010086953838],
      [0.00078268762655, 0.56452037788, 0.40963263497, 0.024087981768, 0.00097631775365],
      [0.03462207697, 0.087819438771, 0.48968609036, 0.38462756835, 0.0032448255465],
      [0, 0, 0, 0.99979921814, 0.00020078186236],
      [0.45086376543, 0.072979041503, 0.42399478507, 0.031123760368, 0.021038647625],
      [0.041628072786, 0.42162864621, 0.0015976969958, 0.49522138241, 0.039924201599]
    ],
    [
      [0, 0, 0.95249899975, 0.0025067269368, 0.044994273311],
      [0, 0.23720211945, 0.72941607335, 0.025674035311, 0.0077077718976],
      [0, 0.015079398442, 0.77631348602, 0.19017400308, 0.018433112455],
      [0, 0, 0.010204871148, 0.98762170092, 0.0021734279334],
      [2.7755575616e-17, 0.030503999481, 0.76714338048, 0.022737641065, 0.17961497897],
      [3.8286678306e-33, 0.16460136274, 0.0095323396, 0.48713896965, 0.33872732801]
    ],
    [
      [0, 0, 0.96595975878, 0, 0.034040241224],
      [0.0013219700018, 0.21176997657, 0.76485542331, 0.015672694228, 0.0063799358939],
      [0.031047313351, 0.018830322452, 0.78992370854, 0.14566712532, 0.014531530334],
      [0.0042443153366, 0.0010232626308, 0.055697872177, 0.93533437523, 0.0037001746257],
      [0.22594201266, 0.022307127479, 0.63627815801, 0.010963997063, 0.10450870479],
      [0.030292482295, 0.17375823612, 0.014108190406, 0.51486638097, 0.26697471021]
    ],
    [
      [1.6520801219e-05, 1.6659374955e-05, 0.96088592176, 0.0009262775435, 0.038154620524],
      [0.0008329425066, 0.25341767985, 0.72239492703, 0.016637886519, 0.0067165640999],
      [0.025483336782, 0.023887037047, 0.77453870876, 0.16012334863, 0.015967568782],
      [0.0018764487237, 0.0018741440067, 0.040970107164, 0.95168044095, 0.0035988591538],
      [0.1969393554, 0.028651309165, 0.63975343242, 0.015468878, 0.11918702502],
      [0.023420710573, 0.19846245587, 0.0122393273, 0.49277277619, 0.27310473007]
    ],
    [
      [0, 0, 0.97822627551, 0, 0.02177372449],
      [0.00072270454315, 0.27577992968, 0.70971932095, 0.010163572364, 0.0036144724628],
      [0.022873809427, 0.029060126704, 0.83538160142, 0.10413623669, 0.0085482257564],
      [0.0019866093015, 0.0036642994694, 0.065900091323, 0.92654779244, 0.0019012074616],
      [0.18401731862, 0.035039883285, 0.70423979711, 0.0041557887602, 0.072547212227],
      [0.02461929944, 0.26807429695, 0.016886854733, 0.50465826866, 0.18576128022]
    ],
    [
      [5.2674183979e-32, 0, 0.9746934756, 0.0032790700521, 0.022027454348],
      [0, 0.2670862765, 0.44254819333, 0.28682425604, 0.0035412741358],
      [0, 0.022175512799, 0.71732429616, 0.25197989302, 0.0085202980294],
      [0, 0, 0, 1, 0],
      [1.7350061204e-48, 0.037879399258, 0.83029633465, 0.037806708334, 0.094017557758],
      [0, 0.074611897226, 0, 0.81872093629, 0.10666716648]
    ],
    [
      [0, 3.3990297998e-05, 0.9985409727, 0.0014250369996, 0],
      [0, 0.4269202584, 0.55999215825, 0.013087583345, 0],
      [2.4651903288e-32, 0.029359296587, 0.81940913076, 0.15123157265, 0],
      [0, 0, 0.031364882469, 0.96863511753, 0],
      [0, 0.058081593437, 0.91995017172, 0.021968234846, 0],
      [0, 0.45603783893, 0.012019955511, 0.53194220556, -0]
    ],
    [
      [4.5036299242e-05, 0, 0.99131939179, 0, 0.0086355719094],
      [0.0010632148913, 0.17849116866, 0.80729524264, 0.011875728748, 0.0012746450587],
      [0.033012093436, 0.0034716354139, 0.82921889792, 0.13429737323, 0],
      [0, 0, 0.077302444819, 0.92269755518, 0],
      [0.23865308335, 0.01858099447, 0.70714060022, 0.0089490198441, 0.026676302123],
      [0.037970329265, 0.19201258296, 0.024354603524, 0.64164431416, 0.10401817009]
    ],
    [
      [0.0003435581411, 0.00035003327079, 0.92287930554, 0.001834246867, 0.074592856177],
      [0.0026411338043, 0.54711851738, 0.42628977315, 0.015454143031, 0.0084964326346],
      [0.09348980184, 0.067998833514, 0.62216363485, 0.1884974216, 0.027850308188],
      [0.015018423996, 0.014079678964, 0.012220441776, 0.94573035038, 0.012951104883],
      [0.47998713647, 0.051498574485, 0.32828550195, 0.011266434725, 0.12896235237],
      [0.049603374955, 0.33590772265, 0.0048113016008, 0.33116008014, 0.27851752065]
    ],
    [
      [3.8198279431e-05, 5.4069448112e-05, 0.93113106215, 0.002447394919, 0.066329275204],
      [0.0010484887382, 0.42648277202, 0.53974273148, 0.023286705668, 0.0094393020941],
      [0.043259401254, 0.044585808612, 0.6676256402, 0.2189491535, 0.025579996425],
      [0.00018238705816, 0.002157466965, 0.0011262507885, 0.98883734653, 0.0076965486552],
      [0.31414349468, 0.044754295908, 0.46130701554, 0.019619778761, 0.1601754151],
      [0.025820273268, 0.24957803551, 0.0042565776642, 0.42483306407, 0.29551204949]
    ],
    [
      [0, 0, 0.9428939189, 0.004235585901, 0.052870495203],
      [0.0008559413561, 0.35361960474, 0.60726019565, 0.030194941107, 0.0080693171411],
      [0.03795812539, 0.028235194702, 0.61452032245, 0.29920439955, 0.020081957899],
      [0, 0, 0, 0.99666571815, 0.0033342818466],
      [0.30317895838, 0.036157058745, 0.49600413595, 0.03148740749, 0.13317243944],
      [0.030378818294, 0.21909155274, 0.004108953794, 0.48655687524, 0.25986379993]
    ],
    [
      [0, 1.9042836616e-05, 0.97329808615, 0.0015415920364, 0.025141278973],
      [0.00024436967345, 0.29232891103, 0.68581195506, 0.017587597741, 0.0040271665021],
      [0.0097489112899, 0.032167112816, 0.78345651266, 0.16431541691, 0.010312046323],
      [0, 0.0028874440668, 0.037581392718, 0.95877891894, 0.00075224427621],
      [0.1114916618, 0.040105287835, 0.73937172383, 0.019084466937, 0.089946859606],
      [0.01227799777, 0.2600667437, 0.012841937499, 0.52141447771, 0.19339884332]
    ],
    [
      [0, 0, 1, 0, 0],
      [0, 0, 0.99389161575, 0.0061083842529, 0],
      [3.469446952e-17, 0, 0.96313107656, 0.036868923439, 0],
      [0, 0, 0.0070349448238, 0.99296505518, 0],
      [9.3675067703e-17, 0, 0.99100748486, 0.0089925151387, 0],
      [6.4184768611e-17, 0, 0.0078820444839, 0.99211795552, 0]
    ],
    [
      [0, 0, 0.96912250004, 0, 0.030877499958],
      [0.0013078853537, 0.24174769932, 0.74923605878, 0.0021066955586, 0.0056016609841],
      [0.027235222441, 0.025838699702, 0.8582644967, 0.074981173716, 0.013680407436],
      [0.0042944522846, 0.0045748014598, 0.088117670981, 0.89898070593, 0.0040323693441],
      [0.18737250262, 0.028663875756, 0.68381485268, 0, 0.10014876894],
      [0.026455837949, 0.22585081242, 0.018644500118, 0.46269341493, 0.26635543458]
    ],
    [
      [0, 0, 0.97132144073, 0, 0.028678559274],
      [0.0010912801285, 0.15194429972, 0.82792834709, 0.013531434629, 0.0055046384357],
      [0.025011026596, 0.011752813261, 0.81771665334, 0.13386246031, 0.011657046502],
      [0.0028457379755, 0, 0.066747910896, 0.92855028674, 0.0018560643878],
      [0.19007478964, 0.015803228388, 0.69000226838, 0.0093320623897, 0.094787651195],
      [0.027408416767, 0.13468733022, 0.017199836089, 0.55858780789, 0.26211660904]
    ],
    [
      [0, 0, 0.97756962524, 0.0015489689827, 0.020881405781],
      [0, 0.24701871876, 0.73100480176, 0.018873104064, 0.0031033754209],
      [0.015988691691, 0.024266296544, 0.78470411103, 0.16713630126, 0.0079045994755],
      [0, 0.00033899829608, 0.038104134166, 0.96139083095, 0.00016603658823],
      [0.15622385805, 0.031048698374, 0.72108506518, 0.019054878172, 0.072587500226],
      [0.019122580663, 0.22294580571, 0.013904776913, 0.57177024353, 0.17225659319]
    ],
    [
      [0, 0, 0.9592143792, 0, 0.040785620804],
      [0.0017601309327, 0.27015960596, 0.71780197415, 0.0028019185633, 0.0074763704003],
      [0.035514783474, 0.030555185323, 0.84685983199, 0.067304158018, 0.01976604119],
      [0.0057567306402, 0.0053086397906, 0.077195071396, 0.90519019539, 0.0065493627877],
      [0.22376832809, 0.030571347318, 0.6236791804, 0, 0.12198114419],
      [0.030293271656, 0.23169363077, 0.016868165819, 0.40933333041, 0.31181160134]
    ],
    [
      [0, 0, 0.98356080573, 0, 0.016439194271],
      [0.00054850321354, 0.17276766841, 0.82595534526, 0, 0.00072848311705],
      [0.017966629439, 0.014487407446, 0.85512425223, 0.10667087363, 0.0057508372579],
      [0.0014238431554, 0.0014417194672, 0.084491524766, 0.91264291261, 0],
      [0.15322404174, 0.020350301859, 0.75062113814, 0.0056680033411, 0.070136514916],
      [0.02262740574, 0.17900280554, 0.024769556684, 0.57100966287, 0.20259056916]
    ],
    [
      [0, 0, 0.97573206368, 0, 0.024267936325],
      [0.00084775826064, 0.31032754478, 0.67823653119, 0.0068303751815, 0.0037577905819],
      [0.028186879835, 0.034842701378, 0.80045419414, 0.12689091104, 0.0096253136116],
      [0.0022278512972, 0.006379660996, 0.060520151, 0.92892806581, 0.0019442709014],
      [0.22057859014, 0.039212207858, 0.65763056067, 0.006240209652, 0.07633843168],
      [0.027717465897, 0.28087382463, 0.015732396095, 0.48906945314, 0.18660686023]
    ],
    [
      [0, 0, 0.96002598446, 0.0016341131872, 0.038339902356],
      [0.00099207678363, 0.18987478489, 0.78123734883, 0.020587161874, 0.0073086276167],
      [0.028840275082, 0.013560001285, 0.77513816364, 0.16627168835, 0.016189871644],
      [0.0015285948077, 0, 0.034845107626, 0.96015772943, 0.0034685681334],
      [0.201062994, 0.019827720313, 0.6416922091, 0.017174725005, 0.12024235159],
      [0.025450314651, 0.14665180355, 0.012461155335, 0.52375914885, 0.29167757761]
    ],
    [
      [0, 0.00017823766453, 0.96324747921, 0.0030918900887, 0.033482393032],
      [0.00020633504813, 0.34125642973, 0.63251028172, 0.02100143521, 0.0050255182889],
      [0.02461751262, 0.037989309853, 0.7387267448, 0.18562173402, 0.013044698707],
      [0, 0.0052551357645, 0.021562734824, 0.97085318477, 0.0023289446382],
      [0.20657207515, 0.043854309246, 0.62614836887, 0.020954263358, 0.10247098337],
      [0.022112523956, 0.26878458496, 0.0095893820848, 0.48814249016, 0.21137101883]
    ],
    [
      [0, 0, 0.96799026189, 0, 0.032009738108],
      [0.0010159658325, 0.34252358472, 0.6459661828, 0.005360752606, 0.0051335140406],
      [0.028478824197, 0.042055176972, 0.79386643297, 0.121758034, 0.013841531861],
      [0.0030896378599, 0.011364127155, 0.066154461994, 0.91538706942, 0.0040047035701],
      [0.21396811945, 0.044068925084, 0.63546910267, 0.008017420658, 0.098476432136],
      [0.025124962635, 0.29526029985, 0.013597542153, 0.44032155361, 0.22569564175]
    ],
    [
      [0, 0, 0.97452983415, 0, 0.025470165851],
      [0.0016815232408, 0.25477368728, 0.7341984188, 0.004969777345, 0.0043765933354],
      [0.033074140482, 0.025873476107, 0.8207780029, 0.10977293297, 0.010501447544],
      [0.0048382103764, 0.0036543560309, 0.071623916272, 0.91738590007, 0.0024976172481],
      [0.23457354915, 0.029382243891, 0.65462324527, 0.0025158042406, 0.078905157443],
      [0.033100052708, 0.23495472701, 0.017561772535, 0.50273034091, 0.21165310684]
    ],
    [
      [2.0866775544e-05, 1.670396698e-05, 0.97681501562, 0.0021560398793, 0.020991373758],
      [0.00079701450508, 0.19855265152, 0.76939851714, 0.027391921304, 0.0038598955323],
      [0, 0, 0.74392287845, 0.25607712155, 0],
      [0, 0, 0, 1, 0],
      [0.24305995007, 0.018697362458, 0.64402233373, 0.0244911366, 0.069729217141],
      [0.0052332341381, 0.10562104943, 0.033099847712, 0.71337320065, 0.14267266807]
    ],
    [
      [0, 0, 0.98674810118, 0.01325189882, 0],
      [0.0031610556753, 0.64491711307, 0.33640792716, 0.015513904103, 0],
      [0.19708420147, 0.024169562736, 0.25993892411, 0.51880731168, 0],
      [0, 0, 0, 1, 0],
      [0.9999578804, 4.9444046033e-06, 3.5499399894e-05, 1.6757998959e-06, 0],
      [0.10583159705, 0.45166087453, 0, 0.44250752842, 0]
    ],
    [
      [7.4827008029e-05, 0, 0.94644259422, 0.001829897931, 0.051652680845],
      [0.001453346593, 0.24096103223, 0.72684310827, 0.021073110597, 0.009669402306],
      [0.035502998006, 0.021482373595, 0.74606645116, 0.17451292069, 0.022435256551],
      [0.0041817456368, 0.00059152489947, 0.026364257706, 0.96214981472, 0.0067126570347],
      [0.24366399391, 0.024076263695, 0.56987300639, 0.016712024544, 0.14567471147],
      [0.028968496261, 0.16511528689, 0.010004891737, 0.46935606133, 0.32655526379]
    ],
    [
      [0, 0.00020777031079, 0.965994174, 0.0020927863497, 0.031705269336],
      [0.00073223713986, 0.41029901519, 0.56580523909, 0.018691189939, 0.0044723186354],
      [0.038673483274, 0.049349235721, 0.71374688287, 0.1856631285, 0.012567269638],
      [0.0011640154169, 0.01008333668, 0.018246502737, 0.96759241387, 0.0029137312994],
      [0.28781305771, 0.051890304302, 0.55567124261, 0.018277759979, 0.086347635399],
      [0.030481402926, 0.31983694156, 0.0083607386234, 0.46165548076, 0.17966543613]
    ],
    [
      [9.3371589098e-05, 0.00034750543778, 0.96290384318, 0.0016117830317, 0.035043496763],
      [0.0015599722818, 0.37291323768, 0.6032840069, 0.016727497986, 0.0055152851462],
      [0.044318773095, 0.043113418944, 0.72424270359, 0.17368731974, 0.014637784625],
      [0.0041032652911, 0.0085095467787, 0.02597933183, 0.95713799549, 0.0042698606083],
      [0.30332159857, 0.043859005219, 0.54427887085, 0.015678826475, 0.09286169889],
      [0.035340303846, 0.28842535974, 0.0093609628777, 0.46164306286, 0.20523031068]
    ],
    [
      [0, 0, 0.9421200987, 0.0061446508764, 0.051735250423],
      [0, 0.31572034825, 0.57308993328, 0.10336653478, 0.0078231836848],
      [0, 0.031156708028, 0.72430733985, 0.22364558016, 0.020890371964],
      [0, 0, 0, 0.9971320343, 0.0028679657003],
      [0, 0.047562043044, 0.73174410428, 0.027288509156, 0.19340534352],
      [0, 0.2145826477, 0.0040030480336, 0.48556800604, 0.29584629822]
    ]
  ],
  "expected_outcome": [
    [
      [0, 0, 0, 0, 1.4799225244e-05, 0.00048011980066, 0, 0, 0, 0, 0.005237734788, 0, 0.0019907060764, 0, 0, 0, 0, 0, 0, 0, 6.2276970349e-05, 0, 0, 0, 0.0046885617803, 0, 0, 1.2325951644e-32, 0, 0, 0, 0, 0, 0, 0, 0, 0, 0, 0, 0.0019243589981, 0.00043306562108, 0, 2.3940059822e-05, 0.00067918856864, 0, 0, 0, 0, 0, 0.00037997842803, 0, 5.2674183979e-32, 0, 0.00022518149621, 0.0010306744233, 0, 0, 0, 0, 0, 0, 0, 0, 0, 0, 0, 0, 0, 0, 0, 0, 0.0061358146584, 0, 0.0031746340293, 0],
