{
  "X": [
    [93, 348, 407, 61],
    [7, 35, 78, 21],
    [26, 227, 294, 49],
    [6, 23, 13, 1],
    [23, 308, 160, 31],
    [91, 307, 189, 33],
    [193, 666, 517, 114],
    [30, 176, 228, 33],
    [74, 533, 573, 95],
    [25, 149, 192, 26],
    [61, 557, 325, 63],
    [30, 99, 142, 14],
    [48, 549, 273, 58],
    [68, 461, 293, 66],
    [27, 311, 182, 45],
    [48, 308, 274, 37],
    [25, 244, 198, 39],
    [74, 242, 516, 55],
    [29, 71, 382, 31],
    [49, 160, 421, 50],
    [27, 141, 357, 34],
    [53, 255, 619, 75],
    [52, 216, 218, 42],
    [152, 353, 615, 69],
    [143, 427, 627, 92],
    [33, 127, 75, 17],
    [7, 25, 38, 6],
    [49, 213, 625, 66],
    [24, 112, 224, 24],
    [34, 213, 426, 72],
    [65, 344, 789, 68],
    [28, 71, 284, 30],
    [48, 153, 399, 43],
    [82, 324, 657, 55],
    [46, 239, 425, 51],
    [31, 172, 269, 43],
    [40, 226, 252, 40],
    [50, 87, 217, 31],
    [130, 814, 792, 119],
    [12, 18, 35, 8],
    [0, 2, 2, 1],
    [3, 72, 166, 45],
    [174, 1163, 1363, 206],
    [32, 138, 240, 23],
    [228, 673, 1099, 131],
    [65, 252, 220, 41]
  ],
  "W": [
    [70, 364, 368, 36, 71],
    [5, 86, 33, 3, 14],
    [26, 260, 236, 24, 50],
    [3, 17, 22, 0, 1],
    [24, 130, 308, 11, 49],
    [85, 155, 312, 13, 55],
    [214, 380, 732, 28, 136],
    [32, 208, 169, 23, 35],
    [98, 478, 543, 59, 97],
    [27, 166, 154, 10, 35],
    [52, 263, 581, 19, 91],
    [30, 119, 104, 9, 23],
    [50, 224, 546, 25, 83],
    [67, 241, 480, 19, 81],
    [24, 150, 317, 18, 56],
    [45, 229, 308, 21, 64],
    [33, 159, 253, 14, 47],
    [75, 449, 254, 35, 74],
    [24, 351, 78, 23, 37],
    [49, 384, 152, 35, 60],
    [32, 319, 133, 23, 52],
    [51, 579, 244, 37, 91],
    [42, 196, 229, 24, 37],
    [143, 547, 346, 41, 112],
    [149, 555, 436, 41, 108],
    [39, 52, 127, 5, 29],
    [1, 37, 27, 3, 8],
    [31, 582, 209, 28, 103],
    [20, 179, 126, 18, 41],
    [48, 349, 230, 47, 71],
    [54, 696, 371, 46, 99],
    [17, 271, 73, 18, 34],
    [27, 382, 167, 25, 42],
    [71, 562, 321, 65, 99],
    [41, 387, 228, 42, 63],
    [35, 228, 168, 16, 68],
    [38, 215, 232, 23, 50],
    [50, 191, 94, 17, 33],
    [136, 690, 833, 52, 144],
    [17, 22, 24, 2, 8],
    [0, 3, 1, 0, 1],
    [3, 168, 76, 14, 25],
    [254, 1164, 1180, 99, 209],
    [33, 212, 143, 21, 24],
    [177, 987, 724, 61, 182],
    [86, 167, 281, 6, 38]
  ],
  "method": "mult",
  "cond_prob": [
    [
      [0.68598456606, 0.073178366493, 0.1379977063, 0.10283936116],
      [0.045305979043, 0.0099955007276, 0.90828892063, 0.0364095996],
      [0.071052247225, 0.8887830723, 0.022272057192, 0.017892623282],
      [0.0017922691005, 0.15921594086, 0.64142627157, 0.19756551847],
      [0.032083878002, 0.090636726799, 0.49909198066, 0.37818741454]
    ],
    [
      [0.5544798728, 0.084222385172, 0.13076659208, 0.23053114995],
      [0.034715859769, 0.037994939144, 0.81698092899, 0.1103082721],
      [0.0305866778, 0.90524671235, 0.033002756446, 0.031163853407],
      [0.0010808665023, 0.14796898974, 0.49191584469, 0.35903429907],
      [0.0163881235, 0.071019630789, 0.32292633212, 0.58966591359]
    ],
    [
      [0.53412239835, 0.10092582589, 0.19281239923, 0.17213937654],
      [0.018810967507, 0.0057667406228, 0.92587398744, 0.049548304426],
      [0.026964511249, 0.91110168164, 0.041802172129, 0.020131634982],
      [0.00095448733763, 0.15160803169, 0.61899985756, 0.22843762341],
      [0.016708674806, 0.084359726751, 0.47076663361, 0.42816496483]
    ],
    [
      [0.82179087262, 0.058739958233, 0.074324165008, 0.045145004134],
      [0.090738427652, 0.15948345406, 0.72354654586, 0.026231572429],
      [0.088050714114, 0.90845207563, 0, 0.0034972102598],
      [0.0030459403493, 0.22285233075, 0.61667074146, 0.15743098744],
      [0.054958401538, 0.12661574251, 0.47673622537, 0.34168963059]
    ],
    [
      [0.55210607621, 0.11442480668, 0.19462049706, 0.13884862005],
      [0.026048956387, 0.011282475361, 0.92722392201, 0.03544464624],
      [0.017687680452, 0.96378928637, 0.0092358615667, 0.0092871716154],
      [0.0010021525787, 0.17489270055, 0.63654490205, 0.18756024482],
      [0.018454297608, 0.10237067217, 0.5090481413, 0.37012688892]
    ],
    [
      [0.70269821605, 0.080219590833, 0.13662503773, 0.080457155382],
      [0.047032020255, 0.024939665238, 0.89917658231, 0.028851732198],
      [0.070506007445, 0.92323365701, 0, 0.0062603355438],
      [0.0018989374469, 0.18053475204, 0.65762299898, 0.15994331154],
      [0.035602327021, 0.1076333437, 0.53573459179, 0.32102973749]
    ],
    [
      [0.63673216345, 0.078953064297, 0.16335555452, 0.12095921773],
      [0.036098709603, 0.0092122136104, 0.91808808337, 0.036600993421],
      [0.053934178568, 0.86070232821, 0.062582234257, 0.022781258961],
      [0.0014357003783, 0.14745581671, 0.65171670779, 0.19939177512],
      [0.025748448902, 0.084121587855, 0.50816306147, 0.38196690178]
    ],
    [
      [0.5894916852, 0.10071922119, 0.17394677492, 0.1358423187],
      [0.025506178014, 0.05115596764, 0.88670363643, 0.036634217914],
      [0.029933209531, 0.91614915403, 0.037942932968, 0.015974703471],
      [0.001181309085, 0.1697548852, 0.62673593887, 0.20232786684],
      [0.021288529339, 0.09722783606, 0.49063041598, 0.39085321862]
    ],
    [
      [0.53765816048, 0.10505033296, 0.199564989, 0.15772651756],
      [0.025089032419, 0.010114636513, 0.92541954162, 0.039376789447],
      [0.013961337062, 0.92075356768, 0.047067564764, 0.018217530493],
      [0.00096444621515, 0.15651776468, 0.63507190331, 0.2074458858],
      [0.01730963325, 0.08934572938, 0.49551711568, 0.39782752169]
    ],
    [
      [0.5884283073, 0.096156535556, 0.18700048733, 0.12841466981],
      [0.021650347607, 0.0081161092859, 0.93738739292, 0.032846150189],
      [0.03100142765, 0.9108420683, 0.042448787272, 0.015707716775],
      [0.0011424875577, 0.15754925585, 0.65530670621, 0.18600155039],
      [0.020938093323, 0.091752237757, 0.52155712331, 0.36575254561]
    ],
    [
      [0.60883836515, 0.093778472174, 0.17082952891, 0.12655363376],
      [0.032858804637, 0.010477008673, 0.9200180815, 0.036646105186],
      [0.031954804195, 0.92537263668, 0.027906852992, 0.014765706138],
      [0.0012785910752, 0.16413775599, 0.6389953971, 0.19558825584],
      [0.023170383787, 0.094592823011, 0.50326719701, 0.37896959619]
    ],
    [
      [0.66692637724, 0.082488065456, 0.16852345137, 0.082062105934],
      [0.036295646554, 0, 0.94362509579, 0.020079257655],
      [0.047923952128, 0.89274618202, 0.047764320679, 0.01156554517],
      [0.0015273306705, 0.15968311038, 0.69825986314, 0.14052969581],
      [0.029356075893, 0.097504657065, 0.58265573656, 0.29048353048]
    ],
    [
      [0.57067064236, 0.10963232311, 0.18068816867, 0.13900886586],
      [0.02912926209, 0.011591235463, 0.92118915969, 0.038090342761],
      [0.020599810754, 0.96704372875, 0.0021123205878, 0.01024413991],
      [0.0011049194412, 0.17702886709, 0.62364952788, 0.19821668559],
      [0.020077030314, 0.1022933678, 0.49246571758, 0.38516388432]
    ],
    [
      [0.61044180182, 0.090092312999, 0.1619134972, 0.13755238798],
      [0.034518536398, 0.010538819352, 0.91324039436, 0.041702249894],
      [0.03516567956, 0.92087670234, 0.024515102248, 0.019442515857],
      [0.0013126157846, 0.16135310183, 0.61979150235, 0.21754278003],
      [0.023172421202, 0.090585598884, 0.47552559289, 0.41071638702]
    ],
    [
      [0.56621374605, 0.10123028185, 0.17314223246, 0.15941373964],
      [0.029643441242, 0.011068326855, 0.91414777412, 0.045140457785],
      [0.024825883195, 0.94258244342, 0.013110260053, 0.01948141333],
      [0.0010975241152, 0.16510779674, 0.60406475086, 0.22972992829],
      [0.0191927411, 0.091779451805, 0.45880897056, 0.43021883654]
    ],
    [
      [0.63364127753, 0.095146269672, 0.17185131194, 0.099361140862],
      [0.034112790521, 0.01063462929, 0.926478001, 0.028774579191],
      [0.032405801181, 0.94484374908, 0.016371257266, 0.0063791924697],
      [0.0013752177924, 0.17267954847, 0.6666700339, 0.15927519983],
      [0.026006986635, 0.1038272269, 0.5478251685, 0.32234061796]
    ],
    [
      [0.51839685603, 0.10797975077, 0.20597693412, 0.16764645908],
      [0.023158169282, 0.010056161962, 0.92635878465, 0.040426884109],
      [0.013659141099, 0.91912954983, 0.047588796646, 0.019622512428],
      [0.00088505807369, 0.15485037877, 0.63181193137, 0.21245263179],
      [0.01580002817, 0.087873554545, 0.48992301754, 0.40640339974]
    ],
    [
      [0.63243848845, 0.084962105645, 0.17688040489, 0.10571900102],
      [0.033297646246, 0, 0.93824987352, 0.028452480232],
      [0.038135675996, 0.8802865253, 0.067011153443, 0.014566645265],
      [0.0013640893573, 0.15257894865, 0.67844096131, 0.16761600068],
      [0.025436018527, 0.090470289851, 0.54991229462, 0.33418139701]
    ],
    [
      [0.62212479401, 0.078902568432, 0.18589217048, 0.11308046708],
      [0.028818591975, 0, 0.94177121021, 0.029410197814],
      [0.039088206722, 0.80749543652, 0.13692456003, 0.016491796731],
      [0.0012800057175, 0.13687473857, 0.68860039904, 0.17324485668],
      [0.023658348781, 0.080366900598, 0.55294508822, 0.3430296624]
    ],
    [
      [0.61471510241, 0.091940145395, 0.1724243508, 0.12092040139],
      [0.031838328985, 0.015478912876, 0.91858595926, 0.034096798879],
      [0.034133782221, 0.90948342629, 0.040902013289, 0.015480778204],
      [0.0012952920845, 0.16194925609, 0.64869051511, 0.18806493672],
      [0.023656192188, 0.09402209288, 0.51488207343, 0.3674396415]
    ],
    [
      [0.55486218866, 0.11201565863, 0.21163633677, 0.12148581594],
      [0.015252514688, 0.018757681832, 0.94144621853, 0.024543584953],
      [0.025447215886, 0.92001201031, 0.041644851471, 0.012895922333],
      [0.00098297359143, 0.16667359013, 0.67269698246, 0.15964645382],
      [0.018687878307, 0.10070593222, 0.55568264752, 0.32492354196]
    ],
    [
      [0.57635463642, 0.10053028395, 0.18433815475, 0.13877692488],
      [0.025067185951, 0.021310628016, 0.91625220624, 0.037369979794],
      [0.02953095015, 0.91383887038, 0.040263028542, 0.01636715093],
      [0.0011196269647, 0.16283944264, 0.63760734433, 0.19843358607],
      [0.02027510816, 0.093762177447, 0.50190193397, 0.38406078043]
    ],
    [
      [0.6613058613, 0.074291796193, 0.13656586195, 0.12783648055],
      [0.04346827489, 0.010156774594, 0.90111894441, 0.045256006105],
      [0.063846663565, 0.89103618272, 0.018552159892, 0.026564993824],
      [0.0016440082647, 0.15476420395, 0.60826839553, 0.23532339225],
      [0.028244048434, 0.0845240541, 0.45400093475, 0.43323096272]
    ],
    [
      [0.68766707718, 0.080732727693, 0.14980623656, 0.081793958567],
      [0.063578306282, 0.018564726942, 0.8951729677, 0.022683999073],
      [0.043653134485, 0.90409718755, 0.040349846776, 0.011899831187],
      [0.0017498610069, 0.17043953104, 0.67539806965, 0.1524125383],
      [0.033129871373, 0.10263095211, 0.55594399106, 0.30829518545]
    ],
    [
      [0.64439529867, 0.083387059877, 0.1584620001, 0.11375564136],
      [0.048210767973, 0.0078619285713, 0.90777049636, 0.036156807094],
      [0.039588688428, 0.90310286014, 0.041295748474, 0.016012702956],
      [0.0014856185154, 0.15944510224, 0.64707994545, 0.1919893338],
      [0.02691246074, 0.091869088037, 0.50964178154, 0.37157666968]
    ],
    [
      [0.64923457219, 0.090352203634, 0.16068659778, 0.099726626388],
      [0.036700204233, 0.010671633979, 0.92217140485, 0.030456756942],
      [0.039122299335, 0.93776097093, 0.016092232843, 0.0070244968909],
      [0.001470036141, 0.17235419504, 0.65788515682, 0.168290612],
      [0.027433064415, 0.10220430372, 0.53266104411, 0.33770158775]
    ],
    [
      [0.82457257352, 0.039412091094, 0.072433215677, 0.063582119713],
      [0.096426942247, 0.012691417962, 0.85102501408, 0.039856625711],
      [0.080531268136, 0.86516818486, 0.037022628121, 0.017277918881],
      [0.0031342343517, 0.15585883972, 0.61688341966, 0.22412350627],
      [0.052985452578, 0.082985991737, 0.44867250563, 0.41535605005]
    ],
    [
      [0.62578254928, 0.089647714294, 0.17185675119, 0.11271298524],
      [0.033620661725, 0.010750003601, 0.92449003142, 0.03113930325],
      [0.035606671264, 0.90779978091, 0.041793090925, 0.0148004569],
      [0.0013439785851, 0.16098998351, 0.65899654538, 0.17866949253],
      [0.024796991783, 0.094432475854, 0.52847168107, 0.35229885129]
    ],
    [
      [0.63411710553, 0.08045029495, 0.1858271552, 0.099605444328],
      [0.029846465857, 0, 0.94497957006, 0.025173964079],
      [0.039117355856, 0.82810488757, 0.11844707706, 0.014330679508],
      [0.0013204316557, 0.14200283176, 0.70130707651, 0.15536966007],
      [0.024941119353, 0.085212860856, 0.57522572604, 0.31462029376]
    ],
    [
      [0.49771310808, 0.099908027848, 0.21686282909, 0.18551603498],
      [0.0092101275665, 0, 0.94071918761, 0.050070684819],
      [0.025373813025, 0.85350404593, 0.099317738761, 0.021804402284],
      [0.00081868969162, 0.13731768295, 0.63673099726, 0.2251326301],
      [0.014380012401, 0.076683845079, 0.48605846394, 0.42287767858]
    ],
    [
      [0.60363275264, 0.091471528251, 0.19614967886, 0.10874604024],
      [0.025266471951, 0, 0.94882667151, 0.025906856543],
      [0.033765986708, 0.87104355196, 0.081204996549, 0.013985464788],
      [0.0011944266579, 0.15068767189, 0.68998456044, 0.15813334101],
      [0.022588304892, 0.090623704966, 0.56725465125, 0.31953333889]
    ],
    [
      [0.66828324522, 0.072403845191, 0.14871549406, 0.11059741552],
      [0.041879992206, 0, 0.92040383, 0.037716177796],
      [0.05866024365, 0.88005433898, 0.043750958676, 0.017534458693],
      [0.0016116093804, 0.14820017577, 0.65019554687, 0.19999266798],
      [0.028779417299, 0.084046021244, 0.5042664366, 0.38290812486]
    ],
    [
      [0.68126962808, 0.068501245865, 0.14103475908, 0.10919436697],
      [0.043726103208, 0, 0.9159521117, 0.040321785092],
      [0.069273289942, 0.86239740569, 0.050006978191, 0.018322326178],
      [0.001736991066, 0.14667944524, 0.64505565774, 0.20652790596],
      [0.030721057602, 0.082455082871, 0.49573328652, 0.391090573]
    ],
    [
      [0.65605440754, 0.088910518884, 0.17491546811, 0.080119605469],
      [0.036148827887, 0.0089368528644, 0.9371259194, 0.017788399846],
      [0.037885034819, 0.90850271063, 0.042979930844, 0.010632323704],
      [0.001476493879, 0.16651484006, 0.69956068238, 0.13244798367],
      [0.028761894074, 0.10315158719, 0.59240639297, 0.27568012576]
    ],
    [
      [0.61195284749, 0.096707946609, 0.17253511673, 0.11880408917],
      [0.030910747498, 0.034458567563, 0.90278982229, 0.031840862645],
      [0.032493922498, 0.91379465978, 0.039157986466, 0.014553431253],
      [0.0012817788991, 0.1693991701, 0.64556242131, 0.18375662969],
      [0.023571824255, 0.099040650271, 0.51594851392, 0.36143901155]
    ],
    [
      [0.57666289072, 0.10150797194, 0.18862015918, 0.13320897815],
      [0.019935855848, 0.025129617835, 0.92187698246, 0.033057543856],
      [0.029053511121, 0.91465166843, 0.040761633632, 0.015533186816],
      [0.0011024268332, 0.16294128663, 0.64710794457, 0.18884834197],
      [0.020188161671, 0.094840106374, 0.514833248, 0.37013848395]
    ],
    [
      [0.61733474109, 0.089611126903, 0.16827580983, 0.12477832218],
      [0.033601233236, 0.010149920547, 0.9196402468, 0.036608599421],
      [0.034913240444, 0.9144056214, 0.034154227629, 0.016526910525],
      [0.0013141408014, 0.15993356038, 0.64201358417, 0.19673871464],
      [0.023738353429, 0.091839364117, 0.50385545839, 0.38056682406]
    ],
    [
      [0.66515029549, 0.070718381484, 0.15189040041, 0.11224092262],
      [0.039905166718, 0, 0.92008489522, 0.040009938057],
      [0.086711571708, 0.83369828334, 0.06140516618, 0.01818497877],
      [0.0016017045254, 0.14276296585, 0.65543417752, 0.20020115211],
      [0.02856005044, 0.08089308704, 0.50772116221, 0.38282570031]
    ],
    [
      [0.59829293586, 0.095721304807, 0.1770612714, 0.12892448794],
      [0.031420666639, 0.010354526877, 0.92205534846, 0.036169458029],
      [0.028423031495, 0.92656297566, 0.030159135646, 0.014854857203],
      [0.0012266962739, 0.16269959278, 0.64266830913, 0.19340540181],
      [0.022303661809, 0.094096815657, 0.50805669853, 0.37554282401]
    ],
    [
      [0.60064571625, 0.062550627105, 0.1936125253, 0.14319113135],
      [0.02717205899, 0.0060755787365, 0.93102163304, 0.035730729237],
      [0.042921300846, 0.6725476276, 0.23667593243, 0.047855139123],
      [0.0011311681474, 0.10264217908, 0.68732633238, 0.20890032039],
      [0.019857996182, 0.057068648309, 0.5214045125, 0.40166884301]
    ],
    [
      [-0, 0.30326613141, 0.17320719829, 0.5235266703],
      [4.2789845741e-17, 0.31644750623, 0.63212520378, 0.051427289993],
      [0, 0.99602376847, 0.0017124193751, 0.0022638121528],
      [0, 0.24619237393, 0.32775607551, 0.42605155056],
      [0, 0.054633712839, 0.10191196929, 0.84345431787]
    ],
    [
      [0.25574036829, 0.12088088126, 0.22294073258, 0.40043801788],
      [0.0079162285406, 0, 0.87532596002, 0.11675781144],
      [0.0102951628, 0.89913619423, 0.040043765227, 0.050524877747],
      [0.00030664519867, 0.12697513558, 0.50068934099, 0.37202887823],
      [0.0046450837899, 0.061014187878, 0.32893758351, 0.60540314482]
    ],
    [
      [0.52452379054, 0.1086082909, 0.20768212133, 0.15918579722],
      [0.023684350458, 0.010083818039, 0.92789131865, 0.038340512856],
      [0.0081850667612, 0.92316988308, 0.052380969096, 0.016264081057],
      [0.00091460055915, 0.15669781295, 0.63972347587, 0.20266411062],
      [0.016523679597, 0.090059255459, 0.50258889297, 0.39082817197]
    ],
    [
      [0.62011381705, 0.090423312685, 0.18137127618, 0.10809159408],
      [0.028158826548, 0, 0.94390277185, 0.0279384016],
      [0.034709923963, 0.90534414844, 0.045939008594, 0.014006918998],
      [0.0012831416788, 0.15741546357, 0.67495910966, 0.16634228509],
      [0.024004487793, 0.093587196614, 0.54849753006, 0.33391078553]
    ],
    [
      [0.69110532592, 0.072092474122, 0.14481243018, 0.091989769778],
      [0.052464950268, 0, 0.91633762503, 0.031197424706],
      [0.06597384845, 0.87598155538, 0.043212517069, 0.014832079102],
      [0.0018009119607, 0.15561039478, 0.66736687899, 0.17522181427],
      [0.033057854343, 0.090861274198, 0.5326797911, 0.34340108035]
    ],
    [
      [0.58680411162, 0.085129678922, 0.18763087677, 0.14043533268],
      [0.028976452245, 0.0086939187722, 0.92518849389, 0.037141135088],
      [0.031689513028, 0.85188133774, 0.092569080597, 0.023860068637],
      [0.0011526888047, 0.13927641805, 0.65655689922, 0.20301399393],
      [0.020634462682, 0.07928023066, 0.51068455458, 0.38940075208]
    ]
  ],
  "expected_outcome": [
    [
      [48.0189196239, 2.772399364, 13.8871823571, 2.4653726179, 13.2505458291, 59.7293483645, 136.2606829776, 18.8637339264, 52.6904997269, 15.8875642972, 31.659594988, 20.0077913172, 28.5335321179, 40.899600722, 13.5891299052, 28.5138574886, 17.107096249, 47.4328866338, 14.9309950562, 30.121040018, 17.755590037, 29.3940864575, 27.7748461748, 98.3363920368, 96.0148995015, 25.3201483156, 0.82457257352, 19.3992590277, 12.6823421105, 23.8902291877, 32.5961686428, 11.3608151688, 18.3942799583, 46.5798629351, 25.0900667471, 20.1832011753, 23.4587201613, 33.2575147747, 81.3678392766, 10.2109771762, 0, 0.76722110486, 133.2290427977, 20.4637559627, 122.3256426876, 50.4651535994],
      [5.1224856545, 0.42111192586, 2.624071473, 0.1762198747, 2.7461953602, 6.8186652208, 16.8959557595, 3.223015078, 10.29493263, 2.59622646, 4.876480553, 2.4746419637, 5.4816161556, 6.0361849709, 2.4295267644, 4.2815821352, 3.5633317754, 6.3721579234, 1.8936616424, 4.5050671244, 3.5845010762, 5.1270444813, 3.1202554401, 11.5447800601, 12.4246719216, 3.5237359417, 0.039412091094, 2.7790791431, 1.609005899, 4.7955853367, 4.9394625256, 1.2308653682, 1.8495336384, 6.3126468408, 3.965025811, 3.5527790178, 3.4052228223, 3.5359190742, 13.0180974538, 1.0633606608, 0, 0.36264264378, 27.5865058896, 2.9839693186, 12.7603679196, 7.3211523873],
      [9.6598394407, 0.65383296038, 5.0131223799, 0.22297249502, 4.6708919295, 11.6131282072, 34.9580886677, 5.5662967973, 19.5573689224, 5.0490131578, 8.8831355032, 5.0557035411, 9.0344084336, 10.8482043122, 4.1554135791, 7.7333090373, 6.7972388259, 13.2660303665, 4.4614120915, 8.4487931894, 6.7723627767, 9.4012458922, 5.7357662018, 21.422291828, 23.6108380147, 6.2667773136, 0.072433215677, 5.3275592867, 3.7165431039, 10.4094157965, 10.5920826584, 2.528163399, 3.8079384952, 12.4189982357, 7.0739397858, 6.6017055715, 6.3944807736, 7.5945200203, 24.0803329103, 3.2914129301, 0, 0.66882219773, 52.7512588191, 5.9852521141, 25.6318001421, 16.1362554025],
      [7.1987552809, 1.1526557498, 4.47562379, 0.1354350124, 3.3323668811, 6.8388582074, 25.8852725952, 4.3469541983, 15.4571987207, 3.467196085, 6.5807889557, 2.461863178, 6.9504432928, 9.2160099948, 3.8259297513, 4.4712513388, 5.5323331496, 7.9289250763, 2.7139312099, 5.9250996682, 3.8875461101, 7.077623169, 5.3691321832, 11.6965360751, 16.9495905623, 3.8893384291, 0.063582119713, 3.4941025424, 1.9921088866, 8.9047696792, 5.8722861732, 1.8801560639, 2.9482479082, 5.6884919883, 4.8709676561, 4.6623142354, 4.7415762428, 5.6120461308, 17.5337303592, 2.4342492329, 0, 1.2013140536, 40.4331924937, 3.5670226046, 16.2821892507, 12.0774386108]
    ],
    [
      [16.4913763716, 2.9855639401, 4.8908515517, 1.5425532701, 3.3863643303, 7.2899631395, 13.717509649, 5.305285027, 11.9925574962, 3.5939577028, 8.6418656195, 4.3191819399, 6.5249547082, 8.318967272, 4.4465161864, 7.8118290292, 3.6821489158, 14.9506431646, 10.1153257831, 12.2259183302, 4.8655521856, 14.5139006656, 8.5197818785, 34.7773335363, 26.7569762247, 1.9084106201, 3.5677968631, 19.567225124, 5.3425173884, 3.2143345207, 17.5854644781, 11.3494778878, 16.7033714255, 20.3156412724, 11.9624592816, 4.5453751333, 7.2242651458, 7.6218868432, 21.6802599809, 0.59778529777, 1.2836953722e-16, 1.3299263948, 27.5685839329, 5.9696712283, 51.7829059143, 4.8390675249],
      [3.6383622649, 3.2675647664, 1.4993525619, 2.711218719, 1.4667217969, 3.8656481119, 3.500641172, 10.6404412691, 4.8347962534, 1.3472741415, 2.7554532809, 0, 2.5964367438, 2.5398554637, 1.6602490282, 2.4353301075, 1.5989297519, 0, 0, 5.9439025443, 5.9837005044, 12.3388536214, 1.9907278205, 10.1549056375, 4.3633703571, 0.55492496693, 0.46958246458, 6.2565020955, 0, 0, 0, 0, 0, 5.0225113098, 13.3354656468, 5.7295528664, 2.1822329177, 0, 7.1446235452, 0.1336627322, 0.94934251869, 0, 11.7375641973, 0, 0, 1.451884435],
      [330.617167109, 70.2603598932, 240.7272367356, 12.3002912796, 120.5391098615, 139.3723702579, 348.8734716789, 184.4343563778, 442.3505408947, 155.6063072244, 241.9647554357, 112.2913863991, 206.3463717696, 220.0909350399, 137.1221661177, 212.1634622285, 147.291046759, 421.2741932114, 330.5616947844, 352.737008356, 300.3213437101, 530.5100274126, 176.6193131046, 489.659613333, 503.8126254809, 47.952913052, 31.487925521, 538.0531982889, 169.1513430416, 328.3109964775, 660.3833633682, 249.4294379296, 349.8937066695, 526.6647667042, 349.3796612281, 210.1879520012, 197.722653061, 175.736214988, 636.218190434, 20.4824759268, 1.8963756113, 147.0547612834, 1080.065494905, 200.1073876325, 904.4252359008, 154.5064784805],
      [13.2530942545, 9.4865114003, 12.8825591508, 0.44593673129, 4.6078040112, 4.4720184908, 13.9083775001, 7.6199173261, 18.8221053558, 5.4524609314, 9.6379256638, 2.389431661, 8.5322367784, 10.0502422244, 6.7710686677, 6.5893786348, 6.4278745733, 12.775163624, 10.3229794326, 13.0931707695, 7.8294035999, 21.6372183005, 8.8701771965, 12.4081474932, 20.0670279373, 1.583751361, 1.4746951513, 18.1230744916, 4.5061395701, 17.4746690018, 18.0311721537, 10.2210841827, 15.4029219051, 9.9970807137, 12.3224138435, 7.5371199991, 7.8708488756, 7.6418981688, 24.9569260399, 0.78607604322, 0.15428186998, 19.6153123217, 44.6283569648, 5.9229411392, 30.7918581849, 6.2025695597]
    ],
    [
      [26.1472269787, 1.0093603674, 6.3636246548, 1.9371157105, 5.4478055794, 21.997874323, 39.4798187121, 5.0587124108, 7.5810060249, 4.7742198581, 18.5657412375, 4.9840910213, 11.2474966719, 16.8795261887, 7.8698049727, 9.9809867639, 3.4557626981, 9.6864617031, 3.0488801243, 5.1883348975, 3.3844797128, 7.2055518367, 14.6208859563, 15.1039845318, 17.2606681548, 4.9685320156, 2.1743442397, 7.4417942942, 4.9287868379, 5.8359769956, 12.5271810685, 4.2821977864, 11.5686394204, 12.161096177, 7.4086143295, 4.8809898684, 8.0998717831, 8.1508877406, 23.6763852357, 1.0301112203, 0, 0.78243237279, 9.6583787783, 4.9635191268, 47.7650662781, 8.904753161],
      [327.0721706069, 29.8731415075, 215.0199968669, 19.9859456638, 296.8471002005, 288.0489009874, 630.0341042525, 154.8292070311, 499.9691872509, 140.2696785186, 537.6415019082, 92.8456029304, 528.0058758963, 442.0208171209, 298.798634565, 291.0118747176, 232.5397761062, 223.592777425, 62.9846440485, 138.2414807955, 122.3615973712, 222.9766843722, 204.0472858428, 312.8176268932, 393.7528470216, 119.0956433082, 23.3595409913, 189.7301542103, 104.3412158342, 196.3059305642, 323.1571577756, 64.2439667456, 144.0203667502, 291.6293701131, 208.3451824307, 153.6614802963, 212.1421041654, 78.367638634, 771.8269587217, 16.1411430624, 0.99602376847, 68.3343507612, 1089.3404620401, 129.4642132276, 634.2106460946, 239.3786559044],
      [8.1961170468, 1.0890909627, 9.8653126224, 0, 2.8446453625, 0, 45.8101954758, 6.4123556715, 25.5576876667, 6.5371132399, 16.2138815883, 4.9674893506, 1.1533270409, 11.767249079, 4.1559524367, 5.0423472379, 12.0399655514, 17.0208329745, 10.6801156822, 6.2171060199, 5.5387652457, 9.8241789641, 4.2484446152, 13.9610469844, 18.0049463346, 2.0437135711, 0.99961095928, 8.7347560034, 14.9243317099, 22.8430799149, 30.1270537196, 3.1938199834, 8.3511653578, 13.796557801, 8.9280209142, 6.8479544502, 7.9237808098, 5.772085621, 25.1225599927, 5.6802223784, 0.0017124193751, 3.0433261572, 61.8095435338, 6.569278229, 31.2858623577, 26.0119116477],
      [6.5844853676, 1.0284071624, 4.7510658558, 0.076938625716, 2.8604488575, 1.9532246897, 16.6758815596, 2.6997248865, 9.8921190575, 2.4189883834, 8.5788752661, 1.2028166977, 5.5933003908, 9.3324076114, 6.1756080256, 1.9647912807, 4.9644956443, 3.6999278974, 1.286360145, 2.353078287, 1.7151576702, 3.993584827, 6.0833835857, 4.1173415906, 6.981538489, 0.89211110514, 0.46650380979, 3.0932954922, 1.8056656181, 5.0150125252, 5.1886074363, 1.2800154846, 3.0598284717, 3.4129759088, 3.3181823256, 2.6095753851, 3.8342432417, 1.7093880044, 12.3740960499, 1.148523339, 0.0022638121528, 3.8398907088, 19.1916156478, 2.0029894167, 10.7384252696, 6.7046792869]
    ],
    [
      [0.064521687617, 0.003242599507, 0.022907696103, 0, 0.011023678366, 0.024686186809, 0.040199610592, 0.027170108955, 0.056902326694, 0.011424875577, 0.024293230429, 0.013745976034, 0.02762298603, 0.024939699908, 0.019755434074, 0.028879573641, 0.012390813032, 0.047743127506, 0.029440131502, 0.045335222958, 0.022608392603, 0.041426197693, 0.039456198354, 0.071744301283, 0.060910359131, 0.0073501807048, 0.009402703055, 0.037631400383, 0.023767769802, 0.038478415506, 0.054943626263, 0.029008968846, 0.043424776651, 0.095972102135, 0.053834713763, 0.017638829331, 0.030225238433, 0.027228976932, 0.063788206242, 0.0022623362948, 0, 0.0042930327814, 0.090545455356, 0.026945975255, 0.1098556296, 0.0069161328281],
      [5.731773871, 0.44390696922, 3.6385927606, 0, 1.923819706, 2.3469517765, 4.1287628678, 3.9043623597, 9.2345481159, 1.5754925585, 3.1186173638, 1.4371479934, 4.4257216772, 3.0657089348, 2.9719403413, 3.6262705179, 2.1679053028, 5.3402632026, 3.148118987, 5.668223963, 3.833492573, 6.0250593775, 3.7143408949, 6.9880207727, 6.5372491917, 0.86177097518, 0.46757651917, 4.5077195382, 2.5560509718, 6.4539310985, 6.9316329071, 2.6676031638, 3.6669861309, 10.8234646041, 7.1147651443, 2.607060586, 3.6784718888, 2.4269704194, 8.4603788247, 0.20528435816, 0, 1.7776518981, 15.5130834821, 3.305724735, 9.4922340817, 0.83565850828],
      [23.0913457764, 1.4757475341, 14.8559965815, 0, 7.0019939225, 8.5490989867, 18.2480678181, 14.414926594, 37.4692422955, 6.5530670621, 12.1409125448, 6.2843387683, 15.591238197, 11.7760385446, 10.8731655154, 14.000070712, 8.8453670391, 23.745433646, 15.8378091779, 22.7041680287, 15.4720305965, 23.5914717402, 14.5984414928, 27.6913208556, 26.5302777635, 3.2894257841, 1.850650259, 18.4519032705, 12.6235273771, 29.926356871, 31.7392897803, 11.7035198437, 16.1263914435, 45.4714443549, 27.113621695, 10.353727113, 14.7663124359, 11.1423810178, 33.4187520749, 1.3746526648, 0, 7.0096507739, 63.3326241108, 14.1741413029, 40.7093796183, 3.9393413953],
      [7.112358665, 1.0771028972, 5.4825029618, 0, 2.063162693, 2.07926305, 5.5829697035, 4.6535409374, 12.2393072619, 1.8600155039, 3.7161768609, 1.2647672623, 4.9554171398, 4.1333128206, 4.1351387093, 3.3447791965, 2.974336845, 5.8665600239, 3.9846317036, 6.5822727853, 3.6718684379, 7.3420426846, 5.6477614139, 6.2489140704, 7.8715626856, 0.84145306002, 0.6723705188, 5.0027457909, 2.7966538813, 10.5812336149, 7.2741336863, 3.5998680236, 5.1631976489, 8.6091189388, 7.7177784469, 3.0215734716, 4.5249904368, 3.4034195858, 10.0570808942, 0.41780064079, 0, 5.2084042952, 20.0637469517, 3.4931879868, 10.6885306704, 1.2180839636]
    ],
    [
      [2.2779553381, 0.229433729, 0.83543374028, 0.054958401538, 0.9042605828, 1.9581279862, 3.5017890507, 0.74509852685, 1.6790344253, 0.73283326631, 2.1085049246, 0.67518974555, 1.666393516, 1.8769661173, 1.0747935016, 1.6644471447, 0.74260132397, 1.882265371, 0.87535890489, 1.4193715313, 0.97176967199, 1.8450348425, 1.0450297921, 3.7105455937, 2.9065457599, 0.79555886804, 0.42388362062, 2.5540901536, 1.0225858935, 1.0209808805, 2.2362421843, 0.97850018818, 1.2902844193, 2.8474275133, 1.4850249281, 1.3727949936, 1.1869176714, 0.94248166452, 3.2117273005, 0.15886396945, 0, 0.11612709475, 3.4534490358, 0.57610770704, 6.0165294904, 0.78410958191],
      [6.4352076027, 0.99427483105, 4.2179863375, 0.12661574251, 5.0161629362, 5.9198339034, 11.4405359482, 3.4029742621, 8.6665357499, 3.2113283215, 8.607946894, 2.2426071125, 8.490349527, 7.3374335096, 5.1396493011, 6.6449425217, 4.1300570636, 6.694801449, 2.9735753221, 5.6413255728, 5.2367084752, 8.5323581477, 3.1273900017, 11.4946666366, 9.921861508, 2.963924808, 0.66388793389, 9.7265450129, 3.4937272951, 5.4445530006, 8.9717467917, 2.8575647223, 3.4631134806, 10.2120071321, 6.2395609671, 6.4491272335, 4.5919682058, 2.6694718723, 13.5499414546, 0.45654918647, 0.054633712839, 1.5253546969, 18.8223843909, 2.2460927187, 16.536751904, 3.0126487651],
      [35.4355306271, 4.5209686497, 23.5383316807, 0.47673622537, 24.9433589239, 29.4654025482, 69.1101763594, 17.1720645594, 48.0651602208, 18.2544993158, 45.797314928, 13.4010819409, 40.8746545588, 38.5175730243, 25.6933023512, 35.0608107843, 23.0263818246, 40.6935098016, 20.4589682641, 30.8929244059, 28.895497671, 45.6730759908, 16.7980345856, 62.2657269989, 55.0413124063, 15.4471702792, 3.5893800451, 54.4325831505, 23.5842547674, 34.51015094, 56.1582104735, 17.1450588443, 20.820798034, 58.6482329042, 32.5047563769, 35.0086608641, 25.1927729197, 16.754798353, 73.1601645881, 4.1712361, 0.10191196929, 8.2234395877, 105.0410786313, 13.1639407215, 96.9477219811, 19.406013074],
      [26.851306432, 8.2553227903, 21.4082482415, 0.34168963059, 18.136217557, 17.6566355621, 51.9474986416, 13.6798626517, 38.5892696041, 12.8013390964, 34.4862332534, 6.6811212011, 31.9686023982, 33.2680273488, 24.0922548461, 20.6297995493, 19.1009597878, 24.7294233784, 12.6920975089, 22.04637849, 16.8960241819, 34.949531019, 16.0295456206, 34.5290607708, 40.1302803258, 9.7933460447, 3.3228484004, 36.2867816829, 12.899432044, 30.0243151789, 31.6338005505, 13.0188762453, 16.4258040661, 27.2923324503, 22.7706577279, 25.1694169088, 19.0283412031, 12.6332481102, 54.0781666568, 3.2133507441, 0.84345431787, 15.1350786206, 81.6830879419, 8.0138588527, 62.4989966245, 14.797228579]
    ]
  ],
  "prob": [
    [0.61560936297, 0.089944193058, 0.17226586726, 0.12218057672],
    [0.033375016218, 0.010003224683, 0.92135772727, 0.03526403183],
    [0.035427635308, 0.90664470949, 0.041871469685, 0.016056185516],
    [0.0013175663818, 0.15887104278, 0.64943449455, 0.19037689628],
    [0.023989593229, 0.092034653687, 0.51429889444, 0.36967685864]
  ],
  "iterations": 209,
  "time": 0.176118,
  "message": "Converged",
  "status": 0,
  "miniter": 0,
  "maxiter": 1000,
  "maxtime": 3600,
  "param_threshold": 0.001,
  "ll_threshold": "-Inf",
  "initial_prob": "random",
  "adjust_prob_cond_method": "lp",
  "adjust_prob_cond_every": true,
  "candidates_id": ["HORROCKS, Virginia Jacqueline Ormond.c", "QUINN, Bernard Paul.c", "MALLARD, Trevor Colin.c", "Other candidates votes.c"],
  "group_id": ["Green Party.p", "Labour Party.p", "National Party.p", "New Zealand First Party.p", "Other parties votes.p"]
}
