{
  "X": [
    [10, 7, 18, 15, 1],
    [19, 1, 33, 23, 3],
    [14, 0, 21, 23, 5],
    [111, 23, 211, 363, 54],
    [1, 1, 8, 4, 1],
    [97, 42, 316, 380, 58],
    [55, 20, 186, 233, 37],
    [5, 0, 16, 18, 5],
    [20, 6, 85, 93, 18],
    [30, 12, 69, 57, 19],
    [7, 2, 44, 45, 3],
    [12, 5, 27, 57, 17],
    [26, 11, 91, 85, 15],
    [44, 16, 101, 115, 14],
    [11, 4, 35, 24, 9],
    [48, 26, 148, 136, 41],
    [2, 0, 13, 5, 0],
    [31, 42, 129, 89, 36],
    [32, 4, 53, 39, 19],
    [47, 27, 515, 147, 81],
    [99, 36, 742, 319, 126],
    [5, 2, 18, 3, 2],
    [16, 4, 63, 47, 8],
    [460, 114, 1715, 1989, 348],
    [44, 20, 147, 145, 36],
    [33, 4, 114, 43, 14],
    [462, 105, 1687, 1576, 337],
    [104, 48, 746, 250, 163],
    [1, 2, 14, 4, 1],
    [13, 3, 26, 28, 6],
    [83, 20, 303, 357, 82],
    [10, 2, 48, 35, 8],
    [45, 27, 162, 201, 21],
    [188, 83, 1083, 735, 188],
    [11, 5, 90, 37, 20],
    [24, 6, 31, 71, 15],
    [68, 22, 295, 260, 54],
    [1, 0, 4, 3, 0],
    [12, 1, 19, 46, 3],
    [16, 8, 22, 37, 3],
    [12, 2, 10, 50, 5],
    [7, 2, 39, 51, 8],
    [4, 1, 19, 13, 3],
    [0, 0, 0, 3, 3],
    [4, 3, 2, 11, 3],
    [13, 0, 13, 55, 5],
    [32, 10, 57, 103, 10],
    [0, 0, 3, 5, 1],
    [10, 4, 46, 42, 10],
    [44, 5, 83, 187, 52],
    [1, 1, 6, 8, 0],
    [0, 1, 6, 5, 0],
    [0, 0, 5, 8, 4],
    [1, 0, 4, 0, 1],
    [15, 3, 36, 52, 8],
    [1, 5, 4, 7, 6],
    [8, 4, 24, 43, 6],
    [2, 0, 6, 5, 1],
    [27, 1, 15, 75, 13],
    [17, 3, 57, 61, 16],
    [14, 6, 26, 85, 23],
    [5, 3, 64, 25, 14],
    [21, 3, 94, 62, 29],
    [13, 2, 37, 19, 14],
    [7, 3, 45, 7, 10],
    [15, 3, 99, 40, 14],
    [21, 1, 29, 62, 13],
    [18, 2, 23, 73, 12],
    [23, 1, 41, 95, 29],
    [23, 4, 84, 105, 30],
    [51, 8, 168, 211, 39],
    [31, 9, 128, 196, 32],
    [23, 3, 37, 78, 14],
    [72, 24, 184, 242, 58],
    [74, 23, 257, 187, 58],
    [35, 10, 149, 130, 30],
    [44, 11, 161, 175, 52],
    [10, 4, 36, 26, 7],
    [18, 2, 44, 95, 6],
    [38, 12, 81, 150, 28],
    [17, 1, 51, 31, 14],
    [8, 7, 121, 58, 29],
    [1, 1, 24, 13, 10],
    [4, 6, 80, 17, 17],
    [12, 0, 18, 38, 6],
    [18, 0, 21, 60, 33],
    [17, 2, 32, 66, 14],
    [25, 4, 39, 105, 12],
    [4, 1, 19, 6, 3],
    [23, 7, 54, 109, 17],
    [1, 1, 0, 3, 1],
    [0, 0, 4, 7, 4],
    [10, 2, 22, 30, 6],
    [2, 1, 2, 1, 1],
    [2, 2, 33, 30, 6],
    [19, 5, 32, 55, 11],
    [6, 6, 13, 13, 2],
    [12, 1, 22, 65, 8],
    [34, 3, 53, 120, 18],
    [129, 33, 231, 352, 46],
    [19, 1, 37, 76, 6],
    [29, 4, 33, 86, 7],
    [37, 3, 77, 105, 31],
    [50, 9, 111, 158, 20],
    [26, 12, 105, 87, 36],
    [10, 3, 30, 23, 11],
    [38, 12, 140, 98, 36],
    [7, 2, 7, 21, 5],
    [22, 14, 61, 76, 9],
    [19, 3, 27, 80, 11],
    [3, 1, 30, 21, 12],
    [17, 1, 25, 49, 13],
    [19, 10, 17, 70, 17],
    [10, 1, 22, 26, 8],
    [20, 2, 67, 67, 14],
    [19, 1, 37, 92, 18],
    [8, 5, 15, 63, 5],
    [0, 0, 7, 9, 1],
    [30, 7, 34, 86, 19],
    [32, 65, 252, 119, 60],
    [296, 185, 1523, 1107, 389],
    [188, 79, 862, 793, 274],
    [0, 1, 7, 5, 3]
  ],
  "W": [
    [0, 4, 21, 24, 2],
    [2, 5, 31, 40, 1],
    [4, 5, 16, 37, 1],
    [19, 43, 212, 479, 9],
    [2, 1, 8, 4, 0],
    [14, 40, 318, 508, 13],
    [20, 29, 183, 289, 10],
    [6, 0, 13, 24, 1],
    [11, 6, 80, 122, 3],
    [4, 11, 75, 93, 4],
    [5, 1, 37, 57, 1],
    [8, 7, 28, 74, 1],
    [2, 12, 101, 110, 3],
    [3, 10, 104, 166, 7],
    [6, 6, 35, 36, 0],
    [16, 17, 152, 202, 12],
    [0, 1, 12, 7, 0],
    [14, 16, 158, 138, 1],
    [12, 15, 50, 68, 2],
    [25, 31, 536, 199, 26],
    [48, 58, 767, 409, 40],
    [2, 1, 19, 8, 0],
    [3, 5, 51, 75, 4],
    [173, 145, 1533, 2698, 77],
    [14, 15, 151, 206, 6],
    [2, 17, 97, 85, 7],
    [129, 157, 1513, 2276, 92],
    [60, 70, 818, 320, 43],
    [0, 1, 16, 4, 1],
    [8, 3, 22, 41, 2],
    [45, 40, 287, 451, 22],
    [5, 3, 46, 46, 3],
    [8, 15, 163, 266, 4],
    [76, 93, 1075, 966, 67],
    [7, 4, 98, 54, 0],
    [7, 15, 32, 88, 5],
    [23, 53, 290, 320, 13],
    [0, 1, 4, 3, 0],
    [4, 4, 14, 58, 1],
    [1, 4, 25, 55, 1],
    [1, 6, 10, 61, 1],
    [4, 1, 38, 61, 3],
    [2, 3, 19, 16, 0],
    [3, 0, 0, 3, 0],
    [3, 3, 3, 13, 1],
    [2, 7, 10, 66, 1],
    [3, 11, 56, 138, 4],
    [0, 0, 3, 6, 0],
    [6, 5, 44, 56, 1],
    [33, 23, 66, 240, 9],
    [1, 1, 5, 9, 0],
    [0, 1, 5, 5, 1],
    [0, 0, 4, 11, 2],
    [0, 0, 2, 4, 0],
    [1, 8, 35, 69, 1],
    [2, 2, 9, 7, 3],
    [5, 6, 21, 50, 3],
    [0, 1, 5, 8, 0],
    [10, 6, 15, 99, 1],
    [11, 4, 56, 79, 4],
    [12, 7, 30, 104, 1],
    [3, 5, 71, 31, 1],
    [8, 12, 87, 96, 6],
    [2, 10, 43, 26, 4],
    [2, 4, 47, 17, 2],
    [7, 12, 95, 54, 3],
    [6, 7, 26, 82, 5],
    [2, 8, 16, 101, 1],
    [12, 13, 34, 123, 7],
    [19, 10, 65, 148, 4],
    [14, 16, 136, 297, 14],
    [18, 16, 97, 257, 8],
    [7, 4, 28, 112, 4],
    [10, 24, 188, 349, 9],
    [17, 38, 238, 299, 7],
    [12, 15, 125, 195, 7],
    [22, 22, 150, 242, 7],
    [4, 6, 34, 38, 1],
    [2, 7, 36, 117, 3],
    [10, 15, 91, 191, 2],
    [1, 18, 50, 41, 4],
    [14, 13, 129, 61, 6],
    [3, 8, 22, 15, 1],
    [6, 12, 81, 24, 1],
    [1, 7, 18, 47, 1],
    [14, 8, 20, 86, 4],
    [2, 10, 25, 92, 2],
    [6, 9, 31, 136, 3],
    [0, 2, 20, 11, 0],
    [10, 6, 52, 136, 6],
    [0, 2, 1, 3, 0],
    [3, 0, 4, 8, 0],
    [5, 11, 15, 38, 1],
    [0, 0, 3, 3, 1],
    [3, 3, 31, 34, 2],
    [4, 7, 33, 78, 0],
    [1, 4, 14, 21, 0],
    [2, 6, 16, 84, 0],
    [11, 13, 50, 150, 4],
    [24, 32, 199, 526, 10],
    [4, 11, 29, 95, 0],
    [8, 12, 25, 111, 3],
    [9, 19, 81, 135, 9],
    [5, 28, 99, 210, 6],
    [12, 14, 118, 120, 2],
    [5, 6, 31, 33, 2],
    [14, 20, 130, 149, 11],
    [1, 6, 11, 23, 1],
    [7, 6, 63, 103, 3],
    [5, 7, 20, 108, 0],
    [4, 5, 26, 29, 3],
    [7, 12, 24, 61, 1],
    [11, 14, 23, 81, 4],
    [2, 6, 21, 35, 3],
    [8, 9, 65, 83, 5],
    [4, 6, 31, 123, 3],
    [6, 3, 8, 77, 2],
    [0, 3, 4, 10, 0],
    [8, 15, 35, 115, 3],
    [18, 20, 291, 193, 6],
    [127, 220, 1605, 1426, 122],
    [112, 168, 864, 970, 82],
    [0, 0, 9, 7, 0]
  ],
  "method": "mult",
  "cond_prob": [
    [
      [0.054586957803, 0.018577315684, 0.15471375646, 0.31722004423, 0.45490192582],
      [0.5569224628, 0.17418981294, 0.061287582534, 0.13110090439, 0.076499237335],
      [0.020361350987, 0.24487795929, 0.71303341931, 0.00941925991, 0.012308010511],
      [0.30177169482, 0.043735803319, 0.066851126004, 0.58576021457, 0.0018811612839],
      [0.0511005512, 0.055572161791, 0.58836042017, 0.10977338728, 0.19519347956]
    ],
    [
      [0.049156717335, 0.001317730176, 0.14096516516, 0.21377811369, 0.59478227364],
      [0.64971533594, 0.016359322119, 0.075748999663, 0.1184844614, 0.13969188088],
      [0.027063043592, 0.024108139057, 0.91400101003, 0.010901080166, 0.023926727153],
      [0.3691284504, 0.0040991189943, 0.085603394659, 0.53904624728, 0.0021227886737],
      [0.049017518428, 0.0042508585223, 0.58115757402, 0.080238089418, 0.28533595961]
    ],
    [
      [0.028893345183, 0, 0.11542878241, 0.1687225189, 0.6869553535],
      [0.54540231623, 0, 0.090449871842, 0.13264649769, 0.23150131424],
      [0.014453197776, 0, 0.94356731644, 0.0042178684094, 0.037761617378],
      [0.29443582132, 0, 0.12057453491, 0.58171993084, 0.0032697129202],
      [0.03203848471, 0, 0.5277006564, 0.070754100202, 0.36950675868]
    ],
    [
      [0.016783850582, 0.0024193784567, 0.077036113154, 0.18588449591, 0.71787616189],
      [0.37602047737, 0.053622248745, 0.072622151586, 0.18169427354, 0.31604084876],
      [0.013041749438, 0.074572952951, 0.8273946863, 0.019046451386, 0.065944159922],
      [0.19113272754, 0.0099062757911, 0.056992733467, 0.72400916371, 0.017959099496],
      [0.021644326656, 0.010411442648, 0.41181872277, 0.09078930067, 0.46533620725]
    ],
    [
      [0.057918495981, 0.10516931524, 0.13128772722, 0.28485480795, 0.4207696536],
      [0.43404098765, 0.090900132303, 0.09720230384, 0.21939588341, 0.15846069279],
      [0, 0.078815804586, 0.90658460999, 0.014599585423, 0],
      [0.1125305051, 0.017058700131, 0.096886340447, 0.77352445433, 0],
      [0.01899715229, 0.017583576338, 0.57231859044, 0.11505821338, 0.27604246755]
    ],
    [
      [0.013861126499, 0.0034408116671, 0.083735070166, 0.18409517108, 0.71486782059],
      [0.32650122953, 0.077196524156, 0.083233099319, 0.18594597773, 0.32712316927],
      [0.0083694905956, 0.095506046879, 0.82440009671, 0.011303092422, 0.060421273389],
      [0.15916612783, 0.01635945731, 0.086110479547, 0.71900243306, 0.019361502254],
      [0.017538776983, 0.014033880732, 0.43038697539, 0.087477623953, 0.45056274294]
    ],
    [
      [0.014971823906, 0.0030575294005, 0.094007278674, 0.21956382012, 0.6683995479],
      [0.33695763142, 0.067314970892, 0.089593626669, 0.2133633302, 0.29277044081],
      [0.0089515331953, 0.078537916057, 0.84504406333, 0.02053100296, 0.046935484453],
      [0.14916963744, 0.012084562731, 0.076865236648, 0.7531636503, 0.0087169128757],
      [0.018063641548, 0.012183798827, 0.46645222717, 0.09997185421, 0.40332847825]
    ],
    [
      [0.018075907752, 3.081487911e-32, 0.10219600585, 0.18418522375, 0.69554286264],
      [0.43118113309, 0, 0.096582241897, 0.17886873199, 0.29336789302],
      [0.015494123649, 0, 0.94037443578, 0.011305586713, 0.032825853857],
      [0.19454599638, 0, 0.11103910759, 0.69441489604, 0],
      [0.021017032998, 0, 0.49701771767, 0.081958525334, 0.40000672399]
    ],
    [
      [0.012131412242, 0.0020105519962, 0.08862931671, 0.18250270711, 0.71472601194],
      [0.31228169171, 0.048221087704, 0.094763775837, 0.19791414562, 0.34681929913],
      [0.0064608122077, 0.055388209492, 0.8727422107, 0.0080702181018, 0.057338549502],
      [0.14287118191, 0.010109881037, 0.10071788307, 0.72870878421, 0.017592269775],
      [0.015238381619, 0.0080317186539, 0.44984542375, 0.085632075584, 0.4412524004]
    ],
    [
      [0.017813210121, 0.0035568140862, 0.064899494046, 0.12067734628, 0.79305313546],
      [0.40525775279, 0.075954570133, 0.061683563965, 0.11569663042, 0.34140748269],
      [0.012869392964, 0.11990070403, 0.78062914034, 0, 0.086600762674],
      [0.26245169898, 0.022530345299, 0.086692083178, 0.59136649321, 0.036959379329],
      [0.024424850333, 0.015599389378, 0.36308338986, 0.061885952826, 0.53500641761]
    ],
    [
      [0.015946198483, 0.0025461791164, 0.16750096605, 0.31658733307, 0.49741932328],
      [0.3395118386, 0.048477712792, 0.14381715893, 0.27836655309, 0.18982673659],
      [0.014114926753, 0.039329135737, 0.94164158949, 0.0023145014931, 0.0025998465227],
      [0.10602388463, 0.0083533118418, 0.13226961374, 0.7533531898, 0],
      [0.015143455455, 0.0074745943645, 0.63857121658, 0.11192840794, 0.22688232566]
    ],
    [
      [0.0083355549861, 0.0025040128896, 0.049856993007, 0.13319223907, 0.80611120004],
      [0.2458749197, 0.077513772465, 0.062459091117, 0.16696301266, 0.44718920406],
      [0.007225954559, 0.11409311397, 0.76488251116, 0.0084805831186, 0.10531783719],
      [0.13510277611, 0.016616170212, 0.059884458937, 0.73586532142, 0.052531273326],
      [0.012258962693, 0.013167702794, 0.31577014422, 0.074230886498, 0.5845723038]
    ],
    [
      [0.015754664041, 0.0029431097006, 0.077692347004, 0.18359420968, 0.72001566957],
      [0.36435676205, 0.064931005515, 0.073568687469, 0.18207380735, 0.31506973762],
      [0.014173696627, 0.087200732632, 0.81030044869, 0.025522775262, 0.062802346787],
      [0.18275309021, 0.012457240671, 0.062534869938, 0.72363064933, 0.018624149846],
      [0.020608748226, 0.012457081588, 0.41420334842, 0.090251388175, 0.46247943359]
    ],
    [
      [0.023537357466, 0.0048147881023, 0.096146835122, 0.20304168895, 0.67245933036],
      [0.43902482068, 0.085394442109, 0.074934969318, 0.16179736009, 0.23884840781],
      [0.01427189009, 0.11469036888, 0.81042528431, 0.014607635241, 0.046004821483],
      [0.22805793709, 0.018520111905, 0.074764550155, 0.66635789834, 0.01229950251],
      [0.028177942071, 0.018496325001, 0.46672355826, 0.091185163244, 0.39541701142]
    ],
    [
      [0.017908301332, 0.0033130271661, 0.088022861137, 0.14776873773, 0.74298707264],
      [0.41221893096, 0.063708709862, 0.081571151866, 0.13823678899, 0.30426441832],
      [0.0032047111104, 0.0847261731, 0.8552042555, 0, 0.05686486029],
      [0.23075199215, 0.017568153315, 0.11250797165, 0.61899907888, 0.020172804002],
      [0.022848513002, 0.012175517076, 0.44115893346, 0.07039306788, 0.45342396858]
    ],
    [
      [0.015050908865, 0.0042882539624, 0.074827647892, 0.14537992108, 0.7604532682],
      [0.3519934025, 0.091779716951, 0.073052068272, 0.14352450949, 0.33965030278],
      [0.0066096859579, 0.12589007195, 0.79457395903, 0, 0.072926283065],
      [0.20065791045, 0.024869011509, 0.099176398761, 0.64543939006, 0.029857289222],
      [0.019810619944, 0.017691790585, 0.39599984596, 0.071270650777, 0.49522709273]
    ],
    [
      [0.060473200355, 0, 0.34668063299, 0.59284616666, 0],
      [0.65276080539, 0, 0.12851720241, 0.21872199219, 0],
      [0, 0, 1, 0, 0],
      [0.19246274209, 0, 0.12449754251, 0.6830397154, 0],
      [0.035038777565, 0, 0.83863879163, 0.12632243081, 0]
    ],
    [
      [0.012161955198, 0.0069100336518, 0.063622849977, 0.12674393944, 0.79056122173],
      [0.29854708714, 0.14734099383, 0.063905174818, 0.12830547544, 0.36190126876],
      [0, 0.19907534937, 0.71588975102, 0, 0.085034899609],
      [0.18866517965, 0.058427900048, 0.098746452153, 0.6167133832, 0.037447084949],
      [0.01718444065, 0.028848220299, 0.34920624496, 0.066250359582, 0.5385107345]
    ],
    [
      [0.028191054747, 0.0020979901449, 0.087775101519, 0.12829293891, 0.75364291468],
      [0.5184069425, 0.0350087885, 0.070209906461, 0.10294709997, 0.27342726258],
      [0.017704950437, 0.053879283834, 0.86416538709, 0, 0.064250378639],
      [0.33725948046, 0.010888570701, 0.10004547604, 0.52642016806, 0.025386304745],
      [0.033355506365, 0.0076526456871, 0.44109422985, 0.059853402779, 0.45804421532]
    ],
    [
      [0.013144044685, 0.0015877998432, 0.087977287847, 0.16069116428, 0.73659970335],
      [0.33554861141, 0.037327919338, 0.093689283546, 0.17296345431, 0.3604707314],
      [0.0012200920991, 0.044637587135, 0.88940820069, 0, 0.064734120078],
      [0.17682168107, 0.00861082484, 0.108770404, 0.68176009803, 0.024036992059],
      [0.016458001182, 0.0063014868002, 0.44338823267, 0.075022857763, 0.45882942159]
    ],
    [
      [0.014831307946, 0.0014459017752, 0.089055219237, 0.17919140961, 0.71547616143],
      [0.35671380441, 0.033051668422, 0.090536842408, 0.18447649009, 0.33522119467],
      [0.008690450991, 0.040263845833, 0.8802551168, 0.010609706929, 0.060180879447],
      [0.17162940946, 0.0070903056601, 0.09625906172, 0.70469275069, 0.020328472469],
      [0.018417304594, 0.005782379441, 0.44871454469, 0.083554891647, 0.44353087963]
    ],
    [
      [0.046742729148, 0.0046457365649, 0.11418689698, 0.10405650786, 0.73036812945],
      [0.68977105891, 0.049218188794, 0.058251279995, 0.053856059816, 0.14890341248],
      [0.0034934474274, 0.09419218939, 0.88428717335, 0, 0.018027189828],
      [0.51879599771, 0.018979842458, 0.11398982904, 0.34225386556, 0.0059804652383],
      [0.053322979074, 0.014999416145, 0.51492878465, 0.043982835819, 0.37276598431]
    ],
    [
      [0.017408031444, 0.0024996701982, 0.12026932623, 0.17364665521, 0.68617631692],
      [0.39582070057, 0.050220543711, 0.11213440009, 0.1607589378, 0.28106541783],
      [0, 0.034347197969, 0.92616812325, 0, 0.039484678777],
      [0.18523197957, 0.026068624862, 0.16943888208, 0.60525349776, 0.01400701573],
      [0.019068483764, 0.0086360774422, 0.5340073947, 0.07031325343, 0.36797479067]
    ],
    [
      [0.012790709577, 0.0019660655932, 0.093170335148, 0.18076925642, 0.71130363327],
      [0.31997964423, 0.045590826592, 0.097641117724, 0.19213558089, 0.34465283057],
      [0.0059057238166, 0.051747912684, 0.88016383, 0.0041285107423, 0.058054022754],
      [0.14867483506, 0.010056580008, 0.11122801389, 0.71058223788, 0.019458333162],
      [0.015739990041, 0.0076233479296, 0.45895113077, 0.082952917495, 0.43473261376]
    ],
    [
      [0.013704475279, 0.0032319112576, 0.074321167996, 0.15144758433, 0.75729486114],
      [0.33589343033, 0.074175464109, 0.076428635122, 0.15764613071, 0.35585633973],
      [0.0083000333381, 0.099146297425, 0.81503602346, 0.0036071788987, 0.073910466878],
      [0.18159101954, 0.018395033608, 0.093963542522, 0.67728407869, 0.028766325642],
      [0.018113472041, 0.013608907707, 0.39769080318, 0.07497293918, 0.49561387789]
    ],
    [
      [0.027040889177, 0.0014061223166, 0.12613354117, 0.14265304341, 0.70276640393],
      [0.51160863542, 0.024561129908, 0.106831508, 0.10771705398, 0.24928167269],
      [0, 0, 0.95707908004, 0, 0.042920919964],
      [0.2829792813, 0.041717375969, 0.17980718559, 0.47648414702, 0.019012010115],
      [0.027904644128, 0.0048102270779, 0.54447367755, 0.054621642657, 0.36818980859]
    ],
    [
      [0.014209024395, 0.0018442629566, 0.092011704487, 0.16309976087, 0.72883524729],
      [0.34931348678, 0.041403562195, 0.094608220581, 0.16929752035, 0.3453772101],
      [0.0029609190232, 0.049117540346, 0.88597124814, 0, 0.061950292486],
      [0.17540889688, 0.010233711117, 0.12217815455, 0.66849335896, 0.023685878493],
      [0.017546724499, 0.0071191931271, 0.45353284004, 0.074886251769, 0.44691499056]
    ],
    [
      [0.016023275179, 0.001623585456, 0.076112677269, 0.15587710431, 0.75036335779],
      [0.37737446516, 0.037621327452, 0.076618919431, 0.15920390577, 0.34918138219],
      [0.013364039018, 0.051539235666, 0.84432666877, 0.012531438071, 0.078238618473],
      [0.20249156904, 0.0087842261264, 0.087226967545, 0.67489811504, 0.02659912224],
      [0.020774532973, 0.0069545305974, 0.40693186822, 0.076395050737, 0.48894401747]
    ],
    [
      [0.013201436589, 0.0042967517718, 0.087991007371, 0.24596578811, 0.64854501616],
      [0.3946631887, 0.091423958771, 0.079204589611, 0.22784471614, 0.20686354679],
      [0.0068488737406, 0.11454873848, 0.82409081884, 0.028759051422, 0.025752517517],
      [0.11951239769, 0.014314195062, 0.061967838122, 0.79775570213, 0.0064498669954],
      [0.01770524071, 0.018539445231, 0.48747095654, 0.12098765257, 0.35529670495]
    ],
    [
      [0.060875696349, 0.0049474611231, 0.12487073772, 0.21287411399, 0.59643199082],
      [0.5069798333, 0.06990874891, 0.084804953195, 0.14771398839, 0.19059247621],
      [0.034976831018, 0.088959741069, 0.86700808661, 0.0090553413017, 0],
      [0.24774317911, 0.0186028322, 0.11209408182, 0.62155990687, 0],
      [0.032547151746, 0.015431820275, 0.53829198922, 0.085345716337, 0.32838332242]
    ],
    [
      [0.012820556537, 0.0017060262389, 0.084133401006, 0.18679665572, 0.7145433605],
      [0.31933015076, 0.041834199553, 0.089437617262, 0.20051598692, 0.3488820455],
      [0.0082238218954, 0.050262798665, 0.86429531268, 0.015301034156, 0.061917032605],
      [0.14841287922, 0.0081319667122, 0.084221450841, 0.74108197076, 0.01815173246],
      [0.016155614159, 0.0071327560517, 0.43635741801, 0.088824790858, 0.45152942092]
    ],
    [
      [0.016858721457, 0.0013640442774, 0.098185842367, 0.19570894054, 0.68788245136],
      [0.3931792807, 0.029539687287, 0.094208217104, 0.18995558579, 0.29311722911],
      [0.0096810423096, 0.034945464166, 0.8981980853, 0.013458954063, 0.043716454162],
      [0.1789142967, 0.0061148807447, 0.09696969002, 0.70798630952, 0.010014823009],
      [0.02026098536, 0.0052616169573, 0.48290949072, 0.088368804963, 0.403199102]
    ],
    [
      [0.015146706275, 0.0052307024123, 0.10026272839, 0.22229888794, 0.65706097499],
      [0.32642877241, 0.10668478683, 0.09097365965, 0.20421902462, 0.27169375649],
      [0.0069507759974, 0.12014924032, 0.81926311644, 0.010281231192, 0.043355636056],
      [0.14578172815, 0.021406934157, 0.091629682073, 0.72965848682, 0.011523168804],
      [0.017869647086, 0.0198279801, 0.47997746693, 0.098331337479, 0.38399356841]
    ],
    [
      [0.013703452474, 0.0023611341481, 0.093371316912, 0.18804112023, 0.70252297623],
      [0.33028823993, 0.053249167171, 0.094787899518, 0.19305855937, 0.32861613401],
      [0.0062964492338, 0.061604178311, 0.87147468031, 0.00625291066, 0.054371781488],
      [0.15357271606, 0.011416241951, 0.10292704374, 0.71456507095, 0.017518927301],
      [0.016743353048, 0.0091910425198, 0.46008506985, 0.086010318592, 0.42797021599]
    ],
    [
      [0.0098400150998, 0.0011886766415, 0.062991305996, 0.11560942932, 0.81037057294],
      [0.29999523633, 0.032357180612, 0.076980448935, 0.14421749243, 0.4464496417],
      [0, 0.04087213262, 0.85400778525, 0, 0.10512008213],
      [0.18020627683, 0.015866324895, 0.10293289088, 0.65951600046, 0.041478506924],
      [0.014214495822, 0.0053024094382, 0.35927357933, 0.061612848984, 0.55959666643]
    ],
    [
      [0.018221351773, 0.0032784091417, 0.06579473201, 0.19580521372, 0.71690029336],
      [0.38402020808, 0.074982274879, 0.057082902614, 0.18642267546, 0.29749193896],
      [0.015585444269, 0.11538045374, 0.77970707119, 0.023336965173, 0.065990065622],
      [0.19877893317, 0.012297691293, 0.032177771109, 0.74527514929, 0.011470455133],
      [0.024173416125, 0.015589131854, 0.38018464018, 0.10040546974, 0.4796473421]
    ],
    [
      [0.014498977802, 0.002205309706, 0.097219709868, 0.21184147112, 0.6742345315],
      [0.33864936887, 0.049386073017, 0.095423775805, 0.21220803936, 0.30433274295],
      [0.0073687911216, 0.056060059742, 0.87165578509, 0.018101343691, 0.046814020351],
      [0.14798320946, 0.0092574326041, 0.089851168481, 0.74184095005, 0.011067239404],
      [0.017425423759, 0.0086169421954, 0.47491807415, 0.095548183869, 0.40349137602]
    ],
    [
      [0.046691593558, 0, 0.26146463599, 0.69184377045, -0],
      [0.64260501716, 0, 0.087436793305, 0.26995818953, 0],
      [0, 0, 0.94062982938, 0.059370170624, 0],
      [0.11913166095, 0, 0.05001462973, 0.83085370932, 0],
      [0.032012052307, 0, 0.79790146487, 0.17008648282, 0]
    ],
    [
      [0.071795304631, 0.0019339351531, 0.13426931775, 0.2950781801, 0.49692326237],
      [0.44125439711, 0.035356451797, 0.10475693706, 0.23381885405, 0.18481335998],
      [0.033357215817, 0.037163586442, 0.91441682478, 0.015062372961, 0],
      [0.16304346431, 0.005585308291, 0.080360806778, 0.75101042062, 0],
      [0.024279241368, 0.0066003611404, 0.58113264069, 0.11493424621, 0.27305351058]
    ],
    [
      [0.0288675616, 0.010158472348, 0.093842441834, 0.22357417064, 0.64355735358],
      [0.45806028567, 0.15251796867, 0.060593575287, 0.14895304314, 0.17987512723],
      [0.015781597417, 0.2188656708, 0.71690029571, 0.01342968454, 0.035022751536],
      [0.24926981529, 0.033979425143, 0.05963062509, 0.6499025, 0.0072176344789],
      [0.034511519523, 0.039259500066, 0.4615914844, 0.10023404327, 0.36440345274]
    ],
    [
      [0.012847190353, 0.0024753838459, 0.05118862653, 0.18408048429, 0.74940831498],
      [0.33438609252, 0.063139298371, 0.052648261628, 0.20458163089, 0.34524471659],
      [0.011710957508, 0.10664609465, 0.78119100199, 0.018117020442, 0.082334925414],
      [0.16138144735, 0.0088496812989, 0.02452057112, 0.79184107805, 0.013407222182],
      [0.019458391226, 0.012397320214, 0.32525694549, 0.10495376484, 0.53793357822]
    ],
    [
      [0.0086801417975, 0.001286991043, 0.077809252855, 0.19229159468, 0.71993201962],
      [0.25078816728, 0.03677306848, 0.09511968139, 0.23394739836, 0.38337168449],
      [0.0067326161782, 0.041420488656, 0.86837856588, 0.021861844674, 0.061606484608],
      [0.10531831173, 0.0060181660037, 0.070753579827, 0.8012979811, 0.016611961335],
      [0.011411611648, 0.005664090734, 0.42642981138, 0.09565309274, 0.4608413935]
    ],
    [
      [0.015370678889, 0.0015492625376, 0.094256365512, 0.19793407518, 0.69088961788],
      [0.39105332798, 0.035100104433, 0.093172017452, 0.19853462325, 0.28213992689],
      [0.0080271752168, 0.041125158355, 0.89760335737, 0.017714360323, 0.035529948738],
      [0.16522389557, 0.0068889470552, 0.092344214165, 0.72949719586, 0.0060457473476],
      [0.019153766068, 0.0061642395821, 0.48406712596, 0.091294691467, 0.39932017692]
    ],
    [
      [0, 0, 0, 0.077437917686, 0.92256208231],
      [0, -0, 0, 0.28672071594, 0.71327928406],
      [0, -0, -0, 0.091816589799, 0.9081834102],
      [0, 0, 0, 0.92256208231, 0.077437917686],
      [0, 0, 0, 0.11066931931, 0.88933068069]
    ],
    [
      [0.13949744498, 0.014071482477, 0.035264795735, 0.22017608429, 0.59099019252],
      [0.35946109103, 0.25817115926, 0.023189432916, 0.15953614248, 0.19964217432],
      [0.016361203639, 0.45832228911, 0.4647384066, 0.018899871248, 0.041678229398],
      [0.18636822431, 0.056521655949, 0.012372884779, 0.74473723497, 0],
      [0.031253865078, 0.073523680137, 0.26957459211, 0.12257965137, 0.5030682113]
    ],
    [
      [0.014762108233, 0, 0.074311152383, 0.21743109397, 0.69349564542],
      [0.37371025054, 0, 0.07603401151, 0.23464170261, 0.31561403534],
      [0.010240563126, 0, 0.91077878531, 0.017093003921, 0.06188764764],
      [0.15503331744, 0, 0.042274872834, 0.79759884886, 0.0050929608664],
      [0.019899447158, 0, 0.42121015447, 0.11019183017, 0.44869856821]
    ],
    [
      [0.020519848331, 0.0048226746214, 0.093890691022, 0.22259681446, 0.65816997156],
      [0.40227092174, 0.090589440496, 0.076307864047, 0.18708381803, 0.24374795568],
      [0.012133885309, 0.11748059522, 0.80837667932, 0.016969197667, 0.045039642486],
      [0.19372883703, 0.016917186704, 0.063426950238, 0.71680126596, 0.0091257600688],
      [0.024845807132, 0.018890758269, 0.46423206196, 0.10135944661, 0.39067192603]
    ],
    [
      [0, 0, 0, 0, 1],
      [0, 0, 0, 0, 1],
      [0, 0, 0.81673787609, 0, 0.18326212391],
      [0, 0, 0.091631061953, 0.83333333333, 0.075035604714],
      [0, 0, 0, 0, 1]
    ],
    [
      [0.011756787933, 0.0024738797041, 0.088241205657, 0.17184333454, 0.72568479216],
      [0.31298198787, 0.058205562601, 0.09451392888, 0.18719148052, 0.34710704013],
      [0.004912616669, 0.06697997142, 0.87066196073, 0.0015965222688, 0.05584892891],
      [0.14523740156, 0.013166551587, 0.11144606, 0.71216689581, 0.01798309105],
      [0.015099712366, 0.0096832774142, 0.44787748971, 0.081389444993, 0.44595007552]
    ],
    [
      [0.011258217341, 0.0011264599475, 0.069808784829, 0.16160275851, 0.75620377938],
      [0.3045879684, 0.031172609516, 0.080612145216, 0.18688047925, 0.39674679762],
      [0.0078140701493, 0.040937400657, 0.8604565403, 0.009980553887, 0.080811435002],
      [0.14987963419, 0.0062372805214, 0.077198581774, 0.73323336637, 0.03345113715],
      [0.015123857702, 0.0052267815946, 0.39160438611, 0.081570384685, 0.50647458991]
    ],
    [
      [0.022055386826, 0.015008394637, 0.30637788425, 0.65655833429, 0],
      [0.32829824096, 0.18517635899, 0.15485798588, 0.33166741418, 0],
      [0, 0.1120581143, 0.8879418857, 0, 0],
      [0.072182930246, 0.026613852762, 0.12211718904, 0.77908602795, 0],
      [0.014200405989, 0.029546843348, 0.80679963477, 0.14945311589, 0]
    ],
    [
      [0, 0.015181518309, 0.28767245801, 0.69714602369, 0],
      [0, 0.27728305321, 0.21312838217, 0.50958856462, 0],
      [0, 0.11328738925, 0.88671261075, 0, 0],
      [1.5638551148e-32, 0.025081951012, 0.10901910101, 0.86589894798, 0],
      [0, 0.030870245491, 0.80821305902, 0.16091669548, 0]
    ],
    [
      [1.1102230246e-16, 0, 0.018307290286, 0.040484784064, 0.94120792565],
      [1.1102230246e-16, 0, 0.053534547058, 0.11990234049, 0.82656311246],
      [0, 0, 0.80583422761, 0, 0.19416577239],
      [0, 0, 0.12777842029, 0.72428071445, 0.14794086527],
      [1.1102230246e-16, 0, 0.1855502332, 0.016456070549, 0.79799369625]
    ],
    [
      [0, 0, 0, 0, 1],
      [0, 0, 0, 0, 1],
      [0, 0, 0.86830298103, 0, 0.13169701897],
      [0.25, 0, 0.56584850948, 0, 0.18415149052],
      [0, 0, 0, 0, 1]
    ],
    [
      [0.0131030619, 0.001763200149, 0.073168852229, 0.16213302278, 0.74983186294],
      [0.34227127349, 0.043657274414, 0.078063924245, 0.1792387757, 0.35676875215],
      [0.010219695656, 0.057700352127, 0.84919151947, 0.01416095238, 0.068727480365],
      [0.17207772687, 0.0090111879869, 0.075012380938, 0.72211995986, 0.021778744337],
      [0.017674247886, 0.0076943089902, 0.40476228756, 0.082046207721, 0.48782294784]
    ],
    [
      [0.0057290701547, 0.003429975071, 0.01603832809, 0.14537881923, 0.82942380746],
      [0.15323800004, 0.25560057037, 0.019539846145, 0.16905569006, 0.40256589339],
      [0.0091494569787, 0.45074496066, 0.37634825579, 0.036622381774, 0.1271349448],
      [0.081446202927, 0.041339531129, 0.0094478838001, 0.82023153355, 0.047534848595],
      [0.0098657754374, 0.045285848418, 0.15852472095, 0.099969603541, 0.68635405165]
    ],
    [
      [0.013314317064, 0.004936845796, 0.10271816416, 0.25454506628, 0.6244856067],
      [0.30035191848, 0.10728109064, 0.095526784971, 0.24071304244, 0.25612716347],
      [0.024528166373, 0.11317716838, 0.82921746016, 0.020042914366, 0.01303429072],
      [0.11138915345, 0.017959711311, 0.080142353615, 0.79050878163, 0],
      [0.015589245852, 0.018974375197, 0.4975213751, 0.11221871033, 0.35569629352]
    ],
    [
      [0.0027406951279, 0, 0.01682001888, 0.025454507584, 0.95498477841],
      [0.34123058363, 0, 0.076878779475, 0.10610009514, 0.47579054175],
      [0, 0, 0.93659715538, 0, 0.063402844623],
      [0.20734617705, 0, 0.15501693045, 0.61173748811, 0.025899404392],
      [0.011408396966, 0, 0.30401679683, 0.039049826344, 0.64552497986]
    ],
    [
      [0.020786860159, 0.00072391013824, 0.04748407247, 0.1779047112, 0.75310044604],
      [0.44438606102, 0.019442291099, 0.046464937722, 0.16954883581, 0.32015787435],
      [0.019406999414, 0.040301801439, 0.82510640878, 0.017629575582, 0.097555214788],
      [0.24045904283, 0.0026995602122, 0.015687772831, 0.72566822763, 0.015485396497],
      [0.029264800443, 0.0043236694228, 0.31668400709, 0.098061704515, 0.55166581853]
    ],
    [
      [0.015947741499, 0.0013076441535, 0.079260543887, 0.17925715278, 0.72422691768],
      [0.37444963645, 0.031994829919, 0.0815077942, 0.18179710801, 0.33025063142],
      [0.012293563475, 0.041796975982, 0.86339307639, 0.019984357192, 0.06253202696],
      [0.18428035165, 0.006251685463, 0.072661076298, 0.71944692544, 0.017359961146],
      [0.020047240672, 0.0057806970163, 0.42796638373, 0.086387943693, 0.45981773489]
    ],
    [
      [0.0073297995801, 0.0021284059521, 0.038802861134, 0.14144523804, 0.81029369529],
      [0.21681085862, 0.081218146665, 0.052368724215, 0.18204771392, 0.46755455658],
      [0.0074870720787, 0.13333838546, 0.72300354699, 0.014771371367, 0.1213996241],
      [0.11691058098, 0.013381966862, 0.030818618692, 0.78368460303, 0.055204230435],
      [0.011053810312, 0.014055984487, 0.2725418432, 0.081983289925, 0.62036507208]
    ],
    [
      [0.0065557981242, 0.00091206998644, 0.058771573706, 0.1285663615, 0.80519419669],
      [0.22227867485, 0.02856300866, 0.080530582662, 0.17849980906, 0.49012792477],
      [0.0049998609809, 0.037294677363, 0.84856355868, 0.0046344586084, 0.10450744437],
      [0.11304547697, 0.0065235195046, 0.091102083948, 0.75235381986, 0.036975099718],
      [0.0095393157906, 0.0042975493609, 0.34885509708, 0.069786893273, 0.56752114449]
    ],
    [
      [0.0099860868348, 0.00073629830088, 0.07008820942, 0.10993881042, 0.80925059502],
      [0.30847572632, 0.019213254494, 0.086229180295, 0.13557189594, 0.45050994295],
      [0, 0.0062747735715, 0.89145128625, 0, 0.10227394018],
      [0.17848415698, 0.022908070371, 0.13081663225, 0.61624506913, 0.051546071273],
      [0.013987253278, 0.0030784172151, 0.38164759355, 0.055683354883, 0.54560338108]
    ],
    [
      [0.017560636297, 0.00085897286273, 0.053166759104, 0.11750364643, 0.81090998531],
      [0.42829961678, 0.021597981909, 0.04564061714, 0.1257173248, 0.37874445937],
      [0.035056661294, 0.037939193988, 0.78754733077, 0.019265742367, 0.12019107158],
      [0.27190988422, 0.0051532862604, 0.048636344044, 0.6315265975, 0.042773887973],
      [0.026197283566, 0.0042328627363, 0.32704503548, 0.064925250586, 0.57759956763]
    ],
    [
      [0.015107908299, 0.001580936207, 0.067864405596, 0.06642865246, 0.84901809744],
      [0.4263000853, 0.035894640081, 0.073420617595, 0.069949349494, 0.39443530753],
      [0, 0.015742984603, 0.88195572391, 0, 0.10230129149],
      [0.30719115843, 0.12352881851, 0.13926341386, 0.38355982356, 0.046456785641],
      [0.021167074429, 0.0066746881316, 0.37559582952, 0.033414148319, 0.5631482596]
    ],
    [
      [0.01690844682, 0.0011011062216, 0.110221453, 0.188678231, 0.68309076296],
      [0.39688615087, 0.022814244196, 0.106201644, 0.18103986235, 0.29305809858],
      [0, 0.024124503632, 0.93563555009, 0, 0.040239946281],
      [0.18629242471, 0.0076829416498, 0.12119615192, 0.67153722337, 0.013291258359],
      [0.019738709243, 0.0039382106569, 0.50802021307, 0.081254657614, 0.38704820942]
    ],
    [
      [0.017371018687, 0.00063873327799, 0.066606455727, 0.16809095697, 0.74729283534],
      [0.40664880469, 0.015982013162, 0.066928377297, 0.17226982713, 0.33817097772],
      [0.014855978019, 0.024558313508, 0.86583540375, 0.017977841594, 0.076772463131],
      [0.21397275305, 0.0028126578877, 0.045025047598, 0.71809028412, 0.02009925734],
      [0.023442215216, 0.0030278820418, 0.38561764482, 0.0869476578, 0.50096460013]
    ],
    [
      [0.0086639005152, 0.0011750124362, 0.053855061719, 0.11761241369, 0.81869361164],
      [0.27050065085, 0.034976273065, 0.070009005983, 0.15491767837, 0.46959639173],
      [0.0075970567913, 0.050712528117, 0.83398237258, 0.0069711553791, 0.10073688714],
      [0.15528971069, 0.0089190110966, 0.085734930994, 0.7064199485, 0.043636398721],
      [0.012853304032, 0.0056192199786, 0.32927183714, 0.065480461039, 0.58677517781]
    ],
    [
      [0.009837127106, 0.00036039365101, 0.056348793535, 0.13901001907, 0.79444366664],
      [0.29083829246, 0.011304682449, 0.070742204718, 0.17574170893, 0.45137311144],
      [0.008431793354, 0.016555639032, 0.86115227713, 0.0098344324968, 0.10402585799],
      [0.15215957848, 0.0022192198921, 0.062780532156, 0.73322469688, 0.049615972586],
      [0.014106792194, 0.0018369472192, 0.34328327694, 0.075175590512, 0.56559739313]
    ],
    [
      [0.0090366830671, 0.0013677407277, 0.089694407984, 0.1437284866, 0.75617268163],
      [0.27945185654, 0.033434366722, 0.1038582893, 0.17507325892, 0.40818222851],
      [0, 0.032632562843, 0.89776064019, 0, 0.069606796965],
      [0.13503104823, 0.010123153844, 0.14279703396, 0.67731473462, 0.034734029345],
      [0.012297329569, 0.0050814763279, 0.44220517905, 0.068961360514, 0.47145465454]
    ],
    [
      [0.011834616668, 0.0013444911136, 0.089587079317, 0.16053722966, 0.73669658324],
      [0.31545795118, 0.032756296424, 0.099128838281, 0.17975550986, 0.37290140425],
      [0.0047573430293, 0.037195877648, 0.89392770965, 0, 0.064119069669],
      [0.15128939085, 0.0078259539053, 0.125555218, 0.6896707305, 0.025658706748],
      [0.01478860104, 0.0052949079716, 0.44968937278, 0.074584547669, 0.45564257054]
    ],
    [
      [0.0086284959485, 0.0021175003288, 0.098782285491, 0.18262671308, 0.70784500516],
      [0.2444605326, 0.053392772674, 0.11380824192, 0.21419277154, 0.37414568127],
      [0.0031123371017, 0.052564750651, 0.88955815878, 0.00087831954001, 0.053886433929],
      [0.10329419292, 0.011459773602, 0.13348573397, 0.73362089305, 0.018139406457],
      [0.010601784024, 0.0079572503158, 0.47600149472, 0.0824835389, 0.42295593204]
    ],
    [
      [0.013916740583, 0.0018042747901, 0.074779730864, 0.14762004267, 0.7618792111],
      [0.35524121292, 0.043540227541, 0.079483742523, 0.15894900419, 0.36278581283],
      [0.0088670500641, 0.057770253373, 0.85453806059, 0.0066595050577, 0.072165130919],
      [0.18892314695, 0.010400550366, 0.094715235066, 0.67723925034, 0.028721817284],
      [0.018487026105, 0.0076951077262, 0.4058587225, 0.073400376289, 0.49455876738]
    ],
    [
      [0.010971761703, 0.0023082370024, 0.057566554343, 0.12262787511, 0.80652557184],
      [0.30107148749, 0.060255395177, 0.066556277889, 0.1436495656, 0.42846727385],
      [0.009007623713, 0.089834337258, 0.79501267348, 0.0042306112558, 0.1019147543],
      [0.18002854723, 0.01589179334, 0.084099799356, 0.67604368499, 0.043936175084],
      [0.015685604613, 0.01063298505, 0.33486346647, 0.065725633027, 0.57309231084]
    ],
    [
      [0.014034604133, 0.002398251648, 0.084169831488, 0.13077748918, 0.76861982355],
      [0.35498224424, 0.053347452641, 0.08931866063, 0.1355530083, 0.36679863419],
      [0, 0.053577883347, 0.87301267674, 0, 0.073409439909],
      [0.20115395525, 0.027141291542, 0.13852632867, 0.59929665638, 0.033881768165],
      [0.018150547135, 0.0093205877301, 0.42551634615, 0.062295444601, 0.48471707438]
    ],
    [
      [0.011711810272, 0.0021017349436, 0.09644748174, 0.15089029611, 0.73884867693],
      [0.31515762707, 0.048473884614, 0.10505740865, 0.16544505823, 0.36586602144],
      [0, 0.038774657807, 0.90136368932, 0, 0.059861652874],
      [0.15400162974, 0.022288805016, 0.15559653409, 0.64219956852, 0.025913462642],
      [0.014539438895, 0.0077888153494, 0.46499768248, 0.068389244581, 0.4442848187]
    ],
    [
      [0.010180160835, 0.0015584393228, 0.073078241974, 0.14047320801, 0.77470994986],
      [0.29036853021, 0.040363373785, 0.085610507107, 0.16704018285, 0.41661740605],
      [0.0041122614426, 0.050958911193, 0.85979587454, 0, 0.085132952829],
      [0.15154522033, 0.0098668834321, 0.10653405215, 0.69313888296, 0.038914961127],
      [0.013878037272, 0.006585377442, 0.39403224576, 0.070727960509, 0.51477637902]
    ],
    [
      [0.016896018817, 0.0035735015059, 0.099819208468, 0.16823576036, 0.71147551085],
      [0.39166717163, 0.070192258404, 0.093499494719, 0.15615070286, 0.28849037238],
      [0, 0.080924170753, 0.87470419334, 0, 0.044371635906],
      [0.19899248964, 0.021059188807, 0.12688602191, 0.63985284283, 0.013209456811],
      [0.020698288434, 0.012881463293, 0.47811479164, 0.075744713945, 0.41256074269]
    ],
    [
      [0.014988175355, 0.0014698016152, 0.11234936682, 0.25947837707, 0.61171427914],
      [0.345197229, 0.032317658277, 0.10744710024, 0.25379369482, 0.26124431766],
      [0.0070134662388, 0.033401698339, 0.90542097752, 0.016482495829, 0.037681362077],
      [0.13033947731, 0.0047185092975, 0.075652409034, 0.78441188929, 0.0048777150681],
      [0.017146472289, 0.0054366869432, 0.52556150569, 0.11164216163, 0.34021317345]
    ],
    [
      [0.012362118863, 0.0024348106781, 0.057639465628, 0.16086478284, 0.76669882199],
      [0.31299602933, 0.06440989036, 0.062352125737, 0.1787139661, 0.38152798847],
      [0.012465826113, 0.097046702875, 0.77934244077, 0.022432766702, 0.088712263542],
      [0.16760548371, 0.011278768954, 0.041254664646, 0.7512985053, 0.028562577393],
      [0.017200403557, 0.012004352986, 0.34426020021, 0.085623198851, 0.54091184439]
    ],
    [
      [0.01615380785, 0.00043956992415, 0.078011745004, 0.14812133445, 0.75727354277],
      [0.40378096945, 0.010313219628, 0.077181995594, 0.15562288051, 0.35310093481],
      [0.015573643325, 0.014136955569, 0.88579554136, 0.0085064732752, 0.07598738647],
      [0.21588406923, 0.0024306201142, 0.087130757573, 0.6666924311, 0.027862121985],
      [0.021464934321, 0.0018548184077, 0.41764355145, 0.072738369396, 0.48629832643]
    ],
    [
      [0.0062979478014, 0.0013854247473, 0.076007354323, 0.1875469344, 0.72876233873],
      [0.1959260768, 0.042287672943, 0.097184943342, 0.24149195365, 0.42310935326],
      [0.003299276407, 0.04604037208, 0.86000446324, 0.020614377897, 0.070041510372],
