{
  "X": [
    [16, 31, 24, 29],
    [12, 35, 23, 30],
    [11, 38, 34, 17],
    [13, 32, 31, 24],
    [14, 34, 38, 14],
    [14, 31, 34, 21],
    [18, 34, 22, 26],
    [16, 33, 27, 24],
    [15, 33, 28, 24],
    [12, 33, 34, 21],
    [18, 39, 21, 22],
    [15, 33, 25, 27],
    [18, 28, 22, 32],
    [17, 43, 20, 20],
    [12, 35, 23, 30],
    [16, 31, 25, 28],
    [26, 37, 18, 19],
    [20, 58, 9, 13],
    [18, 59, 9, 14],
    [28, 51, 11, 10],
    [18, 61, 11, 10],
    [21, 58, 14, 7],
    [21, 62, 12, 5],
    [23, 57, 7, 13],
    [19, 66, 8, 7],
    [20, 62, 9, 9],
    [20, 59, 10, 11],
    [21, 58, 8, 13],
    [20, 56, 13, 11],
    [14, 65, 10, 11],
    [18, 65, 8, 9],
    [19, 57, 11, 13],
    [19, 62, 10, 9],
    [27, 34, 16, 23],
    [28, 21, 18, 33],
    [27, 28, 25, 20],
    [31, 22, 25, 22],
    [28, 17, 25, 30],
    [28, 27, 25, 20],
    [23, 32, 16, 29],
    [26, 20, 18, 36],
    [28, 21, 16, 35],
    [19, 30, 16, 35],
    [22, 29, 23, 26],
    [29, 33, 19, 19],
    [30, 24, 16, 30],
    [23, 31, 25, 21],
    [26, 22, 17, 35],
    [30, 31, 18, 21],
    [27, 28, 16, 29]
  ],
  "W": [
    [69, 17, 14],
    [74, 11, 15],
    [64, 19, 17],
    [64, 17, 19],
    [70, 15, 15],
    [69, 16, 15],
    [67, 11, 22],
    [72, 8, 20],
    [68, 14, 18],
    [72, 15, 13],
    [69, 16, 15],
    [61, 16, 23],
    [59, 22, 19],
    [65, 15, 20],
    [78, 13, 9],
    [69, 14, 17],
    [44, 35, 21],
    [18, 64, 18],
    [12, 74, 14],
    [23, 67, 10],
    [19, 67, 14],
    [17, 60, 23],
    [19, 69, 12],
    [14, 74, 12],
    [11, 76, 13],
    [15, 63, 22],
    [23, 62, 15],
    [21, 59, 20],
    [20, 65, 15],
    [14, 69, 17],
    [13, 70, 17],
    [11, 68, 21],
    [16, 71, 13],
    [13, 32, 55],
    [18, 14, 68],
    [15, 20, 65],
    [11, 21, 68],
    [14, 13, 73],
    [17, 17, 66],
    [18, 17, 65],
    [13, 16, 71],
    [21, 15, 64],
    [14, 17, 69],
    [14, 19, 67],
    [20, 19, 61],
    [12, 16, 72],
    [13, 24, 63],
    [16, 19, 65],
    [17, 22, 61],
    [21, 14, 65]
  ],
  "method": "mcmc",
  "mcmc_stepsize": 3000,
  "mcmc_samples": 100,
  "burn_in": 10000,
  "cond_prob": [
    [
      [0.10219674502, 0.31824262781, 0.21745650834, 0.36210411883],
      [0.351558952, 0.52791434396, 0.11817558239, 0.0023511216527],
      [0.21228017213, 0.0047653452445, 0.49903685886, 0.28391762376]
    ],
    [
      [0.069540889951, 0.38876048916, 0.20357955721, 0.33811906368],
      [0.34828160064, 0.46368622357, 0.18322986767, 0.0048023081209],
      [0.20152510244, 0.075411689548, 0.39463894813, 0.32842425989]
    ],
    [
      [0.072806021204, 0.35592371627, 0.35671741843, 0.2145528441],
      [0.14609388938, 0.64360141642, 0.2091734062, 0.0011312880045],
      [0.20968416146, 0.17602677921, 0.42328179429, 0.19100726504]
    ],
    [
      [0.078039450765, 0.32732608734, 0.34386357333, 0.25077088857],
      [0.2935772453, 0.587667307, 0.11779814746, 0.00095730022939],
      [0.15866642004, 0.055830852178, 0.36790330526, 0.41759942252]
    ],
    [
      [0.088078249078, 0.35525465249, 0.40620433764, 0.15046276079],
      [0.3234669836, 0.47609665307, 0.19760939919, 0.0028269641318],
      [0.1988345207, 0.13271496865, 0.44010369181, 0.22834681884]
    ],
    [
      [0.076259106404, 0.31663472898, 0.35918663898, 0.24791952563],
      [0.36458687383, 0.50016992614, 0.13274401836, 0.0024991816768],
      [0.19364877846, 0.076632325481, 0.47281450776, 0.2569043883]
    ],
    [
      [0.16222495702, 0.38820751237, 0.19353043009, 0.25603710052],
      [0.27660778472, 0.62711015466, 0.090298162507, 0.005983898115],
      [0.18582919308, 0.049631134996, 0.36546279074, 0.39907688118]
    ],
    [
      [0.11090495001, 0.38922282691, 0.27290490906, 0.22696731402],
      [0.39171508257, 0.47472567243, 0.12797417935, 0.0055850656416],
      [0.24405614692, 0.058907554161, 0.31635265564, 0.38068364328]
    ],
    [
      [0.1173891515, 0.35220511232, 0.26542385888, 0.26498187729],
      [0.28710302336, 0.56932077385, 0.14145554989, 0.0021206529004],
      [0.16656085394, 0.05997564045, 0.44282221653, 0.33064128908]
    ],
    [
      [0.05951974967, 0.33191102081, 0.3577208944, 0.25084833512],
      [0.32553669937, 0.5288590068, 0.14422973871, 0.0013745551182],
      [0.21780981025, 0.089963184592, 0.46774227097, 0.22448473419]
    ],
    [
      [0.14161465281, 0.42506568737, 0.18483695156, 0.24848270826],
      [0.32583114596, 0.55439051322, 0.11379329678, 0.0059850440371],
      [0.20101937473, 0.053347957318, 0.42837050627, 0.31726216168]
    ],
    [
      [0.084926538874, 0.37271246324, 0.246183034, 0.29617796388],
      [0.36772078313, 0.56512129172, 0.061509525699, 0.0056483994527],
      [0.17112819994, 0.053156481511, 0.39124706586, 0.38446825269]
    ],
    [
      [0.11858428417, 0.30338934695, 0.22113839244, 0.35688797644],
      [0.36385317199, 0.45525826791, 0.090340828618, 0.090547731487],
      [0.15782933948, 0.0044392966426, 0.36659666402, 0.47113469986]
    ],
    [
      [0.12295187729, 0.48375791938, 0.17746571743, 0.2158244859],
      [0.39328124248, 0.53576462852, 0.066328368788, 0.0046257602094],
      [0.15544546695, 0.17596329062, 0.37349014177, 0.29510110066]
    ],
    [
      [0.09351571904, 0.33732695634, 0.21478604375, 0.35437128087],
      [0.27401360172, 0.5196426058, 0.14115122096, 0.065192571528],
      [0.12706634362, 0.21479372555, 0.49019141281, 0.16794851802]
    ],
    [
      [0.11667365663, 0.3298663365, 0.22116797048, 0.33229203638],
      [0.34973146369, 0.50557043172, 0.13346948753, 0.01122861706],
      [0.17960454122, 0.068308043362, 0.46299042419, 0.28909699123]
    ],
    [
      [0.19860003313, 0.37446797837, 0.18287526718, 0.24405672133],
      [0.36527322885, 0.50681619015, 0.07076899494, 0.057141586066],
      [0.21319216823, 0.13261153794, 0.35602730577, 0.29816898806]
    ],
    [
      [0.080271717945, 0.48030000661, 0.08129831508, 0.35812996036],
      [0.22830591412, 0.7442466435, 0.02625069068, 0.001196751706],
      [0.21908503187, 0.095711927618, 0.32536589583, 0.35983714468]
    ],
    [
      [0.042664016459, 0.51079544983, 0.092987246598, 0.35355328711],
      [0.21107296851, 0.70092596688, 0.050450692739, 0.037550371869],
      [0.13347372375, 0.071566646641, 0.2964858413, 0.49847378831]
    ],
    [
      [0.089434489811, 0.47996265097, 0.17020532457, 0.26039753465],
      [0.35650574722, 0.58048700334, 0.047540900176, 0.015466349268],
      [0.20571216706, 0.1068229804, 0.39000372232, 0.29746113021]
    ],
    [
      [0.076426109075, 0.52591220198, 0.14498147748, 0.25268021147],
      [0.21706052618, 0.71762375468, 0.050413398135, 0.014902321005],
      [0.14320347666, 0.20906261422, 0.34768958949, 0.30004431962]
    ],
    [
      [0.036327740805, 0.69639872619, 0.12675233575, 0.14052119725],
      [0.23992527312, 0.71098865018, 0.040435062809, 0.0086510138894],
      [0.26030052256, 0.1522566367, 0.40952637059, 0.17791647015]
    ],
    [
      [0.10925262633, 0.57619992107, 0.21212719847, 0.10242025413],
      [0.2271185271, 0.71431802344, 0.047183697185, 0.011379752271],
      [0.27108514412, 0.1470214902, 0.39282567694, 0.18906768874]
    ],
    [
      [0.060467000546, 0.44008780196, 0.084815877777, 0.41462931972],
      [0.26326941384, 0.67046519218, 0.03620025604, 0.030065137946],
      [0.22262711403, 0.1020288793, 0.26114656368, 0.41419744299]
    ],
    [
      [0.062959719099, 0.55473887932, 0.1864037914, 0.19589761018],
      [0.19345695965, 0.7597906665, 0.034416091213, 0.012336282635],
      [0.27728570434, 0.16567551334, 0.25645656634, 0.30058221598]
    ],
    [
      [0.047197674254, 0.65528700753, 0.15105967061, 0.14645564761],
      [0.20709936154, 0.75870372355, 0.024267984471, 0.0099289304355],
      [0.28385341406, 0.19874365014, 0.23660099633, 0.28080193947]
    ],
    [
      [0.084512516609, 0.55303077372, 0.069150181981, 0.29330652769],
      [0.23764129299, 0.71712233527, 0.040332554824, 0.0049038169098],
      [0.22149679683, 0.12124716116, 0.39392849436, 0.26332754766]
    ],
    [
      [0.15007328744, 0.57483838417, 0.081588261699, 0.19350006669],
      [0.22632426639, 0.75495919382, 0.017593996604, 0.0011225431893],
      [0.22476646234, 0.069290074867, 0.26243003523, 0.44351342756]
    ],
    [
      [0.06047503437, 0.51493642668, 0.15763351415, 0.2669550248],
      [0.2457865894, 0.66673394259, 0.057847743579, 0.029631724435],
      [0.18762473344, 0.15757101321, 0.40581509229, 0.24898916105]
    ],
    [
      [0.052600688869, 0.5725143987, 0.088242273092, 0.28664263934],
      [0.16292193185, 0.77126440578, 0.045366729701, 0.020446932666],
      [0.11893982695, 0.22162084819, 0.3314296369, 0.32800968796]
    ],
    [
      [0.1288508516, 0.52690606934, 0.15984752852, 0.18439555054],
      [0.17753123054, 0.78782651385, 0.024532729674, 0.010109525929],
      [0.22927957595, 0.17660971346, 0.24733476777, 0.34677594282]
    ],
    [
      [0.086253770468, 0.45713293496, 0.23701465795, 0.21959863662],
      [0.2052648535, 0.7355606326, 0.03962046494, 0.019554048965],
      [0.19491421367, 0.093019747559, 0.27136414984, 0.44070188893]
    ],
    [
      [0.086585829077, 0.51555008409, 0.14172028928, 0.25614379755],
      [0.21670536479, 0.72503301878, 0.048440876149, 0.0098207402833],
      [0.17142660267, 0.17491187087, 0.33024408961, 0.32341743685]
    ],
    [
      [0.075034536902, 0.61204028114, 0.092146696939, 0.22077848502],
      [0.28982240097, 0.49687323082, 0.12394242727, 0.089361940932],
      [0.30454971253, 0.18442787198, 0.19701700486, 0.31400541064]
    ],
    [
      [0.34440276328, 0.3440880282, 0.13623503784, 0.17527417068],
      [0.33248735455, 0.5749597507, 0.080691708023, 0.011861186733],
      [0.25214598967, 0.09936733798, 0.21203066774, 0.43645600461]
    ],
    [
      [0.13308487169, 0.40131155202, 0.1337423618, 0.33186121448],
      [0.39983082245, 0.54915096624, 0.050643835521, 0.00037437578987],
      [0.26164785347, 0.16918934454, 0.33816904404, 0.23099375795]
    ],
    [
      [0.17483458011, 0.46338703538, 0.094773910309, 0.2670044742],
      [0.44637862164, 0.51150028777, 0.041090294643, 0.0010307959426],
      [0.28974806712, 0.090606420112, 0.33962633528, 0.28001917749]
    ],
    [
      [0.16775262398, 0.48433956807, 0.16677065351, 0.18113715443],
      [0.4527806347, 0.44507061154, 0.081198301877, 0.020950451887],
      [0.27075773991, 0.060730521876, 0.29602236886, 0.37248936936]
    ],
    [
      [0.27826145893, 0.30523142432, 0.13088509458, 0.28562202216],
      [0.34656990817, 0.57981326038, 0.069039286499, 0.0045775449549],
      [0.2633010115, 0.18112485394, 0.32729220487, 0.22828192968]
    ],
    [
      [0.17262858099, 0.39162599514, 0.18741333898, 0.24833208489],
      [0.24599668282, 0.56521983052, 0.096203879684, 0.092579606974],
      [0.24170372207, 0.23603069182, 0.16909375298, 0.35317183313]
    ],
    [
      [0.14837239018, 0.46272093123, 0.15261297161, 0.23629370698],
      [0.50367606391, 0.43414285539, 0.060129640249, 0.0020514404556],
      [0.22552594233, 0.099131580392, 0.21202756514, 0.46331491214]
    ],
    [
      [0.41748502928, 0.29287130949, 0.10074480968, 0.18889885156],
      [0.40014804997, 0.59166511255, 0.0068717233958, 0.0013151140867],
      [0.20672802556, 0.093355090822, 0.21533254915, 0.48458433447]
    ],
    [
      [0.19818512183, 0.35846553351, 0.15815688361, 0.28519246105],
      [0.37433743822, 0.53514428227, 0.065296493068, 0.02522178644],
      [0.14292278036, 0.23020332945, 0.18370671373, 0.44316717646]
    ],
    [
      [0.17088993379, 0.36345258845, 0.16071514431, 0.30494233346],
      [0.36830336076, 0.55678065046, 0.062720122951, 0.012195865822],
      [0.18820562795, 0.19899748363, 0.29191500961, 0.32088187882]
    ],
    [
      [0.33969540745, 0.32198762244, 0.097255040973, 0.24106192914],
      [0.36305307058, 0.57163547552, 0.061903647526, 0.0034078063702],
      [0.25095218869, 0.25736350027, 0.26030704717, 0.23137726387]
    ],
    [
      [0.087976049307, 0.42093916571, 0.16590991404, 0.32517487094],
      [0.43985190661, 0.49755283735, 0.060805470022, 0.0017897860216],
      [0.30425912365, 0.15260950853, 0.18105824321, 0.36207312462]
    ],
    [
      [0.1539305005, 0.53834067554, 0.077057945936, 0.23067087803],
      [0.45821287307, 0.50001452991, 0.041668727916, 0.00010386910631],
      [0.15875864349, 0.19049559524, 0.36505074973, 0.28569501154]
    ],
    [
      [0.18225080507, 0.43750085861, 0.13025656957, 0.24999176675],
      [0.4166031827, 0.52404555438, 0.054871531195, 0.0044797317308],
      [0.23336194842, 0.077586472756, 0.2134359353, 0.47561564352]
    ],
    [
      [0.1763187068, 0.41335839993, 0.11772506149, 0.29259783178],
      [0.45388384945, 0.49924454944, 0.046277421158, 0.00059417995467],
      [0.27896946388, 0.21294306744, 0.24558312605, 0.26250434263]
    ],
    [
      [0.22386187857, 0.54041865758, 0.078832162259, 0.15688730158],
      [0.4330464816, 0.44435905858, 0.081827540804, 0.040766919022],
      [0.24978845858, 0.16046432878, 0.20306060033, 0.38668661231]
    ]
  ],
  "expected_outcome": [
    [
      [7.0515754061, 5.1460258564, 4.6595853571, 4.994524849, 6.1654774354, 5.2618783419, 10.8690721203, 7.985156401, 7.9824623021, 4.2854219762, 9.7714110437, 5.1805188713, 6.9964727662, 7.9918720238, 7.2942260851, 8.0504823075, 8.7384014575, 1.444890923, 0.5119681975, 2.0569932656, 1.4520960724, 0.61757159369, 2.0757999003, 0.84653800764, 0.69255691009, 0.70796511381, 1.943787882, 3.1515390362, 1.2095006874, 0.73640964417, 1.6750610708, 0.94879147514, 1.3853732652, 0.97544897973, 6.199249739, 1.9962730753, 1.9231803812, 2.3485367358, 4.7304448019, 3.1073144578, 1.9288410724, 8.7671856148, 2.7745917056, 2.3924590731, 6.7939081491, 1.0557125917, 2.0010965065, 2.9160128812, 2.9974180157, 4.70109945],
      [21.9587413192, 28.7682761975, 22.7791178415, 20.9488695896, 24.8678256742, 21.8477962996, 26.0099033288, 28.0240435373, 23.9499476379, 23.8975934982, 29.3295324287, 22.7354602577, 17.8999714698, 31.4442647597, 26.3115025947, 22.7607772188, 16.4765910481, 8.645400119, 6.129545398, 11.0391409724, 9.9923318376, 11.8387783453, 10.9477985003, 6.1612292274, 6.1021276725, 9.8293051129, 12.7197077957, 12.0716060676, 10.2987285337, 8.0152015818, 6.8497789014, 5.0284622845, 8.2488013455, 7.9565236549, 6.1935845077, 6.0196732804, 5.0972573892, 6.780753953, 5.1889342135, 7.0492679126, 6.015372106, 6.1502974992, 5.0185174692, 5.0883362383, 6.4397524487, 5.0512699886, 6.998428782, 7.0000137377, 7.0270927988, 11.3487918093],
      [15.0044990754, 15.0648872338, 22.8299147792, 22.0072686932, 28.4343036349, 24.7838780899, 12.9665388161, 19.6491534524, 18.0488224041, 25.7559043968, 12.7537496575, 15.017165074, 13.0471651541, 11.5352716328, 16.7533114123, 15.2605899634, 8.0465117559, 1.4633696714, 1.1158469592, 3.914722465, 2.754648072, 2.1547897078, 4.0304167709, 1.1874222889, 2.0504417054, 2.2658950592, 1.5904541856, 1.7133534957, 3.152670283, 1.2353918233, 2.0780178708, 2.6071612375, 2.2675246285, 1.1979070602, 2.4522306811, 2.0061354271, 1.0425130134, 2.3347891491, 2.2250466078, 3.3734401017, 1.983968631, 2.1156410032, 2.2141963705, 2.2500120203, 1.9451008195, 1.9909189685, 1.0017532972, 2.0841051131, 2.0013260453, 1.6554754074],
      [24.9851841992, 25.0208107124, 13.7313820222, 16.0493368682, 10.5323932554, 17.1064472687, 17.1544857349, 16.3416466093, 18.0187676559, 18.0610801287, 17.1453068701, 18.0668557969, 21.0563906099, 14.0285915836, 27.6409599079, 22.9281505102, 10.7384957385, 6.4463392866, 4.2426394453, 5.9891432969, 4.800924018, 2.3888603533, 1.9459848284, 5.8048104761, 2.1548737119, 2.1968347141, 6.7460501368, 4.0635014006, 5.339100496, 4.0129969507, 2.397142157, 2.4155850029, 4.0983007608, 2.8701203052, 3.1549350723, 4.9779182172, 2.9370492162, 2.5359201621, 4.8555743768, 4.469977528, 3.0718181907, 3.9668758828, 3.9926944547, 4.2691926684, 4.8212385828, 3.9020984513, 2.9987214144, 3.9998682681, 4.9741631403, 3.2946333333]
    ],
    [
      [5.976502184, 3.8310976071, 2.7757838982, 4.9908131702, 4.8520047541, 5.8333899813, 3.0426856319, 3.1337206606, 4.019442327, 4.8830504906, 5.2132983353, 5.8835325301, 8.0047697837, 5.8992186372, 3.5621768223, 4.8962404917, 12.7845630096, 14.6115785034, 15.61939967, 23.8858850637, 14.5430552543, 14.3955163874, 15.6711783702, 19.481936624, 14.7027289335, 13.047259777, 14.7337601655, 13.3531317171, 15.9761283109, 11.2416132977, 12.427186138, 13.9580100377, 15.3860809001, 9.274316831, 4.6548229637, 7.9966164489, 9.3739510545, 5.8861482511, 5.8916884388, 4.181943608, 8.0588170226, 6.0022207496, 6.3637364497, 6.9977638545, 6.8980083411, 7.0376305057, 10.9971089536, 7.9154604713, 9.9854446879, 6.0626507424],
      [8.9745438474, 5.1005484593, 12.2284269119, 9.9903442191, 7.1414497961, 8.0027188182, 6.8982117013, 3.7978053795, 7.970490834, 7.9328851021, 8.8702482115, 9.0419406675, 10.015681894, 8.0364694278, 6.7553538754, 7.0779860441, 17.7385666552, 47.6317851839, 51.868521549, 38.8926292235, 48.0807915633, 42.6593190106, 49.2879436173, 49.614424221, 57.744090654, 47.798334584, 44.461584787, 44.5425924351, 43.3377062681, 53.2172439989, 55.1478559698, 50.0181230168, 51.4773443332, 15.8999433864, 8.0494365097, 10.9830193249, 10.7415060432, 5.78591795, 9.8568254264, 9.6087371188, 6.9462856862, 8.8749766882, 9.0974527986, 10.5788323588, 10.8610740349, 7.9608453976, 12.0003487179, 9.9568655331, 10.9833800877, 6.2210268201],
      [2.0089849005, 2.0155285444, 3.9742947178, 2.0025685069, 2.9641409879, 2.1239042937, 0.99327978758, 1.0237934348, 1.9803776984, 2.1634460806, 1.8206927485, 0.98415241118, 1.9874982296, 0.99492553181, 1.8349658724, 1.8685728254, 2.4769148229, 1.6800442035, 3.7333512627, 3.1852403118, 3.377697675, 2.4261037686, 3.2556751058, 2.678818947, 2.6156229322, 1.5288830217, 2.5006183991, 1.0380457997, 3.7601033326, 3.1303043494, 1.7172910772, 2.6941916159, 3.4393022066, 3.9661576727, 1.1296839123, 1.0128767104, 0.8628961875, 1.0555779244, 1.1736678705, 1.6354659546, 0.96207424399, 0.10307585094, 1.1100403822, 1.1916823361, 1.176169303, 0.97288752036, 1.00004947, 1.0425590927, 1.0181032655, 1.1455855713],
      [0.039969068097, 0.05282538933, 0.021494472085, 0.0162741039, 0.042404461978, 0.039986906829, 0.065822879265, 0.044680525133, 0.029689140606, 0.020618326772, 0.095760704593, 0.090374391242, 1.9920500927, 0.069386403141, 0.84750342986, 0.15720063884, 1.9999555123, 0.076592109182, 2.7787275183, 1.036245401, 0.99845550731, 0.51906083337, 0.78520290671, 2.224820208, 0.93755748029, 0.62552261744, 0.30403664841, 0.066230048168, 1.9260620883, 1.410838354, 0.70766681506, 1.3296753296, 0.69727256011, 2.8595821098, 0.16605661426, 0.0074875157974, 0.021646714795, 0.27235587453, 0.077818264233, 1.5738533186, 0.032823047289, 0.0197267113, 0.42877036948, 0.23172145062, 0.064748321033, 0.028636576345, 0.0024928585513, 0.085114902886, 0.013071959003, 0.5707368663]
    ],
    [
      [2.9719224099, 3.0228765366, 3.5646307448, 3.0146619808, 2.9825178105, 2.9047316769, 4.0882422479, 4.8811229384, 2.9980953709, 2.8315275332, 3.015290621, 3.9359485986, 2.9987574501, 3.108909339, 1.1435970926, 3.0532772008, 4.4770355329, 3.9435305736, 1.8686321325, 2.0571216706, 2.0048486732, 5.9869120189, 3.2530217295, 2.6715253683, 3.6047141564, 6.2447751092, 3.3224519525, 4.4953292467, 2.8143710017, 2.0219770581, 3.8977527912, 4.0931984872, 2.2285458347, 16.7502341892, 17.1459272973, 17.0071104757, 19.7028685643, 19.7653150132, 17.3778667593, 15.7107419343, 16.0123419051, 13.2305936356, 9.8616718447, 12.6097770724, 15.3080835099, 21.9066569026, 10.00179454, 15.1685266476, 17.0171372965, 16.2362498076],
      [0.066714833423, 1.1311753432, 2.9924552466, 1.0607861914, 1.9907245297, 1.1494848822, 1.0918849699, 1.1781510832, 1.0795615281, 1.1695213997, 0.80021935977, 1.2225990747, 0.084346636209, 3.5192658125, 1.9331435299, 1.1612367371, 2.7848422967, 1.7228146971, 1.001933053, 1.068229804, 2.9268765991, 3.5019026441, 1.7642578824, 1.2243465516, 2.1537816734, 4.3723603031, 1.8187074174, 1.3858014973, 2.3635651982, 3.7675544193, 3.0023651289, 1.9534146987, 2.2738543213, 10.1435329587, 6.7569789826, 10.9973073948, 6.1612365676, 4.433328097, 11.9542403601, 15.3419949686, 7.0383422078, 5.9747258126, 15.8840297322, 13.3328314029, 15.6991735164, 10.9878846138, 12.0012225001, 5.0431207292, 12.9895271136, 10.4301813707],
      [6.986516024, 5.9195842219, 7.195790503, 6.9901627999, 6.6015553772, 7.0922176164, 8.0401813964, 6.3270531128, 7.9707998975, 6.0806495226, 6.425557594, 8.9986825148, 6.9653366163, 7.4698028354, 4.4117227153, 7.8708372112, 7.4765734212, 5.856586125, 4.1508017781, 3.9000372232, 4.8676542529, 9.4191065237, 4.7139081233, 3.1337587641, 3.3339353624, 5.2052219192, 5.9089274153, 5.2486007047, 6.0872263844, 5.6343038273, 4.204691052, 5.6986471466, 4.2931731649, 10.8359352671, 14.4180854066, 21.9809878625, 23.0945907991, 21.6096329265, 21.6012855217, 10.9910939437, 15.0539571251, 13.7812831459, 12.6757632473, 19.5583056437, 15.8787298776, 13.0361935111, 22.9981972329, 13.8733357942, 14.9805706893, 13.1989390213],
      [3.9748467327, 4.9263638983, 3.2471235057, 7.9343890279, 3.4252022826, 3.8535658245, 8.7796913859, 7.6136728656, 5.9515432035, 2.9183015445, 4.7589324253, 8.8427698118, 8.9515592974, 5.9020220132, 1.5115366622, 4.9146488509, 6.2615487492, 6.4770686043, 6.9786330363, 2.9746113021, 4.2006204747, 4.0920788134, 2.2688122649, 4.9703693159, 3.9075688078, 6.1776426684, 3.9499132148, 8.8702685513, 3.7348374157, 5.5761646953, 5.8951910279, 9.2547396675, 4.2044266791, 17.270297585, 29.6790083135, 15.014594267, 19.041304069, 27.1917239634, 15.066607359, 22.9561691535, 32.895358762, 31.0133974059, 30.5785351758, 21.499085881, 14.1140130962, 26.0692649724, 17.9987857271, 30.915016829, 16.0127649007, 25.1346298004]
    ]
  ],
  "prob": [
    [0.1182195176, 0.39865668781, 0.21993547811, 0.26318831647],
    [0.2734692383, 0.65118307234, 0.058031445477, 0.01731624388],
    [0.2287243961, 0.14160691466, 0.28789264008, 0.34177604916]
  ],
  "iterations": 33,
  "time": 0.029119,
  "message": "Converged",
  "status": 0,
  "miniter": 0,
  "maxiter": 1000,
  "maxtime": 3600,
  "param_threshold": 0.001,
  "ll_threshold": "-Inf",
  "initial_prob": "group_proportional",
  "ballotbox_id": ["1", "2", "3", "4", "5", "6", "7", "8", "9", "10", "11", "12", "13", "14", "15", "16", "17", "18", "19", "20", "21", "22", "23", "24", "25", "26", "27", "28", "29", "30", "31", "32", "33", "34", "35", "36", "37", "38", "39", "40", "41", "42", "43", "44", "45", "46", "47", "48", "49", "50"],
  "candidates_id": ["1", "2", "3", "4"],
  "group_id": ["1", "2", "3"]
}
