{
  "Z_true": {},
  "V_true": [
    [34, 490, 95, 674, 211],
    [35, 81, 484, 607, 600],
    [255, 254, 5586, 4021, 380],
    [126, 3776, 124, 2997, 161],
    [46, 115, 54, 6935, 62],
    [1101, 495, 222, 1240, 76],
    [50, 101, 218, 671, 349]
  ],
  "p_true": [
    [0.0226, 0.3258, 0.0632, 0.4481, 0.1403],
    [0.0194, 0.0448, 0.2678, 0.3359, 0.332],
    [0.0243, 0.0242, 0.5322, 0.3831, 0.0362],
    [0.0175, 0.5256, 0.0173, 0.4172, 0.0224],
    [0.0064, 0.0159, 0.0075, 0.9616, 0.0086],
    [0.3513, 0.1579, 0.0708, 0.3957, 0.0243],
    [0.036, 0.0727, 0.1569, 0.4831, 0.2513]
  ],
  "Z_est": [
    [
      [0.0223, 0.0328, 0.0007, 0.0067, 0.0271, 0.0131, 0.0275, 0.0348, 0.0134, 0.0178, 0.0395, 0.0302, 0.0141, 0.0131, 0.0251, 0.0311, 0.0134, 0.0441, 0.0105, 0.0194, 0.0483, 0.0363, 0.0276, 0.0354, 0.0065, 0.0163, 0.0073, 0.0033, 0.0458, 0.0059, 0.066, 0.0076],
      [32.0208, 45.102, 1.4401, 9.9503, 43.704, 18.9865, 43.4077, 51.9114, 22.2764, 31.3829, 62.158, 32.5707, 21.513, 11.1572, 27.5756, 29.6615, 19.2627, 71.2902, 8.7599, 22.3618, 69.0896, 56.3996, 43.6588, 54.5183, 7.8138, 21.2417, 12.5923, 3.074, 71.3649, 9.7415, 88.3121, 10.9599],
      [0.5315, 1.8625, 0.0119, 0.3435, 0.8814, 0.4142, 0.9154, 0.8927, 0.4855, 1.2347, 1.3406, 0.2609, 0.385, 0.1008, 0.7922, 0.2549, 0.4291, 1.2515, 0.0771, 0.7031, 1.5913, 1.1121, 0.732, 1.1231, 0.0652, 1.1401, 0.1767, 0.0356, 1.1932, 0.0771, 2.0151, 1.3654],
      [7.0236, 5.4984, 0.0123, 1.1382, 8.663, 4.5687, 6.617, 14.3002, 1.7692, 4.2476, 8.4219, 0.2704, 1.0254, 0.1045, 1.4527, 0.2643, 3.0966, 7.2471, 0.0799, 2.3, 9.5945, 8.2495, 8.7781, 8.7438, 0.0676, 2.7052, 2.7005, 0.0369, 17.7471, 0.0799, 18.7436, 0.8455],
      [6.4017, 8.5044, 0.535, 3.5613, 12.7245, 4.0175, 10.0325, 11.861, 5.4555, 7.117, 16.0399, 10.8677, 4.0626, 5.6244, 7.1545, 12.7882, 5.1983, 13.1671, 4.0726, 6.6157, 16.6763, 11.2025, 9.8034, 11.5794, 3.0469, 5.8967, 2.5231, 2.8503, 14.6489, 3.0957, 27.8631, 2.8216]
    ],
    [
      [2.1017, 3.4835, 1.8247, 0.7295, 1.154, 1.259, 2.3728, 2.9079, 1.2494, 1.0057, 3.6611, 5.6308, 1.6443, 2.5029, 3.9112, 5.7459, 1.3804, 3.9623, 2.1784, 3.4097, 5.4231, 3.4232, 2.1177, 2.9462, 1.0047, 1.8483, 0.4118, 0.5094, 3.4241, 0.6564, 7.8001, 0.7628],
      [0.9468, 0.4668, 0.2739, 0.5271, 1.7912, 0.6837, 1.475, 1.738, 0.9247, 0.3915, 2.4294, 3.5849, 1.4685, 1.008, 1.2718, 2.2061, 0.7586, 2.2104, 0.8345, 1.206, 4.4576, 1.9273, 1.2984, 0.9372, 0.4698, 0.7369, 0.3299, 0.2259, 2.0342, 0.529, 4.4579, 0.4181],
      [15.1097, 12.8822, 4.888, 12.6222, 37.4375, 13.6636, 25.9249, 33.3459, 17.0469, 10.6982, 46.4071, 61.8656, 14.0832, 23.13, 25.6304, 54.9391, 15.1354, 30.5054, 21.4443, 27.3216, 57.0406, 32.697, 21.0484, 17.6428, 10.4405, 12.7863, 4.5276, 6.1545, 33.4132, 10.9913, 102.4852, 8.5132],
      [3.2232, 0.7244, 2.5374, 2.2341, 9.2338, 4.545, 3.2953, 11.497, 3.8184, 0.6076, 8.6243, 21.8924, 4.8052, 1.386, 3.3379, 9.5566, 2.6092, 2.902, 6.0779, 7.1228, 15.7766, 7.0151, 2.3056, 1.0048, 1.2559, 0.701, 0.5875, 0.3505, 7.8625, 2.2646, 34.4851, 1.4044],
      [11.6186, 13.4431, 1.476, 10.8872, 34.3835, 8.8488, 21.9319, 25.5113, 13.9606, 13.2971, 39.8782, 42.0262, 8.9988, 19.9731, 19.8487, 45.5523, 13.1164, 24.4199, 17.4649, 19.9399, 41.302, 24.9374, 19.23, 20.469, 9.829, 13.9274, 4.1432, 7.7597, 26.2659, 9.5586, 82.7718, 6.9015]
    ],
    [
      [2.6301, 2.4015, 0.2904, 0.8773, 0, 1.6115, 3.1919, 9.8176, 0.3059, 1.1618, 0, 2.6833, 0, 7.2401, 4.9928, 7.8325, 1.6302, 4.9187, 5.6457, 3.3635, 0, 2.0352, 0, 0, 2.8266, 1.8729, 0, 0, 2.2577, 0.3148, 7.0923, 4.239],
      [4.823, 5.2889, 0.0803, 0.3657, 1.5966, 0.7492, 18.1875, 1.9901, 14.5793, 4.3198, 14.5059, 2.6824, 19.3165, 8.0014, 1.3914, 1.7378, 0.7938, 18.9061, 0.3389, 0.9633, 16.5691, 14.7562, 16.4014, 10.9413, 1.84, 4.2125, 2.6921, 14.2148, 26.3842, 3.2938, 2.9255, 0.9506],
      [93.8446, 87.4973, 17.5273, 96.5744, 170.7824, 89.7731, 209.4089, 145.7743, 112.6811, 49.0671, 300.0285, 331.201, 79.9254, 220.9322, 215.4956, 407.9616, 94.5432, 259.345, 100.3985, 189.2361, 371.3161, 242.2607, 127.2965, 259.9423, 60.48, 85.2101, 25.9864, 80.9419, 205.4865, 61.327, 407.1688, 50.5966],
      [84.4185, 82.4822, 13.0631, 84.8662, 142.5062, 79.7108, 145.4155, 139.4083, 93.3317, 59.8551, 279.8227, 292.2957, 92.5872, 175.982, 217.7083, 401.4574, 72.7517, 241.3096, 91.9341, 165.0331, 375.2679, 214.4428, 147.5574, 277.6192, 57.5248, 79.9184, 25.6112, 72.1874, 197.3354, 48.5644, 319.5091, 9.9465],
      [1.2838, 2.3302, 0.0389, 2.3163, 15.1149, 0.1554, 4.7962, 6.0096, 2.102, 9.5962, 13.6429, 1.1376, 0.1709, 5.8444, 0.4118, 17.0107, 4.281, 0.5206, 3.6828, 0.4041, 0.847, 0.5051, 3.7446, 0.4973, 7.3286, 6.7861, 0.7103, 8.6559, 0.5361, 1.4999, 20.3043, 5.2673]
    ],
    [
      [4.216, 9.0545, 0.6201, 1.4529, 1.3989, 5.1626, 5.1995, 5.5035, 2.6771, 1.5509, 3.5672, 8.2509, 2.5646, 3.8493, 15.9154, 20.1999, 3.5548, 5.7837, 7.7693, 9.8869, 4.7212, 7.5867, 3.9524, 4.7712, 1.5376, 3.2218, 0.3497, 0.3934, 7.2113, 1.2605, 23.4802, 1.4448],
      [112.8485, 183.3113, 7.0905, 29.694, 129.3373, 62.3833, 153.8803, 148.6428, 85.4649, 122.0476, 225.0478, 155.6362, 94.0899, 71.86, 123.4022, 109.7162, 67.0867, 324.8032, 27.3106, 81.807, 248.2507, 218.5471, 141.7275, 210.8471, 31.1081, 69.0274, 43.7854, 80.5192, 213.6668, 40.105, 226.9934, 37.0185],
      [4.2904, 0.3356, 0.4725, 2.4716, 6.6278, 7.0841, 7.6116, 7.328, 4.1598, 0.2025, 11.1403, 8.7736, 4.1907, 4.1316, 7.2667, 8.132, 4.4801, 15.3623, 2.0486, 5.1923, 12.4634, 10.6594, 6.7133, 10.8616, 1.6747, 3.4398, 0.0998, 3.8531, 9.819, 2.0463, 14.6894, 1.9053],
      [65.8583, 67.4891, 7.519, 45.4256, 90.0308, 56.5234, 101.6145, 102.7562, 53.7978, 61.5641, 151.1865, 119.2768, 53.8444, 49.2421, 110.259, 117.544, 53.2339, 229.0602, 25.4709, 67.0165, 172.0724, 151.3353, 91.2963, 161.3359, 21.3192, 45.3856, 29.2318, 54.6485, 126.3293, 26.1942, 225.1809, 26.7466],
      [1.7869, 4.8096, 0.2978, 5.9558, 11.6053, 1.8466, 6.6941, 6.7696, 3.9004, 4.6348, 11.0583, 9.0626, 1.3104, 4.917, 3.1568, 10.4079, 3.6444, 3.9907, 3.4006, 3.0972, 6.4923, 3.8715, 6.3106, 6.1842, 2.3603, 3.9254, 1.5333, 3.5858, 5.9735, 2.394, 32.6562, 1.8847]
    ],
    [
      [0.1405, 0.1405, 0.0147, 0.1002, 0, 0.0855, 0.229, 0.1582, 0.1592, 0.1012, 0, 0.4088, 0.1494, 0.2241, 0.3017, 0.5778, 0.1425, 0.3823, 0.1366, 0.228, 0, 0.3518, 0.1946, 0, 0.0639, 0.1248, 0, 0, 0.3292, 0, 0.3548, 0.0462],
      [1.4222, 2.0143, 0.1001, 0.2856, 1.6806, 0.802, 2.1132, 1.8432, 1.2745, 1.3713, 3.2666, 2.4231, 1.5617, 1.244, 1.0867, 1.017, 0.62, 4.4722, 0.2647, 0.7523, 3.6813, 3.4665, 1.9285, 3.2031, 0.4546, 0.9922, 0.9508, 1.27, 3.0501, 3.1208, 3.1846, 0.4654],
      [1.7385, 1.6538, 0.2974, 1.7481, 2.7506, 1.3869, 3.3114, 2.4394, 2.0217, 1.0916, 5.47, 5.6506, 1.6657, 3.3296, 3.7945, 7.2062, 2.1265, 4.7147, 2.1124, 4.0653, 6.4597, 4.3798, 2.4077, 9.1694, 0.9637, 1.5721, 0.2539, 3.1915, 3.9433, 6.9803, 6.3819, 0.7553],
      [139.497, 138.9895, 14.5877, 99.7221, 169.1522, 84.6029, 227.0175, 156.3319, 158.3159, 100.2906, 437.1932, 406.9303, 148.6233, 222.8805, 301.8172, 578.369, 141.9064, 379.4308, 136.2901, 226.9544, 485.859, 349.8019, 193.1898, 484.6275, 63.4261, 124.1316, 56.7134, 156.3113, 327.2045, 128.681, 350.5692, 45.6667],
      [0.2018, 0.2018, 0, 0.144, 0.4166, 0.1228, 0.3289, 0.2273, 0.2287, 0.1454, 1.0702, 0.5872, 0, 0.3218, 0, 0.83, 0.2047, 0, 0.1962, 0, 0, 0, 0.2795, 0, 0.0917, 0.1793, 0.0819, 0.2273, 0.4729, 4.218, 0.5096, 0.0663]
    ],
    [
      [34.4479, 65.2411, 6.3943, 6.2962, 25.7816, 14.9975, 31.3736, 32.1905, 14.9572, 13.2616, 52.6889, 83.2994, 27.9017, 33.819, 55.0651, 73.7247, 17.6257, 65.2679, 24.0025, 38.1831, 86.7589, 50.8508, 32.5023, 52.6889, 12.8021, 30.3471, 6.4793, 6.5058, 50.6009, 6.5193, 85.081, 7.5324],
      [0.7724, 1.5622, 0.0022, 0.1248, 0.6868, 0.3038, 0.6891, 0.6477, 0.3367, 0.3146, 1.2392, 1.8559, 0.8994, 0.6899, 1.0795, 1.4601, 0.3739, 1.854, 0.4305, 0.7692, 8.5348, 1.5683, 0.7546, 1.2327, 0.263, 0.6746, 0.5838, 0.1626, 1.1495, 0.144, 1.7264, 0.1347],
      [0.2736, 0.2077, 0.1138, 0.2316, 0.568, 0.2364, 0.5275, 0.411, 0.2902, 0.1424, 0.794, 0.9198, 0.2366, 0.5407, 0.5694, 1.0365, 0.2537, 0.9086, 0.2804, 0.7923, 1.0266, 0.6443, 0.3597, 0.6649, 0.1615, 0.4949, 0.0717, 0.1975, 0.5695, 0.1689, 1.1624, 0.1273],
      [60.2154, 117.4289, 9.4897, 8.3019, 54.7255, 21.3503, 50.1584, 44.5146, 24.2948, 22.1725, 96.8176, 149.2103, 51.9623, 51.687, 79.286, 109.2156, 27.6074, 114.9695, 30.12, 57.2554, 179.6797, 86.9366, 58.1048, 96.9532, 19.6735, 53.226, 13.7237, 11.0796, 87.2562, 10.1163, 126.3792, 8.1572],
      [0.2907, 0.5602, 0, 0.0454, 2.2381, 0.112, 0.2513, 0.2362, 0.1211, 0.109, 0.4602, 0.7146, 0, 0.2634, 0, 0.5632, 0.1393, 0, 0.1665, 0, 0, 0, 0.2786, 0.4602, 0.0999, 0.2574, 0.1415, 0.0545, 0.4239, 0.0515, 0.651, 0.0484]
    ],
    [
      [3.4416, 5.6461, 0.8551, 1.5371, 3.6383, 1.8709, 4.6056, 4.3875, 2.6378, 1.9011, 7.0433, 9.6966, 2.7259, 5.3515, 9.7887, 10.8881, 2.653, 7.6409, 4.257, 5.9094, 11.0486, 6.716, 4.2054, 6.5583, 1.7586, 3.5688, 0.7519, 1.588, 6.1309, 1.2431, 13.1257, 0.9673],
      [0.1663, 0.2545, 0.0129, 0.0524, 0.2035, 0.0916, 0.2472, 0.227, 0.1434, 0.1723, 0.3531, 0.2467, 0.1511, 3.0395, 0.1928, 0.2013, 0.1043, 0.4641, 0.0608, 0.1404, 0.4169, 0.335, 0.2309, 0.3204, 0.0507, 0.1145, 0.0656, 2.5335, 0.3502, 0.0659, 0.4002, 0.0528],
      [6.2117, 6.561, 1.689, 6.0087, 11.9524, 4.4418, 13.3003, 9.8087, 8.3149, 4.5635, 20.8195, 23.3285, 5.5134, 14.8351, 16.4512, 27.4697, 7.0319, 17.9125, 9.6387, 14.6892, 29.1023, 17.2468, 10.4424, 17.5959, 4.2142, 7.3569, 1.8838, 6.626, 14.5753, 4.4091, 33.0972, 0.7369],
      [2.764, 2.3876, 1.7907, 4.3118, 7.6885, 0.6989, 8.8817, 4.1917, 7.6722, 4.2625, 15.9338, 17.1241, 3.1523, 9.718, 15.139, 20.5932, 5.7949, 13.0807, 11.0272, 14.3178, 28.7498, 14.2188, 9.768, 14.7156, 2.7328, 6.932, 1.4319, 5.3858, 10.2649, 3.0996, 27.1329, 0.233],
      [8.4164, 10.1508, 2.6523, 8.09, 17.5172, 4.8969, 17.9651, 13.3851, 12.2317, 8.1005, 29.8503, 32.6041, 7.4573, 21.0559, 22.4282, 38.8477, 10.4159, 24.9018, 16.0163, 21.9432, 43.6824, 24.4835, 16.3533, 24.8099, 6.2436, 12.0278, 2.8667, 10.8666, 20.6787, 6.1824, 51.244, 2.0101]
    ]
  ],
  "V_est": [
    [0.743, 1055.2592, 23.7954, 156.3934, 267.8091],
    [82.4431, 44.019, 821.8219, 185.0441, 673.6719],
    [81.2334, 235.7994, 5250.0106, 4781.4238, 147.5328],
    [178.1088, 3877.0567, 189.5269, 2759.7892, 179.5184],
    [5.1455, 55.3829, 105.0335, 7035.0845, 11.3537],
    [1145.1884, 33.0209, 14.9834, 1932.0691, 8.7382],
    [154.1378, 11.4619, 377.8284, 295.1959, 550.3759]
  ],
  "p_est": [
    [0.0005, 0.7016, 0.0158, 0.104, 0.1781],
    [0.0456, 0.0244, 0.4548, 0.1024, 0.3728],
    [0.0077, 0.0225, 0.5002, 0.4555, 0.0141],
    [0.0248, 0.5397, 0.0264, 0.3842, 0.025],
    [0.0007, 0.0077, 0.0146, 0.9755, 0.0016],
    [0.3654, 0.0105, 0.0048, 0.6165, 0.0028],
    [0.111, 0.0083, 0.272, 0.2125, 0.3962]
  ],
  "EI_Z": {},
  "EI_V": 10.4851,
  "MAE_Z": {},
  "MAE_V": 196.0776,
  "MAE_p": 0.0779,
  "runtime": 0.932
}
