{
  "X": [
    [10, 35, 132, 277, 33],
    [11, 57, 172, 439, 70],
    [9, 45, 111, 393, 24],
    [4, 6, 47, 158, 18],
    [34, 48, 133, 293, 30],
    [32, 41, 198, 299, 26],
    [25, 37, 125, 183, 19],
    [44, 98, 359, 517, 52],
    [29, 43, 244, 232, 36],
    [25, 36, 142, 252, 21],
    [22, 52, 252, 224, 29],
    [92, 159, 917, 1191, 131],
    [13, 34, 138, 156, 18],
    [47, 95, 380, 931, 61],
    [15, 25, 90, 156, 25],
    [40, 55, 256, 535, 37],
    [39, 56, 318, 441, 36],
    [26, 42, 190, 302, 36],
    [44, 72, 266, 623, 41],
    [1, 10, 26, 146, 13],
    [9, 23, 36, 69, 8],
    [5, 24, 102, 251, 23],
    [0, 15, 66, 308, 26],
    [3, 6, 14, 89, 7],
    [13, 30, 69, 317, 16],
    [2, 8, 18, 97, 20],
    [9, 24, 51, 195, 12],
    [7, 37, 104, 311, 32],
    [1, 22, 25, 92, 4],
    [20, 37, 97, 214, 23],
    [1, 27, 37, 257, 10],
    [3, 43, 71, 153, 8],
    [5, 0, 16, 93, 7],
    [5, 48, 150, 264, 30],
    [8, 47, 203, 267, 35],
    [9, 16, 54, 76, 13],
    [7, 40, 110, 202, 24],
    [11, 41, 78, 171, 11],
    [11, 59, 117, 399, 42],
    [3, 3, 14, 82, 3],
    [10, 17, 54, 147, 12],
    [0, 8, 18, 34, 3],
    [6, 11, 27, 82, 3],
    [5, 3, 13, 84, 8],
    [0, 7, 5, 59, 6],
    [20, 84, 251, 290, 40],
    [16, 59, 194, 219, 44],
    [11, 57, 156, 303, 27],
    [22, 19, 47, 138, 16],
    [10, 10, 33, 196, 7],
    [11, 28, 59, 84, 10],
    [58, 111, 313, 916, 78],
    [18, 19, 59, 132, 12],
    [1, 13, 22, 118, 13],
    [2, 7, 12, 59, 0],
    [0, 0, 1, 69, 2],
    [7, 38, 82, 257, 15],
    [7, 28, 93, 255, 19],
    [1, 2, 3, 35, 2],
    [19, 26, 85, 205, 22],
    [6, 27, 57, 159, 14],
    [5, 17, 57, 212, 20],
    [3, 9, 8, 77, 6],
    [3, 22, 55, 181, 19],
    [1, 32, 69, 191, 18],
    [11, 12, 38, 157, 17],
    [5, 23, 53, 170, 11],
    [2, 8, 9, 51, 1],
    [6, 7, 19, 164, 3],
    [11, 14, 36, 171, 16],
    [2, 9, 125, 194, 50],
    [99, 179, 676, 1705, 151],
    [12, 75, 170, 435, 47],
    [38, 206, 412, 954, 97],
    [5, 40, 58, 216, 18]
  ],
  "W": [
    [10, 40, 133, 259, 19, 26],
    [22, 59, 176, 410, 39, 43],
    [18, 47, 106, 366, 18, 27],
    [16, 11, 38, 140, 17, 11],
    [10, 40, 154, 271, 25, 38],
    [15, 26, 231, 252, 29, 43],
    [7, 32, 130, 158, 25, 37],
    [29, 74, 410, 441, 50, 66],
    [20, 30, 262, 205, 35, 32],
    [17, 33, 154, 210, 29, 33],
    [12, 42, 272, 190, 22, 41],
    [49, 137, 982, 1024, 139, 159],
    [2, 26, 150, 145, 13, 23],
    [48, 74, 421, 851, 56, 64],
    [9, 15, 92, 142, 21, 32],
    [28, 50, 273, 475, 39, 58],
    [21, 66, 318, 403, 32, 50],
    [9, 33, 208, 275, 30, 41],
    [31, 74, 307, 536, 44, 54],
    [11, 11, 27, 127, 7, 13],
    [3, 24, 29, 61, 13, 15],
    [13, 32, 101, 224, 19, 16],
    [26, 4, 81, 278, 13, 13],
    [8, 7, 16, 82, 3, 3],
    [20, 29, 72, 304, 6, 14],
    [15, 7, 21, 87, 7, 8],
    [11, 17, 61, 171, 13, 18],
    [23, 48, 93, 291, 14, 22],
    [1, 18, 30, 86, 4, 5],
    [7, 25, 106, 198, 36, 19],
    [9, 18, 51, 235, 7, 12],
    [6, 30, 82, 139, 9, 12],
    [4, 8, 16, 80, 6, 7],
    [15, 28, 168, 237, 29, 20],
    [14, 40, 199, 243, 27, 37],
    [5, 13, 51, 77, 9, 13],
    [15, 28, 116, 180, 22, 22],
    [6, 52, 72, 153, 20, 9],
    [28, 48, 130, 364, 19, 39],
    [3, 2, 10, 77, 5, 8],
    [9, 17, 49, 142, 3, 20],
    [0, 6, 22, 31, 3, 1],
    [2, 7, 29, 76, 4, 11],
    [12, 1, 11, 79, 2, 8],
    [2, 2, 11, 56, 2, 4],
    [22, 67, 247, 260, 53, 36],
    [9, 53, 203, 200, 33, 34],
    [12, 52, 155, 273, 35, 27],
    [7, 17, 55, 125, 18, 20],
    [5, 16, 42, 179, 5, 9],
    [4, 22, 64, 76, 10, 16],
    [34, 95, 361, 841, 57, 88],
    [8, 14, 71, 122, 10, 15],
    [11, 15, 14, 109, 6, 12],
    [5, 8, 11, 50, 1, 5],
    [5, 1, 2, 62, 0, 2],
    [15, 29, 100, 221, 14, 20],
    [19, 30, 92, 221, 18, 22],
    [2, 2, 3, 30, 4, 2],
    [13, 17, 98, 189, 20, 20],
    [15, 21, 70, 128, 11, 18],
    [11, 12, 60, 206, 11, 11],
    [11, 8, 6, 69, 4, 5],
    [4, 23, 64, 156, 13, 20],
    [3, 21, 78, 175, 15, 19],
    [6, 17, 33, 147, 11, 21],
    [18, 24, 56, 145, 9, 10],
    [3, 9, 16, 39, 3, 1],
    [11, 5, 23, 142, 11, 7],
    [16, 8, 35, 164, 10, 15],
    [1, 7, 146, 185, 20, 21],
    [90, 203, 703, 1538, 135, 141],
    [16, 57, 177, 413, 44, 32],
    [72, 159, 437, 865, 49, 125],
    [7, 40, 63, 209, 7, 11]
  ],
  "method": "mvn_cdf",
  "mvncdf_method": "genz",
  "mvncdf_samples": 5000,
  "mvncdf_error": 1e-06,
  "cond_prob": [
    [
      [0.073461487757, 0.029865541224, 0.0054308554416, 0.53000726482, 0.36123485076],
      [4.7674698865e-17, 0.58231711002, 0.11708820582, 0.17653540366, 0.1240592805],
      [4.417758523e-05, 0.04268868059, 0.80771649662, 0.096802693681, 0.052747951528],
      [0.00062392788539, 0.00076635236788, 0.046388602802, 0.95193528479, 0.00028583215828],
      [0.21329227649, 0.046052403595, 0.21212653232, 0.11279740764, 0.41573137995],
      [0.19405226646, 0.1791378745, 0.14580065089, 0.11805244004, 0.36295676812]
    ],
    [
      [0.049833914068, 0.030167161653, 0.004285060042, 0.46291659972, 0.45279726452],
      [0, 0.59197283209, 0.0935092253, 0.15657294645, 0.15794499616],
      [0, 0.05202523572, 0.77433900664, 0.11637117829, 0.057264579349],
      [0, 0.0023736350559, 0.044876979619, 0.95274938533, 0],
      [0.14686318744, 0.047628529801, 0.17130767314, 0.10125770346, 0.53294290616],
      [0.097116036753, 0.21913443787, 0.11684786793, 0.1051257016, 0.46177595584]
    ],
    [
      [0.059488697923, 0.038298600512, 0.0054429227115, 0.67097036315, 0.2257994157],
      [0, 0.64125433839, 0.10057656843, 0.19138164184, 0.066787451343],
      [0, 0.053686793752, 0.79375221079, 0.12002874567, 0.032532249785],
      [0, 0.0006821719937, 0.036014603859, 0.96103363342, 0.002269590728],
      [0.20379945861, 0.069743038123, 0.25103699968, 0.16849606999, 0.30692443359],
      [0.15780789564, 0.25836375973, 0.16063641943, 0.16419667276, 0.25899525244]
    ],
    [
      [0.04166050508, 0.014647535558, 0.0059952411596, 0.67660488624, 0.26109183196],
      [3.6964148967e-17, 0.39779628941, 0.17664765609, 0.30373419934, 0.12182185516],
      [0, 0, 0.83459423549, 0.11158825108, 0.053817513432],
      [0, 0, 0.039119550178, 0.95833148684, 0.0025489629776],
      [0.10363856765, 0.0078683820134, 0.32173046688, 0.19447868938, 0.37228389406],
      [0.14287056987, 0.11419252303, 0.20911054673, 0.19275874622, 0.34106761414]
    ],
    [
      [0.26865868239, 0.036047105013, 0.0034410518022, 0.4356164656, 0.25623669519],
      [0, 0.69560652748, 0.073362949879, 0.14374247626, 0.087288046387],
      [0, 0.075843941026, 0.75131337069, 0.11732607706, 0.055516611223],
      [0, 0.00098282185878, 0.034415998491, 0.9595735074, 0.0050276722553],
      [0.57742687497, 0.04072612281, 0.098262206419, 0.067997844597, 0.2155869512],
      [0.44415108689, 0.18028429313, 0.066987411809, 0.081093521255, 0.22748368692]
    ],
    [
      [0.16399909565, 0.033425726055, 0.0042709644386, 0.61114712772, 0.18715708614],
      [1.3376187895e-16, 0.64354149468, 0.091047033121, 0.20141738174, 0.063994090461],
      [0, 0.058369261625, 0.77156063318, 0.13641396122, 0.033656143978],
      [0, 0.00065684848214, 0.031178429413, 0.96723409087, 0.00093063123141],
      [0.45912548432, 0.04950863363, 0.1599033549, 0.12495770108, 0.20650482607],
      [0.37733429117, 0.20190603766, 0.11265220705, 0.13296632295, 0.17514114118]
    ],
    [
      [0.15866617067, 0.036849034326, 0.0054513778713, 0.59887724981, 0.20015616732],
      [0, 0.65127460918, 0.10630430812, 0.17994612509, 0.062474957601],
      [0, 0.0525477709, 0.80922831836, 0.109797751, 0.028426159741],
      [0, 0.00072944079568, 0.040549809498, 0.95872074971, 0],
      [0.42507575554, 0.052128218358, 0.19522264835, 0.11655295519, 0.21102042256],
      [0.35844440316, 0.20680005255, 0.13710770267, 0.11849116987, 0.17915667176]
    ],
    [
      [0.13451855691, 0.042387511551, 0.0048444245705, 0.59792576009, 0.22032374688],
      [0, 0.68254502093, 0.08708030935, 0.16675076998, 0.063623899744],
      [0, 0.06607090787, 0.77894685356, 0.11952540957, 0.035456828995],
      [0, 0.00089558982666, 0.036202763531, 0.96142324821, 0.0014783984356],
      [0.379770769, 0.063824313871, 0.18455502876, 0.12485629827, 0.24699359009],
      [0.31985489999, 0.23616950883, 0.1190028588, 0.12249561637, 0.20247711601]
    ],
    [
      [0.17727403673, 0.040581817701, 0.0062417353096, 0.48965014904, 0.28625226121],
      [0, 0.66569486923, 0.1134414228, 0.13770075228, 0.083162955697],
      [0, 0.052115035521, 0.83144806855, 0.075427527558, 0.041009368376],
      [0, 0.00096729419935, 0.055973269515, 0.93978566805, 0.0032737682358],
      [0.39156685772, 0.064645674719, 0.19871463067, 0.083281430207, 0.26179140668],
      [0.36717747641, 0.19070263551, 0.13134363522, 0.085720319476, 0.22505593338]
    ],
    [
      [0.12767645555, 0.030284712659, 0.0047364448955, 0.66357178467, 0.17373060222],
      [0, 0.60669695948, 0.10489389573, 0.22671673724, 0.061692407557],
      [0, 0.048497495495, 0.78906996128, 0.13690039518, 0.025532148043],
      [0, 0.0012361477544, 0.033043315528, 0.96572053672, 0],
      [0.39411389069, 0.049444974555, 0.19569187038, 0.1492770435, 0.21147222088],
      [0.34546052805, 0.19097123107, 0.13112264661, 0.15226119704, 0.18018439724]
    ],
    [
      [0.13380559539, 0.04101132575, 0.0065826714613, 0.57256445795, 0.24603594944],
      [7.1511896818e-17, 0.65581437539, 0.11691628539, 0.15730334156, 0.069965997653],
      [7.7021603243e-05, 0.050728508439, 0.83124840478, 0.087539894745, 0.030406170434],
      [0.00045117536129, 0.00084242729147, 0.050226049041, 0.94605330599, 0.0024270423151],
      [0.34941343459, 0.056772399483, 0.23063390462, 0.10956887241, 0.2536113889],
      [0.3073308317, 0.21357200135, 0.15351372285, 0.11099979163, 0.21458365247]
    ],
    [
      [0.1026591304, 0.0310385697, 0.0057721045937, 0.63098277217, 0.22954742313],
      [6.6371396159e-17, 0.5891569683, 0.12300665713, 0.20909638399, 0.078739990584],
      [5.9726071033e-05, 0.04056382682, 0.8151571031, 0.11167070366, 0.032548640353],
      [0.00090732734286, 0, 0.040912986589, 0.95643372857, 0.0017459575017],
      [0.30520862136, 0.049500014611, 0.23295098771, 0.1399063652, 0.27243401112],
      [0.27394937132, 0.18899638654, 0.15789870468, 0.14427601102, 0.23487952643]
    ],
    [
      [0.15822218764, 0.047039615966, 0.0059872718289, 0.50041249203, 0.28833843254],
      [0, 0.70114726078, 0.097874615821, 0.12606442694, 0.074913696458],
      [0, 0.063365913925, 0.8166951316, 0.078569793332, 0.041369161143],
      [0, 0.0016889989583, 0.051825583373, 0.94329851295, 0.0031869047178],
      [0.38582760118, 0.05991763481, 0.19292236127, 0.08768275411, 0.27364964863],
      [0.33338246997, 0.22379873032, 0.12679632258, 0.087733510193, 0.22828896693]
    ],
    [
      [0.12633026469, 0.038263729611, 0.0046555898389, 0.60909570352, 0.22165471234],
      [0, 0.65970441057, 0.089632474536, 0.18207950069, 0.068583614198],
      [0, 0.061787144066, 0.77502761431, 0.12622144775, 0.036963793871],
      [0, 0.0011034462257, 0.034001241521, 0.96289272192, 0.002002590332],
      [0.36845263724, 0.059581057354, 0.18339119771, 0.13163830223, 0.25693680547],
      [0.3172312439, 0.21964460929, 0.1195646772, 0.13057566245, 0.21298380716]
    ],
    [
      [0.10353401028, 0.04258798974, 0.0055053637469, 0.53357179896, 0.31480083727],
      [5.2978244313e-17, 0.67599665424, 0.095311934127, 0.14194807314, 0.086743338493],
      [6.0510568545e-05, 0.059299443062, 0.80140000549, 0.094516347231, 0.044723693653],
      [0.0015065783116, 0.0023058949121, 0.044115843981, 0.94875757009, 0.0033141127039],
      [0.28479127348, 0.062202578127, 0.20355629098, 0.10696728298, 0.34248257444],
      [0.24587737725, 0.23085994684, 0.13290125793, 0.10635127723, 0.28401014075]
    ],
    [
      [0.13776530541, 0.029300779762, 0.004960838338, 0.63730854047, 0.19066453603],
      [0, 0.59502975455, 0.11223487947, 0.22344619351, 0.069289172472],
      [0, 0.045548504944, 0.79695054056, 0.12691607613, 0.030584878365],
      [0, 0.00021565742352, 0.035623255768, 0.96373806231, 0.00042302450211],
      [0.40202011467, 0.045504727921, 0.19491395773, 0.13704840621, 0.22051279347],
      [0.35282391339, 0.1744177056, 0.14067524376, 0.14162922363, 0.19045391362]
    ],
    [
      [0.1992529429, 0.028003628604, 0.0066231468583, 0.54452834827, 0.22159193337],
      [0, 0.57397297302, 0.1515346992, 0.19317067499, 0.081321652782],
      [0, 0.030006187495, 0.85024690576, 0.090173385678, 0.029573521063],
      [0, 0, 0.054375414714, 0.94332322315, 0.0023013621323],
      [0.46279283154, 0.034499249838, 0.20654847881, 0.09297219806, 0.20318724176],
      [0.4001263518, 0.13767527923, 0.17916528568, 0.10012268445, 0.18291039884]
    ],
    [
      [0.14163103426, 0.034806963134, 0.0049506289622, 0.53070707417, 0.28790429948],
      [0, 0.63876806491, 0.10065040486, 0.16694931973, 0.093632210507],
      [0, 0.053954826658, 0.79490344042, 0.10522328629, 0.04591844663],
      [0, 0.00077692441438, 0.040694263005, 0.95428850416, 0.0042403084203],
      [0.37353210367, 0.04868780412, 0.17517014793, 0.10258629725, 0.30002364703],
      [0.32974042882, 0.18806094896, 0.11824484409, 0.10538872368, 0.25856505445]
    ],
    [
      [0.14279550957, 0.026744427417, 0.0037979310414, 0.65207964836, 0.1745824836],
      [0, 0.58906335832, 0.093354168099, 0.24859778584, 0.068984687739],
      [0, 0.051391202891, 0.75348216532, 0.16048076255, 0.03464586924],
      [0, 0.00049717455333, 0.027405790147, 0.97093368321, 0.0011633520938],
      [0.43903992592, 0.043705958437, 0.15700014836, 0.14767147752, 0.21258248976],
      [0.37510337894, 0.17802939287, 0.11217631293, 0.15192039699, 0.18277051828]
    ],
    [
      [0.018673870855, 0.018971193554, 0.0031482212462, 0.7355437464, 0.22366296795],
      [0, 0.50115611232, 0.088416171355, 0.31324164629, 0.09718607003],
      [0, 0.040507378192, 0.7159818372, 0.19652506163, 0.046985722974],
      [0, 0.0003116521225, 0.019275821745, 0.9782156769, 0.0021968492313],
      [0.11351248866, 0.046446628737, 0.19503584786, 0.24277371897, 0.40223131578],
      [0, 0.21693801565, 0.1421539831, 0.24802900132, 0.39287899993]
    ],
    [
      [0.11867399413, 0.047575584405, 0.0071470739596, 0.61841787526, 0.20818547224],
      [5.2867026332e-17, 0.69020749354, 0.11185525313, 0.14636875214, 0.051568501197],
      [0.001084612026, 0.054267601222, 0.840214284, 0.087521063432, 0.016912439318],
      [0.0030745049184, 0.00089018872937, 0.049084618458, 0.94695068789, 0],
      [0.32705664519, 0.068180651216, 0.261760708, 0.11986884163, 0.22313315396],
      [0.27821620542, 0.25185886588, 0.16871783581, 0.11809990537, 0.18310718752]
    ],
    [
      [0.044018249577, 0.023920052877, 0.0054300162261, 0.67657600109, 0.25005568023],
      [0, 0.52268529602, 0.1306840582, 0.25058560788, 0.096045037902],
      [0, 0.032174435391, 0.80691769307, 0.12254494345, 0.038362928087],
      [0, 0, 0.035627575392, 0.96171371969, 0.0026587049191],
      [0.11183051892, 0.045607808253, 0.28316565815, 0.17959116661, 0.37980484807],
      [0.143936431, 0.1779339693, 0.18050678338, 0.18578924181, 0.31183357451]
    ],
    [
      [0, 0.03521468231, 0.0031106813569, 0.64082430991, 0.32085032642],
      [0, 0.65253250719, 0.061269904262, 0.1905125926, 0.095684995955],
      [0, 0.075089494693, 0.6888057229, 0.17004933956, 0.066055442851],
      [0, 0.00067398926092, 0.022194444314, 0.97434038776, 0.0027911786647],
      [0, 0.073882282685, 0.1645637932, 0.28209350004, 0.47946042408],
      [0, 0.32647695935, 0.12087648324, 0.1745136746, 0.3781328828]
    ],
    [
      [0.10058625537, 0.023663331506, 0.00274387816, 0.54854700974, 0.32445952522],
      [7.8038181375e-17, 0.6011793018, 0.06864051194, 0.20618198791, 0.12399819835],
      [9.3205682005e-05, 0.055818760512, 0.70945400423, 0.161121556, 0.073512473578],
      [0.0033529915055, 0.0017052017916, 0.019311878655, 0.97391205526, 0.0017178727886],
      [0.33700547644, 0.038074549119, 0.11083308288, 0.11846084864, 0.39562604292],
      [0.30261897778, 0.15176262429, 0.076742675047, 0.12474467785, 0.34413104504]
    ],
    [
      [0.1689858198, 0.039467463639, 0.0038197402488, 0.50589552132, 0.28183145499],
      [0, 0.70369447777, 0.073950475622, 0.1476914245, 0.074663622107],
      [0, 0.074894106989, 0.75820627842, 0.12004552084, 0.046854093755],
      [0, 0.0017663496058, 0.034090952716, 0.96136955343, 0.0027731442481],
      [0.5263318623, 0.04855427885, 0.11869355418, 0.083879532014, 0.22254077266],
      [0.46159231644, 0.18448851538, 0.079455600384, 0.085438523413, 0.18902504438]
    ],
    [
      [0.026093890816, 0.021779866372, 0.0021061045259, 0.3923027399, 0.55771739839],
      [2.8972013826e-17, 0.56212464885, 0.05585659114, 0.15403536393, 0.22798339608],
      [0, 0.075662499844, 0.68477781304, 0.21832006424, 0.021239622868],
      [0, 0.0086947156348, 0.024203971838, 0.96710131253, 0],
      [0.11151573184, 0.035438293397, 0.086510963969, 0.084582036014, 0.68195297478],
      [0.10349768936, 0.14312608146, 0.060719490316, 0.090325195372, 0.60233154349]
    ],
    [
      [0.074182565474, 0.042086479544, 0.0033048299895, 0.7098186177, 0.1706075073],
      [4.2201908e-17, 0.69893258679, 0.058901550751, 0.19351173756, 0.048654124905],
      [6.2767208146e-05, 0.085051449352, 0.69849070421, 0.18114733445, 0.035247744787],
      [0.0020092110002, 0.00039174979136, 0.019397942705, 0.97696582014, 0.0012352763595],
      [0.28805698119, 0.085644358037, 0.16968602626, 0.19675354303, 0.25985909149],
      [0.22732484131, 0.29370502613, 0.10174561149, 0.17963094232, 0.19759357875]
    ],
    [
      [0.042706310173, 0.030321215219, 0.0061124073645, 0.57370774143, 0.34715232581],
      [0, 0.57536635321, 0.12828630958, 0.18035848842, 0.1159888488],
      [0, 0.039105684959, 0.82341574851, 0.091752401143, 0.045726165386],
      [0, 0.00095094830638, 0.048086933241, 0.94886162925, 0.0021004892006],
      [0.17682908719, 0.047884700094, 0.2448892622, 0.12141187844, 0.40898507208],
      [0.16100671115, 0.18641302893, 0.16828454161, 0.12709276301, 0.3572029553]
    ],
    [
      [0.035620572988, 0.088703691719, 0.0038984400551, 0.6838311736, 0.18794612164],
      [0, 0.83498220798, 0.037544014897, 0.098870505144, 0.028603271977],
      [0, 0.12091684859, 0.68960184463, 0.15200678744, 0.037474519337],
      [0, 0, 0.02688460692, 0.97159362418, 0.0015217689031],
      [0.14223463902, 0.18040860632, 0.20029931285, 0.18529174784, 0.29176569396],
      [0.079088174184, 0.50649533633, 0.10379610128, 0.13561548798, 0.17500490023]
    ],
    [
      [0.13615501901, 0.056753390395, 0.004517213748, 0.54112817302, 0.26144620382],
      [5.8980598183e-17, 0.75379169792, 0.065333325859, 0.12055499692, 0.060319979305],
      [9.1674523522e-05, 0.089038201425, 0.75498749547, 0.11074758749, 0.045135041093],
      [0.00038842203778, 0, 0.037900131338, 0.95821540996, 0.0034960366598],
      [0.36907811873, 0.081316192171, 0.16370209767, 0.10664930718, 0.27925428425],
      [0.2986040805, 0.28381587106, 0.10046685876, 0.099629334781, 0.2174838549]
    ],
    [
      [0.013195180493, 0.060988153215, 0.0025817632799, 0.74136705448, 0.18186784853],
      [0, 0.77721117927, 0.034629905281, 0.1520205652, 0.036138350241],
      [0, 0.11957147307, 0.61064737535, 0.21485853279, 0.054922618797],
      [0, 0, 0.013228249878, 0.98545423312, 0.0013175170026],
      [0.12589191079, 0.15089955713, 0.16064218218, 0.24899308337, 0.31357326652],
      [0, 0.44223861397, 0.081439641348, 0.27573706643, 0.20058467825]
    ],
    [
      [0.0495772319, 0.10262836515, 0.0051324187413, 0.65847777676, 0.18418420744],
      [0, 0.84043696325, 0.045179297384, 0.088556074541, 0.025827664823],
      [0, 0.11433516577, 0.74084714674, 0.11958582124, 0.025231866255],
      [0, 0, 0.038098155692, 0.96190184431, 0],
      [0.17008011054, 0.18504184179, 0.23425151807, 0.16201855466, 0.24860797494],
      [0.097651301147, 0.51085506188, 0.12170443581, 0.11865753423, 0.15113166694]
    ],
    [
      [0.066121125872, 0, 0.0066858246739, 0.76832430586, 0.15886874359],
      [1.0761626382e-16, 0, 0.18589413909, 0.56526949677, 0.24883636413],
      [6.9942187519e-05, 0, 0.71582995401, 0.24305559068, 0.04104451312],
      [0.0040452278665, 0, 0.017123282307, 0.9776594626, 0.0011720272311],
      [0.32534747853, 0, 0.14902457322, 0.23798710402, 0.28764084422],
      [0.351241903, 0, 0.10983061436, 0.26785395996, 0.27107352269]
    ],
    [
      [0.04471362969, 0.068002590557, 0.0053585492259, 0.60232237184, 0.27960285868],
      [0, 0.76463395379, 0.066003259186, 0.1143738888, 0.054988898222],
      [0, 0.086915392466, 0.76201939931, 0.10531235256, 0.045752855659],
      [0, 0, 0.039274530957, 0.95665350836, 0.0040719606819],
      [0.074944636015, 0.1175160863, 0.27914477192, 0.16810534795, 0.36028915782],
      [0.10779505551, 0.37802289993, 0.13245045987, 0.12341418667, 0.25831739801]
    ],
    [
      [0.052979358311, 0.043369154345, 0.0079088245148, 0.60034318321, 0.29539947961],
      [0, 0.6411046344, 0.1295713436, 0.15192952305, 0.077394498957],
      [0, 0.044678475482, 0.84506953346, 0.078975280801, 0.031276710253],
      [0, 0.00084336323471, 0.056033520349, 0.93908715084, 0.0040359655717],
      [0.15324159675, 0.06715955328, 0.31034062606, 0.12840731356, 0.34085091035],
      [0.084345023554, 0.26592931453, 0.20384441094, 0.13883131115, 0.30704993982]
    ],
    [
      [0.18541658321, 0.047485313264, 0.0068104187582, 0.35845285677, 0.401834828],
      [8.1866727431e-17, 0.70694050157, 0.1077871459, 0.086588065353, 0.098684287171],
      [8.7602797436e-05, 0.055188233218, 0.84529574305, 0.05299687897, 0.046431541967],
      [0.0013570165906, 0.0093131843676, 0.079614722179, 0.89861835471, 0.011096722156],
      [0.38718645614, 0.051284515265, 0.18679648911, 0.052908448288, 0.32182409119],
      [0.34456007373, 0.19839009119, 0.1263946234, 0.054573899393, 0.27608131229]
    ],
    [
      [0.057036022285, 0.05991633678, 0.0058212938856, 0.60694206768, 0.27028427937],
      [0, 0.73794610032, 0.07836615209, 0.12567074394, 0.058017003648],
      [0, 0.076098217221, 0.78625692637, 0.10012755816, 0.037517298254],
      [0, 0, 0.042177425597, 0.9539549602, 0.0038676142062],
      [0.13981035369, 0.099973994625, 0.25990237094, 0.14952728785, 0.3507859929],
      [0.13948326748, 0.33690650272, 0.14558345938, 0.1254908291, 0.25253594132]
    ],
    [
      [0.12449625956, 0.039022323155, 0.0062076180434, 0.64478165278, 0.18549214646],
      [6.840292316e-17, 0.65030076142, 0.11382886658, 0.18160570026, 0.054264671737],
      [6.5529925382e-05, 0.04964136387, 0.82505510309, 0.10706971711, 0.018168286002],
      [0.0012734530638, 0.0014397946713, 0.042345413883, 0.95494133838, 0],
      [0.36141680829, 0.058762626492, 0.23753091051, 0.13331403178, 0.20897562293],
      [0.3139033115, 0.22005635047, 0.15669103028, 0.13405429217, 0.17529501557]
    ],
    [
      [0.060744699266, 0.047268829167, 0.0039427670187, 0.56761181339, 0.32043189116],
      [0, 0.70567015936, 0.0650259432, 0.14478802844, 0.084515869007],
      [0, 0.084136555728, 0.72816153592, 0.12919928853, 0.058502619829],
      [0, 0.00057876898598, 0.030947637121, 0.96588956896, 0.0025840249294],
      [0.19686550241, 0.081745099685, 0.17252503664, 0.13567225696, 0.41319210431],
      [0.14253086858, 0.28468523294, 0.11703697365, 0.13332206069, 0.32242486413]
    ],
    [
      [0.046956471278, 0.017920308541, 0.0052532314832, 0.81529144184, 0.11457854685],
      [3.8234370379e-17, 0.49484233191, 0.13982109719, 0.31607286925, 0.049263701646],
      [2.7420249798e-05, 0.025000176457, 0.82249128278, 0.13779531595, 0.014685804562],
      [0.003275552064, 0.0020295828756, 0.029509780123, 0.96518508494, 0],
      [0.21148318727, 0.041480268733, 0.30610769891, 0.24056681029, 0.2003620348],
      [0.1936528673, 0.16785917761, 0.20961171492, 0.2527426481, 0.17613359207]
    ],
    [
      [0.16975374573, 0.034976892679, 0.0062508685888, 0.50688640767, 0.28213208533],
      [0, 0.6369267032, 0.12301424772, 0.15254678268, 0.087512266401],
      [0, 0.044104866772, 0.83858749867, 0.081306920489, 0.036000714065],
      [0, 0.00079427776605, 0.0524322451, 0.94216053023, 0.0046129469069],
      [0.41032701392, 0.043657197926, 0.19768247249, 0.086421009818, 0.26191230584],
      [0.36206176233, 0.17262782515, 0.13616431573, 0.090731479992, 0.23841461679]
    ],
    [
      [0.014381697959, 0.072209236559, 0.0043848388215, 0.65194057416, 0.2570836525],
      [0, 0.8197722751, 0.044881091854, 0.095768125393, 0.039578507652],
      [0, 0.099108615134, 0.73298336466, 0.11905757384, 0.048850446365],
      [0, 0, 0.026449211483, 0.96800749654, 0.0055432919733],
      [0, 0.14588113495, 0.22339387399, 0.21120769316, 0.41951729789],
      [0, 0.4633334116, 0.11497224833, 0.16426915087, 0.25742518919]
    ],
    [
      [0.13926343428, 0.047766656699, 0.0044599212932, 0.66439461526, 0.14411537247],
      [6.2459029124e-17, 0.73901736982, 0.06982427418, 0.15523096349, 0.035927392513],
      [9.0173136829e-05, 0.079296690064, 0.77082345236, 0.13899645949, 0.010793224954],
      [0.00040965558055, 0.0020238889898, 0.0295379519, 0.96802850353, 0],
      [0.44171313719, 0.075059988623, 0.17582896597, 0.13766372602, 0.16973418219],
      [0.35644288523, 0.27069868803, 0.10911181013, 0.1302614116, 0.133485205]
    ],
    [
      [0.12771668094, 0.027139163862, 0.0042390542064, 0.51385971248, 0.32704538852],
      [8.181736268e-17, 0.62936435303, 0.092861899964, 0.16780244723, 0.10997129978],
      [8.4859147753e-05, 0.044903289405, 0.79581076757, 0.10658557103, 0.05261551285],
      [0.001450594835, 0.0027343771399, 0.03730490658, 0.95526984755, 0.0032402738928],
      [0.36112035843, 0.039023781425, 0.15356232157, 0.098542842752, 0.34775069582],
      [0.32870358367, 0.15712076753, 0.10601734292, 0.10375450995, 0.30440379594]
    ],
    [
      [0, 0.10633504274, 0.00099978976204, 0.34663484804, 0.54603031946],
      [0, 0.9173919496, 0.0060269403251, 0.03074452142, 0.045836588651],
      [0, 0.22568059526, 0.35464859657, 0.26757886597, 0.15209194221],
      [0, 0, 0.012107105012, 0.98122827972, 0.0066646152718],
      [0, 0.17114330674, 0.095705206878, 0.075059809465, 0.65809167692],
      [0, 0.53194321351, 0.053850920791, 0.0507426131, 0.3634632526]
    ],
    [
      [0.083300103569, 0.065446352217, 0.0080733875317, 0.57647108858, 0.2667090681],
      [3.1414424301e-17, 0.73468436881, 0.10071395284, 0.11129333833, 0.053308340021],
      [3.5148796181e-05, 0.065295857832, 0.83369796609, 0.073564576216, 0.027406451067],
      [4.8851770199e-05, 0.0028300718573, 0.06298438115, 0.93036559049, 0.0037711047294],
      [0.22120665351, 0.092954961789, 0.29052725475, 0.11335509582, 0.28195603413],
      [0.17839060757, 0.32071719442, 0.17714637248, 0.10521273474, 0.21853309079]
    ],
    [
      [0.091324267019, 0.044981746512, 0.0060556426657, 0.47201385997, 0.38562448384],
      [4.6773382506e-17, 0.67507839327, 0.10082388052, 0.12161640467, 0.10248132153],
      [0.0013048275372, 0.062392556662, 0.8164918657, 0.071676664674, 0.048134085429],
      [0.00037031315111, 0.0011092578348, 0.055493282933, 0.93848001568, 0.0045471304039],
      [0.23720566362, 0.062278580298, 0.21237657135, 0.090411383895, 0.39772780083],
      [0.20621623756, 0.23156693291, 0.13961474618, 0.09047835529, 0.33212372805]
    ],
    [
      [0.05937517729, 0.048860918892, 0.0063055327946, 0.66223864801, 0.22321972301],
      [0, 0.68722366644, 0.098098491708, 0.15904827265, 0.055629569201],
      [0, 0.060271859234, 0.80715899298, 0.10421204246, 0.02835710532],
      [0, 0.00087647138421, 0.041837676611, 0.95500295427, 0.0022828977343],
      [0.17243649475, 0.088422748011, 0.27648730047, 0.1684184698, 0.29423498696],
      [0.15748965023, 0.29636397292, 0.17091951458, 0.14886320391, 0.22636365836]
    ],
    [
      [0.2782309761, 0.028597602115, 0.0028484480457, 0.44823259055, 0.24209038319],
      [0, 0.66104458848, 0.07110522749, 0.17190502789, 0.095945156141],
      [0, 0.069790561305, 0.73082120153, 0.13909516025, 0.06029307692],
      [0, 0.00075409315354, 0.023757546439, 0.96697823728, 0.0085101231278],
      [0.61122148343, 0.032470603458, 0.081613451827, 0.069624671129, 0.20506979015],
      [0.45251982328, 0.15224227014, 0.056868523731, 0.10821144191, 0.23015794095]
    ],
    [
      [0.28282060037, 0.012466191236, 0.0020027746493, 0.56213540169, 0.14057503206],
      [0, 0.47432409415, 0.081865961084, 0.35216871519, 0.091641229579],
      [0, 0.040297300293, 0.68300440652, 0.23022760907, 0.046470684117],
      [0, 0.00019155570586, 0.012879020933, 0.98135249013, 0.0055769332343],
      [0.71057027904, 0.014735434753, 0.059326538884, 0.090068878444, 0.12529886888],
      [0.55922728922, 0.060892364448, 0.043552025996, 0.19695820476, 0.13937011558]
    ],
    [
      [0.18915069956, 0.060687088161, 0.0052317923506, 0.49967785104, 0.24525256889],
      [0, 0.77119625699, 0.071510250146, 0.10432251863, 0.052970974236],
      [0, 0.086554330946, 0.78763585428, 0.090268209986, 0.035541604784],
      [0, 0.0014068126197, 0.047608253622, 0.94484393329, 0.006141000471],
      [0.45297269454, 0.074752688653, 0.16318553069, 0.083933231556, 0.22515585456],
      [0.35710439102, 0.27481326046, 0.10919187944, 0.080097281347, 0.17879318773]
    ],
    [
      [0.14402891588, 0.035848950648, 0.0036384368526, 0.55243912773, 0.2640445689],
      [0, 0.66082344337, 0.074960385005, 0.17679785327, 0.087418318352],
      [0, 0.070392622103, 0.73676301946, 0.13919388983, 0.053650468601],
      [0, 0.00078252980837, 0.028544085853, 0.96706877678, 0.0036046075538],
      [0.40203865871, 0.053434508809, 0.1371760593, 0.11430614611, 0.29304462707],
      [0.34303196948, 0.20326474327, 0.090443124582, 0.11763622457, 0.2456239381]
    ],
    [
      [0.40861841525, 0.031219795517, 0.0027002931641, 0.35179333884, 0.20566815723],
      [3.0889796945e-16, 0.71975621176, 0.066684349469, 0.13339085343, 0.080168585344],
      [0, 0.082031734643, 0.74526437843, 0.11767639082, 0.055027496108],
      [0, 0.0010372346544, 0.031732950224, 0.95998206661, 0.0072477485135],
      [0.73020534409, 0.028042564272, 0.061097826782, 0.043252922478, 0.13740134238],
      [0.49526661581, 0.16282888274, 0.04324317989, 0.094187749484, 0.20447357208]
    ],
    [
      [0.03067974675, 0.030989638392, 0.005909598519, 0.61424267828, 0.31817833806],
      [0, 0.59170735051, 0.11989632063, 0.18820782187, 0.10018850699],
      [0, 0.039407792316, 0.82222809369, 0.098222294747, 0.040141819244],
      [0, 0.00058876224127, 0.042128364067, 0.95436593813, 0.0029169355635],
      [0.11042046429, 0.054907751474, 0.26813496915, 0.14729584551, 0.41924096957],
      [0, 0.23651441954, 0.20204623307, 0.17795322962, 0.38348611777]
    ],
    [
      [0.047645376724, 0.025066116964, 0.047426038204, 0.87986246811, 0],
      [2.8982208848e-17, 0.60708168674, 0.10498727695, 0.28793103631, 0],
      [3.1250757541e-05, 0.050201799518, 0.78512423961, 0.16464271012, 0],
      [0.00010857912226, 0.00076560937169, 0.022420507176, 0.97670530433, 0],
      [0.25784418202, 0.18112296865, 0.27974440994, 0.28128843939, 0],
      [0.29963124398, 0.24927853787, 0.17716703779, 0.27392318036, 0]
    ],
    [
      [0, 0, 0, 0.86282930991, 0.13717069009],
      [1.8066825595e-17, 0, 0.07915452363, 0.66132298061, 0.25952249576],
      [0, 0, 0.36377098469, 0.48931268177, 0.14691633354],
      [0, 0, 0, 0.99919832899, 0.00080167100673],
      [0.070747254385, 0.010081020554, 0.13414881604, 0.39535043241, 0.3896724766],
      [0, 0, 0.096651753498, 0.54780435435, 0.35554389215]
    ],
    [
      [0.052053395449, 0.046126660177, 0.0035359403993, 0.73383978832, 0.16444421566],
      [0, 0.70806280312, 0.059162415017, 0.18867859337, 0.044096188499],
      [0, 0.08720495474, 0.70194419923, 0.17826813706, 0.032582708974],
      [0, 0, 0.022472423919, 0.97622193882, 0.0013056372632],
      [0.21537089593, 0.10077972911, 0.19524536818, 0.21981475476, 0.26878925201],
      [0.16020032626, 0.33214335627, 0.11684950476, 0.19357276081, 0.1972340519]
    ],
    [
      [0.04735262647, 0.029016875785, 0.0052856147355, 0.73302412343, 0.18532075958],
      [0, 0.57495278016, 0.11509987228, 0.24535778151, 0.064589566047],
      [0, 0.041883604137, 0.79627086514, 0.13435924956, 0.027486281163],
      [0, 0.00047545103566, 0.032187539517, 0.96443724292, 0.0028997665251],
      [0.18132963685, 0.059078340902, 0.27276349149, 0.20493335949, 0.28189517127],
      [0.12892575608, 0.2353781618, 0.18938493083, 0.20551482244, 0.24079632885]
    ],
    [
      [0.020415945222, 0.012505737533, 0.0018290120459, 0.88026988817, 0.084979417029],
      [1.9683369089e-17, 0.51877394305, 0.058136808732, 0.37763477501, 0.045454473205],
      [2.6168210315e-05, 0.037369181792, 0.6513345253, 0.28556858838, 0.02570153632],
      [0.0024878411882, 0.0088337141321, 0.0014458548564, 0.97994383275, 0.0072887570711],
      [0.15562670522, 0.046656834121, 0.16719046396, 0.37342438824, 0.25710160845],
      [0.13097377419, 0.1868471665, 0.10696364051, 0.36773618649, 0.20747923231]
    ],
    [
      [0.18730319847, 0.041822948581, 0.0037699580814, 0.48133150944, 0.28577238542],
      [1.293261105e-16, 0.71028901627, 0.069459225501, 0.13657045746, 0.083681300766],
      [0, 0.079623033922, 0.74808644337, 0.11675382493, 0.055536697777],
      [0, 0.0010271974212, 0.033729638516, 0.96033998377, 0.004903180297],
      [0.42726805512, 0.066969457088, 0.12305571671, 0.087988908334, 0.29471786275],
      [0.40098486588, 0.20224008065, 0.081084812363, 0.085754132949, 0.22993610816]
    ],
    [
      [0.051009300819, 0.039728433932, 0.0033232057051, 0.72928001595, 0.17665904359],
      [0, 0.67989546995, 0.061503783718, 0.2063447607, 0.052255985628],
      [0, 0.079859303502, 0.69884047503, 0.18494365919, 0.036356562273],
      [0, 0.00065926484325, 0.020677045223, 0.97471970275, 0.0039439871839],
      [0.21394727307, 0.087842020713, 0.18577509639, 0.21992683579, 0.29250877404],
      [0.16008002689, 0.30474829162, 0.11386396417, 0.19989924983, 0.22140846749]
    ],
    [
      [0.067878367965, 0.041413319104, 0.0040403082833, 0.46317703288, 0.42349097177],
      [3.6310195637e-17, 0.68679203684, 0.071108878779, 0.12510480759, 0.11699427679],
      [4.9769033737e-05, 0.07308093959, 0.74900059824, 0.10746505095, 0.070403642179],
      [0.0010879151199, 0.003032784021, 0.040404696442, 0.95547460442, 0],
      [0.19736067235, 0.063513047387, 0.15655349559, 0.097358867366, 0.48521391731],
      [0.16866126362, 0.23588142208, 0.10152347731, 0.096106894457, 0.39782694253]
    ],
    [
      [0.072399042554, 0.044138372876, 0.0037920515055, 0.6390623305, 0.24060820257],
      [3.0995718838e-17, 0.75443330735, 0.054944283061, 0.13774495385, 0.052877455734],
      [5.0758986674e-05, 0.085928377445, 0.73876111116, 0.13563370002, 0.039626052396],
      [0.0025779844333, 0, 0.027036971551, 0.9672068821, 0.0031781619112],
      [0.25804660689, 0.091196891083, 0.17577413892, 0.1549050246, 0.32007733851],
      [0.19864772491, 0.31973072211, 0.10350378186, 0.13953151399, 0.23858625712]
    ],
    [
      [0.03067440683, 0.024115804361, 0.0031129363677, 0.71476346837, 0.22733338407],
      [0, 0.55583801689, 0.078164222646, 0.27475282981, 0.091244930654],
      [0, 0.052050757023, 0.70295649083, 0.19487535346, 0.050117398697],
      [0, 0.00040835177499, 0.019608009686, 0.97367381053, 0.0063098280124],
      [0.13477353197, 0.05617986517, 0.18334627937, 0.22679025246, 0.39891007104],
      [0.056262322856, 0.24969864102, 0.13791022891, 0.22541103478, 0.33071777243]
    ],
    [
      [0.029780297732, 0.058999322678, 0.004214605918, 0.64975324457, 0.2572525291],
      [0, 0.74987652236, 0.057725521309, 0.13623320345, 0.056164752885],
      [0, 0.091767720294, 0.72422899113, 0.135414858, 0.048588430578],
      [0, 0, 0.028873333141, 0.9677016528, 0.0034250140567],
      [0.06071060712, 0.11731428341, 0.21187395964, 0.17744708483, 0.432654065],
      [0, 0.37673676991, 0.16075348593, 0.19042045036, 0.27208929379]
    ],
    [
      [0.10934494744, 0.019412565208, 0.0043281370396, 0.55988949207, 0.30702485825],
      [8.8705503441e-17, 0.50126172112, 0.1215478114, 0.24073573719, 0.13645473028],
      [0.0047929073124, 0.014487877934, 0.8027680333, 0.12457547428, 0.053375707164],
      [0.0012792078509, 0, 0.034025397935, 0.96214478305, 0.0025506111656],
      [0.32464927856, 0.030119410745, 0.17011621618, 0.11843201462, 0.3566830799],
      [0.3060275598, 0.12155532665, 0.12111244812, 0.12852998071, 0.32277468472]
    ],
    [
      [0.05903576695, 0.036682635477, 0.0046201980065, 0.71848034797, 0.1811810516],
      [3.372389573e-17, 0.6475927317, 0.088119357339, 0.20927582078, 0.055012090191],
      [3.904391112e-05, 0.057998536878, 0.76939744952, 0.14336036804, 0.029204601653],
      [0.00030627258714, 0.0017814144705, 0.028535871854, 0.96810728847, 0.0012691526168],
      [0.22528979025, 0.07333124391, 0.23423086591, 0.19612450513, 0.27102359481],
      [0.18631520985, 0.26312826421, 0.14699354746, 0.18758760534, 0.21597537313]
    ],
    [
      [0.054189631531, 0.021508829456, 0.0012501077297, 0.8638585278, 0.059192903486],
      [4.2066501215e-17, 0.60308176882, 0.033630478003, 0.33688903808, 0.026398715098],
      [8.1282796172e-05, 0.10030375431, 0.51127582069, 0.38391192447, 0.0044272177278],
      [0.0082991770942, 0.012612336173, 0.0049180941111, 0.97417039262, 0],
      [0.40187376549, 0.061178028354, 0.088407343861, 0.31305687374, 0.13548398855],
      [0.30684137753, 0.2274623275, 0.056134541757, 0.30201634886, 0.10754540436]
    ],
    [
      [0.049550504407, 0.047909798317, 0.0023168587287, 0.89169754824, 0.0085252903075],
      [2.7755575616e-17, 0.54110919709, 0.064852247683, 0.35994120172, 0.034097353506],
      [0.001064614091, 0.071167744157, 0.64846338014, 0.27930426162, 0],
      [0.0050525249373, 0.00028037678643, 0.0079663597563, 0.98670073852, 0],
      [0.28005344603, 0.056837765793, 0.16877477202, 0.32984187992, 0.16449213624],
      [0.23320169715, 0.20936559858, 0.10683571355, 0.31826534209, 0.13233164864]
    ],
    [
      [0.14576231669, 0.047039623764, 0.0040884296468, 0.47573519919, 0.32737443071],
      [7.04334209e-17, 0.73163793665, 0.066419084069, 0.11816441281, 0.083778566478],
      [0.00010474289803, 0.081920246553, 0.75549386071, 0.10517021705, 0.057310932789],
      [0.00049890180216, 0.0021869881382, 0.037885063024, 0.95480882904, 0.0046202179988],
      [0.37834923368, 0.063774216029, 0.13991232496, 0.088081845996, 0.32988237934],
      [0.31992164662, 0.23537637882, 0.08991158286, 0.086166499435, 0.26862389227]
    ],
    [
      [0.024551803069, 0.010137175557, 0.0022134509793, 0.22417591139, 0.738921659],
      [0, 0.34790244461, 0.083518671157, 0.13106172182, 0.43751716241],
      [0, 0.029564418062, 0.75489444455, 0.11729518625, 0.098245951138],
      [0, 0.00052020157513, 0.060193046415, 0.93928675201, 0],
      [0.065685311096, 0.01456224737, 0.080481006789, 0.044518394462, 0.79475304028],
      [0.031511522619, 0.088126592203, 0.069201582083, 0.051184658696, 0.7599756444]
    ],
    [
      [0.11305396184, 0.027581082662, 0.004735967227, 0.60619200965, 0.24843697862],
      [8.0282999867e-17, 0.57490880373, 0.11084178118, 0.22066702378, 0.093582391304],
      [7.7575047825e-05, 0.042691620398, 0.78862193653, 0.12583328824, 0.042775579782],
      [0.00033912676783, 0, 0.035417482447, 0.96186265813, 0.0023807326513],
      [0.33600315444, 0.043956014355, 0.19101306175, 0.13435411377, 0.29467365568],
      [0.30417450608, 0.16925492429, 0.1305872954, 0.13974424184, 0.25623903239]
    ],
    [
      [0.060007349121, 0.063427581465, 0.0050896016682, 0.53928334302, 0.33219212473],
      [0, 0.75352736763, 0.066891986736, 0.10972108269, 0.069859562946],
      [0, 0.08912618185, 0.75979229388, 0.099504518044, 0.051577006226],
