{
  "X": [
    [26, 5, 22, 20, 27],
    [23, 3, 19, 20, 35],
    [21, 4, 23, 20, 32],
    [20, 5, 25, 26, 24],
    [21, 3, 24, 27, 25],
    [21, 2, 21, 20, 36],
    [27, 10, 7, 24, 32],
    [26, 19, 11, 26, 18],
    [23, 11, 8, 31, 27],
    [38, 10, 8, 22, 22],
    [37, 16, 7, 21, 19],
    [28, 15, 8, 25, 24],
    [25, 11, 8, 32, 24],
    [26, 16, 9, 25, 24],
    [24, 9, 12, 29, 26],
    [21, 13, 8, 35, 23],
    [25, 10, 15, 26, 24],
    [13, 12, 10, 45, 20],
    [12, 11, 15, 34, 28],
    [13, 9, 25, 29, 24],
    [12, 6, 26, 32, 24],
    [14, 3, 21, 34, 28],
    [13, 8, 19, 29, 31],
    [10, 2, 14, 44, 30],
    [16, 9, 17, 35, 23],
    [21, 4, 22, 34, 19],
    [23, 7, 13, 27, 30],
    [34, 8, 13, 24, 21],
    [25, 7, 12, 34, 22],
    [20, 4, 16, 40, 20],
    [17, 7, 24, 32, 20],
    [30, 5, 14, 32, 19],
    [19, 8, 13, 38, 22],
    [31, 3, 14, 36, 16],
    [27, 10, 12, 27, 24],
    [36, 11, 14, 18, 21],
    [20, 5, 14, 41, 20],
    [39, 7, 6, 29, 19],
    [41, 2, 12, 29, 16],
    [52, 3, 8, 25, 12],
    [56, 3, 12, 18, 11],
    [44, 9, 11, 22, 14],
    [46, 3, 10, 31, 10],
    [41, 7, 11, 25, 16],
    [22, 10, 24, 30, 14],
    [24, 17, 14, 22, 23],
    [21, 15, 10, 25, 29],
    [28, 18, 7, 26, 21],
    [29, 18, 10, 27, 16],
    [31, 10, 18, 25, 16]
  ],
  "W": [
    [53, 7, 8, 3, 11, 4, 7, 7],
    [62, 6, 4, 5, 6, 7, 8, 2],
    [49, 6, 6, 7, 7, 6, 10, 9],
    [60, 2, 7, 5, 6, 9, 6, 5],
    [56, 8, 6, 3, 12, 4, 5, 6],
    [56, 5, 8, 7, 5, 8, 4, 7],
    [20, 44, 6, 7, 8, 3, 7, 5],
    [3, 54, 10, 6, 7, 7, 5, 8],
    [10, 46, 3, 3, 11, 13, 8, 6],
    [8, 56, 5, 5, 4, 3, 12, 7],
    [6, 58, 4, 6, 5, 10, 8, 3],
    [4, 64, 3, 8, 5, 5, 4, 7],
    [4, 32, 25, 7, 7, 9, 7, 9],
    [6, 5, 53, 7, 7, 7, 8, 7],
    [8, 9, 58, 7, 2, 5, 7, 4],
    [4, 7, 61, 7, 6, 6, 4, 5],
    [10, 8, 51, 8, 6, 10, 4, 3],
    [4, 7, 62, 7, 1, 3, 5, 11],
    [9, 5, 44, 19, 7, 6, 6, 4],
    [6, 6, 7, 56, 6, 5, 3, 11],
    [7, 8, 4, 61, 10, 3, 3, 4],
    [2, 4, 8, 59, 13, 6, 2, 6],
    [8, 7, 7, 54, 5, 3, 7, 9],
    [3, 9, 8, 54, 6, 8, 5, 7],
    [7, 4, 4, 54, 4, 6, 9, 12],
    [8, 3, 4, 11, 58, 3, 4, 9],
    [6, 8, 6, 4, 51, 8, 11, 6],
    [8, 4, 5, 8, 52, 7, 12, 4],
    [5, 4, 6, 4, 52, 4, 10, 15],
    [8, 4, 7, 5, 50, 10, 13, 3],
    [5, 14, 1, 7, 59, 6, 2, 6],
    [4, 9, 7, 7, 19, 43, 4, 7],
    [5, 4, 7, 5, 6, 61, 4, 8],
    [6, 3, 5, 3, 10, 58, 9, 6],
    [6, 7, 4, 9, 7, 58, 2, 7],
    [5, 7, 7, 4, 3, 62, 4, 8],
    [6, 3, 8, 10, 8, 55, 7, 3],
    [7, 10, 7, 5, 5, 25, 35, 6],
    [5, 8, 6, 7, 5, 5, 60, 4],
    [12, 3, 5, 8, 4, 3, 60, 5],
    [5, 5, 4, 7, 7, 4, 62, 6],
    [3, 5, 10, 10, 6, 6, 56, 4],
    [4, 7, 10, 5, 7, 6, 56, 5],
    [9, 3, 8, 9, 7, 11, 36, 17],
    [7, 3, 10, 3, 5, 9, 2, 61],
    [10, 5, 5, 7, 11, 4, 5, 53],
    [5, 9, 6, 6, 10, 8, 5, 51],
    [7, 9, 12, 4, 9, 4, 1, 54],
    [4, 10, 6, 6, 3, 3, 7, 61],
    [10, 11, 7, 6, 4, 6, 4, 52]
  ],
  "method": "mult",
  "cond_prob": [
    [
      [0.20475295911, 0.0021578202316, 0.30782374179, 0.13601388032, 0.34925159855],
      [0.37315546599, 0.19402511182, 0.022970668937, 0.18992029529, 0.21992845797],
      [0.18101725533, 0.16003487312, 0.077089652398, 0.35088858243, 0.23096963673],
      [0.032850636764, 0.034001428189, 0.28924859993, 0.35120236375, 0.29269697137],
      [0.21494821657, 0.036873192308, 0.20483544031, 0.33293625141, 0.2104068994],
      [0.33598722579, 0.056627000565, 0.12119209862, 0.31320379201, 0.17298988302],
      [0.7338928514, 0.0063961727066, 0.048949642956, 0.17356442432, 0.037196908617],
      [0.30624081533, 0.20975573555, 0.13706832075, 0.21014880306, 0.13678632531]
    ],
    [
      [0.17546034969, 0.0021861047565, 0.24655441145, 0.14486926509, 0.43092986902],
      [0.3281650883, 0.18211499213, 0.018516419765, 0.20140211536, 0.26980138444],
      [0.15473629152, 0.14586177619, 0.060143235803, 0.36294844645, 0.27631025004],
      [0.02809141095, 0.030647129287, 0.22553274103, 0.3646156992, 0.35111301953],
      [0.18875504523, 0.034240071956, 0.16390050248, 0.3540922458, 0.25901213453],
      [0.2990444591, 0.052862349345, 0.097721425921, 0.33584591526, 0.21452585038],
      [0.70130280094, 0.0064237998527, 0.042556264607, 0.19978250911, 0.049934625493],
      [0.27840083805, 0.20411076258, 0.11319410505, 0.23054281808, 0.17375147624]
    ],
    [
      [0.13035897707, 0, 0.32324846818, 0.12430750482, 0.42208504993],
      [0.3070304216, 0.16687216613, 0.028017354594, 0.2028110037, 0.29526905398],
      [0.1392258597, 0.12964571349, 0.085395246792, 0.35341900113, 0.29231417889],
      [0.02165875631, 0.024701530174, 0.29007643815, 0.32419744384, 0.33936583153],
      [0.16167333974, 0.02887677848, 0.22001584993, 0.32820356094, 0.26123047091],
      [0.26764654896, 0.04675423505, 0.13673876206, 0.32386643166, 0.22499402226],
      [0.67333034639, 0, 0.064731057259, 0.20446832307, 0.057470273282],
      [0.25692944506, 0.17392435016, 0.16021780993, 0.22409593122, 0.18483246364]
    ],
    [
      [0.16637314007, 0.0080453543096, 0.32909515021, 0.19260362445, 0.30388273096],
      [0.29231910024, 0.26036445776, 0.023409813848, 0.24305718936, 0.18084943878],
      [0.13178680975, 0.19992825881, 0.072519907386, 0.41901495606, 0.176750068],
      [0.024242640999, 0.0430694167, 0.27788289291, 0.42672472032, 0.22808032907],
      [0.16375026479, 0.048359128143, 0.20264247355, 0.41640660602, 0.16884152749],
      [0.2623510743, 0.075342883004, 0.12162694919, 0.39959776366, 0.14108132985],
      [0.64917994095, 0.010102180147, 0.055688859578, 0.25070086111, 0.034328158223],
      [0.23010232378, 0.2705702268, 0.1331574004, 0.25838303694, 0.10778701208]
    ],
    [
      [0.16622680627, 5.6824139427e-05, 0.32770510878, 0.19067011953, 0.31534114129],
      [0.34040854439, 0.13424108141, 0.026746131475, 0.28381099107, 0.21479325165],
      [0.14773799364, 0.099420112236, 0.079703264077, 0.47051440515, 0.2026242249],
      [0.024823801429, 0.019614296515, 0.27743896247, 0.43891153784, 0.23921140175],
      [0.16840615774, 0.021704285615, 0.20300991288, 0.42942539355, 0.17745425022],
      [0.27359504602, 0.03483625799, 0.12398166977, 0.4169403221, 0.15064670412],
      [0.6529142317, 0.0042318317163, 0.054951761095, 0.25233886007, 0.035563315411],
      [0.27121764871, 0.14109500267, 0.15286732424, 0.30493400371, 0.12988602067]
    ],
    [
      [0.16248586922, 0, 0.27536102425, 0.12436893759, 0.43778416894],
      [0.36479307267, 0.090312938079, 0.023901886207, 0.20839674514, 0.3125953579],
      [0.18239351161, 0.057522568451, 0.075418619978, 0.36935313433, 0.31531216563],
      [0.027481653386, 0.013510693782, 0.25564877561, 0.33832651059, 0.36503236663],
      [0.19037282478, 0.015470366059, 0.18823314827, 0.33312531618, 0.27279834471],
      [0.30783455422, 0.024285278438, 0.11501842828, 0.3219677309, 0.23089400815],
      [0.70803281147, 0.0027736400828, 0.049057519515, 0.18738606443, 0.052749964502],
      [0.31123349859, 0.10156446963, 0.14426279658, 0.23990463354, 0.20303460166]
    ],
    [
      [0.17331012405, 0.0043133556253, 0.17525231123, 0.15500740397, 0.49211680513],
      [0.31549801456, 0.16935694188, 0.0091219201006, 0.208326718, 0.29769640547],
      [0.14739846088, 0.13464224061, 0.04064284578, 0.37349569937, 0.30382075336],
      [0.027769699282, 0.03025495733, 0.15915968946, 0.38574233185, 0.39707332207],
      [0.18461732244, 0.033755169894, 0.11499249075, 0.37424046407, 0.29239455285],
      [0.28922409132, 0.050913852343, 0.067912163662, 0.35191782026, 0.24003207241],
      [0.69200458156, 0.006872365565, 0.0297462284, 0.21439770042, 0.056979124059],
      [0.27689265879, 0.19429996492, 0.080742874856, 0.24836894667, 0.19969555476]
    ],
    [
      [0.14966065875, 0.0045449870565, 0.40770264686, 0.14704814267, 0.29104356466],
      [0.29617495624, 0.25559667402, 0.03405401319, 0.21935640576, 0.19481795078],
      [0.1351002257, 0.19871340242, 0.099989444688, 0.37555158733, 0.19064533987],
      [0.022663052769, 0.040369763267, 0.35604223706, 0.35368870375, 0.22723624315],
      [0.15988594484, 0.046547052361, 0.26575062608, 0.35481635402, 0.17300002269],
      [0.26330976715, 0.074324828763, 0.16374222476, 0.34977786664, 0.14884531269],
      [0.65582625549, 0.0098628591413, 0.075631033407, 0.22183892419, 0.036840927772],
      [0.22863606894, 0.25742182179, 0.17715279438, 0.22432592493, 0.11246338996]
    ],
    [
      [0.12664620998, 0.0031824033021, 0.24055563208, 0.18389170029, 0.44572405435],
      [0.2419756082, 0.17876506084, 0.019352784081, 0.26709119437, 0.29281535251],
      [0.10746737838, 0.13252999519, 0.054889710632, 0.43453701806, 0.27057589773],
      [0.018379753181, 0.027676777645, 0.20066783005, 0.42130606959, 0.33196956953],
      [0.13093077928, 0.032220455931, 0.15199505853, 0.42829430448, 0.25655940178],
      [0.2151224171, 0.051211705651, 0.09343582918, 0.42027053043, 0.21995951764],
      [0.59222634628, 0.0074445681452, 0.047475793633, 0.29270025883, 0.060153033108],
      [0.20841296062, 0.19743818603, 0.11185420286, 0.29850041292, 0.18379423756]
    ],
    [
      [0.19824021141, 0.0021849311119, 0.29637955776, 0.13766137293, 0.36553392678],
      [0.39889762096, 0.14092997898, 0.021346746952, 0.20083109577, 0.23799455734],
      [0.18759801587, 0.11771111534, 0.075726656261, 0.36851786612, 0.25044634642],
      [0.033463590053, 0.024396177029, 0.27836826127, 0.35678546354, 0.30698650811],
      [0.21554588595, 0.026745830676, 0.19691132156, 0.33930365656, 0.22149330525],
      [0.33926009147, 0.041076697409, 0.11624548928, 0.32070293048, 0.18271479136],
      [0.7341548367, 0.0041671154704, 0.046373176956, 0.1767047257, 0.038600145171],
      [0.32581166382, 0.15709806656, 0.1386016062, 0.22655298272, 0.1519356807]
    ],
    [
      [0.22373953828, 0.0049905099897, 0.29041443518, 0.13901853141, 0.34183698515],
      [0.39442876529, 0.22756869382, 0.011944356253, 0.17374607508, 0.19231210955],
      [0.19185364986, 0.19216419052, 0.06688224726, 0.33709556169, 0.21200435067],
      [0.038013980185, 0.044506921547, 0.27188325259, 0.35943779264, 0.28615805303],
      [0.23558924928, 0.047062250859, 0.18618781667, 0.3311634228, 0.19999726039],
      [0.36102341351, 0.070013926001, 0.10575186072, 0.30347372131, 0.15973707845],
      [0.75557816751, 0.008263097733, 0.040705725745, 0.16245999435, 0.032993014668],
      [0.3174633938, 0.24460637025, 0.11726957506, 0.19779105745, 0.12286960343]
    ],
    [
      [0.15910339359, 0.0034701445043, 0.30848557103, 0.15054250576, 0.37839838511],
      [0.31271067291, 0.19278514241, 0.023789677921, 0.22085483139, 0.24985967536],
      [0.14362724579, 0.15158853889, 0.075008178656, 0.38297302315, 0.24680301351],
      [0.024786302017, 0.031447213726, 0.27412060914, 0.36883092954, 0.30081494557],
      [0.17109659564, 0.035844050106, 0.20184102385, 0.36517348122, 0.22604484919],
      [0.27666843724, 0.056235118228, 0.12211571083, 0.35381886849, 0.19116186521],
      [0.67229725137, 0.0073004648373, 0.055034813052, 0.21914901642, 0.046218454327],
      [0.25613100511, 0.20741846857, 0.14080085632, 0.24171377827, 0.15393589173]
    ],
    [
      [0.16361182261, 0.0030093494434, 0.25386327747, 0.16962751298, 0.40988803749],
      [0.31195043028, 0.16490963276, 0.018660859919, 0.24211567981, 0.26236339724],
      [0.14044149814, 0.12781198065, 0.059285177666, 0.41510900057, 0.25735234298],
      [0.024750667674, 0.027088162506, 0.22145090166, 0.4070386587, 0.31967160946],
      [0.17075301809, 0.030548774086, 0.16172739704, 0.39910271236, 0.23786809843],
      [0.27347674857, 0.047458684307, 0.096971098177, 0.38292849259, 0.19916497637],
      [0.66513637314, 0.0060547188031, 0.04365111384, 0.23701459105, 0.048143203172],
      [0.26292559309, 0.18250945459, 0.11608046219, 0.27195722354, 0.16652726659]
    ],
    [
      [0.21382408649, 0.0054257145778, 0.2502257739, 0.11832590057, 0.41219852446],
      [0.36004956622, 0.24486195853, 0.016262119551, 0.14755122581, 0.2312751299],
      [0.19318219492, 0.21610084568, 0.054167139264, 0.28460887173, 0.25194094841],
      [0.037486660191, 0.050814874233, 0.24164035324, 0.31454610817, 0.35551200417],
      [0.23472038521, 0.05433053203, 0.16749149208, 0.29265161215, 0.25080597852],
      [0.35735592062, 0.080175622333, 0.095538537298, 0.26721074075, 0.19971917899],
      [0.765720105, 0.0094773959336, 0.037507989772, 0.14548809291, 0.041806416378],
      [0.30649281675, 0.27381781871, 0.10195996877, 0.16903632787, 0.1486930679]
    ],
    [
      [0.17961457802, 0.0020491393044, 0.3147278404, 0.12302973545, 0.38057870683],
      [0.37542768723, 0.14310955829, 0.02625523254, 0.19025697803, 0.26495054391],
      [0.18298594891, 0.11414918303, 0.087222491731, 0.34238209031, 0.27326028602],
      [0.030570763754, 0.02323714377, 0.29965225995, 0.32278410238, 0.32375573014],
      [0.20267438713, 0.026298299266, 0.21732946665, 0.31450239474, 0.23919545221],
      [0.32559813496, 0.0408139082, 0.13091709512, 0.30208700147, 0.20058386025],
      [0.72617096621, 0.0045358504958, 0.054208754386, 0.17088659594, 0.044197832969],
      [0.3101293988, 0.15597278652, 0.15517603857, 0.21253834777, 0.16618342835]
    ],
    [
      [0.19614573844, 0.0040060766293, 0.24477087156, 0.1643065738, 0.39077073958],
      [0.34619254889, 0.19419387223, 0.016722286399, 0.21380138218, 0.2290899103],
      [0.1666530701, 0.15882091945, 0.05321193575, 0.38649173383, 0.23482234087],
      [0.031099353308, 0.035635424642, 0.21844811459, 0.4031260861, 0.31169102136],
      [0.20237120608, 0.038715937318, 0.15395975455, 0.38127240633, 0.22368069572],
      [0.31496718455, 0.058327771147, 0.089688503691, 0.35520043788, 0.18181610274],
      [0.71150112958, 0.0070784492939, 0.037365194395, 0.20354576192, 0.040509464807],
      [0.29170031849, 0.21530369622, 0.10348905981, 0.2430531101, 0.14645381538]
    ],
    [
      [0.19917529849, 0.0021942649824, 0.34701302206, 0.10951892678, 0.34209848768],
      [0.40460625062, 0.16959094071, 0.028299719245, 0.16547378577, 0.23202930366],
      [0.20638188359, 0.14005803009, 0.097509298324, 0.30794031954, 0.24811046846],
      [0.035222073342, 0.028871381678, 0.33990538264, 0.29660796052, 0.29939320181],
      [0.22641402021, 0.031875479994, 0.24190586261, 0.2830752382, 0.21672939899],
      [0.35921405916, 0.048913388317, 0.14418966019, 0.26825944804, 0.17942344429],
      [0.75695932723, 0.0052853063571, 0.056353548878, 0.1439628933, 0.037438924243],
      [0.32856077949, 0.18195708273, 0.16416959222, 0.18210099415, 0.1432115514]
    ],
    [
      [0.11633373399, 0.0033451088275, 0.31749661344, 0.21640915475, 0.346415389],
      [0.23418314852, 0.187738232, 0.025110893547, 0.32117770599, 0.23179001994],
      [0.086759541297, 0.13113471673, 0.070684544429, 0.5040757138, 0.20734548374],
      [0.015121775989, 0.026498248193, 0.24906093535, 0.46636135652, 0.24295768395],
      [0.11438837598, 0.031159825641, 0.18979640556, 0.47629267524, 0.18836271758],
      [0.19075167202, 0.050365310689, 0.11864977535, 0.47596788682, 0.16426535511],
      [0.54140043902, 0.007614272466, 0.062144997752, 0.34266829075, 0.046172000013],
      [0.18334485863, 0.1942076951, 0.14289984264, 0.34103253619, 0.13851506744]
    ],
    [
      [0.10495274049, 0.0039192035889, 0.31543482467, 0.15313918011, 0.42255405115],
      [0.22178672879, 0.22851640896, 0.026247956814, 0.23300508358, 0.29044382187],
      [0.08202837193, 0.16954336084, 0.081123588581, 0.38736264603, 0.27994203262],
      [0.0099209084708, 0.034005170216, 0.27114551442, 0.3598759704, 0.32505243649],
      [0.1156503861, 0.040943530763, 0.21108457896, 0.37557003699, 0.2567514672],
      [0.19650847171, 0.066734237646, 0.13339011458, 0.37789402738, 0.22547314869],
      [0.57449861543, 0.010296758709, 0.071828908443, 0.27805879583, 0.065316921584],
      [0.17828771007, 0.24183707965, 0.14993448293, 0.25260372495, 0.17733700241]
    ],
    [
      [0.16808898884, 0.0047895201851, 0.35507356839, 0.13215930176, 0.33988862083],
      [0.3215768644, 0.25047883208, 0.026868959751, 0.18570375267, 0.2153715911],
      [0.15160099864, 0.20316673365, 0.087867993117, 0.33556136278, 0.22180291182],
      [0.026965392151, 0.044041007527, 0.32263925095, 0.33016700703, 0.27618734234],
      [0.18341619187, 0.048435683017, 0.23760894763, 0.32452496954, 0.20601420794],
      [0.29574460302, 0.075421033885, 0.14361853389, 0.3122260116, 0.1729898176],
      [0.70197948065, 0.0094693898347, 0.062469998008, 0.18593877666, 0.040142354849],
      [0.25505248376, 0.26216353566, 0.1540285888, 0.19894941229, 0.12980597949]
    ],
    [
      [0.17183301937, 0.0037547378369, 0.3525270403, 0.14469590954, 0.32718929295],
      [0.33757013959, 0.21390228143, 0.027541820756, 0.20837137793, 0.21261438029],
      [0.15624131069, 0.17035129829, 0.088100383105, 0.37003585026, 0.21527115766],
      [0.025725999066, 0.034194176483, 0.31817860166, 0.35830019584, 0.26360102695],
      [0.18433424338, 0.039243185634, 0.2321146335, 0.34919120225, 0.19511673523],
      [0.29804350897, 0.061462218943, 0.14042928171, 0.33613359625, 0.16393139413],
      [0.69809330858, 0.0074942390769, 0.060105139853, 0.19686510806, 0.037442204428],
      [0.26765091887, 0.22398684867, 0.15698257959, 0.22319853171, 0.12818112116]
    ],
    [
      [0.19775643682, 0.0016703091075, 0.28104632568, 0.14049238505, 0.37903454334],
      [0.40749604531, 0.099093744197, 0.022949041017, 0.21222576113, 0.25823540834],
      [0.19261031986, 0.080502072024, 0.075152064425, 0.38480867982, 0.26692686387],
      [0.034190367823, 0.015218060085, 0.26598032265, 0.36488856648, 0.31972268296],
      [0.21691843749, 0.017559809044, 0.18882691842, 0.34615162513, 0.23054320992],
      [0.3435329906, 0.027157845864, 0.11211210645, 0.32704607665, 0.19015098044],
      [0.73772930621, 0.0030270593226, 0.043953088159, 0.1755313078, 0.039759238508],
      [0.34329874022, 0.11018726207, 0.1394544797, 0.24165118703, 0.16540833099]
    ],
    [
      [0.14307439337, 0.0044477298748, 0.2741244338, 0.13547336575, 0.44288007721],
      [0.27400803654, 0.23499674246, 0.020964702833, 0.18982445641, 0.28020606176],
      [0.12644995292, 0.18701977942, 0.066669640823, 0.33657234505, 0.28328828178],
      [0.014374903217, 0.040287218813, 0.24862576056, 0.33643876482, 0.36027335259],
      [0.15889825985, 0.046039756636, 0.18601075794, 0.3368441629, 0.27220706267],
      [0.25843096368, 0.072227054846, 0.11318788962, 0.32616492649, 0.22998916537],
      [0.66576322935, 0.0098877002326, 0.053836877284, 0.21183467053, 0.058677522599],
      [0.22731415082, 0.25763320473, 0.12458860604, 0.21313154173, 0.17733249668]
    ],
    [
      [0.11737444842, 0.00092264470704, 0.22152690495, 0.20642759844, 0.45374840348],
      [0.24640374104, 0.073633238982, 0.020245956669, 0.33118251904, 0.32853454426],
      [0.10125968962, 0.045127923584, 0.054297526681, 0.51028978856, 0.28902507155],
      [0, 0.0047654311338, 0.18761662345, 0.46998329437, 0.33763465105],
      [0.11882560089, 0.010110629469, 0.13918707801, 0.47404728897, 0.25782940266],
      [0.19889247505, 0.016407502154, 0.08763492129, 0.47254702582, 0.22451807568],
      [0.55975561628, 0.0022218041074, 0.04500102381, 0.33132078084, 0.061700774965],
      [0.21675628304, 0.073306204365, 0.118045834, 0.37962778349, 0.21226389511]
    ],
    [
      [0.17901846233, 0.0062032067659, 0.26543474662, 0.17844347116, 0.37090011313],
      [0.29704589717, 0.26282613913, 0.017286036824, 0.21829914856, 0.20454277831],
      [0.13833575293, 0.20974994834, 0.056160421595, 0.38837420367, 0.20737967347],
      [0.029398598581, 0.05275242557, 0.22243394239, 0.41671457223, 0.27870046123],
      [0.17834312737, 0.053379717828, 0.16236125514, 0.40052335343, 0.20539254623],
      [0.27985248426, 0.08115331339, 0.095412965206, 0.37563131402, 0.16794992313],
      [0.67749849119, 0.011119260337, 0.042166814447, 0.22966495272, 0.039550481307],
      [0.24398716702, 0.28476084394, 0.10294282578, 0.24156246001, 0.12674670325]
    ],
    [
      [0.18030919508, 0.0022145139065, 0.34935567853, 0.15788802426, 0.31023258823],
      [0.37225587842, 0.14578164421, 0.028748343371, 0.24029666258, 0.21291747142],
      [0.16928466894, 0.11331569657, 0.089986269497, 0.41687770489, 0.2105356601],
      [0.028448323027, 0.022145266286, 0.3131468002, 0.38822373185, 0.24803587864],
      [0.19102661295, 0.023078294815, 0.22741868505, 0.37649048762, 0.18198591955],
      [0.30755142056, 0.039125607158, 0.13735461135, 0.36253701192, 0.15343134901],
      [0.69560019605, 0.0045734558622, 0.057583539684, 0.20798263778, 0.034260170621],
      [0.29623221976, 0.15265183294, 0.16462977062, 0.25800489769, 0.12848127899]
    ],
    [
      [0.14298532949, 0.0039041493002, 0.23059904382, 0.12122504387, 0.50128643352],
      [0.27782323756, 0.20669768597, 0.017887847939, 0.17367165729, 0.32391957124],
      [0.13092447981, 0.16678149695, 0.057855238416, 0.3125277768, 0.33191100803],
      [0.022985386816, 0.035422709035, 0.2148243637, 0.31017852213, 0.41658901832],
      [0.1572857237, 0.042277882699, 0.16276613939, 0.31312180668, 0.32454844753],
      [0.26504968554, 0.064428714154, 0.098362041842, 0.30257290259, 0.26958665587],
      [0.67814350487, 0.009025581476, 0.046798659438, 0.1967608584, 0.069271395818],
      [0.24007762497, 0.23495511192, 0.11068656178, 0.20220515427, 0.21207554707]
    ],
    [
      [0.25384088928, 0.0063566205715, 0.23740321244, 0.11900608279, 0.38339319492],
      [0.38747087834, 0.26493793108, 0.013917308108, 0.13661449643, 0.19705938605],
      [0.20652370686, 0.23905999354, 0.05249153257, 0.27575640942, 0.22616835761],
      [0.047545902719, 0.059950687077, 0.23327471623, 0.32333169861, 0.33589699537],
      [0.29469634065, 0.06329854961, 0.14612666427, 0.28030113989, 0.21557730558],
      [0.39721744944, 0.087952426668, 0.08550956899, 0.2547413601, 0.17457919481],
      [0.79844874898, 0.0099264066544, 0.03018280718, 0.12915321543, 0.032288821758],
      [0.3300716922, 0.29704535014, 0.089275616115, 0.15684258392, 0.12676475762]
    ],
    [
      [0.1789288264, 0.0036066755806, 0.22867554015, 0.17015102305, 0.41863793482],
      [0.32178424674, 0.18527119017, 0.016281709656, 0.2261191924, 0.25054366103],
      [0.14937259892, 0.14687169973, 0.052109461987, 0.39945668547, 0.25218955389],
      [0.027789950373, 0.032307557671, 0.20102014344, 0.41060972773, 0.32827262079],
      [0.18631654607, 0.035389491638, 0.14351131732, 0.39598769166, 0.23879495331],
      [0.29035989472, 0.054625378645, 0.085487764968, 0.37248908634, 0.19703787533],
      [0.68581150699, 0.0068148707825, 0.03734230186, 0.22408893842, 0.045942381948],
      [0.27352056277, 0.20690117632, 0.099786369063, 0.25889222636, 0.16089966549]
    ],
    [
      [0.13462491986, 0.0027133054065, 0.30083687744, 0.19678197746, 0.36504291983],
      [0.27417812196, 0.16471093939, 0.0243382549, 0.2920360741, 0.24473660965],
      [0.11479953724, 0.11881188465, 0.070563673608, 0.47079844909, 0.22502645542],
      [0.018580272874, 0.02370339023, 0.24727471734, 0.44269430773, 0.26774731183],
      [0.12599853229, 0.026601039459, 0.18895386101, 0.45106118308, 0.20738538417],
      [0.22437941074, 0.04386361502, 0.11559463843, 0.43988574573, 0.17627659008],
      [0.59420713126, 0.0059390805879, 0.057157003986, 0.29597508153, 0.046721702643],
      [0.22045886673, 0.17445116156, 0.13965072416, 0.31631551015, 0.1491237374]
    ],
    [
      [0.13008917637, 0.003150991674, 0.40710816714, 0.14444733982, 0.31520432499],
      [0.28427402468, 0.2160514117, 0.036825665481, 0.23338742626, 0.22946147189],
      [0.12480842947, 0.1623815994, 0.10661778695, 0.38832698073, 0.21786520345],
      [0.019437302307, 0.030530411021, 0.35671031448, 0.34700125351, 0.24632071868],
      [0.13749834335, 0.03234621939, 0.2791723434, 0.3581609799, 0.19282211396],
      [0.240167146, 0.059341808813, 0.17327946851, 0.35861045628, 0.16860112039],
      [0.62739820007, 0.0081514355809, 0.083656186678, 0.23731909529, 0.043475082384],
      [0.21677444892, 0.21710835555, 0.19452540236, 0.23920080591, 0.13239098725]
    ],
    [
      [0.20094249085, 0.0021559275116, 0.30584732536, 0.1501675027, 0.34088675358],
      [0.39954362906, 0.13083778187, 0.023930169844, 0.22050645145, 0.22518196778],
      [0.18892390082, 0.10562453836, 0.078208282994, 0.39643973348, 0.23080354434],
      [0.03343554671, 0.021519525737, 0.28267113472, 0.38129659564, 0.28107719719],
      [0.21607000207, 0.022874967339, 0.19936327819, 0.36062060607, 0.20107114633],
      [0.34250719396, 0.034396423903, 0.11757367332, 0.34084827283, 0.16467443599],
      [0.72653970284, 0.0039980232335, 0.047258876451, 0.18685796239, 0.035345435077],
      [0.32921757878, 0.14202358632, 0.14321107169, 0.24498836085, 0.14055940237]
    ],
    [
      [0.11768736745, 0.003839465256, 0.29513032765, 0.17605352051, 0.40728931913],
      [0.23414021855, 0.21541852989, 0.023294655402, 0.25812850903, 0.26901808714],
      [0.10007882317, 0.15814994679, 0.068758869159, 0.42213410846, 0.25087825242],
      [0.016846742212, 0.032301250902, 0.2457386742, 0.40243499299, 0.30267833969],
      [0.1228939191, 0.038198460855, 0.18872870522, 0.41396167965, 0.23621723517],
      [0.19896379577, 0.06148928059, 0.11898138572, 0.4131692207, 0.20739631722],
      [0.57632904727, 0.0092630637089, 0.061632140951, 0.29543381036, 0.057341937712],
      [0.18884319616, 0.22918544203, 0.13554987015, 0.28140960689, 0.16501188477]
    ],
    [
      [0.18326160063, 0.0015323007075, 0.32591898933, 0.17427894959, 0.31500815974],
      [0.38294060551, 0.10093743167, 0.027016099447, 0.26964710082, 0.21945876255],
      [0.17093940662, 0.076717003145, 0.082883686097, 0.45738167745, 0.21207822669],
      [0.028572279871, 0.015056899867, 0.28709817396, 0.42164037252, 0.24763227378],
      [0.19001292089, 0.01649375214, 0.20643337669, 0.40633766625, 0.18072228403],
      [0.30832546683, 0.024588084141, 0.12431034591, 0.39218704284, 0.15058906028],
      [0.686071126, 0.0029016082444, 0.052212352374, 0.22505841628, 0.033756497103],
      [0.30892471469, 0.10701288494, 0.15724663533, 0.29296743358, 0.13384833145]
    ],
    [
      [0.18044694679, 0.0052173817384, 0.25908587263, 0.12716261381, 0.42808718503],
      [0.31844754318, 0.24633598314, 0.017899534305, 0.16587794038, 0.251438999],
      [0.15595991907, 0.20612251135, 0.061050949737, 0.30959923835, 0.26726738149],
      [0.029865576315, 0.046856796119, 0.24139991201, 0.32577224553, 0.35610547003],
      [0.19826440311, 0.051901871559, 0.17411720442, 0.31476049907, 0.26095602184],
      [0.31184752577, 0.081107328352, 0.10044381001, 0.29368434494, 0.21291699093],
      [0.72154670908, 0.0098391917811, 0.044284582646, 0.17506338271, 0.049266133778],
      [0.26820784565, 0.27298944118, 0.1100363486, 0.18834132943, 0.16042503514]
    ],
    [
      [0.21177639827, 0.0049492993547, 0.32435261667, 0.081650327522, 0.37727135818],
      [0.38792114108, 0.24822570994, 0.023272660804, 0.11059543725, 0.22998505092],
      [0.20501402777, 0.22393948139, 0.08524819603, 0.22248387848, 0.26331441632],
      [0.038648403377, 0.049957717225, 0.33372424724, 0.23124357183, 0.34642606033],
      [0.24914207354, 0.053838309472, 0.23360523893, 0.21695407485, 0.2464603032],
      [0.38943350801, 0.082400952057, 0.13309422522, 0.1979803096, 0.19709100511],
      [0.79300834125, 0.0090157782521, 0.051842231625, 0.10550751767, 0.040626131204],
      [0.32145514135, 0.27047865325, 0.14045841535, 0.12344342182, 0.14416436823]
    ],
    [
      [0.12921291454, 0.0028451880501, 0.305794696, 0.19339834132, 0.36874886008],
      [0.26493955637, 0.16886720047, 0.024853367515, 0.2910845825, 0.25025529314],
      [0.11059795626, 0.12138200595, 0.072012725988, 0.46700949549, 0.2289978163],
      [0.017335877138, 0.024105761395, 0.25154526449, 0.4362773303, 0.27073576668],
      [0.1310586361, 0.028144399037, 0.19044278433, 0.44214838044, 0.2082058001],
      [0.21060955417, 0.044719400027, 0.12057129371, 0.44158574287, 0.18251400922],
      [0.58614111624, 0.0064186958056, 0.059281772883, 0.29995848363, 0.048199931436],
      [0.21225968015, 0.17818684808, 0.1430604766, 0.31446488355, 0.15202811161]
    ],
    [
      [0.17909081512, 0.0046033333877, 0.17918923304, 0.17252006978, 0.46459654868],
      [0.30376033396, 0.20588591129, 0.011469498952, 0.21678906493, 0.26209519086],
      [0.14279152992, 0.16483698654, 0.038491793222, 0.38702886233, 0.26685082798],
      [0.027668706533, 0.037922548446, 0.15684562519, 0.41489224199, 0.36267087784],
      [0.183667933, 0.041847818183, 0.11221244569, 0.39840942921, 0.26386237392],
      [0.28547701024, 0.064112244084, 0.064265944375, 0.37232926821, 0.21381553308],
      [0.68377147833, 0.009798337755, 0.02737941879, 0.22912482896, 0.049925936168],
      [0.26393500832, 0.23507648181, 0.075219867536, 0.25352629183, 0.1722423505]
    ],
    [
      [0.11645815946, 0.0012920611458, 0.32990931557, 0.14928310298, 0.40305736084],
      [0.28263888092, 0.093995645841, 0.03261870081, 0.26690253344, 0.32384423899],
      [0.11812480675, 0.067317543332, 0.091649855501, 0.42759535802, 0.2953124364],
      [0.015501524485, 0.012025502611, 0.29176426456, 0.36286571968, 0.31784298866],
      [0.13107665866, 0.014449197751, 0.22626009588, 0.37779171357, 0.25042233414],
      [0.22402765278, 0.023945245187, 0.14452205158, 0.38497190061, 0.22253314985],
      [0.57743959796, 0.002690847616, 0.081833592056, 0.26731275893, 0.070723203445],
      [0.2293603022, 0.10001691941, 0.18333214251, 0.29003710633, 0.19725352955]
    ],
    [
      [0.20999684221, 0.0029421040563, 0.24095010178, 0.1770155312, 0.36909542076],
      [0.35994398595, 0.17837840925, 0.016411850539, 0.22988813595, 0.21537761831],
      [0.17138542268, 0.14245661903, 0.05377786222, 0.41276922616, 0.21961086991],
      [0.035158797992, 0.030925339111, 0.21279324395, 0.4307567053, 0.29036591365],
      [0.20833635255, 0.033517995034, 0.14873240384, 0.40331102157, 0.206102227],
      [0.3211606848, 0.050758655211, 0.086460971778, 0.37466291368, 0.16695677453],
      [0.73242253865, 0.0032398005009, 0.028786243644, 0.21060108751, 0.024950329693],
      [0.30396573094, 0.19782754794, 0.10132816299, 0.26059027333, 0.1362882848]
    ],
    [
      [0.1875739658, 0.0022796391223, 0.36533906179, 0.10800452672, 0.33680280657],
      [0.39842752929, 0.16174723518, 0.030417907899, 0.1709560935, 0.23845123413],
      [0.19473250442, 0.13373867703, 0.10276881154, 0.31712347958, 0.25163652744],
      [0.03417431094, 0.02549833961, 0.35665001658, 0.29092059536, 0.29275673751],
      [0.21727017751, 0.02850034294, 0.25754881161, 0.28211012727, 0.21457054068],
      [0.34686282678, 0.045115194988, 0.15539231653, 0.27212975978, 0.18049990192],
      [0.76157989369, 0.00095217841332, 0.058366061942, 0.14719925256, 0.031902613398],
      [0.32092439535, 0.17123738349, 0.17841383358, 0.1851025374, 0.14432185019]
    ],
    [
      [0.15489305367, 0.0072869897334, 0.32850997293, 0.12279547889, 0.38651450477],
      [0.26615975589, 0.33387257103, 0.022390124041, 0.15642065008, 0.22115689897],
      [0.12638232313, 0.27673829152, 0.074609321884, 0.28903800884, 0.23323205463],
      [0.020967690101, 0.063527022524, 0.29719854775, 0.30581565318, 0.31249108645],
      [0.16900520413, 0.071687905452, 0.22022814124, 0.30399190133, 0.23508684785],
      [0.27068510644, 0.11066619811, 0.13184686566, 0.29070904495, 0.19609278484],
      [0.6649491325, 0.02499723574, 0.063469455817, 0.19028070013, 0.056303475814],
      [0.21393216101, 0.3530383031, 0.12942529938, 0.16926220191, 0.1343420346]
    ],
    [
      [0.16960941239, 0.0019408634182, 0.34087713947, 0.18851518397, 0.29905740076],
      [0.35039885746, 0.12791288617, 0.027687121529, 0.28882636443, 0.20517477041],
      [0.15307230202, 0.09423284802, 0.082790380915, 0.47716694676, 0.19273752228],
      [0.025915910909, 0.018328478731, 0.28917258657, 0.4405191137, 0.22606391009],
      [0.17196609927, 0.020510513027, 0.2103091143, 0.43029088275, 0.16692339066],
      [0.27845048697, 0.032697269918, 0.12808536101, 0.41906377536, 0.14170310674],
      [0.65977549035, 0.0010037378674, 0.055967081981, 0.25328312332, 0.029970566486],
      [0.27731493948, 0.1333817876, 0.15881645847, 0.30792318794, 0.12256362651]
    ],
    [
      [0.19652414319, 0.003256980642, 0.27203335949, 0.14821263371, 0.37997288297],
      [0.35162768432, 0.1983597727, 0.019321197902, 0.20015052108, 0.230540824],
      [0.17140608994, 0.16170750869, 0.063858883022, 0.36472654803, 0.23830097032],
      [0.034978188738, 0.034898063408, 0.24822115152, 0.37291695399, 0.30898564234],
      [0.20729353257, 0.038394507335, 0.17631391031, 0.3551470967, 0.22285095308],
      [0.32433120684, 0.058380154642, 0.10283353116, 0.33307433455, 0.18138077281],
      [0.73263116957, 0.0047464612988, 0.038993758983, 0.18966652003, 0.033962090115],
      [0.29981924308, 0.21682643275, 0.11645489439, 0.22433692266, 0.14256250712]
    ],
    [
      [0.13347391269, 0.0016703989744, 0.45830385422, 0.15334791854, 0.25320391557],
      [0.32873521046, 0.14120456467, 0.04488299767, 0.27846345951, 0.20671376769],
      [0.13710602536, 0.10092532485, 0.12947343866, 0.44444716469, 0.18804804645],
      [0.020323611703, 0.017939279178, 0.39836586648, 0.3669715609, 0.19639968174],
      [0.14527950985, 0.021043317422, 0.30506418188, 0.37596276963, 0.15265022121],
      [0.24805504249, 0.034787538496, 0.19628962093, 0.38452791513, 0.13633988294],
      [0.62426666562, 0.0046397454626, 0.091396351117, 0.24578585487, 0.033911382927],
      [0.23672163325, 0.13236128693, 0.24086347281, 0.2739942798, 0.11605932721]
    ],
    [
      [0.16112707417, 0.0049648770905, 0.27008966891, 0.12596438793, 0.43785399191],
      [0.30153717875, 0.23187853479, 0.020014402641, 0.17426262769, 0.27230725613],
      [0.14404515606, 0.18997431711, 0.065960170785, 0.31758661357, 0.28243374247],
      [0.026146632854, 0.041749695849, 0.24990093024, 0.32086195412, 0.36134078694],
      [0.1797774148, 0.047608666323, 0.18452763982, 0.31715463531, 0.27093164375],
      [0.28709561739, 0.072963773654, 0.11072442116, 0.30326575569, 0.2259504321],
      [0.69822012319, 0.0097430244237, 0.050008252889, 0.18759772439, 0.05443087511],
      [0.25208974539, 0.25819950099, 0.12070152726, 0.19613818118, 0.17287104517]
    ],
    [
      [0.12615181525, 0.0034007183029, 0.20174290158, 0.13088072243, 0.53782384244],
      [0.24855977796, 0.191995959, 0.015891828382, 0.19055458412, 0.35299785053],
      [0.11392157095, 0.15118719952, 0.049895567767, 0.33350016416, 0.35149549761],
      [0.019487085152, 0.031986984837, 0.18372115298, 0.32767274832, 0.43713202872],
      [0.14336125944, 0.037714536506, 0.14102055094, 0.33667422045, 0.34122943267],
      [0.23476428928, 0.059731975174, 0.08636974329, 0.32861590082, 0.29051809144],
      [0.64121619018, 0.0086412243003, 0.043708261675, 0.22769863389, 0.078735689954],
      [0.21203810051, 0.22074079183, 0.100526548, 0.22606676618, 0.24062779347]
    ],
    [
      [0.22048977225, 0.005247451132, 0.16813335524, 0.16291191701, 0.44321750437],
      [0.35325870895, 0.20783431141, 0.010195892087, 0.19292171897, 0.23578936858],
      [0.17452466175, 0.17583551107, 0.035613381966, 0.36225925052, 0.2517671947],
      [0.035573134319, 0.042887463921, 0.15317430841, 0.40826468211, 0.36010041123],
      [0.22493275482, 0.045666497794, 0.10463728448, 0.37459089821, 0.25017256469],
      [0.33854860857, 0.065976277067, 0.059368164343, 0.33861364045, 0.19749330957],
      [0.73768986341, 0.0077551914624, 0.024075008035, 0.18784030799, 0.042639629103],
      [0.31341436378, 0.24312081983, 0.064591897066, 0.22647293374, 0.15239998558]
    ],
    [
      [0.19608985015, 0.004530580301, 0.25249887065, 0.1761681014, 0.3707125975],
      [0.33666608257, 0.21179192472, 0.016807506948, 0.22351372925, 0.21122075651],
      [0.15828435834, 0.17050841789, 0.055329530198, 0.40040688766, 0.21547080592],
      [0.030428601669, 0.039015626951, 0.21995710712, 0.42253181812, 0.28806684613],
      [0.19694450531, 0.042278999489, 0.15517833372, 0.39921880338, 0.2063793581],
      [0.30609224739, 0.063693607853, 0.090601134756, 0.37191575211, 0.16769725789],
      [0.69947475118, 0.007988020935, 0.038298264285, 0.21649185938, 0.037747104217],
      [0.28379128684, 0.23332754416, 0.10106202244, 0.25071658008, 0.13110256648]
    ],
    [
      [0.19748579884, 0.0018005079973, 0.36805324473, 0.14184073787, 0.29081971057],
      [0.41205626088, 0.13587469184, 0.030810273486, 0.21917604626, 0.20208272754],
      [0.19350688508, 0.10941884582, 0.098686909391, 0.39249557757, 0.20589178214],
      [0.032559052102, 0.021606475119, 0.34181599387, 0.36293921557, 0.24107926334],
      [0.21286853997, 0.023805149889, 0.24323275858, 0.3458616779, 0.17423187367],
      [0.34023481441, 0.036898230842, 0.14620876436, 0.33112958596, 0.14552860443],
      [0.72684245426, 0.0040500147135, 0.058147732014, 0.180154649, 0.030805150012],
      [0.32966091866, 0.13959600952, 0.17607837821, 0.23374440294, 0.12092029068]
    ]
  ],
  "expected_outcome": [
    [
      [10.8519068326, 10.8785416807, 6.3875898766, 9.9823884042, 9.308701151, 9.0992086763, 3.466202481, 0.44898197626, 1.2664620998, 1.5859216913, 1.3424372297, 0.63641357438, 0.65444729044, 1.2829445189, 1.4369166241, 0.78458295374, 1.9917529849, 0.46533493595, 0.9445746644, 1.008533933, 1.2028311356, 0.39551287363, 1.144595147, 0.35212334525, 1.2531292363, 1.4424735606, 0.85791197695, 2.0307271142, 0.89464413198, 1.0769993589, 0.65044588187, 0.8037699634, 0.58843683727, 1.0995696038, 1.0826816807, 1.0588819913, 0.77527748725, 1.2536357058, 0.58229079732, 2.5199621065, 0.93786982898, 0.46467916102, 0.67843764955, 1.7687172887, 0.93431738885, 1.6112707417, 0.63075907626, 1.5434284057, 0.78435940062, 1.9748579884],
      [0.11436447228, 0.1355384949, 0, 0.48272125858, 0.0031821518079, 0, 0.086267112507, 0.013634961169, 0.031824033021, 0.017479448895, 0.029943059938, 0.013880578017, 0.012037397774, 0.032554287467, 0.016393114435, 0.016024306517, 0.021942649824, 0.01338043531, 0.0352728323, 0.028737121111, 0.026283164859, 0.0033406182151, 0.035581838999, 0.0027679341211, 0.043422447362, 0.017716111252, 0.023424895801, 0.050852964572, 0.018033377903, 0.021706443252, 0.01575495837, 0.0086237100465, 0.01919732628, 0.0091938042451, 0.031304290431, 0.024746496773, 0.017071128301, 0.032223333714, 0.0064603057288, 0.035305248676, 0.011398195612, 0.0218609692, 0.0077634536729, 0.029312825778, 0.011692792821, 0.049648770905, 0.017003591514, 0.036732157924, 0.018122321204, 0.018005079973],
      [16.3146583146, 15.2863735098, 15.8391749408, 19.7457090126, 18.3514860917, 15.4202173582, 3.5050462246, 1.2231079406, 2.4055563208, 2.3710364621, 1.7424866111, 1.2339422841, 1.0154531099, 1.5013546434, 2.5178227232, 0.97908348624, 3.4701302206, 1.2699864537, 2.838913422, 2.1304414103, 2.4676892821, 0.56209265137, 2.1929954704, 0.66458071486, 1.8580432263, 2.7948454282, 1.3835942629, 1.8992256995, 1.1433777007, 2.4066950195, 2.0355408357, 1.2233893015, 1.4756516382, 1.955513936, 1.5545152358, 1.6217630834, 1.834768176, 1.2543246313, 1.6495465779, 2.8914012214, 1.8266953089, 0.98552991879, 1.3635085579, 2.4483002355, 3.2081269795, 2.7008966891, 1.0087145079, 1.1769334867, 1.0099954826, 3.6805324473],
