{
  "X": [
    [27, 29, 23, 12, 9],
    [36, 22, 17, 14, 11],
    [33, 15, 29, 17, 6],
    [34, 20, 31, 12, 3],
    [33, 15, 25, 17, 10],
    [34, 18, 27, 11, 10],
    [33, 12, 22, 25, 8],
    [31, 8, 28, 26, 7],
    [28, 7, 32, 29, 4],
    [34, 8, 25, 22, 11],
    [34, 9, 28, 24, 5],
    [31, 7, 34, 24, 4],
    [39, 13, 19, 21, 8],
    [23, 20, 19, 32, 6],
    [24, 24, 19, 24, 9],
    [29, 27, 20, 19, 5],
    [32, 16, 23, 21, 8],
    [27, 23, 24, 23, 3],
    [19, 24, 18, 30, 9],
    [16, 13, 19, 48, 4],
    [12, 11, 28, 47, 2],
    [13, 23, 18, 42, 4],
    [16, 13, 18, 48, 5],
    [20, 15, 26, 38, 1],
    [15, 13, 26, 43, 3],
    [15, 6, 27, 31, 21],
    [9, 13, 20, 38, 20],
    [6, 5, 29, 42, 18],
    [11, 6, 24, 39, 20],
    [10, 2, 28, 46, 14],
    [7, 10, 30, 38, 15],
    [16, 12, 18, 41, 13],
    [24, 17, 15, 37, 7],
    [18, 14, 20, 35, 13],
    [22, 23, 13, 35, 7],
    [19, 22, 16, 36, 7],
    [25, 19, 15, 33, 8],
    [17, 21, 17, 35, 10],
    [20, 24, 30, 15, 11],
    [17, 30, 23, 21, 9],
    [19, 25, 25, 20, 11],
    [23, 26, 21, 28, 2],
    [23, 24, 24, 25, 4],
    [24, 26, 19, 25, 6],
    [13, 9, 19, 41, 18],
    [12, 13, 16, 31, 28],
    [14, 19, 25, 23, 19],
    [15, 14, 22, 29, 20],
    [15, 14, 18, 32, 21],
    [18, 11, 19, 33, 19]
  ],
  "W": [
    [58, 10, 6, 4, 7, 7, 6, 2],
    [60, 7, 4, 8, 2, 4, 7, 8],
    [60, 5, 6, 7, 5, 9, 5, 3],
    [61, 6, 9, 8, 3, 4, 7, 2],
    [54, 11, 5, 7, 6, 4, 8, 5],
    [56, 7, 3, 6, 9, 11, 2, 6],
    [18, 37, 8, 10, 5, 9, 6, 7],
    [3, 51, 8, 5, 12, 7, 9, 5],
    [10, 51, 6, 6, 9, 3, 4, 11],
    [6, 55, 8, 6, 6, 6, 5, 8],
    [9, 59, 3, 7, 5, 8, 4, 5],
    [11, 57, 7, 2, 5, 6, 7, 5],
    [5, 28, 31, 9, 4, 8, 9, 6],
    [3, 8, 64, 6, 7, 4, 2, 6],
    [5, 11, 58, 5, 4, 2, 9, 6],
    [11, 1, 60, 7, 4, 8, 7, 2],
    [6, 10, 55, 3, 6, 7, 7, 6],
    [2, 8, 50, 8, 6, 7, 13, 6],
    [5, 6, 43, 19, 8, 9, 7, 3],
    [1, 10, 4, 59, 6, 3, 11, 6],
    [5, 5, 9, 50, 10, 7, 3, 11],
    [4, 5, 9, 58, 8, 4, 6, 6],
    [9, 10, 5, 54, 5, 6, 7, 4],
    [7, 4, 7, 56, 1, 11, 8, 6],
    [3, 8, 6, 56, 7, 6, 8, 6],
    [5, 8, 9, 5, 58, 5, 3, 7],
    [8, 6, 5, 5, 59, 8, 7, 2],
    [5, 2, 7, 5, 60, 7, 5, 9],
    [8, 2, 5, 10, 58, 3, 6, 8],
    [7, 11, 5, 8, 55, 5, 4, 5],
    [4, 10, 4, 6, 55, 8, 8, 5],
    [4, 0, 8, 6, 23, 49, 4, 6],
    [8, 5, 15, 6, 9, 46, 5, 6],
    [4, 11, 5, 7, 5, 58, 5, 5],
    [9, 3, 5, 6, 3, 59, 6, 9],
    [7, 8, 3, 6, 5, 54, 8, 9],
    [3, 11, 11, 5, 6, 58, 4, 2],
    [4, 9, 4, 12, 5, 27, 33, 6],
    [3, 3, 4, 5, 9, 7, 61, 8],
    [7, 4, 5, 5, 7, 10, 54, 8],
    [8, 6, 6, 4, 9, 5, 55, 7],
    [7, 5, 8, 5, 7, 9, 56, 3],
    [3, 5, 3, 16, 4, 7, 57, 5],
    [9, 4, 8, 8, 8, 9, 40, 14],
    [9, 5, 4, 8, 5, 5, 3, 61],
    [5, 7, 5, 3, 7, 5, 12, 56],
    [5, 9, 4, 6, 4, 4, 6, 62],
    [9, 3, 4, 9, 3, 8, 3, 61],
    [6, 11, 6, 2, 6, 5, 8, 56],
    [6, 7, 8, 1, 5, 4, 5, 64]
  ],
  "method": "mult",
  "cond_prob": [
    [
      [0.32916190433, 0.34679874048, 0.23750795597, 0.0087265854867, 0.077804813736],
      [0.39858709742, 0.019769752158, 0.34909231731, 0.19310230308, 0.039448530029],
      [0.24789019667, 0.39422562385, 0.15320960019, 0.15670134118, 0.047973238116],
      [0.07101377331, 0.1984326844, 0.20070739297, 0.52943158722, 0.00041456209218],
      [0.0049661561456, 0.0070789713253, 0.26863779838, 0.40383835681, 0.31547871734],
      [0.15519760786, 0.30660444742, 0.08431731766, 0.35954545291, 0.09433517415],
      [0.15250462389, 0.50483735688, 0.2046722928, 0.097668764669, 0.040316961759],
      [0.057584105089, 0.15204148876, 0.15640431919, 0.28760067946, 0.3463694075]
    ],
    [
      [0.45505628946, 0.24978872985, 0.18208379578, 0.015971420551, 0.097099764356],
      [0.49785058282, 0.012087582856, 0.24014594131, 0.2067598115, 0.043156081521],
      [0.3448357249, 0.29299911595, 0.11741885398, 0.18667271882, 0.058073586354],
      [0.095897546474, 0.14332884117, 0.14934255407, 0.61045722844, 0.00097382985053],
      [0.0065009268988, 0.0040003461794, 0.19107720962, 0.44580027277, 0.35262124453],
      [0.20570076846, 0.21683090273, 0.061654941015, 0.40728230698, 0.10853108081],
      [0.23314440977, 0.41262774154, 0.17235610812, 0.12803106332, 0.053840677243],
      [0.07466618565, 0.10571468021, 0.11178348441, 0.31838752088, 0.38944812885]
    ],
    [
      [0.42336025464, 0.16859504556, 0.32542470678, 0.02810265197, 0.054517341042],
      [0.39892034016, 0.0068250140062, 0.36608167593, 0.20684885779, 0.021324112107],
      [0.32755882897, 0.20454626701, 0.21230334357, 0.22137543972, 0.034216120737],
      [0.076788771638, 0.084368954852, 0.22842052567, 0.61017333088, 0.00024841696461],
      [0.0053922608494, 0.0023302560073, 0.31706310695, 0.48351756967, 0.19169680651],
      [0.19435332878, 0.15060551443, 0.11116493572, 0.48003536294, 0.063840858142],
      [0.2203412812, 0.28670690448, 0.31001373193, 0.15148366521, 0.031454417188],
      [0.074353658747, 0.077225492647, 0.21182561878, 0.39493539918, 0.24165983065]
    ],
    [
      [0.41685566318, 0.21453198984, 0.33079918105, 0.0089759291925, 0.028837236736],
      [0.41165771798, 0.0095165500779, 0.39617892076, 0.17019291513, 0.012453896053],
      [0.3245477201, 0.26170639341, 0.22045843292, 0.17412683877, 0.01916061481],
      [0.084804000407, 0.11939579683, 0.26135414601, 0.53444605675, 0],
      [0.0070577817221, 0.0039739590308, 0.39567312911, 0.46238909589, 0.13090603424],
      [0.21000956041, 0.21014183288, 0.12560101685, 0.41496554059, 0.039282049281],
      [0.20947728115, 0.35128697935, 0.30838889577, 0.11394334425, 0.016903499484],
      [0.087472099528, 0.11721366992, 0.26053582101, 0.3719839829, 0.16279442663]
    ],
    [
      [0.42876419224, 0.17913304246, 0.26930801492, 0.03057409864, 0.092220651745],
      [0.42447282907, 0.0069092044876, 0.31721666092, 0.21455376309, 0.036847542433],
      [0.33264139903, 0.21882956446, 0.17526112513, 0.21778014957, 0.055487761812],
      [0.081085383569, 0.094068780568, 0.19707599865, 0.62683173123, 0.00093810597964],
      [0.004692606745, 0.0020390420784, 0.24850448461, 0.45146760508, 0.29329626148],
      [0.19271373404, 0.15730788407, 0.089461137934, 0.45990500354, 0.10061224042],
      [0.22622939747, 0.31076234746, 0.25941961751, 0.15165404596, 0.051934591603],
      [0.067576412585, 0.074124120637, 0.15758358171, 0.35010528013, 0.35061060494]
    ],
    [
      [0.43788168146, 0.21690958268, 0.28209117015, 0, 0.06311756571],
      [0.47107868611, 0.010776042335, 0.36705703226, 0.12033362368, 0.030754615615],
      [0.35865767178, 0.27582831459, 0.19768365949, 0.12121963344, 0.046610720702],
      [0.1146951748, 0.15279400745, 0.28466851709, 0.44784230065, 0],
      [0.010572591399, 0.004873454957, 0.35467529854, 0.3169896351, 0.31288902],
      [0.30200674754, 0.23399431789, 0.11932741498, 0.24545013165, 0.099221387939],
      [0.23152612267, 0.37083162442, 0.27687705468, 0.079582246147, 0.041182952078],
      [0.089441863436, 0.11232004082, 0.21233330058, 0.23248821227, 0.35341658289]
    ],
    [
      [0.45470370074, 0.21523225719, 0.23051979827, 0.0210033831, 0.078540860706],
      [0.46668286045, 0.0083493194291, 0.2859715442, 0.20471390746, 0.034282368455],
      [0.3470009354, 0.25683524247, 0.14983975998, 0.19753199357, 0.04879206858],
      [0.091766142526, 0.11876993716, 0.181461808, 0.60736763712, 0.00063447519527],
      [0.0063495838701, 0.0032019174383, 0.23931130607, 0.45892956877, 0.29220762386],
      [0.20810995675, 0.1907107806, 0.079231957276, 0.43011353377, 0.091833771601],
      [0.23495935593, 0.36351209787, 0.22018830862, 0.13622153517, 0.045118702403],
      [0.077129282273, 0.094433434365, 0.14651233403, 0.34437047851, 0.33755447082]
    ],
    [
      [0.4400059291, 0.19878263168, 0.27682549978, 0.020283580753, 0.064102358687],
      [0.44172887289, 0.0035277169681, 0.33582992269, 0.19422367539, 0.02468981207],
      [0.34050278336, 0.23974635912, 0.18283078614, 0.19674721767, 0.040172853718],
      [0.088054115684, 0.10756915168, 0.21528991098, 0.58893890103, 0.00014792063919],
      [0.0072237566578, 0.0019438368094, 0.2918507848, 0.45688677924, 0.2420948425],
      [0.20790734827, 0.18070001271, 0.09843852891, 0.43565618128, 0.077297928832],
      [0.22797633075, 0.3361784793, 0.26520796731, 0.13398993788, 0.036647284759],
      [0.078738671118, 0.090817892773, 0.18499015477, 0.35538510118, 0.29006818016]
    ],
    [
      [0.40702307063, 0.20256585955, 0.33079554411, 0.025724212878, 0.033891312824],
      [0.38248953939, 0.0026460973787, 0.3757360188, 0.22921652206, 0.0099118223713],
      [0.30133641185, 0.23521316197, 0.20881952373, 0.2341504332, 0.020480469247],
      [0.068804724544, 0.092986430921, 0.21795014533, 0.62025869921, 0],
      [0.0060135961174, 0.0020524337671, 0.33024491169, 0.53865997717, 0.12302908125],
      [0.17825774408, 0.17200790963, 0.10880350419, 0.50233671587, 0.038594126235],
      [0.19893375386, 0.32621719566, 0.29886520916, 0.15740869628, 0.018575145046],
      [0.074302304867, 0.093711678669, 0.22498309374, 0.4492432477, 0.15775967502]
    ],
    [
      [0.4336440014, 0.20455914817, 0.23826630623, 0.017401573298, 0.1061289709],
      [0.45603987764, 0.0069957283959, 0.30494799583, 0.17782849282, 0.054187905315],
      [0.34339744385, 0.25344168767, 0.1609480009, 0.17307155438, 0.069141313197],
      [0.096905812181, 0.12469910187, 0.2082351429, 0.56870237886, 0.0014575641974],
      [0.0054134420669, 0.002802923623, 0.23852553489, 0.37319623161, 0.38006186782],
      [0.20913877664, 0.19073104027, 0.086347010284, 0.38274460683, 0.13103856598],
      [0.22977085531, 0.35575197381, 0.23370023401, 0.11789604311, 0.062880893763],
      [0.068895088613, 0.084023535536, 0.14294138579, 0.27413893758, 0.43000105248]
    ],
    [
      [0.41395728407, 0.25242726343, 0.2601109237, 0.018912532273, 0.054591996525],
      [0.43942059413, 0.012449301291, 0.33252818158, 0.19342698869, 0.022174934313],
      [0.31474608462, 0.30018217677, 0.16860494141, 0.18254645556, 0.033920341638],
      [0.084681915962, 0.1399201448, 0.20674340782, 0.56859578695, 5.874447119e-05],
      [0.0066011176487, 0.0043667865956, 0.29628267979, 0.46694302148, 0.22580639448],
      [0.19653188348, 0.23114298496, 0.092679308069, 0.4132181313, 0.066427692187],
      [0.20409328505, 0.40837913324, 0.2371282624, 0.12041182397, 0.029987495344],
      [0.077984785533, 0.12183279268, 0.18309187632, 0.35353550961, 0.26355503587]
    ],
    [
      [0.40450947996, 0.17676478876, 0.34779046489, 0.024436325431, 0.04649894096],
      [0.37513299959, 0, 0.39220267785, 0.21642671983, 0.016237602732],
      [0.30574299427, 0.21199771393, 0.2248674896, 0.22865657505, 0.028735227153],
      [0.070200217348, 0.084808292954, 0.23528957393, 0.60954854551, 0.00015337025764],
      [0.0055162874768, 0.0019343155862, 0.33428522156, 0.49567034388, 0.1625938315],
      [0.18134236846, 0.15517462971, 0.11755033328, 0.49217814626, 0.053754522292],
      [0.20260734458, 0.29435541051, 0.32286517047, 0.15419950835, 0.025972566087],
      [0.070665257863, 0.080155902089, 0.22746327454, 0.41287342365, 0.20884214186]
    ],
    [
      [0.53310608085, 0.16624952215, 0.20585120787, 0.014036563028, 0.080756626102],
      [0.55910403818, 0.003653644759, 0.25799013479, 0.14582253173, 0.033429650533],
      [0.44530084456, 0.20786989903, 0.14510228297, 0.14948884189, 0.052238131544],
      [0.13467091042, 0.11146590095, 0.19823583854, 0.55554372408, 8.3626014121e-05],
      [0.010258619062, 0.0024528225436, 0.24490325165, 0.3946762184, 0.34770908834],
      [0.27935931304, 0.16681947451, 0.080780295811, 0.36549655543, 0.10754436121],
      [0.3082964067, 0.31033738588, 0.21884757648, 0.11119933243, 0.051319298524],
      [0.1021025851, 0.080314466417, 0.14487388434, 0.28487789533, 0.38783116881]
    ],
    [
      [0.38734761726, 0.23755415873, 0.28285690071, 0.029130841386, 0.063110481908],
      [0.37126855287, 0.0094978386327, 0.32790015291, 0.26594804272, 0.025385412875],
      [0.2678842016, 0.2586115286, 0.17065708142, 0.26541491432, 0.037432274055],
      [0.060684058263, 0.10277540865, 0.17446403062, 0.66171894741, 0.00035755505609],
      [0.003900307194, 0.0027171457785, 0.24998840141, 0.54296301739, 0.20043112823],
      [0.15298026624, 0.18190998781, 0.083905930197, 0.51716411691, 0.064039698849],
      [0.18262317303, 0.3641806803, 0.24698876311, 0.17300563097, 0.03320175258],
      [0.059107651965, 0.09475719999, 0.16331177056, 0.43545768028, 0.24736569721]
    ],
    [
      [0.36536706048, 0.25807934152, 0.25430938519, 0.022882906125, 0.099361306679],
      [0.38707989823, 0.011797690589, 0.32578309298, 0.2306178391, 0.044721479109],
      [0.26457862972, 0.29727372391, 0.15932130817, 0.21412295877, 0.064703379421],
      [0.067805062583, 0.1321984061, 0.18519075667, 0.61389003389, 0.00091574075441],
      [0.0040522317741, 0.0034652745318, 0.2308205899, 0.43764988245, 0.32401202135],
      [0.15645927411, 0.2139496571, 0.081626496264, 0.43920771883, 0.1087568537],
      [0.17548740942, 0.40424603775, 0.22697344045, 0.13934439217, 0.053948720207],
      [0.053697636691, 0.099497654401, 0.14149217966, 0.32951549399, 0.37579703526]
    ],
    [
      [0.41686409686, 0.24512859153, 0.26796767325, 0.01462514058, 0.055414497785],
      [0.44835927632, 0.011669240596, 0.34873413826, 0.16620138145, 0.025035963382],
      [0.33227816525, 0.30363481743, 0.17985019276, 0.15056859554, 0.03366822902],
      [0.093619875296, 0.15041753651, 0.23350117388, 0.52237098206, 9.0432245305e-05],
      [0.0072399791968, 0.0047857732525, 0.32575581788, 0.4170932714, 0.24512515827],
      [0.21247277404, 0.24147116026, 0.10226982362, 0.37121467831, 0.072571563772],
      [0.21152086279, 0.4026923932, 0.2515058835, 0.10300267601, 0.031278184497],
      [0.082359233807, 0.12557266188, 0.19818931419, 0.31155011046, 0.28232867966]
    ],
    [
      [0.45820526309, 0.16200162188, 0.29017002857, 0.017234298012, 0.072388788449],
      [0.45248219413, 0.0063839816514, 0.34608508871, 0.16523977949, 0.02980895602],
      [0.37267035016, 0.20126727202, 0.20311755034, 0.17527580421, 0.047669023276],
      [0.10017884866, 0.097104360138, 0.24698163056, 0.55531647929, 0.00041868135335],
      [0.006921879953, 0.0022455107786, 0.31137767558, 0.40027557881, 0.27917935488],
      [0.23280424933, 0.15917015738, 0.11074400711, 0.40307280314, 0.094208783042],
      [0.25117149176, 0.28851803763, 0.29433471233, 0.12175990395, 0.044215854335],
      [0.083196534716, 0.075974496871, 0.19698361527, 0.31043255416, 0.33341279899]
    ],
    [
      [0.42401942283, 0.22753979101, 0.30322992576, 0.016998881416, 0.028211978981],
      [0.43411970021, 0.011079660538, 0.37400251158, 0.16939738069, 0.011400746989],
      [0.34026918264, 0.28283995297, 0.20222954974, 0.16098231166, 0.013679002987],
      [0.089700791798, 0.13175381102, 0.24813906741, 0.53040632977, 0],
      [0.008371643834, 0.0050367007629, 0.38545032472, 0.47185503405, 0.12928629663],
      [0.21768471055, 0.22578634283, 0.11624582437, 0.40368824514, 0.036594877119],
      [0.21642554311, 0.37483281645, 0.28396422864, 0.10990097987, 0.014876431924],
      [0.093397198133, 0.12945062978, 0.2478287231, 0.37213271864, 0.15719073036]
    ],
    [
      [0.34936062065, 0.28178653775, 0.24637900198, 0.021037643177, 0.10143619644],
      [0.38741588576, 0.013670151858, 0.32998027119, 0.22162420364, 0.047309487546],
      [0.2549782462, 0.32712623249, 0.15567424799, 0.19631622192, 0.065905051411],
      [0.065965295052, 0.15131349332, 0.18806781963, 0.5920949426, 0.0025584493938],
      [0.0034109487163, 0.0039304656508, 0.2318536758, 0.41733333664, 0.3434715732],
      [0.15198682694, 0.23903161594, 0.080819212567, 0.41381617521, 0.11434616934],
      [0.16557546617, 0.43621735967, 0.21721615256, 0.12667685736, 0.054314164234],
      [0.05236636478, 0.1104707479, 0.13940891297, 0.30797161299, 0.38978236136]
    ],
    [
      [0.47688162765, 0.21153595081, 0.22874294637, 0.021949071926, 0.06089040324],
      [0.47806442674, 0.0090530325431, 0.27690660617, 0.21114163248, 0.024834302063],
      [0.35900175516, 0.24941634712, 0.14730404229, 0.20702868293, 0.037249172495],
      [0.088799761556, 0.11212582215, 0.1756834329, 0.62339098339, 0],
      [0.0068694234443, 0.0033170530014, 0.24721477468, 0.50247439048, 0.24012435839],
      [0.21505892932, 0.18598940883, 0.078045952093, 0.44999741031, 0.070908299447],
      [0.261448237, 0.35642796162, 0.21917307063, 0.14517475966, 0.017775971098],
      [0.084159536155, 0.097711117654, 0.15322033339, 0.38278182024, 0.28212719256]
    ],
    [
      [0.38235738165, 0.1967343806, 0.37728021749, 0.02441817383, 0.019209846438],
      [0.35483826967, 0.0077327546484, 0.42264723769, 0.20763514795, 0.0071465900504],
      [0.28891334327, 0.23314456994, 0.24409798075, 0.22250538237, 0.011338723671],
      [0.056608943577, 0.091327039486, 0.25617252475, 0.59589149219, 0],
      [0.0044864457959, 0.0026126796181, 0.39769109538, 0.52163745852, 0.073572320682],
      [0.17655859687, 0.17746933032, 0.13198663934, 0.4911112353, 0.022874198171],
      [0.18613401221, 0.31495194924, 0.34260875046, 0.1458218603, 0.010483427784],
      [0.094925254776, 0.099976660351, 0.27874645267, 0.45009013883, 0.076261493377]
    ],
    [
      [0.37202415144, 0.34892037605, 0.21188515255, 0.017497695005, 0.04967262495],
      [0.44464614917, 0.019311411524, 0.30567180659, 0.20595510549, 0.02441552723],
      [0.3017894004, 0.40127265341, 0.13243587438, 0.16450207181, 0],
      [0.074503108929, 0.21339429374, 0.17196894612, 0.54013365122, 0],
      [0.014182734549, 0.0084581643699, 0.26916174593, 0.4853984987, 0.22279885645],
      [0.17215380572, 0.31483796174, 0.073999353863, 0.37953321978, 0.059475658894],
      [0.16946345336, 0.52126809086, 0.1797093019, 0.10460732316, 0.024951830719],
      [0.072088317918, 0.17746880224, 0.15507190306, 0.34383307802, 0.25153789876]
    ],
    [
      [0.42802341373, 0.22253082666, 0.23554004148, 0.028230549801, 0.085675168322],
      [0.43037330121, 0.0090755910255, 0.28331402287, 0.24593577298, 0.031301311908],
      [0.3130321719, 0.25471113662, 0.14698798552, 0.23420360495, 0.051065101012],
      [0.064145461164, 0.10496623391, 0.16197580632, 0.66891249861, 0],
      [0.0042697494452, 0.0027409295425, 0.21446348319, 0.49274238903, 0.28578344879],
      [0.17654031197, 0.17905768653, 0.073369581204, 0.47956989528, 0.091462525007],
      [0.21133680427, 0.3611233194, 0.21688591444, 0.16331639393, 0.047337567964],
      [0.063773063259, 0.087205083243, 0.13365740623, 0.37748207446, 0.33788237281]
    ],
    [
      [0.47869134452, 0.18720764452, 0.30500972064, 0.014595238934, 0.014496051384],
      [0.47219990696, 0.0082012213575, 0.36335795838, 0.15034075483, 0.0059001584753],
      [0.38544346295, 0.23568816148, 0.20976704714, 0.15968719671, 0.0094141317167],
      [0.11234179972, 0.11586800868, 0.26813780837, 0.50365238324, 0],
      [0.0092596781908, 0.0040306340112, 0.4309175982, 0.47912121675, 0.076670872852],
      [0.27364113166, 0.19864189799, 0.12573279885, 0.39342692705, 0.0085572444622],
      [0.25554116363, 0.32617291842, 0.30239169323, 0.10742962479, 0.0084645999371],
      [0.11791241672, 0.11997352126, 0.28238359866, 0.38464534287, 0.095085120493]
    ],
    [
      [0.42476754667, 0.20402985031, 0.31261223212, 0.019225892103, 0.039364478788],
      [0.43580410005, 0.0087906062739, 0.37319470158, 0.1822105921, 0],
      [0.33074664108, 0.24871098671, 0.20815670505, 0.18766800966, 0.024717657504],
      [0.082395951285, 0.11206786769, 0.24735369633, 0.5581824847, 0],
      [0.0067949829036, 0.003499023496, 0.35814578397, 0.46728353765, 0.16427667198],
      [0.20877048693, 0.19530290649, 0.11621215318, 0.42992999423, 0.049784459172],
      [0.22963780975, 0.34024027971, 0.29631320537, 0.12543078895, 0.0083779162252],
      [0.083886860205, 0.10521437452, 0.23350990279, 0.37439989084, 0.20298897165]
    ],
    [
      [0.50199265366, 0.16651337176, 0.24943590357, 0.013884024653, 0.068174046364],
      [0.51395178335, 0.0074089442092, 0.30773223913, 0.14226617915, 0.028640854157],
      [0.41344192815, 0.21539181702, 0.17583402051, 0.14980793428, 0.045524300041],
      [0.12302560502, 0.11220078966, 0.24127400617, 0.52349939641, 2.0274399844e-07],
      [0.019866522317, 0.0035536596486, 0.30859946797, 0.37446322733, 0.29351712274],
      [0.26975428209, 0.17467571486, 0.10180239838, 0.35881466843, 0.094952936251],
      [0.28076409304, 0.30995471407, 0.26111745429, 0.10504682794, 0.043116910656],
      [0.099856443214, 0.085610901421, 0.18727897955, 0.28551443454, 0.34173924128]
    ],
    [
      [0.33665116029, 0.35518624013, 0.20940009994, 0.020739602688, 0.078022896947],
      [0.40217578403, 0.019088208423, 0.3017617566, 0.2380488951, 0.038925355838],
      [0.24058977386, 0.39859203942, 0.12823349059, 0.18678016141, 0.045804534719],
      [0.064388161471, 0.18890379128, 0.15952882811, 0.58692065561, 0.00025856352475],
      [0.0012182960482, 0.01333698307, 0.22134794461, 0.47086084193, 0.29323593434],
      [0.14331548953, 0.29646425546, 0.067687933247, 0.40628979417, 0.08624252759],
      [0.14865551885, 0.52062681638, 0.17330999281, 0.11850997145, 0.03889770052],
      [0.054927160929, 0.15175895771, 0.13060745978, 0.33830394762, 0.32440247397]
    ],
    [
      [0.34496327123, 0.17118927255, 0.37908126884, 0.027671649412, 0.077094537962],
      [0.31542818488, 0.0063855248415, 0.41696478624, 0.23176733122, 0.029454172808],
      [0.22001581654, 0.19756212601, 0.28385431324, 0.25054470643, 0.04802303777],
      [0.054006184324, 0.075720853512, 0.24226838461, 0.62690709988, 0.0010974776743],
      [0, 0, 0.29276310426, 0.47657208302, 0.23066481272],
      [0.14306024071, 0.14021644027, 0.12144061737, 0.51104468093, 0.084238020717],
      [0.16655279034, 0.27764567121, 0.34570017466, 0.16730759185, 0.042793771947],
      [0, 0, 0.32533005744, 0.38906477103, 0.28560517153]
    ],
    [
      [0.4942383399, 0.16332313808, 0.24896054195, 0.020428848813, 0.073049131259],
      [0.48266911939, 0.0067853812436, 0.29265611808, 0.18812673417, 0.029762647112],
      [0.38634817666, 0.20146513239, 0.16706805772, 0.19811490031, 0.04700373292],
      [0.10666739421, 0.085297425549, 0.20222908113, 0.60488046471, 0.00092563440837],
      [0.001688984433, 0, 0.26636522306, 0.4562225822, 0.27572321031],
      [0.23317025885, 0.15160246741, 0.089633034742, 0.43629353255, 0.089300706447],
      [0.26689791775, 0.29470187451, 0.25271139531, 0.14084441784, 0.044844394587],
      [0.085435104554, 0.074565695775, 0.16637773938, 0.35075996499, 0.3228614953]
    ],
    [
      [0.43949720357, 0.070656864241, 0.38158257577, 0.035197640897, 0.073065715517],
      [0.24771526839, 0, 0.47151285989, 0.25459242193, 0.02617944979],
      [0.32525013723, 0.094828945908, 0.2351701342, 0.30024173105, 0.044509051613],
      [0.060926870587, 0, 0.24667892758, 0.690852571, 0.0015416308353],
      [0, 0, 0.254220724, 0.54341511907, 0.20236415692],
      [0.17218508035, 0.062468263142, 0.11097843054, 0.58020394948, 0.074164276494],
      [0.23077555003, 0.14278082894, 0.36450165655, 0.21864254739, 0.043299417095],
      [0.060191674001, 0.029558517862, 0.19959196402, 0.45232983267, 0.25832801145]
    ],
    [
      [0.27394880069, 0.3031244041, 0.33659299978, 0.022409061502, 0.06392473394],
      [0.26900026172, 0.024350611196, 0.45025333536, 0.22716202372, 0.029233768005],
      [0.20012751489, 0.34855905226, 0.21087816257, 0.20194240275, 0.038492867528],
      [0.0475208561, 0.14768985763, 0.23539638772, 0.56873123278, 0.0006616657732],
      [0, 0, 0.32245091401, 0.45679821705, 0.22075086894],
      [0.11862978852, 0.25835819173, 0.11159283705, 0.43897569555, 0.072443487144],
      [0.12000146602, 0.44408851386, 0.27799046423, 0.12569355761, 0.032225998276],
      [0.043903389522, 0.12880945442, 0.20874739797, 0.35546610921, 0.26307364888]
    ],
    [
      [0.43888879569, 0.17361362199, 0.2923132963, 0.021968858465, 0.073215427554],
      [0.42327103623, 0.0073465991667, 0.33989836436, 0.20010834924, 0.029375651013],
      [0.33901850148, 0.2099540746, 0.19334147311, 0.21085549545, 0.046830455361],
      [0.083283257298, 0.091408129082, 0.21999268204, 0.60448271423, 0.00083321734648],
      [0.0029455364109, 0.00048634419974, 0.28771218265, 0.45312919422, 0.25572674252],
      [0.1961581895, 0.15149238768, 0.10407932511, 0.45807382007, 0.090196277634],
      [0.229237961, 0.29750201264, 0.28453783754, 0.14558501818, 0.043137170641],
      [0.072691132412, 0.075523862852, 0.18477340933, 0.35807593237, 0.30893566304]
    ],
    [
      [0.47686837252, 0.20939552971, 0.24052246298, 0.022344993737, 0.05086864104],
      [0.4716909456, 0.0092005035767, 0.2876891566, 0.21049585843, 0.020923535797],
      [0.3595682647, 0.24639164108, 0.1539862409, 0.20938467262, 0.030669180696],
      [0.091574170596, 0.11051815788, 0.18039212107, 0.61751555046, 0],
      [0.0075756139595, 0.0036977123397, 0.26567879702, 0.52097558291, 0.20207229377],
      [0.21867551476, 0.18539890479, 0.080527479789, 0.45840939515, 0.056988705506],
      [0.24513129492, 0.35053825305, 0.22941115364, 0.1456956104, 0.029223687984],
      [0.088453103074, 0.10092156401, 0.1671331936, 0.40313448179, 0.24035765752]
    ],
    [
      [0.35585080107, 0.18237420137, 0.33711875447, 0.019284211453, 0.10537203163],
      [0.35505075665, 0.0071211060051, 0.40735240523, 0.18550485536, 0.044970876753],
      [0.28303426313, 0.22665397543, 0.22858497005, 0.19295818301, 0.068768608385],
      [0.070914214775, 0.10010951267, 0.26433360124, 0.56332265275, 0.001320018568],
      [0.0039410267376, 0.0020408324169, 0.29792612321, 0.36382714854, 0.3322648691],
      [0.16480777413, 0.16312717704, 0.12287381096, 0.41534865386, 0.13384258401],
      [0.18307302562, 0.3063696033, 0.32212501847, 0.12745138759, 0.060980965016],
      [0.053109298398, 0.070941223162, 0.19009034431, 0.28552913129, 0.40033000284]
    ],
    [
      [0.43977878401, 0.26398576931, 0.22798539099, 0.019044138134, 0.049205917559],
      [0.47056754613, 0.012591203059, 0.2952693807, 0.19949759029, 0.02207427982],
      [0.33082967859, 0.30986648705, 0.14608523125, 0.1829201468, 0.030298456306],
      [0.090273821796, 0.14896857137, 0.182706951, 0.57805065584, 0],
      [0.0073385769328, 0.0050175997278, 0.27526084491, 0.49842918446, 0.21395379397],
      [0.20910947025, 0.24370167238, 0.079002399119, 0.4115852698, 0.056601188443],
      [0.21724106981, 0.42425105653, 0.20893335786, 0.12243897788, 0.027135537908],
      [0.085730676383, 0.13380586606, 0.16612569409, 0.37041699753, 0.24392076594]
    ],
    [
      [0.38775998342, 0.2771565131, 0.26407086928, 0.020822600195, 0.050190034],
      [0.4126040009, 0.013593757542, 0.33957502405, 0.21216068093, 0.022066536575],
      [0.28799041722, 0.32108498582, 0.16712965182, 0.19325834523, 0.030536599917],
      [0.074493701876, 0.14680766277, 0.19854656067, 0.58015207469, 0],
      [0.0058519798467, 0.0050978965723, 0.29482602262, 0.49311640245, 0.20110769851],
      [0.1764047951, 0.24893738765, 0.088132642054, 0.43017553452, 0.056349640668],
      [0.18444368515, 0.42960964799, 0.23301905676, 0.12642739944, 0.026500210662],
      [0.071471814431, 0.13356309042, 0.18275446278, 0.37664319951, 0.23556743286]
    ],
    [
      [0.44846528306, 0.22837096148, 0.24097208816, 0.017439673629, 0.064751993681],
      [0.47465938408, 0.010816975618, 0.30796669228, 0.17821764613, 0.028339301902],
      [0.34988062733, 0.2779524166, 0.15988161788, 0.17131766905, 0.040967669144],
      [0.098262952763, 0.13722217276, 0.20573580278, 0.55852601976, 0.00025305193258],
      [0.0074451778662, 0.0041530052127, 0.28098922621, 0.43673188791, 0.27068070281],
      [0.22333203535, 0.2184042564, 0.088856813275, 0.38923420213, 0.080172692835],
      [0.2317031848, 0.38420141372, 0.23071390144, 0.11607127347, 0.037310226571],
      [0.084303702312, 0.11157119, 0.16979358849, 0.32495113409, 0.30938038511]
    ],
    [
      [0.38350569199, 0.23879823133, 0.2447308582, 0.028087702301, 0.10487751617],
      [0.38736590915, 0.0085800799333, 0.29888345605, 0.25949071118, 0.045679843681],
      [0.27721064714, 0.26992717405, 0.15081639706, 0.23976066374, 0.062285117999],
      [0.06273097477, 0.11048440757, 0.16299350031, 0.6611463092, 0.0026448081417],
      [0.0030344805797, 0.0018940598971, 0.20585849428, 0.47317470958, 0.31603825567],
      [0.1467612743, 0.18015356535, 0.06989836994, 0.49105714647, 0.11212964394],
      [0.17662037057, 0.36890998348, 0.21481629485, 0.17751455286, 0.06213879825],
      [0.051978454354, 0.085736458251, 0.12774194683, 0.36283961296, 0.37170352761]
    ],
    [
      [0.40386273589, 0.1830894326, 0.31510737867, 0.012280687769, 0.085659765081],
      [0.42578067781, 0.0084905534399, 0.40089503247, 0.12707712136, 0.037756614925],
      [0.34046583288, 0.24097751398, 0.2268654237, 0.13261101713, 0.059080212305],
      [0.10128377708, 0.12666575022, 0.30980137123, 0.46152677166, 0.00072232980841],
      [0.0061855451576, 0.0030404768227, 0.35086903292, 0.29849276035, 0.34141218475],
      [0.22547520511, 0.19858816948, 0.13279492793, 0.32009369403, 0.12304800346],
      [0.21999668304, 0.32317596599, 0.32091552768, 0.082167142909, 0.053744680383],
      [0.073624191826, 0.087100728929, 0.21653640445, 0.22557027837, 0.39716839642]
    ],
    [
      [0.35700936928, 0.2654210531, 0.27713249726, 0.019722734653, 0.080714345708],
      [0.38492425536, 0.012744291084, 0.36042417839, 0.20557864461, 0.036328630557],
      [0.26995296915, 0.31311444358, 0.17881034227, 0.18825098757, 0.04987125743],
      [0.070058008766, 0.14398485124, 0.21348209345, 0.57198733983, 0.00048770671055],
      [0.004498312335, 0.004295811632, 0.27714611389, 0.42486872721, 0.28919103494],
      [0.16231915583, 0.23496397037, 0.095117176426, 0.41307093423, 0.094528763144],
      [0.16928525654, 0.41697352141, 0.24812516646, 0.12158626544, 0.044029790143],
      [0.05813736326, 0.11366230606, 0.1708700096, 0.32099823441, 0.33633208667]
    ],
    [
      [0.37929288716, 0.21937787579, 0.28296534803, 0.020557061428, 0.097806827583],
      [0.39424207186, 0.0093682277993, 0.35473419217, 0.19891279599, 0.042742712171],
      [0.29320642169, 0.26507833838, 0.18664903747, 0.1931839817, 0.061882220768],
      [0.075473904161, 0.12070435478, 0.22110033591, 0.58169117507, 0.0010302300882],
      [0.0039154095458, 0.0020722671278, 0.26592761711, 0.40081303462, 0.3272716716],
      [0.17406476964, 0.19583708925, 0.097810496107, 0.41744790232, 0.1148397427],
      [0.18592066774, 0.3545295624, 0.26481367831, 0.13320076507, 0.061535326475],
      [0.05826729501, 0.088359770691, 0.16520330751, 0.30508560573, 0.38308402106]
    ],
    [
      [0.46630447637, 0.22771912057, 0.25456508454, 0.02943338272, 0.021977935801],
      [0.43665464322, 0.0091622079962, 0.28780165319, 0.25784734163, 0.008534153969],
      [0.32919046563, 0.25087482598, 0.15320880497, 0.25414474341, 0.012581160006],
      [0.074171292831, 0.099809061721, 0.15861065563, 0.66740898982, 0],
      [0.0064522853194, 0.0032757063038, 0.26616470593, 0.64088302043, 0.083224282018],
      [0.18917465157, 0.17924906892, 0.077485277696, 0.53120232873, 0.022888673076],
      [0.22396126341, 0.35514833775, 0.22622210991, 0.1839514592, 0.010716829719],
      [0.08621554917, 0.10987757368, 0.17711794284, 0.5220809665, 0.10470796781]
    ],
    [
      [0.47503110658, 0.19576646828, 0.26457502115, 0.019271527602, 0.045355876385],
      [0.47127263273, 0.0085496898818, 0.31674552412, 0.18486021695, 0.018571936316],
      [0.36913323519, 0.2374791741, 0.17549962093, 0.18917242739, 0.028715542388],
      [0.097520181007, 0.1103614871, 0.21225872107, 0.57985961082, 0],
      [0.0077778395776, 0.0034843371724, 0.31000552375, 0.48605950627, 0.19267279322],
      [0.23117409546, 0.18484089332, 0.096975164253, 0.43044738109, 0.05656246588],
      [0.25319155169, 0.33473269701, 0.25961926009, 0.12853184314, 0.023924648067],
      [0.093914488389, 0.10082869964, 0.19655256922, 0.3777857051, 0.23091853764]
    ],
    [
      [0.48453154206, 0.24338942893, 0.21682376374, 0.016344063948, 0.038911201325],
      [0.50394338707, 0.012178143881, 0.27303200074, 0.19389993167, 0.016946536643],
      [0.36714745764, 0.28696437411, 0.1400733073, 0.18225435306, 0.023560507884],
      [0.1002367059, 0.13926947506, 0.17530202964, 0.5851917894, 0],
      [0.01053852244, 0.0068683169618, 0.27472740246, 0.52478730144, 0.1830784567],
      [0.23128541359, 0.22454790768, 0.077450043205, 0.41882824522, 0.047888390315],
      [0.25704305872, 0.41046717024, 0.20497929573, 0.11317168224, 0.014338793069],
      [0.1026264296, 0.1325962326, 0.16710099928, 0.38879390357, 0.20888243495]
    ],
    [
      [0.43855041568, 0.1802482954, 0.28567151433, 0.030000125762, 0.065529648823],
      [0.40228994056, 0.0069513149946, 0.31609027159, 0.2494976989, 0.025170773951],
      [0.31906255971, 0.20565268184, 0.17748295429, 0.25874690635, 0.039054897811],
      [0.069678344045, 0.080043100201, 0.18136488601, 0.66847637902, 0.0004372907221],
      [0.0045393212095, 0.0021362652161, 0.25351781945, 0.53492754731, 0.20487904682],
      [0.17744263878, 0.1425050528, 0.087395075582, 0.52423884651, 0.068418386333],
      [0.21903468684, 0.29637817329, 0.26595097493, 0.18183803666, 0.036798128286],
      [0.059686978761, 0.069962493894, 0.16697109357, 0.44685845307, 0.25652098071]
    ],
    [
      [0.3939518829, 0.23551559511, 0.23698214668, 0.024046609394, 0.10950376592],
      [0.40974447831, 0.0096301862028, 0.29783206842, 0.23337544895, 0.049417818115],
      [0.29180217077, 0.27367552035, 0.15004324947, 0.21718239388, 0.06729666553],
      [0.072493626074, 0.12073222983, 0.17324965157, 0.63193621972, 0.0015882728131],
      [0.0028413758316, 0.0020439887056, 0.21100368851, 0.44237237183, 0.34173857512],
      [0.16509052726, 0.19315226959, 0.075086557204, 0.4479088986, 0.11876174734],
      [0.19119486215, 0.37951245716, 0.21665374086, 0.1487975627, 0.063841377134],
      [0.041890301649, 0.080182458482, 0.12514278732, 0.3418338631, 0.41095058945]
    ],
    [
      [0.35495102046, 0.2968428171, 0.28386800402, 0.011720314481, 0.052617843935],
      [0.41724155695, 0.016460817441, 0.40254201263, 0.13872653378, 0.025029079197],
      [0.28157216007, 0.36867967858, 0.19246937981, 0.12312955815, 0.03414922338],
      [0.086381557315, 0.19991030735, 0.27216129588, 0.44154683945, 0],
      [0.0068033973506, 0.0065542541923, 0.3807100352, 0.35412915344, 0.25180315982],
      [0.19191260081, 0.31246878769, 0.11590743529, 0.30598726202, 0.073723914191],
      [0.17132391229, 0.46964672037, 0.25491639556, 0.076002623654, 0.028110348128],
      [0.080688474752, 0.1709594437, 0.22643497284, 0.24926740243, 0.27264970628]
    ],
    [
      [0.42335224384, 0.21868203932, 0.28258853082, 0.015302973265, 0.06007421275],
      [0.44361436548, 0.010109282269, 0.35762859013, 0.16220885611, 0.02643890601],
      [0.33612116595, 0.27206763673, 0.19182734596, 0.16071056888, 0.039273282471],
      [0.094325327439, 0.13438214133, 0.2473293638, 0.52396316743, 0],
      [0.0069182773321, 0.00397781033, 0.33269177833, 0.40458574549, 0.25182638852],
      [0.2166883771, 0.21806540767, 0.10931099659, 0.3764505375, 0.079484681143],
      [0.21779041199, 0.36957370097, 0.27114352624, 0.10652945115, 0.034962909652],
      [0.08619575432, 0.11210895385, 0.20827130996, 0.30282272131, 0.29060126055]
    ],
    [
      [0.40858589682, 0.25219136203, 0.24123709509, 0.022835368304, 0.075150277757],
      [0.42606696402, 0.011383536607, 0.3039937543, 0.22505988175, 0.033495863332],
      [0.30195495672, 0.29197735663, 0.15230952445, 0.20802013648, 0.04573802571],
      [0.076584278266, 0.13058118854, 0.1781335579, 0.6141658847, 0.00053509059377],
      [0.0048353576506, 0.0037700552189, 0.24338586493, 0.48131368662, 0.26669503558],
      [0.17771136524, 0.21382354434, 0.079195097894, 0.44508823285, 0.084181759681],
      [0.19802991142, 0.40216917916, 0.21824631486, 0.14011914752, 0.041435447043],
      [0.060625740259, 0.10784848075, 0.14886179771, 0.36922500069, 0.31343898059]
    ],
    [
      [0.49516367576, 0.18345134254, 0.24459147815, 0.020536228705, 0.056257274847],
      [0.48499286473, 0.007826612102, 0.28916580447, 0.19522555443, 0.022789164268],
      [0.3815736068, 0.22130107989, 0.16104583049, 0.20080093587, 0.035278546943],
      [0.09873290315, 0.10111751061, 0.19208672055, 0.60781583359, 0.00024703209895],
      [0.0078080253297, 0.0030685989661, 0.27265201993, 0.4939123831, 0.22255897267],
      [0.23220096382, 0.16758433761, 0.086617662901, 0.4453960802, 0.068200955473],
      [0.26301552511, 0.31987414255, 0.24196509282, 0.14161062072, 0.033534618807],
      [0.096872258239, 0.088873882067, 0.17356688938, 0.38026220447, 0.26042476585]
    ]
  ],
  "expected_outcome": [
    [
      [19.091390451, 27.3033773676, 25.4016152784, 25.428195454, 23.1532663808, 24.5213741617, 8.1846666133, 1.3200177873, 4.0702307063, 2.6018640084, 3.7256155566, 4.4496042796, 2.6655304042, 1.1620428518, 1.8268353024, 4.5855050655, 2.7492315785, 0.84803884565, 1.7468031032, 0.47688162765, 1.9117869082, 1.4880966058, 3.8522107236, 3.3508394117, 1.27430264, 2.5099632683, 2.6932092823, 1.7248163562, 3.9539067192, 3.076480425, 1.0957952027, 1.7555551828, 3.8149469802, 1.4234032043, 3.9580090561, 2.7143198839, 1.3453958492, 1.534022768, 1.2115882077, 2.4990655849, 3.0343430973, 3.2641313346, 1.4250933197, 4.3607838785, 3.9469537412, 1.9697594145, 1.7747551023, 3.8101701945, 2.4515153809, 2.9709820546],
      [20.1143269477, 14.9873237911, 10.1157027337, 13.0864513804, 9.6731842928, 12.1469366299, 3.8741806294, 0.59634789504, 2.0256585955, 1.227354889, 2.2718453709, 1.9444126763, 0.83124761076, 0.71266247618, 1.2903967076, 2.6964145068, 0.97200973127, 0.45507958202, 1.4089326887, 0.21153595081, 0.98367190299, 1.3956815042, 2.0027774399, 1.3104535116, 0.61208955094, 0.83256685881, 2.8414899211, 0.85594636277, 1.3065851046, 0.49459804969, 1.2124976164, 0.69445448795, 1.6751642377, 0.7294968055, 2.3758719238, 1.9400955917, 0.68511288444, 0.95519292533, 0.5492682978, 1.8579473717, 1.7550230064, 1.594033844, 0.58729940485, 2.1905048603, 1.6222346586, 1.1775779755, 1.4842140855, 1.9681383539, 1.5131481722, 1.1007080552],
      [13.7754614464, 10.9250277468, 19.5254824071, 20.178750044, 14.5426328056, 15.7971055286, 4.1493563688, 0.83047649934, 3.3079554411, 1.4295978374, 2.3409983133, 3.8256951138, 1.0292560394, 0.84857070214, 1.2715469259, 2.9476444057, 1.7410201714, 0.60645985153, 1.2318950099, 0.22874294637, 1.8864010874, 0.84754061022, 2.1198603734, 2.1350680445, 0.93783669637, 1.2471795178, 1.6752007995, 1.8954063442, 1.9916843356, 2.6710780304, 1.3463719991, 1.1692531852, 1.9241797039, 1.3484750179, 2.0518685189, 1.848496085, 0.72291626447, 0.97892343281, 0.945322136, 1.9399274808, 2.2637227843, 1.7819555918, 0.79372506346, 1.9514138737, 2.571043629, 1.1849107334, 1.4193400201, 2.5432967774, 1.4474225705, 1.4675488689],
      [0.50614195823, 0.95828523304, 1.6861591182, 0.54753168074, 1.6510013265, 0, 0.37806089581, 0.060850742259, 0.25724212878, 0.10440943979, 0.17021279046, 0.26879957974, 0.070182815138, 0.087392524159, 0.11441453063, 0.16087654638, 0.10340578807, 0.033997762833, 0.10518821588, 0.021949071926, 0.12209086915, 0.069990780021, 0.25407494821, 0.10216667254, 0.057677676309, 0.069420123264, 0.16591682151, 0.13835824706, 0.16343079051, 0.24638348628, 0.089636246009, 0.087875433858, 0.17875994989, 0.077136845811, 0.1713972432, 0.14575820137, 0.052319020886, 0.11235080921, 0.036842063306, 0.13805914257, 0.16445649143, 0.20603367904, 0.057814582805, 0.14709657554, 0.27000113186, 0.12023304697, 0.058601572403, 0.13772675938, 0.13701220982, 0.12321737223],
