{
  "X": [
    [10, 44, 17, 22, 7],
    [6, 65, 10, 13, 6],
    [12, 55, 7, 15, 11],
    [14, 50, 16, 14, 6],
    [10, 50, 12, 20, 8],
    [10, 48, 13, 16, 13],
    [12, 16, 31, 19, 22],
    [12, 13, 35, 18, 22],
    [17, 7, 35, 19, 22],
    [7, 13, 34, 22, 24],
    [15, 20, 33, 17, 15],
    [14, 8, 42, 15, 21],
    [13, 16, 18, 32, 21],
    [12, 14, 8, 40, 26],
    [22, 14, 8, 41, 15],
    [22, 10, 20, 37, 11],
    [20, 21, 8, 37, 14],
    [19, 10, 11, 50, 10],
    [20, 14, 15, 46, 5],
    [43, 11, 17, 18, 11],
    [35, 9, 19, 28, 9],
    [41, 9, 15, 26, 9],
    [34, 12, 20, 30, 4],
    [42, 4, 14, 28, 12],
    [38, 8, 19, 24, 11],
    [17, 10, 38, 27, 8],
    [14, 20, 32, 26, 8],
    [14, 21, 25, 32, 8],
    [14, 17, 33, 25, 11],
    [11, 15, 27, 36, 11],
    [19, 15, 39, 19, 8],
    [26, 16, 26, 22, 10],
    [25, 14, 21, 30, 10],
    [41, 10, 17, 23, 9],
    [38, 12, 14, 27, 9],
    [30, 10, 17, 30, 13],
    [33, 7, 27, 28, 5],
    [24, 17, 13, 33, 13],
    [28, 27, 22, 12, 11],
    [21, 34, 17, 15, 13],
    [23, 23, 26, 12, 16],
    [18, 29, 23, 16, 14],
    [18, 36, 24, 8, 14],
    [23, 15, 20, 16, 26],
    [12, 14, 10, 33, 31],
    [16, 14, 14, 21, 35],
    [22, 10, 14, 18, 36],
    [16, 16, 10, 24, 34],
    [11, 13, 9, 34, 33],
    [20, 13, 12, 24, 31]
  ],
  "W": [
    [55, 9, 5, 8, 5, 7, 5, 6],
    [69, 5, 6, 4, 5, 1, 7, 3],
    [55, 2, 8, 9, 7, 7, 4, 8],
    [50, 9, 5, 4, 13, 6, 9, 4],
    [58, 5, 5, 6, 4, 8, 11, 3],
    [52, 8, 8, 7, 5, 8, 5, 7],
    [12, 46, 8, 9, 6, 7, 7, 5],
    [4, 55, 7, 7, 5, 9, 6, 7],
    [6, 57, 10, 3, 6, 8, 7, 3],
    [10, 58, 6, 7, 3, 4, 6, 6],
    [12, 49, 5, 7, 3, 6, 11, 7],
    [8, 54, 7, 6, 7, 8, 2, 8],
    [3, 30, 36, 3, 9, 5, 7, 7],
    [8, 2, 61, 6, 4, 4, 5, 10],
    [3, 4, 55, 9, 5, 11, 4, 9],
    [5, 8, 47, 7, 8, 9, 9, 7],
    [15, 5, 55, 5, 3, 5, 7, 5],
    [4, 5, 55, 8, 7, 10, 8, 3],
    [4, 5, 48, 19, 6, 8, 8, 2],
    [7, 8, 5, 59, 5, 4, 4, 8],
    [6, 6, 9, 53, 8, 8, 3, 7],
    [4, 6, 6, 57, 3, 8, 8, 8],
    [7, 7, 6, 56, 9, 5, 5, 5],
    [4, 8, 7, 52, 6, 10, 3, 10],
    [6, 8, 6, 55, 5, 6, 6, 8],
    [3, 5, 7, 7, 57, 4, 7, 10],
    [6, 7, 5, 6, 64, 3, 1, 8],
    [13, 7, 7, 5, 54, 4, 4, 6],
    [8, 5, 6, 7, 55, 3, 6, 10],
    [8, 13, 8, 3, 52, 8, 3, 5],
    [4, 8, 7, 5, 57, 6, 3, 10],
    [7, 7, 8, 4, 20, 41, 9, 4],
    [6, 3, 7, 7, 8, 57, 8, 4],
    [5, 6, 3, 6, 6, 58, 10, 6],
    [7, 4, 11, 6, 3, 60, 7, 2],
    [6, 15, 7, 10, 11, 39, 6, 6],
    [3, 8, 8, 7, 5, 59, 5, 5],
    [5, 5, 11, 10, 7, 30, 23, 9],
    [7, 7, 4, 10, 8, 5, 51, 8],
    [5, 2, 4, 6, 3, 11, 62, 7],
    [2, 7, 7, 4, 9, 6, 59, 6],
    [7, 6, 5, 3, 5, 5, 64, 5],
    [5, 3, 4, 5, 11, 4, 61, 7],
    [2, 7, 4, 8, 7, 13, 42, 17],
    [8, 5, 5, 8, 6, 6, 7, 55],
    [9, 7, 3, 6, 2, 9, 5, 59],
    [5, 10, 8, 7, 3, 7, 6, 54],
    [9, 11, 5, 5, 6, 4, 9, 51],
    [9, 3, 4, 5, 10, 4, 7, 58],
    [9, 5, 1, 9, 9, 7, 3, 57]
  ],
  "method": "mult",
  "cond_prob": [
    [
      [0.015404830777, 0.74744252532, 0.070768645798, 0.14477659972, 0.021607398385],
      [0.034802200542, 0.014761597761, 0.62514009205, 0.13221508128, 0.19308102837],
      [0.10226787042, 0.0627707684, 0.034831639989, 0.70766461469, 0.092465106493],
      [0.47847701109, 0.0023936976072, 0.17940385369, 0.32733501267, 0.012390424943],
      [0.079007185062, 0.091917789462, 0.50408742771, 0.31553550828, 0.0094520894899],
      [0.36568022686, 0.01634851218, 0.21462854207, 0.37173934941, 0.031603369478],
      [0.18801202, 0.33381108305, 0.31528989826, 0.056365332698, 0.10652166599],
      [0.10091690804, 0.030286559477, 0.045464699809, 0.37144474306, 0.45188708961]
    ],
    [
      [0.0013594682704, 0.87625775901, 0.030028800038, 0.075428495203, 0.016925477475],
      [0.040161443436, 0.03246299112, 0.55896377535, 0.1032847559, 0.26512703419],
      [0.13085376663, 0.10114611697, 0.030773088427, 0.60312186401, 0.13410516396],
      [0.57171839355, 0.013226757234, 0.15038807338, 0.24904609527, 0.015620680567],
      [0.10019753015, 0.14344511136, 0.47729390733, 0.2659487134, 0.013114737758],
      [0.44724664371, 0.0308988064, 0.18690253069, 0.29267968469, 0.042272334517],
      [0.19494062049, 0.40501870923, 0.23895548012, 0.03704919957, 0.12403599059],
      [0.10685822012, 0.044286871296, 0.033647556112, 0.26077561254, 0.55443173993]
    ],
    [
      [0, 0.9007755557, 0.01039346336, 0.056116590136, 0.032714390801],
      [0.046249725458, 0.036405959342, 0.41311381894, 0.096714552074, 0.40751594418],
      [0.14029934038, 0.11206437494, 0.020045992214, 0.5304086392, 0.19718165326],
      [0.54257795877, 0.099052995288, 0.10719594291, 0.22657821561, 0.024594887417],
      [0.12641471649, 0.1829462756, 0.39157028378, 0.27553607522, 0.023532648912],
      [0.49304301709, 0.039216877574, 0.13472834741, 0.26807275022, 0.064939007709],
      [0.20541746831, 0.42220971299, 0.16286493855, 0.031721816663, 0.17778606349],
      [0.0930037736, 0.044069954545, 0.017681285111, 0.18819204244, 0.6570529443]
    ],
    [
      [0.020414474353, 0.8708637523, 0.027633323211, 0.072720276984, 0.0083681731467],
      [0.068118054231, 0.034587797058, 0.57067218133, 0.10279647204, 0.22382549534],
      [0.20198931931, 0.10013003334, 0.029885714223, 0.56123738024, 0.10675755289],
      [0.67959168316, 0.010280926437, 0.11609699533, 0.18460519217, 0.0094252029011],
      [0.15421864628, 0.1419477335, 0.45126743595, 0.24420001455, 0.0083661697249],
      [0.56534719225, 0.026644311488, 0.15186035512, 0.2287033807, 0.027444760444],
      [0.28068262162, 0.37864310884, 0.21656643195, 0.032402389377, 0.091705448212],
      [0.17870782885, 0.047693488697, 0.035432742367, 0.2639420637, 0.47422387638]
    ],
    [
      [0.010867700675, 0.77567196421, 0.042582391668, 0.13741188534, 0.033466058111],
      [0.035507737084, 0.021963218817, 0.5133707883, 0.1347879679, 0.2943702879],
      [0.099256278065, 0.065605305177, 0.025528985909, 0.6789673338, 0.13064209705],
      [0.49648764367, 0.0069847819767, 0.14417090993, 0.333581361, 0.018775303413],
      [0.087683829271, 0.10989045835, 0.44123314199, 0.34583851431, 0.015354056075],
      [0.3791847785, 0.020240320846, 0.17327927673, 0.37949653002, 0.047799093908],
      [0.18919760381, 0.34925742918, 0.24854916128, 0.056975506291, 0.15602029944],
      [0.083846745355, 0.0293195477, 0.028496465584, 0.30459636972, 0.55374087164]
    ],
    [
      [0, 0.84053393609, 0.039127911672, 0.074937286548, 0.045400865695],
      [0.0019055541449, 0.056079187048, 0.50928272414, 0.08707362905, 0.34565890561],
      [0.11786946442, 0.092765209634, 0.032087350504, 0.56106525462, 0.19621272082],
      [0.54441653839, 0.012261906706, 0.16548865125, 0.25120483379, 0.026628069871],
      [0.093070284674, 0.13582850339, 0.49477728984, 0.25507217034, 0.021251751762],
      [0.41704635744, 0.030044063011, 0.19967758304, 0.28674890318, 0.06648309332],
      [0.17421267989, 0.37195964187, 0.24032541478, 0.03443317941, 0.17906908406],
      [0.079728342919, 0.033764796115, 0.029004749961, 0.20259974563, 0.65490236537]
    ],
    [
      [0.0041262245811, 0.84320070797, 0.034493866472, 0.087753201234, 0.030425999748],
      [0.02477561553, 0.025393260099, 0.50619895941, 0.10736311375, 0.33626905121],
      [0.11175400637, 0.086924536304, 0.028871860805, 0.60981220797, 0.16263738855],
      [0.53218054365, 0.011279587458, 0.14990589259, 0.28306354196, 0.023570434342],
      [0.094296858152, 0.1368896091, 0.45287814478, 0.29671348511, 0.019221902857],
      [0.40971478465, 0.028793928662, 0.18034283557, 0.32385572931, 0.057292721803],
      [0.18033698309, 0.38800180357, 0.22798707845, 0.041050265896, 0.16262386899],
      [0.086201304741, 0.03553623642, 0.029043056561, 0.24951318687, 0.59970621541]
    ],
    [
      [0.0044719285852, 0.89654440138, 0.023105353861, 0.059278674283, 0.01659964189],
      [0.028195721868, 0.065935359782, 0.5175602734, 0.10233915109, 0.28596949387],
      [0.1155019835, 0.13037247799, 0.027729509744, 0.58741078018, 0.13898524859],
      [0.54206441291, 0.020065254097, 0.14987163777, 0.26988052027, 0.018118174953],
      [0.091663383886, 0.19078553153, 0.43426026029, 0.26896883398, 0.014321990319],
      [0.41693074956, 0.045978391937, 0.18095244006, 0.30871497869, 0.047423439763],
      [0.15834090838, 0.49210511503, 0.19742269193, 0.033403210813, 0.11872807384],
      [0.095377670327, 0.059135658083, 0.030592300221, 0.2584992353, 0.55639513607]
    ],
    [
      [0.019984486316, 0.76873388966, 0.046556641105, 0.12854755634, 0.036177426572],
      [0.07442788631, 0, 0.50341695914, 0.11979148121, 0.30236367334],
      [0.24050487152, 0.00055251408972, 0.026455809537, 0.59177476596, 0.14071203889],
      [0.67134049725, 0.0039131120805, 0.10555299614, 0.20512935033, 0.014064044199],
      [0.16594072861, 0.081773091796, 0.44068518413, 0.29550058829, 0.016100407178],
      [0.55880557158, 0.010423287653, 0.13758774284, 0.25380848556, 0.039374912361],
      [0.32748152166, 0.24759877831, 0.23077148054, 0.043712465068, 0.15043575442],
      [0.15339125316, 0.021038628235, 0.028154329174, 0.25266861751, 0.54474717192]
    ],
    [
      [0.0036785227975, 0.81889049723, 0.032783588751, 0.1172446646, 0.027402726622],
      [0.017523891331, 0.020907394876, 0.49726382224, 0.14997851841, 0.31432637314],
      [0.070920676875, 0.072499907738, 0.024046127254, 0.70068425776, 0.13184903037],
      [0.41361264044, 0.011315125751, 0.15609906687, 0.39658765357, 0.022385513362],
      [0.065413248821, 0.12483040302, 0.42285506493, 0.37063664019, 0.016264643041],
      [0.30434697875, 0.028109059896, 0.18012837148, 0.43384810254, 0.053567487334],
      [0.14036960249, 0.39953485001, 0.2396164803, 0.058641177016, 0.16183789018],
      [0.061695209014, 0.033354041592, 0.02785243804, 0.32490512864, 0.55219318272]
    ],
    [
      [0.010384062014, 0.87392397312, 0.025016803529, 0.079349478961, 0.011325682379],
      [0.061664530241, 0.063777225149, 0.54756674217, 0.1228307344, 0.20416076804],
      [0.15287849531, 0.10430211089, 0.026418999365, 0.62017333732, 0.096227057119],
      [0.60648772273, 0.015547503244, 0.12612877527, 0.24289059256, 0.0089454061977],
      [0.12091382102, 0.1515367244, 0.43507672217, 0.28317756077, 0.0092951716434],
      [0.48781629199, 0.033357785286, 0.16025583646, 0.29045189589, 0.028118190367],
      [0.22990846283, 0.42843696806, 0.21398394086, 0.039222127235, 0.08844850101],
      [0.14648434747, 0.055703097078, 0.033349004695, 0.31490171071, 0.44956184005]
    ],
    [
      [0.080159833844, 0.74220440446, 0.057881132393, 0.088947177149, 0.030807452153],
      [0.035519035404, 0, 0.62608026814, 0.074094845479, 0.26430585098],
      [0.17657955554, 0.069789616397, 0.044281634191, 0.55350693888, 0.15584225499],
      [0.62342790607, 0.0041611572953, 0.16424816789, 0.19196954396, 0.016193224788],
      [0.12339387406, 0.09228146452, 0.54603893375, 0.22319318485, 0.015092542817],
      [0.50326714158, 0.014921767543, 0.2083562285, 0.2303369736, 0.043117888783],
      [0.24966121967, 0.28983226826, 0.29036614469, 0.032946505117, 0.13719386226],
      [0.13435655024, 0.025482697158, 0.045412670144, 0.22374924975, 0.57099883271]
    ],
    [
      [0.0057885128603, 0.89851644187, 0.016065976512, 0.061571188874, 0.018057879883],
      [0.046876239299, 0.063793493694, 0.41821944866, 0.12586662063, 0.34524419771],
      [0.12587145294, 0.14572315344, 0.0019133688244, 0.5826108357, 0.14388118909],
      [0.58711368719, 0.018438524469, 0.10795135728, 0.26730203235, 0.019194398714],
      [0.1128660941, 0.21453499868, 0.3547467825, 0.30164431199, 0.016207812732],
      [0.46037782708, 0.044949244918, 0.13213413227, 0.31137733079, 0.051161464947],
      [0.18000802046, 0.50465776587, 0.14730580842, 0.036257231539, 0.13177117372],
      [0.10084196993, 0.057304456051, 0.018278699774, 0.24827222137, 0.57530265288]
    ],
    [
      [0.0054763726122, 0.83068567948, 0.035627055257, 0.083054674253, 0.045156218396],
      [0.027333329946, 0.022281646591, 0.46909839825, 0.084247930661, 0.39703869455],
      [0.092192999022, 0.075461856947, 0.02554676516, 0.54467724279, 0.26212113608],
      [0.50671937047, 0.011249964147, 0.17064820935, 0.27541013702, 0.035972319014],
      [0.083745434451, 0.12779104457, 0.49498924372, 0.26619742034, 0.027276856918],
      [0.3795182071, 0.02825959422, 0.20091863685, 0.30585418688, 0.085449374943],
      [0.15410867371, 0.35074458721, 0.23486522918, 0.035667494707, 0.2246140152],
      [0.061383526134, 0.026135272107, 0.023658716238, 0.18227502101, 0.70654746451]
    ],
    [
      [0.0071437936677, 0.89236599283, 0.019405984829, 0.063235675065, 0.017848553604],
      [0.054517706875, 0.044433971967, 0.46504570681, 0.11770843846, 0.31829417588],
      [0.14766688338, 0.1314205518, 0.016575124645, 0.56785686742, 0.13648057275],
      [0.62117124925, 0.016458389485, 0.10626912178, 0.23990325406, 0.016197985415],
      [0.12793566529, 0.19236800685, 0.37825356451, 0.28598133252, 0.01546143083],
      [0.49805060249, 0.039512226581, 0.13355913444, 0.28460330755, 0.044274728938],
      [0.20953265372, 0.47210776194, 0.16136803196, 0.034533048151, 0.12245850423],
      [0.1213235993, 0.053778300542, 0.02307275972, 0.2499474431, 0.55187789733]
    ],
    [
      [0.014618232981, 0.79471826052, 0.063371385598, 0.10551083121, 0.021781289689],
      [0.048768221576, 0.0154983408, 0.66035097968, 0.090132656762, 0.18524980119],
      [0.18477335441, 0.050744056216, 0.070503109937, 0.59190890966, 0.10207056978],
      [0.59905354351, 0.0043108012266, 0.17594679735, 0.21091020934, 0.0097786485756],
      [0.11592455557, 0.081390723699, 0.56206790939, 0.23238503497, 0.0082317763642],
      [0.48373099109, 0.014464186955, 0.22220791714, 0.25141127177, 0.028185633048],
      [0.25557091285, 0.27759712723, 0.33085088445, 0.035694234576, 0.10028684089],
      [0.15398957439, 0.029656871856, 0.054426999521, 0.28746636191, 0.47446019232]
    ],
    [
      [0.01393561772, 0.85110049896, 0.028469879751, 0.081742385873, 0.024751617699],
      [0.062318895083, 0.030267691893, 0.48685044311, 0.10782307753, 0.31273989238],
      [0.18871045566, 0.086011357174, 0.022321489256, 0.55789551872, 0.14506117919],
      [0.66403513911, 0.0092454124615, 0.10472981677, 0.20677354866, 0.015216083],
      [0.15219995366, 0.14017781294, 0.4159853991, 0.27552593006, 0.01611090424],
      [0.54579135057, 0.024804433726, 0.13521050576, 0.25192449859, 0.042269211351],
      [0.26931494854, 0.36789403794, 0.19085044782, 0.03575715897, 0.13618340673],
      [0.14187184969, 0.037097695249, 0.025481346886, 0.23602543104, 0.55952367714]
    ],
    [
      [0.010132695367, 0.80465150118, 0.035426693575, 0.12732253255, 0.022466577333],
      [0.047872022491, 0.023704040226, 0.52943524265, 0.14824057129, 0.25074812334],
      [0.12585371198, 0.051652690305, 0.013899796771, 0.70512087601, 0.10347292494],
      [0.55232655598, 0.0063698963156, 0.12302738803, 0.30529332282, 0.01298283686],
      [0.10999501079, 0.10554181935, 0.42217731201, 0.35042244736, 0.01186341049],
      [0.43667339225, 0.018704753755, 0.15232873849, 0.3574381868, 0.034854928697],
      [0.23648153671, 0.34369873823, 0.23685768286, 0.059083209328, 0.12387883288],
      [0.1169970692, 0.031862159347, 0.029673017979, 0.34183585879, 0.47963189468]
    ],
    [
      [0.0057335130861, 0.86309701218, 0.033951226126, 0.088324540514, 0.0088937080941],
      [0.038621697707, 0.035975605668, 0.65584561315, 0.13540715489, 0.13414992858],
      [0.10623164847, 0.10955179721, 0.032606274066, 0.69305101144, 0.058559268809],
      [0.4969413523, 0.016335202412, 0.17030672748, 0.30984567472, 0.0065710430889],
      [0.08178061746, 0.13910014334, 0.47908399201, 0.29452580681, 0.0055094403782],
      [0.38585511229, 0.033706310274, 0.20653708655, 0.35408926118, 0.019812229706],
      [0.17632773386, 0.44650925085, 0.26971774126, 0.04724179584, 0.060203478192],
      [0.12740308235, 0.061276731026, 0.049747739022, 0.41917319873, 0.34239924887]
    ],
    [
      [0.0079029050289, 0.88037654692, 0.029958585637, 0.056614253449, 0.025147708968],
      [0.047288749052, 0.03253569135, 0.51246995803, 0.077984703736, 0.32972089783],
      [0.16984141323, 0.11313056196, 0.032314035376, 0.49851013308, 0.18620385635],
      [0.63127801411, 0.019494128107, 0.14163791533, 0.18541000537, 0.022179937092],
      [0.1279007828, 0.15885877429, 0.47707501301, 0.21767919179, 0.018486238112],
      [0.51198542864, 0.03217146676, 0.17728303135, 0.22434165756, 0.054218415693],
      [0.21446908682, 0.40069852959, 0.21061937323, 0.026739937048, 0.14747307332],
      [0.11580472475, 0.041937301982, 0.029417296485, 0.18191990956, 0.63092076722]
    ],
    [
      [0.0071114972302, 0.84126066309, 0.037534364033, 0.089854412249, 0.024239063399],
      [0.037872427196, 0.025938383726, 0.55142176631, 0.10750010054, 0.27726732223],
      [0.12322925058, 0.084315070693, 0.032367686563, 0.61791842462, 0.14216956754],
      [0.5325006487, 0.008892060669, 0.16488753789, 0.27400794451, 0.01971180823],
      [0.096374527746, 0.12341842776, 0.48436724585, 0.28104842513, 0.014791373518],
      [0.41933448622, 0.026459295231, 0.19489499037, 0.31276397615, 0.046547252026],
      [0.19350427785, 0.37221523241, 0.25399797886, 0.041473129013, 0.13880938187],
      [0.098901981684, 0.035860483756, 0.034260386341, 0.26532392076, 0.56565322746]
    ],
    [
      [0.0084607127457, 0.85782662534, 0.028499483353, 0.084628782498, 0.020584396068],
      [0.048396013329, 0.031672256552, 0.51160385989, 0.12136821216, 0.28695965807],
      [0.13687523969, 0.09067749948, 0.025632846555, 0.61705605872, 0.12975835556],
      [0.58222119656, 0.010897708314, 0.12641839158, 0.26818938336, 0.012273320188],
      [0.11517470801, 0.14262583453, 0.42670513959, 0.30137363812, 0.014120679763],
      [0.4599790187, 0.028509560478, 0.15846800526, 0.31121233167, 0.041831083889],
      [0.21540116893, 0.40431026708, 0.21009016498, 0.042065527588, 0.12813287142],
      [0.11491947524, 0.040373683073, 0.028519090888, 0.27672507562, 0.53946267518]
    ],
    [
      [0.0063324178575, 0.85979833451, 0.03235665892, 0.091849972633, 0.0096626160827],
      [0.042370861093, 0.036193402092, 0.62006810714, 0.14208387978, 0.15928374989],
      [0.11569699245, 0.096245269821, 0.030039007816, 0.68990310576, 0.068115624147],
      [0.51033636969, 0.022583029925, 0.15596020274, 0.31067770676, 0.00044269087687],
      [0.089502607491, 0.13938293159, 0.45485048035, 0.31063038124, 0.0056335993342],
      [0.40069142033, 0.031688876319, 0.18866510884, 0.35671836707, 0.022236227442],
      [0.18958926176, 0.43867841903, 0.25309568778, 0.048512715224, 0.070123916201],
      [0.12582630242, 0.055930737593, 0.043312586154, 0.40065279544, 0.37427757839]
    ],
    [
      [0.016562370837, 0.75612432694, 0.041451317885, 0.14459554466, 0.041266439674],
      [0.069588449121, 0, 0.45682340096, 0.12740505597, 0.34618309395],
      [0.19464515246, 0, 0.021719986461, 0.62973212528, 0.1539027358],
      [0.60942703846, 0, 0.10165357747, 0.26999768534, 0.01892169873],
      [0.18648018386, 0.034783624303, 0.41630586987, 0.34346144888, 0.018968873097],
      [0.50251390811, 0, 0.13536975859, 0.31279794903, 0.049318384275],
      [0.28380511209, 0.25560031547, 0.2237426534, 0.052137421424, 0.18471449762],
      [0.1328885336, 0, 0.021882082173, 0.26092124113, 0.5843081431]
    ],
    [
      [0.010094027839, 0.81828990434, 0.042993747401, 0.097423261159, 0.031199059264],
      [0.061186661506, 0, 0.53850230454, 0.099419175052, 0.30089185891],
      [0.13868406763, 0.071972902321, 0.032687730475, 0.5956308948, 0.16102440476],
      [0.56510751463, 0, 0.15991732931, 0.25083376475, 0.024141391316],
      [0.10917961406, 0.10672506807, 0.49514402895, 0.27198480521, 0.016966483707],
      [0.44917116875, 0.020720687245, 0.19023244004, 0.28905040137, 0.05082530259],
      [0.21729252008, 0.32347749244, 0.26044273026, 0.04032670075, 0.15846055646],
      [0.1240305784, 0.0074510926952, 0.032833552221, 0.23928474551, 0.59640003117]
    ],
    [
      [0.012354523835, 0.79531565184, 0.053233678062, 0.11480670287, 0.024289443396],
      [0.046810601452, 0.019088292683, 0.60350235927, 0.10761976519, 0.2229789814],
      [0.15324581308, 0.064415375586, 0.037591387631, 0.62924925311, 0.11549817059],
      [0.58463689344, 0.0060064029851, 0.15778416407, 0.24036378406, 0.011208755442],
      [0.11566933466, 0.080794827749, 0.5289903858, 0.2745454518, 0],
      [0.46762333331, 0.017888085031, 0.19626928187, 0.2848898458, 0.033329453987],
      [0.24769343584, 0.29460619129, 0.2967401948, 0.043968519442, 0.11699165863],
      [0.1366205016, 0.028655827024, 0.044044782603, 0.29337600335, 0.49730288542]
    ],
    [
      [0.0064538416756, 0.88728630673, 0.023764351799, 0.06559204734, 0.016903452456],
      [0.04697220224, 0.042819402797, 0.5106166158, 0.11233768271, 0.28725409645],
      [0.137516799, 0.12005794314, 0.026241365188, 0.58391517734, 0.13226871533],
      [0.58944225512, 0.016397306423, 0.13018140688, 0.24850897675, 0.015470054828],
      [0.10796232641, 0.19787768076, 0.41350964193, 0.27240755327, 0.008242797635],
      [0.46604733235, 0.037978226326, 0.16176837977, 0.2917532172, 0.042452844361],
      [0.19334747442, 0.46295321763, 0.19216344936, 0.03508500834, 0.11645085025],
      [0.11339445587, 0.054601665098, 0.028589579889, 0.25812826508, 0.54528603406]
    ],
    [
      [0.0094810694856, 0.83406940338, 0.02422681765, 0.10947746536, 0.022745244127],
      [0.05078790631, 0.031890465099, 0.45685190097, 0.15130834728, 0.30916138035],
      [0.12413128978, 0.078097055654, 0.01885369106, 0.6588643681, 0.12005359541],
      [0.56863163208, 0.010365647336, 0.1048205713, 0.30072270352, 0.015459445768],
      [0.11950469004, 0.13762274243, 0.3596586791, 0.36909065274, 0.014123235691],
      [0.44941634984, 0.026219143548, 0.130343097, 0.35264510011, 0.0413763095],
      [0.22680727402, 0.39502184471, 0.18852351217, 0.052130342462, 0.13751702664],
      [0.10850096763, 0.036460804966, 0.022329043674, 0.30866223451, 0.52404694922]
    ],
    [
      [0.0079475407286, 0.84067229881, 0.0371406506, 0.086389880247, 0.027849629614],
      [0.039431079751, 0.026264338449, 0.52718182804, 0.10054003727, 0.3065827165],
      [0.13038275765, 0.087121962492, 0.031398171203, 0.59046401327, 0.16063309538],
      [0.5622980729, 0.010453428842, 0.15391510574, 0.25339070849, 0.019942684029],
      [0.10063021066, 0.12569148471, 0.48115559679, 0.27265138459, 0.019871323257],
      [0.43946032328, 0.027079695032, 0.18821520405, 0.29362312899, 0.051621648648],
      [0.1980987126, 0.367962925, 0.24279762202, 0.038491246916, 0.15264949347],
      [0.09792463877, 0.034534584636, 0.031618172002, 0.23820187117, 0.59772073342]
    ],
    [
      [0.0067530278284, 0.80979246349, 0.026917593691, 0.12652321851, 0.030013696485],
      [0.035438144952, 0.025472478234, 0.43094974771, 0.15832494631, 0.3498146828],
      [0.088951596537, 0.066577565115, 0.017889850719, 0.68849309511, 0.13808789252],
      [0.48130027571, 0.010115686672, 0.11846257773, 0.36889683222, 0.021224627662],
      [0.086453261821, 0.11804936583, 0.36265598847, 0.40889807631, 0.023943307574],
      [0.36474219534, 0.024476530571, 0.14004721394, 0.41638603525, 0.054348024889],
      [0.1815989035, 0.38199465152, 0.20085974922, 0.060563720292, 0.17498297546],
      [0.074292481117, 0.029437454361, 0.020547526371, 0.3078950563, 0.56782748185]
    ],
    [
      [0.01047331932, 0.87988541248, 0.038186594779, 0.055739507589, 0.015715165832],
      [0.056926796049, 0.032570721009, 0.618080061, 0.075121537864, 0.21730088408],
      [0.20947141776, 0.11862632863, 0.04295218522, 0.50166926515, 0.12728080323],
      [0.66783495973, 0.011339093109, 0.15124533383, 0.15939081232, 0.010189801011],
      [0.13342543465, 0.14873189485, 0.53441896438, 0.18342370612, 0],
      [0.55020600797, 0.029265826344, 0.19507254649, 0.19477517847, 0.030680440724],
      [0.24600329787, 0.386881, 0.24783130937, 0.024959223358, 0.094325169401],
      [0.2052721915, 0.051885685125, 0.046991099054, 0.21687507593, 0.47897594838]
    ],
    [
      [0.0054242509972, 0.87102633524, 0.035403245589, 0.063793550667, 0.024352617504],
      [0.037824782765, 0.032336244461, 0.54798352754, 0.082817232568, 0.29903821267],
      [0.14123077725, 0.11099151389, 0.036459567608, 0.54023612779, 0.17108201346],
      [0.57975416111, 0.014119523436, 0.16580348415, 0.22037007135, 0.019952759953],
      [0.098814363661, 0.15414398221, 0.50409922689, 0.22568250144, 0.017259925797],
      [0.44342445326, 0.045317133457, 0.20920504178, 0.24791191509, 0.054141456407],
      [0.18686507429, 0.40213863324, 0.24049885424, 0.02875670158, 0.14174073665],
      [0.10247959389, 0.042980480509, 0.034380292932, 0.20837658697, 0.6117830457]
    ],
    [
      [0.0032364222105, 0.86212842343, 0.031712554838, 0.077864347426, 0.025058252094],
      [0.027703403633, 0.031328651145, 0.523705507, 0.10427629978, 0.31298613845],
      [0.091659743445, 0.10206315116, 0.030594080359, 0.61217144661, 0.16351157842],
      [0.46919845956, 0.017079146909, 0.17878608935, 0.31066531247, 0.024270991703],
      [0.072211359423, 0.15083314129, 0.47641098696, 0.28265436859, 0.017890143743],
      [0.33328440957, 0.054668800494, 0.20922351122, 0.33686219717, 0.065961081548],
      [0.139822476, 0.42638393354, 0.23918426992, 0.038899036878, 0.15571028366],
      [0.069495451476, 0.041347298166, 0.030611191886, 0.24663880503, 0.61190725344]
    ],
    [
      [0.012928495732, 0.84636258961, 0.031477988917, 0.085908428669, 0.023322497073],
      [0.061697757915, 0.027569209185, 0.50642475273, 0.11037050335, 0.29393777683],
      [0.17624542115, 0.083859537843, 0.026268707407, 0.5765566515, 0.1370696821],
      [0.648775747, 0.007992500905, 0.11352033077, 0.21576730435, 0.013944116985],
      [0.14762801582, 0.12983464302, 0.42970981427, 0.27853619849, 0.014291328399],
      [0.54680767297, 0.012772349718, 0.14199117332, 0.26450155165, 0.033927252337],
      [0.26860757238, 0.35733662456, 0.20628894476, 0.038175121644, 0.12959173666],
      [0.14284856293, 0.035011298422, 0.027916174393, 0.24831710878, 0.54590685548]
    ],
    [
      [0.0096820583113, 0.85654501534, 0.026908654386, 0.079985469384, 0.026878802576],
      [0.051998494265, 0.030656829185, 0.45702866589, 0.10826331245, 0.35205269821],
      [0.15277645399, 0.090542724854, 0.023571950262, 0.56878872118, 0.16432014971],
      [0.6212770848, 0.010744906408, 0.11353055296, 0.23522735411, 0.01922010172],
      [0.13357868106, 0.14816651439, 0.41008280685, 0.2894278761, 0.018744121608],
      [0.50113189033, 0.026647338747, 0.14089821849, 0.27936149028, 0.05196106215],
      [0.23184746274, 0.3866748103, 0.18747167117, 0.037252792244, 0.15675326355],
      [0.11222320484, 0.035527311994, 0.023303378374, 0.22413290814, 0.60481319665]
    ],
    [
      [0.011912874846, 0.82343322319, 0.024662321118, 0.11174563392, 0.028245946927],
      [0.057257549891, 0.023340076673, 0.4207684703, 0.1471852092, 0.35144869393],
      [0.13348893433, 0.068788559651, 0.016849919812, 0.64009865583, 0.14077393038],
      [0.58904931767, 0.0060393642382, 0.095997344857, 0.29108549569, 0.017828477548],
      [0.1316740795, 0.12579928834, 0.35984954171, 0.36495802966, 0.017719060798],
      [0.4791462577, 0.01092545424, 0.11074666324, 0.35186179266, 0.047319832163],
      [0.24274138378, 0.36404098198, 0.17875969268, 0.052292846874, 0.16216509469],
      [0.10886275971, 0.02887586199, 0.018758858373, 0.27988286493, 0.56361965501]
    ],
    [
      [0.0090997732067, 0.83709238621, 0.050370837861, 0.091012680322, 0.012424322398],
      [0.041206037301, 0.023274880124, 0.69555717483, 0.10209786378, 0.13786404397],
      [0.14393591659, 0.08486841736, 0.045659411128, 0.64838545379, 0.077150801132],
      [0.5415111167, 0.0087592029996, 0.19426987583, 0.24794167616, 0.0075181283057],
      [0.093155833421, 0.10309153751, 0.55422612679, 0.24361047347, 0.0059160288092],
      [0.431551603, 0.017884707659, 0.25157860651, 0.28475737603, 0.014227706797],
      [0.20829632423, 0.35243758913, 0.32858479987, 0.040102900022, 0.070578386748],
      [0.14643637339, 0.045883731088, 0.060414650103, 0.3536503264, 0.39361491901]
    ],
    [
      [0.006177880619, 0.83535096284, 0.020680888367, 0.11461902938, 0.023171238793],
      [0.043070553453, 0.033358837351, 0.42026209092, 0.17256759409, 0.33074092419],
      [0.097413831341, 0.075684162288, 0.013330768174, 0.69324389622, 0.12032734197],
      [0.51032523198, 0.0097608381489, 0.098455427812, 0.36295577061, 0.018502731449],
      [0.099118803218, 0.14506317282, 0.33325110443, 0.40619761344, 0.01636930608],
      [0.3898314192, 0.022967776376, 0.11279459774, 0.42611853774, 0.04828766894],
      [0.19139601878, 0.42185923035, 0.16487410221, 0.072574854352, 0.14929579431],
      [0.087563414964, 0.035453225908, 0.017265817935, 0.3347405824, 0.52497695879]
    ],
    [
      [0.014061683791, 0.85725216286, 0.035384042352, 0.076076609244, 0.017225501752],
      [0.065286348198, 0.030920769924, 0.57219345574, 0.09976849787, 0.23183092827],
      [0.19589835011, 0.095497680958, 0.031556316335, 0.56268982967, 0.11435782293],
      [0.66688888087, 0.009494117222, 0.12454503903, 0.18996934425, 0.0091026186357],
      [0.14926385385, 0.13399125495, 0.46391902839, 0.24315583086, 0.0096700319433],
      [0.5502674666, 0.02512605807, 0.16097502168, 0.23341589057, 0.030215563075],
      [0.28762790087, 0.36770312855, 0.22679192319, 0.02812355492, 0.089753492471],
      [0.17220130733, 0.044429711051, 0.036583304969, 0.25900051104, 0.48778516561]
    ],
    [
      [0.0066437554561, 0.85986736377, 0.025318864228, 0.088953950481, 0.019216066064],
      [0.043943450262, 0.037318278697, 0.49279266512, 0.13891565077, 0.28702995515],
      [0.11296728985, 0.095771859193, 0.022439348233, 0.65087403546, 0.11794746727],
      [0.53803940955, 0.014112369771, 0.12436183259, 0.30750395442, 0.015982433661],
      [0.10086837918, 0.15855373529, 0.39376818054, 0.33305462457, 0.013755080416],
      [0.41818964636, 0.034485732521, 0.15110741432, 0.35434676217, 0.041870444633],
      [0.1868924351, 0.45123820566, 0.19389374158, 0.044713326666, 0.12326229099],
      [0.10125235452, 0.046641707677, 0.026713411835, 0.30852493812, 0.51686758784]
    ],
    [
      [0.011335822053, 0.83224498782, 0.043355315725, 0.083470609178, 0.029593265221],
      [0.047631257674, 0.023326843215, 0.55217454925, 0.085945536653, 0.29092181321],
      [0.16673983241, 0.082985551444, 0.035253273141, 0.55137833172, 0.16364301128],
      [0.62013463444, 0.0088425153565, 0.14958095357, 0.20390806463, 0.017533831994],
      [0.1249420066, 0.1156660841, 0.50638055188, 0.23673817252, 0.016273184916],
      [0.49870123261, 0.022950185988, 0.18817682032, 0.24290015107, 0.047271610022],
      [0.2395912293, 0.32509852898, 0.25945672977, 0.028275200255, 0.1475783117],
      [0.12393736727, 0.032740686326, 0.034756308748, 0.21664636173, 0.59191927593]
    ],
    [
      [0.008394442618, 0.80242974933, 0.037432354772, 0.1270516934, 0.02469175988],
      [0.039042707614, 0.024078851802, 0.52698093969, 0.14404773408, 0.26584976682],
      [0.10351404688, 0.06598433136, 0.024880067572, 0.69294756223, 0.11267399196],
      [0.50301513161, 0.0088918498363, 0.13990521874, 0.33248405186, 0.015703747945],
      [0.091993407186, 0.10979923418, 0.43223830321, 0.35274747576, 0.01322157967],
      [0.38771852729, 0.022380820529, 0.16870812966, 0.38054368009, 0.040648842438],
      [0.20008045596, 0.34470832666, 0.24804430468, 0.069290892208, 0.13787602049],
      [0.095331634586, 0.031937651613, 0.030480844087, 0.33661777888, 0.50563209083]
    ],
    [
      [0.0062139211619, 0.89502409232, 0.031959469126, 0.046285061373, 0.020517456022],
      [0.039690101579, 0.036891964557, 0.5687393702, 0.067791603643, 0.28688696003],
      [0.15562574761, 0.14050579457, 0.039665065459, 0.48554169921, 0.17866169314],
      [0.60144750861, 0.017764602803, 0.17667910828, 0.1847297381, 0.019379042209],
      [0.10347486736, 0.17812374823, 0.5187679725, 0.18470852844, 0.014924883478],
      [0.47343676012, 0.041020072755, 0.21751128508, 0.21604469022, 0.051987191823],
      [0.17083104345, 0.46314529524, 0.23367012398, 0.0088895549831, 0.12346398234],
      [0.10963647486, 0.055436131603, 0.037365477137, 0.18016413816, 0.61739777824]
    ],
    [
      [0.01080964784, 0.80022434369, 0.041569034768, 0.10299996489, 0.044397008811],
      [0.040148078879, 0.016845305858, 0.47240054237, 0.094479187736, 0.37612688516],
      [0.13841716295, 0.065058483277, 0.027504244134, 0.56681273446, 0.20220737517],
      [0.58736009255, 0.0047448565705, 0.13723674004, 0.24053750396, 0.030120806881],
      [0.11761840374, 0.10330753108, 0.47133080525, 0.28020045213, 0.027542807798],
      [0.4616061317, 0.015080338878, 0.16847404093, 0.28112264247, 0.073716846022],
      [0.21617058565, 0.28051665275, 0.22710399606, 0.043602372727, 0.23260639282],
      [0.090671860261, 0.016620285155, 0.022017719622, 0.20551750676, 0.6651726282]
    ],
    [
      [0.0046902379948, 0.84055941946, 0.026552011232, 0.10796762831, 0.020230703004],
      [0.033470642601, 0.033035484559, 0.50383362028, 0.15618832565, 0.27347192692],
      [0.085183344561, 0.082526457642, 0.02158801196, 0.70003923979, 0.11066294605],
      [0.45842693971, 0.013431887996, 0.13609025763, 0.37483278016, 0.017218134502],
      [0.077274996141, 0.13977213329, 0.39958680316, 0.36989550364, 0.013470563767],
      [0.34565388454, 0.03124650137, 0.16133383918, 0.41862248566, 0.043143289246],
      [0.16138017163, 0.43363763572, 0.21644253491, 0.057449482353, 0.1310901754],
      [0.073355602855, 0.045976083116, 0.021656947082, 0.35860371987, 0.50040764708]
    ],
    [
      [0.0075617098743, 0.86180459588, 0.043440575156, 0.068644262965, 0.018548856124],
      [0.037403756731, 0.028238987474, 0.62159091416, 0.081385145112, 0.23138119653],
      [0.14468636933, 0.10480630428, 0.042177529578, 0.56475255141, 0.1435772454],
      [0.56473164018, 0.012798949888, 0.18857310319, 0.21939129928, 0.014505007461],
      [0.095581049888, 0.12886767814, 0.54713589299, 0.21636802174, 0.012047357246],
      [0.4421697529, 0.03106484516, 0.23213438251, 0.25458935996, 0.040041659465],
      [0.18881245891, 0.38087105989, 0.28258399251, 0.031052243176, 0.11668024551],
      [0.11411724059, 0.054460997464, 0.057686881787, 0.23597624862, 0.53775863154]
    ],
    [
      [0.012797259056, 0.86273678946, 0.039578845264, 0.061190670202, 0.023696436018],
      [0.05821012189, 0.025952174461, 0.57365062761, 0.071257724061, 0.27092935198],
      [0.21255484683, 0.099458437143, 0.039046356083, 0.48566109668, 0.16327926327],
      [0.68044323628, 0.0089063492975, 0.14120183547, 0.15565423524, 0.013794343715],
      [0.146285536, 0.12867387154, 0.5158161475, 0.19479907794, 0.014425367025],
      [0.56191988403, 0.024190642262, 0.18243321663, 0.19067273113, 0.040783525952],
      [0.26139225558, 0.34575228427, 0.24169804107, 0.024965663941, 0.12619175514],
      [0.16573558755, 0.035905787959, 0.04611382584, 0.18403149357, 0.56821330508]
    ],
    [
      [0.0094282368203, 0.8635041298, 0.019632773836, 0.084649152069, 0.022785707473],
      [0.058660434418, 0.037909106895, 0.43737162895, 0.13351722114, 0.3325416086],
      [0.14820691727, 0.093732834015, 0.018264099723, 0.60392714815, 0.13586900084],
      [0.6242692604, 0.011923868097, 0.094048053635, 0.2531841465, 0.016574671368],
      [0.13744586452, 0.16173809947, 0.3589482557, 0.3249515114, 0.016916268898],
      [0.50325645829, 0.029754470468, 0.1196824466, 0.30284738976, 0.04445923488],
      [0.23923577553, 0.41919684954, 0.16182013427, 0.042281640116, 0.13746560054],
      [0.12581720003, 0.047469823937, 0.0070952121799, 0.27337800661, 0.54623975724]
    ],
    [
      [0.0063357768549, 0.81155934458, 0.026871962752, 0.12950604435, 0.025726871462],
      [0.037016948513, 0.028146097668, 0.46949396471, 0.16892624935, 0.29641673976],
      [0.087836475513, 0.06734609705, 0.018830493652, 0.71262726349, 0.11335967029],
      [0.47219822183, 0.0094550666773, 0.1191656899, 0.38089118928, 0.018289832312],
      [0.084944175624, 0.12142472306, 0.37345419045, 0.4036040224, 0.016572888456],
      [0.35873493788, 0.024835779196, 0.14244407437, 0.42910117434, 0.044884034222],
      [0.18326645881, 0.39445795528, 0.20889575014, 0.065014409971, 0.1483654258],
      [0.078488679864, 0.021035721549, 0.015722958, 0.36836475968, 0.51638788091]
    ],
    [
      [0.011480359094, 0.85367242165, 0.032762078207, 0.083514766889, 0.018570374158],
      [0.054810664397, 0.030352939901, 0.54395873109, 0.11093799024, 0.25993967437],
      [0.16175005218, 0.090647702999, 0.028535117333, 0.59358359364, 0.12548353384],
      [0.62291491721, 0.010344997433, 0.12699818715, 0.22816273395, 0.011579164253],
      [0.13007927233, 0.13475098469, 0.45004630162, 0.27419659666, 0.010926844702],
      [0.50356872442, 0.026322211516, 0.16084644448, 0.27337833635, 0.035884283231],
      [0.24291249305, 0.37977299727, 0.22175539438, 0.038155507332, 0.11740360796],
      [0.14789837084, 0.042896447213, 0.034600365437, 0.27282008248, 0.50178473403]
    ]
  ],
  "expected_outcome": [
    [
      [0.84726569272, 0.093803310659, 0, 1.0207237176, 0.63032663916, 0, 0.049514694973, 0.017887714341, 0.1199069179, 0.036785227975, 0.12460874416, 0.64127867075, 0.017365538581, 0.043810980898, 0.021431381003, 0.073091164906, 0.2090342658, 0.040530781469, 0.022934052344, 0.055320335202, 0.042668983381, 0.033842850983, 0.044326925002, 0.066249483349, 0.060564167036, 0.037063571504, 0.038723050054, 0.12325390331, 0.063580325829, 0.054024222627, 0.041893277282, 0.037969756981, 0.019418533263, 0.064642478662, 0.067774408179, 0.071477249076, 0.02729931962, 0.030889403095, 0.098431786536, 0.033218777281, 0.022671644105, 0.058761098326, 0.03106960581, 0.021619295679, 0.037521903958, 0.068055388869, 0.063986295281, 0.084854131382, 0.057021991694, 0.10332323184],
      [41.1093388926, 60.4617853719, 49.5426555637, 43.5431876152, 44.9889739239, 43.7077646764, 10.1184084956, 3.5861776055, 4.612403338, 8.1889049723, 10.4870876774, 5.9376352357, 2.6955493256, 6.6454854358, 2.6770979785, 3.9735913026, 12.7665074844, 3.2186060047, 3.4523880487, 6.1626358284, 5.0475639785, 3.4313065013, 6.0185883415, 3.0244973078, 4.909739426, 2.3859469555, 5.3237178404, 10.8429022439, 6.7253783905, 6.4783397079, 3.5195416499, 6.0971843467, 5.1727705406, 4.231812948, 5.9958151074, 4.9405993391, 2.5112771586, 4.1767548142, 6.00076514, 4.2993368189, 1.6644899756, 5.6170082453, 4.4751204616, 1.6004486874, 6.7244753557, 7.7562413629, 4.3136839473, 7.7715371682, 7.3040341012, 7.6830517949],
      [3.8922755189, 2.0719872026, 0.57164048478, 1.3816661606, 2.4697787167, 2.034651407, 0.41392639766, 0.092421415446, 0.27933984663, 0.32783588751, 0.30020164235, 0.46304905914, 0.048197929535, 0.28501644206, 0.058217954488, 0.31685692799, 0.42704819627, 0.1417067743, 0.1358049045, 0.20971009946, 0.2252061842, 0.11399793341, 0.22649661244, 0.16580527154, 0.25796248441, 0.15970103419, 0.14258611079, 0.31494862945, 0.2971252048, 0.21534074953, 0.15274637912, 0.24782271912, 0.19027532903, 0.15738994459, 0.1883605807, 0.14797392671, 0.15111251358, 0.10340444184, 0.24768829647, 0.12659432114, 0.08671063145, 0.26202648341, 0.15979734563, 0.083138069536, 0.21241608985, 0.39096517641, 0.19789422632, 0.17669496452, 0.24184766477, 0.29485870386],
