{
  "X": [
    [209, 97, 390, 56],
    [81, 74, 198, 19],
    [37, 39, 63, 10],
    [41, 10, 61, 4],
    [54, 43, 66, 13],
    [27, 15, 27, 1],
    [4, 32, 23, 1],
    [60, 51, 84, 7],
    [225, 357, 464, 30],
    [172, 249, 380, 39],
    [109, 64, 179, 22],
    [194, 248, 549, 51],
    [132, 113, 280, 33],
    [171, 283, 478, 62],
    [86, 113, 183, 22],
    [3, 6, 8, 1],
    [61, 61, 195, 35],
    [63, 130, 218, 29],
    [51, 51, 149, 21],
    [156, 223, 548, 69],
    [131, 117, 274, 34],
    [25, 95, 168, 19],
    [93, 165, 337, 35],
    [101, 213, 386, 45],
    [106, 146, 248, 30],
    [126, 306, 510, 55],
    [31, 109, 154, 26],
    [105, 74, 262, 16],
    [3, 3, 3, 0],
    [17, 16, 20, 2],
    [7, 13, 22, 5],
    [10, 4, 15, 3],
    [17, 15, 29, 0],
    [6, 6, 8, 3],
    [60, 46, 163, 24],
    [270, 129, 662, 63],
    [146, 89, 354, 45],
    [53, 35, 80, 11],
    [77, 61, 245, 24],
    [31, 18, 47, 11],
    [57, 38, 126, 16],
    [102, 113, 226, 24],
    [163, 202, 586, 72],
    [102, 178, 133, 16],
    [47, 187, 148, 18],
    [78, 268, 232, 26],
    [123, 202, 524, 59],
    [10, 4, 10, 0],
    [11, 20, 9, 0],
    [40, 45, 49, 12],
    [6, 2, 11, 0],
    [18, 6, 15, 1],
    [48, 28, 84, 17],
    [48, 95, 118, 11],
    [2147, 2780, 5606, 667],
    [306, 278, 675, 88],
    [690, 551, 1128, 143],
    [509, 307, 630, 50]
  ],
  "W": [
    [285, 233, 151, 32, 51],
    [111, 120, 99, 18, 24],
    [48, 40, 50, 6, 5],
    [40, 46, 21, 8, 1],
    [57, 48, 53, 9, 9],
    [28, 20, 19, 0, 3],
    [0, 15, 37, 4, 4],
    [59, 47, 71, 7, 18],
    [288, 220, 469, 39, 60],
    [201, 215, 349, 37, 38],
    [134, 100, 99, 23, 18],
    [244, 316, 372, 56, 54],
    [189, 181, 153, 17, 18],
    [220, 270, 383, 72, 49],
    [94, 103, 150, 25, 32],
    [1, 4, 9, 1, 3],
    [85, 116, 98, 33, 20],
    [86, 136, 168, 31, 19],
    [67, 84, 85, 28, 8],
    [220, 333, 337, 55, 51],
    [177, 172, 145, 31, 31],
    [38, 93, 143, 20, 13],
    [114, 191, 245, 44, 36],
    [129, 244, 294, 48, 30],
    [120, 143, 219, 25, 23],
    [153, 299, 436, 65, 44],
    [42, 85, 138, 38, 17],
    [132, 175, 111, 23, 16],
    [0, 2, 4, 1, 2],
    [19, 9, 20, 2, 5],
    [9, 15, 19, 3, 1],
    [13, 10, 7, 1, 1],
    [16, 19, 17, 5, 4],
    [9, 5, 9, 0, 0],
    [85, 119, 54, 12, 23],
    [400, 419, 191, 50, 64],
    [193, 249, 108, 36, 48],
    [60, 54, 45, 14, 6],
    [94, 168, 86, 32, 27],
    [29, 36, 34, 4, 4],
    [76, 71, 73, 6, 11],
    [119, 142, 144, 29, 31],
    [172, 408, 313, 56, 74],
    [92, 78, 220, 18, 21],
    [56, 69, 243, 14, 18],
    [92, 123, 339, 27, 23],
    [137, 364, 287, 69, 51],
    [10, 6, 7, 0, 1],
    [12, 3, 24, 0, 1],
    [48, 23, 62, 4, 9],
    [5, 8, 4, 2, 0],
    [20, 8, 9, 0, 3],
    [64, 42, 50, 8, 13],
    [62, 54, 133, 10, 13],
    [2973, 3463, 3528, 652, 584],
    [371, 438, 391, 67, 80],
    [706, 754, 763, 127, 162],
    [669, 367, 370, 27, 63]
  ],
  "method": "mvn_cdf",
  "mvncdf_method": "genz",
  "mvncdf_samples": 5000,
  "mvncdf_error": 1e-06,
  "cond_prob": [
    [
      [0.60176689941, 0.0047284064243, 0.36733699865, 0.026167695517],
      [0.068493180669, 0.019516306114, 0.75751589308, 0.15447462014],
      [0.03718568495, 0.58268853511, 0.33385258454, 0.046273195403],
      [0.0031498668043, 0.031419558381, 0.81675241031, 0.1486781645],
      [0.31022918445, 0.041445297548, 0.63254774318, 0.015777774819]
    ],
    [
      [0.57617387616, 0.0070647376679, 0.39561118941, 0.021150196762],
      [0.06394080288, 0.029221196476, 0.80358710042, 0.10325090023],
      [0.026329764334, 0.68081872887, 0.26971007761, 0.02314142919],
      [0.002882824001, 0.047008613573, 0.85394946112, 0.096159101304],
      [0.2797194125, 0.060919222479, 0.64934658091, 0.010014784113]
    ],
    [
      [0.64146352018, 0.0076634731433, 0.32311505633, 0.027757950347],
      [0.077762654395, 0.036011562265, 0.73569965886, 0.15052612448],
      [0.028003778881, 0.7296532315, 0.20821518739, 0.034127802233],
      [0.0035643485111, 0.058057406019, 0.79358601684, 0.14479222863],
      [0.33553396407, 0.072136957488, 0.57804309433, 0.014285984107]
    ],
    [
      [0.79213323122, 0.0013843121012, 0.19920401401, 0.0072784426748],
      [0.13981371756, 0.01233374122, 0.79084985187, 0.05700268935],
      [0.10928056072, 0.43841976352, 0.42721144773, 0.025088228031],
      [0.0079387398708, 0.019247363079, 0.90342527963, 0.069388617418],
      [0.52483804934, 0.016481481312, 0.45390361442, 0.0047768549212]
    ],
    [
      [0.74210724314, 0.011589377225, 0.22016481552, 0.026138564115],
      [0.1157645967, 0.038159608848, 0.67601153182, 0.17006426263],
      [0.039424187391, 0.74186140425, 0.18696191508, 0.031752493274],
      [0.0055259054036, 0.064106416907, 0.75984587411, 0.17052180358],
      [0.44488571324, 0.068014677323, 0.47271751351, 0.014382095929]
    ],
    [
      [0.77622618126, 0.0047008995988, 0.21907291914, 0],
      [0.14524810189, 0.03939281138, 0.77566765446, 0.039691432268],
      [0.048098872613, 0.73260574408, 0.20907715016, 0.010218233151],
      [0.0069026715687, 0.059829576622, 0.87758705724, 0.055680694568],
      [0.4822754358, 0.053669815385, 0.46004644056, 0.0040083082543]
    ],
    [
      [0.70750613168, 0.0096118986337, 0.27430229381, 0.0085796758761],
      [0.090511135449, 0.064137652904, 0.79476495833, 0.050586253321],
      [0.031723196509, 0.81852541787, 0.14975138562, 0],
      [0.004013212585, 0.090232939196, 0.85024551111, 0.055508337107],
      [0.36313046177, 0.097890747075, 0.53418557822, 0.0047932129382]
    ],
    [
      [0.7343900524, 0.0046241059498, 0.24885929327, 0.012126548381],
      [0.12049023386, 0.029208904147, 0.76247031453, 0.087830547469],
      [0.043394903184, 0.67779238483, 0.2589258768, 0.019886835187],
      [0.0057548878386, 0.049043469273, 0.85709510182, 0.088106541073],
      [0.43814575423, 0.049321980336, 0.50543299718, 0.0070992682579]
    ],
    [
      [0.61402623993, 0.0080537468825, 0.36246852915, 0.015451484038],
      [0.074878696807, 0.037014601028, 0.80705559581, 0.081051106353],
      [0.02783955473, 0.72484288548, 0.23824014225, 0.0090774175437],
      [0.0034053976317, 0.058928338955, 0.86051443339, 0.077151830026],
      [0.30829279877, 0.071463169396, 0.61270238183, 0.0075416500076]
    ],
    [
      [0.64333177532, 0.0061915160029, 0.33155242876, 0.018924279914],
      [0.082911374351, 0.030130966823, 0.78176862924, 0.10518902959],
      [0.033750007326, 0.67986400432, 0.26217197675, 0.024214011601],
      [0.0038252896133, 0.048678771385, 0.84588973927, 0.10160619973],
      [0.34063366848, 0.057991983341, 0.59162542879, 0.0097489193883]
    ],
    [
      [0.66285654893, 0.0045882787837, 0.3084932535, 0.024061918789],
      [0.089424552971, 0.021337435769, 0.76570573306, 0.1235322782],
      [0.045554444697, 0.60311428284, 0.31662992737, 0.034701345093],
      [0.0041789865263, 0.034951638921, 0.83992693482, 0.12094243973],
      [0.36826446839, 0.041068076087, 0.57925824527, 0.01140921025]
    ],
    [
      [0.59024400984, 0.0055454561227, 0.38443041692, 0.019780117119],
      [0.068070925819, 0.024106573035, 0.80965990384, 0.098162597302],
      [0.033266127328, 0.62965770819, 0.31182488296, 0.025251281516],
      [0.00310138502, 0.038445693327, 0.86484471224, 0.093608209409],
      [0.29484022433, 0.048955654672, 0.64659793165, 0.0096061893526]
    ],
    [
      [0.58571894392, 0.0064489589258, 0.38104781434, 0.026784282814],
      [0.065685705769, 0.029962827396, 0.784864288, 0.11948717884],
      [0.027124960116, 0.6825776423, 0.26306655108, 0.027230846505],
      [0.002982623099, 0.047649934961, 0.83579121062, 0.11357623132],
      [0.28939907585, 0.061858157682, 0.63688300364, 0.011859762835]
    ],
    [
      [0.58618144417, 0.0075578061195, 0.3790887113, 0.027172038415],
      [0.06536350428, 0.031783787296, 0.77233333135, 0.13051937707],
      [0.026058766526, 0.69420525663, 0.25047076695, 0.029265209902],
      [0.0029687282174, 0.050534845601, 0.82242201572, 0.12407441046],
      [0.28974857381, 0.066051794128, 0.63113867708, 0.013060954984]
    ],
    [
      [0.65199252386, 0.0067516747898, 0.31978221152, 0.021473589831],
      [0.084292501305, 0.03318463081, 0.76170413936, 0.12081872853],
      [0.032026993582, 0.70371571944, 0.23587281285, 0.028384474126],
      [0.0038915570677, 0.053709508475, 0.82552892637, 0.11687000809],
      [0.3477886612, 0.063975936508, 0.57705627115, 0.011179131141]
    ],
    [
      [0.78949086995, 0.0028312580216, 0.19910547565, 0.0085723963803],
      [0.10326630166, 0.022204064156, 0.79118198709, 0.083347647089],
      [0.048076272919, 0.64015889304, 0.24981693081, 0.061947903236],
      [0.0045823165153, 0.03660230902, 0.87675933547, 0.08205603899],
      [0.45339171687, 0.036773379672, 0.50368495441, 0.0061499490512]
    ],
    [
      [0.54276191125, 0.0049098346462, 0.40788522062, 0.044443033481],
      [0.056482019001, 0.022600822228, 0.75685676607, 0.1640603927],
      [0.030084215381, 0.57294010818, 0.337887582, 0.059088094441],
      [0.0024236771117, 0.02919408578, 0.78721996595, 0.18116227116],
      [0.26425444439, 0.042471662203, 0.67215647356, 0.021117419851]
    ],
    [
      [0.54905243255, 0.0091586703872, 0.41258011717, 0.029208779895],
      [0.056265920666, 0.035643030305, 0.77803903557, 0.13005201346],
      [0.018854065409, 0.72131020754, 0.23150999806, 0.028325728996],
      [0.0025251949682, 0.056046255309, 0.81921328758, 0.12221526214],
      [0.25702955565, 0.076176497094, 0.6534478683, 0.01334607896]
    ],
    [
      [0.59210492218, 0.0042067434902, 0.37550637137, 0.028181962959],
      [0.066153195382, 0.017969336065, 0.77779975369, 0.13807771487],
      [0.03861921603, 0.56584792599, 0.35207070946, 0.04346214852],
      [0.0030263731273, 0.02882857459, 0.83575354252, 0.13239150976],
      [0.30059124894, 0.038056269871, 0.64734803925, 0.014004441938]
    ],
    [
      [0.53098278018, 0.0060508626377, 0.43306576539, 0.029900591799],
      [0.053344084967, 0.02291168657, 0.79443821834, 0.12930601012],
      [0.025360207267, 0.62161625576, 0.31754395336, 0.035479583615],
      [0.0024046168095, 0.036147717273, 0.83946988162, 0.1219777843],
      [0.24983459399, 0.050321881385, 0.68616566932, 0.013677855298]
    ],
    [
      [0.60002144635, 0.008052040117, 0.36459645588, 0.027330057655],
      [0.068860927087, 0.036491131041, 0.76965255514, 0.12499538674],
      [0.024788230451, 0.72550881629, 0.22487534677, 0.024827606489],
      [0.0031279777309, 0.058062150512, 0.81994604497, 0.11886382679],
      [0.29873754234, 0.074180946218, 0.6148688758, 0.012212635648]
    ],
    [
      [0.451310808, 0.0072459728864, 0.51120200835, 0.030241210768],
      [0.039177123238, 0.024025928843, 0.82194180351, 0.11485514441],
      [0.011706695038, 0.63656377178, 0.31764201918, 0.034087514],
      [0.0017360040396, 0.037293494573, 0.854434823, 0.10653567839],
      [0.19214918184, 0.055057876292, 0.74017159642, 0.012621345457]
    ],
    [
      [0.56392156368, 0.0060356008264, 0.40718849049, 0.022854345008],
      [0.060984622518, 0.024697423498, 0.80745828665, 0.10685966733],
      [0.029080041168, 0.63677979156, 0.30498614493, 0.029154022346],
      [0.0027593030202, 0.039132691941, 0.85688108385, 0.10122692119],
      [0.27274609502, 0.051717951127, 0.66476683714, 0.010769116711]
    ],
    [
      [0.55578886825, 0.0075387935289, 0.41147308202, 0.025199256205],
      [0.058719986722, 0.030106500481, 0.79621461422, 0.11495889858],
      [0.023523047123, 0.68195887614, 0.2668184508, 0.027699625939],
      [0.0026461402378, 0.047504653648, 0.84140338218, 0.10844582394],
      [0.26442562169, 0.063512551952, 0.66038732233, 0.011674504029]
    ],
    [
      [0.64754183268, 0.0050877313528, 0.32595724646, 0.021413189505],
      [0.083454642254, 0.024862792799, 0.77200133472, 0.11968123023],
      [0.037697941199, 0.6379416058, 0.29169674444, 0.032663708561],
      [0.0038675500098, 0.040372021659, 0.83958052868, 0.11617989965],
      [0.34819253752, 0.048503506727, 0.59207997007, 0.011223985687]
    ],
    [
      [0.55745382833, 0.0070297597324, 0.41182692174, 0.023689490203],
      [0.059469204493, 0.028300960894, 0.80332768929, 0.10890214533],
      [0.025305290473, 0.66729997478, 0.28068733492, 0.02670739982],
      [0.0026830708086, 0.044698197711, 0.84977694818, 0.1028417833],
      [0.26638104258, 0.059415627202, 0.66318914133, 0.011014188879]
    ],
    [
      [0.50920010111, 0.010599190343, 0.43908471835, 0.041115990196],
      [0.046902634463, 0.037332745025, 0.74962716211, 0.1661374584],
      [0.012087866605, 0.73712161444, 0.22216986192, 0.028620657031],
      [0.0020912323687, 0.058345546995, 0.78443676908, 0.15512645156],
      [0.22819290604, 0.084802182334, 0.66894675762, 0.018058154004]
    ],
    [
      [0.61909857509, 0.0047195830909, 0.36280465607, 0.013377185752],
      [0.079226931446, 0.024233371674, 0.83739241416, 0.059147282724],
      [0.038113039195, 0.60922895401, 0.3329635591, 0.019694447697],
      [0.0035300246447, 0.035737086506, 0.89160815785, 0.069124731004],
      [0.31890857301, 0.043113006511, 0.63126063944, 0.0067177810438]
    ],
    [
      [0.99670604045, 7.3713602694e-05, 0.0031917562147, 2.8489733982e-05],
      [0.51102896895, 0.014018263701, 0.47495276735, 0],
      [0, 0.72636582968, 0.27363417032, 0],
      [0.040452815156, 0.060332690577, 0.89921449427, 0],
      [0.96874462347, 0.0030837316414, 0.028171644886, 0]
    ],
    [
      [0.71109271636, 0.0066369712034, 0.26837964023, 0.013890672212],
      [0.10184416102, 0.038927880599, 0.76413774073, 0.095090217658],
      [0.029068564826, 0.75258595346, 0.18557511662, 0.032770365101],
      [0.0047063765324, 0.063945727976, 0.83844102071, 0.092906874786],
      [0.3963713781, 0.068787219334, 0.52703255907, 0.0078088434915]
    ],
    [
      [0.58637492966, 0.0058252298926, 0.36307375046, 0.044726089994],
      [0.055006882546, 0.023297413733, 0.70735578688, 0.21433991684],
      [0.031885433003, 0.65434446607, 0.27435939489, 0.039410706038],
      [0.0024780982807, 0.037235188588, 0.75656894692, 0.20371776621],
      [0.28426487302, 0.053861303919, 0.63946409904, 0.022409724028]
    ],
    [
      [0.65803278249, 0.00019595021944, 0.29837061054, 0.043400656752],
      [0.076326500445, 0.012912205465, 0.72710168783, 0.18365960626],
      [0.045551153629, 0.54575279134, 0.3510403973, 0.057655657731],
      [0.0035081480446, 0.02110345904, 0.7967853329, 0.17860306002],
      [0.3599425998, 0.026957594057, 0.59609707066, 0.017002735488]
    ],
    [
      [0.75653491156, 0.0062757287457, 0.2371893597, 0],
      [0.12758054869, 0.043835248056, 0.82858420325, 0],
      [0.035685429368, 0.78071974258, 0.18359482805, 0],
      [0.014811520079, 0.10366803316, 0.88152044676, 0],
      [0.44767527257, 0.069035709335, 0.4832890181, 0]
    ],
    [
      [0.59179095372, 0.0048181032868, 0.40339094299, 0],
      [0.042583042928, 0.015809529991, 0.47935454193, 0.46225288516],
      [0.051218466875, 0.65306549116, 0.21918986705, 0.076526174914],
      [0.0019607167619, 0.025956831325, 0.52658466026, 0.44549779165],
      [0.30588752747, 0.049304002756, 0.59168913201, 0.053119337756]
    ],
    [
      [0.54734839431, 0.0088906314876, 0.4102087261, 0.033552248103],
      [0.053908109225, 0.034436823928, 0.76467866102, 0.14697640583],
      [0.020608190035, 0.71830077801, 0.23078746602, 0.030303565942],
      [0.0024839495211, 0.053817530964, 0.8047540465, 0.13894447301],
      [0.25729007954, 0.074446169224, 0.65286634339, 0.015397407846]
    ],
    [
      [0.55406350435, 0.0051858702709, 0.41854347307, 0.022207152301],
      [0.060301008882, 0.020878917671, 0.81616648115, 0.10265359229],
      [0.030822197216, 0.59527002944, 0.34459089868, 0.029316874664],
      [0.0026870229075, 0.033125997092, 0.86737737226, 0.096809607742],
      [0.2669856988, 0.04413296735, 0.67848632666, 0.010395007191]
    ],
    [
      [0.58544544453, 0.0074286030212, 0.38072356189, 0.026402390559],
      [0.065082951236, 0.031307444703, 0.77543043567, 0.1281791684],
      [0.026160334995, 0.69318277329, 0.25256409544, 0.028092796276],
      [0.0029635617389, 0.049733133409, 0.82660630851, 0.12069699634],
      [0.28898687386, 0.06492903266, 0.63340468045, 0.01267941303]
    ],
    [
      [0.71285949391, 0.0057949053965, 0.25578823839, 0.025557362303],
      [0.10789593554, 0.032529936597, 0.73788197069, 0.12169215718],
      [0.040925335133, 0.7064599192, 0.22720569377, 0.025409051898],
      [0.0050949094182, 0.054040513805, 0.82017827966, 0.12068629711],
      [0.41484683886, 0.058070923811, 0.51672119078, 0.010361046547]
    ],
    [
      [0.58543097774, 0.0055026261281, 0.38903374369, 0.020032652445],
      [0.067344867955, 0.023633114969, 0.81009546294, 0.098926554136],
      [0.03170260911, 0.62788457106, 0.31443626539, 0.025976554442],
      [0.0030173915108, 0.037721605652, 0.86545510309, 0.093805899745],
      [0.29009516165, 0.048415753231, 0.65180400729, 0.0096850778284]
    ],
    [
      [0.76444777046, 0.0020057223104, 0.20554439133, 0.028002115908],
      [0.11148125154, 0.027127965963, 0.67676548819, 0.18462529431],
      [0.08251090322, 0.49355494321, 0.34771271041, 0.076221443164],
      [0.006129815398, 0.022522126555, 0.75192516251, 0.21942289554],
      [0.49694990753, 0.023567675763, 0.46143056823, 0.018051848477]
    ],
    [
      [0.59903120622, 0.0090007273646, 0.36331477865, 0.028653287773],
      [0.068039652661, 0.01353054709, 0.78564378974, 0.13278601051],
      [0.044404694914, 0.49193238632, 0.41598093264, 0.047681986127],
      [0.0031243551827, 0.021783387987, 0.84732002006, 0.12777223677],
      [0.30750219354, 0.028501031575, 0.65062177716, 0.013374997731]
    ],
    [
      [0.63787072319, 0.0074072048533, 0.33526108272, 0.01946098923],
      [0.080502608201, 0.035455499454, 0.77755422952, 0.10648766283],
      [0.029591485471, 0.71742872435, 0.23013607015, 0.022843720029],
      [0.0036928486983, 0.056999670873, 0.83699020217, 0.10231727826],
      [0.33205635662, 0.068423707697, 0.58964259997, 0.0098773357047]
    ],
    [
      [0.5920084221, 0.0048942801938, 0.37856996554, 0.02452733217],
      [0.068309539027, 0.021875763639, 0.78823753161, 0.12157716573],
      [0.035067116601, 0.59777743984, 0.33260343072, 0.034552012844],
      [0.0030941433933, 0.033766765851, 0.84759578359, 0.11554330716],
      [0.29939162095, 0.043751279525, 0.64479480185, 0.012062297683]
    ],
    [
      [0.77416872126, 0.0064924603092, 0.2060060949, 0.013332723529],
      [0.14299195861, 0.045749522572, 0.70369705674, 0.10756146207],
      [0.042448671088, 0.77687572975, 0.16142314823, 0.019252450934],
      [0.0069606147974, 0.078155228539, 0.80504618861, 0.10983796806],
      [0.48376696031, 0.072132201524, 0.43595927802, 0.0081415601475]
    ],
    [
      [0.5808065669, 0.0096912258693, 0.38324845725, 0.026253749976],
      [0.063211849737, 0.040246714386, 0.77159787449, 0.12494356139],
      [0.020764969427, 0.7460776861, 0.20831744799, 0.024839896488],
      [0.0028463870171, 0.063533914556, 0.81574508584, 0.11787461258],
      [0.27930431292, 0.082995307377, 0.62534788844, 0.012352491261]
    ],
    [
      [0.60056470953, 0.0099522376331, 0.36683424476, 0.022648808081],
      [0.0689898656, 0.043371949295, 0.77477944264, 0.11285874246],
      [0.02184283862, 0.76077924253, 0.19701840145, 0.020359517397],
      [0.0031172650976, 0.068659915327, 0.82142197447, 0.10680084511],
      [0.29449586108, 0.086594062762, 0.60807594058, 0.010834135577]
    ],
    [
      [0.56883498294, 0.0063095765036, 0.40159471437, 0.023260726184],
      [0.062242179949, 0.026290545598, 0.80105523616, 0.11041203829],
      [0.028268853901, 0.64791355583, 0.29629955706, 0.027518033203],
      [0.0028143301522, 0.041254976782, 0.85210003826, 0.10383065481],
      [0.27659027422, 0.054275401938, 0.6581282873, 0.011006036551]
    ],
    [
      [0.79814695985, 0.0015485949302, 0.20030444522, 0],
      [0.15173748817, 0.01337859475, 0.83488391708, 0],
      [0.083732966301, 0.5546987401, 0.3615682936, 0],
      [0.0072609711248, 0.023250438853, 0.94186328305, 0.027625306973],
      [0.52197470837, 0.021351301493, 0.45667399014, 0]
    ],
    [
      [0.77143614338, 0.011965633288, 0.21659822333, 0],
      [0.12850356127, 0.09202643216, 0.77947000657, 0],
      [0.037651564621, 0.81244185018, 0.1499065852, 0],
      [0.0059353953726, 0.088509298957, 0.8670181908, 0.038537114873],
      [0.45361804475, 0.081728699741, 0.46465325551, 0]
    ],
    [
      [0.66727987779, 0.0061542165158, 0.2744772609, 0.052088644796],
      [0.07910744134, 0.028320980907, 0.61165300056, 0.28091857719],
      [0.044173299404, 0.69844714522, 0.23036195583, 0.027017599548],
      [0.0037019752115, 0.046611367361, 0.6738865017, 0.27580015573],
      [0.37750469458, 0.062560730351, 0.53100946623, 0.028925108834]
    ],
    [
      [0.86117151676, 0.0007341338131, 0.13809434942, 0],
      [0.15162534617, 0.0083699930627, 0.84000466077, 0],
      [0.11606769075, 0.46046822451, 0.42346408474, 0],
      [0.0084344419241, 0.043748244189, 0.94781731389, 0],
      [0.59812085982, 0.010522710646, 0.3896287816, 0.0017276479254]
    ],
    [
      [0.753346669, 0, 0.230822501, 0.015830830001],
      [0.12799319725, 0.020336173704, 0.78661442436, 0.065056204687],
      [0.057810712335, 0.63757877946, 0.28816759472, 0.016442913486],
      [0.0060989529747, 0.034575962026, 0.8934841893, 0.065840895696],
      [0.46294154367, 0.033033865072, 0.49904207755, 0.0049825137028]
    ],
    [
      [0.60945705276, 0.013468318102, 0.37707462914, 0],
      [0.063579410516, 0.014235330828, 0.6737347286, 0.24845053006],
      [0.042901632688, 0.51844719332, 0.3530411451, 0.085610028895],
      [0.0029434695223, 0.023119788917, 0.73294235524, 0.24099438632],
      [0.31967569161, 0.033294289959, 0.61959761825, 0.027432400185]
    ],
    [
      [0.59420239922, 0.0071247967305, 0.37850749299, 0.020165311064],
      [0.067722191241, 0.03107307907, 0.80041454169, 0.100790188],
      [0.027531065086, 0.68850695971, 0.2597262824, 0.024235692806],
      [0.0030682307454, 0.049383427857, 0.85183979585, 0.095708545547],
      [0.29308761211, 0.062696647178, 0.63447358966, 0.0097421510457]
    ],
    [
      [0.56992150985, 0.008900083982, 0.39507775923, 0.026100646934],
      [0.061932673291, 0.036295104921, 0.7803696907, 0.12140253108],
      [0.021604540249, 0.72177420055, 0.23192408248, 0.024697176724],
      [0.0027953108679, 0.05730571427, 0.82526534988, 0.11463362498],
      [0.27415606665, 0.075457871128, 0.63820618457, 0.012179877655]
    ],
    [
      [0.62676430671, 0.0058455365211, 0.34273825965, 0.024651897121],
      [0.076612959479, 0.02699238411, 0.76634736447, 0.13004729194],
      [0.03422807314, 0.65668254918, 0.27712976322, 0.031959614456],
      [0.0035406838493, 0.043510741555, 0.82768676443, 0.12526181017],
      [0.32866954429, 0.054131816208, 0.60464011745, 0.012558522054]
    ],
    [
      [0.71590042675, 0.0049082632683, 0.26119036985, 0.018000940137],
      [0.11136023141, 0.028701256042, 0.73982585386, 0.1201126587],
      [0.041450204152, 0.67044469419, 0.25817605103, 0.029929050625],
      [0.0053106738489, 0.047896977052, 0.82692519676, 0.11986715234],
      [0.42165261043, 0.05099877359, 0.51705603801, 0.010292577976]
    ],
    [
      [0.66251907753, 0.010071482311, 0.31591810344, 0.011491336712],
      [0.089497066005, 0.042490499979, 0.77695672989, 0.091055704123],
      [0.02891184989, 0.75104886752, 0.20378495252, 0.016254330065],
      [0.004125619886, 0.068555098785, 0.83948236918, 0.087836912149],
      [0.35111964618, 0.078239622073, 0.56255892898, 0.0080818027685]
    ]
  ],
  "expected_outcome": [
    [
      [171.5035663318, 63.9553002534, 30.7902489687, 31.6853292487, 42.300112859, 21.7343330752, 0, 43.3290130917, 176.8395571005, 129.3096868398, 88.8227775567, 144.0195384001, 110.7008804002, 128.9599177169, 61.2872972431, 0.78949086995, 46.1347624561, 47.2185091993, 39.6710297863, 116.8162116387, 106.2037960034, 17.1498107038, 64.2870582595, 71.6967640036, 77.7050199218, 85.2904357343, 21.3864042465, 81.7210119115, 0, 13.5107616107, 5.2773743669, 8.5544261723, 12.1045585849, 5.3261185835, 46.5246135167, 221.6254017415, 112.9909707951, 42.7715696348, 55.0305119072, 22.1689853432, 45.5263716723, 75.9066160599, 101.8254486007, 71.2235223559, 32.5251677465, 55.2519532767, 77.9303926634, 7.9814695985, 9.2572337206, 32.0294341341, 4.3058575838, 15.06693338, 39.0052513768, 36.8405487516, 1694.3766487842, 232.5295577894, 505.4257012844, 443.2252628706],
      [1.3475958309, 0.78418588113, 0.36784671088, 0.055372484046, 0.66059450183, 0.13162518877, 0, 0.27282225104, 2.3194791022, 1.2444947166, 0.61482935702, 1.3530912939, 1.218853237, 1.6627173463, 0.63465743025, 0.0028312580216, 0.41733594493, 0.7876456533, 0.28185181385, 1.3311897803, 1.4252111007, 0.27534696968, 0.68805849421, 0.97250436523, 0.61052776233, 1.0755532391, 0.4451659944, 0.62298496799, 0, 0.12610245286, 0.052427069033, 0.0025473528527, 0.10041165993, 0.043362929581, 0.75570367644, 2.0743481084, 1.4337203831, 0.34769432379, 0.51724685604, 0.058165947, 0.68405527971, 0.88145737754, 0.84181619334, 0.59730634845, 0.54270864868, 0.91560586224, 0.86441198099, 0.015485949302, 0.14358759946, 0.29540239276, 0.0036706690655, 0, 0.86197235851, 0.44173739729, 26.4599496784, 2.1686940493, 3.4652338674, 6.7378216658],
      [104.6910446149, 43.9128420249, 15.5095227037, 7.9681605603, 12.5493944846, 6.134041736, 0, 14.6826983027, 104.3909363945, 66.642038181, 41.3380959686, 93.801021729, 72.0180369111, 83.3995164856, 30.0595278825, 0.19910547565, 34.6702437531, 35.4818900765, 25.1589268816, 95.2744683853, 64.5335726909, 19.4256763173, 46.4194879154, 53.0800275807, 39.1148695752, 63.0095190255, 18.4415581709, 47.8902146013, 0, 5.0992131644, 3.2676637541, 3.8788179371, 3.7950297551, 3.6305184869, 34.8677417181, 167.4173892296, 73.479647444, 15.3472943032, 36.5691719069, 5.9607873485, 27.6119231772, 39.8960688442, 65.1140340727, 18.952560731, 21.4619136061, 33.7487505176, 55.0184758684, 2.0030444522, 2.59917868, 13.174908523, 0.69047174711, 4.61645002, 24.1327762646, 23.4674645651, 1174.5661782026, 127.1558943292, 184.4004011117, 211.3492112032],
      [7.4577932224, 2.3476718406, 1.3323816167, 0.29113770699, 1.4898981546, 0, 0, 0.71546635449, 4.4500274029, 3.8037802626, 3.2242971177, 4.8263485769, 5.0622294518, 5.9778484513, 2.0185174441, 0.0085723963803, 3.7776578459, 2.511955071, 1.8881915183, 6.5781301957, 4.837420205, 1.1491660092, 2.605395331, 3.2507040504, 2.5695827406, 3.6244920011, 1.7268715883, 1.7657885193, 0, 0.26392277202, 0.40253480994, 0.56420853777, 0, 0, 2.8519410888, 8.8828609205, 5.0956613778, 1.5334417382, 1.8830693299, 0.81206136133, 2.1776498707, 2.3158577183, 4.2187011333, 1.2266105646, 1.4702099987, 2.0836903434, 3.1867194872, 0, 0, 2.5002549502, 0, 0.31661660002, 0, 1.250249286, 77.5972233348, 9.1458538321, 12.7086637365, 7.6877042604]
    ],
    [
      [15.958911096, 7.6728963455, 3.1105061758, 6.431431008, 5.5567006415, 2.9049620377, 1.3576670317, 5.6630409912, 16.4733132976, 17.8259454854, 8.9424552971, 21.5104125588, 11.8891127442, 17.6481461555, 8.6821276344, 0.41306520666, 6.5519142041, 7.6521652106, 5.5568684121, 17.763580294, 11.844079459, 3.6434724611, 11.6480629009, 14.3276767601, 11.9340138424, 17.7812921433, 3.9867239294, 13.864713003, 1.0220579379, 0.91659744915, 0.82510323819, 0.76326500445, 2.4240304251, 0.21291521464, 6.4150649978, 25.2661227215, 16.2056548578, 5.8263805192, 11.3139378164, 4.0133250556, 4.830815339, 11.4313703646, 27.870291923, 11.153372772, 4.3616176318, 8.4857534688, 22.6561535016, 0.91042492902, 0.3855106838, 1.8194711508, 1.2130027693, 1.023945578, 2.6703352417, 3.656998327, 214.4728476083, 33.5564762518, 83.9656144802, 32.8454232238],
      [4.5472993246, 3.5065435771, 1.4404624906, 0.5673520961, 1.8316612247, 0.78785622761, 0.96206479356, 1.3728184949, 8.1432122261, 6.4781578669, 2.1337435769, 7.617677079, 5.4232717586, 8.58162257, 3.4180169735, 0.088816256625, 2.6216953784, 4.8474521214, 1.5094242295, 7.6295916279, 6.2764745391, 2.2344113824, 4.717207888, 7.3459861173, 3.5553793703, 8.4619873074, 3.1732833271, 4.2408400429, 0.028036527401, 0.35035092539, 0.34946120599, 0.12912205465, 0.83286971306, 0.079047649956, 4.0979820475, 8.7482665041, 7.795553731, 1.7566165762, 3.9703633148, 0.97660677468, 0.96066884341, 5.0346809225, 8.9253115647, 3.5684627606, 2.7770232927, 5.3347497632, 9.5697585976, 0.080271568502, 0.27607929648, 0.65138256086, 0.066959944502, 0.16268938963, 0.59788389477, 1.6779462698, 125.6899483424, 11.8226642402, 21.6407470555, 15.5940134924],
      [176.5012030876, 96.4304520499, 29.4279863543, 36.3790931858, 32.4485535275, 15.5133530893, 11.9214743749, 35.8361047828, 177.5522310786, 168.080255286, 76.5705733062, 255.8525296149, 142.0604361276, 208.5299994653, 78.4555263537, 3.1647279484, 87.795384864, 105.8133088369, 65.3351793097, 264.5479267086, 132.3802394833, 76.4405877264, 154.2245327509, 194.2763658689, 110.3961908648, 240.194979097, 63.7183087792, 146.5436724775, 0.9499055347, 6.8772396665, 10.6103368032, 7.2710168783, 15.7430998618, 2.3967727096, 90.996760661, 341.9737556031, 193.0821784807, 39.8456264171, 136.0960377739, 24.3635575747, 55.7807090713, 110.4127005916, 321.6009128954, 54.8883704257, 53.2402533397, 95.2978714453, 291.5841059629, 5.0093035025, 2.3384100197, 14.0680190129, 6.7200372862, 6.2929153949, 28.2968586012, 43.2223852514, 2702.4202389027, 335.6601456379, 557.8286938067, 285.1431198707],
      [35.9925864919, 12.3901080274, 6.0210449794, 2.6221237101, 8.1630846063, 0.79382864537, 0.75879379982, 4.1280357311, 17.8312433977, 22.6156413617, 12.3532278198, 31.0193807474, 21.6271793695, 35.2402318092, 12.4443290383, 0.33339058836, 19.0310055535, 17.687073831, 11.5985280487, 43.0589013695, 21.4992065185, 10.6815284301, 20.4101964601, 28.0499712537, 17.1144159225, 32.5617414523, 14.1216839643, 10.3507744766, 0, 0.85581195892, 3.2150987527, 1.8365960626, 0, 2.3112644258, 17.4901922937, 43.0118551713, 31.9166129306, 6.5713764875, 16.6196610949, 6.646510595, 9.4278067463, 15.1212481212, 49.6034836169, 8.3897940417, 8.6211057358, 13.8816253227, 40.1899819379, 0, 0, 6.4611272754, 0, 0.52044963749, 10.4349222623, 5.4426701518, 420.4169651466, 56.9607138701, 90.5649446575, 33.4174434132]
    ],
    [
      [5.6150384274, 2.606646669, 1.400188944, 2.294891775, 2.0894819317, 0.91387857966, 1.1737582708, 3.081038126, 13.0567511683, 11.7787525569, 4.509890025, 12.3749993662, 4.1501188977, 9.9805075794, 4.8040490373, 0.43268645627, 2.9482531073, 3.1674829887, 3.2826333625, 8.5463898491, 3.5942934154, 1.6740573904, 7.1246100861, 6.9157758541, 8.2558491226, 11.0331066461, 1.6681255915, 4.2305473506, 0, 0.58137129653, 0.60582322706, 0.3188580754, 0.60665229926, 0.46096620188, 1.1128422619, 5.8870396683, 2.8253161795, 1.841640081, 2.7264243835, 2.8053707095, 3.2415427287, 4.2611739078, 10.9760074962, 9.3387076393, 5.0458875708, 7.4047222921, 8.1131610695, 0.5861307641, 0.9036375509, 2.738744563, 0.46427076299, 0.52029641102, 2.1450816344, 3.6616316565, 76.2208180002, 13.3831765976, 31.6265057677, 10.6973844594],
      [87.9859688014, 67.4010541579, 36.482661575, 9.2068150339, 39.3186544254, 13.9195091375, 30.2854404614, 48.1232593231, 339.9513132887, 237.2725375084, 59.7083140013, 234.2326674484, 104.4343792718, 265.8806132881, 105.5573579161, 5.7614300373, 56.1481306019, 121.1801148659, 48.0970737092, 209.4846781911, 105.1987783615, 91.0286193646, 156.0110489318, 200.4959095839, 139.7092116712, 290.9427890054, 101.722782793, 67.6244138953, 2.9054633187, 15.0517190691, 12.4325448553, 3.8202695394, 13.2722356239, 5.8775894205, 38.7882420124, 113.6965756226, 74.8637395156, 31.7906963638, 53.9980731111, 16.780868069, 35.9110642016, 103.309736306, 187.1043386694, 170.9126605452, 181.2968777221, 257.9041632172, 185.9511905246, 3.8828911807, 19.4986044043, 43.3037230038, 1.8418728981, 5.7382090152, 25.9223596659, 91.571425641, 2546.4193795367, 256.7628767296, 511.5493016698, 277.888080984],
      [50.4117402653, 26.7012976832, 10.4107593694, 8.9714404024, 9.9089814994, 3.972465853, 5.5408012678, 18.3837372526, 111.734626715, 91.4980198859, 31.3463628095, 115.9988564616, 40.2491823152, 95.93030374, 35.3809219277, 2.2483523773, 33.1129830356, 38.893679674, 29.9260103042, 107.0123122814, 32.6069252822, 45.422808743, 74.7216055073, 78.4446245359, 63.8815870313, 122.379678027, 30.6594409453, 36.9589550598, 1.0945366813, 3.7115023323, 5.2128285029, 2.4572827811, 3.1211120769, 1.9727088034, 12.4625231649, 65.8168616483, 27.2769223072, 10.2242562197, 27.0415188234, 11.8222321539, 30.3666080824, 33.139594102, 104.1048738141, 35.51309261, 50.6211398604, 66.7892380931, 85.0379728766, 2.5309780552, 3.5977580448, 14.2824412612, 1.693856339, 2.5935083525, 17.6520572549, 34.5435955593, 818.2281629809, 108.3577374206, 196.9883269354, 75.4004324327],
      [6.9872525058, 2.2910014898, 1.7063901116, 0.52685278865, 1.6828821435, 0.19414642987, 0, 1.4119652983, 4.257308828, 8.4506900489, 3.4354331642, 9.3934767238, 4.1663195153, 11.2085753924, 4.2576711188, 0.55753112912, 5.7906332553, 4.7587224713, 3.6942826242, 11.9566196783, 3.6000029409, 4.874514502, 7.1427354748, 8.1436900261, 7.1533521749, 11.6444263215, 3.9496506702, 2.1860836943, 0, 0.65540730203, 0.74880341473, 0.40358960412, 0, 0.68873557422, 1.6363925609, 5.5995230608, 3.0340219978, 1.1434073354, 2.233983682, 2.5915290676, 3.4807849872, 3.2894956841, 10.8147800203, 4.2355392056, 6.0360948467, 6.9018763976, 7.8976755293, 0, 0, 1.675091172, 0, 0.14798622137, 4.2805014447, 3.2233471431, 87.1316394822, 12.4962092522, 22.8358656271, 6.0141021239]
    ],
    [
      [0.10079573774, 0.051890832019, 0.021386091067, 0.063509918967, 0.049733148633, 0, 0.01605285034, 0.040284214871, 0.13281050764, 0.14153571569, 0.096116690104, 0.17367756112, 0.050704592683, 0.21374843165, 0.097288926692, 0.0045823165153, 0.079981344688, 0.078281044014, 0.084738447564, 0.13225392453, 0.096967309658, 0.034720080792, 0.12140933289, 0.12701473141, 0.096688750245, 0.17439960256, 0.079466830009, 0.081190566827, 0.040452815156, 0.0094127530649, 0.007434294842, 0.0035081480446, 0.074057600393, 0, 0.029807394253, 0.13435114538, 0.1066882226, 0.071328731854, 0.096556528346, 0.024519261592, 0.018746131096, 0.10709261225, 0.17327203002, 0.12529106635, 0.039849418239, 0.084166157634, 0.1941887805, 0, 0, 0.014807900846, 0.016868883848, 0, 0.023547756178, 0.030682307454, 1.8225426859, 0.2372258179, 0.67445557881, 0.11139173692],
      [1.0054258682, 0.84615504432, 0.34834443611, 0.15397890463, 0.57695775216, 0, 0.36093175678, 0.34330428491, 2.2982052193, 1.8011145412, 0.80388769518, 2.1529588263, 0.81004889433, 3.6385088833, 1.3427377119, 0.03660230902, 0.96340483074, 1.7374339146, 0.80720008853, 1.98812445, 1.7999266659, 0.74586989145, 1.7218384454, 2.2802233751, 1.0093005415, 2.9053828512, 2.2171307858, 0.82195298964, 0.060332690577, 0.12789145595, 0.11170556576, 0.02110345904, 0.51834016581, 0, 0.64581037156, 1.6562998546, 1.7903928027, 0.75656719326, 1.2070913809, 0.090088506221, 0.13070032792, 1.6529904553, 1.8909388877, 1.4067941137, 0.88947480379, 1.8538177138, 2.846593398, 0, 0, 0.18644546945, 0.087496488377, 0, 0.18495831133, 0.49383427857, 37.363325704, 2.9152196842, 6.0829160856, 1.8509876672],
      [26.13607713, 15.3710903002, 4.761516101, 7.2274022371, 6.838612867, 0, 3.4009820444, 5.9996657127, 33.5600629021, 31.2979203531, 19.3183195009, 48.4313038857, 14.2084505806, 59.2143851322, 20.6382231593, 0.87675933547, 25.9782588762, 25.395611915, 23.4010991905, 46.1708434892, 25.4183273939, 17.08869646, 37.7027676892, 40.3873623446, 20.9895132171, 55.2355016317, 29.808597225, 20.5069876304, 0.89921449427, 1.6768820414, 2.2697068408, 0.7967853329, 4.4076022338, 0, 9.657048558, 43.3688686129, 29.7578271064, 11.4824959153, 27.6945632989, 3.00770065, 5.0839201203, 24.272715863, 47.4653638812, 14.4908313949, 11.4204312018, 22.1783933106, 58.7949026399, 0, 0, 2.6955460068, 1.8956346278, 0, 5.8635388419, 8.5183979585, 538.0730081244, 55.4550132166, 105.0194999887, 22.6660239679],
      [4.7577012641, 1.7308638235, 0.86875337179, 0.55510893935, 1.5346962322, 0, 0.22203334843, 0.61674578751, 3.008921371, 3.75942939, 2.7816761138, 5.2420597269, 1.9307959324, 8.9333575529, 2.9217502021, 0.08205603899, 5.9783549483, 3.7886731265, 3.7069622734, 6.7087781363, 3.6847786305, 2.1307135678, 4.4539845325, 5.2053995489, 2.9044974912, 6.6847159145, 5.8948051592, 1.5898688131, 0, 0.18581374957, 0.61115329864, 0.17860306002, 0, 0, 1.6673336762, 4.8404803871, 4.3450918683, 1.6896081596, 3.0017887918, 0.87769158215, 0.76663342064, 2.9672010694, 6.4704252011, 1.977083425, 1.6502445762, 2.883622818, 7.1643151816, 0, 0, 1.1032006229, 0, 0, 1.9279550905, 0.95708545547, 74.7411234858, 8.3925412813, 15.2231283469, 2.371596628]
    ],
    [
      [15.8216884071, 6.7132659, 1.6776698204, 0.52483804934, 4.0039714191, 1.4468263074, 1.4525218471, 7.8866235761, 18.497567926, 12.9440794022, 6.6287604311, 15.9213721138, 5.2091833652, 14.1976801166, 11.1292371584, 1.3601751506, 5.2850888878, 4.8835615573, 2.4047299915, 12.7415642936, 9.2608638125, 2.4979393639, 9.8188594206, 7.9327686507, 8.008428363, 11.7207658737, 3.8792794026, 5.1025371681, 1.9374892469, 1.9818568905, 0.28426487302, 0.3599425998, 1.7907010903, 0, 5.9176718294, 17.0870847234, 13.8713699451, 2.4890810332, 7.8325693645, 1.9877996301, 3.3825241289, 10.2937470554, 22.15497995, 10.1591061666, 5.0274776326, 6.7734048048, 14.106103985, 0.52197470837, 0.45361804475, 3.3975422512, 0, 1.388824631, 4.1557839909, 3.8101389575, 160.1071429214, 26.2935635433, 68.3077228889, 22.1205377094],
      [2.113710175, 1.4620613395, 0.36068478744, 0.016481481312, 0.61213209591, 0.16100944616, 0.3915629883, 0.88779564605, 4.2877901638, 2.203695367, 0.73922536956, 2.6436053523, 1.1134468383, 3.2365379123, 2.0472299683, 0.11032013902, 0.84943324407, 1.4473534448, 0.30445015897, 2.5664159507, 2.2996093327, 0.71575239179, 1.8618462406, 1.9053765586, 1.1155806547, 2.6142875969, 1.4416370997, 0.68980810418, 0.0061674632827, 0.34393609667, 0.053861303919, 0.026957594057, 0.27614283734, 0, 1.7122618921, 2.8245099104, 3.1165935677, 0.34842554287, 1.3072253372, 0.094270703052, 0.31351134732, 2.1211349386, 3.2375946849, 1.514776232, 1.4939155328, 1.9916634435, 2.7680454988, 0.021351301493, 0.081728699741, 0.56304657316, 0, 0.099101595215, 0.43282576946, 0.81505641332, 44.0673967385, 4.3305452967, 8.2618013216, 4.9290961906],
      [32.2599349022, 15.5843179418, 2.8902154717, 0.45390361442, 4.2544576216, 1.3801393217, 2.1367423129, 9.0977939492, 36.7621429098, 22.4817662941, 10.4266484149, 34.9162883089, 11.4638940655, 30.9257951769, 18.4658006768, 1.5110548632, 13.4431294711, 12.4155094976, 5.178784314, 34.9944491355, 19.0609351497, 9.6222307534, 23.9316061372, 19.8116196699, 13.6178393115, 29.1803222187, 11.3720948796, 10.100170231, 0.056343289773, 2.6351627954, 0.63946409904, 0.59609707066, 1.9331560724, 0, 15.015925898, 43.423124906, 30.4034246618, 3.1003271447, 17.5987081969, 1.8457222729, 7.1568395487, 18.2789205992, 47.7148153366, 9.1551448384, 11.2562619919, 13.9857466335, 33.5645426521, 0.45667399014, 0.46465325551, 4.7790851961, 0, 1.4971262327, 8.0547690372, 8.2481566656, 372.7124117894, 48.3712093957, 83.7630781575, 35.4412125256],
