{
  "X": [
    [33, 12, 37, 10, 8],
    [43, 14, 23, 10, 10],
    [30, 16, 33, 14, 7],
    [45, 20, 19, 11, 5],
    [40, 17, 27, 10, 6],
    [52, 15, 20, 9, 4],
    [38, 15, 30, 15, 2],
    [41, 11, 25, 18, 5],
    [41, 15, 22, 18, 4],
    [41, 19, 23, 14, 3],
    [37, 11, 30, 16, 6],
    [34, 18, 30, 16, 2],
    [39, 11, 23, 26, 1],
    [39, 6, 28, 25, 2],
    [40, 5, 26, 24, 5],
    [36, 9, 26, 24, 5],
    [36, 10, 28, 21, 5],
    [35, 4, 23, 32, 6],
    [41, 7, 25, 25, 2],
    [34, 11, 28, 26, 1],
    [34, 8, 31, 25, 2],
    [38, 6, 24, 28, 4],
    [47, 5, 22, 25, 1],
    [30, 11, 33, 23, 3],
    [28, 6, 28, 33, 5],
    [34, 16, 20, 24, 6],
    [28, 20, 25, 24, 3],
    [27, 19, 19, 30, 5],
    [33, 18, 31, 18, 0],
    [28, 23, 24, 18, 7],
    [30, 18, 23, 28, 1],
    [26, 22, 22, 20, 10],
    [25, 19, 21, 27, 8],
    [39, 15, 21, 20, 5],
    [27, 12, 32, 24, 5],
    [29, 21, 18, 26, 6],
    [38, 16, 26, 15, 5],
    [23, 13, 29, 34, 1],
    [10, 18, 21, 49, 2],
    [26, 17, 22, 32, 3],
    [19, 9, 26, 46, 0],
    [26, 12, 25, 34, 3],
    [18, 10, 28, 42, 2],
    [21, 16, 23, 34, 6],
    [16, 6, 29, 47, 2],
    [19, 10, 24, 45, 2],
    [29, 8, 24, 38, 1],
    [20, 11, 17, 52, 0],
    [21, 9, 27, 40, 3],
    [17, 18, 22, 42, 1]
  ],
  "W": [
    [68, 10, 14, 8],
    [67, 12, 6, 15],
    [65, 13, 14, 8],
    [67, 17, 7, 9],
    [65, 12, 10, 13],
    [63, 9, 20, 8],
    [55, 18, 14, 13],
    [54, 13, 19, 14],
    [61, 12, 12, 15],
    [61, 14, 12, 13],
    [68, 10, 13, 9],
    [68, 9, 11, 12],
    [33, 40, 12, 15],
    [11, 70, 11, 8],
    [16, 63, 6, 15],
    [12, 67, 12, 9],
    [16, 58, 13, 13],
    [10, 58, 13, 19],
    [11, 62, 17, 10],
    [11, 63, 9, 17],
    [10, 59, 17, 14],
    [9, 67, 12, 12],
    [19, 59, 11, 11],
    [11, 63, 12, 14],
    [11, 62, 13, 14],
    [13, 14, 63, 10],
    [14, 10, 67, 9],
    [7, 12, 67, 14],
    [10, 15, 61, 14],
    [18, 13, 60, 9],
    [14, 10, 63, 13],
    [4, 14, 72, 10],
    [13, 21, 55, 11],
    [15, 12, 63, 10],
    [12, 11, 62, 15],
    [15, 9, 59, 17],
    [14, 16, 64, 6],
    [13, 16, 32, 39],
    [6, 9, 16, 69],
    [11, 10, 17, 62],
    [14, 10, 14, 62],
    [12, 13, 16, 59],
    [8, 19, 11, 62],
    [13, 16, 17, 54],
    [14, 12, 10, 64],
    [12, 8, 12, 68],
    [14, 10, 8, 68],
    [12, 13, 11, 64],
    [17, 8, 11, 64],
    [13, 9, 9, 69]
  ],
  "method": "mult",
  "cond_prob": [
    [
      [0.3782140304, 0.12653584761, 0.38239880421, 0.02188766574, 0.090963652053],
      [0.33432618844, 0.018380124247, 0.39259084952, 0.20979516776, 0.044907670026],
      [0.23558707319, 0.1826337434, 0.31791215507, 0.16976170788, 0.094105320471],
      [0.079995628006, 0.081861089103, 0.32752533098, 0.50462789272, 0.0059900591915]
    ],
    [
      [0.49583900585, 0.15565406689, 0.22495881218, 0, 0.12354811508],
      [0.47747116282, 0.025050289381, 0.2567472148, 0.17489262538, 0.065838707611],
      [0.31413058818, 0.22953042796, 0.19451332925, 0.13387490393, 0.12795075068],
      [0.14428994166, 0.12622609855, 0.24531420206, 0.47320260479, 0.010967152926]
    ],
    [
      [0.34941260078, 0.17816900852, 0.34889892744, 0.041347843236, 0.082171620021],
      [0.304489686, 0.025140967808, 0.35004619294, 0.28050683922, 0.039816314024],
      [0.20198298979, 0.23659919104, 0.26738329929, 0.21508391196, 0.078950607913],
      [0.062756646745, 0.09747414875, 0.25345037728, 0.58182831404, 0.0044905131902]
    ],
    [
      [0.50138945592, 0.23373322472, 0.18956209323, 0.015604853747, 0.05971037238],
      [0.48626787952, 0.037708060963, 0.21448827311, 0.22935523718, 0.032180549225],
      [0.30152368858, 0.32159250347, 0.15301861805, 0.1647748055, 0.059090384392],
      [0.11440963128, 0.16085437587, 0.1757676427, 0.54466801427, 0.0043003358842]
    ],
    [
      [0.46544491525, 0.1865730062, 0.26990286606, 0.0055413726107, 0.072537839882],
      [0.44532750721, 0.029764659418, 0.30427614362, 0.18201666402, 0.038615025736],
      [0.2907234719, 0.26993449047, 0.22815883639, 0.13658552642, 0.07459767481],
      [0.11499351564, 0.13971029072, 0.27103166298, 0.46844273445, 0.0058217962101]
    ],
    [
      [0.59992505702, 0.14729143563, 0.2016097687, 0.0068728735668, 0.044300865075],
      [0.55489971936, 0.022708106121, 0.2198456897, 0.17960953893, 0.022936945885],
      [0.39810778543, 0.22845747497, 0.18019069225, 0.14457298668, 0.048671060666],
      [0.1560585281, 0.11838963757, 0.21451993992, 0.50738292266, 0.0036489717488]
    ],
    [
      [0.46165746384, 0.17487569834, 0.31283541195, 0.025345025048, 0.025286400822],
      [0.41037051069, 0.02547999559, 0.32237681042, 0.22923146501, 0.012541218289],
      [0.2844904861, 0.24939653282, 0.25695321102, 0.18327380788, 0.025885962168],
      [0.095331037761, 0.11012655472, 0.26107113851, 0.53184799552, 0.0016232734794]
    ],
    [
      [0.51566366961, 0.11989663418, 0.26729078894, 0.03515257895, 0.061996328324],
      [0.43428700237, 0.016364636772, 0.26018092781, 0.25996848931, 0.029198943734],
      [0.32019265969, 0.17338847603, 0.22082279831, 0.22132862158, 0.064267444387],
      [0.10176930545, 0.072747173694, 0.21345086912, 0.60835189755, 0.0036807541866]
    ],
    [
      [0.50369499346, 0.17053811543, 0.23409273752, 0.041427576073, 0.050246577516],
      [0.43552995282, 0.023906090051, 0.23299044454, 0.2833588686, 0.024214643992],
      [0.30171332492, 0.23557631097, 0.18578164512, 0.22677383989, 0.050154879102],
      [0.095179071081, 0.098892409756, 0.17967186236, 0.62342169051, 0.0028349662946]
    ],
    [
      [0.48818042041, 0.21554338986, 0.23724784321, 0.022018600388, 0.037009746127],
      [0.45268715683, 0.033000142788, 0.25561078404, 0.23960400113, 0.019097915212],
      [0.29428732017, 0.29846322359, 0.19101359448, 0.17935160002, 0.036884261746],
      [0.10399433211, 0.13909942586, 0.20439749644, 0.55001462772, 0.0024941178698]
    ],
    [
      [0.43403562771, 0.11995077518, 0.32088087188, 0.055192506839, 0.069940218392],
      [0.34990346812, 0.015543059536, 0.29659773561, 0.30647903231, 0.031476704432],
      [0.25634930417, 0.16395633105, 0.2504074378, 0.26020428741, 0.069082639567],
      [0.072666853352, 0.061831598754, 0.21764740721, 0.64438483061, 0.0034693100757]
    ],
    [
      [0.40411439968, 0.19974773114, 0.32070175803, 0.051487825055, 0.023948286096],
      [0.34706609162, 0.027560759166, 0.31509542748, 0.29882432626, 0.011453395476],
      [0.23380894223, 0.26507348323, 0.24464491929, 0.23336706477, 0.023105590477],
      [0.068727302728, 0.10444159453, 0.22211062454, 0.60353093729, 0.0011895409126]
    ],
    [
      [0.51282662794, 0.17544779351, 0.24950942976, 0.046530775641, 0.015685373142],
      [0.42670790357, 0.021525898873, 0.24191112912, 0.30274410364, 0.0071109647956],
      [0.30393610113, 0.24197009472, 0.19663327213, 0.24193033669, 0.015530195335],
      [0.090744794762, 0.096369714846, 0.18200962582, 0.63010374787, 0.00077211669829]
    ],
    [
      [0.49121256262, 0.14914089649, 0.2911003876, 0.032641032197, 0.035905121093],
      [0.42135948967, 0.018531018894, 0.2900183797, 0.253171939, 0.016919172744],
      [0.30215103439, 0.2132170241, 0.2388913879, 0.20907171335, 0.036668840252],
      [0.097229519538, 0.089611443859, 0.23360048631, 0.57739050865, 0.002168041641]
    ],
    [
      [0.50413376715, 0.11564430398, 0.26166316701, 0.026928451033, 0.09163031082],
      [0.44940117137, 0.015068491107, 0.26885344992, 0.22132460447, 0.045352283124],
      [0.32069737058, 0.1714760513, 0.22222720175, 0.18876570529, 0.096833671075],
      [0.11316011371, 0.078101325917, 0.23615058481, 0.56620669799, 0.0063812775735]
    ],
    [
      [0.43192779405, 0.19920076946, 0.25592307601, 0.028990833897, 0.083957526588],
      [0.40171069901, 0.032232933951, 0.27640996285, 0.24565197445, 0.043994429731],
      [0.2568573077, 0.27491525025, 0.20309223205, 0.18221108843, 0.082924121569],
      [0.091106882781, 0.12788902098, 0.21914986582, 0.55632162707, 0.0055326033466]
    ],
    [
      [0.43630546927, 0.18766968334, 0.27212433944, 0.022862893675, 0.081037614282],
      [0.41754672115, 0.031266925574, 0.30076388456, 0.20646357172, 0.043958897002],
      [0.26868325279, 0.26745952487, 0.22348654436, 0.15761083479, 0.082759843187],
      [0.10065541376, 0.13129458153, 0.25356770676, 0.50848966841, 0.005992629535]
    ],
    [
      [0.50370876973, 0.087033084525, 0.2521915673, 0.037600150732, 0.11946642771],
      [0.4154072933, 0.0095522976187, 0.24184519932, 0.27979266809, 0.053402541665],
      [0.30888042282, 0.1238812662, 0.20646521414, 0.23915189421, 0.12162120262],
      [0.097570726036, 0.050798917486, 0.19826394644, 0.64668679571, 0.0066796143311]
    ],
    [
      [0.53062972998, 0.14209635396, 0.26148451216, 0.031648967745, 0.034140436156],
      [0.45840791418, 0.016884414737, 0.26186359142, 0.24671032569, 0.016133753965],
      [0.3324682092, 0.20620724701, 0.21850733577, 0.20735154937, 0.035465658648],
      [0.10898227346, 0.088458319359, 0.21735029898, 0.58308448225, 0.0021246259467]
    ],
    [
      [0.4305458769, 0.24643823869, 0.27633527529, 0.028221955616, 0.018458653515],
      [0.40447748872, 0.041485145851, 0.30264340056, 0.24164587262, 0.0097480922425],
      [0.25359957689, 0.3369451548, 0.21733345861, 0.17405469862, 0.018067111079],
      [0.08820690427, 0.1554769878, 0.23163391818, 0.52349271914, 0.0011894706085]
    ],
    [
      [0.45294697873, 0.15795493753, 0.32418307004, 0.02968411547, 0.035230898236],
      [0.39708550137, 0.020602120687, 0.33008908411, 0.23520971044, 0.017013583396],
      [0.27955375375, 0.22590714713, 0.26705591043, 0.19139855745, 0.036084631248],
      [0.092147987012, 0.097464571646, 0.26735449, 0.54085788948, 0.0021750618609]
    ],
    [
      [0.49681772587, 0.14354004963, 0.25104921131, 0.034071555659, 0.074521457519],
      [0.42858568405, 0.018425122247, 0.25165949609, 0.26592497705, 0.035404720564],
      [0.30215490413, 0.20274303924, 0.20376561211, 0.21608747031, 0.075248974205],
      [0.098961732186, 0.086728324323, 0.20284862621, 0.60694440778, 0.0045169095048]
    ],
    [
      [0.61030167544, 0.10384654287, 0.23430535062, 0.034226138692, 0.01732029238],
      [0.50365740401, 0.010226718898, 0.22406216904, 0.25434085046, 0.0077128575877],
      [0.39348558132, 0.1564125495, 0.20150523679, 0.23001284372, 0.018583788664],
      [0.12364908504, 0.063909202353, 0.19199752366, 0.61940471878, 0.0010394701635]
    ],
    [
      [0.36955805776, 0.23115295239, 0.32200367602, 0.025372518899, 0.051912794921],
      [0.35266660145, 0.040460803157, 0.35743790933, 0.22137685387, 0.02805783218],
      [0.21852751492, 0.31732479928, 0.25425448467, 0.15885769981, 0.051035501313],
      [0.078181092422, 0.15002780953, 0.2777369614, 0.49056200716, 0.0034921294836]
    ],
    [
      [0.39935309345, 0.14092079581, 0.31642182245, 0.044738792584, 0.098565495701],
      [0.31859151537, 0.016719211588, 0.29681292648, 0.32523208225, 0.042644264308],
      [0.22594178469, 0.18563919068, 0.23953966307, 0.25605911834, 0.092820243219],
      [0.065514201295, 0.071426474914, 0.21449592079, 0.64390826026, 0.0046551427403]
    ],
    [
      [0.51816730173, 0.14585551575, 0.23064368783, 0.033989770215, 0.071343724472],
      [0.44794228475, 0.020448890772, 0.23139113033, 0.26587060543, 0.034347088724],
      [0.31670992805, 0.20510633947, 0.18859412775, 0.21740407368, 0.072185531059],
      [0.10399076238, 0.089589443801, 0.18807261857, 0.61394878694, 0.0043983883042]
    ],
    [
      [0.44468210243, 0.18050643907, 0.30169843231, 0.03738243545, 0.035730590743],
      [0.37833626344, 0.02504654579, 0.29782916192, 0.28185669303, 0.016931335809],
      [0.25775880012, 0.24361752279, 0.23584278796, 0.22826192309, 0.034518966046],
      [0.080138702637, 0.10000781872, 0.2218292817, 0.5960589029, 0.0019652940452]
    ],
    [
      [0.47219078605, 0.18229211406, 0.23820998266, 0.041644361296, 0.065662755939],
      [0.39756355085, 0.024967089109, 0.2330109101, 0.31372362809, 0.030734821851],
      [0.26534798479, 0.23964956267, 0.18149800818, 0.25195019581, 0.061554248541],
      [0.081827636182, 0.097702102365, 0.16971661799, 0.64736734389, 0.0033862995695]
    ],
    [
      [0.48792435836, 0.15736543784, 0.33393756545, 0.020772638348, 0],
      [0.44545468728, 0.023226574875, 0.35349806049, 0.17782067736, 0],
      [0.32505723289, 0.23775604897, 0.2937037924, 0.14348292574, 0],
      [0.11503177864, 0.11248771509, 0.3173015787, 0.45517892757, 0]
    ],
    [
      [0.41065708192, 0.20977881086, 0.27237125751, 0.02550574681, 0.081687102895],
      [0.39127506745, 0.033443354886, 0.30121264848, 0.23061643271, 0.043452496474],
      [0.24531163657, 0.29224961504, 0.21694310446, 0.16359624499, 0.081899398945],
      [0.089210939377, 0.13936009876, 0.24055185191, 0.52523424806, 0.0056428618946]
    ],
    [
      [0.49490322447, 0.16881562366, 0.28115418319, 0.042533619687, 0.012593348998],
      [0.4047610598, 0.022207977162, 0.26679706344, 0.30051011336, 0.0057237862384],
      [0.28457324941, 0.2263346028, 0.21959591158, 0.25745781175, 0.012038424464],
      [0.084279195914, 0.088878578532, 0.19702525932, 0.62919892697, 0.00061803926235]
    ],
    [
      [0.41171859999, 0.19137476178, 0.25422832474, 0.02569254069, 0.11698577279],
      [0.39630179462, 0.030966172584, 0.28387598343, 0.22576731137, 0.063088738001],
      [0.24821660705, 0.27037992275, 0.20369855389, 0.15876106233, 0.11894385398],
      [0.093330476753, 0.13336200989, 0.23425270533, 0.53056909902, 0.0084857090116]
    ],
    [
      [0.3955058069, 0.20339777306, 0.25325287273, 0.04057809648, 0.10726545083],
      [0.34557706003, 0.030080739541, 0.25733827405, 0.31473221327, 0.052271713107],
      [0.21525195148, 0.26374294239, 0.1871581637, 0.23486949072, 0.09897745172],
      [0.069313538019, 0.1107519626, 0.18271908147, 0.6313896616, 0.0058257563135]
    ],
    [
      [0.56172933369, 0.12724450479, 0.22939969951, 0.025958301146, 0.05566816087],
      [0.4989272594, 0.01830749791, 0.23645843066, 0.21872039453, 0.027586417496],
      [0.36973514174, 0.19012931076, 0.19975937801, 0.18015224964, 0.060223919849],
      [0.1293618952, 0.089349587516, 0.21366625249, 0.56363890214, 0.0039833626521]
    ],
    [
      [0.42971957926, 0.10802246817, 0.3694917791, 0.031527448725, 0.061238724739],
      [0.3605635156, 0.014516125617, 0.35982029005, 0.23653506445, 0.028565004285],
      [0.2679098335, 0.154371279, 0.30920696663, 0.20564183041, 0.06287009046],
      [0.084450446673, 0.064868913467, 0.29581623529, 0.5513327614, 0.003531643166]
    ],
    [
      [0.47757877736, 0.19673514196, 0.21401493111, 0.034726300302, 0.076944849269],
      [0.4286477387, 0.029085462218, 0.22286002303, 0.28092629855, 0.038480477504],
      [0.27781972013, 0.26727252845, 0.16737894267, 0.21261771766, 0.074911091093],
      [0.093360306096, 0.11871320779, 0.17109871816, 0.61213667449, 0.0046910934662]
    ],
    [
      [0.51662972709, 0.13457305267, 0.2756343805, 0.01982059733, 0.053342242416],
      [0.47956658041, 0.020140007068, 0.29674473479, 0.17591631218, 0.027632365543],
      [0.34861683873, 0.20578247431, 0.24531889693, 0.14112672189, 0.059155068134],
      [0.13044014254, 0.10394313225, 0.2821322521, 0.47929007363, 0.0041943994893]
    ],
    [
      [0.43984843045, 0.15982223214, 0.34493814375, 0.036671573201, 0.018719620456],
      [0.37084767637, 0.021096545547, 0.33831264082, 0.26106850801, 0.0086746292514],
      [0.26147704979, 0.22217963395, 0.2779594541, 0.21983288134, 0.018550980823],
      [0.076439538179, 0.089103024796, 0.2617461371, 0.57209028763, 0.0006210123005]
    ],
    [
      [0.31002021525, 0.28755809079, 0.28516935755, 0.040847823354, 0.076404513051],
      [0.28382402784, 0.043106951507, 0.30373971936, 0.33081141262, 0.038517888676],
      [0.16101169265, 0.35079772214, 0.20014264413, 0.22145014913, 0.066597791947],
      [0.043612686602, 0.14889746866, 0.19352237789, 0.61209286899, 0.0018745978618]
    ],
    [
      [0.51367719832, 0.18992825295, 0.21181493967, 0.015294210355, 0.0692853987],
      [0.50974675588, 0.031362446896, 0.24435098511, 0.17619733794, 0.038342474168],
      [0.33277064699, 0.28304625807, 0.18192895789, 0.12778764954, 0.07446648751],
      [0.1547577784, 0.15782868325, 0.22796344401, 0.44995806878, 0.0094920255638]
    ],
    [
      [0.48506558674, 0.13623966779, 0.33464033833, 0.044054407141, 0],
      [0.38635045688, 0.017226173995, 0.30948016854, 0.28694320059, 0],
      [0.28938749074, 0.18994506262, 0.26852157084, 0.2521458758, 0],
      [0.069260521717, 0.06872825862, 0.23324083203, 0.62877038763, 0]
    ],
    [
      [0.51294030495, 0.14497531736, 0.25249764207, 0.019083797117, 0.070502938504],
      [0.47760854708, 0.022241874808, 0.27278081, 0.19075751405, 0.036611254064],
      [0.33452322451, 0.21803197408, 0.21912298707, 0.15205026391, 0.076271550421],
      [0.14039718028, 0.1098752582, 0.25284593173, 0.48912444965, 0.0077571801422]
    ],
    [
      [0.4198226527, 0.15796096391, 0.32590040028, 0.032131738215, 0.064184244897],
      [0.36571427217, 0.022377942573, 0.33037445107, 0.25076756334, 0.030765770845],
      [0.25220223689, 0.22079603233, 0.2625703325, 0.20009449574, 0.064336902534],
      [0.079332629055, 0.09487701652, 0.26173239629, 0.56092456351, 0.0031333946274]
    ],
    [
      [0.40093376102, 0.20291500758, 0.2394886539, 0.021366431017, 0.13529614649],
      [0.39590863602, 0.034058459884, 0.27434205989, 0.2209805979, 0.074710246303],
      [0.24030779025, 0.28076042304, 0.19116776038, 0.15298370484, 0.13478032149],
      [0.099409083261, 0.14896745096, 0.22680227064, 0.51084858978, 0.013972605361]
    ],
    [
      [0.41573783742, 0.097356925761, 0.37546687575, 0.044268511827, 0.067169849241],
      [0.32731018901, 0.012164281368, 0.34358764912, 0.28794193281, 0.028995947685],
      [0.24705378743, 0.13490603107, 0.29929266289, 0.25192298069, 0.06682453791],
      [0.05908453334, 0.049093302379, 0.25980445814, 0.6313391849, 0.00067852123913]
    ],
    [
      [0.48193339552, 0.13979063132, 0.28136413512, 0.033292729864, 0.063619108188],
      [0.41417947427, 0.019568806622, 0.28084523318, 0.25521816865, 0.030188317274],
      [0.29463389165, 0.19879760933, 0.23071885373, 0.21090287322, 0.064946772078],
      [0.093643481763, 0.08500574499, 0.22953297454, 0.58864569726, 0.0031721014502]
    ],
    [
      [0.61349531203, 0.10029725913, 0.23852631359, 0.019297890576, 0.028383224674],
      [0.54050458676, 0.014407917334, 0.24439800288, 0.18681856786, 0.013870925168],
      [0.42006942368, 0.1598778425, 0.21905311835, 0.16864065164, 0.032358963825],
      [0.17125682904, 0.076069653807, 0.24212097991, 0.50753703883, 0.0030154984159]
    ],
    [
      [0.53958241355, 0.18463973352, 0.2262260024, 0.049551850529, 0],
      [0.43327053772, 0.023609452667, 0.21142873229, 0.33169127733, 0],
      [0.30749860706, 0.24573866995, 0.1733284251, 0.2734342979, 0],
      [0.070468896397, 0.090223045994, 0.15047034024, 0.68883771737, 0]
    ],
    [
      [0.46977112189, 0.11895993593, 0.30088249623, 0.028377901281, 0.082008544661],
      [0.40817694478, 0.016896897785, 0.30366370175, 0.23179542603, 0.03946702965],
      [0.2946967326, 0.17330530685, 0.25272081617, 0.1935043984, 0.085772745984],
      [0.10166892673, 0.077127305181, 0.26055873394, 0.55522912324, 0.0054159109021]
    ],
    [
      [0.42398497064, 0.2585150385, 0.25404456423, 0.030380627886, 0.033074798744],
      [0.40288296045, 0.040322792574, 0.28035931952, 0.25909109295, 0.017343834506],
      [0.24408927494, 0.34582143273, 0.19609447238, 0.1821993036, 0.031795516355],
      [0.082107902366, 0.16179719524, 0.20883096432, 0.54541214882, 0.0018517892548]
    ]
  ],
  "expected_outcome": [
    [
      [25.7185540669, 33.2212133921, 22.711819051, 33.5930935466, 30.2539194912, 37.7952785923, 25.3911605113, 27.8458381587, 30.7253946008, 29.7790056449, 29.5144226844, 27.4797791781, 16.9232787222, 5.4033381888, 8.0661402744, 5.1831335286, 6.9808875083, 5.0370876973, 5.8369270298, 4.7360046459, 4.5294697873, 4.4713595329, 11.5957318333, 4.0651386354, 4.3928840279, 6.7361749225, 6.225549434, 3.3053355023, 4.8792435836, 7.3918274746, 6.9286451425, 1.6468744, 5.1415754898, 8.4259400054, 5.1566349511, 7.1636816604, 7.2328161792, 5.7180295958, 1.8601212915, 5.6504491816, 6.7909182144, 6.1552836594, 3.3585812216, 5.2121388932, 5.8203297238, 5.7832007462, 8.5889343684, 6.4749889626, 7.9861090722, 5.5118046183],
      [8.6044376372, 10.4288224814, 11.5809855539, 15.6601260565, 12.1272454029, 9.279360445, 9.6181634084, 6.4744182456, 10.4028250415, 13.1481467817, 8.1566527122, 13.5828457176, 5.7897771858, 1.6405498614, 1.8503088637, 2.3904092335, 3.0027149334, 0.87033084525, 1.5630598935, 2.7108206255, 1.5795493753, 1.2918604467, 1.9730843146, 2.5426824763, 1.5501287539, 1.8961217048, 2.527090147, 1.2760447984, 1.5736543784, 3.7760185955, 2.3634187312, 0.76549904711, 2.6441710498, 1.9086675718, 1.2962696181, 2.9510271293, 1.8840227373, 2.0776890179, 1.7253485448, 2.0892107825, 1.907355349, 1.7397038083, 1.2636877113, 2.6378950985, 1.3629969607, 1.6774875758, 1.4041616278, 2.2156768023, 2.0223189108, 3.3606955005],
      [26.003118686, 15.0722404159, 22.6784302834, 12.7006602463, 17.5436862939, 12.7014154283, 17.2059476574, 14.4337026028, 14.2796569888, 14.472118436, 21.8198992877, 21.807719546, 8.2338111822, 3.2021042636, 4.1866106722, 3.0710769121, 4.353989431, 2.521915673, 2.8763296337, 3.0396880282, 3.2418307004, 2.2594429018, 4.4518016617, 3.5420404362, 3.480640047, 2.9983679417, 4.2237780523, 1.6674698786, 3.3393756545, 4.9026826352, 3.9361585647, 1.016913299, 3.2922873455, 3.4409954926, 4.4339013492, 3.2102239667, 3.858881327, 4.4841958688, 1.7110161453, 2.3299643364, 4.6849647366, 3.0299717048, 2.6072032022, 3.1133525007, 5.2565362606, 3.3763696214, 3.3393683903, 2.7147120287, 5.115002436, 3.302579335],
      [1.4883612703, 0, 2.6876098103, 1.045525201, 0.36018921969, 0.43299103471, 1.3939763777, 1.8982392633, 2.5270821404, 1.3431346237, 3.7530904651, 3.5011721037, 1.5355155962, 0.35905135417, 0.43085521653, 0.34789000676, 0.36580629879, 0.37600150732, 0.34813864519, 0.31044151177, 0.2968411547, 0.30664400093, 0.65029663515, 0.27909770789, 0.49212671842, 0.4418670128, 0.5233540963, 0.29151052907, 0.20772638348, 0.45910344259, 0.59547067561, 0.10277016276, 0.52751525423, 0.38937451719, 0.3783293847, 0.52089450453, 0.27748836262, 0.47673045161, 0.24508694012, 0.1682363139, 0.61676169998, 0.22900556541, 0.25705390572, 0.27776360322, 0.61975916558, 0.39951275837, 0.27017046806, 0.59462220635, 0.48242432178, 0.39494816252],
      [6.1855283396, 8.2777237107, 5.3411553014, 4.0005949495, 4.7149595923, 2.7909544997, 1.3907520452, 3.3478017295, 3.0650412285, 2.2575945138, 4.7559348506, 1.6284834545, 0.51761731368, 0.39495633203, 1.4660849731, 1.0074903191, 1.2966018285, 1.1946642771, 0.37554479772, 0.20304518866, 0.35230898236, 0.67069311767, 0.32908555523, 0.57104074413, 1.0842204527, 0.92746841813, 0.50022827041, 0.45963929157, 0, 1.4703678521, 0.17630688598, 0.46794309118, 1.3944508607, 0.83502241305, 0.73486469687, 1.154172739, 0.74679139383, 0.24335506593, 0.45842707831, 0.7621393857, 0, 0.84603526205, 0.51347395917, 1.7588499043, 0.94037788937, 0.76342929825, 0.39736514544, 0, 1.3941452592, 0.42997238368]
    ],
    [
      [3.3432618844, 5.7296539539, 3.958365918, 8.2665539518, 5.3439300865, 4.9940974742, 7.3866691923, 5.6457310308, 5.2263594339, 6.3376201957, 3.4990346812, 3.1235948246, 17.0683161428, 29.4951642766, 28.3122737965, 26.914616834, 24.2177098266, 24.0936230113, 28.4212906792, 25.4820817895, 23.4280445808, 28.7152408313, 29.7157868367, 22.2179958916, 19.7526739529, 6.2711919865, 3.7833626344, 4.7707626102, 6.6818203092, 5.0865758768, 4.047610598, 5.5482251247, 7.2571182607, 5.9871271128, 3.9661986716, 3.8578296483, 7.6730652866, 5.933562822, 2.5544162505, 5.0974675588, 3.8635045688, 6.208911112, 6.9485711712, 6.3345381764, 3.9277222681, 3.3134357942, 5.4050458676, 5.6325169903, 3.2654155583, 3.625946644],
      [0.18380124247, 0.30060347258, 0.32683258151, 0.64103703636, 0.35717591301, 0.20437295509, 0.45863992062, 0.21274027804, 0.28687308061, 0.46200199903, 0.15543059536, 0.24804683249, 0.86103595491, 1.2971713226, 0.94931493973, 2.1596065747, 1.8134816833, 0.55403326188, 1.0468337137, 2.6135641886, 1.2155251205, 1.2344831906, 0.603376415, 2.5490305989, 1.0365911184, 0.28628447081, 0.2504654579, 0.29960506931, 0.34839862313, 0.43476361352, 0.22207977162, 0.43352641617, 0.63169553036, 0.21968997492, 0.15967738178, 0.26176915996, 0.32224011309, 0.33754472874, 0.38796256356, 0.31362446896, 0.17226173995, 0.2891443725, 0.42518090889, 0.54493535814, 0.14597137642, 0.15655045297, 0.14407917334, 0.30692288468, 0.13517518228, 0.36290513317],
      [3.9259084952, 3.0809665777, 4.5506005083, 3.646300643, 3.6513137234, 1.9786112073, 5.8027825876, 3.3823520616, 2.7958853344, 3.5785509766, 2.9659773561, 2.8358588473, 9.6764451649, 20.301286579, 16.9377673452, 18.5194675108, 17.4443053044, 14.0270215608, 16.2355426683, 19.0665342354, 19.4752559623, 16.8611862383, 13.2196679734, 22.5185882881, 18.402401442, 3.2394758246, 2.9782916192, 2.7961309212, 5.3024709073, 3.9157644303, 2.6679706344, 3.974263768, 5.4041037551, 2.837501168, 3.9580231905, 2.0057402073, 4.7479157567, 5.4130022532, 2.7336574743, 2.4435098511, 3.0948016854, 3.54615053, 6.2771145704, 4.3894729583, 4.1230517895, 2.2467618655, 2.4439800288, 2.7485735197, 2.429309614, 2.5232338757],
      [2.0979516776, 2.0987115046, 3.6465889099, 3.8990390321, 2.1841999682, 1.6164858504, 4.1261663702, 3.379590361, 3.4003064232, 3.3544560158, 3.0647903231, 2.6894189363, 12.1097641455, 17.7220357298, 13.9434500818, 16.4586822884, 11.9748871596, 16.2279747494, 15.2960401929, 15.2236899752, 13.877372916, 17.816973462, 15.0061101773, 13.9467417941, 20.1643890995, 3.722188476, 2.8185669303, 3.7646835371, 2.6673101603, 2.9980136252, 3.0051011336, 3.1607423591, 6.6093764787, 2.6246447343, 2.6018857089, 2.5283366869, 2.8146609949, 4.1770961281, 2.9773027136, 1.7619733794, 2.8694320059, 2.4798476826, 4.7645837035, 3.5356895664, 3.4553031938, 2.0417453492, 1.8681856786, 4.3119866053, 1.8543634082, 2.3318198366],
      [0.44907670026, 0.79006449133, 0.51761208232, 0.54706933682, 0.46338030883, 0.20643251297, 0.22574192921, 0.37958626855, 0.2905757279, 0.26737081297, 0.31476704432, 0.10308055928, 0.28443859182, 1.1843420921, 2.8571938368, 2.947626792, 2.5496160261, 3.0973474165, 1.0002927458, 0.61412981128, 1.0038014204, 2.3721162778, 0.45505859767, 1.7676434273, 2.6439443871, 0.48085924213, 0.16931335809, 0.36881786221, 0, 0.56488245416, 0.057237862384, 0.88324233202, 1.0977059752, 0.33103700995, 0.31421504713, 0.34632429754, 0.44211784869, 0.13879406802, 0.34666099808, 0.38342474168, 0, 0.47594630283, 0.58454964605, 1.1953639409, 0.34795137222, 0.24150653819, 0.13870925168, 0, 0.3157362372, 0.15609451055]
    ],
    [
      [3.2982190246, 1.8847835291, 2.8277618571, 2.1106658201, 2.907234719, 7.9621557087, 3.9828668055, 6.0836605342, 3.6205598991, 3.5314478421, 3.3325409543, 2.5718983646, 3.6472332136, 3.3236613783, 1.9241842235, 3.0822876924, 3.4928822863, 4.0154454967, 5.6519595564, 2.282396192, 4.7524138138, 3.6258588496, 4.3283413945, 2.622330179, 2.937243201, 19.9527254672, 17.2698396078, 17.7783149809, 19.8284912063, 14.7186981942, 17.9281147126, 17.8715957077, 11.8388573314, 23.2933139298, 16.6104096772, 16.3913634876, 22.3114776789, 8.3672655932, 2.5761870824, 5.6571009988, 4.0514248704, 5.3523715921, 2.7742246058, 4.0852324343, 2.4705378743, 3.5356066998, 3.3605553894, 3.3824846776, 3.2416640586, 2.1968034744],
      [2.5568724076, 1.3771825677, 3.3123886746, 2.2511475243, 2.6993449047, 4.5691494994, 3.4915514595, 3.2943810446, 2.8269157316, 3.581558683, 2.1314323037, 2.9158083155, 2.9036411366, 2.3453872651, 1.0288563078, 3.2989830029, 3.4769738233, 1.6104564606, 3.5055231992, 3.0325063932, 3.8404215012, 2.4329164709, 1.7205380445, 3.8078975914, 2.4133094788, 12.9216993864, 16.3223740267, 16.0565206992, 14.5031189872, 17.5349769021, 14.2590799763, 19.4673544378, 14.5058618312, 11.9781465781, 9.5710192981, 15.7690791783, 13.1700783561, 7.1097482863, 5.6127635542, 4.8117863872, 2.6592308766, 3.4885115853, 2.4287563556, 4.7729271916, 1.3490603107, 2.3855713119, 1.27902274, 2.7031253694, 1.9063583753, 3.1123928945],
      [4.4507701709, 1.1670799755, 3.7433661901, 1.0711303264, 2.2815883639, 3.603813845, 3.5973449543, 4.1956331679, 2.2293797414, 2.2921631337, 3.2552966914, 2.6910941122, 2.3595992656, 2.6278052669, 1.3333632105, 2.4371067847, 2.9053250767, 2.6840477838, 3.7146247081, 1.9560011275, 4.5399504772, 2.4451873453, 2.2165576046, 3.0510538161, 3.1140156199, 11.881430048, 15.8014667932, 12.1603665483, 17.9159313363, 13.0165862673, 13.8345424298, 14.6662958798, 10.2936990034, 12.5848408146, 19.1708319308, 9.8753576173, 15.7004094037, 8.8947025312, 3.2022823061, 3.0927922842, 3.7593019918, 3.5059677932, 2.8882736575, 3.2498519264, 2.9929266289, 2.7686262447, 1.7524249468, 1.9066126761, 2.7799289779, 1.7648502515],
      [2.3766639103, 0.80324942355, 3.0111747675, 1.1534236385, 1.3658552642, 2.8914597336, 2.5658333104, 4.2052438099, 2.7212860787, 2.1522192002, 3.3826557363, 2.5670377125, 2.9031640402, 2.2997888468, 1.1325942318, 2.1865330612, 2.0489408522, 3.1089746248, 3.5249763393, 1.5664922876, 3.2537754766, 2.5930496437, 2.530141281, 1.9062923978, 3.3287685384, 13.6964566417, 15.2935488473, 16.8806631194, 8.7524584702, 9.8157746996, 16.2198421401, 11.4307964879, 12.9178219895, 11.3495917271, 12.7497934854, 12.5444453422, 9.0321102007, 7.0346522029, 3.5432023861, 2.1723900422, 3.5300422612, 2.4328042226, 2.2010394532, 2.6007229823, 2.5192298069, 2.5308344786, 1.3491252131, 3.0077772769, 2.1285483824, 1.6397937324],
      [1.3174744866, 0.76770450411, 1.1053085108, 0.41363269074, 0.7459767481, 0.97342121331, 0.36240347036, 1.2210814434, 0.60185854922, 0.44261114096, 0.89807431437, 0.25416149524, 0.18636234402, 0.40335724278, 0.58100202645, 0.99508945883, 1.0758779614, 1.5810756341, 0.60291619701, 0.16260399971, 0.61343873122, 0.90298769045, 0.2044216753, 0.61242601576, 1.2066631618, 4.5476884567, 2.3127707251, 4.1241346522, 0, 4.9139639367, 0.75842074123, 8.5639574867, 5.4437598446, 3.7941069505, 3.8979456085, 4.4197543745, 3.7859243605, 0.59363138633, 1.0655646711, 1.2659302877, 0, 1.2203448067, 0.70770592788, 2.2912654653, 0.6682453791, 0.77936126494, 0.2588717106, 0, 0.94350020582, 0.28615964719]
    ],
    [
      [0.63996502405, 2.164349125, 0.50205317396, 1.0296866815, 1.4949157033, 1.2484682248, 1.2393034909, 1.4247702763, 1.4276860662, 1.3519263174, 0.65400168017, 0.82472763274, 1.3611719214, 0.77783615631, 1.6974017056, 0.81996194503, 1.3085203788, 1.8538437947, 1.0898227346, 1.4995173726, 1.2900718182, 1.1875407862, 1.3601399355, 1.0945352939, 0.91719881813, 1.0399076238, 0.72124832373, 1.1455869065, 1.6104449009, 0.80289845439, 1.0956295469, 0.93330476753, 0.76244891821, 1.293618952, 1.2667567001, 1.5871252036, 0.78264085526, 2.981141989, 3.0092753755, 9.5949822608, 4.2941523465, 8.2834336365, 4.9186230014, 5.3680904961, 3.7814101337, 6.3677567599, 11.6454643745, 4.5100093694, 6.506811311, 5.6654452633],
      [0.65488871282, 1.8933914783, 0.77979319, 1.4476893828, 1.8162337794, 0.94711710053, 1.4316452114, 1.0184604317, 1.4833861463, 1.8082925362, 0.55648438879, 1.2532991344, 1.4455457227, 0.71689155088, 1.1715198888, 1.1510011888, 1.7068295599, 0.96517943224, 0.88458319359, 2.6431087926, 1.364504003, 1.0407398919, 0.70300122588, 2.1003893334, 0.9999706488, 0.89589443801, 0.90007036849, 1.3678294331, 1.5748280113, 1.2542408888, 1.1554215209, 1.3336200989, 1.2182715886, 0.89349587516, 0.97303370201, 2.0181245324, 0.62365879348, 3.475017967, 10.2739253375, 9.7853783614, 4.2611520344, 6.4826402338, 5.8823750242, 8.0442423518, 3.1419713522, 5.7803906593, 5.1727364589, 5.7742749436, 4.9361475316, 11.1640064718],
      [2.6202026478, 3.679713031, 2.0276030182, 1.5819087843, 3.5234116187, 1.7161595194, 3.3939248007, 2.9883121677, 2.6950779354, 2.6571674538, 1.9588266648, 2.6653274944, 2.7301443873, 1.8688038905, 3.5422587721, 1.9723487924, 3.2963801879, 3.7670149823, 2.1735029898, 3.937776609, 3.7429628601, 2.4341835145, 2.1119727603, 3.8883174596, 3.0029428911, 1.8807261857, 1.9964635353, 2.3760326519, 4.4422221018, 2.1649666672, 2.5613283711, 2.3425270533, 2.0099098961, 2.1366625249, 4.4372435294, 2.9086782087, 1.6927935126, 10.2080993468, 13.3530440743, 14.1337335283, 14.4609315862, 14.917909972, 16.2274085698, 12.2473226145, 16.627485321, 15.6082422684, 16.4642266341, 9.6301017755, 16.6757589721, 14.4093365378],
      [4.0370231418, 7.0980390719, 4.6546265123, 4.9020121284, 6.0897555479, 4.0590633813, 6.9140239418, 8.5169265657, 9.3513253577, 7.1501901603, 5.7994634755, 7.2423712475, 9.4515562181, 4.6191240692, 8.4931004699, 5.0068946436, 6.6103656893, 12.2870491185, 5.8308448225, 8.8993762254, 7.5720104527, 7.2833328933, 6.8134519066, 6.8678681003, 9.0147156436, 6.1394878694, 5.3645301261, 9.0631428145, 6.372504986, 4.7271082325, 8.1795860507, 5.3056909902, 6.9452862776, 5.6363890214, 8.269991421, 10.4063234664, 2.8757404418, 22.3115212174, 42.2344079602, 27.8974002645, 38.9837640329, 28.8583425293, 34.7773229377, 27.5858238481, 40.4057078337, 40.0279074138, 34.5125186402, 44.0856139115, 35.5346638876, 37.6334382685],
      [0.047920473532, 0.16450729389, 0.035924105522, 0.038703022958, 0.075683350731, 0.029191773991, 0.021102555233, 0.051530558612, 0.042524494419, 0.032423532307, 0.031223790682, 0.014274490951, 0.011581750474, 0.017344333128, 0.095719163603, 0.049793430119, 0.077904183955, 0.12691267229, 0.021246259467, 0.020221000345, 0.030450866052, 0.054202914057, 0.011434171799, 0.04888981277, 0.065171998364, 0.043983883042, 0.017687646407, 0.047408193973, 0, 0.050785757051, 0.0080345104105, 0.084857090116, 0.064083319448, 0.039833626521, 0.052974647489, 0.079748588926, 0.025166396936, 0.02421947972, 0.12934725247, 0.58850558496, 0, 0.45767362839, 0.1942704669, 0.75452068951, 0.043425359304, 0.21570289861, 0.20505389228, 0, 0.34661829774, 0.12777345858]
    ]
  ],
  "prob": [
    [0.4691168389, 0.16653243159, 0.27565291959, 0.029022046202, 0.059675763713],
    [0.41418530718, 0.023491246333, 0.28249668063, 0.25045652578, 0.029370240076],
    [0.28531575509, 0.23208296695, 0.22353887924, 0.19916244784, 0.059899950877],
    [0.096182098822, 0.10429335512, 0.22871152054, 0.56695898018, 0.0038540453344]
  ],
  "iterations": 19,
  "logLik": -503.7019880227,
  "time": 5.5e-05,
  "message": "Converged",
  "status": 0,
  "miniter": 0,
  "maxiter": 1000,
  "maxtime": 3600,
  "param_threshold": 0.001,
  "ll_threshold": "-Inf",
  "initial_prob": "group_proportional",
  "adjust_prob_cond_method": "project_lp",
  "adjust_prob_cond_every": false
}
