{
  "X": [
    [9, 50, 15, 23, 3],
    [9, 62, 12, 12, 5],
    [15, 50, 12, 18, 5],
    [11, 48, 14, 17, 10],
    [12, 49, 17, 18, 4],
    [10, 50, 14, 18, 8],
    [7, 53, 14, 20, 6],
    [12, 52, 8, 20, 8],
    [11, 54, 14, 15, 6],
    [9, 66, 8, 10, 7],
    [14, 53, 8, 21, 4],
    [10, 58, 11, 16, 5],
    [15, 29, 25, 19, 12],
    [10, 12, 41, 27, 10],
    [11, 9, 34, 26, 20],
    [19, 13, 34, 22, 12],
    [14, 21, 32, 16, 17],
    [11, 10, 37, 23, 19],
    [14, 7, 36, 27, 16],
    [12, 14, 37, 15, 22],
    [13, 12, 37, 17, 21],
    [15, 11, 34, 20, 20],
    [15, 16, 36, 14, 19],
    [8, 12, 29, 31, 20],
    [12, 14, 43, 18, 13],
    [21, 12, 8, 48, 11],
    [20, 20, 10, 35, 15],
    [19, 27, 8, 40, 6],
    [21, 16, 9, 45, 9],
    [15, 20, 4, 46, 15],
    [17, 13, 6, 52, 12],
    [24, 22, 6, 37, 11],
    [14, 9, 12, 52, 13],
    [19, 16, 13, 42, 10],
    [9, 10, 10, 58, 13],
    [16, 21, 9, 45, 9],
    [18, 12, 11, 40, 19],
    [22, 11, 19, 38, 10],
    [43, 12, 14, 24, 7],
    [40, 8, 17, 25, 10],
    [46, 9, 13, 27, 5],
    [44, 14, 16, 22, 4],
    [43, 12, 10, 31, 4],
    [39, 11, 12, 27, 11],
    [39, 15, 11, 28, 7],
    [43, 15, 11, 25, 6],
    [36, 16, 12, 26, 10],
    [35, 16, 14, 32, 3],
    [43, 11, 12, 28, 6],
    [36, 15, 14, 30, 5]
  ],
  "W": [
    [64, 13, 12, 11],
    [74, 10, 6, 10],
    [57, 17, 14, 12],
    [59, 9, 19, 13],
    [63, 11, 12, 14],
    [60, 15, 13, 12],
    [58, 17, 13, 12],
    [59, 14, 14, 13],
    [63, 13, 14, 10],
    [68, 13, 7, 12],
    [61, 12, 9, 18],
    [62, 13, 15, 10],
    [33, 39, 14, 14],
    [10, 67, 8, 15],
    [7, 64, 16, 13],
    [13, 54, 17, 16],
    [20, 60, 8, 12],
    [9, 63, 17, 11],
    [9, 67, 14, 10],
    [15, 64, 9, 12],
    [12, 62, 16, 10],
    [10, 63, 11, 16],
    [14, 62, 14, 10],
    [12, 59, 16, 13],
    [14, 61, 11, 14],
    [8, 14, 61, 17],
    [13, 11, 67, 9],
    [20, 12, 58, 10],
    [13, 13, 58, 16],
    [21, 11, 60, 8],
    [12, 12, 63, 13],
    [14, 12, 61, 13],
    [9, 14, 65, 12],
    [11, 9, 64, 16],
    [11, 17, 63, 9],
    [21, 17, 50, 12],
    [11, 15, 64, 10],
    [10, 21, 37, 32],
    [14, 14, 13, 59],
    [7, 10, 14, 69],
    [9, 11, 15, 65],
    [13, 8, 10, 69],
    [8, 9, 15, 68],
    [9, 12, 20, 59],
    [13, 13, 12, 62],
    [16, 9, 11, 64],
    [15, 15, 10, 60],
    [20, 10, 10, 60],
    [12, 9, 14, 65],
    [14, 10, 16, 60]
  ],
  "method": "mult",
  "cond_prob": [
    [
      [0.021659998574, 0.7697898732, 0.081167755303, 0.11822004153, 0.0091623313959],
      [0.03931668207, 0.0097560876229, 0.64144801215, 0.19068988793, 0.11878933022],
      [0.11744699581, 0.040000219395, 0.014020432136, 0.76771987445, 0.060812478208],
      [0.51757084315, 0.011510576694, 0.11801766518, 0.34021002777, 0.012690887204]
    ],
    [
      [0.019468068843, 0.82848428811, 0.071385133664, 0.064677333279, 0.015985176108],
      [0.043621844278, 0.016473249117, 0.55731043402, 0.12318144172, 0.25941303087],
      [0.15928588543, 0.058188273241, 0.013913510778, 0.61099933001, 0.15761300054],
      [0.61674291502, 0.017830054952, 0.1060914704, 0.23160669401, 0.027728865615]
    ],
    [
      [0.043030378828, 0.85202150607, 0.034399524279, 0.068095362558, 0.0024532282641],
      [0.077470268407, 0.022974418455, 0.53717948684, 0.16415929216, 0.19821653414],
      [0.20992732506, 0.060051003471, 0.0066876682105, 0.62852636395, 0.094807639313],
      [0.69094094109, 0.016957915968, 0.067795707072, 0.21070727268, 0.013598163185]
    ],
    [
      [0.011100134303, 0.79344697009, 0.10869351732, 0.053665440849, 0.03309393744],
      [0.029191305181, 0.0092619662654, 0.57078782777, 0.084534258136, 0.30622464265],
      [0.14057387539, 0.048668975452, 0.025370462179, 0.53931039397, 0.24607629301],
      [0.57011282286, 0.013735425757, 0.15138101899, 0.21738716779, 0.047383564609]
    ],
    [
      [0.026086586486, 0.76579840191, 0.11449935741, 0.079411216277, 0.014204437912],
      [0.039096695546, 0.0076877267994, 0.68101698175, 0.12386187743, 0.14833671847],
      [0.15527591666, 0.046192613335, 0.022439961068, 0.67469684286, 0.10139466608],
      [0.57594074289, 0.0082731660515, 0.14471958221, 0.25273218632, 0.018334322524]
    ],
    [
      [0.013985975779, 0.81580367312, 0.073741073166, 0.074785786404, 0.021683491531],
      [0.037663897755, 0.01255310158, 0.5370139734, 0.13519047559, 0.27757855168],
      [0.13425323632, 0.051435314626, 0.014763792156, 0.63504135718, 0.16450629972],
      [0.57088257623, 0.016235333249, 0.11069972592, 0.26912150322, 0.033060861376]
    ],
    [
      [0, 0.87761094609, 0.049853338738, 0.064361798105, 0.008173917066],
      [0.0084338176276, 0.047646977642, 0.56089055348, 0.16515755004, 0.21787110121],
      [0.092423701255, 0.069041776581, 0.01076595138, 0.71170915159, 0.1160594192],
      [0.47125974867, 0.032585284272, 0.119450798, 0.35059319905, 0.026110970003]
    ],
    [
      [0.020899537437, 0.85821837573, 0.027831276662, 0.083228763098, 0.009822047071],
      [0.054512715966, 0.023170621553, 0.39382036525, 0.18082710712, 0.34766919011],
      [0.14401909277, 0.055446232007, 0.0049285731442, 0.64076819126, 0.15483791082],
      [0.61442168991, 0.020344606303, 0.059651503029, 0.27593606154, 0.029646139214]
    ],
    [
      [0.021427239196, 0.83680750015, 0.077280929037, 0.051568520959, 0.012915810654],
      [0.047905212591, 0.017029307565, 0.59866635168, 0.11228308892, 0.22411603924],
      [0.18473749345, 0.062792860411, 0.017383746353, 0.58942155998, 0.1456643398],
      [0.64409912586, 0.018064644615, 0.11052664499, 0.20396011839, 0.023349466146]
    ],
    [
      [0, 0.94276433185, 0.024541845154, 0.031591180762, 0.0011026422371],
      [0.016924955538, 0.065219374417, 0.4150067838, 0.11819909305, 0.3846497932],
      [0.15733654219, 0.085194046436, 0.0080496612586, 0.53752717534, 0.21189257477],
      [0.63988498189, 0.037317936831, 0.07330989261, 0.21271010593, 0.036777082741]
    ],
    [
      [0.024924403423, 0.85030264192, 0.024222801068, 0.097695415519, 0.0028547380724],
      [0.059610091079, 0.025441081771, 0.45205989785, 0.23400135871, 0.22888757059],
      [0.13466901799, 0.052305527137, 0.0048687090697, 0.72051912628, 0.087637619524],
      [0.58623717424, 0.019749784307, 0.058548443278, 0.31932728957, 0.0161373086]
    ],
    [
      [0.0088218942039, 0.90462928559, 0.041910276691, 0.041892446342, 0.0027460971731],
      [0.049519056596, 0.0318846849, 0.56311413439, 0.13766209654, 0.21782002758],
      [0.16748852835, 0.080711934711, 0.010278264478, 0.62142276716, 0.12009850531],
      [0.62969668984, 0.028780436908, 0.092690513086, 0.22917195645, 0.019660403719]
    ],
    [
      [0.027031902571, 0.83819280587, 0.06027030641, 0.062825306969, 0.011679678185],
      [0.061735086866, 0.0088394298255, 0.55209602428, 0.13669962211, 0.24062983692],
      [0.18461228048, 0.056436876723, 0.013217972715, 0.60920771459, 0.13652515549],
      [0.65112192148, 0.014627383508, 0.092448808837, 0.21904082882, 0.022761057361]
    ],
    [
      [0.010104389116, 0.85890321713, 0.048942655787, 0.077078603731, 0.0049711342392],
      [0.030055386479, 0.037389209487, 0.57937371482, 0.21557857508, 0.13760311414],
      [0.097299902143, 0.060933891725, 0.0095556629566, 0.76758049729, 0.064630045882],
      [0.47378973317, 0.027894643952, 0.10773928304, 0.3763203636, 0.014255976229]
    ],
    [
      [0.012039162118, 0.86571182155, 0.046447823038, 0.064780332027, 0.011020861265],
      [0.031643860255, 0.025479376287, 0.50373080355, 0.16893698734, 0.27020897256],
      [0.11742444171, 0.061836047362, 0.0099480214126, 0.67067779416, 0.14011369536],
      [0.53936367243, 0.024612339153, 0.098225036055, 0.30797890609, 0.029820046274]
    ],
    [
      [0.026649227143, 0.84771817965, 0.058368214324, 0.059770477162, 0.0074939017244],
      [0.079707748435, 0.013480391865, 0.58565746014, 0.13802981296, 0.18312458659],
      [0.20920578612, 0.059096930721, 0.011141586152, 0.61640208067, 0.10415361634],
      [0.67455270423, 0.015442167603, 0.089143962586, 0.20565865784, 0.015202507743]
    ],
    [
      [0.021310868586, 0.87860846484, 0.041763656608, 0.050690908687, 0.0076261012805],
      [0.065980281216, 0.04249123011, 0.50243702074, 0.13196927302, 0.25712219491],
      [0.19322353581, 0.0726223312, 0.0094449785412, 0.57998620532, 0.14472294912],
      [0.67243145573, 0.024781520586, 0.078578816251, 0.20234465019, 0.021863557238]
    ],
    [
      [0.014142714791, 0.85556481939, 0.057435459156, 0.060949452876, 0.011907553784],
      [0.034441072638, 0.016502277581, 0.55599631696, 0.13766104112, 0.25539929171],
      [0.13874304084, 0.060433955011, 0.015179683305, 0.63922360025, 0.14641972059],
      [0.57675420877, 0.021172354789, 0.10884166211, 0.26472801175, 0.028503762583]
    ],
    [
      [0.040877008656, 0.77777777778, 0.066015942295, 0.10342962519, 0.011899646078],
      [0.066375614529, 0, 0.51542513926, 0.2047400386, 0.21345920762],
      [0.19969657518, 0, 0.0077089249679, 0.69162827941, 0.10096622044],
      [0.63891886961, 0, 0.076444723965, 0.26687548754, 0.017760918886]
    ],
    [
      [0.016766251859, 0.85365379501, 0.06222729289, 0.051025304577, 0.016327355659],
      [0.039619861658, 0.0064943624662, 0.54167576554, 0.10565319021, 0.30655682013],
      [0.17276999012, 0.062524457172, 0.015786278164, 0.55700643833, 0.19191283622],
      [0.63815876374, 0.018069480199, 0.1047720924, 0.20497985944, 0.034019804219]
    ],
    [
      [0.01941652351, 0.85543382692, 0.06326983936, 0.047457962076, 0.01442184813],
      [0.048171446421, 0.0088446311388, 0.56314561725, 0.095816501045, 0.28402180415],
      [0.19490068109, 0.063113880451, 0.018916239259, 0.54040745176, 0.18266174744],
      [0.66619611423, 0.017660485908, 0.102307383, 0.18433621621, 0.029499800643]
    ],
    [
      [0.017200057834, 0.86324298227, 0.049415627526, 0.058153563568, 0.011987768807],
      [0.049433067842, 0.021324550927, 0.50704252144, 0.14093474992, 0.28126510987],
      [0.16056587871, 0.062548294045, 0.011155623191, 0.61017704984, 0.15555315421],
      [0.62171821761, 0.021005764653, 0.089965813682, 0.23922672318, 0.028083480871]
    ],
    [
      [0.021384032732, 0.88345112993, 0.050739724791, 0.034800286035, 0.0096248265168],
      [0.066386644419, 0.03592764148, 0.55169618486, 0.084302959564, 0.26168656967],
      [0.24146055905, 0.083944340542, 0.014523594269, 0.48802518987, 0.17204631627],
      [0.72042037611, 0.022894964169, 0.088115007167, 0.14536598444, 0.023203668115]
    ],
    [
      [0.0083610143069, 0.84038531796, 0.0466615482, 0.090863436219, 0.013728683312],
      [0.017901027616, 0.014599606898, 0.4585930911, 0.21712711009, 0.2917791643],
      [0.075788765418, 0.047696887682, 0.0072060647699, 0.73425632004, 0.13505196209],
      [0.43314515018, 0.022373013428, 0.097520923873, 0.4116183192, 0.03534259332]
    ],
    [
      [0.013021892331, 0.8532125946, 0.07140576899, 0.053091133627, 0.0092686104489],
      [0.030439607078, 0.016459464472, 0.65459067215, 0.11378996325, 0.18472029305],
      [0.15679382652, 0.068296778115, 0.020305087341, 0.63612072058, 0.11848358744],
      [0.58829609885, 0.021409413106, 0.13192373374, 0.23701488889, 0.021355865412]
    ],
    [
      [0.016729488453, 0.87412048002, 0.037286724048, 0.063287711234, 0.008575596248],
      [0.056244131089, 0.026862335269, 0.48773129148, 0.17831222336, 0.2508500188],
      [0.15226713433, 0.069306570023, 0, 0.66270350257, 0.11572279308],
      [0.63473241549, 0.02372133498, 0.051380478055, 0.26896550156, 0.021200269918]
    ],
    [
      [0.015444859113, 0.88866421502, 0.055106031666, 0.031291962497, 0.0094929317076],
      [0.047918266776, 0.028212379949, 0.58031237946, 0.087122870229, 0.25643410358],
      [0.19799952315, 0.11757107578, 0.028626370753, 0.47950884785, 0.17629418247],
      [0.66734976066, 0.028862994251, 0.10913539709, 0.16752890103, 0.027122946971]
    ],
    [
      [0.032085773535, 0.90939386972, 0.016939128723, 0.039444297984, 0.0021369300416],
      [0.067236812459, 0.043403474234, 0.57601427425, 0.15918956923, 0.15415586983],
      [0.188020462, 0.13708337842, 0, 0.60594803222, 0.068948127357],
      [0.66462559836, 0.034044496669, 0.07490461346, 0.21558533407, 0.010839957444]
    ],
    [
      [0.018968909751, 0.86591264642, 0.044744197837, 0.062966990081, 0.0074072559152],
      [0.057113771554, 0.025309441523, 0.54613334822, 0.16494798063, 0.20649545807],
      [0.17232597093, 0.069859701292, 0.00022058701172, 0.65524824008, 0.10234550069],
      [0.62600117682, 0.022640636368, 0.081612365909, 0.25204421601, 0.017701604895]
    ],
    [
      [0.039837144029, 0.85293411453, 0.0051677937064, 0.086588824486, 0.015472123251],
      [0.059348537513, 0.019457931774, 0.32099636629, 0.1984386014, 0.40175856303],
      [0.14215864154, 0.029030340419, 0, 0.66236023597, 0.16645078207],
      [0.62263344626, 0.016565740032, 0.045064537871, 0.28214948903, 0.033586786809]
    ],
    [
      [0.017754894793, 0.84837743674, 0.036855834103, 0.085169647726, 0.011842186634],
      [0.052316356396, 0.019590695561, 0.43378279899, 0.20264488727, 0.29166526179],
      [0.12806059849, 0.037576784259, 0, 0.70703570563, 0.12732691163],
      [0.62240979086, 0.016695769542, 0.027102800225, 0.30792124043, 0.025870398947]
    ],
    [
      [0.043083508788, 0.91663495265, 0, 0.035689204301, 0.0045923342617],
      [0.079133971003, 0.044533318635, 0.44812244548, 0.14575082736, 0.28245943752],
      [0.21509231991, 0.1340327748, 0, 0.530921252, 0.11995365329],
      [0.71743013156, 0.035131659723, 0.047886973399, 0.18193421842, 0.017617016896]
    ],
    [
      [0.015761630376, 0.7977849637, 0.082777338336, 0.088738003552, 0.014938064034],
      [0.031075771476, 0.0091547740584, 0.59202451701, 0.14494994853, 0.22279498893],
      [0.11165840832, 0.023583623614, 0.021463334328, 0.69881179817, 0.14448283557],
      [0.51377399879, 0.013236079578, 0.13096199879, 0.31244098396, 0.029586938884]
    ],
    [
      [0.01240054487, 0.85498356828, 0.08219850159, 0.042534917629, 0.0078824676276],
      [0.031776709661, 0.020192622456, 0.6986318875, 0.091853685488, 0.15754509489],
      [0.14961657628, 0.093152729073, 0.048457796749, 0.58137034733, 0.12740255058],
      [0.56263392112, 0.02822953038, 0.16917690644, 0.21860815674, 0.021351485322]
    ],
    [
      [0.011154950731, 0.80356721723, 0.059490405208, 0.11091682407, 0.014870602759],
      [0.037411372483, 0.0085750763669, 0.49299472264, 0.20561344239, 0.25540538612],
      [0.069756083508, 0.013896282325, 0, 0.78611715514, 0.13023047902],
      [0.42740766097, 0.015502058418, 0.10718836198, 0.41767840449, 0.032223514135]
    ],
    [
      [0.052020947717, 0.85261893547, 0.00060899492535, 0.08770523673, 0.0070458851531],
      [0.057661074827, 0.02225518207, 0.48157958717, 0.21161728821, 0.22688686772],
      [0.13536273506, 0.049822713846, 0, 0.71930255813, 0.095511992964],
      [0.59659875609, 0.018794047296, 0.066696510386, 0.2996306852, 0.018280001031]
    ],
    [
      [0.020543717713, 0.83365735681, 0.066088363962, 0.06048925066, 0.019221310858],
      [0.044300742387, 0.012306233589, 0.51432690309, 0.10969680946, 0.31936931147],
      [0.16879965873, 0.038925609803, 0.023989569581, 0.55538391578, 0.2129012461],
      [0.63063298105, 0.015393654387, 0.10227919968, 0.21445954907, 0.037234615809]
    ],
    [
      [0.011925467108, 0.83386830321, 0.072612251867, 0.070001227558, 0.011592750253],
      [0.02958246072, 0.014069062446, 0.61288600209, 0.14101372352, 0.20244875123],
      [0.11824529227, 0.050591661617, 0.026634180025, 0.67707010857, 0.12745875752],
      [0.52763868249, 0.015436724271, 0.13805646177, 0.2902220473, 0.028646084169]
    ],
    [
      [0.059829307821, 0.79977397864, 0.061420104187, 0.066607405635, 0.012369203718],
      [0.059151281481, 0.011988094663, 0.53944718523, 0.13399315869, 0.25542027994],
      [0.18641848471, 0.048871613368, 0.012262762234, 0.60634894514, 0.14609819454],
      [0.65950561777, 0, 0.092007492189, 0.22557721716, 0.022909672876]
    ],
    [
      [0.01344672188, 0.84023075738, 0.073732861058, 0.054154917958, 0.018434741727],
      [0.029526926645, 0.014364401944, 0.55486069201, 0.095434253205, 0.30581372619],
      [0.13686889933, 0.057786172369, 0.01966891454, 0.55985206614, 0.22582394763],
      [0.54629621869, 0.016894699504, 0.15449127897, 0.22940063937, 0.052917163467]
    ],
    [
      [0.02302169306, 0.84514222483, 0.058460628348, 0.064712194575, 0.0086632591889],
      [0.05790651824, 0.017503752717, 0.57712701327, 0.14558593902, 0.20187677676],
      [0.18326316439, 0.054837376287, 0.011888402619, 0.63876572094, 0.11124533576],
      [0.65241362455, 0.0058248931132, 0.091494325533, 0.23437937086, 0.015887785946]
    ],
    [
      [0.015479773406, 0.85869483376, 0.069798909572, 0.048261475776, 0.0077650074824],
      [0.042183983923, 0.020379728683, 0.65726195632, 0.1083610323, 0.17181329877],
      [0.17678072258, 0.074636296546, 0.01927377787, 0.60909984891, 0.1202093541],
      [0.60425338911, 0.027935744437, 0.13973595284, 0.20890889953, 0.019166014081]
    ],
    [
      [0.012640237878, 0.89581120413, 0.033690715447, 0.052711169086, 0.0051466734555],
      [0.054458526837, 0.034599300994, 0.53222719192, 0.18456830938, 0.19414667087],
      [0.14864560807, 0.082560236386, 0.0073515805375, 0.67293810523, 0.088504469777],
      [0.5908686358, 0.048289898709, 0.071031703545, 0.27681065124, 0.012999110704]
    ],
    [
      [0.014253577395, 0.87034809406, 0.047281684571, 0.052260702323, 0.015855941646],
      [0.041381480778, 0.021373757593, 0.46868848751, 0.12019926309, 0.34835701103],
      [0.14906502924, 0.066280225998, 0.012297642795, 0.56473411951, 0.20762298245],
      [0.59989558389, 0.026860636311, 0.096682205642, 0.23377254461, 0.042789029554]
    ],
    [
      [0.013956634361, 0.87850291895, 0.036969154815, 0.060896879266, 0.0096744126108],
      [0.049068220196, 0.028598587295, 0.46527654329, 0.16853721924, 0.28851942998],
      [0.14210188344, 0.068376155864, 0.0074492089584, 0.64338442744, 0.1386883243],
      [0.58831377886, 0.038502686266, 0.0706679906, 0.27897973532, 0.023535808948]
    ],
    [
      [0.021335704437, 0.85052446497, 0.051214308724, 0.064832243596, 0.012093278268],
      [0.052250552986, 0.018868898035, 0.50606885361, 0.14429263086, 0.27851906451],
      [0.16443629757, 0.056683534701, 0.010593188295, 0.6183057416, 0.14998123783],
      [0.63093085123, 0.0093479624434, 0.086084786042, 0.24785448855, 0.025781911734]
    ],
    [
      [0.011500010249, 0.86923818476, 0.041112870549, 0.062356154065, 0.015792780378],
      [0.039523446022, 0.024281350158, 0.42680064677, 0.14835537864, 0.36103917841],
      [0.13023644175, 0.062199063421, 0.0088268565951, 0.61086937487, 0.18786826337],
      [0.56553806231, 0.032920272367, 0.081550477903, 0.27884388768, 0.041147299742]
    ],
    [
      [0.052623892235, 0.77256067131, 0.068910134029, 0.099007246737, 0.0068980556881],
      [0.045247492395, 0.013036550221, 0.61352495925, 0.19263429166, 0.13555670648],
      [0.12870046102, 0.041842107156, 0.011819419405, 0.75066103115, 0.066976981265],
      [0.53680071035, 0, 0.10613922555, 0.34311503062, 0.01394503348]
    ],
    [
      [0.021445044828, 0.83514626305, 0.059841232877, 0.07132188892, 0.012245570321],
      [0.049469697345, 0.015832379586, 0.53814901005, 0.14570285449, 0.25084605854],
      [0.15984939022, 0.04985085704, 0.011908615176, 0.63944190093, 0.13894923663],
      [0.6163006265, 0.002120637362, 0.09648990004, 0.25970192353, 0.025386912561]
    ],
    [
      [0.012951382979, 0.85552907385, 0.0592058428, 0.063979069315, 0.0083346310519],
      [0.040158723847, 0.022091340189, 0.59958703426, 0.14918682427, 0.18897607743],
      [0.13794744035, 0.065414212189, 0.01389031566, 0.67492996579, 0.10781806601],
      [0.5534989059, 0.029250869486, 0.11588338013, 0.28022575557, 0.021141088914]
    ]
  ],
  "expected_outcome": [
    [
      [1.3862399088, 1.4406370944, 2.4527315932, 0.6549079239, 1.6434549486, 0.83915854674, 0, 1.2330727088, 1.3499160693, 0, 1.5203886088, 0.54695744064, 0.89205278483, 0.10104389116, 0.084274134826, 0.34643995286, 0.42621737171, 0.12728443312, 0.36789307791, 0.25149377789, 0.23299828212, 0.17200057834, 0.29937645824, 0.10033217168, 0.18230649264, 0.13383590762, 0.20078316847, 0.6417154707, 0.24659582676, 0.83658002461, 0.21305873752, 0.60316912303, 0.14185467339, 0.13640599357, 0.12270445804, 1.0924399021, 0.22598089484, 0.11925467108, 0.8376103095, 0.09412705316, 0.20719523754, 0.20123705427, 0.10112190302, 0.12828219656, 0.18143624669, 0.34137127099, 0.17250015373, 1.0524778447, 0.25734053794, 0.18131936171],
      [49.2665518845, 61.3078373199, 48.5652258461, 46.8133712352, 48.2452993205, 48.9482203872, 50.9014348733, 50.6348841682, 52.7188725098, 64.1079745656, 51.868461157, 56.0870157066, 27.6603625936, 8.5890321713, 6.0599827509, 11.0203363354, 17.5721692968, 7.7000833745, 7, 12.8048069252, 10.2652059231, 8.6324298227, 12.368315819, 10.0846238155, 11.9449763244, 6.9929638401, 11.5526347952, 18.1878773943, 11.2568644034, 17.9116164051, 10.1805292409, 12.8328893371, 7.1800646733, 9.4048192511, 8.8392393895, 17.904997645, 9.1702309249, 8.3386830321, 11.1968357009, 5.8816153016, 7.6062800234, 11.1630328389, 7.1664896331, 7.8331328466, 11.4205379463, 13.6083914396, 13.0385727714, 15.4512134262, 10.0217551566, 11.977407034],
      [5.1947363394, 5.2824998911, 1.9607728839, 6.4129175219, 7.213459517, 4.42446439, 2.8914936468, 1.6420453231, 4.8686985293, 1.6688454705, 1.4775908651, 2.5984371549, 1.9889201115, 0.48942655787, 0.32513476127, 0.75878678622, 0.83527313217, 0.5169191324, 0.59414348066, 0.93340939335, 0.75923807232, 0.49415627526, 0.71035614707, 0.5599385784, 0.99968076587, 0.29829379238, 0.71637841166, 0.33878257446, 0.58167457188, 0.10852366783, 0.44227000924, 0, 0.74499604502, 0.90418351749, 0.65439445729, 0.012788893432, 0.72697200358, 0.72612251867, 0.85988145862, 0.51613002741, 0.52614565514, 0.90738582443, 0.26952572357, 0.42553516114, 0.4805990126, 0.81942893958, 0.61669305824, 1.3782026806, 0.71809479452, 0.8288817992],
      [7.566082658, 4.7861226626, 3.8814356658, 3.1662610101, 5.0029066255, 4.4871471842, 3.7329842901, 4.9104970228, 3.2488168204, 2.1482002918, 5.9594203467, 2.5973316732, 2.07323513, 0.77078603731, 0.45346232419, 0.77701620311, 1.0138181737, 0.54854507588, 0.93086662674, 0.76537956865, 0.56949554491, 0.58153563568, 0.48720400448, 1.0903612346, 0.74327587077, 0.50630168987, 0.40679551247, 0.78888595968, 0.81857087105, 1.8183653142, 1.0220357727, 0.49964886022, 0.79864203196, 0.46788409392, 1.2200850648, 1.8418099713, 0.66538175726, 0.70001227558, 0.93250367889, 0.37908442571, 0.58240975118, 0.62739918509, 0.42168935269, 0.47034632091, 0.79165943046, 1.0373158975, 0.93534231098, 1.9801449347, 0.85586266704, 0.89570697042],
      [0.58638920934, 1.182903032, 0.13983401105, 1.952542309, 0.89487958846, 1.3010094919, 0.47408718983, 0.57950077719, 0.81369607122, 0.074979672125, 0.17413902242, 0.17025802473, 0.3854293801, 0.049711342392, 0.077146028855, 0.097420722417, 0.15252202561, 0.10716798405, 0.1070968147, 0.24491033488, 0.17306217756, 0.11987768807, 0.13474757124, 0.16474419974, 0.12976054628, 0.068604769984, 0.1234081122, 0.042738600833, 0.096294326898, 0.32491458827, 0.1421062396, 0.064292679664, 0.1344425763, 0.086707143903, 0.16357663034, 0.14796358822, 0.21143441944, 0.11592750253, 0.17316885206, 0.12904319209, 0.0779693327, 0.10094509727, 0.041173387644, 0.14270347482, 0.12576736394, 0.19349245229, 0.23689170566, 0.13796111376, 0.14694684386, 0.11668483473]
    ],
    [
      [0.51111686691, 0.43621844278, 1.3169945629, 0.26272174663, 0.43006365101, 0.56495846632, 0.14337489967, 0.76317802352, 0.62276776368, 0.220024422, 0.71532109295, 0.64374773574, 2.4076683878, 2.0137108941, 2.0252070563, 4.3042184155, 3.958816873, 2.1697875762, 4.4471661734, 2.5356711461, 2.9866296781, 3.114283274, 4.115971954, 1.0561606293, 1.8568160317, 0.78741783525, 0.52710093454, 0.8068417495, 0.7424790302, 0.65283391264, 0.62779627675, 0.94960765204, 0.43506080066, 0.28599038695, 0.63599333221, 0.98023827205, 0.66451113581, 0.62123167511, 0.82811794073, 0.29526926645, 0.63697170064, 0.33747187138, 0.49012674153, 0.49657776934, 0.63788686255, 0.47025497688, 0.59285169033, 0.45247492395, 0.4452272761, 0.40158723847],
      [0.1268291391, 0.16473249117, 0.39056511373, 0.083357696389, 0.084564994793, 0.1882965237, 0.80999861991, 0.32438870175, 0.22138099835, 0.84785186742, 0.30529298125, 0.4145009037, 0.3447377632, 2.5050770356, 1.6306800824, 0.72794116071, 2.5494738066, 1.0396434876, 0, 0.41563919784, 0.5483671306, 1.3434467084, 2.2275137718, 0.86137680699, 1.0040273328, 0.37607269377, 0.31033617944, 0.5208416908, 0.32902273979, 0.21403724951, 0.23508834673, 0.53439982361, 0.12816683682, 0.1817336021, 0.14577629824, 0.3783380952, 0.18459350383, 0.29545031137, 0.16783332528, 0.14364401944, 0.19254127988, 0.16303782947, 0.31139370895, 0.25648509112, 0.37178163483, 0.16982008231, 0.36422025237, 0.13036550221, 0.14249141627, 0.22091340189],
      [8.338824158, 5.5731043402, 9.1320512763, 5.1370904499, 7.4911867993, 8.0552096009, 9.5351394092, 5.5134851135, 7.7826625719, 5.3950881894, 5.4247187742, 7.3204837471, 21.5317449468, 38.8180388928, 32.2387714274, 31.6255028478, 30.1462212445, 35.0277679682, 34.5334843301, 34.6672489944, 34.9150282695, 31.9436788507, 34.2051634615, 27.0569923749, 39.930031001, 6.8282380807, 6.3834361741, 6.9121712909, 7.0997335269, 3.5309600292, 5.2053935878, 5.3774693458, 8.2883432381, 6.2876869875, 8.3809102848, 8.1868529819, 7.7149035464, 12.8706060438, 7.5522605932, 5.5486069201, 6.3483971459, 5.2580956506, 4.7900447273, 5.6242618501, 6.0485950627, 4.5546196825, 6.4020097016, 6.1352495925, 4.8433410904, 5.9958703426],
      [2.4789685431, 1.2318144172, 2.7907079667, 0.76080832322, 1.3624806517, 2.0278571338, 2.8076783506, 2.5315794996, 1.459680156, 1.5365882096, 2.8080163045, 1.789607255, 5.3312852624, 14.4437645303, 10.8119671901, 7.4536099, 7.9181563814, 8.6726455906, 13.7175825861, 6.7618041732, 5.9406230648, 8.8788892451, 5.226783493, 12.8104994951, 6.9411877584, 2.4963711271, 0.95835157252, 1.9102748308, 2.1443237482, 2.1828246154, 2.4317386472, 1.7490099284, 2.0292992794, 0.82668316939, 3.4954285206, 3.5974938996, 1.6454521419, 2.9612881938, 1.8759042216, 0.95434253205, 1.6014453292, 0.86688825837, 1.6611147844, 1.442391157, 2.1909838502, 1.2986336777, 2.2253306796, 1.9263429166, 1.3113256904, 1.4918682427],
      [1.5442612929, 2.5941303087, 3.3696810803, 2.7560217839, 1.6317039032, 4.1636782753, 3.7038087206, 4.8673686616, 2.9135085101, 5.0004473116, 2.7466508471, 2.8316603585, 9.3845636399, 9.2194086471, 17.2933742439, 9.888727676, 15.4273316945, 16.0901553775, 14.3017669103, 19.6196364885, 17.609351857, 17.7197019217, 16.2245673198, 17.2149706936, 11.2679378761, 3.5119002632, 2.8207751394, 1.849870438, 2.6844409549, 4.4193441933, 3.4999831415, 3.3895132502, 3.119129845, 1.417905854, 4.3418915641, 3.8570767512, 4.790539672, 4.2514237759, 3.5758839192, 3.0581372619, 2.2206445444, 1.3745063902, 1.7473200378, 4.1802841324, 3.7507525897, 2.5066715806, 5.4155876761, 1.3555670648, 2.2576145268, 1.8897607743]
    ],
    [
      [1.4093639497, 0.9557153126, 2.9389825508, 2.6709036323, 1.8633109999, 1.7452920722, 1.2015081163, 2.0162672988, 2.5863249084, 1.1013557954, 1.2120211619, 2.5123279252, 2.5845719268, 0.77839921715, 1.8787910673, 3.556498364, 1.5457882865, 2.3586316943, 2.7957520526, 1.5549299111, 3.1184108975, 1.7662246659, 3.3804478267, 1.2126202467, 1.7247320917, 9.2882951939, 13.2659680511, 10.9051867962, 9.994906314, 8.5295184927, 8.0678177046, 13.1206315147, 7.2577965405, 9.5754608816, 4.394633261, 6.7681367528, 10.8031781588, 4.375075814, 2.4234403013, 1.9161645906, 2.7489474659, 1.7678072258, 2.229684121, 2.9813005848, 1.7052226013, 1.8087992733, 1.3023644175, 1.2870046102, 2.2378914631, 2.2071590457],
      [0.48000263274, 0.34912963945, 0.84071404859, 0.92471053359, 0.55431136001, 0.66865909013, 0.89754309555, 0.7762472481, 0.87910004575, 0.59635832505, 0.47074974424, 1.2106790207, 0.79011627412, 0.4874711338, 0.98937675779, 1.0046478223, 0.5809786496, 1.0273772352, 0, 0.56272011455, 1.0098220872, 0.6880312345, 1.1752207676, 0.76315020291, 0.75126455926, 4.2277007714, 7.8772620771, 7.9508359482, 4.0518626749, 1.7418204251, 2.3673374083, 8.1759992629, 1.5329355349, 5.9617746607, 0.8754657865, 2.4911356923, 2.4912390274, 1.8718914798, 0.63533097378, 0.80900641316, 0.82256064431, 0.74636296546, 1.2384035458, 1.32560452, 0.82051387036, 0.62351888171, 0.62199063421, 0.41842107156, 0.69791199855, 1.046627395],
      [0.16824518563, 0.083481064669, 0.093627354946, 0.48203878141, 0.26927953282, 0.19192929803, 0.13995736794, 0.069000024018, 0.24337244894, 0.05634762881, 0.043818381628, 0.15417396717, 0.18505161801, 0.076445303653, 0.1591683426, 0.18940696459, 0.07555982833, 0.25805461618, 0.10792494955, 0.14207650348, 0.30265982814, 0.1227118551, 0.20333031976, 0.11529703632, 0.22335596075, 0, 1.9179668404, 0, 0.01279404668, 0, 0, 0, 1.3951167313, 3.1012989919, 0, 0, 1.5353324532, 0.98546466094, 0.15941590905, 0.27536480356, 0.17832603928, 0.1927377787, 0.11027370806, 0.2459528559, 0.089390507501, 0.11652507124, 0.088268565951, 0.11819419405, 0.16672061246, 0.22224505057],
      [9.2126384934, 3.6659959801, 8.7993690953, 10.2468974854, 8.0963621143, 8.2555376433, 9.2522189707, 8.9707546776, 8.2519018397, 3.7626902274, 6.4846721365, 9.3213415073, 8.5289080042, 6.1406439783, 10.7308447066, 10.4788353714, 4.6398896426, 10.8668012043, 9.6827959118, 5.0130579449, 8.6465192281, 6.7119475482, 6.8323526582, 11.7481011206, 6.9973279264, 40.4249136566, 32.1270928057, 35.1449858689, 38.0043979245, 39.7416141582, 44.5432494545, 32.3861963719, 45.4227668812, 37.2077022289, 49.5253807741, 35.9651279067, 35.5445706101, 25.051594017, 7.8825362868, 7.8379289259, 9.5814858141, 6.0909984891, 10.0940715785, 11.2946823902, 7.7206131293, 6.8013631576, 6.1086937487, 7.5066103115, 8.952186613, 10.7988794526],
      [0.7297497385, 0.94567800322, 1.3273069504, 4.6754495672, 1.216735993, 2.1385818963, 1.5087724495, 2.1677307515, 2.0393007572, 1.4832480234, 0.78873857572, 1.8014775796, 1.9113521769, 0.51704036706, 2.2418191257, 1.7706114777, 1.157783593, 2.4891352501, 1.4135270861, 1.727215526, 2.922587959, 1.7110846963, 2.4086484278, 2.1608313935, 1.3033194619, 7.0590903782, 11.8117102256, 3.9989913867, 5.9360390399, 9.987046924, 8.0215954326, 7.3171728505, 9.3913843121, 8.1537632369, 8.2045201784, 4.7755996482, 13.6256797505, 4.7159740282, 1.8992765291, 3.1615352668, 1.6686800364, 1.202093541, 1.3275670466, 4.1524596491, 1.6642598916, 1.6497936162, 1.8786826337, 0.66976981265, 1.9452893129, 1.7250890561]
    ],
    [
      [5.6932792746, 6.1674291502, 8.2912912931, 7.4114666971, 8.0631704005, 6.8505909147, 5.655116984, 7.9874819689, 6.4409912586, 7.6786197826, 10.5522691363, 6.2969668984, 9.1157069007, 7.1068459976, 7.0117277415, 10.7928432676, 8.0691774688, 6.3442962964, 6.3891886961, 7.6579051649, 6.6619611423, 9.9474914818, 7.2042037611, 5.6308869523, 8.2361453839, 10.7904510633, 6.0061478459, 6.6462559836, 10.0160188291, 4.9810675701, 8.0913272812, 9.3265917102, 6.1652879855, 9.0021427379, 3.8466689487, 7.1591850731, 6.3063298105, 16.8844378398, 38.9108314485, 37.6944390898, 42.4068855959, 41.6934838486, 40.1790672344, 35.3938394493, 36.4754542895, 40.3795744789, 33.9322837384, 32.2080426211, 40.0595407228, 33.2099343542],
      [0.12661634364, 0.17830054952, 0.20349499162, 0.17856053484, 0.11582432472, 0.19482399898, 0.39102341127, 0.26447988194, 0.18064644615, 0.44781524197, 0.35549611753, 0.28780436908, 0.20478336911, 0.41841965928, 0.31996040899, 0.24707468164, 0.29737824703, 0.23289590268, 0, 0.21683376239, 0.17660485908, 0.33609223444, 0.22894964169, 0.29084917456, 0.29973178348, 0.40326269466, 0.25976694826, 0.34044496669, 0.36225018189, 0.13252592026, 0.21704500405, 0.4567115764, 0.15883295494, 0.45167248608, 0.13951852576, 0.22552856755, 0.15393654387, 0.49397517667, 0, 1.1657342658, 0.37861805236, 1.9275663661, 3.2837131122, 1.5847775423, 2.3871665485, 0.59826959638, 1.975216342, 0, 0.13784142853, 1.7550521691],
      [1.298194317, 1.060914704, 0.81354848487, 1.9679532469, 2.0260741509, 1.3283967111, 1.4334095761, 0.77546953938, 1.1052664499, 0.87971871132, 1.053871979, 0.92690513086, 1.2942833237, 1.6160892457, 1.2769254687, 1.4263034014, 0.94294579501, 1.1972582832, 0.76444723965, 1.2572651088, 1.02307383, 1.4394530189, 0.88115007167, 1.2677720104, 1.8469322724, 0.87346812694, 0.98221857382, 0.7490461346, 1.3057978545, 0.36051630297, 0.35233640292, 0.62253065419, 1.5715439855, 2.7068305031, 0.96469525786, 0.80035812463, 1.0227919968, 4.4178067766, 5.4284420391, 10.6598982489, 5.9471311596, 9.6417807463, 4.8301558411, 5.7042501329, 4.3814154172, 5.5094263067, 4.8930286742, 6.3683535329, 6.2718435026, 6.9530028076],
      [3.7423103055, 2.3160669401, 2.5284872722, 2.8260331813, 3.5382506085, 3.2294580387, 4.2071183886, 3.5871688, 2.0396011839, 2.5525212712, 5.7478912123, 2.2917195645, 3.0665716035, 5.6448054541, 4.0037257792, 3.2905385255, 2.4281358023, 2.9120081292, 2.6687548754, 2.4597583133, 1.8433621621, 3.8276275709, 1.4536598444, 5.3510381496, 3.3182084445, 4.5724135265, 1.5077601093, 2.1558533407, 4.0327074562, 2.2571959122, 4.0029761256, 2.3651448395, 3.7492918075, 3.4977305078, 3.7591056404, 3.5955682224, 2.1445954907, 9.2871055136, 13.3090558127, 15.8286441164, 15.2346591056, 14.4147140674, 18.8231242844, 13.7925801318, 17.2967435901, 15.8626872671, 16.7306332608, 20.5869018372, 16.8806250296, 16.8135453343],
      [0.13959975924, 0.27728865615, 0.16317795822, 0.61598633991, 0.25668051533, 0.39673033651, 0.31333164004, 0.38539980978, 0.23349466146, 0.44132499289, 0.29047155479, 0.19660403719, 0.31865480305, 0.21383964343, 0.38766060156, 0.24324012388, 0.26236268685, 0.31354138841, 0.17760918886, 0.40823765062, 0.29499800643, 0.44933569394, 0.23203668115, 0.45945371316, 0.29898211576, 0.36040458861, 0.24410652274, 0.10839957444, 0.28322567832, 0.26869429448, 0.33631518631, 0.22902121965, 0.35504326661, 0.34162376515, 0.29001162721, 0.21936001237, 0.37234615809, 0.9166746934, 1.3516706997, 3.6512842792, 1.0327060865, 1.3224549716, 0.8839395279, 2.5245527437, 1.4592201548, 1.650042351, 2.4688379845, 0.83670200878, 1.6501493164, 1.2684653349]
    ]
  ],
  "prob": [
    [0.020097261018, 0.84582891886, 0.05616258346, 0.067004857426, 0.010906379235],
    [0.046739613613, 0.020502455385, 0.53880542121, 0.1486157572, 0.24533675259],
    [0.15314525052, 0.063921516229, 0.012054162387, 0.63447843838, 0.13640063249],
    [0.59601787485, 0.020147109525, 0.099377832939, 0.258700947, 0.025756235684]
  ],
  "iterations": 27,
  "logLik": -488.2877239472,
  "time": 7.8e-05,
  "message": "Converged",
  "status": 0,
  "miniter": 0,
  "maxiter": 1000,
  "maxtime": 3600,
  "param_threshold": 0.001,
  "ll_threshold": "-Inf",
  "initial_prob": "group_proportional",
  "adjust_prob_cond_method": "project_lp",
  "adjust_prob_cond_every": false
}
