{
  "X": [
    [15, 12, 39, 26, 8],
    [14, 14, 39, 28, 5],
    [19, 13, 31, 27, 10],
    [8, 21, 38, 23, 10],
    [11, 12, 25, 46, 6],
    [6, 14, 42, 33, 5],
    [14, 11, 34, 29, 12],
    [15, 15, 29, 34, 7],
    [15, 12, 35, 34, 4],
    [18, 22, 33, 18, 9],
    [16, 13, 39, 23, 9],
    [14, 14, 35, 25, 12],
    [12, 30, 27, 18, 13],
    [19, 29, 14, 17, 21],
    [19, 25, 12, 13, 31],
    [16, 28, 10, 14, 32],
    [19, 27, 9, 16, 29],
    [18, 25, 14, 13, 30],
    [22, 24, 9, 14, 31],
    [13, 22, 17, 20, 28],
    [23, 26, 8, 8, 35],
    [20, 21, 10, 14, 35],
    [19, 25, 9, 19, 28],
    [28, 24, 6, 15, 27],
    [20, 23, 16, 14, 27],
    [10, 22, 29, 34, 5],
    [13, 22, 23, 34, 8],
    [11, 15, 24, 42, 8],
    [7, 19, 31, 36, 7],
    [8, 21, 34, 31, 6],
    [9, 22, 28, 31, 10],
    [10, 16, 36, 28, 10],
    [12, 23, 35, 24, 6],
    [10, 17, 31, 32, 10],
    [10, 15, 31, 31, 13],
    [5, 28, 31, 30, 6],
    [9, 20, 26, 37, 8],
    [10, 23, 18, 32, 17],
    [15, 19, 8, 34, 24],
    [8, 20, 16, 33, 23],
    [13, 15, 15, 37, 20],
    [9, 26, 14, 34, 17],
    [14, 12, 12, 35, 27],
    [10, 22, 15, 34, 19],
    [8, 16, 22, 34, 20],
    [8, 15, 15, 44, 18],
    [9, 19, 13, 36, 23],
    [10, 19, 14, 42, 15],
    [12, 18, 10, 41, 19],
    [13, 17, 15, 36, 19]
  ],
  "W": [
    [66, 11, 12, 11],
    [63, 9, 13, 15],
    [62, 12, 12, 14],
    [55, 13, 22, 10],
    [64, 10, 16, 10],
    [63, 10, 19, 8],
    [58, 13, 16, 13],
    [63, 10, 11, 16],
    [58, 12, 10, 20],
    [61, 20, 7, 12],
    [65, 9, 11, 15],
    [63, 15, 13, 9],
    [40, 41, 9, 10],
    [14, 57, 17, 12],
    [15, 69, 10, 6],
    [5, 64, 12, 19],
    [13, 63, 10, 14],
    [16, 67, 9, 8],
    [12, 65, 12, 11],
    [17, 53, 12, 18],
    [8, 69, 11, 12],
    [9, 64, 13, 14],
    [12, 64, 13, 11],
    [11, 69, 9, 11],
    [11, 64, 15, 10],
    [14, 14, 62, 10],
    [10, 16, 63, 11],
    [12, 7, 65, 16],
    [11, 13, 69, 7],
    [11, 9, 71, 9],
    [13, 14, 58, 15],
    [10, 8, 72, 10],
    [26, 8, 47, 19],
    [21, 9, 56, 14],
    [10, 12, 66, 12],
    [16, 15, 57, 12],
    [12, 10, 68, 10],
    [9, 11, 37, 43],
    [13, 14, 10, 63],
    [12, 9, 13, 66],
    [11, 9, 8, 72],
    [11, 8, 22, 59],
    [13, 17, 10, 60],
    [18, 20, 9, 53],
    [18, 15, 12, 55],
    [12, 6, 13, 69],
    [8, 17, 15, 60],
    [13, 10, 12, 65],
    [10, 13, 7, 70],
    [12, 13, 14, 61]
  ],
  "method": "mult",
  "cond_prob": [
    [
      [0.15317370986, 0.079560714646, 0.50703499693, 0.25400897227, 0.0062216062919],
      [0.27302915187, 0.26530205573, 0.018807462551, 0.02749018695, 0.4153711429],
      [0.066050126114, 0.18064522702, 0.38597648176, 0.34720773761, 0.020120427497],
      [0.099510269563, 0.15117522692, 0.063371848487, 0.43332026568, 0.25262238935]
    ],
    [
      [0.1391480609, 0.085704728504, 0.51943369297, 0.25571351763, 0],
      [0.30158413309, 0.3527208356, 0.023573928413, 0.032412481526, 0.28970862137],
      [0.061040283486, 0.20179392954, 0.38296185379, 0.3437934136, 0.010410519581],
      [0.11505941869, 0.18685289999, 0.072333859195, 0.47526811192, 0.15048571021]
    ],
    [
      [0.20278710753, 0.089853383125, 0.42361122411, 0.26538309682, 0.018365188411],
      [0.30926568137, 0.24841808619, 0.011677709696, 0.024362968253, 0.40627555449],
      [0.086533035229, 0.19520684991, 0.32791846222, 0.36549647328, 0.024845179361],
      [0.11982962385, 0.15039935808, 0.047210717287, 0.41913819276, 0.26342210803]
    ],
    [
      [0.088708892191, 0.13787484569, 0.52697166181, 0.22985286432, 0.016591735993],
      [0.13897677864, 0.38564199868, 0.014955746675, 0.021542589645, 0.43888288635],
      [0.035352400624, 0.27591567585, 0.37343235061, 0.29052670247, 0.024772870453],
      [0.053655999341, 0.23333926358, 0.060662218014, 0.36864513429, 0.28369738478]
    ],
    [
      [0.11431885299, 0.080410478846, 0.3279817399, 0.47396852417, 0.0033204040916],
      [0.23709686776, 0.30289209396, 0.012883608672, 0.057753763067, 0.38937366654],
      [0.04424702144, 0.16286810956, 0.22248868552, 0.55629594252, 0.014100240971],
      [0.060467238781, 0.12189186613, 0.032051359139, 0.61877417423, 0.16681536172]
    ],
    [
      [0.051782901088, 0.082132388729, 0.54000076447, 0.32608394572, 0],
      [0.17770039829, 0.39161675917, 0.027423915369, 0.046585140609, 0.35667378656],
      [0.033427887282, 0.18662764098, 0.37704107297, 0.40290339877, 0],
      [0.040692923778, 0.17044584245, 0.06774153732, 0.54196192965, 0.1791577668]
    ],
    [
      [0.1497608251, 0.071969238033, 0.47187346905, 0.28735796572, 0.019038502086],
      [0.24312186772, 0.21278193918, 0.014071238474, 0.028266615069, 0.50175833956],
      [0.063852276157, 0.1569055811, 0.36090950908, 0.38950116188, 0.028831471786],
      [0.087050111171, 0.11916382209, 0.051835426882, 0.441057954, 0.30089268586]
    ],
    [
      [0.15853207807, 0.10340081089, 0.39720298004, 0.33288748231, 0.0079766486867],
      [0.28162151944, 0.33407380103, 0.013695555487, 0.035720073919, 0.33488905012],
      [0.064166134681, 0.2153415136, 0.28522230633, 0.41939356001, 0.015876485383],
      [0.093152275349, 0.17351589087, 0.043863208321, 0.50359741969, 0.18587120577]
    ],
    [
      [0.12677450805, 0.058637035495, 0.50728435138, 0.30730410507, 0],
      [0.37209935618, 0.33892435434, 0.030805920163, 0.048110810414, 0.21005955891],
      [0.060668140456, 0.1584369887, 0.36744351567, 0.40817798674, 0.0052733684317],
      [0.12876024271, 0.14737949011, 0.076670071057, 0.57586261568, 0.07132758044]
    ],
    [
      [0.17403145642, 0.14126786945, 0.48302467231, 0.19115185435, 0.010524147474],
      [0.27462268897, 0.40525414821, 0.013948116048, 0.016986774404, 0.28918827237],
      [0.071177795268, 0.29518743147, 0.35876562546, 0.25886276054, 0.016006387271],
      [0.11611523436, 0.26760541492, 0.062097774176, 0.34899683939, 0.20518473716]
    ],
    [
      [0.17024345239, 0.08962649013, 0.51515861374, 0.21421570223, 0.010755741509],
      [0.27350667366, 0.26758640089, 0.01693789492, 0.020972830681, 0.42099619985],
      [0.073872310796, 0.20300716704, 0.39936080191, 0.30034860552, 0.023411114736],
      [0.11066800752, 0.16886144641, 0.064618682105, 0.37222594789, 0.28362591608]
    ],
    [
      [0.14564966777, 0.096526092905, 0.47173236587, 0.26130363164, 0.024788241807],
      [0.21924128754, 0.26047770762, 0.011767044436, 0.023353474125, 0.48516048628],
      [0.060497780619, 0.20157584443, 0.35680716219, 0.35126179454, 0.02985741823],
      [0.083220052118, 0.1545782839, 0.051762463895, 0.40235175176, 0.30808744833]
    ],
    [
      [0.089893087614, 0.12877348162, 0.53921914851, 0.24211428225, 0],
      [0.1813535979, 0.47963041608, 0.032940864301, 0.032084297572, 0.27399082415],
      [0.036762317784, 0.27885991649, 0.37349733409, 0.30030379212, 0.010576639508],
      [0.063791812142, 0.26744744274, 0.071918261634, 0.42972383805, 0.16711864543]
    ],
    [
      [0.14309124509, 0.10997676269, 0.46775867096, 0.27172774966, 0.0074455715969],
      [0.26123016323, 0.36886999445, 0.017936422461, 0.030373178415, 0.32159024145],
      [0.058987614249, 0.23494416601, 0.33835216523, 0.35271711074, 0.014998943764],
      [0.091984485213, 0.2033904014, 0.056417976445, 0.4556957877, 0.19251134925]
    ],
    [
      [0.12965505978, 0.091253310022, 0.47924079296, 0.28905923097, 0.010791606263],
      [0.23246076946, 0.30011179152, 0.014415402629, 0.030362895981, 0.42264914041],
      [0.05403609395, 0.19633383506, 0.34910307965, 0.3793872692, 0.021139722137],
      [0.079170011869, 0.16002473073, 0.054282421269, 0.46253317011, 0.24398966602]
    ],
    [
      [0.11343493023, 0.098326219138, 0.54526371759, 0.23261338168, 0.010361751364],
      [0.20932626732, 0.33270720591, 0.018171792168, 0.02146972969, 0.41832500492],
      [0.048440579285, 0.21644877529, 0.40345929558, 0.31069779808, 0.020953551762],
      [0.076560909942, 0.19040644331, 0.066798692961, 0.40707877971, 0.25915517408]
    ],
    [
      [0.14987114849, 0.11120640853, 0.41191102616, 0.31414344158, 0.012867975237],
      [0.24231325514, 0.32932950398, 0.0028815693548, 0.023578981339, 0.40189669019],
      [0.060426825837, 0.23003000861, 0.28916394028, 0.39788689366, 0.022492331609],
      [0.084405124102, 0.17901841802, 0.040855599127, 0.46084217846, 0.23487868029]
    ],
    [
      [0.11813615929, 0.087747314445, 0.52508600116, 0.26022288443, 0.0088076406859],
      [0.22443496702, 0.3063522781, 0.02349647338, 0.031834363129, 0.41388191837],
      [0.050119777034, 0.19326780504, 0.38974388424, 0.34749636616, 0.019372167526],
      [0.077700083476, 0.16637876134, 0.064583163356, 0.44700802801, 0.24432996381]
    ],
    [
      [0.1805134371, 0.09914358248, 0.41044499803, 0.29529217089, 0.014605811496],
      [0.2746793435, 0.2844953764, 0, 0.015092778855, 0.42573250125],
      [0.073447489817, 0.21208224286, 0.30127797091, 0.38691813532, 0.026274161089],
      [0.099846504521, 0.16119005728, 0.04175676115, 0.43931324545, 0.2578934316]
    ],
    [
      [0.093117564, 0.080266168788, 0.5417291633, 0.27914238582, 0.005744718093],
      [0.18611592197, 0.29747712602, 0.032926742096, 0.043949929948, 0.43953027997],
      [0.038846718612, 0.17734158944, 0.39934920919, 0.36728503742, 0.01717744533],
      [0.06037205136, 0.1522826877, 0.069627576802, 0.47321181693, 0.24450586721]
    ],
    [
      [0.19160292832, 0.11107124032, 0.48887411247, 0.19223011042, 0.016221608469],
      [0.26562306335, 0.28980623204, 0, 0, 0.44457070462],
      [0.084696191318, 0.24984673083, 0.36988216813, 0.26378530036, 0.031789609364],
      [0.1839605915, 0.19720716899, 0.0016919375661, 0.29671006772, 0.32043023422]
    ],
    [
      [0.15460193857, 0.082112687811, 0.48189482316, 0.26687778504, 0.014512765429],
      [0.25655815344, 0.24838798332, 0.0039523182193, 0.015980180982, 0.47512136403],
      [0.067230642856, 0.18239539979, 0.36077422833, 0.36099150924, 0.028608219784],
      [0.093918741094, 0.14235819143, 0.051423804091, 0.42017705227, 0.29212221112]
    ],
    [
      [0.14215436051, 0.09628897437, 0.38024698374, 0.37102237308, 0.010287308296],
      [0.2455653926, 0.30657849711, 0.0093080868681, 0.042938608075, 0.39560941534],
      [0.056216136076, 0.19773784149, 0.26352825356, 0.46313228193, 0.019385486942],
      [0.077013888936, 0.1502651412, 0.037768303571, 0.52535826737, 0.20959439892]
    ],
    [
      [0.21702959535, 0.097775042592, 0.32240921043, 0.35128296777, 0.011503183853],
      [0.34085219141, 0.2812014208, 0.00062592760952, 0.023111810089, 0.35420865008],
      [0.08915653776, 0.20631911314, 0.23018979029, 0.45364171928, 0.02069283953],
      [0.1174058549, 0.1513367707, 0.030781960692, 0.49621790771, 0.204257506]
    ],
    [
      [0.12608171434, 0.073339931285, 0.56386616532, 0.23039571624, 0.0063164728162],
      [0.26340364824, 0.28273492816, 0.037835738719, 0.034714273581, 0.3813114113],
      [0.055267917076, 0.16914068704, 0.43902516034, 0.32170163158, 0.01486460396],
      [0.092624889886, 0.1561115048, 0.079060749839, 0.44184091385, 0.23036194163]
    ],
    [
      [0.13604028767, 0.10003239084, 0.46508766041, 0.29564871981, 0.0031909412722],
      [0.29176224701, 0.3933666343, 0.022350133077, 0.03965322899, 0.25286775662],
      [0.049910052491, 0.21181112917, 0.34780337398, 0.38932875288, 0.0011466914679],
      [0.091634125993, 0.19601236392, 0.061206170426, 0.5167390038, 0.13440833585]
    ],
    [
      [0.18377348623, 0.10181621646, 0.40000911156, 0.30657296524, 0.0078282205154],
      [0.32013564161, 0.32417801715, 0.013502704927, 0.032100171941, 0.31008346437],
      [0.076442449043, 0.21966609625, 0.29016307005, 0.39850999666, 0.015218387995],
      [0.1112927802, 0.17782049977, 0.04578110839, 0.48313980061, 0.18196581102]
    ],
    [
      [0.18121133354, 0.074098762214, 0.3912002066, 0.34288798483, 0.010601712814],
      [0.31382773789, 0.2345658728, 0.013038389588, 0.035847157912, 0.4027208418],
      [0.076514980888, 0.16176135525, 0.28541507133, 0.45364837051, 0.022660222027],
      [0.10344975466, 0.12214785328, 0.041396822342, 0.5092043746, 0.22380119512]
    ],
    [
      [0.10273087398, 0.086888495843, 0.48955805231, 0.31415174739, 0.0066708304725],
      [0.21325178209, 0.33004555608, 0.021771269142, 0.04062610108, 0.3943052916],
      [0.038319954762, 0.18321516048, 0.36109176541, 0.41179524355, 0.0055778757926],
      [0.064801477208, 0.15882689189, 0.059500444652, 0.51461709422, 0.20225409204]
    ],
    [
      [0.12577733816, 0.097430187124, 0.51585172594, 0.25365892871, 0.0072818200658],
      [0.24367618399, 0.34474277958, 0.02061045116, 0.029692289065, 0.3612782962],
      [0.051533887855, 0.21285793636, 0.38784587324, 0.33701235063, 0.010749951917],
      [0.084939731854, 0.19029660487, 0.067008883791, 0.44607158755, 0.21168319193]
    ],
    [
      [0.12678194469, 0.1048345715, 0.48747422576, 0.27173585446, 0.0091734035896],
      [0.2248471838, 0.33962081945, 0.017393372128, 0.02913964164, 0.38899898299],
      [0.051985557056, 0.22493096333, 0.35427894293, 0.35218489837, 0.016619638307],
      [0.07925412244, 0.18909754833, 0.058076611017, 0.44218365357, 0.23138806465]
    ],
    [
      [0.15902464671, 0.072869684747, 0.53385847529, 0.21982375034, 0.014423442923],
      [0.25325115164, 0.21207853867, 0.016305232687, 0.020626821823, 0.49773825518],
      [0.074556160654, 0.16990169653, 0.41514272337, 0.30531249622, 0.035086923217],
      [0.10157007527, 0.1341752693, 0.064069730265, 0.36542481939, 0.33476010577]
    ],
    [
      [0.15938846086, 0.11510002061, 0.53442941249, 0.18834389749, 0.002738208551],
      [0.29443487867, 0.39289251822, 0.021651277264, 0.020450969256, 0.27057035659],
      [0.068908729417, 0.25793330762, 0.41299266398, 0.25365049169, 0.0065148072926],
      [0.11903740557, 0.24954704528, 0.080051044737, 0.36936198957, 0.18200251485]
    ],
    [
      [0.14598597375, 0.086922634173, 0.48260874441, 0.27077713395, 0.013705513718],
      [0.23868560294, 0.25993661055, 0.0150346199, 0.026499385106, 0.4598437815],
      [0.063527904047, 0.1916236273, 0.35665560036, 0.35959514083, 0.028597727457],
      [0.087754392731, 0.15030514702, 0.054085083437, 0.42413270246, 0.28372267434]
    ],
    [
      [0.14948281132, 0.069310104908, 0.50549622121, 0.25986598349, 0.015844879066],
      [0.23884076986, 0.20234798698, 0.014335098195, 0.024021611312, 0.52045453366],
      [0.069104008433, 0.15821177844, 0.38033684181, 0.35226810027, 0.040079271053],
      [0.089851507657, 0.11972881084, 0.055898754191, 0.40528218432, 0.329238743]
    ],
    [
      [0.069255665105, 0.13195203441, 0.52624210886, 0.27255019163, 0],
      [0.14559242025, 0.51333095791, 0.025954518604, 0.036459397895, 0.27866270534],
      [0.020517830621, 0.26465422932, 0.3745736223, 0.34025431775, 0],
      [0.044875559101, 0.25862600078, 0.07000933399, 0.4748174878, 0.15167161833]
    ],
    [
      [0.14483740561, 0.09859306225, 0.42270162548, 0.32306734739, 0.010800559272],
      [0.24319055453, 0.30214689231, 0.013695205698, 0.032691001895, 0.40827634557],
      [0.058922477939, 0.20850528536, 0.29907947696, 0.41199444799, 0.021498311749],
      [0.082331708758, 0.16170549255, 0.045322400399, 0.47806593488, 0.23257446341]
    ],
    [
      [0.14912151431, 0.11988874442, 0.45637365074, 0.26165772673, 0.012958363803],
      [0.22815211234, 0.33519841424, 0.011966640169, 0.023350824448, 0.40133200881],
      [0.062324274199, 0.25490501851, 0.32179779864, 0.33310575369, 0.027867154967],
      [0.089354302096, 0.20470541997, 0.043127570972, 0.396821128, 0.26599157896]
    ],
    [
      [0.21886331648, 0.1168056464, 0.33808206174, 0.30920468298, 0.017044292393],
      [0.28710976743, 0.28014932358, 0.005461667587, 0.022903564526, 0.40437567688],
      [0.088994243028, 0.24552408575, 0.24077852683, 0.39557881666, 0.029124327723],
      [0.11500472558, 0.17625706681, 0.017788644172, 0.40799842938, 0.28295113405]
    ],
    [
      [0.10591716441, 0.10483475041, 0.54029902818, 0.2372772987, 0.011671758288],
      [0.18203909129, 0.32998972951, 0.018188670504, 0.024377315241, 0.44540519346],
      [0.044164485216, 0.22678191685, 0.39512890753, 0.31078947384, 0.023135216564],
      [0.068431877237, 0.1943016744, 0.06387936105, 0.39231838513, 0.28106870218]
    ],
    [
      [0.15379611303, 0.071028234513, 0.53114319681, 0.23616835328, 0.0078641023712],
      [0.3080982571, 0.26137724978, 0.021725258349, 0.028208670964, 0.38059056381],
      [0.068673431272, 0.16526578708, 0.41618343152, 0.3321505268, 0.017726823329],
      [0.11091626379, 0.14644677605, 0.078228195248, 0.43737591473, 0.22703285018]
    ],
    [
      [0.13568611603, 0.14635423965, 0.43988522846, 0.26701131069, 0.011063105153],
      [0.20614186727, 0.4063373264, 0.012350278656, 0.024249481261, 0.35092104641],
      [0.053227490251, 0.29748705542, 0.30070863878, 0.32788586904, 0.020690946515],
      [0.07944598305, 0.24736761921, 0.041472376348, 0.40093882396, 0.23077519744]
    ],
    [
      [0.17328702325, 0.063648731411, 0.45483643662, 0.29302218932, 0.015205619404],
      [0.2825875622, 0.19006729691, 0.011831943989, 0.028395060125, 0.48711813678],
      [0.075745967496, 0.14405005588, 0.34849250152, 0.4024927265, 0.029218748611],
      [0.10309700776, 0.10834869809, 0.040017637683, 0.4447178042, 0.30381885227]
    ],
    [
      [0.11000449901, 0.11050060256, 0.48130232048, 0.28972796347, 0.0084646144868],
      [0.20254878546, 0.37333747925, 0.017214414839, 0.033506722244, 0.37339259821],
      [0.044282528828, 0.23164286974, 0.34076607959, 0.36609199449, 0.017216527353],
      [0.0673660481, 0.1973481838, 0.055195758835, 0.46830064646, 0.21178936281]
    ],
    [
      [0.084289655648, 0.072757090762, 0.59411777278, 0.24444267013, 0.0043928106818],
      [0.18678540614, 0.29928700316, 0.030961385036, 0.032920886591, 0.45004531907],
      [0.036236568099, 0.16576237694, 0.45056723915, 0.33163757407, 0.015796241736],
      [0.059021205254, 0.14930761447, 0.098811862631, 0.45684668636, 0.23601263129]
    ],
    [
      [0.10970003284, 0.079379079136, 0.4977471995, 0.30445861755, 0.0087150709812],
      [0.22436048884, 0.29774942808, 0.020077209853, 0.037743501949, 0.42006937128],
      [0.045566786518, 0.17248979655, 0.36485731618, 0.39926981635, 0.017816284402],
      [0.068769107945, 0.14519691488, 0.060339496183, 0.50622504297, 0.21946943802]
    ],
    [
      [0.11037466736, 0.093539907182, 0.49881901661, 0.28643517112, 0.010831237736],
      [0.20023185305, 0.31117847506, 0.017173222188, 0.032187871405, 0.43922857829],
      [0.045388697973, 0.20065003604, 0.36076020937, 0.37191170591, 0.021289350713],
      [0.067203844828, 0.16586493543, 0.055101665824, 0.45971082048, 0.25211873344]
    ],
    [
      [0.12720676667, 0.097630770374, 0.46469185976, 0.30375446447, 0.006716138724],
      [0.25479841708, 0.35893538788, 0.018616506628, 0.037237419803, 0.33041226861],
      [0.051885523462, 0.20851922901, 0.33460510794, 0.39112385884, 0.013866280743],
      [0.079626178168, 0.17906485166, 0.057808914794, 0.50746663781, 0.17603341756]
    ],
    [
      [0.15233313113, 0.094019644194, 0.43410519351, 0.31075040452, 0.0087916266474],
      [0.27819905205, 0.31492120623, 0.015020481307, 0.034884440666, 0.35697481975],
      [0.062844207489, 0.20208214454, 0.314318081, 0.40342412625, 0.017331440726],
      [0.091716736566, 0.16501789808, 0.046620789156, 0.49450041918, 0.20214415702]
    ],
    [
      [0.1574195578, 0.08346268089, 0.48684409699, 0.26347560405, 0.0087980602738],
      [0.29210550775, 0.28400528093, 0.018123661029, 0.02929047431, 0.37647507598],
      [0.067963931455, 0.1871765804, 0.36901198132, 0.35747058649, 0.018376920346],
      [0.10429669943, 0.1587853615, 0.061575336136, 0.45004800614, 0.22529459679]
    ]
  ],
  "expected_outcome": [
    [
      [10.1094648508, 8.7663278365, 12.5728006668, 4.8789890705, 7.3164065916, 3.2623227685, 8.6861278559, 9.9875209185, 7.3529214671, 10.6159188414, 11.0658244056, 9.1759290698, 3.5957235046, 2.0032774313, 1.9448258967, 0.56717465113, 1.9483249304, 1.8901785486, 2.1661612452, 1.582998588, 1.5328234266, 1.3914174471, 1.7058523261, 2.3873255489, 1.3868988577, 1.9045640274, 1.8377348623, 2.1745360025, 1.1300396138, 1.3835507197, 1.6481652809, 1.5902464671, 4.1440999823, 3.0657054487, 1.4948281132, 1.1080906417, 1.7380488673, 1.3420936288, 2.8452231142, 1.2710059729, 1.6917572433, 1.4925472764, 2.2527313023, 1.9800809821, 1.5172138017, 1.3164003941, 0.88299733888, 1.6536879667, 1.5233313113, 1.8890346935],
      [5.2510071666, 5.3993978957, 5.5709097537, 7.5831165127, 5.1462706461, 5.1743404899, 4.1742158059, 6.5142510862, 3.4009480587, 8.6173400364, 5.8257218584, 6.081143853, 5.150939265, 1.5396746777, 1.3687996503, 0.49163109569, 1.4456833109, 1.4039570311, 1.1897229898, 1.3645248694, 0.88856992258, 0.7390141903, 1.1554676924, 1.0755254685, 0.80673924414, 1.4004534717, 1.0181621646, 0.88918514657, 0.95577345427, 1.0717320584, 1.3628494295, 0.72869684747, 2.9926005359, 1.8253753176, 0.69310104908, 2.1112325506, 1.183116747, 1.0789986997, 1.5184734032, 1.258017005, 0.78131057964, 1.6098966362, 0.82743350834, 1.9890108461, 1.3096276337, 0.95254894964, 0.74831925745, 1.2692000149, 0.94019644194, 1.0015521707],
      [33.4643097975, 32.724322657, 26.263895895, 28.9834413998, 20.9908313536, 34.0200481614, 27.3686612051, 25.0237877424, 29.4224923802, 29.4645050107, 33.4853098931, 29.71913905, 21.5687659405, 6.5486213934, 7.1886118944, 2.726318588, 5.35484334, 8.4013760185, 4.9253399764, 9.2093957761, 3.9109928997, 4.3370534084, 4.5629638048, 3.5465013147, 6.2025278186, 6.5112272457, 4.0000911156, 4.6944024792, 5.3851385754, 5.6743689854, 6.3371649349, 5.3385847529, 13.8951647246, 10.1347836326, 5.0549622121, 8.4198737417, 5.0724195058, 4.1073628566, 4.3950668026, 6.4835883382, 5.8425751649, 4.8387375131, 5.912873676, 8.6634417687, 10.69411991, 5.9729663939, 3.9905521329, 6.0409941768, 4.3410519351, 5.8421291639],
      [16.7645921698, 16.1099516107, 16.4537520029, 12.6419075374, 30.3339855468, 20.5432885801, 16.666762012, 20.9719113856, 17.823638094, 11.6602631155, 13.9240206448, 16.4621287933, 9.6845712899, 3.8041884953, 4.3358884646, 1.1630669084, 4.0838647406, 4.1635661508, 3.5435060507, 4.7454205589, 1.5378408834, 2.4019000653, 4.452268477, 3.8641126455, 2.5343528786, 4.1390820774, 3.0657296524, 4.114655818, 3.4556692213, 2.7902482158, 3.532566108, 2.1982375034, 4.8969413349, 5.686319813, 2.5986598349, 4.360803066, 3.8768081687, 2.3549195406, 4.0196608788, 2.8473275844, 2.5978518861, 2.9371244176, 3.8092884611, 5.2151033424, 4.3999680624, 3.6535034106, 2.2914813689, 3.9488080382, 3.1075040452, 3.1617072486],
      [0.41062601526, 0, 1.1386416815, 0.91254547963, 0.21250586186, 0, 1.104233121, 0.50252886726, 0, 0.64197299593, 0.69912319808, 1.5616592339, 0, 0.10423800236, 0.16187409395, 0.051808756818, 0.16728367809, 0.14092225097, 0.17526973795, 0.097660207581, 0.12977286775, 0.13061488887, 0.12344769955, 0.12653502238, 0.069481200978, 0.044673177811, 0.078282205154, 0.12722055377, 0.073379135197, 0.080100020724, 0.11925424666, 0.14423442923, 0.071193422327, 0.28781578807, 0.15844879066, 0, 0.12960671127, 0.11662527423, 0.22157580111, 0.14006109946, 0.086505126083, 0.12169415668, 0.19767305225, 0.15236306076, 0.079070592272, 0.10458085177, 0.086649901887, 0.087309803412, 0.087916266474, 0.10557672329]
    ],
    [
      [3.0033206706, 2.7142571978, 3.7111881765, 1.8066981224, 2.3709686776, 1.7770039829, 3.1605842803, 2.8162151944, 4.4651922741, 5.4924537794, 2.4615600629, 3.2886193131, 7.435497514, 14.8901193039, 16.0397930926, 13.3968811086, 15.2657350738, 15.0371427903, 17.8541573272, 9.8641438642, 18.3279913709, 16.4197218204, 15.7161851266, 23.5188012074, 16.8578334873, 4.0846714582, 5.1221702658, 2.1967941653, 2.7722731672, 2.1930856559, 3.1478605732, 2.0260092131, 2.3554790294, 2.1481704264, 2.8660892383, 2.1838863037, 2.4319055453, 2.5096732357, 4.0195367441, 1.6383518216, 2.7728843139, 1.6491349382, 4.8039885574, 4.0509757092, 2.8017810922, 1.346162933, 3.4039415018, 2.5479841708, 3.6165876766, 3.7973716008],
      [2.918322613, 3.1744875204, 2.9810170343, 5.0133459829, 3.0289209396, 3.9161675917, 2.7661652093, 3.3407380103, 4.0670922521, 8.1050829642, 2.408277608, 3.9071656144, 19.6648470591, 21.0255896834, 20.7077136147, 21.2932611779, 20.7477587507, 20.5256026328, 18.4921994658, 15.7662876788, 19.9966300105, 15.8968309324, 19.621023815, 19.4028980355, 18.0950354022, 5.5071328802, 5.1868482744, 1.6419611096, 4.2905922291, 3.1026850163, 4.7546914722, 1.6966283094, 3.1431401457, 2.339429495, 2.4281758438, 7.6999643687, 3.0214689231, 3.6871825566, 3.9220905301, 2.9699075656, 2.352395248, 3.2506986112, 3.2311440475, 7.466749585, 4.4893050474, 1.7864965685, 5.2900340761, 3.5893538788, 4.093975681, 3.692068652],
      [0.20688208806, 0.21216535572, 0.14013251635, 0.19442470677, 0.12883608672, 0.27423915369, 0.18292610017, 0.13695555487, 0.36967104195, 0.27896232095, 0.15244105428, 0.17650566654, 1.3505754363, 1.0223760803, 0.99466278143, 1.1629946988, 0.18153886935, 1.5742637165, 0, 1.7451173311, 0, 0.25294836604, 0.59571755956, 0.043189005057, 2.421487278, 0.31290186307, 0.21604327883, 0.091268727118, 0.28302649885, 0.18549406044, 0.24350720979, 0.1304418615, 0.17321021811, 0.1353115791, 0.17202117834, 0.38931777905, 0.13695205698, 0.13163304186, 0.076463346218, 0.16369803453, 0.19552732514, 0.098802229245, 0.20114304782, 0.34428829679, 0.46442077554, 0.12046325912, 0.2919447772, 0.18616506628, 0.19526625699, 0.23560759337],
      [0.30239205645, 0.29171233373, 0.29235561904, 0.28005366538, 0.57753763067, 0.46585140609, 0.3674659959, 0.35720073919, 0.57732972497, 0.33973548808, 0.18875547613, 0.35030211187, 1.3154562005, 1.7312711697, 2.0950398227, 1.3740627002, 1.4854758244, 2.1329023296, 0.98103062558, 2.3293462873, 0, 1.0227315828, 2.7480709168, 1.5947148962, 2.2217135092, 0.55514520585, 0.51360275106, 0.25093010539, 0.52813931404, 0.26723060159, 0.40795498297, 0.16501457459, 0.16360775405, 0.23849446595, 0.28825933574, 0.54689096842, 0.32691001895, 0.25685906893, 0.32064990336, 0.21939583717, 0.25387803868, 0.19399585009, 0.48271602213, 0.67013444487, 0.49381329887, 0.22646101169, 0.54719381389, 0.37237419803, 0.45349772866, 0.38077616603],
      [4.5690825719, 2.6073775924, 4.8753066538, 5.7054775226, 3.8937366654, 3.5667378656, 6.5228584143, 3.3488905012, 2.5207147069, 5.7837654473, 3.7889657986, 7.2774072941, 11.2336237901, 18.3306437627, 29.1627906886, 26.7728003146, 25.3194914818, 27.7300885308, 27.6726125814, 23.2951048386, 30.6753786186, 30.4077672982, 25.319002582, 24.4403968559, 24.4039303233, 3.5401485926, 4.9613354299, 2.8190458926, 5.1259687909, 3.2515046658, 5.4459857618, 3.9819060414, 2.1645628527, 4.1385940335, 6.2454544039, 4.1799405801, 4.0827634557, 4.4146520969, 5.6612594763, 4.0086467411, 3.4253150743, 2.8073683713, 8.2810083252, 7.4678519642, 6.7506797861, 2.5204162277, 7.466885831, 3.3041226861, 4.6406726567, 4.8941759878]
    ],
    [
      [0.79260151336, 0.79352368532, 1.0383964228, 0.77775281373, 0.70795234304, 0.63512985836, 1.0216364185, 0.70582748149, 0.60668140456, 0.49824456688, 0.81259541875, 0.78647114804, 0.33086086006, 1.0027894422, 0.5403609395, 0.58128695142, 0.60426825837, 0.4510779933, 0.8813698778, 0.46616062334, 0.9316581045, 0.87399835713, 0.73080976898, 0.80240883984, 0.82901875614, 3.0944232545, 4.8158742897, 4.9734737577, 2.6440768786, 3.6589060377, 3.0151623093, 5.3680435671, 3.2387102826, 3.5575626266, 4.5608645566, 1.1695163454, 4.0067284998, 2.3059981454, 0.88994243028, 0.57413830781, 0.54938745017, 1.1710047855, 0.75745967496, 0.39854275945, 0.43483881719, 0.59236822473, 0.6808304696, 0.62262628154, 0.43990945242, 0.95149504037],
      [2.1677427243, 2.623321084, 2.3424821989, 6.0701448686, 2.6058897529, 3.5459251787, 2.5104892977, 2.3687566496, 1.584369887, 2.0663120203, 2.2330788374, 2.6204859775, 2.5097392484, 3.9940508221, 1.9633383506, 2.5973853035, 2.3003000861, 1.7394102454, 2.5449869144, 2.1280990733, 2.7483140391, 2.3711401973, 2.5705919394, 1.8568720183, 2.5371103057, 13.1322900088, 13.8389640635, 10.5144880913, 12.6418460734, 15.1129134815, 13.0459958733, 12.2329221502, 12.1228654581, 10.730923129, 10.4419773771, 15.0852910713, 14.1783594044, 9.4314856848, 2.4552408575, 2.948164919, 1.3221262966, 6.5447152192, 1.4405005588, 2.0847858277, 1.9891485233, 2.2423673551, 3.0097505405, 2.5022307481, 1.4145750118, 2.6204721256],
      [4.6317177811, 4.9785040993, 3.9350215466, 8.2155117133, 3.5598189682, 7.1637803864, 5.7745521452, 3.1374453696, 3.6744351567, 2.5113593782, 4.392968821, 4.6384931085, 3.3614760068, 5.751986809, 3.4910307965, 4.841511547, 2.8916394028, 3.5076949582, 3.615335651, 4.7921905103, 4.0687038495, 4.6900649683, 3.4258672963, 2.0717081126, 6.585377405, 21.563809187, 18.2802734133, 18.5519796362, 24.9153318132, 27.5370570001, 20.5481786901, 29.890276083, 19.4106552073, 19.9727136202, 25.1022315593, 21.3506964713, 20.3374044333, 11.9065185497, 2.4077852683, 5.136675798, 3.3294674521, 6.6155900531, 3.4849250152, 3.0668947163, 5.4068068698, 4.7431451103, 5.4114031405, 4.0152612953, 2.200226567, 5.1661677384],
      [4.1664928513, 4.4693143768, 4.3859576794, 6.3915874543, 8.9007350803, 7.6551645766, 6.23201859, 4.6133291601, 4.0817798674, 1.8120393238, 3.3038346607, 4.566403329, 2.7027341291, 5.9961908827, 3.793872692, 3.7283735769, 3.9788689366, 3.1274672954, 4.6430176238, 4.4074204491, 2.901638304, 4.6928896201, 6.0207196651, 4.0827754735, 4.8255244738, 24.1383826787, 25.1061297898, 29.487144083, 28.4138718051, 23.9278768946, 20.4267241055, 21.9824997281, 11.9215731093, 20.1373278865, 23.2496946176, 19.3944961119, 28.0156224635, 12.3249128864, 3.9557881666, 4.0402631599, 2.6572042144, 7.2134891189, 4.024927265, 3.2948279504, 3.9796508889, 5.1905076126, 5.5786755887, 4.6934863061, 2.8239688837, 5.0045882108],
      [0.24144512996, 0.13533675455, 0.29814215233, 0.54500314997, 0.22560385553, 0, 0.46130354857, 0.17464133922, 0.052733684317, 0.1120447109, 0.25752226209, 0.38814643699, 0.09518975557, 0.25498204399, 0.21139722137, 0.25144262114, 0.22492331609, 0.17434950774, 0.31528993307, 0.20612934396, 0.349685703, 0.37190685719, 0.25201133025, 0.18623555577, 0.2229690594, 0.071094871012, 0.95875844367, 1.4729144317, 0.38487342969, 0.76324658612, 0.96393902183, 2.5262584716, 0.30619594275, 1.6014727376, 2.6452318895, 0, 1.4618851989, 1.0310847338, 0.29124327723, 0.30075781533, 0.14181458663, 0.45520082333, 0.29218748611, 0.15494874617, 0.18955490083, 0.23161169722, 0.31934026069, 0.16639536892, 0.12132008508, 0.25727688484]
    ],
    [
      [1.0946129652, 1.7258912803, 1.6776147339, 0.53655999341, 0.60467238781, 0.32554339023, 1.1316514452, 1.4904364056, 2.5752048542, 1.3933828123, 1.6600201128, 0.74898046906, 0.63791812142, 1.1038138226, 0.47502007121, 1.4546572889, 1.1816717374, 0.62160066781, 1.0983115497, 1.0866969245, 2.207527098, 1.3148623753, 0.8471527783, 1.2914644039, 0.92624889886, 0.91634125993, 1.2242205822, 1.6551960745, 0.45361034046, 0.76445758668, 1.1888118366, 1.0157007527, 2.2617107057, 1.2285614982, 1.0782180919, 0.53850670921, 0.82331708758, 3.8422349901, 7.2452977114, 4.5165038977, 7.9859709926, 4.6873129999, 6.1858204654, 3.5704005493, 3.246166289, 4.7450684482, 4.0322306897, 5.1757015809, 6.4201715596, 6.3620986653],
      [1.6629274961, 2.8027934999, 2.1055910131, 2.3333926358, 1.2189186613, 1.3635667396, 1.5491296871, 2.7762542539, 2.9475898022, 3.2112649791, 2.5329216961, 1.3912045551, 2.6744744274, 2.4406848168, 0.96014838441, 3.6177224229, 2.5062578523, 1.3310300907, 1.7730906301, 2.7410883785, 2.3664860278, 1.99301468, 1.6529165532, 1.6647044777, 1.561115048, 1.9601236392, 1.9560254975, 1.9543656525, 1.1117882432, 1.7126694438, 2.8364632249, 1.341752693, 4.7413938603, 2.1042720583, 1.43674573, 3.1035120093, 1.6170549255, 8.8023330588, 11.1041952092, 12.8239105104, 10.5441678757, 14.5946895335, 6.5009218854, 10.4594537413, 8.2119187956, 10.0185871268, 9.9518961259, 11.6392153582, 11.5512528653, 9.6859070517],
      [0.69709033336, 1.0850078879, 0.66095004202, 0.60662218014, 0.32051359139, 0.54193229856, 0.67386054947, 0.70181133313, 1.5334014211, 0.74517329011, 0.96928023157, 0.46586217506, 0.71918261634, 0.67701571733, 0.32569452762, 1.2691751663, 0.57197838778, 0.51666530685, 0.45932437264, 1.2532963824, 0.020303250793, 0.71993325727, 0.41545133928, 0.33860156761, 0.79060749839, 0.61206170426, 0.5035921923, 0.66234915748, 0.41650311256, 0.60307995412, 0.87114916525, 0.64069730265, 1.52096985, 0.75719116812, 0.67078505029, 0.84011200788, 0.45322400399, 1.8544855518, 1.1206845828, 4.2160378293, 5.6324300579, 2.4468702045, 2.401058261, 2.9253752182, 5.4346524447, 4.1634252366, 3.3060999494, 3.7575794616, 3.2634552409, 3.7560955043],
      [4.7665229225, 7.1290216788, 5.8679346986, 3.6864513429, 6.1877417423, 4.3356954372, 5.733753402, 8.0575587151, 11.5172523137, 4.1879620727, 5.5833892184, 3.6211657658, 4.2972383805, 5.4683494524, 2.7751990207, 7.7344968145, 6.4517904984, 3.5760642241, 4.8324457, 8.5178127048, 3.5605208127, 5.8824787317, 5.7789409411, 5.4583969848, 4.4184091385, 5.167390038, 5.3145378067, 8.1472699937, 3.6023196595, 4.014644288, 6.6327548035, 3.6542481939, 7.0178778018, 5.9378578345, 4.8633862118, 5.6978098537, 4.7806593488, 17.0633085041, 25.7039010512, 25.8930134185, 31.4910658609, 23.6553906134, 26.6830682518, 24.8199342623, 25.1265677499, 34.9295279651, 27.5826492285, 32.9853314577, 34.6150293424, 27.4529283746],
      [2.7788462829, 2.2572856531, 3.6879095124, 2.8369738478, 1.6681536172, 1.4332621344, 3.9116049161, 2.9739392923, 1.4265516088, 2.4622168459, 4.2543887412, 2.772787035, 1.6711864543, 2.3101361909, 1.4639379961, 4.9239483075, 3.288301524, 1.9546397105, 2.8368277475, 4.4011056098, 3.8451628107, 4.0897109557, 2.3055383882, 2.246832566, 2.3036194163, 1.3440833585, 2.0016239212, 3.5808191219, 1.4157786443, 1.9051487274, 3.4708209697, 3.3476010577, 3.4580477822, 3.9721174408, 3.950864916, 1.8200594199, 2.3257446341, 11.4376378951, 17.8259214454, 18.5505343441, 16.346365213, 13.6157366487, 18.2291311364, 11.2248362289, 12.9806947208, 15.1433912233, 15.1271240064, 11.4421721415, 14.1500909917, 13.7429704041]
    ]
  ],
  "prob": [
    [0.13821700144, 0.095100621193, 0.47764615877, 0.27978457456, 0.0092516440417],
    [0.24814306732, 0.31319726537, 0.015179145704, 0.027637146859, 0.39584337474],
    [0.058139812874, 0.2061477895, 0.35204773638, 0.36517102688, 0.018493634371],
    [0.088300118362, 0.17195432394, 0.055926959149, 0.4498072517, 0.23401134685]
  ],
  "iterations": 20,
  "logLik": -503.5174408979,
  "time": 6.2e-05,
  "message": "Converged",
  "status": 0,
  "miniter": 0,
  "maxiter": 1000,
  "maxtime": 3600,
  "param_threshold": 0.001,
  "ll_threshold": "-Inf",
  "initial_prob": "group_proportional",
  "adjust_prob_cond_method": "project_lp",
  "adjust_prob_cond_every": false
}
