{
  "X": [
    [17, 6, 24, 23, 30],
    [23, 2, 24, 22, 29],
    [18, 4, 24, 14, 40],
    [11, 6, 33, 21, 29],
    [16, 2, 35, 14, 33],
    [14, 5, 28, 29, 24],
    [13, 10, 27, 16, 34],
    [10, 11, 24, 20, 35],
    [8, 6, 26, 26, 34],
    [15, 8, 27, 25, 25],
    [11, 6, 24, 18, 41],
    [13, 5, 22, 19, 41],
    [22, 10, 13, 23, 32],
    [15, 16, 3, 30, 36],
    [30, 19, 11, 21, 19],
    [25, 15, 8, 22, 30],
    [19, 19, 8, 26, 28],
    [28, 18, 7, 22, 25],
    [31, 15, 8, 22, 24],
    [28, 11, 11, 18, 32],
    [22, 16, 8, 18, 36],
    [33, 18, 4, 26, 19],
    [26, 14, 11, 19, 30],
    [26, 17, 11, 27, 19],
    [20, 18, 6, 25, 31],
    [24, 11, 11, 27, 27],
    [13, 15, 11, 39, 22],
    [20, 10, 9, 28, 33],
    [15, 15, 12, 31, 27],
    [20, 12, 13, 33, 22],
    [16, 9, 16, 33, 26],
    [19, 13, 9, 29, 30],
    [21, 9, 9, 38, 23],
    [16, 17, 6, 33, 28],
    [25, 7, 14, 33, 21],
    [16, 10, 16, 36, 22],
    [12, 11, 5, 33, 39],
    [10, 8, 18, 29, 35],
    [7, 10, 23, 33, 27],
    [7, 6, 20, 30, 37],
    [7, 11, 20, 27, 35],
    [10, 10, 15, 35, 30],
    [11, 8, 19, 38, 24],
    [12, 10, 19, 28, 31],
    [7, 9, 25, 29, 30],
    [10, 7, 18, 30, 35],
    [8, 9, 18, 28, 37],
    [8, 5, 18, 36, 33],
    [10, 6, 9, 40, 35],
    [6, 7, 14, 29, 44]
  ],
  "W": [
    [60, 11, 15, 14],
    [68, 9, 13, 10],
    [55, 13, 13, 19],
    [62, 12, 15, 11],
    [64, 9, 16, 11],
    [61, 15, 13, 11],
    [64, 13, 11, 12],
    [57, 16, 14, 13],
    [56, 6, 24, 14],
    [64, 10, 7, 19],
    [64, 10, 15, 11],
    [68, 11, 10, 11],
    [36, 32, 16, 16],
    [11, 60, 14, 15],
    [17, 65, 7, 11],
    [11, 68, 12, 9],
    [18, 59, 16, 7],
    [11, 69, 4, 16],
    [14, 63, 13, 10],
    [12, 63, 11, 14],
    [15, 65, 13, 7],
    [6, 67, 19, 8],
    [15, 61, 8, 16],
    [12, 62, 14, 12],
    [11, 58, 10, 21],
    [11, 15, 61, 13],
    [14, 10, 59, 17],
    [12, 13, 59, 16],
    [9, 10, 56, 25],
    [12, 12, 60, 16],
    [19, 8, 65, 8],
    [13, 14, 62, 11],
    [9, 12, 67, 12],
    [9, 8, 68, 15],
    [13, 13, 65, 9],
    [12, 11, 65, 12],
    [9, 18, 63, 10],
    [17, 12, 30, 41],
    [13, 13, 10, 64],
    [15, 13, 7, 65],
    [10, 11, 11, 68],
    [8, 20, 12, 60],
    [11, 15, 13, 61],
    [12, 17, 18, 53],
    [10, 13, 14, 63],
    [15, 12, 15, 58],
    [14, 12, 18, 56],
    [16, 16, 13, 55],
    [14, 12, 6, 68],
    [21, 13, 10, 56]
  ],
  "method": "mult",
  "cond_prob": [
    [
      [0.1514419341, 0.020048623885, 0.34168056061, 0.15335097844, 0.33347790297],
      [0.38647453177, 0.20453134721, 0.010731836459, 0.19072147236, 0.2075408122],
      [0.22588882823, 0.11776505316, 0.051950904073, 0.39935223416, 0.20504298038],
      [0.019566548631, 0.055768710725, 0.18584661438, 0.40790868468, 0.33090944159]
    ],
    [
      [0.20644217499, 0.0074259294733, 0.31571962614, 0.15528013536, 0.31513213403],
      [0.52291000591, 0.077314411329, 0.010267089754, 0.19404159774, 0.19546689527],
      [0.30611735078, 0.044458418736, 0.048297820464, 0.40764147764, 0.19348493238],
      [0.027621648737, 0.022124765029, 0.18107899485, 0.43952372064, 0.32965087074]
    ],
    [
      [0.15037095486, 0.0085228875226, 0.34470992553, 0.07639650012, 0.41999973197],
      [0.44027715999, 0.13495706322, 0.01454269262, 0.11667814335, 0.29354494083],
      [0.27590113927, 0.083161430876, 0.064621145762, 0.26458946147, 0.31172682262],
      [0.022067346968, 0.036615829632, 0.21114864194, 0.2548270332, 0.47534114826]
    ],
    [
      [0.08298622481, 0.010761901873, 0.46324330031, 0.13103361676, 0.31197495624],
      [0.28570737597, 0.23875524081, 0.021587653112, 0.21293468485, 0.24101504526],
      [0.15401101929, 0.12639668908, 0.083716788824, 0.41463673748, 0.22123876533],
      [0.01056366007, 0.051977168905, 0.25128288281, 0.37283168002, 0.31334460819]
    ],
    [
      [0.11774638114, 0.0021175268299, 0.46865791874, 0.074078444986, 0.3373997283],
      [0.45354374364, 0.090705038793, 0.024038379413, 0.1468445158, 0.28486832236],
      [0.26177422023, 0.051179457394, 0.099331763081, 0.30700135575, 0.28071320354],
      [0.017631853691, 0.020841965041, 0.29093087057, 0.27503247152, 0.39556283918]
    ],
    [
      [0.10948131477, 0.012393029376, 0.40543933588, 0.20467959701, 0.26800672296],
      [0.33272344413, 0.17744587364, 0.015286117355, 0.28562656732, 0.18891799756],
      [0.16853446999, 0.08856633966, 0.061506995251, 0.51904960974, 0.16234258536],
      [0.012712729737, 0.03917951708, 0.20357434662, 0.49840919509, 0.24612421147]
    ],
    [
      [0.11263481906, 0.033428043795, 0.37056936551, 0.1108780296, 0.37248974204],
      [0.28224244325, 0.33940717894, 0.011641181075, 0.13829301392, 0.22841618281],
      [0.17681136946, 0.20925138386, 0.060335518615, 0.31127721015, 0.24232451791],
      [0.0147745628, 0.095545554033, 0.20571121239, 0.30682896777, 0.37713970301]
    ],
    [
      [0.080591205682, 0.029899978048, 0.36074986582, 0.13406210969, 0.39469684076],
      [0.21819080247, 0.34008769106, 0.011904393416, 0.17430068236, 0.2555164307],
      [0.12764535741, 0.19619955926, 0.057696903089, 0.36536424247, 0.25309393776],
      [0.0098625717533, 0.085192643436, 0.18761774695, 0.34265764885, 0.374669389]
    ],
    [
      [0.067604338014, 0.014796227674, 0.38540571004, 0.152930057, 0.37926366726],
      [0.22198368334, 0.24371057146, 0.016162712691, 0.2336651154, 0.2844779171],
      [0.11553351006, 0.12486037065, 0.065491310103, 0.44030920286, 0.25380560634],
      [0.0078179092723, 0.050892780426, 0.19632232278, 0.39046466049, 0.35450232703]
    ],
    [
      [0.15221754339, 0.035220811732, 0.3594842365, 0.17993685, 0.27314055839],
      [0.34625011412, 0.29296145036, 0.0094267814653, 0.19833925767, 0.15302239638],
      [0.20469127964, 0.17034470526, 0.050635076291, 0.42072576526, 0.15360317355],
      [0.019091427606, 0.085465295197, 0.18654186924, 0.45029308771, 0.25860832024]
    ],
    [
      [0.090882834108, 0.016008996137, 0.32946490258, 0.11780078556, 0.44584248162],
      [0.27147630902, 0.23588868075, 0.012985224431, 0.16904633833, 0.31060344746],
      [0.1562148476, 0.13337491761, 0.056666499564, 0.35019844888, 0.30354528635],
      [0.011410255721, 0.055992152326, 0.17585422702, 0.3197554189, 0.43698794603]
    ],
    [
      [0.11214534431, 0.016324128851, 0.29025097379, 0.13692464927, 0.44435490378],
      [0.31215889197, 0.20115568611, 0.010387383876, 0.18252058458, 0.29377745347],
      [0.1788190674, 0.11325321704, 0.046846944571, 0.37582231052, 0.28525846048],
      [0.013834372833, 0.049519501868, 0.15274573763, 0.3566522104, 0.42724817727]
    ],
    [
      [0.15786195779, 0.022665637265, 0.27670571382, 0.14500819366, 0.39775849748],
      [0.38470612105, 0.19995905024, 0.0017738138002, 0.17631556418, 0.23724545073],
      [0.22831773157, 0.11729499096, 0.039139245801, 0.37475086376, 0.2404971679],
      [0.022080621312, 0.056789224713, 0.14722527051, 0.38384957214, 0.39005531132]
    ],
    [
      [0.083787885177, 0.020826719379, 0.14923445483, 0.20005608453, 0.54609485608],
      [0.20665447332, 0.22237082948, 0.0021892249741, 0.24676590103, 0.3220195712],
      [0.11117507816, 0.11777167749, 0.019053784959, 0.45981175988, 0.29218769951],
      [0.0081742512989, 0.051990188879, 0.064020967263, 0.437070958, 0.43874363456]
    ],
    [
      [0.1470303656, 0.023201748665, 0.43561155586, 0.13842955936, 0.25572677052],
      [0.39459397918, 0.25783963482, 0.0065239884862, 0.17854043409, 0.16250196342],
      [0.23202968513, 0.15019664107, 0.068385134414, 0.38481809856, 0.16457044082],
      [0.02069703112, 0.072237956518, 0.24471348709, 0.39525841683, 0.26709310844]
    ],
    [
      [0.10341190147, 0.014294896357, 0.37816812108, 0.1258967973, 0.3782282838],
      [0.3173846106, 0.19299923417, 0.017670104993, 0.1898066516, 0.28213939864],
      [0.18018390267, 0.1085858355, 0.065108851684, 0.38041612214, 0.26570528801],
      [0.013123192317, 0.046197576761, 0.20636414538, 0.34925438391, 0.38506070164]
    ],
    [
      [0.094701649832, 0.023484606296, 0.32224017528, 0.16892338391, 0.39065018468],
      [0.25377656535, 0.26753787087, 0.0060919183472, 0.22250573213, 0.2500879133],
      [0.14033023949, 0.14613096664, 0.046318154361, 0.43343114963, 0.23378948988],
      [0.011038445083, 0.064921034142, 0.15702331324, 0.41380607139, 0.35321113614]
    ],
    [
      [0.14173268719, 0.021631799287, 0.33723236467, 0.14714270957, 0.35226043928],
      [0.36638257232, 0.23459136668, 0.0038378183089, 0.18158370721, 0.21360453548],
      [0.21285231156, 0.13485362994, 0.050107220892, 0.38723024144, 0.21495659617],
      [0.019320856523, 0.064739461701, 0.17657535261, 0.39395208949, 0.34541223968]
    ],
    [
      [0.15244019757, 0.018100854299, 0.35722666853, 0.13931617372, 0.33291610588],
      [0.40576378994, 0.201146743, 0.0053504299668, 0.17815949356, 0.20957954353],
      [0.23802222331, 0.11679942628, 0.054263980243, 0.38029700982, 0.21061736034],
      [0.020842956473, 0.055595068884, 0.19563178095, 0.38816643459, 0.33976375911]
    ],
    [
      [0.11484933021, 0.010003919878, 0.41485416613, 0.092998027665, 0.36729455611],
      [0.37982791875, 0.14925423577, 0.02561581088, 0.14946759701, 0.29583443759],
      [0.22535965871, 0.087973743681, 0.081194084251, 0.31608954099, 0.28938297237],
      [0.01526377931, 0.036373209089, 0.25105849959, 0.28504143612, 0.41226307589]
    ],
    [
      [0.093057379255, 0.015784838844, 0.33139313594, 0.1054492395, 0.45431540646],
      [0.2825324871, 0.21225036384, 0.015363724653, 0.15580403645, 0.33404938795],
      [0.16581718791, 0.12354665268, 0.058614047953, 0.32609296768, 0.32592914377],
      [0.011986315284, 0.051549611799, 0.18121117644, 0.29311292262, 0.46213997386]
    ],
    [
      [0.17356111368, 0.022349548281, 0.31155431618, 0.17810603127, 0.31442899059],
      [0.40691602781, 0.22242179782, 0.0019769842428, 0.19765083815, 0.17103435198],
      [0.23785884419, 0.12863055242, 0.039365425545, 0.42177001737, 0.17237516048],
      [0.021992676906, 0.064957720048, 0.15628413416, 0.45939091577, 0.29737455311]
    ],
    [
      [0.12115590081, 0.015034123056, 0.38954412167, 0.10845779752, 0.36580805695],
      [0.36381736448, 0.19728647064, 0.016550076708, 0.15758360721, 0.26476248096],
      [0.21581560532, 0.11620202408, 0.069035119675, 0.33628655451, 0.26266069642],
      [0.016454838257, 0.05064982827, 0.22468765865, 0.3168900351, 0.39131763972]
    ],
    [
      [0.11735733663, 0.01768758295, 0.46911241531, 0.15323221719, 0.24261044792],
      [0.34989572093, 0.23107211447, 0.01955860165, 0.22438939337, 0.17508416958],
      [0.19425493474, 0.12708247091, 0.076981668357, 0.43960940946, 0.16207151653],
      [0.014884014693, 0.056843609561, 0.25668952975, 0.42454493936, 0.24703790664]
    ],
    [
      [0.1155395202, 0.024351650162, 0.25935087559, 0.15812708683, 0.44263086722],
      [0.28898254033, 0.25610718626, 0.0026732053882, 0.19133251494, 0.26090455308],
      [0.16601521788, 0.14521081426, 0.036258410353, 0.3953601707, 0.2571553868],
      [0.014663131409, 0.0678955668, 0.12521477869, 0.39093878434, 0.40128773876]
    ],
    [
      [0.15025906224, 0.016266042524, 0.37530338464, 0.1082396677, 0.3499318429],
      [0.41645546044, 0.19292831806, 0.013088716334, 0.14565716671, 0.23187033845],
      [0.25931156746, 0.1182917359, 0.062446362202, 0.31874466685, 0.24120566759],
      [0.021716368764, 0.054719451635, 0.22046953305, 0.32162165207, 0.38147299448]
    ],
    [
      [0.10285432596, 0.028463936878, 0.3689342807, 0.18154676019, 0.31820069627],
      [0.26304830244, 0.3075115399, 0.01101078919, 0.22427168802, 0.19415768045],
      [0.14784827775, 0.17266326486, 0.045549645374, 0.4521656569, 0.1817731551],
      [0.012147530862, 0.07877981516, 0.17866959419, 0.44340321882, 0.28699984097]
    ],
    [
      [0.13649112193, 0.016039762611, 0.29489264825, 0.11649892232, 0.43607754489],
      [0.36945799654, 0.18559761147, 0.0099371594688, 0.15303883279, 0.28196839974],
      [0.22482070362, 0.11162462458, 0.046371322883, 0.32942249146, 0.28776085745],
      [0.018420691763, 0.050556315569, 0.16226231861, 0.32353631937, 0.44522435469]
    ],
    [
      [0.11549944046, 0.025624543191, 0.3812475472, 0.12601827294, 0.3516101962],
      [0.30829441057, 0.29237564538, 0.012696848493, 0.16287324509, 0.22375985048],
      [0.18724351467, 0.1758016943, 0.058663528158, 0.35048808679, 0.22780317608],
      [0.015676964335, 0.080029111076, 0.20626584053, 0.3443908093, 0.35363727476]
    ],
    [
      [0.13640872676, 0.019178576819, 0.42061067291, 0.13548201963, 0.28832000388],
      [0.38047154903, 0.22935305915, 0.014752428406, 0.18334385824, 0.19207910517],
      [0.22496562502, 0.13382762319, 0.066645144097, 0.38400690254, 0.19055470516],
      [0.018718699337, 0.061747686082, 0.23605838365, 0.38335470707, 0.30012052386]
    ],
    [
      [0.098716491912, 0.013191233831, 0.43834469524, 0.12883267256, 0.32091490645],
      [0.3261601135, 0.19828088476, 0.019393875244, 0.20576510294, 0.25040002356],
      [0.17557379874, 0.10468130383, 0.085461850032, 0.39974453892, 0.23453850848],
      [0.012851103416, 0.044854341283, 0.24515994204, 0.36533292102, 0.33180169224]
    ],
    [
      [0.12595474429, 0.020855127581, 0.3144339819, 0.12525657968, 0.41349956655],
      [0.33299263548, 0.2347985109, 0.010099995967, 0.16080457013, 0.26130428753],
      [0.20193375279, 0.14096626863, 0.047005776554, 0.34499928433, 0.2650949177],
      [0.016436250429, 0.063799594001, 0.1687818314, 0.33913135034, 0.41185097383]
    ],
    [
      [0.14284768918, 0.014348444235, 0.35391183115, 0.16091980254, 0.32797223288],
      [0.3913251031, 0.16873569002, 0.011935728273, 0.213662691, 0.21434078761],
      [0.2208988031, 0.094357880886, 0.051165644412, 0.43043798994, 0.20313968166],
      [0.018187479362, 0.043671475191, 0.1869555504, 0.42903534662, 0.32215014843]
    ],
    [
      [0.12951838448, 0.032256068908, 0.24693466689, 0.15238301466, 0.43890786506],
      [0.28916805206, 0.30549035476, 0.0064862513796, 0.16500006495, 0.23385527686],
      [0.18063771134, 0.18987396339, 0.028303359721, 0.36284284273, 0.23834212283],
      [0.015841716816, 0.090289535432, 0.12007130173, 0.37568260287, 0.39811484315]
    ],
    [
      [0.14688626908, 0.0097245786822, 0.45244300628, 0.12713456236, 0.2638115836],
      [0.45883737275, 0.13332780826, 0.018901783727, 0.19249212604, 0.19644090923],
      [0.26060092764, 0.07437621621, 0.083722796405, 0.3906699161, 0.19063014364],
      [0.020725817718, 0.033984990681, 0.27005955151, 0.38347872269, 0.2917509174]
    ],
    [
      [0.094427039023, 0.013445298575, 0.49337137675, 0.13239346288, 0.26636282277],
      [0.32751054237, 0.20911177233, 0.023321864743, 0.22123096542, 0.21882485513],
      [0.17107971327, 0.10755764407, 0.099177566449, 0.42177533701, 0.20040973921],
      [0.012006516938, 0.045598338086, 0.2813717623, 0.38019507668, 0.280828306]
    ],
    [
      [0.075642619725, 0.016181881087, 0.20756423674, 0.14379404887, 0.55681721359],
      [0.21545181344, 0.2001963554, 0.0074480106723, 0.19858023059, 0.37832358989],
      [0.11677936529, 0.10791250859, 0.031742856971, 0.39116964761, 0.35239562154],
      [0.0083983767044, 0.045234063185, 0.099805768809, 0.34877216103, 0.49778963028]
    ],
    [
      [0.088550225473, 0.013758331319, 0.38821448721, 0.11988566115, 0.38959129485],
      [0.28985923364, 0.20989063836, 0.017839775588, 0.18575000443, 0.29666034799],
      [0.158504757, 0.11390486798, 0.073743725955, 0.37131103271, 0.28253561636],
      [0.006370552523, 0.044640845561, 0.21887718614, 0.3315515299, 0.39855988587]
    ],
    [
      [0.092852629382, 0.021938525656, 0.45647947046, 0.14010766062, 0.28862171388],
      [0.28246727756, 0.29059012611, 0.018327776369, 0.20266013654, 0.20595468342],
      [0.15755675892, 0.16122803534, 0.077702160794, 0.40746805302, 0.19604499193],
      [0.008519900321, 0.067575737088, 0.25078881536, 0.38233340792, 0.29078213931]
    ],
    [
      [0.094691607347, 0.013125827234, 0.37724849565, 0.12804375165, 0.38689031812],
      [0.30674337151, 0.18901231621, 0.016408679121, 0.19583488171, 0.29200075146],
      [0.16854117628, 0.10328814902, 0.06695294437, 0.38767454929, 0.27354318104],
      [0.0063411357883, 0.040352852887, 0.21014290963, 0.35107336028, 0.39208974142]
    ],
    [
      [0.10130542479, 0.024830222141, 0.39712521932, 0.10903759103, 0.36770154272],
      [0.288650305, 0.30229586498, 0.014554494886, 0.14821160485, 0.24628773029],
      [0.17397187987, 0.18146179147, 0.06833827848, 0.32263823631, 0.25358981387],
      [0.013207378215, 0.079858287613, 0.22230775441, 0.3048569976, 0.37976958216]
    ],
    [
      [0.11338583525, 0.019876062393, 0.36144437469, 0.15683434549, 0.34845938219],
      [0.31372938825, 0.2363848638, 0.012597564264, 0.20884061487, 0.22844756882],
      [0.17574898232, 0.13152467042, 0.055969031569, 0.41927418827, 0.21748312742],
      [0.011822296088, 0.058916636331, 0.18641442231, 0.40895371132, 0.33389293395]
    ],
    [
      [0.13613462625, 0.017223484235, 0.41296226743, 0.16515341782, 0.26852620426],
      [0.38081140798, 0.20584524364, 0.014458724505, 0.22145043424, 0.17743418963],
      [0.21168812877, 0.11374057416, 0.064045319129, 0.44257939804, 0.1679465799],
      [0.017022988812, 0.053184189423, 0.21980237774, 0.44439383141, 0.26559661262]
    ],
    [
      [0.11956642625, 0.018714975459, 0.41085080084, 0.11577115746, 0.33509663999],
      [0.35086890542, 0.23660802027, 0.015859546667, 0.16343032498, 0.23323320266],
      [0.20749324211, 0.1387918423, 0.071760983525, 0.34763366258, 0.23432026948],
      [0.016331191225, 0.061411901669, 0.23600906402, 0.33160423885, 0.35464360423]
    ],
    [
      [0.081698753541, 0.016926973168, 0.48886577318, 0.1110225799, 0.30148592022],
      [0.28447531443, 0.26248607381, 0.023684742966, 0.18354001485, 0.24581385395],
      [0.15767029004, 0.14473355256, 0.096077857376, 0.36814557209, 0.23337272794],
      [0.0044039574047, 0.053843517033, 0.29298969216, 0.32301136506, 0.32575146834]
    ],
    [
      [0.12159537002, 0.015256531313, 0.35848000059, 0.12714319339, 0.3775249047],
      [0.35552795018, 0.19289619952, 0.013675298857, 0.17780016482, 0.26010038662],
      [0.20470039427, 0.11033773855, 0.060673130667, 0.36890011591, 0.25538862061],
      [0.014469450577, 0.048298819964, 0.19911378353, 0.35216807556, 0.38594987036]
    ],
    [
      [0.092054820339, 0.018536889115, 0.36968580582, 0.11727380856, 0.40244867616],
      [0.2799676383, 0.24781668726, 0.015031442005, 0.1698550526, 0.28732917984],
      [0.16036252009, 0.14110314945, 0.065272105817, 0.3515308229, 0.28173140175],
      [0.0083052766777, 0.057621903844, 0.20480577696, 0.32129198637, 0.40797505615]
    ],
    [
      [0.086843364512, 0.0093972338085, 0.37413427408, 0.16274132823, 0.36688379937],
      [0.29248545083, 0.14870860548, 0.017518012449, 0.25583634086, 0.28545159039],
      [0.1479115497, 0.074737848643, 0.063900186603, 0.46643005113, 0.24702036393],
      [0.00014343288247, 0.027249355255, 0.19823383618, 0.42253030236, 0.35184307332]
    ],
    [
      [0.17239304214, 0.017028997956, 0.19415178156, 0.19578651831, 0.42063966003],
      [0.39378115787, 0.1616985795, 0.0049740035828, 0.21356372082, 0.22598253823],
      [0.22425099541, 0.091660306676, 0.025121683553, 0.43868955388, 0.22027746048],
      [0.022288493282, 0.048106606391, 0.089286131085, 0.4715306878, 0.36878808144]
    ],
    [
      [0.075238093116, 0.016214399029, 0.27270506758, 0.13941173924, 0.49643070103],
      [0.22732614525, 0.21870292484, 0.010527638822, 0.19645248432, 0.34699080677],
      [0.12459851093, 0.1190827215, 0.044613751182, 0.38723372965, 0.32447128673],
      [0.0039066972672, 0.04688450683, 0.13732494222, 0.35082381934, 0.46106003434]
    ]
  ],
  "expected_outcome": [
    [
      [9.0865160462, 14.0380678993, 8.2704025173, 5.1451459382, 7.535768393, 6.6783602012, 7.20862842, 4.5936987239, 3.7858429288, 9.7419227768, 5.8165013829, 7.6258834132, 5.6830304803, 0.92166673695, 2.4995162153, 1.1375309161, 1.704629697, 1.5590595591, 2.134162766, 1.3781919626, 1.3958606888, 1.0413666821, 1.8173385121, 1.4082880396, 1.2709347222, 1.6528496846, 1.4399605634, 1.6378934631, 1.0394949642, 1.6369047211, 1.8756133463, 1.6374116757, 1.2856292027, 1.1656654603, 1.909521498, 1.1331244683, 0.68078357753, 1.505353833, 1.207084182, 1.4203741102, 1.0130542479, 0.90708668199, 1.4974808887, 1.4347971149, 0.81698753541, 1.8239305503, 1.2887674847, 1.3894938322, 2.4135025899, 1.5799999554],
      [1.2029174331, 0.50496320418, 0.46875881374, 0.66723791615, 0.13552171711, 0.75597479192, 2.1393948029, 1.7042987487, 0.82858874976, 2.2541319509, 1.0245757528, 1.1100407619, 0.81596294155, 0.22909391317, 0.3944297273, 0.15724385993, 0.42272291334, 0.23794979216, 0.25341196019, 0.12004703853, 0.23677258266, 0.13409728969, 0.22551184584, 0.2122509954, 0.26786815178, 0.17892646776, 0.39849511629, 0.19247715133, 0.23062088872, 0.23014292182, 0.25063344279, 0.27111665856, 0.12913599812, 0.29030462018, 0.12641952287, 0.16134358289, 0.14563692979, 0.23389163242, 0.28520083353, 0.19688740851, 0.24830222141, 0.15900849914, 0.18945832658, 0.22457970551, 0.16926973168, 0.2288479697, 0.25951644761, 0.15035574094, 0.23840597138, 0.34050237961],
      [20.5008336366, 21.4689345776, 18.9590459043, 28.7210846194, 29.9941067997, 24.7317994885, 23.7164393926, 20.5627423517, 21.5827197625, 23.0069911357, 21.085753765, 19.7370662178, 9.9614056973, 1.6415790032, 7.4053964495, 4.1598493318, 5.8003231551, 3.7095560114, 5.0011733594, 4.9782499936, 4.9708970391, 1.8693258971, 5.8431618251, 5.6293489838, 2.8528596314, 4.128337231, 5.1650799298, 3.538711779, 3.4312279248, 5.0473280749, 8.3285492096, 4.0876417646, 3.1852064804, 2.222412002, 5.8817590817, 5.9204565211, 1.8680781306, 6.5996462826, 5.934233116, 5.6587274347, 3.9712521932, 2.8915549975, 4.5425849417, 4.9302096101, 4.8886577318, 5.3772000088, 5.1756012815, 5.9861483853, 2.7181249419, 5.7268064191],
      [9.2010587062, 10.5590492047, 4.2018075066, 8.1240842394, 4.7410204791, 12.4854554175, 7.0961938942, 7.6415402525, 8.5640831922, 11.5159583999, 7.5392502757, 9.31087615, 5.2202949717, 2.2006169298, 2.3533025091, 1.3848647703, 3.0406209104, 1.6185698053, 1.9504264321, 1.115976332, 1.5817385925, 1.0686361876, 1.6268669627, 1.8387866062, 1.7393979551, 1.1906363447, 2.5416546426, 1.3979870678, 1.1341644565, 1.6257842355, 2.4478207787, 1.6283355359, 1.4482782229, 1.3714471319, 1.6527493107, 1.5887215546, 1.2941464398, 2.0380562395, 1.8213995881, 1.9206562747, 1.0903759103, 1.2546747639, 1.8166875961, 1.3892538895, 1.110225799, 1.9071479008, 1.6418333199, 2.6038612517, 2.7410112563, 2.9276465241],
      [20.008674178, 21.4289851143, 23.0999852581, 19.3424472868, 21.5935826112, 16.3484101008, 23.8393434903, 22.4977199232, 21.2387653668, 17.4809957367, 28.5339188237, 30.2161334571, 14.3193059091, 6.0070434169, 4.3473550988, 4.1605111218, 7.0317033243, 3.8748648321, 4.6608254823, 4.4075346734, 6.814731097, 1.8865739436, 5.4871208542, 2.911325375, 4.8689395394, 3.8492502719, 4.4548097478, 5.2329305387, 3.1644917658, 3.4598400466, 6.0973832226, 5.3754943652, 2.951750096, 3.9501707855, 3.4295505868, 3.1963538732, 5.0113549223, 6.6230520124, 3.7520822804, 5.8033547718, 3.6770154272, 2.7876750575, 2.9537882469, 4.0211596799, 3.0148592022, 5.6628735704, 5.6342814663, 5.8701407899, 5.8889552405, 10.4250447217]
    ],
    [
      [4.2512198495, 4.7061900532, 5.7236030798, 3.4284885116, 4.0818936928, 4.9908516619, 3.6691517623, 3.4910528396, 1.3319021001, 3.4625011412, 2.7147630902, 3.4337478116, 12.3105958735, 12.3992683993, 25.6486086465, 21.582153521, 14.9728173556, 25.2803974903, 25.5631187663, 23.9291588812, 18.3646116614, 27.2633738632, 22.1928592332, 21.6935346978, 16.7609873393, 6.2468319067, 2.6304830244, 4.802953955, 3.0829441057, 4.5656585884, 2.609280908, 4.6618968967, 4.6959012372, 2.3133444164, 5.9648858457, 3.6026159661, 3.878132642, 3.4783108036, 3.6720746083, 3.9876638296, 3.175153355, 6.2745877649, 5.7121711197, 5.9647713921, 3.6981790875, 4.2663354022, 3.3596116597, 4.6797672132, 4.7253738944, 2.9552398883],
      [2.2498448194, 0.69582970196, 1.7544418219, 2.8650628897, 0.81634534914, 2.6616881046, 4.4122933262, 5.4414030569, 1.4622634288, 2.9296145036, 2.3588868075, 2.2127125472, 6.3986896077, 13.3422497688, 16.7595762635, 13.1239479233, 15.7847343815, 16.1868043009, 12.6722448093, 9.4030168537, 13.7962736499, 14.9022604539, 12.0344747092, 14.3264710971, 14.8542168028, 2.893924771, 3.075115399, 2.4127689491, 2.9237564538, 2.7522367098, 1.586247078, 3.2871791526, 2.0248282802, 2.4439228381, 1.7332615073, 2.3002294956, 3.6035343972, 2.5186876603, 3.7776716395, 2.4571601107, 3.3252545147, 4.7276972759, 3.0876786546, 4.0223363446, 3.4123189595, 2.3147543942, 2.9738002471, 2.3793376877, 1.940382954, 2.8431380229],
      [0.11805020105, 0.092403807786, 0.18905500407, 0.25905183734, 0.21634541472, 0.22929176033, 0.15133535398, 0.19047029466, 0.096976276144, 0.094267814653, 0.12985224431, 0.11426122263, 0.056762041607, 0.13135349845, 0.42405925161, 1.2015671395, 0.35942318248, 0.26480946331, 0.33707708791, 1.6137960854, 0.99864210246, 0.13245794427, 1.0095546792, 1.2126333023, 0.15504591252, 0.19633074501, 0.1101078919, 0.12918307309, 0.12696848493, 0.17702914087, 0.15515100195, 0.14139994354, 0.14322873928, 0.051890011037, 0.24572318845, 0.25654051218, 0.1340641921, 0.21407730706, 0.2382610928, 0.21331282857, 0.16009944374, 0.25195128528, 0.21688086757, 0.26961229334, 0.30790165856, 0.16410358629, 0.18037730406, 0.28028819919, 0.059688042993, 0.13685930468],
      [2.097936196, 1.7463743797, 1.5168158635, 2.5552162182, 1.3216006422, 4.2843985098, 1.797809181, 2.7888109177, 1.4019906924, 1.9833925767, 1.6904633833, 2.0077264304, 5.6420980538, 14.8059540618, 11.6051282158, 12.9068523089, 13.1278381958, 12.5292757972, 11.2240480944, 9.4164586114, 10.1272623694, 13.2426061562, 9.6126000395, 13.9121423891, 11.0972858668, 2.1848575006, 2.2427168802, 1.9895048263, 1.6287324509, 2.2001262989, 1.6461208235, 2.2512639819, 2.563952292, 1.3200005196, 2.5023976385, 2.4335406197, 3.5744441507, 2.2290000532, 2.634581775, 2.5458534622, 1.6303276534, 4.1768122975, 3.3217565136, 2.7783155247, 2.386020193, 2.1336019779, 2.0382606312, 4.0933814537, 2.5627646499, 2.5538822961],
      [2.2829489342, 1.7592020574, 3.8160842308, 2.8921805431, 2.5638149012, 2.8337699633, 2.9694103765, 4.0882628912, 1.7068675026, 1.5302239638, 3.1060344746, 3.2315519882, 7.5918544234, 19.3211742717, 10.5626276226, 19.1854791074, 14.7551868847, 14.7387129484, 13.2035112422, 18.6375695682, 21.713210217, 11.4593015824, 16.1505113388, 10.8552185138, 15.1324640785, 3.4780550768, 1.9415768045, 3.6655891966, 2.2375985048, 2.3049492621, 2.0032001885, 3.6582600254, 2.5720894514, 1.8708422148, 2.55373182, 2.4070734064, 6.809824618, 3.5599241758, 2.6774108844, 3.7960097689, 2.7091650332, 4.5689513764, 2.6615128445, 3.9649644452, 3.1955801014, 3.1212046394, 3.447950158, 4.5672254462, 2.7117904587, 4.510880488]
    ],
    [
      [3.3883324235, 3.9795255602, 3.5867148105, 2.3101652894, 4.1883875237, 2.1909481098, 1.9449250641, 1.7870350038, 2.7728042413, 1.4328389575, 2.343222714, 1.788190674, 3.6530837052, 1.5564510943, 1.6242077959, 2.1622068321, 2.2452838319, 0.85140924623, 3.094288903, 2.4789562458, 2.1556234428, 4.5193180395, 1.7265248426, 2.7195690863, 1.6601521788, 15.8180056148, 8.7230483875, 13.2644215137, 10.4856368217, 13.4979375011, 11.4122969184, 12.5198926729, 14.8002198078, 12.283364371, 16.9390602968, 11.1201813624, 7.3571000134, 4.7551427099, 1.5755675892, 1.179788234, 1.9136906785, 2.1089877878, 2.751945674, 3.734878358, 2.2073840606, 3.0705059141, 2.8865253617, 1.9228501461, 1.3455059725, 1.2459851093],
      [1.7664757974, 0.57795944356, 1.0810986014, 1.8959503362, 0.8188713183, 1.1513624156, 2.3017652225, 2.7467938297, 2.9966488955, 1.1924129368, 2.0006237641, 1.1325321704, 1.8767198554, 1.6488034848, 1.0513764875, 1.303030026, 2.3380954662, 0.53941451976, 1.5183925417, 0.96771118049, 1.6061064849, 2.443980496, 0.92961619262, 1.7791545928, 1.4521081426, 7.21579589, 10.187132627, 6.5858528505, 9.8448948806, 8.0296573911, 6.8042847489, 8.7399086549, 6.3219780194, 12.9114295103, 4.8344540537, 6.9912468645, 6.7984880412, 3.4171460393, 1.6122803534, 0.72301704313, 1.9960797061, 1.578296045, 1.478627464, 2.4982531614, 2.0262697358, 1.6550660782, 2.53985669, 0.97159203236, 0.54996184006, 1.190827215],
      [0.77926356109, 0.62787166603, 0.8400748949, 1.2557518324, 1.5893082093, 0.79959093826, 0.66369070476, 0.80775664325, 1.5717914425, 0.35444553403, 0.84999749347, 0.46846944571, 0.62622793282, 0.26675298943, 0.4786959409, 0.78130622021, 0.74109046978, 0.20042888357, 0.70543174316, 0.89313492676, 0.76198262339, 0.74794308536, 0.5522809574, 1.077743357, 0.36258410353, 3.8092280943, 2.687429077, 2.7359080501, 3.2851575769, 3.9987086458, 5.5550202521, 2.9143581464, 3.4280981756, 1.924628461, 5.4419817663, 6.4465418192, 1.9997999892, 2.2123117787, 0.77702160794, 0.46867061059, 0.75172106328, 0.67162837882, 0.83258914867, 1.2916977035, 1.3450900033, 0.91009696001, 1.1748979047, 0.83070242583, 0.15073010132, 0.44613751182],
      [5.9902835123, 5.2993392093, 3.4396629991, 6.2195510622, 4.912021692, 6.7476449267, 3.4240493116, 5.1150993946, 10.5674208685, 2.9450803568, 5.2529767331, 3.7582231052, 5.9960138202, 6.4373646384, 2.6937266899, 4.5649934657, 6.9348983941, 1.5489209657, 4.9438611277, 3.4769849509, 4.2392085798, 8.01363033, 2.690292436, 6.1545317324, 3.953601707, 19.4434246778, 26.6777737572, 19.435926996, 19.6273328603, 23.0404141524, 25.9833950297, 21.3899556286, 28.8393453257, 24.6733133054, 25.3935445466, 27.4153969056, 24.6436877993, 11.1393309812, 4.0746805302, 2.713721845, 3.5490205994, 5.0312902593, 5.7535321745, 6.2574059264, 5.1540380093, 5.5335017386, 6.3275548121, 6.0635906647, 2.6321373233, 3.8723372965],
      [3.0756447056, 2.5153041209, 4.0524486941, 3.3185814799, 4.4914112567, 2.1104536097, 2.665569697, 3.5433151287, 6.0913345522, 1.0752222149, 4.5531792953, 2.8525846048, 3.8479546865, 4.0906277931, 1.1519930857, 3.1884634561, 3.740631838, 0.8598263847, 2.7380256845, 3.183212696, 4.2370788691, 3.2751280492, 2.1012855714, 2.2690012315, 2.571553868, 14.7135457231, 10.7246161512, 16.9778905897, 12.7569778605, 11.4332823096, 15.245003051, 16.4358848973, 13.6103586715, 16.2072643523, 12.3909593366, 13.0266330484, 22.2009241569, 8.4760684909, 1.9604499193, 1.9148022673, 2.7894879526, 2.6097975291, 2.1833055387, 4.2177648507, 3.2672181911, 3.8308293091, 5.0711652315, 3.211264731, 1.3216647629, 3.2447128673]
    ],
    [
      [0.27393168084, 0.27621648737, 0.41927959239, 0.11620026077, 0.1939503906, 0.13984002711, 0.17729475359, 0.12821343279, 0.10945072981, 0.36273712452, 0.12551281293, 0.15217810116, 0.35328994099, 0.12261376948, 0.22766734232, 0.11810873085, 0.077269115582, 0.30913370436, 0.20842956473, 0.21369291035, 0.083904206985, 0.17594141525, 0.2632774121, 0.17860817631, 0.30792575959, 0.28231279393, 0.20650802465, 0.29473106821, 0.39192410838, 0.29949918939, 0.10280882733, 0.18079875472, 0.21824975235, 0.23762575224, 0.18653235946, 0.14407820326, 0.083983767044, 0.26119265344, 0.54527362054, 0.41217382624, 0.89810171863, 0.70933776527, 1.0384023175, 0.86555313495, 0.2774493165, 0.83922813348, 0.46509549395, 0.0078888085361, 1.5156175432, 0.21877504696],
      [0.78076195015, 0.22124765029, 0.69570076301, 0.57174885796, 0.22926161545, 0.43097468787, 1.1465466484, 1.1075043647, 0.71249892597, 1.6238406087, 0.61591367559, 0.54471452055, 0.90862759541, 0.77985283319, 0.7946175217, 0.41577819084, 0.454447239, 1.0358313872, 0.55595068884, 0.50922492725, 0.36084728259, 0.51966176038, 0.81039725233, 0.68212331473, 1.4258069028, 0.71135287125, 1.3392568577, 0.8089010491, 2.0007277769, 0.98796297731, 0.35883473026, 0.70179553401, 0.52405770229, 1.3543430315, 0.30586491612, 0.54718005703, 0.45234063185, 1.830274668, 4.3248471736, 2.6229354377, 5.4303635577, 3.5349981799, 3.2442355548, 3.2548307885, 3.3921415731, 2.8013315579, 3.2268266153, 1.498714539, 3.2712492346, 2.6255323825],
      [2.6018526013, 1.8107899485, 4.0118241968, 2.7641117109, 3.2002395763, 2.2393178129, 2.4685345486, 2.4390307104, 2.7485125189, 3.5442955156, 1.9343964973, 1.6802031139, 2.3556043282, 0.96031450894, 2.691848358, 1.8572773084, 1.0991631927, 2.8252056417, 1.9563178095, 3.5148189943, 1.2684782351, 1.2502730733, 3.5950025383, 3.080274357, 2.6295103525, 2.8661039296, 3.0373831012, 2.5961970978, 5.1566460134, 3.7769341384, 1.9612795363, 1.8566001455, 2.2434666048, 1.8010695259, 2.4305359635, 3.3764611476, 0.99805768809, 8.9739646317, 16.0504841833, 13.6592891261, 15.1169272998, 11.1848653384, 13.407945042, 12.5084803931, 18.4583506064, 11.5485994449, 11.4691235097, 10.9028609897, 6.0714569138, 7.6901967644],
      [5.7107215855, 4.3952372064, 4.8417136308, 4.1011484802, 3.0253571867, 5.482501146, 3.6819476132, 4.4545494351, 5.4665052469, 8.5555686665, 3.5173096079, 3.9231743144, 6.1415931543, 6.5560643701, 4.3478425852, 3.1432894552, 2.8966424997, 6.3032334318, 3.8816643459, 3.9905801057, 2.0517904583, 3.6751273262, 5.0702405617, 5.0945392723, 8.2097144711, 4.1810814769, 7.53785472, 5.1765811099, 8.6097702324, 6.1336753132, 2.9226633682, 3.7304448537, 5.1484241594, 5.635239043, 3.4513085042, 4.5623409202, 3.4877216103, 13.5936127261, 24.4693381067, 22.819768418, 20.7302758369, 24.5372226794, 27.1080237158, 17.5750246593, 20.3497159987, 20.4257483827, 17.9923512368, 23.2391666299, 32.0640867705, 19.6461338832],
      [4.6327321822, 3.2965087074, 9.031481817, 3.4467906901, 4.3511912309, 2.7073663262, 4.5256764362, 4.870702057, 4.9630325784, 4.9135580847, 4.8068674063, 4.69972995, 6.2408849811, 6.5811545183, 2.9380241929, 3.4655463147, 2.472477953, 5.5265958349, 3.3976375911, 5.7716830624, 3.234979817, 2.3789964249, 6.2610822356, 2.9644548797, 8.427042514, 4.9591489282, 4.8789972965, 7.123589675, 8.840931869, 4.8019283817, 2.6544135379, 4.5303607121, 3.8658017812, 5.9717226473, 2.6257582566, 3.3699396719, 4.9778963028, 16.3409553208, 18.6100569159, 25.485833192, 25.824331587, 20.0335760371, 16.2013933699, 18.7961110242, 20.5223425053, 22.385092481, 22.8466031442, 19.3513690328, 25.0775895379, 25.819361923]
    ]
  ],
  "prob": [
    [0.119096865, 0.017626598259, 0.3640769436, 0.13704402617, 0.36215556696],
    [0.33460081667, 0.21941005638, 0.011471658449, 0.18885144129, 0.24566602721],
    [0.19286407079, 0.12529552091, 0.059915016681, 0.38398802812, 0.23793736349],
    [0.012638247538, 0.05526782445, 0.19973638127, 0.37091650441, 0.36144104233]
  ],
  "iterations": 17,
  "logLik": -520.5424906616,
  "time": 5.1e-05,
  "message": "Converged",
  "status": 0,
  "miniter": 0,
  "maxiter": 1000,
  "maxtime": 3600,
  "param_threshold": 0.001,
  "ll_threshold": "-Inf",
  "initial_prob": "group_proportional",
  "adjust_prob_cond_method": "project_lp",
  "adjust_prob_cond_every": false
}
