{
  "X": [
    [21, 8, 15, 43, 13],
    [11, 8, 19, 47, 15],
    [18, 10, 17, 47, 8],
    [17, 10, 18, 42, 13],
    [17, 10, 18, 38, 17],
    [15, 10, 18, 45, 12],
    [20, 14, 12, 38, 16],
    [21, 13, 17, 39, 10],
    [22, 12, 16, 43, 7],
    [20, 8, 11, 39, 22],
    [24, 8, 17, 34, 17],
    [21, 12, 12, 38, 17],
    [13, 8, 16, 48, 15],
    [5, 9, 19, 57, 10],
    [12, 12, 12, 50, 14],
    [7, 11, 14, 57, 11],
    [10, 10, 14, 57, 9],
    [7, 4, 10, 59, 20],
    [6, 10, 24, 44, 16],
    [6, 10, 18, 48, 18],
    [7, 7, 14, 58, 14],
    [12, 6, 12, 60, 10],
    [8, 11, 15, 49, 17],
    [8, 6, 15, 53, 18],
    [13, 7, 24, 46, 10],
    [24, 17, 14, 25, 20],
    [26, 14, 13, 31, 16],
    [25, 13, 12, 21, 29],
    [22, 15, 12, 28, 23],
    [25, 17, 15, 18, 25],
    [23, 11, 7, 37, 22],
    [13, 13, 10, 34, 30],
    [27, 7, 14, 29, 23],
    [26, 8, 13, 26, 27],
    [24, 8, 18, 37, 13],
    [20, 12, 13, 31, 24],
    [21, 9, 15, 35, 20],
    [22, 22, 9, 32, 15],
    [11, 24, 10, 38, 17],
    [10, 17, 15, 45, 13],
    [17, 21, 11, 43, 8],
    [11, 26, 11, 35, 17],
    [16, 26, 6, 35, 17],
    [18, 19, 9, 36, 18],
    [12, 23, 12, 38, 15],
    [16, 21, 12, 38, 13],
    [15, 24, 14, 35, 12],
    [13, 26, 13, 33, 15],
    [13, 30, 16, 30, 11],
    [11, 26, 13, 39, 11]
  ],
  "W": [
    [61, 13, 16, 10],
    [58, 16, 13, 13],
    [62, 17, 11, 10],
    [61, 14, 15, 10],
    [61, 10, 14, 15],
    [56, 18, 18, 8],
    [67, 14, 10, 9],
    [55, 16, 7, 22],
    [68, 9, 13, 10],
    [54, 14, 16, 16],
    [56, 16, 19, 9],
    [68, 8, 15, 9],
    [40, 31, 15, 14],
    [12, 63, 8, 17],
    [14, 59, 12, 15],
    [10, 67, 9, 14],
    [14, 61, 16, 9],
    [11, 71, 12, 6],
    [12, 65, 8, 15],
    [15, 59, 13, 13],
    [10, 68, 12, 10],
    [14, 57, 12, 17],
    [16, 65, 12, 7],
    [12, 70, 8, 10],
    [20, 50, 13, 17],
    [8, 15, 64, 13],
    [12, 11, 70, 7],
    [11, 18, 61, 10],
    [13, 11, 59, 17],
    [11, 11, 69, 9],
    [16, 16, 56, 12],
    [13, 17, 56, 14],
    [14, 8, 63, 15],
    [11, 10, 71, 8],
    [18, 12, 63, 7],
    [15, 13, 60, 12],
    [11, 14, 66, 9],
    [11, 10, 36, 43],
    [11, 11, 11, 67],
    [13, 12, 11, 64],
    [19, 13, 7, 61],
    [9, 13, 12, 66],
    [14, 9, 10, 67],
    [17, 12, 9, 62],
    [10, 13, 12, 65],
    [15, 13, 10, 62],
    [15, 7, 15, 63],
    [13, 9, 18, 60],
    [12, 12, 14, 62],
    [11, 9, 10, 70]
  ],
  "method": "mult",
  "cond_prob": [
    [
      [0.23300416481, 0.054920060832, 0.16636457451, 0.44652210541, 0.099189094426],
      [0.019449295799, 0.029535462711, 0.15820187226, 0.67716754993, 0.11564581931],
      [0.33032018503, 0.089084518099, 0.11522232276, 0.19708043783, 0.26829253627],
      [0.12487821405, 0.28405629844, 0.095157945105, 0.38056864154, 0.11533890087]
    ],
    [
      [0.1282443851, 0.051131731998, 0.21491708746, 0.48797366736, 0.11773312808],
      [0.0089064750091, 0.024856379783, 0.18373190184, 0.65761965229, 0.12488559107],
      [0.19428296618, 0.089003089352, 0.1553752347, 0.22321092525, 0.33812778452],
      [0.06874180797, 0.26766286969, 0.1211708036, 0.40568237139, 0.13674214734]
    ],
    [
      [0.21058348221, 0.072680694631, 0.18559660068, 0.46747749127, 0.063661731211],
      [0.016797762119, 0.037993635959, 0.17445810889, 0.69644330495, 0.07430718809],
      [0.32584210132, 0.12493331423, 0.13862728854, 0.22147644728, 0.18912084862],
      [0.10739990326, 0.3473638665, 0.10023227329, 0.37406184369, 0.070942113253]
    ],
    [
      [0.19152083406, 0.071769401899, 0.20018724557, 0.43577582575, 0.10074669273],
      [0.015412815509, 0.037104629858, 0.18665770255, 0.64551474271, 0.11531010937],
      [0.27564705276, 0.11463792624, 0.1400386223, 0.19376127106, 0.27591512765],
      [0.096674391413, 0.33830327726, 0.10747908503, 0.34740491651, 0.11013832978]
    ],
    [
      [0.19261170423, 0.062104808326, 0.20491632847, 0.40348110812, 0.13688605086],
      [0.015852452282, 0.032697005149, 0.19216153907, 0.60438420967, 0.15490479383],
      [0.25748408323, 0.0942472711, 0.1344418723, 0.16864905718, 0.34517771619],
      [0.099158956946, 0.30434498968, 0.11308682404, 0.33218156716, 0.15122766217]
    ],
    [
      [0.16912621768, 0.07556705497, 0.20075774442, 0.46724663292, 0.087302350016],
      [0.012426671217, 0.037979470394, 0.18205843746, 0.66889151813, 0.09864390279],
      [0.25706393455, 0.12627192601, 0.14640208108, 0.21626273396, 0.2539993244],
      [0.084762613299, 0.35146497331, 0.10565962231, 0.36267650238, 0.095436288705]
    ],
    [
      [0.23645981432, 0.11455372676, 0.13098373044, 0.37968313945, 0.13831958903],
      [0.020893735925, 0.061193454649, 0.1328613992, 0.61813978943, 0.1669116208],
      [0.29421843657, 0.15098831434, 0.080974157239, 0.14975744318, 0.32406164867],
      [0.10249953022, 0.43981208873, 0.061587655505, 0.26774424142, 0.12835648412]
    ],
    [
      [0.27143551623, 0.071883916938, 0.19229650157, 0.3795848791, 0.08479918617],
      [0.02517086826, 0.041081773777, 0.19842479958, 0.62899185192, 0.10633070646],
      [0.37130560897, 0.1110864003, 0.13023259074, 0.16472468701, 0.22265071298],
      [0.13950788421, 0.34597597209, 0.10623943115, 0.31390405498, 0.094372657569]
    ],
    [
      [0.23556121809, 0.086120563112, 0.17467846737, 0.44883397862, 0.054805772809],
      [0.020068556923, 0.046107095212, 0.17061952718, 0.69664254648, 0.066562274202],
      [0.35746848736, 0.14285437962, 0.12889760808, 0.21034402541, 0.16043549953],
      [0.11541298219, 0.38717309164, 0.091061956946, 0.3475034205, 0.058848548732]
    ],
    [
      [0.24023879745, 0.047473164933, 0.12746425337, 0.40795426613, 0.17686951812],
      [0.020737364117, 0.025835797873, 0.12226440942, 0.63042919404, 0.20073323455],
      [0.29355168941, 0.068175701855, 0.077284808597, 0.15777025216, 0.40321754797],
      [0.1274971756, 0.24899604336, 0.073041978029, 0.35125855487, 0.19920624815]
    ],
    [
      [0.27837890466, 0.057733392316, 0.18922097017, 0.34505488306, 0.12961184979],
      [0.026637425792, 0.033318741565, 0.19710316285, 0.58278560909, 0.1601550607],
      [0.35058073965, 0.083332814152, 0.11924813289, 0.13862002499, 0.30821828832],
      [0.14706094143, 0.29450074404, 0.10936228219, 0.30206403648, 0.14701199586]
    ],
    [
      [0.22821503985, 0.09175457515, 0.1336086503, 0.40723300191, 0.13918873279],
      [0.019476372029, 0.048114918158, 0.13101277153, 0.63915474557, 0.16224119271],
      [0.29158696496, 0.12716189066, 0.084334295903, 0.16357457901, 0.33334226947],
      [0.1057513155, 0.38537124274, 0.066832796526, 0.30458880228, 0.13745584295]
    ],
    [
      [0.18242395721, 0.052180222135, 0.18494990813, 0.46633969319, 0.11410621934],
      [0.011928893732, 0.025026171774, 0.16760323593, 0.6693050518, 0.12613664677],
      [0.26463262109, 0.086872177682, 0.12909324904, 0.20737968046, 0.31202227172],
      [0.097411192118, 0.2738497946, 0.10499318752, 0.3919471757, 0.13179865006]
    ],
    [
      [0.14223821415, 0.06802112199, 0.22848605838, 0.47807062971, 0.083183975782],
      [0.0047059670706, 0.027159253006, 0.20225080119, 0.67901650449, 0.086867474241],
      [0.22465051559, 0.11889724703, 0.17492353345, 0.23375039545, 0.24777830848],
      [0.07055655177, 0.32479621297, 0.1245281504, 0.38912408806, 0.090994996801]
    ],
    [
      [0.27478503075, 0.08943063881, 0.1338840357, 0.39730867178, 0.10459162296],
      [0.031121939614, 0.056398670621, 0.13674338678, 0.6435929689, 0.13214303408],
      [0.36237165426, 0.12927621079, 0.086237570363, 0.16178387894, 0.26033068564],
      [0.13122368541, 0.39127566403, 0.068194189048, 0.3016191255, 0.10768733601]
    ],
    [
      [0.20502672851, 0.090637774005, 0.16171785797, 0.45469938564, 0.08791825387],
      [0.014139842695, 0.048797086934, 0.15254332519, 0.68430032443, 0.10021942076],
      [0.29714338622, 0.14417618412, 0.11402625843, 0.20443032925, 0.24022384198],
      [0.094862341307, 0.39475941273, 0.081155879069, 0.34035796026, 0.088864406634]
    ],
    [
      [0.21822012659, 0.088832046231, 0.15810369604, 0.46974175908, 0.065102372046],
      [0.012340981501, 0.046723423796, 0.15084881043, 0.71609839003, 0.07398839424],
      [0.32916829147, 0.14758270757, 0.11630319799, 0.22110178978, 0.1858440132],
      [0.10282507696, 0.39387768667, 0.080435516834, 0.35599832713, 0.066863392395]
    ],
    [
      [0.20283509282, 0.044000558697, 0.11578552127, 0.4783142316, 0.15906459561],
      [0.012636785159, 0.019616290887, 0.10462940362, 0.68872755126, 0.17438996908],
      [0.2682268162, 0.064214530507, 0.074589301337, 0.19674173034, 0.39622762162],
      [0.10881340638, 0.22544380588, 0.067099998815, 0.41299775819, 0.18564503074]
    ],
    [
      [0.16939635183, 0.078719041757, 0.27444927565, 0.34873482008, 0.12870051069],
      [0.013772656879, 0.041617702053, 0.26290419519, 0.53122675634, 0.15047868954],
      [0.22882727255, 0.11693343631, 0.18053144456, 0.14615739969, 0.32755044689],
      [0.082760193366, 0.36098355833, 0.14490562989, 0.27441225331, 0.13693836511]
    ],
    [
      [0.14206324151, 0.083015684784, 0.21581082794, 0.41627502011, 0.14283522565],
      [0.008512831592, 0.040582077303, 0.19476616435, 0.59990560274, 0.15623332401],
      [0.19260353656, 0.12397091722, 0.14256261712, 0.17558679339, 0.36527613571],
      [0.06638064139, 0.36529232643, 0.10910152784, 0.31375506326, 0.14547044109]
    ],
    [
      [0.19434695555, 0.064683216619, 0.16201419801, 0.46994139137, 0.10901423845],
      [0.010713843148, 0.029749055462, 0.14902799617, 0.69039916667, 0.12010993855],
      [0.27897625188, 0.10235128847, 0.11331638077, 0.21020174718, 0.29515433169],
      [0.09802740879, 0.31020166007, 0.088615771111, 0.38310217864, 0.12005298138]
    ],
    [
      [0.26489875856, 0.039709554749, 0.13525150032, 0.48627092276, 0.073869263613],
      [0.016443153124, 0.015901664706, 0.13133487828, 0.75069818768, 0.085622116214],
      [0.39762176481, 0.066662823396, 0.098894976691, 0.22745001216, 0.20937042294],
      [0.15192332202, 0.21986573321, 0.084332424323, 0.4513535434, 0.092524977053]
    ],
    [
      [0.19728970846, 0.11166977025, 0.16772717485, 0.39147321799, 0.13184012845],
      [0.018214285803, 0.0643807837, 0.16155989021, 0.59941428157, 0.15643075871],
      [0.25570931193, 0.15882270606, 0.10609634114, 0.15719550593, 0.32217613494],
      [0.084417763463, 0.44609432326, 0.07740232069, 0.26973630558, 0.12234928701]
    ],
    [
      [0.23653790503, 0.055001315146, 0.1647889604, 0.40154721749, 0.14212460193],
      [0.020750709106, 0.027898201426, 0.16067243096, 0.62096945086, 0.16970920765],
      [0.30740213388, 0.078882226391, 0.10426948357, 0.16185456901, 0.34759158715],
      [0.12497784312, 0.27560523073, 0.094130643983, 0.34187352777, 0.1634127544]
    ],
    [
      [0.24321317425, 0.043443656407, 0.26463941448, 0.37672031345, 0.071983441417],
      [0.020743532118, 0.019751329379, 0.26772320659, 0.60405605309, 0.087725878817],
      [0.36014807238, 0.073075859633, 0.19127375088, 0.17378938846, 0.20171292865],
      [0.14215499813, 0.24668083692, 0.16673485997, 0.35314876625, 0.091280538724]
    ],
    [
      [0.23513529377, 0.10029792941, 0.19598293129, 0.36987715728, 0.098706688256],
      [0.021486630365, 0.056913490636, 0.19906224693, 0.60061960969, 0.12191802238],
      [0.31846985659, 0.15335452248, 0.12800184512, 0.1485408415, 0.25163293431],
      [0.10881133636, 0.42532498205, 0.096468058312, 0.27115959542, 0.098236027867]
    ],
    [
      [0.21779238325, 0.084826617208, 0.16783344491, 0.45929405312, 0.070253501506],
      [0.017428291853, 0.044415391639, 0.1595357957, 0.6974072902, 0.081213230604],
      [0.32080776315, 0.14051857181, 0.1231769547, 0.21909133465, 0.19640537569],
      [0.10546239572, 0.37960160838, 0.086959725666, 0.35437110641, 0.073605163823]
    ],
    [
      [0.26975339749, 0.088715417949, 0.17323619127, 0.31046441682, 0.15783057648],
      [0.029230334105, 0.052436709445, 0.18425578151, 0.52906685371, 0.20501032123],
      [0.33140180223, 0.1180590501, 0.096753194394, 0.093766659114, 0.36001929416],
      [0.12910566779, 0.38786675765, 0.087585297082, 0.23419218424, 0.16125009325]
    ],
    [
      [0.21606488301, 0.081921585297, 0.16839322189, 0.41514262806, 0.11847768175],
      [0.018302836576, 0.043441331301, 0.16187690996, 0.63812897958, 0.13824994258],
      [0.29169234064, 0.12306838912, 0.11100532699, 0.17193039686, 0.30230354639],
      [0.1047045424, 0.36447822286, 0.087113400782, 0.31999021442, 0.12371361953]
    ],
    [
      [0.24202310283, 0.11242981169, 0.22037989116, 0.29849445449, 0.12667273983],
      [0.023575587391, 0.066337968367, 0.23528767903, 0.51079127422, 0.16400749099],
      [0.30595372541, 0.15822184661, 0.13117136371, 0.10442625543, 0.30022680883],
      [0.10751192824, 0.45736077812, 0.10409251463, 0.21027170659, 0.12076307242]
    ],
    [
      [0.22761700948, 0.066171440356, 0.092471836839, 0.50064819838, 0.11309151495],
      [0.017766064928, 0.033451971402, 0.085276296863, 0.73682748934, 0.12667817747],
      [0.31602952585, 0.10164338056, 0.063513921308, 0.2208513261, 0.29796184618],
      [0.11468478018, 0.30949967503, 0.049937522291, 0.40272622789, 0.1231517946]
    ],
    [
      [0.13738966863, 0.079149168644, 0.14024863636, 0.48174500561, 0.16146752076],
      [0.0096127858502, 0.037549836169, 0.12088418516, 0.66305689793, 0.16889629489],
      [0.18133216856, 0.11678596362, 0.091739344546, 0.20396657463, 0.40617594863],
      [0.063993964908, 0.34233568784, 0.070309520358, 0.36022996306, 0.16313086383]
    ],
    [
      [0.23933501305, 0.035897260517, 0.18687287956, 0.42864689754, 0.10924794933],
      [0.020379149091, 0.018851085574, 0.17856063906, 0.6556412089, 0.12656791737],
      [0.33910941014, 0.053367801502, 0.12993767581, 0.18590786104, 0.29167725151],
      [0.14149225236, 0.19896387823, 0.11794806652, 0.40277456786, 0.13882123503]
    ],
    [
      [0.23033090223, 0.049524562287, 0.17946998046, 0.41475178151, 0.12592277351],
      [0.01967089369, 0.026007977305, 0.17197591383, 0.63591109583, 0.14643411935],
      [0.31342642756, 0.072780664901, 0.11915418828, 0.17132873279, 0.32330998647],
      [0.12704684772, 0.25346535422, 0.1057654636, 0.36428492712, 0.14943740734]
    ],
    [
      [0.1943198179, 0.046227527411, 0.21432252921, 0.48942124524, 0.055708880239],
      [0.013580529481, 0.022961468753, 0.19459864391, 0.70663405039, 0.062225307467],
      [0.31049607058, 0.081875927672, 0.17293870847, 0.26386115638, 0.17082813691],
      [0.11114635398, 0.24774049118, 0.13026744482, 0.44107944702, 0.069766263003]
    ],
    [
      [0.19056531709, 0.071027513009, 0.17484160767, 0.44341272318, 0.12015283905],
      [0.01509705357, 0.036002974963, 0.16123606898, 0.65304738477, 0.13461651772],
      [0.26338873831, 0.10876591439, 0.11931773984, 0.19364792726, 0.31487968021],
      [0.095161187389, 0.32838281392, 0.093520216506, 0.3533597929, 0.12957598928]
    ],
    [
      [0.18161908957, 0.052107768355, 0.19067437875, 0.48680257798, 0.088796185344],
      [0.01273077596, 0.025308517847, 0.17055633325, 0.69516856169, 0.096235811251],
      [0.27177927406, 0.086328149285, 0.14417468066, 0.24415056351, 0.25356733248],
      [0.098503007006, 0.26387082727, 0.11102936053, 0.42209717629, 0.1044996289]
    ],
    [
      [0.26752040175, 0.083255008526, 0.13335423448, 0.42316357271, 0.092706782538],
      [0.023663125613, 0.046506243911, 0.13446150226, 0.68182708835, 0.11354203986],
      [0.36600862424, 0.12704590751, 0.088967534822, 0.17813333454, 0.23984459889],
      [0.13126357795, 0.37315069295, 0.06943388708, 0.32823557612, 0.097916265892]
    ],
    [
      [0.18475018859, 0.071465839296, 0.15678580341, 0.44877363922, 0.13822452949],
      [0.014567332732, 0.035884031692, 0.14304495263, 0.65326884737, 0.15323483557],
      [0.24912698456, 0.10624503156, 0.10329196195, 0.18835511552, 0.3529809064],
      [0.090553887093, 0.3231411354, 0.08306940451, 0.35530785637, 0.14792771663]
    ],
    [
      [0.15367493666, 0.047144790104, 0.2139018601, 0.4876965413, 0.097581871837],
      [0.011193606578, 0.02201162909, 0.18637753333, 0.67706505715, 0.10335217385],
      [0.23723500528, 0.081295488673, 0.16115912137, 0.23459561698, 0.2857147677],
      [0.082161210726, 0.23794887194, 0.12828117318, 0.43679082016, 0.11481792399]
    ],
    [
      [0.26921912053, 0.062116321331, 0.15237568842, 0.45212855039, 0.064160319325],
      [0.023322298692, 0.033800555278, 0.15099799486, 0.7145315715, 0.077347579664],
      [0.39851021306, 0.10267542038, 0.11017634773, 0.20832662214, 0.18031139668],
      [0.14413238255, 0.30592876612, 0.088043500862, 0.38790755341, 0.073987797056]
    ],
    [
      [0.19071244471, 0.07988919215, 0.17489913646, 0.41617713438, 0.13832209231],
      [0.015497491873, 0.04143990105, 0.16375848033, 0.62188674568, 0.15741738107],
      [0.25244955331, 0.11651477246, 0.11307124457, 0.17124169789, 0.34672273178],
      [0.091707969144, 0.35369850436, 0.090002918073, 0.31992390488, 0.14466670355]
    ],
    [
      [0.26578053127, 0.078677301945, 0.094375034995, 0.41894978437, 0.14221734743],
      [0.023273725627, 0.043258550398, 0.094107041262, 0.66731576147, 0.17204492125],
      [0.33310954255, 0.10849143101, 0.057828476523, 0.16316786435, 0.33740268557],
      [0.13042557621, 0.3496160673, 0.048559721992, 0.32085347048, 0.15054516402]
    ],
    [
      [0.28399848349, 0.055660536346, 0.12790993879, 0.38914643839, 0.14328460298],
      [0.026115961926, 0.031143371575, 0.13055937666, 0.63488604892, 0.17729524092],
      [0.35434753437, 0.07779596536, 0.078221001925, 0.15139387597, 0.33824162237],
      [0.1559597811, 0.27386914089, 0.07346499199, 0.32908601736, 0.16762006866]
    ],
    [
      [0.198284229, 0.068219516669, 0.18226992739, 0.43384593343, 0.11738039351],
      [0.0159816545, 0.034883780821, 0.17011522667, 0.64591961406, 0.13309972394],
      [0.27538133298, 0.10449780501, 0.12372015378, 0.18767341442, 0.3087272938],
      [0.10007415701, 0.31708218496, 0.099710168215, 0.354038534, 0.12909495582]
    ],
    [
      [0.25355674728, 0.062006862886, 0.17132624988, 0.41162951173, 0.10148062822],
      [0.022258288896, 0.033669618758, 0.16999982724, 0.65177041467, 0.12230185044],
      [0.34895054626, 0.094792568246, 0.11533712913, 0.17644705713, 0.26447269923],
      [0.13577073504, 0.30135913436, 0.097850600103, 0.34819469939, 0.11682483111]
    ],
    [
      [0.21632205858, 0.070769140571, 0.20865101091, 0.41457514938, 0.089682640553],
      [0.018126679344, 0.037627466566, 0.20119342839, 0.63785243296, 0.10519999274],
      [0.31096739469, 0.11226195669, 0.14666058981, 0.18565671174, 0.24445334708],
      [0.11053605469, 0.33319271865, 0.11526939667, 0.34177071512, 0.099231114864]
    ],
    [
      [0.19354792079, 0.083558821512, 0.20127120883, 0.40867932068, 0.11294272818],
      [0.015817778757, 0.043817737565, 0.19103301563, 0.61901768006, 0.13031378799],
      [0.26685106441, 0.12698402836, 0.13559863568, 0.17537551112, 0.29519076044],
      [0.092303297693, 0.37056105286, 0.1037233617, 0.31598750851, 0.11742477923]
    ],
    [
      [0.21085984669, 0.0966307909, 0.24781770544, 0.35784420439, 0.086847452576],
      [0.01817168265, 0.054147328296, 0.24859513191, 0.5731737085, 0.10591214865],
      [0.29546861891, 0.1486401454, 0.16947519233, 0.15557393499, 0.23084210838],
      [0.098630015858, 0.42112420216, 0.12371602031, 0.26854435412, 0.087985407548]
    ],
    [
      [0.18031262968, 0.073365927427, 0.20214461563, 0.45588197259, 0.088294854676],
      [0.014099054621, 0.037022595225, 0.18502816469, 0.66557499363, 0.098275191842],
      [0.26947573305, 0.12072217869, 0.14749093936, 0.21204669692, 0.25026445198],
      [0.088498746449, 0.33789356649, 0.1090892336, 0.36963794842, 0.094880505031]
    ]
  ],
  "expected_outcome": [
    [
      [14.2132540536, 7.4381743359, 13.0561758968, 11.6827708774, 11.7493139578, 9.4710681898, 15.8428075594, 14.9289533925, 16.0181628302, 12.9728950622, 15.5892186612, 15.5186227099, 7.2969582883, 1.7068585697, 3.8469904305, 2.0502672851, 3.0550817723, 2.231186021, 2.0327562219, 2.1309486227, 1.9434695555, 3.7085826198, 3.1566353354, 2.8384548603, 4.8642634849, 1.8810823501, 2.613508599, 2.9672873724, 2.8088434791, 2.6622541311, 3.6418721516, 1.7860656922, 3.3506901827, 2.5336399245, 3.4977567222, 2.8584797563, 1.9978099853, 2.9427244192, 2.0322520745, 1.9977741766, 5.1151632901, 1.7164120023, 3.7209274377, 4.8279742194, 1.98284229, 3.8033512093, 3.2448308788, 2.5161229703, 2.5303181603, 1.9834389265],
      [3.3501237107, 2.9656404559, 4.5062030671, 4.3779335158, 3.7883933079, 4.2317550783, 7.6750996929, 3.9536154316, 5.8561982916, 2.5635509064, 3.2330699697, 6.2393111102, 2.0872088854, 0.81625346388, 1.2520289433, 0.90637774005, 1.2436486472, 0.48400614567, 0.94462850108, 1.2452352718, 0.64683216619, 0.55593376648, 1.7867163239, 0.66001578175, 0.86887312814, 0.80238343528, 1.0179194065, 0.97586959744, 1.0649806089, 1.2367279285, 1.0587430457, 1.0289391924, 0.50256164724, 0.54477018516, 0.83209549339, 1.0654126951, 0.5731854519, 0.91580509378, 0.78612423225, 0.61288227136, 1.1802101053, 0.71900272935, 1.1014822272, 0.94622911788, 0.68219516669, 0.93010294329, 1.0615371086, 1.0862646797, 1.1595694908, 0.8070252017],
      [10.1482390454, 12.4651910726, 11.506989242, 12.2114219795, 12.4998960366, 11.2424336877, 8.7759099393, 10.5763075861, 11.8781357808, 6.8830696821, 10.5963743297, 9.0853882205, 7.3979963253, 2.7418327005, 1.8743764997, 1.6171785797, 2.2134517446, 1.273640734, 3.2933913077, 3.237162419, 1.6201419801, 1.8935210045, 2.6836347975, 1.9774675248, 5.2927882896, 1.5678634503, 2.014001339, 1.905598104, 2.1891118845, 2.4241788027, 1.4795493894, 1.8232322726, 2.6162203139, 1.9741697851, 3.8578055258, 2.622624115, 2.0974181663, 1.4668965793, 1.7246438375, 2.7807241813, 2.8951380801, 1.5740922281, 1.3212504899, 2.1744689595, 1.8226992739, 2.5698937482, 3.1297651637, 2.6165257148, 2.9738124653, 2.2235907719],
      [27.2378484303, 28.3024727069, 28.9836044589, 26.582325371, 24.6123475954, 26.1658114433, 25.4387703434, 20.8771683505, 30.5207105463, 22.0295303709, 19.3230734514, 27.6918441297, 18.6535877276, 5.7368475565, 5.5623214049, 4.5469938564, 6.5763846272, 5.2614565477, 4.1848178409, 6.2441253017, 4.6994139137, 6.8077929186, 6.2635714879, 4.8185666099, 7.534406269, 2.9590172583, 5.5115286375, 3.415108585, 5.3968541648, 3.2834389994, 8.010371174, 6.2626850729, 6.0010565656, 4.5622695966, 8.8095824143, 6.6511908477, 5.3548283578, 4.6547992998, 4.9365100314, 6.3400550369, 8.5904424573, 3.7455942094, 5.8652969811, 6.6154894526, 4.3384593343, 6.174442676, 6.2186272407, 5.3128311689, 4.2941304527, 5.0147016984],
      [6.05053476, 6.8285214288, 3.9470273351, 6.1455482563, 8.3500491024, 4.8889316009, 9.267412465, 4.6639552393, 3.726792551, 9.5509539784, 7.258263588, 9.4648338297, 4.5642487734, 0.99820770938, 1.4642827215, 0.8791825387, 0.91143320865, 1.7497105517, 1.5444061283, 2.1425283848, 1.0901423845, 1.0341696906, 2.1094420552, 1.7054952232, 1.4396688283, 0.78965350605, 0.84304201807, 1.7361363413, 1.5402098627, 1.3934001381, 1.8094642392, 2.0990777699, 1.5294712906, 1.3851505086, 1.0027598443, 1.8022925857, 0.97675803878, 1.0197746079, 1.5204698244, 1.2685643339, 1.2190460672, 1.2448988308, 1.991042864, 2.4358382507, 1.1738039351, 1.5222094233, 1.3452396083, 1.4682554663, 1.0421694309, 0.97124340143]
    ],
    [
      [0.25284084539, 0.14250360015, 0.28556195602, 0.21577941713, 0.15852452282, 0.2236800819, 0.29251230295, 0.40273389216, 0.18061701231, 0.29032309763, 0.42619881268, 0.15581097623, 0.3697957057, 0.29647592545, 1.8361944372, 0.94736946053, 0.75279987159, 0.89721174632, 0.89522269716, 0.50225706393, 0.72854133406, 0.93725972806, 1.1839285772, 1.4525496374, 1.0371766059, 0.32229945548, 0.19171121039, 0.52614601388, 0.20133120234, 0.2593314613, 0.28425703885, 0.16341735945, 0.16303319273, 0.1967089369, 0.16296635377, 0.19626169641, 0.17823086344, 0.23663125613, 0.16024066005, 0.13432327894, 0.303189883, 0.20146739435, 0.20946353064, 0.31339154311, 0.2077615085, 0.28935775565, 0.12688675541, 0.14236000881, 0.2180601918, 0.12689149159],
      [0.38396101525, 0.39770207653, 0.6458918113, 0.51946481801, 0.32697005149, 0.68363046709, 0.85670836508, 0.65730838043, 0.41496385691, 0.36170117022, 0.53309986504, 0.38491934527, 0.775811325, 1.7110329394, 3.3275215666, 3.2694048246, 2.8501288516, 1.392756653, 2.7051506335, 2.3943425609, 2.0229357714, 0.90639488825, 4.1847509405, 1.9528740998, 0.98756646895, 0.85370235954, 0.48856930803, 0.94386077002, 0.47785464431, 0.72971765203, 0.53523154242, 0.63834721487, 0.15080868459, 0.26007977305, 0.27553762503, 0.46803867452, 0.35431924986, 0.46506243911, 0.39472434861, 0.26413954908, 0.43940721861, 0.53871871365, 0.38932695358, 0.3737204589, 0.45348915068, 0.43770504386, 0.26339226596, 0.39435963809, 0.64976793955, 0.33320335703],
      [2.0566243393, 2.9397104295, 2.9657878511, 2.6132078358, 1.9216153907, 3.2770518744, 1.8600595888, 3.1747967933, 1.5355757446, 1.7117017319, 3.1536506056, 1.0481021722, 5.1957003137, 12.7418004751, 8.0678598202, 10.2204027875, 9.2017774361, 7.4286876571, 17.0887726874, 11.4912036965, 10.1339037395, 7.4860880617, 10.501392864, 11.2470701669, 13.3861603296, 2.9859337039, 1.7548937527, 3.3166040672, 1.7806460096, 2.5881644693, 1.3644207498, 2.0550311478, 1.4284851125, 1.7197591383, 2.3351837269, 2.0960688968, 2.3877886655, 1.3446150226, 1.5734944789, 2.2365303999, 1.9629739332, 2.1288602443, 0.84696337136, 1.5667125199, 2.2114979468, 2.2099977541, 1.4083539987, 1.7192971407, 2.9831415829, 1.6652534822],
      [8.803178149, 10.5219144367, 11.8395361841, 9.037206398, 6.0438420967, 12.0400473264, 8.6539570521, 10.0638696308, 6.2697829183, 8.8260087165, 9.3245697454, 5.1132379646, 20.7484566057, 42.778039783, 37.9719851653, 45.8481217368, 43.6820017921, 48.8996561392, 34.529739162, 35.3944305618, 46.9471433336, 42.7897966978, 38.9619283019, 43.4678615603, 30.2028026547, 9.0092941454, 7.6714801922, 9.5232033667, 7.0194187754, 5.6187040165, 11.7892398294, 11.2719672648, 5.2451296712, 6.3591109583, 8.4796086047, 8.489616002, 9.7323598637, 6.8182708835, 7.1859573211, 8.1247806858, 9.2889104295, 8.0845276939, 6.0058418532, 7.618632587, 8.3969549828, 8.4730153907, 4.4649670307, 5.5711591205, 6.878084502, 5.9901749426],
      [1.503395651, 1.9981694571, 1.2632221975, 1.6143415311, 1.5490479383, 1.7755902502, 2.3367626912, 1.7012913033, 0.59906046782, 2.8102652837, 2.5624809712, 1.2979295417, 3.9102360499, 5.4726508772, 7.7964390107, 6.7147011906, 4.5132920486, 12.3816878044, 9.78111482, 9.2177661169, 8.1674758214, 4.8804606242, 10.1679993164, 11.8796445356, 4.3862939409, 1.8287703357, 0.89334553664, 3.6901857822, 1.5207493684, 1.8040824009, 2.0268508395, 2.8712370131, 1.012543339, 1.4643411935, 0.7467036896, 1.7500147303, 1.3473013575, 1.1354203986, 1.6855831913, 1.2402260862, 1.0055185356, 2.0464259538, 1.5484042912, 2.1275428911, 1.7302964112, 1.5899240557, 0.73639994915, 1.1728240919, 1.2709457838, 0.88447672658]
    ],
    [
      [5.2851229605, 2.5256785604, 3.5842631146, 4.1347057914, 3.6047771652, 4.6271508219, 2.9421843657, 2.5991392628, 4.6470903356, 4.6968270306, 6.6610340533, 4.3738044744, 3.9694893164, 1.7972041247, 4.3484598511, 2.674290476, 5.2666926635, 3.2187217944, 1.8306181804, 2.5038459753, 3.3477150226, 4.7714611777, 3.0685117431, 2.459217071, 4.6819249409, 20.3820708217, 22.4565434206, 20.2155099359, 17.2098480977, 21.1108070534, 17.6976534474, 10.1546014396, 21.3638928391, 22.2532763568, 19.5612524462, 15.8033242986, 17.9374320883, 13.1763104727, 2.7403968302, 2.609585058, 2.7895714914, 3.0293946398, 3.3310954255, 3.1891278094, 3.3045759957, 3.4895054626, 4.6645109203, 4.8033191593, 4.1365606647, 2.6947573305],
      [1.4253522896, 1.1570401616, 1.3742664565, 1.7195688936, 1.3194617954, 2.2728946681, 1.5098831434, 0.7776048021, 1.8571069351, 1.0908112297, 1.5833234689, 1.9074283599, 1.3030826652, 0.9511779762, 1.5513145295, 1.2975856571, 2.3613233211, 0.77057436609, 0.93546749046, 1.6116219238, 1.2282154617, 0.79995388075, 1.9058724727, 0.63105781113, 0.94998617523, 9.8146894386, 9.8363000268, 7.2016020561, 7.2610349581, 10.9173074163, 5.6920293115, 6.540013963, 3.3621714946, 5.167427208, 5.1581834433, 6.5259548633, 5.6976578528, 4.5736526703, 1.1686953472, 0.89425037541, 0.71872794267, 1.3981772695, 1.0849143101, 0.70016368824, 1.2539736602, 0.94792568246, 1.6839293504, 2.2857125105, 2.0809620355, 1.2072217869],
      [1.8435571642, 2.0198780511, 1.524900174, 2.1005793344, 1.8821862122, 2.6352374595, 0.80974157239, 0.91162813516, 1.6756689051, 1.2365569376, 2.2657145249, 1.2650144386, 1.9363987356, 1.3993882676, 1.0348508444, 1.0262363258, 1.8608511678, 0.89507161605, 1.4442515565, 1.8533140226, 1.3597965692, 1.1867397203, 1.2731560937, 0.83415586855, 2.4865587614, 8.1921180877, 8.6223868287, 5.9019448581, 6.5493142926, 9.0508240963, 3.5567795933, 5.1374032946, 8.1860735758, 8.4599473678, 10.8951386335, 7.1590643901, 9.5155289235, 3.2028312536, 1.1362115814, 1.7727503351, 0.77123443413, 1.3568549348, 0.57828476523, 0.70398901732, 1.4846418454, 1.1533712913, 2.1999088471, 2.4407754423, 2.3726526926, 1.4749093936],
      [3.1532870053, 2.9017420283, 2.4362409201, 2.906419066, 2.3610868005, 3.8927292112, 1.4975744318, 1.1530728091, 2.7344723304, 2.5243240346, 2.6337804748, 2.4536186852, 3.1106952069, 1.8700031636, 1.9414065473, 1.8398729632, 3.5376286365, 2.360900764, 1.1692591975, 2.2826283141, 2.5224209662, 2.7294001459, 1.8863460712, 1.2948365521, 2.25926205, 9.5066138559, 15.3363934254, 5.7197662059, 10.1438934147, 7.2054116248, 12.3676742618, 11.4221281794, 11.7121952454, 12.1643400282, 16.6232528519, 11.6188756355, 16.1139371919, 6.4128000434, 2.0719062707, 2.5805517868, 1.458286355, 2.0549003746, 1.6316786435, 1.3625448837, 2.2520809731, 1.7644705713, 2.7848506761, 3.1567592001, 2.1780350899, 2.1204669692],
      [4.2926805804, 4.3956611987, 2.0803293349, 4.1387269147, 4.8324880267, 4.5719878392, 3.2406164867, 1.5585549909, 2.0856614939, 6.4514807675, 5.856147478, 5.000134042, 4.6803340758, 1.9822264678, 3.1239682277, 2.1620145778, 2.9735042112, 4.7547314594, 2.6204035751, 4.7485897643, 3.5418519803, 2.5124450753, 3.8661136193, 2.7807326972, 2.6222680725, 16.104507796, 13.7483762985, 21.961176944, 17.8359092369, 20.7156498092, 16.685863386, 22.7458531234, 18.375666845, 22.9550090392, 10.7621726251, 18.8927808126, 16.7354439436, 8.6344055601, 3.8827899704, 3.1428624447, 1.2621797768, 4.1606727813, 3.3740268557, 3.0441746013, 3.7047275256, 2.6447269923, 3.6668002061, 5.3134336878, 3.2317895173, 2.5026445198]
    ],
    [
      [1.2487821405, 0.89364350361, 1.0739990326, 0.96674391413, 1.4873843542, 0.67810090639, 0.92249577197, 3.0691734525, 1.1541298219, 2.0399548096, 1.3235484728, 0.9517618395, 1.3637566897, 1.1994613801, 1.9683552811, 1.3280727783, 0.92542569267, 0.65288043829, 1.2414029005, 0.86294833808, 0.9802740879, 2.5826964744, 0.59092434424, 1.2497784312, 2.4166349683, 1.4145473727, 0.73823677002, 1.2910566779, 1.7799772208, 0.96760735419, 1.3762173621, 0.89591550872, 2.1223837854, 1.0163747818, 0.77802447784, 1.1419342487, 0.88652706306, 5.644333852, 6.0671104353, 5.2583174865, 8.7920753354, 6.0527259635, 8.7385136062, 9.6695064282, 6.5048202057, 8.4177855725, 6.9637714455, 5.5381978616, 6.1150609832, 6.1949122514],
      [2.8405629844, 3.479617306, 3.473638665, 3.3830327726, 4.5651748452, 2.8117197865, 3.9583087986, 7.6114713859, 3.8717309164, 3.9839366937, 2.6505066964, 3.4683411847, 3.8338971244, 5.5215356206, 5.8691349605, 5.5266317783, 3.5448991801, 1.3526628353, 5.414753375, 4.7488002435, 3.1020166007, 3.7377174645, 3.1226602628, 2.7560523073, 4.1935742277, 5.5292247666, 2.6572112587, 3.8786675765, 6.1961297887, 4.1162470031, 3.7139961004, 4.7926996298, 2.9844581735, 2.0277228338, 1.7341834383, 3.9405937671, 2.3748374455, 16.0454797969, 21.6504560719, 15.2287278042, 18.6616547334, 23.3441012875, 23.4242765091, 16.979886735, 20.6103420225, 18.6842663304, 20.9911412751, 22.2336631718, 26.1097005341, 23.6525496544],
      [0.95157945105, 1.5752204468, 1.0023227329, 1.0747908503, 1.6963023606, 0.84527697846, 0.55428889955, 2.3372674854, 0.91061956946, 1.1686716485, 0.98426053973, 0.60149516873, 1.4699046253, 2.1169785568, 1.0229128357, 1.136182307, 0.7239196515, 0.40259999289, 2.1735844483, 1.4183198619, 0.88615771111, 1.4336512135, 0.54181624483, 0.94130643983, 2.8344926194, 1.2540847581, 0.60871807966, 0.87585297082, 1.4809278133, 0.93683263165, 0.59925026749, 0.98433328501, 1.7692209978, 0.84612370882, 0.91187211373, 1.1222425981, 0.99926424481, 2.9856571444, 5.5656501021, 8.2099950836, 5.3706535526, 5.9401925928, 3.2535013735, 4.5548295034, 6.4811609339, 6.0667372064, 7.2619719904, 6.2234017022, 7.6703932593, 7.6362463523],
      [3.8056864154, 5.2738708281, 3.7406184369, 3.4740491651, 4.9827235074, 2.901412019, 2.4096981728, 6.9058892097, 3.475034205, 5.6201368779, 2.7185763283, 2.7412992205, 5.4872604598, 6.6151094969, 4.5242868825, 4.7650114436, 3.2039849442, 2.4779865491, 4.1161837996, 4.0788158224, 3.8310217864, 7.6730102377, 1.888154139, 3.4187352777, 6.0035290263, 3.5250747404, 2.4805977449, 2.3419218424, 5.4398336451, 1.8924453593, 4.8327147347, 5.0432194829, 6.0416185178, 2.9142794169, 3.0875561291, 4.2403175148, 3.7988745866, 14.1141297734, 23.8056263768, 27.9546124905, 23.6623607582, 21.1149777221, 21.4971825222, 20.4033330766, 23.0125047098, 21.588071362, 21.5315550525, 18.9592505105, 16.6497499555, 25.8746563897],
      [1.1533890087, 1.7776479154, 0.70942113253, 1.1013832978, 2.2684149326, 0.76349030964, 1.1552083571, 2.0761984665, 0.58848548732, 3.1872999703, 1.3231079628, 1.2371025866, 1.8451811008, 1.5469149456, 1.6153100402, 1.2441016929, 0.60177053156, 1.1138701844, 2.0540754766, 1.8911157341, 1.2005298138, 1.5729246099, 0.85644500905, 1.634127544, 1.5517691583, 1.2770683623, 0.51523614676, 1.6125009325, 2.103131532, 1.0868676517, 1.4778215352, 2.2838320936, 2.0823185254, 1.1954992587, 0.48836384102, 1.5549118714, 0.9404966601, 4.2103994334, 9.9111570139, 7.3483471352, 4.5132556204, 9.548002434, 10.0865259891, 10.3924442569, 8.3911721281, 7.2431395287, 6.2515602364, 7.045486754, 5.455095268, 6.6416353522]
    ]
  ],
  "prob": [
    [0.2162858344, 0.071144537887, 0.17666497212, 0.42638008398, 0.10952457162],
    [0.016303671481, 0.036976061857, 0.16969550057, 0.64949561938, 0.12752914671],
    [0.29897988302, 0.10997172368, 0.12050909779, 0.18497345771, 0.2855658378],
    [0.1100306111, 0.32830767658, 0.096330429525, 0.34555083893, 0.11978044386]
  ],
  "iterations": 16,
  "logLik": -508.092499763,
  "time": 4.8e-05,
  "message": "Converged",
  "status": 0,
  "miniter": 0,
  "maxiter": 1000,
  "maxtime": 3600,
  "param_threshold": 0.001,
  "ll_threshold": "-Inf",
  "initial_prob": "group_proportional",
  "adjust_prob_cond_method": "project_lp",
  "adjust_prob_cond_every": false
}
