{
  "Z_true": {},
  "V_true": [
    [686, 39, 41, 673, 30],
    [112, 275, 1381, 1053, 271],
    [77, 449, 3586, 535, 223],
    [232, 220, 109, 19744, 390],
    [133, 2622, 672, 946, 165],
    [66, 99, 161, 759, 264]
  ],
  "p_true": [
    [0.467, 0.0265, 0.0279, 0.4581, 0.0204],
    [0.0362, 0.0889, 0.4466, 0.3406, 0.0876],
    [0.0158, 0.0922, 0.7363, 0.1099, 0.0458],
    [0.0112, 0.0106, 0.0053, 0.954, 0.0188],
    [0.0293, 0.5778, 0.1481, 0.2085, 0.0364],
    [0.0489, 0.0734, 0.1193, 0.5626, 0.1957]
  ],
  "Z_est": [
    [
      [2, 3, 0.3402, 2, 3, 3, 4, 4, 0.4733, 2, 1.7372, 0.6452, 0.2585, 0, 4, 2, 4, 3, 4, 3, 3, 3, 4, 2, 4, 3, 2, 3, 0, 0.2053, 0.3232, 0.7621, 0.7293, 1.9966, 2, 1.0691, 5, 4, 5, 2, 0, 6, 5, 4, 2, 4, 4, 2, 3, 1.9987],
      [1, 1.3092e-06, 0.2567, 2, 6, 6, 7, 8, 0.0148, 3.3148e-09, 0.0094, 0.5106, 0.0206, 0, 5, 6.3625e-08, 4, 3, 1, 2, 6, 4, 3, 3, 1, 2, 0.0001, 3, 0, 0.3478, 0.0449, 0.8893, 0.1067, 0.0011, 4, 0.756, 7, 5, 5, 1, 0, 9, 5, 7, 1, 13, 6, 1.3837e-11, 4, 0.0006],
      [1, 1, 0.2528, 1, 5, 7, 9, 9, 0.2596, 1, 0.1563, 0.4867, 0.0726, 0, 8, 6.3624e-09, 9, 3, 3, 5, 13, 7, 6, 7, 2, 2, 1, 4, 0, 0.321, 0.0078, 0.1131, 0.2472, 0.0022, 2, 0.6296, 12, 10, 5, 2, 0.2719, 14, 9, 12, 2, 18, 10, 2, 12, 0.0001],
      [7, 11, 0.1177, 4, 25, 27, 33, 25, 1.2377, 4, 2.094, 2.2797, 0.646, 0, 51, 4, 43, 20, 21, 25, 38, 23, 27, 27, 23, 14, 6, 9, 0, 1.079, 0.6179, 3.2202, 0.9067, 2.0001, 15, 2.5052, 47, 35, 43, 14, 0.6735, 56, 35, 40, 9, 77, 54, 8, 31, 3.0006],
      [3.1185e-08, 9.6359e-10, 0.0326, 4.5798e-08, 1, 1, 1, 2, 0.0146, 5.1576e-10, 0.003, 0.0779, 0.0022, 0, 1, 5.8942e-12, 2, 1, 6.1852e-22, 1.3057e-25, 2, 1, 1, 1, 7.203e-15, 7.4723e-17, 3.044e-07, 1, 0, 0.0468, 0.0062, 0.0152, 0.0102, 0, 3.2184e-12, 0.04, 2, 2, 1, 1, 0.0546, 4, 2, 2, 2.4188e-09, 5, 2, 7.4881e-11, 2, 0]
    ],
    [
      [1, 4.5066e-08, 0.3936, 2.1795e-08, 2, 3, 3, 2, 0.6589, 1, 0.0029, 0.19, 0.0733, 0.3182, 4, 6.3973e-09, 4, 2, 3, 3, 7, 6, 3, 5, 7.3055e-14, 4, 0, 1, 0, 0.143, 0.6861, 0.0088, 0.5769, 1.0003, 2, 0.6258, 4, 3, 4, 3, 0, 7, 4, 7, 2, 5, 6, 2, 7, 0],
      [4, 4, 1.0849, 6, 10, 13, 8, 14, 1.0381, 4, 1.749, 1.1391, 1.4903, 0.293, 7, 3, 11, 7, 7, 8, 22, 18, 9, 13, 3, 5, 2.9999, 5, 0.6584, 0.9323, 0.6132, 1.7402, 0.1092, 2.9979, 8, 1.2412, 13, 9, 7, 3, 0, 16, 9, 19, 7, 23, 17, 3, 25, 3.0006],
      [4, 3, 0.901, 5, 9, 16, 10, 13, 0.537, 3, 0.9284, 0.9265, 1.2541, 0.769, 9, 4, 17, 6, 10, 13, 41, 24, 15, 26, 1, 6, 3, 3, 0.1747, 0.7691, 0.4696, 2.132, 0.1808, 3.0035, 6, 0.8848, 18, 13, 9, 3, 0, 23, 13, 30, 9, 29, 26, 7, 60, 5.9988],
      [15, 23, 0.4368, 11, 39, 56, 35, 36, 3.6821, 13, 4.2515, 4.6141, 4.1455, 7.1819, 60, 30, 79, 35, 57, 64, 122, 78, 63, 101, 13, 35, 12, 9, 3.6495, 3.0297, 2.1585, 6.9598, 1.1167, 9.9976, 32, 3.0745, 70, 46, 58, 23, 0, 91, 48, 98, 43, 127, 138, 25, 157, 18],
      [3.7939e-07, 1, 0.1838, 5.4599e-08, 2, 3, 1, 3, 0.0839, 1, 0.0681, 0.1304, 0.0368, 0.4379, 2, 1, 4, 2, 2, 2, 6, 3, 3, 4, 1.2748e-14, 1, 0, 1, 0.5174, 0.1258, 0.0727, 0.1592, 0.0165, 0.0007, 1, 0.1738, 4, 2, 1, 1, 0, 6, 3, 6, 2, 8, 6, 1, 11, 0.0006]
    ],
    [
      [1, 9.3039e-10, 0.6196, 1, 3, 5, 6, 6, 0.1517, 1.217e-09, 0.0986, 0.139, 0.5792, 0.065, 3, 4.45e-08, 5, 1, 2, 3, 10, 6, 7, 7, 1, 1, 1, 3, 0, 0.1966, 0.1934, 0.0308, 0.4421, 0.0014, 2, 0.6298, 11, 8, 4, 1, 0, 10, 6, 10, 1, 12, 6, 1, 9, 0.0006],
      [2, 2, 1.6173, 11, 13, 18, 22, 41, 2.2795, 5, 1.8807, 0.9696, 1.7756, 0.0579, 10, 1, 10, 4, 4, 8, 35, 24, 16, 22, 2, 5, 3, 10, 0.175, 1.2289, 0.393, 2.1561, 1.532, 1.0021, 9, 1.1167, 36, 19, 6, 5, 0, 19, 12, 27, 4, 59, 20, 8, 34, 1.0012],
      [6, 4, 1.676, 13, 13, 28, 31, 44, 2.1982, 5, 3.7196, 2.0111, 1.111, 0.0885, 14, 3, 22, 4, 11, 16, 68, 32, 30, 45, 3, 4, 4, 10, 0.0397, 1.6538, 0.1453, 3.7724, 1.6876, 6.9915, 9, 1.0957, 55, 36, 9, 3, 0.8616, 32, 21, 49, 8, 81, 27, 15, 84, 4.9975],
      [17, 18, 0.7015, 26, 54, 90, 103, 122, 8.1197, 17, 8.2867, 5.4511, 6.5071, 1.6754, 81, 12, 94, 19, 49, 72, 200, 100, 126, 174, 20, 24, 14.9999, 24, 0.6252, 4.8123, 2.1008, 11.9756, 9.2979, 12.0044, 40, 4.0705, 208, 121, 56, 26, 1.9616, 121, 74, 151, 31, 345, 146, 51, 217, 11.0007],
      [1.0468e-06, 3.2125e-06, 0.3857, 2, 2, 5, 5, 13, 0.2509, 1, 1.0144, 0.4293, 0.0271, 0.1132, 2, 1.2782e-08, 5, 1, 1, 2, 10, 4, 7, 8, 2.172e-15, 1, 8.9886e-06, 3, 0.1602, 0.1084, 0.1676, 0.0651, 0.0404, 0.0006, 1, 0.0874, 12, 7, 1, 2, 0.1768, 8, 5, 9, 1, 23, 6, 2, 15, 0]
    ],
    [
      [6, 4, 0.506, 2, 14, 18, 22, 17, 1.3115, 5, 1.156, 0.8394, 0.9812, 1.5757, 24, 3, 26, 12, 18, 22, 37, 25, 32, 29, 13, 14, 4.9999, 8, 0, 1.247, 3.2792, 0.0782, 4.0987, 2.9993, 15, 1.8233, 39, 26, 36, 10, 0, 39, 23, 32, 5, 50, 41, 5, 28, 3],
      [13, 14, 1.3076, 25, 55, 68, 74, 99, 4.5308, 23, 5.319, 3.8983, 8.0419, 0.6392, 56, 9, 55, 31, 23, 42, 120, 79, 71, 82, 15, 32, 8.9999, 20, 2.813, 3.7458, 3.4546, 4.8849, 4.0413, 6.9959, 50, 3.2433, 116, 61, 53, 22, 0, 75, 40, 84, 18, 238, 118, 21, 101, 6.9975],
      [21, 27, 1.2881, 27, 59, 95, 104, 108, 7.4606, 26, 8.087, 5.4941, 7.2834, 3.0644, 90, 33, 114, 37, 58, 88, 244, 117, 127, 179, 23, 37, 20.9999, 27, 0.6969, 5.3646, 1.3187, 12.7243, 9.6972, 21.0016, 47, 3.3151, 188, 112, 68, 27, 2.3591, 118, 74, 147, 32, 328, 183, 56, 258, 21.0035],
      [84, 176, 0.5362, 62, 247, 330, 354, 305, 28.711, 106, 31.4996, 17.8279, 36.1829, 26.3232, 538, 210, 510, 190, 306, 421, 717, 369, 566, 688, 203, 199, 79.0002, 56, 14.5471, 16.1613, 28.6675, 45.1719, 44.2549, 59.0031, 233, 11.1856, 700, 391, 503, 171, 6.0814, 472, 269, 476, 145, 1398, 966, 182, 668, 83.9996],
      [3, 7, 0.3621, 5, 13, 20, 19, 32, 0.9861, 7, 3.9384, 0.9402, 1.5105, 2.3975, 17, 7, 27, 12, 11, 14, 37, 17, 32, 33, 6, 8, 3, 7, 2.943, 0.4812, 2.28, 1.1407, 0.9079, 1.0001, 9, 0.4328, 42, 23, 15, 13, 0.5595, 34, 21, 30, 7, 93, 43, 7, 47, 3.9994]
    ],
    [
      [1, 4.5393e-10, 0.7914, 1, 4, 5, 7, 6, 0.3109, 1, 0.003, 0.1864, 0.0464, 0.0411, 3, 3.6137e-08, 4, 2, 2, 3, 9, 7, 6, 5, 1, 3, 1, 3, 0, 0.1613, 0.4238, 0.1127, 0.136, 0.001, 4, 0.6105, 9, 5, 6, 1, 0, 10, 4, 7, 1, 12, 7, 4.0847e-11, 4, 0],
      [3, 1, 1.935, 14, 15, 21, 23, 38, 0.9555, 6, 1.01, 0.4824, 1.2241, 0.0098, 8, 6.4567e-09, 8, 6, 2, 5, 29, 23, 13, 16, 1, 7, 1, 9, 0.3537, 0.4078, 0.3938, 0.1034, 0.15, 1.0014, 13, 1.1556, 28, 12, 10, 3, 0, 19, 7, 20, 3, 58, 22, 3, 17, 1],
      [4, 2, 2.0198, 15, 16, 29, 31, 41, 1.2895, 6, 2.0448, 1.0817, 2.0998, 0.0781, 13, 2, 18, 7, 6, 12, 60, 34, 23, 35, 2, 9, 3, 11, 0.0888, 0.5723, 0.0311, 1.1348, 1.9479, 3.0004, 12, 0.7143, 44, 22, 12, 5, 0.2692, 30, 13, 35, 5, 79, 35, 7, 44, 3.0007],
      [21, 22, 0.8236, 37, 70, 105, 110, 120, 7.3384, 32, 6.9385, 4.8272, 6.6087, 0.8195, 85, 17, 83, 38, 38, 58, 178, 112, 105, 136, 21, 49, 16, 28, 2.1782, 1.7617, 3.0554, 6.6095, 7.5602, 9.9968, 64, 3.4447, 172, 78, 98, 32, 0.6702, 120, 54, 116, 28, 345, 188, 27, 119, 14.9981],
      [2, 1, 0.4302, 3, 3, 7, 6, 14, 0.1057, 2, 2.0037, 0.4222, 0.0209, 0.0515, 4, 7.326e-11, 4, 2, 3, 3, 9, 5, 6, 8, 2, 2, 1, 3, 0.3794, 0.0968, 0.096, 0.0395, 0.2059, 0.0003, 3, 0.0749, 10, 4, 2, 2, 0.0605, 9, 4, 7, 1, 22, 8, 1, 8, 1.0011]
    ],
    [
      [1.8266e-06, 6.3986e-07, 0.3492, 2.4838e-09, 6.2647e-19, 1, 1.8856e-28, 1, 0.0937, 1.5752e-09, 0.0023, 0, 0.0613, 0, 1, 1.2825e-08, 1, 1.5238e-17, 1, 1, 2, 2, 1, 1, 5.5842e-14, 1.9767e-12, 2.0525e-06, 1, 0, 0.0467, 0.0944, 0.0074, 0.0171, 0.0014, 1, 0.2415, 3, 1, 2, 1, 0, 3, 1, 3, 7.8931e-09, 2, 2, 7.1209e-11, 2, 0.0006],
      [1, 1, 0.7986, 2, 2, 4, 3, 7, 0.1813, 1, 1.0319, 0, 0.4475, 0, 2, 1.2775e-08, 2, 2, 1, 2, 6, 6, 3, 3, 7.5708e-14, 1, 0, 2, 0, 0.3373, 0.1005, 0.226, 0.0608, 0.0016, 3, 0.4873, 8, 3, 3, 2, 0, 5, 2, 8, 2, 11, 6, 1, 8, 0],
      [1, 2, 0.8623, 3, 2, 6, 4, 8, 0.2551, 1, 2.064, 0, 0.1791, 0, 4, 1, 5, 2, 4, 5, 14, 9, 5, 7, 1, 2, 1, 3, 0, 0.3192, 0.0274, 0.1234, 0.2394, 1.0007, 3, 0.3606, 14, 6, 4, 2, 0.2382, 9, 4, 15, 3, 15, 10, 3, 20, 0.9995],
      [7, 20, 0.3843, 7, 10, 22, 14, 22, 3.9111, 8, 6.9296, 0, 5.9097, 0, 24, 12, 22, 15, 22, 24, 41, 30, 23, 29, 10, 12, 4, 8, 0, 1.1558, 1.4001, 2.0629, 1.8636, 4.998, 17, 1.7195, 53, 21, 34, 18, 0.6132, 37, 18, 48, 18, 67, 53, 11, 54, 6.0011],
      [2, 3, 0.6057, 2, 3, 3, 3, 4, 0.5589, 2, 2.9723, 0, 0.4024, 0, 2, 2, 3, 3, 2, 2, 4, 4, 3, 3, 2, 2, 1, 3, 0, 0.141, 0.3776, 1.5803, 0.8191, 0.9984, 2, 0.1911, 5, 3, 4, 3, 0.1487, 5, 4, 5, 3, 7, 4, 2, 5, 1.9988]
    ]
  ],
  "V_est": [
    [125.5387, 136.9588, 216.8209, 951.3784, 38.3033],
    [114.6779, 361.0873, 505.9291, 2014.2981, 96.0077],
    [156.1477, 543.1855, 871.0492, 3132.5906, 167.0269],
    [727.8955, 2071.9132, 3410.1586, 13740.1533, 744.8794],
    [146.8246, 474.1825, 741.3733, 2999.6309, 175.9886],
    [34.9156, 116.6728, 204.6688, 871.9488, 120.794]
  ],
  "p_est": [
    [0.0855, 0.0932, 0.1476, 0.6476, 0.0261],
    [0.0371, 0.1168, 0.1636, 0.6515, 0.0311],
    [0.0321, 0.1115, 0.1789, 0.6432, 0.0343],
    [0.0352, 0.1001, 0.1648, 0.6639, 0.036],
    [0.0324, 0.1045, 0.1634, 0.661, 0.0388],
    [0.0259, 0.0865, 0.1517, 0.6464, 0.0895]
  ],
  "EI_Z": {},
  "EI_V": 35.2856,
  "MAE_Z": {},
  "MAE_V": 847.1602,
  "MAE_p": 0.1455,
  "runtime": 0.423
}
