{
  "X": [
    [11, 24, 37, 151, 7],
    [7, 22, 39, 270, 12],
    [3, 7, 7, 3, 2],
    [6, 60, 64, 147, 12],
    [26, 101, 104, 445, 24],
    [35, 130, 181, 630, 39],
    [42, 137, 189, 649, 35],
    [36, 207, 223, 630, 68],
    [3, 9, 12, 53, 2],
    [9, 39, 42, 180, 13],
    [3, 11, 17, 60, 10],
    [2, 7, 10, 35, 2],
    [2, 13, 12, 60, 2],
    [2, 1, 4, 36, 3],
    [39, 88, 138, 839, 28],
    [5, 13, 43, 285, 10],
    [44, 90, 185, 831, 45],
    [20, 53, 59, 317, 21],
    [30, 38, 92, 493, 19],
    [35, 67, 139, 664, 23],
    [68, 218, 440, 1296, 68],
    [49, 154, 223, 712, 34],
    [53, 115, 206, 910, 52],
    [49, 139, 299, 1155, 57],
    [19, 22, 32, 290, 10],
    [25, 52, 60, 333, 14],
    [9, 16, 33, 132, 5],
    [19, 49, 58, 134, 18],
    [0, 4, 1, 21, 4],
    [2, 7, 9, 28, 1],
    [5, 5, 2, 38, 3],
    [1, 10, 20, 76, 3],
    [6, 6, 14, 65, 2],
    [6, 12, 35, 98, 2],
    [26, 87, 79, 401, 16],
    [5, 8, 7, 26, 1],
    [71, 208, 331, 1250, 75],
    [47, 109, 199, 692, 41],
    [57, 84, 107, 792, 24],
    [18, 36, 42, 284, 22],
    [0, 0, 4, 10, 1],
    [75, 143, 226, 897, 66],
    [43, 75, 134, 498, 39],
    [63, 165, 288, 929, 59],
    [11, 35, 59, 274, 14],
    [85, 402, 550, 2359, 158],
    [66, 189, 291, 1545, 69],
    [10, 36, 90, 304, 13],
    [53, 189, 478, 1246, 88],
    [5, 12, 36, 137, 7]
  ],
  "W": [
    [11, 24, 26, 127, 31, 11],
    [15, 31, 24, 228, 26, 26],
    [1, 3, 5, 4, 6, 3],
    [9, 22, 53, 121, 70, 14],
    [40, 62, 85, 388, 108, 17],
    [44, 91, 146, 531, 167, 36],
    [54, 57, 167, 573, 177, 24],
    [48, 68, 226, 561, 219, 42],
    [2, 6, 13, 43, 10, 5],
    [7, 22, 28, 167, 47, 12],
    [4, 7, 15, 50, 12, 13],
    [4, 7, 9, 29, 7, 0],
    [1, 7, 10, 54, 10, 7],
    [0, 9, 2, 34, 1, 0],
    [69, 82, 110, 725, 113, 33],
    [6, 38, 16, 262, 19, 15],
    [62, 115, 136, 732, 117, 33],
    [30, 52, 29, 282, 55, 22],
    [29, 79, 67, 416, 51, 30],
    [35, 90, 101, 587, 81, 34],
    [62, 198, 323, 1155, 285, 67],
    [38, 129, 166, 607, 181, 51],
    [41, 93, 186, 828, 153, 35],
    [40, 149, 256, 1011, 200, 43],
    [30, 17, 26, 260, 27, 13],
    [21, 51, 35, 290, 70, 17],
    [9, 18, 23, 117, 22, 6],
    [20, 19, 50, 118, 54, 17],
    [0, 5, 1, 21, 3, 0],
    [2, 5, 8, 27, 3, 2],
    [1, 4, 3, 39, 4, 2],
    [5, 11, 18, 64, 8, 4],
    [2, 2, 13, 63, 10, 3],
    [4, 17, 20, 91, 14, 7],
    [23, 49, 61, 354, 96, 26],
    [5, 6, 7, 20, 6, 3],
    [73, 109, 322, 1085, 263, 83],
    [56, 73, 191, 613, 121, 34],
    [59, 79, 76, 675, 128, 47],
    [20, 33, 37, 243, 43, 26],
    [1, 0, 3, 9, 1, 1],
    [89, 143, 190, 738, 188, 59],
    [56, 77, 118, 427, 82, 29],
    [65, 160, 246, 769, 185, 79],
    [14, 63, 45, 207, 38, 26],
    [117, 192, 520, 2107, 516, 102],
    [76, 193, 205, 1351, 260, 75],
    [12, 38, 77, 271, 38, 17],
    [52, 260, 359, 1102, 192, 89],
    [5, 27, 17, 119, 20, 9]
  ],
  "method": "mcmc",
  "mcmc_stepsize": 3000,
  "mcmc_samples": 1000,
  "burn_in": 10000,
  "cond_prob": [
    [
      [0.1818180926, 0.090909096365, 0.090909413631, 0.63636339457, 2.8349597052e-09],
      [0.041666711162, 0.16666657999, 0.16666669272, 0.62500000033, 1.5808081203e-08],
      [0.038461504161, 0.076923176982, 0.23076907398, 0.65384620462, 4.0259821492e-08],
      [0.047244078513, 0.10236220191, 0.16535430675, 0.66141735339, 0.023622059439],
      [0.032258097021, 0.096774135724, 0.12903238088, 0.67741931918, 0.064516067195],
      [1.6605303144e-07, 0.090909233572, 0.090909012453, 0.63636350512, 0.18181808281]
    ],
    [
      [0.19999987006, 8.7281503643e-08, 0.066666752968, 0.73333328963, 6.4239098877e-11],
      [1.4537461075e-09, 0.12903227818, 0.096774277036, 0.74193539895, 0.032258044383],
      [3.8766088601e-11, 0.083333279445, 0.16666658609, 0.75000000057, 1.3385608503e-07],
      [0.017543865188, 0.061403502632, 0.11842102966, 0.77192985375, 0.030701748774],
      [1.7458711036e-11, 0.038461517965, 0.076923175933, 0.8461537928, 0.038461513285],
      [2.4610028468e-08, 0.03846158821, 0.076923104424, 0.76923069257, 0.11538459018]
    ],
    [
      [0.34015698978, 0.25673918581, 0.2528282341, 0.11771396342, 0.03256162689],
      [0.13119070406, 0.36163757609, 0.30031827207, 0.14558493326, 0.061268514525],
      [0.12391906272, 0.32345024682, 0.33519723505, 0.14029090757, 0.077142547837],
      [0.12650727875, 0.32689166803, 0.32203331036, 0.1340453584, 0.090522384459],
      [0.13190211145, 0.32249206284, 0.33664119529, 0.13726877785, 0.071695852574],
      [0.1164112669, 0.26619260089, 0.28741678709, 0.12809419943, 0.20188514569]
    ],
    [
      [0.2222222089, 0.22222221937, 0.11111113728, 0.44444442936, 5.0886468964e-09],
      [9.9066570722e-10, 0.27272726948, 0.22727273668, 0.49999999037, 2.4817623542e-09],
      [0.0188679236, 0.20754717029, 0.24528301728, 0.49056603843, 0.0377358504],
      [0.016528926551, 0.2066115721, 0.22314049219, 0.51239669705, 0.041322312105],
      [0.014285714744, 0.19999999718, 0.21428571723, 0.52857142837, 0.04285714248],
      [1.7741577387e-10, 0.14285714606, 0.21428570579, 0.49999999869, 0.14285714929]
    ],
    [
      [0.075, 0.15, 0.125, 0.625, 0.025],
      [0.032258064516, 0.16129032258, 0.14516129032, 0.62903225806, 0.032258064516],
      [0.035294117647, 0.15294117647, 0.15294117647, 0.63529411765, 0.023529411765],
      [0.036082474227, 0.14175257732, 0.15206185567, 0.63659793814, 0.033505154639],
      [0.037037037037, 0.13888888889, 0.14814814815, 0.64814814815, 0.027777777778],
      [3.6851030108e-20, 0.11764705882, 0.11764705882, 0.58823529412, 0.17647058824]
    ],
    [
      [0.068181818182, 0.13636363636, 0.15909090909, 0.61363636364, 0.022727272727],
      [0.032967032967, 0.14285714286, 0.17582417582, 0.61538461538, 0.032967032967],
      [0.034246575342, 0.12328767123, 0.19178082192, 0.61643835616, 0.034246575342],
      [0.033898305085, 0.12806026365, 0.17890772128, 0.62146892655, 0.037664783427],
      [0.02994011976, 0.12574850299, 0.17365269461, 0.62874251497, 0.041916167665],
      [0.027777777778, 0.11111111111, 0.16666666667, 0.61111111111, 0.083333333333]
    ],
    [
      [0.074074074074, 0.12962962963, 0.16666666667, 0.61111111111, 0.018518518519],
      [0.052631578947, 0.14035087719, 0.17543859649, 0.61403508772, 0.017543859649],
      [0.035928143713, 0.13173652695, 0.18562874251, 0.61676646707, 0.02994011976],
      [0.038394415358, 0.12914485166, 0.1815008726, 0.61780104712, 0.033158813264],
      [0.039548022599, 0.12994350282, 0.17514124294, 0.62146892655, 0.033898305085],
      [7.8566834979e-30, 0.125, 0.16666666667, 0.58333333333, 0.125]
    ],
    [
      [0.083333333333, 0.16666666667, 0.1875, 0.52083333333, 0.041666666667],
      [0.029411764706, 0.20588235294, 0.19117647059, 0.52941176471, 0.044117647059],
      [0.026548672566, 0.1814159292, 0.19469026549, 0.53982300885, 0.057522123894],
      [0.030303030303, 0.17647058824, 0.19251336898, 0.54367201426, 0.057040998217],
      [0.027397260274, 0.17351598174, 0.18721461187, 0.54794520548, 0.063926940639],
      [0.02380952381, 0.16666666667, 0.19047619048, 0.52380952381, 0.095238095238]
    ],
    [
      [0.23663955689, 0.0073886226778, 0.12982371833, 0.61885114931, 0.0072969527978],
      [0.10981534712, 0.17302475143, 0.089492257599, 0.61369015263, 0.013977491223],
      [0.011669302759, 0.1753457328, 0.1690932366, 0.62459553202, 0.019296195809],
      [0.030499605795, 0.1053683615, 0.1735013618, 0.66769701381, 0.022933657096],
      [0.031093435726, 0.095547829712, 0.12895159514, 0.73383868396, 0.010568455466],
      [0.018742092238, 0.036252375575, 0.051022486659, 0.78221128717, 0.11177175835]
    ],
    [
      [0.28571428523, 4.7353719087e-10, 0.14285714317, 0.57142857105, 7.3680517856e-11],
      [0.045454545491, 0.18181818175, 0.1363636363, 0.59090909091, 0.045454545552],
      [4.3463170192e-11, 0.17857142865, 0.17857142864, 0.60714285683, 0.035714285835],
      [0.029940119742, 0.13772455088, 0.15568862273, 0.634730539, 0.041916167655],
      [0.021276595806, 0.12765957442, 0.12765957443, 0.6808510639, 0.04255319145],
      [1.3126514166e-10, 0.083333333461, 0.083333333658, 0.6666666663, 0.16666666645]
    ],
    [
      [0.43430293092, 0.0023621506024, 0.03907813626, 0.52349965295, 0.00075712926654],
      [0.00041998971453, 0.24985480073, 0.13262762342, 0.60736205943, 0.0097355267131],
      [0.006573120633, 0.12537966203, 0.24797220809, 0.55244867422, 0.067626335031],
      [0.023120675001, 0.10637980355, 0.16173902041, 0.62999191678, 0.078768584253],
      [0.00024727173552, 0.084166525008, 0.17040041387, 0.57820869672, 0.16697709267],
      [0.00017311753446, 0.079375721877, 0.1587657679, 0.53304897378, 0.22863641891]
    ],
    [
      [0.16129206311, 0.12763919056, 0.12166583319, 0.56993730372, 0.019465609422],
      [0.027144986804, 0.16272393168, 0.13235002219, 0.65915101926, 0.018630040066],
      [0.015442319933, 0.10773315943, 0.2234512274, 0.60567618467, 0.047697108561],
      [0.028945201989, 0.13442531016, 0.18945310653, 0.61475403545, 0.032422345868],
      [0.026632157552, 0.068920469479, 0.15452648226, 0.68960585148, 0.060315039235],
      [0, 0, 0, 0, 0]
    ],
    [
      [0.25853585309, 0.020647022024, 0.072581525569, 0.64601580733, 0.0022197919926],
      [0.01047199165, 0.21290006882, 0.17915264417, 0.59221459161, 0.0052607037452],
      [0.057918934469, 0.17755762025, 0.11109747845, 0.65071362237, 0.0027123444533],
      [0.018170976286, 0.14892316208, 0.13487846756, 0.67005439708, 0.02797299699],
      [0.0046415324653, 0.12241238466, 0.20998190271, 0.66087096402, 0.0020932161582],
      [0.0087604023651, 0.063928813523, 0.025588415045, 0.84424267789, 0.057479691177]
    ],
    [
      [0, 0, 0, 0, 0],
      [0.035356571811, 0.032555390964, 0.085444347623, 0.79799203352, 0.048651656077],
      [0.0324805078, 0.028965650154, 0.044260276541, 0.8377101152, 0.056583450302],
      [0.046344551409, 0.018800909686, 0.090129463827, 0.77421042721, 0.070514647869],
      [0.041115090181, 0.0098392517052, 0.078078548205, 0.81949694275, 0.05147016716],
      [0, 0, 0, 0, 0]
    ],
    [
      [0.057971014493, 0.072463768116, 0.11594202899, 0.73913043478, 0.014492753623],
      [0.048780487805, 0.085365853659, 0.10975609756, 0.73170731707, 0.024390243902],
      [0.027272727273, 0.090909090909, 0.12727272727, 0.73636363636, 0.018181818182],
      [0.033103448276, 0.07724137931, 0.12413793103, 0.74206896552, 0.023448275862],
      [0.026548672566, 0.070796460177, 0.11504424779, 0.75221238938, 0.035398230088],
      [0.030303030303, 0.060606060606, 0.12121212121, 0.72727272727, 0.060606060606]
    ],
    [
      [0.33333332625, 1.060420308e-08, 1.0603922522e-09, 0.66666666209, 9.8236955484e-13],
      [1.6835012494e-10, 0.07894736692, 0.10526315728, 0.78947368599, 0.026315789639],
      [2.7812222588e-09, 0.062499998684, 0.18750000079, 0.74999999695, 7.9885322083e-10],
      [0.011450381461, 0.03435114502, 0.12595419828, 0.80152671796, 0.026717557284],
      [1.9019421659e-09, 3.3982599134e-10, 0.10526316035, 0.89473683741, 3.8557677667e-12],
      [8.5497175111e-10, 8.516754581e-10, 0.066666667249, 0.79999999955, 0.13333333149]
    ],
    [
      [0.064516129032, 0.064516129032, 0.14516129032, 0.6935483871, 0.032258064516],
      [0.034782608696, 0.095652173913, 0.14782608696, 0.68695652174, 0.034782608696],
      [0.036764705882, 0.073529411765, 0.16176470588, 0.69117647059, 0.036764705882],
      [0.035519125683, 0.075136612022, 0.15573770492, 0.69672131148, 0.036885245902],
      [0.034188034188, 0.068376068376, 0.15384615385, 0.7094017094, 0.034188034188],
      [0.030303030303, 0.060606060606, 0.15151515152, 0.66666666667, 0.090909090909]
    ],
    [
      [0.1, 0.1, 0.1, 0.66666666667, 0.033333333333],
      [0.038461538462, 0.13461538462, 0.11538461538, 0.67307692308, 0.038461538462],
      [0.034482758621, 0.13793103448, 0.13793103448, 0.65517241379, 0.034482758621],
      [0.042553191489, 0.10992907801, 0.13120567376, 0.67375886525, 0.042553191489],
      [0.036363636364, 0.10909090909, 0.12727272727, 0.69090909091, 0.036363636364],
      [6.9262258619e-19, 0.090909090909, 0.090909090909, 0.68181818182, 0.13636363636]
    ],
    [
      [0.13793103448, 0.034482758621, 0.10344827586, 0.72413793103, 2.1328196316e-23],
      [0.037974683544, 0.088607594937, 0.12658227848, 0.72151898734, 0.025316455696],
      [0.029850746269, 0.059701492537, 0.16417910448, 0.73134328358, 0.014925373134],
      [0.043269230769, 0.055288461538, 0.13942307692, 0.73557692308, 0.026442307692],
      [0.039215686275, 0.039215686275, 0.11764705882, 0.74509803922, 0.058823529412],
      [0.033333333333, 0.033333333333, 0.13333333333, 0.73333333333, 0.066666666667]
    ],
    [
      [0.085714285714, 0.057142857143, 0.14285714286, 0.71428571429, 3.7304996309e-27],
      [0.033333333333, 0.088888888889, 0.14444444444, 0.71111111111, 0.022222222222],
      [0.029702970297, 0.079207920792, 0.15841584158, 0.71287128713, 0.019801980198],
      [0.037478705281, 0.071550255537, 0.14991482112, 0.71720613288, 0.023850085179],
      [0.037037037037, 0.061728395062, 0.14814814815, 0.71604938272, 0.037037037037],
      [0.029411764706, 0.058823529412, 0.14705882353, 0.70588235294, 0.058823529412]
    ],
    [
      [0.048387096774, 0.096774193548, 0.20967741935, 0.61290322581, 0.032258064516],
      [0.035353535354, 0.11111111111, 0.20707070707, 0.61616161616, 0.030303030303],
      [0.030959752322, 0.10835913313, 0.21052631579, 0.61919504644, 0.030959752322],
      [0.032034632035, 0.1038961039, 0.21125541126, 0.62077922078, 0.032034632035],
      [0.031578947368, 0.10175438596, 0.21052631579, 0.62456140351, 0.031578947368],
      [0.029850746269, 0.089552238806, 0.20895522388, 0.61194029851, 0.059701492537]
    ],
    [
      [0.078947368421, 0.10526315789, 0.18421052632, 0.60526315789, 0.026315789474],
      [0.046511627907, 0.13953488372, 0.18604651163, 0.60465116279, 0.023255813953],
      [0.036144578313, 0.14457831325, 0.19277108434, 0.60240963855, 0.024096385542],
      [0.04118616145, 0.13014827018, 0.19275123558, 0.607907743, 0.028006589786],
      [0.038674033149, 0.1270718232, 0.18784530387, 0.61878453039, 0.027624309392],
      [0.039215686275, 0.11764705882, 0.17647058824, 0.58823529412, 0.078431372549]
    ],
    [
      [0.09756097561, 0.073170731707, 0.14634146341, 0.65853658537, 0.024390243902],
      [0.032258064516, 0.096774193548, 0.16129032258, 0.67741935484, 0.032258064516],
      [0.037634408602, 0.086021505376, 0.16129032258, 0.67741935484, 0.037634408602],
      [0.038647342995, 0.085748792271, 0.15338164251, 0.68357487923, 0.038647342995],
      [0.039215686275, 0.084967320261, 0.15032679739, 0.6862745098, 0.039215686275],
      [0.028571428571, 0.085714285714, 0.14285714286, 0.65714285714, 0.085714285714]
    ],
    [
      [0.05, 0.075, 0.175, 0.675, 0.025],
      [0.03355704698, 0.087248322148, 0.1744966443, 0.67785234899, 0.026845637584],
      [0.02734375, 0.0859375, 0.17578125, 0.6796875, 0.03125],
      [0.028684470821, 0.081107814045, 0.17705242334, 0.68051434224, 0.032640949555],
      [0.025, 0.08, 0.175, 0.68, 0.04],
      [0.023255813953, 0.06976744186, 0.16279069767, 0.67441860465, 0.06976744186]
    ],
    [
      [0.13333333333, 0.033333333333, 0.066666666667, 0.76666666667, 2.4010011197e-16],
      [4.2973407419e-15, 0.17647058824, 0.058823529412, 0.76470588235, 7.4985331214e-16],
      [0.038461538462, 0.076923076923, 0.11538461538, 0.76923076923, 8.3539582052e-17],
      [0.05, 0.057692307692, 0.088461538462, 0.78076923077, 0.023076923077],
      [0.037037037037, 0.037037037037, 0.074074074074, 0.77777777778, 0.074074074074],
      [4.2955575069e-15, 5.823697781e-15, 0.076923076923, 0.76923076923, 0.15384615385]
    ],
    [
      [0.14285714286, 0.095238095238, 0.095238095238, 0.66666666667, 3.5582181748e-18],
      [0.078431372549, 0.098039215686, 0.11764705882, 0.6862745098, 0.019607843137],
      [0.028571428571, 0.14285714286, 0.11428571429, 0.68571428571, 0.028571428571],
      [0.048275862069, 0.11034482759, 0.1275862069, 0.68620689655, 0.027586206897],
      [0.042857142857, 0.1, 0.12857142857, 0.7, 0.028571428571],
      [1.1627854606e-13, 0.058823529412, 0.11764705882, 0.70588235294, 0.11764705882]
    ],
    [
      [0.22221865741, 7.5146828975e-06, 0.11111050628, 0.66666328781, 3.3822093422e-08],
      [2.5665206252e-06, 0.16666293071, 0.16666801282, 0.66666514441, 1.3455328997e-06],
      [0.043479887339, 0.13043588789, 0.1739132788, 0.65217055516, 3.9080994147e-07],
      [0.042734586054, 0.07692256074, 0.17948659288, 0.67521518807, 0.025641072254],
      [0.045454538921, 0.045454080548, 0.13636467285, 0.7272728553, 0.045453852381],
      [3.4209109655e-07, 7.4691554468e-06, 0.16667027175, 0.66665920346, 0.16666271355]
    ],
    [
      [0.14999998687, 0.14999999092, 0.19999999145, 0.45000002178, 0.050000008989],
      [0.052631593568, 0.26315787963, 0.15789474102, 0.47368421131, 0.052631574475],
      [0.060000003517, 0.1999999999, 0.20000000904, 0.47999999118, 0.059999996355],
      [0.067796609298, 0.16949152622, 0.22881355657, 0.47457627337, 0.059322034544],
      [0.055555552224, 0.16666667689, 0.20370370645, 0.51851850692, 0.055555557508],
      [0.058823534807, 0.11764704868, 0.17647057738, 0.47058825645, 0.17647058269]
    ],
    [
      [0, 0, 0, 0, 0],
      [0, 0.13167028567, 0.034941787069, 0.72990946831, 0.10347845895],
      [0, 0.1749702496, 0.039670048951, 0.6251588345, 0.16020086695],
      [0, 0.13395207694, 0.033184256531, 0.69271900285, 0.14014466368],
      [0, 0.11789490207, 0.029583876183, 0.72606492137, 0.12645630037],
      [0, 0, 0, 0, 0]
    ],
    [
      [0.1026676241, 0.17391405543, 0.16048159144, 0.53952297471, 0.023413754316],
      [0.028604452582, 0.18645855181, 0.15382164329, 0.60594838023, 0.025166972091],
      [0.024578428847, 0.15361463312, 0.20672020164, 0.60154198407, 0.013544752325],
      [0.046185884925, 0.13873516698, 0.19869043753, 0.59856647747, 0.017822033099],
      [0.053771601768, 0.13594069392, 0.19077832057, 0.58724984152, 0.032259542219],
      [0.023340679915, 0.16864523752, 0.15959510627, 0.57791593031, 0.070503045985]
    ],
    [
      [0.32315611283, 0.044917911782, 0.0078121815812, 0.61790287337, 0.0062109204342],
      [0.17151652018, 0.15330925527, 0.11739392791, 0.53961741772, 0.018162878915],
      [0.064453793821, 0.13100382273, 0.048436113237, 0.70025406622, 0.055852203993],
      [0.084081677734, 0.088579258013, 0.033813939534, 0.73506295529, 0.058462169426],
      [0.10594921864, 0.098442798455, 0.0077789568776, 0.76383835812, 0.023990667903],
      [0.047217059391, 0.050235671306, 0.013722148865, 0.70002828409, 0.18879683635]
    ],
    [
      [0.15242878437, 0.1778594374, 0.02262935279, 0.64404512996, 0.0030372954744],
      [0.00079932786082, 0.15819911617, 0.19381700574, 0.63270931798, 0.014475232253],
      [0.0017115096713, 0.11978354223, 0.20957503611, 0.66531286432, 0.0036170476686],
      [0.0012219188422, 0.076327116016, 0.19881737498, 0.70581067562, 0.017822914543],
      [0.014086851798, 0.012930677061, 0.14185040011, 0.82618843547, 0.0049436355605],
      [0.0018396693273, 0.056506983392, 0.030850080923, 0.51573739272, 0.39506587364]
    ],
    [
      [0.36464570515, 0.05334139551, 0.12358477483, 0.45332915811, 0.0050989664026],
      [0.28844695165, 0.054577478376, 0.090381866708, 0.5583252954, 0.0082684078642],
      [0.034004721109, 0.11784775538, 0.12981326219, 0.71522493165, 0.0031093296784],
      [0.065058603226, 0.064148356719, 0.15392339319, 0.70245924103, 0.014410405837],
      [0.013595217061, 0.014997549049, 0.19479357145, 0.75602172099, 0.020591941456],
      [0.0057030460507, 0.020273156172, 0.079794941041, 0.62120586228, 0.27302299445]
    ],
    [
      [0.49913909831, 0.00028103743325, 0.00054974042784, 0.50002553742, 4.5864130028e-06],
      [0.05884300842, 0.17634803614, 0.17667689599, 0.58809145997, 4.0599486774e-05],
      [7.0188627746e-05, 0.050104458669, 0.34957494044, 0.60022087472, 2.9537536419e-05],
      [0.032959128045, 0.076877873654, 0.2307873106, 0.64838568847, 0.010989999231],
      [7.4728361245e-05, 0.071530866711, 0.21431612787, 0.71406013778, 1.8139276956e-05],
      [0.00019740598643, 0.00022163228564, 0.1429605633, 0.71399799378, 0.14262240464]
    ],
    [
      [0.086956521739, 0.17391304348, 0.086956521739, 0.65217391304, 1.3993149966e-13],
      [0.040816326531, 0.16326530612, 0.12244897959, 0.65306122449, 0.020408163265],
      [0.032786885246, 0.14754098361, 0.14754098361, 0.65573770492, 0.016393442623],
      [0.042372881356, 0.14124293785, 0.13276836158, 0.6581920904, 0.025423728814],
      [0.041666666667, 0.13541666667, 0.125, 0.66666666667, 0.03125],
      [0.038461538462, 0.11538461538, 0.11538461538, 0.65384615385, 0.076923076923]
    ],
    [
      [0.21382939351, 0.15120923051, 0.12591599018, 0.50103612568, 0.008009260113],
      [0.10429561324, 0.2068607938, 0.14746851075, 0.5124085174, 0.028966564812],
      [0.089972653565, 0.1595214387, 0.15652387839, 0.58150110851, 0.012480920835],
      [0.091166411538, 0.16216333166, 0.16575328889, 0.55927935882, 0.021637609081],
      [0.10174802879, 0.1925928084, 0.11905189454, 0.57412329829, 0.012483969985],
      [0.080484791524, 0.16243851004, 0.12018823023, 0.57317784714, 0.063710621065]
    ],
    [
      [0.068493150685, 0.095890410959, 0.16438356164, 0.64383561644, 0.027397260274],
      [0.036697247706, 0.11926605505, 0.16513761468, 0.64220183486, 0.036697247706],
      [0.034161490683, 0.11180124224, 0.17080745342, 0.64596273292, 0.037267080745],
      [0.035944700461, 0.1069124424, 0.1732718894, 0.64516129032, 0.038709677419],
      [0.034220532319, 0.10646387833, 0.16730038023, 0.65399239544, 0.038022813688],
      [0.036144578313, 0.096385542169, 0.1686746988, 0.63855421687, 0.060240963855]
    ],
    [
      [0.071428571429, 0.089285714286, 0.17857142857, 0.625, 0.035714285714],
      [0.041095890411, 0.12328767123, 0.17808219178, 0.6301369863, 0.027397260274],
      [0.041884816754, 0.099476439791, 0.18848167539, 0.6335078534, 0.03664921466],
      [0.042414355628, 0.099510603589, 0.18270799347, 0.63784665579, 0.037520391517],
      [0.04132231405, 0.099173553719, 0.18181818182, 0.64462809917, 0.03305785124],
      [0.029411764706, 0.088235294118, 0.17647058824, 0.61764705882, 0.088235294118]
    ],
    [
      [0.084745762712, 0.084745762712, 0.084745762712, 0.72881355932, 0.016949152542],
      [0.050632911392, 0.088607594937, 0.11392405063, 0.73417721519, 0.012658227848],
      [0.052631578947, 0.078947368421, 0.11842105263, 0.73684210526, 0.013157894737],
      [0.053333333333, 0.078518518519, 0.10074074074, 0.74518518519, 0.022222222222],
      [0.046875, 0.078125, 0.09375, 0.765625, 0.015625],
      [0.042553191489, 0.063829787234, 0.085106382979, 0.72340425532, 0.085106382979]
    ],
    [
      [0.099999999998, 0.050000000002, 0.1, 0.7, 0.049999999999],
      [0.090909090909, 0.090909090911, 0.090909090911, 0.69696969696, 0.030303030305],
      [0.027027027027, 0.13513513513, 0.08108108108, 0.7027027027, 0.054054054055],
      [0.041152263375, 0.090534979423, 0.11111111111, 0.7037037037, 0.053497942386],
      [0.023255813953, 0.06976744186, 0.11627906977, 0.74418604651, 0.046511627907],
      [0.038461538462, 0.076923076927, 0.076923076922, 0.6923076923, 0.11538461539]
    ],
    [
      [0, 0, 0.27189595856, 0.67353413942, 0.054569902016],
      [0, 0, 0, 0, 0],
      [0, 0, 0.28719459358, 0.65388214624, 0.05892326018],
      [0, 0, 0.26212474756, 0.67571402748, 0.062161224955],
      [0, 0, 0.26921849636, 0.67023548843, 0.060546015208],
      [0, 0, 0.23817903625, 0.61315768611, 0.14866327764]
    ],
    [
      [0.067415730337, 0.10112359551, 0.15730337079, 0.62921348315, 0.044943820225],
      [0.048951048951, 0.11188811189, 0.16083916084, 0.63636363636, 0.041958041958],
      [0.052631578947, 0.1, 0.16842105263, 0.63684210526, 0.042105263158],
      [0.052845528455, 0.10162601626, 0.15989159892, 0.63956639566, 0.046070460705],
      [0.053191489362, 0.10106382979, 0.15957446809, 0.63829787234, 0.047872340426],
      [0.050847457627, 0.084745762712, 0.15254237288, 0.62711864407, 0.084745762712]
    ],
    [
      [0.089285714286, 0.089285714286, 0.16071428571, 0.625, 0.035714285714],
      [0.051948051948, 0.11688311688, 0.16883116883, 0.62337662338, 0.038961038961],
      [0.050847457627, 0.10169491525, 0.17796610169, 0.62711864407, 0.042372881356],
      [0.053864168618, 0.093676814988, 0.17330210773, 0.6299765808, 0.049180327869],
      [0.048780487805, 0.085365853659, 0.15853658537, 0.65853658537, 0.048780487805],
      [0.034482758621, 0.068965517241, 0.13793103448, 0.62068965517, 0.13793103448]
    ],
    [
      [0.061538461538, 0.10769230769, 0.18461538462, 0.61538461538, 0.030769230769],
      [0.04375, 0.11875, 0.1875, 0.6125, 0.0375],
      [0.040650406504, 0.10975609756, 0.19918699187, 0.61382113821, 0.036585365854],
      [0.041612483745, 0.10923276983, 0.1911573472, 0.61898569571, 0.039011703511],
      [0.037837837838, 0.10810810811, 0.18918918919, 0.62702702703, 0.037837837838],
      [0.037974683544, 0.10126582278, 0.18987341772, 0.60759493671, 0.063291139241]
    ],
    [
      [0.14285714266, 0.071428571355, 0.14285714262, 0.64285714319, 1.7277204371e-10],
      [0.031746031791, 0.11111111104, 0.14285714276, 0.6825396826, 0.03174603181],
      [0.022222222262, 0.08888888918, 0.17777777777, 0.6888888884, 0.022222222382],
      [0.024154589335, 0.086956521624, 0.15458937203, 0.7004830919, 0.033816425107],
      [0.02631578942, 0.078947368918, 0.13157894734, 0.73684210493, 0.026315789395],
      [3.0358048916e-10, 0.076923076824, 0.11538461539, 0.6923076924, 0.11538461509]
    ],
    [
      [0.034188034188, 0.11111111111, 0.15384615385, 0.65811965812, 0.042735042735],
      [0.026041666667, 0.11979166667, 0.15104166667, 0.66145833333, 0.041666666667],
      [0.023076923077, 0.11346153846, 0.15576923077, 0.66346153846, 0.044230769231],
      [0.023730422402, 0.11295681063, 0.15567157095, 0.66350261035, 0.044138585667],
      [0.023255813953, 0.11240310078, 0.15310077519, 0.66860465116, 0.042635658915],
      [0.019607843137, 0.10784313725, 0.14705882353, 0.6568627451, 0.06862745098]
    ],
    [
      [0.052631578947, 0.078947368421, 0.13157894737, 0.71052631579, 0.026315789474],
      [0.031088082902, 0.088082901554, 0.13471502591, 0.71502590674, 0.031088082902],
      [0.029268292683, 0.09756097561, 0.13170731707, 0.71219512195, 0.029268292683],
      [0.030347890452, 0.087342709104, 0.13545521836, 0.71502590674, 0.031828275352],
      [0.026923076923, 0.084615384615, 0.13461538462, 0.72307692308, 0.030769230769],
      [0.026666666667, 0.08, 0.13333333333, 0.70666666667, 0.053333333333]
    ],
    [
      [0.16666666666, 1.1531190607e-12, 0.16666666667, 0.66666666666, 6.2400841467e-12],
      [0.052631578947, 0.078947368421, 0.18421052632, 0.65789473684, 0.026315789475],
      [0.012987012988, 0.1038961039, 0.1948051948, 0.66233766234, 0.025974025975],
      [0.018450184501, 0.077490774907, 0.20664206642, 0.67158671587, 0.025830258302],
      [1.0749304669e-12, 0.078947368426, 0.18421052631, 0.71052631579, 0.026315789473],
      [4.1887638389e-12, 0.058823529411, 0.17647058823, 0.64705882353, 0.11764705882]
    ],
    [
      [0.057692307692, 0.076923076923, 0.23076923077, 0.59615384615, 0.038461538462],
      [0.026923076923, 0.096153846154, 0.23076923077, 0.60384615385, 0.042307692308],
      [0.025069637883, 0.094707520891, 0.23398328691, 0.60445682451, 0.041782729805],
      [0.025408348457, 0.09165154265, 0.23411978221, 0.60617059891, 0.042649727768],
      [0.020833333333, 0.088541666667, 0.22916666667, 0.61979166667, 0.041666666667],
      [0.022471910112, 0.089887640449, 0.22471910112, 0.60674157303, 0.056179775281]
    ],
    [
      [0.3997436383, 0.00012645742554, 1.4774743849e-05, 0.60011212923, 3.0003024248e-06],
      [9.9467513604e-07, 0.11113387748, 0.2221769828, 0.66666536365, 2.2781392702e-05],
      [3.5480439299e-05, 0.058892475754, 0.2939703304, 0.64709932809, 2.3853174541e-06],
      [0.025209995949, 0.058802922929, 0.17650020068, 0.70587887144, 0.033608009003],
      [1.7592789093e-06, 0.050000243249, 0.15003314549, 0.74990748163, 0.050057370349],
      [6.9675696031e-05, 3.1377389825e-06, 0.11105168706, 0.66678340259, 0.22209209691]
    ]
  ],
  "expected_outcome": [
    [
      [1.9999990186, 2.9999980509, 0.34015698978, 1.9999998801, 3, 3, 4, 4, 0.47327911377, 1.9999999966, 1.7372117237, 0.64516825244, 0.25853585309, 0, 4, 1.9999999575, 4, 3, 4, 3, 3, 3, 4, 2, 4, 3, 1.9999679167, 2.9999997374, 0, 0.20533524821, 0.32315611283, 0.76214392185, 0.72929141029, 1.9965563932, 2, 1.0691469676, 5, 4, 5, 2, 0, 6, 5, 4, 1.9999999973, 4, 4, 1.9999999999, 3, 1.9987181915],
      [1.00000006, 1.3092225546e-06, 0.25673918581, 1.9999999743, 6, 6, 7, 8, 0.014777245356, 3.3147603361e-09, 0.0094486024095, 0.51055676223, 0.020647022024, 0, 5, 6.3625218482e-08, 4, 3, 1, 2, 6, 4, 3, 3, 1, 2, 6.7632146077e-05, 2.9999998184, 0, 0.34782811085, 0.044917911782, 0.889297187, 0.10668279102, 0.001124149733, 4, 0.75604615256, 7, 5, 5, 1, 0, 9, 5, 7, 0.99999999896, 13, 6, 1.3837428729e-11, 4, 0.0006322871277],
      [1.0000035499, 1.0000012945, 0.2528282341, 1.0000002355, 5, 7, 9, 9, 0.25964743666, 1.0000000022, 0.15631254504, 0.48666333276, 0.072581525569, 0, 8, 6.3623535134e-09, 9, 3, 3, 5, 13, 7, 6, 7, 2, 2, 0.99999455653, 3.9999998289, 0, 0.32096318288, 0.0078121815812, 0.11314676395, 0.24716954966, 0.0021989617114, 2, 0.62957995091, 12, 10, 5, 2.0000000001, 0.27189595856, 14, 9, 12, 1.9999999966, 18, 10, 2, 12, 7.3873719243e-05],
      [6.9999973403, 10.9999993444, 0.11771396342, 3.9999998642, 25, 27, 33, 25, 1.2377022986, 3.9999999974, 2.0939986118, 2.2797492149, 0.64601580733, 0, 51, 3.9999999725, 43, 20, 21, 25, 38, 23, 27, 27, 23, 14, 5.9999695903, 9.0000004356, 0, 1.0790459494, 0.61790287337, 3.2202256498, 0.90665831623, 2.0001021497, 15, 2.5051806284, 47, 35, 43, 14, 0.67353413942, 56, 35, 40, 9.0000000047, 77, 54, 7.9999999999, 31, 3.0005606461],
      [3.1184556758e-08, 9.6358648316e-10, 0.03256162689, 4.5797822068e-08, 1, 1, 1, 2, 0.014593905596, 5.1576362499e-10, 0.0030285170662, 0.077862437688, 0.0022197919926, 0, 1, 5.894217329e-12, 2, 1, 6.1851769318e-22, 1.3056748708e-25, 2, 1, 1, 1, 7.2030033591e-15, 7.4722581671e-17, 3.0439884079e-07, 1.0000001798, 0, 0.046827508632, 0.0062109204342, 0.015186477372, 0.010197932805, 1.8345652011e-05, 3.2184244922e-12, 0.040046300565, 2, 2, 1, 0.99999999998, 0.054569902016, 4, 2, 2, 2.4188086119e-09, 5, 2, 7.488100976e-11, 2, 1.5001512124e-05]
    ],
    [
      [1.0000010679, 4.5066129333e-08, 0.39357211219, 2.1794645559e-08, 2, 3, 3, 2, 0.65889208271, 1.0000000008, 0.0029399280017, 0.19001490763, 0.073303941548, 0.3182091463, 4, 6.3973047478e-09, 4, 2, 3, 3, 7, 6, 3, 5, 7.3054792613e-14, 4, 4.6197371254e-05, 1.0000002778, 0, 0.14302226291, 0.68606608074, 0.008792606469, 0.5768939033, 1.0003311431, 2, 0.62577367942, 4, 3, 4, 3, 0, 7, 4, 7, 2.0000000028, 5, 6, 2, 7, 2.6856228673e-05],
      [3.9999979197, 4.0000006235, 1.0849127283, 5.9999999285, 10, 13, 8, 14, 1.0381485086, 3.9999999985, 1.7489836051, 1.1390675218, 1.4903004818, 0.29299851868, 7, 2.999999943, 11, 7, 7, 8, 22, 18, 9, 13, 3, 5, 2.9999327529, 4.9999997129, 0.65835142837, 0.93229275903, 0.61323702108, 1.7401902779, 0.10915495675, 2.9979166144, 8, 1.2411647628, 13, 9, 7, 3.0000000001, 0, 16, 9, 19, 6.9999999955, 23, 17, 3, 25, 3.0006146918],
      [4.0000006252, 3.0000025881, 0.90095481621, 5.0000002069, 9, 16, 10, 13, 0.5369535456, 2.9999999986, 0.92839336391, 0.92645015535, 1.2540685092, 0.76899912861, 9, 3.9999999768, 17, 6, 10, 13, 41, 24, 15, 26, 1, 6, 3.0000242308, 3.0000000794, 0.17470893534, 0.76910821645, 0.46957571163, 2.1319870631, 0.18076373342, 3.0035072318, 6, 0.88481106451, 18, 13, 9, 3.0000000001, 0, 23, 13, 30, 8.9999999939, 29, 26, 7.0000000001, 60, 5.9987785357],
      [15.0000000078, 22.9999973674, 0.43675479977, 10.9999997881, 39, 56, 35, 36, 3.6821409158, 13, 4.251534416, 4.6140571348, 4.1455021412, 7.1819283017, 60, 30.0000000675, 79, 35, 57, 64, 122, 78, 63, 101, 13, 35, 11.9999725994, 9.0000000149, 3.6495473415, 3.0297419012, 2.1584696709, 6.9598024978, 1.1166505908, 9.9975548194, 32, 3.0744511044, 70, 46, 58, 22.9999999998, 0, 91, 48, 98, 43.0000000038, 127, 138, 24.9999999999, 157, 17.9999648186],
      [3.7939394886e-07, 0.99999937587, 0.18380554358, 5.4598771792e-08, 2, 3, 1, 3, 0.083864947339, 1.0000000021, 0.068148686992, 0.13041028046, 0.036824926216, 0.43786490469, 2, 1.0000000063, 4, 2, 2, 2, 6, 3, 3, 4, 1.2747506306e-14, 1, 2.4219592194e-05, 0.99999991503, 0.51739229474, 0.12583486045, 0.072651515662, 0.15922755478, 0.016536815728, 0.00069019127516, 1, 0.17379938887, 4, 2, 1, 1.0000000001, 0, 6, 3, 6, 2.000000004, 8, 6, 1.0000000001, 11, 0.00061509760296]
    ],
    [
      [0.99999910818, 9.3038612642e-10, 0.61959531358, 0.99999995081, 3, 5, 6, 6, 0.15170093586, 1.2169687654e-09, 0.098596809495, 0.1389808794, 0.57918934469, 0.064961015601, 3, 4.4499556141e-08, 5, 1, 2, 3, 10, 6, 7, 7, 1, 1, 1.0000374088, 3.0000001759, 0, 0.19662743077, 0.19336138146, 0.030807174084, 0.44206137441, 0.0014037725549, 2, 0.62980857496, 11, 8, 4, 0.99999999998, 0, 10, 6, 10, 1.0000000018, 12, 6, 1.0000000001, 9, 0.00060316746808],
      [2.0000026015, 1.9999987067, 1.6172512341, 11.0000000254, 13, 18, 22, 41, 2.2794945264, 5.0000000021, 1.8806949305, 0.96959843491, 1.7755762025, 0.057931300307, 10, 0.99999997894, 10, 4, 4, 8, 35, 24, 16, 22, 2, 5, 3.0000254214, 9.9999999952, 0.1749702496, 1.228917065, 0.39301146818, 2.1561037601, 1.5320208199, 1.0020891734, 9, 1.1166500709, 36, 19, 6, 4.9999999999, 0, 19, 12, 27, 4.0000000131, 59, 20, 8, 34, 1.0011720878],
      [5.9999959235, 3.9999980662, 1.6759861753, 12.9999999157, 13, 28, 31, 44, 2.1982120759, 5.000000002, 3.7195831213, 2.0110610466, 1.1109747845, 0.088520553081, 14, 3.0000000126, 22, 4, 11, 16, 68, 32, 30, 45, 3, 4, 4.0000054124, 10.0000004522, 0.039670048951, 1.6537616131, 0.14530833971, 3.77235065, 1.6875724084, 6.9914988089, 9, 1.0956671487, 55, 36, 9, 3, 0.86158378075, 32, 21, 49, 7.9999999998, 81, 27, 14.9999999999, 84, 4.9974956168],
      [17.0000013201, 18.0000000136, 0.70145453784, 26.0000000368, 54, 90, 103, 122, 8.1197419163, 16.9999999913, 8.2867301133, 5.451085662, 6.5071362237, 1.6754202304, 81, 11.9999999512, 94, 19, 49, 72, 200, 100, 126, 174, 20, 24, 14.9999227688, 23.9999995589, 0.6251588345, 4.8123358725, 2.1007621987, 11.9756315578, 9.2979241114, 12.0044174944, 40, 4.0705077596, 208, 121, 56, 26.0000000001, 1.9616464387, 121, 74, 151, 30.999999978, 345, 146, 50.9999999999, 217, 11.0006885775],
      [1.0467553588e-06, 3.2125460408e-06, 0.38571273919, 2.0000000712, 2, 5, 5, 13, 0.25085054552, 1.0000000034, 1.0143950255, 0.42927397705, 0.027123444533, 0.1131669006, 2, 1.2781651533e-08, 5, 1, 1, 2, 10, 4, 7, 8, 2.1720291334e-15, 1, 8.9886286537e-06, 2.9999998178, 0.16020086695, 0.1083580186, 0.16755661198, 0.065106858034, 0.040421285819, 0.00059075072837, 1, 0.087366445844, 12, 7, 1, 2, 0.17676978054, 8, 5, 9, 1.0000000072, 23, 6, 2.0000000001, 15, 4.055039672e-05]
    ],
    [
      [5.9999979711, 4.0000012628, 0.50602911501, 2.0000001127, 14, 18, 22, 17, 1.3114830492, 4.9999999969, 1.15603375, 0.83941085767, 0.98123271946, 1.5757147479, 24, 2.9999999427, 26, 12, 18, 22, 37, 25, 32, 29, 13, 14, 4.9999465684, 7.9999998972, 0, 1.247018893, 3.2791854316, 0.078202805904, 4.0986920032, 2.9992806521, 15, 1.8233282308, 39, 26, 36, 10.0000000001, 0, 39, 23, 32, 4.9999999922, 50, 41, 4.9999999999, 28, 2.999989518],
      [12.9999996421, 13.9999986, 1.3075666721, 25.0000002245, 55, 68, 74, 99, 4.5308395447, 22.9999999967, 5.3189901775, 3.8983339948, 8.0418507525, 0.63923092931, 56, 8.9999999952, 55, 31, 23, 42, 120, 79, 71, 82, 15, 32, 8.9999396066, 20.0000000936, 2.8129936158, 3.7458495083, 3.4545910625, 4.884935425, 4.0413464733, 6.9958865026, 50, 3.2432666333, 116, 61, 53, 21.9999999999, 0, 75, 40, 84, 17.9999999761, 238, 118, 20.9999999998, 101, 6.9975478286],
      [20.9999969571, 26.9999947618, 1.2881332414, 26.9999995549, 59, 95, 104, 108, 7.4605585572, 25.9999999953, 8.0869510206, 5.4941400895, 7.2834372483, 3.0644017701, 90, 32.9999999488, 114, 37, 58, 88, 244, 117, 127, 179, 23, 37, 20.999931367, 26.9999996757, 0.69686938716, 5.3646418133, 1.3187436418, 12.7243119984, 9.6971737709, 21.0016452643, 47, 3.3150657779, 188, 112, 68, 26.9999999999, 2.3591227281, 118, 74, 147, 32.0000000108, 328, 183, 56, 258, 21.0035238804],
      [84.0000038809, 176.0000066549, 0.5361814336, 62.0000003432, 247, 330, 354, 305, 28.7109715938, 106.0000000126, 31.4995958392, 17.8278670279, 36.1829374423, 26.3231545251, 538, 210.0000001048, 510, 190, 306, 421, 717, 369, 566, 688, 203, 199, 79.0001770043, 56.0000002573, 14.5470990598, 16.1612948917, 28.6674552564, 45.1718832399, 44.2549321848, 59.0030976511, 233, 11.1855871765, 700, 391, 503, 171.0000000002, 6.0814262473, 472, 269, 476, 145.0000000237, 1398, 966, 182.0000000004, 668, 83.9995857017],
      [3.0000015488, 6.9999987204, 0.36208953784, 4.9999997647, 13, 20, 19, 32, 0.98614725512, 6.9999999984, 3.9384292127, 0.94024803016, 1.5105418374, 2.3974980275, 17, 7.0000000085, 27, 12, 11, 14, 37, 17, 32, 33, 6, 8, 3.0000054537, 7.0000000762, 2.9430379372, 0.48119489368, 2.2800246076, 1.1406665308, 0.90785556773, 1.00008993, 9, 0.43275218162, 42, 23, 15, 12.9999999999, 0.5594510246, 34, 21, 30, 6.9999999971, 93, 43, 6.9999999999, 47, 3.9993530713]
    ],
    [
      [1.0000010076, 4.5392648694e-10, 0.79141266872, 1.0000000321, 4, 5, 7, 6, 0.31093435726, 1.0000000029, 0.0029672608262, 0.18642510286, 0.046415324653, 0.041115090181, 3, 3.6136901153e-08, 4, 2, 2, 3, 9, 7, 6, 5, 1, 3, 0.99999985626, 2.9999998201, 0, 0.1613148053, 0.42379687458, 0.11269481438, 0.13595217061, 0.0010461970574, 4, 0.61048817273, 9, 5, 6, 0.99999999998, 0, 10, 4, 7, 0.99999999796, 12, 7, 4.0847357741e-11, 4, 3.5185578186e-05],
      [2.9999982074, 0.99999946708, 1.934952377, 13.9999998025, 15, 21, 23, 38, 0.95547829712, 5.9999999978, 1.0099983001, 0.48244328635, 1.2241238466, 0.0098392517052, 8, 6.4566938355e-09, 8, 6, 2, 5, 29, 23, 13, 16, 1, 7, 0.99998977205, 9.0000005523, 0.35368470622, 0.40782208176, 0.39377119382, 0.10344541649, 0.14997549049, 1.001432134, 13, 1.1555568504, 28, 12, 10, 3, 0, 19, 7, 20, 3.0000000189, 58, 22, 3.0000000002, 17, 1.000004865],
      [4.0000038073, 2.0000025743, 2.0198471717, 15.0000002059, 16, 29, 31, 41, 1.2895159514, 5.9999999981, 2.0448049665, 1.0816853758, 2.0998190271, 0.078078548205, 13, 2.0000000466, 18, 7, 6, 12, 60, 34, 23, 35, 2, 9, 3.0000228028, 11.0000001484, 0.08875162855, 0.57233496172, 0.03111582751, 1.1348032009, 1.9479357145, 3.0004257902, 12, 0.71431136727, 44, 22, 12, 5, 0.26921849636, 30, 13, 35, 4.9999999988, 79, 35, 6.9999999999, 44, 3.0006629098],
      [20.9999988946, 21.9999986128, 0.82361266709, 36.9999999859, 70, 105, 110, 120, 7.3383868396, 32.0000000031, 6.9385043606, 4.8272409603, 6.6087096402, 0.81949694275, 85, 16.9999999107, 83, 38, 38, 58, 178, 112, 105, 136, 21, 49, 16.0000028166, 27.9999993737, 2.1781947641, 1.7617495246, 3.0553534325, 6.6095074838, 7.5602172099, 9.9968419289, 64, 3.4447397897, 172, 78, 98, 32, 0.67023548843, 120, 54, 116, 27.9999999874, 345, 188, 26.9999999999, 119, 14.9981496327],
      [1.999998083, 0.99999934542, 0.43017511544, 2.9999999736, 3, 7, 6, 14, 0.10568455466, 1.9999999981, 2.003725112, 0.42220527464, 0.020932161582, 0.05147016716, 4, 7.3259587568e-11, 4, 2, 3, 3, 9, 5, 6, 8, 2, 2, 0.99998475238, 3.0000001054, 0.37936890112, 0.096778626658, 0.095962671611, 0.039549084484, 0.20591941456, 0.00025394987739, 3, 0.074903819907, 10, 4, 2, 2, 0.060546015208, 9, 4, 7, 0.99999999699, 22, 8, 0.99999999996, 8, 1.001147407]
    ],
    [
