{
  "Z_true": {},
  "V_true": [
    [21, 863, 288, 365],
    [73, 339, 2763, 154],
    [112, 303, 9907, 136],
    [159, 12418, 1848, 266],
    [794, 472, 1595, 69],
    [58, 278, 484, 206]
  ],
  "p_true": [
    [0.0137, 0.5615, 0.1874, 0.2375],
    [0.0219, 0.1018, 0.83, 0.0463],
    [0.0107, 0.029, 0.9473, 0.013],
    [0.0108, 0.8453, 0.1258, 0.0181],
    [0.271, 0.1611, 0.5444, 0.0235],
    [0.0565, 0.271, 0.4717, 0.2008]
  ],
  "Z_est": {},
  "V_est": [
    [0, 1135.285, 0, 401.715],
    [0, 192.2066, 2942.3233, 194.4701],
    [71.071, 0, 10179.8878, 207.0412],
    [0, 13163.6545, 1527.3455, 0],
    [905.5546, 0, 2024.4454, 0],
    [240.3745, 181.8539, 210.998, 392.7737]
  ],
  "p_est": [
    [0, 0.7386, 0, 0.2614],
    [0, 0.0577, 0.8838, 0.0584],
    [0.0068, 0, 0.9734, 0.0198],
    [0, 0.896, 0.104, 0],
    [0.3091, 0, 0.6909, 0],
    [0.2343, 0.1772, 0.2057, 0.3828]
  ],
  "EI_Z": {},
  "EI_V": 7.4432,
  "MAE_Z": {},
  "MAE_V": 210.7104,
  "MAE_p": 0.0746,
  "runtime": 0.0125
}
