{
  "X": [
    [14, 19, 134, 193, 11],
    [18, 13, 121, 215, 9],
    [21, 24, 166, 257, 23],
    [71, 64, 411, 974, 64],
    [32, 33, 173, 261, 27],
    [63, 93, 675, 1164, 106],
    [87, 161, 998, 1698, 163],
    [2, 1, 15, 29, 4],
    [1, 2, 13, 9, 3],
    [4, 1, 20, 35, 4],
    [86, 82, 725, 918, 134],
    [1, 0, 3, 6, 2],
    [7, 2, 29, 16, 1],
    [0, 1, 7, 3, 2],
    [157, 150, 1398, 2119, 187],
    [161, 74, 933, 1638, 163],
    [5, 6, 29, 35, 9],
    [24, 17, 204, 287, 47],
    [123, 107, 1090, 1509, 213],
    [1, 5, 28, 30, 6],
    [118, 143, 2190, 1064, 396],
    [45, 62, 522, 413, 63],
    [7, 6, 46, 29, 6],
    [3, 1, 15, 12, 1],
    [20, 20, 110, 216, 20],
    [10, 10, 86, 208, 17],
    [16, 32, 104, 210, 17],
    [30, 21, 151, 347, 23],
    [26, 25, 114, 320, 26],
    [19, 25, 112, 249, 20],
    [0, 1, 5, 8, 1],
    [3, 2, 20, 66, 2],
    [5, 4, 19, 72, 7],
    [0, 2, 4, 30, 1],
    [6, 1, 27, 102, 9],
    [14, 10, 68, 230, 16],
    [7, 5, 23, 77, 8],
    [6, 7, 110, 67, 27],
    [5, 3, 25, 102, 10],
    [1, 0, 2, 6, 5],
    [5, 2, 24, 55, 9],
    [6, 1, 15, 48, 6],
    [1, 1, 13, 77, 9],
    [10, 10, 76, 84, 21],
    [2, 1, 6, 9, 2],
    [21, 10, 98, 165, 22],
    [2, 4, 4, 21, 4],
    [2, 1, 4, 6, 2],
    [0, 0, 3, 11, 0],
    [7, 3, 26, 125, 9],
    [14, 14, 85, 239, 19],
    [17, 17, 83, 200, 24],
    [4, 6, 79, 59, 24],
    [5, 2, 27, 36, 11],
    [9, 8, 92, 196, 21],
    [5, 7, 67, 94, 9],
    [14, 9, 80, 102, 41],
    [31, 14, 143, 175, 59],
    [13, 19, 126, 189, 33],
    [21, 24, 155, 244, 43],
    [12, 10, 87, 127, 21],
    [11, 15, 76, 147, 20],
    [20, 16, 81, 187, 20],
    [8, 1, 8, 57, 1],
    [6, 9, 107, 46, 25],
    [17, 24, 234, 160, 58],
    [4, 6, 155, 27, 37],
    [12, 9, 117, 52, 18],
    [8, 15, 138, 39, 19],
    [5, 12, 85, 95, 17],
    [1, 4, 7, 10, 2],
    [9, 10, 86, 90, 21],
    [2, 0, 15, 27, 1],
    [12, 3, 61, 88, 24],
    [4, 3, 15, 11, 5],
    [4, 1, 15, 59, 2],
    [7, 6, 33, 49, 11],
    [17, 67, 256, 243, 48],
    [161, 240, 1370, 1315, 300],
    [118, 178, 897, 900, 256],
    [2, 1, 9, 14, 0]
  ],
  "W": [
    [50, 17, 167, 121, 16],
    [51, 11, 170, 127, 17],
    [49, 18, 218, 164, 42],
    [213, 53, 543, 679, 96],
    [55, 24, 231, 169, 47],
    [180, 79, 857, 805, 180],
    [267, 139, 1304, 1174, 223],
    [5, 2, 23, 17, 4],
    [3, 1, 16, 3, 5],
    [9, 0, 30, 20, 5],
    [159, 52, 910, 635, 189],
    [2, 0, 4, 4, 2],
    [4, 2, 35, 10, 4],
    [0, 0, 9, 2, 2],
    [449, 166, 1700, 1453, 243],
    [386, 97, 1150, 1113, 223],
    [5, 3, 40, 29, 7],
    [72, 29, 252, 183, 43],
    [331, 118, 1312, 1059, 222],
    [4, 2, 40, 19, 5],
    [226, 71, 2526, 697, 391],
    [96, 40, 584, 284, 101],
    [9, 6, 47, 22, 10],
    [1, 1, 19, 8, 3],
    [31, 21, 162, 148, 24],
    [44, 11, 124, 122, 30],
    [25, 23, 131, 159, 41],
    [51, 32, 210, 232, 47],
    [55, 29, 164, 215, 48],
    [38, 17, 155, 171, 44],
    [2, 0, 6, 6, 1],
    [19, 4, 25, 37, 8],
    [7, 5, 22, 61, 12],
    [4, 3, 7, 20, 3],
    [15, 6, 34, 77, 13],
    [49, 9, 104, 157, 19],
    [18, 4, 31, 59, 8],
    [16, 2, 121, 43, 35],
    [13, 1, 27, 89, 15],
    [1, 0, 5, 4, 4],
    [12, 2, 25, 47, 9],
    [13, 1, 26, 32, 4],
    [19, 0, 16, 47, 19],
    [21, 3, 90, 53, 34],
    [2, 0, 6, 6, 6],
    [37, 11, 130, 105, 33],
    [7, 1, 10, 13, 4],
    [2, 1, 5, 2, 5],
    [2, 1, 5, 6, 0],
    [34, 0, 39, 86, 11],
    [56, 20, 104, 164, 27],
    [48, 16, 114, 134, 29],
    [10, 3, 91, 36, 32],
    [6, 2, 43, 21, 9],
    [43, 3, 112, 129, 39],
    [15, 8, 80, 62, 17],
    [28, 9, 111, 72, 26],
    [54, 20, 171, 116, 61],
    [44, 13, 164, 119, 40],
    [52, 18, 197, 170, 50],
    [34, 8, 112, 84, 19],
    [42, 15, 104, 85, 23],
    [38, 8, 108, 135, 35],
    [17, 0, 13, 43, 2],
    [11, 7, 119, 27, 29],
    [42, 9, 274, 95, 73],
    [3, 4, 177, 20, 25],
    [18, 6, 143, 33, 8],
    [12, 10, 153, 20, 24],
    [28, 5, 113, 53, 15],
    [1, 3, 9, 7, 4],
    [19, 9, 96, 69, 23],
    [7, 0, 16, 22, 0],
    [29, 3, 74, 58, 24],
    [3, 0, 17, 9, 9],
    [8, 2, 17, 50, 4],
    [7, 2, 43, 45, 9],
    [36, 71, 320, 140, 64],
    [255, 185, 1686, 914, 346],
    [196, 82, 1127, 660, 284],
    [3, 0, 13, 8, 2]
  ],
  "method": "mult",
  "cond_prob": [
    [
      [0.11798800974, 0.00012660871847, 0, 0.88188538155, 0],
      [0.031279573201, 0.4996574629, 0.0089450608424, 0.46011790305, 0],
      [0.03051562807, 0.043762638095, 0.7858453732, 0.10532987341, 0.034546487221],
      [0.0079748051396, 0.00085205321132, 0, 0.99117314165, 0],
      [0.094236591197, 0.19300210589, 0.16323479003, 0.22260547325, 0.32692103963]
    ],
    [
      [0.11987635407, 0, 0, 0.88012364593, 0],
      [0.041662156376, 0.42521324333, 0.0060967133823, 0.52702788691, 0],
      [0.05422548014, 0.032010537575, 0.6961025857, 0.19270783933, 0.024953557262],
      [0, 0, 0, 1, 0],
      [0.12998179992, 0.16946252562, 0.15267626968, 0.2680032127, 0.27987619208]
    ],
    [
      [0.12568914015, 0, 0, 0.87431085985, 0],
      [0.037192674329, 0.46496772369, 0.0072902534452, 0.49054934853, 0],
      [0.044689456458, 0.038943319128, 0.73375073114, 0.14536902239, 0.037247470892],
      [0, 0, 0, 1, 0],
      [0.10546339255, 0.17002231914, 0.14074085834, 0.22948649318, 0.3542869368]
    ],
    [
      [0.13103235944, 0, 0, 0.86896764056, 0],
      [0.037798721533, 0.47647995478, 0.0082951951274, 0.47742612856, 0],
      [0.057964823222, 0.042228456006, 0.73205550151, 0.11934049975, 0.048410719514],
      [0, 0, 2.3545230566e-17, 1, 3.5256530145e-18],
      [0.10012371031, 0.16475532068, 0.13598143061, 0.20629600399, 0.39284353442]
    ],
    [
      [0.17666503839, 0.00052967851254, 0, 0.8228052831, 0],
      [0.04853650044, 0.50724041501, 0.0057722688785, 0.43845081567, 0],
      [0.058043009215, 0.050992840422, 0.72243595834, 0.12315510329, 0.045373088733],
      [0.0078831107663, 0.0021728620174, 0, 0.98994402722, 0],
      [0.13570991553, 0.18405399794, 0.12720764192, 0.2015642637, 0.35146418091]
    ],
    [
      [0.097574695611, 0, 0, 0.90242530439, 0],
      [0.028786996604, 0.44821322343, 0.0089939604554, 0.51400581951, 0],
      [0.034189865556, 0.034316871889, 0.75580212311, 0.13448593176, 0.041205207688],
      [0, 0, 0, 1, 0],
      [0.077009262651, 0.156564423, 0.14759476457, 0.22612523305, 0.39270631673]
    ],
    [
      [0.094496030443, 6.2386511897e-05, 0, 0.90544158304, 9.3249685871e-34],
      [0.026132003864, 0.4802305068, 0.0074574488297, 0.48618004051, 0],
      [0.032782845538, 0.043860281344, 0.74130837982, 0.1287366054, 0.053311887899],
      [0, 0, 0, 1, 0],
      [0.069006191717, 0.16608742369, 0.13586227502, 0.20984546302, 0.41919864655]
    ],
    [
      [0.10217271915, 0, 0, 0.89782728085, 0],
      [0.043599079178, 0.27759514313, 0.0043899670157, 0.67441581068, 0],
      [0.046703774527, 0.0095641569932, 0.63626136504, 0.23155243144, 0.075918271992],
      [0, 0, 0, 1, 0],
      [0.081937857941, 0.056208525726, 0.089302167486, 0.2090815128, 0.56346993604]
    ],
    [
      [0.093738161504, 0, 0, 0.9062618385, 0],
      [0.022309258311, 0.54196283018, 0.0069794210934, 0.42874849042, 0],
      [0.020713288482, 0.039989409358, 0.77303002881, 0.11773410449, 0.048533168856],
      [0.0097340519978, 6.2745980718e-05, 0, 0.99020320202, 0],
      [0.067172297096, 0.16360367643, 0.12490802358, 0.19962214323, 0.44469385966]
    ],
    [
      [0.14375870698, 0, 0, 0.85624129302, 0],
      [0.056531796258, 0.35237250849, 0.0097698414143, 0.58109310816, 0.000232745678],
      [0.068843710495, 0.01963486392, 0.64961177528, 0.20668109917, 0.055228551132],
      [0, 0, 0, 1, 0],
      [0.12817206447, 0.082190816479, 0.1023293483, 0.21867907755, 0.46862869321]
    ],
    [
      [0.14692535473, 0, 0, 0.85307464527, 0],
      [0.042940122865, 0.44778795133, 0.010533032657, 0.49868426512, 5.4628032365e-05],
      [0.034617121164, 0.035569277435, 0.76764859601, 0.10366717319, 0.058497832206],
      [0.015053868583, 0, 0, 0.98494613142, 0],
      [0.10235553121, 0.13940203209, 0.13699502611, 0.19392396067, 0.42732344992]
    ],
    [
      [0.21530495235, 0, 0, 0.77866797943, 0.0060270682132],
      [0.11208158976, 0, 0.017560015659, 0.86964275412, 0.00071564045595],
      [0.080524470584, 0, 0.72068532613, 0.080660140195, 0.11813006309],
      [0.012401738537, 0, 0, 0.97657554006, 0.0110227214],
      [0.098842629405, 0, 0.058629347741, 0.10686066005, 0.7356673628]
    ],
    [
      [0.37891667505, 0, 0.0022361131055, 0.61884721184, 0],
      [0.13480027587, 0.40068443196, 0.012230069689, 0.45228522248, 0],
      [0.085339654466, 0.02013760517, 0.80757351798, 0.074773713707, 0.012175508677],
      [0.074364378809, 0, 0.0022393994893, 0.9233962217, 0],
      [0.37105026341, 0.12345373878, 0.169782071, 0.19224962773, 0.14346429908]
    ],
    [
      [0, 9.2417684272e-05, 0.0018227980677, 0.99763723799, 0.00044754625636],
      [0, 0.84637692547, 0.0029246277107, 0.15061312551, 8.5321313964e-05],
      [1.5407439555e-33, 0.066303044595, 0.7583226784, 0.083029867561, 0.092344409444],
      [0, 0, 0, 0.99864063292, 0.001359367083],
      [0, 0.20163629932, 0.087547947204, 0.12772496306, 0.58309079042]
    ],
    [
      [0.1296275776, 0, 0.00059348748665, 0.86977893491, 0],
      [0.039301589249, 0.4205146909, 0.012093824933, 0.52808989492, 0],
      [0.027634515884, 0.028388397988, 0.79888118905, 0.09456921006, 0.050526687017],
      [0.015469124583, 0, 0, 0.98453087542, 0],
      [0.093900571269, 0.13141680959, 0.15484743948, 0.20376673492, 0.41606844473]
    ],
    [
      [0.16007488189, 0, 0, 0.83992511811, 0],
      [0.057028929032, 0.33984038054, 0.01295568474, 0.59017500569, 0],
      [0.043637298728, 0.017839598622, 0.78187620118, 0.10097192405, 0.055674977415],
      [0.015333366362, 0, 0, 0.98466663364, 0],
      [0.11852179003, 0.092017689112, 0.14612406826, 0.19950786079, 0.44382859181]
    ],
    [
      [0.22783352482, 0.0015124571921, 0.0010013481232, 0.76693366628, 0.0027190035778],
      [0.048337684382, 0.61098551727, 0.007149958706, 0.33196932883, 0.0015575108112],
      [0.047614387345, 0.069207528596, 0.70922087792, 0.052169966413, 0.12178723973],
      [0.036755698021, 0.0092673616724, 0, 0.94153535864, 0.012441581662],
      [0.10647551234, 0.16034664713, 0.086386895206, 0.11115708927, 0.53563385606]
    ],
    [
      [0.12988426517, 0, 0.0025009842302, 0.86605488677, 0.001559863823],
      [0.045372349858, 0.33682330108, 0.014159749056, 0.60283832749, 0.00080627250833],
      [0.02585049496, 0.01580485463, 0.78406052211, 0.083945614258, 0.090338514043],
      [0.018673440348, 0, 0.0017420984718, 0.97684474716, 0.0027397140242],
      [0.079092336003, 0.07556513725, 0.12807536793, 0.16848495657, 0.54878220225]
    ],
    [
      [0.13575171087, 0, 0.0043443841055, 0.85897346514, 0.000930439888],
      [0.042224209348, 0.40859760652, 0.013850676039, 0.53485271587, 0.00047479222324],
      [0.024302855086, 0.026683132899, 0.79883658449, 0.073638925572, 0.076538501955],
      [0.021156792948, 0, 0.0075487601977, 0.96970600219, 0.0015884446646],
      [0.084654672949, 0.10710455886, 0.13900852789, 0.17132538692, 0.49790685338]
    ],
    [
      [0.054326442984, 0.00062782754192, 0, 0.94504572947, 0],
      [0.011008997894, 0.60388806796, 0.0048033815337, 0.38011673199, 0.00018282061499],
      [0.015122853798, 0.070195566342, 0.68777772609, 0.14004254581, 0.086861307959],
      [0, 0, 0, 1, 0],
      [0.031152416068, 0.19637798004, 0.095856838685, 0.17157635712, 0.50503640808]
    ],
    [
      [0.12540650359, 1.7291172055e-05, 0.0056168055814, 0.86815501325, 0.0008043864085],
      [0.036978377196, 0.43316039262, 0.015564561464, 0.51387715979, 0.00041950892905],
      [0.018029778414, 0.027435046074, 0.83967153952, 0.037999061421, 0.076864574573],
      [0.019734794209, 0.00044778515484, 0.010162476533, 0.96869098679, 0.00096395731082],
      [0.070931697116, 0.10902473576, 0.15225566013, 0.15383233175, 0.51395557524]
    ],
    [
      [0.14793544278, 0.00015633881415, 0.008521979482, 0.84338623893, 0],
      [0.037857748901, 0.5135499007, 0.014745679139, 0.43384667126, 0],
      [0.022332285964, 0.040080123354, 0.85215079617, 0.041925382262, 0.043511412247],
      [0.021867805829, 0.0010240702827, 0.01866577326, 0.95844235063, 0],
      [0.099320551274, 0.1756967074, 0.17460315082, 0.17820795439, 0.37217163612]
    ],
    [
      [0.26757037403, 0, 0.019058513926, 0.71296004936, 0.00041106268072],
      [0.070182430471, 0.52398766467, 0.025058972402, 0.38052360625, 0.00024732620295],
      [0.032991155799, 0.0080051447814, 0.91286526325, 0, 0.046138436171],
      [0.046063632851, 0.046319903558, 0.041030732297, 0.86635022145, 0.00023550984203],
      [0.16067878056, 0.1460794329, 0.1870776057, 0.12405130463, 0.38211287621]
    ],
    [
      [0.30306017011, 0, 0, 0.69693982989, 0],
      [0.1030006554, 0.3823142322, 0.0092181927025, 0.50546691969, 0],
      [0.074360184588, 0.015833665737, 0.76568006864, 0.127681752, 0.016444329031],
      [0.03668824387, 0, 0, 0.96331175613, 0],
      [0.29586323878, 0.10561537293, 0.14762016769, 0.22171530445, 0.22918591614]
    ],
    [
      [0.16196169136, 9.3567521217e-32, 2.9334881332e-32, 0.83803830864, 0],
      [0.049590397566, 0.45424223894, 0.0026754562268, 0.49349190726, 0],
      [0.067812030062, 0.043062639504, 0.66252854318, 0.16562179338, 0.060974993874],
      [0, 0, 0, 1, 0],
      [0.12301001454, 0.1451985576, 0.10892464267, 0.2011146605, 0.42175212469]
    ],
    [
      [0.06068836607, 0, 0, 0.93931163393, 0],
      [0.027479561008, 0.35966690059, 0.0054519960389, 0.60740154236, 0],
      [0.03952246861, 0.020241635592, 0.66282096596, 0.24207939416, 0.035335535678],
      [0, 0, 0, 1, 0],
      [0.070888353806, 0.11779004267, 0.12500760881, 0.26570087552, 0.4206131192]
    ],
    [
      [0.14442089289, 0.0011473492525, 0, 0.85443175786, 0],
      [0.033467712404, 0.56363553151, 0.0055881659177, 0.39730859017, 0],
      [0.053857211655, 0.062941469678, 0.74877333158, 0.10275938884, 0.031668598253],
      [0.0011681717184, 0.0076398891121, 0, 0.99119193917, 0],
      [0.10679722591, 0.23286888164, 0.14102843287, 0.20585634668, 0.3134491129]
    ],
    [
      [0.14807041512, 0, 0, 0.85192958488, 0],
      [0.054426558537, 0.35564046447, 0.0046113799127, 0.58532159708, 0],
      [0.067155416859, 0.019294353634, 0.68790990791, 0.19535715253, 0.03028316907],
      [0, 0, 0, 1, 0],
      [0.1405132216, 0.11846150795, 0.13598628046, 0.25098506455, 0.35405392543]
    ],
    [
      [0.13631988736, 0, 0, 0.86368011264, 0],
      [0.044976429457, 0.42991439571, 0.0030980784099, 0.52201109642, 0],
      [0.070727886991, 0.034232908751, 0.66053810294, 0.19187483446, 0.042626266867],
      [0, 0, 0, 1, 0],
      [0.11663992238, 0.14413094769, 0.11628972593, 0.22691248246, 0.39602692154]
    ],
    [
      [0.12941742285, 6.1265130783e-49, 6.2526035868e-33, 0.87058257715, 5.6218896868e-34],
      [0.03595433312, 0.50416860521, 0.004612697761, 0.45526436391, 0],
      [0.055935688041, 0.050055381286, 0.68656001333, 0.17410826601, 0.033340651337],
      [0, 0, 2.1425356616e-17, 1, 0],
      [0.10911096869, 0.19705794573, 0.12510868345, 0.23162696934, 0.33709543279]
    ],
    [
      [0, 0.003994310976, 0.0095124830806, 0.98484094809, 0.0016522578554],
      [0, 1, 0, 0, 0],
      [0, 0.10200545147, 0.79560935057, 0.030359461215, 0.072025736748],
      [0, 0.013064838671, 0.022119767473, 0.96129048881, 0.0035249050501],
      [9.7144514655e-17, 0.30158963719, 0.07460032561, 0.0804184037, 0.5433916335]
    ],
    [
      [0.047756943649, 0, 0, 0.95224305635, 0],
      [0.027488306609, 0.3075354838, 0.0085696118637, 0.65640659773, 0],
      [0.037687021234, 0, 0.73609830324, 0.22621467552, 0],
      [0, 0, 0, 1, 0],
      [0.13006116417, 0.096232258099, 0.19540799643, 0.32829858129, 0.25]
    ],
    [
      [0.16502415402, 0, 0.001714998687, 0.8332608473, 0],
      [0.049038498479, 0.43390970624, 0.011647628054, 0.50532137137, 8.2795851492e-05],
      [0.045866011859, 0.021445536847, 0.78779467012, 0.084355722298, 0.06053805888],
      [0.021521874602, 0, 0, 0.9784781254, 0],
      [0.10647931816, 0.11322080485, 0.13318951053, 0.17479797268, 0.47231239378]
    ],
    [
      [1.2143064332e-16, 0, 5.2041704279e-17, 1, 4.1633363423e-17],
      [1.1102230246e-16, 0.48049531075, 0, 0.51950468925, 0],
      [0, 0.0020838555489, 0.52419308029, 0.47372306416, 0],
      [0, 0, 0, 1, 0],
      [0, 0.1813090263, 0.11021614598, 0.37514149438, 0.33333333333]
    ],
    [
      [0.12827614864, 0, 0, 0.87172385136, 0],
      [0.059715986348, 0.12928570298, 0.014991858644, 0.79600645203, 0],
      [0.070773915517, 0, 0.74092439334, 0.13239663612, 0.055905055021],
      [0, 0, 0, 1, 0],
      [0.10086528652, 0.017252752471, 0.13220149805, 0.20358599148, 0.54609447148]
    ],
    [
      [0.10675075408, 0, 0, 0.89324924592, 0],
      [0.03594964204, 0.43721969654, 0.006267445645, 0.52056321577, 0],
      [0.065730289099, 0.034472108281, 0.6340485294, 0.19908136225, 0.066667710974],
      [0, 0, 0, 1, 0],
      [0.084721905563, 0.13052228789, 0.10539715431, 0.20217138599, 0.47718726625]
    ],
    [
      [0.17603821285, 0.0012202292055, 0, 0.81972331223, 0.003018245719],
      [0.04360016795, 0.53759727157, 0.0081811257658, 0.40977843493, 0.00084299977833],
      [0.053185004268, 0.04752867901, 0.71605195992, 0.081855898285, 0.10137845852],
      [0.02158733026, 0.0045356518666, 0, 0.96567433667, 0.0082026812056],
      [0.091815484918, 0.13583178482, 0.096208092445, 0.13669349123, 0.53945114658]
    ],
    [
      [0.1005279561, 0, 0.0077395770832, 0.89124099574, 0.00049147108248],
      [0.030673067639, 0.40341736301, 0.016163069111, 0.54941331852, 0.0003331817217],
      [0.013694735463, 0.023106084828, 0.85499717566, 0.036890154326, 0.071311849725],
      [0.015036852717, 0.00028733079158, 0.014592241948, 0.97004932656, 3.4247981252e-05],
      [0.057901683121, 0.096713536736, 0.16462045629, 0.15615679187, 0.52460753198]
    ],
    [
      [0.12394558939, 0.00012476329389, 0.0040877848772, 0.87093288615, 0.00090897628579],
      [0.034744878094, 0.45521482327, 0.012821977318, 0.49689432516, 0.00032399616253],
      [0.019891723307, 0.028814953932, 0.80516374674, 0.072356890541, 0.073772685484],
      [0.019478851977, 0.0010161072045, 0.012389939792, 0.96404643873, 0.0030686622975],
      [0.072217873641, 0.1116483971, 0.13946073439, 0.16181393756, 0.51485905731]
    ],
    [
      [0.17396247442, 0, 0, 0.81199692997, 0.014040595612],
      [0.096505406961, 0, 0.0085311564115, 0.89402842177, 0.00093501485362],
      [0.12580688263, 0, 0.4, 0.17937065798, 0.29482245939],
      [0, 0, 0, 0.94665545598, 0.05334454402],
      [0.049250778103, 0, 0, 0.12613198905, 0.82461723284]
    ],
    [
      [0.17662407759, 7.554936297e-05, 0.013712188252, 0.80361820838, 0.0059699764162],
      [0.055093567693, 0.40716076779, 0.017367051856, 0.5190452002, 0.0013334124675],
      [0.025674028596, 0.020423570281, 0.8209135222, 0.030858595598, 0.10213028333],
      [0.02916888714, 0.00057348851505, 0.044549148421, 0.90476279266, 0.020945683267],
      [0.084170613672, 0.071914294982, 0.13156351184, 0.11368610603, 0.59866547348]
    ],
    [
      [0.18958664302, 0, 0, 0.81041335698, 0],
      [0.074967024728, 0.33697604224, 0.0075262687782, 0.58010905907, 0.00042160519091],
      [0.11581944043, 0.017287750926, 0.56670166864, 0.16595254115, 0.13423859886],
      [0, 0, 0, 1, 0],
      [0.11227529123, 0.053385608424, 0.064557586642, 0.1424378076, 0.6273437061]
    ],
    [
      [0, 0, 3.8163916471e-17, 1, 1.1686558154e-17],
      [0.0091366376437, 0.22146471823, 0.013148673356, 0.75594801754, 0.00030195322568],
      [0.0046688327674, 0.011802424525, 0.78701953211, 0.13636183751, 0.060147373085],
      [0, 0, 0, 1, 0],
      [0.048699930301, 0.042692695137, 0.021457236117, 0.46411634736, 0.42303379109]
    ],
    [
      [0.14645868802, 0.00012972890123, 0.0027305705766, 0.85040749981, 0.00027351269346],
      [0.039384246333, 0.48810241857, 0.011117721275, 0.46118533752, 0.00021027630101],
      [0.026334226701, 0.038820403497, 0.78989710314, 0.080280851214, 0.064667415447],
      [0.023409339069, 0.00083890154243, 0.0023003367603, 0.97345142263, 0],
      [0.093983512909, 0.14690206885, 0.13813669774, 0.17469660244, 0.44628111807]
    ],
    [
      [0.22993311301, 0, 0.0042378368786, 0.76582905012, 0],
      [0.053899198929, 0.5682223469, 0.0090992763236, 0.36866586782, 0.00011331002844],
      [0.059135146123, 0.020562920115, 0.83117350763, 0.081123203165, 0.0080052229672],
      [0.019672808007, 0, 0.0077828098237, 0.97254438217, 0],
      [0.1778810082, 0.14610374655, 0.15963107025, 0.19105606463, 0.32532811037]
    ],
    [
      [0.1775347161, 0, 0, 0.8224652839, 0],
      [0.064277408491, 0.35868245212, 0.009098205351, 0.56794193404, 0],
      [0.067622667547, 0.02171972187, 0.72198944503, 0.13061411499, 0.058054050566],
      [0.0035313658785, 0, 0, 0.99646863412, 0],
      [0.13825526705, 0.097906944958, 0.12246339053, 0.20340550576, 0.43796889171]
    ],
    [
      [0.11388953953, 0.014470355402, 0, 0.86324324167, 0.0083968633951],
      [0.013863853963, 0.78381781354, 0, 0.20104993737, 0.0012683951208],
      [0.095045756653, 0.20319004275, 0.39227870309, 0.14818498534, 0.16130051217],
      [0, 0, 0, 0.98544181345, 0.014558186554],
      [0.059612950701, 0.27074731779, 0.019303242264, 0.11591348569, 0.53442300356]
    ],
    [
      [0.21603342081, 0, 0, 0.78396657919, 0],
      [0.074654798608, 0.42902078717, 7.2476503902e-05, 0.49625193772, 0],
      [0.084339351191, 0.016046383897, 0.72666011132, 0.14682094909, 0.026133204504],
      [0.014522534894, 0, 0, 0.98547746511, 0],
      [0.20850730681, 0.098149458668, 0.073325393379, 0.24615104565, 0.3738667955]
    ],
    [
      [0, 0, 0, 1, 0],
      [0, 0, 0, 1, 0],
      [0, 0, 0.6, 0.4, 0],
      [0, 0, 0, 1, 0],
      [0, 0, 0.31378821321, 0.68621178679, -0]
    ],
    [
      [0.098251479707, 0, 0, 0.90174852029, 0],
      [0.0291677029, 0.49255970202, 0.0084380818286, 0.4695741084, 0.00026040485352],
      [0.074659833385, 0.039525282148, 0.63899995605, 0.16326547397, 0.083549454451],
      [0, 0, 0, 1, 0],
      [0.067974198907, 0.13259218147, 0.098091064927, 0.17938152956, 0.52196102513]
    ],
    [
      [0.11064292181, 0, 0, 0.88935707819, 0],
      [0.033978639532, 0.41605681771, 0.01129290939, 0.53867163336, 0],
      [0.040379093061, 0.023834083811, 0.77875483598, 0.096865937961, 0.060166049185],
      [0.005384019146, 0, 0, 0.99461598085, 0],
      [0.075630324807, 0.11852292331, 0.14013477297, 0.19375898318, 0.47195299573]
    ],
    [
      [0.13880929933, 0.00050919043721, 0, 0.85993290345, 0.00074860677885],
      [0.039938460421, 0.48060462409, 0.006624593476, 0.47246684873, 0.00036547328333],
      [0.060788912509, 0.043844331986, 0.6999394047, 0.11100808262, 0.084419268187],
      [0.0012038991325, 0.0019092064073, 0, 0.99596574704, 0.00092114742228],
      [0.089892405366, 0.13902749547, 0.10692808167, 0.17411791494, 0.49003410256]
    ],
    [
      [0.079126589545, 0, 0.0035170345742, 0.91716446636, 0.00019190952533],
      [0.025020639416, 0.37482487566, 0.014524469435, 0.58533946207, 0.00029055341902],
      [0.013062426862, 0.02165662152, 0.81372355267, 0.076349825265, 0.075207573679],
      [0.011024498778, 0, 0.004972784421, 0.9840027168, 0],
      [0.048378418309, 0.09077415046, 0.14666852229, 0.1781376577, 0.53604125124]
    ],
    [
      [0.17331408665, 0, 0, 0.8251144122, 0.0015715011541],
      [0.06722389175, 0.30693962768, 0.0064543287903, 0.61860675211, 0.00077539967018],
      [0.065844916582, 0.019967772434, 0.61345384274, 0.17107646364, 0.1296570046],
      [0, 0, 0, 0.99622178918, 0.0037782108217],
      [0.11048180929, 0.058611836663, 0.067619567167, 0.17057272372, 0.59271406316]
    ],
    [
      [0.072319237917, 0, 0, 0.92768076208, 0],
      [0.025334962898, 0.38252635932, 0.011989503817, 0.58014917397, 0],
      [0.030698189362, 0.020707355878, 0.76855354629, 0.14507519904, 0.034965709427],
      [0, 0, 0, 1, 0],
      [0.060924889034, 0.11623582215, 0.15092395652, 0.23386813886, 0.43804719344]
    ],
    [
      [0.090756601925, 0, 0, 0.90924339808, 0],
      [0.028478273176, 0.39675916186, 0.011501194275, 0.56326137068, 0],
      [0.026759156916, 0.020192731592, 0.80046925032, 0.12223965253, 0.030339208644],
      [0, 0, 0, 1, 0],
      [0.07471130779, 0.13002989281, 0.16885002474, 0.23976975652, 0.38663901814]
    ],
    [
      [0.18612875516, 0.00031883205445, 0, 0.80179487474, 0.011757538039],
      [0.058263229191, 0.4184361621, 0.011005987251, 0.50819887881, 0.0040957426456],
      [0.038083505186, 0.029606196384, 0.70122920397, 0.040482740183, 0.19059835428],
      [0.027906672131, 0.0012200097991, 0, 0.94277029336, 0.028103024713],
      [0.077979858604, 0.07119302844, 0.079404018244, 0.1001118583, 0.67131123641]
    ],
    [
      [0.21223350133, 0, 0.0065494127852, 0.77293884079, 0.0082782450925],
      [0.075731041381, 0.34832705724, 0.016304851577, 0.55632704027, 0.0033100095312],
      [0.03992735044, 0.017496485156, 0.78271874258, 0.036301842101, 0.12355557973],
      [0.03703404989, 0, 0.010338761934, 0.93606084481, 0.016566343365],
      [0.11313513751, 0.06625508022, 0.11927923464, 0.12039489828, 0.58093564936]
    ],
    [
      [0.10310708292, 0.00031182308598, 0, 0.89590405595, 0.00067703804564],
      [0.028483939515, 0.48012387678, 0.0086859747733, 0.48237770501, 0.000328503923],
      [0.030507326042, 0.042054578197, 0.7388667093, 0.10826708307, 0.080304303396],
      [0.0039204355237, 0.0013231827957, 0, 0.99407094173, 0.00068543994641],
      [0.065581595988, 0.14225649523, 0.11782355007, 0.1814766921, 0.49286166661]
    ],
    [
      [0.13874795055, 0.00053324008762, 0.00025898837813, 0.85873895213, 0.0017208688545],
      [0.037776613178, 0.48179000572, 0.01000280565, 0.46971801482, 0.00071256063647],
      [0.030473765354, 0.041472406874, 0.75571049841, 0.085417739157, 0.086925590203],
      [0.017713159825, 0.0022032643361, 0, 0.97594659312, 0.0041369827142],
      [0.081811171783, 0.13510864642, 0.11863027831, 0.16304869555, 0.50140120793]
    ],
    [
      [0.14643875553, 0.00021015463027, 0.00034140857377, 0.85089816756, 0.0021115137041],
      [0.041594967749, 0.45980527072, 0.010669567652, 0.4872366613, 0.00069353258189],
      [0.030012455029, 0.03585540236, 0.75645767074, 0.083729995405, 0.093944476462],
      [0.020775075843, 0.00098196301392, 0, 0.97422192861, 0.0040210325318],
      [0.083253749254, 0.1166380326, 0.114725076, 0.15574565915, 0.529637483]
    ],
    [
      [0.10583232424, 0.0004816070648, 0, 0.89368606869, 0],
      [0.031309443471, 0.4764235559, 0.0055111296629, 0.48656852148, 0.00018734948362],
      [0.042670339192, 0.044431333455, 0.70592614997, 0.12461527798, 0.082356899406],
      [0, 0, 0, 1, 0],
      [0.071638497987, 0.13967654284, 0.10873971559, 0.18289862534, 0.49704661824]
    ],
    [
      [0.17562982726, 0.00031605545862, 0, 0.82405411728, 0],
      [0.046691451398, 0.51883265494, 0.0075113964647, 0.42692843283, 3.6064363119e-05],
      [0.070886822201, 0.050469658473, 0.71141105287, 0.11003973352, 0.057192732937],
      [0.0070001917365, 0.0016445981046, 0, 0.99135521016, 0],
      [0.12433520773, 0.17613099411, 0.11735757481, 0.18723632826, 0.39493989508]
    ],
    [
      [0.24725851754, 0, 0, 0.75274148246, 0],
      [0.041148829564, 0.71503355536, 0.0043341093157, 0.23941627267, 6.7233090361e-05],
      [0.22254834396, 0.044850339843, 0.59979297918, 0.10649736942, 0.026310967592],
      [0.012288296112, 0, 0, 0.98771170389, 0],
      [0.18753999877, 0.20847279102, 0.10134563532, 0.17366286425, 0.32897871065]
    ],
    [
      [0.12486366052, 0, 0.0068440113372, 0.8673073745, 0.00098495364276],
      [0.035676348017, 0.44705295568, 0.017784428825, 0.49886429578, 0.00062197169558],
      [0.016304973763, 0.023827838251, 0.85647397141, 0.023754976951, 0.079638239621],
      [0.019287305795, 0, 0.011007439775, 0.96857731097, 0.0011279434624],
      [0.066059178067, 0.10465919167, 0.15802142763, 0.13755652264, 0.53370367999]
    ],
    [
      [0.11761590778, 0.00022638433623, 0.0052096209237, 0.87579833676, 0.0011497501955],
      [0.031834040841, 0.47770981062, 0.012967372957, 0.47706232704, 0.0004264485387],
      [0.018480326729, 0.036194913704, 0.81211411118, 0.054988396405, 0.078222251987],
      [0.018340090896, 0.0010281052099, 0.0072599066145, 0.97179945878, 0.0015724384955],
      [0.068050785573, 0.13254831798, 0.1432264654, 0.15801561251, 0.49815881854]
    ],
    [
      [0.11808679896, 1.4713108864e-05, 0.0045457300748, 0.87611870329, 0.0012340545603],
      [0.035155411137, 0.41709823717, 0.022378534255, 0.52440979841, 0.00095801903484],
      [0.011766788868, 0.015496569958, 0.85467220888, 0.0025794703998, 0.11548496189],
      [0.018357173081, 0.00025948573648, 0.0059798622076, 0.9738106242, 0.0015928547702],
      [0.042210114694, 0.063339212586, 0.14001081825, 0.093649038065, 0.66079081641]
    ],
    [
      [0.23484905409, 0.00016010896119, 0.0065425449678, 0.75685398464, 0.0015943073377],
      [0.064231488349, 0.50239697809, 0.013898442479, 0.41878682238, 0.0006862687075],
      [0.035677823563, 0.035205332388, 0.80803893041, 0.025488014505, 0.095589899138],
      [0.040991336359, 0.00092323710802, 0.0087041165209, 0.94744169347, 0.0019396165403],
      [0.11658565337, 0.11473835177, 0.1202550803, 0.11919317292, 0.52922774164]
    ],
    [
      [0.16741180687, 0, 0.0069532836096, 0.82535884804, 0.00027606147593],
      [0.039070679782, 0.55605337686, 0.016788336894, 0.38794995372, 0.00013765274332],
      [0.018955437547, 0.036036311706, 0.8724718851, 0.017295577029, 0.055240788622],
      [0.026977160513, 0.00063938368855, 0.0078291909957, 0.9645542648, 0],
      [0.090026098534, 0.16304678611, 0.17099562451, 0.1366202377, 0.43931125315]
    ],
    [
      [0.072815958204, 0.0010056162349, 0, 0.92521714717, 0.00096127839339],
      [0.017014902745, 0.55466353189, 0.0079431797999, 0.4200576749, 0.00032071066532],
      [0.018143528042, 0.056688922683, 0.73680097941, 0.10435151684, 0.084015053027],
      [0.0033788242284, 0.0025906006344, 0, 0.9930500538, 0.00098052133745],
      [0.043118820245, 0.17702499928, 0.11345156185, 0.17135048338, 0.49505413525]
    ],
    [
      [0.15306556419, 0.0034842561045, 0, 0.84345017971, 0],
      [0.021759458, 0.66601683715, 0, 0.31222370485, 0],
      [0.047207839863, 0.09731600856, 0.73227290402, 0.082432648073, 0.040770599487],
      [0, 0.020593717351, 0, 0.97940628265, 0],
      [0.089196375761, 0.24461628349, 0.10238596596, 0.15553522363, 0.40826615115]
    ],
    [
      [0.15262962286, 0.00014284611346, 0.010245326079, 0.8344869439, 0.0024952610411],
      [0.042245461525, 0.47217345031, 0.017117322121, 0.46721038114, 0.0012533849108],
      [0.022578911535, 0.031493925665, 0.83667891074, 0.02173999884, 0.087508253215],
      [0.024292018071, 0.00093461142165, 0.028830414518, 0.93875258817, 0.0071903678206],
      [0.08156970685, 0.11564433996, 0.14525255966, 0.1338646158, 0.52366877773]
    ],
    [
      [0.1613409461, 0, 0.014380442369, 0.82313085938, 0.0011477521524],
      [0.082562595, 0, 0.026357321772, 0.89064994295, 0.0004301402764],
      [0.022157683771, 0, 0.87890351794, 0.040374152275, 0.058564646018],
      [0.023458656225, 0, 0.038040028019, 0.936004434, 0.0024968817569],
      [0.087676280557, 0, 0.14383935287, 0.1464378164, 0.62204655017]
    ],
    [
      [0.17963625283, 0, 0.0041774766064, 0.80932818603, 0.0068580845355],
      [0.069627135756, 0.27378206063, 0.016073233917, 0.63936004687, 0.0011575228268],
      [0.033031551301, 0.013971575444, 0.78004127858, 0.05620195271, 0.11675364197],
      [0.030845812458, 0, 0.0049819447442, 0.95157991327, 0.012592329524],
      [0.097844805905, 0.047698218136, 0.11744275278, 0.13586762476, 0.60114659842]
    ],
    [
      [0.31717749687, 0.0018415489895, 0.0068456573672, 0.67101341272, 0.0031218840513],
      [0.059258399316, 0.66912760016, 0.0081034421372, 0.26335159612, 0.00015896226554],
      [0.055658947704, 0.064508834889, 0.80270843539, 0.0018935911745, 0.07523019084],
      [0.060612408079, 0.0064366315261, 0.015058386905, 0.90958240466, 0.0083101688261],
      [0.17297263619, 0.20443283069, 0.13309934934, 0.085391896654, 0.40410328713]
    ],
    [
      [0.17463340023, 0, 0.0025109146129, 0.82285568516, 0],
      [0.061803156824, 0.33015035344, 0.014938786295, 0.59310770344, 0],
      [0.0633876213, 0.0015703615031, 0.83141928606, 0.082370152114, 0.021252579021],
      [0.017158376449, 0, 0.0027175904473, 0.9801240331, 0],
      [0.13595452499, 0.078250786892, 0.17000693128, 0.20611121768, 0.40967653916]
    ],
    [
      [0.25077597225, 0.0015915831997, 0.0035988355054, 0.74030028856, 0.0037333204899],
      [0.052561442004, 0.62021792029, 0.0085177513418, 0.31752586094, 0.0011770254295],
      [0.046197600105, 0.065751407725, 0.73566734872, 0.02998619082, 0.12239745263],
      [0.047303401665, 0.010706087198, 0.010951527526, 0.91088594475, 0.020153038863],
      [0.11381060343, 0.15992651344, 0.092361990564, 0.1003969488, 0.53350394377]
    ],
    [
      [0.099068196139, 0.0010764142902, 0.0009861975804, 0.89876186901, 0.00010732298228],
      [0.024306843568, 0.52388099819, 0.0073170498324, 0.44449510841, 0],
      [0.019517725584, 0.055466551738, 0.7712437728, 0.091693995196, 0.062077954679],
      [0.010256889409, 0.0046614788538, 0, 0.98508163174, 0],
      [0.062908161586, 0.17755929091, 0.13510904769, 0.18487364238, 0.43954985743]
    ],
    [
      [0.16881325428, 0.00095816620073, 0.0034220727542, 0.82541456355, 0.0013919432165],
      [0.043023556022, 0.52395024498, 0.011474257275, 0.42061999395, 0.00093194777516],
      [0.029768088037, 0.050252445406, 0.78166257359, 0.058080955394, 0.080235937572],
      [0.028357850259, 0.0039794796028, 0.0051361119365, 0.95910050933, 0.0034260488719],
      [0.097934077245, 0.15740463869, 0.1284021054, 0.15075789333, 0.46550128533]
    ],
    [
      [0.17573089546, 0.0020551960879, 0.0034122784261, 0.815670323, 0.0031313070244],
      [0.039502079168, 0.58185910982, 0.0098705780267, 0.36742177055, 0.0013464624384],
      [0.030697583125, 0.06577965581, 0.76273310374, 0.041936673668, 0.098852983662],
      [0.029981206047, 0.0076352530742, 0.0048638195554, 0.94867505365, 0.0088446676735],
      [0.09131620361, 0.17856265998, 0.11518125779, 0.12891501716, 0.48602486145]
    ],
    [
      [0.18635709058, 0, 0, 0.81364290942, 0],
      [0.033007833082, 0.69446427022, 0.0044134576559, 0.26811443904, 0],
      [0.073697355374, 0.030773384274, 0.66918315724, 0.22634610311, 0],
      [0, 0, 0, 1, 0],
      [0.2414315542, 0.29997300222, 0.15030947795, 0.30828596564, 0]
    ]
  ],
  "expected_outcome": [
    [
      [5.8994004868, 6.1136940575, 6.1587678672, 27.9098925599, 9.7165771114, 17.5634452101, 25.2304401284, 0.51086359575, 0.28121448451, 1.2938283628, 23.3611314023, 0.4306099047, 1.5156667002, 0, 58.2027823432, 61.7889044098, 1.1391676241, 9.3516670926, 44.9338162971, 0.21730577194, 28.3418698103, 14.2018025067, 2.4081333663, 0.30306017011, 5.0208124321, 2.6702881071, 3.6105223223, 7.5515911711, 7.4975938049, 4.9178620682, 0, 0.90738192932, 1.1551690781, 4.8572257327e-16, 1.9241422296, 5.2307869497, 3.1686878312, 1.6084472976, 1.6112926621, 0.17396247442, 2.1194889311, 2.4646263593, 0, 3.0756324483, 0.45986622601, 6.5687844957, 0.79722677671, 0.43206684162, 0, 3.34055031, 6.1960036213, 6.6628463679, 0.79126589545, 1.0398845199, 3.1097272304, 1.3613490289, 5.2116051446, 11.4606090721, 4.5367116486, 7.2148934285, 4.9789176881, 4.4449576183, 6.673933436, 4.2033947981, 1.3735002657, 4.9398681268, 0.35426039689, 4.2272829736, 2.0089416824, 2.0388468297, 0.15306556419, 2.8999628344, 1.1293866227, 5.2094513322, 0.9515324906, 1.3970672018, 1.7554318057, 3.566455061, 43.0473798423, 34.4432555108, 0.55907127174],
      [0.0063304359236, 0, 0, 0, 0.02913231819, 0, 0.016657198677, 0, 0, 0, 0, 0, 0, 0, 0, 0, 0.0075622859605, 0, 0, 0.0025113101677, 0.0039078048844, 0.015008526158, 0, 0, 2.9005931577e-30, 0, 0.028683731313, 0, 0, 2.3280749697e-47, 0.0079886219521, 0, 0, 0, 0, 0, 0.021964125699, 0, 0.0016219228206, 0, 0.00090659235564, 0, 0, 0.0027243069259, 0, 0, 0.10129248781, 0, 0, 0, 0, 0.024441140986, 0, 0, 0, 0, 0.0089272975247, 0, 0.013720215783, 0.027728484556, 0.0071452574291, 0.020227496722, 0.012010107428, 0, 0, 0.0095081421217, 4.4139326591e-05, 0.0028819613015, 0, 0.028157254578, 0.0034842561045, 0.0027140761557, 0, 0, 0.0055246469684, 0, 0.011141082398, 0.038750914448, 0.24433238119, 0.40281843324, 0],
      [0, 0, 0, 0, 0, 0, 0, 0, 0, 0, 0, 0, 0.0089444524222, 0, 0.2664758815, 0, 0.0050067406162, 0.18007086458, 1.4379911389, 0, 1.2693980614, 0.81811003027, 0.17152662533, 0, 9.093813213e-31, 0, 0, 0, 0, 2.375989363e-31, 0.019024966161, 0, 0.012004990809, 2.0816681712e-16, 0, 0, 0, 0.12383323333, 0.053141203403, 0, 0.16454625902, 0, 7.2511441296e-16, 0.057341982108, 0.0084756737571, 0, 0, 0, 0, 0, 0, 0, 0.035170345742, 0, 0, 0, 0, 0.3536682904, 0, 0.013467395663, 0.011607891508, 0, 0, 0, 0.07528412471, 0.2188040788, 0.013637190224, 0.11776580942, 0.083439403315, 0, 0, 0.19466119551, 0.10066309658, 0.12114682159, 0.020536972102, 0.020087316903, 0.025191848538, 0.035503112894, 0.87262855232, 0.66880657152, 0],
      [44.0942690773, 44.8863059425, 42.8412321328, 185.0901074401, 45.2542905705, 162.4365547899, 241.752902673, 4.4891364043, 2.7187855155, 7.7061716372, 135.6388685977, 1.5573359589, 2.4753888474, 0, 390.5307417753, 324.2110955902, 3.8346683314, 62.3559518476, 284.320216961, 3.7801829179, 196.2030329951, 80.9650789369, 6.4166404443, 0.69693982989, 25.9791875679, 41.3297118929, 21.3607939464, 43.4484088289, 47.5024061951, 33.0821379318, 1.9696818962, 18.0926180707, 5.8328259311, 4, 13.0758577704, 43.7692130503, 14.7550196201, 14.2598559318, 11.32212752, 0.81199692997, 9.6434185005, 10.5353736407, 19, 17.8585574961, 1.5316581002, 30.4312155043, 6.0427026917, 1.5679331584, 2, 30.65944969, 49.8039963787, 41.2767793657, 9.1716446636, 4.9506864732, 39.8902727696, 13.6386509711, 22.4502564928, 41.7386974025, 39.4197784616, 44.6544255108, 28.930537697, 37.534814885, 31.3140564565, 12.7966052019, 9.5403811195, 36.783530144, 2.6283561099, 13.6233717236, 9.9043061765, 25.9060801207, 0.84345017971, 15.8552519341, 5.7619160156, 23.4705173947, 2.0130402382, 6.5828454813, 5.1821020199, 32.3554272843, 210.480713704, 159.8713833077, 2.4409287283],
      [0, 0, 0, 0, 0, 0, 2.4897666128e-31, 0, 0, 0, 0, 0.012054136426, 0, 0, 0, 0, 0.013595017889, 0.11231019525, 0.30797560293, 0, 0.18179132832, 0, 0.0036995641265, 0, 0, 0, 0, 0, 0, 2.136318081e-32, 0.0033045157108, 0, 0, 1.6653345369e-16, 0, 0, 0.054328422942, 0.0078635373196, 0.011816691715, 0.014040595612, 0.071639716995, 0, 2.2204460493e-16, 0.0057437665627, 0, 0, 0.058778043766, 0, 0, 0, 0, 0.035933125385, 0.0019190952533, 0.0094290069244, 0, 0, 0.32921106508, 0.447025235, 0.029789674008, 0.089485180434, 0.07179146594, 0, 0, 0, 0.01083449007, 0.048289508211, 0.0037021636809, 0.028697532079, 0.0033127377112, 0.026915795015, 0, 0.047409959781, 0.0080342650666, 0.19888445153, 0.009365652154, 0, 0.026133243429, 0.0038636273619, 0.35494552021, 0.61373617679, 0]
    ],
    [
