{
  "Z_true": {},
  "V_true": [
    [33, 22, 79, 822, 692],
    [32, 1460, 1577, 539, 97],
    [148, 514, 6460, 694, 158],
    [105, 203, 216, 16264, 343],
    [935, 83, 606, 651, 140],
    [43, 148, 256, 423, 354]
  ],
  "p_true": [
    [0.02, 0.0133, 0.0479, 0.4988, 0.4199],
    [0.0086, 0.3941, 0.4256, 0.1455, 0.0262],
    [0.0186, 0.0645, 0.8101, 0.087, 0.0198],
    [0.0061, 0.0118, 0.0126, 0.9494, 0.02],
    [0.3872, 0.0344, 0.2509, 0.2696, 0.058],
    [0.0351, 0.1209, 0.2092, 0.3456, 0.2892]
  ],
  "Z_est": [
    [
      [0.009, 0, 0.1257, 0.0929, 0.0483, 0.0534, 0.0181, 0.0305, 0.0395, 0.0284, 0.0758, 0.0535, 0.0633, 0.0325, 0.11, 0.0053, 0.0035, 0.0754, 0.037, 0.0484, 0, 0.0721, 0.1192, 0.0028, 0.1361, 0.0999, 0.0411, 0.0342, 0.0542, 0.0147, 0.0596, 0, 0, 0, 1.1187, 0.1134, 0.2096, 0.0283],
      [0, 0, 0.0085, 0.0071, 0.0083, 0.0035, 0.0004, 0, 0.0005, 0.0007, 0.0062, 0.0054, 0.0019, 0.0007, 0.0049, 0.001, 0.0002, 0.0045, 0.018, 0.017, 0, 0.0069, 0.0146, 0.0095, 0.004, 0.0033, 0.0038, 0.0034, 0.0104, 0.0012, 0.01, 0, 0, 0.1718, 0.0238, 0.0062, 0, 0.0058],
      [0.005, 0.0216, 1.093, 0.7289, 0.2892, 0.4813, 0.0897, 0.1785, 0.1557, 0.162, 0.3811, 0.6099, 0.2245, 0.1543, 0.7546, 0.0127, 0.2916, 0.5945, 0.4494, 0.4243, 0, 0.6473, 0.8153, 0.0169, 0.6659, 0.7986, 0.3238, 0.4997, 0.5385, 0.0952, 0.7902, 0.0049, 0, 0.0493, 6.4135, 0.6247, 0.8781, 0.3797],
      [3.2315, 0.8899, 48.2484, 63.4803, 11.3691, 25.1098, 11.2778, 16.469, 14.0569, 6.8, 11.3305, 20.5286, 15.6534, 15.4208, 50.3244, 0.3667, 2.2045, 21.8025, 17.0453, 25.7619, 0, 43.1882, 34.5794, 2.4858, 65.6582, 63.2855, 18.8751, 41.4257, 32.1824, 8.968, 6.5584, 1.4576, 0, 0.875, 350.5128, 30.3673, 54.2772, 14.8556],
      [0.7545, 1.0884, 19.5244, 20.6908, 6.2851, 10.352, 2.6141, 6.322, 7.7474, 4.0089, 8.2064, 5.8025, 8.057, 6.3918, 16.8062, 1.6144, 1.5002, 10.523, 6.4502, 6.7484, 0, 15.0855, 13.4716, 0.485, 25.5358, 20.8126, 5.7562, 19.037, 14.2145, 6.921, 3.5819, 0.5375, 0, 0.9039, 138.9312, 15.8884, 34.6351, 5.7306]
    ],
    [
      [0.006, 0, 0.041, 0.0278, 0.0234, 0.0209, 0.0153, 0.0075, 0.0075, 0.0157, 0.0066, 0.0187, 0.0383, 0.0297, 0.0229, 0.0381, 0.0015, 0.0631, 0.0298, 0.0721, 0.0072, 0.0328, 0.0857, 0.0264, 0.0345, 0.0227, 0.0206, 0.005, 0.0159, 0.0028, 0.0215, 0, 0, 0, 0.5102, 0.063, 0.1173, 0.0759],
      [0.6918, 0, 55.3439, 41.0506, 30.5638, 36.3884, 34.4919, 18.9468, 13.8799, 17.9725, 19.4347, 21.0484, 20.4155, 29.9884, 26.1796, 2.8821, 22.9132, 70.1997, 42.2142, 65.3801, 3.7324, 68.2376, 75.3069, 4.8901, 25.5477, 32.4913, 22.2497, 15.6599, 52.5548, 13.0359, 11.2683, 0.8195, 0, 0, 438.0697, 71.6424, 154.2777, 73.3017],
      [1.3466, 1.3356, 62.8349, 38.8133, 30.0287, 41.0615, 44.2582, 11.0114, 10.4511, 14.4396, 17.6484, 25.1712, 28.0125, 30.2971, 29.4432, 4.3721, 18.6415, 67.6394, 38.555, 56.3899, 1.2237, 68.3927, 91.4508, 3.521, 29.4637, 38.1259, 23.7054, 18.4923, 45.1403, 16.1489, 13.5993, 4.6556, 0, 0, 515.2266, 55.8949, 98.9045, 60.7158],
      [0.8758, 0.4759, 10.5822, 12.012, 5.7349, 7.8506, 10.1542, 1.6358, 1.1656, 1.9362, 2.0415, 3.1453, 3.6444, 8.0596, 6.0797, 0.332, 1.7544, 8.8742, 8.5094, 18.5845, 0, 17.2202, 17.4984, 2.9965, 9.8262, 7.5064, 5.2111, 4.4929, 11.6407, 2.8197, 0.8486, 2.1159, 0, 0, 105.1985, 10.6073, 19.6084, 9.2195],
      [0.0798, 0.1885, 2.198, 2.0964, 1.6493, 1.6785, 1.0804, 0.3985, 0.4959, 0.6361, 0.8689, 0.6163, 0.8894, 1.6251, 1.2745, 0.3758, 0.6894, 2.2236, 1.6916, 2.5735, 0.0367, 3.1168, 3.6582, 0.566, 2.1279, 1.8538, 0.8131, 1.3498, 2.6482, 0.9927, 0.2623, 0.409, 0, 0, 20.9949, 2.7924, 6.0922, 2.6871]
    ],
    [
      [0.772, 0, 13.4315, 9.5093, 10.2391, 5.8913, 7.8428, 11.1983, 9.3375, 6.5267, 12.4023, 15.6382, 8.9233, 6.1182, 8.3265, 1.1335, 0.5138, 11.2392, 8.8827, 18.1135, 0.1983, 10.9571, 22.5104, 0.3879, 10.9161, 12.7687, 3.6951, 3.8665, 10.5784, 1.9292, 2.3789, 0, 0, 0, 145.8706, 17.7936, 41.3272, 3.1987],
      [0.1411, 0, 14.4756, 11.3446, 7.0342, 6.7389, 8.5759, 11.984, 8.4701, 6.9353, 8.3212, 12.2092, 6.5632, 5.7906, 7.2482, 0.6224, 2.2157, 13.5853, 10.9735, 18.4261, 0.818, 13.7997, 14.7108, 0.3175, 6.8588, 12.896, 3.8133, 6.4472, 14.9016, 2.5491, 1.572, 0.0778, 0.0912, 0.4848, 103.7506, 17.2984, 43.3269, 5.1639],
      [6.6459, 0.6428, 247.105, 161.12, 104.2319, 114.5567, 166.5662, 122.5547, 103.5163, 86.1039, 114.3652, 230.1943, 136.1902, 88.7165, 123.6293, 14.0529, 27.3099, 196.6089, 151.8994, 239.0988, 5.7767, 206.5865, 271.5419, 3.7079, 119.675, 228.6042, 62.0751, 114.743, 192.7049, 48.4277, 29.0214, 16.5937, 0.8983, 3.4277, 1835.2899, 205.8098, 430.4978, 62.5427],
      [0.9107, 0.2279, 13.72, 16.637, 6.4025, 7.1823, 12.1996, 7.5482, 5.903, 4.0968, 4.9911, 13.66, 5.1945, 7.6091, 9.2718, 0.4939, 1.5826, 8.3686, 10.8536, 24.9015, 0, 17.277, 17.9317, 1.7719, 13.2607, 22.1011, 4.3872, 12.1163, 15.7959, 2.8241, 0.2292, 2.2194, 0.0105, 0.7155, 120.6324, 12.4847, 27.9286, 6.3283],
      [0.5303, 0.1293, 12.2679, 12.3891, 8.0922, 6.6307, 5.8155, 5.7149, 6.7731, 5.3372, 7.9202, 7.2983, 6.1287, 6.7656, 7.5242, 1.6973, 1.378, 9.198, 9.3907, 15.4601, 0.207, 13.3797, 15.3051, 0.8148, 12.2894, 15.63, 3.0293, 11.8271, 16.0193, 4.2699, 0.7986, 2.1091, 0, 1.372, 106.4566, 14.6134, 37.9195, 3.7663]
    ],
    [
      [0.0618, 0, 0.075, 0.0547, 0.033, 0.0273, 0.0227, 0.0624, 0.0436, 0.1143, 0.0474, 0.2206, 0.1297, 0.1429, 0.1892, 0.0929, 0.0037, 0.1943, 0.0423, 0.2254, 0.1119, 0.0425, 0.0745, 0.1573, 0.487, 0.0782, 0.119, 0.0212, 0.0303, 0.0054, 0.2562, 0, 0, 0, 0.6414, 0.066, 0.167, 0.0163],
      [0.0005, 0, 0.1995, 0.2713, 0.0274, 0.0118, 0.0474, 0.0658, 0.0202, 0.0197, 0.0157, 0.1063, 0.0543, 0.0872, 0.1019, 0.0414, 0.0616, 0.2209, 0.0786, 0.386, 0.0494, 0.0239, 0.0805, 0.4349, 0.1231, 0.0413, 0.0635, 0.0165, 0.0641, 0.0086, 0.422, 0.0002, 0.2236, 0.0351, 0.2201, 0.0236, 0.1075, 0.2493],
      [0.0378, 0, 2.4368, 2.2014, 0.6591, 0.7267, 1.7356, 1.3947, 0.7051, 0.5501, 1.113, 1.5951, 0.8919, 0.7071, 1.8087, 0.2644, 0.6244, 1.8514, 1.1003, 2.4903, 0.5387, 1.461, 2.1108, 0.2615, 2.0491, 3.0058, 0.5374, 1.7412, 1.3986, 0.3348, 1.4087, 0.268, 0.0623, 0.1327, 14.3793, 1.3628, 3.8208, 1.024],
      [13.6514, 6.4063, 696.5982, 899.1006, 157.8954, 315.6064, 259.6206, 106.7016, 113.752, 129.7627, 172.818, 253.4026, 123.4708, 357.569, 784.6463, 10.2899, 86.7374, 372.6456, 194.3138, 379.7643, 15.8043, 610.7649, 433.3088, 29.5761, 875.6858, 1192.4527, 263.4625, 523.2311, 333.782, 69.2355, 118.5714, 37.631, 20.7141, 17.0919, 4927.9679, 448.4093, 1019.5851, 199.8891],
      [0.2485, 0.5937, 20.6904, 21.3719, 6.3851, 9.6278, 3.5736, 2.7754, 4.4791, 5.5531, 9.0059, 4.6755, 4.4533, 10.4938, 19.254, 2.3113, 3.5729, 13.0879, 5.4649, 7.134, 1.4957, 15.7077, 12.4254, 0.5702, 24.655, 28.422, 5.8176, 16.9901, 10.725, 3.4156, 4.3418, 1.1008, 0, 0.7402, 142.7912, 17.1384, 45.3195, 5.8214]
    ],
    [
      [1.1281, 0, 33.9738, 21.0354, 18.265, 12.8122, 11.8364, 22.4946, 15.4499, 13.196, 18.2652, 27.8915, 14.6758, 13.5036, 27.1172, 1.7029, 0.4532, 20.9995, 8.7024, 15.0679, 0.6725, 18.5027, 32.2858, 0.4095, 25.0448, 27.6565, 7.0354, 8.9844, 21.034, 2.9879, 4.1051, 0, 0, 0, 276.2206, 29.508, 62.8251, 3.5277],
      [0.0014, 0, 0.3663, 0.2522, 0.1228, 0.1463, 0.1246, 0.1924, 0.1412, 0.1391, 0.1243, 0.2225, 0.1135, 0.1296, 0.234, 0.016, 0.004, 0.2643, 0.0773, 0.1089, 0.0218, 0.2301, 0.2058, 0.0057, 0.1586, 0.2735, 0.0712, 0.1238, 0.2634, 0.039, 0.0153, 0.0009, 0, 0.0551, 1.9957, 0.2904, 0.6623, 0.0188],
      [0.6109, 0, 46.7525, 26.55, 13.6193, 18.3229, 18.3817, 17.7622, 12.7449, 12.8953, 12.2039, 30.8569, 16.9494, 14.5594, 30.0655, 1.6174, 1.0414, 27.611, 10.782, 14.4952, 1.0147, 25.62, 29.1744, 0.2448, 20.5481, 36.4992, 8.6838, 16.522, 27.7967, 5.2577, 3.1653, 1.0645, 0, 0.3126, 263.0466, 25.6586, 49.2063, 4.8301],
      [1.0225, 0, 21.5393, 24.0299, 7.2599, 9.9901, 11.6191, 8.7085, 5.9771, 5.1992, 4.6036, 14.283, 5.8675, 10.835, 20.3852, 0.2907, 0.1686, 10.3602, 6.4031, 12.9893, 0.114, 18.2475, 15.9937, 1.0711, 20.7909, 29.4107, 5.2936, 14.6767, 19.4659, 2.5557, 0.2759, 1.3645, 0, 0.8624, 147.8465, 13.4116, 26.7503, 2.2768],
      [0.2371, 0, 10.3681, 9.1326, 4.733, 4.7285, 3.0382, 3.8423, 3.6869, 3.5705, 3.803, 4.7461, 3.3937, 4.9724, 8.1982, 1.373, 0.3328, 5.7651, 3.0351, 4.3386, 0.1771, 7.3997, 7.3403, 0.2689, 9.4576, 11.16, 1.9158, 7.6932, 10.44, 2.1597, 0.4385, 0.5702, 0, 0.7699, 67.8906, 8.1314, 19.556, 1.3466]
    ],
    [
      [0.0231, 0, 0.353, 0.28, 0.3911, 0.1948, 0.2646, 0.2067, 0.122, 0.1189, 0.2027, 0.1775, 0.1697, 0.1731, 0.2342, 0.0273, 0.0243, 0.4284, 0.3057, 0.4728, 0.0101, 0.3927, 0.9244, 0.0161, 0.3814, 0.374, 0.0888, 0.0888, 0.2872, 0.0601, 0.1787, 0, 0, 0, 4.6385, 0.456, 1.3539, 0.1531],
      [0.1651, 0, 11.6062, 10.0742, 8.2436, 6.711, 8.7598, 6.8111, 3.4882, 3.9327, 4.0978, 4.4082, 3.8515, 5.0035, 6.2314, 0.4372, 2.8053, 15.7253, 11.6383, 14.6819, 1.3784, 14.7019, 18.6815, 0.3423, 7.3078, 11.2946, 2.7985, 3.7492, 12.2057, 2.3662, 3.7124, 0.1017, 0.6853, 0.2531, 100.9401, 13.739, 44.6256, 7.2605],
      [0.3538, 0, 11.7777, 8.5865, 7.1717, 6.8509, 9.9686, 4.0984, 2.4269, 2.8491, 3.2884, 4.5726, 4.7315, 4.5656, 6.2988, 0.6805, 2.0912, 13.6948, 9.2138, 11.1015, 0.4462, 13.2924, 19.9067, 0.2478, 7.5982, 11.9662, 2.6744, 4.0018, 9.421, 2.7356, 4.0153, 0.4133, 0.0393, 0.0776, 106.6441, 9.6491, 25.6924, 5.5077],
      [1.308, 0, 10.3118, 14.7401, 7.3382, 7.2608, 12.1287, 3.9369, 2.1453, 2.2051, 2.2154, 3.9805, 3.1693, 6.5065, 7.2927, 0.2269, 1.5525, 9.949, 10.8748, 19.9985, 0.0817, 18.3023, 20.6879, 2.0986, 14.7784, 18.2436, 2.7703, 6.0574, 13.133, 2.597, 1.5166, 1.2117, 0.2754, 0.4553, 115.8419, 9.7199, 26.8504, 6.4306],
      [0.1499, 0, 2.9513, 3.3192, 2.8553, 1.9825, 1.8782, 0.9469, 0.8177, 0.8942, 1.1957, 0.8613, 1.0779, 1.7513, 1.9429, 0.6282, 0.5267, 3.2025, 2.9674, 3.7453, 0.0835, 4.3106, 5.7995, 0.2951, 3.9342, 4.1217, 0.6679, 2.1028, 3.9531, 1.2411, 0.577, 0.2734, 0, 0.214, 30.9354, 3.436, 11.4777, 1.648]
    ]
  ],
  "V_est": [
    [3.0545, 0.3633, 20.6436, 1150.9234, 473.0153],
    [1.5274, 1633.071, 1656.4126, 340.2585, 73.7305],
    [454.4165, 410.5327, 6273.0332, 439.7691, 396.2484],
    [4.0576, 4.005, 58.7915, 16571.9164, 492.2296],
    [819.3705, 7.2119, 846.4675, 501.9395, 240.0106],
    [13.5736, 374.8161, 338.6515, 388.1931, 108.7656]
  ],
  "p_est": [
    [0.0019, 0.0002, 0.0125, 0.6984, 0.287],
    [0.0004, 0.4408, 0.4471, 0.0918, 0.0199],
    [0.057, 0.0515, 0.7867, 0.0552, 0.0497],
    [0.0002, 0.0002, 0.0034, 0.9674, 0.0287],
    [0.3393, 0.003, 0.3505, 0.2078, 0.0994],
    [0.0111, 0.3062, 0.2767, 0.3172, 0.0889]
  ],
  "EI_Z": {},
  "EI_V": 6.5494,
  "MAE_Z": {},
  "MAE_V": 148.8776,
  "MAE_p": 0.0504,
  "runtime": 0.682
}
