{
  "Z_true": {},
  "V_true": [
    [443, 43, 29, 447, 353, 45],
    [26, 40, 52, 74, 772, 250],
    [81, 180, 161, 162, 12764, 581],
    [188, 129, 152, 2249, 605, 231],
    [57, 71, 1289, 463, 910, 138],
    [40, 1016, 44, 351, 519, 112],
    [40, 61, 84, 143, 898, 821]
  ],
  "p_true": [
    [0.3257, 0.0316, 0.0213, 0.3287, 0.2596, 0.0331],
    [0.0214, 0.0329, 0.0428, 0.061, 0.6359, 0.2059],
    [0.0058, 0.0129, 0.0116, 0.0116, 0.9164, 0.0417],
    [0.0529, 0.0363, 0.0428, 0.6328, 0.1702, 0.065],
    [0.0195, 0.0242, 0.4402, 0.1581, 0.3108, 0.0471],
    [0.0192, 0.488, 0.0211, 0.1686, 0.2493, 0.0538],
    [0.0195, 0.0298, 0.041, 0.0699, 0.4387, 0.4011]
  ],
  "Z_est": [
    [
      [0, 0.8554, 3, 4, 5, 2, 4, 4, 0, 4, 4, 3, 2, 4, 6, 5, 0.4347, 0.0745, 1.8465, 4, 3, 3, 4, 2, 4, 7, 5, 8, 6, 1, 3, 2, 7, 2.0046],
      [0, 0.0615, 3, 3, 3, 1, 2, 3, 0.963, 3.7208e-44, 3, 2.7074e-22, 3.8268e-37, 1, 3, 4, 0.0446, 0.0384, 0.1646, 2, 2, 1, 2, 2, 5, 4, 5, 7, 3, 1, 3, 1, 5, 0.0001],
      [0, 0.0974, 3, 2, 3, 9.1387e-17, 2, 4, 0.0043, 1, 3, 4.2438e-21, 1, 1, 4, 5, 0.0159, 0.2711, 0.0604, 2, 2, 2, 1, 1, 6, 6, 6, 7, 5, 2.1492e-09, 3, 6.4234e-13, 6, 0.0001],
      [0, 0.2861, 7, 3, 5, 5.5909e-15, 5, 7, 2.0236, 2, 6, 1, 2, 3, 10, 10, 0.0848, 0.5509, 0.4372, 4, 3, 6, 5, 5, 18, 15, 12, 17, 15, 1.7063e-09, 7, 1, 11, 1.0021],
      [0, 2.2879, 31, 22, 31, 7, 23, 34, 3.0037, 15, 26, 10, 14, 18, 37, 43, 0.3924, 0.7886, 2.358, 21, 20, 27, 21, 21, 62, 67, 47, 54, 57, 1, 27, 7, 63, 6.9907],
      [0, 0.4117, 3, 3, 3, 1.3107e-15, 3, 3, 0.0054, 2, 2, 1, 2, 2, 5, 6, 0.0277, 0.2764, 0.1333, 3, 2, 2, 2, 2, 6, 6, 6, 6, 6, 2.9044e-07, 3, 1, 11, 1.0024]
    ],
    [
      [0, 0.0877, 1, 2, 1, 2.5118e-15, 4.1266e-39, 2, 0, 1, 1, 1, 1, 1, 2, 3, 0.1083, 0.2105, 0.187, 1, 2, 1, 2, 2, 2, 2, 1, 2, 1, 2.0998e-14, 1, 5.8861e-14, 6, 0.002],
      [0.3424, 0.292, 3, 3, 4, 3, 4, 4, 0.5162, 3, 4, 2, 4, 4, 5, 5, 0.3503, 0.2186, 0.2626, 6, 2, 4, 6, 2, 6, 6, 6, 5, 5, 1, 4, 2, 11, 0.9903],
      [0, 0.0462, 2, 1, 3, 2.5131e-15, 2, 4, 0.9618, 1, 2, 1, 1, 3, 2, 4, 0.0636, 1.0719, 0.0036, 2, 1, 2, 3, 1, 5, 6, 3, 3, 3, 1.7084e-09, 2, 1, 11, 0.9915],
      [0.2844, 0.261, 4, 2, 5, 1, 3, 6, 0.0068, 3, 4, 2, 3, 5, 6, 8, 0.4561, 1.4971, 0.0714, 4, 2, 7, 9, 5, 14, 13, 7, 8, 10, 2.3299e-11, 4, 1, 19, 1.0252],
      [0.3733, 0.9625, 18, 13, 27, 12, 15, 30, 2.5133, 21, 20, 12, 23, 26, 23, 35, 0.9121, 4.0091, 0.4364, 22, 13, 32, 37, 21, 49, 57, 28, 25, 38, 1.4291e-07, 16, 5, 106, 6.9744],
      [0, 0.3506, 1, 1, 3, 1, 2, 3, 0.002, 3, 2, 1, 3, 3, 3, 5, 0.1096, 0.9927, 0.039, 3, 1, 3, 4, 2, 5, 5, 3, 3, 4, 4.2905e-14, 1, 2.1572e-13, 19, 1.0165]
    ],
    [
      [0, 0.5855, 16, 16, 15, 2, 13, 21, 0, 21, 18, 6, 8, 11, 22, 24, 1.76, 0.2533, 2.4753, 7, 14, 6, 17, 10, 24, 25, 22, 28, 23, 2.613e-12, 6, 4, 47, 1.9923],
      [0.6607, 0.4566, 39, 29, 44, 12, 29, 43, 2.5193, 17, 45, 12, 22, 14, 25, 40, 1.9722, 0.3938, 1.1034, 20, 25, 21, 21, 24, 51, 34, 33, 52, 30, 9, 25, 2, 76, 0.0087],
      [0, 1.1466, 49, 20, 41, 12, 31, 56, 4.4871, 25, 48, 13, 28, 20, 31, 48, 1.0257, 2.3483, 0.5504, 18, 28, 23, 22, 14, 67, 55, 43, 55, 49, 22, 28, 14, 94, 0.9991],
      [0.995, 1.9722, 90, 34, 69, 12, 58, 87, 9.9613, 57, 90, 21, 49, 39, 73, 100, 3.8778, 3.4534, 2.6808, 28, 40, 62, 62, 56, 185, 119, 83, 121, 132, 19, 58, 20, 164, 10.9522],
      [1.3443, 7.8066, 402, 197, 368, 133, 271, 424, 27.5264, 326, 376, 138, 324, 201, 264, 402, 12.5362, 8.4514, 12.7539, 137, 222, 277, 242, 226, 631, 517, 317, 370, 479, 105, 200, 110, 878, 44.0572],
      [0, 3.0325, 41, 27, 45, 16, 40, 44, 4.5059, 50, 42, 15, 47, 29, 39, 58, 0.8281, 2.0998, 2.4362, 23, 24, 28, 26, 22, 66, 49, 42, 46, 49, 25, 22, 17, 163, 8.9905]
    ],
    [
      [0, 0.1671, 4, 3, 2, 5.659e-16, 3, 5, 0, 4, 5, 1, 1, 2, 6, 6, 0.958, 0.102, 0.5268, 1, 3, 1, 4, 2, 6, 7, 7, 9, 7, 1.4095e-07, 2, 1, 8, 0.9987],
      [0.3943, 0.04, 9, 6, 6, 1, 7, 10, 0.9956, 3, 14, 1, 3, 3, 7, 11, 0.9003, 0.0997, 0.2253, 3, 5, 4, 5, 5, 13, 10, 10, 17, 9, 2, 7, 2.6918e-13, 13, 0.0009],
      [0, 0.1537, 13, 5, 8, 3, 7, 17, 3.0248, 8, 17, 3, 7, 3, 8, 13, 0.5101, 0.8957, 0.1208, 4, 7, 6, 5, 6, 17, 14, 14, 20, 18, 5, 9, 3, 18, 0.0088],
      [0.6736, 0.9106, 24, 9, 11, 1, 18, 22, 6.9589, 13, 31, 5, 8, 10, 25, 30, 2.9265, 1.2624, 0.6756, 7, 8, 16, 16, 13, 53, 37, 29, 43, 44, 7, 17, 6, 32, 4.0198],
      [0.9321, 1.998, 101, 45, 58, 16, 71, 108, 13.4998, 72, 123, 22, 54, 43, 78, 112, 8.1413, 2.8138, 3.8418, 27, 46, 63, 57, 56, 172, 148, 103, 129, 157, 26, 59, 25, 160, 19.9501],
      [0, 0.7307, 10, 6, 7, 2, 10, 11, 2.5209, 11, 13, 2, 7, 6, 11, 16, 0.5638, 0.8264, 0.6096, 4, 5, 6, 6, 5, 18, 14, 13, 16, 16, 6, 6, 3, 29, 3.0218]
    ],
    [
      [0, 0.1294, 2, 3, 2, 1.9492e-15, 3, 4, 0, 2, 4, 3.1433e-22, 1, 1, 4, 5, 0.4601, 0.1358, 0.2094, 1, 3, 1, 3, 1, 5, 6, 6, 8, 5, 9.6291e-15, 1, 1, 6, 0.0002],
      [0, 0.0353, 6, 5, 7, 1, 8, 8, 0.4888, 1, 12, 1, 3, 2, 4, 8, 0.3709, 0.086, 0.0535, 3, 6, 5, 3, 3, 11, 8, 9, 15, 6, 2, 6, 5.1235e-13, 10, 0],
      [0, 0.0832, 7, 4, 7, 1, 8, 11, 3.0154, 2, 12, 1, 4, 3, 5, 10, 0.343, 0.5685, 0.0303, 2, 7, 5, 3, 2, 14, 12, 11, 16, 11, 4, 6, 2, 12, 0.0003],
      [0, 0.518, 14, 9, 14, 4, 16, 21, 6.0155, 10, 26, 4, 11, 8, 13, 24, 0.7709, 0.8259, 0.3758, 6, 12, 18, 14, 13, 41, 29, 24, 37, 33, 5, 18, 5, 24, 0.0083],
      [0, 0.8114, 66, 42, 64, 22, 76, 91, 11.9806, 39, 103, 23, 58, 35, 49, 92, 2.9029, 2.0771, 2.0705, 25, 56, 78, 46, 39, 137, 125, 92, 111, 113, 27, 51, 26, 122, 3.9995],
      [0, 0.4227, 6, 5, 8, 2, 10, 9, 0.4996, 6, 11, 2, 8, 5, 7, 13, 0.1522, 0.3068, 0.2605, 4, 6, 7, 4, 3, 14, 11, 12, 13, 11, 6, 5, 3, 22, 0.9917]
    ],
    [
      [0, 0.0711, 2, 3, 2, 2.5797e-19, 2, 2, 0, 1, 3, 6.2946e-21, 8.9337e-37, 1, 3, 3, 0.1801, 0.0435, 0, 1, 2, 1, 2, 1, 4, 3, 4, 6, 2, 2.1254e-09, 1, 1.3867e-13, 5, 0.0004],
      [0.3935, 0.0391, 5, 5, 6, 1, 5, 4, 0.5161, 1, 7, 1, 1, 1, 3, 5, 0.1809, 0.0057, 0, 3, 3, 3, 2, 3, 8, 5, 6, 12, 3, 4.0446e-09, 5, 1.3546e-13, 9, 1.6746e-06],
      [0, 0.1753, 7, 4, 6, 4.4609e-15, 5, 6, 0.4996, 1, 8, 1, 2, 2, 4, 6, 0.0247, 0.1101, 0, 3, 4, 3, 2, 2, 11, 7, 7, 12, 5, 1, 6, 2.8937e-13, 11, 0],
      [0.7052, 0.3837, 13, 7, 12, 1, 10, 10, 3.0045, 4, 15, 2, 4, 5, 11, 13, 0.3864, 0.1128, 0, 5, 7, 10, 8, 9, 31, 17, 15, 29, 16, 2.1313e-09, 14, 1, 19, 0.0011],
      [0.9013, 1.7005, 60, 46, 63, 14, 52, 53, 8.4784, 25, 68, 17, 31, 30, 42, 59, 1.1531, 0.6509, 0, 26, 38, 45, 34, 40, 111, 78, 61, 90, 62, 7, 51, 8, 108, 1.0075],
      [0, 0.6302, 7, 6, 7, 2, 7, 5, 2.5014, 3, 8, 3, 4, 4, 5, 8, 0.075, 0.0771, 0, 5, 3, 5, 3, 4, 11, 7, 8, 12, 6, 1, 6, 2, 21, 0.991]
    ],
    [
      [0, 0.1037, 2, 2, 1, 4.4623e-17, 2, 2, 0, 2, 2, 8.9277e-22, 1, 1, 2, 3, 0.0989, 0.1804, 0.7551, 1, 2, 4.3719e-36, 3, 4.2422e-31, 4, 3, 3, 4, 3, 6.7314e-09, 1, 1.4075e-13, 7, 0.0018],
      [0.2091, 0.0755, 5, 4, 4, 2, 5, 4, 0.001, 2, 6, 1, 2, 2, 2, 5, 0.1809, 0.1578, 0.1906, 2, 4, 3, 3, 2, 8, 5, 4, 8, 3, 1, 4, 1.7377e-13, 11, 0],
      [0, 0.2977, 6, 3, 4, 1, 5, 6, 0.0071, 3, 6, 1, 3, 2, 3, 6, 0.017, 0.7344, 0.2345, 2, 4, 3, 3, 1, 10, 7, 5, 9, 6, 2, 5, 1, 14, 0],
      [0.3419, 0.6684, 12, 5, 7, 2, 10, 9, 1.0295, 7, 13, 2, 6, 5, 8, 13, 0.4976, 1.2975, 0.7591, 4, 7, 9, 10, 5, 31, 18, 11, 20, 17, 2, 11, 2, 25, 1.9913],
      [0.449, 2.4332, 55, 34, 42, 24, 49, 47, 0.9977, 45, 54, 13, 44, 28, 30, 54, 0.962, 3.2091, 4.5393, 19, 39, 43, 41, 23, 106, 78, 43, 62, 63, 13, 39, 13, 137, 10.0207],
      [0, 1.4215, 7, 8, 8, 5, 10, 7, 0.9647, 9, 8, 3, 9, 6, 8, 10, 0.2437, 1.4209, 1.5213, 5, 7, 7, 7, 5, 13, 11, 8, 10, 9, 5, 6, 4, 28, 2.9861]
    ]
  ],
  "V_est": [
    [114.2156, 70.2722, 76.4494, 184.3847, 821.8213, 92.8568],
    [39.5956, 116.9724, 72.1385, 158.6019, 740.1812, 86.5105],
    [433.0663, 801.1148, 964.5572, 1961.8927, 8651.4761, 1116.893],
    [102.7526, 186.656, 262.7138, 552.4274, 2182.1769, 267.2732],
    [78.9348, 154.0345, 186.0407, 461.5144, 1831.842, 215.6336],
    [54.295, 108.1353, 126.8097, 292.5936, 1332.8916, 167.2747],
    [52.14, 102.8149, 122.2907, 277.5853, 1260.611, 231.5582]
  ],
  "p_est": [
    [0.084, 0.0517, 0.0562, 0.1356, 0.6043, 0.0683],
    [0.0326, 0.0964, 0.0594, 0.1306, 0.6097, 0.0713],
    [0.0311, 0.0575, 0.0692, 0.1408, 0.6211, 0.0802],
    [0.0289, 0.0525, 0.0739, 0.1554, 0.614, 0.0752],
    [0.027, 0.0526, 0.0635, 0.1576, 0.6256, 0.0736],
    [0.0261, 0.0519, 0.0609, 0.1405, 0.6402, 0.0803],
    [0.0255, 0.0502, 0.0597, 0.1356, 0.6158, 0.1131]
  ],
  "EI_Z": {},
  "EI_V": 34.4516,
  "MAE_Z": {},
  "MAE_V": 444.8195,
  "MAE_p": 0.1201,
  "runtime": 0.373
}
