{
  "X": [
    [16, 10, 5, 23, 38, 66, 6],
    [21, 14, 6, 12, 26, 205, 15],
    [1, 5, 2, 4, 24, 242, 14],
    [166, 108, 72, 129, 411, 1005, 102],
    [73, 48, 30, 77, 167, 689, 86],
    [24, 46, 37, 75, 75, 501, 53],
    [27, 35, 47, 74, 91, 533, 51],
    [118, 78, 59, 206, 375, 1019, 91],
    [14, 19, 31, 51, 105, 586, 42],
    [12, 18, 16, 31, 48, 455, 29],
    [10, 16, 21, 22, 37, 212, 15],
    [18, 20, 4, 53, 96, 185, 13],
    [13, 16, 29, 31, 31, 421, 50],
    [15, 12, 10, 29, 24, 232, 35],
    [87, 82, 66, 149, 264, 876, 136],
    [14, 18, 18, 40, 50, 482, 40],
    [36, 25, 40, 59, 85, 493, 55],
    [7, 18, 23, 31, 70, 241, 23],
    [30, 30, 33, 44, 86, 507, 56],
    [6, 11, 27, 38, 60, 553, 45],
    [10, 22, 35, 44, 48, 569, 47],
    [2, 7, 10, 15, 30, 162, 18],
    [6, 19, 30, 51, 39, 336, 28],
    [3, 10, 8, 24, 22, 220, 12],
    [23, 46, 34, 64, 101, 625, 48],
    [20, 19, 31, 44, 50, 419, 41],
    [13, 9, 1, 8, 28, 69, 9],
    [4, 19, 29, 29, 47, 393, 32],
    [16, 20, 15, 34, 60, 213, 27],
    [47, 54, 78, 140, 140, 779, 47],
    [1, 10, 13, 7, 47, 420, 35],
    [0, 3, 0, 14, 23, 121, 15],
    [26, 32, 16, 70, 108, 402, 33],
    [6, 7, 185, 16, 23, 12, 11],
    [103, 87, 128, 142, 331, 1523, 221],
    [4, 1, 4, 1, 13, 55, 13]
  ],
  "W": [
    [21, 8, 54, 43, 20, 11, 7],
    [25, 6, 194, 24, 18, 17, 15],
    [1, 7, 247, 12, 8, 3, 14],
    [200, 65, 882, 432, 177, 127, 110],
    [84, 29, 650, 168, 95, 76, 68],
    [24, 27, 445, 91, 112, 50, 62],
    [33, 37, 467, 106, 111, 46, 58],
    [197, 66, 862, 335, 269, 120, 97],
    [31, 20, 569, 78, 61, 29, 60],
    [17, 16, 420, 41, 41, 24, 50],
    [14, 16, 194, 33, 36, 17, 23],
    [25, 8, 143, 97, 66, 33, 17],
    [20, 27, 409, 37, 37, 18, 43],
    [13, 21, 192, 20, 40, 30, 41],
    [121, 46, 675, 329, 216, 137, 136],
    [19, 17, 435, 37, 70, 35, 49],
    [38, 37, 397, 101, 97, 61, 62],
    [13, 18, 229, 50, 51, 26, 26],
    [33, 24, 473, 81, 63, 37, 75],
    [8, 24, 555, 37, 41, 14, 61],
    [9, 33, 509, 43, 64, 43, 74],
    [7, 5, 146, 29, 25, 14, 18],
    [17, 27, 299, 54, 57, 30, 25],
    [9, 9, 186, 21, 29, 25, 20],
    [30, 39, 539, 99, 105, 75, 54],
    [22, 30, 384, 57, 63, 25, 43],
    [26, 3, 49, 23, 11, 16, 9],
    [14, 21, 361, 46, 46, 26, 39],
    [22, 14, 207, 55, 47, 17, 23],
    [62, 58, 626, 155, 217, 75, 92],
    [3, 10, 446, 24, 9, 10, 31],
    [0, 2, 114, 25, 18, 2, 15],
    [35, 27, 327, 105, 98, 47, 48],
    [7, 6, 188, 25, 16, 0, 18],
    [120, 121, 1510, 294, 186, 112, 192],
    [2, 7, 42, 16, 6, 2, 16]
  ],
  "method": "mult",
  "cond_prob": [
    [
      [0.61825287465, 0.020900086868, 2.5620269275e-08, 0.043421265077, 0.31410803277, 0.0018394402913, 0.0014782747246],
      [0.015437415789, 0.043413790135, 0.053997674457, 0.11662528288, 0.0052131747055, 0.64669414401, 0.11861851802],
      [1.8456786474e-07, 0.011153191628, 0.077485933187, 0.0031349732463, 0.045591046399, 0.83254452348, 0.030090147491],
      [0.052039927657, 0.12132115101, 0.0073550748806, 0.068875388279, 0.65970459356, 0.052346208664, 0.038357655957],
      [0.00035572710609, 0.021593266791, 0.0026777629563, 0.70759672121, 0.0061188560513, 0.26164794126, 9.724626951e-06],
      [0.009934154043, 0.27158411535, 2.6188235474e-13, 0.024082794854, 0.0059690458398, 0.66550198548, 0.022927904429],
      [0.00051440986214, 0.0039809628183, 0.062239761836, 0.011181174636, 0.005988535583, 0.62657849894, 0.28951665632]
    ],
    [
      [0.70581116961, 0.026374905008, 9.7664722707e-09, 0.024416409243, 0.23943006408, 0.0020308007173, 0.0019366415794],
      [0.017233543153, 0.053368533004, 0.019917807863, 0.06391173054, 0.0038659699558, 0.69156174347, 0.15014067202],
      [2.0503452583e-07, 0.013644990026, 0.028360078045, 0.0017084811259, 0.033646394676, 0.88450250014, 0.038137350952],
      [0.068875774156, 0.17676615297, 0.0032358975041, 0.044749095756, 0.58174938164, 0.066733302161, 0.057890395808],
      [0.00056537712733, 0.037791740002, 0.0014150582129, 0.55440150839, 0.0064597898369, 0.3993488551, 1.7671334343e-05],
      [0.010056746478, 0.30233262104, 8.8193843408e-14, 0.011962161066, 0.0040139976145, 0.64513974516, 0.026494728641],
      [0.00053563331348, 0.0045652983429, 0.021404572833, 0.0057117302093, 0.0041419105954, 0.62534995002, 0.33829090469]
    ],
    [
      [0.63335041985, 0.016095500302, 2.2549136428e-09, 0.014915728034, 0.33237324446, 0.0017837617401, 0.0014813433535],
      [0.010890174178, 0.040151303776, 0.0056560848594, 0.048219089894, 0.0065551431154, 0.74725200016, 0.14127620402],
      [1.2014799777e-07, 0.0095832603526, 0.0075374015321, 0.0011996016952, 0.053454391748, 0.8946183332, 0.033606891319],
      [0.033284680758, 0.099910018245, 0.00068545365416, 0.025114839041, 0.74660056399, 0.053780915451, 0.040623528864],
      [0.0003891479941, 0.031217847782, 0.00044200122731, 0.48144329915, 0.012041591684, 0.47444782463, 1.8287529972e-05],
      [0.0064878368704, 0.23785220233, 2.566735597e-14, 0.0091993158756, 0.0069710134419, 0.71394621147, 0.025543420009],
      [0.00033040648908, 0.0033720737688, 0.005988094353, 0.0042220311048, 0.0069190871976, 0.66573932392, 0.31342898316]
    ],
    [
      [0.63010757382, 0.020640139168, 2.3881727176e-08, 0.026116771115, 0.31931103626, 0.0019303031756, 0.0018941525786],
      [0.016202791051, 0.042521384554, 0.049531198084, 0.06951655442, 0.0053066249295, 0.66845055737, 0.14847088959],
      [1.888288418e-07, 0.010668982806, 0.068956801377, 0.0018275482518, 0.045159812304, 0.83623287564, 0.03715379079],
      [0.055359963138, 0.11980428988, 0.0069083046314, 0.041764190756, 0.67146521169, 0.055388580696, 0.0493094592],
      [0.00052570219806, 0.029790010334, 0.0034863532304, 0.57547674312, 0.0087623383736, 0.38194143316, 1.7419584709e-05],
      [0.010343368485, 0.25861686262, 2.4050169735e-13, 0.01428406306, 0.0060257055865, 0.68187772623, 0.02885227402],
      [0.00050142366654, 0.0036306067642, 0.052953936505, 0.0062087445212, 0.0056568076761, 0.60160707604, 0.32944140483]
    ],
    [
      [0.65192374206, 0.018159027793, 1.3893035131e-08, 0.029774005197, 0.29561070877, 0.0018877014197, 0.0026448008643],
      [0.016205825523, 0.0363800218, 0.028024291702, 0.077077867965, 0.0047712610649, 0.63577815502, 0.20176257693],
      [2.0161022972e-07, 0.009742526321, 0.041658578508, 0.0021623152142, 0.043355332811, 0.84921649003, 0.053864555504],
      [0.05937483999, 0.10996186169, 0.0041888534907, 0.049629630955, 0.64860464007, 0.05645634634, 0.071783827471],
      [0.00050577758556, 0.024516954816, 0.0018971640946, 0.61604008021, 0.0075793748865, 0.34943789727, 2.2751139028e-05],
      [0.010992775893, 0.23561408946, 1.4455478651e-13, 0.016823080747, 0.0057571496424, 0.68918151891, 0.041631385348],
      [0.00047043757261, 0.0029130635434, 0.028108134325, 0.0064553298142, 0.0047715352402, 0.53679182682, 0.42048967268]
    ],
    [
      [0.67987023911, 0.028092368079, 2.4899031938e-08, 0.028363609393, 0.25952671035, 0.0019444086781, 0.0022026394902],
      [0.016173515843, 0.054973884683, 0.049068644676, 0.071705685968, 0.0040834965088, 0.6397741937, 0.16422057862],
      [1.9616297002e-07, 0.014354643278, 0.071156637633, 0.001962160416, 0.036199251942, 0.83358904224, 0.042738068332],
      [0.062358789364, 0.17480585811, 0.0077064517153, 0.048529894253, 0.58552389168, 0.05969372117, 0.061381393709],
      [0.00051915525653, 0.038115112425, 0.0034167384776, 0.58949536095, 0.0066747858523, 0.36175980741, 1.9039629627e-05],
      [0.0098306036045, 0.31983493697, 2.2674455991e-13, 0.014026631748, 0.0044158657717, 0.62154244274, 0.030349519161],
      [0.00049561971806, 0.0046470151905, 0.051977729077, 0.0063426199112, 0.0043128541332, 0.57044810144, 0.36177606053]
    ],
    [
      [0.64031130205, 0.022634191404, 3.3338967008e-08, 0.030610843908, 0.30196753137, 0.0022065412832, 0.0022695566457],
      [0.013915776573, 0.040168332506, 0.059580739907, 0.070181959785, 0.0043111506164, 0.65840173192, 0.15344030869],
      [1.6312938184e-07, 0.01013627409, 0.083492177205, 0.0018558924322, 0.036929745226, 0.82899322765, 0.038592520271],
      [0.055031898, 0.13105008505, 0.0096024792344, 0.04873999495, 0.63368095092, 0.063039809479, 0.058854782361],
      [0.00045185029767, 0.028168075125, 0.0041962938589, 0.58349155003, 0.0071272389429, 0.3765469971, 1.7994645259e-05],
      [0.0091104006189, 0.25162558568, 2.9655009074e-13, 0.014786316726, 0.0050211857557, 0.68891208335, 0.030544427868],
      [0.00042533660856, 0.0033863772267, 0.062940384348, 0.0061909573482, 0.0045408523194, 0.5854565413, 0.33705955085]
    ],
    [
      [0.53957042108, 0.019159846636, 2.3244556336e-08, 0.035403086907, 0.4014692874, 0.0022494520478, 0.0021478826853],
      [0.012064584433, 0.034329745628, 0.041929446695, 0.081950383914, 0.0058017436822, 0.67747858102, 0.14644551463],
      [1.4022443526e-07, 0.0085902606877, 0.058217857063, 0.0021489393594, 0.049241960141, 0.84525616899, 0.036544673536],
      [0.039936865098, 0.093718455699, 0.0056657042485, 0.047702240979, 0.71147298125, 0.054387225336, 0.047116527391],
      [0.00035525599858, 0.021827733985, 0.0026784503416, 0.61510758511, 0.0086944445027, 0.35132093854, 1.5591520351e-05],
      [0.0080265856895, 0.21765627875, 2.1217570909e-13, 0.017551255866, 0.0068658645166, 0.72024420564, 0.029655809538],
      [0.00037471697415, 0.002941726584, 0.044990101147, 0.0073468060626, 0.0062071113122, 0.6119516796, 0.32618785832]
    ],
    [
      [0.4459808286, 0.019476346047, 2.256100459e-08, 0.043305361913, 0.48636244188, 0.0026582904308, 0.002216708573],
      [0.0085230246145, 0.030490525106, 0.03555491643, 0.087605023524, 0.0061207632086, 0.6995244162, 0.13218133092],
      [9.7349408828e-08, 0.0074950869175, 0.048545954786, 0.0022558142596, 0.051092951741, 0.85821511857, 0.03239497638],
      [0.027673266835, 0.081722232268, 0.0047046089162, 0.049929884727, 0.73936541832, 0.054985318574, 0.041619270359],
      [0.00023725177649, 0.018329122465, 0.0021472702108, 0.62758792274, 0.0086754704863, 0.34300967215, 1.3290169953e-05],
      [0.0056889378246, 0.19514623403, 1.8046141291e-13, 0.018807907969, 0.0072683646637, 0.74626108932, 0.026827466197],
      [0.00026939312505, 0.0026573972254, 0.038843225347, 0.0079869091113, 0.0066672369542, 0.64329071244, 0.3002851258]
    ],
    [
      [0.61210467298, 0.023439290739, 1.3527424479e-08, 0.034123269999, 0.32620735335, 0.0023941953784, 0.0017312040298],
      [0.013065270238, 0.041890819274, 0.024338740012, 0.078817035334, 0.0046725647979, 0.7192949435, 0.11792062684],
      [1.4975549424e-07, 0.010333005212, 0.033369784237, 0.0020359873986, 0.039171865566, 0.88609416878, 0.028995039052],
      [0.049156183287, 0.13012889335, 0.0037258320867, 0.0519713038, 0.65666599839, 0.065408906721, 0.042942882366],
      [0.00038092578945, 0.026381752739, 0.0015397070174, 0.59522117193, 0.0069400357649, 0.3695239946, 1.2412163524e-05],
      [0.0079875014083, 0.24657119829, 1.1312062119e-13, 0.015490733977, 0.0050829450734, 0.70295992742, 0.021907693829],
      [0.00042441985666, 0.0037515073163, 0.027340674202, 0.00738288393, 0.0052333942875, 0.68010892969, 0.27575819072]
    ],
    [
      [0.59400862544, 0.028292543898, 3.5023702502e-08, 0.026676371136, 0.34729084611, 0.0021035376167, 0.0016280407766],
      [0.013387081714, 0.053983427105, 0.067355339083, 0.065768673237, 0.0052927772061, 0.67544190783, 0.11877079382],
      [1.5138900429e-07, 0.01313078246, 0.091193151425, 0.0016758901615, 0.04380185041, 0.82145804094, 0.028740133211],
      [0.044806232265, 0.14938529651, 0.0091542092099, 0.038549903253, 0.66521350683, 0.05452938487, 0.038361467061],
      [0.00043775018582, 0.038126352302, 0.0047727736221, 0.55883573262, 0.0088189780521, 0.38899444057, 1.3972647993e-05],
      [0.0079569793877, 0.31060991084, 3.0388800498e-13, 0.012564187367, 0.0055982360438, 0.64187939055, 0.021391295813],
      [0.00043024702587, 0.004779735308, 0.074881093299, 0.0060941754803, 0.0058663182567, 0.63188039256, 0.27606803807]
    ],
    [
      [0.54015523234, 0.018069443455, 8.772173357e-09, 0.035684847945, 0.40246965751, 0.0021034730004, 0.0015173369828],
      [0.013263405821, 0.036480747685, 0.01788026803, 0.093088522884, 0.0065291425672, 0.71548749669, 0.11727041632],
      [1.5189221125e-07, 0.0089911848944, 0.024509287752, 0.0024036626656, 0.05465203659, 0.88073584517, 0.028707831036],
      [0.039939169498, 0.090681030202, 0.0021881964882, 0.049195031802, 0.73183909538, 0.052034604683, 0.034122871947],
      [0.00035170470755, 0.020891400746, 0.0010259026713, 0.63502120359, 0.0088163121855, 0.33388230093, 1.1175172819e-05],
      [0.008372962339, 0.22095731973, 8.5580022887e-14, 0.018902873683, 0.007333079955, 0.72201516807, 0.02241859622],
      [0.0004345865437, 0.0032959093148, 0.020254345897, 0.0087990088022, 0.0073732601447, 0.68194727906, 0.27789561024]
    ],
    [
      [0.67131745946, 0.0266799109, 2.8848602849e-08, 0.041976831631, 0.25381271312, 0.0026306513586, 0.0035824046822],
      [0.011537852216, 0.038179919373, 0.041557367906, 0.077633223134, 0.0029099102955, 0.63278735805, 0.19539436902],
      [1.4370834448e-07, 0.010230562234, 0.06190793783, 0.0021785671607, 0.026506362901, 0.84698104301, 0.052195383156],
      [0.057289319257, 0.15665369202, 0.0083983840342, 0.067576929226, 0.54018902822, 0.075963184744, 0.093929462499],
      [0.00035661748125, 0.025485203264, 0.0027866274164, 0.6221905289, 0.0045813101584, 0.34457791546, 2.1797323264e-05],
      [0.007792583488, 0.24859189722, 2.1336563187e-13, 0.016853442734, 0.0034969171598, 0.68316842924, 0.040096730166],
      [0.00033578465554, 0.0030621594064, 0.041818190803, 0.0065131917477, 0.0029195320491, 0.53596009304, 0.40939104829]
    ],
    [
      [0.73694515421, 0.013428857431, 1.1620036796e-08, 0.023719726575, 0.22223641046, 0.0015424773688, 0.0021273623352],
      [0.021249859189, 0.032996831502, 0.028779026413, 0.075313912275, 0.0043488320922, 0.6377748723, 0.19953666623],
      [2.6436739057e-07, 0.0088340929549, 0.042868779891, 0.0021121057876, 0.039613284245, 0.85337105417, 0.053200418586],
      [0.081177329035, 0.10408028095, 0.0044632421982, 0.0503707988, 0.62752834039, 0.058760317375, 0.073619691246],
      [0.00066840559048, 0.022423662895, 0.0019622397364, 0.61453799978, 0.0069714713719, 0.35341359463, 2.2625993994e-05],
      [0.014633736168, 0.21942308446, 1.5047126963e-13, 0.01667384212, 0.0053296914808, 0.70223762292, 0.041702022859],
      [0.00061694560433, 0.0026407268296, 0.02890629838, 0.0063065502784, 0.004354876117, 0.53907477518, 0.41809982761]
    ],
    [
      [0.61446286252, 0.021084253921, 3.2051384251e-08, 0.032174017977, 0.32675360527, 0.0023305188036, 0.0031947094564],
      [0.01236957974, 0.034086520092, 0.052173514984, 0.067201813134, 0.0042600337129, 0.63338126693, 0.19652727141],
      [1.500333956e-07, 0.0089014076017, 0.075605927823, 0.0018389095326, 0.037734605551, 0.82473573489, 0.051183264567],
      [0.050137326819, 0.1139286989, 0.0086301773313, 0.047889702914, 0.63975463117, 0.062245533798, 0.077413929062],
      [0.00042109487154, 0.025057427124, 0.0038527817029, 0.58353893935, 0.0073809791078, 0.37972458591, 2.4191933619e-05],
      [0.0085995301601, 0.22584739379, 2.7585053473e-13, 0.015038922867, 0.0052681555402, 0.70365686849, 0.041589129161],
      [0.00035581363759, 0.0027052551269, 0.051850017117, 0.0055794507054, 0.0042212581091, 0.52988160845, 0.40540659685]
    ],
    [
      [0.6208207778, 0.018726856493, 1.3993791803e-08, 0.026334412911, 0.32963139943, 0.0022479241302, 0.0022386152331],
      [0.01378330053, 0.034669313796, 0.026083985815, 0.062985374041, 0.0048911250297, 0.69961698841, 0.15796991237],
      [1.5997959729e-07, 0.0086612436669, 0.036210093211, 0.0016489041911, 0.041518650127, 0.87262994739, 0.039331001437],
      [0.051143951247, 0.106160973, 0.0039391130736, 0.040983646987, 0.67825709987, 0.06276435956, 0.056750856263],
      [0.00046563582896, 0.025299644006, 0.0019119126663, 0.54744851195, 0.0084168595279, 0.41643817008, 1.9265937799e-05],
      [0.0089372434396, 0.21600604238, 1.2858304487e-13, 0.013138731147, 0.0056430503135, 0.72514737182, 0.031127560902],
      [0.00041648836767, 0.0028887688347, 0.027253327727, 0.0054922245963, 0.005095331704, 0.61527973055, 0.34357412822]
    ],
    [
      [0.69114534011, 0.013697009722, 2.9176260697e-08, 0.024660859582, 0.26620022126, 0.00203723244, 0.0022593077072],
      [0.016497392854, 0.026635474097, 0.057146725178, 0.061960749907, 0.0041639412013, 0.66620376685, 0.16739194991],
      [1.9242855282e-07, 0.0066878180478, 0.079683826976, 0.0016300526858, 0.03548966772, 0.83462124591, 0.041887196229],
      [0.069060622747, 0.091985852525, 0.009749213467, 0.04555394803, 0.64815729573, 0.067522023728, 0.067971043768],
      [0.00057807920564, 0.02015609271, 0.0043425134246, 0.55635003026, 0.0074284170322, 0.41112368524, 2.1182127226e-05],
      [0.011665187966, 0.18013928046, 3.071451633e-13, 0.014097761165, 0.0052378922748, 0.75287331224, 0.035986565891],
      [0.00048811553195, 0.0021737011258, 0.058435784177, 0.0052900888808, 0.004245304465, 0.57340843166, 0.35595857416]
    ],
    [
      [0.42784894793, 0.023873789535, 3.4625785895e-08, 0.028678506439, 0.51526486708, 0.0021036655584, 0.0022301888334],
      [0.0093083188106, 0.043869236309, 0.064126983109, 0.068089863508, 0.0075847785388, 0.65045722697, 0.15656359276],
      [1.0624044144e-07, 0.010776986777, 0.087606715839, 0.0017524690542, 0.063331871927, 0.79826109565, 0.038270754507],
      [0.024867738269, 0.096721353585, 0.0069603040251, 0.0318697418, 0.75723920971, 0.04194088767, 0.040400764944],
      [0.00030490360826, 0.031044967364, 0.0045537185813, 0.57609070742, 0.012659038781, 0.37532819135, 1.8472892589e-05],
      [0.0059877280931, 0.27174695254, 3.132654196e-13, 0.014086496499, 0.0086822026492, 0.66894923561, 0.030547384609],
      [0.00028167644923, 0.0036603278874, 0.067121196967, 0.0059447761131, 0.0079150470566, 0.57295719567, 0.34211977986]
    ],
    [
      [0.65393229656, 0.021039252789, 2.0081354136e-08, 0.026233839922, 0.29484962729, 0.0018832297034, 0.0020617336553],
      [0.01663493651, 0.043771710788, 0.042065822228, 0.070527461581, 0.0049311280197, 0.65870300509, 0.16336593578],
      [1.9805391119e-07, 0.011216149503, 0.05987132625, 0.0018930675565, 0.042905368338, 0.84237705304, 0.041736837263],
      [0.058958783658, 0.12805206271, 0.0060756739425, 0.043883477102, 0.65035334661, 0.05651695357, 0.05615970241],
      [0.00053577024175, 0.030444596502, 0.002938849456, 0.58430147967, 0.0080865013744, 0.37367379606, 1.9006692571e-05],
      [0.010595198312, 0.26718396514, 2.0369889284e-13, 0.014448949441, 0.0055875665905, 0.67054241914, 0.03164190137],
      [0.00050611660424, 0.003672359237, 0.044235430259, 0.006189482044, 0.0051702108788, 0.58305375261, 0.35717264837]
    ],
    [
      [0.54790020992, 0.015082072021, 1.6780318165e-08, 0.039957054619, 0.39278606244, 0.0022003601491, 0.002074224065],
      [0.011617707936, 0.027839294786, 0.03116812574, 0.095310129901, 0.0058103807127, 0.68246106119, 0.14579329974],
      [1.3614495396e-07, 0.007025540079, 0.043720389138, 0.0025193351182, 0.049843022026, 0.86018768568, 0.036703891813],
      [0.038777587888, 0.076583152026, 0.0042248033818, 0.055632070254, 0.7228086962, 0.054951526343, 0.047022163906],
      [0.00030801757412, 0.015955138156, 0.0017950683904, 0.6549462056, 0.0078541118928, 0.31912748092, 1.3977464038e-05],
      [0.0079758189051, 0.18426977783, 1.6277782574e-13, 0.021041928462, 0.0070998754313, 0.74916817111, 0.030444428265],
      [0.00036285117121, 0.0023985371588, 0.033689787458, 0.0085909108469, 0.0062620575796, 0.62094130463, 0.32775455115]
    ],
    [
      [0.68374907758, 0.017617466903, 2.0443021358e-08, 0.027558041885, 0.26730337354, 0.0020162450403, 0.0017557746143],
      [0.016268135968, 0.035976110713, 0.042026344763, 0.072715995062, 0.0043776567005, 0.69209551554, 0.13654024126],
      [1.8802371101e-07, 0.0089574471875, 0.058126016798, 0.0018966822938, 0.037024665515, 0.86009483744, 0.033900162738],
      [0.064195382459, 0.11688949091, 0.006739696218, 0.050233117732, 0.64389339021, 0.065934759494, 0.052114162977],
      [0.00050772183107, 0.024270868747, 0.0028482589216, 0.58453565714, 0.0069637347431, 0.38085834887, 1.540974263e-05],
      [0.010558578328, 0.22405440185, 2.0746852465e-13, 0.015185547501, 0.0050565805101, 0.71818563461, 0.026959257199],
      [0.00050984067976, 0.0031118167986, 0.045569597141, 0.0065799795334, 0.0047328076879, 0.63168994499, 0.30780601317]
    ],
    [
      [0.35642279204, 0.025279405349, 3.6354275698e-08, 0.042385060474, 0.56808115998, 0.0035051532619, 0.0043263925428],
      [0.0045502609198, 0.028681076635, 0.041602677311, 0.062158303873, 0.005133348344, 0.66972476207, 0.18814957085],
      [5.3126857345e-08, 0.0072052018783, 0.05824083079, 0.0016348536961, 0.043918001086, 0.84205129126, 0.046949768161],
      [0.016970625057, 0.088362343691, 0.0062774790648, 0.040469528234, 0.72049153314, 0.060024291536, 0.067404199277],
      [0.0001563501994, 0.021300436233, 0.0030975245524, 0.56092813419, 0.008996994216, 0.40549734726, 2.3213342148e-05],
      [0.0031579900124, 0.1937053088, 2.1899512574e-13, 0.013855546747, 0.0063421169477, 0.74345114538, 0.039487892107],
      [0.00012977957451, 0.002253968564, 0.04108809281, 0.0051102086901, 0.0050542057947, 0.55648843658, 0.38987530798]
    ],
    [
      [0.47582047557, 0.035764649741, 5.8012483607e-08, 0.068624324743, 0.41215516106, 0.0038161164224, 0.0038192144473],
      [0.0058196557911, 0.036511116533, 0.059662770937, 0.090518611786, 0.0033741087845, 0.65527648221, 0.14883725396],
      [6.9105200072e-08, 0.0093314672118, 0.084757656038, 0.0024237780168, 0.029300686754, 0.83631773478, 0.037868608094],
      [0.027655959034, 0.14319515383, 0.011532624507, 0.075421205331, 0.59854321279, 0.075245125917, 0.068406718583],
      [0.00016177897193, 0.021924296823, 0.0035965885825, 0.64864199897, 0.0047779174596, 0.32088250522, 1.491397651e-05],
      [0.0039200813047, 0.23640095808, 3.0535023433e-13, 0.019611534197, 0.0040440276812, 0.70559397529, 0.030429423457],
      [0.00017989228535, 0.0031120091777, 0.063773014998, 0.0080726475807, 0.0035958123404, 0.58949854983, 0.33176807379]
    ],
    [
      [0.44799154695, 0.02829824477, 2.2870716769e-08, 0.058447918715, 0.45920824072, 0.0036500395749, 0.0024039863962],
      [0.0060837952192, 0.033605928622, 0.027381727709, 0.089725515374, 0.0043393591672, 0.7295745852, 0.10928908871],
      [6.8943391165e-08, 0.0081968848524, 0.0371797762, 0.0022910127464, 0.036027015622, 0.88981053057, 0.026494711068],
      [0.025081021714, 0.1143426164, 0.0045744542909, 0.064642824672, 0.67558998002, 0.072405024701, 0.043364078204],
      [0.00016296226965, 0.019455449592, 0.0015900947454, 0.6284583681, 0.0059270573529, 0.3443955419, 1.0526030874e-05],
      [0.0038801665941, 0.20756219367, 1.3255924101e-13, 0.018385827325, 0.0049262140799, 0.7441406743, 0.021104924032],
      [0.00019864290935, 0.0030248779716, 0.03094749877, 0.0084462724807, 0.0048895374774, 0.69385273538, 0.25864043501]
    ],
    [
      [0.59530802501, 0.024988101812, 2.1673809965e-08, 0.027970308747, 0.34738172442, 0.002284800193, 0.0020670181518],
      [0.013092123246, 0.044951061223, 0.039260232586, 0.065010598516, 0.0050272569436, 0.69101011268, 0.1416486148],
      [1.5093430886e-07, 0.011157554321, 0.05410506698, 0.0016906900886, 0.042353446609, 0.85565104441, 0.035042046657],
      [0.046673287095, 0.13213811844, 0.0057041198943, 0.040695151567, 0.66616642824, 0.059645347417, 0.048977547347],
      [0.00043423977332, 0.032202503633, 0.0028250110473, 0.55229992746, 0.0084900227247, 0.40373132376, 1.6971600263e-05],
      [0.0080810300427, 0.26520894003, 1.8426371026e-13, 0.012913280263, 0.005520479606, 0.681688421, 0.026587849064],
      [0.00040737044421, 0.0038586997274, 0.042222532051, 0.0058380874558, 0.0053907149614, 0.62555736849, 0.31672522687]
    ],
    [
      [0.69414649529, 0.019071370911, 2.5239800246e-08, 0.02911814917, 0.25333889055, 0.0020695955642, 0.0022554732718],
      [0.015931893904, 0.036223982175, 0.048274322852, 0.071454657677, 0.0038615822898, 0.66094238773, 0.16331117338],
      [1.8953631184e-07, 0.0092739195009, 0.068681185511, 0.0019168566342, 0.033587518452, 0.84487492172, 0.041665408647],
      [0.067463097178, 0.12664516342, 0.0083222025566, 0.053080951328, 0.6098243915, 0.067686641927, 0.066977552093],
      [0.00051169422885, 0.025127009019, 0.003363030384, 0.59072316082, 0.0063165578507, 0.37393961749, 1.8930213742e-05],
      [0.010621421169, 0.23206788789, 2.4462633941e-13, 0.015323373454, 0.0045804587523, 0.70432555795, 0.033081300785],
      [0.00048115787556, 0.0030161513618, 0.0504039236, 0.0062259258069, 0.0040200177931, 0.58085414814, 0.35499867542]
    ],
    [
      [0.5311597248, 0.026791498532, 7.1443523386e-09, 0.03110468927, 0.40524684656, 0.0025764085982, 0.0031208250997],
      [0.010001834622, 0.041781361361, 0.011319160528, 0.062823315562, 0.005027851505, 0.68051797536, 0.18852850106],
      [1.1998944717e-07, 0.01076334236, 0.01630750345, 0.0016887422006, 0.044135410194, 0.87923557179, 0.047869310014],
      [0.035616092964, 0.12355816471, 0.0016268835269, 0.03915459555, 0.67761039314, 0.058148681966, 0.064285188141],
      [0.00033231624796, 0.029954029291, 0.00080806135807, 0.56360214206, 0.0085084495592, 0.39677278818, 2.2213306652e-05],
      [0.0062840347802, 0.25621801131, 5.3509771961e-14, 0.012631668739, 0.0056205181322, 0.68375804788, 0.035487719162],
      [0.00028979234171, 0.0033286886597, 0.011344114057, 0.0052203386539, 0.0050214541213, 0.57318008974, 0.40161552243]
    ],
    [
      [0.38087146906, 0.03893201541, 4.6336224764e-08, 0.04703914739, 0.52573912454, 0.0038315783659, 0.003586618905],
      [0.0048283445647, 0.041587626463, 0.049842933603, 0.064933194329, 0.0045011323056, 0.68819807792, 0.14610869081],
      [5.5238123633e-08, 0.010240923197, 0.068223943621, 0.0016748120186, 0.037668576741, 0.84634419612, 0.035847493064],
      [0.019207019936, 0.1365149512, 0.0080627927539, 0.045257595576, 0.66861134735, 0.066130904342, 0.056215388845],
      [0.00016009689094, 0.029790877206, 0.0035856914708, 0.55674362131, 0.0076041378974, 0.40209809274, 1.7482491084e-05],
      [0.0030587820462, 0.25354292935, 2.4000842515e-13, 0.013227680099, 0.0050741151708, 0.6969800891, 0.028116404234],
      [0.00014744759556, 0.0035019428142, 0.052643053622, 0.005719977258, 0.0047399220411, 0.61178112774, 0.32146652892]
    ],
    [
      [0.57646152003, 0.027197874044, 2.2786133956e-08, 0.030620244771, 0.36115512284, 0.0019132867704, 0.0026519287531],
      [0.013303819081, 0.052006692061, 0.043920452566, 0.075648357602, 0.0055352397692, 0.61573960446, 0.19384583446],
      [1.643981189e-07, 0.013823460292, 0.064942933009, 0.0021067887433, 0.050014788716, 0.81786016774, 0.0512516971],
      [0.042673243859, 0.1379056511, 0.0057286027746, 0.04255738043, 0.6633314226, 0.047707227601, 0.060096471628],
      [0.00041695474128, 0.035195844039, 0.0029820545948, 0.61279260628, 0.008835542307, 0.33975513954, 2.1858490582e-05],
      [0.0083563565339, 0.31502280501, 2.0941043949e-13, 0.015277632566, 0.0061859946109, 0.61825359077, 0.036903620513],
      [0.00039124285735, 0.0042141703346, 0.044658398251, 0.0064151175839, 0.0056112263705, 0.52685906886, 0.41185077574]
    ],
    [
      [0.62663829475, 0.022700458851, 4.0686294687e-08, 0.030967536557, 0.31598256048, 0.0022812124392, 0.0014298962378],
      [0.014048837294, 0.041133092223, 0.074227931319, 0.072487467124, 0.004611893775, 0.69486358582, 0.098627192443],
      [1.5607377866e-07, 0.0098375327548, 0.098539311451, 0.0018169681174, 0.037426158407, 0.82885931573, 0.023520557469],
      [0.053761591465, 0.12982867382, 0.011586771623, 0.04875076079, 0.65497882641, 0.064440723762, 0.036652652131],
      [0.00043857408245, 0.027729414285, 0.0050267698387, 0.57741636684, 0.0073286170099, 0.38204912908, 1.1128859574e-05],
      [0.0088988538719, 0.24873024273, 3.5755487967e-13, 0.014780277522, 0.0051966204002, 0.70338481144, 0.019009194031],
      [0.00046288795538, 0.0037387151582, 0.08450773294, 0.0068942756338, 0.0052352395927, 0.66594081184, 0.23322033688]
    ],
    [
      [0.31590676149, 0.028577912769, 1.4642140845e-08, 0.035903978536, 0.61302180432, 0.0030858287414, 0.0035036995003],
      [0.0043082729338, 0.038104841042, 0.019641565617, 0.062049834892, 0.0065287506999, 0.69125725132, 0.1781094835],
      [4.9824778709e-08, 0.0095030928396, 0.02725683715, 0.0016126265228, 0.055415313494, 0.86191801848, 0.04429406169],
      [0.013298015114, 0.096581463396, 0.0024462716221, 0.033212979098, 0.75058715765, 0.051138045518, 0.052736067597],
      [0.00014219866066, 0.027237176242, 0.0014109676073, 0.55694093324, 0.011011409602, 0.40323604747, 2.1267173388e-05],
      [0.002750612121, 0.23631308758, 9.5438599707e-14, 0.012687602323, 0.0074249206529, 0.70625784714, 0.034565930185],
      [0.00012577798756, 0.0030721489227, 0.019890154044, 0.0052101806439, 0.0065918946974, 0.58919539638, 0.37591444732]
    ],
    [
      [0, 0.030175390796, 0, 0.08544020643, 0.87176005929, 0.0054650351041, 0.0071593083819],
      [0, 0.022474101406, 0, 0.082208238672, 0.0051445277882, 0.68546079988, 0.20471233225],
      [0, 0.0058358659026, 0, 0.0022368896367, 0.045629660951, 0.8934865638, 0.052811019707],
      [0, 0.07077908924, 0, 0.05430129636, 0.73834341687, 0.062279366595, 0.074296830934],
      [0, 0.013988523983, 0, 0.63045167733, 0.0075652590426, 0.34797341619, 2.1123453387e-05],
      [0, 0.157315334, 0, 0.018613138359, 0.0064648408468, 0.77401799742, 0.043588689373],
      [0, 0.0017451646448, 0, 0.0066885478527, 0.0050207067579, 0.56445736068, 0.42208822007]
    ],
    [
      [0.5740397037, 0.021295549631, 1.527754268e-08, 0.031653480597, 0.36906576631, 0.0021572117759, 0.0017882727122],
      [0.013566300463, 0.041062816252, 0.029679193668, 0.07885501852, 0.0057236595252, 0.6996523777, 0.13146063387],
      [1.5635389163e-07, 0.010186701114, 0.040897354576, 0.0020498316062, 0.048203768445, 0.8661745485, 0.032487639407],
      [0.044476728053, 0.11108421002, 0.0039639720687, 0.045400069585, 0.69777481208, 0.055516850525, 0.041783357671],
      [0.00040154332799, 0.026247484476, 0.0019045164334, 0.59813309706, 0.0086253819624, 0.36467393459, 1.404214875e-05],
      [0.008477026955, 0.24560550449, 1.4092093414e-13, 0.015855159995, 0.0063626250525, 0.69873854124, 0.024961142264],
      [0.00043222535883, 0.003608164995, 0.032681497339, 0.0072498283943, 0.0062839579826, 0.64845520236, 0.30128912357]
    ],
    [
      [0.66882034587, 0.0246021262, 3.1639306588e-07, 0.039209363111, 0.26579261271, 0.00013355278437, 0.0014416829313],
      [0.015529981002, 0.051155466966, 0.6621861987, 0.10537418436, 0.0043943785934, 0.046684221553, 0.11467556883],
      [1.6988150959e-07, 0.012017323674, 0.86833832785, 0.0025918989124, 0.0352302352, 0.05499274108, 0.026829303398],
      [0.05530935466, 0.15128082392, 0.095449643067, 0.065442489843, 0.58928528045, 0.0039960024587, 0.039236405607],
      [0.00048997013558, 0.034857842956, 0.045311729676, 0.88629165061, 0.007072744374, 0.025963059471, 1.3002779292e-05],
      [0.023114201987, 0.75216025791, 7.4819825534e-12, 0.050294810458, 0.011643524833, 0.11113893547, 0.051648269339],
      [0.00046737455087, 0.0042318739305, 0.69013739783, 0.0091254866622, 0.004565932196, 0.040938907766, 0.25053302706]
    ],
    [
      [0.61969431861, 0.01866118665, 2.4996970005e-08, 0.027901449586, 0.32919385789, 0.0018214782636, 0.0027276840063],
      [0.015428879519, 0.037317190216, 0.050309327109, 0.072087211839, 0.0053089688091, 0.61211025094, 0.20743817157],
      [1.9044473557e-07, 0.0099171803813, 0.074178867651, 0.0020073492873, 0.047856107676, 0.81103808333, 0.055002221226],
      [0.052726478675, 0.10515820568, 0.0070188078657, 0.043310995571, 0.67213420018, 0.050733808492, 0.06891750353],
      [0.00050793514284, 0.026528513673, 0.0035941614671, 0.60551288984, 0.0088953054631, 0.35493648671, 2.4707701517e-05],
      [0.010677233606, 0.24611740916, 2.6488962381e-13, 0.016057757316, 0.0065352262344, 0.67689569702, 0.043716676666],
      [0.00044187741236, 0.0029487369093, 0.049778131682, 0.0059587239302, 0.0052376909801, 0.50987270784, 0.42576213124]
    ],
    [
      [0.81543116537, 0.0033804454183, 1.3167463623e-08, 0.0031888034976, 0.17519472191, 0.0011452194004, 0.0016596312374],
      [0.025504532267, 0.011773705081, 0.046443587906, 0.014390848028, 0.0047774712233, 0.67487524519, 0.22223461031],
      [2.9215773431e-07, 0.0028972008277, 0.064252354401, 0.00036917707865, 0.040328485633, 0.83778733192, 0.054365157979],
      [0.098361641175, 0.037684235834, 0.0071217313128, 0.0095466732599, 0.7048053215, 0.061402061209, 0.081078335706],
      [0.0015338814218, 0.015328353351, 0.0060345317301, 0.24686767207, 0.014716240392, 0.71547145329, 4.7867746252e-05],
      [0.019516922581, 0.091644411662, 2.6793023098e-13, 0.0035133277191, 0.0065174282994, 0.827578727, 0.051229182737],
      [0.00067219580376, 0.00085240573919, 0.042573054269, 0.0010874202889, 0.00436417387, 0.51977976571, 0.43067098432]
    ]
  ],
  "expected_outcome": [
    [
      [12.9833103677, 17.6452792402, 0.63335041985, 126.0215147648, 54.7615943331, 16.3168857386, 21.1302729677, 106.2953729536, 13.8254056866, 10.4057794406, 8.3161207562, 13.5038808084, 13.4263491892, 9.5802870047, 74.3500063652, 11.7955947783, 26.2635229242, 5.5620363231, 21.5797657866, 4.3832016794, 6.1537416982, 2.4949595443, 8.0889480847, 4.0319239225, 17.8592407502, 15.2712228964, 13.8101528448, 5.3322005668, 12.6821534407, 38.8515742747, 0.94772028447, 0, 20.0913896294, 4.6817424211, 74.3633182332, 1.6308623307],
      [0.43890182423, 0.65937262521, 0.016095500302, 4.1280278335, 1.5253583346, 0.67421683389, 0.74692831634, 3.7744897872, 0.60376672744, 0.39846794257, 0.39609561457, 0.45173608637, 0.53359821801, 0.1745751466, 2.5511947244, 0.35581027337, 0.52048636942, 0.31035926396, 0.69429534204, 0.12065657617, 0.15855720213, 0.17695583745, 0.60799904561, 0.25468420293, 0.74964305435, 0.41957016004, 0.69657896184, 0.54504821574, 0.59835322898, 1.4074284488, 0.085733738308, 0, 0.74534423708, 0.1722148834, 2.239342398, 0.0067608908366],
      [5.3802565477e-07, 2.4416180677e-07, 2.2549136428e-09, 4.7763454352e-06, 1.167014951e-06, 5.9757676652e-07, 1.1001859113e-06, 4.5791775982e-06, 6.993911423e-07, 2.2996621614e-07, 4.9033183503e-07, 2.1930433392e-07, 5.7697205698e-07, 1.5106047835e-07, 3.8782174944e-06, 2.6588204426e-07, 1.1086979065e-06, 4.5013521663e-07, 6.6268468649e-07, 1.3424254532e-07, 1.8398719222e-07, 2.5447992989e-07, 9.8621222133e-07, 2.0583645092e-07, 6.5021429894e-07, 5.5527560541e-07, 1.857531608e-07, 6.487071467e-07, 5.0129494703e-07, 2.5225502706e-06, 4.3926422534e-08, 0, 5.3471399382e-07, 2.2147514611e-06, 2.9996364006e-06, 2.6334927245e-08],
      [0.91184656661, 0.61041023109, 0.014915728034, 5.2233542231, 2.5010164365, 0.68072662544, 1.010157849, 6.9744081207, 1.3424662193, 0.58009558999, 0.3734691959, 0.89212119862, 0.83953663261, 0.30835644548, 3.8930561752, 0.50035384531, 0.93711266413, 0.37282058371, 0.86571671742, 0.31965643695, 0.24802237697, 0.29669542332, 1.1666135206, 0.52603126843, 0.8391092624, 0.64059928175, 0.80872192102, 0.65854806345, 0.67364538496, 1.9199872665, 0.10771193561, 0, 1.1078718209, 0.27446554178, 3.3481739503, 0.0063776069952],
      [6.5962686881, 5.985751602, 0.33237324446, 63.8622072514, 24.8312995368, 6.2286410485, 9.9649285351, 79.0894496169, 15.0772356982, 5.545525007, 4.8620718455, 10.0617414377, 5.0762542624, 2.889073336, 39.5371862375, 6.2629965892, 10.1156084079, 6.698443272, 9.7300377004, 3.1422884995, 2.4057303618, 3.9765681199, 7.0066377381, 4.1328741665, 10.4214517325, 5.5734555921, 10.5364180105, 7.3603477435, 7.9454127025, 19.5909187495, 1.839065413, 0, 12.9173018209, 1.860548289, 39.5032629465, 0.35038944382],
      [0.038628246118, 0.050770017933, 0.0017837617401, 0.38606063512, 0.15856691925, 0.046665808274, 0.072815862347, 0.44314205341, 0.082407003355, 0.040701321433, 0.029449526634, 0.052586825009, 0.052613027173, 0.020052205795, 0.28199277523, 0.042710558473, 0.077414832719, 0.02734765226, 0.062146580213, 0.017602881193, 0.018146205362, 0.024536072833, 0.06487397918, 0.032850356174, 0.068544005791, 0.045531102413, 0.066986623554, 0.053642097123, 0.042092308949, 0.14143517123, 0.0092574862242, 0, 0.075502412158, 0.00093486949062, 0.21857739164, 0.0022904388008],
      [0.031043769217, 0.048416039485, 0.0014813433535, 0.37883051571, 0.2221632726, 0.052863347765, 0.074895369308, 0.423132889, 0.068717965763, 0.029430468506, 0.022792570873, 0.03793342457, 0.071648093644, 0.027655710358, 0.38655984423, 0.042533689429, 0.085853692872, 0.028992454834, 0.068037210626, 0.01659379252, 0.015801971529, 0.030284747799, 0.064926645605, 0.021635877566, 0.062010544555, 0.049620411979, 0.081141452591, 0.05021266467, 0.058342432569, 0.088653566745, 0.010511098501, 0, 0.062589544926, 0.010091780519, 0.32732208076, 0.0033192624747]
    ],
    [
      [0.12349932631, 0.10340125892, 0.076231219246, 1.0531814183, 0.46996894018, 0.43668492776, 0.51488373321, 0.7962625726, 0.17046049229, 0.20904432381, 0.21419330742, 0.10610724657, 0.31152200982, 0.44624704297, 0.56900066806, 0.23431610902, 0.6104035356, 0.16754973859, 0.39923847625, 0.27882499046, 0.53684848696, 0.022751304599, 0.15713070636, 0.054754156973, 0.51059280658, 0.47795681711, 0.030005503865, 0.10139523586, 0.18625346713, 0.81483256305, 0.043082729338, 0, 0.36629011249, 0.093179886013, 1.8668944218, 0.17853172587],
      [0.34731032108, 0.32021119802, 0.28105912643, 2.763889996, 1.0550206322, 1.4842948865, 1.4862283027, 2.2657632115, 0.60981050211, 0.67025310838, 0.86373483368, 0.29184598148, 1.0308578231, 0.69293346155, 1.5679799242, 0.58937833453, 0.98551254158, 0.78964625356, 1.0505210589, 0.66814307487, 1.1872116535, 0.14340538318, 0.98580014638, 0.3024533576, 1.7530913877, 1.0867194652, 0.12534408408, 0.87334015571, 0.72809368885, 2.3857193489, 0.38104841042, 0.044948202813, 1.1086960388, 0.30693280179, 4.5153800161, 0.082415935569],
      [0.43198139565, 0.11950684718, 0.039592594016, 3.2195278755, 0.81270445935, 1.3248534063, 2.2044873765, 2.7673434818, 0.7110983286, 0.3894198402, 1.0776854253, 0.14304214424, 1.1220489335, 0.60435955466, 2.3999816893, 0.44342775886, 2.1144288316, 1.154285696, 1.0095797335, 0.74803501776, 1.3868693772, 0.20801338655, 1.6108948153, 0.24643554938, 1.5311490709, 1.4482296855, 0.033957481585, 1.0467016057, 0.61488633593, 4.3052200165, 0.19641565617, 0, 0.80133822903, 3.9731171922, 6.0874285802, 0.32510511534],
      [0.93300226306, 0.38347038324, 0.33753362925, 4.5185760373, 2.235258171, 1.9360535211, 2.596732512, 5.4087253383, 1.7521004705, 1.2610725653, 1.0522987718, 0.74470818307, 2.0960970246, 1.5815921578, 3.0912834042, 1.0707513587, 2.2925477465, 1.2256175431, 1.6926590779, 2.2874431176, 2.399627837, 0.31079151937, 2.4440025182, 0.80752963836, 2.5354133421, 2.1436397303, 0.18846994669, 1.3635970809, 1.0590770064, 4.2042730932, 0.62049834892, 0.16441647734, 2.1290855, 0.63224510616, 8.7225526325, 0.10073593619],
      [0.041705397644, 0.023195819735, 0.045886001808, 0.34493062042, 0.13836657088, 0.11025440574, 0.15951257281, 0.38291508303, 0.12241526417, 0.074761036767, 0.084684435297, 0.052233140537, 0.078567577977, 0.091325473936, 0.1959615508, 0.083149125505, 0.15406582445, 0.1365260137, 0.11834707247, 0.1394491371, 0.14446267112, 0.02566674172, 0.091100937182, 0.039054232505, 0.1960630208, 0.11584746869, 0.015083554515, 0.094523778417, 0.077493356769, 0.26748983895, 0.065287506999, 0.010289055576, 0.15453880718, 0.026366271561, 0.6423852259, 0.033442298563],
