{
  "X": [
    [1, 1, 3, 19, 2],
    [21, 31, 37, 368, 6],
    [3, 5, 9, 35, 1],
    [18, 39, 133, 220, 11],
    [55, 155, 236, 1204, 41],
    [40, 48, 87, 611, 15],
    [5, 2, 10, 35, 8],
    [1, 1, 1, 3, 1],
    [8, 2, 19, 69, 6],
    [6, 6, 28, 122, 3],
    [17, 29, 45, 201, 13],
    [0, 2, 15, 12, 1],
    [20, 38, 92, 303, 11],
    [27, 35, 75, 567, 16],
    [1, 1, 6, 14, 0],
    [4, 1, 5, 24, 1],
    [8, 24, 38, 187, 4],
    [1, 1, 6, 41, 0],
    [38, 30, 259, 804, 75],
    [22, 19, 135, 394, 41],
    [21, 59, 88, 378, 20],
    [1, 0, 0, 8, 0],
    [23, 47, 75, 358, 16],
    [7, 6, 15, 106, 3],
    [1, 2, 6, 23, 0],
    [12, 36, 50, 172, 8],
    [33, 78, 154, 693, 19],
    [10, 23, 44, 261, 6],
    [2, 2, 5, 36, 6],
    [2, 17, 40, 66, 4],
    [13, 31, 63, 160, 11],
    [0, 11, 8, 21, 0],
    [10, 6, 15, 129, 6],
    [31, 76, 105, 720, 19],
    [30, 9, 39, 271, 9],
    [41, 127, 264, 891, 42],
    [53, 148, 416, 995, 63],
    [16, 50, 246, 135, 34],
    [44, 104, 228, 556, 34],
    [13, 21, 49, 287, 12],
    [28, 68, 169, 692, 27],
    [1, 27, 33, 120, 6],
    [13, 22, 40, 188, 7],
    [18, 28, 68, 357, 13],
    [0, 0, 1, 24, 1],
    [1, 1, 2, 17, 4],
    [16, 48, 83, 486, 18],
    [11, 25, 44, 164, 8],
    [29, 91, 122, 472, 24],
    [15, 63, 103, 226, 13],
    [37, 42, 83, 261, 14],
    [35, 121, 227, 545, 33],
    [26, 47, 64, 713, 23],
    [0, 0, 2, 0, 1],
    [379, 725, 1322, 5580, 199],
    [46, 77, 181, 591, 44],
    [110, 180, 470, 1415, 106],
    [9, 12, 82, 271, 16]
  ],
  "W": [
    [2, 2, 3, 17, 1, 1],
    [40, 23, 21, 336, 39, 4],
    [3, 6, 6, 31, 7, 0],
    [20, 47, 74, 204, 50, 26],
    [57, 121, 169, 1149, 171, 24],
    [53, 38, 51, 592, 50, 17],
    [5, 6, 8, 34, 3, 4],
    [1, 1, 0, 4, 1, 0],
    [10, 1, 14, 76, 2, 1],
    [10, 15, 15, 116, 7, 2],
    [18, 13, 30, 196, 43, 5],
    [2, 1, 10, 13, 3, 1],
    [28, 19, 55, 295, 59, 8],
    [40, 53, 39, 531, 39, 18],
    [0, 2, 3, 15, 1, 1],
    [3, 0, 4, 27, 1, 0],
    [3, 14, 27, 188, 21, 8],
    [0, 0, 5, 40, 1, 3],
    [36, 27, 248, 786, 33, 76],
    [34, 27, 108, 387, 19, 36],
    [28, 32, 58, 364, 66, 18],
    [0, 0, 0, 8, 1, 0],
    [38, 50, 43, 327, 42, 19],
    [9, 7, 7, 105, 6, 3],
    [2, 1, 4, 21, 4, 0],
    [11, 22, 36, 167, 36, 6],
    [50, 92, 99, 643, 76, 17],
    [13, 19, 25, 252, 28, 7],
    [6, 2, 3, 35, 2, 3],
    [0, 13, 27, 56, 23, 10],
    [14, 17, 52, 162, 31, 2],
    [3, 2, 6, 17, 11, 1],
    [7, 9, 9, 120, 17, 4],
    [41, 53, 70, 687, 84, 16],
    [24, 13, 30, 274, 12, 5],
    [47, 53, 197, 892, 153, 23],
    [75, 104, 308, 953, 182, 53],
    [29, 19, 227, 125, 59, 22],
    [55, 42, 170, 546, 130, 23],
    [25, 14, 40, 275, 19, 9],
    [36, 64, 118, 670, 73, 23],
    [6, 10, 23, 111, 32, 5],
    [14, 10, 31, 175, 27, 13],
    [25, 28, 41, 340, 36, 14],
    [0, 0, 2, 21, 2, 1],
    [0, 1, 2, 18, 1, 3],
    [23, 30, 61, 465, 56, 16],
    [16, 24, 21, 149, 30, 12],
    [40, 32, 108, 431, 100, 27],
    [30, 31, 78, 205, 63, 13],
    [42, 26, 54, 248, 56, 11],
    [43, 60, 169, 531, 127, 31],
    [33, 45, 39, 701, 41, 14],
    [0, 0, 3, 0, 0, 0],
    [492, 407, 925, 5283, 893, 205],
    [47, 67, 133, 577, 84, 31],
    [85, 170, 354, 1394, 187, 91],
    [13, 41, 51, 250, 13, 22]
  ],
  "method": "mvn_cdf",
  "mvncdf_method": "genz",
  "mvncdf_samples": 5000,
  "mvncdf_error": 1e-06,
  "cond_prob": [
    [
      [0.28876732585, 0.011421716411, 0.036830828944, 0.57601641922, 0.086963709574],
      [0.005748388706, 0.068697459933, 0.19239530866, 0.68724784299, 0.04591099971],
      [0.001364113358, 0.0046879446631, 0.7601211634, 0.0097890883515, 0.22403769023],
      [0.023061594242, 0.0051659838408, 0.0061326736442, 0.95055860972, 0.015081138548],
      [0.012981610441, 0.73744667826, 0.091759715393, 0.15731109272, 0.00050090319052],
      [0.001847518257, 0.00042940977345, 0.06516906725, 0.12729675249, 0.80525725223]
    ],
    [
      [0.33993312649, 0.026748870936, 0.061492946495, 0.54096229173, 0.030862764348],
      [0.0076426666009, 0.13474461355, 0.26236867394, 0.58069858272, 0.014545463192],
      [0.0024532638856, 0.010982601682, 0.90496176148, 0.011861095815, 0.069741277136],
      [0.018766404889, 0.0029130027682, 0.0077904180155, 0.9655674813, 0.0049626930254],
      [0.021460671559, 0.65666870001, 0.14711525767, 0.17455219596, 0.00020317479725],
      [0.0082242083498, 0.0028590462992, 0.28663253649, 0.37953713905, 0.3227470698]
    ],
    [
      [0.51336542221, 0.015030643071, 0.049188216557, 0.40101246093, 0.021403257236],
      [0.011932111566, 0.10496651151, 0.29870373743, 0.57063742198, 0.013760217514],
      [0.0029478542089, 0.0068751987989, 0.92553336166, 0.008770508676, 0.05587307666],
      [0.035082399473, 0, 0.0090819821456, 0.93917061718, 0.016665001198],
      [0.040438507866, 0.61197968699, 0.1750673299, 0.17231798579, 0.00019648944668],
      [0.011438009749, 0.0019502463414, 0.29577256053, 0.32642898686, 0.36441019652]
    ],
    [
      [0.43512759918, 0.030987950406, 0.15163860482, 0.34955260275, 0.032693242836],
      [0.007971670519, 0.12939710258, 0.53848564491, 0.31128593061, 0.01285965138],
      [0.001338884755, 0.0055032255457, 0.95771377788, 0.0033340962735, 0.032110015546],
      [0.036955331359, 0.009210688116, 0.02553695103, 0.9251602979, 0.0031367315997],
      [0.021579800525, 0.59892544895, 0.28906232473, 0.090259539515, 0.00017288628173],
      [0.0079163233329, 0.0025417560444, 0.54326649166, 0.18792724367, 0.25834818529]
    ],
    [
      [0.38051054127, 0.038164175237, 0.07329809019, 0.46307647275, 0.044950720557],
      [0.0083916445454, 0.18558711637, 0.30187434423, 0.48353067023, 0.020616224619],
      [0.0023539639031, 0.013188482939, 0.89008204749, 0.0086581068907, 0.085717398774],
      [0.024711747413, 0.0039682204241, 0.012201293793, 0.9489127468, 0.010205991572],
      [0.019343754087, 0.72218842833, 0.13857798376, 0.11965309297, 0.00023674084807],
      [0.0081712721522, 0.0035850333827, 0.29813439124, 0.28636603843, 0.4037432648]
    ],
    [
      [0.40937676656, 0.038083646459, 0.081291054774, 0.43814402475, 0.033104507458],
      [0.0089428863807, 0.18551565779, 0.33497956131, 0.45543377871, 0.015128115811],
      [0.0023163531665, 0.012142451123, 0.91979085969, 0.0075238028895, 0.058226533135],
      [0.028163701913, 0.0038965520805, 0.015793245409, 0.94517346967, 0.0069730309297],
      [0.020194009614, 0.71878921453, 0.15054735421, 0.11029937237, 0.00017004926976],
      [0.0095562156044, 0.0039110103679, 0.36329693709, 0.29591214634, 0.3273236906]
    ],
    [
      [0.53588408001, 0.0072275433264, 0.04168818611, 0.2179936905, 0.19720650005],
      [0.017016108207, 0.062857714817, 0.33596914623, 0.41884351685, 0.1653135139],
      [0.0025261795321, 0, 0.58303607624, 0.10759432966, 0.30684341457],
      [0.058728641138, 0, 0.062626590845, 0.87864476802, 0],
      [0.063046399863, 0.52858992156, 0.24458137081, 0.16085867302, 0.0029236347511],
      [0.0030901290435, 0.00023655744831, 0.062101845248, 0.044929419366, 0.88964204889]
    ],
    [
      [0.14447258575, 0.00064364149214, 0.0027259472869, 0.0070156922945, 0.84514213317],
      [0.0036014960964, 0.054082809181, 0.35593619751, 0.43348085762, 0.15289863959],
      [1.1228420829e-05, 7.1918797975e-06, 0.00026042212863, 1.0108011437e-05, 0.99971104956],
      [0.2116566651, 0.0063786883735, 0.1447796272, 0.63718501933, 0],
      [0.0052992577416, 0.91975879583, 0.062219346419, 0.010763372772, 0.0019592272347],
      [0.0080778810024, 0.003239111584, 0.33758412633, 0.24933888272, 0.40175999836]
    ],
    [
      [0.4070578305, 0.020394421082, 0.18868303812, 0.22743691047, 0.15642779982],
      [0.0063515628777, 0.081921905631, 0.67461085394, 0.18070689925, 0.056408778306],
      [0.00075624332538, 0.0023583463411, 0.89197374527, 0.001370813362, 0.10354085171],
      [0.050960375768, 0.0072569344895, 0.038476150437, 0.87322913461, 0.030077404695],
      [0.018313374628, 0.5644499026, 0.36096208982, 0.055502958126, 0.00077167482258],
      [0.002867417966, 0.00069020837309, 0.30481471827, 0.049312462232, 0.64231519316]
    ],
    [
      [0.3307776461, 0.024337796785, 0.13353259168, 0.47234983157, 0.039002133869],
      [0.0057691076184, 0.10015066783, 0.47223823886, 0.40695702051, 0.014884965186],
      [0.0010498199882, 0.0046316623851, 0.94870071581, 0.0047016838985, 0.040916117918],
      [0.02117188653, 0.0019368327967, 0.021091895443, 0.94575682991, 0.010042555319],
      [0.017580986158, 0.56521396081, 0.28466028214, 0.13232032137, 0.00022444952524],
      [0.0054669421876, 0.0018583744349, 0.45565395838, 0.23379329944, 0.30322742556]
    ],
    [
      [0.45885324833, 0.020692660551, 0.072106635898, 0.36335743494, 0.084990020278],
      [0.01177905989, 0.1223240266, 0.36301386707, 0.45600153807, 0.046881508377],
      [0.0025087047469, 0.0066349956505, 0.83347836251, 0.0061752698325, 0.15120266726],
      [0.035771633159, 0.0019520597313, 0.019804517349, 0.92580715061, 0.01666463915],
      [0.034088268455, 0.61508038277, 0.20920316322, 0.14095705392, 0.00067113164003],
      [0.0070433932894, 0.0014419456607, 0.22022559758, 0.16538664858, 0.60590241489]
    ],
    [
      [0, 0.029209511866, 0.66881739679, 0.17893352654, 0.12303956481],
      [0, 0.037675201463, 0.91602334151, 0.03605895461, 0.010242502415],
      [0, 0.00092135878677, 0.98394585922, 0.00028451018608, 0.014848271812],
      [0, 0.0559111801, 0.028373408244, 0.88726767176, 0.028447739897],
      [0, 0.38903467542, 0.59381097304, 0.016977149332, 0.00017720220347],
      [0, 0.00074281937558, 0.75659604646, 0.017817709572, 0.22484342459]
    ],
    [
      [0.37209709951, 0.026452896015, 0.13962043705, 0.41311781438, 0.048711753044],
      [0.0068963486111, 0.11036741787, 0.49636534784, 0.3672736405, 0.019097245179],
      [0.0012258123924, 0.004983289158, 0.93902146006, 0.0041590863196, 0.050610352073],
      [0.027513996599, 0.0049348478001, 0.020456120491, 0.93457223395, 0.012522801158],
      [0.020632124301, 0.56638957113, 0.29499244036, 0.11770212403, 0.00028374018397],
      [0.0061133222624, 0.0019365338454, 0.44679954057, 0.19781474335, 0.34733585998]
    ],
    [
      [0.35639631905, 0.027589649813, 0.077103842358, 0.50004538062, 0.038864808159],
      [0.0078032972856, 0.13453614101, 0.31849543983, 0.52136065748, 0.0178044644],
      [0.0020979879732, 0.0091621792712, 0.90858869125, 0.0089384752037, 0.071212666302],
      [0.021206107067, 0.0022855320623, 0.013083187294, 0.95535971135, 0.0080654622248],
      [0.02178374565, 0.64481440803, 0.17709263709, 0.15606181263, 0.00024739659837],
      [0.007707889872, 0.0026274502334, 0.31926909647, 0.3130584431, 0.35733712033]
    ],
    [
      [0.80738555524, 0.0063829754032, 0.06174349792, 0.12147687958, 0.0030110918546],
      [0.0047194270576, 0.071274128609, 0.73623027243, 0.1877761719, 0],
      [0.0004559258382, 0.0063163779101, 0.99205541476, 0.001172281494, 0],
      [0.060961446309, 0.01127632123, 0.03075962164, 0.89700261082, 0],
      [0.010690387031, 0.66801308231, 0.27557547326, 0.045721057392, 0],
      [0.064081286697, 0.0013447082875, 0.814403413, 0.12017059202, 0]
    ],
    [
      [0.7679272341, 0.0086567691017, 0.053830599838, 0.14890619389, 0.020679203073],
      [0.0194729203, 0.097798713744, 0.59441502503, 0.26888619797, 0.019427142959],
      [0.0021251389255, 0.0025503035446, 0.95902078926, 0.0018787866217, 0.034424981653],
      [0.061753477969, 0.0039335194095, 0.033691177755, 0.87098572079, 0.029636104078],
      [0.020373836841, 0.85762345446, 0.092763244081, 0.029151810563, 8.7654055635e-05],
      [0.013352948428, 0.0011434082195, 0.40325455407, 0.11151125939, 0.4707378299]
    ],
    [
      [0.43478333094, 0.068360134443, 0.078275354284, 0.39599162674, 0.022589553596],
      [0.0081842034363, 0.31107751769, 0.2982611157, 0.37302156054, 0.0094556026283],
      [0.0023262197865, 0.022112934208, 0.92811994534, 0.0067599550147, 0.040680945653],
      [0.032834281915, 0.0061389408279, 0.017974779115, 0.93993614533, 0.0031158528126],
      [0.012248122799, 0.839240745, 0.088770989242, 0.059669786851, 7.0356103443e-05],
      [0.011025955756, 0.0080760755761, 0.41085381819, 0.30576795512, 0.26427619535]
    ],
    [
      [0.38463821404, 0.011110295395, 0.032406752234, 0.56517418322, 0.0066705551064],
      [0.0075333017703, 0.081462472479, 0.18660694755, 0.72026981446, 0.0041274637433],
      [0.0022165362982, 0.006515073577, 0.97387050526, 0.017397884865, 0],
      [0.014982763774, 0.0010688991658, 0.0060030214898, 0.97794531557, 0],
      [0.0051072717188, 0.91702603546, 0.025898411739, 0.051968281083, 0],
      [0.12816649862, 0.0025475433417, 0.28820940079, 0.58107655725, 0]
    ],
    [
      [0.40219750463, 0.024356338196, 0.064461741923, 0.45483906016, 0.054145355093],
      [0.0098805281724, 0.13310611919, 0.29765815893, 0.53151643299, 0.027838760713],
      [0.0027176834434, 0.0092575201563, 0.86478529937, 0.0093282402046, 0.11391125683],
      [0.026763794467, 0.0022787265019, 0.012065957553, 0.94805054302, 0.010840978462],
      [0.02778928098, 0.64470912135, 0.1667638959, 0.16034760972, 0.00039009204716],
      [0.0082465967794, 0.0021968628042, 0.25248423099, 0.26976642949, 0.46730587994]
    ],
    [
      [0.34393038302, 0.031007911355, 0.11551078456, 0.41964328252, 0.089907638544],
      [0.0067225427934, 0.13599956088, 0.42862359316, 0.39167344699, 0.036980856174],
      [0.0013023162615, 0.006642158962, 0.8803558598, 0.0048383284696, 0.10686133651],
      [0.02447440066, 0.0034879333681, 0.023612061967, 0.93156643736, 0.016859166646],
      [0.018107735566, 0.63891514416, 0.22939034033, 0.11309166784, 0.0004951121004],
      [0.0046824481838, 0.0018658819423, 0.30347441677, 0.16581813621, 0.52415911689]
    ],
    [
      [0.36885610542, 0.045565639654, 0.093157376555, 0.43649488226, 0.05592599611],
      [0.007321122128, 0.20311907447, 0.35158089721, 0.41460800929, 0.023370896903],
      [0.0017566733141, 0.012329802114, 0.8958921193, 0.0063422448925, 0.083679160383],
      [0.025241463727, 0.0042653020743, 0.017873327821, 0.93894182545, 0.013678080925],
      [0.015576520054, 0.74077296289, 0.14886394163, 0.094539324571, 0.00024725085627],
      [0.0066623871032, 0.0036465376912, 0.32490835289, 0.22935649494, 0.43542622737]
    ],
    [
      [0.39749679007, 0.036732480541, 0.088693053541, 0.42892805564, 0.048149620214],
      [0.014433649975, 6.6357874508e-17, 3.735436094e-27, 0.98547258998, 9.3760042673e-05],
      [0.0020969797842, 0.010709540709, 0.90304073021, 0.006795896258, 0.077356853041],
      [0.075051326747, 0, 0, 0.92494867325, 0],
      [0.39958938602, 0, 0, 0.60041061398, 0],
      [0.0080778810024, 0.003239111584, 0.33758412633, 0.24933888272, 0.40175999836]
    ],
    [
      [0.3665626722, 0.049133985777, 0.084833609179, 0.45709199947, 0.042377733378],
      [0.007297094976, 0.21959076446, 0.32035969641, 0.43502037769, 0.017732066463],
      [0.0019420947794, 0.014750424362, 0.90558714217, 0.0073801632071, 0.070340175479],
      [0.024036311033, 0.0043265777888, 0.01528451116, 0.94616035389, 0.010192246124],
      [0.014724626014, 0.76235773796, 0.1286459671, 0.09409363842, 0.00017803050553],
      [0.0075760858774, 0.004488744139, 0.33773290262, 0.27451418846, 0.3756880789]
    ],
    [
      [0.4107520124, 0.031859662346, 0.10378840856, 0.41680244623, 0.036797470466],
      [0.0079211762102, 0.15194763775, 0.41980716451, 0.40449150866, 0.015832512878],
      [0.0015627666775, 0.00747169336, 0.93837728021, 0.0050628112161, 0.047525448536],
      [0.02956501934, 0.0041716976659, 0.020717665222, 0.93403958282, 0.011506034949],
      [0.018252162638, 0.69181863691, 0.19052485742, 0.099224429027, 0.00017991400597],
      [0.0076680938885, 0.0027958815837, 0.41336973905, 0.2374649914, 0.33870129408]
    ],
    [
      [0.27856907215, 0.011238719205, 0.082346996247, 0.6278452124, 0],
      [0.0085184024125, 0.051507124041, 0.36963919823, 0.57033527531, 0],
      [0.011545883238, 0.0026197010058, 0.98020474963, 0.0056296661302, 0],
      [0.013839696347, 0, 0.019500043335, 0.96666026032, 0],
      [0.024381574265, 0.47888415838, 0.28383672518, 0.21289754217, 0],
      [0.0052422484942, 0.0013144387776, 0.49240585037, 0.40832199984, 0.092715462517]
    ],
    [
      [0.45858731952, 0.05099206683, 0.079515753253, 0.3705103236, 0.0403945368],
      [0.0096704388104, 0.25252272564, 0.33283068183, 0.38636899696, 0.018607156767],
      [0.0024358267655, 0.016054836807, 0.90454707007, 0.0061963324194, 0.070765933938],
      [0.035762314789, 0.004990373361, 0.017353836712, 0.92875372913, 0.013139746009],
      [0.017322471047, 0.79005521371, 0.11849371313, 0.073963263066, 0.00016533904528],
      [0.009864090067, 0.0050388551477, 0.34591546466, 0.23944171756, 0.39973987257]
    ],
    [
      [0.34738501256, 0.042353938519, 0.089265760944, 0.48461898549, 0.036376302493],
      [0.0069122974814, 0.18681957452, 0.3333471273, 0.45781793942, 0.015103061278],
      [0.0018077221977, 0.012365502015, 0.91956254655, 0.0076391437628, 0.058625085478],
      [0.020988357658, 0.0039880691517, 0.015855900661, 0.95229820409, 0.006869468437],
      [0.015713843221, 0.72156482604, 0.15087033781, 0.1116799827, 0.00017101023148],
      [0.007416908655, 0.0039683691121, 0.36297613734, 0.29871183238, 0.32692675252]
    ],
    [
      [0.33508521519, 0.033976812033, 0.099132379299, 0.4962991291, 0.035506464385],
      [0.0064362855052, 0.14912403568, 0.36916769624, 0.46073841207, 0.014533570508],
      [0.0015040235294, 0.0088364030693, 0.93187123647, 0.0068553044203, 0.050933032509],
      [0.019749289718, 0.0029162910742, 0.017537478033, 0.9526464758, 0.0071504653733],
      [0.016448010428, 0.66956769268, 0.18783099494, 0.12596873403, 0.00018456792567],
      [0.0066624126856, 0.0030334204718, 0.38879994376, 0.28980891814, 0.31169530495]
    ],
    [
      [0.19389892738, 0.019244561217, 0.079305921065, 0.40060094396, 0.30694964638],
      [0.0040168596753, 0.10298748942, 0.36290052364, 0.37164091268, 0.15845421458],
      [0.00056370811549, 0.0035219516384, 0.61734847487, 0.0032666044831, 0.37529926089],
      [0.023005376865, 0.0064057039428, 0.040815951342, 0.92977296785, 0],
      [0.0098502825004, 0.72143612626, 0.17119864006, 0.095686520443, 0.0018284307364],
      [0.00066427891583, 0.00030663613808, 0.058454141543, 0.036628593931, 0.90394634947]
    ],
    [
      [0.35555030943, 0.029758173123, 0.094367378835, 0.49311424115, 0.027209897457],
      [0.0062835011366, 0.13640542, 0.37006186198, 0.47551055348, 0.011738663407],
      [0.0014421542283, 0.007931565648, 0.94236091364, 0.0069070334723, 0.041358333009],
      [0.0254162716, 0, 0.019673190498, 0.95383329822, 0.0010772396854],
      [0.016876386707, 0.65145824873, 0.19680771442, 0.13470209642, 0.00015555372227],
      [0.0067908217193, 0.0029037546722, 0.41171750265, 0.31190599831, 0.26668192265]
    ],
    [
      [0.44015302479, 0.053966077271, 0.1008002254, 0.33196291263, 0.07311775991],
      [0.0086230774337, 0.24819705061, 0.39197298472, 0.32001214114, 0.031194746093],
      [0.0018021700204, 0.013044515949, 0.88215485262, 0.0042584014665, 0.098740059946],
      [0.0376764729, 0.0065682446046, 0.025290545972, 0.9103658444, 0.020098892124],
      [0.015497899021, 0.78306953988, 0.13964491719, 0.061510238937, 0.00027740498097],
      [0.0067645080656, 0.003799433184, 0.31357144387, 0.15239587392, 0.52346874096]
    ],
    [
      [0, 0.10026360778, 0.09158146323, 0.80815492899, 0],
      [0, 0.32834463846, 0.24877299722, 0.42288236432, 0],
      [0, 0.024346243421, 0.96018012485, 0.015473631727, 0],
      [0, 0.0062287656436, 0.017490122051, 0.97628111231, 0],
      [0, 0.87901034993, 0.065375673324, 0.055613976744, 0],
      [0, 0.12143957401, 0.45016438534, 0.42839604064, 0]
    ],
    [
      [0.54806200598, 0.0046185298484, 0.029795855638, 0.37382828844, 0.043695320089],
      [0.019359756474, 0.039447518674, 0.22052415329, 0.68543824939, 0.035230322169],
      [0.0062027080424, 0.0033408009263, 0.80049521242, 0.013880040772, 0.17608123784],
      [0.035819541845, 0, 0.0091262617945, 0.94200834496, 0.013045851397],
      [0.093095385483, 0.3282604489, 0.22933371797, 0.34847666372, 0.00083378393455],
      [0.013134300703, 0.00053694585052, 0.15210752458, 0.28105817267, 0.55316305619]
    ],
    [
      [0.35273822501, 0.039074404706, 0.072528268288, 0.49708334999, 0.038575751999],
      [0.0074933402415, 0.18427679984, 0.28949445403, 0.5016309153, 0.017104490594],
      [0.0022019374192, 0.013714702794, 0.89996478684, 0.0094031602044, 0.074715412742],
      [0.020971533254, 0.0039432508536, 0.011034541697, 0.95608897655, 0.0079616976462],
      [0.017305310035, 0.72501487133, 0.13321195368, 0.1242711568, 0.00019670815637],
      [0.0078350458808, 0.0038117057315, 0.30719160017, 0.31893867906, 0.36222296916]
    ],
    [
      [0.63184153802, 0.012142532416, 0.043450484966, 0.28371575018, 0.028849694421],
      [0.023809673298, 0.10608771755, 0.32227738501, 0.52430989357, 0.023515330567],
      [0.0060432519386, 0.0068280546084, 0.88867582566, 0.0084681022442, 0.089984765549],
      [0.048866675865, 0.0010154964801, 0.012417161507, 0.92608169445, 0.011618971694],
      [0.07110522593, 0.56978347071, 0.19147830042, 0.16728469369, 0.00034830925168],
      [0.020449575653, 0.0017899143233, 0.28145314559, 0.27338994149, 0.42291742295]
    ],
    [
      [0.34912756187, 0.045588422303, 0.12040591571, 0.42221766154, 0.06266043858],
      [0.0064297775994, 0.18561455409, 0.41545491691, 0.36845518028, 0.024045571117],
      [0.0013384757439, 0.0097839653233, 0.90974167612, 0.0048956248248, 0.074240257988],
      [0.024254323532, 0.0050643151923, 0.022456980199, 0.93326818676, 0.014956194318],
      [0.014522808993, 0.70915516456, 0.18672105781, 0.089330565205, 0.00027040343098],
      [0.0056391431111, 0.003227055936, 0.36968491252, 0.19653948679, 0.42490940164]
    ],
    [
      [0.34791335473, 0.038524854064, 0.12326742261, 0.43115838255, 0.059135986036],
      [0.0065054205026, 0.15870398979, 0.43037088258, 0.38142249186, 0.02299721527],
      [0.0013199729858, 0.008155817589, 0.91648063279, 0.0049401776079, 0.069103399026],
      [0.023680320945, 0.0046434469702, 0.021543469445, 0.93608767737, 0.014045085274],
      [0.016227617143, 0.66770161301, 0.2136359359, 0.10214910884, 0.00028572510189],
      [0.0057096377881, 0.0027647294262, 0.38316358303, 0.2036021342, 0.40475991555]
    ],
    [
      [0.36455575224, 0.049592806984, 0.1568196292, 0.34394426517, 0.085087546407],
      [0.0060511670685, 0.18698894917, 0.50134207396, 0.27542072909, 0.03019708071],
      [0.003303253467, 0.011857020841, 0.90715652566, 0.00025843688597, 0.077424763151],
      [0.029420058016, 0.0060180844138, 0.035966239896, 0.90471738955, 0.023878228122],
      [0.013277253348, 0.70343813003, 0.21822514593, 0.064730557019, 0.00032891367189],
      [0.0046457851895, 0.0028347549577, 0.39232438305, 0.12841730573, 0.47177777107]
    ],
    [
      [0.41536819951, 0.039667914707, 0.11586509888, 0.37262420239, 0.056474584516],
      [0.0083137913637, 0.17639099114, 0.43686699417, 0.35476428272, 0.023663940599],
      [0.0016530918873, 0.0088815795145, 0.91509630586, 0.0045004965739, 0.069868526165],
      [0.032705923074, 0.0054010478848, 0.023263117529, 0.92321173275, 0.015418178763],
      [0.019235988605, 0.69139256729, 0.20103209556, 0.088066892757, 0.00027245578627],
      [0.0072361587758, 0.0030421153385, 0.38594779203, 0.18774706248, 0.41602687138]
    ],
    [
      [0.31520953163, 0.049536855837, 0.075763220377, 0.5097482079, 0.049742184261],
      [0.0061109894332, 0.21899060342, 0.28102097311, 0.47352934849, 0.020348085541],
      [0.0017789811229, 0.015980148283, 0.88425280292, 0.0087729709475, 0.089215096724],
      [0.017011873261, 0.0046168505896, 0.011397512861, 0.95562171726, 0.011352046032],
      [0.012113673523, 0.77625362703, 0.11098295171, 0.1004492137, 0.00020053403494],
      [0.0060692965037, 0.0042279332391, 0.28428018121, 0.28571753111, 0.41970505794]
    ],
    [
      [0.33810940301, 0.041367135829, 0.10364487017, 0.46826736335, 0.048611227642],
      [0.006468728574, 0.17570712251, 0.37280666475, 0.42558782923, 0.019429654944],
      [0.0015039518002, 0.010337958624, 0.91474147457, 0.0063138179438, 0.067102797065],
      [0.020871503013, 0.0039632203052, 0.01846288697, 0.94567276193, 0.011029627778],
      [0.015199659233, 0.70292274189, 0.17434819885, 0.1073020889, 0.00022731113007],
      [0.0062223655594, 0.003344799537, 0.3640048411, 0.24895305853, 0.37747493528]
    ],
    [
      [0.16436753563, 0.054627938012, 0.11101946666, 0.5854196406, 0.084565419094],
      [0, 0.19667957162, 0.33867753, 0.44122918547, 0.023413712913],
      [0, 0.012143611014, 0.90429442895, 0.0067978533564, 0.076764106684],
      [0, 0.0041037812631, 0.015743872452, 0.96756179995, 0.012590546333],
      [0, 0.74851784728, 0.1492715333, 0.10199327081, 0.00021734860733],
      [0.0027589572404, 0.003608553861, 0.32481542529, 0.25113904277, 0.41767802084]
    ],
    [
      [0.45447585856, 0.027103363369, 0.051034625636, 0.44432445177, 0.023061700663],
      [0.011577512117, 0.16134419987, 0.25653203486, 0.5577462243, 0.01280002886],
      [0.0037470862428, 0.01326586236, 0.90871414, 0.01146497601, 0.06280793539],
      [0.031262967298, 0.0035401082921, 0.007402651071, 0.95385836582, 0.0039359075176],
      [0.028276351223, 0.70109848195, 0.12523469545, 0.14523492826, 0.00015554311172],
      [0.013147878864, 0.0035916320972, 0.29794275676, 0.38461723801, 0.30070049427]
    ],
    [
      [0.36250647103, 0.027301709834, 0.091625187168, 0.47510532156, 0.043461310407],
      [0.0075976666034, 0.12881058302, 0.3668122181, 0.47754885246, 0.019230679817],
      [0.0017770698, 0.0076406462543, 0.91626438675, 0.0071167378951, 0.067201159305],
      [0.022886810076, 0.0021704569058, 0.016400335971, 0.9484261543, 0.010116242743],
      [0.021404346992, 0.62850483866, 0.20573051289, 0.14409092433, 0.00026937712623],
      [0.0071194128553, 0.0023832066717, 0.3492411188, 0.27193193565, 0.36932432602]
    ],
    [
      [0.10735944766, 0.00018003124822, 0.0027258742316, 0.87958179948, 0.010152847382],
      [0.0020108043583, 0.00035495010803, 0.0087502283054, 0.98412745104, 0.0047565661899],
      [0, 0, 0.45197996724, 0.22913652873, 0.31888350403],
      [0, 0, 0, 0.99864948991, 0.0013505100927],
      [0, 0, 0.040599008028, 0.9590994021, 0.00030158987257],
      [0, 0, 0.014842049465, 0.65188885029, 0.33326910024]
    ],
    [
      [0.62742871734, 0.0057076772188, 0.022434597452, 0.22021864722, 0.12421036077],
      [0.009999246465, 0.078897785118, 0.2662698399, 0.50338290383, 0.14145022469],
      [0.0013687437161, 0.0030021269395, 0.58785648853, 0.0043861281551, 0.40338651266],
      [0.05408810228, 0.0016737818481, 0.021943423567, 0.9066117551, 0.0156829372],
      [0.0098916190752, 0.8843990781, 0.052519641616, 0.052527569665, 0.00066209154115],
      [0.0012619353267, 0.00019026987813, 0.036838639072, 0.038768559441, 0.92294059628]
    ],
    [
      [0.31333686329, 0.037199320307, 0.076740319879, 0.52530423805, 0.047419258475],
      [0.006370239921, 0.16906697133, 0.29510769552, 0.50923894395, 0.020216149274],
      [0.0018067859981, 0.012150338167, 0.89120027935, 0.0092075440637, 0.085635052421],
      [0.016182007107, 0.003494089628, 0.011499022308, 0.95879129959, 0.01003358137],
      [0.01550945826, 0.70812014416, 0.14324608794, 0.13287931257, 0.0002449970666],
      [0.0061730020935, 0.0032347571799, 0.29060615244, 0.29999863788, 0.39998745041]
    ],
    [
      [0.38389407455, 0.033563868438, 0.10195526583, 0.4401826408, 0.040404150388],
      [0.0075995096254, 0.15342468456, 0.39583152784, 0.42590192176, 0.017242356212],
      [0.0016537948775, 0.0084589809632, 0.92766643191, 0.0058960344814, 0.05632475777],
      [0.02672493183, 0.0030800631355, 0.018797132703, 0.94085008249, 0.010547789839],
      [0.019003099988, 0.67030362611, 0.19666827391, 0.11381108959, 0.00021391040428],
      [0.0073724201201, 0.0029257404092, 0.39057858487, 0.25088499349, 0.34823826111]
    ],
    [
      [0.38715102108, 0.043182830182, 0.053772478217, 0.48258353906, 0.033310131466],
      [0.0088202315122, 0.21954627501, 0.23113472733, 0.52457363397, 0.01592513218],
      [0.0031640047829, 0.019955836764, 0.87966892856, 0.011992171137, 0.085219058753],
      [0.025071630262, 0.006639508932, 0.0019118074055, 0.95907122092, 0.0073058324843],
      [0.018164147322, 0.77098572436, 0.094922300238, 0.11576443708, 0.00016339099983],
      [0.0099152539492, 0.004880549492, 0.2641602332, 0.35848176834, 0.36256219502]
    ],
    [
      [0.32772653562, 0.068852713662, 0.10839803173, 0.45141368331, 0.04360903568],
      [0.0055454758587, 0.26283624373, 0.34996070969, 0.36606436971, 0.015593201019],
      [0.0013686505938, 0.016380237811, 0.9189741666, 0.0057541116889, 0.057522833306],
      [0.02045229848, 0.0057400301158, 0.021328743454, 0.94199801572, 0.010480912229],
      [0.0098003136262, 0.79774667065, 0.12301266219, 0.069303283128, 0.00013707041397],
      [0.006107575903, 0.0056992354535, 0.39208476362, 0.245005636, 0.35110278902]
    ],
    [
      [0.55721114685, 0.022937006872, 0.074256963147, 0.30774487872, 0.037850004411],
      [0.015602957235, 0.14552885703, 0.40012900823, 0.41619578698, 0.022543390522],
      [0.0033373599951, 0.0078913465408, 0.91107587833, 0.0056698732507, 0.072025541882],
      [0.042813171898, 0.0036315396651, 0.019864634693, 0.91977440298, 0.013916250759],
      [0.04005611211, 0.64104334088, 0.2042144541, 0.11439861413, 0.00028747878016],
      [0.013675326873, 0.0025194353846, 0.35611973367, 0.22155246774, 0.40613303633]
    ],
    [
      [0.38838741408, 0.05929074451, 0.11313872201, 0.38938847379, 0.049794645615],
      [0.0071312995659, 0.24214296622, 0.3912933895, 0.34028285698, 0.019149487726],
      [0.0015863444817, 0.013624077889, 0.91672038676, 0.0048303846102, 0.063238806262],
      [0.029529354303, 0.0065865296991, 0.024224551663, 0.9263730332, 0.013286531134],
      [0.013407184235, 0.77144690532, 0.14632101041, 0.068645697125, 0.0001792029071],
      [0.0071152087401, 0.0047821485006, 0.39631228923, 0.20648080787, 0.38530954566]
    ],
    [
      [0.33479778578, 0.047977356005, 0.070995208641, 0.48689243214, 0.059337217436],
      [0.006865104136, 0.21938143749, 0.27393974866, 0.47443457938, 0.025379130331],
      [0.0020334183377, 0.016390546522, 0.86067932165, 0.0089658757078, 0.11193083778],
      [0.019831146773, 0.0046430412264, 0.010916398011, 0.95191380829, 0.012695605696],
      [0.014002763845, 0.77062032646, 0.11130033593, 0.10381897484, 0.00025759891496],
      [0.0062637759148, 0.0039389975469, 0.253404793, 0.2632262094, 0.47316622414]
    ],
    [
      [0.39749679007, 0.036732480541, 0.088693053541, 0.42892805564, 0.048149620214],
      [0.0086474790458, 0.17435355591, 0.3566452956, 0.43873425193, 0.021619417516],
      [0, 0, 0.66666666667, 0, 0.33333333333],
      [8.439190672e-17, 6.5663774644e-75, 0.99999999299, 5.6096594672e-305, 7.0091865911e-09],
      [0.020648982437, 0.69696356906, 0.16955158373, 0.11257850277, 0.00025736200577],
      [0.0080778810024, 0.003239111584, 0.33758412633, 0.24933888272, 0.40175999836]
    ],
    [
      [0.41072533842, 0.03329299698, 0.080080674578, 0.43923416628, 0.036666823736],
      [0.0093437758477, 0.16558207325, 0.33741255427, 0.47041982278, 0.017241773851],
      [0.0024183497715, 0.010855870644, 0.91305207629, 0.0077758661618, 0.065897837138],
      [0.028075920687, 0.0034046858027, 0.015386925626, 0.94532524559, 0.0078072222965],
      [0.023082011959, 0.68590572766, 0.16594989674, 0.12485005594, 0.00021230770637],
      [0.0094922805684, 0.0033438606285, 0.34740410773, 0.29072621333, 0.34903353775]
    ],
    [
      [0.46014156454, 0.034546705187, 0.084320198031, 0.35630324505, 0.064688287193],
      [0.010849735979, 0.18145823701, 0.3750998105, 0.40061085021, 0.031981366307],
      [0.0024048607607, 0.010176935137, 0.87639879316, 0.0056660976302, 0.10535331331],
      [0.036359150113, 0.0043388954313, 0.020492934846, 0.92292377118, 0.015885248432],
      [0.024831864238, 0.70565441079, 0.17078843133, 0.098361086606, 0.0003642070362],
      [0.0084342407558, 0.002792175269, 0.29592168582, 0.1893510416, 0.50350085655]
    ],
    [
      [0.50940815202, 0.034027519043, 0.07729575761, 0.32710635792, 0.052162213408],
      [0.013056775602, 0.19223596772, 0.36983582111, 0.39705199483, 0.027819440734],
      [0.0029837474096, 0.011121215981, 0.88601493356, 0.0057937458074, 0.094086357238],
      [0.040918245496, 0.0047309543183, 0.019997670231, 0.91936645005, 0.014986679904],
      [0.028803975108, 0.71446020514, 0.16237451706, 0.094055583304, 0.00030571938579],
      [0.010967374463, 0.0032046948382, 0.3150296433, 0.20286713178, 0.46793115563]
    ],
    [
      [0.30971495243, 0.023567910705, 0.11430003979, 0.50079629148, 0.05162080559],
      [0.0058538093398, 0.10086169277, 0.41571431481, 0.45680591463, 0.020764268446],
      [0.0012171858734, 0.0042180327466, 0.922816394, 0.006052606236, 0.065695781139],
      [0.017262222184, 0, 0.019089152961, 0.95215029097, 0.011498333884],
      [0.018647785076, 0.56188087787, 0.26331328933, 0.1558292418, 0.00032880592052],
      [0.0051657365384, 0.0017598488587, 0.37321888543, 0.24493499577, 0.37492053341]
    ]
  ],
  "expected_outcome": [
    [
      [0.57753465169, 13.5973250596, 1.5400962666, 8.7025519836, 21.6891008522, 21.6969686277, 2.6794204001, 0.14447258575, 4.070578305, 3.307776461, 8.2593584699, 0, 10.4187187864, 14.2558527622, 0, 2.3037817023, 1.3043499928, 0, 14.4791101666, 11.6936330226, 10.3279709517, 0, 13.9293815435, 3.6967681116, 0.5571381443, 5.0444605147, 17.3692506278, 4.3561077974, 1.1633935643, 0, 6.162142347, 0, 3.8364340419, 14.4622672256, 15.1641969124, 16.4089954078, 26.0935016051, 10.572116815, 22.8452509731, 7.8802382907, 12.1719385082, 0.9862052138, 6.3626620198, 9.0626617758, 0, 0, 7.2067478556, 6.1423051928, 15.4860408432, 9.8317960685, 23.4028681677, 16.7006588052, 11.0483269306, 0, 202.0768665041, 21.6266535335, 43.2996929216, 4.0262943817],
      [0.022843432822, 1.0699548374, 0.045091929214, 0.61975900813, 2.1753579885, 2.0184332623, 0.036137716632, 0.00064364149214, 0.20394421082, 0.24337796785, 0.37246788992, 0.058419023733, 0.74068108841, 1.1035859925, 0, 0.025970307305, 0.20508040333, 0, 0.87682817507, 1.0542689861, 1.2758379103, 0, 1.8670914595, 0.28673696112, 0.02247743841, 0.56091273513, 2.117696926, 0.44169855643, 0.1154673673, 0, 0.75552508179, 0.30079082334, 0.032329708939, 1.6020505929, 0.29142077798, 2.1426558482, 2.8893640548, 1.4381914025, 2.1817353089, 1.2384213959, 1.4892168898, 0.32776762807, 0.37944708716, 0.68254274584, 0, 0, 0.85558436706, 0.53702189501, 1.7273132073, 2.0655814099, 0.9633542886, 2.5495020139, 1.5832527482, 0, 16.3801545142, 1.6236951438, 2.8923391186, 0.30638283917],
      [0.073661657889, 2.4597178598, 0.14756464967, 3.0327720965, 4.1779911408, 4.308425903, 0.20844093055, 0.0027259472869, 1.8868303812, 1.3353259168, 1.2979194462, 1.3376347936, 3.9093722374, 3.0841536943, 0, 0.16149179951, 0.23482606285, 0, 2.3206227092, 3.9273666751, 2.6084065435, 0, 3.2236771488, 0.93409567706, 0.16469399249, 0.87467328579, 4.4632880472, 1.2887209309, 0.47583552639, 0, 1.4112031557, 0.27474438969, 0.20857098947, 2.9736589998, 1.0428116392, 5.6590780383, 9.2450566957, 4.5477692467, 6.3725804382, 1.8940805094, 3.7312153262, 0.66611679998, 0.71448475891, 2.2906296792, 0, 0, 1.7650273572, 1.6312842532, 2.1508991287, 3.251940952, 3.1187924522, 4.8649650466, 2.3428418852, 0, 39.3996918925, 3.9630493074, 6.5701393969, 1.4859005173],
      [1.1520328384, 21.6384916693, 1.2030373828, 6.991052055, 26.3953589467, 23.2216333117, 1.0899684525, 0.0070156922945, 2.2743691047, 4.7234983157, 6.540433829, 0.35786705308, 11.5672988026, 20.0018152246, 0, 0.44671858166, 1.1879748802, 0, 16.3742061658, 14.2678716058, 12.2218567034, 0, 17.3694959798, 3.751222016, 1.2556904248, 4.0756135596, 24.2309492744, 6.4518886783, 2.4036056638, 0, 4.6474807768, 2.424464787, 2.6167980191, 20.3804173498, 6.8091780043, 19.8442300925, 32.3368786916, 9.97438369, 20.4943311314, 12.7437051975, 16.8576250806, 3.5125178436, 6.2205423248, 11.877633039, 0, 0, 12.0819974752, 7.0429222528, 19.3033415623, 13.5424104993, 12.9252849063, 16.7437043728, 16.0674502607, 0, 216.1032098113, 16.7462525172, 27.8040404232, 6.5103517892],
      [0.17392741915, 1.2345105739, 0.064209771707, 0.65386485673, 2.5621910717, 1.7545388953, 0.98603250024, 0.84514213317, 1.5642779982, 0.39002133869, 1.529820365, 0.24607912961, 1.3639290852, 1.5545923264, 0, 0.062037609219, 0.067768660789, 0, 1.9492327834, 3.0568597105, 1.5659278911, 0, 1.6103538684, 0.3311772342, 0, 0.4443399048, 1.8188151247, 0.46158403701, 1.8416978783, 0, 1.0236486387, 0, 0.30586724062, 1.581605832, 0.6923926661, 2.9450406132, 4.4351989527, 2.4675388458, 3.1061021484, 1.2435546065, 1.7500041951, 0.50739251456, 0.32286380928, 1.0865327602, 0, 0, 1.0906429449, 0.64646640621, 1.3324052586, 1.3082710704, 1.5897001853, 2.1411697615, 1.9581281754, 0, 18.040077278, 3.0403494981, 4.4337881397, 0.67107047267]
    ],
    [
      [0.011496777412, 0.17578133182, 0.071592669396, 0.37466851439, 1.01538899, 0.33982968247, 0.10209664924, 0.0036014960964, 0.0063515628777, 0.086536614276, 0.15312777857, 0, 0.13103062361, 0.41357475613, 0.0094388541152, 0, 0.11457884811, 0, 0.26677426065, 0.18150865542, 0.23427590809, 0, 0.3648547488, 0.055448233471, 0.0085184024125, 0.21274965383, 0.63593136829, 0.1222894246, 0.0080337193506, 0.081685514776, 0.14659231637, 0, 0.17423780827, 0.3971470328, 0.30952575288, 0.34077821277, 0.67656373227, 0.1149721743, 0.34917923728, 0.085553852065, 0.41399862874, 0, 0.11577512117, 0.2127346649, 0, 0.009999246465, 0.19110719763, 0.18238823101, 0.28224740839, 0.17190975162, 0.40567688812, 0.42787797395, 0.30892968612, 0, 3.80291677, 0.72693231059, 2.2196518523, 0.24000618293],
      [0.13739491987, 3.0991261116, 0.62979906907, 6.0816638211, 22.4560410813, 7.049594996, 0.3771462889, 0.054082809181, 0.081921905631, 1.5022600174, 1.5902123457, 0.037675201463, 2.0969809396, 7.1304154733, 0.14254825722, 0, 4.3550852477, 0, 3.593865218, 3.6719881436, 6.4998103829, 0, 10.9795382231, 1.0636334642, 0.051507124041, 5.555499964, 17.1874008562, 2.8333566779, 0.20597497884, 1.77327046, 4.2193498604, 0.65668927692, 0.35502766807, 9.7666703917, 1.3791403281, 9.8375713668, 16.5052149383, 3.5527900342, 7.408421628, 3.0658684479, 11.2452558405, 1.9667957162, 1.6134419987, 3.6066963246, 0, 0.078897785118, 5.07200914, 3.6821924295, 7.0254808002, 8.1479235556, 3.7837502829, 14.5285779733, 9.8721646872, 0, 67.391903814, 12.1577018796, 32.680114512, 4.1353294035],
      [0.38479061732, 6.0344795007, 1.7922224246, 25.3088253108, 36.5267956516, 12.7292233298, 2.0158148774, 0.35593619751, 0.67461085394, 7.0835735829, 4.7191802719, 0.91602334151, 9.4309416089, 16.8802583108, 1.4724605449, 0, 4.1756556198, 0, 8.0367702912, 11.5728370154, 11.2505887108, 0, 16.0179848205, 2.9386501515, 0.36963919823, 7.3222750002, 30.6679357115, 7.0141862285, 0.72580104728, 4.8108042057, 6.6635407403, 0.49754599443, 1.9847173796, 15.3432060634, 4.1896060052, 22.0191105963, 44.7585717879, 9.5254994052, 18.3484137551, 3.9342936236, 23.8596265438, 3.3867753, 2.5653203486, 10.2707421068, 0, 0.2662698399, 8.8532308656, 9.4999566682, 7.3963112746, 10.8487820004, 10.403354214, 23.4776033701, 12.3272886895, 0, 137.326909588, 25.1316873032, 62.8720895892, 17.0442869073],
