{
  "X": [
    [5, 12, 53, 38, 23],
    [11, 9, 93, 297, 57],
    [38, 65, 259, 772, 180],
    [4, 6, 19, 242, 31],
    [75, 114, 746, 1190, 204],
    [4, 9, 46, 60, 24],
    [31, 76, 158, 706, 130],
    [61, 88, 268, 687, 123],
    [41, 78, 177, 525, 124],
    [106, 187, 859, 1125, 234],
    [13, 31, 72, 508, 88],
    [16, 26, 70, 320, 76],
    [29, 36, 182, 165, 47],
    [13, 38, 94, 755, 116],
    [15, 25, 49, 203, 41],
    [94, 123, 587, 775, 197],
    [15, 42, 88, 484, 78],
    [36, 94, 287, 888, 213],
    [14, 31, 83, 746, 126],
    [14, 42, 76, 649, 127],
    [8, 47, 66, 290, 77],
    [11, 15, 34, 194, 39],
    [33, 72, 163, 646, 125],
    [16, 44, 99, 433, 84],
    [9, 37, 36, 423, 64],
    [10, 10, 71, 75, 20],
    [21, 43, 46, 407, 63],
    [10, 20, 71, 204, 61],
    [61, 149, 299, 742, 150],
    [4, 20, 18, 413, 53],
    [2, 12, 21, 67, 26],
    [47, 103, 418, 754, 150],
    [11, 24, 63, 202, 28],
    [58, 127, 369, 1721, 418],
    [4, 13, 52, 93, 12]
  ],
  "W": [
    [36, 76, 7, 12],
    [294, 123, 14, 36],
    [797, 338, 51, 128],
    [251, 20, 6, 25],
    [1177, 884, 85, 183],
    [57, 63, 7, 16],
    [697, 215, 77, 112],
    [678, 372, 67, 110],
    [539, 228, 74, 104],
    [1037, 1062, 167, 245],
    [537, 88, 25, 62],
    [321, 103, 20, 64],
    [155, 226, 42, 36],
    [768, 114, 46, 88],
    [195, 59, 28, 51],
    [689, 788, 105, 194],
    [463, 105, 40, 99],
    [882, 373, 101, 162],
    [798, 93, 25, 84],
    [676, 103, 41, 88],
    [294, 78, 46, 70],
    [193, 38, 16, 46],
    [664, 207, 68, 100],
    [424, 128, 48, 76],
    [430, 64, 32, 43],
    [81, 81, 10, 14],
    [423, 75, 31, 51],
    [202, 106, 21, 37],
    [705, 426, 117, 153],
    [411, 24, 13, 60],
    [71, 34, 6, 17],
    [718, 522, 84, 148],
    [194, 78, 25, 31],
    [1794, 520, 117, 262],
    [85, 56, 17, 16]
  ],
  "method": "mult",
  "cond_prob": [
    [
      [0.00032194141007, 0.0075641096141, 0.0014287850518, 0.77970234321, 0.21098282071],
      [0.058434995048, 0.059622109296, 0.73209834962, 0.049796773048, 0.10004777299],
      [0.043931010584, 0.79890301387, 0.01767658334, 0.11537323062, 0.024116161583],
      [0.026025822571, 0.066357544376, 0.001936395038, 0.36923849837, 0.53644173964]
    ],
    [
      [0.00038837082151, 0.002638555684, 0.0014964847301, 0.87729941774, 0.11817717102],
      [0.072544509609, 0.021460940262, 0.78891706195, 0.058900497609, 0.058176990566],
      [0.10901935742, 0.5524637429, 0.038259534281, 0.27216801704, 0.028089348359],
      [0.040617932058, 0.029932193516, 0.0026312850545, 0.54286646348, 0.38395212589]
    ],
    [
      [0.00047909456838, 0.0060460690007, 0.0015850978431, 0.85846295242, 0.13342678617],
      [0.081535406408, 0.044927950102, 0.76057076351, 0.052826687335, 0.060139192644],
      [0.078487539448, 0.72286293692, 0.02374185112, 0.15630230431, 0.0186053682],
      [0.046067830735, 0.063078695903, 0.0025686250302, 0.48996530554, 0.3983195428]
    ],
    [
      [0.0005571207487, 0.0043093830417, 0.0018957706111, 0.90179529236, 0.091442433237],
      [0.082245381819, 0.027288263695, 0.80854843209, 0.046980878902, 0.034937043495],
      [0.10898669303, 0.6513404311, 0.033242007737, 0.19155163744, 0.014879230691],
      [0.060894193383, 0.05077581374, 0.0034481499318, 0.57705445639, 0.30782738656]
    ],
    [
      [0.00041546548414, 0.0058450912182, 0.0017818052154, 0.89548605459, 0.096471583492],
      [0.066244168998, 0.040731360566, 0.80052325411, 0.051707590671, 0.040793625651],
      [0.070338415555, 0.7193882284, 0.027611013279, 0.16874091349, 0.013921429278],
      [0.04422096294, 0.067521648275, 0.0031983629906, 0.56622839555, 0.31883063024]
    ],
    [
      [0.00028568992426, 0.0056744421824, 0.0014627495325, 0.8208647988, 0.17171231956],
      [0.052859250318, 0.045530053304, 0.76495539906, 0.053689777548, 0.082965519768],
      [0.048844872381, 0.75113229675, 0.022643505555, 0.15278289893, 0.02459642639],
      [0.02569842496, 0.055350753056, 0.0022039842816, 0.43332871451, 0.48341812319]
    ],
    [
      [0.00049910143649, 0.0058993177179, 0.0014803790999, 0.88088497473, 0.11123622702],
      [0.089974939678, 0.046401943337, 0.75317754833, 0.057374229773, 0.053071338881],
      [0.083145615517, 0.71558747141, 0.022534840067, 0.16297064956, 0.01576142345],
      [0.050704892689, 0.064994055918, 0.0025336153647, 0.53095459234, 0.35081284369]
    ],
    [
      [0.00071182626763, 0.0069975077548, 0.0014928544033, 0.88750673748, 0.10329107409],
      [0.12229835579, 0.052497729433, 0.72306430146, 0.055134417086, 0.047005196232],
      [0.10137174538, 0.72619645069, 0.019440335338, 0.14047006484, 0.012521403745],
      [0.071382429578, 0.076133642614, 0.0025231534123, 0.52828218403, 0.32167859036]
    ],
    [
      [0.00068015895976, 0.0065780872084, 0.0016363681082, 0.86027657784, 0.13082880788],
      [0.10897608322, 0.045988152773, 0.73977689795, 0.049785768025, 0.055473098031],
      [0.10170057157, 0.71648444828, 0.022358163534, 0.14281999307, 0.016636823542],
      [0.064242291989, 0.067381967332, 0.0026037949849, 0.48203315561, 0.38373879008]
    ],
    [
      [0.00045760080411, 0.0059910655617, 0.00168962532, 0.8891380453, 0.10272366302],
      [0.075325879271, 0.043104210274, 0.78370370802, 0.053012289936, 0.044853912498],
      [0.07580977844, 0.72008065134, 0.025625566742, 0.16397528126, 0.014508722219],
      [0.047623600072, 0.067665661432, 0.0029658550219, 0.54977666379, 0.33196821968]
    ],
    [
      [0.00050581007043, 0.0064334718709, 0.0016749582266, 0.87670622777, 0.11467953207],
      [0.082331083238, 0.045554377083, 0.77157095112, 0.051340668425, 0.049202920131],
      [0.078243428856, 0.73313419837, 0.023592876158, 0.15000196469, 0.015027531923],
      [0.050705910582, 0.069873123252, 0.0028224179486, 0.52018616506, 0.35641238315]
    ],
    [
      [0.00057389970875, 0.0061680718694, 0.001380228104, 0.85962137132, 0.132256429],
      [0.10624079431, 0.049703310586, 0.7222878368, 0.057222205272, 0.064545853041],
      [0.09071584623, 0.72147213682, 0.019873176382, 0.15022941231, 0.017709428263],
      [0.054876046179, 0.063934917387, 0.0022189467401, 0.48642488603, 0.39254520366]
    ],
    [
      [0.00060791651418, 0.0051270220396, 0.0017167509392, 0.862988008, 0.1295603025],
      [0.096108979395, 0.035355593109, 0.76533168768, 0.049084876088, 0.054118863723],
      [0.1088133329, 0.67254205522, 0.02806005589, 0.17090341957, 0.019681136428],
      [0.058798712139, 0.053787593016, 0.0027961802337, 0.49427073021, 0.3903467844]
    ],
    [
      [0.00034953390638, 0.0046373746785, 0.0016418635964, 0.88950267632, 0.1038685515],
      [0.060366390622, 0.034889484564, 0.80195524032, 0.055403027213, 0.047385857276],
      [0.070435665241, 0.6828995221, 0.030181147338, 0.19871380491, 0.017769860408],
      [0.037292516042, 0.05362102111, 0.0029478397349, 0.56246298134, 0.34367564177]
    ],
    [
      [0.00076212794912, 0.0056016200667, 0.0017133901649, 0.8833469541, 0.10857590772],
      [0.11773021451, 0.037573171497, 0.75172406225, 0.048880058686, 0.044092493054],
      [0.12475796888, 0.67543166448, 0.025495574913, 0.15930386506, 0.015010926675],
      [0.076320883295, 0.060714466923, 0.002880900477, 0.5224389294, 0.33764481991]
    ],
    [
      [0.00053914534518, 0.0057143262045, 0.0015179312691, 0.8755333966, 0.11669520058],
      [0.09470881033, 0.04386688873, 0.75139428731, 0.055672957791, 0.054357055841],
      [0.091319412737, 0.70331351839, 0.023531387441, 0.16499120462, 0.016844476811],
      [0.053863492953, 0.061955800576, 0.002557397101, 0.51953167935, 0.36209163002]
    ],
    [
      [0.00042695297691, 0.005875855668, 0.0016914389389, 0.89794841586, 0.094057336561],
      [0.070674243728, 0.042365873885, 0.79228884721, 0.053559848146, 0.04111118703],
      [0.071667289197, 0.72207226414, 0.025894390793, 0.16696868183, 0.013397374037],
      [0.045759501928, 0.068252274679, 0.0030502401381, 0.57015173155, 0.3127862517]
    ],
    [
      [0.00036467820166, 0.0053034808886, 0.0015570419556, 0.8588353377, 0.13393946126],
      [0.064519000333, 0.040975703243, 0.77674992504, 0.054968584116, 0.06278678727],
      [0.067139081416, 0.70983233267, 0.026218286676, 0.17581169393, 0.020998605303],
      [0.035669385537, 0.056276413517, 0.0025671578598, 0.49875096726, 0.40673607582]
    ],
    [
      [0.00048361566659, 0.0058011878782, 0.0018205229276, 0.87684355046, 0.11505112307],
      [0.074308500306, 0.038799930594, 0.79171644065, 0.048533318184, 0.046641810271],
      [0.080816553933, 0.71289702368, 0.027721653296, 0.16226084629, 0.016303922803],
      [0.048841875315, 0.063489816389, 0.0030918887825, 0.52448615051, 0.360090269]
    ],
    [
      [0.0004101588918, 0.005704150416, 0.0014791611498, 0.86677619709, 0.12563033245],
      [0.074733388302, 0.045262646373, 0.76263606345, 0.056927421874, 0.060440479999],
      [0.070893803796, 0.72135856345, 0.02331402215, 0.16600669221, 0.018426918396],
      [0.040671100504, 0.061293454768, 0.0024676685679, 0.50925003867, 0.38631773749]
    ],
    [
      [0.00028930029763, 0.0067235529484, 0.0017450569701, 0.84918997203, 0.14205211775],
      [0.046587908151, 0.04710665832, 0.79681927696, 0.049172774488, 0.060313382078],
      [0.045034823718, 0.7653296032, 0.024749759443, 0.14615207038, 0.01873374326],
      [0.027598624353, 0.069468146354, 0.0027991923878, 0.47941441988, 0.42071961703]
    ],
    [
      [0.00080587353198, 0.0053006548919, 0.0018482311262, 0.87990305682, 0.11214218363],
      [0.11643487398, 0.033157536506, 0.7626130985, 0.045363308849, 0.042431182162],
      [0.13466695204, 0.66020195218, 0.027981149625, 0.16138293939, 0.015767006758],
      [0.080015743453, 0.056911164955, 0.0030745541405, 0.51482409691, 0.34517444054]
    ],
    [
      [0.00058419481764, 0.0063877523961, 0.0016297226342, 0.87396947036, 0.1174288598],
      [0.095948580842, 0.045768811331, 0.75540395544, 0.051847388739, 0.051031263651],
      [0.090453621091, 0.7207887411, 0.023053241707, 0.15024345617, 0.015460939924],
      [0.057645197068, 0.068352185899, 0.0027087918361, 0.51158281931, 0.35971100589]
    ],
    [
      [0.00041696629585, 0.0054598745866, 0.0015534712099, 0.87839553971, 0.1141741482],
      [0.073626179275, 0.042004783209, 0.77522029891, 0.055900117157, 0.053248621452],
      [0.074189289246, 0.71018599316, 0.02521670142, 0.17316594105, 0.017242075118],
      [0.0426166183, 0.060483454499, 0.0026720935428, 0.53194560932, 0.36228222434]
    ],
    [
      [0.00041908808017, 0.0069420741172, 0.0011060965714, 0.88697126678, 0.10456147445],
      [0.094125497603, 0.067714893559, 0.70483745902, 0.071529864707, 0.061792285113],
      [0.062688547309, 0.76256614237, 0.015044878227, 0.14647536008, 0.013225072014],
      [0.043319182828, 0.077661203714, 0.0019200897903, 0.5420583213, 0.33504120237]
    ],
    [
      [0.00064270334636, 0.0053635869591, 0.0019744384326, 0.85732549009, 0.13469378117],
      [0.090415928578, 0.032771037626, 0.78428445328, 0.042888106289, 0.049640474223],
      [0.10795843121, 0.68530112206, 0.030099342777, 0.15761936616, 0.0190217378],
      [0.061125960948, 0.0553113878, 0.003150092012, 0.47992218536, 0.40049037388]
    ],
    [
      [0.00090421487662, 0.0082849014852, 0.0012546773292, 0.88690043253, 0.10265577378],
      [0.16718203331, 0.066584419257, 0.65731571099, 0.058931043765, 0.049986792674],
      [0.11063074709, 0.74487102097, 0.013969728884, 0.11989881488, 0.01062968818],
      [0.088197218663, 0.087503371847, 0.0020563095637, 0.51172803167, 0.31051506826]
    ],
    [
      [0.00037563762248, 0.0049003509374, 0.0013180575352, 0.83461293099, 0.15879302292],
      [0.074684154395, 0.042392327226, 0.74022930648, 0.059550216317, 0.083143995581],
      [0.072477603045, 0.70072496547, 0.023153462044, 0.17772441146, 0.025919557981],
      [0.03477816043, 0.049175167472, 0.0020511084339, 0.45685354599, 0.45714201768]
    ],
    [
      [0.00056658888273, 0.0076577098103, 0.0014463667577, 0.88208545969, 0.10824387486],
      [0.10145405758, 0.059888781924, 0.73015661326, 0.057138613078, 0.051361934158],
      [0.077234576659, 0.75846537226, 0.018035506428, 0.1336983243, 0.012566220353],
      [0.05654234117, 0.082909091171, 0.0024332900157, 0.52265110377, 0.33546417387]
    ],
    [
      [0.00031166757421, 0.0070612885487, 0.0014513228199, 0.90541789086, 0.085757830197],
      [0.058112370076, 0.056937220078, 0.78280940812, 0.060290779152, 0.041850222573],
      [0.046010876216, 0.77714616552, 0.019395747225, 0.14679714717, 0.010650063876],
      [0.034304291575, 0.083992172618, 0.0026744603587, 0.58735632972, 0.29167274572]
    ],
    [
      [0.00023327780614, 0.0097824146521, 0.0012693586973, 0.80217806978, 0.18653687906],
      [0.046373859025, 0.083799200278, 0.71762914932, 0.056066898404, 0.096130892975],
      [0.025766150392, 0.8485523756, 0.012608521269, 0.095931509566, 0.017141443169],
      [0.019745287758, 0.089550138516, 0.0017919969849, 0.39709752063, 0.49181505611]
    ],
    [
      [0.00039815074411, 0.0063584286319, 0.0016576177668, 0.88608007256, 0.1055057303],
      [0.066937435558, 0.046698782979, 0.78545420984, 0.053898652042, 0.047010919581],
      [0.063690237175, 0.74004759792, 0.024258771279, 0.15762785754, 0.014375536095],
      [0.041241280288, 0.071467946874, 0.0028947670971, 0.54499265274, 0.339403353]
    ],
    [
      [0.00052705120241, 0.005817050635, 0.0016425813402, 0.90735463418, 0.084658682642],
      [0.088202619187, 0.042289623243, 0.77786219015, 0.054397838959, 0.03724772846],
      [0.087174920903, 0.71094519308, 0.024700838314, 0.16535382917, 0.011825218529],
      [0.057440714759, 0.068645309118, 0.0030062504507, 0.5840743954, 0.28683333027]
    ],
    [
      [0.00042126445834, 0.0055784621778, 0.0014366005264, 0.84824514467, 0.14431852817],
      [0.077946557219, 0.045094494078, 0.74932640186, 0.05683313171, 0.070799415133],
      [0.07428406808, 0.71438779271, 0.023180024204, 0.1664613419, 0.0216867731],
      [0.039859580008, 0.05727210332, 0.0022919529077, 0.4767577678, 0.42381859596]
    ],
    [
      [0.00028222321946, 0.0047603518908, 0.0018894922104, 0.91949617326, 0.073571759422],
      [0.044374555297, 0.032413606427, 0.84164337799, 0.051327364668, 0.030241095614],
      [0.055572210446, 0.70071998904, 0.033702889606, 0.19784997871, 0.012154932194],
      [0.033075739382, 0.060345015445, 0.0037102289761, 0.63363367553, 0.26923534067]
    ]
  ],
  "expected_outcome": [
    [
      [0.011589890763, 0.11418102152, 0.381838371, 0.13983730792, 0.48900287483, 0.016284325683, 0.34787370123, 0.48261820945, 0.36660567931, 0.47453203386, 0.27162000782, 0.18422180651, 0.094227059697, 0.2684420401, 0.14861495008, 0.37147114283, 0.19767922831, 0.32164617386, 0.38592530194, 0.27726741086, 0.085054287503, 0.15553359167, 0.38790535892, 0.17679370944, 0.18020787447, 0.052058971055, 0.38248289281, 0.075878799741, 0.39944516232, 0.128095373, 0.016562724236, 0.28587223427, 0.10224793327, 0.75574843826, 0.023988973654],
      [0.27230794611, 0.77573537109, 4.8187169936, 1.0816551435, 6.8796723639, 0.3234432044, 4.1118244494, 4.7443102578, 3.5455890053, 6.2127349875, 3.4547743947, 1.9799510701, 0.79468841614, 3.5615037531, 1.092315913, 3.9371707549, 2.7205211743, 4.6776701437, 4.6293479268, 3.8560056812, 1.9767245668, 1.0230263941, 4.241467591, 2.3149868247, 2.9850918704, 0.43445054369, 3.5045133282, 0.98987088935, 5.3986854162, 2.9021895935, 0.6945514403, 4.5653517577, 1.1285078232, 10.0077611469, 0.40462991072],
      [0.051436261863, 0.43996651065, 1.263322981, 0.47583842338, 2.0971847385, 0.083376723351, 1.0318242326, 1.0121552855, 0.88200241034, 1.7521414569, 0.89945256771, 0.44305322137, 0.26609639557, 1.2609512421, 0.33411108215, 1.0458546444, 0.78313622873, 1.3733110049, 1.4527772962, 0.99991293729, 0.5130467492, 0.35670860735, 1.0821358291, 0.65867179302, 0.4756215257, 0.15992951304, 0.53072851026, 0.26624762211, 1.0196885642, 0.59649367898, 0.09012446751, 1.1901695565, 0.31866077999, 2.5772613444, 0.16060683788],
      [28.0692843555, 257.9260288168, 684.1949730769, 226.3506183827, 1053.9870862522, 46.7892935318, 613.9768273835, 601.7295680111, 463.689075457, 922.0361529713, 470.7912443107, 275.9384601939, 133.7631412403, 683.1380554143, 172.2526560498, 603.242510259, 415.750116541, 757.4927678483, 699.7211532638, 585.9407092337, 249.661851777, 169.8212899671, 580.3157283163, 372.4397088352, 381.3976447158, 69.4433646977, 375.1588829613, 168.5918120596, 621.8702490807, 372.1267531436, 56.9546429547, 636.205492095, 176.0267990311, 1521.7517895375, 78.1571747269],
      [7.5953815457, 34.7440882799, 106.3411485776, 22.9520507425, 113.5470537706, 9.7876022147, 77.5316502332, 70.0313482362, 70.516727448, 106.5244385505, 61.5829087191, 42.4543137081, 20.0818468882, 79.7710475504, 21.1723020049, 80.4029931988, 43.5485468277, 118.1346048293, 91.8107962112, 84.9261047369, 41.7633226195, 21.6434414397, 77.9727629047, 48.4098388376, 44.9614340136, 10.9101962745, 43.4233923074, 32.0761906292, 76.3119317766, 35.2464682109, 13.2441184133, 75.7531143565, 16.4237844325, 258.907439533, 6.2535995509]
    ],
    [
      [4.4410596237, 8.9229746819, 27.558967366, 1.6449076364, 58.5598453938, 3.33013277, 19.3446120307, 45.4949883542, 24.8465469733, 79.9960837858, 7.245135325, 10.9428018134, 21.7206293432, 6.8817685309, 6.9460826561, 74.6305425398, 7.4207955914, 24.0655871244, 6.9106905285, 7.6975389951, 3.6338568357, 4.4245252112, 19.8613562344, 9.4241509472, 6.0240318466, 7.3236902148, 12.5386524982, 7.9165203659, 43.2194285292, 1.3946968818, 1.5767112069, 34.9413413613, 6.8798042966, 40.5322097537, 2.4849750966],
      [4.5312803065, 2.6396956523, 15.1856471344, 0.54576527389, 36.0065227404, 2.8683933582, 9.9764178175, 19.529155349, 10.4852988322, 45.7766713114, 4.0087851833, 5.1194409904, 7.9903640427, 3.9774012403, 2.2168171184, 34.5671083194, 4.4484167579, 15.2839373097, 3.6083935452, 4.6620525764, 3.6743193489, 1.2599863872, 9.4741439454, 5.3766122508, 4.3337531878, 2.6544540477, 4.9938314443, 4.4935866859, 25.5126210995, 1.3664932819, 2.8491728094, 24.3767647152, 3.2985906129, 23.4491369206, 1.8151619599],
      [55.6394745713, 97.0367986203, 257.0729180668, 16.1709686418, 707.6625566375, 48.1921901409, 161.9331728913, 268.9799201428, 168.6691327336, 832.2933379173, 67.8982436988, 74.39564719, 172.9649614167, 91.422897397, 44.3517196729, 592.098698399, 83.1903289572, 289.727722039, 73.6296289801, 78.5515145355, 62.1519036032, 28.9792977431, 156.3686187755, 99.22819826, 45.1095973771, 63.5270407159, 49.2986783246, 78.464306487, 311.0467172489, 18.7874257949, 24.3993910768, 410.0070975362, 60.6732508317, 389.6497289674, 47.1320291677],
      [3.7845547516, 7.2447612059, 17.8554203192, 0.93961757805, 45.7095101531, 3.3824559855, 12.3354594011, 20.5100031559, 11.3511551098, 56.2990519121, 4.5179788214, 5.8938871431, 11.093181996, 6.3159451023, 2.8839234625, 43.8702907393, 5.6237840553, 20.5032818753, 4.5135985911, 5.8635244531, 3.8354764101, 1.7238057363, 10.732409469, 7.1552149962, 4.5779113413, 3.4739366094, 4.4198282824, 6.3123229296, 24.3410491711, 1.4469786997, 1.9062745457, 28.1350963658, 4.2430314388, 29.5532284891, 2.8743324214],
      [7.6036307469, 7.1557698396, 20.3270471137, 0.6987408699, 36.0615650752, 5.2268277454, 11.4103378593, 17.4859329982, 12.6478663511, 47.6348550733, 4.3298569715, 6.6482228632, 12.2308632015, 5.4019877294, 2.6014570902, 42.8333600025, 4.3166746381, 23.4194716516, 4.3376883552, 6.2253694399, 4.7044438021, 1.6123849222, 10.5634715757, 6.8158235459, 3.9547062472, 4.020878412, 3.7490094505, 8.8132635316, 21.8801839512, 1.0044053417, 3.2684503611, 24.5397000215, 2.9053228199, 36.8156958693, 1.6935013544]
    ],
    [
      [0.30751707408, 1.5262710038, 4.0028645118, 0.65392015819, 5.9787653222, 0.34191410667, 6.4022123948, 6.7919069408, 7.5258422965, 12.6602329995, 1.9560857214, 1.8143169246, 4.5701599816, 3.2400406011, 3.4932231286, 9.5885383374, 2.8666915679, 6.781047223, 2.0204138483, 2.9066459557, 2.071601891, 2.1546712327, 6.1508462342, 3.5610858838, 2.0060335139, 1.0795843121, 3.4295531599, 1.5220296639, 9.0364454691, 0.5981413908, 0.15459690235, 5.3499799227, 2.1793730226, 8.6912359654, 0.94472757758],
      [5.5923210971, 7.7344924006, 36.866009783, 3.9080425866, 61.1479994138, 5.2579260772, 55.1002352982, 48.6551621962, 53.0198491726, 120.2534687745, 18.3283549592, 14.4294427364, 28.2467663193, 31.4133780167, 18.9120866054, 73.8479194314, 28.8828905658, 71.6930656, 17.8224255921, 29.5757011014, 35.205161747, 10.5632312349, 49.0136343951, 34.0889276719, 24.4021165559, 6.8530112206, 23.09100165, 14.7152242748, 88.7404485543, 10.1029001517, 5.0913142536, 62.1639982249, 17.773629827, 83.5833717472, 11.9122398137],
      [0.12373608338, 0.53563347994, 1.2108344071, 0.19945204642, 2.3469361287, 0.15850453888, 1.7351826852, 1.3025024677, 1.6545041015, 4.2794696459, 0.58982190396, 0.39746352764, 1.1785223474, 1.3883327776, 0.71387609757, 2.4707956813, 1.0357756317, 2.6480469543, 0.69304133239, 0.95587490816, 1.1384889344, 0.44769839399, 1.5676204361, 1.2104016682, 0.48143610327, 0.30099342777, 0.4330615954, 0.48622270292, 2.1101542521, 0.25214471392, 0.075651127616, 2.0377367875, 0.61752095784, 2.7120628319, 0.57294912331],
      [0.80761261434, 3.8103522386, 7.9714175199, 1.1493098246, 14.3429776466, 1.0694802925, 12.5487400161, 9.4114943445, 10.5686794873, 27.3838719696, 3.7500491174, 3.0045882461, 7.1779436218, 9.1408350259, 4.4605082215, 17.3240764847, 6.6787472732, 17.7569810871, 4.0565211572, 6.8062743806, 6.7229952377, 2.5821270303, 10.2165550198, 8.3119651705, 4.6872115225, 1.5761936616, 3.7168632612, 3.7322126407, 15.6427039432, 1.9083629132, 0.57558905739, 13.240740033, 4.1338457293, 19.4759770029, 3.3634496381],
      [0.16881313108, 0.39325087703, 0.9488737782, 0.089275384144, 1.1833214886, 0.17217498473, 1.2136296057, 0.83893405089, 1.2311249421, 2.4229566105, 0.37568829808, 0.35418856525, 0.82660772998, 0.81741357878, 0.42030594691, 1.7686700652, 0.53589496148, 2.1208591356, 0.40759807007, 0.75550365422, 0.86175218995, 0.25227210813, 1.0513439149, 0.82761960568, 0.42320230444, 0.190217378, 0.32952033357, 0.54431071761, 1.4702477813, 0.13845083039, 0.10284865901, 1.207545032, 0.29563046323, 2.5373524527, 0.20663384729]
    ],
    [
      [0.31230987085, 1.4622455541, 5.896682334, 1.5223548346, 8.0924362181, 0.41117479936, 5.6789479811, 7.8520672536, 6.6811983669, 11.6677820177, 3.1437664561, 3.5120669555, 2.116753637, 3.2817414117, 3.892365048, 10.4495176329, 4.5301906909, 5.7784404569, 4.1027175264, 3.5790568444, 1.9319037047, 3.6807241988, 5.7645197068, 3.2388629908, 1.8627248616, 0.85576345327, 4.4980581518, 1.2867919359, 8.6509781989, 2.0582574945, 0.33566989188, 6.1037094826, 1.7806621575, 10.443209962, 0.52921183011],
      [0.79629053251, 1.0775589666, 8.0740730755, 1.2693953435, 12.3564616343, 0.8856120489, 7.2793342629, 8.3747006875, 7.0077246025, 16.5780870507, 4.3321336416, 4.0918347128, 1.9363533486, 4.7186498576, 3.0964378131, 12.0194253117, 6.7569751932, 9.1167789897, 5.3331445766, 5.3938240195, 4.8627702448, 2.6179135879, 6.8352185899, 4.5967425419, 3.3394317597, 0.7743594292, 4.4626719642, 1.8194811965, 12.6850909492, 5.0395303571, 1.5223523548, 10.5772561373, 2.1280045827, 15.00529107, 0.96552024713],
      [0.023236740456, 0.094726261961, 0.32878400387, 0.086203748294, 0.58530042728, 0.035263748506, 0.28376492085, 0.27754687536, 0.27079467843, 0.72663448037, 0.17498991281, 0.14201259137, 0.10066248841, 0.25940989668, 0.14692592433, 0.49613503759, 0.30197377367, 0.41587957328, 0.25971865773, 0.21715483397, 0.19594346714, 0.14142949046, 0.27087918361, 0.20307910925, 0.082563860982, 0.044101288168, 0.10487178775, 0.075891012054, 0.3722933724, 0.16046762152, 0.030463948744, 0.42842553037, 0.093193763973, 0.60049166183, 0.059363663618],
      [4.4308619805, 19.5431926852, 62.7155591088, 14.4263614096, 103.6197963862, 6.9332594322, 59.466914342, 58.1110402438, 50.1314481837, 134.6952826297, 32.2515422339, 31.1311927059, 17.7937462877, 49.4967423582, 26.6443853994, 100.7891457948, 56.4450214238, 80.7976566969, 44.0568366431, 44.814003403, 33.5590093915, 23.6819084579, 51.1582819308, 40.4278663081, 23.3085078159, 6.718910595, 26.098129615, 16.9035812015, 79.9656188773, 35.2413797835, 6.7506578508, 80.6589126054, 18.1063062575, 124.9105351638, 10.1381388084],
      [6.4373008757, 13.8222765322, 50.9849014778, 7.695684664, 58.3460053342, 7.7346899711, 39.2910384931, 35.3846449397, 39.9088341685, 81.3322138215, 22.0975677556, 25.1228930345, 14.0524842383, 30.2434564758, 17.2198858152, 70.2457762231, 30.9658389184, 65.8912442832, 30.2475825961, 33.9959608991, 29.4503731919, 15.8780242649, 35.9711005889, 27.53344905, 14.4067717018, 5.6068652344, 15.8362684812, 16.9142546541, 51.3260186021, 17.5003647434, 8.3608559538, 50.2316962443, 8.8918332383, 111.0404721424, 4.3077654507]
    ]
  ],
  "prob": [
    [0.00048541349168, 0.0060227485252, 0.0015956262582, 0.87537787249, 0.11651833924],
    [0.082682063032, 0.044861927855, 0.7656741048, 0.054085146959, 0.052696757355],
    [0.080061901096, 0.71848775717, 0.024109170974, 0.16093923725, 0.016401933514],
    [0.048603965512, 0.065453291067, 0.0026958674286, 0.52114500175, 0.36210187424]
  ],
  "iterations": 155,
  "time": 0.000259,
  "message": "Converged",
  "status": 0,
  "miniter": 0,
  "maxiter": 1000,
  "maxtime": 3600,
  "param_threshold": 0.001,
  "ll_threshold": "-Inf",
  "initial_prob": "random",
  "adjust_prob_cond_method": "",
  "adjust_prob_cond_every": true,
  "candidates_id": ["HINTON, Gordon John.c", "PALMER, Lindy Michelle.c", "AIONO, Fepulea'i Ulua'ipou-O-Malo.c", "HAWKINS, George Warren.c", "Other candidates votes.c"],
  "group_id": ["Labour Party.p", "National Party.p", "New Zealand First Party.p", "Other parties votes.p"]
}
