{
  "X": [
    [16, 40, 83, 304, 24, 21],
    [32, 85, 113, 387, 46, 22],
    [26, 55, 67, 378, 19, 21],
    [25, 22, 19, 137, 17, 10],
    [31, 62, 164, 315, 69, 15],
    [27, 49, 115, 280, 37, 25],
    [18, 63, 162, 288, 32, 29],
    [14, 54, 98, 150, 28, 15],
    [34, 96, 272, 518, 59, 36],
    [21, 47, 172, 277, 52, 33],
    [9, 48, 79, 151, 27, 11],
    [32, 51, 187, 204, 40, 28],
    [67, 187, 609, 968, 186, 86],
    [10, 27, 126, 145, 24, 14],
    [48, 137, 230, 768, 80, 47],
    [5, 25, 80, 127, 26, 8],
    [57, 63, 178, 347, 49, 18],
    [35, 83, 181, 322, 47, 20],
    [38, 106, 205, 565, 43, 42],
    [5, 16, 11, 127, 7, 8],
    [8, 19, 30, 69, 16, 6],
    [16, 46, 60, 216, 27, 11],
    [7, 20, 44, 264, 12, 16],
    [5, 7, 6, 83, 6, 9],
    [17, 44, 53, 319, 14, 18],
    [6, 7, 13, 105, 16, 8],
    [9, 20, 45, 204, 13, 11],
    [10, 46, 53, 320, 15, 16],
    [3, 29, 17, 71, 4, 2],
    [18, 46, 76, 220, 37, 19],
    [7, 18, 33, 223, 13, 14],
    [4, 27, 47, 128, 8, 13],
    [2, 9, 16, 73, 10, 7],
    [7, 44, 95, 249, 45, 15],
    [13, 51, 88, 236, 28, 10],
    [5, 13, 19, 90, 9, 8],
    [10, 46, 73, 193, 31, 11],
    [10, 59, 56, 141, 26, 11],
    [28, 72, 66, 347, 19, 15],
    [6, 10, 15, 62, 3, 4],
    [14, 39, 33, 147, 9, 9],
    [3, 10, 13, 29, 2, 1],
    [7, 9, 16, 61, 9, 6],
    [4, 2, 2, 74, 0, 5],
    [1, 4, 10, 51, 3, 3],
    [23, 107, 156, 285, 73, 35],
    [12, 49, 137, 151, 48, 23],
    [18, 76, 111, 264, 45, 20],
    [13, 25, 53, 129, 12, 15],
    [3, 3, 5, 31, 0, 1],
    [11, 24, 25, 182, 5, 8],
    [7, 38, 33, 89, 15, 5],
    [72, 153, 226, 840, 63, 58],
    [6, 24, 32, 119, 14, 9],
    [5, 7, 17, 104, 7, 10],
    [3, 12, 9, 51, 2, 3],
    [17, 40, 63, 331, 26, 26],
    [16, 41, 48, 223, 26, 15],
    [3, 2, 2, 30, 6, 4],
    [12, 34, 76, 161, 30, 16],
    [5, 36, 56, 123, 26, 10],
    [1, 31, 31, 173, 19, 15],
    [5, 14, 10, 66, 3, 13],
    [18, 39, 50, 140, 14, 9],
    [13, 36, 55, 154, 23, 12],
    [25, 30, 24, 139, 13, 8],
    [7, 27, 46, 149, 15, 14],
    [4, 12, 7, 36, 10, 4],
    [6, 11, 17, 123, 17, 8],
    [9, 8, 27, 114, 16, 5],
    [0, 3, 3, 16, 0, 1],
    [130, 464, 747, 2332, 266, 185],
    [9, 18, 32, 113, 15, 8],
    [9, 98, 133, 347, 49, 20],
    [61, 246, 315, 951, 75, 69],
    [1, 33, 28, 106, 5, 9]
  ],
  "W": [
    [45, 90, 323, 15, 15],
    [81, 129, 436, 20, 19],
    [56, 68, 406, 20, 16],
    [26, 24, 166, 5, 9],
    [48, 224, 341, 28, 15],
    [46, 161, 294, 15, 17],
    [84, 190, 292, 14, 12],
    [39, 126, 173, 14, 7],
    [111, 320, 540, 23, 21],
    [56, 209, 302, 18, 17],
    [39, 113, 157, 7, 9],
    [38, 232, 225, 32, 15],
    [204, 794, 970, 86, 49],
    [35, 150, 146, 8, 7],
    [114, 334, 787, 36, 39],
    [27, 96, 128, 12, 8],
    [52, 238, 379, 33, 10],
    [68, 241, 341, 18, 20],
    [93, 270, 584, 29, 23],
    [16, 14, 131, 3, 10],
    [24, 37, 77, 3, 7],
    [43, 73, 244, 9, 7],
    [24, 47, 282, 8, 2],
    [7, 6, 90, 3, 10],
    [43, 77, 313, 15, 17],
    [13, 17, 108, 4, 13],
    [23, 56, 196, 16, 11],
    [43, 59, 337, 16, 5],
    [30, 19, 71, 5, 1],
    [48, 113, 233, 15, 7],
    [24, 32, 229, 11, 12],
    [31, 51, 127, 12, 6],
    [6, 21, 84, 5, 1],
    [45, 120, 267, 16, 7],
    [50, 110, 255, 9, 2],
    [18, 24, 95, 4, 3],
    [55, 79, 214, 8, 8],
    [57, 71, 157, 9, 9],
    [74, 80, 374, 10, 9],
    [11, 12, 69, 3, 5],
    [37, 37, 172, 2, 3],
    [9, 13, 36, 0, 0],
    [15, 21, 59, 6, 7],
    [4, 3, 76, 2, 2],
    [4, 8, 54, 2, 4],
    [126, 197, 311, 27, 18],
    [57, 155, 167, 24, 17],
    [66, 173, 273, 16, 6],
    [26, 59, 147, 10, 5],
    [5, 6, 30, 2, 0],
    [26, 37, 180, 7, 5],
    [31, 58, 89, 3, 6],
    [174, 314, 876, 22, 26],
    [26, 39, 130, 6, 3],
    [10, 19, 115, 3, 3],
    [14, 11, 53, 1, 1],
    [36, 89, 346, 8, 24],
    [40, 64, 252, 7, 6],
    [3, 5, 35, 1, 3],
    [41, 89, 178, 11, 10],
    [35, 70, 140, 6, 5],
    [26, 40, 191, 7, 6],
    [11, 13, 81, 4, 2],
    [44, 53, 159, 4, 10],
    [37, 75, 163, 7, 11],
    [25, 37, 158, 5, 14],
    [31, 61, 158, 6, 2],
    [10, 15, 43, 2, 3],
    [6, 26, 141, 6, 3],
    [26, 33, 115, 2, 3],
    [1, 3, 16, 0, 3],
    [424, 974, 2458, 153, 115],
    [24, 40, 122, 5, 4],
    [85, 169, 377, 15, 10],
    [278, 347, 1002, 44, 46],
    [24, 36, 115, 2, 5]
  ],
  "method": "mult",
  "cond_prob": [
    [
      [0.0183456476, 0.60536307443, 0.1144830664, 0.18139092819, 0.04957615339, 0.030841129986],
      [0.026947431391, 0.045364907675, 0.73747742225, 0.042157139362, 0.13187344678, 0.016179652547],
      [0.032006368452, 0.024868740496, 0.02042615068, 0.87309936602, 0.015461950956, 0.034137423393],
      [0.033066538167, 0.026166648016, 0.31056473288, 0.27608623333, 0.17147754159, 0.18263830601],
      [0.12767479669, 0.016714470623, 0.014611756465, 0.39272513088, 0.15560597364, 0.2926678717]
    ],
    [
      [0.02256846265, 0.66691296155, 0.093415325116, 0.13980919551, 0.057230181148, 0.020063874025],
      [0.038221622827, 0.062285668628, 0.68103034814, 0.031876213004, 0.17444241609, 0.012143731309],
      [0.047788818789, 0.050080626061, 0.026339217274, 0.82481982415, 0.023777165139, 0.027194348591],
      [0.047897381765, 0.034621921096, 0.29175614242, 0.25637821708, 0.22994988809, 0.13939644955],
      [0.18144697649, 0.021979340869, 0.013759061842, 0.3586534746, 0.20502325734, 0.21913788886]
    ],
    [
      [0.023854368042, 0.64622690246, 0.10101398201, 0.16821969582, 0.036749738325, 0.023935313347],
      [0.039294079278, 0.056311791904, 0.73570680898, 0.044775145242, 0.10979204628, 0.01412012831],
      [0.044488817681, 0.034516927468, 0.0117021845, 0.87008597417, 0.011076858093, 0.028129238091],
      [0.049321608367, 0.032341474139, 0.31696859024, 0.29245977711, 0.14629999739, 0.16260855276],
      [0.18395411579, 0.020086848645, 0.014043455294, 0.40193038147, 0.12830944833, 0.25167575047]
    ],
    [
      [0.056099507981, 0.59975858156, 0.08129184092, 0.14737466913, 0.08713019885, 0.028345201563],
      [0.087105473346, 0.048518892345, 0.56682848226, 0.035499049127, 0.24597915665, 0.01606894627],
      [0.10982148592, 0.030137850309, 0.012913088695, 0.77689546906, 0.032871677461, 0.037360428546],
      [0.096165442644, 0.024723935104, 0.21322146813, 0.21721632924, 0.28957406106, 0.15909876381],
      [0.3044097284, 0.012813404042, 0.0080942775184, 0.2517279903, 0.21406070072, 0.20889389902]
    ],
    [
      [0.023593702589, 0.66116368537, 0.085666858256, 0.14862811237, 0.065761347554, 0.015186293857],
      [0.04071773552, 0.062749964594, 0.64831429897, 0.032469673124, 0.2065464549, 0.0092018728918],
      [0.048395702541, 0.043759772824, 0.020047216667, 0.84294170382, 0.025053766721, 0.019801837424],
      [0.05025211373, 0.034385841697, 0.2728687198, 0.26908779876, 0.267291679, 0.106113847],
      [0.1891157179, 0.021550995528, 0.012610853029, 0.37433763046, 0.23663653046, 0.16574827263]
    ],
    [
      [0.026533778226, 0.6359362902, 0.086065733001, 0.16853848636, 0.049879909321, 0.033045802892],
      [0.046627534742, 0.057577608174, 0.66483574361, 0.052857286326, 0.15686761612, 0.021234211036],
      [0.049342101925, 0.033138967521, 0, 0.86317125374, 0.013944522602, 0.040403154209],
      [0.0509289332, 0.029610670161, 0.25551051161, 0.27132460639, 0.18534513348, 0.20728014515],
      [0.17658242024, 0.017054072427, 0.0099861110214, 0.34676404897, 0.15117478407, 0.29843856327]
    ],
    [
      [0.018749336869, 0.59218733664, 0.11651184024, 0.18813156632, 0.042135888719, 0.042284031206],
      [0.027817350117, 0.039155426107, 0.75058342625, 0.04708437593, 0.11271513529, 0.022644286308],
      [0.031754292714, 0.018145618206, 0.018024809244, 0.87342273068, 0.012571857658, 0.046080691501],
      [0.031969347649, 0.024286255609, 0.29843785253, 0.27034207047, 0.13796784331, 0.23699663043],
      [0.11832790343, 0.014850388917, 0.013398349842, 0.36889088817, 0.12018144998, 0.36435101965]
    ],
    [
      [0.016919869545, 0.727483352, 0.078637244982, 0.11104528906, 0.041251967273, 0.024662277144],
      [0.034164218359, 0.092999334954, 0.68954222464, 0.01416207797, 0.15158763242, 0.017544511663],
      [0.042584550365, 0.07572241483, 0.023158200607, 0.79875195648, 0.019981842133, 0.039801035587],
      [0.041678337682, 0.044308146013, 0.2824623069, 0.24133672041, 0.19084986307, 0.19936462592],
      [0.15497280484, 0.027134465416, 0.012855162791, 0.3317156209, 0.16605354573, 0.30726840032]
    ],
    [
      [0.019755816953, 0.609025065, 0.11541998252, 0.18059745885, 0.045644389555, 0.029557287128],
      [0.029427788481, 0.044145073047, 0.74705544553, 0.040830210611, 0.12303235102, 0.01550913131],
      [0.034491581242, 0.024601634337, 0.023234434252, 0.87043762988, 0.014503309372, 0.032731410919],
      [0.036355976092, 0.027122648773, 0.31614670855, 0.28150957613, 0.16029200502, 0.17857308543],
      [0.13945574683, 0.017290045033, 0.014889075204, 0.3989035375, 0.14498177408, 0.28447982136]
    ],
    [
      [0.020942543063, 0.57493694672, 0.11881432776, 0.17483187698, 0.065464469874, 0.045009835604],
      [0.029311102823, 0.036830440923, 0.71813248601, 0.026581515858, 0.16605056366, 0.023093890716],
      [0.036515109811, 0.021492040767, 0.03321316711, 0.83402908886, 0.023777704145, 0.050972889311],
      [0.033138043987, 0.021725590705, 0.2777561416, 0.23755520263, 0.19684247319, 0.23298254788],
      [0.12218524375, 0.013194816851, 0.013336532486, 0.32359409371, 0.170905336, 0.35678397721]
    ],
    [
      [0.012502660308, 0.71053519746, 0.071009657293, 0.13813631721, 0.046364291565, 0.021451876166],
      [0.025552935516, 0.087674817582, 0.65553697279, 0.043037049708, 0.17271628803, 0.015481936374],
      [0.027945621263, 0.062761080763, 0.001282447153, 0.86169740259, 0.01560939688, 0.03070405135],
      [0.03005795766, 0.041384889892, 0.26442565251, 0.2794900812, 0.21495467798, 0.16968674077],
      [0.11411625475, 0.026521000362, 0.011402407738, 0.38961935965, 0.19105489173, 0.26728608577]
    ],
    [
      [0.029500465591, 0.66386420299, 0.096362439477, 0.13854833428, 0.038777647581, 0.032946910082],
      [0.050742270286, 0.062605301449, 0.72427183261, 0.020065201021, 0.12172007073, 0.020595323903],
      [0.062299494959, 0.043990351909, 0.025394443433, 0.80730972906, 0.015999953043, 0.045006027594],
      [0.060285335355, 0.033173849391, 0.29368501272, 0.24165943544, 0.15088554662, 0.22031082046],
      [0.21068390027, 0.019289199337, 0.013032796963, 0.31348304585, 0.12393773706, 0.31957332052]
    ],
    [
      [0.018626293626, 0.60406614574, 0.10254245381, 0.18358324198, 0.059034785046, 0.032147079791],
      [0.028874612705, 0.0452044175, 0.69460683632, 0.048289708477, 0.16503388395, 0.017990541049],
      [0.032322301228, 0.025622649352, 0.012541514665, 0.87616768496, 0.017378552909, 0.035967296891],
      [0.033191686326, 0.025927074777, 0.27661787424, 0.27559091165, 0.20174902639, 0.18692342662],
      [0.12380972239, 0.016214295338, 0.012430713722, 0.38007178155, 0.17780382463, 0.28966966237]
    ],
    [
      [0.018872739292, 0.5665001159, 0.12932259768, 0.19759282835, 0.048594064165, 0.039117654611],
      [0.025723415018, 0.029945591367, 0.76715734208, 0.038452727833, 0.12014296312, 0.018577960583],
      [0.030224672232, 0.016507253733, 0.026005529223, 0.87291445368, 0.014520494207, 0.039827596925],
      [0.030727299588, 0.021821022834, 0.31246928669, 0.27303276179, 0.15117134921, 0.21077827989],
      [0.11747447563, 0.013718572955, 0.014792315682, 0.38379564301, 0.13548576258, 0.33473323014]
    ],
    [
      [0.01782323576, 0.67490400583, 0.074552757274, 0.16449020918, 0.044949276744, 0.023280515207],
      [0.058252570066, 0.072020047217, 0.63406709172, 0.059665606085, 0.15965813515, 0.016336549757],
      [0.024776394855, 0.042970616356, 0, 0.89279652947, 0.010324341811, 0.029132117505],
      [0.03954846456, 0.03666207294, 0.25891729734, 0.30263998877, 0.1936269295, 0.16860524689],
      [0.14330833964, 0.022270201709, 0.010296264891, 0.4049716777, 0.16549073958, 0.25366277649]
    ],
    [
      [0.010282661799, 0.61873649032, 0.11113890209, 0.17432769201, 0.064450527591, 0.02106372619],
      [0.015277253723, 0.044461118746, 0.72232392372, 0.032290571605, 0.17528508881, 0.010362043402],
      [0.018546492793, 0.027687684885, 0.029874948543, 0.87812202509, 0.02223404998, 0.023534798705],
      [0.019446015974, 0.027493739566, 0.30852831254, 0.28015021029, 0.23178971348, 0.13259200815],
      [0.081056063096, 0.018987352706, 0.016227475327, 0.42897946327, 0.22562903382, 0.22912061178]
    ],
    [
      [0.042902667913, 0.64652272003, 0.089420334214, 0.15721873777, 0.045677109561, 0.018258430509],
      [0.073428735484, 0.058795207466, 0.67210014282, 0.043381471554, 0.14118659516, 0.011107847515],
      [0.082536951892, 0.037226298655, 0.01012679973, 0.83330410426, 0.014404794761, 0.022401050706],
      [0.090374820594, 0.033135127978, 0.28600202376, 0.27944866984, 0.18493471011, 0.12610464772],
      [0.30291483767, 0.018533276809, 0.011418474693, 0.34557737883, 0.14601180075, 0.17554423124]
    ],
    [
      [0.024220547215, 0.6870078169, 0.083747113707, 0.14537099724, 0.040590733813, 0.019062791132],
      [0.045190110152, 0.073621255368, 0.69060316985, 0.04058926348, 0.13752917082, 0.012467030324],
      [0.050880987975, 0.050912974669, 0.0097325375229, 0.84906794729, 0.013922192548, 0.025483359996],
      [0.05619078942, 0.03896505005, 0.29424453715, 0.28499264843, 0.180454862, 0.14515211296],
      [0.20501675668, 0.023902532218, 0.012731768456, 0.38353609959, 0.1549822379, 0.21983060515]
    ],
    [
      [0.019333732328, 0.66976891129, 0.084572901257, 0.16567849853, 0.031597038454, 0.029048918141],
      [0.049508919219, 0.068013572552, 0.6984665679, 0.056980440238, 0.10747363965, 0.01955686045],
      [0.031082235025, 0.040801356203, 0, 0.88431141458, 0.0078788707656, 0.035926123431],
      [0.041899840785, 0.035482602512, 0.2855438438, 0.29851409981, 0.13279770167, 0.20576191142],
      [0.15075800291, 0.02134083329, 0.011651103531, 0.39619155504, 0.1126608193, 0.30739768593]
    ],
    [
      [0.035752616576, 0.6611076719, 0.052755327525, 0.17564940958, 0.048352232891, 0.026382741534],
      [0.026075415127, 0.065023737658, 0.66585339963, 0.054976732717, 0.16998203593, 0.018088678944],
      [0.022293060558, 0.032191621286, 0, 0.9034958683, 0.011779841813, 0.030239608047],
      [0.028761073066, 0.032781612589, 0.24593663712, 0.30786903763, 0.19990811134, 0.18474352826],
      [0.10562281706, 0.019649769619, 0.0096157253475, 0.41383693291, 0.17037321593, 0.28090153913]
    ],
    [
      [0.028169595793, 0.6144298719, 0.10279307564, 0.14212967641, 0.085736320097, 0.026741460158],
      [0.042083241034, 0.045555098459, 0.64701747382, 0.021303368081, 0.22944940198, 0.014591416631],
      [0.056280072143, 0.030949453165, 0.035394677202, 0.80519515172, 0.037508370233, 0.034672275535],
      [0.049540667965, 0.025799343369, 0.25827966622, 0.22577491017, 0.2842473754, 0.15635803688],
      [0.18352317483, 0.015376929641, 0.013298644306, 0.30333024773, 0.24454483007, 0.23992617343]
    ],
    [
      [0.020943590744, 0.66867090569, 0.08782629663, 0.14049606441, 0.062451097358, 0.01961204517],
      [0.036210080634, 0.063270292276, 0.65990483969, 0.033508399736, 0.19496498903, 0.012141398633],
      [0.044581368178, 0.049864323117, 0.022445140735, 0.83073105173, 0.025596394294, 0.026781721949],
      [0.044393011539, 0.034390306932, 0.27609942094, 0.25643765059, 0.2520173321, 0.1366622779],
      [0.16838553894, 0.021716016636, 0.012700974279, 0.35803436752, 0.22406891678, 0.21509418584]
    ],
    [
      [0.01283184777, 0.55765393731, 0.1256181499, 0.21198501661, 0.050086014843, 0.041825033568],
      [0.017324742791, 0.038184571871, 0.75408356933, 0.047236190736, 0.12285861428, 0.020312310996],
      [0.01970620285, 0.016404062505, 0.010946487728, 0.89937399104, 0.012465057436, 0.041104198443],
      [0.020358040764, 0.021047913958, 0.30356945267, 0.28293421107, 0.15367215359, 0.21841822795],
      [0.0788796063, 0.013650844295, 0.013885741772, 0.40265973765, 0.13952867348, 0.35139539651]
    ],
    [
      [0.020079810694, 0.61074246075, 0.089148382002, 0.17386500248, 0.065659168369, 0.0405051757],
      [0.031144520253, 0.047059476113, 0.66817498743, 0.043274026998, 0.18764696293, 0.02270002628],
      [0.037040949819, 0.024856646631, 0.0061867609998, 0.86091196352, 0.021252886063, 0.049750792966],
      [0.034396061514, 0.023692031924, 0.23896933904, 0.25161559456, 0.2215226156, 0.22980435736],
      [0.12357005354, 0.013427162546, 0.0093194894322, 0.328637732, 0.18371764514, 0.34132791734]
    ],
    [
      [0.018862577786, 0.66261942626, 0.073481078602, 0.19160511924, 0.02856116313, 0.02487063498],
      [0.13882790574, 0.070409505731, 0.59408192786, 0.071745924299, 0.10693373734, 0.018000999032],
      [0.0075013794064, 0.029398260131, 0, 0.93383328465, 0.0028638598471, 0.026403215966],
      [0.042238703603, 0.035571188224, 0.26264131743, 0.3506279395, 0.12563443024, 0.183286421],
      [0.14809694735, 0.020624087361, 0.0091991419647, 0.4521945008, 0.1033569191, 0.26652840342]
    ],
    [
      [0.023491225716, 0.46469012323, 0.10673326677, 0.23071390771, 0.13890094532, 0.035470531258],
      [0.028092914424, 0.026250353138, 0.58177504286, 0.045383738259, 0.30296772301, 0.015530228303],
      [0.033696860207, 0.0034274433524, 0.0070731049991, 0.88712620767, 0.034663702713, 0.034012681057],
      [0.030053530622, 0.013497056043, 0.21066139218, 0.24924564823, 0.34700374351, 0.14953862941],
      [0.1121199612, 0.0068169452663, 0.0089039149762, 0.34019866368, 0.30093396558, 0.23102654929]
    ],
    [
      [0.017532260801, 0.59442180795, 0.1008674842, 0.21930075259, 0.042675855492, 0.025201838966],
      [0.073433288999, 0.046552736442, 0.67665148262, 0.066209110796, 0.12321466366, 0.013938717482],
      [0.013284795478, 0.015989506068, 0, 0.94210783698, 0.005779291389, 0.022838570085],
      [0.03269666983, 0.02569297366, 0.29112200555, 0.34002876844, 0.15496970637, 0.15548987615],
      [0.12341156243, 0.016028582588, 0.011782977085, 0.46861601298, 0.13692524949, 0.24323561543]
    ],
    [
      [0.01151722465, 0.66793490345, 0.090578722113, 0.16972619069, 0.035963453407, 0.024279505694],
      [0.020799167897, 0.063928280054, 0.73093249933, 0.050451955343, 0.11818019938, 0.015707897991],
      [0.021916082136, 0.038066825824, 0.0031501840085, 0.89774206009, 0.0099576306858, 0.029167217258],
      [0.025137747353, 0.035261961243, 0.30306438552, 0.31025900311, 0.15189755084, 0.17437935192],
      [0.097936959317, 0.022863789188, 0.013891061879, 0.44437802719, 0.13897147704, 0.28195868539]
    ],
    [
      [0.030909706822, 0.73552410459, 0.050310315766, 0.14830740912, 0.025214481461, 0.0097339822488],
      [0.025786525608, 0.086559675889, 0.72874633792, 0.049830440666, 0.10162984955, 0.007447170373],
      [0.017907909351, 0.070527426114, 0, 0.89212427602, 0.0064438581253, 0.01299653039],
      [0.034283739848, 0.049951970501, 0.3258840621, 0.34959217829, 0.14401701839, 0.096271030873],
      [0.13988454562, 0.032435913898, 0.015089796097, 0.51521486508, 0.13499939594, 0.16237548337]
    ],
    [
      [0.023443929155, 0.63604208487, 0.076346634764, 0.16426371865, 0.06647749412, 0.033426138443],
      [0.042275279206, 0.059672841111, 0.61000871411, 0.051106128519, 0.21495925409, 0.021977782972],
      [0.044505878396, 0.035089473458, 0, 0.85907738208, 0.019363928942, 0.041963337129],
      [0.043944601711, 0.028931424475, 0.22278888483, 0.25797859384, 0.24174433249, 0.20461216265],
      [0.15264945118, 0.016732885417, 0.0089347949969, 0.32937715014, 0.19724630567, 0.29505941259]
    ],
    [
      [0.013833345583, 0.55292143364, 0.12601555528, 0.21573781802, 0.058013236282, 0.033478611193],
      [0.018245836151, 0.036847322966, 0.74281944782, 0.047076557261, 0.13921800596, 0.015792829845],
      [0.020874363367, 0.013799190481, 0.011526575481, 0.9084049793, 0.013785598667, 0.031609292707],
      [0.022227347439, 0.020806164995, 0.3084296114, 0.29094721416, 0.18034062121, 0.1772490408],
      [0.088283576367, 0.013490735226, 0.014424402697, 0.4242235767, 0.16767143421, 0.29190627481]
    ],
    [
      [0.0095920752906, 0.64439270096, 0.10254814524, 0.17845471811, 0.027745515728, 0.037266844668],
      [0.016062072347, 0.054723679865, 0.77033677876, 0.05204024647, 0.084651658556, 0.022185564005],
      [0.017492160492, 0.029593357466, 0.0057477964813, 0.89643981411, 0.007714098815, 0.043012772632],
      [0.018848839401, 0.029963780695, 0.31008390199, 0.29186334294, 0.1059516368, 0.24328849817],
      [0.072631586835, 0.019166138428, 0.013809133971, 0.41060577683, 0.095257372485, 0.38852999145]
    ],
    [
      [0.0081468213967, 0.66312800772, 0.076656701707, 0.13867874645, 0.075219274675, 0.03817044805],
      [0.014589116528, 0.059664562975, 0.61847859974, 0.035690035961, 0.24669754202, 0.024880142772],
      [0.017979690735, 0.042958723992, 0.017208707487, 0.83348462549, 0.032750168004, 0.055618084296],
      [0.015339820504, 0.02846001064, 0.2193800392, 0.22075044508, 0.27571631922, 0.24035336536],
      [0.057754500252, 0.017443262691, 0.0095775703034, 0.30197599995, 0.238440261, 0.3748084058]
    ],
    [
      [0.0084658235512, 0.62689495452, 0.097244157488, 0.16332484929, 0.079450101792, 0.024620113357],
      [0.013269007544, 0.051241107467, 0.66198066476, 0.034140991718, 0.22556843209, 0.013799796427],
      [0.016221371723, 0.033933029998, 0.025527663956, 0.86409203801, 0.029981355171, 0.030244541147],
      [0.015692362222, 0.02802240624, 0.2673848399, 0.25857339324, 0.28043265189, 0.14989434651],
      [0.063510427046, 0.018902377335, 0.01318420396, 0.3862449052, 0.26636990114, 0.25178818533]
    ],
    [
      [0.016573159506, 0.66253805032, 0.092653000492, 0.15612758566, 0.053214847545, 0.018893356484],
      [0.028392192611, 0.061309246749, 0.69431807306, 0.039393227721, 0.16504048868, 0.011546771187],
      [0.033147552997, 0.042257697893, 0.016850744523, 0.86466402463, 0.01893545855, 0.024144521406],
      [0.035373132515, 0.034304101612, 0.29642262122, 0.2836277102, 0.21739585844, 0.13287657601],
      [0.13860831528, 0.022315232271, 0.013809247361, 0.40919499773, 0.19984960609, 0.21622260126]
    ],
    [
      [0.020960245096, 0.57990029975, 0.095804372393, 0.19037417281, 0.068773897549, 0.044187012396],
      [0.031802396402, 0.0424299638, 0.66096935213, 0.049442376102, 0.19098067285, 0.02437523872],
      [0.035428779649, 0.014940312226, 0.0045445909517, 0.87761514523, 0.018728920049, 0.048742251895],
      [0.033573066271, 0.021606726328, 0.23785875791, 0.2551684233, 0.21606876336, 0.23572426283],
      [0.11981058097, 0.012572968802, 0.009695224628, 0.33084512434, 0.1783370792, 0.34873902206]
    ],
    [
      [0.014931418609, 0.62438411452, 0.11386166689, 0.14866162704, 0.076050399739, 0.022110773196],
      [0.02181328095, 0.047666247727, 0.69616626735, 0.023932072595, 0.19899182695, 0.01143030443],
      [0.02955329471, 0.035130355625, 0.043088963135, 0.83190229944, 0.03251580674, 0.02780928035],
      [0.027789539262, 0.027958718665, 0.29936870527, 0.24483150978, 0.26421281074, 0.13583871628],
      [0.11360017493, 0.018959284749, 0.015560680897, 0.36840407739, 0.25309856965, 0.23037721238]
    ],
    [
      [0.014992260246, 0.71044562435, 0.078875743753, 0.11599294613, 0.058552335315, 0.021141090208],
      [0.028993141108, 0.083349721907, 0.64854648718, 0.023374590594, 0.20131271491, 0.0144233443],
      [0.035476330111, 0.076364921915, 0.018917469712, 0.81142085078, 0.025848294157, 0.031972133328],
      [0.034949295272, 0.040296854117, 0.26400815085, 0.24649912003, 0.25294099262, 0.16130558711],
      [0.13362229582, 0.026089414352, 0.012351768178, 0.34636005402, 0.22607366803, 0.2555027996]
    ],
    [
      [0.026617031388, 0.67450658559, 0.083574304636, 0.16005052043, 0.035764281137, 0.019487276819],
      [0.049633537501, 0.067571758669, 0.69945680824, 0.048832199749, 0.1214647976, 0.013040898241],
      [0.052152321121, 0.043066545084, 0.0021645509262, 0.86791693686, 0.010339241621, 0.024360404387],
      [0.060635096532, 0.037363061472, 0.29389555927, 0.30448159442, 0.15777601441, 0.14584867389],
      [0.21648195694, 0.022250388466, 0.012273239851, 0.40043724209, 0.13240254194, 0.21615463071]
    ],
    [
      [0.028671070434, 0.63720080615, 0.12943289234, 0.15130349235, 0.030726927355, 0.022664811375],
      [0.039295038202, 0.043683751554, 0.79909196636, 0.030038513266, 0.076927490861, 0.010963239755],
      [0.056492531045, 0.03311901604, 0.039681181707, 0.8310056138, 0.012150456094, 0.027551201318],
      [0.057196314377, 0.029089373675, 0.38431337873, 0.25801594817, 0.11874126452, 0.15264372052],
      [0.22870083631, 0.018821177167, 0.019238582799, 0.37235284571, 0.10885372895, 0.25203282906]
    ],
    [
      [0.027017113818, 0.69538688544, 0.086866889437, 0.12965967076, 0.035877820676, 0.025191619873],
      [0.050029107904, 0.070667423116, 0.7074912116, 0.035093700611, 0.11999408593, 0.016724470842],
      [0.060273921349, 0.061117223146, 0.017314861223, 0.81037883759, 0.014705170151, 0.03620998654],
      [0.061715064578, 0.038060039432, 0.29657029618, 0.25710350455, 0.15667824708, 0.18987284818],
      [0.21958173171, 0.022569374507, 0.012484512971, 0.33491939487, 0.13003123182, 0.28041375412]
    ],
    [
      [0.02438003483, 0.72590635825, 0.1059836764, 0.10190954719, 0.02850696516, 0.01331341816],
      [0.041992086278, 0.06856566693, 0.782462314, 0.009970393843, 0.088984482598, 0.0080250563547],
      [0.062074515692, 0.071541364045, 0.052059356401, 0.77647774876, 0.016295528883, 0.021551486221],
      [0.063363711134, 0.041601338597, 0.3801562296, 0.25251149406, 0.13974348075, 0.12262374586],
      [0.25841154109, 0.02684286156, 0.01710917514, 0.36178593728, 0.12640632446, 0.20944416046]
    ],
    [
      [0.038282962555, 0.54149560695, 0.094909201255, 0.21429052147, 0.075351243855, 0.035670463917],
      [0.066087371821, 0.032280964331, 0.6247680357, 0.058541669028, 0.19917687824, 0.019145080883],
      [0.055439919296, 0.00057611811346, 0, 0.88995947654, 0.017401208917, 0.036623277134],
      [0.059120751861, 0.017710362011, 0.23363795192, 0.27584876724, 0.2310110187, 0.18267114826],
      [0.20174871483, 0.0084875005746, 0.0077722171342, 0.34193791559, 0.18203992299, 0.25801372889]
    ],
    [
      [0.13654846216, 0.46268606811, 0, 0.33104692389, 0, 0.069718545835],
      [0.30840036239, 0.03608273013, 0.52795242469, 0.08690317776, 0, 0.040661305024],
      [0.027066453262, 0, 0, 0.93174531421, 0, 0.041188232524],
      [0.06014219845, 0.014038736359, 0.20218869817, 0.39100821365, 0, 0.33262215337],
      [0.1756351097, 0.0064650322215, 0.0058826647889, 0.41022123177, 0, 0.40179596152]
    ],
    [
      [0.0069123168867, 0.59926943837, 0.14229537464, 0.17805500917, 0.048625239877, 0.024842621057],
      [0.0082666297936, 0.033220023912, 0.80811555838, 0.031884889594, 0.10827498109, 0.010237917229],
      [0.01212522036, 0.02270215913, 0.039140380502, 0.88415242822, 0.016395221315, 0.025484590474],
      [0.012180941256, 0.022454262258, 0.38298548885, 0.26400015412, 0.16940749206, 0.14897166146],
      [0.056773478035, 0.016584234423, 0.021585627401, 0.44011735362, 0.17878556415, 0.28615374236]
    ],
    [
      [0.018120729867, 0.6420643463, 0.09534770087, 0.13471209689, 0.074473239088, 0.035281886989],
      [0.029812395541, 0.058348750823, 0.65187702044, 0.020800447036, 0.21776591862, 0.021395467537],
      [0.037728419303, 0.043400494231, 0.027739529786, 0.81140381466, 0.031796257722, 0.047931484298],
      [0.03333972586, 0.029097127866, 0.24913168358, 0.22451103663, 0.25417919582, 0.20974123025],
      [0.12277972854, 0.017889572, 0.011825969056, 0.30667796544, 0.22027841489, 0.32054835007]
    ],
    [
      [0.015272266869, 0.62286161383, 0.12225797715, 0.13330298396, 0.071328968368, 0.034976189821],
      [0.015640103095, 0.044260874208, 0.73391155096, 0, 0.18824564775, 0.017941823993],
      [0.037394607823, 0.034253272307, 0.052977811404, 0.79582410056, 0.033333839089, 0.046216368819],
      [0.027099078791, 0.026118827532, 0.2970262099, 0.21460186234, 0.23180809687, 0.20334592457],
      [0.10646984772, 0.017017892551, 0.017593021276, 0.31462708384, 0.21329576174, 0.33099639287]
    ],
    [
      [0.016605083821, 0.69236588774, 0.063657426466, 0.14999555332, 0.050839637384, 0.026536411271],
      [0.051271159485, 0.083563518441, 0.59569329286, 0.056865767225, 0.19253516673, 0.020071095265],
      [0.02433949024, 0.055320745719, 0, 0.87048300172, 0.013356489835, 0.036500272489],
      [0.037196399287, 0.038130597588, 0.23046481578, 0.27759887381, 0.22308057751, 0.19352873602],
      [0.13238844212, 0.022451596016, 0.0093721894425, 0.36317905027, 0.18673152058, 0.28587720157]
    ],
    [
      [0.028275062142, 0.63343998234, 0.10613878883, 0.15012111576, 0.039578493412, 0.042446557516],
      [0.044893447538, 0.051944294465, 0.73331508525, 0.031621169169, 0.11361697323, 0.024609030342],
      [0.055717337044, 0.034746453598, 0.027309774013, 0.81188919787, 0.01574381616, 0.054593421311],
      [0.051793801964, 0.027750548035, 0.28980522559, 0.23615374586, 0.13860613916, 0.2558905394],
      [0.18154968289, 0.016122585301, 0.012442484951, 0.30439049263, 0.11343107669, 0.37206367754]
    ],
    [
      [0.050076848713, 0.58406365308, 0.10050717241, 0.24389747809, 0, 0.021454847708],
      [0.27267113656, 0.0056049332609, 0.63956852533, 0.070569940585, 0, 0.011585464262],
      [0.03048014165, 0, 0, 0.95235795172, 0, 0.017161906633],
      [0.099592343785, 0.023026067521, 0.33002649298, 0.39317720726, 0, 0.15417788846],
      [0.32646519641, 0.01265421804, 0.011563303239, 0.44030086399, 0, 0.20901641832]
    ],
    [
      [0.024443861544, 0.65537468051, 0.073051030726, 0.20189123091, 0.021798362871, 0.023440833435],
      [0.18455795817, 0.068650312924, 0.57264858135, 0.074265967514, 0.08273459057, 0.017142589467],
      [0.012299515766, 0.022650269985, 0, 0.93949601904, 0.0016845060753, 0.023869689136],
      [0.055159844252, 0.035013263037, 0.26632164784, 0.37072188984, 0.097523833443, 0.17525952158],
      [0.18715667996, 0.019611057985, 0.0096848312491, 0.45973010853, 0.077236957317, 0.24658036497]
    ],
    [
      [0.01542208834, 0.74969015253, 0.042160913446, 0.13664211429, 0.040714433666, 0.015370297722],
      [0.079335958088, 0.11833506814, 0.53409549393, 0.060995205368, 0.19370468052, 0.013533593953],
      [0.0095786418692, 0.084964247902, 0, 0.87535119471, 0.0070998729955, 0.02300604252],
      [0.043615929052, 0.049654172682, 0.2241769821, 0.30612195212, 0.23439452491, 0.14203643913],
      [0.15618046314, 0.03089845632, 0.0071570148406, 0.40029172662, 0.19465146913, 0.21082086995]
    ],
    [
      [0.028964358845, 0.62995953131, 0.084528461829, 0.18247566276, 0.040942820585, 0.033129164672],
      [0.075655158379, 0.057699190348, 0.6539248019, 0.05959009929, 0.13184397373, 0.021286776352],
      [0.042267706352, 0.027597461542, 0, 0.88316157886, 0.0089618286303, 0.038011424613],
      [0.056085414818, 0.029844995849, 0.25910501794, 0.29109649284, 0.15481817865, 0.2090498999],
      [0.19015738228, 0.016828060128, 0.0099749788805, 0.36477990678, 0.123860756, 0.29439891593]
    ],
    [
      [0.015737929187, 0.64307543673, 0.090373226986, 0.1561878702, 0.062838856279, 0.031786680616],
      [0.026304565055, 0.05628041784, 0.66784490346, 0.039836840656, 0.19054633659, 0.019186936404],
      [0.031148696449, 0.037349449987, 0.015510072687, 0.85254583104, 0.022720443655, 0.040725506185],
      [0.029869996291, 0.029222722808, 0.2589269907, 0.25244479217, 0.22983445003, 0.199701048],
      [0.11212842932, 0.018112504752, 0.011491156654, 0.34661726703, 0.2007394115, 0.31091123074]
    ],
    [
      [0.02226211641, 0.50803206435, 0.12570283882, 0.21153429562, 0.071619990135, 0.060848694661],
      [0.027690948351, 0.030513134504, 0.70876745284, 0.04267761293, 0.1629572576, 0.02739359378],
      [0.033393418254, 0.011007169367, 0.012794376007, 0.86452926594, 0.018761459255, 0.059514311174],
      [0.029796429553, 0.015593168028, 0.25757891858, 0.23856748156, 0.18736933104, 0.27109467123],
      [0.10720614311, 0.009108606547, 0.010766670461, 0.31240478997, 0.15597879895, 0.40453499096]
    ],
    [
      [0.049719851677, 0.67508676005, 0.049481056279, 0.17034323243, 0.026801134727, 0.028567964837],
      [0.038627832179, 0.064324937599, 0.72862605946, 0.054023156599, 0.095081499302, 0.019316514866],
      [0.031565019248, 0.033716160903, 0, 0.89291306947, 0.0068578888553, 0.034947861524],
      [0.044899176363, 0.034391353414, 0.28135993055, 0.30526448776, 0.11892362739, 0.21516142452],
      [0.16117072604, 0.019863164445, 0.011018627525, 0.39128285374, 0.096495884778, 0.32016874347]
    ],
    [
      [0.016869264716, 0.63982556045, 0.083037638892, 0.17670075449, 0.050246879562, 0.033319901896],
      [0.049363621568, 0.060264252627, 0.64926332811, 0.055312610874, 0.16409722412, 0.021698962697],
      [0.025768362598, 0.031604606245, 0, 0.89102950516, 0.012278186824, 0.03931933917],
      [0.032765585685, 0.030050283035, 0.24930290538, 0.28695225151, 0.18911585034, 0.21181312406],
      [0.11755691693, 0.017798554795, 0.0096577314607, 0.38017181966, 0.15938666437, 0.31542831277]
    ],
    [
      [0.022174606504, 0.65057031365, 0.080707799382, 0.14913790818, 0.068398295136, 0.029011077144],
      [0.038860135099, 0.061100278329, 0.6243953711, 0.04011480605, 0.21712605041, 0.018403359009],
      [0.045218981277, 0.04262688556, 0.012236436169, 0.836442823, 0.024940144915, 0.038534729075],
      [0.043155108083, 0.030695693714, 0.23798524744, 0.24698192141, 0.25596810487, 0.18521392448],
      [0.15478300919, 0.018320770609, 0.010150937911, 0.32577853983, 0.21521795258, 0.27574878988]
    ],
    [
      [0.035427794936, 0.50940285233, 0.04971955611, 0.18017485378, 0.16817461882, 0.057100324023],
      [0.07847103448, 0.031850703278, 0.34903199982, 0.041735713102, 0.4676759612, 0.031234588112],
      [0.057973390313, 0.0080992033061, 0, 0.81183114572, 0.051828849599, 0.070267411059],
      [0.043371865002, 0.012374729703, 0.097556512515, 0.18688810704, 0.42073219086, 0.23907659489],
      [0.14297363895, 0.005563693731, 0.0027082733457, 0.21660622193, 0.30745147023, 0.32469670181]
    ],
    [
      [0.020279592776, 0.60390546965, 0.11137055162, 0.15663932941, 0.072763785979, 0.035041270566],
      [0.02960829685, 0.043509831929, 0.69236999735, 0.024406887028, 0.19150876958, 0.018596217262],
      [0.038454160108, 0.027769770492, 0.037306343377, 0.82353539331, 0.02986097123, 0.043073361486],
      [0.034639955922, 0.02464319183, 0.27595717417, 0.23352494783, 0.23465550581, 0.19657922442],
      [0.13075182621, 0.015340644513, 0.013681958283, 0.32475001136, 0.20759408389, 0.30788147573]
    ],
    [
      [0.0096240383873, 0.67123507755, 0.091781808819, 0.12763921003, 0.072932532741, 0.026787332472],
      [0.016401714867, 0.065110137444, 0.66121349373, 0.017410582209, 0.22362317214, 0.016240899601],
      [0.021510509043, 0.054604046942, 0.034697485445, 0.81596394193, 0.03478480839, 0.038439208249],
      [0.019446904742, 0.032728555761, 0.26324296808, 0.23134358385, 0.27472352034, 0.17851446723],
      [0.077377184254, 0.021624951618, 0.013117271825, 0.3381747042, 0.25510500147, 0.29460088663]
    ],
    [
      [0.001713575693, 0.68197388715, 0.074606153759, 0.14161489408, 0.065938394437, 0.034153094881],
      [0.0032692645231, 0.070010268589, 0.63362470409, 0.041225051577, 0.22833682866, 0.023533882559],
      [0.0037633632346, 0.052897954176, 0.010660962723, 0.85785464734, 0.025816920958, 0.049006151574],
      [0.0034879445536, 0.033518583324, 0.230779811, 0.24526581166, 0.25858520645, 0.22836264302],
      [0.01357641023, 0.021688143277, 0.010591546961, 0.35031872804, 0.23516670834, 0.36865846315]
    ],
    [
      [0.019559551596, 0.70963451277, 0.061879827137, 0.11785224908, 0.025075392981, 0.065998466435],
      [0.056532546081, 0.084550618126, 0.65624475428, 0.042031431124, 0.105888414, 0.054752236383],
      [0.045082697254, 0.06083658887, 0, 0.77662217257, 0.010048867199, 0.1074096741],
      [0.038981992745, 0.033326223642, 0.19372120357, 0.200108541, 0.098348295523, 0.43551374352],
      [0.12114769242, 0.016896865407, 0.0066276407716, 0.2251932565, 0.070134934993, 0.5599996099]
    ],
    [
      [0.033358242187, 0.65348765039, 0.1081801158, 0.1380386191, 0.045209145978, 0.02172622654],
      [0.052712841935, 0.05566499917, 0.72393925849, 0.027516910317, 0.12791962392, 0.012246366166],
      [0.068823413116, 0.043818893202, 0.03418444591, 0.80553836508, 0.019024508547, 0.02861037414],
      [0.069001498053, 0.032569155483, 0.32112956412, 0.25274408719, 0.17588221353, 0.14867348161],
      [0.25195280435, 0.019881778569, 0.015144904854, 0.33763281155, 0.15026317961, 0.22512452107]
    ],
    [
      [0.02206768331, 0.65512603716, 0.082525171707, 0.15566466879, 0.058044340623, 0.026572098409],
      [0.039164580525, 0.062297741001, 0.65078026104, 0.04390655228, 0.18674736645, 0.017103498705],
      [0.043946238677, 0.040806813835, 0.0075681261997, 0.85401454369, 0.019367958919, 0.034296318676],
      [0.044524035322, 0.032020851807, 0.2551696011, 0.26581354288, 0.2261692493, 0.17630271959],
      [0.16102245695, 0.019304493843, 0.010750662812, 0.3529409465, 0.19146771492, 0.26451372497]
    ],
    [
      [0.043563152346, 0.70185765796, 0.060096234472, 0.1332465439, 0.044202455152, 0.017033956162],
      [0.11188255659, 0.081399802612, 0.57403713693, 0.045970638622, 0.17342501831, 0.013284846928],
      [0.092555695863, 0.056493810412, 0, 0.81147405493, 0.0144764537, 0.024999985095],
      [0.10616093187, 0.041352664954, 0.23109312995, 0.27474429611, 0.21062155946, 0.13602741766],
      [0.32976157083, 0.0220700346, 0.0073396015652, 0.31295004385, 0.1527018187, 0.17517693046]
    ],
    [
      [0.015793639464, 0.62086689786, 0.08978006417, 0.17589301912, 0.052072359985, 0.045594019406],
      [0.02665697716, 0.052992126197, 0.68044927035, 0.052077136601, 0.15980876494, 0.028015724748],
      [0.028606941544, 0.027422087185, 0.0013867833043, 0.87435875492, 0.014375501725, 0.05384993132],
      [0.027779737818, 0.026160812632, 0.24499026407, 0.25822525651, 0.17827864826, 0.26456528072],
      [0.098873189468, 0.015475908594, 0.010179586399, 0.33628812909, 0.14821050846, 0.39097267799]
    ],
    [
      [0.021918638395, 0.71592809787, 0.038964683884, 0.10495728262, 0.090098644406, 0.028132652825],
      [0.054478853459, 0.090538154639, 0.42179292268, 0.031145952472, 0.37830979639, 0.023734320357],
      [0.055633881223, 0.077848012311, 0, 0.7755913944, 0.041548400162, 0.049378311905],
      [0.04698622086, 0.036209980199, 0.13479782538, 0.2013110952, 0.38069537766, 0.1999995007],
      [0.15913382661, 0.020920737325, 0.0046212234068, 0.24339524572, 0.29213154925, 0.27979741769]
    ],
    [
      [0.01586758544, 0.64256147626, 0.067712792901, 0.14810406261, 0.097380745791, 0.028373337001],
      [0.028152425954, 0.057890511956, 0.53971454352, 0.040681055502, 0.31526849966, 0.018292963406],
      [0.033161141746, 0.03847573765, 0.0098825300116, 0.84217226337, 0.037121931922, 0.039186395297],
      [0.029273772585, 0.027449991112, 0.19053751552, 0.23042757598, 0.34902038938, 0.17329075542],
      [0.1071559303, 0.016566292097, 0.0081610954403, 0.30827119656, 0.29680659891, 0.26303888668]
    ],
    [
      [0.092416704008, 0.30638659806, 0.14677569636, 0.28136718566, 0.13884367439, 0.034210141522],
      [0.053408457121, 0, 0.63776996119, 0.049780860406, 0.24712225552, 0.011918465759],
      [0.036522851738, 0, 0.013966270194, 0.89970923407, 0.024798526391, 0.025003117604],
      [0.048683244714, 0.0092141021249, 0.24943964957, 0.26143365055, 0.30327335689, 0.12795599615],
      [0.17906405717, 0.0051734153878, 0.010807601262, 0.35075185337, 0.25888426162, 0.1953188112]
    ],
    [
