{
  "X": [
    [4, 64, 67, 12, 10],
    [42, 644, 265, 122, 39],
    [0, 6, 1, 1, 2],
    [1, 43, 63, 12, 4],
    [238, 1676, 1895, 344, 144],
    [300, 1221, 3395, 322, 170],
    [5, 33, 117, 8, 7],
    [10, 22, 29, 2, 6],
    [61, 815, 859, 175, 48],
    [12, 58, 74, 13, 9],
    [27, 107, 137, 17, 12],
    [5, 54, 109, 16, 4],
    [19, 62, 34, 8, 9],
    [15, 80, 213, 21, 11],
    [10, 82, 253, 27, 12],
    [7, 18, 10, 1, 1],
    [7, 75, 171, 27, 19],
    [2, 57, 51, 12, 2],
    [28, 342, 244, 73, 44],
    [28, 195, 163, 28, 20],
    [1, 11, 58, 4, 2],
    [4, 14, 83, 5, 9],
    [11, 46, 136, 19, 9],
    [2, 126, 18, 13, 13],
    [7, 49, 55, 14, 6],
    [40, 329, 355, 81, 42],
    [6, 22, 85, 8, 4],
    [9, 223, 100, 54, 22],
    [5, 130, 36, 16, 11],
    [0, 62, 7, 8, 3],
    [10, 178, 66, 41, 14],
    [27, 331, 527, 79, 25],
    [31, 252, 289, 81, 28],
    [59, 202, 222, 40, 32],
    [19, 152, 432, 50, 19],
    [39, 199, 502, 46, 21],
    [94, 247, 728, 61, 57],
    [30, 187, 324, 63, 35],
    [25, 108, 258, 27, 8],
    [8, 6, 53, 7, 4],
    [17, 192, 180, 48, 19],
    [51, 291, 372, 80, 40],
    [4, 29, 90, 13, 5],
    [15, 50, 232, 23, 11],
    [15, 129, 167, 45, 13],
    [33, 393, 281, 93, 36],
    [1, 22, 19, 2, 4],
    [9, 55, 86, 19, 7],
    [1, 2, 23, 0, 0],
    [9, 36, 104, 16, 4],
    [15, 104, 155, 34, 13],
    [0, 39, 85, 14, 9],
    [4, 39, 132, 24, 6],
    [13, 110, 99, 21, 10],
    [5, 59, 100, 25, 13],
    [22, 242, 401, 47, 25],
    [6, 16, 82, 11, 3],
    [10, 21, 120, 15, 11],
    [12, 37, 198, 28, 8],
    [7, 20, 56, 8, 3],
    [4, 10, 51, 4, 2],
    [1, 13, 77, 8, 3],
    [13, 151, 153, 21, 10],
    [28, 302, 386, 77, 30],
    [4, 31, 80, 10, 3],
    [2, 7, 32, 5, 2],
    [5, 3, 24, 3, 0],
    [1, 8, 32, 0, 1],
    [2, 11, 21, 2, 4],
    [27, 112, 156, 26, 14],
    [9, 39, 121, 21, 4],
    [7, 51, 185, 19, 6],
    [14, 50, 131, 12, 6],
    [11, 37, 67, 6, 2],
    [6, 25, 57, 13, 6],
    [0, 8, 26, 1, 4],
    [0, 3, 12, 1, 1],
    [2, 12, 62, 7, 3],
    [0, 1, 51, 10, 3],
    [97, 201, 317, 26, 52],
    [133, 823, 783, 110, 100],
    [108, 658, 759, 117, 97],
    [0, 2, 0, 1, 1]
  ],
  "W": [
    [5, 8, 66, 68, 10],
    [44, 74, 702, 262, 30],
    [0, 0, 6, 4, 0],
    [3, 8, 57, 51, 4],
    [191, 219, 1989, 1813, 85],
    [252, 179, 1678, 3197, 102],
    [3, 7, 42, 109, 9],
    [10, 0, 19, 38, 2],
    [56, 114, 950, 811, 27],
    [15, 7, 74, 69, 1],
    [16, 9, 138, 136, 1],
    [3, 7, 72, 101, 5],
    [28, 6, 65, 30, 3],
    [8, 16, 99, 208, 9],
    [14, 21, 96, 247, 6],
    [6, 0, 16, 15, 0],
    [2, 22, 92, 170, 13],
    [9, 11, 57, 47, 0],
    [39, 59, 385, 225, 23],
    [28, 17, 213, 162, 14],
    [2, 4, 8, 60, 2],
    [5, 4, 19, 86, 1],
    [15, 15, 49, 139, 3],
    [2, 12, 128, 26, 4],
    [4, 9, 59, 55, 4],
    [54, 62, 388, 328, 15],
    [10, 5, 25, 81, 4],
    [9, 47, 233, 108, 11],
    [6, 17, 138, 34, 3],
    [0, 7, 61, 11, 1],
    [16, 31, 181, 68, 13],
    [30, 46, 384, 504, 25],
    [24, 40, 307, 297, 13],
    [55, 33, 266, 191, 10],
    [29, 25, 217, 384, 17],
    [43, 35, 277, 443, 9],
    [84, 34, 357, 685, 27],
    [41, 33, 247, 304, 14],
    [31, 10, 128, 248, 9],
    [8, 5, 17, 47, 1],
    [24, 40, 221, 166, 5],
    [30, 56, 370, 363, 15],
    [2, 4, 48, 84, 3],
    [17, 11, 68, 234, 1],
    [14, 36, 149, 161, 9],
    [39, 63, 468, 246, 20],
    [7, 2, 19, 18, 2],
    [6, 12, 63, 94, 1],
    [1, 1, 3, 21, 0],
    [10, 10, 36, 110, 3],
    [20, 24, 113, 161, 3],
    [2, 6, 49, 85, 5],
    [5, 17, 56, 119, 8],
    [15, 13, 117, 104, 4],
    [10, 22, 73, 86, 11],
    [30, 24, 288, 384, 11],
    [2, 2, 30, 82, 2],
    [7, 9, 42, 117, 2],
    [8, 9, 60, 202, 4],
    [6, 4, 23, 60, 1],
    [1, 4, 17, 49, 0],
    [4, 6, 16, 74, 2],
    [13, 18, 174, 139, 4],
    [26, 57, 368, 359, 13],
    [6, 4, 34, 80, 4],
    [1, 3, 7, 34, 3],
    [1, 0, 5, 28, 1],
    [1, 0, 11, 30, 0],
    [2, 0, 15, 22, 1],
    [27, 14, 141, 147, 6],
    [12, 17, 40, 124, 1],
    [12, 11, 67, 176, 2],
    [14, 6, 59, 131, 3],
    [13, 6, 45, 57, 2],
    [6, 9, 33, 59, 0],
    [0, 0, 10, 27, 2],
    [0, 2, 3, 12, 0],
    [2, 6, 23, 54, 1],
    [0, 4, 10, 51, 0],
    [82, 20, 240, 336, 15],
    [164, 100, 849, 783, 53],
    [135, 116, 696, 749, 43],
    [0, 1, 3, 0, 0]
  ],
  "method": "mvn_pdf",
  "cond_prob": [
    [
      [0.37690099346, 0.33136332845, 0.090314425651, 0.0018423362601, 0.19957891618],
      [0, 0.407896193, 0.015179287474, 0.53243854953, 0.044485969994],
      [0.0092957224694, 0.82216609648, 0.059449532683, 0.071035980679, 0.038052667693],
      [0.021830234777, 0.01143400663, 0.89468496048, 0.033564212738, 0.038486585376],
      [0.0017521384889, 0.40395389955, 0.16647471023, 0.076053873149, 0.35176537858]
    ],
    [
      [0.49226018892, 0.31338829484, 0.07140034179, 0.0020811328486, 0.1208700416],
      [3.6421438499e-05, 0.3718282932, 0.010714821703, 0.59093430279, 0.026486160864],
      [0.014500495817, 0.83253084186, 0.040407600166, 0.088915696483, 0.02364536567],
      [0.03841807694, 0.016318518986, 0.86944550996, 0.047480574645, 0.02833731947],
      [0.0030990759655, 0.46611727891, 0.16348764098, 0.11068540867, 0.25661059547]
    ],
    [
      [2.8524681532e-17, 0.99999545383, 3.2267105738e-24, 4.3493803169e-11, 4.5461264146e-06],
      [3.7308416904e-07, 0.18098538589, 0.0002697751351, 0.27217328896, 0.54657117694],
      [0, 0.79226069803, 0.093808753472, 0.1139305485, 0],
      [0, 0.31160895295, 0.10928686979, 0.079104177256, 0.5],
      [1.023198985e-11, 1.0923513533e-07, 6.4897375629e-10, 6.4352081498e-09, 0.99999988367]
    ],
    [
      [0.33333333333, 0.26006933039, 0.25522718343, 0.0023136488937, 0.14905650395],
      [0, 0.28587544216, 0.040446104929, 0.64325431197, 0.030424140944],
      [0, 0.67584093893, 0.19492200926, 0.098120601208, 0.031116450598],
      [0, 0.006399935935, 0.96351357549, 0.017869414623, 0.012217073951],
      [0, 0.27086455497, 0.41525068304, 0.085702535744, 0.22818222625]
    ],
    [
      [0.60381993235, 0.20207854697, 0.090469404183, 0.0013167531717, 0.10231536333],
      [3.731037753e-05, 0.36369676244, 0.023585339212, 0.57850845823, 0.034172129744],
      [0.025614958264, 0.76135563843, 0.10187557485, 0.081986300097, 0.029167528357],
      [0.039330562109, 0.0062760855381, 0.90903735094, 0.025573581571, 0.01978241984],
      [0.0047971865695, 0.37692351345, 0.25694022202, 0.089641100124, 0.27169797784]
    ],
    [
      [0.61642142439, 0.13874689143, 0.13728195986, 0.0011612694975, 0.10638845482],
      [0.00011009528053, 0.29588544297, 0.042349507102, 0.61946921286, 0.042185741784],
      [0.033024887996, 0.64768795108, 0.19005930917, 0.091369672863, 0.037858178887],
      [0.027754935259, 0.0063621609183, 0.93673665586, 0.015449933004, 0.013696314963],
      [0.0048412148687, 0.25403998727, 0.38389975274, 0.079515922615, 0.27770312251]
    ],
    [
      [0.56299577296, 0.1456652361, 0.16470029427, 0.00084601148663, 0.12579268519],
      [0.00016502852035, 0.33968798129, 0.053395876657, 0.55383732715, 0.052913786381],
      [0.025674512553, 0.65453633173, 0.21033118117, 0.066852886271, 0.042605088271],
      [0.020175075403, 0.0051073333351, 0.95085807964, 0.0074853545666, 0.016374157055],
      [0.0036049705936, 0.23755146182, 0.40607641005, 0.055208422704, 0.29755873482]
    ],
    [
      [0.60483774977, 0.2265954933, 0.02214575101, 0.0011634641205, 0.1452575418],
      [0.00010321226938, 0.58082727239, 0.0072608955733, 0.34462239158, 0.06718622819],
      [0.01159126107, 0.89814465024, 0.026190476076, 0.031565020144, 0.032508592471],
      [0.098018123948, 0.046718330474, 0.74112259848, 0.034682459582, 0.07945848752],
      [0.0033499159617, 0.44700007722, 0.059132351202, 0.035348255961, 0.45516939965]
    ],
    [
      [0.48806419515, 0.28128321891, 0.11841336315, 0.0018842549424, 0.11035496786],
      [0, 0.36186836462, 0.022066444848, 0.58994329138, 0.026121899152],
      [0.014684346522, 0.77969293933, 0.098058226056, 0.086120819741, 0.021443668349],
      [0.024213829544, 0.0077300436317, 0.92433645517, 0.028538585627, 0.015181086023],
      [0.0029948190701, 0.40806623791, 0.26152211304, 0.099310178101, 0.22810665188]
    ],
    [
      [0.54453143555, 0.18046228154, 0.10389892212, 0.0017907128876, 0.1693166479],
      [0.00018435787167, 0.30869273547, 0.025159921379, 0.61412281794, 0.051840167342],
      [0.023968272257, 0.71313386435, 0.11937171624, 0.093031870103, 0.050494277052],
      [0.029763099914, 0.0011114249288, 0.91570730155, 0.024776885553, 0.028641288053],
      [0.0034319205683, 0.28362234703, 0.24808590956, 0.080316090299, 0.38454373254]
    ],
    [
      [0.76129213732, 0.10425045468, 0.053037929737, 0.000662430405, 0.080757047858],
      [0, 0.37938236665, 0.027752678034, 0.53887906358, 0.053985891734],
      [0.043504784238, 0.72874959754, 0.1151023399, 0.068400585959, 0.044242692366],
      [0.064752484114, 0.0075693525951, 0.88068654365, 0.019365799175, 0.027625820468],
      [0.0093277385627, 0.32067501169, 0.24412618006, 0.066459991205, 0.35941107849]
    ],
    [
      [0.539869191, 0.20447645473, 0.15874472718, 0.0020523466558, 0.094857280436],
      [0.00010083703486, 0.26467938163, 0.029073027133, 0.68392842385, 0.022218330351],
      [0.019150660583, 0.68889966342, 0.15510692778, 0.1142491629, 0.022593585317],
      [0.0196511532, 0.0037757598168, 0.94382707148, 0.023847087675, 0.0088989278272],
      [0.0032145065077, 0.31033749132, 0.36520432177, 0.11436968183, 0.20687399857]
    ],
    [
      [0.57769711491, 0.21393945743, 0.067929961111, 0.0014800212435, 0.13895344531],
      [8.35024428e-05, 0.42534332707, 0.019419148035, 0.50578055861, 0.049373463843],
      [0.023095047861, 0.80133924493, 0.071644113292, 0.0618902768, 0.042031317118],
      [0.043673451456, 0.0072962869804, 0.89164138277, 0.02354334952, 0.03384552927],
      [0.004199371123, 0.38389856656, 0.19177911782, 0.064902525307, 0.35522041919]
    ],
    [
      [0.62889580227, 0.1553182722, 0.11363477782, 0.0010310579288, 0.10112008977],
      [0.00018475531015, 0.34495366791, 0.035830413591, 0.57788569749, 0.041145465701],
      [0.031081400571, 0.70564439698, 0.15052088692, 0.077698240805, 0.035055074732],
      [0.032903488367, 0.0031565756413, 0.93075066118, 0.016278973111, 0.016910301696],
      [0.0049881399947, 0.30253690019, 0.33554775879, 0.074158681099, 0.28276851992]
    ],
    [
      [0.43418929018, 0.24477535496, 0.16851691607, 0.0018762478015, 0.15064219099],
      [0, 0.32271276678, 0.031987267525, 0.60892178091, 0.036378184776],
      [0.012323764259, 0.71849506921, 0.14615149866, 0.089409606881, 0.033620060988],
      [0.011032904703, 0.0038498599152, 0.9472995711, 0.020594082274, 0.017223582006],
      [0.002190184473, 0.31162248084, 0.32591543718, 0.086052424894, 0.27421947261]
    ],
    [
      [0.75590638604, 0.20595637884, 0.0016324526554, 0.0013073144866, 0.03519746797],
      [0.00013695593081, 0.64781038041, 0.0051777005425, 0.32710599378, 0.019768969332],
      [0, 0.95903593018, 0, 0.027311408309, 0.013652661508],
      [0.16430411225, 0.094645789601, 0.6660136856, 0.037011572009, 0.038024840537],
      [0.0084587668821, 0.69957411581, 0.05781290177, 0.044153657537, 0.190000558]
    ],
    [
      [0.46829968199, 0.18240611753, 0.1125234177, 0.0014768339933, 0.2352939488],
      [0.00022811761596, 0.29942206631, 0.026527995645, 0.60425918896, 0.069562631466],
      [0.019777614018, 0.69620854572, 0.12665177885, 0.093281061667, 0.064080999739],
      [0.024734120859, 0.0048889490863, 0.91517036466, 0.024621502631, 0.030585062761],
      [0.0026185394393, 0.24350728885, 0.22772397025, 0.071987004173, 0.45416319729]
    ],
    [
      [0.22222222222, 0.51899929728, 0.15463325264, 0.0032377627631, 0.1009074651],
      [0, 0.40945841401, 0.020023069083, 0.55552144286, 0.014997074046],
      [0, 0.82980955052, 0.084280368684, 0.076526227939, 0.0093838528592],
      [0, 0.011187646615, 0.9485971479, 0.031875090875, 0.0083401146095],
      [0.0011500591888, 0.50320458044, 0.24752173184, 0.0968055612, 0.15131806733]
    ],
    [
      [0.4344359977, 0.26579607218, 0.097161584204, 0.0017269226607, 0.20087942326],
      [0, 0.3666603233, 0.019119864738, 0.56326897204, 0.050950839919],
      [0.013676771904, 0.77929631813, 0.08298832734, 0.080921316074, 0.043117266555],
      [0.025498062617, 0.0087428670864, 0.90075502091, 0.029850874893, 0.035153174492],
      [0.0023641225283, 0.34803332767, 0.19401045502, 0.079505527236, 0.37608656754]
    ],
    [
      [0.57132802464, 0.23725991833, 0.070705404442, 0.0011421003317, 0.11956455225],
      [8.9420429703e-05, 0.4284524695, 0.018169152196, 0.51344481116, 0.039844146715],
      [0.021785729915, 0.81397419925, 0.067204197745, 0.064701635912, 0.032334237176],
      [0.045071552176, 0.010971002503, 0.88697606932, 0.027230904884, 0.029750471114],
      [0.0042388027288, 0.42280167565, 0.1933396956, 0.074757454323, 0.3048623717]
    ],
    [
      [0.29385641719, 0.44742851521, 0.13647576295, 0.001818638292, 0.12042066636],
      [0, 0.47905389976, 0.019466988515, 0.47955063665, 0.021928475077],
      [0.0043646675414, 0.86398290921, 0.066741965147, 0.0493484448, 0.015562013303],
      [0.0062535834491, 0.0042984331227, 0.944308241, 0.025751728854, 0.019388013574],
      [0.0010774091733, 0.50957905476, 0.22837516943, 0.069134443581, 0.19183392305]
    ],
    [
      [0.34015012975, 0.10700421508, 0.10428987724, 0.0010635166053, 0.44749226132],
      [0.00029322322441, 0.26054797279, 0.035503564538, 0.52185565621, 0.18179958324],
      [0.01948610914, 0.59005186395, 0.16117570339, 0.071614927902, 0.15767139561],
      [0.022400369678, 0.012850387372, 0.91994899803, 0.017638424971, 0.027161819946],
      [0.0014085923722, 0.10666830436, 0.15858416033, 0.029671614472, 0.70366732847]
    ],
    [
      [0.47757985129, 0.24328465135, 0.1211974332, 0.0020691939558, 0.1558688702],
      [2.1920763051e-05, 0.30256795831, 0.02125013768, 0.64102832098, 0.035131662267],
      [0.015463265066, 0.74102515504, 0.10660230744, 0.10102970486, 0.035879567582],
      [0.022088233563, 0.0035787672149, 0.92000320057, 0.029476568713, 0.024853229939],
      [0.0026696552606, 0.33484320504, 0.25310949757, 0.10194622883, 0.3074314133]
    ],
    [
      [0.28693136158, 0.34616995147, 0.039395820141, 0.0012256017307, 0.32627726508],
      [0, 0.48869877255, 0.0032002549263, 0.42687129161, 0.081229680913],
      [0, 0.89971132664, 0, 0.050985440487, 0.049303232876],
      [0.054677750923, 0.10737309073, 0.67801656007, 0.044516946927, 0.11541565134],
      [0.001128938215, 0.37213116447, 0.063593684664, 0.047879073695, 0.51526713896]
    ],
    [
      [0.65535111161, 0.16766886945, 0.067684064461, 0.0014084343225, 0.10788752016],
      [0.00022128836447, 0.30509247318, 0.01703159963, 0.64178609728, 0.035868541544],
      [0.029063691744, 0.74615139981, 0.085013114212, 0.10068618682, 0.039085607416],
      [0.048031292171, 0.0029665974714, 0.88561669741, 0.033846213154, 0.02953919979],
      [0.0050312689947, 0.34934920342, 0.21282181232, 0.1040661604, 0.32873155486]
    ],
    [
      [0.47519249429, 0.23553997021, 0.11563716358, 0.0017197957453, 0.17191057617],
      [0, 0.33690960583, 0.02391894316, 0.59374619604, 0.045425254969],
      [0.016564827292, 0.74443093476, 0.10912426345, 0.088409624918, 0.041470349579],
      [0.023996453324, 0.0050271772472, 0.91850195943, 0.025939132702, 0.026535277301],
      [0.0027743752474, 0.32695528147, 0.24425078539, 0.085593125392, 0.34042643249]
    ],
    [
      [0.47524515196, 0.21367390157, 0.18737622298, 0.0022779666333, 0.12142675686],
      [0, 0.27268156197, 0.033564170251, 0.6661687178, 0.027585549983],
      [0.014487026696, 0.68476040437, 0.17047763538, 0.10188986402, 0.02838506952],
      [0.010814544207, 0.0029132888678, 0.95267968455, 0.021180544512, 0.012411937861],
      [0.0023486830412, 0.28621666671, 0.38235539642, 0.095876509648, 0.23320274418]
    ],
    [
      [0.39058621024, 0.33704108957, 0.065224879698, 0.0021426456196, 0.20500517488],
      [0, 0.37460870431, 0.0065395228941, 0.57738789861, 0.041463874182],
      [0.0090458723577, 0.83900838947, 0.028120316636, 0.086362347506, 0.037463074033],
      [0.031072502873, 0.021221655361, 0.84446576197, 0.052490740696, 0.050749339097],
      [0.0019277762067, 0.41628432422, 0.12284385794, 0.095641635497, 0.36330240614]
    ],
    [
      [0.40353257696, 0.31758456632, 0.069173137617, 0.0011316524719, 0.20857806663],
      [2.008570737e-05, 0.4750709827, 0.012833987066, 0.45535130111, 0.05672364342],
      [0.011170584876, 0.85704417476, 0.03724572708, 0.051581163948, 0.042958349335],
      [0.03031391268, 0.015125519401, 0.87692219589, 0.028246289274, 0.049392082754],
      [0.002083112404, 0.41064070652, 0.13717279895, 0.057887835384, 0.39221554674]
    ],
    [
      [0.25606631371, 0.50512910474, 0.050289808906, 0.0019250048842, 0.18658976776],
      [0, 0.48595183478, 0, 0.4819438695, 0.032104295722],
      [0, 0.90547257597, 0, 0.063907708135, 0.030619715895],
      [0, 0.25644628736, 0.62909842133, 0.059173260428, 0.055282030884],
      [0, 0.54360086143, 0.079917365378, 0.07711685256, 0.29936492063]
    ],
    [
      [0.40367340596, 0.37422177684, 0.070481391594, 0.0026171895952, 0.14900623601],
      [0, 0.36383624821, 0.0061959724632, 0.6031634347, 0.026804344617],
      [0.0083349380165, 0.84654144597, 0.024808234694, 0.093203336656, 0.027112044667],
      [0.029508086476, 0.019864915035, 0.85875876641, 0.057046242405, 0.034821989674],
      [0.0020039879475, 0.47374707182, 0.13802584558, 0.11623923634, 0.26998385831]
    ],
    [
      [0.45350205108, 0.28921690909, 0.13989236185, 0.0020859616085, 0.11530271638],
      [0, 0.34419266935, 0.024236231435, 0.60633465336, 0.025236445858],
      [0.011881709342, 0.76414205992, 0.11160090742, 0.090674180804, 0.021701142518],
      [0.017401920459, 0.0066243311352, 0.9358785902, 0.027149329564, 0.012945828642],
      [0.0024717667663, 0.38885664143, 0.28603218361, 0.10175518273, 0.22088422547]
    ],
    [
      [0.55074606868, 0.22851968799, 0.080834728472, 0.0018439308987, 0.13805558396],
      [0.00011616640835, 0.26024670084, 0.013358176004, 0.69719515576, 0.029083800985],
      [0.020403571115, 0.74204808021, 0.078284389669, 0.12449905602, 0.034764902986],
      [0.038607874524, 0.012352001327, 0.87542761654, 0.043806083496, 0.029806424113],
      [0.0036163561096, 0.35602726425, 0.19156382582, 0.14125557171, 0.3075369821]
    ],
    [
      [0.69630561054, 0.10780150816, 0.079729484144, 0.00065284557554, 0.11551055158],
      [0, 0.34956747216, 0.037569678491, 0.54334576404, 0.069517085312],
      [0.04390369481, 0.67983778807, 0.1511385186, 0.070136330581, 0.054983667935],
      [0.04689794094, 0.0060410938709, 0.90734339584, 0.014620964589, 0.025096604756],
      [0.0067301881335, 0.2544489914, 0.28696444271, 0.058481510886, 0.39337486687]
    ],
    [
      [0.45640602606, 0.18118080967, 0.23167455646, 0.0020929481353, 0.12864565967],
      [0, 0.24222831577, 0.044534242067, 0.68149032404, 0.031747118125],
      [0.01423799386, 0.61057475387, 0.22893459111, 0.11397515975, 0.032277501413],
      [0.006868143042, 0.011265509793, 0.95554570472, 0.017092402693, 0.0092282397538],
      [0.0021890381429, 0.22761007505, 0.44468970171, 0.094467888377, 0.23104329672]
    ],
    [
      [0.55540295662, 0.14762788701, 0.19151133131, 0.00095004952634, 0.10450777553],
      [7.2320247229e-05, 0.3168727395, 0.059102559849, 0.58241564629, 0.041536734108],
      [0.026317186635, 0.62764971382, 0.23742976797, 0.075723609404, 0.032879722171],
      [0.017589042021, 0.012663557542, 0.95204045, 0.0090928726893, 0.0086140777428],
      [0.0037039270778, 0.23250313965, 0.46382867542, 0.063446427103, 0.23651783075]
    ],
    [
      [0.65438957376, 0.10317128579, 0.11509467237, 0.00082780086561, 0.12651666721],
      [0.00012952185577, 0.2904712233, 0.046962878744, 0.59628535722, 0.066151018881],
      [0.043884313145, 0.61209751824, 0.20249131273, 0.08397808132, 0.057548774564],
      [0.033881264289, 0.0062972902194, 0.92674408601, 0.013082503161, 0.019994856318],
      [0.0056113418834, 0.20833824404, 0.35652637331, 0.063521217981, 0.36600282278]
    ],
    [
      [0.47153770307, 0.19526300195, 0.13377402247, 0.0019045512988, 0.19752072122],
      [3.1587440963e-06, 0.24396782671, 0.024227181083, 0.68640465864, 0.04539717482],
      [0.017866466, 0.67035203398, 0.13728080811, 0.12377060878, 0.050730083136],
      [0.020452835459, 0.0058942943948, 0.92131350901, 0.027021563844, 0.025317797291],
      [0.002583632441, 0.25531862502, 0.26629298286, 0.1060474204, 0.36975733929]
    ],
    [
      [0.54104306337, 0.230683773, 0.14223049214, 0.0020628526667, 0.083979818828],
      [7.4517674101e-05, 0.30434946478, 0.027024180888, 0.64822871461, 0.020323122046],
      [0.019157529848, 0.72777255223, 0.1334991127, 0.10223927291, 0.017331532311],
      [0.023157096842, 0.005695262274, 0.94032569693, 0.025643838956, 0.005178104995],
      [0.0035328912787, 0.35977740666, 0.33688374112, 0.11194060302, 0.18786535792]
    ],
    [
      [0.68238531576, 0.03418696504, 0.16286331458, 0.0028799619188, 0.1176844427],
      [0.0013994611464, 0.11122152458, 0.068178473881, 0.75638503338, 0.062815507008],
      [0.080680403391, 0.30003275638, 0.41495134887, 0.12706671725, 0.077268774111],
      [0.024622912009, 0, 0.931658878, 0.020729972722, 0.022988237267],
      [0.0050764460788, 0.069839798273, 0.5140609171, 0.060592226621, 0.35043061193]
    ],
    [
      [0.44620767326, 0.27075475898, 0.11948967064, 0.0019082779138, 0.16163961921],
      [0, 0.34819076697, 0.022118728108, 0.59127186417, 0.038418640754],
      [0.012739680469, 0.7642198719, 0.10007137962, 0.087136369793, 0.035832698217],
      [0.020863360797, 0.005326283785, 0.9212334538, 0.027684811017, 0.024892090601],
      [0.0024457131344, 0.35950006142, 0.24139411076, 0.090102082061, 0.30655803263]
    ],
    [
      [0.66959815926, 0.13695120238, 0.071888578404, 0.0011244352068, 0.12043762475],
      [0, 0.31211405266, 0.024002489601, 0.61310731906, 0.050776138686],
      [0.034950656968, 0.71055209133, 0.11323093484, 0.093916060931, 0.047350255927],
      [0.049287571503, 0.0056554658607, 0.88995633506, 0.026405114665, 0.028695512916],
      [0.0059282458962, 0.29705793859, 0.23664051427, 0.086550527255, 0.37382277399]
    ],
    [
      [0.56561425204, 0.1281300057, 0.16839527003, 0.0021750603504, 0.13568541188],
      [0.00013405580783, 0.16229113672, 0.029552853265, 0.77713171064, 0.030890243564],
      [0.02509394847, 0.5608864637, 0.20623107762, 0.16218488835, 0.045603621854],
      [0.019691245182, 0.0071135005438, 0.93453714465, 0.020521100691, 0.018137008935],
      [0.0032203836091, 0.19149704607, 0.38159539023, 0.12615864596, 0.29752853413]
    ],
    [
      [0.52298078512, 0.17152549131, 0.1489921559, 0.0021133333976, 0.15438823427],
      [2.6361574014e-05, 0.22145597274, 0.027433121949, 0.71484377786, 0.036240765882],
      [0.021040479074, 0.64034071989, 0.16208436014, 0.13313596017, 0.043398480729],
      [0.019979549727, 0.0036774496126, 0.9308575396, 0.025358155064, 0.020127305993],
      [0.0030694625106, 0.24435878547, 0.32296825178, 0.11373819942, 0.31586530082]
    ],
    [
      [0.53354758426, 0.23332206344, 0.1088657843, 0.001917896183, 0.12234667181],
      [0.00021999699408, 0.30258950479, 0.020159829515, 0.64774414727, 0.02928652143],
      [0.019267587692, 0.74357462008, 0.1021542593, 0.1047777248, 0.030225808134],
      [0.028700921945, 0.0050535809955, 0.91451178718, 0.031211845758, 0.020521864126],
      [0.0034105476978, 0.35933600082, 0.25474919854, 0.11304133217, 0.26946292077]
    ],
    [
      [0.48842965525, 0.25208322652, 0.1102934191, 0.0018965732074, 0.14729712592],
      [0, 0.32769906828, 0.02064004947, 0.61616968958, 0.035491192671],
      [0.016119910973, 0.75612281212, 0.098008124887, 0.095317935606, 0.034431216409],
      [0.025808172036, 0.0060255355093, 0.91361228691, 0.030460565457, 0.024093440087],
      [0.0029157394589, 0.35879775275, 0.23909042555, 0.10026251175, 0.29893357049]
    ],
    [
      [0.14285714286, 0.50860515555, 0.10741845255, 0.0018355652865, 0.23928368376],
      [0, 0.53688041188, 0.017374866087, 0.39915295448, 0.046591767549],
      [0, 0.86213221359, 0.058112907273, 0.039075663773, 0.040679215362],
      [0, 0.0040853334771, 0.9328686151, 0.019798188505, 0.043247862918],
      [0, 0.45597751329, 0.15877039498, 0.045020064629, 0.34023202711]
    ],
    [
      [0.57212838233, 0.22699639003, 0.066083555063, 0.0017053151452, 0.13308635744],
      [0.00021115582624, 0.29637506458, 0.011937187287, 0.65997881981, 0.031497772506],
      [0.020674293526, 0.77340995386, 0.063510520831, 0.10747502491, 0.034930206867],
      [0.045302939259, 0.010370801356, 0.86480181003, 0.044441103249, 0.035083346103],
      [0.0037390536004, 0.38183846403, 0.16771946676, 0.12163199665, 0.32507101897]
    ],
    [
      [0.69602921742, 0.036388623536, 0.26758215904, 0, 0],
      [0.10972604606, 0.5701065124, 0.32016744153, 0, 0],
      [0.064748245505, 0.46450162135, 0.47075013314, 0, 0],
      [0, 0, 1, 0, 0],
      [0.0030515670164, 0.081021021299, 0.80066629475, 0.014198515425, 0.10106260151]
    ],
    [
      [0.51323651822, 0.29216290702, 0.099558719526, 0.0022902351487, 0.092751620078],
      [0.00024872751675, 0.28572479746, 0.01379860231, 0.6839627612, 0.016265111508],
      [0.014817633519, 0.77667436826, 0.075730151638, 0.11492941859, 0.017848427992],
      [0.030204716387, 0.0087363198755, 0.90430905525, 0.041473984337, 0.015275924155],
      [0.0030646444613, 0.4332835038, 0.22204841521, 0.14595756339, 0.19564587314]
    ],
    [
      [0.45560255836, 0.29288891185, 0.095014039345, 0.0020763332301, 0.15441815722],
      [7.2148990261e-05, 0.31251284429, 0.014340583579, 0.64282729273, 0.030247130413],
      [0.013429634609, 0.77801873985, 0.073326241406, 0.10341079037, 0.031814593765],
      [0.027087580196, 0.0096377899379, 0.89372789455, 0.040323190948, 0.029223544371],
      [0.0025227115935, 0.39137057214, 0.19316296878, 0.11772175198, 0.29522199551]
    ],
    [
      [0, 0.52183577766, 0.14269546163, 0.0031141600627, 0.33235460065],
      [0, 0.24012427432, 0.017606131088, 0.6939109833, 0.048358611295],
      [0, 0.70928268694, 0.10720914108, 0.12666343512, 0.056844736861],
      [0, 0.0052764926615, 0.92210145688, 0.036408630837, 0.03621341962],
      [0, 0.26244585248, 0.1954201085, 0.10581276761, 0.43632127141]
    ],
    [
      [0.47073650427, 0.16618598691, 0.2334523925, 0.0025174673528, 0.12710764897],
      [0, 0.19228899853, 0.037761832622, 0.74322702274, 0.026722146107],
      [0.014744559594, 0.5762175839, 0.23321467529, 0.14286030216, 0.032962879049],
      [0.0067599758632, 0.0081066287154, 0.95435864687, 0.020413217586, 0.010361530962],
      [0.002023126707, 0.20841044684, 0.44526076108, 0.11540043285, 0.22890523252]
    ],
    [
      [0.489199947, 0.30547808194, 0.072744933599, 0.0018615954196, 0.13071544204],
      [0.00016605925092, 0.39464746156, 0.012695125027, 0.56155680119, 0.030934552975],
      [0.01536254808, 0.82875849161, 0.04977953669, 0.078053252627, 0.028046170996],
      [0.037022861678, 0.014424914928, 0.87741596777, 0.040013290704, 0.031122964917],
      [0.0030115712107, 0.45561927501, 0.16708073239, 0.094556215661, 0.27973220573]
    ],
    [
      [0.37748661997, 0.21016468827, 0.18779118758, 0.0022287842614, 0.22232871992],
      [0, 0.26232271618, 0.033451025303, 0.65359082526, 0.050635433258],
      [0.0087669397602, 0.65864719447, 0.1723807135, 0.10760672845, 0.052598423823],
      [0.0066598675972, 0.0053428178111, 0.94508075566, 0.021060963541, 0.021855595389],
      [0.001127144038, 0.23513871211, 0.32049349956, 0.084743632792, 0.35849701151]
    ],
    [
      [0.42931450849, 0.27838491816, 0.14146812808, 0.0018153893111, 0.14901705596],
      [0, 0.36286265357, 0.026682644308, 0.57457932365, 0.035875378475],
      [0.01105282271, 0.76052229531, 0.11602138575, 0.080936304745, 0.031467191482],
      [0.015397043149, 0.0050722206776, 0.93656325957, 0.023221481846, 0.019745994753],
      [0.0022624759421, 0.36014499812, 0.27828381108, 0.084448159801, 0.27486055506]
    ],
    [
      [0.75065173315, 0.071089867859, 0.10593596451, 0.0018070594788, 0.070515375006],
      [0.00014706145681, 0.096284677961, 0.019868204231, 0.86659603818, 0.017104018176],
      [0.046066136634, 0.48057777121, 0.19775563658, 0.23995114105, 0.035649314525],
      [0.03785292517, 0.011082540387, 0.91535687296, 0.020361593028, 0.015346068454],
      [0.0062392239209, 0.16957473019, 0.37822949106, 0.19750447247, 0.24845208235]
    ],
    [
      [0.60263403506, 0.057222991431, 0.11863515265, 0.0014773059057, 0.22003051495],
      [0.00046555116846, 0.14477727395, 0.041688275455, 0.714992669, 0.098076230424],
      [0.048042946558, 0.43715426347, 0.25875263947, 0.1373537443, 0.1186964062],
      [0.032066246305, 0.0064034997261, 0.91737307829, 0.02269929006, 0.02145788562],
      [0.0039086104638, 0.093377530426, 0.29704921727, 0.065025320001, 0.54063932184]
    ],
    [
      [0.61100270082, 0.13034959396, 0.13685879841, 0.0027972330255, 0.11899167378],
      [0.00013203893445, 0.11938208652, 0.018111586216, 0.84248436642, 0.019889921907],
      [0.027110571879, 0.53662425584, 0.16483648815, 0.23432513783, 0.037103546295],
      [0.027072764667, 0.0092717009496, 0.91861388744, 0.027341511296, 0.017700135645],
      [0.0038643168928, 0.20310638188, 0.322982696, 0.20319232156, 0.26685428367]
    ],
    [
      [0.64440630676, 0.18719926965, 0.075459677405, 0.001764094159, 0.091170652026],
      [0.00016483344303, 0.25971253679, 0.014257542549, 0.70358717277, 0.022277914445],
      [0.02441239538, 0.74867945111, 0.081872399428, 0.11762850617, 0.027407247913],
      [0.042779325148, 0.0040778841499, 0.88969446799, 0.038926273544, 0.024522049172],
      [0.0046582230077, 0.37365381043, 0.22547849942, 0.13403468942, 0.26217477772]
    ],
    [
      [0.82076178268, 0.03645226207, 0.088447767002, 0.00031691556938, 0.054021272679],
      [0.00031687265794, 0.24378092409, 0.072559829255, 0.62205940441, 0.061282969588],
      [0.076191677047, 0.49630769647, 0.30284888432, 0.072382126699, 0.052269615461],
      [0.038422698304, 0.011248840848, 0.9280179976, 0.0057336594471, 0.016576803799],
      [0.0084388961526, 0.13536609027, 0.48614074721, 0.046356650566, 0.3236976158]
    ],
    [
      [0.24947960394, 0.26283239199, 0.31438243119, 0.0027338376533, 0.17057173523],
      [0, 0.21679576741, 0.035978514545, 0.7177758393, 0.029449878743],
      [0, 0.63697024887, 0.20651230695, 0.12192800864, 0.034589435533],
      [0, 0, 0.96485005155, 0.020661035995, 0.014488912452],
      [0.0010407921255, 0.22818592282, 0.41174923093, 0.10132240583, 0.25770164829]
    ],
    [
      [0.50557826242, 0.25847078118, 0.12222749559, 0.00097997038503, 0.11274349043],
      [0.0001073746286, 0.44179917694, 0.030069332173, 0.49262377876, 0.0354003375],
      [0.017290821999, 0.78899895681, 0.11132236988, 0.056114279541, 0.026273571771],
      [0.02449018915, 0.0058388077242, 0.93781566987, 0.015072823262, 0.016782509992],
      [0.0032026313902, 0.3975204753, 0.28583102675, 0.065256323442, 0.24818954313]
    ],
    [
      [0.50099871852, 0.22978910304, 0.12639022059, 0.0016854284001, 0.14113652945],
      [1.0588592817e-05, 0.33385573577, 0.026500633338, 0.60166155244, 0.037971489858],
      [0.017797522317, 0.73690269845, 0.12074873602, 0.08942141582, 0.03512962739],
      [0.023354247309, 0.0040874216462, 0.92793567931, 0.023930112979, 0.020692538751],
      [0.0030589824653, 0.33447146001, 0.2799134181, 0.089498368558, 0.29305777087]
    ],
    [
      [0.42525783831, 0.32236495684, 0.14354723836, 0.0029378963611, 0.10589207014],
      [0, 0.28143053687, 0.017814544066, 0.68424926833, 0.016505650729],
      [0.0092952665405, 0.76247482868, 0.097629762983, 0.11283255307, 0.017767588722],
      [0.014056574811, 0.0050144109703, 0.93329728403, 0.03587965315, 0.011752077043],
      [0.0019719807236, 0.40369776466, 0.27106593253, 0.13467412302, 0.18859019906]
    ],
    [
      [0.63115183847, 0.17919762395, 0.091667925987, 0.0021234986076, 0.095859112989],
      [0.00085583328648, 0.20210657166, 0.011863918846, 0.76633515989, 0.018838516321],
      [0.018332592305, 0.73339975178, 0.086282273805, 0.13526185967, 0.026723522445],
      [0.036056733608, 0.0018336546147, 0.89837943278, 0.03828196585, 0.025448213144],
      [0.0040078576165, 0.33944671391, 0.2412878954, 0.15015038839, 0.26510714468]
    ],
    [
      [0.98487683388, 0.0048017840942, 0.01031253071, 8.851318852e-06, 0],
      [0.0001468037606, 0.032903157833, 0.0047182606609, 0.96026421095, 0.0019675667905],
      [0.19100584914, 0.43920999731, 0.11152663401, 0.25825751955, 0],
      [0.10455766652, 0.020340146325, 0.82677067207, 0.048331515081, 0],
      [0.13247925778, 0.22962413226, 0.28247548127, 0.35542112868, 0]
    ],
    [
      [0.50528365488, 0.16776526627, 0.21288393482, 0, 0.11406714404],
      [6.9679000934e-05, 0.47850427643, 0.073488995488, 0.39767634133, 0.050260707755],
      [0.040663540907, 0.71060375602, 0.21628516919, 0, 0.03244753388],
      [0.0015805798383, 0.00051978058367, 0.98026597347, 0, 0.017633666109],
      [0.0022512823131, 0.24350625704, 0.46424699383, 0.025878504468, 0.26411696235]
    ],
    [
      [0.39279025187, 0.13181974241, 0.06535577651, 0.002165627502, 0.40786860171],
      [4.5294720687e-05, 0.27768203713, 0.018238361416, 0.571895476, 0.13213883073],
      [0.025500631511, 0.69627767248, 0.095334863994, 0.080656951671, 0.10222988035],
      [0.037727335707, 0.0073030142303, 0.87919676459, 0.034280761764, 0.041492123704],
      [0.0019086380626, 0.13152911494, 0.096936666, 0.031637711113, 0.73798786989]
    ],
    [
      [0.63297285653, 0.16166882566, 0.093624287287, 0.0014229608575, 0.11031106966],
      [5.8693630195e-05, 0.31542363247, 0.02615186529, 0.61895716674, 0.039408641874],
      [0.030336033424, 0.7157695292, 0.12226355997, 0.093434837156, 0.038196040249],
      [0.038102529858, 0.0026868337162, 0.91288602522, 0.02433399523, 0.021990615979],
      [0.0050764268207, 0.31675711316, 0.27876841107, 0.09079506411, 0.30860298484]
    ],
    [
      [0.48707858637, 0.27873187695, 0.13049815029, 0.0025717593681, 0.10111962703],
      [4.1436766813e-05, 0.27382909112, 0.018335457101, 0.69009700534, 0.017697009667],
      [0.013707973205, 0.74644555669, 0.10099491469, 0.11936574468, 0.01948581073],
      [0.020994580443, 0.0060989070086, 0.9258851892, 0.034869607311, 0.012151716038],
      [0.0027056354691, 0.38603619106, 0.27275937731, 0.13902870277, 0.19947009338]
    ],
    [
      [0.43635908399, 0.21848949501, 0.2135723562, 0.002349626325, 0.12922943848],
      [0, 0.25439116077, 0.035647818967, 0.68268070026, 0.027280320002],
      [0.011685183721, 0.65746052337, 0.18845656654, 0.1137871761, 0.028610550266],
      [0.0055484526536, 0.0056454273375, 0.95807058459, 0.020633800059, 0.010101735361],
      [0.00212800791, 0.26818650725, 0.39899643541, 0.10351358597, 0.22717546346]
    ],
    [
      [0.59695755513, 0.19561734921, 0.10960112924, 0.0015569280563, 0.096267038362],
      [0.00013575550334, 0.34040374785, 0.027011068042, 0.60215554119, 0.030293887406],
      [0.024505791267, 0.74306402498, 0.12011929136, 0.084907046618, 0.027403845772],
      [0.031930178941, 0.0023971755859, 0.92604883485, 0.023561621106, 0.016062189517],
      [0.004361523065, 0.35470904942, 0.3013607422, 0.08972721489, 0.24984147043]
    ],
    [
      [0.62764568741, 0.15612231342, 0.1560907106, 0.00012603038044, 0.060015258194],
      [0.00044196662114, 0.39873352705, 0.056290013876, 0.51677445354, 0.027760038911],
      [0.030979523215, 0.69794698413, 0.20143524166, 0.054440232054, 0.015198018943],
      [0.025161183109, 0.0099437257192, 0.95850641532, 0.0059190535511, 0.00046962230112],
      [0.0048441410024, 0.30180105572, 0.46681456558, 0.05525919448, 0.17128104321]
    ],
    [
      [0.53536062251, 0.15719857276, 0.090975408317, 0.0017319471844, 0.21473344922],
      [0.00068652296588, 0.21185324146, 0.017061512808, 0.72048757688, 0.049911145881],
      [0.02432041401, 0.66585222308, 0.10904960912, 0.13715162806, 0.063626125734],
      [0.033543794846, 0.0030001021825, 0.89325350566, 0.033546040659, 0.036656556653],
      [0.0029106850019, 0.22733340383, 0.1983909812, 0.10640243905, 0.46496249091]
    ],
    [
      [0.11063730454, 0.18282669884, 0.087422667706, 0.00068339144305, 0.61842993748],
      [1.6090878568e-05, 0.37156532514, 0.023553581241, 0.42204397747, 0.18282102527],
      [0, 0.73721891922, 0.098222703137, 0.043908295774, 0.12065008187],
      [0, 0.014021870503, 0.91964375699, 0.019460390928, 0.046873981584],
      [0, 0.12461015211, 0.093695765012, 0.017743243609, 0.76395083927]
    ],
    [
      [0.051459312488, 0.2296151079, 0.29790169965, 0.00094450174934, 0.42007937821],
      [0, 0.43319342888, 0.036690378505, 0.44423364445, 0.085882548171],
      [0, 0.71120438075, 0.196302856, 0.034184330825, 0.058308432431],
      [0, 0, 0.94480922292, 0.00074830988615, 0.054442467197],
      [0.00027235093056, 0.08268996352, 0.16648792563, 0.012480177043, 0.73806958288]
    ],
    [
      [0.51165505828, 0.075029195331, 0.2723259197, 0.0012320987792, 0.13975772791],
      [0, 0.17936263881, 0.08374565182, 0.67936043676, 0.057531272607],
      [0.024220508614, 0.41836322531, 0.40521381808, 0.095709725537, 0.056492722461],
      [0.0077268842645, 0.019475053859, 0.94577212411, 0.012379485843, 0.014646451926],
      [0.0023664350407, 0.099758686045, 0.56126173201, 0.05155725898, 0.28505588793]
    ],
    [
      [0.34250710304, 0.038209805162, 0.23340147775, 0.005586051869, 0.38029556218],
      [0, 0.015879060223, 0.01582618108, 0.94016265373, 0.028132104971],
      [0, 0.093648375911, 0.36693688483, 0.4313401308, 0.10807460846],
      [0, 0, 0.9268103221, 0.037763687787, 0.035425990108],
      [0.00089647341665, 0.02894892444, 0.28011258464, 0.17069237559, 0.51934964192]
    ],
    [
      [0.72522130685, 0.09816342421, 0.045085555658, 0, 0.13152971329],
      [0, 0.42132753103, 0.026581067424, 0.44360656031, 0.10848484123],
      [0.047630169185, 0.72890618206, 0.10483999024, 0.049250402313, 0.069373256197],
      [0.077345732712, 0.016876020612, 0.84856630198, 0.013982261239, 0.043229683453],
      [0.0074964028777, 0.26108146488, 0.16609919754, 0.040648830824, 0.52467410389]
    ],
    [
      [0.52079281323, 0.26055530122, 0.076579622861, 0.00054327495586, 0.14152898774],
      [0.00011607307397, 0.47046088875, 0.019820203321, 0.46206596881, 0.047536866039],
      [0.019147586837, 0.82506984428, 0.069284632961, 0.051902084397, 0.034595851522],
      [0.039758174755, 0.013405982812, 0.89345575735, 0.020923290668, 0.03245679441],
      [0.003611684257, 0.41965395068, 0.18981905897, 0.061443392088, 0.325471914]
    ],
    [
      [0.50683442883, 0.23974397182, 0.087362408055, 0.00086506669425, 0.1651941246],
      [0.00013346646023, 0.4307544603, 0.02264805596, 0.49149291511, 0.054971102172],
      [0.019501810177, 0.79405777839, 0.085704000334, 0.059765162606, 0.040971248493],
      [0.03450591526, 0.0096016668857, 0.90271498025, 0.020803972253, 0.032373465356],
      [0.0033413857071, 0.36770195703, 0.20454409267, 0.062588591907, 0.36182397268]
    ],
    [
      [0.072553861091, 0.0071576514162, 3.4638690536e-06, 0.0010590750711, 0.91922594855],
      [0, 0.16963797995, 0, 0.51550325672, 0.31485876333],
      [0, 0.61012067335, 0, 0.16149891443, 0.22838041222],
      [3.3116460161e-09, 0.0031894065546, 0.67932344766, 0.013706021141, 0.30378112133],
      [3.8746242433e-41, 5.333318778e-35, 4.0481293426e-67, 3.0044270359e-22, 1]
    ]
  ],
  "expected_outcome": [
    [
