{
  "Z_true": {},
  "V_true": [
    [29, 25, 454, 265, 431],
    [22, 890, 61, 897, 171],
    [162, 353, 87, 14715, 692],
    [88, 78, 3303, 573, 301],
    [209, 100, 539, 1067, 606],
    [13, 13, 17, 719, 406],
    [951, 30, 305, 924, 179],
    [58, 68, 154, 624, 761]
  ],
  "p_true": [
    [0.0241, 0.0208, 0.3771, 0.2201, 0.358],
    [0.0108, 0.4361, 0.0299, 0.4395, 0.0838],
    [0.0101, 0.0221, 0.0054, 0.9192, 0.0432],
    [0.0203, 0.018, 0.7605, 0.1319, 0.0693],
    [0.0829, 0.0397, 0.2138, 0.4232, 0.2404],
    [0.0111, 0.0111, 0.0146, 0.6156, 0.3476],
    [0.3981, 0.0126, 0.1277, 0.3868, 0.0749],
    [0.0348, 0.0408, 0.0925, 0.3748, 0.4571]
  ],
  "Z_est": {},
  "V_est": [
    [13.4237, 0, 483.0687, 707.5076, 0],
    [0, 1413.0716, 0, 267.565, 360.3634],
    [0, 0, 0, 15737.8439, 271.1561],
    [0, 0, 3825.6695, 517.3305, 0],
    [0, 87.4076, 437.8804, 1029.015, 966.6969],
    [0, 56.5208, 0, 555.6844, 555.7949],
    [1035.8999, 0, 173.3815, 584.6711, 595.0476],
    [482.6764, 0, 0, 384.3825, 797.9411]
  ],
  "p_est": [
    [0.0111, 0, 0.4012, 0.5876, 0],
    [0, 0.6923, 0, 0.1311, 0.1766],
    [0, 0, 0, 0.9831, 0.0169],
    [0, 0, 0.8809, 0.1191, 0],
    [0, 0.0347, 0.1737, 0.4082, 0.3835],
    [0, 0.0484, 0, 0.4758, 0.4759],
    [0.4336, 0, 0.0726, 0.2447, 0.2491],
    [0.2899, 0, 0, 0.2309, 0.4792]
  ],
  "EI_Z": {},
  "EI_V": 13.5485,
  "MAE_Z": {},
  "MAE_V": 212.3051,
  "MAE_p": 0.086,
  "runtime": 0.0315
}
