{
  "X": [
    [122, 1879, 1997, 359],
    [2, 21, 17, 5],
    [5, 21, 23, 7],
    [12, 184, 151, 38],
    [63, 1121, 1351, 252],
    [134, 914, 1499, 244],
    [4, 55, 63, 10],
    [6, 28, 65, 11],
    [2, 23, 31, 5],
    [4, 44, 44, 4],
    [6, 71, 50, 9],
    [23, 633, 410, 70],
    [2, 19, 14, 1],
    [7, 90, 112, 29],
    [2, 5, 15, 0],
    [41, 242, 350, 61],
    [7, 15, 32, 3],
    [2, 33, 47, 10],
    [31, 197, 337, 91],
    [3, 49, 72, 11],
    [112, 674, 1204, 180],
    [2, 8, 16, 1],
    [6, 73, 75, 17],
    [94, 496, 799, 159],
    [8, 85, 126, 16],
    [6, 25, 56, 14],
    [8, 16, 31, 9],
    [157, 310, 777, 110],
    [1, 5, 8, 2],
    [2, 62, 37, 5],
    [97, 2364, 1656, 342],
    [4, 64, 29, 9],
    [6, 47, 101, 13],
    [36, 360, 385, 74],
    [2, 5, 9, 0],
    [1, 26, 43, 2],
    [0, 4, 10, 1],
    [3, 86, 100, 27],
    [8, 129, 116, 28],
    [2, 52, 54, 10],
    [5, 152, 108, 15],
    [5, 69, 62, 27],
    [7, 105, 107, 42],
    [5, 87, 150, 38],
    [5, 55, 125, 22],
    [7, 42, 74, 13],
    [4, 34, 59, 10],
    [3, 39, 64, 21],
    [8, 62, 129, 24],
    [4, 145, 76, 16],
    [6, 187, 101, 17],
    [1, 25, 13, 10],
    [3, 8, 6, 5],
    [1, 6, 5, 1],
    [2, 15, 24, 4],
    [10, 94, 126, 27],
    [6, 81, 86, 13],
    [11, 76, 85, 32],
    [9, 112, 175, 39],
    [9, 80, 55, 11],
    [1, 15, 10, 3],
    [21, 95, 116, 28],
    [15, 148, 203, 36],
    [7, 69, 92, 21],
    [7, 54, 79, 13],
    [0, 7, 7, 1],
    [4, 218, 124, 41],
    [3, 177, 72, 19],
    [6, 252, 155, 48],
    [3, 75, 45, 7],
    [1, 99, 76, 19],
    [24, 104, 178, 33],
    [1, 6, 3, 0],
    [3, 69, 34, 9],
    [0, 4, 3, 0],
    [1, 10, 5, 3],
    [1, 3, 5, 0],
    [88, 202, 433, 71],
    [237, 1252, 1988, 461],
    [109, 696, 967, 286],
    [0, 5, 5, 1]
  ],
  "W": [
    [262, 229, 2120, 1387, 359],
    [4, 2, 21, 12, 6],
    [4, 5, 29, 15, 3],
    [45, 25, 151, 128, 36],
    [207, 142, 1377, 812, 249],
    [169, 275, 1508, 578, 261],
    [8, 14, 61, 41, 8],
    [3, 12, 61, 23, 11],
    [2, 3, 36, 16, 4],
    [9, 7, 45, 27, 8],
    [11, 6, 67, 42, 10],
    [105, 37, 481, 441, 72],
    [0, 3, 15, 15, 3],
    [20, 18, 106, 69, 25],
    [0, 4, 13, 3, 2],
    [48, 120, 307, 152, 67],
    [2, 7, 37, 7, 4],
    [8, 11, 50, 20, 3],
    [48, 65, 334, 130, 79],
    [2, 14, 79, 29, 11],
    [130, 268, 1147, 461, 164],
    [3, 1, 18, 5, 0],
    [15, 14, 77, 47, 18],
    [66, 132, 834, 356, 160],
    [12, 26, 113, 68, 16],
    [5, 16, 54, 17, 9],
    [4, 11, 34, 8, 7],
    [57, 306, 672, 193, 126],
    [3, 0, 6, 5, 2],
    [9, 4, 45, 40, 8],
    [349, 178, 1924, 1713, 295],
    [21, 6, 39, 33, 7],
    [8, 22, 93, 27, 17],
    [61, 61, 421, 248, 64],
    [0, 1, 9, 5, 1],
    [5, 5, 43, 14, 5],
    [1, 1, 10, 3, 0],
    [19, 17, 99, 59, 22],
    [24, 14, 135, 81, 27],
    [12, 10, 55, 33, 8],
    [38, 14, 110, 98, 20],
    [15, 7, 68, 58, 15],
    [27, 9, 110, 80, 35],
    [15, 26, 142, 57, 40],
    [11, 6, 131, 31, 28],
    [8, 8, 77, 28, 15],
    [6, 8, 51, 25, 17],
    [11, 3, 68, 24, 21],
    [20, 19, 119, 34, 31],
    [28, 16, 79, 101, 17],
    [33, 18, 115, 123, 22],
    [4, 1, 20, 19, 5],
    [0, 0, 8, 8, 6],
    [0, 2, 7, 3, 1],
    [2, 9, 16, 16, 2],
    [17, 28, 119, 60, 33],
    [12, 21, 97, 42, 14],
    [24, 15, 91, 51, 23],
    [23, 24, 185, 70, 33],
    [8, 16, 60, 56, 15],
    [3, 3, 16, 6, 1],
    [17, 28, 126, 59, 30],
    [33, 40, 187, 104, 38],
    [15, 19, 90, 46, 19],
    [15, 15, 62, 39, 22],
    [1, 1, 6, 5, 2],
    [39, 15, 134, 156, 43],
    [29, 3, 88, 125, 26],
    [41, 23, 174, 174, 49],
    [14, 7, 46, 52, 11],
    [15, 4, 92, 67, 17],
    [23, 40, 172, 66, 38],
    [1, 2, 2, 5, 0],
    [9, 4, 41, 50, 11],
    [0, 0, 3, 4, 0],
    [5, 3, 4, 6, 1],
    [1, 2, 4, 1, 1],
    [38, 157, 427, 102, 70],
    [218, 316, 2111, 893, 400],
    [140, 126, 1038, 496, 258],
    [3, 1, 4, 2, 1]
  ],
  "method": "mult",
  "cond_prob": [
    [
      [3.0599416898e-05, 0.87278846407, 0.069505199028, 0.057675737482],
      [0.32250694402, 0.0021043908939, 0.66252736515, 0.012861299945],
      [0.019097813828, 0.13950798666, 0.7860054412, 0.055388758314],
      [4.5569806199e-05, 0.97011847511, 0.014125579859, 0.015710375229],
      [0.021134602052, 0.023777883584, 0.39316756722, 0.56191994714]
    ],
    [
      [4.4367131828e-05, 0.90051341877, 0.048996314307, 0.050445899788],
      [0.56234530077, 0.0018342783229, 0.42593401208, 0.0098864088227],
      [0.031521402886, 0.26238140274, 0.66284341494, 0.043253779431],
      [6.4128167935e-05, 0.97707358415, 0.0096385271902, 0.013223760494],
      [0.03540215522, 0.026564216812, 0.3194621131, 0.61857151487]
    ],
    [
      [6.7557355909e-05, 0.84011989125, 0.056327378684, 0.10348517271],
      [0.59060947151, 0.0013913750923, 0.39169811176, 0.016301041639],
      [0.067367500151, 0.11015431488, 0.69017163055, 0.13230655442],
      [0.00010291516185, 0.95968751552, 0.011686677896, 0.028522891423],
      [0.030493727063, 0.014258565089, 0.20864082406, 0.74660688379]
    ],
    [
      [3.1552664731e-05, 0.86625348008, 0.067978254334, 0.065736712923],
      [0.33821042787, 0.0020637971704, 0.64519759237, 0.01452818259],
      [0.018605340526, 0.13421557405, 0.77608006392, 0.071099021503],
      [4.7222254295e-05, 0.96809949786, 0.013879079828, 0.017974200056],
      [0.020218571258, 0.021769751642, 0.356845191, 0.6011664861]
    ],
    [
      [2.5619230731e-05, 0.86386987189, 0.074360165596, 0.061744343283],
      [0.27172452736, 0.0020923854448, 0.7123486429, 0.013834444293],
      [0.014696131212, 0.10932219424, 0.81599600668, 0.059985667867],
      [3.8452883126e-05, 0.96778097377, 0.015230762083, 0.01694981126],
      [0.01663460849, 0.022116488399, 0.39542192137, 0.56582698175]
    ],
    [
      [3.4023087324e-05, 0.87291040128, 0.070736834212, 0.056318741426],
      [0.34230377674, 0.0020081094492, 0.64370055682, 0.011987556984],
      [0.022331681142, 0.13189883618, 0.79370363311, 0.052065849567],
      [5.0664705192e-05, 0.97023580971, 0.014374682021, 0.015338843559],
      [0.023583341502, 0.023855054065, 0.40158688488, 0.55097471956]
    ],
    [
      [2.0961663338e-05, 0.867239609, 0.070522833758, 0.062216595582],
      [0.25122206624, 0.0022209466465, 0.73166449891, 0.01489248821],
      [0.0061246382243, 0.13348087148, 0.79717550392, 0.063218986382],
      [3.1314082782e-05, 0.96868006086, 0.014364374428, 0.016924250633],
      [0.013479571286, 0.021596777462, 0.37198365686, 0.59293999439]
    ],
    [
      [3.9971061717e-05, 0.84478277878, 0.08452633274, 0.070650917419],
      [0.34975687899, 0.0015535413955, 0.63641213658, 0.012277443036],
      [0.025540689945, 0.050909722917, 0.8604111206, 0.063138466541],
      [6.0851955418e-05, 0.96279938345, 0.017545223736, 0.019594540857],
      [0.022128714298, 0.017920931781, 0.38371426005, 0.57623609387]
    ],
    [
      [3.2833392839e-05, 0.87856097629, 0.062912512293, 0.058493678025],
      [0.4015240619, 0.0019492691988, 0.58416142547, 0.012365243425],
      [0.019622005835, 0.1556046845, 0.76494931888, 0.059823990782],
      [4.8428406444e-05, 0.97166933888, 0.012641748528, 0.015640484189],
      [0.022048770739, 0.022138043906, 0.34531181073, 0.61050137463]
    ],
    [
      [3.518398897e-05, 0.90766415044, 0.065111581057, 0.027189084514],
      [0.39098367606, 0.0020489541341, 0.60120086894, 0.005766500864],
      [0.021832347309, 0.20178304571, 0.76951729668, 0.006867310305],
      [5.0771359655e-05, 0.98000368918, 0.012806196789, 0.0071393426681],
      [0.034871394507, 0.03454291278, 0.52894300302, 0.4016426897]
    ],
    [
      [4.6216396308e-05, 0.90913513644, 0.048666872821, 0.042151774341],
      [0.52684570899, 0.002132101716, 0.46178692589, 0.0092352634002],
      [0.036039820261, 0.29157600436, 0.63679549824, 0.035588677135],
      [6.6591641019e-05, 0.97930587935, 0.0095609971539, 0.011066531852],
      [0.042095255929, 0.032028166358, 0.36270825811, 0.5631683196]
    ],
    [
      [2.9253810349e-05, 0.89164242351, 0.060841053318, 0.04748726936],
      [0.34449445908, 0.0023730352048, 0.64143703245, 0.011695473268],
      [0.017726193938, 0.22294151893, 0.71823561333, 0.041096673804],
      [4.2857538809e-05, 0.97507493248, 0.012162536074, 0.012719673908],
      [0.023686582013, 0.028428158337, 0.40338209419, 0.54450316546]
    ],
    [
      [4.1611077112e-05, 0.92405728345, 0.057160535297, 0.018740570172],
      [0.50097299019, 0.0054265872832, 0.49360042253, 0],
      [0.023425121616, 0.26214279329, 0.7144320851, 0],
      [5.9003972279e-05, 0.9889204378, 0.011020558227, 0],
      [0.048273048537, 0.072590590615, 0.54580302751, 0.33333333333]
    ],
    [
      [2.747982307e-05, 0.84269452259, 0.077179208151, 0.080098789438],
      [0.28332323147, 0.0019020362571, 0.69794693124, 0.01682780104],
      [0.014378142664, 0.059615965351, 0.83215484107, 0.093851050914],
      [4.1970435208e-05, 0.96154331613, 0.0160783411, 0.022336372332],
      [0.01490612619, 0.017843670206, 0.34302209541, 0.62422810819]
    ],
    [
      [3.2826865226e-05, 0.9360963082, 0.063870864937, 0],
      [0.40381741349, 0.0017243602774, 0.59445822623, 0],
      [0.021038551659, 0.14830454503, 0.83065690331, 0],
      [4.5219239188e-05, 0.98799681451, 0.011957966248, 0],
      [0.055546758379, 0.050576514964, 0.89387672666, 0]
    ],
    [
      [2.7007741675e-05, 0.87693662456, 0.067175529657, 0.055860838042],
      [0.30362236094, 0.0022380924137, 0.68091911969, 0.013220426955],
      [0.010651041984, 0.16407009915, 0.77116816182, 0.054110697044],
      [4.0060884413e-05, 0.97121714617, 0.013596011436, 0.015146781506],
      [0.019224793611, 0.024536481713, 0.39179195217, 0.56444677251]
    ],
    [
      [6.3461858224e-05, 0.91026709745, 0.056085677485, 0.033583763207],
      [0.57370192076, 0.0015859217297, 0.41899131104, 0.0057208464746],
      [0.074290449117, 0.16710522079, 0.73451440129, 0.024089928804],
      [9.0853860351e-05, 0.98025317671, 0.010940515063, 0.0087154543645],
      [0.058644259161, 0.030924736724, 0.42531825363, 0.48511275049]
    ],
    [
      [1.2832430645e-05, 0.83608926479, 0.063632404373, 0.10026549841],
      [0.18015033382, 0.0025096996567, 0.7840148542, 0.033325112323],
      [0, 0.14123019362, 0.73717484476, 0.12159496163],
      [0, 0.95883291744, 0.013287013227, 0.027880069331],
      [0.0060812228314, 0.01517038526, 0.24743162216, 0.73131676975]
    ],
    [
      [3.5056477121e-05, 0.84540062563, 0.072795162785, 0.08176915511],
      [0.34254352284, 0.0018673297693, 0.63883422641, 0.016754920985],
      [0.021580068039, 0.089214137614, 0.79098024723, 0.098225547115],
      [5.3427109579e-05, 0.96202665736, 0.015137775903, 0.02278213963],
      [0.01921898804, 0.018207672346, 0.32691511427, 0.63565822535]
    ],
    [
      [1.2499277023e-05, 0.89715347939, 0.05547638235, 0.04735763898],
      [0.20236151392, 0.0030984349779, 0.77915207071, 0.015387980392],
      [0.00065151754617, 0.23453577976, 0.71495269913, 0.049860003564],
      [1.8181960667e-05, 0.97642210585, 0.011004830674, 0.012554881516],
      [0.010446967593, 0.028886116474, 0.38004681129, 0.58062010464]
    ],
    [
      [3.2915176795e-05, 0.86045286555, 0.076557457993, 0.062956761284],
      [0.31747752154, 0.0018966780764, 0.66778336516, 0.012842435222],
      [0.020470176236, 0.097980452469, 0.82203622314, 0.059513148159],
      [4.9551532166e-05, 0.9668895676, 0.015727677034, 0.01733320383],
      [0.020790303986, 0.021421634799, 0.39607061921, 0.56171744201]
    ],
    [
      [0.00010130167791, 0.86581326194, 0.083000328685, 0.051085107696],
      [0.70121354995, 0.00068188328343, 0.29416785675, 0.0039367100157],
      [0.072096158956, 0.030749488617, 0.85406063453, 0.043093717898],
      [0.00015033676337, 0.96967750716, 0.016747947132, 0.013424208946],
      [0.05250100691, 0.015707795198, 0.34892479356, 0.58286640433]
    ],
    [
      [2.7746665783e-05, 0.87829355115, 0.063347470057, 0.058331232131],
      [0.32993060507, 0.0022497227055, 0.65387060582, 0.013949066414],
      [0.013354770286, 0.17800199263, 0.7498683383, 0.058774898787],
      [4.1060125556e-05, 0.9714260275, 0.012784012128, 0.015748900242],
      [0.019461566175, 0.023940216096, 0.3641604916, 0.59243772613]
    ],
    [
      [4.8783381697e-05, 0.8638668068, 0.071009081792, 0.065075328029],
      [0.4262838238, 0.0017204613828, 0.55999702583, 0.01199868899],
      [0.039296893844, 0.10896753945, 0.78713521453, 0.064600352173],
      [7.3194492298e-05, 0.96753226008, 0.014538773721, 0.017855771704],
      [0.030797805314, 0.021482983466, 0.36717013019, 0.58054908103]
    ],
    [
      [2.4325516865e-05, 0.86130474438, 0.082004758553, 0.05666617155],
      [0.24765468922, 0.0019353791266, 0.7385566782, 0.011853253453],
      [0.011566880498, 0.07495935662, 0.86486865602, 0.048605106859],
      [3.6575925552e-05, 0.96759612946, 0.016818879421, 0.015548415197],
      [0.015696344675, 0.021692444317, 0.43372670831, 0.5288845027]
    ],
    [
      [3.0894693579e-05, 0.83062720586, 0.072112476266, 0.09722942318],
      [0.32258055367, 0.0018334941492, 0.65522307009, 0.020362882096],
      [0.013061371168, 0.081533558464, 0.78447001676, 0.12093505361],
      [4.7549245686e-05, 0.95757788618, 0.015131523388, 0.027243041182],
      [0.014714920845, 0.015099093568, 0.28191685499, 0.6882691306]
    ],
    [
      [5.4353213466e-05, 0.86594571435, 0.055193270428, 0.078806662014],
      [0.52681278089, 0.0016886247547, 0.45658549335, 0.014913101007],
      [0.058390653788, 0.13671671947, 0.70117962002, 0.10371300672],
      [8.0827210791e-05, 0.96744132234, 0.011184110287, 0.021293740158],
      [0.031273307271, 0.01853474707, 0.26102950405, 0.68916244161]
    ],
    [
      [4.6016050785e-05, 0.86877175558, 0.073735013955, 0.057447214415],
      [0.40319503141, 0.0017372394129, 0.5844232923, 0.010644436884],
      [0.044245248532, 0.1041885924, 0.80389209903, 0.04767406004],
      [6.8763191319e-05, 0.96919755387, 0.015035803394, 0.015697879544],
      [0.030743009247, 0.022845656227, 0.40354108061, 0.54287025391]
    ],
    [
      [0.000248355635, 0.77581791267, 0.12963092734, 0.094302804352],
      [1, 0, 0, 0],
      [0.091267691422, 0, 0.83454489615, 0.074187412433],
      [0.056185079897, 0.53119699912, 0.38555853052, 0.027059390462],
      [0.085361692539, 0.00828063318, 0.33802259426, 0.56833508002]
    ],
    [
      [2.3237243261e-05, 0.91476901248, 0.053794783192, 0.031412967081],
      [0.34769386246, 0.0026775399216, 0.64103403066, 0.0085945669558],
      [0.0092223033642, 0.31587598205, 0.66406732077, 0.010834393811],
      [3.3334301952e-05, 0.98124845787, 0.010517485756, 0.0082007220718],
      [0.024084798936, 0.036501402609, 0.45599774544, 0.48341605301]
    ],
    [
      [2.8179593502e-05, 0.88002115577, 0.061369975511, 0.058580689128],
      [0.3311558561, 0.0023647367057, 0.65192215747, 0.014557249729],
      [0.016632397583, 0.19986723083, 0.72286638418, 0.060633987408],
      [4.169012467e-05, 0.9717163931, 0.01239019152, 0.015851725253],
      [0.020244999334, 0.024938847442, 0.36108614675, 0.59373000648]
    ],
    [
      [3.857273012e-05, 0.89583416167, 0.045511871144, 0.05861539446],
      [0.50038640641, 0.0023347602292, 0.48301414443, 0.01426468893],
      [0.020267281115, 0.32827032179, 0.58640431851, 0.065058078581],
      [5.6170570254e-05, 0.97538119206, 0.0090317836095, 0.015530853756],
      [0.029227705989, 0.026193165077, 0.28262122262, 0.66195790631]
    ],
    [
      [1.9770990255e-05, 0.88110646952, 0.072372811802, 0.046500947692],
      [0.23354527191, 0.0022632305662, 0.75296911341, 0.011222384114],
      [0.0065238110311, 0.14188738593, 0.81536862041, 0.036220182622],
      [2.9185702544e-05, 0.97287590116, 0.0145713493, 0.012523563838],
      [0.01496137707, 0.025775349897, 0.44899934595, 0.51026392709]
    ],
    [
      [3.7423065782e-05, 0.87292367136, 0.06504167122, 0.061997234359],
      [0.384509407, 0.0020308617037, 0.60010042649, 0.013359304806],
      [0.025925212155, 0.15348931041, 0.75574942011, 0.064836057329],
      [5.5695955667e-05, 0.96986769387, 0.013208490573, 0.016868119603],
      [0.025223694563, 0.023149776907, 0.359064383, 0.59256214553]
    ],
    [
      [0.00013071575794, 0.91518149099, 0.084687793254, 0],
      [0.79881462383, 0.00043792278014, 0.20074745339, 0],
      [0.11633801237, 0.0051733754143, 0.87848861222, 0],
      [0.00018464210869, 0.98360110659, 0.016214251298, 0],
      [0.15322005434, 0.034996165523, 0.81178378014, 0]
    ],
    [
      [1.120299613e-05, 0.91120793113, 0.07016160557, 0.018619260299],
      [0.16389491705, 0.0025868807558, 0.82848641705, 0.0050317851391],
      [0.0027509252144, 0.17444919814, 0.81714693142, 0.0056529452252],
      [1.6096807639e-05, 0.9813873405, 0.01373824191, 0.0048583207806],
      [0.012390852047, 0.038057530701, 0.63542128981, 0.31413032744]
    ],
    [
      [0, 0.82762195348, 0.082278549219, 0.090099497304],
      [0, 0.0019284590655, 0.97623453398, 0.021837006953],
      [0, 0.029169340991, 0.88907092349, 0.081759735516],
      [0, 0.95958539251, 0.016925893959, 0.023488713527],
      [0, 0.0048541153859, 0.12449896564, 0.87064691897]
    ],
    [
      [1.1739172446e-05, 0.85309427547, 0.069274087566, 0.077619897788],
      [0.15835818842, 0.0025098504024, 0.81785633472, 0.021275626463],
      [0.0015898282203, 0.12560275583, 0.77495265691, 0.097854759038],
      [1.775841887e-05, 0.96425493686, 0.014293282249, 0.021434022467],
      [0.0067839550973, 0.019219418484, 0.32802808906, 0.64596853736]
    ],
    [
      [2.95699682e-05, 0.88285668806, 0.058056044238, 0.059057697735],
      [0.36201223661, 0.0023622265195, 0.62093443415, 0.014691102717],
      [0.017417050288, 0.20995162556, 0.70891446723, 0.063716856926],
      [4.3601104124e-05, 0.97237594165, 0.011677317869, 0.015903139373],
      [0.021343908513, 0.02490546633, 0.343120631, 0.61062999415]
    ],
    [
      [1.3236451618e-05, 0.87206371976, 0.065934213707, 0.061988830084],
      [0.1870276516, 0.002582243752, 0.7932086893, 0.01718141535],
      [0.0010662660921, 0.16956756196, 0.76301224515, 0.066353926795],
      [1.9683806424e-05, 0.96983003455, 0.013367162564, 0.016783119082],
      [0.0087838057367, 0.022350734666, 0.35873908684, 0.61012637276]
    ],
    [
      [2.1054556836e-05, 0.89306026084, 0.067438837394, 0.03947984721],
      [0.26062718577, 0.0024097037283, 0.72707553034, 0.009887580164],
      [0.0089935335381, 0.19810342319, 0.7685914284, 0.024311614871],
      [3.0808205764e-05, 0.97596265029, 0.013459917919, 0.010546623587],
      [0.017905571634, 0.029712897813, 0.46970688373, 0.48267464682]
    ],
    [
      [4.175499534e-05, 0.81229091755, 0.069373665463, 0.11829366199],
      [0.40705175017, 0.0016530824923, 0.56886333141, 0.022431835928],
      [0.027656752644, 0.021000853609, 0.77214684402, 0.17919554973],
      [6.5438022155e-05, 0.95129923205, 0.014824680165, 0.033810649764],
      [0.017703789257, 0.013376743671, 0.24076899037, 0.7281504767]
    ],
    [
      [3.9505363965e-05, 0.83618969672, 0.072627307169, 0.091143490745],
      [0.37939001659, 0.001730467665, 0.60133850033, 0.017541015416],
      [0.026155644234, 0.046307481774, 0.7985524802, 0.12898439379],
      [6.0665403541e-05, 0.95916192205, 0.015212471768, 0.025564940775],
      [0.02006997451, 0.016586492002, 0.30197844686, 0.66136508663]
    ],
    [
      [1.2944785868e-05, 0.86023052702, 0.071394387362, 0.068362140831],
      [0.16637392947, 0.0024459561313, 0.81305665094, 0.018123463462],
      [0.0024711277996, 0.12749412924, 0.79155500164, 0.078479741316],
      [1.946625383e-05, 0.96655363887, 0.014646131557, 0.018780763319],
      [0.0080518484525, 0.020880586684, 0.36384928833, 0.60721827654]
    ],
    [
      [3.1081548887e-05, 0.86908609811, 0.07586710615, 0.05501571419],
      [0.31953298632, 0.0018970206622, 0.66732007254, 0.01124992048],
      [0.019009540451, 0.11247018906, 0.82357979321, 0.044940477274],
      [4.637775239e-05, 0.96952156102, 0.015441668427, 0.014990392797],
      [0.021099024131, 0.022853844203, 0.42121059876, 0.53483653291]
    ],
    [
      [5.1375687473e-05, 0.86783120576, 0.074299727478, 0.057817691077],
      [0.44384185858, 0.0015671998646, 0.54478006117, 0.0098108803837],
      [0.038236984503, 0.098493936257, 0.81395942612, 0.049309653119],
      [7.6693437296e-05, 0.96905862552, 0.015124863881, 0.015739817164],
      [0.033497260189, 0.021809209914, 0.39659931273, 0.54809421717]
    ],
    [
      [3.3429667133e-05, 0.87029111606, 0.082595767296, 0.047079686974],
      [0.32096742236, 0.0017221555066, 0.66851967372, 0.0087907484058],
      [0.020257306471, 0.080543589784, 0.87616328068, 0.023035823065],
      [4.9805120282e-05, 0.97038524467, 0.016775564437, 0.012789385771],
      [0.023393663826, 0.023360109632, 0.47367950476, 0.47956672178]
    ],
    [
      [3.4881978676e-05, 0.8503976505, 0.072007621491, 0.077559846027],
      [0.36741888811, 0.0017864990617, 0.61545921431, 0.015335398521],
      [0.021809275345, 0.09009167668, 0.79469544849, 0.093403599487],
      [5.2835359221e-05, 0.96364033474, 0.014871827648, 0.02143500225],
      [0.019669564849, 0.018412585677, 0.33168210285, 0.63023574662]
    ],
    [
      [2.9029262792e-05, 0.86286132317, 0.079654180278, 0.057455467286],
      [0.28904968693, 0.0018786314976, 0.69737574583, 0.011695935742],
      [0.016142805794, 0.093464425485, 0.84413146451, 0.046261304211],
      [4.356565394e-05, 0.96790289573, 0.016306173848, 0.015747364771],
      [0.018870975525, 0.021810143572, 0.42421687213, 0.53510200877]
    ],
    [
      [1.6529608913e-05, 0.88965211882, 0.060048497291, 0.050282854278],
      [0.23580955041, 0.0027638101427, 0.74692808269, 0.014498556762],
      [6.7933551798e-05, 0.23593096313, 0.70608367082, 0.057917432498],
      [0, 0.99941977115, 0, 0.00058022884665],
      [0.013012800812, 0.027386866874, 0.38748133872, 0.5721189936]
    ],
    [
      [1.9890393406e-05, 0.90495062172, 0.055690800526, 0.03933868736],
      [0.28516860321, 0.00285186713, 0.70047982857, 0.011499701093],
      [0.003998355277, 0.29009452118, 0.67156155199, 0.034345571549],
      [0, 1, 0, 0],
      [0.018477177385, 0.032928451762, 0.42381764497, 0.52477672588]
    ],
    [
      [3.4111256126e-05, 0.83466171259, 0.044061173536, 0.12124300262],
      [0.55492706219, 0.0018728511991, 0.41740114391, 0.025798942696],
      [0.018482661941, 0.1702914062, 0.57263645656, 0.23858947529],
      [5.2194987358e-05, 0.95716171553, 0.009173569246, 0.033612520238],
      [0.014858309839, 0.013515915879, 0.155865443, 0.81576033129]
    ],
    [
      [0.00032666954999, 0.87270164286, 0.049203995735, 0.077767691859],
      [1, 0, 0, 0],
      [0.24629816536, 0.019585435957, 0.58778577508, 0.14633062361],
      [0.00048005649953, 0.96904092602, 0.009804339983, 0.020674677495],
      [0.17096237086, 0.015164850694, 0.20321317992, 0.61065959853]
    ],
    [
      [2.123204184e-05, 0.94109916057, 0.026419922905, 0.03245968448],
      [0.49082437055, 0.078690778124, 0.41986967017, 0.010615181152],
      [0, 0.40799982593, 0.56504163216, 0.026958541907],
      [0, 0.98740257344, 0.0048628267211, 0.0077345998401],
      [0.018351258895, 0.02441194192, 0.19038075436, 0.76685604483]
    ],
    [
      [2.1998936864e-05, 0.79526558494, 0.09750097787, 0.10721143826],
      [0.20698723705, 0.0014794990653, 0.77258465226, 0.01894861163],
      [0.0075235100039, 0, 0.88284243894, 0.10963405105],
      [3.4957829076e-05, 0.83589216523, 0.13343423905, 0.030638637895],
      [0.0080676916929, 0.010939347435, 0.29565466306, 0.68533829781]
    ],
    [
      [2.4839540667e-05, 0.8784225558, 0.066394284459, 0.055158320196],
      [0.29210122641, 0.0022856502073, 0.69223699398, 0.013376129399],
      [0.010337456513, 0.16716186525, 0.77138215591, 0.051118522321],
      [3.6773078088e-05, 0.97164093347, 0.013407974151, 0.014914319298],
      [0.017829687231, 0.02460910218, 0.39059716151, 0.56696404907]
    ],
    [
      [1.7188215149e-05, 0.90753332757, 0.050864219996, 0.041585264223],
      [0.27292860048, 0.0031470876285, 0.71045155861, 0.013472753278],
      [0.00044438311, 0.29345282275, 0.66610700287, 0.039995791267],
      [2.4805563448e-05, 0.97901587589, 0.010011939237, 0.010947379305],
      [0.016010438285, 0.03285147388, 0.38837613592, 0.56276195191]
    ],
    [
      [5.0301977326e-05, 0.83731415371, 0.066713453725, 0.09592209059],
      [0.45493293865, 0.0016431646895, 0.52587647494, 0.017547421719],
      [0.0395090043, 0.072427500177, 0.75324208186, 0.13482141366],
      [7.7111610605e-05, 0.95913178638, 0.013948391433, 0.02684271058],
      [0.025023764755, 0.016225618235, 0.27192750322, 0.68682311379]
    ],
    [
      [2.3061656047e-05, 0.85975945767, 0.068746483586, 0.071470997084],
      [0.26936224651, 0.0022270882112, 0.71118731589, 0.01722334939],
      [0.011181021499, 0.12897812205, 0.77858024968, 0.081260606764],
      [3.4695497819e-05, 0.96621191991, 0.01411020396, 0.019643180633],
      [0.014056303134, 0.020493799479, 0.34319014629, 0.62225975109]
    ],
    [
      [3.7954328121e-05, 0.90359382334, 0.05303955527, 0.043328667065],
      [0.44540858766, 0.0022882368289, 0.54206628142, 0.010236894092],
      [0.022844278175, 0.29171361186, 0.65984360077, 0.025598509187],
      [5.4964488749e-05, 0.97803008914, 0.010473316773, 0.011441629597],
      [0.033294950728, 0.030809061358, 0.38170008462, 0.55419590329]
    ],
    [
      [0, 0.90161424943, 0.030944432896, 0.067441317677],
      [0.32996634426, 0.083203064702, 0.56003904157, 0.026791549473],
      [0, 0.38534188256, 0.50196790123, 0.1126902162],
      [0, 0.97665281301, 0.0060443459074, 0.017302841085],
      [0.010100967223, 0.020161058572, 0.15929708144, 0.81044089277]
    ],
    [
      [5.1404496929e-05, 0.88187926268, 0.058623481023, 0.059445851796],
      [0.49048262183, 0.0018621955292, 0.49595693617, 0.011698246472],
      [0.048998443933, 0.1735986672, 0.71633330989, 0.061069578976],
      [7.5838631908e-05, 0.97210887983, 0.011798136465, 0.016017145073],
      [0.036244476583, 0.02426850276, 0.33875065039, 0.60073637026]
    ],
    [
      [2.8039799151e-05, 0.86253117975, 0.076664168389, 0.060776612066],
      [0.28633534197, 0.0019731547953, 0.69878163663, 0.012909866604],
      [0.015277851424, 0.096284862624, 0.83184372447, 0.056593561481],
      [4.2118475431e-05, 0.96756678507, 0.01571090135, 0.016680195108],
      [0.018008486055, 0.021719208392, 0.40342386214, 0.55684844341]
    ],
    [
      [2.6291340195e-05, 0.86095332745, 0.069301587109, 0.069718794097],
      [0.29642520111, 0.0021158676171, 0.68546168467, 0.015997246607],
      [0.011781232224, 0.12434049927, 0.78538797313, 0.078490295381],
      [3.9495601074e-05, 0.96664925369, 0.014198878628, 0.019112372081],
      [0.016073637424, 0.020473052614, 0.34729674665, 0.61615656332]
    ],
    [
      [3.6530276763e-05, 0.86515408941, 0.087247668661, 0.047561711656],
      [0.32173528017, 0.0016391560661, 0.66819389223, 0.0084316715263],
      [0.026220121723, 0.0435712584, 0.90783605076, 0.022372569117],
      [5.4735600036e-05, 0.96911479939, 0.01782604809, 0.013004416923],
      [0.024801845819, 0.022782096411, 0.48578752563, 0.46662853214]
    ],
    [
      [0, 0.90159263582, 0.066371450952, 0.032035913224],
      [0, 0.0026771845148, 0.98748363903, 0.0098391764528],
      [0, 0.17065899796, 0.82934100204, 0],
      [0, 0.98716677449, 0.012833225508, 0],
      [4.1525909074e-17, 0.067971159732, 0.45296638511, 0.47906245516]
    ],
    [
      [1.3951021287e-05, 0.87830611805, 0.059577556781, 0.062102374143],
      [0.2063467206, 0.0028570037849, 0.77206354363, 0.018732731984],
      [0.0035975277584, 0.2135259836, 0.71143483469, 0.071441653954],
      [0, 0.98749089834, 0, 0.012509101659],
      [0.0098182879433, 0.024235916169, 0.34333149496, 0.62261430093]
    ],
    [
      [2.6016968669e-05, 0.90097090618, 0.054557283382, 0.044445793471],
      [0.36075643104, 0.0025804581916, 0.62485282839, 0.011810282381],
      [0.015056105567, 0.28482051249, 0.66365541454, 0.0364679674],
      [0, 1, 0, 0],
      [0.022770727881, 0.030765278722, 0.39006168528, 0.55640230811]
    ],
    [
      [1.444191792e-05, 0.88295985731, 0.056387600738, 0.060638100034],
      [0.21945203275, 0.0029856903604, 0.75855339119, 0.019008885703],
      [0.0024893745023, 0.26043153324, 0.67122796778, 0.065851124473],
      [2.1299122134e-05, 0.97229040906, 0.011345409506, 0.016342882307],
      [0.010513345255, 0.025231775734, 0.33619617804, 0.62805870097]
    ],
    [
      [2.589885282e-05, 0.89981423222, 0.063240662788, 0.03691920614],
      [0.32603522125, 0.0023282324437, 0.66273151534, 0.0089050309685],
      [0.010072373516, 0.21835381466, 0.74764898521, 0.02392482662],
      [0, 1, 0, 0],
      [0.023096516871, 0.031093422509, 0.46215061764, 0.48365944298]
    ],
    [
      [8.1149532632e-06, 0.88058743985, 0.058247313418, 0.061157131781],
      [0.14017534038, 0.0031484125353, 0.83632128331, 0.020354963777],
      [0.0036944102061, 0.22015591054, 0.70888745301, 0.067262226249],
      [1.1985860902e-05, 0.97177322639, 0.011732929158, 0.016481858587],
      [0.0057934189727, 0.024437930255, 0.3398384256, 0.62993022517]
    ],
    [
      [4.5419159651e-05, 0.86944110092, 0.071722440819, 0.058791039104],
      [0.40974982876, 0.00175220958, 0.57747006992, 0.011027891734],
      [0.03755151155, 0.11105389626, 0.79920743961, 0.052187152582],
      [6.7783529514e-05, 0.96929929986, 0.014602991589, 0.016029925018],
      [0.030148118666, 0.022572167053, 0.39010800018, 0.5571717141]
    ],
    [
      [4.2495179661e-05, 0.93453312804, 0.06542437678, 0],
      [0.47427678192, 0.0011923784225, 0.52453083966, 0],
      [0.025701970489, 0.1113967182, 0.86290131131, 0],
      [0, 0.96805773574, 0.031942264259, 0],
      [0.065011458627, 0.046938793901, 0.88804974747, 0]
    ],
    [
      [3.6479584301e-05, 0.89699075094, 0.053671921563, 0.049300847911],
      [0.45446776141, 0.0021884175294, 0.53211852257, 0.011225298483],
      [0.020898290542, 0.25878011021, 0.67017522779, 0.050146371466],
      [0, 1, 0, 0],
      [0.029542793262, 0.028031368452, 0.35557220694, 0.58685363134]
    ],
    [
      [0, 0.92000101057, 0.079998989425, 0],
      [0, 0.0017578089975, 0.998242191, 0],
      [1.7105694145e-49, 0.082626958961, 0.91737304104, 0],
      [2.3111159333e-33, 0.93802978078, 0.061970219221, 0],
      [1.1102230246e-16, 0.03716770378, 0.96283229622, -0]
    ],
    [
      [0, 0.80605966077, 0.054709953745, 0.13923038549],
      [0.33098608572, 0.0017574622924, 0.56825199755, 0.099004454438],
      [0, 0.11830474904, 0.71848633687, 0.16320891408],
      [0, 0.91395873674, 0.0045526450567, 0.081488618205],
      [0.0070417428299, 0.0074578926849, 0.1204330208, 0.86506734369]
    ],
    [
      [2.3968884123e-05, 0.95923762832, 0.0407384028, 0],
      [0.46956154142, 0.032040888151, 0.49839757043, 0],
      [0, 0.23090747235, 0.76909252765, 0],
      [3.1081177094e-05, 0.99284159731, 0.007127321513, 0],
      [0.060821867103, 0.060209108669, 0.87896902423, 0]
    ],
    [
      [4.3822810702e-05, 0.881188335, 0.061610975267, 0.057156866919],
      [0.43453865883, 0.0019853280874, 0.55152393069, 0.011952082391],
      [0.041143858899, 0.15764142267, 0.74345323122, 0.057761487215],
      [6.4740608413e-05, 0.97207841551, 0.012419959708, 0.015436884175],
      [0.031439057209, 0.024832298558, 0.3621165743, 0.58161206993]
    ],
    [
      [5.1366322393e-05, 0.85264409411, 0.071409936317, 0.075894603255],
      [0.43611699935, 0.0016565753996, 0.54858663366, 0.01363979159],
      [0.041355128312, 0.093275706492, 0.78231934548, 0.083049819718],
      [7.781885045e-05, 0.96412821182, 0.014763532125, 0.021030437203],
      [0.029514155615, 0.019321500244, 0.33604821289, 0.61511613125]
    ],
    [
      [5.3516943341e-05, 0.85045396367, 0.069750195899, 0.079742323489],
      [0.45217005177, 0.0016390824266, 0.53196826047, 0.014222605326],
      [0.042619443897, 0.090621236157, 0.77112326552, 0.095636054428],
      [8.1214671082e-05, 0.96334190404, 0.014444479107, 0.022132402184],
      [0.029999286287, 0.018788733204, 0.32021922679, 0.63099275372]
    ],
    [
      [9.1813120995e-35, 0.87833945618, 0.068689283185, 0.052971260637],
      [0, 0.0022957612856, 0.98300025127, 0.014703987445],
      [1.2404686125e-18, 0.10077645985, 0.87636277576, 0.022860764392],
      [0, 0.97314030866, 0.013417099494, 0.013442591848],
      [8.5655485949e-19, 0.013299413474, 0.27864659715, 0.70805398938]
    ]
  ],
  "expected_outcome": [
    [
      [0.0080170472274, 0.00017746852731, 0.00027022942363, 0.0014198699129, 0.0053031807613, 0.0057499017578, 0.0001676933067, 0.00011991318515, 6.5666785677e-05, 0.00031665590073, 0.00050838035938, 0.0030716500867, 0, 0.0005495964614, 0, 0.0012963716004, 0.00012692371645, 0.00010265944516, 0.0016827109018, 2.4998554047e-05, 0.0042789729833, 0.00030390503372, 0.00041619998675, 0.003219703192, 0.00029190620238, 0.0001544734679, 0.00021741285386, 0.0026229148947, 0.00074506690499, 0.00020913518935, 0.0098346781322, 0.00081002733251, 0.00015816792204, 0.0022828070127, 0, 5.6014980648e-05, 0, 0.00022304427647, 0.00070967923681, 0.00015883741941, 0.00080007315977, 0.00062632493011, 0.0010666448271, 0.00019417178802, 0.00034189703776, 0.00041100549979, 0.0002005780028, 0.00038370176543, 0.00058058525583, 0.00046282904956, 0.0006563829824, 0.0001364450245, 0, 0, 4.3997873728e-05, 0.00042227219133, 0.00020625858179, 0.0012072474558, 0.00053041808908, 0.00030363462496, 0, 0.00087387644779, 0.00092531337197, 0.00039437010293, 0.00054795415144, 0, 0.0005440898302, 0.00075449209139, 0.00059211863473, 0.00036258393947, 0.00012172429895, 0.001044640672, 4.2495179661e-05, 0.00032831625871, 0, 0, 2.3968884123e-05, 0.0016652668067, 0.011197858282, 0.0074923720677, 2.7543936299e-34],
      [228.6705775871, 3.6020536751, 3.360479565, 38.9814066035, 178.8210634813, 147.5218578155, 6.937916872, 2.5343483363, 1.7571219526, 8.168977354, 10.0004865009, 93.6224544687, 0, 16.8538904518, 0, 42.0929579788, 1.8205341949, 6.6887141183, 40.5792300302, 1.7943069588, 111.858872521, 2.5974397858, 13.1744032672, 57.0152092486, 10.3356569326, 4.1531360293, 3.4637828574, 49.519990068, 2.327453738, 8.2329211124, 307.1273833629, 18.812517395, 7.0488517561, 53.2483439527, 0, 4.5560396557, 0.82762195348, 16.208791234, 21.1885605134, 10.4647646371, 33.9362899119, 12.1843637632, 22.5771218115, 12.9034579053, 9.5599470792, 6.9426496461, 5.2217466964, 9.3543741555, 17.2572264635, 24.910259327, 29.8633705168, 3.3386468503, 0, 0, 1.5905311699, 14.9331834487, 10.8903999308, 20.095539689, 19.7744675265, 7.2287505867, 2.7048427483, 14.9919474656, 28.4635289316, 12.9142999118, 12.9773113411, 0.90159263582, 34.2539386041, 26.1281562792, 36.2013541497, 12.5973992511, 13.2088115977, 19.9971453211, 0.93453312804, 8.0729167585, 0, 4.0302983038, 0.95923762832, 33.4851567301, 185.8764125151, 119.0635549136, 2.6350183685],
      [18.2103621454, 0.19598525723, 0.22530951474, 3.059021445, 15.3925542783, 11.9545249818, 0.56418267007, 0.25357899822, 0.12582502459, 0.58600422952, 0.53533560103, 6.3883105984, 0, 1.543584163, 0, 3.2244254236, 0.11217135497, 0.50905923499, 3.4941678137, 0.1109527647, 9.9524695391, 0.24900098605, 0.95021205085, 4.6865993983, 0.98405710264, 0.36056238133, 0.22077308171, 4.2028957954, 0.38889278202, 0.48415304872, 21.4181214535, 0.95574929402, 0.57898249442, 3.9675419444, 0, 0.35080802785, 0.082278549219, 1.3162076638, 1.3933450617, 0.79121056449, 2.562675821, 1.0406049819, 1.9609372936, 1.0709158104, 0.83453816765, 0.59439781983, 0.49557460377, 0.79208383641, 1.5930836056, 1.6813579241, 1.8377964173, 0.17624469414, 0, 0, 0.19500195574, 1.1287028358, 0.61037063995, 1.6011228894, 1.5811691225, 0.42431644216, 0.092833298689, 0.99659917739, 2.5299175568, 1.0395238066, 1.3087150299, 0.066371450952, 2.3235247145, 1.5821612181, 2.3118916302, 0.88536927903, 0.87370970128, 1.6496161388, 0.06542437678, 0.48304729406, 0, 0.27354976873, 0.0407384028, 2.3412170602, 15.5673661171, 9.7650274258, 0.20606784956],
      [15.1110432203, 0.20178359915, 0.41394069084, 2.9581520815, 12.7810790597, 9.5178673009, 0.49773276466, 0.21195275226, 0.11698735605, 0.24470176063, 0.46366951775, 4.9861632829, 0, 1.6019757888, 0, 2.681320226, 0.067167526413, 0.80212398729, 3.9249194453, 0.09471527796, 8.1843789669, 0.15325532309, 0.87496848197, 4.2949716499, 0.6799940586, 0.4861471159, 0.31522664806, 3.2744912217, 0.28290841306, 0.28271670373, 20.4446605055, 1.2309232836, 0.37200758154, 3.7818312959, 0, 0.093096301497, 0.090099497304, 1.474778058, 1.4173847457, 0.743865961, 1.500234194, 1.7744049299, 2.4608742501, 1.0254321125, 0.60517285609, 0.46254152861, 0.28247812185, 0.8531583063, 1.1491093457, 1.4079199198, 1.2981766829, 0.48497201049, 0, 0, 0.21442287651, 0.93769144333, 0.49902317067, 2.3021301742, 1.6438329329, 0.34662933652, 0.20232395303, 1.0105794805, 2.0056281982, 1.0457819115, 0.71342567484, 0.032035913224, 2.4219925916, 1.2889280107, 2.4861621014, 0.51686888597, 0.91735697671, 1.3521938994, 0, 0.4437076312, 0, 0.69615192744, 0, 2.1719609429, 16.5450235095, 11.1639252885, 0.15891378191]
    ],
    [
      [73.8540901796, 1.1246906015, 2.9530473576, 8.4552606969, 38.5848828854, 94.1335386047, 3.5171089273, 4.1970825479, 1.2045721857, 2.7368857324, 3.161074254, 12.746294986, 1.5029189706, 5.0998181664, 1.615269654, 36.434683313, 4.0159134453, 1.9816536721, 22.2653289846, 2.8330611949, 85.0839757738, 0.70121354995, 4.6190284709, 56.2694647411, 6.4390219198, 5.1612888587, 5.7949405898, 123.3776796103, 0, 1.3907754499, 58.9457423851, 3.0023184384, 5.137995982, 23.4550738268, 0.79881462383, 0.81947458526, 0, 2.6920892031, 5.0681713126, 1.870276516, 3.6487806008, 2.8493622512, 3.4145101493, 4.3257221661, 1.9171979179, 3.5507348687, 2.5677393789, 1.1022566643, 5.4919440517, 3.7729528066, 5.1330348577, 0.55492706219, 0, 0.98164874111, 1.8628851334, 8.1788343395, 5.7315006101, 6.8239940797, 6.4646939163, 7.1265374026, 0.98989903278, 13.7335134112, 11.4534136788, 5.632078821, 4.8260292026, 0, 3.095200809, 1.0822692931, 5.0473967532, 2.2822465487, 0.56070136152, 16.3899931505, 0.94855356384, 1.8178710457, 0, 0.99295825717, 0.93912308284, 68.2225694368, 137.8129717952, 56.9734265235, 0],
      [0.4819055147, 0.0036685566459, 0.0069568754617, 0.051594929261, 0.29711873316, 0.55223009853, 0.031093253051, 0.018642496746, 0.0058478075963, 0.014342678939, 0.012792610296, 0.087802302578, 0.016279761849, 0.034236652628, 0.0068974411096, 0.26857108965, 0.011101452108, 0.027606696224, 0.12137643501, 0.043378089691, 0.50830972446, 0.00068188328343, 0.031496117877, 0.22710090253, 0.050319857292, 0.029335906387, 0.018574872302, 0.53159526036, 0, 0.010710159687, 0.42092313361, 0.014008561375, 0.049791072456, 0.12388256392, 0.00043792278014, 0.012934403779, 0.0019284590655, 0.04266745684, 0.033071171273, 0.02582243752, 0.033735852197, 0.011571577446, 0.015574208985, 0.063594859414, 0.011382123973, 0.012537598917, 0.013777244053, 0.0053594971851, 0.035693998454, 0.044220962283, 0.051333608339, 0.0018728511991, 0, 0.15738155625, 0.013315491588, 0.063998205805, 0.066088840198, 0.024647470343, 0.053450117068, 0.036611789262, 0.24960919411, 0.052141474816, 0.07892619181, 0.040201484725, 0.024587340992, 0.0026771845148, 0.042855056773, 0.0077413745747, 0.068670878289, 0.016297627106, 0.012593650141, 0.070088383199, 0.002384756845, 0.0087536701177, 0, 0.0052723868773, 0.064081776303, 0.31169650972, 0.52347782629, 0.20652438575, 0.0022957612856],
