{
  "X": [
    [57, 40, 123, 123, 30, 33, 41],
    [4, 3, 13, 3, 3, 1, 1],
    [0, 0, 3, 5, 0, 1, 0],
    [1, 0, 4, 7, 2, 1, 0],
    [8, 16, 65, 39, 23, 17, 24],
    [19, 22, 161, 107, 29, 22, 27],
    [32, 38, 92, 63, 12, 26, 27],
    [13, 29, 214, 86, 45, 39, 37],
    [23, 53, 554, 187, 101, 62, 80],
    [71, 138, 595, 285, 128, 68, 115],
    [8, 12, 37, 30, 7, 3, 11],
    [103, 139, 559, 388, 98, 136, 103],
    [23, 42, 109, 65, 27, 49, 25],
    [77, 75, 320, 272, 77, 104, 75],
    [117, 103, 596, 393, 143, 136, 80],
    [11, 27, 131, 66, 36, 22, 31],
    [60, 87, 355, 157, 60, 67, 76],
    [2, 6, 36, 10, 3, 4, 11],
    [11, 35, 119, 101, 21, 26, 24],
    [2, 9, 35, 23, 6, 7, 7],
    [19, 38, 249, 94, 63, 45, 46],
    [16, 6, 164, 113, 54, 28, 31],
    [10, 17, 74, 43, 12, 5, 14],
    [29, 55, 347, 136, 65, 64, 61],
    [4, 11, 101, 54, 15, 30, 12],
    [22, 31, 143, 76, 27, 19, 23],
    [8, 46, 391, 74, 61, 47, 59],
    [76, 49, 493, 312, 104, 112, 88],
    [17, 26, 294, 70, 53, 47, 56],
    [10, 15, 90, 44, 20, 25, 21],
    [47, 75, 484, 242, 85, 105, 75],
    [45, 48, 206, 213, 57, 39, 30],
    [18, 35, 291, 78, 48, 59, 63],
    [31, 35, 252, 116, 52, 50, 49],
    [48, 47, 344, 237, 76, 90, 64],
    [11, 23, 100, 63, 24, 17, 28],
    [4, 13, 218, 48, 39, 15, 25],
    [26, 53, 312, 134, 77, 37, 53],
    [1, 1, 24, 9, 2, 4, 2],
    [9, 15, 252, 60, 64, 24, 35],
    [29, 83, 646, 220, 98, 75, 94],
    [18, 32, 116, 64, 20, 23, 29],
    [77, 112, 605, 284, 137, 101, 91],
    [14, 16, 294, 62, 57, 24, 46],
    [52, 57, 316, 190, 63, 73, 65],
    [12, 18, 52, 31, 23, 19, 21],
    [1, 7, 211, 128, 44, 18, 50],
    [127, 115, 722, 342, 159, 95, 131],
    [24, 18, 174, 78, 30, 15, 32],
    [133, 199, 710, 437, 131, 127, 170],
    [32, 42, 150, 87, 11, 9, 30]
  ],
  "W": [
    [22, 23, 200, 186, 16],
    [2, 3, 5, 17, 1],
    [1, 0, 4, 4, 0],
    [0, 1, 7, 5, 2],
    [8, 11, 67, 89, 17],
    [15, 28, 136, 182, 26],
    [14, 26, 101, 132, 17],
    [12, 21, 122, 279, 29],
    [35, 39, 260, 679, 47],
    [43, 88, 396, 793, 80],
    [4, 5, 29, 64, 6],
    [55, 76, 558, 773, 64],
    [15, 22, 112, 162, 29],
    [49, 49, 384, 477, 41],
    [68, 56, 628, 751, 65],
    [12, 21, 85, 182, 24],
    [20, 56, 228, 510, 48],
    [4, 5, 12, 38, 13],
    [9, 19, 131, 165, 13],
    [6, 7, 27, 40, 9],
    [19, 32, 146, 323, 34],
    [15, 6, 169, 204, 18],
    [9, 16, 47, 94, 9],
    [26, 30, 233, 438, 30],
    [13, 8, 74, 123, 9],
    [10, 19, 96, 195, 21],
    [32, 25, 121, 460, 48],
    [49, 30, 466, 642, 47],
    [28, 17, 111, 377, 30],
    [11, 9, 62, 131, 12],
    [46, 51, 367, 605, 44],
    [15, 22, 281, 290, 30],
    [30, 22, 123, 384, 33],
    [20, 18, 174, 340, 33],
    [35, 33, 360, 443, 35],
    [14, 13, 83, 138, 18],
    [7, 9, 67, 257, 22],
    [27, 29, 177, 420, 39],
    [2, 2, 10, 25, 4],
    [13, 5, 91, 315, 35],
    [32, 55, 307, 782, 69],
    [10, 26, 90, 161, 15],
    [42, 76, 398, 827, 64],
    [13, 8, 102, 366, 24],
    [28, 36, 285, 437, 30],
    [9, 9, 63, 84, 11],
    [14, 8, 131, 253, 53],
    [42, 66, 533, 964, 86],
    [9, 21, 107, 210, 24],
    [71, 142, 539, 1025, 130],
    [4, 37, 100, 191, 29]
  ],
  "method": "mvn_pdf",
  "cond_prob": [
    [
      [0.070827735328, 0.035237563223, 0.12241337842, 0.12439831007, 0.045784806966, 0.4034639586, 0.1978742474],
      [0.16060475117, 0.74225064011, 0.016797901765, 0.055470773565, 0.00063288724702, 0.0018800991492, 0.02236294699],
      [0.24507269479, 0.032274400646, 0.047501945952, 0.51280189987, 0.052490546479, 0.092496383563, 0.017362128701],
      [0.01395260889, 0.075962291918, 0.57348417587, 0.076881335928, 0.094396713322, 0.029574175117, 0.13574869895],
      [0.0086347708684, 0.098071403781, 0.23450675196, 0.13294380815, 0.05764249165, 0.0050298341243, 0.46317093947]
    ],
    [
      [0.23837752986, 0.028624619545, 0.19680002918, 0.10484897381, 0.080882021682, 0.27670211527, 0.073764710643],
      [0.44269188298, 0.48924411094, 0.0188955597, 0.036561469002, 0.0055786610737, 0.0016454611564, 0.0053828551415],
      [0.43299384487, 0.19714447509, 0.038044020492, 0.2452141199, 0.052935493377, 0.029861971023, 0.0038060752468],
      [0, 0.024063347735, 0.70090155704, 0.078448097449, 0.14362083421, 0.016987708226, 0.035978455346],
      [0.030200066981, 0.080219141123, 0.44416669044, 0.12092938925, 0.115268325, 0.0035584910389, 0.20565789618]
    ],
    [
      [0, 0, 0.074419196904, 0.40469721783, 0, 0.52088358527, 0],
      [0.01829551859, 0.50818743368, 0.039294952555, 0.42562438321, 0.00026617631009, 0.0035430032481, 0.0047885324024],
      [0, 0, 0, 0.94068157312, 0, 0.059318426879, 0],
      [0, 0, 0.73139520077, 0.20814412242, 0, 0.060460676804, 0],
      [0.0015294751495, 0.0045323504078, 0.27554541986, 0.66338110542, 0.019171739417, 0.005361799252, 0.030478110488]
    ],
    [
      [0.019270592655, 0.0013793111729, 0.060844349405, 0.22184976842, 0.057255322598, 0.62786006645, 0.011540589298],
      [0.4845384889, 0, 0.048109872251, 0.44998338366, 0.0060577769416, 0.011310478249, 0],
      [0.038238465342, 0, 0.046220848488, 0.7425572695, 0.077019007832, 0.095964408835, 0],
      [0.019352615079, 0, 0.60536157604, 0.096766962824, 0.22202325094, 0.056495595115, 0],
      [0.075514589158, 0, 0.30076815407, 0.43414045785, 0.17234645676, 0.017230342163, 0]
    ],
    [
      [0.017378017566, 0.020928642906, 0.13775473518, 0.079550040969, 0.076706529013, 0.45532476045, 0.21235727392],
      [0.067817892516, 0.79349824604, 0.032597137424, 0.060684041623, 0.0002935283131, 0.003605038747, 0.04150411534],
      [0.095924480741, 0.031654045134, 0.07643502424, 0.49011667187, 0.12395414085, 0.15477984844, 0.027135788733],
      [0.0072805885312, 0.045079612037, 0.60644416088, 0.038552742791, 0.14004810321, 0.031980672347, 0.13061412021],
      [0.0023568501679, 0.057128450296, 0.26145392147, 0.083944946528, 0.094935902009, 0.005953929757, 0.49422599977]
    ],
    [
      [0.025715588266, 0.012605233197, 0.21491370772, 0.14958720022, 0.059757385231, 0.39809641017, 0.13932447519],
      [0.12893950745, 0.61852502852, 0.064545901379, 0.14694107804, 0.001446029604, 0.0033713863441, 0.036231068667],
      [0.097854035855, 0.0076734310795, 0.080343448489, 0.63518474038, 0.070438068383, 0.091909112247, 0.016597163569],
      [0.0088066277543, 0.01396348367, 0.73892854244, 0.055782439382, 0.090952542486, 0.018234216534, 0.073332147736],
      [0.0035771092267, 0.034895386497, 0.40605020875, 0.15785819818, 0.074238860004, 0.0044572444232, 0.31892299292]
    ],
    [
      [0.063260720721, 0.037867452813, 0.11611271239, 0.10523102509, 0.028616313441, 0.5001257919, 0.14878598365],
      [0.13436661889, 0.78316052097, 0.016645118114, 0.046002406464, 0, 0.003151644505, 0.016673691056],
      [0.25258641424, 0.035291882955, 0.052487299407, 0.481163245, 0.030767438253, 0.12878039044, 0.018923329705],
      [0.014886508202, 0.086266012986, 0.60714189154, 0.071617368993, 0.058771146898, 0.043754510228, 0.11756256115],
      [0.008504170451, 0.12682871899, 0.26457070778, 0.13410133108, 0.043180526923, 0.0078753748396, 0.41493916994]
    ],
    [
      [0.015839034137, 0.015423133993, 0.1481826345, 0.091905224208, 0.054795742618, 0.55861950227, 0.11523472828],
      [0.081606566926, 0.74391052307, 0.045334473094, 0.092381906097, 0.0010887389664, 0.0050743816059, 0.030603410236],
      [0.082282702212, 0.020540858703, 0.074426739529, 0.53809738939, 0.087534198446, 0.17914691342, 0.017971198297],
      [0.0035277932647, 0.032542134771, 0.68638090586, 0.048749853892, 0.11125859777, 0.036157946814, 0.081382767629],
      [0.0025327480773, 0.055433139466, 0.36860170669, 0.12786298413, 0.089629882142, 0.0084832193288, 0.34745632017]
    ],
    [
      [0.016511857481, 0.017329603676, 0.21791532632, 0.10700631662, 0.068688304718, 0.42342530555, 0.14912328564],
      [0.075670619146, 0.73049341336, 0.059020351618, 0.095087459399, 0.0011819752471, 0.0035543800861, 0.034991801145],
      [0.074545746905, 0.02223994705, 0.099317620415, 0.560885517, 0.098485298882, 0.12371946506, 0.020806404687],
      [0, 0.023417923626, 0.73490908668, 0.0418514279, 0.10154939808, 0.02155594512, 0.076716218588],
      [0.0018943967274, 0.047256688843, 0.40947486597, 0.11274497954, 0.084927516843, 0.0050626772197, 0.33863887485]
    ],
    [
      [0.032915775543, 0.034554072567, 0.18671789347, 0.12738556554, 0.068977029794, 0.38615493096, 0.16329473213],
      [0.082700132645, 0.80243421925, 0.028231038268, 0.063149538568, 0.00067521305572, 0.0014407782729, 0.021369079943],
      [0.13136298146, 0.035031233278, 0.071790115582, 0.56501156976, 0.083653846103, 0.094009144441, 0.019141109373],
      [0.012523268022, 0.056538357087, 0.66729943112, 0.050353489422, 0.10758045935, 0.017294081265, 0.088410913732],
      [0.0044539722263, 0.089908475474, 0.33611830704, 0.12862953189, 0.081704270589, 0.0040840229909, 0.35510141978]
    ],
    [
      [0.069257098317, 0.051684776982, 0.1148974933, 0.25089973539, 0.04240586234, 0.30678926992, 0.16406576375],
      [0.1011672049, 0.80425341922, 0.010960968557, 0.070279650402, 0.00054339954205, 2.5779979719e-06, 0.012792779388],
      [0.17096322959, 0.025648279445, 0.032073866812, 0.68476485882, 0.03213838755, 0.03924454865, 0.015166829135],
      [0.034440040608, 0.097237429714, 0.53655555613, 0.11429341497, 0.087511642051, 0.0096991067693, 0.12026280976],
      [0.0091732208926, 0.13416636507, 0.20265124238, 0.2453405571, 0.049150203789, 0.0023325477081, 0.35718586306]
    ],
    [
      [0.034107875286, 0.031046332104, 0.13283996139, 0.12093004114, 0.040075086361, 0.52553495936, 0.11546574435],
      [0.09426663064, 0.79798073814, 0.022244183754, 0.065929327642, 0.00018857260367, 0.0027251071928, 0.016665440031],
      [0.1438340672, 0.031616212462, 0.055425251483, 0.56682781768, 0.049900779152, 0.13771658679, 0.014679285227],
      [0.017218769061, 0.067388190198, 0.64517567758, 0.064235121428, 0.082652630747, 0.038202078072, 0.085127532913],
      [0.0060982022865, 0.10801559467, 0.31804929781, 0.16241480792, 0.063225318721, 0.0080063642099, 0.33419041438]
    ],
    [
      [0.023539996782, 0.025554511141, 0.07070075674, 0.061767139504, 0.029550915005, 0.72568010013, 0.063206580701],
      [0.077802684929, 0.85209794191, 0.015719750078, 0.041470925896, 0.0012052057293, 0.00024488269744, 0.011458608762],
      [0.14917737257, 0.035101542961, 0.050873709221, 0.4332328312, 0.05958206439, 0.25782048983, 0.014211989823],
      [0.024661844395, 0.088925215617, 0.57744953012, 0.065123916896, 0.10837858522, 0.054684091279, 0.080776816474],
      [0.0080053951583, 0.15631965067, 0.28789568397, 0.1409993416, 0.079299990743, 0.012920463111, 0.31455947475]
    ],
    [
      [0.036547358311, 0.021055156109, 0.1069574819, 0.12258431968, 0.04343494899, 0.55281125156, 0.11660948345],
      [0.13605721367, 0.72359894635, 0.023756529136, 0.089691987617, 0.00059603055701, 0.0037262282867, 0.022573064388],
      [0.1525125619, 0.023013618227, 0.042236845531, 0.56970130624, 0.055178027423, 0.14259482687, 0.014762813803],
      [0.020309948667, 0.055375364213, 0.59933814595, 0.074338864373, 0.10605236323, 0.04528403235, 0.099301281225],
      [0.0070660168142, 0.079528557333, 0.28028705266, 0.17984197656, 0.074808346644, 0.0090918667787, 0.36937618321]
    ],
    [
      [0.036674493897, 0.025409154546, 0.16933939333, 0.11416778286, 0.062435728777, 0.48715191415, 0.10482153243],
      [0.11835263196, 0.7552097126, 0.032779691854, 0.072528697527, 0.00074309435516, 0.0029447136121, 0.017441458094],
      [0.15352894742, 0.027725027383, 0.068802418019, 0.53210575027, 0.079660450023, 0.12723622056, 0.010941186329],
      [0.014733447984, 0.048196203348, 0.6852673389, 0.050113165978, 0.11007819427, 0.02975937981, 0.061852269709],
      [0.0061136709362, 0.082673348836, 0.38162413043, 0.14427053668, 0.092573394617, 0.0070019250404, 0.28574299346]
    ],
    [
      [0.020656963268, 0.020298538072, 0.14991510003, 0.11841710964, 0.074474445799, 0.46475705329, 0.15148078991],
      [0.081625815717, 0.75683296029, 0.035191778806, 0.091357569226, 0.00063175216557, 0.0035130712548, 0.030847052541],
      [0.090460295103, 0.023282415042, 0.062745877947, 0.58084842704, 0.097547208094, 0.1255115025, 0.01960427428],
      [0.0070245027923, 0.040811526595, 0.63556816517, 0.054945816072, 0.13390905817, 0.03039411086, 0.097346820343],
      [0.0029329049486, 0.060675927421, 0.31063273996, 0.13700962114, 0.10125327416, 0.0062056239757, 0.3812899084]
    ],
    [
      [0.041220356044, 0.026782792479, 0.12323395395, 0.10005679989, 0.038896434144, 0.54349085492, 0.12631880857],
      [0.12691439663, 0.76573806059, 0.022971047393, 0.060760180393, 0.00034999668468, 0.0030311727671, 0.020235145542],
      [0.1863894448, 0.030673233127, 0.054644484241, 0.50587927398, 0.053254117252, 0.15223646097, 0.016922985625],
      [0.018082533668, 0.062694522602, 0.63550068296, 0.057987722974, 0.086300380443, 0.04087192188, 0.098562235471],
      [0.0072812725409, 0.096152272449, 0.30593024061, 0.13921001491, 0.063486223823, 0.0084550826344, 0.37948489303]
    ],
    [
      [0.018485348657, 0.018888600037, 0.21997937203, 0.096831864961, 0.035616215503, 0.4059963591, 0.2042022397],
      [0.069671990357, 0.76855267491, 0.048752334588, 0.070764614593, 0, 0.0030648076954, 0.039193577851],
      [0.095650145569, 0.024927597605, 0.10458147063, 0.57151123522, 0.053213582331, 0.12034474622, 0.029771222427],
      [0.010080934886, 0.030828349984, 0.75496414705, 0.032051415616, 0.045306428557, 0.022290843433, 0.10447788047],
      [0.0036016446982, 0.047005673432, 0.37943889257, 0.090981603934, 0.038255989605, 0.0053462707674, 0.43536992499]
    ],
    [
      [0.019045119734, 0.037072158788, 0.14180482738, 0.1432296373, 0.041596212714, 0.4807200428, 0.13653200129],
      [0.045172692432, 0.8479400577, 0.020458706223, 0.066795228222, 0.00026076302745, 0.0024079434877, 0.016964608908],
      [0.072972262468, 0.036056776136, 0.056983542873, 0.64526776467, 0.050149144016, 0.12104073804, 0.0175297718],
      [0.0022924354422, 0.074875742974, 0.6422676247, 0.071004038649, 0.080610639972, 0.034462672348, 0.09448684592],
      [0.0025149642253, 0.11365801616, 0.29969530341, 0.16892925992, 0.057722009741, 0.0065454668046, 0.35093497974]
    ],
    [
      [0.014979309242, 0.024280732754, 0.1834037853, 0.14385824318, 0.049528799048, 0.46168374031, 0.12226539016],
      [0.050047627673, 0.80342146179, 0.033429310021, 0.088397424286, 0.0012798514956, 0.0032148243413, 0.020209500397],
      [0.057539941976, 0.029495540932, 0.065092057784, 0.65852922145, 0.061853105958, 0.11166174458, 0.015828387318],
      [0, 0.044742490957, 0.7120548013, 0.056637076749, 0.085521652531, 0.028351715957, 0.072692262506],
      [0.00069025749984, 0.071587347501, 0.3806549451, 0.16358850241, 0.066996475904, 0.0064953384251, 0.30998713316]
    ],
    [
      [0.017974490637, 0.015644244327, 0.16188336291, 0.085397993288, 0.072458908624, 0.51549403603, 0.13114696419],
      [0.090428155068, 0.73694634302, 0.048757067508, 0.0840882597, 0.00085960864815, 0.0047665100836, 0.034154055969],
      [0.094327470175, 0.020574128086, 0.082888821632, 0.50041170727, 0.11392654157, 0.16718824399, 0.02068308728],
      [0.0058721623027, 0.02903767628, 0.68063846268, 0.040126913396, 0.12789565604, 0.032180514906, 0.084248614401],
      [0.0028313131297, 0.051102477707, 0.36517642771, 0.10780916262, 0.10741768499, 0.0073322075251, 0.35833072632]
    ],
    [
      [0.019853881256, 0.0098614406472, 0.19362447494, 0.11970950736, 0.10109996059, 0.39352896709, 0.16232176812],
      [0.12134133795, 0.61006791282, 0.069936400405, 0.14164293634, 0.0019006925871, 0.0043870335804, 0.050723686316],
      [0.083445610546, 0.0025644084327, 0.087896396546, 0.57528515412, 0.12365792424, 0.10464132149, 0.02250918463],
      [0.0040556372549, 0.0062014860164, 0.68334985339, 0.0534802497, 0.14396571566, 0.021092950998, 0.087854106977],
      [0.0024714206207, 0.027399041162, 0.35656407585, 0.12340765479, 0.12249451358, 0.004633219848, 0.36303007415]
    ],
    [
      [0.040619419295, 0.025664571068, 0.20990861861, 0.19372749464, 0.059588308421, 0.30060057291, 0.16989101505],
      [0.11588465804, 0.71338635433, 0.035775870004, 0.10849935369, 0.00102774376, 0, 0.025426020176],
      [0.12717861905, 0.020865865424, 0.061186315244, 0.66963565021, 0.056044642446, 0.048496687953, 0.016592219671],
      [0.018662905606, 0.04069047902, 0.69721728956, 0.068550471777, 0.087573217164, 0, 0.087305636874],
      [0.0053958305633, 0.061026276485, 0.34713627527, 0.17820477582, 0.064586746181, 0.0016945011149, 0.34195559456]
    ],
    [
      [0.018939264584, 0.02440871974, 0.17919573102, 0.081586276867, 0.053956264069, 0.4913337743, 0.15057996942],
      [0.067399679075, 0.80596315927, 0.038057435312, 0.05689435088, 0.00073055101548, 0.0032119951714, 0.027742829272],
      [0.10237291727, 0.034539252252, 0.092989983881, 0.49217059566, 0.089047442215, 0.16486751556, 0.024012293165],
      [0.0058184589868, 0.045543997083, 0.70407385735, 0.033459389302, 0.092740413876, 0.028589449961, 0.089774433444],
      [0.0028071329707, 0.073018733713, 0.37160573907, 0.094698832425, 0.073562176325, 0.0064217268001, 0.37788565869]
    ],
    [
      [0.0095413358676, 0.011084632063, 0.13091669861, 0.09097125295, 0.03273308834, 0.65128365005, 0.073469342111],
      [0.070704119643, 0.72651259417, 0.052113016079, 0.1173934746, 0.00086535747613, 0.0071744973684, 0.025236940663],
      [0.044527451228, 0.024699030847, 0.073757648463, 0.57219127243, 0.056325573926, 0.21706548851, 0.0114335346],
      [0, 0.022367744574, 0.7289334428, 0.065782072783, 0.07952627923, 0.043122686067, 0.060267774543],
      [0.0016998095261, 0.051648684946, 0.41825548205, 0.16054186699, 0.068635797331, 0.012108892717, 0.28710946645]
    ],
    [
      [0.045196096685, 0.030869780753, 0.15972732628, 0.148951386, 0.054342384835, 0.4444568611, 0.11645616434],
      [0.11769764987, 0.76335665745, 0.024768235815, 0.07584620686, 0.00061769058587, 0.0020651295604, 0.015648429858],
      [0.16108819872, 0.028022071, 0.053855827617, 0.58997362329, 0.058827157397, 0.096320270487, 0.011912851491],
      [0.018965105136, 0.059000431491, 0.6596565744, 0.065240470212, 0.098478339636, 0.026394539354, 0.072264539767],
      [0.0071010051151, 0.094872511637, 0.33947327603, 0.17666898487, 0.075912223395, 0.0058339422127, 0.30013805674]
    ],
    [
      [0.011927406956, 0.023147925035, 0.22274607604, 0.071739238422, 0.061411589716, 0.46562549082, 0.14340227301],
      [0.047118158801, 0.8160317292, 0.050760853859, 0.053514753367, 0.00092778870139, 0.0033316086485, 0.028315107419],
      [0.052880192739, 0.053082053037, 0.12523796508, 0.46701173867, 0.10887512299, 0.16810047274, 0.02481245474],
      [0, 0.033297307597, 0.75353791298, 0.021973872421, 0.091434280855, 0.024770869869, 0.074985756282],
      [0.00087220178984, 0.064974651177, 0.43378896825, 0.078126538416, 0.078707819514, 0.005873682001, 0.33765613885]
    ],
    [
      [0.029601206218, 0.014950711449, 0.15316995675, 0.11376764423, 0.052084610707, 0.50720422941, 0.12922164124],
      [0.14160960976, 0.66963895966, 0.043935310555, 0.10724738271, 0.00091798515628, 0.0044993300336, 0.032151422125],
      [0.13135293982, 0.015543783918, 0.065389576125, 0.56071816626, 0.070387750463, 0.13962569276, 0.016982090651],
      [0.01378799012, 0.028939413991, 0.68090428411, 0.054544887695, 0.10111406806, 0.033642697564, 0.087066658464],
      [0.0050828295919, 0.050122111942, 0.35243659431, 0.14671235259, 0.07881683215, 0.0074005998843, 0.35942867954]
    ],
    [
      [0.018544654644, 0.014413971298, 0.16917863911, 0.073542231165, 0.055297848366, 0.51753781811, 0.15148483731],
      [0.098257096888, 0.72415513719, 0.053530221752, 0.076470322854, 0.0011144102222, 0.0049870299832, 0.041485781108],
      [0.10705967452, 0.020816717667, 0.093889127933, 0.4725047301, 0.096785148295, 0.18348282878, 0.025461772701],
      [0.0075250759609, 0.025439431589, 0.70769370797, 0.03045858113, 0.10158229293, 0.031418703623, 0.095882206791],
      [0.0029933838042, 0.046148336712, 0.37102544095, 0.090330397045, 0.079767979198, 0.0070905440783, 0.40264391821]
    ],
    [
      [0.020611423414, 0.015739506576, 0.10406366953, 0.088208311629, 0.041370765762, 0.61612684667, 0.11387947641],
      [0.10099124312, 0.74886143393, 0.030494778624, 0.084930969229, 0.00090229414747, 0.0048504801768, 0.028968800769],
      [0.11144110734, 0.022364218442, 0.052334408664, 0.53100929122, 0.068159154617, 0.19660495665, 0.018086863074],
      [0.014508853645, 0.045185656424, 0.6239186956, 0.05838117011, 0.10972395428, 0.044797992428, 0.10348367751],
      [0.004528722662, 0.065100832281, 0.30023034719, 0.14123504241, 0.078091277703, 0.010075503741, 0.40073827401]
    ],
    [
      [0.02037152871, 0.019281810698, 0.16467573775, 0.097984955164, 0.047148030447, 0.53140393267, 0.11913400456],
      [0.086971055244, 0.75796415527, 0.041923278562, 0.081996736585, 0.00072952014256, 0.0040956979881, 0.02631955621],
      [0.10105952702, 0.024847241894, 0.078625407013, 0.54309858197, 0.071339840493, 0.1635900433, 0.017439358305],
      [0.0072516620192, 0.03879476825, 0.70821523992, 0.04684468309, 0.088295050535, 0.033001395781, 0.0775972004],
      [0.0034382709688, 0.065161186877, 0.3854791893, 0.12846921921, 0.072585409941, 0.007798821804, 0.3370679019]
    ],
    [
      [0.039558141881, 0.033807435036, 0.14391064715, 0.1763615206, 0.064182978021, 0.44296064203, 0.09921863528],
      [0.097190473901, 0.78108729573, 0.021391678399, 0.085251728972, 0.00065653642832, 0.0018678982515, 0.012554388315],
      [0.12996263201, 0.027339545606, 0.047351918607, 0.63617937004, 0.064289048167, 0.08714962773, 0.0077278578458],
      [0.019145681643, 0.067011823655, 0.62299447336, 0.080245276157, 0.12138568775, 0.026375774973, 0.062841282459],
      [0.0065563392023, 0.10643755977, 0.31321456547, 0.21471686957, 0.091857984863, 0.005882549123, 0.26133413201]
    ],
    [
      [0.01625079845, 0.014965983667, 0.13785676385, 0.067328593515, 0.041402122298, 0.57997871626, 0.14221702196],
      [0.087383340974, 0.75149680616, 0.044392418381, 0.070985958682, 0.0008820760952, 0.0053589851857, 0.03950041452],
      [0.10137905659, 0.02397699209, 0.083327333039, 0.46693327976, 0.07840719102, 0.2206337089, 0.025342438606],
      [0.0078702199957, 0.034609927344, 0.68832168884, 0.036163966588, 0.090773133031, 0.036620615338, 0.10564044886],
      [0.0029773971637, 0.053900261428, 0.34311737578, 0.093899834049, 0.067804941744, 0.0085599501098, 0.42974023972]
    ],
    [
      [0.028117555418, 0.019832456607, 0.14387302272, 0.099001734517, 0.051333709188, 0.52918438161, 0.12865713995],
      [0.11258250834, 0.74361938962, 0.034438551531, 0.077982075919, 0.00077437905176, 0.0038481053268, 0.026754990212],
      [0.13487545082, 0.024655602045, 0.064928785296, 0.52710502936, 0.074725285781, 0.15565912856, 0.018050718137],
      [0.014052547416, 0.043217798827, 0.66463390784, 0.048763315957, 0.10389284486, 0.035310944849, 0.090128640251],
      [0.0049990659616, 0.067699257504, 0.34028813067, 0.13092380029, 0.079806667095, 0.0077768743489, 0.36850620413]
    ],
    [
      [0.022914483325, 0.015827031245, 0.14864784474, 0.10625200538, 0.050808260186, 0.52763828101, 0.12791209411],
      [0.11015854997, 0.7093140196, 0.042721455396, 0.10035670331, 0.00092702959707, 0.0046276812211, 0.031894560904],
      [0.10823415985, 0.018483841562, 0.067478145521, 0.55996803352, 0.07351488522, 0.15433275001, 0.017988184315],
      [0.010066739092, 0.032711526371, 0.67907738794, 0.052986339194, 0.10151358657, 0.03509477472, 0.088549646111],
      [0.0039685134317, 0.054094346132, 0.35040291885, 0.14022766492, 0.078721182514, 0.0078048994218, 0.36478047473]
    ],
    [
      [0.024616042214, 0.030729192773, 0.15913184298, 0.13161173085, 0.062891809978, 0.39741702055, 0.19360236066],
      [0.067054547225, 0.80727780935, 0.025813885006, 0.070189936239, 0.00082914101001, 0.0019042277651, 0.026930453409],
      [0.10124830412, 0.032829505284, 0.061866923735, 0.60412391556, 0.07914318964, 0.099448676976, 0.021339484679],
      [0.0095805028733, 0.057389794484, 0.63167253526, 0.056061290797, 0.1102035387, 0.022311655965, 0.11278068193],
      [0.0032193142407, 0.079474400129, 0.28504495322, 0.13145685974, 0.073986819276, 0.0043421132871, 0.42247554011]
    ],
    [
      [0.013718014796, 0.016018501398, 0.25764963472, 0.098030992727, 0.083433238425, 0.39298698902, 0.13816262891],
      [0.066000664794, 0.7304369148, 0.073326017046, 0.091408156295, 0.0014921975404, 0.0033794454532, 0.033956604071],
      [0.049037688136, 0.035363933198, 0.12168191688, 0.53391295808, 0.12338991992, 0.11708719928, 0.019526384506],
      [0, 0.011828611804, 0.76759729341, 0.033342694374, 0.10888097721, 0.016647766508, 0.061702656693],
      [0.0011110367339, 0.041118249959, 0.45960570753, 0.097721318128, 0.09786371709, 0.0043344419657, 0.29824552859]
    ],
    [
      [0.026678557374, 0.029214057975, 0.18568449101, 0.12837496216, 0.082980331176, 0.40358097683, 0.14348662349],
      [0.077664282716, 0.79202690794, 0.032427775166, 0.073498511001, 0.00064770958006, 0.0020446391811, 0.021690174417],
      [0.10710930187, 0.030472553171, 0.071896505822, 0.5741926737, 0.099898656601, 0.099464257946, 0.016966050896],
      [0.0093459402868, 0.049423264569, 0.66599022922, 0.051193438011, 0.12633627892, 0.019663219872, 0.078047629117],
      [0.0036864974714, 0.079257104468, 0.34883424252, 0.13510441009, 0.10249866965, 0.0046228996569, 0.32599617615]
    ],
    [
      [0.011490114126, 0, 0.1813323744, 0.10713500656, 0.027327786855, 0.61404946395, 0.058665254112],
      [0.15723741454, 0.5, 0.11876363127, 0.18691065208, 0.00091593669076, 0.0088967047576, 0.027275660671],
      [0.057601396593, 0, 0.085103877263, 0.64315915125, 0.041354083386, 0.16575938687, 0.0070221046357],
      [0, 0, 0.81729447951, 0.052080726744, 0.052792576514, 0.042170043869, 0.035662173363],
      [0.021632744184, 0, 0.52910180708, 0.1695747504, 0.05253932655, 0.010565674294, 0.2165856975]
    ],
    [
      [0.01710806807, 0.01737911197, 0.21612891678, 0.089896694848, 0.1072586298, 0.42011408004, 0.13211449849],
      [0.077967816422, 0.74765845693, 0.058525851185, 0.079843103728, 0.0015336873051, 0.003493713571, 0.030977370861],
      [0.083369086882, 0.021145209419, 0.10445795745, 0.48981966947, 0.15563665433, 0.12655453571, 0.019016886732],
      [0.0023150565293, 0.023618491924, 0.71423483032, 0.033355594443, 0.13893980394, 0.021661385923, 0.065874836916],
      [0.0020550377139, 0.047764007041, 0.41165854705, 0.095757865051, 0.133399874, 0.0051785450274, 0.30418612412]
    ],
    [
      [0.016981293672, 0.021473877976, 0.21110152972, 0.10453996882, 0.055566289953, 0.44923372818, 0.14110331168],
      [0.066568712173, 0.7714126638, 0.049262171396, 0.080123150808, 0.00079756464491, 0.003282158555, 0.028553578625],
      [0.080326686774, 0.026781387917, 0.097724696327, 0.55968131771, 0.081203696924, 0.13428414025, 0.019998074103],
      [0, 0.035141811565, 0.73921361791, 0.041582592305, 0.084806240281, 0.024080395012, 0.075175342927],
      [0.0019569071521, 0.060613864667, 0.41259131368, 0.114611536, 0.071449243635, 0.0056217684436, 0.33315536643]
    ],
    [
      [0.030037952636, 0.023553604903, 0.13849150531, 0.10975748652, 0.041730535171, 0.49095802298, 0.16547089248],
      [0.10261561651, 0.76364706135, 0.02809684867, 0.073266298647, 0.00043117239827, 0.0032234805702, 0.028719521852],
      [0.13797309808, 0.02794068028, 0.059890485356, 0.55902453027, 0.057346258279, 0.13740200773, 0.02042294],
      [0.01578212908, 0.051590852202, 0.64631499315, 0.054193885849, 0.084053197577, 0.034419048987, 0.11364589315],
      [0.0048741889895, 0.072590128404, 0.29584728683, 0.13067186829, 0.058517074065, 0.0065974461526, 0.43090200728]
    ],
    [
      [0.032339090198, 0.023237135177, 0.15358930728, 0.11646005366, 0.062299786787, 0.50040514277, 0.11166948413],
      [0.11322278567, 0.74999599083, 0.032241079227, 0.080282003977, 0.00073645100834, 0.0032671549912, 0.020254534294],
      [0.13729719099, 0.025541334183, 0.062519294457, 0.54938771771, 0.080016169095, 0.13185121237, 0.013387081198],
      [0.014554754834, 0.047049145532, 0.66331817789, 0.054077473999, 0.11660923542, 0.032393297641, 0.071997914685],
      [0.0055587850073, 0.077332041554, 0.35393929322, 0.15045098122, 0.094455713822, 0.0073225086197, 0.31094067655]
    ],
    [
      [0.020582502989, 0.016382270183, 0.23207919667, 0.084115666772, 0.081750613479, 0.38746589144, 0.17762385847],
      [0.095092406931, 0.71761419724, 0.064039364966, 0.076236551507, 0.0013417214637, 0.0032577242828, 0.042418033612],
      [0.10588475052, 0.02043900738, 0.11555629909, 0.48149774335, 0.1271183051, 0.12246963894, 0.027034255623],
      [0.0057624141194, 0.019049506948, 0.73498849407, 0.025204071893, 0.11125467341, 0.017334861167, 0.086405978395],
      [0.0026000035426, 0.041217442246, 0.40325517451, 0.081630991073, 0.093384611034, 0.0041841357303, 0.37372764187]
    ],
    [
      [0.030645372418, 0.02089732986, 0.13603752319, 0.10731930299, 0.045610473716, 0.52194065453, 0.1375493433],
      [0.11683083595, 0.74015541142, 0.031023504076, 0.080523172969, 0.0006277613812, 0.0036323772972, 0.02720693691],
      [0.14050023882, 0.024904945358, 0.05918539398, 0.54639743371, 0.063343666999, 0.14753030483, 0.018138016302],
      [0.015408295805, 0.047046752821, 0.65143726584, 0.055298469577, 0.095073627817, 0.0365657462, 0.099169841945],
      [0.0053342048874, 0.070397984769, 0.317606025, 0.14025084923, 0.070006229186, 0.0076509375066, 0.38875376943]
    ],
    [
      [0.026445623099, 0.031426096712, 0.10344674727, 0.066157342572, 0.075178385676, 0.50388618413, 0.19345962054],
      [0.069713656998, 0.84973160242, 0.017278555352, 0.034573611439, 0, 0.0027674324084, 0.025935141382],
      [0.15138526585, 0.045011591615, 0.061283417351, 0.41764484833, 0.1235470719, 0.17470353054, 0.026424274416],
      [0.018408192869, 0.073645683088, 0.53197485141, 0.03499348373, 0.15959608721, 0.039982820539, 0.14139888116],
      [0.0046369572519, 0.095237550606, 0.21515722408, 0.076576666906, 0.10307797035, 0.0068398274254, 0.49847380338]
    ],
    [
      [0.011605052028, 0.010070412155, 0.20162062982, 0.18428239936, 0.071146244048, 0.34162526437, 0.17964999822],
      [0.072770666973, 0.59023351848, 0.069679679957, 0.20843835367, 0.0016638967365, 0.0035187066793, 0.053695177502],
      [0.0019493430216, 0.0078062685407, 0.10076948416, 0.71946877025, 0.07792737256, 0.071753798279, 0.020324963188],
      [0, 0, 0.69599703963, 0.079389216761, 0.11265883202, 0.014343108656, 0.09761180293],
      [0, 0.021028771758, 0.34588340172, 0.17767280824, 0.080744737777, 0.0030291052968, 0.37164117521]
    ],
    [
      [0.047791173597, 0.02608278854, 0.17668128965, 0.11540372581, 0.066228681387, 0.41782206727, 0.14999027375],
      [0.14508326318, 0.72713986401, 0.032119360644, 0.068975013182, 0.00075636705446, 0.0022814372733, 0.023644694658],
      [0.18949494288, 0.027215700852, 0.068045849377, 0.51369511929, 0.080630591024, 0.10325342645, 0.017664370131],
      [0.01436449821, 0.046736163599, 0.6705275053, 0.049665034354, 0.10979373956, 0.022642102238, 0.086270956734],
      [0.0066173780289, 0.07387978597, 0.34654133957, 0.12702442963, 0.085479130257, 0.0051143658127, 0.35534357074]
    ],
    [
      [0.040181444187, 0.014084311343, 0.21859473349, 0.13103769396, 0.063250552096, 0.35970776723, 0.1731434977],
      [0.18000044458, 0.60282887287, 0.058462276464, 0.11493948623, 0.0012447197449, 0.0024614106652, 0.040062789449],
      [0.15706196682, 0.010859700765, 0.082643963821, 0.56974536748, 0.075524432782, 0.083644185793, 0.020520382532],
      [0.013934579584, 0.015219543149, 0.72731662962, 0.049298268448, 0.093176393261, 0.012757177757, 0.088297408178],
      [0.0052693959806, 0.035655951024, 0.38439763514, 0.12881420202, 0.073185375999, 0.0034168859175, 0.36926055391]
    ],
    [
      [0.045719984369, 0.028911579613, 0.13027641312, 0.14384695885, 0.044348270425, 0.46947033422, 0.1374264594],
      [0.12827961748, 0.74711135485, 0.022192751583, 0.07944500483, 0.00031764779913, 0.0025170490218, 0.020136574436],
      [0.16727403819, 0.026788282681, 0.047046989051, 0.58734937634, 0.049021224417, 0.10738935631, 0.015130733015],
      [0.01994053318, 0.062875816542, 0.6194731775, 0.073979612215, 0.090765755764, 0.033722464774, 0.09924264003],
      [0.0072186333367, 0.09208360876, 0.28677438394, 0.17765583746, 0.064221747641, 0.006629198965, 0.3654165899]
    ],
    [
      [0.073582722642, 0.031664263082, 0.18253763523, 0.18543193943, 0.034134697665, 0.33859335457, 0.15405538738],
      [0.16894247395, 0.69639935819, 0.02796767129, 0.087327220507, 0, 0, 0.019363276054],
      [0.21266529701, 0.025512160019, 0.057510771235, 0.61087197291, 0.02208834039, 0.056342918552, 0.015008539885],
      [0.020601822462, 0.058257525779, 0.69521465265, 0.085954861437, 0.039412737532, 0.010137657088, 0.090420743055],
      [0.0087351648802, 0.083729767888, 0.33441275318, 0.19043411235, 0.038854975924, 0.0025876628553, 0.34124556292]
    ]
  ],
  "expected_outcome": [
    [
      [1.5582101772, 0.47675505973, 0, 0, 0.13902414053, 0.38573382399, 0.88565009009, 0.19006840964, 0.57791501185, 1.4153783484, 0.27702839327, 1.8759331407, 0.35309995173, 1.7908205572, 2.493865585, 0.24788355922, 0.82440712088, 0.073941394626, 0.17140607761, 0.089875855449, 0.3415153221, 0.29780821883, 0.36557477366, 0.49242087919, 0.12403736628, 0.45196096685, 0.38167702258, 1.4504591047, 0.51925033003, 0.22672565756, 0.93709032066, 0.59337212822, 0.48752395349, 0.56235110837, 0.80200691638, 0.34462459099, 0.096026103573, 0.72032104909, 0.022980228253, 0.2224048849, 0.5434013975, 0.30037952636, 1.3582417883, 0.26757253885, 0.8580704277, 0.23801060789, 0.16247072839, 2.0072292911, 0.36163299769, 3.2461188902, 0.29433089057],
      [0.77522639091, 0.057249239091, 0, 0, 0.16742914325, 0.18907849796, 0.53014433938, 0.18507760792, 0.60653612865, 1.4858251204, 0.20673910793, 1.7075482657, 0.38331766712, 1.0317026493, 1.7278225092, 0.24358245686, 0.53565584959, 0.07555440015, 0.33364942909, 0.14568439653, 0.29724064221, 0.14792160971, 0.23098113961, 0.63462671323, 0.14410021682, 0.30869780753, 0.7407336011, 0.73258486102, 0.40359119633, 0.17313457233, 0.8869632921, 0.50711152554, 0.44897951, 0.39664913214, 0.55394609358, 0.43020869882, 0.11212950978, 0.78877956532, 0, 0.22592845561, 0.68716409524, 0.23553604903, 0.97595967742, 0.21296951238, 0.58512523608, 0.28283487041, 0.14098577017, 1.0954771187, 0.12675880209, 2.0527221525, 0.12665705233],
      [2.6930943252, 0.39360005837, 0.074419196904, 0, 1.1020378814, 3.2237056158, 1.6255779734, 1.7781916139, 7.6270364212, 8.0288694192, 0.45958997319, 7.3061978767, 1.0605113511, 5.240916613, 11.5150787465, 1.7989812003, 2.464679079, 0.87991748814, 1.2762434464, 1.1004227118, 3.0757838953, 2.904367124, 1.8891775675, 4.6590890066, 1.701917082, 1.5972732628, 7.1278744334, 7.5053278805, 4.737001895, 1.1447003649, 7.5750839363, 2.1586597073, 4.1357029155, 2.8774604544, 5.202674566, 2.2278458017, 1.8035474431, 5.0134812572, 0.3626647488, 2.8096759181, 6.755248951, 1.3849150531, 6.4507509057, 3.0170295567, 3.8090506492, 0.93102072541, 2.8226888175, 7.4206141652, 1.9673526014, 9.2496253317, 0.73015054092],
      [2.7367628216, 0.20969794762, 0.40469721783, 0, 0.63640032775, 2.2438080033, 1.4732343513, 1.1028626905, 3.7452210816, 5.477579318, 1.0035989416, 6.6511522628, 0.92650709256, 6.0066316645, 7.7634092344, 1.4210053156, 2.0011359978, 0.38732745984, 1.2890667357, 0.86314945907, 1.6225618725, 1.7956426104, 1.7435474518, 2.1212431985, 1.1826262884, 1.48951386, 2.2956556295, 5.5746145675, 2.0591824726, 0.97029142792, 4.5073079375, 2.645422809, 2.0198578054, 1.9800346903, 3.7188201882, 1.8425642319, 0.68621694909, 3.4661239782, 0.21427001312, 1.168657033, 3.3452790022, 1.0975748652, 4.8913222537, 1.093503668, 3.0049404836, 0.59541608315, 2.579953591, 4.846956484, 1.1793392456, 10.2131340785, 0.74172775772],
      [1.0072657533, 0.16176404336, 0, 0, 0.61365223211, 0.89636077846, 0.40062838817, 0.65754891141, 2.4040906651, 2.9660122812, 0.16962344936, 2.2041297498, 0.44326372508, 2.1283125005, 4.2456295569, 0.89369334959, 0.77792868287, 0.14246486201, 0.37436591443, 0.29717279429, 1.3767192639, 1.5164994089, 0.53629477579, 1.4028628658, 0.42553014842, 0.54342384835, 1.9651708709, 2.5521459246, 1.5483397542, 0.45507842339, 2.1688094005, 0.96274467031, 1.2420636689, 1.0266741838, 1.7782891065, 0.88048533969, 0.58403266897, 2.2404689417, 0.054655573711, 1.3943621874, 1.7781212785, 0.41730535171, 2.616591045, 1.0627579752, 1.277093264, 0.67660547108, 0.99604741667, 2.7816046182, 0.56925496886, 3.1487272002, 0.13653879066],
      [8.8762070892, 0.55340423054, 0.52088358527, 0, 3.6425980836, 5.9714461526, 7.0017610865, 6.7034340273, 14.8198856943, 16.6046620313, 1.2271570797, 28.9044227648, 10.8852015019, 27.0877513266, 33.1263301625, 5.5770846395, 10.8698170984, 1.6239854364, 4.3264803852, 2.7701024419, 9.7943866845, 5.9029345064, 2.7054051562, 12.7746781318, 8.4666874507, 4.444568611, 14.9000157062, 24.8530072409, 14.4910589071, 6.7773953134, 24.444580903, 6.6444096304, 17.3993614879, 10.5836876321, 18.4673398353, 5.5638382877, 2.7509089232, 10.8966863743, 1.2280989279, 5.4614830405, 14.3754793019, 4.9095802298, 21.0170159965, 5.0370565887, 14.6143383269, 4.5349756572, 4.7827537012, 17.5485268253, 3.2373699051, 33.3323937293, 1.3543734183],
      [4.3532334427, 0.14752942129, 0, 0, 1.6988581914, 2.0898671278, 2.0830037711, 1.3828167393, 5.2193149973, 7.0216734816, 0.65626305501, 6.3506159395, 0.94809871052, 5.7138646888, 7.1278642055, 1.8177694789, 2.5263761715, 0.81680895881, 1.2287880116, 0.73359234096, 2.4917923195, 2.4348265218, 1.5290191354, 3.9150792048, 0.95510144745, 1.1645616434, 4.5888727363, 6.3318604207, 4.2415754447, 1.2526742406, 5.4801642098, 1.4882795292, 4.2665106588, 2.5731427989, 4.476923294, 2.7104330492, 0.96713840234, 3.8741388341, 0.11733050822, 1.7174884804, 4.5153059737, 1.6547089248, 4.6901183334, 2.3091101601, 3.8513816124, 1.7411365849, 2.5150999751, 6.2995914976, 1.5582914793, 9.7572786176, 0.6162215495]
    ],
    [
      [3.693909277, 1.328075649, 0, 0.4845384889, 0.74599681767, 3.6103062086, 3.4935320912, 1.7137379054, 2.9511541467, 7.2776116728, 0.50583602448, 7.1642639286, 1.7116590684, 6.6668034698, 6.6277473897, 1.7141421301, 7.1072062115, 0.34835995179, 0.85828115621, 0.35033339371, 2.8937009622, 0.7280480277, 1.8541545287, 2.0219903722, 0.56563295714, 2.2362553476, 1.17795397, 4.2482882927, 1.6703706471, 0.90892118812, 4.4355238174, 2.1381904258, 1.9224335014, 2.0264851501, 3.6352321491, 0.87170911393, 0.59400598315, 2.2522641988, 0.31447482908, 0.38983908211, 3.6612791695, 2.6680060293, 8.6049317108, 0.76073925545, 4.2059100942, 0.62742291299, 0.58216533579, 9.5754953697, 3.7800093361, 18.2157056824, 6.2508715363],
      [17.0717647225, 1.4677323328, 0, 0, 8.7284807064, 17.3187007984, 20.3621735452, 15.6221209846, 28.489243121, 70.6142112937, 4.0212670961, 60.6465360984, 18.746154722, 35.456348371, 42.2917439055, 15.8934921661, 42.8813313929, 3.8427633746, 16.1108610963, 5.6239502325, 23.5822829767, 3.6604074769, 11.4141816692, 24.1788947782, 5.8121007534, 14.5037764915, 20.4007932301, 20.0891687899, 12.3106373323, 6.7397529054, 38.6561719187, 17.1839205061, 16.5329297356, 13.3851490132, 23.4073626468, 10.4946115215, 6.5739322332, 22.9687803302, 1, 3.7382922846, 42.4276965089, 19.8548235951, 56.9996953033, 5.7409135779, 26.645594811, 7.6475844218, 4.7218681478, 47.9912310248, 12.6594063302, 106.0898123883, 25.7667762532],
