{
  "Z_true": {},
  "V_true": [
    [69, 1244, 70, 509, 15],
    [94, 136, 1269, 593, 68],
    [100, 146, 4585, 438, 109],
    [1072, 1385, 426, 17453, 291],
    [122, 449, 907, 824, 112],
    [573, 105, 264, 571, 126]
  ],
  "p_true": [
    [0.0362, 0.6523, 0.0367, 0.2669, 0.0079],
    [0.0435, 0.063, 0.5875, 0.2745, 0.0315],
    [0.0186, 0.0271, 0.8525, 0.0814, 0.0203],
    [0.052, 0.0671, 0.0207, 0.8461, 0.0141],
    [0.0505, 0.186, 0.3757, 0.3413, 0.0464],
    [0.3496, 0.0641, 0.1611, 0.3484, 0.0769]
  ],
  "Z_est": [
    [
      [0.2846, 0.9961, 3.4152, 0.1423, 11.0994, 9.1072, 9.2495, 7.6842, 4.9805, 0.9961, 0.2846, 0.1423, 4.269, 4.1267, 8.8226, 12.807, 0.9961, 6.1189, 0.7115, 3.1306, 5.8343, 2.5614, 7.5419, 12.0955, 15.2261, 6.1189, 13.0916, 3.9844, 11.0994, 0, 0.2846, 81.5379, 5.8343, 12.9493, 3.8421],
      [0.8634, 3.0219, 10.3608, 0.4317, 33.6726, 27.6288, 28.0605, 23.3118, 15.1095, 3.0219, 0.8634, 0.4317, 12.951, 12.5193, 26.7654, 38.853, 3.0219, 18.5631, 2.1585, 9.4974, 17.6997, 7.7706, 22.8801, 36.6945, 46.1919, 18.5631, 39.7164, 12.0876, 33.6726, 0, 0.8634, 247.3641, 17.6997, 39.2847, 11.6559],
      [0.3784, 1.3244, 4.5408, 0.1892, 14.7576, 12.1088, 12.298, 10.2168, 6.622, 1.3244, 0.3784, 0.1892, 5.676, 5.4868, 11.7304, 17.028, 1.3244, 8.1356, 0.946, 4.1624, 7.7572, 3.4056, 10.0276, 16.082, 20.2444, 8.1356, 17.4064, 5.2976, 14.7576, 0, 0.3784, 108.4116, 7.7572, 17.2172, 5.1084],
      [0.342, 1.197, 4.104, 0.171, 13.338, 10.944, 11.115, 9.234, 5.985, 1.197, 0.342, 0.171, 5.13, 4.959, 10.602, 15.39, 1.197, 7.353, 0.855, 3.762, 7.011, 3.078, 9.063, 14.535, 18.297, 7.353, 15.732, 4.788, 13.338, 0, 0.342, 97.983, 7.011, 15.561, 4.617],
      [0.1316, 0.4606, 1.5792, 0.0658, 5.1324, 4.2112, 4.277, 3.5532, 2.303, 0.4606, 0.1316, 0.0658, 1.974, 1.9082, 4.0796, 5.922, 0.4606, 2.8294, 0.329, 1.4476, 2.6978, 1.1844, 3.4874, 5.593, 7.0406, 2.8294, 6.0536, 1.8424, 5.1324, 0, 0.1316, 37.7034, 2.6978, 5.9878, 1.7766]
    ],
    [
      [0.4338, 1.0122, 2.0244, 0.4338, 11.1342, 11.2788, 15.906, 9.5436, 6.3624, 0.5784, 0.5784, 0.4338, 3.9042, 6.3624, 7.953, 17.7858, 0.723, 6.9408, 0.2892, 4.1934, 4.338, 4.7718, 10.7004, 12.8694, 16.0506, 11.568, 10.9896, 4.338, 11.4234, 0.4338, 0.5784, 64.7808, 10.9896, 28.0524, 12.5802],
      [0.6561, 1.5309, 3.0618, 0.6561, 16.8399, 17.0586, 24.057, 14.4342, 9.6228, 0.8748, 0.8748, 0.6561, 5.9049, 9.6228, 12.0285, 26.9001, 1.0935, 10.4976, 0.4374, 6.3423, 6.561, 7.2171, 16.1838, 19.4643, 24.2757, 17.496, 16.6212, 6.561, 17.2773, 0.6561, 0.8748, 97.9776, 16.6212, 42.4278, 19.0269],
      [1.0659, 2.4871, 4.9742, 1.0659, 27.3581, 27.7134, 39.083, 23.4498, 15.6332, 1.4212, 1.4212, 1.0659, 9.5931, 15.6332, 19.5415, 43.7019, 1.7765, 17.0544, 0.7106, 10.3037, 10.659, 11.7249, 26.2922, 31.6217, 39.4383, 28.424, 27.0028, 10.659, 28.0687, 1.0659, 1.4212, 159.1744, 27.0028, 68.9282, 30.9111],
      [0.6918, 1.6142, 3.2284, 0.6918, 17.7562, 17.9868, 25.366, 15.2196, 10.1464, 0.9224, 0.9224, 0.6918, 6.2262, 10.1464, 12.683, 28.3638, 1.153, 11.0688, 0.4612, 6.6874, 6.918, 7.6098, 17.0644, 20.5234, 25.5966, 18.448, 17.5256, 6.918, 18.2174, 0.6918, 0.9224, 103.3088, 17.5256, 44.7364, 20.0622],
      [0.1527, 0.3563, 0.7126, 0.1527, 3.9193, 3.9702, 5.599, 3.3594, 2.2396, 0.2036, 0.2036, 0.1527, 1.3743, 2.2396, 2.7995, 6.2607, 0.2545, 2.4432, 0.1018, 1.4761, 1.527, 1.6797, 3.7666, 4.5301, 5.6499, 4.072, 3.8684, 1.527, 4.0211, 0.1527, 0.2036, 22.8032, 3.8684, 9.8746, 4.4283]
    ],
    [
      [0.292, 0.4088, 1.4016, 0.5256, 11.1544, 6.424, 7.0664, 9.8112, 2.9784, 0.4672, 0.3504, 0.1168, 5.4896, 3.796, 7.9424, 13.2568, 1.168, 3.9712, 0.2336, 7.008, 5.548, 9.8112, 12.6144, 15.0088, 19.3888, 15.5344, 19.5056, 7.008, 8.2928, 0.2336, 0.1168, 83.9208, 9.7528, 20.7904, 2.6864],
      [0.3535, 0.4949, 1.6968, 0.6363, 13.5037, 7.777, 8.5547, 11.8776, 3.6057, 0.5656, 0.4242, 0.1414, 6.6458, 4.5955, 9.6152, 16.0489, 1.414, 4.8076, 0.2828, 8.484, 6.7165, 11.8776, 15.2712, 18.1699, 23.4724, 18.8062, 23.6138, 8.484, 10.0394, 0.2828, 0.1414, 101.5959, 11.8069, 25.1692, 3.2522],
      [3.8835, 5.4369, 18.6408, 6.9903, 148.3497, 85.437, 93.9807, 130.4856, 39.6117, 6.2136, 4.6602, 1.5534, 73.0098, 50.4855, 105.6312, 176.3109, 15.534, 52.8156, 3.1068, 93.204, 73.7865, 130.4856, 167.7672, 199.6119, 257.8644, 206.6022, 259.4178, 93.204, 110.2914, 3.1068, 1.5534, 1116.1179, 129.7089, 276.5052, 35.7282],
      [0.37, 0.518, 1.776, 0.666, 14.134, 8.14, 8.954, 12.432, 3.774, 0.592, 0.444, 0.148, 6.956, 4.81, 10.064, 16.798, 1.48, 5.032, 0.296, 8.88, 7.03, 12.432, 15.984, 19.018, 24.568, 19.684, 24.716, 8.88, 10.508, 0.296, 0.148, 106.338, 12.358, 26.344, 3.404],
      [0.101, 0.1414, 0.4848, 0.1818, 3.8582, 2.222, 2.4442, 3.3936, 1.0302, 0.1616, 0.1212, 0.0404, 1.8988, 1.313, 2.7472, 4.5854, 0.404, 1.3736, 0.0808, 2.424, 1.919, 3.3936, 4.3632, 5.1914, 6.7064, 5.3732, 6.7468, 2.424, 2.8684, 0.0808, 0.0404, 29.0274, 3.3734, 7.1912, 0.9292]
    ],
    [
      [0.5644, 0.8798, 1.5604, 0.3984, 16.1518, 16.2182, 14.0602, 8.964, 10.2754, 0.332, 0.7138, 0.2324, 5.644, 8.383, 8.1008, 17.6292, 1.5438, 10.1758, 0.3652, 3.1042, 5.6938, 3.9176, 8.3996, 15.8696, 16.849, 9.3292, 11.122, 3.4196, 16.9486, 0.2158, 0.4648, 94.371, 7.1214, 17.5296, 5.8598],
      [1.3566, 2.1147, 3.7506, 0.9576, 38.8227, 38.9823, 33.7953, 21.546, 24.6981, 0.798, 1.7157, 0.5586, 13.566, 20.1495, 19.4712, 42.3738, 3.7107, 24.4587, 0.8778, 7.4613, 13.6857, 9.4164, 20.1894, 38.1444, 40.4985, 22.4238, 26.733, 8.2194, 40.7379, 0.5187, 1.1172, 226.8315, 17.1171, 42.1344, 14.0847],
      [1.5062, 2.3479, 4.1642, 1.0632, 43.1039, 43.2811, 37.5221, 23.922, 27.4217, 0.886, 1.9049, 0.6202, 15.062, 22.3715, 21.6184, 47.0466, 4.1199, 27.1559, 0.9746, 8.2841, 15.1949, 10.4548, 22.4158, 42.3508, 44.9645, 24.8966, 29.681, 9.1258, 45.2303, 0.5759, 1.2404, 251.8455, 19.0047, 46.7808, 15.6379],
      [30.4028, 47.3926, 84.0548, 21.4608, 870.0566, 873.6334, 757.3874, 482.868, 553.5098, 17.884, 38.4506, 12.5188, 304.028, 451.571, 436.3696, 949.6404, 83.1606, 548.1446, 19.6724, 167.2154, 306.7106, 211.0312, 452.4652, 854.8552, 907.613, 502.5404, 599.114, 184.2052, 912.9782, 11.6246, 25.0376, 5083.527, 383.6118, 944.2752, 315.6526],
      [0.1734, 0.2703, 0.4794, 0.1224, 4.9623, 4.9827, 4.3197, 2.754, 3.1569, 0.102, 0.2193, 0.0714, 1.734, 2.5755, 2.4888, 5.4162, 0.4743, 3.1263, 0.1122, 0.9537, 1.7493, 1.2036, 2.5806, 4.8756, 5.1765, 2.8662, 3.417, 1.0506, 5.2071, 0.0663, 0.1428, 28.9935, 2.1879, 5.3856, 1.8003]
    ],
    [
      [0.725, 0.145, 0.87, 0.58, 8.12, 8.555, 7.83, 11.6, 6.09, 0.145, 0, 0.29, 4.205, 7.975, 9.86, 14.935, 1.74, 8.265, 0.145, 5.51, 6.96, 6.815, 14.935, 17.69, 15.95, 12.76, 14.5, 6.67, 12.76, 0, 0.145, 115.275, 6.67, 18.415, 2.9],
      [1.218, 0.2436, 1.4616, 0.9744, 13.6416, 14.3724, 13.1544, 19.488, 10.2312, 0.2436, 0, 0.4872, 7.0644, 13.398, 16.5648, 25.0908, 2.9232, 13.8852, 0.2436, 9.2568, 11.6928, 11.4492, 25.0908, 29.7192, 26.796, 21.4368, 24.36, 11.2056, 21.4368, 0, 0.2436, 193.662, 11.2056, 30.9372, 4.872],
      [1.864, 0.3728, 2.2368, 1.4912, 20.8768, 21.9952, 20.1312, 29.824, 15.6576, 0.3728, 0, 0.7456, 10.8112, 20.504, 25.3504, 38.3984, 4.4736, 21.2496, 0.3728, 14.1664, 17.8944, 17.5216, 38.3984, 45.4816, 41.008, 32.8064, 37.28, 17.1488, 32.8064, 0, 0.3728, 296.376, 17.1488, 47.3456, 7.456],
      [0.875, 0.175, 1.05, 0.7, 9.8, 10.325, 9.45, 14, 7.35, 0.175, 0, 0.35, 5.075, 9.625, 11.9, 18.025, 2.1, 9.975, 0.175, 6.65, 8.4, 8.225, 18.025, 21.35, 19.25, 15.4, 17.5, 8.05, 15.4, 0, 0.175, 139.125, 8.05, 22.225, 3.5],
      [0.318, 0.0636, 0.3816, 0.2544, 3.5616, 3.7524, 3.4344, 5.088, 2.6712, 0.0636, 0, 0.1272, 1.8444, 3.498, 4.3248, 6.5508, 0.7632, 3.6252, 0.0636, 2.4168, 3.0528, 2.9892, 6.5508, 7.7592, 6.996, 5.5968, 6.36, 2.9256, 5.5968, 0, 0.0636, 50.562, 2.9256, 8.0772, 1.272]
    ],
    [
      [1.1, 1.925, 1.375, 1.1, 30.8, 14.575, 17.875, 14.575, 6.05, 0.275, 0.825, 0.275, 12.1, 3.3, 11.825, 13.475, 0.275, 8.8, 0, 2.75, 9.35, 6.325, 17.6, 28.875, 32.725, 15.95, 24.475, 6.6, 15.4, 0.275, 0.275, 106.975, 13.75, 25.025, 3.85],
      [0.9136, 1.5988, 1.142, 0.9136, 25.5808, 12.1052, 14.846, 12.1052, 5.0248, 0.2284, 0.6852, 0.2284, 10.0496, 2.7408, 9.8212, 11.1916, 0.2284, 7.3088, 0, 2.284, 7.7656, 5.2532, 14.6176, 23.982, 27.1796, 13.2472, 20.3276, 5.4816, 12.7904, 0.2284, 0.2284, 88.8476, 11.42, 20.7844, 3.1976],
      [0.9064, 1.5862, 1.133, 0.9064, 25.3792, 12.0098, 14.729, 12.0098, 4.9852, 0.2266, 0.6798, 0.2266, 9.9704, 2.7192, 9.7438, 11.1034, 0.2266, 7.2512, 0, 2.266, 7.7044, 5.2118, 14.5024, 23.793, 26.9654, 13.1428, 20.1674, 5.4384, 12.6896, 0.2266, 0.2266, 88.1474, 11.33, 20.6206, 3.1724],
      [0.7424, 1.2992, 0.928, 0.7424, 20.7872, 9.8368, 12.064, 9.8368, 4.0832, 0.1856, 0.5568, 0.1856, 8.1664, 2.2272, 7.9808, 9.0944, 0.1856, 5.9392, 0, 1.856, 6.3104, 4.2688, 11.8784, 19.488, 22.0864, 10.7648, 16.5184, 4.4544, 10.3936, 0.1856, 0.1856, 72.1984, 9.28, 16.8896, 2.5984],
      [0.3376, 0.5908, 0.422, 0.3376, 9.4528, 4.4732, 5.486, 4.4732, 1.8568, 0.0844, 0.2532, 0.0844, 3.7136, 1.0128, 3.6292, 4.1356, 0.0844, 2.7008, 0, 0.844, 2.8696, 1.9412, 5.4016, 8.862, 10.0436, 4.8952, 7.5116, 2.0256, 4.7264, 0.0844, 0.0844, 32.8316, 4.22, 7.6804, 1.1816]
    ]
  ],
  "V_est": [
    [271.3661, 823.2519, 360.8044, 326.097, 125.4806],
    [312.336, 472.392, 767.448, 498.096, 109.944],
    [314.0752, 380.2246, 4177.0926, 397.972, 108.6356],
    [342.4082, 823.0173, 913.7761, 18444.6634, 105.1977],
    [350.03, 588.0504, 899.9392, 422.45, 153.5304],
    [450.725, 374.3476, 371.3974, 304.1984, 138.3316]
  ],
  "p_est": [
    [0.1423, 0.4317, 0.1892, 0.171, 0.0658],
    [0.1446, 0.2187, 0.3553, 0.2306, 0.0509],
    [0.0584, 0.0707, 0.7767, 0.074, 0.0202],
    [0.0166, 0.0399, 0.0443, 0.8942, 0.0051],
    [0.145, 0.2436, 0.3728, 0.175, 0.0636],
    [0.275, 0.2284, 0.2266, 0.1856, 0.0844]
  ],
  "EI_Z": {},
  "EI_V": 11.5007,
  "MAE_Z": {},
  "MAE_V": 261.6407,
  "MAE_p": 0.077,
  "runtime": 112.567
}
