{
  "X": [
    [1, 3, 84, 9, 7],
    [3, 9, 119, 47, 14],
    [16, 39, 136, 224, 34],
    [18, 20, 212, 231, 39],
    [3, 7, 79, 55, 14],
    [2, 0, 52, 20, 4],
    [13, 12, 202, 151, 18],
    [4, 14, 167, 172, 16],
    [11, 5, 349, 297, 44],
    [5, 12, 300, 219, 21],
    [3, 3, 124, 69, 4],
    [5, 7, 193, 210, 17],
    [8, 9, 108, 99, 16],
    [4, 11, 151, 140, 12],
    [16, 7, 555, 279, 38],
    [5, 7, 93, 48, 10],
    [8, 10, 78, 48, 7],
    [1, 4, 66, 31, 7],
    [0, 0, 36, 13, 1],
    [4, 8, 150, 74, 9],
    [7, 0, 89, 24, 8],
    [0, 0, 45, 10, 4],
    [11, 15, 191, 183, 16],
    [0, 1, 28, 7, 2],
    [1, 3, 95, 16, 5],
    [0, 1, 44, 14, 1],
    [2, 2, 92, 17, 4],
    [4, 7, 72, 26, 7],
    [0, 1, 62, 22, 6],
    [11, 16, 119, 146, 30],
    [9, 17, 213, 138, 24],
    [0, 1, 54, 14, 5],
    [1, 5, 22, 38, 4],
    [3, 5, 99, 46, 8],
    [7, 9, 66, 34, 10],
    [7, 5, 60, 97, 7],
    [1, 17, 86, 153, 8],
    [0, 1, 6, 3, 1],
    [2, 7, 56, 31, 6],
    [0, 3, 78, 10, 9],
    [0, 2, 43, 14, 4],
    [3, 2, 77, 72, 10],
    [1, 3, 103, 46, 9],
    [40, 35, 99, 301, 55],
    [16, 13, 136, 163, 30],
    [28, 54, 214, 499, 62],
    [10, 16, 47, 135, 15],
    [22, 32, 115, 492, 58],
    [17, 10, 45, 188, 34],
    [7, 4, 11, 105, 9],
    [43, 72, 269, 650, 81],
    [22, 24, 131, 174, 44],
    [22, 53, 185, 236, 32],
    [34, 50, 372, 504, 77],
    [24, 37, 335, 347, 59],
    [57, 31, 261, 430, 81],
    [9, 20, 41, 147, 26],
    [49, 66, 410, 751, 132],
    [48, 43, 329, 670, 100],
    [39, 44, 198, 419, 84],
    [21, 36, 144, 444, 61],
    [15, 22, 62, 119, 14],
    [90, 21, 431, 561, 82],
    [45, 41, 316, 668, 96],
    [35, 49, 719, 440, 89],
    [11, 25, 248, 235, 30],
    [18, 25, 242, 140, 35],
    [0, 0, 82, 18, 5],
    [20, 9, 228, 282, 43],
    [58, 52, 686, 726, 127],
    [7, 17, 98, 129, 25],
    [46, 140, 507, 517, 108],
    [2, 11, 50, 48, 8]
  ],
  "W": [
    [12, 5, 7, 55, 11, 5, 9],
    [25, 14, 33, 73, 28, 6, 13],
    [11, 31, 190, 95, 54, 23, 45],
    [13, 30, 195, 125, 69, 37, 51],
    [10, 13, 44, 53, 19, 8, 11],
    [5, 1, 18, 32, 15, 1, 6],
    [17, 20, 144, 120, 48, 17, 30],
    [21, 19, 159, 84, 46, 14, 30],
    [12, 11, 267, 213, 101, 42, 60],
    [23, 22, 204, 173, 76, 33, 26],
    [13, 3, 68, 75, 20, 13, 11],
    [14, 12, 168, 120, 56, 23, 39],
    [7, 10, 88, 71, 41, 9, 14],
    [19, 11, 117, 94, 43, 16, 18],
    [39, 20, 259, 314, 149, 46, 68],
    [11, 14, 45, 59, 15, 3, 16],
    [8, 12, 41, 42, 26, 10, 12],
    [4, 7, 32, 48, 9, 7, 2],
    [7, 4, 8, 24, 5, 1, 1],
    [8, 11, 64, 119, 22, 10, 11],
    [6, 1, 16, 61, 26, 10, 8],
    [2, 1, 7, 32, 13, 1, 3],
    [24, 17, 154, 126, 58, 16, 21],
    [4, 2, 6, 15, 5, 2, 4],
    [9, 5, 9, 79, 9, 5, 4],
    [10, 1, 13, 24, 10, 1, 1],
    [17, 2, 14, 58, 21, 1, 4],
    [10, 10, 21, 49, 9, 10, 7],
    [9, 1, 18, 39, 14, 5, 5],
    [6, 19, 132, 72, 41, 22, 30],
    [14, 20, 129, 137, 54, 24, 23],
    [10, 3, 11, 37, 8, 2, 3],
    [5, 10, 30, 8, 8, 5, 4],
    [18, 6, 36, 65, 23, 8, 5],
    [10, 17, 21, 39, 20, 9, 10],
    [2, 12, 96, 20, 26, 7, 13],
    [7, 17, 141, 52, 28, 7, 13],
    [0, 0, 3, 5, 1, 1, 1],
    [4, 10, 22, 39, 14, 6, 7],
    [5, 3, 11, 62, 8, 2, 9],
    [5, 3, 7, 30, 14, 1, 3],
    [12, 8, 58, 42, 18, 11, 15],
    [7, 5, 43, 64, 19, 10, 14],
    [5, 44, 251, 53, 73, 35, 69],
    [8, 17, 144, 74, 42, 26, 47],
    [26, 54, 435, 129, 93, 36, 84],
    [9, 23, 107, 29, 24, 10, 21],
    [8, 30, 421, 69, 100, 25, 66],
    [1, 15, 153, 31, 44, 19, 31],
    [2, 2, 89, 5, 15, 4, 19],
    [14, 110, 579, 159, 89, 62, 102],
    [12, 30, 147, 57, 48, 44, 57],
    [17, 59, 201, 112, 63, 35, 41],
    [40, 84, 438, 217, 110, 73, 75],
    [37, 66, 290, 201, 83, 69, 56],
    [26, 42, 377, 120, 110, 79, 106],
    [2, 18, 136, 26, 30, 10, 21],
    [35, 103, 640, 216, 207, 98, 109],
    [23, 62, 599, 197, 106, 80, 123],
    [15, 54, 381, 84, 85, 65, 100],
    [15, 48, 381, 61, 105, 34, 62],
    [8, 15, 104, 36, 34, 14, 21],
    [23, 44, 464, 227, 162, 124, 141],
    [19, 47, 587, 176, 157, 75, 105],
    [89, 77, 367, 428, 149, 134, 88],
    [20, 21, 198, 178, 72, 27, 33],
    [40, 20, 121, 138, 61, 38, 42],
    [12, 3, 21, 51, 7, 10, 1],
    [6, 10, 264, 192, 54, 7, 49],
    [93, 97, 594, 429, 203, 97, 136],
    [13, 25, 109, 68, 31, 8, 22],
    [75, 164, 449, 323, 118, 63, 126],
    [12, 25, 29, 32, 8, 6, 7]
  ],
  "method": "mvn_cdf",
  "mvncdf_method": "genz",
  "mvncdf_samples": 5000,
  "mvncdf_error": 1e-06,
  "cond_prob": [
    [
      [0, 0.0095920007632, 0.99010949669, 0, 0.00029850254266],
      [0.00021070008351, 0.46547030704, 0.16315088776, 0.18311199708, 0.18805610803],
      [0.0024326875886, 0.018173858841, 0.14334423611, 0.79489457051, 0.041154646954],
      [0, 0.00056654100871, 0.99166743381, 0, 0.0077660251812],
      [0, 0.00350851409, 0.77242589501, 0.096397243141, 0.12766834776],
      [0.057746754677, 0.0026733853162, 0.75631996, 0.040635090448, 0.14262480955],
      [0.077020434786, 0.038578567411, 0.38661427149, 0.13962587714, 0.35816084917]
    ],
    [
      [1.4952762079e-08, 0.027885802344, 0.97130493345, 0.00025388875014, 0.00055536050047],
      [0.00027197703473, 0.48198520754, 0.067183674109, 0.27123843728, 0.17932070404],
      [0.0025059929702, 0.016704157951, 0.047302716932, 0.90174280867, 0.031744323475],
      [0.0008160406495, 0.003647042666, 0.99306679765, 0.00046656780985, 0.0020035512274],
      [0.0061878469708, 0.0067988943073, 0.50764025151, 0.34252933424, 0.13684367297],
      [0.13377749001, 0.0053693596922, 0.51723156794, 0.10544650473, 0.23817507763],
      [0.14446142746, 0.039615808469, 0.18497099148, 0.24471093353, 0.38624083906]
    ],
    [
      [3.4302256805e-08, 0.15831189783, 0.84044309851, 0.00049988274301, 0.00074508661485],
      [0.00017835548241, 0.76366444986, 0.017050362975, 0.15136063077, 0.067746200918],
      [0.0079734696693, 0.023859980296, 0.015019762123, 0.92492984401, 0.028216943906],
      [3.1368646721e-06, 0.010700088652, 0.9818193618, 0.0041964121058, 0.0032810005737],
      [0.01050706262, 0.028567847196, 0.32944105862, 0.49648044662, 0.13500358495],
      [0.23112753081, 0.023277697323, 0.34635522675, 0.15846127141, 0.24077827371],
      [0.19101997274, 0.13237812696, 0.096532957978, 0.28249864144, 0.29757030088]
    ],
    [
      [2.0715557321e-08, 0.02656441888, 0.97271261404, 0.00028079703761, 0.00044214932927],
      [0.00039758811631, 0.46412699925, 0.073119506889, 0.31389118943, 0.14846471631],
      [0.0039522365929, 0.015209892805, 0.04480516004, 0.91132354885, 0.024709161713],
      [1.6602044289e-06, 0.0015806767551, 0.99464426443, 0.0020665699534, 0.0017068286603],
      [0.00843109721, 0.0063895729894, 0.50893196446, 0.36992879779, 0.10631856755],
      [0.17842066958, 0.0050489259453, 0.51843355554, 0.11461779825, 0.18347905068],
      [0.1967425087, 0.038032315478, 0.19206400877, 0.27151480594, 0.30164636112]
    ],
    [
      [1.7389572673e-08, 0.026318402501, 0.97265444711, 0.00030807921023, 0.00071905378698],
      [0.0002897324957, 0.42036592635, 0.0610840467, 0.30383433357, 0.21442596088],
      [0.0024057175523, 0.014715274723, 0.041629144476, 0.9121008054, 0.029149057853],
      [0.0018550169469, 0.0024745079654, 0.99340842884, 0.002262046247, 0],
      [0.0064577878997, 0.0057880258675, 0.45305295104, 0.37490256545, 0.15979866974],
      [0.14002126927, 0.0045634986691, 0.46169938959, 0.11507076453, 0.27864507794],
      [0.14083615535, 0.031541585596, 0.15413024088, 0.2500940112, 0.42339800697]
    ],
    [
      [1.1116368839e-08, 0, 0.99610880015, 0.00010396326096, 0.0037872254683],
      [0.00064565267629, 0, 0.20532604865, 0.35589075324, 0.43813754544],
      [0.0041986761643, 0, 0.10236986797, 0.86127705043, 0.03215440544],
      [0.009567193085, 0, 0.98524590203, 0.0019040905423, 0.0032828143429],
      [0.007756774084, 0, 0.72191408746, 0.19676632941, 0.073562809037],
      [0.1403723409, 0, 0.68251127236, 0.056636160127, 0.12048022661],
      [0.22681733165, 0, 0.32206347964, 0.17859008735, 0.27252910136]
    ],
    [
      [1.783723336e-08, 0.012786599883, 0.98686175826, 0.00013553758299, 0.00021608643297],
      [0.00065226880917, 0.43123209713, 0.14030209938, 0.28919487716, 0.13861865752],
      [0.01070765438, 0.013842902292, 0.072541147771, 0.8799672668, 0.022941028762],
      [1.4134175813e-06, 0.00075357342846, 0.9974338197, 0.00098637765717, 0.00082481579948],
      [0.0095979005859, 0.0040679318909, 0.68190416098, 0.23578183909, 0.068648167459],
      [0.18761021682, 0.0029390876322, 0.63434832808, 0.066803611077, 0.10829875639],
      [0.25982698552, 0.027631796582, 0.29213343916, 0.19756523053, 0.2228425482]
    ],
    [
      [6.8856715888e-09, 0.016862124131, 0.98277918289, 0.00016399341734, 0.00019469267336],
      [0.00021246958111, 0.48144816157, 0.11781061408, 0.29528336008, 0.10524539469],
      [0, 0.015771282041, 0.063770052107, 0.90353832991, 0.016920335937],
      [0, 0.00099641753768, 0.99705961288, 0.001198206748, 0.00074576283123],
      [0, 0.005179935767, 0.65566196879, 0.27943991393, 0.059718181516],
      [0.080346996902, 0.0043702329327, 0.71398003229, 0.091252092718, 0.11005064516],
      [0.095703499224, 0.053586236646, 0.3358206236, 0.28303877116, 0.23185086937]
    ],
    [
      [9.4094501254e-09, 0.009736515073, 0.98977146252, 0.00018735749244, 0.00030465550539],
      [0.00032526178766, 0.30469437192, 0.13438005571, 0.37658146274, 0.18401884784],
      [0, 0, 0.063072662036, 0.90566274444, 0.031264593528],
      [0, 0, 0.99690893018, 0.0019320390125, 0.0011590308108],
      [0, 0.0021692227869, 0.61444417665, 0.29676730298, 0.086619297583],
      [0.098891599451, 0.0022772800399, 0.64984868251, 0.093917801334, 0.15506463666],
      [0.11404958051, 0.020279774414, 0.28516754064, 0.27856388815, 0.30193921629]
    ],
    [
      [6.7629427416e-09, 0.010771905182, 0.98890260041, 0.00014056027075, 0.00018492737136],
      [0.00026879009488, 0.39123488066, 0.15404784247, 0.32574295662, 0.12870553016],
      [0, 0.0094717562762, 0.075229999281, 0.89591083244, 0.019387412006],
      [0, 0.0006339879372, 0.99763968933, 0.0010216845512, 0.00070463818406],
      [0, 0.0034436779505, 0.68843013805, 0.24916990169, 0.058956282305],
      [0.057366350425, 0.0028384517828, 0.73166067107, 0.10210947697, 0.10602504975],
      [0.11926911147, 0.028760468453, 0.36392726585, 0.25312829058, 0.23491486365]
    ],
    [
      [6.3680839289e-09, 0.0097354666652, 0.99004643681, 0.00010582736305, 0.00011226279448],
      [0.00028938431068, 0.45316331622, 0.17199771896, 0.28466834877, 0.089881231751],
      [0.002426510452, 0.01346302722, 0.11004727111, 0.87192350159, 0.0021396896241],
      [0.0024658160218, 0.0019695158834, 0.97673332151, 0.018831346587, 0],
      [0.0037642682485, 0.0034228178955, 0.75001804955, 0.20361748103, 0.039177383274],
      [0.081610705853, 0.002762540106, 0.78217404313, 0.064306902375, 0.069145808532],
      [0.13754257371, 0.031489096653, 0.4278696422, 0.2302846131, 0.17281407433]
    ],
    [
      [9.3879279539e-09, 0.017438202297, 0.98195010108, 0.00034949712788, 0.00026219010827],
      [0.00020927003127, 0.35723745704, 0.085363101306, 0.45499285321, 0.10219731841],
      [0, 0.00505389064, 0.039315271573, 0.9502555007, 0.0053753370877],
      [0, 0.0010294487065, 0.99541643115, 0.0025505389985, 0.0010035811416],
      [0, 0.0040172089848, 0.49402947045, 0.44169415579, 0.06025916478],
      [0.093676575482, 0.0038633358027, 0.60941954897, 0.16637332443, 0.12666721532],
      [0.072895574157, 0.030323276524, 0.26900266757, 0.41089089278, 0.21688758897]
    ],
    [
      [3.8754623577e-08, 0.036792452601, 0.96238890681, 0.00026597415827, 0.0005526276758],
      [0.00059862745423, 0.55144135263, 0.05716364916, 0.24023691546, 0.1505594553],
      [0.0051793731741, 0.023616700171, 0.045683109406, 0.89211160229, 0.033409214963],
      [3.1335341091e-06, 0.0021986167729, 0.99367176617, 0.0019744700772, 0.0021520134457],
      [0.015674378215, 0.0087529361327, 0.49437394926, 0.3486624884, 0.132536248],
      [0.29086359618, 0.005786257652, 0.42074240312, 0.090126193053, 0.19248155],
      [0.30554173296, 0.041622942807, 0.14748704195, 0.20310449199, 0.30224379029]
    ],
    [
      [0, 0.03750281151, 0.96184793322, 0.00033597728463, 0.00031327798153],
      [0.0001831022431, 0.55261286768, 0.057716690341, 0.30451514161, 0.084972198128],
      [0, 0.017967843969, 0.041644691789, 0.93064129432, 0.0097461699246],
      [0, 0.0022474653782, 0.99403394034, 0.0024971677064, 0.0012214265797],
      [0, 0.01335966907, 0.48363187447, 0.4301109754, 0.072897481053],
      [0.11518184033, 0.0080057331307, 0.5751734944, 0.15471245934, 0.1469264728],
      [0.11972646833, 0.066258224823, 0.20996887952, 0.36411185459, 0.23993457273]
    ],
    [
      [7.4529121485e-09, 0.0060717906475, 0.99366934676, 0.00010013537042, 0.00015871977017],
      [0.00041462986011, 0.30426116621, 0.21769890806, 0.32351466222, 0.15411063365],
      [0.0030557857001, 0, 0.12265519597, 0.84713077173, 0.027158246592],
      [5.8716419546e-07, 0, 0.97350237265, 0.025894675039, 0.00060236514469],
      [0.0043544838054, 0, 0.75005331739, 0.19090800107, 0.054684197736],
      [0.090609504887, 0.0016438506314, 0.75640226706, 0.058058214858, 0.093286162562],
      [0.15269439609, 0.008858231052, 0.41019158778, 0.20400049401, 0.22425529107]
    ],
    [
      [1.3578387052e-08, 0.010123442229, 0.98955009813, 0.0001038019966, 0.00022264406489],
      [0.00058015427377, 0.41190731779, 0.15740253203, 0.26090185006, 0.16920814585],
      [0.0052007737146, 0.013973254205, 0.10770312942, 0.84402665987, 0.029096182788],
      [0.0085592887117, 0.0007172425224, 0.96985718137, 0.01009488766, 0.010771399737],
      [0.0078048430625, 0.0034419214514, 0.71978311193, 0.19313692508, 0.075833198472],
      [0.1558307431, 0.0024852194241, 0.66701171499, 0.054568674328, 0.12010364816],
      [0.22926749778, 0.024483841146, 0.31533232021, 0.16929214449, 0.26162419637]
    ],
    [
      [3.1378712241e-08, 0.029197132607, 0.97040631166, 0.00015843050029, 0.00023809385166],
      [0.00067355138058, 0.62892917895, 0.079373677954, 0.2005749598, 0.090448631916],
      [0.0046753556881, 0.030173664762, 0.07363733509, 0.87405615364, 0.017457490822],
      [0, 0.0026598042517, 0.99617123144, 0.0011689643043, 0],
      [0.016199657972, 0.0088830224294, 0.63654504531, 0.26568959743, 0.072682676859],
      [0.29603701529, 0.0057285149965, 0.52844052894, 0.066951347231, 0.10284259354],
      [0.36822219075, 0.048516418737, 0.21594720371, 0.17741593607, 0.18989825073]
    ],
    [
      [7.8800746098e-09, 0.013201214978, 0.98627726296, 0.00011296732686, 0.00040854685055],
      [0.00024420428238, 0.43714229277, 0.11240936098, 0.2133077241, 0.23689641787],
      [0.0026081359022, 0.016426523854, 0.091851222542, 0.84172141281, 0.047392704889],
      [0.001211774516, 0.005122421991, 0.98775403887, 0.0014607847221, 0.0044509798983],
      [0.0042086454452, 0.0042196718135, 0.66102765674, 0.19779158858, 0.13275243742],
      [0.085117803261, 0.0031440608091, 0.63423708898, 0.057469294013, 0.22003175294],
      [0.11148129051, 0.027844299912, 0.26384195029, 0.15939091498, 0.43744154431]
    ],
    [
      [0, 0, 0.99631173009, 0.00023584284418, 0.0034524270689],
      [0, 0, 0.21308876483, 0.66433436413, 0.12257687105],
      [0, 0, 0.039663090421, 0.95377002601, 0.0065668835694],
      [0, 0, 0.99782303288, 0.001719058257, 0.00045790886092],
      [0, 0, 0.55934034711, 0.40641834317, 0.034241309723],
      [0, 0, 0.7700100384, 0.15259775364, 0.077392207962],
      [0, 0, 0.34169354361, 0.48490456785, 0.17340188854]
    ],
    [
      [1.5405161393e-08, 0.026595324895, 0.97282820309, 0.00025090857543, 0.00032554803442],
      [0.00030647485911, 0.51616257473, 0.073785001719, 0.29502860953, 0.11471733916],
      [0.0026405499455, 0.016429563777, 0.04858702767, 0.91327154869, 0.019071309919],
      [0.0016655832258, 0.0029586510697, 0.99338260948, 0.00047164858423, 0.0015215076392],
      [0.0067641641721, 0.0069073030026, 0.5414407019, 0.3600288629, 0.084858968019],
      [0.15238714086, 0.0056597362652, 0.5738545942, 0.11512329043, 0.15297523825],
      [0.17788600296, 0.045210862821, 0.22121797031, 0.28866407643, 0.26702108747]
    ],
    [
      [4.43342585e-08, 0, 0.99275339859, 0.00018894800612, 0.0070576090727],
      [0.0015151801395, 0, 0.12829349015, 0.38255717952, 0.48763415019],
      [0.0096627614937, 0, 0.0626283982, 0.89114272442, 0.036566115887],
      [0, 0, 0.99663753397, 0.00040526220964, 0.0029572038158],
      [0.0042765288579, 0, 0.59077118547, 0.28465206879, 0.12030021688],
      [0.34890748998, 0, 0.4363166874, 0.064908519546, 0.14986730308],
      [0.40545196499, 0, 0.17437805982, 0.16040819536, 0.25976177984]
    ],
    [
      [0, 0, 0.99689642158, 0.00011830475738, 0.0029852736662],
      [0, 0, 0.17869863172, 0.36673594313, 0.45456542514],
      [0, 0, 0.085639438785, 0.87381978932, 0.040540771895],
      [0, 0, 0.99533506634, 0.00085660710802, 0.0038083265517],
      [0, 0, 0.67318535683, 0.21380655081, 0.11300809236],
      [0, 0, 0.7041967886, 0.066828048653, 0.22897516275],
      [0, 0, 0.30723463445, 0.21418809517, 0.47857727038]
    ],
    [
      [3.2056565386e-08, 0.040620621407, 0.95860433495, 0.00037536872442, 0.00039964285846],
      [0.00045492518647, 0.53617570673, 0.052987775719, 0.3110280071, 0.099353585263],
      [0.0052065993221, 0.019237076115, 0.03485072675, 0.92829515251, 0.012410445303],
      [2.6020566954e-06, 0.0024424466188, 0.993194891, 0.0027976885481, 0.0015623717721],
      [0.011717234656, 0.0087536394757, 0.4481997031, 0.44500534251, 0.086324080252],
      [0.25240389906, 0.006887168152, 0.45495058241, 0.13708092488, 0.1486774255],
      [0.26057425489, 0.048664490295, 0.15754016616, 0.30428324392, 0.22893784473]
    ],
    [
      [0, 0.0036843132597, 0.99617814238, 5.1056724849e-05, 8.6487633868e-05],
      [0, 0.38731058027, 0.24859381434, 0.24162149177, 0.12247411362],
      [0, 0.0091831679731, 0.15812227912, 0.81238933307, 0.020305219837],
      [0, 0.00022620163625, 0.9551629937, 0.011841616766, 0.032769187894],
      [0, 0.0015465313428, 0.85022878906, 0.11349153453, 0.034733145063],
      [0, 0.0012347383298, 0.88293506593, 0.055127807661, 0.060702388082],
      [0, 0.035486855167, 0.55622678608, 0.19671981292, 0.21156654583]
    ],
    [
      [1.1069355638e-08, 0.024689207125, 0.97447009775, 0.00033130331827, 0.00050938073496],
      [0.00018533178514, 0.44313647281, 0.059040080534, 0.34141012273, 0.15622799213],
      [0.0013395755751, 0.010889022825, 0.032506712932, 0.9339686126, 0.021296076067],
      [0.00024863127404, 0.0031810552209, 0.99153957941, 0.00059264280183, 0.0044380912895],
      [0.0041746139088, 0.0055262323949, 0.44820194594, 0.42554296111, 0.11655424665],
      [0.10227652447, 0.0048817996196, 0.51727518911, 0.14336739044, 0.23219909636],
      [0.10460526077, 0.034666278569, 0.17254701712, 0.32267693989, 0.36550450365]
    ],
    [
      [0, 0.009024882167, 0.99077487928, 9.4473831479e-05, 0.0001057647188],
      [0, 0.54688443257, 0.14367367883, 0.23281180418, 0.076630084417],
      [0, 0.012816194858, 0.10287485481, 0.86944772585, 0.014861224483],
      [0, 0.0034070034152, 0.98503541804, 0.0090985552713, 0.0024590232725],
      [0, 0.0041765354305, 0.76436257133, 0.19290076447, 0.03856012877],
      [0, 0.013461297529, 0.85004376784, 0.06362874595, 0.072866188684],
      [0, 0.059261478805, 0.4766849017, 0.2524213043, 0.21163231519]
    ],
    [
      [1.7627601566e-08, 0.01499933032, 0.98463973063, 0.00011419540005, 0.00024672602144],
      [0.00055219409131, 0.53953925558, 0.11405957923, 0.20845290886, 0.13739606223],
      [0.0060694829949, 0.018152487146, 0.094835275546, 0.85214314525, 0.028799609068],
      [1.3986820833e-06, 0.0010036929715, 0.99113614728, 0, 0.0078587610656],
      [0.022897863667, 0.010952256904, 0.69426670938, 0.1891918747, 0.082691295347],
      [0.21596006125, 0.0033417512918, 0.60145326175, 0.055017834237, 0.12422709147],
      [0.3042565571, 0.030061178681, 0.25959021556, 0.155775406, 0.25031664266]
    ],
    [
      [2.0424848147e-08, 0.028522104544, 0.97089986249, 0.00019670535569, 0.00038130718804],
      [0.00039361237328, 0.56772755019, 0.069566600152, 0.22939830382, 0.13291393347],
      [0.0041595998875, 0.021301966756, 0.056026832217, 0.88466216414, 0.033849437],
      [0.004870755859, 0.0028023282249, 0.98953813207, 0, 0.0027887838442],
      [0.0095912639291, 0.0079437304872, 0.5699683642, 0.30528370254, 0.10721293884],
      [0.19750364539, 0.0057853818151, 0.53732142751, 0.086307991929, 0.17308155336],
      [0.2298124583, 0.046214382173, 0.20406769608, 0.21650160274, 0.30340386071]
    ],
    [
      [0, 0.011436946572, 0.98800534276, 0.00017014080426, 0.00038756986105],
      [0, 0.38959117239, 0.10651849163, 0.29809515537, 0.2057951806],
      [0, 0.0096958906834, 0.064919141117, 0.89302558474, 0.032359383463],
      [0, 0.0006752288428, 0.99537884803, 0.0012352084274, 0.0027107147012],
      [0, 0.0033251661985, 0.60415786435, 0.27546940336, 0.11704756609],
      [0, 0.0027496695677, 0.64778311517, 0.088169604201, 0.26129761106],
      [0, 0.049263135335, 0.26319762669, 0.25606405108, 0.43147518689]
    ],
    [
      [2.3612911466e-08, 0.040353130204, 0.95873395069, 0.00027548320022, 0.0006374122889],
      [0.0003433926768, 0.54863274294, 0.05411633167, 0.23396980092, 0.16293773179],
      [0.0056722404674, 0.0238401833, 0.045551266167, 0.8936539118, 0.03128239827],
      [1.9158383467e-06, 0.0024247903362, 0.99303040749, 0.0020521362468, 0.0024907500876],
      [0.0092803450983, 0.0093633936542, 0.48179820902, 0.35108726954, 0.14847078269],
      [0.18650159144, 0.0069673617495, 0.46220791255, 0.10231575185, 0.24200738241],
      [0.19203575182, 0.049172963492, 0.15953762916, 0.22657753749, 0.37267611804]
    ],
    [
      [1.5028599066e-08, 0.027465800995, 0.97201628121, 0.00016833726026, 0.00034956551022],
      [0.00033066887298, 0.56504854238, 0.083360705015, 0.21619683213, 0.1350632516],
      [0.0037410316462, 0.024480532057, 0.072125652836, 0.87002072689, 0.029632056573],
      [0.0018154502462, 0.0030287082804, 0.98723931517, 0.0017241532635, 0.0061923730423],
      [0.0073986260012, 0.0079849414276, 0.61457881386, 0.2682232372, 0.10181438151],
      [0.15011228192, 0.0060173572797, 0.59686041328, 0.079247021841, 0.16776292568],
      [0.18521113373, 0.05069490682, 0.24594159574, 0.20951480595, 0.30863755775]
    ],
    [
      [0, 0.0092319429763, 0.98999951064, 0.00018076870541, 0.00058777767913],
      [0, 0.26947529164, 0.097067704003, 0.31363813668, 0.31981886767],
      [0, 0.0026836512507, 0.054791638661, 0.90156124303, 0.040963467059],
      [0, 0, 0.99659258671, 0.0034074132923, 0],
      [0, 0.0025364997297, 0.55020937533, 0.27870630169, 0.16854782324],
      [0, 0.0020269270383, 0.60551057706, 0.085349088461, 0.30711340744],
      [0, 0.015129559878, 0.23982396379, 0.20456044909, 0.54048602724]
    ],
    [
      [9.6378404495e-09, 0.022322161084, 0.97701887868, 0.00034470265101, 0.00031424795033],
      [0.00018054207554, 0.42810215668, 0.066122346517, 0.39787192558, 0.10772302915],
      [0.0017096385416, 0.012688888844, 0.035519671084, 0.93284482009, 0.017236981438],
      [7.6801126255e-07, 0.001316361554, 0.99495713771, 0.0025205288403, 0.0012052038849],
      [0.0037424598625, 0.0052275986634, 0.46551152856, 0.45195566037, 0.073562752543],
      [0.09777316994, 0.0049344902006, 0.57762968159, 0.16470717204, 0.15495548623],
      [0.10702342553, 0.037419207438, 0.20404856771, 0.39371681357, 0.25779198576]
    ],
    [
      [2.1174024412e-08, 0.032206555848, 0.96698075274, 0.00030809870473, 0.00050457152963],
      [0.00033202944598, 0.51370974908, 0.057605131746, 0.28696568267, 0.14138740705],
      [0.0029254560152, 0.015957483235, 0.038722235381, 0.91327376359, 0.029121061783],
      [0.0039415885395, 0.0052060118232, 0.98880329633, 0, 0.002049103306],
      [0.0082381117037, 0.0073659884122, 0.47301863626, 0.39403582854, 0.11734143508],
      [0.18493126027, 0.0058155915689, 0.48309469432, 0.12084362033, 0.20531483351],
      [0.19351222384, 0.041844173848, 0.16766294727, 0.27304632383, 0.32393433121]
    ],
    [
      [4.6449121432e-08, 0.025165603991, 0.9741038932, 0.00026140709153, 0.00046904926727],
      [0.00089477593052, 0.46694410649, 0.070816883799, 0.29969848553, 0.16164574825],
      [0, 0.014698433608, 0.0452676625, 0.90664615825, 0.033387745646],
      [0, 0.0014910618547, 0.99477986582, 0.00075206804724, 0.0029770042731],
      [0.0068553919829, 0.0063520990554, 0.51055689307, 0.35387717088, 0.12235844502],
      [0.34622695008, 0.0038338676954, 0.40563904044, 0.085750719263, 0.15854942253],
      [0.37316379544, 0.028192884134, 0.14461491385, 0.1984311807, 0.25559722588]
    ],
    [
      [1.8152813309e-08, 0.0067033327399, 0.99304543846, 0.00010836208974, 0.00014284856117],
      [0.0009526333728, 0.33362195009, 0.19838966715, 0.33435341338, 0.13268233601],
      [0.012579602763, 0.0071943088366, 0.080148653844, 0.88517328968, 0.014904144878],
      [1.4319195784e-06, 0.00039486746319, 0.99827553227, 0.00078525448939, 0.00054291385399],
      [0.010531213406, 0.00230818358, 0.73491030792, 0.20336748726, 0.048882807836],
      [0.20608333094, 0.0016162911511, 0.66171170386, 0.055785540988, 0.074803133059],
      [0.31265407649, 0.016404009595, 0.32567705921, 0.17824215083, 0.16702270386]
    ],
    [
      [7.7115185703e-09, 0.053852386385, 0.94554897988, 0.00032074929127, 0.00027787673466],
      [0, 0.65344537433, 0.045997952177, 0.23863847237, 0.061918201122],
      [0, 0.026171661769, 0.038157201117, 0.92821009822, 0.007461038898],
      [0, 0.003272380175, 0.99320675973, 0.002421056124, 0.0010998039667],
      [0, 0.012975788509, 0.49195928916, 0.42795375759, 0.067111164745],
      [0.08028982911, 0.012389142849, 0.60755731705, 0.15914376601, 0.14061994498],
      [0.033690087865, 0.092619059613, 0.27265490573, 0.37235926024, 0.22867668655]
    ],
    [
      [8.2431403744e-10, 0.74269482409, 0.25713948523, 5.5856329233e-05, 0.00010983352419],
      [0.00042616353471, 0.50891439401, 0.06078509183, 0.28711771659, 0.14275663403],
      [0, 0, 0.012273127752, 0.78574236716, 0.20198450509],
      [0, 0, 0.96516985478, 0.033705314375, 0.0011248308486],
      [0, 0, 0.53387510192, 0.3623954046, 0.10372949349],
      [0, 0.075333012256, 0.59104871723, 0.089237998105, 0.24438027241],
      [0, 0.92466698774, 0.012407523714, 0.022612923954, 0.040312564587]
    ],
    [
      [1.2761807222e-08, 0.034446133505, 0.96492358884, 0.00027108575147, 0.00035917913734],
      [0.00020519044438, 0.5765072438, 0.057344344972, 0.26211667936, 0.10382654142],
      [0.0019652844262, 0.019380745713, 0.042032454552, 0.91540624083, 0.021215274476],
      [0.0027101309135, 0.0026926609958, 0.99075847624, 0, 0.0038387318517],
      [0.0054330245597, 0.0087089291443, 0.51198562189, 0.38246245239, 0.091409972015],
      [0.12842704927, 0.0074019164511, 0.56572543611, 0.12602867314, 0.17241692503],
      [0.14319886315, 0.057059476672, 0.20577375691, 0.30402359896, 0.28994430431]
    ],
    [
      [0, 0.017581433733, 0.98182856483, 6.7511867876e-05, 0.0005224895648],
      [0, 0.55991729751, 0.089245189042, 0.10188499867, 0.24895251477],
      [0, 0.031503775503, 0.16817531199, 0.71031996992, 0.090000942587],
      [0, 0.0010335585524, 0.9969684801, 0, 0.0019979613436],
      [0, 0.0058276457389, 0.69207104794, 0.12216003697, 0.17994126935],
      [0, 0.0041851887285, 0.67307197416, 0.034408067118, 0.28833477],
      [0, 0.08519191496, 0.25315945316, 0.092710149511, 0.56893848236]
    ],
    [
      [0, 0.021904709464, 0.97734375331, 0.00028649444872, 0.00046504277822],
      [0, 0.47672485569, 0.062006221553, 0.30851132596, 0.15275759679],
      [0, 0.011225670066, 0.037655474033, 0.92784333272, 0.023275523184],
      [0, 0.0012822833934, 0.9901283544, 0, 0.0085893622062],
      [0, 0.0052802580005, 0.48440864039, 0.39092040239, 0.11939069922],
      [0, 0.03692504107, 0.57944038878, 0.13767041286, 0.24596415729],
      [0, 0.077468346753, 0.19955408809, 0.32252472486, 0.40045284029]
    ],
    [
      [1.0691176269e-08, 0, 0.98948789623, 0.00028368539704, 0.010228407681],
      [0.00030039178785, 0.25, 0.10539820439, 0.47337755139, 0.17092385243],
      [0, 0, 0.044095898799, 0.935327124, 0.020576977203],
      [0, 0, 0.99614404531, 0.0026416722234, 0.0012142824622],
      [0, 0, 0.5235814498, 0.39698678581, 0.079431764393],
      [0.10709344202, 0, 0.60128537088, 0.13678284316, 0.15483834394],
      [0.12130459168, 0, 0.2565828267, 0.34661856797, 0.27549401365]
    ],
    [
      [4.2985865687e-09, 0.0079023316011, 0.99182518451, 9.597236931e-05, 0.00017650722489],
      [0.00020951254681, 0.38789987616, 0.18279918672, 0.27641672498, 0.15267469959],
      [0, 0.011824577579, 0.11787214324, 0.84374196524, 0.026561313935],
      [0, 0.00046647625665, 0.9730864235, 0.0096521744377, 0.016794925805],
      [0, 0.002781677096, 0.74853399397, 0.18683254814, 0.061851780792],
      [0.053858476315, 0.002235634802, 0.77699825161, 0.057965234433, 0.10894240284],
      [0.032883403145, 0.027976054916, 0.41464757927, 0.25636643858, 0.26812652409]
    ],
    [
      [8.68908591e-08, 0.07105165259, 0.92744949469, 0.00053165525379, 0.00096711057577],
      [0.00074950802855, 0.55535279777, 0.03135018148, 0.26671477506, 0.14583273766],
      [0, 0.021287558456, 0.007482099442, 0.93357698664, 0.037653355464],
      [7.2491172915e-06, 0.004395065613, 0.9876389659, 0.0040727144004, 0.0038860049729],
      [0.012107862795, 0.018056297181, 0.32954551888, 0.48200991419, 0.15828040695],
      [0.40136168973, 0.0071773867241, 0.26232361454, 0.11543010311, 0.2137072059],
      [0.36282759253, 0.044402677618, 0.080033666688, 0.22451357634, 0.28822248683]
    ],
    [
      [2.1044731645e-08, 0.024646999924, 0.97469525355, 0.00023963384873, 0.00041809163442],
      [0.00043904915382, 0.47590690993, 0.079122081101, 0.29169058207, 0.15284137774],
      [0.0055075894116, 0.017069437966, 0.049805572307, 0.90033361701, 0.027283783302],
      [1.6838231866e-06, 0.0014634353304, 0.99516285304, 0.0017607048771, 0.0016113229261],
      [0.0091153045714, 0.0063086158846, 0.54118348153, 0.33631673602, 0.10707586199],
      [0.18624922796, 0.0047989295378, 0.53065136422, 0.10024246251, 0.17805801578],
      [0.21221267657, 0.037369770536, 0.20248228429, 0.24530644861, 0.30262881999]
    ],
    [
      [3.4807905299e-08, 0.084205655122, 0.91452735341, 0.00053150442561, 0.00073545223484],
      [0.00028260563393, 0.6157392336, 0.029191413612, 0.25060001816, 0.10418672899],
      [0.0047342076472, 0.022858745929, 0.01538732347, 0.93333616113, 0.02368356182],
      [2.9451631333e-06, 0.0052859526703, 0.98758430064, 0.0041295896926, 0.0029972118376],
      [0.010197457424, 0.01455989617, 0.34465255343, 0.50337651805, 0.12721357492],
      [0.22609876507, 0.012064423834, 0.3681095922, 0.16364836327, 0.23007885562],
      [0.20044117923, 0.073177409248, 0.11011260948, 0.31207708909, 0.30419171295]
    ],
    [
      [6.306177683e-08, 0.076002030276, 0.92234516899, 0.00081808734684, 0.00083465032317],
      [0.00045933704771, 0.51647687365, 0.025726035014, 0.35020150637, 0.10713624792],
      [0.0034973465683, 0.015081663845, 0, 0.95864541058, 0.022775579006],
      [0.011170984362, 0.017022999081, 0.94609600916, 0.022350387588, 0.0033596198082],
      [0.014213061522, 0.010115581236, 0.26139059935, 0.60262077121, 0.11165998668],
      [0.32397068629, 0.0082473656635, 0.27569508248, 0.19163562705, 0.20045123851],
      [0.27192570056, 0.047826715356, 0.078099295181, 0.34931083884, 0.25283745007]
    ],
    [
      [4.3636630369e-08, 0.089655824916, 0.9085771442, 0.00073349156429, 0.0010334956798],
      [0.00030005159793, 0.55823323102, 0.024522259413, 0.29290384657, 0.12404061141],
      [0.0027187054927, 0.019874085647, 0, 0.9509340117, 0.026473197157],
      [3.7039625854e-06, 0.0056401733788, 0.98441350855, 0.0057171766088, 0.0042254374986],
      [0.021697270325, 0.015533927334, 0.25986316741, 0.55909466283, 0.1438109721],
      [0.23470338581, 0.010589939443, 0.30121990792, 0.18631531845, 0.26717144837],
      [0.19407357332, 0.060022018639, 0.08415709902, 0.33184792899, 0.32989938003]
    ],
    [
      [8.6054890716e-08, 0.062581539204, 0.9349843023, 0.00082797542248, 0.0016060970185],
      [0.00062247323305, 0.4190316228, 0.026215109218, 0.34986126374, 0.204269531],
      [0.0046937454009, 0.012182906432, 0, 0.94872971757, 0.034393630594],
      [7.0886296445e-06, 0.0038094547837, 0.98355000553, 0.0062616074521, 0.0063718436048],
      [0.031085561921, 0.014773809483, 0.16345728528, 0.59831183501, 0.1923715083],
      [0.33378938187, 0.0052161866748, 0.2163901995, 0.14870067245, 0.29590355951],
      [0.27621087231, 0.029700360399, 0.060587243393, 0.26614396554, 0.36735755836]
    ],
    [
      [6.2413940793e-08, 0.082336481007, 0.91584256834, 0.00096131719727, 0.00085957104659],
      [0.0003901178597, 0.53021704577, 0.021318508813, 0.35372733608, 0.094346991478],
      [0.0029356847445, 0.013779185033, 0, 0.96332557216, 0.019959558063],
      [5.2352480738e-06, 0.0050381709626, 0.98408169113, 0.0074017685762, 0.0034731340802],
      [0.012709282882, 0.0098115886067, 0.21133484772, 0.6619471454, 0.10419713539],
      [0.31448910644, 0.0085280246577, 0.25881166856, 0.21717586157, 0.20099533878],
      [0.27838536063, 0.070635194525, 0, 0.4063014369, 0.24467800794]
    ],
    [
      [3.5262612543e-08, 0.04366545016, 0.95531640204, 0.00041885245934, 0.00059926007727],
      [0.00045478615939, 0.5024556753, 0.048545181371, 0.31368465518, 0.13485970199],
      [0.0041667631354, 0.017203740086, 0.028825536408, 0.92706115907, 0.022742801296],
      [2.8695734207e-06, 0.0026399688421, 0.99187816785, 0.0031300908325, 0.0023489028989],
      [0.011758063432, 0.0086034108047, 0.41052473432, 0.45119166104, 0.11792213041],
      [0.24414137101, 0.006691408213, 0.4114225576, 0.13775577254, 0.19998889064],
      [0.2387620418, 0.044679097927, 0.13570672771, 0.28946875215, 0.29138338042]
    ],
    [
      [2.4769004186e-08, 0.038831634597, 0.96034254444, 0.00027165053097, 0.00055414566651],
      [0.00038140988301, 0.54851766307, 0.057822341259, 0.24387354842, 0.14940503737],
      [0.0055236161015, 0.02294821436, 0.045841609643, 0.89583246899, 0.029854090905],
      [2.0077831468e-06, 0.0023345608503, 0.99347802356, 0.0020219013555, 0.0021635064517],
      [0.0099526536791, 0.0092174876838, 0.4955885535, 0.35359090458, 0.13165040056],
      [0.19881758451, 0.0068741298871, 0.47641950311, 0.10336290353, 0.21452587896],
      [0.20966263686, 0.049598805077, 0.16883415024, 0.23434353065, 0.33756087717]
    ],
    [
      [3.5490140043e-08, 0.076707858273, 0.92247360765, 0.00034265998265, 0.00047583860453],
      [0.00034870859442, 0.68615453569, 0.03550765813, 0.19618099374, 0.081808103854],
      [0.0048304612662, 0.028163948443, 0.036961484055, 0.91043531528, 0.019608790954],
      [2.9856106876e-06, 0.0047849265938, 0.99063792761, 0.0026464957592, 0.0019276644288],
      [0.013361154573, 0.017053052284, 0.44607482895, 0.41768101435, 0.10582994984],
      [0.26747797756, 0.012654028257, 0.42679256939, 0.12152211715, 0.17155330765],
      [0.26352893985, 0.085335368426, 0.14150820734, 0.25752224996, 0.25210523441]
    ],
    [
      [2.7108972788e-08, 0.031217205258, 0.96788169303, 0.00034150843286, 0.0005595661742],
      [0.00044185599632, 0.45474382103, 0.06218114772, 0.32339471195, 0.1592384633],
      [0.0041409113955, 0.014241825791, 0.038060101693, 0.91823518158, 0.025321979538],
      [2.1810604452e-06, 0.0018661778835, 0.99343988409, 0.0025232345367, 0.002168522429],
      [0.0099397702268, 0.0067642218809, 0.45757298158, 0.40461301502, 0.12111001129],
      [0.206498944, 0.0052656759024, 0.45899250386, 0.12363304162, 0.20560983462],
      [0.21307857192, 0.037086557047, 0.15967007634, 0.27405318321, 0.31611161148]
    ],
    [
      [2.1527392379e-08, 0.027754942857, 0.97140951526, 0.00032583321536, 0.0005096871406],
      [0.00038018638734, 0.43987708876, 0.067514275828, 0.33488366158, 0.15734478744],
      [0.0027659304752, 0.012836668934, 0.040415005467, 0.91910717078, 0.024875224342],
      [1.7266195834e-06, 0.0016538696009, 0.99397542192, 0.0023999065197, 0.0019690753408],
      [0.0081402061146, 0.0062051956208, 0.4732328644, 0.39859244827, 0.1138292856],
      [0.17548880625, 0.0050108330807, 0.49263864768, 0.12628349666, 0.20057821634],
      [0.1855013442, 0.036166763502, 0.17539464116, 0.28688263025, 0.31605462089]
    ],
    [
      [4.2864925969e-08, 0.031382575845, 0.96769868052, 0.00031721388167, 0.00060148688911],
      [0.00070308548755, 0.46242251776, 0.06253907991, 0.30217712728, 0.17215818956],
      [0.0016478049225, 0.015666329223, 0.041906297206, 0.91017201418, 0.030607554467],
      [3.4493116233e-06, 0.001875730494, 0.99344519439, 0.0023441738408, 0.0023314519657],
      [0.015942402873, 0.0068938258461, 0.46399270935, 0.38114315756, 0.13202790437],
      [0.29005073586, 0.0046968640172, 0.40717217372, 0.10191636823, 0.19616385817],
      [0.29887887239, 0.033034343446, 0.14146505495, 0.22553794778, 0.30108378144]
    ],
    [
      [5.2177192504e-08, 0.13738832493, 0.86069374385, 0.00052131193519, 0.0013965671077],
      [0.00027518963678, 0.69178314301, 0.017424601601, 0.16059673396, 0.12992033179],
      [0.009964908279, 0.032947626642, 0.0050234825499, 0.91687060008, 0.035193382451],
      [4.6485977951e-06, 0.0090119695978, 0.98073126414, 0.0042622159465, 0.0059899017179],
      [0.013934367782, 0.021574248056, 0.29027253273, 0.45224408147, 0.22197476996],
      [0.26694576963, 0.014899891354, 0.25844799114, 0.1220860597, 0.33762028818],
      [0.21677187443, 0.083891047037, 0.070957490274, 0.21499113802, 0.41338845024]
    ],
    [
      [3.2262167166e-08, 0.039218801073, 0.95959921282, 0.00040066617933, 0.00078128766161],
      [0.0004266429242, 0.46191921336, 0.050136068629, 0.30735477627, 0.18016329882],
      [0.0047862383613, 0.015997519383, 0.03061385957, 0.92139618436, 0.027206198322],
      [2.613309968e-06, 0.0023605215528, 0.99160794418, 0.0029805084615, 0.0030484124986],
      [0.010582329381, 0.0075993049686, 0.40634506564, 0.42426597912, 0.15120732089],
      [0.21530533779, 0.0058051097678, 0.39985328879, 0.12726138435, 0.2517748793],
      [0.20735625998, 0.038159826055, 0.13000711492, 0.26326984921, 0.36120694984]
    ],
    [
      [3.2873288692e-08, 0.037004496295, 0.96186422894, 0.0004248262928, 0.00070641560127],
      [0.00044504513016, 0.44752784232, 0.0513480976, 0.33386197672, 0.16681703823],
      [0.0044050525927, 0.013799461826, 0.02835365316, 0.92762969216, 0.025812140257],
      [2.6570985737e-06, 0.0022219941996, 0.99187155413, 0.0031534211476, 0.0027503734234],
      [0.010658568345, 0.0070882477136, 0.40212690028, 0.44495248646, 0.1351737972],
      [0.22212817045, 0.0055434821758, 0.40520808307, 0.13660443681, 0.23051582751],
      [0.21490402125, 0.036615666982, 0.13226754635, 0.28395169396, 0.33226107145]
    ],
    [
      [2.9879078386e-08, 0.042616231298, 0.95639984916, 0.00031010902439, 0.00067378064051],
      [0.00041554770601, 0.53311097573, 0.052342203443, 0.25052569832, 0.1636055748],
      [0.0053297852966, 0.022031942624, 0.041166030115, 0.90136038046, 0.030111861509],
      [2.4300458009e-06, 0.0025735479619, 0.99246849842, 0.0023160438923, 0.0026394796769],
      [0.011119321214, 0.0093674154661, 0.45856894019, 0.37289296679, 0.14805135634],
      [0.21716261301, 0.0068570187417, 0.43243863348, 0.10712995639, 0.23641177838],
      [0.21885995505, 0.047204791397, 0.14689040843, 0.23194758672, 0.3550972584]
    ],
    [
      [3.0582163049e-08, 0.05114026389, 0.94760000978, 0.00048663476412, 0.00077306098335],
