{
  "X": [
    [34, 12, 16, 3, 5, 4, 3, 11, 7, 5],
    [24, 20, 20, 3, 7, 7, 2, 7, 8, 2],
    [30, 8, 22, 2, 10, 7, 2, 7, 8, 4],
    [26, 18, 18, 7, 8, 9, 2, 3, 8, 1],
    [36, 15, 14, 5, 5, 5, 5, 5, 9, 1],
    [23, 16, 21, 6, 7, 4, 3, 8, 9, 3],
    [23, 11, 16, 10, 2, 11, 4, 3, 17, 3],
    [16, 19, 20, 8, 10, 7, 5, 7, 4, 4],
    [20, 17, 12, 11, 8, 7, 5, 5, 12, 3],
    [13, 20, 16, 17, 5, 4, 7, 7, 9, 2],
    [12, 16, 20, 12, 10, 5, 4, 9, 10, 2],
    [19, 14, 17, 8, 11, 2, 3, 13, 11, 2],
    [17, 9, 18, 13, 12, 5, 6, 4, 11, 5],
    [13, 22, 14, 8, 7, 2, 5, 8, 19, 2],
    [19, 10, 18, 14, 7, 5, 3, 6, 17, 1],
    [20, 9, 15, 8, 5, 3, 8, 9, 21, 2],
    [10, 8, 16, 12, 9, 6, 3, 12, 23, 1],
    [8, 6, 14, 13, 10, 15, 7, 7, 19, 1],
    [7, 1, 32, 13, 14, 7, 5, 2, 15, 4],
    [6, 8, 15, 15, 14, 14, 6, 1, 17, 4],
    [7, 3, 24, 8, 13, 9, 9, 4, 15, 8],
    [4, 8, 19, 20, 11, 3, 10, 9, 16, 0],
    [10, 5, 19, 19, 14, 4, 7, 4, 11, 7],
    [8, 2, 14, 25, 11, 4, 11, 4, 17, 4],
    [7, 10, 16, 16, 11, 5, 8, 5, 18, 4],
    [9, 11, 10, 8, 9, 8, 7, 7, 18, 13],
    [12, 16, 6, 6, 9, 9, 7, 6, 18, 11],
    [5, 17, 7, 6, 4, 9, 2, 12, 26, 12],
    [9, 14, 12, 3, 3, 7, 6, 10, 22, 14],
    [7, 15, 18, 7, 7, 4, 7, 11, 16, 8],
    [12, 14, 9, 6, 12, 3, 11, 5, 16, 12],
    [8, 9, 13, 5, 7, 4, 10, 12, 20, 12],
    [7, 9, 16, 10, 8, 5, 9, 4, 23, 9],
    [16, 14, 7, 6, 20, 5, 7, 12, 12, 1],
    [22, 15, 8, 4, 11, 7, 8, 18, 5, 2],
    [21, 19, 8, 3, 9, 7, 8, 12, 11, 2],
    [12, 11, 9, 6, 17, 15, 7, 14, 8, 1],
    [12, 11, 9, 4, 12, 12, 10, 14, 12, 4],
    [17, 11, 6, 6, 15, 5, 13, 12, 9, 6],
    [21, 13, 14, 4, 12, 4, 8, 12, 10, 2],
    [15, 11, 8, 7, 20, 4, 16, 11, 8, 0],
    [14, 16, 10, 6, 14, 4, 16, 8, 7, 5],
    [5, 12, 8, 12, 10, 16, 10, 5, 20, 2],
    [10, 12, 14, 5, 9, 16, 8, 4, 21, 1],
    [9, 15, 17, 9, 8, 13, 8, 3, 15, 3],
    [13, 9, 8, 4, 16, 8, 9, 3, 27, 3],
    [9, 15, 16, 7, 8, 15, 8, 4, 17, 1],
    [7, 21, 10, 6, 10, 10, 6, 3, 24, 3],
    [13, 17, 9, 6, 11, 13, 9, 6, 11, 5],
    [10, 15, 13, 7, 6, 14, 10, 5, 15, 5]
  ],
  "W": [
    [64, 7, 7, 12, 4, 6],
    [62, 8, 9, 4, 9, 8],
    [61, 8, 9, 9, 7, 6],
    [62, 12, 10, 5, 7, 4],
    [58, 10, 9, 7, 8, 8],
    [58, 7, 7, 12, 9, 7],
    [50, 11, 12, 9, 9, 9],
    [46, 12, 9, 13, 12, 8],
    [27, 37, 9, 10, 5, 12],
    [8, 59, 8, 9, 5, 11],
    [14, 55, 9, 9, 7, 6],
    [16, 57, 4, 8, 8, 7],
    [8, 51, 14, 9, 9, 9],
    [7, 65, 9, 7, 5, 7],
    [7, 63, 9, 4, 9, 8],
    [11, 56, 12, 7, 10, 4],
    [9, 43, 22, 9, 8, 9],
    [3, 10, 55, 8, 14, 10],
    [10, 3, 60, 9, 11, 7],
    [2, 12, 60, 8, 7, 11],
    [7, 6, 56, 12, 7, 12],
    [6, 12, 58, 10, 6, 8],
    [13, 11, 54, 7, 7, 8],
    [9, 5, 60, 3, 13, 10],
    [7, 7, 59, 9, 7, 11],
    [7, 12, 9, 58, 6, 8],
    [11, 7, 6, 62, 10, 4],
    [6, 6, 7, 66, 3, 12],
    [9, 4, 12, 59, 5, 11],
    [11, 9, 11, 57, 6, 6],
    [7, 10, 7, 58, 11, 7],
    [4, 6, 8, 66, 9, 7],
    [10, 14, 10, 52, 6, 8],
    [8, 11, 8, 24, 43, 6],
    [9, 7, 7, 5, 61, 11],
    [10, 8, 6, 7, 57, 12],
    [6, 14, 10, 6, 60, 4],
    [7, 8, 14, 7, 55, 9],
    [5, 3, 7, 11, 63, 11],
    [9, 7, 5, 10, 60, 9],
    [10, 7, 7, 12, 52, 12],
    [9, 11, 5, 10, 47, 18],
    [4, 7, 16, 7, 10, 56],
    [12, 6, 11, 10, 12, 49],
    [10, 7, 9, 6, 7, 61],
    [9, 7, 4, 7, 16, 57],
    [8, 10, 6, 5, 6, 65],
    [9, 6, 10, 6, 7, 62],
    [11, 10, 4, 8, 10, 57],
    [8, 10, 4, 5, 8, 65]
  ],
  "method": "mult",
  "cond_prob": [
    [
      [0.4698490326, 0.13031028874, 0.18527349052, 0.01134605385, 0.032319482611, 0.035877009814, 0.0038210231174, 0.090125351791, 0.024420202505, 0.016658064451],
      [0.20132699059, 0.13441228538, 0.15443757438, 0.10076107741, 0.059768485733, 0.0087598461253, 0.030861661497, 0.17630681693, 0.1274019022, 0.0059633597523],
      [0.019058786761, 0.0047993376009, 0.23885052132, 0.18416446808, 0.13568934734, 0.060564303101, 0.089276579534, 0.036359629983, 0.17303251166, 0.058204514618],
      [0.042057465145, 0.10329736505, 0.062684828536, 0.023040755715, 0.045726267725, 0.028214702365, 0.071386485179, 0.17579511316, 0.18437964667, 0.26341737046],
      [0.22038555104, 0.088577217672, 0.029148317838, 0.010742406684, 0.15261131067, 0.040367784669, 0.12275089939, 0.2995581151, 0.024764033744, 0.011094363194],
      [0.058789403665, 0.15931294663, 0.097651604259, 0.042640791954, 0.08819253065, 0.13887072864, 0.12114405938, 0.028028168764, 0.22079438125, 0.044575384799]
    ],
    [
      [0.3318707978, 0.22366910758, 0.23398649303, 0.010390423115, 0.039314332571, 0.059561960905, 0.0022519183713, 0.056672265351, 0.031228942437, 0.011053758848],
      [0.13630348846, 0.22112218021, 0.18693782551, 0.088213302609, 0.06963738757, 0.013944375252, 0.017414309501, 0.10624442618, 0.15639563812, 0.0037870665855],
      [0.012325356685, 0.0075397700357, 0.27615913843, 0.15373768916, 0.1507763376, 0.092031919779, 0.048029730868, 0.020933630017, 0.20296259519, 0.035503832233],
      [0.030325273607, 0.18097261784, 0.080806138529, 0.021529135067, 0.056751320532, 0.0478171836, 0.042816019942, 0.11281661963, 0.24134388125, 0.18482181],
      [0.17190406412, 0.16787754876, 0.040649030756, 0.010863250114, 0.204235563, 0.073996554588, 0.079456456698, 0.20792145993, 0.034971771244, 0.0081243007873],
      [0.034144964607, 0.2248330265, 0.1013978883, 0.032082868415, 0.088106109296, 0.18933789806, 0.058466175417, 0.01449275416, 0.23275324096, 0.024385074274]
    ],
    [
      [0.42329017392, 0.089345888396, 0.25742363788, 0.0068575255465, 0.058572524676, 0.062278489324, 0.0022996032382, 0.055639752429, 0.028670689731, 0.015621714856],
      [0.18991520447, 0.096511074535, 0.22471176769, 0.063604673568, 0.1133833197, 0.015925646001, 0.019434335341, 0.11396162625, 0.15669807229, 0.005854280167],
      [0.014956358517, 0.0028662664667, 0.28915172869, 0.096544617953, 0.21393020001, 0.091597993822, 0.04670407925, 0.019561343036, 0.17707841641, 0.047608995843],
      [0.03950875386, 0.073864988365, 0.090833271927, 0.014518185126, 0.086404643113, 0.051083371888, 0.044700427698, 0.11316141374, 0.22591663925, 0.26000830504],
      [0.20896764588, 0.063922991192, 0.042627154438, 0.0068343092866, 0.29037746594, 0.073760109421, 0.07742328187, 0.19453256711, 0.030604631612, 0.01094984325],
      [0.047468095684, 0.09792062301, 0.12162329122, 0.023085356341, 0.14316724003, 0.21605791011, 0.065144946022, 0.015514806246, 0.23251780643, 0.037499924903]
    ],
    [
      [0.36434547089, 0.20674550167, 0.20825044379, 0.022110643904, 0.047687326309, 0.086913794812, 0.0025911236761, 0.024402112867, 0.031621493538, 0.0053320885419],
      [0.14410810892, 0.19682573181, 0.16023094209, 0.18028632167, 0.081356600517, 0.019579662093, 0.019314807924, 0.04405003643, 0.15248825749, 0.0017595310649],
      [0.011311211953, 0.0058248468948, 0.20544121132, 0.27223905422, 0.15296117925, 0.11229447294, 0.046319202766, 0.0075348096747, 0.17176643594, 0.014307575037],
      [0.037495602944, 0.18838342659, 0.081010552173, 0.051572913653, 0.077533027782, 0.078565999078, 0.055637068998, 0.054700225093, 0.27517360555, 0.099927578134],
      [0.19260091383, 0.15835267763, 0.036930231091, 0.02359064664, 0.25306464368, 0.11021403512, 0.09377167589, 0.091338118951, 0.036137383651, 0.0039996735237],
      [0.033811028623, 0.187436484, 0.081408710891, 0.06152765613, 0.096417161696, 0.24972806406, 0.060903768433, 0.0056286714539, 0.2125332088, 0.010605245907]
    ],
    [
      [0.50914489844, 0.1638259173, 0.16239182203, 0.015865968796, 0.027497048822, 0.042238724962, 0.0052638812855, 0.038681822894, 0.030770571212, 0.0043193442477],
      [0.21719916701, 0.16829607586, 0.13480763844, 0.13975919392, 0.050612147157, 0.010274188807, 0.042286086373, 0.07534515551, 0.15988148724, 0.0015388596915],
      [0.01966499046, 0.0057469844881, 0.19946195295, 0.24369470948, 0.10975613883, 0.067925267211, 0.11674402685, 0.014871233864, 0.20772635476, 0.014408341107],
      [0.056242366306, 0.16034479737, 0.067830201977, 0.039758222866, 0.04801613055, 0.041018593765, 0.12096639096, 0.093134529743, 0.28686813418, 0.085820632284],
      [0.26584760465, 0.12399177354, 0.028442705214, 0.016727075412, 0.14406509476, 0.052917319933, 0.1870063406, 0.1430534894, 0.03474631299, 0.0032022834933],
      [0.057090299745, 0.17958878497, 0.076734266748, 0.053402401937, 0.067205235525, 0.14648347517, 0.14887102862, 0.010788911811, 0.24945812493, 0.010377470541]
    ],
    [
      [0.34478871872, 0.18214618392, 0.26615055298, 0.02323701702, 0.040978793858, 0.035992644887, 0.0031728368804, 0.061549630785, 0.031654336544, 0.010329284407],
      [0.12698825578, 0.16155864343, 0.19074400203, 0.1774099013, 0.065127303677, 0.0075584858815, 0.021999324266, 0.10347320544, 0.1419611597, 0.0031797184937],
      [0.01049095844, 0.0050347262647, 0.25756029096, 0.28300425362, 0.12888738292, 0.045603316141, 0.055388644814, 0.018648557953, 0.16829063093, 0.027091237957],
      [0.031477602815, 0.14735414092, 0.09185900121, 0.048157113637, 0.059147118478, 0.028889317956, 0.060207647361, 0.12242891232, 0.24377272931, 0.166706416],
      [0.17442091423, 0.13357271374, 0.045148738041, 0.023736187466, 0.20807003755, 0.043690058606, 0.1090241576, 0.22028329602, 0.034631881531, 0.0074220152161],
      [0.036627871852, 0.18918568634, 0.11912812175, 0.074186783545, 0.094903035222, 0.11829185198, 0.084910842474, 0.016271041353, 0.24301262855, 0.023482136932]
    ],
    [
      [0.40332644955, 0.13977313559, 0.21434305524, 0.030665357367, 0.011355014034, 0.10159575005, 0.0040206281839, 0.025356876926, 0.057104112369, 0.012459620691],
      [0.14437634679, 0.12060264772, 0.14944058744, 0.22615532584, 0.017549753829, 0.020759753232, 0.027100779827, 0.041479534703, 0.24880519119, 0.0037300794317],
      [0.010468341625, 0.0032986205739, 0.17720270143, 0.31531237304, 0.030474509669, 0.10995726006, 0.059845859791, 0.0065620824913, 0.25893639987, 0.027941851451],
      [0.031886945048, 0.098047944294, 0.064154589074, 0.055051367155, 0.014209439196, 0.070719247069, 0.066030492252, 0.043752361567, 0.38045544115, 0.17569217319],
      [0.23850790906, 0.11989040577, 0.042537340881, 0.03664421222, 0.067314225261, 0.14426260383, 0.16104138339, 0.10624438687, 0.073085481304, 0.010472051408],
      [0.032380986693, 0.10986816245, 0.072607332391, 0.073941277232, 0.019889418477, 0.2525426819, 0.081210839663, 0.0050719094521, 0.33103871647, 0.021448675274]
    ],
    [
      [0.2771452115, 0.22714967718, 0.27313432257, 0.025324087294, 0.052569457482, 0.064129015955, 0.0043963575101, 0.050473145806, 0.012430361273, 0.013248363429],
      [0.10582065959, 0.20912758165, 0.20315065682, 0.19960593661, 0.086681379717, 0.013978372247, 0.031601932389, 0.08803483002, 0.057764883244, 0.0042337677115],
      [0.0082228488777, 0.0061322600475, 0.25826822415, 0.29863514589, 0.16129507776, 0.079391053142, 0.07473433384, 0.014947712062, 0.064433519856, 0.033939824378],
      [0.025898468618, 0.1884348903, 0.096623734895, 0.053775655437, 0.077786971367, 0.052785193116, 0.085253514867, 0.10289569053, 0.0978651494, 0.21868073148],
      [0.13011045007, 0.15472809174, 0.04301438992, 0.024030695972, 0.24730006182, 0.072316156093, 0.13945707413, 0.16756589712, 0.01263329943, 0.0088438837024],
      [0.027818489707, 0.22333662061, 0.11567647119, 0.076415297362, 0.11515307534, 0.19953405095, 0.11085004283, 0.012636133704, 0.09007503568, 0.028504782631]
    ],
    [
      [0.42975230954, 0.19536766691, 0.16032016531, 0.021720242485, 0.042496037195, 0.070142648078, 0.0043751099418, 0.036088435821, 0.027931403518, 0.011805981202],
      [0.17306788251, 0.19022789471, 0.12610958442, 0.17959278577, 0.074116422675, 0.016156397461, 0.03326388804, 0.066579717517, 0.13689718045, 0.0039882464397],
      [0.01411761281, 0.0058664176973, 0.16858270819, 0.28101121583, 0.14506003256, 0.096605303353, 0.082730894519, 0.011883999081, 0.16046420686, 0.033677609097],
      [0.0400041914, 0.16211364514, 0.056727819878, 0.046075258752, 0.062901588874, 0.057737921267, 0.084886237173, 0.073601253273, 0.21887858775, 0.1970734965],
      [0.21091961786, 0.13944520363, 0.0264540984, 0.021595314219, 0.20961258833, 0.082895589363, 0.14549001333, 0.12558971663, 0.029741906966, 0.008255951279],
      [0.041853012593, 0.18713162819, 0.066145678792, 0.063699346107, 0.090705107252, 0.21311130363, 0.10750985001, 0.0088006345677, 0.19627650463, 0.024766934226]
    ],
    [
      [0.36320550561, 0.23059080766, 0.22653398316, 0.026385440283, 0.025154609251, 0.050155576485, 0.0057461181622, 0.044879454397, 0.018252381618, 0.0090961233702],
      [0.14010104446, 0.2158633883, 0.17129295323, 0.20909603623, 0.042169600492, 0.011086050632, 0.041985903773, 0.079548603013, 0.085903302518, 0.0029531173574],
      [0.011794698092, 0.0068861031241, 0.23690158044, 0.33772979882, 0.085326425528, 0.068758603091, 0.10794022865, 0.014705733111, 0.10412463765, 0.025832191495],
      [0.035830299865, 0.20392208445, 0.085387791918, 0.059622063134, 0.039675042328, 0.043980838244, 0.11868464064, 0.097461309843, 0.15210547911, 0.16333045046],
      [0.18483458634, 0.17118695979, 0.0388558758, 0.027285331351, 0.12888559234, 0.061682910817, 0.19834864974, 0.16209100627, 0.0202142041, 0.0066148834502],
      [0.037713976342, 0.23680737478, 0.10016860403, 0.082889364543, 0.057542591696, 0.1642605376, 0.15116280472, 0.011741617632, 0.137239596, 0.020473532671]
    ],
    [
      [0.29879972533, 0.19018266322, 0.27895672007, 0.019723602783, 0.050716600253, 0.0695171347, 0.003521273103, 0.056779611471, 0.022487563554, 0.0093151055185],
      [0.11589186935, 0.17865524959, 0.21168668318, 0.1569244963, 0.085316521403, 0.015405348488, 0.025826929519, 0.10097640525, 0.10628183231, 0.0030346646157],
      [0.0091247396353, 0.0053226904179, 0.27344527567, 0.23683694955, 0.16124650267, 0.089370466699, 0.062055486792, 0.017441946584, 0.12035693316, 0.024799008816],
      [0.028441668926, 0.1617873888, 0.10117625079, 0.042877299218, 0.076949984587, 0.058628978948, 0.070026356522, 0.11859200866, 0.18050725343, 0.16101281011],
      [0.14295064343, 0.13250492113, 0.044922213022, 0.01914281636, 0.24385707838, 0.080259724059, 0.11425738266, 0.19237305164, 0.023374433396, 0.0063577359344],
      [0.029527733179, 0.18532162044, 0.11706760125, 0.058800887935, 0.11007947982, 0.21658061345, 0.08799921057, 0.014097317937, 0.1606303395, 0.019895195922]
    ],
    [
      [0.41552303335, 0.14931347274, 0.22899556891, 0.013383855688, 0.054363616021, 0.026644789321, 0.0025826668783, 0.074972687816, 0.024288891777, 0.0099314174965],
      [0.16989192176, 0.14770731052, 0.18298054726, 0.11223094382, 0.096313006092, 0.0062170518523, 0.019951260149, 0.14037897752, 0.12092322162, 0.0034057594062],
      [0.015230460229, 0.005010263858, 0.26897421115, 0.19284873957, 0.20717877209, 0.041047384923, 0.054565177099, 0.027600227422, 0.15582963328, 0.031715130377],
      [0.041264153962, 0.13232235086, 0.08649828397, 0.030310804177, 0.085923668257, 0.023406453596, 0.053527304342, 0.1630740762, 0.20319861866, 0.18047428598],
      [0.1960329373, 0.10251370466, 0.036324789803, 0.01279830169, 0.25769225402, 0.03030984461, 0.082644840427, 0.25013113184, 0.024874833701, 0.0066773619557],
      [0.051299575597, 0.18148506155, 0.11985267548, 0.049782572276, 0.14720807488, 0.10358250478, 0.080564735231, 0.023222267442, 0.21652586619, 0.026476666582]
    ],
    [
      [0.46067411492, 0.1053068108, 0.23935178722, 0.018647820761, 0.050975220661, 0.055307510068, 0.0041582725247, 0.023886287043, 0.021551121479, 0.020141054518],
      [0.20106715616, 0.11160551075, 0.20490301852, 0.16728252412, 0.096714838445, 0.013848289608, 0.034381048128, 0.047932240001, 0.11486101428, 0.0074043599928],
      [0.01463143088, 0.0030757208613, 0.24503646113, 0.23360415799, 0.16906939864, 0.074204891368, 0.076356850072, 0.0076622852504, 0.12039006834, 0.055968735474],
      [0.042148977121, 0.086432944706, 0.083745531502, 0.039113869991, 0.074614862951, 0.04502516185, 0.079606751798, 0.048148845298, 0.16678280311, 0.33438025167],
      [0.24171784513, 0.080624071045, 0.042348714595, 0.019892227398, 0.26888119649, 0.070154149887, 0.14766812079, 0.088982815587, 0.024620679874, 0.015110179205],
      [0.050813278321, 0.11497863688, 0.11252085281, 0.062279932245, 0.12389885605, 0.19226567406, 0.11606697922, 0.0066442677968, 0.17234864283, 0.048182879786]
    ],
    [
      [0.36059388059, 0.26047193027, 0.19517319265, 0.011818963432, 0.035649805808, 0.030213107246, 0.0044543189813, 0.050464088385, 0.040068646423, 0.01109206622],
      [0.13848151316, 0.24266904916, 0.14688836013, 0.093147880182, 0.059477314913, 0.0066343157541, 0.032403124361, 0.089004736797, 0.18771198539, 0.0035817201553],
      [0.01305439924, 0.0086652355829, 0.22739670969, 0.16835099324, 0.13472268115, 0.046186466726, 0.093317143072, 0.01842550984, 0.25472606084, 0.035154800629],
      [0.029993148322, 0.19410230798, 0.062010009592, 0.022502469901, 0.047381538078, 0.022316109759, 0.077607756288, 0.092327512873, 0.28146614402, 0.17029300318],
      [0.17802570396, 0.18753056099, 0.032478652419, 0.011853317279, 0.17713544349, 0.036053616395, 0.1493947487, 0.17667015062, 0.043036805506, 0.007821000642],
      [0.035134185378, 0.25085872156, 0.080954506308, 0.034812837981, 0.076477391258, 0.093270639591, 0.11004469893, 0.012383507161, 0.28262445681, 0.023439055033]
    ],
    [
      [0.46727011152, 0.10860014165, 0.23374673692, 0.019297103815, 0.030351624802, 0.06408226032, 0.0022669632382, 0.033565979643, 0.034207288427, 0.0066117896751],
      [0.19694686436, 0.11099271332, 0.1929729087, 0.16687875909, 0.05553711753, 0.015448853534, 0.018083708846, 0.064935272194, 0.17586429559, 0.0023395068294],
      [0.015693842527, 0.0033491229707, 0.25247844762, 0.25492284934, 0.10624958075, 0.090781928333, 0.043980096329, 0.01136306412, 0.20169396238, 0.019487105625],
      [0.050898595853, 0.1059095428, 0.097173015745, 0.048083823982, 0.05278420542, 0.061955506679, 0.051631510058, 0.080354531298, 0.3146769382, 0.13653232996],
      [0.27837931926, 0.094314101543, 0.046909588925, 0.023345098232, 0.18167152567, 0.092223090557, 0.091528514415, 0.14168779557, 0.044320082447, 0.0056208833784],
      [0.051421747093, 0.11805237713, 0.10941352356, 0.064159097756, 0.073460505645, 0.22277709699, 0.063116658945, 0.0092980516131, 0.27249929657, 0.015801644698]
    ],
    [
      [0.49746465133, 0.10758412742, 0.20235284289, 0.011995981489, 0.022627951406, 0.041957212932, 0.0064018295153, 0.052899742426, 0.046396204878, 0.010319455721],
      [0.20217423341, 0.1059490645, 0.16098133106, 0.099994679453, 0.039895378577, 0.0097432818693, 0.049209224459, 0.098609081698, 0.22992086708, 0.0035228578854],
      [0.017033952211, 0.0033773036462, 0.22259311537, 0.16147698847, 0.080660607504, 0.060543869258, 0.12649138807, 0.018238417109, 0.27871581092, 0.030868547443],
      [0.043072732593, 0.083307527655, 0.066809944508, 0.023737343049, 0.031248083059, 0.032209300797, 0.11578692434, 0.10055832134, 0.33911922064, 0.16415060203],
      [0.24886322261, 0.078402070827, 0.034087752826, 0.012179523142, 0.11364335178, 0.050680488575, 0.21693914272, 0.18738824551, 0.050449669193, 0.0073665328187],
      [0.050069834608, 0.10685587354, 0.086555694429, 0.036445760504, 0.050037106625, 0.13340826533, 0.16286651243, 0.013389397172, 0.33788789396, 0.022483661402]
    ],
    [
      [0.34709074197, 0.12234787875, 0.24270746356, 0.019386234579, 0.043635308046, 0.071386156677, 0.0023726360199, 0.093840569543, 0.05282717915, 0.0044058317064],
      [0.1206105346, 0.10336460047, 0.1656599982, 0.13855789914, 0.065990618389, 0.014261644498, 0.015635792183, 0.15019883938, 0.22442855521, 0.0012915179355],
      [0.0097611267851, 0.0031670023324, 0.22046794892, 0.21528265365, 0.12836141226, 0.084949641153, 0.038638003226, 0.026698801057, 0.26181678102, 0.010856629587],
      [0.028921319935, 0.091615586314, 0.077519268558, 0.037102016106, 0.058278341129, 0.053041054648, 0.04142571387, 0.17272690699, 0.37298554448, 0.066384247964],
      [0.15713846245, 0.080883168484, 0.037109985107, 0.017862639346, 0.19866322148, 0.078194886471, 0.072706686899, 0.30245608504, 0.052129540628, 0.0028553240976],
      [0.031079040909, 0.10865552269, 0.092835080246, 0.052654062925, 0.086246172708, 0.20135069647, 0.05382659859, 0.021221318056, 0.34356212201, 0.008569385392]
    ],
    [
      [0.44242019829, 0.13829155256, 0.1688482684, 0.014425061229, 0.03022800393, 0.1037587028, 0.0033066086437, 0.061285026781, 0.034519961921, 0.0029166154451],
      [0.18439632054, 0.14239734432, 0.14054474557, 0.12547587231, 0.055695694608, 0.025339031325, 0.026534476681, 0.1198361249, 0.17873733031, 0.001043059433],
      [0.015343132977, 0.0044841121621, 0.19414938494, 0.20215385424, 0.11226424051, 0.15611312972, 0.067917199449, 0.022037296995, 0.21645372056, 0.0090839284466],
      [0.045194538069, 0.12987151197, 0.0677899762, 0.034677110258, 0.050698495724, 0.096921745082, 0.072267121749, 0.14208204323, 0.30599299025, 0.054504467476],
      [0.21623242181, 0.09975646317, 0.028268949017, 0.014545357614, 0.14993329014, 0.12429359441, 0.11014601164, 0.21747720663, 0.0372776798, 0.0020690257714],
      [0.041395677895, 0.13150454058, 0.069176519361, 0.041925957605, 0.063881549586, 0.31112746815, 0.079913575288, 0.014812831492, 0.24019409315, 0.0060677868891]
    ],
    [
      [0.37674911856, 0.028748265058, 0.40594775302, 0.016154862147, 0.048905446428, 0.054424305597, 0.0028112293544, 0.022507668343, 0.031614593614, 0.012136757881],
      [0.15713658783, 0.029482585051, 0.33663715684, 0.13996647015, 0.089761629042, 0.013238929026, 0.022475072992, 0.043887009621, 0.16309047845, 0.0043240810002],
      [0.010341713095, 0.00073053938683, 0.36673996736, 0.17787218137, 0.14274058178, 0.064338749201, 0.045392834101, 0.0063534427245, 0.15580235084, 0.029687640135],
      [0.037971536247, 0.026441468286, 0.15978086535, 0.038052143234, 0.080373808963, 0.049813019596, 0.060234247784, 0.051200688919, 0.27470385407, 0.22142836755],
      [0.22698146175, 0.025446501909, 0.08351530597, 0.020002918756, 0.2979790006, 0.0800571649, 0.11510322299, 0.098418370915, 0.041922966057, 0.010573086153],
      [0.041200778635, 0.031733920066, 0.19315100381, 0.054503537924, 0.11998637039, 0.18943661645, 0.078924533626, 0.006308737366, 0.25545285442, 0.029301647321]
    ],
    [
      [0.41968315545, 0.20001599229, 0.17023422672, 0.015330354183, 0.044327856816, 0.096396463658, 0.0029933559692, 0.010814194174, 0.028897582647, 0.011306818094],
      [0.18090151947, 0.21489739766, 0.14788900116, 0.13905594443, 0.085237135341, 0.024566235422, 0.025070171345, 0.022105437143, 0.15605732827, 0.0042198297611],
      [0.01403330909, 0.0063301752315, 0.19141606287, 0.2098598719, 0.16105242175, 0.14183243026, 0.060155121766, 0.0037972773214, 0.17709151595, 0.034431813862],
      [0.040017253692, 0.17761868351, 0.064683076189, 0.034856535098, 0.07033098196, 0.085175717849, 0.061913678896, 0.02376944181, 0.24208657744, 0.19954805355],
      [0.22500536563, 0.1593632199, 0.031517876497, 0.017083268011, 0.24312621387, 0.12761253744, 0.11029181552, 0.042648841642, 0.034486391816, 0.0088644696777],
      [0.037793385556, 0.18548650485, 0.068045661837, 0.043443795152, 0.091373130672, 0.28185338013, 0.070596700157, 0.0025449214758, 0.19592561054, 0.022936909626]
    ],
    [
      [0.42091995061, 0.072045097387, 0.29296244257, 0.0094309626497, 0.044810223234, 0.062899675683, 0.0047432517809, 0.044781167473, 0.027168755967, 0.020238472642],
      [0.1850551847, 0.078342797887, 0.25755008408, 0.086640145353, 0.08720846165, 0.016225449565, 0.040204527192, 0.092626287013, 0.1485007632, 0.0076462993572],
      [0.013320048055, 0.0021360077316, 0.30793600804, 0.12083678426, 0.15223327782, 0.08650379598, 0.089110444365, 0.01470043379, 0.1556589193, 0.057564280656],
      [0.035525520944, 0.05599819101, 0.097375897356, 0.018763801664, 0.06220900936, 0.048629681589, 0.085844479789, 0.086105133116, 0.19917801625, 0.31037026892],
      [0.2106837457, 0.053276719144, 0.050299192756, 0.0097481651283, 0.22808672896, 0.077233543453, 0.16212817808, 0.16374934165, 0.030074909591, 0.014719475545],
      [0.043927829576, 0.076543063761, 0.13413772825, 0.030625895325, 0.10583908458, 0.21059223575, 0.12817378512, 0.012074949225, 0.21107447552, 0.047010952906]
    ],
    [
      [0.26883456704, 0.22853800134, 0.25510014876, 0.025272865701, 0.043462073849, 0.026266229693, 0.0063368234592, 0.11265911328, 0.03353017688, 0],
      [0.085436405937, 0.17949439639, 0.16200199945, 0.16761025703, 0.061095579669, 0.004891384529, 0.03880288825, 0.1682795158, 0.13238757295, 0],
      [0.0074786440882, 0.0059434067389, 0.23541854949, 0.28405704461, 0.1296415305, 0.03172376657, 0.1045756171, 0.032476113012, 0.16868532789, 0],
      [0.022871182113, 0.17881732358, 0.085395580338, 0.050621770025, 0.060749576285, 0.02044339771, 0.11552741982, 0.21804294942, 0.24753080071, 0],
      [0.10416523678, 0.13070709928, 0.033896201458, 0.020208958481, 0.17114888014, 0.024954019328, 0.16771618676, 0.3184893657, 0.028714052075, 0],
      [0.025016793849, 0.21625464346, 0.10405609803, 0.073084100101, 0.091429854664, 0.078440194334, 0.15261500384, 0.027060716368, 0.23204259536, 0]
    ],
    [
      [0.44258843747, 0.11926606893, 0.23248864014, 0.023702881351, 0.052520063557, 0.032344066306, 0.0043416039272, 0.045594739336, 0.023142877583, 0.024010621407],
      [0.17470657102, 0.11519844641, 0.18156110597, 0.19341174129, 0.090792704196, 0.0074067102842, 0.032698931247, 0.083737193262, 0.11243327552, 0.0080533207943],
      [0.013113467459, 0.0032588781545, 0.22489982086, 0.27951750683, 0.16425584641, 0.040948863432, 0.075150063101, 0.013779060047, 0.12213824876, 0.062938244954],
      [0.035757012831, 0.087338768834, 0.072816741796, 0.044420301203, 0.068681248099, 0.023551029692, 0.074095478789, 0.082542529211, 0.16001174808, 0.35078514147],
      [0.21457831086, 0.084699857083, 0.038339045552, 0.023519734825, 0.25674422877, 0.038131016999, 0.14274939485, 0.15988403604, 0.024593684219, 0.016760690802],
      [0.04913169641, 0.13264745424, 0.11147538576, 0.080578716807, 0.12987818963, 0.11353087914, 0.12300347426, 0.012874193091, 0.18844256046, 0.058437450207]
    ],
    [
      [0.48926072612, 0.066475042541, 0.20751546162, 0.03574865301, 0.04345918984, 0.034739053835, 0.0070750065873, 0.053659866125, 0.043092895886, 0.018974104433],
      [0.1656809557, 0.055304145391, 0.1395992894, 0.25122431885, 0.06470247024, 0.0068569173946, 0.045881606936, 0.084892474817, 0.18037745496, 0.0054803663111],
      [0.011670854163, 0.0014664146284, 0.16269599515, 0.3415120376, 0.11005180223, 0.035635521457, 0.099121162538, 0.013143353746, 0.18435213026, 0.040350728227],
      [0.035795468324, 0.044329103024, 0.059216336283, 0.061046401325, 0.051778553069, 0.023052978471, 0.1098790421, 0.088516212423, 0.27157324799, 0.25481265699],
      [0.21776455937, 0.043442568069, 0.031517695027, 0.032677908063, 0.19539976084, 0.037722442181, 0.21377487096, 0.17331379239, 0.042186833202, 0.012199569904],
      [0.045340927281, 0.062104660001, 0.083566818581, 0.10207472946, 0.090230174283, 0.10226597126, 0.16806291553, 0.012727667564, 0.29480982798, 0.038816308069]
    ],
    [
      [0.39405001899, 0.24091091742, 0.1787365568, 0.017033417675, 0.035109575136, 0.033244953265, 0.0040170146787, 0.055000163355, 0.031236897324, 0.010660485349],
      [0.15089862321, 0.22811277278, 0.13684320403, 0.13621759418, 0.059499402299, 0.0074675335416, 0.029651277114, 0.099106005177, 0.14869697622, 0.0035066114525],
      [0.013962674092, 0.0079826582664, 0.21027902334, 0.24413341435, 0.1334856941, 0.051175753885, 0.084477553815, 0.020202256836, 0.2003435017, 0.033957469617],
      [0.034654643542, 0.19499386858, 0.061896192883, 0.035298123954, 0.050768981401, 0.026772163358, 0.075734710452, 0.11021121415, 0.2385826147, 0.17108748698],
      [0.19261907572, 0.17387429322, 0.029972323602, 0.017190790531, 0.17444847735, 0.039858119714, 0.13408952661, 0.19661540031, 0.033762239506, 0.0075697534368],
      [0.040356283465, 0.2510864932, 0.080297675991, 0.054256347746, 0.081343471374, 0.10920509012, 0.10649997161, 0.014543219499, 0.23811078088, 0.024300666127]
    ],
    [
      [0.43253999866, 0.13820625786, 0.19731353053, 0.021371343676, 0.046741903996, 0.078038361627, 0.0038993366909, 0.040327872933, 0.028330228145, 0.013231165892],
      [0.17408567874, 0.13662219316, 0.15735736359, 0.1803225297, 0.082761229334, 0.018253560769, 0.030037144537, 0.075448351271, 0.14056498508, 0.0045469638283],
      [0.013099868039, 0.0039195461816, 0.1962251738, 0.26363072596, 0.15081014727, 0.10160845478, 0.069316120903, 0.012568133604, 0.15332922175, 0.035492607706],
      [0.039655569617, 0.11563148857, 0.07011943765, 0.045755269509, 0.069768133231, 0.064784098319, 0.075847013872, 0.082818014819, 0.22272504789, 0.21289592653],
      [0.21122447786, 0.099411329359, 0.032647282597, 0.021419841331, 0.23230435683, 0.09296467446, 0.12933944555, 0.14094619596, 0.030407478971, 0.0093349170847],
      [0.041784030875, 0.13442165492, 0.082365502394, 0.063736061131, 0.10129131444, 0.24061993782, 0.09652661148, 0.0099969533232, 0.20117266876, 0.028085264848]
    ],
    [
      [0.46501606753, 0.18951490942, 0.11990494871, 0.019200293763, 0.044317584183, 0.089111131982, 0.0036993830781, 0.030469191571, 0.028567098712, 0.010199391044],
      [0.19506208523, 0.19437919344, 0.099190185891, 0.16890661664, 0.081411839167, 0.021616636638, 0.029565804127, 0.059121861048, 0.14710895832, 0.0036368195026],
      [0.015868833221, 0.0060139224786, 0.13340579976, 0.2671215124, 0.15993989502, 0.12982649979, 0.07356045564, 0.010626263186, 0.17303193739, 0.030604881118],
      [0.045251260841, 0.16717222924, 0.044891590628, 0.043371335001, 0.06973829553, 0.077983909506, 0.075855401503, 0.065936533993, 0.23691087065, 0.17288857311],
      [0.22871070994, 0.13679044664, 0.019888770679, 0.019309766802, 0.22095498659, 0.10653040429, 0.12310184687, 0.10672590489, 0.030766577797, 0.0072205855031],
      [0.04382944034, 0.17864838313, 0.048480572861, 0.05557580834, 0.09307329543, 0.26663413855, 0.08874354016, 0.0073230056, 0.19671001915, 0.020981796437]
    ],
    [
      [0.32989906527, 0.23360611259, 0.1664686562, 0.020590944905, 0.024777336517, 0.088927869615, 0.0011956532335, 0.079898301193, 0.042541952174, 0.012094108303],
      [0.11902123709, 0.2083523579, 0.11973662285, 0.15721110823, 0.039591601203, 0.018780152193, 0.0083085931084, 0.13488708903, 0.19036110023, 0.0037501381594],
      [0.010500463878, 0.0070363483741, 0.17579552785, 0.2710230531, 0.084956367823, 0.12290207024, 0.022559303856, 0.026435635163, 0.24435090973, 0.034440319979],
      [0.025929110719, 0.16918769122, 0.051155676802, 0.038176928214, 0.032018192904, 0.063912374714, 0.020123123982, 0.14205794388, 0.28928690498, 0.16815205258],
      [0.16369740994, 0.17166934965, 0.028101596272, 0.021083074694, 0.1259803937, 0.108201889, 0.040485886319, 0.28541742075, 0.046645907069, 0.0087170726102],
      [0.02885455161, 0.20769296659, 0.063464923017, 0.056181606255, 0.049103139409, 0.25014634926, 0.027041049056, 0.018102186027, 0.27594985914, 0.023463369625]
    ],
    [
      [0.42828329329, 0.1691620441, 0.21873136679, 0.0077647407976, 0.014391616773, 0.056224557681, 0.003011109489, 0.057765059643, 0.031786889871, 0.01287932157],
      [0.18879750129, 0.18348228415, 0.19140854735, 0.071943412226, 0.027958987954, 0.014442788189, 0.025447627442, 0.11862401711, 0.17303826246, 0.0048565718287],
      [0.01774625054, 0.006579705639, 0.29845192179, 0.1315914983, 0.063702729279, 0.10040005814, 0.073417098792, 0.024692746824, 0.23601809091, 0.047399899783],
      [0.040064280541, 0.14478644629, 0.079532354106, 0.017009691088, 0.02197648944, 0.047761747389, 0.059901134395, 0.12142058056, 0.25562715966, 0.21192011653],
      [0.24337220125, 0.14178414226, 0.042181577208, 0.0090693655505, 0.083339381388, 0.078036384504, 0.11632427362, 0.23554360121, 0.039759614734, 0.010589458281],
      [0.047635937101, 0.18993816696, 0.10541568212, 0.026739042525, 0.036001385922, 0.19963638727, 0.086010839216, 0.016525345948, 0.26053812367, 0.031559089271]
    ],
    [
      [0.29116985058, 0.18740697766, 0.3290484193, 0.018361092052, 0.035451866428, 0.038365258857, 0.0039075626234, 0.062896003006, 0.025373260705, 0.0080197087881],
      [0.11002604199, 0.17338998362, 0.24565835906, 0.14502423991, 0.058750578585, 0.0083983377262, 0.028175413783, 0.11014316279, 0.11785442867, 0.002579453861],
      [0.0090410104566, 0.0054205023784, 0.33380986869, 0.2311252795, 0.11669020212, 0.050960839803, 0.070882443015, 0.019994738441, 0.14012843695, 0.021946678642],
      [0.027980775304, 0.1635734582, 0.12206905957, 0.041012689401, 0.055206564991, 0.033226878714, 0.079320484351, 0.13476991559, 0.20819000253, 0.13465017135],
      [0.14933737424, 0.14120110141, 0.05707778892, 0.019277876526, 0.18457966953, 0.047877685777, 0.13585000405, 0.23034246342, 0.028528891726, 0.0059271444008],
      [0.031138906916, 0.20085575321, 0.15143896566, 0.060343404093, 0.084657740758, 0.1303806353, 0.10663436331, 0.017179271153, 0.19861230247, 0.018758657126]
    ],
    [
      [0.49760032177, 0.16193301399, 0.17628735406, 0.016652081783, 0.054334585621, 0.027246686863, 0.0054197134013, 0.024865513051, 0.024262332708, 0.011398396748],
      [0.20963370767, 0.16722601236, 0.14682230257, 0.14711773881, 0.10047772584, 0.0066575941131, 0.043605557172, 0.04858136799, 0.12578596459, 0.004092028898],
      [0.017221696046, 0.0052318847373, 0.19971738576, 0.23489641691, 0.19954329337, 0.040411879847, 0.10969410164, 0.0088298137168, 0.14962323654, 0.034830291426],
      [0.050070207035, 0.1482558982, 0.068492330343, 0.039026069619, 0.088732047414, 0.024750967361, 0.11530059177, 0.055853853663, 0.20880878869, 0.20070924591],
      [0.24138011962, 0.11551499923, 0.028893758595, 0.016551512181, 0.2674530013, 0.032189049284, 0.17812248586, 0.086094521066, 0.025825424246, 0.0079751286201],
      [0.055579364062, 0.18156734133, 0.084768830992, 0.057289313027, 0.13568470695, 0.09685530735, 0.15456378239, 0.0071080884943, 0.19869073154, 0.027892533854]
    ],
    [
      [0.43080699716, 0.10781860701, 0.2732394423, 0.014413362134, 0.032896861889, 0.036265852489, 0.0048109598484, 0.060771752574, 0.028719675533, 0.010256489061],
      [0.17558650939, 0.10851230603, 0.22172632879, 0.12416792796, 0.059293191961, 0.0086372475728, 0.037719143461, 0.11571848711, 0.14505006141, 0.0035887963277],
      [0.014263460756, 0.0033707458169, 0.29962801426, 0.19695645129, 0.11696430284, 0.052058039114, 0.094211437207, 0.020886687869, 0.1713331863, 0.030327674543],
      [0.041458088208, 0.095442729511, 0.10256891991, 0.032664701961, 0.051948647274, 0.031855193208, 0.098927920127, 0.13199536836, 0.23881571703, 0.17432271441],
      [0.21756309669, 0.080554940379, 0.046861405642, 0.015005867473, 0.16968815457, 0.044874969599, 0.16550635219, 0.22040878551, 0.032019624998, 0.0075168029457],
      [0.048817089599, 0.12398533739, 0.13465835258, 0.050863868398, 0.084264363766, 0.13216986629, 0.14064420912, 0.017816570261, 0.24104346686, 0.02573687573]
    ],
    [
      [0.32563593346, 0.12694985423, 0.33132106892, 0.028512564861, 0.046397951236, 0.054799388047, 0.0058855558829, 0.026669423195, 0.042524854424, 0.011303405755],
      [0.11275535958, 0.10754794682, 0.22650605316, 0.20597686491, 0.070402471156, 0.010984682996, 0.038860226285, 0.04276605862, 0.18087159969, 0.0033287367754],
      [0.0077001065862, 0.0027936275169, 0.25565361904, 0.27248652354, 0.11615220379, 0.055364344036, 0.081219879528, 0.0064484710587, 0.17864909307, 0.023532131825],
      [0.02691178829, 0.095188459019, 0.1056068359, 0.054699744463, 0.062065228999, 0.040769855816, 0.10264707554, 0.0490929639, 0.2997688713, 0.16324917677],
      [0.1640586467, 0.093904956772, 0.056434830766, 0.029387898346, 0.23711235884, 0.067132911597, 0.20093096282, 0.095898563301, 0.04693803981, 0.0082008310517],
      [0.028084743704, 0.10960352902, 0.12285758777, 0.075460743656, 0.089248676736, 0.14998975601, 0.12941158312, 0.0058677009641, 0.26817498111, 0.021300697897]
    ],
    [
      [0.43607239123, 0.18456273177, 0.16370704528, 0.019278463933, 0.063247851221, 0.044779736698, 0.0030631901573, 0.0517924604, 0.031310958082, 0.002185171232],
      [0.16871793633, 0.17321816409, 0.12385781461, 0.15502469663, 0.10616547814, 0.0099512146006, 0.022385003566, 0.091885650464, 0.14808162128, 0.00071242028596],
      [0.014503578015, 0.0056322971957, 0.17530384195, 0.25765241406, 0.21861316681, 0.062750909952, 0.058495116777, 0.017394904888, 0.18332956062, 0.0063242097258],
      [0.04653406482, 0.17640007364, 0.066316098463, 0.047182771999, 0.10774810492, 0.042476956927, 0.067917510662, 0.1213282687, 0.28321236247, 0.040883787398],
      [0.19996271274, 0.12336623205, 0.025102134352, 0.017958366326, 0.28971924562, 0.049569945189, 0.094050566666, 0.16760115477, 0.031237256321, 0.001432385969],
      [0.04566792963, 0.19104974926, 0.072587054084, 0.06125773172, 0.14549798995, 0.14667089035, 0.080457417654, 0.013679465322, 0.23818830701, 0.0049434650325]
    ],
    [
      [0.45019064849, 0.1789547875, 0.18916764067, 0.013809218001, 0.026073444298, 0.047634482219, 0.002768994418, 0.064496842563, 0.016781775285, 0.010122166559],
      [0.20093817802, 0.19323919154, 0.16456111772, 0.12834416535, 0.050335540489, 0.012192301017, 0.023273386735, 0.1316149772, 0.091712978346, 0.0037881635845],
      [0.019566045948, 0.0071052974974, 0.26360889692, 0.24197006898, 0.11711529876, 0.086809676797, 0.068737108912, 0.028191767135, 0.12853561406, 0.038360224998],
      [0.048995567699, 0.17373884819, 0.07769629039, 0.034355125375, 0.045108347059, 0.045909691121, 0.062303669187, 0.15342248314, 0.15539117868, 0.20307879915],
      [0.24141883445, 0.13957668211, 0.033766492428, 0.015010494159, 0.13907113435, 0.061511828481, 0.099034287321, 0.24333722206, 0.019538228745, 0.0077347959062],
      [0.057936264136, 0.22673657105, 0.10249650504, 0.05377768061, 0.073367133674, 0.19039103166, 0.088904636273, 0.020855675818, 0.15738975768, 0.028144744062]
    ],
    [
      [0.42947131467, 0.2197355288, 0.18168885252, 0.010275466491, 0.02203067723, 0.047274902898, 0.0028305826976, 0.043877736834, 0.034211421535, 0.0086035163169],
      [0.1842040807, 0.22803737271, 0.15192721168, 0.09178501173, 0.040877834037, 0.011628938062, 0.022866341931, 0.086060159073, 0.17951696787, 0.003096082212],
      [0.01812716911, 0.0084767522417, 0.24592038416, 0.17489892247, 0.09614512563, 0.083685144174, 0.068266548275, 0.018627845252, 0.25422858884, 0.031623519844],
      [0.042533429859, 0.19417175125, 0.06795422696, 0.023266825502, 0.034691291395, 0.041469007043, 0.057979585078, 0.09500775527, 0.28783343568, 0.15509269196],
      [0.24571963781, 0.18288397801, 0.034627957577, 0.011917898562, 0.12543885104, 0.065138995076, 0.10806474465, 0.1766921725, 0.042499231463, 0.0070165333141],
      [0.047131245821, 0.2374503641, 0.084000541569, 0.034129790012, 0.052879299595, 0.16116149762, 0.077535952528, 0.012100035748, 0.27322795567, 0.020383317336]
    ],
    [
      [0.29821142577, 0.16163836313, 0.23433532813, 0.019204231267, 0.047560969793, 0.1415410564, 0.0029582985672, 0.057508772609, 0.031309738645, 0.0057318156912],
      [0.11749691447, 0.15413169649, 0.18009161026, 0.15667858291, 0.081083483712, 0.031960171063, 0.021959498817, 0.10362526657, 0.15107816933, 0.0018946063776],
      [0.008573308404, 0.0042455209663, 0.21612484979, 0.22051422453, 0.1414017738, 0.17081660567, 0.048618599624, 0.016639508277, 0.15869398602, 0.014371622907],
      [0.027965562156, 0.13528485984, 0.083075459949, 0.041153701209, 0.07094187525, 0.11758658059, 0.057402740781, 0.11793061577, 0.24987642012, 0.098782184327],
      [0.13916219138, 0.10972583898, 0.036464092727, 0.018170982765, 0.22082647631, 0.15914821367, 0.092141597588, 0.18881645067, 0.031731234851, 0.0038129210485],
