{
  "X": [
    [10, 116, 109, 11],
    [50, 283, 397, 43],
    [9, 96, 76, 21],
    [24, 134, 202, 32],
    [58, 48, 148, 12],
    [38, 55, 294, 32],
    [70, 181, 523, 48],
    [13, 59, 134, 12],
    [21, 96, 159, 23],
    [58, 198, 492, 47],
    [11, 19, 61, 4],
    [20, 50, 63, 5],
    [11, 37, 56, 5],
    [9, 15, 12, 8],
    [10, 27, 31, 2],
    [13, 19, 19, 3],
    [4, 14, 13, 2],
    [25, 317, 151, 16],
    [61, 636, 457, 64],
    [33, 163, 186, 24],
    [74, 373, 525, 48],
    [46, 217, 346, 43],
    [7, 78, 29, 5],
    [4, 25, 28, 10],
    [3, 51, 8, 1],
    [97, 213, 367, 32],
    [7, 142, 48, 13],
    [11, 27, 43, 2],
    [15, 226, 74, 14],
    [16, 167, 140, 18],
    [54, 318, 354, 33],
    [11, 130, 132, 14],
    [36, 417, 300, 38],
    [21, 169, 173, 10],
    [7, 69, 107, 14],
    [75, 520, 505, 62],
    [20, 92, 97, 12],
    [110, 507, 737, 82],
    [26, 113, 256, 18],
    [26, 111, 216, 20],
    [32, 122, 182, 30],
    [8, 21, 39, 3],
    [20, 424, 157, 24],
    [59, 100, 184, 22],
    [48, 139, 318, 29],
    [34, 122, 294, 22],
    [48, 189, 191, 25],
    [22, 65, 204, 17],
    [40, 94, 315, 42],
    [21, 88, 185, 12],
    [61, 319, 400, 36],
    [30, 204, 169, 28],
    [19, 95, 156, 21],
    [17, 52, 179, 13],
    [82, 205, 394, 36],
    [79, 607, 498, 57],
    [15, 123, 64, 7],
    [635, 3751, 4944, 580],
    [58, 213, 289, 63],
    [196, 708, 763, 130],
    [75, 155, 189, 23]
  ],
  "W": [
    [14, 72, 120, 26, 14],
    [72, 283, 286, 99, 33],
    [14, 46, 102, 27, 13],
    [45, 131, 146, 45, 25],
    [104, 84, 51, 14, 13],
    [50, 239, 69, 38, 23],
    [115, 368, 192, 86, 61],
    [26, 102, 58, 18, 14],
    [25, 120, 102, 28, 24],
    [73, 383, 204, 100, 35],
    [22, 38, 29, 3, 3],
    [23, 46, 49, 13, 7],
    [13, 37, 35, 16, 8],
    [8, 14, 15, 1, 6],
    [16, 21, 29, 1, 3],
    [19, 11, 20, 1, 3],
    [8, 10, 14, 1, 0],
    [23, 89, 336, 36, 25],
    [95, 296, 680, 91, 56],
    [65, 119, 163, 25, 34],
    [73, 372, 382, 137, 56],
    [56, 242, 227, 85, 42],
    [9, 20, 74, 9, 7],
    [11, 12, 30, 8, 6],
    [3, 3, 52, 4, 1],
    [178, 208, 235, 49, 39],
    [12, 30, 142, 15, 11],
    [13, 34, 28, 6, 2],
    [16, 42, 235, 20, 16],
    [17, 94, 170, 42, 18],
    [68, 237, 347, 69, 38],
    [26, 91, 131, 27, 12],
    [53, 193, 432, 68, 45],
    [27, 117, 176, 36, 17],
    [13, 72, 72, 23, 17],
    [77, 366, 537, 119, 63],
    [21, 72, 97, 11, 20],
    [203, 473, 564, 115, 81],
    [48, 187, 119, 35, 24],
    [33, 161, 110, 53, 16],
    [46, 105, 139, 54, 22],
    [16, 17, 24, 9, 5],
    [48, 83, 433, 33, 28],
    [85, 116, 117, 32, 15],
    [51, 241, 156, 52, 34],
    [57, 218, 134, 40, 23],
    [69, 128, 199, 27, 30],
    [46, 152, 60, 30, 20],
    [62, 261, 101, 33, 34],
    [37, 128, 102, 28, 11],
    [117, 268, 344, 47, 40],
    [49, 115, 200, 40, 27],
    [33, 114, 101, 26, 17],
    [32, 126, 63, 27, 13],
    [141, 263, 220, 61, 32],
    [159, 296, 630, 86, 70],
    [21, 41, 124, 14, 9],
    [1180, 3335, 3828, 960, 607],
    [85, 220, 215, 50, 53],
    [298, 541, 704, 138, 116],
    [145, 96, 153, 17, 31]
  ],
  "method": "mult",
  "cond_prob": [
    [
      [0.41645263902, 0.017138540666, 0.53967911903, 0.026729701282],
      [0.027052686849, 0.00086273798524, 0.95140959726, 0.02067497791],
      [0.006844677286, 0.92610516408, 0.061817385806, 0.0052327728238],
      [0.051473108658, 0.1251438377, 0.73140919686, 0.091973856776],
      [0.031617928325, 0.033694192699, 0.44241880934, 0.49226906963]
    ],
    [
      [0.44822760617, 0.016732758932, 0.5010041603, 0.034035474602],
      [0.031951822287, 0.00089836072007, 0.93906637887, 0.028083438122],
      [0.0078130176581, 0.92608471872, 0.059237298372, 0.0068649652528],
      [0.0584385764, 0.12540970215, 0.6963542023, 0.11979751915],
      [0.03212291072, 0.030179010365, 0.37710714776, 0.56059093115]
    ],
    [
      [0.41944738955, 0.016961791186, 0.50618463412, 0.057406185147],
      [0.028113072007, 0.0008839356171, 0.92503612702, 0.045966865355],
      [0.0069122359321, 0.92351596531, 0.058265559211, 0.01130623955],
      [0.04877158827, 0.11690312212, 0.64780032744, 0.18652496216],
      [0.020592819437, 0.021636883552, 0.26915090743, 0.68861938958]
    ],
    [
      [0.39370339101, 0.016231384932, 0.54610031842, 0.043964905635],
      [0.025593698689, 0.00079959734289, 0.94032243128, 0.033284272693],
      [0.0069474542504, 0.91829985139, 0.06572015354, 0.0090325408156],
      [0.046944038598, 0.11194541414, 0.69857505031, 0.14253549695],
      [0.023396776115, 0.024426628889, 0.34286145522, 0.60931513978]
    ],
    [
      [0.48589375429, 0.014621096748, 0.47434181938, 0.025143329576],
      [0.036582324365, 0.00082881535817, 0.94068446963, 0.021904390651],
      [0.0095095557945, 0.92195414106, 0.062849033612, 0.0056872695366],
      [0.068728729493, 0.11908483144, 0.7158314042, 0.096355034866],
      [0.041362701086, 0.031328418865, 0.42387044238, 0.50343843767]
    ],
    [
      [0.47474277631, 0.011923392936, 0.47542365587, 0.037910174881],
      [0.035210208028, 0.00066872649319, 0.93144174802, 0.032679317463],
      [0.011156546841, 0.90240279772, 0.076089900566, 0.010350754874],
      [0.065196381825, 0.094608616675, 0.69891459142, 0.14128041008],
      [0.032497128305, 0.020629619729, 0.3431983091, 0.60367494286]
    ],
    [
      [0.43401556078, 0.015339307646, 0.52405582178, 0.026589309802],
      [0.029941958273, 0.00079502902785, 0.94808190252, 0.021181110175],
      [0.0081988065873, 0.91901209042, 0.066991025469, 0.0057980775187],
      [0.057084150594, 0.11573112992, 0.73304413311, 0.094140586377],
      [0.035048167787, 0.031097708022, 0.44340394184, 0.49045018235]
    ],
    [
      [0.38451138148, 0.018586125647, 0.56585232425, 0.031050168623],
      [0.024141493039, 0.00089348932532, 0.95202632277, 0.022938694867],
      [0.0058713760981, 0.92903628088, 0.059515405009, 0.0055769380102],
      [0.045449949894, 0.12847517621, 0.72502375555, 0.10105111834],
      [0.02680295338, 0.033158640101, 0.42097805469, 0.51906035183]
    ],
    [
      [0.48758862161, 0.014777215302, 0.46470489987, 0.032929263213],
      [0.036642746999, 0.00084875070968, 0.93344225029, 0.029066252004],
      [0.0093744206749, 0.92173491438, 0.061454118924, 0.0074365460189],
      [0.066982532909, 0.11840423762, 0.69055205805, 0.12406117142],
      [0.035876748855, 0.027771523084, 0.36429149908, 0.57206022898]
    ],
    [
      [0.46787292113, 0.015339474931, 0.48391369503, 0.032873908904],
      [0.034465362687, 0.00085061571762, 0.93666691808, 0.028017103515],
      [0.0088496981276, 0.9218902192, 0.062068281965, 0.007191800711],
      [0.063290548138, 0.11924772595, 0.69747965082, 0.11998207509],
      [0.034712677893, 0.028628049178, 0.37691985157, 0.55973942136]
    ],
    [
      [0.40673238806, 0.010394783665, 0.55203948651, 0.030833341762],
      [0.025700198642, 0.00050869085849, 0.9506217648, 0.023169345696],
      [0.01025728967, 0.88394378934, 0.096582662712, 0.0092162582819],
      [0.051107315663, 0.07738028864, 0.76199725883, 0.10951513686],
      [0.027236845893, 0.018029531116, 0.39866231782, 0.55607130517]
    ],
    [
      [0.58524415436, 0.01439240155, 0.38257225781, 0.017791186283],
      [0.052423965063, 0.00099421809333, 0.92770058279, 0.018881234056],
      [0.011460165603, 0.93257625402, 0.051840580136, 0.0041230002425],
      [0.095796525239, 0.13875447851, 0.68433404993, 0.081114946321],
      [0.061589872187, 0.039046518907, 0.43247820293, 0.46688540598]
    ],
    [
      [0.53494917369, 0.015293260501, 0.43160350795, 0.018154057858],
      [0.042188101363, 0.00094708832822, 0.93959039656, 0.017274413752],
      [0.0095952639192, 0.93193746036, 0.054538467369, 0.003928808356],
      [0.079054935988, 0.13551618315, 0.70944042148, 0.075988459374],
      [0.05216048699, 0.039150105759, 0.46018031397, 0.44850909328]
    ],
    [
      [0.73100891657, 0.012409619538, 0.21104552187, 0.045535942022],
      [0.097173023347, 0.00136013336, 0.82478412444, 0.076682718853],
      [0.014906616764, 0.94181867851, 0.031507735249, 0.011766969476],
      [0.13657966254, 0.14628099314, 0.46226814738, 0.25487119694],
      [0.044471136058, 0.02083341601, 0.14697608866, 0.78771935927]
    ],
    [
      [0.51386603282, 0.014542859437, 0.45223697055, 0.019354137198],
      [0.038505707334, 0.00085706617793, 0.9431305903, 0.017506636186],
      [0.0095549102619, 0.92716004183, 0.058958221025, 0.0043268268797],
      [0.073414325872, 0.12488471327, 0.72190265965, 0.079798301208],
      [0.045143142787, 0.033602524449, 0.43444506971, 0.48680926306]
    ],
    [
      [0.58236838959, 0.014375020751, 0.37250725669, 0.030749332968],
      [0.051412121477, 0.00099230844061, 0.91501372877, 0.032581841309],
      [0.010930760168, 0.93369635261, 0.048479078208, 0.0068938090107],
      [0.089889260266, 0.13290183278, 0.64063159292, 0.13657731404],
      [0.041860785899, 0.02703310415, 0.29079759546, 0.64030851449]
    ],
    [
      [0.46689070338, 0.016513683472, 0.42899070882, 0.087604904326],
      [0.032348290827, 0.00095160951893, 0.88966730787, 0.077032791784],
      [0.0069597768913, 0.92999856848, 0.046831364016, 0.016210290611],
      [0.048909085614, 0.11011702556, 0.53341415857, 0.30755973026],
      [0.0052483239393, 0.0051681779507, 0.055562829898, 0.93402066821]
    ],
    [
      [0.52733349443, 0.014260073021, 0.43899182092, 0.01941461163],
      [0.042204880229, 0.00087183015197, 0.93868338238, 0.018239907244],
      [0.010607308613, 0.9241205949, 0.060687364902, 0.0045847315849],
      [0.079463244229, 0.12516884182, 0.71520959277, 0.080158321185],
      [0.052027609965, 0.035909424297, 0.46113847597, 0.45092448977]
    ],
    [
      [0.43015550856, 0.016462328004, 0.51618785211, 0.037194311322],
      [0.029833302474, 0.00085837382319, 0.93950255673, 0.029805766968],
      [0.0076230360903, 0.92282431283, 0.061938806146, 0.0076138449373],
      [0.054658618084, 0.12001984048, 0.69801539431, 0.12730614712],
      [0.029145745125, 0.02801960702, 0.36668299552, 0.57615165234]
    ],
    [
      [0.42315821235, 0.017924258703, 0.52971862222, 0.029198906735],
      [0.02865957429, 0.00091710442019, 0.9474634915, 0.022959829794],
      [0.0068685378057, 0.92919256935, 0.05843836939, 0.0055005234589],
      [0.053462747582, 0.13059932402, 0.71596062356, 0.09997730484],
      [0.031991811226, 0.034210096059, 0.42178036952, 0.5120177232]
    ],
    [
      [0.51536025443, 0.014615839947, 0.4473552038, 0.022668701826],
      [0.041109529421, 0.00087721220661, 0.93710310975, 0.020910148624],
      [0.010280756594, 0.92400622972, 0.060484864029, 0.0052281496531],
      [0.076579700466, 0.12471898545, 0.70790940036, 0.090791913723],
      [0.047896410914, 0.034149953071, 0.4362536066, 0.48170002942]
    ],
    [
      [0.47722697149, 0.015082086035, 0.47675342036, 0.030937522107],
      [0.035588694781, 0.00084871671868, 0.93680603181, 0.026756556695],
      [0.0091597348931, 0.92176960113, 0.062185409909, 0.0068852540657],
      [0.065601338932, 0.11940825083, 0.69997880036, 0.11501160988],
      [0.036723418814, 0.029264240168, 0.38603830388, 0.54797403714]
    ],
    [
      [0.55664766763, 0.01820624263, 0.39897617125, 0.026169918496],
      [0.045641752929, 0.0011979869762, 0.92671264394, 0.026447616151],
      [0.0084119376615, 0.9434539462, 0.043257540281, 0.0048765758607],
      [0.079924865525, 0.15969501141, 0.65146815251, 0.10891197056],
      [0.044876515513, 0.039362010015, 0.35894060199, 0.55682087248]
    ],
    [
      [0.33340956002, 0.015213435375, 0.58217602585, 0.069200978758],
      [0.018807361552, 0.00068686270213, 0.93251565908, 0.047990116666],
      [0.0057139721725, 0.90864195791, 0.071069463932, 0.014574605989],
      [0.033710986609, 0.093965146334, 0.66936879468, 0.20295507238],
      [0.012919236093, 0.015776546118, 0.2508503909, 0.72045382689]
    ],
    [
      [0.64777947073, 0.013965378042, 0.32069958172, 0.017555569505],
      [0.054902689417, 0.0011030817041, 0.92275847052, 0.021235758354],
      [0.010821060413, 0.94138479712, 0.043617494747, 0.0041766477237],
      [0.09962475927, 0.15120148682, 0.6551120022, 0.094061751708],
      [0.05092265563, 0.034178299843, 0.3240422743, 0.59085677023]
    ],
    [
      [0.4515816362, 0.01473584042, 0.50871346885, 0.024969054523],
      [0.032075655154, 0.00078534472326, 0.94668745121, 0.02045154891],
      [0.008887163543, 0.9178203286, 0.067629090238, 0.0056634176162],
      [0.061255027131, 0.11451214931, 0.73311107397, 0.091121749585],
      [0.038065690193, 0.031143720548, 0.44867479073, 0.48211579852]
    ],
    [
      [0.43890277358, 0.020263963499, 0.49112812049, 0.049705142435],
      [0.030076677205, 0.0010893154879, 0.92778585552, 0.041048151784],
      [0.006104055607, 0.93751171564, 0.048049964119, 0.0083342646297],
      [0.051584154865, 0.14229999964, 0.64121950498, 0.16489634051],
      [0.023432724717, 0.028357213629, 0.28633560385, 0.66187445781]
    ],
    [
      [0.57003500899, 0.013578613472, 0.40000975246, 0.016376625074],
      [0.0478323119, 0.00090043729023, 0.93459632507, 0.016670925736],
      [0.011306694632, 0.92860757264, 0.056157617562, 0.0039281151692],
      [0.089847579948, 0.12923375254, 0.70625751128, 0.074661156228],
      [0.057219114962, 0.036021586648, 0.44167072374, 0.46508857465]
    ],
    [
      [0.53202705114, 0.015580648637, 0.42287258131, 0.029519718914],
      [0.043029229098, 0.00097483117324, 0.92761808473, 0.028377855004],
      [0.0097164039851, 0.93021700563, 0.05365681792, 0.0064097724608],
      [0.077078552337, 0.13307187845, 0.67101017338, 0.11883939584],
      [0.042122242842, 0.031884472651, 0.36075648669, 0.56523679781]
    ],
    [
      [0.47511966885, 0.016313007323, 0.47846594001, 0.030101383808],
      [0.034679059615, 0.00091468112089, 0.93847040978, 0.025935849482],
      [0.0083132455865, 0.92759523588, 0.057872750569, 0.0062187679662],
      [0.063676942747, 0.12806998298, 0.69703862924, 0.11121444503],
      [0.036047292577, 0.031769425013, 0.38866953733, 0.54351374508]
    ],
    [
      [0.48236957383, 0.014382254989, 0.47851037629, 0.024737794898],
      [0.036067458458, 0.00081057797964, 0.94169514832, 0.021426815243],
      [0.0097062575232, 0.91917498426, 0.065354152901, 0.0057646053176],
      [0.06809676984, 0.1167964878, 0.72074880032, 0.09435794204],
      [0.041702780175, 0.031316303696, 0.43481357978, 0.49216733635]
    ],
    [
      [0.33728027917, 0.020051314823, 0.60388517713, 0.038783228877],
      [0.019869352424, 0.00090367122364, 0.95237029599, 0.026856680361],
      [0.0048224918752, 0.92925070054, 0.059410930146, 0.0065158774385],
      [0.0370058364, 0.12840194486, 0.71754968868, 0.11704253006],
      [0.020346446313, 0.030922930927, 0.38841829709, 0.56031232567]
    ],
    [
      [0.43144881307, 0.01721338627, 0.52120458997, 0.030133210687],
      [0.02967739179, 0.00089400310675, 0.94537683118, 0.024051773925],
      [0.0073044701601, 0.9267863099, 0.059990313109, 0.0059189068285],
      [0.055251091161, 0.12699887547, 0.71333473388, 0.10441529949],
      [0.032455776293, 0.032667892357, 0.41277672838, 0.52209960297]
    ],
    [
      [0.46207402592, 0.015833193775, 0.50533717086, 0.016755609444],
      [0.032654127063, 0.00085358761399, 0.95261146861, 0.01388081671],
      [0.0083712701145, 0.92522019056, 0.062850640612, 0.0035578987158],
      [0.063308578634, 0.12624590115, 0.7475665957, 0.062878924509],
      [0.045296459269, 0.039565621642, 0.52678253531, 0.38835538378]
    ],
    [
      [0.34565117996, 0.018158774491, 0.60154482405, 0.034645221498],
      [0.020149451327, 0.00082287795233, 0.95490154257, 0.024126128153],
      [0.0053033433902, 0.92381208019, 0.06453074125, 0.0063538351751],
      [0.038380849071, 0.11955149338, 0.73468808584, 0.10737957171],
      [0.021955483621, 0.029966426945, 0.41388430477, 0.53419378466]
    ],
    [
      [0.51430987944, 0.015066853414, 0.44207486473, 0.02854840242],
      [0.041270194319, 0.00090945540925, 0.9313361361, 0.026484214169],
      [0.0099781112637, 0.92550566964, 0.05811434255, 0.0064018765422],
      [0.075024139608, 0.12617414849, 0.6865868925, 0.11221481941],
      [0.042667638667, 0.031416612005, 0.38473055799, 0.54118519134]
    ],
    [
      [0.55581816439, 0.013636221881, 0.40960782096, 0.020937792776],
      [0.046846272401, 0.00088512399379, 0.93138423433, 0.020884369279],
      [0.011515029586, 0.92460849569, 0.058742259011, 0.0051342157163],
      [0.08681791998, 0.12513606611, 0.69758182396, 0.090464189955],
      [0.053810543044, 0.03397722904, 0.4255372958, 0.48667493211]
    ],
    [
      [0.41274468542, 0.01543581716, 0.53863183631, 0.03318766111],
      [0.027709863948, 0.00077677400762, 0.9458451423, 0.02566821974],
      [0.0077704229909, 0.9165663889, 0.068467795909, 0.007195392203],
      [0.052230777302, 0.11176485654, 0.72324228233, 0.11276208383],
      [0.029535867536, 0.027665001371, 0.40293996961, 0.53985916148]
    ],
    [
      [0.39511119088, 0.016782585518, 0.5630690817, 0.025037141905],
      [0.025341827099, 0.00081480729606, 0.95516204963, 0.018681315977],
      [0.0067717582115, 0.9224710667, 0.065766964265, 0.0049902108239],
      [0.048907680028, 0.12005929097, 0.74684876496, 0.084184264043],
      [0.031365915165, 0.033702847036, 0.47178468421, 0.46314655359]
    ],
    [
      [0.46862225112, 0.016143604489, 0.485157115, 0.030077029387],
      [0.034169402433, 0.00089439580549, 0.93932815706, 0.025608044701],
      [0.0083467044943, 0.92628605504, 0.059113578777, 0.006253661693],
      [0.062962110968, 0.12580448771, 0.7010123246, 0.11022107672],
      [0.035829421418, 0.031341813875, 0.3929669592, 0.53986180551]
    ],
    [
      [0.46488459506, 0.013606003869, 0.48295876404, 0.038550637032],
      [0.033884621026, 0.00075151873666, 0.93264079508, 0.032723065162],
      [0.0097175507279, 0.91206974612, 0.06883132191, 0.009381381239],
      [0.062132211267, 0.10518563123, 0.69256484799, 0.14011730951],
      [0.031173597007, 0.023104520843, 0.34212610622, 0.60359577593]
    ],
    [
      [0.41220474515, 0.013673973902, 0.55534314246, 0.018778138485],
      [0.025676244383, 0.00066828480333, 0.95955770454, 0.014097766271],
      [0.007997761117, 0.91217892705, 0.075439051063, 0.0043842607717],
      [0.051806808914, 0.10313678911, 0.77781780077, 0.067238601213],
      [0.034935627455, 0.030413409186, 0.51363414832, 0.42101681503]
    ],
    [
      [0.3570528651, 0.020596731123, 0.58605485233, 0.036295551445],
      [0.021886243305, 0.00095610818525, 0.95126643431, 0.025891214203],
      [0.0050659570051, 0.93230527867, 0.056637521529, 0.0059912428003],
      [0.040493645634, 0.13495428276, 0.7127206003, 0.11183147131],
      [0.023011952376, 0.033589250658, 0.3987094605, 0.54468933647]
    ],
    [
      [0.51783412239, 0.01263203559, 0.43566863709, 0.033865204935],
      [0.041758002597, 0.00076790403176, 0.92583813689, 0.031635956484],
      [0.011714188142, 0.9125814628, 0.066837168958, 0.0088671800993],
      [0.075996049872, 0.10672912215, 0.6826462142, 0.13462861377],
      [0.038850122156, 0.023875927145, 0.3435257053, 0.5937482454]
    ],
    [
      [0.51918857049, 0.012862993167, 0.44391118639, 0.024037249953],
      [0.041457821295, 0.00077615720488, 0.93547480065, 0.022291220851],
      [0.011558756484, 0.91497357053, 0.067254125309, 0.0062135476767],
      [0.077950589057, 0.11140457504, 0.71286418986, 0.097780646049],
      [0.046857308903, 0.029314891619, 0.42215792398, 0.5016698755]
    ],
    [
      [0.42115139333, 0.015412372275, 0.53553926236, 0.027896972029],
      [0.028285667907, 0.00078202250412, 0.9491786642, 0.021753645391],
      [0.0078471058011, 0.91824329354, 0.067877185946, 0.0060324147181],
      [0.05403751356, 0.11406536613, 0.73486283894, 0.097034281367],
      [0.03256443, 0.030086993366, 0.43622258978, 0.50112598686]
    ],
    [
      [0.50858045817, 0.015051958239, 0.44824270618, 0.028124877412],
      [0.040127956059, 0.00089660381749, 0.93322940797, 0.025746032152],
      [0.0098053907934, 0.92520321222, 0.058703054603, 0.0062883423816],
      [0.073392208743, 0.12517076216, 0.6914975063, 0.10993952279],
      [0.041922943627, 0.031300997857, 0.38889284168, 0.53788321683]
    ],
    [
      [0.3840983913, 0.019205812267, 0.56706222824, 0.029633568197],
      [0.024358899676, 0.00092315553928, 0.95282599017, 0.021891954618],
      [0.0057559866886, 0.9310987596, 0.05797446949, 0.0051707842261],
      [0.04578952086, 0.13260677851, 0.7254516385, 0.096152062131],
      [0.027815230935, 0.035236384982, 0.43398217444, 0.50296620964]
    ],
    [
      [0.44798281689, 0.015347303554, 0.49449482922, 0.042175050336],
      [0.032037118503, 0.00082835730259, 0.93214788145, 0.034986642745],
      [0.0083845971359, 0.91955524922, 0.062906593517, 0.0091535601263],
      [0.057748960635, 0.11404257009, 0.68104828778, 0.1471601815],
      [0.028372971583, 0.024517943297, 0.32963123368, 0.61747785144]
    ],
    [
      [0.40621047049, 0.014597350781, 0.55239173225, 0.026800446473],
      [0.026347699712, 0.0007199190317, 0.95262209222, 0.020310289033],
      [0.0078721272595, 0.9128197873, 0.073243784549, 0.0060643008916],
      [0.051208489805, 0.10681687926, 0.7496002732, 0.092374357734],
      [0.031247189876, 0.02853352368, 0.45041012899, 0.48980915746]
    ],
    [
      [0.41257218609, 0.016333998887, 0.54169223729, 0.029401577737],
      [0.027544376937, 0.00081958600539, 0.94896333236, 0.022672704701],
      [0.0073490165349, 0.92130413315, 0.065300286568, 0.0060465637453],
      [0.052188601522, 0.11853453907, 0.7290661891, 0.10021067031],
      [0.031150805352, 0.030971528445, 0.42865232969, 0.50922533651]
    ],
    [
      [0.4624227229, 0.01812610195, 0.48230788055, 0.037143294599],
      [0.033811826071, 0.0010036659051, 0.93357829436, 0.031606213665],
      [0.0074398952024, 0.93273530225, 0.052872325828, 0.0069524767162],
      [0.060130126543, 0.1362144906, 0.67243046153, 0.13122492132],
      [0.031533360463, 0.031277905036, 0.34720860012, 0.58998013438]
    ],
    [
      [0.41803099791, 0.01641890121, 0.52445138723, 0.041098713654],
      [0.028084875201, 0.00084027654738, 0.93875285095, 0.032321997306],
      [0.007259782501, 0.92196585798, 0.06242220325, 0.0083521562712],
      [0.05127231413, 0.11709670551, 0.69368852566, 0.1379424547],
      [0.02591057688, 0.025907686263, 0.3451773795, 0.60300435735]
    ],
    [
      [0.38264071838, 0.01404885134, 0.57436071163, 0.02894971865],
      [0.023856137062, 0.0006674360923, 0.95434040232, 0.021136024525],
      [0.0076001807567, 0.90743654103, 0.078232927663, 0.0067303505481],
      [0.046723422436, 0.099850599679, 0.75658881897, 0.096837158911],
      [0.027874602715, 0.026067174652, 0.44449741852, 0.50156080411]
    ],
    [
      [0.45719558691, 0.015192911472, 0.49751711337, 0.030094388246],
      [0.032986622971, 0.00082316295068, 0.94113103322, 0.025059180858],
      [0.0087406784719, 0.92030598642, 0.064316723474, 0.0066366116291],
      [0.061548602065, 0.11726866723, 0.71208588489, 0.10909684581],
      [0.035295596426, 0.029432186761, 0.40222046344, 0.53305175337]
    ],
    [
      [0.40315360652, 0.017648510769, 0.54929046586, 0.029907416848],
      [0.026616095469, 0.00087424273846, 0.94974042939, 0.022769232399],
      [0.0066997214472, 0.92588851101, 0.061682362421, 0.0057294051257],
      [0.050065996969, 0.12551959962, 0.72457479146, 0.099839611954],
      [0.030066637634, 0.032998122765, 0.42864876752, 0.50828647208]
    ],
    [
      [0.51649388316, 0.016484400231, 0.44321715175, 0.023804564858],
      [0.040289837203, 0.00099267722069, 0.93669613401, 0.022021351571],
      [0.0089297867337, 0.93311697305, 0.053075480288, 0.0048777599303],
      [0.073822252379, 0.13869345569, 0.69281243633, 0.094671855601],
      [0.044615696135, 0.036733106188, 0.41160830349, 0.50704289419]
    ],
    [
      [0.40570865133, 0.017679157738, 0.54307321685, 0.033538974084],
      [0.027119454364, 0.0008832552605, 0.94624324444, 0.025754045939],
      [0.0067664639447, 0.92580844576, 0.061001243546, 0.0064238467492],
      [0.050354991136, 0.12518847869, 0.71309003514, 0.11136649503],
      [0.028837937749, 0.031381574335, 0.40242799698, 0.53735249094]
    ],
    [
      [0.49342008693, 0.016352485287, 0.44585584431, 0.04437158347],
      [0.038717848655, 0.0009662377508, 0.92002067141, 0.040295242189],
      [0.0088110968339, 0.9280406378, 0.05398077692, 0.0091674884456],
      [0.06682296253, 0.12730474202, 0.64369459533, 0.16217770012],
      [0.031284430008, 0.026088683323, 0.29683137671, 0.64579550996]
    ],
    [
      [0.50432270705, 0.016620744798, 0.44134138222, 0.037715165929],
      [0.040404478676, 0.00099713110392, 0.92382255786, 0.034775832359],
      [0.0089632717748, 0.93041267437, 0.052912077616, 0.0077119762377],
      [0.070591958697, 0.1329857046, 0.65484771903, 0.14157461768],
      [0.035817811723, 0.029535166411, 0.3273599334, 0.60728708847]
    ],
    [
      [0.47155917572, 0.017269615969, 0.48383483829, 0.027336370017],
      [0.034915509858, 0.0009606794723, 0.94075365166, 0.023370159008],
      [0.0080045840107, 0.93113778965, 0.055503614304, 0.0053540120395],
      [0.064170529343, 0.13483776168, 0.70068812102, 0.10030358796],
      [0.038395386013, 0.035303695288, 0.41264385388, 0.51365706482]
    ]
  ],
  "expected_outcome": [
    [
      [5.8303369462, 32.2723876442, 5.8722634537, 17.7166525957, 50.5329504466, 23.7371388157, 49.9117894893, 9.9972959185, 12.1897155403, 34.1547232427, 8.9481125374, 13.4606155503, 6.9543392579, 5.8480713326, 8.2218565251, 11.0649994023, 3.735125627, 12.1286703719, 40.8647733132, 27.5052838025, 37.6212985732, 26.7247104036, 5.0098290087, 3.6675051602, 1.9433384122, 80.3815312444, 5.2668332829, 7.4104551169, 8.5124328182, 8.0770343705, 32.8011310201, 8.7692872585, 22.8667870928, 12.4759986999, 4.4934653395, 39.6018607165, 11.6721814521, 83.7871711394, 18.9653371621, 15.464534287, 21.3846913727, 6.5952759224, 17.1385375249, 44.0159004028, 26.478617095, 24.0056294199, 35.0920516135, 17.6685259996, 27.7749346472, 15.0297874082, 48.2709457721, 22.6587134223, 13.7950229309, 12.2445029882, 64.4645777549, 64.1014234374, 10.8463715463, 478.7362085701, 41.9407073892, 150.2881667006, 68.3760804795],
      [0.23993956933, 1.2047586431, 0.2374650766, 0.73041232192, 1.5205940618, 0.59616964681, 1.7640203793, 0.48323926683, 0.36943038254, 1.11978167, 0.22868524063, 0.33102523564, 0.19881238652, 0.099276956305, 0.23268575099, 0.27312539428, 0.13210946778, 0.32798167949, 1.5639211603, 1.1650768157, 1.0669563162, 0.84459681797, 0.16385618367, 0.16734778913, 0.041896134125, 2.6229795947, 0.24316756199, 0.17652197514, 0.24929037819, 0.2773211245, 0.97799333923, 0.52133418539, 0.9123094723, 0.42749623192, 0.23606406838, 1.1601477129, 0.28636065949, 3.1334708836, 0.80556410486, 0.53273894813, 0.62587617798, 0.21878358243, 0.98864309393, 1.0737230251, 0.65601265154, 0.87850521966, 1.0385851185, 0.88346736429, 0.95153282035, 0.5401019789, 1.9110778697, 0.88817899555, 0.54182373991, 0.44956324289, 2.1422005176, 2.8061132123, 0.34617240484, 20.8614061308, 1.3899612494, 4.9529819499, 2.5040943154],
      [7.5555076665, 36.0722995414, 7.0865848777, 24.5745143288, 49.3315492157, 23.7711827934, 60.2664195041, 14.7121604304, 11.6176224968, 35.3256997373, 12.1448687033, 8.7991619295, 5.6108456034, 1.688364175, 7.2357915288, 7.077637877, 3.4319256706, 10.0968118811, 49.0378459509, 34.431710444, 32.6569298773, 26.6981915404, 3.5907855412, 6.4039362844, 0.96209874517, 90.5509974557, 5.8935374459, 5.200126782, 6.765961301, 8.1339209802, 32.5387055876, 15.7010146053, 27.6238432685, 13.6441036132, 7.8200827127, 34.0397645842, 8.6017642401, 109.3422627717, 27.0273159216, 16.0101847951, 22.2161031458, 8.8854902794, 28.1306329118, 37.0318341525, 22.6394705059, 30.5257379548, 30.9287467266, 26.0848624991, 30.6586794117, 20.4384940934, 63.3779917629, 23.6330861468, 17.3068957786, 18.3795427721, 70.1499129848, 87.3371840715, 9.3075601868, 640.82639588, 37.8977467665, 131.5197319027, 70.1560515526],
      [0.37421581795, 2.4505541713, 0.80368659206, 1.9784207536, 2.6149062759, 1.8955087441, 3.0577706273, 0.80730438421, 0.82323158033, 2.39979535, 0.67833351876, 0.40919728452, 0.23600275216, 0.36428753617, 0.30966619517, 0.58423732639, 0.70083923461, 0.44653606749, 3.5334595755, 1.8979289378, 1.6548152333, 1.732501238, 0.23552926647, 0.76121076633, 0.052666708516, 4.4444917052, 0.59646170922, 0.21289612596, 0.47231550263, 0.51172352474, 1.6821700531, 1.0083639508, 1.5970601664, 0.45240145499, 0.45038787947, 2.1982269864, 0.43969364829, 6.7370952053, 1.2017828115, 0.99254196979, 1.7733293035, 0.30045021576, 1.7421864694, 2.8785424195, 1.2258997476, 1.5901274057, 1.9406165414, 1.3631441371, 2.6148531208, 0.9916165195, 3.4399845952, 1.8200214354, 1.3562575506, 0.92639099679, 4.2433087427, 4.7552792788, 0.49989586201, 39.5759894191, 3.7715845949, 11.2391194467, 3.9637736525]
    ],
    [
      [1.9477934532, 9.0423657073, 1.2932013123, 3.3527745282, 3.0729152466, 8.4152397187, 11.0186406445, 2.46243229, 4.3971296399, 13.2002339092, 0.9766075484, 2.4115023929, 1.5609597504, 1.3604223269, 0.80861985401, 0.56553333624, 0.32348290827, 3.7562343403, 8.8306575324, 3.4104893405, 15.2927449446, 8.6124641369, 0.91283505858, 0.22568833862, 0.16470806825, 6.6717362721, 0.90230031616, 1.6262986046, 1.8072276221, 3.2598316038, 8.5479876545, 1.8081110706, 5.7277366154, 3.8205328664, 1.4507604956, 15.1048911207, 3.3729316129, 13.1067656476, 4.7389216676, 5.5012737917, 3.5578852077, 0.43649615451, 1.8165581943, 4.8439283013, 9.9913349321, 6.1662756037, 5.1363783755, 3.7025527508, 8.3616879293, 3.3725055631, 7.3818930191, 3.8883599981, 3.201675773, 3.0058732698, 8.6754818413, 7.8783642588, 1.6518833253, 90.4433803027, 8.517926704, 21.8588229637, 3.3518889464],
      [0.062117134938, 0.25423608378, 0.040661038387, 0.10474725192, 0.069620490086, 0.15982563187, 0.29257068225, 0.091135911183, 0.10185008516, 0.32578581985, 0.019330252622, 0.045734032293, 0.035042268144, 0.01904186704, 0.017998389737, 0.010915392847, 0.0095160951893, 0.077592883525, 0.25407865167, 0.109135426, 0.32632294086, 0.20538944592, 0.023959739525, 0.0082423524255, 0.0033092451124, 0.16335170244, 0.032679464637, 0.030614867868, 0.040942909276, 0.085980025363, 0.19210698118, 0.082234081351, 0.1725425996, 0.099869750837, 0.059247212568, 0.33286067979, 0.063728927553, 0.36741410561, 0.15236896436, 0.14399772468, 0.078909467349, 0.011360841657, 0.079356979375, 0.089076867684, 0.18705388638, 0.1704809059, 0.11476528864, 0.14031964197, 0.21620125597, 0.092149636057, 0.21964904944, 0.11542157909, 0.095791526401, 0.084096947629, 0.21649185603, 0.25877585058, 0.040699766048, 2.9456562938, 0.21257230518, 0.53944792722, 0.092225229341],
      [68.5014910024, 265.7557852202, 42.5516618429, 123.182238497, 79.0174954486, 222.6145777757, 348.8941401287, 97.1066849223, 112.0130700344, 358.7434296248, 36.1236270625, 42.6742268082, 34.7648446726, 11.5469777422, 19.8057423964, 10.0651510165, 8.8966730787, 83.5428210314, 278.0927567933, 112.748155488, 348.6023568265, 226.7070596969, 18.5342528789, 11.190187909, 2.7682754116, 196.9109898522, 27.8335756657, 31.7762750525, 38.9599595585, 88.2162185195, 223.1817501517, 86.6656969352, 182.4577284175, 111.4555418277, 68.7529110649, 340.8690258136, 67.0596648715, 447.38475231, 178.6153032803, 151.2318332867, 97.9272834829, 16.3124809772, 78.9551140475, 107.3972238789, 225.4494269566, 206.9209487953, 119.4533642204, 144.8295505053, 243.2905970582, 121.9356278047, 254.3221730716, 107.3615038513, 107.0178250078, 120.2468906924, 247.5174617371, 281.1231671004, 38.4045414942, 3155.7212201971, 202.4045477092, 499.788003803, 90.3123505595],
      [1.4885984095, 7.9476129886, 2.1144758063, 4.3602397228, 1.8399688147, 7.8103568737, 7.7946485446, 2.3397468765, 3.4879502405, 10.7305506462, 0.88043513646, 0.86853676656, 0.63915330882, 1.0735580639, 0.3676393599, 0.3584002544, 0.77032791784, 1.6233517447, 8.8225070226, 2.7322197455, 7.778575288, 6.4750867203, 0.52895232302, 0.57588139999, 0.063707275063, 4.2539221732, 1.2314445535, 0.56681147503, 1.1918699102, 2.4379698513, 5.0781552127, 2.4439579128, 4.6419923675, 1.6240555551, 1.737081227, 9.6932223858, 1.5036745881, 12.1410679368, 3.4934060877, 4.1228951969, 3.435921842, 0.23966202661, 2.1489707788, 3.6697709521, 5.372184225, 4.7422946951, 3.2954921155, 3.327577102, 9.1315137565, 2.5997169962, 6.0762848598, 3.6347145715, 3.6847076929, 2.6631390902, 6.5905645656, 6.7396927901, 0.9028754144, 85.8897432064, 8.8649532816, 18.8137253061, 2.2435352648]
    ],
    [
      [0.82136127432, 2.2345230502, 0.70504806507, 1.0143283206, 0.48498734552, 0.769801732, 1.5741708648, 0.34053981369, 0.95619090884, 1.805338418, 0.29746140042, 0.56154811456, 0.33583423717, 0.22359925146, 0.27709239759, 0.21861520335, 0.097436876478, 3.5640556939, 5.1836645414, 1.1195716623, 3.9272490187, 2.0792598207, 0.62248338695, 0.17141916517, 0.56269514147, 2.0884834326, 0.86677589619, 0.31658744968, 2.2833549365, 1.4132517497, 3.3680713606, 0.63174643565, 3.1555311092, 1.4733435401, 0.38184072409, 5.3582457486, 1.1169578698, 4.3825185669, 0.80583922717, 0.91813749437, 1.3507395512, 0.19194626681, 2.1935593832, 1.3705600127, 1.8031660116, 1.0515121773, 1.9512727679, 0.34535920131, 0.84684431072, 0.80295698047, 2.528061688, 1.4879790405, 0.7332380326, 0.47881138767, 1.9229492638, 4.2208245118, 1.107293555, 25.9020239803, 1.8943858193, 6.3101433294, 1.2247013536],
      [111.1326196901, 264.8602295531, 94.1986284614, 134.0717783036, 47.0196611939, 62.2657930427, 176.4503213615, 53.8841042912, 94.0169612669, 188.0656047161, 25.6343698908, 45.6962364469, 32.6178111125, 14.1272801777, 26.8876412132, 18.6739270523, 13.0199799588, 310.5045198866, 627.5205327217, 151.4583888033, 352.9703797545, 209.2416994569, 69.8155920186, 27.2592587372, 48.9520094501, 215.6877772218, 133.1266636215, 26.0010120339, 218.6009963241, 157.6911900993, 318.9537195376, 121.7318417707, 400.3716858778, 162.8387535381, 66.5144697733, 496.9965445991, 89.6870240816, 516.943443338, 109.7740569372, 101.8914660539, 126.7776947112, 21.8922942492, 403.6881856624, 106.7720311477, 142.7358770026, 123.0446013337, 184.1154392323, 55.8659255757, 92.8750801713, 93.1076183046, 316.9286218041, 186.5470604506, 93.1185516557, 57.168502085, 202.4673170134, 583.3097619341, 115.7065046579, 3543.9947303703, 199.5287371272, 655.0105227576, 142.4640818158],
      [7.4180862967, 16.9418673344, 5.9430870395, 9.5951424168, 3.2053007142, 5.250203139, 12.8622768901, 3.4518934905, 6.2683201303, 12.6619295208, 2.8008972186, 2.5401884267, 1.9088463579, 0.47261602874, 1.7097884097, 0.96958156417, 0.65563909622, 20.390954607, 42.1183881795, 9.5254542106, 23.1052180592, 14.1160880494, 3.2010579808, 2.1320839179, 2.2681097268, 15.8928362058, 6.8230949049, 1.5724132917, 12.6093522112, 9.8383675968, 22.6778910566, 7.7828318492, 25.9158152631, 11.0617127477, 4.64621337, 31.2074019491, 5.6979991241, 38.6158368926, 7.8262687476, 6.5024936655, 9.5675537455, 1.8105372255, 24.5240468218, 7.8199487681, 10.4916435483, 9.0955429167, 11.6819078659, 3.4784681694, 6.3535659452, 7.470866024, 22.4632985795, 10.5744651656, 6.3046425283, 4.9286744428, 14.1496791643, 38.859888325, 6.5813595558, 233.5127602934, 11.6058670377, 37.2501026416, 8.4920529886],
      [0.62793273885, 1.9633800623, 1.1532364341, 1.3187509591, 0.29005074637, 0.71420208627, 1.1132308836, 0.32346240459, 0.75852769393, 1.467127345, 0.26727149017, 0.20202701188, 0.13750829246, 0.17650454215, 0.12547797951, 0.13787618021, 0.22694406855, 1.5404698125, 5.1774145574, 0.8965853238, 1.9971531675, 1.5629526729, 0.36086661369, 0.43723817966, 0.21718568163, 1.3309031398, 1.1834655774, 0.10998722474, 1.5062965283, 1.0571905543, 2.0003180452, 0.85357994445, 2.5569677499, 0.62619017397, 0.4574761326, 3.4378077032, 0.49801892448, 4.0582012025, 0.59383508805, 0.68790278623, 1.3040119922, 0.10522225852, 2.5942081325, 1.0374600716, 0.96931343757, 0.80834357222, 1.2513801339, 0.31024705357, 0.92450957276, 0.61855869094, 2.0800179284, 1.3904953432, 0.84356778339, 0.42401208453, 1.4600545584, 3.6095252292, 0.60484223135, 24.5904853561, 1.9710100158, 5.4292312713, 0.81916384204]
    ],
    [
      [1.3383008251, 5.7854190636, 1.3168328833, 2.1124817369, 0.9622022129, 2.4774625094, 4.9092369511, 0.81809909808, 1.8755109215, 6.3290548138, 0.15332194699, 1.2453548281, 1.2648789758, 0.13657966254, 0.073414325872, 0.089889260266, 0.048909085614, 2.8606767923, 4.9739342457, 1.3365686895, 10.4914189638, 5.5761138092, 0.71932378973, 0.26968789287, 0.39849903708, 3.0014963294, 0.77376232297, 0.53908547969, 1.5415710467, 2.6744315954, 4.698677119, 0.99915758281, 3.7570741989, 2.2791088308, 0.88275952864, 8.9278726133, 0.95499711978, 6.0065393897, 1.711768801, 3.3369918813, 3.3551394084, 0.46626128022, 1.3362903059, 2.4318735959, 4.053430631, 2.1615005424, 1.9815896361, 1.3736856258, 1.905715701, 1.4338377145, 2.4528642715, 2.4052050617, 1.3330801674, 1.2615324058, 3.754464726, 4.3056757393, 1.0335115333, 48.3407914901, 3.3411481265, 9.7416903001, 1.0908989988],
      [3.2537397803, 12.415560513, 3.1563842973, 5.0375436364, 1.6671876402, 3.5951274337, 9.9528771728, 2.3125531718, 3.3153186534, 11.9247725953, 0.23214086592, 1.8038082207, 2.1682589304, 0.14628099314, 0.12488471327, 0.13290183278, 0.11011702556, 4.5060783055, 10.9218054838, 3.2649831004, 17.0865010069, 10.1497013203, 1.4372551027, 0.75172117067, 0.60480594729, 5.6110953161, 2.1344999946, 0.77540251524, 2.661437569, 5.3789392851, 8.0589576582, 3.4668525112, 8.6359235317, 4.5448524415, 2.7496843478, 15.0147236702, 1.3764967272, 12.8529585019, 4.202075184, 6.6676378489, 5.6800240862, 0.92823110195, 4.453491331, 3.4153319088, 5.7930379019, 4.5626146452, 3.3796105783, 3.9782033552, 3.7634048131, 2.9908726193, 5.5711233364, 5.4485796241, 3.0445143433, 2.6959661913, 7.1533887011, 10.794685567, 1.9417083796, 120.1809395401, 6.3652371012, 18.3520272343, 2.2922419485],
      [19.0166391184, 68.9390660275, 17.490608841, 31.4358772641, 10.0216396588, 26.5587544738, 63.0417954477, 13.0504275999, 19.3354576255, 69.7479650819, 2.2859917765, 8.896342649, 11.3510467438, 0.46226814738, 0.72190265965, 0.64063159292, 0.53341415857, 25.7475453396, 63.5194008824, 17.899015589, 96.9835878493, 59.4981980303, 5.8632133726, 5.3549503575, 2.6204480088, 35.9224426248, 9.6182925747, 4.2375450677, 13.4202034676, 29.2756224282, 49.731667222, 19.3738415943, 48.5067619041, 26.9123974453, 16.8978259744, 81.703840207, 7.6734000635, 83.1728624677, 26.1397067735, 37.1536532037, 37.3985017915, 7.0003602069, 23.51977981, 21.8446788545, 37.0689378726, 29.3945135577, 18.6704326702, 21.7635491551, 22.4745934966, 20.9888076496, 34.2661108877, 26.8972184612, 18.0359016671, 20.4278981123, 43.4372389784, 62.3134320656, 9.6993741086, 684.5664337368, 32.1847297664, 90.368985226, 11.9116980574],
      [2.3913202762, 11.8599543958, 5.0361739784, 6.4140973626, 1.3489704881, 5.3686555831, 8.0960904285, 1.8189201302, 3.4737127996, 11.998207509, 0.32854541059, 1.0544943022, 1.21581535, 0.25487119694, 0.079798301208, 0.13657731404, 0.30755973026, 2.8856995626, 11.5848593882, 2.499432621, 12.43849218, 9.7759868401, 0.98020773502, 1.623640579, 0.37624700683, 4.4649657297, 2.4734451077, 0.44796693737, 2.3767879167, 4.6710066913, 6.5106980008, 3.1601483116, 7.1002403653, 2.2636412823, 2.4697301492, 13.3535635095, 0.99510608951, 12.9676396407, 2.9464492415, 5.8417170661, 7.5663347138, 0.60514741092, 3.6904385532, 4.3081156408, 5.0845935946, 3.8813712547, 2.9683671155, 2.8845618639, 4.8562859894, 2.5864820166, 4.7099015044, 5.248996853, 3.5865038223, 2.6146032906, 6.6549075945, 8.5862066281, 1.3254059784, 106.911835233, 8.1088850059, 19.5372972396, 1.7051609953]
    ],
    [
