{
  "Z_true": {},
  "V_true": [
    [10, 2349, 592, 131, 24],
    [191, 5288, 10418, 1031, 260],
    [237, 999, 494, 14203, 354],
    [925, 339, 520, 781, 126],
    [29, 629, 286, 305, 103],
    [37, 142, 142, 284, 292]
  ],
  "p_true": [
    [0.0032, 0.7563, 0.1906, 0.0422, 0.0077],
    [0.0111, 0.3077, 0.6061, 0.06, 0.0151],
    [0.0146, 0.0613, 0.0303, 0.872, 0.0217],
    [0.3437, 0.126, 0.1932, 0.2902, 0.0468],
    [0.0214, 0.4652, 0.2115, 0.2256, 0.0762],
    [0.0412, 0.1583, 0.1583, 0.3166, 0.3255]
  ],
  "Z_est": [
    [
      [0, 0, 0, 0, 0, 0, 0, 0, 0, 0, 0, 0, 0, 0, 0, 0, 0, 0, 0, 0, 0, 0, 0, 0, 0, 0, 0, 0, 0, 0, 0, 0, 0, 0, 0, 0, 0, 0, 0, 0, 0],
      [25, 7, 681, 225, 15, 103, 196, 24, 139, 4, 4, 75, 25, 31, 44, 24, 8, 63, 62, 90, 104, 68, 22, 82, 29, 22, 23, 31, 23, 23, 32, 19, 36, 28, 45, 85, 19, 1, 157, 278, 134],
      [0, 0, 0, 0, 0, 0, 0, 0, 0, 0, 0, 0, 0, 0, 0, 0, 0, 0, 0, 0, 0, 0, 0, 0, 0, 0, 0, 0, 0, 0, 0, 0, 0, 0, 0, 0, 0, 0, 0, 0, 0],
      [0, 0, 0, 0, 0, 0, 0, 0, 0, 0, 0, 0, 0, 0, 0, 0, 0, 0, 0, 0, 0, 0, 0, 0, 0, 0, 0, 0, 0, 0, 0, 0, 0, 0, 0, 0, 0, 0, 0, 0, 0],
      [0, 0, 0, 0, 0, 0, 0, 0, 0, 0, 0, 0, 0, 0, 0, 0, 0, 0, 0, 0, 0, 0, 0, 0, 0, 0, 0, 0, 0, 0, 0, 0, 0, 0, 0, 0, 0, 0, 0, 0, 0]
    ],
    [
      [13.8564, 0.7463, 27.2079, 0.3961, 2.704, 10.2002, 40.2958, 0.5516, 21.3845, 1.0828, 0, 0, 3.2666, 5.4435, 2.347, 2.0357, 0, 5.6155, 1.4655, 2.9614, 23.2092, 1.4265, 3.5702, 3.8041, 0.0641, 0, 8.8261, 0, 6.3495, 2.4524, 0, 1.773, 0.4686, 0, 11.2351, 3.1396, 0, 1.3953, 0, 37.1239, 13.4433],
      [52.3875, 11.3799, 925.3655, 290.1709, 15.7676, 165.1667, 385.1995, 55.4247, 356.3649, 15.5532, 10.953, 108.6683, 67.236, 107.689, 55.1237, 59.1134, 24.1944, 74.1391, 76.3106, 154.3706, 126.6546, 86.6221, 61.3426, 159.1394, 58.7584, 84.9096, 59.5308, 64.1933, 41.6065, 51.4842, 133.3027, 46.5147, 97.248, 93.8016, 68.1299, 136.1603, 53.6702, 5.936, 118.5584, 244.1796, 196.8725],
      [119.1562, 79.1421, 1809.0592, 480.9611, 69.2813, 360.9437, 1446.3714, 142.5038, 813.9555, 28.926, 5.539, 166.752, 147.8186, 162.142, 62.0781, 83.61, 33.5958, 115.9101, 139.5958, 192.7863, 236.1362, 158.233, 134.2146, 436.6525, 115.6952, 178.025, 143.3198, 161.9577, 108.9728, 113.1133, 295.3009, 96.6171, 171.5358, 240.796, 170.708, 236.2385, 86.6172, 6.9545, 229.3967, 737.8199, 481.0135],
      [15.3045, 7.4008, 106.3361, 11.3459, 1.247, 22.3005, 77.8346, 8.4466, 77.9731, 4.4381, 1.3044, 33.3812, 9.0781, 11.4463, 5.0916, 6.0389, 2.5261, 2.2137, 9.0386, 13.8817, 0, 14.2872, 1.8725, 0.3321, 24.2094, 10.9332, 8.8018, 22.9994, 0.0022, 6.9467, 17.9983, 10.3199, 16.0155, 34.1847, 0, 25.34, 17.7125, 0, 27.8314, 53.5442, 21.4161],
      [2.2955, 8.3308, 2.0313, 10.126, 0, 6.3888, 22.2987, 7.0734, 2.322, 0, 0.2035, 6.1985, 2.6008, 3.2792, 4.3595, 2.2019, 3.6837, 1.1216, 2.5895, 0, 0, 5.4313, 0, 11.0719, 2.2728, 3.1322, 2.5216, 2.8495, 0.0689, 2.0034, 9.3981, 1.7753, 5.7321, 4.2178, 5.927, 9.1216, 0, 0.7142, 5.2135, 24.3324, 5.2546]
    ],
    [
      [0.5043, 0.1489, 3.498, 0.6349, 0.0213, 8.3553, 17.7732, 0, 1.768, 0.3272, 0, 0, 1.9893, 0.4526, 0.2035, 0, 0, 0.2567, 0, 0.4952, 0.363, 0.3159, 0.9977, 0.2096, 0, 0, 1.1279, 0, 0.2218, 0, 0, 0, 0.4253, 0, 1.6718, 0.5362, 0, 0.0213, 0, 1.1042, 0.8384],
      [0, 1.3673, 32.1324, 5.8321, 0.1953, 15.1978, 0, 0, 16.2406, 0.3349, 1.2295, 5.3856, 2.8676, 7.7776, 16.5816, 8.4511, 5.4657, 2.358, 13.3297, 7.9263, 18.7396, 2.9021, 1.2697, 1.9254, 3.5263, 22.3899, 0, 0, 2.0371, 2.9998, 6.4182, 3.0416, 3.9067, 0, 3.1812, 4.9252, 1.4371, 1.0146, 4.3474, 10.1434, 7.7017],
      [0, 0.4182, 9.8283, 1.7839, 0.2293, 0, 10.9208, 9.156, 4.9675, 0.1024, 0, 0, 11.9193, 0, 0, 0, 0, 0.7212, 0, 1.3912, 1.02, 0.8877, 0.3884, 0.5889, 0, 6.6632, 5.8009, 6.2553, 0.6231, 1.5322, 3.0312, 0, 1.1949, 8.1016, 0.973, 1.5065, 0.4396, 0.0597, 1.1992, 3.1025, 2.3557],
      [329.2039, 94.8784, 2229.6421, 404.6854, 13.5541, 659.979, 2501.63, 317.8342, 1126.9229, 23.2355, 42.5985, 373.7047, 335.9052, 283.4305, 115.5916, 203.9443, 165.4385, 163.6168, 218.1905, 315.6159, 218.7535, 201.3745, 88.1014, 133.6043, 389.7954, 280.8365, 242.1051, 373.7033, 141.3494, 203.967, 448.9296, 214.1436, 271.0811, 383.3861, 219.4119, 341.7558, 101.1233, 12.7348, 272.0493, 703.8427, 534.417],
      [2.2919, 1.1872, 27.8992, 5.0638, 0, 6.4679, 28.676, 4.0098, 14.101, 0, 0.172, 6.9097, 5.3186, 6.3392, 1.6233, 2.6046, 2.0958, 2.0473, 10.4798, 0.5714, 0.124, 2.5198, 0.2429, 1.6718, 7.6783, 8.1105, 2.9661, 5.0415, 1.7687, 6.501, 5.621, 0.8148, 3.392, 4.5123, 2.7621, 4.2763, 0, 0.1696, 3.4041, 8.8071, 6.6871]
    ],
    [
      [17.4178, 6.7296, 98.9648, 27.3143, 1.2747, 49.4824, 144.0927, 17.8137, 102.9234, 3.1669, 3.6826, 26.0958, 26.5226, 15.8344, 8.7089, 12.2716, 9.7884, 14.6468, 10.6882, 19.793, 17.4178, 13.4592, 11.4799, 26.9184, 21.7723, 19.519, 13.4592, 16.8842, 10.6882, 16.2302, 31.7784, 13.0634, 25.7308, 23.99, 20.1888, 27.3143, 3.0479, 1.5834, 9.99, 47.1072, 41.1694],
      [0.5432, 0.2099, 3.0862, 0.8518, 0.037, 1.5431, 4.4935, 0.5555, 3.2097, 0.0988, 0.8076, 2.8867, 0.8271, 0.4938, 0.2716, 0.3827, 0.3333, 0.4568, 0.3333, 0.6172, 0.5432, 0.4197, 0.358, 0.8394, 0.679, 0.6543, 0.4197, 0.7407, 0.3333, 0.5061, 1.2098, 0.4074, 0.8024, 1.1357, 0.6296, 0.8518, 3.948, 0.0494, 1.0315, 1.469, 1.2839],
      [21.8438, 8.4397, 124.1125, 34.2551, 1.4894, 62.0563, 180.7078, 22.3403, 129.077, 3.9716, 5.461, 35.248, 33.2622, 19.858, 10.9219, 15.39, 13.4042, 18.3687, 13.4042, 24.8225, 21.8438, 16.8793, 14.3971, 33.7586, 27.3048, 26.3119, 16.8793, 29.787, 13.4042, 20.3545, 55.6679, 16.3829, 32.2693, 58.1024, 25.319, 34.2551, 7.9432, 1.9858, 13.4042, 59.0776, 51.6308],
      [2.9174, 1.1272, 16.5764, 4.5751, 0.1989, 8.2882, 24.1352, 2.9837, 17.2394, 0.7628, 0.7294, 4.7077, 4.4425, 2.6522, 1.4587, 2.0555, 1.7902, 2.4533, 1.7902, 3.3153, 2.9174, 2.2544, 1.9229, 4.5088, 3.6468, 3.5142, 2.2544, 10.8457, 1.7902, 2.7185, 6.4979, 2.1881, 4.3099, 6.1001, 3.3816, 4.5751, 1.0609, 0.2652, 1.7902, 7.8904, 6.8958],
      [1.2778, 0.4937, 7.2601, 2.0038, 0, 3.6301, 10.5707, 1.3068, 7.5505, 0, 0.3194, 2.0619, 1.9457, 1.1616, 0.6389, 0.9003, 1.6839, 1.0745, 0.7841, 1.452, 1.2778, 0.9874, 0.8422, 1.9748, 1.5972, 3.0007, 0.9874, 1.7424, 0.7841, 1.1907, 2.846, 0.9583, 1.8876, 2.6717, 1.4811, 2.0038, 0, 0.1162, 0.7841, 3.4558, 3.0202]
    ],
    [
      [0, 0, 0, 0, 0, 0, 0, 0, 0, 0, 0, 0, 0, 0, 0, 0, 0, 0, 0, 0, 0, 0, 0, 0, 0, 0, 0, 0, 0, 0, 0, 0, 0, 0, 0, 0, 0, 0, 0, 0, 0],
      [1, 0, 255, 76, 0, 25, 122, 14, 59, 2, 2, 32, 17, 25, 8, 11, 8, 17, 26, 41, 50, 25, 5, 22, 16, 18, 15, 20, 9, 12, 27, 13, 21, 30, 15, 36, 14, 2, 54, 121, 86],
      [0, 0, 0, 0, 0, 0, 0, 0, 0, 0, 0, 0, 0, 0, 0, 0, 0, 0, 0, 0, 0, 0, 0, 0, 0, 0, 0, 0, 0, 0, 0, 0, 0, 0, 0, 0, 0, 0, 0, 0, 0],
      [0, 0, 0, 0, 0, 0, 0, 0, 0, 0, 0, 0, 0, 0, 0, 0, 0, 0, 0, 0, 0, 0, 0, 0, 0, 0, 0, 0, 0, 0, 0, 0, 0, 0, 0, 0, 0, 0, 0, 0, 0],
      [0, 0, 0, 0, 0, 0, 0, 0, 0, 0, 0, 0, 0, 0, 0, 0, 0, 0, 0, 0, 0, 0, 0, 0, 0, 0, 0, 0, 0, 0, 0, 0, 0, 0, 0, 0, 0, 0, 0, 0, 0]
    ],
    [
      [2.2216, 1.3753, 13.3294, 4.6547, 0, 2.9621, 9.8383, 0.6347, 5.9242, 0.4232, 0.3174, 1.9042, 2.2216, 1.2695, 0.7405, 1.6926, 0.2116, 1.481, 0.8463, 2.7505, 2.01, 1.7984, 0.9521, 3.0679, 1.1637, 1.481, 1.5868, 2.1158, 0.7405, 0.3174, 2.2216, 1.1637, 1.3753, 2.01, 1.9042, 2.01, 0.9521, 0, 2.01, 6.6647, 4.5489],
      [0.0693, 0.0429, 0.4159, 0.1452, 0, 0.0924, 0.307, 0.0198, 0.1848, 0.0132, 0.0099, 0.0594, 0.0693, 0.0396, 0.0231, 0.0528, 0.0066, 0.0462, 0.0264, 0.0858, 0.0627, 0.0561, 0.0297, 0.0957, 0.0363, 0.0462, 0.0495, 0.066, 0.0231, 0.0099, 0.0693, 0.0363, 0.0429, 0.0627, 0.0594, 0.0627, 0.9447, 0, 0.0627, 0.2079, 0.1419],
      [0, 0, 0, 0, 0, 0, 0, 0, 0, 0, 0, 0, 0, 0, 0, 0, 0, 0, 0, 0, 0, 0, 0, 0, 0, 0, 0, 0, 0, 0, 0, 0, 0, 0, 0, 0, 0, 0, 0, 0, 0],
      [2.5742, 1.5936, 15.4454, 5.3936, 0, 3.4323, 11.4002, 0.7355, 6.8646, 2.5636, 0.3677, 2.2065, 2.5742, 1.471, 0.8581, 1.9613, 0.2452, 1.7162, 0.9807, 3.1871, 2.3291, 2.0839, 1.1032, 3.5549, 1.3484, 1.7162, 1.8387, 2.4516, 0.8581, 0.3677, 2.5742, 1.3484, 1.5936, 2.3291, 2.2065, 2.3291, 1.1032, 0, 2.3291, 7.7227, 5.271],
      [16.1349, 9.9883, 96.8094, 33.8065, 0, 21.5132, 71.4545, 4.61, 43.0264, 1, 2.305, 13.8299, 16.1349, 9.2199, 5.3783, 12.2933, 1.5367, 10.7566, 6.1466, 19.9765, 14.5982, 13.0616, 6.915, 22.2815, 8.4516, 10.7566, 11.5249, 15.3666, 5.3783, 2.305, 16.1349, 8.4516, 9.9883, 14.5982, 13.8299, 14.5982, 6, 0, 14.5982, 48.4047, 33.0381]
    ]
  ],
  "V_est": [
    [0, 3106, 0, 0, 0],
    [259.8417, 4999.1938, 10999.4466, 741.375, 188.1429],
    [44.2614, 244.5801, 97.1615, 15696.0675, 204.9295],
    [1030.0046, 40.3506, 1355.3919, 185.5278, 79.7251],
    [0, 1352, 0, 0, 0],
    [94.8923, 3.8756, 0, 112.0297, 686.2024]
  ],
  "p_est": [
    [0, 1, 0, 0, 0],
    [0.0151, 0.2909, 0.6399, 0.0431, 0.0109],
    [0.0027, 0.015, 0.006, 0.9637, 0.0126],
    [0.3828, 0.015, 0.5037, 0.0689, 0.0296],
    [0, 1, 0, 0, 0],
    [0.1058, 0.0043, 0, 0.1249, 0.765]
  ],
  "EI_Z": {},
  "EI_V": 12.0803,
  "MAE_Z": {},
  "MAE_V": 334.3898,
  "MAE_p": 0.1174,
  "runtime": 0.9466
}
