{
  "Z_true": {},
  "V_true": [
    [30, 56, 1152, 201],
    [1994, 2731, 399, 215],
    [1886, 9138, 378, 447],
    [433, 432, 12311, 648],
    [249, 823, 437, 533]
  ],
  "p_true": [
    [0.0208, 0.0389, 0.8006, 0.1397],
    [0.3735, 0.5115, 0.0747, 0.0403],
    [0.1592, 0.7712, 0.0319, 0.0377],
    [0.0313, 0.0312, 0.8906, 0.0469],
    [0.1219, 0.403, 0.214, 0.261]
  ],
  "Z_est": [
    [
      [0.2174, 0.0822, 0.1071, 0.0447, 0.1904, 0.0104, 0.0281, 0.0177, 0.0073, 0.0031, 0.0218, 0.2788, 0.1789, 0.0947, 0.0541, 0.1696, 0.0707, 0.1404, 0.0281, 0.0832, 0.0728, 0.0042, 0.052, 0.0406, 0.0229, 0.1488, 0.0687, 0.0354, 0.0479, 0.0333, 0.1716, 0.1134, 0.1384, 0.259, 0.0624, 0.0499, 0.0728, 0.0583, 0.1612, 0.0073, 0.3943, 0.0728, 0.6658, 0.1945],
      [6.4446, 8.3796, 6.4218, 3.9709, 5.2879, 0.4315, 0.9272, 1.5982, 0.0551, 0.1273, 0, 2.2218, 5.4535, 3.1856, 2.7035, 0, 3.9839, 3.2958, 1.4606, 1.882, 0.6229, 1.1837, 3.7314, 1.3074, 0.5416, 4.223, 3.5834, 1.1567, 1.2394, 0.8262, 3.1991, 3.2364, 1.882, 2.8592, 1.0741, 0, 1.8982, 1.3771, 5.3981, 0, 10.3739, 2.0105, 14.505, 5.0309],
      [79.3379, 53.5382, 34.4711, 27.9844, 61.5217, 0.5581, 9.0447, 6.3841, 0.9376, 1.8695, 3.9782, 41.4994, 28.3676, 26.7197, 9.2424, 31.8304, 14.9453, 88.5638, 13.5113, 50.0348, 9.3042, 8.8121, 11.2166, 12.6521, 20.4355, 47.6283, 37.348, 23.8079, 15.7128, 33.1405, 25.6293, 16.6502, 27.9797, 27.8818, 4.8635, 4.9501, 12.029, 15.5647, 51.4407, 0.9927, 110.2319, 15.9167, 148.8292, 37.7746],
      [0, 0, 0, 0, 0, 0, 0, 0, 0, 0, 0, 0, 0, 0, 0, 0, 0, 0, 0, 0, 0, 0, 0, 0, 0, 0, 0, 0, 0, 0, 0, 0, 0, 0, 0, 0, 0, 0, 0, 0, 0, 0, 0, 0]
    ],
    [
      [145.8362, 49.2418, 66.7856, 25.5801, 117.9774, 6.9587, 18.3691, 9.4487, 5.355, 1.8211, 12.7619, 173.1653, 116.0082, 54.6098, 33.9018, 108.9532, 39.1174, 82.7582, 14.874, 50.3105, 45.9149, 2.2838, 32.4635, 26.6421, 14.4237, 96.4338, 45.9181, 23.2726, 29.1208, 21.1494, 99.6732, 58.2346, 78.2908, 148.7132, 37.0921, 29.8601, 36.4017, 40.0406, 104.5978, 4.2187, 247.0516, 42.8858, 390.3676, 128.7763],
      [109.34, 32.3948, 73.9699, 38.0888, 83.9446, 6.2156, 14.5959, 10.1304, 1.9358, 4.8038, 17.1218, 124.2473, 94.6022, 28.7508, 25.1209, 83.8915, 16.5369, 51.0878, 5.0605, 31.9969, 34.7363, 2.4625, 23.7114, 36.8661, 9.4512, 69.8281, 35.6723, 18.1442, 19.915, 14.2095, 55.3293, 14.8586, 38.2935, 68.4067, 22.3634, 18.7393, 8.0457, 31.9181, 82.6326, 2.0078, 170.8484, 26.4104, 236.1456, 108.1493],
      [38.5822, 2.7806, 8.4779, 5.0429, 10.1026, 0.568, 2.3725, 1.0344, 0.562, 0.3751, 1.5274, 14.7348, 10.2485, 4.983, 2.8179, 12.3088, 3.2414, 4.559, 0.679, 5.0546, 3.766, 0.1617, 2.7209, 4.1599, 2.6282, 17.2965, 12.6427, 3.7224, 2.0072, 3.9049, 7.9423, 2.4896, 6.1151, 10.2258, 3.3666, 2.4436, 1.4873, 9.5138, 12.0335, 0.6447, 32.6522, 2.3603, 21.3398, 14.3628],
      [6.2417, 1.5828, 11.7667, 1.2883, 3.9754, 0.2577, 0.6626, 0.3865, 0.1472, 0, 0.5889, 5.8526, 4.141, 1.6564, 1.1595, 3.8465, 1.1043, 2.595, 0.3865, 1.638, 1.5828, 0.092, 1.1043, 6.3319, 0.4969, 3.4416, 1.7668, 0.8608, 0.957, 0.7362, 3.0552, 1.4171, 2.3006, 0.6542, 1.1779, 0.957, 0.0652, 1.5276, 3.7361, 0.1288, 8.4477, 1.3435, 12.147, 4.7116]
    ],
    [
      [17.3854, 9.6406, 8.5679, 3.5769, 26.0865, 1.3842, 6.0954, 1.4141, 0.0852, 0.3987, 1.7469, 43.0002, 17.4822, 12.7367, 8.4312, 20.7141, 9.2778, 21.418, 3.8169, 10.2334, 9.5618, 0.3327, 7.4823, 3.2442, 2.9377, 18.9828, 5.4901, 2.8282, 5.087, 4.1579, 32.6859, 25.9667, 25.7998, 42.3693, 7.1212, 5.8035, 9.421, 6.3706, 19.9551, 0.5823, 52.5301, 7.5358, 112.3583, 25.205],
      [545.1893, 268.4519, 400.3658, 237.8931, 449.6891, 39.6255, 82.9427, 43.2917, 3.4692, 6.285, 43.5776, 476.2952, 543.9081, 296.5714, 139.2801, 361.4811, 155.8154, 287.7416, 102.8774, 149.3382, 144.6335, 20.96, 141.8547, 125.0669, 44.5328, 364.8319, 169.8891, 100.6325, 106.8395, 71.2263, 239.1417, 135.8037, 154.2415, 276.0344, 88.0553, 75.7425, 95.6621, 111.8953, 472.5337, 45.7252, 876.1592, 173.8716, 1259.72, 408.462],
      [6.2214, 15.9846, 5.5307, 7.3313, 13.5773, 3.4115, 3.0075, 0.4925, 0.0402, 0.0704, 1.3453, 10.6959, 4.5094, 11.0145, 7.7764, 11.5031, 2.1997, 33.5859, 4.4071, 1.6885, 1.6655, 0.3074, 1.3198, 2.1997, 0.5226, 21.8586, 5.9256, 6.6443, 2.9328, 3.1778, 7.2168, 3.6349, 5.3642, 15.7533, 1.0051, 1.2884, 3.5708, 1.7428, 25.6357, 1.4234, 20.906, 2.5823, 75.3348, 4.553],
      [50.2039, 19.9229, 20.5355, 13.1987, 20.6472, 4.5788, 3.9545, 3.8017, 0.4054, 0.246, 4.3302, 11.0087, 16.1003, 6.6774, 6.5123, 8.3017, 2.7071, 14.2545, 4.8986, 6.7398, 8.1392, 0.3999, 5.3432, 7.4893, 4.0069, 15.3267, 7.6951, 6.8949, 8.1407, 3.4379, 5.9555, 5.5946, 5.5946, 8.8431, 3.8185, 2.1657, 2.3461, 6.9913, 19.8755, 6.2691, 36.4047, 11.0103, 77.5869, 14.78]
    ],
    [
      [0.5134, 0.194, 0.253, 0.1056, 0.5409, 0.0246, 0.7299, 0.0418, 0.4427, 0.0074, 0.0516, 7.4122, 2.0904, 1.4106, 0.5599, 2.8354, 7.3194, 5.5668, 0.0663, 5.1086, 2.3232, 0.0098, 2.4061, 0.0958, 0.4292, 0.3512, 0.1621, 0.0835, 0.113, 0.0786, 5.3172, 2.0363, 3.8246, 7.9237, 5.2191, 3.0588, 10.4329, 0.1375, 0.3807, 0.0172, 3.8256, 0.1719, 14.0009, 6.7569],
      [24.0653, 8.5208, 12.3281, 14.5009, 22.5061, 0.714, 2.5119, 1.5878, 0.3833, 0.4795, 1.3395, 9.6731, 9.1912, 2.4205, 0.8767, 19.0144, 11.9021, 7.8007, 2.9125, 16.6069, 6.4822, 1.7112, 2.6444, 2.6632, 4.0637, 9.7871, 10.1645, 2.88, 3.5488, 1.4554, 3.1195, 4.4234, 5.2998, 3.1981, 2.5332, 5.9378, 6.6937, 3.6232, 15.7981, 0.568, 44.0556, 11.0841, 29.5511, 26.1703],
      [783.833, 488.6494, 300.9238, 256.4412, 546.3694, 52.4616, 115.5741, 49.1745, 9.3967, 13.2908, 45.1438, 408.5402, 241.7513, 178.6353, 63.5435, 363.2501, 118.5817, 824.7949, 126.5975, 397.1024, 90.4818, 48.8342, 68.7223, 119.9572, 166.4115, 542.2027, 298.1123, 266.8206, 117.4881, 178.5277, 234.1697, 138.0674, 159.4826, 236.9816, 107.4495, 71.7195, 107.9825, 161.1744, 509.8746, 38.3343, 1237.3272, 216.106, 1536.8094, 550.2995],
      [66.5884, 29.6357, 28.4951, 26.9522, 29.5836, 4.7998, 8.1841, 5.196, 0.7772, 0.2224, 4.4651, 19.3746, 20.9671, 12.5336, 6.0199, 14.9001, 4.1968, 21.8376, 7.4237, 9.182, 15.7128, 0.4448, 8.2271, 10.2838, 10.0956, 20.6589, 10.5611, 15.2159, 10.8501, 4.9383, 9.3936, 9.473, 8.393, 10.8966, 3.7981, 3.2839, 2.8909, 12.0648, 29.9467, 7.0805, 43.7915, 19.6379, 147.6385, 18.7734]
    ],
    [
      [45.0476, 19.8414, 27.2863, 13.6927, 38.2048, 1.6222, 1.7776, 6.0778, 1.1098, 0.7698, 6.4178, 44.1436, 36.2402, 22.1483, 9.053, 30.3278, 12.2147, 25.1165, 8.2147, 14.2643, 12.1274, 1.3695, 7.5962, 8.9774, 4.1865, 27.0834, 14.361, 7.7803, 11.6314, 6.5808, 27.152, 22.649, 24.9465, 49.7348, 10.5052, 9.2277, 13.6716, 9.393, 29.9051, 2.1746, 75.1984, 19.3337, 122.6074, 26.0672],
      [16.9608, 8.2529, 15.9145, 7.5463, 14.5723, 0.0134, 0.0223, 2.3919, 0.1566, 0.3043, 4.9611, 10.5626, 19.845, 16.0716, 2.0189, 11.613, 4.7616, 9.0742, 3.689, 5.176, 1.5249, 0.6825, 0.0581, 3.0964, 0.4107, 11.3299, 5.6906, 3.1866, 3.4573, 2.2825, 7.2103, 7.6779, 5.2832, 16.5016, 2.974, 3.5804, 7.7003, 1.1863, 11.6376, 9.6989, 28.5629, 5.6234, 40.0782, 0.1877],
      [0.0255, 3.0471, 2.5965, 2.2003, 6.429, 0.0007, 0.0012, 3.9145, 0.0634, 0.3943, 1.0053, 3.5297, 2.1231, 1.6475, 0.6198, 3.1075, 1.0318, 0.4965, 3.8052, 0.1196, 0.7825, 0.8847, 0.0203, 1.0311, 0.0022, 0.0139, 2.9714, 0.0048, 4.8591, 1.2491, 2.0419, 7.1579, 8.0584, 16.1576, 1.3153, 1.5984, 0.9305, 0.0043, 0.0156, 3.605, 10.8826, 10.0347, 3.6868, 0.0101],
      [43.9661, 19.8587, 26.2027, 15.5608, 28.7939, 1.3637, 3.1988, 5.6158, 0.6701, 0.5316, 5.6158, 24.764, 25.7916, 16.1326, 6.3083, 18.9517, 6.9918, 18.3128, 7.2912, 9.4401, 9.5652, 1.0633, 5.3254, 8.8951, 4.4006, 19.5727, 10.977, 8.0284, 10.0522, 4.8876, 14.5957, 14.5153, 14.7119, 28.6061, 6.2055, 5.5935, 7.6977, 7.4163, 23.4417, 12.5215, 52.3561, 17.0083, 98.6276, 15.735]
    ]
  ],
  "V_est": [
    [4.777, 129.0911, 1305.1319, 0],
    [2917.6604, 2002.9816, 310.0405, 108.3175],
    [657.3012, 10337.6049, 360.9589, 493.1349],
    [104.4304, 376.7919, 12587.3918, 755.3858],
    [907.8309, 333.5306, 113.4768, 687.1617]
  ],
  "p_est": [
    [0.0033, 0.0897, 0.907, 0],
    [0.5465, 0.3752, 0.0581, 0.0203],
    [0.0555, 0.8724, 0.0305, 0.0416],
    [0.0076, 0.0273, 0.9105, 0.0546],
    [0.4446, 0.1633, 0.0556, 0.3365]
  ],
  "EI_Z": {},
  "EI_V": 10.4148,
  "MAE_Z": {},
  "MAE_V": 359.2394,
  "MAE_p": 0.0861,
  "runtime": 1.0326
}
