{
  "X": [
    [1, 1, 3, 19, 2],
    [21, 31, 37, 368, 6],
    [3, 5, 9, 35, 1],
    [18, 39, 133, 220, 11],
    [55, 155, 236, 1204, 41],
    [40, 48, 87, 611, 15],
    [5, 2, 10, 35, 8],
    [1, 1, 1, 3, 1],
    [8, 2, 19, 69, 6],
    [6, 6, 28, 122, 3],
    [17, 29, 45, 201, 13],
    [0, 2, 15, 12, 1],
    [20, 38, 92, 303, 11],
    [27, 35, 75, 567, 16],
    [1, 1, 6, 14, 0],
    [4, 1, 5, 24, 1],
    [8, 24, 38, 187, 4],
    [1, 1, 6, 41, 0],
    [38, 30, 259, 804, 75],
    [22, 19, 135, 394, 41],
    [21, 59, 88, 378, 20],
    [1, 0, 0, 8, 0],
    [23, 47, 75, 358, 16],
    [7, 6, 15, 106, 3],
    [1, 2, 6, 23, 0],
    [12, 36, 50, 172, 8],
    [33, 78, 154, 693, 19],
    [10, 23, 44, 261, 6],
    [2, 2, 5, 36, 6],
    [2, 17, 40, 66, 4],
    [13, 31, 63, 160, 11],
    [0, 11, 8, 21, 0],
    [10, 6, 15, 129, 6],
    [31, 76, 105, 720, 19],
    [30, 9, 39, 271, 9],
    [41, 127, 264, 891, 42],
    [53, 148, 416, 995, 63],
    [16, 50, 246, 135, 34],
    [44, 104, 228, 556, 34],
    [13, 21, 49, 287, 12],
    [28, 68, 169, 692, 27],
    [1, 27, 33, 120, 6],
    [13, 22, 40, 188, 7],
    [18, 28, 68, 357, 13],
    [0, 0, 1, 24, 1],
    [1, 1, 2, 17, 4],
    [16, 48, 83, 486, 18],
    [11, 25, 44, 164, 8],
    [29, 91, 122, 472, 24],
    [15, 63, 103, 226, 13],
    [37, 42, 83, 261, 14],
    [35, 121, 227, 545, 33],
    [26, 47, 64, 713, 23],
    [0, 0, 2, 0, 1],
    [379, 725, 1322, 5580, 199],
    [46, 77, 181, 591, 44],
    [110, 180, 470, 1415, 106],
    [9, 12, 82, 271, 16]
  ],
  "W": [
    [2, 2, 3, 17, 1, 1],
    [40, 23, 21, 336, 39, 4],
    [3, 6, 6, 31, 7, 0],
    [20, 47, 74, 204, 50, 26],
    [57, 121, 169, 1149, 171, 24],
    [53, 38, 51, 592, 50, 17],
    [5, 6, 8, 34, 3, 4],
    [1, 1, 0, 4, 1, 0],
    [10, 1, 14, 76, 2, 1],
    [10, 15, 15, 116, 7, 2],
    [18, 13, 30, 196, 43, 5],
    [2, 1, 10, 13, 3, 1],
    [28, 19, 55, 295, 59, 8],
    [40, 53, 39, 531, 39, 18],
    [0, 2, 3, 15, 1, 1],
    [3, 0, 4, 27, 1, 0],
    [3, 14, 27, 188, 21, 8],
    [0, 0, 5, 40, 1, 3],
    [36, 27, 248, 786, 33, 76],
    [34, 27, 108, 387, 19, 36],
    [28, 32, 58, 364, 66, 18],
    [0, 0, 0, 8, 1, 0],
    [38, 50, 43, 327, 42, 19],
    [9, 7, 7, 105, 6, 3],
    [2, 1, 4, 21, 4, 0],
    [11, 22, 36, 167, 36, 6],
    [50, 92, 99, 643, 76, 17],
    [13, 19, 25, 252, 28, 7],
    [6, 2, 3, 35, 2, 3],
    [0, 13, 27, 56, 23, 10],
    [14, 17, 52, 162, 31, 2],
    [3, 2, 6, 17, 11, 1],
    [7, 9, 9, 120, 17, 4],
    [41, 53, 70, 687, 84, 16],
    [24, 13, 30, 274, 12, 5],
    [47, 53, 197, 892, 153, 23],
    [75, 104, 308, 953, 182, 53],
    [29, 19, 227, 125, 59, 22],
    [55, 42, 170, 546, 130, 23],
    [25, 14, 40, 275, 19, 9],
    [36, 64, 118, 670, 73, 23],
    [6, 10, 23, 111, 32, 5],
    [14, 10, 31, 175, 27, 13],
    [25, 28, 41, 340, 36, 14],
    [0, 0, 2, 21, 2, 1],
    [0, 1, 2, 18, 1, 3],
    [23, 30, 61, 465, 56, 16],
    [16, 24, 21, 149, 30, 12],
    [40, 32, 108, 431, 100, 27],
    [30, 31, 78, 205, 63, 13],
    [42, 26, 54, 248, 56, 11],
    [43, 60, 169, 531, 127, 31],
    [33, 45, 39, 701, 41, 14],
    [0, 0, 3, 0, 0, 0],
    [492, 407, 925, 5283, 893, 205],
    [47, 67, 133, 577, 84, 31],
    [85, 170, 354, 1394, 187, 91],
    [13, 41, 51, 250, 13, 22]
  ],
  "method": "mvn_pdf",
  "cond_prob": [
    [
      [0.26820879674, 0.0061496214117, 0.052664856318, 0.60387869221, 0.069098033322],
      [0.00088558490857, 0.061501946232, 0.20933778888, 0.7018391233, 0.02643555668],
      [0.0010308005182, 0.0042467547938, 0.74437655033, 0.009044545772, 0.24130134859],
      [0.013077752956, 0.0013066649513, 0.0029825323909, 0.96633019471, 0.016302854995],
      [0.015126082538, 0.76307932573, 0.08031918393, 0.14140013039, 7.5277404098e-05],
      [0.0019594980846, 0.00040125278887, 0.065358034673, 0.13813174091, 0.79414947354]
    ],
    [
      [0.31542704734, 0.014388386757, 0.088989559776, 0.55650562878, 0.024689377347],
      [0.0011632760454, 0.12038125878, 0.28552561888, 0.58451176131, 0.0084180849823],
      [0.0018534897957, 0.010161144419, 0.90220963679, 0.011003922638, 0.074771806357],
      [0.02139591821, 0.0034702487361, 0.0057767299238, 0.96237042975, 0.0069866733846],
      [0.026807253129, 0.66857532943, 0.13883200177, 0.16575270397, 3.27116999e-05],
      [0.0084218478871, 0.0026341499889, 0.28226395008, 0.39328607905, 0.313393973]
    ],
    [
      [0.47313807445, 0.0082335054342, 0.073250904575, 0.42800629012, 0.017371225413],
      [0.00177983155, 0.09207521261, 0.32385007193, 0.57449506657, 0.0077998173417],
      [0.00220930799, 0.0063008740888, 0.92381834844, 0.0082005366241, 0.059470932853],
      [0.032712645784, 0.0024639336372, 0.0058802289253, 0.95284072102, 0.0061024706345],
      [0.043061316793, 0.62761152188, 0.16471555207, 0.16458048955, 3.1119699842e-05],
      [0.011679496295, 0.0017875787283, 0.2928174434, 0.34415349816, 0.34956198342]
    ],
    [
      [0.39154652594, 0.016434206836, 0.21593231983, 0.35057167286, 0.025515274526],
      [0.0011741572753, 0.11347198933, 0.57389033442, 0.30423437252, 0.0072291464575],
      [0.0010024290468, 0.0051167965409, 0.95658678952, 0.003076530927, 0.034217453962],
      [0.039764079808, 0.0060130621821, 0.021245900882, 0.92202548019, 0.010951476942],
      [0.026780056591, 0.61385467234, 0.27394892868, 0.085388617396, 2.7724998725e-05],
      [0.0081164963869, 0.0023773478877, 0.54183706046, 0.19555390435, 0.25211519091]
    ],
    [
      [0.3453163788, 0.020919050319, 0.11097805568, 0.48693842231, 0.03584809288],
      [0.0012201310944, 0.16506399704, 0.33590127308, 0.48619298712, 0.011621611659],
      [0.0016669279708, 0.011921595942, 0.8907174512, 0.0078778470165, 0.087816177872],
      [0.026627706379, 0.0057008778454, 0.0081524868548, 0.94805710596, 0.011461822959],
      [0.023057399229, 0.72986186228, 0.1336496161, 0.11339403013, 3.7092259206e-05],
      [0.0080734839663, 0.0033213663917, 0.30343988448, 0.29935758133, 0.38580768383]
    ],
    [
      [0.37580460586, 0.02083587203, 0.12270442561, 0.45420530892, 0.026449787575],
      [0.001318967807, 0.16509793503, 0.37249918599, 0.45251926291, 0.0085646482611],
      [0.0016658241764, 0.010997007387, 0.92060210158, 0.006770755141, 0.059964311716],
      [0.030785897436, 0.0060512166479, 0.0095952840545, 0.94455028261, 0.0090173192548],
      [0.024408209779, 0.72733399703, 0.14496513522, 0.10326591348, 2.6744497069e-05],
      [0.0095567632242, 0.0036186116435, 0.36852833294, 0.30500006905, 0.31329622314]
    ],
    [
      [0.52148539836, 0.0039760901426, 0.063979158474, 0.23923805707, 0.17132129596],
      [0.0027374678305, 0.06058234135, 0.38805055566, 0.44489068098, 0.10373895418],
      [0.0018398164193, 0.0021963964934, 0.55554794313, 0.0034723817674, 0.43694346219],
      [0.057704196295, 0.0018924121981, 0.0080683007492, 0.83972429895, 0.092610791811],
      [0.079822512095, 0.53251915129, 0.23216265975, 0.15500583816, 0.00048983869586],
      [0.0031421521599, 0.00020774253323, 0.060525223376, 0.046514980068, 0.88960990186]
    ],
    [
      [0.122919975, 0.00035886073883, 0.0039519530213, 0.0085616167774, 0.86420759447],
      [0.00066318016739, 0.054803739435, 0.49725571027, 0.070554949105, 0.37672242102],
      [9.7958456599e-09, 1.4648530363e-09, 7.8647129904e-09, 1.2355435951e-08, 0.99999996852],
      [0.020084113585, 0.0011467884038, 0.0039470687036, 0.28648695393, 0.68833507538],
      [0.0052866769437, 0.93957106131, 0.045872430562, 0.0089182682999, 0.00035156288524],
      [0.0084551438366, 0.0026063894842, 0.40587664966, 0.10028456725, 0.48277724977]
    ],
    [
      [0.35858207505, 0.01012718545, 0.29429620575, 0.2228339986, 0.11416053514],
      [0.00087155081714, 0.062990879578, 0.7452862401, 0.16274498681, 0.028106342689],
      [0.0005221750654, 0.0019223680327, 0.89985868746, 0.0011524763906, 0.09654429305],
      [0.049099262856, 0.0051100240362, 0.037989301777, 0.84185729975, 0.065944111579],
      [0.022598834903, 0.55304607004, 0.3721636462, 0.052074059445, 0.00011738940451],
      [0.0030130514427, 0.00063119642418, 0.34316285871, 0.052152497043, 0.60104039638]
    ],
    [
      [0.29686445926, 0.012933155616, 0.19159072704, 0.46859478426, 0.030016873827],
      [0.00085202061147, 0.08828733191, 0.5082561912, 0.39432648988, 0.0082779664035],
      [0.00078184566542, 0.0042952283245, 0.94784533984, 0.0042655509343, 0.042812035235],
      [0.022818741333, 0.003610037621, 0.014245185743, 0.94952398177, 0.0098020535283],
      [0.021784691626, 0.58385650576, 0.27060668147, 0.12371665495, 3.5466200099e-05],
      [0.0056284688472, 0.0017495163291, 0.45843086787, 0.24169574761, 0.29249539934]
    ],
    [
      [0.42011024518, 0.01133105142, 0.11225589738, 0.38831961394, 0.067983192087],
      [0.0017030922471, 0.10670314298, 0.40807054179, 0.45748141919, 0.026041803789],
      [0.0017537597834, 0.0058360975573, 0.83519082398, 0.0055604236556, 0.15165889503],
      [0.038296357382, 0.0037311564885, 0.0099270874056, 0.92187088569, 0.026174513036],
      [0.040962603758, 0.61791458768, 0.20603840564, 0.13497934178, 0.00010506114213],
      [0.0070930408658, 0.0013426657409, 0.23169943798, 0.17685314212, 0.58301171328]
    ],
    [
      [0.027422159587, 0.011118736949, 0.78272577397, 0.12845279074, 0.05028053876],
      [3.0148413173e-05, 0.028076886546, 0.93634689092, 0.030213316614, 0.0053327575033],
      [1.817034759e-05, 0.00080202169913, 0.98327703417, 0.00023005326304, 0.015672720519],
      [0.0073414785158, 0.0076367508908, 0.12198822187, 0.82644003953, 0.036593509187],
      [0.0011750170871, 0.40095605751, 0.58186915021, 0.01597072783, 2.9047364184e-05],
      [0.00018404352231, 0.0004982401723, 0.76455816284, 0.017586214708, 0.21717333876]
    ],
    [
      [0.32955997857, 0.013693954271, 0.2078783824, 0.41130513954, 0.037562545223],
      [0.00098393546367, 0.092984592566, 0.5448064335, 0.35077823659, 0.010446801884],
      [0.00086507800228, 0.004332485268, 0.9400724637, 0.0036496667542, 0.051080306271],
      [0.029255434949, 0.0043270146493, 0.017632957742, 0.93487143807, 0.013913154591],
      [0.025335448163, 0.56936141103, 0.29404028894, 0.11121758714, 4.5264730213e-05],
      [0.0060867363994, 0.0017453328725, 0.46009452088, 0.201749488, 0.33032392185]
    ],
    [
      [0.32630153351, 0.01503751833, 0.1134685367, 0.51412118749, 0.03107122397],
      [0.0011599859172, 0.12054350812, 0.34891995469, 0.51918482545, 0.010191725825],
      [0.0015390063123, 0.0084532679661, 0.90678128933, 0.0081595312628, 0.075066905125],
      [0.023862193453, 0.0039022402135, 0.0079283135017, 0.95484862598, 0.0094586268552],
      [0.026591138564, 0.65829462744, 0.16835465056, 0.14672016072, 3.9422720861e-05],
      [0.0077799544032, 0.0024500830064, 0.3194964644, 0.3238519821, 0.34642151609]
    ],
    [
      [0.60289995549, 0.0064206716933, 0.17826339885, 0.20766613738, 0.0047498365907],
      [0.00049111364792, 0.050350724901, 0.80002520459, 0.14738014515, 0.0017528117026],
      [0.00025226722009, 0.0014050885318, 0.99299494537, 0.0009099613975, 0.0044377374837],
      [0.034594836674, 0.0035907261438, 0.026713525773, 0.93167756148, 0.00342334993],
      [0.01084679149, 0.67058375807, 0.27793762718, 0.040626162712, 5.6605482576e-06],
      [0.0038148111051, 0.0011412934927, 0.83343950198, 0.10740174185, 0.054202651572]
    ],
    [
      [0.70845449563, 0.0048899317661, 0.10169804825, 0.16722851419, 0.017729010167],
      [0.0024130749834, 0.066037908427, 0.69500930206, 0.22699705819, 0.0095426563435],
      [0.0013039062103, 0.0018638167514, 0.96554921771, 0.0014422390242, 0.029840820302],
      [0.095318374307, 0.0031717651196, 0.01611052407, 0.87213741056, 0.013261925942],
      [0.027158801004, 0.8277191125, 0.11338173204, 0.031724916702, 1.543775251e-05],
      [0.012922534342, 0.00098807877405, 0.4728102987, 0.1128048737, 0.40047421448]
    ],
    [
      [0.38542938302, 0.038146688679, 0.12786688093, 0.42941108142, 0.019145965955],
      [0.0011355505087, 0.27222410703, 0.34706802213, 0.37409149956, 0.0054808207705],
      [0.0015078004061, 0.018932262354, 0.93261313528, 0.0058796742571, 0.041067127703],
      [0.03186314416, 0.011534827064, 0.010397682913, 0.93938532306, 0.0068190228025],
      [0.014010242439, 0.83966699992, 0.089646933782, 0.056664458, 1.1365859291e-05],
      [0.010081312465, 0.0071598090066, 0.42308639612, 0.30893947568, 0.25073300673]
    ],
    [
      [0.32627729954, 0.0069132589138, 0.049013692317, 0.61169672032, 0.0060990289101],
      [0.0010578681055, 0.074709294016, 0.20417616511, 0.71748350197, 0.002573170803],
      [0.001406043655, 0.0057018885566, 0.95749685542, 0.011147818585, 0.02424739378],
      [0.015973179786, 0.0015110748028, 0.0029454280761, 0.97797229645, 0.001598020882],
      [0.0096673601009, 0.87231318236, 0.038434953193, 0.079580580661, 3.9236836196e-06],
      [0.0092666546754, 0.0018896928095, 0.28514331496, 0.58193088805, 0.12176944951]
    ],
    [
      [0.36388315772, 0.013354860966, 0.099966591167, 0.47899375529, 0.043801634861],
      [0.0014184510823, 0.11717638036, 0.3358644561, 0.52978248757, 0.015758224895],
      [0.0018749137116, 0.0081750661198, 0.86602049953, 0.008300760519, 0.11562876011],
      [0.028356994874, 0.0036896923057, 0.0074423044753, 0.94631447373, 0.01419653461],
      [0.032996846168, 0.6504892452, 0.1644665459, 0.15198546183, 6.1900901904e-05],
      [0.0080575483101, 0.0020185470453, 0.26094110792, 0.27994527537, 0.44903752136]
    ],
    [
      [0.31267062521, 0.016794079098, 0.17257042312, 0.42714530775, 0.070819564821],
      [0.00098705007504, 0.12040381416, 0.47391848149, 0.38395113883, 0.020739515448],
      [0.00093620131873, 0.0060087424004, 0.87925971674, 0.0043136945105, 0.10948164503],
      [0.026688913087, 0.0050911722479, 0.014066028645, 0.92899672737, 0.025157158646],
      [0.022009106538, 0.65059995269, 0.2217729061, 0.10554011478, 7.7919885502e-05],
      [0.0047663189057, 0.0017560015476, 0.31288205657, 0.17240195019, 0.50819367279]
    ],
    [
      [0.33590908916, 0.024745826306, 0.14084706436, 0.45381303068, 0.044684989493],
      [0.0010738086621, 0.17970129242, 0.39218753841, 0.41378442886, 0.013252931646],
      [0.0012516390768, 0.011059383914, 0.89595500629, 0.0057114098745, 0.086022560847],
      [0.02724166646, 0.0071405741974, 0.01093785667, 0.93955781268, 0.015122089998],
      [0.018791762615, 0.74769668422, 0.14426856848, 0.089203894133, 3.9090556207e-05],
      [0.0066564087712, 0.0033693847301, 0.33209875134, 0.2385566493, 0.41931880586]
    ],
    [
      [1, 1.5642060681e-205, 2.4703282292e-323, 1.0206771583e-133, 4.1560832425e-163],
      [0.001824268669, 0.065148736519, 0.27155158804, 0.64838982364, 0.013085583136],
      [0.0017156413844, 0.0035172142635, 0.91669324722, 0.0055813753773, 0.072492521757],
      [0.057775983468, 4.7528554492e-06, 1.336385274e-05, 0.9421839987, 2.1901123235e-05],
      [0.40116363933, 3.7527410729e-05, 0.00095477887568, 0.59784327206, 7.8232057408e-07],
      [0.011521022862, 0.0012768951405, 0.23492674328, 0.32970381917, 0.42257151955]
    ],
    [
      [0.34241723941, 0.027574331436, 0.12334256747, 0.47248198131, 0.034183880365],
      [0.0011108484547, 0.20345570207, 0.34794849135, 0.43720452664, 0.010280431479],
      [0.0014693977314, 0.014170209375, 0.90186608653, 0.0068472495194, 0.075647056848],
      [0.026835771976, 0.0076925452404, 0.0092656631882, 0.94501905844, 0.011186961154],
      [0.017788370846, 0.77873036086, 0.11718039035, 0.086273111721, 2.7766219297e-05],
      [0.0078082583955, 0.0043151322253, 0.33407173166, 0.28575953034, 0.36804534737]
    ],
    [
      [0.37055120087, 0.017224124789, 0.15779069768, 0.42544476433, 0.028989212335],
      [0.0011449712161, 0.13229529709, 0.46613938749, 0.39166210795, 0.0087582362519],
      [0.0011074339279, 0.0066666338873, 0.9397614135, 0.0044567454701, 0.048007773213],
      [0.030541148687, 0.005214487159, 0.012701329979, 0.94123044724, 0.010312586936],
      [0.021966923316, 0.70104733916, 0.18489782613, 0.09205984777, 2.806362991e-05],
      [0.0076704739603, 0.0025879825099, 0.42510789896, 0.24346039, 0.32117325457]
    ],
    [
      [0.2390277708, 0.0058461262881, 0.12214768067, 0.625446062, 0.0075323602347],
      [0.00064706758671, 0.043477650236, 0.40898159782, 0.54442793474, 0.0024657496181],
      [0.00052261741873, 0.0022575923186, 0.9808193885, 0.0048966511865, 0.011503750572],
      [0.012121776111, 0.0011646878747, 0.0062988510353, 0.97860112263, 0.0018135623488],
      [0.02052827989, 0.49584092266, 0.28069633084, 0.20292134966, 1.3116949529e-05],
      [0.0053352760593, 0.0011560081481, 0.49146809228, 0.40975167544, 0.09228894807]
    ],
    [
      [0.4204918758, 0.028704174219, 0.12233761957, 0.39563009983, 0.032836230583],
      [0.001408210882, 0.2275911412, 0.37135617383, 0.38909499205, 0.010549482044],
      [0.0017248674114, 0.014685857109, 0.90515355442, 0.0056330993459, 0.072802621712],
      [0.037562981359, 0.009345248289, 0.010712135255, 0.92983846458, 0.012541170517],
      [0.020366273042, 0.79798805169, 0.11255806017, 0.069061988802, 2.5626294289e-05],
      [0.009753474357, 0.0047271238295, 0.35211921145, 0.25041684146, 0.3829833489]
    ],
    [
      [0.31898285602, 0.023323294814, 0.13057269253, 0.49828551376, 0.028835642877],
      [0.0010326601111, 0.16952925999, 0.36380057786, 0.45704462903, 0.0085928730096],
      [0.0013386638511, 0.011606281434, 0.91833575829, 0.0070231847392, 0.061696111687],
      [0.024044655629, 0.0062255185846, 0.0093899888746, 0.95130961355, 0.009030223366],
      [0.019023661664, 0.7360309049, 0.1410462379, 0.10387246762, 2.6727909932e-05],
      [0.0075376736369, 0.0037548784829, 0.36265813391, 0.31036328788, 0.3156860261]
    ],
    [
      [0.29816554995, 0.018127329599, 0.15059692169, 0.50506069148, 0.028049507278],
      [0.00092183456273, 0.12923297027, 0.41290277713, 0.44881441046, 0.0081280075775],
      [0.0010451561601, 0.0077594313011, 0.93363033135, 0.0060173544552, 0.051547726732],
      [0.021873449535, 0.0047556418474, 0.010605086686, 0.954128036, 0.0086377859342],
      [0.019775542353, 0.67578633429, 0.18600327129, 0.11840549957, 2.9352500898e-05],
      [0.0065200126664, 0.0027550318358, 0.39927641315, 0.29512260651, 0.29632593584]
    ],
    [
      [0.18828860644, 0.010816288234, 0.11993155188, 0.38531601341, 0.29564754005],
      [0.0006448429913, 0.097043615298, 0.41222392459, 0.39308541001, 0.097002207118],
      [0.00041864386592, 0.0031875289688, 0.59013068215, 0.0029606349716, 0.40330251004],
      [0.015453927141, 0.0032429544197, 0.0093479544995, 0.87210311949, 0.099852044451],
      [0.011742542877, 0.74858668879, 0.15223860669, 0.087145795191, 0.00028636645174],
      [0.00068694522469, 0.00028496656611, 0.0572741929, 0.038432427183, 0.90332146813]
    ],
    [
      [0.30181223192, 0.016126956781, 0.14331522467, 0.51633948403, 0.0224061026],
      [0.00086558186394, 0.11791152849, 0.40642394179, 0.46807969985, 0.0067192480096],
      [0.00098121032205, 0.0071467467073, 0.94203924993, 0.0062353930395, 0.043597399999],
      [0.019713169247, 0.0040998373338, 0.0098001721178, 0.95968110639, 0.0067057149134],
      [0.019663456616, 0.6599440354, 0.19195802922, 0.12840909593, 2.5382837451e-05],
      [0.0063710188422, 0.0026185655931, 0.4129128842, 0.31963256549, 0.25846496587]
    ],
    [
      [0.40477846889, 0.030209306488, 0.15534987593, 0.35188342632, 0.057778922371],
      [0.0012599045776, 0.22271957331, 0.43852860698, 0.32027294345, 0.01721897169],
      [0.0012795513674, 0.011872631067, 0.88413938268, 0.0038449444771, 0.098863490408],
      [0.039893569868, 0.01079306507, 0.014891522196, 0.91028062677, 0.024141216101],
      [0.018347267449, 0.79086767173, 0.13343757051, 0.057305455771, 4.2034545636e-05],
      [0.0068717767437, 0.0036350836236, 0.32774439159, 0.16223724003, 0.49951150802]
    ],
    [
      [0.11593825634, 0.052899751331, 0.13157635964, 0.6909958604, 0.0085897722924],
      [0.00026177647128, 0.29547474265, 0.27436137936, 0.42804948457, 0.0018526169399],
      [0.00037650293325, 0.022666594021, 0.95422722687, 0.0069716979936, 0.015757978178],
      [0.006169599459, 0.009738778788, 0.0063936987564, 0.97581823833, 0.0018796846672],
      [0.0026371567477, 0.88561746647, 0.059883080595, 0.051859089878, 3.2063048883e-06],
      [0.0029224768793, 0.0094189644064, 0.43937260536, 0.44451708383, 0.10376886953]
    ],
    [
      [0.50020110298, 0.0025951883858, 0.046366030424, 0.4141346691, 0.036703009111],
      [0.002755059321, 0.034608729578, 0.2437036068, 0.69879595418, 0.020136650117],
      [0.0043051369867, 0.0029735799898, 0.79649179668, 0.012789776041, 0.1834397103],
      [0.041569055974, 0.00081904376535, 0.0039397194857, 0.94016857535, 0.013503605424],
      [0.11000445668, 0.3454900776, 0.20654360535, 0.33782786305, 0.0001339973215],
      [0.012749750781, 0.00049049518492, 0.15355455152, 0.29883282885, 0.53437237367]
    ],
    [
      [0.32094632016, 0.021185440353, 0.10921014412, 0.51791807552, 0.030740019844],
      [0.0011004953967, 0.16326195415, 0.3226520536, 0.50328258713, 0.0097029097345],
      [0.001572351734, 0.012331190175, 0.90067747469, 0.008521449397, 0.076897534002],
      [0.02334204876, 0.0054564295567, 0.0075778867193, 0.95433330204, 0.0092903329276],
      [0.020895243135, 0.73221397627, 0.12901458976, 0.11784508966, 3.1101172516e-05],
      [0.0077785087674, 0.0034999767375, 0.31145348937, 0.33094127393, 0.3463267512]
    ],
    [
      [0.59071611211, 0.0068415390242, 0.069375136277, 0.30946367954, 0.023603533045],
      [0.0034411143368, 0.093235728218, 0.36435061081, 0.52588710092, 0.013085445714],
      [0.004204740674, 0.0060267634538, 0.89228494439, 0.0075874163914, 0.089896135086],
      [0.066724622398, 0.0028068689809, 0.007647964426, 0.91147082681, 0.011349717388],
      [0.084348972129, 0.57005862211, 0.18727180024, 0.15826671075, 5.3894771336e-05],
      [0.020194743772, 0.0016476444624, 0.29196951714, 0.28654658784, 0.39964150679]
    ],
    [
      [0.30863595708, 0.024255811372, 0.18670966992, 0.43161468619, 0.048783875436],
      [0.00090381504378, 0.15895852943, 0.46971507111, 0.3572939319, 0.013128652515],
      [0.00090526913565, 0.0084136681687, 0.91366951221, 0.004244027679, 0.072767522807],
      [0.026417086598, 0.0073344645402, 0.015204646562, 0.93374147152, 0.017302330778],
      [0.017229416813, 0.71037454836, 0.18829632108, 0.084057472936, 4.2240807124e-05],
      [0.0054864669865, 0.0029326127549, 0.38934121584, 0.20182775194, 0.40041195248]
    ],
    [
      [0.31275587789, 0.020533276078, 0.18262278589, 0.43777868779, 0.046309372345],
      [0.00094660432181, 0.13866963654, 0.47335755042, 0.37416481018, 0.012861398532],
      [0.00094573324122, 0.0073216470432, 0.91629570804, 0.0044337618087, 0.07100314987],
      [0.026502523767, 0.0061444181631, 0.01472502322, 0.93637325069, 0.016254784156],
      [0.019743413256, 0.67617673242, 0.20770446832, 0.09633009113, 4.5294869904e-05],
      [0.0057308915111, 0.0025543170671, 0.39130639039, 0.21078820372, 0.38962019731]
    ],
    [
      [0.33920154491, 0.026465686805, 0.22323242759, 0.34618786516, 0.064912475541],
      [0.0009324962893, 0.16724591824, 0.54122570801, 0.27378072748, 0.016815149982],
      [0.00080153932466, 0.0075723568239, 0.90832257786, 0.0027844987691, 0.080519027225],
      [0.034363513266, 0.0096046839332, 0.02177074106, 0.90668919158, 0.027571870157],
      [0.016815820057, 0.71792334121, 0.20444048016, 0.060769371613, 5.0986956515e-05],
      [0.0050028038585, 0.0027155757703, 0.39806301368, 0.13646940978, 0.4577491969]
    ],
    [
      [0.37642932092, 0.021293954054, 0.17467518937, 0.38312097167, 0.044480563986],
      [0.0012069214726, 0.15351702638, 0.48358412346, 0.34852633268, 0.013165596016],
      [0.0011756978562, 0.0079014726938, 0.91584694516, 0.004024122874, 0.071051761414],
      [0.035755214257, 0.0071678746666, 0.015831331546, 0.92368675014, 0.017558829388],
      [0.023334689466, 0.69702838722, 0.1964836548, 0.08311033552, 4.2932984906e-05],
      [0.0072500396367, 0.0028011128019, 0.39676717458, 0.19476163455, 0.39842003843]
    ],
    [
      [0.29150253025, 0.027138359571, 0.11295454799, 0.52908590933, 0.039318652853],
      [0.00092021579813, 0.19774595457, 0.31267367768, 0.47711347065, 0.0115466813],
      [0.0013036590241, 0.014668627354, 0.88409065695, 0.0079865860657, 0.091950470604],
      [0.020519573006, 0.0067964395184, 0.0076066341358, 0.95352634746, 0.011551005878],
      [0.014706271885, 0.78626831064, 0.10514707584, 0.093847234541, 3.1107089138e-05],
      [0.0062011837908, 0.0039756129879, 0.28858064996, 0.29883140447, 0.4024111488]
    ],
    [
      [0.30339780023, 0.022351757309, 0.15626911954, 0.47970978079, 0.038271542124],
      [0.00093445387661, 0.15470445714, 0.4148429314, 0.41865902356, 0.010859134019],
      [0.0010587979254, 0.009258439063, 0.91585982525, 0.0056238286633, 0.068199109097],
      [0.023623321521, 0.0061606048281, 0.011598576947, 0.94624387583, 0.012373620869],
      [0.018197535033, 0.71126828772, 0.16991885676, 0.10057962872, 3.569176908e-05],
      [0.0061593463391, 0.0030938768114, 0.37349061876, 0.25674704782, 0.36050911027]
    ],
    [
      [0.17016180051, 0.028319868173, 0.16348577094, 0.59030746306, 0.047725097317],
      [0.00044349279935, 0.17075354045, 0.37820944309, 0.43899706783, 0.011596455818],
      [0.00052273916441, 0.010689578239, 0.90462840987, 0.0060941568742, 0.078065115853],
      [0.010738765385, 0.0063436243662, 0.0097950286632, 0.96063481974, 0.012487761848],
      [0.007926621811, 0.75347408357, 0.14237699046, 0.096187453016, 3.4851147607e-05],
      [0.0028342194836, 0.0032778647782, 0.33227158892, 0.26074985253, 0.40086647428]
    ],
    [
      [0.41678729389, 0.014881983356, 0.077931266969, 0.47138114293, 0.019018312854],
      [0.0016968663968, 0.14276879627, 0.28619593685, 0.56192502588, 0.0074133746157],
      [0.0026683658646, 0.011904117275, 0.90910775744, 0.010413817105, 0.065905942311],
      [0.032089405293, 0.0041698884215, 0.0058804240569, 0.95159755562, 0.0062627266034],
      [0.034030846516, 0.70696124258, 0.12100277857, 0.13798009827, 2.5034067347e-05],
      [0.012875947759, 0.0032557496807, 0.29835643301, 0.39588550536, 0.28962636419]
    ],
    [
      [0.32795432504, 0.014649664782, 0.13691606126, 0.48601630848, 0.034463640438],
      [0.0011096788061, 0.11282689138, 0.40530384862, 0.46991383545, 0.010845745744],
      [0.0012727034834, 0.0068485417096, 0.91615845837, 0.0063780117186, 0.069342284721],
      [0.025065489041, 0.0039898361618, 0.010026210113, 0.94991070232, 0.011007762369],
      [0.026092613469, 0.63750498788, 0.20032441008, 0.13603501517, 4.2973394397e-05],
      [0.0071173635831, 0.0021903895959, 0.35515905586, 0.28021521872, 0.35531797224]
    ],
    [
      [0.10293703419, 0.0001162042025, 0.001969892297, 0.88818462378, 0.0067922455265],
      [0.00031144188086, 0.00046422018448, 0.0045123593646, 0.99245437586, 0.0022576027138],
      [0.0028300809667, 0.00099680148308, 0.60717404213, 0.091701763489, 0.29729731193],
      [0.003533318004, 2.2764093552e-05, 0.00013445751872, 0.99484475947, 0.0014647009108],
      [0.028590130179, 0.03217011822, 0.026539520879, 0.91265375288, 4.6477838687e-05],
      [0.0026066032516, 2.8570777211e-05, 0.0080816293903, 0.71435492618, 0.2749282704]
    ],
    [
      [0.52813421749, 0.0042660606753, 0.041570211747, 0.30000797262, 0.12602153747],
      [0.0014228113874, 0.073023189768, 0.30945839936, 0.53346509896, 0.082630500529],
      [0.00089050999796, 0.002636139573, 0.58462187574, 0.0039129369442, 0.40793853774],
      [0.02711063456, 0.0017379561282, 0.0047457116541, 0.90775500301, 0.058650694644],
      [0.012699791656, 0.87489636113, 0.055222773507, 0.057065085695, 0.00011598800856],
      [0.001285336322, 0.00019040821017, 0.03992638113, 0.044524148463, 0.91407372587]
    ],
    [
      [0.28309339772, 0.019909169644, 0.11580955439, 0.54369380908, 0.037494069167],
      [0.00093208501591, 0.14823703316, 0.33056935876, 0.50885102557, 0.011410497499],
      [0.001279314119, 0.01076384861, 0.89239558869, 0.0082705739745, 0.087290674604],
      [0.019596474685, 0.0048902296851, 0.0076576902533, 0.95705297387, 0.010802631505],
      [0.018819896951, 0.71396693417, 0.14059035965, 0.12658393494, 3.8874291243e-05],
      [0.0061339107268, 0.0029537424611, 0.29741427195, 0.31146270293, 0.38203537193]
    ],
    [
      [0.35198411608, 0.018067761226, 0.14794223544, 0.44961699653, 0.032388890726],
      [0.0011393399195, 0.13639675543, 0.42925010764, 0.4232715841, 0.0099422129158],
      [0.0012372034583, 0.007827241345, 0.92502787448, 0.0054289904597, 0.060478690257],
      [0.028333925982, 0.0052591222002, 0.011566785359, 0.94378455161, 0.011055614852],
      [0.023518485611, 0.68345094442, 0.1857316194, 0.10726446642, 3.4484159785e-05],
      [0.0075366837147, 0.0027177569298, 0.38804062608, 0.26008809707, 0.34161683621]
    ],
    [
      [0.35834716068, 0.023709547153, 0.080734297075, 0.51026714837, 0.026941846719],
      [0.0013200349779, 0.19729719373, 0.25725346188, 0.53494532824, 0.0091839811656],
      [0.0023032068607, 0.018203041935, 0.87924849765, 0.011048127945, 0.089197125609],
      [0.026308898277, 0.0061882291435, 0.0056800463014, 0.95357048556, 0.0082523407156],
      [0.022005664279, 0.77774806721, 0.090388496986, 0.10983191981, 2.5851707217e-05],
      [0.0099067735332, 0.0044888565817, 0.2641378485, 0.37335347773, 0.34811304365]
    ],
    [
      [0.30655128905, 0.037898316371, 0.15737253277, 0.46371701385, 0.034460847965],
      [0.00085123165361, 0.24033090772, 0.38190300701, 0.3679999018, 0.0089149518105],
      [0.001041714447, 0.015495969553, 0.9172819521, 0.005327596673, 0.060852767224],
      [0.024287016537, 0.010702174687, 0.011955762007, 0.94164613733, 0.011408909437],
      [0.012035142388, 0.81041711738, 0.11346084318, 0.06406565068, 2.1246375071e-05],
      [0.0063753552135, 0.0054328065247, 0.39142060038, 0.25627007729, 0.34050116059]
    ],
    [
      [0.52515074885, 0.012492149114, 0.11016672227, 0.32177776826, 0.030412611503],
      [0.0023680607913, 0.12912744749, 0.43784589166, 0.41780153051, 0.012857069547],
      [0.0025060490345, 0.0072239960465, 0.90920701303, 0.0052289415321, 0.075834000353],
      [0.057721906626, 0.0049265466131, 0.011688623678, 0.91159952881, 0.014063394275],
      [0.049922229165, 0.6479606586, 0.19371922015, 0.10835227417, 4.5617909957e-05],
      [0.01415616404, 0.0023363794439, 0.3573848066, 0.23205650354, 0.39406614637]
    ],
    [
      [0.35362924309, 0.032471954238, 0.17062824129, 0.40359555071, 0.039675010682],
      [0.0010431446295, 0.21564409539, 0.434535897, 0.33796869785, 0.010808165129],
      [0.0011326191736, 0.012358122839, 0.9171571039, 0.0043504924466, 0.06500166164],
      [0.032018114544, 0.010424926998, 0.01475474819, 0.92786048413, 0.014941726134],
      [0.016044607599, 0.77931870046, 0.14048732407, 0.064121321186, 2.8046675511e-05],
      [0.0071022785275, 0.0044552041744, 0.40416244468, 0.21410084355, 0.37017922906]
    ],
    [
      [0.30550346704, 0.026112641768, 0.10866665649, 0.51301451796, 0.046702716742],
      [0.0010090335569, 0.19467937934, 0.30978733807, 0.48033353416, 0.014190714875],
      [0.0014354481028, 0.014590373571, 0.86369592343, 0.0080988308638, 0.11217942403],
      [0.02230597227, 0.0067501899362, 0.0075658763781, 0.94921459063, 0.014163370784],
      [0.016831620615, 0.77551756921, 0.10877309564, 0.098837767689, 3.9946841186e-05],
      [0.0062758477564, 0.0036553380009, 0.26282604026, 0.2779401741, 0.44930259988]
    ],
    [
      [0.36481646449, 0.015861269957, 0.067564207648, 0.50020691867, 0.051551139239],
      [0.0011214818515, 0.14391372982, 0.23352081938, 0.60352631958, 0.017917649363],
      [1.9343053363e-76, 1.4611443926e-14, 0.53125074015, 3.3789062678e-21, 0.46874925985],
      [0.012221187837, 0.0023348919451, 0.0027563017941, 0.97372441713, 0.0089632012929],
      [0.014271828976, 0.86880462269, 0.057059329961, 0.059825600503, 3.8617874489e-05],
      [0.0066759394047, 0.0024224255853, 0.1979417067, 0.26543924316, 0.52752068515]
    ],
    [
      [0.37652271547, 0.018042934119, 0.12017551002, 0.4559594237, 0.029299416691],
      [0.0013772146395, 0.14622236709, 0.37366161449, 0.46895935282, 0.0097794509569],
      [0.0017434457988, 0.0097835234389, 0.91321548981, 0.0070452994437, 0.068212241513],
      [0.03104727332, 0.0052376677469, 0.0094076667699, 0.94432668271, 0.0099807094517],
      [0.02809549792, 0.69317048583, 0.1605156692, 0.11818462837, 3.3718686276e-05],
      [0.0094913329733, 0.003070573338, 0.35141306114, 0.30081447397, 0.33521055858]
    ],
    [
      [0.42359825284, 0.019226467729, 0.12838352596, 0.37654624691, 0.052245506565],
      [0.0015879610076, 0.16253170723, 0.41626202765, 0.40150980046, 0.018108503655],
      [0.0017163734095, 0.0092744669761, 0.87531322452, 0.0051443572115, 0.10855157788],
      [0.040708851692, 0.0065636788051, 0.011806690588, 0.92000428636, 0.020916492553],
      [0.029634111078, 0.71460690077, 0.16330402564, 0.092397963096, 5.6999410299e-05],
      [0.0084576487441, 0.0026263885483, 0.30275519276, 0.19891426973, 0.48724650022]
    ],
    [
      [0.46719793976, 0.019253980217, 0.11997923967, 0.35076717102, 0.042801669327],
      [0.0018742178656, 0.17243611095, 0.41215640384, 0.39776972654, 0.015763540806],
      [0.0020814017241, 0.010115192695, 0.88589307614, 0.0052407982188, 0.096669531218],
      [0.048243586839, 0.0070291400046, 0.011808755227, 0.91458460664, 0.018333911292],
      [0.033634374388, 0.7225637968, 0.15563147629, 0.088122578798, 4.7773726052e-05],
      [0.010743981628, 0.0030070130028, 0.32252106129, 0.212190141, 0.45153780308]
    ],
    [
      [0.27751995778, 0.012736732933, 0.16575283944, 0.50325699882, 0.040733471024],
      [0.00085714819704, 0.090030934704, 0.45069580986, 0.44663140717, 0.01178470007],
      [0.00088876120142, 0.0049403283995, 0.92046005215, 0.0054826330516, 0.068228225196],
      [0.02042372834, 0.0033563728633, 0.011734382448, 0.95191302584, 0.012572490504],
      [0.022735218448, 0.58041695022, 0.25096090751, 0.14583427415, 5.264966782e-05],
      [0.0052130819387, 0.0016588258383, 0.37490617903, 0.25249417161, 0.36572774158]
    ]
  ],
  "expected_outcome": [
    [
      [0.53641759348, 12.6170818937, 1.4194142234, 7.8309305189, 19.6830335918, 19.9176441108, 2.6074269918, 0.122919975, 3.5858207505, 2.9686445926, 7.5619844132, 0.054844319173, 9.2276793999, 13.0520613405, 0, 2.1253634869, 1.1562881491, 0, 13.0997936778, 10.6308012571, 9.4054544964, 0, 13.0118550976, 3.3349608078, 0.4780555416, 4.6254106338, 15.949142801, 3.8761521494, 1.1297316386, 0, 5.6668985645, 0.34781476903, 3.5014077209, 13.1587991266, 14.1771866907, 14.5058899826, 23.4566908416, 9.8368448023, 20.7036126508, 7.2875632562, 10.9223208084, 1.020970803, 5.8350221145, 8.198858126, 0, 0, 6.5111481476, 5.6317458572, 14.3338864272, 9.1965386716, 22.0563314517, 15.2060574527, 10.0816144122, 0, 185.2491760097, 19.9091178836, 39.7118248797, 3.6077594512],
      [0.012299242823, 0.57553547026, 0.024700516302, 0.32868413671, 1.1923858682, 1.1043012176, 0.019880450713, 0.00035886073883, 0.1012718545, 0.12933155616, 0.20395892556, 0.022237473898, 0.3834307196, 0.60150073319, 0, 0.014669795298, 0.11444006604, 0, 0.48077499476, 0.57099868934, 0.69288313658, 0, 1.0478245946, 0.1550171231, 0.011692252576, 0.31574591641, 1.1661647407, 0.23565528479, 0.064897729405, 0, 0.42293029083, 0.15869925399, 0.0181663187, 0.86860305446, 0.16419693658, 1.1400231345, 1.5399957059, 0.76750491734, 1.171167473, 0.67845898928, 0.80466326311, 0.16991920904, 0.20834776698, 0.36624161954, 0, 0, 0.45791090181, 0.28908417961, 0.9483818861, 1.1369494911, 0.52467026278, 1.3962940322, 0.86171717833, 0, 8.8771235867, 0.90364398326, 1.6365883184, 0.16557752813],
      [0.10532971264, 3.559582391, 0.21975271373, 4.3186463967, 6.325749174, 6.5033345575, 0.31989579237, 0.0039519530213, 2.9429620575, 1.9159072704, 2.0206061528, 1.5654515479, 5.8205947072, 4.5387414681, 0, 0.30509414474, 0.38360064279, 0, 3.598797282, 5.8673943861, 3.9437178021, 0, 4.687017564, 1.4201162791, 0.24429536134, 1.3457138153, 6.5286346263, 1.957759982, 0.71958931126, 0, 2.1748982631, 0.39472907891, 0.32456221297, 4.477615909, 1.6650032707, 8.7753544865, 13.6967089421, 6.4737404001, 9.6071354153, 2.8238636999, 5.6256883035, 0.98091462565, 1.0910377376, 3.4229015315, 0, 0, 2.663619751, 2.367075767, 3.229371883, 4.721175983, 4.6270023353, 7.3370143753, 3.5859996641, 0, 59.1263509313, 6.03402572, 10.1982353723, 2.1547869127],
      [1.2077573844, 22.2602251511, 1.2840188704, 7.0114334572, 27.7554900718, 24.0728813727, 1.1961902854, 0.0085616167774, 2.228339986, 4.6859478426, 6.9897530508, 0.25690558147, 11.516543907, 20.5648474994, 0, 0.50168554257, 1.2882332442, 0, 17.2437751904, 14.5229404636, 12.7067648591, 0, 17.9543152899, 3.829002879, 1.250892124, 4.3519310981, 24.9142756881, 6.5657889893, 2.3118960804, 0, 4.9263679684, 2.0729875812, 2.8989426837, 21.2346410963, 7.4271283089, 20.285890251, 32.8334015845, 10.0394480895, 21.0716534417, 13.2271477333, 17.2695521086, 3.5418447784, 6.599336001, 12.150407712, 0, 0, 12.5049576088, 7.1938719446, 20.410685935, 13.9115104154, 13.5146662671, 17.3546086805, 16.9294790928, 0, 224.3320364604, 17.6976736046, 29.8152095367, 6.5423409847],
      [0.13819606664, 0.9875750939, 0.05211367624, 0.51030549052, 2.0433412941, 1.4018387415, 0.85660647978, 0.86420759447, 1.1416053514, 0.30016873827, 1.2236974576, 0.10056107752, 1.0517512663, 1.2428489588, 0, 0.053187030501, 0.057437897865, 0, 1.576858855, 2.4078652039, 1.2511797058, 0, 1.2989874539, 0.26090291101, 0.015064720469, 0.36119853642, 1.4417821438, 0.36464359461, 1.7738852403, 0, 0.80890491319, 0.025769316877, 0.25692106378, 1.2603408136, 0.56648479308, 2.2928421455, 3.4732029259, 1.8824617907, 2.4464310192, 0.98296632132, 1.3777755164, 0.2863505839, 0.26625637995, 0.86159101094, 0, 0, 0.86236359083, 0.51822225162, 1.0776738688, 1.033825439, 1.2773296831, 1.7060254593, 1.5411896525, 0, 14.415313012, 2.4555388085, 3.6381418928, 0.52953512332]
    ],
    [
      [0.0017711698171, 0.026755349043, 0.0106789893, 0.055185391939, 0.14763586242, 0.050120776667, 0.016424806983, 0.00066318016739, 0.00087155081714, 0.012780309172, 0.022140199213, 3.0148413173e-05, 0.01869477381, 0.061479253614, 0.00098222729584, 0, 0.015897707121, 0, 0.038298179221, 0.026650352026, 0.034361877186, 0, 0.055542422733, 0.008014798513, 0.00064706758671, 0.030980639404, 0.095004730221, 0.017514856692, 0.0012896859826, 0.011252564231, 0.021418377819, 0.00052355294256, 0.024795533889, 0.058326256028, 0.044734486379, 0.04790219732, 0.098446849468, 0.017717429497, 0.05069070185, 0.012883021174, 0.059805048103, 0.0044349279935, 0.016968663968, 0.031071006571, 0, 0.0014228113874, 0.027962550477, 0.027344158068, 0.042241119292, 0.026388181262, 0.061569580573, 0.062588677771, 0.045406510059, 0, 0.56052635826, 0.10639338751, 0.31861703716, 0.035143076079],
      [0.12300389246, 2.7687689518, 0.55245127566, 5.3331834984, 19.972743642, 6.2737215312, 0.3634940481, 0.054803739435, 0.062990879578, 1.3243099787, 1.3871408588, 0.028076886546, 1.7667072588, 6.3888059301, 0.1007014498, 0, 3.8111374985, 0, 3.1637622698, 3.2509029823, 5.7504413575, 0, 10.1727851035, 0.92606707962, 0.043477650236, 5.0070051064, 15.5966919188, 2.4554264351, 0.1940872306, 1.5328498703, 3.7862327462, 0.59094948531, 0.3114785662, 8.6528835697, 1.2120644668, 8.4248020599, 14.4216422006, 3.1776724465, 6.4477151079, 2.768443364, 9.9010852569, 1.7075354045, 1.4276879627, 3.1591529587, 0, 0.073023189768, 4.4471109948, 3.2735221303, 6.3135101995, 7.4502581393, 3.3573136348, 12.9386457233, 8.7605720704, 0, 59.512503407, 10.8896243842, 29.3141388616, 3.6912683229],
