{
  "X": [
    [1, 1, 14, 22, 2],
    [2, 17, 34, 127, 4],
    [9, 17, 112, 207, 5],
    [55, 68, 552, 807, 34],
    [18, 24, 119, 251, 10],
    [60, 47, 288, 907, 33],
    [2, 3, 13, 14, 2],
    [1, 1, 16, 23, 0],
    [43, 41, 639, 612, 26],
    [30, 52, 257, 560, 21],
    [54, 39, 231, 790, 18],
    [1, 1, 15, 8, 1],
    [265, 227, 2354, 3618, 132],
    [12, 37, 221, 347, 6],
    [4, 28, 114, 144, 6],
    [2, 3, 15, 36, 2],
    [32, 20, 261, 329, 45],
    [0, 0, 10, 20, 0],
    [24, 25, 310, 366, 17],
    [5, 9, 75, 74, 4],
    [3, 7, 68, 53, 2],
    [8, 13, 99, 73, 9],
    [32, 33, 282, 318, 11],
    [23, 14, 140, 240, 11],
    [0, 1, 6, 12, 1],
    [0, 2, 25, 37, 2],
    [26, 16, 231, 220, 8],
    [0, 3, 9, 12, 0],
    [1, 1, 26, 22, 0],
    [5, 12, 35, 84, 5],
    [15, 13, 174, 126, 9],
    [1, 1, 44, 44, 1],
    [10, 7, 86, 142, 4],
    [18, 18, 48, 222, 9],
    [20, 21, 93, 214, 10],
    [16, 20, 98, 199, 5],
    [29, 19, 90, 353, 17],
    [20, 19, 163, 263, 10],
    [1, 4, 14, 25, 0],
    [20, 31, 143, 267, 10],
    [14, 11, 35, 138, 7],
    [11, 13, 228, 162, 11],
    [27, 49, 598, 500, 28],
    [12, 15, 190, 220, 8],
    [21, 13, 69, 161, 9],
    [18, 21, 198, 278, 7],
    [18, 38, 221, 374, 17],
    [36, 31, 258, 407, 11],
    [35, 19, 162, 318, 13],
    [16, 19, 83, 298, 7],
    [28, 15, 122, 192, 6],
    [8, 10, 28, 102, 3],
    [41, 34, 313, 465, 15],
    [21, 24, 164, 265, 15],
    [30, 31, 276, 409, 20],
    [40, 36, 268, 439, 17],
    [28, 12, 187, 318, 13],
    [14, 16, 122, 198, 7],
    [20, 12, 124, 217, 17],
    [20, 16, 135, 248, 5],
    [18, 11, 183, 285, 10],
    [23, 18, 156, 305, 10],
    [2, 1, 16, 12, 0],
    [0, 2, 4, 7, 0],
    [18, 70, 233, 389, 18],
    [116, 231, 667, 1751, 84],
    [101, 132, 552, 1079, 43]
  ],
  "W": [
    [0, 19, 18, 2, 1],
    [23, 96, 46, 4, 15],
    [17, 170, 120, 25, 18],
    [75, 691, 620, 82, 48],
    [43, 197, 134, 29, 19],
    [95, 752, 316, 107, 65],
    [1, 11, 16, 4, 2],
    [2, 16, 21, 1, 1],
    [84, 419, 697, 94, 67],
    [46, 458, 283, 93, 40],
    [69, 661, 265, 79, 58],
    [2, 6, 17, 1, 0],
    [300, 2780, 2726, 528, 262],
    [68, 259, 251, 18, 27],
    [34, 97, 127, 13, 25],
    [4, 30, 18, 4, 2],
    [23, 263, 300, 62, 39],
    [0, 17, 10, 2, 1],
    [29, 283, 370, 41, 19],
    [12, 62, 75, 8, 10],
    [10, 34, 75, 4, 10],
    [18, 45, 104, 22, 13],
    [26, 224, 339, 58, 29],
    [13, 163, 184, 43, 25],
    [0, 14, 6, 0, 0],
    [3, 28, 28, 0, 7],
    [11, 168, 247, 55, 20],
    [3, 8, 11, 1, 1],
    [0, 21, 24, 4, 1],
    [9, 63, 53, 7, 9],
    [13, 73, 207, 27, 17],
    [2, 32, 43, 11, 3],
    [13, 99, 101, 25, 11],
    [27, 181, 59, 22, 26],
    [26, 188, 96, 28, 20],
    [22, 162, 108, 22, 24],
    [37, 303, 99, 45, 24],
    [23, 189, 204, 41, 18],
    [2, 21, 14, 2, 5],
    [53, 191, 168, 30, 29],
    [13, 115, 43, 27, 7],
    [13, 114, 265, 18, 15],
    [67, 331, 670, 69, 65],
    [23, 132, 246, 29, 15],
    [9, 139, 77, 33, 15],
    [29, 215, 225, 34, 19],
    [39, 289, 265, 52, 23],
    [38, 292, 308, 68, 37],
    [23, 253, 210, 43, 18],
    [25, 233, 113, 30, 22],
    [18, 128, 160, 43, 14],
    [8, 75, 39, 18, 11],
    [28, 355, 378, 76, 31],
    [22, 209, 194, 40, 24],
    [32, 283, 332, 71, 48],
    [43, 317, 328, 74, 38],
    [23, 231, 233, 48, 23],
    [19, 151, 143, 23, 21],
    [14, 163, 149, 33, 31],
    [17, 177, 149, 50, 31],
    [16, 190, 213, 55, 33],
    [30, 211, 197, 48, 26],
    [1, 10, 15, 1, 4],
    [1, 5, 6, 0, 1],
    [78, 312, 276, 19, 43],
    [162, 1588, 797, 132, 170],
    [102, 874, 673, 129, 129]
  ],
  "method": "mvn_pdf",
  "cond_prob": [
    [
      [0.0011705757992, 0.94962843348, 0.0025467293419, 0.028466422367, 0.018187839016],
      [0.018350132051, 0.0056544480255, 0.01565376912, 0.93968558299, 0.020656067818],
      [0.010819980125, 0.010144442596, 0.75531105226, 0.19125732164, 0.03246720338],
      [0.22103723893, 0.010265601839, 0.048338033848, 0.32006712851, 0.40029199688],
      [0.014513370918, 0.68943431711, 0.010303378422, 0.063207876682, 0.22254105687]
    ],
    [
      [0.008791282226, 0.43369634521, 0.023975855025, 0.50737773383, 0.026158783716],
      [0, 0.00030919773454, 0.01969600183, 0.968840677, 0.011154123439],
      [0.0050652568672, 0.015306251522, 0.66924508296, 0.30353458977, 0.0068488188788],
      [0.20429782609, 0.012533753464, 0.059501225718, 0.64724055856, 0.076426636171],
      [0.049840492569, 0.41607189959, 0.035630695977, 0.38467025111, 0.11378666075]
    ],
    [
      [0.01275611845, 0.46630476786, 0.051566787717, 0.44725042706, 0.022121898913],
      [0, 9.9093341886e-05, 0.045427216802, 0.9483215466, 0.0061521432601],
      [0.0058626049233, 0.0078412611176, 0.82555709766, 0.15733104784, 0.003407988458],
      [0.27273098637, 0.01255566996, 0.11976655962, 0.53469745552, 0.060249328533],
      [0.070075485352, 0.43339611084, 0.074429002359, 0.32971764945, 0.092381751999]
    ],
    [
      [0.023569266635, 0.53246098473, 0.0436332769, 0.35987430885, 0.040462162886],
      [0.0013043364001, 0.00012679830772, 0.048793717988, 0.93339646973, 0.016378677574],
      [0.018408188812, 0.0092426382522, 0.81472293372, 0.15018070282, 0.0074455363967],
      [0.4315551677, 0.012805444997, 0.087641482519, 0.37254266373, 0.095455241047],
      [0.1152168278, 0.44161096476, 0.056171346495, 0.23691525161, 0.15008560934]
    ],
    [
      [0.02606662202, 0.39060444316, 0.048203078896, 0.49694722035, 0.038178635578],
      [0.00097837936299, 0, 0.037518519343, 0.94829430374, 0.013208797559],
      [0.018066124017, 0.0054052356626, 0.79096557373, 0.17949617611, 0.0060668904824],
      [0.40649816477, 0.0077904667189, 0.080954335438, 0.42935067177, 0.075406361308],
      [0.13037300642, 0.32914651739, 0.063108246829, 0.33229655839, 0.14507567097]
    ],
    [
      [0.027991071952, 0.31136674865, 0.049715140183, 0.56921025774, 0.041716781479],
      [0.00068369893853, 0, 0.034765060323, 0.95371213721, 0.010839103524],
      [0.018181981452, 0, 0.77448576252, 0.19892266683, 0.0084095891957],
      [0.39330803929, 0.003956814316, 0.076533569872, 0.45089630303, 0.075305273499],
      [0.13841908031, 0.26148891918, 0.064725282877, 0.3788927875, 0.15647393014]
    ],
    [
      [0.0028280891367, 0.92517913209, 0.0048345831059, 0.049669267955, 0.017488927709],
      [0.00065097673055, 0.00046681122995, 0.034696243668, 0.92666588802, 0.037520080349],
      [0.032802870163, 0.016106653169, 0.77315832268, 0.15263588776, 0.025296266234],
      [0.35696068497, 0.039233990577, 0.056426303103, 0.3057579517, 0.24162106966],
      [0.018661252178, 0.82752176568, 0.0086341806623, 0.045899976439, 0.099282825036]
    ],
    [
      [0.014693170605, 0.25087456622, 0.04144045278, 0.6929918104, 0],
      [0.00028002830707, 0.0014448356772, 0.023566521509, 0.97470861451, 0],
      [0.023706467902, 0.01036784273, 0.73351347227, 0.2324122171, 0],
      [0.34365538142, 0.0040007298682, 0.070082803295, 0.58226108542, 0],
      [0.12464199853, 0.25340806952, 0.066189029376, 0.55576090257, 0]
    ],
    [
      [0.02016806545, 0.28644860302, 0.077668435633, 0.57617714812, 0.039537747786],
      [0.00047861858221, 0, 0.052758209446, 0.93764734017, 0.0091158318067],
      [0.0081181178919, 0, 0.8474845421, 0.14032797264, 0.004069367361],
      [0.30335331485, 0, 0.13447255558, 0.49193668472, 0.070237444847],
      [0.10345972462, 0.25281070667, 0.10497038177, 0.3981528169, 0.14060637004]
    ],
    [
      [0.010728633986, 0.57431186816, 0.035449662614, 0.35308891934, 0.026420915903],
      [0, 0, 0.039725872682, 0.94876710141, 0.011507025904],
      [0.0052974391046, 0.0096209837304, 0.7979187298, 0.18008177257, 0.0070810747958],
      [0.27625948319, 0.019324621748, 0.10050056289, 0.51596823383, 0.087947098346],
      [0.057879390828, 0.52654314616, 0.050432823753, 0.25685974698, 0.10828489228]
    ],
    [
      [0.033969046252, 0.31891371973, 0.044147173829, 0.57365119336, 0.029318866834],
      [0, 0, 0.030850500096, 0.96270395236, 0.006445547539],
      [0.023130339536, 0.0029738420216, 0.75136439378, 0.21764008463, 0.0048913400347],
      [0.45094108351, 0.0055782028624, 0.064132594785, 0.42935840536, 0.049989713485],
      [0.17072845231, 0.27183115822, 0.058338363844, 0.38753135681, 0.1115706688]
    ],
    [
      [0.02125676942, 0.43600684687, 0.059836082449, 0.39157078314, 0.091329518117],
      [0.00064518129705, 5.4207039451e-05, 0.054751792636, 0.91877300948, 0.025775809543],
      [0.024624701562, 0.0073032803844, 0.85157071431, 0.086554536788, 0.029946766951],
      [0.53499544682, 0.0035052974857, 0.075114935933, 0.23279325141, 0.15359106834],
      [0.087920582984, 0.15236863819, 0.060244908971, 0.19442157688, 0.50504429297]
    ],
    [
      [0.021690164899, 0.39224403372, 0.049605198427, 0.50066332191, 0.035797281048],
      [0.00060063914276, 0, 0.039290814313, 0.94957771921, 0.010530827338],
      [0.014623582163, 0.0057218547554, 0.79414823983, 0.17982634858, 0.0056799746662],
      [0.35608411511, 0.0086316516197, 0.09009675288, 0.4688825092, 0.076304971185],
      [0.11048425937, 0.34034924338, 0.066682402217, 0.34426852266, 0.13821557237]
    ],
    [
      [0.017052354777, 0.37888230243, 0.054227801988, 0.52818342062, 0.021654120183],
      [0.00063031178325, 0.0011106747069, 0.04169798797, 0.9549312307, 0.0016297948422],
      [0.010545901371, 0.0052054238638, 0.80680011852, 0.17429675287, 0.003151803374],
      [0.30609002825, 0.0088383724258, 0.10568176797, 0.52988194111, 0.049507890239],
      [0.093353606324, 0.35121061451, 0.077912185507, 0.38777699024, 0.089746603416]
    ],
    [
      [0, 0.46553164754, 0.05002811926, 0.45269892038, 0.03174131282],
      [0, 0.00010033074201, 0.04388232315, 0.94786121768, 0.0081561284244],
      [0, 0.0077215338619, 0.82376335652, 0.1645153268, 0.0039997828146],
      [0.2160591717, 0.013595834346, 0.12388309696, 0.5728100726, 0.073651824396],
      [0.047649230714, 0.44019245019, 0.072561282437, 0.33302884576, 0.10656819089]
    ],
    [
      [0.0142878618, 0.49945208888, 0.030922244488, 0.40961578067, 0.045722024166],
      [0.0067869290238, 8.457159517e-05, 0.02175781006, 0.94567268808, 0.025698001241],
      [0.013010232199, 0.0077430906011, 0.77042789801, 0.19953367672, 0.0092851024716],
      [0.33884787562, 0.010144768123, 0.06825406874, 0.46065127767, 0.12210200985],
      [0.074832500015, 0.40984989666, 0.041429140582, 0.27857247165, 0.19531599109]
    ],
    [
      [0.022286507088, 0.33473347614, 0.04479524057, 0.39142237785, 0.20676239836],
      [0.00073287566878, 7.8186482033e-05, 0.051346006256, 0.94784293159, 0],
      [0.028002729531, 0.015415698028, 0.80321812874, 0.15336344371, 0],
      [0.3228160777, 0.0057131887774, 0.064168711774, 0.28885709615, 0.3184449256],
      [0.073826881015, 0.18722153568, 0.03902079669, 0.17426721096, 0.52566357566]
    ],
    [
      [0.0041369224944, 0.00024849620582, 0.095367914457, 0.89409480481, 0.0061518620294],
      [0, 0, 0.041539696407, 0.95846030359, 0],
      [0, 0, 0.86650104937, 0.13349895063, 0],
      [0, 0, 0.19990137186, 0.80009862814, 0],
      [0, 0, 0.22901192371, 0.77098807629, 0]
    ],
    [
      [0.020206985563, 0.47662078176, 0.041942182443, 0.41414426329, 0.047085786951],
      [0.00066880608193, 0.00011090911888, 0.039808169872, 0.94295498107, 0.016457133858],
      [0.016706135439, 0.0085441348264, 0.79205665956, 0.1743240778, 0.0083689923741],
      [0.36962690352, 0.011190679536, 0.083575102436, 0.42518720861, 0.11042010589],
      [0.099408007414, 0.39612959483, 0.054232705174, 0.27373538855, 0.17649430403]
    ],
    [
      [0.020568434991, 0.42366809591, 0.084998391406, 0.43239698141, 0.038368096285],
      [0.00062153839478, 8.7441855644e-05, 0.074383345529, 0.91272830892, 0.012179365305],
      [0.010967331935, 0.0042446210818, 0.89382797033, 0.082172662607, 0.0087874140492],
      [0.35753073745, 0.0086743626188, 0.15320406347, 0.39923068207, 0.081360154389],
      [0.10318476049, 0.3522819972, 0.11055215981, 0.28652859182, 0.14745249069]
    ],
    [
      [0.016740581227, 0.35168702487, 0.072418711361, 0.53487495811, 0.024278724434],
      [0.00042049378145, 6.084461046e-05, 0.052752817638, 0.94035204793, 0.0064137960369],
      [0.0093757148319, 0.0033477422908, 0.85229994344, 0.13073050957, 0.0042460898678],
      [0.29977716673, 0.0074410123657, 0.13392519377, 0.50632750337, 0.052529123769],
      [0.091601011986, 0.32002163133, 0.10240205538, 0.38491825578, 0.10105704552]
    ],
    [
      [0.015315409894, 0.42557342748, 0.069696841923, 0.42301821144, 0.066396109258],
      [0.00047879204861, 9.2110522922e-05, 0.062638935375, 0.91504679408, 0.021743367969],
      [0.0065560347818, 0.007343487027, 0.87326334336, 0.10984126322, 0.0029958716078],
      [0.276674189, 0.0096142520734, 0.13604093147, 0.42429718739, 0.15337344006],
      [0.071855169569, 0.33540747195, 0.085724350123, 0.26542592019, 0.24158708817]
    ],
    [
      [0.018208764454, 0.55276869307, 0.035634143175, 0.36959134881, 0.023797050494],
      [0.00068142425804, 0.00014519397955, 0.038236108922, 0.95152891693, 0.0094083559138],
      [0.017569021796, 0.0098721859534, 0.78534359664, 0.18217037336, 0.0050448222507],
      [0.39006253791, 0.015224507774, 0.083417806879, 0.4459047244, 0.065390423036],
      [0.09635887941, 0.4953723462, 0.049617648876, 0.26310058471, 0.095550540807]
    ],
    [
      [0.022981276049, 0.35642539383, 0.034278594702, 0.54847438264, 0.037840352784],
      [0.00058633259403, 6.3938598242e-05, 0.025096117418, 0.96406758824, 0.010186023151],
      [0.021183448278, 0.0070898641936, 0.71604558587, 0.2457431127, 0.0099379889635],
      [0.36638150337, 0.0072833152218, 0.05942722436, 0.48979256276, 0.077115394293],
      [0.11814048282, 0.3095332129, 0.046238107297, 0.37796012833, 0.14812806865]
    ],
    [
      [0.0061808521205, 0.90983860768, 0.012313119564, 0.052483715427, 0.019183705211],
      [0, 0, 0.071452765233, 0.85712315567, 0.071424079099],
      [0, 0.16666666667, 0.83327688112, 4.5970108199e-05, 1.0482101544e-05],
      [0.54022982424, 0.02608024854, 0.087777625867, 0.20929536531, 0.13661693604],
      [0.039944388859, 0.79832861819, 0.021339216081, 0.04817799631, 0.092209780562]
    ],
    [
      [0, 0.20872239043, 0.066102104783, 0.68371665238, 0.041458852398],
      [0, 0, 0.037965829479, 0.95190322101, 0.010130949513],
      [0, 0, 0.82175350221, 0.16968426231, 0.008562235487],
      [0.094884044988, 0.0046892484532, 0.13005359225, 0.68670420907, 0.083668905245],
      [0, 0.19626183267, 0.10422177121, 0.50634293, 0.19317346612]
    ],
    [
      [0.020100236328, 0.48129614658, 0.062008403409, 0.41056132627, 0.026033887412],
      [0.00066215112102, 0.00010962582255, 0.058588799669, 0.93158820576, 0.0090512176283],
      [0.012419160774, 0.0065876653992, 0.85780158324, 0.12020417375, 0.0029874168329],
      [0.37296427602, 0.011296388309, 0.12554880635, 0.42833456325, 0.061855966074],
      [0.10435440599, 0.42194352694, 0.084640690377, 0.28640874743, 0.10265262926]
    ],
    [
      [0, 0.73572025802, 0.01669368662, 0.24758605536, 0],
      [0, 0, 0.026717764189, 0.97328223581, 0],
      [0, 0, 0.7819889306, 0.2180110694, 0],
      [0, 0.029292729402, 0.10776398717, 0.86294328343, 0],
      [0, 0.76354649653, 0.026534602886, 0.20991890059, 0]
    ],
    [
      [0.0026192066954, 0.86694089783, 0.03013531982, 0.098011527265, 0.0022930483904],
      [0.00029111369274, 9.1452269565e-05, 0.10420109677, 0.89541633727, 0],
      [0.0028176655759, 0.002828465296, 0.94487679877, 0.049477070355, 0],
      [0.22506360014, 0.026174492466, 0.26993157371, 0.47883033369, 0],
      [0.026008238076, 0.82549836537, 0.05500750248, 0.093485894073, 0]
    ],
    [
      [0.012627418078, 0.65581384503, 0.012235382555, 0.28113422668, 0.03818912765],
      [0.00061177704739, 0, 0.019458349251, 0.95827804427, 0.021651829427],
      [0.03108924885, 0.01592675314, 0.62749375619, 0.30761045068, 0.017879791133],
      [0.37229259497, 0.021110565933, 0.036726892744, 0.43403426179, 0.13583568456],
      [0.066003658828, 0.56730927964, 0.016638691864, 0.19518682797, 0.1548615417]
    ],
    [
      [0.021233220391, 0.42037000665, 0.04981888158, 0.46280233688, 0.0457755545],
      [0.0006264031743, 8.6111449325e-05, 0.042233362264, 0.94284730438, 0.014206818736],
      [0.015107423039, 0.0064476928438, 0.80529014218, 0.16475289014, 0.008401851802],
      [0.36162554138, 0.0089981359954, 0.091683160408, 0.43847229877, 0.099220863452],
      [0.10512438334, 0.35007539336, 0.064636137201, 0.30665388683, 0.17351019927]
    ],
    [
      [0.0088720803743, 0.19448828651, 0.11671059069, 0.6606312111, 0.019297831326],
      [0, 0, 0.067676235999, 0.92804840298, 0.0042753610185],
      [0, 0, 0.890681928, 0.10639366837, 0.0029244036308],
      [0.075518030806, 0.0037301661826, 0.25267245785, 0.62784229475, 0.04023705041],
      [0.050519166794, 0.18999719966, 0.1740731088, 0.49999856671, 0.08541195804]
    ],
    [
      [0.018177926111, 0.28517322267, 0.052251442055, 0.61781655187, 0.026580857298],
      [0.00040907126752, 4.4835517964e-05, 0.033755096268, 0.95948563082, 0.0063053661226],
      [0.012669561678, 0.0024430707493, 0.7809496581, 0.19951303051, 0.0044246789695],
      [0.29394899307, 0.0058173884449, 0.091195976911, 0.55452148832, 0.054516153256],
      [0.099530758992, 0.26328404839, 0.074832893829, 0.45140491682, 0.11094738197]
    ],
    [
      [0.0368344961, 0.36046152328, 0.031517061483, 0.53295339455, 0.038233524589],
      [0, 6.6946339841e-05, 0.02258378667, 0.96465187947, 0.012697387522],
      [0.02464044849, 0.0079399988644, 0.69549994055, 0.26183623992, 0.010083372181],
      [0.4947529515, 0.0060914841296, 0.044873580459, 0.3902545601, 0.064027423807],
      [0.17950450813, 0.29434419231, 0.039986872704, 0.34516652639, 0.14099790047]
    ],
    [
      [0.032995686622, 0.47491576432, 0.050274715652, 0.40092055839, 0.040893275022],
      [0, 0.0003711199773, 0.049603769207, 0.93303017063, 0.01699494019],
      [0.021062450503, 0.0079133081716, 0.82130137748, 0.14331168782, 0.0064111760206],
      [0.49932606476, 0.0089810749163, 0.081181627126, 0.33288113093, 0.077630102268],
      [0.15694935431, 0.37856359449, 0.062466549203, 0.25438998538, 0.14763051661]
    ],
    [
      [0.027236234893, 0.44123416569, 0.048365652595, 0.45976864392, 0.023395302898],
      [0.0012995648687, 0.0010206797219, 0.041352539768, 0.95120125931, 0.0051259563309],
      [0.018554178528, 0.0065545866604, 0.8037667818, 0.16738236426, 0.0037420887541],
      [0.44544890865, 0.009053065632, 0.084503981967, 0.41309142324, 0.047902620512],
      [0.14110608551, 0.38418480986, 0.065456006773, 0.31771579894, 0.091537298914]
    ],
    [
      [0.037099390642, 0.33350492878, 0.042946016065, 0.52843389751, 0.058015766998],
      [0, 0, 0.032199128103, 0.95181617478, 0.015984697115],
      [0.024380190267, 0.0027240488942, 0.75534392368, 0.20768855277, 0.0098632843856],
      [0.47007407918, 0.0054398616048, 0.058777620032, 0.3722497704, 0.093458668792],
      [0.16918125612, 0.2560767926, 0.051275843526, 0.3223016017, 0.20116450606]
    ],
    [
      [0.018846314185, 0.43201256191, 0.036086800589, 0.47989059611, 0.033163727211],
      [0.00054703113427, 8.7834225935e-05, 0.030046585336, 0.95915858758, 0.010159961727],
      [0.017141157435, 0.0085819341089, 0.74824734768, 0.2174827427, 0.0085468180696],
      [0.346099781, 0.010127907163, 0.072084978617, 0.49378507965, 0.077902253569],
      [0.098681041755, 0.38228620308, 0.049625328208, 0.33721530334, 0.13219212362]
    ],
    [
      [0.008195165376, 0.5730105187, 0.048039203344, 0.37075511258, 0],
      [0.00028369735947, 0, 0.050423419694, 0.94929288295, 0],
      [0.0049392725165, 0.00074586227211, 0.86783135896, 0.12648350625, 0],
      [0.25302070709, 0.015647169688, 0.16290808275, 0.56842404046, 0],
      [0.080492159056, 0.56244851028, 0.073914917756, 0.2831444129, 0]
    ],
    [
      [0.02460165944, 0.38091724377, 0.044953113321, 0.51787725436, 0.031650729102],
      [0.0014525141025, 0, 0.03390336446, 0.9545737901, 0.010070331339],
      [0.01783390386, 0.0057193535391, 0.77415620841, 0.19698719418, 0.0053033400106],
      [0.3915599828, 0.0078380525797, 0.077436967454, 0.45911878367, 0.064046213499],
      [0.12675125944, 0.33156527959, 0.060710011931, 0.35729308543, 0.12368036362]
    ],
    [
      [0.021948169672, 0.53807805748, 0.023850909885, 0.37495410253, 0.041168760434],
      [0.00080812909123, 0, 0.022844356803, 0.95795533099, 0.018392183111],
      [0.027103827235, 0.012224521332, 0.7092518522, 0.23993392966, 0.01148586958],
      [0.43276080792, 0.012452355991, 0.04985472636, 0.40320093359, 0.10173117614],
      [0.11024750912, 0.44901674625, 0.031275697568, 0.25102134581, 0.15843870126]
    ],
    [
      [0.018720429519, 0.43912689491, 0.05305253266, 0.42733241736, 0.061767725555],
      [0.00059028439096, 9.5877648463e-05, 0.04809229204, 0.9307376055, 0.020483940418],
      [0.012852535339, 0.0070335047211, 0.82648756814, 0.14613167167, 0.0074947201259],
      [0.33074023655, 0.0097091547806, 0.10113575855, 0.41944298007, 0.13897187004],
      [0.088673058186, 0.34945178514, 0.065876438053, 0.27104832755, 0.22495039107]
    ],
    [
      [0.014991344867, 0.36947243973, 0.065021216038, 0.5086569042, 0.04185809516],
      [0.00040277492656, 7.1234134981e-05, 0.050018253969, 0.93761591329, 0.011891823677],
      [0.0040393223364, 0.0040613564249, 0.83985758712, 0.14591307359, 0.0061286605301],
      [0.26328628864, 0.0086005627875, 0.12579719243, 0.50719194794, 0.095124008202],
      [0.076756330953, 0.32164954465, 0.087737643292, 0.35094025239, 0.16291622871]
    ],
    [
      [0.014612055375, 0.35511564459, 0.038483095238, 0.55949718741, 0.032292017388],
      [0.00036558107813, 6.2535899638e-05, 0.02761032466, 0.96343981612, 0.0085217422459],
      [0.010962908781, 0.0068935001091, 0.74158537608, 0.23268150287, 0.007876712153],
      [0.26659956739, 0.0083263274805, 0.076514399466, 0.57299473784, 0.075564967818],
      [0.079160200636, 0.3257880608, 0.054760390221, 0.40673412386, 0.13355722448]
    ],
    [
      [0.028927851096, 0.55583677986, 0.034235407591, 0.34044896548, 0.040550995974],
      [0, 0.00014882622987, 0.039348292938, 0.94058076015, 0.019922120684],
      [0.024784740087, 0.0113839969, 0.78518027844, 0.16980907194, 0.0088419126333],
      [0.50705629587, 0.011690985123, 0.064071958171, 0.32795349663, 0.089227264204],
      [0.13989110597, 0.44762745766, 0.043280836898, 0.21983131482, 0.14936928465]
    ],
    [
      [0.02023445913, 0.41804332534, 0.052423917712, 0.48346819407, 0.025830103749],
      [0.00057668870785, 8.3954725433e-05, 0.042866034702, 0.94869363791, 0.0077796839545],
      [0.013947116952, 0.006392932531, 0.81099119325, 0.16583529233, 0.0028334649365],
      [0.35640646067, 0.0094293620958, 0.10023214372, 0.47594839488, 0.057983638635],
      [0.10701534926, 0.37366764044, 0.072768292568, 0.34290021159, 0.10364850614]
    ],
    [
      [0.010597582589, 0.57143521175, 0.030608193966, 0.35332046435, 0.034038547344],
      [0, 0, 0.034340704531, 0.95101918408, 0.014640111386],
      [0.008242399223, 0.011107129442, 0.77144103973, 0.19999940347, 0.0092100281346],
      [0.27141976901, 0.018895830279, 0.085945794818, 0.51130727031, 0.11243133558],
      [0.056027412886, 0.51252409848, 0.042641737684, 0.2516581615, 0.13714858944]
    ],
    [
      [0.022181874265, 0.3959644513, 0.044304219276, 0.51242281064, 0.025126644527],
      [0.00060334322363, 7.6669845601e-05, 0.034527439126, 0.957565222, 0.0072273258094],
      [0.017423355542, 0.0071132638617, 0.77410883695, 0.19964883983, 0.0017057038187],
      [0.37163170038, 0.0086665599076, 0.08127520259, 0.48432975334, 0.054096783779],
      [0.11739360605, 0.35542572737, 0.061680861772, 0.36466547242, 0.10083433239]
    ],
    [
      [0.043519545076, 0.44325123799, 0.031197763736, 0.43881612343, 0.043215329772],
      [0, 9.8097206774e-05, 0.028309534407, 0.95579070959, 0.015801658798],
      [0.029337072054, 0.011017362723, 0.72178895649, 0.22714358272, 0.010713026013],
      [0.56366434879, 0.0072448516128, 0.043464490438, 0.31480999289, 0.070816316269],
      [0.20003879631, 0.34195711899, 0.037526959836, 0.26973319837, 0.1507439265]
    ],
    [
      [0.019403900374, 0.38514605677, 0.026575423358, 0.54321087777, 0.025663741727],
      [0.0024886033903, 0.0014090693323, 0.020536301272, 0.96876362129, 0.0068024047203],
      [0.020047854223, 0.0087145183228, 0.66534897599, 0.2996584395, 0.0062302119712],
      [0.34483246086, 0.0087339761282, 0.051061082622, 0.53745868398, 0.057913796418],
      [0.10566711581, 0.35437616237, 0.037926793396, 0.39602909607, 0.10600083235]
    ],
    [
      [0.032094414886, 0.43378674197, 0.031677385723, 0.47622048652, 0.026220970897],
      [0.00094226353695, 8.8405200415e-05, 0.026696590418, 0.96414660988, 0.0081261309677],
      [0.025278543759, 0.010247514145, 0.71995014777, 0.23886751792, 0.0056562764108],
      [0.4877942499, 0.0082605856959, 0.051880639213, 0.40161162089, 0.050452904307],
      [0.16299793232, 0.3704082379, 0.042125168188, 0.32351161523, 0.10095704636]
    ],
    [
      [0.014448096928, 0.50341911361, 0.019801874655, 0.44210301809, 0.020227896713],
      [0.0042079930224, 0, 0.016896275559, 0.97070125336, 0.0081944780576],
      [0.019193344916, 0.013342558487, 0.65106534821, 0.31021002762, 0.0061887207625],
      [0.32943901379, 0.013495528451, 0.047992152805, 0.5516114108, 0.057461894156],
      [0.080943004368, 0.47357889072, 0.028996091373, 0.33030776195, 0.086174251584]
    ],
    [
      [0.019637528545, 0.52599553875, 0.035105697324, 0.39275350765, 0.026507727735],
      [0.00069384167802, 0.0001309170592, 0.035544543238, 0.95372977253, 0.0099009254999],
      [0.018560672298, 0.0098362385168, 0.77255081599, 0.19304609482, 0.00600617837],
      [0.39474329127, 0.013680292178, 0.077296795829, 0.44575224781, 0.068527372911],
      [0.10281971418, 0.46670480626, 0.048385893471, 0.27678186654, 0.10530771954]
    ],
    [
      [0.01872993821, 0.51206328566, 0.03640704353, 0.3872446211, 0.045555111491],
      [0.0019033634725, 4.9542306902e-05, 0.036231730494, 0.94537627066, 0.016439093071],
      [0.016623441628, 0.0098744518189, 0.78027787595, 0.18374032242, 0.0094839081896],
      [0.36834612227, 0.012813456695, 0.07783063606, 0.42643152059, 0.11457826439],
      [0.092972742793, 0.42900297719, 0.047478333038, 0.25808726652, 0.17245868046]
    ],
    [
      [0.016986695693, 0.37912522081, 0.043970174071, 0.52242512757, 0.037492781857],
      [0.00045225911328, 7.1967936788e-05, 0.033536738895, 0.9553899739, 0.010549060158],
      [0.011502029767, 0.006357363214, 0.7715607517, 0.20267565769, 0.0079041976283],
      [0.29940863426, 0.0087767665065, 0.085153819992, 0.52137653211, 0.085284247123],
      [0.088578114445, 0.33570481248, 0.06037430289, 0.36668710773, 0.14865566245]
    ],
    [
      [0.022306284256, 0.42811261702, 0.038654608103, 0.47846408541, 0.032462405204],
      [0.00064949314062, 8.8730860762e-05, 0.032246420757, 0.95702236751, 0.009992987733],
      [0.018741727369, 0.0080436660713, 0.75837816368, 0.20779820856, 0.0070382343142],
      [0.38270600053, 0.0096009716449, 0.072651513396, 0.46338427937, 0.07165723506],
      [0.11493183776, 0.37405882663, 0.052407547174, 0.33162380908, 0.12697797935]
    ],
    [
      [0.029332615675, 0.27602257265, 0.045358226228, 0.60576978495, 0.0435168005],
      [0.00067505087032, 4.5210118225e-05, 0.029928759884, 0.95877137637, 0.010579602757],
      [0.020751279121, 0.00044854243172, 0.7489040502, 0.22052836368, 0.0093677645614],
      [0.39576149475, 0.0048308700062, 0.066560778752, 0.45774709835, 0.075099758144],
      [0.14512231762, 0.23063674543, 0.058854616773, 0.40157119766, 0.16381512251]
    ],
    [
      [0.02229005144, 0.398435224, 0.04659620059, 0.50162968115, 0.031048842816],
      [0.0020308798106, 0.00026362195231, 0.035169377201, 0.95199264194, 0.010543479099],
      [0.015508836381, 0.0060422772003, 0.78695062818, 0.18643130093, 0.0050669573048],
      [0.3746349802, 0.0084607288069, 0.084257200219, 0.46671510027, 0.065931990511],
      [0.11597419163, 0.34910863938, 0.06344003791, 0.34876303745, 0.12271409363]
    ],
    [
      [0.027192587455, 0.30650969512, 0.045839430607, 0.54633869002, 0.074119596808],
      [0.001273509371, 0, 0.034209364686, 0.95280639835, 0.011710727594],
      [0.021519690651, 0.0018289425432, 0.76398744257, 0.20071669177, 0.011947232471],
      [0.37526987897, 0.0054438854962, 0.068509349886, 0.42024902617, 0.13052785947],
      [0.12327038178, 0.23408721316, 0.054425291586, 0.3312519507, 0.25696516278]
    ],
    [
      [0.017637959587, 0.32130500448, 0.056414782594, 0.58460071988, 0.020041533452],
      [0.00041926875272, 5.4101850957e-05, 0.040211134014, 0.95931549538, 0],
      [0.011642329508, 0.0055414341689, 0.80008268077, 0.18273355555, 0],
      [0.29729753442, 0.0069828526569, 0.10333509905, 0.5513514627, 0.041033051173],
      [0.097624525809, 0.30172330878, 0.082080760916, 0.43445394086, 0.084117463635]
    ],
    [
      [0.015505953744, 0.2376351479, 0.056505518478, 0.66157179494, 0.028781584935],
      [0.00032720159607, 0, 0.034151831357, 0.95906873748, 0.0064522295707],
      [0.0064088468318, 0, 0.78445095837, 0.20397624624, 0.0051639485595],
      [0.24555946617, 0, 0.10319785097, 0.5924768194, 0.05876586346],
      [0.085420649158, 0.21811629193, 0.086155388178, 0.48965532258, 0.12065234816]
    ],
    [
      [0.02071784926, 0.31382016509, 0.03955034289, 0.59540336527, 0.030508277489],
      [0.0018671510919, 0, 0.029746734577, 0.95987697491, 0.0085091394204],
      [0.016636960836, 0.0045497742676, 0.72993610026, 0.24338085077, 0.0054963138653],
      [0.3298281796, 0.0064983750422, 0.068706367106, 0.53270033647, 0.062266741788],
      [0.11058698986, 0.2837372121, 0.05544659018, 0.42646975323, 0.12375945463]
    ],
    [
      [0.049536894739, 0.21907447856, 0.15593770364, 0.57545092306, 0],
      [0.0010090184224, 3.0178970595e-05, 0.094640272082, 0.90432053052, 0],
      [0.010096552543, 0.00089755092354, 0.93726904319, 0.051736853338, 0],
      [0.65958101558, 0.0019056135518, 0.12206013525, 0.21645323561, 0],
      [0.28233590433, 0.19131371358, 0.17914094809, 0.347209434, 0]
    ],
    [
      [0, 0.96903911336, 0.0011022617525, 0.029858624892, 0],
      [0, 0.00022598358542, 0.012238730149, 0.98753528627, 0],
      [0, 0.010462367364, 0.65595031923, 0.33358731341, 0],
      [0.2862942764, 0.018445829216, 0.056482714675, 0.54628178106, 0.092495398653],
      [0, 0.96705676453, 0.00200217212, 0.030941063347, 0]
    ],
    [
      [0.017345125788, 0.58015019935, 0.032129759966, 0.33537252097, 0.035002393927],
      [0.00071064431022, 0, 0.037795368324, 0.94562150803, 0.015872479339],
      [0.019030747891, 0.01028497338, 0.7803163152, 0.18100235494, 0.0093656085885],
      [0.3874046685, 0.016781854937, 0.077832288676, 0.41835905928, 0.099622128605],
      [0.088655442887, 0.50211108265, 0.043153658757, 0.2302688551, 0.13581096061]
    ],
    [
      [0.021258416395, 0.69611957834, 0.020072792357, 0.22876764881, 0.033781564102],
      [0.00073415933024, 0, 0.036223041937, 0.94208463778, 0.020958160952],
      [0.032895587889, 0.019297760191, 0.7462611445, 0.18921513552, 0.012330371898],
      [0.50929018842, 0.022131724913, 0.052941002054, 0.31106039981, 0.1045766848],
      [0.10556590063, 0.58780544558, 0.026280427082, 0.15320470772, 0.12714351898]
    ],
    [
      [0.026148212554, 0.57492495153, 0.028805871846, 0.34110303547, 0.029017928601],
      [0, 0, 0.033580544867, 0.9530313593, 0.01338809583],
      [0.026718448547, 0.012330259938, 0.75351052119, 0.19997251954, 0.0074682507891],
      [0.49176081481, 0.014324322806, 0.059605755102, 0.36384600147, 0.070463105817],
      [0.13111799486, 0.49001203383, 0.038067299909, 0.23054606601, 0.11025660539]
    ]
  ],
  "expected_outcome": [
    [
      [0, 0.2021994912, 0.21685401365, 1.7676949976, 1.1208647469, 2.6591518355, 0.0028280891367, 0.02938634121, 1.6941174978, 0.49351716336, 2.3438641914, 0.042513538841, 6.5070494697, 1.1595601248, 0, 0.057151447199, 0.51258966303, 0, 0.58600258131, 0.24682121989, 0.16740581227, 0.2756773781, 0.47342787581, 0.29875658864, 0, 0, 0.2211025996, 0, 0, 0.1136467627, 0.27603186508, 0.017744160749, 0.23631303944, 0.9945313947, 0.85788785216, 0.59919716765, 1.3726774538, 0.43346522625, 0.016390330752, 1.3038879503, 0.28532620574, 0.24336558375, 1.0044201061, 0.33607727362, 0.26035065986, 0.58679931476, 0.41330572096, 0.84291122206, 1.0009495368, 0.48509750935, 0.57769946794, 0.11558477542, 0.54985079927, 0.41205864061, 0.54357426217, 0.95917022301, 0.67465016053, 0.42351097736, 0.38069622436, 0.29984531298, 0.24809525991, 0.6215354778, 0.049536894739, 0, 1.3529198115, 3.443863456, 2.6671176805],
      [0, 9.9750159397, 7.9271810537, 39.9345738548, 16.7959910559, 29.5798411217, 0.92517913209, 0.50174913244, 24.0616826533, 26.4183459353, 22.0050466612, 0.87201369374, 117.6732101148, 25.7639965655, 15.8280760163, 1.9978083555, 7.6988699512, 0, 13.8220026709, 5.0840171509, 3.5168702487, 7.6603216947, 14.3719860198, 4.6335301198, 0, 0.6261671713, 5.2942576124, 2.2071607741, 0, 5.9023246053, 5.4648100865, 0.38897657302, 3.7072518947, 9.7324611286, 12.3478098723, 9.7071516452, 12.3396823649, 9.9362889239, 1.1460210374, 20.1886139201, 6.9950147472, 5.7086496338, 24.7546534619, 8.1676598255, 5.0025310187, 12.1232564349, 22.2859732582, 15.0466491492, 10.1947784737, 9.6286514192, 7.8081613555, 4.0273529089, 14.7278750849, 11.2653922846, 12.1320070658, 18.408842532, 6.3485191709, 7.570269256, 4.2911357316, 5.4621850762, 3.8021623664, 9.4146049527, 0.21907447856, 0.96903911336, 45.2517155494, 112.771371691, 58.6423450563],
      [0, 0.55144466558, 0.87663539119, 3.2724957675, 2.0727323925, 4.7229383174, 0.0048345831059, 0.08288090556, 6.5241485932, 1.6306844803, 3.0461549942, 0.1196721649, 14.8815595282, 3.6874905352, 1.7009560548, 0.12368897795, 1.0302905331, 0, 1.2163232909, 1.0199806969, 0.72418711361, 1.2545431546, 0.92648772255, 0.44562173113, 0, 0.19830631435, 0.68209243749, 0.05008105986, 0, 0.110118443, 0.64764546054, 0.23342118138, 0.67926874671, 0.85096066004, 1.3071426069, 1.0640443571, 1.5890025944, 0.82999641354, 0.096078406688, 2.382515006, 0.31006182851, 0.68968292458, 4.3564214746, 0.88511119047, 0.30811866832, 1.5202936137, 1.1937195647, 1.6835603325, 0.71754856594, 0.66438558396, 0.57019294301, 0.15841499724, 0.98295952507, 0.80095495767, 1.4070455703, 1.6621481484, 1.0432392032, 0.88532781121, 0.6417520285, 0.95905130409, 0.90408829564, 1.1865102867, 0.15593770364, 0.0011022617525, 2.5061212773, 3.2517923618, 2.9381989283],
      [0, 11.669687878, 7.60325726, 26.9905731636, 21.3687304749, 54.074974485, 0.049669267955, 1.3859836208, 48.3988804417, 16.2420902895, 39.5819323417, 0.78314156628, 150.1989965728, 35.916472602, 15.391763293, 1.6384631227, 9.0027146905, 0, 12.0101836353, 5.1887637769, 5.3487495811, 7.6143278059, 9.609375069, 7.1301669743, 0, 2.0511499572, 4.516174589, 0.74275816607, 0, 2.5302080402, 6.0164303794, 1.3212624222, 8.0316151743, 14.3897416527, 10.423934518, 10.1149101663, 19.552054208, 11.0374837104, 0.74151022517, 27.4474944811, 4.8744033329, 5.5553214257, 34.0800125817, 12.8684353105, 3.0640406893, 14.0205776279, 13.7794981098, 19.4720668042, 10.0927708388, 13.5802719443, 8.5719687574, 3.5368241447, 10.9970982141, 8.5193816643, 16.7176040824, 20.5739556728, 13.9327050538, 9.5309639419, 7.6487416602, 9.938212238, 10.5851487191, 17.8621009582, 0.57545092306, 0.029858624892, 26.1590566355, 37.0603591068, 34.7925096176],
      [0, 0.60165202547, 0.37607228152, 3.0346622164, 1.6416813298, 3.9630942405, 0.017488927709, 0, 3.321170814, 1.2153621315, 2.0230018116, 0.18265903623, 10.7391843144, 1.4724801725, 1.0792046359, 0.18288809666, 4.7555351622, 0, 1.3654878216, 0.46041715542, 0.24278724434, 1.1951299667, 0.61872331284, 0.49192458619, 0, 0.12437655719, 0.28637276154, 0, 0, 0.34370214885, 0.5950822085, 0.038595662651, 0.34555114487, 1.0323051639, 1.0632251506, 0.51469666376, 2.1465833789, 0.76276572586, 0, 1.6774886424, 0.53519388564, 0.80298043222, 2.8044923757, 0.74271639992, 0.36495896376, 0.74907300874, 1.3275033464, 0.95481249201, 0.99395258476, 0.64159354317, 0.47197747615, 0.16182317371, 0.74221637659, 1.0022124528, 1.1997690194, 1.3958834238, 1.0008864115, 0.58992801351, 1.0376743553, 0.34070606868, 0.46050535895, 0.91524832466, 0, 0, 2.7301867263, 5.4726133845, 2.9598287173]
    ],
    [
      [0.34865250897, 0, 0, 0.90129645246, 0.19274073451, 0.51414160177, 0.0071607440361, 0.0044804529131, 0.20054118594, 0, 0, 0.0038710877823, 1.6697768169, 0.16325075186, 0, 0.20360787071, 0.19274630089, 0, 0.18927212119, 0.038535380476, 0.014296788569, 0.021545642187, 0.1526390338, 0.095572212827, 0, 0, 0.11124138833, 0, 0.0061133875476, 0.038541953986, 0.045727431724, 0, 0.040498055484, 0, 0, 0.21052950874, 0, 0.10338888438, 0.0059576445488, 0.27743019358, 0.092934845492, 0.067292420569, 0.13331850069, 0.048256702314, 0, 0.12398807219, 0, 0.1761762213, 0, 0.57984458993, 0.12060973273, 0.31559947668, 0.2463137957, 0.39780296575, 0.12798932906, 0.20588932558, 0.15593675104, 0.3066628514, 0.20758202747, 0.074210569231, 0.062168303254, 0.39396888039, 0.010090184224, 0, 0.22172102479, 1.1658450164, 0],
      [0.10743451249, 0.029682982516, 0.016845868121, 0.087617630634, 0, 0, 0.0051349235295, 0.023117370835, 0, 0, 0, 0.0003252422367, 0, 0.2876647491, 0.0097320819753, 0.0025371478551, 0.020563044775, 0, 0.031387280643, 0.0054213950499, 0.0020687167556, 0.0041449735315, 0.032523451419, 0.010421991513, 0, 0, 0.018417138188, 0, 0.0019204976609, 0, 0.0062861358007, 0, 0.0044387162784, 0.012117287511, 0.069770555732, 0.16535011494, 0, 0.016600668702, 0, 0, 0, 0.010930051925, 0.023578498679, 0.0082547387522, 0.020686845952, 0.018050265968, 0, 0.022387594915, 0.024818593314, 0.32831315442, 0.011315865653, 0, 0.046475556016, 0.010354342142, 0.020366926111, 0.028127682862, 0.01044353731, 0.039806914798, 0, 0.0095760276194, 0, 0, 0.00030178970595, 0.0011299179271, 0, 0, 0],
      [0.29742161328, 1.8908161757, 7.7226268563, 33.7164591299, 7.3911483105, 26.1433253632, 0.38165868035, 0.37706434414, 22.1056897578, 18.1944496885, 20.3921805636, 0.32851075582, 109.2284637888, 10.7997788842, 4.2565853456, 0.6527343018, 13.5039996454, 0.70617483892, 11.2657120739, 4.6117674228, 1.7935957997, 2.8187520919, 8.5648883985, 4.0906671392, 1.0003387133, 1.0630432254, 9.8429183444, 0.21374211351, 2.1882230321, 1.2258760028, 3.0830354453, 2.165639552, 3.3417545305, 4.0876653872, 9.325508611, 6.6991114425, 9.7563358153, 5.6788046284, 1.0588918136, 6.4755426119, 2.6271010323, 5.4825212926, 16.5560420637, 3.6445628551, 5.4694127184, 9.216197461, 9.9244636095, 10.0820122249, 7.162312205, 4.7849581963, 3.4171635736, 1.2672206669, 12.6183128494, 7.5724316732, 9.4908971074, 10.22211538, 6.9135435333, 5.3105759574, 5.5761264438, 7.1173707205, 6.4888479578, 6.2765609957, 0.94640272082, 0.061193650743, 11.792154917, 57.5221905966, 29.3493962137],
