{
  "X": [
    [2, 11, 6, 11, 53, 1],
    [2, 18, 17, 14, 128, 0],
    [49, 58, 55, 100, 476, 10],
    [60, 78, 54, 80, 738, 11],
    [0, 1, 2, 5, 15, 0],
    [14, 74, 65, 61, 158, 13],
    [59, 88, 84, 111, 618, 9],
    [55, 86, 66, 100, 599, 9],
    [17, 123, 83, 67, 484, 21],
    [43, 60, 58, 90, 492, 10],
    [112, 155, 156, 203, 911, 21],
    [45, 73, 85, 120, 590, 10],
    [19, 27, 31, 37, 317, 1],
    [8, 34, 60, 36, 350, 10],
    [20, 77, 58, 53, 309, 6],
    [98, 100, 117, 149, 848, 16],
    [56, 86, 64, 102, 678, 14],
    [73, 47, 37, 69, 575, 11],
    [59, 87, 74, 83, 718, 8],
    [97, 88, 185, 137, 692, 18],
    [36, 37, 59, 32, 293, 3],
    [112, 186, 137, 201, 912, 16],
    [50, 85, 60, 104, 432, 11],
    [4, 8, 3, 3, 33, 1],
    [1, 2, 2, 2, 3, 0],
    [37, 115, 186, 103, 633, 20],
    [36, 62, 84, 71, 288, 8],
    [21, 60, 92, 60, 382, 10],
    [1, 8, 3, 7, 26, 2],
    [86, 124, 108, 175, 888, 13],
    [0, 0, 0, 0, 5, 0],
    [740, 882, 1568, 1432, 8816, 144],
    [63, 144, 79, 154, 522, 22],
    [116, 285, 190, 248, 1162, 41],
    [19, 85, 23, 69, 375, 9]
  ],
  "W": [
    [4, 10, 10, 48, 9, 3],
    [6, 11, 17, 124, 15, 6],
    [35, 50, 101, 477, 62, 23],
    [52, 72, 81, 744, 60, 12],
    [1, 2, 0, 14, 3, 3],
    [12, 73, 80, 164, 40, 16],
    [64, 76, 114, 621, 84, 10],
    [48, 82, 99, 601, 63, 22],
    [36, 118, 80, 486, 58, 17],
    [50, 57, 107, 469, 56, 14],
    [114, 131, 222, 902, 163, 26],
    [55, 72, 123, 556, 87, 30],
    [19, 19, 46, 317, 26, 5],
    [12, 44, 44, 353, 33, 12],
    [40, 87, 54, 283, 51, 8],
    [122, 83, 160, 805, 122, 36],
    [57, 69, 131, 650, 73, 20],
    [73, 48, 69, 567, 38, 17],
    [64, 64, 95, 706, 72, 28],
    [130, 79, 188, 656, 143, 21],
    [45, 36, 48, 274, 48, 9],
    [94, 156, 211, 907, 152, 44],
    [44, 74, 98, 431, 71, 24],
    [7, 11, 1, 30, 2, 1],
    [2, 3, 0, 2, 2, 1],
    [63, 116, 146, 603, 122, 44],
    [58, 61, 97, 286, 38, 9],
    [31, 67, 75, 384, 55, 13],
    [4, 7, 7, 26, 2, 1],
    [106, 115, 176, 857, 105, 35],
    [0, 0, 0, 4, 1, 0],
    [1001, 913, 1584, 8402, 1402, 280],
    [56, 151, 145, 533, 68, 31],
    [101, 242, 270, 1185, 180, 64],
    [30, 103, 59, 354, 17, 17]
  ],
  "method": "mvn_pdf",
  "cond_prob": [
    [
      [0.20413928326, 0.018036668168, 0.13972716562, 0.11081691522, 0.52662427265, 0.00065569508057],
      [0, 0.76326667184, 0.020617645827, 0.096152418633, 0.072842912857, 0.047120350839],
      [0.041932430997, 0.22903539541, 0.095463976302, 0.48471331212, 0.1438679577, 0.0049869274692],
      [0, 0, 0, 0.046440950002, 0.94497488977, 0.0085841602305],
      [0.075399247127, 0.0177510333, 0.42967529869, 0.12395256985, 0.35209232938, 0.0011295216512],
      [0.028508444288, 0.28169111836, 0.13773247601, 0.4677787676, 0.066256176846, 0.01803301689]
    ],
    [
      [0.19790258663, 0.02894879274, 0.27802563396, 0.076978042486, 0.41814494418, 0],
      [0.00042139179094, 0.86023472649, 0.030336833096, 0.064433111027, 0.044573937595, 0],
      [0, 0.33360797346, 0.21636395473, 0.33687286677, 0.11315520504, 0],
      [0, 0, 0, 0.035838636885, 0.96416136311, 0],
      [0.043948876945, 0.021434837042, 0.65386962103, 0.065274296577, 0.2154723684, 0],
      [0.024786002728, 0.39514452462, 0.25198491437, 0.27990389439, 0.048180663888, 0]
    ],
    [
      [0.50114099053, 0.011233911394, 0.15195304731, 0.082051419469, 0.25330099918, 0.00031963212135],
      [0.0065651489101, 0.68672619821, 0.038382218496, 0.11693717557, 0.063459036851, 0.087930221962],
      [0.16044953045, 0.17494994781, 0.12670007818, 0.43998167754, 0.091862544975, 0.0060562210395],
      [0, 0, 0, 0.064403595495, 0.92649266694, 0.0091037375615],
      [0.20605020678, 0.012094906568, 0.49195171628, 0.099996345631, 0.18962838842, 0.00027843632003],
      [0.09353445609, 0.21089888063, 0.1941225267, 0.43143059251, 0.043018866515, 0.026994677565]
    ],
    [
      [0.55790177698, 0.012665421828, 0.14325693561, 0.054498369037, 0.23144692644, 0.00023057010126],
      [0.0069643929347, 0.75970570979, 0.03551927673, 0.075935837966, 0.056722318631, 0.065152463945],
      [0.17922290022, 0.22835809863, 0.14907525486, 0.34280197662, 0.095403867545, 0.0051379021244],
      [0, 0, 0, 0.048095667708, 0.94439349549, 0.0075108368007],
      [0.2422786799, 0.014366411461, 0.48997114008, 0.070160864735, 0.18304991525, 0.00017298856806],
      [0.11949129944, 0.27363302357, 0.20999061461, 0.32824297597, 0.045107004346, 0.023535082071]
    ],
    [
      [0, 0.035709367979, 0.13565615417, 0.24185235119, 0.58678212666, 0],
      [0, 0.38849380263, 0.037966854031, 0.43001649457, 0.14352284877, 0],
      [0.0090440127901, 0.02373337123, 0.045886280809, 0.83002907989, 0.091082136457, 0.00022511882459],
      [0, 0, 0.029761061522, 0.043786291501, 0.92645264698, 0],
      [0, 0.025722139779, 0.37989198606, 0.25134188647, 0.34304398769, 0],
      [0, 0.036712202476, 0.077359772768, 0.84369363974, 0.042234385016, 0]
    ],
    [
      [0.31447615819, 0.018330646914, 0.37523595643, 0.092449585914, 0.19930833854, 0.00019931401458],
      [0.0019391794888, 0.70006833192, 0.060502188647, 0.084395002584, 0.030247214134, 0.12284808323],
      [0.079124067956, 0.21639671295, 0.25725647873, 0.3817337783, 0.054980559819, 0.01050840224],
      [0, 0.0067614576345, 0.0017271291047, 0.091853839051, 0.88419896148, 0.015458612732],
      [0.077810431869, 0.013285517108, 0.74874245496, 0.069507389923, 0.090654206143, 0],
      [0.040148955491, 0.23268795213, 0.32919019261, 0.33417139469, 0.022938162003, 0.040863343073]
    ],
    [
      [0.44713559401, 0.015965939054, 0.20029746058, 0.083726838898, 0.25266212453, 0.00021204293641],
      [0.0047081672116, 0.75976409656, 0.039386239686, 0.092579134977, 0.049057159097, 0.054505202472],
      [0.13646224269, 0.21980994684, 0.15860361123, 0.39808283617, 0.082758495235, 0.0042828678279],
      [0.00023444202478, 0.00046186773998, 0.0002791930201, 0.067421580577, 0.92490987, 0.0066930466376],
      [0.16179793541, 0.015025794261, 0.56786314023, 0.089434644986, 0.16575402043, 0.00012446468193],
      [0.073219053674, 0.26287880378, 0.22329139813, 0.38427130119, 0.037444449557, 0.018894993658]
    ],
    [
      [0.49871253894, 0.01221572983, 0.17254352291, 0.071267813371, 0.24509330699, 0.00016708795963],
      [0.0063565554557, 0.73291751699, 0.042949235726, 0.099746802969, 0.060234817137, 0.057795071722],
      [0.16254240409, 0.19550130825, 0.15798381189, 0.38849185662, 0.091416197553, 0.0040644215962],
      [0, 0, 0, 0.06038227528, 0.93390070445, 0.0057170202744],
      [0.19602789999, 0.012533001708, 0.53322987519, 0.082951430375, 0.17515895434, 9.883840007e-05],
      [0.095413858162, 0.23500908866, 0.22555427529, 0.38288753419, 0.042578418494, 0.01855682521]
    ],
    [
      [0.25955743809, 0.02593775591, 0.33928815719, 0.075868838627, 0.29891646729, 0.00043134289476],
      [0, 0.76453237109, 0.041998330079, 0.052247723023, 0.03673913759, 0.10448243821],
      [0.039039456523, 0.3033328297, 0.22876197535, 0.30680127206, 0.083649141343, 0.038415325024],
      [0, 0.0019596792285, 0.0029304133617, 0.052554827608, 0.93263451931, 0.009920560494],
      [0.06857324637, 0.018052348269, 0.70943606177, 0.059627714277, 0.14431062931, 0],
      [0.032678083381, 0.32855025397, 0.2916113463, 0.26819618134, 0.034203808866, 0.044760326148]
    ],
    [
      [0.38506313423, 0.011210320749, 0.17137355538, 0.081915308078, 0.35007222747, 0.00036545409441],
      [0.0051563824091, 0.66238998134, 0.041827102837, 0.11264026857, 0.084251900927, 0.093734363912],
      [0.13155550008, 0.1679369235, 0.14464699142, 0.42471879596, 0.12456628749, 0.0065755015456],
      [0.00043070127014, 0.00043510566176, 0, 0.04904333705, 0.94260115204, 0.0074897039748],
      [0.14616420708, 0.011066145026, 0.51015829207, 0.091763973175, 0.24058809803, 0.00025928462279],
      [0.070664035064, 0.20644539531, 0.2143632094, 0.42133718179, 0.058040265298, 0.029149913133]
    ],
    [
      [0.45286042877, 0.015699691111, 0.19223123392, 0.087585701971, 0.25129130865, 0.00033163558808],
      [0.0047533235997, 0.73567680545, 0.037619355065, 0.096284753508, 0.048669339179, 0.076996423197],
      [0.13748522265, 0.21306939326, 0.15025289732, 0.4115001409, 0.081605163043, 0.0060871828216],
      [3.9006592123e-05, 0.0005188418121, 0, 0.070062990759, 0.91962617044, 0.0097529903946],
      [0.16737396955, 0.015055504689, 0.55395751036, 0.095286449056, 0.16810246452, 0.00022410182026],
      [0.073552512193, 0.25435099294, 0.21178024719, 0.39693796634, 0.03681745113, 0.026560830195]
    ],
    [
      [0.33726413459, 0.010728437006, 0.18496109937, 0.091218860129, 0.37555997686, 0.00026749205489],
      [0.0046369409275, 0.64859991182, 0.046638687707, 0.12905079639, 0.09300044882, 0.078073214339],
      [0.10778293188, 0.15352291464, 0.15304542514, 0.45266885663, 0.12791387329, 0.0050659984265],
      [0.0007892978114, 0.0005275082051, 0.00076611677334, 0.050491831534, 0.94194918603, 0.0054760596425],
      [0.12228836571, 0.010115312191, 0.52394959757, 0.097421873418, 0.24603506131, 0.00018978978845],
      [0.059379160991, 0.18846990301, 0.22116636044, 0.44879582222, 0.059532159157, 0.022656594176]
    ],
    [
      [0.42263527189, 0.01411672798, 0.21822667013, 0.064355025692, 0.2806663043, 0],
      [0.0048833143857, 0.77643594494, 0.047560649967, 0.079392779866, 0.060566361178, 0.031160949666],
      [0.1421723008, 0.21856900773, 0.19243907155, 0.34224267703, 0.10246168551, 0.0021152573829],
      [0.00057568163853, 0.00088218217439, 0.00044136540032, 0.047808232253, 0.94948344837, 0.00080909016846],
      [0.14512108372, 0.012766216724, 0.59983677427, 0.06592921828, 0.176346707, 0],
      [0.07631635353, 0.26275029499, 0.2724349328, 0.33125185034, 0.046414861678, 0.010831706667]
    ],
    [
      [0.22634127181, 0.0078432556281, 0.4674156524, 0.049822064358, 0.24825926394, 0.00031849186659],
      [0, 0.60280174048, 0.055645211064, 0.14044344571, 0.074660621588, 0.12644898116],
      [0.072809835604, 0.12883127907, 0.42433112996, 0.27278399584, 0.09391389086, 0.0073298686639],
      [0, 0, 0, 0.037819016376, 0.95152481024, 0.010656173384],
      [0.049351959772, 0.0048198904783, 0.81425762235, 0.032505811767, 0.098914195805, 0.00015051982608],
      [0.037638108272, 0.12958097387, 0.53346263572, 0.2331102692, 0.037598650724, 0.028609362213]
    ],
    [
      [0.28043710126, 0.014601541852, 0.24226169566, 0.082615299012, 0.38001946084, 6.4901377214e-05],
      [0, 0.72262060145, 0.049899146071, 0.095072712313, 0.076376270563, 0.056031269607],
      [0.072384335049, 0.20104402869, 0.19207489842, 0.39355792152, 0.12430593988, 0.016632876429],
      [0, 0.00060812239574, 0.0023229699782, 0.046707215153, 0.95007303301, 0.00028865946689],
      [0.08843571466, 0.012071066677, 0.60391248286, 0.077417632003, 0.2181631038, 0],
      [0.045442551146, 0.23798067653, 0.2674156026, 0.37568664819, 0.055622329927, 0.017852191597]
    ],
    [
      [0.42423622308, 0.012677279384, 0.17044583576, 0.077633214508, 0.31464720371, 0.00036024355971],
      [0.0052408683665, 0.69625005622, 0.03900286346, 0.099912955862, 0.071152613613, 0.088440642474],
      [0.14369385336, 0.19231240429, 0.14094005128, 0.40400234008, 0.11246236994, 0.0065889810555],
      [0, 0, 0, 0.051593661253, 0.94036510453, 0.0080412342221],
      [0.16406081192, 0.012715253234, 0.51453094076, 0.088397216706, 0.22005093979, 0.00024483758988],
      [0.07782647548, 0.23176032411, 0.21236631649, 0.39661778704, 0.052035311958, 0.029393784909]
    ],
    [
      [0.40854018555, 0.014646937125, 0.14909266321, 0.073076061857, 0.35425388385, 0.00039026841086],
      [0.0045708248874, 0.7161927454, 0.030037986455, 0.083339037137, 0.070885759865, 0.094973646256],
      [0.14375358891, 0.2231685711, 0.1161843694, 0.38214212372, 0.12678175381, 0.0079695930587],
      [0, 0, 0, 0.04332543148, 0.94798668744, 0.0086878810812],
      [0.16529793493, 0.015399930109, 0.47234974104, 0.087194926005, 0.25948365786, 0.0002738100528],
      [0.074967655457, 0.26942737194, 0.1863706822, 0.37484463222, 0.058717379098, 0.035672279079]
    ],
    [
      [0.54346877401, 0.020767100496, 0.09984777887, 0.11096975562, 0.22465551507, 0.00029107592922],
      [0.011186738576, 0.65819381989, 0.03967353847, 0.10211821053, 0.081820973446, 0.10700671909],
      [0.27056299389, 0.14795026352, 0.12494595563, 0.34216059199, 0.10781852273, 0.0065616722481],
      [0, 0, 0, 0.041385801899, 0.95007490826, 0.0085392898441],
      [0.29984731962, 0.0095136918153, 0.41788773443, 0.071821385869, 0.20072799272, 0.00020187554299],
      [0.16039831303, 0.19532999045, 0.19445749701, 0.36432297337, 0.053713288296, 0.03177793784]
    ],
    [
      [0.45593773496, 0.017346878737, 0.17961776812, 0.060869947062, 0.28605080699, 0.00017686413923],
      [0.0045768908819, 0.79493811784, 0.033827141438, 0.064396251882, 0.053209243776, 0.049052354182],
      [0.15392852787, 0.26156557945, 0.15841814268, 0.31846525292, 0.10321913363, 0.0044033634557],
      [0, 0, 0.00027843552313, 0.044039740645, 0.95019814794, 0.0054836758957],
      [0.17481600716, 0.01729678265, 0.53990071889, 0.068934077136, 0.19895604618, 9.6367986955e-05],
      [0.082753617235, 0.31855935074, 0.22215624982, 0.30976620682, 0.047028974615, 0.019735600776]
    ],
    [
      [0.39330474668, 0.010472028249, 0.26790319622, 0.068128298279, 0.25994643185, 0.00024529872164],
      [0.0055696156708, 0.64450251348, 0.069014361452, 0.098608532896, 0.066175909549, 0.11612906695],
      [0.13963483045, 0.16104287764, 0.23358996027, 0.36252668065, 0.095555727842, 0.0076499231511],
      [0, 0.00046481498278, 0, 0.05493370276, 0.93447489383, 0.010126588424],
      [0.12373884188, 0.0085510124913, 0.65693678078, 0.063050202697, 0.14765755756, 6.5604587544e-05],
      [0.070684799087, 0.18662682626, 0.32683703588, 0.34026396035, 0.042096623057, 0.033490755373]
    ],
    [
      [0.43354887536, 0.0097542061693, 0.23999582161, 0.045822229492, 0.27085160504, 2.7262319914e-05],
      [0.0070158682037, 0.7099404348, 0.07236565667, 0.07894423072, 0.081083000165, 0.05065080944],
      [0.17197957004, 0.17158611978, 0.24789478629, 0.28934361893, 0.11596226436, 0.0032336406016],
      [0.00064208454527, 0.001814719546, 0.00010038870203, 0.030990946651, 0.9632163721, 0.0032354884541],
      [0.14526123787, 0.0085843462046, 0.63547380827, 0.045427375886, 0.16525323176, 0],
      [0.092693267553, 0.20642106076, 0.35175837152, 0.28172002595, 0.052562221941, 0.014845052273]
    ],
    [
      [0.4931031813, 0.016424069919, 0.16902676745, 0.081914124452, 0.23936723926, 0.00016461761166],
      [0.0050152141885, 0.77114323671, 0.033159766373, 0.090607108153, 0.046688562692, 0.053386111879],
      [0.14963051892, 0.23400968236, 0.1332120853, 0.39875035047, 0.080193722838, 0.0042036401111],
      [0, 0, 0, 0.069965766182, 0.92351302154, 0.006521212282],
      [0.19480052029, 0.016890612306, 0.5213960417, 0.095451927549, 0.17139725872, 6.3639437973e-05],
      [0.083732022015, 0.27759946481, 0.19496845382, 0.38775901289, 0.036738507984, 0.019202538488]
    ],
    [
      [0.47249637839, 0.016373423009, 0.16143822979, 0.094580338303, 0.25473004071, 0.00038158980526],
      [0.0047832836971, 0.74388728213, 0.029967280522, 0.10016261635, 0.047729508747, 0.073470028554],
      [0.14055412871, 0.22185488578, 0.11047611847, 0.44021252771, 0.080924958264, 0.0059773810667],
      [0, 0, 0, 0.072505338561, 0.9174795899, 0.010015071539],
      [0.18697364341, 0.016920314246, 0.50191566588, 0.1106219318, 0.18323835251, 0.00033009215465],
      [0.075281794242, 0.26203289134, 0.17568613513, 0.42423523799, 0.03690093235, 0.02586300895]
    ],
    [
      [0.47458535137, 0.0049059946146, 0.14536752699, 0.048155328497, 0.32490376636, 0.0020820321657],
      [0.0039787784289, 0.6885028583, 0.048896948279, 0.11090379856, 0.090633782882, 0.05708383355],
      [0.17997763301, 0.1636677061, 0.16087697995, 0.34416691483, 0.14754732469, 0.0037634414211],
      [0, 0, 0, 0.020956418735, 0.96786084112, 0.011182740142],
      [0.17713933436, 0.0076765452784, 0.5188999615, 0.058055999066, 0.23759389376, 0.00063426602846],
      [0.099879675977, 0.21310579978, 0.24588397703, 0.35399944132, 0.070141677827, 0.01698942806]
    ],
    [
      [0.35110516047, 0, 0.21885391717, 0.13603085103, 0.29401007133, 0],
      [0.033548486659, 0.64688974454, 0.037226194255, 0.21781733605, 0.064518238495, 0],
      [0.04517397344, 0.053839403206, 0.10204852032, 0.7475965509, 0.051179677547, 0.00016187458599],
      [0, 0, 0, 0.051495463019, 0.94850453698, 0],
      [0.08307448439, 0, 0.65112596094, 0.11898063669, 0.14681891798, 0],
      [0.030995250294, 0.059330766377, 0.14836166102, 0.73353409037, 0.027778231936, 0]
    ],
    [
      [0.26180399967, 0.012136860687, 0.37501244279, 0.060536310558, 0.29014553957, 0.00036484672717],
      [0.0025770439966, 0.66110676142, 0.08691909381, 0.079921419849, 0.067989386008, 0.10148629491],
      [0.07040218587, 0.19218106587, 0.29440688645, 0.33233927836, 0.10338845593, 0.0072821275066],
      [0, 0, 0, 0.039313706439, 0.95102959955, 0.0096566940155],
      [0.065982186813, 0.0085452351717, 0.74553812235, 0.0455154426, 0.13420306591, 0.00021594715473],
      [0.042701477018, 0.19195543507, 0.41710329257, 0.2757896389, 0.043084661303, 0.02936549514]
    ],
    [
      [0.34557915339, 0.012377247763, 0.36081794845, 0.073331986604, 0.20740438473, 0.00048927906068],
      [0.0052049924026, 0.68993007718, 0.084818706234, 0.09869321627, 0.048613917863, 0.072739090051],
      [0.12064015089, 0.17719818251, 0.26876598531, 0.35918612699, 0.069012744616, 0.0051968096867],
      [0, 0, 0, 0.072890531271, 0.91716914352, 0.0099403252106],
      [0.090732183135, 0.008420764414, 0.74565791755, 0.056632134095, 0.098292015736, 0.00026498507438],
      [0.05433188574, 0.18757468565, 0.38814627418, 0.3207434697, 0.029487647099, 0.019716037636]
    ],
    [
      [0.28743834215, 0.010586881711, 0.41450541716, 0.060838589932, 0.22628929507, 0.00034147397282],
      [0.0041457775019, 0.65723966994, 0.10701181993, 0.090202242572, 0.058667971511, 0.082732518544],
      [0.098925896911, 0.1743728749, 0.30675125303, 0.33441271159, 0.080074657545, 0.0054626060274],
      [0, 0, 0, 0.054778858585, 0.93546228154, 0.0097588598712],
      [0.068874596244, 0.006945188291, 0.78230397194, 0.04339348099, 0.098198333245, 0.00028442929526],
      [0.046469172232, 0.1674459852, 0.45749828453, 0.27444437997, 0.033096461863, 0.021045716199]
    ],
    [
      [0.21449787323, 0.035338311694, 0.22074077647, 0.15331640379, 0.37484532224, 0.0012613125814],
      [0, 0.73987584807, 0.014096939633, 0.058909305204, 0.022976021461, 0.16414188564],
      [0, 0.32353641291, 0.10509610925, 0.48425954618, 0.069630747348, 0.01747718431],
      [0, 0, 0, 0.073996248631, 0.90109942558, 0.024904325792],
      [0.062348513534, 0.028023693035, 0.57749047411, 0.13385628917, 0.1976994621, 0.00058156804049],
      [0.017311480016, 0.3587135403, 0.12770460372, 0.3929373824, 0.028387340187, 0.074945653373]
    ],
    [
      [0.40763297599, 0.012785936584, 0.17323391068, 0.088980757173, 0.31719078922, 0.00017563035313],
      [0.0051466792052, 0.70439156905, 0.039920292893, 0.11552777476, 0.072378990158, 0.062634693933],
      [0.1331156871, 0.18274074783, 0.13555745462, 0.43684183196, 0.10745368396, 0.0042905945297],
      [0, 0.00047334915435, 0, 0.058091659414, 0.9363879245, 0.0050470669329],
      [0.15506623785, 0.012614311352, 0.51435072331, 0.099670107242, 0.21820606524, 9.2555015879e-05],
      [0.071106300937, 0.22134644987, 0.20518382359, 0.43280770969, 0.049893027206, 0.01966268871]
    ],
    [
      [0.26126021324, 0.0075790145132, 0.10070874605, 0.049223420296, 0.58096925379, 0.00025935211162],
      [0.002449589137, 0.76286666064, 0.01971519589, 0.052874394387, 0.088876863591, 0.07321729635],
      [0.099359298999, 0.16028877955, 0.11245694513, 0.39450488758, 0.22574043584, 0.0076496528974],
      [0, 0, 0, 0, 1, 0],
      [0, 0, 0, 0, 1, 0],
      [0.056920156012, 0.2172420807, 0.17583405388, 0.40869767523, 0.10459987018, 0.036706164004]
    ],
    [
      [0.35624221742, 0.0095485689262, 0.23672750172, 0.074848189756, 0.32240821919, 0.00022530299147],
      [0.0053590243817, 0.63624293772, 0.066213574484, 0.11722654468, 0.088927392111, 0.086030526628],
      [0.12286341751, 0.14568813818, 0.21109476141, 0.39670081635, 0.11829894754, 0.0053539190041],
      [0, 0, 6.258769018e-05, 0.049045810014, 0.94494779696, 0.0059438053325],
      [0.11798172837, 0.0081480213749, 0.60821336621, 0.072816336778, 0.19272960188, 0.00011094538505],
      [0.066009694965, 0.17628051258, 0.29631312144, 0.38394154915, 0.053695852734, 0.023759269137]
    ],
    [
      [0.47963346513, 0.014516884984, 0.18345495616, 0.099317704634, 0.22274636354, 0.00033062554743],
      [0.0058360550177, 0.70571646062, 0.037112743268, 0.11355976804, 0.04618580796, 0.091589165091],
      [0.14039305241, 0.18910373684, 0.13923358038, 0.4537612172, 0.070909247813, 0.0065991653552],
      [0.0005021183877, 0.0022903605571, 0, 0.083165502747, 0.90227085751, 0.011771160795],
      [0.18079530773, 0.014280880529, 0.54172051802, 0.11050271832, 0.1525071306, 0.0001934447984],
      [0.075502549004, 0.22619241911, 0.19666560775, 0.44044868588, 0.031917863612, 0.029272874643]
    ],
    [
      [0.45250235377, 0.021084355282, 0.20971099965, 0.083143856969, 0.23324616732, 0.00031226701187],
      [0.0038797670366, 0.77119770668, 0.032178128536, 0.071322187091, 0.035260320155, 0.086161890502],
      [0.12970629617, 0.26938641994, 0.15477111849, 0.36705091262, 0.071218122686, 0.0078671300979],
      [0.00085902685499, 0, 0.00085834142743, 0.072218688138, 0.91276932393, 0.013294619646],
      [0.16123461187, 0.01941665814, 0.58184377453, 0.087182512871, 0.15028251988, 3.9922706676e-05],
      [0.067148151886, 0.3126766133, 0.21085728016, 0.34323057817, 0.031214750906, 0.034872625572]
    ],
    [
      [0.30697979665, 0.01236475465, 0.13766403135, 0.095052701728, 0.44771994046, 0.00021877517054],
      [0.010950781237, 0.67790361481, 0.020508340531, 0.12308810598, 0.10043042109, 0.067118736356],
      [0.09616111136, 0.17188300475, 0.11181166874, 0.46559086443, 0.14993487871, 0.0046184720174],
      [0, 0.0022208883255, 0, 0.045435715633, 0.94827268972, 0.0040707063228],
      [0.12177228184, 0.012672718601, 0.43163788282, 0.11155436417, 0.32222916523, 0.00013358734319],
      [0.054061251276, 0.21542688655, 0.16605808951, 0.47175385332, 0.071263682398, 0.021436236947]
    ]
  ],
  "expected_outcome": [
    [
      [0.81655713303, 1.1874155198, 17.5399346687, 29.0108924032, 0, 3.7737138982, 28.6166780166, 23.9382018692, 9.3440677712, 19.2531567116, 51.6260888794, 18.5495274022, 8.0300701659, 2.7160952617, 11.2174840505, 51.7568192161, 23.2867905763, 39.6732205029, 29.1800150372, 51.1296170681, 19.5096993914, 46.3516990425, 20.789840649, 3.3220974596, 0.70221032095, 16.4936519793, 20.0435908968, 8.9105886066, 0.85799149292, 43.209095455, 0, 356.5984596326, 26.8594740476, 45.7027377312, 9.2093938995],
      [0.07214667267, 0.17369275644, 0.3931868988, 0.65860193503, 0.035709367979, 0.21996776297, 1.0218200995, 0.58635503185, 0.93375921275, 0.56051603745, 1.7897647866, 0.59006403533, 0.26821783162, 0.094119067537, 0.58406167408, 1.5466280848, 0.83487541612, 1.5159983362, 1.1102002391, 1.3613636724, 0.43893927762, 1.5438625724, 0.72043061239, 0.034341962302, 0, 0.76462222327, 0.71788037024, 0.32819333304, 0.14135324677, 1.3553092779, 0, 9.5581174951, 0.81294555909, 2.1295198834, 0.37094263949],
      [0.55890866249, 1.6681538038, 5.3183566557, 7.4493606517, 0.13565615417, 4.5028314772, 12.8190374769, 8.2820890996, 12.2143736589, 8.5686777689, 21.9143606664, 10.1728604653, 4.1463067326, 5.6089878288, 9.6904678263, 20.7943919623, 8.4982818031, 7.2888878575, 11.4955371597, 34.8274155085, 10.7998119726, 15.8885161405, 7.1032821106, 1.017572689, 0.43770783434, 23.6257838958, 20.9274410099, 12.8496679321, 0.88296310588, 18.3627945321, 0, 236.9642292245, 10.2734775451, 21.1808109643, 4.1299209404],
      [0.44326766089, 0.46186825492, 2.8717996814, 2.8339151899, 0.24185235119, 1.109395031, 5.3585176894, 3.4208550418, 2.7312781906, 4.0957654039, 9.9847700247, 5.0170373071, 1.2227454881, 0.59786477229, 3.3046119605, 9.47125217, 4.1653355258, 8.1007921605, 3.895676612, 8.8566787762, 2.0620003271, 7.6999276985, 4.1615348853, 0.33708729948, 0.27206170205, 3.8137875651, 4.2532552231, 1.8859962879, 0.61326561516, 9.4319602603, 0, 74.9230379459, 5.5617914595, 8.3975295539, 2.8515810518],
      [2.1064970906, 2.5088696651, 8.8655349711, 12.0352401749, 0.58678212666, 2.3917000624, 16.1703759697, 11.7644787355, 10.7609928224, 17.5036113733, 28.6472091859, 20.655798727, 5.3326597818, 2.9791111673, 15.2007784336, 38.3869588524, 20.1924713792, 16.3998526, 18.307251647, 33.7930361411, 12.1883222269, 22.5005204906, 11.2081217913, 2.2743263645, 0.58802014266, 18.2791689927, 12.0294543145, 7.0149681472, 1.4993812889, 33.6222236573, 0, 322.7306274075, 12.4737963581, 23.5578628989, 13.4315982137],
      [0.0026227803223, 0, 0.011187124247, 0.011989645266, 0, 0.0023917681749, 0.01357074793, 0.0080202220621, 0.015528344211, 0.01827270472, 0.037806457042, 0.014712063019, 0, 0.0038219023991, 0.0025960550886, 0.043949714284, 0.022245299419, 0.021248542833, 0.011319304911, 0.031888833813, 0.0012268043961, 0.015474055496, 0.016789951431, 0.01457422516, 0, 0.022985343812, 0.028378185519, 0.010585693157, 0.0050452503257, 0.018616817432, 0, 0.22552829446, 0.018515030656, 0.031538968199, 0.0065632551162]
    ],
    [
      [0, 0.0046353097004, 0.32825744551, 0.5014362913, 0, 0.14156010268, 0.35782070808, 0.52123754737, 0, 0.29391379732, 0.62268539156, 0.33385974678, 0.092782973327, 0, 0, 0.43499207442, 0.31538691723, 0.53696345167, 0.29292101644, 0.43999963799, 0.25257125533, 0.7823734134, 0.35396299359, 0.043766562718, 0.10064545998, 0.2989371036, 0.31750453656, 0.27776709263, 0, 0.5918681086, 0, 4.8927892605, 0.88124430767, 0.93890362286, 1.1279304674],
      [7.6326667184, 9.4625819914, 34.3363099104, 54.6988111051, 0.77698760526, 51.1049882302, 57.7420713382, 60.0992363932, 90.214819789, 37.7562289365, 96.3736615141, 46.6991936507, 14.7522829538, 26.5232765811, 62.8679923258, 57.7887546666, 49.4172994326, 31.5933033545, 50.8760395418, 50.9156985651, 25.5578556529, 120.2983449274, 55.0476588776, 7.5735314413, 1.9406692336, 76.6883843251, 42.085734708, 44.0350578861, 5.1791309365, 81.0050304406, 0, 580.8898021367, 106.5631855538, 186.6298450163, 69.8240723256],
      [0.20617645827, 0.33370516405, 1.9191109248, 2.5573879246, 0.075933708062, 4.4166597712, 2.9933542162, 3.5218373295, 4.9558029494, 2.3841448617, 4.9281355135, 3.3579855149, 0.90365234937, 2.4483892868, 4.3412257082, 3.2372376672, 2.0726210654, 1.9043298466, 2.164937052, 5.4521345547, 2.6051636401, 5.1729235542, 2.2175787586, 0.53786643106, 0.11167858277, 10.082614882, 5.1739410802, 7.1697919353, 0.09867857743, 4.5908336827, 0, 60.4529935042, 5.6040242335, 7.7871071058, 2.1123590746],
      [0.96152418633, 0.7087642213, 5.8468587786, 5.4673803336, 0.86003298915, 6.1608351886, 7.0360142583, 8.1792378434, 6.1652313167, 6.4204953086, 12.6133027096, 9.2916573401, 1.5084628175, 6.1795116112, 8.2713259712, 8.2927753366, 5.7503935624, 4.9016741053, 4.1213601204, 7.7900740988, 2.8419923059, 14.1347088718, 7.4120336099, 1.2199417842, 0.65345200815, 9.2708847025, 6.0202861925, 6.0435502523, 0.41236513643, 13.2856940975, 0, 107.0278352901, 17.1475249745, 17.2599692761, 12.6780749155],
      [0.72842912857, 0.49031331355, 3.1729518425, 4.0840069414, 0.28704569754, 2.2080466318, 3.7283440914, 4.9392550052, 4.3352182356, 4.8023583529, 6.3756834324, 6.6960323151, 1.1507608624, 3.2850673499, 6.644735539, 5.9056669299, 4.8911174307, 3.9274067254, 3.4053916017, 5.2278968543, 2.9189880059, 7.2834157799, 3.5319836473, 0.9969716117, 0.19355471549, 7.886768777, 2.9654489897, 3.9307540912, 0.16083215023, 8.3235838682, 0, 81.1907089976, 6.9740570019, 8.5329974774, 10.3443333722],
      [0.47120350839, 0, 4.3965110981, 4.690977404, 0, 8.9679100754, 4.1423953879, 4.7391958812, 12.3289277093, 5.342858743, 10.0865314388, 5.6212714324, 0.59205804365, 5.563755171, 4.8747204558, 7.3405733254, 6.5531815917, 5.1363225165, 3.1393506676, 9.1741962891, 1.8234291398, 8.3282334532, 5.436782113, 0.62792216906, 0, 11.7724102099, 4.4370844931, 5.5430787424, 1.1489931995, 7.2029898023, 0, 78.5458708109, 13.8299639287, 20.8511775014, 6.9132298447]
    ],
    [
      [0.41932430997, 0, 16.2054025753, 14.517054918, 0, 6.3299254365, 15.5566956668, 16.0916980045, 3.1231565218, 14.0764385082, 30.5217194291, 13.257300621, 6.5399258369, 3.2036327666, 3.9087540926, 22.9910165378, 18.8317201476, 18.6688465785, 14.6232101481, 26.2513481243, 8.2550193621, 31.572039492, 13.7743046132, 0.17997763301, 0, 10.2787191371, 11.7020946359, 7.4194422683, 0, 23.4283609295, 0, 194.6156533434, 20.3569925993, 35.0206999652, 5.6735055702],
      [2.2903539541, 5.6713355488, 17.6699447292, 18.4970059894, 0, 17.3117370364, 25.05833394, 19.3546295168, 24.2666263761, 17.9692508149, 47.301405304, 18.883318501, 10.0541743555, 5.6685762791, 10.8563775493, 30.7699846859, 29.2350828145, 10.2085681826, 24.8487300475, 30.2760609962, 8.2361337492, 49.376042978, 21.7417788064, 0.1636677061, 0, 28.0584356177, 17.1882237032, 13.0779656172, 2.2647548904, 32.1623716186, 0, 230.7700108794, 27.4200418418, 72.7343333837, 10.1410972801],
      [0.95463976302, 3.6781872304, 12.7967078962, 12.0750956434, 0, 20.5805182982, 18.0808116806, 15.6403973773, 18.300958028, 15.4772280819, 33.3561432044, 18.8245872917, 8.8521972911, 18.6705697181, 10.3720445149, 22.5504082043, 15.2201523912, 8.6212709384, 15.0497235542, 43.9149125312, 11.8989497421, 28.1077499993, 10.8266596104, 0.16087697995, 0, 42.983405422, 26.0703005756, 23.0063439773, 0.73567276475, 23.8581120126, 0, 334.37410207, 20.1888691557, 41.7882019921, 6.5968884554],
      [4.8471331212, 5.726838735, 44.4381494319, 27.7669601058, 0, 30.5387022641, 45.3814433235, 38.4606938055, 24.5441017647, 45.4449111681, 91.3530312804, 55.6782693658, 15.7431631432, 12.0024958171, 21.2521277622, 64.6403744132, 50.0606182071, 23.609080847, 30.2541990272, 68.1550159616, 13.8884937086, 84.1363239483, 43.1408277155, 0.34416691483, 0, 48.5215346408, 34.841054318, 25.0809533693, 3.3898168232, 76.8841624251, 0, 628.3740930985, 65.7953764938, 99.1037464073, 27.4698610014],
      [1.438679577, 1.9236384858, 9.2781170424, 7.7277132712, 0, 4.3984447856, 9.4344684568, 9.0502035577, 6.6919313075, 13.3285927615, 18.1163461957, 15.7334064141, 4.7132375336, 4.1322111978, 6.7125207537, 17.9939791899, 16.608409749, 7.4394780685, 9.8058176947, 17.9644768343, 5.5661886891, 16.9208755189, 7.9306459099, 0.14754732469, 0, 15.0947145664, 6.6942362278, 6.0055993159, 0.48741523144, 18.911848377, 0, 187.3855329061, 10.2818409328, 19.2288931252, 8.8461578439],
      [0.049869274692, 0, 0.61167832499, 0.41617007208, 0, 0.84067217922, 0.48824693238, 0.40237773803, 3.0732260019, 0.70357866538, 1.3513545864, 0.62311780645, 0.097301839615, 0.32251422121, 0.89817532719, 1.0542369689, 1.0440166907, 0.45275538512, 0.41831952829, 1.4381855524, 0.15521474888, 0.88696806345, 0.58578334454, 0.0037634414211, 0, 1.063190616, 0.50409053961, 0.40969545206, 0.12234029017, 0.75514463723, 0, 8.4806077026, 0.9568789765, 2.1241251264, 0.27248984903]
    ],
    [
      [0, 0, 0, 0, 0, 0, 0.14558849739, 0, 0, 0.20199889569, 0.035183946095, 0.43884958314, 0.18249107942, 0, 0, 0, 0, 0, 0, 0, 0.1759311654, 0, 0, 0, 0, 0, 0, 0, 0, 0, 0, 0, 0.26762910065, 1.0179468232, 0],
      [0, 0, 0, 0, 0, 1.1088790521, 0.28681986653, 0, 0.95240410507, 0.20406455536, 0.46799531452, 0.29329456204, 0.27965174928, 0, 0.172098638, 0, 0, 0, 0, 0.3049186287, 0.49723315561, 0, 0, 0, 0, 0, 0, 0, 0, 0.40566022528, 0, 0, 1.220762177, 0, 0.78619446721],
      [0, 0, 0, 0, 0.4166548613, 0.28324917318, 0.17337886548, 0, 1.4241808938, 0, 0, 0.42596092598, 0.1399128319, 0, 0.65740050382, 0, 0, 0, 0.19657547933, 0, 0.027506504356, 0, 0, 0, 0, 0, 0, 0, 0, 0, 0, 0.52586177289, 0, 1.0171345915, 0],
      [2.2291656001, 4.4439909738, 30.7205150512, 35.7831767749, 0.61300808102, 15.0640296044, 41.868801538, 36.2897474435, 25.5416462173, 23.0013250765, 63.1968176642, 28.073458333, 15.1552096242, 13.3501127807, 13.2181418884, 41.5328973085, 28.1615304619, 23.4657496769, 31.0920568957, 36.0365090104, 8.4915193823, 63.4589499269, 31.2498009196, 0.62869256204, 0.10299092604, 23.7061649829, 20.8466919436, 21.0350816965, 1.9239024644, 49.7845521177, 0, 412.0828957408, 44.327212964, 85.579145443, 16.084243334],
      [45.3587947088, 119.5560090262, 441.9370021319, 702.6287606454, 12.9703370577, 145.0086296824, 574.3690292706, 561.2743233716, 453.2603763838, 442.0799403082, 829.5028057393, 523.7237474347, 300.9862531318, 335.8882580148, 268.8706683407, 756.9939091427, 616.1913468353, 538.6924729815, 670.8398924426, 613.015530355, 263.9212859559, 837.6263105332, 395.4337032472, 29.0358252337, 1.897009074, 573.4708485258, 262.3103750462, 359.217516113, 23.428585065, 802.4844512955, 4, 7939.4513900823, 480.9103670544, 1081.6316488622, 335.6885321605],
      [0.41203969107, 0, 4.3424828168, 5.5880625797, 0, 2.535212488, 4.1563819619, 3.4359291849, 4.8213924001, 3.5126711642, 8.797197336, 3.0446891612, 0.2564815834, 3.7616292045, 0.081690629129, 6.4731935488, 5.6471227028, 4.8417773416, 3.8714751824, 6.6430420059, 0.88652383642, 5.9147395398, 4.3164958332, 0.33548220425, 0, 5.8229864913, 2.8429330102, 3.7474021905, 0.64751247059, 4.3253363615, 0, 49.939852404, 6.2740287039, 15.7541242801, 1.4410300383]
    ],
    [
      [0.67859322414, 0.65923315417, 12.7751128204, 14.5367207942, 0, 3.1124172747, 13.5910265743, 12.3497576994, 3.9772482895, 8.1851955962, 27.2819570368, 10.6390878171, 3.7731481768, 1.6286146725, 4.5102214477, 20.0154190544, 12.0667492498, 11.3941981455, 12.5867525157, 17.6946543888, 6.9725394178, 29.6096790834, 13.2751286824, 0.35427866873, 0.16614896878, 8.0498267912, 3.4478229591, 3.7881027934, 0.12469702707, 16.2819549741, 0, 165.4103831735, 12.2940809257, 29.0222301368, 2.0701287912],
      [0.1597592997, 0.32152255563, 0.7498842072, 0.86198468763, 0.077166419338, 0.53142068431, 1.262166718, 0.78957910757, 1.0470361996, 0.61970412144, 2.4540472643, 0.8800321606, 0.33192163483, 0.15905638578, 0.61562440053, 1.5512608945, 1.1241948979, 0.36152028898, 1.2453683508, 1.2227947863, 0.41204861782, 2.5673730705, 1.2013423114, 0.015353090557, 0, 1.042518691, 0.31998904773, 0.38198535601, 0.056047386071, 1.324502692, 0, 11.4235259676, 0.97109987599, 3.4949984651, 0.21543621621],
      [3.8670776882, 9.8080443155, 30.5010064093, 29.3982684051, 1.1396759582, 29.9496981983, 47.7005037796, 33.5934821371, 41.1472915828, 28.5688643558, 90.2950741886, 45.5836149889, 15.5957561311, 26.8705015376, 30.799536626, 62.7727747724, 34.4815310963, 15.8797339083, 38.8728517599, 93.9419596522, 30.5027427972, 79.2521983381, 35.6360122772, 1.037799923, 1.3022519219, 90.9556509269, 28.3350008667, 43.0267184564, 1.1549809482, 54.006825947, 0, 852.7151394249, 36.8369952255, 104.7318794158, 7.337844008],
      [1.1155731287, 0.97911444866, 6.1997734291, 4.2096518841, 0.75402565942, 2.7802955969, 7.5125101788, 5.2259401136, 3.4584074281, 5.1387824978, 15.5316911962, 8.4757029874, 1.7141596753, 1.0726917883, 3.9482992321, 10.7844604381, 6.3652295984, 2.729212663, 4.9632535538, 9.0161789856, 2.1805140425, 14.5086929874, 7.854157158, 0.11611199813, 0.23796127339, 5.5528839971, 2.1520210956, 2.3866414544, 0.26771257835, 10.4653612604, 0, 102.0885041631, 7.5141848458, 15.6928523167, 1.8964241909],
      [3.1688309645, 3.232085526, 11.7569600821, 10.982994915, 1.0291319631, 3.6261682457, 13.923337716, 11.0350141231, 8.3700165, 13.4729334899, 27.4007017174, 21.4050503344, 4.585014382, 3.2641684616, 11.1263182936, 26.8462146546, 18.9423070238, 7.6276637235, 14.3248353247, 21.1150307311, 7.9321551247, 26.0523833261, 13.009923028, 0.47518778753, 0.29363783596, 16.3727740409, 3.735096598, 5.4009083285, 0.3953989242, 22.9116368498, 1, 270.2069018411, 10.3704848807, 27.0508535783, 5.4778958089],
      [0.010165694861, 0, 0.017263051842, 0.010379314084, 0, 0, 0.010455033282, 0.0062268192044, 0, 0.014519938876, 0.036528596703, 0.016511711596, 0, 0.0049671542607, 0, 0.029870185965, 0.019988133854, 0.0076712706336, 0.0069384950608, 0.0093814560188, 0, 0.0096731945718, 0.02343654298, 0.0012685320569, 0, 0.026345552878, 0.010069432827, 0.015643611239, 0.001163136081, 0.0097182766673, 0, 0.15554542984, 0.013154246291, 0.0071860872018, 0.0022709848342]
    ],
    [
      [0.085525332863, 0.14871601637, 2.1512924901, 1.4338955933, 0, 0.64238328786, 0.73219053674, 2.0991048796, 0.55552741748, 0.98929649089, 1.912365317, 1.7813748297, 0.38158176765, 0.45165729926, 0.36354040917, 2.8017531173, 1.4993531091, 2.7267713214, 2.3171012826, 1.4843807808, 0.83423940797, 3.6842089687, 1.8067630618, 0.099879675977, 0.030995250294, 1.8788649888, 0.48898697166, 0.60409923902, 0.017311480016, 2.4887205328, 0, 18.4827145901, 2.3405790191, 4.2974817207, 0.9190412717],
      [0.84507335509, 2.3708671477, 4.8506742544, 3.2835962828, 0.11013660743, 3.7230072341, 2.6287880378, 5.1701999505, 5.5853543175, 2.8902355343, 6.6131258165, 5.6540970904, 1.3137514749, 1.5549716864, 1.9038454123, 8.3433716681, 5.3885474389, 3.3206098377, 8.9196618208, 3.9191633514, 1.8577895468, 12.2143764516, 6.2887893922, 0.21310579978, 0.059330766377, 8.446039143, 1.6881721709, 2.1767978077, 0.3587135403, 7.7471257456, 0, 49.3585435212, 7.0119649924, 20.0113032514, 3.6622570714],
      [0.41319742804, 1.5119094862, 4.464818114, 2.5198873753, 0.2320793183, 5.2670430818, 2.2329139813, 4.9621940563, 4.9573928871, 3.0010849316, 5.5062864271, 6.6349908132, 1.362174664, 6.4015516286, 2.1393248208, 7.6451873938, 3.727413644, 3.3057774492, 6.2203749948, 6.8635777534, 3.1658253437, 8.5786119679, 4.2164672432, 0.24588397703, 0.14836166102, 18.3525448733, 3.4933164676, 5.9474776989, 0.12770460372, 7.1814338255, 0, 82.9676740035, 6.0966338403, 13.4948659304, 2.8229875216],
      [1.4033363028, 1.6794233664, 9.9229036277, 3.9389157116, 2.5310809192, 5.346742315, 3.8427130119, 8.4235257521, 4.5593350827, 5.8987205451, 10.3203871249, 13.4638746667, 1.6562592517, 2.7973232304, 3.0054931856, 14.2782403335, 7.4968926444, 6.1934905473, 8.6734537909, 7.1455431674, 2.5354802336, 17.061396567, 10.1816457117, 0.35399944132, 0.73353409037, 12.1347441115, 2.8866912273, 3.5677769396, 0.3929373824, 15.1482698391, 0, 107.5036337615, 13.6539092623, 21.966757003, 8.0198155064],
      [0.19876853054, 0.28908398333, 0.98943392984, 0.54128405215, 0.12670315505, 0.36701059206, 0.37444449557, 0.93672520686, 0.58146475072, 0.81256371417, 0.95725372938, 1.7859647747, 0.23207430839, 0.45118380869, 0.44497863942, 1.8732712305, 1.174347582, 0.91312590103, 1.3168112892, 0.88402908419, 0.47305999747, 1.6164943513, 0.88562237641, 0.070141677827, 0.027778231936, 1.8957250973, 0.2653888239, 0.43025400422, 0.028387340187, 1.7462559522, 0, 15.0348387654, 0.98945377198, 1.997744058, 1.2114826008],
      [0.054099050671, 0, 0.62087758401, 0.28242098485, 0, 0.65381348917, 0.18894993658, 0.40825015462, 0.76092554452, 0.40809878387, 0.69058158508, 0.67969782528, 0.054158533335, 0.34331234656, 0.14281753278, 1.0581762567, 0.71344558159, 0.54022494328, 0.55259682172, 0.70330586284, 0.13360547046, 0.84491169348, 0.62071221481, 0.01698942806, 0, 1.2920817862, 0.17744433873, 0.27359431059, 0.074945653373, 0.68819410485, 0, 6.6525953583, 0.90745911392, 2.2318480366, 0.3644160281]
    ]
  ],
  "prob": [
    [0.39376806235, 0.012704426202, 0.22029251309, 0.077132641514, 0.2958392874, 0.00026306944876],
    [0.0049025785317, 0.69508821226, 0.050956027008, 0.099898694307, 0.067471333929, 0.081683153969],
    [0.12912977275, 0.18551383637, 0.18631847965, 0.38970861904, 0.1034582698, 0.005871022391],
