{
  "X": [
    [94, 190, 727, 856, 96, 144],
    [42, 41, 380, 287, 34, 54],
    [60, 108, 568, 566, 53, 68],
    [30, 30, 237, 251, 30, 30],
    [79, 118, 520, 730, 60, 99],
    [93, 153, 381, 839, 27, 47],
    [133, 101, 363, 1063, 47, 67],
    [72, 74, 205, 414, 10, 19],
    [106, 147, 494, 936, 57, 99],
    [23, 30, 181, 272, 16, 27],
    [55, 58, 428, 494, 47, 60],
    [32, 37, 230, 345, 33, 36],
    [3, 2, 30, 47, 1, 7],
    [0, 0, 7, 13, 1, 4],
    [5, 1, 15, 35, 2, 4],
    [50, 58, 337, 607, 32, 65],
    [0, 4, 8, 23, 2, 3],
    [63, 50, 370, 645, 52, 59],
    [0, 2, 22, 26, 4, 2],
    [39, 40, 163, 402, 33, 40],
    [119, 112, 777, 976, 79, 116],
    [93, 127, 427, 858, 22, 70],
    [74, 97, 224, 674, 31, 31],
    [88, 87, 415, 997, 76, 73],
    [141, 136, 587, 1384, 82, 141],
    [3, 2, 15, 31, 1, 3],
    [4, 6, 23, 40, 2, 6],
    [0, 11, 84, 97, 10, 14],
    [206, 212, 1089, 1952, 101, 159],
    [18, 32, 169, 193, 12, 24],
    [118, 194, 728, 1198, 46, 135],
    [21, 77, 159, 394, 5, 13]
  ],
  "W": [
    [148, 854, 987, 118],
    [48, 404, 341, 45],
    [101, 611, 631, 80],
    [44, 257, 268, 39],
    [113, 549, 849, 95],
    [98, 386, 1009, 47],
    [63, 381, 1243, 87],
    [56, 208, 483, 47],
    [119, 514, 1120, 86],
    [33, 200, 288, 28],
    [52, 440, 554, 96],
    [38, 244, 373, 58],
    [6, 28, 50, 6],
    [2, 7, 14, 2],
    [2, 16, 39, 5],
    [49, 336, 678, 86],
    [2, 10, 23, 5],
    [51, 396, 724, 68],
    [2, 20, 31, 3],
    [47, 175, 461, 34],
    [112, 780, 1110, 177],
    [107, 408, 1006, 76],
    [59, 233, 807, 32],
    [72, 426, 1123, 115],
    [102, 622, 1585, 162],
    [2, 10, 36, 7],
    [10, 17, 50, 4],
    [12, 82, 92, 30],
    [169, 1096, 2274, 180],
    [42, 163, 213, 30],
    [243, 728, 1246, 202],
    [42, 171, 424, 32]
  ],
  "method": "mvn_cdf",
  "mvncdf_method": "genz",
  "mvncdf_samples": 5000,
  "mvncdf_error": 0.001,
  "cond_prob": [
    [
      [0.015486809914, 0.53050321218, 0.2166958133, 0.13635379875, 0.0016767628111, 0.09928360305],
      [0.0094404822302, 0.040945086944, 0.70748964378, 0.064170230082, 0.082368118069, 0.095586438897],
      [0.083261535355, 0.077178819873, 0.046998873685, 0.75529941527, 0.016753145709, 0.020508210106],
      [0.012429194178, 0.0029061451902, 0.37580487728, 0.30116727476, 0.075204334392, 0.2324881742]
    ],
    [
      [0.022215968602, 0.35653493386, 0.35661827126, 0.14626743996, 0.0019987109656, 0.11636467536],
      [0.0084052554145, 0.018682564732, 0.78884667748, 0.044957937994, 0.06204229681, 0.077065267574],
      [0.10829855147, 0.047710516424, 0.067565237465, 0.7353800643, 0.017653016443, 0.023392613901],
      [0.013513428192, 0.0015395760654, 0.46996709564, 0.24559008904, 0.0626510079, 0.20673880317]
    ],
    [
      [0.017052209176, 0.47128359423, 0.27819516551, 0.15554970406, 0.0016330222986, 0.076286304721],
      [0.0087388599544, 0.032737147274, 0.77191605698, 0.060535286841, 0.063603793656, 0.062468855296],
      [0.082303428263, 0.063687011804, 0.052004713926, 0.77344197933, 0.014272179941, 0.014290686741],
      [0.01256025259, 0.0026431943773, 0.44308253727, 0.31575663344, 0.062092516016, 0.1638648663]
    ],
    [
      [0.02502004068, 0.35739538222, 0.32204367106, 0.20219916609, 0.0024591796586, 0.090882560297],
      [0.011025637377, 0.018507814242, 0.75394822701, 0.067392554753, 0.086150450884, 0.062975315734],
      [0.095092408908, 0.03533154981, 0.048225522543, 0.79057326398, 0.017069960816, 0.013707293947],
      [0.014891379919, 0.0012625531551, 0.41387036129, 0.33101834295, 0.081445659469, 0.15751170322]
    ],
    [
      [0.017396292433, 0.44360181319, 0.27286503137, 0.15491322914, 0.0018538432089, 0.10936979066],
      [0.0086603027592, 0.03033671887, 0.74182847152, 0.059046694374, 0.072075810052, 0.088052002424],
      [0.08379628336, 0.060065052493, 0.051079470368, 0.76819142976, 0.016292138592, 0.020575625428],
      [0.011964928083, 0.0023463882467, 0.40564158155, 0.29351206348, 0.067251266677, 0.21928377196]
    ],
    [
      [0.016382247447, 0.5681014188, 0.2139988127, 0.14346343519, 0.00074294041575, 0.057311145444],
      [0.010707159825, 0.04850577276, 0.76119314507, 0.073173053744, 0.04618016556, 0.060240703039],
      [0.085787088738, 0.077729012222, 0.045909941792, 0.77278760834, 0.0069495258438, 0.010836823067],
      [0.014944755764, 0.0037076455344, 0.42307300192, 0.3607039956, 0.044459071416, 0.15311152977]
    ],
    [
      [0.026371912016, 0.44695441541, 0.23826326574, 0.20030944036, 0.001647269971, 0.086453696509],
      [0.013922285637, 0.033745795684, 0.71842253041, 0.085253679381, 0.071116467176, 0.077539241711],
      [0.10011259503, 0.048091901427, 0.034635105763, 0.79200354682, 0.011686874063, 0.013469976894],
      [0.018324403314, 0.0023734505707, 0.35883900814, 0.38434993929, 0.060621419971, 0.17549177872]
    ],
    [
      [0.032970268702, 0.55304120611, 0.20004857139, 0.16913469479, 0.00018216686238, 0.044623092145],
      [0.017368110364, 0.051636137343, 0.75039218731, 0.094914069046, 0.037786247097, 0.047903248843],
      [0.13484683864, 0.066478456836, 0.039950013756, 0.75581674896, 0.00098447748359, 0.001923464322],
      [0.03000159435, 0.0038357710353, 0.39191166804, 0.41972002087, 0.035207587978, 0.11932335772]
    ],
    [
      [0.017927707798, 0.47561816593, 0.24941135135, 0.15292710232, 0.0016372922795, 0.10247838032],
      [0.0095818150679, 0.034887870207, 0.73440052966, 0.063316957548, 0.06826727317, 0.089545554342],
      [0.087333470925, 0.064503444281, 0.047229041346, 0.76673039389, 0.014585766037, 0.019617883521],
      [0.013117004552, 0.0026187834061, 0.39467035622, 0.30835718008, 0.062554951722, 0.21868172403]
    ],
    [
      [0.01880402221, 0.39688979325, 0.27539119799, 0.21518664398, 0.00149400913, 0.092234333444],
      [0.0092723676623, 0.026247845916, 0.74968217504, 0.081892737091, 0.058052576837, 0.074852297456],
      [0.070094431753, 0.04028196438, 0.039135472296, 0.82591898475, 0.010155613191, 0.014413533626],
      [0.012064192494, 0.0018522106482, 0.38230855133, 0.38055806148, 0.050548776157, 0.17266820789]
    ],
    [
      [0.019975296202, 0.39592689881, 0.31793696545, 0.17152040172, 0.0020455009857, 0.092594936827],
      [0.0090014641144, 0.023740506603, 0.77133984279, 0.058257587843, 0.070782565114, 0.066878033539],
      [0.088027839679, 0.048350667439, 0.053755652553, 0.77684616505, 0.01649416749, 0.016525507789],
      [0.012846012551, 0.0018719645332, 0.44059495266, 0.30286276065, 0.068870171973, 0.17295413764]
    ],
    [
      [0.019310914093, 0.3960428604, 0.29047389219, 0.19899920545, 0.0023530816006, 0.092820046268],
      [0.0090267677217, 0.02445423011, 0.73570974429, 0.07079968018, 0.090041071485, 0.069968506213],
      [0.076038230792, 0.042577424626, 0.044772784971, 0.80512266503, 0.016476262463, 0.015012632122],
      [0.012092997499, 0.0017613753861, 0.39221664993, 0.34227852025, 0.082670957897, 0.16897949904]
    ],
    [
      [0.014034213891, 0.22976036814, 0.37840929707, 0.2100527711, 0.00039393979988, 0.16734940999],
      [0.0054039757414, 0.003920357152, 0.79668288342, 0.062741172241, 0.026820657477, 0.10443095397],
      [0.054516371429, 0.010233355818, 0.058163052085, 0.84421904068, 0.0017487391995, 0.031119440786],
      [0.006444137405, 0, 0.41904514627, 0.29532975275, 0.02653683198, 0.25264413159]
    ],
    [
      [0, 0, 0.44457156621, 0.16074885839, 0.0042342439831, 0.39044533142],
      [0, 0, 0.66869917758, 0.050960849868, 0.065890894553, 0.214449078],
      [0, 0, 0.062775108162, 0.85487194279, 0.031332694599, 0.051020254448],
      [0, 0, 0.27555555515, 0.17678456753, 0.045818762887, 0.50184111443]
    ],
    [
      [0.035956187354, 0.26258698843, 0.30123289372, 0.2524777461, 0.0022045266678, 0.14554165773],
      [0.016819320117, 0.0090796563437, 0.72590073432, 0.078911726375, 0.067074492608, 0.10221407024],
      [0.11707652025, 0.0084500390162, 0.027774662001, 0.8057170433, 0.016770008521, 0.024211726918],
      [0.018598842764, 0, 0.3399821291, 0.36189843944, 0.053673746523, 0.22584684218]
    ],
    [
      [0.016255008857, 0.38789182204, 0.29606467549, 0.18589919101, 0.0015577451294, 0.11233155748],
      [0.0070369292125, 0.02451882258, 0.75823402621, 0.067298273668, 0.057419034044, 0.085492914282],
      [0.067790254465, 0.045134222692, 0.048548825046, 0.80742192735, 0.01198647931, 0.019118291133],
      [0.010201207247, 0.0017903877657, 0.40476854317, 0.32379829003, 0.052372582297, 0.20706898949]
    ],
    [
      [0, 0.67321756338, 0.11132745964, 0.14100355967, 0.0021737236179, 0.072277693685],
      [0, 0.060616819414, 0.6181002028, 0.10105435075, 0.10649698794, 0.11373163909],
      [0, 0.087929785574, 0.011945270571, 0.85355621838, 0.0231899206, 0.023378804873],
      [0, 0.0050023221775, 0.26432036591, 0.41513127007, 0.079462899917, 0.23608314193]
    ],
    [
      [0.020942005696, 0.35182646556, 0.31242733831, 0.20706322418, 0.0024898580147, 0.10525110824],
      [0.0091546433744, 0.018976836182, 0.74063315293, 0.069940711894, 0.086912704645, 0.07438195097],
      [0.079382975843, 0.033781168765, 0.046883742795, 0.80674867491, 0.016637293596, 0.016566144089],
      [0.012256535635, 0.0012420138636, 0.39458305001, 0.33319430912, 0.079561553509, 0.17916253786]
    ],
    [
      [0, 0.26714156122, 0.50736299419, 0.13138771314, 0.0045533892787, 0.089554342176],
      [0, 0, 0.80506488826, 0.040657176156, 0.11449657492, 0.039781360661],
      [0, 0.047125685276, 0.10418908533, 0.78682412159, 0.040911203123, 0.020949904684],
      [0, 0.0016068780084, 0.55137153374, 0.17751109376, 0.14423814209, 0.1252723524]
    ],
    [
      [0.020055868225, 0.37737977563, 0.26902678828, 0.20011678233, 0.0027151116162, 0.13070567392],
      [0.0092909542867, 0.023082931065, 0.67677432915, 0.071638324542, 0.12185121038, 0.097362250575],
      [0.078166098045, 0.039415292665, 0.04429191273, 0.8007886365, 0.017229954608, 0.02010810545],
      [0.011673117488, 0.0015643438384, 0.33828416414, 0.32041891201, 0.10604173128, 0.22201773124]
    ],
    [
      [0.022232736584, 0.38449253448, 0.3211380461, 0.1731971093, 0.0019005951069, 0.09703897843],
      [0.0095181978609, 0.022681849451, 0.77381355222, 0.059056247605, 0.065212546239, 0.069717606623],
      [0.096032029016, 0.045890995582, 0.053713004843, 0.77210285195, 0.015088309875, 0.017172808739],
      [0.0140688529, 0.0017287484213, 0.43975442219, 0.30228183598, 0.063126120455, 0.17904002005]
    ],
    [
      [0.01824873652, 0.47134920304, 0.26300504625, 0.16240577727, 0.00048593766684, 0.084505299243],
      [0.0097950736007, 0.034792683032, 0.77584286501, 0.067642835049, 0.037653701998, 0.07427284131],
      [0.08549772546, 0.061794750975, 0.049596389472, 0.78281923427, 0.0037766846592, 0.016515215166],
      [0.013687938819, 0.0026934357406, 0.42658688577, 0.33563362446, 0.036657230094, 0.18474088512]
    ],
    [
      [0.018801317881, 0.5394127436, 0.21224181569, 0.16636701756, 0.00158838473, 0.061588720536],
      [0.011611284143, 0.045433621415, 0.72430364391, 0.079929167055, 0.076598937458, 0.062123346024],
      [0.086351671422, 0.067511256825, 0.037793054464, 0.78484929218, 0.013449106495, 0.01004561861],
      [0.015609193824, 0.0033446899992, 0.38174965286, 0.38085847647, 0.068915747875, 0.14952223896]
    ],
    [
      [0.019068398864, 0.40111631524, 0.27820927709, 0.20552723984, 0.0027013164549, 0.093377452517],
      [0.0086760752597, 0.025305119442, 0.71181142225, 0.074744215726, 0.10832923345, 0.071133933873],
      [0.072643623426, 0.041971951557, 0.043661709409, 0.81047521154, 0.016411698289, 0.01483580578],
      [0.011758940122, 0.0017838506306, 0.37134927396, 0.34954208934, 0.097625344234, 0.16794050172]
    ],
    [
      [0.020148761515, 0.41540561573, 0.2521183548, 0.18956532682, 0.0019249848114, 0.12083695632],
      [0.010228075811, 0.02917399575, 0.70756729852, 0.075048847463, 0.07758776635, 0.10039401611],
      [0.082313946737, 0.047415185209, 0.040390630668, 0.79697881002, 0.014413461466, 0.018487965902],
      [0.013057762924, 0.0020329215039, 0.35282665754, 0.33810209668, 0.066041508986, 0.22793905237]
    ],
    [
      [0.015923695621, 0.29815841107, 0.41171084159, 0.16940361925, 0.0012837634693, 0.103519669],
      [0.0074093437387, 0.013336456285, 0.8439812702, 0.041518045757, 0.032429422592, 0.061325461422],
      [0.078396378684, 0.03502318786, 0.05936666605, 0.78897323499, 0.011915003074, 0.02632552934],
      [0.010255648391, 0.001354836009, 0.51422366243, 0.26328226346, 0.034885448066, 0.17599814165]
    ],
    [
      [0.013196456812, 0.32229054326, 0.38207967865, 0.12627628334, 0.0024489842281, 0.15370805371],
      [0.0059650741646, 0.016239410735, 0.8046326931, 0.033645084767, 0.046640607374, 0.092877129861],
      [0.074741884867, 0.049901401614, 0.071578900917, 0.74723688865, 0.019865281436, 0.036675642515],
      [0.0073837319389, 0.0014886260612, 0.48037559623, 0.20085657324, 0.047338940142, 0.26255653238]
    ],
    [
      [0, 0.39308662696, 0.3144651909, 0.19298404881, 0.0023713312337, 0.097092802093],
      [0, 0.011386149034, 0.76659198254, 0.075150984046, 0.07546817819, 0.071402706188],
      [0, 0.057886777061, 0.051130239365, 0.85433283219, 0.018244518122, 0.018405633258],
      [0, 0.00079042553317, 0.42206310397, 0.33077300536, 0.070155258214, 0.17621820692]
    ],
    [
      [0.019412637805, 0.4114756148, 0.29961627329, 0.17742705343, 0.001544071187, 0.090524349492],
      [0.0090454470933, 0.026556404979, 0.77268260434, 0.064450525445, 0.057759052484, 0.069505965663],
      [0.083765917012, 0.049684444896, 0.050160849697, 0.78844537803, 0.012111380017, 0.015832030343],
      [0.012898660624, 0.0020687419295, 0.43021635139, 0.32473479129, 0.054965846045, 0.17511560872]
    ],
    [
      [0.016056548944, 0.40175848433, 0.32345086123, 0.16539024372, 0.0013377391963, 0.092006122576],
      [0.0073616333784, 0.024718249648, 0.79473773502, 0.056331880029, 0.049282208324, 0.067568293597],
      [0.074218353007, 0.051809599518, 0.056508123825, 0.78808303659, 0.01144449553, 0.017936391533],
      [0.010572317108, 0.0020541422667, 0.46121942149, 0.30032755087, 0.049104581636, 0.17672198663]
    ],
    [
      [0.020696343291, 0.44294305771, 0.24748010909, 0.19936937655, 0.00044234465203, 0.089068768701],
      [0.011352276984, 0.033618862726, 0.74575147031, 0.084780763275, 0.044430460925, 0.080066165779],
      [0.081675173007, 0.04928106037, 0.039383917603, 0.81049778083, 0.0044977701312, 0.014664298057],
      [0.01454982856, 0.0024064539186, 0.37565792956, 0.38590401444, 0.039321352042, 0.18216042148]
    ],
    [
      [0.0087558498925, 0.66147372695, 0.14602968606, 0.15118318148, 0, 0.032557555618],
      [0.013761926064, 0.076511388688, 0.72714609503, 0.11235149668, 0.023828429613, 0.046400663924],
      [0.042306186369, 0.084855945185, 0.039713738651, 0.83285912498, 0, 0.0002650048112],
      [0.010660685219, 0.0048667263745, 0.36519205463, 0.47831035787, 0.028916829254, 0.11205334666]
    ]
  ],
  "expected_outcome": [
    [
      [2.2920478673, 1.0663664929, 1.7222731268, 1.1008817899, 1.965781045, 1.6054602498, 1.661430457, 1.8463350473, 2.1333972279, 0.62053273292, 1.0387154025, 0.73381473555, 0.084205283347, 0, 0.071912374707, 0.796495434, 0, 1.0680422905, 0, 0.94262580658, 2.4900664975, 1.9526148076, 1.109277755, 1.3729247182, 2.0551736745, 0.031847391243, 0.13196456812, 0, 3.280735789, 0.67437505565, 5.0292114198, 0.36774569548],
      [78.5144754027, 17.1136768251, 47.5996430169, 15.7253968175, 50.1270048904, 55.6739390427, 28.158128171, 30.9703075423, 56.598561746, 13.0973631772, 20.5881987384, 15.049628695, 1.3785622089, 0, 0.52517397687, 19.00669928, 1.3464351268, 17.9431497436, 0.53428312243, 17.7368494544, 43.0631638615, 50.4343647258, 31.8253518723, 28.880374697, 42.3713728043, 0.59631682213, 3.2229054326, 4.7170395236, 69.5393789009, 16.873856342, 107.6351630234, 27.781896532],
      [32.070980368, 17.1176770204, 28.0977117168, 14.1699215268, 30.8337485445, 20.9718836448, 15.0105857414, 11.202719998, 29.6799508107, 9.0879095337, 16.5327222033, 11.0380079032, 2.2704557824, 0.88914313242, 0.60246578743, 14.5071690989, 0.22265491928, 15.9337942538, 1.0147259884, 12.6442590493, 35.9674611638, 28.1415399492, 12.5222671257, 20.0310679506, 25.71607219, 0.82342168318, 3.8207967865, 3.7735822907, 50.6351501863, 13.5849361718, 60.1376665095, 6.1332468143],
      [20.1803622146, 7.0208371183, 15.7105201105, 8.8967633077, 17.505194893, 14.0594166485, 12.6194947424, 9.4715429081, 18.1983251763, 7.1011592513, 8.9190608896, 7.5619698072, 1.2603166266, 0.32149771678, 0.50495549219, 9.1090603594, 0.28200711934, 10.5602244331, 0.26277542628, 9.4054887693, 19.3980762412, 17.3774181681, 9.8156540363, 14.7979612682, 19.3356633352, 0.3388072385, 1.2627628334, 2.3158085857, 29.985172029, 6.9463902361, 48.4467585025, 6.3496936222],
      [0.24816089604, 0.095938126351, 0.16493525215, 0.10820390498, 0.2094842826, 0.072808160744, 0.10377800817, 0.010201344293, 0.19483778126, 0.049302301291, 0.10636605126, 0.089417100822, 0.0023636387993, 0.0084684879662, 0.0044090533356, 0.076329511341, 0.0043474472359, 0.12698275875, 0.0091067785573, 0.12761024596, 0.21286665198, 0.051995330352, 0.09371469907, 0.19449478476, 0.19634845077, 0.0025675269385, 0.024489842281, 0.028455974804, 0.26094803061, 0.056185046244, 0.10748975044, 0],
      [14.6939732514, 5.5855044171, 7.7049167768, 3.998832653, 12.3587863446, 5.6164922535, 5.44658288, 2.4988931601, 12.1949272578, 3.0437330037, 4.814936715, 3.5271617582, 1.0040964599, 0.78089066284, 0.29108331547, 5.5042463163, 0.14455538737, 5.3678065202, 0.17910868435, 6.1431666744, 10.8683655841, 9.042067019, 3.6337345116, 6.7231765812, 12.3253695451, 0.207039338, 1.5370805371, 1.1651136251, 15.2986150641, 3.8642571482, 21.6437107944, 1.367417336]
    ],
    [
      [8.0621718246, 3.3957231875, 5.3394434322, 2.8335888059, 4.7545062148, 4.1329636925, 5.3043908278, 3.6125669556, 4.9250529449, 1.8544735325, 3.9606442103, 2.2025313241, 0.15131132076, 0, 0.26910912188, 2.3644082154, 0, 3.6252387763, 0, 1.6259170002, 7.4241943315, 3.9963900291, 2.7054292052, 3.6960080606, 6.3618631542, 0.074093437387, 0.1014062608, 0, 9.9138100142, 1.1999462407, 8.2644576443, 2.353289357],
      [34.9671042499, 7.5477561515, 20.0023969846, 4.7565082603, 16.6548586596, 18.7232282855, 12.8571481557, 10.7403165673, 17.9323652864, 5.2495691831, 10.4458229053, 5.9668321469, 0.10977000026, 0, 0.1452745015, 8.2383243869, 0.60616819414, 7.5148271281, 0, 4.0395129364, 17.6918425718, 14.1954146771, 10.5860337897, 10.7799808823, 18.1462253564, 0.13336456285, 0.27606998249, 0.9336642208, 29.1058198574, 4.0290746926, 24.4745320645, 13.0834474656],
      [604.196155786, 318.6940577003, 471.6407108139, 193.7646943413, 407.2638308653, 293.8205539972, 273.7189840862, 156.0815749599, 377.4818722478, 149.9364350077, 339.3895308266, 179.5131776067, 22.3071207357, 4.680894243, 11.614411749, 254.7666328074, 6.181002028, 293.2907285621, 16.1012977653, 118.4355076014, 603.5745707325, 316.5438889236, 168.7627490301, 303.2316658779, 440.1068596805, 8.439812702, 13.6787557827, 62.8605425685, 846.8601343523, 129.5422508088, 542.9070703866, 124.3419822497],
      [54.8013764903, 18.1630069496, 36.9870602597, 17.3198865716, 32.4166352111, 28.2447987453, 32.4816518441, 19.7421263616, 32.5449161797, 16.3785474181, 25.6333386509, 17.275121964, 1.7567528227, 0.35672594908, 1.262587622, 22.6122199526, 1.0105435075, 27.69652191, 0.81314352313, 12.5367067949, 46.063873132, 27.5982767002, 18.6234959238, 31.8410358991, 46.6803831217, 0.41518045757, 0.57196644104, 6.1623806917, 70.6377758876, 9.1820964448, 61.7203956639, 19.2121059328],
      [70.3423728313, 25.0650879111, 38.861917924, 22.1406658772, 39.5696197187, 17.8255439063, 27.0953739942, 7.8595393962, 35.0893784093, 11.6105153674, 31.14432865, 21.9700214423, 0.75097840934, 0.46123626187, 1.0731918817, 19.2927954389, 1.0649698794, 34.4174310392, 2.2899314984, 21.3239618165, 50.8657860664, 15.3627104153, 17.8475524277, 46.1482534503, 48.2595906699, 0.32429422592, 0.79289032536, 6.1883906116, 63.3039215223, 8.0329999568, 32.3453755535, 4.0746614639],
      [81.6308188179, 31.1343681, 38.1684705856, 16.1846561437, 48.3405493305, 23.2529113732, 29.5424510919, 9.9638757594, 46.0264149319, 14.9704594912, 29.426334757, 17.0723155159, 2.9240667112, 1.501143546, 1.6354251239, 28.7256191988, 1.1373163909, 29.4552525843, 0.79562721323, 17.0383938507, 54.3797331658, 30.3033192546, 14.4747396235, 30.3030558299, 62.4450780173, 0.61325461422, 1.5789112076, 5.8550219074, 76.1785383661, 11.0136318563, 58.2881686873, 7.9345135311]
    ],
    [
      [82.1791353951, 36.929806051, 51.9334632338, 25.4847655873, 71.1430445723, 86.5591725368, 124.4399556269, 65.1310230626, 97.8134874358, 20.1871963448, 48.7674231823, 28.3622600854, 2.7258185715, 0, 4.5659842896, 45.9617925273, 0, 57.47327451, 0, 36.0345711987, 106.5955522076, 86.010711813, 69.6857988374, 81.5787891071, 130.4676055775, 2.8222696326, 3.7370942433, 0, 190.4836952845, 15.8085091904, 101.7672655668, 17.9378230205],
      [76.175495215, 16.2692861005, 40.1865044483, 9.4688553491, 50.9952295666, 78.4285733317, 59.7782334736, 32.1090946518, 72.2438575947, 11.6012057415, 26.7862697611, 15.8813793857, 0.51166779088, 0, 0.32955152163, 30.6010029853, 2.0223850682, 24.4575661856, 1.4608962435, 18.1704499187, 50.9390050961, 62.1655194808, 54.481584258, 47.1345015982, 75.1530685556, 1.2608347629, 2.4950700807, 5.3255834896, 112.9824276944, 11.0354446973, 61.4042012205, 35.9789207584],
      [46.3878883271, 23.0397459756, 32.8149744874, 12.9244400416, 43.3664703427, 46.3231312677, 43.0514364639, 19.2958566443, 52.896526307, 11.2710160214, 29.7806315146, 16.7002487942, 2.9081526042, 0.87885151426, 1.083211818, 32.9161033813, 0.27474122314, 33.9438297837, 3.2298616451, 20.4185717686, 59.6214353754, 49.8939678084, 30.4989949526, 49.0320996665, 64.0191496081, 2.1371999778, 3.5789450459, 4.7039820216, 114.0657722114, 12.0362303748, 49.0723613338, 16.8386251879],
      [745.4805228736, 250.7646019256, 488.0418889547, 211.8736347456, 652.1945238657, 779.7426968131, 984.4604086956, 365.0594897492, 858.7380411573, 237.8646676091, 430.3727754376, 300.3107540545, 42.2109520342, 11.9682071991, 31.4229646886, 547.4320667454, 19.6317930228, 584.0860406366, 24.3915477693, 369.1635614273, 857.0341656592, 787.516149673, 633.3733787928, 910.163662559, 1263.2114138813, 28.4030364597, 37.3618444326, 78.5986205618, 1792.9247896506, 167.8616867929, 1009.8802349167, 353.1322689932],
      [16.5353548144, 6.0196786071, 9.0057455426, 4.5747494986, 13.8320256644, 7.0120715764, 14.5267844601, 0.47550262458, 16.3360579613, 2.9248165989, 9.1377687894, 6.1456458988, 0.087436959976, 0.43865772439, 0.65403033232, 8.1268329723, 0.53336817381, 12.0454005634, 1.2682472968, 7.9430090741, 16.7480239611, 3.7993447672, 10.8534289412, 18.4303371781, 22.8453364235, 0.42894011068, 0.99326407179, 1.6784956672, 27.5412781589, 2.4376775479, 5.6042215835, 0],
      [20.2416033749, 7.9768813402, 9.0174233333, 3.6735547778, 17.4687059883, 10.9343544743, 16.7431812798, 0.92903326752, 21.9720295439, 4.1510976843, 9.155131315, 5.5997117814, 1.5559720393, 0.71428356227, 0.94425734979, 12.9622013884, 0.53771251207, 11.9938883207, 0.64944704521, 9.2698366126, 19.0618177006, 16.6143064575, 8.106814218, 16.6606098912, 29.3034259539, 0.94771905622, 1.8337821258, 1.6933182597, 36.0020370001, 3.8204513966, 18.2717153787, 0.11236203995]
    ],
    [
      [1.466644913, 0.60810426863, 1.0048202072, 0.58076381684, 1.1366681679, 0.70240352091, 1.5942230883, 1.4100749344, 1.1280623914, 0.33779738984, 1.2332172049, 0.70139385495, 0.03866482443, 0, 0.092994213822, 0.87730382327, 0, 0.83344442318, 0, 0.39688599458, 2.4901869634, 1.0402833502, 0.49949420238, 1.3522781141, 2.1153575938, 0.071789538737, 0.029534927756, 0, 2.3217589123, 0.31716951323, 2.9390653691, 0.341141927],
      [0.34292513244, 0.069280922943, 0.21145555018, 0.049239573048, 0.22290688344, 0.17425934012, 0.20649019965, 0.18028123866, 0.22521537292, 0.051861898148, 0.17970859519, 0.10215977239, 0, 0, 0, 0.15397334785, 0.025011610887, 0.084456942724, 0.0048206340251, 0.053187690504, 0.30598847057, 0.20470111628, 0.10703007997, 0.20514282252, 0.32933328364, 0.0094838520628, 0.0059545042447, 0.023712765995, 0.37237354731, 0.061624268002, 0.48610369156, 0.15573524398],
      [44.3449755189, 21.1485193037, 35.4466029819, 16.1409440903, 38.5359502474, 19.8844310904, 31.2189937085, 18.4198483979, 33.9416506345, 10.7046394373, 42.2971154556, 22.7485656959, 2.5142708776, 0.55111111029, 1.6999106455, 34.8100947123, 1.3216018296, 26.8316474005, 1.6541146012, 11.5016615807, 77.8365327284, 32.4206033187, 12.2159888917, 42.705166505, 57.1579185214, 3.599565637, 1.9215023849, 12.6618931191, 77.4389432499, 13.8365826446, 75.8829017701, 11.6861457481],
      [35.5377384216, 11.0515540066, 25.2605306751, 12.9097153751, 27.8836460303, 16.953087793, 33.4384447178, 19.7268409811, 26.5187174866, 10.6556257215, 29.074825022, 19.8521541743, 1.7719785165, 0.35356913506, 1.8094921972, 27.8466529425, 2.0756563503, 22.6572130203, 0.53253328128, 10.8942430085, 53.5038849676, 25.5081554587, 12.1874712471, 40.1973402737, 54.7725396618, 1.8429758442, 0.80342629298, 9.9231901607, 58.4522624327, 9.0098265262, 77.9526109169, 15.3059314518],
      [8.8741114582, 2.8192953555, 4.9674012813, 3.1763807193, 6.3888703343, 2.0895763566, 5.2740635375, 1.654756635, 5.3797258481, 1.4153657324, 6.6115365094, 4.794915558, 0.15922099188, 0.091637525774, 0.26836873262, 4.5040420775, 0.39731449958, 5.4101856386, 0.43271442628, 3.6054188635, 11.1733233205, 2.7859494871, 2.205303932, 11.2269145869, 10.6987244558, 0.24419813646, 0.18935576057, 2.1046577464, 9.8938522881, 1.4731374491, 7.9429131126, 0.92533853612],
      [27.4336045558, 9.3032461427, 13.1091893044, 6.1429564255, 20.8319583366, 7.196241899, 15.2677847482, 5.608197813, 18.8066282663, 4.8347098208, 16.603597213, 9.8008109445, 1.5158647896, 1.0036822289, 1.1292342109, 17.8079330965, 1.1804157096, 12.1830525748, 0.3758170572, 7.5486028623, 31.6900835495, 14.0403072689, 4.7847116468, 19.3131576978, 36.9261264837, 1.2319869916, 1.0502261295, 5.2865462077, 31.5208095697, 5.3016595988, 36.7964051397, 3.585707093]
    ]
  ],
  "prob": [
    [0.019181942686, 0.44703258139, 0.26646417197, 0.1736662459, 0.0014871003031, 0.09216795776],
    [0.0097015344525, 0.030628783337, 0.74765405281, 0.068579895565, 0.067099451201, 0.076336282638],
    [0.084074472913, 0.054035051958, 0.04614566131, 0.78753588276, 0.012367550842, 0.015841380214],
    [0.013286036239, 0.0022115361918, 0.40109529003, 0.33442066959, 0.062045423099, 0.18694104485]
  ],
  "iterations": 114,
  "logLik": -637.5869750737,
  "time": 0.084066,
  "message": "Converged",
  "status": 0,
  "miniter": 0,
  "maxiter": 1000,
  "maxtime": 3600,
  "param_threshold": 0.001,
  "ll_threshold": "-Inf",
  "initial_prob": "group_proportional",
  "adjust_prob_cond_method": "project_lp",
  "adjust_prob_cond_every": false,
  "candidates_id": ["ACT New Zealand.p", "Green Party.p", "Labour Party.p", "National Party.p", "New Zealand First Party.p", "Other parties votes.p"],
  "group_id": ["ELLEY, Jeanette Susan.c", "McCRACKEN, Hamish Kennedy.c", "COLEMAN, Jonathan David.c", "Other candidates votes.c"]
}
