{
  "X": [
    [18, 13, 37, 97, 185, 0],
    [19, 13, 39, 91, 188, 1],
    [17, 21, 48, 79, 169, 2],
    [14, 14, 45, 80, 154, 0],
    [11, 22, 22, 99, 162, 0],
    [33, 49, 41, 142, 278, 0],
    [24, 29, 37, 104, 161, 0],
    [30, 18, 58, 82, 145, 1],
    [20, 11, 35, 90, 153, 0],
    [23, 23, 29, 84, 128, 1],
    [31, 20, 47, 129, 278, 0],
    [23, 24, 58, 114, 257, 0],
    [33, 32, 63, 112, 211, 2],
    [35, 45, 23, 105, 233, 1],
    [22, 24, 23, 88, 137, 0],
    [43, 48, 44, 133, 182, 0],
    [40, 43, 42, 142, 169, 0],
    [31, 56, 47, 121, 252, 1],
    [38, 26, 55, 141, 222, 1],
    [30, 21, 51, 111, 182, 0],
    [47, 36, 49, 140, 262, 1],
    [15, 14, 32, 83, 147, 0],
    [15, 14, 31, 107, 209, 0],
    [13, 13, 28, 96, 148, 1],
    [20, 27, 50, 92, 138, 0],
    [37, 31, 42, 143, 200, 0],
    [13, 23, 30, 91, 135, 1],
    [34, 38, 28, 118, 198, 0],
    [53, 43, 47, 158, 225, 1],
    [25, 22, 57, 146, 201, 0],
    [12, 13, 42, 95, 123, 1],
    [17, 16, 52, 92, 212, 2],
    [23, 8, 40, 83, 173, 0],
    [19, 18, 41, 82, 235, 0],
    [40, 25, 27, 110, 200, 1],
    [26, 40, 25, 122, 159, 0],
    [45, 25, 29, 121, 224, 0],
    [23, 16, 40, 113, 196, 0],
    [8, 5, 18, 65, 180, 1],
    [19, 8, 49, 91, 148, 0],
    [17, 8, 40, 77, 141, 0],
    [23, 21, 33, 104, 170, 1],
    [14, 11, 37, 117, 265, 0],
    [19, 22, 13, 103, 120, 0],
    [16, 14, 19, 98, 128, 0],
    [32, 55, 18, 103, 104, 0],
    [22, 22, 18, 94, 98, 0],
    [35, 20, 55, 152, 235, 0],
    [8, 13, 27, 63, 104, 1],
    [20, 9, 24, 81, 137, 0],
    [9, 18, 19, 55, 102, 1],
    [13, 35, 17, 85, 99, 0],
    [12, 22, 12, 73, 99, 1],
    [157, 203, 148, 566, 1095, 2]
  ],
  "W": [
    [10, 17, 15, 88, 166, 54],
    [15, 11, 23, 87, 171, 44],
    [10, 15, 18, 79, 151, 63],
    [4, 4, 31, 64, 153, 51],
    [7, 12, 10, 80, 148, 59],
    [23, 34, 25, 139, 229, 93],
    [9, 12, 28, 88, 150, 68],
    [19, 15, 16, 90, 134, 60],
    [12, 6, 32, 77, 137, 45],
    [9, 20, 18, 78, 111, 52],
    [16, 17, 24, 127, 237, 84],
    [11, 16, 32, 109, 222, 86],
    [13, 23, 34, 99, 187, 97],
    [17, 27, 20, 103, 198, 77],
    [16, 18, 19, 74, 119, 48],
    [25, 38, 49, 122, 159, 57],
    [22, 32, 50, 123, 123, 86],
    [17, 24, 59, 100, 205, 103],
    [20, 17, 42, 123, 172, 109],
    [21, 13, 34, 84, 147, 96],
    [27, 22, 54, 127, 195, 110],
    [7, 4, 29, 53, 107, 91],
    [5, 3, 33, 84, 166, 85],
    [3, 7, 19, 71, 129, 70],
    [12, 18, 21, 79, 129, 68],
    [21, 28, 37, 127, 160, 80],
    [3, 16, 20, 74, 118, 62],
    [19, 31, 16, 100, 179, 71],
    [25, 32, 36, 141, 190, 103],
    [13, 16, 29, 131, 162, 100],
    [4, 7, 33, 82, 104, 56],
    [12, 9, 27, 81, 189, 73],
    [16, 6, 36, 67, 135, 67],
    [9, 19, 31, 72, 196, 68],
    [24, 18, 16, 104, 185, 56],
    [15, 29, 28, 101, 129, 70],
    [35, 16, 22, 120, 174, 77],
    [15, 12, 23, 87, 164, 87],
    [1, 1, 28, 52, 151, 44],
    [4, 4, 39, 75, 140, 53],
    [3, 10, 25, 71, 125, 49],
    [19, 18, 25, 94, 141, 55],
    [6, 5, 38, 101, 224, 70],
    [13, 17, 15, 97, 90, 45],
    [8, 8, 11, 86, 115, 47],
    [22, 41, 9, 91, 94, 55],
    [15, 18, 14, 87, 82, 38],
    [14, 12, 31, 141, 211, 88],
    [3, 7, 12, 56, 93, 45],
    [11, 7, 19, 79, 117, 38],
    [5, 13, 6, 56, 95, 29],
    [10, 24, 7, 86, 89, 33],
    [8, 17, 3, 81, 82, 28],
    [89, 154, 131, 464, 936, 397]
  ],
  "method": "mult",
  "cond_prob": [
    [
      [0.97917945869, 0.0024261858247, 6.6222092598e-06, 0.0094252737157, 0.0089624595601, 0],
      [0.043410563167, 0.95083277048, 6.6885988074e-07, 0.0049502768789, 0.00080572061882, 0],
      [0.073284214183, 0.0038467116188, 0.38197411502, 0.11324099655, 0.42765396262, 0],
      [0.029077472535, 0.0064398177143, 0.048093127855, 0.73718439017, 0.17920519173, 0],
      [0.0075943445361, 0.0013479262477, 0.085464937472, 0.0482946299, 0.85729816184, 0],
      [0.061045375571, 0.050693883776, 0.21968087625, 0.38532452319, 0.28325534122, 0]
    ],
    [
      [0.97452779178, 0.0040563734727, 7.9773852858e-06, 0.010880418187, 0.010527439179, 1.9553036872e-14],
      [0.026152038025, 0.96985659263, 4.8275506491e-07, 0.0034238451703, 0.00056704112246, 2.9981141571e-10],
      [0.062779494786, 0.0054829201332, 0.39209622472, 0.11144428189, 0.42819707802, 4.4475051477e-10],
      [0.025196149874, 0.0092803155799, 0.049927181071, 0.73361100344, 0.18140668593, 0.00057866410699],
      [0.0064647696632, 0.0019075044962, 0.087137585097, 0.047190662818, 0.85225822723, 0.0050412506969],
      [0.051550875439, 0.071320020406, 0.22229406572, 0.37377990085, 0.27953266995, 0.0015224676406]
    ],
    [
      [0.97752833077, 0.0044719727555, 8.919588664e-06, 0.0086033112256, 0.0093874656562, 3.8548707114e-14],
      [0.024023241813, 0.97300663772, 4.9889818205e-07, 0.0025022742513, 0.00046734677303, 5.46316838e-10],
      [0.06390218694, 0.0061872360343, 0.44876799209, 0.090203538826, 0.39093904522, 8.9754526302e-10],
      [0.030023025862, 0.012264640528, 0.066926993189, 0.69546498036, 0.19395255736, 0.0013678027059],
      [0.0070321324897, 0.0023021106351, 0.10665414399, 0.040847403533, 0.83227957993, 0.010884629423],
      [0.055337344336, 0.084782326473, 0.26835934666, 0.31911341823, 0.2691663706, 0.0032411937036]
    ],
    [
      [0.97961212919, 0.0052887314436, 6.3774627288e-06, 0.0082718988641, 0.0068208630349, 0],
      [0.018861055526, 0.97893434371, 2.8640397205e-07, 0.0019316713272, 0.00027264303421, 0],
      [0.082183603065, 0.0096122832803, 0.42119685007, 0.11393576057, 0.37307150301, 0],
      [0.032540359903, 0.016082146366, 0.053031475624, 0.74216049783, 0.15618552028, 0],
      [0.0094174619841, 0.0037300902288, 0.10447492839, 0.053817206313, 0.82856031309, 0],
      [0.063768037013, 0.11862007268, 0.22584205686, 0.36150865893, 0.23026117452, 0]
    ],
    [
      [0.96867021103, 0.0066853776463, 5.5681413154e-06, 0.013297142571, 0.01134170061, 0],
      [0.0157193512, 0.98131577007, 2.0832608516e-07, 0.0025869812906, 0.00037768911785, 0],
      [0.06488281218, 0.0095939178557, 0.29096878457, 0.14460680017, 0.48994768522, 0],
      [0.020995208226, 0.013107405821, 0.029870742426, 0.76851207186, 0.16751457167, 0],
      [0.0060020579039, 0.0030035333292, 0.058124186076, 0.055099424389, 0.8777707983, 0],
      [0.046403191838, 0.10867450084, 0.14364313934, 0.4226270029, 0.27865216509, 0]
    ],
    [
      [0.97491042628, 0.0052648046152, 5.1710487074e-06, 0.0095094484528, 0.0103101496, 0],
      [0.021402805962, 0.97573797122, 2.521674768e-07, 0.002411456941, 0.00044751371241, 0],
      [0.075791926325, 0.008465746576, 0.30131213908, 0.11583012982, 0.4986000582, 0],
      [0.028855185214, 0.013579280119, 0.036480711366, 0.7207872321, 0.2002975912, 0],
      [0.0069846026225, 0.0026331524331, 0.060024298233, 0.043855908616, 0.8865020381, 0],
      [0.058910028178, 0.10387187255, 0.16191747576, 0.36720963518, 0.30809098833, 0]
    ],
    [
      [0.98129746877, 0.0050118574347, 4.3620060274e-06, 0.0074386352352, 0.0062476765494, 0],
      [0.021493401102, 0.97630308133, 2.1723309452e-07, 0.0019263621619, 0.00027693817715, 0],
      [0.10216937826, 0.011033978581, 0.34874222254, 0.12408794131, 0.41396647931, 0],
      [0.037403164182, 0.017042231878, 0.040572091793, 0.74495158258, 0.16003092957, 0],
      [0.010856130275, 0.0039636954375, 0.080107301031, 0.054256620428, 0.85081625283, 0],
      [0.075472160851, 0.12903054324, 0.17800255778, 0.37435898503, 0.2431357531, 0]
    ],
    [
      [0.9824556965, 0.0032176883106, 9.5881402959e-06, 0.0069877247229, 0.0073293023281, 1.7711677938e-14],
      [0.033715637746, 0.9629873346, 7.3741142513e-07, 0.0027945715262, 0.00050171836945, 3.4514601861e-10],
      [0.070001166797, 0.0047821508659, 0.51857145068, 0.078694246939, 0.32795098427, 4.4298349466e-10],
      [0.037003944356, 0.010656835756, 0.086887232789, 0.68180830616, 0.18288470348, 0.00075897746197],
      [0.0088443813075, 0.0020404553228, 0.14125089116, 0.040867628358, 0.80083251875, 0.0061641251081],
      [0.064377566231, 0.069573565196, 0.32912224807, 0.29552130886, 0.23970663451, 0.0016986771322]
    ],
    [
      [0.97773532057, 0.0041020899215, 5.9161071722e-06, 0.0097955387614, 0.008361134639, 0],
      [0.025141747535, 0.9714537986, 3.4497514253e-07, 0.0029701592559, 0.0004339496324, 0],
      [0.078367173333, 0.0069356773052, 0.3636576765, 0.12550513891, 0.42553433395, 0],
      [0.028678249409, 0.010708285669, 0.04223879887, 0.75398754719, 0.16438711886, 0],
      [0.0081338008522, 0.0024327453103, 0.081499397375, 0.053584564831, 0.85434949163, 0],
      [0.060716574144, 0.085318974748, 0.19455897281, 0.39731200488, 0.26209347342, 0]
    ],
    [
      [0.98450841597, 0.0027875036369, 4.2623656758e-06, 0.006601001817, 0.0060988162147, 1.6992318122e-14],
      [0.038273272471, 0.95818937596, 3.7923633624e-07, 0.0030539991541, 0.00048297279292, 3.830712458e-10],
      [0.10562036111, 0.0063624895469, 0.35449895796, 0.11419151742, 0.41932667332, 6.5271337839e-10],
      [0.041175065761, 0.010467627316, 0.043803508008, 0.73113800505, 0.17259003618, 0.00082575769199],
      [0.011053520052, 0.0022523542857, 0.080030840256, 0.049194106523, 0.84992467648, 0.0075445023996],
      [0.084255871555, 0.080276047658, 0.19512158556, 0.37226421822, 0.26590957781, 0.0021726992001]
    ],
    [
      [0.98072700342, 0.002967159524, 5.125387556e-06, 0.0077941823656, 0.0085065292988, 0],
      [0.03673004051, 0.95923889561, 4.2947318729e-07, 0.0033961911705, 0.00063444324026, 0],
      [0.085514731084, 0.0053880249238, 0.33734708674, 0.10721346123, 0.46453669602, 0],
      [0.034768012862, 0.0092337098835, 0.043623327353, 0.71300783543, 0.19936711447, 0],
      [0.0083499567541, 0.0017765468626, 0.07122885449, 0.043033503911, 0.87561113798, 0],
      [0.070632775652, 0.070350287064, 0.19264348601, 0.36129780951, 0.30507564177, 0]
    ],
    [
      [0.97817333475, 0.0041422452526, 6.8926112467e-06, 0.0084510017341, 0.0092265256537, 0],
      [0.026340505451, 0.97049640688, 4.1794031346e-07, 0.0026647044678, 0.00049796526225, 0],
      [0.072706532685, 0.0064508570656, 0.38899129711, 0.099703634623, 0.43214767852, 0],
      [0.031445942736, 0.011764366351, 0.053537527627, 0.70589833403, 0.19735382926, 0],
      [0.0075007743135, 0.0022483619225, 0.086834151738, 0.042301135995, 0.86111557603, 0],
      [0.060881159531, 0.085409198287, 0.2252441922, 0.34072361201, 0.28774183797, 0]
    ],
    [
      [0.98347786083, 0.00328035649, 5.8139867616e-06, 0.0066490923955, 0.006586876295, 2.2193464764e-14],
      [0.033614962213, 0.96328323471, 4.4589176164e-07, 0.0026517182385, 0.00044963851314, 4.3126892909e-10],
      [0.092418550852, 0.0064369548523, 0.41346493779, 0.098848354587, 0.38883120118, 7.3291731967e-10],
      [0.040498833626, 0.011891171848, 0.05764357208, 0.70906979199, 0.17985580151, 0.001040828949],
      [0.010262623364, 0.0024143295703, 0.099316853046, 0.045128350707, 0.83392945727, 0.0089483860428],
      [0.077297546755, 0.085056560283, 0.23911777715, 0.33741301927, 0.25856041951, 0.0025546770322]
    ],
    [
      [0.98172384975, 0.0043558896292, 2.5306220069e-06, 0.0065633795404, 0.0073543504587, 1.0873186349e-14],
      [0.025599885697, 0.97202512842, 1.4774872362e-07, 0.0019926568295, 0.00038218114126, 1.6084995728e-10],
      [0.11371553884, 0.01051439329, 0.22168490784, 0.12003399849, 0.53405116109, 4.4170983947e-10],
      [0.041220581639, 0.016065178488, 0.025532057171, 0.71234724567, 0.20431611684, 0.00051882019242],
      [0.0099028415034, 0.003092232215, 0.041708243151, 0.042967483078, 0.8981010584, 0.0042281416521],
      [0.084276793037, 0.12308661221, 0.11352691672, 0.36308300351, 0.31466250491, 0.0013641696138]
    ],
    [
      [0.97590214264, 0.0046094693123, 4.8694009341e-06, 0.010451200433, 0.0090323182138, 0],
      [0.023563434787, 0.97304096791, 2.6501976027e-07, 0.0029577891075, 0.00043754317516, 0],
      [0.080253029105, 0.0079498291704, 0.30600167865, 0.13661785888, 0.46917760419, 0],
      [0.027218519553, 0.011369772242, 0.032869154516, 0.76066125496, 0.16788129873, 0],
      [0.0077142149861, 0.0025818486975, 0.063378578629, 0.053993413892, 0.87233194379, 0],
      [0.059527067125, 0.093268114422, 0.15656442055, 0.41406228918, 0.27657810872, 0]
    ],
    [
      [0.98054094966, 0.0040035899176, 4.7783834665e-06, 0.008475251888, 0.0069754301487, 0],
      [0.028120525656, 0.96867739848, 3.0427799417e-07, 0.0028064166565, 0.00039535493193, 0],
      [0.095074769111, 0.008026219042, 0.3473765594, 0.12872569422, 0.42079675822, 0],
      [0.034089886967, 0.012124729703, 0.039584990969, 0.75505248068, 0.15914791168, 0],
      [0.009982750011, 0.0028442967961, 0.07879992757, 0.05552404845, 0.85284897717, 0],
      [0.071942336316, 0.095870487324, 0.18167178783, 0.39743566894, 0.25307971959, 0]
    ],
    [
      [0.9797619667, 0.0040094104799, 4.4108449724e-06, 0.0086654271938, 0.0075587847799, 0],
      [0.027982408309, 0.96873000671, 2.799786338e-07, 0.0028602543309, 0.00042705066656, 0],
      [0.093866869067, 0.0079491329402, 0.3169525384, 0.13015152122, 0.45107993837, 0],
      [0.033141255452, 0.011825038399, 0.035582669429, 0.75148417313, 0.16796686359, 0],
      [0.0093395474693, 0.0026695630469, 0.068163929204, 0.053203951118, 0.86662300916, 0],
      [0.070685727677, 0.094507649355, 0.16500300241, 0.39984453579, 0.26995908478, 0]
    ],
    [
      [0.97462751663, 0.0071939680144, 4.6462813195e-06, 0.0089779159306, 0.0091959531467, 1.3470583527e-14],
      [0.015624830323, 0.98241498859, 1.6596674669e-07, 0.0016676383143, 0.00029237668337, 1.2191850603e-10],
      [0.082873970811, 0.012689311447, 0.29661115082, 0.11997034219, 0.48785522433, 3.9987892762e-10],
      [0.030586323783, 0.019735176953, 0.034856610844, 0.72433345728, 0.19001035478, 0.00047807635807],
      [0.0077309335952, 0.0039960902589, 0.059884827989, 0.045988072244, 0.8783023653, 0.0040977106151],
      [0.060602094066, 0.14655971069, 0.15005136118, 0.35794946844, 0.28361902635, 0.0012183392738]
    ],
    [
      [0.98021964059, 0.0035507556529, 5.3153115432e-06, 0.0081681796298, 0.0080561088133, 1.3316974567e-14],
      [0.031144633518, 0.96534635268, 3.7564932762e-07, 0.0030018716684, 0.00050676624398, 2.3846635294e-10],
      [0.086428439332, 0.0064841172846, 0.35153288793, 0.11298898484, 0.44256557021, 4.0926040257e-10],
      [0.034011810613, 0.010751995308, 0.04401698953, 0.72694962993, 0.18374787804, 0.00052169658241],
      [0.008712706486, 0.0022062739119, 0.076644629209, 0.046801235126, 0.86110128882, 0.0045338664487],
      [0.069342242383, 0.082207102991, 0.19504553127, 0.36978403665, 0.28225283544, 0.0013682512653]
    ],
    [
      [0.97629729586, 0.0042339982596, 6.9929896467e-06, 0.010109552448, 0.0093521604387, 0],
      [0.025885454182, 0.97051684431, 4.1310660009e-07, 0.0031055472569, 0.00049174114443, 0],
      [0.070994048514, 0.0063868710692, 0.38252410541, 0.11554378121, 0.4245511938, 0],
      [0.027740909207, 0.010517378287, 0.047509738664, 0.73923309418, 0.17499887967, 0],
      [0.0074011981812, 0.0022476010838, 0.086173377104, 0.049492482991, 0.85468534064, 0],
      [0.057003281471, 0.081097385292, 0.21228519364, 0.37867271752, 0.27094142208, 0]
    ],
    [
      [0.97953292476, 0.0041669611143, 4.2401439248e-06, 0.0077971766201, 0.0084986973656, 1.2020168825e-14],
      [0.026931704908, 0.97014070161, 2.5799440243e-07, 0.00246706577, 0.00046026953041, 1.8531385745e-10],
      [0.091421837082, 0.0080160234379, 0.29521154931, 0.11361924325, 0.49173134654, 3.8915397717e-10],
      [0.035217874387, 0.013007910247, 0.036197057088, 0.71526641709, 0.19982529826, 0.00048544292459],
      [0.0085030246589, 0.0025155513131, 0.059393638785, 0.043404597372, 0.88220899709, 0.0039741907802],
      [0.0715285022, 0.099053490049, 0.15976730278, 0.36255904292, 0.30582320776, 0.0012684542799]
    ],
    [
      [0.97441164657, 0.0050424218711, 5.3503512191e-06, 0.010352324067, 0.010188257141, 0],
      [0.020573999212, 0.97638873632, 2.5833273466e-07, 0.0025991651526, 0.00043784098722, 0],
      [0.072698196803, 0.0079985566763, 0.30818313385, 0.12444856956, 0.4866715431, 0],
      [0.02631534482, 0.012220252293, 0.035461652505, 0.73999569105, 0.18600705933, 0],
      [0.0067930266624, 0.0025275697401, 0.062280118245, 0.047864943904, 0.88053434145, 0],
      [0.055577105472, 0.097006486328, 0.16281048289, 0.38883033065, 0.29577559466, 0]
    ],
    [
      [0.97472382055, 0.0052710550433, 4.322309464e-06, 0.010013162386, 0.0099876397128, 0],
      [0.019552301069, 0.97764622857, 1.986262385e-07, 0.0023927546503, 0.00040851708054, 0],
      [0.078348961443, 0.009023773259, 0.26834339766, 0.12986785929, 0.51441600835, 0],
      [0.02724917874, 0.013247809884, 0.029703763818, 0.74077097136, 0.1890282762, 0],
      [0.007009133661, 0.002730345694, 0.051978464321, 0.047837059552, 0.89044499677, 0],
      [0.058181043725, 0.10636264506, 0.13778893847, 0.39386955107, 0.30379782167, 0]
    ],
    [
      [0.97999611024, 0.0034300906463, 4.3189024657e-06, 0.0090104490911, 0.0075590311195, 1.7929484057e-14],
      [0.029601530899, 0.96660838422, 3.054694113e-07, 0.003313916248, 0.00047586283995, 3.213141115e-10],
      [0.089892972327, 0.0068406803386, 0.31322844773, 0.13617404066, 0.45386385834, 6.0169814372e-10],
      [0.030587313601, 0.0098360898121, 0.033878281243, 0.76174645793, 0.16328673238, 0.00066512503319],
      [0.0087951747311, 0.0022675438838, 0.066321917088, 0.054940839914, 0.86116821315, 0.0065063112333],
      [0.067335708152, 0.081282823794, 0.16209900357, 0.41698648717, 0.27041506359, 0.0018809137252]
    ],
    [
      [0.97755745063, 0.0047886626447, 8.8396155114e-06, 0.0095028618372, 0.0081421852736, 0],
      [0.022731535571, 0.97428601124, 4.6520931511e-07, 0.0026005906768, 0.00038139729937, 0],
      [0.067314594244, 0.0069420254135, 0.46595761956, 0.10439705905, 0.35538870173, 0],
      [0.028864572185, 0.012555116145, 0.063409581004, 0.73432686421, 0.16084386645, 0],
      [0.0080133779648, 0.0027930412642, 0.11975334883, 0.051118978007, 0.81832125393, 0],
      [0.055734579731, 0.090895028112, 0.26639739112, 0.35306981803, 0.23390318301, 0]
    ],
    [
      [0.97992403041, 0.0032927116328, 4.7555127056e-06, 0.0088198382745, 0.0079586641696, 0],
      [0.033698709659, 0.96224766554, 3.6404370193e-07, 0.0035109812192, 0.00054227954185, 0],
      [0.089327812238, 0.0062209370607, 0.32577567042, 0.12623403956, 0.45244154072, 0],
      [0.032354509387, 0.0094945245967, 0.03750808071, 0.74776206367, 0.17288082163, 0],
      [0.0088726414824, 0.0020858214915, 0.069925715342, 0.051520456144, 0.86759536554, 0],
      [0.069387528164, 0.076312718401, 0.17491104346, 0.40003835242, 0.27935035756, 0]
    ],
    [
      [0.98033053228, 0.003834105051, 4.8316157568e-06, 0.0085281992852, 0.007302331767, 1.9239911492e-14],
      [0.027221642437, 0.96946801924, 3.1453428203e-07, 0.0028869101225, 0.00042311334882, 3.1735573289e-10],
      [0.088445172135, 0.0075287722026, 0.34527624271, 0.12691514832, 0.43183466399, 6.3579082764e-10],
      [0.03186755257, 0.011462712663, 0.039524007866, 0.75189992977, 0.16450148873, 0.0007443084072],
      [0.0089960137557, 0.0025949551951, 0.075968600444, 0.05323605779, 0.85205255181, 0.0071518210057],
      [0.067459972201, 0.090904771885, 0.18189278508, 0.3957508239, 0.26196750646, 0.0020241404749]
    ],
    [
      [0.98075218497, 0.0035957921155, 3.6567431737e-06, 0.0082921363078, 0.0073562298589, 0],
      [0.030887581474, 0.96561420071, 2.5753750457e-07, 0.0030368252108, 0.00046113507086, 0],
      [0.10073667659, 0.0076877715373, 0.28400348196, 0.13432804475, 0.47324402517, 0],
      [0.034471581122, 0.01108787413, 0.030850034846, 0.75270675543, 0.17088375447, 0],
      [0.0096569668993, 0.002488660998, 0.058769614413, 0.052924981572, 0.87615977612, 0],
      [0.075020094041, 0.090413199528, 0.14607798188, 0.40832991295, 0.2801588116, 0]
    ],
    [
      [0.98344159467, 0.0032298244151, 3.8245872829e-06, 0.0070074315154, 0.0063173248133, 1.0132780939e-14],
      [0.034746967724, 0.961958172, 2.9956225294e-07, 0.0028541424022, 0.00044041811296, 2.0109386181e-10],
      [0.11013972962, 0.0074675841556, 0.32030956553, 0.12272499474, 0.43935812556, 3.9428458826e-10],
      [0.04058605871, 0.011592507408, 0.037544917614, 0.73901018028, 0.17079580138, 0.00047053461267],
      [0.011179254528, 0.0025578302669, 0.070290398822, 0.05117144802, 0.86040582267, 0.0043952456912],
      [0.084663394428, 0.090615219054, 0.17025277332, 0.38474395387, 0.26846192332, 0.0012627360018]
    ],
    [
      [0.97749533207, 0.0037043183325, 7.2603251499e-06, 0.009734920992, 0.0090581682789, 0],
      [0.029491666415, 0.96653700033, 4.9125871659e-07, 0.0034253079921, 0.00054553400054, 0],
      [0.070957561636, 0.0056125668091, 0.39876881491, 0.11172809299, 0.41293296366, 0],
      [0.028557567484, 0.0095223986178, 0.051045613858, 0.73547620207, 0.17539821797, 0],
      [0.0075583722525, 0.0020191848307, 0.091860242852, 0.048932247044, 0.84962995302, 0],
      [0.058186732964, 0.072754385456, 0.22607641757, 0.37378772326, 0.26919474074, 0]
    ],
    [
      [0.97658931865, 0.0044777309224, 7.624203435e-06, 0.010379003747, 0.0085463224728, 2.6291117534e-14],
      [0.022812564762, 0.97384555012, 4.137244009e-07, 0.0029286951637, 0.00041277587098, 3.6148757987e-10],
      [0.068263116086, 0.0067541908752, 0.41809948889, 0.11863092476, 0.38825227872, 6.6731952494e-10],
      [0.026345420475, 0.011011131863, 0.051282286059, 0.7521941048, 0.15833058815, 0.00083646865661],
      [0.0075131372016, 0.0025169637406, 0.099546591254, 0.053810953211, 0.82848881241, 0.0081235421801],
      [0.05414972757, 0.085016949232, 0.22912887217, 0.38459762975, 0.24489714715, 0.0022096741357]
    ],
    [
      [0.97260340959, 0.0051693933591, 9.2238974769e-06, 0.010907186141, 0.011310787015, 3.715774848e-14],
      [0.020635915125, 0.97616381465, 4.4193880013e-07, 0.0027174712442, 0.00048235659536, 4.5109157617e-10],
      [0.057216917498, 0.00638918653, 0.41368753614, 0.10214527975, 0.4205610793, 7.72835195e-10],
      [0.024485060298, 0.011531467505, 0.056274352814, 0.71661439944, 0.19002255906, 0.0010721608819],
      [0.0059565156632, 0.0022474158016, 0.093106299188, 0.043734338162, 0.84610383039, 0.0088516007932],
      [0.047718180746, 0.084393920754, 0.23844080856, 0.34788068222, 0.27887987582, 0.0026865318965]
    ],
    [
      [0.9772969635, 0.0028112940461, 6.4689298742e-06, 0.0097692603386, 0.010116013183, 0],
      [0.036988225971, 0.95792698651, 5.4995873222e-07, 0.0043187643783, 0.00076547318616, 0],
      [0.070513589586, 0.0042405736453, 0.35427471979, 0.11167010201, 0.45930101497, 0],
      [0.028007764308, 0.0071023118899, 0.044694658066, 0.727700722, 0.19249454373, 0],
      [0.0069221765963, 0.0014058946639, 0.075122088256, 0.045062475901, 0.87148736458, 0],
      [0.05857762245, 0.055864196858, 0.2033219897, 0.37895892686, 0.30327726413, 0]
    ],
    [
      [0.97915624683, 0.0029596685183, 5.6224784227e-06, 0.0082624735149, 0.0096159886537, 0],
      [0.036202572242, 0.95946901641, 4.7228214686e-07, 0.0036089938782, 0.00071894518696, 0],
      [0.076572751647, 0.0048902543427, 0.33708683906, 0.10345857412, 0.47799158083, 0],
      [0.031815075225, 0.0085714385782, 0.044539936436, 0.70530969625, 0.20976385351, 0],
      [0.0073001772881, 0.0015761805137, 0.069515876645, 0.040582395519, 0.88102537003, 0],
      [0.064365949852, 0.06500123395, 0.19586063572, 0.35525932612, 0.31951285435, 0]
    ],
    [
      [0.98178510169, 0.0035612417734, 3.599458054e-06, 0.0075836274575, 0.0070664296243, 1.2139114307e-14],
      [0.030879371743, 0.96591576309, 2.5226704678e-07, 0.0027638037028, 0.00044080898588, 2.1556491571e-10],
      [0.10474714647, 0.0078825095307, 0.28958171246, 0.12718152169, 0.47060710939, 4.521744231e-10],
      [0.037272981117, 0.011820468188, 0.032686009587, 0.74102473109, 0.17667455495, 0.00052125507269],
      [0.010058017168, 0.002555022677, 0.059977214168, 0.050177410271, 0.87245972858, 0.0047726071322],
      [0.079090505456, 0.094101046637, 0.1509631512, 0.39197130613, 0.28245119754, 0.0014227930406]
    ],
    [
      [0.97707748817, 0.0046041649537, 3.7285392213e-06, 0.0099264420861, 0.0083881762477, 0],
      [0.024071475157, 0.97265963523, 2.0627268297e-07, 0.0028556422737, 0.00041304107152, 0],
      [0.090871380182, 0.0089481336591, 0.26321484947, 0.14617404598, 0.49079159071, 0],
      [0.029085756165, 0.012074241057, 0.026751408242, 0.7663398106, 0.16574878394, 0],
      [0.0084322201562, 0.0028047640121, 0.052743122545, 0.055765332874, 0.88025456041, 0],
      [0.064869387827, 0.10089619044, 0.12979052967, 0.42596931381, 0.27847457826, 0]
    ],
    [
      [0.9772607306, 0.0043612606546, 4.0755438814e-06, 0.0087005016914, 0.0096734315138, 0],
      [0.025453356641, 0.97144577054, 2.3465136593e-07, 0.0026049081313, 0.00049573003902, 0],
      [0.085255416163, 0.0078341753709, 0.26569826915, 0.11839713584, 0.52281500347, 0],
      [0.03169274546, 0.012267632133, 0.031358084319, 0.7197223537, 0.20495918439, 0],
      [0.0075723071725, 0.0023474107399, 0.050930638433, 0.043185139401, 0.89596450425, 0],
      [0.066029532979, 0.095913277803, 0.14215305859, 0.37409066847, 0.32181346215, 0]
    ],
    [
      [0.97588268172, 0.0035734477246, 6.1675843239e-06, 0.010672728099, 0.0098649748678, 0],
      [0.030146286871, 0.96539473099, 4.2779823949e-07, 0.0038495140745, 0.00060904026172, 0],
      [0.071647840349, 0.0054823149327, 0.34339609485, 0.12405986223, 0.45541388764, 0],
      [0.026371934972, 0.0085076844259, 0.040163517341, 0.74804443945, 0.17691242381, 0],
      [0.0070651401713, 0.0018259365883, 0.073169985774, 0.050294198212, 0.86764473925, 0],
      [0.056675294378, 0.068611100065, 0.18770304479, 0.40062921264, 0.28638134813, 0]
    ],
    [
      [0.97756756061, 0.0035298774881, 3.2468493049e-06, 0.0092309968514, 0.0096683182031, 1.8933537388e-14],
      [0.02521674133, 0.97125475936, 2.0238140294e-07, 0.0029919043931, 0.00053639223129, 2.990252822e-10],
      [0.082930096622, 0.0067090965234, 0.22442277488, 0.13297251712, 0.55296551425, 6.0537628387e-10],
      [0.027968492517, 0.0095806988242, 0.024090407937, 0.74017330203, 0.19752280004, 0.00066429865279],
      [0.0069368635098, 0.0019048145499, 0.040708857926, 0.045959728844, 0.89888292449, 0.0056068106843],
      [0.062238810805, 0.080547831368, 0.11641254638, 0.40859825307, 0.33030570934, 0.0018968490395]
    ],
    [
      [0.9854443588, 0.0023502917414, 5.187286484e-06, 0.0067681981272, 0.0054319640474, 0],
      [0.041993428417, 0.9540495747, 5.1271085905e-07, 0.0034786111576, 0.00047787301437, 0],
      [0.10134797444, 0.0052088676884, 0.4174595017, 0.11366149991, 0.36232215627, 0],
      [0.040428060926, 0.0087772573551, 0.052971701603, 0.7450569502, 0.15276602992, 0],
      [0.011907922605, 0.002071730814, 0.10618870158, 0.055030901564, 0.82480074344, 0],
      [0.082702702647, 0.067576484769, 0.23546218701, 0.37910473633, 0.23515388924, 0]
    ],
    [
      [0.98753408837, 0.0014087123987, 4.734720603e-06, 0.0056598612521, 0.0053926032556, 0],
      [0.069442811532, 0.92488800115, 7.8404286014e-07, 0.0048735916767, 0.00079481159549, 0],
      [0.10650882666, 0.0033210215764, 0.40623809408, 0.10112704897, 0.38280500871, 0],
      [0.045937251111, 0.006054477559, 0.055671773187, 0.71773094372, 0.17460555442, 0],
      [0.012046256402, 0.0012731176922, 0.099412841668, 0.047180839967, 0.84008694427, 0],
      [0.091990465279, 0.045486465923, 0.24234089569, 0.35718986944, 0.26299230366, 0]
    ],
    [
      [0.97335449492, 0.0044411918212, 6.6090727405e-06, 0.011457338253, 0.010740365931, 2.2643189746e-14],
      [0.024559713137, 0.97153365853, 3.7340860627e-07, 0.0033661398485, 0.0005401147527, 3.2415227238e-10],
      [0.066569630249, 0.0063305339533, 0.34249547128, 0.12375052519, 0.46085383878, 5.4316745566e-10],
      [0.024494742146, 0.0098190715423, 0.039977331326, 0.74616151077, 0.17889960712, 0.00064773708809],
      [0.0064628246099, 0.0020754412814, 0.071734776362, 0.04937953772, 0.86454141111, 0.0058060089197],
      [0.052131074588, 0.078390902223, 0.18517647923, 0.3956839673, 0.28684415134, 0.0017734253166]
    ],
    [
      [0.9721577627, 0.0044728626366, 5.5090628369e-06, 0.01164385838, 0.01172000722, 0],
      [0.023122388258, 0.97302735691, 2.9880937287e-07, 0.0032841407628, 0.00056581526226, 0],
      [0.06637974526, 0.0064765431745, 0.28909021377, 0.12772111577, 0.51033238203, 0],
      [0.023554699615, 0.0096985131921, 0.032661088522, 0.74274526983, 0.19134042884, 0],
      [0.0059764648391, 0.0019715708838, 0.056366916429, 0.047334517575, 0.88835053027, 0],
      [0.051201691491, 0.079248183005, 0.15422552406, 0.40223764083, 0.31308696061, 0]
    ],
    [
      [0.97538586982, 0.0044675691535, 3.1325469366e-06, 0.010529301602, 0.0096141268786, 0],
      [0.024089813925, 0.97236501776, 1.7540617651e-07, 0.0030658436284, 0.00047914928333, 0],
      [0.086521643032, 0.0083569982989, 0.21386127437, 0.14925302582, 0.54200705848, 0],
      [0.026958523125, 0.010983753831, 0.021079851039, 0.76282399408, 0.17815387792, 0],
      [0.0074050187707, 0.0024175946752, 0.039405024311, 0.052550504735, 0.89822185751, 0],
      [0.061515846442, 0.094006803567, 0.10481564535, 0.43344393009, 0.30621777455, 0]
    ],
    [
      [0.97887515546, 0.0040715950116, 3.9154256603e-06, 0.0093645403143, 0.0076847937878, 0],
      [0.025294537172, 0.97139764361, 2.3319614417e-07, 0.0029002127262, 0.00040737329553, 0],
      [0.092312559874, 0.0082246510293, 0.28856695126, 0.14334495315, 0.46755088469, 0],
      [0.03010088411, 0.011323919106, 0.029798556327, 0.76775409846, 0.161022542, 0],
      [0.0088823771476, 0.0026779291899, 0.059862668625, 0.0568096614, 0.87176736364, 0],
      [0.066925829903, 0.094600050841, 0.14427522291, 0.42470488827, 0.26949400808, 0]
    ],
    [
      [0.9789088464, 0.0046632638521, 3.8162548605e-06, 0.0092993667593, 0.0071247067372, 0],
      [0.024073001749, 0.97292058599, 2.0974141049e-07, 0.002657682142, 0.00034852038105, 0],
      [0.098811712424, 0.0097921987494, 0.29252036837, 0.14798770159, 0.45088801887, 0],
      [0.031532658858, 0.013169951596, 0.029505500163, 0.77411161056, 0.15168027882, 0],
      [0.0097937070588, 0.0032773298263, 0.06234477313, 0.060274353369, 0.86430983662, 0],
      [0.069708599772, 0.10905193801, 0.14220953908, 0.42632948139, 0.25270044175, 0]
    ],
    [
      [0.97819484957, 0.0040330916722, 4.4380971279e-06, 0.0098468558641, 0.0079207647932, 0],
      [0.026757203984, 0.96963787562, 2.7462553704e-07, 0.0031684096441, 0.00043623613148, 0],
      [0.088334235456, 0.0076641708179, 0.30835467519, 0.14181863546, 0.45382828308, 0],
      [0.02920597663, 0.010687719907, 0.03219785237, 0.76967775613, 0.15823069496, 0],
      [0.0087030316038, 0.0025519114167, 0.065302542106, 0.057466229665, 0.86597628521, 0],
      [0.064858349504, 0.089025727723, 0.15593505391, 0.42545084229, 0.26473002657, 0]
    ],
    [
      [0.98312381368, 0.00304367215, 4.9464437475e-06, 0.0072763868276, 0.0065511808979, 0],
      [0.035640885894, 0.96081253245, 4.0167852578e-07, 0.0030726632841, 0.00047351669571, 0],
      [0.097915989386, 0.0063201769349, 0.37218275818, 0.11444614199, 0.40913493351, 0],
      [0.038453454607, 0.010463090307, 0.046502204782, 0.73497517757, 0.16960607273, 0],
      [0.010535066289, 0.0022963615548, 0.086618168392, 0.050623825265, 0.8499265785, 0],
      [0.078495060483, 0.080143628018, 0.20631075658, 0.37427376025, 0.26077679467, 0]
    ],
    [
      [0.97634035463, 0.0050169269282, 7.3903769373e-06, 0.0096640056276, 0.0089713224392, 3.0178023359e-14],
      [0.019564541713, 0.97763135035, 3.5580624841e-07, 0.0024193234283, 0.00038442833426, 3.6813361881e-10],
      [0.066135946483, 0.0075709720346, 0.40766661932, 0.11056138746, 0.40806507393, 7.6630439719e-10],
      [0.026601162847, 0.012886039483, 0.051951503553, 0.7339163512, 0.17364202348, 0.0010029194342],
      [0.0069976490693, 0.0027188896335, 0.093142113134, 0.048316179507, 0.83982431901, 0.0090008496515],
      [0.052993909488, 0.096397903505, 0.22524361464, 0.3627197, 0.26007925473, 0.002565617636]
    ],
    [
      [0.98131107933, 0.0028782885867, 4.5399539299e-06, 0.008060796079, 0.0077452960464, 0],
      [0.035385158424, 0.96059666695, 3.7371141015e-07, 0.0034503331447, 0.00056746777255, 0],
      [0.090820737551, 0.0056547065831, 0.32523711982, 0.1200140134, 0.45827342264, 0],
      [0.033976270458, 0.0089281934193, 0.038530170783, 0.73757895752, 0.18098640782, 0],
      [0.0089229325005, 0.0018784748587, 0.068869278916, 0.048526304782, 0.87180300894, 0],
      [0.072097081771, 0.071272496865, 0.17806228771, 0.38938463081, 0.28918350284, 0]
    ],
    [
      [0.97743840808, 0.0048208851776, 6.3727894166e-06, 0.0089390933109, 0.0087952406393, 2.937527953e-14],
      [0.020971216564, 0.97624621405, 3.2647442039e-07, 0.0023812118822, 0.00040103064946, 3.8130222392e-10],
      [0.071651806369, 0.0078264259046, 0.37997859532, 0.1100476266, 0.430495545, 8.0250235173e-10],
      [0.028659367496, 0.013241266979, 0.047939798444, 0.7270294315, 0.18208598668, 0.0010441488971],
      [0.0072889472448, 0.0027013386815, 0.083123444904, 0.046210570673, 0.85161515884, 0.0090605396577],
      [0.057156298875, 0.099004909358, 0.20852627686, 0.35954609046, 0.27309177818, 0.002674646264]
    ],
    [
      [0.97230973082, 0.0064216235562, 5.9888012874e-06, 0.011465839095, 0.0097968177267, 0],
      [0.01678278827, 0.98050779891, 2.374072494e-07, 0.00236351477, 0.00034566063994, 0],
      [0.069675264737, 0.0098225571765, 0.33576526047, 0.13293163116, 0.45180528646, 0],
      [0.024207340368, 0.014404605926, 0.036790431865, 0.75893011018, 0.16566751166, 0],
      [0.0068771716669, 0.0032804504419, 0.071179866045, 0.054023606671, 0.86463890518, 0],
      [0.051289692966, 0.11434073023, 0.17008519508, 0.39997691281, 0.26430746891, 0]
    ],
    [
      [0.9762557084, 0.0048314344777, 4.4274716236e-06, 0.0093869436769, 0.0095214859718, 3.3284136811e-14],
      [0.021688670189, 0.97534832604, 2.2898561045e-07, 0.0025244815286, 0.00043829282174, 4.361716683e-10],
      [0.079048813338, 0.0084584563962, 0.28513212012, 0.124570563, 0.50279004617, 9.8061096781e-10],
      [0.028349669268, 0.012813973623, 0.032169597339, 0.73513509409, 0.19038902625, 0.0011426394361],
      [0.0071191114317, 0.0025799655539, 0.055051247009, 0.046235930539, 0.87922094755, 0.0097927979196],
      [0.059792093976, 0.10130934437, 0.14820048519, 0.38534451657, 0.30225504844, 0.003098511457]
    ],
    [
      [0.97840001753, 0.0042090272193, 3.7411657368e-06, 0.0088824394695, 0.0085047746159, 5.4268164923e-15],
      [0.027669257468, 0.96901694814, 2.3058582787e-07, 0.0028469799351, 0.00046658378641, 8.4749748057e-11],
      [0.094445705555, 0.0082541409943, 0.26443170006, 0.13188617014, 0.50098228308, 1.7911831376e-10],
      [0.032682762172, 0.012020837142, 0.029209502296, 0.74300319679, 0.18288322694, 0.00020047465259],
      [0.0086680238749, 0.0025532178355, 0.05260733846, 0.049673093052, 0.88470131138, 0.0017970154017],
      [0.070279917669, 0.096781388249, 0.13633343938, 0.3996433924, 0.2964072803, 0.00055458199851]
    ]
  ],
  "expected_outcome": [
    [
      [9.7917945869, 14.6179168766, 9.7752833077, 3.9184485168, 6.7806914772, 22.4229398045, 8.831677219, 18.6666582335, 11.7328238469, 8.8605757437, 15.6916320548, 10.7599066822, 12.7852121908, 16.6893054457, 15.6144342822, 24.5135237416, 21.5547632674, 16.5686677827, 19.6043928119, 20.5022432132, 26.4473889684, 6.820881526, 4.8736191027, 2.9399883307, 11.7306894075, 20.5784046386, 2.9409915968, 18.6342915145, 24.5860398667, 12.7074393169, 3.9063572746, 11.6712409151, 15.636751416, 8.8124062215, 23.5628424405, 14.6561623226, 34.2041255709, 14.6382402259, 0.97756756061, 3.9417774352, 2.9626022651, 18.4937354035, 5.8329465762, 12.6800163076, 7.8310012437, 21.5359946207, 14.6729227436, 13.7637333915, 2.9290210639, 10.7944218727, 4.8871920404, 9.7230973082, 7.8100456672, 87.0776015601],
      [0.024261858247, 0.06084560209, 0.044719727555, 0.021154925775, 0.046797643524, 0.12109050615, 0.045106716912, 0.061136077902, 0.049225079057, 0.025087532732, 0.047474552384, 0.045564697778, 0.042644634371, 0.074050123696, 0.073751508997, 0.10008974794, 0.088207030558, 0.12229745624, 0.071015113057, 0.088913963451, 0.11250795009, 0.035296953097, 0.026355275216, 0.010290271939, 0.057463951736, 0.069146944289, 0.011502315153, 0.068320050195, 0.080745610377, 0.048156138323, 0.01791092369, 0.06203272031, 0.044980704738, 0.026637016665, 0.085469802561, 0.069062474305, 0.15264412291, 0.053601715869, 0.0035298774881, 0.0094011669656, 0.0042261371961, 0.084382644603, 0.026837175819, 0.058078398995, 0.032572760093, 0.10259180475, 0.060496375083, 0.0426114101, 0.015050780785, 0.031661174453, 0.024104425888, 0.064216235562, 0.038651475821, 0.37460342252],
      [6.6222092598e-05, 0.00011966077929, 8.919588664e-05, 2.5509850915e-05, 3.8976989208e-05, 0.00011893412027, 3.9258054247e-05, 0.00018217466562, 7.0993286067e-05, 3.8361291082e-05, 8.2006200897e-05, 7.5818723714e-05, 7.5581827901e-05, 4.3020574117e-05, 7.7910414946e-05, 0.00011945958666, 9.7038589394e-05, 7.8986782432e-05, 0.00010630623086, 0.00014685278258, 0.00011448388597, 3.7452458534e-05, 2.161154732e-05, 1.2956707397e-05, 0.00010607538614, 9.9865766817e-05, 1.449484727e-05, 6.9478120301e-05, 9.5614682073e-05, 9.4384226949e-05, 3.049681374e-05, 0.00011068676972, 0.00010350287799, 5.0602305805e-05, 8.6386993295e-05, 5.592808832e-05, 0.00014264403585, 9.2513764858e-05, 3.2468493049e-06, 2.0749145936e-05, 1.4204161809e-05, 0.00012557238207, 3.3054377022e-05, 4.0723110175e-05, 3.1323405283e-05, 8.3957606932e-05, 6.6571456919e-05, 6.9250212465e-05, 2.2171130812e-05, 4.9939493228e-05, 3.1863947083e-05, 5.9888012874e-05, 3.5419772989e-05, 0.00033296375058],
      [0.094252737157, 0.1632062728, 0.086033112256, 0.033087595456, 0.093079997999, 0.21871731441, 0.066947717117, 0.13276676974, 0.11754646514, 0.059409016353, 0.12470691785, 0.092961019075, 0.086438201142, 0.11157745219, 0.16721920694, 0.2118812972, 0.19063939826, 0.15262457082, 0.1633635926, 0.2123006014, 0.21052376874, 0.072466268468, 0.05006581193, 0.027031347273, 0.11403434205, 0.18521660376, 0.025584597856, 0.15755058985, 0.17518578788, 0.1265539729, 0.041516014988, 0.1308862337, 0.15630816542, 0.074362261634, 0.18200705898, 0.14889663129, 0.3045175592, 0.16009092149, 0.0092309968514, 0.027072792509, 0.016979583756, 0.21768942681, 0.069863150282, 0.13688092082, 0.074916322515, 0.2045860687, 0.14770283796, 0.10186941559, 0.028992016883, 0.088668756869, 0.044695466554, 0.11465839095, 0.075095549415, 0.79053711278],
      [0.089624595601, 0.15791158768, 0.093874656562, 0.02728345214, 0.079391904272, 0.23713344079, 0.056229088945, 0.13925674423, 0.10033361567, 0.054889345933, 0.13610446878, 0.10149178219, 0.085629391835, 0.1250239578, 0.14451709142, 0.17438575372, 0.16629326516, 0.15633120349, 0.16112217627, 0.19639536921, 0.22946482887, 0.07131779999, 0.049938198564, 0.022677093358, 0.097706223283, 0.16713194756, 0.021906995301, 0.13976836732, 0.15793312033, 0.11775618763, 0.034185289891, 0.13572944417, 0.16185621092, 0.086543897883, 0.16959431098, 0.12582264372, 0.33857010298, 0.14797462302, 0.0096683182031, 0.021727856189, 0.016177809767, 0.20406695269, 0.07032004332, 0.12498364942, 0.061478350303, 0.15674354822, 0.1188114719, 0.09171653257, 0.026913967317, 0.085198256511, 0.043976203196, 0.097968177267, 0.076171887774, 0.75692494082],
