{
  "X": [
    [49, 22, 29],
    [47, 16, 37],
    [58, 16, 26],
    [52, 19, 29],
    [51, 20, 29],
    [63, 15, 22],
    [57, 18, 25],
    [54, 16, 30],
    [38, 37, 25],
    [31, 44, 25],
    [33, 39, 28],
    [40, 35, 25],
    [28, 47, 25],
    [22, 48, 30],
    [29, 49, 22],
    [33, 47, 20],
    [28, 47, 25],
    [35, 21, 44],
    [39, 16, 45],
    [37, 22, 41],
    [26, 30, 44],
    [39, 21, 40],
    [43, 18, 39],
    [38, 19, 43],
    [39, 19, 42],
    [14, 55, 31],
    [18, 59, 23],
    [15, 63, 22],
    [17, 62, 21],
    [13, 66, 21],
    [11, 63, 26],
    [13, 62, 25],
    [19, 53, 28],
    [27, 28, 45],
    [27, 18, 55],
    [25, 21, 54],
    [21, 23, 56],
    [26, 26, 48],
    [19, 24, 57],
    [20, 15, 65],
    [30, 25, 45],
    [26, 25, 49],
    [32, 30, 38],
    [23, 39, 38],
    [24, 33, 43],
    [20, 35, 45],
    [26, 40, 34],
    [20, 41, 39],
    [22, 37, 41],
    [26, 38, 36]
  ],
  "W": [
    [53, 8, 12, 7, 12, 8],
    [57, 4, 11, 8, 11, 9],
    [57, 9, 10, 8, 6, 10],
    [57, 9, 5, 7, 15, 7],
    [56, 7, 12, 9, 5, 11],
    [63, 5, 11, 5, 11, 5],
    [53, 9, 13, 12, 9, 4],
    [67, 9, 5, 10, 6, 3],
    [30, 41, 6, 11, 8, 4],
    [9, 50, 13, 10, 9, 9],
    [8, 64, 7, 5, 7, 9],
    [11, 60, 8, 5, 9, 7],
    [5, 65, 12, 6, 6, 6],
    [7, 59, 6, 11, 8, 9],
    [6, 55, 8, 7, 14, 10],
    [10, 53, 7, 15, 6, 9],
    [9, 42, 23, 10, 4, 12],
    [9, 9, 59, 5, 8, 10],
    [9, 10, 60, 6, 7, 8],
    [8, 8, 54, 9, 8, 13],
    [5, 10, 52, 10, 11, 12],
    [13, 9, 51, 12, 5, 10],
    [14, 8, 60, 8, 5, 5],
    [11, 10, 60, 5, 9, 5],
    [12, 8, 59, 8, 8, 5],
    [12, 8, 5, 52, 14, 9],
    [11, 15, 6, 51, 4, 13],
    [8, 8, 5, 66, 9, 4],
    [10, 7, 5, 59, 9, 10],
    [7, 4, 10, 64, 6, 9],
    [9, 7, 10, 56, 11, 7],
    [9, 12, 9, 56, 8, 6],
    [8, 7, 10, 53, 13, 9],
    [5, 12, 16, 24, 38, 5],
    [8, 12, 9, 10, 58, 3],
    [4, 8, 12, 9, 55, 12],
    [10, 5, 9, 11, 56, 9],
    [4, 10, 11, 14, 53, 8],
    [5, 6, 4, 9, 67, 9],
    [3, 9, 10, 8, 64, 6],
    [9, 8, 12, 9, 55, 7],
    [9, 8, 9, 7, 43, 24],
    [7, 10, 6, 7, 7, 63],
    [5, 7, 6, 7, 10, 65],
    [12, 7, 6, 6, 6, 63],
    [5, 10, 5, 10, 9, 61],
    [11, 10, 5, 9, 9, 56],
    [6, 5, 9, 15, 6, 59],
    [7, 6, 10, 8, 10, 59],
    [11, 12, 10, 4, 6, 57]
  ],
  "method": "mvn_cdf",
  "mvncdf_method": "genz",
  "mvncdf_samples": 5000,
  "mvncdf_error": 0.001,
  "cond_prob": [
    [
      [0.74338680814, 0.055391550831, 0.20122164103],
      [0.20936613221, 0.68560799967, 0.10502586813],
      [0.39053061148, 0.12630836427, 0.48316102425],
      [0.0077748405359, 0.92768914414, 0.064536015321],
      [0.17444518316, 0.11546337353, 0.71009144331],
      [0.13642958642, 0.52303736825, 0.34053304534]
    ],
    [
      [0.69332383763, 0.040119682153, 0.26655648022],
      [0.25703749922, 0.55537185169, 0.18759064908],
      [0.32987301829, 0.071987531738, 0.59813944998],
      [0.010780549145, 0.85918644693, 0.13003300392],
      [0.13494317136, 0.060354958785, 0.80470186986],
      [0.13924097544, 0.35138130436, 0.5093777202]
    ],
    [
      [0.80504024164, 0.02079867201, 0.17416108635],
      [0.39369528734, 0.44994212594, 0.15636258672],
      [0.47681337187, 0.055084216392, 0.46810241174],
      [0.019566890676, 0.84849492816, 0.13193818116],
      [0.22337032329, 0.053146807224, 0.72348286949],
      [0.23045578568, 0.31073141293, 0.45881280138]
    ],
    [
      [0.76209427898, 0.043049555711, 0.19485616531],
      [0.26989412613, 0.60178045767, 0.1283254162],
      [0.41698974077, 0.093054230119, 0.48995602911],
      [0.010595656125, 0.90265216174, 0.086752182137],
      [0.18699656283, 0.086034858771, 0.7269685784],
      [0.16678746055, 0.43654172016, 0.39667081929]
    ],
    [
      [0.74346995445, 0.039867033706, 0.21666301184],
      [0.27503031279, 0.57639367964, 0.14857600758],
      [0.39214632086, 0.082985790764, 0.52486788837],
      [0.010889339065, 0.88594246999, 0.10316819095],
      [0.17123511313, 0.07416289787, 0.754601989],
      [0.16186680852, 0.39932401333, 0.43880917815]
    ],
    [
      [0.82615376114, 0.04392232213, 0.12992391673],
      [0.30293771516, 0.60233035995, 0.09473192489],
      [0.50702710474, 0.10026258885, 0.39271030641],
      [0.01268888809, 0.92275482368, 0.064556288231],
      [0.25245553039, 0.10228828779, 0.64525618182],
      [0.20397420912, 0.47588162891, 0.32014416197]
    ],
    [
      [0.8201965486, 0.021262816296, 0.15854063511],
      [0.40391671764, 0.45164879287, 0.14443448949],
      [0.50083883651, 0.056358039769, 0.44280312372],
      [0.020170241638, 0.85746938291, 0.12236037546],
      [0.24089965169, 0.055823858505, 0.70327648981],
      [0.24332195651, 0.32088244051, 0.43579560298]
    ],
    [
      [0.71598511045, 0.028448864032, 0.25556602551],
      [0.30777729299, 0.48498351164, 0.20723919536],
      [0.35204606197, 0.055861389033, 0.59209254899],
      [0.014302540935, 0.8280392499, 0.15765820917],
      [0.14575349144, 0.04731124401, 0.80693526455],
      [0.16040843161, 0.29516919896, 0.54442236943]
    ],
    [
      [0.74338784156, 0.037782158089, 0.21883000035],
      [0.27437717061, 0.57253821834, 0.15308461105],
      [0.3886230851, 0.083422113905, 0.52795480099],
      [0.011341042133, 0.88248286992, 0.10617608795],
      [0.1685876027, 0.07407905047, 0.75733334684],
      [0.16092749066, 0.3979979123, 0.44107459704]
    ],
    [
      [0.78056999605, 0.039178158316, 0.18025184564],
      [0.29408733708, 0.5782703323, 0.12764233062],
      [0.43879938386, 0.089597739909, 0.47160287623],
      [0.012761672855, 0.89728026539, 0.08995806175],
      [0.20109537307, 0.084434500681, 0.71447012625],
      [0.18095956722, 0.42626624238, 0.39277419039]
    ],
    [
      [0.75058013487, 0.028110443152, 0.22130942198],
      [0.33324233871, 0.48346947855, 0.18328818274],
      [0.39520563422, 0.060362540457, 0.54443182533],
      [0.015854726869, 0.83931286824, 0.14483240489],
      [0.17042444699, 0.053306590076, 0.77626896293],
      [0.18101833789, 0.31564684138, 0.50333482073]
    ],
    [
      [0.81173440752, 0.02394095283, 0.16432463965],
      [0.38975743778, 0.45425710754, 0.15598545468],
      [0.4858627625, 0.058255621553, 0.45588161594],
      [0.019740759491, 0.85191254238, 0.12834669813],
      [0.22920638287, 0.056541888035, 0.71425172909],
      [0.23385884387, 0.32096262715, 0.44517852898]
    ],
    [
      [0.74238687027, 0.040759080231, 0.2168540495],
      [0.27107607179, 0.57798766781, 0.1509362604],
      [0.38673936507, 0.085824758122, 0.52743587681],
      [0.011385292023, 0.88482917908, 0.1037855289],
      [0.16770351056, 0.07655434437, 0.75574214507],
      [0.15878596438, 0.40480132546, 0.43641271016]
    ],
    [
      [0.66068097897, 0.042495554812, 0.29682346622],
      [0.22816225043, 0.57752971494, 0.19430803463],
      [0.29689435577, 0.076985927185, 0.62611971705],
      [0.0088311382943, 0.85718580017, 0.13398306154],
      [0.11735684969, 0.062792461, 0.81985068931],
      [0.12181076869, 0.359442098, 0.51874713331]
    ],
    [
      [0.80186927015, 0.047707881035, 0.15042284882],
      [0.27828817724, 0.63203102256, 0.089680800198],
      [0.47276447989, 0.11386375338, 0.41337176673],
      [0.011806851703, 0.92441257303, 0.06378057527],
      [0.22878505816, 0.11242032831, 0.65879461353],
      [0.18151800155, 0.49963638384, 0.31884561461]
    ],
    [
      [0.81224519877, 0.033088688152, 0.15466611308],
      [0.33824224135, 0.5396182695, 0.12213948914],
      [0.48694362755, 0.080692689201, 0.43236368325],
      [0.015235913424, 0.89258280476, 0.092181281818],
      [0.2331756067, 0.079470916374, 0.68735347692],
      [0.21272349847, 0.40432538231, 0.38295111922]
    ],
    [
      [0.75093998239, 0.05625615979, 0.19280385782],
      [0.2256860286, 0.66507818533, 0.10923578607],
      [0.40085391206, 0.12121152394, 0.477934564],
      [0.0089019966986, 0.92228723646, 0.068810766845],
      [0.17978655785, 0.1128866747, 0.70732676745],
      [0.1445767318, 0.50817722199, 0.34724604621]
    ],
    [
      [0.74384205545, 0.044404102624, 0.21175384193],
      [0.25559766671, 0.60823173526, 0.13617059803],
      [0.39039274303, 0.095277237312, 0.51433001966],
      [0.010233261764, 0.89835474633, 0.091411991905],
      [0.17167667703, 0.084929052782, 0.74339427018],
      [0.15472909366, 0.43337143037, 0.41189947597]
    ],
    [
      [0.77029238444, 0.025172192741, 0.20453542282],
      [0.35616553238, 0.4671013144, 0.17673315322],
      [0.42486147251, 0.054086191525, 0.52105233596],
      [0.017365150616, 0.83947486401, 0.14315998537],
      [0.18838005668, 0.051532409803, 0.76008753352],
      [0.19889669564, 0.30746119714, 0.49364210722]
    ],
    [
      [0.78300956135, 0.03266006364, 0.18433037501],
      [0.32371372988, 0.5334457438, 0.14284052632],
      [0.44213309459, 0.075701655801, 0.48216524961],
      [0.014311571511, 0.8790388592, 0.10664956929],
      [0.20262930419, 0.070089578248, 0.72728111757],
      [0.19393753731, 0.37778444373, 0.42827801896]
    ],
    [
      [0.69964800049, 0.063259139505, 0.23709286001],
      [0.18838264231, 0.69041016271, 0.12120719498],
      [0.33764437347, 0.12121831325, 0.54113731328],
      [0.0063078234002, 0.9193092625, 0.074382914095],
      [0.14430377973, 0.10875515865, 0.74694106162],
      [0.11750052859, 0.50723758467, 0.37526188674]
    ],
    [
      [0.78059754175, 0.025126557297, 0.19427590095],
      [0.36118877874, 0.47057130109, 0.16823992017],
      [0.43821051373, 0.056094663373, 0.50569482289],
      [0.017538731106, 0.84576544593, 0.13669582297],
      [0.19761492968, 0.053905705144, 0.74847936517],
      [0.20542573265, 0.31586713365, 0.4787071337]
    ],
    [
      [0.78936121861, 0.030511654961, 0.18012712643],
      [0.33862384239, 0.51679994097, 0.14457621663],
      [0.45101264586, 0.071454035507, 0.47753331864],
      [0.01520189571, 0.87459589506, 0.11020220923],
      [0.20879296695, 0.066405390253, 0.7248016428],
      [0.20272268971, 0.36448021211, 0.43279709818]
    ],
    [
      [0.75678300769, 0.040713610568, 0.20250338174],
      [0.27485077281, 0.58764467723, 0.13750454996],
      [0.40679680377, 0.089870738669, 0.50333245756],
      [0.011290966223, 0.89392070472, 0.094788329059],
      [0.18127662699, 0.080536940138, 0.73818643287],
      [0.16622529736, 0.4178046413, 0.41597006134]
    ],
    [
      [0.76781988893, 0.034983535906, 0.19719657517],
      [0.30446394821, 0.5491827951, 0.1463532567],
      [0.42081829499, 0.078828084481, 0.50035362053],
      [0.013075323123, 0.88096673609, 0.10595794078],
      [0.18911754168, 0.071046964883, 0.73983549343],
      [0.18092548491, 0.38395372323, 0.43512079186]
    ],
    [
      [0.65664604234, 0.044340914208, 0.29901304345],
      [0.21695207072, 0.59358644776, 0.18946148152],
      [0.29065152794, 0.081149728469, 0.62819874359],
      [0.0057895565659, 0.86565180815, 0.12855863528],
      [0.11362632272, 0.065966073076, 0.82040760421],
      [0.11550531411, 0.37511663978, 0.50937804611]
    ],
    [
      [0.74185906319, 0.036595299226, 0.22154563759],
      [0.27824768319, 0.56249636539, 0.15925595142],
      [0.38186156758, 0.079144881079, 0.53899355134],
      [0.012813545059, 0.87115132306, 0.11603513188],
      [0.16303330397, 0.070080873521, 0.76688582251],
      [0.15915704906, 0.38277661316, 0.45806633778]
    ],
    [
      [0.78899100361, 0.027374721971, 0.18363427442],
      [0.34597567452, 0.49755496439, 0.1564693611],
      [0.44263330052, 0.064884346399, 0.49248235308],
      [0.017117477831, 0.85694944611, 0.12593307606],
      [0.19786344775, 0.060385289954, 0.7417512623],
      [0.19914387646, 0.34350243105, 0.45735369249]
    ],
    [
      [0.79364242922, 0.03481889257, 0.17153867821],
      [0.30905619009, 0.56159442737, 0.12934938253],
      [0.45238950451, 0.083454556267, 0.46415593923],
      [0.014875320823, 0.88956203965, 0.095562639527],
      [0.20728959318, 0.079427864337, 0.71328254249],
      [0.18949845875, 0.4104366183, 0.40006492296]
    ],
    [
      [0.7441128487, 0.046278208284, 0.20960894302],
      [0.24223744014, 0.62489867608, 0.13286388379],
      [0.38403531462, 0.099750243998, 0.51621444138],
      [0.010473765315, 0.90002272576, 0.089503508925],
      [0.16550443484, 0.089700102589, 0.74479546257],
      [0.14650661813, 0.44881114817, 0.4046822337]
    ],
    [
      [0.63237520936, 0.072908351064, 0.29471643957],
      [0.1500569422, 0.71394355797, 0.13599949984],
      [0.27018505383, 0.12961021843, 0.60020472774],
      [0, 0.91289346404, 0.087106535957],
      [0.084581480802, 0.12729653147, 0.78812198773],
      [0.089425384744, 0.50397455969, 0.40660005556]
    ],
    [
      [0.66872635836, 0.052255897645, 0.279017744],
      [0.1998419709, 0.6389912003, 0.1611668288],
      [0.30229615495, 0.0981153447, 0.59958850035],
      [0.0038627251406, 0.88847815524, 0.10765911962],
      [0.120796099, 0.081204143114, 0.79799975789],
      [0.11333538825, 0.42905909616, 0.45760551558]
    ],
    [
      [0.79487213854, 0.025486684171, 0.17964117729],
      [0.36419271537, 0.47809951137, 0.15770777326],
      [0.45454421257, 0.060610050181, 0.48484573725],
      [0.018216553302, 0.85164390051, 0.13013954619],
      [0.20670013954, 0.057039145527, 0.73626071494],
      [0.2104058466, 0.32940820291, 0.46018595049]
    ],
    [
      [0.80804816575, 0.018560156635, 0.17339167761],
      [0.42736325162, 0.39885751948, 0.1737792289],
      [0.47760224505, 0.044178574649, 0.4782191803],
      [0.023029348802, 0.81520024356, 0.16177040764],
      [0.22184433397, 0.039712394382, 0.73844327165],
      [0.2413950338, 0.26803499132, 0.49056997487]
    ],
    [
      [0.78092514498, 0.023274997302, 0.19579985771],
      [0.37353140775, 0.45049930943, 0.17596928281],
      [0.43704529278, 0.053469404985, 0.50948530224],
      [0.018929965101, 0.83446773352, 0.14660230138],
      [0.19865363042, 0.046347822622, 0.75499854696],
      [0.20853469893, 0.29791087208, 0.493554429]
    ],
    [
      [0.78609873907, 0.030483588918, 0.18341767201],
      [0.33526322117, 0.51757514952, 0.14716162931],
      [0.4460518144, 0.070402180799, 0.48354600481],
      [0.015459425354, 0.8723696844, 0.11217089024],
      [0.20533777125, 0.066955684219, 0.72770654453],
      [0.1990137712, 0.36322904057, 0.43775718822]
    ],
    [
      [0.71249881613, 0.0479449331, 0.23955625077],
      [0.23001910278, 0.62388301493, 0.14609788229],
      [0.35200095495, 0.096357697238, 0.55164134781],
      [0.0086296326188, 0.89614088245, 0.09522948493],
      [0.14716451659, 0.085337047312, 0.7674984361],
      [0.13564098249, 0.43305466253, 0.43130435498]
    ],
    [
      [0.80934472145, 0.031720817962, 0.15893446059],
      [0.34087833325, 0.53279675078, 0.12632491598],
      [0.48229462937, 0.077058261925, 0.4406471087],
      [0.015065888166, 0.88958807492, 0.095346036916],
      [0.22904782193, 0.077335974172, 0.6936162039],
      [0.21226748275, 0.3930585824, 0.39467393484]
    ],
    [
      [0.73379562481, 0.053781622435, 0.21242275275],
      [0.22045578043, 0.65884432286, 0.12069989671],
      [0.37762485017, 0.11322912077, 0.50914602906],
      [0.0085651895551, 0.91520406129, 0.076230749158],
      [0.16683479722, 0.10037934109, 0.73278586169],
      [0.13808551924, 0.48476189586, 0.3771525849]
    ],
    [
      [0.72552932191, 0.024141218201, 0.25032945989],
      [0.33534726254, 0.4473169603, 0.21733577716],
      [0.36507860547, 0.048963038211, 0.58595835632],
      [0.016659864901, 0.80679533023, 0.17654480487],
      [0.15610583566, 0.036522658852, 0.80737150549],
      [0.17174136927, 0.27004675203, 0.55821187869]
    ],
    [
      [0.81051851732, 0.046273357087, 0.1432081256],
      [0.27297569677, 0.63600680879, 0.09101749444],
      [0.48702418628, 0.11357913834, 0.39939667538],
      [0.011276652488, 0.92857932959, 0.06014401792],
      [0.24151238816, 0.11311554306, 0.64537206878],
      [0.18465233048, 0.50770954588, 0.30763812364]
    ],
    [
      [0.77338628783, 0.037381430834, 0.18923228133],
      [0.29614988992, 0.56735994646, 0.13649016361],
      [0.42806840431, 0.084015021818, 0.48791657387],
      [0.012931762428, 0.88959572412, 0.09747251345],
      [0.19546215141, 0.078651173358, 0.72588667523],
      [0.18009640848, 0.40664090963, 0.41326268189]
    ],
    [
      [0.84145332318, 0.02000897348, 0.13853770334],
      [0.44579875924, 0.41451074033, 0.13969050043],
      [0.53839138503, 0.052056635933, 0.40955197904],
      [0.023209096279, 0.84642546492, 0.1303654388],
      [0.26817232121, 0.053732432672, 0.67809524612],
      [0.26002890338, 0.30319658228, 0.43677451434]
    ],
    [
      [0.78463239821, 0.03798980863, 0.17737779316],
      [0.29985454301, 0.57201740112, 0.12812805587],
      [0.44422614624, 0.087701177034, 0.46807267672],
      [0.013100093842, 0.89471890363, 0.092181002526],
      [0.20469220541, 0.083083298266, 0.71222449632],
      [0.18729040953, 0.41824395044, 0.39446564003]
    ],
    [
      [0.72931258374, 0.035785968302, 0.23490144796],
      [0.28295346736, 0.54511860854, 0.1719279241],
      [0.3697643738, 0.07398356359, 0.55625206261],
      [0.012396765692, 0.86251378304, 0.12508945127],
      [0.15690922322, 0.064551199966, 0.77853957681],
      [0.15925638964, 0.36108645779, 0.47965715257]
    ],
    [
      [0.72715664428, 0.032357361825, 0.2404859939],
      [0.29700911284, 0.51813971142, 0.18485117575],
      [0.36659781315, 0.066592476901, 0.56680970995],
      [0.013854760312, 0.84721063779, 0.1389346019],
      [0.15468016329, 0.057582533142, 0.78773730357],
      [0.16443389364, 0.33333613961, 0.50222996676]
    ],
    [
      [0.78461886687, 0.04002393976, 0.17535719337],
      [0.29009402393, 0.5874318277, 0.12247414837],
      [0.4439773158, 0.09294362425, 0.46307905995],
      [0.012639460108, 0.9010223674, 0.086338172488],
      [0.20519428936, 0.088212454129, 0.70659325651],
      [0.18371181966, 0.43424262269, 0.38204555765]
    ],
    [
      [0.74350249718, 0.039535283941, 0.21696221888],
      [0.27357473335, 0.57529795686, 0.1511273098],
      [0.38753723349, 0.084164256562, 0.52829850994],
      [0.011865488838, 0.88161051262, 0.10652399854],
      [0.16800571969, 0.075209300238, 0.75678498007],
      [0.16097050166, 0.397515368, 0.44151413033]
    ],
    [
      [0.74634154552, 0.041506297612, 0.21215215687],
      [0.26775444302, 0.58846142573, 0.14378413125],
      [0.39191018322, 0.088877684822, 0.51921213196],
      [0.011266981047, 0.88885134278, 0.099881676169],
      [0.17134972699, 0.079892759098, 0.74875751391],
      [0.16010758598, 0.4132232573, 0.42666915672]
    ],
    [
      [0.75821383147, 0.044150283675, 0.19763588486],
      [0.2628754051, 0.60792924747, 0.12919534743],
      [0.40800948406, 0.097279534394, 0.49471098154],
      [0.010807595376, 0.90116310419, 0.088029300432],
      [0.18211643831, 0.089438108967, 0.72844545273],
      [0.16296700247, 0.4404406929, 0.39659230463]
    ]
  ],
  "expected_outcome": [
    [
      [39.3995008315, 39.5194587449, 45.8872937733, 43.4393739018, 41.6343174492, 52.0476869518, 43.4704170756, 47.9710024004, 22.3016352467, 7.0251299644, 6.0046410789, 8.9290784827, 3.7119343513, 4.6247668528, 4.8112156209, 8.1224519877, 6.7584598415, 6.694578499, 6.9326314599, 6.2640764908, 3.4982400024, 10.1477680427, 11.0510570605, 8.3246130846, 9.2138386671, 7.8797525081, 8.160449695, 6.3119280289, 7.9364242922, 5.2087899409, 5.6913768843, 6.0185372252, 6.3589771083, 4.0402408288, 6.2474011599, 3.1443949563, 7.1249881613, 3.2373788858, 3.6689781241, 2.1765879657, 7.2946666559, 6.9604765905, 5.8901732623, 3.9231619911, 8.7517510049, 3.6357832214, 8.6308075356, 4.4610149831, 5.2243908187, 8.3403521461],
      [2.935752194, 2.2868218827, 1.1855243046, 2.4538246755, 2.2325538875, 2.7671062942, 1.1269292637, 1.9060738901, 1.1334647427, 0.35260342485, 0.22488354521, 0.26335048113, 0.20379540116, 0.29746888368, 0.28624728621, 0.33088688152, 0.50630543811, 0.39963692362, 0.22654973466, 0.26128050912, 0.31629569753, 0.32664524486, 0.42716316945, 0.44784971625, 0.41980243087, 0.53209097049, 0.40254829148, 0.21899777577, 0.3481889257, 0.32394745799, 0.65617515958, 0.47030307881, 0.20389347337, 0.092800783174, 0.18619997842, 0.12193435567, 0.479449331, 0.12688327185, 0.26890811218, 0.072423654603, 0.41646021378, 0.33643287751, 0.14006281436, 0.18994904315, 0.42943161962, 0.16178680913, 0.44026333735, 0.23721170364, 0.29054408328, 0.48565312043],
      [10.6647469744, 15.1937193723, 9.9271819221, 11.1068014226, 12.1331286633, 8.185206754, 8.4026536606, 17.1229237095, 6.5649000106, 1.6222666107, 1.7704753758, 1.8075710362, 1.0842702475, 2.0777642635, 0.90253709292, 1.5466611308, 1.7352347204, 1.9057845774, 1.8408188054, 1.4746430001, 1.1854643, 2.5255867124, 2.5217797701, 2.2275371991, 2.366358902, 3.5881565214, 2.4370020135, 1.4690741954, 1.7153867821, 1.4672626011, 2.6524479561, 2.511159696, 1.4371294183, 0.86695838806, 1.5663988617, 0.73367068804, 2.3955625077, 0.63573784235, 1.0621137638, 0.75098837966, 1.2888731304, 1.703090532, 0.96976392338, 0.88688896579, 2.8188173755, 1.2024299695, 1.9289291271, 1.3017733133, 1.4850650981, 2.1739947334]
    ],
    [
      [1.6749290576, 1.0281499969, 3.543257586, 2.4290471351, 1.9252121895, 1.5146885758, 3.6352504588, 2.7699956369, 11.249463995, 14.7043668542, 21.3275096772, 23.3854462669, 17.6199446661, 13.4615727756, 15.3058497483, 17.9268387917, 9.4788132012, 2.3003790004, 3.5616553238, 2.589709839, 1.8838264231, 3.2506990087, 2.7089907391, 2.7485077281, 2.4357115857, 1.7356165657, 4.1737152478, 2.7678053961, 2.1633933307, 0.96894976056, 1.0503985954, 2.3981036508, 2.5493490076, 5.1283590194, 4.482376893, 2.6821057694, 1.1500955139, 3.4087833325, 1.3227346826, 3.0181253628, 2.1838055742, 2.3691991194, 4.4579875924, 2.098981801, 1.9806742715, 2.9700911284, 2.9009402393, 1.3678736667, 1.6065266581, 3.1545048612],
      [5.4848639973, 2.2214874068, 4.0494791335, 5.416024119, 4.0347557575, 3.0116517998, 4.0648391358, 4.3648516048, 23.4740669518, 28.9135166148, 30.9420466274, 27.2554264522, 37.569198408, 34.0742531814, 34.7617062408, 28.5997682837, 27.933283784, 5.4740856174, 4.671013144, 4.2675659504, 6.9041016271, 4.2351417098, 4.1343995278, 5.8764467723, 4.3934623608, 4.7486915821, 8.4374454808, 3.9804397151, 3.9311609916, 2.4995947043, 4.9976049058, 7.6678944036, 3.3466965796, 4.7862902338, 5.4059917132, 4.1406011962, 3.1194150747, 5.3279675078, 3.9530659372, 4.0258526427, 5.0880544703, 4.5388795717, 4.1451074033, 4.0041218079, 3.8158302598, 5.1813971142, 5.874318277, 2.8764897843, 3.5307685544, 7.2951509696],
      [0.84020694503, 0.75036259633, 1.4072632805, 1.1549287458, 1.040032053, 0.47365962445, 1.2999104054, 1.8651527583, 6.2764690532, 6.3821165309, 11.7304436954, 9.3591272809, 9.810856926, 11.464174043, 4.9324440109, 6.4733929246, 4.5879030148, 1.2255353823, 1.7673315322, 1.1427242105, 1.2120719498, 1.5141592816, 1.1566097331, 1.3750454996, 1.1708260536, 1.5156918522, 2.3888392713, 1.2517548888, 0.90544567774, 0.53145553514, 0.95199649886, 1.9340019456, 1.1039544128, 2.0853507468, 2.1116313938, 1.1772930345, 0.73048941144, 1.2632491598, 0.72419938025, 1.9560219945, 0.72813995552, 1.0919213089, 1.3969050043, 0.8968963911, 1.2034954687, 1.8485117575, 1.2247414837, 0.75563654898, 0.86270478752, 1.5503441692]
    ],
    [
      [4.6863673378, 3.6286032011, 4.7681337187, 2.0849487038, 4.7057558504, 5.5772981521, 6.5109048747, 1.7602303099, 2.3317385106, 5.7043919901, 2.7664394395, 3.8869021, 4.6408723808, 1.7813661346, 3.7821158391, 3.4086053928, 9.2196399773, 23.0331718389, 25.4916883507, 23.875187108, 17.5575074204, 22.3487362004, 27.0607587514, 24.4078082264, 24.8282794042, 1.4532576397, 2.2911694055, 2.2131665026, 2.2619475225, 3.8403531462, 2.7018505383, 2.7206653946, 4.5454421257, 7.6416359208, 3.933407635, 5.3526217727, 3.1680085945, 5.3052409231, 1.5104994007, 3.6507860547, 5.8442902353, 3.8526156388, 3.2303483102, 2.6653568775, 2.2185862428, 1.8329890658, 2.219886579, 3.4878351014, 3.9191018322, 4.0800948406],
      [1.5157003712, 0.79186284912, 0.55084216392, 0.4652711506, 0.99582948916, 1.1028884774, 0.732654517, 0.27930694517, 0.50053268343, 1.1647706188, 0.4225377832, 0.46604497242, 1.0298970975, 0.46191556311, 0.91091002707, 0.56484882441, 2.7878650506, 5.6213570014, 3.2451714915, 4.0878894132, 6.303352289, 2.860827832, 4.2872421304, 5.3922443201, 4.6508569844, 0.40574864235, 0.47486928648, 0.324421732, 0.41727278133, 0.99750243998, 1.2961021843, 0.8830381023, 0.60610050181, 0.70685719438, 0.48122464486, 0.84482616959, 0.86721927515, 0.84764088117, 0.45291648309, 0.48963038211, 1.3629496601, 0.75613519636, 0.3123398156, 0.5262070622, 0.44390138154, 0.3329623845, 0.46471812125, 0.75747830906, 0.88877684822, 0.97279534394],
      [5.797932291, 6.5795339497, 4.6810241174, 2.4497801456, 6.2984146605, 4.3198133706, 5.7564406083, 2.960462745, 3.1677288059, 6.130837391, 3.8110227773, 3.6470529275, 6.3292305217, 3.7567183023, 3.3069741338, 3.0265457828, 10.9924949721, 30.3454711597, 31.2631401578, 26.0369234788, 28.1391402905, 25.7904359676, 28.6519991182, 30.1999474535, 29.5208636114, 3.140993718, 3.2339613081, 2.4624117654, 2.3207796961, 5.1621444138, 6.0020472774, 5.3962965031, 4.8484573725, 7.6515068848, 4.5853677201, 5.8025520577, 4.9647721303, 4.8471181957, 2.0365841162, 5.8595835632, 4.7927601046, 4.3912491648, 2.4573118743, 2.8084360603, 3.3375123757, 2.8340485497, 2.3153952998, 4.7546865895, 5.1921213196, 4.9471098154]
    ],
    [
      [0.054423883751, 0.086244393159, 0.15653512541, 0.074169592878, 0.098004051587, 0.063444440448, 0.24204289966, 0.14302540935, 0.12475146346, 0.12761672855, 0.079273634346, 0.098703797457, 0.06831175214, 0.097142521238, 0.082647961923, 0.22853870136, 0.089019966986, 0.051166308822, 0.1041909037, 0.12880414359, 0.063078234002, 0.21046477327, 0.12161516568, 0.056454831117, 0.10460258498, 0.30105694143, 0.653490798, 1.1297535368, 0.87764392858, 0.67032098014, 0, 0.21631260787, 0.965477325, 0.55270437124, 0.18929965101, 0.13913482819, 0.094925958807, 0.21092243432, 0.077086705996, 0.13327891921, 0.10148987239, 0.090522336994, 0.16246367395, 0.091700656894, 0.074380594154, 0.13854760312, 0.11375514098, 0.17798233257, 0.090135848375, 0.043230381502],
      [6.493824009, 6.8734915755, 6.7879594253, 6.3185651322, 7.9734822299, 4.6137741184, 10.2896325949, 8.280392499, 9.7073115691, 8.9728026539, 4.1965643412, 4.2595627119, 5.3089750745, 9.4290438019, 6.4708880112, 13.3887420714, 9.2228723646, 4.4917737317, 5.0368491841, 7.9113497328, 9.193092625, 10.1491853511, 6.9967671605, 4.4696035236, 7.0477338888, 45.013894024, 44.428717476, 56.5586634433, 52.4841603393, 57.6014544487, 51.1220339864, 49.7547766934, 45.1371267272, 19.5648058455, 8.3446773352, 7.8513271596, 9.857549707, 12.4542330489, 8.2368365516, 6.4543626418, 8.3572139663, 6.2271700689, 5.9249782545, 6.2630323254, 5.1750826983, 8.4721063779, 8.1092013066, 13.2241576893, 7.1108107423, 3.6046524168],
      [0.45175210725, 1.0402640314, 1.0555054493, 0.60726527496, 0.92851371853, 0.32278144115, 1.4683245055, 1.5765820917, 1.1679369674, 0.8995806175, 0.72416202445, 0.64173349066, 0.6227131734, 1.4738136769, 0.44646402689, 1.3827192273, 0.68810766845, 0.45705995952, 0.85895991223, 0.9598461236, 0.74382914095, 1.6403498756, 0.88161767384, 0.47394164529, 0.84766352626, 6.6850490346, 5.917791726, 8.3115830198, 5.6381957321, 5.7282245712, 4.8779660136, 6.0289106987, 6.8973959478, 3.8824897832, 1.4660230138, 1.0095380122, 1.0475243342, 1.3348445168, 0.68607674242, 1.4123584389, 0.54129616128, 0.68230759415, 0.91255807158, 0.64526701768, 0.75053670759, 1.389346019, 0.7770435524, 1.5978599781, 0.79905340936, 0.35211720173]
    ],
    [
      [2.0933421979, 1.4843748849, 1.3402219397, 2.8049484424, 0.85617556565, 2.7770108342, 2.1680968652, 0.87452094862, 1.3487008216, 1.8098583576, 1.192971129, 2.0628574458, 1.0062210633, 0.9388547975, 3.2029908142, 1.3990536402, 0.71914623139, 1.3734134163, 1.3186603968, 1.6210344335, 1.587341577, 0.98807464842, 1.0439648348, 1.6314896429, 1.5129403335, 1.590768518, 0.65213321587, 1.7807710297, 1.8656063386, 0.99302660905, 0.93039628882, 0.96636879199, 2.687101814, 8.4300846907, 11.5219105643, 11.293577419, 8.2412129291, 12.1395345623, 11.1779314136, 9.9907734819, 13.2831813488, 8.4048725108, 1.8772062485, 2.0469220541, 0.94145533933, 1.3921214696, 1.8467486042, 1.0080343182, 1.7134972699, 1.0926986298],
      [1.3855604824, 0.66390454664, 0.31888084335, 1.2905228816, 0.37081448935, 1.1251711657, 0.50241472655, 0.28386746406, 0.59263240376, 0.75991050613, 0.37314613053, 0.50887699232, 0.45932606622, 0.502339688, 1.5738845963, 0.47682549824, 0.45154669881, 0.67943242226, 0.36072686862, 0.56071662598, 1.1963067452, 0.26952852572, 0.33202695127, 0.72483246124, 0.56837571907, 0.92352502306, 0.28032349408, 0.54346760959, 0.71485077903, 0.53820061553, 1.4002618461, 0.64963314491, 0.74150889185, 1.5090709865, 2.6881737121, 3.682562632, 4.7788746495, 4.0988066311, 6.7254158532, 2.3374501666, 6.2213548684, 3.3820004544, 0.3761270287, 0.83083298266, 0.3873071998, 0.51824279828, 0.79391208716, 0.45125580143, 0.79892759098, 0.5366286538],
      [8.5210973197, 8.8517205684, 4.3408972169, 10.904528676, 3.773009945, 7.097818, 6.3294884083, 4.8416115873, 6.0586667747, 6.4302311362, 5.4338827405, 6.4282655618, 4.5344528704, 6.5588055145, 9.2231245894, 4.1241208615, 2.8293070698, 5.9471541615, 5.3206127346, 5.8182489405, 8.2163516778, 3.7423968259, 3.624008214, 6.6436778958, 5.9186839475, 11.4857064589, 3.06754329, 6.6757613607, 6.4195428824, 4.4687727754, 8.6693418651, 6.3839980631, 9.5713892942, 28.0608443227, 43.7899157236, 40.023859949, 42.9799124214, 36.7616588066, 49.0966527332, 51.6717763515, 35.4954637828, 31.2131270347, 4.7466667228, 7.1222449632, 4.6712374609, 7.0896357321, 6.3593393086, 4.5407098804, 7.4875751391, 4.3706727164]
    ],
    [
      [1.0914366913, 1.253168779, 2.3045578568, 1.1675122239, 1.7805348937, 1.0198710456, 0.97328782604, 0.48122529482, 0.64370996264, 1.628636105, 1.629165041, 1.6370119071, 0.9527157863, 1.0962969182, 1.8151800155, 1.9145114862, 1.7349207816, 1.5472909366, 1.5911735651, 2.521187985, 1.4100063431, 2.0542573265, 1.0136134485, 0.83112648682, 0.90462742455, 1.039547827, 2.0690416378, 0.79657550584, 1.8949845875, 1.3185595632, 0.62597769321, 0.68001232953, 1.8936526194, 1.206975169, 0.62560409678, 2.3881652544, 1.2207688424, 1.698139862, 1.2427696731, 1.0304482156, 1.2925663134, 4.3223138035, 16.3818209128, 12.1738766194, 10.0331525474, 10.0304675118, 10.2878619009, 9.497259598, 9.4463475728, 9.2891191407],
      [4.184298946, 3.1624317393, 3.1073141293, 3.0557920411, 4.3925641466, 2.3794081446, 1.283529762, 0.88550759689, 1.5919916492, 3.8363961814, 2.8408215724, 2.24673839, 2.4288079527, 3.234978882, 4.9963638384, 3.6389284408, 6.0981266639, 4.3337143037, 2.4596895771, 4.9111977684, 6.0868510161, 3.1586713365, 1.8224010606, 2.0890232065, 1.9197686162, 3.376049758, 4.9760959711, 1.3740097242, 4.104366183, 4.0393003335, 3.5278219179, 2.574354577, 2.9646738262, 1.3401749566, 0.89373261623, 4.3587484869, 3.8974919627, 3.1444686592, 4.3628570627, 1.6202805122, 3.5539668211, 9.7593818311, 19.1013846835, 27.1858567787, 22.748446841, 20.333504516, 24.3175868706, 23.4534067123, 24.3801721809, 25.1051194955],
      [2.7242643627, 4.5843994818, 4.5881280138, 2.776695735, 4.8269009597, 1.6007208098, 1.7431824119, 1.6332671083, 1.7642983882, 3.5349677135, 4.5300133865, 3.1162497029, 2.618476261, 4.6687241998, 3.1884561461, 3.446560073, 4.1669525545, 4.1189947597, 3.9491368578, 5.5676142465, 4.5031426409, 4.787071337, 2.1639854909, 2.0798503067, 2.1756039593, 4.584402415, 5.9548623911, 1.82941477, 4.0006492296, 3.6421401033, 2.8462003889, 2.7456330935, 4.1416735544, 2.4528498744, 1.480663287, 5.2530862587, 3.8817391948, 3.1573914787, 3.3943732641, 3.3492712722, 2.1534668655, 9.9183043654, 27.5167944037, 25.6402666019, 30.2184006116, 30.6360279722, 21.3945512285, 26.0493336897, 25.1734802464, 22.6057613638]
    ]
  ],
  "prob": [
    [0.76031648901, 0.037111937825, 0.20257157316],
    [0.29802195839, 0.55497154327, 0.14700649833],
    [0.41511237517, 0.081760209928, 0.50312741491],
    [0.012064694714, 0.87781184232, 0.11012346296],
    [0.18850444264, 0.074718231693, 0.73677732566],
    [0.1770504621, 0.39212313354, 0.43082640436]
  ],
  "iterations": 21,
  "logLik": -259.9709121887,
  "time": 0.006624,
  "message": "Converged",
  "status": 0,
  "miniter": 0,
  "maxiter": 1000,
  "maxtime": 3600,
  "param_threshold": 0.001,
  "ll_threshold": "-Inf",
  "initial_prob": "group_proportional",
  "adjust_prob_cond_method": "project_lp",
  "adjust_prob_cond_every": false
}
