{
  "Z_true": {},
  "V_true": [
    [232, 128, 399, 248, 99],
    [1023, 42, 198, 366, 43],
    [84, 4261, 656, 729, 348],
    [74, 79, 8024, 739, 247],
    [28, 21, 156, 10199, 146],
    [190, 404, 621, 1106, 405]
  ],
  "p_true": [
    [0.2098, 0.1157, 0.3608, 0.2242, 0.0895],
    [0.6118, 0.0251, 0.1184, 0.2189, 0.0257],
    [0.0138, 0.7011, 0.1079, 0.1199, 0.0573],
    [0.0081, 0.0086, 0.8757, 0.0807, 0.027],
    [0.0027, 0.002, 0.0148, 0.9667, 0.0138],
    [0.0697, 0.1482, 0.2278, 0.4057, 0.1486]
  ],
  "Z_est": [
    [
      [3, 2, 1.9969, 2, 2, 1, 2, 1, 2, 2, 3, 2, 2, 3, 2, 2, 1.9995, 2, 2, 3, 1.0002, 3, 1.9999, 2, 4, 2, 2, 3, 1, 2, 3, 2, 3, 4, 3, 1.9997, 4, 4, 3, 3, 2, 2, 3, 3, 2, 3, 2, 3, 3, 1.9999, 3, 3, 3, 3, 3, 3, 3, 1.9998, 4, 2, 2, 2, 3, 2, 4, 3, 2.0201, 2, 5, 3, 5, 3, 3, 1, 2, 2, 0, 3, 3, 2, 10],
      [1, 1, 0.0005, 1, 3, 1, 4, 1, 1.6243e-07, 1, 2, 2, 1, 2, 4.6928e-08, 1, 1.0002, 4.3589e-06, 1, 1, 1.0002, 3, 1.0005, 5.5068e-07, 4, 2.1465e-07, 1.1889e-08, 2, 1, 1, 1, 1.2887e-12, 1, 1, 2, 0.0002, 1, 4.8977e-10, 2, 1, 1, 1, 2.1074e-09, 1, 1, 2, 1, 1, 1, 0, 2, 1, 1, 1, 5.9357e-12, 1, 1.5978e-07, 0.0002, 1, 2, 1, 4.0688e-09, 1, 1, 3, 4, 1.9799, 1, 3, 1.6019e-08, 1, 1, 3, 1, 2, 4, 0, 1, 2, 1, 18],
      [3, 5, 0.0014, 2, 3, 1, 2, 1, 1, 1, 3, 3, 2, 3, 3.0446e-07, 4, 1.0003, 3, 5, 4, 4, 8, 2.9998, 1, 8, 3, 1, 5, 2, 1.0001, 5, 2, 3, 4, 4, 3.0001, 9, 6, 6, 4, 3, 6, 3, 7, 4, 7, 5, 6, 4, 3, 6, 5, 6, 6, 5, 3, 1, 0.9998, 2, 4, 2, 1, 4, 4, 7, 4, 4.0202, 3, 7, 5, 5, 3, 2, 1, 1, 1, 0, 5, 3, 4, 38],
      [4, 7, 2.0012, 2, 7, 1, 1, 1, 3.3567e-09, 1, 7, 4, 3, 2, 4.4144e-08, 2, 1, 5, 5, 7, 4.9997, 8, 1.9998, 3, 13, 3, 1, 3, 4, 0.9999, 5, 2, 7, 8, 7, 3.9999, 10, 7, 8, 6, 3, 5, 3, 8, 3, 6, 4, 7, 6, 4, 14, 10, 9, 6, 3, 5, 3, 2, 8, 3, 2, 1, 3, 2, 10, 8, 5.9798, 5, 14, 7, 8, 3, 1, 1, 1, 0, 0, 5, 4, 7, 84],
      [1.1321e-10, 9.4191e-07, 9.1818e-07, 2.0331e-08, 1, 5.9039e-08, 9.4128e-11, 2.9874e-06, 3.3937e-07, 1.3554e-08, 1, 1, 1.8726e-10, 4.1423e-08, 3.0412e-12, 1.5131e-07, 0, 2.7382e-07, 2.5266e-11, 9.5544e-11, 1.6378e-07, 6.0587e-13, 1.8176e-07, 4.1186e-08, 1.994e-16, 6.0687e-06, 4.3846e-08, 4.6115e-09, 3.5729e-11, 4.7134e-09, 8.1493e-09, 2.5459e-10, 5.6136e-09, 2.8325e-12, 1.2739e-11, 0, 1.6305e-07, 2.3259e-10, 6.5959e-06, 9.7576e-09, 4.8878e-11, 2.6801e-13, 1.0113e-09, 2.2322e-15, 1.1648e-12, 5.2536e-09, 5.5377e-13, 1.4914e-11, 1.3684e-11, 8.2233e-08, 1.454e-12, 0, 7.2023e-08, 7.7609e-08, 3.9622e-11, 2.1835e-09, 3.3494e-10, 0.0002, 6.899e-12, 3.9509e-07, 7.1874e-10, 1.0589e-08, 1, 1.9175e-09, 1, 4.4382e-15, 0, 5.9829e-11, 2.3796e-11, 1.3624e-11, 4.3281e-08, 1.6511e-08, 9.2027e-14, 4.8501e-14, 7.2451e-06, 0, 0, 3.0975e-08, 6.1378e-12, 2.6024e-09, 3]
    ],
    [
      [1.3424e-10, 1, 0.0014, 1.3248e-09, 1, 4.517e-10, 6.3434e-13, 1, 1, 8.8332e-06, 3.3451e-09, 9.134e-06, 7.5307e-08, 4.223e-08, 1, 1, 0, 1, 5.3496e-13, 1, 1.9998, 5.963e-10, 0.9998, 2, 2, 2, 1, 5.3369e-08, 2, 0.0001, 1, 3, 4, 1, 1, 0, 1, 4, 1, 1.8623e-07, 1, 2, 5.6214e-09, 3, 3, 7.5088e-08, 2, 6.3058e-07, 2, 3, 2, 0.0001, 1, 0, 2, 2, 2, 2.0004, 2, 1, 2, 1, 1, 1, 2, 1, 0.9899, 1, 1, 1, 2, 2, 2.9102e-12, 2, 6.9101e-06, 2.8416e-06, 0.9853, 4.4082e-08, 2, 2, 14],
      [5, 2, 1.9985, 3, 4, 4, 6, 1, 6, 5, 4, 4, 3, 4, 2, 3, 2.9992, 1, 3, 3, 0.0007, 4, 1.9999, 1, 6, 2, 5, 5, 6, 2.9997, 4, 4, 4, 4, 2, 1.9998, 4, 4, 2, 3, 5, 2, 5, 5, 3, 2, 2, 4, 5, 1.9999, 4, 3.9999, 2, 3, 2, 4, 4, 2, 5, 3, 4, 3, 3, 4, 4, 7, 3.99, 3, 5, 3, 5, 4.0001, 10, 8, 8, 3, 3.9704, 4, 6, 5, 34],
      [5, 4, 0.0033, 1, 3, 2, 4, 1, 5, 2, 3, 3.0001, 2, 2, 3, 4, 0.9998, 2, 3, 4, 3.0002, 4, 1.9995, 5, 9, 7, 6, 5, 7, 3, 8, 9, 8, 7, 7, 1.9998, 9, 15, 5, 3, 9, 9, 7, 14, 11, 2, 8, 5, 13, 7, 8, 4, 8, 6, 7, 7, 6, 5.9994, 6, 3, 6, 6, 8, 5, 7, 6, 5, 4, 5, 7, 6, 7.9999, 4, 7, 4, 5.3894e-06, 1.0198, 5, 8, 9, 70],
      [7, 5, 1.9969, 1, 6, 4, 1, 1, 3, 2, 6, 4, 2, 2, 4, 3, 1.001, 3, 4, 8, 3.9993, 4, 1.0008, 10, 14, 7, 10, 3, 14, 3.0002, 9, 10, 16, 13, 9, 3.0004, 10, 16, 6, 4, 10, 7, 8, 17, 10, 2, 7, 6, 16, 9.0001, 17, 7, 12, 5, 5, 11, 12, 8.0002, 17, 3, 4, 4, 6, 2, 9, 13, 6.0201, 6, 10, 10, 10, 9.0001, 3, 5, 4, 0, 0.0101, 5, 11, 15, 150],
      [1, 9.5021e-07, 7.2822e-07, 1.5451e-07, 1.6124e-08, 1.1803e-07, 8.6147e-11, 5.6623e-09, 1.2351e-06, 4.7114e-08, 1, 1, 8.6734e-09, 2.9617e-09, 3.6396e-08, 3.0309e-07, 0, 2.0094e-06, 2.6426e-11, 7.3207e-08, 0, 6.612e-13, 6.6115e-08, 4.8745e-08, 1, 3.7632e-06, 2.1404e-08, 5.1983e-08, 7.6211e-11, 1.6545e-06, 1.2103e-10, 1, 3.2356e-09, 1, 2.2434e-12, 6.6444e-07, 1.3236e-09, 4.6008e-10, 3.7335e-07, 1.2991e-08, 2.8881e-10, 1, 1, 3.3365e-15, 1, 1.3232e-09, 1, 4.904e-08, 3.2415e-11, 2.5631e-07, 2.0243e-10, 1.5991e-08, 4.1095e-07, 1.8838e-06, 9.7621e-11, 1.1369e-08, 1.0759e-09, 3.0142e-07, 1.4238e-15, 4.001e-07, 2.179e-09, 4.9715e-09, 2, 1, 1, 1, 7.2908e-07, 8.7975e-11, 7.0092e-11, 1.596e-08, 4.4116e-08, 2.8523e-08, 1, 1, 1, 2.9716e-06, 0.0144, 3.8656e-08, 1.998e-11, 3.1842e-12, 6]
    ],
    [
      [2, 1, 5.3216e-06, 2, 2, 3, 6, 1.6705e-06, 5, 3, 2, 1, 2, 3, 1, 1, 0.9997, 1, 1, 2, 0.0002, 2, 1.0001, 1, 5, 0, 4, 4, 3, 0.9999, 3, 4, 2, 3, 2, 0, 2, 2, 1, 1, 3, 3, 2, 4, 3, 1, 2, 1, 3, 1, 2, 1, 1, 1, 2, 2, 3, 1, 3, 2, 3, 4, 3, 3, 3, 4, 1.9799, 1, 4, 2, 3, 5, 9, 8, 5, 4, 2.9893, 2, 4, 4, 38],
      [11, 5, 7.9992, 31, 21, 23, 108, 57, 44, 31.0001, 6, 5, 19, 24, 12, 12, 15.0032, 5, 12, 8, 5.9994, 11, 10.0015, 3, 13, 2, 7, 15, 7, 10.0006, 9, 5, 2, 8, 4, 2.0004, 2, 1, 1, 3, 6, 7, 6, 6, 5, 7, 5, 4, 3, 2.9999, 2, 3, 3, 1, 4, 7, 4, 3.9996, 5, 15, 15, 14, 10, 18, 5, 21, 7.0302, 4, 6, 2, 3, 10, 112, 57, 48, 128.0001, 108.1485, 4, 17, 6, 83],
      [24, 18, 9.0012, 34, 20, 33, 89, 42, 45, 36, 14, 17, 24, 35, 26, 35, 21.9985, 10, 29, 14, 14.0001, 36, 21.9999, 7, 29, 9, 17, 31, 18, 24.9996, 20, 17, 6, 16, 16, 10.9993, 13, 10, 9, 11, 25, 23, 27, 28, 23, 22, 21, 16, 14, 10.0002, 11, 10.0002, 10, 10, 11, 14, 12, 6.0006, 14, 32, 29, 33, 28, 39, 9, 27, 14.9698, 13, 16, 10, 10, 18.9998, 74, 57, 34, 54, 48.9366, 16, 25, 18, 182],
      [31, 22, 19.9989, 42, 37, 47, 43, 38, 26, 30.9999, 23, 17, 33, 26, 30, 23, 17.9981, 18, 29, 25, 17.0005, 34, 13.9987, 13, 41, 7, 28, 19, 29, 21.9997, 24, 17, 9, 28, 22, 14.0002, 14, 10, 10, 14, 26, 20, 27, 30, 17, 18, 16, 18, 19, 10.9998, 19, 14.9998, 15, 7, 7, 20, 20, 8.9994, 31, 28, 20, 24, 20, 18, 12, 48, 17.0201, 17, 29, 13, 13, 21.0001, 53, 44, 34, 17, 16.9915, 12, 34, 29, 391],
      [4, 1, 2.0007, 4, 5, 8, 17, 12, 7, 7, 4, 4, 3, 2, 5, 3, 2.0007, 1, 2, 2, 0.9998, 3, 0.9998, 2.6668e-07, 2, 9.6674e-07, 1, 4, 1, 2.0002, 1, 3, 1.0956e-08, 2, 1, 0, 1, 8.4203e-10, 1, 1, 1, 2, 3, 1, 1, 0, 2, 1, 1, 0, 3.9147e-11, 3.3975e-08, 2.7827e-08, 6.4674e-07, 1.876e-08, 1, 1, 0.0004, 1, 4, 4, 3, 6, 6, 1, 3, 0, 1, 1, 1, 9.4367e-08, 0, 19, 11, 12, 15.9999, 12.9342, 1, 3, 1, 16]
    ],
    [
      [4, 4, 1.0002, 2, 1, 2, 4, 5.964e-09, 4, 2, 3, 3, 2, 3, 2, 2, 1.0005, 2, 2, 4, 1, 5, 3.0002, 4, 7, 4, 6, 6, 5, 3.0001, 7, 8, 7, 5, 6, 1.0002, 6, 10, 4, 2, 6, 6, 5, 11, 9, 3, 7, 4, 8, 5, 6, 2.9999, 3, 5, 11, 4, 5, 5.9998, 6, 3, 4, 6, 7, 6, 6, 5, 4, 4, 8, 8, 7, 8.9998, 4, 6, 2, 1, 1.0204, 5, 5, 7, 66],
      [15, 10, 7.0018, 26, 15, 18, 68, 31, 34, 25.0001, 10, 11.0001, 16, 26, 13, 25, 17.9992, 7, 22, 13, 10.9995, 21, 16.9986, 3, 17, 4, 11, 24, 13, 18.9995, 16, 9, 5, 9, 9, 5.9996, 6, 5, 2, 6, 13, 10, 13, 14, 14, 13, 12, 12, 9, 6, 7, 6.0001, 4, 6, 9, 9, 6, 5.0002, 9, 21, 19, 18, 15, 27, 7, 24, 13.0503, 8, 10, 5, 6, 15.9999, 52, 43, 26, 38, 37.9047, 12, 19, 11, 144],
      [36, 39, 11.9997, 29, 19, 26, 56, 27, 39, 30, 19, 27.9999, 23, 37, 37, 68, 25.0001, 23, 59, 29, 37.0003, 63, 41.0003, 22, 39, 37, 24, 51, 26, 46.0003, 51, 38, 19, 24, 30, 25, 41, 36, 19, 28, 48, 55, 45, 60, 58, 51, 56, 38, 35, 30.9998, 27, 20, 30, 34, 63, 23, 19, 27.0004, 16, 44, 45, 52, 54, 62, 19, 30, 28.0001, 31, 24, 44, 17, 35.0002, 33, 43, 17, 18, 19.0478, 36, 33, 29, 313],
      [50, 53, 25.0008, 38, 31, 41, 28, 23, 22, 26, 42, 38, 31, 30, 40, 48, 24.001, 37, 59, 55, 44.0001, 63, 27.0007, 42, 58, 37, 43, 33, 51, 45, 57, 38, 32, 40, 50, 39.0002, 48, 44, 27, 35, 58, 46, 54, 74, 52, 41, 48, 50, 51, 39.0001, 55, 36.0002, 44, 31, 44, 37, 32, 31.9997, 53, 43, 30, 36, 39, 32, 23, 56, 36.9396, 50, 52, 54, 32, 38.0001, 26, 35, 21, 6, 6.9844, 35, 43, 53, 676],
      [6, 3, 2.9975, 3, 4, 6, 11, 7, 6, 6, 8, 10, 3, 2, 8, 7, 2.9992, 2, 5, 4, 2.0002, 5, 2.0002, 1, 4, 3, 2, 6, 2, 3.0001, 3, 6, 1, 3, 3, 1, 4, 1, 2, 3, 3, 6, 7, 3, 5, 2, 6, 3, 2, 1, 1, 1.9999, 2, 1, 3, 2, 1, 1, 2, 5, 5, 4, 13, 10, 2, 4, 0.0101, 4, 3, 4, 2, 0, 9, 8, 6, 4, 4.0427, 4, 3, 3, 27]
    ],
    [
      [5, 4, 2, 2, 2, 3, 1, 2.0033e-08, 1, 2, 5, 2, 2, 2, 2, 1, 1.0002, 4, 1, 6, 0.9998, 4, 0.9998, 9, 9, 4, 8, 3, 8, 1.9999, 6, 7, 13, 10, 8, 2, 7, 11, 6, 3, 6, 5, 4, 12, 6, 3, 5, 4, 9, 7, 10, 5, 4, 5, 6, 7, 8, 7.0002, 17, 3, 2, 4, 5, 3, 7, 8, 5, 6, 12, 9, 10, 7.0002, 2, 3, 2, 9.9795e-06, 0.0001, 3, 5, 11, 137],
      [17, 12, 13.0025, 25, 23, 22, 27, 20, 15, 17.9999, 15, 9, 19, 16, 14, 14, 12.9986, 9, 17, 19, 9, 17, 7.9997, 7, 21, 4, 15, 11, 20, 12.0005, 14, 8, 9, 16, 12, 8.0001, 7, 5, 4, 8, 13, 8, 12, 16, 10, 11, 10, 12, 9, 7, 13, 11.0001, 5, 6, 5, 15, 9, 6, 25, 19, 12, 13, 11, 13, 8, 36, 14.9397, 11, 16, 6, 8, 12, 28, 21, 19, 6, 1.9959, 8, 18, 17, 298],
      [39, 44, 18.9953, 28, 24, 31, 21, 16, 17, 19, 27, 22, 27, 22, 39, 38, 18.0018, 30, 46, 40, 34.0002, 52, 19.9999, 39, 46, 33, 34, 23, 41, 29, 41, 30, 30, 39, 39, 33.0002, 47, 38, 27, 30, 46, 43, 44, 66, 41, 41, 46, 39, 37, 37.9999, 46, 30.9998, 36, 31, 36, 35, 26, 25.9996, 47, 38, 25, 34, 39, 30, 22, 44, 31.0401, 40, 37, 46, 24, 28.9999, 18, 21, 12, 2, 0.9952, 23, 30, 45, 647],
      [55, 62, 47.0054, 39, 46, 47, 13, 15, 13, 19.0001, 56, 28, 39, 19, 47, 28, 19.9989, 52, 50, 76, 44.9995, 54, 16.0007, 81, 74, 34, 59, 16, 77, 29.9997, 51, 34, 57, 75, 66, 51.9997, 56, 44, 37, 45, 53, 39, 53, 80, 37, 38, 40, 52, 54, 51, 97, 61, 55, 31, 27, 56, 48, 38.0006, 145, 37, 21, 27, 32, 16, 28, 85, 42.0202, 65, 77, 63, 40, 33.9999, 15, 18, 14, 2, 1.0042, 23, 43, 78, 1402],
      [8, 4, 4.9967, 3, 7, 10, 4, 6, 2, 4, 12, 8, 3, 2, 8, 5, 2.0005, 3, 4, 7, 2.0005, 4, 1, 2, 5, 4, 5, 3, 5, 1.9999, 3, 6, 3, 5, 4, 1.0001, 6, 4, 4, 4, 4, 6, 7, 5, 5, 1, 6, 4, 4, 2, 3, 3, 4, 1, 2, 3, 3, 1.9996, 9, 5, 3, 3, 9, 6, 3, 7, 6.6033e-06, 7, 7, 4, 4, 1.0233e-09, 5, 5, 6, 1, 0.0046, 4, 3, 4, 57]
    ],
    [
      [1, 1, 0.0015, 5.5066e-07, 1, 1, 1, 1.3526e-07, 1.3498e-06, 1, 1, 1, 7.4671e-07, 1, 1.717e-07, 1.525e-07, 0.0001, 4.2613e-06, 2.7892e-11, 1, 4.6006e-06, 1, 0.0003, 2, 3, 3.1119e-06, 2, 1, 1, 0, 1, 2, 3, 2, 1, 0, 1, 2, 1, 1.4608e-07, 1, 2, 1, 2, 1, 7.2928e-06, 1, 1, 2, 6.9377e-07, 2, 1, 1, 1, 2, 4.7674e-09, 1, 0.9998, 3, 4.1527e-07, 1, 1, 1, 1, 1, 2, 0.0101, 1, 3, 2, 2, 1, 1, 2, 1, 0, 0.005, 1, 1, 2, 23],
      [4, 2, 2.9976, 7, 8, 8, 22, 15, 7, 10, 4, 3, 6, 8, 3, 4, 4.9996, 1, 5, 4, 1.0002, 4, 2.9998, 1, 7, 1, 3, 5, 3, 3.9997, 3, 3, 2, 3, 2, 1.9998, 1, 1, 3.4736e-06, 2, 2, 3, 3, 3, 2, 3, 2, 3, 2, 1.0001, 2, 2, 1, 1, 2, 1, 1, 0, 5, 4, 6, 5, 4, 7, 1, 9, 1.0101, 2, 4, 2, 2, 2.0001, 18, 19, 9, 16, 14.9805, 3, 5, 3, 51],
      [10, 9, 4.9991, 8, 8, 11, 17, 12, 8, 11, 7, 9, 9, 11, 9, 10, 6.9995, 5, 14, 9, 4.9993, 14, 7.0006, 9, 16, 7, 8, 12, 6, 9.9999, 11, 11, 7, 8, 6, 8.0007, 7, 7, 5, 8, 8, 17, 10, 12, 8, 11, 12, 9, 9, 5, 8, 6, 8, 6, 14, 4, 3, 3.0002, 9, 8, 14, 13, 13, 16, 4, 10, 2.9698, 10, 9, 14, 6, 6.0001, 11, 18, 6, 7, 7.0006, 10, 8, 8, 111],
      [14, 13, 11.9968, 10, 16, 16, 8, 10, 4, 10.0001, 15, 11, 13, 9, 11, 7, 6.0011, 8, 14, 17, 6.0009, 14, 5.9993, 20, 25, 7, 14, 7, 12, 10.0005, 13, 11, 13, 16, 10, 12.9996, 8, 8, 6, 13, 9, 14, 12, 15, 7, 10, 10, 12, 12, 6, 17, 12, 12, 6, 9, 7, 7, 5.0002, 28, 8, 10, 9, 10, 8, 6, 20, 3.0202, 15, 19, 19, 10, 6.9999, 9, 15, 7, 2, 2.0098, 10, 11, 14, 240],
      [3, 2, 4.005, 3, 4, 4, 6, 5, 4, 4, 4, 5, 3, 3, 5, 3, 2.9997, 3, 3, 4, 1.9995, 4, 2, 3, 4, 3, 2, 4, 3, 2.9998, 3, 4, 1, 3, 3, 1.9999, 2, 1, 3, 3, 2, 4, 3, 2, 2, 3, 3, 2, 2, 1.9999, 2, 3.0001, 1, 2, 3, 2, 2, 1.9998, 3, 3, 5, 3, 6, 4, 3, 3, 1.9899, 4, 2, 4, 2, 1.9999, 5, 6, 4, 4, 4.0041, 3, 4, 1, 12]
    ]
  ],
  "V_est": [
    [211.016, 113.9817, 320.0217, 452.9802, 8.0004],
    [102.9767, 333.9579, 505.0218, 706.0291, 24.0145],
    [234.9691, 1356.1827, 2008.9058, 2221.0066, 256.9357],
    [435.0209, 1371.9535, 3120.0488, 3894.9268, 341.05],
    [544.0005, 1351.9369, 3265.032, 4992.0289, 397.0017],
    [103.0168, 406.9873, 834.9698, 1120.0284, 260.9977]
  ],
  "p_est": [
    [0.1908, 0.1031, 0.2894, 0.4096, 0.0072],
    [0.0616, 0.1997, 0.302, 0.4223, 0.0144],
    [0.0387, 0.2231, 0.3305, 0.3654, 0.0423],
    [0.0475, 0.1497, 0.3405, 0.4251, 0.0372],
    [0.0516, 0.1281, 0.3095, 0.4732, 0.0376],
    [0.0378, 0.1493, 0.3063, 0.4109, 0.0957]
  ],
  "EI_Z": {},
  "EI_V": 46.2751,
  "MAE_Z": {},
  "MAE_V": 965.4519,
  "MAE_p": 0.1569,
  "runtime": 0.6369
}
