{
  "X": [
    [19, 2, 26, 0, 5, 13, 3, 19, 6, 7],
    [14, 9, 32, 4, 3, 8, 5, 15, 4, 6],
    [16, 5, 23, 4, 6, 10, 8, 14, 11, 3],
    [17, 2, 30, 2, 4, 9, 6, 20, 7, 3],
    [19, 5, 24, 0, 7, 13, 8, 19, 4, 1],
    [18, 1, 23, 1, 6, 10, 9, 15, 7, 10],
    [9, 4, 24, 3, 6, 10, 10, 15, 12, 7],
    [20, 6, 23, 1, 4, 8, 7, 18, 8, 5],
    [19, 8, 15, 1, 4, 18, 14, 12, 7, 2],
    [10, 8, 13, 0, 5, 22, 15, 17, 7, 3],
    [13, 8, 6, 2, 3, 18, 19, 18, 9, 4],
    [14, 10, 18, 2, 3, 15, 15, 12, 8, 3],
    [11, 10, 4, 4, 7, 22, 13, 17, 7, 5],
    [15, 9, 12, 6, 8, 14, 13, 12, 9, 2],
    [19, 10, 4, 5, 4, 15, 20, 11, 5, 7],
    [20, 5, 4, 5, 5, 25, 19, 10, 5, 2],
    [10, 2, 7, 1, 9, 16, 12, 27, 11, 5],
    [7, 5, 13, 7, 10, 6, 1, 30, 12, 9],
    [7, 9, 13, 7, 5, 7, 4, 20, 12, 16],
    [6, 5, 11, 7, 7, 7, 7, 27, 13, 10],
    [7, 8, 14, 6, 4, 16, 5, 27, 2, 11],
    [7, 8, 8, 3, 10, 7, 8, 28, 10, 11],
    [5, 14, 5, 4, 10, 11, 10, 27, 5, 9],
    [7, 10, 16, 2, 3, 4, 7, 23, 10, 18],
    [7, 7, 13, 5, 8, 8, 6, 24, 8, 14],
    [10, 5, 25, 2, 14, 14, 5, 12, 8, 5],
    [11, 6, 18, 6, 6, 13, 3, 16, 17, 4],
    [11, 5, 22, 5, 10, 11, 5, 15, 9, 7],
    [14, 1, 19, 2, 13, 9, 10, 14, 15, 3],
    [17, 3, 20, 5, 5, 15, 5, 13, 15, 2],
    [16, 1, 24, 3, 13, 8, 4, 16, 10, 5],
    [8, 5, 28, 2, 10, 7, 2, 17, 15, 6],
    [8, 1, 21, 2, 14, 7, 5, 16, 19, 7],
    [9, 10, 16, 2, 13, 19, 5, 14, 10, 2],
    [8, 14, 12, 0, 15, 10, 3, 16, 4, 18],
    [5, 11, 14, 2, 15, 9, 3, 21, 10, 10],
    [6, 14, 11, 4, 15, 10, 3, 14, 14, 9],
    [6, 18, 7, 3, 14, 17, 3, 15, 8, 9],
    [4, 7, 10, 1, 15, 10, 4, 29, 12, 8],
    [7, 14, 17, 2, 11, 10, 3, 20, 8, 8],
    [8, 9, 6, 2, 7, 21, 3, 27, 8, 9],
    [7, 10, 9, 0, 16, 14, 6, 24, 4, 10],
    [18, 2, 13, 1, 10, 16, 4, 28, 4, 4],
    [11, 5, 12, 2, 12, 17, 5, 29, 2, 5],
    [14, 5, 16, 2, 9, 22, 6, 18, 3, 5],
    [14, 4, 9, 1, 13, 24, 5, 18, 4, 8],
    [14, 3, 10, 0, 6, 19, 6, 20, 4, 18],
    [18, 2, 6, 1, 12, 17, 6, 28, 3, 7],
    [13, 2, 20, 3, 11, 20, 4, 23, 2, 2],
    [14, 5, 6, 1, 9, 23, 4, 23, 4, 11]
  ],
  "W": [
    [61, 9, 8, 8, 7, 7],
    [58, 10, 10, 6, 10, 6],
    [57, 12, 8, 9, 7, 7],
    [62, 6, 4, 10, 4, 14],
    [55, 13, 7, 7, 9, 9],
    [55, 9, 12, 10, 9, 5],
    [55, 9, 3, 14, 11, 8],
    [67, 4, 2, 8, 11, 8],
    [22, 41, 8, 13, 5, 11],
    [14, 49, 7, 8, 13, 9],
    [6, 57, 13, 6, 10, 8],
    [8, 52, 8, 15, 8, 9],
    [3, 56, 13, 8, 11, 9],
    [7, 56, 6, 10, 7, 14],
    [8, 69, 5, 6, 7, 5],
    [7, 67, 7, 2, 8, 9],
    [7, 39, 25, 7, 11, 11],
    [11, 3, 60, 11, 10, 5],
    [5, 12, 61, 11, 7, 4],
    [7, 7, 60, 10, 4, 12],
    [12, 11, 55, 6, 7, 9],
    [8, 7, 61, 6, 11, 7],
    [3, 11, 65, 5, 7, 9],
    [10, 9, 58, 10, 5, 8],
    [9, 9, 61, 6, 7, 8],
    [11, 12, 6, 52, 11, 8],
    [6, 7, 10, 54, 14, 9],
    [11, 11, 11, 53, 10, 4],
    [13, 8, 3, 56, 4, 16],
    [10, 12, 5, 62, 4, 7],
    [8, 8, 7, 55, 7, 15],
    [12, 5, 8, 56, 10, 9],
    [11, 8, 5, 66, 6, 4],
    [12, 7, 6, 28, 41, 6],
    [8, 8, 9, 3, 64, 8],
    [7, 8, 16, 5, 59, 5],
    [11, 8, 6, 7, 57, 11],
    [6, 7, 8, 10, 65, 4],
    [5, 6, 12, 11, 57, 9],
    [8, 7, 8, 13, 53, 11],
    [10, 8, 10, 8, 58, 6],
    [14, 3, 13, 12, 34, 24],
    [7, 10, 6, 8, 7, 62],
    [12, 10, 11, 6, 13, 48],
    [4, 10, 7, 8, 9, 62],
    [7, 7, 9, 8, 9, 60],
    [2, 13, 9, 12, 6, 58],
    [6, 7, 12, 11, 6, 58],
    [7, 10, 3, 10, 11, 59],
    [9, 7, 6, 7, 12, 59]
  ],
  "method": "mcmc",
  "mcmc_stepsize": 3000,
  "mcmc_samples": 100,
  "burn_in": 10000,
  "cond_prob": [
    [
      [0.22957521296, 0.032730881258, 0.26240644328, 0, 0.04916524508, 0.11463656747, 0.01639503334, 0.180330492, 0.049107871203, 0.065652253422],
      [0.1110282706, 1.2333859694e-05, 0.44398619486, 0, 0.2215731278, 0.11139964736, 0.00036169087049, 0.11145667459, 9.2543915528e-05, 8.9516143526e-05],
      [0.12499711842, 9.5686533262e-05, 0.24990909275, 0, 1.6075092116e-05, 0.4994790165, 9.0978442342e-05, 0.12499605444, 0.00032305572005, 9.2922101659e-05],
      [0.12522217458, 0.00031402322585, 0.24966379065, 0, 0.00041461700579, 0.12509398257, 0.24917437819, 0.24967745565, 0.00041230724177, 2.7270892816e-05],
      [0.14249621949, 2.1683150381e-06, 0.14341801667, 0, 0.00011412690179, 0.00036933441709, 0.00036022030555, 0.42835863718, 0.28477547604, 0.0001058006815],
      [0.14248995627, 1.7688900932e-06, 0.14240314605, 0, 0.0003596392628, 0.00077188925897, 4.7903295928e-07, 0.14297591085, 0.14346796077, 0.42752924961]
    ],
    [
      [0.18965510797, 0.12068965509, 0.31034494174, 0.034482766965, 0.0172413982, 0.068965523933, 0.034482793095, 0.13793093493, 0.034482750238, 0.051724127843],
      [0.10000010461, 0.19999972427, 0.59999941357, 8.6573832831e-09, 4.9222096429e-09, 6.2131952054e-08, 6.0690428469e-08, 0.10000035591, 1.1780860104e-07, 1.4743843414e-07],
      [0.10000000005, 3.2783154883e-08, 0.30000006055, 0.19999972851, 0.19999981689, 0.10000001162, 7.3811468993e-09, 0.1000002458, 7.7314090511e-11, 9.6330394025e-08],
      [6.212107095e-08, 2.3092963112e-09, 0.1666668059, 1.9636323476e-07, 5.1283391401e-08, 0.49999933794, 0.33333307166, 4.4163946267e-07, 9.2162776666e-09, 2.1561941569e-08],
      [0.10000019299, 1.260737295e-07, 0.29999968856, 6.0647184033e-08, 3.1327503641e-08, 1.3735630131e-07, 0.099999856331, 0.49999963748, 2.289323808e-07, 4.030978269e-08],
      [6.4711533737e-08, 1.9331589027e-07, 0.16666681952, 5.9947409781e-08, 1.0885235588e-08, 2.4553612395e-07, 5.441067256e-08, 1.2205816555e-07, 0.33333282712, 0.4999996025]
    ],
    [
      [0.19298255609, 0.087718960935, 0.22807020307, 0.035087736162, 0.052631541515, 0.087719431542, 0.070175285645, 0.12280728414, 0.10526311422, 0.017543886683],
      [0.083333466172, 3.4426957272e-07, 0.41666657033, 0.1666660152, 0.083332874099, 0.083333049379, 2.2585748107e-07, 0.083333106436, 0.083333831261, 5.1699359175e-07],
      [0.12499948282, 9.6602745674e-07, 0.12500033276, 6.8225291043e-07, 0.24999940096, 0.37499790102, 1.3865646158e-06, 0.12499976041, 4.4322351654e-08, 4.2865492797e-08],
      [0.11111143597, 2.2415082185e-07, 0.22222174283, 1.0179907725e-07, 7.3515821246e-07, 0.11111162152, 0.44444266467, 0.11111130719, 1.1305952137e-07, 5.3655925756e-08],
      [0.1428568592, 6.437225704e-07, 0.1428569126, 5.8811988196e-08, 2.4766729365e-07, 1.1081802719e-06, 5.8107811706e-07, 0.57142533268, 0.1428580269, 2.2915854704e-07],
      [0.14285655834, 1.2054796599e-07, 0.14285754932, 1.0068560962e-08, 5.8381413659e-07, 3.5780888252e-08, 9.8083648138e-07, 1.4785984698e-06, 0.42856985053, 0.28571283217]
    ],
    [
      [0.20967753072, 0.032257049586, 0.30645466791, 0.016128529925, 0.032258507277, 0.080644112298, 0.048387541231, 0.19354878533, 0.064514709277, 0.016128566444],
      [0.16666150371, 4.9602591813e-06, 0.33332800076, 0.16667089925, 0.16666102665, 5.6263339493e-06, 5.2859248805e-06, 0.1666624166, 2.7539298701e-07, 5.1283254632e-09],
      [7.946863072e-09, 1.6326479624e-07, 0.25000060222, 3.4992640713e-10, 0.24999240484, 0.49998430623, 7.4191014495e-07, 1.4474089634e-05, 7.2725751932e-06, 2.6561965089e-08],
      [0.09999697638, 1.9441768492e-07, 0.29999614545, 8.190592818e-08, 2.945371436e-07, 0.10000928182, 0.29999361324, 0.19999655988, 6.5235783974e-06, 3.2878922878e-07],
      [7.5752213279e-06, 2.221361295e-07, 0.24999254691, 2.1790701834e-07, 5.0246923294e-07, 7.2689209287e-06, 2.16344616e-08, 0.74998299166, 7.9474551793e-06, 7.0568441519e-07],
      [0.14285885548, 2.119883084e-06, 0.28570775241, 2.8979361809e-07, 2.2724513292e-06, 0.071426582909, 1.1011178996e-07, 0.142860382, 0.21428287547, 0.14285875949]
    ],
    [
      [0.23641753183, 0.054545239967, 0.23633777109, 0, 0.054544097993, 0.1272723634, 0.07275331615, 0.18179372375, 0.036335936627, 1.9182097411e-08],
      [0.15395828006, 0.15361570205, 0.38473129671, 0, 4.5551893968e-06, 0.076920427503, 0.076809208739, 0.15384566442, 0.00011467547745, 1.8986318898e-07],
      [0.14264564911, 1.5180382865e-06, 0.14285707122, 0, 0.57120610029, 0.0002139168806, 6.0569872672e-06, 0.14306842032, 2.1702869532e-07, 1.0501151814e-06],
      [0.14285150734, 2.5473503333e-07, 0.14264072102, 0, 6.4213268329e-06, 0.4281417089, 0.14306346207, 0.14307372593, 1.149992053e-05, 0.00021069875744],
      [0.11095125755, 0.0001647492401, 0.22206396825, 0, 0.0001649936825, 0.1112748074, 0.2218928835, 0.33332341507, 0.00016392519566, 1.1758694486e-10],
      [0.1109485217, 0.00016805807253, 0.22253949699, 0, 4.7553819983e-06, 0.11112131203, 0.00016947924819, 0.22204953297, 0.22205281766, 0.11094602596]
    ],
    [
      [0.23736373883, 0.018171679072, 0.23792660131, 1.2426608147e-05, 0.055032115853, 0.090385580362, 0.07220049449, 0.14493568549, 0.054064408434, 0.089907269546],
      [0.11105319245, 6.4862856683e-07, 0.32425781183, 0.10797796527, 0.32393364177, 0.0061458600407, 0.0062691957375, 0.11419101411, 0.0060704447294, 0.00010022543231],
      [0.16438739826, 9.9156512503e-07, 0.16888413694, 1.153146867e-06, 9.372859637e-05, 0.32635637706, 0.16656247551, 0.087941168603, 0.0023556173136, 0.083416952996],
      [0.097235242482, 5.2903798985e-05, 0.19712057741, 0.0027258772528, 7.8750479476e-05, 0.10549859429, 0.29454504004, 0.19722131805, 0.0055225843607, 0.099999111831],
      [0.11104573826, 1.1880134781e-06, 0.22207768509, 2.6888687778e-05, 7.8186642662e-05, 0.00016269578162, 0.0031277356843, 0.33026337821, 0.32398500369, 0.0092314999487],
      [0.00022055684111, 3.6903065684e-08, 0.19984040761, 4.8128763405e-08, 0.011042984883, 0.00015072200181, 4.0062740364e-05, 0.00018811264315, 0.1944930498, 0.59402401845]
    ],
    [
      [0.14545452979, 0.054545454665, 0.23636366122, 0.018181827994, 0.054545449736, 0.090909095824, 0.090909091072, 0.14545453074, 0.10909090441, 0.054545454556],
      [1.1403598772e-09, 0.11111107999, 0.55555546297, 0.1111110798, 1.2379538505e-09, 6.0099337149e-08, 6.1356520978e-08, 0.1111111122, 0.11111110991, 3.1303248119e-08],
      [3.2708994279e-09, 1.8117537945e-10, 4.3247985643e-11, 0.33333323955, 0.6666664795, 3.5164976236e-10, 1.8353495542e-07, 1.0652796117e-10, 6.531315869e-11, 9.3402053101e-08],
      [0.071428592042, 1.4840384768e-10, 0.21428571405, 1.546631033e-09, 0.071428590142, 0.28571422536, 0.14285712218, 0.14285716288, 0.071428572319, 1.933026038e-08],
      [1.0650911072e-09, 1.8656485004e-11, 0.18181815723, 4.7043212125e-11, 2.4681859054e-08, 0.090909092762, 0.27272719784, 0.27272727166, 0.18181822891, 2.5778268949e-08],
      [6.7629764628e-08, 3.3835203289e-08, 0.12499996749, 1.7086892971e-10, 3.5175107098e-08, 1.5372457901e-09, 1.7327562186e-10, 0.12500006635, 0.24999996722, 0.49999986041]
    ],
    [
      [0.23879399928, 0.074466590072, 0.22437026585, 0.0001245834578, 0.029896283499, 0.07468895873, 0.059724682217, 0.17853400086, 0.074654658365, 0.044745977679],
      [3.8809366223e-05, 0.24755567824, 0.74474743016, 0.00054050835939, 0.0005640200958, 4.8645580519e-05, 0.0030027657515, 0.0020123186427, 0.0011503274779, 0.00033949632142],
      [1.154975895e-06, 0.00011569671938, 0.49656735658, 0.49401010013, 5.1670648745e-06, 0.0011269308827, 0.002134047418, 0.0030763749479, 0.00077921716272, 0.0021839541215],
      [0.12503480341, 0.00049855169716, 0.12565429122, 0.00018166705969, 0.24751709102, 0.37185189652, 0.00058099731845, 0.12606346265, 0.0016937682654, 0.0009234708349],
      [0.18178385231, 0.00096283136376, 0.18041181089, 6.8287945338e-08, 0.0008909911807, 0.00083362622657, 0.27018213451, 0.36349474584, 0.00039550878082, 0.0010444306119],
      [0.1250929623, 0.00071310002212, 0.12566293812, 2.0733734102e-06, 0.00059311998189, 0.0011757825452, 0.00068945943511, 0.12713375158, 0.37175967532, 0.24717713732]
    ],
    [
      [0.31818188551, 0.13636360131, 0.13636350913, 3.4238323904e-09, 4.734934729e-09, 0.13636363049, 0.13636372039, 0.090909139779, 0.045454503923, 1.2965910081e-09],
      [0.17073171197, 0.097560990591, 0.21951219065, 0.024390218131, 0.048780508255, 0.17073168486, 0.12195115653, 0.097560956126, 0.04878055779, 2.5089803112e-08],
      [0.1249998813, 2.2938153392e-08, 0.12499987498, 3.6652567814e-09, 0.24999973702, 0.37499999197, 0.12499999061, 4.8431857702e-07, 9.5143316919e-09, 3.6806155541e-09],
      [0.1538460841, 0.076923001485, 0.076923159986, 1.723458511e-10, 8.6789041593e-08, 0.30769215684, 0.30769236052, 0.076923071912, 7.8005092678e-08, 1.934053147e-10],
      [2.1368141464e-08, 1.906366236e-07, 3.8070403947e-07, 1.8988725067e-07, 5.6917767954e-09, 2.058556745e-07, 1.5315345546e-08, 0.79999918614, 0.19999980437, 2.3571062613e-11],
      [0.18181818883, 8.8994204475e-11, 0.090909181736, 2.8926368095e-11, 4.0924736679e-10, 0.090909276912, 0.09090909504, 0.090909089414, 0.27272708475, 0.18181808279]
    ],
    [
      [0.35714285093, 0.071428571669, 0.071428575095, 0, 1.1655850872e-10, 0.21428571428, 0.14285713436, 0.14285714956, 3.7610728421e-09, 2.2877937389e-10],
      [0.081632647455, 0.12244897924, 0.16326530979, 0, 0.040816323542, 0.20408164016, 0.14285714063, 0.1632653077, 0.061224487873, 0.020408163612],
      [3.9009361669e-10, 3.3975162246e-09, 0.14285713928, 0, 0.42857144457, 0.14285713245, 0.14285713241, 0.14285713271, 1.1277887197e-08, 3.5191277168e-09],
      [1.0286285785e-09, 3.3637563086e-11, 0.12499998818, 0, 4.6505873749e-10, 0.62499994188, 0.12500003764, 0.12500000841, 2.1787320264e-08, 5.7794322966e-10],
      [0.076923090193, 0.076923069821, 0.076923069905, 0, 1.968768511e-09, 0.15384616536, 0.23076922768, 0.30769229061, 0.076923078491, 5.9729448265e-09],
      [1.9793979132e-08, 9.1216217695e-09, 0.11111110889, 0, 3.89867223e-10, 0.11111111336, 0.11111111562, 0.11111111719, 0.33333330755, 0.2222222081]
    ],
    [
      [0.4999998062, 1.2475026158e-07, 1.0201508089e-07, 5.1750314745e-11, 2.6018896859e-10, 0.16666661502, 0.16666661594, 0.16666656534, 5.119306226e-08, 1.1922146764e-07],
      [0.12280699986, 0.12280698629, 0.070175434953, 0.017543865562, 0.01754386319, 0.17543861679, 0.17543861755, 0.17543862159, 0.087719292736, 0.035087701474],
      [0.076923160694, 0.076923122011, 0.15384607506, 0.076923050648, 0.076923055975, 0.15384607842, 0.15384612244, 0.15384619772, 0.07692305112, 8.5914199207e-08],
      [6.8009495435e-08, 5.9336347976e-09, 8.4537632941e-10, 7.3976046536e-11, 0.16666655319, 0.49999986241, 0.16666666142, 0.16666668355, 1.1340915841e-07, 5.1154870045e-08],
      [0.10000004043, 4.1088935664e-08, 6.1434984825e-08, 1.4323839217e-11, 7.4933322609e-08, 0.10000004136, 0.39999988357, 0.29999981623, 0.1000000405, 4.4286438359e-10],
      [0.12500003368, 2.1908134933e-11, 4.5582403609e-11, 4.517317538e-10, 5.9318916381e-11, 0.12500006818, 0.12500008849, 0.12500004291, 0.24999990712, 0.24999985905]
    ],
    [
      [0.24999999646, 0.37499999177, 0.12499999608, 2.1787311218e-09, 1.6778747259e-09, 0.12499999827, 0.1250000003, 1.100829734e-08, 2.186399154e-09, 6.1230437939e-11],
      [0.13461538507, 0.11538461496, 0.23076923158, 0.019230768875, 0.019230768642, 0.1346153853, 0.13461538352, 0.11538461557, 0.076923077471, 0.019230769008],
      [0.12499999648, 7.6786694237e-09, 0.1249999971, 0.12499999871, 0.24999999307, 0.24999999932, 0.12500000122, 4.1750521358e-10, 4.4274526011e-09, 1.5606733258e-09],
      [0.13333333231, 0.066666664772, 0.13333333314, 6.689429223e-10, 2.3609945991e-09, 0.20000000008, 0.26666666696, 0.13333333311, 0.066666665822, 7.7649500269e-10],
      [0.12500000014, 6.7720455321e-09, 0.12499999714, 2.0390990173e-11, 3.2617436863e-09, 0.12499999928, 0.12500000619, 0.37499998786, 0.12499999608, 3.2511314407e-09],
      [0.11111111632, 6.3223198332e-11, 0.11111111534, 1.2647897321e-10, 1.2352241024e-09, 0.11111110979, 0.11111111012, 0.11111111104, 0.22222221807, 0.22222221789]
    ],
    [
      [0.99999999278, 7.1810553295e-10, 1.334993113e-10, 1.3272509533e-10, 1.8008371384e-10, 1.6895213331e-12, 1.8815008047e-10, 2.7325221128e-09, 3.0699796526e-09, 6.7016075189e-11],
      [0.10714285737, 0.14285714263, 0.071428571163, 0.035714285807, 0.053571428623, 0.21428571412, 0.12500000005, 0.16071428605, 0.053571428423, 0.035714285764],
      [0.076923077005, 0.076923076664, 1.7985703166e-10, 0.15384615326, 0.30769230685, 0.15384615541, 0.076923076544, 0.15384615386, 5.825854776e-12, 2.1450722972e-10],
      [2.2714005479e-10, 1.8496126744e-09, 7.3391965643e-10, 1.3111140055e-10, 9.5336367247e-11, 0.6249999973, 0.24999999909, 0.12499999962, 8.2295941316e-10, 1.3144637574e-10],
      [0.090909091379, 0.090909090814, 1.3311906614e-12, 2.0079954178e-11, 4.1169528927e-10, 0.18181818286, 0.18181818146, 0.36363636141, 0.090909091065, 5.7366917789e-10],
      [1.0475687767e-10, 4.9205988114e-11, 6.9434157956e-10, 8.4962128854e-11, 2.4615176745e-10, 0.11111111098, 0.11111111251, 0.11111111115, 0.3333333323, 0.33333333187]
    ],
    [
      [0.42857137036, 0.42856922385, 0.14285607757, 2.5323524743e-08, 2.6838750036e-08, 3.8616142457e-09, 4.9470275723e-09, 2.1543705635e-06, 1.1113149807e-06, 1.570371223e-09],
      [0.14285754478, 0.089285985209, 0.16071374756, 0.071428707485, 0.07142870327, 0.12499987036, 0.12500066812, 0.10714246103, 0.089285301847, 0.017857010336],
      [9.375021158e-08, 6.8752138413e-09, 2.3735125883e-08, 0.33333075953, 0.49999616673, 0.16666913546, 1.6513439914e-08, 3.7685221071e-06, 1.277095025e-08, 1.6115234794e-08],
      [0.10000001517, 7.7715132035e-07, 0.099999989757, 1.4077653743e-08, 4.2591731097e-09, 0.49999692932, 0.19999927626, 0.10000073326, 2.2607275966e-06, 9.4542594395e-12],
      [0.14285606678, 5.9702904314e-09, 2.1544679837e-06, 1.0697080769e-06, 2.1732474984e-06, 1.1092876615e-06, 0.42856816989, 0.42856922964, 2.0021051471e-08, 9.9014040109e-10],
      [0.1428560513, 0.071428029058, 0.071430176586, 1.2605845799e-09, 0.07142858381, 0.071429668696, 0.071428035713, 0.14285661074, 0.28571374952, 0.071429093321]
    ],
    [
      [0.49999984712, 0.24999992506, 3.9838014778e-10, 1.6341065315e-10, 4.0066534183e-09, 0.12500000659, 0.12499999846, 6.9197943132e-08, 6.223715853e-09, 1.4278150515e-07],
      [0.18840581392, 0.11594202028, 0.057971012543, 0.072463752717, 0.028985505663, 0.14492754402, 0.18840579368, 0.10144928356, 0.043478262272, 0.057971011352],
      [1.557324283e-09, 2.1255435357e-08, 9.9971432208e-09, 1.0911514617e-07, 0.39999988312, 0.39999987644, 0.19999998449, 9.8747367445e-10, 3.7261356726e-10, 1.1266586018e-07],
      [0.16666658536, 1.5436468097e-09, 7.6219110036e-09, 1.2675798812e-10, 6.0180807361e-09, 0.16666666179, 0.49999980998, 0.16666675424, 1.7270363511e-07, 6.1832628129e-10],
      [0.14285713945, 1.4775895427e-07, 4.2293357809e-09, 1.1191829024e-11, 1.1328843569e-08, 0.14285714641, 0.1428572796, 0.42857117814, 0.14285705865, 3.4422120526e-08],
      [1.1333976265e-07, 1.0045510235e-08, 1.1981919246e-09, 1.0296728396e-07, 1.0924167942e-07, 6.4662700548e-09, 0.20000010183, 2.0654540373e-08, 0.19999988097, 0.59999965329]
    ],
    [
      [0.57142852648, 0.14285713165, 1.1202408424e-08, 1.2594032155e-09, 1.1400019955e-08, 0.14285715985, 0.14285712236, 1.346639575e-08, 1.1176366362e-08, 1.1155051361e-08],
      [0.19402985391, 0.059701489468, 0.059701489218, 0.074626864602, 0.044776118018, 0.23880597076, 0.17910448461, 0.089552240654, 0.044776117719, 0.014925371043],
      [0.14285715637, 1.1165927827e-08, 8.8430530126e-09, 8.5407303395e-09, 0.28571424528, 0.4285714078, 0.14285713196, 1.2186421343e-08, 1.3584305076e-10, 1.7718659484e-08],
      [5.2620685763e-12, 3.9011529674e-08, 6.6390627146e-13, 1.7745247283e-12, 4.2847510994e-12, 0.4999999298, 0.4999999701, 1.2769289657e-09, 5.9789874396e-08, 3.4765550017e-12],
      [0.12500000026, 8.2431207641e-09, 1.0249926879e-08, 2.1321117491e-10, 9.9759406339e-09, 0.25000000149, 0.37499997872, 0.24999997475, 1.5552034378e-08, 5.4729308278e-10],
      [0.11111111175, 6.881515396e-09, 1.0216550813e-11, 1.51957425e-10, 2.4028925091e-08, 0.2222222349, 0.11111110902, 0.22222221067, 0.22222219885, 0.11111110373]
    ],
    [
      [0.42857142704, 0.28571428292, 6.7689596397e-11, 4.4171205753e-13, 1.3580057336e-09, 0.14285714296, 1.1312515643e-10, 0.14285714287, 1.3388316543e-09, 1.3347505837e-09],
      [0.076923076686, 1.0575869821e-11, 0.15384615309, 0.025641025618, 0.10256410182, 0.15384615431, 0.10256410331, 0.25641025695, 0.10256410258, 0.02564102562],
      [0.079999999965, 3.9004787315e-10, 0.040000000343, 3.1954050098e-11, 0.19999999924, 0.1999999993, 0.11999999921, 0.24000000075, 0.080000000778, 0.039999999992],
      [2.7282436727e-09, 1.3366168853e-09, 6.6574143829e-11, 9.3128681067e-12, 1.8303503828e-10, 0.28571428291, 0.42857142716, 0.28571428292, 6.9793699084e-11, 2.6244138941e-09],
      [0.090909091741, 5.9771724609e-12, 1.6646232114e-09, 1.0884968776e-12, 1.7011233253e-09, 0.090909091697, 0.090909090917, 0.54545454199, 0.1818181801, 1.8290781628e-10],
      [0.090909090233, 3.5691184139e-14, 1.4662934656e-10, 2.3056394847e-13, 1.6704451239e-09, 0.090909091793, 0.090909090868, 0.18181818346, 0.27272727171, 0.27272727012]
    ],
    [
      [0.27272726982, 0.18181814878, 0.0909091243, 3.5939403767e-08, 0.090909088985, 4.7049181121e-10, 3.3090926257e-08, 0.27272717063, 0.090909093519, 3.447145261e-08],
      [5.286246568e-09, 1.2123336075e-07, 0.99999962055, 3.1446734603e-09, 2.3404024154e-11, 1.3998906937e-09, 9.8855504089e-12, 1.2659439401e-07, 1.2160423418e-07, 1.5642922823e-10],
      [0.066666659895, 0.049999987646, 0.11666667812, 0.11666664106, 0.10000001328, 0.050000006936, 2.6379436509e-10, 0.30000000177, 0.1166666651, 0.08333334592],
      [3.352859192e-08, 3.3107294247e-08, 0.090909063977, 3.6380840672e-08, 0.18181811263, 0.27272720096, 0.090909055942, 0.2727273356, 0.090909126379, 1.4841407021e-09],
      [4.8202029784e-09, 3.7256149878e-08, 0.099999963235, 7.312230136e-08, 0.099999998487, 1.5689364005e-11, 4.1691654743e-10, 0.4999999945, 0.29999992736, 7.8644260652e-10],
      [1.0901757782e-09, 8.3393577826e-10, 1.4949819619e-07, 3.5567566428e-11, 1.3364576793e-10, 7.2740029542e-08, 1.2175056084e-10, 0.20000000006, 7.295695625e-09, 0.79999976819]
    ],
    [
      [0.59999991834, 0.20000000141, 3.4210633223e-08, 2.6831987304e-09, 4.1350446338e-09, 1.2538765601e-09, 5.8529078713e-11, 0.20000003535, 8.5190452108e-10, 1.7067118259e-09],
      [1.5163564422e-08, 0.24999995778, 0.41666663271, 1.6199924267e-08, 2.9912224275e-08, 8.223634872e-10, 9.7558122949e-10, 0.16666667935, 0.083333348636, 0.083333318453],
      [0.065573767581, 0.081967218178, 0.11475409565, 0.11475409198, 0.065573764442, 0.065573773228, 0.032786890824, 0.19672131826, 0.11475408623, 0.14754099362],
      [4.5286543621e-09, 4.6252363176e-10, 0.090909123447, 1.6366792538e-08, 0.090909089549, 0.27272722055, 0.18181814793, 0.18181814963, 0.090909126943, 0.090909120593],
      [4.997626754e-08, 2.6490847075e-08, 5.0088326041e-09, 1.4952244212e-10, 4.3945334381e-10, 5.2780927201e-08, 2.0493897097e-09, 0.4285713721, 0.42857137366, 0.14285711735],
      [1.0699939536e-09, 5.0370217838e-11, 2.1373042592e-09, 5.2560190523e-11, 3.2870283367e-10, 5.3579366461e-09, 1.5510531544e-09, 1.5804717176e-09, 1.3504258325e-07, 0.99999985283]
    ],
    [
      [0.42857142564, 0.2857141406, 0.14285699954, 5.2292063619e-10, 1.7236903485e-10, 1.45495269e-07, 2.3412414165e-11, 0.14285699968, 1.439939958e-07, 1.4433431349e-07],
      [7.945111924e-10, 2.8791022788e-07, 0.28571399767, 0.42857113784, 0.14285699796, 8.673103478e-10, 5.8944075831e-11, 0.14285743091, 1.4476099367e-07, 1.2242849513e-09],
      [0.049999983147, 0.049999949611, 0.10000005046, 0.066666683536, 0.10000000002, 0.083333299438, 0.066666683235, 0.26666673436, 0.1166666501, 0.099999966095],
      [1.0158091978e-07, 2.0153664577e-07, 0.099999898661, 1.1255155032e-09, 1.6992590314e-10, 0.19999989815, 0.29999979842, 0.19999989845, 0.10000010052, 0.10000010138],
      [1.414261699e-09, 5.2787115153e-11, 5.5663656006e-11, 2.5196137899e-07, 5.6659234133e-10, 1.0726293893e-09, 2.5431988591e-07, 0.99999948947, 6.8809302334e-10, 4.008114281e-10],
      [3.8977705522e-10, 6.8019531531e-10, 0.083333417076, 2.0330605206e-11, 8.3992713751e-08, 1.6861452037e-07, 3.1505856391e-10, 0.24999983184, 0.41666649708, 0.24999999999]
    ],
    [
      [0.33333333331, 0.16666666666, 0.083333333359, 4.8533553454e-13, 3.7884975698e-13, 0.083333333328, 2.2780073292e-13, 0.25000000001, 1.6141734778e-13, 0.083333333333],
      [1.5609294491e-12, 0.18181818183, 0.45454545453, 1.0966913971e-12, 1.147986183e-11, 0.09090909091, 4.7564028364e-13, 0.18181818181, 1.8372409378e-13, 0.090909090903],
      [0.054545454548, 0.072727272724, 0.12727272727, 0.10909090909, 0.072727272723, 0.14545454546, 0.036363636367, 0.25454545455, 0.018181818182, 0.10909090909],
      [2.1783483406e-11, 8.5968321768e-13, 1.9609424985e-12, 2.1978903912e-13, 2.8088940425e-13, 0.66666666664, 0.16666666666, 0.16666666667, 1.0653234383e-11, 3.2441879818e-13],
      [3.508470057e-13, 1.8480316708e-11, 9.9731834278e-12, 2.1136207441e-14, 1.0352624469e-11, 0.14285714287, 0.28571428569, 0.57142857139, 5.3620087739e-13, 9.7934346965e-12],
      [1.0921363618e-12, 6.9381420481e-13, 0.11111111112, 7.5499606121e-12, 4.8071404651e-13, 0.1111111111, 9.7977582504e-13, 0.33333333333, 0.1111111111, 0.33333333334]
    ],
    [
      [0.37499990262, 0.37499993707, 3.0573711552e-08, 3.1616128853e-08, 1.5765445043e-09, 2.3507395322e-09, 3.8773255465e-10, 0.2500000009, 1.7734962075e-09, 9.1129862594e-08],
      [3.3197205473e-09, 0.14285714439, 0.57142845475, 0.14285714191, 4.9778230406e-10, 1.2601337834e-09, 3.6340273743e-09, 0.14285724887, 9.1332994197e-10, 4.5989019237e-10],
      [0.065573766216, 0.065573778108, 0.065573778566, 0.032786880506, 0.14754097861, 0.081967204976, 0.065573778665, 0.27868852611, 0.098360659372, 0.09836064887],
      [4.4416727145e-08, 6.7691773264e-11, 3.6746623354e-09, 3.9629939138e-09, 2.1076463892e-09, 0.33333336453, 0.49999990993, 0.16666666545, 3.6904880045e-09, 2.1789012016e-09],
      [2.3266081671e-08, 2.4505321507e-09, 1.2522669736e-09, 1.7242187584e-09, 0.090909092726, 1.126296465e-09, 0.090909069447, 0.54545449255, 0.18181820154, 0.090909113927],
      [7.0600996963e-08, 1.0604273063e-10, 6.2664505489e-09, 8.9345791486e-12, 3.6591269337e-08, 3.8469485272e-08, 3.5630573618e-08, 0.14285710674, 0.28571421696, 0.57142848863]
    ],
    [
      [0.66666640612, 0.33333328939, 3.2024323122e-10, 8.1266952004e-08, 2.9591079073e-09, 2.7126508702e-10, 4.5963739403e-09, 1.8660179214e-07, 7.3990014536e-09, 2.1070725535e-08],
      [2.6370909967e-08, 0.27272719717, 0.18181819431, 0.090909123738, 0.090909066004, 0.09090909361, 0.09090910318, 0.18181818899, 1.8047415319e-09, 4.8244279797e-09],
      [0.046153847658, 0.13846155844, 0.046153839027, 0.046153832046, 0.13846153278, 0.107692306, 0.092307690538, 0.26153846844, 0.046153838804, 0.076923086266],
      [3.5373380871e-10, 5.9583110068e-10, 9.2472782271e-10, 5.5186554432e-08, 1.3578703611e-08, 0.59999989799, 0.20000001821, 0.19999998906, 2.1224453624e-08, 2.877483407e-09],
      [1.8102375199e-08, 9.3426615452e-09, 1.5483503804e-08, 6.9752416495e-10, 4.2588927191e-08, 2.3204821946e-09, 0.28571418755, 0.7142855672, 1.2099856808e-07, 3.5720461589e-08],
      [2.9473524682e-08, 0.11111106619, 2.3534820306e-08, 3.4750499629e-09, 2.9815928321e-08, 6.371881699e-08, 6.2488920736e-08, 0.22222222191, 0.22222216473, 0.44444433466]
    ],
    [
      [0.29999999991, 0.20000000072, 0.099999999794, 8.5533027713e-12, 1.9014803557e-11, 8.4367412174e-12, 7.4048722834e-12, 0.19999999975, 0.099999999602, 0.10000000018],
      [7.1591197592e-11, 0.22222222217, 0.44444444274, 1.8648724575e-12, 4.3324944742e-12, 2.1094072537e-11, 5.9514213187e-11, 0.22222222259, 1.4381964066e-09, 0.11111111091],
      [0.068965517164, 0.086206896331, 0.15517241403, 0.034482758611, 0.051724137879, 0.051724137824, 0.068965517265, 0.22413793122, 0.086206896491, 0.17241379318],
      [2.742445025e-10, 0.099999999898, 0.1000000002, 4.2478892413e-11, 1.8611396086e-12, 0.09999999971, 0.29999999944, 0.20000000041, 0.1000000001, 0.099999999926],
      [2.9244396242e-10, 1.1406358129e-09, 1.2040188206e-10, 9.0909797786e-13, 3.9469934555e-10, 1.054097655e-09, 9.2417690358e-11, 0.59999999734, 0.3999999991, 4.6360701051e-10],
      [7.4848806593e-11, 1.8185447087e-10, 0.12500000011, 5.1197034186e-12, 9.7110688197e-11, 4.4542061306e-10, 3.8784124474e-10, 0.12499999967, 0.12499999976, 0.62499999927]
    ],
    [
      [0.33333332629, 0.22222222506, 0.11111111431, 2.3707255148e-10, 1.4928388802e-11, 5.6169473197e-11, 1.9674968828e-11, 0.22222222241, 5.3121358024e-10, 0.11111111107],
      [3.9654623622e-10, 0.1111111077, 0.44444443077, 0.11111110794, 3.3041234752e-10, 3.5820866598e-09, 3.878192591e-09, 0.22222222511, 1.2571369116e-08, 0.11111110773],
      [0.065573770887, 0.065573770022, 0.11475409887, 0.06557377002, 0.13114754087, 0.081967214048, 0.049180327802, 0.22950819815, 0.065573769647, 0.13114753968],
      [1.0918354185e-09, 2.8384914878e-10, 8.8007900602e-11, 9.1760365434e-09, 1.3730976718e-11, 0.49999998483, 0.3333333325, 0.16666666276, 9.1861051232e-09, 6.4951710074e-11],
      [3.9444162082e-09, 4.5442801682e-09, 4.8239269201e-09, 4.6351701213e-14, 3.0997959019e-10, 7.0962012951e-11, 0.14285713867, 0.57142856198, 0.28571427694, 8.7162317681e-09],
      [1.9821933554e-10, 4.1314382928e-11, 0.12500000358, 2.2580267386e-11, 2.3126322228e-10, 1.0415133337e-10, 4.1510177011e-10, 0.12499999681, 0.24999999249, 0.50000000611]
    ],
    [
      [0.27272726001, 0.27272717013, 0.18181818383, 1.3957989222e-08, 0.09090907019, 0.090909057915, 2.6247278213e-08, 0.090909144271, 4.2533223679e-08, 3.0921360941e-08],
      [0.083333348061, 8.7804159842e-08, 0.41666662552, 0.083333310899, 0.24999982293, 0.083333416985, 2.6161916969e-08, 0.08333330608, 4.3136362205e-08, 1.2417963861e-08],
      [6.3218864145e-08, 7.4004247251e-08, 0.16666658399, 9.2002880788e-09, 0.16666663465, 0.49999981584, 0.1666666158, 3.7884316992e-08, 7.3821142891e-08, 9.1591075837e-08],
      [0.096153828523, 0.038461523079, 0.25000001407, 0.019230764647, 0.1346154292, 0.13461539611, 0.076923056377, 0.13461537247, 0.076923070678, 0.03846154484],
      [0.090909072951, 3.2824327168e-08, 0.18181817651, 1.7401324979e-08, 0.090909158861, 0.090909087109, 5.0978430853e-08, 0.27272723163, 0.27272708708, 8.4652013201e-08],
      [8.7277132529e-08, 8.7150413102e-09, 0.2500000368, 1.3425001359e-08, 0.12499993484, 0.12499998853, 2.627587902e-08, 7.4520682801e-08, 0.1250001173, 0.37499971231]
    ],
    [
      [0.66661262455, 2.7202270117e-05, 0.16666660297, 6.3494766684e-07, 3.5595217345e-09, 3.2101611528e-07, 2.5611870363e-07, 3.9000494291e-05, 0.16665335287, 1.2036243264e-09],
      [2.2117955112e-05, 0.42853674244, 0.2856924399, 1.2613999658e-05, 3.066535132e-09, 1.1362937681e-05, 2.2237408432e-07, 0.14285714076, 0.14285643226, 1.0924309228e-05],
      [0.099992324133, 7.990612967e-06, 0.29997656276, 0.29999120152, 3.8569430181e-05, 0.099992661105, 1.4939576e-09, 0.099999964672, 0.10000034429, 3.7999045453e-07],
      [0.092594177034, 0.0555540055, 0.16667396595, 0.05555542148, 0.11110369082, 0.14815107126, 0.018520026349, 0.14813968307, 0.16667237275, 0.0370355858],
      [0.071434225475, 5.6002173529e-06, 0.14285157123, 2.2151151314e-07, 9.5711812254e-07, 0.2142738343, 0.1428509689, 0.28572503526, 0.14285165822, 5.9277646466e-06],
      [9.052136001e-06, 5.5368229043e-07, 0.11111905744, 1.7834677531e-09, 1.7322084002e-07, 0.11111115492, 2.1158565014e-07, 0.22223033176, 0.3333166745, 0.22221278898]
    ],
    [
      [0.27272706246, 0.27272653956, 0.18181819165, 1.2188670625e-08, 0.090909044304, 0.090909423539, 1.4512809252e-07, 0.090909287975, 1.0656323596e-07, 1.8662814766e-07],
      [0.090908880622, 1.4699221832e-07, 0.4545447908, 0.18181853976, 0.09090889544, 0.090909023432, 1.7597384909e-07, 0.090909004341, 1.9728245672e-07, 3.4535414585e-07],
      [0.090909516875, 3.3563123497e-07, 0.1818180962, 0.090908869661, 0.18181817948, 0.27272673452, 0.090908828135, 0.090909080076, 7.2989014411e-08, 2.8643132803e-07],
      [0.094339632158, 0.037735817783, 0.20754733757, 0.037735789153, 0.094339623039, 0.094339649196, 0.075471665112, 0.20754710528, 0.09433967238, 0.056603708335],
      [0.099999909624, 2.9367244133e-07, 0.19999974127, 1.5332142999e-07, 0.10000025993, 0.10000001187, 9.8003655098e-08, 0.10000017006, 0.39999890259, 4.5966967971e-07],
      [8.4958306194e-08, 3.6918723311e-07, 4.5775261444e-07, 9.9137794256e-10, 1.7038806724e-08, 3.6939264958e-07, 3.1855666081e-08, 1.5588110149e-07, 1.0481943679e-06, 0.99999746475]
    ],
    [
      [0.30769230662, 0.076923072082, 0.23076924352, 1.5311054656e-11, 0.076923081623, 0.0769230731, 0.076923072423, 0.076923073053, 0.076923077035, 5.3317491569e-10],
      [0.1250000004, 4.5515161359e-10, 0.37499999256, 0.12499999935, 0.12499999242, 1.4480708386e-08, 9.7878344541e-10, 0.12499999248, 0.12500000685, 1.6976650244e-11],
      [3.1355278203e-09, 4.1535666443e-13, 1.9734801799e-08, 1.6798280154e-11, 0.6666666438, 0.33333331254, 4.6088585443e-11, 1.3534173608e-09, 1.9370615366e-08, 5.3191196167e-12],
      [0.12499999984, 1.0570715701e-09, 0.17857142878, 0.017857141854, 0.12500000103, 0.10714285588, 0.14285714372, 0.14285714191, 0.14285714311, 0.017857142825],
      [1.1879599597e-09, 5.6572809764e-12, 1.072880935e-09, 9.4940169641e-10, 1.5566346404e-08, 1.5397214509e-08, 2.5761431185e-11, 0.49999996865, 0.49999996827, 2.8878956394e-08],
      [0.12500000035, 4.6781284572e-12, 0.18749998867, 3.5805896902e-09, 0.12499999676, 0.06250000035, 0.062500000133, 0.1250000178, 0.18749999989, 0.12499999245]
    ],
    [
      [0.39999999236, 0.099999999287, 0.19999999423, 3.6506580044e-10, 1.7870208516e-09, 0.0999999995, 9.0454742413e-10, 0.10000001201, 0.099999995652, 3.9092062515e-09],
      [0.16666666818, 0.08333332954, 0.33333333444, 0.16666666673, 3.9465044102e-10, 0.083333336615, 1.4253969357e-09, 0.083333330468, 0.083333331963, 2.406858875e-10],
      [6.4179014244e-10, 1.4610501463e-09, 0.19999999414, 5.1691899725e-10, 0.40000000175, 0.39999999096, 7.2532820546e-09, 7.4464202054e-10, 2.5095200039e-09, 2.1569221017e-11],
      [0.16129032393, 0.016129032975, 0.19354838641, 0.0483870966, 0.048387096229, 0.16129032265, 0.08064515972, 0.12903225797, 0.14516129186, 0.016129031649],
      [3.0002541129e-09, 7.2875894802e-11, 5.19699246e-09, 8.7648000235e-10, 3.501119077e-10, 1.0822717418e-08, 8.7001974329e-09, 0.74999997201, 0.24999998849, 1.0479946458e-08],
      [0.14285713707, 8.8995836011e-11, 0.14285715647, 3.5327661096e-11, 1.4358315598e-10, 0.14285713758, 1.815501881e-11, 4.0864800171e-09, 0.42857142827, 0.14285713625]
    ],
    [
      [0.37499999998, 0.12499999998, 0.25, 1.4018148092e-11, 0.125, 5.1967769059e-12, 6.1717921138e-12, 0.12500000001, 3.2626567763e-12, 8.238928907e-12],
      [0.12499999999, 1.0569794626e-11, 0.49999999995, 0.12499999999, 0.12499999999, 1.3627960923e-11, 3.201362175e-12, 0.12500000002, 2.6847073571e-11, 1.1270461152e-11],
      [0.14285714288, 2.8987125407e-12, 0.14285714286, 0.14285714284, 0.42857142852, 4.1276560164e-12, 3.3275142107e-13, 0.14285714284, 3.1247952136e-11, 1.8579086368e-11],
      [0.14545454545, 4.8129223784e-13, 0.23636363638, 0.018181818183, 0.12727272727, 0.12727272727, 0.072727272722, 0.14545454545, 0.090909090911, 0.036363636365],
      [0.14285714288, 6.2245933264e-12, 0.14285714286, 6.8475060113e-12, 1.8740571585e-11, 3.5632818889e-12, 3.0131620713e-12, 0.42857142855, 0.28571428567, 3.8533568509e-13],
      [0.13333333336, 6.2106941995e-15, 0.19999999997, 3.8501241848e-14, 0.066666666688, 0.06666666667, 1.160889909e-11, 0.13333333334, 0.19999999998, 0.19999999997]
    ],
    [
      [0.33333333318, 0.083333333365, 0.24999999995, 3.2279662759e-12, 0.083333333277, 4.1058113644e-11, 6.6336031942e-11, 0.16666666668, 0.083333333313, 1.1978260367e-10],
      [1.0574417141e-10, 0.39999999979, 0.59999999973, 9.1061562077e-11, 4.186039103e-12, 2.8597045377e-11, 3.014891358e-12, 7.2377460149e-11, 1.3853138308e-10, 3.9092020905e-11],
      [6.3603697919e-11, 7.2024353393e-11, 0.37499999983, 0.12499999993, 0.24999999988, 8.3299995024e-11, 7.2406040975e-12, 0.12500000013, 0.12499999994, 6.6582640084e-11],
      [0.071428571417, 0.035714285706, 0.26785714291, 0.017857142852, 0.10714285717, 0.12499999996, 0.017857142852, 0.16071428572, 0.14285714286, 0.053571428556],
      [8.5400273654e-11, 2.1773829909e-11, 0.20000000001, 3.9525245436e-11, 0.099999999961, 3.8969509023e-11, 0.099999999924, 0.39999999976, 0.20000000007, 9.7233791999e-11],
      [6.0424490421e-11, 3.4395560197e-11, 0.22222222226, 2.0376591654e-13, 5.5670810758e-11, 6.976329343e-11, 1.7028659538e-11, 0.11111111117, 0.33333333325, 0.33333333308]
    ],
    [
      [0.27272679726, 0.090908895011, 0.27272708891, 2.4448933555e-08, 0.090909827193, 1.0806206491e-08, 6.6947321011e-09, 0.090909519087, 0.18181773178, 9.880044656e-08],
      [5.8193355614e-08, 1.8134570438e-09, 0.37499991918, 0.12499998807, 0.24999935754, 3.0931111506e-08, 5.6027945388e-07, 0.12499973366, 0.12500006284, 2.8748728151e-07],
      [4.1103346293e-07, 7.7281466641e-11, 0.20000012079, 4.3316727664e-07, 0.39999902596, 0.39999945692, 6.1671559609e-09, 4.4690942806e-07, 8.0977869733e-08, 1.7992811063e-08],
      [0.075757611934, 3.1303514607e-08, 0.19696969389, 0.015151479462, 0.13636359757, 0.075757570938, 0.075757499622, 0.18181811625, 0.1818183494, 0.060606049626],
      [4.4124185055e-08, 9.8583509468e-09, 0.16666667078, 2.5455969923e-09, 4.0028212554e-07, 4.3918108336e-07, 6.8084743358e-08, 0.33333286283, 0.49999909513, 4.07180666e-07],
      [1.4245231713e-08, 3.7011855579e-09, 5.6078971213e-07, 2.2127906649e-10, 5.1729510136e-07, 8.0214772974e-09, 7.4365597453e-09, 5.8418122021e-07, 0.24999960287, 0.74999870124]
    ],
    [
      [0.33333331486, 0.16666667282, 0.08333248678, 5.0854756124e-09, 0.083332480695, 0.16666666468, 2.9554546412e-11, 0.083332484692, 0.083335890339, 8.3436017967e-12],
      [1.7869534132e-08, 0.2857142671, 0.57142562239, 3.8323361226e-09, 2.9324243325e-06, 0.14285566963, 1.4730225821e-06, 4.3339450418e-09, 9.195978136e-09, 2.0440096153e-10],
      [7.2828956097e-09, 2.0341550507e-08, 0.16666495081, 0.33333160197, 0.33333673959, 0.16666495506, 1.4667352646e-11, 1.7089263928e-06, 1.5182164451e-08, 8.2622158973e-10],
      [0.071428210063, 0.071427835814, 0.14285933846, 1.4500481228e-09, 0.17857032968, 0.25000036531, 0.10714212142, 0.1071435894, 0.071428208285, 1.2766215907e-10],
      [0.073170479666, 0.097561476372, 0.14634096312, 2.5023653076e-07, 0.12195121874, 0.17073170988, 0.048780488707, 0.24390168633, 0.097561223848, 5.0309266652e-07],
      [3.4174633094e-06, 5.1238018006e-11, 2.2063205907e-08, 8.2894328715e-12, 1.1252269908e-08, 0.16666837872, 1.7086239306e-06, 1.7095092051e-06, 0.49999485845, 0.33332989386]
    ],
    [
      [0.37499982636, 0.24999997871, 5.4228630014e-08, 0, 0.12499586205, 4.1692421458e-06, 1.8159028752e-08, 0.1250000238, 2.3679360184e-08, 0.12500004376],
      [1.4178057759e-07, 0.2500040678, 0.37499979798, 0, 0.12500001655, 6.5998575016e-08, 2.4688841605e-08, 0.12499994095, 9.9596267913e-09, 0.12499593428],
      [1.6989664468e-08, 0.11110749299, 0.22222220009, 0, 0.33333322173, 0.11110749252, 1.7007665903e-08, 0.11111477921, 3.6561508335e-06, 0.1111111233],
      [5.6075407777e-08, 6.8788963082e-09, 3.7531888048e-08, 0, 8.8021118962e-08, 0.99998871541, 3.5478990711e-08, 3.1472157389e-08, 1.097057441e-05, 5.8553389446e-08],
      [0.078124989369, 0.12500051843, 0.10937501536, 0, 0.14062603766, 0.093748434063, 0.04687447736, 0.18749897466, 0.046874487596, 0.17187706551],
      [7.6762453095e-08, 0.12499587384, 3.5764069262e-08, 0, 0.12499591263, 1.6594889211e-05, 4.1058337129e-06, 0.12500409959, 0.12499583846, 0.49998746223]
    ],
    [
      [0.42857119163, 0.28571425446, 1.1771349881e-07, 6.6226277268e-09, 0.14285712949, 2.2216202199e-08, 4.6287766864e-09, 0.14285710743, 8.9781002087e-08, 7.6030029975e-08],
