{
  "X": [
    [7, 1, 9, 6, 4, 5, 15, 6, 37, 10],
    [4, 2, 8, 5, 4, 10, 16, 3, 42, 6],
    [8, 5, 6, 10, 3, 8, 11, 5, 36, 8],
    [1, 2, 7, 12, 7, 4, 9, 7, 40, 11],
    [4, 2, 8, 9, 2, 3, 17, 6, 42, 7],
    [9, 6, 5, 6, 6, 8, 11, 6, 34, 9],
    [2, 5, 3, 7, 11, 13, 16, 9, 26, 8],
    [4, 1, 7, 8, 2, 10, 16, 9, 33, 10],
    [5, 3, 13, 10, 3, 9, 11, 7, 26, 13],
    [8, 1, 10, 7, 7, 15, 16, 3, 15, 18],
    [6, 3, 14, 5, 9, 16, 9, 2, 18, 18],
    [6, 3, 10, 4, 5, 24, 9, 4, 17, 18],
    [5, 0, 12, 5, 5, 20, 10, 4, 19, 20],
    [7, 3, 12, 14, 5, 20, 6, 5, 10, 18],
    [7, 1, 10, 13, 5, 15, 10, 3, 15, 21],
    [13, 2, 8, 12, 4, 12, 11, 4, 20, 14],
    [16, 3, 9, 11, 2, 15, 13, 7, 11, 13],
    [26, 4, 3, 5, 8, 5, 21, 7, 10, 11],
    [26, 11, 2, 10, 2, 6, 25, 4, 7, 7],
    [20, 7, 5, 8, 6, 13, 18, 4, 10, 9],
    [30, 10, 1, 12, 3, 11, 10, 5, 8, 10],
    [19, 7, 0, 8, 2, 11, 20, 5, 11, 17],
    [29, 6, 3, 4, 6, 7, 17, 9, 10, 9],
    [31, 12, 2, 3, 1, 5, 20, 5, 10, 11],
    [25, 10, 1, 6, 7, 6, 19, 6, 12, 8],
    [7, 4, 6, 16, 8, 14, 9, 8, 12, 16],
    [10, 7, 9, 15, 8, 5, 10, 6, 10, 20],
    [10, 10, 4, 19, 5, 9, 8, 4, 15, 16],
    [6, 9, 5, 19, 8, 14, 8, 6, 10, 15],
    [7, 8, 6, 24, 11, 10, 3, 6, 14, 11],
    [9, 6, 3, 21, 7, 7, 11, 8, 6, 22],
    [7, 5, 11, 20, 8, 13, 11, 3, 9, 13],
    [7, 4, 7, 33, 8, 8, 6, 2, 8, 17],
    [12, 3, 7, 11, 6, 5, 10, 4, 25, 17],
    [10, 4, 7, 5, 6, 6, 15, 2, 24, 21],
    [11, 2, 4, 7, 8, 4, 6, 5, 35, 18],
    [20, 0, 3, 6, 2, 6, 7, 6, 26, 24],
    [22, 1, 4, 7, 3, 4, 9, 5, 27, 18],
    [21, 2, 3, 3, 4, 3, 8, 6, 32, 18],
    [12, 0, 2, 6, 1, 5, 12, 9, 33, 20],
    [12, 2, 8, 3, 4, 1, 10, 6, 36, 18],
    [13, 2, 5, 10, 8, 4, 8, 13, 19, 18],
    [6, 3, 8, 10, 14, 12, 11, 11, 4, 21],
    [8, 3, 7, 12, 13, 9, 16, 13, 11, 8],
    [2, 1, 5, 15, 12, 10, 10, 20, 13, 12],
    [7, 7, 3, 7, 17, 12, 6, 18, 14, 9],
    [5, 3, 11, 13, 17, 7, 12, 15, 6, 11],
    [7, 2, 8, 12, 19, 6, 13, 12, 8, 13],
    [8, 3, 7, 10, 18, 12, 10, 16, 9, 7],
    [8, 4, 8, 9, 18, 5, 5, 12, 14, 17]
  ],
  "W": [
    [57, 14, 6, 6, 7, 10],
    [58, 7, 9, 3, 13, 10],
    [61, 5, 9, 7, 11, 7],
    [70, 5, 4, 10, 5, 6],
    [66, 5, 7, 6, 6, 10],
    [58, 8, 10, 8, 6, 10],
    [59, 10, 5, 5, 8, 13],
    [59, 8, 6, 7, 10, 10],
    [18, 44, 11, 9, 8, 10],
    [10, 53, 14, 7, 7, 9],
    [6, 60, 9, 5, 8, 12],
    [7, 62, 9, 4, 8, 10],
    [7, 66, 4, 4, 11, 8],
    [2, 56, 8, 16, 11, 7],
    [6, 61, 10, 9, 5, 9],
    [8, 51, 8, 13, 9, 11],
    [9, 47, 28, 0, 7, 9],
    [11, 9, 58, 5, 7, 10],
    [6, 7, 65, 10, 7, 5],
    [7, 10, 53, 6, 12, 12],
    [4, 10, 55, 12, 10, 9],
    [7, 9, 59, 12, 6, 7],
    [6, 5, 61, 9, 8, 11],
    [10, 10, 66, 4, 7, 3],
    [5, 10, 58, 7, 11, 9],
    [11, 7, 6, 63, 6, 7],
    [11, 10, 10, 54, 8, 7],
    [8, 7, 8, 61, 8, 8],
    [7, 6, 7, 64, 9, 7],
    [9, 7, 8, 55, 13, 8],
    [7, 11, 7, 60, 7, 8],
    [6, 12, 8, 52, 9, 13],
    [5, 7, 6, 71, 4, 7],
    [10, 11, 3, 20, 43, 13],
    [6, 11, 7, 9, 57, 10],
    [10, 7, 9, 9, 54, 11],
    [7, 6, 6, 5, 67, 9],
    [10, 11, 12, 5, 53, 9],
    [12, 7, 8, 10, 54, 9],
    [6, 5, 7, 11, 63, 8],
    [13, 3, 5, 10, 60, 9],
    [9, 9, 8, 8, 43, 23],
    [8, 7, 9, 12, 8, 56],
    [5, 8, 12, 8, 9, 58],
    [8, 5, 7, 13, 11, 56],
    [10, 7, 12, 10, 7, 54],
    [10, 13, 9, 9, 5, 54],
    [5, 11, 9, 8, 9, 58],
    [14, 9, 9, 11, 8, 49],
    [10, 5, 9, 11, 10, 55]
  ],
  "method": "mcmc",
  "mcmc_stepsize": 3000,
  "mcmc_samples": 100,
  "burn_in": 10000,
  "cond_prob": [
    [
      [0.067545749686, 0.0021050641933, 0.083235916244, 0.048627388783, 0.050308562427, 0.015626300319, 0.20501500576, 0.02672650657, 0.45021429361, 0.050595212405],
      [0.010514364952, 0.0024068846583, 0.070867318534, 0.0076984800346, 0.0055354486154, 0.21407735404, 0.070338999529, 0.0092976400082, 0.33715766151, 0.27210584812],
      [0.038231983731, 0.001748705652, 0.31714579119, 0.0040384005742, 0.0018548985128, 0.14327088095, 0.20124789912, 0.00036230810751, 0.28514600304, 0.0069531291328],
      [0.0043795196042, 0.00065239609303, 0.16444096825, 0.025019768021, 0.023368784718, 0.010699973992, 0.0012018734476, 0.28444083566, 0.28563024278, 0.20016563743],
      [0.12997747704, 0.11796441465, 0.035400527443, 0.030922764238, 0.12212387141, 0.0056790635631, 0.13046298449, 0.017190977525, 0.27887198143, 0.13140593821],
      [0.18371797993, 0.00061574427415, 0.012608606587, 0.27296517577, 0.00487064618, 0.014863935064, 0.020145915157, 0.25172664601, 0.12408166579, 0.11440368524]
    ],
    [
      [0.021379929558, 0.01335181927, 0.02103369679, 0.051703649611, 0.055261071125, 0.069305084743, 0.19474020773, 0.017396683042, 0.54252684861, 0.013301009521],
      [0.10951606575, 2.1905448103e-05, 0.00240001171, 0.00046048496891, 9.2056052274e-05, 0.42569789811, 0.14406097234, 1.1769310431e-06, 0.20685007517, 0.11089935352],
      [0.1110745315, 0.025913940023, 0.25629686809, 0.024927355225, 0.0027774074571, 0.026498123027, 0.30545899492, 0.1348642807, 0.0011550478594, 0.11103345121],
      [4.0051260685e-05, 0.075573200882, 0.25516147289, 2.945044428e-05, 5.1668176947e-05, 0.33303935345, 0.0031883794714, 4.8093057549e-05, 0.074753923691, 0.25811440667],
      [0.07631558339, 0.058879028063, 0.17190062614, 0.11777953463, 4.5218545049e-05, 0.076641756343, 0.054011414093, 0.058914275335, 0.36697269463, 0.018539868821],
      [0.00014581039962, 6.8716511215e-06, 0.14563811329, 0.024239642919, 0.076847396964, 0.076647579809, 0.023579666938, 0.001117576026, 0.40801900225, 0.24375833976]
    ],
    [
      [0.033450390512, 0.064769739809, 0.033400867335, 0.06589500168, 0.047963687184, 0.096577942037, 0.14657981757, 0.0006524585207, 0.46084157952, 0.049868515834],
      [0.0065912190538, 0.001553551103, 0.0011827230166, 0.0003628837263, 0.00059731593362, 0.40381408781, 0.0068043573549, 0.00032802080058, 0.38448103821, 0.19428480298],
      [0.4276652909, 0.11076093468, 0.1103326523, 0.0077254755517, 8.299416251e-05, 0.0047600028635, 0.11119731542, 0.21492467345, 0.005054684726, 0.0074959759488],
      [0.1423160165, 0.0056348903786, 0.27489936301, 0.15659935331, 0.00013295254668, 0.00080653383079, 0.00095188493562, 0.27468936832, 0.0020533825707, 0.1419162546],
      [0.008185090071, 0.00032064696807, 0.0030923633498, 0.26284260441, 0.0057551415686, 0.00062416042409, 0.091989467359, 0.096236449414, 0.35500693524, 0.1759471412],
      [0.14161919416, 0.00020833638549, 0.14361829555, 0.27451386819, 0.00089204708208, 0.0049033670569, 0.00075516677438, 0.0061159061986, 0.28590233284, 0.14147148576]
    ],
    [
      [0.014239962701, 0.014224526426, 0.042903909794, 0.043097465871, 0.057251686837, 0.042861165577, 0.085686493798, 0.05730797686, 0.49985347082, 0.14257334132],
      [7.7289153357e-05, 1.5043612351e-05, 0.2003967926, 0.59757969025, 0.19871822403, 0.00054552875089, 0.00086628257058, 0.00013637067279, 0.00094357138674, 0.0007212069666],
      [0.00016618039094, 0.24912354814, 0.0004895482164, 0.0015624628175, 0.0001206238906, 0.00016475731199, 0.49788744134, 0.00043654451713, 0.24905813287, 0.00099076051114],
      [4.0017270113e-05, 0.00030726886787, 0.10021227372, 0.59799503179, 0.00024252495139, 0.099498000724, 0.00096278508865, 0.09953548806, 0.0016225563696, 0.099584053154],
      [0.00020488885673, 0.000197374059, 0.00054551250834, 0.0012062073685, 0.00079987230631, 0.00015984044944, 0.19885596532, 0.19904821518, 0.59712292084, 0.0018592031086],
      [0.00012113777403, 0.0006090300988, 0.3313223098, 0.00050795529318, 0.33198061578, 9.2087853931e-05, 0.00035942974406, 0.16590293864, 0.16791108105, 0.0011934139683]
    ],
    [
      [0.017629258549, 2.5981749107e-05, 0.033825886324, 0.11224067124, 0.01350188504, 0.015357864834, 0.20156363709, 0.064060920281, 0.49994586527, 0.041848029619],
      [0.037393095597, 0.007004613847, 0.058719857886, 0.022178292026, 0.00025883420995, 0.17733071373, 0.34552320624, 0.00015666124207, 0.32641741459, 0.025017310637],
      [0.23146753702, 0.13980188517, 0.0086953217515, 0.0034309249315, 0.11838594426, 0.011769477616, 0.18308798221, 0.037287224907, 0.14238382675, 0.12368987538],
      [0.01311566807, 0.15304775268, 0.30652150911, 0.18366513675, 4.7757204407e-05, 0.14862764636, 0.012238081359, 0.028323225957, 0.14834923594, 0.0060639865591],
      [0.13677585793, 0.00091632649804, 0.16236381958, 0.017117962376, 0.0085128589051, 0.017656915922, 0.042548299409, 0.15187451261, 0.44229880115, 0.019934645624],
      [0.012988154262, 0.0060864464072, 0.25997129888, 0.025250916879, 0.022751610982, 0.0019633635332, 0.035884976053, 0.04289989495, 0.28309108094, 0.30911225712]
    ],
    [
      [0.047439956612, 0.024395753338, 0.019413321892, 0.036531147851, 0.019748106374, 0.039166886348, 0.10378344382, 0.064404181602, 0.52945038225, 0.11566681991],
      [0.10933322194, 0.016488693022, 0.016542314305, 0.10768654405, 2.0298632781e-05, 0.34198027039, 0.24822536102, 0.016505740408, 0.00097931567472, 0.14223824055],
      [0.21246711984, 0.086195140727, 0.015142557681, 0.014502243737, 0.086177906429, 0.284694952, 0.20002104821, 0.01384757931, 0.086258094001, 0.00069335806928],
      [0.032931706295, 0.44800570295, 0.2161019769, 0.1249732319, 0.12496325198, 0.017300511158, 5.1636306755e-05, 6.7519999152e-05, 0.017401271512, 0.018203190998],
      [0.066953286982, 1.3449234048e-05, 2.964974553e-05, 0.31237637165, 0.14365638854, 3.3231608947e-05, 0.16555176462, 0.00109551624, 0.14472171534, 0.16556862605],
      [0.25839721703, 0.00070590359488, 0.18612695253, 6.3454977166e-05, 0.21310240299, 0.00069254297607, 8.2320976804e-05, 0.19869224933, 0.14139218999, 0.00074476559351]
    ],
    [
      [0.012911832237, 0.033684268743, 0.013959303126, 0.066553391468, 0.081464275412, 0.13781098196, 0.16007013636, 0.08279144187, 0.3433685668, 0.067385802032],
      [0.00076544078879, 0.075506928257, 0.13914491124, 0.13593837932, 0.23329746577, 0.090489647564, 0.16721563756, 0.0087022977409, 0.048885126038, 0.10005416572],
      [0.033471526746, 0.2007535799, 0.017527003725, 0.0017321706395, 0.0054466071522, 0.23561047073, 0.28544677846, 0.085533346715, 0.034982686593, 0.099495829331],
      [0.029817213644, 0.15405840512, 0.0025845587831, 0.084266022791, 0.06524947419, 0.17998328723, 0.14269407384, 0.16691989275, 0.087902805537, 0.086524266104],
      [0.085721621901, 0.021612160008, 0.00054989363239, 0.032495949336, 0.14190173562, 0.12683535967, 0.17801363866, 0.029113803266, 0.24426237859, 0.13949345931],
      [0.017563908692, 0.023892435109, 0.052307310888, 0.078769811408, 0.18245683087, 0.067046455516, 0.1014532468, 0.19485425606, 0.20645206225, 0.075203682404]
    ],
    [
      [0.017649271325, 0.0005907481245, 0.018321848542, 0.068871325117, 0.016402063979, 0.084875485037, 0.18630092533, 0.11723159903, 0.40586624609, 0.083890487429],
      [1.3308666255e-06, 0.00035806348469, 0.0010622788174, 0.24078860475, 4.1122402023e-06, 0.36873872725, 0.0077381142421, 0.00058889931952, 0.38037267891, 0.00034719011683],
      [0.32580540285, 1.4010493358e-05, 0.0099865322831, 0.00077819090577, 0.00045913083098, 0.0061532656201, 0.32347300605, 0.32166570341, 0.011050330745, 0.00061442680683],
      [0.00052110649179, 0.13745026198, 0.1424397106, 0.14703674027, 0.13811377215, 0.14325402401, 0.00095174806989, 0.0041000734361, 0.28008724762, 0.0060453153657],
      [0.099465248043, 2.1592503632e-06, 0.10000032111, 0.00075713136867, 1.2804987105e-05, 0.097231547436, 0.29544734171, 0.0071588240904, 0.29356285013, 0.10636177188],
      [0.00055497018929, 2.3863434551e-06, 0.38535123265, 0.096878533905, 0.0062566087399, 0.0030423328607, 0.0044366801805, 0.0048341487135, 0.10483688306, 0.39380622336]
    ],
    [
      [0.055125973533, 2.7778050482e-07, 0.055131430201, 0.11097659566, 0.00043356733732, 0.00056926873655, 0.0016787947059, 0.056105027154, 0.6082913904, 0.11168767449],
      [0.045334484674, 0.022833130264, 0.20353497147, 0.046252228653, 0.022496474323, 0.15879791202, 0.046042276549, 0.0004544161117, 0.29546693478, 0.15878717115],
      [0.09205953587, 7.0323359111e-06, 0.091150677322, 0.18087401894, 0.090205802998, 0.18201120899, 0.091170716073, 0.0014074676422, 0.091120171319, 0.17999336852],
      [2.3543610397e-05, 0.22136933163, 0.0027726830947, 0.22002342186, 0.0011065239315, 9.6809946338e-06, 0.11000454065, 0.32993598825, 0.11196140056, 0.0027928854237],
      [0.00036864087743, 5.3040605933e-05, 0.0012632932669, 0.12559170667, 0.00093050178794, 2.768012947e-05, 0.62077011814, 0.24943185122, 0.0012477343065, 0.00031543299447],
      [0.099719923667, 0.00025116030965, 0.2014377567, 0.099276455907, 0.099268435504, 2.1316490981e-05, 0.19848418394, 0.098975435429, 0.0030253478337, 0.19953998423]
    ],
    [
      [0.19306000934, 0.087799845299, 0.0088603115212, 0.027218299408, 0.099953093199, 0.008430444936, 0.029744235743, 0.08771753495, 0.45278393638, 0.0044322892283],
      [0.090571996227, 0.0015952043197, 0.14908220408, 0.042629204229, 0.075254915747, 0.20642141007, 0.039019128492, 9.5122931076e-05, 0.13646085816, 0.25886995575],
      [0.015407761055, 5.6076033941e-06, 0.0055543578469, 0.0028855523381, 0.065775616502, 0.19667091499, 0.54509310567, 0.06867472931, 0.077029812107, 0.022902542578],
      [0.00010108971763, 0.00019562289338, 0.25112849649, 0.38105712492, 0.024454600388, 0.024795389023, 0.14215679789, 0.0051422904226, 0.021394327815, 0.14957426044],
      [0.13047498276, 0.0051430881881, 0.012065321371, 0.0002931583023, 0.0058458756895, 0.13746571442, 0.56037059943, 0.13029814316, 0.012733180983, 0.0053099356942],
      [0.015482549385, 6.9267160056e-07, 0.0099913704089, 0.19540216294, 0.097666285542, 0.0095711425429, 0.12061650798, 0.023139321078, 0.21360280254, 0.31452716491]
    ],
    [
      [0.06840625421, 3.0797783396e-05, 0.13852455422, 0.034492797593, 0.22824334339, 0.046122014277, 0.0066277389509, 0.098005593334, 0.32065574402, 0.058891162221],
      [0.011790872797, 0.028514328812, 0.16328019556, 0.015867326006, 0.056179741983, 0.23986410307, 0.10867740565, 0.0090388943389, 0.14962393011, 0.21716320168],
      [0.17649326051, 0.008227870535, 0.19684537186, 0.1070356303, 0.0037542924341, 0.10219161323, 0.066469135937, 0.087445020441, 0.091043403106, 0.16049440164],
      [0.12248684639, 0.19317088016, 0.10865677926, 0.14276035348, 0.082735017437, 0.0034368947766, 0.00036882732026, 0.002213352935, 0.234048365, 0.11012268324],
      [0.21483828141, 0.0045123365931, 0.081942493358, 0.099079494939, 0.13856549796, 0.0063396305111, 0.026530725709, 0.0047779411751, 0.27422658687, 0.14918701147],
      [0.08021085659, 0.017745963015, 0.033467395924, 0.11427043787, 0.22531397649, 0.028649641116, 0.13560642181, 0.0027781084684, 0.24293204846, 0.11902515025]
    ],
    [
      [0.17743824186, 0.082725266651, 0.18151983533, 0.12696636036, 0.008303790675, 0.13549497049, 0.021723136553, 0.13524120635, 0.102291535, 0.028295656736],
      [0.0097199046068, 0.016816296058, 0.097495969611, 0.03976223731, 0.050700156962, 0.34701958371, 0.07024889744, 0.0027286207538, 0.15133735927, 0.21417097429],
      [0.22950474424, 0.14281330082, 0.0070382248528, 0.0047934944466, 0.0067729838235, 0.0070507828007, 0.11393853631, 0.0025000546139, 0.39450083978, 0.091087038311],
      [0.012562818584, 0.0059138863164, 0.014596528047, 0.0118354791, 0.097686488594, 0.14599798348, 0.2173971838, 0.0011852294253, 0.11684478999, 0.37597961267],
      [0.18596151552, 0.0073104691352, 0.10643959234, 0.067079055814, 0.017071567562, 0.0074676448871, 0.16141331729, 0.15219213867, 0.10632395053, 0.18874074826],
      [0.055181212473, 0.0010853772164, 0.17113641622, 0.0018860951352, 0.12101883844, 0.082913087854, 0.13061643026, 0.16393585502, 0.20325646582, 0.068970221563]
    ],
    [
      [0.0015214097054, 0, 0.00049816026929, 0.002379221626, 0.14171570502, 0.14141643617, 0.14459913919, 0.14193927042, 0.28442079225, 0.14150986535],
      [0.060251582184, 0, 0.18036056787, 0.030366035329, 0.015440926263, 0.22766753327, 0.031489444665, 0.015044818168, 0.19701018032, 0.24236891194],
      [0.0022657509771, 0, 0.0049735817309, 0.00031620992097, 0.0024979470208, 0.24592514565, 0.4927191568, 0.0014946030569, 0.24652391665, 0.003283688195],
      [7.9308974239e-06, 0, 0.0025955754649, 0.73523984252, 0.0031183198722, 0.0053033129824, 0.0015595473892, 0.0024993888438, 0.0029029876638, 0.24677309436],
      [0.0010276193078, 0, 0.0030641105645, 0.0019993527463, 0.090909973924, 0.26831570969, 0.44667883452, 0.0014262272078, 0.092918532338, 0.0936596397],
      [0.124043396, 0, 0.0035916942137, 0.0018712533697, 0.24580176885, 0.0034551387561, 0.0023650851575, 0.24772533013, 0.24832138505, 0.12282494847]
    ],
    [
      [4.9864822276e-07, 7.7239061369e-06, 0.042291722346, 0.49995039715, 2.8760104605e-05, 1.2657893491e-05, 1.3841827043e-05, 0.45768648551, 2.1372392224e-06, 5.7753799366e-06],
      [0.03420806346, 0.01936586756, 0.095329049649, 0.15919996784, 0.038733506217, 0.28571199152, 5.1685081108e-06, 2.6816930608e-06, 0.10563237492, 0.26181132863],
      [0.37498045765, 0.1144229802, 6.3789077632e-06, 4.6854514796e-06, 0.11442691886, 1.4483873996e-05, 0.23942807274, 0.01057125674, 0.12500482343, 0.021139942149],
      [3.9796849789e-06, 0.062496619884, 0.17163806982, 0.19279657135, 0.0052882116776, 0.18220640812, 0.010567134323, 0.11971627002, 0.062504649624, 0.1927820855],
      [0.1818071941, 7.7486056726e-06, 0.17412631236, 0.090914886468, 8.4133811712e-06, 0.098597017101, 0.26501832372, 0.090900353932, 0.090911399413, 0.0077083509198],
      [0.012080139671, 1.1567776521e-05, 0.27362002724, 7.8043124893e-06, 0.26153526381, 1.6795763979e-05, 0.14285465542, 0.15493465523, 0.15492062215, 1.8468627362e-05]
    ],
    [
      [0.00033116715159, 0.00016502579542, 0.00065421087121, 0.16624626698, 0.0014093101422, 0.00071360062621, 0.16596989261, 0.16563440059, 0.33302510378, 0.16585102145],
      [0.032819254984, 0.016293577497, 0.1146386404, 0.14731756252, 0.032633452297, 0.21301387239, 0.082126482422, 4.1230506398e-05, 0.1476068297, 0.21350909728],
      [0.10059229564, 3.5558462202e-07, 0.19945200837, 0.10051682844, 0.00028295615094, 0.19938505057, 0.00074770740011, 0.00065333371014, 0.099742434032, 0.2986270301],
      [0.11077682805, 0.00049665356534, 0.00071908852215, 0.22221773179, 0.11090720267, 0.00034079326302, 0.11040568144, 0.00057428268675, 0.33147648942, 0.11208524859],
      [0.20021067032, 0.00010482557356, 0.00037306914851, 0.0013759534387, 0.00032498366332, 6.550986781e-05, 0.59640837116, 0.19922467219, 0.0010276955595, 0.00088424907998],
      [0.22134118695, 1.1561342571e-05, 0.11114004935, 0.00046038296925, 0.2220315828, 0.00051410955493, 0.0012550170863, 0.11065036592, 0.0013312825438, 0.33126446148]
    ],
    [
      [0.12553700585, 0.00057348983685, 0.00104625245, 0.12435122292, 0.00090568327362, 0.00063755389714, 0.12434447677, 0.0017212512706, 0.49613389085, 0.12474917288],
      [0.13698801668, 0.019540590264, 0.097849375184, 0.07904187363, 0.019773150062, 0.1952995348, 0.039463444077, 0.00018896155886, 0.25486345271, 0.15699160104],
      [0.00098742239785, 1.3812513486e-05, 0.24817746845, 0.12411636575, 0.12404079753, 0.12464501871, 0.0036668194007, 0.00032543951202, 0.12530200361, 0.24872485213],
      [0.0010817125392, 0.07631101902, 0.0010891729122, 0.45875377665, 0.07643028233, 0.0015734816605, 0.00039750965056, 0.2290354576, 0.077626975258, 0.077700612379],
      [0.22186296425, 0.00065687437457, 0.00041718826232, 0.00057539045407, 0.11022601497, 0.0015752371681, 0.55343317183, 0.11023785285, 0.00077024655615, 0.00024505927641],
      [0.27187152566, 7.0578283637e-05, 0.090725286928, 0.0011041931752, 0.00057906321452, 0.091166431677, 0.27065525552, 0.0003988917995, 0.092217623529, 0.18121115021]
    ],
    [
      [0.22212134912, 0.0088596179798, 0.11548946189, 0.00020436492853, 3.2778289158e-06, 0.10668556969, 0.31989323773, 0.11563154434, 0.10663525725, 0.0044763192442],
      [0.085964689901, 0.040847669159, 0.085954993172, 0.2101704222, 0.00085777904441, 0.27402125252, 0.023051806015, 0.020446202895, 0.12932694151, 0.12935824358],
      [0.31432553648, 0.035728072249, 0.10570218943, 0.035703257653, 0.035713521981, 0.0071802417015, 0.28564602039, 0.0028690225734, 0.07139808459, 0.10573405296],
      [0, 0, 0, 0, 0, 0, 0, 0, 0, 0],
      [0.15993909577, 5.1783988914e-06, 0.13709801763, 3.6025932638e-06, 0.13709640733, 0.13710367105, 0.14279108109, 0.011390401096, 0.13735379427, 0.13721875079],
      [0.0044309712007, 7.9550242818e-08, 0.00015141516349, 0.0133816044, 1.5752308361e-07, 6.5043598757e-06, 0.0044333154732, 0.53758656946, 0.11125483393, 0.32875454893]
    ],
    [
      [1.1210054138e-06, 4.0096446448e-07, 2.1245085995e-07, 0.090909246456, 0.18181780156, 0.090908835926, 0.27272655128, 0.27272594427, 0.090909066777, 8.19310476e-07],
      [0.3333318626, 5.8952785299e-07, 3.6057984673e-07, 6.0065144242e-07, 7.3544167853e-07, 0.22222156275, 9.5908272537e-07, 5.3998474299e-07, 0.22222137396, 0.22222141542],
      [0.37931024612, 0.051723969412, 0.017241343131, 0.034482670859, 0.034482733812, 0.034482774756, 0.27586201229, 0.034482823271, 0.051724377409, 0.086207048941],
      [5.4729131911e-08, 0.19999961956, 0.19999907379, 2.488982291e-07, 0.19999992418, 4.404243597e-07, 4.8880661911e-08, 7.7239679334e-07, 9.3483333333e-07, 0.39999888231],
      [0.14285700017, 1.9044072762e-07, 0.14285685184, 0.28571311824, 5.8281927998e-07, 4.6700728791e-07, 0.14285732175, 0.14285697072, 0.14285717118, 3.2583258502e-07],
      [7.3556033177e-07, 6.2687550861e-08, 3.1843481959e-07, 4.9011229876e-07, 0.29999953022, 2.3330644671e-07, 0.1000001095, 0.10000033464, 0.29999891376, 0.19999927178]
    ],
    [
      [0.16693167441, 0.0010143243222, 6.0451585961e-05, 0.3283904557, 6.3169848807e-06, 0.0024682860474, 0.16968786908, 7.2895059385e-05, 0.0016862469967, 0.32968147982],
      [0.0011677307921, 0.00012219412589, 0.00041521361815, 0.14310491006, 0.00049385227006, 0.14316981644, 0.28228024724, 0.0014220097035, 0.28374645577, 0.14407756998],
      [0.30831774676, 0.12283615005, 0.030513576404, 0.046640588124, 0.015348155371, 0.061401919489, 0.32263171763, 0.045765336806, 0.015687687582, 0.030857121781],
      [0.19770589787, 0.2004978883, 0.0008584894683, 0.10198268945, 0.099087798472, 0.098958021429, 0.0015235402468, 0.00070770116381, 0.1985052986, 0.100172675],
      [0.14260661925, 0.14321752307, 0.00065063694293, 0.14315641564, 0.00061500657054, 0.00016020004098, 0.14374177303, 0.00074101024839, 0.28296072901, 0.14215008619],
      [0.39485539706, 0.00024147942441, 4.1795126594e-05, 0.39487257268, 0.00073840047184, 0.00023503745273, 0.0026843190372, 0.20051951719, 0.0036359091472, 0.0021755724167]
    ],
    [
      [0.28540240982, 0.14283702663, 5.8242371297e-06, 5.8126201497e-06, 0.14276686262, 0.00033744910984, 0.14301881727, 3.6224548674e-06, 0.14288979959, 0.14273237565],
      [0.29969066692, 9.0490720445e-05, 5.6281814856e-05, 0.0003547893946, 0.00011972030232, 0.29990802358, 0.00011472425769, 7.5167480424e-05, 4.6960694222e-05, 0.39954317484],
      [0.264141792, 0.037774689604, 0.05661842319, 0.056565991325, 0.037737351573, 0.11319288914, 0.30181458896, 0.037741476098, 0.037750623974, 0.056662174137],
      [2.2348499681e-05, 0.33293805419, 0.16644903178, 0.33306981874, 7.0181483297e-05, 0.16683672059, 7.0216621074e-05, 7.0396184479e-05, 0.00027299248574, 0.00020023943502],
      [0.083550352626, 0.083341687472, 0.083261840336, 0.16652002122, 0.083289593326, 0.1664527243, 0.083414285356, 0.083304308078, 0.16678103686, 8.4150420736e-05],
      [0.00025193031602, 0.083287398548, 6.5309035474e-05, 0.083479559207, 0.16662157637, 0.083406790059, 1.2924806724e-05, 0.083237555066, 0.41629236067, 0.083344595921]
    ],
    [
      [0.25496685698, 0.0062343342838, 2.4123902975e-05, 0.0044876556795, 0.00053667314203, 0.0031150594889, 0.23899400239, 0.0047517462934, 0.24652796792, 0.24036157993],
      [0.0085585589705, 0.19395817901, 0.095704013519, 0.19396216863, 0.098776976973, 0.10882519132, 0.0036463234499, 0.098804393295, 0.099303238392, 0.098460956445],
      [0.40002960007, 0.039251935547, 0.0002220675636, 0.03790981166, 0.00093066537012, 0.16160991238, 0.16150385314, 0.035474682542, 0.037046217626, 0.1260212541],
      [0.16297703331, 0.32498033406, 0.0020406859387, 0.17635402813, 0.079867334074, 0.0020667373043, 0.00360712844, 0.081305136082, 0.081158909349, 0.085642673311],
      [0.20053451557, 0.19623988493, 0.00058917160011, 0.10323961222, 0.0011393291518, 0.09742637162, 0.0047256770809, 0.10122886915, 0.29089493966, 0.0039816290239],
      [0.32576104703, 0.0016068399637, 2.9967325507e-05, 0.53430484333, 0.10989951577, 0.001297567143, 0.0038118356547, 0.0059879130647, 0.011161940689, 0.0061385300333]
    ],
    [
      [0.38576290279, 0.020549680577, 0, 0.1431286454, 0.12166908048, 0.00071670431526, 0.00050902433357, 0.12214110129, 0.08293102168, 0.12259183913],
      [0.11128330505, 0.094999128879, 0, 0.1109825226, 0.1264802215, 0.26964287751, 0.18966288493, 0.00080741787409, 0.095626852785, 0.00051478886021],
      [0.2253241756, 0.082117244129, 0, 0.033774871528, 7.8723929349e-05, 0.082432874438, 0.26409843976, 0.031373558949, 0.077370352264, 0.2034297594],
      [0.071448987983, 0.071987617702, 0, 0.33244525205, 5.4950491083e-05, 0.15443512686, 0.00035778123607, 0.095346107966, 0.15443701533, 0.11948716038],
      [0.19024560461, 0.048392459635, 0, 0.0010646895354, 4.2564415134e-05, 0.28438307237, 0.3080797627, 0.02445440251, 0.0010373732162, 0.14230007101],
      [0.00073172726405, 0.00029092888499, 0, 0.0015440281063, 0.00063356270542, 0.020733946244, 0.12212728121, 0.1422608345, 0.44778885234, 0.26388883875]
    ],
    [
      [0.14216392498, 0.11559988785, 0.069071478608, 0.010742460068, 0.1089654769, 0.05511123293, 0.16108127628, 0.090019503884, 0.1702005588, 0.077044199706],
      [0.13657331362, 0.098423188041, 0.042360082075, 0.037246229207, 0.067891084703, 0.15286194898, 0.087372992694, 0.043176971188, 0.077096986068, 0.25699720343],
      [0.39938458449, 0.035687441872, 0.016292480667, 0.011144471489, 0.027105155338, 0.054556279869, 0.23002677114, 0.078030078332, 0.065485819761, 0.082286917045],
      [0.12022648196, 0.23088936443, 0.028631450693, 0.16116157936, 0.036630213201, 0.065748886846, 0.01053229424, 0.13050187854, 0.06483471648, 0.15084313425],
      [0.099547658667, 0.047840017515, 0.077804890138, 0.13122037152, 0.090648185454, 0.20031182926, 0.10460954708, 0.098703672759, 0.082217496517, 0.067096331093],
      [0.11120642011, 0.016056941682, 0.045437019994, 0.051753104213, 0.20895271246, 0.034805015439, 0.057577028611, 0.13818336851, 0.30522039009, 0.030807998896]
    ],
    [
      [0.24260913908, 0.021679476581, 0.042692657147, 0.0005274962772, 0.042640764202, 0.016318308699, 0.1513462556, 0.066243509918, 0.27905020972, 0.13689218277],
      [0.19865690989, 0.14806689966, 0.046690391451, 0.093582789055, 0.046868005537, 0.14350161943, 0.052047424898, 0.00076677849434, 0.11022953299, 0.15958964859],
      [0.36756809483, 0.13255312167, 0.0077668959014, 0.022487481782, 0.00040191553875, 0.051090185172, 0.26306474338, 0.057815166382, 0.024589338564, 0.072663056781],
      [0.32948544426, 0.26051932831, 0.00058734153247, 0.00031908515341, 0.00020926272194, 0.006086814724, 0.012250216905, 0.0070631298277, 0.13474271637, 0.2487366602],
      [0.074078695557, 0.011557389682, 0.014776714154, 0.078588196907, 2.4442359555e-05, 0.00022268904157, 0.078689982128, 0.06916710645, 0.47775935411, 0.19513542961],
      [0.16378420185, 0.14368372222, 0.16258933977, 0.0077765433574, 0.025792576549, 0.0013141384097, 0.0013197963917, 0.00055795674079, 0.20033996114, 0.29284176357]
    ],
    [
      [6.6744514948e-05, 1.7860458085e-06, 1.0376833754e-06, 0.19999619563, 0.19993352916, 6.9345502518e-06, 6.705152821e-05, 0.19999581444, 0.39986360432, 6.730212432e-05],
      [0.099966700437, 0.09996869615, 2.4683410773e-06, 3.3872681524e-06, 6.7132489286e-05, 0.39992285293, 6.9965281839e-05, 3.0652946496e-06, 4.1013472621e-05, 0.39995471834],
      [0.37930875297, 0.10344877991, 5.442500246e-06, 5.7786938717e-06, 0.06894839627, 0.017254075335, 0.27584460712, 0.051717918422, 0.051746995648, 0.051719253124],
      [2.9137631615e-06, 0.42851410979, 1.4340697359e-10, 0.28562119734, 0.14280947217, 0.14285331735, 4.5674542146e-05, 5.3074284813e-06, 0.00014191999815, 6.0874783007e-06],
      [0.18179273682, 3.19092603e-05, 1.2944397357e-07, 0.27272153909, 8.8402656722e-05, 1.7908640505e-06, 0.18178740175, 0.090909343362, 0.27266529335, 1.4533989023e-06],
      [3.9011036538e-05, 3.6122559674e-05, 0.11107255981, 4.0519283634e-05, 0.11111281236, 8.3418180402e-07, 0.11111074837, 0.11114567526, 0.44429271436, 0.11114900278]
    ],
    [
      [0.090810417974, 9.890766349e-06, 9.679870382e-05, 0.18161995612, 0.00020524376359, 5.4921647752e-06, 0.090899970357, 0.090901669766, 0.3633690913, 0.18208146909],
      [0.1428416663, 7.6940187864e-06, 0.28540962704, 0.00015194637065, 0.14269745693, 0.14286577151, 0.14273238083, 5.5553291758e-07, 0.00015592868956, 0.14313697279],
      [0.33297430579, 6.6424094437e-07, 0.16650232834, 4.1135458694e-07, 4.8417205873e-07, 0.16650407789, 0.00052554866494, 0.00019055742829, 0.00017333471949, 0.3331282874],
      [0.031794607048, 0.063488093114, 0.03179666541, 0.20635075668, 0.063476154115, 0.15872914284, 0.063509765121, 0.095221668274, 0.12696223821, 0.1586709092],
      [0.00022084257184, 1.3536865607e-05, 6.7332264952e-07, 0.16664918756, 0.00017832799811, 0.33295131863, 0.33296019733, 0.16665225244, 0.0003589471296, 1.4716143121e-05],
      [0.14270894342, 3.2437242683e-07, 0.14269427059, 0.00016022770775, 0.42839850541, 0.00045868682285, 0.14270628309, 7.9690564464e-06, 4.8281013858e-06, 0.14285996142]
    ],
    [
      [0.091849962697, 0.090571071915, 0.00024236903, 0.00085976191425, 0.00043920323172, 0.090747336394, 0.09098401846, 0.27149313038, 0.00064641147497, 0.3621667345],
      [0.10040972669, 0.00035406947334, 0.39812303827, 0.00054040332358, 0.00078297839689, 0.00072509298193, 0.0011422699101, 0.099422440409, 0.00011876162884, 0.39838121892],
      [0.19950185987, 0.09989745837, 0.10011288968, 0.09992277123, 0.099798705002, 0.099947733071, 0.19974700011, 0.00033293213266, 0.10023153354, 0.00050711700366],
      [0.037126857844, 0.092584593392, 0.074147733085, 0.25880928837, 0.037197480424, 0.036998472245, 0.11074058806, 0.037143231383, 0.1294600285, 0.18579172669],
      [0.49767023923, 0.00017165284952, 0.00061439132291, 0.00042173923423, 0.12508894647, 0.00025997405123, 0.12525605708, 0.00087889507217, 0.12500136443, 0.12463674025],
      [0.00061747248253, 3.7380647739e-05, 0.00086884913874, 0.00097648389813, 0.5685680594, 0.14215053507, 0.0011775550026, 0.00046516930507, 0.14264772391, 0.14249077114]
    ],
    [
      [0.12562348741, 0.00037414884102, 0.0020759680119, 0.003164207978, 0.1209965895, 0.0038648575763, 0.12382581556, 0.12229448077, 0.37280209497, 0.12497834938],
      [0.41772693663, 0.1387656689, 0.0007780603175, 0.0010077770919, 0.13956001588, 0.14800381108, 0.1430828822, 0.0011428441854, 0.0051592070601, 0.0047727966502],
      [0.36627873281, 0.36561415638, 0.0017085571273, 0.0026352414184, 0.0034512742171, 0.002775395453, 0.00499850034, 0.0020662092519, 0.12300786054, 0.12746407246],
      [0.034642351807, 0.099774802047, 0.064140067723, 0.27804944433, 0.032940656928, 0.09720584769, 0.081180362242, 0.00059412606858, 0.14746687973, 0.16400546144],
      [0.002363302856, 0.0015080111296, 0.0014417366703, 0.0049477158776, 0.1237997903, 0.12494426763, 0.12563992971, 0.0049322314843, 0.24785013113, 0.36257288321],
      [0.12607547484, 0.00030085774958, 0.0050249190283, 0.24324401676, 0.003464823014, 0.12271755602, 0.0013379703657, 0.36517687856, 0.0023906492559, 0.13026685442]
    ],
    [
      [0.029699191247, 0.011687841897, 0.0053313260946, 0.034351960573, 0.12222366563, 0.021285693838, 0.15093364112, 0.01626922917, 0.063134797618, 0.54508265282],
      [0.05337441617, 0.0023431982633, 0.14904011794, 0.15948131732, 0.010386069236, 0.18580233405, 0.010423592496, 0.0075219905536, 0.27225938332, 0.14936758064],
      [0.016785058279, 0.11936219454, 0.032953541785, 0.016931063957, 0.023854388279, 0.32254831401, 0.15575682316, 0.15098364581, 0.10916028512, 0.051664685058],
      [0.055133784923, 0.12352438303, 0.045275878545, 0.25693971201, 0.051871849585, 0.13345229315, 0.08162655037, 0.059021497478, 0.045783603695, 0.14737044721],
      [0.1077222729, 0.013789291201, 0.096772526895, 0.040967026623, 0.09425304863, 0.12617785174, 0.061065826638, 0.092709760229, 0.34929846342, 0.01724393172],
      [0.12232872359, 0.0055609172339, 0.0098794640328, 0.12446944512, 0.3924373423, 0.11454293046, 0.0024190759502, 0.024619178741, 0.15522018767, 0.048522734901]
    ],
    [
      [0.11109491846, 2.7035184145e-05, 1.0764882796e-05, 0.22222181343, 2.1706758733e-05, 0.22220087009, 0.1110949581, 1.5635984721e-05, 0.33329660483, 1.5692270749e-05],
      [0.14285735198, 1.0156526481e-07, 3.0481935758e-06, 0.14287784784, 2.6242945777e-05, 0.28568530565, 0.14283755301, 5.3995827597e-08, 1.3895606451e-05, 0.28569859922],
      [0.37496379658, 1.2323021297e-05, 1.2796666684e-05, 1.345379515e-06, 4.3981139524e-07, 4.7288684087e-05, 1.7546375444e-05, 0.1249931399, 0.37494493925, 0.12500638433],
      [0.018190288552, 0.12726640313, 0.072726173906, 0.3090942584, 0.14545124362, 0.072727615234, 1.8228036236e-06, 0.054541926761, 0.072730137447, 0.12727013015],
      [0.076912921041, 0.076912697295, 0.15382369514, 0.30766518524, 3.5795364617e-06, 0.15384514353, 7.4709700827e-06, 0.076935091984, 0.15388593685, 8.2784211993e-06],
      [1.2506683415e-05, 1.751889164e-05, 1.6475468929e-05, 2.0451341454e-06, 0.37496906088, 1.377056584e-06, 0.12499309477, 0.12499395142, 0.24999987934, 0.12499409036]
    ],
    [
      [0.27901881498, 0.0075718649438, 0.0026307234246, 0.14021849654, 0.27609337164, 5.9984049196e-05, 0.13613262558, 0.13919280386, 0.0003577730596, 0.018723541928],
      [0.26175290844, 0.0022729779318, 0.0031296123411, 0.0013643361322, 0.00018355629838, 0.3491631847, 0.0084053613182, 0.08674798949, 0.0089611350962, 0.27801893825],
      [0.27263248639, 0.012224247706, 0.00017833216063, 0.13623600203, 0.0073586208057, 0.0035496409569, 0.55160398916, 0.0056061523284, 0.004584064922, 0.0060264635445],
      [0.019936393176, 0.097170442075, 0.01752431968, 0.22103527721, 0.051222591282, 0.050778819778, 0.085137007762, 0.080897091504, 0.065966450561, 0.31033160697],
      [0.14083206359, 0.00084827358442, 0.13545509193, 0.68001864442, 0.0020653567678, 0.0067534569027, 0.0035691614655, 0.017187845149, 0.002802498543, 0.010467607655],
      [0.0096438577309, 3.2501826236e-05, 0.11828325636, 0.12844545865, 0.24075049491, 0.0049917760345, 0.12002251579, 0.13225487701, 0.23615376558, 0.0094214961148]
    ],
    [
      [0.16666224809, 1.8062244471e-07, 4.4461767821e-06, 0.16680197314, 1.5698841064e-05, 0.0012193465169, 0.0014922146123, 0.16774125306, 0.33074366276, 0.16531897618],
      [0.083873612636, 2.8239873997e-07, 0.0010779622636, 6.1153568571e-06, 0.24802487368, 0.41584329947, 0.084563091906, 2.3887023713e-07, 0.083266714015, 0.083343809407],
      [0.12682098581, 5.5442800654e-06, 0.24988824774, 7.5443201409e-06, 0.12490138663, 0.12408081696, 0.12520361807, 5.1588478412e-06, 0.00010463313383, 0.2489820642],
      [0.038212890462, 0.076905840826, 0.11530852981, 0.30725281235, 0.038477480518, 0.09650033623, 0.076907035512, 0.019075871117, 0.09615156886, 0.13520763432],
      [0.0008204837279, 0.11110694912, 0.1118276091, 0.11364208043, 0.1102913197, 0.11101916598, 0.44081449739, 0.00017825946515, 0.00011645850394, 0.00018317657928],
      [0.15265543199, 6.8069861698e-05, 0.15272613552, 0.15377918896, 0.079303489654, 0.076363677984, 0.07755110321, 0.076919900856, 0.078043898688, 0.15258910329]
    ],
    [
      [0.20078765818, 0.0016414047577, 0.0040497982324, 0.19371165628, 0.0020027081902, 0.0035037960608, 0.0034176875164, 0.0038385500304, 0.38843691851, 0.19860982224],
      [0.27823835813, 0.00063913858782, 0.0023337276159, 0.0047364478366, 0.276369556, 0.28164806448, 0.004559458146, 8.577524998e-06, 0.0055062827751, 0.1459603889],
      [0.0013865699644, 0.0050716193106, 0.16376448433, 0.004138313382, 0.0037145558471, 0.32402472797, 0.0089407887884, 0.0046009509372, 0.16243813237, 0.3219198571],
      [0.042916203254, 0.055729729473, 0.069745749343, 0.43563204924, 0.043260916672, 0.056783578115, 0.042042008577, 0.027321378911, 0.056584137729, 0.16998424869],
      [0.0053981624934, 1.5348200148e-05, 0.0065313563059, 0.0060726137967, 0.23985993867, 0.0066166418986, 0.7266461549, 0.0010624990564, 0.005598523601, 0.0021987610763],
      [0.13877581448, 2.4435530275e-06, 0.14325062584, 0.14561296464, 0.28602105622, 0.0012422266817, 0.00082619915654, 0.001296228954, 0.14353925152, 0.13943318894]
    ],
    [
      [0.39794747832, 0.00097942579964, 0.0010651323965, 0.10038926167, 0.0003710938263, 0.00038064006014, 0.00023974166173, 0.19895696123, 0.10059344339, 0.19907682165],
      [0.091519717216, 2.647828872e-06, 0.00079524506616, 0.09141716083, 0.00054836461545, 0.36187649395, 0.1812484639, 5.7359537013e-05, 0.00063951981034, 0.27189502725],
      [0.00080438043565, 3.5349471483e-08, 0.33090227138, 0.00013701948488, 0.00020769517306, 1.8310145711e-06, 0.66469920161, 0.00077059962301, 0.00086069759549, 0.0016162683389],
      [0.050144668839, 0.099654419863, 0.14912983769, 0.050653495742, 0.099955756076, 0.00060223544489, 0.00030587843011, 0.050179294247, 0.29890572351, 0.20046869017],
      [0.11638415711, 0.00010766438193, 0.069654294172, 0.13911398107, 0.023468209495, 0.023241481042, 0.11642647963, 0.023221877086, 0.34883283495, 0.13954902108],
      [0.077229465681, 0.076342964935, 0.00078175100302, 0.153472035, 0.22933737197, 0.00031679071163, 0.076716591005, 0.00041238725114, 0.23127095251, 0.15411968993]
    ],
    [
      [0.33201245495, 3.3790318716e-09, 4.9101816506e-08, 8.4845069583e-07, 4.8370273639e-07, 0.0013203621169, 0.16666626343, 5.8567226805e-09, 0.16666621577, 0.33333331324],
      [0.00072020322567, 0.00072044200556, 0.0014403960475, 0.0014403929156, 9.3369988931e-09, 0.27200678176, 0.090189142977, 3.1864986275e-09, 0.18181798748, 0.45166464106],
      [0.14285819661, 0.14172500853, 0.28345039127, 6.4247662675e-08, 0.14172539111, 0.0011317521232, 0.2845821497, 0.0011317266469, 0.0011318003848, 0.0022635193725],
      [1.2316182981e-08, 0.11111111141, 0.22134137815, 0.11111083228, 0.11199103133, 0.11111166416, 0.00088025266231, 0.1102308506, 0.11023063478, 0.1119922323],
      [0.10512404671, 0.034948685635, 0.052631670079, 0.034948776409, 0.017821927786, 0.034948697442, 0.17571656571, 0.017543859806, 0.33305552249, 0.19326024793],
      [0.10079248852, 0.00079249740609, 0.00079250120603, 0.19920723917, 0.29841500915, 2.3140665292e-08, 0.099208027938, 1.7892708613e-08, 0.10158417454, 0.19920802104]
    ],
    [
      [0.099960019318, 0.0034558899716, 0.00041742256632, 0.0017807068577, 0.094195746382, 0.27184018445, 0.007472876926, 0.00080929334423, 0.23280777473, 0.28726008546],
      [0.022276633704, 2.2300955298e-05, 0.25770895374, 0.12920629337, 0.0083434060841, 0.13401892799, 0.016559006866, 9.5338039175e-06, 0.14978614362, 0.28206879987],
      [0.5185903324, 1.213043719e-06, 0.0053059219288, 0.10355476803, 0.0057707580339, 0.0017720467707, 0.11649301184, 0.10568925752, 0.1282288659, 0.014593824534],
      [0.00091248215773, 0.10756347122, 0.12564914223, 0.12292306883, 0.20009786462, 0.0055819509004, 0.10404365531, 0.008837203598, 0.20807832402, 0.11631283711],
      [0.061616361181, 0.00095405528431, 0.0019512052377, 0.056046551169, 0.075235396098, 0.0013296515616, 0.07039304261, 0.071314130239, 0.46202286469, 0.19913674193],
      [0.16742313964, 0.085971259078, 0.082536585262, 0.092084962083, 0.098555427314, 0.018679863295, 0.0021185343072, 0.010012649722, 0.33158362228, 0.11103395701]
    ],
    [
