{
  "X": [
    [11, 3, 15, 6, 1, 19, 21, 2, 5, 17],
    [7, 3, 10, 10, 3, 22, 16, 5, 5, 19],
    [12, 1, 12, 9, 4, 16, 26, 0, 2, 18],
    [7, 2, 12, 9, 7, 13, 22, 2, 6, 20],
    [4, 4, 14, 9, 5, 14, 19, 6, 2, 23],
    [9, 6, 13, 8, 7, 12, 20, 2, 5, 18],
    [5, 4, 15, 8, 5, 9, 24, 1, 4, 25],
    [10, 2, 9, 10, 2, 13, 27, 4, 1, 22],
    [11, 6, 15, 10, 5, 11, 18, 5, 7, 12],
    [9, 12, 16, 15, 3, 9, 9, 4, 14, 9],
    [9, 9, 17, 17, 7, 10, 6, 1, 13, 11],
    [5, 7, 22, 10, 5, 11, 9, 5, 14, 12],
    [4, 8, 23, 11, 3, 10, 14, 0, 18, 9],
    [9, 7, 14, 15, 9, 8, 12, 4, 12, 10],
    [5, 8, 13, 22, 6, 9, 9, 3, 13, 12],
    [8, 4, 22, 12, 10, 7, 18, 3, 9, 7],
    [8, 10, 8, 12, 8, 10, 12, 7, 12, 13],
    [16, 3, 13, 2, 4, 19, 9, 4, 9, 21],
    [12, 5, 5, 4, 15, 18, 6, 7, 11, 17],
    [10, 2, 8, 7, 10, 20, 19, 5, 5, 14],
    [14, 4, 12, 2, 13, 12, 17, 7, 4, 15],
    [14, 3, 13, 9, 12, 15, 11, 8, 3, 12],
    [8, 3, 6, 9, 13, 17, 11, 9, 7, 17],
    [12, 2, 3, 6, 22, 17, 13, 2, 7, 16],
    [8, 1, 6, 5, 21, 21, 17, 4, 1, 16],
    [7, 6, 17, 8, 20, 16, 11, 7, 3, 5],
    [12, 4, 11, 12, 15, 14, 17, 4, 5, 6],
    [12, 5, 19, 10, 17, 11, 13, 2, 6, 5],
    [12, 5, 12, 17, 19, 10, 9, 8, 1, 7],
    [9, 4, 12, 11, 31, 11, 12, 7, 1, 2],
    [9, 4, 16, 12, 22, 9, 13, 8, 2, 5],
    [10, 3, 9, 9, 26, 9, 15, 7, 6, 6],
    [6, 7, 13, 9, 21, 12, 20, 4, 2, 6],
    [18, 3, 15, 5, 9, 12, 26, 2, 4, 6],
    [20, 2, 6, 11, 7, 13, 29, 2, 6, 4],
    [26, 6, 12, 4, 4, 10, 25, 3, 5, 5],
    [20, 6, 5, 5, 5, 11, 36, 2, 5, 5],
    [26, 11, 7, 2, 8, 9, 24, 3, 6, 4],
    [23, 2, 4, 5, 8, 10, 30, 4, 6, 8],
    [25, 6, 8, 9, 4, 5, 25, 2, 8, 8],
    [31, 7, 7, 8, 4, 12, 17, 3, 8, 3],
    [11, 3, 8, 9, 12, 14, 31, 4, 5, 3],
    [6, 10, 4, 10, 9, 11, 29, 9, 5, 7],
    [1, 6, 9, 13, 8, 10, 29, 7, 5, 12],
    [12, 4, 2, 2, 12, 10, 28, 6, 9, 15],
    [7, 4, 8, 11, 9, 10, 35, 8, 1, 7],
    [4, 8, 6, 13, 10, 13, 23, 10, 3, 10],
    [5, 8, 2, 13, 6, 8, 35, 8, 3, 12],
    [9, 8, 2, 8, 10, 5, 38, 11, 3, 6],
    [9, 12, 4, 13, 6, 10, 29, 9, 1, 7]
  ],
  "W": [
    [63, 5, 9, 8, 11, 4],
    [58, 7, 7, 9, 9, 10],
    [58, 8, 8, 4, 14, 8],
    [52, 9, 7, 17, 9, 6],
    [58, 8, 8, 13, 8, 5],
    [56, 11, 6, 15, 5, 7],
    [53, 11, 7, 10, 10, 9],
    [59, 6, 8, 8, 10, 9],
    [22, 38, 10, 9, 7, 14],
    [7, 60, 14, 4, 6, 9],
    [13, 55, 6, 9, 6, 11],
    [9, 59, 10, 10, 4, 8],
    [10, 66, 5, 7, 6, 6],
    [8, 58, 5, 13, 8, 8],
    [10, 67, 7, 7, 4, 5],
    [2, 59, 8, 9, 10, 12],
    [9, 42, 25, 5, 8, 11],
    [10, 9, 64, 5, 7, 5],
    [10, 9, 58, 7, 8, 8],
    [10, 8, 52, 8, 8, 14],
    [6, 10, 61, 4, 10, 9],
    [7, 8, 58, 7, 11, 9],
    [8, 8, 60, 8, 7, 9],
    [9, 6, 65, 6, 9, 5],
    [10, 5, 60, 7, 11, 7],
    [9, 10, 9, 58, 6, 8],
    [9, 3, 14, 59, 8, 7],
    [8, 6, 5, 62, 10, 9],
    [6, 9, 9, 64, 6, 6],
    [9, 4, 7, 67, 6, 7],
    [10, 10, 7, 52, 10, 11],
    [7, 7, 4, 66, 10, 6],
    [20, 7, 8, 43, 8, 14],
    [13, 11, 6, 25, 39, 6],
    [8, 7, 7, 9, 59, 10],
    [9, 14, 8, 6, 53, 10],
    [9, 6, 7, 9, 63, 6],
    [4, 7, 9, 7, 59, 14],
    [6, 8, 13, 8, 61, 4],
    [8, 10, 3, 9, 63, 7],
    [8, 8, 4, 5, 61, 14],
    [7, 6, 6, 17, 43, 21],
    [11, 7, 12, 7, 7, 56],
    [12, 13, 13, 6, 7, 49],
    [7, 13, 13, 6, 8, 53],
    [9, 5, 4, 9, 6, 67],
    [6, 11, 8, 8, 8, 59],
    [8, 6, 9, 7, 7, 63],
    [8, 4, 11, 6, 8, 63],
    [6, 10, 9, 9, 11, 55]
  ],
  "method": "mcmc",
  "mcmc_stepsize": 3000,
  "mcmc_samples": 100,
  "burn_in": 10000,
  "cond_prob": [
    [
      [0.15873015803, 0.047619047146, 0.14285714315, 0.047619047658, 2.3099301525e-10, 0.17460317453, 0.20634920622, 0.015873015766, 0.047619047123, 0.15873016014],
      [1.183963887e-10, 2.9930632978e-09, 0.59999999571, 0.19999999708, 3.9900178009e-12, 1.0442001934e-09, 0.19999999853, 3.6834302245e-09, 1.6717926428e-10, 6.6921877545e-10],
      [1.1315643878e-09, 1.5867131036e-10, 0.1111111109, 0.22222221853, 0.11111110887, 0.33333333573, 0.11111111286, 6.7347697151e-10, 1.4354573095e-09, 0.11111110971],
      [1.038250383e-09, 9.0821955251e-11, 0.12499999923, 2.8700957321e-09, 6.7885782838e-10, 0.37499999656, 0.37499999632, 1.1116346566e-11, 3.459081889e-09, 0.12499999974],
      [0.090909092612, 3.2329910759e-10, 0.090909090493, 1.2012916284e-09, 4.3443379457e-12, 0.18181818192, 0.27272727256, 0.090909089277, 0.1818181808, 0.090909090807],
      [1.5711709252e-09, 2.285557178e-09, 3.8555001685e-09, 2.2935911214e-09, 3.0913461742e-11, 1.0334482548e-09, 7.760710484e-09, 3.1074197427e-11, 2.4671449573e-10, 0.99999998089]
    ],
    [
      [0.12068965234, 0.051724137896, 0.10344827488, 0.086206897476, 0.017241379323, 0.20689655268, 0.155172413, 0.034482758572, 0.034482758617, 0.18965517521],
      [7.8076030977e-09, 1.2768531817e-10, 0.42857142848, 0.14285713518, 1.0516972013e-12, 0.14285715015, 0.14285713518, 7.7072217797e-09, 3.4138018094e-11, 0.14285713533],
      [1.1292151754e-10, 3.0025254226e-12, 3.565643673e-10, 0.42857140566, 0.14285714262, 0.14285715785, 0.14285714272, 7.492919768e-09, 7.7321957502e-09, 0.14285713544],
      [1.8784551974e-10, 6.8935626503e-12, 5.7897756519e-09, 1.7445577742e-08, 0.11111110519, 0.55555553779, 0.22222221064, 6.0901504392e-09, 5.8035771181e-09, 0.11111111106],
      [1.1806794975e-08, 3.0292353535e-11, 1.2112511348e-10, 2.5225973729e-10, 1.1236818311e-10, 0.11111111703, 0.22222222773, 0.33333331565, 0.22222221041, 0.11111111687],
      [8.0997664252e-11, 7.8832558122e-11, 0.10000000017, 0.10000000012, 5.3158028407e-09, 0.19999998953, 0.10000001553, 8.1392920045e-11, 0.099999999994, 0.3999999891]
    ],
    [
      [0.15072593628, 0.010845640137, 0.11429856722, 0.097049923046, 0.034484277244, 0.14433111263, 0.24776833892, 0, 0.017236446646, 0.18325975787],
      [0.046364919315, 0.046353049213, 0.32859330112, 1.8599425371e-05, 0.07864432469, 0.2035908376, 0.092815196909, 0, 5.9014891183e-07, 0.20361918159],
      [0.07865456609, 3.5199271495e-09, 0.13914625085, 0.046372293895, 1.4177182275e-06, 0.20359147742, 0.32853466776, 0, 0.078653109492, 0.12504621326],
      [2.6576005989e-06, 2.1079368644e-05, 5.7417269112e-06, 0.34267105695, 0.092717423248, 0.31442158083, 0.25008648617, 0, 2.1258162276e-05, 5.2715945944e-05],
      [0.1612511168, 3.1519729734e-06, 0.071411547888, 0.026503683277, 0.071419307228, 0.15094904671, 0.37561728159, 0, 3.4040723219e-06, 0.14284146046],
      [2.6693393004e-05, 6.3382762256e-10, 0.078622756039, 0.15728019039, 7.4830167955e-07, 0.12504549623, 0.24995619226, 0, 0.046365475965, 0.34270244679]
    ],
    [
      [0.11538461537, 0.038461538455, 0.11538461539, 0.076923076926, 0.05769230768, 0.11538461539, 0.21153846155, 0.019230769227, 0.057692307692, 0.19230769233],
      [1.7476113723e-11, 1.5074706945e-11, 0.33333333324, 0.33333333324, 6.3124249699e-11, 0.11111111113, 0.11111111118, 5.5433668556e-13, 1.0793082593e-12, 0.11111111111],
      [8.2801208148e-13, 3.6202109861e-13, 2.8718778945e-11, 0.14285714287, 0.42857142846, 0.14285714287, 0.14285714287, 5.2786915366e-12, 4.1006812717e-11, 0.14285714285],
      [0.058823529427, 3.3331631152e-12, 0.11764705882, 0.058823529423, 0.058823529455, 0.2352941176, 0.23529411764, 3.1427267306e-12, 0.058823529412, 0.17647058821],
      [1.6081087892e-11, 1.527962647e-11, 0.11111111117, 1.0261644149e-12, 2.2585564139e-13, 0.11111111111, 0.44444444433, 0.11111111111, 0.11111111111, 0.11111111115],
      [5.0321257089e-11, 1.0918602236e-14, 6.7405616317e-12, 5.6758085634e-11, 2.2859668994e-11, 6.6267662058e-11, 0.16666666667, 2.2442153469e-11, 0.16666666662, 0.66666666649]
    ],
    [
      [0.068965516981, 0.051724137773, 0.13793103444, 0.086206896483, 0.034482758576, 0.13793103463, 0.18965517241, 0.051724137816, 0.0172413793, 0.22413793158],
      [1.4119818424e-10, 0.1250000009, 0.37499999871, 0.12500000021, 1.8275056557e-11, 0.12499999955, 0.12499999983, 7.6315315262e-11, 1.8274012258e-10, 0.12500000039],
      [3.8445707748e-11, 7.7128861561e-11, 0.12500000053, 0.24999999994, 0.24999999889, 0.12500000001, 0.12500000096, 8.5618816563e-11, 6.4168448678e-11, 0.1249999994],
      [7.4435118387e-11, 3.278303733e-11, 0.076923077477, 0.076923076976, 0.076923077121, 0.23076923008, 0.38461538336, 1.1068889385e-09, 3.0977173178e-10, 0.15384615346],
      [1.5776987325e-09, 1.0845026371e-10, 0.12499999993, 2.1301715743e-10, 5.6333153425e-10, 0.12499999988, 0.12500000066, 0.37499999826, 0.12499999933, 0.12499999949],
      [1.9179488407e-11, 1.640416602e-11, 3.3551301125e-10, 7.427292638e-11, 8.3975222775e-10, 9.3077463052e-10, 9.7400062713e-10, 9.8243557201e-10, 1.5652337243e-13, 0.99999999583]
    ],
    [
      [0.14285714279, 0.071428571437, 0.12499999993, 0.071428571444, 0.053571428536, 0.10714285715, 0.19642857148, 0.017857142856, 0.035714285699, 0.17857142867],
      [6.5809250083e-11, 0.18181818159, 0.4545454542, 1.3884523217e-10, 1.8144327896e-10, 0.090909090871, 0.18181818164, 7.6420873216e-12, 2.5750611601e-10, 0.090909091055],
      [1.6313655455e-11, 6.1570758414e-11, 3.5287616915e-10, 0.49999999927, 0.16666666686, 3.3228765138e-10, 0.1666666664, 2.4326096012e-11, 1.8877125606e-10, 0.1666666665],
      [0.066666666676, 3.723525088e-11, 0.066666666912, 0.066666666603, 0.19999999984, 0.2666666663, 0.20000000029, 6.5875652385e-11, 9.8708412103e-11, 0.13333333318],
      [2.9872420117e-10, 1.4197301355e-10, 1.6742819947e-10, 1.1804114813e-10, 7.2081142073e-11, 0.20000000002, 0.3999999994, 0.19999999965, 0.1999999998, 3.3480013234e-10],
      [2.2167289079e-10, 6.6081228203e-11, 1.6075956969e-10, 3.3142538576e-10, 1.2376287393e-10, 4.5611078827e-10, 0.14285714273, 8.5694643594e-11, 0.2857142852, 0.57142857062]
    ],
    [
      [0.094339622465, 0.075471698089, 0.13207547173, 0.075471697993, 0.037735848975, 0.07547169814, 0.2264150943, 5.1749825788e-11, 0.037735848937, 0.24528301932],
      [5.015310196e-10, 7.0374459932e-12, 0.3636363629, 0.27272727243, 1.1053003871e-10, 2.6121583751e-10, 0.1818181814, 7.909049313e-11, 4.2337267345e-10, 0.18181818189],
      [1.4399424557e-10, 1.7585177261e-11, 0.14285714274, 0.14285714298, 0.42857142747, 4.0642383013e-11, 0.14285714235, 9.060929515e-15, 7.6424330737e-10, 0.14285714349],
      [1.7374158951e-10, 8.3210518242e-14, 0.10000000001, 5.8775594178e-10, 5.3356419049e-10, 0.49999999848, 0.20000000081, 1.4069550772e-11, 1.0030369253e-10, 0.19999999928],
      [9.4786448506e-11, 2.1545082253e-11, 0.10000000107, 6.5855375995e-12, 1.0101300233e-10, 3.8195204148e-10, 0.4999999996, 0.099999999625, 0.099999999639, 0.19999999946],
      [1.5668811324e-11, 9.5158173287e-11, 0.11111111072, 3.2031188498e-10, 4.9785044999e-10, 7.4978018274e-10, 0.22222222289, 9.4724725718e-15, 0.11111111099, 0.55555555372]
    ],
    [
      [0.15254234578, 0.033898303953, 0.10169490767, 0.084745783086, 0.016949152493, 0.11864406725, 0.25423729068, 0.033898304582, 6.4680849803e-09, 0.20338983803],
      [6.3582857301e-08, 4.1891583294e-12, 0.49999980337, 0.1666665982, 5.3039246952e-09, 6.3577941719e-08, 0.16666672992, 6.3585630317e-08, 3.5803913601e-13, 0.16666667245],
      [5.169340308e-08, 7.4365413371e-12, 3.9934390688e-09, 0.37499984827, 0.12499999602, 0.12500000011, 0.24999999134, 5.1646236381e-08, 3.1735950589e-10, 0.1250000566],
      [5.2367370084e-08, 3.9782812322e-09, 1.4729930021e-07, 5.6015014573e-08, 4.2769563993e-11, 0.37499999163, 0.49999980057, 6.5563329063e-11, 1.0783256058e-12, 0.12499994803],
      [0.10000003471, 3.4813004068e-09, 3.4949729466e-09, 0.099999959227, 7.0457383559e-12, 0.1000000066, 0.3000000344, 0.19999992019, 1.9774598075e-11, 0.20000003786],
      [4.1847104386e-09, 2.9015033494e-12, 4.2438854848e-08, 4.2459432168e-08, 2.8314409562e-10, 0.11111107229, 0.22222231011, 3.6129483787e-09, 0.1111110684, 0.55555545621]
    ],
    [
      [0.22727272594, 0.090909090514, 0.1363636355, 0.090909090895, 0.045454545415, 0.090909090875, 0.1363636376, 0.045454545056, 0.045454545035, 0.09090909316],
      [0.10526315811, 0.10526315731, 0.18421052735, 0.13157894686, 0.02631579023, 0.10526315773, 0.15789473619, 0.026315789474, 0.052631578962, 0.10526315778],
      [0.10000000085, 1.9398580891e-09, 0.099999999159, 0.20000000084, 0.29999999704, 0.0999999991, 0.10000000098, 9.5727391206e-10, 8.4129273709e-11, 0.099999999048],
      [4.7650744731e-10, 9.9943027597e-11, 0.11111111117, 1.0343430954e-09, 3.3343387182e-13, 0.33333333201, 0.44444444102, 1.0997416642e-09, 2.0680842507e-09, 0.11111111101],
      [1.3293768022e-09, 4.4523582843e-12, 0.14285714269, 4.3503247381e-11, 2.4120858775e-10, 2.6977749042e-09, 0.28571428728, 0.42857142421, 0.14285714137, 1.27825586e-10],
      [0.071428571366, 7.6520491727e-10, 0.14285714205, 0.071428571529, 5.538895854e-13, 0.07142857208, 0.14285714338, 1.4126952641e-09, 0.21428571426, 0.28571428316]
    ],
    [
      [0.42857034036, 0.28571379899, 0.1428575566, 0.14285670297, 1.110885662e-09, 5.043503357e-07, 5.5889038932e-08, 1.0927726287e-08, 5.2074992926e-07, 5.0805147349e-07],
      [0.083333232037, 0.13333333784, 0.20000006233, 0.15000011922, 0.016666672066, 0.083333164352, 0.083333482827, 0.033333278727, 0.13333331656, 0.083333334043],
      [0.071428827409, 0.071428556284, 0.14285665615, 0.28571375835, 0.14285687962, 0.071429748708, 0.071428366725, 1.0859399719e-08, 0.071428386242, 0.071428809648],
      [8.0261645488e-07, 7.2705493947e-08, 1.338179949e-07, 8.5614647343e-07, 1.1177974235e-08, 0.74999725368, 0.24999913193, 4.7313662566e-08, 1.6852581993e-06, 5.3547060454e-09],
      [1.1238601239e-06, 5.5789379268e-07, 8.4593641234e-09, 2.3629208518e-08, 1.5529584609e-09, 9.3680988653e-08, 0.33333274145, 0.33333268145, 0.33333219261, 5.754066315e-07],
      [1.7549674592e-08, 0.11111107897, 0.11111106575, 0.11111108252, 3.6661435913e-07, 6.1081126446e-08, 5.873238419e-08, 7.5221061587e-07, 0.33333333967, 0.3333321769]
    ],
    [
      [0.38460875773, 0.076924018675, 0.15384541937, 0.15384451174, 2.0162544233e-07, 0.076923922305, 4.287802198e-06, 1.0774007723e-08, 0.076924077757, 0.076924792218],
      [0.072727093921, 0.14545336021, 0.18181951287, 0.16363778473, 0.054545254564, 0.090909135125, 0.054544181981, 1.187538655e-07, 0.12727328858, 0.10909026925],
      [3.4214278426e-07, 3.1728016135e-07, 0.33332665872, 0.49999049036, 0.16666696597, 2.8054568236e-06, 3.9425533667e-06, 1.6798127492e-08, 5.817049332e-06, 2.6436670835e-06],
      [5.9149175133e-06, 1.588734385e-06, 0.11110978838, 0.11110821794, 0.33332705678, 0.33333015881, 3.0384715479e-06, 1.2685741373e-08, 0.11110850035, 5.7229415385e-06],
      [4.755424642e-06, 5.2694065641e-07, 0.16666195294, 0.16666371671, 6.9787726208e-06, 3.5051994326e-06, 0.49999222125, 0.16666356398, 2.3515256306e-06, 4.2725820593e-07],
      [1.1058300666e-06, 3.0528820144e-06, 0.090910597705, 0.090913089377, 1.9271244639e-06, 0.090907025907, 9.0186927878e-07, 1.0663277436e-06, 0.36363005477, 0.36363117821]
    ],
    [
      [0.33332258867, 0.33332395955, 0.11111248738, 6.0186606144e-06, 1.4113434019e-07, 6.6609147532e-06, 1.2040919468e-06, 2.2929160733e-06, 0.11111037844, 0.11111426825],
      [0.033898011032, 0.067796412756, 0.27118774102, 0.11864466948, 0.033898967653, 0.10169506367, 0.0847446841, 0.033897830512, 0.13559436499, 0.11864225478],
      [1.3736659243e-06, 4.1538978213e-06, 0.19999532474, 0.19999223296, 0.29999259161, 0.10000146076, 6.4140777912e-06, 2.2445021101e-06, 0.10000034202, 0.10000386177],
      [9.0528304704e-06, 3.6699215358e-06, 0.19999881264, 0.099997083448, 7.554430095e-07, 0.39998772448, 0.10000453268, 1.5440619498e-06, 0.099997331103, 0.099999493386],
      [2.506996377e-07, 1.9148671328e-08, 1.601896867e-08, 3.2607893997e-06, 5.1012612124e-06, 3.689423806e-06, 0.74998308602, 0.25000151515, 2.4851782244e-06, 5.7631660944e-07],
      [1.0979076352e-06, 2.2120896278e-06, 0.12499618192, 5.1566810554e-07, 7.2034047253e-07, 3.0856216711e-06, 1.3737006794e-06, 0.24999542717, 0.37499404845, 0.25000533714]
    ],
    [
      [0.19980480494, 0.19988539654, 0.19971827566, 0.10000469621, 4.3418634424e-05, 0.10013521472, 0.10028293076, 0, 0.099936531629, 0.00018873089678],
      [0.030298673875, 0.090897799836, 0.25769588636, 0.13635225255, 0.015134963696, 0.090860322181, 0.1363138899, 0, 0.16673854684, 0.075707664759],
      [0.00010997216335, 0.00012564113038, 0.19976084562, 0.1999398966, 0.39967341752, 0.19981877098, 8.7841884059e-05, 0, 0.0002130591286, 0.00027055496717],
      [0.00018112281375, 0.0001115649013, 0.14273497747, 5.9123659505e-06, 0.00014874297305, 0.28563546511, 0.4281480218, 0, 0.14275047429, 0.00028371826804],
      [6.9478558235e-05, 6.3757271648e-06, 0.16638863645, 0.00015746895357, 0.00020801911788, 0.00025786414999, 0.16690207404, 0, 0.66589197716, 0.00011810583333],
      [8.1383279388e-07, 7.397184973e-05, 0.16643464241, 3.114333431e-06, 3.0110765108e-07, 0.00029621553663, 0.00026102540002, 0, 0.16670335232, 0.66622656321]
    ],
    [
      [0.37497655644, 0.3749848128, 0.12499914266, 0.1250021094, 3.3733085674e-06, 1.2549904935e-05, 5.2914993768e-06, 1.3649226579e-06, 6.744561688e-07, 1.4124601496e-05],
      [0.086208813771, 0.068964568244, 0.17241432022, 0.18965616503, 0.086207088254, 0.068963301176, 0.10344930911, 0.034481197985, 0.10344905256, 0.086206183652],
      [6.070453706e-06, 9.0910338673e-06, 1.4600503555e-07, 2.0121224901e-05, 0.59995445641, 0.39997750505, 6.7951846772e-06, 5.1209752952e-06, 1.0630439849e-05, 1.006322839e-05],
      [0.076922011085, 4.2373678527e-06, 0.076926769197, 0.076921112452, 0.076929826521, 0.15385342755, 0.38458727924, 1.2501406061e-05, 0.076923473081, 0.076919362093],
      [4.4118683205e-06, 4.2432851394e-07, 0.12499365217, 0.12499046028, 9.3417311557e-06, 4.6238361818e-06, 0.12500622612, 0.2499832821, 0.37499865405, 8.9235095309e-06],
      [3.0698083837e-06, 9.0754780973e-06, 0.12499729237, 0.12499085038, 3.3917664386e-06, 1.132309481e-06, 2.2415533338e-05, 3.1521860592e-06, 0.24998775268, 0.49998186749]
    ],
    [
      [0.19997302076, 0.29994393759, 0.099981563319, 0.19997122526, 2.0591728133e-05, 2.7730355569e-05, 2.3366997913e-05, 1.2842539637e-06, 0.0999947038, 0.10006257594],
      [0.04477554564, 0.074629942117, 0.16417593503, 0.20897365472, 0.059697623593, 0.08954766442, 0.089547147654, 0.029846737016, 0.11941273437, 0.11939301544],
      [1.5042894348e-05, 3.8001262104e-05, 0.14282232626, 0.57132514324, 0.28567090918, 5.4504137579e-05, 1.6520628774e-05, 1.7561926523e-05, 2.33033716e-05, 1.6687093222e-05],
      [3.5636367438e-06, 1.0738665875e-05, 6.192049566e-05, 0.14283447747, 2.1038687974e-05, 0.42849061271, 0.42849513925, 2.7389368908e-05, 2.2705587814e-05, 3.2414133489e-05],
      [3.6320707227e-05, 2.8601164925e-06, 3.6560300663e-05, 6.164950639e-06, 4.3896969955e-05, 2.1957564579e-05, 2.7295465271e-05, 0.2499467005, 0.74981268499, 6.5558437447e-05],
      [6.5411946374e-06, 3.7645565081e-07, 1.2150263485e-05, 0.19998217534, 6.8158043793e-06, 2.5106426896e-05, 8.3327245839e-05, 3.0863260332e-05, 0.19996539128, 0.59988725273]
    ],
    [
      [0.99759026393, 3.362773016e-09, 0.0011977091401, 0.0011993534759, 1.0757445706e-06, 1.7531366449e-06, 9.775593951e-06, 2.3897409321e-09, 4.3833484037e-08, 1.9389948978e-08],
      [0.10157175342, 0.067755616422, 0.22066617136, 0.11864513629, 0.084786776782, 0.06771496044, 0.16937005212, 0.016908557996, 0.084826139863, 0.067754835311],
      [0.00060385265961, 2.4438301447e-06, 0.4987954291, 0.24939591434, 0.12529713414, 2.9485837857e-06, 0.12499992976, 2.3312593223e-07, 0.00029947690038, 0.00060263755018],
      [0.00026699173008, 2.063405222e-07, 0.11084297636, 0.11084229296, 0.22195571306, 0.33333257974, 0.22248801408, 0.00026621659214, 2.6951553858e-06, 2.3139860738e-06],
      [0.00048312120311, 5.3721030188e-08, 0.19951826283, 0.099760106676, 0.10000184638, 0.00047918162815, 0.29951634053, 0.19999579353, 0.099999506702, 0.00024578679416],
      [1.7551224944e-06, 0.00019972328703, 0.16626396859, 0.083932436157, 0.083131755322, 4.337676668e-07, 0.16746603365, 3.2769841804e-06, 0.24940354348, 0.24959707364]
    ],
    [
      [0.33333332346, 0.22222196713, 4.4970132931e-10, 0.11111111111, 4.2149532136e-09, 1.2718892574e-09, 0.11111085302, 4.9653978945e-09, 0.11111186856, 0.11111086583],
      [0.071428517606, 0.11904767547, 0.11904756359, 0.11904772788, 0.071428516992, 0.095238200596, 0.11904740308, 0.047619049337, 0.11904756391, 0.11904778154],
      [0.079999907077, 0.079999998453, 0.11999990835, 0.15999990838, 0.08000027457, 0.079999917638, 0.12000027293, 0.040000000025, 0.1199999054, 0.11999990718],
      [8.1704234306e-10, 6.5536769958e-11, 9.2267061182e-07, 0.19999999921, 0.5999986027, 0.19999954221, 4.5784709642e-07, 1.3837223037e-09, 1.5266718962e-08, 4.5783008259e-07],
      [5.7274472881e-07, 2.8674915318e-07, 3.0971966499e-11, 2.7912907032e-10, 5.3278680889e-09, 0.2499999943, 0.24999970446, 0.37499969871, 2.3594454051e-08, 0.1249997138],
      [7.8586095171e-09, 0.090908879148, 2.635415507e-10, 0.090908883741, 2.1164102304e-07, 0.090909087015, 0.090909513209, 0.09090929872, 0.27272705441, 0.27272706399]
    ],
    [
      [0.39999577234, 0.19999938705, 0.10000024585, 3.1314287379e-07, 3.5706720689e-07, 0.10000054948, 1.7941033792e-06, 2.0838435186e-07, 6.530377882e-07, 0.20000071955],
      [0.11111000317, 4.1167742517e-07, 0.44444388159, 0.11111034558, 0.11111036226, 0.11110970521, 1.6491168147e-06, 1.6897588609e-06, 2.3126752096e-06, 0.11110963896],
      [0.15625063451, 0.015624921763, 0.1249994702, 0.015624835479, 0.046874698694, 0.24999907081, 0.078125295876, 0.031249953118, 0.078124961449, 0.20312615811],
      [1.3257523385e-06, 1.0571898266e-06, 4.8027903886e-07, 1.8553871085e-07, 2.8876975017e-06, 1.0709806466e-05, 0.79998547598, 1.6607120908e-07, 5.5721082758e-07, 0.19999715447],
      [0.14285749154, 3.0578431934e-07, 9.8241010014e-07, 1.8850590391e-06, 3.6883548894e-07, 0.14285530097, 2.4866015428e-06, 0.28570998099, 0.28571461899, 0.14285657882],
      [5.1402542415e-07, 1.0370709798e-09, 5.447279001e-06, 3.2928865373e-08, 1.0864552047e-06, 5.194139845e-06, 6.9894638391e-07, 3.0023049539e-06, 0.39999400076, 0.59999002213]
    ],
    [
      [0.49999996355, 0.099999990875, 9.2464320226e-09, 1.1889433229e-08, 0.09999999073, 0.10000002928, 2.1591442955e-09, 7.0877295176e-10, 0.099999991862, 0.1000000097],
      [0.11111109966, 0.22222222902, 0.33333331478, 3.9805509613e-09, 0.11111109944, 0.11111109987, 1.2356276034e-08, 1.5722651053e-09, 2.6982857572e-08, 0.11111111234],
      [0.10344827941, 0.034482757081, 0.034482757478, 0.068965509486, 0.17241379793, 0.20689655262, 0.051724137717, 0.068965514019, 0.10344827513, 0.15517241913],
      [3.3905112231e-09, 6.3363612877e-10, 3.2502792343e-09, 2.5535311586e-08, 0.14285713361, 0.28571425513, 0.42857137961, 4.1594812235e-08, 1.6375559782e-08, 0.14285714087],
      [2.9028257859e-08, 1.2204489466e-08, 2.7388557214e-09, 1.1725192634e-09, 0.12499999873, 0.12499999821, 2.3364689861e-08, 0.37499997062, 0.24999997416, 0.12499998977],
      [7.4067306074e-10, 2.1666009378e-09, 1.2013479556e-08, 1.3373534183e-08, 0.12499999906, 0.12499999811, 4.4286199312e-09, 1.3689985914e-08, 0.24999999661, 0.4999999598]
    ],
    [
      [0.39999999991, 0.099999999989, 3.4549623022e-11, 2.0565419295e-11, 0.09999999998, 0.2, 0.10000000001, 3.2481266022e-12, 1.4375892725e-13, 0.10000000005],
      [3.7701448164e-11, 2.4229237841e-11, 0.37499999997, 0.24999999997, 1.2601694365e-11, 0.12499999999, 0.12499999998, 1.2555191332e-13, 2.8914182828e-11, 0.12499999999],
      [0.096153846155, 0.019230769227, 0.076923076915, 0.096153846146, 0.13461538461, 0.19230769233, 0.17307692308, 0.038461538464, 0.038461538454, 0.13461538462],
      [4.146501612e-11, 1.2908771263e-11, 2.5560900957e-11, 2.4732313177e-12, 0.125, 0.49999999993, 0.24999999999, 5.4411070025e-13, 1.2687375664e-11, 0.12499999999],
      [4.0601788847e-12, 1.1668771473e-12, 1.8152512256e-12, 2.5046461729e-11, 3.9039822882e-11, 0.12499999997, 0.49999999993, 0.24999999998, 6.4064420264e-11, 0.12499999998],
      [0.071428571436, 9.1021028807e-13, 0.071428571436, 1.4115786686e-11, 0.071428571428, 0.14285714283, 0.14285714291, 0.071428571428, 0.21428571425, 0.21428571426]
    ],
    [
      [0.49995641135, 0.33330479746, 1.356182024e-07, 1.6208150835e-07, 1.0276846967e-07, 1.3998509114e-05, 0.16665527344, 1.37089166e-05, 1.2751818744e-07, 5.52823329e-05],
      [0.10002421164, 8.8589392158e-06, 0.29998279752, 0.099999783126, 0.19998216394, 0.099999536866, 0.10000038923, 8.3739961734e-06, 1.5452038041e-06, 0.099992339532],
      [0.13114906549, 0.0327867644, 0.11475815463, 0.016393360241, 0.14754262167, 0.14753830803, 0.1639317878, 0.065572530998, 0.032786728539, 0.1475406782],
      [1.246265085e-07, 2.8875842724e-07, 2.1811981297e-05, 1.7117667826e-07, 4.2323122527e-05, 2.1106556231e-05, 0.74993356261, 0.24997800459, 1.2498736853e-06, 1.3567010475e-06],
      [0.10000092012, 8.7524037123e-06, 0.099992255112, 6.1789407232e-08, 0.099999629624, 0.10000823465, 0.10000787542, 0.19999956062, 0.19999042411, 0.099992286151],
      [0.11110185788, 1.4648682286e-07, 0.11110155328, 5.4655150313e-07, 0.11110135928, 0.1111018975, 0.11115693404, 2.2122985413e-07, 9.3445986665e-06, 0.44442613916]
    ],
    [
      [0.42854982643, 0.2856932209, 0.14289699805, 2.1327292339e-05, 5.183477415e-07, 0.14283733579, 5.7101048933e-09, 5.1393463125e-07, 3.946847461e-09, 2.4959729543e-07],
      [0.12501776003, 4.5100196905e-07, 0.37499956431, 0.37494624036, 4.0643670904e-09, 0.12501731313, 2.1788167037e-09, 1.7998173587e-05, 2.1649268063e-07, 4.502569045e-07],
      [0.13792604075, 0.017241349385, 0.12067770827, 0.10344818338, 0.17241609116, 0.15517498822, 0.10345819888, 0.068965180324, 0.017241349256, 0.10345091038],
      [7.6296180302e-07, 2.6801813695e-09, 6.0657933708e-05, 2.0054135199e-05, 1.253504096e-06, 0.2856939817, 0.57134633458, 0.1428368403, 2.687140152e-09, 4.0109515306e-05],
      [0.090947220458, 1.2760954946e-05, 0.090896158709, 1.6123242858e-07, 0.090909088933, 0.090908934128, 0.090908609642, 0.27271531851, 0.18180541785, 0.09089632958],
      [0.11109711172, 5.7689731463e-07, 0.1111261187, 1.5999708347e-05, 0.11109492209, 0.11111052006, 5.954972308e-07, 1.6174723627e-05, 1.559649203e-05, 0.55552238411]
    ],
    [
      [0.4999997248, 0.12499993429, 3.5404320509e-09, 6.4907656144e-09, 0.12500006148, 0.12499999698, 7.2067700328e-08, 5.5183479741e-09, 6.6887262548e-08, 0.12500012794],
      [4.5948866104e-09, 0.12499999659, 0.37499992246, 0.12499993778, 0.12499999948, 0.12500006225, 6.7714090081e-08, 5.1740716116e-09, 6.9014705045e-08, 0.12499993496],
      [0.06666667546, 0.016666657878, 0.050000008385, 0.13333333155, 0.14999998343, 0.16666669425, 0.099999982279, 0.083333341652, 0.066666666108, 0.16666665901],
      [6.7134233785e-08, 6.6673387305e-08, 3.9804745942e-09, 6.637491526e-08, 0.12499993415, 0.37499980054, 0.37499999341, 2.512964052e-09, 3.2259447604e-09, 0.125000062],
      [1.5220752989e-07, 7.516247067e-08, 2.1508078763e-09, 1.0208004741e-09, 4.0087257548e-09, 0.14285706574, 0.28571413242, 0.42857141582, 8.0982866613e-08, 0.14285707048],
      [3.8634826325e-09, 2.3086783559e-09, 4.6682425027e-09, 1.6296251794e-09, 0.11111122278, 0.11111111186, 1.1897538621e-07, 0.11111105384, 0.3333331504, 0.33333332968]
    ],
    [
      [0.44444378172, 0.11111106513, 7.0717542881e-08, 3.4498142728e-08, 0.11111123453, 0.11111112129, 0.11111135008, 6.2500825769e-09, 9.2814368446e-08, 0.11111124297],
      [2.9517040135e-07, 2.1223131686e-08, 0.33333281764, 0.33333313296, 0.16666663424, 0.16666642891, 2.0764419934e-07, 2.293675266e-09, 3.5928605255e-07, 1.0063162826e-07],
      [0.10769235285, 0.015384603406, 0.015384616522, 0.061538428812, 0.26153848531, 0.1846153511, 0.1230769252, 0.015384598612, 0.061538437327, 0.15384620086],
      [6.2143108413e-08, 1.214397579e-07, 1.1133334283e-07, 1.0352999371e-07, 0.1666665298, 0.33333349373, 0.49999929335, 6.1432900617e-08, 1.4797141759e-07, 7.527081402e-08],
      [0.11111112639, 3.4250269933e-08, 1.7247014911e-07, 7.6362868852e-08, 0.11111110165, 0.11111127569, 0.11111117057, 0.11111101182, 0.33333295918, 0.11111107161],
      [1.4952277864e-07, 5.6545442392e-09, 3.2708776174e-08, 3.4210294939e-07, 0.19999968901, 2.1397468087e-07, 3.4073575614e-08, 3.090365693e-07, 2.1245989235e-07, 0.79999901145]
    ],
    [
      [0.39999983198, 1.0714423735e-08, 1.1152344801e-08, 4.6662606584e-08, 0.19999995669, 0.20000004065, 0.1000000751, 4.9296289161e-08, 2.8259881772e-10, 0.09999997748],
      [2.4761078445e-08, 0.19999989357, 0.39999977626, 1.9206135334e-08, 0.20000006851, 0.19999990524, 2.0438835277e-07, 1.5593188508e-09, 2.5625611498e-12, 1.0649154197e-07],
      [0.066666670316, 7.0410728946e-09, 0.066666651582, 0.083333320467, 0.23333333534, 0.20000002546, 0.16666665021, 0.033333339954, 3.7584415108e-10, 0.14999999925],
      [9.679475876e-08, 1.3362380222e-10, 8.0721612942e-08, 2.7672834278e-09, 0.14285727122, 0.42857127062, 0.28571420077, 4.7924335028e-09, 3.4718965106e-11, 0.14285707215],
      [1.3229561245e-08, 1.1148931948e-10, 1.2229780445e-07, 3.7507486781e-10, 0.18181814078, 0.18181810818, 0.27272725096, 0.18181809623, 0.090909042431, 0.090909225399],
      [7.3478047095e-08, 5.1016626571e-11, 2.7193672973e-10, 2.6544244279e-08, 0.14285707472, 0.14285720791, 0.1428571498, 1.4134198391e-09, 7.2518653103e-08, 0.5714283933]
    ],
    [
      [0.33333306025, 0.33333266302, 0.11111110623, 2.3328174219e-07, 0.11111083257, 0.11111088975, 4.5749941392e-07, 2.4178665955e-07, 1.3592978822e-07, 3.7968272066e-07],
      [1.7633274227e-07, 4.6425545522e-07, 0.39999971788, 0.19999945383, 0.19999985719, 0.099999651005, 0.099999875129, 3.1306182428e-07, 2.5651099846e-08, 4.6566768776e-07],
      [5.9095174809e-07, 1.550510547e-07, 0.11111120105, 0.22222170581, 0.44444324291, 0.22222185026, 5.1922677565e-07, 2.1612810644e-07, 7.8956730811e-08, 4.3966330435e-07],
      [0.068965383143, 0.051724088813, 0.15517237338, 0.068965587998, 0.18965535339, 0.18965532124, 0.15517220715, 0.068965528396, 0.017241426774, 0.034482729718],
      [4.7770577375e-07, 1.2487997824e-08, 0.16666647203, 1.9346099743e-07, 0.16666686827, 3.817511432e-07, 0.16666674022, 0.49999860231, 1.9528591818e-07, 5.648499878e-08],
      [3.5911923161e-08, 3.460961077e-07, 0.12500069594, 3.4315747104e-07, 0.12500038034, 0.1249997384, 5.0030463134e-07, 6.0908597007e-08, 0.24999923561, 0.37499866333]
    ],
    [
      [0.44444242111, 0.11111158493, 6.1165509274e-07, 0.11111070609, 0.11111098278, 0.11111102397, 0.11111189572, 3.7663937739e-08, 1.3641191576e-08, 7.2244346444e-07],
      [9.1371923247e-07, 0.33333123436, 0.66666385019, 7.6282419622e-07, 9.1795328217e-07, 1.0901394276e-07, 1.2608039728e-06, 4.1342934752e-08, 9.0476315529e-07, 5.0286959296e-09],
      [0.071428372002, 4.2388799094e-07, 0.21428510177, 0.28571306483, 0.21428578659, 0.071428534537, 0.14285724664, 4.4693980724e-07, 2.1966184042e-07, 8.0315184032e-07],
      [0.11864397564, 0.033898140195, 0.10169503779, 0.11864413234, 0.15254237553, 0.18644068874, 0.16949150146, 0.033898306354, 0.03389843535, 0.050847406596],
      [1.1297218236e-06, 4.4693577745e-07, 3.5767395975e-07, 5.9707142297e-07, 0.12500017045, 0.12499940765, 0.37499921622, 0.24999879531, 0.124999865, 1.3964508005e-08],
      [2.0943078752e-06, 3.2158467893e-07, 2.0410784727e-07, 1.4092196025e-06, 0.14285655273, 7.2526680453e-07, 0.14285648386, 4.0606995863e-07, 0.28571249743, 0.42856930542]
    ],
    [
      [0.37499854298, 0.24999832049, 0.1249998742, 1.0532427905e-06, 0.12499877002, 2.3424423197e-07, 0.12500205781, 6.8931886997e-08, 2.3709206726e-07, 8.4098981496e-07],
      [1.243813091e-06, 1.3066856675e-06, 0.83332643508, 4.557555467e-07, 0.16666610167, 2.1158872816e-07, 2.4623732466e-06, 4.7074194326e-08, 5.3338002242e-08, 1.6826188458e-06],
      [1.1441973779e-06, 3.9452439312e-08, 1.8334399702e-06, 0.59999344782, 0.39999855708, 3.0550143876e-06, 7.2295494111e-07, 3.7406304518e-09, 3.215337359e-07, 8.7476331366e-07],
      [0.11290281264, 0.048386623536, 0.177419962, 0.096774541411, 0.17741960777, 0.14516110057, 0.1290320354, 0.016129069948, 0.048387446593, 0.048386800129],
      [0.10000194119, 1.6260166038e-06, 0.10000050992, 0.099999105613, 0.099999830476, 0.19999851075, 0.29999792435, 0.099999561563, 7.8894011128e-07, 2.0118181977e-07],
      [0.11111163072, 2.0532508311e-06, 0.11111005395, 9.9742758191e-07, 0.11111182866, 9.153996052e-07, 0.11111107891, 1.3277689345e-07, 0.33332962193, 0.22222168697]
    ],
    [
      [0.499999178, 0.16666632877, 5.1838501347e-07, 0.16666632505, 0.1666660167, 9.680722773e-08, 6.3031033302e-07, 3.4149751254e-07, 1.9096735706e-09, 5.6255764104e-07],
      [0.11111070366, 0.11111107418, 0.44444397718, 0.22222224287, 0.11111088386, 1.6611595581e-07, 4.9174585619e-07, 3.7128322714e-08, 9.5410004508e-08, 3.2784855126e-07],
      [0.11111148512, 3.0412408426e-07, 0.11111100935, 0.22222162938, 0.33333254176, 0.22222173173, 4.4069594612e-07, 2.7497514349e-07, 2.9979703828e-08, 5.5289512541e-07],
      [0.10937496228, 0.046874929841, 0.10937493807, 0.15625010415, 0.18750028078, 0.12499996059, 0.12499979002, 0.078125028576, 2.8539769826e-08, 0.062499977137],
      [8.2256791055e-07, 1.8493215999e-07, 6.3188781789e-07, 0.16666627999, 0.16666600527, 5.095357744e-07, 0.16666646293, 0.49999870234, 1.7959767516e-07, 2.209426113e-07],
      [4.5190914664e-07, 5.0054000615e-07, 3.6385520127e-07, 0.16666714229, 0.16666651123, 3.0055037396e-07, 4.1452701968e-07, 1.8319707897e-07, 0.16666599265, 0.49999813925]
    ],
    [
      [0.32730174728, 0.21916766183, 0.11715317919, 0.006080564797, 0.2160929693, 0.0030614126112, 0.10806015509, 3.8341481503e-05, 1.678664251e-05, 0.0030271817802],
      [1.1135424698e-05, 1.792173629e-06, 0.72928348244, 0.027272770912, 0.24313458806, 3.1215665536e-05, 0.00016860821394, 1.3018300206e-05, 1.1800431116e-06, 8.2208770399e-05],
      [3.3241247338e-05, 4.6819325553e-05, 0.0078120438749, 0.55560064999, 0.42840388096, 0.00017514292645, 6.8380758167e-05, 0.0039533492717, 0.0038890644542, 1.7427187552e-05],
      [0.089123125805, 0.029848852222, 0.11858728438, 0.10326600604, 0.33002794961, 0.13471309457, 0.11979456942, 0.059710658827, 6.1753359279e-06, 0.014922283786],
      [0.0092021768547, 3.1420583992e-06, 0.0046022264515, 2.7858481835e-05, 0.16206589825, 0.32413174873, 0.4953630748, 0.004577304684, 4.0629930808e-07, 2.6163386713e-05],
      [0.0039349362886, 0.0038948840414, 0.00012024828662, 0.0039985324916, 0.28564710631, 7.5513496403e-05, 0.0039844151968, 0.42055020558, 0.13888636622, 0.13890779209]
    ],
    [
      [0.49999980348, 1.1426496536e-07, 0.099999983541, 0.099999937769, 0.19999977779, 2.4286082976e-07, 0.099999894602, 1.0964767099e-07, 2.3135471043e-08, 1.1291265599e-07],
      [4.3236012861e-09, 0.19999977061, 0.39999986575, 0.10000006253, 0.20000014935, 4.8152527008e-08, 0.099999981299, 1.1432621472e-07, 2.5493663761e-10, 3.4020909153e-09],
      [4.7750473281e-08, 9.0723847969e-10, 0.14285742593, 0.28571408475, 0.42857112289, 0.14285698934, 1.2870432876e-07, 3.7775045976e-08, 2.7535086433e-08, 1.3440769757e-07],
      [0.076923044936, 0.038461513475, 0.15384609273, 0.11538462746, 0.21153855711, 0.15384609858, 0.11538463876, 0.076923093287, 0.019230782304, 0.038461551348],
      [3.1953809136e-07, 1.3315903591e-07, 0.10000008482, 0.099999897781, 0.19999979568, 9.1409611018e-08, 0.39999976253, 0.19999989024, 2.4577759476e-09, 2.2392365756e-08],
      [5.059653464e-09, 1.0114742594e-07, 0.090909259558, 0.090909254353, 0.18181817653, 1.1305735608e-08, 0.090909227189, 0.18181797659, 0.090908988088, 0.27272700018]
    ],
    [
      [0.42856355064, 0.28570798304, 9.9878202893e-08, 5.724637108e-07, 0.14285158459, 1.2559776666e-07, 0.14285685651, 1.0803321245e-05, 8.3193208428e-07, 7.5920309019e-06],
      [5.8665437127e-08, 6.1608391087e-06, 0.57141684391, 0.14285153756, 0.14286746342, 6.3538979388e-08, 0.14285135939, 4.9492972834e-07, 1.276128678e-07, 5.8901321133e-06],
      [1.8984710598e-05, 2.905208302e-08, 9.7640104945e-07, 0.74996770722, 0.25000042442, 9.3619015331e-07, 8.2563903112e-07, 6.0481253326e-07, 2.7574617377e-08, 9.4839832446e-06],
      [0.090907923229, 0.015150924481, 0.075757589029, 0.075759368936, 0.30302972648, 0.13636287914, 0.1515159365, 0.060606106533, 0.045455720091, 0.045453825584],
      [0.10000515309, 3.9803056453e-06, 3.8232623889e-06, 5.7200478354e-07, 0.19999617132, 4.1255128818e-06, 0.29999455942, 0.2999913531, 0.099999779761, 4.8223367214e-07],
      [7.2200348533e-07, 9.6425690202e-09, 6.3965617926e-06, 6.7218575568e-06, 0.16667355095, 6.0881430482e-07, 6.9638052666e-06, 3.2180956618e-07, 0.33331964155, 0.49998506301]
    ],
    [
      [0.19999999546, 0.099999999978, 0.10000000247, 0.05000000022, 0.19999999594, 0.1000000008, 0.19999999767, 2.7485567827e-09, 2.3130668865e-11, 0.0500000047],
      [3.4943370799e-09, 0.28571428413, 0.42857141895, 9.1736678926e-09, 0.14285713954, 3.6002693268e-10, 0.14285714089, 9.1842930511e-11, 7.6667789767e-14, 3.3673921194e-09],
      [5.2381347495e-09, 6.0455434096e-09, 0.1249999988, 0.49999998623, 0.24999999489, 3.9630142703e-10, 0.12500000711, 1.1277248406e-09, 1.3636199528e-10, 2.4085173414e-11],
      [0.04651162692, 0.069767440686, 0.11627906998, 0.069767442428, 0.25581395355, 0.1860465099, 0.18604651461, 0.023255813927, 7.5092532407e-10, 0.046511627255],
      [7.0747077325e-09, 1.8601263998e-10, 0.12499999701, 3.0968032149e-09, 0.12500000296, 0.12500000384, 0.49999998841, 0.12499999707, 1.5939150261e-10, 1.9465914198e-10],
      [7.3354030522e-10, 8.695709563e-10, 0.071428574451, 0.071428570883, 0.14285715137, 0.071428572994, 0.14285714058, 0.14285714, 0.14285714035, 0.21428570777]
    ],
    [
      [0.30769230727, 0.15384615383, 0.15384615384, 4.2055320294e-10, 0.076923076926, 0.076923076519, 0.23076922953, 4.1065758068e-10, 1.1683180915e-11, 1.2378259106e-09],
      [0.090909091396, 4.8984269975e-10, 0.45454545406, 0.18181818084, 7.5170257055e-12, 0.090909090914, 0.18181818181, 2.0801722141e-13, 4.84786121e-10, 3.7663560217e-12],
      [0.16666666578, 3.8510646102e-13, 1.7876739924e-09, 0.16666666665, 0.49999999731, 1.6371936696e-11, 0.16666666844, 2.0828701316e-12, 6.845897047e-12, 1.0924551221e-12],
      [0.16, 3.7486078014e-12, 0.12000000064, 0.039999999787, 0.08000000022, 0.23999999914, 0.28000000021, 2.1463860039e-10, 0.039999999998, 0.039999999787],
      [0.17948717949, 0.025641025504, 0.12820512766, 0.025641025914, 0.076923077193, 0.10256410324, 0.30769230743, 0.051282051007, 0.05128205128, 0.051282051283],
      [0.16666666755, 5.692655527e-13, 9.6468288857e-12, 1.01106934e-11, 2.4733898042e-12, 2.2664020474e-11, 0.16666666844, 2.7468907954e-13, 0.16666666577, 0.49999999819]
    ],
    [
      [0.49999990417, 0.12499997646, 4.5502999028e-08, 6.6667913992e-08, 2.2437419147e-08, 0.12499999477, 0.24999998034, 5.5095359146e-09, 1.5203460982e-10, 3.9797372202e-09],
      [0.1428571381, 2.6759972292e-08, 0.42857135876, 0.14285720129, 3.3061838561e-08, 1.4532112494e-08, 0.28571422694, 1.3441737425e-10, 1.5111638271e-10, 2.6788657528e-10],
      [0.14285714568, 4.4659280796e-12, 5.3932235077e-08, 0.42857137253, 0.14285711295, 2.7262399839e-08, 0.28571424763, 9.0258285363e-12, 3.9862765663e-08, 1.4040906499e-10],
      [0.11111108691, 2.8140816379e-11, 1.2363742295e-08, 1.7166939349e-09, 0.22222222446, 0.44444439097, 0.22222228324, 2.6725796447e-11, 2.826494778e-10, 2.2835814859e-12],
      [0.18644069941, 0.016949148815, 0.050847450694, 0.10169489686, 0.067796606162, 0.11864407161, 0.32203390245, 0.033898304125, 0.067796611965, 0.033898307913],
      [0.19999997328, 2.2063856719e-08, 4.4888542344e-09, 0.10000005199, 1.4708609135e-09, 0.10000000055, 0.20000000415, 1.1320800675e-09, 0.19999996102, 0.19999997984]
    ],
    [
      [0.55555554539, 0.111111108, 0.11111110781, 3.3091752892e-09, 1.6279862825e-11, 6.6773790878e-09, 0.22222221893, 1.4320885715e-12, 2.7754733755e-11, 9.8355400148e-09],
