{
  "Z_true": {},
  "V_true": [
    [55, 94, 137, 2297, 163, 2461, 91],
    [697, 39, 41, 71, 480, 154, 67],
    [404, 239, 238, 420, 8586, 705, 544],
    [81, 283, 294, 1266, 147, 6691, 231],
    [36, 68, 1359, 217, 275, 675, 91],
    [38, 819, 54, 256, 256, 633, 79],
    [69, 28, 38, 50, 357, 152, 393]
  ],
  "p_true": [
    [0.0104, 0.0177, 0.0259, 0.4336, 0.0308, 0.4645, 0.0172],
    [0.45, 0.0252, 0.0265, 0.0458, 0.3099, 0.0994, 0.0433],
    [0.0363, 0.0215, 0.0214, 0.0377, 0.771, 0.0633, 0.0489],
    [0.009, 0.0315, 0.0327, 0.1408, 0.0163, 0.744, 0.0257],
    [0.0132, 0.025, 0.4994, 0.0798, 0.1011, 0.2481, 0.0334],
    [0.0178, 0.3836, 0.0253, 0.1199, 0.1199, 0.2965, 0.037],
    [0.0635, 0.0258, 0.035, 0.046, 0.3284, 0.1398, 0.3615]
  ],
  "Z_est": [
    [
      [0.0115, 0, 0.0404, 0.1241, 0.1645, 0.9649, 0.2885, 0.4757, 1.0959, 0.903, 1.7469, 0.3001, 0.4299, 0.7934, 0, 0.6809, 0.7951, 0.7415, 0.3895, 0, 0.1125, 0.0029, 0, 0.0375, 0.0519, 0.0577, 0.3981, 0.0404, 0, 0.5511, 0, 1.0675, 0.7501, 0.0404, 0, 0.2186, 1.6961, 0.2597],
      [0.0145, 0.6863, 0.0759, 0.1046, 0.157, 0.841, 0.2952, 0.4229, 0.439, 0.5906, 0.3462, 0.1075, 0.413, 0.6159, 0.3361, 1.53, 0.3874, 0.4583, 0.0739, 0.0706, 0.0437, 0.0011, 0.1109, 0.0446, 0.0703, 0.0926, 2.373, 0.0067, 0.0627, 1.3827, 0.52, 0.7577, 0.4818, 0.0491, 0.1916, 0.0688, 1.0072, 0.0101],
      [0.5322, 0.1067, 0.014, 0.3623, 0.0528, 0.0025, 0.0908, 0.1492, 0.1558, 0.27, 0.3791, 0.2048, 0.0032, 0.2397, 0.2754, 0.0066, 0.0129, 0.0084, 0.1175, 0.0309, 0.0861, 0.0008, 0.0133, 0.0129, 0.0167, 0.0195, 0.1186, 0.0121, 0.0687, 0.2387, 0.0049, 0.3268, 0.2271, 0.0182, 0.3095, 0.0009, 0.0139, 0.0012],
      [1.7706, 92.1555, 11.3407, 27.6948, 43.3458, 115.7212, 72.4384, 126.3322, 130.7895, 233.9249, 342.5517, 82.8318, 111.8375, 205.3305, 233.4176, 177.9791, 9.3466, 182.7396, 106.2076, 11.3828, 25.2287, 0.8711, 13.8898, 9.5883, 14.1097, 12.2069, 92.7485, 11.3407, 7.9734, 140.1162, 126.426, 281.8141, 196.9491, 7.0384, 245.3722, 25.6282, 343.9397, 58.4001],
      [0.6177, 0.4223, 0.0497, 3.7659, 0.2023, 0.7763, 2.1266, 2.2544, 0.7466, 1.4872, 4.3299, 1.5371, 1.6832, 3.0591, 5.8256, 2.0608, 3.2174, 3.4287, 1.4364, 6.7145, 3.3442, 0.0035, 0.0568, 0.0461, 0.0639, 2.0443, 3.2438, 0.1641, 0.1669, 4.322, 1.4529, 4.0766, 1.1078, 2.41, 12.3639, 1.6303, 4.9295, 1.1322],
      [1.0084, 24.2887, 2.3216, 10.4639, 12.4356, 31.4842, 23.634, 35.4844, 40.7906, 72.2984, 83.7122, 17.8472, 32.9548, 61.8635, 68.6306, 51.0841, 1.0716, 66.7285, 25.2544, 12.2067, 8.5728, 0.1093, 1.7489, 3.1242, 3.4847, 5.3536, 37.5635, 2.2629, 2.6044, 42.2378, 21.8339, 77.7893, 57.5552, 4.2862, 97.7075, 10.0251, 99.2769, 29.2491],
      [0.0451, 1.3405, 0.1577, 0.4844, 0.6421, 1.2097, 1.1265, 1.8812, 1.9826, 3.5259, 4.934, 1.1715, 1.6785, 3.0978, 3.5146, 2.6585, 0.169, 2.8951, 1.5208, 1.5946, 1.6121, 0.0113, 0.1802, 0.1464, 0.2028, 0.2253, 1.5546, 0.1732, 0.1239, 2.1516, 1.7623, 4.168, 2.9289, 0.1577, 4.0554, 0.4281, 5.1368, 0.9477]
    ],
    [
      [5.4041, 17.1636, 7.734, 17.613, 21.5845, 17.8445, 20.3239, 27.4502, 17.0663, 29.1513, 62.8851, 21.6488, 17.256, 35.1424, 48.5105, 31.3155, 3.2576, 37.0976, 21.4871, 15.1336, 9.1843, 4.7497, 6.0022, 7.377, 7.6922, 13.2202, 19.8416, 0, 0.6999, 22.5525, 12.5328, 56.8973, 33.2707, 3.531, 27.4976, 6.4316, 123.2245, 18.8961],
      [0.56, 2.5704, 0.1016, 0.2099, 0.2514, 0.2934, 0.3125, 0.4482, 0.3007, 0.4361, 0.8358, 0.2936, 0.2607, 0.5643, 0.7295, 0.4349, 0.0367, 0.5047, 0.2263, 0.2134, 0.1068, 0.0455, 0.5672, 0.0867, 0.1003, 0.1747, 0.3074, 0, 0.0256, 0.3308, 1.3405, 0.838, 0.4409, 0.0558, 0.4829, 0.0845, 1.5116, 0.0068],
      [2.4105, 0.2462, 0.0761, 0.125, 0.1738, 0.0867, 0.2414, 0.3253, 0.292, 0.2925, 0.4584, 0.1138, 0.109, 0.3404, 0.5001, 0.2219, 0.0138, 0.2804, 0.1615, 0.1409, 0.096, 0.0367, 0.1091, 0.0667, 0.057, 0.0945, 0.1166, 0, 0.5172, 0.2202, 0.2174, 0.6, 0.3357, 0.2104, 0.305, 0.0312, 0.4443, 0.0386],
      [0.0193, 1.3684, 0.2158, 0.5266, 0.7413, 2.0358, 1.0399, 1.808, 1.6677, 2.9514, 4.77, 1.267, 1.4682, 2.7631, 3.2795, 2.3712, 0.1331, 2.4701, 1.505, 0.3555, 0.3727, 0.0804, 2.1557, 0.1942, 0.252, 0.1252, 1.2619, 0, 0.1088, 1.8426, 1.7521, 3.9995, 2.6368, 0.1212, 3.0521, 0.358, 5.4313, 0.8863],
      [5.2425, 5.0342, 0.2104, 4.8216, 2.8363, 1.2731, 1.0755, 2.9357, 1.3663, 2.6479, 5.0894, 2.0924, 1.645, 3.6702, 6.42, 2.0949, 0.3774, 4.9134, 1.7503, 6.6661, 0.1176, 0.6869, 2.2844, 1.3347, 0.7048, 4.12, 3.698, 0, 0.5601, 2.1189, 3.1042, 6.7771, 2.1363, 1.0437, 5.9502, 0.8523, 19.2662, 4.8427],
      [0.3637, 14.7758, 2.4419, 7.083, 7.7317, 10.8055, 10.3258, 17.9911, 7.7262, 12.5392, 32.7779, 13.7831, 10.62, 20.2375, 29.7376, 12.56, 1.0812, 23.3315, 11.1285, 6.8895, 3.8422, 1.2606, 3.581, 2.7003, 2.9534, 4.8047, 12.0132, 0, 1.0283, 13.1136, 10.4521, 37.7045, 16.0578, 0.9178, 25.4302, 4.0021, 57.8753, 12.5682],
      [0, 0.8413, 0.2204, 0.621, 0.6811, 0.6611, 0.6811, 1.0417, 0.5809, 0.9816, 2.1835, 0.8013, 0.641, 1.2821, 1.8229, 1.0016, 0.1002, 1.4022, 0.7412, 0.601, 0.2804, 0.1402, 0.3005, 0.2404, 0.2404, 0.4607, 0.7612, 0, 0.0601, 0.8213, 0.601, 2.1835, 1.1218, 0.1202, 1.2821, 0.2404, 4.2468, 0.7612]
    ],
    [
      [1.6743, 5.2323, 4.9401, 8.508, 12.1303, 6.5282, 9.284, 8.7902, 6.9526, 12.112, 27.7493, 8.167, 6.6472, 13.7697, 15.6969, 16.1115, 1.6592, 13.534, 8.5195, 4.6044, 4.8411, 3.4691, 1.6743, 3.076, 3.4312, 4.6632, 6.4761, 7.3404, 0.2093, 9.3545, 3.558, 20.0708, 16.3694, 1.2557, 7.9531, 2.5854, 63.2229, 6.4151],
      [0.019, 1.4102, 1.6026, 0.1861, 1.6465, 0.8617, 0.923, 0.8278, 3.5076, 0.805, 0.1106, 0.0344, 3.5088, 1.0038, 0.1074, 5.1873, 0.8213, 1.2069, 0.0236, 0.0225, 0.014, 0.6967, 0.4495, 0.0097, 0.0571, 0.1952, 0.4906, 0.0067, 0.0859, 1.1995, 1.4037, 1.4475, 0.6216, 0.3778, 0.0612, 0.3533, 3.035, 0.0032],
      [5.5324, 0.7539, 7.149, 3.1132, 4.3879, 0.2678, 2.2906, 4.3458, 8.3236, 2.1975, 3.9711, 1.208, 0.326, 2.6576, 4.0944, 0.6724, 0.151, 0.8455, 1.2669, 0.4279, 1.5429, 0.3439, 0.3396, 0.7013, 0.1732, 0.2852, 0.7237, 0.2235, 0.0753, 1.674, 0.4992, 8.2988, 2.0304, 1.3194, 2.352, 0.0917, 1.4058, 0.1222],
      [0.0136, 4.6763, 0.1703, 0.2107, 3.1591, 0.6178, 0.5574, 2.8473, 1.8432, 4.6671, 24.6484, 5.5932, 3.3266, 3.5131, 4.8317, 6.8613, 0.068, 1.38, 5.2624, 0.0952, 0.1903, 1.6143, 1.4217, 0.0748, 0.2099, 0.0884, 0.6934, 0.2941, 0.1135, 2.2395, 0.5654, 5.0579, 8.7441, 0.0544, 1.8218, 0.1903, 11.2162, 0.4283],
      [209.8517, 224.5899, 210.1423, 564.9962, 562.7982, 101.227, 306.0221, 260.0351, 115.9965, 232.5211, 433.2268, 173.1524, 143.9191, 313.2267, 503.1755, 174.7093, 24.4812, 394.0544, 148.9762, 244.6522, 241.3297, 202.8519, 161.3992, 192.8619, 320.2395, 452.9832, 147.8697, 18.1795, 8.6042, 184.4046, 92.9, 431.887, 172.8442, 134.5014, 340.9426, 76.7104, 969.0659, 119.4312],
      [0.1233, 8.4284, 2.233, 15.0339, 4.6784, 0.9157, 11.1216, 4.1629, 7.9103, 16.5645, 24.0584, 0, 12.5245, 2.8091, 4.4309, 11.1761, 0.1681, 13.9556, 1.3502, 1.0311, 2.0338, 0.4875, 0.6836, 2.3376, 1.8867, 3.9846, 1.3813, 6.8569, 0.0776, 5.7514, 0.8381, 34.3217, 4.9791, 1.1407, 8.4661, 2.516, 17.7128, 5.9214],
      [1.7857, 9.909, 10.7628, 19.9519, 49.1996, 7.5818, 15.8013, 19.9908, 11.4661, 22.1327, 35.2354, 6.845, 5.7478, 25.02, 38.6633, 18.2821, 0.6512, 36.0237, 8.601, 20.1667, 29.0482, 7.5367, 8.032, 22.9388, 12.0025, 31.8002, 20.3651, 5.0989, 0.8342, 15.3765, 8.2357, 33.9163, 18.4111, 8.3505, 24.4031, 4.5528, 85.3413, 2.6785]
    ],
    [
      [0.0055, 0, 0.152, 0.0435, 0.0588, 0.1385, 0.3614, 0, 0.1624, 2.0293, 0.4358, 0.1171, 0.1563, 0.3276, 0, 2.8743, 0.0074, 0.2513, 2.4139, 0, 0.0411, 0.0055, 0, 0.0178, 0.0239, 0.0251, 0, 0.027, 0, 0.4501, 0, 0, 2.2901, 0, 0, 0.0374, 1.833, 0.0883],
      [0.0267, 0.6046, 0.1173, 0.1917, 0.2732, 2.4482, 1.1471, 4.5929, 2.3826, 0.9046, 0.2878, 0.0894, 0.6214, 5.3871, 0.2795, 0.9919, 0.0356, 0.9781, 0.0615, 0.0587, 0.0363, 0.0267, 0.1528, 0.0252, 0.1211, 0.142, 2.0374, 0.0056, 0.3227, 0.7968, 0.631, 1.113, 1.2285, 0.9798, 0.1593, 0.1463, 1.8817, 0.0084],
      [0.5759, 0.3245, 0.0759, 0.1567, 0.213, 0.0132, 0.582, 7.0336, 0.5591, 0.2434, 1.4459, 0.3866, 0.0169, 2.302, 1.202, 0.0348, 0.0253, 0.0437, 1.1361, 0.0634, 0.1448, 0.0232, 0.1005, 0.0666, 0.009, 0.094, 0.0179, 0.2009, 0.5086, 0.6707, 0.0258, 3.3158, 0.8448, 3.1208, 0.0479, 0.0047, 0.0727, 0.0063],
      [0.0133, 3.4145, 0.6607, 0.2061, 1.9903, 9.8076, 0.5452, 6.3159, 6.6142, 11.2866, 14.9683, 3.9567, 5.237, 10.4116, 9.2951, 8.1252, 0.2729, 4.8844, 8.1311, 0.0931, 0.1861, 0.1747, 0.8792, 0.0731, 0.7838, 0.0864, 0.6781, 0.8499, 0.1945, 6.0547, 20.9992, 19.9337, 9.1597, 0.0532, 1.7817, 0.1861, 15.0566, 0.4188],
      [0.3015, 0.7467, 7.4924, 1.561, 2.0014, 3.7502, 2.5644, 1.5095, 0.6782, 1.3509, 2.5213, 10.796, 0.8313, 16.91, 7.8128, 1.0118, 0.226, 4.2486, 0.8696, 0.3016, 1.7763, 2.2048, 0.2058, 0.1388, 0.9837, 2.5749, 0.8805, 0.1039, 1.4733, 1.072, 3.6058, 2.5104, 2.556, 2.1573, 4.0791, 0.292, 3.4463, 5.1234],
      [8.0366, 150.2075, 24.3531, 68.5213, 84.4657, 209.8423, 162.0438, 290.299, 254.3242, 457.8235, 691.3408, 174.9225, 248.1372, 485.8983, 562.4106, 377.1976, 11.3789, 397.7483, 206.3878, 58.7737, 60.9401, 6.5245, 41.4681, 26.9747, 36.9029, 37.8931, 228.5922, 42.4285, 22.2669, 316.4807, 226.5994, 729.3499, 424.927, 159.689, 410.7334, 60.0589, 694.4689, 138.3548],
      [0.0405, 0.7022, 0.1485, 0.3196, 6.9975, 0, 0.7562, 0.2491, 0.2793, 2.3616, 0, 0.7318, 0, 3.7634, 0, 1.7645, 0.054, 1.8455, 0, 3.7096, 3.8752, 0.0405, 0.1936, 1.7039, 0.1755, 0.1845, 2.7938, 0.3842, 0.234, 3.4751, 1.1388, 1.7773, 1.994, 0, 1.1986, 0.2746, 3.2409, 0]
    ],
    [
      [0.0214, 0, 0.0482, 0.107, 0.1498, 0.091, 0.2488, 0.2756, 0.2649, 0.3077, 1.2709, 0.0936, 0.2415, 0.3425, 0, 1.0209, 0.0134, 0.3077, 0.1579, 0, 0.0856, 0.0375, 0, 0.0642, 0.0669, 0.0963, 0.1177, 0.0107, 0.0054, 0.2301, 0, 0.586, 0.3585, 0, 0, 0.0428, 1.2135, 0.0482],
      [0.0384, 0.7572, 0.0905, 0.1929, 0.2716, 0.1763, 0.4541, 0.5065, 0.4846, 0.5633, 0.0369, 0.1749, 0.5833, 0.6311, 0.0358, 0.4594, 0.0248, 0.7288, 0.0079, 0.0075, 0.0047, 0.0665, 1.0971, 0.1153, 0.1221, 0.1757, 0.2209, 0.0194, 0.0093, 0.4181, 2.1984, 1.0601, 0.6466, 0.3632, 0.0204, 0.0776, 1.5327, 0.0011],
      [6.5509, 71.4154, 15.0077, 32.3923, 45.4526, 24.1985, 68.5775, 84.8191, 78.8395, 83.6271, 127.6746, 28.6664, 30.9838, 95.1758, 140.5494, 64.1862, 3.7259, 80.3568, 44.379, 40.2822, 25.7531, 10.3302, 31.7276, 18.2979, 16.702, 26.4127, 32.1673, 3.3943, 1.6797, 62.6375, 47.8888, 165.6755, 96.648, 59.4977, 86.836, 8.6913, 132.0316, 11.5258],
      [0.0011, 0.2635, 0.0442, 0.0981, 0.1416, 0.1457, 0.2336, 0.291, 0.2846, 0.3833, 0.5808, 0.1274, 0.1628, 0.3921, 0.5356, 0.3046, 0.0157, 0.3461, 0.4666, 0.0079, 0.0803, 0.0299, 0.3494, 0.0062, 0.06, 0.0073, 0.1461, 0.0081, 0.004, 0.2635, 6.2599, 0.6284, 0.4002, 0.0045, 0.3928, 0.048, 0.6034, 0.0718],
      [0.0272, 1.5613, 0.0613, 0.1362, 0.1907, 0.6776, 3.8932, 1.7605, 0.9704, 1.6532, 2.9438, 1.0659, 0.9296, 2.2032, 7.5599, 1.2616, 0.2418, 2.5267, 1.013, 5.2434, 0.1089, 2.8438, 3.4291, 0.6702, 2.1726, 2.1317, 0.9722, 0.0136, 0.0068, 1.294, 1.3797, 3.0902, 1.3961, 3.264, 3.2312, 3.2375, 4.5205, 1.4814],
      [1.2145, 25.294, 2.2159, 6.1745, 7.5282, 8.3153, 18.6961, 14.2796, 17.4955, 27.2019, 38.6333, 4.3087, 11.6989, 27.8911, 39.0471, 24.799, 0.9287, 29.017, 12.379, 8.8145, 4.6183, 0.3763, 7.9251, 3.8105, 5.2221, 5.7052, 9.3557, 0.4924, 0.2462, 20.3107, 14.7902, 46.177, 33.5418, 13.3621, 28.2541, 3.6815, 42.8947, 4.6497],
      [0.1464, 0.7087, 0.5322, 0.8991, 2.2656, 0.3956, 0.8967, 1.0678, 0.6605, 1.2635, 1.8597, 0.563, 0.4, 1.3643, 2.2722, 0.9683, 0.0497, 1.7169, 0.5966, 1.6445, 1.3492, 0.3159, 0.4716, 1.0357, 0.6544, 1.471, 1.02, 0.0615, 0.0485, 0.8461, 0.483, 1.7829, 1.0088, 0.5085, 1.2656, 0.2212, 4.2037, 0.222]
    ],
    [
      [0.0436, 0, 0.4141, 0.4359, 0.5666, 1.4384, 1.6563, 1.9615, 1.6781, 2.3102, 5.8998, 1.1551, 0.8936, 2.7025, 2.8248, 1.8525, 0.0654, 1.4384, 0.6538, 0.6102, 0.3487, 0.0436, 0.2615, 0.3051, 0.3705, 0.5013, 1.0679, 0.1308, 0, 1.4166, 0, 3.2909, 1.8089, 0.1744, 0, 0.2179, 4.5647, 0.3837],
      [1.5376, 52.6619, 13.9984, 13.7839, 20.8011, 42.0185, 47.6892, 59.3407, 51.3826, 64.7014, 94.1044, 28.1806, 29.3071, 79.4027, 88.4559, 57.4823, 2.4185, 43.484, 18.9661, 17.9297, 10.734, 1.5003, 9.674, 8.2321, 11.9849, 16.5597, 34.4299, 1.5428, 3.3238, 40.2791, 29.0176, 92.1736, 51.0726, 6.1506, 52.1189, 6.6477, 127.247, 2.8689],
      [0.0028, 0.1021, 0.0262, 0.0276, 0.0358, 0.0909, 0.1048, 0.1241, 0.1062, 0.1462, 0.2316, 1.4768, 0.0565, 0.171, 0.2413, 0.1172, 0.0041, 0.0911, 0.0414, 0.0386, 0.0221, 0.0028, 0.0165, 0.0193, 0.0234, 0.0317, 0.0675, 0.0083, 0.1159, 0.0896, 0.051, 0.2083, 0.1145, 0.011, 0.142, 0.0138, 0.0003, 0.011],
      [0.1821, 8.0803, 1.5428, 2.2313, 1.5549, 8.6592, 7.1421, 10.3583, 9.7725, 15.7359, 24.4045, 7.1852, 5.9465, 15.5445, 19.5147, 12.3306, 0.161, 11.1239, 6.3906, 2.0259, 1.9046, 0.2194, 0.6442, 1.0632, 1.5474, 0.4855, 6.4395, 1.5006, 0.6045, 9.4644, 2.9847, 20.5043, 13.0822, 0.7282, 15.5376, 1.5825, 25.5878, 2.7822],
      [0.0452, 3.3216, 0.7942, 0.4519, 0.5875, 2.1453, 3.6555, 3.6746, 2.4771, 3.8637, 6.5369, 2.6185, 0.9264, 4.859, 37.9738, 3.0205, 0.0678, 3.6331, 1.1165, 3.6513, 0.4868, 0.0452, 0.2711, 2.568, 0.8345, 2.5206, 2.0644, 0.2485, 0.1784, 2.634, 1.4544, 6.1409, 2.9694, 0.1808, 10.7763, 0.226, 9.6082, 1.1991],
      [0.1885, 9.8222, 2.2213, 3.0662, 2.4499, 11.6371, 15.7399, 14.5264, 11.5711, 19.2257, 36.7958, 12.3754, 3.8633, 21.3004, 25.9615, 10.1832, 0.2827, 6.219, 2.8268, 3.7398, 2.5013, 0.1885, 1.1307, 1.81, 2.2364, 2.8975, 4.9228, 2.568, 0.7766, 11.1058, 3.4864, 28.6578, 13.9392, 0.7538, 24.4087, 1.3106, 29.9604, 0.7538],
      [0.0003, 0.0119, 0.003, 0.0032, 0.0042, 0.0106, 0.0122, 0.0144, 0.0123, 0.017, 0.0269, 0.0085, 0.0066, 0.0199, 0.0281, 0.0136, 0.0005, 0.0106, 0.0048, 0.0045, 0.0026, 0.0003, 0.0019, 0.0022, 0.0027, 0.0037, 0.0079, 0.001, 0.0008, 0.0104, 0.0059, 0.0242, 0.0133, 0.0013, 0.0165, 0.0016, 0.0316, 0.0013]
    ],
    [
      [0.8395, 2.6041, 1.6713, 2.1686, 4.3454, 0.9945, 2.8371, 3.0468, 1.7798, 3.1865, 5.0122, 2.5183, 1.3755, 2.922, 7.9678, 2.1444, 0.202, 3.6296, 2.3783, 1.6517, 2.3866, 0.6918, 0.062, 2.1224, 2.3634, 3.4362, 2.0985, 0.4508, 0.0855, 1.4452, 0.9093, 4.0875, 2.1522, 0.9986, 2.5493, 0.4662, 11.2453, 0.909],
      [0.8038, 4.3093, 2.0137, 2.331, 4.5993, 2.3608, 4.179, 4.861, 3.5031, 4.9989, 7.2784, 3.1196, 2.3057, 5.395, 10.0559, 3.9143, 0.2758, 4.6392, 2.6407, 2.6976, 2.0605, 0.6633, 1.9485, 0.4865, 2.5442, 3.6601, 3.1408, 0.4188, 0.1699, 1.593, 1.8888, 6.61, 3.5081, 2.0238, 3.9658, 0.6219, 13.7848, 0.1015],
      [0.3953, 1.0514, 0.651, 0.8229, 1.6841, 0.3404, 1.1128, 1.2029, 0.7237, 1.2232, 1.8392, 0.9436, 0.5045, 1.1135, 3.1373, 0.761, 0.067, 1.3741, 0.8976, 1.0161, 1.3551, 0.2624, 0.6933, 0.8355, 0.0187, 1.0623, 0.7883, 0.1608, 0.0346, 0.4693, 0.3129, 1.5748, 0.7995, 0.8224, 1.0075, 0.1663, 4.0314, 0.2948],
      [0, 0.0414, 0.0257, 0.0323, 0.067, 0.0127, 0.0435, 0.0472, 0.0282, 0.0508, 0.0763, 0.0387, 0.0214, 0.0451, 0.1258, 0.028, 0.0027, 0.0559, 0.0367, 0.0397, 0.0374, 0.0102, 1.66, 0.0002, 0.0372, 0.0002, 0.0324, 0.0066, 0.0013, 0.0191, 0.0127, 0.0621, 0.028, 0.0001, 0.0418, 0.0069, 0.1651, 0.0126],
      [3.9142, 3.324, 5.2498, 4.2671, 6.3836, 0.1504, 6.6627, 3.8304, 1.7649, 3.4761, 6.3519, 2.7377, 2.0654, 2.0718, 8.2325, 0.841, 0.3883, 5.1951, 3.8379, 6.7709, 2.8365, 1.3639, 2.3535, 5.3802, 10.001, 9.6254, 2.2713, 0.2904, 0.0103, 0.1545, 0.103, 4.5179, 0.9902, 3.4428, 2.6568, 0.0515, 14.1634, 1.7899],
      [0.0651, 5.1834, 0.2132, 0.6573, 0.7105, 0, 1.4389, 3.2567, 1.1821, 2.3468, 2.6816, 6.7632, 1.2012, 0, 19.7818, 0, 0.0888, 0, 4.6732, 0.5448, 0.4915, 0.0533, 4.4625, 0.2428, 0.3138, 0.3612, 0.1712, 0.3913, 0, 0, 0, 0, 0, 5.8504, 0, 0.4058, 9.8111, 1.5029],
      [3.982, 14.4864, 10.1753, 14.7209, 34.2099, 6.1412, 16.7261, 18.755, 11.0182, 20.7177, 30.7604, 12.8789, 7.5261, 20.4526, 45.6989, 14.3114, 0.9754, 26.1061, 12.5356, 18.2792, 19.8323, 4.9551, 9.8202, 16.9325, 13.7217, 23.8545, 15.4975, 3.2813, 0.6984, 11.3189, 6.7733, 27.1477, 14.5221, 10.8618, 18.7788, 3.2813, 70.7989, 4.3893]
    ]
  ],
  "V_est": [
    [15.2301, 15.2403, 4.505, 3932.7796, 88.3004, 1180.3484, 61.5963],
    [848.6705, 16.0897, 10.1065, 57.3875, 121.7607, 464.2359, 30.7492],
    [358.5765, 34.3241, 76.1848, 109.3609, 9610.7603, 244.0527, 702.7406],
    [14.3743, 31.2942, 25.7091, 183.7795, 102.6694, 8588.7657, 46.4078],
    [7.9262, 14.375, 2004.7575, 14.1899, 71.1641, 571.3464, 37.2408],
    [43.4874, 1333.2039, 4.1855, 276.5495, 129.8268, 347.4046, 0.3423],
    [91.735, 125.4728, 35.5517, 2.953, 139.5183, 74.8463, 616.9229]
  ],
  "p_est": [
    [0.0029, 0.0029, 0.0009, 0.7423, 0.0167, 0.2228, 0.0116],
    [0.5479, 0.0104, 0.0065, 0.037, 0.0786, 0.2997, 0.0199],
    [0.0322, 0.0031, 0.0068, 0.0098, 0.863, 0.0219, 0.0631],
    [0.0016, 0.0035, 0.0029, 0.0204, 0.0114, 0.9551, 0.0052],
    [0.0029, 0.0053, 0.7368, 0.0052, 0.0262, 0.21, 0.0137],
    [0.0204, 0.6245, 0.002, 0.1295, 0.0608, 0.1627, 0.0002],
    [0.0844, 0.1154, 0.0327, 0.0027, 0.1284, 0.0689, 0.5675]
  ],
  "EI_Z": {},
  "EI_V": 20.3806,
  "MAE_Z": {},
  "MAE_V": 273.8401,
  "MAE_p": 0.0707,
  "runtime": 1.6266
}
