{
  "X": [
    [109, 186, 387, 725, 40],
    [31, 83, 156, 459, 20],
    [1, 8, 11, 19, 1],
    [77, 125, 191, 1160, 31],
    [55, 92, 132, 726, 26],
    [51, 211, 311, 569, 24],
    [46, 131, 262, 438, 26],
    [44, 123, 225, 383, 19],
    [169, 130, 354, 1010, 70],
    [59, 45, 175, 463, 31],
    [2, 8, 12, 25, 3],
    [1, 0, 5, 15, 1],
    [6, 10, 13, 47, 1],
    [23, 75, 149, 472, 11],
    [66, 123, 247, 749, 43],
    [72, 65, 115, 536, 43],
    [84, 106, 132, 772, 17],
    [21, 50, 73, 267, 16],
    [85, 105, 231, 978, 40],
    [99, 132, 370, 1362, 56],
    [18, 9, 35, 114, 9],
    [14, 22, 38, 159, 6],
    [35, 108, 213, 386, 7],
    [0, 2, 9, 26, 7],
    [0, 2, 0, 9, 0],
    [19, 68, 126, 278, 10],
    [72, 82, 209, 552, 38],
    [120, 102, 317, 919, 78],
    [41, 103, 165, 604, 28],
    [48, 34, 61, 258, 20],
    [47, 79, 169, 868, 28],
    [491, 646, 1485, 5611, 176],
    [62, 136, 205, 659, 34],
    [105, 345, 483, 1475, 102],
    [26, 182, 214, 690, 22]
  ],
  "W": [
    [62, 223, 247, 790, 90, 35],
    [20, 88, 111, 457, 52, 21],
    [2, 5, 9, 20, 1, 3],
    [55, 145, 145, 1115, 73, 51],
    [49, 93, 97, 725, 40, 27],
    [28, 231, 226, 583, 68, 30],
    [22, 180, 155, 459, 57, 30],
    [29, 146, 139, 396, 59, 25],
    [127, 109, 305, 1000, 95, 97],
    [41, 59, 143, 451, 45, 34],
    [0, 8, 10, 24, 4, 4],
    [1, 2, 4, 12, 2, 1],
    [3, 9, 12, 46, 6, 1],
    [16, 67, 105, 474, 43, 25],
    [43, 117, 180, 768, 87, 33],
    [51, 69, 103, 545, 45, 18],
    [75, 107, 100, 750, 41, 38],
    [23, 45, 55, 257, 21, 26],
    [63, 105, 183, 962, 80, 46],
    [82, 128, 305, 1314, 129, 61],
    [8, 9, 35, 116, 13, 4],
    [15, 22, 31, 152, 10, 9],
    [22, 150, 120, 418, 24, 15],
    [1, 2, 8, 23, 1, 9],
    [0, 2, 0, 9, 0, 0],
    [13, 63, 83, 307, 21, 14],
    [52, 80, 178, 552, 46, 45],
    [91, 95, 274, 873, 130, 73],
    [34, 97, 111, 616, 67, 16],
    [34, 30, 50, 251, 36, 20],
    [47, 90, 132, 844, 57, 21],
    [379, 747, 1065, 5499, 502, 217],
    [51, 143, 154, 625, 65, 58],
    [90, 345, 383, 1405, 154, 133],
    [29, 234, 130, 665, 41, 35]
  ],
  "method": "mvn_pdf",
  "cond_prob": [
    [
      [0.87260318646, 0.0031843453433, 0.0069985721103, 0.10768994519, 0.0095239508926],
      [0.0025724050635, 0.62968577177, 0.35073002286, 0.015988875877, 0.0010229244306],
      [0.12108722832, 0.057716839758, 0.76427477164, 0.055817772979, 0.0011033873003],
      [0.0098099179079, 0.023458655879, 0.10349837326, 0.85965682879, 0.0035762241624],
      [0.1560151313, 0.047609606169, 0.37698499349, 0.17421282903, 0.24517744002],
      [0.075006107176, 0.2374108961, 0.11100172993, 0.17607613699, 0.40050512981]
    ],
    [
      [0.72731366126, 0.0047598407482, 0.0090095112915, 0.24716946278, 0.011747523911],
      [0.0013206168773, 0.6784595212, 0.29581964395, 0.0238735165, 0.00052670147072],
      [0.081203267745, 0.071219022975, 0.74472885316, 0.10220549415, 0.00064336196203],
      [0.0033191967435, 0.01610975324, 0.061333515271, 0.91785228418, 0.0013852505622],
      [0.094639813279, 0.053072100457, 0.33070289349, 0.2949332108, 0.22665198198],
      [0.042181265118, 0.24634034833, 0.090324355468, 0.27694812419, 0.34420590689]
    ],
    [
      [0.48535702789, 0.15315528142, 0.024637320249, 0.32380766755, 0.013042702895],
      [0, 0.85061943405, 0.13683695847, 0.0088847671324, 0.0036588403505],
      [0, 0.14717370185, 0.7921221109, 0.054061713517, 0.0066424737342],
      [0, 0.0055884718329, 0.11939143034, 0.86004217472, 0.014977923109],
      [0.029285944228, 0.16077013179, 0.47163977501, 0.20494184342, 0.13336230555],
      [0, 0.61449646062, 0.092657729082, 0.13854002326, 0.15430578704]
    ],
    [
      [0.7369971521, 0.0024716826602, 0.0046662886429, 0.24842050555, 0.0074443710528],
      [0.0025553194362, 0.65540764744, 0.2961632128, 0.045306009966, 0.0005678103634],
      [0.13339295929, 0.059521396573, 0.64134343815, 0.16514909089, 0.00059311508804],
      [0.0036948352245, 0.0083456336804, 0.030326226737, 0.9567748027, 0.00085850165666],
      [0.13075884581, 0.037363388395, 0.24002980221, 0.39945197486, 0.19239598872],
      [0.060539592137, 0.17973406207, 0.068019046354, 0.38935261555, 0.30235468388]
    ],
    [
      [0.73633542396, 0.0039811112942, 0.0060391300874, 0.23863297539, 0.015011359271],
      [0.0017511769827, 0.712272597, 0.25582656832, 0.029408163169, 0.00074149453283],
      [0.11023282619, 0.078835488887, 0.67811802545, 0.13186274712, 0.00095091235118],
      [0.0039184768135, 0.014675633822, 0.042644826957, 0.93740496216, 0.001356100243],
      [0.10215590804, 0.046736837902, 0.23959408122, 0.30207957645, 0.30943359638],
      [0.042110689413, 0.2002675395, 0.06050001893, 0.26220584939, 0.43491590276]
    ],
    [
      [0.77320696348, 0.0060800913511, 0.01009630579, 0.20047115316, 0.010145486213],
      [0.001256749456, 0.71114345469, 0.27024404964, 0.016840515416, 0.00051523079654],
      [0.079393475696, 0.083231724245, 0.76029365996, 0.076453244834, 0.00062789526343],
      [0.0045629998318, 0.022710102861, 0.081424884609, 0.88973694272, 0.0015650699786],
      [0.10408575647, 0.070375600779, 0.38091025168, 0.24512676927, 0.19950162181],
      [0.045963668312, 0.32399063026, 0.10306519931, 0.22776524673, 0.2992152554]
    ],
    [
      [0.82927544415, 0.0033065019021, 0.0089643208131, 0.14842346068, 0.010030272458],
      [0.0024367011541, 0.58592071737, 0.3908482022, 0.019816433163, 0.00097794611161],
      [0.095744688659, 0.050035372779, 0.78911038749, 0.064211365991, 0.00089818508096],
      [0.0073481951814, 0.019170240686, 0.093090256543, 0.87776577884, 0.0026255287497],
      [0.12656318692, 0.042129619314, 0.39932166665, 0.2071572098, 0.22482831732],
      [0.062999467874, 0.21685054248, 0.12160785777, 0.21708369071, 0.38145844117]
    ],
    [
      [0.79600214866, 0.0049885707589, 0.010757787686, 0.17930065181, 0.0089508410844],
      [0.0016546431317, 0.64649731431, 0.33368545345, 0.01767246072, 0.00049012838699],
      [0.07675437468, 0.064104221498, 0.79331440496, 0.065298721846, 0.0005282770132],
      [0.005732920166, 0.022131142228, 0.093812810306, 0.87681408067, 0.0015090466343],
      [0.10873482603, 0.058227235751, 0.42975356798, 0.22388835828, 0.17939601195],
      [0.052796423572, 0.29427590158, 0.12775649085, 0.22863161653, 0.29653956747]
    ],
    [
      [0.81900154786, 0.003002917681, 0.0062724886666, 0.16072333553, 0.010999710268],
      [0.0023408155303, 0.65529308636, 0.3172961666, 0.024367834157, 0.00070209735184],
      [0.1304436973, 0.062050724737, 0.71353110578, 0.093173058477, 0.0008014137062],
      [0.005414195026, 0.015761570136, 0.065184706338, 0.91192353915, 0.0017159893455],
      [0.14077224379, 0.042818966956, 0.29390236066, 0.2490068763, 0.2734995523],
      [0.063492460483, 0.2003797938, 0.081295813569, 0.23644399203, 0.41838794011]
    ],
    [
      [0.78871591089, 0.0016757383725, 0.0068830097917, 0.18960069199, 0.013124648954],
      [0.0028326008443, 0.53606524559, 0.42492677824, 0.035167133872, 0.001008241447],
      [0.11696787095, 0.037965093052, 0.74026371355, 0.10391909408, 0.00088422837217],
      [0.0053500463511, 0.0054793977481, 0.061693205103, 0.92575823279, 0.0017191180081],
      [0.12081754115, 0.025503082598, 0.29168850182, 0.2647840798, 0.29720679462],
      [0.056454658896, 0.12516440673, 0.083523163583, 0.26055393224, 0.47430383855]
    ],
    [
      [0.83336030192, 0.0030841297524, 0.005474018141, 0.14859814004, 0.0094834101522],
      [0.0050965224313, 0.72412002991, 0.2531010134, 0.017066866918, 0.00061556733812],
      [0.10067030468, 0.07355075959, 0.73356153027, 0.091403964543, 0.00081344091687],
      [0.014887822833, 0.016123928912, 0.050085232095, 0.91733539792, 0.0015676182412],
      [0.10582206436, 0.050340233677, 0.28879568035, 0.26017523677, 0.29486678485],
      [0.042982192077, 0.22079923406, 0.070587074604, 0.22316873052, 0.44246276873]
    ],
    [
      [0.52794424869, 0, 0.0060905617271, 0.45745090157, 0.0085142880127],
      [0.092621163047, 0, 0.78025595004, 0.12255338285, 0.0045695040562],
      [0.04256847526, 0, 0.72978821119, 0.21956813954, 0.0080751740162],
      [0, 0, 0, 0.97661046714, 0.023389532864],
      [0.040878752162, 0, 0.22754244449, 0.57705729691, 0.15452150643],
      [0.034782019848, 0, 0.059159804459, 0.54572957512, 0.36032860057]
    ],
    [
      [0.86402465788, 0.0029796631322, 0.0034429064062, 0.12670749075, 0.0028452818339],
      [0.0017573602909, 0.79502860654, 0.18396919697, 0.018802695317, 0.00044214087594],
      [0.15975896784, 0.096163784367, 0.63273484755, 0.11070144202, 0.00064095822672],
      [0.0050857743898, 0.019546377849, 0.043096240637, 0.93042323801, 0.0018483691142],
      [0.19314044032, 0.072300608287, 0.28058400124, 0.33534395745, 0.11863099271],
      [0.082213905761, 0.34890110854, 0.075199260744, 0.31070327256, 0.1829824524]
    ],
    [
      [0.68664804852, 0.00646582961, 0.011182304219, 0.28785092168, 0.0078528959695],
      [0.00072853929751, 0.70132376729, 0.2765359691, 0.021411724317, 0],
      [0.062646366878, 0.07986392396, 0.7588564376, 0.098633271567, 0],
      [9.0250888182e-05, 0.017977380812, 0.066323591586, 0.91560877671, 0],
      [0.10212081103, 0.067846333701, 0.38360080214, 0.32234701789, 0.12408503523],
      [0.038119070923, 0.32333885792, 0.10724121406, 0.30975297111, 0.22154788599]
    ],
    [
      [0.77966439991, 0.0046022640019, 0.0079872556972, 0.19237229209, 0.015373788303],
      [0.0016178181458, 0.69884002565, 0.2790247589, 0.019896442126, 0.00062095517798],
      [0.098216392634, 0.077031757921, 0.73509189947, 0.088875810411, 0.00078413956318],
      [0.005174346173, 0.019404440812, 0.068907533321, 0.90492702368, 0.0015866560153],
      [0.10536469444, 0.052954809385, 0.30121589877, 0.23579601475, 0.30466858266],
      [0.044411185744, 0.23219467458, 0.077798197753, 0.20921982937, 0.43637611256]
    ],
    [
      [0.85589858835, 0.0021926914386, 0.0037514348036, 0.13011135681, 0.0080459285958],
      [0.0058228155981, 0.692501828, 0.27178848186, 0.029886874545, 0],
      [0.19797706093, 0.066119304517, 0.62144520946, 0.11445842509, 0],
      [0.0050461188159, 0.014793421507, 0.048648192258, 0.93151226742, 0],
      [0.093644009542, 0.020238105444, 0.11319708604, 0.1344871527, 0.63843364628],
      [0.032869180979, 0.073451598533, 0.024404519449, 0.09926672553, 0.77000797551]
    ],
    [
      [0.7760081139, 0.0032432146979, 0.0045581909661, 0.21257118185, 0.00361929858],
      [0.0024540489298, 0.71395406646, 0.25038916415, 0.033202720468, 0],
      [0.14138523569, 0.076324482291, 0.63960548795, 0.14268479408, 0],
      [0.0035920105646, 0.013783985236, 0.036780782931, 0.94584322127, 0],
      [0.14939735425, 0.051657961177, 0.25826535641, 0.3729063348, 0.16777299337],
      [0.067868031726, 0.24408579532, 0.071881039674, 0.35695829437, 0.25920683891]
    ],
    [
      [0.6509128763, 0.0064039982806, 0.0097071097819, 0.3168299706, 0.016146045031],
      [0.00066096183055, 0.72727411846, 0.24756439427, 0.023843893106, 0.00065663233465],
      [0.064956059288, 0.087808687964, 0.72736141847, 0.11897723745, 0.00089659682791],
      [0.0008756853659, 0.016893464272, 0.052586674325, 0.92759452952, 0.0020496465154],
      [0.069557439112, 0.059904365309, 0.29458263859, 0.31492490845, 0.26103064854],
      [0.028496920823, 0.25754934159, 0.074248077121, 0.27272962547, 0.366976035]
    ],
    [
      [0.75757091188, 0.0031400334857, 0.0062171320131, 0.22202730882, 0.01104461381],
      [0.0020955218327, 0.66043012803, 0.30476834379, 0.032034518062, 0.00067148828389],
      [0.1157798416, 0.063266210337, 0.69597937555, 0.12421807114, 0.00075650138214],
      [0.0040815066129, 0.012147535497, 0.047828376788, 0.93459898683, 0.0013435942748],
      [0.11871620426, 0.041535923755, 0.27248914187, 0.31496196496, 0.25229676516],
      [0.05307795749, 0.19283684581, 0.0746388922, 0.29642533924, 0.38302096527]
    ],
    [
      [0.68382462153, 0.0037560059992, 0.008201785147, 0.29148274472, 0.012734842603],
      [0.0015197027103, 0.63997646445, 0.32379850485, 0.034070702573, 0.00063462541564],
      [0.083562442213, 0.060312404322, 0.72565833811, 0.12974086869, 0.0007259466629],
      [0.0025909653311, 0.010975437202, 0.048532060936, 0.93660917916, 0.0012923573731],
      [0.088399133244, 0.040861131483, 0.29327077972, 0.33936535978, 0.23810359577],
      [0.039955698018, 0.19158895565, 0.081186774085, 0.3226853644, 0.36458320785]
    ],
    [
      [0.89329826107, 0.001171141462, 0.0036443881285, 0.088034907792, 0.01385130155],
      [0.0045856787291, 0.6183593676, 0.34479026989, 0.030555642403, 0.0017090413788],
      [0.23414764606, 0.043925212088, 0.62739203641, 0.093848308507, 0.00068679692796],
      [0.0013206540193, 0.011169396951, 0.064963618677, 0.92251232706, 3.4003289426e-05],
      [0.16917645115, 0.020139407412, 0.16992101594, 0.16691864412, 0.47384448137],
      [0.06617136486, 0.082637948563, 0.041064554409, 0.13866421134, 0.67146192083]
    ],
    [
      [0.66734065535, 0.0044655703731, 0.0076811615208, 0.30845022332, 0.012062389437],
      [0.0012872154362, 0.69469853114, 0.27220685388, 0.0311313778, 0.00067602174609],
      [0.077692174865, 0.072566899156, 0.71069276485, 0.13817596307, 0.00087219805939],
      [0.0028241872523, 0.012865359005, 0.042174970619, 0.94003760397, 0.0020978791568],
      [0.081035955073, 0.048183488453, 0.27928781288, 0.35890046589, 0.23259227771],
      [0.034830888467, 0.21807838137, 0.073475824293, 0.32557566906, 0.34803923681]
    ],
    [
      [0.82410109269, 0.0039129033282, 0.010575638493, 0.15560180756, 0.005808557934],
      [0.0020919905201, 0.58354803862, 0.39468108994, 0.019672698014, 6.1829054286e-06],
      [0.080385892577, 0.05042710867, 0.81017139816, 0.058964517412, 5.1083181077e-05],
      [0.006978323247, 0.021410342355, 0.10152927185, 0.86997702981, 0.00010503273832],
      [0.12411523978, 0.049423368955, 0.4794743263, 0.21594063364, 0.13104643132],
      [0.067597693451, 0.27965155558, 0.15986568128, 0.24780931825, 0.24507575144]
    ],
    [
      [0, 0.0036715309524, 0.40431243012, 0.52608567521, 0.065930363715],
      [0, 0.56879989358, 0.3871270108, 0.044005399473, 6.7696146905e-05],
      [0, 0.037261965056, 0.81620892621, 0.14652910873, 0],
      [0, 0, 0.026469863796, 0.9735301362, 0],
      [0, 0.016414061621, 0.19079658342, 0.23086298843, 0.56192636653],
      [0, 0.060468766647, 0.054684298651, 0.17684605943, 0.70800087527]
    ],
    [
      [0.78602574722, 0.0030359484424, 0.0031190752687, 0.19743039211, 0.010388836962],
      [0, 0.98993603494, 0, 0.010063965061, 0],
      [0.083583182843, 0.092991528602, 0.65652933647, 0.16602602556, 0.00086992652476],
      [0, 0.0022364366802, 0, 0.99776356332, 0],
      [0.078489683951, 0.051710194694, 0.18422139998, 0.40785122737, 0.277727494],
      [0.030037239567, 0.23089110102, 0.042829834058, 0.32347466935, 0.37276715601]
    ],
    [
      [0.78488102508, 0.0079535836555, 0.013069198957, 0.18197527237, 0.012120919942],
      [0.00079524303653, 0.71872206738, 0.26632594399, 0.013424266999, 0.00073247859361],
      [0.061257709634, 0.086527685264, 0.79397644046, 0.057240794096, 0.00099737055029],
      [0.0041693657624, 0.028059815507, 0.10566730931, 0.85858963202, 0.0035138773992],
      [0.088058602053, 0.08053279614, 0.43365148232, 0.19112520575, 0.20663191374],
      [0.038059323635, 0.36641165795, 0.11464116403, 0.17406859842, 0.30681925597]
    ],
    [
      [0.79360227589, 0.0033457289532, 0.0070844663017, 0.18078718796, 0.015180340895],
      [0.0021140238919, 0.65094249228, 0.32195618236, 0.024249856076, 0.00073744538521],
      [0.11226513388, 0.061985471927, 0.73139328054, 0.093657719955, 0.00069839370635],
      [0.0055946848309, 0.015719148712, 0.065573905137, 0.91192763648, 0.0011846248409],
      [0.11440760008, 0.040437067303, 0.2846354034, 0.23679228575, 0.32372764347],
      [0.04954111738, 0.18178074498, 0.075490778574, 0.21581118015, 0.47737617892]
    ],
    [
      [0.75698837646, 0.0029728236335, 0.00692596808, 0.21751439551, 0.015598436321],
      [0.0021342307522, 0.63068568105, 0.33505755118, 0.031303303313, 0.00081923370594],
      [0.10895849283, 0.056773395357, 0.71946563716, 0.11413436475, 0.00066810990105],
      [0.0045040371431, 0.011411206794, 0.054387650759, 0.92898022824, 0.00071687706112],
      [0.10579327675, 0.035349253725, 0.26702272423, 0.27386028213, 0.31797446317],
      [0.046185320307, 0.16028817132, 0.071401530122, 0.25147923725, 0.470645741]
    ],
    [
      [0.71927082909, 0.006397581063, 0.0092773387557, 0.24777404433, 0.01728020676],
      [0.00099294482558, 0.73687065033, 0.24224232433, 0.019319758774, 0.00057432174617],
      [0.077175948594, 0.092561097589, 0.73108891456, 0.098346027785, 0.00082801147458],
      [0.0029233901113, 0.020296984677, 0.063035836744, 0.91201231789, 0.0017314705771],
      [0.082783618701, 0.063478094063, 0.29886261873, 0.26040561729, 0.29447005122],
      [0.033414694217, 0.26723577914, 0.073895288598, 0.22115578929, 0.40429844876]
    ],
    [
      [0.85694125004, 0.0023912619538, 0.0038878863543, 0.12794937869, 0.0088302229568],
      [0.0028029756323, 0.70567419031, 0.2631213647, 0.027487205382, 0.0009142639722],
      [0.19623760549, 0.068681719012, 0.62348708497, 0.11046850413, 0.0011250863921],
      [0.0024731749611, 0.015998597381, 0.049778111524, 0.92893704706, 0.0028130690749],
      [0.1866839878, 0.041720985965, 0.22495265999, 0.25977247832, 0.28686988792],
      [0.081331873938, 0.18983909982, 0.060360746107, 0.23933358624, 0.42913469389]
    ],
    [
      [0.63461668135, 0.0036264639129, 0.0075935003097, 0.33688749221, 0.017275862209],
      [0.0014363307036, 0.64428163023, 0.31270031292, 0.0406960701, 0.00088565604423],
      [0.079444809638, 0.060580736146, 0.70391021474, 0.15508512896, 0.00097911051436],
      [0.0020598746574, 0.0088636611286, 0.038105112218, 0.94940923456, 0.001562117431],
      [0.072998546452, 0.035635307781, 0.24670869621, 0.35195898385, 0.2926984657],
      [0.031313332487, 0.15882903655, 0.064800884782, 0.31758802296, 0.42746872321]
    ],
    [
      [0.74699314838, 0.0029838295902, 0.0070889036072, 0.23424325786, 0.0086908605684],
      [0.0020952976522, 0.62171667304, 0.34212124113, 0.033610501831, 0.00045628635006],
      [0.10564807901, 0.05522280187, 0.71874834596, 0.11993789274, 0.00044288041994],
      [0.0039731530391, 0.010709558621, 0.052072409044, 0.9327847448, 0.00046013449865],
      [0.11881037941, 0.039812219921, 0.30934549695, 0.33332942918, 0.19870247454],
      [0.056765097936, 0.19703637131, 0.090525959262, 0.33486737117, 0.32080520032]
    ],
    [
      [0.71429445252, 0.0043438235053, 0.0076018679746, 0.26327326067, 0.01048659533],
      [0.0015513692642, 0.68879121642, 0.28061181395, 0.028584942982, 0.00046065738013],
      [0.091360035282, 0.073299626281, 0.71146406271, 0.12331121962, 0.00056505610917],
      [0.0034897523388, 0.01420613584, 0.049348678707, 0.93207528612, 0.00088014699638],
      [0.1002588165, 0.051492673712, 0.29808017195, 0.33515176617, 0.21501657167],
      [0.044513334469, 0.23736758473, 0.08105541919, 0.31316500712, 0.3238986545]
    ],
    [
      [0.6616984666, 0.0058852781125, 0.0088644470415, 0.30573207971, 0.017819728537],
      [0.0007160271214, 0.72034294915, 0.25226633215, 0.026003315167, 0.00067137641122],
      [0.073663983919, 0.086156693834, 0.71472686056, 0.12454729925, 0.00090516243702],
      [0.0011035194383, 0.016503048406, 0.049894403904, 0.93094298968, 0.0015560385714],
      [0.074071275924, 0.055308405339, 0.27387709444, 0.30830071825, 0.28844250604],
      [0.030296101543, 0.23496027325, 0.068806146996, 0.2658506945, 0.40008678371]
    ],
    [
      [0.57205992467, 0.0054165730337, 0.010631268446, 0.39752759424, 0.014364639602],
      [0, 0.6637838482, 0.30201744632, 0.033487511506, 0.00071119397497],
      [0.046888010253, 0.075409880236, 0.73774541228, 0.13925279453, 0.0007039026963],
      [0, 0.010797763219, 0.047746450663, 0.94001210774, 0.001443678382],
      [0.058711776759, 0.047253637812, 0.30416855392, 0.37252113379, 0.21734489772],
      [0.025932514413, 0.21703722234, 0.082583050791, 0.34718116159, 0.32726605087]
    ]
  ],
  "expected_outcome": [
    [
      [54.1013975608, 14.5462732253, 0.97071405577, 40.5348433654, 36.080435774, 21.6497949775, 18.2440597713, 23.0840623112, 104.0131965777, 32.3373523464, 0, 0.52794424869, 2.5920739736, 10.9863687764, 33.5255691962, 43.650828006, 58.2006085427, 14.970996155, 47.7269674482, 56.0736189655, 7.1463860885, 10.0101098303, 18.1302240391, 0, 0, 10.203453326, 41.2673183461, 68.8859422577, 24.455208189, 29.1360025014, 29.8269840236, 283.1104032343, 36.4290170786, 59.5528619937, 16.5897378155],
      [0.19742941128, 0.095196814963, 0.30631056285, 0.13594254631, 0.19507445342, 0.17024255783, 0.072743041846, 0.14466855201, 0.38137054549, 0.068705273272, 0, 0, 0.0089389893965, 0.10345327376, 0.19789735208, 0.11182726337, 0.24324110234, 0.14729196045, 0.1978221096, 0.30799249193, 0.0093691316963, 0.066983555596, 0.086083873221, 0.0036715309524, 0, 0.10339658752, 0.17397790557, 0.27052695065, 0.21751775614, 0.081302906429, 0.17044380391, 1.1308714147, 0.22153499877, 0.52967503013, 0.15708061798],
      [0.43391147084, 0.18019022583, 0.049274640499, 0.25664587536, 0.29591737428, 0.28269656213, 0.19721505789, 0.3119758429, 0.79660606065, 0.28220340146, 0, 0.0060905617271, 0.010328719219, 0.17891686751, 0.34345199498, 0.19132317499, 0.34186432245, 0.22326352498, 0.39167931683, 0.67254638206, 0.029155105028, 0.11521742281, 0.23266404684, 0.40431243012, 0, 0.16989958643, 0.36839224769, 0.63026309528, 0.31542951769, 0.13218813604, 0.35689451456, 2.6866944671, 0.3876952667, 0.79780023374, 0.30830678494],
      [6.6767766017, 4.9433892557, 0.64761533509, 13.663127805, 11.6930157941, 5.6131922886, 3.2653161349, 5.1997189024, 20.4118636121, 7.7736283718, 0, 0.45745090157, 0.38012247224, 4.6056147469, 8.2720085597, 6.6356791972, 15.942838639, 7.2870893239, 13.9877204554, 23.9015850671, 0.70427926234, 4.6267533497, 3.4232397663, 0.52608567521, 0, 2.3656785408, 9.4009337741, 19.7938099912, 8.4243175073, 4.3502788756, 15.8337121341, 88.7781947284, 13.4269362941, 27.5158871741, 11.5283002331],
      [0.59048495534, 0.23495047822, 0.02608540579, 0.4094404079, 0.73555660426, 0.28407361395, 0.22066599407, 0.25957439145, 1.3969632041, 0.53811060711, 0, 0.0085142880127, 0.0085358455018, 0.12564633551, 0.66107289702, 0.41034235839, 0.2714473935, 0.3713590357, 0.69581067001, 1.0442570934, 0.1108104124, 0.18093584155, 0.12778827455, 0.065930363715, 0, 0.15757195924, 0.78937772654, 1.4194577052, 0.58752702985, 0.30022758053, 0.81196552381, 3.2938361554, 0.53481636185, 1.6037755683, 0.41657454845]
    ],
    [
      [0.57364632916, 0.1162142852, 0, 0.37052131825, 0.16285945939, 0.29030912433, 0.43860620775, 0.24157789722, 0.25514889281, 0.16712344981, 0.040772179451, 0.18524232609, 0.015816242618, 0.048812132933, 0.18928472306, 0.40177427627, 0.26258323549, 0.029743282375, 0.22002979243, 0.19452194692, 0.041271108562, 0.028318739596, 0.31379857801, 0, 0, 0.050100311301, 0.16912191135, 0.20275192146, 0.096315648082, 0.08408926897, 0.12926976333, 1.5651873462, 0.22184580478, 0.24702935688, 0],
      [140.4199271051, 59.7044378656, 4.2530971702, 95.0341088783, 66.2413515209, 164.2741380345, 105.4657291273, 94.3886078888, 71.4269464137, 31.6278494901, 5.7929602393, 0, 7.1552574589, 46.9886924083, 81.7642830011, 47.7826261317, 76.3930851107, 32.7273353308, 69.3451634434, 81.9169874498, 5.5652343084, 15.283367685, 87.5322057935, 1.1375997872, 1.9798720699, 45.2794902447, 52.0753993826, 59.9151396999, 71.4764530818, 21.1702257093, 57.9853467211, 464.4223547596, 98.4971439486, 248.5183174561, 155.3254204787],
      [78.2127950972, 26.0321286678, 0.68418479235, 42.9436658557, 23.7918708534, 62.426375466, 70.3526763957, 48.7180762043, 34.5852821591, 25.0706799163, 2.0248081072, 1.5605119001, 1.6557227727, 18.5279099296, 32.6458967913, 18.7534052485, 26.7916405637, 11.140397742, 32.0006760978, 41.4462086207, 3.103112429, 5.9885507854, 59.2021634905, 0.7742540216, 0, 16.7785344716, 25.7564945891, 31.8304673618, 23.4975054596, 7.8936409411, 28.1430281627, 255.5645671231, 40.1274893948, 87.0318845925, 70.6720824387],
      [3.5655193205, 2.100869452, 0.044423835662, 6.5693714451, 2.7349591747, 3.8901590611, 3.5669579693, 2.5801792652, 2.6560939231, 2.0748608984, 0.13653493535, 0.24510676571, 0.16922425786, 1.4345855292, 2.3278837288, 2.0621943436, 3.5526910901, 1.0729751898, 3.3636243966, 4.3610499294, 0.27500078163, 0.6848903116, 2.9509047022, 0.088010798945, 0.020127930122, 0.84572882097, 1.9399884861, 2.9738138148, 1.8740166011, 0.82461616147, 3.662646309, 25.1070448676, 4.0876468464, 8.9711437327, 7.8360776925],
      [0.22811214803, 0.046349729423, 0.018294201753, 0.082332502693, 0.068958991554, 0.119018314, 0.17603030009, 0.0715587445, 0.076528611351, 0.059486245372, 0.0049245387049, 0.0091390081124, 0.0039792678834, 0, 0.072651755824, 0, 0, 0.029548455059, 0.070506269808, 0.081232053202, 0.01538137241, 0.014872478414, 0.00092743581429, 0.00013539229381, 0, 0.046146151397, 0.058995630817, 0.077827202064, 0.055709209378, 0.027427919166, 0.079709043981, 0.3408459035, 0.065874005359, 0.23162486187, 0.16641939014]
    ],
    [
      [29.9085453946, 9.0135627197, 0, 19.3419790976, 10.6925841409, 17.9429255073, 14.8404267421, 10.6688580806, 39.7853276764, 16.7264055452, 1.0067030468, 0.17027390104, 1.9171076141, 6.5778685221, 17.6789506741, 20.391637276, 14.1385235687, 3.5725832609, 21.1877110124, 25.486544875, 8.1951676122, 2.4084574208, 9.6463071092, 0, 0, 5.0843898996, 19.9831938301, 29.8546270349, 8.5665302939, 9.8118802747, 10.4867148722, 112.5152041436, 14.0694454334, 28.2133058411, 6.0954413329],
      [14.2560594203, 7.9053115502, 1.3245633166, 8.6306025032, 7.6470424221, 18.8103696793, 7.7554827808, 8.9104867882, 18.9254710447, 5.4290083065, 0.7355075959, 0, 1.1539654124, 8.3857120158, 13.8657164257, 6.8102883653, 7.6324482291, 4.829477838, 11.5777164917, 18.3952833182, 1.5373824231, 2.2495738739, 6.0512530404, 0.29809572044, 0, 7.1817978769, 11.0334140029, 15.5559103278, 10.2742818323, 3.4340859506, 7.9966571713, 58.8122839915, 11.2881424472, 32.9980137386, 9.8032844307],
      [188.775868596, 82.6649027013, 7.1290989981, 92.9947985319, 65.7774484686, 171.8263671515, 122.3121100611, 110.2707022897, 217.6269872629, 105.857711037, 7.3356153027, 2.9191528447, 7.5928181706, 79.6799259475, 132.3165419049, 64.0088565741, 63.9605487947, 40.0048780159, 127.364225725, 221.3257931232, 21.9587212745, 22.0314757103, 97.2205677793, 6.5296714097, 0, 65.9000445578, 130.1880039352, 197.1335845815, 81.150869516, 31.1743542485, 92.9161483461, 765.4669884452, 109.5654656569, 273.7403875932, 95.9069035967],
      [13.7869899259, 11.3448098511, 0.48655542166, 23.9466181795, 12.7906864703, 17.2784333324, 9.9527617285, 9.0765223367, 28.4177828356, 14.8604304541, 0.91403964543, 0.87827255815, 1.3284173042, 10.3564935146, 15.9976458739, 11.7892177846, 14.2684794075, 6.5437480597, 22.731907018, 39.5709649513, 3.2846907977, 4.2834548552, 7.0757420894, 1.1722328699, 0, 4.75098591, 16.671074152, 31.2728159428, 10.9164090841, 5.5234252066, 20.4712370224, 127.7338557725, 18.9899278217, 47.7016156138, 18.1028632892],
      [0.27253666318, 0.071413177786, 0.059782263608, 0.086001687766, 0.092238498065, 0.14190432953, 0.13921868755, 0.073430504835, 0.24443118039, 0.12644465722, 0.0081344091687, 0.032300696065, 0.0076914987207, 0, 0.14114512137, 0, 0, 0.049312825535, 0.13843975293, 0.22141373218, 0.024037892479, 0.027038139841, 0.0061299817292, 0, 0, 0.082781755674, 0.12431407973, 0.18306211289, 0.091909273678, 0.056254319607, 0.1292425879, 0.47166764724, 0.087018640812, 0.34667721338, 0.091507350518]
    ],
    [
      [7.7498351472, 1.5168729118, 0, 4.1197412754, 2.8408956898, 2.6602289019, 3.3728215882, 2.2702363857, 5.414195026, 2.4128709043, 0.35730774798, 0, 0.23394562193, 0.042778920998, 3.9738978609, 2.7501347547, 2.6940079235, 0.22505113904, 3.9264093616, 3.4045284451, 0.15319586623, 0.42927646236, 2.9169391172, 0, 0, 1.279995289, 3.0882660266, 3.9320244259, 1.8008083086, 0.62076691523, 1.7385342108, 21.8483685622, 2.1810952117, 1.5504448108, 0],
      [18.5323381447, 7.3621572306, 0.11176943666, 9.3053815536, 10.6398345211, 13.2399899677, 8.799140475, 8.7639323223, 15.7615701362, 2.4712083844, 0.38697429389, 0, 0.89913338104, 8.5212785051, 14.9026105436, 8.0624147211, 10.3379889273, 4.3416203179, 11.6859291477, 14.4217244839, 1.2956500463, 1.9555345687, 8.9495231043, 0, 0.020127930122, 8.6143633606, 8.6769700888, 9.9619835309, 12.5029425613, 4.0156479426, 7.4809299926, 58.8918628592, 8.8788348998, 23.1867830104, 7.1805125405],
      [81.7637148748, 28.0294164788, 2.3878286068, 33.8137428115, 30.9174995436, 47.4707077272, 42.7284277532, 37.149872881, 65.1847063384, 27.8236355015, 1.2020455703, 0, 1.9824270693, 31.4373824118, 52.9209855902, 26.5132647808, 27.5855871985, 13.5147753015, 46.0108984697, 63.7711280705, 7.5357797666, 6.410595534, 42.4392356328, 0.60880686732, 0, 32.4398639591, 36.1967956358, 47.4804191129, 38.8300754341, 12.4943059924, 32.1607147121, 286.3461773342, 30.8429241916, 70.1016374857, 31.7513896912],
      [679.128894745, 419.4584938719, 17.2008434944, 1066.8039050124, 679.6185975693, 518.7166376056, 402.8944924874, 347.2183759438, 911.9235391539, 417.5169629881, 22.0160495501, 11.7193256056, 42.7994689485, 433.9985601621, 694.9839541856, 507.6741857435, 709.3824159507, 238.3917940871, 899.0842253287, 1230.7044614122, 107.0114299394, 142.8857158031, 363.6503984611, 22.3911931327, 8.9798720699, 263.5870170297, 503.3840553366, 810.9997392559, 561.7995878205, 233.1631988119, 801.3013939727, 5129.3833116364, 582.5470538241, 1307.9749005002, 625.1080516443],
      [2.8252170883, 0.63305950693, 0.29955846219, 0.95722934718, 0.9831726762, 0.91243579752, 1.2051176961, 0.59758246718, 1.7159893455, 0.77532222165, 0.037622837789, 0.28067439437, 0.085024979254, 0, 1.2185518198, 0, 0, 0.52675915445, 1.2925376924, 1.6981575883, 0.0039443815734, 0.31887763183, 0.043903684618, 0, 0, 1.0787603616, 0.65391291219, 0.62583367436, 1.0665858755, 0.70608033779, 1.3184271118, 2.5302796081, 0.55009187274, 2.1862341928, 0.96004612403]
    ],
    [
      [14.041361817, 4.9212702905, 0.029285944228, 9.5453957443, 4.0862363218, 7.0778314396, 7.2141016544, 6.415354736, 13.3733631602, 5.4367893518, 0.42328825743, 0.081757504324, 1.1588426419, 4.3911948745, 9.1667284162, 4.2139804294, 6.1252915241, 1.4607062213, 9.4972963409, 11.4034881884, 2.199293865, 0.81035955073, 2.9787657547, 0, 0, 1.8492306431, 5.2627496037, 13.7531259775, 5.546502453, 6.7206235609, 4.1609171477, 59.6428104617, 6.5168230723, 11.4069764924, 2.4071828471],
      [4.2848645552, 2.7597492238, 0.16077013179, 2.7275273528, 1.8694735161, 4.785540853, 2.4013883009, 3.4354069093, 4.0678018609, 1.1476387169, 0.20136093471, 0, 0.43380364972, 2.9173923492, 4.6070684165, 0.91071474498, 2.1179764083, 1.2579916715, 3.3228739004, 5.2710859614, 0.26181229635, 0.48183488453, 1.1861608549, 0.016414061621, 0, 1.6911887189, 1.8601050959, 4.5954029842, 4.2530323022, 1.5019554947, 2.0312125435, 19.9857344003, 3.3470237913, 8.5174944222, 1.9373991503],
      [33.9286494137, 17.1965504615, 0.47163977501, 17.5221755615, 9.5837632489, 25.901897114, 22.761334999, 25.3554605109, 27.9207242628, 13.125982582, 1.1551827214, 0.45508488898, 1.6835040074, 16.4948344921, 26.2057831929, 5.0938688716, 10.588879613, 6.1862354104, 21.7991313496, 37.8319305843, 2.2089732072, 2.7928781288, 11.5073838313, 0.19079658342, 0, 9.1066811287, 13.0932285563, 34.7129541497, 20.0237954551, 8.0982957597, 14.0623956841, 155.2914394706, 19.3752111769, 42.1770725444, 12.4709107108],
      [15.6791546123, 15.3365269614, 0.20494184342, 29.1599941649, 12.083183058, 16.6686203104, 11.8079609586, 13.2094131387, 23.6556532481, 11.9152835912, 1.0407009471, 1.1541145938, 2.0120637447, 13.8609217694, 20.514253283, 6.0519218716, 15.2891597267, 6.6134230775, 25.1969571965, 43.7781314117, 2.1699423736, 3.5890046589, 5.1825752074, 0.23086298843, 0, 4.0136293208, 10.8924451445, 35.6018366763, 17.4471763583, 9.3518092197, 20.0616620796, 167.3313734502, 21.784864801, 47.4783106113, 15.2733664854],
      [22.0659696018, 11.7859030629, 0.13336230555, 14.0449071764, 12.3773438553, 13.566110283, 12.8152140871, 10.5843647052, 25.9824574681, 13.3743057581, 1.1794671394, 0.30904301287, 0.71178595624, 5.3356565149, 26.5061666915, 28.7295140825, 6.878692728, 5.4816436193, 20.1837412126, 30.7153638543, 6.1599782578, 2.3259227771, 3.1451143517, 0.56192636653, 0, 4.3392701885, 14.8914715995, 41.3366802122, 19.7294934315, 10.327315965, 16.6838125451, 99.7486422172, 13.9760771585, 44.4201459298, 8.9111408064]
    ],
    [
      [2.6252137512, 0.88580656747, 0, 3.087519199, 1.1369886142, 1.3789100494, 1.8899840362, 1.3199105893, 6.1587686669, 1.9194584025, 0.17192876831, 0.034782019848, 0.082213905761, 0.95297677306, 1.4655691296, 0.59164525762, 2.5789852056, 0.7409199414, 2.4415860445, 2.4372975791, 0.26468545944, 0.3134779962, 1.0139654018, 0, 0, 0.53283053088, 2.2293502821, 3.3715283824, 0.53463510748, 1.6266374788, 0.65757998223, 12.318026252, 2.5817733992, 4.0293815052, 0.90763800447],
      [8.3093813635, 5.1731473149, 1.8434893819, 9.1664371658, 5.4072235665, 9.7197189077, 6.5055162743, 7.3568975394, 19.4368399991, 4.2555898288, 0.88319693625, 0, 0.34890110854, 8.083471448, 7.662424261, 1.3221287736, 9.2752602223, 6.6962828813, 8.8704949072, 11.6869262948, 0.33055179425, 1.9627054323, 4.1947733337, 0.54421889982, 0, 5.1297632113, 8.1801335241, 11.7010365064, 4.2757724662, 3.7967819963, 3.3354097677, 42.7568925747, 13.7673199143, 31.2497163426, 7.5963027818],
      [3.8850605474, 1.8968114648, 0.27797318724, 3.4689713641, 1.6335005111, 3.0919559792, 3.6482357332, 3.1939122712, 7.8856939162, 2.8397875618, 0.28234829842, 0.059159804459, 0.075199260744, 2.6810303515, 2.5673405259, 0.43928135008, 2.7314795076, 1.9304500052, 3.4333890412, 4.9523932192, 0.16425821763, 0.66128241864, 2.3979852192, 0.49215868786, 0, 1.6049762964, 3.3970850358, 5.2123116989, 1.1823246176, 1.2072149221, 1.3608185804, 19.6441331598, 4.701214313, 9.1512175505, 2.8904067777],
      [6.1626647946, 5.8159106081, 0.41562006979, 19.8569833931, 7.0795579336, 6.8329574018, 6.5125107212, 5.7157904133, 22.9350672273, 8.8588336963, 0.89267492209, 0.54572957512, 0.31070327256, 7.7438242779, 6.9042543691, 1.7868010595, 13.564415186, 7.0909702622, 13.6355656048, 19.6838072283, 0.55465684534, 2.9301810216, 3.7171397737, 1.5916145349, 0, 2.4369603778, 9.7115031067, 18.357984319, 3.5384926287, 4.7866717249, 6.6693484823, 72.6662195449, 18.1635704128, 35.3581423679, 12.1513406556],
      [14.0176795434, 7.2283240448, 0.46291736111, 15.420088878, 11.7427293746, 8.976457662, 11.4437532351, 7.4134891869, 40.5836301906, 16.1263305106, 1.7698510749, 0.36032860057, 0.1829824524, 5.5386971496, 14.4004117145, 13.8601435592, 9.8498598785, 9.54137691, 17.6189644022, 22.2395756786, 2.6858476833, 3.1323531313, 3.6761362716, 6.3720078775, 0, 4.2954695836, 21.4819280512, 34.3571390932, 6.4687751801, 8.5826938779, 8.9768431874, 69.6147284686, 18.7861219607, 53.2115422339, 11.4543117805]
    ]
  ],
  "prob": [
    [0.7521056591, 0.0037367125597, 0.0075215977749, 0.22474052958, 0.01189550099],
    [0.0017920278457, 0.65958810301, 0.31050972874, 0.02751735721, 0.00059278319664],
    [0.10108782134, 0.065184338467, 0.7239745407, 0.10908389957, 0.00066939992721],
    [0.0040066954458, 0.014135300518, 0.056973683731, 0.92369459857, 0.0011897217339],
    [0.11010420687, 0.045501999329, 0.30188277079, 0.29369787217, 0.24881315085],
    [0.04952921099, 0.21176749933, 0.083167462385, 0.27774939827, 0.37778642902]
  ],
  "iterations": 130,
  "time": 5.045784,
  "message": "Converged",
  "status": 0,
  "miniter": 0,
  "maxiter": 1000,
  "maxtime": 3600,
  "param_threshold": 0.001,
  "ll_threshold": "-Inf",
  "initial_prob": "random",
  "adjust_prob_cond_method": "project_lp",
  "adjust_prob_cond_every": true,
  "candidates_id": ["PERKIN, Melissa Mary.c", "STANSFIELD, Brett Thomas.c", "SZABO, Claire Elizabeth.c", "BARRY, Margaret Mary.c", "Other candidates votes.c"],
  "group_id": ["Conservative.p", "Green Party.p", "Labour Party.p", "National Party.p", "New Zealand First Party.p", "Other parties votes.p"]
}
