{
  "Z_true": {},
  "V_true": [
    [387, 53, 423, 19, 47],
    [354, 72, 16038, 502, 459],
    [136, 2660, 396, 117, 234],
    [79, 111, 707, 50, 493],
    [74, 122, 613, 168, 491]
  ],
  "p_true": [
    [0.4166, 0.0571, 0.4553, 0.0205, 0.0506],
    [0.0203, 0.0041, 0.9204, 0.0288, 0.0263],
    [0.0384, 0.7508, 0.1118, 0.033, 0.066],
    [0.0549, 0.0771, 0.491, 0.0347, 0.3424],
    [0.0504, 0.0831, 0.4176, 0.1144, 0.3345]
  ],
  "Z_est": [
    [
      [8.886, 5.924, 1.7772, 7.405, 5.0354, 5.0354, 1.7772, 5.924, 6.8126, 2.962, 4.1468, 0.8886, 3.5544, 28.7314, 38.2098, 34.9516, 8.5898, 4.1468, 5.0354, 8.886, 4.443, 0.2962, 2.0734, 7.7012, 4.1468, 0.8886, 36.7288, 4.443, 0.2962, 2.962, 20.734, 1.7772],
      [6.585, 4.39, 1.317, 5.4875, 3.7315, 3.7315, 1.317, 4.39, 5.0485, 2.195, 3.073, 0.6585, 2.634, 21.2915, 28.3155, 25.901, 6.3655, 3.073, 3.7315, 6.585, 3.2925, 0.2195, 1.5365, 5.707, 3.073, 0.6585, 27.218, 3.2925, 0.2195, 2.195, 15.365, 1.317],
      [6.432, 4.288, 1.2864, 5.36, 3.6448, 3.6448, 1.2864, 4.288, 4.9312, 2.144, 3.0016, 0.6432, 2.5728, 20.7968, 27.6576, 25.2992, 6.2176, 3.0016, 3.6448, 6.432, 3.216, 0.2144, 1.5008, 5.5744, 3.0016, 0.6432, 26.5856, 3.216, 0.2144, 2.144, 15.008, 1.2864],
      [2.706, 1.804, 0.5412, 2.255, 1.5334, 1.5334, 0.5412, 1.804, 2.0746, 0.902, 1.2628, 0.2706, 1.0824, 8.7494, 11.6358, 10.6436, 2.6158, 1.2628, 1.5334, 2.706, 1.353, 0.0902, 0.6314, 2.3452, 1.2628, 0.2706, 11.1848, 1.353, 0.0902, 0.902, 6.314, 0.5412],
      [5.394, 3.596, 1.0788, 4.495, 3.0566, 3.0566, 1.0788, 3.596, 4.1354, 1.798, 2.5172, 0.5394, 2.1576, 17.4406, 23.1942, 21.2164, 5.2142, 2.5172, 3.0566, 5.394, 2.697, 0.1798, 1.2586, 4.6748, 2.5172, 0.5394, 22.2952, 2.697, 0.1798, 1.798, 12.586, 1.0788]
    ],
    [
      [5.0211, 4.6053, 0.0945, 4.8069, 3.5091, 3.906, 2.016, 4.6242, 4.7187, 1.2789, 5.0148, 1.5435, 4.2525, 2.9358, 2.2428, 1.7199, 2.9232, 4.6872, 5.2857, 3.8052, 3.6477, 0.3906, 1.3797, 2.5074, 1.3797, 0.1071, 16.7139, 1.2096, 0.0882, 3.0366, 9.9729, 0.3528],
      [5.4196, 4.9708, 0.102, 5.1884, 3.7876, 4.216, 2.176, 4.9912, 5.0932, 1.3804, 5.4128, 1.666, 4.59, 3.1688, 2.4208, 1.8564, 3.1552, 5.0592, 5.7052, 4.1072, 3.9372, 0.4216, 1.4892, 2.7064, 1.4892, 0.1156, 18.0404, 1.3056, 0.0952, 3.2776, 10.7644, 0.3808],
      [769.6629, 705.9267, 14.4855, 736.8291, 537.8949, 598.734, 309.024, 708.8238, 723.3093, 196.0371, 768.6972, 236.5965, 651.8475, 450.0162, 343.7892, 263.6361, 448.0848, 718.4808, 810.2223, 583.2828, 559.1403, 59.8734, 211.4883, 384.3486, 211.4883, 16.4169, 2562.0021, 185.4144, 13.5198, 465.4674, 1528.7031, 54.0792],
      [8.1294, 7.4562, 0.153, 7.7826, 5.6814, 6.324, 3.264, 7.4868, 7.6398, 2.0706, 8.1192, 2.499, 6.885, 4.7532, 3.6312, 2.7846, 4.7328, 7.5888, 8.5578, 6.1608, 5.9058, 0.6324, 2.2338, 4.0596, 2.2338, 0.1734, 27.0606, 1.9584, 0.1428, 4.9164, 16.1466, 0.5712],
      [8.767, 8.041, 0.165, 8.393, 6.127, 6.82, 3.52, 8.074, 8.239, 2.233, 8.756, 2.695, 7.425, 5.126, 3.916, 3.003, 5.104, 8.184, 9.229, 6.644, 6.369, 0.682, 2.409, 4.378, 2.409, 0.187, 29.183, 2.112, 0.154, 5.302, 17.413, 0.616]
    ],
    [
      [6.3602, 9.6642, 0.6608, 9.7468, 7.6818, 4.543, 3.7996, 5.1212, 6.7732, 1.5694, 3.7996, 1.1564, 2.6432, 27.3406, 34.6094, 36.8396, 9.912, 4.956, 4.13, 11.564, 2.5606, 0.5782, 4.7908, 11.3988, 6.4428, 0.5782, 40.474, 4.0474, 0.3304, 3.717, 22.3846, 2.478],
      [51.5669, 78.3549, 5.3576, 79.0246, 62.2821, 36.8335, 30.8062, 41.5214, 54.9154, 12.7243, 30.8062, 9.3758, 21.4304, 221.6707, 280.6043, 298.6862, 80.364, 40.182, 33.485, 93.758, 20.7607, 4.6879, 38.8426, 92.4186, 52.2366, 4.6879, 328.153, 32.8153, 2.6788, 30.1365, 181.4887, 20.091],
      [9.4787, 14.4027, 0.9848, 14.5258, 11.4483, 6.7705, 5.6626, 7.6322, 10.0942, 2.3389, 5.6626, 1.7234, 3.9392, 40.7461, 51.5789, 54.9026, 14.772, 7.386, 6.155, 17.234, 3.8161, 0.8617, 7.1398, 16.9878, 9.6018, 0.8617, 60.319, 6.0319, 0.4924, 5.5395, 33.3601, 3.693],
      [3.5112, 5.3352, 0.3648, 5.3808, 4.2408, 2.508, 2.0976, 2.8272, 3.7392, 0.8664, 2.0976, 0.6384, 1.4592, 15.0936, 19.1064, 20.3376, 5.472, 2.736, 2.28, 6.384, 1.4136, 0.3192, 2.6448, 6.2928, 3.5568, 0.3192, 22.344, 2.2344, 0.1824, 2.052, 12.3576, 1.368],
      [6.0753, 9.2313, 0.6312, 9.3102, 7.3377, 4.3395, 3.6294, 4.8918, 6.4698, 1.4991, 3.6294, 1.1046, 2.5248, 26.1159, 33.0591, 35.1894, 9.468, 4.734, 3.945, 11.046, 2.4459, 0.5523, 4.5762, 10.8882, 6.1542, 0.5523, 38.661, 3.8661, 0.3156, 3.5505, 21.3819, 2.367]
    ],
    [
      [7.803, 6.647, 0.7225, 9.9705, 5.202, 7.225, 2.89, 6.358, 7.3695, 1.5895, 4.624, 1.8785, 6.5025, 11.849, 14.3055, 13.872, 5.0575, 6.5025, 7.0805, 9.6815, 3.757, 0.289, 1.0115, 9.1035, 3.468, 0.1445, 34.2465, 1.8785, 0.7225, 2.89, 12.716, 0.7225],
      [6.3774, 5.4326, 0.5905, 8.1489, 4.2516, 5.905, 2.362, 5.1964, 6.0231, 1.2991, 3.7792, 1.5353, 5.3145, 9.6842, 11.6919, 11.3376, 4.1335, 5.3145, 5.7869, 7.9127, 3.0706, 0.2362, 0.8267, 7.4403, 2.8344, 0.1181, 27.9897, 1.5353, 0.5905, 2.362, 10.3928, 0.5905],
      [12.6522, 10.7778, 1.1715, 16.1667, 8.4348, 11.715, 4.686, 10.3092, 11.9493, 2.5773, 7.4976, 3.0459, 10.5435, 19.2126, 23.1957, 22.4928, 8.2005, 10.5435, 11.4807, 15.6981, 6.0918, 0.4686, 1.6401, 14.7609, 5.6232, 0.2343, 55.5291, 3.0459, 1.1715, 4.686, 20.6184, 1.1715],
      [8.5806, 7.3094, 0.7945, 10.9641, 5.7204, 7.945, 3.178, 6.9916, 8.1039, 1.7479, 5.0848, 2.0657, 7.1505, 13.0298, 15.7311, 15.2544, 5.5615, 7.1505, 7.7861, 10.6463, 4.1314, 0.3178, 1.1123, 10.0107, 3.8136, 0.1589, 37.6593, 2.0657, 0.7945, 3.178, 13.9832, 0.7945],
      [18.5868, 15.8332, 1.721, 23.7498, 12.3912, 17.21, 6.884, 15.1448, 17.5542, 3.7862, 11.0144, 4.4746, 15.489, 28.2244, 34.0758, 33.0432, 12.047, 15.489, 16.8658, 23.0614, 8.9492, 0.6884, 2.4094, 21.6846, 8.2608, 0.3442, 81.5754, 4.4746, 1.721, 6.884, 30.2896, 1.721]
    ],
    [
      [11.9168, 4.8944, 0.2128, 5.1072, 4.6816, 5.852, 3.2984, 5.32, 4.5752, 1.7024, 4.6816, 2.2344, 3.9368, 6.5968, 7.98, 9.7888, 4.1496, 3.8304, 4.6816, 6.1712, 3.192, 0.8512, 2.66, 3.724, 3.4048, 0.1064, 20.9608, 2.128, 0.2128, 2.7664, 13.4064, 1.1704],
      [12.2192, 5.0186, 0.2182, 5.2368, 4.8004, 6.0005, 3.3821, 5.455, 4.6913, 1.7456, 4.8004, 2.2911, 4.0367, 6.7642, 8.1825, 10.0372, 4.2549, 3.9276, 4.8004, 6.3278, 3.273, 0.8728, 2.7275, 3.8185, 3.4912, 0.1091, 21.4927, 2.182, 0.2182, 2.8366, 13.7466, 1.2001],
      [25.8608, 10.6214, 0.4618, 11.0832, 10.1596, 12.6995, 7.1579, 11.545, 9.9287, 3.6944, 10.1596, 4.8489, 8.5433, 14.3158, 17.3175, 21.2428, 9.0051, 8.3124, 10.1596, 13.3922, 6.927, 1.8472, 5.7725, 8.0815, 7.3888, 0.2309, 45.4873, 4.618, 0.4618, 6.0034, 29.0934, 2.5399],
      [16.5088, 6.7804, 0.2948, 7.0752, 6.4856, 8.107, 4.5694, 7.37, 6.3382, 2.3584, 6.4856, 3.0954, 5.4538, 9.1388, 11.055, 13.5608, 5.7486, 5.3064, 6.4856, 8.5492, 4.422, 1.1792, 3.685, 5.159, 4.7168, 0.1474, 29.0378, 2.948, 0.2948, 3.8324, 18.5724, 1.6214],
      [45.5056, 18.6898, 0.8126, 19.5024, 17.8772, 22.3465, 12.5953, 20.315, 17.4709, 6.5008, 17.8772, 8.5323, 15.0331, 25.1906, 30.4725, 37.3796, 15.8457, 14.6268, 17.8772, 23.5654, 12.189, 3.2504, 10.1575, 14.2205, 13.0016, 0.4063, 80.0411, 8.126, 0.8126, 10.5638, 51.1938, 4.4693]
    ]
  ],
  "V_est": [
    [275.1698, 203.9155, 199.1776, 83.7958, 167.0342],
    [109.7775, 118.49, 16827.3225, 177.735, 191.675],
    [292.6518, 2372.7471, 436.1433, 161.5608, 279.5427],
    [208.08, 170.064, 337.392, 228.816, 495.648],
    [156.1952, 160.1588, 338.9612, 216.3832, 596.4484]
  ],
  "p_est": [
    [0.2962, 0.2195, 0.2144, 0.0902, 0.1798],
    [0.0063, 0.0068, 0.9657, 0.0102, 0.011],
    [0.0826, 0.6697, 0.1231, 0.0456, 0.0789],
    [0.1445, 0.1181, 0.2343, 0.1589, 0.3442],
    [0.1064, 0.1091, 0.2309, 0.1474, 0.4063]
  ],
  "EI_Z": {},
  "EI_V": 8.4753,
  "MAE_Z": {},
  "MAE_V": 168.1846,
  "MAE_p": 0.0747,
  "runtime": 89.451
}
