{
  "X": [
    [3, 4, 31, 23, 5],
    [13, 39, 181, 95, 19],
    [4, 4, 11, 18, 1],
    [2, 1, 5, 15, 1],
    [15, 71, 247, 258, 18],
    [15, 31, 153, 196, 16],
    [8, 11, 84, 66, 6],
    [1, 2, 10, 13, 1],
    [1, 0, 2, 4, 0],
    [1, 1, 6, 14, 0],
    [11, 40, 175, 243, 16],
    [25, 80, 448, 257, 21],
    [5, 13, 61, 57, 2],
    [13, 22, 107, 188, 11],
    [6, 25, 83, 86, 7],
    [1, 6, 9, 18, 2],
    [1, 6, 12, 18, 4],
    [7, 26, 136, 96, 13],
    [14, 29, 154, 62, 9],
    [26, 17, 131, 77, 11],
    [3, 3, 27, 7, 2],
    [2, 4, 30, 16, 1],
    [2, 21, 64, 79, 8],
    [16, 30, 151, 298, 16],
    [35, 40, 234, 298, 26],
    [15, 43, 229, 251, 10],
    [32, 60, 199, 322, 25],
    [1, 4, 15, 28, 1],
    [2, 33, 76, 248, 10],
    [1, 5, 10, 86, 0],
    [2, 7, 8, 14, 4],
    [10, 21, 87, 45, 8],
    [5, 22, 123, 75, 5],
    [10, 21, 94, 94, 7],
    [4, 9, 27, 34, 3],
    [6, 13, 76, 93, 25],
    [14, 29, 124, 99, 13],
    [18, 38, 185, 272, 15],
    [13, 60, 209, 611, 21],
    [17, 30, 164, 222, 18],
    [6, 9, 81, 95, 8],
    [5, 3, 40, 130, 3],
    [0, 3, 4, 9, 1],
    [47, 54, 341, 203, 26],
    [23, 41, 228, 224, 39],
    [23, 22, 254, 330, 33],
    [70, 55, 454, 764, 39],
    [17, 20, 116, 169, 19],
    [2, 7, 17, 22, 2],
    [10, 13, 84, 61, 7],
    [1, 3, 23, 7, 1],
    [7, 12, 40, 35, 4],
    [16, 37, 161, 174, 9],
    [2, 9, 18, 34, 0],
    [7, 8, 65, 43, 5],
    [37, 71, 368, 527, 29],
    [10, 35, 98, 247, 9],
    [12, 26, 154, 151, 8],
    [13, 20, 109, 239, 8],
    [26, 73, 387, 553, 18],
    [1, 13, 31, 41, 4],
    [0, 10, 9, 16, 0],
    [32, 61, 264, 185, 25],
    [11, 29, 116, 66, 12],
    [13, 40, 249, 161, 12],
    [1, 7, 34, 18, 0],
    [0, 3, 5, 0, 0],
    [1, 10, 19, 19, 3],
    [0, 1, 2, 2, 0],
    [317, 592, 3348, 3905, 274],
    [37, 110, 414, 402, 52],
    [112, 373, 973, 1271, 122],
    [6, 109, 242, 247, 14]
  ],
  "W": [
    [2, 5, 24, 27, 5, 3],
    [5, 65, 130, 99, 26, 22],
    [0, 5, 11, 17, 4, 1],
    [0, 2, 4, 16, 1, 1],
    [13, 184, 124, 250, 30, 8],
    [13, 76, 95, 179, 37, 11],
    [6, 20, 71, 66, 10, 2],
    [2, 3, 8, 12, 2, 0],
    [0, 0, 2, 4, 0, 1],
    [0, 5, 2, 15, 0, 0],
    [18, 84, 119, 235, 16, 13],
    [20, 192, 272, 258, 48, 41],
    [4, 30, 35, 63, 2, 4],
    [6, 57, 62, 187, 18, 11],
    [4, 63, 39, 85, 10, 6],
    [0, 10, 4, 19, 1, 2],
    [1, 6, 10, 20, 1, 3],
    [9, 53, 91, 97, 18, 10],
    [1, 46, 120, 66, 20, 15],
    [11, 38, 93, 76, 36, 8],
    [1, 14, 17, 4, 4, 2],
    [0, 8, 23, 14, 7, 1],
    [9, 43, 34, 79, 5, 4],
    [13, 60, 101, 287, 42, 8],
    [22, 72, 172, 290, 61, 16],
    [10, 94, 135, 261, 37, 11],
    [22, 103, 129, 318, 51, 15],
    [6, 2, 8, 27, 5, 1],
    [13, 49, 50, 238, 10, 9],
    [1, 8, 8, 82, 1, 2],
    [0, 8, 7, 14, 4, 2],
    [5, 31, 67, 49, 9, 10],
    [2, 69, 62, 77, 14, 6],
    [11, 59, 59, 74, 15, 8],
    [6, 11, 24, 31, 5, 0],
    [11, 19, 72, 86, 18, 7],
    [17, 39, 101, 93, 21, 8],
    [19, 62, 129, 269, 41, 8],
    [15, 119, 120, 608, 36, 16],
    [13, 43, 123, 226, 31, 15],
    [5, 21, 67, 90, 12, 4],
    [6, 10, 33, 123, 9, 0],
    [2, 3, 4, 8, 0, 0],
    [21, 84, 250, 198, 86, 32],
    [26, 43, 176, 231, 57, 22],
    [34, 45, 186, 330, 51, 16],
    [57, 116, 321, 709, 145, 34],
    [9, 26, 94, 168, 31, 13],
    [2, 11, 10, 24, 1, 2],
    [10, 23, 61, 60, 18, 3],
    [0, 8, 13, 8, 3, 3],
    [7, 13, 35, 31, 8, 4],
    [10, 76, 99, 174, 32, 6],
    [0, 8, 16, 33, 2, 4],
    [5, 15, 44, 45, 15, 4],
    [39, 146, 236, 506, 74, 31],
    [8, 56, 66, 230, 29, 10],
    [3, 77, 72, 159, 22, 18],
    [17, 54, 60, 222, 30, 6],
    [28, 184, 236, 530, 49, 30],
    [7, 24, 17, 36, 3, 3],
    [0, 7, 8, 18, 1, 1],
    [13, 104, 185, 187, 49, 29],
    [3, 37, 93, 76, 13, 12],
    [23, 74, 181, 143, 35, 19],
    [0, 12, 26, 17, 2, 3],
    [0, 2, 4, 0, 1, 1],
    [3, 6, 18, 18, 7, 0],
    [0, 0, 2, 1, 2, 0],
    [269, 1291, 2199, 3801, 634, 242],
    [25, 161, 300, 407, 70, 52],
    [86, 475, 722, 1245, 199, 124],
    [13, 219, 117, 232, 9, 28]
  ],
  "method": "mvn_pdf",
  "cond_prob": [
    [
      [0.02469451665, 0.027461936526, 0.37289251775, 0.25560381094, 0.31934721813],
      [0.0013475870665, 0.24971527311, 0.70656957307, 0.039493277369, 0.0028742893802],
      [0.032454782461, 0.041669645447, 0.81491213715, 0.009926815586, 0.10103661935],
      [0.0050479662169, 0.022609554498, 0.13967322218, 0.80001600851, 0.03265324859],
      [0.31149112803, 0.013946148542, 0.47250252079, 0.061534680547, 0.14052552209],
      [0.033400332454, 0.2517231522, 0.50948996853, 0.0044356846278, 0.20095086219]
    ],
    [
      [0.0222997524, 0.036924346218, 0.3445229895, 0.38378953102, 0.21246338086],
      [0.0011963760277, 0.31124221331, 0.62625838217, 0.05928365158, 0.0020193769147],
      [0.032094035823, 0.061267167679, 0.81192457294, 0.016815013665, 0.077899209897],
      [0.0035804731023, 0.02368455971, 0.10167935001, 0.85286226059, 0.018193356591],
      [0.28224560459, 0.020935826535, 0.48265702925, 0.10560572159, 0.10855581803],
      [0.03118318306, 0.33552033246, 0.48380348119, 0.0070661534138, 0.14242684988]
    ],
    [
      [0.059791526615, 0.030670685409, 0.16400868572, 0.677178537, 0.06835056526],
      [0.0044147211099, 0.42810193047, 0.43804775401, 0.12852520068, 0.00091039373532],
      [0.14890261189, 0.087334242816, 0.67956859408, 0.04169507798, 0.042499473232],
      [0.0055047996407, 0.011514652165, 0.028225493175, 0.95136411555, 0.0033909394693],
      [0.7178893782, 0.010839987183, 0.14672005659, 0.10242306604, 0.022127511983],
      [0.12056669587, 0.46421736604, 0.33481821943, 0.014810051993, 0.065587666675]
    ],
    [
      [0.17190428219, 0.012406028235, 0.19036293964, 0.47579241032, 0.14953433962],
      [0.014108930632, 0.21119163402, 0.66022212206, 0.11248824636, 0.00198906693],
      [0.32940388, 0.024069798052, 0.5699468876, 0.020421558169, 0.056157876178],
      [0.01748334907, 0.0058128517415, 0.039969791494, 0.92913886001, 0.0075951476879],
      [0.98695701617, 0.00020623166608, 0.0077967602906, 0.0031994798252, 0.001840512045],
      [0.34982264395, 0.15567437207, 0.358303129, 0.0095044467283, 0.12669540825]
    ],
    [
      [0.02069685271, 0.030414410661, 0.27970125684, 0.51110809707, 0.15807938272],
      [0.0013137695928, 0.3020100373, 0.60101028155, 0.093883652078, 0.0017822594794],
      [0.036371154973, 0.061572102617, 0.80367564508, 0.027485225181, 0.070895872153],
      [0.0026765923774, 0.015720042894, 0.0665625453, 0.90409472558, 0.010946093852],
      [0.29321837572, 0.019316629379, 0.43861144782, 0.15821462344, 0.090638923642],
      [0.035646156706, 0.33872748478, 0.48333287499, 0.01164779775, 0.13064568577]
    ],
    [
      [0.017147964872, 0.021648443375, 0.2275591296, 0.59421793199, 0.13942653016],
      [0.0013332509954, 0.26411390587, 0.59958155711, 0.13304667489, 0.0019246111307],
      [0.03660908746, 0.053257887797, 0.79555696605, 0.038586641825, 0.075989416867],
      [0.0019629191178, 0.0098992485517, 0.047899857207, 0.93169612484, 0.0085418502872],
      [0.27671970869, 0.0156816118, 0.40732533642, 0.20903724893, 0.091236094158],
      [0.037198199766, 0.30477989258, 0.49573141604, 0.016951216208, 0.14533927541]
    ],
    [
      [0.031119132643, 0.028500806749, 0.32875346979, 0.48320132781, 0.12842526301],
      [0.0018101323893, 0.2645683453, 0.65235950066, 0.079941351244, 0.0013206704114],
      [0.047853842691, 0.050434667005, 0.82957506256, 0.022145330455, 0.049991097286],
      [0.0040956972332, 0.01503527448, 0.079616891659, 0.89223150791, 0.0090206287158],
      [0.37829544455, 0.014885521845, 0.4255646591, 0.12090211777, 0.060352256738],
      [0.050492231933, 0.3040884655, 0.53583945794, 0.010111030519, 0.099468814107]
    ],
    [
      [0.012899063085, 0.02837585234, 0.26477911402, 0.60216780359, 0.091778166969],
      [0.00078160724581, 0.33208888295, 0.57503892286, 0.091160647235, 0.00092993970164],
      [0.023752257371, 0.061152209195, 0.84642848225, 0.027963282576, 0.040703768603],
      [0.0012819959514, 0.011296829179, 0.047702044334, 0.93498026389, 0.0047388666448],
      [0.25990900187, 0.020043840331, 0.47971461266, 0.18267215198, 0.057660393159],
      [0.022618047855, 0.40597857533, 0.48544667356, 0.011783066925, 0.074173636329]
    ],
    [
      [0.11463981868, 0.00076987036752, 0.04617719998, 0.83835038491, 6.272606014e-05],
      [0.032717512841, 0.015731139507, 0.84520503232, 0.10619969648, 0.00014661885341],
      [0.78203145583, 0.0015550197307, 0.21082822377, 0.0049666893718, 0.00061861129087],
      [0.0069479269179, 0.00026554238756, 0.0073461813217, 0.98534712423, 9.3225141374e-05],
      [0.55010203022, 0.0078059330231, 0.25210164898, 0.12256644918, 0.067423938592],
      [0.87397965207, 0.0028439938446, 0.12035506263, 0.0020956242467, 0.0007256672115]
    ],
    [
      [0.5174003359, 0.0078367347037, 0.17290101832, 0.30032399571, 0.0015379153605],
      [0.027281681821, 0.15244040732, 0.73639860969, 0.083763439195, 0.00011586197065],
      [0.77994499792, 0.00614894567, 0.2080869934, 0.0052578693176, 0.00056119369245],
      [0.046734402083, 0.0057064501792, 0.05553663432, 0.89143382816, 0.00058868525778],
      [0.51598988124, 0.0085976611384, 0.31145116248, 0.10108451145, 0.062876783696],
      [0.83401012996, 0.035633833943, 0.12745916335, 0.0023161878464, 0.00058068490337]
    ],
    [
      [0.01946885709, 0.026889534779, 0.25219237349, 0.5653400229, 0.13610921175],
      [0.0013487812482, 0.29216985111, 0.5917953493, 0.11300967987, 0.0016763384633],
      [0.037820535424, 0.060130977442, 0.80113038566, 0.033457969323, 0.067460132151],
      [0.0023157441242, 0.012784723231, 0.05519866458, 0.92101984722, 0.0086810208457],
      [0.29445322769, 0.018106482624, 0.41953817482, 0.18512191286, 0.082780202011],
      [0.037478306203, 0.33551749906, 0.48695467077, 0.014337459436, 0.12571206453]
    ],
    [
      [0.0227864375, 0.031062882024, 0.38649145029, 0.44253539713, 0.11712383306],
      [0.0011852235801, 0.25191589122, 0.67917432406, 0.066636159036, 0.0010884021009],
      [0.031051526231, 0.048764806672, 0.86078036857, 0.01850220215, 0.040901096377],
      [0.0032707317942, 0.017804853032, 0.10201799664, 0.86786192618, 0.0090444923553],
      [0.27806088793, 0.017160505153, 0.52695767019, 0.11928464733, 0.058536289399],
      [0.03384885916, 0.29791041073, 0.57590073672, 0.0087188928484, 0.083621100551]
    ],
    [
      [0.069243719398, 0.035656146785, 0.41644886682, 0.38357329215, 0.095077974843],
      [0.003235035681, 0.26980301753, 0.67448299363, 0.051687354957, 0.00079159819944],
      [0.083927589649, 0.049409040471, 0.82419196774, 0.013775950484, 0.028695451654],
      [0.010571809289, 0.022125133091, 0.1183896961, 0.84107711461, 0.0078362469043],
      [0.58598267377, 0.011052178981, 0.31995531958, 0.056747739736, 0.026262087939],
      [0.090269519985, 0.30340773433, 0.54179376315, 0.0064123762512, 0.058116606282]
    ],
    [
      [0.031888978551, 0.02065020245, 0.23996944557, 0.55646387909, 0.15102749434],
      [0.0024378247148, 0.24878565008, 0.62409798103, 0.12263619559, 0.0020423485874],
      [0.063344389332, 0.047164796682, 0.77987435661, 0.03348194839, 0.076134508983],
      [0.0038424119261, 0.0099667591377, 0.053282863061, 0.92319421349, 0.0097137523869],
      [0.41790375186, 0.01178744381, 0.33864686011, 0.1540052328, 0.077656711431],
      [0.065619241146, 0.27547534861, 0.49505688186, 0.014994795252, 0.14885373313]
    ],
    [
      [0.024449384476, 0.030015817915, 0.28343316171, 0.48326944626, 0.17883218964],
      [0.0015384548765, 0.29982214316, 0.609359038, 0.087317207511, 0.0019631564507],
      [0.041908946893, 0.059269578617, 0.79687581949, 0.024921905761, 0.077023749233],
      [0.0032621954834, 0.016065656601, 0.069724920853, 0.89837001124, 0.012577215824],
      [0.33733956615, 0.017687920197, 0.4133182351, 0.13734529864, 0.094308979916],
      [0.041004470577, 0.32806199254, 0.47750857771, 0.01054887309, 0.14287608609]
    ],
    [
      [0.015280450654, 0.031359034625, 0.16225370023, 0.34795928293, 0.44314753156],
      [0.001184759564, 0.45085930399, 0.46762141259, 0.076084120908, 0.0042504029498],
      [0.036426376406, 0.085945977899, 0.64704102005, 0.022622716889, 0.20796390875],
      [0.0023941070316, 0.020422783445, 0.048400651687, 0.90221041667, 0.026572041163],
      [0.43940904674, 0.019042619483, 0.24594707277, 0.095788433127, 0.19981282788],
      [0.025537204019, 0.37173275753, 0.27613661094, 0.0070318945119, 0.319561533]
    ],
    [
      [0.01020108918, 0.035740089991, 0.15693669645, 0.22587294452, 0.57124917986],
      [0.00079999993569, 0.50969977187, 0.43413734796, 0.049131225305, 0.006231654929],
      [0.022932819169, 0.09331001269, 0.590777262, 0.014401305131, 0.278578601],
      [0.0023274994327, 0.032967051234, 0.066230401426, 0.84261009838, 0.055864949524],
      [0.23427065467, 0.027585102978, 0.30376646432, 0.080769749382, 0.35360802864],
      [0.014756822164, 0.37921128373, 0.23159827002, 0.0041061633389, 0.37032746075]
    ],
    [
      [0.016915994253, 0.032212773231, 0.34122670477, 0.42465917732, 0.18498535043],
      [0.00094395776219, 0.28315885651, 0.64601699512, 0.068058211897, 0.0018219787123],
      [0.025112230687, 0.05516134591, 0.83080747141, 0.019131193189, 0.069787758806],
      [0.0025051331238, 0.01906294477, 0.092852571461, 0.87099807855, 0.014581272097],
      [0.23282660416, 0.019798859338, 0.51860792528, 0.12643399637, 0.10233261485],
      [0.025475611854, 0.31616010826, 0.51656478721, 0.0083946090468, 0.13340488362]
    ],
    [
      [0.033592077615, 0.040482078597, 0.39206356504, 0.39425758825, 0.1396046905],
      [0.0016088634097, 0.3057948041, 0.63731710731, 0.0540906089, 0.001188616279],
      [0.043628070957, 0.060596919988, 0.83409590054, 0.015476093627, 0.046203014892],
      [0.0051740849275, 0.024927993109, 0.11101564789, 0.84738913195, 0.011493142119],
      [0.36399562674, 0.019417192797, 0.46494164827, 0.091257197901, 0.060388334287],
      [0.044013360468, 0.34570924978, 0.51590370302, 0.0067538377278, 0.087619849004]
    ],
    [
      [0.056729608479, 0.026578059241, 0.35312862821, 0.41218125959, 0.15138244448],
      [0.0032477265493, 0.24015032268, 0.6871773038, 0.067886163687, 0.001538483282],
      [0.079136864822, 0.042711089529, 0.80699070513, 0.017433445847, 0.053727894669],
      [0.0085831833296, 0.01608181568, 0.098239254897, 0.86484711994, 0.012248626151],
      [0.50973712106, 0.010546213253, 0.34642924946, 0.079171737457, 0.054115678779],
      [0.085668041865, 0.26124076406, 0.53546748514, 0.0081612746687, 0.10946243427]
    ],
    [
      [0.030092927319, 0.014397324261, 0.27639354675, 0.55528628657, 0.1238299151],
      [0.0022047359624, 0.17299186418, 0.71714006262, 0.10609716113, 0.0015661761059],
      [0.054367999309, 0.029918040167, 0.83403119692, 0.026275541129, 0.055407222477],
      [0.0032376726824, 0.006258288863, 0.054741169638, 0.92889291701, 0.0068699518083],
      [0.43654779615, 0.0076731704246, 0.36807020407, 0.12894839509, 0.058760434261],
      [0.063965332611, 0.20114632541, 0.59504939334, 0.013300530104, 0.12653841854]
    ],
    [
      [0.011840047461, 0.02389899028, 0.29143784056, 0.61036688267, 0.062456239031],
      [0.00075435467241, 0.25302875869, 0.64490982937, 0.10059308512, 0.0007139721477],
      [0.021006173474, 0.049417556441, 0.87206496754, 0.028991300059, 0.028520002485],
      [0.0012253118431, 0.0098352234462, 0.054826188399, 0.93066146647, 0.0034518098378],
      [0.20308947708, 0.017592320905, 0.53771609397, 0.19951361364, 0.042088494402],
      [0.022975327625, 0.32378810436, 0.58056053218, 0.013727866064, 0.058948169771]
    ],
    [
      [0.012087461157, 0.036025352006, 0.2784893834, 0.44614308137, 0.22725472206],
      [0.00072909086677, 0.34681439532, 0.57316418122, 0.076933255867, 0.0023590767197],
      [0.020743796536, 0.071477392549, 0.78722869494, 0.023050469066, 0.097499646906],
      [0.0017252791428, 0.020573390306, 0.073061699344, 0.88770572309, 0.016933908121],
      [0.19586789623, 0.025332219441, 0.48518461897, 0.15125001108, 0.14236525428],
      [0.018760691062, 0.36862739876, 0.43591736729, 0.0090335796858, 0.16766096321]
    ],
    [
      [0.016154336737, 0.023680804542, 0.22170534381, 0.61251453185, 0.12594498306],
      [0.0012396995569, 0.28531896475, 0.5760790102, 0.13564400599, 0.0017183195075],
      [0.035331725486, 0.059664763477, 0.7937566913, 0.040863927431, 0.07038289231],
      [0.0018037528187, 0.010561848933, 0.045521851501, 0.93457416744, 0.0075383793051],
      [0.26746284924, 0.017636148261, 0.40806606515, 0.22202269641, 0.084812240936],
      [0.035023014882, 0.33368215206, 0.48256175149, 0.017517968774, 0.1312151128]
    ],
    [
      [0.029651726278, 0.026075301931, 0.26335420288, 0.529685712, 0.15123305691],
      [0.0020335586404, 0.28003918365, 0.61101276162, 0.10506603824, 0.0018484578471],
      [0.054389272858, 0.055088476097, 0.78983469495, 0.0297284394, 0.070959116696],
      [0.003735099033, 0.013121010217, 0.061017379177, 0.91189728647, 0.010229225104],
      [0.38057651795, 0.015076224944, 0.37601813476, 0.14927825619, 0.07905086615],
      [0.054661754136, 0.31141923703, 0.48705327739, 0.01291881677, 0.13394691467]
    ],
    [
      [0.019982532967, 0.033116333048, 0.36201943282, 0.48299216253, 0.10188953863],
      [0.0010590756609, 0.27479280643, 0.64922182533, 0.073963314416, 0.00096297816053],
      [0.02889988234, 0.055193423531, 0.85684919946, 0.021365392068, 0.0376921026],
      [0.0026699407923, 0.017674225815, 0.088925606364, 0.88341468704, 0.0073155399901],
      [0.26129758765, 0.019495478986, 0.52646849473, 0.13849841733, 0.054240021302],
      [0.030579140609, 0.32861775996, 0.55617244627, 0.0097755134013, 0.074855139764]
    ],
    [
      [0.033686649347, 0.035022073115, 0.24251116052, 0.51798746375, 0.17079265326],
      [0.0022065848283, 0.35983828397, 0.53771948018, 0.098245077726, 0.0019905732988],
      [0.06357081378, 0.076121588526, 0.74806768675, 0.029920094996, 0.082319815949],
      [0.0043234711088, 0.017963327597, 0.057280767416, 0.90867671949, 0.011755714389],
      [0.41930094512, 0.019539943804, 0.3341340696, 0.14094278885, 0.086082252619],
      [0.056822649149, 0.38301222294, 0.41032951035, 0.011567869601, 0.13826774797]
    ],
    [
      [0.0097657285014, 0.072572587194, 0.34131735453, 0.50601814362, 0.070326186155],
      [0.00035793555048, 0.51912746462, 0.42940456145, 0.050659659004, 0.00045037937504],
      [0.013772148655, 0.12083021338, 0.82023754757, 0.020428742439, 0.024731347958],
      [0.001183244795, 0.034776168876, 0.074744004528, 0.88473207871, 0.0045645030914],
      [0.15641779089, 0.049148065249, 0.58996973001, 0.16120517423, 0.043259239616],
      [0.0095385981845, 0.60955496575, 0.34256971803, 0.0062450961512, 0.032091621882]
    ],
    [
      [0.0074123485167, 0.033679883965, 0.17513302057, 0.6611743186, 0.12260042835],
      [0.00056219031006, 0.40390672186, 0.4499049825, 0.14398588993, 0.0016402154009],
      [0.019266811044, 0.10094575198, 0.74655474472, 0.052129901714, 0.081102790542],
      [0.00077528911024, 0.014049196206, 0.033642677061, 0.94469942461, 0.0068334130123],
      [0.15563812927, 0.031639973396, 0.40716500723, 0.30150479237, 0.10405209774],
      [0.01570084953, 0.46819757561, 0.37304330714, 0.018398616991, 0.12465965073]
    ],
    [
      [0.0088388699725, 0.018949745328, 0.11625870628, 0.82496741067, 0.03098526775],
      [0.00092733546044, 0.33573428419, 0.42285017299, 0.23989449978, 0.00059370758416],
      [0.035087924133, 0.085001028543, 0.75714544425, 0.091557215574, 0.031208387499],
      [0.00075420729459, 0.0064664323913, 0.018254167328, 0.97305718758, 0.0014680054105],
      [0.26959017076, 0.019059595997, 0.29249892196, 0.38996933918, 0.028881972108],
      [0.031450727937, 0.46678736939, 0.41304775214, 0.035764194049, 0.052949956483]
    ],
    [
      [0.0090891021529, 0.026819330818, 0.072565065722, 0.1991093983, 0.692417103],
      [0.0010737066269, 0.61155526017, 0.31120737817, 0.065861258808, 0.010302396227],
      [0.029011565778, 0.10103854313, 0.39206454249, 0.017699236507, 0.46018611209],
      [0.0023758682726, 0.02855306723, 0.035476090134, 0.86450320114, 0.06909177322],
      [0.2299737604, 0.024541063736, 0.16703610183, 0.084305943718, 0.49414313032],
      [0.015234797461, 0.33866951318, 0.12485313435, 0.0040990132859, 0.51714354172]
    ],
    [
      [0.052583944452, 0.045332062936, 0.36952195621, 0.34643414802, 0.18612788838],
      [0.0025099545723, 0.34601410537, 0.60253942196, 0.047371843503, 0.0015646745901],
      [0.06854108196, 0.068006106078, 0.7888158155, 0.013549662778, 0.061087333688],
      [0.0088589170949, 0.030658390084, 0.11477558123, 0.82905804232, 0.016649069273],
      [0.49084398262, 0.017851405811, 0.3601912633, 0.065502921821, 0.065610426455],
      [0.064627815033, 0.36551718701, 0.45563208108, 0.0055336704948, 0.10868924638]
    ],
    [
      [0.017286973269, 0.028673458746, 0.39974231013, 0.4352629189, 0.11903433896],
      [0.00089167589043, 0.2327599986, 0.70095515814, 0.064308589593, 0.0010845777769],
      [0.023034423384, 0.044096209504, 0.8750621331, 0.017537524635, 0.040269709378],
      [0.002475651394, 0.01642248913, 0.10518680124, 0.86684052955, 0.0090745286872],
      [0.22628149555, 0.016619525328, 0.5731938801, 0.12180038056, 0.062104718459],
      [0.025851986487, 0.27902625302, 0.60145057557, 0.0085077588356, 0.085163426092]
    ],
    [
      [0.02234794764, 0.017697734397, 0.19007731123, 0.67783546708, 0.092041539651],
      [0.0019886546374, 0.24860363612, 0.57607959107, 0.17187261199, 0.0014555061764],
      [0.056187090301, 0.051185570744, 0.78283867243, 0.050870609347, 0.05891805718],
      [0.0022715936683, 0.0071985223703, 0.035576835557, 0.94993746099, 0.0050155874157],
      [0.36453072991, 0.01254249228, 0.33324305101, 0.23072730387, 0.058956422939],
      [0.058638290696, 0.30180420552, 0.50063670436, 0.022944813384, 0.11597598604]
    ],
    [
      [0.030252255173, 0.054594232158, 0.23709288784, 0.55775744675, 0.12030317807],
      [0.0015727499394, 0.48915917804, 0.42741539304, 0.080766093533, 0.0010865854414],
      [0.057037187122, 0.11892533488, 0.73781253466, 0.030048444016, 0.056176499327],
      [0.0034529082431, 0.025056325842, 0.049942934351, 0.91428425854, 0.0072635730242],
      [0.43565848505, 0.030317180298, 0.32901598594, 0.14525492599, 0.05975342272],
      [0.042060598456, 0.53679498492, 0.33298407033, 0.0096749038904, 0.07848544241]
    ],
    [
      [0.008926287872, 0.015248855271, 0.13929742131, 0.37880175873, 0.45772567681],
      [0.0010710050825, 0.29114862802, 0.56830989722, 0.12997371815, 0.0094967515333],
      [0.023374419864, 0.046070031385, 0.59901083053, 0.029867880532, 0.30167683769],
      [0.0015323319846, 0.010459828182, 0.043946239433, 0.90300757904, 0.04105402136],
      [0.17340790281, 0.013238446932, 0.29929238886, 0.15884965139, 0.35521161001],
      [0.018868328863, 0.21133858557, 0.29609181524, 0.010432272145, 0.46326899819]
    ],
    [
      [0.029307087199, 0.042702823811, 0.29305586184, 0.4816200083, 0.15331421885],
      [0.0016141163398, 0.37281565053, 0.54789896589, 0.076173333429, 0.0014979338088],
      [0.047878873805, 0.08042249958, 0.78413946425, 0.023817189312, 0.063741973055],
      [0.0039193244046, 0.022828215876, 0.072085351239, 0.89019637516, 0.010970733322],
      [0.36798443133, 0.023698382966, 0.40222376047, 0.12937497259, 0.076718452649],
      [0.04290371575, 0.40954666769, 0.43086735495, 0.0092371507957, 0.10744511081]
    ],
    [
      [0.020125360886, 0.033724466797, 0.28109767812, 0.54693349471, 0.11811899949],
      [0.0012248955729, 0.3223568647, 0.57899761312, 0.096139983743, 0.0012806428621],
      [0.035564484958, 0.068669993363, 0.81287328717, 0.029525132382, 0.053367102131],
      [0.0024497794332, 0.016396730241, 0.062915109234, 0.91051728785, 0.0077210932389],
      [0.2888827914, 0.021771809566, 0.44842436519, 0.17196165604, 0.068959377811],
      [0.034366713935, 0.3745834786, 0.48185971007, 0.012340989644, 0.096849107747]
    ],
    [
      [0.013067156174, 0.026323231745, 0.21130556742, 0.62398529563, 0.12531874903],
      [0.00099738302412, 0.31414210142, 0.54521618925, 0.13794093657, 0.0017033897319],
      [0.029696660779, 0.068895539128, 0.78506388963, 0.043482898892, 0.072861011574],
      [0.0014403264065, 0.011586252268, 0.042837948242, 0.93671985826, 0.0074156148217],
      [0.23060127041, 0.020962505382, 0.41552611606, 0.24263167549, 0.090278432656],
      [0.028164942802, 0.36728505484, 0.4568879493, 0.017834016769, 0.12982803629]
    ],
    [
      [0.023863864843, 0.030208268795, 0.28489254263, 0.5040611987, 0.15697412503],
      [0.0015003577742, 0.29860464438, 0.60669859429, 0.091442448072, 0.0017539554842],
      [0.041122446582, 0.059957574652, 0.80341262459, 0.026482035904, 0.069025318272],
      [0.0031121136122, 0.015743209406, 0.068331283196, 0.9018467293, 0.010966664481],
      [0.32236237886, 0.018257350657, 0.42553190385, 0.14817797849, 0.085670388135],
      [0.040570925905, 0.33399344663, 0.4860794545, 0.01129998194, 0.12805619103]
    ],
    [
      [0.015773352247, 0.017423592343, 0.23671083095, 0.60089097882, 0.12920124564],
      [0.0012556739203, 0.21963215238, 0.64157613166, 0.13572210184, 0.0018139401958],
      [0.033184038137, 0.042182221538, 0.81798550454, 0.037644632864, 0.069003602919],
      [0.0017673023509, 0.0078091756956, 0.048744780737, 0.93397323204, 0.0077055091795],
      [0.26261820963, 0.012739376833, 0.42882096502, 0.21064286102, 0.085178587501],
      [0.036058773925, 0.26051012362, 0.54399227475, 0.017680625796, 0.14175820191]
    ],
    [
      [0.016614253257, 0.012003426233, 0.17836794933, 0.71999723839, 0.073017132791],
      [0.0016453421782, 0.18981557051, 0.6048173415, 0.20244170294, 0.0012800428768],
      [0.045725065884, 0.03776973619, 0.80702487532, 0.058587436725, 0.050892885877],
      [0.0016022076167, 0.0046435647342, 0.03166490407, 0.95831205949, 0.0037772640902],
      [0.31229047215, 0.0095179739131, 0.35180204523, 0.27391275453, 0.05247675418],
      [0.052107297348, 0.24763266948, 0.56151404651, 0.028869800955, 0.10987618571]
    ],
    [
      [0.00068277966599, 0.074192736737, 0.16337406187, 0.63077297232, 0.13097744941],
      [3.1152742188e-05, 0.73664673082, 0.21146761778, 0.051202246587, 0.00065225207544],
      [0.0013228643934, 0.213339628, 0.68689280328, 0.033168324072, 0.065276380256],
      [7.9087561585e-05, 0.026861271753, 0.027263017737, 0.9402327054, 0.00556391755],
      [1.7739361728e-12, 0.088625547347, 0.50271355192, 0.29271813553, 0.11594276521],
      [0.00044908354104, 0.79402862432, 0.15441185274, 0.0058216286094, 0.045288810794]
    ],
    [
      [0.032701987579, 0.033116654945, 0.3492658093, 0.44918067063, 0.13573487755],
      [0.0017832276743, 0.28229335606, 0.64376090556, 0.070840634319, 0.0013218763912],
      [0.047365319933, 0.055270803923, 0.82706239544, 0.019933133035, 0.05036834767],
      [0.0046556532396, 0.018821411292, 0.091410496967, 0.87472327518, 0.010389163317],
      [0.36867981041, 0.016900610234, 0.44000974868, 0.11175397285, 0.062655857828],
      [0.048903048005, 0.32057621202, 0.52406036903, 0.0088979909695, 0.09756237997]
    ],
    [
      [0.019574659096, 0.03535069704, 0.29658547049, 0.39056503849, 0.25792413488],
      [0.0011670268565, 0.33077764242, 0.59796458877, 0.067359225387, 0.0027315165631],
      [0.031401345501, 0.065368109319, 0.77835585073, 0.019198138125, 0.10567655632],
      [0.0031596111035, 0.022782227844, 0.087999422129, 0.8637744551, 0.022284283823],
      [0.26650370028, 0.021767061557, 0.4510618479, 0.1173034519, 0.14336393837],
      [0.02896033575, 0.33982232411, 0.44037922463, 0.007657937164, 0.18318017834]
    ],
    [
      [0.020117218569, 0.018883333852, 0.2991646577, 0.47994700223, 0.18188778765],
      [0.0013865140669, 0.20337580912, 0.6972894435, 0.095716406164, 0.0022318271484],
      [0.033960686631, 0.036707277275, 0.82598782231, 0.02482613299, 0.078518080797],
      [0.0027551776328, 0.010330774472, 0.075334761908, 0.89821099579, 0.013368290201],
      [0.2779776365, 0.011792710136, 0.46137632129, 0.14621143411, 0.10264189797],
      [0.037522745104, 0.22779692015, 0.55982668032, 0.011857739827, 0.1629959146]
    ],
    [
      [0.022635493362, 0.01817306232, 0.23040283008, 0.62993106819, 0.098857546049],
      [0.0018141294618, 0.22694043035, 0.62344323527, 0.14638503117, 0.001417173752],
      [0.04871097573, 0.045036824087, 0.80999424282, 0.041668179338, 0.054589778025],
      [0.0024765432731, 0.0079376728055, 0.046360131691, 0.93739900616, 0.0058266460682],
      [0.33596645796, 0.012261520138, 0.38361880598, 0.20774777955, 0.060405436382],
      [0.053018720014, 0.27475046217, 0.54120360308, 0.019605541893, 0.11142167285]
    ],
    [
      [0.024546035388, 0.02471478729, 0.23516890097, 0.51295763801, 0.20261263834],
      [0.0018292119111, 0.29086169338, 0.59463103589, 0.11000722577, 0.00267083305],
      [0.048574505417, 0.056334000722, 0.76226009, 0.030804608631, 0.10202679523],
      [0.0031776210088, 0.01278987793, 0.055997904715, 0.91404789143, 0.013986704915],
      [0.34690951665, 0.015553997929, 0.3659811362, 0.15660931034, 0.11494603888],
      [0.046684060557, 0.30662450923, 0.44902583339, 0.012805179655, 0.18486041717]
    ],
    [
      [0.05633436284, 0.050351299571, 0.31858042483, 0.38608937566, 0.1886445371],
      [0.0025830762534, 0.41401740587, 0.53120129805, 0.050763743184, 0.0014344766369],
      [0.081904137455, 0.08301136432, 0.7567578587, 0.015650785611, 0.06267585391],
      [0.0079798015248, 0.029740153175, 0.085734517512, 0.86293334944, 0.01361217835],
      [0.67879419217, 0.013698043329, 0.21606693765, 0.048292163612, 0.043148663234],
      [0.069527659545, 0.42904994927, 0.39223371789, 0.0058352705381, 0.10335340275]
    ],
    [
      [0.030320281319, 0.033732125263, 0.35804374296, 0.43561892745, 0.142284923],
      [0.0016047976997, 0.28517141004, 0.64601766586, 0.065876970931, 0.0013291554721],
      [0.042901598735, 0.055060111987, 0.83253872741, 0.018524892103, 0.050974669768],
      [0.0043374753628, 0.019304800377, 0.094097963938, 0.8714138781, 0.010845882225],
      [0.35553281706, 0.017274063176, 0.45428166216, 0.10740539107, 0.065506066531],
      [0.044158146896, 0.32403952635, 0.52465180894, 0.0082534223457, 0.098897095467]
    ],
    [
      [0.015048240488, 0.028055356125, 0.53488309976, 0.30911325532, 0.11290004831],
      [0.0006193962663, 0.19079452979, 0.7742414075, 0.033554196072, 0.00079047037087],
      [0.015053969871, 0.032911149319, 0.91573914772, 0.0086156681785, 0.02768006491],
      [0.0023354110738, 0.017379814527, 0.14955458991, 0.82188947048, 0.0088407140045],
      [0.18677653842, 0.014184888415, 0.67934244755, 0.069600355916, 0.050095769694],
      [0.018442286725, 0.2360539468, 0.67610051569, 0.0045707624033, 0.064832488385]
    ],
    [
      [0.041657543852, 0.04838548522, 0.2558332121, 0.53588789634, 0.11823586249],
      [0.0022636976632, 0.43639982485, 0.47869780409, 0.081506060674, 0.0011326127199],
      [0.073911308135, 0.099040866461, 0.74685264609, 0.027551184089, 0.052643995223],
      [0.0049528124492, 0.023076318483, 0.056069288624, 0.90840964661, 0.0074919338348],
      [0.49633066557, 0.023368361792, 0.30715425824, 0.12191120498, 0.051235509426],
      [0.060231038701, 0.47659346561, 0.37236785817, 0.0097462955345, 0.08106134198]
    ],
    [
      [0.025605601025, 0.035925334678, 0.31938964921, 0.50890347657, 0.11017593852],
      [0.0014233649366, 0.31408002815, 0.60183990953, 0.08156664871, 0.0010900486729],
      [0.040414192409, 0.065347492697, 0.82538904392, 0.024462229824, 0.044387041148],
      [0.0032813283943, 0.018399088584, 0.075270299239, 0.89547441267, 0.0075748711092],
      [0.32867060507, 0.020575139452, 0.4521203088, 0.14162041493, 0.057013531743],
      [0.040031569083, 0.36542610044, 0.5014636438, 0.01048150864, 0.082597178045]
    ],
    [
      [0.016754775541, 0.048394765923, 0.17547049873, 0.7274881116, 0.031891848208],
      [0.0010228737157, 0.51167461629, 0.37109704122, 0.11584253124, 0.00036293754485],
      [0.04307183946, 0.14239678133, 0.74428048261, 0.049147833933, 0.021103062669],
      [0.0015272998604, 0.017698562775, 0.029509121072, 0.94963752519, 0.0016274911073],
      [0.36131484138, 0.036727308646, 0.33400060676, 0.24543327078, 0.022523972433],
      [0.029672481547, 0.61519914031, 0.31322025084, 0.014797714125, 0.02711041318]
    ],
    [
      [0.026735901416, 0.029707299058, 0.40998261322, 0.38908491194, 0.14448927437],
      [0.0013404734094, 0.23888428637, 0.70309642785, 0.05540789081, 0.0012709215628],
      [0.034043581086, 0.043670804714, 0.86113468503, 0.014795697077, 0.046355232089],
      [0.004115242597, 0.018292654623, 0.11569197835, 0.85012788006, 0.011772244366],
      [0.31115068313, 0.015015677327, 0.51424649978, 0.094157145784, 0.065429993978],
      [0.037618622191, 0.27690892467, 0.58159461287, 0.0070760682277, 0.09680177204]
    ],
    [
      [0.021948666716, 0.025580880269, 0.26442711138, 0.57529061123, 0.1127527304],
      [0.0014999841959, 0.27273569659, 0.61047117593, 0.11391629447, 0.001376848806],
      [0.041408425355, 0.0555837039, 0.81516105991, 0.033318781531, 0.054528029307],
      [0.0025800117817, 0.012006452582, 0.057166885448, 0.9211126788, 0.0071339713868],
      [0.31344481458, 0.016549012877, 0.42221492656, 0.18176777225, 0.066023473732],
      [0.042679599701, 0.32134352994, 0.51570011907, 0.014846748994, 0.10543000229]
    ],
    [
      [0.012233522559, 0.029278007768, 0.17155245037, 0.69873952802, 0.088196491279],
      [0.00098103737457, 0.37049381161, 0.46622396091, 0.16104319046, 0.0012579996389],
      [0.032996511371, 0.091005729256, 0.75804648904, 0.057148053368, 0.06080321697],
      [0.001218441961, 0.011642191814, 0.031416922303, 0.95101106235, 0.0047113815689],
      [0.23862758927, 0.025548806207, 0.37026530735, 0.29584899253, 0.069709304651],
      [0.028610575709, 0.44766622045, 0.40310003068, 0.021442785734, 0.099180387421]
    ],
    [
      [0.027488647537, 0.024705663973, 0.37292327104, 0.45432007064, 0.12056234681],
      [0.0015360897716, 0.21657945003, 0.70749368998, 0.073193945302, 0.0011968249078],
      [0.038641929689, 0.040006200864, 0.85875917468, 0.019431741137, 0.043160953628],
      [0.0038493358397, 0.013838805203, 0.096071554836, 0.87720226456, 0.0090380395616],
      [0.32743521313, 0.013027191816, 0.48596040657, 0.1162490481, 0.057328140394],
      [0.043939854677, 0.25575527205, 0.59840457341, 0.0095488880593, 0.092351411809]
    ],
    [
      [0.018393197708, 0.019105011703, 0.21832914491, 0.65473666221, 0.089435983469],
      [0.0014914913111, 0.24362281225, 0.60069912129, 0.15289595647, 0.0012906186823],
      [0.041728555461, 0.04990505622, 0.8114504658, 0.04511774643, 0.051798176093],
      [0.0019357197245, 0.0080354519574, 0.042260406226, 0.9427128816, 0.0050555404965],
      [0.30139082922, 0.013934314124, 0.39377616538, 0.23188688714, 0.059011804128],
      [0.044489513787, 0.30050774251, 0.53028800204, 0.020798302884, 0.10391643879]
    ],
    [
      [0.018740824829, 0.022715421635, 0.2612728133, 0.61281088697, 0.084460053265],
      [0.0013220135417, 0.2498030972, 0.62260415443, 0.12520526942, 0.0010654654072],
      [0.036586544743, 0.051064125121, 0.83336187801, 0.036704970232, 0.042282481895],
      [0.0020867440889, 0.010099653683, 0.05350813978, 0.92923929368, 0.0050661687707],
      [0.28422309499, 0.015585239774, 0.44243674948, 0.20527967916, 0.052475236593],
      [0.039361831874, 0.30795652612, 0.55029438848, 0.017070036354, 0.085317217178]
    ],
    [
      [0.0088668896965, 0.036338566585, 0.22488936554, 0.57043161568, 0.1594735625],
      [0.00058054136302, 0.38819054839, 0.50560932172, 0.10385091074, 0.0017686777888],
      [0.018442645651, 0.087728906308, 0.77711314039, 0.034546902498, 0.082168405148],
      [0.001021124104, 0.016687597544, 0.047423966838, 0.92537865228, 0.0094886592331],
      [0.17172932931, 0.029886056024, 0.46020698698, 0.22157933624, 0.11659829145],
      [0.015659569304, 0.43456676044, 0.40346637655, 0.012745975494, 0.13356131821]
    ],
    [
      [0.0031410303176, 0.33247195062, 0.24115791123, 0.39586585152, 0.027363256314],
      [4.09084005e-05, 0.88270007341, 0.10461562308, 0.012577316807, 6.6078302369e-05],
      [0.0036433772264, 0.47977327584, 0.49562841429, 0.0124413332, 0.0085135994386],
      [0.00041221460799, 0.16657641236, 0.055539906618, 0.77546129918, 0.002010167227],
      [0.04924837613, 0.27380865745, 0.51074537292, 0.14440184358, 0.021795749927],
      [0.00086598027716, 0.92010420972, 0.07419696394, 0.0013833811459, 0.0034494649173]
    ],
    [
      [0.035099025712, 0.036815777039, 0.32155537976, 0.43455239602, 0.17197742147],
      [0.001953593403, 0.32084181726, 0.60556233425, 0.069936925244, 0.0017053298469],
      [0.053142408114, 0.064217147137, 0.79594655849, 0.020127706845, 0.066566179412],
      [0.0051430602581, 0.02155080346, 0.086665395037, 0.87312250838, 0.013518232863],
      [0.39459980279, 0.018608094204, 0.40128182752, 0.10698563611, 0.078524639386],
      [0.051283626155, 0.34833149353, 0.47135066492, 0.0083994310649, 0.12063478433]
    ],
    [
      [0.036949970499, 0.052423044775, 0.37247748465, 0.31497995218, 0.2231695479],
      [0.001681161324, 0.37904899771, 0.57625317931, 0.04122825743, 0.0017884042213],
      [0.047775651263, 0.078122229674, 0.7887869707, 0.01234417611, 0.072970972253],
      [0.0067457106114, 0.038326843884, 0.1251560816, 0.80815523261, 0.021616131294],
      [0.38997990087, 0.024110563896, 0.4237672071, 0.07006148988, 0.092080838256],
      [0.042723901821, 0.39710274642, 0.43239934918, 0.0047808298915, 0.12299317269]
    ],
    [
      [0.015388761219, 0.02920975938, 0.3177860971, 0.54583190187, 0.091783480427],
      [0.00090941021499, 0.27015137127, 0.63512790341, 0.092842676703, 0.00096863840188],
      [0.025254649629, 0.055253921578, 0.85360742438, 0.027293125954, 0.038590878459],
      [0.0018673804377, 0.014147931584, 0.07086454767, 0.90712848858, 0.0059916517255],
      [0.22654505432, 0.019436104248, 0.52230436415, 0.17644412747, 0.055270349808],
      [0.026748947898, 0.32940189207, 0.55465880393, 0.012497442119, 0.076692913989]
    ],
    [
      [0.010496383183, 0.032375090416, 0.31148753278, 0.60316398864, 0.042477004988],
      [0.00059882598351, 0.30123885205, 0.60981728177, 0.087903421811, 0.00044161838553],
      [0.01765818564, 0.062893130592, 0.87407215976, 0.026905153773, 0.018471370236],
      [0.0010928445484, 0.013449880333, 0.059198265006, 0.92384320845, 0.0024158016663],
      [0.1843211898, 0.023625741338, 0.56915157298, 0.19428493404, 0.028616561847],
      [0.018224345609, 0.38473219796, 0.5493851724, 0.012023252252, 0.03563503178]
    ],
    [
      [0.0042404510129, 0.26468483123, 0.56992180536, 0.14181324861, 0.019339663792],
      [3.9706634384e-05, 0.79888726325, 0.19833009498, 0.0026751215124, 6.7813616279e-05],
      [0.0024898934697, 0.2322652843, 0.75683345365, 0.0028087120421, 0.0056026565351],
      [0.00032580910171, 0.069451455315, 0.06865304366, 0.86027762652, 0.0012920654012],
      [0.020188422575, 0.13349575073, 0.80182614126, 0.028811709261, 0.015677976177],
      [0.00071351534398, 0.86445815816, 0.1321964301, 0.00041769375861, 0.0022142026283]
    ],
    [
      [0.0072631930873, 0.21673729387, 0.22168387382, 0.41600662899, 0.13830901023],
      [0.00013966010356, 0.83154618394, 0.14621594042, 0.021651812054, 0.00044640348125],
      [0.010573852199, 0.37847385591, 0.54402151052, 0.017206264458, 0.049724516918],
      [0.00097556307708, 0.11457906606, 0.054084571533, 0.82089464633, 0.0094661530011],
      [0.13164094019, 0.17178446886, 0.44424333254, 0.15412064194, 0.098210616469],
