{
  "X": [
    [14, 47, 236, 85, 116, 8],
    [13, 42, 119, 85, 90, 4],
    [10, 36, 165, 92, 85, 15],
    [16, 63, 197, 115, 122, 15],
    [19, 9, 103, 64, 151, 8],
    [14, 4, 89, 39, 111, 5],
    [19, 37, 133, 79, 100, 6],
    [14, 32, 125, 77, 148, 8],
    [19, 22, 88, 64, 137, 12],
    [21, 16, 117, 72, 194, 9],
    [22, 19, 84, 71, 136, 12],
    [7, 17, 90, 65, 153, 10],
    [14, 9, 68, 49, 146, 6],
    [29, 21, 106, 93, 177, 10],
    [29, 19, 51, 75, 102, 5],
    [31, 8, 19, 55, 155, 6],
    [27, 18, 54, 92, 132, 6],
    [11, 16, 34, 100, 124, 4],
    [36, 18, 54, 61, 176, 7],
    [11, 46, 79, 104, 147, 9],
    [26, 24, 63, 87, 148, 5],
    [19, 26, 66, 77, 157, 11],
    [61, 14, 40, 65, 150, 11],
    [25, 19, 47, 103, 167, 10],
    [19, 22, 60, 69, 90, 5],
    [12, 10, 45, 46, 117, 2],
    [9, 18, 68, 99, 161, 11],
    [8, 21, 78, 64, 123, 2],
    [9, 18, 83, 74, 98, 3],
    [18, 11, 59, 38, 97, 4],
    [20, 12, 49, 55, 103, 1],
    [15, 16, 62, 63, 79, 6],
    [15, 41, 70, 101, 139, 15],
    [7, 33, 105, 98, 132, 10],
    [9, 66, 132, 80, 101, 12],
    [15, 59, 136, 117, 116, 13],
    [9, 90, 181, 105, 131, 8],
    [15, 25, 31, 62, 138, 5],
    [12, 30, 34, 72, 175, 8],
    [11, 62, 129, 71, 99, 6],
    [2, 29, 78, 52, 79, 4],
    [50, 38, 65, 91, 161, 9],
    [55, 25, 40, 74, 186, 4],
    [37, 31, 67, 82, 166, 6],
    [29, 60, 162, 101, 147, 13],
    [19, 18, 32, 52, 125, 6],
    [14, 24, 26, 73, 97, 9],
    [13, 12, 35, 53, 95, 5],
    [19, 20, 21, 45, 113, 13],
    [9, 20, 28, 67, 165, 6],
    [8, 15, 42, 73, 115, 4],
    [8, 7, 26, 44, 139, 12],
    [22, 12, 28, 50, 126, 4],
    [30, 24, 33, 90, 134, 8],
    [9, 16, 56, 92, 120, 6],
    [17, 28, 64, 94, 144, 10],
    [2, 37, 64, 98, 130, 7],
    [6, 34, 73, 96, 133, 8],
    [21, 14, 37, 55, 110, 12],
    [33, 25, 32, 88, 169, 11],
    [26, 17, 18, 65, 162, 7],
    [18, 12, 15, 53, 129, 2],
    [36, 21, 24, 58, 141, 7],
    [55, 10, 34, 113, 249, 5],
    [10, 15, 27, 67, 123, 8],
    [19, 23, 50, 91, 103, 13],
    [22, 26, 59, 94, 126, 9],
    [13, 51, 71, 116, 135, 10],
    [15, 14, 52, 50, 74, 6],
    [119, 300, 608, 597, 1118, 60]
  ],
  "W": [
    [50, 134, 106, 120, 96],
    [30, 47, 108, 96, 72],
    [53, 90, 103, 86, 71],
    [77, 111, 125, 120, 95],
    [5, 51, 83, 147, 68],
    [3, 41, 43, 115, 60],
    [37, 81, 93, 96, 67],
    [35, 73, 83, 135, 78],
    [22, 44, 74, 133, 69],
    [20, 62, 86, 164, 97],
    [26, 35, 75, 134, 74],
    [14, 38, 68, 152, 70],
    [10, 38, 51, 140, 53],
    [14, 57, 98, 173, 94],
    [22, 20, 78, 106, 55],
    [6, 6, 59, 140, 63],
    [18, 31, 86, 123, 71],
    [16, 21, 95, 114, 43],
    [16, 28, 61, 178, 69],
    [39, 38, 97, 141, 81],
    [20, 31, 88, 160, 54],
    [13, 35, 77, 154, 77],
    [10, 17, 77, 157, 80],
    [10, 17, 99, 153, 92],
    [17, 27, 74, 85, 62],
    [7, 25, 53, 107, 40],
    [16, 31, 94, 151, 74],
    [17, 40, 59, 122, 58],
    [15, 43, 82, 89, 56],
    [10, 41, 50, 82, 44],
    [8, 25, 51, 104, 52],
    [9, 28, 62, 84, 58],
    [39, 44, 102, 132, 64],
    [27, 76, 95, 134, 53],
    [73, 79, 91, 95, 62],
    [65, 71, 127, 118, 75],
    [98, 103, 118, 135, 70],
    [15, 17, 60, 139, 45],
    [23, 14, 79, 164, 51],
    [56, 67, 78, 104, 73],
    [29, 39, 62, 73, 41],
    [26, 28, 96, 168, 96],
    [20, 17, 75, 192, 80],
    [32, 37, 88, 161, 71],
    [68, 85, 116, 148, 95],
    [11, 14, 54, 119, 54],
    [11, 17, 66, 86, 63],
    [10, 15, 53, 96, 39],
    [21, 15, 51, 94, 50],
    [18, 12, 63, 146, 56],
    [11, 27, 69, 106, 44],
    [6, 15, 48, 127, 40],
    [7, 15, 57, 112, 51],
    [17, 20, 89, 129, 64],
    [15, 40, 86, 119, 39],
    [20, 40, 90, 152, 55],
    [26, 40, 89, 122, 61],
    [26, 49, 93, 130, 52],
    [18, 18, 52, 102, 59],
    [18, 15, 82, 163, 80],
    [13, 10, 68, 136, 68],
    [9, 6, 48, 113, 53],
    [14, 8, 54, 127, 84],
    [8, 22, 106, 230, 100],
    [13, 15, 61, 119, 42],
    [24, 41, 81, 95, 58],
    [20, 39, 91, 122, 64],
    [45, 44, 118, 129, 60],
    [12, 20, 46, 73, 60],
    [261, 373, 590, 1036, 542]
  ],
  "method": "mult",
  "cond_prob": [
    [
      [1.0200415705e-10, 0.6735098726, 0.30051208975, 0.0019537299485, 6.0539307365e-05, 0.023963768294],
      [1.6831775572e-11, 0.0011879032026, 0.99698312835, 0.00022422488046, 4.9979351151e-05, 0.0015547642015],
      [0.0022562336042, 0.066728249757, 0.1362279354, 0.71787836673, 0.064681751268, 0.012227463241],
      [0.049873847271, 0.0076157699479, 0.017373225415, 0.055415358834, 0.85663602321, 0.013085775319],
      [0.10159496374, 0.056787349867, 0.35582929704, 0.14394921858, 0.29569569571, 0.046143475059]
    ],
    [
      [9.836328538e-11, 0.72111790574, 0.26455517571, 0.0016239740524, 4.7033123288e-05, 0.012655911272],
      [1.8353056515e-11, 0.00142770802, 0.99739002263, 0.00021074696718, 4.3905639057e-05, 0.00092761672626],
      [0.002570201537, 0.08383231392, 0.14152987815, 0.7050758712, 0.059367829142, 0.0076239060444],
      [0.060853500105, 0.010234128533, 0.019306526945, 0.058233648152, 0.84264024957, 0.0087319466907],
      [0.11606776196, 0.071406967356, 0.37041431763, 0.14148697052, 0.27178949061, 0.028834491922]
    ],
    [
      [1.1521171917e-10, 0.59538427413, 0.3379022921, 0.002669523895, 7.0140949747e-05, 0.063973768809],
      [1.6847830566e-11, 0.00093071150785, 0.99507054472, 0.00027151109203, 5.1316860566e-05, 0.0036759158043],
      [0.0019547142738, 0.045248370526, 0.11745084084, 0.7528293404, 0.057489844469, 0.025026889497],
      [0.047468594916, 0.0056677218574, 0.016435909492, 0.063740404058, 0.83729277691, 0.029394592767],
      [0.093655168587, 0.040877555325, 0.32577406005, 0.16016719471, 0.27917909257, 0.10034692875]
    ],
    [
      [1.2334085842e-10, 0.66620899045, 0.28820732517, 0.0024441276183, 6.6634012833e-05, 0.043072922626],
      [2.1182167493e-11, 0.0012283643878, 0.99551321039, 0.00029194135274, 5.7253297444e-05, 0.002909230555],
      [0.0022924568127, 0.055689709884, 0.10977532053, 0.75394903135, 0.059822775772, 0.018470705653],
      [0.05383510325, 0.0067545175029, 0.014872098463, 0.061881502264, 0.84165685697, 0.020999921552],
      [0.11078044137, 0.050862583583, 0.30773513728, 0.16235950581, 0.29348568587, 0.074776646084]
    ],
    [
      [1.8757823966e-10, 0.59015164945, 0.36592638397, 0.0022205507864, 8.7539004899e-05, 0.041613876604],
      [2.5272089529e-11, 0.00081617822355, 0.99671510197, 0.00020807713576, 5.9006710684e-05, 0.0022016359343],
      [0.0035818526318, 0.048632017197, 0.14304729017, 0.70568440214, 0.080738453841, 0.01831598402],
      [0.063578258041, 0.0044422248238, 0.014635298707, 0.04365126331, 0.85795836789, 0.015734587226],
      [0.13957999449, 0.03577458898, 0.32346759496, 0.12218077127, 0.31912384422, 0.059873206076]
    ],
    [
      [1.9716048034e-10, 0.48386438867, 0.47421977129, 0.0027030143839, 9.6731424302e-05, 0.03911609403],
      [2.0462823831e-11, 0.00050043600189, 0.99766178149, 0.00019511528152, 5.0228983226e-05, 0.0015924382269],
      [0.003140492004, 0.032361909469, 0.1545547483, 0.72116354057, 0.074428273829, 0.014351035832],
      [0.060419449018, 0.0031951775883, 0.017123098414, 0.048030001331, 0.85787844985, 0.013353823798],
      [0.12746425554, 0.024750664767, 0.36365370309, 0.1291879017, 0.30608138498, 0.048862089917]
    ],
    [
      [1.8857362974e-10, 0.70872256074, 0.26477866765, 0.0021545691336, 6.7015582406e-05, 0.024277186706],
      [3.5214864827e-11, 0.0014077231453, 0.99646905365, 0.00027984082063, 6.261263323e-05, 0.0017807697163],
      [0.0038955132774, 0.065280173121, 0.11204245049, 0.7403437887, 0.066876786488, 0.011561287927],
      [0.080975328754, 0.006996688825, 0.013420046373, 0.053620157453, 0.83336434768, 0.011623430917],
      [0.17202756317, 0.054354295075, 0.28648439068, 0.14509536083, 0.29929167686, 0.04274671338]
    ],
    [
      [1.1957398811e-10, 0.68323901745, 0.28317862756, 0.0023627492021, 8.04505023e-05, 0.031139155164],
      [2.0866174069e-11, 0.0012672910227, 0.99624041414, 0.00028676677281, 7.0238621034e-05, 0.0021352894251],
      [0.0022609344359, 0.057568900319, 0.10967631754, 0.7434406862, 0.073475952571, 0.013577208933],
      [0.044822625774, 0.0058888227446, 0.012537719845, 0.051372763057, 0.87234968576, 0.013028382817],
      [0.10463467357, 0.050322789175, 0.29443656504, 0.15291756845, 0.34501528512, 0.052673118639]
    ],
    [
      [1.7121727312e-10, 0.65776041842, 0.287286288, 0.0021393132205, 7.5627936142e-05, 0.05273835225],
      [2.9316200991e-11, 0.0011867281629, 0.99494722242, 0.00025476415902, 6.4786343397e-05, 0.0035464988871],
      [0.0034613674072, 0.058783709508, 0.11888651898, 0.72044137189, 0.073849929863, 0.024577102351],
      [0.066091472514, 0.0057863406583, 0.013081967431, 0.047890615133, 0.84444069603, 0.022708908235],
      [0.14293810601, 0.045821624942, 0.28482553295, 0.1320455528, 0.30927546742, 0.08509371588]
    ],
    [
      [1.8432479235e-10, 0.59202625939, 0.36552486351, 0.0025767808082, 0.0001097885378, 0.039762307562],
      [2.4915346586e-11, 0.00084421832514, 0.99672652135, 0.00024225156648, 7.4247405828e-05, 0.0021127613244],
      [0.0031051050908, 0.044137406373, 0.12611558005, 0.72186337671, 0.089328715995, 0.015449815782],
      [0.05106725236, 0.0037454695062, 0.011965916201, 0.041431122225, 0.87948458463, 0.01230565508],
      [0.12495722696, 0.033590805423, 0.29483128545, 0.12935312013, 0.36510450433, 0.052163057705]
    ],
    [
      [2.223591115e-10, 0.58666895127, 0.35207151583, 0.0027154810242, 8.6194717038e-05, 0.058457856936],
      [3.1056083218e-11, 0.00086629467838, 0.99560240998, 0.00026378046304, 6.0230089037e-05, 0.003207284757],
      [0.0036592920065, 0.04281218468, 0.11857914603, 0.74425446302, 0.068515623171, 0.022179291091],
      [0.074283707507, 0.0044820661436, 0.013872623657, 0.052615950522, 0.83295503215, 0.021790620025],
      [0.15594326872, 0.034450731982, 0.29332439678, 0.14083973944, 0.29619256905, 0.079249294024]
    ],
    [
      [5.6093422167e-11, 0.64191574805, 0.31373434229, 0.0021686811324, 7.224640575e-05, 0.04210898207],
      [8.7937528763e-12, 0.0010505600497, 0.99606368131, 0.00023646195553, 5.6665623371e-05, 0.0025926310554],
      [0.0011242405055, 0.056389719618, 0.12868479177, 0.72440836887, 0.069938159999, 0.019454719237],
      [0.023674458559, 0.0061188180039, 0.015618112085, 0.053095280285, 0.88166399406, 0.019829337003],
      [0.0520406741, 0.049292312967, 0.34585069937, 0.14884871766, 0.32842195941, 0.075545636491]
    ],
    [
      [1.7590669584e-10, 0.60888256951, 0.34695121823, 0.0027803062835, 0.00010137953457, 0.041284526271],
      [2.4913569051e-11, 0.00088798841971, 0.99647218287, 0.0002738707434, 7.1836468673e-05, 0.0022941214753],
      [0.002826185123, 0.042337457288, 0.11404562442, 0.74683687736, 0.07867364288, 0.015280212924],
      [0.052212877574, 0.0040239897368, 0.012134352693, 0.047852373909, 0.87012084472, 0.013655561372],
      [0.12398755343, 0.035021649021, 0.29016729617, 0.14486823718, 0.34972264636, 0.056232617829]
    ],
    [
      [1.9292705025e-10, 0.69479609603, 0.26881721247, 0.0023067093119, 7.3364186744e-05, 0.034006617812],
      [3.5411404408e-11, 0.0013390246532, 0.99584556102, 0.00029447591246, 6.7371348143e-05, 0.0024535670313],
      [0.0037521709362, 0.059543672133, 0.10706941756, 0.74546578723, 0.068914186706, 0.015254765426],
      [0.076158557383, 0.0062339243619, 0.01253712649, 0.052843744279, 0.83723102586, 0.014995621628],
      [0.16529596359, 0.049606872791, 0.27404744122, 0.14632959427, 0.30833391018, 0.056386217938]
    ],
    [
      [3.7224127485e-10, 0.6673837555, 0.30004629702, 0.0028838234761, 7.9591341133e-05, 0.029606532293],
      [6.0760142088e-11, 0.0011468591585, 0.99656413441, 0.0003273909379, 6.4998178144e-05, 0.0018966172527],
      [0.0060016771727, 0.047527217419, 0.098908182208, 0.77457557436, 0.061989042288, 0.010998306547],
      [0.12719842518, 0.0051882268426, 0.01206304643, 0.057099889027, 0.78717977417, 0.011270638344],
      [0.25801349183, 0.038494075301, 0.2465202395, 0.14750206224, 0.26986374951, 0.039606381625]
    ],
    [
      [4.1380319485e-10, 0.7291271784, 0.22318445241, 0.0031654520888, 0.00012105664754, 0.044401860039],
      [8.9720504056e-11, 0.0016142660731, 0.99399851951, 0.00047734797071, 0.00013131901401, 0.0037785473391],
      [0.0061028755486, 0.046180967313, 0.067178257902, 0.77921228246, 0.086236439211, 0.01508917757],
      [0.09875613451, 0.0038433740146, 0.006254093605, 0.043813179034, 0.83551842769, 0.011814791142],
      [0.25068378915, 0.035789285245, 0.16056346175, 0.14180970714, 0.3591503851, 0.052003371615]
    ],
    [
      [2.9783080919e-10, 0.70999805958, 0.25474817364, 0.0033080387934, 9.2302897248e-05, 0.031853424787],
      [5.7428934287e-11, 0.0014386137043, 0.99561643266, 0.0004436463179, 8.9046647708e-05, 0.0024122606101],
      [0.0043239573733, 0.045452257486, 0.07567724575, 0.79915642279, 0.064729880181, 0.010660236422],
      [0.091866422795, 0.0049770026884, 0.0092632833859, 0.059166820937, 0.82376708817, 0.010959382024],
      [0.21009386177, 0.041680495169, 0.21338843719, 0.17246808376, 0.31894634711, 0.043422775006]
    ],
    [
      [1.6836938095e-10, 0.73942896194, 0.22854315664, 0.0036598732636, 0.00010269822924, 0.028265309755],
      [3.6012555514e-11, 0.0016553937076, 0.99531851213, 0.00054445534693, 0.00010989929031, 0.0023717394876],
      [0.0022574254395, 0.043554582506, 0.062640115552, 0.81630700174, 0.066511612423, 0.0087292623435],
      [0.049144620159, 0.0048800884082, 0.0078442424021, 0.061871246665, 0.86707430053, 0.0091855018342],
      [0.12693743199, 0.046101505884, 0.20407235872, 0.20338573251, 0.37839643046, 0.041106540446]
    ],
    [
      [3.0046306447e-10, 0.71712933702, 0.24845299883, 0.0024150867274, 8.1901941818e-05, 0.03192067518],
      [5.9331366031e-11, 0.0014815305364, 0.99563001145, 0.00033168700955, 8.0914910365e-05, 0.0024758560321],
      [0.0056159763783, 0.058867470761, 0.095000689453, 0.75282440831, 0.073936825932, 0.013754629165],
      [0.10400581731, 0.0056197228734, 0.010139967659, 0.048507282583, 0.81939515716, 0.012332052412],
      [0.2316087147, 0.045869479333, 0.22768399134, 0.13781344467, 0.30942333233, 0.047601037635]
    ],
    [
      [7.6892015672e-11, 0.75396663392, 0.21526272773, 0.0023933549615, 6.5049731115e-05, 0.028312233574],
      [1.7582160062e-11, 0.001836223822, 0.99516430878, 0.00038063132997, 7.4417931441e-05, 0.0025444181165],
      [0.0014951290343, 0.065452989856, 0.085689740872, 0.77357147142, 0.061094399953, 0.012696268868],
      [0.03540908475, 0.0080004859801, 0.0116999431, 0.063932032732, 0.86640263111, 0.014555822329],
      [0.081197453241, 0.067160924296, 0.27018706127, 0.18693823755, 0.33671366148, 0.05780266216]
    ],
    [
      [2.2976252611e-10, 0.72563998461, 0.24970857054, 0.0024686500552, 6.9084646485e-05, 0.022113709921],
      [4.5202603268e-11, 0.0015019550537, 0.99638391235, 0.000337791754, 6.7999683846e-05, 0.0017083411137],
      [0.004297648487, 0.059915954501, 0.095558897083, 0.76828091829, 0.062412841861, 0.0095337397762],
      [0.094154722948, 0.0067658498857, 0.012060603451, 0.058658736981, 0.81825334667, 0.010106740066],
      [0.19976477041, 0.052561102371, 0.25779560166, 0.15862384551, 0.29409598899, 0.037158691062]
    ],
    [
      [1.1522750137e-10, 0.77727074447, 0.18604881507, 0.0018484095131, 5.7676874743e-05, 0.034774353961],
      [3.0390308921e-11, 0.0021410180142, 0.99384092269, 0.00033906404121, 7.6106507756e-05, 0.0036028887151],
      [0.0027638248959, 0.081748258358, 0.091325802943, 0.738111962, 0.066819771716, 0.019230380091],
      [0.058534781839, 0.0089230902156, 0.011149235636, 0.054474348538, 0.84720218471, 0.019716359063],
      [0.12983312114, 0.07254725345, 0.24918749544, 0.15410703967, 0.31853985665, 0.075785233652]
    ],
    [
      [5.44128555e-10, 0.71079579351, 0.23452124407, 0.0023441379392, 8.1655494394e-05, 0.052257168442],
      [1.1334416281e-10, 0.0015393775106, 0.99375960426, 0.00033961390643, 8.5098941501e-05, 0.0042763052684],
      [0.010341652952, 0.058989804924, 0.091141955398, 0.74166904895, 0.074958446667, 0.022899091111],
      [0.17311744154, 0.0050880716272, 0.0087913217663, 0.04327068435, 0.75117409294, 0.018558387784],
      [0.34958722921, 0.037676871055, 0.1791482082, 0.11145787954, 0.25718084211, 0.06494896989]
    ],
    [
      [1.7986671791e-10, 0.74485962873, 0.21561471655, 0.00260769707, 7.7552321641e-05, 0.036840405153],
      [4.0842051552e-11, 0.0017662731007, 0.99444624346, 0.00041183257399, 8.810339557e-05, 0.0032875474339],
      [0.0032243076168, 0.05854352377, 0.079057421131, 0.77679733704, 0.067147373551, 0.015230036891],
      [0.067689035652, 0.0063358792858, 0.0095666197166, 0.056941233498, 0.84398496439, 0.015482267458],
      [0.15740531799, 0.054025660811, 0.22444387025, 0.16890065862, 0.33284616928, 0.062378323052]
    ],
    [
      [1.99248776e-10, 0.72797932328, 0.24568722158, 0.0022105891638, 6.5144299185e-05, 0.024057721473],
      [3.9788156624e-11, 0.0015223337563, 0.99622028757, 0.00030702191608, 6.5084216616e-05, 0.0018852724976],
      [0.0040689511492, 0.065343097683, 0.10262160004, 0.75237786517, 0.064269519994, 0.011318965965],
      [0.087116963036, 0.007202386411, 0.012645288883, 0.056000841468, 0.82531798419, 0.011716536015],
      [0.18467112363, 0.055857184076, 0.2698506668, 0.15116954705, 0.29542399855, 0.043027479894]
    ],
    [
      [1.6317342931e-10, 0.71731998956, 0.26589408597, 0.0022511304083, 8.7062287489e-05, 0.014447731605],
      [3.0022149092e-11, 0.0013396092287, 0.99725063824, 0.00028806577112, 8.0142616628e-05, 0.0010415441114],
      [0.003208437467, 0.060234580996, 0.10685197816, 0.74047251937, 0.082694015071, 0.0065384689355],
      [0.0567429567, 0.0054686299189, 0.010865066242, 0.045339844412, 0.87599617817, 0.0055873245557],
      [0.14133359521, 0.049890715276, 0.27254307662, 0.14376687345, 0.36832430602, 0.024141433421]
    ],
    [
      [8.0306834096e-11, 0.66275067375, 0.28517391711, 0.002945777396, 8.5927587269e-05, 0.049043704071],
      [1.3828714775e-11, 0.001198171569, 0.99505719796, 0.00035280551479, 7.4029196534e-05, 0.0033177957459],
      [0.0012727812953, 0.046279703009, 0.092487508068, 0.77626012345, 0.065778471006, 0.017921413168],
      [0.028284965854, 0.0053022196779, 0.01184615942, 0.060181651866, 0.87510642769, 0.019278575491],
      [0.066468049549, 0.045651814969, 0.28051731799, 0.18032553366, 0.34854281256, 0.078494471276]
    ],
    [
      [7.4703280693e-11, 0.72376242375, 0.2643882805, 0.0023784722432, 6.8352702206e-05, 0.0094024707366],
      [1.3913967498e-11, 0.0014094641212, 0.99753141375, 0.00030811330046, 6.3695405121e-05, 0.00068731341363],
      [0.0014395914274, 0.061216441031, 0.1042612748, 0.76528159713, 0.06362623765, 0.004174857958],
      [0.033229206415, 0.0072769147538, 0.013860392489, 0.061335644179, 0.87963675651, 0.004661085657],
      [0.076487408323, 0.061323297259, 0.32112853535, 0.17993676254, 0.34252837049, 0.018595626044]
    ],
    [
      [1.0704400623e-10, 0.69075768841, 0.29057616066, 0.0023997205591, 7.5684570711e-05, 0.016190745686],
      [1.8149217934e-11, 0.0012236841058, 0.99735202001, 0.00028298298877, 6.4201329475e-05, 0.0010771115439],
      [0.0020167751469, 0.057082738023, 0.11204103234, 0.75294569351, 0.068886528981, 0.0070272320025],
      [0.042712489407, 0.0062217225077, 0.01365864702, 0.055466447908, 0.87474656869, 0.0071941244674],
      [0.098512469411, 0.052494547409, 0.31675995802, 0.16285209898, 0.34063678, 0.028744146176]
    ],
    [
      [2.8355133626e-10, 0.70223789593, 0.26456961049, 0.002101365063, 9.4574490154e-05, 0.030996553747],
      [5.2641830142e-11, 0.0013374798572, 0.99604869372, 0.00027133036146, 8.7844464578e-05, 0.0022546515458],
      [0.0057643188389, 0.061567235337, 0.11003078227, 0.7152503158, 0.092884911786, 0.01450243597],
      [0.087879976587, 0.0048201038205, 0.0096459195305, 0.037706163677, 0.84926931814, 0.010678518245],
      [0.21326805967, 0.04279250646, 0.23523675611, 0.11643996559, 0.3473308292, 0.044931882976]
    ],
    [
      [2.3123589865e-10, 0.73382770336, 0.25746910234, 0.0025528573446, 7.2167856892e-05, 0.006078168866],
      [4.4010439408e-11, 0.0014273014906, 0.99771244118, 0.00033792921156, 6.872035005e-05, 0.00045360772445],
      [0.0042058901069, 0.057360857068, 0.095734813548, 0.77674314784, 0.06340952324, 0.0025457682012],
      [0.091706767096, 0.0064269801616, 0.012009426273, 0.058670761587, 0.82850260446, 0.0026834604261],
      [0.2012897745, 0.051683399542, 0.26555207351, 0.16405255402, 0.30720811167, 0.010214086761]
    ],
    [
      [1.4977812482e-10, 0.72421747141, 0.24427793791, 0.0021278719117, 5.3559050555e-05, 0.029323159577],
      [3.0045082162e-11, 0.0014950245482, 0.99584733631, 0.00029687360032, 5.3752539345e-05, 0.0023070129687],
      [0.003182301682, 0.066553927031, 0.10613794796, 0.75480120201, 0.054975969209, 0.014348652106],
      [0.07872418457, 0.0084636353883, 0.015107066534, 0.064795338895, 0.81575198776, 0.017157786848],
      [0.15383906949, 0.060559543731, 0.29718896334, 0.16123538878, 0.26906177323, 0.058115261435]
    ],
    [
      [1.3241496439e-10, 0.73944411822, 0.20086162525, 0.0024979442618, 7.2637687335e-05, 0.057123674445],
      [3.2356657467e-11, 0.0019238743803, 0.99207879906, 0.00042453727044, 8.8803421131e-05, 0.0054839858328],
      [0.0024571651694, 0.061241416052, 0.076307619188, 0.77044716398, 0.065106601988, 0.02444003362],
      [0.05333771662, 0.006857641776, 0.0095452579942, 0.05833572896, 0.84625429661, 0.025669358037],
      [0.12218048637, 0.057469967925, 0.22003430533, 0.17028177037, 0.32821766736, 0.10181580265]
    ],
    [
      [6.2908373007e-11, 0.74405237257, 0.2130022241, 0.0024432933353, 6.5552348471e-05, 0.040436557585],
      [1.4558323919e-11, 0.0018219175831, 0.99403429567, 0.00039326406588, 7.5898341437e-05, 0.0036746243292],
      [0.0011991393896, 0.062935883726, 0.083158928943, 0.77458551696, 0.060354851703, 0.01776567928],
      [0.028760481088, 0.007780720639, 0.01149290315, 0.064743747142, 0.8666116399, 0.020610508086],
      [0.065725685302, 0.065051304476, 0.26400486978, 0.18847917155, 0.33515946915, 0.081579499737]
    ],
    [
      [9.0621589908e-11, 0.71310378744, 0.24249978226, 0.0021614080179, 6.6885212631e-05, 0.042168136976],
      [1.8450081079e-11, 0.0015569090793, 0.99469538251, 0.00030606145601, 6.8129910973e-05, 0.0033735170224],
      [0.0018713567382, 0.066153664598, 0.10258218654, 0.74259156371, 0.066722642678, 0.020078585736],
      [0.040367026541, 0.0073608371484, 0.012748335877, 0.05578858192, 0.86279126825, 0.020943950262],
      [0.090026719218, 0.059982305071, 0.28559251541, 0.15844186773, 0.32516189381, 0.08079469877]
    ],
    [
      [1.2756867187e-10, 0.69078862544, 0.26550007509, 0.0024011741089, 6.3893846736e-05, 0.041246231388],
      [2.3731311343e-11, 0.0013773156357, 0.99523614743, 0.00031067731075, 5.9467248482e-05, 0.0030163923505],
      [0.0024270667129, 0.059014826769, 0.10347615822, 0.75826313815, 0.058718649569, 0.018100160582],
      [0.057749227482, 0.0072481960818, 0.014194732289, 0.06302347455, 0.83694323649, 0.020841133107],
      [0.11905263001, 0.054653331246, 0.2942513809, 0.16556156223, 0.29213537628, 0.074345719332]
    ],
    [
      [7.1695174941e-11, 0.7209736199, 0.25481936468, 0.0021795277361, 6.3047291092e-05, 0.021964440327],
      [1.3935252359e-11, 0.0015070897353, 0.99645818126, 0.0002946422382, 6.1310159427e-05, 0.0016787765904],
      [0.0014848748924, 0.067260753878, 0.10814464961, 0.74954454843, 0.063070775288, 0.010494397905],
      [0.034255838471, 0.0080121095538, 0.014386975661, 0.060383961482, 0.87124451395, 0.011716600883],
      [0.075626424117, 0.064686836809, 0.31924665199, 0.16989552714, 0.32579912422, 0.044745435716]
    ],
    [
      [1.2602125482e-10, 0.82432087601, 0.15145383113, 0.0019854266661, 6.0753464211e-05, 0.022179112601],
      [4.0497375944e-11, 0.0027579139061, 0.99390476685, 0.00044374950998, 9.7677657615e-05, 0.0027958920376],
      [0.0029022761426, 0.082996751001, 0.071264632313, 0.76348990819, 0.067581061782, 0.011765370572],
      [0.061216955604, 0.0090110485505, 0.0086482561959, 0.055902628605, 0.85322002628, 0.012001084765],
      [0.14650884981, 0.078955532072, 0.20879901548, 0.17047304418, 0.34546217846, 0.049801379989]
    ],
    [
      [9.884725051e-11, 0.78647714055, 0.17792934927, 0.0020558995167, 7.4451890725e-05, 0.033463158673],
      [2.7063477467e-11, 0.0022695236953, 0.99363977681, 0.00039149403668, 0.00010198489227, 0.0035972205407],
      [0.0021575320017, 0.075903731923, 0.079369042392, 0.74724748235, 0.078488527301, 0.016833684031],
      [0.040413302523, 0.0073289162429, 0.008559159088, 0.048739311288, 0.87970241322, 0.015256897641],
      [0.10330328249, 0.068584005014, 0.22079386052, 0.15880180765, 0.38092873783, 0.067588306492]
    ],
    [
      [8.5952554274e-11, 0.74161056701, 0.23775131585, 0.0018647830621, 5.2840919228e-05, 0.018720493075],
      [1.7866141957e-11, 0.0016482586627, 0.99649817605, 0.00026959044714, 5.4951995025e-05, 0.0015290228244],
      [0.0020311673605, 0.078521159197, 0.11507582949, 0.73385100344, 0.060320038975, 0.01020080153],
      [0.048016033792, 0.0095773700414, 0.015678607389, 0.060397334712, 0.85466414663, 0.011666507437],
      [0.099530906798, 0.072599617096, 0.32675786686, 0.15955331006, 0.2996997043, 0.04185859489]
    ],
    [
      [2.7894594212e-11, 0.70401678708, 0.27114099512, 0.0020041241417, 6.8676069778e-05, 0.022769417558],
      [5.0595273068e-12, 0.0013490364091, 0.99671671987, 0.00025282193791, 6.2321290932e-05, 0.0016191004837],
      [0.00060616839444, 0.067784268506, 0.12054950374, 0.727564727, 0.072103571475, 0.011391760882],
      [0.012634226102, 0.0072673512649, 0.014442149228, 0.052520255298, 0.90167372211, 0.011462295998],
      [0.029900060113, 0.062761398375, 0.34318479347, 0.15801567739, 0.35917405922, 0.046964011434]
    ],
    [
      [2.8728607955e-10, 0.7768745221, 0.19556977257, 0.0019756478193, 5.8738034529e-05, 0.025521319185],
      [7.2198268623e-11, 0.0020688345755, 0.99499056799, 0.00034532535839, 7.3853777539e-05, 0.002521418222],
      [0.0065291455109, 0.078458960581, 0.090971469355, 0.74618516162, 0.064476209009, 0.013379053924],
      [0.1324157351, 0.0082131200367, 0.010640049321, 0.052845923287, 0.78274412257, 0.013141049685],
      [0.26871992209, 0.061072756463, 0.21766946204, 0.1368269304, 0.2695162922, 0.046194636813]
    ],
    [
      [3.9657449783e-10, 0.7840202461, 0.19812736419, 0.0023647385213, 7.6481402882e-05, 0.015411169391],
      [9.8079871005e-11, 0.0020420698904, 0.99595870523, 0.00040676441298, 9.4635057773e-05, 0.0014978253082],
      [0.0077264798351, 0.067495238343, 0.078944951999, 0.76694141434, 0.071967671814, 0.0069242436683],
      [0.14150571028, 0.0063769440047, 0.0083339632753, 0.04896886469, 0.78867338752, 0.0061411302286],
      [0.31036173957, 0.051263453792, 0.18447105947, 0.13704514732, 0.29351804005, 0.023340559806]
    ],
    [
      [3.1792109195e-10, 0.73255112305, 0.24019635194, 0.0024917366394, 8.2408295095e-05, 0.024678379757],
      [6.5151588582e-11, 0.0015935608872, 0.99597959923, 0.00035515130866, 8.449241072e-05, 0.0019871961031],
      [0.0058343422333, 0.059834336036, 0.090226496176, 0.76061753701, 0.073044223165, 0.010443065375],
      [0.10896891072, 0.0057662261115, 0.0097143881489, 0.049541731133, 0.81656702308, 0.0094417208107],
      [0.24438824604, 0.047350031016, 0.21945082981, 0.14168547848, 0.31044453133, 0.036680883328]
    ],
    [
      [2.004256882e-10, 0.6836288859, 0.27764214132, 0.0021793111045, 6.6875052155e-05, 0.036482786417],
      [3.5706589126e-11, 0.0013060610416, 0.99580816172, 0.00027003629761, 5.9607405713e-05, 0.002556133497],
      [0.0040725720943, 0.06240893717, 0.11559241385, 0.73518821458, 0.065634287376, 0.017103574928],
      [0.085273355047, 0.0067499283499, 0.013964434792, 0.053797520852, 0.82287304927, 0.017341711692],
      [0.17450118195, 0.050564426971, 0.28751978047, 0.14041275016, 0.28557439781, 0.061427462648]
    ],
    [
      [1.7530434715e-10, 0.78511986584, 0.18355867703, 0.0019673863138, 6.7585217628e-05, 0.029286485424],
      [4.6438927343e-11, 0.002147655848, 0.99435698345, 0.00036247573899, 8.9574071909e-05, 0.003043310848],
      [0.0039704116519, 0.077155816078, 0.084918438088, 0.74473704063, 0.073940014887, 0.015278278659],
      [0.075677845367, 0.0075652756175, 0.0093109767013, 0.049231752789, 0.84413131163, 0.014082837896],
      [0.17712285945, 0.064859215289, 0.2199343408, 0.14683852701, 0.33409317332, 0.057151884125]
    ],
    [
      [1.1812066598e-10, 0.84977704282, 0.11123473537, 0.0020779075515, 5.6835974626e-05, 0.036853478161],
      [5.1518700998e-11, 0.0038394757073, 0.98909970732, 0.00063032893808, 0.00012402334421, 0.0063064646363],
      [0.0026634045875, 0.083383587468, 0.051260739325, 0.78163766461, 0.061912108192, 0.019142495821],
      [0.060310108363, 0.0097133474132, 0.0066780087694, 0.061478416587, 0.84086230381, 0.020957815053],
      [0.14365808033, 0.084711808635, 0.16034490814, 0.18651953906, 0.33825016171, 0.08651550213]
    ],
    [
      [1.8404935368e-10, 0.70116609708, 0.26002756542, 0.0025585200311, 7.5506024489e-05, 0.036172311261],
      [3.438589843e-11, 0.0013436906382, 0.99560584275, 0.00033245533781, 7.0577909852e-05, 0.0026474333258],
      [0.0032980413672, 0.054178594779, 0.0951300739, 0.76711494133, 0.065361700474, 0.014916648146],
      [0.070678170143, 0.0059628057228, 0.011710887109, 0.056886377405, 0.83932122039, 0.015440539235],
      [0.15661258708, 0.048341240279, 0.26164643435, 0.16040193037, 0.31365811462, 0.059339693307]
    ],
    [
      [2.6227809739e-10, 0.76433351081, 0.14736412675, 0.0023698928143, 9.6510689513e-05, 0.08583595867],
      [8.5876068202e-11, 0.0026245688723, 0.98565584835, 0.00053968120265, 0.00015809810145, 0.011021803392],
      [0.0049553249161, 0.063556514195, 0.056879961936, 0.74917396016, 0.088087104366, 0.037347134429],
      [0.078890814195, 0.0052077539689, 0.0052064711688, 0.041296607373, 0.84066301071, 0.028735342587],
      [0.19987365146, 0.048241577231, 0.13296955038, 0.13323736486, 0.35950477798, 0.12617307809]
    ],
    [
      [9.177879819e-11, 0.77148125601, 0.19372240587, 0.0027458359206, 9.3124771177e-05, 0.031957377336],
      [2.3051270733e-11, 0.0020294766988, 0.9942232015, 0.00047965511088, 0.00011701965909, 0.0031506470124],
      [0.0015692497653, 0.057989891737, 0.067668502628, 0.78327334866, 0.076907631244, 0.012591375964],
      [0.030396595396, 0.0057870164132, 0.0075441522933, 0.052733870484, 0.89173825014, 0.011800115274],
      [0.082953340902, 0.057833327383, 0.20786211001, 0.1834610537, 0.41206866912, 0.055821498884]
    ],
    [
      [1.0183782049e-10, 0.75680391182, 0.21509612164, 0.0028101055775, 8.2443755827e-05, 0.025207417109],
      [2.3167429985e-11, 0.0017796829241, 0.99543342794, 0.00044462459774, 9.3835600823e-05, 0.0022484289161],
      [0.0017194888906, 0.055496378756, 0.074255623479, 0.79148500688, 0.067243198531, 0.0098003034636],
      [0.037433355881, 0.0062114842208, 0.0092982523623, 0.059826914875, 0.87691908829, 0.010310904366],
      [0.094556566007, 0.057419477843, 0.23645365122, 0.1923641371, 0.37405521977, 0.045150948067]
    ],
    [
      [1.178102595e-10, 0.65463792362, 0.24260549636, 0.0027012769183, 0.00010660145566, 0.09994870153],
      [2.3453405647e-11, 0.0013147035068, 0.99040732419, 0.00037401552122, 0.0001061761672, 0.0077977805894],
      [0.001946428912, 0.045929589592, 0.081827320251, 0.74721131185, 0.085072763001, 0.038012586398],
      [0.033556271947, 0.0040647934245, 0.0081092738372, 0.044585735353, 0.87800586967, 0.031678055771],
      [0.085934049235, 0.038163931925, 0.20964661061, 0.14545552352, 0.38003022392, 0.14076966079]
    ],
    [
      [2.5485711566e-10, 0.77995860766, 0.1931341682, 0.0021874319955, 8.5436721451e-05, 0.024634355168],
      [6.4191838862e-11, 0.0020037526902, 0.9950722424, 0.0003831932212, 0.00010766355961, 0.0024331480599],
      [0.0052238587849, 0.068583685534, 0.08085502651, 0.7491166525, 0.084592782973, 0.011627993695],
      [0.087243861068, 0.0058857382605, 0.0077659696578, 0.043394668221, 0.84632054027, 0.0093892225186],
      [0.21714792489, 0.05368616664, 0.19503583581, 0.13759129489, 0.35601138034, 0.040527397434]
    ],
    [
      [2.7853562176e-10, 0.80228697513, 0.15896361598, 0.0025858569171, 7.453512512e-05, 0.036089016571],
      [8.5521752696e-11, 0.002585107391, 0.99239707305, 0.00055221180118, 0.00011449800995, 0.0043511096581],
      [0.0051092732754, 0.064813440628, 0.05962799158, 0.7891507811, 0.066040377875, 0.015258135544],
      [0.1046484253, 0.0068404281996, 0.0070332076267, 0.056327350175, 0.81003000824, 0.015120580455],
      [0.24018035549, 0.057486494346, 0.16272922548, 0.16474840071, 0.31472605342, 0.060129470556]
    ],
    [
      [1.2571563595e-10, 0.71216496529, 0.24482258802, 0.0032858773348, 8.7097360271e-05, 0.039639471873],
      [2.5205391356e-11, 0.0014904233461, 0.99484689742, 0.00045820507742, 8.7367568208e-05, 0.0031171065664],
      [0.0018465044349, 0.045838712078, 0.073575314804, 0.80353690086, 0.06179356468, 0.013409003138],
      [0.042998044542, 0.0054920444549, 0.0098590688622, 0.065088213183, 0.86147168126, 0.0150909477],
      [0.10317083364, 0.048198859356, 0.23789676925, 0.1987570259, 0.34922778008, 0.062748731777]
    ],
    [
      [1.3837460383e-10, 0.7598717867, 0.19772729897, 0.0023734900798, 6.3198678375e-05, 0.039964225429],
      [3.4346235062e-11, 0.0019846915166, 0.99363195248, 0.00040974681842, 7.8482322829e-05, 0.003895126823],
      [0.0027132754338, 0.065783667076, 0.079348493568, 0.77423904138, 0.059853906488, 0.018061616056],
      [0.063240447977, 0.0079025007387, 0.010655624603, 0.062892925061, 0.83493971243, 0.02036878919],
      [0.13859033617, 0.063405062986, 0.23510809625, 0.17565157987, 0.30989879483, 0.077346129891]
    ],
    [
      [1.6235213882e-11, 0.79262981822, 0.17901058187, 0.0023629462805, 6.3294745532e-05, 0.025933358867],
      [4.4561887438e-12, 0.0023003312081, 0.99436644653, 0.00045109150583, 8.6918921128e-05, 0.0027952118279],
      [0.00032363066341, 0.070067142973, 0.073035506198, 0.78371346148, 0.060944884588, 0.011915374094],
      [0.0079100520113, 0.0088277824016, 0.010283227033, 0.06673582261, 0.89215499351, 0.014088122439],
      [0.019574694261, 0.079934023715, 0.25610524203, 0.21041313388, 0.37358505202, 0.060387854092]
    ],
    [
      [5.3656172141e-11, 0.77028869327, 0.194768817, 0.0023745888834, 6.595804379e-05, 0.032501942754],
      [1.3547357039e-11, 0.0020560448548, 0.99422171047, 0.00041699305187, 8.3318945054e-05, 0.0032219326686],
      [0.0010543218217, 0.067110572912, 0.078346041724, 0.77616841972, 0.062602003228, 0.014718640597],
      [0.024663627059, 0.008090982672, 0.010556903958, 0.063259164661, 0.87677636799, 0.016652953661],
      [0.058973287284, 0.07077289576, 0.25390532952, 0.19266621725, 0.35470979279, 0.068972477393]
    ],
    [
      [2.8862773996e-10, 0.65384041358, 0.26127305754, 0.0031173663521, 9.6706121187e-05, 0.081672456114],
      [5.3779285537e-11, 0.0012742204072, 0.99226080828, 0.00040398395357, 9.0151307844e-05, 0.0059708359998],
      [0.0042965872357, 0.042732742637, 0.079494354122, 0.7759257043, 0.069542671998, 0.028007939706],
      [0.084747057482, 0.0043395860552, 0.0090220360983, 0.053054575928, 0.8221236824, 0.026713062039],
      [0.19069197512, 0.035734683142, 0.20464959922, 0.1521207483, 0.31262326303, 0.10417973119]
    ],
    [
      [2.4801307266e-10, 0.79525949384, 0.1594280612, 0.0025883073002, 7.6406301646e-05, 0.042647731111],
      [7.5846115618e-11, 0.0025572865484, 0.99165069377, 0.00055052853777, 0.00011690391444, 0.0051245871508],
      [0.0045292301023, 0.06407975601, 0.059535529166, 0.78650261749, 0.067393963419, 0.017958903811],
      [0.092140476619, 0.0067228551398, 0.0069793654691, 0.055791979185, 0.82067650064, 0.01768882295],
      [0.21518598426, 0.057536122855, 0.16448700954, 0.16620291634, 0.32500646858, 0.071581498422]
    ],
    [
      [2.7101304797e-10, 0.82431948321, 0.13480830503, 0.002682005859, 0.00010229069692, 0.03808791493],
      [9.747408668e-11, 0.0030885376053, 0.99067775242, 0.00067090608122, 0.00018406711981, 0.0053787366792],
      [0.004741569345, 0.063088265757, 0.048185548009, 0.78218243543, 0.086443664048, 0.015358517416],
      [0.078279448788, 0.0053648942768, 0.0045795873559, 0.044928068496, 0.85457799825, 0.012270002836],
      [0.21302668861, 0.053497191668, 0.12585703925, 0.15588972916, 0.39385377418, 0.057875577141]
    ],
    [
      [2.3465608256e-10, 0.82468313478, 0.15814570392, 0.0030041448364, 9.9851006634e-05, 0.014067165216],
      [7.1655657075e-11, 0.0025810659693, 0.99494379878, 0.00063802503403, 0.00015255000321, 0.0016845601386],
      [0.0037581652564, 0.056915050638, 0.051660918672, 0.80522888351, 0.077248597961, 0.005188383962],
      [0.07003091681, 0.0054521494028, 0.0055327180224, 0.051967708712, 0.86234167027, 0.004674836779],
      [0.19130960984, 0.054572826418, 0.15285722203, 0.18091155337, 0.39820047001, 0.022148318323]
    ],
    [
      [2.8811008611e-10, 0.82102799112, 0.14716712929, 0.0022839637919, 7.634456507e-05, 0.029444570946],
      [9.5158243234e-11, 0.0028290755718, 0.99270040763, 0.00052466049278, 0.00012615578901, 0.0038197004229],
      [0.0058335095273, 0.07281919159, 0.060882778855, 0.77205440357, 0.074666499592, 0.013743616865],
      [0.10676823988, 0.006867664296, 0.0064169464342, 0.04910685932, 0.81866440435, 0.012175885719],
      [0.25470193068, 0.060048098084, 0.15462508198, 0.14944920353, 0.33083513646, 0.050340549265]
    ],
    [
      [5.7329975502e-10, 0.71901602793, 0.24749927913, 0.0047072303669, 0.00014976673729, 0.028627695258],
      [1.1374175128e-10, 0.0014894834284, 0.99547908288, 0.00064954815145, 0.00014866017008, 0.0022332252601],
      [0.0060444332121, 0.033233860648, 0.053394736521, 0.82410385566, 0.076260091082, 0.0069630228758],
      [0.10917804376, 0.0030962469801, 0.0055633064611, 0.052040810556, 0.82402813674, 0.0060934554982],
      [0.27735979429, 0.028863760645, 0.1426086421, 0.16874178127, 0.35560435098, 0.026821670728]
    ],
    [
      [1.2858762048e-10, 0.74714508096, 0.19684236509, 0.002963965748, 8.488058879e-05, 0.052963707487],
      [3.1684267227e-11, 0.0019083236108, 0.99236225169, 0.00050794703596, 0.00010463910056, 0.0051168385327],
      [0.0020666523759, 0.0522858571, 0.064612466629, 0.79553858448, 0.065895841592, 0.019600597824],
      [0.045053158146, 0.005862398139, 0.0080984145523, 0.060163701073, 0.86016857978, 0.020653748306],
      [0.11097673554, 0.052848880256, 0.2012271733, 0.18871282772, 0.35801855317, 0.088215830016]
    ],
    [
      [2.4094497413e-10, 0.73017045796, 0.19370963618, 0.0033003442647, 8.4062863188e-05, 0.072735498485],
      [6.0844864448e-11, 0.0019451775246, 0.99015946233, 0.00057965472709, 0.00010620655993, 0.0072094987983],
      [0.0035361697283, 0.047421342294, 0.058183735216, 0.80666258797, 0.059599048249, 0.024597116538],
      [0.080665336476, 0.0055722365786, 0.0076415119635, 0.064017120011, 0.81497562115, 0.027128173822],
      [0.1816490196, 0.045887141257, 0.17306651542, 0.18356294891, 0.31002945846, 0.10580491635]
    ],
    [
      [2.0311944635e-10, 0.76160910019, 0.19679259058, 0.002584129749, 7.0978350979e-05, 0.038943200927],
      [5.0665320744e-11, 0.0019999329278, 0.99364865856, 0.00044831069304, 8.8578088373e-05, 0.0038145196787],
      [0.003699277693, 0.061265171145, 0.073353348563, 0.78289362217, 0.06244092559, 0.016347654835],
      [0.081561252975, 0.0069612671282, 0.0093171177127, 0.06015422862, 0.82456888368, 0.017437249888],
      [0.18236762793, 0.056975922111, 0.20970276909, 0.17138357143, 0.31202745999, 0.067542649442]
    ],
    [
