{
  "Z_true": {},
  "V_true": [
    [11, 663, 1226, 255, 16],
    [171, 903, 10091, 1224, 145],
    [117, 151, 656, 16097, 124],
    [733, 48, 526, 679, 51],
    [22, 212, 460, 388, 43],
    [59, 71, 206, 332, 130]
  ],
  "p_true": [
    [0.0051, 0.3054, 0.5647, 0.1175, 0.0074],
    [0.0136, 0.072, 0.8051, 0.0977, 0.0116],
    [0.0068, 0.0088, 0.0383, 0.9389, 0.0072],
    [0.3598, 0.0236, 0.2582, 0.3333, 0.025],
    [0.0196, 0.1884, 0.4089, 0.3449, 0.0382],
    [0.0739, 0.089, 0.2581, 0.416, 0.1629]
  ],
  "Z_est": [
    [
      [0, 0.0318, 0.0227, 0, 0, 0, 0, 0, 0, 0.0547, 0, 0.0374, 0, 0.002, 0.0008, 0, 0.0003, 0.0003, 0, 0, 0.0053, 0, 0, 0, 0.0015, 0.0029, 0.0003, 0.0056, 0.0049, 0.0113, 0.0156, 0, 0, 0.0005, 0.0018, 0, 0, 0, 0, 5.4013e-17, 0.0928, 0.021, 0, 0.0354, 3.9228e-32, 0, 0, 0, 0, 0, 0, 0.0002, 0, 0, 0, 0.0474, 0.0362],
      [116.539, 37.3627, 0.9414, 1.2775, 0, 45.8856, 0, 3.627, 6.5412, 44.4104, 83.3318, 1.8438, 0, 14.5939, 0.7502, 0, 1.8154, 0.4847, 0, 0, 11.359, 12.6157, 9.5019, 9.871, 12.5455, 4.875, 2.2446, 5.9292, 1.7527, 4.9886, 6.9981, 11.0739, 4.6007, 4.9837, 0, 7.8818, 25.8382, 15.4532, 22.5494, 0.9382, 0.6079, 15.6853, 28.2148, 10.8699, 0.6645, 10.0957, 12.5349, 7.7483, 3.416, 12.987, 0, 1.7104, 0, 0.2118, 60.9511, 89.8344, 44.7595],
      [203.5275, 44.5945, 2.9947, 2.4952, 0, 65.8168, 0.9052, 4.9432, 9.7898, 63.4748, 106.981, 2.1188, 0, 25.799, 0.2371, 0, 1.9942, 1.4099, 0, 0.9149, 21.711, 26.1882, 13.1846, 20.4116, 20.6032, 5.7077, 1.6217, 4.7741, 3.9856, 8.4371, 9.3678, 13.5245, 9.5459, 13.7947, 0.9184, 6.318, 39.9398, 25.3779, 29.8591, 0.0569, 3.0026, 49.6148, 38.1324, 19.649, 0.253, 19.996, 18.3368, 11.0695, 8.7324, 24.5437, 0, 2.0727, 0, 0.7425, 66.6829, 95.563, 56.6358],
      [17.7954, 3.9362, 0.0411, 0.2273, 0, 5.2975, 0.0948, 0.4298, 0.6461, 4.9909, 7.6271, 0, 0, 2.5903, 0.0113, 0, 0.1878, 0.1022, 0, 0.0811, 1.9004, 2.1756, 1.2952, 1.7005, 1.8335, 0.4135, 0.1291, 0.2878, 0.2538, 0.5552, 0.6039, 1.4001, 0.8397, 1.1984, 0.0784, 0.8002, 3.1879, 2.1427, 2.5551, 0.0048, 0.2968, 3.6642, 3.6077, 2.4456, 0.0824, 1.8779, 2.1106, 1.1741, 0.8484, 1.4449, 0, 0.2126, 0, 0.0456, 8.3659, 7.442, 4.4496],
      [0.1381, 0.0748, 0, 0, 0, 0.0001, 0, 0, 0.0229, 0.0692, 0.0601, 0, 0, 0.0148, 0.0006, 0, 0.0024, 0.003, 0, 0.0039, 0.0242, 0.0206, 0.0183, 0.0169, 0.0163, 0.0009, 0.0043, 0.0033, 0.003, 0.0078, 0.0146, 0.0016, 0.0137, 0.0227, 0.0014, 0, 0.034, 0.0262, 0.0364, 0, 0, 0.0147, 0.0451, 0, 0.0001, 0.0304, 0.0177, 0.0081, 0.0032, 0.0244, 0, 0.0042, 0, 0, 0, 0.1133, 0.1189]
    ],
    [
      [63.7507, 15.9783, 0.6556, 0.6443, 1.4252e-32, 4.2773, 0.9958, 1.8171e-31, 2.63, 19.193, 12.1815, 1.2693, 0.4479, 8.1142, 1.0169, 1.6653e-16, 4.1538, 0.893, 0, 0, 6.7816, 3.2243, 3.535, 2.3277, 3.9871, 3.1289, 2.7885, 3.1341, 5.3246, 9.8367, 3.9275, 0.1064, 1.2915, 4.9162, 0.7616, 0.1799, 1.6181, 2.4575, 5.833, 0, 1.9936, 7.7103, 3.9525, 4.9325, 1.794e-31, 4.5182, 2.1383, 0.9482, 0.4703, 4.4984, 0.0707, 1.8909, 0, 0, 1.3741, 39.1826, 21.9027],
      [88.0512, 26.7015, 0.0586, 0.3054, 0.1232, 22.6305, 0, 2.2499, 5.8594, 27.8099, 33.724, 0.703, 0.3109, 3.4163, 2.4814, 0.4289, 6.0227, 0.4669, 0, 0, 5.433, 5.6041, 5.2447, 3.1218, 4.6858, 6.1598, 8.7194, 8.1006, 2.5422, 8.0062, 5.5844, 5.6258, 2.8832, 2.3659, 0, 4.7771, 10.4931, 5.2244, 14.9366, 1.6572, 0, 1.6978, 15.0372, 0.3415, 0.3305, 4.6459, 7.7791, 3.0366, 1.008, 8.9964, 0, 2.0299, 0, 0, 15.9427, 84.5821, 37.7584],
      [2139.5045, 368.4333, 9.9564, 17.132, 2.581, 365.4583, 3.0703, 39.8447, 102.6642, 473.7286, 455.1041, 11.0022, 7.0689, 188.2836, 10.5553, 3.3128, 86.2199, 23.7651, 5.2235, 4.4959, 173.6899, 194.4303, 98.563, 115.6968, 118.8736, 81.6921, 70.6802, 67.1432, 88.9113, 170.6046, 84.8257, 97.2388, 96.7622, 148.9705, 6.7123, 40.338, 183.6455, 114.1763, 228.715, 2.5325, 17.3355, 229.2218, 237.6827, 74.5154, 3.1732, 169.4015, 230.1281, 79.5366, 107.1924, 203.4457, 4.0464, 35.731, 0.5814, 2.6274, 197.4077, 941.8089, 531.7251],
      [457.6837, 77.6653, 0.3295, 3.9183, 0.2957, 70.5116, 0.9339, 8.507, 13.7141, 86.5208, 79.3557, 0.0254, 0.857, 46.4609, 0.5405, 0.2583, 19.9465, 3.6402, 2.7765, 1.0044, 37.1149, 38.789, 24.2198, 23.1798, 25.7288, 12.6099, 10.7247, 7.6101, 9.5943, 19.8384, 11.185, 24.5755, 20.5898, 31.6451, 1.354, 12.5538, 35.1976, 23.152, 46.8815, 0.8103, 4.6709, 40.1067, 55.2654, 22.7218, 6.3929, 38.8893, 69.8676, 20.8558, 26.4847, 23.816, 0.8829, 9.4925, 0.4186, 0.3726, 56.1524, 165.1554, 94.1105],
      [38.0099, 13.2217, 0, 0, 0, 6.1224, 0, 0.3984, 4.1324, 11.7476, 7.6347, 0, 0.3154, 2.725, 0.4058, 0, 2.657, 1.2348, 0, 0.4997, 4.9806, 3.9523, 3.4375, 2.674, 2.7248, 0.4093, 4.0871, 1.012, 1.6277, 3.7141, 2.4773, 0.4535, 3.4734, 6.1023, 0.1721, 1.1512, 4.0456, 2.9898, 6.6339, 0, 0, 2.2634, 7.0622, 0.4888, 0.1034, 6.5451, 5.0869, 1.6227, 0.8446, 4.2435, 0, 1.8557, 0, 0, 6.1231, 23.2709, 21.5034]
    ],
    [
      [0, 1.2864, 0.0169, 0, 0, 0, 0.0042, 0, 0.0049, 2.0289, 0, 0.2638, 0.2102, 0, 0.0498, 0, 0.719, 0.0582, 0, 0, 0, 0, 0, 0, 0, 0.1591, 0.1876, 0.2683, 1.0235, 1.0373, 0.4258, 0, 0, 0, 0.5929, 0, 0, 0, 0, 0, 0.0967, 0, 0, 0, 0, 0, 0, 0, 0, 0, 0, 0, 0, 0, 0, 2.5186, 2.5124],
      [0, 1.3525, 0, 0, 0, 0.6802, 0, 0, 0.1203, 0.8806, 2.4244, 0.0303, 0, 0, 0.1231, 0.0312, 0, 0, 0, 0, 0, 0, 0, 0, 0, 0.324, 1.0065, 1.048, 0, 0.0336, 0.3546, 0, 0, 0, 0, 0.3712, 0, 0, 0.3962, 0.3932, 0, 0, 0, 0, 0, 0, 0, 0, 0, 0.4433, 0, 0, 0, 0, 0.1877, 11.642, 4.6935],
      [242.1607, 25.6397, 0.5537, 0.8589, 0.3031, 38.4749, 0.0245, 1.3506, 4.8624, 40.9979, 27.5183, 1.0464, 1.9229, 13.1516, 0.4988, 1.2544, 9.9125, 3.195, 0, 0.1605, 17.3458, 29.5018, 5.2683, 11.7787, 8.7554, 5.198, 6.3062, 5.6501, 8.6177, 10.5856, 6.6076, 4.7987, 15.0372, 18.2554, 0.6362, 0.8783, 17.9465, 8.2964, 16.1446, 0, 0.4652, 28.2885, 13.4158, 0.5366, 0, 21.0126, 0, 3.0416, 3.8586, 22.8413, 0.1002, 1.8642, 0, 0.3622, 7.3989, 76.9666, 53.2201],
      [4635.8393, 459.0301, 4.4294, 25.1411, 3.6969, 572.8449, 3.9712, 24.6494, 58.8465, 583.6101, 392.9988, 7.6595, 15.8119, 577.8484, 6.3121, 7.7144, 214.3013, 35.6388, 8, 11.8395, 326.5544, 524.4982, 125.6608, 206.2213, 167.2446, 67.3188, 82.8619, 61.9949, 82.3186, 116.2424, 75.4695, 254.2013, 318.7423, 365.3388, 18.7709, 73.7505, 265.9702, 138.6472, 267.2695, 6.6068, 20.4381, 390.7115, 279.451, 114.4634, 18, 556.8248, 759, 200.9584, 303.1414, 206.4734, 12.8998, 57.098, 10, 6.6378, 268.4134, 1110.5286, 741.1377],
      [0, 0.6913, 0, 0, 0, 0, 0, 0, 0.166, 0.4824, 0.0585, 0, 0.0551, 0, 0.0161, 0, 0.0672, 0.1081, 0, 0, 0.0999, 0, 0.0709, 0, 0, 0, 0.6378, 0.0387, 0.0402, 0.101, 0.1425, 0, 0.2206, 0.4059, 0, 0, 0.0833, 0.0564, 0.1897, 0, 0, 0, 0.1333, 0, 0, 0.1626, 0, 0, 0, 0.2419, 0, 0.0378, 0, 0, 0, 1.3441, 2.4364]
    ],
    [
      [186.0789, 32.6131, 1.3048, 1.0315, 0, 9.7414, 0, 0, 5.8171, 43.7611, 19.3886, 2.09, 1.2763, 16.903, 0.7465, 0, 12.6317, 3.0022, 0.9439, 0, 20.783, 18.9873, 12.89, 5.9861, 9.6279, 10.2315, 8.5305, 6.209, 17.0296, 20.2572, 9.9893, 9.3564, 9.2465, 16.1954, 2.5523, 0.6832, 7.1436, 11.0612, 13.574, 5.5511e-17, 1.3748, 20.2832, 11.9986, 5.9888, 0, 23.9258, 13.2726, 4.9658, 4.3936, 16.0166, 0.7606, 1.9776, 0, 1, 2.3772, 52.9093, 46.2776],
      [0, 0.0358, 0, 0, 0, 0.0091, 0, 0, 0.0081, 0.0278, 0.0432, 0.0034, 0, 0, 0.0026, 0, 0, 0, 0, 0, 0, 0, 0, 0, 0, 0.036, 0.0499, 0.0379, 0, 0.0047, 0.0257, 0, 0, 0, 0, 0.0021, 0.007, 0, 0.0127, 0.0113, 0, 0, 0.0066, 0, 0, 0, 0, 0, 0, 0.0211, 0, 0, 0, 0, 0.0027, 0.1255, 0.0906],
      [177.5262, 22.893, 0.4952, 0.5274, 0, 17.3453, 0, 0, 5.8841, 33.3649, 19.3245, 0.656, 0.4303, 11.8471, 0.148, 0, 7.9329, 2.275, 1.1819, 0, 17.3039, 23.7538, 10.2859, 7.1806, 8.2792, 7.9824, 6.2463, 3.9773, 11.8266, 13.0999, 6.9883, 13.6562, 11.5841, 14.8353, 0.7599, 1.5634, 13.231, 11.9761, 13.6938, 0.4106, 0.3258, 20.2166, 15.2074, 2.9931, 0.9078, 22.2607, 16.9701, 6.0492, 8.6345, 19.4235, 0.1249, 0.9959, 0.5356, 1.277, 6.2358, 37.8958, 34.2381],
      [146.4718, 19.4748, 0.2, 0.4411, 0, 13.5396, 0, 0, 4.0218, 25.8378, 14.837, 0.2506, 0.2693, 11.0121, 0.0964, 0, 7.1348, 1.5785, 1.8742, 0, 14.2998, 18.6402, 9.3849, 5.6209, 6.8634, 5.6979, 4.7677, 2.7023, 6.8763, 8.2898, 4.7528, 12.8615, 9.6511, 12.2199, 0.6456, 1.6897, 10.2575, 9.5748, 11.2352, 0.5781, 0.2994, 14.2769, 13.2356, 3.0007, 2.9964, 19.7412, 18.1766, 5.8149, 7.8565, 12.0432, 0.1145, 0.9634, 0.4644, 0.723, 6.1436, 29.9503, 26.7663],
      [3.9231, 0.9832, 0, 0, 0, 0.3646, 0, 0, 0.269, 1.0084, 0.4067, 0, 0.0241, 0.2377, 0.0066, 0, 0.3006, 0.1443, 0, 0, 0.6133, 0.6188, 0.4392, 0.2124, 0.2295, 0.0522, 0.4055, 0.0735, 0.2675, 0.3483, 0.244, 0.126, 0.5182, 0.7494, 0.0421, 0.0615, 0.3609, 0.388, 0.4844, 0, 0, 0.2233, 0.5517, 0.0175, 0.0957, 1.0723, 0.5807, 0.1702, 0.1153, 0.4956, 0, 0.063, 0, 0, 0.2407, 1.1191, 1.6275]
    ],
    [
      [0.076, 0.0296, 0, 0, 0, 0.0086, 0, 0, 0.002, 0.0369, 0.0329, 0, 0.0014, 0.0349, 0, 0, 0, 0, 0, 5.5511e-17, 0.0192, 0.0105, 0.0077, 0.0077, 0.0196, 0.0099, 0.0016, 0.0032, 0.0236, 0.0151, 0.0147, 0.0011, 0.0027, 0.0153, 0.0042, 0, 0.0014, 0.0049, 0.0095, 0, 0.0033, 0.0399, 0.0041, 0.0295, 0, 0.0081, 0.0066, 0.0028, 0.0031, 0.0061, 0, 0.0017, 0, 0, 0, 0.1302, 0.112],
      [53.8967, 18.5319, 0, 0, 0.8768, 22.7588, 0, 1.578, 1.9186, 20.4338, 42.7353, 0, 0.5989, 17.4234, 0, 0, 0, 0, 0, 0, 9.6639, 9.8366, 5.8897, 7.349, 12.9678, 6.3126, 1.9246, 2.6155, 3.9775, 4.6531, 5.6783, 6.6115, 2.3622, 6.4536, 0, 6.2044, 14.4714, 6.0078, 11.2533, 0, 0.2725, 13.3771, 20.6403, 7.5892, 2.8025, 5.1914, 9.5651, 6.9144, 5.1468, 5.286, 0, 1.0201, 0, 0.7882, 23.4394, 87.5338, 56.0746],
      [51.2105, 12.0298, 0, 0, 0.1158, 17.7458, 0, 1.1495, 1.5459, 15.8657, 29.8812, 0, 0.2851, 16.6985, 0, 0, 0, 0, 0.8061, 0.4287, 10.0131, 11.0692, 4.4228, 8.2181, 11.5343, 3.9936, 0.7463, 1.1323, 4.8889, 4.258, 4.1092, 4.3691, 2.6454, 9.6753, 0.6741, 2.6802, 12.1226, 5.3302, 8.0877, 0, 0.6146, 22.9028, 15.1409, 7.3963, 0.4793, 5.5721, 7.5881, 5.3307, 7.1001, 5.3943, 0, 0.6552, 0, 1.9909, 14.0953, 50.7332, 38.6374],
      [8.4377, 2.0387, 0, 0, 0.0074, 2.7543, 0, 0.1871, 0.2114, 2.4499, 4.435, 0, 0.0341, 3.149, 0, 0, 0, 0, 0.1939, 0.0749, 1.655, 1.738, 0.8057, 1.2902, 1.9312, 0.5579, 0.1146, 0.1511, 0.584, 0.5481, 0.5416, 0.8249, 0.4395, 1.5936, 0.1114, 0.6173, 1.8666, 0.852, 1.3234, 0, 0.1096, 3.23, 2.6672, 1.5583, 0.434, 0.9825, 1.6291, 1.0461, 1.3032, 0.6741, 0, 0.1264, 0, 0.2209, 2.9211, 7.7124, 5.8183],
      [5.3791, 2.37, 0, 0, 0, 1.7324, 0, 0.0854, 0.3221, 2.2138, 2.9156, 0, 0.0805, 1.6942, 0, 0, 0, 0, 0, 0.4964, 1.6487, 1.3457, 0.8741, 1.135, 1.5472, 0.1259, 0.2129, 0.0979, 0.5261, 0.5257, 0.6563, 0.1934, 0.5503, 2.2622, 0.2103, 0.4982, 1.538, 0.8052, 1.3261, 0, 0, 1.4503, 2.5474, 0.4267, 0.2841, 1.2459, 1.2112, 0.7061, 0.4467, 0.6395, 0, 0.1966, 0, 0, 2.5442, 6.8905, 8.3576]
    ],
    [
      [9.0944, 2.0607, 0, 0.3241, 0, 0.9727, 0, 0, 0.546, 2.9253, 2.397, 0.3395, 0.0641, 0.9458, 0.1859, 0, 0.4953, 0.0463, 0.0561, 0, 1.4109, 0.7779, 0.5673, 0.6785, 0.364, 0.4677, 0.4916, 0.3799, 0.5938, 0.8423, 0.627, 0.5362, 0.4593, 0.8726, 0.0871, 0.1369, 0.2368, 0.4764, 0.5835, 0, 0.4389, 0.9457, 1.0447, 1.0138, 0, 0.5479, 0.5826, 0.0833, 0.1329, 0.4789, 0.1687, 0.1296, 0, 0, 0.2487, 6.2119, 3.1591],
      [20.5131, 5.0156, 0, 0.417, 0, 5.0358, 0, 0.5451, 1.5524, 6.4374, 7.7413, 0.4195, 0.0903, 1.5664, 0.6427, 0.5399, 1.1619, 0.0484, 0, 0, 2.544, 1.9436, 1.3637, 1.6582, 0.8009, 1.2926, 2.0549, 1.2688, 0.7276, 1.3138, 1.359, 2.6888, 1.1538, 1.1968, 0, 1.7634, 1.1903, 1.3146, 1.8518, 0, 0.1196, 1.2398, 4.101, 1.1994, 0.2025, 1.0669, 2.1208, 0.3007, 0.4292, 1.2663, 0, 0.2396, 0, 0, 2.4763, 17.2822, 7.6235],
      [80.0705, 13.4098, 0, 1.9866, 0, 16.1588, 0, 1.712, 5.2536, 20.5682, 22.1909, 1.1765, 0.293, 6.2202, 0.5608, 0.4328, 2.9406, 0.3551, 0.7885, 0, 10.9363, 9.0567, 4.2754, 7.7143, 2.9545, 3.4262, 3.3992, 2.323, 3.7699, 5.0148, 4.1014, 7.4128, 5.4253, 7.4689, 0.2991, 3.2221, 4.1146, 4.8432, 5.4998, 0, 1.2563, 8.7556, 12.4209, 4.9095, 0.1866, 4.7571, 6.977, 0.9724, 2.482, 5.3514, 0.7285, 0.681, 0.8829, 0, 6.1795, 41.0326, 21.5436],
      [10.7721, 1.8549, 0, 0.2723, 0, 2.0521, 0, 0.2267, 0.5603, 2.5905, 2.7464, 0.0645, 0.0278, 0.9393, 0.0397, 0.0273, 0.4295, 0.0403, 0.1554, 0, 1.4755, 1.159, 0.6336, 0.9873, 0.3985, 0.4019, 0.402, 0.2539, 0.3731, 0.5261, 0.4472, 1.1367, 0.7377, 1.0042, 0.0398, 0.5886, 0.5201, 0.6313, 0.7353, 0, 0.1852, 1.0107, 1.773, 0.8102, 0.0943, 0.6842, 1.2161, 0.1508, 0.3658, 0.5484, 0.1028, 0.1071, 0.1171, 0, 1.0036, 5.2112, 2.7176],
      [30.5498, 9.6591, 0, 0, 0, 5.7805, 0, 0.5162, 4.0877, 10.4785, 7.9244, 0, 0.5249, 2.3282, 0.5709, 0, 1.9727, 0.5098, 0, 0, 6.6333, 4.0627, 3.1601, 3.9617, 1.4822, 0.4116, 3.6523, 0.7745, 1.5356, 2.3031, 2.4654, 1.2255, 4.2239, 6.4575, 0.574, 2.2891, 1.9382, 2.7345, 3.3296, 0, 0, 2.0482, 7.6603, 1.067, 0.5166, 3.9438, 4.1035, 0.4928, 0.5901, 2.355, 0, 0.8427, 0, 0, 4.0919, 20.2622, 16.9562]
    ]
  ],
  "V_est": [
    [0.4329, 835.6967, 1228.3511, 105.4831, 1.0361],
    [296.9451, 515.6952, 9567.1671, 1927.9554, 226.2372],
    [13.4647, 26.5365, 844.8673, 16252.044, 8.0876],
    [755.186, 0.5639, 694.7584, 566.216, 20.2757],
    [0.7415, 550.6265, 441.364, 71.9527, 60.3153],
    [46.2298, 118.8812, 388.4921, 51.3488, 193.0481]
  ],
  "p_est": [
    [0.0002, 0.3849, 0.5658, 0.0486, 0.0005],
    [0.0237, 0.0411, 0.7633, 0.1538, 0.018],
    [0.0008, 0.0015, 0.0493, 0.9479, 0.0005],
    [0.3707, 0.0003, 0.3411, 0.278, 0.01],
    [0.0007, 0.4894, 0.3923, 0.064, 0.0536],
    [0.0579, 0.149, 0.4868, 0.0643, 0.2419]
  ],
  "EI_Z": {},
  "EI_V": 6.3401,
  "MAE_Z": {},
  "MAE_V": 151.3603,
  "MAE_p": 0.0634,
  "runtime": 0.003
}
