{
  "X": [
    [13, 233, 166, 7],
    [1, 10, 14, 2],
    [0, 5, 11, 2],
    [6, 101, 84, 15],
    [19, 148, 218, 35],
    [21, 99, 131, 26],
    [12, 116, 248, 28],
    [28, 331, 662, 94],
    [48, 413, 794, 95],
    [2, 31, 65, 4],
    [63, 559, 638, 58],
    [27, 194, 221, 21],
    [37, 348, 363, 40],
    [45, 737, 676, 67],
    [16, 110, 184, 19],
    [43, 322, 546, 49],
    [0, 22, 32, 5],
    [14, 122, 162, 26],
    [6, 25, 50, 7],
    [21, 162, 284, 31],
    [9, 281, 242, 35],
    [10, 60, 133, 23],
    [29, 330, 478, 52],
    [7, 72, 107, 28],
    [12, 89, 169, 26],
    [22, 122, 428, 48],
    [32, 539, 664, 66],
    [19, 164, 384, 71],
    [9, 70, 123, 12],
    [30, 378, 573, 60],
    [11, 346, 246, 27],
    [8, 150, 328, 36],
    [14, 181, 297, 42],
    [19, 361, 367, 38],
    [16, 84, 183, 28],
    [9, 79, 275, 37],
    [21, 177, 386, 55],
    [2, 9, 32, 3],
    [13, 322, 217, 33],
    [9, 96, 362, 40],
    [37, 353, 665, 91],
    [17, 125, 183, 27],
    [51, 427, 742, 89],
    [13, 140, 433, 73],
    [30, 420, 455, 43],
    [4, 107, 83, 7],
    [0, 1, 3, 0],
    [2, 113, 192, 45],
    [104, 1188, 1547, 202],
    [14, 119, 181, 26],
    [117, 639, 966, 128],
    [29, 133, 270, 32]
  ],
  "W": [
    [34, 110, 244, 8, 14, 9],
    [2, 11, 11, 0, 0, 3],
    [0, 11, 6, 1, 0, 0],
    [13, 64, 98, 12, 11, 8],
    [23, 205, 145, 24, 8, 15],
    [37, 109, 102, 3, 14, 12],
    [28, 223, 99, 22, 13, 19],
    [52, 589, 324, 79, 34, 37],
    [77, 658, 445, 70, 41, 59],
    [7, 60, 25, 4, 1, 5],
    [129, 490, 566, 46, 49, 38],
    [45, 171, 194, 18, 18, 17],
    [51, 283, 374, 29, 30, 21],
    [85, 554, 723, 70, 38, 55],
    [30, 153, 105, 17, 14, 10],
    [90, 435, 322, 41, 29, 43],
    [1, 28, 19, 3, 3, 5],
    [19, 132, 124, 22, 13, 14],
    [5, 48, 25, 3, 2, 5],
    [30, 250, 150, 31, 13, 24],
    [23, 194, 281, 34, 16, 19],
    [13, 114, 65, 16, 6, 12],
    [56, 402, 318, 32, 49, 32],
    [18, 91, 75, 12, 8, 10],
    [17, 146, 93, 22, 7, 11],
    [42, 384, 125, 35, 15, 19],
    [68, 537, 559, 58, 57, 22],
    [34, 344, 174, 43, 23, 20],
    [6, 101, 72, 11, 14, 10],
    [63, 489, 374, 51, 31, 33],
    [47, 178, 357, 17, 14, 17],
    [14, 284, 148, 30, 22, 24],
    [36, 248, 179, 39, 19, 13],
    [64, 274, 367, 27, 26, 27],
    [22, 161, 87, 15, 11, 15],
    [16, 252, 64, 29, 9, 30],
    [28, 347, 166, 51, 21, 26],
    [4, 26, 15, 1, 0, 0],
    [29, 171, 330, 27, 12, 16],
    [12, 312, 103, 43, 20, 17],
    [67, 563, 337, 78, 42, 59],
    [30, 163, 118, 15, 10, 16],
    [97, 621, 443, 67, 46, 35],
    [20, 389, 139, 57, 18, 36],
    [66, 350, 410, 43, 43, 36],
    [25, 50, 104, 11, 4, 7],
    [0, 2, 2, 0, 0, 0],
    [7, 184, 115, 23, 3, 20],
    [200, 1279, 1180, 156, 119, 107],
    [18, 158, 123, 18, 7, 16],
    [127, 844, 682, 77, 42, 78],
    [69, 208, 147, 23, 9, 8]
  ],
  "method": "mcmc",
  "mcmc_stepsize": 3000,
  "mcmc_samples": 1000,
  "burn_in": 10000,
  "cond_prob": [
    [
      [0.088235269924, 0.52941300147, 0.38235172381, 4.8017181327e-09],
      [0.027271632962, 0.57272614089, 0.39090985503, 0.0090923711241],
      [0.028688521609, 0.55737740389, 0.39754113024, 0.016392944263],
      [1.7873106184e-08, 0.49999990897, 0.50000001043, 6.273143366e-08],
      [5.7862765685e-06, 0.50000276177, 0.42856286847, 0.071428583492],
      [4.5303702018e-06, 0.55555088529, 0.33333792408, 0.11110666025]
    ],
    [
      [0.082382779924, 0.35417281776, 0.50707416554, 0.056370236778],
      [0.03824449101, 0.34559927831, 0.54848077313, 0.067675457556],
      [0.033430750096, 0.40240157579, 0.49882398639, 0.065343687715],
      [0, 0, 0, 0],
      [0, 0, 0, 0],
      [0.015602262662, 0.35454832312, 0.4884997714, 0.14134964282]
    ],
    [
      [0, 0, 0, 0],
      [0, 0.27069113452, 0.61317417113, 0.11613469435],
      [0, 0.29003562108, 0.60860420131, 0.10136017761],
      [0, 0.28218379383, 0.60345890974, 0.11435729643],
      [0, 0, 0, 0],
      [0, 0, 0, 0]
    ],
    [
      [0.15382485068, 0.4615138253, 0.38464245483, 1.886919249e-05],
      [0.031247044648, 0.49997248479, 0.40627616557, 0.062504304994],
      [0.020407228815, 0.51022220589, 0.39794717337, 0.071423391923],
      [1.6130955816e-05, 0.41671217424, 0.58321085964, 6.0835166636e-05],
      [2.0855983305e-05, 0.45451606964, 0.36366518821, 0.18179788617],
      [1.6834063173e-05, 0.37501027627, 0.37503788934, 0.24993500032]
    ],
    [
      [0.13043477415, 0.34782608706, 0.47826085908, 0.043478279721],
      [0.043902439189, 0.35609755721, 0.51707317914, 0.082926824465],
      [0.0413793081, 0.35862069385, 0.51724137569, 0.082758622359],
      [0.041666668, 0.33333334614, 0.54166664915, 0.083333336711],
      [2.8859105709e-08, 0.24999998963, 0.74999994389, 3.7618619127e-08],
      [1.4905656442e-08, 0.3333333292, 0.46666666076, 0.19999999514]
    ],
    [
      [0.10811332869, 0.35134387357, 0.45945925303, 0.081083544707],
      [0.082568267271, 0.35779810112, 0.4678924529, 0.09174117871],
      [0.068626070575, 0.36274829472, 0.48038866813, 0.088236966577],
      [1.7749186079e-05, 0.33334698476, 0.66663472352, 5.4253599458e-07],
      [0.071424875557, 0.35714121469, 0.50000877936, 0.071425130394],
      [4.1681530175e-07, 0.3333283029, 0.41667158675, 0.24999969353]
    ],
    [
      [0.071428475206, 0.28571428701, 0.60714290389, 0.035714333895],
      [0.035874433272, 0.28699555799, 0.60986542256, 0.067264586175],
      [0.020202006539, 0.30303027581, 0.61616165735, 0.060606060302],
      [6.1513195319e-08, 0.27272721084, 0.68181805829, 0.045454669359],
      [2.0867275994e-07, 0.23076891838, 0.61538492795, 0.153845945],
      [7.1641699174e-08, 0.26315782366, 0.57894758085, 0.15789452385]
    ],
    [
      [0.057692307692, 0.28846153846, 0.57692307692, 0.076923076923],
      [0.027164685908, 0.29711375212, 0.59252971138, 0.083191850594],
      [0.024691358025, 0.29938271605, 0.59259259259, 0.083333333333],
      [0.012658227848, 0.30379746835, 0.60759493671, 0.075949367089],
      [3.2386210221e-16, 0.29411764706, 0.64705882353, 0.058823529412],
      [6.6637281812e-16, 0.27027027027, 0.56756756757, 0.16216216216]
    ],
    [
      [0.051948051948, 0.2987012987, 0.58441558442, 0.064935064935],
      [0.036474164134, 0.30547112462, 0.58814589666, 0.06990881459],
      [0.033707865169, 0.31011235955, 0.58651685393, 0.069662921348],
      [0.028571428571, 0.3, 0.61428571429, 0.057142857143],
      [0.024390243902, 0.29268292683, 0.58536585366, 0.09756097561],
      [0.033898305085, 0.30508474576, 0.57627118644, 0.084745762712]
    ],
    [
      [0.031931404738, 0.35429331411, 0.59130652375, 0.022468757405],
      [0.01915980631, 0.29192984879, 0.65054212235, 0.03836822255],
      [0.021446406353, 0.32592224977, 0.61857758873, 0.034053755148],
      [0.011009228686, 0.33115655557, 0.63097998693, 0.02685422881],
      [0.0033061553939, 0.37979405955, 0.56119895237, 0.055700832689],
      [0.0086777118526, 0.23033586956, 0.65575367488, 0.10523274371]
    ],
    [
      [0.062015503876, 0.41860465116, 0.48062015504, 0.038759689922],
      [0.04693877551, 0.42653061224, 0.48367346939, 0.042857142857],
      [0.047703180212, 0.425795053, 0.48409893993, 0.042402826855],
      [0.04347826087, 0.41304347826, 0.5, 0.04347826087],
      [0.040816326531, 0.40816326531, 0.48979591837, 0.061224489796],
      [0.026315789474, 0.42105263158, 0.47368421053, 0.078947368421]
    ],
    [
      [0.088888888944, 0.39999999979, 0.46666666678, 0.044444444485],
      [0.058479532164, 0.42690058467, 0.47368421064, 0.040935672527],
      [0.056701030916, 0.42268041253, 0.47938144316, 0.041237113392],
      [0.055555555527, 0.3888888889, 0.5555555555, 6.4374562877e-11],
      [0.055555555527, 0.38888888878, 0.44444444471, 0.11111111098],
      [4.6996513417e-11, 0.41176470606, 0.47058823511, 0.11764705878]
    ],
    [
      [0.078431372547, 0.43137254901, 0.45098039216, 0.03921568628],
      [0.049469964666, 0.44169611307, 0.4593639576, 0.049469964664],
      [0.045454545453, 0.44652406418, 0.45989304813, 0.048128342247],
      [0.034482758624, 0.41379310345, 0.51724137931, 0.034482758619],
      [0.033333333333, 0.43333333334, 0.46666666667, 0.066666666665],
      [4.9551112215e-12, 0.42857142856, 0.42857142859, 0.14285714285]
    ],
    [
      [0.047058823529, 0.48235294118, 0.43529411765, 0.035294117647],
      [0.028880866426, 0.48555956679, 0.44223826715, 0.043321299639],
      [0.029045643154, 0.48409405256, 0.44398340249, 0.042876901798],
      [0.028571428571, 0.47142857143, 0.45714285714, 0.042857142857],
      [0.026315789474, 0.47368421053, 0.44736842105, 0.052631578947],
      [0.018181818182, 0.47272727273, 0.43636363636, 0.072727272727]
    ],
    [
      [0.10000000347, 0.33333330007, 0.53333334602, 0.03333335044],
      [0.052287573504, 0.3398692816, 0.55555556279, 0.052287582102],
      [0.047619043112, 0.34285714237, 0.55238096269, 0.05714285183],
      [5.7889095047e-08, 0.29411767199, 0.70588224283, 2.7294833389e-08],
      [3.5160006304e-08, 0.28571434953, 0.57142848106, 0.14285713424],
      [1.4677003085e-08, 0.2999999647, 0.50000005666, 0.19999996396]
    ],
    [
      [0.055555555556, 0.33333333333, 0.56666666667, 0.044444444444],
      [0.048275862069, 0.33333333333, 0.56781609195, 0.050574712644],
      [0.04347826087, 0.33850931677, 0.56832298137, 0.049689440994],
      [0.024390243902, 0.36585365854, 0.56097560976, 0.048780487805],
      [0.034482758621, 0.31034482759, 0.62068965517, 0.034482758621],
      [0.023255813953, 0.32558139535, 0.55813953488, 0.093023255814]
    ],
    [
      [0, 0.4067999058, 0.52986625753, 0.063333836667],
      [0, 0.3731695397, 0.55054596271, 0.076284497591],
      [0, 0.40462032179, 0.51714466861, 0.078235009603],
      [0, 0.29585640817, 0.6428543022, 0.061289289627],
      [0, 0.33078898284, 0.58942251968, 0.079788497483],
      [0, 0.31534613913, 0.50645352347, 0.1782003374]
    ],
    [
      [0.1052631514, 0.36842105879, 0.47368420375, 0.052631586056],
      [0.053030301321, 0.37121212023, 0.50000000408, 0.075757574365],
      [0.040322577615, 0.38709677454, 0.50000000164, 0.072580646202],
      [3.1946767333e-09, 0.40909090369, 0.5454545525, 0.045454540608],
      [4.5072043203e-08, 0.30769227547, 0.4615384676, 0.23076921186],
      [4.8947458665e-09, 0.35714289333, 0.49999993948, 0.1428571623]
    ],
    [
      [0.25262403391, 0.32922992562, 0.38215961762, 0.035986422857],
      [0.082108962447, 0.26789584229, 0.58543062297, 0.064564572288],
      [0.026208142893, 0.33730180103, 0.55037197653, 0.086118079548],
      [0.014555071505, 0.23389280468, 0.72306613781, 0.028485986003],
      [0.018106428986, 0.35078117935, 0.48620778402, 0.14490460765],
      [0.012113597643, 0.13181282868, 0.6175237229, 0.23854985077]
    ],
    [
      [0.099999999997, 0.29999996101, 0.56666664067, 0.033333398325],
      [0.039999993761, 0.332, 0.5680000078, 0.05999999844],
      [0.040000010398, 0.32666667186, 0.57333333333, 0.059999984403],
      [0.032258077095, 0.32258059485, 0.61290323839, 0.032258089672],
      [6.1910243769e-13, 0.30769227769, 0.53846153847, 0.15384618384],
      [0.041666650423, 0.29166676416, 0.54166660167, 0.12499998375]
    ],
    [
      [0.086956516057, 0.47826086645, 0.39130434725, 0.043478270245],
      [0.01546391825, 0.50515463182, 0.42268041917, 0.056701030755],
      [0.014234875004, 0.49822064713, 0.42704625876, 0.060498219109],
      [1.5444937396e-09, 0.47058823406, 0.47058823225, 0.058823532148],
      [7.3113263915e-11, 0.43749998276, 0.43750001068, 0.12500000649],
      [3.1756774882e-09, 0.47368420912, 0.42105262711, 0.1052631606]
    ],
    [
      [0.15384769625, 0.23076802122, 0.53846333538, 0.076920947147],
      [0.052631502206, 0.26315621123, 0.58772137311, 0.096490913462],
      [0.030768463354, 0.29231179822, 0.58461173488, 0.09230800354],
      [8.6295483896e-08, 0.25000425064, 0.68749500418, 0.062500658888],
      [4.7732611491e-07, 0.16666226928, 0.50000965808, 0.33332759532],
      [2.8612165357e-06, 0.24999159451, 0.58333327693, 0.16667226735]
    ],
    [
      [0.053571428571, 0.35714285714, 0.53571428571, 0.053571428571],
      [0.032338308458, 0.37313432836, 0.53731343284, 0.057213930348],
      [0.031446540881, 0.37735849057, 0.53459119497, 0.056603773585],
      [0.03125, 0.34375, 0.59375, 0.03125],
      [0.020408163265, 0.36734693878, 0.5306122449, 0.081632653061],
      [0.03125, 0.34375, 0.53125, 0.09375]
    ],
    [
      [0.055555658938, 0.3333425264, 0.49999349937, 0.11110831528],
      [0.043955889279, 0.34065564205, 0.49450700025, 0.12088146843],
      [0.026665852998, 0.3466675778, 0.50666818741, 0.11999838179],
      [5.2984902852e-06, 0.33333782799, 0.49999474884, 0.16666212468],
      [1.8005310783e-07, 0.25001098096, 0.49998952738, 0.24999931161],
      [8.2175588908e-07, 0.29999609802, 0.50000127277, 0.20000180746]
    ],
    [
      [0.1176732008, 0.29411777009, 0.52937631214, 0.058832716963],
      [0.047942062415, 0.30137080667, 0.56849426621, 0.082192864699],
      [0.032256511192, 0.31183458929, 0.56989238712, 0.086016512395],
      [6.9329478346e-06, 0.27269329883, 0.68183152193, 0.045468246292],
      [6.6309310055e-07, 0.285713872, 0.42859305909, 0.28569240581],
      [1.6058103913e-07, 0.27272669565, 0.54545481161, 0.18181833215]
    ],
    [
      [0.071428571429, 0.19047619048, 0.66666666667, 0.071428571429],
      [0.036458333333, 0.19791666667, 0.69010416667, 0.075520833333],
      [0.032, 0.208, 0.688, 0.072],
      [0.028571428572, 0.2, 0.71428571429, 0.057142857143],
      [2.2945509531e-19, 0.13333333333, 0.73333333333, 0.13333333333],
      [1.3918273783e-13, 0.15789473684, 0.68421052632, 0.15789473684]
    ],
    [
      [0.044117647059, 0.41176470588, 0.5, 0.044117647059],
      [0.026070763501, 0.41340782123, 0.51024208566, 0.050279329609],
      [0.023255813953, 0.4168157424, 0.50983899821, 0.050089445438],
      [0.01724137931, 0.41379310345, 0.53448275862, 0.034482758621],
      [0.017543859649, 0.40350877193, 0.50877192982, 0.070175438596],
      [2.9034075537e-27, 0.40909090909, 0.5, 0.090909090909]
    ],
    [
      [0.088235294118, 0.23529411765, 0.58823529412, 0.088235294118],
      [0.029069767442, 0.25872093023, 0.60174418605, 0.11046511628],
      [0.028735632184, 0.26436781609, 0.59770114943, 0.1091954023],
      [0.023255813954, 0.25581395349, 0.62790697674, 0.093023255814],
      [1.4621987002e-14, 0.21739130435, 0.60869565217, 0.17391304348],
      [5.0349738898e-14, 0.25, 0.6, 0.15]
    ],
    [
      [0.33303781088, 0.16714396392, 0.49978119973, 3.7025466022e-05],
      [0.039617413123, 0.33658542462, 0.57430526594, 0.049491896324],
      [0.041650313231, 0.33336225719, 0.56942677796, 0.055560651611],
      [7.399303969e-05, 0.36361721177, 0.63621398219, 9.4813002604e-05],
      [5.3820861686e-05, 0.28571440172, 0.64285300472, 0.0713787727],
      [2.4441138504e-06, 0.30001348586, 0.49994570586, 0.20003836416]
    ],
    [
      [0.063492063493, 0.34920634921, 0.53968253967, 0.047619047623],
      [0.030674846626, 0.36196319018, 0.55010224949, 0.057259713702],
      [0.026737967913, 0.36898395722, 0.54812834225, 0.056149732619],
      [0.01960784314, 0.3725490196, 0.56862745098, 0.039215686274],
      [1.0079544088e-14, 0.35483870967, 0.5806451613, 0.064516129032],
      [2.7111232333e-12, 0.33333333333, 0.54545454546, 0.12121212121]
    ],
    [
      [0.0425531915, 0.53191489369, 0.38297872334, 0.042553191468],
      [0.016853932576, 0.55617977527, 0.38764044944, 0.039325842717],
      [0.016806722688, 0.55182072829, 0.38935574231, 0.042016806714],
      [3.0574267394e-11, 0.52941176455, 0.47058823541, 3.6783137173e-13],
      [9.3560157676e-14, 0.50000000004, 0.42857142853, 0.071428571429],
      [6.1231219075e-11, 0.52941176476, 0.35294117632, 0.11764705885]
    ],
    [
      [0.14285714236, 0.28571428502, 0.57142857212, 4.9273928572e-10],
      [0.014084507047, 0.29225352119, 0.62676056334, 0.066901408432],
      [0.013513513486, 0.29054054061, 0.62837837845, 0.067567567448],
      [1.6989786488e-12, 0.26666666656, 0.6666666669, 0.066666666532],
      [2.5432393029e-10, 0.2727272726, 0.63636363581, 0.090909091332],
      [1.6999565334e-10, 0.24999999952, 0.62499999986, 0.12500000045]
    ],
    [
      [0.055555555538, 0.33333333337, 0.55555555545, 0.055555555641],
      [0.028225806461, 0.34274193546, 0.55241935486, 0.076612903218],
      [0.022346368708, 0.34078212294, 0.55865921787, 0.078212290482],
      [0.025641025625, 0.33333333338, 0.5641025641, 0.076923076892],
      [6.668443678e-14, 0.31578947356, 0.57894736858, 0.10526315786],
      [8.1538572271e-13, 0.30769230764, 0.53846153818, 0.15384615418]
    ],
    [
      [0.046874999976, 0.45312499994, 0.45312500008, 0.046875],
      [0.025547445255, 0.45985401458, 0.46715328469, 0.047445255474],
      [0.024523160759, 0.46321525889, 0.46594005447, 0.046321525883],
      [5.8021824564e-11, 0.48148148129, 0.48148148162, 0.037037037037],
      [2.0086156742e-11, 0.42307692312, 0.53846153838, 0.038461538482],
      [3.868285434e-11, 0.44444444446, 0.44444444437, 0.11111111113]
    ],
    [
      [0.18181783788, 0.22727307065, 0.5454542017, 0.045454889771],
      [0.049689534496, 0.27950282405, 0.58385121356, 0.086956427893],
      [0.045976664501, 0.27586284975, 0.59770080256, 0.080459683185],
      [1.0086858306e-06, 0.26666666589, 0.66666616223, 0.066666163198],
      [6.8783080096e-07, 0.18181818321, 0.63636226043, 0.18181886853],
      [3.1615833254e-10, 0.26666465609, 0.53333433724, 0.20000100635]
    ],
    [
      [0.062499999799, 0.18750000103, 0.68749999998, 0.062499999194],
      [0.027777777634, 0.19444444439, 0.68650793701, 0.091269840969],
      [0.015625000162, 0.2187500002, 0.68749999903, 0.078125000612],
      [1.0650755369e-10, 0.24137930893, 0.68965517308, 0.068965517885],
      [1.3740206123e-11, 0.11111111148, 0.77777777567, 0.11111111284],
      [8.6358788005e-10, 0.1666666674, 0.66666666456, 0.16666666718]
    ],
    [
      [0.10714285715, 0.25000000001, 0.57142857142, 0.071428571424],
      [0.034582132562, 0.2795389049, 0.60230547551, 0.08357348703],
      [0.030120481929, 0.28313253013, 0.60240963855, 0.084337349396],
      [0.019607843135, 0.2745098039, 0.62745098042, 0.078431372553],
      [1.2038485272e-16, 0.23809523808, 0.66666666667, 0.09523809525],
      [2.5736061885e-11, 0.26923076921, 0.5769230769, 0.15384615386]
    ],
    [
      [0.071777274251, 0.1726395049, 0.69129202852, 0.064291192327],
      [0.04121817823, 0.18434972559, 0.7103771223, 0.064054973877],
      [0.040696756086, 0.22305943546, 0.66839818062, 0.067845627831],
      [0.030766927724, 0.17045758306, 0.73905399678, 0.059721492437],
      [0, 0, 0, 0],
      [0, 0, 0, 0]
    ],
    [
      [0.1034482513, 0.51724133116, 0.34482765847, 0.034482759072],
      [0.017543876147, 0.5614034673, 0.36842106527, 0.05263159129],
      [0.021212112663, 0.55454549517, 0.36969695898, 0.054545433185],
      [2.6150585837e-08, 0.51851846713, 0.44444433941, 0.037037167304],
      [2.0741505124e-10, 0.49999988314, 0.41666672497, 0.08333339168],
      [2.3323411839e-10, 0.49999986701, 0.31250008852, 0.18750004424]
    ],
    [
      [0.16666666628, 0.16666666693, 0.66666666603, 7.5766252096e-10],
      [0.019230769214, 0.19230769227, 0.71153846162, 0.076923076892],
      [0.0097087379274, 0.1941747574, 0.71844660185, 0.077669902821],
      [1.6520938291e-12, 0.18604651151, 0.74418604641, 0.069767442081],
      [1.6119110589e-10, 0.15000000023, 0.69999999977, 0.14999999984],
      [7.0245668114e-13, 0.17647058804, 0.70588235291, 0.11764705905]
    ],
    [
      [0.059701492537, 0.29850746269, 0.5671641791, 0.074626865672],
      [0.033747779751, 0.30905861456, 0.57904085258, 0.078152753108],
      [0.029673590504, 0.3115727003, 0.58160237389, 0.077151335312],
      [0.025641025641, 0.30769230769, 0.58974358974, 0.076923076923],
      [0.02380952381, 0.28571428571, 0.59523809524, 0.095238095238],
      [0.016949152542, 0.30508474576, 0.57627118644, 0.10169491525]
    ],
    [
      [0.10000000235, 0.33333332949, 0.5000000009, 0.066666667263],
      [0.055214723489, 0.35582821951, 0.51533742595, 0.073619631049],
      [0.042372880849, 0.36440678163, 0.51694915112, 0.076271186408],
      [2.2906639208e-09, 0.40000000136, 0.53333332525, 0.066666671095],
      [2.5364766358e-09, 0.30000000047, 0.69999999201, 4.9805821883e-09],
      [6.1755641507e-11, 0.3125000049, 0.49999999448, 0.18750000055]
    ],
    [
      [0.061855670096, 0.31958762889, 0.55670103092, 0.061855670094],
      [0.038647342997, 0.32689210949, 0.56682769727, 0.067632850243],
      [0.038374717833, 0.32731376976, 0.56659142211, 0.067720090293],
      [0.029850746263, 0.32835820894, 0.58208955226, 0.059701492535],
      [0.021739130442, 0.32608695648, 0.58695652177, 0.065217391301],
      [0.028571428571, 0.31428571425, 0.54285714289, 0.1142857143]
    ],
    [
      [0.049999999999, 0.2, 0.65, 0.1],
      [0.023136246786, 0.21079691517, 0.65552699229, 0.11053984576],
      [0.014388489209, 0.22302158273, 0.65467625899, 0.10791366906],
      [0.017543859649, 0.22807017544, 0.64912280701, 0.10526315789],
      [1.5933799318e-14, 0.16666666667, 0.77777777777, 0.055555555559],
      [8.4003062494e-13, 0.19444444444, 0.63888888889, 0.16666666667]
    ],
    [
      [0.060606060606, 0.43939393939, 0.4696969697, 0.030303030303],
      [0.031428571429, 0.44857142857, 0.47714285714, 0.042857142857],
      [0.029268292683, 0.44146341463, 0.48536585366, 0.043902439024],
      [0.023255813953, 0.44186046512, 0.48837209302, 0.046511627907],
      [0.023255813953, 0.44186046512, 0.46511627907, 0.06976744186],
      [0.027777777778, 0.41666666667, 0.47222222222, 0.083333333333]
    ],
    [
      [0.074066513574, 0.47796212108, 0.44294822543, 0.0050231399118],
      [0.00094868722566, 0.5875745048, 0.38633356661, 0.025143241363],
      [0.018875354003, 0.53247965597, 0.41694402304, 0.03170096699],
      [0.011954201957, 0.45059604173, 0.53494134486, 0.0025084114447],
      [0.00049399042631, 0.50278274779, 0.30452516575, 0.19219809603],
      [0.00062768568625, 0.47523572314, 0.30642602588, 0.2177105653]
    ],
    [
      [0, 0, 0, 0],
      [0, 0.23268285189, 0.76731714811, 0],
      [0, 0.26731714811, 0.73268285189, 0],
      [0, 0, 0, 0],
      [0, 0, 0, 0],
      [0, 0, 0, 0]
    ],
    [
      [0.1407490473, 0.43442682721, 0.42466083508, 0.0001632904124],
      [0.005359787345, 0.32568528013, 0.54364664172, 0.12530829081],
      [0.00024388551628, 0.32216159603, 0.55661359494, 0.12098092351],
      [1.4823517877e-05, 0.30368193519, 0.60925773261, 0.087045508682],
      [2.9254662739e-05, 0.00018785286743, 0.33353737092, 0.66624552154],
      [4.0129084654e-06, 0.29995445277, 0.49861443482, 0.20142709951]
    ],
    [
      [0.04, 0.39, 0.505, 0.065],
      [0.034401876466, 0.39171227522, 0.5082095387, 0.065676309617],
      [0.033898305085, 0.39152542373, 0.50847457627, 0.066101694915],
      [0.032051282051, 0.38461538462, 0.51923076923, 0.064102564103],
      [0.033613445378, 0.38655462185, 0.51260504202, 0.067226890756],
      [0.028037383178, 0.38317757009, 0.5046728972, 0.084112149533]
    ],
    [
      [0.11111112635, 0.33333336607, 0.49999994718, 0.055555560398],
      [0.044303794624, 0.348101238, 0.53164560173, 0.075949365652],
      [0.040650401477, 0.35772361122, 0.52845526278, 0.073170724525],
      [3.4097921504e-08, 0.38888886159, 0.55555553727, 0.055555567049],
      [1.8027060415e-10, 0.28571431818, 0.71428557573, 1.0590926406e-07],
      [1.1153373713e-08, 0.3124999932, 0.49999999096, 0.18750000469]
    ],
    [
      [0.07874015748, 0.33858267717, 0.51968503937, 0.062992125984],
      [0.063981042654, 0.34597156398, 0.52132701422, 0.068720379147],
      [0.063049853372, 0.34604105572, 0.5219941349, 0.068914956012],
      [0.051948051948, 0.36363636364, 0.51948051948, 0.064935064935],
      [0.047619047619, 0.33333333333, 0.57142857143, 0.047619047619],
      [0.051282051282, 0.33333333333, 0.51282051282, 0.10256410256]
    ],
    [
      [0.086956522302, 0.27536231886, 0.57971014434, 0.057971014497],
      [0.062499999648, 0.28846153838, 0.58173076969, 0.067307692279],
      [0.061224489763, 0.29251700722, 0.57823129222, 0.068027210792],
      [0.043478261489, 0.30434782451, 0.6086956531, 0.043478260905],
      [2.7838201594e-09, 0.22222222193, 0.66666666433, 0.11111111095],
      [4.0145249725e-12, 0.24999999903, 0.4999999985, 0.25000000247]
    ]
  ],
  "expected_outcome": [
    [
      [2.9999991774, 0.16476555985, 0, 1.9997230588, 2.9999998054, 4.0001931616, 1.9999973058, 3, 4, 0.22351983317, 8, 4.0000000025, 3.9999999999, 4, 3.000000104, 5, 0, 1.9999998766, 1.2631201695, 2.9999999999, 1.9999998693, 2.0000200512, 3, 1.0000018609, 2.0004444136, 3, 3, 3, 1.9982268653, 4, 2.0000000005, 1.9999999931, 1.9999999994, 2.9999999984, 3.9999924334, 0.99999999679, 3.0000000002, 0.287109097, 2.9999992877, 1.9999999954, 4, 3.0000000705, 5.9999999993, 0.99999999998, 4, 1.8516628394, 0, 0.98524333108, 8, 2.0000002743, 10, 6.0000000388],
      [18.0000420499, 0.70834563552, 0, 5.9996797289, 8.0000000023, 12.999723322, 8.0000000363, 15, 23, 2.4800531987, 54, 17.9999999906, 21.9999999995, 41, 9.9999990021, 30, 0.4067999058, 7.0000001171, 1.6461496281, 8.9999988302, 10.9999999283, 2.9999842759, 20, 6.0001654753, 5.0000020916, 8, 28, 8, 1.0028637835, 22.0000000002, 25.0000000036, 3.9999999903, 12.0000000013, 28.9999999963, 5.0000075543, 3.0000000164, 7.0000000003, 0.69055801961, 14.9999986037, 2.0000000032, 20, 9.9999998847, 31.0000000025, 4, 29, 11.949053027, 0, 3.0409877905, 78, 6.0000005893, 43, 19.0000000012],
      [12.9999586094, 1.0141483311, 0, 5.0003519128, 10.9999997588, 16.9999923622, 17.0000013089, 30, 45, 4.1391456663, 62, 21.0000000051, 23.0000000003, 37, 16.0000003807, 51, 0.52986625753, 8.9999998713, 1.9107980881, 16.9999992201, 8.9999999867, 7.00002336, 30, 8.9998829887, 8.9993973064, 28, 34, 20, 2.9986871984, 33.9999999995, 17.9999999969, 8.0000000097, 19.9999999963, 29.0000000052, 11.9999924373, 10.9999999997, 15.9999999996, 2.7651681141, 10.0000020955, 7.9999999924, 38, 15.000000027, 53.9999999991, 13, 31, 11.0737056358, 0, 2.9726258456, 101, 8.9999990492, 66, 39.9999999596],
      [1.6325841651e-07, 0.11274047356, 0, 0.00024529950237, 1.0000004336, 3.0000911542, 1.0000013491, 4, 5, 0.15728130184, 5, 2.0000000018, 2.0000000003, 3, 1.0000005132, 4, 0.063333836667, 1.0000001351, 0.17993211429, 1.0000019497, 1.0000002156, 0.99997231291, 3, 1.9999496751, 1.0001561884, 3, 3, 3, 0.00022215279613, 3.0000000003, 1.999999999, 6.8983500001e-09, 2.0000000031, 3, 1.000007575, 0.99999998711, 1.9999999999, 0.25716476931, 1.0000000131, 9.0919502515e-09, 5, 2.0000000179, 5.9999999991, 2, 2, 0.12557849779, 0, 0.0011430328868, 13, 1.0000000872, 8, 4.0000000003]
    ],
    [
      [2.9998796259, 0.42068940111, 0, 1.9998108575, 9.0000000336, 8.9999411326, 7.9999986197, 16, 24, 1.1495883786, 23, 10, 14.0000000004, 16, 7.9999987461, 21, 0, 6.9999997744, 3.9412301974, 9.9999984403, 3.0000001406, 5.9999912514, 13, 3.9999859244, 6.9995411127, 14, 14, 10, 4.0013587254, 15.0000000001, 2.9999999985, 4.0000000012, 7.0000000024, 7, 8.0000150539, 6.9999999637, 11.9999999991, 1.071672634, 3.0000028212, 5.9999999948, 19, 8.9999999287, 24.0000000009, 8.9999999999, 11, 0.047434361283, 0, 0.98620087148, 44, 6.9999995505, 54, 12.9999999267],
      [62.9998754976, 3.8015920614, 2.9776024797, 31.9982390265, 72.9999992274, 38.9999930223, 64.000009432, 175, 201, 17.5157909273, 209, 72.9999999778, 124.9999999993, 269, 52.0000000853, 145, 10.4487471116, 48.999999871, 12.8590004301, 83.0000000001, 97.9999985738, 29.9998080798, 150, 30.9996634262, 44.000137774, 76, 222, 89, 33.9951278863, 176.9999999997, 98.9999999984, 83.0000000167, 84.9999999944, 125.9999999953, 44.9999546723, 48.9999999866, 97.0000000005, 4.7930928654, 95.9999929076, 59.9999999884, 174, 57.9999997798, 202.999999996, 82.0000000001, 157, 29.3787252401, 0.46536570378, 59.9260915431, 501, 54.9999956032, 292, 59.9999999839],
      [43.0000840529, 6.0332885044, 6.7449158824, 26.0016745964, 106.0000017236, 51.0002773657, 135.9999892313, 349, 387, 39.0325273411, 237, 81.0000000201, 130.0000000006, 245, 85.0000011071, 247, 15.4152869559, 66.0000005384, 28.1006699027, 142.0000019495, 82.0000013191, 67.0002365341, 216, 45.0001370227, 83.0001628673, 265, 274, 207, 58.0048318595, 269.0000000001, 68.9999999995, 177.9999999873, 137.0000000051, 128.0000000047, 94.000045383, 173.0000001256, 209.0000000008, 18.4698051798, 63.0000021606, 222.0000000265, 326, 84.0000004306, 352.0000000021, 255.0000000001, 167, 19.3166783304, 1.5346342962, 100.0309820768, 650, 84.0000050732, 440, 121.0000000953],
      [1.0001608237, 0.74443003312, 1.2774816379, 4.0002755196, 16.9999990153, 9.9997884794, 15.000002717, 49, 46, 2.302093353, 21, 7.0000000021, 13.9999999998, 24, 8.0000000616, 22, 2.1359659325, 9.9999998161, 3.0990994698, 14.9999996101, 10.9999999665, 10.9999641347, 23, 11.0002136267, 12.0001582461, 29, 27, 38, 4.9986815287, 28.0000000001, 7.0000000036, 18.9999999947, 18.9999999981, 13, 13.9999848908, 22.9999999241, 28.9999999996, 1.6654293208, 9.0000021106, 23.9999999902, 44, 11.9999998609, 42.0000000011, 42.9999999999, 15, 1.2571620681, 0, 23.0567255086, 84, 11.999999773, 58, 13.9999999941]
    ],
    [
      [6.9999992725, 0.36773825106, 0, 1.9999084239, 5.9999996745, 6.9998591987, 1.9999986473, 8, 15, 0.53616015882, 27, 10.9999999977, 16.9999999995, 21, 4.9999995268, 14, 0, 4.9999996243, 0.65520357233, 6.0000015597, 3.9999998761, 1.999950118, 10, 1.9999389749, 2.9998555408, 4, 13, 5, 2.9988225526, 9.9999999996, 5.9999999995, 1.9999999959, 3.9999999988, 8.9999999984, 3.9999698115, 1.0000000104, 5.0000000002, 0.6104513413, 6.9999971789, 1.0000000065, 10, 4.9999999401, 16.9999999998, 2, 12, 1.9630368163, 0, 0.028046834372, 40, 4.9999993816, 43, 8.9999999951],
      [136.0000865484, 4.4264173337, 1.7402137265, 50.0017761776, 52.0000006078, 37.0003260609, 29.9999973048, 97, 138, 8.1480562443, 241, 82.0000000303, 167.0000000015, 350, 35.9999999483, 109, 7.6877861139, 48.000000043, 8.4325450257, 49.0000007797, 140.0000018426, 19.0002668844, 120, 26.0000683349, 29.000616804, 26, 233, 46, 24.002082518, 138.0000000008, 196.9999999991, 43.0000000104, 61.0000000055, 170.000000012, 24.0000679284, 14.0000000128, 47.0000000012, 3.3458915319, 183.0000134063, 20.0000000124, 105, 43.000000232, 145.0000000056, 30.9999999998, 181, 55.3778842207, 0.53463429622, 37.048583543, 462, 44.0000041805, 236, 43.0000000616],
      [97.000035779, 5.4870638503, 3.6516252079, 38.9988229901, 74.9999994756, 48.9996441495, 61.000004078, 192, 261, 15.4644397182, 274, 92.9999999739, 171.9999999988, 321, 58.0000010827, 183, 9.8257487036, 62.0000002037, 13.7592994133, 86.0000000002, 119.9999987118, 37.9997627675, 170, 38.0001140558, 52.9999920024, 86, 285, 104, 40.9987280134, 205, 139.0000000046, 93.0000000113, 99.9999999994, 170.9999999906, 51.9999698229, 43.9999999377, 99.999999999, 10.0259727094, 121.9999964638, 73.9999999905, 196, 60.9999998318, 250.9999999947, 91.0000000001, 199, 43.3621783961, 1.4653657038, 64.0105634185, 600, 64.9999973213, 356, 84.9999999568],
      [3.9998784001, 0.71878056486, 0.60816106568, 6.9994924084, 12.000000242, 9.0001705909, 5.9999999699, 27, 31, 0.85134387871, 24, 7.999999998, 18.0000000002, 31, 5.9999994421, 16, 1.4864651824, 9.000000129, 2.1529519887, 8.9999976604, 16.9999995696, 6.0000202301, 18, 8.9998786345, 7.9995356528, 9, 28, 19, 4.000366916, 20.9999999996, 14.9999999969, 9.9999999823, 13.9999999963, 16.999999999, 6.9999924371, 5.0000000392, 13.9999999997, 1.0176844175, 17.9999929511, 7.9999999905, 26, 8.9999999961, 29.9999999998, 15, 18, 3.2969005669, 0, 13.9128062041, 78, 8.9999991165, 47, 9.9999999865]
    ],
    [
      [1.4298484947e-07, 0, 0, 0.00019357146979, 1.000000032, 5.3247558236e-05, 1.353290297e-06, 1, 2, 0.044036914745, 2, 0.99999999948, 1.0000000001, 2, 9.841146158e-07, 1, 0, 7.0282888132e-08, 0.043665214514, 1.00000039, 5.2512787147e-08, 1.3807277423e-06, 1, 6.3581883423e-05, 0.00015252485236, 1, 1, 1, 0.00081392343659, 1.0000000001, 5.197625457e-10, 5.0969359463e-11, 0.99999999938, 1.5665892632e-09, 1.5130287459e-05, 3.0887190569e-09, 0.99999999987, 0.030766927724, 7.0606581759e-07, 7.104003465e-11, 2, 3.4359958812e-08, 1.9999999996, 1, 1, 0.13149622153, 0, 0.00034094091118, 5, 6.1376258708e-07, 4, 1.0000000142],
      [3.9999992717, 0, 0.28218379383, 5.0005460909, 8.0000003074, 1.0000409543, 5.9999986385, 24, 21, 1.3246262223, 19, 7.0000000003, 11.9999999999, 33, 5.0000004238, 15, 0.88756922452, 8.9999998813, 0.70167841405, 9.9999984402, 15.9999999579, 4.0000680102, 11, 4.0000539358, 5.9992525743, 7, 24, 11, 3.9997893295, 18.9999999998, 8.9999999974, 7.9999999969, 13.0000000019, 12.9999999948, 3.9999999883, 6.999999959, 13.9999999987, 0.17045758306, 13.9999986126, 7.9999999948, 24, 6.0000000204, 21.9999999991, 13.0000000002, 19, 4.9565564591, 0, 6.9846845094, 60, 6.9999995086, 28, 6.9999999637],
      [4.0000000834, 0, 0.60345890974, 6.9985303156, 12.9999995795, 1.9999041706, 14.9999972823, 48, 43, 2.5239199477, 23, 9.9999999991, 15, 32, 11.999998128, 23, 1.9285629066, 12.0000001551, 2.1691984134, 19.00000039, 15.9999998965, 10.9999200669, 19, 5.9999369861, 15.0002934825, 25, 31, 27, 6.9983538041, 29.0000000001, 8.000000002, 20.0000000071, 21.9999999999, 13.0000000037, 9.9999924334, 20.0000000193, 32.0000000012, 0.73905399678, 11.9999971641, 31.9999999957, 46, 7.9999998788, 39.0000000014, 36.9999999998, 21, 5.8843547935, 0, 14.01292785, 81, 9.9999996708, 40, 14.0000000213],
      [5.0185146928e-07, 0, 0.11435729643, 0.00073002199964, 2.0000000811, 1.6276079837e-06, 1.0000027259, 6, 4, 0.10741691524, 2, 1.1587421318e-09, 0.99999999995, 3, 4.6401216761e-07, 2, 0.18386786888, 0.99999989337, 0.085457958009, 1.0000007798, 2.000000093, 1.0000105422, 1, 1.9999454962, 1.0003014184, 2, 2, 4, 0.0010429430286, 2, 6.2531333195e-12, 1.999999996, 2.9999999988, 1, 0.99999244798, 2.0000000187, 4.0000000002, 0.059721492437, 1.0000035172, 3.0000000095, 6, 1.0000000664, 3.9999999998, 6, 2, 0.027592525892, 0, 2.0020466997, 10, 1.0000002069, 5, 1.0000000008]
    ],
    [
      [8.1007871959e-05, 0, 0, 0.00022941581636, 2.3087284567e-07, 0.9999482578, 2.7127458792e-06, 1.1011311475e-14, 1, 0.0033061553939, 2, 0.99999999949, 1, 1, 4.9224008826e-07, 1, 0, 5.8593656164e-07, 0.036212857972, 8.04833169e-12, 1.1698122226e-09, 2.8639566895e-06, 1, 1.4404248626e-06, 4.6416517038e-06, 3.4418264297e-18, 1, 3.3630570105e-13, 0.00075349206361, 3.1246586674e-13, 1.3098422075e-12, 5.5951264664e-09, 1.2670042988e-12, 5.222400753e-10, 7.5661388105e-06, 1.236618551e-10, 2.5280819072e-15, 0, 2.4889806148e-09, 3.2238221178e-09, 1, 2.5364766358e-08, 1.0000000004, 2.8680838773e-13, 1, 0.0019759617052, 0, 8.7763988216e-05, 4, 1.2618942291e-09, 2, 2.5054381435e-08],
      [7.0000386647, 0, 0, 4.999676766, 1.9999999171, 4.9999770057, 2.999995939, 10, 12, 0.37979405955, 20, 6.999999998, 13.0000000001, 18, 4.0000008935, 9, 0.99236694853, 3.9999995811, 0.70156235869, 3.99999961, 6.9999997241, 0.99997361566, 18, 2.0000878476, 1.999997104, 2, 23, 5, 4.0000016241, 10.9999999997, 7.0000000005, 5.9999999972, 5.9999999976, 11.000000001, 2.0000000154, 1.0000000033, 4.9999999998, 0, 5.9999985977, 3.0000000045, 12, 3.0000000047, 14.9999999982, 3, 19, 2.0111309912, 0, 0.0005635586023, 46, 2.0000002273, 14, 1.9999999974],
      [5.9998801585, 0, 0, 4.0003170703, 5.9999995511, 7.000122911, 8.0000040633, 22, 24, 0.56119895237, 24, 8.0000000048, 14, 17, 7.9999987349, 18, 1.768267559, 6.0000000788, 0.97241556804, 7.0000000001, 7.0000001709, 3.0000579485, 26, 3.999916219, 3.0001514137, 11, 29, 14, 8.999942066, 18.0000000003, 5.9999999995, 13.9999999878, 11.000000003, 13.9999999979, 6.9999848647, 6.999999981, 14, 0, 5.0000006996, 13.9999999955, 25, 6.9999999201, 27.0000000016, 13.9999999999, 20, 1.218100663, 0, 1.0006121128, 61, 4.9999990301, 24, 5.999999979],
      [1.0000001689, 0, 0, 1.9997767479, 3.0094895302e-07, 0.99995182551, 1.999997285, 2, 4, 0.055700832689, 3, 1.9999999976, 1.9999999999, 2, 1.9999998794, 1, 0.23936549245, 2.9999997542, 0.28980921529, 2.0000003899, 2.0000001038, 1.9999655719, 4, 1.9999944929, 1.9998468407, 2, 4, 4, 0.99930281781, 2, 1, 2.0000000093, 1.9999999994, 1.0000000005, 2.0000075538, 1.0000000155, 2.0000000003, 0, 1.0000007002, 2.9999999968, 4, 4.9805821883e-08, 2.9999999998, 1.0000000001, 3, 0.76879238412, 0, 1.9987365646, 8, 7.4136484842e-07, 2, 0.99999999857]
    ],
    [
      [4.0773331816e-05, 0.046806787985, 0, 0.00013467250538, 2.2358484664e-07, 5.001783621e-06, 1.3611922843e-06, 2.4655794271e-14, 2, 0.043388559263, 1, 7.9894072809e-10, 1.0405733565e-10, 1, 1.4677003085e-07, 1, 0, 6.8526442131e-08, 0.060567988213, 0.99999961015, 6.0337872276e-08, 3.4334598428e-05, 1, 8.2175588908e-06, 1.7663914304e-06, 2.6444720188e-12, 6.3874966181e-26, 1.006994778e-12, 2.4441138504e-05, 8.9467066698e-11, 1.0409307243e-09, 4.0798956801e-09, 1.0600014395e-11, 1.0444370672e-09, 4.7423749881e-09, 2.5907636402e-08, 6.6913760902e-10, 0, 3.7317458942e-09, 1.1941763579e-11, 1, 9.8809026411e-10, 1, 3.0241102498e-11, 1, 0.0043937998038, 0, 8.0258169308e-05, 3, 1.784539794e-07, 4, 3.211619978e-11],
      [4.9999579676, 1.0636449694, 0, 3.0000822102, 4.999999938, 3.9999396348, 4.9999986495, 10, 18, 1.1516793478, 16, 7.000000003, 8.9999999997, 26, 2.999999647, 14, 1.5767306956, 5.0000005066, 0.6590641434, 7.0000023398, 8.9999999732, 2.9998991341, 11, 2.9999609802, 2.9999936522, 3, 9, 5, 3.0001348586, 10.9999999998, 9.000000001, 5.9999999885, 3.9999999993, 12.0000000005, 3.9999698413, 5.0000000219, 6.9999999995, 0, 7.9999978721, 2.9999999966, 18, 5.0000000785, 10.9999999986, 6.9999999999, 15, 3.3266500619, 0, 5.9990890554, 41, 4.9999998912, 26, 1.9999999922],
      [3.0000413168, 1.4654993142, 0, 3.0003031147, 6.9999999114, 5.000059041, 11.0000040361, 21, 34, 3.2787683744, 18, 7.9999999969, 9.0000000003, 24, 5.0000005666, 24, 2.5322676174, 6.9999991527, 3.0876186145, 12.9999984401, 7.999999915, 6.9999993231, 17, 5.0000127277, 6.0000029278, 13, 11, 12, 4.9994570586, 18.0000000001, 5.9999999974, 14.9999999966, 6.9999999963, 11.9999999979, 8.0000150586, 19.9999999368, 14.9999999994, 0, 5.0000014163, 11.9999999994, 34, 7.9999999117, 19.0000000011, 23, 17, 2.1449821811, 0, 9.9722886963, 54, 7.9999998554, 40, 3.999999988],
      [0.99995994227, 0.42404892846, 0, 1.9994800026, 2.999999927, 2.9999963224, 2.9999959532, 6, 5, 0.52616371853, 3, 1.9999999992, 2.9999999998, 4, 1.9999996396, 4, 0.89100168701, 2.0000002722, 1.1927492539, 2.99999961, 2.0000000515, 2.0000672082, 3, 2.0000180746, 2.0000016537, 3, 2, 3, 2.0003836416, 4, 2.0000000005, 3.0000000108, 2.0000000043, 3.0000000005, 3.0000150953, 5.0000000154, 4.0000000005, 0, 3.0000007078, 2.0000000039, 6, 3.0000000089, 4.0000000004, 6.0000000001, 3, 1.5239739571, 0, 4.0285419901, 9, 3.000000075, 8, 2.0000000197]
    ]
  ],
  "prob": [
    [0.071456752274, 0.36112674596, 0.51546115357, 0.051955348195],
    [0.036305721257, 0.35066847445, 0.5455837111, 0.067442093189],
    [0.033338293293, 0.3879817785, 0.51708828671, 0.061591641493],
    [0.02118505129, 0.34633875165, 0.57503468356, 0.057441513502],
    [0.017830183079, 0.34184028822, 0.55198636745, 0.088343161256],
    [0.014416490578, 0.33510735592, 0.52393460535, 0.12654154815]
  ],
  "iterations": 2,
  "time": 0.058366,
  "message": "Converged",
  "status": 0,
  "miniter": 0,
  "maxiter": 1000,
  "maxtime": 3600,
  "param_threshold": 0.001,
  "ll_threshold": "-Inf",
  "initial_prob": "group_proportional",
  "candidates_id": ["O'HALLORAN, Lawrence John.c", "PLIMMER, Malcolm Ross.c", "MAHAREY, Steven.c", "Other candidates votes.c"],
  "group_id": ["Green Party.p", "Labour Party.p", "National Party.p", "New Zealand First Party.p", "United Future New Zealand.p", "Other parties votes.p"]
}
