{
  "Z_true": {},
  "V_true": [
    [964, 100, 79, 64, 92, 10],
    [34, 55, 1753, 60, 63, 24],
    [74, 225, 222, 5453, 237, 146],
    [128, 464, 157, 174, 8424, 243],
    [410, 920, 718, 877, 1464, 288]
  ],
  "p_true": [
    [0.7364, 0.0764, 0.0604, 0.0489, 0.0703, 0.0076],
    [0.0171, 0.0277, 0.8813, 0.0302, 0.0317, 0.0121],
    [0.0116, 0.0354, 0.0349, 0.8578, 0.0373, 0.023],
    [0.0133, 0.0484, 0.0164, 0.0181, 0.8784, 0.0253],
    [0.0877, 0.1967, 0.1535, 0.1875, 0.313, 0.0616]
  ],
  "Z_est": [
    [
      [2, 2, 3, 4, 4, 2, 1.0002, 2.0001, 3, 3, 1.9967, 2, 2.9997, 2, 3, 2, 3, 2, 2.9999, 4, 2, 2.9999, 5, 2, 3, 5, 5, 5, 9, 8, 8, 6.004, 2, 2, 3, 4, 1.9998, 2, 4, 2, 1.0002, 2, 4, 3, 2, 1, 3, 2, 2, 3, 2, 4, 3, 3, 4, 2, 3, 3, 4, 6, 6, 5, 6, 2, 0.9999, 1.9998, 8, 9],
      [1, 1, 4, 4, 2, 3, 1, 1.0001, 3, 3, 3.4898e-06, 1, 2, 2, 2, 2, 3, 2, 0.9999, 2.0194e-08, 1, 3.7785e-08, 1, 1, 2, 1, 2, 4, 4, 5, 2, 0.0013, 1, 9.6873e-07, 1.806e-06, 7.1169e-08, 1.0001, 1, 1, 1, 1.5919e-06, 1, 2, 1.7593e-08, 1, 1, 6.8666e-07, 5.7273e-08, 2, 1, 1, 1, 1, 1, 2, 1, 2.9306e-08, 1, 1, 2, 1, 5.4662e-10, 3, 3.0729e-06, 0, 1.2721e-06, 1, 6],
      [4.0672e-07, 8.7664e-08, 3.0841e-07, 3, 2, 6.4535e-07, 5.6458e-07, 6.6235e-07, 2.66e-10, 2, 0.0003, 3.7697e-07, 0.0003, 1.7805e-07, 1, 1, 7.2308e-09, 2.1926e-09, 1.7061e-06, 1, 1, 0.9999, 3, 3, 3, 16, 6, 6, 8, 5, 8, 5.0013, 1, 6.005e-06, 2, 1, 7.9414e-08, 3.7709e-06, 3, 0, 0.0001, 3.8698e-06, 2, 4.1612e-07, 1, 1.1309e-07, 0, 1, 3.985e-10, 1, 1.0077e-07, 2, 2, 2, 5, 3.4317e-10, 2.0189e-10, 7.8778e-08, 2, 7, 10, 6, 7, 3.5028e-07, 0.0001, 1.0069e-06, 11, 16],
      [1, 1, 2, 6, 5, 2, 0.9998, 2, 5, 6, 1.0017, 2, 4.0004, 2, 4, 2, 3, 2, 1.0001, 5, 4, 3, 8, 4, 6, 12, 13, 10, 16, 14, 10, 6.9973, 3, 1, 4, 4, 2.0002, 1, 5, 1, 0.9998, 1, 5, 3, 3, 1, 2, 3, 3, 4, 1, 5, 5, 5, 8, 2, 1, 3, 4, 13, 12, 10, 11, 1, 0.0001, 1, 16, 28],
      [2, 3, 6, 12, 7, 3, 3, 3.9999, 8, 11, 2.0013, 5, 9.9995, 6, 8, 4, 7, 3, 4.0001, 8, 7, 5.0002, 8, 6, 7, 12, 9, 12, 12, 14, 12, 9.996, 9, 2, 5, 5, 3.9999, 3, 8, 3, 1.9999, 3, 8, 6, 4, 3, 4, 8, 7, 6, 3, 8, 8, 7, 6, 3, 4, 7, 7, 12, 12, 10, 13, 3, 0.9999, 2.0002, 13, 42],
      [0, 1.6626e-10, 3.9761e-10, 9.2586e-18, 6.2909e-13, 2.1501e-07, 9.8856e-07, 6.2282e-08, 8.5277e-11, 9.9714e-16, 5.2427e-08, 5.5574e-08, 1.1008e-08, 8.3866e-08, 2.2295e-11, 8.6656e-12, 2.5547e-09, 1.1921e-07, 1.6582e-06, 7.17e-08, 1.0175e-09, 2.1039e-09, 7.4505e-11, 2.099e-09, 3.4119e-13, 1, 1, 1, 1.1576e-17, 1, 2.1073e-11, 9.5978e-06, 1.5681e-08, 1.4129e-06, 1.6478e-06, 6.341e-08, 2.5808e-07, 8.0143e-08, 1, 3.8533e-06, 6.5444e-06, 0, 6.5911e-07, 2.098e-07, 1.3705e-07, 3.1628e-08, 4.068e-08, 1.1492e-08, 2.7575e-09, 4.72e-13, 3.8678e-07, 1.6789e-10, 2.0448e-09, 1.8557e-10, 2.8879e-16, 6.2453e-10, 7.2906e-09, 1.0078e-08, 1.7368e-11, 1, 4.7006e-16, 1.7142e-10, 1.3282e-09, 8.2346e-06, 0.0001, 1.5972e-06, 7.7881e-13, 2]
    ],
    [
      [9.1289e-07, 9.8731e-10, 2.738e-07, 3, 2, 5.764e-07, 3.7962e-07, 0, 8.2458e-11, 1, 0.0002, 3.732e-07, 0, 1.667e-07, 1, 1, 1.1496e-08, 1.3715e-09, 1.9672e-06, 1, 1, 0.0001, 3, 2, 2, 11, 4, 4, 7, 3, 7, 5.0013, 1, 0.9994, 2, 1, 0.0002, 1.44e-06, 2, 0, 0.9997, 0, 1, 1.123e-08, 1, 6.3058e-07, 0, 1, 7.9814e-11, 2, 3.4697e-08, 1, 1, 2, 4, 1, 3.8147e-08, 1.2082e-07, 1, 7, 8, 6, 6, 1, 0.9999, 0.0001, 8, 17],
      [3, 5, 3, 6, 6, 2, 1.9998, 2.9998, 4, 4, 4.0016, 2, 1.9994, 1, 5, 4, 1, 2, 1.9998, 2, 3, 2.9998, 3, 1, 2, 5, 4, 5, 7, 4, 4, 3, 2, 1.9987, 3, 3, 0.9999, 1, 3, 1, 0.0003, 1, 3, 2, 2, 1, 2, 3, 1, 2, 2, 3, 2, 3, 3, 2, 3, 3, 3, 4, 4, 3, 2, 2, 1.9999, 1.9999, 3, 18],
      [0.0001, 1, 1, 8, 5, 1, 1.6149e-06, 8.7459e-07, 1, 3, 1.0016, 1, 0, 2, 1, 4, 3, 1, 1.6036e-06, 1, 2, 1, 8, 5, 8, 49, 8, 7, 11, 5, 9, 7.9947, 2, 4.0006, 4, 3, 1, 2, 3, 2, 0.0001, 2, 2, 1, 6, 5.2366e-08, 7.5764e-07, 1, 2, 5, 2, 2, 6, 3, 14, 2, 2, 2, 5, 11, 19, 12, 14, 0, 0, 1.0001, 18, 38],
      [2, 3, 1, 11, 8, 1, 1.0002, 1, 3, 6, 2.9984, 1, 1.001, 2, 5, 7, 3, 3, 1.0002, 3, 5, 3.9999, 14, 8, 12, 38, 15, 11, 21, 8, 11, 10.0014, 5, 7.9994, 9, 7, 1.0001, 2, 6, 2, 2.0003, 2.0001, 4, 1, 9, 1, 2, 4, 2, 10, 6, 4, 8, 7, 19, 5, 4, 3, 6, 18, 23, 19, 17, 3, 1.0001, 2.0001, 25, 67],
      [3.9999, 7, 4, 22, 12, 1, 3, 3.0001, 6, 11, 5.9983, 4, 1.9996, 6, 10, 13, 5, 4, 1.9999, 6, 10, 7.0001, 15, 12, 13, 38, 11, 13, 15, 8, 13, 15.0026, 12, 11.0019, 11, 10, 2.9998, 5, 10, 3.9999, 2.9996, 4.9999, 6, 3, 12, 2, 4, 12, 4, 14, 12, 6, 13, 9, 15, 9, 11, 7, 12, 17, 23, 19, 20, 7, 3.0001, 5.9998, 19, 102],
      [2.9896e-08, 8.7746e-08, 3.2416e-10, 1, 1.265e-12, 5.1903e-09, 4.6292e-07, 5.3923e-07, 4.1832e-11, 2.7959e-13, 6.6602e-06, 1.2105e-07, 5.5034e-09, 9.1599e-08, 1, 1, 8.5475e-11, 1.9178e-09, 0.0001, 1.1637e-07, 1.246e-09, 0.0001, 1, 2.0995e-09, 1, 3, 1, 1, 1, 3.9858e-13, 8.5746e-11, 4.2569e-07, 9.1938e-09, 0, 1.5075e-06, 1, 2.277e-07, 1.216e-07, 1, 5.2392e-06, 0, 0, 2.3599e-10, 7.0499e-07, 1.9931e-08, 5.3918e-08, 1.2979e-07, 5.5439e-09, 2.9007e-09, 1.092e-06, 1.931e-07, 1.0903e-08, 2.1148e-09, 6.7878e-09, 2.4405e-11, 1, 6.2583e-10, 1.0047e-08, 1, 1, 1, 3.4237e-10, 1, 3.4099e-08, 0, 1, 1, 5]
    ],
    [
      [1, 2, 2, 7, 9, 4, 1.0003, 2, 5, 6, 0.0017, 2, 2.9994, 2, 2, 3, 4, 4, 1.0001, 5, 4, 4.0001, 11, 6, 7, 12, 14, 9, 17, 13, 16, 6, 3, 4.0013, 5, 5, 3, 2, 4, 2, 2.9996, 2, 7, 3, 3, 3, 4, 3, 5, 6, 2, 5, 5, 5, 11, 3, 3, 4, 4, 14, 15, 11, 15, 2, 1.0002, 2, 19, 35],
      [17.0002, 12, 17, 10, 13, 13, 10.9993, 13.9998, 13, 12, 8.9989, 6, 5.0001, 3, 11, 9, 11, 10, 10.0002, 2.7185e-07, 5, 4.0003, 5, 3, 4, 6, 8, 8, 11, 10, 5, 1.9973, 3, 1, 1, 4, 4.0001, 2, 3, 1, 2.9994, 2, 6, 2, 4, 3, 4, 2, 5, 3, 3, 4, 3, 5, 5, 4, 3, 4, 4, 7, 6, 4, 7, 4, 3.0002, 2.0001, 2, 33],
      [4.9998, 8, 5, 15, 14, 3, 2.9997, 3.9999, 7, 10, 5.0035, 5, 3.9987, 2, 9, 11, 5, 7, 2.9998, 7, 8, 9.9998, 22, 11, 18, 61, 24, 17, 28, 13, 21, 11.0027, 6, 9.998, 12, 13, 2.9999, 4, 10, 7, 2.9997, 4, 9, 5, 13, 7, 7, 9, 6, 11, 9, 11, 11, 10, 30, 9, 9, 5, 10, 28, 39, 26, 30, 5, 2.9998, 3.9999, 36, 87],
      [21.0002, 16, 13, 25, 32, 21, 9.9993, 16.0004, 28, 32, 18.0008, 15, 16.0015, 10, 22, 23, 23, 31, 11.9994, 23, 22, 34.9997, 45, 25, 37, 46, 51, 28, 50, 33, 28, 11.9947, 16, 20.9968, 23, 29, 28.9998, 14, 13, 22.9999, 21.0003, 16, 22, 18, 27, 24, 23, 16, 25, 31, 24, 16, 24, 24, 44, 20, 15, 19, 19, 41, 44, 36, 45, 20, 18.9996, 16.9995, 56, 150],
      [36.9998, 33, 29, 45, 44, 24, 32.0012, 33.9999, 43, 50, 32.9979, 32, 36.9999, 25, 40, 39, 42, 41, 26.0004, 34, 40, 50.0002, 48, 35, 38, 46, 36, 30, 34, 30, 31, 17.004, 37, 30.0026, 27, 35, 43.0004, 27.9999, 20, 37.0001, 32.0004, 32, 31, 36, 32, 45, 39.0001, 41, 45, 39, 45, 26, 36, 31, 35, 33, 38, 34, 30, 38, 44, 36, 50, 41.9999, 36.9998, 36.0001, 42, 226],
      [1, 3, 1, 3, 2, 1, 1.0002, 1, 3, 4, 2.9972, 2, 0.0004, 2, 3, 3, 3, 3, 3.0001, 3, 1, 0.9999, 4, 2, 3, 3, 4, 3, 2, 3, 1, 0.0013, 1, 1.0013, 1.7502e-07, 3, 2.9998, 2, 2, 3, 1.0006, 1, 1.4808e-08, 2, 1, 5, 2, 2.7428e-08, 3, 2, 5.8718e-07, 2, 2.9354e-10, 1, 1, 4, 2, 1, 2, 3, 2, 1, 3, 2, 4.0003, 6.0003, 3, 13]
    ],
    [
      [1, 4, 5, 12, 14, 5, 3.9997, 5, 8, 9, 0.9983, 4, 7.0009, 5, 5, 6, 7, 5, 3.9999, 9, 8, 6.9998, 10, 8, 7, 12, 10, 9, 13, 15, 19, 9.9973, 8, 6, 6, 6, 5.0001, 5.9999, 6, 4, 5.0007, 4, 9, 8, 4, 5, 6, 6, 9, 10, 4, 9, 8, 9, 8, 7, 7, 8, 7, 12, 14, 11, 16, 5, 3, 4.9996, 13, 56],
      [30, 27, 41, 19, 19, 17, 26.0012, 27.0002, 21, 18, 19.0095, 12, 11, 9, 24, 16, 19, 14, 23, 1, 9, 6.9997, 5, 4, 4, 5, 5, 8, 9, 11, 6, 0.9987, 7, 1.0006, 2, 4, 5.9996, 5, 5, 2, 3, 4, 7, 5, 5, 6, 6, 5, 9, 4, 7, 7, 5, 8, 4, 9, 7, 9, 6, 5, 4, 2, 7, 8, 6.9997, 4, 1, 53],
      [6.0001, 12, 8, 25, 19, 4, 4, 4.9999, 8, 13, 7.9934, 6, 4.0012, 5, 12, 17, 8, 7, 4.0003, 10, 11, 14.0003, 18, 16, 18, 60, 17, 15, 20, 13, 24, 14.0013, 11, 12.9988, 13, 13, 4.0001, 9, 11, 10, 1.9999, 8, 10, 6, 14, 7, 6, 12, 11, 15, 16, 14, 18, 14, 23, 13, 16, 8, 16, 21, 36, 23, 30, 7, 3.0002, 6.9996, 25, 135],
      [36.9998, 36, 33, 42, 43, 25, 29.0003, 35.9994, 43, 45, 33.0061, 30, 34.9974, 25, 44, 34, 36, 38, 29.0003, 39, 40, 49.9996, 40, 32, 36, 49, 36, 27, 39, 39, 34, 23.0027, 38, 33.0044, 30, 33, 40.9998, 27.9999, 20, 32.0001, 32.9999, 30.9999, 26, 40, 30, 42, 36, 34, 46, 46, 50, 26, 39, 40, 35, 37, 39, 35, 27, 37, 43, 38, 45, 41.9999, 33.9999, 33.0007, 39, 238],
      [68, 71, 73, 82, 68, 36, 87.9988, 71.0004, 70, 73, 69.9978, 63, 78.0009, 72, 87, 67, 76, 56, 65.9999, 61, 77, 79.0005, 47, 51, 43, 49, 28, 30, 29, 35, 38, 27.9987, 89, 44.9961, 39, 42, 64.0004, 65.0001, 33, 63, 46.9995, 71.0001, 42, 78, 38, 78, 59.9999, 82, 86, 63, 97, 42, 62, 51, 30, 65, 93, 69, 49, 33, 42, 37, 54, 92.0001, 77.0007, 77.0008, 30, 360],
      [3, 7, 2, 5, 3, 2, 4, 2, 5, 5, 5.9949, 5, 0.9997, 7, 7, 5, 5, 6, 7.9996, 5, 3, 2.0001, 4, 3, 4, 3, 3, 2, 1, 3, 1, 0.0013, 2, 2, 1, 4, 5, 5, 3, 6, 2, 3, 1, 4, 1, 8, 3, 1, 7, 3, 1, 3, 1, 2, 1.5588e-13, 7, 6, 3, 4, 3, 2, 1, 3, 5, 8.9995, 12.9992, 2, 20]
    ],
    [
      [6.0673e-07, 2, 2, 5, 7, 4, 0.9998, 0.9999, 4, 4, 0.0032, 2, 2, 2, 1, 3, 3, 2, 1.0001, 3, 3, 3.0001, 5, 6, 5, 7, 9, 10, 11, 8, 7, 3.9973, 3, 1.9994, 2, 2, 1.9999, 2, 5, 2, 1.9998, 1, 5, 3, 1, 2, 3, 2, 4, 4, 1, 4, 3, 3, 6, 4, 2, 4, 4, 6, 8, 6, 9, 1, 1, 1.0005, 6, 32],
      [13.9998, 13, 18, 7, 11, 13, 5.9997, 9.0001, 10, 9, 9.99, 7, 3.0005, 3, 7, 8, 9, 5, 9.0001, 6.1486e-08, 3, 3.0001, 2, 3, 3, 3, 5, 9, 7, 6, 2, 0.0027, 3, 0.0007, 1, 1, 3.0003, 1, 4, 1, 1.0003, 1, 4, 2, 2, 2, 2, 1, 4, 2, 2, 3, 2, 2, 3, 6, 2, 5, 3, 2, 2, 1, 4, 2, 2.0002, 1, 1, 30],
      [3, 6, 3, 9, 11, 3, 1.0003, 1.0001, 3, 6, 4.0013, 3, 0.9997, 1, 3, 8, 4, 3, 0.9999, 4, 4, 6, 9, 11, 13, 37, 15, 17, 15, 7, 10, 7, 4, 5.0025, 6, 5, 2, 3, 8, 4, 1.0003, 3, 5, 2, 5, 2, 3, 4, 5, 6, 5, 6, 7, 5, 16, 8, 6, 4, 10, 11, 19, 13, 17, 2, 0.9999, 2.0004, 12, 78],
      [17, 16, 14, 16, 24, 19, 7.0003, 12.0002, 20, 22, 16.9929, 16, 10.9997, 9, 12, 17, 17, 15, 10, 14, 15, 21.0008, 21, 23, 25, 29, 31, 28, 30, 20, 13, 9.004, 14, 12.9993, 12, 13, 20.0001, 10, 15, 15, 14.9997, 11, 15, 15, 11, 15, 17, 10, 20, 19, 15, 12, 16, 13, 24, 23, 13, 18, 16, 19, 23, 20, 25, 12, 11.0003, 11.9997, 19, 137],
      [33.0003, 35, 34, 32, 36, 25, 23, 26.9997, 33, 36, 34.0047, 36, 28.0001, 26, 24, 35, 35, 21, 25.9997, 23, 30, 33.9991, 23, 35, 29, 30, 22, 33, 21, 20, 16, 14.9987, 35, 19.9994, 17, 18, 32.9995, 24.9999, 25, 27, 23.0006, 24.9999, 24, 33, 15, 29, 30, 26, 38, 26, 29, 21, 25, 20, 19, 42, 37, 35, 31, 19, 25, 21, 28, 29, 26.9995, 28.9991, 15, 208],
      [3, 5, 3, 4, 4, 4, 1.9998, 1, 5, 6, 5.0079, 5, 1, 6, 5, 3, 4, 3, 5.0002, 4, 3, 2.9999, 5, 5, 5, 4, 5, 5, 4, 5, 2, 1.9973, 2, 1.9987, 2, 4, 4.0002, 3, 4, 5, 2.9993, 3, 2, 3, 2, 5, 3, 3, 5, 4, 2, 3, 2, 2, 2, 7, 4, 3, 4, 3, 2, 3, 3, 3, 5, 6.0005, 3, 14]
    ]
  ],
  "V_est": [
    [230, 96.0013, 157.0021, 336.9996, 480.9969, 8.0002],
    [135.001, 203.9988, 345.9973, 537.0011, 742.0015, 25.0003],
    [407.0028, 432.9961, 877.0012, 1842.992, 2643.0065, 154.0014],
    [562.9962, 706.0093, 1024.9951, 2653.0102, 4374.995, 267.9942],
    [275, 324.9945, 524.0043, 1257.9972, 2039.0001, 256.0039]
  ],
  "p_est": [
    [0.1757, 0.0733, 0.1199, 0.2574, 0.3675, 0.0061],
    [0.0679, 0.1026, 0.174, 0.27, 0.3731, 0.0126],
    [0.064, 0.0681, 0.138, 0.2899, 0.4158, 0.0242],
    [0.0587, 0.0736, 0.1069, 0.2766, 0.4562, 0.0279],
    [0.0588, 0.0695, 0.112, 0.269, 0.436, 0.0547]
  ],
  "EI_Z": {},
  "EI_V": 44.9879,
  "MAE_Z": {},
  "MAE_V": 717.4674,
  "MAE_p": 0.1645,
  "runtime": 0.5556
}
