{
  "Z_true": {},
  "V_true": [
    [127, 1180, 444],
    [768, 14131, 1106],
    [14025, 601, 489],
    [1047, 732, 845],
    [650, 291, 354],
    [557, 621, 643]
  ],
  "p_true": [
    [0.0725, 0.6739, 0.2536],
    [0.048, 0.8829, 0.0691],
    [0.9279, 0.0398, 0.0324],
    [0.399, 0.279, 0.322],
    [0.5019, 0.2247, 0.2734],
    [0.3059, 0.341, 0.3531]
  ],
  "Z_est": [
    [
      [2.8646, 7.6886, 5.6668, 4.837, 10.0657, 16.947, 4.4022, 4.9612, 9.039, 1.9697, 17.5131, 1.4238, 9.2891, 11.4972, 3.3806, 8.7012, 8.2564, 9.5802, 6.8781, 11.4212, 9.8056, 14.0955, 15.0581, 10.4188, 12.1875, 13.8693, 0, 3.1824, 1.193, 0, 8.3484, 24.4213, 7.767, 10.5997, 14.346, 11.6097, 19.2748, 18.8086, 10.1356, 2.2301, 41.7584, 2.9883, 24.9439, 6.5268],
      [3.8986, 7.0243, 5.681, 4.3406, 7.3674, 18.9323, 3.1385, 4.3576, 8.7534, 1.8335, 11.4241, 1.7858, 6.8543, 8.8015, 1.3638, 11.3347, 11.7206, 8.7997, 10.871, 11.8353, 10.022, 10.4052, 11.2592, 8.3987, 9.9225, 13.3538, 0, 2.0998, 1.4469, 0, 6.1191, 20.6934, 3.9284, 9.7146, 15.2288, 10.2697, 17.6763, 20.4484, 7.7741, 2.9857, 39.3684, 2.9646, 27.6873, 6.1881],
      [8.2369, 16.2871, 9.6522, 6.8224, 13.567, 32.1207, 7.4594, 11.6812, 16.2076, 3.1968, 22.0628, 4.7904, 15.8566, 20.7013, 2.2556, 24.964, 30.023, 19.6201, 21.2509, 31.7435, 30.1724, 21.4993, 26.6826, 22.1824, 21.89, 25.7769, 0, 2.7178, 6.3601, 0, 15.5326, 34.8853, 10.3046, 21.6857, 27.4251, 30.1206, 43.0489, 34.7431, 13.0904, 8.7842, 72.8732, 11.047, 90.3688, 13.2851]
    ],
    [
      [15.6132, 35.7724, 26.2548, 6.4341, 50.4084, 44.6663, 29.8748, 22.2652, 52.7964, 15.7936, 62.8825, 12.2573, 8.9862, 16.5183, 6.3696, 21.3439, 15.5421, 16.6058, 7.0952, 32.7329, 25.6445, 42.8825, 46.0814, 35.7116, 36.1004, 37.5396, 0.4246, 4.2269, 2.8888, 0.387, 25.9625, 18.9962, 13.3634, 26.6655, 27.6758, 29.5494, 32.2492, 24.7296, 10.0983, 17.2445, 85.8863, 11.8367, 40.1295, 11.0191],
      [289.618, 422.572, 338.072, 75.0887, 476.0388, 644.4952, 279.3796, 252.6622, 658.7841, 188.9829, 534.754, 207.7446, 86.746, 164.612, 33.7353, 374.8036, 299.7658, 198.3743, 166.2261, 437.6476, 334.1791, 409.4554, 446.861, 372.6798, 381.2088, 467.5076, 9.5367, 36.3869, 43.5113, 12.2993, 248.3132, 207.612, 89.4162, 317.2196, 379.7949, 336.2434, 382.9753, 346.3913, 100.6709, 300.7806, 1042.6171, 147.0827, 564.1494, 136.4294],
      [34.7688, 55.6556, 31.6732, 6.4773, 48.5528, 60.8385, 37.7455, 38.0726, 68.4195, 18.2235, 57.3635, 30.9981, 11.2678, 21.8697, 2.8951, 46.8525, 42.6921, 25.0199, 18.6787, 65.6195, 55.1764, 47.6621, 60.0576, 55.6086, 47.6908, 50.9528, 1.0387, 2.3862, 9.5999, 1.3138, 35.7243, 19.3917, 13.2204, 40.1149, 38.5293, 55.2072, 52.7756, 32.8791, 9.2308, 47.9749, 108.4966, 29.0805, 99.721, 16.5515]
    ],
    [
      [164.9502, 271.9192, 181.5699, 202.3275, 579.6379, 457.5066, 179.8738, 194.8247, 379.6675, 106.1017, 570.369, 63.5692, 181.5455, 282.972, 108.0386, 215.9001, 203.4791, 293.1917, 92.9173, 365.5409, 284.631, 628.9842, 598.1915, 510.2135, 385.7909, 557.1587, 9.0835, 98.298, 53.9541, 14.8818, 228.4365, 362.527, 143.1652, 464.4707, 552.6936, 593.1604, 583.7555, 371.429, 117.9731, 216.0284, 1149.6544, 170.8, 505.215, 151.9779],
      [14.239, 15.5803, 11.5674, 11.6254, 27.7011, 32.7273, 8.0682, 10.7477, 23.3427, 6.1913, 24.6925, 5.0174, 8.2307, 13.4949, 2.8229, 17.8982, 18.6864, 16.7989, 9.3138, 24.2298, 18.9617, 29.6151, 28.2087, 26.015, 19.7361, 33.9586, 0.495, 4.476, 4.5004, 1.1872, 10.5138, 19.9221, 4.5224, 26.7316, 37.2219, 33.8225, 33.7904, 25.7179, 5.8429, 18.9075, 69.2829, 11.5613, 37.7073, 8.8682],
      [7.8108, 9.5005, 4.8627, 4.0471, 11.661, 13.766, 5.058, 7.4276, 10.9899, 2.707, 10.9386, 3.4134, 5.2238, 8.5331, 0.1385, 10.2016, 11.8345, 10.0094, 4.769, 16.2293, 13.4073, 15.4007, 17.5998, 17.7715, 11.473, 16.8828, 0.4216, 0.226, 3.5455, 0.931, 7.0496, 7.5509, 3.3125, 15.7977, 17.0845, 24.0171, 21.4541, 10.853, 2.184, 13.0642, 32.0627, 8.6388, 27.0776, 5.1539]
    ],
    [
      [11.4575, 21.1776, 18.0489, 6.6984, 35.5207, 22.2901, 13.8568, 17.2896, 25.5427, 9.0249, 40.337, 5.8705, 8.5147, 16.8927, 3.4716, 16.6521, 11.7188, 12.5566, 7.2026, 15.9481, 13.7489, 29.2612, 23.0278, 26.9542, 17.0426, 11.9496, 0.3358, 2.2436, 1.5632, 0, 19.7459, 8.882, 5.6408, 15.6064, 19.0518, 21.9997, 17.3114, 12.489, 9.2413, 7.9578, 49.9147, 7.1889, 15.6606, 4.1677],
      [48.2135, 59.6555, 55.8133, 18.649, 80.1438, 76.746, 30.4866, 46.8554, 76.2367, 25.9552, 81.1117, 22.7512, 19.4642, 39.962, 4.3731, 66.9702, 51.3005, 35.6306, 35.211, 50.9399, 43.3035, 66.5974, 53.0911, 67.0023, 42.7975, 35.4843, 1.6008, 4.628, 5.8871, 0, 44.6621, 23.2293, 8.8342, 44.141, 62.3842, 59.9992, 48.9615, 41.8906, 21.9393, 32.8652, 144.9535, 21.9963, 53.3747, 12.2368],
      [2.329, 3.1669, 2.1378, 0.6526, 3.3354, 2.964, 1.6566, 2.855, 3.2206, 1.0199, 3.5513, 1.3783, 1.0211, 2.1453, 0.1553, 3.3777, 2.9806, 1.8128, 1.5864, 3.1121, 2.9476, 3.1413, 2.8812, 4.0434, 2.1599, 1.5661, 0.0633, 0.1283, 0.5497, 0, 2.592, 0.8887, 0.525, 2.2526, 2.564, 4.0011, 2.7271, 1.6203, 0.8194, 2.177, 6.1318, 1.8149, 3.9647, 0.5955]
    ],
    [
      [4.3356, 18.026, 13.6505, 8.2624, 38.3801, 29.2048, 13.3317, 14.2734, 29.9571, 9.5055, 30.5007, 3.5966, 3.6939, 21.1131, 0, 14.9314, 14.3939, 18.161, 3.5917, 23.0975, 36.8572, 48.1117, 50.4207, 43.3642, 20.2807, 43.9387, 0, 1.6493, 1.0362, 0.6032, 7.2576, 11.2767, 11.0691, 39.0997, 38.3916, 44.3615, 33.5414, 35.758, 4.6304, 4.5187, 68.2337, 7.1253, 31.2294, 6.9878],
      [0.8114, 2.2712, 1.8853, 1.0162, 3.8846, 4.508, 1.3076, 1.726, 4.0068, 1.2127, 2.7509, 0.6176, 0.3738, 2.2253, 0, 2.6799, 2.8121, 2.2972, 0.7734, 3.3051, 5.2135, 4.9077, 5.2069, 4.8277, 2.2777, 5.8423, 0, 0.1468, 0.1693, 0.1271, 0.7324, 1.3167, 0.7657, 4.944, 5.6285, 5.4264, 4.2484, 5.3668, 0.4858, 0.8329, 8.9014, 0.9732, 4.7918, 0.9079],
      [1.853, 5.7028, 3.4642, 1.7213, 7.7353, 8.2872, 3.3607, 5.0006, 8.0361, 2.2818, 5.7484, 1.7858, 0.9322, 5.6616, 0, 6.3887, 7.794, 5.5418, 1.6349, 9.5974, 16.9293, 10.9806, 13.3725, 13.8081, 5.4417, 12.219, 0, 0.2039, 0.7945, 0.2697, 2.01, 2.4065, 2.1652, 11.9563, 10.9799, 17.2121, 11.2102, 9.8752, 0.8838, 2.6483, 17.8649, 3.9015, 16.9787, 2.1043]
    ],
    [
      [2.779, 7.4161, 4.8091, 1.4406, 9.9873, 9.3852, 6.6606, 3.3859, 6.9974, 3.6046, 9.3977, 2.2826, 2.9705, 3.0067, 0.7396, 3.4713, 2.6097, 3.9047, 2.3151, 7.2594, 5.3128, 10.6649, 8.2206, 7.3376, 6.5979, 5.5442, 0.1561, 1.3998, 0.3647, 0.128, 6.2491, 4.8967, 2.9946, 3.558, 4.8411, 6.3192, 7.8677, 5.7859, 1.9213, 3.0205, 15.5525, 2.0608, 7.8216, 2.3207],
      [21.2195, 37.8967, 26.9809, 7.2801, 40.8643, 58.5912, 26.6195, 16.6511, 37.8763, 18.8243, 34.2668, 16.0834, 12.3309, 12.9042, 1.7049, 25.3133, 20.7146, 20.0993, 20.6048, 42.0423, 30.3203, 44.0192, 34.373, 33.0764, 30.0574, 29.8534, 1.3675, 5.2625, 2.4849, 1.3865, 25.6594, 23.2265, 8.5331, 18.2492, 28.7417, 31.2389, 40.3481, 35.1849, 8.287, 22.6281, 81.8767, 11.4219, 48.2893, 12.3696],
      [9.0015, 17.6871, 9.21, 2.2793, 15.1485, 20.0236, 12.7198, 8.963, 14.1263, 6.571, 13.3355, 8.634, 5.6986, 6.0891, 0.5555, 11.2154, 10.6757, 8.996, 8.0802, 22.6983, 18.3669, 18.316, 16.4064, 17.586, 13.3447, 11.6025, 0.4764, 1.3378, 2.1504, 0.4855, 13.0915, 7.8769, 4.4723, 8.1928, 10.4172, 18.4418, 19.7842, 12.0292, 2.7917, 13.3514, 30.5708, 8.5173, 31.8891, 5.3097]
    ]
  ],
  "V_est": [
    [439.9515, 408.0732, 902.9753],
    [1107.5065, 13243.4248, 1654.0687],
    [13848.3761, 814.5424, 452.0815],
    [661.0569, 1868.3294, 94.6137],
    [901.7496, 114.5065, 278.7439],
    [215.3594, 1107.1237, 498.5169]
  ],
  "p_est": [
    [0.2513, 0.2331, 0.5157],
    [0.0692, 0.8275, 0.1033],
    [0.9162, 0.0539, 0.0299],
    [0.2519, 0.712, 0.0361],
    [0.6963, 0.0884, 0.2152],
    [0.1183, 0.608, 0.2738]
  ],
  "EI_Z": {},
  "EI_V": 9.7051,
  "MAE_Z": {},
  "MAE_V": 416.3608,
  "MAE_p": 0.1561,
  "runtime": 0.042
}
