{
  "X": [
    [202, 378, 64],
    [362, 545, 108],
    [250, 440, 61],
    [230, 118, 22],
    [724, 636, 100],
    [580, 836, 138],
    [248, 349, 68],
    [257, 333, 74],
    [504, 809, 121],
    [146, 243, 34],
    [731, 689, 113],
    [89, 254, 51],
    [215, 134, 40],
    [352, 242, 65],
    [122, 44, 6],
    [281, 499, 103],
    [256, 405, 106],
    [354, 282, 71],
    [120, 243, 56],
    [456, 570, 149],
    [376, 442, 137],
    [774, 565, 117],
    [741, 579, 137],
    [634, 512, 131],
    [478, 486, 102],
    [670, 586, 119],
    [10, 13, 2],
    [111, 53, 7],
    [61, 58, 23],
    [16, 15, 3],
    [296, 336, 76],
    [431, 296, 73],
    [184, 116, 34],
    [560, 421, 100],
    [657, 529, 107],
    [707, 477, 149],
    [694, 528, 151],
    [469, 475, 102],
    [154, 145, 29],
    [251, 379, 88],
    [1411, 1387, 268],
    [202, 196, 63],
    [625, 736, 270],
    [183, 177, 43]
  ],
  "W": [
    [15, 340, 187, 62, 7, 33],
    [31, 514, 297, 84, 26, 63],
    [21, 396, 198, 76, 19, 41],
    [16, 88, 218, 26, 11, 11],
    [31, 575, 619, 119, 50, 66],
    [68, 750, 504, 102, 42, 88],
    [15, 347, 193, 46, 18, 46],
    [21, 313, 213, 67, 21, 29],
    [34, 780, 414, 105, 42, 59],
    [7, 223, 115, 36, 13, 29],
    [51, 655, 606, 125, 39, 57],
    [8, 251, 72, 30, 6, 27],
    [32, 107, 195, 29, 5, 21],
    [41, 203, 305, 59, 29, 22],
    [7, 43, 111, 8, 0, 3],
    [45, 443, 244, 87, 24, 40],
    [50, 358, 234, 66, 25, 34],
    [38, 240, 320, 50, 26, 33],
    [39, 192, 107, 44, 6, 31],
    [55, 536, 406, 70, 36, 72],
    [50, 415, 317, 60, 59, 54],
    [46, 500, 674, 99, 64, 73],
    [53, 553, 644, 79, 69, 59],
    [41, 464, 554, 98, 62, 58],
    [44, 465, 417, 62, 28, 50],
    [53, 556, 608, 49, 62, 47],
    [0, 11, 10, 2, 0, 2],
    [8, 43, 103, 7, 2, 8],
    [9, 56, 62, 8, 2, 5],
    [0, 14, 17, 0, 1, 2],
    [30, 310, 246, 67, 10, 45],
    [80, 246, 390, 33, 15, 36],
    [22, 116, 151, 15, 14, 16],
    [42, 384, 507, 62, 56, 30],
    [57, 446, 607, 84, 55, 44],
    [52, 421, 651, 86, 67, 56],
    [80, 468, 639, 69, 49, 68],
    [74, 404, 408, 56, 51, 53],
    [31, 120, 126, 32, 6, 13],
    [14, 366, 248, 43, 8, 39],
    [154, 1237, 1251, 201, 95, 128],
    [17, 188, 191, 31, 12, 22],
    [143, 704, 570, 73, 53, 88],
    [26, 164, 166, 17, 10, 20]
  ],
  "method": "mvn_cdf",
  "mvncdf_method": "genz",
  "mvncdf_samples": 5000,
  "mvncdf_error": 0.001,
  "cond_prob": [
    [
      [0.19097158908, 0.25990389272, 0.5491245182],
      [0.045921180906, 0.85181777902, 0.10226104007],
      [0.88208651689, 0.076144267918, 0.041769215187],
      [0.18479779622, 0.77763755398, 0.037564649804],
      [0.61936497165, 0.11591392901, 0.26472109933],
      [0.084212964526, 0.64301493305, 0.27277210242]
    ],
    [
      [0.24801945176, 0.22659091997, 0.52538962826],
      [0.069596143035, 0.8221244266, 0.10827943037],
      [0.91555292433, 0.052458812937, 0.031988262732],
      [0.25211420098, 0.7101845747, 0.037701224319],
      [0.6933090526, 0.087354342354, 0.21933660504],
      [0.11771639205, 0.60153558083, 0.28074802712]
    ],
    [
      [0.26984665669, 0.27052613879, 0.45962720452],
      [0.066299968838, 0.85371722736, 0.079982803804],
      [0.91701948346, 0.058421275741, 0.024559240796],
      [0.23748591393, 0.73438530635, 0.028128779722],
      [0.7184479289, 0.099227544055, 0.18232452704],
      [0.11729596869, 0.65807097159, 0.22463305972]
    ],
    [
      [0.30231115261, 0.27128935897, 0.42639948842],
      [0.07311442464, 0.85328016118, 0.073605414177],
      [0.92810791854, 0.053327623302, 0.018564458158],
      [0.25763200779, 0.71726743194, 0.025100560268],
      [0.75113006006, 0.092383774413, 0.15648616552],
      [0.13096028045, 0.66182904032, 0.20721067923]
    ],
    [
      [0.32469880335, 0.237657031, 0.43764416565],
      [0.087666734283, 0.82789355852, 0.084439707195],
      [0.93641011406, 0.04475142405, 0.018838461886],
      [0.2984936472, 0.67347748049, 0.028028872311],
      [0.76760211025, 0.077692574846, 0.15470531491],
      [0.15132204164, 0.61915538609, 0.22952257227]
    ],
    [
      [0.24922055639, 0.27841563429, 0.47236380932],
      [0.05955502655, 0.85932696831, 0.081118005138],
      [0.9077512671, 0.06493516713, 0.027313565767],
      [0.21853009518, 0.75241131759, 0.029058587224],
      [0.69535258912, 0.10733430939, 0.19731310148],
      [0.10665017251, 0.66580898877, 0.22754083872]
    ],
    [
      [0.29347806688, 0.20923065807, 0.49729127505],
      [0.086094654871, 0.8051286366, 0.10877670853],
      [0.93198847272, 0.041804067934, 0.026207459342],
      [0.30123529877, 0.66275188676, 0.036012814476],
      [0.7406522649, 0.07264356298, 0.18670417212],
      [0.1447966089, 0.57868580856, 0.27651758254]
    ],
    [
      [0.23624731005, 0.20750490178, 0.55624778818],
      [0.071134823537, 0.80722753213, 0.12163764433],
      [0.9146699213, 0.050458487356, 0.034871591343],
      [0.25805327054, 0.69933459548, 0.042612133978],
      [0.67968663887, 0.0821905508, 0.23812281033],
      [0.1167560325, 0.5741759391, 0.30906802841]
    ],
    [
      [0.26585353041, 0.25745364902, 0.47669282057],
      [0.067687687712, 0.84459498249, 0.087717329793],
      [0.91707116567, 0.056383279493, 0.026545554838],
      [0.24326391724, 0.72606366735, 0.03067241541],
      [0.71326328087, 0.095400597485, 0.19133612165],
      [0.11859918401, 0.64197121546, 0.23942960053]
    ],
    [
      [0.28138724078, 0.26193346593, 0.45667929329],
      [0.07082321602, 0.84745712777, 0.081719656209],
      [0.92262343498, 0.053837211976, 0.02353935304],
      [0.25069142289, 0.72097684037, 0.028331736738],
      [0.73119115119, 0.093288390571, 0.17552045824],
      [0.12429796308, 0.64911488061, 0.22658715631]
    ],
    [
      [0.34339483414, 0.2240019408, 0.43260322506],
      [0.096003885104, 0.81641832188, 0.087577793014],
      [0.94120290663, 0.040746651515, 0.018050441852],
      [0.322695966, 0.64889362555, 0.028410408447],
      [0.78206887991, 0.070536654991, 0.1473944651],
      [0.16487149525, 0.60117187071, 0.23395663404]
    ],
    [
      [0.17797149805, 0.223227053, 0.59880144895],
      [0.048833804359, 0.82766771998, 0.12349847566],
      [0.8829062312, 0.069685576726, 0.047408192069],
      [0.19568340736, 0.75837408619, 0.045942506445],
      [0.59943676449, 0.10293173995, 0.29763149556],
      [0.084539691365, 0.5956819004, 0.31977840823]
    ],
    [
      [0.29028461458, 0.21419761842, 0.495517767],
      [0.083983399447, 0.81071009597, 0.10530650458],
      [0.93100252534, 0.042208901707, 0.026788572954],
      [0.29361161772, 0.67117907466, 0.035209307621],
      [0.73878669965, 0.074769087446, 0.1864442129],
      [0.14145265424, 0.58718673842, 0.27136060734]
    ],
    [
      [0.28041886699, 0.21467051595, 0.50491061706],
      [0.081371142176, 0.81089640378, 0.10773245404],
      [0.92777700512, 0.044245736213, 0.027977258668],
      [0.28631695042, 0.67732280583, 0.03636024375],
      [0.72803789943, 0.076734692767, 0.19522740781],
      [0.13666813055, 0.58655625903, 0.27677561042]
    ],
    [
      [0.48293788517, 0.1948272243, 0.32223489053],
      [0.14813085258, 0.78454089688, 0.067328250534],
      [0.97332087182, 0.025431791901, 0.0012473362768],
      [0.43395472196, 0.54663415382, 0.01941112422],
      [0.86907437183, 0.047296600662, 0.083629027509],
      [0.24651786492, 0.56831624413, 0.18516589095]
    ],
    [
      [0.19336028822, 0.25188313642, 0.55475657536],
      [0.048180419476, 0.84605777348, 0.10576180705],
      [0.8848366158, 0.073353431778, 0.041809952423],
      [0.19140326632, 0.76977255209, 0.038824181588],
      [0.62214017347, 0.11166431409, 0.26619551244],
      [0.086781965338, 0.63283180717, 0.28038622749]
    ],
    [
      [0.16512898208, 0.23441139235, 0.60045962558],
      [0.04341355908, 0.83733469283, 0.11925174809],
      [0.86956874684, 0.079856342407, 0.050574910748],
      [0.17755830506, 0.77728046878, 0.045161226157],
      [0.57575484972, 0.11248548525, 0.31175966503],
      [0.076755606089, 0.60925229871, 0.3139920952]
    ],
    [
      [0.25211176375, 0.23157077426, 0.51631746199],
      [0.069190742861, 0.8265597402, 0.10424951694],
      [0.91622391169, 0.052496628198, 0.031279460111],
      [0.25113106077, 0.71261211685, 0.03625682238],
      [0.69850153877, 0.088351949651, 0.21314651158],
      [0.11832514859, 0.60906955679, 0.27260529462]
    ],
    [
      [0.17636137467, 0.2787440682, 0.54489455713],
      [0.036954319162, 0.8657608999, 0.097284780936],
      [0.86838558264, 0.087044406653, 0.044570010709],
      [0.1636955653, 0.80024937499, 0.036055059711],
      [0.59862161444, 0.12890150715, 0.27247687841],
      [0.074680167967, 0.66466953241, 0.26065029963]
    ],
    [
      [0.20765845611, 0.21518743042, 0.57715411346],
      [0.061068882582, 0.81650673348, 0.12242438394],
      [0.90034695832, 0.059679292741, 0.039973748944],
      [0.22782939279, 0.7277123278, 0.044458279415],
      [0.64159750096, 0.09180907816, 0.26659342088],
      [0.10082543395, 0.58392082733, 0.31525373871]
    ],
    [
      [0.19611298406, 0.20043911531, 0.60344790063],
      [0.061793906232, 0.8052508713, 0.13295522246],
      [0.89788968935, 0.059816044234, 0.042294266417],
      [0.22914829582, 0.7217246564, 0.049127047778],
      [0.62469764825, 0.088364399178, 0.28693795257],
      [0.098384985019, 0.56148643862, 0.34012857636]
    ],
    [
      [0.30642418132, 0.22619969366, 0.46737612502],
      [0.085765070868, 0.81891080938, 0.095324119757],
      [0.93321094691, 0.043939338309, 0.02284971478],
      [0.29556794471, 0.67270133014, 0.031730725153],
      [0.75174483712, 0.076682739424, 0.17157242346],
      [0.14609421789, 0.60300230653, 0.25090347558]
    ],
    [
      [0.28411583167, 0.21243866138, 0.50344550695],
      [0.083329751736, 0.80806697993, 0.10860326833],
      [0.92886881097, 0.043802376892, 0.027328812139],
      [0.2914906296, 0.67203891847, 0.036470451933],
      [0.7307342792, 0.075461717367, 0.19380400343],
      [0.13933167703, 0.58259402148, 0.27807430149]
    ],
    [
      [0.2541174186, 0.20484741741, 0.54103516399],
      [0.07696468843, 0.80318929707, 0.1198460145],
      [0.92096298373, 0.046958543755, 0.032078472511],
      [0.27504333847, 0.68369720476, 0.041259456773],
      [0.69942285457, 0.077865942567, 0.22271120287],
      [0.12651057352, 0.57028231549, 0.30320711099]
    ],
    [
      [0.27698946922, 0.22551090444, 0.49749962635],
      [0.077635224636, 0.81980381802, 0.10256095735],
      [0.9251580002, 0.047328888094, 0.027513111709],
      [0.2748811131, 0.6902823467, 0.034836540202],
      [0.72430894041, 0.081346399445, 0.19434466015],
      [0.13195836947, 0.60114787622, 0.26689375431]
    ],
    [
      [0.26168433838, 0.2519586387, 0.48635702293],
      [0.067517326682, 0.84084098933, 0.091641683984],
      [0.91637936049, 0.055852918016, 0.027767721493],
      [0.24386992496, 0.72416980423, 0.031960270804],
      [0.70868808058, 0.094230992784, 0.19708092664],
      [0.1179608071, 0.6351784248, 0.2468607681]
    ],
    [
      [0.18897247839, 0.27270461961, 0.538322902],
      [0.038599839263, 0.86697670275, 0.094423457983],
      [0.90834501391, 0.049495477421, 0.042159508666],
      [0.16790548109, 0.80042024911, 0.0316742698],
      [0.67572529034, 0.10988235471, 0.21439235494],
      [0.078070333403, 0.68373049864, 0.23819916796]
    ],
    [
      [0.39779870006, 0.26248015401, 0.33972114593],
      [0.098300708615, 0.84620633276, 0.055492958623],
      [0.954349525, 0.043456139978, 0.0021943350215],
      [0.32051837657, 0.66114916769, 0.018332455742],
      [0.82464780541, 0.073394109453, 0.10195808514],
      [0.1749693259, 0.65780895609, 0.16722171801]
    ],
    [
      [0.13255267651, 0.16076791955, 0.70667940394],
      [0.051585795414, 0.77698810153, 0.17142610306],
      [0.87022696552, 0.072587884549, 0.05718514993],
      [0.19540025019, 0.73588920095, 0.068710548867],
      [0.51810592009, 0.084650076004, 0.39724400391],
      [0.072947132839, 0.49697848738, 0.43007437978]
    ],
    [
      [0.15807000959, 0.27943806655, 0.56249192386],
      [0.027639532914, 0.87851845261, 0.093842014478],
      [0.87539845546, 0.069834419003, 0.054767125533],
      [0.13975843375, 0.82854522772, 0.031696338528],
      [0.60322858466, 0.12710600372, 0.26966541163],
      [0.064022105821, 0.69322526836, 0.24275262581]
    ],
    [
      [0.27827866599, 0.20396855582, 0.51775277819],
      [0.08375001849, 0.8010101682, 0.11523981331],
      [0.9286038438, 0.042739057739, 0.028657098464],
      [0.29471469495, 0.66659900046, 0.03868630459],
      [0.72575824987, 0.0732430112, 0.20099873893],
      [0.13886937009, 0.57020932971, 0.2909213002]
    ],
    [
      [0.30526620146, 0.25866783192, 0.43606596662],
      [0.07722051614, 0.84395135109, 0.078828132774],
      [0.92955644113, 0.051082184403, 0.019361374471],
      [0.26915260452, 0.70391827643, 0.026929119052],
      [0.7517817297, 0.087781798424, 0.16043647188],
      [0.13601897162, 0.64517941845, 0.21880160992]
    ],
    [
      [0.35304333649, 0.17856466217, 0.46839200135],
      [0.11520182535, 0.77082956831, 0.11396860634],
      [0.94811358664, 0.029949644263, 0.0219367691],
      [0.37605211435, 0.58894544965, 0.035002436006],
      [0.79064937483, 0.054692883948, 0.15465774122],
      [0.18716314448, 0.53331681905, 0.27952003647]
    ],
    [
      [0.25237266377, 0.23129999316, 0.51632734307],
      [0.069441393117, 0.82609274118, 0.1044658657],
      [0.91611575943, 0.052725082591, 0.031159157983],
      [0.25171659304, 0.71195136012, 0.036332046844],
      [0.69820918035, 0.088286349216, 0.21350447043],
      [0.11860067559, 0.60830503055, 0.27309429385]
    ],
    [
      [0.2516848696, 0.26717274012, 0.48114239027],
      [0.062053419412, 0.85155809001, 0.086388490577],
      [0.91053316504, 0.061321040196, 0.028145794762],
      [0.22680738184, 0.74266911385, 0.030523504303],
      [0.69802917238, 0.10233622417, 0.19963460344],
      [0.1100245827, 0.65321991763, 0.23675549967]
    ],
    [
      [0.22326354259, 0.19749373196, 0.57924272545],
      [0.070188694148, 0.79867781466, 0.13113349119],
      [0.91115270682, 0.051954702665, 0.036892590515],
      [0.25581050088, 0.6976649163, 0.046524582821],
      [0.66211185086, 0.080990397471, 0.25689775167],
      [0.11284368439, 0.55783776961, 0.329318546]
    ],
    [
      [0.24093524454, 0.2209536818, 0.53811107367],
      [0.068908539978, 0.81832318729, 0.11276827274],
      [0.91354542804, 0.052880120026, 0.033574451935],
      [0.25088950958, 0.70958736202, 0.039523128392],
      [0.68451739957, 0.086702972914, 0.22877962751],
      [0.11570185985, 0.59335416849, 0.29094397166]
    ],
    [
      [0.25416960955, 0.27632970305, 0.4695006874],
      [0.061211787921, 0.85740420666, 0.081384005415],
      [0.91036527881, 0.063034181306, 0.026600539886],
      [0.22301821369, 0.7480470288, 0.028934757511],
      [0.70113659679, 0.10523120983, 0.19363219338],
      [0.10916729088, 0.66386662632, 0.2269660828]
    ],
    [
      [0.32695414382, 0.25077639224, 0.42226946394],
      [0.084152720002, 0.83892424978, 0.076923030217],
      [0.93629447566, 0.046372334619, 0.017333189725],
      [0.28879105028, 0.6856031816, 0.025605768127],
      [0.77173250899, 0.080972676568, 0.14729481444],
      [0.14779096507, 0.63745921802, 0.21474981691]
    ],
    [
      [0.15929422005, 0.21326215078, 0.62744362917],
      [0.047116155134, 0.82180490673, 0.13107893813],
      [0.87108218649, 0.076239767489, 0.052678046018],
      [0.1850640094, 0.7643073383, 0.050628652299],
      [0.56484218946, 0.10411712463, 0.33104068591],
      [0.077448614622, 0.58020818318, 0.3423432022]
    ],
    [
      [0.27115853781, 0.25563917453, 0.47320228766],
      [0.069431119306, 0.84285939014, 0.087709490557],
      [0.91898835516, 0.055381993541, 0.025629651303],
      [0.2483316149, 0.7211617715, 0.030506613602],
      [0.71824927122, 0.093699225991, 0.18805150279],
      [0.12150408543, 0.63966160204, 0.23883431253]
    ],
    [
      [0.17578523462, 0.17438993606, 0.64982482931],
      [0.062961342015, 0.78235499126, 0.15468366673],
      [0.89424066114, 0.060530238882, 0.045229099983],
      [0.23189953592, 0.70955680865, 0.058543655432],
      [0.59377200957, 0.081100346551, 0.32512764388],
      [0.093672850337, 0.51917690352, 0.38715024614]
    ],
    [
      [0.17443300212, 0.19361766441, 0.63194933348],
      [0.057002153127, 0.80134862943, 0.14164921744],
      [0.88634215061, 0.066153231405, 0.047504617985],
      [0.21452820725, 0.73116061116, 0.054311181585],
      [0.58923426683, 0.090412187658, 0.32035354551],
      [0.088881406553, 0.54874234553, 0.36237624792]
    ],
    [
      [0.25103011661, 0.23800452632, 0.51096535707],
      [0.06718937935, 0.83188659803, 0.10092402262],
      [0.91552975326, 0.053422796897, 0.031047449847],
      [0.24515998263, 0.7198110361, 0.035028981264],
      [0.69878249378, 0.0907921165, 0.21042538972],
      [0.11603375358, 0.61847935875, 0.26548688767]
    ]
  ],
  "expected_outcome": [
    [
      [2.8645738361, 7.6886030047, 5.6667797905, 4.8369784417, 10.0656629039, 16.9469978348, 4.4021710032, 4.961193511, 9.0390200339, 1.9697106855, 17.5131365411, 1.4237719844, 9.2891076666, 11.4971735465, 3.3805651962, 8.7012129698, 8.2564491039, 9.5802470226, 6.878093612, 11.4212150861, 9.8056492031, 14.0955123409, 15.0581390786, 10.4188141626, 12.1875366455, 13.869269934, 0, 3.1823896005, 1.1929740886, 0, 8.3483599797, 24.421296117, 7.7669534027, 10.5996518785, 14.3460375674, 11.6097042145, 19.2748195631, 18.8085511069, 10.1355784584, 2.2301190807, 41.758414823, 2.9883489886, 24.9439193026, 6.5267830318],
      [3.8985583908, 7.0243185192, 5.6810489147, 4.3406297435, 7.3673679609, 18.9322631316, 3.138459871, 4.3576029373, 8.7534240666, 1.8335342615, 11.424098981, 1.785816424, 6.8543237894, 8.801491154, 1.3637905701, 11.3347411388, 11.7205696174, 8.7996894219, 10.8710186598, 11.8353086733, 10.0219557656, 10.4051859082, 11.2592490533, 8.3987441136, 9.9224797953, 13.3538078509, 0, 2.0998412321, 1.4469112759, 0, 6.1190566746, 20.6934265532, 3.9284225676, 9.7145997127, 15.2288461871, 10.2696740619, 17.6762945437, 20.4483980257, 7.7740681595, 2.985670111, 39.3684328776, 2.9646289131, 27.6873260102, 6.1881176844],
      [8.2368677731, 16.2870784761, 9.6521712949, 6.8223918147, 13.5669691351, 32.1207390335, 7.4593691258, 11.6812035517, 16.2075558995, 3.196755053, 22.0627644779, 4.7904115916, 15.8565685439, 20.7013352994, 2.2556442337, 24.9640458914, 30.0229812788, 19.6200635555, 21.2508877282, 31.7434762406, 30.1723950313, 21.499301751, 26.6826118682, 22.1824417238, 21.8899835592, 25.7769222152, 0, 2.7177691674, 6.3601146355, 0, 15.5325833457, 34.8852773298, 10.3046240296, 21.6857484088, 27.4251162456, 30.1206217236, 43.0488858933, 34.7430508675, 13.0903533821, 8.7842108084, 72.8731522995, 11.0470220983, 90.3687546872, 13.2850992838]
    ],
    [
      [15.6132015082, 35.7724175198, 26.2547876599, 6.4340693683, 50.4083722127, 44.6662699122, 29.8748452404, 22.2651997671, 52.7963964156, 15.7935771725, 62.8825447432, 12.2572848942, 8.9862237408, 16.5183418618, 6.3696266611, 21.3439258281, 15.5420541505, 16.6057782866, 7.0952292791, 32.7329210639, 25.6444710862, 42.8825354341, 46.0813527103, 35.7116154317, 36.1003794557, 37.5396336351, 0.42459823189, 4.2269304705, 2.8888045432, 0.3869534608, 25.9625057319, 18.9962469705, 13.3634117406, 26.6654949569, 27.675825058, 29.5494402363, 32.2491967097, 24.7295623199, 10.0983264002, 17.2445127791, 85.8862945813, 11.8367322987, 40.1295158017, 11.0190582134],
      [289.6180448679, 422.5719552701, 338.0720220336, 75.0886541841, 476.0387961502, 644.495226234, 279.3796368993, 252.662217558, 658.7840863456, 188.9829394928, 534.7540008324, 207.7445977153, 86.7459802687, 164.6119699683, 33.7352585659, 374.8035936507, 299.7658200324, 198.3743376471, 166.2260927812, 437.6476091461, 334.1791115911, 409.4554046876, 446.8610399032, 372.6798338421, 381.2087753784, 467.50759007, 9.5367437303, 36.3868723087, 43.5113336856, 12.2992583365, 248.3131521419, 207.612032367, 89.4162299238, 317.2196126135, 379.7949081448, 336.2433599733, 382.9752516497, 346.3912994926, 100.6709099738, 300.7805958638, 1042.6170656, 147.0827383563, 564.1494351217, 136.4294020771],
      [34.768753624, 55.6556272101, 31.6731903065, 6.4772764476, 48.5528316372, 60.8385038538, 37.7455178603, 38.072582675, 68.4195172388, 18.2234833347, 57.3634544244, 30.9981173905, 11.2677959904, 21.86968817, 2.895114773, 46.8524805213, 42.6921258171, 25.0198840663, 18.6786779397, 65.61946979, 55.1764173227, 47.6620598783, 60.0576073865, 55.6085507263, 47.6908451658, 50.9527762948, 1.0386580378, 2.3861972208, 9.5998617712, 1.3137882027, 35.7243421262, 19.3917206625, 13.2203583356, 40.1148924295, 38.5292667972, 55.2071997904, 52.7755516406, 32.8791381875, 9.230763626, 47.9748913571, 108.4966398188, 29.0805293449, 99.7210490767, 16.5515397095]
    ],
    [
      [164.9501786593, 271.9192185266, 181.5698577258, 202.3275262417, 579.6378606057, 457.5066386201, 179.8737752358, 194.8246932371, 379.6674625869, 106.1016950231, 570.3689614195, 63.5692486467, 181.5454924412, 282.9719865614, 108.0386167722, 215.9001342551, 203.4790867616, 293.1916517409, 92.9172573422, 365.540865076, 284.6310315236, 628.9841782175, 598.1915142638, 510.2134929884, 385.790886082, 557.1586511786, 9.0834501391, 98.298001075, 53.9540718623, 14.8817737429, 228.436545574, 362.5270120394, 143.1651515822, 464.4706900287, 552.6936311802, 593.16041214, 583.755528517, 371.4290337535, 117.9731039327, 216.0283822501, 1149.6544323002, 170.7999662768, 505.2150258477, 151.9779390406],
      [14.2389781007, 15.5802674421, 11.5674125967, 11.6254218799, 27.7011314867, 32.7273242334, 8.0681851112, 10.7476578069, 23.3426777101, 6.1912793773, 24.6924708181, 5.0173615243, 8.2307358328, 13.4949495449, 2.8229289011, 17.8982373537, 18.6863841233, 16.7989210235, 9.3137515118, 24.2297928529, 18.9616860223, 29.6151140206, 28.2087307184, 26.0150332405, 19.7361463354, 33.9585741535, 0.49495477421, 4.4759824177, 4.500448842, 1.187185123, 10.5138082039, 19.922051917, 4.5223962837, 26.7316168737, 37.2218713991, 33.8225114348, 33.7903966967, 25.7179459728, 5.842914162, 18.9074623374, 69.2828739202, 11.5612756264, 37.7073419008, 8.8681842848],
      [7.81084324, 9.5005140313, 4.8627296775, 4.0470518784, 11.6610079075, 13.7660371464, 5.058039653, 7.427648956, 10.989859703, 2.7070255996, 10.9385677625, 3.413389829, 5.223771726, 8.5330638937, 0.13845432672, 10.2016283912, 11.8345291151, 10.0094272356, 4.7689911459, 16.2293420712, 13.4072824541, 15.4007077619, 17.5997550178, 17.7714737711, 11.4729675826, 16.882774668, 0.42159508666, 0.22601650722, 3.5454792957, 0.93104113405, 7.0496462221, 7.5509360436, 3.3124521341, 15.7976930975, 17.0844974207, 24.0170764252, 21.4540747863, 10.8530202737, 2.1839819054, 13.0641554125, 32.0626937796, 8.6387580968, 27.0776322515, 5.1538766746]
    ],
    [
      [11.4574633654, 21.1775928824, 18.0489294584, 6.6984322026, 35.5207440173, 22.2900697088, 13.8568237432, 17.2895691263, 25.5427113105, 9.0248912242, 40.3369957505, 5.8705022209, 8.514736914, 16.8927000749, 3.4716377757, 16.6520841701, 11.718848134, 12.5565530383, 7.202604873, 15.948057495, 13.7488977492, 29.2612265262, 23.027759738, 26.9542471699, 17.042629012, 11.9496263232, 0.33581096218, 2.243628636, 1.5632020015, 0, 19.7458845616, 8.8820359492, 5.6407817152, 15.6064287683, 19.0518200748, 21.9997030758, 17.3113761613, 12.4890199668, 9.2413136088, 7.9577524042, 49.914654594, 7.1888856136, 15.6605591293, 4.1677197048],
      [48.2135283467, 59.6555042748, 55.8132832827, 18.6489532304, 80.1438201777, 76.7459543943, 30.4865867909, 46.8554178972, 76.2366850714, 25.9551662533, 81.1117031935, 22.7512225857, 19.4641931651, 39.9620455439, 4.3730732306, 66.9702120317, 51.3005109396, 35.6306058427, 35.2109724997, 50.939862946, 43.3034793841, 66.5974316837, 53.0910745592, 67.0023260664, 42.7975054955, 35.4843204074, 1.6008404982, 4.6280441738, 5.8871136076, 0, 44.6621330309, 23.2293031221, 8.8341817447, 44.1409843274, 62.3842055637, 59.9991828015, 48.9615279797, 41.8906336126, 21.9393018111, 32.8652155469, 144.953516072, 21.996261068, 53.374724615, 12.2367876137],
      [2.3290082878, 3.1669028428, 2.1377872589, 0.65261456697, 3.335435805, 2.9639758969, 1.6565894659, 2.8550129765, 3.220603618, 1.0199425226, 3.5513010559, 1.3782751934, 1.021069921, 2.1452543812, 0.15528899376, 3.3777037982, 2.9806409264, 1.812841119, 1.5864226273, 3.1120795591, 2.9476228667, 3.1413417902, 2.8811657027, 4.0434267637, 2.1598654925, 1.5660532694, 0.063348539601, 0.12832719019, 0.54968439094, 0, 2.5919824075, 0.88866092873, 0.52503654009, 2.2525869044, 2.5639743615, 4.0011141226, 2.727095859, 1.6203464206, 0.81938458006, 2.1770320489, 6.131829334, 1.8148533184, 3.9647162557, 0.59549268149]
    ],
    [
      [4.3355548016, 18.0260353677, 13.6505106491, 8.2624306607, 38.3801055123, 29.2048087432, 13.3317407682, 14.2734194162, 29.9570577963, 9.5054849654, 30.5006863163, 3.5966205869, 3.6939334983, 21.1130990834, 0, 14.9313641634, 14.393871243, 18.1610400079, 3.5917296867, 23.0975100344, 36.8571612469, 48.1116695757, 50.4206652648, 43.3642169831, 20.2806503315, 43.9386609957, 0, 1.6492956108, 1.0362118402, 0.60322858466, 7.2575824987, 11.2767259455, 11.0690912476, 39.0997140997, 38.391604481, 44.3614940074, 33.5413525791, 35.7579664364, 4.630395054, 4.5187375157, 68.233680766, 7.1252641148, 31.229416142, 6.9878249378],
      [0.81139750309, 2.2712129012, 1.885323337, 1.0162215185, 3.8846287423, 4.5080409945, 1.3075841336, 1.7260015668, 4.0068250944, 1.2127490774, 2.7509295446, 0.6175904397, 0.37384543723, 2.2253060902, 0, 2.6799435381, 2.8121371313, 2.2971506909, 0.77340904289, 3.3051268138, 5.2134995515, 4.9076953231, 5.2068584983, 4.8276884392, 2.2776991845, 5.8423215526, 0, 0.14678821891, 0.16930015201, 0.12710600372, 0.732430112, 1.3167269764, 0.76570037527, 4.9440355561, 5.6284923296, 5.4263566305, 4.2484456728, 5.3667917013, 0.48583605941, 0.83293699705, 8.9014264692, 0.97320415861, 4.7918459459, 0.907921165],
      [1.8530476953, 5.7027517311, 3.4641660139, 1.7213478208, 7.7352657454, 8.2871502622, 3.3606750982, 5.000579017, 8.0361171093, 2.2817659572, 5.748384139, 1.7857889734, 0.93222106451, 5.6615948264, 0, 6.3886922985, 7.7939916257, 5.5418093012, 1.6348612704, 9.5973631518, 16.9293392016, 10.9806351012, 13.3724762369, 13.8080945778, 5.4416504841, 12.2190174517, 0, 0.20391617028, 0.79448800781, 0.26966541163, 2.0099873893, 2.4065470782, 2.1652083771, 11.9562503442, 10.9799031895, 17.212149362, 11.2102017481, 9.8752418622, 0.88376888662, 2.6483254873, 17.8648927649, 3.9015317266, 16.9787379121, 2.1042538972]
    ],
    [
      [2.7790278294, 7.4161326989, 4.8091347163, 1.440563085, 9.9872547481, 9.3852151808, 6.6606440092, 3.3859249424, 6.9973518567, 3.6046409293, 9.3976752293, 2.2825716669, 2.9705057391, 3.006698872, 0.73955359476, 3.4712786135, 2.609690607, 3.9047299036, 2.315085207, 7.2594312446, 5.312789191, 10.6648779056, 8.2205689446, 7.3376132644, 6.5979184733, 5.5441579335, 0.15614066681, 1.3997546072, 0.3647356642, 0.12804421164, 6.2491216541, 4.8966829785, 2.9946103117, 3.5580202678, 4.8410816386, 6.3192463259, 7.8677264698, 5.7858664164, 1.921282546, 3.0204959702, 15.5525229356, 2.0608027074, 7.8215637767, 2.3206750716],
      [21.2194927908, 37.8967415926, 26.9809098353, 7.2801194435, 40.8642554821, 58.5911910121, 26.6195471939, 16.6511022338, 37.8763017119, 18.8243315377, 34.2667966304, 16.0834113109, 12.3309215067, 12.9042376987, 1.7049487324, 25.3132722869, 20.714578156, 20.0992953739, 20.6047555046, 42.0422995679, 30.3202676854, 44.0191683769, 34.3730472675, 33.0763742983, 30.0573938109, 29.8533859656, 1.3674609973, 5.2624716487, 2.4848924369, 1.3864505367, 25.6594198368, 23.2264590644, 8.5330691048, 18.2491509166, 28.7416763757, 31.2389150979, 40.3480834575, 35.184931195, 8.2869698342, 22.6281191439, 81.8766850611, 11.4218918775, 48.2893264065, 12.369587175],
      [9.0014793798, 17.6871257086, 9.2099554484, 2.2793174715, 15.1484897698, 20.0235938071, 12.7198087968, 8.9629728239, 14.1263464314, 6.571027533, 13.3355281402, 8.6340170222, 5.6985727541, 6.0890634293, 0.55549767285, 11.2154490995, 10.6757312369, 8.9959747224, 8.0801592884, 22.6982691875, 18.3669431236, 18.3159537175, 16.4063837879, 17.5860124373, 13.3446877157, 11.6024561009, 0.47639833592, 1.3377737441, 2.1503718989, 0.48550525163, 13.0914585092, 7.8768579572, 4.4723205834, 8.1928288156, 10.4172419856, 18.4418385762, 19.7841900727, 12.0292023886, 2.7917476198, 13.3513848858, 30.5707920033, 8.5173054151, 31.8891098168, 5.3097377534]
    ]
  ],
  "prob": [
    [0.25125727375, 0.2330515096, 0.51569121665],
    [0.069197529868, 0.82745546995, 0.10334700019],
    [0.91620086755, 0.053889670916, 0.029909461534],
    [0.25192717642, 0.7120157761, 0.036057047479],
    [0.69633174792, 0.088422031406, 0.21524622067],
    [0.11826436607, 0.60797567665, 0.27375995729]
  ],
  "iterations": 130,
  "logLik": -401.1192317959,
  "time": 0.040758,
  "message": "Converged",
  "status": 0,
  "miniter": 0,
  "maxiter": 1000,
  "maxtime": 3600,
  "param_threshold": 0.001,
  "ll_threshold": "-Inf",
  "initial_prob": "group_proportional",
  "adjust_prob_cond_method": "project_lp",
  "adjust_prob_cond_every": false,
  "candidates_id": ["GUY, Allen Nathan.c", "HUGHES, Darren Colyn.c", "Other candidates votes.c"],
  "group_id": ["Green Party.p", "Labour Party.p", "National Party.p", "New Zealand First Party.p", "United Future New Zealand.p", "Other parties votes.p"]
}
