{
  "X": [
    [50, 45, 52, 120, 448, 44],
    [19, 29, 44, 76, 239, 20],
    [0, 6, 4, 4, 33, 2],
    [2, 8, 4, 7, 73, 6],
    [63, 67, 109, 169, 765, 39],
    [12, 22, 30, 64, 335, 23],
    [15, 19, 18, 40, 294, 12],
    [30, 32, 46, 63, 390, 13],
    [44, 46, 61, 607, 394, 60],
    [18, 19, 42, 92, 184, 22],
    [0, 1, 0, 10, 1, 0],
    [0, 0, 0, 9, 0, 0],
    [1, 4, 5, 39, 53, 3],
    [0, 0, 9, 53, 5, 6],
    [2, 3, 6, 44, 21, 1],
    [0, 3, 5, 32, 10, 3],
    [11, 16, 17, 140, 93, 17],
    [0, 0, 2, 8, 4, 2],
    [2, 1, 2, 25, 5, 2],
    [61, 77, 72, 258, 697, 41],
    [2, 3, 7, 73, 3, 3],
    [24, 58, 135, 378, 383, 43],
    [24, 38, 95, 255, 182, 23],
    [22, 30, 55, 144, 212, 13],
    [6, 15, 49, 108, 92, 16],
    [58, 60, 109, 254, 406, 31],
    [19, 46, 75, 210, 331, 27],
    [49, 58, 134, 285, 617, 39],
    [20, 57, 90, 267, 304, 27],
    [15, 51, 99, 314, 236, 31],
    [37, 68, 117, 427, 462, 39],
    [28, 28, 65, 172, 174, 14],
    [30, 27, 66, 257, 251, 20],
    [2, 3, 6, 3, 42, 2],
    [10, 8, 10, 16, 71, 3],
    [46, 81, 173, 370, 867, 58],
    [16, 26, 39, 163, 132, 25],
    [26, 28, 53, 367, 221, 28],
    [64, 59, 144, 414, 518, 44],
    [43, 49, 68, 203, 481, 33],
    [295, 300, 933, 2582, 3970, 307],
    [26, 61, 84, 445, 410, 51],
    [92, 199, 221, 838, 993, 116],
    [8, 39, 19, 64, 186, 15]
  ],
  "W": [
    [40, 41, 83, 518, 51, 26],
    [12, 25, 62, 275, 42, 11],
    [0, 1, 1, 43, 2, 2],
    [4, 5, 1, 85, 4, 1],
    [73, 69, 102, 820, 117, 31],
    [11, 14, 43, 375, 25, 18],
    [23, 10, 18, 326, 16, 5],
    [19, 32, 36, 434, 43, 10],
    [40, 56, 542, 459, 79, 36],
    [20, 17, 76, 205, 48, 11],
    [0, 1, 10, 1, 0, 0],
    [0, 0, 8, 0, 1, 0],
    [3, 6, 26, 58, 9, 3],
    [0, 0, 55, 9, 7, 2],
    [2, 3, 38, 24, 9, 1],
    [1, 2, 28, 13, 6, 3],
    [12, 13, 136, 107, 21, 5],
    [0, 0, 8, 6, 1, 1],
    [0, 2, 22, 10, 3, 0],
    [46, 47, 197, 826, 62, 28],
    [0, 3, 64, 10, 6, 8],
    [30, 53, 294, 445, 164, 35],
    [25, 37, 236, 211, 88, 20],
    [22, 31, 118, 243, 48, 14],
    [4, 15, 98, 104, 50, 15],
    [63, 67, 172, 473, 124, 19],
    [20, 48, 178, 364, 82, 16],
    [55, 80, 199, 699, 120, 29],
    [16, 56, 208, 343, 101, 41],
    [30, 47, 271, 272, 113, 13],
    [31, 51, 340, 556, 130, 42],
    [34, 29, 129, 211, 66, 12],
    [30, 32, 204, 271, 88, 26],
    [2, 0, 2, 48, 6, 0],
    [9, 12, 10, 74, 10, 3],
    [67, 85, 257, 993, 151, 42],
    [17, 24, 134, 153, 58, 15],
    [25, 37, 301, 258, 65, 37],
    [50, 50, 333, 604, 177, 29],
    [53, 45, 134, 544, 88, 13],
    [417, 339, 2147, 4208, 1027, 249],
    [27, 75, 393, 444, 97, 41],
    [75, 160, 724, 1165, 238, 97],
    [7, 44, 47, 207, 15, 11]
  ],
  "method": "mvn_cdf",
  "mvncdf_method": "genz",
  "mvncdf_samples": 5000,
  "mvncdf_error": 1e-06,
  "cond_prob": [
    [
      [0.73323925768, 5.2250482573e-05, 0.021754190804, 0.040407106285, 0.19361978149, 0.010927413263],
      [0.3409193852, 0.42804890084, 0.04065761136, 0.099867326592, 0.032526449511, 0.057980326502],
      [0, 0.0034230797691, 0.0022527564002, 0.9081303584, 0.024473387864, 0.061720417567],
      [0, 0.043690878146, 0.027878143031, 0.037969210711, 0.841549685, 0.048912083115],
      [0.027905995949, 0.034164617443, 0.65464121878, 0.23329728812, 0.01550689131, 0.034483988398],
      [0.2026741964, 0.10728919446, 0.055704279722, 0.28262010649, 0.0067978781955, 0.34491434473]
    ],
    [
      [0.70496734309, 6.6487129192e-05, 0.030571162546, 0.037051372665, 0.21822081808, 0.0091228164911],
      [0.28983807564, 0.49839197226, 0.051773678694, 0.082948274679, 0.033187059025, 0.043860939704],
      [0.0025713533792, 0.0046751483248, 0.0034196103093, 0.90710561024, 0.026569213683, 0.055659064063],
      [0.00036009460261, 0.048263980546, 0.037058011262, 0.02594111553, 0.84813113409, 0.040245663969],
      [0.020832688718, 0.033670846625, 0.73901257599, 0.16986199937, 0.013826828235, 0.02279506106],
      [0.19645610369, 0.14207031304, 0.081573359474, 0.27028346199, 0.0079630725709, 0.30165368923]
    ],
    [
      [0.26252412841, 0.00063789903338, 0.10511959953, 0.13336552025, 0.48135472061, 0.016998132166],
      [0, 0.91364681731, 0.023735227643, 0.038018733817, 0.010467545194, 0.014131676034],
      [0, 0.0098186720152, 0.0027868214218, 0.94893128971, 0.014368892671, 0.024094324184],
      [0, 0.09522873581, 0.051656957056, 0.049688028393, 0.76627573035, 0.03715054839],
      [0, 0.068445994855, 0.77931795086, 0.13586343507, 0.0071831641775, 0.0091894550328],
      [0, 0.42240344057, 0.096796447908, 0.3023689427, 0.0054704143364, 0.17296075448]
    ],
    [
      [0.38372996934, 0.00014952828142, 0.033663041123, 0.098043479145, 0.45548844253, 0.028925539579],
      [0.075991269512, 0.66398959845, 0.030367548818, 0.11759000891, 0.036811471153, 0.075250103153],
      [0.00043926246369, 0.0036061782211, 0.0012975740279, 0.91477791035, 0.018944807566, 0.060934267367],
      [0.00019534983474, 0.051043291633, 0.015990099587, 0.042205745746, 0.83404105734, 0.056524455861],
      [0.0066918738008, 0.049186276038, 0.57857651611, 0.29998618245, 0.018598742496, 0.046960409107],
      [0.041312281467, 0.14042282341, 0.038747988085, 0.31766501034, 0.0071592227651, 0.45469267393]
    ],
    [
      [0.54798069186, 6.7466810333e-05, 0.033453086171, 0.057424659676, 0.3518907939, 0.0091833015815],
      [0.22987503664, 0.49158257152, 0.055778452104, 0.12660988041, 0.052719457012, 0.043434602311],
      [0.001424992618, 0.0031951961504, 0.0025007401281, 0.92678256843, 0.028704887485, 0.037391615193],
      [0.001005396248, 0.030830554197, 0.023790453871, 0.028476842887, 0.89039412236, 0.025502630434],
      [0.014968069349, 0.02984130964, 0.68792192612, 0.22793666224, 0.019390992789, 0.019941039864],
      [0.14241915103, 0.12830580035, 0.079325757775, 0.37162888601, 0.011435628859, 0.26688477597]
    ],
    [
      [0.54137041058, 7.0233429747e-05, 0.036001188135, 0.058192322914, 0.3517508674, 0.012614977537],
      [0.21161059599, 0.49892915232, 0.057776309539, 0.12352190878, 0.050688760596, 0.057473272779],
      [0.0012826309227, 0.0031893157477, 0.0025855426288, 0.9159309927, 0.027557529761, 0.049453988235],
      [0.0013933902377, 0.031992574124, 0.026127777616, 0.028712217377, 0.87627319236, 0.035500848287],
      [0.012997779207, 0.028751439866, 0.70021905173, 0.21468019666, 0.017964272262, 0.025387260282],
      [0.12109767726, 0.12005985719, 0.076697075811, 0.3395254781, 0.010253893895, 0.33236601774]
    ],
    [
      [0.52300007281, 8.3624543423e-05, 0.030938449384, 0.076304118878, 0.3595395703, 0.010134164088],
      [0.18385121491, 0.53832861973, 0.04452386476, 0.14539188481, 0.04646853541, 0.041435880385],
      [0.0009720075522, 0.0029528282562, 0.0017253972013, 0.94165714105, 0.021860788293, 0.030831837645],
      [0.0010641037511, 0.037778299643, 0.020118376454, 0.040081774161, 0.872763069, 0.028194376993],
      [0.013046161613, 0.035275948638, 0.62127687747, 0.29054909189, 0.018867350264, 0.020984570131],
      [0.11187072634, 0.13629973357, 0.062619820695, 0.42516280644, 0.0099544483942, 0.25409246456]
    ],
    [
      [0.74819903819, 4.2207087613e-05, 0.021542860133, 0.033280156115, 0.19269344846, 0.0042422900186],
      [0.39600520743, 0.39937015154, 0.046452595725, 0.094899111772, 0.03733325085, 0.025939682682],
      [0.0031864991919, 0.0034215868769, 0.0027701539923, 0.93389018347, 0.027026998891, 0.029704577582],
      [0, 0.035715691674, 0.030046323957, 0.03123121146, 0.88332395994, 0.019682812974],
      [0.0039946770957, 0.055588364954, 0.70222620425, 0.20716957094, 0.0166155401, 0.014405642662],
      [0.28255665508, 0.12052662089, 0.076864567066, 0.32482215282, 0.0094121655814, 0.18581783856]
    ],
    [
      [0.60519841372, 6.1412230013e-05, 0.028071397148, 0.10217027771, 0.2495336522, 0.014964846995],
      [0.23363921807, 0.41441419056, 0.043309041468, 0.20852285648, 0.03458054416, 0.065534149257],
      [0.0019307452194, 0.0024556880212, 0.0017527908237, 0.94521100478, 0.016166833195, 0.032482937961],
      [0.0012426049335, 0.036072879621, 0.026794968101, 0.070999576129, 0.81068974515, 0.054200226063],
      [0.015259385996, 0.025269097136, 0.53854773106, 0.37783456038, 0.012799734711, 0.030289490722],
      [0.107943227, 0.080712653128, 0.046046223711, 0.45816135069, 0.0056096605499, 0.30152688492]
    ],
    [
      [0.58688666359, 7.1310621754e-05, 0.035170921803, 0.05605839379, 0.3049678105, 0.016844899698],
      [0.22251439147, 0.49199591274, 0.05442525907, 0.11473316991, 0.042244945515, 0.074086321292],
      [0.0014311083608, 0.0032952155596, 0.0025830188666, 0.90095553795, 0.024244624551, 0.067490494716],
      [0.0018128393223, 0.03784777075, 0.02959198292, 0.0347064203, 0.85120642282, 0.044834563887],
      [0.014452251158, 0.029605771522, 0.69516973753, 0.21060430057, 0.015730618576, 0.034437320647],
      [0.11867433828, 0.10948516834, 0.067321711459, 0.2938113421, 0.0079547163799, 0.40275272344]
    ],
    [
      [0.53972061625, 7.9986184066e-05, 0.043913544804, 0.08063093347, 0.32408223957, 0.011572679721],
      [0, 0.99369488579, 0, 0.0062516298378, 5.3484371086e-05, 0],
      [0, 0, 0, 0.99774175261, 0.0022582473948, 0],
      [0, 0.0063051142089, 0, 0.01633084411, 0.97736404168, 0],
      [0.011450769093, 0.027096893227, 0.68425591512, 0.24427349773, 0.013689546132, 0.019233378695],
      [8.5860713716e-08, 0.052545927311, 1.794564877e-08, 0.93331630036, 0.0086747139259, 0.0054629545966]
    ],
    [
      [0.53972061625, 7.9986184066e-05, 0.043913544804, 0.08063093347, 0.32408223957, 0.011572679721],
      [0.1966305375, 0.49825881572, 0.063054978818, 0.15305190386, 0.041877275294, 0.047126488816],
      [0, 0, 0, 1, 0, 0],
      [0.00091822081326, 0.038044867149, 0.033912055751, 0.045345340371, 0.84790299153, 0.033876524389],
      [1.0825543226e-28, 0, 0, 1, 0, 0],
      [0.11232057982, 0.12030365077, 0.082361145997, 0.41184940101, 0.0083511418763, 0.26481408053]
    ],
    [
      [0.22196576467, 6.2788031035e-05, 0.029858586786, 0.22654168178, 0.50878472206, 0.012786456673],
      [0.043692080976, 0.38760911092, 0.039127696853, 0.39768938787, 0.058225159011, 0.07365656437],
      [0, 0.00072146596752, 0.00055229875701, 0.9758562268, 0.0098643849147, 0.013005623559],
      [0, 0.022701087059, 0.017783005695, 0.059449584411, 0.87415275973, 0.025913563103],
      [0, 0.019696228536, 0.39256032123, 0.55510977486, 0.01612595131, 0.016507724063],
      [0.023983406715, 0.053823249667, 0.032280356489, 0.70597095366, 0.0072757485779, 0.17666628489]
    ],
    [
      [0.65578955973, 1.5687208119e-05, 0.18704078672, 0.085604831662, 0.038650380622, 0.032898754057],
      [0.023186008664, 0.13534109083, 0.39105793415, 0.24362034438, 0.013136543019, 0.19365807896],
      [0, 0, 0, 0.92240224402, 0.017919240567, 0.059678515411],
      [0, 0, 0.23259087332, 0.14150749191, 0.44531200449, 0.18058963028],
      [0, 0, 0.928951634, 0.059130252388, 0.00064649987203, 0.011271613739],
      [0, 0, 0.20201035107, 0.2901986924, 0.0010541146548, 0.50673684188]
    ],
    [
      [0.58830840317, 6.8510628027e-05, 0.028811178822, 0.11756264355, 0.25940643954, 0.0058428242946],
      [0.15892406343, 0.51303209575, 0.042087880108, 0.22855419832, 0.033232518522, 0.024169243862],
      [0.0046012599101, 0.0077088153224, 0.0050641709857, 0.97658040396, 0.00035831831397, 0.0056870315122],
      [0.00072517166921, 0.035883210749, 0.025031967838, 0.074515510295, 0.84425871506, 0.019585424388],
      [0.0083218800446, 0.023151320986, 0.55217488744, 0.39496913252, 0.011046491624, 0.010336287387],
      [0.079462086321, 0.098272762387, 0.05333428949, 0.6260623279, 0.0062458833245, 0.13662265058]
    ],
    [
      [0, 0.00019950530325, 0.088809264658, 0.25245094037, 0.37833501263, 0.28020527705],
      [0, 0.68546450793, 0.047361467261, 0.17914592728, 0.016906243619, 0.07112185391],
      [0, 0.0067573038605, 0.0043607380552, 0.95974409974, 0, 0.029137858344],
      [0, 0.06958707785, 0.044634890721, 0.092412458172, 0.73429656051, 0.059069012748],
      [0, 0.025904896639, 0.65467919913, 0.29537237191, 0.0053633469614, 0.018680185361],
      [0, 0.12653519295, 0.062012787039, 0.51427540822, 0.0032723772526, 0.29390423454]
    ],
    [
      [0.61945429407, 0.00010874398119, 0.029366418675, 0.070196828068, 0.26277496727, 0.018098747944],
      [0.17487140889, 0.59124241379, 0.034803138029, 0.11015648527, 0.027841078722, 0.061085475306],
      [0.002467679834, 0.0017944293732, 0.0021051538147, 0.92296840683, 0.021200109699, 0.049464220446],
      [0.0011031781871, 0.059533650934, 0.026127050946, 0.045486223006, 0.80634720566, 0.061402691267],
      [0.01514034793, 0.046476306216, 0.61290298893, 0.27320607405, 0.01394913365, 0.038325149226],
      [0.10432566513, 0.14447964356, 0.048460808784, 0.31950940176, 0.0058937276116, 0.37733075316]
    ],
    [
      [0.53972061625, 7.9986184066e-05, 0.043913544804, 0.08063093347, 0.32408223957, 0.011572679721],
      [0.1966305375, 0.49825881572, 0.063054978818, 0.15305190386, 0.041877275294, 0.047126488816],
      [0, 0, 0.0022555471036, 0.92864748623, 0.027571583681, 0.041525382982],
      [0, 0, 0.14883076357, 0.063981686007, 0.62971438476, 0.15747316567],
      [0, 0, 0.99116188867, 0.0067182130201, 0.00018864777095, 0.0019312505398],
      [0, 0, 0.097809153101, 0.18021178106, 0.00095237421884, 0.72102669162]
    ],
    [
      [0.99999999766, 1.077477812e-11, 2.7265636971e-10, 1.8169218622e-09, 8.1333871473e-11, 1.621960485e-10],
      [0.98559576722, 0.0064541109034, 0.00057348553947, 0.0060094715334, 0.00010688773387, 0.0012602770734],
      [0, 0.00053967777079, 0.00044517775247, 0.95124424851, 0.027942778794, 0.019828117171],
      [0, 0.061361856213, 0.080956598831, 0.27039896532, 0.4380362416, 0.14924633803],
      [0.0096028218557, 0.12053343504, 0.39316437669, 0.45220597882, 0.0015608916785, 0.022932495921],
      [0.77859042456, 0.011530502666, 0.0058295944823, 0.14027395847, 0.00018076125634, 0.063594758567]
    ],
    [
      [0.77355411408, 6.2186845447e-05, 0.020919543983, 0.042489103097, 0.15752828436, 0.0054467676304],
      [0.33697344019, 0.47624274303, 0.036612888803, 0.09832347454, 0.024804861263, 0.02704259217],
      [0.0027141706614, 0.0040415290122, 0.0021466210997, 0.94294396841, 0.01767005369, 0.030483657121],
      [0.00025759043489, 0.057084786559, 0.032913211323, 0.048975069692, 0.82823540408, 0.03253393791],
      [0.031063788718, 0.041119084723, 0.64486757879, 0.25225090602, 0.013001408232, 0.017697233524],
      [0.24661938725, 0.14700472558, 0.061639586035, 0.34183472991, 0.0063692422046, 0.19653232901]
    ],
    [
      [0.83764091566, 4.2470401774e-05, 0.047073264858, 0.091289641248, 0.01799459859, 0.0059591092436],
      [0.23398012539, 0.39679726586, 0.09310673413, 0.23939660214, 0.0037330022022, 0.03298627028],
      [0.0006309824006, 0.0011349492021, 0, 0.98789520858, 0, 0.010338859816],
      [0.041349058392, 0.11150022832, 0.13995077456, 0.31926289272, 0.2979314212, 0.090005624816],
      [0.0066147015552, 0.010599890576, 0.74891426504, 0.22536761163, 0.00072613002202, 0.0077774011827],
      [0.10056224462, 0.069796228356, 0.10346080772, 0.56396028094, 0.0006412501619, 0.16157918821]
    ],
    [
      [0.45723902179, 0.00010602181781, 0.056372894763, 0.11840334652, 0.3524272303, 0.015451484802],
      [0.13190667189, 0.53580840552, 0.064950432864, 0.18039365849, 0.036436147401, 0.050504683834],
      [0, 0.0024924176382, 0.0020947859129, 0.94927900779, 0.014259714763, 0.031874073894],
      [0, 0.044765513386, 0.038879288557, 0.057454169702, 0.81851835273, 0.040382675624],
      [0.0050758069898, 0.028958741459, 0.66564490079, 0.26992813955, 0.011128141068, 0.019264270141],
      [0.070266953999, 0.11989474318, 0.079529314815, 0.45610534315, 0.0068008296531, 0.2674028152]
    ],
    [
      [0.56409794519, 0.00010479766938, 0.082202797289, 0.072875347746, 0.27016926468, 0.010549847419],
      [0.16733531694, 0.55443316671, 0.098314505231, 0.11520149378, 0.028931772099, 0.03578374524],
      [0.0019179643396, 0.0036270244463, 0, 0.9324407529, 0.025750958712, 0.036263299607],
      [0.0021400581226, 0.055383387382, 0.069430084845, 0.045547070528, 0.79310632367, 0.03439307545],
      [0.0071856085064, 0.022014146464, 0.81497623975, 0.13786100721, 0.0070564752647, 0.010906522803],
      [0.10848096235, 0.1502117747, 0.1469818187, 0.35587214186, 0.0065831220577, 0.23187018034]
    ],
    [
      [0.58289725232, 8.1347409528e-05, 0.059490460426, 0.073441407747, 0.27648022682, 0.0076093052743],
      [0.203760692, 0.50910570845, 0.084163673114, 0.13740083986, 0.035044810387, 0.030524276195],
      [0.0011662454756, 0.0030409705203, 0.0035238499096, 0.94985072451, 0.017807717526, 0.024610492057],
      [0.0019211203028, 0.044921736216, 0.049593268191, 0.047726788685, 0.8319822496, 0.023854837009],
      [0.0095340668255, 0.022109228454, 0.76872472856, 0.18009142209, 0.0093605885859, 0.01017996548],
      [0.12839961355, 0.13427671482, 0.1225978981, 0.41431997076, 0.007767165413, 0.19263863736]
    ],
    [
      [0.4746493774, 8.8269823877e-05, 0.073159534552, 0.073397290061, 0.36273445208, 0.015971076075],
      [0.15094305794, 0.52283673068, 0.096332697946, 0.12774845021, 0.042457283519, 0.059681779703],
      [0.00088114269963, 0.0031585578155, 0.0041804814029, 0.91964960545, 0.022281998255, 0.049848214373],
      [0.0019941553572, 0.039263647866, 0.050234312134, 0.029918707525, 0.83749824755, 0.041090929571],
      [0.0062277695242, 0.019872188721, 0.79584853842, 0.1501706533, 0.010118310801, 0.017762539235],
      [0.082141600221, 0.11803523204, 0.12239258882, 0.3362963003, 0.0081889216645, 0.33294535696]
    ],
    [
      [0.61082149323, 7.748850157e-05, 0.041578098883, 0.090981722201, 0.24679851299, 0.0097426841946],
      [0.217504047, 0.4818409678, 0.0590478178, 0.17088314891, 0.031472629619, 0.039251388869],
      [0.0010276258015, 0.0023828951295, 0.0020210014168, 0.95570330168, 0.013071571652, 0.025793604319],
      [0.0017998268113, 0.04622727428, 0.040487669708, 0.06201272727, 0.81328474505, 0.036187756876],
      [0.012743570513, 0.026275573763, 0.65699791225, 0.2773267637, 0.010423644841, 0.01623253493],
      [0.12301064812, 0.11464439676, 0.076755518032, 0.45881441778, 0.0062368843281, 0.22053813498]
    ],
    [
      [0.46048466102, 9.6483337808e-05, 0.047847789549, 0.076687616366, 0.40222427712, 0.012659172607],
      [0.15105381298, 0.55815825679, 0.062888563448, 0.13329611916, 0.047396007586, 0.047207240044],
      [0.00088355721306, 0.0034093386414, 0.0026761124297, 0.92994875192, 0.024472596767, 0.038609643025],
      [0.00053308910292, 0.038020941676, 0.030530133553, 0.034478265233, 0.86502592753, 0.031411642899],
      [0.0088615077443, 0.030408573541, 0.70771725636, 0.21761219393, 0.01577940352, 0.019621064902],
      [0.091360156518, 0.14165537056, 0.087641344743, 0.38392922897, 0.010064697337, 0.28534920187]
    ],
    [
      [0.50872970572, 6.2054525521e-05, 0.060903429768, 0.092976674283, 0.32691011102, 0.010418024689],
      [0.1994412576, 0.42211072045, 0.094940430953, 0.19167489892, 0.045770114503, 0.046062577573],
      [0.0008380468303, 0.0018617086474, 0.0028839919432, 0.9506350082, 0.016895437635, 0.026885806747],
      [0.0014239349229, 0.02763297899, 0.044388598633, 0.051602318198, 0.84476803359, 0.030184135661],
      [0.0081493792262, 0.016094838539, 0.73545967878, 0.21645685894, 0.010567604601, 0.013271639912],
      [0.1008461462, 0.090014358832, 0.11028864109, 0.459692444, 0.0081094692871, 0.23104894059]
    ],
    [
      [0.471432039, 0.00010801933723, 0.051714640915, 0.095724604503, 0.37051954399, 0.010501152248],
      [0.14137860517, 0.56922949839, 0.06202080301, 0.15181689667, 0.039835750413, 0.035718446336],
      [0.00056561699773, 0.0031303212279, 0.0023703075602, 0.94922291498, 0.01847663706, 0.026234202176],
      [0, 0.044595172439, 0.035177429634, 0.047966326184, 0.84640854518, 0.025852526567],
      [0.0082210050523, 0.030733457104, 0.68827020735, 0.24497113224, 0.013117333275, 0.014686864973],
      [0.087607698546, 0.1480509671, 0.088420182854, 0.44716486734, 0.0086527587451, 0.22010352542]
    ],
    [
      [0.39013593648, 0.00015544983055, 0.074819878996, 0.12805005733, 0.38742530327, 0.019413374102],
      [0.0561083681, 0.6143811182, 0.066884016427, 0.1513581082, 0.054376391147, 0.056891997922],
      [0, 0.0033445373745, 0.0025467805428, 0.94327812264, 0.014778245353, 0.036052314091],
      [0, 0.057752734797, 0.045023973555, 0.056295319734, 0.79647927336, 0.044448698554],
      [0, 0.031552462927, 0.70364608353, 0.23595945177, 0.009664966254, 0.019177035527],
      [0.050679123461, 0.14914478043, 0.089473006566, 0.41850391864, 0.0063186528405, 0.28588051807]
    ],
    [
      [0.61230747201, 9.4955617622e-05, 0.04310542612, 0.092840682683, 0.2424450752, 0.0092063883704],
      [0.19523021625, 0.5316178864, 0.055078907171, 0.1568634427, 0.027843115478, 0.033366431999],
      [0.001006329886, 0.0028714771334, 0.0020598181026, 0.95743710938, 0.012642103408, 0.023983162095],
      [0.0019725325531, 0.054136460437, 0.041934916892, 0.064493044117, 0.80436255929, 0.033100486715],
      [0.01227530786, 0.031145006607, 0.65829018758, 0.27353353581, 0.0099153610041, 0.014840601141],
      [0.11969183468, 0.13713140672, 0.077638837923, 0.45656652111, 0.005983541127, 0.20298785844]
    ],
    [
      [0.58704448883, 8.5499851675e-05, 0.063671296178, 0.11276087994, 0.22710413843, 0.0093336967704],
      [0.18543904099, 0.48320047818, 0.081256103255, 0.19035730483, 0.025959159254, 0.033787913489],
      [0.00078315839687, 0.002119471777, 0.0025014629041, 0.96491442621, 0.0096846635694, 0.019996817141],
      [0.0037528871263, 0.052381036661, 0.056340843813, 0.077256549724, 0.77618528798, 0.034083394692],
      [0.0084134679466, 0.020253944539, 0.71271677925, 0.24104731357, 0.0066893471733, 0.010879147522],
      [0.10121497414, 0.11014235028, 0.10240289551, 0.49679604777, 0.0049774497104, 0.18446628259]
    ],
    [
      [0.57050033324, 5.8144154669e-05, 0.031504192177, 0.083767230816, 0.30595759451, 0.0082125051055],
      [0.24047193013, 0.43286076146, 0.053319374023, 0.18753521972, 0.046387185808, 0.039425528852],
      [0.0010232110068, 0.0019297761773, 0.0016564288915, 0.9543893051, 0.017466327706, 0.023534951119],
      [0.0012303610417, 0.029775284825, 0.026568073624, 0.050064010053, 0.86771924435, 0.024643026102],
      [0.014424747532, 0.024191760727, 0.61456851341, 0.31417458594, 0.015827364358, 0.016813028036],
      [0.12993644493, 0.098271532189, 0.066490986157, 0.48368182758, 0.0088087724347, 0.21281043672]
    ],
    [
      [0.92272204856, 1.9140496879e-05, 0.0064842285625, 0.0064737346147, 0.062514220577, 0.0017866271925],
      [0.30517001235, 0.56089123139, 0.033355082625, 0.043880621158, 0.029796154925, 0.026906897555],
      [0.0028229975073, 0.0063182801755, 0.0034226868684, 0.90092162451, 0.034920599079, 0.051593811861],
      [0.00051244327839, 0.05710879666, 0.027562435278, 0.0087421546708, 0.86893703359, 0.037137136521],
      [0.020718771752, 0.041017153164, 0.77619821264, 0.12759764293, 0.016025458041, 0.018442761482],
      [0.25636602006, 0.18528097496, 0.071700074355, 0.19845883259, 0.0095076288804, 0.27868646915]
    ],
    [
      [0.63146571578, 4.762880574e-05, 0.025914108419, 0.041789612871, 0.29520515954, 0.0055777745777],
      [0.29279667645, 0.4431480398, 0.052865374035, 0.11300800495, 0.059934329375, 0.038247575385],
      [0.0018789029198, 0.0028543783392, 0.0025000326678, 0.9331025842, 0.030402201108, 0.029261900762],
      [0, 0.027576710393, 0.023109093503, 0.024010500317, 0.90658229565, 0.01872140014],
      [0.01879061598, 0.025385955012, 0.71524927728, 0.20629647945, 0.019547393697, 0.014730278581],
      [0.19885108383, 0.11957165351, 0.081607505714, 0.36567658825, 0.012451928574, 0.22184124012]
    ],
    [
      [0.43670815639, 8.1080909875e-05, 0.070137219308, 0.10695710193, 0.37312492684, 0.012991514632],
      [0.14755027365, 0.47435401971, 0.094053750683, 0.18966047738, 0.044965371468, 0.049416107109],
      [0.0004831531719, 0.0021152310789, 0.0028856144212, 0.94847441118, 0.016766371114, 0.02927521903],
      [0, 0.033330319328, 0.04437406509, 0.051467419563, 0.83781405531, 0.033014140707],
      [0.0061075237621, 0.018293347469, 0.73438272411, 0.2163371532, 0.01049058002, 0.01438867144],
      [0.075056519246, 0.10170378465, 0.10974753851, 0.45668457525, 0.0080043200832, 0.24880326226]
    ],
    [
      [0.56470952917, 0.00010634331548, 0.031143349968, 0.09444804711, 0.28835136161, 0.021241368826],
      [0.16192595718, 0.55499251794, 0.036387860123, 0.14602248989, 0.030120913369, 0.070550261501],
      [0.00085087117357, 0.0030149142172, 0.0014046086332, 0.9283919775, 0.014051888108, 0.052285740372],
      [0.0024500549785, 0.052897361699, 0.026080248656, 0.05854334581, 0.80793098024, 0.052098008621],
      [0.012921223412, 0.040747285323, 0.56474297187, 0.32774326859, 0.013708723937, 0.040136526866],
      [0.085027261664, 0.12118228929, 0.04424442919, 0.36793846466, 0.0055750640587, 0.37603249113]
    ],
    [
      [0.54432772514, 6.2451269595e-05, 0.039662532607, 0.13386932576, 0.27017774199, 0.011900223239],
      [0.19807667753, 0.40050281125, 0.05794214977, 0.25876724927, 0.035375382478, 0.049335729705],
      [0.0028826575077, 0.0016229582233, 0.0051546163929, 0.95561690043, 0.013479902871, 0.021242964579],
      [0.0010163347502, 0.033574548116, 0.034644902988, 0.085107412987, 0.80620977164, 0.039447029519],
      [0.010186304639, 0.019188830743, 0.57180566522, 0.37048812303, 0.010333657976, 0.017997418388],
      [0.088404479085, 0.075184239579, 0.059656335101, 0.55131759615, 0.005551558999, 0.21988579109]
    ],
    [
      [0.73700189407, 5.348016263e-05, 0.025649569774, 0.052882104526, 0.17760022831, 0.0068127231557],
      [0.33542119741, 0.42610696124, 0.046741655903, 0.12741997059, 0.029093633053, 0.035216581799],
      [0, 0.0028067148886, 0.0021281789686, 0.94648792552, 0.016074374291, 0.03250280633],
      [0, 0.046622916755, 0.036168633424, 0.053954714319, 0.82777212655, 0.035481608952],
      [0.024029791935, 0.030026167063, 0.65458609695, 0.26081726299, 0.012156858757, 0.0183838223],
      [0.21122662942, 0.11318857179, 0.067729702441, 0.38107289819, 0.0064279950493, 0.22035420311]
    ],
    [
      [0.56888731506, 7.8230883273e-05, 0.029585590729, 0.089069798565, 0.30064358979, 0.011735474973],
      [0.20527776497, 0.49511507713, 0.042672503195, 0.16994521664, 0.038951472743, 0.048037965318],
      [0.00096397739144, 0.0024324033881, 0.0014539650321, 0.94763210462, 0.016102632838, 0.031414916732],
      [0.0013320607784, 0.040466738107, 0.023524544903, 0.05208976367, 0.8449959067, 0.037590985843],
      [0.014596011522, 0.032751719653, 0.57744568465, 0.33539311384, 0.015676339634, 0.024137130695],
      [0.1133238331, 0.11489818297, 0.054176696666, 0.44597218872, 0.0075407335194, 0.26408836503]
    ],
    [
      [0.45851727417, 6.4075756876e-05, 0.047567127583, 0.077918464218, 0.40425085572, 0.011682202559],
      [0.1890567191, 0.45285328428, 0.077398260235, 0.16760914132, 0.059172159769, 0.0539104353],
      [0.0009035915148, 0.0022727045456, 0.0026581095032, 0.93389379471, 0.024703253333, 0.035568546395],
      [0.00082154098446, 0.022622654666, 0.030758219433, 0.036176550194, 0.8813847902, 0.028236244522],
      [0.009277029745, 0.020742967, 0.70941897954, 0.22569182641, 0.016313237234, 0.018555960067],
      [0.099532144201, 0.10071229894, 0.093235570715, 0.41607267202, 0.010880539346, 0.27956677478]
    ],
    [
      [0.42077469143, 8.5648729502e-05, 0.043655555158, 0.094622441372, 0.42536785205, 0.015493811261],
      [0.14457678064, 0.51250515595, 0.059662976273, 0.17103063018, 0.052139770033, 0.060084686928],
      [0, 0.0024816319247, 0.001997383539, 0.93517202676, 0.021206341076, 0.039142616703],
      [0, 0.032083919847, 0.025838580716, 0.041530509645, 0.86540345775, 0.035143532041],
      [0.0073869369089, 0.02831224088, 0.65122395781, 0.27179476643, 0.016929026428, 0.024353071536],
      [0.07510468057, 0.11202369912, 0.071232958864, 0.42174760189, 0.0094937169448, 0.31039734261]
    ],
    [
      [0.60924975125, 0.00012462247901, 0.039318282758, 0.06953621227, 0.26965670359, 0.012114427648],
      [0.17325101899, 0.6126353451, 0.044340265253, 0.10367315503, 0.02734802514, 0.03875219048],
      [0.0013283858434, 0.0049246345542, 0.0024504675031, 0.93177444215, 0.01836561259, 0.041156457356],
      [0.0020729020196, 0.058976391758, 0.035812047738, 0.045547914374, 0.81672305576, 0.040867688354],
      [0.014014338806, 0.046192051702, 0.67436389542, 0.23092252831, 0.012460930218, 0.022046255539],
      [0.12241248225, 0.18249853585, 0.071782527375, 0.34607733166, 0.0067556530317, 0.27047346982]
    ],
    [
      [0.39849515912, 0.00012565401498, 0.045496287924, 0.082729307588, 0.45800656635, 0.015147025003],
      [0.098317637158, 0.62289528099, 0.050738348851, 0.1234400114, 0.045649548106, 0.058959173489],
      [0, 0.0040302903589, 0.0024119197142, 0.92632537365, 0.025232496726, 0.041999919552],
      [0, 0.043481183174, 0.025659286754, 0.03322872117, 0.86580514012, 0.031825668785],
      [0.0075121058468, 0.039068935178, 0.68037902801, 0.2321790724, 0.017701412459, 0.023159446116],
      [0.070170569409, 0.16506049697, 0.074410966396, 0.37192821959, 0.010205580146, 0.30822416748]
    ]
  ],
  "expected_outcome": [
    [
      [29.3295703071, 8.4596081171, 0, 1.5349198774, 40.0025905058, 5.9550745164, 12.0290016746, 14.2157817256, 24.2079365486, 11.7377332718, 0, 0, 0.665897294, 0, 1.1766168063, 0, 7.4334515288, 0, 0, 35.5834892478, 0, 13.7171706538, 14.1024486298, 12.8237395511, 1.8985975096, 38.4817540733, 9.2096932203, 27.9801338144, 7.5429126241, 11.7040780943, 18.9815316322, 19.9595126203, 17.1150099972, 1.8454440971, 5.6831914421, 29.2594464779, 9.6000619959, 13.6081931285, 36.8500947037, 30.1510276984, 191.2017033273, 11.3609166687, 45.693731344, 2.7894661139],
      [0.0020900193029, 0.0007978455503, 0, 0.00059811312569, 0.0049250771543, 0.00077256772721, 0.0019233644987, 0.00080193466466, 0.0024564892005, 0.0014262124351, 0, 0, 0.00018836409311, 0, 0.00013702125605, 0.00019950530325, 0.0013049277743, 0, 0, 0.0028605948906, 0, 0.0031806545343, 0.0026199417344, 0.0017896430096, 0.00035307929551, 0.0048817755989, 0.0019296667562, 0.0034129989036, 0.0017283093956, 0.0046634949165, 0.0029436241463, 0.0029069949569, 0.0017443246401, 3.8280993758e-05, 0.00042865925166, 0.0054324209616, 0.0018078363632, 0.0015612817399, 0.0026740081315, 0.0041462368135, 0.026719590617, 0.0023125156966, 0.0093466859258, 0.00087957810488],
      [0.87016763214, 0.36685395055, 0, 0.13465216449, 2.4420752905, 0.39601306949, 0.71158433583, 0.40931434252, 1.1228558859, 0.70341843605, 0, 0, 0.089575760357, 0, 0.057622357644, 0.088809264658, 0.3523970241, 0, 0, 0.96229902324, 0, 1.6911868429, 2.0550699322, 1.3087901294, 0.29263813821, 2.6194202296, 0.95695579097, 3.3496886372, 0.82743425464, 2.2445963699, 1.3362682097, 2.1648240701, 0.9451257653, 0.012968457125, 0.23322697577, 4.6991936936, 0.52943694946, 0.99156331516, 1.2824784887, 1.5680363086, 19.835492202, 1.1786999893, 2.9488712068, 0.31847401547],
      [1.6162842514, 0.44461647198, 0, 0.39217391658, 4.1920001563, 0.64011555205, 1.7549947342, 0.63232296619, 4.0868111084, 1.1211678758, 0, 0, 0.67962504535, 0, 0.2351252871, 0.25245094037, 0.84236193681, 0, 0, 1.9544987425, 0, 3.5521003957, 1.8218836937, 1.6157109704, 0.29358916024, 5.7318484987, 1.5337523273, 5.1137170856, 1.531593672, 3.8415017199, 2.8780611632, 3.8338699179, 2.5130169245, 0.012947469229, 0.37610651584, 7.1661258292, 1.6056168009, 3.3467331439, 2.6441052263, 4.720699324, 32.491999579, 2.5548059171, 5.2152159203, 0.57910515312],
      [7.7447912596, 2.618649817, 0, 1.8219537701, 25.6880279548, 3.8692595414, 8.2694101169, 3.6611755207, 9.9813460881, 6.09935621, 0, 0, 1.5263541662, 0, 0.51881287908, 0.37833501263, 3.1532996072, 0, 0, 7.2463010806, 0, 10.572816909, 6.7542316171, 6.08256499, 1.4509378083, 15.5483063185, 8.0444855425, 17.980056106, 5.9283127039, 11.622759098, 7.5157973313, 7.7215407066, 9.1787278352, 0.12502844115, 2.6568464359, 24.999370098, 4.9019731473, 6.7544435497, 8.8800114153, 15.9341102586, 168.5726068341, 11.4849320052, 20.2242527694, 3.2060459644],
      [0.43709653051, 0.10947379789, 0, 0.11570215832, 0.67038101545, 0.13876475291, 0.23308577403, 0.080603510354, 0.59859387979, 0.33689799396, 0, 0, 0.03835937002, 0, 0.011685648589, 0.28020527705, 0.21718497533, 0, 0, 0.250551311, 0, 0.46354454407, 0.26374618549, 0.16740471603, 0.063884304299, 0.61378910426, 0.25318345213, 0.57299135791, 0.16801843597, 0.58240122306, 0.28539803948, 0.31734569019, 0.24637515316, 0.0035732543849, 0.0501999712, 0.87043148034, 0.36110327005, 0.29750558098, 0.34063615778, 0.62198017357, 4.8714784669, 0.41833290404, 0.90858207358, 0.10602917502]
    ],
    [
      [13.9776947931, 7.245951891, 0, 0.37995634756, 15.861377528, 2.9625483439, 1.8385121491, 12.6721666376, 13.0837962121, 3.7827446551, 0, 0, 0.26215248586, 0, 0.4767721903, 0, 2.2733283156, 0, 1.9711915344, 15.8377516891, 0.70194037617, 6.9910536099, 6.1914067267, 6.3165814519, 2.2641458691, 14.5727711492, 7.2505830229, 15.9553006082, 7.9172018897, 2.6370933007, 9.9567410288, 5.3777321887, 7.6951017642, 0, 3.5135601174, 12.5417732606, 3.8862229723, 7.3288370685, 16.7710598707, 9.2374994235, 64.0902277737, 10.8432585477, 27.7201630383, 4.3259760349],
      [17.5500049344, 12.4597993065, 0.91364681731, 3.3199479923, 33.9191974351, 6.9850081324, 5.3832861973, 12.7798448494, 23.2071946711, 8.3639305166, 0.99369488579, 0, 2.3256546655, 0, 1.5390962873, 1.3709290159, 7.6861513792, 0, 0.012908221807, 22.3834089224, 1.1903917976, 28.3978454927, 20.5140271684, 15.7822769618, 7.8425509602, 32.2833448425, 26.7915963257, 33.7688576356, 31.8768519101, 28.8759125554, 27.1125122064, 14.0128138673, 13.8515443667, 0, 5.3177764776, 40.3200916754, 13.3198204304, 14.8186040164, 21.3053480622, 22.2801784711, 153.5172633697, 38.4378866962, 98.0216552165, 27.4073923636],
      [1.6669620658, 1.2943419674, 0.023735227643, 0.15183774409, 3.8487131952, 0.80886833354, 0.4452386476, 1.4864830632, 2.4253063222, 0.92522940418, 0, 0, 0.23476618112, 0, 0.12626364032, 0.094722934522, 0.45244079438, 0, 0.0011469710789, 1.7208057737, 0.27932020239, 3.4423729418, 3.6376366936, 2.6090738665, 1.4449904692, 3.9562037926, 3.0186510455, 7.5952344763, 3.4731649686, 3.1435487721, 2.8090242657, 2.3564269944, 1.7062199687, 0, 0.63438448842, 7.994568808, 0.87330864294, 2.1438595415, 2.3370827952, 1.9202626438, 26.2380102197, 4.4747232205, 7.0944424404, 2.2324873495],
      [4.0945603903, 2.073706867, 0.038018733817, 0.58795004455, 8.7360817485, 1.7293067229, 1.4539188481, 3.0367715767, 11.6772799632, 1.9504638885, 0.0062516298378, 0, 2.3861363272, 0, 0.68566259497, 0.35829185456, 1.4320343085, 0, 0.012018943067, 4.6212033034, 0.71818980641, 9.5608639001, 4.2624552698, 4.2594260357, 1.9162267531, 11.4491709769, 6.3982137196, 15.3339919138, 8.5017462137, 7.1138310856, 8.0000355778, 5.5203618401, 6.0011270312, 0, 1.3560960594, 16.121140577, 3.5045397574, 9.5743882229, 6.3709985294, 7.6475347489, 56.8194989083, 12.8272972635, 16.5877048056, 5.4313605018],
      [1.3335844299, 0.82967647562, 0.010467545194, 0.18405735576, 3.6376425338, 0.70964264835, 0.4646853541, 1.1946640272, 1.936510473, 0.71816407375, 5.3484371086e-05, 0, 0.34935095406, 0, 0.099697555566, 0.033812487238, 0.36193402339, 0, 0.00021377546774, 1.1658284793, 0.011199006607, 1.9311158122, 1.0704755676, 1.086389122, 0.63685925279, 2.1086661845, 2.2750083641, 3.6616091603, 2.2308020231, 2.5556903839, 1.4199988894, 0.75281561836, 1.4843899459, 0, 0.7192119525, 3.8220565748, 0.72290192086, 1.3088891517, 1.4546816527, 1.7528162734, 20.0593621618, 3.9104827525, 4.3756840224, 2.0085801166],
      [2.3771933866, 1.0965234926, 0.014131676034, 0.37625051576, 2.9969875595, 0.80462581891, 0.41435880385, 0.83006984581, 3.6699123584, 1.259467462, 0, 0, 0.44193938622, 0, 0.072507731585, 0.14224370782, 0.79411117898, 0, 0.0025205541468, 1.271001832, 0.098958810841, 2.6767482432, 1.3239985739, 0.94625256206, 0.89522669555, 2.6298430542, 2.2659475221, 3.6850062058, 2.0002329948, 2.6739239024, 1.701688032, 0.97984949119, 1.2616169233, 0, 0.45897090463, 4.2003691043, 1.693206276, 1.8254219991, 1.7608290899, 2.1617084393, 18.2756375668, 4.5063515196, 6.2003504768, 2.5942036335]
    ],
    [
      [0, 0.15942390951, 0, 0.00043926246369, 0.14534924704, 0.055153129678, 0.01749613594, 0.11471397091, 1.0464639089, 0.10876423542, 0, 0, 0, 0, 0.17484787659, 0, 0.33560445742, 0, 0, 0.53469162029, 0.040382873638, 0, 0.45263958414, 0.13761696612, 0.086351984564, 0.17675163786, 0.15727318392, 0.16677131923, 0.11764833553, 0, 0.34215216125, 0.1010274332, 0.20873504539, 0.0056459950147, 0.018789029198, 0.12417036518, 0.11401673726, 0.86767990981, 0, 0.12917297045, 1.9400109823, 0, 0.96175135059, 0],
      [0.28411562083, 0.28985919614, 0.0098186720152, 0.0036061782211, 0.32591000734, 0.13714057715, 0.053150908612, 0.12317712757, 1.3309829075, 0.25043638253, 0, 0, 0.018758115156, 0, 0.29293498225, 0.1892045081, 0.24404239476, 0, 0.011872910957, 0.79618121541, 0.072636748935, 0.73277078564, 0.85597776932, 0.3588345214, 0.30953866592, 0.40985796228, 0.60686227816, 0.37048002083, 0.65110681541, 0.90636962848, 0.97630222535, 0.27341185923, 0.39367434016, 0.012636560351, 0.028543783392, 0.54361438728, 0.4039985051, 0.48851042521, 0.93463605789, 0.32594205401, 4.8794966594, 0.97528134642, 3.5654354173, 0.18942364687],
      [0.18697878122, 0.21201583918, 0.0027868214218, 0.0012975740279, 0.25507549307, 0.11117833304, 0.031057149623, 0.099725543724, 0.95001262644, 0.19630943386, 0, 0, 0.014359767682, 0, 0.19243849746, 0.12210066555, 0.28630091879, 0.018044376829, 0.0097939105542, 0.42288435664, 0, 0.61586705839, 0, 0.41581428933, 0.40968717749, 0.34761224368, 0.47634801248, 0.57391439669, 0.49302397252, 0.69017752711, 0.70033815489, 0.32268871463, 0.33791149387, 0.0068453737369, 0.025000326678, 0.74160290625, 0.18821755685, 1.5515395343, 0.70868359654, 0.1948313143, 5.7069611033, 0.78497173082, 1.7741384723, 0.11336022657],
      [75.3748197472, 56.2405478349, 0.94893128971, 0.91477791035, 94.5318219794, 39.3850326863, 16.949828539, 33.6200466048, 512.3043645908, 68.4726208839, 9.9774175261, 8, 25.3722618969, 50.7321234213, 37.1100553503, 26.8728347927, 125.5237033294, 7.4291798899, 20.9273734673, 185.7599617778, 63.2252933492, 279.0880282908, 220.0560176833, 112.0823854923, 90.1256613345, 164.3809678891, 165.5308778424, 189.1763666312, 197.4383663155, 255.6283712352, 325.5286171876, 124.4739609814, 194.6954182402, 1.801843249, 9.331025842, 243.7579236742, 124.4045249845, 287.6406870282, 315.1804791988, 126.9827020188, 2005.0699772392, 367.5226065159, 674.6046961189, 43.5372925615],
      [2.0312911927, 1.6472912484, 0.014368892671, 0.018944807566, 2.9278985235, 1.1849737797, 0.39349418927, 0.97297196009, 8.7624235915, 1.8425914659, 0.022582473948, 0, 0.25647400778, 0.98555823116, 0.013616095931, 0, 2.883214919, 0.22057266944, 0.61474113347, 3.481000577, 0, 4.1923561402, 6.0772262561, 2.1013106681, 2.183635829, 2.2483103241, 4.3561222246, 3.3621920894, 3.8431405085, 4.0049044906, 4.2983151586, 1.2493216005, 3.5631308521, 0.069841198159, 0.30402201108, 4.3089573763, 1.8829530065, 4.0574507641, 5.352766639, 2.1577528003, 53.0378849065, 8.3340920427, 13.296703515, 1.1859273461],
