{
  "X": [
    [21, 144, 152, 19, 5, 11],
    [30, 1020, 103, 47, 9, 46],
    [0, 6, 0, 1, 0, 0],
    [1, 4, 6, 0, 0, 0],
    [11, 92, 104, 11, 6, 2],
    [34, 82, 36, 2, 7, 3],
    [7, 44, 63, 7, 7, 1],
    [6, 35, 23, 4, 3, 4],
    [327, 1166, 1102, 170, 75, 49],
    [14, 61, 87, 16, 8, 2],
    [7, 12, 12, 1, 1, 0],
    [0, 9, 11, 1, 0, 0],
    [415, 3324, 2690, 370, 171, 134],
    [3, 8, 2, 0, 1, 1],
    [9, 64, 24, 1, 2, 4],
    [3, 63, 5, 3, 1, 4],
    [3, 17, 2, 0, 0, 1],
    [2, 23, 24, 2, 1, 1],
    [0, 9, 0, 3, 3, 0],
    [55, 294, 350, 49, 14, 14],
    [2, 19, 16, 1, 0, 0],
    [2, 14, 18, 2, 1, 0],
    [4, 24, 2, 1, 0, 3],
    [1, 15, 10, 1, 0, 1],
    [85, 277, 361, 21, 42, 14],
    [77, 137, 198, 8, 31, 3],
    [1, 40, 18, 5, 1, 4],
    [12, 101, 178, 13, 15, 6],
    [5, 58, 34, 5, 2, 4],
    [22, 146, 324, 23, 15, 8],
    [21, 293, 78, 29, 6, 7],
    [13, 340, 37, 22, 1, 21],
    [3, 95, 13, 8, 1, 4],
    [3, 165, 17, 7, 3, 4],
    [10, 187, 10, 8, 2, 7],
    [23, 166, 70, 17, 15, 12],
    [0, 33, 25, 3, 4, 0],
    [20, 89, 142, 12, 7, 9],
    [49, 370, 308, 46, 22, 13],
    [62, 181, 330, 26, 25, 14],
    [0, 7, 3, 1, 4, 0],
    [1, 5, 3, 0, 0, 0],
    [86, 121, 57, 12, 26, 3],
    [109, 128, 70, 13, 13, 6],
    [24, 189, 278, 26, 25, 9],
    [15, 68, 59, 8, 3, 2],
    [36, 168, 154, 24, 18, 14],
    [7, 45, 49, 6, 2, 2],
    [55, 164, 304, 43, 31, 4],
    [32, 89, 323, 18, 19, 6],
    [71, 257, 327, 33, 32, 14],
    [7, 80, 156, 15, 10, 6],
    [44, 285, 221, 33, 19, 19],
    [34, 272, 102, 40, 15, 14],
    [7, 122, 25, 7, 3, 7],
    [90, 229, 184, 34, 34, 4],
    [85, 448, 505, 62, 44, 18],
    [70, 170, 182, 21, 25, 5],
    [44, 152, 128, 17, 13, 14],
    [6, 36, 41, 8, 5, 1],
    [5, 23, 50, 5, 4, 4],
    [16, 101, 33, 10, 15, 2],
    [22, 198, 109, 37, 9, 13],
    [34, 201, 132, 30, 17, 11],
    [21, 123, 48, 15, 7, 8],
    [51, 198, 115, 24, 18, 16],
    [0, 181, 18, 5, 1, 10],
    [7, 214, 19, 8, 3, 8],
    [5, 156, 27, 14, 3, 6],
    [6, 21, 16, 3, 1, 2],
    [4, 5, 3, 0, 0, 0],
    [53, 239, 424, 56, 47, 11],
    [28, 214, 269, 31, 11, 5],
    [47, 189, 384, 26, 18, 10],
    [42, 183, 615, 31, 28, 17],
    [153, 420, 322, 28, 66, 10],
    [239, 1658, 842, 105, 88, 80],
    [131, 910, 609, 88, 102, 45]
  ],
  "W": [
    [20, 142, 175, 15],
    [51, 92, 1068, 44],
    [0, 0, 6, 1],
    [2, 4, 5, 0],
    [15, 98, 107, 6],
    [25, 27, 111, 1],
    [12, 63, 52, 2],
    [7, 15, 48, 5],
    [313, 1045, 1463, 68],
    [22, 82, 81, 3],
    [4, 12, 16, 1],
    [0, 7, 14, 0],
    [360, 2243, 4271, 230],
    [4, 1, 10, 0],
    [13, 17, 73, 1],
    [10, 2, 66, 1],
    [1, 1, 21, 0],
    [5, 26, 21, 1],
    [2, 0, 12, 1],
    [38, 317, 387, 34],
    [2, 12, 23, 1],
    [4, 19, 13, 1],
    [9, 1, 23, 1],
    [0, 9, 17, 2],
    [70, 290, 420, 20],
    [47, 159, 238, 10],
    [2, 13, 48, 6],
    [9, 150, 156, 10],
    [3, 20, 82, 3],
    [16, 235, 261, 26],
    [22, 62, 340, 10],
    [18, 19, 378, 19],
    [5, 6, 110, 3],
    [8, 8, 179, 4],
    [9, 8, 202, 5],
    [27, 48, 215, 13],
    [3, 19, 41, 2],
    [10, 114, 145, 10],
    [56, 246, 477, 29],
    [48, 253, 309, 28],
    [2, 2, 10, 1],
    [2, 3, 4, 0],
    [55, 52, 192, 6],
    [81, 60, 196, 2],
    [33, 210, 288, 20],
    [22, 60, 71, 2],
    [45, 140, 210, 19],
    [8, 39, 59, 5],
    [51, 241, 287, 22],
    [39, 278, 150, 20],
    [77, 229, 396, 32],
    [18, 128, 118, 10],
    [48, 167, 376, 30],
    [23, 70, 367, 17],
    [7, 17, 138, 9],
    [76, 152, 336, 11],
    [91, 446, 594, 31],
    [69, 149, 249, 6],
    [45, 115, 199, 9],
    [5, 41, 49, 2],
    [3, 30, 51, 7],
    [16, 21, 132, 8],
    [20, 77, 278, 13],
    [26, 87, 288, 24],
    [19, 32, 163, 8],
    [37, 75, 299, 11],
    [8, 12, 182, 13],
    [6, 14, 230, 9],
    [13, 17, 175, 6],
    [7, 12, 28, 2],
    [2, 2, 8, 0],
    [55, 353, 385, 37],
    [22, 211, 307, 18],
    [39, 320, 300, 15],
    [33, 533, 319, 31],
    [123, 274, 563, 39],
    [309, 696, 1899, 108],
    [204, 479, 1129, 73]
  ],
  "method": "mvn_cdf",
  "mvncdf_method": "genz",
  "mvncdf_samples": 5000,
  "mvncdf_error": 0.001,
  "cond_prob": [
    [
      [0.50585457823, 0.31946801155, 0.017051955825, 0.018140462134, 0.10308245112, 0.036402541148],
      [0.024821470301, 0.0032115882181, 0.92149849651, 0.04916066327, 0.0013077817004, 0],
      [0.04203954082, 0.75910531416, 0.08999064408, 0.060482505033, 0.013363642708, 0.035018353202],
      [8.9333950426e-05, 0.28741095096, 0.33718744434, 0.071462546149, 0.027600566818, 0.27624915778]
    ],
    [
      [0.34368791137, 0.49824889649, 0.009608093195, 0.014891023165, 0.094724061619, 0.038840014157],
      [0.024697067931, 0.0072652505044, 0.90246073004, 0.060353565634, 0.0050024971706, 0.00022088871681],
      [0.0095503616764, 0.91283283544, 0.009597604703, 0.035760374084, 0.0024604928067, 0.029798331286],
      [0, 0.43216897677, 0.20984905137, 0.056726142246, 0.024569018185, 0.27668681143]
    ],
    [
      [0.16370597058, 0.77663137157, 0.0092026413653, 0.037898852976, 0.00022747049215, 0.012333693012],
      [0.0071912137287, 0.0021709391162, 0.90302446145, 0.086445161929, 0.0011651638191, 3.0599619879e-06],
      [0, 0.86144812566, 0, 0.13855187434, 0, 0],
      [0, 0.83131124603, 0, 0.16868875397, 0, 0]
    ],
    [
      [0.5, 0.39759997027, 0.10240002973, 0, 0, 0],
      [0, 0, 1, 0, 0, 0],
      [0, 0.64096001189, 0.35903998811, 0, 0, 0],
      [1.2444296411e-06, 0.034507775732, 0.93830817344, 0.0040773343437, 0.00084300810359, 0.022262463949]
    ],
    [
      [0.42491030855, 0.36431392561, 0.019110895271, 0.017948495039, 0.15958508369, 0.014131291837],
      [0.014630806846, 0.0012053636278, 0.93264736238, 0.044542438376, 0.0069740287706, 0],
      [0.029836694401, 0.78781128823, 0.092142555951, 0.055243092113, 0.02474398481, 0.010222384493],
      [0, 0.35355960658, 0.40910692849, 0.075767126248, 0.045860425064, 0.11570591361]
    ],
    [
      [0.7636552143, 0.12472744423, 0.0092789371221, 0.00055682216719, 0.092535393675, 0.0092461885111],
      [0.072885950071, 0.0071317703538, 0.89379477445, 0.016398343587, 0.0089696148232, 0.00081954671861],
      [0.11658287379, 0.70616824615, 0.10117898285, 0.013579499856, 0.039413226331, 0.023077171021],
      [0, 0.30458077198, 0.40470056542, 0.035999684948, 0.069567435198, 0.18515154246]
    ],
    [
      [0.35782359764, 0.29049005589, 0.014343528547, 0.01703217239, 0.30803129789, 0.012279347645],
      [0.017231503988, 0.0032088273742, 0.91661875595, 0.053874392438, 0.0090665202506, 0],
      [0.031164078405, 0.76252943, 0.083628351283, 0.06221696404, 0.04868685594, 0.01177432033],
      [0, 0.33021642232, 0.36611088295, 0.083122538841, 0.10035857034, 0.12019158556]
    ],
    [
      [0.51049963647, 0.24782994041, 0.022112091653, 0.016216276093, 0.16404194031, 0.039300115058],
      [0.012648205441, 0, 0.94782412006, 0.032460485925, 0.0056409108438, 0.0014262777269],
      [0.046590711948, 0.67168862635, 0.1366955693, 0.064878470483, 0.032738376028, 0.047408245891],
      [8.5057915381e-05, 0.20482727049, 0.41329324619, 0.057082439057, 0.039130141166, 0.28558184519]
    ],
    [
      [0.60929441094, 0.23433250085, 0.013165193235, 0.015981941503, 0.11053817906, 0.016687774407],
      [0.038211108127, 0.0037416767332, 0.89784809623, 0.055379152925, 0.0045981730553, 0.00022179292485],
      [0.065864826645, 0.72985840946, 0.091749533583, 0.068828046602, 0.022280830761, 0.021418352946],
      [0, 0.30825032359, 0.37350685766, 0.094573607716, 0.044111819204, 0.17955739183]
    ],
    [
      [0.44964744347, 0.27253325964, 0.025160946742, 0.036070829123, 0.2007340254, 0.015853495623],
      [0.014481824943, 0.0085671086385, 0.90779597492, 0.061034192528, 0.0077784650108, 0.00034243395945],
      [0.036052427141, 0.66166315083, 0.13200759038, 0.12003108082, 0.034472025688, 0.015773725131],
      [0, 0.23568338734, 0.43819146909, 0.15970680839, 0.051261076519, 0.11515725866]
    ],
    [
      [0.87236979865, 0.072417247576, 0.0079238412704, 0.0042735187427, 0.043015593759, 0],
      [0.080435675238, 0.016955366989, 0.85679173853, 0.030827101112, 0.014990118128, 0],
      [0.15220220914, 0.69508481916, 0.08126520982, 0.035115187286, 0.036332574595, 0],
      [0.11005735627, 0.38550949932, 0.38656041539, 0.051137715106, 0.066735013912, 0]
    ],
    [
      [0.42424583445, 0.40046870861, 0.084516316899, 0.020342732905, 0.051300264045, 0.01912614309],
      [0, 0.0042375601074, 0.97819793549, 0.017564504404, 0, 0],
      [0, 0.6407383628, 0.29661531797, 0.062646319227, 0, 0],
      [4.1950973727e-06, 0.11663675127, 0.80508679674, 0.028696273803, 0.0041683628771, 0.045407620207]
    ],
    [
      [0.50404647754, 0.29602827886, 0.020521932824, 0.017384193607, 0.14154760505, 0.020471512115],
      [0.021069385126, 0.0014574033768, 0.93297835212, 0.040047475272, 0.0044170939701, 3.0290134592e-05],
      [0.043616164188, 0.73700791947, 0.11485121643, 0.060134248535, 0.023540689423, 0.020849761947],
      [0, 0.28869582506, 0.43222658693, 0.074268816399, 0.041708851664, 0.16309991996]
    ],
    [
      [0.63731540182, 0.18977761296, 0.012549537445, 0, 0.11750050197, 0.042856945812],
      [0.021192912953, 0, 0.96602254161, 0, 0.0073681806272, 0.0054163648092],
      [0.042954547976, 0.72408895482, 0.098377930861, 0, 0.052262981151, 0.082315585194],
      [2.5086899516e-05, 0.27270882735, 0.33345566869, 0.016202456758, 0.039001860437, 0.33860609987]
    ],
    [
      [0.46960978302, 0.36624537281, 0.019663349315, 0.0050853407032, 0.097727238073, 0.041668916078],
      [0.019478718583, 0.0026733064924, 0.95935056738, 0.014672015327, 0.0021448786179, 0.0016805135971],
      [0.035121963652, 0.8067347719, 0.09707753109, 0.0090036573391, 0.0091667735022, 0.042895302519],
      [3.1258297919e-05, 0.30172559454, 0.34875704382, 0.027199324542, 0.023908502882, 0.29837827591]
    ],
    [
      [0.29714908041, 0.52515235494, 0.013204724404, 0.016741121406, 0.090064878643, 0.057687840195],
      [0.014254597957, 0.0027149249626, 0.93422461136, 0.045086020931, 0.0034084271252, 0.00031141766392],
      [0, 0.86955056716, 0.04195504062, 0.040818473789, 0.0011285140476, 0.046547404386],
      [0, 0.35270916822, 0.23047085234, 0.048397474023, 0.018052432176, 0.35037007324]
    ],
    [
      [0.83678169907, 0.14743828672, 0.0045058009521, 0, 0, 0.011274213257],
      [0.078176393533, 0.0011283300768, 0.91943704569, 0, 0, 0.0012582306983],
      [0.099287709876, 0.80244920872, 0.051240816826, 0, 0, 0.047022264574],
      [5.5972220462e-05, 0.40099033261, 0.30436454263, 0.024105950551, 0.019557283134, 0.25092591885]
    ],
    [
      [0.28741106216, 0.57077685273, 0.0053618744648, 0.012014468564, 0.10175514449, 0.022680597588],
      [0.013669642054, 0.015045189431, 0.90233302997, 0.050546928448, 0.0081106582351, 0.010294551858],
      [0.009882571229, 0.91523169253, 0.01425914397, 0.027548153319, 0.012048636832, 0.021029802123],
      [0, 0.5350752681, 0.21308982499, 0.047196297811, 0.027325789944, 0.17731281916]
    ],
    [
      [0, 0.14302153038, 0, 0.013237282643, 0.84374118697, 0],
      [0.0083933045426, 0.0010407867418, 0.55270540733, 0.37300696509, 0.064849263146, 4.273145429e-06],
      [0, 0.69971309835, 0, 0.21807837942, 0.082208522225, 0],
      [0, 0.31739975899, 0, 0.35658488166, 0.32601535935, 0]
    ],
    [
      [0.59249893165, 0.24563871952, 0.01756568367, 0.019154166496, 0.10819385071, 0.016948647955],
      [0.028944009141, 0.0017438004524, 0.91650387883, 0.049546811814, 0.0029118481548, 0.00034965160431],
      [0.060224534545, 0.70965763974, 0.11416323093, 0.075694917344, 0.019926867593, 0.020332809846],
      [8.5142079702e-05, 0.27868933337, 0.42998835471, 0.096231450472, 0.036878824987, 0.15812689437]
    ],
    [
      [0.58870599438, 0.36970317538, 0.031179193561, 0.010411636679, 0, 0],
      [0.0023304221451, 0, 0.98195242535, 0.015717152501, 0, 0],
      [0.031021080759, 0.78113078901, 0.1550817338, 0.032766396433, 0, 0],
      [0.08113808804, 0.294585502, 0.58733263129, 0.036943778669, 0, 0]
    ],
    [
      [0.362939963, 0.49698427492, 0.0082102238498, 0.017973593821, 0.11389194441, 0],
      [0.0096931854812, 0, 0.90908123847, 0.066696841208, 0.01452873484, 0],
      [0.020376732927, 0.88423139103, 0.03195805442, 0.045274388273, 0.018159433352, 0],
      [0.099172095805, 0.51705481693, 0.27916086619, 0.072298594224, 0.032313626848, 0]
    ],
    [
      [0.42286410801, 0.46897634052, 0.0072474548031, 0.014174618051, 0, 0.086737478612],
      [0.019508277294, 0.0022137917267, 0.94349818979, 0.034029378609, 0, 0.0007503625768],
      [0.0072256179006, 0.84801620923, 0.03601400636, 0.035169263686, 0, 0.073574902823],
      [0.008525538887, 0.27262633126, 0.1629525707, 0.029505994165, 0, 0.52638956498]
    ],
    [
      [0.55947170897, 0.36346887581, 0.012549349388, 0.0085902386631, 0.037797622034, 0.018122205133],
      [0.017398559412, 0, 0.9421400921, 0.032155894044, 0, 0.0083054544415],
      [0.047721163787, 0.83353376557, 0.050386207006, 0.03639033576, 0, 0.031968527878],
      [0.016076590458, 0.41496299266, 0.33208682599, 0.045980622845, 0, 0.19089296805]
    ],
    [
      [0.59434446389, 0.15034492549, 0.019158526043, 0.0064759504964, 0.21602680719, 0.013649326891],
      [0.026576787282, 0.0062573365989, 0.94678534895, 0.014839696717, 0.0047850369164, 0.00075579353154],
      [0.084972312416, 0.62095321639, 0.17694365632, 0.036735026401, 0.056693258885, 0.023702529587],
      [1.2400059523e-05, 0.19304383583, 0.53874081637, 0.040723016439, 0.083964702949, 0.14351522835]
    ],
    [
      [0.72001632023, 0.073410090504, 0.013975538299, 0.0017776355461, 0.18744100461, 0.0033794108145],
      [0.036812039407, 0.02334992772, 0.9261252917, 0.0098372319848, 0.0038755091857, 0],
      [0.15674839783, 0.53813394338, 0.18693421486, 0.025248693709, 0.08441968052, 0.0085150696969],
      [0, 0.17612087146, 0.55988851815, 0.034314214104, 0.14821828591, 0.081458110385]
    ],
    [
      [0.33878582638, 0.43637647566, 0.021163168251, 0.028275030945, 0.12509628095, 0.050303217814],
      [0.0076001773265, 0.0016003583189, 0.92672294257, 0.059026815809, 0.0028718604168, 0.0021778455612],
      [0.0046588758751, 0.77905146181, 0.084071024421, 0.076554070082, 0.011909892207, 0.043754675604],
      [0, 0.28532870394, 0.31247770632, 0.083584328113, 0.023466404453, 0.29514285718]
    ],
    [
      [0.3879522846, 0.19069619773, 0.026267959729, 0.012655699192, 0.36334241364, 0.019085445116],
      [0.012427702565, 0.0081044732101, 0.95404987767, 0.023440003075, 0.00035717038168, 0.001620773094],
      [0.042590968593, 0.61740766365, 0.18817873485, 0.056782612296, 0.068584595461, 0.026455425156],
      [8.2953364963e-06, 0.17524677101, 0.53002240751, 0.051201072789, 0.097714582804, 0.14580687055]
    ],
    [
      [0.50656357122, 0.29129141671, 0.030356777794, 0.015199744458, 0.12130939417, 0.035279095643],
      [0.012114912188, 0, 0.96085133623, 0.023353380698, 0.0024001898553, 0.0012801810284],
      [0.039487255824, 0.68895020743, 0.16109243794, 0.052949484801, 0.018423654185, 0.03909695982],
      [1.868834095e-05, 0.21073624687, 0.49410767696, 0.048491799662, 0.025776125746, 0.22086946242]
    ],
    [
      [0.51933480473, 0.18933031887, 0.057403771673, 0.018709240854, 0.19767761007, 0.017544253794],
      [0.0071402223687, 0.025194650346, 0.94539770379, 0.015972335494, 0.0047842111756, 0.0015108768279],
      [0.046025635508, 0.5142754903, 0.31390477832, 0.06796162979, 0.037698041995, 0.020134424082],
      [0, 0.10861804226, 0.73015123539, 0.046506458845, 0.033603063536, 0.081121199971]
    ],
    [
      [0.44341217228, 0.39619279596, 0.013846063654, 0.023471198669, 0.10516104712, 0.017916722311],
      [0.024267953546, 0.0048342936188, 0.89486120686, 0.072198813556, 0.0038051904437, 3.2541972691e-05],
      [0.028647997323, 0.82354045779, 0.055994644766, 0.067563153142, 0.0092148776349, 0.01503886934],
      [0, 0.39802766348, 0.31758125537, 0.10358351205, 0.031747675992, 0.14905989311]
    ],
    [
      [0.40528431434, 0.45578804262, 0.013289125921, 0.018957122994, 0.055555555556, 0.051125838568],
      [0.024993196802, 0.0038405784139, 0.91067652455, 0.060489700237, 0, 0],
      [0.012916149373, 0.85986939107, 0.0396086607, 0.051048261996, 0, 0.036557536857],
      [0.018300375768, 0.35222181144, 0.23609831696, 0.063853918265, 0, 0.32952557757]
    ],
    [
      [0.36533800529, 0.46233563553, 0.016715840271, 0.024616280729, 0.098784082357, 0.03221015583],
      [0.015791914878, 0.0024899138909, 0.91532347348, 0.062788957093, 0.0032680400848, 0.00033770057215],
      [0.0098050771299, 0.83241259464, 0.059278435657, 0.065826461125, 0.0037877984187, 0.028889633028],
      [0, 0.36933230946, 0.30128401184, 0.086424710028, 0.023271173883, 0.21968779479]
    ],
    [
      [0.31902088669, 0.50695686493, 0.015038387102, 0.014962041993, 0.12174519611, 0.022276623177],
      [0.015969620925, 0.0034135609717, 0.93191623575, 0.043541641587, 0.0050436154886, 0.0001153252798],
      [0.0017881337379, 0.88902588216, 0.045922334816, 0.035195758364, 0.010381602444, 0.017686288477],
      [0, 0.44535092144, 0.30106627129, 0.057982446062, 0.031845667444, 0.16375469376]
    ],
    [
      [0.43494296119, 0.42728910249, 0.0080900900603, 0.012631578805, 0.089526612948, 0.0275196545],
      [0.035418730605, 0.004183122286, 0.89678965614, 0.057618808987, 0.0057752869403, 0.00021439504108],
      [0.028723581705, 0.89542350036, 0.0081639216816, 0.035310595347, 0.0049856995612, 0.027392701341],
      [0, 0.44907720515, 0.22075195213, 0.058525011737, 0.028189375315, 0.24345645567]
    ],
    [
      [0.46412656769, 0.26549098509, 0.015958163979, 0.01630474078, 0.20525423563, 0.032865306832],
      [0.023368281499, 0.0010763641111, 0.92100632527, 0.045926499325, 0.0086225297989, 0],
      [0.043473535371, 0.72286915015, 0.097249555325, 0.062591608292, 0.038462967347, 0.035353183514],
      [7.3119859514e-06, 0.25870851097, 0.34247473576, 0.069084942201, 0.059593556, 0.27013094308]
    ],
    [
      [0, 0.50491716183, 0.045412562342, 0.015008588484, 0.43466168734, 0],
      [0, 0, 0.96064650347, 0.030425921321, 0.0089275752051, 0],
      [0, 0.75069956753, 0.13741986093, 0.05518560331, 0.056694968228, 0],
      [0, 0.35328312281, 0.48863222445, 0.057135996877, 0.10094865587, 0]
    ],
    [
      [0.63815013978, 0.16419143706, 0.025003064408, 0.012064633683, 0.13001406751, 0.03057665756],
      [0.020562781818, 0.0040410696383, 0.94756925468, 0.023059643443, 0.0047672504246, 0],
      [0.077750298362, 0.58875892599, 0.19673392675, 0.060395529348, 0.033070323519, 0.043290996028],
      [5.4821245939e-05, 0.15273594217, 0.5200654944, 0.049320255519, 0.036119586626, 0.24170390003]
    ],
    [
      [0.4814696462, 0.30565414482, 0.024469194041, 0.020760317461, 0.14958149276, 0.01806520472],
      [0.015900163889, 0.001359577624, 0.93836624017, 0.040253109575, 0.0041209087476, 0],
      [0.038000544018, 0.72249588583, 0.13015921954, 0.068293616908, 0.023991676815, 0.017059056889],
      [0, 0.27304738801, 0.47260973564, 0.081348344882, 0.04019527631, 0.13279925515]
    ],
    [
      [0.63763155686, 0.13993414021, 0.026384103931, 0.011532544651, 0.16735529982, 0.01716235452],
      [0.019447607329, 0.0089774831666, 0.94487603958, 0.019481161707, 0.0054628716697, 0.0017548365429],
      [0.08567073082, 0.54409965132, 0.23384634351, 0.061839293043, 0.045897415448, 0.028646565856],
      [4.2314039582e-05, 0.13875234897, 0.62219303037, 0.050334371227, 0.050090632238, 0.13858730315]
    ],
    [
      [0, 0.092193868861, 0.022126099, 0.013812648979, 0.87186738316, 0],
      [0, 0.085671547003, 0.75495817207, 0.040588714109, 0.11878156682, 0],
      [0, 0.65352689507, 0.1365403569, 0.08685260088, 0.12308014715, 0],
      [0, 0.10900021762, 0.080427888838, 0.022671265029, 0.78790062852, 0]
    ],
    [
      [0.42664384178, 0.56920350612, 0.0041526520985, 0, 0, 0],
      [0.017850637105, 0.0033458488631, 0.97880351403, 0, 0, 0],
      [0.023290101282, 0.96288886029, 0.013821038427, 0, 0, 0],
      [2.5690633161e-05, 0.26526755373, 0.43898447966, 0.07038786858, 0.052927981001, 0.1724064264]
    ],
    [
      [0.78057056249, 0.072878062145, 0.011059885226, 0.0053436616459, 0.12762385723, 0.0025239712619],
      [0.18107597153, 0.023995707495, 0.72787647753, 0.041231820503, 0.025820022935, 0],
      [0.17527431533, 0.59410114917, 0.08706043753, 0.047714526481, 0.084925318719, 0.010924252765],
      [0, 0.27941819179, 0.30442091251, 0.066809143164, 0.22206424425, 0.12728750828]
    ],
    [
      [0.82693128473, 0.084556504327, 0.01253232115, 0.0062774908225, 0.062020035617, 0.0076823633527],
      [0.12426367921, 0.013052616852, 0.81364125874, 0.038861944408, 0.0091860474689, 0.00099445333041],
      [0.17634053666, 0.61132674411, 0.099127767267, 0.051130825111, 0.03713064729, 0.024943479567],
      [0, 0.27386214652, 0.36868203914, 0.069082428564, 0.073803699028, 0.21456968675]
    ],
    [
      [0.40672990972, 0.23344175387, 0.039069432966, 0.018729047933, 0.28290103034, 0.019128825176],
      [0.0059199291425, 0.011379550956, 0.95539834695, 0.02298583272, 0.0035662509779, 0.00075008924945],
      [0.032412249512, 0.60994563626, 0.22159103907, 0.06740439332, 0.047711000717, 0.020935681119],
      [0, 0.16211865896, 0.61294182991, 0.057122563553, 0.058729254356, 0.10908769322]
    ],
    [
      [0.47853016534, 0.3796559866, 0.010917504727, 0.017982606316, 0.09548608976, 0.017427647256],
      [0.030174115884, 0.0042869591571, 0.90224482837, 0.059878089891, 0.001593258772, 0.0018227479299],
      [0.037488668187, 0.82483850481, 0.05625103597, 0.054158384264, 0.010442271548, 0.016821135225],
      [9.6984074666e-05, 0.4134084521, 0.31565082007, 0.083225992435, 0.031154609532, 0.15646314179]
    ],
    [
      [0.49275044856, 0.25871175441, 0.014892292746, 0.017644797374, 0.18371230532, 0.032288401593],
      [0.026060653642, 0.001902615566, 0.91042203437, 0.053005647362, 0.0086090490618, 0],
      [0.048460581624, 0.71974146901, 0.093196293112, 0.068093801298, 0.03560355695, 0.034904298005],
      [5.348232173e-05, 0.26031033579, 0.33155476112, 0.078183958673, 0.055312233292, 0.2745852288]
    ],
    [
      [0.51978119745, 0.30055797605, 0.02904050042, 0.020609638572, 0.11124870893, 0.018761978574],
      [0.011142825986, 0, 0.9516283308, 0.034436053235, 0.0013690523618, 0.0014237376224],
      [0.040799664524, 0.70135812312, 0.15252053663, 0.069979343711, 0.015681132043, 0.01966119997],
      [0, 0.24308138552, 0.53109188685, 0.072667107267, 0.026286099177, 0.12687352118]
    ],
    [
      [0.56156840011, 0.14355734598, 0.027134263714, 0.022130142877, 0.23778318242, 0.0078266649025],
      [0.01784035614, 0.013646961521, 0.93130572844, 0.033098296634, 0.0041086572681, 0],
      [0.076837973039, 0.52373264417, 0.22463212321, 0.11045250331, 0.056937454976, 0.0074073013021],
      [0.00036306830657, 0.13992676146, 0.62282057437, 0.099763853447, 0.070082805313, 0.067042937103]
    ],
    [
      [0.52461131112, 0.16417393683, 0.04030633934, 0.016957677752, 0.23807548067, 0.015875254288],
      [0.011003754922, 0.012204974071, 0.95257027613, 0.018828259189, 0.0040164285157, 0.0013763071761],
      [0.056536861277, 0.51200990942, 0.28713263367, 0.073315156652, 0.050378384322, 0.020627054652],
      [2.9290316523e-05, 0.12013736292, 0.67718104759, 0.055356050768, 0.052086573905, 0.095209674504]
    ],
    [
      [0.56188418965, 0.19359552688, 0.031225532497, 0.015056762217, 0.18108358227, 0.017154406482],
      [0.015137088784, 0.0075852735798, 0.95078881753, 0.021186463727, 0.0045685159996, 0.00073384037634],
      [0.061272405245, 0.59405664197, 0.21934508606, 0.063757310825, 0.039303450383, 0.022265105523],
      [0.0001453621363, 0.15967770505, 0.62513564699, 0.054407313408, 0.045193989055, 0.11543998336]
    ],
    [
      [0.34690452931, 0.2857511319, 0.048334667953, 0.029078044585, 0.25647861843, 0.03345300782],
      [0, 0.0065572488698, 0.95733863005, 0.029045928564, 0.004690758198, 0.0023674343202],
      [0.0064043938333, 0.61424302697, 0.22659168902, 0.085276149336, 0.037063570933, 0.030421169909],
      [0, 0.15364745883, 0.58528120263, 0.069613071965, 0.04094664488, 0.15051162169]
    ],
    [
      [0.50473765939, 0.27569599192, 0.023068723648, 0.017855462205, 0.14979014824, 0.028852014592],
      [0.018523113115, 0.00050565472493, 0.9397828155, 0.036628635685, 0.0045199620357, 3.9818939808e-05],
      [0.044359660795, 0.70323468711, 0.13229609945, 0.063745639161, 0.026248244027, 0.030115669463],
      [0, 0.24219685653, 0.44018792282, 0.068586511009, 0.039529982346, 0.20949872729]
    ],
    [
      [0.53882994208, 0.25452916061, 0.014719733699, 0.024549029796, 0.14449611343, 0.022876020379],
      [0.029602113377, 0.0022109155964, 0.88756309575, 0.073775678522, 0.0065940101415, 0.00025418661453],
      [0.053224316414, 0.71192898644, 0.091532448375, 0.087822296921, 0.028367898503, 0.02712405335],
      [8.4663041657e-05, 0.27724277599, 0.34938946287, 0.12001716754, 0.047293525325, 0.20597240523]
    ],
    [
      [0.42498494034, 0.40016698022, 0.012970019684, 0.013877552967, 0.11486586916, 0.033134637635],
      [0.024216598576, 0.0036316753071, 0.92092316378, 0.045506315238, 0.005173923545, 0.00054832355388],
      [0.02618422639, 0.83903590059, 0.048920560518, 0.040714563136, 0.013210810107, 0.031933939259],
      [0, 0.3722375974, 0.27805319184, 0.056737784163, 0.031654491214, 0.26131693538]
    ],
    [
      [0.66027694037, 0.13597952514, 0.012512012435, 0.011520904628, 0.17422805152, 0.0054825659096],
      [0.042128663526, 0.0047287392288, 0.89785903716, 0.045874578694, 0.0094089813901, 0],
      [0.099450582369, 0.64036501583, 0.12368550312, 0.074779000623, 0.054290387717, 0.0074295103416],
      [0, 0.25310385537, 0.45601675971, 0.093248279778, 0.098812058217, 0.098819046919]
    ],
    [
      [0.50421000177, 0.25082742505, 0.019911081156, 0.017260379541, 0.19048450936, 0.017306603121],
      [0.021749690793, 0.00056688061257, 0.93028371967, 0.04065693285, 0.0066656951147, 7.708095949e-05],
      [0.049521616297, 0.70168273517, 0.12510403101, 0.067078367406, 0.036761266079, 0.019851984038],
      [2.2182753901e-05, 0.26201067343, 0.45063736198, 0.079089134565, 0.059897341166, 0.14834330611]
    ],
    [
      [0.63690849712, 0.15612791293, 0.017027666468, 0.011120997985, 0.16939068424, 0.0094242412625],
      [0.029028509967, 0.0018121291669, 0.93216295414, 0.029933177606, 0.0070632291223, 0],
      [0.087261308088, 0.63308115043, 0.15565930816, 0.061740161648, 0.047508888515, 0.014749183157],
      [0, 0.21999338406, 0.52894051922, 0.066551237564, 0.071651401359, 0.1128634578]
    ],
    [
      [0.58980611489, 0.21447276239, 0.013310769344, 0.01233496992, 0.13013666822, 0.039938715242],
      [0.031508260493, 0.0041363222157, 0.91534987547, 0.041925787062, 0.0070797547567, 0],
      [0.06952262616, 0.70275542927, 0.097460713642, 0.055907959563, 0.029952907072, 0.044400364293],
      [3.0251935808e-05, 0.22496869032, 0.30456640949, 0.055308543168, 0.041005513989, 0.37412059109]
    ],
    [
      [0.44155370901, 0.21288009601, 0.011727554925, 0.021168090065, 0.30163903088, 0.011031519104],
      [0.031022049392, 0.0031947731227, 0.87920994345, 0.075542001557, 0.011031232475, 0],
      [0.051426166401, 0.69860885247, 0.086064214296, 0.092487482325, 0.057366435679, 0.014046848831],
      [0.00022263810048, 0.28639002546, 0.33830402167, 0.13252542596, 0.11428448292, 0.12827340589]
    ],
    [
      [0.5269304581, 0.13026276651, 0.052283222817, 0.016951747049, 0.24128046855, 0.032291336969],
      [0.012103201058, 0.015422254975, 0.93950842948, 0.018917773813, 0.006964582808, 0.0070837578661],
      [0.05975916613, 0.42415045518, 0.32927523712, 0.080234511787, 0.054909683245, 0.051670946541],
      [0.0011993030519, 0.073552976735, 0.69498005058, 0.041378777622, 0.038118180658, 0.15077071136]
    ],
    [
      [0.43600594935, 0.18969566095, 0.010075625436, 0.011514954629, 0.34533633184, 0.0073714777957],
      [0.034177348676, 0.0040836121931, 0.89590269817, 0.048528615797, 0.01730772516, 0],
      [0.062896919599, 0.72318692108, 0.084881648778, 0.061931866009, 0.05918809637, 0.0079145481661],
      [0.00047338764743, 0.30230499832, 0.35255696159, 0.077706685118, 0.16229096766, 0.10466699967]
    ],
    [
      [0.48680634628, 0.28616200746, 0.022633495549, 0.037306470976, 0.13250714448, 0.034584535257],
      [0.017771624506, 0.0049228747855, 0.90073697837, 0.072623297714, 0.0037334317259, 0.00021179290157],
      [0.039191723286, 0.67971800918, 0.12315976448, 0.10400972968, 0.020342381939, 0.033578391436],
      [1.2224153308e-05, 0.22585322619, 0.38093601762, 0.13439783123, 0.031323129877, 0.22747757094]
    ],
    [
      [0.55827833279, 0.21366517842, 0.019929306085, 0.01930567296, 0.17099767526, 0.017823834483],
      [0.023592157691, 0.00050548763036, 0.92498058978, 0.044457755836, 0.0061469820217, 0.00031702704229],
      [0.060520407794, 0.65937039541, 0.13826063483, 0.081324977581, 0.037151308723, 0.023372275664],
      [9.8674330558e-05, 0.22925225245, 0.46622766253, 0.092026425081, 0.054987337294, 0.15740764831]
    ],
    [
      [0.56604216912, 0.24659510016, 0.014942579144, 0.018545087896, 0.12641867667, 0.027456387009],
      [0.030011767847, 0.00056637950156, 0.90859128798, 0.055002393666, 0.0055408612271, 0.00028730977474],
      [0.056957982001, 0.71268002418, 0.096909700431, 0.074733675359, 0.025126496386, 0.03359212164],
      [8.389367473e-05, 0.26621562639, 0.35561107631, 0.088247206142, 0.040639834148, 0.24920236334]
    ],
    [
      [0.64265942228, 0.16157899731, 0.015514783874, 0.012234185659, 0.14099480697, 0.027017803909],
      [0.032857801844, 0.0013973014145, 0.92249087536, 0.036637721141, 0.006616300242, 0],
      [0.08280022153, 0.6346072902, 0.13637036625, 0.067187606977, 0.039193909006, 0.039840606035],
      [0, 0.19719997486, 0.40585434869, 0.064582868999, 0.051635530105, 0.28072727735]
    ],
    [
      [0, 0.83755326176, 0.012515619626, 0.012333410846, 0.093987302675, 0.043610405094],
      [0, 0.020724338305, 0.93293563611, 0.041893082118, 0.0040120985223, 0.00043484494505],
      [0, 0.92471003815, 0.020912356307, 0.021211915845, 0, 0.033165689695],
      [0, 0.44258883866, 0.22296912014, 0.041388234157, 0.015381261256, 0.2776725458]
    ],
    [
      [0.38768194397, 0.45704655973, 0.010362756125, 0.012133330741, 0.10573077231, 0.027044637126],
      [0.027819604198, 0.0048939401813, 0.91174432577, 0.049214761192, 0.0060353093584, 0.00029205930453],
      [0.01862797338, 0.90049489908, 0.017495398283, 0.029395843965, 0.0086965340079, 0.025289351281],
      [0, 0.45281985445, 0.23882903305, 0.05301658298, 0.031213134815, 0.22412139471]
    ],
    [
      [0.32818919543, 0.48436926035, 0.016319092585, 0.027248942064, 0.11330629983, 0.030567209744],
      [0.013844924704, 0.0039828292646, 0.90732232196, 0.070627994215, 0.0038048448159, 0.00041708503786],
      [0.0028467242254, 0.84195437482, 0.054814449673, 0.067885125597, 0.0074435848422, 0.025055740838],
      [0, 0.3822459873, 0.29514060503, 0.094198478682, 0.02661806549, 0.2017968635]
    ],
    [
      [0.60793702232, 0.23604931862, 0.020058412851, 0.019747204883, 0.086298944965, 0.029909096353],
      [0.010762912803, 0, 0.94232102122, 0.039779560702, 0.00070637084073, 0.0064301344296],
      [0.0576805934, 0.67474615665, 0.1305021211, 0.079771882803, 0.012163106225, 0.04513613982],
      [0.0001146374462, 0.22738119172, 0.44883973224, 0.075401059452, 0.02343198043, 0.2248313987]
    ],
    [
      [0.9566590851, 0.028493140778, 0.014847774125, 0, 0, 0],
      [0.069058179114, 0.0089158613348, 0.92202595955, 0, 0, 0],
      [0.24357068395, 0.61564774947, 0.14078156658, 0, 0, 0],
      [0.00017738613412, 0.26535366777, 0.59152582621, 0.015524249677, 0.020118844862, 0.10730002535]
    ],
    [
      [0.4455753723, 0.16512021694, 0.024716849346, 0.021009090396, 0.33128176642, 0.012296704594],
      [0.017294058976, 0.011587285722, 0.93338812788, 0.03773052742, 0, 0],
      [0.058116646831, 0.57075265762, 0.18991986286, 0.09882748088, 0.065271706247, 0.017111645571],
      [0.0003687209417, 0.16454873044, 0.54149775526, 0.093974154325, 0.098645836264, 0.10096480277]
    ],
    [
      [0.52943786921, 0.26536628018, 0.034124162635, 0.021522574845, 0.13630025142, 0.013248861701],
      [0.01118570119, 0.0061436941079, 0.95008501077, 0.030194273686, 0.0023913202466, 0],
      [0.04557714634, 0.66151111907, 0.18586041161, 0.074291682963, 0.022522165038, 0.010237474972],
      [0, 0.21009493462, 0.59567693248, 0.074886940896, 0.032362290552, 0.086978901446]
    ],
    [
      [0.5905141541, 0.18917499681, 0.033367494145, 0.014406799091, 0.15452609329, 0.018010462556],
      [0.015252611324, 0.0090282670984, 0.9509132042, 0.019486083233, 0.0041289873523, 0.0011908467885],
      [0.063628501039, 0.58792545391, 0.22993219815, 0.061355075753, 0.033576151669, 0.02358261948],
      [3.7470292449e-05, 0.1570328987, 0.62845219587, 0.053071031667, 0.038624060538, 0.12278234293]
    ],
    [
      [0.52268071701, 0.16364134212, 0.037780595317, 0.014524658046, 0.23639983676, 0.024972850742],
      [0.011772032767, 0.011561544216, 0.95463545262, 0.016463927221, 0.0040428644806, 0.0015241786967],
      [0.057921588711, 0.52553597359, 0.26837339564, 0.063501990267, 0.051422497779, 0.03324455402],
      [1.8088753316e-06, 0.12230829254, 0.62327196454, 0.048008973567, 0.052909091195, 0.15349986928]
    ],
    [
      [0.64874940966, 0.13579162252, 0.010456658681, 0.0043707239751, 0.19521355892, 0.0054180262384],
      [0.055633966114, 0.010994134416, 0.89639354772, 0.025796099581, 0.011182252172, 0],
      [0.10294869609, 0.69040545251, 0.10515258961, 0.032748955315, 0.059922128592, 0.0088221778837],
      [0, 0.29710173937, 0.40772028094, 0.050169431381, 0.13304196821, 0.11196658011]
    ],
    [
      [0.47547648736, 0.33823633194, 0.015364227097, 0.011856467057, 0.13283266768, 0.026233818863],
      [0.025669389594, 0.0040333137157, 0.9296359374, 0.035060224695, 0.0054232464548, 0.00017788814238],
      [0.039079107839, 0.79721736871, 0.080315564902, 0.037441802049, 0.020436894262, 0.025509262236],
      [5.9672405776e-06, 0.34038892501, 0.34913503379, 0.054004196302, 0.040467258784, 0.21599861887]
    ],
    [
      [0.41401982734, 0.28980198198, 0.019816673743, 0.015622910749, 0.2378426054, 0.0228960008],
      [0.017047237185, 0.0023122846147, 0.93533739773, 0.037420574423, 0.0076777660829, 0.00020473996464],
      [0.033989662189, 0.73472990993, 0.11256608781, 0.055015787113, 0.039662679503, 0.024035873449],
      [0, 0.27757182237, 0.40881742333, 0.065419827503, 0.068812238169, 0.17937868863]
    ]
  ],
  "expected_outcome": [
    [
      [10.1170915645, 17.52808348, 0, 1, 6.3736546282, 19.0913803575, 4.2938831717, 3.5734974553, 190.7091506249, 9.8922437563, 3.4894791946, 0, 181.4567319153, 2.5492616073, 6.1049271792, 2.9714908041, 0.83678169907, 1.4370553108, 0, 22.5149594025, 1.1774119888, 1.451759852, 3.8057769721, 0, 41.6041124721, 33.8407670507, 0.67757165275, 3.4915705614, 1.5196907137, 8.3093568757, 9.7550677902, 7.2951176582, 1.8266900264, 2.5521670935, 3.9144866507, 12.5314173275, 0, 6.3815013978, 26.962300187, 30.6063147293, 0, 0.85328768356, 42.9313809368, 66.9814340632, 13.4220870208, 10.5276636375, 22.1737701851, 4.1582495796, 28.6399884054, 20.4598411337, 43.2650826033, 6.2442815277, 24.2274076509, 12.3930886679, 2.9748945824, 50.1810474679, 45.8831101607, 43.9466863011, 26.54127517, 2.207768545, 1.5807913743, 6.9760951895, 9.7361269256, 14.5152366524, 10.7548012133, 23.7783986243, 0, 2.3260916638, 4.2664595406, 4.2555591563, 1.9133181702, 24.5066454768, 11.6476331227, 23.0300520101, 17.2484636613, 79.7961773884, 146.9222345948, 84.460044777],
      [6.389360231, 25.4106937211, 0, 0.79519994054, 5.4647088842, 3.1181861057, 3.4858806706, 1.7348095829, 73.3460727654, 5.9957317122, 0.2896689903, 0, 106.5701803904, 0.75911045183, 4.7611898466, 5.2515235494, 0.14743828672, 2.8538842636, 0.28604306077, 9.3342713419, 0.73940635076, 1.9879370997, 4.2207870647, 0, 10.5241447844, 3.4502742537, 0.87275295132, 1.7162657796, 0.87387425013, 3.0292851019, 8.7162415111, 8.2041847671, 2.3116781776, 4.0556549194, 3.8456019224, 7.1682565975, 1.5147514855, 1.6419143706, 17.1166321101, 6.7168387302, 0.18438773772, 1.1384070122, 4.008293418, 6.8490768505, 7.7035778777, 8.3524317051, 11.6420289485, 2.4044638084, 7.3214246449, 6.4027835362, 14.9068555699, 5.1435203742, 13.2334076121, 5.8541706941, 2.8011688615, 10.3344439108, 22.82529568, 10.7728259923, 9.6512743075, 1.0644004801, 0.39078829954, 3.0351305752, 5.7232401491, 5.555294639, 4.6853069031, 5.9784229006, 6.7004260941, 2.7422793584, 6.2968003845, 1.6523452304, 0.056986281556, 9.0816119315, 5.838058164, 7.3778248756, 5.40016429, 16.7023695704, 104.5150265686, 59.1196043229],
      [0.34103911649, 0.49001275294, 0, 0.20480005946, 0.28666342907, 0.23197342805, 0.17212234256, 0.15478464157, 4.1207054826, 0.55354082832, 0.031695365082, 0, 7.3878958167, 0.050198149779, 0.2556235411, 0.13204724404, 0.0045058009521, 0.026809372324, 0, 0.66749597945, 0.062358387121, 0.032840895399, 0.065227093228, 0, 1.341096823, 0.65685030004, 0.042326336501, 0.23641163756, 0.091070333383, 0.91846034677, 0.30461340038, 0.23920426658, 0.083579201355, 0.12030709681, 0.072810810542, 0.43087042743, 0.13623768703, 0.25003064408, 1.3702748663, 1.2664369887, 0.044252198001, 0.008305304197, 0.60829368746, 1.0151180132, 1.2892912879, 0.240185104, 0.67015317358, 0.23232400336, 1.3838474494, 1.5719472343, 2.4043660022, 0.87002402316, 1.1072987351, 0.33855387509, 0.090790137791, 0.95091294509, 1.8119083852, 1.1749089863, 0.59898462049, 0.058637774626, 0.15684966845, 0.16121000697, 0.45266991098, 0.5181619582, 0.28390900373, 0.57404700334, 0.10012495701, 0.062176536748, 0.2121482036, 0.14040888996, 0.02969554825, 1.359426714, 0.75073157798, 1.3013322717, 1.2467596455, 1.2861690178, 4.7475461729, 4.0426014436],
      [0.36280924267, 0.75944218139, 0, 0, 0.26922742558, 0.01392055418, 0.20438606868, 0.11351393265, 5.0023476904, 0.79355824071, 0.017094074971, 0, 6.2583096984, 0, 0.066109429142, 0.16741121406, 0, 0.060072342822, 0.026474565285, 0.72785832684, 0.020823273359, 0.071894375284, 0.12757156246, 0, 0.45331653475, 0.083548870664, 0.056550061891, 0.11390129272, 0.045599233375, 0.29934785367, 0.51636637073, 0.34122821389, 0.12308140364, 0.11969633594, 0.11368420925, 0.44022800106, 0.045025765452, 0.12064633683, 1.1625777778, 0.55356214327, 0.027625297957, 0, 0.29390139052, 0.50847675662, 0.61805858178, 0.39561733896, 0.79401588185, 0.16487710857, 1.1286372867, 0.66134943234, 1.1593706907, 0.52340480253, 0.85706218582, 0.56462768532, 0.097142870772, 0.87558875171, 1.5706945382, 0.76734886094, 0.55507364639, 0.10584045032, 0.050855241148, 0.18423927407, 0.74612941953, 0.50194749695, 0.35235667003, 0.45266486937, 0.098667286766, 0.072799984446, 0.35423624683, 0.13823043418, 0, 1.1554999718, 0.4734966466, 0.56186516453, 0.47931371552, 0.53759904893, 3.6636483206, 3.1870737928],
