{
  "X": [
    [3, 6, 31, 8],
    [4, 9, 39, 4],
    [6, 21, 28, 7],
    [17, 11, 285, 34],
    [8, 13, 77, 13],
    [3, 2, 28, 2],
    [3, 13, 42, 6],
    [0, 9, 54, 11],
    [3, 39, 80, 18],
    [10, 44, 108, 22],
    [58, 250, 591, 86],
    [1, 6, 17, 4],
    [3, 1, 6, 0],
    [3, 0, 5, 1],
    [1, 5, 9, 3],
    [79, 253, 1080, 105],
    [59, 51, 1186, 153],
    [200, 869, 2033, 241],
    [147, 335, 1134, 120],
    [3, 3, 13, 2],
    [12, 14, 35, 8],
    [1, 4, 10, 0],
    [3, 2, 26, 4],
    [1, 1, 12, 0],
    [3, 5, 59, 13],
    [1, 0, 17, 4],
    [0, 0, 6, 0],
    [0, 1, 10, 0],
    [2, 5, 14, 2],
    [2, 5, 12, 0],
    [1, 0, 14, 0],
    [0, 0, 8, 1],
    [2, 1, 17, 1],
    [20, 76, 264, 43],
    [32, 96, 412, 51],
    [2, 18, 58, 11],
    [20, 71, 189, 28],
    [35, 47, 273, 46],
    [29, 66, 268, 37],
    [1, 0, 9, 2],
    [22, 11, 244, 25],
    [5, 12, 194, 16],
    [30, 10, 572, 58],
    [6, 11, 265, 25],
    [7, 27, 388, 38],
    [13, 5, 331, 51],
    [8, 5, 167, 29],
    [14, 43, 137, 19],
    [66, 217, 486, 79],
    [0, 15, 47, 4],
    [19, 142, 216, 72],
    [35, 174, 327, 71],
    [56, 169, 416, 74],
    [25, 125, 238, 44],
    [47, 168, 294, 52],
    [47, 115, 345, 43],
    [53, 111, 345, 46],
    [33, 141, 264, 48],
    [37, 125, 207, 30],
    [11, 38, 163, 22],
    [112, 453, 1917, 326],
    [87, 343, 1272, 204],
    [0, 1, 8, 1]
  ],
  "W": [
    [24, 10, 2, 12],
    [38, 11, 4, 3],
    [26, 30, 5, 1],
    [288, 16, 21, 22],
    [74, 14, 7, 16],
    [31, 2, 2, 0],
    [44, 14, 4, 2],
    [55, 12, 2, 5],
    [82, 47, 4, 7],
    [98, 60, 8, 18],
    [584, 297, 51, 53],
    [16, 10, 0, 2],
    [6, 2, 1, 1],
    [6, 0, 3, 0],
    [8, 5, 2, 3],
    [1042, 292, 73, 110],
    [1209, 59, 66, 115],
    [1945, 1038, 210, 150],
    [1056, 420, 152, 108],
    [14, 3, 3, 1],
    [33, 22, 8, 6],
    [8, 5, 2, 0],
    [28, 5, 2, 0],
    [12, 1, 1, 0],
    [67, 4, 4, 5],
    [19, 2, 1, 0],
    [6, 0, 0, 0],
    [10, 1, 0, 0],
    [13, 5, 0, 5],
    [10, 5, 4, 0],
    [14, 0, 1, 0],
    [8, 0, 0, 1],
    [18, 1, 1, 1],
    [252, 97, 20, 34],
    [398, 125, 37, 31],
    [60, 23, 2, 4],
    [179, 83, 16, 30],
    [265, 69, 36, 31],
    [265, 84, 22, 29],
    [10, 0, 1, 1],
    [245, 21, 21, 15],
    [187, 20, 7, 13],
    [575, 29, 30, 36],
    [271, 17, 8, 11],
    [383, 36, 12, 29],
    [344, 14, 10, 32],
    [175, 9, 9, 16],
    [127, 56, 25, 5],
    [423, 295, 67, 63],
    [43, 17, 3, 3],
    [192, 195, 24, 38],
    [335, 197, 33, 42],
    [374, 233, 60, 48],
    [212, 158, 34, 28],
    [263, 222, 38, 38],
    [336, 150, 36, 28],
    [335, 143, 49, 28],
    [253, 183, 29, 21],
    [202, 156, 30, 11],
    [146, 43, 14, 31],
    [1948, 560, 93, 207],
    [1265, 429, 76, 136],
    [9, 1, 0, 0]
  ],
  "method": "mvn_pdf",
  "cond_prob": [
    [
      [0.012219662441, 0.00447042474, 0.9398994809, 0.043410431918],
      [0.058629270689, 0.58682339641, 0.24003009571, 0.11451723719],
      [0.63713472534, 0.004521654163, 0.35047596722, 0.0078676532714],
      [0.070513828653, 0.0012860444846, 0.44509663057, 0.4831034963]
    ],
    [
      [0.0031339571553, 0, 0.94519149844, 0.051674544402],
      [0.042883452656, 0.81360962532, 0.093774977955, 0.049731944073],
      [0.77008544807, 0.0096291066493, 0.2150264516, 0.0052589936774],
      [0.10961661887, 0.0039258983087, 0.39703083175, 0.48942665107]
    ],
    [
      [0.0018567750865, 0.0056527260413, 0.89612370608, 0.096366792792],
      [0.063922003039, 0.69374805878, 0.11686522062, 0.12546471756],
      [0.78993947326, 0.0076835497775, 0.19202719385, 0.010349783113],
      [0.084366390286, 0.0021696106123, 0.23469105402, 0.67877294508]
    ],
    [
      [0.0015237227573, 0.0026527923342, 0.92931890686, 0.066504578051],
      [0.059482247723, 0.62844649103, 0.18103297781, 0.13103828344],
      [0.6619298666, 0.0068040153827, 0.32024736479, 0.011018753226],
      [0.077678394716, 0.0017258012848, 0.35156511452, 0.56903068948]
    ],
    [
      [0.0037780813331, 0.010219735957, 0.92919182075, 0.056810361964],
      [0.032984982611, 0.86024259088, 0.06571886749, 0.041053559021],
      [0.75890626268, 0.015415364725, 0.21918573257, 0.0064926400254],
      [0.12164302413, 0.0057772321114, 0.361590062, 0.51098968176]
    ],
    [
      [0.025441045153, 0.0098906553525, 0.90122892512, 0.063439374378],
      [0.10871243849, 0.84650365644, 0.028170773011, 0.016613132059],
      [0.99695136164, 0.00019118559732, 0.0027808876787, 7.6565080015e-05],
      [0.55710835475, 0.0020891436816, 0.18032033263, 0.26048216894]
    ],
    [
      [0, 0.012118403253, 0.89985354316, 0.088028053592],
      [0.012155166762, 0.88239266985, 0.051487675283, 0.053964488107],
      [0.68054816832, 0.025481857626, 0.28134192726, 0.0126280468],
      [0.053817496032, 0.0056827242507, 0.28012446909, 0.66037531062]
    ],
    [
      [0, 0.0040348457223, 0.89807371133, 0.097891442943],
      [0, 0.7013571465, 0.14099956954, 0.15764328396],
      [0, 0.15409159859, 0.80933246995, 0.036575931462],
      [0, 0.010722906023, 0.25905722045, 0.73021987353]
    ],
    [
      [0, 0.0095097882972, 0.88927227383, 0.10121793787],
      [0.0091950120277, 0.81054845346, 0.081727853821, 0.098528680688],
      [0.57653047738, 0.024609874556, 0.37671523454, 0.022144413525],
      [0.037387503599, 0.0037115069459, 0.2473719254, 0.71152906406]
    ],
    [
      [0.0037512635516, 0.0027676956098, 0.92925277158, 0.064228269256],
      [0.04614127305, 0.72650230039, 0.13413621673, 0.093220209826],
      [0.67288374469, 0.010796969776, 0.30624986576, 0.010069419772],
      [0.082268323968, 0.0029028915776, 0.35750313639, 0.55732564807]
    ],
    [
      [0.0025136680099, 0.011549460643, 0.91933242866, 0.066604442686],
      [0.042558822962, 0.81536901387, 0.081896528179, 0.06017563499],
      [0.73867781507, 0.015957745496, 0.23705731104, 0.0083071283918],
      [0.11734865838, 0.0052202423505, 0.33389943264, 0.54353166663]
    ],
    [
      [0.016842942979, 0, 0.91529964783, 0.06785740919],
      [0.06420216198, 0.59975915499, 0.17721663967, 0.15882204336],
      [0.82947789095, 0.0036980677838, 0.1596870963, 0.0071369449652],
      [0.04424564627, 0.0012042250425, 0.29151961902, 0.66303050967]
    ],
    [
      [0, 0.0098634153002, 0.9901365847, 0],
      [0.51071016026, 0.46860237177, 0.020687467965, 0],
      [0.99999811776, 1.014277996e-07, 1.7808122179e-06, 0],
      [0.97858156172, 0.0036146632228, 0.017803775059, 0]
    ],
    [
      [0.01560291661, 0, 0.81846493881, 0.16593214458],
      [0.041992835861, 0.84952116855, 0.040884838501, 0.067601157089],
      [0.96879416678, 0, 0.029736789038, 0.0014690441819],
      [0.0038942354701, 1.3166373095e-07, 0.0095105762332, 0.98659505663]
    ],
    [
      [0, 0.012638719239, 0.90901134524, 0.078349935523],
      [0, 0.94743719657, 0.024958094476, 0.02760470895],
      [0.5, 0.039809297314, 0.40665879827, 0.053531904419],
      [0, 0.02736188953, 0.26326705639, 0.70937105408]
    ],
    [
      [0.0019514966725, 0.011100203585, 0.94683390456, 0.040114395177],
      [0.040642174396, 0.82060683044, 0.093473874704, 0.045277120462],
      [0.70539766017, 0.016149622439, 0.27215840421, 0.0062943131829],
      [0.12368178501, 0.0057951903472, 0.42033760475, 0.45018541989]
    ],
    [
      [0.0014897574082, 0.0058186549884, 0.92516209208, 0.067529495519],
      [0.047858798399, 0.72672668077, 0.12964272755, 0.095771793288],
      [0.67345639411, 0.011300355707, 0.30449962603, 0.01074362415],
      [0.086322540667, 0.0029786824096, 0.34550551676, 0.56519326017]
    ],
    [
      [0.0013508061906, 0.010941982742, 0.93403340397, 0.053673807094],
      [0.037189747841, 0.81244660917, 0.093953519171, 0.056410123822],
      [0.68264603809, 0.017190434379, 0.29179564332, 0.0083678842051],
      [0.10276037133, 0.0052551468869, 0.38336127516, 0.50862320662]
    ],
    [
      [0.001702962667, 0.0079433297715, 0.94721240705, 0.04314130051],
      [0.053252899098, 0.77223269127, 0.11649497282, 0.058019436809],
      [0.71730365698, 0.011892498957, 0.26451552836, 0.0062883156945],
      [0.12782683279, 0.004319014694, 0.41305045607, 0.45480369645]
    ],
    [
      [0.0069918730255, 0.009165526395, 0.89105974576, 0.092782854819],
      [0.015027005619, 0.9488364923, 0.018821227108, 0.017315274972],
      [0.91286269402, 0.0068926596942, 0.077162952205, 0.0030816940764],
      [0.11844467871, 0.0044951744873, 0.23721102141, 0.63984912539]
    ],
    [
      [0, 0.0043136795588, 0.91381277687, 0.081873543575],
      [0.13961706486, 0.6285858847, 0.1223509903, 0.10944606014],
      [0.91618610566, 0.0023180023413, 0.07851922303, 0.0029766689702],
      [0.26648928797, 0.0017025154075, 0.25405046542, 0.47775773121]
    ],
    [
      [0.00023064002252, 0, 0.99976935998, 0],
      [0.039689224092, 0.79554601185, 0.16476476406, 0],
      [0.39985437968, 0.011134970378, 0.58901064994, 0],
      [0.029544915202, 0.0030971356381, 0.7613899556, 0.20596799356]
    ],
    [
      [0, 0.0065095756726, 0.89371575949, 0.099774664833],
      [0.21042223919, 0.36344033851, 0.18543448888, 0.24070293342],
      [0.97394440203, 0.00026509430492, 0.024393144872, 0.0013973587934],
      [0.15908352791, 0.0003865416194, 0.19112824542, 0.64940168506]
    ],
    [
      [0, 0.0003402970872, 0.99965970291, 0],
      [0.00024937783394, 0.99590002031, 0.003850601856, 0],
      [0.99975062217, 1.6414643543e-05, 0.00023296319039, 0],
      [0.097524503769, 0.0022284321199, 0.6885928311, 0.21165423302]
    ],
    [
      [0, 0.017514694444, 0.85210399415, 0.13038131141],
      [0.0081206690401, 0.91845383362, 0.024653534887, 0.048771962454],
      [0.69903207728, 0.031176221475, 0.24681337364, 0.022978327606],
      [0.034277802945, 0.0055990503806, 0.16463295157, 0.7954901951]
    ],
    [
      [0.00026353216594, 0, 0.86840813959, 0.13132832825],
      [0.036268030216, 0, 0.21643856096, 0.74729340882],
      [0.92245682842, 0, 0.067368225923, 0.010174945662],
      [0.0017082104839, 1.6986226036e-05, 0.064116908101, 0.93415789519]
    ],
    [
      [0, 0, 1, 0],
      [0.023301234352, 0.81970712176, 0.09301504493, 0.06397659896],
      [0.71030900383, 0.007546827981, 0.27350123818, 0.0086429300008],
      [0.05981006455, 0.0022768762134, 0.42612590945, 0.51178714979]
    ],
    [
      [0, 6.3660082556e-05, 0.99993633992, 0],
      [6.1170729081e-18, 0.99936339917, 0.00063660082556, 0],
      [0.66759365901, 0.010223046595, 0.31359818592, 0.0085851084768],
      [0.056952819014, 0.0029617481929, 0.4454961836, 0.49458924919]
    ],
    [
      [0, 0.015923440962, 0.94422405891, 0.039852500129],
      [0, 0.92914470936, 0.061074924041, 0.0097803665951],
      [0.98462270235, 0.0022014973618, 0.012843457758, 0.00033234253216],
      [0.4, 0.029454344136, 0.28394252279, 0.28660313307]
    ],
    [
      [0, 0.010926308483, 0.98907369152, 0],
      [0.0032951531666, 0.95400429595, 0.04270055088, 0],
      [0.49588105854, 0.030178858852, 0.47394008261, 0],
      [0.049260999748, 0.008289795223, 0.63678595832, 0.30566324671]
    ],
    [
      [3.3070251941e-11, 0, 0.99999999997, 0],
      [0.036619644929, 0.78060261358, 0.11683898138, 0.065938760106],
      [0.99999999954, 7.3493437258e-14, 4.6291002102e-10, 0],
      [0.098522362831, 4.5017810854e-05, 0.70336431853, 0.19806830083]
    ],
    [
      [0, 0, 0.94975985075, 0.050240149247],
      [0.022687439915, 0.82796321341, 0.084103790861, 0.065245555817],
      [0.71890237995, 0.008002088441, 0.26382269967, 0.0092728319418],
      [1.5241237541e-18, 0, 0.40192119397, 0.59807880603]
    ],
    [
      [0.015601060627, 0.0030913739655, 0.93435763625, 0.046949929156],
      [0.040903141269, 0.94345137941, 0.01158366287, 0.0040618164473],
      [0.99988962289, 4.7027269611e-06, 0.00010325178485, 2.4225954148e-06],
      [0.67838814455, 0.00089918648121, 0.16987563282, 0.15083703614]
    ],
    [
      [0.0017284348882, 0.0056888343294, 0.92857202892, 0.064010701859],
      [0.038626376478, 0.76456953807, 0.1164132335, 0.080390851953],
      [0.65379552228, 0.013981203107, 0.32166146956, 0.010561805054],
      [0.080640160124, 0.0036336615851, 0.36101575503, 0.55471042327]
    ],
    [
      [0.0016171458087, 0.0056517385359, 0.93346719231, 0.059263923349],
      [0.041111171449, 0.74538039252, 0.13036782492, 0.083140611112],
      [0.64103299309, 0.012812528697, 0.33596024094, 0.010194237272],
      [0.080621251374, 0.0033546914763, 0.37914678815, 0.536877269]
    ],
    [
      [0.0013340133807, 0.0040365497764, 0.90054266951, 0.094086767332],
      [0.022780881263, 0.77014169981, 0.096912178678, 0.11016524025],
      [0.61974800891, 0.016628048046, 0.34534390729, 0.018280035757],
      [0.039125727572, 0.0028229554163, 0.2619429763, 0.69610834072]
    ],
    [
      [0.0030352803416, 0.011136919281, 0.93415984206, 0.051667958317],
      [0.042861037069, 0.82641643038, 0.082466163358, 0.048256369189],
      [0.74741318311, 0.015195083381, 0.23096322052, 0.0064285129845],
      [0.13135359374, 0.0056935464247, 0.37484283947, 0.48811002036]
    ],
    [
      [0.0013140952602, 0.0064771430781, 0.91998198685, 0.072226774814],
      [0.072908176383, 0.651669584, 0.15124619053, 0.12417604909],
      [0.7342516925, 0.0070538421339, 0.24898480715, 0.0097096582123],
      [0.10283998889, 0.002077982946, 0.3163010736, 0.57878095457]
    ],
    [
      [0.0010583621197, 0.0081339473728, 0.927829448, 0.062978242508],
      [0.07386599624, 0.75644437868, 0.10150143224, 0.068188192839],
      [0.80719202187, 0.0087787366758, 0.17832649559, 0.0057027458616],
      [0.16401951286, 0.0037946182759, 0.33365148515, 0.49853438372]
    ],
    [
      [0, 0, 0.88599231696, 0.11400768304],
      [0.030826006933, 0.84759939728, 0.052409602326, 0.069164993465],
      [0.984437357, 0, 0.0059312102002, 0.0096314328043],
      [0.015562643005, 0, 0.13414562025, 0.85029173675]
    ],
    [
      [0, 0.0025153999871, 0.9384988153, 0.058985784716],
      [0.14194397509, 0.49101005693, 0.22487967517, 0.14216629281],
      [0.79742699918, 0.002659916932, 0.19409087943, 0.0058222044591],
      [0.15154730269, 0.0011105034659, 0.35129390705, 0.49604828679]
    ],
    [
      [0.0015712472559, 0.0026214034, 0.95634863207, 0.039458717273],
      [0.039036084071, 0.57224082199, 0.26942899881, 0.11929409513],
      [0.475743082, 0.0066189392451, 0.50701163832, 0.010626340434],
      [0.045788731363, 0.0014345038178, 0.47885725834, 0.47391950648]
    ],
    [
      [0.0011549944381, 0, 0.94059434509, 0.058250660476],
      [0.13094999025, 0.34482758621, 0.33356984515, 0.19065257839],
      [0.7208788811, 0, 0.27100971533, 0.0081114035678],
      [0.10866561244, 0, 0.37095651685, 0.52037787071]
    ],
    [
      [0.0011556031326, 0.0020359087561, 0.9363598704, 0.060448617715],
      [0.041562571016, 0.61002805924, 0.21119613893, 0.13721323081],
      [0.5532376266, 0.0075617337729, 0.42606270455, 0.013137935077],
      [0.050396984635, 0.0015725317968, 0.38614901131, 0.56188147226]
    ],
    [
      [0, 0.0039564364079, 0.94593647355, 0.050107090038],
      [0.013523090178, 0.70155896252, 0.18570434728, 0.099213600022],
      [0.44593344039, 0.01301773865, 0.52763763964, 0.01341118132],
      [0.040067843755, 0.0024948048748, 0.43756284314, 0.51987450823]
    ],
    [
      [0.0018385741219, 0, 0.91705853843, 0.081102887449],
      [0.12699364351, 0.35552199277, 0.27794362609, 0.23954073763],
      [0.75077309058, 0.0022692101182, 0.23627191856, 0.010685780748],
      [0.096309018349, 0, 0.28993540093, 0.61375558073]
    ],
    [
      [0.0017315983032, 0.0018697830572, 0.90485823567, 0.091540382974],
      [0.066999362611, 0.5130795906, 0.19649571612, 0.22342533067],
      [0.6820314661, 0.0044964301928, 0.29743496142, 0.016037142287],
      [0.059730802411, 0.00091273611596, 0.26277704129, 0.67657942018]
    ],
    [
      [0.0006313248019, 0.0081656012508, 0.91674419054, 0.074458883405],
      [0.022544805332, 0.74142253459, 0.12935140632, 0.10668125376],
      [0.4985139046, 0.017158872666, 0.46631991412, 0.018007308612],
      [0.038893007304, 0.0028669775396, 0.3343622388, 0.62387777635]
    ],
    [
      [0.0020895874458, 0.0065492441332, 0.93847998517, 0.05288118325],
      [0.050283934731, 0.72308053774, 0.14428601483, 0.082349512694],
      [0.66212701914, 0.010790615814, 0.31842183565, 0.0086605293999],
      [0.093965610834, 0.0031419021912, 0.39879887157, 0.5040936154]
    ],
    [
      [0, 0.006300309316, 0.95766692403, 0.036032766654],
      [0, 0.83832877675, 0.11113991054, 0.050531312714],
      [0, 0.14019935131, 0.80492377752, 0.054876871169],
      [0, 0.018966480259, 0.50539081834, 0.4756427014]
    ],
    [
      [0.0008312284237, 0.0058544164745, 0.8866264703, 0.1066878848],
      [0.021138332719, 0.72003934367, 0.13452028787, 0.12430203574],
      [0.55192864274, 0.015848780525, 0.40838689431, 0.023835682425],
      [0.038740574649, 0.0023134023406, 0.25618358168, 0.70276244133]
    ],
    [
      [0.0021181919037, 0.019802222375, 0.88578644329, 0.09229314243],
      [0.031130742515, 0.84462759282, 0.059174897606, 0.06506676706],
      [0.7349473019, 0.022126722274, 0.23083879097, 0.012087184863],
      [0.092961630338, 0.0058199496199, 0.26158110874, 0.6396373113]
    ],
    [
      [0.0019834632097, 0.0068554282795, 0.92769802654, 0.063463081972],
      [0.049285248794, 0.71096408563, 0.14107464268, 0.098676022891],
      [0.66202396946, 0.010762674457, 0.31666795469, 0.010545401392],
      [0.084443408817, 0.0028266125795, 0.35771810516, 0.55501187344]
    ],
    [
      [0, 0.0071366706116, 0.92610984117, 0.066753488215],
      [0.024899840518, 0.77702569666, 0.11447164302, 0.083602819807],
      [0.57175893601, 0.017963298329, 0.39671924933, 0.013558516334],
      [0.058072191924, 0.0037933434011, 0.36034784276, 0.57778662191]
    ],
    [
      [0.00097784105406, 0.0063910429861, 0.93285993397, 0.059771181993],
      [0.061152014169, 0.74682970882, 0.11713124786, 0.074887029152],
      [0.74595600709, 0.010174191896, 0.23666610058, 0.0072037004374],
      [0.12686190495, 0.0035879222314, 0.3595102242, 0.51003994862]
    ],
    [
      [0, 0.0089390113121, 0.93256671945, 0.058494269239],
      [0.082586868721, 0.74407300948, 0.1068677961, 0.066472325706],
      [0.81861411418, 0.0078456928622, 0.16854789282, 0.0049923001358],
      [0.18363791362, 0.003681994095, 0.3414174539, 0.47126263839]
    ],
    [
      [0.0014791084221, 0.0078830940743, 0.92740598926, 0.063231808246],
      [0.06888073274, 0.75377439197, 0.10568739061, 0.071657484677],
      [0.78537315694, 0.0094817706145, 0.198734539, 0.0064105334456],
      [0.14897390024, 0.0037435240411, 0.33813229751, 0.50915027821]
    ],
    [
      [0.0026236038018, 0.0064186857677, 0.91475960802, 0.076198102409],
      [0.049663081812, 0.75925908978, 0.10309007686, 0.08798775154],
      [0.72890730626, 0.012313926143, 0.24868954734, 0.01008922026],
      [0.10045582786, 0.0035502481906, 0.30896848723, 0.58702543672]
    ],
    [
      [0.0027610766867, 0.011223336673, 0.9164314367, 0.069584149939],
      [0.065943922482, 0.78441056934, 0.085406875422, 0.064238632751],
      [0.81226957917, 0.01053232142, 0.17108867596, 0.0061094234416],
      [0.16244756607, 0.0044425028838, 0.31133790378, 0.52177202726]
    ],
    [
      [0.00011024182683, 0.010516200982, 0.9509925541, 0.038381003093],
      [0.021860139321, 0.83674126332, 0.097382873715, 0.044015723648],
      [0.56382679572, 0.021901504495, 0.4055742459, 0.0086974538845],
      [0.069365921366, 0.0057464280993, 0.46095432546, 0.46393332507]
    ],
    [
      [0.0018522400658, 0.0086440659956, 0.91111467901, 0.078389014928],
      [0.042686962619, 0.77499036969, 0.096481589931, 0.085841077762],
      [0.70516091941, 0.01467734485, 0.26873981757, 0.011421918167],
      [0.091338994105, 0.0038732335456, 0.30495706228, 0.59983071007]
    ],
    [
      [0.0018149336551, 0.0078577530413, 0.91887205183, 0.071455261474],
      [0.043653629354, 0.77262569833, 0.10259927507, 0.081121397245],
      [0.69910862017, 0.014124200094, 0.27633421054, 0.010432969197],
      [0.094444461772, 0.0038976368554, 0.32801739286, 0.57364050851]
    ],
    [
      [0, 4.5394839264e-05, 0.88886180791, 0.11109279725],
      [6.1901836601e-17, 0.99959144645, 0.00024372877224, 0.00016482478114],
      [0.82076429807, 0.01002922587, 0.16009794401, 0.0091085320526],
      [0.074492153167, 0.0035382526024, 0.28099691755, 0.64097267668]
    ]
  ],
  "expected_outcome": [
    [
      [0.29327189858, 0.1190903719, 0.04827615225, 0.43883215409, 0.27957801865, 0.78867239973, 0, 0, 0, 0.36762382805, 1.4679821178, 0.26948708766, 0, 0.093617499658, 0, 2.0334595328, 1.8011167066, 2.6273180407, 1.7983285763, 0.097886222356, 0, 0.0018451201802, 0, 0, 0, 0.0050071111528, 0, 0, 0, 0, 4.6298352717e-10, 0, 0.28081909129, 0.43556559184, 0.64362403186, 0.080040802843, 0.54331518115, 0.34823524395, 0.28046596172, 0, 0, 0.29382323685, 0.66412180188, 0.31316844892, 0, 0.63246949794, 0.30302970307, 0.080178249842, 0.88389548955, 0, 0.15959585735, 0.70959428773, 0.74181524043, 0, 0.25717219722, 0, 0.49550132142, 0.66377176187, 0.55773749071, 0.016095306717, 3.6081636482, 2.2958910737, 0],
      [0.10729019376, 0, 0.14697087707, 0.76400419224, 0.75626046084, 0.30661031593, 0.53320974312, 0.22191651473, 0.77980264037, 0.27123416976, 6.7448850158, 0, 0.059180491801, 0, 0.10110975391, 11.5664121357, 7.034753881, 21.2821564337, 8.3881562387, 0.12831736953, 0.14235142544, 0, 0.18226811883, 0.0040835650464, 1.1734845277, 0, 0, 0.00063660082556, 0.2070047325, 0.10926308483, 0, 0, 0.055644731378, 1.433586251, 2.2493919373, 0.24219298658, 1.9935085513, 1.7164429157, 2.1554960538, 0, 0.61627299684, 0.4902024358, 0, 0.55173127291, 1.5153151442, 0, 0.32721203501, 1.0370313589, 2.7703302683, 0.27091330059, 1.1240479631, 6.6337444956, 2.5639301765, 1.5129741697, 1.6808443053, 3.0035078009, 2.6408365149, 1.6239274992, 2.2671140079, 1.5353653434, 16.8386405595, 9.9400575973, 0.00040855355337],
      [22.5575875416, 35.9172769408, 23.2992163581, 267.6438451749, 68.7601947352, 27.9380966786, 39.5935558988, 49.3940541234, 72.9203264545, 91.0667716151, 536.890138338, 14.6447943653, 5.9408195082, 4.9107896329, 7.2720907619, 986.6009285566, 1118.5209693294, 1816.6949707281, 1000.2563018467, 12.4748364407, 30.1558216366, 7.9981548798, 25.0240412658, 11.995916435, 57.090967608, 16.4997546522, 6, 9.9993633992, 12.2749127658, 9.8907369152, 13.9999999995, 7.598078806, 16.8184374525, 234.0001512887, 371.5199425379, 54.0325601706, 167.2146117288, 243.7952265146, 245.8748037198, 8.8599231696, 229.9322097478, 178.8371941972, 540.8417484242, 253.7535248774, 362.2936693712, 315.4681372196, 158.3501912415, 116.4265121989, 396.9770337272, 41.1796777333, 170.2322822974, 296.7384585026, 346.9590619255, 196.3352863288, 245.3421626334, 313.3424177348, 310.6810064013, 231.4341808294, 185.1191502136, 138.8449128983, 1774.8513947124, 1162.3731455642, 7.9997562712],
      [1.041850366, 1.9636326873, 2.5055366126, 19.1533184787, 4.2039667853, 1.9666206057, 3.8732343581, 5.3840293619, 8.2998709052, 6.294370387, 38.8969945284, 1.085718547, 0, 0.99559286745, 0.62679948419, 41.7991997749, 81.643160083, 104.3955547974, 45.5572133383, 1.2989599675, 2.701826938, 0, 2.7936906153, 0, 8.7355478642, 2.4952382367, 0, 0, 0.51808250167, 0, 0, 0.40192119397, 0.84509872481, 16.1306968684, 23.5870414929, 5.6452060399, 9.2485645388, 19.1400953258, 16.6892342647, 1.1400768304, 14.4515172554, 7.3787801301, 33.4941297739, 16.3815754008, 19.1910154846, 27.8993932825, 16.0195670205, 9.4562781924, 22.3687405149, 1.5494089661, 20.4840738822, 30.918202714, 23.7351926575, 14.1517395016, 15.7198208641, 19.6540744643, 21.1826557624, 19.2781199095, 14.0559982877, 5.6036264515, 152.7018010799, 90.3909057648, 0.99983517522]
    ],
    [
      [0.58629270689, 0.47171797921, 1.9176600912, 0.95171596356, 0.46178975655, 0.21742487698, 0.17017233467, 0, 0.4321655653, 2.768476383, 12.6399704196, 0.6420216198, 1.0214203205, 0, 0, 11.8675149235, 2.8236691055, 38.6029582594, 22.366217621, 0.045081016858, 3.0715754269, 0.19844612046, 1.0521111959, 0.00024937783394, 0.032482676161, 0.072536060432, 0, 6.1170729081e-18, 0, 0.016475765833, 0, 0, 0.040903141269, 3.7467585183, 5.1388964311, 0.52396026905, 3.5574660768, 5.0306641705, 6.2047436842, 0, 2.9808234768, 0.78072168141, 3.7975497172, 0.70656370728, 0.48683124642, 1.7779110091, 0.6029942635, 1.2625090986, 14.8337607457, 0, 4.1219748802, 6.1327562755, 11.4834629689, 3.9341748018, 13.5757471455, 12.3880303082, 9.8499447819, 9.0883439716, 10.2872519072, 0.93998599079, 23.9046990665, 18.7274069928, 6.1901836601e-17],
      [5.8682339641, 8.9497058785, 20.8124417634, 10.0551438565, 12.0433962723, 1.6930073129, 12.3534973779, 8.416285758, 38.0957773128, 43.5901380236, 242.1645971193, 5.9975915499, 0.93720474355, 0, 4.7371859829, 239.617194488, 42.8768741652, 843.3195803136, 324.3377303329, 2.8465094769, 13.8288894634, 3.9777300592, 1.8172016926, 0.99590002031, 3.6738153345, 0, 0, 0.99936339917, 4.6457235468, 4.7700214798, 0, 0, 0.94345137941, 74.163245193, 93.1725490652, 17.7132590957, 68.5925637219, 44.9652012962, 63.5413278093, 0, 10.3112111956, 11.4448164399, 10, 10.3704770071, 25.2561226506, 4.9773078988, 4.6177163154, 41.5196619368, 213.3087586341, 14.2515892047, 140.4076720154, 166.3916357853, 165.6546319522, 122.7700600719, 165.7961953578, 111.6109514214, 107.7897380519, 138.9444134306, 122.3680488177, 35.9798743226, 433.9946070255, 331.4564245832, 0.99959144645],
      [2.4003009571, 1.0315247575, 3.5059566187, 2.8965276449, 0.92006414486, 0.056341546022, 0.72082745396, 1.6919948344, 3.8412091296, 8.0481730038, 24.3232688691, 1.7721663967, 0.041374935931, 0, 0.12479047238, 27.2943714134, 7.6489209252, 97.5237529, 48.9278885864, 0.056463681325, 2.6917217867, 0.8238238203, 0.92717244442, 0.003850601856, 0.098614139547, 0.43287712192, 0, 0.00063660082556, 0.30537462021, 0.2135027544, 0, 0, 0.01158366287, 11.2920836492, 16.2959781147, 2.2289801096, 6.8446915587, 10.4359871464, 8.526120308, 0, 4.7224731785, 5.3885799762, 9.6735255094, 3.5903343618, 6.6853565022, 3.8912107653, 1.7684614451, 7.2436787541, 42.5643743754, 1.8893784792, 26.2314561355, 11.6574548283, 32.8703917451, 18.0865195967, 26.0031370249, 16.0301694145, 15.1132968575, 18.865484066, 13.3234725659, 4.1874635697, 54.0296903611, 44.0150890058, 0.00024372877224],
      [1.1451723719, 0.5470513848, 3.7639415268, 2.096612535, 0.5747498263, 0.033226264118, 0.7555028335, 1.8917194076, 4.6308479923, 5.5932125896, 17.872163592, 1.5882204336, 0, 0, 0.13802354475, 13.220919175, 5.650535804, 58.553708527, 24.3681634597, 0.051945824917, 2.407813323, 0, 1.2035146671, 0, 0.19508784982, 1.4945868176, 0, 0, 0.048901832976, 0, 0, 0, 0.0040618164473, 7.7979126394, 10.392576389, 2.5338005257, 4.0052786427, 8.568147387, 5.7278081984, 0, 2.9854921491, 2.3858819025, 5.5289247734, 2.3326249238, 3.5716896008, 3.3535703268, 2.010827976, 5.9741502105, 24.2931062448, 0.85903231615, 24.2388969689, 12.8181531109, 22.9915133337, 13.2092455296, 16.6249204718, 9.9708488559, 10.2470203088, 16.1017585318, 10.0212267092, 1.8926761169, 48.0710035468, 34.8010794183, 0.00016482478114]
    ],
    [
      [1.2742694507, 3.0803417923, 3.9496973663, 13.9005271986, 5.3123438387, 1.9939027233, 2.7221926733, 0, 2.3061219095, 5.3830699575, 37.6725685686, 0, 0.99999811776, 2.9063825003, 1, 51.4940291925, 44.4481220112, 143.3556679999, 109.0301558615, 2.7385880821, 7.3294888453, 0.79970875936, 1.9478888041, 0.99975062217, 2.7961283091, 0.92245682842, 0, 0, 0, 1.9835242342, 0.99999999954, 0, 0.99988962289, 13.0759104456, 23.7182207444, 1.2394960178, 11.9586109298, 26.43306093, 17.7582244812, 0.984437357, 16.7459669828, 3.330201574, 21.626366433, 4.4259010128, 5.3512012847, 7.5077309058, 6.1382831949, 12.4628476151, 44.3625102822, 0, 13.2462874258, 24.2532609626, 39.7214381674, 19.4398038243, 28.3463282694, 29.4701081105, 38.48328469, 21.1383118815, 24.3680873752, 7.8935751401, 65.5799655055, 53.1322551326, 0],
      [0.009043308326, 0.038516426597, 0.038417748888, 0.14288432304, 0.10790755308, 0.00038237119465, 0.10192743051, 0.30818319717, 0.098439498226, 0.086375758209, 0.8138450203, 0, 1.014277996e-07, 0, 0.079618594628, 1.1789224381, 0.74582347664, 3.6099912196, 1.8076598415, 0.020677979082, 0.01854401873, 0.022269940756, 0.00053018860984, 1.6414643543e-05, 0.1247048859, 0, 0, 0, 0, 0.12071543541, 7.3493437258e-14, 0, 4.7027269611e-06, 0.27962406214, 0.47406356178, 0.033256096092, 0.24312133409, 0.25393831682, 0.19313220687, 0, 0.055858255573, 0.046332574716, 0, 0.060493870183, 0.15621286381, 0.022692101182, 0.040467871735, 0.42897181665, 0.72297125952, 0.42059805394, 0.38037073259, 0.73018183506, 0.64576046741, 0.61075214318, 0.38661929204, 0.28244494304, 0.46460676011, 0.35710385814, 0.31596964261, 0.30662106292, 1.364993071, 1.0734392071, 0],
      [0.70095193445, 0.8601058064, 0.96013596924, 6.7251946606, 1.534300128, 0.0055617753574, 1.125367709, 1.6186649399, 1.5068609382, 2.4499989261, 12.0899228632, 0, 1.7808122179e-06, 0.089210367113, 0.81331759653, 19.867563507, 20.0969753182, 61.2770850974, 40.2063603114, 0.23148885662, 0.62815378424, 1.1780212999, 0.048786289744, 0.00023296319039, 0.98725349456, 0.067368225923, 0, 0, 0, 1.8957603304, 4.6291002102e-10, 0, 0.00010325178485, 6.4332293912, 12.4305289147, 0.69068781458, 3.6954115283, 8.9634530575, 3.9231829029, 0.0059312102002, 4.0759084679, 3.5490814682, 8.1302914599, 3.4085016364, 6.3316516757, 2.3627191856, 2.6769146528, 11.657997853, 21.3342629885, 2.4147713326, 9.8012854634, 7.6176801019, 19.0000772817, 13.4884544771, 8.993311822, 6.0677241416, 9.737992411, 7.2119968728, 5.1326602789, 5.6780394426, 24.9928030339, 21.0014000013, 0],
      [0.015735306543, 0.02103597471, 0.051748915564, 0.23139381774, 0.045448480178, 0.00015313016003, 0.050512187199, 0.073151862924, 0.088577654099, 0.080555358177, 0.42366354798, 0, 0, 0.0044071325457, 0.10706380884, 0.45948486235, 0.70907919393, 1.7572556831, 0.95582398556, 0.0092450822293, 0.023813351761, 0, 0.0027947175869, 0, 0.091913310425, 0.010174945662, 0, 0, 0, 0, 0, 0, 2.4225954148e-06, 0.21123610109, 0.37718677907, 0.036560071515, 0.10285620775, 0.34954769564, 0.12546040896, 0.0096314328043, 0.12226629364, 0.074384383041, 0.24334210704, 0.10510348062, 0.16093417583, 0.10685780748, 0.14433428058, 0.4501827153, 0.5802554698, 0.16463061351, 0.57205637821, 0.39887710047, 0.63272408351, 0.46098955537, 0.27374061662, 0.17972280489, 0.31411613884, 0.29258738755, 0.18328270325, 0.12176435438, 1.0622383895, 0.79290565899, 0]
    ],
    [
      [0.84616594384, 0.3288498566, 0.084366390286, 1.7089246837, 1.9462883861, 0, 0.10763499206, 0, 0.26171252519, 1.4808298314, 6.219478894, 0.08849129254, 0.97858156172, 0, 0, 13.6049963512, 9.9270921767, 15.4140556999, 13.8052979411, 0.11844467871, 1.5989357278, 0, 0, 0, 0.17138901472, 0, 0, 0, 2, 0, 0, 1.5241237541e-18, 0.67838814455, 2.7417654442, 2.4992587926, 0.15650291029, 3.9406078123, 3.1880396556, 4.7565658729, 0.015562643005, 2.2732095404, 0.59525350771, 3.9119620478, 0.55436683098, 1.1619674689, 3.0818885872, 0.95569283857, 0.19446503652, 5.9198334825, 0, 1.4721418367, 3.9043884742, 4.0532836232, 1.6260213739, 4.8207523879, 5.1418615814, 4.1712692067, 2.109572385, 1.7869232268, 2.1503435623, 18.9071717798, 12.844446801, 0],
      [0.015432533815, 0.011777694926, 0.0021696106123, 0.037967628266, 0.092435713782, 0, 0.011365448501, 0.053614530116, 0.025980548621, 0.052252048397, 0.27667284457, 0.002408450085, 0.0036146632228, 0, 0.08208566859, 0.63747093819, 0.3425484771, 0.78827203304, 0.46645358695, 0.0044951744873, 0.010215092445, 0, 0, 0, 0.027995251903, 0, 0, 0, 0.14727172068, 0, 0, 0, 0.00089918648121, 0.1235444939, 0.10399543576, 0.011291821665, 0.17080639274, 0.064417471325, 0.11004393, 0, 0.016657551988, 0.018648549632, 0, 0.017297849765, 0.072349341369, 0, 0.014603777855, 0.014334887698, 0.19793983805, 0.056899440777, 0.087909288942, 0.24443788404, 0.13567740382, 0.10621361523, 0.13634104479, 0.10309583466, 0.10481867315, 0.074555212002, 0.048867531722, 0.17813927108, 0.80175934394, 0.53007861234, 0],
      [5.3411595668, 1.1910924953, 0.23469105402, 7.7344325195, 5.785440992, 0, 0.56024893819, 1.2952861022, 1.7316034778, 6.435056455, 17.6966699298, 0.58303923804, 0.017803775059, 0, 0.78980116918, 46.2371365229, 39.7331344271, 57.5041912745, 44.6094492555, 0.23721102141, 1.5243027925, 0, 0, 0, 0.82316475786, 0, 0, 0, 1.419712614, 0, 0, 0.40192119397, 0.16987563282, 12.2745356709, 11.7535504327, 1.0477719052, 11.2452851842, 9.8053332815, 9.6758930692, 0.13414562025, 5.2694086058, 6.2251443584, 13.3544346065, 4.2476391244, 12.6893224509, 9.2779328296, 4.2044326606, 1.671811194, 25.124328909, 1.516172455, 9.7349761037, 10.9864065672, 17.1704690477, 10.0897395974, 13.6613885197, 9.5596887091, 9.4677043302, 6.4883382318, 3.4247169416, 14.2895840894, 63.1261118925, 44.6103654287, 0],
      [5.7972419556, 1.4682799532, 0.67877294508, 12.5186751685, 8.1758349082, 0, 1.3207506212, 3.6510993677, 4.9807034484, 10.0318616652, 28.8071783316, 1.3260610193, 0, 0, 2.1281131622, 49.5203961877, 64.9972249191, 76.2934809926, 49.1187992165, 0.63984912539, 2.8665463872, 0, 0, 0, 3.9774509755, 0, 0, 0, 1.4330156654, 0, 0, 0.59807880603, 0.15083703614, 18.860154391, 16.643195339, 2.7844333629, 14.6433006108, 17.9422095915, 14.4574971279, 0.85029173675, 7.4407243019, 6.1609535843, 18.7336033457, 6.1806961948, 15.0763607388, 19.6401785832, 10.825270723, 3.1193888818, 31.7578977705, 1.4269281042, 26.7049727707, 26.8647670746, 26.6405699252, 16.1780254135, 19.3815180475, 13.1953538749, 14.2562077899, 12.3275341711, 5.7394922998, 14.3819330772, 124.1649569837, 78.015109158, 0]
    ]
  ],
  "prob": [
    [0.0016513564133, 0.0076439107244, 0.92701573829, 0.063688994572],
    [0.04602303751, 0.76866811813, 0.10935732636, 0.075951518004],
    [0.69600341207, 0.013507836052, 0.28115453242, 0.0093342194538],
    [0.10078158851, 0.0039529030017, 0.35339424519, 0.54187126329]
  ],
  "iterations": 111,
  "time": 3.490627,
  "message": "Converged",
  "status": 0,
  "miniter": 0,
  "maxiter": 1000,
  "maxtime": 3600,
  "param_threshold": 0.001,
  "ll_threshold": "-Inf",
  "initial_prob": "random",
  "adjust_prob_cond_method": "lp",
  "adjust_prob_cond_every": true,
  "candidates_id": ["FLESHER, William.c", "BAKSHI, Kanwaljit Singh.c", "SALESA, Jennifer Teresia.c", "Other candidates votes.c"],
  "group_id": ["Labour Party.p", "National Party.p", "New Zealand First Party.p", "Other parties votes.p"]
}
