{
  "X": [
    [2, 15, 21, 126, 10],
    [8, 35, 31, 175, 12],
    [18, 56, 31, 306, 11],
    [8, 11, 9, 69, 2],
    [62, 61, 101, 241, 10],
    [106, 250, 288, 940, 91],
    [28, 72, 103, 633, 22],
    [6, 5, 20, 54, 3],
    [0, 3, 2, 8, 0],
    [5, 5, 36, 80, 11],
    [12, 24, 33, 148, 8],
    [20, 52, 83, 506, 33],
    [11, 21, 106, 98, 13],
    [63, 108, 74, 599, 22],
    [1, 2, 2, 6, 0],
    [3, 6, 13, 56, 3],
    [9, 17, 16, 178, 6],
    [4, 30, 77, 156, 11],
    [14, 39, 77, 263, 21],
    [3, 3, 22, 26, 1],
    [31, 64, 112, 495, 41],
    [25, 30, 86, 320, 24],
    [40, 74, 67, 368, 33],
    [2, 14, 14, 164, 11],
    [14, 37, 81, 156, 18],
    [3, 3, 7, 13, 1],
    [0, 0, 3, 4, 2],
    [51, 107, 136, 596, 46],
    [14, 27, 47, 261, 14],
    [2, 5, 12, 26, 4],
    [17, 42, 84, 325, 16],
    [1, 1, 2, 4, 2],
    [8, 6, 67, 78, 22],
    [10, 14, 34, 167, 12],
    [8, 30, 44, 191, 15],
    [0, 1, 1, 13, 2],
    [8, 14, 24, 110, 6],
    [25, 56, 117, 567, 31],
    [11, 43, 32, 328, 17],
    [46, 116, 339, 1297, 84],
    [103, 144, 484, 1294, 132],
    [32, 28, 226, 245, 64],
    [46, 129, 190, 877, 47],
    [46, 55, 250, 718, 87],
    [21, 23, 34, 192, 15],
    [16, 49, 81, 393, 21],
    [20, 49, 70, 407, 25],
    [0, 3, 3, 23, 3],
    [1, 2, 1, 10, 1],
    [26, 50, 163, 375, 46],
    [28, 37, 112, 289, 38],
    [13, 37, 44, 206, 11],
    [36, 83, 251, 659, 71],
    [38, 64, 170, 495, 58],
    [76, 132, 371, 899, 105],
    [35, 129, 78, 634, 28],
    [0, 0, 2, 4, 1],
    [0, 3, 36, 91, 11],
    [106, 278, 487, 2284, 152],
    [25, 27, 79, 193, 26],
    [140, 222, 440, 1261, 115],
    [18, 25, 36, 220, 8]
  ],
  "W": [
    [22, 4, 24, 109, 10, 5],
    [34, 9, 33, 171, 10, 4],
    [57, 17, 36, 292, 10, 10],
    [19, 8, 7, 61, 3, 1],
    [58, 25, 125, 221, 21, 25],
    [133, 88, 310, 1016, 77, 51],
    [85, 19, 112, 597, 29, 16],
    [2, 5, 20, 59, 0, 2],
    [1, 0, 2, 10, 0, 0],
    [0, 5, 35, 86, 3, 8],
    [20, 12, 33, 149, 10, 1],
    [53, 18, 93, 472, 35, 23],
    [11, 9, 102, 115, 3, 9],
    [93, 51, 71, 598, 26, 27],
    [0, 1, 2, 8, 0, 0],
    [9, 2, 13, 54, 0, 3],
    [15, 8, 16, 174, 5, 8],
    [11, 2, 76, 180, 2, 7],
    [29, 15, 75, 270, 9, 16],
    [3, 1, 21, 26, 3, 1],
    [91, 26, 130, 432, 40, 24],
    [33, 17, 101, 298, 20, 16],
    [70, 39, 80, 349, 22, 22],
    [34, 3, 15, 139, 7, 7],
    [38, 11, 87, 142, 16, 12],
    [3, 1, 8, 12, 0, 3],
    [0, 0, 3, 4, 1, 1],
    [71, 43, 148, 598, 47, 29],
    [39, 13, 48, 243, 9, 11],
    [2, 1, 12, 29, 2, 3],
    [31, 9, 74, 343, 11, 16],
    [0, 0, 2, 7, 1, 0],
    [13, 7, 56, 71, 21, 13],
    [25, 8, 45, 144, 12, 3],
    [30, 11, 47, 170, 14, 16],
    [2, 0, 1, 12, 1, 1],
    [19, 4, 26, 102, 6, 5],
    [66, 18, 127, 527, 38, 20],
    [54, 9, 38, 300, 11, 19],
    [147, 35, 391, 1170, 66, 73],
    [165, 82, 536, 1151, 113, 110],
    [25, 11, 253, 217, 37, 52],
    [111, 23, 215, 840, 45, 55],
    [87, 33, 269, 631, 72, 64],
    [27, 15, 40, 178, 12, 13],
    [47, 13, 96, 368, 21, 15],
    [56, 13, 85, 374, 22, 21],
    [2, 1, 4, 22, 1, 2],
    [1, 0, 3, 7, 1, 3],
    [59, 17, 173, 331, 38, 42],
    [33, 17, 124, 277, 30, 23],
    [47, 14, 52, 173, 17, 8],
    [71, 19, 286, 604, 66, 54],
    [64, 23, 198, 448, 45, 47],
    [128, 43, 431, 814, 105, 62],
    [78, 38, 83, 658, 25, 22],
    [0, 0, 3, 3, 0, 1],
    [1, 3, 43, 85, 6, 3],
    [245, 107, 533, 2176, 156, 90],
    [23, 16, 96, 183, 19, 13],
    [135, 88, 481, 1280, 65, 129],
    [11, 17, 39, 230, 6, 4]
  ],
  "method": "mult",
  "cond_prob": [
    [
      [0, 0.20525080608, 0, 0.79473351376, 1.5680155305e-05],
      [0.49358595487, 0.37948830325, 0.021401740806, 0.095983300151, 0.0095407009261],
      [0, 0.037664412328, 0.82833902782, 0.066563611462, 0.067432948393],
      [0, 0.068945970966, 0, 0.9288033692, 0.0022506598361],
      [0, 0.0070027170774, 0.038608437803, 0.43273637519, 0.52165246993],
      [0.0051312361062, 0.095489030249, 0.12963439823, 0.19349436541, 0.57625097001]
    ],
    [
      [0.0063904616392, 0.2922877859, 0.0030108987287, 0.69707003165, 0.0012408220773],
      [0.62337784254, 0.30884342904, 0.01354186042, 0.04772469531, 0.0065121726961],
      [0.026664897011, 0.0010088775536, 0.84955961039, 0.049388044369, 0.073378570678],
      [0.0022909150157, 0.1299082605, 0.010908635555, 0.84793367984, 0.0089585090949],
      [0.015327981584, 0.0017097102529, 0.041055783394, 0.36738022677, 0.574526298],
      [0.18683895914, 0.0044804528913, 0.11608776068, 0.14245742042, 0.55013540687]
    ],
    [
      [0.0080816848834, 0.27113232608, 0, 0.72078598904, 0],
      [0.67833505118, 0.26199144181, 0.010089120379, 0.04590220216, 0.0036821844712],
      [0.071339836442, 0.0017396441178, 0.81100234365, 0.060917994377, 0.055000181413],
      [0.0017546097973, 0.12313924373, 0, 0.87510614647, 0],
      [0.023287350447, 0.0021471544307, 0.043407499773, 0.4661647684, 0.46499322695],
      [0.26941944143, 0.005084500055, 0.11983255844, 0.17491709371, 0.43074640636]
    ],
    [
      [0.013056323929, 0.2159675099, 0.010553137258, 0.76042302891, 0],
      [0.7735920351, 0.17325739837, 0.017296755587, 0.035853810945, 0],
      [0.033718753535, 0.00050858258799, 0.90285525669, 0.034540592853, 0.028376814335],
      [0.015696778735, 0.090158707271, 0.032640498269, 0.86150401572, 0],
      [0.026898476803, 0.001372898152, 0.063403419063, 0.43989886615, 0.46842633983],
      [0.28896335657, 0.0031982088448, 0.15984889898, 0.15190625545, 0.39608328016]
    ],
    [
      [0.020083408061, 0.3256911918, 0, 0.65422540014, 0],
      [0.78879765323, 0.18627492274, 0.0025620983063, 0.022297628242, 6.7697479826e-05],
      [0.16531405424, 0.009217792222, 0.77418389542, 0.045008149904, 0.0062761082132],
      [0.023369748128, 0.16294230372, 0, 0.81368794815, 0],
      [0.071327537905, 0.0047862612853, 0.059012230315, 0.61847429194, 0.24639967855],
      [0.55153486356, 0.0076021267985, 0.11694815114, 0.16233882703, 0.16157603147]
    ],
    [
      [0.010802471314, 0.35740199214, 0.0028430742673, 0.62842023455, 0.00053222772851],
      [0.64416916973, 0.30695632696, 0.011099262588, 0.03336376368, 0.0044114770461],
      [0.042497752468, 0.0021924419079, 0.85095053883, 0.041031290901, 0.063327975898],
      [0.018789632251, 0.17150973834, 0.012801144481, 0.79091480266, 0.0059846822676],
      [0.025659162997, 0.0027309774423, 0.04733444946, 0.3915739869, 0.53270142321],
      [0.26737370975, 0.0060694484013, 0.12156379563, 0.1381129593, 0.46688008692]
    ],
    [
      [0.0091635463001, 0.20152629084, 0.0018799645916, 0.78743019827, 0],
      [0.74643183403, 0.18975007733, 0.012045992317, 0.048585851314, 0.0031862450153],
      [0.041681425535, 0.00099106387825, 0.85953094954, 0.058729719627, 0.039066841419],
      [0.0045863540832, 0.0855105176, 0.0044106991955, 0.90549242912, 0],
      [0.026924795694, 0.0015644689794, 0.05161737698, 0.51604347829, 0.40384988006],
      [0.3032313497, 0.0036791279779, 0.13836071594, 0.18895826988, 0.3657705365]
    ],
    [
      [0.011197060796, 0.17218890651, 0.0036700729548, 0.81251572063, 0.0004282391081],
      [0.80977962839, 0.13279714014, 0.014968916451, 0.036859678934, 0.0055946360839],
      [0.03733829954, 0, 0.86308109983, 0.031586626389, 0.067993974242],
      [0.012210131813, 0.067592956751, 0.041408617912, 0.86984351897, 0.0089447745584],
      [0.019720910766, 0.00079620971935, 0.039260133301, 0.33147089447, 0.60875185175],
      [0.23077198433, 0.0018260189999, 0.10654240922, 0.11908500866, 0.54177457879]
    ],
    [
      [0, 0.50669817935, 0.0015775880068, 0.49172423264, 0],
      [-0, 0.92652053673, 0.019155892578, 0.054323570694, 0],
      [0, 0.0017478494204, 0.97404948169, 0.024202668887, 0],
      [0, 0.24898061218, 0.0050323448607, 0.74598704296, 0],
      [0, 0.0087735963265, 0.12060826907, 0.8706181346, -0],
      [-0, 0.031350973487, 0.50637437289, 0.46227465362, -0]
    ],
    [
      [0.0065882177105, 0.13667337515, 0.0026176505017, 0.85381553854, 0.00030521809422],
      [0.73445207109, 0.16720434135, 0.022484300984, 0.065448338461, 0.010410948113],
      [0.0030320011447, 0.012391287613, 0.87348057689, 0.030853164919, 0.080242969429],
      [0, 0.043248943614, 0.048724314796, 0.88920287033, 0.018823871258],
      [0.011527361317, 0.00045900661539, 0.042673734979, 0.34704348094, 0.59829641615],
      [0.14837969006, 0.0011871320155, 0.1246807533, 0.13504003053, 0.59071239409]
    ],
    [
      [0.009998291429, 0.25274079482, 0.0045559799389, 0.7323896588, 0.00031527501191],
      [0.71915934375, 0.22231870163, 0.013810479752, 0.040372110367, 0.0043393644925],
      [0.035114098358, 0.00072227857731, 0.86680057688, 0.043441948926, 0.053921097263],
      [0.010180613154, 0.10895231076, 0.02352115073, 0.85331585098, 0.0040300743717],
      [0.023426669739, 0.0015745477474, 0.050351231455, 0.41401448137, 0.51063306969],
      [0.26017874314, 0.0038847098003, 0.13057183394, 0.14995057522, 0.45541413789]
    ],
    [
      [0.0061674395186, 0.19113550665, 0.001157780821, 0.80153927301, 0],
      [0.68701279868, 0.22980633422, 0.014400602835, 0.063428669663, 0.0053515946012],
      [0.019160986129, 0.018354977453, 0.84079152327, 0.064217061248, 0.057475451899],
      [0, 0.07606606049, 0, 0.92285676749, 0.0010771720211],
      [0.016993399994, 0.0012853467564, 0.043487240401, 0.47051498324, 0.46771902961],
      [0.21435454867, 0.0033966756832, 0.1288592038, 0.18904770054, 0.46434187131]
    ],
    [
      [0.0077267729415, 0.32165716346, 0.0089375827404, 0.66109992082, 0.00057856003358],
      [0.63217235794, 0.30539379602, 0.020441824032, 0.036541772486, 0.0054502495314],
      [0.00422391297, 0, 0.93754931251, 0, 0.058226774524],
      [0.024509309541, 0.12758067543, 0.074279624648, 0.76615023595, 0.0074801544333],
      [0.018792407828, 0.0017639000929, 0.056889043488, 0.3704768044, 0.55207784419],
      [0.21329637029, 0.0040175181654, 0.15276181478, 0.13114637454, 0.49877792222]
    ],
    [
      [0.012366268571, 0.26607361117, 0.0027978475346, 0.71876227273, 0],
      [0.72994874018, 0.21889664606, 0.011350579795, 0.037373989312, 0.0024300446488],
      [0.050969642386, 0.0014118351394, 0.86726967877, 0.049420871586, 0.030927972114],
      [0.018325327444, 0.12006610042, 0.010400441792, 0.85120813034, 0],
      [0.033080112389, 0.0022682250026, 0.057534407388, 0.50363098327, 0.40348627196],
      [0.3401880715, 0.0049141857427, 0.14331165308, 0.17123280701, 0.34035328267]
    ],
    [
      [0.00812642493, 0.44667204967, 0.001786468535, 0.54341505686, 0],
      [0.91212549491, 0.08467107844, 0.002655484957, 0.0005479416931, 0],
      [0.02278716185, 0.010012173973, 0.95345722803, 0.013743436147, 0],
      [0.0052875226736, 0.2369130717, 0.011303757373, 0.74649564825, 0],
      [0.057453064486, 0.0064260331549, 0.11164869926, 0.8244722031, -0],
      [0.59495477077, 0.010060239981, 0.2052995464, 0.18968544286, -0]
    ],
    [
      [0.0091589728931, 0.18706078921, 0.0056736599281, 0.79711397017, 0.00099260779904],
      [0.78795163132, 0.15276688056, 0.012588880985, 0.041342483012, 0.0053501241228],
      [0.030618709638, 1.4965289134e-05, 0.85974099808, 0.042535998474, 0.06708932852],
      [0.0057622012192, 0.074156790172, 0.026383408572, 0.88537297806, 0.008324621981],
      [0.016883300357, 0.00090846518569, 0.038356209842, 0.34137093772, 0.60248108689],
      [0.21082129673, 0.0020859726659, 0.10747408693, 0.12672683574, 0.55289180794]
    ],
    [
      [0.0079309729021, 0.17838863759, 0.0019318530029, 0.81174853651, 0],
      [0.74964141606, 0.18000300337, 0.012957131406, 0.053731572568, 0.0036668765965],
      [0.039631245169, 0.0014673929584, 0.86469338388, 0.057798900683, 0.03640907731],
      [0, 0.07373096573, 0.0040188006786, 0.92225023359, 0],
      [0.022354361892, 0.001268455619, 0.048685409884, 0.49685635536, 0.43083541724],
      [0.26725404323, 0.0031422258548, 0.13619658052, 0.1891643174, 0.40424283301]
    ],
    [
      [0.004845438185, 0.32588036277, 0.0046334152822, 0.66425585429, 0.00038492947206],
      [0.53391586723, 0.39036268049, 0.017499939067, 0.051616807263, 0.0066047059555],
      [0.016362825497, 0, 0.8901513604, 0.030315115224, 0.063170698883],
      [0.0031294883062, 0.14219062975, 0.04530869498, 0.8028852944, 0.0064858925617],
      [0.011919224511, 0.0020226508534, 0.049406128302, 0.37128963742, 0.56536235892],
      [0.14973533766, 0.0051759987958, 0.14402168725, 0.14629585203, 0.55477112426]
    ],
    [
      [0.0058873363175, 0.24686515784, 0.0050744078063, 0.74137592058, 0.00079717745653],
      [0.63031039558, 0.28862656334, 0.018381321832, 0.05552737932, 0.0071543399279],
      [0.019250064548, 0.0018919338196, 0.87063929204, 0.042548350731, 0.065670358859],
      [0, 0.10111740969, 0.032171069109, 0.85770375837, 0.009007762834],
      [0.014308439047, 0.0013117871185, 0.047382215713, 0.38669625024, 0.55030130788],
      [0.17513003253, 0.0035068897457, 0.13540917764, 0.15098626856, 0.53496763152]
    ],
    [
      [0.014846705055, 0.22074475417, 0.0095125842489, 0.75489595653, 0],
      [0.86505742187, 0.10392172856, 0.0098616538649, 0.020692237406, 0.00046695829824],
      [0.054966230748, 0, 0.94204080712, 0, 0.0029929621288],
      [0.011246000979, 0.08561125695, 0.067336984782, 0.83580575729, 0],
      [0.051260130857, 0.0015147741799, 0.087202828592, 0.60568141592, 0.25434085046],
      [0.48993519924, 0.0034070057122, 0.16637355368, 0.16662595574, 0.17365828563]
    ],
    [
      [0.007566416919, 0.21104908001, 0, 0.78097464413, 0.00040985894428],
      [0.7071127127, 0.22164606619, 0.011987715502, 0.054096660108, 0.0051568455066],
      [0.04169510031, 0.0068722161822, 0.82468085506, 0.063479512672, 0.063272315771],
      [0, 0.087953430302, 0, 0.90800316078, 0.0040434089151],
      [0.019923964896, 0.001433943989, 0.041170162646, 0.44687890702, 0.49059302145],
      [0.23788349559, 0.0035461768708, 0.11804173886, 0.17249732646, 0.46803126222]
    ],
    [
      [0.010276412823, 0.17329965287, 0.00099209095548, 0.81511627726, 0.000315566098],
      [0.77756342559, 0.1583147202, 0.010750180176, 0.048899123053, 0.0044725509834],
      [0.052705926701, 0.00093054777392, 0.82313260144, 0.062503439168, 0.060727484913],
      [0.0039267999977, 0.071909997539, 0, 0.9201099389, 0.0040532635631],
      [0.024602918713, 0.0011523411531, 0.041581398747, 0.45396904197, 0.47869429942],
      [0.27854729822, 0.0027218623197, 0.11353045092, 0.16780548569, 0.43739490285]
    ],
    [
      [0.0093916312679, 0.27808019886, 0, 0.71126126301, 0.0012669068652],
      [0.67703235693, 0.26394859959, 0.0092497058315, 0.043843136367, 0.0059262012804],
      [0.067492130357, 0.0018744564429, 0.79485067366, 0.057558774808, 0.078223964735],
      [0.0053935682008, 0.12592987519, 0, 0.85980135859, 0.0088751980146],
      [0.020896462606, 0.0019193798975, 0.036667214032, 0.3909031548, 0.54961378866],
      [0.23622163559, 0.0044855173028, 0.1020240396, 0.14666289691, 0.51060591059]
    ],
    [
      [0, 0.1525712706, 0.0010380109577, 0.84482674197, 0.0015639764668],
      [0.5717209224, 0.28764488451, 0.023392622264, 0.10432946262, 0.012912108201],
      [0, 0.012295871888, 0.84486979514, 0.061059762859, 0.081774570115],
      [0, 0.052935155808, 0.0013552921054, 0.93641188108, 0.0092976710077],
      [0, 0.006727059588, 0.034649144349, 0.38501982603, 0.57360397004],
      [0.040691033257, 0.051446856184, 0.11293617435, 0.17008795571, 0.6248379805]
    ],
    [
      [0.007380896453, 0.32142640089, 0.0049815527989, 0.66621114986, 0],
      [0.62631005996, 0.31459711241, 0.013227238575, 0.041869045073, 0.0039965439739],
      [0.031751648109, 0.0018926294646, 0.87076803288, 0.043386502183, 0.052201187365],
      [0.0057453288981, 0.14823946834, 0.017115691948, 0.82835293208, 0.00054657873185],
      [0.021213421079, 0.0024902995659, 0.051521778776, 0.43150631943, 0.49326818115],
      [0.24270587074, 0.0058933723941, 0.13780048265, 0.15988113778, 0.45371913644]
    ],
    [
      [0.012004798142, 0.32419435567, 0, 0.66380084619, 0],
      [0.81463484718, 0.16059709038, 0.0038752103459, 0.020390834803, 0.0005020172948],
      [0.093919904795, 0.0072704620476, 0.83329980989, 0.049405945958, 0.016103877308],
      [0.0052392976574, 0.14889620448, 0, 0.84586449786, 0],
      [0.041980205491, 0.0025899687801, 0.051539085631, 0.5021847433, 0.4017059968],
      [0.44503998272, 0.0073005641598, 0.10990877017, 0.14752836154, 0.29022232141]
    ],
    [
      [6.8033686323e-17, 0, 0.0026030781829, 0.99701716156, 0.00037976026205],
      [5.5511151231e-17, 0, 0.20247635592, 0.67646044523, 0.12106319885],
      [0, 0, 0.90498908588, 0, 0.095010914124],
      [0, 0, 0.03943074033, 0.92504892919, 0.035520330478],
      [0, 0, 0.032201040761, 0.2153217236, 0.75247723564],
      [0, 0, 0.095108740289, 0.084482559633, 0.82040870008]
    ],
    [
      [0.0095121930346, 0.27973954162, 0.0020191973771, 0.70856600357, 0.00016306440289],
      [0.68340664236, 0.25866880368, 0.011415023573, 0.042385727846, 0.0041238025343],
      [0.038707121725, 0.0016300255087, 0.85043365521, 0.052316076753, 0.0569131208],
      [0.010470646683, 0.12630963521, 0.0061345781677, 0.85427309942, 0.0028120405191],
      [0.024439995167, 0.0021318773842, 0.046876678724, 0.43885563348, 0.48769581524],
      [0.26894372994, 0.0048665557278, 0.12516994333, 0.16016965054, 0.44085012045]
    ],
    [
      [0.0074669901939, 0.17905860218, 0.0036602694003, 0.80928113049, 0.0005330077394],
      [0.73288878259, 0.19033497652, 0.015255541627, 0.055871983982, 0.0056487152817],
      [0.029082140812, 0.00028619861986, 0.85834290881, 0.053218013892, 0.059070737866],
      [0.00067834184222, 0.07197470697, 0.014922689159, 0.90722323792, 0.0052010241119],
      [0.018571593396, 0.0010274574482, 0.045898999136, 0.43090272163, 0.50359922839],
      [0.22302809469, 0.0026837614286, 0.12901485194, 0.16580583127, 0.47946746066]
    ],
    [
      [0.008001291909, 0.32808193492, 0.0041675892526, 0.65895325054, 0.00079593337718],
      [0.71295744369, 0.24178742741, 0.010877070438, 0.02988288137, 0.0044951770876],
      [0.028948471067, 0, 0.87529959901, 0.028188162977, 0.067563766946],
      [0.0077293340612, 0.14095638324, 0.035809400116, 0.80333048088, 0.012174401702],
      [0.017788153857, 0.0014545689627, 0.044275113066, 0.33235260094, 0.60412956317],
      [0.2213104414, 0.0038014835999, 0.11672324448, 0.11755450482, 0.5406103257]
    ],
    [
      [0.010145854267, 0.23239616422, 0.0058621837088, 0.75132918852, 0.00026660929358],
      [0.7380750387, 0.20137915632, 0.01505380018, 0.041743583831, 0.0037484209626],
      [0.03294455068, 0, 0.88728086733, 0.036936061078, 0.042838520916],
      [0.0081554355794, 0.095950059018, 0.043312649696, 0.84878855277, 0.003793302936],
      [0.026018987956, 0.0014811965617, 0.061105259946, 0.45026185397, 0.46113270156],
      [0.28258644674, 0.0035089435613, 0.15597545101, 0.15703002423, 0.40089913445]
    ],
    [
      [0.068637906735, 0.45886818106, 0.0021112961197, 0.4698389124, 0.00054370368928],
      [1, 0, 0, 0, 0],
      [0.12824850039, 0, 0.75734847334, 0, 0.11440302628],
      [0.1012620733, 0.14285714286, 0.067123448936, 0.57030409477, 0.11845324013],
      [0.034668486127, 0, 0.015438910772, 0.007871336589, 0.94202126651],
      [0, 0, 0, 0, 1]
    ],
    [
      [0.0056044440628, 0.1461805729, 0.022042787086, 0.82448144344, 0.0016907525052],
      [0.74097838232, 0.16518601642, 0.033298802347, 0.052502686754, 0.0080341121626],
      [0, 0, 0.94289981221, 0, 0.057100187789],
      [0.0021031343625, 0.041455639962, 0.13276025735, 0.81201774323, 0.011663225093],
      [0.012193824166, 0, 0.089203431698, 0.35980059959, 0.53880214455],
      [0.17960774644, 0, 0.18297787156, 0.13116538976, 0.50624899223]
    ],
    [
      [0.0066862115494, 0.15186329572, 0, 0.84080631551, 0.00064417722386],
      [0.79100652441, 0.14235407996, 0.0088646651251, 0.052427199096, 0.0053475314023],
      [0.055444328505, 0.05463423779, 0.7390639357, 0.07461611214, 0.076241385864],
      [0, 0.045746584859, 0, 0.94850030789, 0.005753107248],
      [0.021059786847, 0.00098500820824, 0.032154065672, 0.42757323469, 0.51822790458],
      [0.25236009702, 0.0022386495246, 0.095118928143, 0.16259210676, 0.48769021855]
    ],
    [
      [0, 0.25094383318, 0.00079888431172, 0.74825728251, 0],
      [0.54173331678, 0.3638743164, 0.017102899592, 0.072314691958, 0.0049747752692],
      [0, 0.044091691251, 0.86599439667, 0.066028036345, 0.023885875737],
      [0, 0.091546210062, 0, 0.90845378994, 0],
      [0.011502710459, 0.0018447982816, 0.048092069893, 0.49000188216, 0.44855853921],
      [0.11749347306, 0.050504696809, 0.15080474708, 0.20977072283, 0.47142636022]
    ],
    [
      [0, 0.16448428015, 0, 0.8312542978, 0.0042614220456],
      [2.0816681712e-17, 0.69502570766, 0.049911125847, 0.21639625238, 0.038666914117],
      [0, 0.03844380667, 0.91163855094, 0.015152795004, 0.03476484739],
      [0, 0.052646436936, 0, 0.918500398, 0.028853165062],
      [0, 0, 0.018579406688, 0.2073402263, 0.77408036701],
      [0, 0.00083038979019, 0.069782042376, 0.092993607073, 0.83639396076]
    ],
    [
      [0.013211368335, 0.21409152021, 0.0026099154784, 0.77008719598, 0],
      [0.79817955788, 0.15385099347, 0.0094164560466, 0.03571163179, 0.0028413608217],
      [0.048329093401, 0.00096856861363, 0.85170066549, 0.051671314815, 0.047330357676],
      [0.013836228478, 0.09084453447, 0.0086266228392, 0.88541189761, 0.0012807166007],
      [0.031851399068, 0.0015038571211, 0.048220818156, 0.46413269939, 0.45429122626],
      [0.3394611285, 0.0033017399133, 0.11985760807, 0.15704656226, 0.38033296126]
    ],
    [
      [0.0078666298098, 0.1838445994, 0.0020858130162, 0.80620295778, 0],
      [0.73386434712, 0.19286781792, 0.013691378685, 0.0554343657, 0.0041420905722],
      [0.03270115379, 0.00074712656743, 0.85865758923, 0.05963475635, 0.04825937406],
      [0.0020331654261, 0.076253591767, 0.005623810976, 0.91598765323, 0.00010177859639],
      [0.022011900883, 0.0012946027496, 0.049028322091, 0.49284047119, 0.43482470309],
      [0.260513362, 0.0032456438758, 0.13697765341, 0.1882870494, 0.41097629132]
    ],
    [
      [0, 0.22513481954, 0, 0.77486518046, 0],
      [0.65371423233, 0.26679025935, 0.012535519289, 0.061563933671, 0.0053960553527],
      [0.027255446486, 0.071974253684, 0.77011393996, 0.068204478103, 0.062451881763],
      [0, 0.085370689511, 0, 0.91462931049, 0],
      [0.016147082987, 0.001565937027, 0.038609116156, 0.45945437926, 0.48422348457],
      [0.20543405419, 0.0041133479003, 0.11569212263, 0.18782333503, 0.48693714024]
    ],
    [
      [0.0050824066215, 0.17083080913, 0.00054013641899, 0.82354664783, 0],
      [0.67582154055, 0.22946995151, 0.016207703315, 0.072794791164, 0.0057060134659],
      [0.015527787514, 0.029281711696, 0.83265187908, 0.070070998159, 0.052467623552],
      [0, 0.060766901371, 0, 0.93923309863, 0],
      [0.015420775556, 0.0011799497526, 0.044323654162, 0.4890920251, 0.44998359543],
      [0.19876707127, 0.0031797560955, 0.13508334844, 0.20288035267, 0.46008947153]
    ],
    [
      [0.0071077322212, 0.1948930607, 0.0019051509696, 0.79609083803, 3.2180758002e-06],
      [0.70711808079, 0.21581858964, 0.014111699401, 0.058121049751, 0.0048305804189],
      [0.028920140497, 0.0012048086986, 0.85344576993, 0.062169552528, 0.054259728342],
      [0, 0.080787797479, 0.004571911699, 0.91311549912, 0.0015247917052],
      [0.019619515294, 0.0012826453935, 0.046539973451, 0.47201858836, 0.4605392775],
      [0.23750310022, 0.0033459031216, 0.13236609717, 0.18383786838, 0.44294703111]
    ],
    [
      [0.0089636216637, 0.22179588499, 0.002684290483, 0.76572874355, 0.00082745930938],
      [0.71757988464, 0.21569105941, 0.01304551397, 0.048155290098, 0.0055282518894],
      [0.035394211211, 0, 0.85158468772, 0.04249130277, 0.0705297983],
      [0.0074380594095, 0.091637531815, 0.010869333254, 0.88133660352, 0.0087184720041],
      [0.021175981698, 0.0011069087705, 0.044795298628, 0.41473743197, 0.51818437893],
      [0.24096586685, 0.003003869101, 0.12158451396, 0.15348933987, 0.48095641021]
    ],
    [
      [0.0085532382141, 0.25149231304, 0.00019757979595, 0.73975686895, 0],
      [0.69624054463, 0.24252647154, 0.011108248652, 0.046956473737, 0.0031682614414],
      [0.054179042009, 0.010351975552, 0.83783797208, 0.062340032014, 0.035290978343],
      [0, 0.11060200713, 0, 0.88939799287, 0],
      [0.026012709615, 0.0021706673046, 0.049329974016, 0.50953507722, 0.41295157184],
      [0.29487258304, 0.0050400662062, 0.13395574719, 0.18873616883, 0.37739543473]
    ],
    [
      [0.0068372911164, 0.14768287856, 0.0030732322806, 0.84170609803, 0.00070050001638],
      [0.73962752483, 0.17326143926, 0.016368726612, 0.064414893918, 0.0063274153833],
      [0.022820715265, 0.003402329533, 0.85478685958, 0.057110364575, 0.061879731044],
      [0, 0.055999914702, 0.012170074253, 0.92513985543, 0.0066901556171],
      [0.017037320892, 0.00065224757035, 0.045432951132, 0.4474443215, 0.48943315891],
      [0.21299981005, 0.0021223034889, 0.12975478516, 0.17662421842, 0.47849888288]
    ],
    [
      [0.012430477071, 0.19842985621, 0.00019510544635, 0.78847657944, 0.00046798183346],
      [0.77886387365, 0.16542789973, 0.0088120276789, 0.042698863542, 0.0041973353958],
      [0.075066236582, 0.0012284679471, 0.80051337774, 0.060143592359, 0.063048325375],
      [0.010009409236, 0.084576865317, 0, 0.90060316279, 0.0048105626531],
      [0.027382252958, 0.0013841699711, 0.039508729627, 0.44146510025, 0.4902597472],
      [0.29757751321, 0.0031188155678, 0.10522399021, 0.15845857902, 0.435621102]
    ],
    [
      [0.00634594545, 0.2203912523, 0, 0.77326280225, 0],
      [0.67659131042, 0.24880965354, 0.012555639885, 0.057603378178, 0.0044400179701],
      [0.031006772305, 0.038344056591, 0.8124320779, 0.067446209684, 0.05077088352],
      [0, 0.085943720893, 0, 0.91405627911, 0],
      [0.019086452526, 0.0017021428999, 0.043765828897, 0.48484823837, 0.45059733731],
      [0.23523919227, 0.004201461598, 0.12828098642, 0.19189630205, 0.44038205766]
    ],
    [
      [0.0073382733365, 0.21122779945, 0, 0.78143392721, 0],
      [0.71788991858, 0.21456705324, 0.010790105428, 0.052378781993, 0.0043741407585],
      [0.051214565214, 0.037844010891, 0.78305709537, 0.068147001136, 0.059737327387],
      [0, 0.083023139595, 0, 0.91616363398, 0.00081322642309],
      [0.021769736217, 0.0015864635631, 0.040332904567, 0.46954718974, 0.46676370591],
      [0.25830073865, 0.0037892479014, 0.11488341059, 0.18052588239, 0.44250072047]
    ],
    [
      [0, 0.23795481259, 0, 0.76107951634, 0.00096567107073],
      [0, 0.78738376989, 0.028670757305, 0.15868635501, 0.025259117794],
      [1.4745149546e-17, 0.1271659457, 0.70168784467, 0.065537420986, 0.10560878864],
      [0, 0.055709441481, 0, 0.93215350679, 0.012137051732],
      [0, 7.2785497251e-05, 0.020034744993, 0.28207933621, 0.6978131333],
      [0, 0.0011811620221, 0.07227155951, 0.13377422142, 0.79277305705]
    ],
    [
      [0, 0.36298594073, 4.9303806576e-32, 0.63701405927, 1.1102230246e-16],
      [0.81115388254, 0.17101944858, 0.0010970805065, 0.016134212815, 0.00059537555827],
      [0, 0.40856349493, 0.33333333333, 0.25810317174, 2.054325274e-33],
      [6.3441315693e-17, 0, 0, 1, 0],
      [0.018577332844, 0.010167017355, 0, 0.65277915411, 0.31847649569],
      [0.32714088905, 0.13371885237, 0, 0.31196575714, 0.22717450144]
    ],
    [
      [0.0059848491949, 0.22758463793, 0.0035885875103, 0.76284192536, 0],
      [0.66373080441, 0.25926741737, 0.015397959252, 0.056732325903, 0.004871493064],
      [0.025480642246, 0.00064770604772, 0.86707399911, 0.054889092767, 0.051908559828],
      [0, 0.096170009927, 0.014192198048, 0.88936534603, 0.00027244599776],
      [0.017966805614, 0.0014617391364, 0.049922908453, 0.46218857086, 0.46845997593],
      [0.22077572621, 0.0039306606527, 0.14114328829, 0.18068972826, 0.45346059659]
    ],
    [
      [0.010646389839, 0.22417043914, 0.0027735373468, 0.76135532283, 0.0010543108433],
      [0.74249479217, 0.19752763998, 0.011834901831, 0.042881832419, 0.0052608335975],
      [0.041772660947, 0.00020401358601, 0.84306601834, 0.046627166589, 0.068330140535],
      [0.011081094206, 0.094257429567, 0.011581396689, 0.87260389994, 0.010476179599],
      [0.024075515285, 0.0012206527711, 0.043688069999, 0.40841047189, 0.52260529005],
      [0.26324865901, 0.0031817552549, 0.11514802953, 0.14786609124, 0.47055546496]
    ],
    [
      [0, 0.25973163517, 0, 0.74026836483, 0],
      [0.64458241789, 0.28670161165, 0.010761632004, 0.055159139615, 0.0027951988392],
      [0.03000587174, 0.073922171134, 0.80639228455, 0.06998748786, 0.019692184712],
      [0, 0.09735892035, 0, 0.90264107965, 0],
      [0.020736592647, 0.0026935525967, 0.047054305175, 0.52826714294, 0.40124840664],
      [0.25787734301, 0.0057442587674, 0.13962689589, 0.20729516505, 0.38945633729]
    ],
    [
      [0.0068040015764, 0.23143097645, 0.00077889075941, 0.76098613121, 0],
      [0.66603056125, 0.25973005093, 0.013302156922, 0.056182246465, 0.004754984431],
      [0.032221402333, 0.0059088763575, 0.84161156717, 0.065277223115, 0.054980931024],
      [0, 0.098660845814, 0, 0.90117759706, 0.00016155712362],
      [0.018866415291, 0.0017902933415, 0.044795326597, 0.46916065096, 0.46538731381],
      [0.22966353237, 0.0043385339526, 0.13026959275, 0.18439564076, 0.45133270017]
    ],
    [
      [0.0081568601801, 0.22542660656, 0.00015289057377, 0.76593505013, 0.00032859255356],
      [0.70148235257, 0.23046776579, 0.011482792557, 0.051660784961, 0.0049063041201],
      [0.044749537969, 0.0079222109831, 0.81994932208, 0.064626707672, 0.062752221293],
      [0, 0.094743215067, 0, 0.90128921846, 0.0039675664686],
      [0.020941565778, 0.0016424691438, 0.041284650798, 0.44779753499, 0.48833377929],
      [0.24555506088, 0.0039248793813, 0.11741139822, 0.17164705684, 0.46146160467]
    ],
    [
      [0.0097109696989, 0.24740996835, 0.00054495402009, 0.74213849579, 0.00019561214307],
      [0.7104969928, 0.22946119402, 0.010641061566, 0.04523201589, 0.0041687357219],
      [0.047670384062, 0.0020612994059, 0.83179201194, 0.059911375693, 0.058564928899],
      [0.0048333508924, 0.10946109009, 0, 0.88272602434, 0.0029795346785],
      [0.024942653689, 0.0019734004887, 0.043559853076, 0.45153732486, 0.47798676789],
      [0.275909087, 0.0043183593939, 0.11929900837, 0.16595306464, 0.43452048061]
    ],
    [
      [0.0070795503659, 0.30556190144, 0.0016400782147, 0.68571846998, 0],
      [0.61738403134, 0.31912398871, 0.012216838843, 0.046936376104, 0.0043387650004],
      [0.031141870687, 0.001678715203, 0.85607327466, 0.054872888295, 0.056233251151],
      [0.0041696614393, 0.14090193879, 0.0034863602583, 0.85005880187, 0.0013832376381],
      [0.020037294602, 0.0023740946481, 0.04693905925, 0.44428445842, 0.48636509308],
      [0.23444804643, 0.005786302916, 0.13119321341, 0.16955110127, 0.45902133598]
    ],
    [
      [0, 0, 0.0011095360121, 0.99868011872, 0.00021034527261],
      [4.1633363423e-17, 0, 0.11199416257, 0.80072374821, 0.087282089223],
      [0, 0, 0.66468938307, 0.29210443481, 0.043206182115],
      [0, 0, 0, 1, 0],
      [0, 0, 0.0089064613833, 0.18118903207, 0.80990450655],
      [1.0755285551e-16, 0, 0.0059318507858, 0.12368669556, 0.87038145365]
    ],
    [
      [0, 0.080902580611, 0.0019191327264, 0.9167858941, 0.00039239256034],
      [7.8273815453e-17, 0.50187923937, 0.080027852217, 0.36927880828, 0.048814100133],
      [0, 0.011056647775, 0.81930631845, 0.073038551691, 0.096598482079],
      [0, 0.011008322198, 0, 0.97724132931, 0.011750348488],
      [0, 0, 0.031060240214, 0.37227163292, 0.59666812687],
      [0, 0.00077215336768, 0.11382139193, 0.17852572306, 0.70688073165]
    ],
    [
      [0.0062221851932, 0.21507167202, 0.0019031667373, 0.77668974034, 0.00011323571089],
      [0.66327512141, 0.25560214429, 0.015000666135, 0.060713826868, 0.0054082412949],
      [0.021946550388, 0.0055803514964, 0.85536878121, 0.060011788883, 0.057092528026],
      [0, 0.089347485296, 0.0044948886283, 0.9039044522, 0.002253173872],
      [0.017194260044, 0.0014169168142, 0.046060106894, 0.46061272251, 0.47471599374],
      [0.21250345237, 0.0038057393477, 0.13389820176, 0.18307419957, 0.46671840695]
    ],
    [
      [0.012531200178, 0.23193838005, 0.00029909477116, 0.75406187268, 0.001169452327],
      [0.75932342846, 0.18777375346, 0.008453461644, 0.039153948628, 0.0052954078001],
      [0.067021387964, 0.001649147784, 0.80073475416, 0.053278854442, 0.077315855646],
      [0.010821074306, 0.100709546, 0, 0.8773446114, 0.011124768298],
      [0.026598001803, 0.001530540231, 0.036871540244, 0.39609431685, 0.53890560087],
      [0.28022582029, 0.0033686026546, 0.098982289968, 0.14119137059, 0.4762319165]
    ],
    [
      [0.010442460948, 0.2790632363, 0.0021907305624, 0.70811785726, 0.00018571492855],
      [0.69961013287, 0.24547205337, 0.011076706351, 0.040068846307, 0.0037722611052],
      [0.04324476161, 0.0017198615039, 0.85125584656, 0.04960301817, 0.054176512158],
      [0.013220804217, 0.12588045296, 0.007673829866, 0.85026379769, 0.0029611152688],
      [0.027026623959, 0.0021183649511, 0.048473630607, 0.44851457332, 0.47386680716],
      [0.29104252551, 0.0049069419624, 0.12637326203, 0.15913078096, 0.41854648954]
    ],
    [
      [0.010154368588, 0.20259915355, 0.002232194145, 0.78479107138, 0.00022321233758],
      [0.75919842914, 0.17968954022, 0.011857643624, 0.044841272216, 0.0044131148023],
      [0.039274285564, 0.00088779508562, 0.84835424446, 0.053477582482, 0.058006092408],
      [0.0096818955008, 0.085487268521, 0.008469923577, 0.8926847124, 0.0036761999993],
      [0.02396126969, 0.0012908427733, 0.044311014028, 0.4291841045, 0.50125276901],
      [0.26990698245, 0.0030615756107, 0.11852547049, 0.15669559774, 0.45181037371]
    ]
  ],
  "expected_outcome": [
    [
      [0, 0.21727569573, 0.46065603835, 0.24807015466, 1.1648376675, 1.4367286847, 0.77890143551, 0.022394121592, 0, 0, 0.19996582858, 0.32687429449, 0.084994502357, 1.1500629771, 0, 0.082430756038, 0.11896459353, 0.053299820035, 0.17073275321, 0.044540115164, 0.68854393963, 0.33912162316, 0.65741418875, 0, 0.28047406522, 0.036014394425, 0, 0.67536570546, 0.29121261756, 0.016002583818, 0.31452148227, 0, 0.072857772816, 0.16715528873, 0, 0, 0.25101599836, 0.51919756744, 0, 0.74711377335, 1.1727758165, 0.22409054159, 0.94940944176, 0.59484432713, 0.33562288091, 0.29825943615, 0.41094330685, 0, 0, 0.3531061025, 0.3513308647, 0, 0.48308411192, 0.52203905153, 1.2430041215, 0.55220492854, 0, 0, 1.5244353723, 0.2882176041, 1.4097322279, 0.11169805446],
      [4.5155177338, 9.9377847206, 15.4545425864, 4.1033826881, 18.8900891244, 47.5344649546, 17.1297347212, 0.34437781303, 0.50669817935, 0, 5.0548158965, 10.1301818522, 3.5382287981, 24.7448458384, 0, 1.6835471029, 2.6758295638, 3.5846839905, 7.1590895773, 0.6622342625, 19.2054662805, 5.7188885446, 19.4656139199, 5.1874232005, 12.2142032337, 0.972583067, 0, 19.8615074547, 6.983285485, 0.65616386983, 7.2042810907, 0, 1.9003474477, 3.7965823929, 7.5283149953, 0.32896856031, 4.067738884, 12.1337435602, 12.1572802552, 25.1121289415, 32.1573550154, 5.5448971248, 27.9156467474, 12.8484104346, 5.3576061177, 10.3583888579, 11.8287567691, 0.47590962518, 0.36298594073, 13.427493638, 7.3976244915, 12.207386853, 16.4315993282, 14.4273028198, 31.668475949, 23.8338283121, 0, 0.080902580611, 52.6925596438, 5.3345827411, 37.6735369007, 2.228590689],
      [0, 0.10237055678, 0, 0.20050960791, 0, 0.37812887756, 0.15979699029, 0.0073401459097, 0.0015775880068, 0, 0.091119598778, 0.061362383511, 0.098313410144, 0.26019982072, 0, 0.051062939353, 0.028977795044, 0.050967568104, 0.14715782638, 0.028537752747, 0, 0.032739001531, 0, 0.035292372562, 0.18929900636, 0, 0, 0.14336301377, 0.14275050661, 0.0083351785052, 0.18172769497, 0, 0.28655623212, 0, 0.023966529351, 0, 0.04958839409, 0.13766365907, 0, 0.079400053592, 0.31434990998, 0.067107262074, 0.02193135735, 0.26737120842, 0.0052678470515, 0, 0, 0, 4.9303806576e-32, 0.2117266631, 0.091526732443, 0, 0.055301243918, 0.0097849967214, 0.069754114571, 0.12792610075, 0, 0.0019191327264, 0.46627585063, 0.0068791797366, 0.29574862592, 0.024554135595],
      [17.4841373028, 23.7003810762, 41.0848013752, 14.4480375494, 37.9450732081, 83.5798911952, 66.931566853, 1.6250314413, 0.49172423264, 0, 14.6477931759, 42.4815814698, 7.2720991291, 66.8448913638, 0, 7.1740257316, 12.1762280476, 7.3068143972, 21.4999016969, 2.2646878696, 71.0686926159, 26.8988371495, 49.7882884108, 28.7241092271, 25.3160236948, 1.9914025386, 0, 50.3081862534, 31.561964089, 1.3179065011, 23.291204844, 0, 10.7182587648, 21.0201578878, 22.4477184753, 1.6625085956, 14.6316567236, 53.2093952133, 41.8427197448, 121.0613572316, 131.3549882756, 19.1432185888, 82.1130124535, 73.2284305284, 21.2888676448, 36.343351706, 43.760299924, 1.5221590327, 0.63701405927, 45.0076735964, 25.1247256535, 34.792613147, 54.030015316, 49.0198432085, 94.9937274606, 53.4860406586, 0, 0.9167858941, 190.288986384, 17.3434230716, 95.5959107301, 8.6327017852],
      [0.0003449634167, 0.042187950629, 0, 0, 0, 0.070786287892, 0, 0.0008564782162, 0, 0, 0.0063055002383, 0, 0.0063641603694, 0, 0, 0.0089334701914, 0, 0.0042342241926, 0.023118146239, 0, 0.03729716393, 0.010413681234, 0.088683480561, 0.053175199871, 0, 0, 0, 0.011577572606, 0.020787301837, 0.0015918667544, 0.008264888101, 0, 0.021979782567, 0.016104430596, 0, 0.0085228440911, 0, 0, 0, 0, 0.00053098250704, 0.020686482735, 0, 0.060943501425, 0.012635509503, 0, 0, 0.0019313421415, 1.1102230246e-16, 0, 0.034792257829, 0, 0, 0.021029923428, 0.025038354313, 0, 0, 0.00039239256034, 0.027742749168, 0.02689740352, 0.025071515354, 0.0024553357134]
    ],
    [
      [1.9743438195, 5.6104005828, 11.5316958701, 6.1887362808, 19.7199413308, 56.6868869358, 14.1822048465, 4.048898142, 0, 3.6722603555, 8.6299121251, 12.3662303763, 5.6895512214, 37.2273857493, 0.91212549491, 1.5759032626, 5.9971313285, 1.0678317345, 9.4546559337, 0.86505742187, 18.3849305301, 13.218578235, 26.4042619204, 1.7151627672, 6.8894106596, 0.81463484718, 0, 29.3864856216, 9.5275541736, 0.71295744369, 6.6426753483, 0, 5.1868486762, 6.3280521953, 5.9590664846, 0, 3.1927182315, 13.2095582482, 5.883428091, 23.6537539192, 57.9836826246, 7.893378731, 16.0135325264, 24.4077083193, 11.6829581047, 8.7956870355, 9.3325689416, 0, 0, 11.2834236749, 12.6224114669, 9.0241538505, 12.6545806637, 16.1340941091, 30.5513706905, 23.4605931909, 0, 2.3482144636e-16, 70.970437991, 12.1491748554, 61.5656916926, 12.9063732954],
      [1.517953213, 2.7795908613, 4.4538545107, 1.386059187, 4.6568730685, 27.0121567725, 3.6052514692, 0.66398570069, 0, 0.83602170674, 2.6678244196, 4.1365140159, 2.7485441641, 11.1637289491, 0.08467107844, 0.30553376111, 1.4400240269, 0.78072536098, 4.3293984501, 0.10392172856, 5.7627977209, 2.6913502434, 10.2939953839, 0.86293465353, 3.4605682366, 0.16059709038, 0, 11.1227585584, 2.4743546948, 0.24178742741, 1.8124124069, 0, 1.1563021149, 1.1388326397, 4.0026174804, 0, 0.61540397386, 3.4716207226, 2.4011123342, 8.0314483027, 17.6971243505, 2.3726016535, 5.5781088455, 5.7176274956, 2.481418496, 3.2345254961, 2.7893716921, 0.78738376989, 0, 4.4075460954, 3.3579698796, 4.0138225631, 4.9348709677, 5.3007586132, 9.8668313428, 12.1267115711, 0, 1.5056377181, 27.3494294391, 3.0043800554, 21.6015406962, 3.0547221837],
