{
  "X": [
    [189, 147, 853, 50],
    [43, 221, 485, 63],
    [20, 80, 196, 23],
    [37, 149, 415, 37],
    [37, 164, 306, 42],
    [3, 9, 204, 24],
    [3, 5, 61, 10],
    [5, 8, 106, 17],
    [2, 4, 70, 11],
    [18, 51, 204, 31],
    [2, 3, 59, 8],
    [12, 10, 163, 7],
    [5, 12, 168, 23],
    [2, 1, 81, 2],
    [3, 4, 5, 3],
    [1, 3, 68, 14],
    [0, 1, 64, 5],
    [55, 56, 402, 20],
    [205, 177, 1028, 70],
    [8, 9, 76, 12],
    [26, 17, 87, 5],
    [43, 191, 735, 105],
    [48, 142, 339, 72],
    [50, 176, 446, 94],
    [62, 160, 568, 84],
    [15, 105, 234, 60],
    [5, 5, 205, 35],
    [7, 4, 88, 16],
    [3, 9, 97, 10],
    [2, 1, 62, 7],
    [1, 5, 41, 8],
    [36, 152, 116, 46],
    [2, 1, 83, 6],
    [14, 31, 105, 20],
    [18, 20, 139, 24],
    [7, 12, 58, 7],
    [37, 74, 273, 23],
    [6, 16, 249, 25],
    [2, 2, 62, 5],
    [30, 36, 175, 30],
    [16, 25, 93, 17],
    [3, 2, 77, 11],
    [7, 5, 84, 3],
    [41, 251, 311, 69],
    [43, 187, 333, 75],
    [53, 177, 367, 51],
    [10, 39, 185, 30],
    [19, 59, 106, 29],
    [6, 43, 35, 22],
    [2, 1, 42, 7],
    [6, 4, 88, 13],
    [0, 0, 19, 0],
    [6, 3, 88, 14],
    [22, 85, 313, 62],
    [19, 67, 243, 53],
    [7, 9, 81, 11],
    [209, 159, 755, 48],
    [52, 57, 180, 11],
    [19, 31, 321, 40],
    [14, 40, 106, 17],
    [5, 17, 40, 9],
    [18, 33, 69, 11],
    [22, 101, 378, 52],
    [118, 129, 768, 90],
    [18, 47, 222, 33],
    [30, 59, 168, 25],
    [6, 21, 101, 19],
    [7, 10, 168, 31],
    [0, 4, 94, 23],
    [4, 6, 81, 20],
    [5, 10, 58, 7],
    [3, 23, 94, 8],
    [1, 2, 82, 8],
    [3, 5, 80, 4],
    [1, 1, 55, 11],
    [24, 54, 414, 50],
    [35, 102, 652, 69],
    [395, 668, 3121, 282],
    [2, 14, 79, 9],
    [49, 64, 248, 21],
    [238, 302, 1278, 126],
    [31, 18, 122, 6]
  ],
  "W": [
    [15, 195, 129, 811, 39, 50],
    [23, 53, 228, 430, 50, 28],
    [20, 31, 80, 153, 21, 14],
    [25, 46, 143, 359, 40, 25],
    [18, 31, 172, 269, 36, 23],
    [5, 1, 9, 201, 10, 14],
    [1, 4, 6, 56, 5, 7],
    [1, 8, 8, 111, 1, 7],
    [1, 2, 4, 73, 2, 5],
    [20, 18, 48, 186, 17, 15],
    [3, 5, 2, 59, 1, 2],
    [9, 17, 12, 141, 2, 11],
    [14, 6, 16, 149, 8, 15],
    [5, 3, 3, 71, 1, 3],
    [2, 3, 3, 4, 0, 3],
    [2, 3, 0, 65, 4, 12],
    [2, 1, 1, 64, 0, 2],
    [6, 67, 50, 385, 6, 19],
    [26, 189, 195, 977, 39, 54],
    [3, 9, 9, 78, 2, 4],
    [4, 29, 14, 73, 4, 11],
    [56, 51, 195, 657, 68, 47],
    [28, 51, 140, 309, 46, 27],
    [35, 50, 181, 421, 39, 40],
    [40, 64, 167, 526, 42, 35],
    [20, 13, 94, 220, 44, 23],
    [9, 5, 8, 208, 9, 11],
    [8, 6, 6, 79, 6, 10],
    [2, 2, 15, 91, 2, 7],
    [8, 0, 1, 52, 0, 11],
    [2, 2, 4, 42, 0, 5],
    [12, 28, 138, 96, 50, 26],
    [3, 1, 4, 79, 2, 3],
    [4, 16, 30, 100, 9, 11],
    [10, 26, 17, 136, 8, 4],
    [0, 7, 14, 52, 9, 2],
    [13, 30, 65, 261, 22, 16],
    [14, 7, 14, 244, 8, 9],
    [0, 4, 3, 55, 4, 5],
    [8, 27, 33, 164, 16, 23],
    [3, 18, 21, 80, 13, 16],
    [1, 4, 0, 80, 3, 5],
    [4, 6, 5, 80, 0, 4],
    [17, 41, 236, 271, 70, 37],
    [27, 45, 171, 314, 54, 27],
    [22, 42, 176, 335, 48, 25],
    [9, 11, 42, 172, 5, 25],
    [6, 12, 52, 105, 24, 14],
    [3, 5, 42, 34, 14, 8],
    [3, 0, 2, 42, 2, 3],
    [3, 6, 3, 92, 1, 6],
    [2, 0, 0, 17, 0, 0],
    [9, 5, 4, 82, 5, 6],
    [17, 25, 73, 311, 31, 25],
    [28, 19, 72, 218, 25, 20],
    [4, 5, 9, 80, 8, 2],
    [15, 210, 167, 697, 34, 48],
    [6, 58, 50, 162, 10, 14],
    [24, 17, 40, 309, 5, 16],
    [6, 8, 43, 101, 8, 11],
    [4, 3, 15, 32, 8, 9],
    [9, 12, 31, 65, 10, 4],
    [14, 26, 89, 363, 33, 28],
    [28, 135, 124, 714, 37, 67],
    [5, 12, 45, 214, 17, 27],
    [13, 30, 48, 156, 21, 14],
    [8, 7, 21, 94, 8, 9],
    [14, 9, 13, 158, 8, 14],
    [2, 2, 3, 96, 5, 13],
    [6, 6, 4, 82, 5, 8],
    [4, 5, 7, 56, 3, 5],
    [2, 7, 16, 92, 5, 6],
    [4, 2, 2, 73, 4, 8],
    [3, 7, 6, 70, 2, 4],
    [2, 2, 2, 57, 0, 5],
    [23, 30, 61, 384, 17, 27],
    [23, 35, 104, 608, 55, 33],
    [87, 439, 631, 2937, 188, 184],
    [5, 6, 12, 75, 1, 5],
    [9, 35, 68, 239, 20, 11],
    [37, 240, 324, 1177, 66, 100],
    [3, 34, 19, 107, 2, 12]
  ],
  "method": "mvn_pdf",
  "cond_prob": [
    [
      [7.2923422887e-05, 0.0025970395141, 0.58275101081, 0.41457902625],
      [0.84384445588, 0.031254277994, 0.12490126612, 0],
      [0.055846725434, 0.86308005477, 0.077277787096, 0.0037954326962],
      [0.016832478031, 0.0041493715599, 0.95571116253, 0.023306987881],
      [0.024392383327, 0.61275222012, 0.10554114981, 0.25731424675],
      [0.052851340749, 0.04533312426, 0.61472591512, 0.28708961987]
    ],
    [
      [0, 0.0014279477035, 0.49283869075, 0.50573336155],
      [0.6562688997, 0.0486075065, 0.29499025596, 0.00013333783553],
      [0.026180457402, 0.84833438673, 0.11556204869, 0.0099231071798],
      [0.0031913184172, 0.0037317957977, 0.95284583405, 0.040231051736],
      [0.0086968144417, 0.45179909146, 0.11915678921, 0.42034730489],
      [0.015767728099, 0.02771758634, 0.57144754802, 0.38506713754]
    ],
    [
      [0, 0.002021073315, 0.60790905558, 0.39006987111],
      [0.56635508903, 0.051209321021, 0.38243558995, 0],
      [0.020980799225, 0.83529370802, 0.13790362673, 0.0058218660295],
      [0.0028457277761, 0.0064304932417, 0.9684218187, 0.022301960278],
      [0.0076020886041, 0.48546551651, 0.15753881888, 0.349393576],
      [0.012106292259, 0.026425116282, 0.67694085739, 0.28452773407]
    ],
    [
      [0, 0.0019577233813, 0.60629760486, 0.39174467176],
      [0.66626281116, 0.049120580966, 0.28461660788, 0],
      [0.026862689228, 0.85694364283, 0.11223462728, 0.003959040658],
      [0.0044677394013, 0.0038915720031, 0.97098005917, 0.020660629425],
      [0.01062756248, 0.54769778522, 0.13736168945, 0.30431296285],
      [0.01926100732, 0.033743340315, 0.66497341578, 0.28202223658]
    ],
    [
      [7.4635483108e-05, 0.001565260242, 0.5114663043, 0.48689379998],
      [0.7895109414, 0.03211630108, 0.17832921509, 4.3542425691e-05],
      [0.048278892806, 0.83965557385, 0.10402196736, 0.0080435659839],
      [0.010714475745, 0.0013445792696, 0.95130519754, 0.036635747447],
      [0.017111626994, 0.48587549706, 0.11636864097, 0.38064423498],
      [0.031375446445, 0.03053267661, 0.57753275027, 0.36055912667]
    ],
    [
      [4.2424874812e-05, 0.00052664936623, 0.45917657412, 0.54025435163],
      [0.74436507218, 0.016378347042, 0.23919189558, 6.4685202407e-05],
      [0.056782509016, 0.71812967065, 0.20549920149, 0.019588618838],
      [0.0066514434783, 0, 0.94755001523, 0.045798541288],
      [0.012644334543, 0.24020449108, 0.14675968072, 0.60039149366],
      [0.020071195553, 0.0082697471028, 0.54930589652, 0.42235316082]
    ],
    [
      [7.7934439368e-06, 0.00033398045698, 0.43944583045, 0.56021239565],
      [0.63151740396, 0.016482292806, 0.3515694481, 0.00043085513742],
      [0.036847365694, 0.68341696193, 0.25378770585, 0.025947966529],
      [0.001988532175, 0, 0.94832233703, 0.049689130797],
      [0.0065071429796, 0.16657614007, 0.14877189067, 0.67814482628],
      [0.015563554264, 5.0625201226e-05, 0.54023425931, 0.44415156123]
    ],
    [
      [0, 0.00053508247815, 0.20279814309, 0.79666677444],
      [0.60393899662, 0.052864736535, 0.34319626684, 0],
      [0.014418120861, 0.87205422339, 0.090250918407, 0.023276737342],
      [0.0001445539893, 0.0028222279393, 0.9037451941, 0.093288023972],
      [0.0027689881889, 0.20266742862, 0.055761766708, 0.73880181648],
      [0.0049040827349, 0.012025501177, 0.27973515188, 0.7033352642]
    ],
    [
      [1.6886756278e-05, 0.00048872376221, 0.26463022339, 0.73486416609],
      [0.74420267596, 0.025327002259, 0.23047032178, 0],
      [0.023741394236, 0.85131459943, 0.10412786976, 0.02081613658],
      [0.004967548285, 0.0011596576732, 0.91698118004, 0.076891614006],
      [0.0051592658778, 0.20255676415, 0.075579474534, 0.71670449544],
      [0.0087325255633, 0.010766067112, 0.35342651248, 0.62707489485]
    ],
    [
      [8.5115330276e-05, 0.0015408859448, 0.48123608648, 0.51713791224],
      [0.76977447622, 0.037548520673, 0.19255174977, 0.00012525333761],
      [0.03796673569, 0.85921064846, 0.094407384839, 0.0084152310163],
      [0.0091644341712, 0.0015059126354, 0.94770042012, 0.041629233076],
      [0.013446410126, 0.4882343476, 0.10606302415, 0.39225621813],
      [0.025785338685, 0.031407608253, 0.55349618333, 0.38931086973]
    ],
    [
      [0, 0.00081901915292, 0.30310900732, 0.69607197352],
      [0.39714604276, 0.11292076999, 0.48993318725, 0],
      [0.0032983519436, 0.94403574396, 0.045133895208, 0.0075320088834],
      [0, 0.0022174623483, 0.92685624688, 0.070926290776],
      [0.001615968461, 0.37860295535, 0.072051729514, 0.54772934668],
      [0.0030285569339, 0.017717185383, 0.39708447809, 0.5821697796]
    ],
    [
      [0.00013479250172, 0.00076499989671, 0.68952117661, 0.30957903099],
      [0.61790004144, 0.019774863714, 0.36232509484, 0],
      [0.041707637548, 0.70617924447, 0.24421068865, 0.0079024293287],
      [0.0057127775878, 0.0026858401765, 0.98520490481, 0.0063964774235],
      [0.013429743587, 0.33748065537, 0.25263644703, 0.39645315401],
      [0.014693944121, 0.011738782592, 0.75319000561, 0.22037726768]
    ],
    [
      [0, 0.00050128973335, 0.52534589697, 0.4741528133],
      [0.60675879477, 0.015440398979, 0.3775994315, 0.00020137475031],
      [0.046986890165, 0.62148251367, 0.30872259962, 0.022807996542],
      [0.0025191199704, 0.0025182263432, 0.95718733033, 0.037775323355],
      [0.0091245189027, 0.18373648342, 0.19456784473, 0.61257115295],
      [0.010620797461, 0.0074341159027, 0.61750295215, 0.36444213448]
    ],
    [
      [0.034738450618, 0.014708753268, 0.76350539733, 0.18704739878],
      [0.53780722753, 0.0029275494168, 0.45926522306, 0],
      [0.059315186703, 0.28814211159, 0.63682880908, 0.015713892626],
      [0, 0, 1, 0],
      [0.011228394503, 0.048973681678, 0.42764322216, 0.51215470166],
      [0.0079040365739, 0.0014245229833, 0.82218256492, 0.16848887552]
    ],
    [
      [0.0026833448852, 0.022910404408, 0.29086387468, 0.68354237603],
      [0.91839431893, 0.079012147742, 0, 0.0025935333287],
      [0, 0.99715999697, 0, 0.0028400030296],
      [0.029043967893, 0.064211543035, 0.85114039068, 0.05560409839],
      [0.00177494437, 0.98475752821, 0.0033258447954, 0.010141682622],
      [0.041091493957, 0.15627219497, 0.33790356264, 0.46473274844]
    ],
    [
      [0, 0.0012723678191, 0.33298227613, 0.66574535605],
      [0.33333333333, 0.20890783886, 0.45768817409, 7.0653712812e-05],
      [0.0037727894124, 0.94185003418, 0.046806739158, 0.0075704372477],
      [0, 0, 0.93291226226, 0.067087737743],
      [0, 0.49238394108, 0.064409736402, 0.44320632252],
      [0, 0.033432998621, 0.4220029111, 0.54456409028]
    ],
    [
      [0, 0, 0.45117175401, 0.54882824599],
      [0, 0.040341712844, 0.95944525069, 0.00021303646281],
      [0, 0.94532381364, 0.050158539397, 0.0045176469582],
      [0, 0, 0.95266660567, 0.047333394328],
      [0.0033619821308, 0.088362401419, 0.19263143615, 0.7156441803],
      [0, 0.0071672367556, 0.55869496945, 0.43413779379]
    ],
    [
      [3.4419255374e-05, 0.0030354101111, 0.57006243946, 0.42686773118],
      [0.74215454356, 0.059975897155, 0.19786955929, 0],
      [0.025148458268, 0.90750576637, 0.063841177794, 0.0035045975677],
      [0.0088495845636, 0.0040697967753, 0.96076335164, 0.026317267023],
      [0.0114651679, 0.66391885152, 0.09122203528, 0.2333939453],
      [0.0285334257, 0.05461732862, 0.61521491627, 0.30163432941]
    ],
    [
      [1.3421983031e-05, 0.0015026380055, 0.56626680255, 0.43221713746],
      [0.8719563626, 0.016447844048, 0.11159579335, 0],
      [0.099659779478, 0.77347682398, 0.11987014852, 0.0069932480212],
      [0.016453503202, 0.0036440624548, 0.95247167488, 0.027430759464],
      [0.036777798576, 0.46293202674, 0.13819396281, 0.36209621188],
      [0.06031175418, 0.026105743517, 0.60845163559, 0.30513086671]
    ],
    [
      [1.2128412837e-05, 0.0008198701636, 0.27100034294, 0.72816765848],
      [0.78471685385, 0.032838661078, 0.18244448507, 0],
      [0.030709290645, 0.87389197514, 0.080788530106, 0.014610204111],
      [0.0075034627237, 0.0020072274199, 0.91360349736, 0.076885812498],
      [0.0079553637053, 0.30433836812, 0.068391340121, 0.61931492805],
      [0.014986873606, 0.01793104714, 0.35501159009, 0.61207048916]
    ],
    [
      [2.4986577346e-05, 0.0028147555494, 0.66501504398, 0.33214521389],
      [0.82200118455, 0.034293350927, 0.14370546452, 0],
      [0.040871227348, 0.88689690958, 0.071452124854, 0.00077973821318],
      [0.013754460111, 0.004213237909, 0.97525438773, 0.0067779142545],
      [0.020080342819, 0.68640377826, 0.10863403159, 0.18488184733],
      [0.04593377814, 0.047681416938, 0.6858222886, 0.22056251632]
    ],
    [
      [0, 0.0011819409399, 0.50114757847, 0.49767048059],
      [0.6498967278, 0.039657520724, 0.31034323636, 0.00010251511282],
      [0.031368174581, 0.81410480515, 0.14282835766, 0.011698662609],
      [0.0036333254829, 0.0033434651923, 0.95391475825, 0.03910845108],
      [0.0093740379609, 0.39604250483, 0.13462215357, 0.45996130364],
      [0.015190285429, 0.021984974164, 0.5825616638, 0.3802630766]
    ],
    [
      [1.6636107436e-05, 0.0013622737498, 0.386786911, 0.61183417914],
      [0.7614444354, 0.039454077001, 0.19910148759, 0],
      [0.038442596214, 0.85354130614, 0.096575823816, 0.011440273827],
      [0.0086151274425, 0.0025417219641, 0.93127568156, 0.057567469036],
      [0.011426229736, 0.41159007159, 0.089912033519, 0.48707166515],
      [0.022082354293, 0.027236302505, 0.46648282027, 0.48419852293]
    ],
    [
      [1.5131331142e-05, 0.0013849297515, 0.343442827, 0.65515711192],
      [0.76568956185, 0.04187797788, 0.19243246027, 0],
      [0.037073512072, 0.86130980663, 0.090139727934, 0.011476953361],
      [0.0089270797235, 0.003466935504, 0.92173925499, 0.065866729778],
      [0.010491403481, 0.39528434655, 0.079060944943, 0.51516330503],
      [0.020930533169, 0.027122105035, 0.422674602, 0.5292727598]
    ],
    [
      [3.7953298141e-05, 0.0012610014968, 0.44334815362, 0.55535289158],
      [0.76008604725, 0.03365986538, 0.20619797161, 5.6115753314e-05],
      [0.044228770227, 0.83076593504, 0.1134793224, 0.011525972328],
      [0.0086724362765, 0.0018030278565, 0.94162553718, 0.047898998688],
      [0.013457504157, 0.41026949298, 0.10866821966, 0.46760478321],
      [0.023995815999, 0.025077315613, 0.52169311567, 0.42923375272]
    ],
    [
      [0, 0.0017476848804, 0.35886669711, 0.63938561801],
      [0.74989992822, 0.050151253882, 0.19994881789, 0],
      [0.029433808964, 0.88194133194, 0.07863307199, 0.009991787102],
      [0.0074318502237, 0.0049032165205, 0.92447967336, 0.063185259893],
      [0.0091252194706, 0.44521162047, 0.076954538139, 0.46870862192],
      [0.019478529765, 0.032285907127, 0.43740412348, 0.51083143963]
    ],
    [
      [1.2359125608e-05, 0, 0.31665313322, 0.68333450765],
      [0.6940869033, 0.01217004246, 0.29374305424, 0],
      [0.062177652676, 0.60541950056, 0.28377455038, 0.048628296384],
      [0, 0, 0.92771319354, 0.072286806458],
      [0.096350890307, 0.010643753693, 0.10550095646, 0.78750439954],
      [0.014988637928, 0, 0.40885066017, 0.5761607019]
    ],
    [
      [9.8724173728e-05, 0, 0.4755122261, 0.52438904973],
      [0.83998742255, 0, 0.15958112518, 0.00043145226276],
      [0.15737867085, 0.52535424046, 0.29124263455, 0.026024454134],
      [0.0070424573399, 0, 0.94719203345, 0.045765509208],
      [0.022351496032, 0.14131242621, 0.17113256939, 0.66520350837],
      [0.032455054011, 0, 0.56359935737, 0.40394558862]
    ],
    [
      [4.9441964688e-05, 0.00042926606965, 0.46905777699, 0.53046351497],
      [0.67957211899, 0.0084959009389, 0.31177621399, 0.00015576608622],
      [0.070051279375, 0.5201473992, 0.37610939387, 0.033691927547],
      [0.0053999468909, 0.010378868345, 0.93925347815, 0.044967706612],
      [0.0095283882097, 0.10052991744, 0.17642106325, 0.71352063109],
      [0.011362249139, 0.0049145462294, 0.56739749594, 0.41632570869]
    ],
    [
      [0.00071921326999, 0.00069409900185, 0.61304545233, 0.3855412354],
      [0.96113521058, 0.0016403922373, 0.037219642167, 4.7550169329e-06],
      [0.09455752865, 0.79686326778, 0.10345248097, 0.0051267226027],
      [0.022298228443, 0.0019060556585, 0.95704243905, 0.018753276844],
      [0.052905900921, 0.35501756237, 0.18809962171, 0.403976915],
      [0.067289171471, 0.0089517314514, 0.65690700632, 0.26685209076]
    ],
    [
      [0, 0.0022650984861, 0.24914917764, 0.74858572387],
      [0.5, 0.22132768305, 0.27867231695, 0],
      [0, 0.98466441533, 0.013696053403, 0.0016395312639],
      [0, 0.0088623566723, 0.91056477363, 0.080572869697],
      [0.0014180010449, 0.69434983377, 0.03069071734, 0.27354144784],
      [0, 0.048387559074, 0.32917046094, 0.62244197998]
    ],
    [
      [0.00024796865888, 0.0027387600098, 0.37617965982, 0.62083361151],
      [0.86778527946, 0.034613563576, 0.097345737075, 0.00025541989198],
      [0.054496273314, 0.88742369373, 0.0492497514, 0.0088302815555],
      [0.02045298459, 0.0081122565458, 0.91030406473, 0.061130694133],
      [0.020099354454, 0.53198933217, 0.064552516474, 0.3833587969],
      [0.046542176563, 0.044432389535, 0.43641852742, 0.47260690648]
    ],
    [
      [0.0001261513578, 2.087623821e-05, 0.59100563988, 0.40884733252],
      [0.78305983979, 0.0015614911388, 0.21529192665, 8.6742426411e-05],
      [0.16280679354, 0.23124311438, 0.57445955107, 0.031490541011],
      [0.006089529212, 0, 0.96388378533, 0.03002668546],
      [0.017291219502, 0.034737957784, 0.26486207843, 0.68310874428],
      [0.016559761742, 0.0013091690178, 0.67910325055, 0.30302781869]
    ],
    [
      [1.8622139885e-06, 0.0012701041075, 0.33913101558, 0.6595970181],
      [0.75510575317, 0.043250654264, 0.20164359257, 0],
      [0.030601843283, 0.87278062904, 0.085017234937, 0.01160029274],
      [0.0072526596865, 0.0025662840692, 0.92517293817, 0.065008118074],
      [0.0088696109896, 0.3970310234, 0.077926333569, 0.51617303204],
      [0.017741157676, 0.026325693326, 0.4225482354, 0.5333849136]
    ],
    [
      [0, 0.0011742348352, 0.30097699501, 0.69784877016],
      [0.65372064983, 0.05965009678, 0.28662925339, 0],
      [0.019274662334, 0.88207769585, 0.08446323913, 0.014184402686],
      [0.004364285736, 0.0035585190006, 0.91904823434, 0.073028960921],
      [0.0051275285527, 0.35806633948, 0.071557339896, 0.56524879207],
      [0.010257689059, 0.023386251495, 0.3847439517, 0.58161210775]
    ],
    [
      [2.3938188874e-05, 0.00053127307905, 0.58673374922, 0.41271103951],
      [0.76220255838, 0.012486742543, 0.22484370704, 0.00046699204011],
      [0.073282708249, 0.66291353903, 0.24874386529, 0.015059887431],
      [0.0082740995412, 0.0055176450244, 0.95758004925, 0.028628206187],
      [0.018396655583, 0.2582912949, 0.20168806458, 0.52162398494],
      [0.021400549743, 0.010132030247, 0.66716239727, 0.30130502274]
    ],
    [
      [3.6939162898e-05, 0.0030306560557, 0.56018226231, 0.43675014247],
      [0.87717979014, 0.028362726605, 0.094457483256, 0],
      [0.060039430545, 0.87260317253, 0.0640597818, 0.0032976151224],
      [0.019722051931, 0.00578997604, 0.94772296282, 0.026765009211],
      [0.027163899157, 0.6391420976, 0.090882979327, 0.24281102392],
      [0.064781360374, 0.051137722812, 0.58530633965, 0.29877457716]
    ],
    [
      [0, 0.0010810121218, 0.4797159606, 0.51920302728],
      [0.66159501733, 0.040429886558, 0.29787764196, 9.7454150759e-05],
      [0.025898549595, 0.84203256, 0.1214051792, 0.010663711197],
      [0.0033421242707, 0.0018226133648, 0.9526013335, 0.042233928862],
      [0.0082342200306, 0.40861718856, 0.12317023548, 0.45997835593],
      [0.013878122452, 0.022193957201, 0.56434147673, 0.39958644361]
    ],
    [
      [6.115709967e-06, 0.00019748572189, 0.64739960675, 0.35239679182],
      [0.44427518187, 0.0095124312314, 0.54589632457, 0.00031606232714],
      [0.030566488357, 0.4947756395, 0.45424949903, 0.020408373116],
      [0.0012042738642, 0, 0.97517159457, 0.023624131569],
      [0.005814979081, 0.11871644385, 0.28754739727, 0.5879211798],
      [0.0083409657168, 0.0005515162355, 0.73380778288, 0.25729973517]
    ],
    [
      [4.7794604888e-05, 0.0014597785443, 0.42929974025, 0.5691926866],
      [0.86875328727, 0.021276146271, 0.10980076307, 0.00016980338323],
      [0.071798103511, 0.82762150334, 0.090718172468, 0.0098622206813],
      [0.016713922495, 0.0024541181168, 0.93083782061, 0.049994138777],
      [0.023951774781, 0.44093459224, 0.096150213557, 0.43896341942],
      [0.045636077623, 0.028040320222, 0.49615112115, 0.430172481]
    ],
    [
      [2.6801229757e-05, 0.0014045970577, 0.47289679094, 0.52567181077],
      [0.77447254872, 0.033382509589, 0.19174139478, 0.00040354691669],
      [0.039087637233, 0.85195747477, 0.099630922027, 0.009323965967],
      [0.0083449739886, 0.0009045378909, 0.94795684378, 0.042793644341],
      [0.013370087977, 0.46050171227, 0.10845063137, 0.41767756838],
      [0.02482276717, 0.027806798448, 0.54945684053, 0.39791359385]
    ],
    [
      [0, 0.0010752844509, 0.2928584114, 0.70606630415],
      [0.6866829263, 0.05268257675, 0.26063449695, 0],
      [0.009580770026, 0.93276247684, 0.048419566228, 0.0092371869051],
      [0.0024898276239, 0.0056616836613, 0.91965928429, 0.072189204424],
      [0.0039041416852, 0.40738154193, 0.063574571566, 0.52513974482],
      [0.0084739319642, 0.022623017974, 0.38022742857, 0.58867562149]
    ],
    [
      [0.00015695806875, 0.0020146213053, 0.66725172246, 0.33057669817],
      [0.8824548008, 0.019012429053, 0.098532770146, 0],
      [0.039595607031, 0.90461289744, 0.054242229966, 0.0015492655664],
      [0.016171782962, 0.0026553233789, 0.97129348445, 0.0098794092114],
      [0.022290625819, 0.72270903192, 0.097122418864, 0.1578779234],
      [0.053230672699, 0.035594145743, 0.69127664591, 0.21989853564]
    ],
    [
      [0, 0.0020789634506, 0.4272205594, 0.57070047715],
      [0.74827372564, 0.052777719814, 0.19882800916, 0.00012054538997],
      [0.028700147924, 0.88847617421, 0.074278658099, 0.0085450197656],
      [0.0072599914903, 0.0056380951994, 0.93601716451, 0.051084748799],
      [0.01032737478, 0.51637905597, 0.08443252526, 0.38886104399],
      [0.023166713793, 0.03907935887, 0.49958406629, 0.43816986105]
    ],
    [
      [0, 0.0023181830167, 0.36020220743, 0.63747960955],
      [0.76391597452, 0.056478086934, 0.17960593854, 0],
      [0.028155169259, 0.89979346939, 0.063861539883, 0.0081898214721],
      [0.0085161016782, 0.0077578832365, 0.91982766699, 0.063898348094],
      [0.0096591215165, 0.50025410165, 0.069224249807, 0.42086252703],
      [0.022725878306, 0.040056113194, 0.43362788593, 0.50359012257]
    ],
    [
      [3.733487939e-05, 0.001932799033, 0.50074155425, 0.49728831184],
      [0.84296736656, 0.027988528749, 0.12900538748, 3.8717206258e-05],
      [0.059488317392, 0.84620497838, 0.087228247796, 0.0070784564368],
      [0.014706179375, 0.0030092671675, 0.94422017802, 0.038064375435],
      [0.022466813373, 0.51989684531, 0.10371449602, 0.3539218453],
      [0.044785129742, 0.035469237752, 0.55684929895, 0.36289633356]
    ],
    [
      [0, 0.0010821694579, 0.39762645517, 0.60129137537],
      [0.69482315578, 0.043308475579, 0.26183626496, 3.2103679996e-05],
      [0.028230952205, 0.85051268329, 0.10844095013, 0.012815414378],
      [0.0044611132666, 0.0017713422081, 0.93831865643, 0.055448888098],
      [0.0081136235577, 0.38227353316, 0.098558974538, 0.51105386874],
      [0.014534627765, 0.023051840789, 0.48412157222, 0.47829195923]
    ],
    [
      [0, 0.0023920121157, 0.32857974064, 0.66902824725],
      [0.91533532846, 0.022780010016, 0.061884661527, 0],
      [0.073091564325, 0.86721754709, 0.051592862696, 0.0080980258845],
      [0.025941065208, 0.010402539757, 0.89321460213, 0.070441792909],
      [0.025812442412, 0.49818668923, 0.059206267116, 0.41679460124],
      [0.062278874923, 0.040587724443, 0.38532808026, 0.51180532038]
    ],
    [
      [0.00016066955422, 0.0017575638679, 0.16517117913, 0.83291058745],
      [0.81187575935, 0.047904054269, 0.14022018638, 0],
      [0.0307615541, 0.90248385778, 0.06675458812, 0],
      [0.012953069998, 0.0125990845, 0.84101562986, 0.13343221564],
      [0.0069233250471, 0.30217801759, 0.041649535949, 0.64924912141],
      [0.013852873977, 0.024002986382, 0.2277584889, 0.73438565074]
    ],
    [
      [0, 0, 0.39818351045, 0.60181648955],
      [0.99190211819, 0.00020148907884, 0.0078941694703, 2.2232560355e-06],
      [0.40553480705, 0.3746133133, 0.19696786286, 0.022884016784],
      [0.018800690972, 0.0026672991282, 0.92258143068, 0.055950579224],
      [0.067405629343, 0.064330871842, 0.13442578591, 0.73383771291],
      [0.088163368799, 0.0033616887788, 0.4647473609, 0.44372758153]
    ],
    [
      [4.9581653523e-05, 0.0011731482675, 0.28660287584, 0.71217439424],
      [0.8183826311, 0.034703719364, 0.14691364953, 0],
      [0.020834399692, 0.92586022775, 0.045140525002, 0.0081648475517],
      [0.0098566969216, 0.0047835178792, 0.91143276443, 0.073927020766],
      [0.0086075918785, 0.42614719752, 0.060808145479, 0.50443706512],
      [0.018604760111, 0.024074452224, 0.36844423782, 0.58887654984]
    ],
    [
      [0, 0, 1, 0],
      [1, 0, 0, 0],
      [7.6730269013e-17, 1, 7.8423994517e-15, 1.1284119106e-16],
      [2.6122894697e-17, 0, 1, 0],
      [0.00055968902896, 0.09451514985, 0.41322192688, 0.49170323424],
      [0.00055368623533, 5.3243733971e-17, 0.90598194697, 0.093464366794]
    ],
    [
      [0.00025908495416, 0, 0.4786766153, 0.52106429974],
      [0.85793116409, 0, 0.14181426601, 0.00025456989755],
      [0.12348473138, 0.58976771455, 0.26365801625, 0.023089537822],
      [0.0090864934919, 0, 0.94740676756, 0.043506738947],
      [0.051351931743, 0.12818582836, 0.16952568993, 0.65093654997],
      [0.035370227395, 0, 0.5655372796, 0.399092493]
    ],
    [
      [0, 0.0019112780404, 0.32312168664, 0.67496703532],
      [0.72032166406, 0.065837275373, 0.21384106057, 0],
      [0.021952099148, 0.90326917043, 0.065473796719, 0.0093049337076],
      [0.0056876162949, 0.0066863295452, 0.91755474122, 0.070071312936],
      [0.0069686689351, 0.46438261352, 0.065222104776, 0.46342661277],
      [0.016183110236, 0.036304697613, 0.39999631535, 0.5475158768]
    ],
    [
      [6.9330005429e-05, 0.00090085260008, 0.40450922203, 0.59452059537],
      [0.72616262843, 0.030535078502, 0.24330229307, 0],
      [0.042713559236, 0.80087277626, 0.14025811227, 0.016155552233],
      [0.0069280056052, 0.0016399054065, 0.93746544524, 0.053966643748],
      [0.010629595949, 0.32054851092, 0.11041695588, 0.55840493725],
      [0.017477371704, 0.018027879665, 0.4912261586, 0.47326859003]
    ],
    [
      [7.0142309177e-05, 0.00071748339667, 0.46064770493, 0.53856466937],
      [0.89560223998, 0.0086490359605, 0.095565961564, 0.00018276249694],
      [0.11081733185, 0.7224266253, 0.15228041401, 0.014475628837],
      [0.015048211, 0.0010903677423, 0.93967086187, 0.04419055939],
      [0.029261556353, 0.29214019841, 0.13254243523, 0.54605581001],
      [0.043201456697, 0.013847126106, 0.53752360755, 0.40542780965]
    ],
    [
      [6.0269001517e-05, 0.0017145582525, 0.58849395152, 0.40973122122],
      [0.85652531227, 0.020171933543, 0.12330275418, 0],
      [0.082381442644, 0.80133584248, 0.11089110379, 0.005391611092],
      [0.01665549878, 0.0031121458733, 0.95700468949, 0.023227665856],
      [0.032211406027, 0.50887065579, 0.13542725666, 0.32349068152],
      [0.055562687738, 0.030090039952, 0.6275708899, 0.28677638241]
    ],
    [
      [8.6143689275e-05, 0.0036160634893, 0.60484112575, 0.39145666708],
      [0.81125473752, 0.047581128988, 0.14116413349, 0],
      [0.035099710975, 0.90509785645, 0.058597154583, 0.0012052779873],
      [0.014831565168, 0.0066924641631, 0.96031125536, 0.018164715311],
      [0.01681501131, 0.70204284325, 0.087734729409, 0.19340741603],
      [0.0443470816, 0.06136412058, 0.62898607943, 0.26530271839]
    ],
    [
      [5.7826864007e-05, 0.00067646772838, 0.4317869899, 0.56747871551],
      [0.77247118149, 0.016660806299, 0.2108035339, 6.447830953e-05],
      [0.071250837062, 0.71626785147, 0.19218710773, 0.020294203737],
      [0.0083593455798, 0.0020721817314, 0.93977960526, 0.049788867433],
      [0.015504589906, 0.24385234542, 0.13397456885, 0.60666849583],
      [0.022250490861, 0.011890695404, 0.5190123118, 0.44684650193]
    ],
    [
      [0, 0.0015160503397, 0.42373942104, 0.57474452862],
      [0.9111390356, 0.016246872448, 0.072419113326, 0.00019497862846],
      [0.089590611412, 0.82182985034, 0.079183669252, 0.0093958689914],
      [0.018919255315, 0.0046736830123, 0.92535332304, 0.051053738633],
      [0.031830180867, 0.46407540378, 0.089381772347, 0.414712643],
      [0.063000471892, 0.03069090355, 0.48159754395, 0.42471108061]
    ],
    [
      [0.00065205276571, 0.0010341659878, 0.52011264448, 0.47820113676],
      [0.89911764407, 0.016292423971, 0.084398900494, 0.00019103146713],
      [0.073770177038, 0.83460734343, 0.084462232183, 0.0071602473463],
      [0.016777273375, 0, 0.94822119106, 0.035001535565],
      [0.026407689435, 0.51964552904, 0.10761119684, 0.34633558469],
      [0.04948354863, 0.030079075589, 0.57727239436, 0.34316498142]
    ],
    [
      [0, 0.0027202332959, 0.50378115683, 0.49349860988],
      [0.94717796496, 0.01420238866, 0.038118431429, 0.00050121494645],
      [0.11462176713, 0.82589523283, 0.053941400064, 0.0055415999754],
      [0.031564682898, 0.015364794833, 0.91565485462, 0.037415667646],
      [0.05256856827, 0.60195786527, 0.07915610774, 0.26631745872],
      [0.12579989205, 0.046011675468, 0.50680959538, 0.3213788371]
    ],
    [
      [0, 0.0019393025514, 0.43217585844, 0.56588483901],
      [0.68814737771, 0.06351919104, 0.24822368743, 0.00010974381691],
      [0.021569066447, 0.89322870427, 0.076907622422, 0.0082946068638],
      [0.004016081867, 0.004738627377, 0.94094431708, 0.050300973677],
      [0.0077083660143, 0.51615983922, 0.086623110462, 0.3895086843],
      [0.017010981059, 0.038235703043, 0.50819978458, 0.43655353132]
    ],
    [
      [2.8341301343e-05, 0.0014625322817, 0.4689887004, 0.52952042602],
      [0.76823177803, 0.03473337286, 0.19693223635, 0.00010261276043],
      [0.043977431724, 0.84043270975, 0.10583605162, 0.0097538069112],
      [0.0091180820248, 0.0021472251855, 0.94501802279, 0.043716670003],
      [0.014523776128, 0.44952988633, 0.10986658829, 0.42607974926],
      [0.026672008858, 0.028218853353, 0.54255017977, 0.40255895802]
    ],
    [
      [4.8895303575e-05, 0.0015262239402, 0.42859886679, 0.56982601396],
      [0.85955767696, 0.02384253846, 0.1165347632, 6.5021384982e-05],
      [0.063938998316, 0.83840506357, 0.088089358944, 0.0095665791725],
      [0.015477663707, 0.0022260779324, 0.93217505573, 0.050121202632],
      [0.02152513738, 0.45318413552, 0.094268667032, 0.43102206006],
      [0.041839300263, 0.029537762106, 0.49653844776, 0.43208448987]
    ],
    [
      [0.00013755708827, 0.0028981765099, 0.47611342686, 0.52085083954],
      [0.82951911319, 0.042932438542, 0.12733725342, 0.00021119485333],
      [0.038281528841, 0.89940813437, 0.056905437159, 0.0054048996286],
      [0.015166222951, 0.0055154208094, 0.93736775864, 0.041950597596],
      [0.016249773424, 0.61515761899, 0.077181827442, 0.29141078014],
      [0.040567782547, 0.051717461012, 0.52919700999, 0.37851774645]
    ],
    [
      [0, 0.00088119214362, 0.39427382656, 0.60484498129],
      [0.69171174676, 0.038706989506, 0.26953574259, 4.5521147567e-05],
      [0.027749359708, 0.84008706489, 0.11798655898, 0.014177016418],
      [0.0042484803924, 0.0011199101073, 0.93942506731, 0.05520654219],
      [0.007457165159, 0.34949437219, 0.10225039015, 0.54079807249],
      [0.012918526739, 0.019882960661, 0.48415355582, 0.48304495678]
    ],
    [
      [0.00017968314938, 0, 0.38646854094, 0.61335177591],
      [0.6377234401, 0.017569070704, 0.34459530197, 0.00011218722968],
      [0.045708356146, 0.66321356777, 0.25831363021, 0.032764445872],
      [0.0023712174901, 0, 0.93885338783, 0.05877539468],
      [0.0070401044242, 0.1523013732, 0.12918287239, 0.71147564999],
      [0.016627974735, 0.0001207855066, 0.48269337572, 0.50055786404]
    ],
    [
      [0, 0.00026894303467, 0.22046781413, 0.77926324283],
      [0, 0.17988355164, 0.82011644836, 0],
      [0, 0.85694451849, 0.1128518452, 0.030203636313],
      [0, 0, 0.90951277052, 0.090487229482],
      [0, 0.18301415187, 0.063639153324, 0.7533466948],
      [0, 0.011830053524, 0.30375801562, 0.68441193085]
    ],
    [
      [0, 0.0010402644215, 0.24110065938, 0.7578590762],
      [0.6384688876, 0.059265486393, 0.30226562601, 0],
      [0.01324264519, 0.89518055785, 0.074403384474, 0.017173412486],
      [0.00061211082571, 0.0052723166681, 0.90937157667, 0.084743995836],
      [0.0031580470239, 0.29556168262, 0.060370675548, 0.6409095948],
      [0.0062790963533, 0.018413110476, 0.32148326063, 0.65382453254]
    ],
    [
      [0.00014740576306, 0.0038848414834, 0.47020284002, 0.52576491273],
      [0.81473075033, 0.061712625788, 0.12316465439, 0.0003919694858],
      [0.015046937008, 0.95338063962, 0.028475573646, 0.003096849726],
      [0.011624506771, 0.0067619129096, 0.93821297533, 0.043400604989],
      [0.0080526039914, 0.75451093199, 0.049666818513, 0.18776964551],
      [0.02905957502, 0.072006621779, 0.52302185567, 0.37591194753]
    ],
    [
      [0, 0.005697317075, 0.47460206662, 0.51970061631],
      [0.42056270063, 0.27402039272, 0.30510783373, 0.00030907291738],
      [0, 0.97280953291, 0.024493311137, 0.0026971559489],
      [0, 0.0092627140457, 0.94787616971, 0.042861116248],
      [0.0015304326818, 0.8037353703, 0.041546492192, 0.15318770483],
      [0.0080681553585, 0.10577725774, 0.51846799642, 0.36768659047]
    ],
    [
      [0, 0, 0.6100317876, 0.3899682124],
      [0.47239563043, 0.013832383621, 0.51368821872, 8.3767228924e-05],
      [0.027604369572, 0.62955849303, 0.32577535397, 0.017061783427],
      [0, 0, 0.97501052383, 0.024989476166],
      [0, 0.17830456168, 0.25549844871, 0.56619698962],
      [0, 0, 0.71039795869, 0.28960204131]
    ],
    [
      [4.2147832602e-05, 0.00060987523835, 0.66788574205, 0.33146223488],
      [0.38631349523, 0.020486385669, 0.5932001191, 0],
      [0.018968448272, 0.66007793542, 0.30904426525, 0.011909351058],
      [0.0021665888924, 0.0058296886028, 0.97785473161, 0.014148990891],
      [0.0051132978007, 0.22859799286, 0.27435762372, 0.49193108562],
      [0.0049951455449, 0.0072559685334, 0.74778247207, 0.23996641385]
    ],
    [
      [0, 0, 0.18639404662, 0.81360595338],
      [0.47168211634, 0, 0.52831788366, 0],
      [0.02831788366, 0.5, 0.37887008137, 0.092812034972],
      [0, 0, 0.90306735843, 0.096932641571],
      [0.0013108113933, 0.0046043236844, 0.057317289542, 0.93676757538],
      [0, 0, 0.26759930926, 0.73240069074]
    ],
    [
      [0, 0.00084210617952, 0.47500363322, 0.5241542606],
      [0.64986335616, 0.029261919058, 0.32072520223, 0.00014952255907],
      [0.038401263793, 0.76282154232, 0.18233164327, 0.016445550612],
      [0.0042324816749, 0.0026644640056, 0.94970934988, 0.043393704437],
      [0.0095227008961, 0.30235590281, 0.14326062024, 0.54486077605],
      [0.013869012799, 0.015090939945, 0.5632262678, 0.40781377946]
    ],
    [
      [2.7542681582e-05, 0.00097181378116, 0.54063464508, 0.45836599846],
      [0.70536888909, 0.025802819957, 0.26879024901, 3.8041944755e-05],
      [0.048755366892, 0.76217154656, 0.17688590533, 0.012187181223],
      [0.0062594061026, 0.0027168048993, 0.95810944443, 0.032914344565],
      [0.014053145959, 0.35599559232, 0.16059291918, 0.46935834254],
      [0.020068342588, 0.017488902608, 0.61813507648, 0.34430767833]
    ],
    [
      [3.2025515859e-05, 0.0018352188605, 0.51922263549, 0.47891012014],
      [0.76202409595, 0.039403055024, 0.19857284902, 0],
      [0.040213640649, 0.85513669961, 0.097483381503, 0.007166278242],
      [0.0092034602087, 0.0026561836947, 0.95288572927, 0.035254626828],
      [0.014860629328, 0.51516553241, 0.11281943097, 0.35715440729],
      [0.028638410111, 0.03423263993, 0.58318856728, 0.35394038268]
    ],
    [
      [0, 0.0023588837299, 0.43724955158, 0.56039156469],
      [0.32918179355, 0.25045410549, 0.41991657564, 0.00044752532635],
      [0, 0.95553521123, 0.039887515936, 0.0045772728335],
      [0, 0.0010593167907, 0.94902224025, 0.049918442956],
      [0.0017317562548, 0.66933258778, 0.06272128446, 0.26621437151],
      [0.0046354964918, 0.054055413316, 0.51524265872, 0.42606643148]
    ],
    [
      [0, 0.001798699613, 0.56237966765, 0.43582163274],
      [0.92645368832, 0.011541907193, 0.06200440449, 0],
      [0.14622428269, 0.7484490906, 0.099356072826, 0.0059705538817],
      [0.018051498181, 0.011096279541, 0.94221035368, 0.028641868596],
      [0.059097177386, 0.48595868778, 0.12433425294, 0.33060988189],
      [0.10314709755, 0.028556565895, 0.57611420845, 0.2921821281]
    ],
    [
      [2.9923385983e-05, 0.0014179966257, 0.51431857977, 0.48423350021],
      [0.82035137997, 0.024027077204, 0.15562154282, 0],
      [0.066459527757, 0.80667187449, 0.11791744956, 0.0089511481946],
      [0.012084092247, 0.0023504938401, 0.94934311358, 0.036222300334],
      [0.022583714065, 0.44581090779, 0.12558677974, 0.4060185984],
      [0.038681729444, 0.026292970974, 0.57750216469, 0.35752313489]
    ],
    [
      [3.7857412256e-05, 0.0016049584988, 0.64587871313, 0.35247847096],
      [0.82309948731, 0.022090832756, 0.15480967993, 0],
      [0.060700208089, 0.82365049772, 0.11206929996, 0.0035799942356],
      [0.012086694736, 0.0015042339237, 0.97325237719, 0.013156694147],
      [0.025756797422, 0.54518598297, 0.14940624909, 0.27965097052],
      [0.043034164484, 0.02861769653, 0.68605843216, 0.24228970682]
    ]
  ],
  "expected_outcome": [
    [
      [0.0010938513433, 0, 0, 0, 0.0013434386959, 0.00021212437406, 7.7934439368e-06, 0, 1.6886756278e-05, 0.0017023066055, 0, 0.0012131325155, 0, 0.17369225309, 0.0053666897704, 0, 0, 0.00020651553224, 0.0003489715588, 3.6385238511e-05, 9.9946309383e-05, 0, 0.0004658110082, 0.00052959658995, 0.0015181319256, 0, 0.00011123213047, 0.00078979338982, 9.8883929375e-05, 0.0057537061599, 0, 0.0029756239066, 0.0003784540734, 7.4488559538e-06, 0, 0, 0.00048020911768, 0, 0, 0.00038235683911, 8.040368927e-05, 0, 0.000627832275, 0, 0, 0.00082136734659, 0, 0, 0.00048200866265, 0, 0.00014874496057, 0, 0.0023317645875, 0, 0.001941240152, 0.00028056923671, 0.00090403502275, 0.00051686213565, 0.0013878447362, 0, 0.0026082110629, 0, 0, 0.00079355643762, 0.00024447651787, 0.0017882421475, 0, 0.0025155640914, 0, 0, 0.00058962305223, 0, 0, 0.0001264434978, 0, 0, 0.00063348167638, 0.0027862198798, 0, 0, 0.0011071652814, 0.00011357223677],
