{
  "Z_true": {},
  "V_true": [
    [1431, 121, 2365, 277, 201],
    [78, 2823, 332, 2221, 471],
    [306, 1153, 992, 10268, 787],
    [687, 198, 5740, 377, 333],
    [91, 78, 310, 245, 416],
    [176, 111, 758, 540, 632],
    [55, 252, 228, 978, 663]
  ],
  "p_true": [
    [0.3256, 0.0275, 0.5381, 0.063, 0.0457],
    [0.0132, 0.4765, 0.056, 0.3749, 0.0795],
    [0.0227, 0.0854, 0.0734, 0.7603, 0.0583],
    [0.0937, 0.027, 0.7825, 0.0514, 0.0454],
    [0.0798, 0.0684, 0.2719, 0.2149, 0.3649],
    [0.0794, 0.0501, 0.3419, 0.2436, 0.2851],
    [0.0253, 0.1158, 0.1048, 0.4494, 0.3047]
  ],
  "Z_est": [
    [
      [47.5529, 40.7969, 13.1495, 41.5493, 22.325, 26.0459, 42.2378, 40.7639, 10.5525, 15.1418, 78.4061, 22.9616, 16.7658, 0.6201, 0.7969, 31.0666, 11.1625, 77.7479, 38.4486, 22.9452, 47.1306, 46.042, 41.5738, 60.891, 1.5041, 6.8215, 91.3429, 13.0229, 0.7969, 7.9694, 11.1625, 2.3908, 9.3021, 31.007, 24.0912, 7.5709, 57.673, 0, 44.8387, 56.3961, 80.399, 15.5035, 11.5556, 4.7816, 1.5939, 125.9164, 16.5782, 190.3828, 121.5473],
      [1.0926, 0.9764, 0.338, 4.0128, 0.9858, 0.5666, 0.5821, 0.9105, 0.2226, 0.8637, 2.657, 0.7323, 0.1314, 0.0382, 0.0202, 0.4788, 1.3878, 2.7316, 0.507, 0.2629, 1.214, 0.9201, 1.1039, 1.4659, 1.1206, 0.1221, 2.0436, 0.5195, 0.0202, 0.2023, 0.2529, 0.0607, 0.1763, 0.5727, 0.5564, 0.1922, 1.3354, 1.6343, 8.2922, 1.6288, 0.7793, 0.2817, 0.2934, 0.1214, 0.0405, 2.15, 0.3844, 7.2992, 2.3168],
      [55.2722, 53.3883, 18.2693, 47.8815, 23.2554, 27.0769, 59.4171, 44.9237, 10.6627, 19.2847, 119.0272, 31.7652, 18.6621, 1.1343, 1.1072, 47.971, 18.8229, 182.9768, 57.1651, 60.119, 66.7767, 60.8045, 101.8835, 97.994, 0.8167, 16.1289, 103.4509, 18.8229, 1.1072, 11.0723, 11.5385, 3.3217, 10.1218, 39.9284, 28.2734, 10.5187, 68.0022, 2.2145, 69.7555, 89.132, 145.5128, 20.4837, 16.0548, 6.6434, 2.2145, 174.9423, 21.0374, 223.1072, 96.48],
      [1.322, 1.1996, 0.3206, 2.6745, 0.6121, 0.7074, 2.0315, 1.1017, 0, 0.4652, 2.6318, 0.7222, 0.4407, 1.1112, 0.0245, 0.8482, 1.7578, 3.3051, 1.2119, 0.711, 1.4689, 1.371, 1.8362, 2.0198, 0.1275, 1.2886, 0, 0.4162, 0.0245, 0.2448, 0.6352, 0.0734, 0, 4.2414, 0.6733, 0.2326, 1.6158, 0.049, 1.5424, 1.9708, 2.8399, 0.4529, 0.355, 0.1469, 0.049, 7.2196, 0, 5.5452, 2.8032],
      [2.7602, 1.6387, 0.9226, 3.8818, 2.8218, 1.6033, 1.7315, 2.3002, 0.5623, 2.2446, 12.278, 2.8186, 0, 0.0962, 0.0511, 1.6353, 0.869, 3.2386, 1.6674, 0.962, 3.4098, 2.8624, 3.6026, 2.6294, 0.4311, 0.6389, 5.1626, 1.2185, 0.0511, 0.5112, 1.4109, 0.1533, 0.3999, 1.2506, 1.4057, 0.4856, 3.3736, 0.1022, 1.5712, 11.8722, 2.469, 0.2782, 0.7412, 0.3067, 0.1022, 5.7718, 0, 26.6656, 5.8527]
    ],
    [
      [0.0339, 0.0227, 0.0059, 0.023, 0.0124, 0.0969, 0.022, 0.0231, 0.4885, 0.0184, 0.043, 0.0127, 0.0026, 0.0003, 0.0005, 0.0172, 0.0062, 0.022, 0.013, 0.0127, 0, 0.0289, 0.023, 0.0337, 0.0002, 0.0038, 0.0595, 0.0072, 0.0007, 0.0045, 0.0103, 0.0017, 0.0052, 0.0131, 0.0148, 0.0055, 0.0128, 0, 0.0144, 0.0121, 0.0444, 0.0396, 0.0082, 0.0036, 0.0008, 0.0674, 0.0136, 0.1056, 0.0674],
      [146.732, 94.9133, 31.5548, 428.3676, 94.9423, 57.3834, 56.7006, 95.1106, 47.5553, 84.1363, 264.9025, 71.333, 12.509, 3.6587, 2.193, 46.6408, 44.4269, 100.8984, 49.3844, 25.6067, 98.7075, 86.2583, 101.5123, 133.5207, 0.731, 11.8888, 281.6737, 58.5296, 9.0022, 52.9268, 44.3118, 13.5275, 12.1647, 55.786, 56.7006, 27.7781, 57.7417, 2.977, 67.5466, 54.0942, 75.9056, 27.4358, 35.6665, 13.7179, 3.655, 209.4262, 74.9911, 676.7485, 206.6827],
      [6.3822, 0.5474, 1.3857, 4.2105, 0.3171, 2.403, 8.461, 4.9928, 1.2988, 1.8501, 13.7279, 0, 0.6159, 0.1063, 0.1155, 4.1395, 0, 5.158, 5.8054, 7.949, 5.1965, 4.2723, 16.3795, 31.5588, 0.0385, 3.6139, 10.7378, 0, 0.1489, 2.1385, 1.6265, 0.3402, 0.5389, 1.7682, 3.4643, 1.4627, 0, 0.154, 3.3873, 2.8485, 30.9214, 7.7222, 2.8083, 2.9037, 0.1925, 26.7827, 3.1949, 19.0687, 0.3699],
      [37.6027, 16.8801, 0, 109.8201, 10.103, 16.0922, 16.2672, 23.5677, 6.5362, 15.9524, 53.4052, 5.1939, 2.3283, 0.8042, 0.4366, 9.6042, 7.567, 16.6477, 17.0963, 7.1275, 19.645, 17.1712, 27.4685, 30.1223, 0.1455, 4.6274, 39.7384, 11.038, 0, 17.688, 10.1802, 1.409, 0, 16.8373, 21.8669, 5.3042, 11.3504, 0.5821, 12.8056, 10.7684, 20.0815, 7.7897, 7.2759, 3.3662, 0.7276, 77.8991, 0.9479, 88.9035, 37.3982],
      [16.2491, 3.6365, 3.0536, 43.5788, 12.6253, 16.0245, 7.5492, 17.3058, 5.1213, 10.0429, 34.9214, 7.4604, 0.5442, 0.4304, 0.2545, 5.5983, 0, 11.274, 6.701, 4.3041, 11.451, 10.2693, 10.6167, 11.7645, 0.0848, 1.8661, 30.7906, 6.4251, 0.8482, 9.2423, 6.8711, 1.7216, 1.2912, 5.5953, 7.9535, 3.4495, 8.8951, 0.2869, 4.246, 6.2769, 11.0471, 3.0129, 4.2411, 2.0086, 0.4241, 25.8245, 3.8526, 74.1737, 12.4818]
    ],
    [
      [36.2475, 24.1913, 9.5182, 24.5578, 13.2611, 15.3944, 20.8983, 24.1913, 9.0284, 15.4412, 45.1407, 13.5618, 10.6295, 0.3665, 1.1762, 18.3267, 6.5976, 45.8168, 22.7251, 13.6334, 27.8124, 36.5414, 24.5578, 35.9204, 0.4952, 4.0319, 57.7141, 7.6972, 1.1389, 4.7649, 6.6069, 2.5631, 5.5448, 18.3607, 14.2948, 8.1524, 31.8795, 0, 26.3905, 27.6432, 47.2829, 9.1634, 8.9949, 4.0032, 4.2466, 67.5682, 10.996, 112.526, 71.8407],
      [10.629, 6.9088, 3.5324, 13.441, 8.5489, 2.488, 4.0867, 6.9088, 3.6168, 6.1117, 13.7206, 5.283, 0.93, 0.2657, 1.7492, 3.388, 5.6285, 12.882, 3.5678, 1.8601, 7.6695, 9.0332, 7.3739, 9.6989, 0.1398, 0.8636, 21.6811, 4.0047, 2.3538, 2.5857, 3.1887, 1.3278, 1.9652, 4.0523, 4.1187, 11.6651, 4.318, 0.3986, 6.1265, 4.8745, 5.5138, 1.9641, 2.5908, 0.9965, 1.1576, 15.2105, 5.4474, 49.5107, 15.0701],
      [3.647, 1.4133, 1.6173, 0, 1.2157, 0, 2.1441, 0, 0.6014, 1.1133, 3.8473, 1.4716, 1.1178, 0, 3.0692, 7.2955, 1.2285, 22.2728, 3.4935, 7.5783, 5.7478, 4.6836, 6.8887, 6.5473, 0.0256, 0.6782, 7.3977, 0, 0.2439, 0.7678, 0.5886, 1.4652, 0.7238, 2.2522, 0, 6.6329, 0, 0.061, 3.4423, 4.658, 7.3325, 1.3309, 3.8925, 0.755, 1.9969, 9.6999, 1.6508, 12.4895, 0],
      [452.4503, 302.0588, 105.1304, 521.4388, 222.6019, 145.2499, 183.8708, 283.8737, 87.9981, 187.1191, 504.6986, 140.7772, 97.3227, 8.0157, 9.6561, 183.0048, 185.3207, 460.1758, 269.1546, 165.0176, 417.5811, 414.0777, 309.4955, 367.2104, 5.1568, 57.4479, 617.2551, 98.8387, 11.6812, 99.0089, 137.0589, 48.0366, 15.5749, 241.7581, 216.3106, 102.5014, 153.5266, 5.3578, 221.2904, 252.2625, 342.8347, 84.2416, 141.8277, 57.6023, 65.8634, 688.9421, 116.6534, 1199.8826, 559.8794],
      [13.0262, 2.4278, 11.2017, 17.5623, 13.3724, 5.8676, 0, 13.0262, 3.7553, 8.2147, 21.5929, 6.9064, 0, 0.3521, 1.3494, 5.985, 4.2247, 11.8526, 4.059, 3.9106, 15.1893, 16.6641, 8.6841, 9.6229, 0.1826, 1.9784, 23.952, 4.4594, 8.5822, 3.8726, 7.5569, 3.6073, 1.1913, 4.5768, 7.2759, 4.0482, 7.2759, 0.1826, 5.7503, 10.5618, 9.0362, 1.3002, 4.6941, 1.6429, 10.7356, 14.5793, 3.2525, 67.5911, 10.2097]
    ],
    [
      [0.6156, 0.5242, 0.1666, 0.3681, 0.1952, 0.3042, 0.474, 0.478, 0.1521, 0.2245, 0.7306, 0.268, 1.4495, 0.0072, 0.0139, 0.3621, 0.1304, 0.9053, 0.449, 0.268, 0.5504, 0.7138, 0.4853, 0.6776, 0, 0.0781, 1.0936, 0.1521, 0.0112, 0.1268, 0.0809, 0.0139, 0.1086, 0.3621, 0.3235, 0.1346, 3.2677, 0, 0.4884, 0.6156, 0.8811, 0.184, 0.1521, 0.1115, 0.1026, 1.4137, 0.6473, 2.2235, 1.6799],
      [1.0606, 0.8046, 0.351, 0.565, 0.2996, 0.4044, 0.411, 0.6858, 0.3447, 0.6113, 1.1214, 0.517, 0.3082, 0.0265, 0.0265, 0.3372, 0.3447, 0.7822, 0.3385, 0.1856, 1.4937, 1.0957, 0.7358, 0.9678, 0, 0.0862, 2.0417, 0.7814, 0.0171, 0.2012, 0.1241, 0.0214, 0.1061, 0.4044, 0.411, 0.2739, 1.3979, 0.9749, 0.749, 1.0529, 0.5219, 0.1989, 0.2585, 0.0994, 0.1318, 1.518, 0.5436, 4.9053, 1.5548],
      [177.1632, 169.1748, 73.789, 118.7823, 58.4661, 69.7197, 156.9633, 122.4711, 29.1829, 53.5426, 232.6456, 70.7748, 64.7903, 3.0772, 4.4993, 138.696, 57.0552, 407.6001, 163.5243, 191.7241, 314.0532, 225.2484, 182.0983, 225.3618, 0, 25.2299, 287.6406, 54.555, 3.5995, 40.3317, 26.0961, 4.4993, 16.5706, 107.9839, 100.931, 57.5914, 199.2298, 6.5279, 162.4161, 224.0175, 299.6122, 60.8946, 79.3908, 36.7552, 52.1922, 465.2697, 84.9725, 600.6624, 247.3297],
      [8.1788, 6.4287, 1.3498, 3.7762, 2.0025, 12.8232, 4.8632, 5.3212, 1.0013, 2.5572, 2.6678, 2.403, 2.2127, 0.4842, 0, 0.7212, 3.28, 8.0803, 4.8632, 2.7732, 10.4066, 7.6157, 5.6928, 6.4473, 0, 0.801, 8.1993, 9.3802, 0.1144, 1.8863, 0.8296, 0.143, 0, 5.9857, 5.9664, 1.816, 6.5511, 1.0685, 4.7329, 4.4572, 6.0109, 1.8881, 2.4316, 1.1443, 1.6592, 14.5039, 2.1679, 20.2825, 33.8402],
      [14.9818, 11.0676, 6.3436, 8.5085, 9.0366, 6.7485, 7.2884, 16.0439, 4.3191, 12.0643, 24.8346, 10.0372, 3.2393, 0.4049, 0.4602, 6.8835, 4.1898, 13.6321, 0.8249, 4.0491, 22.496, 21.3264, 9.9878, 9.5455, 0, 1.8048, 24.0248, 9.1313, 0.2578, 4.454, 1.8693, 0.3223, 1.2147, 5.2639, 8.3682, 4.1841, 18.5536, 0.4287, 6.6136, 15.8568, 8.9738, 2.8344, 2.7669, 1.8896, 3.9142, 24.2947, 5.6688, 80.9264, 19.5954]
    ],
    [
      [0.132, 0.1914, 0.0528, 0.0892, 0.0479, 0.0231, 0.0858, 0.0879, 0.0132, 0.0363, 0.132, 0.0493, 0.0759, 0.0013, 0.0066, 0.0858, 0.024, 0.1419, 0.1122, 0.0297, 0.1716, 0.2178, 0.0594, 0.0528, 0, 0.0162, 0.1914, 0.028, 0.0027, 0.0173, 0.0594, 0.0066, 0.02, 0.0363, 0.0693, 0.066, 0.0561, 0, 0.0462, 0.0924, 0.0957, 0.0333, 0.0792, 0.0033, 0.0297, 0.2611, 0.0957, 0.4133, 0.0297],
      [0.0053, 0.0077, 0.0021, 0.004, 0.0033, 0.0009, 0.0034, 0.0029, 0.0005, 0.0015, 0.0053, 0.002, 0.003, 0.0001, 0.0003, 0.0034, 0.002, 0.0057, 0.0045, 0.0009, 0.0069, 0.0087, 0.0024, 0.0021, 0, 0.0004, 0.0077, 0.0013, 0.0004, 0.0008, 0.0024, 0.0003, 0.0005, 0.0015, 0.002, 0.0026, 0.0022, 0, 0.0019, 0.0037, 0.0038, 0.0013, 0.0032, 0.0001, 0.0002, 0.0095, 0.1959, 0.0169, 0.0012],
      [1.3434, 1.9773, 0.5454, 0.7175, 0.3442, 0.2386, 0.9132, 0.7211, 0.1364, 0.3153, 1.3636, 0.4167, 0.7841, 0.0341, 0.0682, 0.8864, 0.4296, 2.5583, 1.1591, 0.3071, 1.7727, 2.25, 0.6136, 0.5454, 0, 2.0982, 1.9773, 0.3116, 0.0682, 0.2045, 0.6136, 0.0682, 0.1268, 0.375, 0.5943, 0.6818, 0.5795, 0, 0.4773, 0.9545, 1.9386, 0.3769, 1.7604, 0.0341, 0.3068, 2.7467, 3.0474, 3.5367, 0.3068],
      [20.0565, 26.1796, 7.222, 13.8561, 9.9673, 3.1596, 11.7357, 9.9302, 1.8055, 4.9651, 18.0549, 5.9375, 11.5816, 0.4524, 0.9027, 11.7357, 8.0433, 19.409, 15.3466, 4.0623, 23.4713, 29.7906, 8.1247, 7.222, 0, 9.0274, 26.1796, 4.5137, 0.5178, 2.7082, 8.1247, 0.9027, 1.3194, 4.9651, 10.0219, 9.0274, 6.8696, 0, 6.3192, 11.9795, 13.0898, 4.5137, 10.8329, 0.4514, 3.8397, 32.4988, 13.0898, 53.0582, 4.0623],
      [18.4628, 29.6441, 8.1777, 15.3332, 14.6372, 3.5777, 13.262, 11.2579, 2.0444, 5.6819, 20.4442, 8.5945, 10.5554, 0.5121, 1.0222, 13.2887, 6.5011, 20.8852, 17.3776, 4.6, 26.5775, 33.733, 9.1999, 8.1777, 0, 8.8577, 29.6441, 5.1454, 1.411, 3.0691, 9.1999, 1.0222, 1.5333, 5.6222, 10.3126, 10.2221, 9.4925, 0, 7.1555, 14.9699, 13.8721, 5.0748, 11.3243, 0.5111, 4.8236, 36.4839, 12.5712, 70.9749, 4.6]
    ],
    [
      [0.0187, 0.0165, 0.0101, 0.0101, 0.0066, 0.0081, 0.0124, 0.0127, 0.002, 0.0071, 0.0209, 0.0044, 0.0056, 0.0002, 0.0004, 0.0157, 0.0035, 0.0325, 0.0157, 0.0071, 0.0147, 0.0295, 0.0091, 0.0116, 0.0005, 0.0021, 0.0187, 0.005, 0.0004, 0.0022, 0.0042, 0.0027, 0.003, 0.0101, 0.015, 0.0031, 0.018, 0, 0.0139, 0.0162, 0.0179, 0.0052, 0.0076, 0.0037, 0.0012, 0.032, 0.0059, 0.0548, 0.0089],
      [0.3269, 0.2903, 0.1776, 0.1776, 0.117, 0.1083, 0.1257, 0.2109, 0.0347, 0.1866, 0.3683, 0.078, 0.091, 0.0087, 0.0087, 0.1034, 0.1386, 0.5719, 0.1095, 0.0568, 0.7149, 0.5199, 0.1603, 0.2036, 0.0087, 0.0264, 0.3293, 0.1298, 0.0243, 0.039, 0.0737, 0.0477, 1.5809, 0.124, 0.1514, 0.0607, 0.169, 0, 0.2036, 0.2859, 0.1683, 0.091, 0.1343, 0.0502, 0.0101, 0.4644, 0.1663, 0.9662, 0.156],
      [39.9568, 37.4949, 22.9447, 22.905, 10.9898, 13.0721, 21.878, 24.1611, 4.477, 10.517, 47.5682, 10.0733, 11.7521, 0.6267, 1.1193, 39.5203, 17.7376, 84.131, 40.6695, 26.7216, 92.3382, 67.1551, 20.7062, 26.3024, 1.1193, 5.0493, 42.5316, 11.9687, 1.6401, 5.0366, 5.3373, 6.1559, 6.8541, 22.9447, 30.0263, 7.8348, 21.8254, 0, 28.7098, 41.5137, 47.3639, 12.9141, 18.2051, 8.4092, 2.7981, 75.2737, 13.6809, 112.9057, 20.1465],
      [24.6348, 19.1005, 11.6883, 11.7279, 7.6972, 7.127, 10.8331, 16.0275, 2.2807, 8.2674, 24.2319, 5.1315, 5.9867, 0.6611, 0.5088, 18.2452, 9.8794, 37.6307, 18.2452, 8.3529, 47.0643, 34.2098, 10.548, 13.3988, 0.5702, 2.5657, 21.6662, 6.2718, 0.636, 2.5657, 7.3879, 3.1359, 1.7296, 13.9513, 21.6138, 3.9911, 11.0738, 0, 13.3988, 14.2369, 18.1051, 5.9867, 8.8375, 4.2762, 1.4254, 37.0606, 6.5297, 63.5731, 10.2629],
      [11.0628, 10.0979, 6.1793, 6.1793, 8.1894, 4.6845, 5.1508, 10.5878, 1.2057, 10.0219, 12.8107, 2.7129, 3.1646, 0.7033, 0.3629, 6.1153, 4.2409, 9.6339, 4.96, 2.8616, 24.8679, 18.0857, 5.5764, 7.0836, 0.3014, 1.3564, 11.4543, 3.6246, 0.6991, 1.3564, 4.1969, 1.6579, 1.8324, 3.97, 9.1936, 2.1104, 5.9139, 0, 4.6739, 9.9472, 7.3447, 2.0031, 3.8154, 2.2607, 0.7652, 17.1693, 3.6171, 45.5002, 5.4257]
    ],
    [
      [0.3993, 0.2571, 0.0969, 0.4024, 0.1517, 0.1274, 0.2697, 0.4431, 0.7634, 0.1307, 0.5268, 0.1422, 0.0711, 0.0042, 0.0055, 0.1258, 0.0759, 0.3337, 0.2363, 0.1039, 0.3203, 0.4266, 0.2916, 0.413, 0, 0.0464, 0.5798, 0.0875, 0.0492, 0.1149, 0.0759, 0.0211, 0.0164, 0.2107, 0.1914, 0.0674, 0.093, 0, 0.2079, 0.2243, 0.279, 0.0711, 0.2024, 0.093, 0.0253, 0.7412, 1.6633, 1.2939, 0.8261],
      [0.1536, 0.0989, 0.0442, 0.432, 0.1031, 0.0484, 0.0905, 0.1704, 0.2255, 0.0889, 0.2251, 0.0547, 0.0273, 0.0021, 0.0021, 0.0484, 0.0715, 0.1283, 0.0884, 0.0271, 0.1935, 0.1641, 0.1115, 0.1409, 0, 0.0126, 0.223, 0.0337, 0.5819, 0.0442, 0.0464, 0.0147, 0.0063, 0.0592, 0.0599, 0.0273, 0.0358, 0.0151, 0.0802, 0.0599, 0.1073, 0.0273, 0.0533, 0.0145, 0.0048, 0.2213, 0.2713, 0.5532, 0.2184],
      [1.2351, 1.0039, 0.4486, 3.5031, 0.4117, 0.4897, 2.2232, 1.7302, 0.6408, 0.377, 1.8202, 0.4984, 0.2777, 0.0214, 0.0214, 0.4913, 0.7263, 1.303, 1.1831, 0.6009, 2.1149, 1.5862, 1.4302, 1.6902, 0, 0.2015, 2.2642, 0.3418, 0.1922, 0.4486, 0.1994, 0.1495, 0.0641, 0.7476, 0.7108, 0.2777, 0.3631, 0.0427, 0.8117, 0.8758, 2.3186, 0.2777, 6.888, 3.4995, 0.299, 3.2851, 1.4161, 4.2298, 1.3671],
      [36.7549, 22.1527, 9.2888, 77.7064, 21.0161, 10.8407, 21.3985, 38.1781, 13.3784, 16.6737, 47.3098, 11.8346, 6.1273, 0.4713, 0.4713, 10.8407, 17.1519, 28.7514, 24.0821, 8.9553, 43.3627, 36.7641, 26.8344, 31.5794, 0, 4.242, 49.9614, 7.5413, 2.0261, 9.898, 11.7833, 3.2993, 1.3761, 21.2611, 16.5473, 6.1273, 8.0127, 0.9427, 17.9107, 19.3247, 24.038, 6.1273, 17.4394, 8.0127, 5.4357, 59.876, 14.6114, 105.7549, 32.7537],
      [34.4571, 23.4874, 11.1215, 81.9561, 27.3174, 11.4938, 19.0181, 40.4783, 14.992, 21.7297, 57.1181, 13.4701, 6.4965, 0.501, 0.4997, 11.4938, 15.9745, 30.4837, 16.4101, 9.3127, 46.0085, 39.059, 26.3324, 33.1764, 0, 4.4976, 52.9716, 7.9957, 6.1506, 10.4944, 12.895, 3.5153, 1.5371, 12.7214, 17.4906, 6.5002, 8.4954, 0.9995, 18.9895, 20.5153, 24.2571, 6.4965, 12.417, 5.3804, 8.2352, 55.8764, 13.0378, 151.1681, 28.8347]
    ]
  ],
  "V_est": [
    [1730.8227, 56.5993, 2416.3227, 62.4418, 128.8135],
    [1.4791, 4310.5576, 253.1055, 876.1703, 483.6874],
    [1049.436, 320.4481, 155.0791, 11564.094, 416.9428],
    [24.7667, 32.1938, 6554.7032, 241.8106, 481.5258],
    [3.6684, 0.3388, 43.6266, 510.925, 581.4412],
    [0.5273, 10.3502, 1245.0627, 634.3309, 326.7289],
    [13.2998, 5.5121, 57.1002, 1016.2274, 1083.8604]
  ],
  "p_est": [
    [0.3938, 0.0129, 0.5498, 0.0142, 0.0293],
    [0.0002, 0.7275, 0.0427, 0.1479, 0.0816],
    [0.0777, 0.0237, 0.0115, 0.8562, 0.0309],
    [0.0034, 0.0044, 0.8936, 0.033, 0.0656],
    [0.0032, 0.0003, 0.0383, 0.4482, 0.51],
    [0.0002, 0.0047, 0.5616, 0.2861, 0.1474],
    [0.0061, 0.0025, 0.0262, 0.467, 0.4981]
  ],
  "EI_Z": {},
  "EI_V": 17.2399,
  "MAE_Z": {},
  "MAE_V": 361.4855,
  "MAE_p": 0.0838,
  "runtime": 8.999
}
