{
  "Z_true": {},
  "V_true": [
    [33, 785, 519, 581, 115],
    [999, 31, 41, 1788, 142],
    [242, 66, 49, 14092, 292],
    [72, 374, 2248, 780, 258],
    [98, 182, 379, 754, 419],
    [22, 80, 202, 643, 575],
    [71, 32, 52, 876, 599]
  ],
  "p_true": [
    [0.0162, 0.3861, 0.2553, 0.2858, 0.0566],
    [0.3329, 0.0103, 0.0137, 0.5958, 0.0473],
    [0.0164, 0.0045, 0.0033, 0.956, 0.0198],
    [0.0193, 0.1002, 0.6024, 0.209, 0.0691],
    [0.0535, 0.0993, 0.2069, 0.4116, 0.2287],
    [0.0145, 0.0526, 0.1327, 0.4225, 0.3778],
    [0.0436, 0.0196, 0.0319, 0.5374, 0.3675]
  ],
  "Z_est": {},
  "V_est": [
    [0, 663.0619, 538.9485, 830.9895, 0],
    [1353.5343, 20.0938, 140.7268, 1486.6451, 0],
    [0, 0, 0, 14436.3389, 304.6611],
    [0, 834.3914, 1894.873, 830.8579, 171.8777],
    [0, 32.4528, 543.0236, 1102.5083, 154.0153],
    [0, 0, 372.4281, 448.0212, 701.5507],
    [183.4657, 0, 0, 378.6391, 1067.8952]
  ],
  "p_est": [
    [0, 0.3261, 0.2651, 0.4088, 0],
    [0.451, 0.0067, 0.0469, 0.4954, 0],
    [0, 0, 0, 0.9793, 0.0207],
    [0, 0.2236, 0.5077, 0.2226, 0.0461],
    [0, 0.0177, 0.2964, 0.6018, 0.0841],
    [0, 0, 0.2447, 0.2944, 0.4609],
    [0.1126, 0, 0, 0.2323, 0.6552]
  ],
  "EI_Z": {},
  "EI_V": 10.4711,
  "MAE_Z": {},
  "MAE_V": 170.4754,
  "MAE_p": 0.073,
  "runtime": 0.0248
}
