{
  "Z_true": {},
  "V_true": [
    [136, 560, 441, 64, 64],
    [278, 5425, 629, 403, 133],
    [888, 351, 15606, 399, 378],
    [219, 496, 409, 88, 49],
    [614, 207, 695, 115, 192]
  ],
  "p_true": [
    [0.1075, 0.4427, 0.3486, 0.0506, 0.0506],
    [0.0405, 0.7899, 0.0916, 0.0587, 0.0194],
    [0.0504, 0.0199, 0.8856, 0.0226, 0.0215],
    [0.1737, 0.3933, 0.3243, 0.0698, 0.0389],
    [0.3368, 0.1135, 0.3812, 0.0631, 0.1053]
  ],
  "Z_est": [
    [
      [2.0376, 3.397, 2.3106, 1.5486, 1.3659, 2.3761, 0.2504, 0.9552, 2.5726, 1.9156, 2.5456, 0.5057, 0.2586, 0.4147, 1.7862, 2.2456, 0.918, 0.3757, 4.2957, 2.9305, 0.0325, 0.0874, 0.1802, 0.3434, 0.0607, 1.7341, 1.2707, 0, 0, 3.3249, 0, 0, 0, 1.543, 0.2741, 2.9002, 0.3534],
      [8.6786, 27.2889, 5.2359, 8.1522, 5.2316, 8.4594, 3.947, 7.413, 11.0095, 17.0406, 8.3064, 5.7232, 5.6098, 1.5651, 7.2954, 20.2897, 5.523, 0.8305, 8.6363, 7.7117, 0.2669, 1.6943, 1.2335, 0.8978, 2.7682, 14.0037, 1.9911, 0, 0, 24.3089, 0, 0, 0.8994, 6.7007, 6.6152, 26.2993, 12.345],
      [30.2932, 61.7262, 34.9359, 25.2671, 28.25, 27.1691, 4.1505, 25.6236, 39.6097, 33.9509, 36.3656, 4.7185, 1.7429, 5.6869, 20.0288, 46.4021, 11.8022, 5.8541, 37.1843, 32.5436, 0.9936, 0.6989, 5.7494, 2.4349, 0.1711, 29.6569, 19.0485, 0, 0, 67.043, 0, 0, 1.069, 20.6843, 4.9002, 61.0536, 10.8443],
      [1.1175, 4.6005, 0.9437, 1.1584, 0.6457, 1.5179, 0.2986, 1.1777, 1.3914, 2.4751, 1.1419, 0.6026, 0.6889, 0.2168, 0.5608, 1.9273, 0.7553, 0.1458, 1.9693, 1.4154, 0.0356, 0.1162, 0.1159, 0.0733, 0, 1.4132, 0.5998, 0, 0, 2.684, 0, 0, 0.0316, 0.8795, 0.6076, 3.3497, 0.3728],
      [4.8731, 16.9873, 8.5739, 4.8737, 5.5068, 5.4775, 2.3534, 5.8305, 9.4168, 8.6178, 4.6405, 1.45, 0.6998, 1.1165, 3.329, 12.1353, 2.0016, 0.7939, 9.9144, 7.3988, 0.6715, 0.4033, 0.7211, 1.2506, 0, 7.1921, 4.0899, 0, 0, 11.6393, 0, 0, 0, 9.1925, 1.6029, 15.3972, 3.0845]
    ],
    [
      [1.6311, 2.3337, 7.4931, 1.0737, 4.5131, 1.4166, 0.6785, 0.2623, 2.3764, 1.2088, 3.8619, 2.4113, 0, 0.5216, 1.0231, 0.5865, 0.499, 1.2283, 3.89, 2.01, 0.4016, 0, 0.0854, 0.1251, 0.0043, 0.3439, 3.1403, 0, 0, 4.1041, 0.011, 0, 0, 0.8569, 0.5091, 1.7279, 0.3689],
      [158.741, 448.3461, 168.9883, 129.3099, 374.3683, 131.6516, 313.4673, 57.8552, 232.2676, 254.0221, 290.4822, 631.2519, 314.6939, 30.9143, 110.2874, 133.1919, 69.7689, 25.7976, 209.3355, 128.4474, 86.9828, 105.2055, 22.1042, 19.2796, 2.9957, 64.1308, 64.2115, 0.979, 1, 766.4243, 0.9798, 2.8662, 38.925, 83.9567, 92.2534, 532.4306, 35.7233],
      [0.9356, 1.9287, 2.0563, 0.6216, 3.6597, 0.8023, 1.7972, 0.3578, 1.3573, 0.9041, 2.5, 0, 0, 0.0192, 0.6717, 0.5396, 0.2233, 0.2726, 2.1356, 0.9957, 0.4908, 0, 0.167, 0.177, 0, 0.198, 1.0229, 0.0024, 3.0308e-18, 4.0649, 0, 0.1338, 0.4892, 0.5457, 0.394, 2.6574, 0.1698],
      [15.5828, 57.7355, 23.7776, 13.9902, 35.1987, 17.9979, 16.9023, 6.9358, 22.3979, 28.1584, 30.4912, 50.9154, 29.3061, 3.1888, 6.4068, 9.6376, 7.2176, 3.3984, 36.4594, 17.9324, 9.3784, 5.1177, 1.4913, 1.123, 0, 4.8895, 14.9279, 0, 0, 64.8213, 0, 0, 0.5858, 8.3528, 6.4467, 51.9823, 0.5856],
      [1.1095, 3.656, 3.6847, 1.0046, 5.2601, 1.1316, 1.1548, 0.5889, 2.6009, 1.7066, 1.6646, 1.4213, 0, 0.356, 0.6111, 1.0444, 0.2912, 0.3031, 3.1795, 1.6145, 1.7464, 0.6768, 0.1521, 0.2952, 0, 0.4379, 1.6975, 0.0186, 0, 4.5855, 0.0092, 0, 0, 1.2878, 0.3967, 4.2018, 0.1524]
    ],
    [
      [58.1531, 96.5862, 61.8348, 46.1126, 29.3338, 34.6522, 10.0271, 16.722, 99.752, 66.5877, 57.9501, 7.9304, 7.652, 4.235, 30.6656, 41.8957, 20.6089, 8.1163, 130.0024, 62.3896, 0.162, 1.4151, 2.9675, 6.4652, 1.935, 22.6553, 33.8163, 0, 6.8545e-26, 108.6264, 0.5731, 0, 0, 31.8706, 11.1556, 51.6582, 4.6752],
      [0.5973, 4.1958, 0, 0.6495, 0, 0.5821, 0.8463, 0.6174, 0.8112, 1.8463, 0.2818, 0.2695, 1.3812, 0, 1.4496, 1.3635, 0.2929, 0, 0.7859, 0, 0.0037, 0.3677, 0.1034, 0.1544, 0.2361, 0.2743, 0, 0, 3.0308e-18, 3.5775, 0, 0, 0.2977, 0.6364, 0, 1.5759, 0],
      [729.7507, 1503.205, 830.3324, 633.589, 515.7502, 345.8243, 142.2515, 446.1763, 1294.454, 1007.4325, 701.653, 52.9702, 20.8299, 50.828, 301.4224, 762.0658, 223.6541, 112.3892, 1078.1441, 613.1129, 4.5307, 4.7786, 98.9843, 44.6212, 11.8289, 327.0537, 440.9883, 20.4635, 1, 1903.5116, 7.5829, 14, 9.7023, 359.3127, 178.8808, 960.8407, 154.6039],
      [4.0729, 12.6322, 2.2856, 4.5619, 1.1673, 2.7757, 1.1364, 3.3568, 6.269, 9.3794, 3.2748, 0.9636, 1.3445, 0.5712, 0.0274, 4.58, 2.411, 0.668, 7.3462, 3.9742, 0.0218, 0.1146, 0.4374, 0.2571, 0, 2.5404, 0.7906, 0, 0, 10.8303, 0, 0, 0, 2.606, 2.9612, 7.8336, 0],
      [12.426, 47.3808, 23.5471, 14.0871, 11.7486, 8.1658, 8.7387, 12.1275, 35.7139, 29.7542, 7.8402, 1.8663, 0.7925, 1.3658, 5.4349, 23.095, 4.033, 1.8265, 33.7214, 16.5232, 0.2819, 0.3241, 1.5074, 2.5022, 0, 9.4763, 11.4048, 1.5365, 0, 36.4542, 0.844, 0, 0, 14.5743, 7.0024, 28.0916, 5.7209]
    ],
    [
      [19.9212, 11.7683, 17.6031, 12.7093, 10.1389, 10.3967, 3.2007, 3.6564, 15.0281, 10.0189, 6.2286, 6.6703, 2.9966, 2.3469, 6.9131, 10.0263, 3.5117, 2.5634, 27.2372, 9.1187, 0, 0.7605, 1.0805, 1.8761, 0, 6.0582, 4.0429, 0, 0, 31.4045, 0, 0, 0, 11.975, 1.9186, 11.444, 0.0771],
      [20.8286, 23.1858, 9.8067, 16.4377, 9.5377, 9.0228, 12.4249, 6.8361, 15.7952, 21.8883, 4.9905, 18.5117, 16.009, 2.1717, 6.8827, 22.0928, 5.2008, 1.3946, 13.3321, 5.8586, 0, 3.6198, 1.808, 1.1573, 0, 12.0365, 1.5592, 1.021, 0, 56.2591, 0, 0.1139, 1.9547, 12.7884, 11.4549, 25.2655, 0.6083],
      [29.0772, 20.9904, 26.1709, 20.3494, 20.569, 11.5677, 5.1891, 9.3994, 22.7364, 17.4327, 8.7249, 6.0587, 1.9384, 3.0779, 7.5373, 20.194, 4.4075, 3.8632, 23.0181, 9.8742, 0, 0.5646, 3.2631, 1.2239, 0, 10.1549, 5.9311, 1.5341, 0, 62.164, 0, 1.8861, 0.8113, 15.774, 3.3576, 23.4652, 0.2079],
      [8.8442, 12.9339, 5.8408, 7.7032, 3.8939, 5.3496, 3.1077, 3.5839, 6.5839, 10.5031, 2.2614, 6.4314, 6.4997, 0.9702, 1.7747, 6.9203, 2.3479, 0.8056, 10.04, 3.5483, 0, 0.8247, 0.5562, 0.3099, 0, 3.9943, 1.5604, 0, 0, 20.4779, 0, 0, 0.234, 5.5239, 3.4866, 10.6025, 0.0646],
      [3.3289, 4.1216, 4.5785, 2.8004, 2.8604, 1.6631, 2.0776, 1.5241, 3.8564, 3.157, 0.7946, 1.3279, 0.5563, 0.4332, 0.8923, 3.7665, 0.5322, 0.3732, 4.3727, 1.6002, 0, 0.2304, 0.2922, 0.4328, 0, 1.756, 0.9064, 0.4449, 0, 7.6946, 0, 0, 0, 4.9387, 0.7824, 4.2229, 0.042]
    ],
    [
      [35.2571, 34.9147, 45.7584, 26.5558, 22.6483, 22.1584, 7.8432, 6.4041, 45.2709, 25.269, 22.4137, 13.4823, 7.0929, 5.4817, 18.6121, 18.2459, 10.4624, 6.7164, 58.5747, 22.5512, 1.4039, 1.737, 1.6864, 3.1902, 0, 10.2085, 11.7297, 0, 0, 65.5402, 0.4159, 0, 0, 16.7544, 4.1426, 30.2696, 2.5253],
      [10.1545, 18.9832, 6.9691, 9.4508, 5.8624, 5.2841, 8.3145, 3.2783, 13.1165, 15.2027, 4.9391, 10.2436, 10.3061, 1.3489, 5.085, 11.0621, 4.2144, 0.9773, 7.9102, 3.9823, 0.7466, 2.1128, 0.7509, 0.5109, 0, 5.5547, 1.2382, 0, 0, 32.4302, 0.0202, 0.0199, 0.9233, 4.9178, 6.6765, 18.4287, 5.3234],
      [38.9433, 47.1498, 51.5045, 32.173, 34.771, 18.6366, 9.6117, 12.4429, 51.8427, 33.2798, 23.7564, 9.2526, 3.4888, 5.3879, 15.3398, 27.7985, 9.9129, 7.6209, 37.518, 18.4736, 2.9849, 0.9579, 3.8363, 1.543, 0, 12.9366, 13.0093, 0, 0, 98.2166, 0.4171, 0.9801, 0.9281, 16.6833, 5.4674, 46.9832, 5.1741],
      [7.3826, 18.098, 7.1523, 7.5862, 4.0942, 5.3589, 3.555, 2.9458, 9.3579, 12.484, 3.8307, 6.087, 7.1608, 1.053, 2.2304, 5.9348, 3.2683, 0.9822, 10.1851, 4.1297, 0.5643, 0.8269, 0.3992, 0.2367, 0, 3.1626, 2.1214, 0, 0, 20.1865, 0, 0, 0.1487, 3.6378, 3.4979, 13.2319, 0.9769],
      [4.2625, 8.8543, 8.6157, 4.2342, 4.6241, 2.5621, 3.6755, 1.929, 8.412, 5.7644, 2.0601, 1.9345, 0.9514, 0.7285, 1.7327, 4.9587, 1.142, 0.7033, 6.812, 2.8633, 1.3003, 0.3654, 0.3272, 0.5192, 0, 2.1376, 1.9014, 0, 0, 11.6265, 0.1468, 0, 0, 5.0067, 1.2156, 8.0865, 1.0002]
    ]
  ],
  "V_est": [
    [47.1105, 273.9717, 737.6527, 35.0298, 171.2354],
    [50.6974, 6133.6369, 32.2911, 603.3331, 48.0415],
    [1169.1831, 23.1973, 15908.5197, 101.1911, 419.9088],
    [262.6918, 371.8549, 402.5141, 157.5785, 66.3606],
    [605.3172, 236.3392, 699.0224, 171.8675, 110.4537]
  ],
  "p_est": [
    [0.0372, 0.2166, 0.5831, 0.0277, 0.1354],
    [0.0074, 0.8931, 0.0047, 0.0878, 0.007],
    [0.0663, 0.0013, 0.9028, 0.0057, 0.0238],
    [0.2083, 0.2949, 0.3192, 0.125, 0.0526],
    [0.332, 0.1296, 0.3834, 0.0943, 0.0606]
  ],
  "EI_Z": {},
  "EI_V": 7.4875,
  "MAE_Z": {},
  "MAE_V": 172.7464,
  "MAE_p": 0.0512,
  "runtime": 1.24
}
