{
  "Z_true": {},
  "V_true": [
    [939, 19, 48, 631, 21],
    [39, 1964, 1492, 519, 31],
    [92, 589, 4333, 266, 108],
    [806, 621, 469, 21162, 445],
    [263, 340, 724, 706, 172],
    [60, 195, 214, 499, 307]
  ],
  "p_true": [
    [0.5663, 0.0115, 0.029, 0.3806, 0.0127],
    [0.0096, 0.4855, 0.3689, 0.1283, 0.0077],
    [0.0171, 0.1093, 0.8042, 0.0494, 0.02],
    [0.0343, 0.0264, 0.02, 0.9004, 0.0189],
    [0.1193, 0.1542, 0.3283, 0.3202, 0.078],
    [0.0471, 0.1529, 0.1678, 0.3914, 0.2408]
  ],
  "Z_est": [
    [
      [7, 2, 0.0762, 4, 4, 3, 3, 4, 14, 5, 0, 0.0682, 0.7755, 2, 4, 7, 7, 3, 6, 5, 2.9993, 3, 2, 0, 0, 2, 5, 9, 4, 6, 3, 24, 5, 6, 3],
      [7, 2, 0.3522, 4, 4, 5, 3, 4, 9, 2, 0, 0, 0.3771, 1, 4, 3, 7, 3, 4, 5, 0.0011, 1, 3, 0.0539, 0, 1, 4, 6, 3, 3, 3, 30, 6, 12, 4],
      [16, 4, 0.4596, 6, 6, 7, 6, 8, 25, 9, 0, 0.1802, 0.4375, 3, 8, 7, 8, 3, 10, 15, 1.0005, 2, 6, 0.34, 0, 3, 11, 18, 5, 4, 6, 66, 9, 17, 5],
      [31, 12, 1.0888, 40, 34, 13, 10, 13, 74, 24, 0, 0.718, 1.3969, 10, 26, 32, 52, 14, 42, 55, 3.9976, 9, 11, 0.5023, 0, 7, 30, 54, 21, 20, 34, 252, 30, 52, 17],
      [1, 2.2499e-16, 0.0232, 1, 1, 5.6227e-26, 2.9569e-23, 4.635e-22, 5, 1, 0, 0.0336, 0.0131, 1.507e-18, 1, 2, 1, 3.8553e-14, 1, 2, 0.0015, 3.4718e-07, 1.0222e-13, 0.1038, 0, 8.4889e-11, 2, 4, 1, 1, 1, 7, 1, 3, 1.5549e-32]
    ],
    [
      [17, 5, 0.1199, 7, 5, 11, 10, 8, 11, 5, 0.3486, 0.12, 0.9926, 3, 7, 6, 9, 2, 7, 8, 0.0013, 2, 8, 0, 0, 3, 7, 7, 5, 3, 4, 43, 8, 14, 6],
      [30, 10, 1.117, 13, 10, 43, 26, 24, 9, 4, 1.7283, 0, 1.0318, 7, 12, 7, 11, 6, 9, 8, 2.9978, 3, 22, 0.132, 0.4341, 10, 7, 9, 11, 4, 7, 59, 19, 49, 38],
      [59, 18, 1.4809, 17, 11, 61, 52, 41, 22, 13, 1.64, 0.5086, 1.1031, 13, 23, 9, 12, 8, 16, 23, 0.9996, 3, 42, 0.5586, 0, 15, 17, 19, 17, 4, 12, 132, 27, 66, 44],
      [111, 53, 2.144, 106, 65, 112, 87, 70, 63, 35, 3.9304, 1.3001, 5.8425, 43, 71, 44, 74, 28, 71, 86, 5.001, 14, 77, 1.0008, 1.5659, 34, 46, 56, 62, 18, 65, 498, 85, 202, 142],
      [6, 2, 0.1382, 2, 2, 4, 5, 3, 4, 2, 0.3527, 0.0713, 0.03, 1, 4, 3, 1, 1, 2, 3, 0.0003, 1.3496e-07, 1, 0.3087, 0, 1, 3, 4, 2, 1, 2, 15, 4, 14, 4]
    ],
    [
      [18, 4, 0.1918, 7, 5, 9, 7, 7, 29, 10, 0.5559, 0.1893, 0.7239, 3, 9, 8, 7, 2, 10, 14, 2.9987, 1, 5, 0, 0, 3, 13, 21, 4, 5, 5, 62, 8, 16, 2],
      [33, 14, 2.0055, 12, 9, 41, 24, 22, 23, 10, 1.5676, 0, 2.0654, 13, 20, 9, 11, 6, 14, 23, 1.001, 5, 18, 0.3322, 0, 13, 16, 18, 14, 4, 10, 81, 19, 52, 23],
      [67, 23, 2.6389, 18, 13, 62, 45, 40, 64, 33, 2.2184, 0.9496, 2.414, 21, 36, 15, 12, 11, 30, 55, 9.001, 5, 35, 1.7386, 0, 20, 39, 59, 19, 9, 18, 190, 31, 75, 24],
      [123, 68, 3.9496, 106, 68, 110, 75, 67, 177, 85, 5.2071, 2.746, 6.5524, 67, 109, 66, 69, 34, 124, 205, 20.9973, 20, 61, 5.0736, 0, 46, 103, 163, 71, 30, 96, 710, 92, 225, 79],
      [6, 2, 0.2142, 2, 2, 4, 4, 3, 12, 5, 0.451, 0.1151, 0.2443, 1, 6, 5, 1, 2, 5, 8, 1.0021, 2.1794e-07, 1, 0.8556, 0, 1, 7, 13, 3, 2, 3, 22, 4, 15, 2]
    ],
    [
      [59, 18, 0.5331, 54, 38, 25, 23, 21, 97, 34, 0.8245, 0.4966, 3.2716, 14, 41, 47, 56, 12, 56, 64, 11.0006, 8, 19, 0, 0, 11, 41, 68, 26, 28, 33, 321, 35, 58, 15],
      [101, 50, 3.7374, 87, 64, 105, 66, 61, 75, 26, 3.4909, 0, 5.716, 48, 76, 42, 71, 30, 70, 85, 4.9991, 13, 60, 1.1253, 1.5659, 41, 49, 57, 67, 20, 55, 422, 77, 193, 106],
      [212, 97, 5.3706, 136, 94, 155, 135, 113, 205, 103, 6.4724, 2.6789, 7.9302, 99, 157, 76, 91, 44, 156, 243, 21.9961, 26, 120, 4.6074, 0, 79, 121, 180, 110, 37, 122, 971, 116, 271, 128],
      [397, 280, 9.9716, 817, 511, 286, 222, 192, 583, 270, 12.0441, 8.2689, 28.5231, 306, 468, 352, 521, 162, 654, 886, 73.0054, 102, 216, 14.1992, 7.4341, 170, 319, 524, 395, 155, 615, 3670, 378, 826, 404],
      [21, 12, 0.3872, 21, 18, 12, 13, 9, 40, 18, 1.1681, 0.5557, 0.5592, 7, 26, 28, 11, 9, 26, 36, 4.9988, 3, 3, 3.0681, 0, 6, 22, 44, 18, 11, 19, 115, 19, 57, 12]
    ],
    [
      [6, 2, 0.0258, 3, 2, 2, 2, 3, 9, 3, 0.2048, 0.0917, 0.1855, 1, 4, 3, 3, 1, 4, 6, 1, 4.9254e-07, 1, 0, 0, 2.2724e-13, 3, 10, 2, 4, 2, 29, 3, 6, 1.9074e-22],
      [11, 5, 0.1964, 5, 3, 12, 8, 9, 7, 2, 0.5258, 0, 0.6109, 4, 8, 3, 3, 2, 5, 8, 0.0009, 2.7963e-07, 3, 0.0494, 0, 2, 3, 8, 7, 2, 3, 38, 8, 21, 6],
      [24, 10, 0.2623, 8, 5, 18, 16, 16, 19, 10, 0.8596, 0.5144, 0.9699, 8, 17, 6, 5, 3, 12, 23, 2.0017, 1, 6, 0.2208, 0, 6, 12, 26, 12, 5, 9, 88, 12, 29, 7],
      [46, 34, 0.4884, 54, 29, 34, 30, 29, 57, 29, 2.2254, 1.3046, 4.2111, 30, 55, 31, 30, 13, 56, 89, 8.9982, 9, 14, 0.5788, 0, 13, 27, 79, 45, 23, 42, 337, 40, 92, 27],
      [3, 1, 0.0272, 3, 1, 2, 1, 2, 3, 1, 0.1843, 0.0893, 0.0227, 4.5206e-18, 3, 2, 1.7496e-24, 2, 3, 3, 0.9993, 0, 1.6768e-18, 0.151, 0, 3.2527e-13, 1, 7, 1, 2, 1, 10, 2, 6, 1]
    ],
    [
      [2, 1.3981e-24, 0.0532, 2, 1, 1, 1, 1, 9, 2, 0.0662, 0.0343, 0.051, 3.8737e-18, 1, 1, 2, 1, 2, 2, 0.0002, 0, 2.6426e-10, 0, 0, 1.691e-10, 3, 5, 1.4103e-27, 2, 6.6113e-29, 12, 3, 5, 1.5259e-22],
      [4, 2, 0.5915, 4, 2, 5, 4, 3, 7, 1, 0.6874, 0, 0.1989, 2, 3, 1, 3, 3, 3, 3, 0.0002, 8.0232e-07, 2, 0.3072, 0, 1, 3, 4, 1, 1, 1, 16, 7, 18, 5],
      [9, 4, 0.7878, 6, 3, 8, 8, 7, 19, 7, 0.8095, 0.1683, 0.1453, 5, 6, 2, 4, 4, 7, 11, 0.001, 1, 4, 1.5347, 0, 3, 9, 15, 2, 2, 2, 38, 10, 25, 6],
      [17, 12, 1.3576, 37, 19, 14, 14, 12, 56, 20, 1.593, 0.6623, 0.4741, 16, 20, 11, 26, 16, 31, 41, 2.0005, 5, 7, 4.6453, 0, 8, 27, 43, 10, 12, 16, 144, 34, 78, 21],
      [3, 3, 0.2099, 2, 2, 2, 3, 2, 6, 4, 0.8438, 0.1351, 0.1307, 2, 3, 3, 3, 2, 3, 4, 1.9981, 3, 2, 2.5128, 0, 2, 3, 6, 3, 3, 2, 7, 4, 7, 3]
    ]
  ],
  "V_est": [
    [155.9191, 143.7843, 295.4177, 1026.7037, 36.1752],
    [232.5823, 474.4409, 802.2909, 2438.7846, 96.9013],
    [298.6596, 563.9716, 1087.9605, 3293.526, 143.8823],
    [1338.1264, 2237.6346, 4446.0555, 14834.4464, 646.7371],
    [115.5078, 197.3834, 417.8287, 1411.8064, 62.4737],
    [58.2048, 110.7853, 230.4467, 777.7329, 97.8304]
  ],
  "p_est": [
    [0.094, 0.0867, 0.1782, 0.6192, 0.0218],
    [0.0575, 0.1173, 0.1983, 0.6029, 0.024],
    [0.0554, 0.1047, 0.2019, 0.6113, 0.0267],
    [0.0569, 0.0952, 0.1892, 0.6312, 0.0275],
    [0.0524, 0.0895, 0.1895, 0.6403, 0.0283],
    [0.0457, 0.0869, 0.1807, 0.61, 0.0767]
  ],
  "EI_Z": {},
  "EI_V": 35.6174,
  "MAE_Z": {},
  "MAE_V": 904.0638,
  "MAE_p": 0.1626,
  "runtime": 0.3209
}
