{
  "X": [
    [0, 16, 3, 82, 1],
    [17, 358, 246, 277, 15],
    [43, 460, 310, 381, 29],
    [5, 82, 50, 128, 9],
    [22, 293, 196, 263, 23],
    [10, 72, 63, 134, 8],
    [13, 27, 46, 146, 6],
    [25, 64, 85, 246, 20],
    [18, 30, 45, 100, 6],
    [20, 106, 130, 230, 24],
    [2, 12, 16, 140, 9],
    [25, 104, 130, 332, 26],
    [8, 40, 43, 143, 13],
    [5, 110, 76, 211, 8],
    [68, 308, 373, 236, 36],
    [6, 63, 37, 59, 1],
    [9, 67, 63, 221, 9],
    [78, 363, 337, 550, 26],
    [19, 75, 78, 106, 6],
    [1, 38, 32, 76, 3],
    [0, 32, 20, 99, 2],
    [8, 35, 28, 96, 7],
    [59, 267, 232, 645, 19],
    [19, 152, 255, 198, 13],
    [26, 166, 234, 220, 20],
    [14, 96, 155, 136, 7],
    [15, 109, 103, 250, 14],
    [11, 60, 70, 28, 9],
    [54, 400, 500, 594, 68],
    [26, 121, 150, 109, 17],
    [35, 336, 399, 335, 40],
    [14, 177, 154, 264, 26],
    [42, 402, 516, 498, 54],
    [15, 176, 181, 173, 22],
    [4, 39, 32, 53, 1],
    [19, 56, 55, 194, 25],
    [4, 3, 5, 77, 3],
    [11, 74, 85, 239, 8],
    [18, 123, 85, 169, 14],
    [25, 209, 110, 310, 24],
    [3, 65, 19, 98, 4],
    [5, 34, 8, 140, 7],
    [13, 21, 26, 152, 11],
    [16, 28, 57, 142, 26],
    [2, 41, 28, 122, 4],
    [1, 21, 23, 63, 1],
    [27, 57, 110, 219, 35],
    [26, 50, 135, 143, 43],
    [23, 60, 115, 245, 21],
    [20, 39, 66, 228, 25],
    [30, 80, 165, 498, 53],
    [1, 9, 8, 84, 4],
    [2, 23, 25, 78, 6],
    [30, 235, 250, 349, 33],
    [274, 1528, 1936, 3600, 284],
    [76, 196, 241, 413, 46],
    [154, 382, 423, 662, 49],
    [50, 40, 89, 239, 10]
  ],
  "W": [
    [3, 0, 5, 89, 4, 1],
    [22, 63, 221, 432, 155, 20],
    [49, 150, 239, 582, 176, 27],
    [17, 22, 40, 163, 21, 11],
    [49, 87, 171, 363, 107, 20],
    [22, 30, 32, 168, 29, 6],
    [6, 25, 33, 146, 24, 4],
    [21, 18, 83, 249, 52, 17],
    [4, 13, 40, 106, 29, 7],
    [18, 30, 122, 248, 76, 16],
    [8, 4, 14, 144, 7, 2],
    [48, 32, 93, 328, 102, 14],
    [14, 8, 41, 150, 30, 4],
    [10, 17, 68, 245, 57, 13],
    [35, 140, 319, 341, 151, 35],
    [6, 18, 26, 88, 25, 3],
    [7, 34, 30, 263, 22, 13],
    [34, 172, 234, 760, 128, 26],
    [20, 41, 44, 149, 21, 9],
    [6, 7, 22, 95, 12, 8],
    [5, 0, 17, 120, 10, 1],
    [9, 7, 20, 113, 21, 4],
    [25, 147, 148, 780, 89, 33],
    [21, 36, 198, 284, 80, 18],
    [29, 44, 184, 302, 77, 30],
    [14, 39, 110, 195, 41, 9],
    [33, 49, 66, 290, 44, 9],
    [1, 19, 64, 53, 33, 8],
    [104, 121, 360, 794, 191, 46],
    [18, 43, 146, 147, 56, 13],
    [52, 71, 332, 498, 165, 27],
    [24, 25, 126, 374, 72, 14],
    [60, 137, 399, 692, 188, 36],
    [26, 42, 156, 249, 84, 10],
    [3, 15, 16, 67, 24, 4],
    [14, 19, 57, 205, 44, 10],
    [3, 5, 4, 78, 2, 0],
    [22, 36, 39, 281, 25, 14],
    [15, 23, 94, 195, 67, 15],
    [27, 33, 122, 373, 108, 15],
    [3, 9, 21, 127, 19, 10],
    [11, 8, 8, 142, 23, 2],
    [16, 11, 20, 154, 17, 5],
    [24, 16, 64, 139, 20, 6],
    [7, 9, 17, 141, 16, 7],
    [6, 10, 12, 73, 7, 1],
    [42, 27, 97, 228, 45, 9],
    [36, 34, 116, 154, 43, 14],
    [20, 31, 96, 253, 52, 12],
    [20, 21, 73, 235, 18, 11],
    [53, 45, 123, 519, 71, 15],
    [6, 0, 4, 87, 9, 0],
    [10, 7, 13, 95, 8, 1],
    [37, 55, 239, 388, 151, 27],
    [324, 574, 1561, 4071, 901, 191],
    [19, 121, 205, 478, 113, 36],
    [63, 206, 355, 815, 170, 61],
    [11, 84, 47, 243, 22, 21]
  ],
  "method": "mvn_cdf",
  "mvncdf_method": "genz",
  "mvncdf_samples": 5000,
  "mvncdf_error": 1e-06,
  "cond_prob": [
    [
      [0, 0.4271228708, 0.051864648965, 0.30589129892, 0.21512118131],
      [0.044640586819, 0.72753792035, 0.106514723, 0.11760525808, 0.0037015117506],
      [0, 0.49389591768, 0.41665311349, 0.089429502077, 2.1466752104e-05],
      [0, 0.093966362585, 0.0047430321021, 0.89968030814, 0.0016102971736],
      [0, 0.78027089155, 0.059430188591, 0.12881888225, 0.031480037615],
      [0, 0.76506196293, 0.10128987419, 0.048355639474, 0.0852925234]
    ],
    [
      [0.028284134285, 0.49178968516, 0.095331690782, 0.09829193344, 0.28630255633],
      [0.17102686765, 0.64237003134, 0.15254925889, 0.029622938709, 0.0044309034075],
      [0, 0.42250798183, 0.55608077798, 0.021411240186, 0],
      [0, 0.17978983967, 0.21350661138, 0.60670354895, 0],
      [0.012243372837, 0.80048432285, 0.10629405674, 0.038177119696, 0.042801127883],
      [0.18526667969, 0.57963850929, 0.13439063247, 0.011303077332, 0.08940110121]
    ],
    [
      [0.033650400888, 0.45659056941, 0.095818498488, 0.1005252918, 0.31341523941],
      [0.20569345305, 0.60353911116, 0.15517564933, 0.030667108374, 0.0049246780839],
      [1.5108631568e-05, 0.40327955614, 0.57420711242, 0.022475915094, 2.2307714083e-05],
      [0.0018401023054, 0.16970478554, 0.21038331181, 0.61609308722, 0.001978713125],
      [0.019881564259, 0.78100194162, 0.10632559255, 0.041051054409, 0.051739847161],
      [0.21938542908, 0.53658720736, 0.13469090896, 0.011529200019, 0.09780725457]
    ],
    [
      [0.021259823858, 0.4174362332, 0.075828660317, 0.15516146374, 0.33031381888],
      [0.11642233755, 0.64397202885, 0.14303646392, 0.070767568977, 0.025801600703],
      [0, 0.42785318751, 0.53183917994, 0.040281194889, 2.6437664297e-05],
      [0, 0.12957624266, 0.12897734389, 0.73950146416, 0.0019449492838],
      [0.013475314351, 0.77102499198, 0.090414715803, 0.067982327955, 0.057102649907],
      [0.1631190879, 0.57360177406, 0.12441157131, 0.020704841671, 0.11816272506]
    ],
    [
      [0.028673057456, 0.449933742, 0.093619194486, 0.12544272851, 0.30233127755],
      [0.18180663703, 0.61650999492, 0.15713367069, 0.039637273371, 0.0049124239837],
      [0, 0.40257381798, 0.56898646725, 0.028417964248, 2.1750517015e-05],
      [0, 0.14971557421, 0.18050152793, 0.66865300676, 0.0011298910969],
      [0.0080633669652, 0.77634550296, 0.11374688394, 0.051622910446, 0.050221335695],
      [0.19575312487, 0.55305159766, 0.13761865, 0.0150349381, 0.098541689371]
    ],
    [
      [0.035521845528, 0.36355106466, 0.12416934815, 0.19606768951, 0.28069005215],
      [0.22769716575, 0.49788251467, 0.20822255788, 0.066197761697, 0],
      [1.4245731266e-05, 0.28733607493, 0.67336113217, 0.039288547173, 0],
      [0.0013439553863, 0.10188175047, 0.16016610344, 0.7366081907, 0],
      [0.023082940064, 0.69115455279, 0.15378113187, 0.087971175213, 0.044010200057],
      [0.24865979931, 0.45183843819, 0.18441386199, 0.023667392016, 0.091420508496]
    ],
    [
      [0.044850699132, 0.16270431019, 0.091807998328, 0.33389303377, 0.36674395858],
      [0.37666333413, 0.2850305271, 0.19702887503, 0.13416122241, 0.0071160413301],
      [2.5766659659e-05, 0.18502318947, 0.71882326128, 0.09609652997, 3.1252619872e-05],
      [0.0046722156006, 0.0044611874719, 0.082621303823, 0.90304542217, 0.0051998709295],
      [0.044033254858, 0.46453692399, 0.16962585848, 0.22624023201, 0.09556373067],
      [0.39363013945, 0.24800654055, 0.16713288762, 0.049257135618, 0.14197329676]
    ],
    [
      [0.082901936944, 0.16146667137, 0.065634308767, 0.24585565782, 0.44414142511],
      [0.5670669754, 0.23024494138, 0.11463059645, 0.080698024811, 0.0073594619542],
      [0, 0.24044672074, 0.66682157345, 0.092617663862, 0.00011404195281],
      [0, 0.032535834023, 0.072355156629, 0.88843879247, 0.0066702168784],
      [0.069065364534, 0.48468207007, 0.12768550929, 0.19233916491, 0.1262278912],
      [0.55649734183, 0.18840134236, 0.091532805882, 0.027900278726, 0.1356682312]
    ],
    [
      [0.175655338, 0.16096202714, 0.073464734921, 0.21226900002, 0.37764889992],
      [0.74643142787, 0.13431308916, 0.075100240693, 0.040648419943, 0.0035068223396],
      [0, 0.22311668338, 0.70221757051, 0.074505637168, 0.00016010893706],
      [0, 0.044270358518, 0.098673629137, 0.84618162737, 0.010874384975],
      [0.081673305825, 0.45548183024, 0.16393996113, 0.20161604537, 0.097288857435],
      [0.74646345954, 0.11196904535, 0.061067364218, 0.014307319538, 0.066192811357]
    ],
    [
      [0.037211546834, 0.18740780025, 0.074244618037, 0.19071327081, 0.51042276407],
      [0.34752457939, 0.37253927501, 0.18083705763, 0.087331268141, 0.011767819824],
      [2.5399435112e-05, 0.25271695019, 0.68213595862, 0.065067676723, 5.4015026431e-05],
      [0.0032102454416, 0.057638432652, 0.10926873042, 0.82841440918, 0.0014681823076],
      [0.037481597382, 0.54769750819, 0.14069638842, 0.13285012704, 0.14127437897],
      [0.32853836085, 0.29372946884, 0.1391454707, 0.029098961825, 0.20948773779]
    ],
    [
      [0.011374754231, 0.081901708621, 0.029982581891, 0.14845614704, 0.72828480822],
      [0.2660061601, 0.37703884579, 0.16854199053, 0.15627751519, 0.03213548839],
      [1.7263456358e-05, 0.2503342607, 0.63450410185, 0.11500130672, 0.00014306727259],
      [0.0023818625171, 0.020984748056, 0.037041443392, 0.93937560796, 0.00021633808033],
      [0.019389546311, 0.40994142978, 0.096687753451, 0.17570458913, 0.29827668134],
      [0.18301030536, 0.22027878481, 0.096065917151, 0.038601399701, 0.46204359297]
    ],
    [
      [0.049853736997, 0.2031745703, 0.10527398362, 0.32520622615, 0.31649148293],
      [0.36293544005, 0.31505978514, 0.20001716166, 0.11617134653, 0.00581626662],
      [2.5208075084e-05, 0.2026686425, 0.7152223027, 0.082058500844, 2.5345875283e-05],
      [0.0034932864845, 0.02789080836, 0.097700865399, 0.86736370625, 0.003551333505],
      [0.04336350347, 0.51224998612, 0.17212117446, 0.19544302365, 0.076822312296],
      [0.38727620504, 0.279988573, 0.17345584396, 0.043620958186, 0.11565841981]
    ],
    [
      [0.048465236929, 0.16899417433, 0.058471969085, 0.20774076903, 0.51632785063],
      [0.45096927758, 0.31551986439, 0.13362973545, 0.08906985164, 0.010811270934],
      [3.8880996913e-05, 0.27119149265, 0.64433882708, 0.084368180087, 6.2619188006e-05],
      [0.0030411445922, 0.047772240672, 0.071607244488, 0.87453795714, 0.0030414131076],
      [0.05187514999, 0.52772618486, 0.11809529536, 0.1540264866, 0.14827688319],
      [0.42492803823, 0.24836244979, 0.10262927623, 0.029621716951, 0.19445851881]
    ],
    [
      [0.021445864664, 0.36444035687, 0.08541485591, 0.22615830719, 0.30254061537],
      [0.14812910561, 0.5838180584, 0.16749612823, 0.094910502769, 0.0056462049883],
      [0, 0.36289539696, 0.58007468454, 0.057006124185, 2.3794322328e-05],
      [0, 0.096383253622, 0.10098338111, 0.8019420508, 0.0006913144718],
      [0, 0.72373559546, 0.10848892328, 0.111529417, 0.056246064264],
      [0.17441127369, 0.52976741284, 0.14834936259, 0.0319648248, 0.11550712607]
    ],
    [
      [0.051283133368, 0.29660509488, 0.12072765063, 0.10495665668, 0.42642746443],
      [0.33411128637, 0.41682963324, 0.20793310956, 0.034037693139, 0.0070882776858],
      [2.2794256819e-05, 0.25951091225, 0.71719461391, 0.023241778029, 2.9901554189e-05],
      [0.0054004739094, 0.13672264326, 0.23207308293, 0.6201665278, 0.0056372721005],
      [0.038611561283, 0.6465718589, 0.17079070305, 0.054624252516, 0.089401624254],
      [0.33572375758, 0.34925485632, 0.17007136035, 0.012058990774, 0.13289103498]
    ],
    [
      [0.040494436064, 0.55218919833, 0.10027004908, 0.16553953072, 0.1415067858],
      [0.21369947344, 0.61654364522, 0.13685768117, 0.032899200163, 0],
      [1.6074149152e-05, 0.43348227114, 0.54278244612, 0.02371920859, 0],
      [0.0022409730065, 0.17252869477, 0.19202082485, 0.63320950737, 0],
      [0.039678829886, 0.8166641603, 0.10207709165, 0.041579918155, 0],
      [0.240282854, 0.57313699966, 0.12427932241, 0.011981062192, 0.050319761727]
    ],
    [
      [0.021172644023, 0.25238134933, 0.084716038371, 0.1999301501, 0.44179981817],
      [0.17390236867, 0.50496085649, 0.20519628762, 0.09602645092, 0.019914036305],
      [1.2154692698e-05, 0.28586129237, 0.65667030275, 0.057418273378, 3.7976806932e-05],
      [0, 0.077083131163, 0.11619649827, 0.80455005165, 0.0021703189151],
      [0.018077069893, 0.62680216902, 0.13611525265, 0.11811019396, 0.10089531448],
      [0.19546544452, 0.41740857296, 0.16738386661, 0.032150274296, 0.18759184162]
    ],
    [
      [0.057295403595, 0.35102884072, 0.10175919804, 0.13432245841, 0.35559409924],
      [0.34197697248, 0.45209498899, 0.16057573635, 0.039927352394, 0.0054249497931],
      [2.7068409903e-05, 0.32637282121, 0.6419581368, 0.031615433289, 2.6540289384e-05],
      [0.0039139858621, 0.1282559384, 0.17813754862, 0.68766938213, 0.002023144988],
      [0.039335975844, 0.69766581498, 0.1312214124, 0.063745980405, 0.068030816366],
      [0.35445957079, 0.3906809094, 0.13546457166, 0.014588634767, 0.10480631338]
    ],
    [
      [0.06052933487, 0.39214722056, 0.14561095872, 0.15020462318, 0.25150786268],
      [0.31850427413, 0.43954828648, 0.1999371157, 0.04201032369, 0],
      [2.1473203381e-05, 0.274366753, 0.69895883878, 0.026652935019, 0],
      [0.0028692702978, 0.12715739928, 0.20845923571, 0.66151409471, 0],
      [0.056682213775, 0.69266381888, 0.1662061521, 0.066771208269, 0.017676606982],
      [0.34577171985, 0.39678289129, 0.17615720682, 0.014773293176, 0.066514888866]
    ],
    [
      [0.01561156046, 0.40815104163, 0.10877874884, 0.20883041118, 0.2586282379],
      [0.10791177244, 0.61536587574, 0.20038829626, 0.071954957384, 0.0043790981745],
      [0, 0.33592834199, 0.62044731557, 0.043601541513, 2.2800928391e-05],
      [0, 0.10844124844, 0.13319620126, 0.75666271821, 0.001699832081],
      [0, 0.7338501646, 0.12589194572, 0.097873945629, 0.042383944056],
      [0.018868528768, 0.59312356487, 0.26630325274, 0.02833166754, 0.093372986077]
    ],
    [
      [0, 0.44191704218, 0.073031129876, 0.21606664752, 0.26898518042],
      [0.068629375649, 0.70602488094, 0.1420777766, 0.078784324613, 0.0044836422067],
      [0, 0.44132889392, 0.50393715898, 0.054709752916, 2.4194190374e-05],
      [0, 0.11511345847, 0.084262024438, 0.79933140488, 0.0012931122104],
      [0, 0.78136180849, 0.082661672316, 0.095774252827, 0.040202266368],
      [0, 0.66059049083, 0.12985299233, 0.1120898491, 0.097466667739]
    ],
    [
      [0.08194118162, 0.24761370574, 0.068022952775, 0.17246475284, 0.42995740703],
      [0.52847002501, 0.31125191532, 0.10456025359, 0.049721248285, 0.0059965577984],
      [5.3374506528e-05, 0.32501823313, 0.61743816531, 0.057448119062, 4.2107993397e-05],
      [0, 0.08866503528, 0.10319537307, 0.80295113413, 0.0051884575224],
      [0.069360581386, 0.62097115693, 0.109875023, 0.10226629162, 0.097526947064],
      [0.52639987278, 0.25820132404, 0.084663926088, 0.017433956098, 0.11330092098]
    ],
    [
      [0.044059031851, 0.32268113333, 0.095726666373, 0.21001650927, 0.32751665918],
      [0.29308549218, 0.46337288601, 0.16839792603, 0.069580525159, 0.005563170617],
      [2.1828294381e-05, 0.31461473091, 0.63350583171, 0.051832011385, 2.5597697801e-05],
      [0.0022578212981, 0.091193694762, 0.12157957528, 0.78426847349, 0.00070043517089],
      [0.031594426507, 0.67000561038, 0.12892982884, 0.10409189563, 0.065378238648],
      [0.31026429374, 0.40886654575, 0.14505004954, 0.025955283465, 0.1098638275]
    ],
    [
      [0.043938021606, 0.32396506677, 0.17583504578, 0.14475037652, 0.31151148933],
      [0.26232109806, 0.41451539976, 0.27576454714, 0.042704792135, 0.0046941629083],
      [1.4299523727e-05, 0.20798383526, 0.76845871924, 0.023543145976, 0],
      [0.0043303273531, 0.11394405638, 0.23688295531, 0.64484266095, 0],
      [0.029318948881, 0.62603741864, 0.22040361081, 0.066704749376, 0.057535272296],
      [0.28086565732, 0.3694596845, 0.23989254221, 0.01609061176, 0.093691504205]
    ],
    [
      [0.044076608922, 0.31283300054, 0.14193113592, 0.14408050313, 0.35707875149],
      [0.2813088157, 0.42889823871, 0.23847335213, 0.045547694705, 0.005771898752],
      [1.6997711916e-05, 0.23787048426, 0.7343562745, 0.027734559385, 2.1684142489e-05],
      [0.0037104619527, 0.11186977605, 0.21086351131, 0.67151175006, 0.0020445006169],
      [0.03110271672, 0.6401877462, 0.18838494228, 0.070319807579, 0.070004787226],
      [0.29418647248, 0.37363408509, 0.20277313614, 0.016774473737, 0.11263183256]
    ],
    [
      [0.040264007612, 0.33698491611, 0.18220356069, 0.15183403645, 0.28871347913],
      [0.23905320271, 0.4283315774, 0.28389628898, 0.044447214286, 0.0042717166145],
      [1.2600881388e-05, 0.20797447211, 0.76826433497, 0.023748592036, 0],
      [0.0031653250124, 0.11419519669, 0.23344935615, 0.64919012214, 0],
      [0.028270968174, 0.63295339418, 0.22180577152, 0.067897251038, 0.049072615081],
      [0.25949942423, 0.38677057855, 0.25016188344, 0.016963988678, 0.086604125096]
    ],
    [
      [0.031403038432, 0.31613990949, 0.11053837435, 0.23572333684, 0.30619534089],
      [0.22056173522, 0.48226435049, 0.20956141506, 0.082788791281, 0.00482370795],
      [0, 0.27986126319, 0.66731853464, 0.052820202172, 0],
      [0, 0.082109002304, 0.12722952191, 0.79066147579, 0],
      [0.022369300706, 0.65325493677, 0.1479474741, 0.11597250077, 0.06045578765],
      [0.24132505276, 0.43452872846, 0.18160564546, 0.031525306154, 0.11101526716]
    ],
    [
      [0.03276131674, 0.19057514642, 0.068110563286, 0.037496285927, 0.67105668763],
      [0.3501842225, 0.42727763232, 0.18754055735, 0.0194379706, 0.015559617231],
      [2.4551468174e-05, 0.29959465655, 0.69701676792, 0.0033640240595, 0],
      [0.013956048305, 0.1851921477, 0.30297903676, 0.49787276723, 0],
      [0.035847754925, 0.61402490466, 0.14112098294, 0.028595118631, 0.18041123884],
      [0.29869008613, 0.30488576726, 0.13058303935, 0.0058736443566, 0.2599674629]
    ],
    [
      [0.036599981299, 0.29335712928, 0.12503619152, 0.14248197651, 0.4025247214],
      [0.25917036682, 0.44878147899, 0.2343995657, 0.050312985196, 0.0073356032898],
      [1.5795031844e-05, 0.24910964683, 0.72022372979, 0.030623231487, 2.7596867548e-05],
      [0.0017571664253, 0.1084951534, 0.19735341666, 0.68905503528, 0.003339228237],
      [0.027482114358, 0.63755282363, 0.17636531676, 0.073958730338, 0.084641014915],
      [0.26487016008, 0.38241490497, 0.19497733867, 0.018126617249, 0.13961097903]
    ],
    [
      [0.058437149715, 0.27329229133, 0.099050954502, 0.11026475968, 0.45895484477],
      [0.39226783717, 0.39043896012, 0.17342242909, 0.036289687433, 0.0075810861808],
      [3.0280127291e-05, 0.27984114118, 0.69152049639, 0.028571311855, 3.6770449336e-05],
      [0.0027826629058, 0.12541722067, 0.20116071675, 0.66446198928, 0.0061774104032],
      [0.047118402134, 0.63974874634, 0.15032394394, 0.061490144827, 0.10131876275],
      [0.38680857241, 0.3209842789, 0.13916612865, 0.012615823169, 0.14042519686]
    ],
    [
      [0.04032110146, 0.3309529208, 0.1224153412, 0.10788595083, 0.39842468571],
      [0.26820223878, 0.47433274574, 0.21500573055, 0.035686420656, 0.0067728642781],
      [1.7215120605e-05, 0.27828105909, 0.69871131823, 0.02296348311, 2.6924448693e-05],
      [0.0035018607496, 0.14057640672, 0.22837429347, 0.62285865084, 0.0046887882211],
      [0.028500699787, 0.67753625696, 0.16262524554, 0.052734719465, 0.078603078252],
      [0.2743957864, 0.40455476325, 0.17901015094, 0.012869683985, 0.12916961543]
    ],
    [
      [0.030894707894, 0.29036901882, 0.067562910098, 0.092373804492, 0.5187995587],
      [0.2652885192, 0.5327309405, 0.1518411482, 0.039086762507, 0.011052629589],
      [2.021703324e-05, 0.37538032514, 0.59429526118, 0.03025147124, 5.2725406729e-05],
      [0.0033731259427, 0.14239717982, 0.17240639396, 0.67646506306, 0.0053582372191],
      [0.025579124576, 0.69807650928, 0.10528272241, 0.052961991723, 0.11809965201],
      [0.25146575802, 0.42120679637, 0.11720794207, 0.013069804584, 0.19704969895]
    ],
    [
      [0.028074663588, 0.28910160202, 0.12220118411, 0.12386096445, 0.43676158583],
      [0.21551351987, 0.47985964732, 0.24856582801, 0.047455202315, 0.0086058024794],
      [0, 0.25150669929, 0.72117671293, 0.027273603089, 4.2984689642e-05],
      [0, 0.11879437573, 0.21155957103, 0.66505216599, 0.0045938872517],
      [0.015927095822, 0.64830938638, 0.17631297076, 0.065763344512, 0.093687202524],
      [0.2165520541, 0.40205795931, 0.20330112226, 0.016811226369, 0.16127763797]
    ],
    [
      [0.030903149906, 0.32629527837, 0.10334989927, 0.10622515548, 0.43322651698],
      [0.22976450002, 0.52088601778, 0.20217030235, 0.039096915806, 0.0080822640454],
      [1.483424771e-05, 0.30875544677, 0.66574694925, 0.025450304489, 3.2465249549e-05],
      [0.0013239842064, 0.13996414797, 0.21022738711, 0.64243252938, 0.0060519513371],
      [0.022643919747, 0.69348666561, 0.14241895555, 0.053826773614, 0.087623685476],
      [0.23123336327, 0.43693075652, 0.165541418, 0.013867919514, 0.15242654269]
    ],
    [
      [0.030213424618, 0.39983342801, 0.1519253824, 0.2124811268, 0.20554663816],
      [0.18236132043, 0.51336194447, 0.23892240588, 0.062328496592, 0.0030258326284],
      [1.0134816823e-05, 0.26417091558, 0.70019969247, 0.035608654505, 1.0602628886e-05],
      [0, 0.099510491167, 0.1742539594, 0.72623554944, 0],
      [0.014236078922, 0.7196492518, 0.17517548609, 0.087541985778, 0.0033971974081],
      [0.20802796711, 0.48363773707, 0.21949143484, 0.024775306921, 0.064067554057]
    ],
    [
      [0.040213606637, 0.092355127211, 0.028809761937, 0.10819406873, 0.73042743548],
      [0.54726064126, 0.2602337858, 0.099425623042, 0.070182625631, 0.022897324265],
      [6.3797475734e-05, 0.29152779754, 0.62174433416, 0.08666407083, 0],
      [0.0034497697598, 0.054625510452, 0.062806680386, 0.8791180394, 0],
      [0.071733997024, 0.46102998631, 0.085752275583, 0.13189298848, 0.2495907526],
      [0.41719221973, 0.16619527888, 0.061967984354, 0.018947154272, 0.33569736277]
    ],
    [
      [0.046834632771, 0.0647928255, 0.02511552639, 0.14215075136, 0.72110626398],
      [0.70944323584, 0.14257416453, 0.067159391948, 0.070789378734, 0.010033828952],
      [8.0180103544e-05, 0.23249941112, 0.63803047368, 0.12928214765, 0.00010778743963],
      [0.0016399550543, 0.005258929855, 0.023724340317, 0.96560070301, 0.0037760717624],
      [0.092021353926, 0.37627826384, 0.093118010799, 0.1928087134, 0.24577365804],
      [0.61617768081, 0.10783521609, 0.049579282905, 0.022664864447, 0.20374295575]
    ],
    [
      [0.028474037869, 0.30775510781, 0.13407360642, 0.27150335006, 0.25819389785],
      [0.18849606643, 0.4608760966, 0.25442779277, 0.096200044205, 0],
      [0, 0.23796911382, 0.70884245576, 0.053188430423, 0],
      [0, 0.06958102665, 0.13431368235, 0.796105291, 0],
      [0.01986789517, 0.6333916143, 0.17584573305, 0.1308714064, 0.040023351083],
      [0.22078681402, 0.42642813325, 0.22198830548, 0.036571713663, 0.09422503359]
    ],
    [
      [0.052741356245, 0.31517698741, 0.069295119052, 0.17401019836, 0.38877633893],
      [0.3588652362, 0.45449468361, 0.12234791055, 0.057760650752, 0.0065315188882],
      [3.2056044775e-05, 0.3790413319, 0.5679510505, 0.052938711215, 3.6850339673e-05],
      [0.0040647638686, 0.10324209908, 0.10076287874, 0.78817493841, 0.0037553199],
      [0.039758623179, 0.69045702658, 0.098316267019, 0.090740706609, 0.080727376614],
      [0.36636728321, 0.3864168111, 0.10154808531, 0.020758191314, 0.12490962907]
    ],
    [
      [0.053667598496, 0.33558585176, 0.056286834522, 0.14793283598, 0.40652687924],
      [0.36224255761, 0.48268951277, 0.0991349097, 0.049054604286, 0.0068784156269],
      [3.5964717747e-05, 0.44414008173, 0.50623194036, 0.049549164658, 4.2848542519e-05],
      [0.0048546387388, 0.12264509094, 0.090481546841, 0.77716597259, 0.0048527508866],
      [0.039806989361, 0.72212645117, 0.078499067345, 0.075902395646, 0.08366509648],
      [0.36550984288, 0.40593749749, 0.081399365294, 0.017443126184, 0.12971016815]
    ],
    [
      [0.019576118943, 0.49342122248, 0.041684437819, 0.12087228831, 0.32444593245],
      [0.13647076712, 0.74037993021, 0.076228774804, 0.041564591364, 0.0053559365026],
      [1.2166095889e-05, 0.60943058757, 0.3526936197, 0.037833759037, 2.9867594038e-05],
      [0.00020221693775, 0.16858682385, 0.072811289146, 0.75105068746, 0.0073489826063],
      [0.011392178952, 0.84419688214, 0.045797869995, 0.04886302824, 0.049750040673],
      [0.14706462999, 0.66080072321, 0.066512844807, 0.015695802898, 0.10992599909]
    ],
    [
      [0.037508005675, 0.2561215525, 0.048720787457, 0.2867780976, 0.37087155677],
      [0.3251077246, 0.44858438354, 0.10408121618, 0.11493615192, 0.0072905237597],
      [2.8321882523e-05, 0.38568355919, 0.50496078312, 0.10928495206, 4.2383752392e-05],
      [0.0040568148797, 0.063955383011, 0.0043884756633, 0.92317515182, 0.0044241746276],
      [0.031889546317, 0.63700789542, 0.077951907299, 0.16855879625, 0.084591854707],
      [0.33839814375, 0.38783669914, 0.087838965784, 0.041974111282, 0.14395208005]
    ],
    [
      [0.098959749042, 0.14694114477, 0.0594465143, 0.25699630569, 0.4376562862],
      [0.63944885839, 0.18683834119, 0.092476854085, 0.074965215911, 0.0062707304203],
      [0, 0.23629027196, 0.65889665705, 0.10468045565, 0.00013261534303],
      [0, 0.021468548757, 0.054844614932, 0.91588077028, 0.0078060660272],
      [0.072684069963, 0.45850172293, 0.11983407133, 0.22318721573, 0.12579292004],
      [0.62941547673, 0.15344573857, 0.074085464641, 0.026002265981, 0.11705105408]
    ],
    [
      [0.045381039155, 0.06982854446, 0.030605432641, 0.14170018753, 0.71248479622],
      [0.60838130702, 0.18946783797, 0.10169373006, 0.078563946315, 0.02189317864],
      [7.2874883986e-05, 0.22417088784, 0.67332843563, 0.10242780164, 0],
      [0.0059162123272, 0.0093026013959, 0.066164628206, 0.91861655807, 0],
      [0.077224345319, 0.34595988675, 0.098217340358, 0.1485260465, 0.33007238106],
      [0.46754162259, 0.12223889577, 0.064019987914, 0.021428425177, 0.32477106855]
    ],
    [
      [0.017902103548, 0.35211568552, 0.086938461287, 0.25338331749, 0.28966043216],
      [0.088844171247, 0.58415748187, 0.17617358097, 0.13235851513, 0.018466250777],
      [0, 0.34664208507, 0.59007857167, 0.063257533708, 2.1809549799e-05],
      [0, 0.086353305761, 0.091343332422, 0.82116267081, 0.001140691008],
      [0, 0.71555133307, 0.11178350609, 0.11963251839, 0.053032642444],
      [0.15358396199, 0.53717428239, 0.15808383641, 0.037379312879, 0.11377860633]
    ],
    [
      [0.017593475422, 0.35665244864, 0.1612227595, 0.30835686064, 0.15617445579],
      [0.067554993202, 0.54608240723, 0.28450830496, 0.10185429462, 0],
      [0, 0.24459088709, 0.70170895847, 0.053700154447, 0],
      [0, 0.070736029467, 0.12767948229, 0.80158448824, 0],
      [0.011017179362, 0.68476978323, 0.17146035131, 0.1327526861, 0],
      [0.14176895991, 0.50705195718, 0.24624822545, 0.041977592225, 0.062953265233]
    ],
    [
      [0.073224450782, 0.12457990061, 0.064589533531, 0.17553354468, 0.5620725704],
      [0.58330568761, 0.20709319785, 0.13156171079, 0.06718357047, 0.010855833279],
      [0, 0.20427787084, 0.72278824769, 0.072800957091, 0.00013292437537],
      [0, 0.023630927346, 0.11218200299, 0.8596256365, 0.0045614331606],
      [0.074805237951, 0.43438065323, 0.15917695314, 0.14581629741, 0.18582085827],
      [0.53434264377, 0.15846594789, 0.098239311192, 0.021729264079, 0.18722283307]
    ],
    [
      [0.032564347231, 0.079486485325, 0.053728240855, 0.099026223517, 0.73519470307],
      [0.46594134523, 0.24041429147, 0.19924390859, 0.068944719157, 0.025455735558],
      [3.488688932e-05, 0.16851805577, 0.77823988496, 0.053207172383, 0],
      [0.0028510923725, 0.010699234201, 0.1681829723, 0.81826670113, 0],
      [0.085222502575, 0.36427432369, 0.19566136697, 0.10815408149, 0.24668772527],
      [0.34842821762, 0.15034486878, 0.12157480491, 0.018229001985, 0.3614231067]
    ],
    [
      [0.049396118184, 0.14488288299, 0.08094791428, 0.23495430597, 0.48981877858],
      [0.43506154234, 0.26939829142, 0.18444614711, 0.10058684409, 0.010507175038],
      [3.299547902e-05, 0.19144246746, 0.72992206695, 0.078551978257, 5.0491858701e-05],
      [0.002858614047, 0.015774972428, 0.10767975229, 0.86971861173, 0.0039680495039],
      [0.053766923588, 0.45764188943, 0.16579821729, 0.17683215052, 0.14596081917],
      [0.41690773979, 0.21533934631, 0.14385067496, 0.033970933748, 0.1899313052]
    ],
    [
      [0.038822682843, 0.073792512196, 0.028072249812, 0.11651740192, 0.74279515322],
      [0.56712284469, 0.22312366346, 0.10392315128, 0.09826852405, 0.0075618165164],
      [6.5994495856e-05, 0.25009488507, 0.64975536572, 0.10008375471, 0],
      [0.00629573465, 0.027410209462, 0.057446720901, 0.90884733499, 0],
      [0.066397199295, 0.36739424504, 0.090545840685, 0.13812451133, 0.33753820366],
      [0.42131834331, 0.13883005265, 0.063111144082, 0.021321266977, 0.35541919299]
    ],
    [
      [0.032805628863, 0.10891019499, 0.061097995007, 0.19025583138, 0.60693034976],
      [0.39588124271, 0.28028271614, 0.19266625545, 0.11289807728, 0.018271708414],
      [2.9030144416e-05, 0.1901609536, 0.7256441624, 0.084165853858, 0],
      [0.004416522668, 0.011268305533, 0.098522511582, 0.88579266022, 0],
      [0.04333079847, 0.41376699362, 0.15059368462, 0.17248619442, 0.21982232887],
      [0.33829420562, 0.1999688685, 0.13415051172, 0.034047798533, 0.29353861563]
    ],
    [
      [0.031393919517, 0.17547291205, 0.063345637556, 0.29023557286, 0.43955195801],
      [0.42448445994, 0.31171310165, 0.13748379988, 0.11816025027, 0.0081583882666],
      [2.1389075538e-05, 0.25171797295, 0.64221882239, 0.1059988802, 4.2935391658e-05],
      [0.0060508967702, 0.025027537197, 0.045410586482, 0.91939716156, 0.0041138179937],
      [0.031680323066, 0.52921054441, 0.12225887346, 0.20522644296, 0.1116238161],
      [0.42559406151, 0.26113647397, 0.11224734855, 0.041760213559, 0.1592619024]
    ],
    [
      [0.02044704533, 0.25342356383, 0.08790820293, 0.17843452123, 0.45978666668],
      [0.19550578069, 0.50155593686, 0.21263200397, 0.080662372233, 0.0096439062534],
      [1.1284928279e-05, 0.27756107703, 0.67268661907, 0.049704772647, 3.624632901e-05],
      [0.00096811527948, 0.082633449736, 0.13245403609, 0.78035901447, 0.0035853844208],
      [0.017435664531, 0.63496399798, 0.14151206074, 0.10530271585, 0.1007855609],
      [0.19538611, 0.41668909352, 0.17233798035, 0.028328036137, 0.18725877999]
    ],
    [
      [0.037327047362, 0.26946259071, 0.096385164394, 0.20483780573, 0.3919873918],
      [0.28310793047, 0.43959617816, 0.19266319897, 0.077060894967, 0.0075717974333],
      [1.9414410267e-05, 0.27610238605, 0.67075194385, 0.05309403707, 3.221861993e-05],
      [0.0017818419024, 0.078390029974, 0.12706791283, 0.79029964978, 0.0024605655157],
      [0.029863878565, 0.62449525572, 0.14492230686, 0.11327712932, 0.087441429543],
      [0.29046380394, 0.37590773461, 0.16081258821, 0.02785431349, 0.14496155975]
    ],
    [
      [0.03631653118, 0.22706633201, 0.096012192994, 0.2085445514, 0.43206039242],
      [0.29635721962, 0.40138311284, 0.20797051738, 0.085140742506, 0.0091484076555],
      [1.986150234e-05, 0.24416943455, 0.6990252106, 0.056747776791, 3.7716562064e-05],
      [0.0016680233766, 0.063743816955, 0.12758368486, 0.80451979389, 0.0024846809161],
      [0.031889348388, 0.57656351045, 0.15829315793, 0.12657744825, 0.10667653499],
      [0.2961809946, 0.33457231726, 0.16923194964, 0.030005956951, 0.17000878155]
    ],
    [
      [0.042704190709, 0.14126059615, 0.055067236872, 0.11681024393, 0.64415773233],
      [0.44937504535, 0.3198112454, 0.15278040175, 0.078033307499, 0],
      [3.9771038667e-05, 0.25921665843, 0.68638712742, 0.054356443109, 0],
      [0.002484918384, 0.07508903819, 0.13095583248, 0.79147021094, 0],
      [0.052474923924, 0.50848084197, 0.12717425193, 0.099265755807, 0.21260422637],
      [0.38023970655, 0.22579382232, 0.10528762143, 0.018214252309, 0.2704645974]
    ],
    [
      [0.098972648486, 0.26429888873, 0.091675883451, 0.15888226221, 0.38617031712],
      [0.49582881704, 0.30957689789, 0.13751608594, 0.047041537043, 0.010036662085],
      [0, 0.28539294801, 0.67116419287, 0.043409252781, 3.3606342388e-05],
      [0, 0.099501704578, 0.14830740008, 0.74980661688, 0.0023842784616],
      [0.078929820147, 0.61000940679, 0.13732510541, 0.087587336179, 0.086148331475],
      [0.52796585918, 0.25354662488, 0.10519701937, 0.014874364065, 0.09841613251]
    ],
    [
      [0.062206686273, 0.15493124276, 0.10934527561, 0.32724122243, 0.34627557293],
      [0.44110773732, 0.20329320746, 0.20339152772, 0.13551164805, 0.016695879445],
      [3.2034044797e-05, 0.15724890881, 0.75863855888, 0.084053087433, 2.741082425e-05],
      [0.0051799223347, 0, 0.11139226134, 0.88227518017, 0.0011526361564],
      [0.059946554313, 0.43300665074, 0.19810455977, 0.21777804239, 0.091164192786],
      [0.46112502826, 0.20487056535, 0.17284197865, 0.042042252104, 0.11912017564]
    ]
  ],
  "expected_outcome": [
    [
      [0, 0.62225095427, 1.6488696435, 0.36141700558, 1.4049798154, 0.78148060163, 0.26910419479, 1.7409406758, 0.702621352, 0.66980784301, 0.090998033845, 2.3929793758, 0.67851331701, 0.21445864664, 1.7949096679, 0.24296661638, 0.14820850816, 1.9480437222, 1.2105866974, 0.093669362759, 0, 0.73747063458, 1.1014757963, 0.92269845372, 1.2782216587, 0.56369610657, 1.0363002683, 0.03276131674, 3.8063980551, 1.0518686949, 2.0966972759, 0.74147298946, 1.6844798153, 0.80348189757, 0.090640273855, 0.56299049292, 0.14050389831, 0.62642883312, 0.79112034368, 1.4490251594, 0.058728356829, 0.41258806243, 1.5833559847, 1.0891449397, 0.12531472484, 0.10556085253, 3.0754269329, 1.1723165003, 0.98792236367, 0.77645365687, 1.7386983297, 0.1883635171, 0.2044704533, 1.3811007524, 11.7665561023, 0.81137962347, 6.2352768546, 0.68427354901],
      [1.2813686124, 10.8193730735, 22.3729379013, 7.0964159644, 22.0467533578, 7.9981234226, 0.97622586115, 3.3908000987, 0.64384810857, 3.3733404045, 0.65521366897, 9.7523793744, 2.3659184406, 3.6444035687, 10.3811783209, 3.31313519, 1.7666694453, 11.9349805844, 7.8429444111, 2.4489062498, 2.2095852109, 2.2285233517, 8.0670283331, 6.8032664021, 9.0721570156, 4.7177888255, 10.4326170132, 0.19057514642, 30.5091414448, 4.9192612439, 17.2095518816, 6.9688564516, 17.3460961212, 8.4836772377, 1.199500284, 1.292971781, 0.1943784765, 6.7706123718, 4.7276548112, 9.0608179977, 1.4802636675, 2.8173370775, 2.3510583164, 1.675885067, 2.4648097986, 2.1399146918, 5.2323558255, 2.8615134717, 2.8976576598, 1.4758502439, 5.7722403345, 1.0528374723, 2.5342356383, 9.9701158563, 73.5694915699, 2.6839513269, 16.6508299898, 1.7042436703],
      [0.15559394689, 2.0972971972, 4.6951064259, 1.2890872254, 4.5873405298, 2.7317256592, 0.55084798997, 1.3783204841, 0.29385893968, 1.3364031247, 0.23986065512, 5.0531512139, 0.81860756719, 0.8541485591, 4.2254677722, 0.60162029449, 0.5930122686, 3.4598127333, 2.9122191743, 0.65267249306, 0.36515564938, 0.61220657497, 2.3931666593, 3.6925359613, 4.1160029416, 2.5508498497, 3.6477663536, 0.068110563286, 13.0037639178, 1.782917181, 6.3655977425, 1.6215098424, 7.3320710467, 2.687097381, 0.4557761472, 0.40333666712, 0.07534657917, 2.9496193412, 1.0394267858, 1.5197445321, 0.12505331346, 0.53592866203, 0.9511442288, 0.73453038339, 0.60856922901, 0.967336557, 2.7127604083, 1.9342166708, 1.6189582856, 0.56144499624, 3.2381937354, 0.38007382533, 0.8790820293, 3.5662510826, 31.10795053, 1.0462775006, 5.7755806574, 1.2027980317],
      [0.91767389677, 2.1624225357, 4.9257392981, 2.6377448836, 6.1466936969, 4.3134891692, 2.0033582026, 5.1629688141, 0.84907600009, 3.4328388746, 1.1876491763, 15.6098988552, 2.9083707665, 2.2615830719, 3.6734829838, 0.99323718434, 1.3995110507, 4.5669635859, 3.0040924636, 1.2529824671, 1.0803332376, 1.5521827755, 5.2504127318, 3.039757907, 4.1783345908, 2.1256765103, 7.7788701156, 0.037496285927, 14.8181255571, 1.9847656743, 5.610069443, 2.2169713078, 7.4316578672, 2.7618540424, 0.63744338041, 1.5147169623, 0.42645225408, 5.9730737012, 2.6101529754, 3.9941865715, 0.36261686492, 3.1545590736, 4.111940891, 3.4008045007, 1.7736832224, 1.8501411639, 7.3724088766, 3.5649440466, 4.6990861194, 2.3303480385, 10.0835590634, 1.7414134372, 1.7843452123, 7.5789988121, 67.5684346552, 2.2193946347, 10.0095825193, 3.5996534468],
      [0.64536354393, 6.2986562393, 15.3573467312, 5.615334921, 14.8142326001, 6.1751811474, 2.2004637515, 9.3269699272, 1.5105955997, 9.1876097532, 5.8262784658, 15.1915911806, 7.2285899088, 3.0254061537, 14.9249612551, 0.84904071482, 3.0925987272, 12.0901993743, 5.0301572536, 1.5517694274, 1.3449259021, 3.8696166632, 8.1879164794, 6.541741276, 10.3552837933, 4.0419887078, 10.1044462494, 0.67105668763, 41.8625710252, 8.2611872059, 20.718083657, 12.4511894088, 26.2056951496, 11.2638894414, 0.61663991449, 10.2259840967, 2.1633187919, 5.6802657527, 5.831645084, 10.9762257394, 0.97333779735, 4.0795871244, 7.0025005792, 17.0996351092, 2.0276230251, 0.93704673477, 23.6070479568, 26.4670093106, 9.7963755716, 14.8559030645, 32.167308537, 2.6373117481, 4.5978666668, 14.5035334966, 139.9875671425, 12.2389969144, 24.3287299788, 3.8090313022]
    ],
    [
      [0, 10.7746926621, 30.854017957, 2.5612914261, 15.8171774219, 6.8309149724, 9.4165833533, 10.2072055572, 9.7036085623, 10.4257373818, 1.0640246404, 11.6139340817, 3.6077542207, 2.5181947954, 46.7755800923, 3.846590522, 5.9126805346, 58.820039266, 13.0586752394, 0.7553824071, 0, 3.6992901751, 43.0835673511, 9.4435595301, 12.3775878908, 9.3230749058, 10.8075250258, 6.6535002275, 31.3596143857, 16.8675169985, 19.0423589531, 6.63221298, 29.5253522226, 9.6501090009, 2.7354198065, 10.3979521839, 3.5472161792, 6.7858583914, 8.2539004325, 11.9540044012, 1.228236904, 2.6008617968, 7.0339374423, 9.7341009123, 0.79959754122, 0.67554993202, 15.7492535655, 15.8420057377, 13.4869078124, 11.9095797385, 17.8146559221, 0, 1.3685404648, 15.5709361757, 170.1090440602, 54.3743804869, 102.1407363105, 37.0530499353],
      [0, 40.4693119747, 90.5308666741, 14.1673846346, 53.6363695582, 14.9364754402, 7.1257631774, 4.1444089449, 1.746070159, 11.1761782503, 1.5081553832, 10.0819131244, 2.5241589151, 9.9249069928, 58.3561486535, 11.097785614, 17.1686691207, 77.7603381056, 18.0214797457, 4.3075611302, 0, 2.1787634073, 68.1158142441, 14.9225543913, 18.8715225034, 16.7049315186, 23.6309531741, 8.118275014, 54.3025589578, 16.7888752853, 33.6776249473, 13.3182735125, 65.7407716832, 21.8772127466, 7.700429167, 4.9444419303, 0.71287082265, 16.5915394777, 10.4533777231, 15.9287539216, 6.6634193719, 3.5886750683, 2.0552217531, 3.0314854075, 5.2574173369, 5.4608240723, 5.5915163419, 8.17408591, 8.3513470341, 4.6855969327, 12.6127222262, 0, 3.510891558, 24.1777897988, 230.3939067699, 38.6971606935, 63.7728409651, 17.0766294267],
      [0, 9.6106033099, 23.2763474001, 3.1468022063, 13.6706293501, 6.2466767365, 4.9257218758, 2.0633507361, 0.97630312901, 5.425111729, 0.67416796212, 6.4005491731, 1.0690378836, 2.8474341799, 29.1106353386, 2.4634382611, 6.976673779, 27.6190266522, 8.1974217436, 1.4027180738, 0, 0.73192177511, 24.7544951257, 9.9275236971, 10.4928274936, 11.0719552704, 10.2685093378, 3.5632705897, 28.3623474498, 7.4571644509, 15.2654068693, 3.7960287051, 34.0535184374, 8.4911526987, 3.5838360882, 1.8890868378, 0.33579695974, 9.1594005396, 2.8140019427, 3.2714520201, 0.68605897324, 0.83264972941, 1.0172453949, 1.6270996809, 1.5855622287, 2.8450830496, 3.5521661914, 6.7742928919, 5.7178305605, 2.1823861769, 8.6699814952, 0, 1.4884240278, 10.5964759435, 119.3750769772, 18.4864286122, 28.3283137039, 17.0848883288],
