{
  "X": [
    [18, 13, 37, 97, 185, 0],
    [19, 13, 39, 91, 188, 1],
    [17, 21, 48, 79, 169, 2],
    [14, 14, 45, 80, 154, 0],
    [11, 22, 22, 99, 162, 0],
    [33, 49, 41, 142, 278, 0],
    [24, 29, 37, 104, 161, 0],
    [30, 18, 58, 82, 145, 1],
    [20, 11, 35, 90, 153, 0],
    [23, 23, 29, 84, 128, 1],
    [31, 20, 47, 129, 278, 0],
    [23, 24, 58, 114, 257, 0],
    [33, 32, 63, 112, 211, 2],
    [35, 45, 23, 105, 233, 1],
    [22, 24, 23, 88, 137, 0],
    [43, 48, 44, 133, 182, 0],
    [40, 43, 42, 142, 169, 0],
    [31, 56, 47, 121, 252, 1],
    [38, 26, 55, 141, 222, 1],
    [30, 21, 51, 111, 182, 0],
    [47, 36, 49, 140, 262, 1],
    [15, 14, 32, 83, 147, 0],
    [15, 14, 31, 107, 209, 0],
    [13, 13, 28, 96, 148, 1],
    [20, 27, 50, 92, 138, 0],
    [37, 31, 42, 143, 200, 0],
    [13, 23, 30, 91, 135, 1],
    [34, 38, 28, 118, 198, 0],
    [53, 43, 47, 158, 225, 1],
    [25, 22, 57, 146, 201, 0],
    [12, 13, 42, 95, 123, 1],
    [17, 16, 52, 92, 212, 2],
    [23, 8, 40, 83, 173, 0],
    [19, 18, 41, 82, 235, 0],
    [40, 25, 27, 110, 200, 1],
    [26, 40, 25, 122, 159, 0],
    [45, 25, 29, 121, 224, 0],
    [23, 16, 40, 113, 196, 0],
    [8, 5, 18, 65, 180, 1],
    [19, 8, 49, 91, 148, 0],
    [17, 8, 40, 77, 141, 0],
    [23, 21, 33, 104, 170, 1],
    [14, 11, 37, 117, 265, 0],
    [19, 22, 13, 103, 120, 0],
    [16, 14, 19, 98, 128, 0],
    [32, 55, 18, 103, 104, 0],
    [22, 22, 18, 94, 98, 0],
    [35, 20, 55, 152, 235, 0],
    [8, 13, 27, 63, 104, 1],
    [20, 9, 24, 81, 137, 0],
    [9, 18, 19, 55, 102, 1],
    [13, 35, 17, 85, 99, 0],
    [12, 22, 12, 73, 99, 1],
    [157, 203, 148, 566, 1095, 2]
  ],
  "W": [
    [10, 17, 15, 88, 166, 54],
    [15, 11, 23, 87, 171, 44],
    [10, 15, 18, 79, 151, 63],
    [4, 4, 31, 64, 153, 51],
    [7, 12, 10, 80, 148, 59],
    [23, 34, 25, 139, 229, 93],
    [9, 12, 28, 88, 150, 68],
    [19, 15, 16, 90, 134, 60],
    [12, 6, 32, 77, 137, 45],
    [9, 20, 18, 78, 111, 52],
    [16, 17, 24, 127, 237, 84],
    [11, 16, 32, 109, 222, 86],
    [13, 23, 34, 99, 187, 97],
    [17, 27, 20, 103, 198, 77],
    [16, 18, 19, 74, 119, 48],
    [25, 38, 49, 122, 159, 57],
    [22, 32, 50, 123, 123, 86],
    [17, 24, 59, 100, 205, 103],
    [20, 17, 42, 123, 172, 109],
    [21, 13, 34, 84, 147, 96],
    [27, 22, 54, 127, 195, 110],
    [7, 4, 29, 53, 107, 91],
    [5, 3, 33, 84, 166, 85],
    [3, 7, 19, 71, 129, 70],
    [12, 18, 21, 79, 129, 68],
    [21, 28, 37, 127, 160, 80],
    [3, 16, 20, 74, 118, 62],
    [19, 31, 16, 100, 179, 71],
    [25, 32, 36, 141, 190, 103],
    [13, 16, 29, 131, 162, 100],
    [4, 7, 33, 82, 104, 56],
    [12, 9, 27, 81, 189, 73],
    [16, 6, 36, 67, 135, 67],
    [9, 19, 31, 72, 196, 68],
    [24, 18, 16, 104, 185, 56],
    [15, 29, 28, 101, 129, 70],
    [35, 16, 22, 120, 174, 77],
    [15, 12, 23, 87, 164, 87],
    [1, 1, 28, 52, 151, 44],
    [4, 4, 39, 75, 140, 53],
    [3, 10, 25, 71, 125, 49],
    [19, 18, 25, 94, 141, 55],
    [6, 5, 38, 101, 224, 70],
    [13, 17, 15, 97, 90, 45],
    [8, 8, 11, 86, 115, 47],
    [22, 41, 9, 91, 94, 55],
    [15, 18, 14, 87, 82, 38],
    [14, 12, 31, 141, 211, 88],
    [3, 7, 12, 56, 93, 45],
    [11, 7, 19, 79, 117, 38],
    [5, 13, 6, 56, 95, 29],
    [10, 24, 7, 86, 89, 33],
    [8, 17, 3, 81, 82, 28],
    [89, 154, 131, 464, 936, 397]
  ],
  "method": "mvn_pdf",
  "cond_prob": [
    [
      [0.91290778891, 0.012383242767, 0.00067413974118, 0.035228140657, 0.038806687917, 5.704374468e-12],
      [0.161855148, 0.75623880693, 0.0014567377939, 0.058498689631, 0.021950582851, 3.4793252248e-08],
      [0.068691715272, 0.014814147176, 0.3614809367, 0.16793232304, 0.38708087781, 2.5436077605e-14],
      [0.028905244454, 0.0073332416778, 0.06337177696, 0.74062512941, 0.15976381314, 7.9435533276e-07],
      [0.0059871438542, 0.0027559138403, 0.086376002393, 0.062431814346, 0.84202827382, 0.00042085174487],
      [0.030100444646, 0.025970625468, 0.20654900486, 0.305599365, 0.43175319218, 2.7367851064e-05]
    ],
    [
      [0.88807684634, 0.023593458204, 0.00084073962063, 0.039998066084, 0.047490889707, 4.737026258e-11],
      [0.091736952524, 0.85276521204, 0.0010603243889, 0.038759266252, 0.015678076148, 1.6864788666e-07],
      [0.055375566692, 0.023375610788, 0.37239086786, 0.15750990772, 0.39134804693, 1.745138697e-13],
      [0.024389014226, 0.012086589533, 0.068253332197, 0.72639566462, 0.16886970148, 5.6979441884e-06],
      [0.004782650268, 0.0042958264118, 0.088022994522, 0.057931669535, 0.84207838753, 0.0028884717347],
      [0.024262701636, 0.040990710287, 0.21246949421, 0.28621198631, 0.435877481, 0.00018762656027]
    ],
    [
      [0.90616203585, 0.029359456791, 0.00089911426318, 0.027530410734, 0.036048982019, 3.4612738581e-10],
      [0.078674188746, 0.88783148197, 0.00095640604333, 0.022499494665, 0.010037389332, 1.0392414875e-06],
      [0.063395820575, 0.032706922366, 0.44840825388, 0.12179080823, 0.33369819495, 1.4326263614e-12],
      [0.033523757187, 0.020303384342, 0.098600306938, 0.67444988939, 0.17306645232, 5.6209827656e-05],
      [0.0060449095006, 0.0066372755768, 0.11702517779, 0.049548239664, 0.79412282961, 0.026621567864],
      [0.029679651485, 0.061388439099, 0.27335277692, 0.23651836892, 0.39741247185, 0.0016482917251]
    ],
    [
      [0.92365479696, 0.030833292211, 0.00052279440663, 0.024354574838, 0.02063454158, 3.0001959676e-12],
      [0.074264922604, 0.90104319101, 0.00052381253833, 0.018753556999, 0.0054145083559, 8.489366819e-09],
      [0.097653541119, 0.052683516788, 0.39540852381, 0.16403237653, 0.29022204176, 1.8868937108e-14],
      [0.041775730311, 0.026502576027, 0.070690279352, 0.73877357367, 0.12225723929, 6.0135500322e-07],
      [0.010519756445, 0.012104329998, 0.11727950139, 0.075673554302, 0.78403560967, 0.00038724819304],
      [0.043397006264, 0.0943467779, 0.22964194454, 0.30354179122, 0.32905184544, 2.0634633527e-05]
    ],
    [
      [0.86663522293, 0.050781387828, 0.0004643756729, 0.044640139319, 0.037478874246, 4.9586889675e-12],
      [0.044285971798, 0.92745940983, 0.00029453163134, 0.021739004445, 0.0062210734197, 8.8755221868e-09],
      [0.06744721516, 0.06352279161, 0.2583838679, 0.22161454464, 0.38903158069, 2.3005170978e-14],
      [0.022791117061, 0.02518469575, 0.036502563454, 0.78643115203, 0.129089894, 5.7770807737e-07],
      [0.0058194352806, 0.011648108522, 0.061326995663, 0.081602904207, 0.83922564829, 0.00037690803981],
      [0.026236925458, 0.099277168792, 0.13116313464, 0.35817015856, 0.38513064298, 2.196957198e-05]
    ],
    [
      [0.88714675441, 0.043252919365, 0.00046037734834, 0.030132431474, 0.039007517391, 7.2808396314e-12],
      [0.05716333235, 0.91688206541, 0.00035325540839, 0.017766717587, 0.0078346134784, 1.5768796353e-08],
      [0.076919375134, 0.057927373552, 0.27298076446, 0.15985082448, 0.43232166237, 3.6078477138e-14],
      [0.032702801346, 0.028901703455, 0.04859931922, 0.70935887843, 0.18043615826, 1.1392902093e-06],
      [0.0062044209363, 0.009931520669, 0.060539659179, 0.054959382168, 0.86781230686, 0.00055271018421],
      [0.031696271592, 0.095602546011, 0.14686781357, 0.27293289239, 0.45286400849, 3.6467945847e-05]
    ],
    [
      [0.92699038408, 0.03894659491, 0.00027528526096, 0.018607504449, 0.015180231299, 2.1469794588e-12],
      [0.063006724235, 0.92156798577, 0.00022894848398, 0.011890624293, 0.0033057121754, 5.0414746642e-09],
      [0.14015388399, 0.093241597459, 0.29120723254, 0.17586071235, 0.29953657365, 1.8942086594e-14],
      [0.055701375804, 0.043576635979, 0.048562514208, 0.7347951334, 0.11736377909, 5.6152057445e-07],
      [0.014878758395, 0.021107818364, 0.085439986061, 0.0800560118, 0.79813396928, 0.00038345610329],
      [0.05854409443, 0.15700380419, 0.15926336768, 0.30584136897, 0.31932788614, 1.9478590505e-05]
    ],
    [
      [0.94057292778, 0.016589340145, 0.00096426153007, 0.018864030366, 0.023009440146, 3.1767902923e-11],
      [0.13586170519, 0.82633750475, 0.0016969968851, 0.02550454166, 0.010599093712, 1.5780140622e-07],
      [0.076438589755, 0.02137696189, 0.55910718397, 0.096578223059, 0.24649904133, 1.5223115852e-13],
      [0.048158066588, 0.015832584662, 0.14611518704, 0.63741021963, 0.15247682084, 7.1212370081e-06],
      [0.009255883446, 0.0055225505082, 0.18510586366, 0.049990056644, 0.74656927003, 0.003556375713],
      [0.039831447094, 0.044671843569, 0.37922941898, 0.20893714746, 0.3271351455, 0.00019499739829]
    ],
    [
      [0.91769516248, 0.021784909762, 0.00049823258434, 0.031303149378, 0.028718545794, 3.5263747131e-12],
      [0.1013295314, 0.85513916852, 0.00067621896525, 0.032649566268, 0.010205501336, 1.351442305e-08],
      [0.08675730277, 0.03291318847, 0.3342130679, 0.18717803718, 0.35893840368, 1.9704091908e-14],
      [0.033557300811, 0.014969514675, 0.054006992308, 0.76101835463, 0.13644727078, 5.667933464e-07],
      [0.0079862222018, 0.0064610079747, 0.084600313116, 0.073623217571, 0.82698491742, 0.00034432171959],
      [0.036941013912, 0.056278950795, 0.18583312464, 0.33147395701, 0.3894523335, 2.0620138781e-05]
    ],
    [
      [0.94969639031, 0.015276814308, 0.00029644811846, 0.017547704405, 0.017182642828, 2.8873540817e-11],
      [0.146413696, 0.81904534096, 0.00056009236789, 0.025480662935, 0.0085000537237, 1.5401668963e-07],
      [0.14175013211, 0.036317457519, 0.31545501133, 0.16614301322, 0.34033438582, 2.5564267148e-13],
      [0.058989488068, 0.017810071145, 0.054950557427, 0.72867558402, 0.13956636674, 7.9326034616e-06],
      [0.013597924927, 0.0074544650768, 0.083579882149, 0.068450088052, 0.82213524499, 0.0047823948062],
      [0.062621415014, 0.064556804384, 0.18238747239, 0.30598771684, 0.38416794365, 0.00027864772069]
    ],
    [
      [0.9296051971, 0.015644875038, 0.00042994144399, 0.023233081775, 0.031086904639, 5.9587613842e-12],
      [0.14377490291, 0.80719521155, 0.00079782934485, 0.033130810067, 0.015101214913, 3.1212480286e-08],
      [0.096994982916, 0.025468860592, 0.30974271026, 0.14957728459, 0.41821616165, 3.5841580261e-14],
      [0.043479192202, 0.013423338037, 0.058138856172, 0.70077050917, 0.18418691016, 1.194262213e-06],
      [0.0080331433323, 0.0044979338759, 0.070592209373, 0.052888099737, 0.86342381975, 0.00056479392803],
      [0.042367259124, 0.044567205159, 0.17683986576, 0.27111906757, 0.46506814427, 3.8458122651e-05]
    ],
    [
      [0.913753151, 0.025178221061, 0.0006229504218, 0.026121207648, 0.034324469858, 6.4563432439e-12],
      [0.093927110837, 0.86935267498, 0.00077061185432, 0.024833507692, 0.01111607209, 2.2546320423e-08],
      [0.078324330161, 0.033743189665, 0.36963373462, 0.13838608957, 0.37991265599, 3.1953035651e-14],
      [0.037447569573, 0.018949523052, 0.07388541309, 0.69135437375, 0.17836198562, 1.1349102571e-06],
      [0.0069783036355, 0.0064006890899, 0.090460146997, 0.052590090037, 0.84302982679, 0.00054094345143],
      [0.035020613979, 0.060447926085, 0.21576174664, 0.25658970052, 0.43214494407, 3.5068709841e-05]
    ],
    [
      [0.94518863499, 0.018785423744, 0.00043502210414, 0.017182229706, 0.018408689357, 9.6148488762e-11],
      [0.12741114837, 0.84271989784, 0.00070377837869, 0.021367198147, 0.0077975381211, 4.3914110086e-07],
      [0.12320756049, 0.038165984718, 0.391644049, 0.13809081519, 0.30889159061, 7.214822468e-13],
      [0.059184356068, 0.021563031742, 0.078760108491, 0.69446272435, 0.14600398109, 2.5798255952e-05],
      [0.012663384046, 0.0083675545572, 0.11082030396, 0.060691335911, 0.79309178324, 0.014365638286],
      [0.057290703326, 0.071204790126, 0.23804591544, 0.26668521484, 0.36594789652, 0.00082547975483]
    ],
    [
      [0.9313428743, 0.036020539919, 0.00016921527068, 0.01412159724, 0.018345773258, 1.5422948253e-11],
      [0.070330941812, 0.91526606397, 0.00015403446813, 0.009877219206, 0.0043717009134, 3.9629174176e-08],
      [0.15778470426, 0.095242630232, 0.19776396806, 0.14784348713, 0.40136521032, 1.5082694041e-13],
      [0.068619159656, 0.048703186303, 0.03618130669, 0.67451985505, 0.17197160208, 4.8902118331e-06],
      [0.013565766983, 0.017458668305, 0.047084048496, 0.054498428709, 0.86489567621, 0.0024974112937],
      [0.064689596889, 0.15709653848, 0.10626212538, 0.25205378389, 0.41974568526, 0.00015227008946]
    ],
    [
      [0.89992788882, 0.032434659786, 0.000419782755, 0.035570422692, 0.031647245942, 3.2189867518e-12],
      [0.070948102366, 0.89429766744, 0.00040489677881, 0.026359560433, 0.0079897642147, 8.7640238218e-09],
      [0.082995256158, 0.047502691963, 0.2750670851, 0.20777401214, 0.38666095463, 1.7578608761e-14],
      [0.029440430038, 0.01979496657, 0.040777081805, 0.77525805415, 0.13472900387, 4.6356301047e-07],
      [0.0072049480359, 0.0087789338994, 0.065708928211, 0.077063471699, 0.84095456346, 0.00028915469246],
      [0.033447314006, 0.076868291461, 0.14467865051, 0.34815399671, 0.39683434885, 1.739845893e-05]
    ],
    [
      [0.92729548644, 0.029017684859, 0.00034258224644, 0.023345520952, 0.019998725503, 2.9346236514e-12],
      [0.086067256657, 0.88797535551, 0.00037798246971, 0.019802137009, 0.0057772592095, 9.1419188204e-09],
      [0.12034020318, 0.058088152424, 0.30437460917, 0.18546963085, 0.33172740437, 2.1766957413e-14],
      [0.046561803841, 0.02640443309, 0.049334044695, 0.75147888369, 0.12622020807, 6.266142972e-07],
      [0.011839570014, 0.012163405665, 0.08246563562, 0.077940181992, 0.81518443482, 0.00040677189158],
      [0.050877762024, 0.098490316324, 0.16811768224, 0.32550531769, 0.35698632484, 2.2596884991e-05]
    ],
    [
      [0.9246339798, 0.027089364706, 0.0003347723102, 0.02543001852, 0.02251186466, 2.484178832e-12],
      [0.091142490983, 0.87862670176, 0.00039261136503, 0.022925860365, 0.0069123273036, 8.2254374449e-09],
      [0.11473987905, 0.051902532096, 0.28376786672, 0.19296162209, 0.35662810004, 1.7595917629e-14],
      [0.043063898247, 0.022888925837, 0.044642426661, 0.75781054442, 0.13159371357, 4.9126475723e-07],
      [0.010688914665, 0.010293902741, 0.07278440923, 0.076738094017, 0.82918473056, 0.00030994878716],
      [0.047762292651, 0.086613633275, 0.15437002679, 0.33337643372, 0.37785963237, 1.7981194163e-05]
    ],
    [
      [0.86856338763, 0.080372754503, 0.00034646258375, 0.02379389003, 0.026923505228, 2.2710545545e-11],
      [0.031210458299, 0.9577696557, 0.00014865230224, 0.0078467537573, 0.0030244524311, 2.7510472656e-08],
      [0.092923855754, 0.13288725761, 0.25220651391, 0.15528756819, 0.36669480453, 1.3830644313e-13],
      [0.039740565767, 0.066674763577, 0.045251478023, 0.6941676184, 0.1541611748, 4.3994336293e-06],
      [0.0085298350238, 0.025908977188, 0.063760330425, 0.06081510316, 0.83855573386, 0.0024300203425],
      [0.036687193371, 0.21057646649, 0.13013975618, 0.25421413883, 0.36824836445, 0.00013408068001]
    ],
    [
      [0.93236280997, 0.019358974987, 0.00040752532755, 0.023220306419, 0.024650383277, 2.4246892415e-11],
      [0.12230705329, 0.83898969307, 0.00063835809714, 0.027955768206, 0.010109020114, 1.0722270472e-07],
      [0.10844599602, 0.034925181083, 0.3245359592, 0.16543388699, 0.3666589767, 1.6126897145e-13],
      [0.04565984375, 0.017285369648, 0.057250848628, 0.7280407745, 0.15175811346, 5.0500155275e-06],
      [0.00990055084, 0.0067948239027, 0.081530936957, 0.06446716143, 0.834482794, 0.0028237328674],
      [0.047297692767, 0.061043636349, 0.18500442285, 0.29939757832, 0.40708382244, 0.00017284727291]
    ],
    [
      [0.90924213661, 0.025488754882, 0.00061441247026, 0.033163772721, 0.031490923308, 4.3029698853e-12],
      [0.091777940048, 0.86644388835, 0.00074741069321, 0.031002838891, 0.010027907243, 1.4775853567e-08],
      [0.077722833178, 0.03411147552, 0.36437585653, 0.1756095245, 0.34818031028, 2.1273710484e-14],
      [0.03172278795, 0.016355898521, 0.062160960952, 0.75018000306, 0.13957970427, 6.4524822234e-07],
      [0.0073441723869, 0.0068623894447, 0.094531601533, 0.070753238804, 0.82012787453, 0.00038072330629],
      [0.033727033312, 0.059305483009, 0.20634824718, 0.31619759797, 0.38439898316, 2.2655370505e-05]
    ],
    [
      [0.9275423189, 0.024642251799, 0.00032291142584, 0.020978967335, 0.026513550517, 2.2628102467e-11],
      [0.09997785943, 0.87007274555, 0.00041347216279, 0.020647814535, 0.0088880265245, 8.179700584e-08],
      [0.11382479572, 0.046625532542, 0.26923099228, 0.15674114927, 0.41357753019, 1.5782134924e-13],
      [0.048950388045, 0.023558798473, 0.048569741535, 0.70410120362, 0.17481482093, 5.0473930397e-06],
      [0.0095201167017, 0.0083031527015, 0.062011526079, 0.055941960123, 0.86169589077, 0.0025273536258],
      [0.048318225822, 0.079317544565, 0.14944093631, 0.27596934334, 0.44678936054, 0.00016458942185]
    ],
    [
      [0.90632431786, 0.029517516141, 0.00043077796237, 0.032108725061, 0.031618662977, 2.8537544375e-12],
      [0.077340044697, 0.88745543658, 0.000454236792, 0.026021155855, 0.0087291175828, 8.4955908298e-09],
      [0.085189878725, 0.044497931252, 0.28651895729, 0.19098451087, 0.39280872186, 1.5846590735e-14],
      [0.032138567512, 0.019740726278, 0.045277871347, 0.75712355323, 0.14571883673, 4.4490482907e-07],
      [0.0073352246539, 0.0081683982764, 0.067923424408, 0.070254602059, 0.84606065295, 0.00025769765125],
      [0.034999020631, 0.073450908625, 0.15389865012, 0.32632416196, 0.41131125792, 1.6000750356e-05]
    ],
    [
      [0.90581245915, 0.029320455577, 0.00036611035591, 0.030835094522, 0.033665880386, 4.8727891137e-12],
      [0.07873718581, 0.88627942978, 0.00038957969274, 0.025214303203, 0.0093794868702, 1.4639065111e-08],
      [0.088303453672, 0.045410026898, 0.24931796555, 0.18806404286, 0.42890451102, 2.7749540996e-14],
      [0.033459386396, 0.020225147868, 0.039621196719, 0.74692326924, 0.15977021752, 7.8225793502e-07],
      [0.0071267439656, 0.0078098104769, 0.055451091146, 0.064821589247, 0.86436520293, 0.00042556223843],
      [0.0357349245, 0.073799819427, 0.13199130585, 0.31624532661, 0.44220102082, 2.7602794681e-05]
    ],
    [
      [0.9274003461, 0.019691412059, 0.00034040133494, 0.029150255572, 0.023417584902, 3.1934361796e-11],
      [0.11181582239, 0.84494985288, 0.00050977944566, 0.033542363543, 0.0091820467298, 1.3501363909e-07],
      [0.1071380476, 0.036718865879, 0.28083785899, 0.21480821747, 0.36049701006, 2.1974084396e-13],
      [0.037134203847, 0.014993136594, 0.040812210485, 0.78397558396, 0.12307918756, 5.6775522066e-06],
      [0.0097646722702, 0.0071559861655, 0.070668061978, 0.083872639991, 0.82465769289, 0.0038809467053],
      [0.043936517446, 0.060577211447, 0.15077230676, 0.36708013398, 0.37741170227, 0.00022212810094]
    ],
    [
      [0.90846479374, 0.034983634141, 0.00081467503435, 0.029944117688, 0.02579277939, 3.1741816633e-12],
      [0.067961425816, 0.90412422491, 0.00074381237433, 0.021005894277, 0.006164634443, 8.1807430796e-09],
      [0.072605524011, 0.044285869148, 0.46154265652, 0.15057261745, 0.27099333287, 1.4915184789e-14],
      [0.033582066118, 0.02405142443, 0.08884699897, 0.73039296139, 0.12312603649, 5.1260162242e-07],
      [0.0082033416319, 0.010648142404, 0.14286788011, 0.072634116651, 0.76532736414, 0.00031915505445],
      [0.033518347, 0.082041413281, 0.27749264354, 0.28857934528, 0.31835135498, 1.6895924824e-05]
    ],
    [
      [0.9267124567, 0.01807439576, 0.00039115455222, 0.02805505914, 0.026766933846, 3.8628363936e-12],
      [0.12802217641, 0.82427241973, 0.00064427294797, 0.035518886041, 0.011542226912, 1.79618334e-08],
      [0.1024109467, 0.030944993677, 0.29684022114, 0.19039616016, 0.37940767832, 2.448115819e-14],
      [0.038976085378, 0.013843971714, 0.047312396278, 0.75797426103, 0.14189259288, 6.9272724326e-07],
      [0.0090902548457, 0.0058525354484, 0.072494369984, 0.072122494228, 0.84002804963, 0.00041229585998],
      [0.043207414484, 0.052296238042, 0.16363524648, 0.33339490566, 0.40744083317, 2.5362170583e-05]
    ],
    [
      [0.92006800595, 0.027284671839, 0.00040032787254, 0.028261594148, 0.023985400156, 3.710669657e-11],
      [0.084734835581, 0.88302490248, 0.00045447631112, 0.024656052325, 0.0071296143714, 1.1893322409e-07],
      [0.10012114383, 0.047501461734, 0.31042926262, 0.19538146071, 0.34656667111, 2.3966843719e-13],
      [0.037315488859, 0.020827517662, 0.048410615755, 0.76631458762, 0.12712513751, 6.6525972684e-06],
      [0.0094133426775, 0.0095289914597, 0.080436740709, 0.078648942005, 0.81759925296, 0.0043727301912],
      [0.041810783352, 0.079764044416, 0.16943304909, 0.3396335075, 0.36911213383, 0.00024648181657]
    ],
    [
      [0.93380198556, 0.022858238672, 0.00025574462506, 0.022713839138, 0.020370191998, 3.2516704316e-12],
      [0.10534501055, 0.86338184288, 0.00034710392859, 0.023688956542, 0.0072370736392, 1.2456851629e-08],
      [0.1312205095, 0.050142569376, 0.24944348603, 0.19808481188, 0.37110862321, 2.6483345244e-14],
      [0.04790946672, 0.021533565674, 0.038214785448, 0.75896102608, 0.13338043584, 7.2023419175e-07],
      [0.011850644178, 0.009658111178, 0.062215208209, 0.076571226891, 0.83924877163, 0.00045603791822],
      [0.054030842031, 0.082891489861, 0.1343972877, 0.33914243823, 0.38951112449, 2.6817694542e-05]
    ],
    [
      [0.95283356301, 0.017024333307, 0.00021919924991, 0.015662091755, 0.014260812666, 1.3124682952e-11],
      [0.1420595385, 0.82960503846, 0.00038841583863, 0.021331001432, 0.0066159401212, 6.5654941784e-08],
      [0.17391746078, 0.047927940844, 0.27249267444, 0.17434431871, 0.33131760523, 1.363504909e-13],
      [0.069705053975, 0.022594587163, 0.045855765166, 0.73110162747, 0.13073889565, 4.0705791266e-06],
      [0.01725869063, 0.010144028989, 0.074626397023, 0.073994909962, 0.82137758053, 0.0025983928649],
      [0.075893177812, 0.083907268103, 0.15563903054, 0.31600736539, 0.36840680306, 0.00014635508786]
    ],
    [
      [0.9141616587, 0.021722753454, 0.00064429419656, 0.03217643043, 0.031294863217, 4.7184368037e-12],
      [0.10676062425, 0.84619998772, 0.00090301972895, 0.034654055738, 0.011482293899, 1.8667978363e-08],
      [0.078027990456, 0.02891945483, 0.37981442039, 0.16931358454, 0.34392454978, 2.3188051202e-14],
      [0.032823831683, 0.01429197693, 0.066773240228, 0.74403436452, 0.14207586198, 7.246589301e-07],
      [0.007448880909, 0.0058792205548, 0.099528615715, 0.068912538948, 0.81781124603, 0.00041949784475],
      [0.034426475391, 0.051091218076, 0.21868540729, 0.30978410271, 0.38598769214, 2.5104395383e-05]
    ],
    [
      [0.91002956436, 0.026031871101, 0.0006830932965, 0.034264615959, 0.028990855231, 5.4961470382e-11],
      [0.086007810093, 0.87369031201, 0.00079544774499, 0.030665894894, 0.0088403545169, 1.807377986e-07],
      [0.074648679564, 0.034194137559, 0.39862786295, 0.17792516892, 0.314604151, 2.6667968991e-13],
      [0.030365580592, 0.016346455143, 0.067600532674, 0.75995724788, 0.12572212043, 8.063286793e-06],
      [0.0075236327708, 0.0073431047238, 0.11020235041, 0.076561579079, 0.79315339332, 0.0052159396984],
      [0.032841140859, 0.060389987424, 0.22868612523, 0.32530857405, 0.35248562402, 0.00028854842004]
    ],
    [
      [0.88615979614, 0.031830742618, 0.00090876995784, 0.036344210258, 0.044756480803, 2.2413495937e-10],
      [0.07158875474, 0.88848445384, 0.00089477600262, 0.02749589746, 0.011535495014, 6.2294507109e-07],
      [0.055655536343, 0.031663011802, 0.40148529112, 0.14303433195, 0.36816182879, 8.243694135e-13],
      [0.026289051659, 0.017549458834, 0.079046440547, 0.70656469006, 0.17052147017, 2.8888730179e-05],
      [0.0049898447718, 0.0060354390273, 0.098582733739, 0.054613114431, 0.82151601816, 0.014262849875],
      [0.024887126557, 0.056700448663, 0.23393019116, 0.26512301609, 0.41845430165, 0.00090491587118]
    ],
    [
      [0.91104717212, 0.016854631662, 0.00060330880084, 0.032307090628, 0.039187796783, 4.5970174504e-12],
      [0.12676509908, 0.81270464735, 0.0010230762382, 0.042109862175, 0.017397293147, 2.2008573286e-08],
      [0.072287780891, 0.021224640495, 0.33707547547, 0.16103994112, 0.40837216203, 2.1415108483e-14],
      [0.031055110859, 0.0107216676, 0.060478202584, 0.72555213493, 0.17219220069, 6.8332881106e-07],
      [0.0060619555215, 0.0037954310555, 0.077590247557, 0.057597967974, 0.8546144572, 0.00033994068971],
      [0.031352871406, 0.036870880131, 0.19080972221, 0.29005504188, 0.45088867824, 2.2806136733e-05]
    ],
    [
      [0.91312664918, 0.015818062, 0.00056421827622, 0.028063200611, 0.042427869927, 6.9290423506e-12],
      [0.13665401518, 0.80314747599, 0.0010215483304, 0.039065025846, 0.020111899234, 3.5417830295e-08],
      [0.073492776843, 0.020058614414, 0.31830361, 0.14134354914, 0.4468014496, 3.2617953236e-14],
      [0.034198143595, 0.010975084373, 0.061910669111, 0.68885310512, 0.2040618705, 1.1272929962e-06],
      [0.0057690219005, 0.0033571494618, 0.068643162682, 0.047332487569, 0.87441168889, 0.00048648949481],
      [0.032044684807, 0.03501431272, 0.18123375241, 0.25579884017, 0.49587348289, 3.4927001596e-05]
    ],
    [
      [0.94857630374, 0.017570389222, 0.00020962607556, 0.016752613561, 0.016891067383, 1.5665450388e-11],
      [0.13274439644, 0.83762129776, 0.00035494684439, 0.021792763813, 0.0074865202736, 7.4871756676e-08],
      [0.16000848717, 0.046550007375, 0.24651068162, 0.1760105121, 0.37092031174, 1.5378686705e-13],
      [0.063174174526, 0.021634223657, 0.0408650626, 0.73004011251, 0.14428190024, 4.5264676468e-06],
      [0.014502230411, 0.0090120933133, 0.06181127639, 0.068413232553, 0.84357255186, 0.0026886154677],
      [0.068088228917, 0.079657390782, 0.1374276491, 0.31179429554, 0.40287119424, 0.00016124142269]
    ],
    [
      [0.90446777005, 0.037199460592, 0.00030749980011, 0.031844315762, 0.026180953794, 2.9905744184e-12],
      [0.06554989743, 0.90686386611, 0.0002681507914, 0.021341186421, 0.0059768918866, 7.3621160443e-09],
      [0.10074622257, 0.064649333139, 0.23718960714, 0.21984252615, 0.377572311, 1.9279397396e-14],
      [0.034112737398, 0.025717578526, 0.03367735179, 0.78078251794, 0.12570932859, 4.8575497883e-07],
      [0.008932856406, 0.012201037462, 0.057982046898, 0.083279180366, 0.83728080049, 0.00032407837297],
      [0.039587516778, 0.10195549074, 0.12181507284, 0.35886925679, 0.37775405791, 1.8604937721e-05]
    ],
    [
      [0.91452537746, 0.025638638143, 0.00034336380399, 0.025360409308, 0.034132211281, 5.0265460889e-12],
      [0.092843707487, 0.87214499499, 0.00041801703155, 0.023718239625, 0.010875023594, 1.7270749924e-08],
      [0.094840305741, 0.041392924162, 0.24546437159, 0.16210928524, 0.45619311328, 3.0032272953e-14],
      [0.039686806152, 0.020346308603, 0.043032976431, 0.7094659429, 0.18746703203, 9.3388163341e-07],
      [0.0073309312542, 0.0068122857851, 0.052236482701, 0.053487450166, 0.87969192762, 0.00044092247258],
      [0.039263025478, 0.068697126909, 0.13281316574, 0.27848110717, 0.48071504168, 3.0533026779e-05]
    ],
    [
      [0.90652644702, 0.020760364969, 0.00054544721643, 0.036789357323, 0.035378383464, 5.2351200252e-12],
      [0.10754195446, 0.83769905458, 0.00078446677721, 0.040655848334, 0.013318654596, 2.1251780915e-08],
      [0.075815817111, 0.027372964241, 0.31888130096, 0.19207686218, 0.38585305551, 2.5526804835e-14],
      [0.028808743212, 0.012225129591, 0.0506660233, 0.76431073344, 0.14398864967, 7.2078654268e-07],
      [0.0066177154904, 0.0050911626276, 0.076474120838, 0.071501369233, 0.83989289971, 0.0004227320969],
      [0.031839865374, 0.046048188306, 0.1748394909, 0.33486215152, 0.41238398452, 2.6319370059e-05]
    ],
    [
      [0.91281523917, 0.019208853869, 0.00032420239654, 0.02916421976, 0.038487484765, 4.0760601533e-11],
      [0.10711426431, 0.8441972318, 0.00048090816055, 0.033255473217, 0.01495195175, 1.707623701e-07],
      [0.085426371309, 0.029582163619, 0.21968907022, 0.1769163757, 0.48838601915, 2.3108638833e-13],
      [0.033387984961, 0.013619107611, 0.036029858362, 0.7292014693, 0.18775485415, 6.7256134718e-06],
      [0.0061870521707, 0.0045809914085, 0.043954706371, 0.054853934836, 0.88718933783, 0.0032339773875],
      [0.034485214603, 0.048047994017, 0.11619159247, 0.29766040973, 0.503384809, 0.0002299801759]
    ],
    [
      [0.95371229886, 0.01137218151, 0.00040706288323, 0.018955101242, 0.015553355504, 2.0592391752e-12],
      [0.18304637628, 0.77194782569, 0.00096142976924, 0.034422301267, 0.0096220532565, 1.3737433736e-08],
      [0.1311458382, 0.025065469034, 0.3968996506, 0.16470744122, 0.28218160094, 1.670660743e-14],
      [0.056058044961, 0.012637728372, 0.071011367112, 0.74137667617, 0.11891565076, 5.3263116365e-07],
      [0.014450232269, 0.0059178010859, 0.12061790184, 0.077838951147, 0.78082435047, 0.00035076317802],
      [0.060749236309, 0.04671550729, 0.24061478723, 0.31801161432, 0.33388979011, 1.906474477e-05]
    ],
    [
      [0.95785793276, 0.0070700747973, 0.00040752570231, 0.016737130365, 0.017927336376, 1.9934173204e-12],
      [0.26020217104, 0.67947996185, 0.0013677044702, 0.043192020661, 0.015758123085, 1.8893743135e-08],
      [0.12806563794, 0.015255709422, 0.39255699689, 0.14322497811, 0.32089667764, 1.5952032376e-14],
      [0.059952442161, 0.0084362531158, 0.076791774451, 0.70678832902, 0.14803064452, 5.5673481714e-07],
      [0.012888314489, 0.0032982108916, 0.10893257413, 0.06190871088, 0.81266637414, 0.0003058154681],
      [0.060377983158, 0.028905532145, 0.24220992265, 0.28166681031, 0.38682121024, 1.8541493286e-05]
    ],
    [
      [0.87943356817, 0.027774431767, 0.00068493872682, 0.044438739022, 0.047668322254, 5.7122506577e-11],
      [0.080305184366, 0.86744676485, 0.00075645022083, 0.037712044016, 0.013779378471, 1.7807306709e-07],
      [0.058068973463, 0.028837190565, 0.3175435691, 0.18359441814, 0.41195584874, 2.2068161116e-13],
      [0.022771514476, 0.013273577776, 0.051919221958, 0.7537077373, 0.15832153045, 6.4180475636e-06],
      [0.0048075744574, 0.0050768141784, 0.072033867643, 0.064717225276, 0.84985392667, 0.0035105917711],
      [0.02423342418, 0.048163641747, 0.17266162625, 0.31773297644, 0.4369823198, 0.00022601157691]
    ],
    [
      [0.8925226538, 0.024593709646, 0.00049650866174, 0.037127664113, 0.045259463772, 8.2058369371e-12],
      [0.090737185871, 0.8588280305, 0.00061255055039, 0.035202874582, 0.014619329918, 2.8582452571e-08],
      [0.06905762823, 0.030017221423, 0.2670078689, 0.17873320052, 0.45518408093, 3.6893184309e-14],
      [0.02726974717, 0.01392402231, 0.04415119976, 0.7381982919, 0.17645565662, 1.0822461237e-06],
      [0.0053245634288, 0.0049274155517, 0.056607930817, 0.058736856698, 0.87386281384, 0.00054041966803],
      [0.028328084719, 0.04932835203, 0.14309394578, 0.30417919479, 0.47503327006, 3.715261948e-05]
    ],
    [
      [0.8955460117, 0.030520676774, 0.00031972870342, 0.037656659399, 0.03595692342, 2.3022804657e-12],
      [0.074087169067, 0.8867456387, 0.00032396430107, 0.029307889704, 0.0095353316437, 6.584370941e-09],
      [0.082870365321, 0.044904022528, 0.20990123143, 0.22075292493, 0.44157145579, 1.2631748452e-14],
      [0.027835873668, 0.017720374747, 0.029519229421, 0.77932649881, 0.14559770807, 3.1528461966e-07],
      [0.006486565781, 0.0074847449815, 0.045278720247, 0.073848438278, 0.8667155426, 0.0001859881071],
      [0.032116749229, 0.06987881414, 0.10627488032, 0.35576272755, 0.43595480688, 1.202187743e-05]
    ],
    [
      [0.92271001832, 0.023942404496, 0.00029927805616, 0.029769493511, 0.023278805618, 2.2854158199e-12],
      [0.092347638163, 0.87109436839, 0.00037406152465, 0.028568176519, 0.0076157473451, 8.0626393778e-09],
      [0.10848087992, 0.045619368307, 0.25348376994, 0.22473535857, 0.36768062326, 1.6132515693e-14],
      [0.036168964471, 0.017903892919, 0.035409310818, 0.78980788769, 0.12070954329, 4.008169169e-07],
      [0.0097509783782, 0.0087613963356, 0.062962262544, 0.086631640868, 0.83161799736, 0.0002757245137],
      [0.043392930067, 0.07350791784, 0.13270382397, 0.37480455742, 0.37557488017, 1.5890525748e-05]
    ],
    [
      [0.91076942563, 0.051326965046, 0.0002173011526, 0.022608222043, 0.015078086129, 1.1490704889e-12],
      [0.049142536946, 0.93682357383, 0.00014164417154, 0.011319923357, 0.0025723195765, 2.1138758423e-09],
      [0.13760296059, 0.12119816886, 0.23011203012, 0.21348878818, 0.29759805224, 1.0138454434e-14],
      [0.047138615926, 0.04879261877, 0.033059846133, 0.77052680309, 0.10048185705, 2.5902848116e-07],
      [0.014563441049, 0.027316498578, 0.067381880219, 0.096967075963, 0.79356796902, 0.00020313516759],
      [0.05347952308, 0.18952727606, 0.11686050196, 0.34529203802, 0.2948309791, 9.6817740919e-06]
    ],
    [
      [0.91465165525, 0.026363860463, 0.00035437202874, 0.033026318737, 0.025603793517, 1.4545696269e-12],
      [0.086006175256, 0.87655014432, 0.00040922317291, 0.029295880127, 0.0077385723878, 4.741290861e-09],
      [0.097326696111, 0.044732576675, 0.27030459227, 0.22400530254, 0.36363083241, 9.2326023741e-15],
      [0.032656201824, 0.01764591858, 0.037875492088, 0.79190770188, 0.11991445522, 2.3041612506e-07],
      [0.0088120000014, 0.0086340218368, 0.067397465774, 0.086824618594, 0.8281748645, 0.0001570292986],
      [0.039091311738, 0.072216786222, 0.14170454118, 0.37460434673, 0.37237390409, 9.1100284595e-06]
    ],
    [
      [0.94807517886, 0.014816039927, 0.00033634458504, 0.018967986866, 0.017804449757, 3.3485517435e-12],
      [0.1545499111, 0.80714401095, 0.00065822031502, 0.028525475943, 0.0091223631921, 1.8499907248e-08],
      [0.13643657868, 0.033259657471, 0.3331899117, 0.16795916972, 0.32915468243, 2.76829157e-14],
      [0.056930268563, 0.01632954662, 0.058281039451, 0.7332885096, 0.13516977577, 8.59996848e-07],
      [0.013547849264, 0.0070501081792, 0.09119350729, 0.071318179087, 0.8163667122, 0.00052364398088],
      [0.060842808696, 0.059516894852, 0.19438475789, 0.3111571764, 0.37406800866, 3.0353509094e-05]
    ],
    [
      [0.90409464846, 0.033776849932, 0.00063741563849, 0.030969817764, 0.030521268139, 6.8496235798e-11],
      [0.063719778411, 0.9070155901, 0.00057559382445, 0.021474097254, 0.0072147658172, 1.745979381e-07],
      [0.072412689428, 0.044970972868, 0.38095420692, 0.16370714646, 0.33795498433, 3.3899544785e-13],
      [0.030914546788, 0.02255315921, 0.067571159107, 0.73725552991, 0.14169484998, 1.075501011e-05],
      [0.0069126504117, 0.0091486230942, 0.099725432751, 0.066887392689, 0.810995679, 0.0063302220516],
      [0.03156603169, 0.07895001993, 0.2163352668, 0.29713446504, 0.37565028504, 0.00036393150783]
    ],
    [
      [0.93650684556, 0.013924630862, 0.00035188040234, 0.023380136064, 0.02583650711, 2.5075064332e-12],
      [0.14894846194, 0.80153583332, 0.00069476081673, 0.035465979504, 0.013354950439, 1.3977893968e-08],
      [0.10802954678, 0.025970725183, 0.29264606013, 0.17298353129, 0.40037013662, 1.7365680845e-14],
      [0.04360820898, 0.012353175301, 0.049388699882, 0.73569189145, 0.15895750261, 5.2177254686e-07],
      [0.0091690034521, 0.0047179451039, 0.068496955102, 0.062946800369, 0.85438919275, 0.00028010321996],
      [0.04619169795, 0.044650306919, 0.16368188524, 0.30826140614, 0.43719641826, 1.8285491437e-05]
    ],
    [
      [0.89688828977, 0.04053789401, 0.00055464617501, 0.028953623983, 0.033065545991, 7.0891198594e-11],
      [0.053171191702, 0.92293933908, 0.00042152877603, 0.01689143637, 0.00657635202, 1.520471425e-07],
      [0.072587409879, 0.054524043947, 0.34060711946, 0.15660406064, 0.37567736608, 3.5988324416e-13],
      [0.031543360466, 0.027806399503, 0.061366885929, 0.71914045037, 0.16013129471, 1.1609015235e-05],
      [0.0064035960326, 0.010236835703, 0.082441742306, 0.059214438084, 0.83547978295, 0.0062236049209],
      [0.030943938951, 0.093676074751, 0.1888831677, 0.27792822237, 0.40819094252, 0.00037765370394]
    ],
    [
      [0.85326845396, 0.080712487081, 0.00044512452032, 0.035239126324, 0.03033480811, 1.9969359197e-12],
      [0.028205609622, 0.9573090316, 0.0001819385841, 0.01105882427, 0.0032445936164, 2.3034851362e-09],
      [0.072869897854, 0.11021876828, 0.27527818904, 0.19312705263, 0.3485060922, 1.0253376803e-14],
      [0.02706900849, 0.047976088764, 0.042585791328, 0.75528500225, 0.12708382625, 2.8292572905e-07],
      [0.0068371529593, 0.021937311953, 0.071004784172, 0.077540279278, 0.82249919263, 0.0001812790102],
      [0.028428643245, 0.17310496249, 0.13969682929, 0.31295242035, 0.34580733982, 9.8048123569e-06]
    ],
    [
      [0.8884812401, 0.041768478463, 0.00040129293791, 0.031428266209, 0.037920722184, 1.0131992733e-10],
      [0.052915686562, 0.92132362502, 0.00030012566607, 0.018040377981, 0.0074199709618, 2.1381229609e-07],
      [0.075165759363, 0.057534073471, 0.25135270724, 0.17410840266, 0.44183905727, 5.2729049031e-13],
      [0.0298918838, 0.026845881933, 0.041603479679, 0.72943981542, 0.17220338268, 1.555648849e-05],
      [0.0058399971476, 0.0095082628322, 0.05370600123, 0.057944806125, 0.86492491556, 0.0080760171085],
      [0.03024358496, 0.093170985875, 0.13173787798, 0.29137918255, 0.45294605195, 0.0005223166854]
    ],
    [
      [0.91664894293, 0.03030230896, 0.00030129152488, 0.025947825442, 0.026799631128, 1.7088060242e-11],
      [0.086426212706, 0.88382181715, 0.00032877928112, 0.02176686489, 0.0076562733305, 5.2638095539e-08],
      [0.11191575125, 0.055545827331, 0.24196191458, 0.187351144, 0.40322536284, 1.1500390395e-13],
      [0.042712503977, 0.024880000795, 0.038783756416, 0.74245515727, 0.15116532031, 3.2612263253e-06],
      [0.0095683548201, 0.010091333134, 0.056893082829, 0.068135279642, 0.85344622903, 0.0018657205488],
      [0.04569934585, 0.090605724256, 0.12912510055, 0.31637679368, 0.41807794081, 0.00011509485104]
    ]
  ],
  "expected_outcome": [
    [
      [9.1290778891, 13.3211526951, 9.0616203585, 3.6946191878, 6.0664465605, 20.4043753515, 8.3429134567, 17.8708856279, 11.0123419497, 8.5472675128, 14.8736831536, 10.0512846611, 12.2874522549, 15.8328288631, 14.3988462212, 23.1823871609, 20.3419475556, 14.7655775898, 18.6472561993, 19.0940848689, 25.0436426103, 6.344270225, 4.5290622958, 2.7822010383, 10.9015775249, 19.4609615906, 2.7602040178, 17.7422377257, 23.8208390752, 11.8841015631, 3.6401182574, 10.6339175537, 14.5767547539, 8.2181398426, 22.7658312898, 13.5670165507, 32.0083882111, 13.5978967053, 0.91281523917, 3.8148491954, 2.8735737983, 16.7092377953, 5.3551359228, 11.6420981521, 7.3816801465, 20.0369273638, 13.7197748288, 13.2730525041, 2.7122839454, 10.3015753012, 4.4844414488, 8.5326845396, 7.1078499208, 81.5817559206],
      [0.12383242767, 0.35390187306, 0.29359456791, 0.12333316885, 0.35546971479, 0.9948171454, 0.35051935419, 0.31519746275, 0.26141891714, 0.13749132877, 0.25031800061, 0.27696043167, 0.24421050867, 0.61234917862, 0.51895455658, 0.72544212147, 0.59596602354, 1.3663368265, 0.38717949975, 0.53526385252, 0.66534079857, 0.20662261299, 0.14660227788, 0.059074236176, 0.4198036097, 0.37956231096, 0.081854015517, 0.43430653477, 0.42560833268, 0.2823957949, 0.1041274844, 0.38196891142, 0.2696741066, 0.142362558, 0.42168934133, 0.55799190888, 0.89735233501, 0.31140547454, 0.019208853869, 0.045488726038, 0.021210224392, 0.52771420358, 0.14756225788, 0.39676879806, 0.19153923597, 1.129193231, 0.39545790694, 0.20742455897, 0.1013305498, 0.15317093948, 0.20268947005, 0.80712487081, 0.33414782771, 2.6969054974],
