{
  "Z_true": {},
  "V_true": [
    [6, 31, 714, 290],
    [143, 136, 14563, 1043],
    [208, 6557, 1453, 1162],
    [629, 425, 569, 190],
    [13, 248, 165, 526],
    [17, 243, 623, 879]
  ],
  "p_true": [
    [0.0058, 0.0298, 0.6859, 0.2786],
    [0.009, 0.0086, 0.9168, 0.0657],
    [0.0222, 0.699, 0.1549, 0.1239],
    [0.3469, 0.2344, 0.3138, 0.1048],
    [0.0137, 0.2605, 0.1733, 0.5525],
    [0.0096, 0.1379, 0.3536, 0.4989]
  ],
  "Z_est": [
    [
      [0.0207, 0, 0.4376, 0.2116, 0.3218, 0.2093, 0.1, 0.4233, 0.0053, 0.1659, 0.1465, 0.2289, 0.1418, 0.6054, 0.4617, 0.0447, 0, 0, 0.0082, 0.0128, 0.1469, 0.3736, 0.5945, 0.8145, 0.1534, 0.6291, 0.5253, 0.2337, 0.3858, 0.5099, 0.1023, 0.4587, 0.1411, 0.893, 0.1459],
      [0.6907, 0.0686, 9.1248, 5.6118, 9.2624, 5.8037, 2.4154, 7.5235, 0.0583, 4.7872, 2.8168, 4.721, 3.67, 11.1708, 7.707, 1.1407, 0.5169, 0.6198, 0.1072, 0.1912, 4.0109, 8.4402, 12.8745, 17.0772, 7.4738, 20.1437, 16.0279, 6.9961, 10.9442, 13.0205, 1.9238, 11.2571, 2.413, 18.1991, 6.246],
      [0.9378, 0.3754, 13.122, 7.8254, 12.7223, 9.7183, 5.2497, 11.403, 0.547, 7.7176, 6.163, 7.7513, 6.2878, 17.6062, 9.7706, 1.4756, 0.6513, 1.0448, 0.2424, 0.5304, 5.7932, 13.7558, 21.6535, 23.5345, 11.0705, 29.2183, 25.7768, 9.882, 15.0578, 21.6576, 2.9902, 14.5855, 4.7939, 31.1699, 7.1267],
      [1.3508, 1.556, 12.3156, 10.3512, 16.6936, 11.2687, 6.2348, 14.6502, 4.3894, 7.3293, 6.8736, 9.2988, 7.9005, 21.6177, 15.0607, 2.3389, 0.8318, 1.3354, 0.6422, 1.2656, 10.049, 15.4304, 22.8776, 28.5738, 14.3023, 33.009, 26.67, 10.8882, 17.6122, 18.8121, 1.9836, 18.6987, 4.652, 48.738, 11.4814]
    ],
    [
      [1.1025, 0, 11.622, 4.3996, 6.0737, 6.0184, 2.3256, 10.7623, 0, 5.6454, 3.09, 6.905, 3.7756, 9.8185, 10.244, 1.2793, 0, 0, 0.3465, 0.2237, 3.6088, 8.0959, 5.7985, 6.5389, 1.6609, 10.0699, 7.5794, 6.3001, 8.8112, 9.1584, 2.841, 8.7556, 2.5953, 17.9869, 0.7547],
      [6.8955, 0, 51.332, 23.3513, 35.5368, 34.3793, 10.3031, 40.8858, 0, 33.6716, 10.4929, 28.9317, 19.5616, 38.1284, 38.9873, 6.0553, 1.2931, 3.2316, 0.8648, 0.3665, 20.3341, 37.3773, 25.6084, 28.4911, 25.045, 68.6762, 49.5689, 38.8008, 51.0262, 49.0371, 11.6352, 43.9373, 8.5768, 75.3021, 6.4839],
      [88.0346, 5.9496, 671.4948, 300.8526, 450.9078, 530.4641, 221.3444, 568.8176, 29.6334, 493.9888, 229.1184, 438.6843, 311.0089, 553.0529, 446.504, 73.0657, 16.1662, 54.7942, 19.308, 16.5977, 264.2691, 561.0311, 396.1777, 362.0597, 339.4519, 916.032, 727.6646, 505.6161, 648.6921, 731.2816, 157.8536, 525.7957, 161.682, 1186.5751, 69.5516],
      [13.9674, 2.0504, 65.5511, 43.3965, 64.4816, 67.1382, 29.0268, 79.5343, 14.3666, 49.6943, 28.2987, 57.479, 42.6539, 74.0002, 74.2647, 12.5997, 2.5407, 7.9743, 4.4808, 3.8122, 47.788, 68.4957, 45.4154, 47.9104, 47.8423, 112.2219, 81.1872, 60.283, 82.4704, 65.5229, 8.6702, 73.5115, 17.146, 195.1359, 12.2098]
    ],
    [
      [0.226, 0, 2.9322, 1.3438, 1.574, 1.3453, 0.4663, 2.7315, 0.3454, 1.122, 0.5781, 1.2949, 1.041, 2.4303, 2.5723, 0.3169, 0, 0, 0.1652, 0.0234, 0.9394, 2.1851, 1.8243, 2.1588, 0.3858, 3.2637, 2.498, 2.168, 2.7334, 3.5534, 0.7268, 3.1724, 0.5727, 3.5058, 0.2816],
      [30.2455, 0.275, 267.7287, 147.3995, 192.3938, 161.3055, 47.3665, 217.7851, 2.5294, 138.8702, 46.0703, 114.5701, 113.5414, 197.9235, 208.7143, 31.044, 5.7413, 15.9582, 8.7815, 1.5828, 107.2039, 210.8882, 167.537, 197.6965, 152.122, 472.6563, 342.9506, 278.3483, 329.8294, 383.1567, 58.5611, 330.3546, 41.3133, 307.0769, 49.9695],
      [14.0671, 0.3354, 134.3769, 71.2593, 91.7756, 93.8119, 35.7033, 114.7315, 24.8529, 77.8318, 34.9616, 65.2824, 67.4801, 108.4049, 91.9974, 13.7208, 2.2699, 9.2455, 7.0786, 1.4154, 53.9575, 119.4233, 97.8751, 94.6077, 78.3583, 238.7297, 191.9231, 136.8353, 157.8738, 222.3592, 31.853, 148.7459, 28.3885, 183.6483, 19.6068],
      [6.4614, 0.3895, 38.9622, 29.9973, 38.2566, 34.5373, 13.4638, 46.7519, 23.2723, 23.1759, 12.39, 24.8526, 26.9374, 42.2412, 44.7161, 6.9183, 0.9889, 3.7963, 4.9747, 0.9784, 28.8992, 42.5035, 32.7636, 36.537, 32.1339, 85.3502, 62.6283, 47.6483, 58.5634, 58.9307, 5.8591, 60.7271, 8.7256, 89.769, 10.1421]
    ],
    [
      [6.619, 0, 42.6788, 14.8761, 27.8606, 17.2473, 7.0537, 27.6868, 0.6437, 15.9321, 8.0613, 23.3558, 13.9408, 31.8216, 43.4381, 5.3351, 0, 0, 2.465, 1.7328, 17.205, 45.1554, 33.6006, 28.331, 9.7295, 54.6871, 37.1582, 35.0584, 40.7473, 33.4974, 19.2839, 46.2455, 15.6449, 53.1779, 5.7929],
      [6.8302, 0.6399, 28.564, 12.5366, 25.7605, 15.2853, 5.3195, 15.6648, 0.2762, 14.6803, 4.822, 15.3484, 11.4558, 18.7363, 23.0413, 4.0651, 0, 1.2333, 0.7119, 0.5386, 14.9673, 32.8318, 23.3676, 18.9245, 14.6367, 56.4576, 36.4627, 33.7718, 37.2562, 27.5466, 11.4065, 36.5296, 8.3669, 34.99, 7.7889],
      [4.1928, 1.1689, 18.7652, 7.971, 16.1396, 11.6767, 5.2615, 10.8355, 0.7, 10.7963, 4.8029, 11.4893, 8.9467, 13.4747, 13.3292, 2.3795, 0, 0.7144, 0.7329, 0.6471, 9.8613, 24.4107, 17.9267, 11.8978, 9.8879, 37.3922, 26.7705, 21.7737, 23.3979, 20.9267, 8.116, 21.5997, 7.5561, 27.3722, 4.0345],
      [0.358, 0.1912, 0.992, 0.6162, 1.2393, 0.7907, 0.3653, 0.8129, 0.38, 0.5914, 0.3139, 0.8065, 0.6567, 0.9675, 1.1914, 0.2203, 0, 0.0524, 0.0902, 0.0814, 0.9665, 1.6021, 1.1051, 0.8467, 0.746, 2.463, 1.6086, 1.3961, 1.5986, 1.0292, 0.1936, 1.6253, 0.4322, 2.4599, 0.3836]
    ],
    [
      [0.0036, 0, 0.0407, 0.0273, 0.0368, 0.0504, 0.0134, 0.0488, 0.0013, 0.0206, 0.0164, 0.0241, 0.0176, 0.0318, 0.0413, 0.007, 0, 0, 0.0009, 0.0007, 0.0144, 0.0345, 0.0362, 0.0404, 0.0098, 0.0494, 0.0261, 0.0416, 0.0413, 0.0405, 0.0029, 0.0743, 0.0035, 0.0694, 0.0029],
      [1.2272, 0, 9.1111, 7.4717, 11.1197, 14.8453, 3.3096, 9.4613, 0.0678, 6.3239, 3.1902, 5.261, 4.7791, 6.3132, 7.7724, 1.7092, 0.2728, 0.4348, 0.1174, 0.1053, 4.0874, 8.2653, 8.2526, 9.0951, 7.4521, 17.2315, 8.6054, 13.2342, 12.4052, 10.9448, 0.5786, 19.1702, 0.6417, 14.9945, 1.3326],
      [1.6498, 0, 12.9778, 10.3196, 15.1284, 24.6213, 7.1261, 14.2039, 0.5935, 10.0982, 6.9138, 8.5559, 8.1103, 9.8561, 9.7603, 2.1894, 0.3421, 0.7321, 0.2629, 0.2869, 5.8475, 13.3432, 13.7492, 12.4159, 10.9335, 24.757, 13.709, 18.5171, 16.9062, 18.033, 0.8906, 24.6031, 1.2624, 25.4332, 1.5064],
      [2.1194, 0, 10.8704, 12.1815, 17.7151, 25.4829, 7.5509, 16.2859, 4.3374, 8.5572, 6.8796, 9.1591, 9.0931, 10.7989, 13.4261, 3.0944, 0.3851, 0.8331, 0.6188, 0.6072, 9.0507, 13.357, 12.962, 13.4486, 12.6045, 24.9621, 12.6595, 18.207, 17.6474, 13.9817, 0.528, 28.1524, 1.0924, 35.5029, 2.1581]
    ],
    [
      [0.0282, 0, 0.2887, 0.1416, 0.1332, 0.1293, 0.041, 0.3473, 0.0043, 0.114, 0.1077, 0.1914, 0.0832, 0.2925, 0.2426, 0.0169, 0, 0, 0.0144, 0.0066, 0.0856, 0.1555, 0.146, 0.1163, 0.0606, 0.3008, 0.2131, 0.1983, 0.281, 0.2405, 0.0431, 0.2935, 0.0426, 0.3669, 0.0219],
      [2.1109, 0.0165, 14.1394, 8.6291, 8.9268, 8.381, 2.2857, 14.6795, 0.0682, 7.6669, 4.6079, 9.1678, 4.9922, 12.7278, 9.7777, 0.9857, 0.176, 1.5224, 0.4172, 0.2156, 5.3965, 8.1972, 7.3599, 5.7157, 8.2705, 22.8347, 15.3846, 13.8488, 18.5387, 14.2943, 1.8948, 16.7513, 1.6884, 17.4375, 2.1792],
      [7.1179, 2.1707, 50.2633, 29.772, 30.3262, 34.7076, 12.315, 55.0086, 1.6733, 30.5673, 25.0403, 37.2368, 21.1662, 49.6051, 30.6387, 3.1691, 0.5705, 6.4691, 2.3752, 1.5226, 19.2714, 33.0359, 30.6178, 19.4844, 30.298, 81.8709, 61.156, 48.3756, 63.0722, 58.7418, 7.2966, 53.6701, 8.3171, 73.8013, 6.174],
      [3.7429, 2.8128, 17.3086, 14.4573, 14.6137, 14.7821, 5.3582, 25.9647, 5.2542, 10.6518, 10.2442, 16.404, 9.7584, 22.3746, 17.3411, 1.8283, 0.2535, 3.0085, 2.1933, 1.2552, 12.2465, 13.6113, 11.8763, 8.6836, 14.371, 33.9937, 23.2463, 19.5773, 27.108, 18.7234, 1.7654, 25.2851, 2.9519, 42.3943, 3.625]
    ]
  ],
  "V_est": [
    [9.653, 235.0557, 359.2081, 437.0833],
    [184.1874, 924.1685, 13073.5217, 1703.1223],
    [50.4779, 5379.4909, 2864.7878, 1085.2434],
    [766.0634, 600.8143, 416.9483, 29.174],
    [0.8698, 229.1841, 345.6357, 376.3104],
    [4.7485, 271.2865, 1026.8985, 459.0665]
  ],
  "p_est": [
    [0.0093, 0.2258, 0.3451, 0.4199],
    [0.0116, 0.0582, 0.823, 0.1072],
    [0.0054, 0.5735, 0.3054, 0.1157],
    [0.4225, 0.3314, 0.23, 0.0161],
    [0.0009, 0.2407, 0.3631, 0.3953],
    [0.0027, 0.154, 0.5828, 0.2605]
  ],
  "EI_Z": {},
  "EI_V": 13.5626,
  "MAE_Z": {},
  "MAE_V": 348.4797,
  "MAE_p": 0.0994,
  "runtime": 0.059
}
