{
  "X": [
    [64, 474, 556, 59],
    [4, 15, 28, 3],
    [82, 471, 349, 20],
    [38, 136, 87, 5],
    [7, 12, 22, 1],
    [15, 159, 100, 6],
    [43, 472, 417, 19],
    [15, 301, 352, 20],
    [0, 13, 9, 5],
    [2, 11, 11, 0],
    [16, 201, 119, 10],
    [28, 277, 309, 18],
    [14, 171, 171, 11],
    [0, 29, 28, 1],
    [8, 33, 45, 7],
    [11, 51, 49, 4],
    [6, 25, 41, 3],
    [98, 541, 453, 43],
    [14, 202, 124, 8],
    [15, 63, 73, 3],
    [17, 125, 187, 17],
    [3, 9, 35, 3],
    [4, 5, 18, 0],
    [1, 4, 18, 0],
    [4, 11, 23, 4],
    [31, 284, 393, 21],
    [7, 15, 29, 6],
    [53, 298, 324, 19],
    [22, 74, 424, 27],
    [11, 318, 173, 18],
    [100, 1093, 762, 39],
    [81, 426, 854, 57],
    [30, 234, 292, 10],
    [33, 215, 328, 15],
    [60, 315, 408, 32],
    [58, 297, 541, 46],
    [40, 118, 485, 26],
    [36, 233, 267, 15],
    [9, 57, 140, 11],
    [47, 495, 689, 35],
    [33, 305, 439, 38],
    [61, 502, 693, 46],
    [48, 366, 502, 36],
    [40, 344, 457, 34],
    [31, 243, 304, 21],
    [27, 214, 338, 25],
    [43, 322, 383, 32],
    [35, 232, 329, 16],
    [45, 272, 435, 17],
    [1, 6, 12, 0],
    [2, 27, 19, 0],
    [39, 294, 366, 19],
    [152, 1322, 1784, 109],
    [18, 98, 107, 4],
    [42, 157, 238, 13],
    [211, 762, 927, 56],
    [35, 136, 105, 7]
  ],
  "W": [
    [80, 378, 542, 83, 70],
    [5, 24, 16, 3, 2],
    [115, 210, 495, 52, 50],
    [50, 46, 144, 8, 18],
    [18, 5, 15, 1, 3],
    [36, 48, 157, 5, 34],
    [79, 240, 507, 61, 64],
    [59, 217, 308, 49, 55],
    [2, 7, 14, 1, 3],
    [4, 7, 13, 0, 0],
    [29, 65, 203, 17, 32],
    [61, 193, 302, 46, 30],
    [32, 101, 187, 23, 24],
    [8, 16, 29, 4, 1],
    [7, 38, 41, 2, 5],
    [10, 28, 59, 7, 11],
    [11, 25, 31, 4, 4],
    [125, 288, 605, 45, 72],
    [35, 47, 215, 16, 35],
    [18, 54, 70, 4, 8],
    [32, 131, 148, 23, 12],
    [2, 32, 12, 3, 1],
    [6, 13, 5, 0, 3],
    [2, 16, 5, 0, 0],
    [6, 19, 11, 1, 5],
    [63, 249, 313, 52, 52],
    [6, 22, 19, 6, 4],
    [127, 175, 299, 36, 57],
    [32, 362, 80, 35, 38],
    [27, 101, 352, 15, 25],
    [200, 400, 1188, 97, 109],
    [120, 592, 487, 110, 109],
    [59, 167, 290, 25, 25],
    [69, 203, 242, 44, 33],
    [87, 297, 348, 38, 45],
    [78, 385, 350, 68, 61],
    [51, 400, 140, 48, 30],
    [72, 147, 247, 49, 36],
    [16, 96, 65, 14, 26],
    [100, 409, 577, 88, 92],
    [73, 278, 345, 64, 55],
    [118, 456, 545, 85, 98],
    [82, 341, 407, 65, 57],
    [72, 291, 381, 70, 61],
    [63, 172, 264, 51, 49],
    [51, 208, 239, 65, 41],
    [70, 253, 351, 61, 45],
    [63, 214, 256, 37, 42],
    [99, 266, 298, 44, 62],
    [1, 8, 10, 0, 0],
    [6, 10, 28, 0, 4],
    [79, 254, 306, 37, 42],
    [262, 1218, 1436, 243, 208],
    [40, 59, 104, 7, 17],
    [50, 186, 175, 22, 17],
    [254, 675, 809, 86, 132],
    [63, 56, 142, 6, 16]
  ],
  "method": "mvn_pdf",
  "cond_prob": [
    [
      [0.44955640458, 0.19820684832, 0.34749312508, 0.0047436220226],
      [0.039527556797, 0.0041212955795, 0.87521486202, 0.081136285604],
      [0.020506505094, 0.80892597872, 0.1462493483, 0.024318167886],
      [0.00057225651534, 0.031228567076, 0.87344454629, 0.094754630117],
      [0.027600687332, 0.22222501242, 0.65151840045, 0.098655899799]
    ],
    [
      [0.50122262712, 0.19377993185, 0.29891474761, 0.0060826934148],
      [0.044257732854, 0, 0.86923356399, 0.08650870316],
      [0.023150756318, 0.84071879744, 0.10848734415, 0.02764310209],
      [0.0011439166579, 0.032078775707, 0.87731198025, 0.089465327389],
      [0.02892871242, 0.2416816273, 0.63804363955, 0.091346020737]
    ],
    [
      [0.50678730987, 0.21879660323, 0.27232906123, 0.0020870256745],
      [0.056999593909, 0.0067312683591, 0.89203796372, 0.044231174016],
      [0.019896957186, 0.86321147961, 0.10592758023, 0.010963982969],
      [0.00060029030374, 0.04537895986, 0.903447848, 0.05057290184],
      [0.037386714815, 0.29550871905, 0.61881490537, 0.048289660773]
    ],
    [
      [0.60400406095, 0.16705883375, 0.22686083891, 0.0020762663939],
      [0.076636113945, 0.0066596047147, 0.87582253776, 0.040881743581],
      [0.02308663959, 0.84793422475, 0.11641674936, 0.012562386305],
      [0.00063000062957, 0.041195366948, 0.91064940814, 0.047525224278],
      [0.052501089172, 0.2727013998, 0.62888411918, 0.045913391856]
    ],
    [
      [0.35152235821, 0.10558174441, 0.52741514129, 0.015480756084],
      [0.023203018414, 0.00026601787603, 0.94801519602, 0.028515767692],
      [0.033351977839, 0.65311360571, 0.28445443441, 0.029079982044],
      [0.0011528295008, 0.011153569361, 0.95876944891, 0.028924152227],
      [0.018383320995, 0.096780285399, 0.84695517056, 0.037881223047]
    ],
    [
      [0.32049975484, 0.30432941128, 0.37204266074, 0.0031281731388],
      [0.027321293195, 0.0050740140815, 0.92276625008, 0.044838442645],
      [0.0099116682818, 0.87361507829, 0.10462362726, 0.011849626163],
      [0.00038906715475, 0.045645192447, 0.90475296481, 0.04921277559],
      [0.01742674989, 0.30631750777, 0.62835323251, 0.047902509839]
    ],
    [
      [0.35336557888, 0.25894210593, 0.38542079015, 0.0022715250454],
      [0.02982976799, 0.0044585330566, 0.92863398975, 0.0370777092],
      [0.013042733761, 0.84998527582, 0.12786331587, 0.009108674548],
      [0.0004379721001, 0.038523831919, 0.91891234548, 0.042125850499],
      [0.020087384939, 0.26845370485, 0.66873821588, 0.042720694332]
    ],
    [
      [0.22204247695, 0.3147444731, 0.4593707842, 0.0038422657563],
      [0.0064567108903, 0.0092702841764, 0.93751747193, 0.046755533002],
      [0, 0.85567895017, 0.13044143623, 0.013879613601],
      [0, 0.038013143123, 0.91103479807, 0.050952058804],
      [0.009061592672, 0.27284843192, 0.6661666338, 0.051923341606]
    ],
    [
      [0, 0.41253215922, 0.39560423873, 0.19186360204],
      [0, 0.47188268853, 0.30327363283, 0.22484367864],
      [0, 0.60752128957, 0.39247871043, 0],
      [0, 0.03022554703, 0.13600023864, 0.83377421433],
      [0, 0.11207775362, 0.15172463601, 0.73619761037]
    ],
    [
      [0.37332187903, 0.16796396927, 0.4587141517, 0],
      [0.026181695704, 0, 0.9738183043, 0],
      [0.024880047226, 0.79447262484, 0.18064732793, 0],
      [0.0003022070342, 0.020198448203, 0.97184691209, 0.0076524326726],
      [0.016417402038, 0.17122263052, 0.80323451748, 0.0091254499596]
    ],
    [
      [0.36175190103, 0.30944157002, 0.32507419595, 0.003732333005],
      [0.034739420753, 0.0067700186444, 0.89908919216, 0.059401368439],
      [0.012631979239, 0.88702467965, 0.085618059648, 0.01472528146],
      [0.00060229754763, 0.052045793971, 0.88232815198, 0.065023756505],
      [0.021143802418, 0.33235483721, 0.58600019171, 0.060501168668]
    ],
    [
      [0.32126305609, 0.25353055726, 0.42159508746, 0.0036112991916],
      [0.023981810747, 0.0034267712499, 0.92570543869, 0.046885979315],
      [0.010785942654, 0.83423284666, 0.13930227271, 0.015678937978],
      [0.00019971125743, 0.034115557695, 0.91397268708, 0.051712043963],
      [0.016930756826, 0.24552112706, 0.68365066779, 0.05389744833]
    ],
    [
      [0.30343566683, 0.25820978483, 0.43432040981, 0.0040341385311],
      [0.021567390387, 0.0031613766253, 0.92580875284, 0.049462480148],
      [0.0093093790666, 0.83324677714, 0.13993930862, 0.017504535177],
      [0.00013695722859, 0.033505205954, 0.91232487879, 0.054032958032],
      [0.015322847108, 0.242925866, 0.68512249693, 0.056628789963]
    ],
    [
      [0, 0.47246166194, 0.52387531906, 0.0036630190019],
      [0, 0, 0.97011652038, 0.029883479622],
      [0, 0.85492784224, 0.13338175286, 0.0116904049],
      [0, 0.035336770411, 0.93407041532, 0.030592814272],
      [0, 0.28605219795, 0.68278062722, 0.031167174825]
    ],
    [
      [0.62094304831, 0.11740367483, 0.25856890824, 0.0030843686235],
      [0.054834708966, 0.0083114501156, 0.82057140121, 0.11628243971],
      [0.033110130206, 0.75552674959, 0.17696085631, 0.034402263898],
      [0.00066829050382, 0.02283977587, 0.81854672866, 0.15794520497],
      [0.042165560341, 0.16801257738, 0.6231631661, 0.16665869618]
    ],
    [
      [0.66416957899, 0.1170705269, 0.21565105597, 0.0031088381411],
      [0.07489573677, 0.004197960024, 0.86867173262, 0.052234570581],
      [0.027780726558, 0.79897071206, 0.14913070714, 0.024117854241],
      [0, 0.029725753566, 0.91127356088, 0.059000685555],
      [0.056560064871, 0.21494541489, 0.66755038904, 0.060944131204]
    ],
    [
      [0.40084374374, 0.14302144421, 0.44940897488, 0.0067258371803],
      [0.029481627127, 0.00065207500732, 0.91404427974, 0.055822018126],
      [0.024719906628, 0.73445516633, 0.20741813738, 0.033406789667],
      [0.00096126399521, 0.017467836823, 0.92449116373, 0.057079735449],
      [0.02087899482, 0.14312018379, 0.76936684229, 0.066633979099]
    ],
    [
      [0.52756768256, 0.18189024866, 0.28690698284, 0.0036350859346],
      [0.05422921825, 0.0046763944007, 0.87167292357, 0.069421463775],
      [0.022592844548, 0.82297505231, 0.13261913013, 0.021812973004],
      [0.00052659572352, 0.03506392881, 0.8847798034, 0.079629672064],
      [0.038106348122, 0.24221019283, 0.63951611487, 0.080167344175]
    ],
    [
      [0.30130817125, 0.2763624037, 0.4187939955, 0.0035354295512],
      [0.022746563471, 0.00383313338, 0.92800780927, 0.045412493878],
      [0.0085799824876, 0.84802197137, 0.12877919115, 0.01461885499],
      [0.00021104331191, 0.037276948458, 0.9124688341, 0.050043174125],
      [0.015344359869, 0.26360010234, 0.66968044795, 0.051375089844]
    ],
    [
      [0.55389150504, 0.16504759768, 0.2793949427, 0.0016659545761],
      [0.055663703176, 0.0037411703871, 0.90795924879, 0.032635877644],
      [0.024167475938, 0.82539146474, 0.13974876143, 0.010692297894],
      [0.0006281130427, 0.033578291943, 0.92816990827, 0.037623686741],
      [0.041234646232, 0.23942554267, 0.68074983293, 0.038589978164]
    ],
    [
      [0.35050362575, 0.19739266463, 0.4465000027, 0.0056037069254],
      [0.024732279715, 0.0036116643375, 0.89909312039, 0.072562935553],
      [0.015671160772, 0.77985530137, 0.17534346525, 0.02913007261],
      [0.00042643767488, 0.024555262195, 0.89218440989, 0.082833890236],
      [0.017901289389, 0.18557925592, 0.70497723809, 0.091542216604]
    ],
    [
      [0.56120566722, 0.092874669799, 0.3415016808, 0.0044179821872],
      [0.043289038293, 0, 0.88559117428, 0.071119787425],
      [0.038158376939, 0.72079315032, 0.20593462268, 0.035113850058],
      [0.0012269148209, 0.014320347213, 0.91389409433, 0.070558643639],
      [0.03075817247, 0.12177181491, 0.76518130622, 0.082288706401]
    ],
    [
      [0.53261729745, 0.11175266889, 0.35563003366, 0],
      [0.040668331005, 0, 0.95933166899, 0],
      [0.029046867827, 0.77745923003, 0.19349390214, 0],
      [0.00057531059462, 0.01741806541, 0.97010151053, 0.011905113464],
      [0.043457857706, 0.1473959455, 0.8091461968, 0]
    ],
    [
      [0.28631847402, 0.11874586862, 0.59493565736, 0],
      [0.017399568366, 0, 0.98260043163, 0],
      [0.029793991621, 0.75250165255, 0.21770435583, 0],
      [0.00018244095711, 0.010545802652, 0.97802084291, 0.011250913482],
      [0.010686908294, 0.095810695056, 0.87909804596, 0.014404350685]
    ],
    [
      [0.47721944529, 0.18240157803, 0.34037897668, 0],
      [0.040614917808, 0.0082694687953, 0.82193659686, 0.12917901654],
      [0.021842507772, 0.79889119932, 0.14574780726, 0.033518485648],
      [0.00083567805077, 0.024837048334, 0.77974770655, 0.19457956706],
      [0.024779325267, 0.18716607678, 0.59159144263, 0.19646315532]
    ],
    [
      [0.32553424896, 0.23112715147, 0.43996721702, 0.0033713825469],
      [0.023405220384, 0.0032408882391, 0.93026956203, 0.04308432935],
      [0.012034814252, 0.81628399125, 0.15604109194, 0.015640102558],
      [0.00021107125247, 0.030122801791, 0.92174398098, 0.047922145974],
      [0.017030189882, 0.22247564097, 0.70910376145, 0.051390407698]
    ],
    [
      [0.72845240055, 0.076734065846, 0.1948135336, 0],
      [0.069658166886, 0.021889335468, 0.77349330185, 0.1349591958],
      [0.046091900231, 0.70466361905, 0.21928759918, 0.029956881544],
      [0, 0.02300877881, 0.74037940625, 0.23661181494],
      [0.055264955205, 0.13284219747, 0.55138133399, 0.26051151334]
    ],
    [
      [0.34249739189, 0.25029083186, 0.40339922488, 0.0038125513727],
      [0.027102950082, 0.0034123074277, 0.92052670739, 0.048958035104],
      [0.012312683118, 0.83640919412, 0.13517703947, 0.016101083286],
      [0.00033340219434, 0.03509592685, 0.91051196413, 0.054058706831],
      [0.018707372534, 0.25028259901, 0.67508349364, 0.055926534809]
    ],
    [
      [0.35310627128, 0.17434332424, 0.46791499606, 0.004635408429],
      [0.023886433319, 0.0022814209006, 0.9185141699, 0.055317975879],
      [0.016831222055, 0.7568714512, 0.20051186022, 0.025785466529],
      [0.00033152552738, 0.021172686273, 0.91750235796, 0.060993430242],
      [0.018305507888, 0.16590471429, 0.74660682306, 0.069182954766]
    ],
    [
      [0.26698807103, 0.30730809727, 0.42010678942, 0.0055970422821],
      [0.018869976932, 0.004950523038, 0.90315654511, 0.073022954922],
      [0.0044421910413, 0.85712718947, 0.11777120343, 0.020659416061],
      [0.00012350564009, 0.040030867637, 0.87987829864, 0.079967328079],
      [0.012798023243, 0.2757377936, 0.63138670169, 0.080077481471]
    ],
    [
      [0.35306338402, 0.25753166859, 0.38682542858, 0.0025795188123],
      [0.029676588127, 0.0042896633717, 0.92553181264, 0.04050193586],
      [0.012870915436, 0.84773660097, 0.12858801275, 0.01080447084],
      [0.00041310995576, 0.038088457026, 0.91601430959, 0.045484123431],
      [0.020054759087, 0.26579943711, 0.66794717479, 0.046198629016]
    ],
    [
      [0.40952880036, 0.17875282838, 0.40774249704, 0.0039758742186],
      [0.032530912304, 0.0029390506624, 0.91102757739, 0.053502459645],
      [0.020408925417, 0.7791900772, 0.17770021102, 0.022700786364],
      [0.00054379233498, 0.025026389457, 0.91440084831, 0.060028969897],
      [0.023846605857, 0.1889107538, 0.7212704446, 0.065972195745]
    ],
    [
      [0.34341410555, 0.16704773799, 0.48758828553, 0.0019498709236],
      [0.023749727596, 0.0057330723568, 0.94284302505, 0.027674175001],
      [0.018309930238, 0.75409294561, 0.21551564932, 0.01208147484],
      [0.00043071537933, 0.020509808244, 0.94643295454, 0.032626521835],
      [0.018068624416, 0.15948243771, 0.78468575224, 0.037763185639]
    ],
    [
      [0.34361912759, 0.20424295361, 0.44922833565, 0.0029095831472],
      [0.024915003748, 0.0033181082366, 0.93379098502, 0.037975902999],
      [0.014921175075, 0.79543454897, 0.17458373299, 0.015060542963],
      [0.00036036017124, 0.026371485342, 0.9303994993, 0.042868655185],
      [0.018356188467, 0.19933800071, 0.73505556147, 0.047250249357]
    ],
    [
      [0.45338146625, 0.20059347744, 0.34207241494, 0.0039526413693],
      [0.041027074195, 0.0032406951084, 0.89373536904, 0.061996861658],
      [0.020269501824, 0.81852492291, 0.14010120386, 0.021104371412],
      [0.00056482620691, 0.032699881207, 0.89697714136, 0.069758151223],
      [0.028789363772, 0.23325805241, 0.66577655513, 0.072176028685]
    ],
    [
      [0.44214053879, 0.16738507446, 0.38599626608, 0.004478120675],
      [0.035937870182, 0.0035343358142, 0.89405503866, 0.066472755341],
      [0.022926382665, 0.77075999544, 0.178636816, 0.027676805893],
      [0.0005543060022, 0.024397847406, 0.89816382035, 0.076884026245],
      [0.02647592153, 0.18292119468, 0.70627993405, 0.084322949736]
    ],
    [
      [0.43314473847, 0.14593915132, 0.4174507345, 0.0034653757177],
      [0.03411954753, 0.0024093012991, 0.9174730285, 0.045998122668],
      [0.024736688755, 0.74204357069, 0.21050408812, 0.022715652436],
      [0.00060472034274, 0.020158895119, 0.92756462822, 0.05167175632],
      [0.02565454413, 0.15798853004, 0.75757088828, 0.058786037558]
    ],
    [
      [0.37339498285, 0.23345472588, 0.38985253139, 0.0032977598843],
      [0.030978122729, 0.0031080332147, 0.92062164845, 0.045292195605],
      [0.015249164838, 0.83113422427, 0.13841932219, 0.0151972887],
      [0.000533013792, 0.033905710717, 0.91520643045, 0.050354845038],
      [0.021364327859, 0.24396793428, 0.68234854846, 0.052319189406]
    ],
    [
      [0.33647719474, 0.17931511254, 0.4787051487, 0.0055025440266],
      [0.022455209415, 0.0027581233616, 0.91227380343, 0.062512863793],
      [0.01569515526, 0.75819327925, 0.19646703034, 0.029644535142],
      [0.00041319486355, 0.021043838029, 0.91013512185, 0.068407845262],
      [0.016719036936, 0.1649615951, 0.74039168513, 0.077927682828]
    ],
    [
      [0.30740666264, 0.20484291664, 0.48438807774, 0.0033623429801],
      [0.01978046197, 0.0042668928687, 0.93598717146, 0.039965473701],
      [0.01170590076, 0.78551652914, 0.18586955322, 0.016908016875],
      [6.4693333031e-05, 0.024827989845, 0.93023937487, 0.044867941949],
      [0.015316598248, 0.18850705144, 0.7460287163, 0.050147634018]
    ],
    [
      [0.31172455369, 0.22247683209, 0.46031459126, 0.0054840229644],
      [0.02024396344, 0.0040067260614, 0.90705594409, 0.068693366404],
      [0.010943143727, 0.79656173491, 0.16671348911, 0.025781632253],
      [1.8183167486e-05, 0.027165778881, 0.89525227816, 0.077563759796],
      [0.015267953375, 0.20168932766, 0.69860332426, 0.084439394707]
    ],
    [
      [0.34188481634, 0.2349161433, 0.41913015267, 0.0040688876947],
      [0.025857465576, 0.0032202900916, 0.91777814702, 0.053144097314],
      [0.012919395268, 0.82110609608, 0.14725393835, 0.018720570301],
      [0.0002976372032, 0.031727984565, 0.90916739294, 0.058806985294],
      [0.018369569246, 0.23073205876, 0.68880798104, 0.062090390948]
    ],
    [
      [0.37095921443, 0.22169177219, 0.40313059092, 0.0042184224556],
      [0.029507465725, 0.0028787408098, 0.91065842249, 0.056955370974],
      [0.015499667649, 0.81564754954, 0.14843484419, 0.020417938622],
      [0.00045856425804, 0.030923340894, 0.9053673264, 0.063250768449],
      [0.020721529732, 0.22563253061, 0.68678792408, 0.066858015577]
    ],
    [
      [0.35402988331, 0.2273115063, 0.41423083796, 0.0044277724292],
      [0.027201140716, 0.0029661620128, 0.91146498612, 0.058367711156],
      [0.014163129998, 0.81594785737, 0.14894340004, 0.020945612589],
      [0.00038141580076, 0.030812170102, 0.90405062816, 0.06475578594],
      [0.019204341284, 0.22520381695, 0.68701785773, 0.068573984041]
    ],
    [
      [0.34756190984, 0.22824281659, 0.41990940609, 0.0042858674869],
      [0.026386613001, 0.0028481198664, 0.91669241948, 0.054072847651],
      [0.013753184633, 0.81648020988, 0.1497768444, 0.019989761087],
      [0.00036031192365, 0.030612832692, 0.90932819067, 0.059698664715],
      [0.01869154271, 0.22487338904, 0.69301605345, 0.063419014796]
    ],
    [
      [0.34521629529, 0.21666295381, 0.4334404836, 0.0046802673025],
      [0.02523451992, 0.0028659548189, 0.91314543909, 0.058754086167],
      [0.014130508649, 0.8030881545, 0.16006224802, 0.02271908883],
      [0.0003333729379, 0.028121321819, 0.90644544819, 0.065099857053],
      [0.018203121677, 0.2094662417, 0.70210859989, 0.070222036729]
    ],
    [
      [0.39473086026, 0.23225467912, 0.36860404099, 0.0044104196409],
      [0.033912702598, 0.0033704444301, 0.89721552922, 0.06550132375],
      [0.016295036155, 0.83095090472, 0.13202586013, 0.020728198993],
      [0.00057727823789, 0.034864079227, 0.89133605646, 0.073222586072],
      [0.022981208045, 0.24664385845, 0.65532470862, 0.075050224882]
    ],
    [
      [0.37351644457, 0.21190171106, 0.41174961486, 0.0028322295133],
      [0.029721591363, 0.0028534358638, 0.92776716791, 0.039657804865],
      [0.016413324641, 0.81155080058, 0.15772783459, 0.014308040195],
      [0.0004970100262, 0.029544324477, 0.92521381457, 0.044744850931],
      [0.021139118131, 0.21879552321, 0.71205627472, 0.048009083935]
    ],
    [
      [0.33599599965, 0.20553315259, 0.45630307263, 0.0021677751335],
      [0.023933382963, 0.0038661166792, 0.93914749384, 0.033053006519],
      [0.014269300337, 0.79570126032, 0.17774281187, 0.012286627477],
      [0.00030478959025, 0.026334432773, 0.93479515584, 0.038565621798],
      [0.017813772969, 0.19913129421, 0.74055512346, 0.042499809363]
    ],
    [
      [0.37752475742, 0.052678400627, 0.56979684195, 0],
      [0.027706432667, 0.031942257241, 0.94035131009, 0],
      [0.040082378124, 0.56917835414, 0.39073926773, 0],
      [0.00017015097156, 0.0048430036833, 0.98968348921, 0.0053033561397],
      [0.010299317669, 0.042390117903, 0.94003612866, 0.0072744357644]
    ],
    [
      [0.25368761582, 0.29058315393, 0.45572923025, 0],
      [0.027473717698, 0.0031798700282, 0.96934641227, 0],
      [0.0035012501945, 0.8630218731, 0.13347687671, 0],
      [0.00024477506067, 0.035545179695, 0.94942073622, 0.014789309022],
      [0.02627553066, 0.26502248234, 0.708701987, 0]
    ],
    [
      [0.34429960705, 0.26233419598, 0.39038962369, 0.0029765732736],
      [0.028387765302, 0.0040645556601, 0.924105696, 0.043441983042],
      [0.012320041943, 0.84845013537, 0.12657182218, 0.012658000501],
      [0.00039679875123, 0.038127870721, 0.91303610112, 0.048439229412],
      [0.019172006372, 0.26682687474, 0.66483475277, 0.049166366122]
    ],
    [
      [0.35599081997, 0.24175317483, 0.39873502722, 0.0035209779759],
      [0.028702339473, 0.0035893171182, 0.91847006267, 0.049238280738],
      [0.013605727401, 0.83205044391, 0.13836225898, 0.015981569709],
      [0.00037594661842, 0.034437056892, 0.91034031811, 0.054846678382],
      [0.01991238516, 0.24565498878, 0.6775672372, 0.056865388859]
    ],
    [
      [0.35953150932, 0.21877504313, 0.41962276427, 0.0020706832746],
      [0.028071080856, 0.0027248431574, 0.93731937484, 0.031884701151],
      [0.015579434386, 0.81813163862, 0.15549422566, 0.010794701328],
      [0.00046418223718, 0.029981631479, 0.93336634599, 0.036187840291],
      [0.019943259105, 0.22309827597, 0.71813426016, 0.038824204763]
    ],
    [
      [0.54176965869, 0.16766464254, 0.28807670004, 0.0024889987387],
      [0.053391594048, 0.0043201462843, 0.8980943393, 0.044193920365],
      [0.02447635623, 0.81771802227, 0.14249573128, 0.015309890213],
      [0.00029165757037, 0.033176872966, 0.91640203856, 0.050129430903],
      [0.04064128035, 0.23427503301, 0.67370706264, 0.051376624002]
    ],
    [
      [0.56907399956, 0.17320034619, 0.25541675461, 0.0023088996346],
      [0.062425271904, 0.0071719535916, 0.88312077541, 0.047281999093],
      [0.022546115543, 0.83507282469, 0.12790006429, 0.014480995481],
      [0.00013860302593, 0.038652907085, 0.90663661207, 0.054571877823],
      [0.045957713954, 0.25960589554, 0.64072515363, 0.053711236877]
    ],
    [
      [0.46394341336, 0.20809286559, 0.32394150272, 0.0040222183289],
      [0.044188695624, 0.0034854423263, 0.9005913668, 0.051734495252],
      [0.019768847856, 0.83412711685, 0.12804134315, 0.018062692143],
      [0.0006287990114, 0.035903783983, 0.90586553926, 0.057601877742],
      [0.030378050867, 0.25209321254, 0.65884405157, 0.058684685022]
    ]
  ],
  "expected_outcome": [
    [
      [35.964512366, 2.5061131356, 58.2805406355, 30.2002030475, 6.3274024479, 11.5379911744, 27.9158807312, 13.1005061398, 0, 1.4932875161, 10.4908051298, 19.5970464215, 9.7099413386, 0, 4.3466013382, 6.6416957899, 4.4092811811, 65.9459603203, 10.5457859936, 9.9700470908, 11.2161160239, 1.1224113344, 3.1957037847, 0.57263694804, 2.8633166718, 20.5086576845, 4.3707144033, 43.4971687701, 11.2994006808, 7.2086779177, 70.6126768047, 49.1434560428, 20.2614322277, 23.7097198039, 39.4441875638, 34.4869620257, 22.0903816619, 26.8844387651, 5.3836351158, 30.740666264, 22.7558924194, 40.3424083278, 30.4186555832, 25.4901515982, 21.8964003199, 17.6060310599, 27.631160218, 23.5315360078, 33.2636039652, 0.37752475742, 1.5221256949, 27.1996689572, 93.2695948325, 14.3812603729, 27.0884829343, 144.5447958885, 29.2284350415],
      [15.8565478657, 0.96889965927, 25.161609371, 8.3529416874, 1.9004713994, 10.955858806, 20.4564263682, 18.5699239128, 0.82506431844, 0.67185587709, 8.9738055305, 15.4653639926, 8.2627131146, 3.7796932955, 0.82182572381, 1.170705269, 1.5732358863, 22.7362810824, 9.6726841295, 2.9708567582, 6.316565268, 0.1857493396, 0.67051601334, 0.23749173725, 1.0944094682, 14.5610105426, 0.46040439508, 31.7869356464, 5.5789863756, 8.2973186263, 51.5063337176, 21.450339406, 9.8558165415, 14.0927637989, 17.4516325374, 13.0560358078, 7.4428967171, 16.8087402632, 2.8690418007, 20.4842916642, 16.2408087422, 27.7201049092, 18.1787253198, 16.3664284538, 14.3792974449, 11.0498106443, 16.2578275381, 13.349807797, 20.347782106, 0.052678400627, 1.7434989236, 20.7244014826, 63.339331806, 8.7510017252, 8.383232127, 43.9928879329, 13.1098505324],
      [27.7994500064, 1.4945737381, 31.317842041, 11.3430419454, 9.4934725432, 13.3935357866, 30.4482424221, 27.1028762678, 0.79120847747, 1.8348566068, 9.4271516826, 25.7173003352, 13.8982531138, 4.1910025525, 1.8099823577, 2.1565105597, 4.9434987237, 35.8633728554, 14.6577898426, 5.0291089686, 14.2880000865, 0.68300336159, 2.133780202, 1.1898713147, 2.0422738601, 27.7179346725, 1.1688812016, 51.2317015592, 14.9732798739, 11.3428833144, 77.3650857153, 48.929099645, 28.7677088463, 30.99675516, 29.7603000997, 30.1077087539, 21.2899874594, 28.0693822601, 7.6592823791, 48.4388077739, 33.602965162, 49.4573580151, 33.0567084556, 29.8246203331, 26.4542925835, 22.1054646634, 25.802282869, 25.9402257359, 45.1740041906, 0.56979684195, 2.7343753815, 30.8407802716, 104.4685771318, 16.7849105709, 14.4038350018, 64.8758556714, 20.4083146713],
      [0.37948976181, 0.030413467074, 0.24000795257, 0.10381331969, 0.27865360951, 0.112614233, 0.17945047859, 0.22669367962, 0.38372720409, 0, 0.10823765714, 0.22028925069, 0.12909243299, 0.029304152016, 0.021590580364, 0.031088381411, 0.073984208983, 0.45438574183, 0.12374003429, 0.02998718237, 0.17931862161, 0.0088359643744, 0, 0, 0, 0.21239710045, 0, 0.48419402434, 0.14833306973, 0.15112014162, 0.51590376246, 0.47710490623, 0.11504238449, 0.20076123716, 0.34387979913, 0.34929341265, 0.1767341616, 0.23743871167, 0.088040704426, 0.33623429801, 0.4003336764, 0.48012874797, 0.34591064136, 0.3187996149, 0.27000965167, 0.23869363243, 0.30872937487, 0.17843045934, 0.21460973822, 0, 0, 0.23514928862, 0.92249622968, 0.082827330983, 0.12444993693, 0.58646050719, 0.25339975472]
    ],
    [
      [14.9414164691, 1.0621855885, 11.9699147209, 3.5252612415, 0.11601509207, 1.3114220733, 7.1591443176, 1.4011062632, 0, 0.18327186993, 2.2580623489, 4.6284894742, 2.1783064291, 0, 2.0837189407, 2.0970806296, 0.73704067817, 15.618014856, 1.0690884831, 3.0058399715, 3.2399286426, 1.3852492254, 0.52868830307, 0.27839309386, 0.77168343836, 5.8278998755, 1.5324796715, 4.7430162643, 8.6468888616, 1.9058676701, 11.8706352509, 19.2583000838, 3.9662045085, 5.0577457609, 12.185041036, 13.83608002, 13.647819012, 4.5537840412, 2.1557001039, 8.0902089455, 5.6278218365, 11.7910043027, 10.0620458121, 7.9155319483, 4.5384974361, 5.2487801433, 8.5799137572, 6.3604205516, 6.3662798682, 0.22165146133, 0.27473717698, 7.2104923867, 34.9594494783, 1.6561937705, 9.930836493, 42.1370585351, 2.4745669549],
      [1.557849729, 0, 1.4135663554, 0.30634181688, 0.0013300893801, 0.24355267591, 1.0700479336, 2.0116516663, 3.3031788197, 0, 0.44005121188, 0.66136685123, 0.31929903916, 0, 0.31583510439, 0.11754288067, 0.016301875183, 1.3468015874, 0.18015726886, 0.2020232009, 0.47312802822, 0, 0, 0, 0.15711990711, 0.80698117154, 0.4815653803, 0.59715379985, 0.82587436602, 0.50000282684, 1.7158653487, 1.7399179921, 0.95742308358, 0.67357597203, 0.96248644719, 1.3607192885, 0.96372051965, 0.45688088256, 0.26477984271, 1.7451591833, 1.1138698451, 1.4684522818, 0.98165061615, 0.86315314572, 0.48987661703, 0.59611860232, 0.85272244081, 0.61063527486, 1.0283870367, 0.25553805792, 0.031798700282, 1.0323971377, 4.37178825, 0.16076574629, 0.80354720888, 4.8410686744, 0.19518477027],
      [330.8312178433, 20.8616055357, 187.3279723803, 40.2878367369, 4.7400759801, 44.2927800038, 222.8721575409, 203.441291409, 2.1229154298, 6.8167281301, 58.4407974906, 178.6611496668, 93.5066840368, 15.521864326, 31.1817132459, 24.3228085135, 22.8511069935, 251.0418019895, 43.6163670357, 49.0297994348, 117.7811987717, 28.338917577, 12.4713116969, 15.7216069061, 15.6167953403, 231.6371209448, 17.0168526406, 161.0921737927, 332.5021295041, 91.218811056, 370.2127250565, 539.3283258144, 157.4547851828, 189.5595699582, 265.4394046044, 344.2111898852, 366.989211401, 135.3313823223, 87.5782851293, 382.8187531275, 252.161552458, 418.5068350401, 310.5345220695, 265.2363109595, 157.6710961509, 189.9342513316, 226.9955288934, 198.5421739324, 249.813233361, 7.5228104807, 9.6934641227, 234.7228467828, 1118.696536333, 55.3018431153, 167.0455471103, 596.1065234027, 50.4331165407],
      [30.6695159585, 2.0762088758, 9.2885465434, 1.8805602047, 0.14257883846, 2.152245247, 8.8986502079, 10.1459506615, 1.5739057505, 0, 3.8610889485, 9.0489940077, 4.995710495, 0.47813567396, 4.418732709, 1.4625679763, 1.3955504531, 19.9933815672, 2.1343872123, 1.7623373928, 9.5057445574, 2.2758331976, 0, 0, 2.4544013142, 10.7279980081, 2.9691023076, 8.5676561431, 20.0251072684, 7.3753184471, 16.200774344, 31.6734561097, 4.6215872252, 7.7091083089, 18.4130679124, 25.5920108063, 18.3992490673, 6.6579527539, 6.0012349241, 16.3458787436, 19.0967558604, 24.2337083754, 19.4217815023, 16.9850039465, 9.3005297959, 12.2208499227, 16.5718349086, 8.4867702411, 8.7920997341, 0, 0, 11.0342636928, 59.9722259387, 1.8811973679, 8.2200691878, 31.9153493878, 2.8971317341]
    ],
    [
      [11.1145257609, 0.37041210109, 9.8489938071, 3.324476101, 0.50027966759, 1.5561319202, 6.6126660171, 0, 0, 0.32344061394, 2.5642917856, 3.2573546816, 1.7408538855, 0, 1.3575153384, 1.6390628669, 0.76631710547, 13.6686709514, 1.8446962348, 1.6917233157, 2.3193317943, 0.45790052327, 0.14523433913, 0.1489699581, 0.24026758549, 3.766896861, 0.87574610439, 3.6814922522, 1.3464977644, 1.5636512465, 15.2906475382, 9.9391466782, 5.3098797689, 3.6109243682, 7.0537866346, 8.0242339329, 3.4631364257, 3.766543715, 1.0201850919, 6.7543047384, 3.7753845858, 7.0410704211, 6.3083647332, 5.3961525292, 3.6308407431, 3.3771915671, 5.7195576903, 4.2018111081, 4.2522515005, 0.40082378124, 0.098035005447, 3.7699328347, 19.5378245477, 1.6202611761, 4.2833623402, 18.2398074742, 2.8071763956],
      [438.4378804682, 13.451500759, 427.2896824085, 122.1025283638, 9.7967040856, 137.1575672918, 430.9425348409, 263.5491166522, 8.505298054, 10.3281441229, 180.0660099695, 251.9383196905, 155.8171473253, 24.7929074249, 30.9765967332, 47.1392720116, 22.7681101561, 497.8999066498, 182.3247238444, 57.7774025317, 115.4185846022, 8.6495178039, 3.8872961502, 3.7625082628, 8.7878031925, 255.4968892621, 13.3886087619, 250.0863490433, 60.5497160959, 301.7087706923, 1007.1110819577, 379.4655675979, 218.6869542262, 192.4951608507, 284.8466731711, 269.7659984043, 103.8860998965, 205.2901533952, 49.2825631515, 453.243037314, 274.8137985428, 447.5028223623, 331.9685526612, 310.8761336595, 215.5507754077, 191.9380689255, 291.663767558, 207.7570049476, 237.1189755742, 5.6917835414, 24.1646124468, 259.6257414241, 1194.8244374524, 85.0856904167, 143.1006538978, 675.5739151727, 118.4460505927],
      [79.2671467768, 1.7357975065, 52.4341522146, 16.7640119073, 4.2668165161, 16.4259094804, 64.8267011463, 40.1759623586, 5.494701946, 2.3484152631, 17.3804661086, 42.0692863585, 26.1686507111, 3.868070833, 7.2553951086, 8.7987117213, 6.4299622587, 80.2345737314, 27.6875260979, 9.7824133, 25.9508328572, 2.4712154722, 0.96746951069, 1.0885217791, 1.6032258799, 48.8408617764, 4.1664643844, 40.417934802, 16.0409488173, 41.4554636079, 152.762559146, 86.5400027647, 62.4995383014, 42.2492633841, 48.7552189431, 62.5228856004, 29.4705723368, 34.1895725809, 12.7703569723, 107.2467322105, 57.5161537439, 80.2533964028, 60.4129815863, 56.7474354151, 39.5410869223, 38.2548772769, 46.3410769053, 40.3783256545, 52.9673579372, 3.9073926773, 3.7373525478, 38.730977588, 198.6882038978, 16.1713994691, 24.9367529747, 103.4711520087, 18.1818707273],
      [13.1804469941, 0.44228963344, 5.4271715697, 1.808983628, 0.43619973066, 1.8603913075, 4.6180979958, 4.2749209891, 0, 0, 2.9892321364, 4.7350392694, 3.2733480782, 0.33902174211, 1.4104928198, 1.4229534002, 1.0356104797, 13.1968486675, 3.1430538229, 0.7484608526, 4.3112507463, 0.4213662007, 0, 0, 0.36870334212, 4.8953521005, 0.56918074933, 4.8142239025, 2.0628373223, 7.2721144533, 12.8357113581, 11.0552829593, 3.5036277035, 3.644651397, 7.3443212512, 9.6868820625, 3.180191341, 3.753730309, 1.9268947843, 9.7559257371, 8.8946631274, 10.2027108138, 8.3101010193, 7.9802783963, 5.2772969269, 5.4298622305, 7.2755978464, 3.6628582898, 3.6614149881, 0, 0, 3.8733481533, 22.9495341021, 1.1226489381, 2.6792307873, 11.7151253444, 2.5649022843]
    ],
    [
      [0.047497290773, 0.0034317499738, 0.031215095795, 0.0050400050365, 0.0011528295008, 0.0019453357738, 0.026716298106, 0, 0, 0, 0.01023905831, 0.0091867178417, 0.0031500162577, 0, 0.0013365810076, 0, 0.0038450559808, 0.023696807558, 0.0033766929906, 0.0025124521708, 0.0098080665223, 0.0036807444627, 0, 0, 0.00083567805077, 0.010975705128, 0, 0.012002478996, 0.011603393458, 0.0018525846014, 0.040071665708, 0.059817156848, 0.010767884483, 0.015855847534, 0.021463395862, 0.03769280815, 0.029026576452, 0.026117675808, 0.0057847280897, 0.0056930133067, 0.0011637227191, 0.025299162272, 0.029806676772, 0.026699106053, 0.018375908106, 0.021669240964, 0.035213972512, 0.018389370969, 0.013410741971, 0, 0, 0.014681553796, 0.091355028277, 0.0032492756603, 0.0064164665482, 0.01191986023, 0.0037727940684],
      [2.5919710673, 0.096236327121, 2.3597059127, 0.32956293559, 0.011153569361, 0.22822596224, 2.3499537471, 1.8626440131, 0.03022554703, 0, 0.8847784975, 1.569315654, 0.77061973694, 0.14134708165, 0.045679551741, 0.20808027496, 0.069871347292, 1.5778767965, 0.59643117533, 0.13431316777, 0.56477103048, 0.04296104164, 0, 0, 0.024837048334, 1.5663856932, 0.13805267286, 1.2634533666, 0.74104401956, 0.60046301456, 3.6945803315, 2.7529028403, 0.51274520609, 1.1603453551, 1.2425954859, 1.6590536236, 0.96762696571, 1.6613798251, 0.2946137324, 2.1848631064, 1.7386098484, 2.696878688, 2.0100171581, 2.1568519071, 1.5612544673, 1.8278859182, 2.1267088329, 1.0931400056, 1.158715042, 0, 0, 1.4107312167, 8.3682048248, 0.20987142035, 0.72989120525, 3.3241500094, 0.2154227039],
      [72.4958973422, 2.6319359407, 46.9792880958, 7.2851952652, 0.95876944891, 4.523764824, 56.0536530744, 44.6407051056, 0.13600023864, 0, 14.9995785836, 42.0427436059, 20.9834722121, 3.7362816613, 1.6370934573, 6.3789149262, 3.6979646549, 39.8150911531, 14.5995013457, 3.7126796331, 20.5202414276, 2.741682283, 0, 0, 0.77974770655, 47.9306870111, 4.4422764375, 32.7784307085, 32.1125825285, 13.1981744797, 88.85338803, 100.5840933142, 23.6608238635, 40.9375779692, 34.0851313718, 61.0751397836, 44.5231021545, 44.8451150922, 12.7418917058, 81.8610649888, 57.2961458019, 77.2792283997, 58.848876216, 63.283543971, 46.3757377241, 58.9189541324, 54.3714994442, 34.2329111389, 41.1309868569, 0, 0, 33.7823357413, 221.2126973002, 6.533564422, 20.1608448483, 77.9707486376, 5.4351932356],
      [7.8646342997, 0.26839598217, 2.6297908957, 0.38020179422, 0.028924152227, 0.24606387795, 2.5696768804, 2.4966508814, 0.83377421433, 0, 1.1054038606, 2.3787540223, 1.2427580347, 0.12237125709, 0.31589040993, 0.41300479888, 0.2283189418, 3.5833352429, 0.800690786, 0.15049474696, 1.9051794754, 0.21167593092, 0, 0, 0.19457956706, 2.4919515907, 1.4196708897, 1.9461134459, 2.1347700585, 1.1995099212, 4.4119599728, 6.6031866886, 0.81566304587, 1.8862208282, 2.6508097465, 5.2281137847, 2.4802443033, 2.4673874068, 0.95770983367, 3.9483788915, 4.9640806269, 4.99859375, 4.1112999492, 4.5329050158, 3.0446319005, 4.2314907085, 4.4665777504, 1.6555594844, 1.6968873591, 0, 0, 1.7922514882, 13.3277428467, 0.25331488204, 1.1028474799, 4.6931814928, 0.34561126645]
    ],
    [
      [1.9320481132, 0.057857424839, 1.8693357407, 0.9450196051, 0.055149962986, 0.59250949624, 1.2855926361, 0.49838759696, 0, 0, 0.67660167736, 0.50792270479, 0.3677483306, 0, 0.2108278017, 0.62216071358, 0.083515979279, 2.7436570648, 0.53705259542, 0.32987716986, 0.21481547267, 0.03075817247, 0.13037357312, 0, 0.12389662633, 0.88556987386, 0.22105982082, 1.0663202344, 0.69560929975, 0.31995058108, 2.1859687405, 2.5992800384, 0.45171561039, 0.6057542194, 1.2955213697, 1.6150312134, 0.76963632391, 0.76911580293, 0.43469496034, 1.4091270388, 0.83973743563, 1.8002177861, 1.1811271947, 1.1714648183, 0.91588559278, 0.74632798877, 1.034154362, 0.8878429615, 1.1044539241, 0, 0.10510212264, 0.80522426761, 4.1417761132, 0.33903540478, 0.69090176595, 6.0664182419, 0.48604881387],
      [15.5557508697, 0.48336325459, 14.7754359523, 4.9086251963, 0.2903408562, 10.414795264, 17.1810371103, 15.0066637557, 0.33623326086, 0, 10.6353547907, 7.3656338117, 5.830220784, 0.28605219795, 0.84006288688, 2.3643995638, 0.57248073515, 17.4391338839, 9.2260035819, 1.9154043414, 2.226951071, 0.12177181491, 0.44218783649, 0, 0.93583038392, 11.5687333307, 0.53136878986, 14.2661081438, 6.3043791429, 6.89344484, 28.9721386445, 20.5912721637, 3.9870609427, 6.5781540233, 10.4966123585, 11.1581928758, 4.7396559011, 8.7828456339, 4.2890014727, 17.3426487322, 11.0929130215, 22.6117417588, 12.8610542447, 13.7374328339, 11.0187960631, 8.5881159097, 11.0989736302, 9.1894119749, 12.3461402411, 0, 1.0600899294, 11.206728739, 51.0962376668, 3.7926706915, 3.9826755611, 34.2679782107, 4.0334914007],
      [45.6062880312, 1.2760872791, 30.9407452683, 11.3199141452, 2.5408655117, 21.3640099052, 42.7992458164, 36.6391648591, 0.45517390804, 0, 18.7520061346, 20.5095200336, 16.4429399263, 0.68278062722, 3.1158158305, 7.3430542794, 3.0774673692, 46.0451602707, 23.4388156781, 5.4459986634, 8.459726857, 0.76518130622, 2.4274385904, 0, 2.9579572132, 36.8733955952, 2.2055253359, 38.4797591377, 28.3710592762, 15.7846675421, 72.8062420522, 78.6184784617, 19.617143806, 24.2568335285, 29.9599449809, 43.083075977, 22.7271266483, 24.5645477445, 19.2501838134, 68.6346418993, 38.4231828341, 67.5031821422, 39.1469116727, 41.9080893213, 33.9577866191, 28.7864525957, 29.489611888, 29.9063635383, 45.9144176543, 0, 2.834807948, 27.9230596163, 140.9339853372, 12.2082824228, 11.4530200649, 84.5757202796, 10.5415048251],
      [6.9059129859, 0.18269204147, 2.4144830386, 0.8264410534, 0.11364366914, 1.6286853345, 2.7341244372, 2.8557837883, 2.2085928311, 0, 1.9360373974, 1.6169234499, 1.3590909591, 0.031167174825, 0.83329348092, 0.67038544324, 0.2665359164, 5.7720487806, 1.7981281445, 0.30871982532, 1.0985065993, 0.082288706401, 0, 0, 0.98231577659, 2.6723012003, 1.0420460534, 3.1878124841, 2.6289522811, 2.0019370368, 5.0356505627, 7.1909693362, 0.94407964098, 1.5592582288, 3.2479212908, 5.1436999339, 1.7635811268, 1.8834908186, 2.0261197535, 4.6135823297, 4.6441667089, 6.0848583129, 3.8109068879, 4.1830130265, 3.107531725, 2.8791035059, 3.3772601197, 2.0163815253, 2.6349881805, 0, 0, 2.0649873771, 11.8280008827, 0.66001148097, 0.87340260803, 7.0898832678, 0.93895496036]
    ]
  ],
  "prob": [
    [0.39531571352, 0.21782615055, 0.38327124547, 0.0035868904618],
    [0.032522082083, 0.0042763177846, 0.9111455096, 0.05205609053],
    [0.015460697308, 0.82186730622, 0.1455087743, 0.017163222177],
    [0.00037573578149, 0.03177751645, 0.90866084163, 0.059185906144],
    [0.023074072816, 0.23212547178, 0.68302437761, 0.061776077794]
  ],
  "iterations": 113,
  "time": 0.01663,
  "message": "Converged",
  "status": 0,
  "miniter": 0,
  "maxiter": 1000,
  "maxtime": 3600,
  "param_threshold": 0.001,
  "ll_threshold": "-Inf",
  "initial_prob": "group_proportional",
  "adjust_prob_cond_method": "project_lp",
  "adjust_prob_cond_every": false,
