{
  "X": [
    [3, 3, 4, 3],
    [5, 14, 45, 3],
    [79, 19, 73, 2],
    [23, 12, 18, 2],
    [64, 43, 60, 5],
    [34, 17, 51, 6],
    [59, 24, 54, 6],
    [3, 4, 20, 1],
    [1, 3, 7, 0],
    [6, 5, 5, 1],
    [4, 4, 8, 1],
    [3, 0, 7, 1],
    [5, 4, 23, 3],
    [45, 25, 59, 4],
    [18, 21, 28, 6],
    [28, 18, 21, 11],
    [27, 16, 27, 2],
    [8, 4, 9, 3],
    [78, 56, 91, 22],
    [9, 7, 34, 4],
    [9, 9, 15, 3],
    [29, 15, 58, 3],
    [21, 37, 46, 11],
    [26, 24, 38, 9],
    [11, 6, 10, 3],
    [59, 32, 71, 6],
    [1, 1, 5, 0],
    [5, 6, 5, 4],
    [10, 13, 16, 7],
    [12, 10, 12, 2],
    [9, 17, 27, 3],
    [4, 14, 22, 3],
    [8, 11, 16, 1],
    [22, 19, 20, 4],
    [17, 22, 45, 6],
    [15, 24, 28, 6],
    [23, 45, 29, 3],
    [7, 9, 14, 1],
    [7, 7, 21, 3],
    [15, 34, 25, 11],
    [8, 21, 21, 4],
    [64, 69, 77, 13],
    [83, 89, 90, 20],
    [5, 3, 7, 0],
    [11, 28, 15, 2],
    [16, 32, 29, 4],
    [25, 67, 53, 10],
    [27, 55, 50, 11],
    [39, 88, 93, 9],
    [4, 34, 11, 4],
    [3, 7, 6, 0],
    [16, 55, 27, 1],
    [63, 74, 68, 13],
    [46, 79, 94, 9],
    [58, 111, 90, 14],
    [33, 37, 36, 13],
    [29, 41, 55, 9],
    [38, 58, 51, 4],
    [3, 1, 9, 0],
    [9, 2, 5, 0],
    [2, 1, 7, 0],
    [2, 1, 16, 3],
    [6, 6, 7, 1],
    [36, 42, 18, 2],
    [96, 200, 147, 25],
    [40, 91, 73, 9],
    [2, 0, 4, 1],
    [2, 2, 11, 0],
    [2, 5, 6, 0],
    [25, 28, 69, 4],
    [3, 2, 19, 0],
    [38, 52, 85, 4],
    [15, 14, 13, 2],
    [5, 39, 9, 5],
    [51, 98, 131, 12],
    [1, 0, 6, 1],
    [21, 89, 59, 9],
    [62, 85, 219, 14],
    [13, 46, 50, 6],
    [2, 6, 2, 1],
    [37, 61, 82, 8],
    [47, 64, 82, 5],
    [14, 9, 30, 5],
    [3, 1, 7, 3],
    [10, 9, 14, 9],
    [13, 12, 8, 3],
    [9, 52, 49, 3],
    [23, 47, 45, 7],
    [55, 61, 68, 8],
    [18, 29, 37, 6],
    [31, 48, 44, 7],
    [45, 63, 61, 8],
    [20, 25, 35, 4],
    [24, 42, 42, 5],
    [30, 41, 58, 6],
    [44, 94, 168, 17],
    [43, 71, 93, 16],
    [20, 21, 40, 4],
    [57, 78, 70, 10],
    [36, 75, 119, 7],
    [10, 14, 23, 2],
    [77, 104, 106, 14],
    [19, 30, 46, 1],
    [9, 15, 19, 1],
    [23, 26, 45, 5],
    [61, 37, 56, 7],
    [64, 103, 91, 12],
    [7, 15, 25, 1],
    [31, 46, 65, 7],
    [67, 56, 79, 12],
    [24, 32, 25, 2],
    [2, 25, 7, 3],
    [2, 0, 4, 0],
    [2, 3, 7, 0],
    [1, 2, 11, 1],
    [0, 8, 3, 0],
    [7, 1, 6, 3],
    [5, 15, 10, 5],
    [3, 1, 3, 0],
    [2, 13, 15, 1],
    [18, 19, 28, 6],
    [3, 6, 10, 0],
    [8, 1, 14, 1],
    [8, 18, 27, 4],
    [35, 25, 40, 7],
    [6, 3, 8, 0],
    [10, 13, 21, 4],
    [11, 22, 38, 1],
    [0, 1, 8, 1],
    [8, 10, 20, 1],
    [2, 4, 8, 1],
    [1, 3, 8, 1],
    [23, 28, 68, 10],
    [44, 41, 90, 8],
    [11, 9, 24, 3],
    [11, 28, 40, 2],
    [19, 21, 52, 8],
    [2, 0, 4, 4],
    [8, 5, 9, 2],
    [10, 8, 20, 4],
    [22, 23, 30, 2],
    [6, 4, 16, 2],
    [9, 7, 15, 3],
    [2, 2, 13, 0],
    [8, 4, 12, 3],
    [45, 39, 79, 12],
    [21, 8, 23, 5],
    [39, 28, 73, 10],
    [6, 14, 16, 4],
    [1, 0, 5, 0],
    [46, 40, 53, 11],
    [23, 17, 34, 1],
    [17, 8, 34, 4],
    [15, 2, 11, 2],
    [11, 4, 7, 1],
    [6, 3, 11, 0],
    [47, 37, 54, 10],
    [20, 8, 20, 2],
    [19, 15, 17, 3],
    [3, 2, 12, 0],
    [4, 3, 14, 1],
    [13, 11, 20, 7],
    [50, 36, 74, 18],
    [14, 9, 26, 5],
    [119, 168, 203, 27],
    [155, 316, 356, 48],
    [78, 78, 220, 18],
    [71, 56, 102, 21],
    [64, 114, 126, 10],
    [364, 574, 612, 62],
    [8, 12, 23, 1]
  ],
  "W": [
    [5, 2, 0, 0, 4, 2, 0],
    [5, 12, 7, 21, 4, 16, 2],
    [14, 60, 12, 43, 3, 34, 7],
    [1, 22, 5, 8, 1, 17, 1],
    [17, 71, 17, 30, 8, 24, 5],
    [6, 38, 11, 25, 10, 12, 6],
    [11, 60, 11, 23, 12, 20, 6],
    [4, 6, 1, 11, 4, 1, 1],
    [3, 0, 0, 3, 3, 2, 0],
    [2, 5, 1, 1, 1, 6, 1],
    [0, 3, 3, 8, 1, 1, 1],
    [3, 3, 0, 0, 3, 0, 2],
    [8, 5, 1, 8, 10, 0, 3],
    [13, 46, 10, 24, 16, 21, 3],
    [5, 23, 12, 11, 9, 10, 3],
    [7, 22, 10, 5, 9, 20, 5],
    [15, 27, 6, 8, 6, 9, 1],
    [4, 4, 2, 3, 6, 5, 0],
    [12, 96, 25, 37, 15, 47, 15],
    [2, 17, 2, 12, 8, 9, 4],
    [6, 10, 1, 4, 4, 9, 2],
    [18, 19, 5, 38, 2, 20, 3],
    [10, 50, 10, 24, 3, 15, 3],
    [11, 26, 15, 21, 5, 12, 7],
    [3, 11, 3, 7, 0, 6, 0],
    [16, 64, 16, 38, 9, 19, 6],
    [1, 2, 0, 3, 1, 0, 0],
    [0, 5, 6, 3, 2, 2, 2],
    [4, 12, 7, 8, 5, 9, 1],
    [3, 17, 5, 7, 2, 2, 0],
    [9, 15, 7, 10, 5, 8, 2],
    [2, 7, 11, 14, 2, 6, 1],
    [8, 8, 3, 10, 2, 3, 2],
    [7, 21, 16, 8, 3, 7, 3],
    [9, 32, 17, 15, 5, 8, 4],
    [9, 21, 15, 15, 3, 6, 4],
    [8, 46, 22, 10, 5, 9, 0],
    [5, 4, 2, 9, 5, 5, 1],
    [2, 15, 5, 3, 8, 4, 1],
    [26, 17, 12, 15, 1, 7, 7],
    [6, 10, 12, 17, 2, 4, 3],
    [26, 89, 46, 38, 4, 16, 4],
    [26, 124, 48, 46, 6, 20, 12],
    [2, 6, 2, 4, 0, 1, 0],
    [8, 15, 19, 8, 2, 2, 2],
    [4, 30, 21, 14, 3, 6, 3],
    [10, 58, 37, 28, 2, 17, 3],
    [24, 42, 23, 33, 4, 12, 5],
    [22, 79, 52, 46, 5, 15, 10],
    [13, 16, 15, 6, 0, 3, 0],
    [3, 3, 4, 6, 0, 0, 0],
    [11, 34, 26, 14, 0, 9, 5],
    [22, 73, 46, 38, 14, 16, 9],
    [31, 88, 28, 38, 15, 23, 5],
    [21, 106, 52, 46, 8, 25, 15],
    [14, 51, 17, 14, 6, 11, 6],
    [14, 53, 26, 28, 1, 3, 9],
    [13, 56, 30, 29, 5, 12, 6],
    [2, 7, 1, 2, 1, 0, 0],
    [2, 5, 0, 3, 4, 1, 1],
    [1, 1, 1, 3, 2, 1, 1],
    [4, 3, 0, 7, 4, 4, 0],
    [1, 11, 1, 1, 2, 3, 1],
    [2, 45, 35, 7, 1, 8, 0],
    [19, 195, 108, 73, 12, 37, 24],
    [18, 76, 52, 31, 8, 16, 12],
    [0, 4, 0, 0, 1, 2, 0],
    [2, 5, 1, 4, 1, 2, 0],
    [2, 3, 4, 2, 0, 2, 0],
    [16, 30, 10, 36, 17, 15, 2],
    [3, 4, 3, 8, 4, 2, 0],
    [17, 53, 25, 43, 7, 27, 7],
    [7, 15, 5, 0, 6, 5, 6],
    [3, 5, 40, 6, 1, 2, 1],
    [9, 94, 69, 68, 9, 35, 8],
    [2, 0, 0, 1, 2, 2, 1],
    [18, 53, 50, 40, 2, 7, 8],
    [29, 114, 36, 124, 21, 46, 10],
    [14, 38, 16, 29, 0, 8, 10],
    [2, 4, 4, 0, 0, 0, 1],
    [8, 63, 38, 41, 11, 17, 10],
    [13, 75, 33, 37, 13, 19, 8],
    [11, 15, 1, 9, 10, 10, 2],
    [2, 3, 1, 4, 3, 1, 0],
    [0, 13, 5, 5, 3, 11, 5],
    [0, 17, 6, 2, 4, 6, 1],
    [8, 24, 33, 33, 3, 9, 3],
    [10, 36, 19, 32, 5, 12, 8],
    [13, 90, 22, 39, 4, 17, 7],
    [9, 31, 14, 21, 5, 8, 2],
    [5, 57, 17, 35, 3, 11, 2],
    [10, 65, 23, 35, 15, 19, 10],
    [2, 38, 16, 18, 4, 5, 1],
    [9, 47, 16, 22, 5, 7, 7],
    [9, 48, 12, 25, 13, 21, 7],
    [15, 120, 42, 90, 9, 37, 10],
    [12, 87, 42, 46, 11, 17, 8],
    [7, 29, 10, 22, 9, 5, 3],
    [11, 81, 43, 42, 7, 19, 12],
    [18, 60, 44, 63, 10, 26, 16],
    [5, 14, 7, 14, 3, 5, 1],
    [11, 115, 58, 60, 14, 35, 8],
    [8, 29, 16, 24, 5, 11, 3],
    [6, 11, 4, 14, 4, 4, 1],
    [8, 38, 12, 25, 3, 9, 4],
    [11, 75, 17, 36, 5, 9, 8],
    [12, 133, 44, 45, 4, 23, 9],
    [5, 13, 6, 12, 4, 8, 0],
    [9, 51, 20, 36, 12, 15, 6],
    [11, 96, 30, 34, 11, 17, 15],
    [8, 30, 18, 18, 1, 2, 6],
    [0, 9, 19, 5, 0, 2, 2],
    [1, 2, 0, 1, 2, 0, 0],
    [1, 2, 3, 4, 1, 1, 0],
    [1, 1, 2, 7, 2, 2, 0],
    [2, 1, 4, 2, 0, 1, 1],
    [2, 7, 1, 1, 5, 0, 1],
    [2, 12, 5, 4, 0, 2, 10],
    [1, 2, 1, 3, 0, 0, 0],
    [2, 10, 6, 5, 4, 3, 1],
    [2, 30, 6, 18, 3, 5, 7],
    [2, 7, 1, 3, 3, 1, 2],
    [1, 8, 1, 4, 6, 3, 1],
    [2, 23, 10, 17, 4, 1, 0],
    [6, 51, 16, 12, 7, 11, 4],
    [2, 3, 2, 4, 3, 2, 1],
    [4, 15, 4, 8, 8, 8, 1],
    [6, 21, 10, 18, 4, 7, 6],
    [1, 1, 1, 6, 0, 1, 0],
    [3, 11, 6, 4, 5, 9, 1],
    [1, 1, 6, 3, 3, 0, 1],
    [0, 3, 2, 6, 1, 1, 0],
    [13, 47, 20, 36, 2, 8, 3],
    [14, 59, 19, 59, 7, 17, 8],
    [1, 15, 8, 14, 1, 2, 6],
    [9, 12, 26, 22, 0, 9, 3],
    [6, 17, 11, 30, 10, 20, 6],
    [2, 2, 0, 1, 5, 0, 0],
    [2, 11, 2, 3, 3, 2, 1],
    [9, 7, 4, 9, 6, 6, 1],
    [6, 24, 12, 17, 2, 13, 3],
    [4, 6, 3, 5, 5, 5, 0],
    [1, 8, 3, 4, 8, 7, 3],
    [1, 4, 0, 4, 7, 1, 0],
    [3, 7, 1, 7, 3, 5, 1],
    [15, 59, 23, 34, 8, 29, 7],
    [3, 21, 3, 14, 2, 12, 2],
    [13, 34, 19, 35, 6, 38, 5],
    [8, 10, 7, 3, 4, 5, 3],
    [0, 3, 0, 1, 1, 1, 0],
    [12, 55, 25, 23, 5, 19, 11],
    [17, 25, 6, 13, 4, 6, 4],
    [6, 18, 3, 14, 10, 9, 3],
    [6, 7, 1, 4, 4, 7, 1],
    [1, 10, 2, 0, 1, 7, 2],
    [2, 6, 1, 8, 2, 1, 0],
    [12, 54, 21, 20, 13, 23, 5],
    [10, 22, 2, 6, 4, 5, 1],
    [5, 17, 6, 9, 7, 7, 3],
    [1, 5, 0, 4, 3, 4, 0],
    [5, 4, 3, 5, 3, 2, 0],
    [10, 13, 2, 11, 10, 4, 1],
    [13, 52, 20, 34, 15, 35, 9],
    [1, 11, 5, 18, 5, 12, 2],
    [55, 143, 104, 107, 29, 59, 20],
    [62, 285, 173, 208, 35, 96, 16],
    [39, 116, 54, 114, 29, 26, 16],
    [30, 66, 23, 52, 24, 50, 5],
    [19, 102, 66, 77, 12, 27, 11],
    [153, 593, 289, 306, 75, 134, 62],
    [3, 14, 8, 16, 2, 1, 0]
  ],
  "method": "mult",
  "cond_prob": [
    [
      [0.18330527767, 0.39842566929, 0.24045777425, 0.17781127879],
      [0.33222227251, 0.45935353248, 0.13184123602, 0.076582958988],
      [0.0022228712937, 0.9601627109, 0.0080758633735, 0.029538554433],
      [0.013210572522, 0.076941114175, 0.89828321435, 0.011565098952],
      [0.15711608716, 0.00031618409199, 0.50267951179, 0.33988821696],
      [0.36833448502, 0.032690634509, 0.28424377882, 0.31473110165],
      [0.12699794044, 0.2633272589, 0.11587556644, 0.49379923422]
    ],
    [
      [0.08810950658, 0.30872206116, 0.54184603111, 0.061322401154],
      [0.18369227774, 0.41879345963, 0.36500793879, 0.032506323836],
      [0.0021086305844, 0.94222687578, 0.035966008913, 0.019698484728],
      [0.0034427023373, 0.034194291348, 0.96020960272, 0.0021534035958],
      [0.060044223678, 0.0002175161943, 0.85050902304, 0.089229237085],
      [0.18035997849, 0.030152027542, 0.6774106798, 0.11207731417],
      [0.089423703013, 0.30152558828, 0.38873075549, 0.22031995321]
    ],
    [
      [0.44372784967, 0.14666022559, 0.39300125845, 0.016610666299],
      [0.65980932018, 0.14284483215, 0.19097104777, 0.0063747999016],
      [0.022589085236, 0.91090403486, 0.05519994405, 0.01130693585],
      [0.024180838612, 0.022672618799, 0.95233286658, 0.00081367600781],
      [0.3221456859, 0.00011129314442, 0.65224775434, 0.025495266624],
      [0.62695156522, 0.010100035074, 0.34194985873, 0.020998540976],
      [0.48211140328, 0.15343718529, 0.30228964939, 0.062161762047]
    ],
    [
      [0.33393870477, 0.27068337644, 0.34867548587, 0.046702432924],
      [0.52602323465, 0.27801983487, 0.17724865782, 0.018708272655],
      [0.0091667952431, 0.94740485611, 0.026299602446, 0.017128746198],
      [0.019553144373, 0.044780428843, 0.93322242861, 0.0024439981733],
      [0.26905683765, 0.00022512724702, 0.65026217349, 0.080455861612],
      [0.55448724537, 0.021469537897, 0.35453274379, 0.069510472948],
      [0.3316912185, 0.25867706921, 0.24418142088, 0.16545029141]
    ],
    [
      [0.33602535801, 0.26656826705, 0.35577534892, 0.041631026029],
      [0.52700858321, 0.27383169701, 0.18230907244, 0.016850647333],
      [0.0097972038849, 0.94538200734, 0.028596347368, 0.016224441406],
      [0.019808171253, 0.044616592636, 0.93337025906, 0.0022049770481],
      [0.27141424204, 0.00022531957106, 0.65725857075, 0.071101867644],
      [0.55502360759, 0.021486966694, 0.3619473637, 0.06154206202],
      [0.34009591413, 0.25981721644, 0.25485700483, 0.14522986459]
    ],
    [
      [0.32058168896, 0.18025825759, 0.42506554373, 0.074094509725],
      [0.53817531849, 0.19771153506, 0.23218211488, 0.031931031568],
      [0.012961437757, 0.89947169942, 0.047463772129, 0.040103090694],
      [0.016064874743, 0.025653284706, 0.95494539481, 0.0033364457386],
      [0.22064567683, 0.0001293901071, 0.67101744948, 0.10820748358],
      [0.48824315963, 0.013301029124, 0.39754707382, 0.10090873743],
      [0.3045540402, 0.1648839721, 0.28564030029, 0.2449216874]
    ],
    [
      [0.36705075441, 0.19689606672, 0.38101068814, 0.055042490727],
      [0.57848502931, 0.20317033756, 0.19598021734, 0.022364415782],
      [0.013993251732, 0.9179066968, 0.040040142525, 0.028059908939],
      [0.020425474985, 0.031086514726, 0.94573556054, 0.0027524497532],
      [0.27068416313, 0.00015169841915, 0.64327752224, 0.085886616211],
      [0.5557808816, 0.014514552107, 0.35513151991, 0.074573046387],
      [0.36117340798, 0.18655442284, 0.26527168639, 0.18700048279]
    ],
    [
      [0.16026883852, 0.2670311655, 0.51340791683, 0.059292079148],
      [0.31675754208, 0.33678776281, 0.3179673023, 0.028487392813],
      [0.0038555212651, 0.94186792321, 0.034952999324, 0.019323556203],
      [0.0063064089361, 0.029680157577, 0.96192222152, 0.0020912119615],
      [0.10724516904, 0.00017884479742, 0.80523549514, 0.087340491019],
      [0.3019703589, 0.022537996449, 0.57622704268, 0.099264601965],
      [0.15892801868, 0.25434120556, 0.35901633951, 0.22771443624]
    ],
    [
      [0.074324199005, 0.67389112041, 0.25178468058, 0],
      [0.13003500093, 0.74176516847, 0.12819983059, 0],
      [0.00010141311636, 0.99889188972, 0.0010066971657, 0],
      [0.0048944052645, 0.10666917364, 0.88843642109, 0],
      [0.10736545551, 0.00076407975051, 0.89187046474, 0],
      [0.31196440314, 0.093652588712, 0.59438300815, 0],
      [0.084179838342, 0.71630434337, 0.19951581829, 0]
    ],
    [
      [0.25058385834, 0.39616660569, 0.30198080068, 0.051268735293],
      [0.41010491257, 0.41666143371, 0.15275453347, 0.020479120255],
      [0.0039506492053, 0.97222397325, 0.012924892, 0.010900485547],
      [0.015107309946, 0.065927869355, 0.91620636357, 0.0027584571268],
      [0.22919438503, 0.00035453058113, 0.66736601481, 0.10308506959],
      [0.50622205088, 0.035288847628, 0.36610954876, 0.092379552732],
      [0.24125726519, 0.36552875565, 0.20223409528, 0.19097988388]
    ],
    [
      [0.39828889315, 0.22344279508, 0.27946104456, 0.09880726721],
      [0.62493890174, 0.21171888297, 0.12890519481, 0.034437020474],
      [0.010462997997, 0.93167094804, 0.021793103208, 0.036072950756],
      [0.02535726752, 0.042605048205, 0.9263680156, 0.0056696686746],
      [0.30529983772, 0.00017342796166, 0.51777660588, 0.17675012845],
      [0.61161619979, 0.01443851988, 0.24163857593, 0.1323067044],
      [0.31359807286, 0.16953916391, 0.15480939538, 0.36205336785]
    ],
    [
      [0.25992470602, 0, 0.67247001808, 0.067605275896],
      [0.5479461798, 0, 0.41860714773, 0.033446672467],
      [0.085300843294, 0, 0.60607128118, 0.30862787553],
      [0.0069871913584, 0, 0.99134766717, 0.0016651414714],
      [0.12416893128, 0, 0.80355542094, 0.072275647781],
      [0.36611914811, 0, 0.55113408671, 0.082746765187],
      [0.26128155831, 0, 0.46650077514, 0.27221766654]
    ],
    [
      [0.19791640483, 0.21089044418, 0.50269926311, 0.088493887881],
      [0.38433984388, 0.26344098572, 0.30938766607, 0.042831504317],
      [0.0061254295751, 0.9129398589, 0.043639245678, 0.037295465845],
      [0.0081078424602, 0.024374853384, 0.96422223103, 0.0032950731239],
      [0.12682701848, 0.00013653873478, 0.7507344812, 0.12230196158],
      [0.33652278241, 0.016413388995, 0.51419571477, 0.13286811382],
      [0.18410121699, 0.18851071772, 0.32990684195, 0.29748122334]
    ],
    [
      [0.31553251256, 0.24074514558, 0.40527789094, 0.038444450911],
      [0.51290668536, 0.25611108296, 0.21488589033, 0.016096341351],
      [0.010012157498, 0.93818637923, 0.035481333101, 0.01632013017],
      [0.016500973859, 0.035703605588, 0.9459882345, 0.0018071860484],
      [0.23811429179, 0.00018956216133, 0.70027869622, 0.061417449833],
      [0.51647858327, 0.019146556508, 0.40808868083, 0.056286179396],
      [0.3262981719, 0.23970091867, 0.29656653904, 0.13743437039]
    ],
    [
      [0.24573480552, 0.27456020936, 0.37993540088, 0.099769584244],
      [0.42887690348, 0.31215676284, 0.2145282695, 0.044438064185],
      [0.0066612371811, 0.9286576911, 0.02842393662, 0.036257135099],
      [0.013389492239, 0.042567176472, 0.93915908427, 0.0048842470185],
      [0.18414092842, 0.00021421292949, 0.65638979817, 0.15925506048],
      [0.42314991383, 0.022770626465, 0.40057016726, 0.15350929244],
      [0.21758795478, 0.23407847831, 0.23759252743, 0.31074103948]
    ],
    [
      [0.31073737069, 0.25624524065, 0.29661532435, 0.13640206432],
      [0.51008863596, 0.27463830036, 0.15785934905, 0.057413714625],
      [0.0089048690855, 0.91529613583, 0.023390205164, 0.052408789915],
      [0.021309864928, 0.049832879403, 0.92043892787, 0.0084183277978],
      [0.24201217174, 0.00020749277999, 0.53228647564, 0.22549385984],
      [0.49564181437, 0.019716010159, 0.29032516114, 0.19431701433],
      [0.25029857214, 0.19869237698, 0.16870493624, 0.38230411464]
    ],
    [
      [0.3306830161, 0.23998753525, 0.39300956524, 0.036319883416],
      [0.53009472296, 0.25099322215, 0.20404213927, 0.014869915622],
      [0.010366251778, 0.94048061085, 0.033925338064, 0.015227799309],
      [0.017535778111, 0.036104533665, 0.94463378682, 0.0017259013994],
      [0.25158351205, 0.00018973638463, 0.68935428502, 0.058872466543],
      [0.53706358301, 0.018771992979, 0.39135481358, 0.052809610427],
      [0.34188801389, 0.23884610682, 0.28688495577, 0.13238092352]
    ],
    [
      [0.32336418705, 0.25212725671, 0.30151728914, 0.1229912671],
      [0.52992108309, 0.26538634612, 0.15505244078, 0.049640130013],
      [0.0081176911325, 0.92898236883, 0.021052593674, 0.041847346369],
      [0.020709556484, 0.045165277132, 0.92703288227, 0.0070922841192],
      [0.24818800486, 0.00019274960605, 0.54587777382, 0.20574147171],
      [0.51759516786, 0.018142754348, 0.28956550276, 0.17469657503],
      [0.26116018022, 0.19545053636, 0.17103902491, 0.37235025851]
    ],
    [
      [0.27123334483, 0.24774178032, 0.37674777729, 0.10427709756],
      [0.46444480596, 0.27813557709, 0.21119323751, 0.046226379441],
      [0.0083015307991, 0.91722925595, 0.031786061026, 0.042683152222],
      [0.015263348954, 0.039577155233, 0.93987824717, 0.0052812486429],
      [0.20065975556, 0.00019204138157, 0.63643252669, 0.16271567637],
      [0.44542495993, 0.01990998402, 0.38150823514, 0.15315682091],
      [0.239347151, 0.21054237161, 0.23541250558, 0.31469797182]
    ],
    [
      [0.16349631069, 0.21749036045, 0.53607638994, 0.082936938924],
      [0.3276248991, 0.28378004755, 0.34637026374, 0.042224789606],
      [0.0052520323858, 0.91134286964, 0.047631562326, 0.035773535647],
      [0.0064612195336, 0.024199672153, 0.96639284336, 0.0029462649537],
      [0.1035272135, 0.00014117171102, 0.78414830392, 0.11218331087],
      [0.28426604402, 0.017889306322, 0.56912771308, 0.12871693659],
      [0.15644727364, 0.20012622945, 0.36217393966, 0.28125255724]
    ],
    [
      [0.19356099167, 0.36588383419, 0.36512394914, 0.075431225008],
      [0.34138013247, 0.41924906702, 0.20583398143, 0.033536819077],
      [0.0037322448521, 0.95733556201, 0.019383778802, 0.019548414341],
      [0.010587579892, 0.056009038485, 0.92969940797, 0.0037039736529],
      [0.16031184459, 0.0003069981814, 0.70518632643, 0.13419483079],
      [0.38702607714, 0.03405388406, 0.4443196641, 0.1346003747],
      [0.180260053, 0.32737182382, 0.23929706545, 0.25307105773]
    ],
    [
      [0.32099678267, 0.23225372803, 0.40538466489, 0.041364824418],
      [0.52186561719, 0.24657827796, 0.21432498989, 0.017231114966],
      [0.010344111273, 0.93562081278, 0.0361788633, 0.017856212643],
      [0.016733898537, 0.034298245261, 0.94702976816, 0.0019380880396],
      [0.23985318432, 0.0001802101207, 0.6943057443, 0.065660861265],
      [0.51959450352, 0.018115030481, 0.40244104961, 0.059849416383],
      [0.32894649967, 0.22908696905, 0.29400972598, 0.14795680531]
    ],
    [
      [0.1560160517, 0.33131326349, 0.37140981879, 0.14126086602],
      [0.29439089609, 0.40886774219, 0.22828034393, 0.068461017792],
      [0.003563399519, 0.92995470456, 0.023388670251, 0.043093225665],
      [0.0087388402902, 0.052675372654, 0.93149432797, 0.0070914590893],
      [0.11929080167, 0.00026439868004, 0.65118740763, 0.22925739203],
      [0.29603530898, 0.030526848366, 0.43330221004, 0.24013563262],
      [0.12679027438, 0.25925117984, 0.21347482708, 0.40048371871]
    ],
    [
      [0.28817081841, 0.2345400356, 0.36411867448, 0.11317047151],
      [0.48975447471, 0.26003433443, 0.20092557282, 0.049285618038],
      [0.0090681979185, 0.91152360017, 0.031661108017, 0.047747093895],
      [0.016517120599, 0.038265855457, 0.93938075568, 0.0058362682645],
      [0.21107578615, 0.00017934201613, 0.61270753308, 0.17603733875],
      [0.46188707631, 0.018194597626, 0.35790098962, 0.16201733645],
      [0.24717425897, 0.19372821549, 0.22083113681, 0.33826638873]
    ],
    [
      [0.32409293298, 0.21751086971, 0.29955771325, 0.15883848406],
      [0.54143581815, 0.23449241858, 0.15861610098, 0.065455662297],
      [0.0099374689753, 0.89990937785, 0.025356412085, 0.064796741092],
      [0.021264253291, 0.040413365689, 0.92914441106, 0.00917796996],
      [0.23566569152, 0.00016135096994, 0.51107828015, 0.25309467736],
      [0.49199361265, 0.015344880033, 0.27516400488, 0.21749750244],
      [0.23860949758, 0.1539922152, 0.15499098548, 0.45240730175]
    ],
    [
      [0.34283516079, 0.21072366831, 0.39369820984, 0.05274296106],
      [0.55029483489, 0.22145807414, 0.20641370979, 0.021833381179],
      [0.01232953583, 0.92324279461, 0.039067274441, 0.025360395121],
      [0.018520112434, 0.032327591059, 0.9465921307, 0.0025601658098],
      [0.2530180554, 0.00016270049611, 0.66447591072, 0.082343333388],
      [0.53344384255, 0.015987710898, 0.37713105686, 0.073437389684],
      [0.34063614283, 0.20162587844, 0.27689974236, 0.18083823637]
    ],
    [
      [0.20788779044, 0.33378412922, 0.45832808034, 0],
      [0.3992921021, 0.36945748856, 0.23125040934, 0],
      [0.00065612154397, 0.99488381931, 0.0044600591477, 0],
      [0.0070609751038, 0.029872589351, 0.96306643555, 0],
      [0.14903245491, 0.00019414772393, 0.85077339736, 0],
      [0.45720425629, 0.022440462184, 0.52035528152, 0],
      [0.24705264388, 0.37468459969, 0.37826275643, 0]
    ],
    [
      [0.30285405883, 0.20066072627, 0.27601959316, 0.22046562173],
      [0.535327223, 0.2227214061, 0.14864079792, 0.093310572984],
      [0.0094681061289, 0.87201667936, 0.023994960177, 0.09452025433],
      [0.019984771535, 0.038777547902, 0.92806163507, 0.013176045497],
      [0.20748947868, 0.00014162052756, 0.45756632221, 0.33480257858],
      [0.45292911079, 0.013577507885, 0.2434734774, 0.29001990392],
      [0.19490035878, 0.1244254545, 0.12388355503, 0.5567906317]
    ],
    [
      [0.21225413374, 0.29020820354, 0.3157824671, 0.18175519563],
      [0.38769570952, 0.34365863914, 0.18491274905, 0.083732902287],
      [0.0051861308067, 0.91385153717, 0.021331126524, 0.059631205495],
      [0.013453497635, 0.05230521963, 0.92390948488, 0.010331797857],
      [0.15885242539, 0.00022434825909, 0.54875668782, 0.29216653853],
      [0.36559658483, 0.023705552925, 0.33109514473, 0.27960271751],
      [0.155014953, 0.20398150163, 0.16258265006, 0.47842089532]
    ],
    [
      [0.31180379217, 0.24554272021, 0.33707491933, 0.10557856829],
      [0.51632027011, 0.26274051099, 0.17765276497, 0.043286453938],
      [0.0090118837201, 0.92367328854, 0.026848726739, 0.040466101004],
      [0.018426095331, 0.041369950815, 0.93472468154, 0.0054792723114],
      [0.2341545668, 0.00019028279569, 0.59221389278, 0.17344125763],
      [0.50013988781, 0.018573465782, 0.32814436622, 0.15314228019],
      [0.26151174717, 0.1982111405, 0.19879416731, 0.34148294502]
    ],
    [
      [0.16329864761, 0.32120952527, 0.44939291433, 0.066098912789],
      [0.30608621841, 0.39122618049, 0.27126532924, 0.031422271863],
      [0.0037879312183, 0.94682448346, 0.028813134455, 0.020574450871],
      [0.0075270395253, 0.042098488458, 0.94763942323, 0.0027350487915],
      [0.12144976991, 0.00024756958397, 0.77312870328, 0.10517395723],
      [0.31896836873, 0.029957258733, 0.5357480043, 0.11532636823],
      [0.15930117396, 0.30162120644, 0.30937663498, 0.22970098462]
    ],
    [
      [0.14733662504, 0.28627416866, 0.44503419671, 0.12135500959],
      [0.29345438276, 0.36551652619, 0.28115350982, 0.059875581219],
      [0.0036677510893, 0.92447259083, 0.031066291277, 0.040793366808],
      [0.0067308937447, 0.037783384958, 0.9505076187, 0.004978102598],
      [0.10176206137, 0.00020553464782, 0.71591027866, 0.18212212532],
      [0.27453997185, 0.02508186452, 0.49913969292, 0.20123847071],
      [0.12392813519, 0.23197911334, 0.26413151735, 0.37996123412]
    ],
    [
      [0.25448140151, 0.35595183571, 0.35342155756, 0.036145205225],
      [0.42065206889, 0.37890021518, 0.18558471099, 0.014863004933],
      [0.0051642533346, 0.96495634853, 0.019991889754, 0.0098875083806],
      [0.014269883865, 0.056841868441, 0.92706979974, 0.0018184479574],
      [0.21987946596, 0.00031531850006, 0.71211898039, 0.067686235144],
      [0.49255734581, 0.032102841639, 0.41300319955, 0.062336613008],
      [0.25975992371, 0.34956541177, 0.25427002538, 0.13640463915]
    ],
    [
      [0.34776290702, 0.20832025545, 0.36270325925, 0.081213578284],
      [0.56029728679, 0.21816884346, 0.1882822654, 0.033251604348],
      [0.012254591654, 0.91418744769, 0.035197673234, 0.038360287424],
      [0.019728323568, 0.033760843063, 0.94237788413, 0.0041329492394],
      [0.25543333588, 0.00015970460981, 0.61692979674, 0.12747716277],
      [0.53328070225, 0.015381045715, 0.34000827294, 0.1113299791],
      [0.31826153154, 0.18361917453, 0.23406719655, 0.26405209737]
    ],
    [
      [0.18937194502, 0.19711066088, 0.52175197954, 0.091765414561],
      [0.37087379429, 0.25176276381, 0.33139527471, 0.045968167186],
      [0.0069708909419, 0.89484242945, 0.052972927283, 0.04521375233],
      [0.0077626614857, 0.023017736781, 0.96584399977, 0.0033756019624],
      [0.11943852334, 0.00012987868357, 0.75728725681, 0.12314434117],
      [0.31510881273, 0.015881524416, 0.53241237587, 0.13659728698],
      [0.17700805587, 0.17743599038, 0.34458160399, 0.30097434976]
    ],
    [
      [0.23486446266, 0.26550996981, 0.38467734511, 0.11494822242],
      [0.41866719878, 0.3077409342, 0.22146160592, 0.0521302611],
      [0.0065447069365, 0.92085886232, 0.029637944597, 0.042958486148],
      [0.012633375486, 0.040786793173, 0.94102752141, 0.0055523099266],
      [0.17167450487, 0.00020255900615, 0.64874931758, 0.17937361855],
      [0.40113991472, 0.021842717902, 0.40160831341, 0.17540905397],
      [0.20087410339, 0.21870900506, 0.23236183631, 0.34805505524]
    ],
    [
      [0.21916985808, 0.34243596702, 0.38593571772, 0.052458457178],
      [0.37685667143, 0.38455638714, 0.21549165591, 0.023095285518],
      [0.0049886181013, 0.95492115725, 0.024154850233, 0.015935374411],
      [0.011748371208, 0.052263239419, 0.93347313759, 0.0025152517795],
      [0.17972790874, 0.00029375800783, 0.72843291543, 0.091545417816],
      [0.42151918305, 0.031999529996, 0.45600939595, 0.090471891005],
      [0.21784259774, 0.32780463244, 0.27091994964, 0.18343282018]
    ],
    [
      [0.24318391464, 0.43685728468, 0.28662817143, 0.033330629253],
      [0.3905118762, 0.45080996705, 0.14543647774, 0.01324167901],
      [0.0038185746155, 0.97646366689, 0.012620349022, 0.0070974094715],
      [0.016206274926, 0.081931991255, 0.89985763481, 0.0020040990127],
      [0.24669200748, 0.0004455302565, 0.67943294165, 0.073429520607],
      [0.52326607676, 0.042729261821, 0.37041318433, 0.063591477096],
      [0.246046493, 0.42458186325, 0.20443985725, 0.12493178651]
    ],
    [
      [0.16274915854, 0.18515943611, 0.56221950276, 0.08987190259],
      [0.33577396816, 0.24744234616, 0.3701855669, 0.046598118789],
      [0.0060129585983, 0.89226701201, 0.057161220251, 0.044558809136],
      [0.0060209945629, 0.019446718143, 0.97155600817, 0.0029762791256],
      [0.097476925142, 0.00011414478514, 0.7864595308, 0.11594939927],
      [0.27410670477, 0.014712698093, 0.57588683843, 0.13529375871],
      [0.15305292028, 0.167540772, 0.37190022978, 0.30750607794]
    ],
    [
      [0.19763373777, 0.36110980615, 0.29164498497, 0.14961147111],
      [0.34939877227, 0.41591940644, 0.16703151728, 0.067650304007],
      [0.0041374437987, 0.93694106832, 0.016872141669, 0.042049346214],
      [0.013585281117, 0.070743600836, 0.906408462, 0.0092626560455],
      [0.16645422021, 0.00031743036573, 0.56537327977, 0.26785506965],
      [0.37488149539, 0.033082688823, 0.33880892108, 0.25322689471],
      [0.15514113111, 0.27298913917, 0.16179004464, 0.41007968508]
    ],
    [
      [0.22264203235, 0.33056590608, 0.33202126139, 0.11477080018],
      [0.39015855358, 0.37341619986, 0.18600023184, 0.050425014725],
      [0.0049677682686, 0.93979752748, 0.020688764166, 0.034545940088],
      [0.013412961214, 0.057306723742, 0.92305593259, 0.006224382456],
      [0.17958391457, 0.00027779180595, 0.6207221923, 0.19941610132],
      [0.41113424424, 0.028994848128, 0.37126020177, 0.18861070586],
      [0.18684297033, 0.26724501079, 0.19677857421, 0.34913344467]
    ],
    [
      [0.28662075631, 0.23205221009, 0.38278023559, 0.098546798008],
      [0.48643985801, 0.25796325663, 0.21240656969, 0.043190315669],
      [0.0093370612946, 0.91338439789, 0.034380259772, 0.042898281044],
      [0.015883550237, 0.0365746931, 0.94263573891, 0.0049060177544],
      [0.2092012852, 0.00017768609631, 0.63858609938, 0.15203492933],
      [0.46077370215, 0.018256445014, 0.37915421621, 0.14181563663],
      [0.25580409592, 0.19948161985, 0.24184101418, 0.30287327005]
    ],
    [
      [0.27795216966, 0.25466414077, 0.35806873784, 0.10931495173],
      [0.47077252476, 0.28275485491, 0.19855867576, 0.047913944578],
      [0.0083167145097, 0.91843094568, 0.029534302444, 0.04371803737],
      [0.016378505867, 0.042651698642, 0.93517737542, 0.0057924200725],
      [0.20954721391, 0.00020146818626, 0.61634332546, 0.17390799244],
      [0.45636511303, 0.02049160371, 0.36253680048, 0.16060648278],
      [0.24141974964, 0.21304991575, 0.22022939925, 0.32530093535]
    ],
    [
      [0.36020744318, 0.1914123699, 0.44838018692, 0],
      [0.58503516972, 0.19486065733, 0.22010417295, 0],
      [0.011802548733, 0.94725022962, 0.040947221643, 0],
      [0.014953398126, 0.022880081873, 0.96216652, 0],
      [0.24814650974, 0.00013237234976, 0.75172111791, 0],
      [0.57031080129, 0.013288660205, 0.41640053851, 0],
      [0.42052921397, 0.21486000972, 0.36461077631, 0]
    ],
    [
      [0.27231300265, 0.31400178734, 0.35412696767, 0.05955824234],
      [0.45129953492, 0.33625280795, 0.18762374983, 0.024823907298],
      [0.0065741682332, 0.95047550283, 0.023629046115, 0.019321282823],
      [0.015410363689, 0.051156728682, 0.93041019996, 0.0030227076687],
      [0.22227046792, 0.00026810644349, 0.67284886523, 0.1046125604],
      [0.48998412064, 0.027046640724, 0.3872982489, 0.095670989737],
      [0.26180225444, 0.29088276072, 0.23983211798, 0.20748286687]
    ],
    [
      [0.2194291615, 0.2817096169, 0.41807767479, 0.080783546809],
      [0.39280621249, 0.32831585053, 0.24204376891, 0.036834168073],
      [0.0058921109458, 0.93413078764, 0.030960255059, 0.029016846351],
      [0.010925346626, 0.040057754645, 0.94541505172, 0.0036018470049],
      [0.16174336171, 0.00021714024706, 0.71092019354, 0.1271193045],
      [0.39088170817, 0.024264925765, 0.45600928898, 0.12884407708],
      [0.20460437108, 0.25301379224, 0.27524380176, 0.26713803492]
    ],
    [
      [0.17090287953, 0.32496119763, 0.39280536964, 0.1113305532],
      [0.31637428838, 0.39346241585, 0.23712658183, 0.053036713932],
      [0.0040479188679, 0.93506038806, 0.025652903621, 0.035238789454],
      [0.0091178812958, 0.04935537667, 0.93619650168, 0.0053302403527],
      [0.13075909013, 0.00026060951425, 0.68847207921, 0.18050822115],
      [0.32361663429, 0.030024312124, 0.45760651596, 0.18875253763],
      [0.14885178923, 0.27261611705, 0.24203856172, 0.336493532]
    ],
    [
      [0.20985359012, 0.34447003974, 0.32940424354, 0.1162721266],
      [0.36667678169, 0.39345739519, 0.18761081498, 0.052255008135],
      [0.0046934727754, 0.94016292012, 0.020347628208, 0.034795978898],
      [0.01310809766, 0.061236146597, 0.91912916193, 0.0065265938158],
      [0.17329330798, 0.00029779355645, 0.62294261455, 0.20346628391],
      [0.39364012094, 0.031460532027, 0.37982133375, 0.19507801328],
      [0.17816721117, 0.28167296418, 0.19791219028, 0.34224763437]
    ],
    [
      [0.19515930787, 0.29498948277, 0.44591135432, 0.063939855036],
      [0.35443606809, 0.35081798985, 0.26475420384, 0.029991738219],
      [0.0051458765225, 0.93986788956, 0.032439107425, 0.022547126495],
      [0.0093355881417, 0.040152348418, 0.94776148997, 0.0027505734736],
      [0.14460505896, 0.00022935320809, 0.75506104292, 0.10010454491],
      [0.36043544697, 0.026657882105, 0.50727139152, 0.1056352794],
      [0.19230583568, 0.2799885323, 0.31109301445, 0.21661261757]
    ],
    [
      [0.095261984891, 0.45664927213, 0.30188564094, 0.14620310205],
      [0.18168497281, 0.56393608867, 0.18427355035, 0.070105388173],
      [0.0015833365726, 0.95211649883, 0.013810276347, 0.032489888251],
      [0.0061244452939, 0.084227497262, 0.90127072088, 0.0083773365629],
      [0.085494211995, 0.00042791537009, 0.63117197497, 0.28290589766],
      [0.22045244549, 0.050631139127, 0.42554184523, 0.30337457016],
      [0.074272657396, 0.34297809494, 0.16568032039, 0.41706892727]
    ],
    [
      [0.3637204161, 0.3307371266, 0.3055424573, 0],
      [0.55929740465, 0.30424811739, 0.13645447795, 0],
      [0.0070316267305, 0.97548933375, 0.017479039521, 0],
      [0.020564500061, 0.057225294021, 0.92221020592, 0],
      [0.32739493634, 0.00030710513417, 0.67229795852, 0],
      [0.66285003362, 0.025566843099, 0.31158312328, 0],
      [0.40535106185, 0.35590636049, 0.23874257766, 0]
    ],
    [
      [0.19006896545, 0.41735954106, 0.37617172014, 0.016399773351],
      [0.32297130125, 0.46257701189, 0.20731802937, 0.0071336574838],
      [0.0036125838058, 0.97252185838, 0.0196938468, 0.004171711015],
      [0.01033334096, 0.064729017048, 0.92413744092, 0.00080020106813],
      [0.17413873134, 0.00040033150313, 0.79351022679, 0.031950710368],
      [0.41699500721, 0.044448835261, 0.50636848393, 0.032187673594],
      [0.20767185655, 0.43924267603, 0.29031482217, 0.062770645252]
    ],
    [
      [0.31445057408, 0.26909528168, 0.3303898626, 0.086064281646],
      [0.5064524561, 0.28380070214, 0.17394143651, 0.035805405252],
      [0.0090042460749, 0.93192706896, 0.026100224287, 0.032968460682],
      [0.019849608351, 0.048323929668, 0.9269388006, 0.0048876613806],
      [0.25122248423, 0.00022551346059, 0.60329658666, 0.14525541565],
      [0.51712263623, 0.021645199959, 0.33465701595, 0.12657514786],
      [0.28503234273, 0.23494537089, 0.21202476397, 0.26799752241]
    ],
    [
      [0.19055200264, 0.33635854149, 0.41609335512, 0.056996100752],
      [0.3391576305, 0.39231582745, 0.24229932154, 0.026227220513],
      [0.0044523086515, 0.95093366986, 0.026810120397, 0.017803901095],
      [0.0096912278497, 0.048600378039, 0.93910182839, 0.0026065657171],
      [0.15102543344, 0.00027941995932, 0.75330746376, 0.095387682841],
      [0.37039656733, 0.031984787026, 0.4984920673, 0.099126578343],
      [0.18965189827, 0.32242049748, 0.29322594519, 0.19470165906]
    ],
    [
      [0.21631303681, 0.33501088551, 0.37383977872, 0.074836298959],
      [0.37449307734, 0.38013241704, 0.21184810481, 0.033526400806],
      [0.0050723676552, 0.9472914559, 0.024170526225, 0.023465650222],
      [0.012144574162, 0.053470163826, 0.93060506305, 0.003780198963],
      [0.17611867376, 0.00028622271569, 0.69503003348, 0.12856507004],
      [0.40802237409, 0.030960009203, 0.43474902785, 0.12626858886],
      [0.20407551241, 0.30442584888, 0.24974505738, 0.24175358133]
    ],
    [
      [0.24531163599, 0.26738413595, 0.34407761054, 0.14322661753],
      [0.43110246369, 0.30727977661, 0.19688162414, 0.064736135557],
      [0.0068512201774, 0.91319901079, 0.026458546717, 0.053491222316],
      [0.01480951162, 0.045887603859, 0.93153861695, 0.0077642675693],
      [0.18322211828, 0.00020884538229, 0.58982361341, 0.22674542292],
      [0.41014855253, 0.021751536262, 0.35379933691, 0.2143005743],
      [0.1973246383, 0.20712653294, 0.19566319722, 0.39988563153]
    ],
    [
      [0.23050826837, 0.23011413132, 0.43473731486, 0.10464028545],
      [0.41960211431, 0.27373456641, 0.25771837425, 0.048944945025],
      [0.007463433748, 0.90838859941, 0.038835842857, 0.04531212399],
      [0.01127370428, 0.032055109756, 0.95207636887, 0.0045948170959],
      [0.1590289266, 0.00016630266461, 0.68768676811, 0.15311800262],
      [0.38255313488, 0.018598415721, 0.4434428361, 0.15540561329],
      [0.20516217656, 0.19727169997, 0.27369266512, 0.32387345835]
    ],
    [
      [0.27189631982, 0.31663592756, 0.36911297695, 0.042354775672],
      [0.44555113242, 0.33934396592, 0.1972395236, 0.017865378057],
      [0.0067338025829, 0.95402214947, 0.02521707714, 0.014026970806],
      [0.01536388983, 0.050922343776, 0.93156413164, 0.002149634751],
      [0.22519704675, 0.00027475857895, 0.70021704073, 0.074311153936],
      [0.49231225338, 0.027956586966, 0.41110462324, 0.06862653641],
      [0.27610029652, 0.30968768765, 0.26519868999, 0.14901332584]
    ],
    [
      [0.19906596062, 0.073945361983, 0.72698867739, 0],
      [0.4290207783, 0.10032205178, 0.47065716992, 0],
      [0.014484114655, 0.84110577846, 0.14441010689, 0],
      [0.0050957745245, 0.0053766145271, 0.98952761095, 0],
      [0.099752146699, 3.6705154055e-05, 0.90021114815, 0],
      [0.31571445409, 0.0050963372983, 0.67918920861, 0],
      [0.25751495114, 0.091849643635, 0.65063540523, 0]
    ],
    [
      [0.53598693886, 0.22770161623, 0.23631144491, 0],
      [0.71138943706, 0.19243660868, 0.096173954252, 0],
      [0.012917479975, 0.97114553964, 0.015936980385, 0],
      [0.041261762128, 0.047830157996, 0.91090807988, 0],
      [0.48585832335, 0.00019625703158, 0.51394541962, 0],
      [0.78227973762, 0.014007458871, 0.20371280351, 0],
      [0.58319554609, 0.23691822647, 0.17988622744, 0]
    ],
    [
      [0.31418524105, 0.16354838124, 0.52226637771, 0],
      [0.5634981089, 0.17382707795, 0.26267481315, 0],
      [0.008057493828, 0.95200970788, 0.039932798296, 0],
      [0.010347195167, 0.015436351773, 0.97421645306, 0],
      [0.19364207301, 9.41459733e-05, 0.80626378102, 0],
      [0.51898213312, 0.010113102873, 0.47090476401, 0],
      [0.37630389667, 0.18752492228, 0.43617118105, 0]
    ],
    [
      [0.11921468651, 0.14192744559, 0.54713120971, 0.19172665819],
      [0.27891044302, 0.21328843471, 0.39908839607, 0.1087127262],
      [0.0040352566156, 0.85561731087, 0.052253448442, 0.088093984077],
      [0.0044095507611, 0.014135101789, 0.97508919847, 0.0063661489755],
      [0.065086954249, 7.3171708069e-05, 0.70405140607, 0.23078846798],
      [0.19208759393, 0.0096798978241, 0.52417349907, 0.27405900917],
      [0.086070252977, 0.097889343416, 0.27801655662, 0.53802384698]
    ],
    [
      [0.20898676616, 0.32739458268, 0.40692104245, 0.056697608707],
      [0.37284026117, 0.37624893, 0.22613145934, 0.024779349484],
      [0.0042779047085, 0.95772566552, 0.022510410514, 0.015486019253],
      [0.0097703439479, 0.042881599786, 0.94501030002, 0.0023377562513],
      [0.15921622945, 0.0002500163181, 0.74548001281, 0.09505374143],
      [0.40142406806, 0.028586344489, 0.47195327154, 0.098036315909],
      [0.2031858897, 0.30565424459, 0.27539591411, 0.2157639516]
    ],
    [
      [0.38363555036, 0.25046268197, 0.32435244053, 0.041549327138],
      [0.57893192129, 0.24658089624, 0.15847730695, 0.016009875524],
      [0.011827292111, 0.94368542294, 0.02740845911, 0.017078825835],
      [0.024150510097, 0.045001972917, 0.92851276086, 0.0023347561259],
      [0.31395205076, 0.0002148107103, 0.61330144495, 0.072531693581],
      [0.60675549338, 0.019256542345, 0.31499839981, 0.05898956447],
      [0.38326078211, 0.24103416465, 0.22850957731, 0.14719547593]
    ],
    [
