{
  "Z_true": {},
  "V_true": [
    [632, 198, 2095, 314, 68],
    [17, 3179, 224, 1303, 139],
    [102, 2047, 755, 10156, 618],
    [261, 211, 3797, 226, 160],
    [145, 177, 640, 447, 363],
    [29, 78, 451, 286, 400],
    [37, 322, 131, 566, 475]
  ],
  "p_true": [
    [0.1911, 0.0599, 0.6335, 0.095, 0.0206],
    [0.0035, 0.6538, 0.0461, 0.268, 0.0286],
    [0.0075, 0.1497, 0.0552, 0.7425, 0.0452],
    [0.0561, 0.0453, 0.8157, 0.0485, 0.0344],
    [0.0818, 0.0999, 0.3612, 0.2523, 0.2049],
    [0.0233, 0.0627, 0.3625, 0.2299, 0.3215],
    [0.0242, 0.2103, 0.0856, 0.3697, 0.3103]
  ],
  "Z_est": {},
  "V_est": [
    [653.8006, 45.8694, 2607.33, 0, 0],
    [0, 4862, 0, 0, 0],
    [335.811, 1304.1306, 0, 11350.1961, 687.8622],
    [142.5528, 0, 4512.4472, 0, 0],
    [90.8356, 0, 269.6754, 893.3394, 518.1496],
    [0, 0, 703.5474, 58.278, 482.1746],
    [0, 0, 0, 996.1865, 534.8135]
  ],
  "p_est": [
    [0.1977, 0.0139, 0.7884, 0, 0],
    [0, 1, 0, 0, 0],
    [0.0246, 0.0953, 0, 0.8298, 0.0503],
    [0.0306, 0, 0.9694, 0, 0],
    [0.0513, 0, 0.1522, 0.5041, 0.2924],
    [0, 0, 0.5656, 0.0468, 0.3876],
    [0, 0, 0, 0.6507, 0.3493]
  ],
  "EI_Z": {},
  "EI_V": 18.8626,
  "MAE_Z": {},
  "MAE_V": 334.6662,
  "MAE_p": 0.0971,
  "runtime": 0.0374
}
