{
  "Z_true": {},
  "V_true": [
    [4281, 237, 4124, 129],
    [1353, 104, 10541, 377],
    [1148, 8325, 2062, 495],
    [160, 110, 910, 441],
    [320, 356, 542, 586]
  ],
  "p_true": [
    [0.4881, 0.027, 0.4702, 0.0147],
    [0.1093, 0.0084, 0.8518, 0.0305],
    [0.0954, 0.692, 0.1714, 0.0411],
    [0.0987, 0.0679, 0.5614, 0.2721],
    [0.1774, 0.1973, 0.3004, 0.3248]
  ],
  "Z_est": [
    [
      [72, 14.9998, 19.0014, 13.9801, 17.1736, 20.3901, 12.0302, 0.5763, 17.993, 101, 57, 37, 54, 39, 55, 18, 1.0024, 17, 27, 13.0002, 41, 62, 6.9997, 17, 18, 15, 23, 7, 31, 4.3417, 5.1354, 2.8789, 24, 113, 54, 24.0074, 9.9488, 19, 6.0602, 16.0002, 4.2737, 50, 19, 31, 14, 17, 23, 9.8463, 13.2023, 5.8181, 3.4716, 16.9826, 8.0207, 3.3701, 4.6346, 17, 111, 98, 50, 272, 82],
      [39, 15.0001, 12.998, 10.0426, 7.0641, 15.6931, 8.8966, 3.6049, 15.0532, 132, 73, 23, 66, 42, 79, 23, 1.3022, 16, 35, 13.9998, 48, 44, 17.0001, 42, 35, 41, 38, 17, 27, 2.637, 4.4325, 2.1493, 12, 55, 36, 14.9872, 9.0744, 13, 5.0901, 13, 8.5411, 43, 34, 53, 36, 58, 43, 2.8903, 8.2778, 6.5459, 0.7575, 10.9988, 2.9994, 3.2413, 3.4188, 28.9999, 194, 105, 44, 205, 79],
      [154, 44.0001, 59.0013, 17.9713, 18.1214, 29.406, 14.0551, 3.3345, 28.9439, 162, 122, 77, 127, 79, 135, 42, 2.2763, 54, 59, 37, 123, 106, 26.0003, 63, 64, 77, 72, 37, 80, 6.2891, 9.9667, 7.521, 53, 258, 126, 33.9976, 17.9953, 61, 11.8429, 29.9999, 10.6303, 96, 87, 41, 24, 48, 108, 10.6514, 23.8875, 5.0416, 6.432, 28.016, 10.9799, 6.8847, 4.9466, 53, 379, 162, 83, 421, 147],
      [13, 5, 4.9993, 3.0061, 2.6409, 1.5107, 1.0182, 0.4842, 1.0098, 18, 15, 5, 16, 9, 18, 7, 0.4191, 6, 7, 4.0001, 14, 9, 1.9999, 5, 8, 9, 7, 4, 8, 0.7323, 0.4653, 0.4509, 4, 23, 15, 4.0078, 1.9815, 7, 1.0068, 3.9999, 0.5549, 9, 11, 4, 5, 4, 10, 0.612, 1.6323, 0.5944, 0.3388, 2.0026, 0, 0.5038, 0, 4.0001, 48, 12, 13, 44, 11]
    ],
    [
      [87, 36, 26.9952, 13.0072, 11.5339, 25.2087, 8.9092, 0.5871, 18.9237, 85, 55, 40, 70, 46, 79, 22, 0.5138, 38, 29, 20, 79, 55, 12.9998, 44, 39, 38, 37, 26, 43, 7.0416, 6.0714, 2.0244, 32, 132, 69, 15.9907, 13.0226, 39, 7.4898, 20.9998, 4.3448, 53, 60, 24, 11, 20, 48, 3.2224, 9.9668, 4.6537, 3.4704, 15.9969, 8.8867, 2.9333, 2.606, 13.0001, 217, 69, 68, 284, 64],
      [49, 39, 18.0007, 13.9403, 6.6172, 17.435, 8.8228, 7.713, 17.9859, 111, 77, 29, 92, 53, 117, 30, 0.8203, 36, 43, 28.0003, 99, 42, 49.0008, 121, 86, 108, 66, 76, 40, 4.5356, 6.2339, 1.6284, 16, 66, 48, 11.0034, 14.9365, 31, 5.2337, 18.9999, 7.6834, 47, 124, 48, 35, 71, 100, 1.0536, 8.4785, 5.7159, 0.9322, 14.005, 3.4461, 3.3663, 2.7569, 24, 386, 78, 66, 216, 64],
      [186, 113, 81.0028, 20.0519, 13.222, 38.3892, 12.2171, 8.1838, 34.0782, 136, 124, 88, 172, 99, 199, 54, 1.3582, 122, 68, 65.9999, 247, 99, 70.9998, 179, 153, 203, 123, 165, 115, 9.9765, 15.224, 5.9924, 70, 304, 164, 23.0064, 25.0558, 139, 13.3603, 41.0004, 11.3839, 103, 309, 35, 22, 57, 244, 4.5729, 21.2292, 4.9856, 8.112, 29.9922, 13.6672, 7.1324, 3.6371, 42.9998, 753, 117, 119, 442, 116],
      [15, 13, 7.0013, 4.0007, 2.6269, 0.9671, 1.0509, 1.5161, 2.0121, 15, 15, 6, 22, 12, 27, 9, 0.3077, 14, 8, 6.9998, 28, 9, 5.9996, 15, 20, 24, 12, 17, 11, 1.4463, 1.4707, 0.3549, 5, 27, 20, 1.9996, 2.9851, 17, 0.9162, 5, 0.5879, 9, 39, 4, 4, 5, 23, 0.1511, 1.3255, 0.6448, 0.4855, 2.0058, 0, 0.5679, 0, 3.0001, 96, 9, 19, 46, 8]
    ],
    [
      [40, 17.0002, 10, 13.9981, 8.1243, 21.7644, 12.9757, 1.5209, 20.0713, 146, 72, 29, 69, 49, 87, 23, 0.4839, 25, 38, 14.9998, 64, 45, 18, 58, 39, 38, 40, 23, 29, 7.886, 3.4845, 0.8058, 17, 63, 36, 15.013, 8.0356, 14, 6.2857, 14, 4.93, 46, 44, 62, 42, 57, 37, 2.3681, 9.0332, 10.7768, 0.7655, 13.0152, 3.7285, 3.3247, 4.2257, 21.9999, 199, 104, 51, 253, 69],
      [24, 19, 9, 13.9918, 4.9094, 18.8434, 14.1057, 18.3744, 17.917, 195, 97, 20, 90, 59, 129, 35, 0.8775, 28, 52, 20.9999, 79, 34, 64.9995, 163, 88, 115, 71, 71, 27, 5.2928, 3.9398, 0.8285, 10, 32, 25, 10.0006, 9.9922, 11, 7.5884, 12.0001, 11.2355, 41, 89, 116, 123, 208, 79, 0.8029, 8.1891, 13.2464, 0.2456, 11.9865, 1.9188, 4.035, 4.1514, 44, 355, 115, 49, 192, 68],
      [89, 55.9999, 32.0007, 21.9952, 10.9404, 36.3286, 18.8356, 16.91, 36.0044, 236, 164, 65, 168, 107, 219, 59, 1.3655, 86, 89, 49.0002, 200, 83, 95.0002, 241, 161, 214, 133, 154, 82, 12.783, 9.1187, 2.2661, 40, 146, 87, 22.992, 16.9516, 56, 14.0848, 29.9998, 15.1552, 91, 226, 92, 84, 173, 196, 3.6704, 17.5636, 10.3323, 1.8772, 23.994, 6.3528, 7.879, 4.6229, 81.0002, 692, 176, 91, 394, 126],
      [7, 5.9999, 1.9994, 4.0149, 2.0258, 1.0635, 1.083, 3.1948, 2.0073, 26, 20, 4, 21, 13, 29, 10, 0.2732, 10, 11, 5.0001, 22, 7, 8.0002, 20, 21, 25, 13, 16, 8, 2.0382, 0.4571, 0.0996, 3, 13, 10, 1.9945, 2.0205, 6, 1.0412, 3, 0.6793, 8, 28, 10, 17, 17, 18, 0.1587, 1.2142, 0.6445, 0.1117, 2.0043, 0, 0.7614, 0, 5.9998, 88, 13, 15, 41, 9]
    ],
    [
      [8, 3, 2.9993, 1.0109, 0.136, 1.4838, 0.0981, 0.2077, 1.0564, 8, 10, 4, 10, 3, 11, 4, 0, 5, 7, 4, 12, 9, 1.0002, 5, 6, 6, 4, 5, 6, 1.1332, 0.4253, 0.1451, 3, 10, 5, 1.9955, 0.0085, 5, 0.1747, 3, 0.3008, 6, 5, 4, 3, 4, 5, 0.2615, 0.2366, 0, 0, 2.0072, 1.0322, 0, 0, 2, 33, 3, 6, 27, 2],
      [4, 4, 2.0014, 1.0056, 0.2027, 0.9629, 0.1136, 1.8125, 0.9734, 11, 14, 3, 12, 4, 16, 6, 0, 6, 10, 5, 14, 7, 5, 16, 15, 19, 7, 15, 5, 0.725, 0.6168, 0.1716, 3, 5, 3, 1.0042, 0.0279, 4, 0.0928, 3, 0.7647, 6, 11, 7, 8, 17, 12, 0.1235, 0.6892, 0, 0, 1.0048, 0.5685, 0, 0, 4, 58, 3, 6, 20, 2],
      [19, 12.9999, 12.9986, 3.9839, 1.621, 2.5258, 0.9245, 1.6633, 4.9698, 17, 23, 10, 26, 10, 29, 14, 0, 18, 18, 16.0001, 38, 17, 9.9997, 26, 29, 39, 14, 36, 18, 1.9042, 1.7091, 0.6423, 9, 27, 13, 3.0002, 2.987, 19, 2.9113, 7.9999, 1.9093, 15, 31, 6, 7, 15, 31, 0.588, 1.0025, 0, 0, 5.9844, 2.3993, 0, 0, 9, 116, 8, 12, 44, 7],
      [1, 2, 0.0007, 0.9995, 0.0404, 0.0275, 0.8638, 0.3165, 0.0005, 1, 4, 1, 3, 1, 4, 2, 0, 2, 3, 1, 5, 2, 1.0001, 2, 4, 4, 1, 3, 1, 0.2376, 0.2488, 0.041, 5.0468e-06, 2, 3, 1.0001, 0.9766, 3, 0.8212, 1.0001, 0.0252, 1, 4, 1, 1, 2, 4, 0.0271, 0.0717, 0, 0, 0.0037, 0, 0, 0, 0.0001, 14, 4.1711e-16, 2, 4, 7.1529e-10]
    ],
    [
      [10, 5, 2.0041, 1.0038, 1.0322, 0.153, 1.9868, 0.108, 3.9555, 14, 10, 6, 12, 8, 13, 4, 0, 4, 6, 3, 11, 8, 2.0002, 4, 6, 4, 6, 3, 3, 1.5975, 0.8834, 0.1459, 5, 18, 6, 1.9934, 1.9846, 3, 1.9896, 2, 0.1507, 7, 8, 4, 3, 3, 5, 0.3018, 0.5611, 0.7514, 0.2926, 2.9982, 0.3318, 0.3719, 0.5338, 1, 28, 11, 8, 48, 8],
      [5, 4.9999, 1, 0.0197, 0.2065, 0.0656, 2.0613, 1.4952, 3.0704, 19, 14, 4, 15, 9, 19, 5, 0, 4, 8, 3.0001, 14, 6, 6.9996, 11, 14, 13, 11, 11, 3, 0.8097, 0.7771, 0.2222, 2, 8, 4, 1.0047, 1.969, 2, 1.995, 2, 0.7753, 6, 16, 9, 10, 12, 10, 0.1298, 0.3654, 0.4918, 0.0647, 2.0049, 0.0673, 0.3574, 0.6729, 3.0001, 50, 12, 7, 36, 7],
      [23, 16.0001, 7.9966, 0.9977, 2.0952, 1.3503, 2.9678, 0.9084, 7.0037, 23, 23, 15, 29, 18, 33, 10, 0, 17, 13, 8.9998, 35, 14, 10.9999, 17, 25, 25, 23, 24, 9, 2.0472, 2.9814, 0.5783, 13, 42, 15, 3.0038, 4.0102, 13, 4.8008, 5, 0.9213, 14, 41, 7, 7, 10, 26, 0.5173, 1.3172, 0.6405, 0.5788, 6.0134, 0.6008, 1.1039, 0.7933, 6, 98, 18, 14, 74, 14],
      [4, 3, 2.9993, 1.9788, 1.666, 1.4311, 0.9841, 0.4884, 1.9703, 5, 4, 3, 6, 3, 6, 4, 0, 3, 3, 3, 5, 2, 2.0002, 2, 5, 5, 3, 4, 3, 0.5456, 0.3581, 0.0536, 2, 5, 3, 1.9981, 1.0362, 4, 1.2146, 2, 0.1527, 3, 6, 2, 3, 2, 4, 0.0512, 0.7563, 0.1163, 0.064, 2.9836, 0, 0.1669, 0, 2.9999, 14, 3, 4, 9, 3]
    ]
  ],
  "V_est": [
    [1960.1393, 2078.696, 4285.1929, 446.9718],
    [2418.4, 3012.3454, 6265.831, 678.4235],
    [2276.6165, 3242.4722, 5875.0242, 635.8872],
    [271.713, 382.8608, 870.7242, 95.7021],
    [335.1313, 415.6256, 882.2277, 171.0154]
  ],
  "p_est": [
    [0.2235, 0.237, 0.4886, 0.051],
    [0.1954, 0.2434, 0.5063, 0.0548],
    [0.1892, 0.2695, 0.4884, 0.0529],
    [0.1676, 0.2362, 0.5371, 0.059],
    [0.1858, 0.2304, 0.489, 0.0948]
  ],
  "EI_Z": {},
  "EI_V": 34.0923,
  "MAE_Z": {},
  "MAE_V": 1247.8116,
  "MAE_p": 0.15,
  "runtime": 0.4446
}
