{
  "Z_true": {},
  "V_true": [
    [55, 94, 137, 2297, 163, 2461, 91],
    [697, 39, 41, 71, 480, 154, 67],
    [404, 239, 238, 420, 8586, 705, 544],
    [81, 283, 294, 1266, 147, 6691, 231],
    [36, 68, 1359, 217, 275, 675, 91],
    [38, 819, 54, 256, 256, 633, 79],
    [69, 28, 38, 50, 357, 152, 393]
  ],
  "p_true": [
    [0.0104, 0.0177, 0.0259, 0.4336, 0.0308, 0.4645, 0.0172],
    [0.45, 0.0252, 0.0265, 0.0458, 0.3099, 0.0994, 0.0433],
    [0.0363, 0.0215, 0.0214, 0.0377, 0.771, 0.0633, 0.0489],
    [0.009, 0.0315, 0.0327, 0.1408, 0.0163, 0.744, 0.0257],
    [0.0132, 0.025, 0.4994, 0.0798, 0.1011, 0.2481, 0.0334],
    [0.0178, 0.3836, 0.0253, 0.1199, 0.1199, 0.2965, 0.037],
    [0.0635, 0.0258, 0.035, 0.046, 0.3284, 0.1398, 0.3615]
  ],
  "Z_est": [
    [
      [0.1352, 4.0222, 0.4732, 1.4534, 1.9266, 5.1038, 3.38, 5.6446, 5.9488, 10.5794, 14.8044, 3.5152, 5.0362, 9.295, 10.5456, 7.9768, 0.507, 8.6866, 4.563, 1.0816, 1.3182, 0.0338, 0.5408, 0.4394, 0.6084, 0.676, 4.6644, 0.4732, 0.3718, 6.4558, 5.1376, 12.506, 8.788, 0.4732, 12.168, 1.2844, 15.4128, 3.042],
      [0.0956, 2.8441, 0.3346, 1.0277, 1.3623, 3.6089, 2.39, 3.9913, 4.2064, 7.4807, 10.4682, 2.4856, 3.5611, 6.5725, 7.4568, 5.6404, 0.3585, 6.1423, 3.2265, 0.7648, 0.9321, 0.0239, 0.3824, 0.3107, 0.4302, 0.478, 3.2982, 0.3346, 0.2629, 4.5649, 3.6328, 8.843, 6.214, 0.3346, 8.604, 0.9082, 10.8984, 2.151],
      [0.1184, 3.5224, 0.4144, 1.2728, 1.6872, 4.4696, 2.96, 4.9432, 5.2096, 9.2648, 12.9648, 3.0784, 4.4104, 8.14, 9.2352, 6.9856, 0.444, 7.6072, 3.996, 0.9472, 1.1544, 0.0296, 0.4736, 0.3848, 0.5328, 0.592, 4.0848, 0.4144, 0.3256, 5.6536, 4.4992, 10.952, 7.696, 0.4144, 10.656, 1.1248, 13.4976, 2.664],
      [2.3156, 68.8891, 8.1046, 24.8927, 32.9973, 87.4139, 57.89, 96.6763, 101.8864, 181.1957, 253.5582, 60.2056, 86.2561, 159.1975, 180.6168, 136.6204, 8.6835, 148.7773, 78.1515, 18.5248, 22.5771, 0.5789, 9.2624, 7.5257, 10.4202, 11.578, 79.8882, 8.1046, 6.3679, 110.5699, 87.9928, 214.193, 150.514, 8.1046, 208.404, 21.9982, 263.9784, 52.101],
      [0.1152, 3.4272, 0.4032, 1.2384, 1.6416, 4.3488, 2.88, 4.8096, 5.0688, 9.0144, 12.6144, 2.9952, 4.2912, 7.92, 8.9856, 6.7968, 0.432, 7.4016, 3.888, 0.9216, 1.1232, 0.0288, 0.4608, 0.3744, 0.5184, 0.576, 3.9744, 0.4032, 0.3168, 5.5008, 4.3776, 10.656, 7.488, 0.4032, 10.368, 1.0944, 13.1328, 2.592],
      [1.1324, 33.6889, 3.9634, 12.1733, 16.1367, 42.7481, 28.31, 47.2777, 49.8256, 88.6103, 123.9978, 29.4424, 42.1819, 77.8525, 88.3272, 66.8116, 4.2465, 72.7567, 38.2185, 9.0592, 11.0409, 0.2831, 4.5296, 3.6803, 5.0958, 5.662, 39.0678, 3.9634, 3.1141, 54.0721, 43.0312, 104.747, 73.606, 3.9634, 101.916, 10.7578, 129.0936, 25.479],
      [0.0872, 2.5942, 0.3052, 0.9374, 1.2426, 3.2918, 2.18, 3.6406, 3.8368, 6.8234, 9.5484, 2.2672, 3.2482, 5.995, 6.8016, 5.1448, 0.327, 5.6026, 2.943, 0.6976, 0.8502, 0.0218, 0.3488, 0.2834, 0.3924, 0.436, 3.0084, 0.3052, 0.2398, 4.1638, 3.3136, 8.066, 5.668, 0.3052, 7.848, 0.8284, 9.9408, 1.962]
    ],
    [
      [3.2186, 9.6558, 2.5289, 7.1269, 7.8166, 7.5867, 7.8166, 11.9548, 6.6671, 11.2651, 25.0591, 9.196, 7.3568, 14.7136, 20.9209, 11.495, 1.1495, 16.093, 8.5063, 6.897, 3.2186, 1.6093, 3.4485, 2.7588, 2.7588, 5.2877, 8.7362, 0, 0.6897, 9.4259, 6.897, 25.0591, 12.8744, 1.3794, 14.7136, 2.7588, 48.7388, 8.7362],
      [1.5596, 4.6788, 1.2254, 3.4534, 3.7876, 3.6762, 3.7876, 5.7928, 3.2306, 5.4586, 12.1426, 4.456, 3.5648, 7.1296, 10.1374, 5.57, 0.557, 7.798, 4.1218, 3.342, 1.5596, 0.7798, 1.671, 1.3368, 1.3368, 2.5622, 4.2332, 0, 0.3342, 4.5674, 3.342, 12.1426, 6.2384, 0.6684, 7.1296, 1.3368, 23.6168, 4.2332],
      [1.799, 5.397, 1.4135, 3.9835, 4.369, 4.2405, 4.369, 6.682, 3.7265, 6.2965, 14.0065, 5.14, 4.112, 8.224, 11.6935, 6.425, 0.6425, 8.995, 4.7545, 3.855, 1.799, 0.8995, 1.9275, 1.542, 1.542, 2.9555, 4.883, 0, 0.3855, 5.2685, 3.855, 14.0065, 7.196, 0.771, 8.224, 1.542, 27.242, 4.883],
      [1.47, 4.41, 1.155, 3.255, 3.57, 3.465, 3.57, 5.46, 3.045, 5.145, 11.445, 4.2, 3.36, 6.72, 9.555, 5.25, 0.525, 7.35, 3.885, 3.15, 1.47, 0.735, 1.575, 1.26, 1.26, 2.415, 3.99, 0, 0.315, 4.305, 3.15, 11.445, 5.88, 0.63, 6.72, 1.26, 22.26, 3.99],
      [1.6814, 5.0442, 1.3211, 3.7231, 4.0834, 3.9633, 4.0834, 6.2452, 3.4829, 5.8849, 13.0909, 4.804, 3.8432, 7.6864, 10.9291, 6.005, 0.6005, 8.407, 4.4437, 3.603, 1.6814, 0.8407, 1.8015, 1.4412, 1.4412, 2.7623, 4.5638, 0, 0.3603, 4.9241, 3.603, 13.0909, 6.7256, 0.7206, 7.6864, 1.4412, 25.4612, 4.5638],
      [2.9848, 8.9544, 2.3452, 6.6092, 7.2488, 7.0356, 7.2488, 11.0864, 6.1828, 10.4468, 23.2388, 8.528, 6.8224, 13.6448, 19.4012, 10.66, 1.066, 14.924, 7.8884, 6.396, 2.9848, 1.4924, 3.198, 2.5584, 2.5584, 4.9036, 8.1016, 0, 0.6396, 8.7412, 6.396, 23.2388, 11.9392, 1.2792, 13.6448, 2.5584, 45.1984, 8.1016],
      [1.2866, 3.8598, 1.0109, 2.8489, 3.1246, 3.0327, 3.1246, 4.7788, 2.6651, 4.5031, 10.0171, 3.676, 2.9408, 5.8816, 8.3629, 4.595, 0.4595, 6.433, 3.4003, 2.757, 1.2866, 0.6433, 1.3785, 1.1028, 1.1028, 2.1137, 3.4922, 0, 0.2757, 3.7679, 2.757, 10.0171, 5.1464, 0.5514, 5.8816, 1.1028, 19.4828, 3.4922]
    ],
    [
      [3.5259, 4.1055, 3.8157, 9.8532, 10.2718, 1.8998, 5.5706, 4.8461, 2.5116, 4.6851, 8.8389, 3.1395, 2.8336, 5.8282, 9.1931, 3.7513, 0.4508, 7.4221, 2.8014, 4.3631, 4.4919, 3.4937, 2.8014, 3.5742, 5.4418, 7.9534, 2.8658, 0.6118, 0.161, 3.542, 1.7388, 8.6135, 3.6064, 2.3667, 6.2146, 1.4007, 18.5311, 2.1735],
      [3.3945, 3.9525, 3.6735, 9.486, 9.889, 1.829, 5.363, 4.6655, 2.418, 4.5105, 8.5095, 3.0225, 2.728, 5.611, 8.8505, 3.6115, 0.434, 7.1455, 2.697, 4.2005, 4.3245, 3.3635, 2.697, 3.441, 5.239, 7.657, 2.759, 0.589, 0.155, 3.41, 1.674, 8.2925, 3.472, 2.2785, 5.983, 1.3485, 17.8405, 2.0925],
      [4.2705, 4.9725, 4.6215, 11.934, 12.441, 2.301, 6.747, 5.8695, 3.042, 5.6745, 10.7055, 3.8025, 3.432, 7.059, 11.1345, 4.5435, 0.546, 8.9895, 3.393, 5.2845, 5.4405, 4.2315, 3.393, 4.329, 6.591, 9.633, 3.471, 0.741, 0.195, 4.29, 2.106, 10.4325, 4.368, 2.8665, 7.527, 1.6965, 22.4445, 2.6325],
      [5.9787, 6.9615, 6.4701, 16.7076, 17.4174, 3.2214, 9.4458, 8.2173, 4.2588, 7.9443, 14.9877, 5.3235, 4.8048, 9.8826, 15.5883, 6.3609, 0.7644, 12.5853, 4.7502, 7.3983, 7.6167, 5.9241, 4.7502, 6.0606, 9.2274, 13.4862, 4.8594, 1.0374, 0.273, 6.006, 2.9484, 14.6055, 6.1152, 4.0131, 10.5378, 2.3751, 31.4223, 3.6855],
      [180.8064, 210.528, 195.6672, 505.2672, 526.7328, 97.4208, 285.6576, 248.5056, 128.7936, 240.2496, 453.2544, 160.992, 145.3056, 298.8672, 471.4176, 192.3648, 23.1168, 380.6016, 143.6544, 223.7376, 230.3424, 179.1552, 143.6544, 183.2832, 279.0528, 407.8464, 146.9568, 31.3728, 8.256, 181.632, 89.1648, 441.696, 184.9344, 121.3632, 318.6816, 71.8272, 950.2656, 111.456],
      [10.9062, 12.699, 11.8026, 30.4776, 31.7724, 5.8764, 17.2308, 14.9898, 7.7688, 14.4918, 27.3402, 9.711, 8.7648, 18.0276, 28.4358, 11.6034, 1.3944, 22.9578, 8.6652, 13.4958, 13.8942, 10.8066, 8.6652, 11.0556, 16.8324, 24.6012, 8.8644, 1.8924, 0.498, 10.956, 5.3784, 26.643, 11.1552, 7.3206, 19.2228, 4.3326, 57.3198, 6.723],
      [10.1397, 11.8065, 10.9731, 28.3356, 29.5394, 5.4634, 16.0198, 13.9363, 7.2228, 13.4733, 25.4187, 9.0285, 8.1488, 16.7606, 26.4373, 10.7879, 1.2964, 21.3443, 8.0562, 12.5473, 12.9177, 10.0471, 8.0562, 10.2786, 15.6494, 22.8722, 8.2414, 1.7594, 0.463, 10.186, 5.0004, 24.7705, 10.3712, 6.8061, 17.8718, 4.0281, 53.2913, 6.2505]
    ],
    [
      [0.153, 2.652, 0.561, 1.207, 1.632, 3.842, 2.856, 5.27, 4.505, 8.092, 12.087, 3.247, 4.335, 8.925, 9.877, 6.664, 0.204, 6.97, 3.723, 1.071, 1.139, 0.153, 0.731, 0.493, 0.663, 0.697, 3.995, 0.748, 0.425, 5.593, 4.301, 12.886, 7.531, 2.822, 7.106, 1.037, 12.24, 2.448],
      [0.1584, 2.7456, 0.5808, 1.2496, 1.6896, 3.9776, 2.9568, 5.456, 4.664, 8.3776, 12.5136, 3.3616, 4.488, 9.24, 10.2256, 6.8992, 0.2112, 7.216, 3.8544, 1.1088, 1.1792, 0.1584, 0.7568, 0.5104, 0.6864, 0.7216, 4.136, 0.7744, 0.44, 5.7904, 4.4528, 13.3408, 7.7968, 2.9216, 7.3568, 1.0736, 12.672, 2.5344],
      [0.1881, 3.2604, 0.6897, 1.4839, 2.0064, 4.7234, 3.5112, 6.479, 5.5385, 9.9484, 14.8599, 3.9919, 5.3295, 10.9725, 12.1429, 8.1928, 0.2508, 8.569, 4.5771, 1.3167, 1.4003, 0.1881, 0.8987, 0.6061, 0.8151, 0.8569, 4.9115, 0.9196, 0.5225, 6.8761, 5.2877, 15.8422, 9.2587, 3.4694, 8.7362, 1.2749, 15.048, 3.0096],
      [0.4743, 8.2212, 1.7391, 3.7417, 5.0592, 11.9102, 8.8536, 16.337, 13.9655, 25.0852, 37.4697, 10.0657, 13.4385, 27.6675, 30.6187, 20.6584, 0.6324, 21.607, 11.5413, 3.3201, 3.5309, 0.4743, 2.2661, 1.5283, 2.0553, 2.1607, 12.3845, 2.3188, 1.3175, 17.3383, 13.3331, 39.9466, 23.3461, 8.7482, 22.0286, 3.2147, 37.944, 7.5888],
      [0.1818, 3.1512, 0.6666, 1.4342, 1.9392, 4.5652, 3.3936, 6.262, 5.353, 9.6152, 14.3622, 3.8582, 5.151, 10.605, 11.7362, 7.9184, 0.2424, 8.282, 4.4238, 1.2726, 1.3534, 0.1818, 0.8686, 0.5858, 0.7878, 0.8282, 4.747, 0.8888, 0.505, 6.6458, 5.1106, 15.3116, 8.9486, 3.3532, 8.4436, 1.2322, 14.544, 2.9088],
      [7.7247, 133.8948, 28.3239, 60.9393, 82.3968, 193.9758, 144.1944, 266.073, 227.4495, 408.5508, 610.2513, 163.9353, 218.8665, 450.6075, 498.6723, 336.4536, 10.2996, 351.903, 187.9677, 54.0729, 57.5061, 7.7247, 36.9069, 24.8907, 33.4737, 35.1903, 201.7005, 37.7652, 21.4575, 282.3807, 217.1499, 650.5914, 380.2269, 142.4778, 358.7694, 52.3563, 617.976, 123.5952],
      [0.1197, 2.0748, 0.4389, 0.9443, 1.2768, 3.0058, 2.2344, 4.123, 3.5245, 6.3308, 9.4563, 2.5403, 3.3915, 6.9825, 7.7273, 5.2136, 0.1596, 5.453, 2.9127, 0.8379, 0.8911, 0.1197, 0.5719, 0.3857, 0.5187, 0.5453, 3.1255, 0.5852, 0.3325, 4.3757, 3.3649, 10.0814, 5.8919, 2.2078, 5.5594, 0.8113, 9.576, 1.9152]
    ],
    [
      [0.5448, 6.81, 1.2258, 2.724, 3.8136, 2.3154, 6.3333, 7.0143, 6.7419, 7.8315, 11.7813, 2.3835, 3.0645, 8.7168, 12.939, 6.3333, 0.3405, 7.8315, 4.0179, 3.8136, 2.1792, 0.9534, 3.0645, 1.6344, 1.7025, 2.4516, 2.9964, 0.2724, 0.1362, 5.8566, 4.9713, 14.9139, 9.1254, 5.2437, 8.172, 1.0896, 12.7347, 1.2258],
      [0.8648, 10.81, 1.9458, 4.324, 6.0536, 3.6754, 10.0533, 11.1343, 10.7019, 12.4315, 18.7013, 3.7835, 4.8645, 13.8368, 20.539, 10.0533, 0.5405, 12.4315, 6.3779, 6.0536, 3.4592, 1.5134, 4.8645, 2.5944, 2.7025, 3.8916, 4.7564, 0.4324, 0.2162, 9.2966, 7.8913, 23.6739, 14.4854, 8.3237, 12.972, 1.7296, 20.2147, 1.9458],
      [2.9488, 36.86, 6.6348, 14.744, 20.6416, 12.5324, 34.2798, 37.9658, 36.4914, 42.389, 63.7678, 12.901, 16.587, 47.1808, 70.034, 34.2798, 1.843, 42.389, 21.7474, 20.6416, 11.7952, 5.1604, 16.587, 8.8464, 9.215, 13.2696, 16.2184, 1.4744, 0.7372, 31.6996, 26.9078, 80.7234, 49.3924, 28.3822, 44.232, 5.8976, 68.9282, 6.6348],
      [0.5808, 7.26, 1.3068, 2.904, 4.0656, 2.4684, 6.7518, 7.4778, 7.1874, 8.349, 12.5598, 2.541, 3.267, 9.2928, 13.794, 6.7518, 0.363, 8.349, 4.2834, 4.0656, 2.3232, 1.0164, 3.267, 1.7424, 1.815, 2.6136, 3.1944, 0.2904, 0.1452, 6.2436, 5.2998, 15.8994, 9.7284, 5.5902, 8.712, 1.1616, 13.5762, 1.3068],
      [0.6536, 8.17, 1.4706, 3.268, 4.5752, 2.7778, 7.5981, 8.4151, 8.0883, 9.3955, 14.1341, 2.8595, 3.6765, 10.4576, 15.523, 7.5981, 0.4085, 9.3955, 4.8203, 4.5752, 2.6144, 1.1438, 3.6765, 1.9608, 2.0425, 2.9412, 3.5948, 0.3268, 0.1634, 7.0262, 5.9641, 17.8923, 10.9478, 6.2909, 9.804, 1.3072, 15.2779, 1.4706],
      [1.8232, 22.79, 4.1022, 9.116, 12.7624, 7.7486, 21.1947, 23.4737, 22.5621, 26.2085, 39.4267, 7.9765, 10.2555, 29.1712, 43.301, 21.1947, 1.1395, 26.2085, 13.4461, 12.7624, 7.2928, 3.1906, 10.2555, 5.4696, 5.6975, 8.2044, 10.0276, 0.9116, 0.4558, 19.5994, 16.6367, 49.9101, 30.5386, 17.5483, 27.348, 3.6464, 42.6173, 4.1022],
      [0.584, 7.3, 1.314, 2.92, 4.088, 2.482, 6.789, 7.519, 7.227, 8.395, 12.629, 2.555, 3.285, 9.344, 13.87, 6.789, 0.365, 8.395, 4.307, 4.088, 2.336, 1.022, 3.285, 1.752, 1.825, 2.628, 3.212, 0.292, 0.146, 6.278, 5.329, 15.987, 9.782, 5.621, 8.76, 1.168, 13.651, 1.314]
    ],
    [
      [0.1692, 6.2604, 1.6074, 1.692, 2.1996, 5.5836, 6.4296, 7.614, 6.5142, 8.9676, 14.2128, 4.4838, 3.4686, 10.4904, 14.805, 7.191, 0.2538, 5.5836, 2.538, 2.3688, 1.3536, 0.1692, 1.0152, 1.1844, 1.4382, 1.9458, 4.1454, 0.5076, 0.423, 5.499, 3.1302, 12.7746, 7.0218, 0.6768, 8.7138, 0.846, 16.6662, 0.6768],
      [0.5194, 19.2178, 4.9343, 5.194, 6.7522, 17.1402, 19.7372, 23.373, 19.9969, 27.5282, 43.6296, 13.7641, 10.6477, 32.2028, 45.4475, 22.0745, 0.7791, 17.1402, 7.791, 7.2716, 4.1552, 0.5194, 3.1164, 3.6358, 4.4149, 5.9731, 12.7253, 1.5582, 1.2985, 16.8805, 9.6089, 39.2147, 21.5551, 2.0776, 26.7491, 2.597, 51.1609, 2.0776],
      [0.2198, 8.1326, 2.0881, 2.198, 2.8574, 7.2534, 8.3524, 9.891, 8.4623, 11.6494, 18.4632, 5.8247, 4.5059, 13.6276, 19.2325, 9.3415, 0.3297, 7.2534, 3.297, 3.0772, 1.7584, 0.2198, 1.3188, 1.5386, 1.8683, 2.5277, 5.3851, 0.6594, 0.5495, 7.1435, 4.0663, 16.5949, 9.1217, 0.8792, 11.3197, 1.099, 21.6503, 0.8792],
      [0.2742, 10.1454, 2.6049, 2.742, 3.5646, 9.0486, 10.4196, 12.339, 10.5567, 14.5326, 23.0328, 7.2663, 5.6211, 17.0004, 23.9925, 11.6535, 0.4113, 9.0486, 4.113, 3.8388, 2.1936, 0.2742, 1.6452, 1.9194, 2.3307, 3.1533, 6.7179, 0.8226, 0.6855, 8.9115, 5.0727, 20.7021, 11.3793, 1.0968, 14.1213, 1.371, 27.0087, 1.0968],
      [0.1588, 5.8756, 1.5086, 1.588, 2.0644, 5.2404, 6.0344, 7.146, 6.1138, 8.4164, 13.3392, 4.2082, 3.2554, 9.8456, 13.895, 6.749, 0.2382, 5.2404, 2.382, 2.2232, 1.2704, 0.1588, 0.9528, 1.1116, 1.3498, 1.8262, 3.8906, 0.4764, 0.397, 5.161, 2.9378, 11.9894, 6.5902, 0.6352, 8.1782, 0.794, 15.6418, 0.6352],
      [0.5116, 18.9292, 4.8602, 5.116, 6.6508, 16.8828, 19.4408, 23.022, 19.6966, 27.1148, 42.9744, 13.5574, 10.4878, 31.7192, 44.765, 21.743, 0.7674, 16.8828, 7.674, 7.1624, 4.0928, 0.5116, 3.0696, 3.5812, 4.3486, 5.8834, 12.5342, 1.5348, 1.279, 16.627, 9.4646, 38.6258, 21.2314, 2.0464, 26.3474, 2.558, 50.3926, 2.0464],
      [0.147, 5.439, 1.3965, 1.47, 1.911, 4.851, 5.586, 6.615, 5.6595, 7.791, 12.348, 3.8955, 3.0135, 9.114, 12.8625, 6.2475, 0.2205, 4.851, 2.205, 2.058, 1.176, 0.147, 0.882, 1.029, 1.2495, 1.6905, 3.6015, 0.441, 0.3675, 4.7775, 2.7195, 11.0985, 6.1005, 0.588, 7.5705, 0.735, 14.4795, 0.588]
    ],
    [
      [1.524, 4.7244, 3.048, 3.81, 7.9248, 1.524, 5.0292, 5.334, 3.048, 5.4864, 8.2296, 4.4196, 2.286, 4.8768, 14.478, 3.3528, 0.3048, 6.2484, 4.1148, 4.7244, 4.4196, 1.2192, 3.2004, 3.9624, 4.4196, 6.4008, 3.6576, 0.762, 0.1524, 2.286, 1.524, 6.7056, 3.3528, 3.6576, 4.4196, 0.762, 18.8976, 1.3716],
      [0.987, 3.0597, 1.974, 2.4675, 5.1324, 0.987, 3.2571, 3.4545, 1.974, 3.5532, 5.3298, 2.8623, 1.4805, 3.1584, 9.3765, 2.1714, 0.1974, 4.0467, 2.6649, 3.0597, 2.8623, 0.7896, 2.0727, 2.5662, 2.8623, 4.1454, 2.3688, 0.4935, 0.0987, 1.4805, 0.987, 4.3428, 2.1714, 2.3688, 2.8623, 0.4935, 12.2388, 0.8883],
      [1.597, 4.9507, 3.194, 3.9925, 8.3044, 1.597, 5.2701, 5.5895, 3.194, 5.7492, 8.6238, 4.6313, 2.3955, 5.1104, 15.1715, 3.5134, 0.3194, 6.5477, 4.3119, 4.9507, 4.6313, 1.2776, 3.3537, 4.1522, 4.6313, 6.7074, 3.8328, 0.7985, 0.1597, 2.3955, 1.597, 7.0268, 3.5134, 3.8328, 4.6313, 0.7985, 19.8028, 1.4373],
      [0.655, 2.0305, 1.31, 1.6375, 3.406, 0.655, 2.1615, 2.2925, 1.31, 2.358, 3.537, 1.8995, 0.9825, 2.096, 6.2225, 1.441, 0.131, 2.6855, 1.7685, 2.0305, 1.8995, 0.524, 1.3755, 1.703, 1.8995, 2.751, 1.572, 0.3275, 0.0655, 0.9825, 0.655, 2.882, 1.441, 1.572, 1.8995, 0.3275, 8.122, 0.5895],
      [1.578, 4.8918, 3.156, 3.945, 8.2056, 1.578, 5.2074, 5.523, 3.156, 5.6808, 8.5212, 4.5762, 2.367, 5.0496, 14.991, 3.4716, 0.3156, 6.4698, 4.2606, 4.8918, 4.5762, 1.2624, 3.3138, 4.1028, 4.5762, 6.6276, 3.7872, 0.789, 0.1578, 2.367, 1.578, 6.9432, 3.4716, 3.7872, 4.5762, 0.789, 19.5672, 1.4202],
      [1.216, 3.7696, 2.432, 3.04, 6.3232, 1.216, 4.0128, 4.256, 2.432, 4.3776, 6.5664, 3.5264, 1.824, 3.8912, 11.552, 2.6752, 0.2432, 4.9856, 3.2832, 3.7696, 3.5264, 0.9728, 2.5536, 3.1616, 3.5264, 5.1072, 2.9184, 0.608, 0.1216, 1.824, 1.216, 5.3504, 2.6752, 2.9184, 3.5264, 0.608, 15.0784, 1.0944],
      [2.443, 7.5733, 4.886, 6.1075, 12.7036, 2.443, 8.0619, 8.5505, 4.886, 8.7948, 13.1922, 7.0847, 3.6645, 7.8176, 23.2085, 5.3746, 0.4886, 10.0163, 6.5961, 7.5733, 7.0847, 1.9544, 5.1303, 6.3518, 7.0847, 10.2606, 5.8632, 1.2215, 0.2443, 3.6645, 2.443, 10.7492, 5.3746, 5.8632, 7.0847, 1.2215, 30.2932, 2.1987]
    ]
  ],
  "V_est": [
    [179.0724, 126.6222, 156.8208, 3067.0122, 152.5824, 1499.8638, 115.4964],
    [356.1151, 172.5586, 199.0465, 162.645, 186.0349, 330.2468, 142.3531],
    [179.2896, 172.608, 217.152, 304.0128, 9193.8816, 554.5728, 515.5968],
    [152.881, 158.2768, 187.9537, 473.9311, 181.6586, 7718.6919, 119.6069],
    [185.3001, 294.1401, 1002.9606, 197.5446, 222.3057, 620.1159, 198.633],
    [180.621, 554.4595, 234.6365, 292.7085, 169.519, 546.133, 156.9225],
    [165.6588, 107.2869, 173.5939, 71.1985, 171.5286, 132.1792, 265.5541]
  ],
  "p_est": [
    [0.0338, 0.0239, 0.0296, 0.5789, 0.0288, 0.2831, 0.0218],
    [0.2299, 0.1114, 0.1285, 0.105, 0.1201, 0.2132, 0.0919],
    [0.0161, 0.0155, 0.0195, 0.0273, 0.8256, 0.0498, 0.0463],
    [0.017, 0.0176, 0.0209, 0.0527, 0.0202, 0.8583, 0.0133],
    [0.0681, 0.1081, 0.3686, 0.0726, 0.0817, 0.2279, 0.073],
    [0.0846, 0.2597, 0.1099, 0.1371, 0.0794, 0.2558, 0.0735],
    [0.1524, 0.0987, 0.1597, 0.0655, 0.1578, 0.1216, 0.2443]
  ],
  "EI_Z": {},
  "EI_V": 13.9779,
  "MAE_Z": {},
  "MAE_V": 187.812,
  "MAE_p": 0.0597,
  "runtime": 213.545
}
