{
  "Z_true": {},
  "V_true": [
    [614, 69, 2153, 571],
    [73, 510, 780, 786],
    [237, 5627, 5800, 616],
    [3122, 72, 4719, 270],
    [260, 189, 998, 198],
    [46, 41, 4247, 46],
    [88, 313, 658, 505]
  ],
  "p_true": [
    [0.1802, 0.0203, 0.6319, 0.1676],
    [0.034, 0.2373, 0.363, 0.3658],
    [0.0193, 0.4582, 0.4723, 0.0502],
    [0.3815, 0.0088, 0.5767, 0.033],
    [0.1581, 0.1149, 0.6067, 0.1204],
    [0.0105, 0.0094, 0.9696, 0.0105],
    [0.0563, 0.2001, 0.4207, 0.3229]
  ],
  "Z_est": [
    [
      [13.4473, 15.786, 30.9873, 35.6646, 136.8116, 8.1853, 1.1693, 39.1726, 0.5847, 10.524, 67.8212, 14.032, 97.6391, 59.0512, 56.1279, 43.2652, 69.5751, 199.9555, 41.6141, 46.7732, 2.9233, 18.1246, 80.6838, 31.5719, 23.9344, 56.1279, 12.8626, 164.8756, 40.3419, 11.3373, 37.4186, 6.4313, 1.754, 0, 8.77, 29.8179, 11.6933, 17.54, 30.9873, 46.1885, 33.3822, 1.754, 136.8116, 19.2939, 142.6583, 42.0959],
      [0.1785, 0.2095, 0.4113, 0.4733, 1.8158, 0.1086, 0.0155, 0.5199, 0.0078, 0.1397, 0.9001, 0.1862, 1.2959, 4.9345, 0.7449, 0.5742, 0.9234, 2.6539, 0.5432, 0.6208, 0.0388, 0.2406, 1.0709, 0.419, 0.2949, 0.7449, 0.1707, 2.1883, 0.5354, 0.1397, 0.4966, 0.0854, 0.0233, 0, 0.1164, 0.3958, 0.1552, 0.2328, 0.4113, 0.613, 0.4113, 0.0233, 1.8158, 0.2561, 1.8934, 0.5587],
      [8.3349, 9.7845, 19.2066, 22.1057, 95.2155, 5.0734, 0.7248, 24.28, 0.3624, 6.523, 42.037, 8.6973, 60.5188, 36.6012, 34.7892, 26.8167, 43.1242, 123.9367, 25.3672, 28.991, 1.8119, 11.234, 50.0095, 19.569, 13.7707, 34.7892, 7.9725, 102.1934, 25.0048, 6.523, 23.1928, 3.9863, 1.0872, 0, 5.4358, 20.7863, 7.2478, 10.8716, 19.2066, 28.6287, 19.2066, 1.0872, 84.7988, 11.9588, 88.4227, 26.0919],
      [1.0393, 1.2201, 2.3949, 2.7564, 0.1571, 0.6326, 0.0904, 3.0275, 0.0452, 0.8134, 5.2417, 1.0845, 7.5462, 0.4131, 4.338, 3.3438, 5.3773, 15.454, 2.4756, 3.615, 0.2259, 1.4008, 6.2358, 2.4401, 0, 4.338, 0.9941, 12.7428, 3.1179, 0, 2.892, 0.4971, 0.1356, 0, 0.6778, 0, 0.9037, 1.3556, 2.3949, 3.5698, 0, 0.1356, 10.5738, 1.4912, 11.0256, 3.2535]
    ],
    [
      [0.7409, 4.0749, 4.6306, 3.334, 5.9272, 0, 0, 1.7596, 0.0926, 1.0187, 9.2612, 1.7596, 9.2612, 7.409, 3.4267, 4.3528, 3.7971, 13.4288, 2.6858, 5.8346, 0.3704, 1.1113, 6.4829, 3.334, 3.334, 7.0385, 2.5005, 22.8753, 4.9085, 2.7269, 2.871, 0.523, 0.4631, 0.1852, 0.9261, 1.7596, 1.0187, 2.0375, 3.9823, 3.334, 4.4454, 0.0926, 9.3539, 2.871, 22.0418, 4.6306],
      [3.7461, 20.6035, 23.413, 16.8574, 29.9687, 9.8335, 0, 8.897, 0.4683, 5.1509, 46.8261, 8.897, 46.8261, 37.4609, 17.3257, 22.0083, 19.1987, 67.8978, 13.5796, 29.5004, 1.873, 5.6191, 32.7783, 16.8574, 16.8574, 35.5878, 12.643, 115.6605, 24.8178, 5.1509, 14.5161, 6.5557, 2.8311, 0.9365, 4.6826, 8.897, 5.1509, 10.3017, 20.1352, 16.8574, 23.0691, 0.4683, 47.2944, 14.5161, 111.4461, 23.413],
      [0.1457, 0.8012, 0.9104, 0.6555, 1.1654, 2.3272, 0, 0.346, 0.0182, 0.2003, 1.8209, 0.346, 1.8209, 1.4567, 0.6737, 0.8558, 0.7466, 2.6403, 0.5281, 1.1471, 0.0728, 0.2185, 1.2746, 0.6555, 0.6555, 1.3839, 0.4916, 4.4975, 0.9651, 0.2003, 0.5645, 0.2549, 0.091, 0.0364, 0.1821, 4.8875, 0.2003, 0.4006, 0.783, 0.6555, 0.874, 0.0182, 1.8391, 0.5645, 4.3337, 0.9104],
      [3.3673, 18.5204, 21.0459, 15.153, 26.9387, 8.8393, 0, 7.9974, 0.4209, 4.6301, 42.0918, 7.9974, 42.0918, 33.6734, 15.574, 19.7831, 17.2576, 61.0331, 12.2066, 26.5178, 1.6837, 5.051, 29.4643, 15.153, 15.153, 31.9898, 11.3648, 103.9667, 22.3086, 2.9219, 13.0485, 6.6664, 1.6148, 0.8418, 4.2092, 3.4559, 4.6301, 9.2602, 18.0995, 15.153, 19.6115, 0.4209, 42.5127, 13.0485, 100.1785, 21.0459]
    ],
    [
      [1.8153, 0, 9.0094, 2.137, 25.1424, 0, 0, 13.3034, 0.4621, 0, 29.2498, 6.3408, 36.3982, 1.2102, 0, 13.0571, 8.8498, 34.8281, 6.5806, 14.4173, 4.9218, 8.3681, 58.6192, 15.1888, 18.4553, 29.0968, 5.8218, 78.6478, 18.0425, 2.788, 0, 0, 1.2548, 0.9947, 6.8374, 5.9906, 0, 5.9847, 19.2041, 13.5014, 20.8088, 7.876, 15.3252, 0, 39.9346, 0],
      [18.0916, 37.1516, 25.7769, 91.5954, 182.5165, 20.0454, 52.8757, 51.7883, 2.524, 20.9532, 271.3768, 47.2514, 256.1609, 273.1249, 138.2367, 91.464, 88.1963, 292.6402, 55.979, 109.8777, 20.767, 58.0296, 272.5551, 153.3354, 140.6046, 258.9706, 65.592, 459.6948, 160.1927, 15.8301, 128.9104, 16.7347, 14.5253, 2.0297, 48.7861, 51.229, 35.6469, 112.393, 164.328, 105.4556, 176.0943, 28.454, 362.0714, 62.0977, 399.8624, 102.6696],
      [18.7222, 38.6361, 50.3305, 91.6094, 346.3411, 30.5992, 25.5125, 65.0596, 2.8083, 18.5897, 227.704, 43.9994, 238.5001, 310.6648, 219.5908, 106.9732, 91.2707, 307.9802, 82.4405, 71.0438, 19.3112, 41.8617, 146.1288, 245.4758, 194.9401, 285.1807, 77.5862, 298.3387, 103.1316, 16.3819, 234.0896, 15.3948, 11.2199, 1.901, 48.9911, 74.7804, 47.0159, 82.8075, 167.0879, 121.5496, 154.0968, 34.168, 388.6034, 67.9023, 335.5477, 106.2485],
      [1.3709, 14.2123, 13.8832, 10.6582, 0, 1.3554, 0.6119, 8.8487, 0.2056, 9.457, 41.6694, 10.4084, 8.9408, 0, 5.1724, 7.5057, 6.6832, 22.5515, 0, 23.6611, 0, 6.7405, 33.6969, 0, 0, 5.7519, 0, 34.3188, 16.6332, 0, 0, 4.8705, 0, 1.0747, 12.3854, 0, 1.3372, 10.8148, 3.38, 0.4933, 0, 2.5019, 0, 0, 107.6553, 18.0819]
    ],
    [
      [0.8812, 13.0085, 17.2219, 24.6027, 82.6128, 3.7471, 0.7647, 32.5986, 1.8607, 5.408, 60.8917, 14.7616, 73.1931, 47.7703, 46.9994, 52.0757, 58.5539, 173.1086, 35.963, 26.6529, 4.2921, 10.2511, 62.5319, 33.4187, 29.9333, 47.1552, 15.5817, 135.725, 36.289, 18.1304, 35.3849, 0, 2.4849, 0.8201, 16.4018, 19.2939, 7.2358, 18.247, 33.4187, 43.6698, 38.9543, 29.192, 99.641, 15.6887, 108.0469, 13.0846],
      [8.7171, 0.5579, 0.7101, 1.0144, 0, 0.1691, 1.37, 0, 0, 0.2282, 2.5107, 0.6087, 3.0179, 6.8344, 2.1049, 0, 1.9398, 0, 0, 1.099, 0.1606, 0.4227, 2.5783, 1.3779, 1.2342, 1.9443, 0.6425, 5.5962, 1.4963, 2.7729, 1.4878, 2.0967, 0.093, 0.0338, 0.6763, 0, 0.4142, 0.7524, 1.3779, 1.8006, 5.5731, 0, 4.1084, 0.6509, 4.455, 0.9343],
      [25.6763, 50.5326, 64.3142, 91.8774, 496.3872, 15.6662, 7.6565, 105.212, 3.8111, 20.6724, 227.3967, 55.1265, 273.3354, 178.3954, 194.6969, 195.5326, 178.8973, 568.8329, 131.037, 99.5339, 14.5473, 38.2823, 233.5218, 126.0653, 114.8325, 176.0984, 59.7758, 506.8572, 135.5192, 30.0967, 137.7831, 12.2503, 8.4221, 3.0626, 61.2516, 137.7061, 40.3269, 68.1424, 124.8002, 163.0825, 145.4726, 27.334, 373.4134, 59.7583, 403.4951, 85.6446],
      [5.7253, 1.901, 1.7538, 2.5054, 0, 0.4176, 0.2088, 21.1894, 2.3283, 0.6914, 6.2009, 1.5033, 7.4536, 0, 5.1987, 6.3917, 4.609, 27.0585, 0, 2.7142, 0, 1.0439, 6.3679, 2.1381, 0, 4.8021, 0, 13.8216, 3.6955, 0, 1.3442, 1.6529, 0, 0.0835, 1.6703, 0, 1.023, 1.8582, 3.4032, 4.4471, 0, 19.474, 8.8372, 0.9021, 11.003, 4.3364]
    ],
    [
      [0.0231, 0.0231, 0.0279, 0.0388, 0.091, 0.0061, 0.0121, 0.0352, 0, 0.0109, 0.0922, 0.0291, 0.0934, 0.0752, 0.0388, 0.034, 0.0243, 0.1104, 0.0182, 0.0376, 0.4278, 0.0218, 0.0983, 0.0485, 0.051, 0.0898, 0.0182, 0.0849, 0.057, 0.0097, 0.0643, 0.0073, 0.0049, 0, 0.0109, 0.0303, 0.0061, 0.0218, 0.0619, 0.0679, 0.0558, 0.0085, 0.1614, 0.0388, 0.1274, 0.0121],
      [0.0026, 0.0026, 0.0031, 0.0044, 0.0102, 0.0007, 0.0014, 0.004, 0, 0.0012, 0.0104, 0.0033, 0.0105, 0.0084, 0.0044, 0.0038, 0.0027, 0.0124, 0.002, 0.0042, 0.0018, 0.0025, 0.011, 0.0054, 0.0057, 0.0101, 0.002, 0.0095, 0.0064, 0.0011, 0.0072, 0.0008, 0.0005, 0, 0.0012, 0.0034, 0.0007, 0.0025, 0.0069, 0.0076, 0.0063, 0.001, 0.0181, 0.0044, 0.0143, 0.0014],
      [18.3722, 18.3722, 22.2401, 30.9427, 72.522, 4.8348, 9.6696, 28.0418, 0, 8.7026, 73.4889, 23.207, 74.4559, 59.9515, 30.9427, 27.0749, 19.3392, 87.9933, 14.5044, 29.9757, 12.5705, 17.4053, 78.3237, 38.6784, 41.9433, 71.555, 14.5044, 67.6872, 45.4471, 7.7357, 51.2488, 5.8018, 3.8678, 0, 8.7026, 24.9663, 4.8348, 17.4053, 49.3149, 54.1497, 44.4801, 6.7687, 128.6056, 30.9427, 101.5307, 9.6696],
      [0.6021, 0.6021, 0.7289, 1.0141, 2.3768, 0.1585, 0.3169, 0.919, 0, 0.2852, 2.4085, 0.7606, 2.4402, 1.9649, 1.0141, 0.8874, 0.6338, 2.8839, 0.4754, 0.9824, 0, 0.5704, 2.567, 1.2676, 0, 2.3451, 0.4754, 2.2184, 1.4895, 0.2535, 1.6796, 0.1901, 0.1268, 0, 0.2852, 0, 0.1585, 0.5704, 1.6163, 1.7747, 1.4578, 0.2218, 4.2149, 1.0141, 3.3276, 0.3169]
    ],
    [
      [0, 0, 0, 0, 0, 0, 0, 0, 0, 0, 0, 0, 0, 0, 0, 0, 0, 0, 0, 0, 0, 0, 0, 0, 0, 0, 0, 0, 0, 0, 0, 0, 0, 0, 0, 0, 0, 0, 0, 0, 0, 0, 0, 0, 0, 0],
      [0, 0, 0, 0, 0, 0, 0, 0, 0, 0, 0, 0, 0, 0, 0, 0, 0, 0, 0, 0, 0, 0, 0, 0, 0, 0, 0, 0, 0, 0, 0, 0, 0, 0, 0, 0, 0, 0, 0, 0, 0, 0, 0, 0, 0, 0],
      [16, 27, 27, 65, 290, 14, 20, 33, 3, 14, 233, 58, 183, 211, 190, 82, 78, 227, 50, 70, 15, 37, 138, 163, 125, 183, 50, 230, 101, 8, 185, 11, 7, 1, 65, 97, 27, 51, 147, 139, 108, 14, 228, 39, 279, 41],
      [0, 0, 0, 0, 0, 0, 0, 0, 0, 0, 0, 0, 0, 0, 0, 0, 0, 0, 0, 0, 0, 0, 0, 0, 0, 0, 0, 0, 0, 0, 0, 0, 0, 0, 0, 0, 0, 0, 0, 0, 0, 0, 0, 0, 0, 0]
    ],
    [
      [0.0922, 0.1076, 0.1229, 0.2228, 0.415, 0.0615, 0.0538, 0.1306, 0, 0.0384, 0.6839, 0.0768, 0.415, 0.4841, 0.4073, 0.2152, 0.1998, 0.5686, 0.1383, 0.2843, 2.0645, 0.1229, 0.584, 0.438, 0.292, 0.4918, 0.2152, 0.7915, 0.3612, 0.0077, 0.2613, 0.0384, 0.0384, 0, 0.0538, 0.1076, 0.0461, 0.1691, 0.3458, 0.2382, 0.3535, 0.0768, 0.707, 0.1076, 1.1911, 0.1767],
      [1.2642, 1.4749, 1.6856, 3.0551, 5.6887, 0.8428, 0.7374, 1.7909, 0, 0.5267, 9.3759, 1.0535, 5.6887, 6.6369, 5.5834, 2.9497, 2.739, 7.7957, 1.8962, 3.8978, 1.1588, 1.6856, 8.0064, 6.0048, 4.0032, 6.7422, 2.9497, 10.8508, 4.9513, 0.1053, 3.5818, 0.5267, 0.5267, 0, 0.7374, 1.4749, 0.6321, 2.3176, 4.7406, 3.2658, 4.846, 1.0535, 9.6919, 1.4749, 16.3288, 2.423],
      [0.7487, 0.8734, 0.9982, 1.8092, 3.3689, 0.4991, 0.4367, 1.0606, 0, 0.3119, 5.5525, 0.6239, 3.3689, 3.9304, 3.3065, 1.7469, 1.6221, 4.6167, 1.123, 2.3083, 0.6863, 0.9982, 4.7415, 3.5561, 9.8578, 3.9928, 5.6694, 6.4259, 2.9322, 0.0624, 2.1212, 0.3119, 0.3119, 0, 0.4367, 0.8734, 0.3743, 1.3725, 2.8074, 1.934, 2.8698, 0.6239, 5.7397, 0.8734, 9.6701, 1.4349],
      [9.895, 11.5441, 13.1933, 23.9128, 44.5274, 6.5966, 5.7721, 14.0179, 0, 4.1229, 73.3877, 8.2458, 44.5274, 51.9486, 43.7028, 23.0883, 21.4391, 61.019, 14.8425, 30.5095, 7.0904, 13.1933, 62.6681, 47.0011, 23.847, 52.7732, 19.1657, 84.9318, 38.7553, 0.8246, 28.0357, 4.1229, 4.1229, 0, 5.7721, 11.5441, 4.9475, 18.1408, 37.1061, 25.562, 37.9307, 8.2458, 75.8614, 11.5441, 127.81, 18.9654]
    ]
  ],
  "V_est": [
    [1997.567, 30.5885, 1247.3771, 131.4674],
    [198.0139, 1007.3753, 45.6168, 897.994],
    [580.4636, 5544.4866, 5708.1176, 446.9322],
    [1647.5495, 73.5625, 6272.133, 189.755],
    [2.4077, 0.2241, 1592.7715, 49.5967],
    [0, 0, 4380, 0],
    [13.9983, 164.763, 108.984, 1276.2546]
  ],
  "p_est": [
    [0.5863, 0.009, 0.3661, 0.0386],
    [0.0921, 0.4688, 0.0212, 0.4179],
    [0.0473, 0.4515, 0.4648, 0.0364],
    [0.2013, 0.009, 0.7665, 0.0232],
    [0.0015, 0.0001, 0.9683, 0.0301],
    [0, 0, 1, 0],
    [0.009, 0.1053, 0.0697, 0.816]
  ],
  "EI_Z": {},
  "EI_V": 16.4102,
  "MAE_Z": {},
  "MAE_V": 393.9382,
  "MAE_p": 0.1322,
  "runtime": 2.0695
}
