{
  "X": [
    [12, 20, 23, 61, 80, 5],
    [11, 17, 34, 115, 61, 7],
    [7, 45, 57, 127, 131, 5],
    [8, 39, 49, 129, 142, 2],
    [5, 19, 40, 105, 109, 5],
    [6, 39, 37, 156, 151, 7],
    [11, 30, 17, 93, 151, 7],
    [26, 38, 26, 148, 201, 8],
    [9, 25, 26, 97, 80, 8],
    [14, 37, 22, 83, 77, 2],
    [13, 27, 16, 64, 109, 6],
    [6, 21, 13, 65, 96, 5],
    [15, 40, 41, 121, 140, 1],
    [10, 23, 24, 88, 127, 6],
    [12, 24, 40, 101, 126, 4],
    [7, 7, 5, 56, 130, 2],
    [6, 7, 15, 66, 112, 4],
    [9, 16, 20, 118, 133, 5],
    [7, 21, 8, 99, 174, 1],
    [5, 30, 32, 132, 203, 7],
    [23, 39, 61, 145, 223, 8],
    [63, 491, 952, 1272, 1518, 43],
    [5, 51, 76, 46, 130, 1],
    [10, 48, 77, 58, 96, 2],
    [6, 56, 60, 70, 100, 5],
    [4, 40, 54, 80, 87, 2],
    [13, 30, 43, 65, 104, 2],
    [6, 28, 15, 68, 122, 5],
    [7, 47, 100, 50, 84, 1],
    [7, 58, 120, 56, 116, 3],
    [14, 48, 101, 74, 110, 0],
    [16, 47, 87, 75, 75, 1],
    [15, 33, 54, 61, 96, 3],
    [4, 49, 59, 48, 82, 2],
    [9, 33, 51, 47, 103, 0],
    [21, 66, 134, 87, 149, 1],
    [4, 39, 94, 94, 124, 7],
    [4, 50, 93, 83, 117, 1],
    [6, 44, 83, 121, 112, 3],
    [6, 86, 103, 68, 141, 3],
    [5, 42, 75, 58, 122, 1],
    [9, 66, 94, 79, 161, 5],
    [3, 16, 39, 77, 67, 0],
    [15, 15, 15, 107, 101, 7],
    [13, 30, 14, 111, 137, 6],
    [11, 18, 10, 93, 79, 2],
    [3, 39, 44, 112, 99, 4],
    [7, 39, 34, 162, 123, 6],
    [7, 45, 28, 139, 107, 4],
    [6, 59, 41, 149, 146, 3],
    [7, 15, 12, 89, 77, 2],
    [11, 21, 7, 97, 99, 3],
    [15, 28, 28, 131, 130, 5],
    [25, 26, 13, 149, 165, 4],
    [11, 31, 39, 168, 136, 5],
    [12, 24, 29, 127, 82, 0],
    [20, 32, 24, 154, 136, 7],
    [34, 33, 26, 129, 185, 4],
    [16, 21, 18, 160, 146, 7],
    [10, 32, 34, 121, 120, 3],
    [22, 49, 27, 142, 123, 9],
    [12, 55, 45, 169, 129, 3],
    [16, 36, 53, 65, 124, 5],
    [10, 30, 44, 79, 114, 0],
    [8, 19, 52, 77, 104, 6],
    [7, 31, 34, 73, 74, 3],
    [20, 51, 67, 116, 184, 3],
    [9, 26, 48, 87, 116, 2],
    [11, 22, 50, 61, 119, 2],
    [12, 36, 68, 61, 75, 2],
    [8, 37, 68, 39, 58, 0],
    [7, 39, 124, 75, 97, 5],
    [5, 38, 63, 148, 111, 5],
    [8, 36, 45, 132, 87, 2],
    [5, 41, 48, 120, 115, 3],
    [14, 29, 10, 134, 153, 2],
    [11, 26, 12, 145, 117, 4],
    [14, 20, 17, 151, 101, 3],
    [19, 25, 27, 142, 141, 1],
    [17, 21, 14, 134, 173, 5],
    [23, 40, 34, 183, 167, 4],
    [12, 12, 11, 117, 108, 2],
    [5, 20, 32, 120, 122, 4],
    [9, 36, 29, 140, 88, 2],
    [1, 34, 18, 100, 130, 2],
    [7, 36, 75, 110, 65, 2]
  ],
  "W": [
    [13, 18, 67, 62, 41],
    [13, 23, 54, 105, 50],
    [30, 44, 123, 100, 75],
    [27, 42, 125, 119, 56],
    [21, 37, 89, 89, 47],
    [27, 30, 132, 146, 61],
    [19, 17, 125, 79, 69],
    [27, 18, 168, 127, 107],
    [13, 22, 61, 92, 57],
    [28, 20, 70, 69, 48],
    [19, 17, 77, 59, 63],
    [19, 13, 74, 66, 34],
    [30, 35, 102, 118, 73],
    [12, 21, 107, 73, 65],
    [20, 33, 112, 92, 50],
    [6, 3, 109, 47, 42],
    [9, 11, 93, 52, 45],
    [13, 15, 119, 101, 53],
    [16, 6, 144, 91, 53],
    [15, 28, 187, 125, 54],
    [29, 47, 171, 132, 120],
    [421, 892, 1104, 1192, 730],
    [54, 69, 90, 53, 43],
    [43, 75, 60, 68, 45],
    [52, 56, 70, 70, 49],
    [39, 54, 61, 75, 38],
    [24, 42, 83, 64, 44],
    [21, 15, 106, 67, 35],
    [37, 108, 52, 49, 43],
    [60, 112, 71, 67, 50],
    [51, 103, 62, 72, 59],
    [42, 89, 50, 77, 43],
    [24, 58, 67, 66, 47],
    [41, 54, 52, 57, 40],
    [26, 54, 72, 49, 42],
    [66, 132, 108, 90, 62],
    [31, 99, 92, 98, 42],
    [38, 89, 83, 83, 55],
    [33, 79, 81, 123, 53],
    [77, 87, 117, 70, 56],
    [38, 76, 92, 62, 35],
    [54, 89, 130, 85, 56],
    [15, 41, 43, 80, 23],
    [8, 8, 78, 100, 66],
    [16, 8, 123, 97, 67],
    [11, 10, 68, 76, 48],
    [33, 38, 81, 108, 41],
    [32, 24, 113, 138, 64],
    [34, 23, 93, 127, 53],
    [43, 43, 129, 135, 54],
    [11, 9, 74, 76, 32],
    [15, 5, 86, 87, 45],
    [22, 19, 124, 103, 69],
    [17, 11, 152, 130, 72],
    [26, 31, 128, 155, 50],
    [13, 24, 71, 114, 52],
    [25, 10, 120, 153, 65],
    [26, 21, 154, 116, 94],
    [13, 14, 115, 139, 87],
    [18, 26, 105, 110, 61],
    [28, 27, 97, 120, 100],
    [29, 38, 107, 133, 106],
    [39, 53, 85, 75, 47],
    [25, 50, 69, 90, 43],
    [15, 50, 75, 79, 47],
    [35, 36, 39, 84, 28],
    [52, 86, 107, 119, 77],
    [26, 50, 84, 96, 32],
    [18, 48, 85, 67, 47],
    [32, 61, 64, 58, 39],
    [34, 76, 38, 44, 18],
    [37, 132, 50, 70, 58],
    [36, 46, 89, 145, 54],
    [33, 38, 83, 118, 38],
    [33, 37, 93, 109, 60],
    [16, 11, 138, 110, 67],
    [21, 13, 96, 117, 68],
    [8, 14, 85, 131, 68],
    [18, 16, 110, 123, 88],
    [14, 14, 159, 98, 79],
    [26, 30, 147, 159, 89],
    [10, 9, 100, 104, 39],
    [12, 21, 104, 107, 59],
    [19, 25, 98, 120, 42],
    [24, 16, 124, 86, 35],
    [22, 77, 43, 105, 48]
  ],
  "method": "mult",
  "cond_prob": [
    [
      [0, 0.89406113315, 0.043694296165, 0, 0.062128399346, 0.00011617133451],
      [0, 0.018708462889, 0.95412699633, 0, 0.027003783507, 0.0001607572699],
      [0.021628962775, 0.019655925988, 0.043233121477, 0.11481267747, 0.78317005379, 0.0174992585],
      [0.019136902094, 0.048411969497, 0.022544175785, 0.73092495514, 0.16865290338, 0.010329094103],
      [0.22839930645, 0.090779604561, 0.023495858004, 0.19488300953, 0.38481436809, 0.077627853363]
    ],
    [
      [0, 0.80591563239, 0.13466880902, 0.0013872152452, 0.058028343351, 0],
      [0, 0.011229054363, 0.97195989725, 0.0023768784466, 0.014434169936, 0],
      [0.016768632139, 0.011598355209, 0.08646286464, 0.17893298704, 0.68281046518, 0.023426695795],
      [0.0095159207348, 0.021657369845, 0.033625111107, 0.8487412152, 0.077879149854, 0.008581233262],
      [0.18190644375, 0.067289870272, 0.033891929782, 0.32294178203, 0.29729139547, 0.096678578691]
    ],
    [
      [0, 0.88190966221, 0.068138446251, 0.00069042404964, 0.049261467485, 0],
      [0, 0.019486489575, 0.96252673716, 0.00096470834456, 0.017022064922, 0],
      [0.0050713146255, 0.025249427417, 0.060137928073, 0.18030512595, 0.72057375889, 0.0086624450418],
      [0.0036309370301, 0.050078070271, 0.025360793845, 0.81352001528, 0.10346853024, 0.0039416533366],
      [0.080175127974, 0.12762423991, 0.035621675202, 0.31209744122, 0.39727679668, 0.047204719016]
    ],
    [
      [0, 0.88152237901, 0.057631334198, 0, 0.06084628679, 0],
      [0, 0.023309203201, 0.95000277261, 0, 0.026688024187, 0],
      [0.0075835379407, 0.019666002276, 0.030700796962, 0.15633815091, 0.78166502764, 0.004046484273],
      [0.0058694517835, 0.045996198073, 0.019512405495, 0.78734559368, 0.13922123625, 0.0020551147237],
      [0.11345701777, 0.11228770316, 0.024718958087, 0.28149295516, 0.44572852985, 0.02231483596]
    ],
    [
      [9.0044157195e-05, 0.69295747391, 0.14549939622, 0.029513859715, 0.13187687307, 6.2352932945e-05],
      [1.3028883838e-05, 0.011540432425, 0.94095812706, 0.010008101055, 0.037467351812, 1.2958762573e-05],
      [0.0058669019229, 0.0014763811748, 0.0016836773806, 0.17812894116, 0.80009617323, 0.012747925135],
      [0.0044422002731, 0.014242801403, 0.011509703284, 0.82799228719, 0.13539974046, 0.0064132673938],
      [0.086810998054, 0.055784889334, 0.020315980829, 0.30776850817, 0.45925866661, 0.070060957002]
    ],
    [
      [0, 0.8452282527, 0.091538260418, 0.00060789479578, 0.062625592086, 0],
      [0, 0.018739771237, 0.95236052915, 0.00063891652916, 0.028260783086, 0],
      [0.0054175055326, 0.026422700329, 0.018023223411, 0.16338375356, 0.77355792195, 0.013194895217],
      [0.0039031188707, 0.040287100763, 0.015466221969, 0.7984696411, 0.135477238, 0.0063966792978],
      [0.077295637944, 0.10240870303, 0.021647822896, 0.2921507586, 0.43560595206, 0.070891125472]
    ],
    [
      [9.0095031055e-05, 0.87491972335, 0.054497501704, 0, 0.070458481691, 3.4198222716e-05],
      [3.8763795514e-05, 0.058008099633, 0.90033507801, 0, 0.041587513252, 3.0545313643e-05],
      [0.0053845193514, 0.020391778155, 0.00015821278086, 0.13133572835, 0.82958584843, 0.013143912935],
      [0.014878738494, 0.043283726991, 0.00033520811756, 0.7685041727, 0.1649642278, 0.0080339258899],
      [0.13259628913, 0.093072476244, 0.0088781609077, 0.23001745381, 0.46701298656, 0.068422633351]
    ],
    [
      [0.00012752444172, 0.84032792909, 0.086471761459, 0, 0.073022100785, 5.0684221347e-05],
      [8.8413014863e-06, 0.016775055486, 0.95169092318, 0, 0.031491423974, 3.3756056693e-05],
      [0.017322544356, 0.016112761405, 0.017796443049, 0.14192148347, 0.79613956791, 0.01070719981],
      [0.014628959395, 0.033959169208, 0.012959208427, 0.77879063004, 0.15352845653, 0.0061335764027],
      [0.19839562992, 0.074667630936, 0.017749569354, 0.23598860525, 0.42254202112, 0.050656543419]
    ],
    [
      [6.783283111e-05, 0.90904839557, 0.036899273998, 0.00014992321452, 0.053830665555, 3.9088316365e-06],
      [3.9436092055e-05, 0.027054080688, 0.94664280424, 0.00020363271914, 0.026053568256, 6.4780059807e-06],
      [0.011333656554, 0.030820390884, 0.033501808291, 0.14983568545, 0.7526010262, 0.021907432618],
      [0.0083560656862, 0.048829221049, 0.015940403001, 0.78944491388, 0.12688685504, 0.010542541336],
      [0.13224806116, 0.10903243688, 0.020772637947, 0.26709933664, 0.37096086989, 0.099886657481]
    ],
    [
      [0.00042936841841, 0.88422413986, 0.063455241358, 0.0023848685959, 0.049487001416, 1.9380354317e-05],
      [0.0002490424601, 0.024950299528, 0.94752227438, 0.0016809129491, 0.025583644365, 1.382631945e-05],
      [0.0221566334, 0.028935540996, 0.00044226276609, 0.19772375743, 0.74417559156, 0.0065662138426],
      [0.016108280116, 0.056440272427, 0.0076687193464, 0.81437339974, 0.10239020322, 0.0030191251502],
      [0.23584502436, 0.12130940471, 0.014848077622, 0.26806620455, 0.33219740919, 0.02773387957]
    ],
    [
      [0.00045898604378, 0.87073078586, 0.051035654166, 0, 0.077607551087, 0.000167022847],
      [0.00086373492921, 0.037056887506, 0.86833424738, 0.011165756439, 0.082335260384, 0.00024411336535],
      [0.0094445723724, 0.015697951227, 0, 0.10893462984, 0.85157809037, 0.014344756193],
      [0.01522821695, 0.047940124723, 0.0036221927525, 0.7333003748, 0.19057950923, 0.0093295815487],
      [0.18017299839, 0.091887910762, 0.00087192052468, 0.19297608777, 0.4652389381, 0.068852144452]
    ],
    [
      [0.00036661808161, 0.79881554188, 0.057915777322, 0.014776177408, 0.1278965196, 0.00022936571136],
      [0.00019108397052, 0.029498884745, 0.89133883672, 0.010594089207, 0.068218160368, 0.00015894499375],
      [0.0055845933183, 0.0085963651059, 0, 0.11389817802, 0.85490186608, 0.017018997479],
      [0.013703710173, 0.033730015829, 0.0006177356922, 0.74130555337, 0.19987735979, 0.010765625145],
      [0.13743662906, 0.075785504119, 0.0079830822908, 0.21255581687, 0.47730841786, 0.088930549811]
    ],
    [
      [0, 0.83573394929, 0.094610992638, 0, 0.069655058071, 0],
      [0, 0.021914596179, 0.94562636781, 0, 0.032459036016, 0],
      [0.012855258239, 0.015713168076, 0.015309503653, 0.1327703225, 0.82150080044, 0.0018509470973],
      [0.010772352019, 0.045085947875, 0.016532639021, 0.75910747356, 0.16748230667, 0.0010192808519],
      [0.17010446742, 0.099151858385, 0.021264747542, 0.24496911267, 0.45504504336, 0.009464770624]
    ],
    [
      [0, 0.89635279544, 0.037773614062, 0, 0.065871378023, 2.212475267e-06],
      [0, 0.026157542306, 0.94176344825, 0, 0.032075233751, 3.7756960406e-06],
      [0.0096944743229, 0.024017511248, 0.015694242975, 0.14096562579, 0.79729479169, 0.012333353971],
      [0.0083934722995, 0.041760580484, 0.012250582599, 0.77930721115, 0.15117756745, 0.007110586017],
      [0.12846104261, 0.093477876729, 0.01840165677, 0.24657310195, 0.44906859107, 0.06401773087]
    ],
    [
      [0, 0.80065885494, 0.12460390244, 0, 0.074725743571, 1.1499043272e-05],
      [0, 0.015976644412, 0.95639759529, 0, 0.027606866579, 1.8893719043e-05],
      [0.014726059713, 0.0097457421195, 0.02572601592, 0.1484246302, 0.79170034444, 0.0096772076137],
      [0.012120352294, 0.029773061934, 0.020296545478, 0.7825076319, 0.149976641, 0.0053257673971],
      [0.18471217802, 0.072578976405, 0.023964106793, 0.24771478567, 0.42252337965, 0.048506573463]
    ],
    [
      [3.0312727049e-05, 0.76541036351, 0.11067144722, 0, 0.12388787654, 0],
      [0, 0.010600402309, 0.94788099061, 0, 0.041518607081, 0],
      [0.006624784576, 0.0014573701829, 0.0055008574733, 0.10112463383, 0.8803532185, 0.0049391354418],
      [0.012197456832, 0.015086745185, 0.0066897836026, 0.76248831305, 0.1999152329, 0.0036224684348],
      [0.13581990795, 0.035900148533, 0.013769405974, 0.2176301, 0.56613333706, 0.030747100486]
    ],
    [
      [1.2682755397e-05, 0.60248909519, 0.26866826624, 5.386866657e-05, 0.12877608715, 0],
      [0, 0.0081817927528, 0.9592225678, 0, 0.032595639445, 0],
      [0.0044851339257, 0.00031639245568, 0.0042191774075, 0.1368592664, 0.84386528635, 0.010254743458],
      [0.010460603424, 0.0048799654212, 0.013513633145, 0.80037529637, 0.16437446075, 0.0063960408956],
      [0.1119737116, 0.026764793838, 0.020787665236, 0.25893528879, 0.52123376871, 0.060304771819]
    ],
    [
      [2.5388238581e-05, 0.79791647038, 0.11392394898, 0.00078340556527, 0.087350786837, 0],
      [0, 0.016194058705, 0.95282232369, 0.00085160842692, 0.030132009183, 0],
      [0.009634372978, 0.0055485979743, 0.016160235713, 0.17015398238, 0.78751395241, 0.010988858548],
      [0.0075793362197, 0.018242463511, 0.012574525132, 0.81601305299, 0.13983567235, 0.005754949802],
      [0.13372955869, 0.054366094923, 0.019501107921, 0.2888943273, 0.44480936584, 0.058699545335]
    ],
    [
      [0, 0.85239287749, 0.056491014767, 0, 0.091116107739, 0],
      [0, 0.020081531616, 0.93193047782, 0, 0.047987990562, 0],
      [0.0039376067739, 0.0075540118161, 0.00377760122, 0.11630078093, 0.86656055773, 0.0018694415365],
      [0.0096416029691, 0.027336326576, 0.0035267746052, 0.76143873702, 0.1968268467, 0.0012297121275],
      [0.10482261801, 0.069166817933, 0.012068864755, 0.24456155618, 0.5577028485, 0.011677294625]
    ],
    [
      [0, 0.89590569911, 0.037019689144, 0, 0.067074611743, 0],
      [0, 0.027062396779, 0.93897634025, 0, 0.033961262966, 0],
      [0.0043610909488, 0.02679214103, 0.013087860856, 0.12700158366, 0.81670434079, 0.012052982712],
      [0.0040660275606, 0.042969509612, 0.013291369433, 0.75922304679, 0.17312916162, 0.0073208849876],
      [0.068078195324, 0.10041385795, 0.019342888452, 0.24718190754, 0.49403904686, 0.070944103877]
    ],
    [
      [0, 0.80544895499, 0.11480706042, 0, 0.079736074049, 7.910543118e-06],
      [0, 0.013688258147, 0.9561794305, 0, 0.030119567997, 1.2743359668e-05],
      [0.012361915491, 0.010765712185, 0.037480475366, 0.11563439412, 0.81455713187, 0.0092003709704],
      [0.011488340558, 0.033391167087, 0.022236155742, 0.74804670164, 0.17917775327, 0.0056598817028],
      [0.16141376248, 0.072917177776, 0.028215234742, 0.22070294991, 0.4694275098, 0.047323365297]
    ],
    [
      [2.2301963686e-05, 0.77863165014, 0.12877599672, 0.00373171581, 0.088833720606, 4.6147608654e-06],
      [7.7935387342e-06, 0.017538511093, 0.94446197668, 0.0031630149019, 0.034825088632, 3.6151519588e-06],
      [0.0048592435867, 0.012966624041, 0.0082050300722, 0.14301327334, 0.82351293929, 0.0074428896702],
      [0.0035336325273, 0.045680855108, 0.021992430862, 0.76745064779, 0.15757372123, 0.0037687124769],
      [0.073160224856, 0.10792464543, 0.027468344373, 0.26701330468, 0.48294638887, 0.041487091783]
    ],
    [
      [7.2930855174e-05, 0.72739209651, 0.12446440022, 0.0051557149748, 0.1429123256, 2.5318385349e-06],
      [4.8173290761e-06, 0.0053866254074, 0.94998897145, 0.00040447320368, 0.044214921248, 1.9136042033e-07],
      [0.0047774559632, 0.028801638025, 0.013781853438, 0.049057939121, 0.90117329934, 0.0024078141128],
      [0.0072150538476, 0.066340553523, 0.023907412386, 0.64888077071, 0.25162001184, 0.0020361976915],
      [0.097287452268, 0.12188262503, 0.028423806798, 0.16018110167, 0.57652202984, 0.015702984397]
    ],
    [
      [0.00017752905341, 0.77888520598, 0.10069745563, 0.0051703964654, 0.11506307535, 6.3375190582e-06],
      [0.00013798351771, 0.016079548975, 0.92824774082, 0.0046393892236, 0.050889820603, 5.5168615705e-06],
      [0.014057551062, 0.017248857697, 0.0068067676993, 0.09061702098, 0.86520170124, 0.0060681013197],
      [0.014155948005, 0.09566032498, 0.024833208742, 0.65218473004, 0.20922720643, 0.0039385818059],
      [0.18168799908, 0.12804747576, 0.021208102005, 0.16986968575, 0.46879998007, 0.030386757335]
    ],
    [
      [9.9729786095e-05, 0.79020375612, 0.093866292683, 0.011843310273, 0.10392611068, 6.0800456543e-05],
      [2.0106555708e-05, 0.023855203891, 0.93589901425, 0.0027293053269, 0.037482444582, 1.3925390481e-05],
      [0.0072128528007, 0.029236162075, 0.0054997755817, 0.10884919859, 0.83559543825, 0.013606572704],
      [0.0066480313875, 0.068466568782, 0.017296215312, 0.73063699827, 0.16896098956, 0.0079911966929],
      [0.10251890185, 0.13743514498, 0.022712012647, 0.21361781607, 0.45260970207, 0.07110642238]
    ],
    [
      [6.2170291378e-05, 0.7696404596, 0.094737346432, 0.021140168092, 0.11440716178, 1.269380295e-05],
      [3.7140044808e-05, 0.025578246865, 0.90593029175, 0.016484674872, 0.051960371863, 9.2746029246e-06],
      [0.0060307095148, 0.012033640686, 0.0004336625684, 0.14588430082, 0.82902455945, 0.0065931269603],
      [0.0042425611833, 0.046019586922, 0.0094444999885, 0.78712671278, 0.14990313471, 0.0032635044264],
      [0.087092221765, 0.11624409589, 0.017110968913, 0.27241882087, 0.47155335213, 0.035580540436]
    ],
    [
      [0, 0.82894683218, 0.10016008903, 0, 0.070842402116, 5.0676667949e-05],
      [0.00021631439785, 0.021983460558, 0.92158375161, 0.00465958833, 0.051463656273, 9.3228831976e-05],
      [0.020289022075, 0.019379681407, 0.0023616326292, 0.1130466471, 0.83894573099, 0.0059772857964],
      [0.018166974678, 0.051138693149, 0.014329501386, 0.73206481589, 0.18058381171, 0.0037162031842],
      [0.23055089963, 0.09774047195, 0.017648561334, 0.19475630372, 0.43064657191, 0.028657191458]
    ],
    [
      [7.6410329735e-05, 0.87678633008, 0.051305518179, 0, 0.071786906128, 4.4835281046e-05],
      [6.8441993575e-05, 0.051330804474, 0.89547707347, 0, 0.053091701315, 3.1978752061e-05],
      [0.0050760518951, 0.018717704123, 0.00014787311085, 0.11008094568, 0.85123867534, 0.014738749852],
      [0.015535982455, 0.049775287682, 0.00061584431071, 0.73311824611, 0.19135464616, 0.0095999932867],
      [0.12623989794, 0.099957259699, 0.012385482791, 0.20607135052, 0.47554395924, 0.079802049808]
    ],
    [
      [0, 0.82579198293, 0.039657988563, 0, 0.13455002851, 0],
      [0.00014907360031, 0.032977650389, 0.9005008164, 0.0076040057307, 0.058765412131, 3.0417464262e-06],
      [0.0091812563089, 0.041728811165, 0.00052989083173, 0.092043697514, 0.85333687525, 0.003179468926],
      [0.0096378834672, 0.078705052991, 0.011405024902, 0.72819164915, 0.17003491416, 0.0020254753323],
      [0.14033066124, 0.15948057238, 0.016096876937, 0.20258382098, 0.46441293321, 0.017095135255]
    ],
    [
      [9.1091507861e-05, 0.72108280621, 0.13997933692, 0.0049915670774, 0.13384066091, 1.4537382966e-05],
      [2.2169508055e-05, 0.004235209207, 0.95318306601, 0.0014168120001, 0.041138676945, 4.0663280806e-06],
      [0.0066890926127, 0.045287774521, 0.019618161104, 0.044726691326, 0.87650610477, 0.0071721756699],
      [0.0087700465836, 0.070262842536, 0.03039190821, 0.65782209593, 0.22731817602, 0.0054349307199],
      [0.11859065656, 0.12675291511, 0.028311782064, 0.1658429504, 0.51799554591, 0.04250614995]
    ],
    [
      [0.0004760934205, 0.71792324143, 0.10115516017, 0.012487276268, 0.16795822871, 0],
      [0.0003461216355, 0.015360759149, 0.9099758575, 0.0096683123765, 0.064648949339, 0],
      [0.015551780295, 0.0081484166026, 0.0023782914314, 0.1130392285, 0.86088228317, 0],
      [0.016009237625, 0.052130600724, 0.013175463327, 0.73734358261, 0.18134111572, 0],
      [0.20039310542, 0.093985617173, 0.017245526783, 0.207968519, 0.48040723162, 0]
    ],
    [
      [0.00031652141277, 0.79965089929, 0.08679994741, 0.042177732573, 0.071009567908, 4.533140724e-05],
      [0.00058591110202, 0.029435190586, 0.91547844904, 0.012871664942, 0.041532972011, 9.5812315066e-05],
      [0.028014462448, 0.016340003906, 0.0024584308685, 0.11483769864, 0.83462320937, 0.0037261947682],
      [0.025544202735, 0.065301755481, 0.013829505321, 0.74926326839, 0.14415101513, 0.0019102529406],
      [0.29225426232, 0.11510918373, 0.016023878853, 0.20111163847, 0.36024127919, 0.015259757442]
    ],
    [
      [0.0009835726903, 0.85503780956, 0.073904053088, 0, 0.069932321468, 0.00014224319036],
      [0.00081268018917, 0.02942478205, 0.87987677985, 0.013437479197, 0.076072111084, 0.00037616763434],
      [0.024761855267, 0.022292370091, 0, 0.091390626615, 0.85231580119, 0.0092393468337],
      [0.022395179313, 0.063427083876, 0.0097319780519, 0.70065701986, 0.19780822699, 0.0059805119063],
      [0.25089643972, 0.10835486978, 0.011726360498, 0.16710831728, 0.42019021661, 0.041723796106]
    ],
    [
      [3.7646476313e-05, 0.8087598614, 0.10804514689, 0.004136163739, 0.079013826737, 7.3547591183e-06],
      [0, 0.016062927064, 0.9446646944, 0, 0.03927237854, 0],
      [0.0055963542103, 0.025107944726, 0.010743661291, 0.087100816221, 0.8649383159, 0.0065129076482],
      [0.0043255868361, 0.12136184741, 0.031241274875, 0.63470387187, 0.2047527768, 0.0036146422022],
      [0.086522190647, 0.16875522982, 0.030470810626, 0.17807635366, 0.49980059895, 0.036374816291]
    ],
    [
      [5.760233094e-05, 0.83086270987, 0.081130740839, 0, 0.087948946957, 0],
      [0.00028482401215, 0.023457212495, 0.88394573031, 0.0077651312885, 0.084547101897, 0],
      [0.012496423992, 0.025735727254, 0, 0.076263347501, 0.88550450125, 0],
      [0.013582381901, 0.066020719283, 0.010823710163, 0.68976825377, 0.21980493488, 0],
      [0.17661530005, 0.12006886813, 0.014932607229, 0.17359708227, 0.51478614232, 0]
    ],
    [
      [0.00037863219316, 0.75297463175, 0.11549997548, 0.0058294323844, 0.12529352095, 2.3807239934e-05],
      [0.00030672834819, 0.014354263926, 0.92943634151, 0.0052628555711, 0.050593212305, 4.6598338424e-05],
      [0.024817808299, 0.023722763754, 0.0073470960167, 0.094242435997, 0.84768183699, 0.0021880589459],
      [0.02146220869, 0.058451210579, 0.018443883008, 0.71766485931, 0.18260025026, 0.0013775881625],
      [0.26326774282, 0.1062297424, 0.019967237072, 0.17987967907, 0.42046230121, 0.010193297431]
    ],
    [
      [0, 0.81930357267, 0.092300645053, 0, 0.088395473122, 3.0915068749e-07],
      [2.5757714631e-05, 0.020921176051, 0.89973863118, 0.01420864869, 0.065026277112, 7.9509250583e-05],
      [0.0052451753695, 0.014252204357, 0.00064698171573, 0.1190051552, 0.84229589133, 0.018554592027],
      [0.0045624736388, 0.056262312606, 0.013252960022, 0.73592045762, 0.17909996844, 0.01090182768],
      [0.07304217704, 0.11203531862, 0.016815312294, 0.22677772987, 0.47093142833, 0.10039803384]
    ],
    [
      [0, 0.82517321674, 0.11241053959, 0, 0.062416243665, 0],
      [7.5459570621e-06, 0.019467902645, 0.94369665621, 0.0024598869912, 0.034367728098, 2.8010212811e-07],
      [0.0029065178723, 0.035649837143, 0.010686457916, 0.10807324435, 0.84063122445, 0.0020527182629],
      [0.00325487992, 0.068200430335, 0.026175460469, 0.73073519645, 0.17037757359, 0.0012564592412],
      [0.063416952601, 0.15074913141, 0.030542870311, 0.23927217221, 0.50283135823, 0.013187515238]
    ],
    [
      [0, 0.83438567827, 0.10326338973, 0, 0.062350932001, 0],
      [1.1946138302e-05, 0.022107842074, 0.94163655987, 0.0048415325073, 0.031401893208, 2.2620187333e-07],
      [0.0065909470257, 0.01735238601, 0.008852502244, 0.1459737674, 0.81405691666, 0.0071734806673],
      [0.0042978472812, 0.054541970172, 0.02592511134, 0.76757441781, 0.14436218893, 0.0032984644696],
      [0.093142534536, 0.12461410369, 0.024475066651, 0.27135830911, 0.44842472062, 0.037985265401]
    ],
    [
      [0, 0.80683415383, 0.1408746286, 0, 0.052291217563, 0],
      [0, 0.01306229029, 0.96866392056, 0, 0.018273789153, 0],
      [0.0044028403946, 0.053655743695, 0.030941886178, 0.07775273391, 0.82741534291, 0.0058314529125],
      [0.0058986908729, 0.093625480897, 0.029255770488, 0.68988779916, 0.17716893815, 0.0041633204369],
      [0.090570702013, 0.17689009329, 0.039478355216, 0.18947828914, 0.46739885358, 0.036183706762]
    ],
    [
      [2.9290076531e-05, 0.789828317, 0.10323766332, 0.0017649717073, 0.1051391074, 6.5049205042e-07],
      [4.3313595008e-05, 0.016503213422, 0.90858288546, 0.0058222075492, 0.069046648973, 1.7309963287e-06],
      [0.0066199083703, 0.027295297043, 0.0041417636871, 0.079444126403, 0.87961645856, 0.0028824459409],
      [0.0076227668754, 0.062689645625, 0.015542647481, 0.69981791205, 0.21227566991, 0.0020513580525],
      [0.11182720079, 0.12383869649, 0.019428088439, 0.19408208929, 0.53346751072, 0.017356414279]
    ],
    [
      [5.4166369512e-06, 0.83010033432, 0.1049479253, 0, 0.064946323745, 0],
      [2.2007413275e-05, 0.020059986166, 0.93920935072, 0.0011111251852, 0.039592868247, 4.6622631724e-06],
      [0.0085615726145, 0.037739346452, 0.011743905842, 0.080914083252, 0.85100213001, 0.010038961829],
      [0.0092614944071, 0.077920219633, 0.021835379776, 0.68608540897, 0.19797567822, 0.0069218189977],
      [0.12674138174, 0.14035552626, 0.024294013905, 0.17973248703, 0.47340935168, 0.055467239393]
    ],
    [
      [3.7400214186e-05, 0.75103331423, 0.10589369559, 0.03867189519, 0.10436369477, 0],
      [4.4129582316e-05, 0.016686884003, 0.88846252792, 0.031348799102, 0.063457659396, 0],
      [0.0051194474058, 0.0068144036988, 0, 0.12051364771, 0.86755250118, 0],
      [0.0055802057025, 0.024314349365, 0.0077621596622, 0.79283150298, 0.16951178229, 0],
      [0.10135117345, 0.078790031921, 0.015811223848, 0.28373972691, 0.52030784388, 0]
    ],
    [
      [0.00016648791576, 0.79389274365, 0.13038199559, 6.2818230861e-05, 0.075467004718, 2.8949893291e-05],
      [8.3298868267e-05, 0.012452530374, 0.96187924697, 2.4738654224e-05, 0.025531314318, 2.8870815738e-05],
      [0.016178817812, 0.024082428762, 0.039114753184, 0.13950408115, 0.76500285008, 0.016117069011],
      [0.013265269818, 0.025759701706, 0.017398376687, 0.79023485985, 0.1448708372, 0.0084709547367],
      [0.18802313537, 0.062043002935, 0.022289721856, 0.25900750349, 0.39446526396, 0.074171372391]
    ],
    [
      [6.4115980216e-05, 0.86940337062, 0.072253134127, 0, 0.058271223469, 8.1558055594e-06],
      [0, 0.020341827597, 0.950993825, 0, 0.028660293088, 4.054318458e-06],
      [0.012606710163, 0.036929231951, 0.021732093172, 0.14907669474, 0.76779726752, 0.011858002459],
      [0.0102764178, 0.046552350486, 0.013480805016, 0.78128840219, 0.14196876793, 0.0064332565763],
      [0.15599307862, 0.10252146153, 0.018736025482, 0.25191927664, 0.41236333859, 0.058466819137]
    ],
    [
      [8.6069763425e-05, 0.88138065112, 0.053643456244, 0.002110839504, 0.0627769207, 2.062668168e-06],
      [1.2680524851e-05, 0.055674663065, 0.9064317147, 0.0018845216305, 0.035994569041, 1.8510413335e-06],
      [0.011991696067, 0.019911447294, 5.7276167161e-05, 0.2055039363, 0.75644765831, 0.0060879858667],
      [0.01263237934, 0.031405448121, 0.0003185540923, 0.84275599288, 0.11009349766, 0.0027941279017],
      [0.19215479719, 0.083484869454, 0.0066145821658, 0.31112942546, 0.37799919989, 0.028617125849]
    ],
    [
      [3.7408156987e-06, 0.8204903599, 0.1176606186, 0.00063798638475, 0.061207294306, 0],
      [0, 0.022227658381, 0.95109604589, 0.00069642619505, 0.025979869538, 0],
      [0.0040033189535, 0.016871177661, 0.010043822942, 0.16776202526, 0.78990324096, 0.01141641422],
      [0.0025350985661, 0.045600823098, 0.019982574745, 0.79715142467, 0.1296594394, 0.0050706395169],
      [0.058580904212, 0.11677348341, 0.024484929557, 0.29930254495, 0.4392083481, 0.061649789764]
    ],
    [
      [0, 0.82465505865, 0.1140250608, 0.0033093744831, 0.058010506067, 0],
      [0, 0.015627559121, 0.95972507245, 0.0024530152816, 0.022194353145, 0],
      [0.0065323638385, 0.015085268636, 0.029124833621, 0.20748925822, 0.72961398395, 0.012154291738],
      [0.0038104902435, 0.032148008045, 0.017577939777, 0.84405830389, 0.09753473933, 0.0048705187099],
      [0.08962492551, 0.095233066221, 0.025014600426, 0.34232649271, 0.38601289245, 0.061788022681]
    ],
    [
      [0, 0.87251801181, 0.071821151073, 0.0024224836317, 0.053238353487, 0],
      [0, 0.021964835483, 0.9497238587, 0.0016167017596, 0.026694604055, 0],
      [0.0080159419072, 0.023314640827, 0.013374892544, 0.19169137616, 0.75385069, 0.0097524585567],
      [0.0048795463445, 0.049074392015, 0.01145655904, 0.82211651172, 0.10840837286, 0.0040646180162],
      [0.10631726447, 0.12129220754, 0.019161964315, 0.31404446121, 0.39056495405, 0.048619148418]
    ],
    [
      [0, 0.88411846611, 0.058227415853, 0.0018941942362, 0.055759923802, 0],
      [3.5299303311e-05, 0.055642634621, 0.88010280138, 0.014299181502, 0.049914752304, 5.3308884584e-06],
      [0.0029355030055, 0.024470234568, 9.6940711385e-05, 0.18102877763, 0.78527827756, 0.0061902665254],
      [0.0054512231454, 0.059528441515, 0.0006745734003, 0.80656509677, 0.12483448817, 0.0029461769995],
      [0.09044235403, 0.13698653342, 0.010152368484, 0.29749415675, 0.43152657814, 0.033398009168]
    ],
    [
      [2.3813057404e-06, 0.84430126263, 0.087550011365, 0.0019475323537, 0.06619881235, 0],
      [0, 0.015933727917, 0.95527419571, 0.001560644418, 0.027231431952, 0],
      [0.012941465006, 0.016631491799, 0.014241689523, 0.20271404684, 0.7460311497, 0.007440157138],
      [0.008811972568, 0.025692993507, 0.010689154028, 0.84130332316, 0.11011887135, 0.0033836853864],
      [0.16789360875, 0.074558895633, 0.01791316821, 0.3132699787, 0.38910596488, 0.037258383826]
    ],
    [
      [0.00015308742732, 0.88020698009, 0.049370891782, 0.00090195006554, 0.06934827053, 1.8820101697e-05],
      [2.7551668818e-05, 0.022695010536, 0.93769883336, 0.00028940477037, 0.039282939312, 6.2603520945e-06],
      [0.014539951537, 0.015866428775, 0.00763064324, 0.16944328757, 0.78394129475, 0.0085783941281],
      [0.013224559024, 0.031743450318, 0.0047616037084, 0.80755588138, 0.13829156063, 0.0044229449353],
      [0.19103541029, 0.079049493191, 0.011121058115, 0.27012309586, 0.40695653605, 0.041714406496]
    ],
    [
      [5.5103423554e-05, 0.81907459941, 0.11414213166, 0.001943884362, 0.064784281149, 0],
      [0, 0.013927812402, 0.96154015778, 0.0016437899829, 0.022888239833, 0],
      [0.014552121378, 0.013714949158, 0.030645713065, 0.19583145065, 0.73528865187, 0.0099671138799],
      [0.010284654534, 0.027775298762, 0.017037654486, 0.83349300415, 0.10671338364, 0.0046960044263],
      [0.1758696414, 0.074698853759, 0.02412555469, 0.30134961198, 0.37641446247, 0.047541875695]
    ],
    [
      [0.00037313588506, 0.86574372621, 0.059331995663, 0.00062388051286, 0.07389735297, 2.9908760819e-05],
      [0.00016870020662, 0.020960274901, 0.93932005028, 0.00037912761581, 0.039152516727, 1.9330268351e-05],
      [0.022150866795, 0.017630451549, 0.0031822970849, 0.17146643278, 0.77825912695, 0.0073108248429],
      [0.021558407505, 0.027900715106, 0.0032299162335, 0.80730159702, 0.13612319342, 0.0038861707126],
      [0.2614205036, 0.065901000434, 0.010489406297, 0.24962664212, 0.3794675677, 0.033094879852]
    ],
    [
      [1.0628378139e-05, 0.81621734041, 0.11404985878, 0.0018001584027, 0.067922014024, 0],
      [0, 0.018127401858, 0.95465904212, 0.0020983699553, 0.025115186071, 0],
      [0.012728311121, 0.010797817039, 0.021821320454, 0.1912982433, 0.75210393671, 0.011250371372],
      [0.0086679190651, 0.025956531157, 0.016640551478, 0.828557398, 0.11508185584, 0.0050957444647],
      [0.16053944767, 0.076220335627, 0.021357177376, 0.29951149161, 0.38696930627, 0.055402241448]
    ],
    [
      [0, 0.90533395055, 0.040449164986, 0.0015274862213, 0.052689398239, 0],
      [0, 0.023977098005, 0.95119405739, 0.0027553574855, 0.022073487116, 0],
      [0.015387014692, 0.027337405056, 0.037161450562, 0.19477448765, 0.72533964204, 0],
      [0.0089717168, 0.038269470107, 0.016209315139, 0.8419294178, 0.094620080157, 0],
      [0.19009127388, 0.10291409499, 0.022291895422, 0.32894368938, 0.35575904633, 0]
    ],
    [
      [0.00035568572554, 0.80309263209, 0.13123784525, 2.1979209745e-05, 0.065237288281, 5.4569441119e-05],
      [0.00010087521232, 0.012413478905, 0.96629229321, 0, 0.021171549731, 2.1802945877e-05],
      [0.021043769275, 0.018483331826, 0.048022004447, 0.14794014631, 0.75006375494, 0.014446993204],
      [0.01653743668, 0.031579132271, 0.023523476926, 0.78592342766, 0.13515055896, 0.0072859675006],
      [0.22976336892, 0.07306065157, 0.026067668206, 0.24615920816, 0.36110255665, 0.063846546498]
    ],
    [
      [0.0002939045085, 0.82608675055, 0.094680998501, 0, 0.078874376304, 6.3970133551e-05],
      [5.8560674086e-05, 0.016370243586, 0.94912661963, 0, 0.034392932029, 5.1644077781e-05],
      [0.028455518539, 0.010579900743, 0.0063675412888, 0.13411274135, 0.81418109208, 0.0063032059965],
      [0.024370011393, 0.030894288177, 0.010981833946, 0.76551940153, 0.16447475204, 0.0037597129133],
      [0.28491550566, 0.063456672632, 0.014384477984, 0.20794028994, 0.40174526837, 0.02755778542]
    ],
    [
      [6.7217063338e-05, 0.8267087699, 0.090587842228, 0.0008456185807, 0.081789376273, 1.1759561451e-06],
      [0, 0.015665136896, 0.9491768425, 0.00086356538584, 0.034293255905, 1.1993149669e-06],
      [0.011763941063, 0.015738215352, 0.010773085783, 0.17223901062, 0.77808102203, 0.01140472515],
      [0.0092393435948, 0.021383686015, 0.0075070577016, 0.82226837464, 0.1339678901, 0.0056336479482],
      [0.15358625513, 0.060359160382, 0.014385015752, 0.29740375572, 0.41788250882, 0.056383304196]
    ],
    [
      [0, 0.90318661567, 0.041362751358, 0.00014928575844, 0.055301347212, 0],
      [0, 0.023239338911, 0.952393853, 0.00017205068243, 0.024194757409, 0],
      [0.0098429817271, 0.028516826232, 0.044043229378, 0.15809940158, 0.75312972895, 0.0063678321337],
      [0.0071645978821, 0.047599245051, 0.020813680613, 0.79211733487, 0.12924313761, 0.0030620039706],
      [0.13407182216, 0.1132497442, 0.025888300747, 0.28294254978, 0.41114992427, 0.032697658839]
    ],
    [
      [0.00030068994364, 0.8964877596, 0.051948474286, 0.0013742598758, 0.049827998135, 6.0818156945e-05],
      [0.00023043234454, 0.061829653695, 0.90521474374, 0.0012963366719, 0.031370239364, 5.8594185581e-05],
      [0.01484674083, 0.0353885184, 7.9576959125e-06, 0.18292145483, 0.75116592612, 0.015669402128],
      [0.01532093204, 0.056061442508, 0.0012275782402, 0.80796656812, 0.11204971055, 0.0073737685478],
      [0.18706713303, 0.12068882696, 0.0095656335372, 0.27227150341, 0.3444875949, 0.065919308165]
    ],
    [
      [0, 0.87869957203, 0.075957010071, 0.0021227997531, 0.043220618151, 0],
      [0, 0.025138428472, 0.95105855314, 0.0027409385123, 0.021062079873, 0],
      [0.0073018330502, 0.050285168659, 0.021483946824, 0.20251881979, 0.71399374976, 0.0044164819141],
      [0.0037829662702, 0.057298402089, 0.014055616898, 0.83315725864, 0.090086148065, 0.0016196080389],
      [0.10109027688, 0.14680426042, 0.023479644631, 0.34297032101, 0.36384390681, 0.021811590245]
    ],
    [
      [0.00089928551203, 0.72116927834, 0.096861859372, 0.013869865131, 0.16671660959, 0.00048310205276],
      [0.00050022671096, 0.012953071817, 0.89893205943, 0.008252620456, 0.078769178264, 0.00059284332516],
      [0.025205940492, 0.0096777278456, 0, 0.073171839992, 0.87807233296, 0.01387215871],
      [0.024522763136, 0.040696275543, 0.012852540456, 0.67671737094, 0.23528708269, 0.0099239672248],
      [0.25439795047, 0.070490591611, 0.013086123417, 0.14996334373, 0.44767247392, 0.06438951684]
    ],
    [
      [0.00047650242343, 0.79824148391, 0.068454854973, 0.0052635789692, 0.12756357972, 0],
      [0.0022602664338, 0.028134445974, 0.83391806533, 0.027719071005, 0.10796815126, 0],
      [0.013326127341, 0.011054494184, 0, 0.082075819127, 0.89354355935, 0],
      [0.012862186238, 0.044439472968, 0.0024880537573, 0.70509269973, 0.23511758731, 0],
      [0.18134824581, 0.090114603201, 0.0085767563011, 0.19443912745, 0.52552126724, 0]
    ],
    [
      [0, 0.78172966014, 0.13290831714, 0, 0.08531533142, 4.6691301259e-05],
      [5.2096355096e-05, 0.011097307713, 0.9401429539, 0.0045221249372, 0.044019011156, 0.00016650593924],
      [0.01047075206, 0.0082410667207, 0.0050169848924, 0.11557832905, 0.84436570441, 0.016327162866],
      [0.0097836605541, 0.034548922932, 0.020357752143, 0.73382746124, 0.19148556621, 0.009996636921],
      [0.13700382115, 0.071739250991, 0.021589175781, 0.21559892844, 0.46945812573, 0.084610697911]
    ],
    [
      [0.0013130822467, 0.71374745071, 0.07033639502, 0.043380310693, 0.17082155224, 0.00040120908849],
      [0.0016442895075, 0.024606388033, 0.86268642135, 0.030130486894, 0.080546128222, 0.0003862859908],
      [0.014739769163, 0.006666872429, 0, 0.079899358858, 0.88568117274, 0.013012826805],
      [0.013874253426, 0.033265310485, 0.0023491602876, 0.73594055862, 0.20660453149, 0.0079661856914],
      [0.18409140764, 0.074239826803, 0.010149483624, 0.19506820279, 0.47232995262, 0.064121126527]
    ],
    [
      [0.0018854100802, 0.73804970065, 0.055770666095, 0.020193764332, 0.18391709472, 0.00018336412133],
      [0.030970725813, 0.036925547755, 0.74534796934, 0.034414829898, 0.15203810887, 0.00030281832241],
      [0.0068352488651, 0, 0, 0.09389765858, 0.89408688901, 0.0051802035419],
      [0.0073719700845, 0.032632574657, 0, 0.73241271892, 0.22402143775, 0.0035612985829],
      [0.2029849375, 0.07224080617, 0, 0.19202708914, 0.50695046096, 0.025796706229]
    ],
    [
      [0.00053469591531, 0.74449542845, 0.099968047931, 0.013253943095, 0.1416818559, 6.6028703766e-05],
      [0.00068932621939, 0.018621015955, 0.88191528333, 0.018545345599, 0.080106645336, 0.00012238355635],
      [0.014826396212, 0.0057764761921, 0, 0.10453190126, 0.86848658908, 0.0063786372516],
      [0.01443195337, 0.030287478631, 0.0090269894323, 0.7328278257, 0.20942100812, 0.0040047447422],
      [0.19752333718, 0.072476441054, 0.01370236255, 0.20612435082, 0.47667653803, 0.033496970359]
    ],
    [
      [0, 0.77970991023, 0.13204549304, 0, 0.088222705452, 2.1891278647e-05],
      [9.9631089197e-05, 0.00886862051, 0.93277942062, 0.0030602516635, 0.055131566713, 6.0509400303e-05],
      [0.014092122851, 0.014555048464, 0.0054301565604, 0.07836748183, 0.8823771472, 0.005178043091],
      [0.014845899128, 0.039748044801, 0.020555005013, 0.68653723779, 0.23462241601, 0.003691397258],
      [0.18729174519, 0.077430419369, 0.021511070038, 0.1743378092, 0.51157269606, 0.027856260144]
    ],
    [
      [0, 0.79537518351, 0.14848699265, 0, 0.05613782384, 0],
      [0, 0.015101491901, 0.96744810876, 0, 0.017450399341, 0],
      [0.02245747959, 0.02726010389, 0.020437074492, 0.13774352362, 0.78461785269, 0.007483965716],
      [0.017467574544, 0.058121452822, 0.029283688041, 0.75569503943, 0.13550160387, 0.0039306412936],
      [0.2448615893, 0.11566954382, 0.031478331468, 0.21420774876, 0.36062768411, 0.033155102542]
    ],
    [
      [0.00013986120498, 0.81155408394, 0.027448774451, 0.0024699680514, 0.15838731236, 0],
      [0.00049023446121, 0.039316770106, 0.87658062748, 0.011648457422, 0.071963910529, 0],
      [0.02710806647, 0.017406895548, 0, 0.10513413278, 0.8503509052, 0],
      [0.030043022245, 0.084698754397, 0.005504185968, 0.70317766807, 0.17657636932, 0],
