{
  "Z_true": {},
  "V_true": [
    [623, 21, 89, 137, 522, 23],
    [12, 782, 59, 752, 111, 48],
    [39, 298, 297, 7486, 172, 193],
    [542, 484, 855, 911, 14102, 600],
    [48, 116, 2007, 930, 455, 102],
    [28, 89, 67, 253, 226, 358]
  ],
  "p_true": [
    [0.4403, 0.0148, 0.0629, 0.0968, 0.3689, 0.0163],
    [0.0068, 0.4433, 0.0334, 0.4263, 0.0629, 0.0272],
    [0.0046, 0.0351, 0.035, 0.8823, 0.0203, 0.0227],
    [0.031, 0.0277, 0.0489, 0.0521, 0.8061, 0.0343],
    [0.0131, 0.0317, 0.5487, 0.2542, 0.1244, 0.0279],
    [0.0274, 0.0872, 0.0656, 0.2478, 0.2214, 0.3506]
  ],
  "Z_est": [
    [
      [10.524, 3.1572, 0, 1.0524, 19.2063, 2.8941, 6.0513, 4.9989, 10.524, 5.262, 0, 0, 0.7893, 0, 0.5262, 0.2631, 3.1572, 0, 0, 12.1026, 0, 7.893, 6.5775, 5.7882, 1.0524, 16.5753, 5.262, 14.4705, 4.2096, 7.893, 8.1561, 8.9454, 7.893, 0.5262, 2.3679, 17.6277, 4.4727, 6.5775, 13.155, 13.9443, 109.7127, 7.1037, 19.7325, 1.8417],
      [5.78, 1.734, 0, 0.578, 10.5485, 1.5895, 3.3235, 2.7455, 5.78, 2.89, 0, 0, 0.4335, 0, 0.289, 0.1445, 1.734, 0, 0, 6.647, 0, 4.335, 3.6125, 3.179, 0.578, 9.1035, 2.89, 7.9475, 2.312, 4.335, 4.4795, 4.913, 4.335, 0.289, 1.3005, 9.6815, 2.4565, 3.6125, 7.225, 7.6585, 60.2565, 3.9015, 10.8375, 1.0115],
      [6.392, 1.9176, 0, 0.6392, 11.6654, 1.7578, 3.6754, 3.0362, 6.392, 3.196, 0, 0, 0.4794, 0, 0.3196, 0.1598, 1.9176, 0, 0, 7.3508, 0, 4.794, 3.995, 3.5156, 0.6392, 10.0674, 3.196, 8.789, 2.5568, 4.794, 4.9538, 5.4332, 4.794, 0.3196, 1.4382, 10.7066, 2.7166, 3.995, 7.99, 8.4694, 66.6366, 4.3146, 11.985, 1.1186],
      [6.796, 2.0388, 0, 0.6796, 12.4027, 1.8689, 3.9077, 3.2281, 6.796, 3.398, 0, 0, 0.5097, 0, 0.3398, 0.1699, 2.0388, 0, 0, 7.8154, 0, 5.097, 4.2475, 3.7378, 0.6796, 10.7037, 3.398, 9.3445, 2.7184, 5.097, 5.2669, 5.7766, 5.097, 0.3398, 1.5291, 11.3833, 2.8883, 4.2475, 8.495, 9.0047, 70.8483, 4.5873, 12.7425, 1.1893],
      [5.216, 1.5648, 0, 0.5216, 9.5192, 1.4344, 2.9992, 2.4776, 5.216, 2.608, 0, 0, 0.3912, 0, 0.2608, 0.1304, 1.5648, 0, 0, 5.9984, 0, 3.912, 3.26, 2.8688, 0.5216, 8.2152, 2.608, 7.172, 2.0864, 3.912, 4.0424, 4.4336, 3.912, 0.2608, 1.1736, 8.7368, 2.2168, 3.26, 6.52, 6.9112, 54.3768, 3.5208, 9.78, 0.9128],
      [5.292, 1.5876, 0, 0.5292, 9.6579, 1.4553, 3.0429, 2.5137, 5.292, 2.646, 0, 0, 0.3969, 0, 0.2646, 0.1323, 1.5876, 0, 0, 6.0858, 0, 3.969, 3.3075, 2.9106, 0.5292, 8.3349, 2.646, 7.2765, 2.1168, 3.969, 4.1013, 4.4982, 3.969, 0.2646, 1.1907, 8.8641, 2.2491, 3.3075, 6.615, 7.0119, 55.1691, 3.5721, 9.9225, 0.9261]
    ],
    [
      [4.7929, 2.9225, 0.1169, 0.5845, 8.0661, 1.6366, 1.169, 3.7408, 6.5464, 1.9873, 0.1169, 0, 0.7014, 0, 0.3507, 0.2338, 1.5197, 0, 0.2338, 5.4943, 0.3507, 6.1957, 4.3253, 3.6239, 1.7535, 7.8323, 5.6112, 9.352, 6.5464, 5.4943, 5.9619, 3.3901, 3.7408, 0, 1.4028, 9.9365, 2.8056, 4.3253, 5.845, 5.2605, 39.6291, 8.7675, 18.704, 5.1436],
      [10.9552, 6.68, 0.2672, 1.336, 18.4368, 3.7408, 2.672, 8.5504, 14.9632, 4.5424, 0.2672, 0, 1.6032, 0, 0.8016, 0.5344, 3.4736, 0, 0.5344, 12.5584, 0.8016, 14.1616, 9.8864, 8.2832, 4.008, 17.9024, 12.8256, 21.376, 14.9632, 12.5584, 13.6272, 7.7488, 8.5504, 0, 3.2064, 22.712, 6.4128, 9.8864, 13.36, 12.024, 90.5808, 20.04, 42.752, 11.7568],
      [6.6543, 4.0575, 0.1623, 0.8115, 11.1987, 2.2722, 1.623, 5.1936, 9.0888, 2.7591, 0.1623, 0, 0.9738, 0, 0.4869, 0.3246, 2.1099, 0, 0.3246, 7.6281, 0.4869, 8.6019, 6.0051, 5.0313, 2.4345, 10.8741, 7.7904, 12.984, 9.0888, 7.6281, 8.2773, 4.7067, 5.1936, 0, 1.9476, 13.7955, 3.8952, 6.0051, 8.115, 7.3035, 55.0197, 12.1725, 25.968, 7.1412],
      [8.3148, 5.07, 0.2028, 1.014, 13.9932, 2.8392, 2.028, 6.4896, 11.3568, 3.4476, 0.2028, 0, 1.2168, 0, 0.6084, 0.4056, 2.6364, 0, 0.4056, 9.5316, 0.6084, 10.7484, 7.5036, 6.2868, 3.042, 13.5876, 9.7344, 16.224, 11.3568, 9.5316, 10.3428, 5.8812, 6.4896, 0, 2.4336, 17.238, 4.8672, 7.5036, 10.14, 9.126, 68.7492, 15.21, 32.448, 8.9232],
      [5.0471, 3.0775, 0.1231, 0.6155, 8.4939, 1.7234, 1.231, 3.9392, 6.8936, 2.0927, 0.1231, 0, 0.7386, 0, 0.3693, 0.2462, 1.6003, 0, 0.2462, 5.7857, 0.3693, 6.5243, 4.5547, 3.8161, 1.8465, 8.2477, 5.9088, 9.848, 6.8936, 5.7857, 6.2781, 3.5699, 3.9392, 0, 1.4772, 10.4635, 2.9544, 4.5547, 6.155, 5.5395, 41.7309, 9.2325, 19.696, 5.4164],
      [5.2398, 3.195, 0.1278, 0.639, 8.8182, 1.7892, 1.278, 4.0896, 7.1568, 2.1726, 0.1278, 0, 0.7668, 0, 0.3834, 0.2556, 1.6614, 0, 0.2556, 6.0066, 0.3834, 6.7734, 4.7286, 3.9618, 1.917, 8.5626, 6.1344, 10.224, 7.1568, 6.0066, 6.5178, 3.7062, 4.0896, 0, 1.5336, 10.863, 3.0672, 4.7286, 6.39, 5.751, 43.3242, 9.585, 20.448, 5.6232]
    ],
    [
      [1.1288, 0.8432, 0.0136, 0.0136, 1.3872, 0.5848, 0.2448, 0.4896, 7.3712, 1.0336, 0.136, 0.1088, 0.3536, 0.748, 0.5168, 0.3808, 1.8496, 0.1088, 0.2992, 2.6792, 0.8704, 3.9984, 3.2096, 1.6048, 1.3328, 2.3392, 2.4208, 2.7064, 2.8288, 3.6856, 4.624, 1.7544, 2.7744, 0.0272, 0.136, 3.4952, 1.8224, 4.0936, 4.5288, 1.8224, 29.1992, 5.3448, 9.8464, 0.6392],
      [1.6019, 1.1966, 0.0193, 0.0193, 1.9686, 0.8299, 0.3474, 0.6948, 10.4606, 1.4668, 0.193, 0.1544, 0.5018, 1.0615, 0.7334, 0.5404, 2.6248, 0.1544, 0.4246, 3.8021, 1.2352, 5.6742, 4.5548, 2.2774, 1.8914, 3.3196, 3.4354, 3.8407, 4.0144, 5.2303, 6.562, 2.4897, 3.9372, 0.0386, 0.193, 4.9601, 2.5862, 5.8093, 6.4269, 2.5862, 41.4371, 7.5849, 13.9732, 0.9071],
      [2.8552, 2.1328, 0.0344, 0.0344, 3.5088, 1.4792, 0.6192, 1.2384, 18.6448, 2.6144, 0.344, 0.2752, 0.8944, 1.892, 1.3072, 0.9632, 4.6784, 0.2752, 0.7568, 6.7768, 2.2016, 10.1136, 8.1184, 4.0592, 3.3712, 5.9168, 6.1232, 6.8456, 7.1552, 9.3224, 11.696, 4.4376, 7.0176, 0.0688, 0.344, 8.8408, 4.6096, 10.3544, 11.4552, 4.6096, 73.8568, 13.5192, 24.9056, 1.6168],
      [73.9198, 55.2172, 0.8906, 0.8906, 90.8412, 38.2958, 16.0308, 32.0616, 482.7052, 67.6856, 8.906, 7.1248, 23.1556, 48.983, 33.8428, 24.9368, 121.1216, 7.1248, 19.5932, 175.4482, 56.9984, 261.8364, 210.1816, 105.0908, 87.2788, 153.1832, 158.5268, 177.2294, 185.2448, 241.3526, 302.804, 114.8874, 181.6824, 1.7812, 8.906, 228.8842, 119.3404, 268.0706, 296.5698, 119.3404, 1912.1182, 350.0058, 644.7944, 41.8582],
      [1.7181, 1.2834, 0.0207, 0.0207, 2.1114, 0.8901, 0.3726, 0.7452, 11.2194, 1.5732, 0.207, 0.1656, 0.5382, 1.1385, 0.7866, 0.5796, 2.8152, 0.1656, 0.4554, 4.0779, 1.3248, 6.0858, 4.8852, 2.4426, 2.0286, 3.5604, 3.6846, 4.1193, 4.3056, 5.6097, 7.038, 2.6703, 4.2228, 0.0414, 0.207, 5.3199, 2.7738, 6.2307, 6.8931, 2.7738, 44.4429, 8.1351, 14.9868, 0.9729],
      [1.7762, 1.3268, 0.0214, 0.0214, 2.1828, 0.9202, 0.3852, 0.7704, 11.5988, 1.6264, 0.214, 0.1712, 0.5564, 1.177, 0.8132, 0.5992, 2.9104, 0.1712, 0.4708, 4.2158, 1.3696, 6.2916, 5.0504, 2.5252, 2.0972, 3.6808, 3.8092, 4.2586, 4.4512, 5.7994, 7.276, 2.7606, 4.3656, 0.0428, 0.214, 5.4998, 2.8676, 6.4414, 7.1262, 2.8676, 45.9458, 8.4102, 15.4936, 1.0058]
    ],
    [
      [8.3916, 4.455, 0.6966, 1.377, 13.284, 6.075, 5.2812, 7.0308, 7.4358, 3.321, 0.0162, 0, 0.9396, 0.1458, 0.3888, 0.2106, 1.7334, 0.0972, 0.162, 13.3812, 0.162, 7.209, 3.4182, 3.9366, 1.6848, 7.6626, 5.8968, 11.3238, 5.5566, 4.4064, 9.0072, 3.4182, 4.3902, 0.7776, 1.1988, 16.0866, 2.4786, 4.1796, 9.7848, 8.8128, 68.1696, 7.1928, 18.873, 3.3534],
      [16.9386, 8.9925, 1.4061, 2.7795, 26.814, 12.2625, 10.6602, 14.1918, 15.0093, 6.7035, 0.0327, 0, 1.8966, 0.2943, 0.7848, 0.4251, 3.4989, 0.1962, 0.327, 27.0102, 0.327, 14.5515, 6.8997, 7.9461, 3.4008, 15.4671, 11.9028, 22.8573, 11.2161, 8.8944, 18.1812, 6.8997, 8.8617, 1.5696, 2.4198, 32.4711, 5.0031, 8.4366, 19.7508, 17.7888, 137.6016, 14.5188, 38.0955, 6.7689],
      [16.2652, 8.635, 1.3502, 2.669, 25.748, 11.775, 10.2364, 13.6276, 14.4126, 6.437, 0.0314, 0, 1.8212, 0.2826, 0.7536, 0.4082, 3.3598, 0.1884, 0.314, 25.9364, 0.314, 13.973, 6.6254, 7.6302, 3.2656, 14.8522, 11.4296, 21.9486, 10.7702, 8.5408, 17.4584, 6.6254, 8.5094, 1.5072, 2.3236, 31.1802, 4.8042, 8.1012, 18.9656, 17.0816, 132.1312, 13.9416, 36.581, 6.4998],
      [35.0168, 18.59, 2.9068, 5.746, 55.432, 25.35, 22.0376, 29.3384, 31.0284, 13.858, 0.0676, 0, 3.9208, 0.6084, 1.6224, 0.8788, 7.2332, 0.4056, 0.676, 55.8376, 0.676, 30.082, 14.2636, 16.4268, 7.0304, 31.9748, 24.6064, 47.2524, 23.1868, 18.3872, 37.5856, 14.2636, 18.3196, 3.2448, 5.0024, 67.1268, 10.3428, 17.4408, 40.8304, 36.7744, 284.4608, 30.0144, 78.754, 13.9932],
      [433.8768, 230.34, 36.0168, 71.196, 686.832, 314.1, 273.0576, 363.5184, 384.4584, 171.708, 0.8376, 0, 48.5808, 7.5384, 20.1024, 10.8888, 89.6232, 5.0256, 8.376, 691.8576, 8.376, 372.732, 176.7336, 203.5368, 87.1104, 396.1848, 304.8864, 585.4824, 287.2968, 227.8272, 465.7056, 176.7336, 226.9896, 40.2048, 61.9824, 831.7368, 128.1528, 216.1008, 505.9104, 455.6544, 3524.6208, 371.8944, 975.804, 173.3832],
      [7.4592, 3.96, 0.6192, 1.224, 11.808, 5.4, 4.6944, 6.2496, 6.6096, 2.952, 0.0144, 0, 0.8352, 0.1296, 0.3456, 0.1872, 1.5408, 0.0864, 0.144, 11.8944, 0.144, 6.408, 3.0384, 3.4992, 1.4976, 6.8112, 5.2416, 10.0656, 4.9392, 3.9168, 8.0064, 3.0384, 3.9024, 0.6912, 1.0656, 14.2992, 2.2032, 3.7152, 8.6976, 7.8336, 60.5952, 6.3936, 16.776, 2.9808]
    ],
    [
      [2.958, 2.436, 0.116, 0.232, 6.786, 1.45, 0.928, 2.494, 4.582, 2.784, 0, 0.058, 0.522, 0.406, 0.522, 0.348, 1.218, 0.058, 0.174, 3.596, 0.348, 9.512, 5.104, 2.784, 2.9, 7.192, 4.756, 6.96, 5.858, 6.554, 7.54, 3.828, 5.104, 0.348, 0.58, 8.758, 3.364, 3.77, 10.266, 5.104, 59.566, 5.626, 13.804, 0.87],
      [4.2534, 3.5028, 0.1668, 0.3336, 9.7578, 2.085, 1.3344, 3.5862, 6.5886, 4.0032, 0, 0.0834, 0.7506, 0.5838, 0.7506, 0.5004, 1.7514, 0.0834, 0.2502, 5.1708, 0.5004, 13.6776, 7.3392, 4.0032, 4.17, 10.3416, 6.8388, 10.008, 8.4234, 9.4242, 10.842, 5.5044, 7.3392, 0.5004, 0.834, 12.5934, 4.8372, 5.421, 14.7618, 7.3392, 85.6518, 8.0898, 19.8492, 1.251],
      [24.888, 20.496, 0.976, 1.952, 57.096, 12.2, 7.808, 20.984, 38.552, 23.424, 0, 0.488, 4.392, 3.416, 4.392, 2.928, 10.248, 0.488, 1.464, 30.256, 2.928, 80.032, 42.944, 23.424, 24.4, 60.512, 40.016, 58.56, 49.288, 55.144, 63.44, 32.208, 42.944, 2.928, 4.88, 73.688, 28.304, 31.72, 86.376, 42.944, 501.176, 47.336, 116.144, 7.32],
      [11.4546, 9.4332, 0.4492, 0.8984, 26.2782, 5.615, 3.5936, 9.6578, 17.7434, 10.7808, 0, 0.2246, 2.0214, 1.5722, 2.0214, 1.3476, 4.7166, 0.2246, 0.6738, 13.9252, 1.3476, 36.8344, 19.7648, 10.7808, 11.23, 27.8504, 18.4172, 26.952, 22.6846, 25.3798, 29.198, 14.8236, 19.7648, 1.3476, 2.246, 33.9146, 13.0268, 14.599, 39.7542, 19.7648, 230.6642, 21.7862, 53.4548, 3.369],
      [3.6771, 3.0282, 0.1442, 0.2884, 8.4357, 1.8025, 1.1536, 3.1003, 5.6959, 3.4608, 0, 0.0721, 0.6489, 0.5047, 0.6489, 0.4326, 1.5141, 0.0721, 0.2163, 4.4702, 0.4326, 11.8244, 6.3448, 3.4608, 3.605, 8.9404, 5.9122, 8.652, 7.2821, 8.1473, 9.373, 4.7586, 6.3448, 0.4326, 0.721, 10.8871, 4.1818, 4.6865, 12.7617, 6.3448, 74.0467, 6.9937, 17.1598, 1.0815],
      [3.7638, 3.0996, 0.1476, 0.2952, 8.6346, 1.845, 1.1808, 3.1734, 5.8302, 3.5424, 0, 0.0738, 0.6642, 0.5166, 0.6642, 0.4428, 1.5498, 0.0738, 0.2214, 4.5756, 0.4428, 12.1032, 6.4944, 3.5424, 3.69, 9.1512, 6.0516, 8.856, 7.4538, 8.3394, 9.594, 4.8708, 6.4944, 0.4428, 0.738, 11.1438, 4.2804, 4.797, 13.0626, 6.4944, 75.7926, 7.1586, 17.5644, 1.107]
    ],
    [
      [2.951, 1.2485, 0.227, 0.1135, 3.5185, 2.043, 0.5675, 1.135, 4.086, 1.2485, 0, 0, 0.3405, 0.227, 0.1135, 0.3405, 0.5675, 0.1135, 0, 3.178, 0.908, 3.9725, 2.27, 1.589, 1.7025, 2.1565, 1.816, 3.2915, 4.6535, 1.4755, 4.767, 1.362, 2.951, 0, 0.3405, 4.767, 1.7025, 4.1995, 3.2915, 1.4755, 28.2615, 4.6535, 11.0095, 1.2485],
      [2.1294, 0.9009, 0.1638, 0.0819, 2.5389, 1.4742, 0.4095, 0.819, 2.9484, 0.9009, 0, 0, 0.2457, 0.1638, 0.0819, 0.2457, 0.4095, 0.0819, 0, 2.2932, 0.6552, 2.8665, 1.638, 1.1466, 1.2285, 1.5561, 1.3104, 2.3751, 3.3579, 1.0647, 3.4398, 0.9828, 2.1294, 0, 0.2457, 3.4398, 1.2285, 3.0303, 2.3751, 1.0647, 20.3931, 3.3579, 7.9443, 0.9009],
      [5.9826, 2.5311, 0.4602, 0.2301, 7.1331, 4.1418, 1.1505, 2.301, 8.2836, 2.5311, 0, 0, 0.6903, 0.4602, 0.2301, 0.6903, 1.1505, 0.2301, 0, 6.4428, 1.8408, 8.0535, 4.602, 3.2214, 3.4515, 4.3719, 3.6816, 6.6729, 9.4341, 2.9913, 9.6642, 2.7612, 5.9826, 0, 0.6903, 9.6642, 3.4515, 8.5137, 6.6729, 2.9913, 57.2949, 9.4341, 22.3197, 2.5311],
      [5.8474, 2.4739, 0.4498, 0.2249, 6.9719, 4.0482, 1.1245, 2.249, 8.0964, 2.4739, 0, 0, 0.6747, 0.4498, 0.2249, 0.6747, 1.1245, 0.2249, 0, 6.2972, 1.7992, 7.8715, 4.498, 3.1486, 3.3735, 4.2731, 3.5984, 6.5221, 9.2209, 2.9237, 9.4458, 2.6988, 5.8474, 0, 0.6747, 9.4458, 3.3735, 8.3213, 6.5221, 2.9237, 56.0001, 9.2209, 21.8153, 2.4739],
      [3.4398, 1.4553, 0.2646, 0.1323, 4.1013, 2.3814, 0.6615, 1.323, 4.7628, 1.4553, 0, 0, 0.3969, 0.2646, 0.1323, 0.3969, 0.6615, 0.1323, 0, 3.7044, 1.0584, 4.6305, 2.646, 1.8522, 1.9845, 2.5137, 2.1168, 3.8367, 5.4243, 1.7199, 5.5566, 1.5876, 3.4398, 0, 0.3969, 5.5566, 1.9845, 4.8951, 3.8367, 1.7199, 32.9427, 5.4243, 12.8331, 1.4553],
      [5.6498, 2.3903, 0.4346, 0.2173, 6.7363, 3.9114, 1.0865, 2.173, 7.8228, 2.3903, 0, 0, 0.6519, 0.4346, 0.2173, 0.6519, 1.0865, 0.2173, 0, 6.0844, 1.7384, 7.6055, 4.346, 3.0422, 3.2595, 4.1287, 3.4768, 6.3017, 8.9093, 2.8249, 9.1266, 2.6076, 5.6498, 0, 0.6519, 9.1266, 3.2595, 8.0401, 6.3017, 2.8249, 54.1077, 8.9093, 21.0781, 2.3903]
    ]
  ],
  "V_est": [
    [372.2865, 204.4675, 226.117, 240.4085, 184.516, 187.2045],
    [206.2116, 471.3408, 286.2972, 357.7392, 217.1484, 225.4392],
    [115.396, 163.7605, 291.884, 7556.741, 175.6395, 181.579],
    [283.4028, 572.0538, 549.3116, 1182.5944, 14652.9744, 251.9136],
    [212.164, 305.0772, 1785.104, 821.5868, 263.7418, 269.9604],
    [115.8835, 83.6199, 234.9321, 229.6229, 135.0783, 221.8633]
  ],
  "p_est": [
    [0.2631, 0.1445, 0.1598, 0.1699, 0.1304, 0.1323],
    [0.1169, 0.2672, 0.1623, 0.2028, 0.1231, 0.1278],
    [0.0136, 0.0193, 0.0344, 0.8906, 0.0207, 0.0214],
    [0.0162, 0.0327, 0.0314, 0.0676, 0.8376, 0.0144],
    [0.058, 0.0834, 0.488, 0.2246, 0.0721, 0.0738],
    [0.1135, 0.0819, 0.2301, 0.2249, 0.1323, 0.2173]
  ],
  "EI_Z": {},
  "EI_V": 9.2581,
  "MAE_Z": {},
  "MAE_V": 174.0378,
  "MAE_p": 0.071,
  "runtime": 175.318
}
