{
  "Z_true": {},
  "V_true": [
    [10, 489, 186, 541],
    [787, 148, 1605, 89],
    [321, 180, 10450, 288],
    [244, 11155, 1457, 568],
    [189, 593, 1540, 393],
    [67, 298, 438, 546]
  ],
  "p_true": [
    [0.0082, 0.3989, 0.1517, 0.4413],
    [0.2994, 0.0563, 0.6105, 0.0339],
    [0.0286, 0.016, 0.9298, 0.0256],
    [0.0182, 0.831, 0.1085, 0.0423],
    [0.0696, 0.2184, 0.5672, 0.1448],
    [0.0497, 0.2209, 0.3247, 0.4047]
  ],
  "Z_est": [
    [
      [0, 0.0035, 0.0016, 0.0001, 0.0011, 0.0015, 0, 0.0026, 0, 0.0012, 0.0198, 0, 0, 0.0021, 0, 0.0004, 0.0013, 0.0028, 0.0005, 0, 0, 0.0007, 0.002, 0, 0, 0, 0, 0.0012, 0.0028, 0, 0.0002, 0, 0, 0, 0],
      [0, 3.9044, 7.7199, 7.0138, 6.0393, 4.488, 0.3802, 35.7324, 6.5588, 16.0806, 39.3417, 2.577, 13.8449, 3.1361, 8.3205, 3.4965, 12.5201, 1.3755, 1.1575, 11.9561, 11.6368, 10.2417, 11.0032, 7.3183, 18.8294, 12.1939, 15.2933, 13.7876, 8.3395, 13.9959, 0.3725, 112.4578, 9.3612, 23.2791, 5.4369],
      [0, 6.957, 7.8858, 11.6415, 17.4043, 9.2009, 0.6065, 36.4623, 7.121, 30.9044, 38.9162, 5.2116, 22.4154, 2.7185, 16.2521, 6.3648, 17.9451, 2.5376, 1.7555, 15.4605, 21.6894, 22.2506, 24.5499, 17.1643, 38.1696, 27.9105, 32.3533, 23.3857, 18.1565, 21.4474, 0.606, 172.4975, 18.8342, 39.0863, 5.3756],
      [0, 0.1351, 0.3927, 0.3446, 0.5553, 0.3096, 0.0133, 1.8027, 0.3202, 1.0138, 1.7223, 0.2113, 0.7398, 0.1433, 0.4274, 0.1382, 0.5335, 0.084, 0.0866, 0.5835, 0.6738, 0.507, 0.4448, 0.5175, 1.001, 0.8956, 1.3534, 0.8256, 0.5012, 0.5567, 0.0214, 6.0446, 0.8047, 1.6345, 0.1875]
    ],
    [
      [3.2564, 3.2482, 14.9467, 12.5462, 8.1672, 3.8888, 3.6767, 30.7349, 9.1692, 17.1951, 40.2481, 3.4434, 13.3968, 3.4665, 6.6507, 8.6062, 20.4549, 3.5046, 3.1443, 42.621, 19.7089, 36.7112, 36.6652, 13.2884, 29.5142, 28.1831, 27.8703, 30.7874, 12.2436, 21.3355, 0.5138, 120.3282, 35.5545, 88.2679, 21.003],
      [0.0577, 0.0026, 0.0261, 0.0059, 0.0129, 0.0014, 0.003, 0.0661, 0.0096, 0.0103, 0.0828, 0.0024, 0.0089, 0.009, 0.0059, 0.0079, 0.0159, 0, 0, 0.0298, 0.0087, 0.1055, 0.1502, 0.0377, 0.0471, 0.0343, 0.0509, 0.0112, 0.0117, 0.0246, 0, 0.0883, 0.0361, 0.0504, 0.0911],
      [5.6858, 7.7491, 32.0273, 36.4389, 21.8173, 11.1037, 8.3204, 66.199, 13.8169, 44.7892, 69.6691, 13.5482, 39.5874, 8.5122, 24.3406, 24.3859, 50.5291, 6.4458, 7.8489, 51.2842, 57.2539, 106.1833, 107.1846, 54.6305, 109.4387, 58.7762, 76.0788, 74.1825, 32.7349, 65.6399, 1.4849, 328.5718, 64.4093, 137.6817, 34.8647],
      [0, 0, 0, 0.009, 0.0026, 0.006, 0, 0, 0.0044, 0.0054, 0, 0.006, 0.007, 0.0123, 0.0028, 0, 0.0001, 0.0496, 0.0068, 0.0651, 0.0285, 0, 0, 0.0433, 0, 0.0064, 0, 0.0189, 0.0098, 0, 0.0014, 0.0117, 0, 0, 0.0412]
    ],
    [
      [1.6443, 7.0012, 10.3145, 10.0896, 12.8292, 6.5606, 5.7929, 26.0174, 9.7893, 24.1793, 37.869, 3.3571, 18.7919, 2.2337, 8.4441, 14.6813, 22.4545, 1.7656, 2.6578, 17.143, 8.0412, 10.2694, 13.1103, 4.4353, 15.5394, 27.5318, 16.8851, 15.8457, 8.7603, 13.7224, 1.4318, 111.5959, 24.5948, 77.4961, 5.5951],
      [1.0738, 1.9274, 4.5766, 3.5859, 3.1702, 1.7836, 1.645, 12.2358, 3.0063, 6.8053, 15.2188, 1.7782, 7.109, 1.3109, 3.5777, 4.7862, 7.987, 0.2272, 0.8134, 5.8323, 2.5816, 3.0165, 3.9601, 3.2052, 7.4835, 5.8273, 4.953, 4.6001, 2.2912, 5.8231, 0.3247, 41.3802, 4.9356, 15.8348, 2.1038],
      [17.3064, 101.2926, 137.0389, 184.7003, 213.6819, 116.1888, 79.6551, 351.1459, 95.4342, 394.5203, 431.0538, 103.387, 353.7683, 33.9485, 210.1708, 256.9038, 346.1538, 20.158, 40.9765, 152.3614, 147.4939, 186.2709, 237.6005, 152.3598, 396.2433, 361.6787, 290.2911, 239.647, 146.2549, 266.9798, 24.3877, 1922.6963, 283.7414, 791.3879, 59.6968],
      [0.9755, 7.7788, 28.0701, 22.6242, 28.3187, 16.467, 6.907, 71.601, 17.7703, 53.4952, 78.8583, 17.4777, 48.3308, 7.5068, 22.8073, 21.6287, 42.4047, 2.8492, 8.5523, 23.6633, 18.8834, 17.4431, 17.329, 18.9997, 42.7337, 47.9622, 49.8708, 34.9072, 16.6936, 28.4747, 3.8558, 277.3276, 49.7282, 136.2812, 8.6043]
    ],
    [
      [0.0985, 0.1551, 0.381, 0.3842, 0.7528, 0.1355, 0.1454, 1.6308, 0.1711, 0.9205, 8.2607, 0, 0.3392, 0.1701, 0.0349, 0.2069, 0.5413, 0.1252, 0.1743, 0, 0.5193, 0.8533, 1.2348, 0, 0, 1.4119, 0.8721, 1.1386, 0.6088, 0.6141, 0.1325, 3.5931, 0.7227, 0.2397, 0.0444],
      [16.4237, 40.5027, 146.8066, 201.2634, 188.0084, 49.1133, 37.5988, 816.1439, 187.623, 352.2227, 1257.6464, 59.6307, 251.3065, 43.1076, 86.8646, 83.8385, 240.1212, 17.9812, 38.7893, 288.4661, 259.2214, 294.1702, 293.4124, 204.6399, 618.1075, 414.8628, 344.9254, 420.3403, 172.7867, 498.5884, 20.8502, 2463.1089, 264.7762, 755.4323, 136.0421],
      [0.4778, 5.6785, 11.9468, 26.8382, 42.7999, 7.8908, 4.6344, 65.0175, 15.9428, 54.6254, 73.8184, 9.6826, 32.9179, 2.5246, 13.6898, 12.3263, 27.8033, 2.1849, 4.4106, 32.1646, 38.7602, 51.59, 53.9313, 39.0411, 103.0886, 76.0573, 59.2747, 57.5029, 29.8429, 62.7108, 2.2451, 308.9001, 43.4446, 105.5215, 10.1341],
      [0, 0.6638, 3.8656, 5.5142, 9.4389, 1.8604, 0.6213, 21.2078, 5.2631, 12.2313, 25.2745, 2.6867, 7.4364, 1.1977, 2.4107, 1.6283, 5.5342, 0.7086, 1.6259, 8.3693, 8.4992, 7.3865, 4.4214, 8.319, 17.8039, 16.668, 15.9277, 14.0182, 5.7616, 10.0867, 0.7721, 72.3979, 12.0565, 28.8065, 2.7794]
    ],
    [
      [0.0007, 0.0091, 0.0342, 0.0122, 0.0349, 0.0167, 0.013, 0.0428, 0.0118, 0.0373, 0.1433, 0, 0.0166, 0.0049, 0, 0.0179, 0.0524, 0.0017, 0.0232, 0, 0.0169, 0.0217, 0.0373, 0, 0, 0.0354, 0.032, 0.0426, 0.0181, 0.0267, 0.0013, 0.1907, 0.0308, 0.0089, 0.0056],
      [0.4447, 2.6587, 15.8045, 8.0783, 9.7205, 5.6038, 3.3549, 31.7264, 9.7879, 17.8112, 52.4863, 4.9898, 15.6695, 2.4345, 9.2026, 7.8501, 26.3147, 0.4144, 4.2398, 22.679, 10.5214, 10.4256, 14.4348, 8.7496, 28.472, 13.0049, 16.7442, 20.2153, 6.5478, 26.4771, 0.4518, 168.6606, 15.848, 42.2549, 5.3024],
      [0.53, 8.8239, 29.8653, 24.7961, 51.5016, 21.3194, 10.0048, 59.6953, 19.6527, 63.1817, 86.3393, 18.8083, 46.8622, 3.9639, 33.278, 26.4759, 69.659, 1.4557, 12.0086, 54.4118, 36.2291, 41.795, 59.3781, 37.9625, 106.4764, 54.8833, 65.3178, 63.3005, 26.3446, 74.8812, 1.4045, 476.9693, 58.8505, 130.8868, 9.7184],
      [0.0245, 0.5082, 4.296, 2.1134, 4.7429, 2.0601, 0.6273, 8.5355, 2.5476, 5.9698, 11.0311, 2.202, 4.4517, 0.5967, 2.5194, 1.6561, 5.974, 0.1282, 1.7284, 5.9092, 3.2326, 2.7577, 3.1497, 3.288, 8.0515, 5.0764, 7.9059, 6.4416, 2.0895, 5.615, 0.1423, 48.1794, 7.2707, 15.8494, 0.9736]
    ],
    [
      [0, 0.5828, 5.3221, 5.9677, 6.2147, 1.3968, 2.372, 7.5715, 1.8587, 9.6666, 18.4592, 2.1995, 6.4555, 0.1227, 2.8703, 2.4872, 4.4957, 0.6001, 0, 7.2361, 3.7138, 5.1437, 4.9503, 4.2763, 5.9464, 12.8378, 4.3404, 6.1846, 3.3664, 8.3013, 0.9204, 32.2921, 8.0971, 28.9873, 2.3519],
      [0, 0.0041, 0.0664, 0.0528, 0.0487, 0.0099, 0.0182, 0.0954, 0.0144, 0.0699, 0.224, 0.0219, 0.0613, 0.0018, 0.0287, 0.0208, 0.0411, 0.0017, 0, 0.0366, 0.0301, 0.0404, 0.0392, 0.0493, 0.0604, 0.0768, 0.0332, 0.0455, 0.023, 0.0909, 0.0008, 0.3041, 0.0429, 0.1485, 0.0237],
      [0, 1.4989, 12.2359, 18.5849, 17.7951, 4.2964, 5.7788, 17.4802, 3.0325, 26.979, 34.2031, 9.3623, 20.4488, 0.3323, 11.2686, 7.5433, 11.9097, 1.2179, 0, 9.3176, 11.5736, 15.9102, 15.3555, 18.8419, 23.5834, 28.694, 12.6843, 15.9814, 9.6663, 27.3408, 2.8718, 94.3649, 15.72, 48.4358, 4.2104],
      [0, 0.9142, 18.3756, 16.3945, 16.9416, 4.2969, 3.831, 25.853, 4.0945, 26.2845, 45.1138, 11.4162, 20.0344, 0.5431, 8.8324, 4.9487, 10.5535, 1.1804, 0, 10.4097, 10.6825, 10.9057, 8.655, 16.8325, 18.4098, 27.3914, 15.9422, 16.7885, 7.9443, 21.2669, 3.2071, 98.0388, 20.1399, 60.4283, 4.414]
    ]
  ],
  "V_est": [
    [0.0453, 459.1905, 741.2378, 25.5263],
    [774.341, 1.1061, 1853.2146, 0.3383],
    [598.471, 196.7714, 9146.5761, 1297.1815],
    [26.6129, 11564.7234, 1489.4202, 343.2435],
    [0.9409, 639.3821, 1887.0317, 187.6454],
    [217.5889, 1.8264, 558.5196, 571.065]
  ],
  "p_est": [
    [0, 0.3745, 0.6046, 0.0208],
    [0.2945, 0.0004, 0.7049, 0.0001],
    [0.0532, 0.0175, 0.8138, 0.1154],
    [0.002, 0.8615, 0.111, 0.0256],
    [0.0003, 0.2355, 0.695, 0.0691],
    [0.1613, 0.0014, 0.414, 0.4233]
  ],
  "EI_Z": {},
  "EI_V": 9.9399,
  "MAE_Z": {},
  "MAE_V": 269.8839,
  "MAE_p": 0.0884,
  "runtime": 0.212
}
