{
  "Z_true": {},
  "V_true": [
    [51, 45, 41, 735, 375],
    [72, 600, 2336, 744, 89],
    [292, 2710, 900, 535, 111],
    [230, 73, 402, 21574, 239],
    [1120, 321, 225, 700, 77],
    [76, 86, 160, 337, 122]
  ],
  "p_true": [
    [0.0409, 0.0361, 0.0329, 0.5894, 0.3007],
    [0.0187, 0.1562, 0.6082, 0.1937, 0.0232],
    [0.0642, 0.5959, 0.1979, 0.1176, 0.0244],
    [0.0102, 0.0032, 0.0179, 0.9581, 0.0106],
    [0.4585, 0.1314, 0.0921, 0.2865, 0.0315],
    [0.0973, 0.1101, 0.2049, 0.4315, 0.1562]
  ],
  "Z_est": [
    [
      [2, 0, 2, 0.6104, 3, 0, 2.0001, 0.0821, 0, 4, 4, 1, 1, 0.0312, 3, 1.9996, 4, 1.9994, 3.9904, 0.996, 2.9996, 1.7762, 1.0004, 1.9972, 0.3414, 0, 0.3332, 0.2363, 0.1249, 3, 2, 1.9999, 3, 1, 1.0038, 0.8675, 0, 6, 3, 2, 0, 3, 3, 0.5141, 0.0578, 0.1656, 0.121, 4, 3, 0, 4, 5, 0, 3, 0, 4, 1.9994, 3, 2, 3, 3, 0.5399, 2, 4, 1, 2, 16, 3, 6, 2],
      [3.3005e-08, 0.0849, 1.3866e-10, 0.0797, 2, 0, 0.9972, 0.0408, 0.0442, 2, 2, 1, 1, 0.0251, 2.5239e-13, 0.0004, 2, 0.0003, 0.0095, 0, 1, 0.0016, 0, 0.0038, 0.0986, 0, 0.2153, 0.1355, 0.1558, 2, 1, 0.0001, 9.4731e-17, 1, 0.0005, 0.0001, 0.0954, 8, 5, 1, 0, 2, 1, 0.5726, 0.0157, 0.149, 0.0762, 5, 2, 0, 4, 8, 0, 1, 0, 3, 0, 1, 1.7809e-06, 2, 4, 0.0511, 2, 5, 1, 1, 27, 1, 8, 1],
      [1, 0.6236, 1, 0.3331, 1, 0, 0.0099, 0.2628, 0.2713, 1, 1, 2, 2, 0, 2.5272e-13, 0.0004, 2, 1.0003, 1.0005, 0.0002, 2.0682e-07, 0.109, 0.0004, 0.0052, 0, 0, 0.3, 0.1202, 0.086, 1, 1, 0.0001, 1, 1, 0.0002, 0.0003, 0.333, 6, 7, 1, 0, 4, 2, 0.5836, 0.0148, 0.2593, 0.0602, 4, 1, 0, 4, 6, 0, 1.2823e-07, 0, 3, 0.0006, 2, 3.2498e-06, 3, 1, 0.1787, 1, 7, 0, 1, 30, 1, 10, 2],
      [4, 1.2253, 13, 0.9613, 10, 0, 6.9914, 0.5963, 0.6224, 17, 13, 2, 3, 0.9437, 6, 3.9996, 9, 2, 11.9945, 1.0038, 6.0004, 3.1131, 1.9991, 3.9938, 0.5207, 0, 1.1515, 0.5027, 0.616, 12, 12, 4.9999, 10, 10, 1.9955, 3.1321, 0.5571, 39, 39, 7, 0, 6, 7, 2.1233, 1.8408, 1.4261, 1.6654, 43, 10, 0, 35, 49, 0, 7, 0, 17, 2, 17, 5, 19, 14, 1.2303, 14, 59, 6.9999, 16, 189, 10, 49, 5],
      [4.5403e-11, 0.0662, 1.3747e-13, 0.0155, 1.2829e-10, 0, 0.0013, 0.0181, 0.0621, 3.3238e-30, 2.0907e-23, 0, 2.2397e-09, 0, 7.8761e-15, 6.6293e-07, 1.7989e-09, 8.0397e-06, 0.005, 7.4706e-06, 6.4104e-07, 0.0001, 0, 6.9604e-06, 0.0393, 0, 0, 0.0052, 0.0173, 1.9058e-16, 4.6415e-10, 1.6957e-06, 1.4815e-19, 4.3207e-10, 2.0781e-06, 3.0502e-06, 0.0146, 2, 1, 5.1406e-12, 0, 9.6096e-10, 2.6326e-08, 0.2063, 0.0709, 0, 0.0772, 1, 1.3281e-21, 0, 1, 1, 0, 3.9316e-08, 0, 2.0059e-21, 3.3833e-09, 2.5389e-15, 5.3381e-06, 1.2781e-17, 1.563e-28, 0, 5.6716e-14, 2, 0, 1.1982e-12, 8, 1.6922e-25, 2, 2.9093e-08]
    ],
    [
      [2, 0, 2.9743e-11, 1.4175, 2, 0.2358, 0.995, 0.2391, 0, 4, 8, 3, 2, 0.0156, 2, 0.9997, 6, 0.9997, 1.0082, 0.9999, 0.9998, 0.2202, 1.9993, 0.0034, 0.4874, 0, 0.2617, 0.9738, 0.0932, 3, 2, 1.0002, 3, 1, 1.9958, 0.8692, 0, 7, 5, 3, 0.0973, 7, 3, 0.0836, 0.1568, 0.5767, 0.0715, 5, 5, 0.2923, 5, 10, 0.298, 4, 0.3676, 5, 4.9988, 1, 0, 1, 4, 0.7477, 1, 5, 0, 1, 38, 6, 16, 2],
      [13, 0.5849, 2, 1.6025, 5, 2.1904, 0.9961, 0.5386, 0.3251, 6, 8, 24, 21, 0.0734, 5, 3.9996, 7, 16.0006, 1.9871, 6.0074, 2, 4.7704, 1, 4.9926, 0.4758, 0.2924, 0.2583, 1.8742, 0.7144, 3, 2, 2.9999, 5, 3, 1.9959, 0.0001, 1.6541, 14, 16, 6, 0, 23, 5, 1.7774, 0.1055, 1.6526, 0.6342, 16, 10, 1.8898, 11, 22, 0.7531, 4, 0, 11, 1.9994, 5, 3, 9, 17, 0.9702, 5, 10, 0, 2, 83, 12, 38, 18.9999],
      [16, 3.7537, 1, 1.8637, 1, 0.591, 0, 1.9877, 2.3776, 4, 5, 42, 32.0001, 0, 2, 3.0017, 7, 23.9991, 1.0014, 5.0038, 1.0006, 1.2196, 0.0001, 1.002, 0, 0.546, 0.2166, 1.0293, 0.3284, 2, 1, 0.0002, 3, 1, 1.0006, 0.131, 7.2429, 11, 17, 5, 0.48, 35, 7, 2.4556, 0.1869, 1.6996, 0.1695, 12, 3, 0.7568, 8, 17, 0.3542, 1, 0.2433, 9, 3.0012, 5, 1.0002, 11, 6, 1.5417, 3, 12, 1.9999, 1, 87, 12, 44, 25.9999],
      [60, 6.0931, 15, 9.9681, 13, 1.7497, 2.0089, 4.0365, 4.6853, 42, 43, 38, 57.9999, 0.911, 26, 16.9987, 25, 41, 9.9926, 20.985, 7.9994, 10.7895, 3.9996, 12.9962, 1.7874, 2.1616, 1.2635, 5.9685, 1.7934, 19, 15, 8.9996, 38, 15, 9.0076, 4.9997, 8.5828, 63, 99, 31, 2.4227, 48, 24, 6.2406, 1.889, 9.0711, 1.9499, 113, 35, 2.9619, 73, 131, 2.5947, 15, 0.3153, 49, 14.0005, 35, 13.9998, 50, 51, 4.7404, 32, 104, 4.9999, 17, 546, 73, 204, 61.0001],
      [1, 0.5683, 1.0779e-11, 0.1482, 1.598e-10, 0.2332, 0.0001, 0.1982, 0.612, 1, 1, 3, 1, 0, 1.3402e-13, 0.0003, 2, 1.0006, 0.0108, 1.0039, 0.0002, 0.0003, 0.0009, 0.0058, 0.2495, 0, 0, 0.1542, 0.0705, 1, 7.0999e-10, 0.0001, 1, 1.0688e-06, 0.0002, 0, 0.5203, 3, 3, 1, 0, 6, 2, 0.4428, 0.6618, 0, 0.1749, 3, 1, 0.0992, 2, 4, 0, 2.5953e-07, 0.0739, 2, 0, 1, 0, 1, 2, 0, 2.2134e-15, 4, 0.0001, 8.1669e-13, 24, 2, 9, 1]
    ],
    [
      [1, 0, 3.6284e-11, 0.6615, 4, 0.3416, 1, 0.1115, 0, 5, 11, 1, 1, 0.0435, 4, 4.707e-06, 7, 1, 0.0152, 0.0003, 1, 0.0006, 0.001, 1, 1.8587, 0, 0.728, 0.6526, 0.1797, 5, 4.73e-10, 0.0002, 3, 3.5994e-10, 1, 0.1307, 0, 13, 5, 2, 0, 5, 1, 0.0326, 0.0341, 0.0337, 0.0704, 6, 12, 0.1286, 8, 17, 0.0474, 5, 0.7043, 4, 5.0012, 1, 6.1324e-06, 2, 10, 0.3716, 2, 4, 2.2387e-06, 1, 44, 4, 16, 0],
      [7, 0.2968, 1, 2.4443, 7, 2.3404, 2.9949, 0.3316, 0.1097, 8, 14, 14, 13, 0.1686, 5, 4.9988, 10, 12.9991, 0.0026, 8.0153, 7.001, 4.204, 2.001, 4.9972, 1.0236, 0.1733, 1.847, 0.8308, 1.653, 4, 2, 0.9999, 4, 4, 2.0037, 1.1307, 0.3005, 24, 18, 6, 0, 14, 3, 0.1552, 0.6732, 0.202, 0.2248, 18, 25, 1.484, 18, 42, 0.1793, 4, 0, 8, 2.9989, 2, 0, 7, 36, 0.4044, 3, 11, 0, 3, 91, 10, 37, 10],
      [10, 1.7453, 2, 3.408, 8, 0.7204, 0.9951, 1.2177, 0.6703, 6, 10, 28, 23, 0, 5, 3.0007, 12, 22.0036, 2.9806, 7.9886, 3.0002, 2.0126, 1.9982, 2.9891, 0, 0.3829, 1.7391, 0.729, 0.963, 5, 4, 2.0003, 4, 4, 1.9998, 0.8692, 1.158, 23, 22, 7, 0, 25, 6, 0.8008, 0.4321, 0.4211, 0.1475, 16, 12, 0.697, 18, 32, 0.065, 5, 0.5212, 10, 4.0017, 7, 3, 13, 18, 0.9368, 7, 15, 0.0001, 3, 100, 12, 47, 13.0002],
      [35, 2.702, 16, 10.4052, 35, 2.3638, 13.0011, 2.2101, 1.0655, 55, 71, 24, 39.9999, 4.7879, 46, 15.0005, 37, 35.9973, 7.9957, 26.9958, 19.9988, 12.7825, 6.9993, 18.0021, 5.6789, 1.4438, 5.686, 2.7032, 3.991, 33, 16, 7.9996, 40, 29, 8.9961, 6.8693, 1.4871, 124, 117, 32, 0, 31, 17, 1.9363, 2.5321, 1.3432, 2.3364, 139, 98, 2.6087, 138, 242, 0.7083, 27, 0.653, 45, 16.9977, 29, 8, 53, 121, 3.2872, 41, 118, 2.9999, 26, 618, 62, 209, 27.9998],
      [1, 0.2559, 1.785e-11, 0.0809, 1, 0.2338, 0.0089, 0.1292, 0.1545, 1, 2, 2, 1, 0, 1, 0, 3, 1, 0.0059, 1, 1.923e-06, 0.0003, 0.0005, 0.0117, 0.4388, 0, 0, 0.0843, 0.2132, 2, 1.4211e-09, 9.6664e-06, 1, 1.0693e-06, 0.0004, 0.0001, 0.0543, 7, 4, 1, 0, 4, 1, 0.075, 0.3285, 0, 0.2209, 4, 4, 0.0816, 4, 7, 0, 1, 0.1215, 2, 0.0006, 9.1897e-19, 0, 1, 4, 0, 2.1801e-13, 5, 7.5885e-07, 2.6829e-12, 27, 2, 10, 1.5181e-06]
    ],
    [
      [6, 0, 6, 3.2162, 16, 0.3651, 7.001, 0.5157, 0, 37, 44, 1, 3, 1.8629, 24, 3.0003, 17, 2.0009, 6.985, 1.9998, 7.0002, 2.8914, 4.9988, 4.9939, 4.8436, 0, 1.4755, 2.5048, 0.5262, 25, 8, 5.9994, 27, 3, 4.9961, 4.1309, 0, 45, 25, 11, 0.8782, 10, 8, 0.3185, 0.7366, 1.0026, 0.72, 43, 43, 0.3914, 42, 78, 1.4794, 24, 0.7012, 25, 18.9989, 11, 3.9999, 10, 31, 2.9039, 16, 37, 3.9999, 12, 227, 28, 80, 3],
      [33, 0.8994, 13, 5.7876, 27, 2.1466, 11.9999, 0.9645, 0.521, 44, 47, 18, 30, 2.6024, 29, 16.0006, 20, 27.9987, 1.9983, 18.9696, 19.9992, 14.1202, 5.9987, 19.0163, 3.0557, 0.5343, 4.8864, 4.0463, 2.8602, 16, 12, 7.9997, 27, 21, 5.9994, 3.869, 1.7007, 82, 85, 23, 0, 27, 11, 2.9494, 2.1525, 3.8298, 1.9554, 111, 83, 3.3806, 92, 180, 2.6155, 18, 0, 42, 9.0005, 20, 6.9999, 37, 112, 3.2889, 30, 84, 3.9998, 19, 469, 53, 178, 31.0001],
      [51, 4.06, 19, 9.0505, 17, 0.5774, 2.9936, 4.1139, 3.6809, 38, 35, 35, 54.9999, 0, 26, 18.9966, 27, 48.9979, 10.0135, 22.9992, 12.9992, 7.6573, 5.0011, 8.9947, 0, 1.0712, 3.2367, 2.2229, 1.3664, 23, 15, 9.9991, 35, 17, 10.9871, 4.9976, 7.1456, 70, 106, 29, 3.4114, 46, 23, 4.8098, 1.2151, 4.4267, 1.5848, 98, 36, 1.9042, 84, 144, 2.2351, 13, 0.4536, 46, 16.996, 38, 12.9999, 56, 53, 5.8287, 34, 112, 6, 16, 510, 65, 220, 47.9997],
      [183, 8.0626, 234, 47.7528, 124, 2.47, 76.0015, 10.8178, 8.6268, 360, 269, 32, 93.0002, 85.5346, 265, 88.0026, 87, 87.003, 78.005, 82.0318, 94.0012, 61.1118, 46.0042, 84.9982, 18.0861, 5.3945, 23.4015, 15.6885, 8.7826, 160, 147, 89.0014, 339, 168, 50.0217, 115.0041, 11.7982, 411, 581, 151, 27.7104, 62, 81, 19.834, 61.5792, 27.7408, 16.973, 911, 335, 8.0818, 713, 1087, 18.67, 117, 0.6925, 239, 64.0046, 244, 113.0004, 275, 380, 25.9785, 330, 949, 88.0004, 233, 3194, 369, 1016, 110.0002],
      [5, 0.9781, 3, 1.1929, 6, 0.4408, 3.004, 0.5882, 1.1713, 10, 10, 2, 2, 0, 6, 1, 8, 1.9994, 2.9982, 3.9997, 3.0002, 1.2193, 4.9972, 2.9969, 2.0145, 0, 0, 0.5376, 0.4645, 10, 7, 2.0003, 10, 4, 2.9958, 1.9984, 0.3555, 23, 22, 8, 0, 7, 7, 2.0882, 4.3166, 0, 2.7669, 28, 14, 0.2421, 23, 33, 0, 4, 0.1527, 11, 1, 7, 4, 9, 15, 0, 7, 40, 3.9999, 7, 142, 14, 49, 3]
    ],
    [
      [5.5873e-10, 0, 6.0561e-11, 0.0944, 3, 0.0575, 1.0001, 0.0516, 0, 4, 7, 0, 0.0001, 0.0288, 2, 0.0004, 4, 0, 0.0012, 0.0039, 0.0002, 0.1115, 0.0001, 0.0055, 0.4688, 0, 0.1342, 0.5157, 0.0599, 2, 1.014e-09, 0.0002, 2, 2.6418e-10, 0.0042, 0.0017, 0, 7, 2, 5.7114e-09, 0.0246, 1, 1, 0.0397, 0.0096, 0.1238, 0.0099, 3, 8, 0.1003, 4, 9, 0.1458, 4, 1.0181, 3, 4.0017, 1, 0, 7.251e-19, 5, 0.4369, 1, 2, 0, 1, 23, 2, 9, 1.3472e-06],
      [2, 0.134, 1, 0.0858, 5, 0.3226, 2.0069, 0.1246, 0, 5, 8, 3, 4, 0.0756, 2, 0.9998, 4, 2.0009, 0.0016, 1.0076, 0.9998, 0.8992, 0.0001, 1.9891, 0.3464, 0, 0.483, 1.0214, 0.4097, 1, 1, 0.0003, 2, 1, 0.0003, 0.0001, 0.2494, 13, 7, 1, 0, 4, 1, 0.2825, 0.0502, 0.0878, 0.0559, 7, 16, 0.4162, 8, 20, 0.3735, 3, 0, 6, 2.0006, 2, 0, 2, 19, 0.2854, 1, 6, 0, 2, 49, 5, 20, 1],
      [3, 0.8175, 1, 0.3447, 3, 0.1112, 0.0011, 0.418, 0, 4, 5, 5, 6.9999, 0, 1, 2.0003, 5, 3.9994, 1.0008, 1.0042, 1, 0.0011, 0.0001, 1.0043, 0, 0, 0.3071, 0.8172, 0.1765, 2, 1, 0.0002, 3, 5.6894e-10, 1.0121, 0.0002, 1.1205, 11, 9, 2, 0.1086, 7, 2, 0.2624, 0.1478, 0.1181, 0.0216, 6, 7, 0.2161, 7, 16, 0.2586, 2, 0.6314, 6, 3.9994, 4, 1, 3, 8, 0.5141, 2, 8, 0, 2, 53, 6, 24, 2],
      [15, 1.917, 18, 2.9126, 25, 0.4164, 13.9959, 1.3393, 0, 50, 47, 6, 16, 1.8956, 24, 9.9995, 21, 7.9994, 7.009, 9.98, 9.0002, 8.9847, 5.9976, 9.0103, 1.9269, 0, 2.0757, 4.5319, 1.2897, 18, 14, 8.9994, 33, 8, 8.9792, 5.8673, 1.5748, 64, 56, 14, 0.8668, 10, 10, 1.9542, 5.4877, 0.6702, 0.7853, 66, 66, 1.2126, 70, 127, 2.2221, 21, 1.0574, 36, 14.9983, 27, 16, 18, 67, 3.7636, 22, 72, 3.9999, 33, 334, 38, 116, 7],
      [1, 0.1315, 1, 0.5625, 1, 0.0922, 0.996, 0.0664, 0, 1, 2, 1, 0, 0, 7.8777e-15, 0, 2, 0.0003, 1.9874, 0.0042, 0.9998, 0.0035, 1.0021, 1.9908, 0.2579, 0, 0, 0.1137, 0.0642, 1, 1, 0.9998, 1, 1, 0.0042, 0.1307, 0.0553, 5, 2, 1, 0, 2, 1, 0.4611, 0.3046, 0, 0.1273, 2, 3, 0.0548, 2, 3, 0, 8.0203e-08, 0.2931, 3, 1.6562e-08, 1, 1, 1, 2, 0, 1, 2, 0, 2, 15, 1, 5, 6.3237e-08]
    ],
    [
      [1.0502e-08, 0, 1.0609e-11, 0, 6.4961e-11, 0, 0.0039, 0, 0, 1, 2, 4.9544e-07, 6.166e-07, 0.018, 2.6836e-13, 0.0001, 3.1482e-09, 2.9008e-07, 6.0705e-06, 0.0001, 0.0002, 0.0001, 0.0004, 0, 0, 0, 0.0674, 0.1167, 0.0162, 1, 2.7198e-10, 2.6911e-06, 1.6683e-17, 5.2782e-11, 0.0002, 0, 0, 2, 4.5199e-27, 1.1286e-10, 0, 1, 1.1157e-07, 0.0114, 0.005, 0.0976, 0.0071, 1, 1, 0.0874, 2.4672e-29, 2, 0.0294, 1.9156e-07, 0.2088, 1, 1, 4.6977e-19, 0, 2.4783e-17, 8.0169e-25, 0, 1.09e-13, 1.1553e-24, 1.0501e-06, 7.9748e-13, 7, 1, 4, 8.3464e-08],
      [1, 0, 1.7929e-11, 0, 1, 0, 0.005, 0, 0, 1, 2, 2.9218e-06, 4.0053e-07, 0.0548, 1, 0.0007, 1, 0.0003, 0.0009, 0.0001, 6.0623e-08, 0.0046, 0.0001, 0.0011, 0, 0, 0.3101, 0.0918, 0.2068, 4.4556e-15, 7.0424e-10, 0.0001, 2.3857e-20, 1.069e-06, 0.0002, 2.1757e-06, 0, 4, 3, 2.6179e-10, 0, 2, 2.8752e-07, 0.2629, 0.0029, 0.0788, 0.0535, 2, 3, 0.8294, 2, 6, 0.0785, 3.934e-08, 0, 1, 0.0006, 5.0776e-15, 0, 7.6589e-19, 3, 0, 3.3728e-19, 1, 0, 4.1069e-13, 15, 2, 9, 1],
      [2, 0, 4.3845e-11, 0, 4.1852e-11, 0, 0.0002, 0, 0, 1, 1, 1, 1, 0, 3.172e-14, 0.0004, 1, 0.9997, 0.0032, 0.0039, 1.0201e-07, 0.0004, 0, 0.0048, 0, 0, 0.2007, 0.0814, 0.0796, 4.8833e-15, 5.037e-10, 9.2634e-06, 7.8797e-17, 1.1303e-10, 0.0001, 0.0017, 0, 3, 3, 4.9073e-09, 0, 4, 1, 0.0877, 0.0033, 0.0752, 0.0165, 2, 1, 0.426, 1, 5, 0.0872, 1.2059e-07, 0.1505, 2, 0.0012, 1, 2.5891e-06, 1.2094e-17, 1, 0, 1.736e-20, 1, 5.9915e-06, 1.8777e-12, 16, 3, 12, 2.0001],
      [8, 0, 5, 0, 5, 0, 2.0012, 0, 0, 11, 13, 1, 3, 1.9272, 11, 3.9992, 4, 2.0003, 0.0032, 2.0037, 2, 2.2184, 2.0002, 0.9993, 0, 0, 1.4219, 0.6052, 0.5271, 7, 4, 2.0001, 11, 3, 1.9999, 2.1275, 0, 20, 20, 3, 0, 6, 3, 0.9115, 0.6713, 0.7484, 0.2901, 21, 13, 2.1349, 16, 40, 0.8049, 3, 0.2819, 11, 4.9988, 9, 3.9999, 2, 11, 0, 5, 15, 2, 3, 106, 20, 56, 6],
      [2, 0, 1, 0, 3, 0, 1.9897, 0, 0, 2, 2, 1, 2, 0, 2, 0.9997, 2, 1.9997, 0.9927, 1.9922, 1.9998, 1.7765, 1.9994, 0.9948, 0, 0, 0, 0.1049, 0.1702, 2, 2, 0.9998, 2, 1, 1.9995, 0.8708, 0, 2, 3, 2, 0, 2, 2, 0.7265, 0.3175, 0, 0.6328, 2, 3, 0.5222, 2, 3, 0, 3, 0.3588, 2, 0.9994, 2, 1, 2, 3, 0, 2, 3, 1, 1, 7, 3, 5, 2.9999]
    ]
  ],
  "V_est": [
    [147.7873, 110.8538, 116.5537, 853.206, 18.5993],
    [195.5047, 512.1159, 520.1856, 2524.9633, 88.2304],
    [220.1493, 552.1895, 607.5951, 3060.565, 107.501],
    [1133.4381, 2348.1469, 2503.0272, 15918.8687, 614.5192],
    [118.4506, 248.7106, 249.4145, 1747.7208, 78.7034],
    [25.6701, 62.9833, 67.2238, 519.6761, 105.4467]
  ],
  "p_est": [
    [0.1185, 0.0889, 0.0935, 0.6842, 0.0149],
    [0.0509, 0.1333, 0.1354, 0.6574, 0.023],
    [0.0484, 0.1214, 0.1336, 0.6729, 0.0236],
    [0.0503, 0.1043, 0.1112, 0.7069, 0.0273],
    [0.0485, 0.1018, 0.1021, 0.7154, 0.0322],
    [0.0329, 0.0806, 0.0861, 0.6654, 0.135]
  ],
  "EI_Z": {},
  "EI_V": 33.066,
  "MAE_Z": {},
  "MAE_V": 779.872,
  "MAE_p": 0.1508,
  "runtime": 0.5821
}
