{
  "Z_true": {},
  "V_true": [
    [45, 692, 32, 733, 344, 70],
    [21, 25, 961, 57, 894, 96],
    [187, 160, 400, 146, 12597, 483],
    [110, 248, 61, 3218, 484, 159],
    [220, 247, 151, 831, 1033, 444],
    [842, 74, 20, 387, 634, 144],
    [46, 48, 88, 130, 701, 695]
  ],
  "p_true": [
    [0.0235, 0.3612, 0.0167, 0.3826, 0.1795, 0.0365],
    [0.0102, 0.0122, 0.4679, 0.0278, 0.4352, 0.0467],
    [0.0134, 0.0115, 0.0286, 0.0104, 0.9015, 0.0346],
    [0.0257, 0.0579, 0.0143, 0.7519, 0.1131, 0.0371],
    [0.0752, 0.0844, 0.0516, 0.284, 0.353, 0.1517],
    [0.4008, 0.0352, 0.0095, 0.1842, 0.3018, 0.0685],
    [0.0269, 0.0281, 0.0515, 0.0761, 0.4104, 0.4069]
  ],
  "Z_est": [
    [
      [0.0106, 0.0567, 0.0235, 0.2473, 0.1686, 0.052, 0.0983, 0.1508, 0.3138, 0.0979, 0, 0.2123, 0.3031, 0.0483, 0, 0.0041, 0.0026, 0.0123, 0.1015, 0.1571, 0.255, 0.0602, 0.0336, 0, 0.1123, 0.0921, 0, 0.2175, 0.0295, 0.0956, 0.0662, 0.1757, 0.0191, 0.0003, 0, 0, 0, 0, 0.0067, 0.2329, 0.0015, 0.0801, 0.0456, 0.5527, 0],
      [3.0447, 5.9815, 4.6839, 32.751, 15.3541, 12.6978, 20.9237, 14.311, 43.0516, 9.1269, 0, 25.7099, 33.82, 5.8171, 3.8778, 0.7809, 1.54, 0.5583, 28.5133, 18.0895, 27.8392, 34.4567, 10.8019, 5.0728, 25.3133, 14.2697, 13.098, 35.8272, 21.2021, 29.3264, 4.8936, 36.2128, 2.3422, 2.4603, 26.5888, 33.6159, 9.7302, 15.2265, 5.1049, 29.6128, 0.5992, 20.4226, 3.8518, 65.0944, 6.0936],
      [0.0117, 0.0618, 0.0383, 0.3376, 0, 0.0563, 0.1504, 0.0829, 0.4257, 0.3048, 0, 0.1366, 0.1755, 0.0895, 0.0838, 0.0042, 0.0189, 0.0161, 0.0061, 0.1559, 0.1259, 0.24, 0.0369, 0.2013, 0.1939, 0.1209, 0.0735, 0.2251, 0.2374, 0.1546, 0, 0.2614, 0.0281, 0.0015, 0, 0.6424, 0, 0.1235, 0, 0.2415, 0.0085, 0.1068, 0.0525, 0.77, 0],
      [2.5525, 9.7494, 6.4686, 37.7565, 26.6118, 14.2786, 26.0163, 20.1234, 68.7513, 21.9224, 0, 42.8936, 44.1022, 6.1397, 4.3428, 0.1854, 2.0819, 1.3113, 34.3453, 21.8706, 35.2177, 50.5097, 9.9706, 5.9835, 34.0622, 18.0442, 16.4772, 40.8987, 17.9325, 28.0021, 11.7544, 66.3621, 4.0723, 3.0949, 28.8079, 49.5919, 12.1999, 23.4087, 4.3875, 34.8911, 2.1727, 31.8111, 8.0551, 78.0153, 12.693],
      [0.3634, 1.09, 0.7465, 3.6629, 2.7248, 1.8291, 3.6565, 2.2228, 7.1234, 2.4453, 0, 4.7288, 4.3673, 0.8354, 0.6466, 0.0232, 0.3347, 0.102, 5.709, 2.6014, 4.3043, 5.4089, 1.0837, 0.6767, 4.0689, 2.3653, 2.257, 5.5153, 2.451, 4.1747, 1.209, 7.6137, 0.512, 0.4232, 2.41, 4.9673, 1.9122, 3.0788, 0.4768, 3.8471, 0.1975, 4.392, 0.9343, 8.8681, 1.1862],
      [0.0171, 0.0606, 0.039, 0.2447, 0.1406, 0.0863, 0.1549, 0.1093, 0.3342, 0.1027, 0, 0.319, 0.2319, 0.07, 0.049, 0.0023, 0.0219, 0, 0.3247, 0.1255, 0.258, 0.3245, 0.0734, 0.0657, 0.2495, 0.1078, 0.0943, 0.3162, 0.1475, 0.2467, 0.0768, 0.3745, 0.0263, 0.0198, 0.1932, 0.1824, 0.1578, 0.1626, 0.024, 0.1745, 0.0205, 0.1875, 0.0607, 0.6994, 0.0272]
    ],
    [
      [0, 0.0702, 0.0001, 0.0069, 0.005, 0, 0, 0.0388, 0.0212, 0.0092, 0.0555, 0.0316, 0.1112, 0, 0, 0.0016, 0, 0, 0, 0.0074, 0.0207, 0, 0.0004, 0, 0, 0.0181, 0, 0.0152, 0, 0, 1.3255, 0, 0.0002, 0, 1.8523, 0, 0, 0, 0.168, 0.305, 0, 0, 0.0172, 0.5067, 0],
      [0.1429, 0.4966, 0.1531, 0.2259, 0.2383, 0.2341, 0.5653, 0.4162, 0.7697, 0.179, 0.0516, 0.7231, 1.1968, 0.4869, 0.0394, 0.1354, 0.0597, 0, 1.6327, 0.1758, 0.4036, 0.288, 0.3045, 0.0203, 0.6396, 0.6118, 0.5582, 0.816, 0.4589, 0.4442, 0.1284, 0.8139, 0.0245, 0.5456, 2.1624, 0.7638, 1.3196, 0.2611, 0.1406, 2.0624, 0.0265, 0.5112, 0.1541, 3.5168, 2.0421],
      [5.5273, 39.0554, 10.4831, 14.9876, 11.8801, 10.3402, 33.6461, 23.7527, 54.4958, 31.3388, 5.7884, 46.5281, 60.4996, 41.8962, 4.9431, 3.315, 6.8925, 0, 127.6949, 11.39, 21.125, 18.2531, 10.4102, 3.5347, 40.1599, 40.0086, 31.691, 44.5062, 30.4324, 21.3557, 6, 59.1047, 3.1614, 28.7419, 38.531, 80.3573, 19.7823, 41.3286, 4.9733, 101.5959, 3.5688, 34.1225, 17.2725, 227.7052, 12.8788],
      [0.0797, 0.5821, 0.1476, 0.1843, 0.2987, 0.1783, 0.4481, 0.4239, 0.942, 0.3107, 0.1556, 0.8919, 1.2466, 0, 0.0113, 0, 0.0083, 0, 0, 0.1438, 0.3408, 0.3134, 0.1984, 0.0087, 0.5946, 0.491, 0.3924, 0.587, 0.2047, 0.2582, 0.2279, 1.0801, 0.0288, 0.8055, 1.428, 1.6332, 0.5292, 0.5398, 0.0879, 1.795, 0.0726, 0.5018, 0.2193, 2.5879, 2.7715],
      [2.002, 10.272, 2.8254, 3.0344, 4.887, 3.7749, 11.0998, 7.3766, 14.7893, 7.2941, 0.8881, 15.1758, 17.3025, 9.5296, 0.8495, 0.4238, 1.7499, 0, 50.0987, 2.8965, 7.0052, 5.3058, 3.4709, 0.3536, 11.7456, 11.4766, 11.1442, 13.9926, 5.971, 6.9073, 3.6968, 19.4676, 0.692, 15.3132, 12.3115, 20.028, 10.7, 13.1615, 1.4221, 27.5739, 1.0478, 12.4777, 4.5609, 53.5855, 7.6998],
      [0.2481, 1.5237, 0.3907, 0.5609, 0.6909, 0.4725, 1.2407, 0.9917, 1.982, 0.8683, 0.0607, 2.6496, 2.6434, 2.0873, 0.1567, 0.1242, 0.2897, 0, 6.5737, 0.3865, 1.1046, 0.8397, 0.6155, 0.0827, 1.8603, 1.3939, 1.2142, 2.0829, 0.9331, 1.0347, 0.6213, 2.5337, 0.0929, 1.5938, 2.7147, 2.2177, 1.6688, 1.709, 0.2081, 3.6678, 0.2843, 1.3868, 0.7759, 11.0978, 0.6079]
    ],
    [
      [0.6185, 6.8525, 1.5523, 6.2331, 3.234, 1.7272, 2.7541, 7.2144, 6.1888, 1.4846, 0.8142, 5.8775, 8.4542, 0.5469, 0, 0.0795, 0, 0.9431, 0, 4.1684, 5.6335, 0.7784, 1.7735, 0, 2.5555, 6.0297, 0, 7.2211, 0, 0.3721, 1.0352, 2.7472, 0.4407, 0, 0, 0, 0, 0, 0.1451, 4.4924, 0, 0.7488, 2.193, 25.5428, 0],
      [2.3364, 3.5664, 2.7001, 8.272, 3.4134, 4.3245, 7.0295, 4.3033, 6.6728, 0.1256, 0.234, 4.4434, 8.8668, 0.9439, 0, 0.7132, 0, 0.1524, 0, 3.5469, 4.2722, 4.1662, 6.8544, 0, 5.6491, 5.6824, 0.5584, 7.9276, 4.7469, 5.2518, 0.9185, 5.2715, 0.0807, 0, 3.55, 1.8548, 0, 0, 1.0548, 5.5136, 0.6032, 1.9243, 0.7021, 18.9987, 0],
      [0.0957, 4.7503, 2.43, 6.8492, 0, 0.756, 5.105, 1.1073, 6.7964, 5.2185, 0.7353, 0.5468, 2.4467, 4.1603, 0.9506, 0.3931, 0, 0.5467, 0, 2.9855, 1.0192, 2.7268, 0.6562, 2.9361, 4.3857, 5.8766, 0.825, 4.2768, 16.0285, 2.411, 0, 2.9571, 0.6433, 0, 0, 7.2973, 0, 0.9251, 0, 3.7526, 0.7189, 0.1614, 1.9062, 34.0734, 0],
      [0, 6.253, 3.563, 10.9062, 10.5274, 3.0042, 0, 7.4767, 16.5998, 0.9268, 1.1236, 10.5825, 15.9506, 0, 0, 0, 0, 0.8455, 0, 3.066, 3.5039, 9.2508, 7.0362, 0, 6.3817, 2.3611, 0, 1.4518, 0, 0, 4.9285, 14.8492, 0, 0, 4.7958, 8.641, 0, 1.3274, 0.7941, 6.0907, 6.2015, 0.5109, 1.2542, 12.8654, 3.1492],
      [140.4486, 314.198, 219.1777, 342.9927, 283.9539, 288.4629, 756.9684, 293.4537, 535.7763, 142.9864, 17.4905, 439.1671, 424.2007, 96.8537, 54.4265, 8.5354, 75.6947, 19.5122, 246.4057, 226.7732, 309.7106, 313.7495, 243.782, 43.4399, 461.5824, 493.454, 322.3078, 633.1153, 456.739, 385.9124, 143.8444, 716.0373, 51.0757, 76.8414, 103.3775, 272.8091, 66.3785, 145.222, 29.657, 281.8092, 133.7669, 348.3531, 135.2668, 1198.2642, 67.9685],
      [9.5008, 25.3798, 16.5768, 34.7467, 21.8712, 19.7252, 46.1429, 21.4447, 38.966, 9.2583, 0.6025, 42.3827, 35.081, 11.4951, 5.6229, 1.2789, 7.3053, 0, 18.5943, 16.46, 26.8605, 27.3284, 23.8976, 5.6239, 40.4456, 32.5963, 19.3088, 52.0074, 39.4856, 32.0527, 13.2734, 51.1378, 3.7596, 5.1586, 12.2767, 16.3978, 6.6215, 10.5255, 2.349, 20.3416, 20.7094, 21.3015, 12.6777, 136.2555, 2.8823]
    ],
    [
      [0.3242, 0.5106, 0.0922, 1.2762, 0.448, 0.2813, 0.9616, 1.0912, 1.1557, 0.2786, 0.1455, 1.094, 1.2219, 0.2295, 0, 0.5807, 0, 0.0167, 1.0252, 0.5485, 1.0813, 0.1144, 0.1927, 0, 0.3957, 0.6871, 0, 0.8411, 0, 0.3171, 0.1748, 0.6057, 0.0281, 0, 0, 0, 0, 0, 0.0201, 0.673, 0, 0.2767, 0.2522, 2.6878, 0],
      [1.3177, 1.6537, 0.6514, 6.2293, 2.1833, 2.5786, 4.2912, 3.17, 5.7296, 0.8009, 0.1571, 4.5045, 5.1576, 0.9357, 0.519, 0.8048, 0.4811, 0.0248, 4.312, 2.3808, 4.1779, 5.6947, 2.3189, 0.3853, 3.2101, 3.6347, 2.7879, 5.0199, 7.3815, 3.197, 0.758, 4.7974, 0.111, 0.449, 2.8566, 3.7132, 0.4993, 1.435, 0.7477, 3.4828, 0.5466, 3.089, 0.6654, 11.1186, 0.0646],
      [0.0393, 0.2796, 0.0771, 1.0294, 0, 0.1011, 0.4009, 0.107, 0.8587, 0.698, 0.1153, 0, 0.234, 0.325, 1.4992, 0.1373, 0.3216, 0.0128, 0, 0.3013, 0.1224, 0.45, 0.0754, 0.3758, 0.3378, 0.4658, 0.1207, 0.4013, 1.1422, 0.2262, 0, 0.3061, 0.0209, 0, 0, 1.6922, 0, 0.1963, 0, 0.4085, 0.0592, 0.0152, 0.156, 2.5209, 0],
      [24.3824, 57.6741, 19.6685, 141.3756, 79.9662, 61.5109, 113.9414, 93.2918, 192.3041, 47.745, 7.7174, 161.6091, 134.8928, 22.0706, 11.9391, 4.1899, 13.58, 1.7194, 75.0966, 60.3925, 110.9881, 175.4955, 44.4004, 10.5823, 91.771, 97.9101, 71.8184, 121.7525, 90.6686, 65.0838, 40.5579, 191.7405, 4.7095, 23.1169, 58.2689, 132.3275, 22.7788, 60.8116, 12.4346, 83.659, 45.463, 108.4303, 31.435, 278.8132, 29.711],
      [6.1236, 11.0913, 3.9226, 24.0747, 14.213, 13.6876, 28.0418, 17.7407, 34.8667, 9.2829, 0.8065, 30.8821, 23.5459, 5.2182, 3.3688, 0.9699, 6.7919, 0.2264, 21.4894, 12.5605, 23.5911, 32.5766, 8.3827, 2.1136, 19.0138, 22.3773, 17.2679, 28.4131, 22.0638, 16.5061, 7.1908, 38.1944, 0.9871, 5.7218, 9.5305, 23.4412, 5.6649, 13.6542, 2.4121, 16.4019, 6.7914, 26.119, 6.3223, 55.3284, 4.8224],
      [0.8129, 1.7907, 0.5882, 5.0148, 2.1894, 1.8405, 3.3632, 2.5993, 5.0853, 1.1946, 0.0581, 5.9103, 3.9477, 1.2211, 0.6739, 0.3174, 0.8254, 0, 3.0768, 1.8164, 4.0391, 5.6688, 1.6298, 0.543, 3.2715, 2.925, 2.005, 4.572, 3.744, 2.6699, 1.3184, 5.3559, 0.1435, 0.7123, 2.344, 2.8258, 1.0571, 1.9027, 0.3855, 2.3748, 2.1399, 3.07, 1.1691, 12.531, 0.402]
    ],
    [
      [0.3679, 2.8165, 0.9476, 6.0656, 3.2093, 2.0496, 4.3836, 2.9423, 6.6807, 1.4119, 0.595, 6.7541, 6.3311, 3.698, 0.1901, 0.1068, 0.2381, 0.3583, 2.6199, 3.1845, 4.9127, 3.069, 1.6182, 0, 5.3442, 5.5016, 0, 4.599, 1.0221, 5.3824, 1.607, 5.4417, 0.4776, 0.1465, 1.5278, 1.751, 0, 0, 0.4975, 3.8933, 0.1986, 2.9796, 2.1552, 9.123, 0],
      [0.8902, 3.0068, 1.646, 11.1932, 4.181, 4.2074, 7.8383, 3.5092, 9.6498, 1.2212, 0.3797, 8.64, 9.6134, 2.8432, 0.6746, 0.3697, 0.5406, 0.1819, 4.4372, 4.8048, 7.3726, 5.6828, 4.5852, 1.0371, 9.5851, 8.21, 5.7703, 7.5169, 8.6555, 9.0633, 1.4358, 7.8855, 0.4218, 0.5971, 3.8049, 4.8206, 1.491, 3.1325, 1.3311, 6.5572, 0.8927, 4.4626, 1.7563, 12.6391, 0.555],
      [0.0305, 0.2845, 0.1193, 0.9974, 0, 0.1526, 0.4745, 0.1768, 0.8114, 0.3073, 0.0956, 0.2896, 0.4251, 0.6432, 0.0917, 0.0192, 0.0684, 0.057, 0.0656, 0.3576, 0.2724, 0.3543, 0.1271, 0.5457, 0.6263, 0.6266, 0.2195, 0.4114, 0.7877, 0.3968, 0, 0.4969, 0.0478, 0.0027, 0, 0.5731, 0, 0.4871, 0, 0.4429, 0.0925, 0.1977, 0.2336, 1.2133, 0],
      [1.21, 7.7949, 3.6354, 20.3543, 11.6529, 7.4522, 15.2392, 7.8374, 24.607, 4.7233, 1.3734, 23.0955, 19.918, 3.2523, 1.0004, 0.1556, 1.1742, 0.7806, 8.2969, 9.1181, 14.5801, 13.275, 6.7114, 1.7735, 20.3174, 16.212, 10.0634, 13.4037, 10.0269, 12.008, 5.6276, 22.997, 1.1637, 1.2266, 6.3925, 11.2607, 2.8009, 5.9911, 1.8086, 12.1292, 5.142, 10.9489, 5.9122, 23.7091, 1.904],
      [6.2986, 31.8465, 15.382, 75.7594, 43.4995, 34.5097, 77.7339, 31.9351, 94.7316, 19.7033, 4.0824, 91.6775, 74.2793, 24.5341, 5.4859, 0.9317, 7.154, 2.6222, 46.9232, 40.2727, 65.1072, 51.9841, 26.6845, 7.8339, 87.8078, 77.9061, 49.6261, 65.1821, 50.4234, 71.7091, 20.9208, 94.3316, 5.702, 5.9419, 22.7089, 43.2256, 13.9995, 26.9788, 7.6283, 50.5955, 16.6872, 53.303, 25.3255, 100.7359, 6.7105],
      [1.2027, 7.2508, 3.2696, 21.6301, 9.4572, 6.6285, 13.3305, 6.5992, 19.5195, 3.6331, 0.4739, 24.5433, 17.4331, 8.0293, 1.5573, 0.417, 1.8247, 0, 9.6573, 8.2623, 15.755, 12.6348, 7.2735, 2.8098, 21.3191, 14.5437, 8.3206, 14.8869, 12.0844, 16.4403, 5.4087, 18.8474, 1.1871, 1.0852, 7.5658, 7.3689, 3.7086, 5.4105, 1.7345, 10.3818, 6.987, 9.1081, 6.6173, 31.5796, 0.8306]
    ],
    [
      [4.5584, 25.0253, 5.1287, 75.4163, 30.1759, 21.6522, 40.0871, 23.1473, 53.7744, 15.4294, 2.2543, 53.3658, 38.5465, 6.1647, 4.7483, 3.1978, 4.7265, 1.5868, 31.8078, 28.6469, 79.4537, 74.683, 19.1207, 4.9749, 46.8935, 47.6347, 5, 40.2406, 20.6635, 26.3598, 18.3442, 68.4048, 0, 3.8532, 15.4062, 30.0593, 1, 15.8672, 6.1527, 33.8224, 0.7584, 58.4204, 9.1868, 92.5055, 0],
      [1.0933, 2.8963, 0.9006, 15.4972, 4.3812, 4.666, 7.5919, 3.0037, 8.3906, 1.4184, 0.132, 7.4857, 6.4186, 0.7735, 0.8223, 1.1359, 1.3103, 0.0602, 5.6764, 4.7475, 13.3857, 14.381, 5.6779, 1.4416, 8.848, 7.7049, 4.7555, 7.0702, 7.8745, 6.0868, 1.7648, 10.483, 0, 2.7875, 3.7046, 11.8966, 0.8114, 4.6912, 1.6058, 6.1907, 0.2384, 9.1522, 0.7995, 13.994, 0.1798],
      [0.0004, 0.0316, 0.0047, 0.2645, 0, 0, 0.0226, 0, 0.0667, 0.0982, 0.0107, 0, 0, 0.0225, 0.0309, 0.0554, 1.3101, 0.0006, 0, 0.0372, 0, 0.004, 0, 0.0959, 0.0349, 0.0554, 0.009, 0.0147, 0.1096, 0.0097, 0, 0, 0, 0, 0, 0.2724, 0, 0.0145, 0, 0.0485, 0.002, 0, 0.0099, 0.2691, 0.0001],
      [1.6767, 8.4421, 2.239, 31.6403, 13.5837, 9.3391, 16.7306, 7.5317, 23.8102, 6.1343, 0.5156, 22.2601, 14.8453, 1.4647, 1.6817, 0.4691, 3.1374, 0.2898, 12.0201, 10.1853, 29.8828, 37.7629, 9.3493, 2.6187, 21.1273, 17.2552, 8.9217, 14.2924, 11.817, 10.2961, 7.6915, 34.2013, 0, 4.6355, 6.9947, 23.1443, 1.589, 10.632, 2.4775, 12.9154, 1.5848, 25.345, 3.0141, 29.6432, 0.6426],
      [0.654, 2.5313, 0.7065, 7.9442, 3.7576, 3.2574, 6.4161, 2.2588, 6.7884, 1.8775, 0.0874, 6.6377, 4.0763, 0.5489, 0.6866, 0.1417, 1.4555, 0.0626, 5.3155, 3.2998, 9.9483, 10.8181, 2.75, 0.825, 6.8585, 6.1992, 3.2381, 5.2144, 4.3883, 4.1104, 2.1261, 10.6207, 0, 1.6767, 1.8175, 6.4978, 0.5774, 3.6836, 0.745, 3.93, 0.3938, 9.8353, 0.955, 9.1915, 0.1746],
      [0.0172, 0.0735, 0.0205, 0.2375, 0.1017, 0.0853, 0.1516, 0.0586, 0.1697, 0.0421, 0, 0.2507, 0.1133, 0.0257, 0.0302, 0, 0.0602, 0, 0.1801, 0.0834, 0.3295, 0.351, 0.1021, 0.0439, 0.2378, 0.1505, 0.0757, 0.1677, 0.1471, 0.1372, 0.0733, 0.2902, 0, 0.047, 0.077, 0.1296, 0.0222, 0.1116, 0.0189, 0.093, 0.0226, 0.2471, 0.0346, 0.3967, 0.0029]
    ],
    [
      [0.1204, 0.6682, 0.2555, 0.7545, 0.7591, 0.2377, 0.7154, 0.4153, 0.8654, 0.2885, 0.1355, 0.6647, 1.032, 0.3127, 0.0616, 0.0294, 0.0327, 0.0828, 0.4456, 0.2871, 0.6431, 0.295, 0.2609, 0.0251, 0.6988, 1.0368, 0, 0.8655, 0.2849, 0.473, 0.4471, 0.625, 0.0343, 0, 0.2136, 0.1897, 0, 0.1328, 0.0099, 0.581, 0.0415, 0.4944, 0.1499, 2.0815, 1.0361e-15],
      [0.1747, 0.3988, 0.2648, 0.8314, 0.2487, 0.2918, 0.7601, 0.2867, 0.7358, 0.1281, 0.0456, 0.4935, 0.9268, 0.1997, 0.0669, 0.0601, 0.0684, 0.0224, 0.4284, 0.2548, 0.5487, 0.3308, 0.4572, 0.0428, 0.7547, 0.8864, 0.4717, 0.8221, 0.6806, 0.6304, 0.1009, 0.5361, 0.0197, 0.1604, 0.3326, 0.335, 0.1485, 0.2537, 0.015, 0.5805, 0.0934, 0.4382, 0.0707, 1.6383, 0.0649],
      [0.2952, 1.5368, 0.8474, 2.5344, 0.1199, 0.5939, 2.2006, 0.7733, 2.5454, 1.0344, 0.2548, 1.4989, 2.2191, 0.8633, 0.4008, 0.0759, 0.3885, 0.3669, 1.2334, 0.7725, 1.335, 0.9717, 0.6942, 0.3105, 2.2615, 2.8461, 1.0613, 2.1644, 2.2621, 1.4461, 0, 1.8738, 0.0986, 0.2539, 0.469, 1.1652, 0.2177, 0.925, 0.0267, 1.5102, 0.5502, 1.3963, 0.3693, 5.448, 0.1211],
      [0.0986, 0.5044, 0.2779, 0.7828, 0.3592, 0.2367, 0.6244, 0.3151, 0.9857, 0.2376, 0.1144, 0.6674, 1.0445, 0.0728, 0.0247, 0, 0.0182, 0.0533, 0.241, 0.2238, 0.4865, 0.3927, 0.3336, 0.0334, 0.7456, 0.7263, 0.3269, 0.6138, 0.3504, 0.3519, 0.212, 0.7699, 0.0256, 0.1205, 0.3122, 0.4015, 0.1022, 0.2892, 0.0099, 0.5196, 0.3633, 0.452, 0.1102, 1.366, 0.1287],
      [9.1099, 30.9709, 18.2393, 39.5317, 18.9641, 17.4784, 56.0835, 19.0124, 52.9244, 17.4106, 3.645, 38.731, 50.228, 13.48, 5.5361, 0.9742, 7.8193, 2.4746, 36.0585, 15.5959, 35.3334, 22.157, 18.8461, 2.7572, 50.9232, 62.2216, 29.1588, 52.5672, 32.9636, 36.6801, 11.012, 47.7347, 2.0313, 10.0818, 12.8439, 22.0309, 9.7676, 22.2211, 0.6586, 31.8424, 14.1153, 40.52, 7.6351, 95.0264, 5.4381],
      [3.2011, 12.9209, 7.1151, 20.5652, 7.5489, 6.1615, 17.6161, 7.1972, 19.9433, 5.9008, 0.8048, 18.9444, 21.5495, 8.0715, 2.9099, 0.8603, 3.6729, 0, 13.593, 5.8659, 15.6533, 9.8528, 9.4081, 1.831, 22.6162, 21.2828, 8.9813, 21.967, 14.4584, 15.4185, 5.2279, 17.4605, 0.7905, 3.3834, 7.8287, 6.8776, 4.764, 8.1781, 0.2799, 11.9664, 10.8363, 12.699, 3.6647, 54.4399, 1.2471]
    ]
  ],
  "V_est": [
    [4.1373, 759.69, 6.0016, 1019.9199, 119.5466, 6.7047],
    [4.588, 26.9408, 1485.0559, 23.7506, 447.3811, 66.2837],
    [120.4522, 147.226, 139.4504, 186.2189, 12361.9425, 1017.7101],
    [19.6295, 120.0252, 15.6305, 3329.7957, 683.7929, 111.1262],
    [116.1989, 199.09, 13.6227, 410.0572, 1778.4223, 408.609],
    [1188.2463, 223.9272, 2.9055, 515.8312, 165.0793, 5.0106],
    [17.7479, 17.1008, 50.3334, 16.4267, 1130.8354, 475.5557]
  ],
  "p_est": [
    [0.0022, 0.3965, 0.0031, 0.5323, 0.0624, 0.0035],
    [0.0022, 0.0131, 0.723, 0.0116, 0.2178, 0.0323],
    [0.0086, 0.0105, 0.01, 0.0133, 0.8847, 0.0728],
    [0.0046, 0.028, 0.0037, 0.778, 0.1598, 0.026],
    [0.0397, 0.068, 0.0047, 0.1401, 0.6078, 0.1396],
    [0.5656, 0.1066, 0.0014, 0.2455, 0.0786, 0.0024],
    [0.0104, 0.01, 0.0295, 0.0096, 0.6621, 0.2784]
  ],
  "EI_Z": {},
  "EI_V": 12.3192,
  "MAE_Z": {},
  "MAE_V": 169.8756,
  "MAE_p": 0.0647,
  "runtime": 0.006
}
