{
  "Z_true": {},
  "V_true": [
    [20, 25, 603, 61, 1760, 63],
    [21, 542, 23, 438, 208, 30],
    [220, 456, 89, 6103, 672, 222],
    [215, 332, 1422, 386, 18065, 552],
    [615, 16, 19, 305, 242, 32],
    [55, 109, 49, 231, 483, 445]
  ],
  "p_true": [
    [0.0079, 0.0099, 0.2382, 0.0241, 0.6951, 0.0249],
    [0.0166, 0.4295, 0.0182, 0.3471, 0.1648, 0.0238],
    [0.0283, 0.0587, 0.0115, 0.7863, 0.0866, 0.0286],
    [0.0103, 0.0158, 0.0678, 0.0184, 0.8614, 0.0263],
    [0.5004, 0.013, 0.0155, 0.2482, 0.1969, 0.026],
    [0.0401, 0.0794, 0.0357, 0.1684, 0.352, 0.3243]
  ],
  "Z_est": [
    [
      [0.005, 0.0024, 0.0093, 0.0446, 0.0374, 0.0119, 0.0345, 0.0464, 0, 0.0089, 0.0365, 0.026, 0.0351, 0.0416, 0, 0.0022, 0.0325, 0, 0.0056, 0.0107, 0.0206, 0.0466, 0.0458, 0.0483, 0.0392, 0.0724, 0.0116, 0.0166, 0.0004, 0.0064, 0.0698, 0, 0.0553, 0.0057],
      [0.1079, 0.0273, 0.6216, 0.5431, 0.9214, 0.5253, 0.4653, 0.8137, 0.0343, 0.1005, 0.4943, 0.2567, 0.7352, 0.7074, 0.0901, 0.0314, 0.7229, 0.0667, 0.2809, 0.1267, 0.2074, 0.5789, 0.9334, 0.979, 0.5452, 0.7064, 0.2484, 0.4584, 0, 0.0476, 1.2352, 0.1389, 1.3752, 0.0677],
      [1.9486, 1.2938, 27.1046, 20.6464, 16.2631, 19.2072, 19.7839, 21.0923, 1.7454, 5.2927, 14.7957, 12.4354, 16.3889, 17.839, 0.7021, 2.1731, 21.5131, 0.5732, 4.5305, 6.8275, 5.4915, 16.2074, 39.4623, 25.569, 17.6929, 16.7196, 6.0012, 24.633, 0.226, 1.0156, 35.9286, 1.9317, 22.0639, 2.1848],
      [0.1081, 0.0072, 0.9144, 0.7409, 0.7056, 0.5025, 0.4167, 0.5951, 0.0156, 0.134, 0.7887, 0.6073, 0.5941, 0.7013, 0.0266, 0.0953, 0.5929, 0, 0.2304, 0.1386, 0.4305, 0.9437, 1.4916, 0.8732, 0.7846, 1.3821, 0.2024, 0.6554, 0.0065, 0.0864, 1.663, 0.155, 0.9449, 0.1268],
      [10.6715, 4.6473, 114.4962, 112.2229, 86.3516, 65.2785, 81.9494, 113.8761, 2.1857, 15.3117, 63.3533, 60.3254, 66.8741, 65.2009, 3.1607, 3.6319, 84.5794, 2.3442, 24.7953, 31.7708, 27.5684, 70.5974, 181.8731, 114.8606, 79.3122, 71.3279, 27.272, 114.7084, 1.7641, 9.8003, 184.7354, 10.766, 111.8413, 17.5354],
      [0.1589, 0.0219, 0.854, 0.802, 0.7209, 0.4745, 0.3501, 0.5764, 0.019, 0.1523, 0.5316, 0.3492, 0.3725, 0.5099, 0.0205, 0.0661, 0.5592, 0.0158, 0.1573, 0.1257, 0.2816, 0.626, 1.1938, 0.67, 0.6259, 0.7915, 0.2643, 0.5283, 0.0029, 0.0438, 1.3679, 0.0084, 0.7195, 0.0796]
    ],
    [
      [0.0384, 0.0348, 0.6024, 0.5599, 0.3921, 0.2817, 0.3006, 0.435, 0, 0.3905, 0.8446, 0.8108, 0.9531, 1.2009, 0, 0.0431, 0.5448, 0.0002, 0.161, 0.2582, 0.5237, 0.7173, 0.7525, 0.928, 0.728, 0.636, 0.2325, 0.351, 0, 0.4405, 1.4336, 0.0316, 1.8154, 0.4326],
      [2.5882, 1.7462, 34.3603, 19.5288, 26.5248, 19.8966, 10.5104, 18.1835, 5.2291, 10.3933, 30.9578, 22.2862, 49.9797, 37.2616, 0, 2.3523, 32.3047, 0.9749, 14.9109, 10.9606, 14.5508, 23.6534, 31.5591, 47.3578, 25.6594, 17.7167, 14.9961, 17.3097, 0, 7.1354, 59.7261, 4.9718, 85.5713, 14.4888],
      [0.1137, 0.1935, 3.9338, 1.9193, 1.2155, 1.9422, 1.1838, 1.2577, 0.4892, 1.4185, 2.4759, 2.6731, 2.9132, 2.4754, 0, 0.3737, 2.5459, 0.0044, 0.6069, 1.5477, 1.0083, 1.7644, 3.4754, 3.2943, 2.2155, 1.121, 0.9657, 2.3399, 0, 0.3869, 4.6598, 0.156, 3.5584, 1.1836],
      [0.4212, 0.1299, 8.6493, 4.5414, 3.4945, 3.3508, 1.7641, 2.4589, 0.33, 2.3874, 8.9816, 8.6245, 6.9398, 6.3411, 0, 1.3278, 4.7263, 0, 2.0506, 2.0868, 5.2912, 6.8746, 8.6299, 7.4676, 6.5492, 6.2416, 2.0663, 4.1224, 0, 2.2012, 14.2615, 0.7507, 9.8644, 4.6357],
      [0.7775, 0.8751, 20.691, 12.9871, 8.04, 8.2325, 6.109, 8.4531, 0.9097, 5.1523, 13.1925, 16.1428, 14.8042, 11.2851, 0, 0.8244, 12.4727, 0.0191, 4.1399, 8.9716, 6.3051, 9.5695, 19.9399, 18.4206, 12.3655, 5.9552, 5.4636, 13.5672, 0, 4.7301, 29.8283, 1.0781, 22.4768, 11.9885],
      [0.0609, 0.0205, 0.7631, 0.4636, 0.333, 0.2962, 0.1321, 0.2117, 0.042, 0.258, 0.5475, 0.4627, 0.4099, 0.4359, 0, 0.0787, 0.4056, 0.0014, 0.1307, 0.175, 0.3208, 0.4208, 0.6431, 0.5317, 0.4824, 0.3295, 0.2757, 0.3097, 0, 0.106, 1.0908, 0.0117, 0.7137, 0.2707]
    ],
    [
      [1.562, 1.4258, 5.9494, 11.0722, 6.4987, 8.9988, 5.2571, 9.3339, 0, 8.5876, 4.9903, 10.1238, 14.462, 16.9868, 0, 0.1143, 5.1978, 0.1314, 5.6276, 9.0563, 11.5549, 16.1148, 15.8525, 26.0043, 17.8706, 16.5388, 7.9676, 5.8781, 0.1601, 9.7547, 25.7364, 0.7154, 30.6435, 3.0161],
      [0.9135, 0.4393, 3.1882, 3.5741, 4.067, 6.0695, 1.7079, 3.6631, 0.4571, 2.1415, 1.7298, 2.3091, 6.989, 4.9336, 0.5271, 0.1026, 2.8898, 0.6339, 4.5575, 3.5439, 2.8829, 5.031, 6.1905, 12.5076, 5.9319, 4.4019, 4.9139, 2.6877, 0, 1.5546, 10.2056, 1.2225, 13.1267, 0.9015],
      [0.1119, 0.1324, 0.8784, 0.8264, 0.4359, 1.0302, 0.4633, 0.5978, 0, 0.242, 0.3537, 0.8276, 1.0141, 0.7211, 0.0492, 0, 0.5348, 0.0101, 0.4992, 1.2712, 0.5609, 1.0047, 1.6949, 2.1558, 1.306, 0.8295, 0.8822, 0.9005, 0.0669, 0, 1.8248, 0.1706, 1.3404, 0.038],
      [41.5642, 10.1813, 205.3438, 215.1633, 139.1536, 258.0187, 74.4154, 126.794, 9.9195, 126.3913, 127.7736, 257.8479, 252.3219, 215.5087, 5.8997, 15.5718, 108.5729, 0, 174.1719, 174.4806, 275.4323, 368.0842, 436.3439, 500.5024, 384.4438, 382.9372, 168.6727, 165.96, 9.868, 126.8994, 612.9772, 44.1127, 397.9415, 78.0276],
      [1.4929, 1.2096, 9.9039, 12.4246, 6.4373, 13.0366, 5.1311, 8.7573, 0.5677, 5.8171, 3.7281, 9.8233, 10.9042, 7.7515, 0.2232, 0.2928, 5.7263, 0.1071, 7.1003, 14.749, 6.3129, 10.1622, 20.3903, 24.9059, 14.5174, 7.2832, 9.01, 11.0101, 0.5722, 6.213, 25.9915, 1.2259, 18.6975, 4.1164],
      [6.3554, 1.6115, 19.7363, 23.9393, 14.4075, 24.8462, 6.0252, 11.8538, 1.0557, 14.8204, 8.4245, 15.0682, 16.3087, 16.0982, 0.3009, 0.9186, 10.0785, 0.1174, 12.0435, 15.899, 18.2561, 24.6031, 35.5279, 38.924, 30.9304, 22.0094, 24.5535, 13.5636, 0.3328, 6.5783, 51.2645, 0.5529, 31.2506, 4.9005]
    ],
    [
      [0.7146, 0, 0.991, 2.8459, 2.548, 1.0659, 1.8622, 3.0534, 0, 1.1691, 2.2508, 2.2843, 3.4806, 3.6684, 0, 0.3351, 2.1777, 0, 0.4459, 1.1386, 1.896, 3.3567, 3.4927, 4.0674, 3.2626, 4.6342, 1.036, 1.3415, 0, 1.8255, 6.6171, 0, 5.1185, 1.1398],
      [3.7296, 0.9736, 11.5764, 8.2649, 15.1316, 10.544, 6.3936, 13.2047, 1.079, 3.3107, 7.8418, 4.2914, 16.7179, 14.2709, 0.4803, 1.0661, 12.178, 0.1593, 4.8745, 3.1227, 4.566, 10.4406, 15.525, 19.9118, 11.0811, 11.685, 5.6718, 7.1209, 0, 2.7248, 28.3214, 1.3725, 27.7771, 2.3992],
      [11.6224, 6.8762, 97.9718, 61.656, 50.9996, 68.5532, 49.8749, 62.4194, 9.4962, 30.0005, 43.1626, 49.8819, 73.3398, 67.3263, 2.2115, 9.2717, 66.81, 2.3173, 15.3711, 32.1923, 22.7629, 54.0971, 130.3697, 98.0374, 67.2162, 50.9429, 24.6047, 81.9998, 1.5091, 7.287, 153.0248, 4.4719, 92.1417, 14.9824],
      [4.2164, 0, 20.3253, 13.3387, 13.311, 11.1263, 5.8059, 9.7306, 0.8747, 5.0068, 13.1136, 14.5542, 16.2239, 16.6046, 0.6225, 2.5319, 10.7553, 0, 4.7508, 3.8883, 10.538, 18.3715, 29.569, 19.7016, 17.4465, 24.2915, 5.5169, 12.914, 0.1935, 6.4821, 42.2192, 2.4007, 25.0232, 6.1667],
      [155.9563, 60.3678, 1019.7163, 830.3791, 671.9421, 590.42, 509.5225, 834.4833, 43.4069, 225.0362, 452.3178, 592.5482, 736.6856, 611.5658, 21.1636, 47.8797, 650.6088, 19.8741, 207.6003, 366.3957, 280.9777, 577.6726, 1475.8684, 1081.6755, 739.2961, 531.8781, 272.943, 936.3744, 27.1671, 262.5191, 1945.6952, 59.7548, 1154.326, 347.8287],
      [3.7607, 0.7823, 16.4191, 12.5154, 12.0676, 9.2907, 4.5408, 9.1087, 1.1432, 4.4768, 8.3134, 7.4399, 8.5522, 10.564, 0.5221, 1.9155, 9.4702, 0.6493, 2.9575, 3.2624, 6.2594, 11.0615, 21.1753, 13.6064, 12.6976, 12.5682, 4.2275, 9.2494, 0.1303, 2.1615, 31.1223, 0, 16.6135, 3.4831]
    ],
    [
      [4.6604, 1.5055, 12.2997, 18.3009, 15.4194, 18.4516, 19.4179, 29.9688, 0, 11.7562, 18.7552, 28.4535, 20.8284, 53.7224, 0, 0.4979, 16.9477, 0.8597, 13.6848, 13.3654, 22.8166, 31.5285, 52.6162, 39.5166, 36.8488, 36.6872, 16.5512, 20.2234, 0.754, 31.8583, 103.7717, 2.2372, 43.7396, 3.3327],
      [0.0932, 0.0135, 0.2503, 0.2272, 0.3652, 0.4657, 0.2344, 0.4434, 0.4753, 0.1061, 0.2429, 0.2729, 0.3879, 0.5894, 0.2392, 0.0056, 0.3536, 0.4507, 0.4306, 0.2006, 0.2239, 0.3743, 0.7993, 0.7324, 0.4687, 0.3697, 0.3795, 0.3555, 0, 0.1757, 1.585, 0.0948, 0.732, 0.0373],
      [0.0372, 0.0142, 0.2392, 0.187, 0.1411, 0.376, 0.223, 0.2569, 0.0807, 0.1177, 0.1634, 0.2835, 0.1901, 0.3248, 0.0126, 0.008, 0.2337, 0.0638, 0.1516, 0.2388, 0.1319, 0.2347, 0.7385, 0.4256, 0.3395, 0.1976, 0.2067, 0.4045, 0.0203, 0.0136, 1.0245, 0.0285, 0.2564, 0.0255],
      [1.6407, 0.1192, 6.1459, 5.1862, 4.7634, 7.6735, 3.9031, 5.8938, 0.6579, 2.4339, 6.9206, 10.6297, 5.2924, 9.8815, 0.3664, 0.3723, 5.0945, 0, 6.0073, 3.7688, 8.0661, 10.6327, 21.3632, 11.2447, 11.6862, 12.674, 5.1258, 8.3195, 0.4652, 5.4877, 36.6898, 1.6096, 8.293, 1.1909],
      [1.2925, 0.327, 6.425, 6.4735, 4.7761, 8.2336, 5.8779, 8.8392, 0.7073, 2.2756, 4.423, 8.6877, 4.9303, 7.6813, 0.3599, 0.0918, 5.8573, 1.5481, 5.2779, 7.0546, 4.1848, 6.4614, 21.6017, 12.1351, 9.6406, 5.2821, 5.9143, 11.9598, 0.7416, 5.1599, 33.6112, 0.9858, 8.2751, 1.3321],
      [0.276, 0.0206, 0.6399, 0.6252, 0.5347, 0.7997, 0.3438, 0.5979, 0.0787, 0.3105, 0.495, 0.6727, 0.371, 0.8005, 0.0219, 0.0245, 0.5133, 0.0777, 0.4477, 0.3718, 0.5768, 0.7684, 1.8811, 0.9456, 1.0162, 0.7894, 0.8225, 0.7373, 0.0189, 0.3047, 3.3179, 0.0442, 0.7038, 0.0814]
    ],
    [
      [0.0196, 0.0315, 0.1481, 0.1764, 0.1043, 0.19, 0.1277, 0.1625, 0, 0.0877, 0.1226, 0.3016, 0.2408, 0.3798, 0, 0.0074, 0.0996, 0.0086, 0.0752, 0.1707, 0.1882, 0.2361, 0.2403, 0.4354, 0.2508, 0.4313, 0.201, 0.1894, 0.0855, 0.1147, 0.3714, 0.0158, 0.6278, 0.0731],
      [1.5675, 1.8, 11.0032, 7.862, 8.9899, 17.4989, 5.6884, 8.6915, 0.7251, 2.9479, 5.7335, 10.5837, 16.1903, 15.2371, 1.6634, 0.4421, 7.5511, 1.7145, 8.9456, 9.0454, 6.5691, 9.9218, 12.9927, 28.5114, 11.3137, 15.1203, 15.7903, 12.0677, 0, 2.3619, 19.9267, 3.1995, 38.4178, 3.1054],
      [0.1662, 0.4899, 2.8723, 1.7649, 0.9448, 3.8913, 1.4711, 1.3759, 0.1885, 0.9286, 1.0486, 2.8986, 2.1539, 2.3133, 0.0245, 0.1735, 1.3625, 0.0312, 0.8406, 2.9224, 1.0445, 1.6917, 3.2592, 4.518, 2.23, 2.1894, 2.3394, 3.7224, 0.1777, 0.2969, 3.5375, 0.2413, 3.6393, 0.5857],
      [1.0493, 0.5624, 10.6213, 7.0295, 4.5719, 11.3283, 3.6948, 4.5276, 0.2023, 2.6466, 6.4219, 15.7364, 8.6279, 9.9628, 0.0849, 1.101, 4.258, 0, 4.789, 6.6369, 9.2419, 11.0934, 13.6025, 17.2105, 11.0897, 20.4736, 8.4159, 11.0287, 0.4668, 2.8432, 18.1893, 1.9713, 16.933, 3.8524],
      [0.8093, 1.5731, 10.7676, 8.5128, 4.4529, 11.7988, 5.41, 6.5909, 0.2228, 2.4072, 3.9853, 12.4726, 7.8015, 7.5154, 0.0926, 0.2794, 4.7556, 0.1074, 4.0863, 12.0583, 4.6511, 6.5369, 13.3265, 18.0024, 8.8683, 8.2734, 9.3971, 15.3801, 0.7551, 2.5776, 16.1385, 1.1894, 16.3832, 4.1988],
      [4.3881, 2.5431, 25.5875, 19.6543, 11.9362, 27.2927, 7.608, 10.6515, 0.6614, 7.982, 10.6881, 23.0073, 13.9856, 18.5914, 0.1346, 1.9967, 9.9732, 0.1384, 8.2633, 15.1662, 15.3053, 18.5202, 27.5788, 33.3223, 22.2476, 29.5119, 31.8564, 22.6117, 0.515, 3.8056, 37.8366, 1.3828, 32.9989, 6.1847]
    ]
  ],
  "V_est": [
    [0.8295, 15.1945, 447.284, 17.661, 2036.9894, 14.0416],
    [16.8751, 715.6465, 55.4128, 147.5624, 315.7679, 10.7354],
    [313.1836, 125.9958, 22.7749, 6491.2967, 285.5923, 523.1566],
    [67.8194, 287.8081, 1614.8022, 387.6154, 18341.847, 272.1078],
    [741.3775, 12.1757, 7.3909, 229.5996, 218.4251, 20.0312],
    [5.915, 323.1794, 57.3352, 250.2648, 231.3783, 503.9274]
  ],
  "p_est": [
    [0.0003, 0.006, 0.1767, 0.007, 0.8045, 0.0055],
    [0.0134, 0.5671, 0.0439, 0.1169, 0.2502, 0.0085],
    [0.0403, 0.0162, 0.0029, 0.8363, 0.0368, 0.0674],
    [0.0032, 0.0137, 0.077, 0.0185, 0.8746, 0.013],
    [0.6032, 0.0099, 0.006, 0.1868, 0.1777, 0.0163],
    [0.0043, 0.2356, 0.0418, 0.1824, 0.1686, 0.3673]
  ],
  "EI_Z": {},
  "EI_V": 6.467,
  "MAE_Z": {},
  "MAE_V": 126.2112,
  "MAE_p": 0.0446,
  "runtime": 0.023
}
