{
  "X": [
    [11, 23, 24, 24, 18],
    [16, 18, 33, 24, 9],
    [12, 17, 24, 32, 15],
    [8, 20, 26, 30, 16],
    [10, 20, 28, 27, 15],
    [12, 22, 24, 31, 11],
    [6, 25, 27, 30, 12],
    [10, 17, 29, 31, 13],
    [18, 21, 16, 33, 12],
    [13, 23, 11, 45, 8],
    [9, 24, 12, 48, 7],
    [14, 17, 14, 50, 5],
    [13, 25, 12, 41, 9],
    [20, 13, 15, 44, 8],
    [10, 20, 10, 48, 12],
    [20, 18, 19, 33, 10],
    [10, 14, 31, 38, 7],
    [15, 6, 38, 25, 16],
    [13, 13, 46, 17, 11],
    [17, 15, 36, 12, 20],
    [22, 9, 32, 27, 10],
    [17, 8, 33, 23, 19],
    [20, 15, 30, 22, 13],
    [8, 16, 50, 17, 9],
    [19, 10, 34, 20, 17],
    [22, 22, 5, 24, 27],
    [27, 17, 17, 22, 17],
    [28, 15, 13, 20, 24],
    [28, 15, 6, 29, 22],
    [30, 17, 13, 17, 23],
    [27, 20, 12, 19, 22],
    [34, 18, 7, 20, 21],
    [41, 10, 7, 22, 20],
    [38, 25, 7, 16, 14],
    [43, 21, 12, 19, 5],
    [47, 13, 9, 17, 14],
    [52, 22, 6, 12, 8],
    [46, 14, 16, 17, 7],
    [51, 19, 16, 10, 4],
    [44, 29, 6, 9, 12],
    [48, 18, 11, 10, 13],
    [39, 25, 10, 16, 10],
    [16, 39, 15, 13, 17],
    [20, 44, 18, 6, 12],
    [19, 38, 14, 13, 16],
    [19, 36, 13, 17, 15],
    [21, 39, 18, 13, 9],
    [15, 50, 16, 12, 7],
    [17, 34, 17, 19, 13],
    [24, 29, 15, 12, 20]
  ],
  "W": [
    [57, 14, 6, 6, 7, 10],
    [58, 7, 9, 3, 13, 10],
    [61, 5, 9, 7, 11, 7],
    [70, 5, 4, 10, 5, 6],
    [66, 5, 7, 6, 6, 10],
    [58, 8, 10, 8, 6, 10],
    [59, 10, 5, 5, 8, 13],
    [59, 8, 6, 7, 10, 10],
    [18, 44, 11, 9, 8, 10],
    [10, 53, 14, 7, 7, 9],
    [6, 60, 9, 5, 8, 12],
    [7, 62, 9, 4, 8, 10],
    [7, 66, 4, 4, 11, 8],
    [2, 56, 8, 16, 11, 7],
    [6, 61, 10, 9, 5, 9],
    [8, 51, 8, 13, 9, 11],
    [9, 47, 28, 0, 7, 9],
    [11, 9, 58, 5, 7, 10],
    [6, 7, 65, 10, 7, 5],
    [7, 10, 53, 6, 12, 12],
    [4, 10, 55, 12, 10, 9],
    [7, 9, 59, 12, 6, 7],
    [6, 5, 61, 9, 8, 11],
    [10, 10, 66, 4, 7, 3],
    [5, 10, 58, 7, 11, 9],
    [11, 7, 6, 63, 6, 7],
    [11, 10, 10, 54, 8, 7],
    [8, 7, 8, 61, 8, 8],
    [7, 6, 7, 64, 9, 7],
    [9, 7, 8, 55, 13, 8],
    [7, 11, 7, 60, 7, 8],
    [6, 12, 8, 52, 9, 13],
    [5, 7, 6, 71, 4, 7],
    [10, 11, 3, 20, 43, 13],
    [6, 11, 7, 9, 57, 10],
    [10, 7, 9, 9, 54, 11],
    [7, 6, 6, 5, 67, 9],
    [10, 11, 12, 5, 53, 9],
    [12, 7, 8, 10, 54, 9],
    [6, 5, 7, 11, 63, 8],
    [13, 3, 5, 10, 60, 9],
    [9, 9, 8, 8, 43, 23],
    [8, 7, 9, 12, 8, 56],
    [5, 8, 12, 8, 9, 58],
    [8, 5, 7, 13, 11, 56],
    [10, 7, 12, 10, 7, 54],
    [10, 13, 9, 9, 5, 54],
    [5, 11, 9, 8, 9, 58],
    [14, 9, 9, 11, 8, 49],
    [10, 5, 9, 11, 10, 55]
  ],
  "method": "mcmc",
  "mcmc_stepsize": 3000,
  "mcmc_samples": 1000,
  "burn_in": 10000,
  "cond_prob": [
    [
      [0.051872849127, 0.19362387515, 0.30303933654, 0.24337627525, 0.20808766394],
      [0.022363925314, 0.14643927871, 0.074671377664, 0.57465729137, 0.18186812694],
      [0.30026466397, 0.015361313295, 0.37240046492, 0.14070820877, 0.17126534905],
      [0.33810802051, 0.15143977194, 0.15849829324, 0.17911219557, 0.17284171874],
      [0.19183281055, 0.50758234472, 0.15517269792, 0.00034111170809, 0.14507103511],
      [0.25570868646, 0.53594062901, 0.14097570956, 0.016104002363, 0.051270972605]
    ],
    [
      [0.028666922311, 0.19811055092, 0.40014591621, 0.27465127313, 0.098425337435],
      [0.21374058656, 0.05307548535, 0.15827145713, 0.55300843703, 0.021904033926],
      [0.23712897148, 0.0012396479806, 0.41873069364, 0.20340295119, 0.13949773572],
      [0.17445874091, 0.0035990735778, 0.13052460153, 0.47968138274, 0.21173620124],
      [0.57620276252, 0.24142868827, 0.1579459509, 0.001146993232, 0.023275605079],
      [0.26929615211, 0.29775326491, 0.24701892512, 0.091458547849, 0.09447311001]
    ],
    [
      [0.012777143279, 0.19918957202, 0.27654497589, 0.3096110872, 0.20187722161],
      [0.019637903281, 0.02125962447, 0.065721677424, 0.84159316908, 0.051787625741],
      [0.2573011676, 0.026246956841, 0.49241054561, 0.19117092544, 0.032870404508],
      [0.20646787452, 0.046732303961, 0.014340930569, 0.64009680135, 0.092362089591],
      [0.51593652758, 0.21923743412, 0.095666562403, 0.13965094338, 0.029508532511],
      [0.24087390145, 0.25259678138, 0.1739620675, 0.16691164567, 0.165655604]
    ],
    [
      [0.014908139251, 0.20859143082, 0.30729154358, 0.31990047779, 0.14930840856],
      [0.069342772236, 0.067813838503, 0.13881726837, 0.63791486137, 0.086111259513],
      [0.094068265562, 0.17378263303, 0.31937441688, 0.33601471868, 0.076759965858],
      [0.28496629044, 0.14394260391, 0.059159931872, 0.26224267128, 0.2496885025],
      [0.42674965802, 0.19823308693, 0.1503673286, 0.0041543894264, 0.22049553702],
      [0.20833868908, 0.32230144069, 0.1957619964, 0.07168911886, 0.20190875497]
    ],
    [
      [0.017709106729, 0.22875900161, 0.32919273235, 0.26126971899, 0.16306944032],
      [0.045554505124, 0.047581872223, 0.058502281682, 0.81629502145, 0.032066319523],
      [0.26130654888, 0.0077960422081, 0.32997968303, 0.15518500743, 0.24573271844],
      [0.18255992534, 0.16914958519, 0.14126500468, 0.33520307089, 0.17182241389],
      [0.62586164718, 0.30016896516, 0.018470514701, 0.012376826153, 0.04312204681],
      [0.1923751153, 0.17935129349, 0.27124973587, 0.25029490055, 0.10672895479]
    ],
    [
      [0.017821170637, 0.27885493937, 0.27219757075, 0.28790302536, 0.14322329388],
      [0.088420255851, 0.033124554604, 0.091172808018, 0.78721905468, 6.332684357e-05],
      [0.22388162413, 0.029560753831, 0.33095887306, 0.33259658282, 0.08300216616],
      [0.40341159996, 0.13076324413, 0.094981033616, 0.36831354475, 0.0025305775465],
      [0.46929538, 0.36075491728, 0.042199318979, 4.9298530236e-05, 0.12770108521],
      [0.19771287353, 0.20551740844, 0.31605255188, 0.17311021143, 0.10760695472]
    ],
    [
      [0.016952284552, 0.28042101699, 0.32981755608, 0.28165965488, 0.091149487494],
      [0.01707435455, 0.04281255873, 0.016474221264, 0.91871886877, 0.0049199966817],
      [0.18930683236, 0.010705272141, 0.39734412934, 0.019592270818, 0.38305149534],
      [0.16699395807, 0.17408467593, 0.16345887056, 0.3920787612, 0.10338373423],
      [0.35030981857, 0.23996824071, 0.20178015177, 0.0042199410251, 0.20372184792],
      [0.018853012708, 0.39871836493, 0.22752044347, 0.16175207583, 0.19315610306]
    ],
    [
      [0.0024253188757, 0.15256732329, 0.37163828565, 0.35542700521, 0.11794206697],
      [0.0045249492494, 0.24513894581, 0.12200833069, 0.50700612898, 0.12132164527],
      [0.0053722454198, 0.16063593265, 0.49848623821, 0.32707959808, 0.0084259856452],
      [0.42053918684, 0.14185694075, 0.0017723863158, 0.15065058334, 0.28518090275],
      [0.49050007177, 0.298582374, 0.01184902564, 0.0010394012023, 0.19802912738],
      [0.19396980942, 0.10947784381, 0.29754601116, 0.29463319768, 0.10437313794]
    ],
    [
      [0.12741315467, 0.26055584526, 0.17240453877, 0.28685873192, 0.15276772937],
      [0.09384774196, 0.17423824652, 0.13356369496, 0.56298096005, 0.035369356506],
      [0.43629793454, 0.075034002611, 0.30464884692, 0.11986154884, 0.064157667091],
      [0.29537590045, 0.1084957368, 0.12462648221, 0.13302802874, 0.3384738518],
      [0.36436528115, 0.18677025785, 0.18468003206, 0.0043090153304, 0.25987541362],
      [0.12046799364, 0.53475142157, 0.10696998114, 0.051517916459, 0.18629268719]
    ],
    [
      [0.085307737395, 0.26046910328, 0.16048757077, 0.21985157387, 0.27388401468],
      [0.037819278988, 0.1759096563, 0.057031619152, 0.71388929026, 0.015350155299],
      [0.26892092071, 0.19309223902, 0.22876520174, 0.18270541984, 0.12651621869],
      [0.2600482995, 0.14040733505, 0.11205089348, 0.3134163006, 0.17407717136],
      [0.42226375784, 0.31655132898, 0.11228234259, 0.0013793715788, 0.14752319901],
      [0.17793594982, 0.574455021, 0.17771144448, 0.022656254911, 0.047241329781]
    ],
    [
      [0.030700982859, 0.33275814829, 0.23277459767, 0.27407184442, 0.12969442675],
      [0.018500239889, 0.19496979726, 0.06856098917, 0.68725370026, 0.030715273418],
      [0.19934846924, 0.024276640744, 0.33716260169, 0.31166568538, 0.12754660294],
      [0.17345071641, 0.23350520874, 0.092484124438, 0.2724931437, 0.22806680672],
      [0.32640388521, 0.31873667776, 0.15093012167, 0.027248078271, 0.17668123708],
      [0.20276323521, 0.53077950353, 0.14878067108, 0.06124211704, 0.056434473139]
    ],
    [
      [0.0042670606838, 0.16827717636, 0.06660819323, 0.51488786554, 0.24595970418],
      [0.024635511522, 0.12845535303, 0.14189888636, 0.67657372471, 0.028436524381],
      [0.22783150602, 0.096843790433, 0.39675987026, 0.16877862034, 0.10978621294],
      [0.50517298792, 0.2149008478, 0.0047170578519, 0.25387661182, 0.021332494612],
      [0.6819947001, 0.16213879396, 0.12470369653, 0.0024412352279, 0.028721574191],
      [0.29155957542, 0.4829520021, 0.014867505724, 0.18941700969, 0.021203907068]
    ],
    [
      [0.0043961558944, 0.27794736205, 0.21490787104, 0.32504806568, 0.17770054533],
      [0.073079075801, 0.19279751908, 0.10286010142, 0.56796068701, 0.06330261669],
      [0.26314321208, 0.011960974939, 0.46397131608, 0.10691231398, 0.15401218292],
      [0.11918881909, 0.24879525645, 0.16263563437, 0.13710567484, 0.33227461524],
      [0.45327922306, 0.38831903661, 0.022822186101, 0.016388501655, 0.11919105256],
      [0.20382604093, 0.62689973476, 0.11867579502, 0.010364090503, 0.04023433878]
    ],
    [
      [0.46810248537, 0.46403570825, 0.028335921247, 0.027848428556, 0.01167745657],
      [0.1044776077, 0.10656741661, 0.12738877461, 0.64210390742, 0.019462293658],
      [0.13793115026, 0.12082637491, 0.47675774873, 0.25407465013, 0.010410075956],
      [0.26725705986, 0.066118648836, 0.0054639262148, 0.30854461033, 0.35261575476],
      [0.45575597825, 0.26382036617, 0.097584998153, 0.085923642033, 0.096915015399],
      [0.40288158254, 0.16823140638, 0.40494814149, 0.010287614054, 0.013651255547]
    ],
    [
      [0.019909866713, 0.28658385146, 0.13103582751, 0.16949332769, 0.39297712662],
      [0.047419286755, 0.16429658459, 0.066748538928, 0.67278506914, 0.048750520594],
      [0.23646802946, 0.10433273061, 0.1668277583, 0.29690039191, 0.19547108972],
      [0.25111171357, 0.11079084189, 0.057652175163, 0.24897578497, 0.33146948441],
      [0.21406210902, 0.3467431795, 0.1740873217, 0.0023608202671, 0.26274656953],
      [0.14366311621, 0.49824938343, 0.23161559916, 0.080173414595, 0.046298486611]
    ],
    [
      [0.01010932979, 0.24340094125, 0.4828107836, 0.24376580589, 0.019913139473],
      [0.10040713377, 0.17419306106, 0.17798631579, 0.54521075584, 0.0022027335276],
      [0.60480922298, 0.00027565495348, 0.25241369967, 0.020951682146, 0.12154974025],
      [0.31188196548, 0.012004433853, 0.14389937107, 0.15436577285, 0.37784845676],
      [0.64427021844, 0.22195539564, 0.013975990643, 1.5954006016e-05, 0.11978244127],
      [0.0097263853003, 0.4557349923, 0.18585693533, 0.097237537706, 0.25144414937]
    ],
    [
      [0.070251298209, 0.1553796467, 0.33413227052, 0.26294687703, 0.17728990754],
      [0.01090190231, 0.10000230422, 0.19693817396, 0.65761118154, 0.034546437968],
      [0.10675407127, 0.079910495732, 0.55954252059, 0.15414147187, 0.099651440542],
      [0, 0, 0, 0, 0],
      [0.518932786, 0.20053355109, 0.18547605791, 0.0047076834893, 0.090349921507],
      [0.24818949001, 0.4733606826, 0.19679915635, 0.041870841938, 0.039779829101]
    ],
    [
      [0.0052650814995, 0.091490572701, 0.096789295311, 0.44946459142, 0.35699045907],
      [0.0030391394364, 0.0036664934122, 0.11616977585, 0.876420777, 0.00070381430363],
      [0.10480345219, 0.050257089036, 0.58188385983, 0.12530392598, 0.13775167297],
      [0.19778289438, 0.0046152708061, 0.0041391531862, 0.58490338136, 0.20855930027],
      [0.70149670544, 0.14160653621, 0.0071917992891, 0.002998566303, 0.14670639276],
      [0.29367402116, 0.1031371988, 0.20694875379, 0.19549679239, 0.20074323386]
    ],
    [
      [0.0042890496181, 0.61743727575, 0.30547402861, 0.063258202577, 0.0095414434454],
      [0.013923056819, 0.14465907497, 0.37157451045, 0.37373998522, 0.096103372533],
      [0.1171447727, 0.053551920485, 0.59526060296, 0.15239653402, 0.081646169833],
      [0.22165207324, 0.012780771133, 0.065476452404, 0.37563794843, 0.32445275479],
      [0.39431799395, 0.25137516425, 0.20675460051, 0.0063931002552, 0.14115914104],
      [0.057129477837, 0.58289082561, 0.15442966702, 0.059472998096, 0.14607703144]
    ],
    [
      [0.11162648402, 0.23794402073, 0.27833736714, 0.19013647621, 0.1819556519],
      [0.10196526114, 0.21497955944, 0.24857020752, 0.31919353073, 0.11529144117],
      [0.15353638116, 0.052985221489, 0.51450674974, 0.090908755419, 0.18806289219],
      [0.19759352121, 0.10269560328, 0.074900172864, 0.19785836229, 0.42695234036],
      [0.39013258464, 0.26887640145, 0.097626396105, 0.051788138881, 0.19157647893],
      [0.099531804658, 0.37780742371, 0.22301340236, 0.070861456808, 0.22878591247]
    ],
    [
      [0.011294168807, 0.46590456494, 0.24864156074, 0.13739790284, 0.13676180267],
      [0.094581266374, 0.014613171439, 0.057354191704, 0.8290386197, 0.0044127507792],
      [0.21723349013, 0.023116006571, 0.46128785858, 0.19992360784, 0.098439036868],
      [0.062533344219, 0.1037719944, 0.087632679017, 0.50326773661, 0.24279424576],
      [0.54033794746, 0.18027154484, 0.26265150327, 0.010730122743, 0.0060088816898],
      [0.32304323317, 0.29676558703, 0.15366138189, 0.11307885483, 0.11345094309]
    ],
    [
      [0.0073119605962, 0.26358659057, 0.023278864205, 0.30194360656, 0.40387897807],
      [0.11436470719, 0.1077597632, 0.21346112862, 0.45610016726, 0.10831423372],
      [0.15242636927, 0.017734502212, 0.45664830672, 0.23386238922, 0.13932843258],
      [0.18339300219, 0.079101216837, 0.082917751236, 0.24494548224, 0.40964254749],
      [0.32297802693, 0.18293667425, 0.16221718266, 0.00026863966895, 0.33159947648],
      [0.39825627658, 0.29884081702, 0.28647594084, 0.0060935228311, 0.010333442724]
    ],
    [
      [0.010277973382, 0.24561116448, 0.24589265273, 0.412034743, 0.086183466398],
      [0.032105572773, 0.26559809215, 0.19823027241, 0.48990766912, 0.01415839355],
      [0.19065432155, 0.088859529004, 0.38374025541, 0.21809566538, 0.11865022866],
      [0.20113946796, 0.13137892717, 0.10125318236, 0.21444315868, 0.35178526383],
      [0.41134483824, 0.19255042035, 0.11537436863, 0.05730125461, 0.22342911817],
      [0.27698879668, 0.36864523416, 0.20827850468, 0.12600174031, 0.020085724165]
    ],
    [
      [0.0037050088401, 0.22008583442, 0.57436082987, 0.088195914154, 0.11365241272],
      [0.15699806891, 0.21476383656, 0.19299136544, 0.41680791276, 0.018438816328],
      [0.05269281499, 0.11477197113, 0.6194640083, 0.16338121362, 0.04968999196],
      [0.017383788737, 0.02872247132, 0.064469477243, 0.26087745588, 0.62854680682],
      [0.39753729351, 0.40999313563, 0.041950074733, 0.0069050218167, 0.14361447431],
      [0.020982407856, 0.36390378708, 0.29677502227, 0.024985551894, 0.29335323091]
    ],
    [
      [6.5375378828e-06, 0.39995376693, 0.20003102262, 0.39994975997, 5.8912944716e-05],
      [5.666268459e-05, 0.19995093273, 0.19998088028, 0.6000035409, 7.9834040435e-06],
      [0.20688282068, 0.017248932963, 0.46550985225, 0.17240968906, 0.13794870506],
      [5.4121572076e-05, 2.5162653739e-06, 5.7625606342e-05, 0.14290856001, 0.85697717655],
      [0.54542337141, 0.18185021279, 0.090933442896, 4.5710545465e-06, 0.18178840185],
      [0.11112901664, 0.33332375241, 0.33331037808, 0.11111595825, 0.11112089463]
    ],
    [
      [0.0069873710305, 0.19065846571, 0.18145340522, 0.26210769943, 0.3587930586],
      [0.00097694404764, 0.4227145429, 0.13990607908, 0.30007711084, 0.13632532313],
      [0.3395895647, 0.0060895335053, 0.17454536761, 0.31744363948, 0.1623318947],
      [0.26790782175, 0.14195958114, 0.015401980412, 0.27098906086, 0.30374155584],
      [0.17705630022, 0.49826368526, 0.00064006996469, 0.00093778254913, 0.32310216201],
      [0.27689033581, 0.71059745035, 0.0004617996538, 0.0048108805349, 0.0072395336435]
    ],
    [
      [0.025544361296, 0.272675806, 0.42902600219, 0.090974575601, 0.18177925491],
      [0.19061103943, 0.30928651046, 0.18137164377, 0.31871412942, 1.6676910273e-05],
      [0.30002491529, 3.558318024e-06, 0.41873161474, 0.28115130125, 8.8610397197e-05],
      [0.35994508062, 0.075834629346, 0.043976550092, 0.27777268233, 0.24247105762],
      [0.27341146787, 0.36335372882, 0.12499548018, 5.7531474511e-05, 0.23818179166],
      [0.02690376889, 0.55796651871, 0.41499769206, 6.2894882952e-05, 6.9125454157e-05]
    ],
    [
      [0.03171864339, 0.28314168685, 0.55946103517, 0.095061235139, 0.03061739945],
      [0.14896642255, 0.3843257281, 0.11199468001, 0.35430605606, 0.00040711328237],
      [0.32989453352, 0.0043062082035, 0.35450845133, 0.18199905875, 0.1292917482],
      [0.30296047086, 0.060041368613, 0.037228509421, 0.24269264495, 0.35707700616],
      [0.54202909196, 0.20222937456, 0.14596134064, 0.00038620635498, 0.10939398647],
      [0.15593852111, 0.59122228262, 0.18320644352, 0.062004282952, 0.0076284698017]
    ],
    [
      [0.0031980523541, 0.1454261801, 0.14125537446, 0.42778245553, 0.28233793756],
      [0.002575294327, 0.48711264584, 0.16521203917, 0.34167405522, 0.0034259654396],
      [0.42582618091, 0.0018975297374, 0.28099172765, 0.14623216122, 0.14505240048],
      [0.3117768131, 0.048213071137, 0.01650657424, 0.3576104616, 0.26589307992],
      [0.33978865995, 0.44031048048, 0.0013441522727, 0.0025017032961, 0.216055004],
      [0.28136637472, 0.57108961129, 0.14063998977, 0.0031812113481, 0.0037228128712]
    ],
    [
      [0.104971605, 0.32080341671, 0.55449171937, 0.013075132876, 0.0066581260452],
      [0.016118931511, 0.68945400609, 0.14302911844, 0.15137740522, 2.0538733693e-05],
      [0.2573138806, 0.00015371386002, 0.36049134937, 0.26393030904, 0.11811074713],
      [0.32924553263, 0.038522939339, 0.052646177976, 0.23211225637, 0.34747309369],
      [0.59827614745, 0.24351545557, 0.0088540737294, 0.00010052467584, 0.14925379857],
      [0.12472722227, 0.50011236376, 0.13922464431, 0.11796982176, 0.1179659479]
    ],
    [
      [0.0038826847406, 0.28478978823, 0.28607424667, 0.28196884774, 0.14328443262],
      [0.089436924955, 0.36193795794, 0.093988441804, 0.45459707855, 3.9596755165e-05],
      [0.42927725469, 0.0011487734282, 0.2869856845, 0.28145757884, 0.0011307085437],
      [0.33286393894, 0.13289056054, 0.050288970966, 0.16735526485, 0.31660126471],
      [0.28979054615, 0.28644784572, 0.14056971164, 5.883030966e-05, 0.28313306618],
      [0.12296301126, 0.50481799733, 0.36917267282, 0.0017149308473, 0.0013313877463]
    ],
    [
      [0.3356093212, 0.17064408706, 0.18026643695, 0.039733425096, 0.27374672969],
      [0.054434224016, 0.2333422505, 0.13840078777, 0.57123455735, 0.0025881803672],
      [0.48480960602, 0.086759406433, 0.24326598837, 0.078948881435, 0.10621611774],
      [0.35961821896, 0.075247640575, 0.026873736129, 0.22041846467, 0.31784193966],
      [0.81758798612, 0.077159949784, 0.076891907725, 0.00035145636786, 0.028008700008],
      [0.10740132888, 0.68266433555, 0.017077120763, 0.062328495339, 0.13052871946]
    ],
    [
      [0.039807041968, 0.29643939371, 0.093000449833, 0.069648964575, 0.50110414991],
      [0.023072243268, 0.077995178821, 0.12670868031, 0.7364946816, 0.035729216003],
      [0.20421475494, 0.053133649167, 0.56859184562, 0.01725911094, 0.15680063933],
      [0.47915621114, 0.060096015103, 0.018139629627, 0.2199314124, 0.22267673173],
      [0.85568977771, 0.086142294862, 0.0057310591544, 0.0037239177285, 0.048712950549],
      [0.28161720793, 0.43452123328, 0.13223542497, 0.10895882703, 0.042667306791]
    ],
    [
      [0.098793427732, 0.39619378901, 0.20306932562, 0.30055713603, 0.0013863216057],
      [0.1816448757, 0.18076462844, 0.17837074941, 0.45795874532, 0.001261001129],
      [0.33559120248, 3.5153149289e-05, 6.9368386823e-05, 0.0022900995231, 0.66201417646],
      [0.40037285662, 0.0031140361127, 0.00095308528033, 0.3461179004, 0.24944212158],
      [0.55745449939, 0.25579501735, 0.069485423614, 0.00032267628752, 0.11694238336],
      [0.15609214433, 0.61446763612, 6.5749325399e-06, 0.077983004165, 0.15145064045]
    ],
    [
      [0.0059578064759, 0.15509547662, 0.067866737752, 0.76598386413, 0.0050961150211],
      [0.00099083728863, 0.25774177119, 0.10572237894, 0.63399791469, 0.0015470978942],
      [0.40625557146, 0.0054459278706, 0.40251777231, 0.17276261802, 0.01301811034],
      [0.43109526834, 0.11380009653, 0.20480639561, 0.12976941513, 0.12052882439],
      [0.60371687154, 0.21038013726, 0.069599133989, 0.051020153914, 0.065283703294],
      [0.18178458577, 0.41802774697, 0.18018208011, 0.21447079182, 0.0055347953347]
    ],
    [
      [0.021029792871, 0.077143469704, 0.18774357004, 0.57488837279, 0.13919479459],
      [0.1148632144, 0.17838052462, 0.042217455976, 0.44374468638, 0.22079411862],
      [0.42830775813, 0.02147195311, 0.30431358444, 0.18571179358, 0.060194910736],
      [0.35469375302, 0.087752523989, 0.023881720018, 0.29088668017, 0.24278532281],
      [0.64541089278, 0.15889605247, 0.051592919444, 0.043439445653, 0.10066068965],
      [0.37149615998, 0.12877222756, 0.098842428873, 0.13725337622, 0.26363580736]
    ],
    [
      [0.042573868603, 0.23831576027, 0.26993409535, 0.36998778122, 0.079188494553],
      [0.044569676215, 0.23767204584, 0.050522958374, 0.66684934912, 0.00038597044477],
      [0.25501342057, 0.048713623318, 0.18271679497, 0.42655150503, 0.087004656107],
      [0.20573027703, 0.059923699206, 0.0013456023489, 0.31213382737, 0.42086659404],
      [0.68732772816, 0.21062524003, 0.033793930283, 0.01480341651, 0.053449685013],
      [0.31387501857, 0.46688512055, 0.048900163527, 0.03302026261, 0.13731943475]
    ],
    [
      [0.13642051918, 0.24427813958, 0.16975955441, 0.37350389889, 0.07603788793],
      [0.094686633314, 0.17620298276, 0.28081878112, 0.38733956435, 0.060952038452],
      [0.22874758019, 0.061165270917, 0.23440157771, 0.43588602403, 0.039799547144],
      [0.41738228504, 0.10865608081, 0.044840934089, 0.24237846986, 0.18674223021],
      [0.69379056208, 0.10304814926, 0.092746559695, 0.045959770077, 0.064454958887],
      [0.221273296, 0.32001891421, 0.36231184408, 0.013981483495, 0.082414462221]
    ],
    [
      [0.096890735024, 0.19596146276, 0.3524160072, 0.22899599655, 0.12573579847],
      [0.031743045213, 0.26754386528, 0.34988719359, 0.33968531244, 0.011140583478],
      [0.38178673994, 0.096759280384, 0.29457455598, 0.20984632341, 0.017033100291],
      [0.41544070992, 0.099904571962, 0.15360580582, 0.23610655104, 0.094942361252],
      [0.7340457059, 0.16287511056, 0.07867380176, 0.00052723530744, 0.023878146473],
      [0.30754896956, 0.46747549521, 0.13119530637, 0.0895493389, 0.0042308899526]
    ],
    [
      [0.079996550071, 0.35585535041, 0.14830656303, 0.40322891586, 0.012612620634],
      [0.11322967329, 0.29339027643, 0.090289797587, 0.39477156305, 0.10831868964],
      [0.20876276148, 0.20008777693, 0.35739300692, 0.089874629916, 0.14388182476],
      [0.3150393553, 0.010898353867, 0.051102859785, 0.26449714682, 0.35846228424],
      [0.58350943815, 0.3037618285, 0.017871107924, 0.00074521724105, 0.094112408182],
      [0.15825068634, 0.59255312362, 0.058618666081, 0.12765362238, 0.062923901576]
    ],
    [
      [0.0031650645963, 0.15599515752, 0.38061928353, 0.45329332762, 0.0069271667264],
      [0.010547569045, 0.64150774685, 0.32851186706, 0.016780854287, 0.002651962761],
      [0.39065459904, 0.0027766619637, 0.20208667088, 0.20313358774, 0.20134848037],
      [0.30312100955, 0.0053197230389, 0.0021332232861, 0.20307111063, 0.4863549335],
      [0.6982989693, 0.16669730286, 0.050643640507, 0.00040619263947, 0.083953894688],
      [0.11608780047, 0.44206899997, 0.11066996613, 0.10956595275, 0.22160728068]
    ],
    [
      [0.11034497207, 0.22917838233, 0.0070457083618, 0.54520551975, 0.10822541749],
      [0.00084452930639, 0.22296420926, 0.22136938484, 0.55473890964, 8.2966956514e-05],
      [0.3687939659, 0.004476535679, 0.48843629442, 0.13123624919, 0.007056954819],
      [0.48837540797, 0.12416765796, 0.1214771155, 0.13044081698, 0.13553900159],
      [0.58339495855, 0.2767328588, 0.024922480494, 0.00052087404059, 0.11442882811],
      [0.26330244691, 0.347915226, 0.086664792202, 0.17324721837, 0.12887031653]
    ],
    [
      [0.018421339035, 0.34179082317, 0.19840592575, 0.2359784119, 0.20540350015],
      [0.19069557328, 0.1180947154, 0.16802688196, 0.34288563514, 0.18029719422],
      [0.16895482532, 0.10292956267, 0.3523628612, 0.12284642255, 0.25290632826],
      [0.26054599152, 0.16531826845, 0.019838903583, 0.18581578463, 0.36848105181],
      [0.45010977347, 0.2677635799, 0.12067056191, 0.021335914175, 0.14012017054],
      [0.11195958501, 0.54261993718, 0.14039048806, 0.092962120124, 0.11206786962]
    ],
    [
      [0.0059743350089, 0.35778888644, 0.39500403357, 0.1616180911, 0.079614653881],
      [0.12133270065, 0.59479430868, 0.20631916401, 0.051850097267, 0.025703729394],
      [0.39148290223, 0.03533132318, 0.29899222336, 0.20064766056, 0.073545890671],
      [0.29465816303, 0.025878132503, 0.0041129768432, 0.14642231344, 0.52892841418],
      [0.44836435343, 0.28757102907, 0.025200580514, 0.021088387964, 0.21777564902],
      [0.13636426565, 0.59023380859, 0.18149673794, 0.01738211794, 0.074523069874]
    ],
    [
      [0.00010547400388, 0.12971037576, 0.4889857806, 0.26027878513, 0.12091958451],
      [0.014299506954, 0.19366707218, 0.38488206562, 0.40687771875, 0.00027363649577],
      [0.27537554752, 0.0058296834537, 0.28554667407, 0.28012956373, 0.15311853123],
      [0.15766284359, 0.0082142680722, 0.0010458416586, 0.37819463264, 0.45488241404],
      [0.45383301354, 0.18285077735, 0.17778339631, 5.1815447555e-05, 0.18548099735],
      [0.17782588795, 0.60419696095, 0.074922560851, 0.03581024973, 0.10724434052]
    ],
    [
      [0.0063616286115, 0.28965932413, 0.14449422188, 0.25968771238, 0.299797113],
      [0.035633958842, 0.021159984012, 0.21683323062, 0.60204177229, 0.12433105423],
      [0.25933434888, 0.097318907474, 0.381795114, 0.10120860064, 0.16034302901],
      [0.036223563644, 0.10114953293, 0.059889667341, 0.48154650589, 0.3211907302],
      [0.6204625551, 0.15025822556, 0.19264924079, 0.01001621965, 0.026613758909],
      [0.20128630173, 0.5504473532, 0.064967452593, 0.075717567888, 0.10758132459]
    ],
    [
      [0.13196520003, 0.35245323721, 0.13316777683, 0.2206786576, 0.16173512833],
      [0.11683163381, 0.30091708493, 0.12987946802, 0.41597323593, 0.03639857731],
      [0.2308923186, 0.058208732719, 0.47460232425, 0.12133527243, 0.114961352],
      [0.46162506918, 0.040717412988, 0.058440375794, 0.2073750867, 0.23184205533],
      [0.47587704655, 0.27437326241, 0.092008639189, 0.064510645579, 0.093230406272],
      [0.17684250069, 0.54261747964, 0.18004558613, 0.038974349939, 0.0615200836]
    ],
    [
      [0.19984986829, 0.39843125897, 0.39985495471, 0.00019937434453, 0.0016645436866],
      [0.00071027596162, 0.27271589998, 0.36085677992, 0.36569382183, 2.3222311943e-05],
      [0.2222233181, 0.00086916010328, 0.44437049939, 0.22065574643, 0.11188127598],
      [0.25179370269, 0.0019612374436, 0.0009666512958, 0.37299267981, 0.37228572876],
      [0.44425142648, 0.55457349841, 0.00017703474194, 3.799980238e-05, 0.00096004055683],
      [0.10310888449, 0.68953956861, 0.10383861431, 0.051830791959, 0.051682140642]
    ],
    [
      [0.011322621185, 0.38413925426, 0.28571735827, 0.29952366155, 0.019297104735],
      [0.021459624489, 0.24537678928, 0.49172167745, 0.23699090607, 0.0044510027097],
      [0.22750569603, 0.0048781926018, 0.13776106549, 0.60485744871, 0.024997597179],
      [0.18397315088, 0.0054019095827, 0.0041780928796, 0.45090630324, 0.35554054342],
      [0.47235535083, 0.24618757952, 0.15566324453, 0.0041328471266, 0.121660978],
      [0.17955608066, 0.49675171351, 0.12333361877, 0.045653090462, 0.15470549659]
    ],
    [
      [0.19463914413, 0.20624578964, 0.28847489813, 0.2037474085, 0.1068927596],
      [0.021252868694, 0.56637637366, 0.18907448201, 0.2132281087, 0.01006816694],
      [0.32292574881, 0.0062070659515, 0.22820169612, 0.32061073696, 0.12205475216],
      [0.18750203081, 0.013544737272, 0.0011143222835, 0.27248383432, 0.52535507532],
      [0.40650540752, 0.20417971702, 0.19399781757, 6.2485775758e-05, 0.19525457211],
      [0.23478974658, 0.39743649748, 0.13025141132, 0.054780758246, 0.18274158637]
    ]
  ],
  "expected_outcome": [
    [
      [2.9567524003, 1.6626814941, 0.77940574004, 1.0435697476, 1.1688010441, 1.033627897, 1.0001847886, 0.14309381366, 2.2934367841, 0.85307737395, 0.18420589715, 0.029869424786, 0.030773091261, 0.93620497074, 0.11945920028, 0.080874638317, 0.63226168388, 0.057915896495, 0.025734297709, 0.78138538814, 0.04517667523, 0.051183724173, 0.061667840293, 0.037050088401, 3.2687689414e-05, 0.076861081335, 0.28098797425, 0.25374914712, 0.022386366479, 0.94474444503, 0.027178793184, 2.0136559272, 0.19903520984, 0.98793427732, 0.035746838855, 0.21029792871, 0.29801708022, 1.3642051918, 1.1626888203, 0.47997930042, 0.041145839752, 0.99310474863, 0.14737071228, 0.029871675044, 0.00084379203106, 0.063616286115, 1.3196520003, 0.99924934144, 0.15851669659, 1.9463914413],
      [11.0365608835, 11.4904119534, 12.1505638934, 14.6014001575, 15.0980941064, 16.1735864837, 16.5448400025, 9.0014720742, 4.6900052147, 2.6046910328, 1.9965488898, 1.1779402345, 1.9456315344, 0.92807141651, 1.7195031088, 1.94720753, 1.3984168203, 1.0063962997, 3.7046236545, 1.6656081451, 1.8636182598, 1.845106134, 1.4736669869, 2.2008583442, 1.9997688346, 2.0972431229, 2.999433866, 2.2651334948, 1.0179832607, 2.8872307503, 1.9935285176, 1.0238645224, 1.4821969685, 3.9619378901, 0.93057285973, 0.77143469704, 1.6682103219, 2.4427813958, 2.3515375531, 2.1351321025, 2.0279370478, 2.0626054409, 2.7343265853, 1.7889444322, 1.0376830061, 2.8965932413, 3.5245323721, 1.9921562949, 5.3779495596, 2.0624578964],
      [17.2732421827, 23.2084631399, 16.8692435295, 21.5104080505, 21.7267203354, 15.7874591037, 19.4592358086, 21.9266588531, 3.1032816979, 1.6048757077, 1.396647586, 0.46625735261, 1.5043550972, 0.056671842494, 0.78621496505, 3.8624862688, 3.0071904347, 1.0646822484, 1.8328441716, 1.94836157, 0.99456624298, 0.16295204944, 1.4753559164, 5.7436082987, 1.0001551131, 1.9959874575, 4.7192860241, 4.4756882813, 0.98878762119, 4.9904254743, 2.0025197267, 1.0815986217, 0.46500224916, 2.0306932562, 0.40720042651, 1.8774357004, 1.8895386674, 1.6975955441, 4.2289920864, 0.88983937817, 4.9480506859, 0.063411375256, 1.587247406, 1.9750201678, 3.9118862448, 1.4449422188, 1.3316777683, 1.9992747735, 4.0000430158, 2.8847489813],
      [13.8724476891, 15.9297738414, 18.8862763192, 22.3930334454, 17.243801453, 16.6983754709, 16.6179196382, 20.9701933075, 5.1634571746, 2.1985157387, 1.6444310665, 3.6042150588, 2.2753364598, 0.055696857113, 1.0169599662, 1.9501264472, 2.3665218933, 4.9441105056, 0.37954921546, 1.3309553335, 0.54959161135, 2.1136052459, 2.472208458, 0.88195914154, 1.9997487998, 2.8831846938, 1.0007203316, 0.76048988111, 2.9944771887, 0.11767619588, 1.9737819342, 0.23840055057, 0.34824482288, 3.0055713603, 4.5959031848, 5.7488837279, 2.5899144685, 3.7350389889, 2.7479519585, 2.4193734951, 5.8928132591, 4.9068496777, 1.8878272952, 0.80809045552, 2.082230281, 2.5968771238, 2.206786576, 0.00099687172266, 4.1933312617, 2.037474085],
      [11.8609968444, 5.7086695712, 12.3145105179, 10.4515885991, 10.7625830611, 8.3069510448, 5.3778197621, 6.9585819515, 2.7498191287, 2.7388401468, 0.7781665605, 1.7217179293, 1.2439038173, 0.023354913139, 2.3578627597, 0.15930511578, 1.5956091679, 3.9268950497, 0.057248660672, 1.2736895633, 0.54704721066, 2.8271528465, 0.51710079839, 1.1365241272, 0.00029456472358, 3.9467236446, 1.999571804, 0.2449391956, 1.9763655629, 0.059923134407, 1.0029910283, 1.6424803782, 2.5055207496, 0.013863216057, 0.030576690127, 1.3919479459, 0.55431946187, 0.7603788793, 1.5088295817, 0.075675723804, 0.090053167443, 0.97402875745, 1.6432280012, 0.3980732694, 0.96735667609, 2.99797113, 1.6173512833, 0.0083227184331, 0.2701594663, 1.068927596]
    ],
    [
      [0.3130949544, 1.4961841059, 0.098189516404, 0.34671386118, 0.22777252562, 0.70736204681, 0.1707435455, 0.036199593995, 4.1293006462, 2.0044217864, 1.1100143934, 1.5274017144, 4.8232190029, 5.850746031, 2.8925764921, 5.1207638224, 0.51238940857, 0.027352254928, 0.097461397735, 1.0196526114, 0.94581266374, 1.0292823647, 0.16052786386, 1.5699806891, 0.0005666268459, 0.0068386083335, 1.9061103943, 1.0427649578, 0.015451765962, 0.11283252058, 0.98380617451, 0.65321068819, 0.16150570288, 1.9980936327, 0.010899210175, 0.80404250082, 0.26741805729, 1.0415529665, 0.22220131649, 0.56614836646, 0.031642707134, 0.0076007637575, 1.334869013, 0.97066160518, 0.071497534772, 0.2494377119, 1.5188112395, 0.0078130355778, 0.1931366204, 0.10626434347],
      [2.050149902, 0.37152839745, 0.10629812235, 0.33906919251, 0.23790936112, 0.26499643683, 0.4281255873, 1.9611115665, 7.666482847, 9.3232117837, 11.6981878354, 7.9642318877, 12.7246362592, 5.9677753303, 10.0220916598, 8.8838461143, 4.7001082982, 0.032998440709, 1.0126135248, 2.1497955944, 0.14613171439, 0.9698378688, 1.3279904607, 2.1476383656, 1.9995093273, 2.9590018003, 3.0928651046, 2.6902800967, 2.922675875, 4.8261780426, 3.9813175373, 2.800107006, 0.54596625175, 1.9884109128, 2.8351594831, 1.2486636724, 1.4260322751, 1.9382328103, 1.8728070569, 1.4669513821, 1.9245232405, 2.0066778834, 0.82666300782, 4.7583544695, 0.9683353609, 0.14811988808, 3.9119221041, 2.9998748998, 2.2083911035, 2.8318818683],
      [1.0453992873, 1.1079001999, 0.32860838712, 0.69408634187, 0.29251140841, 0.72938246414, 0.16474221264, 0.9760666455, 5.8768025782, 3.0226758151, 4.1136593502, 8.7977309541, 6.7887666937, 7.1337713781, 4.0716608746, 9.0773021055, 9.2560941763, 1.0455279826, 2.6010215732, 2.4857020752, 0.57354191704, 1.9211501576, 0.99115136207, 1.9299136544, 1.9998088028, 0.97934255356, 1.8137164377, 0.78396276005, 0.99127223504, 1.0012038291, 1.0338728598, 1.6608094532, 0.88696076218, 1.9620782435, 1.1629461683, 0.29552219183, 0.30313775024, 3.0890065924, 2.4492103552, 0.45144898793, 0.98553560117, 1.9923244635, 1.1761881737, 1.6505533121, 1.9244103281, 1.5178326143, 1.6884330843, 3.9694245791, 4.425495097, 0.94537241005],
      [8.0452020792, 3.8710590592, 4.2079658454, 3.1895743069, 4.0814751072, 6.2977524375, 9.1871886877, 4.0560490319, 24.7711622423, 37.836132384, 41.2352220159, 41.9475709321, 37.4854053427, 35.9578188157, 41.0398892173, 27.8057485479, 30.9077255325, 7.887786993, 2.6161798966, 3.1919353073, 8.290386197, 4.1049015054, 2.4495383456, 4.1680791276, 6.000035409, 2.1005397759, 3.1871412942, 2.4801423924, 2.0500443313, 1.0596418366, 5.000567864, 6.8548146882, 5.1554627712, 5.0375461985, 6.9739770616, 3.1062128047, 4.0010960947, 4.2607352079, 2.3777971871, 1.9738578153, 0.050342562862, 4.9926501867, 2.400199446, 0.41480077813, 2.0343885937, 4.2142924061, 5.4076520672, 4.0226320401, 2.1329181547, 1.0661405435],
      [2.5461537771, 0.15332823748, 0.2589381287, 0.43055629757, 0.16033159762, 0.00050661474856, 0.049199966817, 0.97057316216, 1.5562516863, 0.81355823085, 1.8429164051, 1.7630645116, 4.1779727015, 1.0898884448, 2.9737817562, 0.11233940991, 1.6236825845, 0.0063343287327, 0.67272360773, 1.1529144117, 0.044127507792, 0.97482810349, 0.070791967752, 0.18438816328, 7.9834040435e-05, 0.95427726194, 0.00016676910273, 0.0028497929766, 0.020555792638, 0.00014377113585, 0.00043556430682, 0.031058164406, 0.25010451202, 0.013871012419, 0.017018076836, 1.5455588303, 0.0023158226686, 0.67047242297, 0.077984084346, 0.54159344821, 0.0079558882829, 0.00074670260863, 1.2620803595, 0.20562983516, 0.0013681824789, 0.87031737964, 0.47318150503, 0.00025544543138, 0.040059024387, 0.050340834702]
    ],
    [
      [1.8015879838, 2.1341607433, 2.3157105084, 0.37627306225, 1.8291458421, 2.2388162413, 0.94653416182, 0.032233472519, 4.7992772799, 3.7648928899, 1.7941362232, 2.0504835542, 1.0525728483, 1.1034492021, 2.3646802946, 4.8384737839, 2.9891139955, 6.078600227, 7.6144102254, 8.1374282017, 11.9478419573, 8.9931557871, 11.6299136148, 3.4777257894, 11.9992035992, 2.0375373882, 3.0002491529, 2.6391562681, 2.9807832664, 2.0585110448, 3.0049407828, 3.8784768482, 1.2252885296, 1.0067736074, 2.8437890002, 3.8547698232, 1.5300805234, 2.7449709623, 3.0542939195, 1.4613393304, 1.9532729952, 2.9503517272, 1.5205934279, 4.6977948268, 1.9276288326, 3.1120121865, 2.0780308674, 2.0000098629, 2.0475512642, 2.9063317393],
      [0.092167879769, 0.011156831825, 0.23622261157, 0.69513053211, 0.054572295457, 0.29560753831, 0.053526360707, 0.96381559592, 0.82537402872, 2.7032913462, 0.2184897667, 0.8715941139, 0.047843899757, 0.96661099931, 1.0433273061, 0.0022052396278, 2.2374938805, 2.9149111641, 3.4808748315, 2.8082167389, 1.2713803614, 1.0463356305, 5.4204312692, 7.5749500943, 1.0004381118, 0.036537201032, 3.558318024e-05, 0.034449665628, 0.013282708162, 0.0012297108801, 0.0080414139977, 0.69407525146, 0.318801895, 0.00010545944787, 0.038121495094, 0.19324757799, 0.29228173991, 0.73398325101, 0.77407424307, 1.4006144385, 0.013883309818, 0.035812285432, 0.92636606407, 0.42397587817, 0.040807784176, 1.1678268897, 0.52387859447, 0.0078224409295, 0.043903733416, 0.055863593564],
      [2.2344027895, 3.7685762427, 4.4316949105, 1.2774976675, 2.3098577812, 3.3095887306, 1.9867206467, 2.9909174292, 3.3511373161, 3.2027128244, 3.0344634152, 3.5708388324, 1.8558852643, 3.8140619899, 1.668277583, 2.0193095974, 15.6671905765, 33.7492638701, 38.6919391925, 27.2688577361, 25.3708322221, 26.9422500962, 23.4081555797, 40.884624548, 26.9995714303, 1.0472722057, 4.1873161474, 2.8360676106, 1.9669420936, 2.883930795, 2.0088997915, 1.9461279069, 3.4115510737, 0.00020810516047, 2.8176244061, 2.73882226, 1.0963007698, 2.8128189325, 2.3565964478, 2.5017510484, 1.0104333544, 3.9074903553, 3.1712657508, 3.5879066803, 1.9988267185, 4.581541368, 4.2714209183, 3.9993344945, 1.2398495894, 2.0538152651],
      [0.84424925263, 1.8306265607, 1.720538329, 1.3440588747, 1.086295052, 3.3259658282, 0.097961354092, 1.9624775885, 1.3184770372, 2.5578758778, 2.8049911684, 1.5190075831, 0.42764925591, 2.0325972011, 2.9690039191, 0.16761345717, 4.3159612124, 7.2676277066, 9.9057747114, 4.8181640372, 10.9957984314, 13.797880964, 13.3038355881, 10.783160099, 9.9997619653, 1.9046618369, 2.8115130125, 1.45599247, 1.0236251285, 2.1114424723, 1.9702030519, 0.63159105148, 0.10355466564, 0.0068702985693, 1.2093383262, 1.6714061422, 2.5593090302, 5.2306322884, 1.6787705873, 0.62912240941, 1.0156679387, 1.0498899935, 1.105617803, 2.4077719267, 1.9609069461, 1.2145032077, 1.0920174519, 1.9859017179, 5.4437170383, 2.8854966326],
      [1.0275920943, 1.2554796214, 0.29583364058, 0.30703986343, 1.7201290291, 0.8300216616, 1.9152574767, 0.050555913871, 0.705734338, 1.7712270617, 1.1479194265, 0.98807591644, 0.61604873169, 0.08328060765, 1.9547108972, 0.97239792197, 2.7902403352, 7.9895970323, 5.3070010392, 9.967333286, 5.4141470277, 8.2203775222, 7.2376639482, 3.2795394693, 8.0010248934, 0.9739913682, 0.00088610397197, 1.0343339856, 1.0153668033, 0.94488597702, 0.0079149598057, 0.84972894194, 0.940803836, 1.9860425294, 0.091126772381, 0.54175419662, 0.52202793664, 0.47759456572, 0.13626480233, 1.0071727733, 1.0067424019, 0.056455638552, 2.2761569543, 0.88255068805, 1.0718297186, 1.9241163481, 1.034652168, 1.0069314838, 0.22497837461, 1.0984927694]
    ],
    [
