{
  "X": [
    [30, 39, 135, 59, 20],
    [9, 19, 29, 23, 5],
    [10, 13, 17, 8, 6],
    [58, 236, 252, 422, 50],
    [50, 217, 276, 364, 76],
    [47, 249, 301, 599, 76],
    [45, 227, 317, 521, 69],
    [51, 313, 340, 602, 64],
    [49, 239, 319, 578, 79],
    [15, 23, 35, 32, 13],
    [41, 190, 200, 350, 56],
    [50, 153, 215, 264, 44],
    [49, 109, 300, 207, 33],
    [80, 94, 285, 122, 65],
    [132, 226, 561, 372, 82],
    [111, 151, 342, 267, 73],
    [2, 15, 19, 16, 4],
    [89, 266, 329, 382, 53],
    [98, 554, 432, 924, 98],
    [19, 151, 128, 288, 30],
    [28, 234, 169, 540, 46],
    [30, 206, 156, 269, 34],
    [54, 479, 257, 993, 65],
    [57, 345, 248, 632, 60],
    [23, 168, 105, 348, 26],
    [22, 218, 93, 406, 28],
    [21, 218, 107, 505, 23],
    [53, 319, 196, 690, 45],
    [11, 41, 200, 279, 100],
    [42, 360, 291, 690, 60],
    [30, 67, 104, 160, 18],
    [366, 739, 997, 1380, 267],
    [59, 181, 189, 271, 18]
  ],
  "W": [
    [25, 40, 127, 35, 23, 16, 17],
    [19, 10, 30, 16, 6, 2, 2],
    [12, 12, 19, 4, 2, 3, 2],
    [234, 75, 273, 298, 46, 45, 47],
    [166, 52, 326, 271, 58, 67, 43],
    [211, 63, 363, 424, 75, 89, 47],
    [192, 48, 368, 346, 100, 89, 36],
    [285, 70, 401, 400, 71, 107, 36],
    [207, 69, 395, 332, 115, 103, 43],
    [26, 24, 33, 15, 7, 9, 4],
    [168, 39, 252, 224, 58, 68, 28],
    [116, 55, 243, 194, 50, 41, 27],
    [75, 54, 313, 136, 42, 43, 35],
    [60, 77, 305, 78, 32, 43, 51],
    [186, 163, 587, 237, 69, 67, 64],
    [134, 130, 351, 157, 51, 66, 55],
    [8, 4, 21, 14, 3, 4, 2],
    [240, 97, 373, 269, 67, 43, 30],
    [560, 137, 499, 638, 105, 120, 47],
    [131, 24, 149, 215, 46, 36, 15],
    [278, 31, 205, 362, 67, 45, 29],
    [142, 39, 204, 200, 54, 40, 16],
    [496, 67, 326, 702, 126, 85, 46],
    [324, 51, 320, 475, 68, 73, 31],
    [165, 27, 130, 254, 51, 34, 9],
    [208, 29, 120, 291, 57, 45, 17],
    [246, 20, 150, 368, 49, 33, 8],
    [326, 81, 244, 473, 70, 87, 22],
    [33, 8, 234, 241, 62, 8, 45],
    [434, 74, 312, 412, 84, 96, 31],
    [78, 25, 123, 95, 29, 17, 12],
    [665, 346, 1186, 1016, 210, 204, 122],
    [148, 77, 229, 213, 20, 13, 18]
  ],
  "method": "mult",
  "cond_prob": [
    [
      [0.00015004714695, 0.60275587308, 0.0018344940883, 0.39506228043, 0.00019730525207],
      [0.61715653207, 0.066249125156, 0.31073040514, 0.002514987118, 0.0033489505163],
      [0.037355557216, 0.069892030436, 0.77722329605, 0.040684356025, 0.074844760274],
      [9.8860945216e-05, 0.16432307365, 0.0029189041218, 0.82680653123, 0.0058526300499],
      [0.00057642349719, 0.11637393792, 0.070281071541, 0.678315787, 0.13445278004],
      [0.0018411071108, 0.41160690797, 0.10371652525, 0.45369226239, 0.029143197281],
      [0.010281875673, 0.0059279060065, 0.61554422862, 0.011596998374, 0.35664899133]
    ],
    [
      [0.00016718976974, 0.64051816725, 0.0015882504162, 0.35750365103, 0.0002227415322],
      [0.67947115227, 0.064073299389, 0.25086893333, 0.0020866284719, 0.0034999865414],
      [0.045184090684, 0.079009331417, 0.74347808888, 0.039483041438, 0.092845447584],
      [0.00011762640682, 0.18389115221, 0.0026985596085, 0.80623072256, 0.0070619392163],
      [0.00067172958369, 0.12737407598, 0.063729487916, 0.64579409046, 0.16243061606],
      [0.0021128135631, 0.4477708748, 0.092680865612, 0.42338151985, 0.034053926168],
      [0.011429307729, 0.006162710437, 0.53966488957, 0.010366751596, 0.43237634067]
    ],
    [
      [0.00016844705266, 0.70826633869, 0.0013170095159, 0.28984018885, 0.00040801588726],
      [0.70310416823, 0.072143701347, 0.21639038781, 0.0017182938124, 0.0066434487992],
      [0.047459513132, 0.089618778401, 0.65075382423, 0.032818304096, 0.17934958014],
      [0.00013426018344, 0.22704691535, 0.0025351010378, 0.75561951852, 0.014664204906],
      [0.00066033920168, 0.13525702242, 0.05160316314, 0.51765329217, 0.29482618307],
      [0.0021763589614, 0.50310574351, 0.078672590215, 0.35205040145, 0.063994905869],
      [0.0087721964486, 0.0050931264053, 0.34391707693, 0.0062826024152, 0.6359349978]
    ],
    [
      [0.00013216874969, 0.57857607728, 0.0013786743014, 0.41973132277, 0.00018175690213],
      [0.63963646335, 0.076324292271, 0.27718185801, 0.0031913001808, 0.0036660861889],
      [0.041366640176, 0.085215101384, 0.73227773486, 0.054613374121, 0.086527149461],
      [8.3661691067e-05, 0.15280543356, 0.0021074836633, 0.83982445356, 0.0051789675279],
      [0.00050378697863, 0.11185666299, 0.052394739661, 0.7127631295, 0.12248168087],
      [0.0016472367312, 0.40272609872, 0.079144256903, 0.48923367454, 0.027248733108],
      [0.011128520398, 0.0070712205858, 0.56707569381, 0.015215098789, 0.39950946641]
    ],
    [
      [0.00014286017784, 0.61035850818, 0.0013311133561, 0.38791694467, 0.00025057361722],
      [0.6606754406, 0.076702606648, 0.25499527373, 0.0028104034322, 0.00481627559],
      [0.044229796679, 0.088879656426, 0.69901533453, 0.049915952708, 0.11795925966],
      [9.5525957162e-05, 0.17023704069, 0.0021494625747, 0.81997580325, 0.0075421675234],
      [0.00054635131711, 0.11835714341, 0.050754323801, 0.66096144363, 0.16938073784],
      [0.0017935709631, 0.42791789447, 0.076972289902, 0.45547662703, 0.037839617638],
      [0.010632929317, 0.0065912667644, 0.48383895283, 0.012428612365, 0.48650823873]
    ],
    [
      [0.00011640306678, 0.54483738888, 0.001323922343, 0.45349892875, 0.00022335695611],
      [0.61969393931, 0.079030281572, 0.29253212566, 0.003791308827, 0.0049523446248],
      [0.036997092101, 0.081508063537, 0.71362620519, 0.059932570006, 0.10793606917],
      [6.9540957212e-05, 0.13583881097, 0.0019100432214, 0.85617511025, 0.0060064946009],
      [0.00041215002714, 0.097870341328, 0.046735048432, 0.71523803144, 0.13974442877],
      [0.0014240086317, 0.37228748596, 0.074595345876, 0.5188287552, 0.032864404326],
      [0.0091823881521, 0.0062403995695, 0.50994420678, 0.015405120168, 0.45922788533]
    ],
    [
      [0.00013673007372, 0.55067706454, 0.0014477293718, 0.44752744446, 0.00021103154996],
      [0.64124433189, 0.070194465618, 0.28116056079, 0.003288110891, 0.0041125308118],
      [0.040721946971, 0.077171439662, 0.7311511434, 0.05540764792, 0.095547822043],
      [8.2502057817e-05, 0.13864965079, 0.0021095637645, 0.85342644125, 0.0057318421381],
      [0.00048980948202, 0.1000661348, 0.051705929282, 0.71414943892, 0.13358868752],
      [0.0016684241909, 0.37529714126, 0.08136359796, 0.51069885523, 0.030971981357],
      [0.010534757194, 0.0061590685378, 0.54464320665, 0.014846561436, 0.42381640618]
    ],
    [
      [0.00011201713108, 0.56598837505, 0.0013607854702, 0.43235149635, 0.00018732600104],
      [0.60400168178, 0.083268603644, 0.30485328932, 0.0036650270451, 0.004211398204],
      [0.035552936564, 0.084584047447, 0.73239502631, 0.057062737986, 0.090405251694],
      [6.9387753429e-05, 0.1463514263, 0.0020355996917, 0.84632031845, 0.0052232678034],
      [0.00041784280491, 0.10713983137, 0.050606084889, 0.71835998391, 0.12347625703],
      [0.0013883730572, 0.39186819238, 0.077679397106, 0.50113847768, 0.027925559775],
      [0.0094075699357, 0.0069041543636, 0.55796454759, 0.01563673597, 0.41008699214]
    ],
    [
      [0.00011067191102, 0.52708709389, 0.0012926323635, 0.47129852924, 0.00021107260298],
      [0.61359645362, 0.079698063988, 0.29771987734, 0.0041070622073, 0.0048785428419],
      [0.03607759272, 0.080878076653, 0.71455182535, 0.063882812388, 0.10460969289],
      [6.4263028321e-05, 0.1277256991, 0.001812604851, 0.86488049677, 0.0055169362467],
      [0.00038565659606, 0.093181532834, 0.044907904342, 0.73157758394, 0.12994732229],
      [0.0013477023279, 0.3585087205, 0.072497939867, 0.53673192396, 0.030913713342],
      [0.0090717027372, 0.0062731202025, 0.51730628998, 0.016635130595, 0.45071375649]
    ],
    [
      [0.00013647328813, 0.56684922718, 0.0015851169462, 0.43096163575, 0.00046754683658],
      [0.6252964216, 0.067651246886, 0.29538365375, 0.002982840731, 0.0086858370369],
      [0.033854102313, 0.064936811147, 0.67875763184, 0.043928392354, 0.17852306234],
      [8.344050835e-05, 0.14249508603, 0.0023404761367, 0.8422028081, 0.012878189234],
      [0.0004239368455, 0.087879494866, 0.049155770305, 0.60078881901, 0.26175197897],
      [0.0016068114868, 0.37041790567, 0.086129560261, 0.47534603777, 0.066499684819],
      [0.0064294773202, 0.0037993210236, 0.36971822124, 0.0086425021456, 0.61141047827]
    ],
    [
      [0.00015621237327, 0.57598502469, 0.001265368936, 0.42235314636, 0.00024024764264],
      [0.69228160159, 0.069049834866, 0.23134347572, 0.0029190990248, 0.0044059888062],
      [0.050146169678, 0.086925931323, 0.68931425405, 0.056327351844, 0.11728629311],
      [9.8273770958e-05, 0.15112268564, 0.0019224031786, 0.8400529614, 0.0068036760078],
      [0.00057293858601, 0.10709826194, 0.046273137615, 0.69020983677, 0.15584582508],
      [0.00193962094, 0.39934638497, 0.072370558379, 0.49045763834, 0.035885797374],
      [0.012124994537, 0.0064849087272, 0.47989036014, 0.014109008111, 0.48739072849]
    ],
    [
      [0.00014871594704, 0.60772838376, 0.0013826403505, 0.39053919204, 0.00020106789567],
      [0.66417934622, 0.07363666655, 0.25572399813, 0.002729738661, 0.0037302504347],
      [0.045765494395, 0.08787149983, 0.72229461438, 0.049930483187, 0.094137908204],
      [9.9084797584e-05, 0.16874774522, 0.0022246604437, 0.82289794127, 0.0060305682749],
      [0.00058472809815, 0.12104216894, 0.054203625229, 0.68431509632, 0.13985438141],
      [0.0018732742473, 0.42732814187, 0.080224025848, 0.46010447854, 0.030470079497],
      [0.011973439464, 0.0070908920408, 0.54398214804, 0.013529649528, 0.42342387092]
    ],
    [
      [0.00014771108959, 0.56902859421, 0.0016388389009, 0.4290505054, 0.00013435039796],
      [0.63592543341, 0.06645651361, 0.29232209506, 0.002891581778, 0.0024043761457],
      [0.041287833265, 0.074674755726, 0.77711632743, 0.049805749264, 0.057115334316],
      [9.2052605134e-05, 0.14768471859, 0.0024664024498, 0.84598789, 0.0037689363565],
      [0.00056744211136, 0.11064787956, 0.062769210716, 0.73475865298, 0.091256814631],
      [0.0018191141281, 0.39107835818, 0.092961390164, 0.49423788938, 0.019903248147],
      [0.012383956214, 0.0069073871556, 0.67108581902, 0.015471136374, 0.29415170124]
    ],
    [
      [0.00019820030301, 0.61711153102, 0.001612759885, 0.38081645754, 0.00026105124974],
      [0.69865515317, 0.059146651742, 0.23625508837, 0.002106158551, 0.0038369481692],
      [0.052444955331, 0.076622052774, 0.72404084602, 0.041827089508, 0.10506505637],
      [0.00013405179284, 0.17371058632, 0.0026341625969, 0.81557339187, 0.0079478074114],
      [0.00075220196315, 0.1184630173, 0.061023925444, 0.64461884392, 0.17514201137],
      [0.0024523332917, 0.42599621591, 0.091910232851, 0.44078832931, 0.038852888631],
      [0.013089750006, 0.0058961265532, 0.52022184943, 0.010809144248, 0.44998312976]
    ],
    [
      [0.00014900172127, 0.57488975507, 0.0015998080342, 0.42317806655, 0.00018336861776],
      [0.63947389704, 0.067644012246, 0.28671394335, 0.0028694806564, 0.003298666701],
      [0.041546425652, 0.07546668652, 0.75617568442, 0.049069438779, 0.07774176463],
      [9.3718590954e-05, 0.15087708071, 0.0024299994798, 0.84140767416, 0.0051915270575],
      [0.00055977402122, 0.10955118424, 0.05991756616, 0.70830679218, 0.12166468341],
      [0.0018302962294, 0.39441455716, 0.090503460936, 0.48616296522, 0.027088720448],
      [0.011466989936, 0.0064230615681, 0.60084640616, 0.01402131202, 0.36724223031]
    ],
    [
      [0.00017087627502, 0.55231093261, 0.001584412968, 0.44569042041, 0.00024335773703],
      [0.67331526392, 0.059524830874, 0.26037754808, 0.0027691420258, 0.0040132151028],
      [0.046512274626, 0.070713690019, 0.73159473748, 0.050425273791, 0.10075402408],
      [0.00010326243545, 0.13917046257, 0.0023122416748, 0.85179411689, 0.0066199164292],
      [0.00059832079935, 0.098020090543, 0.055310706448, 0.69548640095, 0.15058448126],
      [0.0020607359389, 0.37190704644, 0.088005950403, 0.50272603979, 0.035300227425],
      [0.011764724163, 0.0055152885231, 0.53266144948, 0.013205039091, 0.43685349874]
    ],
    [
      [6.7082278994e-05, 0.71397177997, 0.0012382190619, 0.28452516511, 0.00019775357625],
      [0.53010481594, 0.12125257159, 0.3403984516, 0.0028597993913, 0.0053843614865],
      [0.022641018901, 0.10710769587, 0.72846672013, 0.038775034504, 0.1030095306],
      [5.5169922904e-05, 0.23554393795, 0.002459342105, 0.75460935352, 0.0073321965025],
      [0.00031670437885, 0.16372202394, 0.058429900237, 0.60630222185, 0.17122914959],
      [0.00090566782243, 0.52921396175, 0.077279533816, 0.36023420939, 0.032366627218],
      [0.0054557079107, 0.0079755029429, 0.50448552994, 0.0097425080373, 0.47234075117]
    ],
    [
      [0.00015458197498, 0.61886674734, 0.0013938773449, 0.37940994423, 0.0001748491101],
      [0.66959623251, 0.073259532217, 0.2513914309, 0.0025883668511, 0.0031644375245],
      [0.047799748744, 0.090076200666, 0.73110403534, 0.048780986379, 0.082239028871],
      [0.00010523419768, 0.17579644673, 0.0022915372571, 0.81644866612, 0.0053581156966],
      [0.00062996927644, 0.12793208882, 0.056633648627, 0.68885447872, 0.12594981456],
      [0.0019635345813, 0.43905208158, 0.08154694951, 0.45072252139, 0.026714912937],
      [0.013127109686, 0.0076295159708, 0.57799007811, 0.013871676156, 0.38738162008]
    ],
    [
      [0.00012186643837, 0.58819521374, 0.0013329947264, 0.41013076039, 0.00021916470091],
      [0.62437740453, 0.082643169461, 0.28495801663, 0.0033190056351, 0.0047024037465],
      [0.038528721219, 0.08764330585, 0.71452217004, 0.053948554411, 0.10535724848],
      [7.8392012382e-05, 0.15803056212, 0.0020707139031, 0.83347439294, 0.0063459390202],
      [0.00046049683571, 0.11286133049, 0.050216046059, 0.69018484382, 0.1462772828],
      [0.0015211280643, 0.41022265286, 0.076627943039, 0.47872833867, 0.032899937363],
      [0.0096752977432, 0.0067883864794, 0.51655146602, 0.014027065686, 0.45295778407]
    ],
    [
      [0.00011668957443, 0.59630919383, 0.0013425665306, 0.40202765297, 0.00020389709509],
      [0.6178445754, 0.084345645387, 0.29011303553, 0.0032806303649, 0.0044161133102],
      [0.036979426681, 0.088696691369, 0.72312967071, 0.052879707088, 0.098314504149],
      [7.6149225208e-05, 0.16217245719, 0.0021158055779, 0.8296454218, 0.0059901662055],
      [0.00045055518045, 0.1166289131, 0.051693640277, 0.69174137983, 0.13948551162],
      [0.0014651869576, 0.41794699651, 0.077666865103, 0.47211078173, 0.030810169698],
      [0.0094842116873, 0.0070218099124, 0.53397359964, 0.01405732758, 0.43546305118]
    ],
    [
      [0.00013753024008, 0.53177738742, 0.0013318290966, 0.46653599021, 0.00021726303234],
      [0.66057020139, 0.068840906826, 0.26280872819, 0.0034806841159, 0.0042994794827],
      [0.043346672891, 0.078830060643, 0.71261063135, 0.061091523733, 0.10412111138],
      [8.04497379e-05, 0.12981490074, 0.0018813971865, 0.86250217318, 0.0057210791524],
      [0.0004797847742, 0.094114066815, 0.046327090816, 0.72500212735, 0.13407693025],
      [0.0016727696988, 0.36125530741, 0.074620250168, 0.53066107162, 0.031790601102],
      [0.010908974574, 0.0061231357154, 0.51638971156, 0.01593132875, 0.4506468494]
    ],
    [
      [0.00010638510593, 0.66705704162, 0.0010787067767, 0.33159113711, 0.00016672938852],
      [0.62555386724, 0.10591410982, 0.26144308394, 0.0030365894737, 0.0040523495329],
      [0.040249363903, 0.11856816609, 0.69309307517, 0.052106195843, 0.095983198997],
      [7.9578696553e-05, 0.20799608828, 0.0019486099487, 0.7843612839, 0.005614439172],
      [0.00047933895862, 0.15228639118, 0.048462891033, 0.66578753958, 0.13298383925],
      [0.0014121761207, 0.49432726155, 0.06596184591, 0.41166894987, 0.026629766553],
      [0.010649886725, 0.0096794488776, 0.52794296079, 0.014283205988, 0.43744449762]
    ],
    [
      [0.00012702855143, 0.5675682029, 0.0011788092359, 0.43095217251, 0.00017378680151],
      [0.65869255673, 0.080272474963, 0.25377004593, 0.0035110098479, 0.00375391253],
      [0.044769367629, 0.09423032816, 0.70471233353, 0.06317054874, 0.093117421939],
      [7.8934041613e-05, 0.147288845, 0.0017689315787, 0.84600231772, 0.0048609716531],
      [0.00048240268958, 0.10943559888, 0.044632023711, 0.72884421277, 0.11660576196],
      [0.0015946749034, 0.39809024254, 0.06815911323, 0.50591651911, 0.02623945022],
      [0.011894328104, 0.0077236865342, 0.5390259543, 0.01738184597, 0.42397418509]
    ],
    [
      [0.00016437782669, 0.59137362854, 0.0012233648884, 0.40703335533, 0.00020527341414],
      [0.70666104202, 0.069131316356, 0.21779925959, 0.0027416491636, 0.0036667328707],
      [0.054804894297, 0.092822428076, 0.69187931767, 0.05642289889, 0.10407046107],
      [0.00010636492633, 0.15974587889, 0.0019116831134, 0.83225690842, 0.0059791646494],
      [0.0006323287024, 0.11545138365, 0.046919723118, 0.6974087932, 0.13958777132],
      [0.0020710819793, 0.41622869374, 0.070994692053, 0.47959544886, 0.031110083363],
      [0.013981228127, 0.0073059597946, 0.50819260543, 0.014909050971, 0.45561115568]
    ],
    [
      [0.00013680533776, 0.5756037854, 0.0012755582743, 0.42278037169, 0.00020347929552],
      [0.6646203788, 0.074841978773, 0.25331811353, 0.0031703799298, 0.0040491489716],
      [0.044673695651, 0.088274891855, 0.70858119118, 0.057317124742, 0.10115309657],
      [8.6092320664e-05, 0.15102406015, 0.0019385119406, 0.84118649642, 0.0057648391624],
      [0.00051337920373, 0.10946766469, 0.047735913844, 0.70691118431, 0.13537185795],
      [0.0017071085783, 0.40100625996, 0.073339217111, 0.49338673895, 0.030560675401],
      [0.011395397389, 0.0069505776928, 0.52024556825, 0.015153553587, 0.44625490308]
    ],
    [
      [0.00012081829834, 0.5933389787, 0.0010978202853, 0.40525847003, 0.00018391269178],
      [0.66008194828, 0.086905322451, 0.24547019974, 0.0034221393835, 0.0041203901519],
      [0.044490419016, 0.10267378547, 0.68780704055, 0.061970874918, 0.10305788004],
      [7.8473419974e-05, 0.16074919882, 0.0017219792319, 0.83207266673, 0.0053776817982],
      [0.00047512649275, 0.11830990548, 0.043054617477, 0.71002403892, 0.12813631163],
      [0.0015405634559, 0.42247608741, 0.064500080074, 0.48326183906, 0.028221429994],
      [0.011409521172, 0.0081278831894, 0.50766454148, 0.016471157627, 0.45632689653]
    ],
    [
      [0.00015044554195, 0.54577932486, 0.0011910385112, 0.45270852285, 0.00017066823746],
      [0.70040052363, 0.067704037449, 0.22542087827, 0.0032371669219, 0.0032373937346],
      [0.052262995583, 0.089086354925, 0.7031600699, 0.065287980056, 0.090202599532],
      [9.0126826679e-05, 0.1364167876, 0.0017230872821, 0.85716714736, 0.0046028509295],
      [0.0005538754737, 0.10191112933, 0.04372683022, 0.74245442356, 0.11135374142],
      [0.0018687213674, 0.37859782488, 0.06816064121, 0.52585975089, 0.025513061646],
      [0.014006303612, 0.0073725063919, 0.54263780499, 0.018140143301, 0.4178432417]
    ],
    [
      [0.00011590448124, 0.5502744686, 0.0012039014312, 0.44821613386, 0.00018959162287],
      [0.63524581858, 0.082295755676, 0.27426344677, 0.0038623452288, 0.0043326337462],
      [0.040053344386, 0.089544261645, 0.70630372076, 0.064413479582, 0.099685193627],
      [6.9923677654e-05, 0.13858618917, 0.0017539604017, 0.85444114332, 0.0051487834289],
      [0.00042422207066, 0.1022151797, 0.043934201775, 0.73069847495, 0.1227279215],
      [0.0014380536075, 0.38139560083, 0.068803987265, 0.52006402348, 0.028298334822],
      [0.010323676301, 0.0071196344641, 0.52397980732, 0.017193580746, 0.44138330117]
    ],
    [
      [0.00013815909265, 0.39208249753, 0.0019655453422, 0.60524779559, 0.00056600244496],
      [0.59835665428, 0.044718758128, 0.34302576575, 0.0039914481703, 0.0099073736718],
      [0.029005430707, 0.038517250879, 0.69937971693, 0.05269454243, 0.18040305905],
      [6.5553183449e-05, 0.077376164499, 0.0022521817581, 0.90821706395, 0.012089036609],
      [0.00033749608101, 0.048410556911, 0.047873373197, 0.65889597273, 0.24448260108],
      [0.0014624349876, 0.23146801586, 0.095832287192, 0.59917122756, 0.072066034394],
      [0.0055632094131, 0.0022808692737, 0.38664149617, 0.010481736758, 0.59503268839]
    ],
    [
      [9.7725574187e-05, 0.5410741108, 0.0014971726568, 0.45712114835, 0.00020984261478],
      [0.55436042496, 0.083753484654, 0.35284800422, 0.0040760563362, 0.0049620298234],
      [0.028726663037, 0.074912222061, 0.74666853214, 0.055880080011, 0.09381250275],
      [5.8048548884e-05, 0.13419860548, 0.0021476305845, 0.85798487343, 0.0056108419573],
      [0.00034509270264, 0.096990216789, 0.052710745399, 0.71897349088, 0.13098045423],
      [0.0011846234824, 0.3664278198, 0.083591461489, 0.51819924348, 0.030596851744],
      [0.0074256657351, 0.005973775172, 0.55562747177, 0.014959147478, 0.41601393985]
    ],
    [
      [0.00020860178773, 0.50905445895, 0.0014641548921, 0.48909284581, 0.00017993855845],
      [0.73613227985, 0.047824326528, 0.21079378476, 0.002654138752, 0.0025954701036],
      [0.061081179031, 0.069777161125, 0.72952719897, 0.059364160551, 0.080250300322],
      [0.00011769896564, 0.11943134392, 0.0019950266558, 0.87388503796, 0.0045708924999],
      [0.00071779145807, 0.088510246841, 0.050244573555, 0.75065878443, 0.10986860372],
      [0.0025053559616, 0.34095355023, 0.081027770743, 0.54949689633, 0.026016426738],
      [0.016802938858, 0.0059228913742, 0.57763930549, 0.016925197957, 0.38270966632]
    ],
    [
      [0.00019428220589, 0.57813340042, 0.0013771058507, 0.42001949078, 0.00027572073507],
      [0.7204678843, 0.059016944757, 0.21374914979, 0.0024692267572, 0.0042967943909],
      [0.057243741373, 0.080324078294, 0.68744308231, 0.051509145094, 0.12347995293],
      [0.00012263824542, 0.1524614745, 0.0020992476166, 0.8374826231, 0.0078340165345],
      [0.00069639475808, 0.10525692272, 0.049207773888, 0.67042165141, 0.17441725722],
      [0.0023857070369, 0.3967138718, 0.07787314876, 0.48231579587, 0.040711476539],
      [0.013552446309, 0.0058647165367, 0.46857391227, 0.012624437443, 0.49938448744]
    ],
    [
      [0.00012434771631, 0.62450077745, 0.0011812824211, 0.37409696409, 9.6628319895e-05],
      [0.64962216836, 0.088808644312, 0.25639730374, 0.0030682370727, 0.0021036465089],
      [0.045605148532, 0.10765428381, 0.73576797375, 0.057011062734, 0.053961531175],
      [8.5712658631e-05, 0.17942482475, 0.0019663729754, 0.8155246639, 0.0029984257157],
      [0.00054689099329, 0.13915453286, 0.051802027561, 0.73325031517, 0.075246233412],
      [0.0016237283058, 0.45524658851, 0.071054948329, 0.45689178012, 0.015182954739],
      [0.014318910813, 0.010424208568, 0.66486476143, 0.018536428896, 0.29185569029]
    ]
  ],
  "expected_outcome": [
    [
      [0.0037511786737, 0.003176605625, 0.002021364632, 0.030927487428, 0.023714789521, 0.024561047091, 0.026252174154, 0.031924882357, 0.022909085581, 0.0035483054913, 0.026243678709, 0.017251049857, 0.011078331719, 0.011892018181, 0.027714320156, 0.022897420853, 0.00053665823195, 0.037099673995, 0.068245205486, 0.01528633425, 0.038233406741, 0.015106685041, 0.063006161507, 0.053258415849, 0.02257288073, 0.025130206055, 0.03700960332, 0.037784860885, 0.0045592500574, 0.042412899197, 0.016270939443, 0.12919766692, 0.018403462013],
      [15.0688968271, 12.1698451777, 8.4991960643, 135.3868020826, 101.319512358, 114.960689054, 105.729996392, 161.3066868881, 109.1070284346, 14.7380799067, 96.7654841474, 70.4964925165, 42.6771445658, 37.0266918613, 106.9294944434, 74.0096649698, 5.7117742397, 148.5280193615, 329.3893196964, 78.1165043914, 147.8341137027, 94.7220999093, 281.5138286373, 191.6050556474, 94.9746245908, 123.4145075693, 134.2617139156, 179.3894767643, 12.9387224184, 234.8261640885, 39.7062477983, 384.4587112816, 92.4261150628],
      [0.045862352208, 0.030176757908, 0.015804114191, 0.32260978652, 0.22096481712, 0.27934761438, 0.27796403939, 0.38782385901, 0.26757489923, 0.041213040601, 0.21258198125, 0.16038628065, 0.12291291757, 0.096765593097, 0.29756429436, 0.21231133771, 0.009905752495, 0.33453056276, 0.74647704677, 0.17587621551, 0.37024848885, 0.15317636229, 0.58468938099, 0.39637022384, 0.21046711526, 0.22834661934, 0.29299547377, 0.39247186656, 0.064862996292, 0.64977293306, 0.11420408158, 0.91577539073, 0.17482979832],
      [9.8765570107, 6.7925693696, 3.4780822662, 98.2171295284, 64.3942128149, 95.6882739668, 85.9252693369, 123.2201764602, 97.5587955517, 11.2050025294, 70.9553285887, 45.3025462771, 32.178787905, 22.8489874524, 78.7111203792, 59.7225163348, 2.2762013209, 91.0583866153, 229.6732258189, 52.6656225393, 129.6970052787, 47.0859414702, 213.7522775667, 131.8788071267, 69.7587613295, 84.2937617655, 111.3662966209, 146.1184596392, 19.9731772546, 198.3905783844, 38.1492419732, 279.3129613719, 55.3663506856],
      [0.0049326313017, 0.0042320891119, 0.0048961906471, 0.042531115099, 0.041595220459, 0.047128317738, 0.040518057593, 0.053387910297, 0.043692028817, 0.012156217751, 0.040361603963, 0.023323875898, 0.010076279847, 0.015663074984, 0.034106562904, 0.032609936762, 0.00158202861, 0.041963786425, 0.12273223251, 0.026710519457, 0.060399122991, 0.02367557317, 0.086198253551, 0.06650858618, 0.033574083761, 0.03825383989, 0.041984386416, 0.061806869056, 0.018678080684, 0.091071694816, 0.014035207559, 0.18335428882, 0.014300991344]
    ],
    [
      [24.6862612828, 6.7947115227, 8.4372500188, 47.9727347512, 34.355122911, 39.0407181767, 30.7797279305, 42.2801177248, 42.3381552998, 15.0071141183, 26.9989824618, 36.5298640421, 34.3399734041, 53.7964467938, 104.234245218, 87.5309843092, 2.1204192637, 64.9508345533, 85.5397044201, 14.8282698097, 20.4776762431, 24.3966008222, 44.1324013006, 36.0397131432, 17.9447502275, 19.1423765, 14.0080104725, 51.4549113053, 4.7868532343, 41.0226714474, 18.4033069964, 249.2818879684, 50.0209069641],
      [2.6499650062, 0.64073299389, 0.86572441617, 5.7243219204, 3.9885355457, 4.978907739, 3.3693343497, 5.8288022551, 5.4991664152, 1.6236299253, 2.6929435598, 4.0500166602, 3.5886517349, 4.5542921841, 11.0259739961, 7.7382280136, 0.48501028635, 7.1061746251, 11.3221142162, 2.0242954893, 2.1340681116, 4.1306502829, 5.3782558225, 3.5256971342, 2.0207334269, 2.5202543511, 1.354080749, 6.6659562098, 0.35775006502, 6.1977578644, 1.1956081632, 20.419862886, 6.838265612],
      [12.4292162056, 2.5086893333, 2.5966846537, 20.7886393507, 13.2597542342, 18.4295239168, 13.4957069181, 21.3397302527, 20.5426715366, 7.08920769, 9.022395553, 14.0648198974, 15.7853931331, 18.1916418047, 46.7343727667, 33.8490812505, 1.3615938064, 24.3849687972, 39.0392482784, 6.9627128528, 8.1470705737, 10.1962802736, 17.0025930775, 11.1077622389, 6.8395890653, 7.1186357924, 4.5084175654, 22.215339188, 2.744206126, 26.1107523124, 5.269844619, 73.9572058284, 19.7425923881],
      [0.10059948472, 0.020866284719, 0.020619525748, 0.23934751356, 0.14614097848, 0.2388524561, 0.15782932277, 0.25655189315, 0.28338729231, 0.071588177543, 0.11384486197, 0.15013562635, 0.15614541601, 0.16217420843, 0.467725347, 0.35998846336, 0.011439197565, 0.25107158455, 0.454703772, 0.078735128757, 0.10790120759, 0.11842698948, 0.23523765981, 0.13982410734, 0.085600258106, 0.099242042121, 0.064743338439, 0.31284996353, 0.031931585362, 0.30162816888, 0.066353468801, 0.85435245799, 0.2362542546],
      [0.13395802065, 0.034999865414, 0.07972138559, 0.27495646417, 0.25044633068, 0.31199771136, 0.19740147897, 0.29479787428, 0.33661945609, 0.20846008889, 0.17183356344, 0.20516377391, 0.12983631187, 0.29544500903, 0.53768267226, 0.52171796336, 0.021537445946, 0.30695043987, 0.64422931328, 0.10598671944, 0.13328386397, 0.15804163178, 0.25151213951, 0.18700337641, 0.10932702223, 0.1194913144, 0.064747874693, 0.35094333344, 0.079258989374, 0.36719020693, 0.064886752589, 1.4866908593, 0.16198078118]
    ],
    [
      [4.7441557664, 1.3555227205, 0.9017307495, 11.293092768, 14.4189137173, 13.4299444325, 14.9856764852, 14.2567275622, 14.2506491243, 1.1171853763, 12.6368347589, 11.1210151379, 12.9230918121, 15.995711376, 24.387751858, 16.3258083938, 0.47546139693, 17.8293062814, 19.2258318883, 5.5099345754, 8.8860679427, 8.2108702362, 14.5948138469, 17.537566175, 5.8075804346, 5.338850282, 7.8394493375, 9.7730160301, 6.7872707854, 8.9627188676, 7.5129850208, 67.8910772682, 10.4435790139],
      [8.8762878654, 2.3702799425, 1.7027567896, 23.2637226779, 28.9747679947, 29.587427064, 28.3990897957, 33.9182030261, 31.946840278, 2.1429147678, 21.9053346933, 21.3527744587, 23.3731985423, 23.369726096, 44.2989449875, 24.8205051967, 2.2492616132, 33.5984228485, 43.7340096194, 13.215807014, 16.1601624318, 24.1879058818, 30.7190869803, 29.7031769843, 11.4757359411, 12.3208542563, 13.3629532387, 21.8487998415, 9.0130367057, 23.372613283, 8.5825908184, 95.2643568566, 24.652830993],
      [98.7073585981, 22.3043426663, 12.3643226603, 199.9118216163, 227.8789990569, 259.0463124829, 269.0636207727, 293.6904055501, 282.2479710138, 22.3990018508, 173.7071920208, 175.5175912954, 243.237410485, 220.8324580364, 443.8751267532, 256.7897528563, 15.2978011228, 272.7018051819, 356.5465628512, 107.7463209362, 146.0851794277, 141.3909873347, 229.7362207314, 221.401381654, 92.1155548538, 82.5368448665, 105.4740104855, 172.3381078655, 163.6548537624, 232.9605820279, 89.7318454733, 815.3074956201, 168.4908659881],
      [5.1669132152, 1.1844912431, 0.62354777783, 14.909451135, 16.2726005827, 21.7555229122, 20.3900144347, 22.8821579322, 25.2337108934, 1.4496369477, 14.1944926646, 12.1331074144, 15.5891995196, 12.7572622999, 28.8037605635, 17.6992711007, 0.81427572459, 18.1953079194, 26.9203286509, 7.8790763561, 12.5237623652, 10.6296639519, 20.5935988894, 18.0553276447, 7.4512262165, 7.4365049901, 9.7931970084, 15.7168890181, 12.3305229287, 17.4345849635, 7.3017917478, 61.0898460817, 13.0555333661],
      [9.5052845548, 2.7853634275, 3.4076420227, 23.6219118029, 38.4547186483, 39.1807931083, 35.1615985117, 36.2525059293, 41.3208286905, 5.8912610573, 29.5561458625, 22.8755116936, 17.877099641, 32.0448421918, 45.6344158379, 35.3646624526, 2.1632001425, 30.6751577687, 52.5732669901, 14.6488611182, 21.3448278326, 19.5805725955, 30.356279552, 33.302547542, 13.1499025539, 12.3669456051, 13.5303899298, 24.3231872449, 42.2143158178, 29.2695008579, 9.8707869397, 146.4472241733, 12.357190639]
    ],
    [
      [0.0034601330825, 0.0018820225091, 0.00053704073378, 0.024931183938, 0.025887534391, 0.029485365858, 0.028545712005, 0.027755101372, 0.021335325403, 0.0012516076253, 0.022013324695, 0.019222450731, 0.012519154298, 0.010456039842, 0.022211306056, 0.016212202365, 0.00077237892065, 0.028307999176, 0.0500141039, 0.01637208342, 0.02912280512, 0.015915739311, 0.055411697212, 0.050523340006, 0.021867449449, 0.022835765212, 0.033166672218, 0.03307389953, 0.015798317211, 0.02391600214, 0.011181401736, 0.12460045735, 0.018256796288],
      [5.7513075778, 2.9422584354, 0.90818766139, 45.5360192011, 46.1342380283, 57.5956558522, 47.9727791723, 58.5405705205, 42.4049321026, 2.1374262904, 33.8514815833, 32.7370625724, 20.0851217286, 13.5494257333, 35.757868128, 21.8497626238, 3.2976151313, 47.2892441696, 100.8234986353, 34.8670782955, 46.9929940694, 41.5992176566, 103.3967691925, 75.8792924741, 38.3601112785, 46.778016856, 50.2013778363, 65.5512674794, 18.6476556443, 55.2898254589, 11.3459776723, 154.9008580919, 38.2174876715],
      [0.10216164426, 0.043176953737, 0.010140404151, 0.62803013165, 0.58250435774, 0.80985832586, 0.7299090625, 0.81423987667, 0.60178481052, 0.03510714205, 0.430618312, 0.43158412608, 0.33543073318, 0.20546468256, 0.5759098767, 0.36302194295, 0.03443078947, 0.61642352215, 1.3211154702, 0.45489819925, 0.6810657815, 0.38972198974, 1.2417899683, 0.90804947885, 0.49238203292, 0.50109595649, 0.63409611982, 0.82962326999, 0.54277580369, 0.88482380083, 0.1895275323, 2.1328355785, 0.41883744377],
      [28.9382285931, 12.8996915609, 3.0224780741, 250.26768716, 222.2134426807, 363.0182467453, 295.2855486734, 338.5281273802, 287.1403249275, 12.6330421214, 188.1718633543, 159.6422006054, 115.0543530394, 63.6147245662, 199.4136187766, 133.7316763515, 10.5645309492, 219.6246911867, 531.7566626957, 178.3737656876, 312.2257866908, 156.87225678, 593.8936270415, 395.3220314986, 213.6613700919, 242.1331460191, 315.4375102296, 404.1506607892, 218.8803124121, 353.4897678518, 83.0190786062, 850.8823450733, 173.706753411],
      [0.20484205175, 0.11299102746, 0.058656819623, 1.5433323233, 2.0439273988, 2.5467537108, 1.9832173798, 2.0893071214, 1.8316228339, 0.19317283851, 1.5240234257, 1.1699302453, 0.51257534449, 0.61992897809, 1.2303919126, 1.0393268794, 0.10265075104, 1.4413331224, 4.0487090949, 1.2878857342, 2.0710306532, 1.1228878344, 3.4124021005, 2.8401032085, 1.4642691472, 1.5649054033, 1.6938491421, 2.4353745618, 2.9134578227, 2.3116668864, 0.43423478749, 7.959360799, 0.63866467745]
    ],
    [
      [0.013257740435, 0.0040303775021, 0.0013206784034, 0.023174201017, 0.031688376392, 0.030911252036, 0.048980948202, 0.029666839148, 0.044350508547, 0.0029675579185, 0.033230437989, 0.029236404907, 0.023832568677, 0.024070462821, 0.038624407464, 0.030514360767, 0.00095011313655, 0.042207941521, 0.04835216775, 0.020725538301, 0.032145579872, 0.025884303766, 0.060782738886, 0.042998351763, 0.02618233939, 0.027082210087, 0.027139898211, 0.029695544946, 0.020924757022, 0.028987787022, 0.020815952284, 0.1462428992, 0.010937819866],
      [2.6766005722, 0.76424445585, 0.27051404485, 5.1454064973, 6.8647143178, 7.3402755996, 10.0066134801, 7.6069280273, 10.7158762759, 0.61515646406, 6.2116991927, 6.0521084472, 4.6472109417, 3.7908165534, 7.5590317124, 4.9990246177, 0.49116607181, 8.5714499511, 11.850439701, 5.3649300025, 6.3056424766, 8.2234651235, 13.7888854584, 7.8506940885, 5.5828508991, 6.7436646125, 4.9936453373, 7.1550625793, 3.0014545285, 8.1471782103, 2.5667971584, 22.1039537714, 2.7830906573],
      [1.6164646454, 0.3823769275, 0.10320632628, 2.4101580244, 2.9437507805, 3.5051286324, 5.1705929282, 3.5930320271, 5.1644089993, 0.34409039214, 2.6838419816, 2.7101812615, 2.6363068501, 1.9527656142, 4.1343120651, 2.8208460288, 0.17528970071, 3.794454458, 5.2726848362, 2.3779074528, 3.1039150847, 2.6169961158, 5.6236349876, 3.190541172, 2.434531606, 2.4541131962, 2.1426146808, 3.0753941243, 2.9681491382, 4.4277026135, 1.4570926331, 10.3336325164, 1.0360405512],
      [15.601263101, 3.8747645428, 1.0353065843, 32.7871039572, 38.3357637304, 53.6428523583, 71.4149438918, 51.0035588576, 84.1314221528, 4.2055217331, 40.0321705329, 34.2157548161, 30.859863425, 20.6278030056, 48.8731686601, 35.4698064485, 1.8189066656, 46.1532500739, 72.4694086009, 31.8201034721, 48.5751425324, 35.9525271374, 91.8343708086, 47.4237979378, 36.0524703999, 40.4713702183, 36.3802667543, 51.1488932466, 40.8515503093, 60.3937732339, 21.7691047485, 140.7885467966, 14.6650063034],
      [3.0924139409, 0.97458369636, 0.58965236614, 5.6341573201, 9.824082795, 10.4808321576, 13.3588687517, 8.7668142488, 14.9439420635, 1.8322638528, 9.0390578548, 6.9927190703, 3.8327862145, 5.604544364, 8.394863155, 7.6798085442, 0.51368744878, 8.4386375754, 15.3591146941, 6.4163335343, 8.9831543264, 7.1811273196, 14.6923260065, 9.4919684499, 6.9039647555, 7.303769763, 5.4563333294, 8.5909545049, 15.157921267, 11.0023581553, 3.1861895078, 36.6276240164, 1.5049246682]
    ],
    [
      [0.029457713772, 0.0042256271262, 0.0065290768842, 0.074125652905, 0.12016925453, 0.12673676822, 0.14848975299, 0.14855591712, 0.13881333977, 0.014461303382, 0.13189422392, 0.076804244138, 0.07822190751, 0.10545033154, 0.12262984737, 0.13600857197, 0.0036226712897, 0.084431986998, 0.18253536772, 0.052746730472, 0.075274636448, 0.056487044826, 0.13554736679, 0.15118898449, 0.058041691662, 0.069325355516, 0.061667805125, 0.12511066385, 0.011699479901, 0.11372385431, 0.042591051346, 0.48668423553, 0.021108467976],
      [6.5857105275, 0.89554174961, 1.5093172305, 18.1226744424, 28.6704989294, 33.1335862509, 33.4014455724, 41.9298965849, 36.9263982116, 3.333761151, 27.1555541779, 17.5204538166, 16.8163694018, 18.3178372842, 26.4257753298, 24.5458650652, 2.116855847, 18.8792395079, 49.2267183434, 15.0460918743, 16.2564888335, 19.7730904619, 33.8376706156, 30.384694643, 13.6342128385, 19.0114239335, 12.4937282212, 33.1814172722, 1.8517441269, 35.177070701, 5.7962103538, 80.9296298466, 5.9182056506],
      [1.6594644039, 0.18536173122, 0.23601777065, 3.5614915607, 5.1571434234, 6.638985783, 7.2413602185, 8.3116954904, 7.4672878063, 0.77516604235, 4.9211979698, 3.2891850598, 3.997339777, 3.9521400126, 6.0637318827, 5.8083927266, 0.30911813526, 3.5065188289, 9.1953531647, 2.7960071437, 3.3579112576, 2.6384738364, 5.7935246246, 5.1826125199, 2.4935333818, 2.9025036033, 2.2493011599, 5.9859468921, 0.76665829754, 8.0247803029, 1.3774721026, 15.8861223471, 0.92371432828],
      [7.2590761983, 0.84676303971, 1.0561512043, 22.0155153542, 30.516934011, 46.1757592129, 45.4521981153, 53.6218171117, 55.2833881682, 4.2781143399, 33.3511194069, 18.8642836202, 21.2522292433, 18.9538981605, 32.5729186701, 33.1799186262, 1.4409368376, 19.3810684199, 57.4474006406, 16.9959881424, 23.8797482229, 16.4667579947, 43.0029041243, 35.0104677671, 16.7751491244, 21.7467827579, 17.3533717795, 45.2455700424, 4.7933698205, 49.7471273743, 9.3414472376, 98.3924223568, 5.9395931415],
      [0.46629115649, 0.068107852336, 0.19198471761, 1.2261929899, 2.5352543817, 2.924931985, 2.7565063408, 2.9880348959, 3.1841124742, 0.59849716337, 2.4402342215, 1.2492732594, 0.85583967031, 1.6706742111, 1.81494427, 2.32981501, 0.12946650887, 1.1487412563, 3.9479924836, 1.1091661091, 1.4305770496, 1.0651906621, 2.2303532687, 2.2710360855, 1.0390629636, 1.2699643497, 0.84193103432, 2.4619551295, 0.57652827515, 2.9372977675, 0.44227925454, 8.305141214, 0.19737841161]
    ],
    [
      [0.17479188644, 0.022858615458, 0.017544392897, 0.52304045869, 0.45721596062, 0.43157224315, 0.37925125898, 0.33867251768, 0.3900832177, 0.025717909281, 0.33949984705, 0.32328286553, 0.43343846749, 0.66757725031, 0.73388735589, 0.64705982899, 0.010911415821, 0.39381329059, 0.45473899393, 0.14226317531, 0.31636026266, 0.1703981876, 0.54713909278, 0.43341807193, 0.1025585765, 0.19396185992, 0.1120504289, 0.22712087862, 0.25034442359, 0.23019563779, 0.20163526629, 1.6533984496, 0.25774039464],
      [0.10077440211, 0.012325420874, 0.010186252811, 0.33234736753, 0.28342447087, 0.29329877977, 0.22172646736, 0.24854955709, 0.26974416871, 0.015197284094, 0.18157744436, 0.1914540851, 0.24175855044, 0.30070245421, 0.41107594036, 0.30334086877, 0.015951005886, 0.22888547912, 0.31905416453, 0.10532714869, 0.17757093575, 0.15487118204, 0.35528958057, 0.22648475363, 0.062555199235, 0.13817401422, 0.058980051135, 0.15663195821, 0.10263911732, 0.18518703033, 0.07107469649, 0.71549541748, 0.18763575422],
      [10.4642518865, 1.0793297791, 0.68783415386, 26.6525576093, 20.8050749716, 23.9673777186, 19.6071554393, 20.0867237133, 22.2441704691, 1.478872885, 13.4369300839, 14.6875179972, 23.4880036657, 26.531314321, 38.4541699944, 29.2963797214, 1.0089710599, 17.3397023433, 24.2779189031, 8.0096039945, 14.9753016351, 8.4470873726, 24.7951938978, 15.7539707683, 4.6822101142, 8.6302972052, 4.3411024399, 11.5275557611, 17.3988673275, 17.2244516248, 6.9316716658, 57.1660172972, 11.9675657058],
      [0.19714897236, 0.020733503193, 0.01256520483, 0.71510964306, 0.5344303317, 0.72404064791, 0.53447621171, 0.56292249491, 0.71531061557, 0.034570008582, 0.39505222711, 0.36530053726, 0.54148977308, 0.55126635666, 0.89736396927, 0.72627714999, 0.019485016075, 0.41615028468, 0.65927208725, 0.2108599137, 0.46200853374, 0.22853129581, 0.79956491461, 0.46218058009, 0.13638198229, 0.28000967966, 0.14512114641, 0.37825877641, 0.47167815411, 0.46373357181, 0.20310237548, 1.540181368, 0.33365572012],
