{
  "Z_true": {},
  "V_true": [
    [573, 39, 17, 9, 56, 0],
    [16, 111, 88, 299, 267, 0],
    [12, 42, 890, 40, 162, 0],
    [49, 86, 532, 308, 366, 0],
    [33, 316, 103, 4304, 231, 1],
    [33, 736, 62, 118, 5830, 1],
    [312, 523, 244, 567, 1043, 22]
  ],
  "p_true": [
    [0.8256, 0.0562, 0.0245, 0.013, 0.0807, 0],
    [0.0205, 0.1421, 0.1127, 0.3828, 0.3419, 0],
    [0.0105, 0.0366, 0.7766, 0.0349, 0.1414, 0],
    [0.0365, 0.0641, 0.3967, 0.2297, 0.2729, 0],
    [0.0066, 0.0634, 0.0206, 0.8629, 0.0463, 0.0002],
    [0.0049, 0.1086, 0.0091, 0.0174, 0.8599, 0.0001],
    [0.1151, 0.1929, 0.09, 0.2091, 0.3847, 0.0081]
  ],
  "Z_est": {},
  "V_est": [
    [642.6396, 0, 0, 0, 51.3604, 0],
    [18.4563, 0, 217.4505, 201.3319, 343.7613, 0],
    [0, 0, 721.0581, 59.5136, 365.4282, 0],
    [0, 0, 965.4704, 257.2108, 118.3188, 0],
    [51.7455, 0, 20.7252, 4540.305, 375.2243, 0],
    [87.801, 0, 0, 0, 6692.199, 0],
    [227.3577, 1853, 11.2958, 586.6386, 8.7078, 24]
  ],
  "p_est": [
    [0.926, 0, 0, 0, 0.074, 0],
    [0.0236, 0, 0.2784, 0.2578, 0.4402, 0],
    [0, 0, 0.6292, 0.0519, 0.3189, 0],
    [0, 0, 0.72, 0.1918, 0.0882, 0],
    [0.0104, 0, 0.0042, 0.9102, 0.0752, 0],
    [0.0129, 0, 0, 0, 0.9871, 0],
    [0.0839, 0.6835, 0.0042, 0.2164, 0.0032, 0.0089]
  ],
  "EI_Z": {},
  "EI_V": 19.536,
  "MAE_Z": {},
  "MAE_V": 171.554,
  "MAE_p": 0.0762,
  "runtime": 0.0222
}
