{
  "Z_true": {},
  "V_true": [
    [50, 1732, 523, 2049, 168, 82],
    [73, 521, 2500, 1553, 160, 128],
    [973, 540, 208, 7186, 14364, 313],
    [124, 87, 142, 361, 117, 448],
    [505, 141, 97, 567, 1157, 190]
  ],
  "p_true": [
    [0.0109, 0.3762, 0.1136, 0.445, 0.0365, 0.0178],
    [0.0148, 0.1056, 0.5066, 0.3147, 0.0324, 0.0259],
    [0.0413, 0.0229, 0.0088, 0.3047, 0.6091, 0.0133],
    [0.097, 0.068, 0.111, 0.2823, 0.0915, 0.3503],
    [0.1901, 0.0531, 0.0365, 0.2134, 0.4355, 0.0715]
  ],
  "Z_est": [
    [
      [0.1348, 0.0194, 0.0188, 0.1005, 0, 0.3542, 2.6201, 1.2105, 0.6704, 1.0787, 1.0778, 1.3454, 0.3874, 0.243, 1.2751, 0, 0.5543, 0.2481, 0, 0.5677, 0.267, 0.125, 0.4089, 0.2661, 1.2358, 0.0837, 0.463, 0.0176, 0.6146, 1.0089, 0.9205, 0.035, 0.2759, 0.0873, 0.7713, 0.6912, 0.969, 1.2081, 1.6946, 0.0502, 0.0691, 0.2372, 7.1207, 1.1144, 1.8531, 1.1982],
      [3.3585, 6.0416, 5.1769, 12.9598, 2.4843, 18.6631, 69.0218, 79.552, 30.3462, 75.0598, 38.7411, 70.2949, 14.502, 6.9209, 33.5034, 2.4073, 10.1372, 0, 2.085, 56.6658, 28.8694, 6.7487, 58.7572, 30.8809, 143.2086, 20.0089, 69.5664, 1.6113, 85.0624, 76.6092, 79.5448, 3.0882, 16.3134, 7.6529, 38.2647, 35.0492, 24.7083, 53.3777, 61.9726, 13.9706, 5.0664, 0.9101, 395.3401, 173.6167, 284.7189, 186.1216],
      [0.0233, 0.0117, 0.0008, 0.0387, 0.0012, 0.0439, 0.1782, 0.1862, 0.0762, 0.201, 0.1066, 0.179, 0.0352, 1.6005, 0.0897, 0.0002, 0.0008, 0.0016, 0, 0.1366, 0.0715, 0.0218, 0.1778, 0.065, 0.3474, 0.0677, 0.1903, 0.0051, 0.1893, 0.0147, 0.1467, 0.0062, 0.0364, 0.017, 0.0857, 0.0978, 0.0634, 0.0137, 0.1667, 0.0304, 0.0081, 0.0094, 1.0516, 0.4013, 0.6355, 0.6449],
      [3.0496, 2.8998, 1.8033, 15.336, 2.5027, 11.6821, 57.3408, 46.7435, 23.3361, 58.2439, 36.5559, 59.1173, 11.0795, 17.9795, 29.2879, 0.5925, 6.1089, 0.7032, 0.6109, 45.6916, 23.1235, 9.9706, 75.7226, 18.4062, 122.7078, 20.4667, 77.6836, 1.3122, 62.1085, 61.9221, 29.2709, 1.8111, 10.0475, 4.1883, 20.0888, 35.209, 22.8503, 49.6637, 59.293, 8.7852, 1.7747, 2.2792, 380.5194, 133.0693, 194.2597, 183.7431],
      [0.4066, 0.0001, 0.0001, 0.3473, 0.0118, 0.1475, 4.1693, 0.002, 0.0009, 0.0021, 0.0026, 0.002, 0.0827, 0.2017, 0.001, 0, 0.0355, 0.0471, 0.3041, 3.4747, 0.3418, 0.0796, 0.3607, 0.0008, 1.3006, 0.1829, 0.6079, 0.0265, 3.2891, 11.329, 0.0017, 0.0324, 0.0004, 0.0002, 0.0009, 0.0011, 0.0008, 0.0016, 0.0042, 0.0004, 0.0001, 0.1375, 10.7033, 1.6746, 2.374, 5.6677],
      [0.0273, 0.0273, 0, 0.2178, 0, 0.1092, 2.6697, 1.3058, 0.5702, 1.4145, 0.5159, 1.0614, 0.9132, 0.0543, 0.843, 0, 0.1632, 0, 0, 0.4636, 0.3268, 0.0543, 0.5727, 0.3811, 1.1998, 0.1901, 0.4888, 0.0272, 0.736, 1.1161, 1.1154, 0.0272, 0.3263, 0.0543, 0.7886, 0.9517, 0.4082, 0.7351, 0.8689, 0.1633, 0.0816, 0.4268, 7.2649, 2.1238, 3.1588, 0.6245]
    ],
    [
      [0.1136, 0.0633, 0.0567, 0.0607, 0, 0.5417, 1.2019, 2.2845, 0.9431, 2.4695, 2.96, 1.9798, 0.177, 0.17, 1.5197, 0, 0.8025, 0.0537, 0, 0.9822, 0.6306, 0.1437, 1.0273, 0.4577, 2.5803, 0.0506, 1.2173, 0.0101, 1.0224, 1.2653, 1.474, 0.0601, 0.3747, 0.1304, 1.1537, 1.6816, 0.9493, 1.3093, 2.0726, 0.0304, 0.1801, 0.0066, 10.0183, 2.3596, 3.8918, 1.954],
      [0.307, 0.2432, 0.2498, 0.4945, 0.1974, 1.4713, 3.7456, 6.6808, 2.2413, 6.0403, 2.0067, 5.0818, 0.5737, 0.5876, 0.1603, 1.1083, 0.5755, 0, 0.1958, 2.8962, 2.048, 0.4021, 3.4672, 1.3749, 8.1887, 1.4978, 4.2038, 0.1403, 3.1204, 3.304, 7.3814, 0.1746, 0.9298, 0.3605, 2.9769, 1.0631, 1.6007, 2.9296, 0.8683, 0.8326, 1.2196, 0.0265, 22.8142, 7.7928, 12.81, 7.1962],
      [6.0599, 4.9576, 3.5462, 20.27, 0.8504, 32.2634, 81.9081, 148.2296, 50.0153, 176.4985, 71.9987, 106.5359, 14.5953, 15.5927, 55.7396, 0.997, 3.8306, 0.7558, 0, 53.3279, 41.5909, 8.373, 79.3722, 28.2032, 147.9782, 30.3359, 75.4769, 5.5081, 55.0356, 62.5291, 73.4028, 1.4028, 20.1809, 9.2113, 65.2192, 60.1616, 28.6487, 54.7161, 93.1806, 14.707, 11.9569, 0.7704, 504.9332, 159.6354, 280.0903, 142.0098],
      [4.1147, 2.337, 1.6813, 9.1466, 1.6576, 15.6295, 37.8728, 70.7488, 23.1996, 80.7188, 41.7, 54.4747, 3.0233, 3.9282, 32.6348, 0.8947, 5.4191, 0.1591, 0.5965, 30.0103, 25.0551, 4.5545, 32.8363, 14.4264, 113.7966, 19.2375, 58.8682, 1.1139, 36.2332, 39.7932, 54.0391, 4.1376, 9.1774, 1.9095, 32.1568, 50.9994, 22.9408, 36.1328, 54.6096, 6.6389, 6.5871, 0.1591, 307.8688, 81.8752, 116.6661, 75.4518],
      [0.396, 0.391, 1.4661, 0.9741, 0.2946, 2.0564, 4.0536, 8.7168, 2.4824, 10.8993, 5.2275, 10.656, 0.597, 0.7102, 8.742, 0, 0.5774, 0.0314, 1.2077, 11.6587, 2.5868, 0.5154, 4.1434, 1.4455, 10.1259, 1.8388, 5.1324, 0.22, 6.4066, 3.8451, 4.4307, 0.2193, 1.2602, 0.3771, 3.2994, 5.8621, 1.7597, 5.7306, 10.0884, 0.7506, 1.0332, 0.0314, 33.6044, 9.8211, 15.7629, 9.2586],
      [0.0088, 0.008, 0, 0.0541, 0, 0.0377, 0.2179, 0.3395, 0.1184, 0.3737, 0.1071, 0.2719, 0.0337, 0.0113, 0.2035, 0, 0.795, 0, 0, 0.1246, 0.0886, 0.0113, 0.1536, 0.0923, 0.3303, 0.0395, 0.1014, 0.0077, 0.1818, 0.2634, 0.2721, 0.0056, 0.0769, 0.0113, 0.194, 0.2322, 0.1008, 0.1816, 0.1803, 0.0405, 0.023, 0.0059, 1.7611, 0.5158, 0.7789, 0.1296]
    ],
    [
      [1.3232, 0.1025, 0.0985, 0.3421, 0, 1.6016, 4.8046, 14.3033, 9.8788, 6.2574, 14.8561, 19.0261, 1.5222, 0.5496, 20.3085, 0, 0.4899, 0.3944, 0, 7.6817, 1.2591, 0.8458, 2.9171, 1.6776, 16.2594, 0.2851, 3.8278, 0.057, 6.4689, 9.193, 8.6862, 0.3639, 2.6671, 0.9081, 9.9648, 8.2525, 10.4846, 16.2118, 22.8514, 0.1711, 0.5803, 0.189, 92.9502, 8.3475, 16.1878, 2.7122],
      [0.082, 1.5209, 1.2224, 0.0355, 0.1013, 2.5536, 5.142, 6.6293, 0.6948, 0.2223, 0.1111, 2.0049, 2.5351, 0.0189, 0.097, 1.4845, 2.0158, 0, 0.7192, 6.4217, 1.8494, 0.0189, 0.5915, 4.5935, 17.1804, 0.8762, 3.1339, 0.0047, 13.3485, 5.7753, 10.6961, 0.4102, 0.9632, 1.0725, 2.1547, 0.0993, 0.0709, 1.509, 0.1774, 1.4835, 2.0144, 0.0024, 1.1256, 24.9645, 47.5839, 22.2788],
      [0.4801, 0.7268, 0.0113, 1.9025, 0.0028, 4.0434, 6.2389, 14.8954, 5.3359, 13.3304, 3.2366, 4.4321, 3.7671, 2.2499, 0.197, 0.0028, 0.0113, 0.8883, 0, 1.8501, 1.7076, 0.2723, 13.1115, 0.9875, 5.4942, 2.4559, 4.0111, 1.51, 0.4628, 0.2055, 0.2477, 0.0056, 0.0704, 2.2166, 1.551, 0.197, 0.0901, 0.1914, 0.3152, 1.7578, 0.8417, 0.0747, 2.9293, 15.902, 38.7022, 11.2208],
      [9.7814, 8.8219, 3.3921, 57.9572, 1.262, 17.188, 183.6668, 181.7329, 110.1788, 296.936, 201.0979, 213.9335, 26.7929, 15.8958, 153.0333, 1.5127, 12.3267, 4.849, 0.7927, 113.8619, 53.4182, 23.7203, 90.8326, 61.6445, 235.7813, 28.2446, 106.3878, 5.19, 165.0869, 186.759, 331.9291, 12.5551, 96.5547, 43.5719, 185.3099, 211.0684, 161.7233, 252.25, 397.8988, 23.1143, 17.5148, 4.4194, 1498.1368, 347.874, 630.3952, 402.021],
      [17.1175, 16.5555, 8.2757, 115.1996, 3.6339, 46.9043, 367.7029, 424.0276, 229.208, 743.7952, 466.3472, 445.4508, 27.1412, 16.9331, 378.0666, 0, 11.3605, 15.8682, 9.4881, 254.0276, 110.4469, 25.7899, 114.8681, 159.0268, 421.1011, 58.9037, 196.4648, 8.4967, 301.4107, 359.6555, 801.6163, 10.4888, 246.9006, 92.8782, 389.2073, 518.9018, 482.9857, 613.0306, 1138.1135, 61.0813, 38.3416, 6.8045, 3682.2424, 545.761, 771.1479, 635.7107],
      [0.216, 0.2723, 0, 2.5631, 0, 0.709, 10.4447, 12.4114, 3.7037, 12.4587, 3.351, 8.1525, 2.2415, 0.3527, 6.2976, 0, 2.7958, 0, 0, 3.1571, 2.3188, 0.3527, 4.6792, 3.0701, 12.1837, 1.2346, 3.1746, 0.7416, 6.2222, 11.4116, 8.8246, 0.1764, 2.8439, 0.3527, 7.8123, 11.481, 2.6455, 5.8072, 5.6437, 1.3921, 0.7072, 0.5101, 62.6156, 25.151, 36.983, 4.0564]
    ],
    [
      [0.2994, 0.1477, 0, 0.7977, 0, 0.4988, 1.5945, 8.3022, 5.4063, 7.7406, 6.471, 8.5094, 0.1772, 0.6203, 7.3576, 0, 0.4431, 0, 0, 4.018, 2.0385, 0.65, 3.8697, 2.3928, 7.8887, 1.4449, 4.3128, 0, 5.1107, 6.6765, 7.5628, 0.2068, 2.009, 0.7385, 3.7907, 4.1894, 5.319, 5.9395, 11.4341, 0.886, 0.5022, 0, 52.2041, 9.9846, 15.4206, 3.3921],
      [0.0702, 0.0702, 0, 0.3511, 0, 0.2106, 1.2639, 3.3001, 2.4575, 3.2299, 2.1767, 3.0895, 0.1404, 0.3511, 2.3171, 0, 0.2106, 0, 0, 1.6852, 0.9128, 0.2809, 2.0362, 1.1937, 3.0193, 1.1234, 2.2469, 0, 2.4575, 3.0895, 3.5108, 0.0702, 0.8426, 0.4248, 1.5447, 1.8256, 1.5447, 1.7554, 4.4236, 0.5617, 0.2106, 0, 22.1178, 5.0555, 7.4428, 1.2639],
      [0.0029, 0.0089, 0, 0.0145, 0, 0.0087, 0.0521, 0.3176, 0.1628, 0.3479, 0.1755, 0.2554, 0.0058, 0.2676, 0.1661, 0, 0.0127, 0, 0, 0.131, 0.087, 0.0217, 0.1828, 0.0835, 0.2929, 0.9501, 0.1783, 0, 0.1649, 0.201, 0.2335, 0.0049, 0.0599, 0.9409, 0.0637, 0.0753, 0.096, 0.1409, 0.2953, 0.0413, 0.0228, 0, 1.5099, 0.402, 0.6547, 0.0521],
      [0.0477, 0.1933, 0, 0.2383, 0, 0.143, 0.858, 5.5891, 10.9517, 5.614, 6.3076, 5.7562, 0.0953, 2.1919, 4.0329, 0, 0.143, 0, 0, 3.2215, 2.1683, 1.3748, 8.6042, 1.8956, 3.9761, 7.0508, 11.138, 0, 4.583, 5.3221, 8.6647, 0.0761, 1.864, 0.7861, 1.0486, 1.2393, 3.3639, 1.8704, 8.6877, 1.0095, 0.4427, 0, 39.4487, 9.2054, 12.4788, 0.858],
      [0, 0, 0, 0, 0, 0, 0, 1.8413, 1.3226, 0, 2.6903, 2.8764, 0, 0.1017, 0.7922, 0, 0, 0, 0, 3.8262, 0.6556, 0.1526, 0.6895, 2.7767, 2.4925, 0.3504, 1.1643, 0, 5.5876, 4.3988, 4.6346, 0.0622, 0.267, 0.5313, 0, 0, 1.7179, 0, 14.0184, 1.6622, 0.0822, 0, 36.2635, 3.2103, 4.5498, 0],
      [0.5798, 0.5798, 0, 3.5985, 0, 2.1389, 14.2315, 27.6497, 14.6991, 29.0676, 13.179, 23.5131, 1.5813, 1.4674, 18.334, 0, 2.1905, 0, 0, 11.1182, 7.1377, 1.5201, 13.6176, 8.6578, 25.3305, 5.0803, 12.9597, 0, 17.0963, 24.3122, 25.3936, 0.5798, 6.9575, 1.5783, 15.5522, 18.6705, 9.9586, 15.2939, 24.141, 3.8392, 1.7394, 0, 163.456, 44.1422, 65.4533, 12.434]
    ],
    [
      [2.129, 0.6671, 0.826, 4.699, 0, 6.0037, 23.7788, 43.8995, 22.1014, 44.4538, 37.6351, 47.1393, 2.7363, 1.4171, 44.539, 0, 0.7102, 1.3038, 0, 18.7504, 10.8049, 3.2355, 13.777, 10.2058, 41.0358, 3.1357, 15.1792, 0.9152, 20.7834, 28.8563, 34.3565, 1.3341, 10.6732, 3.1357, 29.3194, 25.1853, 39.2782, 38.3314, 60.9472, 1.8623, 2.6683, 0.5672, 248.7067, 39.1938, 64.6468, 28.7436],
      [0.1823, 0.1241, 0.3509, 1.1592, 0.217, 1.1013, 4.8267, 6.8379, 2.2602, 9.4477, 3.9644, 6.529, 0.2487, 0.1215, 4.9222, 0, 0.0608, 0, 0, 2.3311, 2.3203, 0.5494, 2.1479, 1.957, 5.4031, 0.4937, 2.849, 0.2437, 3.0112, 4.222, 5.867, 0.2568, 1.951, 0.4893, 5.059, 3.9628, 2.0753, 5.4283, 7.5581, 1.1516, 0.4889, 0.0611, 34.6023, 6.5705, 10.4444, 7.1396],
      [0.4339, 0.295, 0.4418, 2.7743, 0.1456, 2.6407, 11.6227, 16.3711, 5.4098, 22.6221, 9.4826, 15.5975, 0.5966, 0.2893, 13.8076, 0, 0.1446, 0.3543, 0, 5.5544, 5.543, 1.3113, 5.1557, 4.6609, 12.8874, 1.1904, 5.1433, 0.9768, 7.1474, 10.0497, 13.9693, 0.5805, 4.6523, 1.6142, 12.0804, 9.4683, 3.1019, 12.9378, 18.0421, 1.4635, 1.1705, 0.1456, 82.5761, 15.6593, 24.9173, 16.0723],
      [0.0067, 0.7479, 1.1232, 7.322, 0.5778, 6.3574, 25.2615, 19.1856, 4.3338, 39.4874, 10.3385, 20.7183, 0.0089, 0.0045, 19.0111, 0, 0.0022, 0.2886, 0, 8.2147, 15.2349, 3.3798, 10.0042, 8.6273, 17.7381, 2.0004, 7.9224, 1.384, 13.9884, 18.2036, 27.0962, 1.4202, 7.3565, 2.5443, 26.3959, 18.4839, 13.1218, 21.083, 29.511, 2.4521, 2.6806, 0.1423, 138.0263, 31.9761, 49.2001, 43.926],
      [0.08, 0.0533, 0.2581, 1.4789, 0.0596, 0.8918, 9.0741, 19.4123, 0.9861, 30.3034, 1.7324, 11.0148, 0.179, 0.0533, 7.3981, 0, 0.0267, 0.0533, 0, 1.0128, 1.9688, 0.4624, 1.9383, 4.7503, 5.98, 0.7242, 2.6306, 0.2568, 1.306, 3.7716, 9.3168, 0.1973, 5.5717, 0.2132, 5.4923, 4.235, 13.536, 6.2372, 6.7755, 2.5056, 0.5429, 0.0267, 31.1863, 7.533, 11.1654, 8.363],
      [0.1681, 0.1126, 0, 1.5666, 0, 1.0052, 4.4361, 6.2937, 1.9087, 8.6855, 1.8471, 6.0011, 0.2303, 0.1143, 5.3219, 0, 0.0555, 0, 0, 2.1366, 2.1281, 0.0616, 1.9769, 1.7987, 4.9557, 0.4556, 1.2755, 0.2236, 2.7637, 3.8967, 5.3943, 0.2111, 1.7953, 0.0034, 4.6529, 3.6647, 1.8869, 4.9823, 1.1661, 0.5648, 0.4488, 0.0572, 31.9024, 6.0672, 9.626, 5.7555]
    ]
  ],
  "V_est": [
    [34.6926, 2438.9607, 7.4768, 2040.9421, 47.3591, 34.5687],
    [52.4318, 133.5811, 2902.6026, 1627.2122, 210.6879, 8.4845],
    [347.8601, 197.5911, 170.1343, 7188.4157, 15388.48, 291.5188],
    [210.3475, 89.8789, 8.6851, 182.5406, 98.7181, 688.8298],
    [1079.6681, 160.9882, 381.1013, 676.8894, 220.7549, 137.5981]
  ],
  "p_est": [
    [0.0075, 0.5297, 0.0016, 0.4433, 0.0103, 0.0075],
    [0.0106, 0.0271, 0.5882, 0.3297, 0.0427, 0.0017],
    [0.0147, 0.0084, 0.0072, 0.3048, 0.6525, 0.0124],
    [0.1645, 0.0703, 0.0068, 0.1427, 0.0772, 0.5386],
    [0.4063, 0.0606, 0.1434, 0.2548, 0.0831, 0.0518]
  ],
  "EI_Z": {},
  "EI_V": 9.6604,
  "MAE_Z": {},
  "MAE_V": 238.6708,
  "MAE_p": 0.0623,
  "runtime": 0.9053
}
